,SuccessfulHandoverCount,TotalSuccessfulHandoverCount,TotalSuccessfulHandoverCountRange,TotalSuccessfulHandoverCountLoadBalancing,TotalSuccessfulHandoverCountOverload,FailedHandoverCount,TotalFailedHandoverCount,AvgQoS,MinQoS,AvgQoS_LoadBased,MinQoS_LoadBased,AvgQoS_RangeBased,MinQoS_RangeBased,GiniLoad,VehicleCount
0,0,0,0,0,0,0,0,1.0,1,1.0,1,1.0,1,0.0,0
1,11,11,0,11,0,0,0,1.0,1,1.0,1,1.0,1,0.2655469490441757,26
2,9,20,0,20,0,0,0,1.0,1,1.0,1,1.0,1,0.16272410082778538,27
3,4,24,0,24,0,0,0,1.0,1,1.0,1,1.0,1,0.20302033641249814,28
4,1,25,0,25,0,0,0,1.0,1,1.0,1,1.0,1,0.1546198592474895,29
5,0,25,0,25,0,0,0,1.0,1,1.0,1,1.0,1,0.1546198592474895,29
6,0,25,0,25,0,0,0,1.0,1,1.0,1,1.0,1,0.1730787594256126,32
7,0,25,0,25,0,0,0,1.0,1,1.0,1,1.0,1,0.1787527586859275,33
8,0,25,0,25,0,0,0,1.0,1,1.0,1,1.0,1,0.1818872335485303,35
9,2,27,1,26,0,0,0,1.0,1,1.0,1,1.0,1,0.173701858359041,35
10,1,28,2,26,0,0,0,1.0,1,1.0,1,1.0,1,0.17544209256164311,35
11,0,28,2,26,0,0,0,1.0,1,1.0,1,1.0,1,0.14915054093787525,35
12,1,29,3,26,0,0,0,1.0,1,1.0,1,1.0,1,0.17685797521716226,34
13,1,30,4,26,0,0,0,1.0,1,1.0,1,1.0,1,0.24027411562710957,32
14,3,33,7,26,0,0,0,1.0,1,1.0,1,1.0,1,0.2689172606544172,31
15,0,33,7,26,0,0,0,1.0,1,1.0,1,1.0,1,0.2978062345491786,30
16,4,37,9,28,0,0,0,1.0,1,1.0,1,1.0,1,0.34147563396854125,30
17,0,37,9,28,0,0,0,1.0,1,1.0,1,1.0,1,0.37397581819187103,29
18,0,37,9,28,0,0,0,1.0,1,1.0,1,1.0,1,0.37397581819187103,29
19,2,39,9,30,0,0,0,1.0,1,1.0,1,1.0,1,0.31710025174308876,28
20,0,39,9,30,0,0,0,1.0,1,1.0,1,1.0,1,0.3417627239015739,28
21,1,40,10,30,0,0,0,1.0,1,1.0,1,1.0,1,0.3506627818429525,28
22,5,45,13,32,0,0,0,1.0,1,1.0,1,1.0,1,0.3464752930259512,28
23,4,49,15,34,0,0,0,1.0,1,1.0,1,1.0,1,0.3131034869264046,27
24,5,54,20,34,0,0,0,1.0,1,1.0,1,1.0,1,0.3292680356288015,28
25,4,58,22,36,0,0,0,1.0,1,1.0,1,1.0,1,0.14808804675059176,28
26,2,60,23,37,0,0,0,1.0,1,1.0,1,1.0,1,0.12266692209037373,30
27,1,61,24,37,0,0,0,1.0,1,1.0,1,1.0,1,0.13497592425320787,30
28,1,62,25,37,0,0,0,1.0,1,1.0,1,1.0,1,0.1263941402298981,31
29,2,64,26,38,0,0,0,1.0,1,1.0,1,1.0,1,0.12499282101432142,30
30,1,65,27,38,0,0,0,1.0,1,1.0,1,1.0,1,0.166274838072217,30
31,2,67,27,40,0,0,0,1.0,1,1.0,1,1.0,1,0.10274943626839428,31
32,0,67,27,40,0,0,0,1.0,1,1.0,1,1.0,1,0.10251718210713741,31
33,2,69,28,41,0,0,0,1.0,1,1.0,1,1.0,1,0.11645827054550588,31
34,3,72,30,42,0,0,0,1.0,1,1.0,1,1.0,1,0.220765758484042,29
35,0,72,30,42,0,0,0,1.0,1,1.0,1,1.0,1,0.1956731960248298,30
36,2,74,31,43,0,0,0,1.0,1,1.0,1,1.0,1,0.2663690545882304,30
37,2,76,32,44,0,0,0,1.0,1,1.0,1,1.0,1,0.2557194540828099,31
38,0,76,32,44,0,0,0,1.0,1,1.0,1,1.0,1,0.25275034213219766,32
39,1,77,32,45,0,0,0,1.0,1,1.0,1,1.0,1,0.2228154070216267,36
40,1,78,32,46,0,0,0,1.0,1,1.0,1,1.0,1,0.20156873353719623,37
41,0,78,32,46,0,0,0,1.0,1,1.0,1,1.0,1,0.20156873353719623,37
42,1,79,33,46,0,0,0,1.0,1,1.0,1,1.0,1,0.23550662407301262,38
43,5,84,35,49,0,0,0,1.0,1,1.0,1,1.0,1,0.23825786591431297,40
44,0,84,35,49,0,0,0,1.0,1,1.0,1,1.0,1,0.26750068529457965,39
45,1,85,36,49,0,0,0,1.0,1,1.0,1,1.0,1,0.3061056954669527,40
46,3,88,36,52,0,0,0,1.0,1,1.0,1,1.0,1,0.2141039324393184,39
47,0,88,36,52,0,0,0,1.0,1,1.0,1,1.0,1,0.2141039324393184,39
48,0,88,36,52,0,0,0,1.0,1,1.0,1,1.0,1,0.2141039324393184,39
49,0,88,36,52,0,0,0,1.0,1,1.0,1,1.0,1,0.20225785978867972,37
50,1,89,37,52,0,0,0,1.0,1,1.0,1,1.0,1,0.19479283698589367,35
51,0,89,37,52,0,0,0,1.0,1,1.0,1,1.0,1,0.2017832034034751,34
52,2,91,37,54,0,0,0,1.0,1,1.0,1,1.0,1,0.19870244005602197,34
53,0,91,37,54,0,0,0,1.0,1,1.0,1,1.0,1,0.19830605950813457,35
54,0,91,37,54,0,0,0,1.0,1,1.0,1,1.0,1,0.20986777901239279,36
55,1,92,38,54,0,0,0,1.0,1,1.0,1,1.0,1,0.2064758994196059,36
56,2,94,40,54,0,0,0,1.0,1,1.0,1,1.0,1,0.22770441262507937,36
57,0,94,40,54,0,0,0,1.0,1,1.0,1,1.0,1,0.24257592781978984,37
58,3,97,42,55,0,0,0,1.0,1,1.0,1,1.0,1,0.26612205467368666,38
59,0,97,42,55,0,0,0,1.0,1,1.0,1,1.0,1,0.2717865726590062,37
60,2,99,43,56,0,0,0,1.0,1,1.0,1,1.0,1,0.24695757498328752,38
61,2,101,44,57,0,0,0,1.0,1,1.0,1,1.0,1,0.24543600819579237,37
62,2,103,45,58,0,0,0,1.0,1,1.0,1,1.0,1,0.2503184274941862,39
63,1,104,46,58,0,0,0,1.0,1,1.0,1,1.0,1,0.28744689929331985,39
64,2,106,47,59,0,0,0,1.0,1,1.0,1,1.0,1,0.2738013396347177,38
65,3,109,49,60,0,0,0,1.0,1,1.0,1,1.0,1,0.23854053698528419,39
66,3,112,51,61,0,0,0,1.0,1,1.0,1,1.0,1,0.24964171294206128,39
67,1,113,51,62,0,0,0,1.0,1,1.0,1,1.0,1,0.23554071585332595,36
68,0,113,51,62,0,0,0,1.0,1,1.0,1,1.0,1,0.2747471363147403,36
69,0,113,51,62,0,0,0,1.0,1,1.0,1,1.0,1,0.2795019665749892,37
70,1,114,51,63,0,0,0,1.0,1,1.0,1,1.0,1,0.28522904391511494,36
71,0,114,51,63,0,0,0,1.0,1,1.0,1,1.0,1,0.28960763500432707,38
72,2,116,52,64,0,0,0,1.0,1,1.0,1,1.0,1,0.3028223006319252,38
73,1,117,53,64,0,0,0,1.0,1,1.0,1,1.0,1,0.3025241106976145,37
74,3,120,54,66,0,0,0,1.0,1,1.0,1,1.0,1,0.29011210767494683,38
75,2,122,55,67,0,0,0,1.0,1,1.0,1,1.0,1,0.2542152634849705,38
76,1,123,55,68,0,0,0,1.0,1,1.0,1,1.0,1,0.22821843865924246,39
77,0,123,55,68,0,0,0,1.0,1,1.0,1,1.0,1,0.24106266391579523,40
78,1,124,55,69,0,0,0,1.0,1,1.0,1,1.0,1,0.2120499276868003,41
79,0,124,55,69,0,0,0,1.0,1,1.0,1,1.0,1,0.2120499276868003,41
80,0,124,55,69,0,0,0,1.0,1,1.0,1,1.0,1,0.2120499276868003,41
81,0,124,55,69,0,0,0,1.0,1,1.0,1,1.0,1,0.23739546857040641,41
82,3,127,55,72,0,0,0,1.0,1,1.0,1,1.0,1,0.21202844093981726,44
83,1,128,55,73,0,0,0,1.0,1,1.0,1,1.0,1,0.2098673115710828,44
84,0,128,55,73,0,0,0,1.0,1,1.0,1,1.0,1,0.19816065512674355,45
85,1,129,55,74,0,0,0,1.0,1,1.0,1,1.0,1,0.18062258714509127,45
86,0,129,55,74,0,0,0,1.0,1,1.0,1,1.0,1,0.18062258714509127,45
87,1,130,56,74,0,0,0,1.0,1,1.0,1,1.0,1,0.23159010169148564,44
88,0,130,56,74,0,0,0,1.0,1,1.0,1,1.0,1,0.23159010169148564,44
89,0,130,56,74,0,0,0,1.0,1,1.0,1,1.0,1,0.2538328316718352,43
90,1,131,56,75,0,0,0,1.0,1,1.0,1,1.0,1,0.2920807455098649,44
91,1,132,57,75,0,0,0,1.0,1,1.0,1,1.0,1,0.3209711859724171,44
92,0,132,57,75,0,0,0,1.0,1,1.0,1,1.0,1,0.30439114395300426,43
93,0,132,57,75,0,0,0,1.0,1,1.0,1,1.0,1,0.3199481987046867,44
94,3,135,59,76,0,0,0,1.0,1,1.0,1,1.0,1,0.315642622730875,44
95,0,135,59,76,0,0,0,1.0,1,1.0,1,1.0,1,0.30748597339162265,43
96,1,136,60,76,0,0,0,1.0,1,1.0,1,1.0,1,0.3034472497750343,44
97,4,140,60,80,0,0,0,1.0,1,1.0,1,1.0,1,0.2522391489462303,44
98,1,141,60,81,0,0,0,1.0,1,1.0,1,1.0,1,0.25596633742638003,43
99,0,141,60,81,0,0,0,1.0,1,1.0,1,1.0,1,0.25596633742638003,43
100,3,144,60,84,0,0,0,1.0,1,1.0,1,1.0,1,0.22717287612200707,47
101,0,144,60,84,0,0,0,1.0,1,1.0,1,1.0,1,0.22717287612200707,47
102,1,145,61,84,0,0,0,1.0,1,1.0,1,1.0,1,0.2481306578237757,47
103,2,147,63,84,0,0,0,1.0,1,1.0,1,1.0,1,0.24098847992588807,46
104,3,150,66,84,0,0,0,1.0,1,1.0,1,1.0,1,0.2903311078484809,45
105,4,154,68,86,0,0,0,1.0,1,1.0,1,1.0,1,0.261208488624008,44
106,3,157,71,86,0,0,0,1.0,1,1.0,1,1.0,1,0.31150791001715017,45
107,4,161,73,88,0,0,0,1.0,1,1.0,1,1.0,1,0.2680411266004364,44
108,3,164,73,91,0,0,0,1.0,1,1.0,1,1.0,1,0.2366373975790933,46
109,2,166,74,92,0,0,0,1.0,1,1.0,1,1.0,1,0.22202991409578546,46
110,3,169,75,94,0,0,0,1.0,1,1.0,1,1.0,1,0.18606540004413025,46
111,2,171,76,95,0,0,0,1.0,1,1.0,1,1.0,1,0.19813720372351867,46
112,5,176,79,97,0,0,0,1.0,1,1.0,1,1.0,1,0.13949555392490964,46
113,1,177,79,98,0,0,0,1.0,1,1.0,1,1.0,1,0.10553826312801182,46
114,2,179,81,98,0,0,0,1.0,1,1.0,1,1.0,1,0.10459821006725631,46
115,1,180,82,98,0,0,0,1.0,1,1.0,1,1.0,1,0.1443183757239928,47
116,1,181,83,98,0,0,0,1.0,1,1.0,1,1.0,1,0.18263267918945714,47
117,2,183,84,99,0,0,0,1.0,1,1.0,1,1.0,1,0.19608679280243554,45
118,2,185,85,100,0,0,0,1.0,1,1.0,1,1.0,1,0.18889428475971937,46
119,0,185,85,100,0,0,0,1.0,1,1.0,1,1.0,1,0.19820632511599764,46
120,0,185,85,100,0,0,0,1.0,1,1.0,1,1.0,1,0.19820540410939952,47
121,2,187,86,101,0,0,0,1.0,1,1.0,1,1.0,1,0.1801206823146559,46
122,1,188,86,102,0,0,0,1.0,1,1.0,1,1.0,1,0.1524272506669999,46
123,0,188,86,102,0,0,0,1.0,1,1.0,1,1.0,1,0.17324868025006626,45
124,0,188,86,102,0,0,0,1.0,1,1.0,1,1.0,1,0.17427905071352923,46
125,1,189,87,102,0,0,0,1.0,1,1.0,1,1.0,1,0.20064686238253052,44
126,0,189,87,102,0,0,0,1.0,1,1.0,1,1.0,1,0.21140377565455717,45
127,3,192,87,105,0,0,0,1.0,1,1.0,1,1.0,1,0.13994230052382403,45
128,0,192,87,105,0,0,0,1.0,1,1.0,1,1.0,1,0.1510701280922784,46
129,1,193,88,105,0,0,0,1.0,1,1.0,1,1.0,1,0.18863168564366778,48
130,0,193,88,105,0,0,0,1.0,1,1.0,1,1.0,1,0.18863168564366778,48
131,0,193,88,105,0,0,0,1.0,1,1.0,1,1.0,1,0.18901498270220093,49
132,6,199,90,109,0,0,0,1.0,1,1.0,1,1.0,1,0.18854451703995845,51
133,5,204,93,111,0,0,0,1.0,1,1.0,1,1.0,1,0.1794556416484162,49
134,6,210,96,114,0,0,0,1.0,1,1.0,1,1.0,1,0.14628225623199229,49
135,0,210,96,114,0,0,0,1.0,1,1.0,1,1.0,1,0.17455846837738134,49
136,2,212,98,114,0,0,0,1.0,1,1.0,1,1.0,1,0.14850041263766445,48
137,0,212,98,114,0,0,0,1.0,1,1.0,1,1.0,1,0.14618424515589326,47
138,3,215,100,115,0,0,0,1.0,1,1.0,1,1.0,1,0.14206290632793409,48
139,2,217,101,116,0,0,0,1.0,1,1.0,1,1.0,1,0.16765742874063788,48
140,3,220,104,116,0,0,0,1.0,1,1.0,1,1.0,1,0.2193757950901664,49
141,2,222,106,116,0,0,0,1.0,1,1.0,1,1.0,1,0.2382742730683378,49
142,2,224,107,117,0,0,0,1.0,1,1.0,1,1.0,1,0.19767611144983804,49
143,1,225,108,117,0,0,0,1.0,1,1.0,1,1.0,1,0.21866924152921838,47
144,2,227,110,117,0,0,0,1.0,1,1.0,1,1.0,1,0.2287644672309767,46
145,3,230,110,120,0,0,0,1.0,1,1.0,1,1.0,1,0.1117432998556168,44
146,1,231,111,120,0,0,0,1.0,1,1.0,1,1.0,1,0.15651643403141846,44
147,1,232,112,120,0,0,0,1.0,1,1.0,1,1.0,1,0.1887514403061075,43
148,1,233,113,120,0,0,0,1.0,1,1.0,1,1.0,1,0.21815676442198098,43
149,1,234,114,120,0,0,0,1.0,1,1.0,1,1.0,1,0.19758464565664222,43
150,0,234,114,120,0,0,0,1.0,1,1.0,1,1.0,1,0.17595815743517884,42
151,1,235,115,120,0,0,0,1.0,1,1.0,1,1.0,1,0.20883197051826055,42
152,1,236,116,120,0,0,0,1.0,1,1.0,1,1.0,1,0.22137280269294987,42
153,2,238,116,122,0,0,0,1.0,1,1.0,1,1.0,1,0.21049106922271899,42
154,2,240,118,122,0,0,0,1.0,1,1.0,1,1.0,1,0.28480098442833995,43
155,1,241,118,123,0,0,0,1.0,1,1.0,1,1.0,1,0.27674127155963985,43
156,0,241,118,123,0,0,0,1.0,1,1.0,1,1.0,1,0.26032457026449585,42
157,3,244,118,126,0,0,0,1.0,1,1.0,1,1.0,1,0.21349653188900825,41
158,1,245,118,127,0,0,0,1.0,1,1.0,1,1.0,1,0.19924397237712205,42
159,1,246,118,128,0,0,0,1.0,1,1.0,1,1.0,1,0.18946886794039086,43
160,4,250,122,128,0,0,0,1.0,1,1.0,1,1.0,1,0.2573908778117091,44
161,6,256,123,133,0,0,0,1.0,1,1.0,1,1.0,1,0.2097206901093645,44
162,3,259,124,135,0,0,0,1.0,1,1.0,1,1.0,1,0.19767841693611857,45
163,4,263,126,137,0,0,0,1.0,1,1.0,1,1.0,1,0.2198010454452318,43
164,0,263,126,137,0,0,0,1.0,1,1.0,1,1.0,1,0.2177973723562494,42
165,3,266,129,137,0,0,0,1.0,1,1.0,1,1.0,1,0.24352244023591768,42
166,2,268,129,139,0,0,0,1.0,1,1.0,1,1.0,1,0.23101091793303022,42
167,3,271,130,141,0,0,0,1.0,1,1.0,1,1.0,1,0.22246370940453525,41
168,1,272,131,141,0,0,0,1.0,1,1.0,1,1.0,1,0.24917418005357836,40
169,2,274,131,143,0,0,0,1.0,1,1.0,1,1.0,1,0.15078871924426085,40
170,0,274,131,143,0,0,0,1.0,1,1.0,1,1.0,1,0.11693672509626711,38
171,3,277,133,144,0,0,0,1.0,1,1.0,1,1.0,1,0.1407493135529881,37
172,1,278,134,144,0,0,0,1.0,1,1.0,1,1.0,1,0.24425345819478464,35
173,5,283,136,147,0,0,0,1.0,1,1.0,1,1.0,1,0.2845988823008077,36
174,1,284,137,147,0,0,0,1.0,1,1.0,1,1.0,1,0.2300651960922805,34
175,0,284,137,147,0,0,0,1.0,1,1.0,1,1.0,1,0.2197164655923008,33
176,1,285,138,147,0,0,0,1.0,1,1.0,1,1.0,1,0.253789879266088,34
177,2,287,139,148,0,0,0,1.0,1,1.0,1,1.0,1,0.19689142682109378,36
178,1,288,139,149,0,0,0,1.0,1,1.0,1,1.0,1,0.19193160131017256,37
179,0,288,139,149,0,0,0,1.0,1,1.0,1,1.0,1,0.19193160131017256,37
180,0,288,139,149,0,0,0,1.0,1,1.0,1,1.0,1,0.2127081392982429,36
181,0,288,139,149,0,0,0,1.0,1,1.0,1,1.0,1,0.2127081392982429,36
182,1,289,140,149,0,0,0,1.0,1,1.0,1,1.0,1,0.23483312679118482,38
183,1,290,141,149,0,0,0,1.0,1,1.0,1,1.0,1,0.24129843643032897,37
184,3,293,144,149,0,0,0,1.0,1,1.0,1,1.0,1,0.27550393809027607,36
185,0,293,144,149,0,0,0,1.0,1,1.0,1,1.0,1,0.2610485397858273,35
186,1,294,145,149,0,0,0,1.0,1,1.0,1,1.0,1,0.308838868966088,34
187,3,297,147,150,0,0,0,1.0,1,1.0,1,1.0,1,0.2367164745621334,33
188,2,299,148,151,0,0,0,1.0,1,1.0,1,1.0,1,0.2106775613287001,33
189,4,303,152,151,0,0,0,1.0,1,1.0,1,1.0,1,0.3060863725336657,33
190,4,307,152,155,0,0,0,1.0,1,1.0,1,1.0,1,0.20240933021568452,32
191,0,307,152,155,0,0,0,1.0,1,1.0,1,1.0,1,0.19631482196688996,34
192,1,308,152,156,0,0,0,1.0,1,1.0,1,1.0,1,0.19059646472481065,34
193,1,309,152,157,0,0,0,1.0,1,1.0,1,1.0,1,0.1680753562730672,35
194,2,311,154,157,0,0,0,1.0,1,1.0,1,1.0,1,0.2560075338022502,37
195,2,313,154,159,0,0,0,1.0,1,1.0,1,1.0,1,0.24304609865669094,36
196,3,316,154,162,0,0,0,1.0,1,1.0,1,1.0,1,0.13511097384899481,36
197,0,316,154,162,0,0,0,1.0,1,1.0,1,1.0,1,0.13754575935396054,37
198,0,316,154,162,0,0,0,1.0,1,1.0,1,1.0,1,0.13754575935396054,37
199,1,317,155,162,0,0,0,1.0,1,1.0,1,1.0,1,0.15058249521120984,37
200,2,319,156,163,0,0,0,1.0,1,1.0,1,1.0,1,0.16938727215563412,37
201,0,319,156,163,0,0,0,1.0,1,1.0,1,1.0,1,0.13730474088837014,36
202,2,321,158,163,0,0,0,1.0,1,1.0,1,1.0,1,0.1394263998287761,36
203,1,322,159,163,0,0,0,1.0,1,1.0,1,1.0,1,0.1582152115814056,35
204,3,325,160,165,0,0,0,1.0,1,1.0,1,1.0,1,0.19469434140428818,35
205,2,327,162,165,0,0,0,1.0,1,1.0,1,1.0,1,0.2182726851364199,35
206,1,328,163,165,0,0,0,1.0,1,1.0,1,1.0,1,0.29647677034328834,34
207,1,329,163,166,0,0,0,1.0,1,1.0,1,1.0,1,0.2882286066069207,34
208,2,331,164,167,0,0,0,1.0,1,1.0,1,1.0,1,0.32378895708361755,33
209,0,331,164,167,0,0,0,1.0,1,1.0,1,1.0,1,0.31405602193784504,33
210,3,334,166,168,0,0,0,1.0,1,1.0,1,1.0,1,0.3516926839148474,34
211,5,339,167,172,0,0,0,1.0,1,1.0,1,1.0,1,0.3095194489265619,33
212,1,340,167,173,0,0,0,1.0,1,1.0,1,1.0,1,0.2496553686516168,33
213,0,340,167,173,0,0,0,1.0,1,1.0,1,1.0,1,0.2610895833549033,35
214,1,341,168,173,0,0,0,1.0,1,1.0,1,1.0,1,0.23187882120590117,34
215,2,343,169,174,0,0,0,1.0,1,1.0,1,1.0,1,0.20241744308449466,35
216,2,345,170,175,0,0,0,1.0,1,1.0,1,1.0,1,0.19423389865018267,36
217,2,347,171,176,0,0,0,1.0,1,1.0,1,1.0,1,0.18279954907022725,36
218,4,351,174,177,0,0,0,1.0,1,1.0,1,1.0,1,0.2617135705610891,36
219,2,353,174,179,0,0,0,1.0,1,1.0,1,1.0,1,0.1910791374259136,37
220,3,356,174,182,0,0,0,1.0,1,1.0,1,1.0,1,0.1536881915440455,38
221,0,356,174,182,0,0,0,1.0,1,1.0,1,1.0,1,0.16431742787387105,37
222,1,357,175,182,0,0,0,1.0,1,1.0,1,1.0,1,0.1655174516625121,38
223,1,358,176,182,0,0,0,1.0,1,1.0,1,1.0,1,0.20768823090965133,38
224,2,360,177,183,0,0,0,1.0,1,1.0,1,1.0,1,0.2296040851482132,38
225,2,362,178,184,0,0,0,1.0,1,1.0,1,1.0,1,0.2071909331390038,36
226,2,364,179,185,0,0,0,1.0,1,1.0,1,1.0,1,0.24768088057866344,37
227,1,365,179,186,0,0,0,1.0,1,1.0,1,1.0,1,0.15864201210160436,35
228,1,366,180,186,0,0,0,1.0,1,1.0,1,1.0,1,0.1844216318197285,35
229,3,369,182,187,0,0,0,1.0,1,1.0,1,1.0,1,0.1617869976391154,35
230,4,373,185,188,0,0,0,1.0,1,1.0,1,1.0,1,0.23289938876568958,35
231,3,376,187,189,0,0,0,1.0,1,1.0,1,1.0,1,0.1598741903224846,35
232,2,378,189,189,0,0,0,1.0,1,1.0,1,1.0,1,0.2457616858065594,36
233,2,380,189,191,0,0,0,1.0,1,1.0,1,1.0,1,0.18679903183118876,36
234,1,381,190,191,0,0,0,1.0,1,1.0,1,1.0,1,0.24801400606447502,34
235,4,385,193,192,0,0,0,1.0,1,1.0,1,1.0,1,0.2389651788502605,33
236,1,386,194,192,0,0,0,1.0,1,1.0,1,1.0,1,0.2170974606866142,31
237,0,386,194,192,0,0,0,1.0,1,1.0,1,1.0,1,0.23373694580328225,32
238,3,389,196,193,0,0,0,1.0,1,1.0,1,1.0,1,0.23466854499719242,31
239,2,391,196,195,0,0,0,1.0,1,1.0,1,1.0,1,0.18896598411576632,30
240,0,391,196,195,0,0,0,1.0,1,1.0,1,1.0,1,0.21309199977256732,27
241,1,392,197,195,0,0,0,1.0,1,1.0,1,1.0,1,0.22596771755686734,27
242,0,392,197,195,0,0,0,1.0,1,1.0,1,1.0,1,0.2166263668177351,28
243,1,393,198,195,0,0,0,1.0,1,1.0,1,1.0,1,0.237534217955918,28
244,2,395,199,196,0,0,0,1.0,1,1.0,1,1.0,1,0.2176757445787806,27
245,2,397,201,196,0,0,0,1.0,1,1.0,1,1.0,1,0.2902484439160096,27
246,1,398,202,196,0,0,0,1.0,1,1.0,1,1.0,1,0.23801176419292086,25
247,0,398,202,196,0,0,0,1.0,1,1.0,1,1.0,1,0.20876962527417928,24
248,0,398,202,196,0,0,0,1.0,1,1.0,1,1.0,1,0.20484220182460763,24
249,0,398,202,196,0,0,0,1.0,1,1.0,1,1.0,1,0.22986697017198732,25
250,1,399,202,197,0,0,0,1.0,1,1.0,1,1.0,1,0.2360405956138488,27
251,0,399,202,197,0,0,0,1.0,1,1.0,1,1.0,1,0.2360405956138488,27
252,0,399,202,197,0,0,0,1.0,1,1.0,1,1.0,1,0.2360405956138488,27
253,2,401,203,198,0,0,0,1.0,1,1.0,1,1.0,1,0.26342235476846076,29
254,3,404,206,198,0,0,0,1.0,1,1.0,1,1.0,1,0.21689015227581118,30
255,0,404,206,198,0,0,0,1.0,1,1.0,1,1.0,1,0.23106138650879277,31
256,2,406,208,198,0,0,0,1.0,1,1.0,1,1.0,1,0.24226029569728377,31
257,3,409,209,200,0,0,0,1.0,1,1.0,1,1.0,1,0.2240831413602849,33
258,1,410,210,200,0,0,0,1.0,1,1.0,1,1.0,1,0.23010077005627436,33
259,0,410,210,200,0,0,0,1.0,1,1.0,1,1.0,1,0.23010077005627436,33
260,2,412,211,201,0,0,0,1.0,1,1.0,1,1.0,1,0.2779504490479251,35
261,2,414,212,202,0,0,0,1.0,1,1.0,1,1.0,1,0.27783827958593516,35
262,2,416,214,202,0,0,0,1.0,1,1.0,1,1.0,1,0.35223834542029414,35
263,0,416,214,202,0,0,0,1.0,1,1.0,1,1.0,1,0.3545708638395414,34
264,1,417,215,202,0,0,0,1.0,1,1.0,1,1.0,1,0.4073873978980577,32
265,2,419,217,202,0,0,0,1.0,1,1.0,1,1.0,1,0.35230888458593096,30
266,2,421,219,202,0,0,0,1.0,1,1.0,1,1.0,1,0.3423282628581223,31
267,3,424,221,203,0,0,0,1.0,1,1.0,1,1.0,1,0.29179679842956263,30
268,1,425,221,204,0,0,0,1.0,1,1.0,1,1.0,1,0.3038155361171315,31
269,1,426,222,204,0,0,0,1.0,1,1.0,1,1.0,1,0.321520520551873,31
270,4,430,224,206,0,0,0,1.0,1,1.0,1,1.0,1,0.317027581271114,32
271,1,431,225,206,0,0,0,1.0,1,1.0,1,1.0,1,0.35641407277832976,31
272,3,434,226,208,0,0,0,1.0,1,1.0,1,1.0,1,0.4145456596583377,32
273,0,434,226,208,0,0,0,1.0,1,1.0,1,1.0,1,0.4145456596583377,32
274,0,434,226,208,0,0,0,1.0,1,1.0,1,1.0,1,0.4145456596583377,32
275,0,434,226,208,0,0,0,1.0,1,1.0,1,1.0,1,0.37736945582531684,33
276,5,439,230,209,0,0,0,1.0,1,1.0,1,1.0,1,0.43697383053554323,34
277,2,441,231,210,0,0,0,1.0,1,1.0,1,1.0,1,0.38982050772741894,32
278,1,442,231,211,0,0,0,1.0,1,1.0,1,1.0,1,0.3883493438342682,31
279,2,444,231,213,0,0,0,1.0,1,1.0,1,1.0,1,0.32183016058513253,31
280,4,448,232,216,0,0,0,1.0,1,1.0,1,1.0,1,0.33279462761250345,30
281,1,449,232,217,0,0,0,1.0,1,1.0,1,1.0,1,0.2906912942203935,31
282,0,449,232,217,0,0,0,1.0,1,1.0,1,1.0,1,0.25741458230582004,30
283,1,450,232,218,0,0,0,1.0,1,1.0,1,1.0,1,0.22258259565676075,31
284,1,451,233,218,0,0,0,1.0,1,1.0,1,1.0,1,0.21955016421466808,31
285,1,452,234,218,0,0,0,1.0,1,1.0,1,1.0,1,0.2533620095426848,31
286,0,452,234,218,0,0,0,1.0,1,1.0,1,1.0,1,0.2533620095426848,31
287,4,456,236,220,0,0,0,1.0,1,1.0,1,1.0,1,0.3156258518377683,33
288,0,456,236,220,0,0,0,1.0,1,1.0,1,1.0,1,0.30004966338711225,32
289,1,457,237,220,0,0,0,1.0,1,1.0,1,1.0,1,0.33074139866472757,32
290,0,457,237,220,0,0,0,1.0,1,1.0,1,1.0,1,0.31735851625623823,31
291,0,457,237,220,0,0,0,1.0,1,1.0,1,1.0,1,0.3117313449007422,30
292,0,457,237,220,0,0,0,1.0,1,1.0,1,1.0,1,0.28911861562785035,32
293,0,457,237,220,0,0,0,1.0,1,1.0,1,1.0,1,0.28911861562785035,32
294,1,458,237,221,0,0,0,1.0,1,1.0,1,1.0,1,0.2736411521317352,32
295,1,459,237,222,0,0,0,1.0,1,1.0,1,1.0,1,0.2824546371307891,34
296,1,460,238,222,0,0,0,1.0,1,1.0,1,1.0,1,0.2664910496173747,34
297,3,463,239,224,0,0,0,1.0,1,1.0,1,1.0,1,0.23935024518726425,34
298,2,465,239,226,0,0,0,1.0,1,1.0,1,1.0,1,0.2093062598973004,35
299,0,465,239,226,0,0,0,1.0,1,1.0,1,1.0,1,0.26699188501362436,35
300,1,466,240,226,0,0,0,1.0,1,1.0,1,1.0,1,0.2718287574085519,35
301,1,467,240,227,0,0,0,1.0,1,1.0,1,1.0,1,0.27463593522732027,38
302,2,469,242,227,0,0,0,1.0,1,1.0,1,1.0,1,0.30838505401399047,38
303,3,472,245,227,0,0,0,1.0,1,1.0,1,1.0,1,0.3312951396303215,37
304,2,474,246,228,0,0,0,1.0,1,1.0,1,1.0,1,0.3660923702583029,37
305,7,481,248,233,0,0,0,1.0,1,1.0,1,1.0,1,0.32405121668702824,36
306,3,484,248,236,0,0,0,1.0,1,1.0,1,1.0,1,0.2708183379017324,36
307,0,484,248,236,0,0,0,1.0,1,1.0,1,1.0,1,0.2653015147891396,35
308,1,485,248,237,0,0,0,1.0,1,1.0,1,1.0,1,0.22989777690334062,37
309,0,485,248,237,0,0,0,1.0,1,1.0,1,1.0,1,0.22989777690334062,37
310,1,486,248,238,0,0,0,1.0,1,1.0,1,1.0,1,0.20144513276212134,37
311,0,486,248,238,0,0,0,1.0,1,1.0,1,1.0,1,0.1995774207587784,39
312,1,487,249,238,0,0,0,1.0,1,1.0,1,1.0,1,0.2391555885343452,40
313,1,488,249,239,0,0,0,1.0,1,1.0,1,1.0,1,0.19296221865574703,39
314,0,488,249,239,0,0,0,1.0,1,1.0,1,1.0,1,0.20264070649921329,40
315,0,488,249,239,0,0,0,1.0,1,1.0,1,1.0,1,0.19275418483280332,39
316,0,488,249,239,0,0,0,1.0,1,1.0,1,1.0,1,0.19275418483280332,39
317,1,489,249,240,0,0,0,1.0,1,1.0,1,1.0,1,0.21058193842550244,40
318,0,489,249,240,0,0,0,1.0,1,1.0,1,1.0,1,0.23072370785811247,41
319,2,491,249,242,0,0,0,1.0,1,1.0,1,1.0,1,0.2088140337224534,41
320,1,492,249,243,0,0,0,1.0,1,1.0,1,1.0,1,0.2077299443935416,41
321,0,492,249,243,0,0,0,1.0,1,1.0,1,1.0,1,0.2077299443935416,41
322,4,496,251,245,0,0,0,1.0,1,1.0,1,1.0,1,0.13766401717799143,41
323,0,496,251,245,0,0,0,1.0,1,1.0,1,1.0,1,0.13766401717799143,41
324,2,498,253,245,0,0,0,1.0,1,1.0,1,1.0,1,0.18609992798025382,42
325,1,499,254,245,0,0,0,1.0,1,1.0,1,1.0,1,0.20981692890313694,42
326,1,500,255,245,0,0,0,1.0,1,1.0,1,1.0,1,0.25681756104215814,42
327,2,502,255,247,0,0,0,1.0,1,1.0,1,1.0,1,0.21650289579133397,42
328,3,505,255,250,0,0,0,1.0,1,1.0,1,1.0,1,0.18825880053201907,43
329,1,506,255,251,0,0,0,1.0,1,1.0,1,1.0,1,0.17498290490744473,43
330,0,506,255,251,0,0,0,1.0,1,1.0,1,1.0,1,0.16415387725424815,45
331,0,506,255,251,0,0,0,1.0,1,1.0,1,1.0,1,0.16415387725424815,45
332,1,507,255,252,0,0,0,1.0,1,1.0,1,1.0,1,0.1485691195237601,45
333,0,507,255,252,0,0,0,1.0,1,1.0,1,1.0,1,0.15849936989619112,46
334,2,509,256,253,0,0,0,1.0,1,1.0,1,1.0,1,0.11363793538701579,48
335,0,509,256,253,0,0,0,1.0,1,1.0,1,1.0,1,0.11363793538701579,48
336,1,510,257,253,0,0,0,1.0,1,1.0,1,1.0,1,0.1281662307323755,48
337,0,510,257,253,0,0,0,1.0,1,1.0,1,1.0,1,0.1451388169229315,49
338,1,511,258,253,0,0,0,1.0,1,1.0,1,1.0,1,0.15352699266657785,50
339,1,512,258,254,0,0,0,1.0,1,1.0,1,1.0,1,0.14267549193580564,50
340,0,512,258,254,0,0,0,1.0,1,1.0,1,1.0,1,0.14267549193580564,50
341,0,512,258,254,0,0,0,1.0,1,1.0,1,1.0,1,0.15044484166447752,51
342,1,513,259,254,0,0,0,1.0,1,1.0,1,1.0,1,0.1834141968043361,51
343,0,513,259,254,0,0,0,1.0,1,1.0,1,1.0,1,0.18392196028192825,51
344,1,514,260,254,0,0,0,1.0,1,1.0,1,1.0,1,0.1846186360598778,50
345,3,517,261,256,0,0,0,1.0,1,1.0,1,1.0,1,0.1601259448177278,51
346,2,519,261,258,0,0,0,1.0,1,1.0,1,1.0,1,0.12318289285900108,51
347,3,522,264,258,0,0,0,1.0,1,1.0,1,1.0,1,0.14170255294168127,51
348,4,526,266,260,0,0,0,1.0,1,1.0,1,1.0,1,0.1980660178893101,53
349,3,529,267,262,0,0,0,1.0,1,1.0,1,1.0,1,0.15899273933637734,55
350,2,531,267,264,0,0,0,1.0,1,1.0,1,1.0,1,0.14135039721243745,54
351,3,534,269,265,0,0,0,1.0,1,1.0,1,1.0,1,0.17575920381942725,54
352,3,537,270,267,0,0,0,1.0,1,1.0,1,1.0,1,0.1477141653194661,53
353,0,537,270,267,0,0,0,1.0,1,1.0,1,1.0,1,0.16579976766971863,53
354,0,537,270,267,0,0,0,1.0,1,1.0,1,1.0,1,0.2016133121258115,50
355,0,537,270,267,0,0,0,1.0,1,1.0,1,1.0,1,0.23292628715188388,51
356,2,539,271,268,0,0,0,1.0,1,1.0,1,1.0,1,0.20777133359919428,51
357,0,539,271,268,0,0,0,1.0,1,1.0,1,1.0,1,0.2087480372883679,50
358,2,541,273,268,0,0,0,1.0,1,1.0,1,1.0,1,0.2745324023402943,48
359,3,544,275,269,0,0,0,1.0,1,1.0,1,1.0,1,0.29884535361048814,47
360,1,545,275,270,0,0,0,1.0,1,1.0,1,1.0,1,0.28848577881769677,45
361,1,546,276,270,0,0,0,1.0,1,1.0,1,1.0,1,0.31049542983944955,44
362,0,546,276,270,0,0,0,1.0,1,1.0,1,1.0,1,0.3087057438352906,44
363,3,549,277,272,0,0,0,1.0,1,1.0,1,1.0,1,0.25257166133662845,44
364,0,549,277,272,0,0,0,1.0,1,1.0,1,1.0,1,0.24971839921355787,43
365,2,551,279,272,0,0,0,1.0,1,1.0,1,1.0,1,0.27803608231285454,43
366,1,552,280,272,0,0,0,1.0,1,1.0,1,1.0,1,0.3128055381067167,45
367,2,554,281,273,0,0,0,1.0,1,1.0,1,1.0,1,0.31759299571150423,44
368,0,554,281,273,0,0,0,1.0,1,1.0,1,1.0,1,0.27696073887123623,46
369,0,554,281,273,0,0,0,1.0,1,1.0,1,1.0,1,0.29718108286636774,45
370,3,557,282,275,0,0,0,1.0,1,1.0,1,1.0,1,0.28987147447486716,46
371,2,559,282,277,0,0,0,1.0,1,1.0,1,1.0,1,0.2926176453383448,47
372,0,559,282,277,0,0,0,1.0,1,1.0,1,1.0,1,0.295194111029317,48
373,4,563,283,280,0,0,0,1.0,1,1.0,1,1.0,1,0.23813044087269605,48
374,0,563,283,280,0,0,0,1.0,1,1.0,1,1.0,1,0.25420425545381087,49
375,2,565,283,282,0,0,0,1.0,1,1.0,1,1.0,1,0.2092383318986903,49
376,2,567,285,282,0,0,0,1.0,1,1.0,1,1.0,1,0.20410778848033115,49
377,2,569,286,283,0,0,0,1.0,1,1.0,1,1.0,1,0.19486253863956113,49
378,3,572,288,284,0,0,0,1.0,1,1.0,1,1.0,1,0.17723460962081208,49
379,2,574,288,286,0,0,0,1.0,1,1.0,1,1.0,1,0.15342959219054256,50
380,2,576,289,287,0,0,0,1.0,1,1.0,1,1.0,1,0.16052549079000594,50
381,1,577,290,287,0,0,0,1.0,1,1.0,1,1.0,1,0.17858253996350124,51
382,2,579,291,288,0,0,0,1.0,1,1.0,1,1.0,1,0.1674738553649445,50
383,1,580,292,288,0,0,0,1.0,1,1.0,1,1.0,1,0.1740497143791385,51
384,3,583,295,288,0,0,0,1.0,1,1.0,1,1.0,1,0.2018444833789916,50
385,1,584,295,289,0,0,0,1.0,1,1.0,1,1.0,1,0.17871369214181537,50
386,1,585,296,289,0,0,0,1.0,1,1.0,1,1.0,1,0.18828984820717046,48
387,0,585,296,289,0,0,0,1.0,1,1.0,1,1.0,1,0.2158155726274453,47
388,3,588,297,291,0,0,0,1.0,1,1.0,1,1.0,1,0.19150153205414971,48
389,1,589,298,291,0,0,0,1.0,1,1.0,1,1.0,1,0.2140308809899176,47
390,3,592,300,292,0,0,0,1.0,1,1.0,1,1.0,1,0.20610133243863304,49
391,1,593,301,292,0,0,0,1.0,1,1.0,1,1.0,1,0.1958636953127278,46
392,1,594,302,292,0,0,0,1.0,1,1.0,1,1.0,1,0.2602489376853511,46
393,2,596,304,292,0,0,0,1.0,1,1.0,1,1.0,1,0.33951743294398223,44
394,5,601,305,296,0,0,0,1.0,1,1.0,1,1.0,1,0.28739742417399317,43
395,1,602,305,297,0,0,0,1.0,1,1.0,1,1.0,1,0.2780603630382691,42
396,2,604,307,297,0,0,0,1.0,1,1.0,1,1.0,1,0.3694223832170577,39
397,5,609,308,301,0,0,0,1.0,1,1.0,1,1.0,1,0.3732786173056505,39
398,2,611,308,303,0,0,0,1.0,1,1.0,1,1.0,1,0.3398779411699056,36
399,0,611,308,303,0,0,0,1.0,1,1.0,1,1.0,1,0.3398779411699056,36
400,5,616,310,306,0,0,0,1.0,1,1.0,1,1.0,1,0.27300915132703546,34
401,1,617,311,306,0,0,0,1.0,1,1.0,1,1.0,1,0.2597112368520453,33
402,1,618,311,307,0,0,0,1.0,1,1.0,1,1.0,1,0.225929109350784,34
403,0,618,311,307,0,0,0,1.0,1,1.0,1,1.0,1,0.2246076093914119,36
404,2,620,313,307,0,0,0,1.0,1,1.0,1,1.0,1,0.2557668890186473,36
405,0,620,313,307,0,0,0,1.0,1,1.0,1,1.0,1,0.2558696806982268,37
406,0,620,313,307,0,0,0,1.0,1,1.0,1,1.0,1,0.2558696806982268,37
407,1,621,314,307,0,0,0,1.0,1,1.0,1,1.0,1,0.2766257070453322,39
408,2,623,316,307,0,0,0,1.0,1,1.0,1,1.0,1,0.2800079798925258,40
409,0,623,316,307,0,0,0,1.0,1,1.0,1,1.0,1,0.29444264278918514,41
410,2,625,318,307,0,0,0,1.0,1,1.0,1,1.0,1,0.3113273551568781,42
411,2,627,318,309,0,0,0,1.0,1,1.0,1,1.0,1,0.2942871322168329,43
412,3,630,319,311,0,0,0,1.0,1,1.0,1,1.0,1,0.26191512378607035,44
413,0,630,319,311,0,0,0,1.0,1,1.0,1,1.0,1,0.26191512378607035,44
414,0,630,319,311,0,0,0,1.0,1,1.0,1,1.0,1,0.2586511649435854,45
415,0,630,319,311,0,0,0,1.0,1,1.0,1,1.0,1,0.2586511649435854,45
416,1,631,319,312,0,0,0,1.0,1,1.0,1,1.0,1,0.24438526999994528,46
417,2,633,321,312,0,0,0,1.0,1,1.0,1,1.0,1,0.26274515233421775,46
418,2,635,321,314,0,0,0,1.0,1,1.0,1,1.0,1,0.23333574826750383,47
419,0,635,321,314,0,0,0,1.0,1,1.0,1,1.0,1,0.23333574826750383,47
420,0,635,321,314,0,0,0,1.0,1,1.0,1,1.0,1,0.23333574826750383,47
421,0,635,321,314,0,0,0,1.0,1,1.0,1,1.0,1,0.23333574826750383,47
422,2,637,323,314,0,0,0,1.0,1,1.0,1,1.0,1,0.2766373111695901,49
423,2,639,325,314,0,0,0,1.0,1,1.0,1,1.0,1,0.2999134812748691,47
424,4,643,326,317,0,0,0,1.0,1,1.0,1,1.0,1,0.26272692009208387,45
425,2,645,326,319,0,0,0,1.0,1,1.0,1,1.0,1,0.22800864934294698,46
426,1,646,327,319,0,0,0,1.0,1,1.0,1,1.0,1,0.2627783383662029,46
427,3,649,328,321,0,0,0,1.0,1,1.0,1,1.0,1,0.24174954540271754,45
428,3,652,329,323,0,0,0,1.0,1,1.0,1,1.0,1,0.19801108096896575,45
429,3,655,331,324,0,0,0,1.0,1,1.0,1,1.0,1,0.18342573279934105,42
430,2,657,332,325,0,0,0,1.0,1,1.0,1,1.0,1,0.18489596877041406,40
431,2,659,334,325,0,0,0,1.0,1,1.0,1,1.0,1,0.1944079736425705,39
432,3,662,336,326,0,0,0,1.0,1,1.0,1,1.0,1,0.21117126627303473,37
433,3,665,337,328,0,0,0,1.0,1,1.0,1,1.0,1,0.1693759034653324,35
434,0,665,337,328,0,0,0,1.0,1,1.0,1,1.0,1,0.22653024962298166,33
435,0,665,337,328,0,0,0,1.0,1,1.0,1,1.0,1,0.22653024962298166,33
436,2,667,337,330,0,0,0,1.0,1,1.0,1,1.0,1,0.17639161082136476,33
437,2,669,339,330,0,0,0,1.0,1,1.0,1,1.0,1,0.2123502248160801,33
438,0,669,339,330,0,0,0,1.0,1,1.0,1,1.0,1,0.21679002161717206,32
439,3,672,341,331,0,0,0,1.0,1,1.0,1,1.0,1,0.22141271351568617,34
440,2,674,341,333,0,0,0,1.0,1,1.0,1,1.0,1,0.18644033569597415,34
441,0,674,341,333,0,0,0,1.0,1,1.0,1,1.0,1,0.20739943136189806,35
442,2,676,343,333,0,0,0,1.0,1,1.0,1,1.0,1,0.23990134994209178,37
443,6,682,347,335,0,0,0,1.0,1,1.0,1,1.0,1,0.24708671142721805,37
444,0,682,347,335,0,0,0,1.0,1,1.0,1,1.0,1,0.25120969109253094,38
445,2,684,349,335,0,0,0,1.0,1,1.0,1,1.0,1,0.3073101978496944,39
446,0,684,349,335,0,0,0,1.0,1,1.0,1,1.0,1,0.3073101978496944,39
447,2,686,349,337,0,0,0,1.0,1,1.0,1,1.0,1,0.292534507919197,41
448,1,687,349,338,0,0,0,1.0,1,1.0,1,1.0,1,0.2601849774352052,41
449,0,687,349,338,0,0,0,1.0,1,1.0,1,1.0,1,0.27130274127525716,40
450,1,688,350,338,0,0,0,1.0,1,1.0,1,1.0,1,0.25872232068736956,40
451,2,690,350,340,0,0,0,1.0,1,1.0,1,1.0,1,0.23496537556413385,41
452,0,690,350,340,0,0,0,1.0,1,1.0,1,1.0,1,0.23496537556413385,41
453,0,690,350,340,0,0,0,1.0,1,1.0,1,1.0,1,0.24723824454872245,40
454,3,693,350,343,0,0,0,1.0,1,1.0,1,1.0,1,0.1897575336943795,41
455,2,695,351,344,0,0,0,1.0,1,1.0,1,1.0,1,0.227168923714089,41
456,0,695,351,344,0,0,0,1.0,1,1.0,1,1.0,1,0.2426473323884717,43
457,2,697,352,345,0,0,0,1.0,1,1.0,1,1.0,1,0.1927045379749616,43
458,1,698,352,346,0,0,0,1.0,1,1.0,1,1.0,1,0.17361813252243796,43
459,1,699,353,346,0,0,0,1.0,1,1.0,1,1.0,1,0.15325099917012416,44
460,2,701,353,348,0,0,0,1.0,1,1.0,1,1.0,1,0.15483368824654617,47
461,0,701,353,348,0,0,0,1.0,1,1.0,1,1.0,1,0.1654643615456288,48
462,2,703,355,348,0,0,0,1.0,1,1.0,1,1.0,1,0.19781109037481917,49
463,3,706,356,350,0,0,0,1.0,1,1.0,1,1.0,1,0.14937735882651906,47
464,1,707,357,350,0,0,0,1.0,1,1.0,1,1.0,1,0.18910802416103048,48
465,0,707,357,350,0,0,0,1.0,1,1.0,1,1.0,1,0.17551932245239038,47
466,2,709,359,350,0,0,0,1.0,1,1.0,1,1.0,1,0.18657967479297152,46
467,4,713,363,350,0,0,0,1.0,1,1.0,1,1.0,1,0.2041472218289765,44
468,5,718,368,350,0,0,0,1.0,1,1.0,1,1.0,1,0.17238838027547795,41
469,2,720,370,350,0,0,0,1.0,1,1.0,1,1.0,1,0.16756753739723748,40
470,2,722,372,350,0,0,0,1.0,1,1.0,1,1.0,1,0.19888043277380374,39
471,4,726,376,350,0,0,0,1.0,1,1.0,1,1.0,1,0.26912870511437725,38
472,4,730,379,351,0,0,0,1.0,1,1.0,1,1.0,1,0.2865074908095056,36
473,4,734,381,353,0,0,0,1.0,1,1.0,1,1.0,1,0.2504076438486406,36
474,1,735,382,353,0,0,0,1.0,1,1.0,1,1.0,1,0.24782724351345747,34
475,3,738,384,354,0,0,0,1.0,1,1.0,1,1.0,1,0.28131376497606186,34
476,1,739,384,355,0,0,0,1.0,1,1.0,1,1.0,1,0.22274125138081366,32
477,3,742,387,355,0,0,0,1.0,1,1.0,1,1.0,1,0.29574086622116735,32
478,0,742,387,355,0,0,0,1.0,1,1.0,1,1.0,1,0.2609359465801844,30
479,4,746,389,357,0,0,0,1.0,1,1.0,1,1.0,1,0.2860792637268532,31
480,0,746,389,357,0,0,0,1.0,1,1.0,1,1.0,1,0.3260702719915193,27
481,1,747,389,358,0,0,0,1.0,1,1.0,1,1.0,1,0.28868923578911,28
482,2,749,391,358,0,0,0,1.0,1,1.0,1,1.0,1,0.3016604559199345,28
483,2,751,392,359,0,0,0,1.0,1,1.0,1,1.0,1,0.2679788907004394,29
484,1,752,392,360,0,0,0,1.0,1,1.0,1,1.0,1,0.2169731240427923,29
485,0,752,392,360,0,0,0,1.0,1,1.0,1,1.0,1,0.2169731240427923,29
486,1,753,393,360,0,0,0,1.0,1,1.0,1,1.0,1,0.20925651998237982,31
487,0,753,393,360,0,0,0,1.0,1,1.0,1,1.0,1,0.24849911600986582,33
488,0,753,393,360,0,0,0,1.0,1,1.0,1,1.0,1,0.2681341530973668,34
489,2,755,395,360,0,0,0,1.0,1,1.0,1,1.0,1,0.3335727550318407,34
490,3,758,395,363,0,0,0,1.0,1,1.0,1,1.0,1,0.25833926278587205,34
491,1,759,396,363,0,0,0,1.0,1,1.0,1,1.0,1,0.2869922973603476,34
492,1,760,396,364,0,0,0,1.0,1,1.0,1,1.0,1,0.2594632757714307,34
493,1,761,397,364,0,0,0,1.0,1,1.0,1,1.0,1,0.29369024990013587,34
494,5,766,398,368,0,0,0,1.0,1,1.0,1,1.0,1,0.24433656524505343,36
495,1,767,399,368,0,0,0,1.0,1,1.0,1,1.0,1,0.21382882310349102,36
496,0,767,399,368,0,0,0,1.0,1,1.0,1,1.0,1,0.20771496095542144,37
497,0,767,399,368,0,0,0,1.0,1,1.0,1,1.0,1,0.19575576918260784,39
498,3,770,401,369,0,0,0,1.0,1,1.0,1,1.0,1,0.18180435679224152,40
499,1,771,401,370,0,0,0,1.0,1,1.0,1,1.0,1,0.16840377460007405,40
500,3,774,403,371,0,0,0,1.0,1,1.0,1,1.0,1,0.20339784682540907,42
501,1,775,403,372,0,0,0,1.0,1,1.0,1,1.0,1,0.16836443716095173,42
502,3,778,405,373,0,0,0,1.0,1,1.0,1,1.0,1,0.24383377067509523,42
503,0,778,405,373,0,0,0,1.0,1,1.0,1,1.0,1,0.2391728035831217,41
504,1,779,406,373,0,0,0,1.0,1,1.0,1,1.0,1,0.2748483278227043,42
505,2,781,407,374,0,0,0,1.0,1,1.0,1,1.0,1,0.24400821616868487,38
506,2,783,407,376,0,0,0,1.0,1,1.0,1,1.0,1,0.18374928180883554,37
507,2,785,407,378,0,0,0,1.0,1,1.0,1,1.0,1,0.1460529601231799,35
508,4,789,411,378,0,0,0,1.0,1,1.0,1,1.0,1,0.24359797744344888,35
509,2,791,411,380,0,0,0,1.0,1,1.0,1,1.0,1,0.21079278678678912,34
510,0,791,411,380,0,0,0,1.0,1,1.0,1,1.0,1,0.2631270121763642,34
511,3,794,413,381,0,0,0,1.0,1,1.0,1,1.0,1,0.25979383797667993,32
512,2,796,414,382,0,0,0,1.0,1,1.0,1,1.0,1,0.25543719259922554,30
513,0,796,414,382,0,0,0,1.0,1,1.0,1,1.0,1,0.24317713097984214,31
514,0,796,414,382,0,0,0,1.0,1,1.0,1,1.0,1,0.24317713097984214,31
515,1,797,415,382,0,0,0,1.0,1,1.0,1,1.0,1,0.2957543358038291,32
516,0,797,415,382,0,0,0,1.0,1,1.0,1,1.0,1,0.27941742567380273,31
517,2,799,417,382,0,0,0,1.0,1,1.0,1,1.0,1,0.23431456695278377,32
518,0,799,417,382,0,0,0,1.0,1,1.0,1,1.0,1,0.21887968179086484,31
519,2,801,419,382,0,0,0,1.0,1,1.0,1,1.0,1,0.2549063400608427,31
520,2,803,421,382,0,0,0,1.0,1,1.0,1,1.0,1,0.2655673723526562,33
521,2,805,422,383,0,0,0,1.0,1,1.0,1,1.0,1,0.2434348198947662,34
522,3,808,424,384,0,0,0,1.0,1,1.0,1,1.0,1,0.18723680137775572,34
523,1,809,424,385,0,0,0,1.0,1,1.0,1,1.0,1,0.1919523471917759,33
524,1,810,425,385,0,0,0,1.0,1,1.0,1,1.0,1,0.2225726341176287,34
525,1,811,425,386,0,0,0,1.0,1,1.0,1,1.0,1,0.2661041974154538,32
526,1,812,425,387,0,0,0,1.0,1,1.0,1,1.0,1,0.21565502531995862,32
527,0,812,425,387,0,0,0,1.0,1,1.0,1,1.0,1,0.27170021273530787,31
528,2,814,427,387,0,0,0,1.0,1,1.0,1,1.0,1,0.30795008525958945,31
529,0,814,427,387,0,0,0,1.0,1,1.0,1,1.0,1,0.3327796515782078,30
530,2,816,428,388,0,0,0,1.0,1,1.0,1,1.0,1,0.3718227423046677,30
531,0,816,428,388,0,0,0,1.0,1,1.0,1,1.0,1,0.3756728788937133,32
532,3,819,430,389,0,0,0,1.0,1,1.0,1,1.0,1,0.37096953318636827,32
533,2,821,432,389,0,0,0,1.0,1,1.0,1,1.0,1,0.3627328747806716,34
534,1,822,433,389,0,0,0,1.0,1,1.0,1,1.0,1,0.3786889307146193,34
535,1,823,433,390,0,0,0,1.0,1,1.0,1,1.0,1,0.34548634940595796,37
536,2,825,433,392,0,0,0,1.0,1,1.0,1,1.0,1,0.2949103836355805,37
537,2,827,435,392,0,0,0,1.0,1,1.0,1,1.0,1,0.3522211270165613,37
538,4,831,437,394,0,0,0,1.0,1,1.0,1,1.0,1,0.34190141046483125,38
539,1,832,437,395,0,0,0,1.0,1,1.0,1,1.0,1,0.31673882525088626,38
540,0,832,437,395,0,0,0,1.0,1,1.0,1,1.0,1,0.31673882525088626,38
541,1,833,437,396,0,0,0,1.0,1,1.0,1,1.0,1,0.27998198329754453,39
542,2,835,438,397,0,0,0,1.0,1,1.0,1,1.0,1,0.2710333659699153,40
543,1,836,439,397,0,0,0,1.0,1,1.0,1,1.0,1,0.28034881375246473,37
544,3,839,441,398,0,0,0,1.0,1,1.0,1,1.0,1,0.30290913512094564,35
545,0,839,441,398,0,0,0,1.0,1,1.0,1,1.0,1,0.2458972290322032,35
546,4,843,444,399,0,0,0,1.0,1,1.0,1,1.0,1,0.23568983445524602,35
547,0,843,444,399,0,0,0,1.0,1,1.0,1,1.0,1,0.199504211858017,34
548,3,846,446,400,0,0,0,1.0,1,1.0,1,1.0,1,0.24992415160508036,34
549,4,850,449,401,0,0,0,1.0,1,1.0,1,1.0,1,0.3196062193219961,31
550,0,850,449,401,0,0,0,1.0,1,1.0,1,1.0,1,0.30367740871265975,30
551,2,852,451,401,0,0,0,1.0,1,1.0,1,1.0,1,0.3687365877970397,31
552,1,853,451,402,0,0,0,1.0,1,1.0,1,1.0,1,0.31562292419952287,29
553,0,853,451,402,0,0,0,1.0,1,1.0,1,1.0,1,0.3164856267645813,30
554,0,853,451,402,0,0,0,1.0,1,1.0,1,1.0,1,0.29082458786917353,30
555,1,854,451,403,0,0,0,1.0,1,1.0,1,1.0,1,0.3261599093872743,30
556,2,856,451,405,0,0,0,1.0,1,1.0,1,1.0,1,0.250005886083502,31
557,0,856,451,405,0,0,0,1.0,1,1.0,1,1.0,1,0.28098672356134524,31
558,1,857,451,406,0,0,0,1.0,1,1.0,1,1.0,1,0.2576441517702855,31
559,2,859,451,408,0,0,0,1.0,1,1.0,1,1.0,1,0.2123331295880891,31
560,0,859,451,408,0,0,0,1.0,1,1.0,1,1.0,1,0.2091172253149928,32
561,0,859,451,408,0,0,0,1.0,1,1.0,1,1.0,1,0.22247657851986122,33
562,2,861,452,409,0,0,0,1.0,1,1.0,1,1.0,1,0.20292200315706363,33
563,2,863,454,409,0,0,0,1.0,1,1.0,1,1.0,1,0.2302212098873355,33
564,1,864,454,410,0,0,0,1.0,1,1.0,1,1.0,1,0.2182612779835405,34
565,1,865,455,410,0,0,0,1.0,1,1.0,1,1.0,1,0.22448467454995774,35
566,1,866,455,411,0,0,0,1.0,1,1.0,1,1.0,1,0.20163721886842118,36
567,4,870,458,412,0,0,0,1.0,1,1.0,1,1.0,1,0.24076094610582183,37
568,4,874,459,415,0,0,0,1.0,1,1.0,1,1.0,1,0.21182602650077378,36
569,2,876,460,416,0,0,0,1.0,1,1.0,1,1.0,1,0.1763113588282643,37
570,1,877,460,417,0,0,0,1.0,1,1.0,1,1.0,1,0.16730863285100345,38
571,1,878,461,417,0,0,0,1.0,1,1.0,1,1.0,1,0.18758405826461086,38
572,0,878,461,417,0,0,0,1.0,1,1.0,1,1.0,1,0.1927165586314477,39
573,0,878,461,417,0,0,0,1.0,1,1.0,1,1.0,1,0.1927165586314477,39
574,0,878,461,417,0,0,0,1.0,1,1.0,1,1.0,1,0.20046007784084557,41
575,0,878,461,417,0,0,0,1.0,1,1.0,1,1.0,1,0.20046007784084557,41
576,2,880,461,419,0,0,0,1.0,1,1.0,1,1.0,1,0.15308834340067057,42
577,0,880,461,419,0,0,0,1.0,1,1.0,1,1.0,1,0.15308834340067057,42
578,2,882,463,419,0,0,0,1.0,1,1.0,1,1.0,1,0.2114605464307646,41
579,1,883,464,419,0,0,0,1.0,1,1.0,1,1.0,1,0.22043796551090233,42
580,6,889,466,423,0,0,0,1.0,1,1.0,1,1.0,1,0.24402578742577946,43
581,2,891,467,424,0,0,0,1.0,1,1.0,1,1.0,1,0.19928869963174942,42
582,0,891,467,424,0,0,0,1.0,1,1.0,1,1.0,1,0.18914865664867006,41
583,4,895,470,425,0,0,0,1.0,1,1.0,1,1.0,1,0.21270446335249343,40
584,0,895,470,425,0,0,0,1.0,1,1.0,1,1.0,1,0.25208739721726975,38
585,3,898,473,425,0,0,0,1.0,1,1.0,1,1.0,1,0.2823600692738751,38
586,6,904,477,427,0,0,0,1.0,1,1.0,1,1.0,1,0.21460414315600565,37
587,3,907,480,427,0,0,0,1.0,1,1.0,1,1.0,1,0.27935236263894575,35
588,2,909,482,427,0,0,0,1.0,1,1.0,1,1.0,1,0.25889078662374565,35
589,3,912,482,430,0,0,0,1.0,1,1.0,1,1.0,1,0.18035382980304832,34
590,1,913,483,430,0,0,0,1.0,1,1.0,1,1.0,1,0.22886185774260032,36
591,3,916,483,433,0,0,0,1.0,1,1.0,1,1.0,1,0.1537018615188165,35
592,1,917,484,433,0,0,0,1.0,1,1.0,1,1.0,1,0.2170575698785602,37
593,1,918,485,433,0,0,0,1.0,1,1.0,1,1.0,1,0.22799101181649503,36
594,0,918,485,433,0,0,0,1.0,1,1.0,1,1.0,1,0.21233620526758673,35
595,1,919,486,433,0,0,0,1.0,1,1.0,1,1.0,1,0.2236150295909711,34
596,1,920,487,433,0,0,0,1.0,1,1.0,1,1.0,1,0.25307462159222577,34
597,1,921,488,433,0,0,0,1.0,1,1.0,1,1.0,1,0.29292069780254654,33
598,1,922,488,434,0,0,0,1.0,1,1.0,1,1.0,1,0.28786954524543745,33
599,3,925,491,434,0,0,0,1.0,1,1.0,1,1.0,1,0.27154475416169654,33
600,2,927,493,434,0,0,0,1.0,1,1.0,1,1.0,1,0.32407599971082823,33
601,3,930,494,436,0,0,0,1.0,1,1.0,1,1.0,1,0.2916100618209348,34
602,2,932,494,438,0,0,0,1.0,1,1.0,1,1.0,1,0.2536916256736712,35
603,0,932,494,438,0,0,0,1.0,1,1.0,1,1.0,1,0.2605755287645074,35
604,0,932,494,438,0,0,0,1.0,1,1.0,1,1.0,1,0.2743204629596469,35
605,0,932,494,438,0,0,0,1.0,1,1.0,1,1.0,1,0.30041162612735767,35
606,1,933,494,439,0,0,0,1.0,1,1.0,1,1.0,1,0.3000413137417327,35
607,1,934,495,439,0,0,0,1.0,1,1.0,1,1.0,1,0.3443686351449893,35
608,1,935,495,440,0,0,0,1.0,1,1.0,1,1.0,1,0.3315922782720352,36
609,1,936,495,441,0,0,0,1.0,1,1.0,1,1.0,1,0.3117933637593276,37
610,2,938,495,443,0,0,0,1.0,1,1.0,1,1.0,1,0.2746867459530583,37
611,4,942,497,445,0,0,0,1.0,1,1.0,1,1.0,1,0.20112979423277122,39
612,2,944,498,446,0,0,0,1.0,1,1.0,1,1.0,1,0.19165110489457346,39
613,2,946,499,447,0,0,0,1.0,1,1.0,1,1.0,1,0.19401473949338538,39
614,2,948,500,448,0,0,0,1.0,1,1.0,1,1.0,1,0.2241254023005838,39
615,1,949,501,448,0,0,0,1.0,1,1.0,1,1.0,1,0.21946930477550924,39
616,1,950,502,448,0,0,0,1.0,1,1.0,1,1.0,1,0.27303478897365063,38
617,2,952,504,448,0,0,0,1.0,1,1.0,1,1.0,1,0.2831411076139627,39
618,4,956,506,450,0,0,0,1.0,1,1.0,1,1.0,1,0.3095916303577075,40
619,4,960,507,453,0,0,0,1.0,1,1.0,1,1.0,1,0.23448851585665914,39
620,0,960,507,453,0,0,0,1.0,1,1.0,1,1.0,1,0.22280004214324794,38
621,4,964,509,455,0,0,0,1.0,1,1.0,1,1.0,1,0.17909077222583758,38
622,1,965,509,456,0,0,0,1.0,1,1.0,1,1.0,1,0.13917128959639077,38
623,4,969,512,457,0,0,0,1.0,1,1.0,1,1.0,1,0.16905836228986662,37
624,4,973,514,459,0,0,0,1.0,1,1.0,1,1.0,1,0.12631423526154614,33
625,1,974,515,459,0,0,0,1.0,1,1.0,1,1.0,1,0.15414528649456277,32
626,2,976,517,459,0,0,0,1.0,1,1.0,1,1.0,1,0.10224182286509151,31
627,2,978,519,459,0,0,0,1.0,1,1.0,1,1.0,1,0.16769356479224,30
628,5,983,523,460,0,0,0,1.0,1,1.0,1,1.0,1,0.2250656869421806,32
629,2,985,524,461,0,0,0,1.0,1,1.0,1,1.0,1,0.2338100726509495,29
630,3,988,526,462,0,0,0,1.0,1,1.0,1,1.0,1,0.28027749600762636,29
631,1,989,527,462,0,0,0,1.0,1,1.0,1,1.0,1,0.3255705438238261,25
632,0,989,527,462,0,0,0,1.0,1,1.0,1,1.0,1,0.40309239376427536,24
633,0,989,527,462,0,0,0,1.0,1,1.0,1,1.0,1,0.3856223797084031,23
634,2,991,528,463,0,0,0,1.0,1,1.0,1,1.0,1,0.369042918700135,23
635,1,992,528,464,0,0,0,1.0,1,1.0,1,1.0,1,0.34145367952009115,22
636,0,992,528,464,0,0,0,1.0,1,1.0,1,1.0,1,0.386105218884845,22
637,1,993,529,464,0,0,0,1.0,1,1.0,1,1.0,1,0.39307724934568056,23
638,1,994,530,464,0,0,0,1.0,1,1.0,1,1.0,1,0.42050770889530387,23
639,1,995,530,465,0,0,0,1.0,1,1.0,1,1.0,1,0.3658382549469744,24
640,2,997,531,466,0,0,0,1.0,1,1.0,1,1.0,1,0.3845377960745535,24
641,1,998,531,467,0,0,0,1.0,1,1.0,1,1.0,1,0.3531652835165782,25
642,1,999,531,468,0,0,0,1.0,1,1.0,1,1.0,1,0.2517610297397812,26
643,0,999,531,468,0,0,0,1.0,1,1.0,1,1.0,1,0.23423256582507715,28
644,0,999,531,468,0,0,0,1.0,1,1.0,1,1.0,1,0.23423256582507715,28
645,2,1001,533,468,0,0,0,1.0,1,1.0,1,1.0,1,0.26812113247069363,28
646,1,1002,533,469,0,0,0,1.0,1,1.0,1,1.0,1,0.2631030507005059,29
647,2,1004,534,470,0,0,0,1.0,1,1.0,1,1.0,1,0.2849654949029651,30
648,0,1004,534,470,0,0,0,1.0,1,1.0,1,1.0,1,0.2849654949029651,30
649,1,1005,535,470,0,0,0,1.0,1,1.0,1,1.0,1,0.3366790299924196,31
650,1,1006,536,470,0,0,0,1.0,1,1.0,1,1.0,1,0.30541840467704146,31
651,5,1011,537,474,0,0,0,1.0,1,1.0,1,1.0,1,0.15157147872697088,32
652,0,1011,537,474,0,0,0,1.0,1,1.0,1,1.0,1,0.15157147872697088,32
653,0,1011,537,474,0,0,0,1.0,1,1.0,1,1.0,1,0.16634819090088382,33
654,0,1011,537,474,0,0,0,1.0,1,1.0,1,1.0,1,0.16634819090088382,33
655,2,1013,539,474,0,0,0,1.0,1,1.0,1,1.0,1,0.2206286369128255,36
656,0,1013,539,474,0,0,0,1.0,1,1.0,1,1.0,1,0.2206286369128255,36
657,1,1014,540,474,0,0,0,1.0,1,1.0,1,1.0,1,0.2707024819032042,35
658,3,1017,542,475,0,0,0,1.0,1,1.0,1,1.0,1,0.24442291677626526,33
659,2,1019,544,475,0,0,0,1.0,1,1.0,1,1.0,1,0.2834735053758,35
660,0,1019,544,475,0,0,0,1.0,1,1.0,1,1.0,1,0.318145106696804,34
661,1,1020,545,475,0,0,0,1.0,1,1.0,1,1.0,1,0.35300551536891706,33
662,3,1023,547,476,0,0,0,1.0,1,1.0,1,1.0,1,0.37706269529785374,31
663,0,1023,547,476,0,0,0,1.0,1,1.0,1,1.0,1,0.38327006356154253,29
664,3,1026,548,478,0,0,0,1.0,1,1.0,1,1.0,1,0.3656889383177189,27
665,3,1029,550,479,0,0,0,1.0,1,1.0,1,1.0,1,0.29199058026190183,27
666,5,1034,552,482,0,0,0,1.0,1,1.0,1,1.0,1,0.2689756073918572,28
667,1,1035,553,482,0,0,0,1.0,1,1.0,1,1.0,1,0.3022093372596235,26
668,1,1036,554,482,0,0,0,1.0,1,1.0,1,1.0,1,0.3480459464598115,26
669,3,1039,557,482,0,0,0,1.0,1,1.0,1,1.0,1,0.23982193659749107,25
670,0,1039,557,482,0,0,0,1.0,1,1.0,1,1.0,1,0.227377995971648,24
671,0,1039,557,482,0,0,0,1.0,1,1.0,1,1.0,1,0.227377995971648,24
672,1,1040,558,482,0,0,0,1.0,1,1.0,1,1.0,1,0.25509037499536,25
673,1,1041,559,482,0,0,0,1.0,1,1.0,1,1.0,1,0.2281992126078644,25
674,0,1041,559,482,0,0,0,1.0,1,1.0,1,1.0,1,0.2281992126078644,25
675,3,1044,560,484,0,0,0,1.0,1,1.0,1,1.0,1,0.2100060330369234,26
676,2,1046,562,484,0,0,0,1.0,1,1.0,1,1.0,1,0.1518150278592211,27
677,0,1046,562,484,0,0,0,1.0,1,1.0,1,1.0,1,0.17193642185926317,28
678,1,1047,563,484,0,0,0,1.0,1,1.0,1,1.0,1,0.2006280277035923,28
679,2,1049,564,485,0,0,0,1.0,1,1.0,1,1.0,1,0.2452075430493284,30
680,0,1049,564,485,0,0,0,1.0,1,1.0,1,1.0,1,0.2650029179523808,29
681,1,1050,565,485,0,0,0,1.0,1,1.0,1,1.0,1,0.31800908307520076,29
682,1,1051,565,486,0,0,0,1.0,1,1.0,1,1.0,1,0.3006527268411135,30
683,1,1052,565,487,0,0,0,1.0,1,1.0,1,1.0,1,0.262259897854407,30
684,2,1054,565,489,0,0,0,1.0,1,1.0,1,1.0,1,0.1837127337504061,31
685,0,1054,565,489,0,0,0,1.0,1,1.0,1,1.0,1,0.1929693504325871,30
686,0,1054,565,489,0,0,0,1.0,1,1.0,1,1.0,1,0.1929693504325871,30
687,1,1055,566,489,0,0,0,1.0,1,1.0,1,1.0,1,0.24532298134926306,30
688,2,1057,566,491,0,0,0,1.0,1,1.0,1,1.0,1,0.16394947845766364,31
689,1,1058,567,491,0,0,0,1.0,1,1.0,1,1.0,1,0.23769238504219806,32
690,1,1059,567,492,0,0,0,1.0,1,1.0,1,1.0,1,0.19025868211406768,32
691,0,1059,567,492,0,0,0,1.0,1,1.0,1,1.0,1,0.19025868211406768,32
692,2,1061,569,492,0,0,0,1.0,1,1.0,1,1.0,1,0.24504250253237236,32
693,3,1064,571,493,0,0,0,1.0,1,1.0,1,1.0,1,0.23947188041682307,34
694,4,1068,573,495,0,0,0,1.0,1,1.0,1,1.0,1,0.32211966566567474,36
695,1,1069,574,495,0,0,0,1.0,1,1.0,1,1.0,1,0.3013059208947982,34
696,3,1072,576,496,0,0,0,1.0,1,1.0,1,1.0,1,0.3305629117437906,33
697,2,1074,576,498,0,0,0,1.0,1,1.0,1,1.0,1,0.28209284841977184,33
698,3,1077,578,499,0,0,0,1.0,1,1.0,1,1.0,1,0.3120526466345419,34
699,1,1078,579,499,0,0,0,1.0,1,1.0,1,1.0,1,0.343584995362881,33
700,1,1079,579,500,0,0,0,1.0,1,1.0,1,1.0,1,0.2721089916581568,32
701,1,1080,579,501,0,0,0,1.0,1,1.0,1,1.0,1,0.22140806190446882,33
702,2,1082,581,501,0,0,0,1.0,1,1.0,1,1.0,1,0.2944675530053004,34
703,2,1084,582,502,0,0,0,1.0,1,1.0,1,1.0,1,0.2616826761216524,32
704,0,1084,582,502,0,0,0,1.0,1,1.0,1,1.0,1,0.2452959236258334,31
705,5,1089,586,503,0,0,0,1.0,1,1.0,1,1.0,1,0.3102784940584021,33
706,2,1091,588,503,0,0,0,1.0,1,1.0,1,1.0,1,0.3851020948847506,33
707,1,1092,589,503,0,0,0,1.0,1,1.0,1,1.0,1,0.3543431379885363,31
708,1,1093,590,503,0,0,0,1.0,1,1.0,1,1.0,1,0.4091250311804723,31
709,3,1096,591,505,0,0,0,1.0,1,1.0,1,1.0,1,0.35327093192901654,30
710,1,1097,591,506,0,0,0,1.0,1,1.0,1,1.0,1,0.33114428189181105,30
711,0,1097,591,506,0,0,0,1.0,1,1.0,1,1.0,1,0.3337091767377511,30
712,0,1097,591,506,0,0,0,1.0,1,1.0,1,1.0,1,0.3492102899168374,30
713,0,1097,591,506,0,0,0,1.0,1,1.0,1,1.0,1,0.3676550561408608,31
714,2,1099,592,507,0,0,0,1.0,1,1.0,1,1.0,1,0.37516979603220596,31
715,0,1099,592,507,0,0,0,1.0,1,1.0,1,1.0,1,0.3789781827475425,30
716,1,1100,593,507,0,0,0,1.0,1,1.0,1,1.0,1,0.3992409570536895,31
717,1,1101,593,508,0,0,0,1.0,1,1.0,1,1.0,1,0.39610982727243893,32
718,1,1102,593,509,0,0,0,1.0,1,1.0,1,1.0,1,0.3638546793950353,32
719,2,1104,595,509,0,0,0,1.0,1,1.0,1,1.0,1,0.3534102270116691,32
720,0,1104,595,509,0,0,0,1.0,1,1.0,1,1.0,1,0.3401772527968043,34
721,2,1106,596,510,0,0,0,1.0,1,1.0,1,1.0,1,0.32311513470848674,34
722,1,1107,596,511,0,0,0,1.0,1,1.0,1,1.0,1,0.31120326205655646,34
723,1,1108,596,512,0,0,0,1.0,1,1.0,1,1.0,1,0.29874589983885724,35
724,1,1109,597,512,0,0,0,1.0,1,1.0,1,1.0,1,0.33457802215318905,36
725,3,1112,597,515,0,0,0,1.0,1,1.0,1,1.0,1,0.2941049664528876,37
726,1,1113,597,516,0,0,0,1.0,1,1.0,1,1.0,1,0.27152247655266337,37
727,1,1114,597,517,0,0,0,1.0,1,1.0,1,1.0,1,0.259561945116124,38
728,1,1115,597,518,0,0,0,1.0,1,1.0,1,1.0,1,0.23701025068067094,39
729,0,1115,597,518,0,0,0,1.0,1,1.0,1,1.0,1,0.23701025068067094,39
730,0,1115,597,518,0,0,0,1.0,1,1.0,1,1.0,1,0.2410607311445333,40
731,0,1115,597,518,0,0,0,1.0,1,1.0,1,1.0,1,0.2410607311445333,40
732,0,1115,597,518,0,0,0,1.0,1,1.0,1,1.0,1,0.26154035211512067,41
733,2,1117,599,518,0,0,0,1.0,1,1.0,1,1.0,1,0.26849876209112095,41
734,1,1118,600,518,0,0,0,1.0,1,1.0,1,1.0,1,0.3015805286285607,42
735,0,1118,600,518,0,0,0,1.0,1,1.0,1,1.0,1,0.3012893804986477,42
736,1,1119,600,519,0,0,0,1.0,1,1.0,1,1.0,1,0.3172066056343628,41
737,2,1121,601,520,0,0,0,1.0,1,1.0,1,1.0,1,0.3717777199780871,41
738,3,1124,601,523,0,0,0,1.0,1,1.0,1,1.0,1,0.3063870203961322,39
739,0,1124,601,523,0,0,0,1.0,1,1.0,1,1.0,1,0.3063870203961322,39
740,0,1124,601,523,0,0,0,1.0,1,1.0,1,1.0,1,0.31831411870029575,39
741,1,1125,601,524,0,0,0,1.0,1,1.0,1,1.0,1,0.26112068257094656,38
742,1,1126,601,525,0,0,0,1.0,1,1.0,1,1.0,1,0.2585075978251481,39
743,2,1128,603,525,0,0,0,1.0,1,1.0,1,1.0,1,0.24620087490511003,39
744,3,1131,605,526,0,0,0,1.0,1,1.0,1,1.0,1,0.20411213891211638,39
745,3,1134,608,526,0,0,0,1.0,1,1.0,1,1.0,1,0.2434720052620724,39
746,2,1136,609,527,0,0,0,1.0,1,1.0,1,1.0,1,0.2682439282800219,40
747,2,1138,610,528,0,0,0,1.0,1,1.0,1,1.0,1,0.2505256156989278,41
748,4,1142,612,530,0,0,0,1.0,1,1.0,1,1.0,1,0.16909974787201712,41
749,2,1144,614,530,0,0,0,1.0,1,1.0,1,1.0,1,0.21700925361921178,41
750,2,1146,615,531,0,0,0,1.0,1,1.0,1,1.0,1,0.21841629205305674,39
751,2,1148,615,533,0,0,0,1.0,1,1.0,1,1.0,1,0.17684142039038478,41
752,5,1153,617,536,0,0,0,1.0,1,1.0,1,1.0,1,0.1727564740559059,41
753,0,1153,617,536,0,0,0,1.0,1,1.0,1,1.0,1,0.18428512899307756,41
754,4,1157,620,537,0,0,0,1.0,1,1.0,1,1.0,1,0.24051018951061456,41
755,1,1158,621,537,0,0,0,1.0,1,1.0,1,1.0,1,0.2669329348938661,41
756,2,1160,622,538,0,0,0,1.0,1,1.0,1,1.0,1,0.2546628496141102,41
757,6,1166,624,542,0,0,0,1.0,1,1.0,1,1.0,1,0.2455261359411095,39
758,0,1166,624,542,0,0,0,1.0,1,1.0,1,1.0,1,0.21758035399596298,39
759,0,1166,624,542,0,0,0,1.0,1,1.0,1,1.0,1,0.21866581768047544,39
760,3,1169,624,545,0,0,0,1.0,1,1.0,1,1.0,1,0.17378123353018518,40
761,0,1169,624,545,0,0,0,1.0,1,1.0,1,1.0,1,0.1652389885120521,41
762,1,1170,624,546,0,0,0,1.0,1,1.0,1,1.0,1,0.1555646246962299,42
763,0,1170,624,546,0,0,0,1.0,1,1.0,1,1.0,1,0.17296460366134278,43
764,0,1170,624,546,0,0,0,1.0,1,1.0,1,1.0,1,0.17296460366134278,43
765,0,1170,624,546,0,0,0,1.0,1,1.0,1,1.0,1,0.14534851268691157,45
766,2,1172,625,547,0,0,0,1.0,1,1.0,1,1.0,1,0.13688763669850101,45
767,0,1172,625,547,0,0,0,1.0,1,1.0,1,1.0,1,0.14403344306490942,46
768,0,1172,625,547,0,0,0,1.0,1,1.0,1,1.0,1,0.13667384174550784,45
769,0,1172,625,547,0,0,0,1.0,1,1.0,1,1.0,1,0.14968275113204474,46
770,0,1172,625,547,0,0,0,1.0,1,1.0,1,1.0,1,0.13493149939137714,47
771,4,1176,629,547,0,0,0,1.0,1,1.0,1,1.0,1,0.18630896503796496,47
772,0,1176,629,547,0,0,0,1.0,1,1.0,1,1.0,1,0.17443912805070702,46
773,2,1178,631,547,0,0,0,1.0,1,1.0,1,1.0,1,0.177222054111997,45
774,0,1178,631,547,0,0,0,1.0,1,1.0,1,1.0,1,0.18818450049402594,45
775,3,1181,632,549,0,0,0,1.0,1,1.0,1,1.0,1,0.17231083256893812,45
776,0,1181,632,549,0,0,0,1.0,1,1.0,1,1.0,1,0.15052597621282807,43
777,0,1181,632,549,0,0,0,1.0,1,1.0,1,1.0,1,0.16539576014768892,44
778,4,1185,635,550,0,0,0,1.0,1,1.0,1,1.0,1,0.23357610482344995,45
779,1,1186,635,551,0,0,0,1.0,1,1.0,1,1.0,1,0.21591738135302999,45
780,0,1186,635,551,0,0,0,1.0,1,1.0,1,1.0,1,0.21591738135302999,45
781,0,1186,635,551,0,0,0,1.0,1,1.0,1,1.0,1,0.20615483084611957,46
782,2,1188,635,553,0,0,0,1.0,1,1.0,1,1.0,1,0.22533281813495962,47
783,1,1189,636,553,0,0,0,1.0,1,1.0,1,1.0,1,0.18698550265776567,46
784,0,1189,636,553,0,0,0,1.0,1,1.0,1,1.0,1,0.19262332202072735,45
785,1,1190,636,554,0,0,0,1.0,1,1.0,1,1.0,1,0.21299516398437218,43
786,1,1191,637,554,0,0,0,1.0,1,1.0,1,1.0,1,0.20296674620020982,43
787,2,1193,639,554,0,0,0,1.0,1,1.0,1,1.0,1,0.2277345137999892,43
788,1,1194,640,554,0,0,0,1.0,1,1.0,1,1.0,1,0.24295796236454612,44
789,0,1194,640,554,0,0,0,1.0,1,1.0,1,1.0,1,0.22448030380597273,46
790,2,1196,641,555,0,0,0,1.0,1,1.0,1,1.0,1,0.2183492181745473,46
791,1,1197,642,555,0,0,0,1.0,1,1.0,1,1.0,1,0.24121204558562803,46
792,0,1197,642,555,0,0,0,1.0,1,1.0,1,1.0,1,0.24135299000423363,47
793,2,1199,642,557,0,0,0,1.0,1,1.0,1,1.0,1,0.2361754077321685,48
794,2,1201,643,558,0,0,0,1.0,1,1.0,1,1.0,1,0.2270139411603841,48
795,1,1202,643,559,0,0,0,1.0,1,1.0,1,1.0,1,0.20652287786722753,47
796,1,1203,644,559,0,0,0,1.0,1,1.0,1,1.0,1,0.2625394077666598,45
797,0,1203,644,559,0,0,0,1.0,1,1.0,1,1.0,1,0.28187879110158526,47
798,3,1206,646,560,0,0,0,1.0,1,1.0,1,1.0,1,0.28866480767083075,48
799,7,1213,648,565,0,0,0,1.0,1,1.0,1,1.0,1,0.2189775563007907,48
800,3,1216,650,566,0,0,0,1.0,1,1.0,1,1.0,1,0.20969826769822272,48
801,2,1218,651,567,0,0,0,1.0,1,1.0,1,1.0,1,0.19169267086863276,49
802,5,1223,653,570,0,0,0,1.0,1,1.0,1,1.0,1,0.2123837927789043,50
803,0,1223,653,570,0,0,0,1.0,1,1.0,1,1.0,1,0.2123837927789043,50
804,0,1223,653,570,0,0,0,1.0,1,1.0,1,1.0,1,0.2123837927789043,50
805,1,1224,654,570,0,0,0,1.0,1,1.0,1,1.0,1,0.24163840896900143,50
806,0,1224,654,570,0,0,0,1.0,1,1.0,1,1.0,1,0.23328305977869435,51
807,0,1224,654,570,0,0,0,1.0,1,1.0,1,1.0,1,0.23328305977869435,51
808,0,1224,654,570,0,0,0,1.0,1,1.0,1,1.0,1,0.24176836830032242,53
809,0,1224,654,570,0,0,0,1.0,1,1.0,1,1.0,1,0.22409285087304373,51
810,0,1224,654,570,0,0,0,1.0,1,1.0,1,1.0,1,0.23598888032783208,52
811,1,1225,654,571,0,0,0,1.0,1,1.0,1,1.0,1,0.2279809838257732,50
812,0,1225,654,571,0,0,0,1.0,1,1.0,1,1.0,1,0.23514461847725995,51
813,2,1227,655,572,0,0,0,1.0,1,1.0,1,1.0,1,0.24439509975396012,51
814,1,1228,656,572,0,0,0,1.0,1,1.0,1,1.0,1,0.25646504197485165,52
815,3,1231,657,574,0,0,0,1.0,1,1.0,1,1.0,1,0.29499110421803554,50
816,0,1231,657,574,0,0,0,1.0,1,1.0,1,1.0,1,0.29499110421803554,50
817,2,1233,657,576,0,0,0,1.0,1,1.0,1,1.0,1,0.25952944516479254,49
818,4,1237,658,579,0,0,0,1.0,1,1.0,1,1.0,1,0.20621814278621015,49
819,1,1238,658,580,0,0,0,1.0,1,1.0,1,1.0,1,0.1994787033773949,50
820,1,1239,659,580,0,0,0,1.0,1,1.0,1,1.0,1,0.23309519558771638,49
821,1,1240,659,581,0,0,0,1.0,1,1.0,1,1.0,1,0.21409533474753306,49
822,0,1240,659,581,0,0,0,1.0,1,1.0,1,1.0,1,0.21409533474753306,49
823,2,1242,661,581,0,0,0,1.0,1,1.0,1,1.0,1,0.2540334695653502,47
824,5,1247,665,582,0,0,0,1.0,1,1.0,1,1.0,1,0.2717245706285556,45
825,1,1248,665,583,0,0,0,1.0,1,1.0,1,1.0,1,0.2595756428196185,43
826,2,1250,667,583,0,0,0,1.0,1,1.0,1,1.0,1,0.29354661794514975,44
827,3,1253,669,584,0,0,0,1.0,1,1.0,1,1.0,1,0.2761773531166952,43
828,2,1255,670,585,0,0,0,1.0,1,1.0,1,1.0,1,0.2698286212057826,43
829,6,1261,673,588,0,0,0,1.0,1,1.0,1,1.0,1,0.24344278805215105,45
830,2,1263,673,590,0,0,0,1.0,1,1.0,1,1.0,1,0.23389741909227657,46
831,1,1264,673,591,0,0,0,1.0,1,1.0,1,1.0,1,0.22530955129272864,48
832,1,1265,673,592,0,0,0,1.0,1,1.0,1,1.0,1,0.22382458640980454,47
833,2,1267,674,593,0,0,0,1.0,1,1.0,1,1.0,1,0.2161229511265489,47
834,1,1268,675,593,0,0,0,1.0,1,1.0,1,1.0,1,0.21058060799848796,46
835,0,1268,675,593,0,0,0,1.0,1,1.0,1,1.0,1,0.22053521840070392,45
836,2,1270,676,594,0,0,0,1.0,1,1.0,1,1.0,1,0.21838253092592036,46
837,1,1271,676,595,0,0,0,1.0,1,1.0,1,1.0,1,0.18856203534508093,46
838,1,1272,676,596,0,0,0,1.0,1,1.0,1,1.0,1,0.18524384648692002,45
839,2,1274,677,597,0,0,0,1.0,1,1.0,1,1.0,1,0.18056170969857016,46
840,1,1275,677,598,0,0,0,1.0,1,1.0,1,1.0,1,0.17494090685666408,46
841,2,1277,678,599,0,0,0,1.0,1,1.0,1,1.0,1,0.20119862148649434,46
842,1,1278,679,599,0,0,0,1.0,1,1.0,1,1.0,1,0.22343983108874033,46
843,0,1278,679,599,0,0,0,1.0,1,1.0,1,1.0,1,0.22343983108874033,46
844,4,1282,681,601,0,0,0,1.0,1,1.0,1,1.0,1,0.2268319708925003,47
845,1,1283,682,601,0,0,0,1.0,1,1.0,1,1.0,1,0.27294925967568695,48
846,1,1284,682,602,0,0,0,1.0,1,1.0,1,1.0,1,0.2556801699142575,47
847,4,1288,682,606,0,0,0,1.0,1,1.0,1,1.0,1,0.19782005947235906,48
848,2,1290,682,608,0,0,0,1.0,1,1.0,1,1.0,1,0.157241991286703,48
849,1,1291,683,608,0,0,0,1.0,1,1.0,1,1.0,1,0.2077561263796865,48
850,0,1291,683,608,0,0,0,1.0,1,1.0,1,1.0,1,0.20097608905979517,46
851,0,1291,683,608,0,0,0,1.0,1,1.0,1,1.0,1,0.2294716546432863,45
852,2,1293,685,608,0,0,0,1.0,1,1.0,1,1.0,1,0.2322293674856499,44
853,2,1295,686,609,0,0,0,1.0,1,1.0,1,1.0,1,0.2132883857360286,44
854,2,1297,688,609,0,0,0,1.0,1,1.0,1,1.0,1,0.22201632946400254,45
855,0,1297,688,609,0,0,0,1.0,1,1.0,1,1.0,1,0.21115490688390484,46
856,1,1298,689,609,0,0,0,1.0,1,1.0,1,1.0,1,0.21650140487301642,46
857,0,1298,689,609,0,0,0,1.0,1,1.0,1,1.0,1,0.21059728227837185,47
858,1,1299,690,609,0,0,0,1.0,1,1.0,1,1.0,1,0.2122857550439341,48
859,1,1300,690,610,0,0,0,1.0,1,1.0,1,1.0,1,0.19264405168982773,48
860,1,1301,691,610,0,0,0,1.0,1,1.0,1,1.0,1,0.20164603443235357,49
861,1,1302,692,610,0,0,0,1.0,1,1.0,1,1.0,1,0.2244679291678206,49
862,4,1306,694,612,0,0,0,1.0,1,1.0,1,1.0,1,0.21721256216483698,49
863,2,1308,695,613,0,0,0,1.0,1,1.0,1,1.0,1,0.21980474253759288,48
864,1,1309,695,614,0,0,0,1.0,1,1.0,1,1.0,1,0.2098222137996725,49
865,1,1310,695,615,0,0,0,1.0,1,1.0,1,1.0,1,0.1915965080348712,48
866,2,1312,696,616,0,0,0,1.0,1,1.0,1,1.0,1,0.1807926697136817,50
867,1,1313,696,617,0,0,0,1.0,1,1.0,1,1.0,1,0.163026362170696,50
868,3,1316,699,617,0,0,0,1.0,1,1.0,1,1.0,1,0.21318992257914546,51
869,1,1317,699,618,0,0,0,1.0,1,1.0,1,1.0,1,0.18670124009866845,49
870,1,1318,700,618,0,0,0,1.0,1,1.0,1,1.0,1,0.21019510197169283,49
871,5,1323,702,621,0,0,0,1.0,1,1.0,1,1.0,1,0.1740657296389966,49
872,1,1324,702,622,0,0,0,1.0,1,1.0,1,1.0,1,0.13233194910075896,48
873,2,1326,704,622,0,0,0,1.0,1,1.0,1,1.0,1,0.1564156508530481,49
874,2,1328,704,624,0,0,0,1.0,1,1.0,1,1.0,1,0.12623496251969504,49
875,1,1329,705,624,0,0,0,1.0,1,1.0,1,1.0,1,0.16892095840422242,50
876,3,1332,707,625,0,0,0,1.0,1,1.0,1,1.0,1,0.15708613914033367,50
877,4,1336,710,626,0,0,0,1.0,1,1.0,1,1.0,1,0.19102713347832992,50
878,1,1337,711,626,0,0,0,1.0,1,1.0,1,1.0,1,0.19812681223717832,49
879,2,1339,713,626,0,0,0,1.0,1,1.0,1,1.0,1,0.2398689230904325,49
880,7,1346,714,632,0,0,0,1.0,1,1.0,1,1.0,1,0.14895761996731283,48
881,3,1349,716,633,0,0,0,1.0,1,1.0,1,1.0,1,0.1436381031706495,49
882,0,1349,716,633,0,0,0,1.0,1,1.0,1,1.0,1,0.17079504971678744,48
883,0,1349,716,633,0,0,0,1.0,1,1.0,1,1.0,1,0.1619006148580084,50
884,0,1349,716,633,0,0,0,1.0,1,1.0,1,1.0,1,0.16033858776178445,50
885,2,1351,718,633,0,0,0,1.0,1,1.0,1,1.0,1,0.1500469902759094,49
886,1,1352,719,633,0,0,0,1.0,1,1.0,1,1.0,1,0.1875270248352781,49
887,0,1352,719,633,0,0,0,1.0,1,1.0,1,1.0,1,0.1866836735793953,49
888,0,1352,719,633,0,0,0,1.0,1,1.0,1,1.0,1,0.2011360944143461,47
889,1,1353,720,633,0,0,0,1.0,1,1.0,1,1.0,1,0.2267625860655758,46
890,0,1353,720,633,0,0,0,1.0,1,1.0,1,1.0,1,0.23666225395855936,44
891,0,1353,720,633,0,0,0,1.0,1,1.0,1,1.0,1,0.24797444453886805,45
892,2,1355,721,634,0,0,0,1.0,1,1.0,1,1.0,1,0.2702036181178671,45
893,0,1355,721,634,0,0,0,1.0,1,1.0,1,1.0,1,0.2702036181178671,45
894,1,1356,721,635,0,0,0,1.0,1,1.0,1,1.0,1,0.2213165350613981,44
895,1,1357,722,635,0,0,0,1.0,1,1.0,1,1.0,1,0.2447070993679383,45
896,2,1359,723,636,0,0,0,1.0,1,1.0,1,1.0,1,0.23110307081460008,44
897,0,1359,723,636,0,0,0,1.0,1,1.0,1,1.0,1,0.23110307081460008,44
898,1,1360,723,637,0,0,0,1.0,1,1.0,1,1.0,1,0.22293342982394693,45
899,0,1360,723,637,0,0,0,1.0,1,1.0,1,1.0,1,0.24421302087556102,44
900,3,1363,724,639,0,0,0,1.0,1,1.0,1,1.0,1,0.2447331370325036,46
901,3,1366,724,642,0,0,0,1.0,1,1.0,1,1.0,1,0.2048402508721495,45
902,2,1368,726,642,0,0,0,1.0,1,1.0,1,1.0,1,0.2091101068542975,45
903,2,1370,727,643,0,0,0,1.0,1,1.0,1,1.0,1,0.2443844102988046,44
904,3,1373,727,646,0,0,0,1.0,1,1.0,1,1.0,1,0.1849205793658841,45
905,1,1374,727,647,0,0,0,1.0,1,1.0,1,1.0,1,0.20548760294525148,45
906,1,1375,728,647,0,0,0,1.0,1,1.0,1,1.0,1,0.22951302841915971,45
907,2,1377,729,648,0,0,0,1.0,1,1.0,1,1.0,1,0.21975701734566733,46
908,4,1381,731,650,0,0,0,1.0,1,1.0,1,1.0,1,0.18962690138879296,46
909,5,1386,735,651,0,0,0,1.0,1,1.0,1,1.0,1,0.2134554520265408,46
910,6,1392,735,657,0,0,0,1.0,1,1.0,1,1.0,1,0.10732800259593445,44
911,1,1393,736,657,0,0,0,1.0,1,1.0,1,1.0,1,0.11343403985439435,45
912,0,1393,736,657,0,0,0,1.0,1,1.0,1,1.0,1,0.11919246214248082,44
913,0,1393,736,657,0,0,0,1.0,1,1.0,1,1.0,1,0.1356945481072179,45
914,2,1395,738,657,0,0,0,1.0,1,1.0,1,1.0,1,0.1784758657578758,45
915,1,1396,738,658,0,0,0,1.0,1,1.0,1,1.0,1,0.17223030936143954,45
916,0,1396,738,658,0,0,0,1.0,1,1.0,1,1.0,1,0.17223030936143954,45
917,1,1397,738,659,0,0,0,1.0,1,1.0,1,1.0,1,0.17899511873834062,46
918,1,1398,739,659,0,0,0,1.0,1,1.0,1,1.0,1,0.208842693190243,47
919,1,1399,740,659,0,0,0,1.0,1,1.0,1,1.0,1,0.22575574551094413,47
920,1,1400,740,660,0,0,0,1.0,1,1.0,1,1.0,1,0.2174172472528574,47
921,5,1405,742,663,0,0,0,1.0,1,1.0,1,1.0,1,0.17607759466205308,49
922,3,1408,744,664,0,0,0,1.0,1,1.0,1,1.0,1,0.14192543453567763,49
923,1,1409,745,664,0,0,0,1.0,1,1.0,1,1.0,1,0.18180792487631572,47
924,0,1409,745,664,0,0,0,1.0,1,1.0,1,1.0,1,0.18180792487631572,47
925,3,1412,747,665,0,0,0,1.0,1,1.0,1,1.0,1,0.21569723442892277,47
926,1,1413,747,666,0,0,0,1.0,1,1.0,1,1.0,1,0.21881930854269185,46
927,0,1413,747,666,0,0,0,1.0,1,1.0,1,1.0,1,0.23413481355348278,45
928,2,1415,747,668,0,0,0,1.0,1,1.0,1,1.0,1,0.22996165350323006,43
929,0,1415,747,668,0,0,0,1.0,1,1.0,1,1.0,1,0.2532498593264763,42
930,1,1416,748,668,0,0,0,1.0,1,1.0,1,1.0,1,0.2667054744596456,41
931,3,1419,749,670,0,0,0,1.0,1,1.0,1,1.0,1,0.24021355421629528,40
932,3,1422,749,673,0,0,0,1.0,1,1.0,1,1.0,1,0.16971384372963702,40
933,2,1424,751,673,0,0,0,1.0,1,1.0,1,1.0,1,0.19656811711992042,39
934,1,1425,752,673,0,0,0,1.0,1,1.0,1,1.0,1,0.22002307705620436,39
935,5,1430,754,676,0,0,0,1.0,1,1.0,1,1.0,1,0.22164694322918443,41
936,0,1430,754,676,0,0,0,1.0,1,1.0,1,1.0,1,0.19514452963621093,42
937,0,1430,754,676,0,0,0,1.0,1,1.0,1,1.0,1,0.20731014441940634,43
938,1,1431,754,677,0,0,0,1.0,1,1.0,1,1.0,1,0.20411060868291783,44
939,1,1432,754,678,0,0,0,1.0,1,1.0,1,1.0,1,0.2143585806576356,46
940,0,1432,754,678,0,0,0,1.0,1,1.0,1,1.0,1,0.2195647358133345,46
941,0,1432,754,678,0,0,0,1.0,1,1.0,1,1.0,1,0.2195647358133345,46
942,2,1434,756,678,0,0,0,1.0,1,1.0,1,1.0,1,0.25228531361462436,46
943,2,1436,757,679,0,0,0,1.0,1,1.0,1,1.0,1,0.23144460788407453,45
944,1,1437,758,679,0,0,0,1.0,1,1.0,1,1.0,1,0.22864560668771902,45
945,4,1441,759,682,0,0,0,1.0,1,1.0,1,1.0,1,0.14394570638477064,44
946,2,1443,760,683,0,0,0,1.0,1,1.0,1,1.0,1,0.16269178172023982,46
947,0,1443,760,683,0,0,0,1.0,1,1.0,1,1.0,1,0.14901057398044343,44
948,1,1444,761,683,0,0,0,1.0,1,1.0,1,1.0,1,0.17450099728959748,44
949,3,1447,762,685,0,0,0,1.0,1,1.0,1,1.0,1,0.19632573404990228,44
950,1,1448,763,685,0,0,0,1.0,1,1.0,1,1.0,1,0.21315539343466924,43
951,0,1448,763,685,0,0,0,1.0,1,1.0,1,1.0,1,0.2328028401448248,42
952,2,1450,764,686,0,0,0,1.0,1,1.0,1,1.0,1,0.2529838079620692,42
953,1,1451,764,687,0,0,0,1.0,1,1.0,1,1.0,1,0.22241315058428943,41
954,0,1451,764,687,0,0,0,1.0,1,1.0,1,1.0,1,0.2488824118572054,40
955,1,1452,764,688,0,0,0,1.0,1,1.0,1,1.0,1,0.22836406088185301,42
956,2,1454,766,688,0,0,0,1.0,1,1.0,1,1.0,1,0.23606646582766982,43
957,1,1455,766,689,0,0,0,1.0,1,1.0,1,1.0,1,0.2126649420108763,42
958,0,1455,766,689,0,0,0,1.0,1,1.0,1,1.0,1,0.22073553173530744,43
959,2,1457,767,690,0,0,0,1.0,1,1.0,1,1.0,1,0.2453103235044004,45
960,3,1460,768,692,0,0,0,1.0,1,1.0,1,1.0,1,0.24821769922081657,47
961,1,1461,769,692,0,0,0,1.0,1,1.0,1,1.0,1,0.2952325556693221,45
962,4,1465,771,694,0,0,0,1.0,1,1.0,1,1.0,1,0.3585539581825398,45
963,1,1466,772,694,0,0,0,1.0,1,1.0,1,1.0,1,0.3901508421961161,44
964,3,1469,772,697,0,0,0,1.0,1,1.0,1,1.0,1,0.31112584669233595,44
965,1,1470,772,698,0,0,0,1.0,1,1.0,1,1.0,1,0.29161709500259925,45
966,2,1472,772,700,0,0,0,1.0,1,1.0,1,1.0,1,0.24389389714468868,43
967,1,1473,772,701,0,0,0,1.0,1,1.0,1,1.0,1,0.23253443989163528,43
968,0,1473,772,701,0,0,0,1.0,1,1.0,1,1.0,1,0.23147560745363605,43
969,0,1473,772,701,0,0,0,1.0,1,1.0,1,1.0,1,0.2503668697352105,42
970,1,1474,773,701,0,0,0,1.0,1,1.0,1,1.0,1,0.2683342512702409,42
971,0,1474,773,701,0,0,0,1.0,1,1.0,1,1.0,1,0.2683342512702409,42
972,1,1475,774,701,0,0,0,1.0,1,1.0,1,1.0,1,0.26509453017546963,42
973,1,1476,774,702,0,0,0,1.0,1,1.0,1,1.0,1,0.2586768470735294,43
974,3,1479,776,703,0,0,0,1.0,1,1.0,1,1.0,1,0.24044552221964685,43
975,1,1480,776,704,0,0,0,1.0,1,1.0,1,1.0,1,0.2274068547338693,43
976,1,1481,776,705,0,0,0,1.0,1,1.0,1,1.0,1,0.2356969287223726,45
977,0,1481,776,705,0,0,0,1.0,1,1.0,1,1.0,1,0.2559540355452957,44
978,1,1482,777,705,0,0,0,1.0,1,1.0,1,1.0,1,0.2697627171997347,44
979,2,1484,777,707,0,0,0,1.0,1,1.0,1,1.0,1,0.2476911143825266,45
980,2,1486,779,707,0,0,0,1.0,1,1.0,1,1.0,1,0.2866032993216444,45
981,2,1488,780,708,0,0,0,1.0,1,1.0,1,1.0,1,0.26735075006223535,45
982,2,1490,781,709,0,0,0,1.0,1,1.0,1,1.0,1,0.30852961228579945,46
983,4,1494,783,711,0,0,0,1.0,1,1.0,1,1.0,1,0.31020377620238043,45
984,0,1494,783,711,0,0,0,1.0,1,1.0,1,1.0,1,0.28380226973975564,45
985,4,1498,787,711,0,0,0,1.0,1,1.0,1,1.0,1,0.344721705057337,45
986,3,1501,790,711,0,0,0,1.0,1,1.0,1,1.0,1,0.38820216368748306,44
987,4,1505,790,715,0,0,0,1.0,1,1.0,1,1.0,1,0.35501697318793546,45
988,3,1508,792,716,0,0,0,1.0,1,1.0,1,1.0,1,0.3634136608695591,44
989,2,1510,793,717,0,0,0,1.0,1,1.0,1,1.0,1,0.3624286370451798,43
990,1,1511,794,717,0,0,0,1.0,1,1.0,1,1.0,1,0.3486459875673608,42
991,1,1512,794,718,0,0,0,1.0,1,1.0,1,1.0,1,0.31451691522699965,42
992,0,1512,794,718,0,0,0,1.0,1,1.0,1,1.0,1,0.3076783597082083,43
993,1,1513,795,718,0,0,0,1.0,1,1.0,1,1.0,1,0.3277218503256494,43
994,2,1515,796,719,0,0,0,1.0,1,1.0,1,1.0,1,0.35267493591996607,43
995,1,1516,796,720,0,0,0,1.0,1,1.0,1,1.0,1,0.3214482676826093,43
996,1,1517,796,721,0,0,0,1.0,1,1.0,1,1.0,1,0.32670960834547985,44
997,2,1519,796,723,0,0,0,1.0,1,1.0,1,1.0,1,0.30212712209783316,44
998,1,1520,796,724,0,0,0,1.0,1,1.0,1,1.0,1,0.2976359211010959,45
999,0,1520,796,724,0,0,0,1.0,1,1.0,1,1.0,1,0.30354158342918297,42
1000,0,1520,796,724,0,0,0,1.0,1,1.0,1,1.0,1,0.3087867509925159,43
1001,0,1520,796,724,0,0,0,1.0,1,1.0,1,1.0,1,0.3346125630597284,42
1002,0,1520,796,724,0,0,0,1.0,1,1.0,1,1.0,1,0.3273237400520859,43
1003,0,1520,796,724,0,0,0,1.0,1,1.0,1,1.0,1,0.3273237400520859,43
1004,0,1520,796,724,0,0,0,1.0,1,1.0,1,1.0,1,0.3273237400520859,43
1005,0,1520,796,724,0,0,0,1.0,1,1.0,1,1.0,1,0.3402272616845749,44
1006,5,1525,796,729,0,0,0,1.0,1,1.0,1,1.0,1,0.26375382241434797,46
1007,2,1527,796,731,0,0,0,1.0,1,1.0,1,1.0,1,0.23627872386583845,46
1008,0,1527,796,731,0,0,0,1.0,1,1.0,1,1.0,1,0.24839056658457884,47
1009,1,1528,796,732,0,0,0,1.0,1,1.0,1,1.0,1,0.2434453786947991,48
1010,1,1529,797,732,0,0,0,1.0,1,1.0,1,1.0,1,0.23631999407692839,48
1011,3,1532,797,735,0,0,0,1.0,1,1.0,1,1.0,1,0.18807407620886016,48
1012,2,1534,799,735,0,0,0,1.0,1,1.0,1,1.0,1,0.22492178338526808,49
1013,0,1534,799,735,0,0,0,1.0,1,1.0,1,1.0,1,0.20894006617351502,50
1014,1,1535,800,735,0,0,0,1.0,1,1.0,1,1.0,1,0.2254903498959822,50
1015,2,1537,800,737,0,0,0,1.0,1,1.0,1,1.0,1,0.217033515453763,51
1016,1,1538,801,737,0,0,0,1.0,1,1.0,1,1.0,1,0.22490756374729842,51
1017,3,1541,801,740,0,0,0,1.0,1,1.0,1,1.0,1,0.20236494150229284,52
1018,1,1542,802,740,0,0,0,1.0,1,1.0,1,1.0,1,0.2203344032047042,52
1019,1,1543,802,741,0,0,0,1.0,1,1.0,1,1.0,1,0.22323824859612765,52
1020,2,1545,803,742,0,0,0,1.0,1,1.0,1,1.0,1,0.18442338190693838,53
1021,3,1548,803,745,0,0,0,1.0,1,1.0,1,1.0,1,0.16749805880482946,53
1022,0,1548,803,745,0,0,0,1.0,1,1.0,1,1.0,1,0.16296524113432734,54
1023,1,1549,804,745,0,0,0,1.0,1,1.0,1,1.0,1,0.17682568022140674,55
1024,1,1550,805,745,0,0,0,1.0,1,1.0,1,1.0,1,0.18162743762336692,55
1025,0,1550,805,745,0,0,0,1.0,1,1.0,1,1.0,1,0.17460617866859174,56
1026,1,1551,806,745,0,0,0,1.0,1,1.0,1,1.0,1,0.22385101351726996,57
1027,2,1553,806,747,0,0,0,1.0,1,1.0,1,1.0,1,0.20828977515037075,58
1028,1,1554,807,747,0,0,0,1.0,1,1.0,1,1.0,1,0.22422396413586082,58
1029,2,1556,809,747,0,0,0,1.0,1,1.0,1,1.0,1,0.23558386427895406,59
1030,2,1558,809,749,0,0,0,1.0,1,1.0,1,1.0,1,0.21953340486499343,60
1031,0,1558,809,749,0,0,0,1.0,1,1.0,1,1.0,1,0.21953340486499343,60
1032,1,1559,809,750,0,0,0,1.0,1,1.0,1,1.0,1,0.21660359450324418,61
1033,4,1563,810,753,0,0,0,1.0,1,1.0,1,1.0,1,0.16024344290130393,60
1034,4,1567,814,753,0,0,0,1.0,1,1.0,1,1.0,1,0.17522889211747364,60
1035,2,1569,815,754,0,0,0,1.0,1,1.0,1,1.0,1,0.15623915004822936,59
1036,2,1571,816,755,0,0,0,1.0,1,1.0,1,1.0,1,0.14857404042248526,60
1037,2,1573,818,755,0,0,0,1.0,1,1.0,1,1.0,1,0.1724387507471561,59
1038,4,1577,821,756,0,0,0,1.0,1,1.0,1,1.0,1,0.19675131382291802,60
1039,5,1582,823,759,0,0,0,1.0,1,1.0,1,1.0,1,0.206220386114251,60
1040,2,1584,824,760,0,0,0,1.0,1,1.0,1,1.0,1,0.23250633397665263,58
1041,1,1585,825,760,0,0,0,1.0,1,1.0,1,1.0,1,0.2345432242269823,56
1042,2,1587,825,762,0,0,0,1.0,1,1.0,1,1.0,1,0.21994752548572724,55
1043,0,1587,825,762,0,0,0,1.0,1,1.0,1,1.0,1,0.21994752548572724,55
1044,1,1588,826,762,0,0,0,1.0,1,1.0,1,1.0,1,0.21293006041621004,52
1045,1,1589,826,763,0,0,0,1.0,1,1.0,1,1.0,1,0.20255400268141138,52
1046,2,1591,827,764,0,0,0,1.0,1,1.0,1,1.0,1,0.19529695158036786,53
1047,1,1592,827,765,0,0,0,1.0,1,1.0,1,1.0,1,0.1769747174297148,54
1048,2,1594,828,766,0,0,0,1.0,1,1.0,1,1.0,1,0.20011799275168077,56
1049,2,1596,830,766,0,0,0,1.0,1,1.0,1,1.0,1,0.21011642149628817,55
1050,0,1596,830,766,0,0,0,1.0,1,1.0,1,1.0,1,0.21352792857103534,56
1051,1,1597,831,766,0,0,0,1.0,1,1.0,1,1.0,1,0.18294006695485518,55
1052,1,1598,832,766,0,0,0,1.0,1,1.0,1,1.0,1,0.19578090718100966,56
1053,0,1598,832,766,0,0,0,1.0,1,1.0,1,1.0,1,0.19578090718100966,56
1054,3,1601,833,768,0,0,0,1.0,1,1.0,1,1.0,1,0.16423316992305792,57
1055,1,1602,834,768,0,0,0,1.0,1,1.0,1,1.0,1,0.1671777691926287,58
1056,0,1602,834,768,0,0,0,1.0,1,1.0,1,1.0,1,0.17854574783967767,59
1057,1,1603,834,769,0,0,0,1.0,1,1.0,1,1.0,1,0.1722968813068706,60
1058,3,1606,835,771,0,0,0,1.0,1,1.0,1,1.0,1,0.1839130447250281,60
1059,0,1606,835,771,0,0,0,1.0,1,1.0,1,1.0,1,0.1839130447250281,60
1060,1,1607,836,771,0,0,0,1.0,1,1.0,1,1.0,1,0.18354041693641043,60
1061,4,1611,839,772,0,0,0,1.0,1,1.0,1,1.0,1,0.17058241656131895,59
1062,2,1613,841,772,0,0,0,1.0,1,1.0,1,1.0,1,0.18953109691134654,59
1063,3,1616,843,773,0,0,0,1.0,1,1.0,1,1.0,1,0.19112015468016053,58
1064,7,1623,846,777,0,0,0,1.0,1,1.0,1,1.0,1,0.23204844479052109,58
1065,3,1626,848,778,0,0,0,1.0,1,1.0,1,1.0,1,0.2109045518386475,60
1066,6,1632,850,782,0,0,0,1.0,1,1.0,1,1.0,1,0.18712494182669212,58
1067,3,1635,851,784,0,0,0,1.0,1,1.0,1,1.0,1,0.19314401333928422,59
1068,2,1637,852,785,0,0,0,1.0,1,1.0,1,1.0,1,0.1931716032927005,59
1069,1,1638,852,786,0,0,0,1.0,1,1.0,1,1.0,1,0.216305752513417,58
1070,2,1640,853,787,0,0,0,1.0,1,1.0,1,1.0,1,0.1980255212592823,58
1071,2,1642,854,788,0,0,0,1.0,1,1.0,1,1.0,1,0.20114036339122937,57
1072,1,1643,854,789,0,0,0,1.0,1,1.0,1,1.0,1,0.18330658409838757,56
1073,0,1643,854,789,0,0,0,1.0,1,1.0,1,1.0,1,0.214635838160508,54
1074,1,1644,855,789,0,0,0,1.0,1,1.0,1,1.0,1,0.21199738479511848,54
1075,1,1645,856,789,0,0,0,1.0,1,1.0,1,1.0,1,0.20899998281982798,51
1076,2,1647,856,791,0,0,0,1.0,1,1.0,1,1.0,1,0.1828528917032759,51
1077,1,1648,856,792,0,0,0,1.0,1,1.0,1,1.0,1,0.17052343310174245,51
1078,3,1651,858,793,0,0,0,1.0,1,1.0,1,1.0,1,0.16998916253340537,52
1079,5,1656,862,794,0,0,0,1.0,1,1.0,1,1.0,1,0.1801120178136957,51
1080,2,1658,864,794,0,0,0,1.0,1,1.0,1,1.0,1,0.21362020809200405,51
1081,0,1658,864,794,0,0,0,1.0,1,1.0,1,1.0,1,0.2356254131190403,48
1082,1,1659,865,794,0,0,0,1.0,1,1.0,1,1.0,1,0.2966672301577711,47
1083,1,1660,866,794,0,0,0,1.0,1,1.0,1,1.0,1,0.33671181177566234,46
1084,0,1660,866,794,0,0,0,1.0,1,1.0,1,1.0,1,0.32699658881669225,45
1085,1,1661,867,794,0,0,0,1.0,1,1.0,1,1.0,1,0.33730921468460356,46
1086,2,1663,867,796,0,0,0,1.0,1,1.0,1,1.0,1,0.30474325039887556,45
1087,2,1665,867,798,0,0,0,1.0,1,1.0,1,1.0,1,0.2746310376584301,44
1088,1,1666,867,799,0,0,0,1.0,1,1.0,1,1.0,1,0.259166053294862,45
1089,2,1668,868,800,0,0,0,1.0,1,1.0,1,1.0,1,0.26479337610389253,46
1090,0,1668,868,800,0,0,0,1.0,1,1.0,1,1.0,1,0.26418023429105775,47
1091,1,1669,869,800,0,0,0,1.0,1,1.0,1,1.0,1,0.27136985119449775,47
1092,1,1670,869,801,0,0,0,1.0,1,1.0,1,1.0,1,0.24823930141656075,48
1093,1,1671,870,801,0,0,0,1.0,1,1.0,1,1.0,1,0.25866478192294723,48
1094,2,1673,872,801,0,0,0,1.0,1,1.0,1,1.0,1,0.2918142686117436,48
1095,5,1678,873,805,0,0,0,1.0,1,1.0,1,1.0,1,0.24234760973843755,49
1096,0,1678,873,805,0,0,0,1.0,1,1.0,1,1.0,1,0.24234760973843755,49
1097,2,1680,875,805,0,0,0,1.0,1,1.0,1,1.0,1,0.24800278013522745,50
1098,3,1683,875,808,0,0,0,1.0,1,1.0,1,1.0,1,0.20717260118842923,51
1099,0,1683,875,808,0,0,0,1.0,1,1.0,1,1.0,1,0.1963966275176508,54
1100,1,1684,875,809,0,0,0,1.0,1,1.0,1,1.0,1,0.1768578107050925,54
1101,1,1685,875,810,0,0,0,1.0,1,1.0,1,1.0,1,0.16819552678711305,54
1102,3,1688,877,811,0,0,0,1.0,1,1.0,1,1.0,1,0.18216689098770955,54
1103,2,1690,878,812,0,0,0,1.0,1,1.0,1,1.0,1,0.1769177442017405,53
1104,2,1692,880,812,0,0,0,1.0,1,1.0,1,1.0,1,0.1731705413429402,53
1105,2,1694,881,813,0,0,0,1.0,1,1.0,1,1.0,1,0.1733238460671392,52
1106,1,1695,882,813,0,0,0,1.0,1,1.0,1,1.0,1,0.19842386534810214,52
1107,6,1701,884,817,0,0,0,1.0,1,1.0,1,1.0,1,0.17611915163829195,52
1108,2,1703,885,818,0,0,0,1.0,1,1.0,1,1.0,1,0.18429151190522805,51
1109,3,1706,888,818,0,0,0,1.0,1,1.0,1,1.0,1,0.2005742749749271,49
1110,1,1707,889,818,0,0,0,1.0,1,1.0,1,1.0,1,0.2248566585722194,48
1111,2,1709,891,818,0,0,0,1.0,1,1.0,1,1.0,1,0.2853045591550097,47
1112,2,1711,892,819,0,0,0,1.0,1,1.0,1,1.0,1,0.31433543601960773,46
1113,1,1712,893,819,0,0,0,1.0,1,1.0,1,1.0,1,0.3350885805708478,43
1114,2,1714,893,821,0,0,0,1.0,1,1.0,1,1.0,1,0.33221083153995135,41
1115,4,1718,894,824,0,0,0,1.0,1,1.0,1,1.0,1,0.2888486198106119,40
1116,2,1720,895,825,0,0,0,1.0,1,1.0,1,1.0,1,0.25328035903866547,39
1117,4,1724,898,826,0,0,0,1.0,1,1.0,1,1.0,1,0.30360740345771625,40
1118,3,1727,899,828,0,0,0,1.0,1,1.0,1,1.0,1,0.2639705618452853,40
1119,1,1728,899,829,0,0,0,1.0,1,1.0,1,1.0,1,0.23430913824923819,40
1120,1,1729,899,830,0,0,0,1.0,1,1.0,1,1.0,1,0.2191376634397598,40
1121,1,1730,900,830,0,0,0,1.0,1,1.0,1,1.0,1,0.2351694153154319,40
1122,0,1730,900,830,0,0,0,1.0,1,1.0,1,1.0,1,0.2377659144857013,41
1123,1,1731,901,830,0,0,0,1.0,1,1.0,1,1.0,1,0.25870669888015385,41
1124,1,1732,901,831,0,0,0,1.0,1,1.0,1,1.0,1,0.2513516125549612,41
1125,4,1736,902,834,0,0,0,1.0,1,1.0,1,1.0,1,0.27400012248797284,41
1126,1,1737,903,834,0,0,0,1.0,1,1.0,1,1.0,1,0.21896606154829332,41
1127,0,1737,903,834,0,0,0,1.0,1,1.0,1,1.0,1,0.21896606154829332,41
1128,0,1737,903,834,0,0,0,1.0,1,1.0,1,1.0,1,0.23785647909544294,42
1129,1,1738,904,834,0,0,0,1.0,1,1.0,1,1.0,1,0.2525902471025726,42
1130,1,1739,904,835,0,0,0,1.0,1,1.0,1,1.0,1,0.23786277249433865,42
1131,1,1740,905,835,0,0,0,1.0,1,1.0,1,1.0,1,0.2177359697059288,42
1132,0,1740,905,835,0,0,0,1.0,1,1.0,1,1.0,1,0.19387788813990828,43
1133,1,1741,905,836,0,0,0,1.0,1,1.0,1,1.0,1,0.16204936264653685,45
1134,2,1743,905,838,0,0,0,1.0,1,1.0,1,1.0,1,0.14025575435694357,46
1135,0,1743,905,838,0,0,0,1.0,1,1.0,1,1.0,1,0.15267207975386576,45
1136,1,1744,905,839,0,0,0,1.0,1,1.0,1,1.0,1,0.15178272022574096,48
1137,2,1746,905,841,0,0,0,1.0,1,1.0,1,1.0,1,0.16096681964551812,49
1138,0,1746,905,841,0,0,0,1.0,1,1.0,1,1.0,1,0.16096681964551812,49
1139,1,1747,905,842,0,0,0,1.0,1,1.0,1,1.0,1,0.17374499574400243,49
1140,1,1748,906,842,0,0,0,1.0,1,1.0,1,1.0,1,0.17920596553037363,49
1141,4,1752,908,844,0,0,0,1.0,1,1.0,1,1.0,1,0.21535625395943697,48
1142,5,1757,912,845,0,0,0,1.0,1,1.0,1,1.0,1,0.17237756953823238,48
1143,6,1763,916,847,0,0,0,1.0,1,1.0,1,1.0,1,0.1754395704336617,48
1144,3,1766,918,848,0,0,0,1.0,1,1.0,1,1.0,1,0.17872195147957823,48
1145,3,1769,920,849,0,0,0,1.0,1,1.0,1,1.0,1,0.2073105558875833,48
1146,2,1771,922,849,0,0,0,1.0,1,1.0,1,1.0,1,0.2362734218546419,48
1147,3,1774,922,852,0,0,0,1.0,1,1.0,1,1.0,1,0.1699887233824987,46
1148,4,1778,924,854,0,0,0,1.0,1,1.0,1,1.0,1,0.1397780972435784,46
1149,3,1781,925,856,0,0,0,1.0,1,1.0,1,1.0,1,0.2392426502584622,45
1150,4,1785,925,860,0,0,0,1.0,1,1.0,1,1.0,1,0.19876075328620393,46
1151,5,1790,927,863,0,0,0,1.0,1,1.0,1,1.0,1,0.19965378095688646,44
1152,1,1791,927,864,0,0,0,1.0,1,1.0,1,1.0,1,0.14067399173319464,44
1153,2,1793,929,864,0,0,0,1.0,1,1.0,1,1.0,1,0.16134137903543003,43
1154,2,1795,931,864,0,0,0,1.0,1,1.0,1,1.0,1,0.14903665282720086,43
1155,1,1796,932,864,0,0,0,1.0,1,1.0,1,1.0,1,0.18446700369328164,43
1156,0,1796,932,864,0,0,0,1.0,1,1.0,1,1.0,1,0.16973073480578235,42
1157,1,1797,933,864,0,0,0,1.0,1,1.0,1,1.0,1,0.19336164943489198,42
1158,0,1797,933,864,0,0,0,1.0,1,1.0,1,1.0,1,0.17919772804520004,41
1159,0,1797,933,864,0,0,0,1.0,1,1.0,1,1.0,1,0.1806348901466384,41
1160,0,1797,933,864,0,0,0,1.0,1,1.0,1,1.0,1,0.1806348901466384,41
1161,0,1797,933,864,0,0,0,1.0,1,1.0,1,1.0,1,0.20031945065511952,42
1162,0,1797,933,864,0,0,0,1.0,1,1.0,1,1.0,1,0.2109096201170063,43
1163,0,1797,933,864,0,0,0,1.0,1,1.0,1,1.0,1,0.2109096201170063,43
1164,0,1797,933,864,0,0,0,1.0,1,1.0,1,1.0,1,0.19692171286065568,44
1165,0,1797,933,864,0,0,0,1.0,1,1.0,1,1.0,1,0.19692171286065568,44
1166,2,1799,934,865,0,0,0,1.0,1,1.0,1,1.0,1,0.20639130959293334,46
1167,1,1800,935,865,0,0,0,1.0,1,1.0,1,1.0,1,0.21634238324769664,46
1168,2,1802,935,867,0,0,0,1.0,1,1.0,1,1.0,1,0.1817161286126679,47
1169,2,1804,937,867,0,0,0,1.0,1,1.0,1,1.0,1,0.16474291476730338,46
1170,0,1804,937,867,0,0,0,1.0,1,1.0,1,1.0,1,0.16930578029039073,48
1171,2,1806,939,867,0,0,0,1.0,1,1.0,1,1.0,1,0.20167194801805316,49
1172,0,1806,939,867,0,0,0,1.0,1,1.0,1,1.0,1,0.20167194801805316,49
1173,0,1806,939,867,0,0,0,1.0,1,1.0,1,1.0,1,0.20167194801805316,49
1174,1,1807,940,867,0,0,0,1.0,1,1.0,1,1.0,1,0.209671093175233,49
1175,1,1808,940,868,0,0,0,1.0,1,1.0,1,1.0,1,0.21159305203410755,50
1176,2,1810,940,870,0,0,0,1.0,1,1.0,1,1.0,1,0.21979507520114097,52
1177,3,1813,943,870,0,0,0,1.0,1,1.0,1,1.0,1,0.2220574645606852,52
1178,0,1813,943,870,0,0,0,1.0,1,1.0,1,1.0,1,0.2220574645606852,52
1179,0,1813,943,870,0,0,0,1.0,1,1.0,1,1.0,1,0.21143928362345665,53
1180,0,1813,943,870,0,0,0,1.0,1,1.0,1,1.0,1,0.206626652783153,54
1181,0,1813,943,870,0,0,0,1.0,1,1.0,1,1.0,1,0.2151073626341466,55
1182,0,1813,943,870,0,0,0,1.0,1,1.0,1,1.0,1,0.2151073626341466,55
1183,3,1816,945,871,0,0,0,1.0,1,1.0,1,1.0,1,0.22233274593562408,53
1184,2,1818,947,871,0,0,0,1.0,1,1.0,1,1.0,1,0.2503035954263892,54
1185,0,1818,947,871,0,0,0,1.0,1,1.0,1,1.0,1,0.25084552881270755,53
1186,3,1821,948,873,0,0,0,1.0,1,1.0,1,1.0,1,0.2662891519960876,54
1187,6,1827,949,878,0,0,0,1.0,1,1.0,1,1.0,1,0.243441780144973,55
1188,0,1827,949,878,0,0,0,1.0,1,1.0,1,1.0,1,0.243441780144973,55
1189,4,1831,949,882,0,0,0,1.0,1,1.0,1,1.0,1,0.17526829686574674,54
1190,0,1831,949,882,0,0,0,1.0,1,1.0,1,1.0,1,0.16423831986069332,55
1191,1,1832,949,883,0,0,0,1.0,1,1.0,1,1.0,1,0.14782939213437818,54
1192,4,1836,950,886,0,0,0,1.0,1,1.0,1,1.0,1,0.12817853946591173,52
1193,0,1836,950,886,0,0,0,1.0,1,1.0,1,1.0,1,0.12974339561859505,53
1194,2,1838,952,886,0,0,0,1.0,1,1.0,1,1.0,1,0.15934729837661357,53
1195,1,1839,953,886,0,0,0,1.0,1,1.0,1,1.0,1,0.1450187382587783,54
1196,1,1840,954,886,0,0,0,1.0,1,1.0,1,1.0,1,0.1491343077906368,56
1197,4,1844,957,887,0,0,0,1.0,1,1.0,1,1.0,1,0.18832895912174413,56
1198,3,1847,958,889,0,0,0,1.0,1,1.0,1,1.0,1,0.17852736710882244,58
1199,1,1848,959,889,0,0,0,1.0,1,1.0,1,1.0,1,0.20062419105507662,58
1200,1,1849,959,890,0,0,0,1.0,1,1.0,1,1.0,1,0.18602665433902096,58
1201,2,1851,960,891,0,0,0,1.0,1,1.0,1,1.0,1,0.18219266467758083,58
1202,4,1855,960,895,0,0,0,1.0,1,1.0,1,1.0,1,0.1117053682974161,60
1203,0,1855,960,895,0,0,0,1.0,1,1.0,1,1.0,1,0.12660611034191846,58
1204,3,1858,961,897,0,0,0,1.0,1,1.0,1,1.0,1,0.11325149906714876,59
1205,1,1859,962,897,0,0,0,1.0,1,1.0,1,1.0,1,0.13155350141608513,59
1206,0,1859,962,897,0,0,0,1.0,1,1.0,1,1.0,1,0.15148165402652736,58
1207,0,1859,962,897,0,0,0,1.0,1,1.0,1,1.0,1,0.16251629235714907,60
1208,0,1859,962,897,0,0,0,1.0,1,1.0,1,1.0,1,0.16251629235714907,60
1209,1,1860,962,898,0,0,0,1.0,1,1.0,1,1.0,1,0.16377002153638875,61
1210,0,1860,962,898,0,0,0,1.0,1,1.0,1,1.0,1,0.16377002153638875,61
1211,0,1860,962,898,0,0,0,1.0,1,1.0,1,1.0,1,0.14930102442416793,63
1212,0,1860,962,898,0,0,0,1.0,1,1.0,1,1.0,1,0.14930102442416793,63
1213,1,1861,963,898,0,0,0,1.0,1,1.0,1,1.0,1,0.15725408223366372,63
1214,2,1863,964,899,0,0,0,1.0,1,1.0,1,1.0,1,0.20605973437327196,62
1215,0,1863,964,899,0,0,0,1.0,1,1.0,1,1.0,1,0.2063194589613661,63
1216,4,1867,965,902,0,0,0,1.0,1,1.0,1,1.0,1,0.23711787977276857,64
1217,3,1870,965,905,0,0,0,1.0,1,1.0,1,1.0,1,0.20235208341433092,65
1218,0,1870,965,905,0,0,0,1.0,1,1.0,1,1.0,1,0.21608975108089323,64
1219,2,1872,965,907,0,0,0,1.0,1,1.0,1,1.0,1,0.20990961588581006,65
1220,2,1874,966,908,0,0,0,1.0,1,1.0,1,1.0,1,0.21565405232390045,64
1221,3,1877,968,909,0,0,0,1.0,1,1.0,1,1.0,1,0.20745242166895428,65
1222,2,1879,969,910,0,0,0,1.0,1,1.0,1,1.0,1,0.1946612763770424,66
1223,1,1880,969,911,0,0,0,1.0,1,1.0,1,1.0,1,0.19174242086241028,64
1224,6,1886,973,913,0,0,0,1.0,1,1.0,1,1.0,1,0.18128511640809628,66
1225,5,1891,975,916,0,0,0,1.0,1,1.0,1,1.0,1,0.1525520588959882,66
1226,0,1891,975,916,0,0,0,1.0,1,1.0,1,1.0,1,0.1721039683238553,68
1227,1,1892,976,916,0,0,0,1.0,1,1.0,1,1.0,1,0.1619983162774884,64
1228,1,1893,976,917,0,0,0,1.0,1,1.0,1,1.0,1,0.1485357866890716,62
1229,2,1895,978,917,0,0,0,1.0,1,1.0,1,1.0,1,0.1713222603927944,61
1230,3,1898,980,918,0,0,0,1.0,1,1.0,1,1.0,1,0.17412049281882122,58
1231,1,1899,980,919,0,0,0,1.0,1,1.0,1,1.0,1,0.14631763030062495,57
1232,1,1900,981,919,0,0,0,1.0,1,1.0,1,1.0,1,0.17944080058051706,53
1233,0,1900,981,919,0,0,0,1.0,1,1.0,1,1.0,1,0.17944080058051706,53
1234,2,1902,981,921,0,0,0,1.0,1,1.0,1,1.0,1,0.15079599964849447,54
1235,1,1903,981,922,0,0,0,1.0,1,1.0,1,1.0,1,0.17625485750792547,55
1236,2,1905,983,922,0,0,0,1.0,1,1.0,1,1.0,1,0.21449221277871516,55
1237,4,1909,984,925,0,0,0,1.0,1,1.0,1,1.0,1,0.20308126065725943,55
1238,1,1910,985,925,0,0,0,1.0,1,1.0,1,1.0,1,0.21770329276988096,54
1239,2,1912,985,927,0,0,0,1.0,1,1.0,1,1.0,1,0.17559776995386409,55
1240,2,1914,985,929,0,0,0,1.0,1,1.0,1,1.0,1,0.13764410375223063,55
1241,1,1915,985,930,0,0,0,1.0,1,1.0,1,1.0,1,0.1019919065897912,54
1242,0,1915,985,930,0,0,0,1.0,1,1.0,1,1.0,1,0.11260686546222598,54
1243,1,1916,985,931,0,0,0,1.0,1,1.0,1,1.0,1,0.0989393174688313,55
1244,0,1916,985,931,0,0,0,1.0,1,1.0,1,1.0,1,0.1201126325842403,55
1245,2,1918,987,931,0,0,0,1.0,1,1.0,1,1.0,1,0.14127709869716443,55
1246,2,1920,988,932,0,0,0,1.0,1,1.0,1,1.0,1,0.18221096956746027,55
1247,5,1925,991,934,0,0,0,1.0,1,1.0,1,1.0,1,0.22633977880222192,57
1248,0,1925,991,934,0,0,0,1.0,1,1.0,1,1.0,1,0.23583761237453882,56
1249,4,1929,995,934,0,0,0,1.0,1,1.0,1,1.0,1,0.2577540817347557,56
1250,3,1932,998,934,0,0,0,1.0,1,1.0,1,1.0,1,0.26489788011081966,56
1251,1,1933,998,935,0,0,0,1.0,1,1.0,1,1.0,1,0.24077159582004248,58
1252,3,1936,999,937,0,0,0,1.0,1,1.0,1,1.0,1,0.21394678536442568,58
1253,2,1938,1001,937,0,0,0,1.0,1,1.0,1,1.0,1,0.22345433054100985,58
1254,0,1938,1001,937,0,0,0,1.0,1,1.0,1,1.0,1,0.20379224637795856,60
1255,1,1939,1001,938,0,0,0,1.0,1,1.0,1,1.0,1,0.20412375557824752,61
1256,0,1939,1001,938,0,0,0,1.0,1,1.0,1,1.0,1,0.20412375557824752,61
1257,2,1941,1002,939,0,0,0,1.0,1,1.0,1,1.0,1,0.21528864700639894,62
1258,0,1941,1002,939,0,0,0,1.0,1,1.0,1,1.0,1,0.22040663119290346,63
1259,0,1941,1002,939,0,0,0,1.0,1,1.0,1,1.0,1,0.22040663119290346,63
1260,0,1941,1002,939,0,0,0,1.0,1,1.0,1,1.0,1,0.21397533878881037,63
1261,3,1944,1003,941,0,0,0,1.0,1,1.0,1,1.0,1,0.18506835630461094,63
1262,3,1947,1003,944,0,0,0,1.0,1,1.0,1,1.0,1,0.15497467045589272,64
1263,1,1948,1004,944,0,0,0,1.0,1,1.0,1,1.0,1,0.1653725661514909,63
1264,4,1952,1007,945,0,0,0,1.0,1,1.0,1,1.0,1,0.17967769583479232,63
1265,3,1955,1010,945,0,0,0,1.0,1,1.0,1,1.0,1,0.1847707428009515,60
1266,6,1961,1013,948,0,0,0,1.0,1,1.0,1,1.0,1,0.18512131124918724,61
1267,1,1962,1014,948,0,0,0,1.0,1,1.0,1,1.0,1,0.17749965162833112,58
1268,5,1967,1017,950,0,0,0,1.0,1,1.0,1,1.0,1,0.18339794702796697,54
1269,0,1967,1017,950,0,0,0,1.0,1,1.0,1,1.0,1,0.17215865159396723,54
1270,1,1968,1018,950,0,0,0,1.0,1,1.0,1,1.0,1,0.15668314583745643,51
1271,1,1969,1019,950,0,0,0,1.0,1,1.0,1,1.0,1,0.1929873652429008,50
1272,0,1969,1019,950,0,0,0,1.0,1,1.0,1,1.0,1,0.20276550326514428,47
1273,1,1970,1019,951,0,0,0,1.0,1,1.0,1,1.0,1,0.18322634223691173,47
1274,2,1972,1020,952,0,0,0,1.0,1,1.0,1,1.0,1,0.20480181363540162,49
1275,2,1974,1022,952,0,0,0,1.0,1,1.0,1,1.0,1,0.2161289544572694,48
1276,5,1979,1025,954,0,0,0,1.0,1,1.0,1,1.0,1,0.20393725290962336,49
1277,7,1986,1029,957,0,0,0,1.0,1,1.0,1,1.0,1,0.2150577955432882,50
1278,2,1988,1030,958,0,0,0,1.0,1,1.0,1,1.0,1,0.19968082685685576,51
1279,1,1989,1030,959,0,0,0,1.0,1,1.0,1,1.0,1,0.17928217886523667,51
1280,1,1990,1030,960,0,0,0,1.0,1,1.0,1,1.0,1,0.1427704812048264,52
1281,0,1990,1030,960,0,0,0,1.0,1,1.0,1,1.0,1,0.1427704812048264,52
1282,2,1992,1031,961,0,0,0,1.0,1,1.0,1,1.0,1,0.14564221897088164,52
1283,0,1992,1031,961,0,0,0,1.0,1,1.0,1,1.0,1,0.14564221897088164,52
1284,0,1992,1031,961,0,0,0,1.0,1,1.0,1,1.0,1,0.14564221897088164,52
1285,0,1992,1031,961,0,0,0,1.0,1,1.0,1,1.0,1,0.16411662586382755,51
1286,1,1993,1031,962,0,0,0,1.0,1,1.0,1,1.0,1,0.17534580370896496,52
1287,3,1996,1032,964,0,0,0,1.0,1,1.0,1,1.0,1,0.17847807083689415,54
1288,2,1998,1032,966,0,0,0,1.0,1,1.0,1,1.0,1,0.14383718166095416,55
1289,0,1998,1032,966,0,0,0,1.0,1,1.0,1,1.0,1,0.14889075696544532,56
1290,0,1998,1032,966,0,0,0,1.0,1,1.0,1,1.0,1,0.13393062373531758,57
1291,0,1998,1032,966,0,0,0,1.0,1,1.0,1,1.0,1,0.1497736958320874,58
1292,1,1999,1033,966,0,0,0,1.0,1,1.0,1,1.0,1,0.14924507417138308,59
1293,0,1999,1033,966,0,0,0,1.0,1,1.0,1,1.0,1,0.14924507417138308,59
1294,2,2001,1035,966,0,0,0,1.0,1,1.0,1,1.0,1,0.16952119043797245,59
1295,1,2002,1036,966,0,0,0,1.0,1,1.0,1,1.0,1,0.19464717436068682,59
1296,2,2004,1036,968,0,0,0,1.0,1,1.0,1,1.0,1,0.17884195991781457,59
1297,3,2007,1037,970,0,0,0,1.0,1,1.0,1,1.0,1,0.17691360541665083,61
1298,2,2009,1037,972,0,0,0,1.0,1,1.0,1,1.0,1,0.16864748238005908,61
1299,0,2009,1037,972,0,0,0,1.0,1,1.0,1,1.0,1,0.17096156649809216,60
1300,0,2009,1037,972,0,0,0,1.0,1,1.0,1,1.0,1,0.17510084771951462,59
1301,5,2014,1038,976,0,0,0,1.0,1,1.0,1,1.0,1,0.14815125796154782,59
1302,6,2020,1042,978,0,0,0,1.0,1,1.0,1,1.0,1,0.10685900051128697,59
1303,4,2024,1046,978,0,0,0,1.0,1,1.0,1,1.0,1,0.2059077458277567,55
1304,5,2029,1050,979,0,0,0,1.0,1,1.0,1,1.0,1,0.2151816804149392,56
1305,5,2034,1052,982,0,0,0,1.0,1,1.0,1,1.0,1,0.19247309603452672,54
1306,2,2036,1053,983,0,0,0,1.0,1,1.0,1,1.0,1,0.1698042964869094,53
1307,4,2040,1056,984,0,0,0,1.0,1,1.0,1,1.0,1,0.1726278525685392,52
1308,1,2041,1057,984,0,0,0,1.0,1,1.0,1,1.0,1,0.18786406215581022,52
1309,3,2044,1059,985,0,0,0,1.0,1,1.0,1,1.0,1,0.21667801043231152,54
1310,2,2046,1060,986,0,0,0,1.0,1,1.0,1,1.0,1,0.2109269587553156,52
1311,0,2046,1060,986,0,0,0,1.0,1,1.0,1,1.0,1,0.2006408050655659,51
1312,2,2048,1061,987,0,0,0,1.0,1,1.0,1,1.0,1,0.2462804441465603,49
1313,1,2049,1061,988,0,0,0,1.0,1,1.0,1,1.0,1,0.2243837027816684,47
1314,1,2050,1062,988,0,0,0,1.0,1,1.0,1,1.0,1,0.20312364780323924,46
1315,0,2050,1062,988,0,0,0,1.0,1,1.0,1,1.0,1,0.2138395886793853,45
1316,3,2053,1064,989,0,0,0,1.0,1,1.0,1,1.0,1,0.19474819364556678,46
1317,1,2054,1064,990,0,0,0,1.0,1,1.0,1,1.0,1,0.15134226602153258,45
1318,1,2055,1065,990,0,0,0,1.0,1,1.0,1,1.0,1,0.18116740277517096,46
1319,0,2055,1065,990,0,0,0,1.0,1,1.0,1,1.0,1,0.18116740277517096,46
1320,0,2055,1065,990,0,0,0,1.0,1,1.0,1,1.0,1,0.18116740277517096,46
1321,0,2055,1065,990,0,0,0,1.0,1,1.0,1,1.0,1,0.16094729389832785,48
1322,0,2055,1065,990,0,0,0,1.0,1,1.0,1,1.0,1,0.17600280929888007,49
1323,0,2055,1065,990,0,0,0,1.0,1,1.0,1,1.0,1,0.19143420510054823,49
1324,0,2055,1065,990,0,0,0,1.0,1,1.0,1,1.0,1,0.21090490706656098,50
1325,0,2055,1065,990,0,0,0,1.0,1,1.0,1,1.0,1,0.2264786382441529,49
1326,3,2058,1067,991,0,0,0,1.0,1,1.0,1,1.0,1,0.2738261528455471,50
1327,3,2061,1068,993,0,0,0,1.0,1,1.0,1,1.0,1,0.2707703209954772,50
1328,1,2062,1068,994,0,0,0,1.0,1,1.0,1,1.0,1,0.2778948874416256,49
1329,0,2062,1068,994,0,0,0,1.0,1,1.0,1,1.0,1,0.2806737282958461,50
1330,2,2064,1069,995,0,0,0,1.0,1,1.0,1,1.0,1,0.24032494774749422,50
1331,3,2067,1070,997,0,0,0,1.0,1,1.0,1,1.0,1,0.25486473241267577,50
1332,1,2068,1071,997,0,0,0,1.0,1,1.0,1,1.0,1,0.24075667411707263,51
1333,1,2069,1071,998,0,0,0,1.0,1,1.0,1,1.0,1,0.23501558289919858,52
1334,1,2070,1072,998,0,0,0,1.0,1,1.0,1,1.0,1,0.24145633983396494,54
1335,2,2072,1073,999,0,0,0,1.0,1,1.0,1,1.0,1,0.23176825706694723,54
1336,2,2074,1073,1001,0,0,0,1.0,1,1.0,1,1.0,1,0.21705888858755978,56
1337,7,2081,1075,1006,0,0,0,1.0,1,1.0,1,1.0,1,0.2044010232689819,57
1338,1,2082,1076,1006,0,0,0,1.0,1,1.0,1,1.0,1,0.21834929529947963,57
1339,1,2083,1077,1006,0,0,0,1.0,1,1.0,1,1.0,1,0.2350897501595151,58
1340,1,2084,1078,1006,0,0,0,1.0,1,1.0,1,1.0,1,0.250872095483063,59
1341,3,2087,1079,1008,0,0,0,1.0,1,1.0,1,1.0,1,0.21276455668484687,57
1342,2,2089,1080,1009,0,0,0,1.0,1,1.0,1,1.0,1,0.20522560939106002,57
1343,0,2089,1080,1009,0,0,0,1.0,1,1.0,1,1.0,1,0.19633370374779038,55
1344,1,2090,1081,1009,0,0,0,1.0,1,1.0,1,1.0,1,0.20260235055462458,54
1345,1,2091,1081,1010,0,0,0,1.0,1,1.0,1,1.0,1,0.18183346891644644,53
1346,0,2091,1081,1010,0,0,0,1.0,1,1.0,1,1.0,1,0.18622186524791315,53
1347,0,2091,1081,1010,0,0,0,1.0,1,1.0,1,1.0,1,0.18962147317916742,51
1348,2,2093,1083,1010,0,0,0,1.0,1,1.0,1,1.0,1,0.21137431745122412,52
1349,0,2093,1083,1010,0,0,0,1.0,1,1.0,1,1.0,1,0.21497997316073647,50
1350,2,2095,1085,1010,0,0,0,1.0,1,1.0,1,1.0,1,0.23347633962920486,51
1351,4,2099,1086,1013,0,0,0,1.0,1,1.0,1,1.0,1,0.19680272869042742,50
1352,1,2100,1087,1013,0,0,0,1.0,1,1.0,1,1.0,1,0.18536411124804708,50
1353,1,2101,1088,1013,0,0,0,1.0,1,1.0,1,1.0,1,0.20619000432922122,50
1354,3,2104,1089,1015,0,0,0,1.0,1,1.0,1,1.0,1,0.2007018946308657,51
1355,3,2107,1090,1017,0,0,0,1.0,1,1.0,1,1.0,1,0.14714434243448696,53
1356,1,2108,1091,1017,0,0,0,1.0,1,1.0,1,1.0,1,0.16159889264192479,52
1357,2,2110,1092,1018,0,0,0,1.0,1,1.0,1,1.0,1,0.15820827170090157,52
1358,1,2111,1093,1018,0,0,0,1.0,1,1.0,1,1.0,1,0.17925957208038457,53
1359,4,2115,1095,1020,0,0,0,1.0,1,1.0,1,1.0,1,0.20784249519547154,54
1360,3,2118,1096,1022,0,0,0,1.0,1,1.0,1,1.0,1,0.20014645370554304,55
1361,1,2119,1097,1022,0,0,0,1.0,1,1.0,1,1.0,1,0.20338619840409156,55
1362,0,2119,1097,1022,0,0,0,1.0,1,1.0,1,1.0,1,0.18248545862701934,56
1363,1,2120,1098,1022,0,0,0,1.0,1,1.0,1,1.0,1,0.2093706958600162,56
1364,2,2122,1098,1024,0,0,0,1.0,1,1.0,1,1.0,1,0.1734820873152575,55
1365,1,2123,1098,1025,0,0,0,1.0,1,1.0,1,1.0,1,0.17429292819005548,56
1366,3,2126,1099,1027,0,0,0,1.0,1,1.0,1,1.0,1,0.16604700847770906,57
1367,1,2127,1099,1028,0,0,0,1.0,1,1.0,1,1.0,1,0.1402555903704383,57
1368,2,2129,1099,1030,0,0,0,1.0,1,1.0,1,1.0,1,0.14098964864414706,58
1369,1,2130,1100,1030,0,0,0,1.0,1,1.0,1,1.0,1,0.1607263863427518,59
1370,1,2131,1101,1030,0,0,0,1.0,1,1.0,1,1.0,1,0.1566048258893082,60
1371,1,2132,1102,1030,0,0,0,1.0,1,1.0,1,1.0,1,0.14903669252694007,59
1372,3,2135,1105,1030,0,0,0,1.0,1,1.0,1,1.0,1,0.1772813720252329,59
1373,3,2138,1107,1031,0,0,0,1.0,1,1.0,1,1.0,1,0.15535697787027594,59
1374,1,2139,1108,1031,0,0,0,1.0,1,1.0,1,1.0,1,0.16357978681106658,59
1375,5,2144,1108,1036,0,0,0,1.0,1,1.0,1,1.0,1,0.12364123687006365,62
1376,1,2145,1109,1036,0,0,0,1.0,1,1.0,1,1.0,1,0.16005169586106144,61
1377,2,2147,1110,1037,0,0,0,1.0,1,1.0,1,1.0,1,0.17670329525889028,63
1378,4,2151,1111,1040,0,0,0,1.0,1,1.0,1,1.0,1,0.1669598652813434,62
1379,3,2154,1114,1040,0,0,0,1.0,1,1.0,1,1.0,1,0.24071766084192198,61
1380,0,2154,1114,1040,0,0,0,1.0,1,1.0,1,1.0,1,0.23169701893524144,60
1381,5,2159,1115,1044,0,0,0,1.0,1,1.0,1,1.0,1,0.22194456850875507,58
1382,2,2161,1116,1045,0,0,0,1.0,1,1.0,1,1.0,1,0.2305228172138628,56
1383,1,2162,1116,1046,0,0,0,1.0,1,1.0,1,1.0,1,0.20618260124931836,57
1384,3,2165,1117,1048,0,0,0,1.0,1,1.0,1,1.0,1,0.21322273059831306,55
1385,2,2167,1118,1049,0,0,0,1.0,1,1.0,1,1.0,1,0.2033632664101414,55
1386,1,2168,1119,1049,0,0,0,1.0,1,1.0,1,1.0,1,0.19252217485993608,54
1387,2,2170,1120,1050,0,0,0,1.0,1,1.0,1,1.0,1,0.18744292781529545,53
1388,4,2174,1123,1051,0,0,0,1.0,1,1.0,1,1.0,1,0.2078579070694677,52
1389,3,2177,1124,1053,0,0,0,1.0,1,1.0,1,1.0,1,0.20549882925748056,52
1390,1,2178,1124,1054,0,0,0,1.0,1,1.0,1,1.0,1,0.20818833588612382,51
1391,2,2180,1124,1056,0,0,0,1.0,1,1.0,1,1.0,1,0.20644498917956955,52
1392,1,2181,1125,1056,0,0,0,1.0,1,1.0,1,1.0,1,0.2048472665438087,51
1393,4,2185,1126,1059,0,0,0,1.0,1,1.0,1,1.0,1,0.1839806998027028,51
1394,0,2185,1126,1059,0,0,0,1.0,1,1.0,1,1.0,1,0.20031222958116152,52
1395,0,2185,1126,1059,0,0,0,1.0,1,1.0,1,1.0,1,0.20031222958116152,52
1396,1,2186,1126,1060,0,0,0,1.0,1,1.0,1,1.0,1,0.18739210886202495,53
1397,0,2186,1126,1060,0,0,0,1.0,1,1.0,1,1.0,1,0.19729947528517036,56
1398,3,2189,1127,1062,0,0,0,1.0,1,1.0,1,1.0,1,0.2010956148190061,56
1399,2,2191,1128,1063,0,0,0,1.0,1,1.0,1,1.0,1,0.19081188167742555,57
1400,1,2192,1128,1064,0,0,0,1.0,1,1.0,1,1.0,1,0.17276406365653402,57
1401,0,2192,1128,1064,0,0,0,1.0,1,1.0,1,1.0,1,0.17276406365653402,57
1402,4,2196,1131,1065,0,0,0,1.0,1,1.0,1,1.0,1,0.19874819757342785,57
1403,0,2196,1131,1065,0,0,0,1.0,1,1.0,1,1.0,1,0.2126928447149896,56
1404,2,2198,1131,1067,0,0,0,1.0,1,1.0,1,1.0,1,0.1993611974645779,58
1405,0,2198,1131,1067,0,0,0,1.0,1,1.0,1,1.0,1,0.22509901500585783,58
1406,0,2198,1131,1067,0,0,0,1.0,1,1.0,1,1.0,1,0.22509901500585783,58
1407,0,2198,1131,1067,0,0,0,1.0,1,1.0,1,1.0,1,0.24216785509664668,57
1408,1,2199,1131,1068,0,0,0,1.0,1,1.0,1,1.0,1,0.24378333100873043,58
1409,0,2199,1131,1068,0,0,0,1.0,1,1.0,1,1.0,1,0.24483164539051772,57
1410,0,2199,1131,1068,0,0,0,1.0,1,1.0,1,1.0,1,0.24483164539051772,57
1411,2,2201,1131,1070,0,0,0,1.0,1,1.0,1,1.0,1,0.24539094355051258,56
1412,0,2201,1131,1070,0,0,0,1.0,1,1.0,1,1.0,1,0.24706313474691372,55
1413,2,2203,1131,1072,0,0,0,1.0,1,1.0,1,1.0,1,0.23303843177509023,57
1414,3,2206,1131,1075,0,0,0,1.0,1,1.0,1,1.0,1,0.19862762408521664,57
1415,0,2206,1131,1075,0,0,0,1.0,1,1.0,1,1.0,1,0.20101152742156977,60
1416,2,2208,1132,1076,0,0,0,1.0,1,1.0,1,1.0,1,0.19490717477044456,61
1417,0,2208,1132,1076,0,0,0,1.0,1,1.0,1,1.0,1,0.1928058725830668,59
1418,5,2213,1132,1081,0,0,0,1.0,1,1.0,1,1.0,1,0.1580480443196602,60
1419,1,2214,1133,1081,0,0,0,1.0,1,1.0,1,1.0,1,0.16364109340860936,59
1420,4,2218,1134,1084,0,0,0,1.0,1,1.0,1,1.0,1,0.15055643923634665,58
1421,0,2218,1134,1084,0,0,0,1.0,1,1.0,1,1.0,1,0.13909940337603838,57
1422,1,2219,1135,1084,0,0,0,1.0,1,1.0,1,1.0,1,0.14441007064919895,57
1423,1,2220,1136,1084,0,0,0,1.0,1,1.0,1,1.0,1,0.15478901958082553,56
1424,1,2221,1137,1084,0,0,0,1.0,1,1.0,1,1.0,1,0.16012545184343063,57
1425,2,2223,1139,1084,0,0,0,1.0,1,1.0,1,1.0,1,0.1942513664905718,54
1426,3,2226,1141,1085,0,0,0,1.0,1,1.0,1,1.0,1,0.22111049735203542,54
1427,4,2230,1143,1087,0,0,0,1.0,1,1.0,1,1.0,1,0.25940361658499217,53
1428,2,2232,1145,1087,0,0,0,1.0,1,1.0,1,1.0,1,0.2641150151986419,52
1429,2,2234,1145,1089,0,0,0,1.0,1,1.0,1,1.0,1,0.23347761857197136,52
1430,3,2237,1146,1091,0,0,0,1.0,1,1.0,1,1.0,1,0.21686927582135476,51
1431,2,2239,1146,1093,0,0,0,1.0,1,1.0,1,1.0,1,0.17787458466867548,51
1432,4,2243,1148,1095,0,0,0,1.0,1,1.0,1,1.0,1,0.1961090901345106,52
1433,2,2245,1148,1097,0,0,0,1.0,1,1.0,1,1.0,1,0.15734331827471876,52
1434,3,2248,1150,1098,0,0,0,1.0,1,1.0,1,1.0,1,0.18652734821414163,52
1435,2,2250,1151,1099,0,0,0,1.0,1,1.0,1,1.0,1,0.17717710162466693,50
1436,2,2252,1153,1099,0,0,0,1.0,1,1.0,1,1.0,1,0.21015089274745022,50
1437,2,2254,1154,1100,0,0,0,1.0,1,1.0,1,1.0,1,0.22253115719345176,49
1438,3,2257,1155,1102,0,0,0,1.0,1,1.0,1,1.0,1,0.2188145758550767,49
1439,5,2262,1158,1104,0,0,0,1.0,1,1.0,1,1.0,1,0.2289693765171546,50
1440,2,2264,1160,1104,0,0,0,1.0,1,1.0,1,1.0,1,0.25788044782862646,50
1441,2,2266,1161,1105,0,0,0,1.0,1,1.0,1,1.0,1,0.2526468926756696,51
1442,1,2267,1161,1106,0,0,0,1.0,1,1.0,1,1.0,1,0.24855998931429252,50
1443,3,2270,1161,1109,0,0,0,1.0,1,1.0,1,1.0,1,0.21794483489972913,51
1444,0,2270,1161,1109,0,0,0,1.0,1,1.0,1,1.0,1,0.21794483489972913,51
1445,0,2270,1161,1109,0,0,0,1.0,1,1.0,1,1.0,1,0.21794483489972913,51
1446,1,2271,1161,1110,0,0,0,1.0,1,1.0,1,1.0,1,0.20542254115751424,51
1447,1,2272,1161,1111,0,0,0,1.0,1,1.0,1,1.0,1,0.19268884413719017,51
1448,0,2272,1161,1111,0,0,0,1.0,1,1.0,1,1.0,1,0.19268884413719017,51
1449,0,2272,1161,1111,0,0,0,1.0,1,1.0,1,1.0,1,0.19268884413719017,51
1450,0,2272,1161,1111,0,0,0,1.0,1,1.0,1,1.0,1,0.18481308784580494,52
1451,1,2273,1162,1111,0,0,0,1.0,1,1.0,1,1.0,1,0.19691883128251084,54
1452,2,2275,1162,1113,0,0,0,1.0,1,1.0,1,1.0,1,0.20650754727161738,56
1453,3,2278,1163,1115,0,0,0,1.0,1,1.0,1,1.0,1,0.17647420144831116,56
1454,2,2280,1163,1117,0,0,0,1.0,1,1.0,1,1.0,1,0.17807065275222442,58
1455,1,2281,1164,1117,0,0,0,1.0,1,1.0,1,1.0,1,0.2009944010777755,55
1456,5,2286,1165,1121,0,0,0,1.0,1,1.0,1,1.0,1,0.18031561709018099,56
1457,1,2287,1166,1121,0,0,0,1.0,1,1.0,1,1.0,1,0.22546104093796288,54
1458,1,2288,1167,1121,0,0,0,1.0,1,1.0,1,1.0,1,0.23941404336040864,52
1459,3,2291,1168,1123,0,0,0,1.0,1,1.0,1,1.0,1,0.2161570109136192,52
1460,0,2291,1168,1123,0,0,0,1.0,1,1.0,1,1.0,1,0.2037744317590557,50
1461,2,2293,1170,1123,0,0,0,1.0,1,1.0,1,1.0,1,0.2169723287913888,53
1462,4,2297,1174,1123,0,0,0,1.0,1,1.0,1,1.0,1,0.24700381992541345,51
1463,3,2300,1176,1124,0,0,0,1.0,1,1.0,1,1.0,1,0.2474853341158078,51
1464,2,2302,1178,1124,0,0,0,1.0,1,1.0,1,1.0,1,0.2953236713836303,51
1465,1,2303,1178,1125,0,0,0,1.0,1,1.0,1,1.0,1,0.2903059103917536,49
1466,6,2309,1181,1128,0,0,0,1.0,1,1.0,1,1.0,1,0.25123071051960477,49
1467,4,2313,1183,1130,0,0,0,1.0,1,1.0,1,1.0,1,0.25887449669245116,47
1468,1,2314,1183,1131,0,0,0,1.0,1,1.0,1,1.0,1,0.2279665369169918,48
1469,2,2316,1185,1131,0,0,0,1.0,1,1.0,1,1.0,1,0.26697131800442314,47
1470,0,2316,1185,1131,0,0,0,1.0,1,1.0,1,1.0,1,0.2447276110954816,49
1471,3,2319,1185,1134,0,0,0,1.0,1,1.0,1,1.0,1,0.2132518323341345,48
1472,1,2320,1185,1135,0,0,0,1.0,1,1.0,1,1.0,1,0.18600408961085907,48
1473,0,2320,1185,1135,0,0,0,1.0,1,1.0,1,1.0,1,0.19714781879731288,49
1474,0,2320,1185,1135,0,0,0,1.0,1,1.0,1,1.0,1,0.19714781879731288,49
1475,0,2320,1185,1135,0,0,0,1.0,1,1.0,1,1.0,1,0.19714781879731288,49
1476,4,2324,1186,1138,0,0,0,1.0,1,1.0,1,1.0,1,0.1736129907483991,51
1477,1,2325,1186,1139,0,0,0,1.0,1,1.0,1,1.0,1,0.15318654195763318,51
1478,0,2325,1186,1139,0,0,0,1.0,1,1.0,1,1.0,1,0.1374445745312411,52
1479,1,2326,1186,1140,0,0,0,1.0,1,1.0,1,1.0,1,0.1428348387208426,53
1480,1,2327,1187,1140,0,0,0,1.0,1,1.0,1,1.0,1,0.16040506532281065,53
1481,0,2327,1187,1140,0,0,0,1.0,1,1.0,1,1.0,1,0.16040506532281065,53
1482,2,2329,1188,1141,0,0,0,1.0,1,1.0,1,1.0,1,0.19538205723481128,52
1483,1,2330,1188,1142,0,0,0,1.0,1,1.0,1,1.0,1,0.17776555966629115,52
1484,1,2331,1189,1142,0,0,0,1.0,1,1.0,1,1.0,1,0.19415779279727371,53
1485,1,2332,1189,1143,0,0,0,1.0,1,1.0,1,1.0,1,0.18100977776059596,53
1486,4,2336,1189,1147,0,0,0,1.0,1,1.0,1,1.0,1,0.1643316158866639,54
1487,0,2336,1189,1147,0,0,0,1.0,1,1.0,1,1.0,1,0.1740661174947931,55
1488,1,2337,1189,1148,0,0,0,1.0,1,1.0,1,1.0,1,0.18233824810533397,57
1489,3,2340,1192,1148,0,0,0,1.0,1,1.0,1,1.0,1,0.18612997164617032,58
1490,1,2341,1192,1149,0,0,0,1.0,1,1.0,1,1.0,1,0.16733937984230352,58
1491,1,2342,1193,1149,0,0,0,1.0,1,1.0,1,1.0,1,0.18028405658460356,59
1492,4,2346,1194,1152,0,0,0,1.0,1,1.0,1,1.0,1,0.18469357380537385,59
1493,0,2346,1194,1152,0,0,0,1.0,1,1.0,1,1.0,1,0.17174501946537207,58
1494,1,2347,1195,1152,0,0,0,1.0,1,1.0,1,1.0,1,0.20256881176952274,58
1495,3,2350,1196,1154,0,0,0,1.0,1,1.0,1,1.0,1,0.21379088808470906,57
1496,1,2351,1196,1155,0,0,0,1.0,1,1.0,1,1.0,1,0.1946370819773264,59
1497,1,2352,1197,1155,0,0,0,1.0,1,1.0,1,1.0,1,0.22821973913135696,58
1498,1,2353,1198,1155,0,0,0,1.0,1,1.0,1,1.0,1,0.2502508855444593,58
1499,1,2354,1198,1156,0,0,0,1.0,1,1.0,1,1.0,1,0.21907720241857503,56
1500,2,2356,1200,1156,0,0,0,1.0,1,1.0,1,1.0,1,0.2312059422401391,57
1501,2,2358,1202,1156,0,0,0,1.0,1,1.0,1,1.0,1,0.22244987441965924,55
1502,2,2360,1204,1156,0,0,0,1.0,1,1.0,1,1.0,1,0.2575259931513282,55
1503,2,2362,1205,1157,0,0,0,1.0,1,1.0,1,1.0,1,0.2441718715384746,54
1504,3,2365,1206,1159,0,0,0,1.0,1,1.0,1,1.0,1,0.20829754458326488,55
1505,2,2367,1207,1160,0,0,0,1.0,1,1.0,1,1.0,1,0.1912482465567462,53
1506,3,2370,1208,1162,0,0,0,1.0,1,1.0,1,1.0,1,0.20337001432646576,55
1507,4,2374,1208,1166,0,0,0,1.0,1,1.0,1,1.0,1,0.16993189919928298,53
1508,3,2377,1211,1166,0,0,0,1.0,1,1.0,1,1.0,1,0.2113097281222769,53
1509,0,2377,1211,1166,0,0,0,1.0,1,1.0,1,1.0,1,0.1893597158444795,52
1510,2,2379,1212,1167,0,0,0,1.0,1,1.0,1,1.0,1,0.19544128474570488,50
1511,2,2381,1214,1167,0,0,0,1.0,1,1.0,1,1.0,1,0.21091258651778358,49
1512,3,2384,1217,1167,0,0,0,1.0,1,1.0,1,1.0,1,0.25482825810045046,48
1513,4,2388,1217,1171,0,0,0,1.0,1,1.0,1,1.0,1,0.2200762999218734,47
1514,1,2389,1218,1171,0,0,0,1.0,1,1.0,1,1.0,1,0.18336055992767591,48
1515,2,2391,1219,1172,0,0,0,1.0,1,1.0,1,1.0,1,0.18185690847980035,48
1516,1,2392,1219,1173,0,0,0,1.0,1,1.0,1,1.0,1,0.16547078521772887,47
1517,2,2394,1219,1175,0,0,0,1.0,1,1.0,1,1.0,1,0.14257596606734038,48
1518,0,2394,1219,1175,0,0,0,1.0,1,1.0,1,1.0,1,0.14257596606734038,48
1519,0,2394,1219,1175,0,0,0,1.0,1,1.0,1,1.0,1,0.15382800880429134,47
1520,4,2398,1222,1176,0,0,0,1.0,1,1.0,1,1.0,1,0.20267343020196296,48
1521,2,2400,1222,1178,0,0,0,1.0,1,1.0,1,1.0,1,0.17941458513676814,49
1522,1,2401,1223,1178,0,0,0,1.0,1,1.0,1,1.0,1,0.19721622071722605,48
1523,0,2401,1223,1178,0,0,0,1.0,1,1.0,1,1.0,1,0.21121016003689203,49
1524,2,2403,1224,1179,0,0,0,1.0,1,1.0,1,1.0,1,0.19632794389425523,49
1525,2,2405,1225,1180,0,0,0,1.0,1,1.0,1,1.0,1,0.22644636236201318,51
1526,0,2405,1225,1180,0,0,0,1.0,1,1.0,1,1.0,1,0.21279678622152576,52
1527,1,2406,1225,1181,0,0,0,1.0,1,1.0,1,1.0,1,0.22105730421450948,54
1528,1,2407,1225,1182,0,0,0,1.0,1,1.0,1,1.0,1,0.21470450939204577,54
1529,0,2407,1225,1182,0,0,0,1.0,1,1.0,1,1.0,1,0.21470450939204577,54
1530,0,2407,1225,1182,0,0,0,1.0,1,1.0,1,1.0,1,0.23332564670273573,54
1531,1,2408,1225,1183,0,0,0,1.0,1,1.0,1,1.0,1,0.2245202898016397,54
1532,1,2409,1226,1183,0,0,0,1.0,1,1.0,1,1.0,1,0.23546985692690678,54
1533,1,2410,1226,1184,0,0,0,1.0,1,1.0,1,1.0,1,0.22310796562368834,54
1534,3,2413,1227,1186,0,0,0,1.0,1,1.0,1,1.0,1,0.19526630501035358,54
1535,0,2413,1227,1186,0,0,0,1.0,1,1.0,1,1.0,1,0.19526630501035358,54
1536,0,2413,1227,1186,0,0,0,1.0,1,1.0,1,1.0,1,0.20021865177944512,55
1537,2,2415,1227,1188,0,0,0,1.0,1,1.0,1,1.0,1,0.20427861308430553,53
1538,2,2417,1228,1189,0,0,0,1.0,1,1.0,1,1.0,1,0.21129087905210148,54
1539,1,2418,1228,1190,0,0,0,1.0,1,1.0,1,1.0,1,0.23267917342438654,54
1540,3,2421,1229,1192,0,0,0,1.0,1,1.0,1,1.0,1,0.2120287903203494,54
1541,1,2422,1229,1193,0,0,0,1.0,1,1.0,1,1.0,1,0.20380380373619272,54
1542,1,2423,1229,1194,0,0,0,1.0,1,1.0,1,1.0,1,0.21344635277427254,57
1543,3,2426,1230,1196,0,0,0,1.0,1,1.0,1,1.0,1,0.1731587591478365,55
1544,6,2432,1234,1198,0,0,0,1.0,1,1.0,1,1.0,1,0.22403483364061252,54
1545,5,2437,1235,1202,0,0,0,1.0,1,1.0,1,1.0,1,0.17769380658244163,54
1546,4,2441,1238,1203,0,0,0,1.0,1,1.0,1,1.0,1,0.1751204564687384,53
1547,4,2445,1241,1204,0,0,0,1.0,1,1.0,1,1.0,1,0.1853712701596321,53
1548,5,2450,1245,1205,0,0,0,1.0,1,1.0,1,1.0,1,0.15903771478814882,54
1549,1,2451,1246,1205,0,0,0,1.0,1,1.0,1,1.0,1,0.14570246803231973,52
1550,5,2456,1250,1206,0,0,0,1.0,1,1.0,1,1.0,1,0.1585037340057345,52
1551,6,2462,1253,1209,0,0,0,1.0,1,1.0,1,1.0,1,0.16022625457453055,52
1552,4,2466,1256,1210,0,0,0,1.0,1,1.0,1,1.0,1,0.1933821600503397,51
1553,8,2474,1259,1215,0,0,0,1.0,1,1.0,1,1.0,1,0.182830765043424,51
1554,4,2478,1262,1216,0,0,0,1.0,1,1.0,1,1.0,1,0.1702843655869068,51
1555,4,2482,1263,1219,0,0,0,1.0,1,1.0,1,1.0,1,0.11649847870092975,50
1556,1,2483,1264,1219,0,0,0,1.0,1,1.0,1,1.0,1,0.15271276524309474,51
1557,2,2485,1265,1220,0,0,0,1.0,1,1.0,1,1.0,1,0.15260564973072907,51
1558,1,2486,1266,1220,0,0,0,1.0,1,1.0,1,1.0,1,0.16591405839296736,52
1559,1,2487,1267,1220,0,0,0,1.0,1,1.0,1,1.0,1,0.1995895334379419,53
1560,2,2489,1268,1221,0,0,0,1.0,1,1.0,1,1.0,1,0.13858847312390388,51
1561,0,2489,1268,1221,0,0,0,1.0,1,1.0,1,1.0,1,0.13858847312390388,51
1562,0,2489,1268,1221,0,0,0,1.0,1,1.0,1,1.0,1,0.14813898841635606,52
1563,0,2489,1268,1221,0,0,0,1.0,1,1.0,1,1.0,1,0.14813898841635606,52
1564,0,2489,1268,1221,0,0,0,1.0,1,1.0,1,1.0,1,0.1689602097705969,51
1565,1,2490,1269,1221,0,0,0,1.0,1,1.0,1,1.0,1,0.1733439356142234,53
1566,1,2491,1269,1222,0,0,0,1.0,1,1.0,1,1.0,1,0.1889386177624068,53
1567,2,2493,1269,1224,0,0,0,1.0,1,1.0,1,1.0,1,0.16576373286237944,52
1568,0,2493,1269,1224,0,0,0,1.0,1,1.0,1,1.0,1,0.16576373286237944,52
1569,4,2497,1271,1226,0,0,0,1.0,1,1.0,1,1.0,1,0.19510796771545197,49
1570,1,2498,1271,1227,0,0,0,1.0,1,1.0,1,1.0,1,0.1977797184866278,48
1571,1,2499,1272,1227,0,0,0,1.0,1,1.0,1,1.0,1,0.22434397257808733,46
1572,4,2503,1275,1228,0,0,0,1.0,1,1.0,1,1.0,1,0.19976390836376345,47
1573,2,2505,1275,1230,0,0,0,1.0,1,1.0,1,1.0,1,0.16072775101304682,48
1574,2,2507,1277,1230,0,0,0,1.0,1,1.0,1,1.0,1,0.2336332360358661,46
1575,2,2509,1279,1230,0,0,0,1.0,1,1.0,1,1.0,1,0.2794369163574536,47
1576,5,2514,1283,1231,0,0,0,1.0,1,1.0,1,1.0,1,0.27942850846140443,46
1577,4,2518,1283,1235,0,0,0,1.0,1,1.0,1,1.0,1,0.17772717786849399,45
1578,0,2518,1283,1235,0,0,0,1.0,1,1.0,1,1.0,1,0.1823720248951476,44
1579,1,2519,1283,1236,0,0,0,1.0,1,1.0,1,1.0,1,0.17604267484852862,43
1580,1,2520,1284,1236,0,0,0,1.0,1,1.0,1,1.0,1,0.18451530270744382,43
1581,0,2520,1284,1236,0,0,0,1.0,1,1.0,1,1.0,1,0.23757100527390757,42
1582,2,2522,1285,1237,0,0,0,1.0,1,1.0,1,1.0,1,0.2275201006404111,42
1583,5,2527,1287,1240,0,0,0,1.0,1,1.0,1,1.0,1,0.18079387951247453,43
1584,2,2529,1288,1241,0,0,0,1.0,1,1.0,1,1.0,1,0.11335615142612537,41
1585,1,2530,1289,1241,0,0,0,1.0,1,1.0,1,1.0,1,0.12149727633135433,43
1586,2,2532,1291,1241,0,0,0,1.0,1,1.0,1,1.0,1,0.13643368706343342,42
1587,2,2534,1293,1241,0,0,0,1.0,1,1.0,1,1.0,1,0.14147925975704814,42
1588,3,2537,1296,1241,0,0,0,1.0,1,1.0,1,1.0,1,0.24321346166048488,42
1589,2,2539,1296,1243,0,0,0,1.0,1,1.0,1,1.0,1,0.19077623547481715,42
1590,0,2539,1296,1243,0,0,0,1.0,1,1.0,1,1.0,1,0.2227110171750251,41
1591,0,2539,1296,1243,0,0,0,1.0,1,1.0,1,1.0,1,0.2385719687762288,40
1592,4,2543,1297,1246,0,0,0,1.0,1,1.0,1,1.0,1,0.18581092468319146,39
1593,2,2545,1299,1246,0,0,0,1.0,1,1.0,1,1.0,1,0.22073089919185696,39
1594,1,2546,1299,1247,0,0,0,1.0,1,1.0,1,1.0,1,0.20472410676917477,39
1595,2,2548,1300,1248,0,0,0,1.0,1,1.0,1,1.0,1,0.2502364694238219,42
1596,1,2549,1300,1249,0,0,0,1.0,1,1.0,1,1.0,1,0.2549637048466224,41
1597,2,2551,1300,1251,0,0,0,1.0,1,1.0,1,1.0,1,0.2114227440048627,41
1598,1,2552,1300,1252,0,0,0,1.0,1,1.0,1,1.0,1,0.21489003302219792,39
1599,1,2553,1301,1252,0,0,0,1.0,1,1.0,1,1.0,1,0.1940932948937819,39
1600,2,2555,1302,1253,0,0,0,1.0,1,1.0,1,1.0,1,0.21878586449165863,40
1601,3,2558,1304,1254,0,0,0,1.0,1,1.0,1,1.0,1,0.26206557614680287,41
1602,1,2559,1305,1254,0,0,0,1.0,1,1.0,1,1.0,1,0.26914545297397224,41
1603,5,2564,1306,1258,0,0,0,1.0,1,1.0,1,1.0,1,0.250161186246921,43
1604,0,2564,1306,1258,0,0,0,1.0,1,1.0,1,1.0,1,0.250161186246921,43
1605,2,2566,1307,1259,0,0,0,1.0,1,1.0,1,1.0,1,0.2617852187236712,44
1606,4,2570,1309,1261,0,0,0,1.0,1,1.0,1,1.0,1,0.2305666519719055,44
1607,1,2571,1310,1261,0,0,0,1.0,1,1.0,1,1.0,1,0.23933596588450026,42
1608,2,2573,1312,1261,0,0,0,1.0,1,1.0,1,1.0,1,0.25824875453429974,41
1609,1,2574,1312,1262,0,0,0,1.0,1,1.0,1,1.0,1,0.2079055902194986,39
1610,2,2576,1313,1263,0,0,0,1.0,1,1.0,1,1.0,1,0.19445297365010564,39
1611,0,2576,1313,1263,0,0,0,1.0,1,1.0,1,1.0,1,0.19850234253261348,40
1612,0,2576,1313,1263,0,0,0,1.0,1,1.0,1,1.0,1,0.19273897692870334,39
1613,1,2577,1313,1264,0,0,0,1.0,1,1.0,1,1.0,1,0.18362803665336727,41
1614,0,2577,1313,1264,0,0,0,1.0,1,1.0,1,1.0,1,0.18362803665336727,41
1615,0,2577,1313,1264,0,0,0,1.0,1,1.0,1,1.0,1,0.18362803665336727,41
1616,1,2578,1314,1264,0,0,0,1.0,1,1.0,1,1.0,1,0.17511366269134485,43
1617,1,2579,1315,1264,0,0,0,1.0,1,1.0,1,1.0,1,0.2088960628809659,44
1618,1,2580,1316,1264,0,0,0,1.0,1,1.0,1,1.0,1,0.2054545714381523,44
1619,1,2581,1317,1264,0,0,0,1.0,1,1.0,1,1.0,1,0.24955428184397105,44
1620,2,2583,1318,1265,0,0,0,1.0,1,1.0,1,1.0,1,0.2714887544752377,45
1621,2,2585,1318,1267,0,0,0,1.0,1,1.0,1,1.0,1,0.2627226543711035,44
1622,2,2587,1320,1267,0,0,0,1.0,1,1.0,1,1.0,1,0.3038196764194666,44
1623,1,2588,1320,1268,0,0,0,1.0,1,1.0,1,1.0,1,0.29174468204380044,43
1624,2,2590,1321,1269,0,0,0,1.0,1,1.0,1,1.0,1,0.2769090474501057,43
1625,3,2593,1323,1270,0,0,0,1.0,1,1.0,1,1.0,1,0.31506036365011614,43
1626,1,2594,1323,1271,0,0,0,1.0,1,1.0,1,1.0,1,0.2805715468355294,42
1627,1,2595,1324,1271,0,0,0,1.0,1,1.0,1,1.0,1,0.2988325426538053,42
1628,3,2598,1326,1272,0,0,0,1.0,1,1.0,1,1.0,1,0.34199659653889375,42
1629,0,2598,1326,1272,0,0,0,1.0,1,1.0,1,1.0,1,0.3327747366521274,41
1630,4,2602,1328,1274,0,0,0,1.0,1,1.0,1,1.0,1,0.35072247764454023,41
1631,3,2605,1328,1277,0,0,0,1.0,1,1.0,1,1.0,1,0.2692915174244591,40
1632,0,2605,1328,1277,0,0,0,1.0,1,1.0,1,1.0,1,0.26068949550451864,39
1633,1,2606,1328,1278,0,0,0,1.0,1,1.0,1,1.0,1,0.2381850772078748,39
1634,0,2606,1328,1278,0,0,0,1.0,1,1.0,1,1.0,1,0.2381850772078748,39
1635,0,2606,1328,1278,0,0,0,1.0,1,1.0,1,1.0,1,0.24499231425568058,40
1636,2,2608,1329,1279,0,0,0,1.0,1,1.0,1,1.0,1,0.24664975486109608,41
1637,2,2610,1329,1281,0,0,0,1.0,1,1.0,1,1.0,1,0.22842227058493778,41
1638,2,2612,1330,1282,0,0,0,1.0,1,1.0,1,1.0,1,0.23980334544866777,42
1639,1,2613,1331,1282,0,0,0,1.0,1,1.0,1,1.0,1,0.2371489884032998,43
1640,0,2613,1331,1282,0,0,0,1.0,1,1.0,1,1.0,1,0.2371489884032998,43
1641,1,2614,1331,1283,0,0,0,1.0,1,1.0,1,1.0,1,0.2295064544181506,44
1642,5,2619,1335,1284,0,0,0,1.0,1,1.0,1,1.0,1,0.2773228126900868,45
1643,5,2624,1337,1287,0,0,0,1.0,1,1.0,1,1.0,1,0.22878323035941636,44
1644,4,2628,1340,1288,0,0,0,1.0,1,1.0,1,1.0,1,0.24147389359125326,45
1645,1,2629,1340,1289,0,0,0,1.0,1,1.0,1,1.0,1,0.2226336824240161,44
1646,1,2630,1341,1289,0,0,0,1.0,1,1.0,1,1.0,1,0.23899483610777983,43
1647,6,2636,1343,1293,0,0,0,1.0,1,1.0,1,1.0,1,0.19764027869141557,43
1648,0,2636,1343,1293,0,0,0,1.0,1,1.0,1,1.0,1,0.22530557491554742,42
1649,0,2636,1343,1293,0,0,0,1.0,1,1.0,1,1.0,1,0.2561715366155919,41
1650,0,2636,1343,1293,0,0,0,1.0,1,1.0,1,1.0,1,0.2561715366155919,41
1651,1,2637,1344,1293,0,0,0,1.0,1,1.0,1,1.0,1,0.26605419771784916,40
1652,0,2637,1344,1293,0,0,0,1.0,1,1.0,1,1.0,1,0.2804294557046219,39
1653,1,2638,1344,1294,0,0,0,1.0,1,1.0,1,1.0,1,0.31141226404352707,39
1654,0,2638,1344,1294,0,0,0,1.0,1,1.0,1,1.0,1,0.31141226404352707,39
1655,3,2641,1346,1295,0,0,0,1.0,1,1.0,1,1.0,1,0.3203289424999463,40
1656,2,2643,1346,1297,0,0,0,1.0,1,1.0,1,1.0,1,0.2966432389573738,40
1657,2,2645,1346,1299,0,0,0,1.0,1,1.0,1,1.0,1,0.22738411490303365,40
1658,4,2649,1346,1303,0,0,0,1.0,1,1.0,1,1.0,1,0.1100363703125891,40
1659,2,2651,1347,1304,0,0,0,1.0,1,1.0,1,1.0,1,0.1351852159670076,40
1660,0,2651,1347,1304,0,0,0,1.0,1,1.0,1,1.0,1,0.15024544567779324,41
1661,2,2653,1349,1304,0,0,0,1.0,1,1.0,1,1.0,1,0.18750947181883765,42
1662,2,2655,1350,1305,0,0,0,1.0,1,1.0,1,1.0,1,0.1898171055958455,44
1663,6,2661,1353,1308,0,0,0,1.0,1,1.0,1,1.0,1,0.18428657800763568,43
1664,5,2666,1356,1310,0,0,0,1.0,1,1.0,1,1.0,1,0.20964739201899618,42
1665,2,2668,1357,1311,0,0,0,1.0,1,1.0,1,1.0,1,0.2076301307156143,42
1666,4,2672,1360,1312,0,0,0,1.0,1,1.0,1,1.0,1,0.26835898648088924,43
1667,3,2675,1362,1313,0,0,0,1.0,1,1.0,1,1.0,1,0.24429663759407352,40
1668,2,2677,1362,1315,0,0,0,1.0,1,1.0,1,1.0,1,0.19673811439752353,40
1669,1,2678,1363,1315,0,0,0,1.0,1,1.0,1,1.0,1,0.1853402654647612,40
1670,1,2679,1364,1315,0,0,0,1.0,1,1.0,1,1.0,1,0.19404820818974283,39
1671,1,2680,1364,1316,0,0,0,1.0,1,1.0,1,1.0,1,0.19002987887399783,39
1672,2,2682,1366,1316,0,0,0,1.0,1,1.0,1,1.0,1,0.20107760015307435,38
1673,1,2683,1367,1316,0,0,0,1.0,1,1.0,1,1.0,1,0.20343154777207098,38
1674,2,2685,1368,1317,0,0,0,1.0,1,1.0,1,1.0,1,0.16760725106623345,38
1675,1,2686,1369,1317,0,0,0,1.0,1,1.0,1,1.0,1,0.17390502281784873,39
1676,0,2686,1369,1317,0,0,0,1.0,1,1.0,1,1.0,1,0.17931511161911973,39
1677,0,2686,1369,1317,0,0,0,1.0,1,1.0,1,1.0,1,0.18301247599002773,40
1678,0,2686,1369,1317,0,0,0,1.0,1,1.0,1,1.0,1,0.18119784265586952,39
1679,0,2686,1369,1317,0,0,0,1.0,1,1.0,1,1.0,1,0.18119784265586952,39
1680,0,2686,1369,1317,0,0,0,1.0,1,1.0,1,1.0,1,0.19954668652954044,40
1681,0,2686,1369,1317,0,0,0,1.0,1,1.0,1,1.0,1,0.19959107100614237,41
1682,0,2686,1369,1317,0,0,0,1.0,1,1.0,1,1.0,1,0.18498033979693934,40
1683,5,2691,1373,1318,0,0,0,1.0,1,1.0,1,1.0,1,0.2512631147380661,43
1684,4,2695,1375,1320,0,0,0,1.0,1,1.0,1,1.0,1,0.2550581858312593,42
1685,4,2699,1377,1322,0,0,0,1.0,1,1.0,1,1.0,1,0.23691573930130552,41
1686,0,2699,1377,1322,0,0,0,1.0,1,1.0,1,1.0,1,0.28868778952071705,39
1687,2,2701,1378,1323,0,0,0,1.0,1,1.0,1,1.0,1,0.24571262822891698,41
1688,1,2702,1379,1323,0,0,0,1.0,1,1.0,1,1.0,1,0.24179230867706505,39
1689,2,2704,1381,1323,0,0,0,1.0,1,1.0,1,1.0,1,0.2608107647963161,37
1690,3,2707,1382,1325,0,0,0,1.0,1,1.0,1,1.0,1,0.25948369065036386,36
1691,7,2714,1386,1328,0,0,0,1.0,1,1.0,1,1.0,1,0.2829025808667824,36
1692,0,2714,1386,1328,0,0,0,1.0,1,1.0,1,1.0,1,0.25387416033569216,34
1693,1,2715,1387,1328,0,0,0,1.0,1,1.0,1,1.0,1,0.24910603193892145,33
1694,0,2715,1387,1328,0,0,0,1.0,1,1.0,1,1.0,1,0.25691481030849134,32
1695,0,2715,1387,1328,0,0,0,1.0,1,1.0,1,1.0,1,0.24396856022086535,32
1696,1,2716,1387,1329,0,0,0,1.0,1,1.0,1,1.0,1,0.25072715287275815,34
1697,1,2717,1388,1329,0,0,0,1.0,1,1.0,1,1.0,1,0.27057965445630566,34
1698,3,2720,1391,1329,0,0,0,1.0,1,1.0,1,1.0,1,0.2792343429005215,36
1699,3,2723,1393,1330,0,0,0,1.0,1,1.0,1,1.0,1,0.3152319577519625,36
1700,0,2723,1393,1330,0,0,0,1.0,1,1.0,1,1.0,1,0.33525724134394186,37
1701,3,2726,1394,1332,0,0,0,1.0,1,1.0,1,1.0,1,0.33476015183726215,39
1702,4,2730,1396,1334,0,0,0,1.0,1,1.0,1,1.0,1,0.34410520823941954,39
1703,0,2730,1396,1334,0,0,0,1.0,1,1.0,1,1.0,1,0.33616060129144604,38
1704,4,2734,1400,1334,0,0,0,1.0,1,1.0,1,1.0,1,0.3430663823166588,38
1705,2,2736,1400,1336,0,0,0,1.0,1,1.0,1,1.0,1,0.28955947807067883,37
1706,1,2737,1401,1336,0,0,0,1.0,1,1.0,1,1.0,1,0.29941218186676616,37
1707,3,2740,1403,1337,0,0,0,1.0,1,1.0,1,1.0,1,0.2889945200463567,36
1708,0,2740,1403,1337,0,0,0,1.0,1,1.0,1,1.0,1,0.2699905862581387,34
1709,1,2741,1404,1337,0,0,0,1.0,1,1.0,1,1.0,1,0.29775926746385145,34
1710,2,2743,1405,1338,0,0,0,1.0,1,1.0,1,1.0,1,0.3195143067773583,33
1711,2,2745,1405,1340,0,0,0,1.0,1,1.0,1,1.0,1,0.28188574758479107,32
1712,1,2746,1406,1340,0,0,0,1.0,1,1.0,1,1.0,1,0.3293566269541061,31
1713,1,2747,1406,1341,0,0,0,1.0,1,1.0,1,1.0,1,0.3208852965576,32
1714,0,2747,1406,1341,0,0,0,1.0,1,1.0,1,1.0,1,0.3208852965576,32
1715,1,2748,1406,1342,0,0,0,1.0,1,1.0,1,1.0,1,0.30180037184570707,32
1716,2,2750,1406,1344,0,0,0,1.0,1,1.0,1,1.0,1,0.25577867056697806,34
1717,0,2750,1406,1344,0,0,0,1.0,1,1.0,1,1.0,1,0.25577867056697806,34
1718,0,2750,1406,1344,0,0,0,1.0,1,1.0,1,1.0,1,0.2700205799891319,34
1719,1,2751,1407,1344,0,0,0,1.0,1,1.0,1,1.0,1,0.29205246323657597,34
1720,0,2751,1407,1344,0,0,0,1.0,1,1.0,1,1.0,1,0.27899989642146933,34
1721,2,2753,1408,1345,0,0,0,1.0,1,1.0,1,1.0,1,0.25882890288435245,35
1722,0,2753,1408,1345,0,0,0,1.0,1,1.0,1,1.0,1,0.27718933790525524,35
1723,0,2753,1408,1345,0,0,0,1.0,1,1.0,1,1.0,1,0.2967570960802434,34
1724,1,2754,1409,1345,0,0,0,1.0,1,1.0,1,1.0,1,0.23672135521082247,33
1725,1,2755,1410,1345,0,0,0,1.0,1,1.0,1,1.0,1,0.30345862316533273,35
1726,0,2755,1410,1345,0,0,0,1.0,1,1.0,1,1.0,1,0.30135855343378376,34
1727,1,2756,1411,1345,0,0,0,1.0,1,1.0,1,1.0,1,0.3349533267812655,34
1728,2,2758,1411,1347,0,0,0,1.0,1,1.0,1,1.0,1,0.27867608033989866,35
1729,1,2759,1412,1347,0,0,0,1.0,1,1.0,1,1.0,1,0.3096145635209894,35
1730,1,2760,1413,1347,0,0,0,1.0,1,1.0,1,1.0,1,0.3235381673350266,35
1731,1,2761,1414,1347,0,0,0,1.0,1,1.0,1,1.0,1,0.3693922675191463,35
1732,1,2762,1414,1348,0,0,0,1.0,1,1.0,1,1.0,1,0.36119946762009925,35
1733,3,2765,1414,1351,0,0,0,1.0,1,1.0,1,1.0,1,0.3172826416829119,33
1734,2,2767,1416,1351,0,0,0,1.0,1,1.0,1,1.0,1,0.3623351427254231,34
1735,3,2770,1416,1354,0,0,0,1.0,1,1.0,1,1.0,1,0.2727138600073026,33
1736,3,2773,1418,1355,0,0,0,1.0,1,1.0,1,1.0,1,0.2756377232729882,33
1737,2,2775,1418,1357,0,0,0,1.0,1,1.0,1,1.0,1,0.22606745354402857,35
1738,2,2777,1419,1358,0,0,0,1.0,1,1.0,1,1.0,1,0.21304497223695731,36
1739,2,2779,1421,1358,0,0,0,1.0,1,1.0,1,1.0,1,0.24481094880792859,36
1740,2,2781,1422,1359,0,0,0,1.0,1,1.0,1,1.0,1,0.2688877749320816,37
1741,1,2782,1422,1360,0,0,0,1.0,1,1.0,1,1.0,1,0.2423427056677914,36
1742,1,2783,1423,1360,0,0,0,1.0,1,1.0,1,1.0,1,0.2152443945448517,36
1743,2,2785,1424,1361,0,0,0,1.0,1,1.0,1,1.0,1,0.19163614287554587,37
1744,1,2786,1424,1362,0,0,0,1.0,1,1.0,1,1.0,1,0.19437097796596825,37
1745,6,2792,1428,1364,0,0,0,1.0,1,1.0,1,1.0,1,0.24179009235646895,38
1746,1,2793,1429,1364,0,0,0,1.0,1,1.0,1,1.0,1,0.2367797388115713,38
1747,2,2795,1429,1366,0,0,0,1.0,1,1.0,1,1.0,1,0.19165298650417575,37
1748,1,2796,1429,1367,0,0,0,1.0,1,1.0,1,1.0,1,0.19246555229795506,38
1749,3,2799,1431,1368,0,0,0,1.0,1,1.0,1,1.0,1,0.19242188671984647,38
1750,2,2801,1431,1370,0,0,0,1.0,1,1.0,1,1.0,1,0.17465935288730874,39
1751,1,2802,1432,1370,0,0,0,1.0,1,1.0,1,1.0,1,0.17101571590545792,41
1752,0,2802,1432,1370,0,0,0,1.0,1,1.0,1,1.0,1,0.17101571590545792,41
1753,2,2804,1433,1371,0,0,0,1.0,1,1.0,1,1.0,1,0.17840386851153542,41
1754,1,2805,1434,1371,0,0,0,1.0,1,1.0,1,1.0,1,0.19084876186123287,40
1755,1,2806,1435,1371,0,0,0,1.0,1,1.0,1,1.0,1,0.21381864532538092,41
1756,0,2806,1435,1371,0,0,0,1.0,1,1.0,1,1.0,1,0.23463759760450195,41
1757,0,2806,1435,1371,0,0,0,1.0,1,1.0,1,1.0,1,0.23882232547544174,40
1758,2,2808,1436,1372,0,0,0,1.0,1,1.0,1,1.0,1,0.26129638880655837,41
1759,3,2811,1438,1373,0,0,0,1.0,1,1.0,1,1.0,1,0.3259477838901557,38
1760,3,2814,1439,1375,0,0,0,1.0,1,1.0,1,1.0,1,0.3449257009503772,38
1761,2,2816,1440,1376,0,0,0,1.0,1,1.0,1,1.0,1,0.33676918913869547,37
1762,4,2820,1441,1379,0,0,0,1.0,1,1.0,1,1.0,1,0.32152215422921493,37
1763,1,2821,1442,1379,0,0,0,1.0,1,1.0,1,1.0,1,0.3065446147299065,37
1764,2,2823,1443,1380,0,0,0,1.0,1,1.0,1,1.0,1,0.27663919904143847,36
1765,2,2825,1445,1380,0,0,0,1.0,1,1.0,1,1.0,1,0.29237251358923316,36
1766,3,2828,1446,1382,0,0,0,1.0,1,1.0,1,1.0,1,0.2536523777896052,37
1767,1,2829,1447,1382,0,0,0,1.0,1,1.0,1,1.0,1,0.25787751399906567,37
1768,3,2832,1448,1384,0,0,0,1.0,1,1.0,1,1.0,1,0.22508666919646408,37
1769,0,2832,1448,1384,0,0,0,1.0,1,1.0,1,1.0,1,0.2249911588427964,38
1770,1,2833,1449,1384,0,0,0,1.0,1,1.0,1,1.0,1,0.26960008765350973,39
1771,1,2834,1449,1385,0,0,0,1.0,1,1.0,1,1.0,1,0.22554335381746404,39
1772,0,2834,1449,1385,0,0,0,1.0,1,1.0,1,1.0,1,0.22554335381746404,39
1773,0,2834,1449,1385,0,0,0,1.0,1,1.0,1,1.0,1,0.19886792291480676,41
1774,0,2834,1449,1385,0,0,0,1.0,1,1.0,1,1.0,1,0.19886792291480676,41
1775,0,2834,1449,1385,0,0,0,1.0,1,1.0,1,1.0,1,0.2198566028939655,42
1776,2,2836,1450,1386,0,0,0,1.0,1,1.0,1,1.0,1,0.214122774102446,43
1777,1,2837,1450,1387,0,0,0,1.0,1,1.0,1,1.0,1,0.20747600997671017,43
1778,3,2840,1451,1389,0,0,0,1.0,1,1.0,1,1.0,1,0.17692878361687137,44
1779,0,2840,1451,1389,0,0,0,1.0,1,1.0,1,1.0,1,0.19133977753910564,46
1780,1,2841,1452,1389,0,0,0,1.0,1,1.0,1,1.0,1,0.19699456231447332,46
1781,0,2841,1452,1389,0,0,0,1.0,1,1.0,1,1.0,1,0.19699456231447332,46
1782,2,2843,1453,1390,0,0,0,1.0,1,1.0,1,1.0,1,0.22643577915488886,46
1783,1,2844,1454,1390,0,0,0,1.0,1,1.0,1,1.0,1,0.21524715333009722,44
1784,1,2845,1455,1390,0,0,0,1.0,1,1.0,1,1.0,1,0.22600837310770192,45
1785,0,2845,1455,1390,0,0,0,1.0,1,1.0,1,1.0,1,0.22256009794095188,42
1786,6,2851,1460,1391,0,0,0,1.0,1,1.0,1,1.0,1,0.2933330218421354,43
1787,4,2855,1463,1392,0,0,0,1.0,1,1.0,1,1.0,1,0.32798563459839253,41
1788,4,2859,1464,1395,0,0,0,1.0,1,1.0,1,1.0,1,0.30279364393397146,41
1789,4,2863,1465,1398,0,0,0,1.0,1,1.0,1,1.0,1,0.2450227486319916,41
1790,0,2863,1465,1398,0,0,0,1.0,1,1.0,1,1.0,1,0.2335600897605034,41
1791,1,2864,1465,1399,0,0,0,1.0,1,1.0,1,1.0,1,0.2039971057837834,40
1792,2,2866,1467,1399,0,0,0,1.0,1,1.0,1,1.0,1,0.1700659251913863,40
1793,1,2867,1468,1399,0,0,0,1.0,1,1.0,1,1.0,1,0.22271251740294126,41
1794,2,2869,1470,1399,0,0,0,1.0,1,1.0,1,1.0,1,0.23815529859571774,41
1795,5,2874,1473,1401,0,0,0,1.0,1,1.0,1,1.0,1,0.18891192208643853,40
1796,2,2876,1475,1401,0,0,0,1.0,1,1.0,1,1.0,1,0.19825264529155645,40
1797,2,2878,1477,1401,0,0,0,1.0,1,1.0,1,1.0,1,0.24432983718047457,37
1798,0,2878,1477,1401,0,0,0,1.0,1,1.0,1,1.0,1,0.24432983718047457,37
1799,0,2878,1477,1401,0,0,0,1.0,1,1.0,1,1.0,1,0.30952187896528177,36
1800,0,2878,1477,1401,0,0,0,1.0,1,1.0,1,1.0,1,0.30952187896528177,36
1801,0,2878,1477,1401,0,0,0,1.0,1,1.0,1,1.0,1,0.28602135638627046,34
1802,0,2878,1477,1401,0,0,0,1.0,1,1.0,1,1.0,1,0.34373516362198137,33
1803,1,2879,1477,1402,0,0,0,1.0,1,1.0,1,1.0,1,0.322316224936997,33
1804,3,2882,1480,1402,0,0,0,1.0,1,1.0,1,1.0,1,0.3808958918988146,33
1805,4,2886,1480,1406,0,0,0,1.0,1,1.0,1,1.0,1,0.2998351762938831,35
1806,4,2890,1482,1408,0,0,0,1.0,1,1.0,1,1.0,1,0.30367587254993894,35
1807,1,2891,1482,1409,0,0,0,1.0,1,1.0,1,1.0,1,0.2685099196269748,35
1808,2,2893,1482,1411,0,0,0,1.0,1,1.0,1,1.0,1,0.2304276171538881,36
1809,1,2894,1482,1412,0,0,0,1.0,1,1.0,1,1.0,1,0.2133831611492285,36
1810,1,2895,1482,1413,0,0,0,1.0,1,1.0,1,1.0,1,0.2013296447340244,35
1811,0,2895,1482,1413,0,0,0,1.0,1,1.0,1,1.0,1,0.24640831540159472,36
1812,1,2896,1483,1413,0,0,0,1.0,1,1.0,1,1.0,1,0.25680243745588166,36
1813,1,2897,1484,1413,0,0,0,1.0,1,1.0,1,1.0,1,0.27339414923283767,36
1814,0,2897,1484,1413,0,0,0,1.0,1,1.0,1,1.0,1,0.2666508103659948,34
1815,1,2898,1485,1413,0,0,0,1.0,1,1.0,1,1.0,1,0.3060085742143522,35
1816,0,2898,1485,1413,0,0,0,1.0,1,1.0,1,1.0,1,0.3190438627121706,34
1817,3,2901,1488,1413,0,0,0,1.0,1,1.0,1,1.0,1,0.2709117282501795,34
1818,2,2903,1489,1414,0,0,0,1.0,1,1.0,1,1.0,1,0.21932925615206536,34
1819,4,2907,1491,1416,0,0,0,1.0,1,1.0,1,1.0,1,0.1979746430808958,35
1820,0,2907,1491,1416,0,0,0,1.0,1,1.0,1,1.0,1,0.17733640177731252,36
1821,1,2908,1492,1416,0,0,0,1.0,1,1.0,1,1.0,1,0.1642590437693343,36
1822,2,2910,1494,1416,0,0,0,1.0,1,1.0,1,1.0,1,0.20404742203373072,37
1823,3,2913,1496,1417,0,0,0,1.0,1,1.0,1,1.0,1,0.2680723342306836,38
1824,3,2916,1499,1417,0,0,0,1.0,1,1.0,1,1.0,1,0.27719056907529016,37
1825,6,2922,1502,1420,0,0,0,1.0,1,1.0,1,1.0,1,0.2558215367238515,36
1826,0,2922,1502,1420,0,0,0,1.0,1,1.0,1,1.0,1,0.2415379350954944,35
1827,3,2925,1504,1421,0,0,0,1.0,1,1.0,1,1.0,1,0.25869650823030926,35
1828,1,2926,1504,1422,0,0,0,1.0,1,1.0,1,1.0,1,0.23526263309090872,33
1829,0,2926,1504,1422,0,0,0,1.0,1,1.0,1,1.0,1,0.23821771880398046,32
1830,2,2928,1506,1422,0,0,0,1.0,1,1.0,1,1.0,1,0.34278156281101574,32
1831,0,2928,1506,1422,0,0,0,1.0,1,1.0,1,1.0,1,0.32786151690765186,30
1832,2,2930,1506,1424,0,0,0,1.0,1,1.0,1,1.0,1,0.2513957242677472,30
1833,1,2931,1506,1425,0,0,0,1.0,1,1.0,1,1.0,1,0.21264624856633182,29
1834,2,2933,1507,1426,0,0,0,1.0,1,1.0,1,1.0,1,0.22633558776821394,28
1835,2,2935,1509,1426,0,0,0,1.0,1,1.0,1,1.0,1,0.2990333908611516,28
1836,2,2937,1510,1427,0,0,0,1.0,1,1.0,1,1.0,1,0.3079126112281662,29
1837,3,2940,1510,1430,0,0,0,1.0,1,1.0,1,1.0,1,0.2650262272320518,28
1838,1,2941,1511,1430,0,0,0,1.0,1,1.0,1,1.0,1,0.3028736918696176,28
1839,0,2941,1511,1430,0,0,0,1.0,1,1.0,1,1.0,1,0.3225960514877454,27
1840,0,2941,1511,1430,0,0,0,1.0,1,1.0,1,1.0,1,0.3678158676504173,26
1841,0,2941,1511,1430,0,0,0,1.0,1,1.0,1,1.0,1,0.3521251008190885,25
1842,3,2944,1512,1432,0,0,0,1.0,1,1.0,1,1.0,1,0.2991432438995894,26
1843,0,2944,1512,1432,0,0,0,1.0,1,1.0,1,1.0,1,0.2991432438995894,26
1844,1,2945,1513,1432,0,0,0,1.0,1,1.0,1,1.0,1,0.2860519181648766,26
1845,1,2946,1514,1432,0,0,0,1.0,1,1.0,1,1.0,1,0.3188392206527362,26
1846,2,2948,1516,1432,0,0,0,1.0,1,1.0,1,1.0,1,0.34865804607275713,26
1847,1,2949,1516,1433,0,0,0,1.0,1,1.0,1,1.0,1,0.2992352465669216,26
1848,1,2950,1517,1433,0,0,0,1.0,1,1.0,1,1.0,1,0.33896657301305544,27
1849,0,2950,1517,1433,0,0,0,1.0,1,1.0,1,1.0,1,0.33896657301305544,27
1850,0,2950,1517,1433,0,0,0,1.0,1,1.0,1,1.0,1,0.35814067478379275,28
1851,0,2950,1517,1433,0,0,0,1.0,1,1.0,1,1.0,1,0.35814067478379275,28
1852,0,2950,1517,1433,0,0,0,1.0,1,1.0,1,1.0,1,0.35814067478379275,28
1853,1,2951,1517,1434,0,0,0,1.0,1,1.0,1,1.0,1,0.34898223831362213,27
1854,0,2951,1517,1434,0,0,0,1.0,1,1.0,1,1.0,1,0.3618709800624031,28
1855,1,2952,1517,1435,0,0,0,1.0,1,1.0,1,1.0,1,0.3346590596072132,28
1856,0,2952,1517,1435,0,0,0,1.0,1,1.0,1,1.0,1,0.34502304433457315,30
1857,0,2952,1517,1435,0,0,0,1.0,1,1.0,1,1.0,1,0.3400047487289094,31
1858,3,2955,1520,1435,0,0,0,1.0,1,1.0,1,1.0,1,0.35560223235841804,31
1859,0,2955,1520,1435,0,0,0,1.0,1,1.0,1,1.0,1,0.35560223235841804,31
1860,0,2955,1520,1435,0,0,0,1.0,1,1.0,1,1.0,1,0.35560223235841804,31
1861,1,2956,1520,1436,0,0,0,1.0,1,1.0,1,1.0,1,0.3287247895616835,31
1862,3,2959,1522,1437,0,0,0,1.0,1,1.0,1,1.0,1,0.3394946113532591,31
1863,3,2962,1524,1438,0,0,0,1.0,1,1.0,1,1.0,1,0.3568204276081676,31
1864,2,2964,1526,1438,0,0,0,1.0,1,1.0,1,1.0,1,0.3804831919434755,30
1865,1,2965,1527,1438,0,0,0,1.0,1,1.0,1,1.0,1,0.39214189164543106,27
1866,3,2968,1529,1439,0,0,0,1.0,1,1.0,1,1.0,1,0.4227595435297931,28
1867,3,2971,1530,1441,0,0,0,1.0,1,1.0,1,1.0,1,0.37654274072702193,26
1868,0,2971,1530,1441,0,0,0,1.0,1,1.0,1,1.0,1,0.37654274072702193,26
1869,1,2972,1530,1442,0,0,0,1.0,1,1.0,1,1.0,1,0.3579349332448969,25
1870,1,2973,1530,1443,0,0,0,1.0,1,1.0,1,1.0,1,0.32503440061773753,25
1871,1,2974,1530,1444,0,0,0,1.0,1,1.0,1,1.0,1,0.32490584372766673,26
1872,0,2974,1530,1444,0,0,0,1.0,1,1.0,1,1.0,1,0.31553421231989337,25
1873,0,2974,1530,1444,0,0,0,1.0,1,1.0,1,1.0,1,0.33307965448494825,23
1874,1,2975,1531,1444,0,0,0,1.0,1,1.0,1,1.0,1,0.28376327047964434,23
1875,0,2975,1531,1444,0,0,0,1.0,1,1.0,1,1.0,1,0.3543595493119059,21
1876,3,2978,1532,1446,0,0,0,1.0,1,1.0,1,1.0,1,0.32982931781744995,24
1877,2,2980,1533,1447,0,0,0,1.0,1,1.0,1,1.0,1,0.3363170975636726,24
1878,3,2983,1534,1449,0,0,0,1.0,1,1.0,1,1.0,1,0.2396333068962919,26
1879,0,2983,1534,1449,0,0,0,1.0,1,1.0,1,1.0,1,0.2396333068962919,26
1880,0,2983,1534,1449,0,0,0,1.0,1,1.0,1,1.0,1,0.2396333068962919,26
1881,0,2983,1534,1449,0,0,0,1.0,1,1.0,1,1.0,1,0.2396333068962919,26
1882,0,2983,1534,1449,0,0,0,1.0,1,1.0,1,1.0,1,0.24458669537417715,25
1883,0,2983,1534,1449,0,0,0,1.0,1,1.0,1,1.0,1,0.24458669537417715,25
1884,0,2983,1534,1449,0,0,0,1.0,1,1.0,1,1.0,1,0.24458669537417715,25
1885,0,2983,1534,1449,0,0,0,1.0,1,1.0,1,1.0,1,0.24458669537417715,25
1886,1,2984,1534,1450,0,0,0,1.0,1,1.0,1,1.0,1,0.2068279532703729,26
1887,0,2984,1534,1450,0,0,0,1.0,1,1.0,1,1.0,1,0.2068279532703729,26
1888,1,2985,1535,1450,0,0,0,1.0,1,1.0,1,1.0,1,0.25356666207008804,27
1889,0,2985,1535,1450,0,0,0,1.0,1,1.0,1,1.0,1,0.2790937378090184,28
1890,0,2985,1535,1450,0,0,0,1.0,1,1.0,1,1.0,1,0.2790937378090184,28
1891,1,2986,1535,1451,0,0,0,1.0,1,1.0,1,1.0,1,0.29506063688689493,29
1892,0,2986,1535,1451,0,0,0,1.0,1,1.0,1,1.0,1,0.29506063688689493,29
1893,0,2986,1535,1451,0,0,0,1.0,1,1.0,1,1.0,1,0.29506063688689493,29
1894,0,2986,1535,1451,0,0,0,1.0,1,1.0,1,1.0,1,0.29506063688689493,29
1895,1,2987,1536,1451,0,0,0,1.0,1,1.0,1,1.0,1,0.29643831937020576,31
1896,1,2988,1536,1452,0,0,0,1.0,1,1.0,1,1.0,1,0.2785913972407968,31
1897,0,2988,1536,1452,0,0,0,1.0,1,1.0,1,1.0,1,0.2785913972407968,31
1898,0,2988,1536,1452,0,0,0,1.0,1,1.0,1,1.0,1,0.2785913972407968,31
1899,0,2988,1536,1452,0,0,0,1.0,1,1.0,1,1.0,1,0.29178439397955563,32
1900,0,2988,1536,1452,0,0,0,1.0,1,1.0,1,1.0,1,0.29178439397955563,32
1901,0,2988,1536,1452,0,0,0,1.0,1,1.0,1,1.0,1,0.29178439397955563,32
1902,0,2988,1536,1452,0,0,0,1.0,1,1.0,1,1.0,1,0.29178439397955563,32
1903,0,2988,1536,1452,0,0,0,1.0,1,1.0,1,1.0,1,0.29178439397955563,32
1904,1,2989,1536,1453,0,0,0,1.0,1,1.0,1,1.0,1,0.25915886838616337,34
1905,0,2989,1536,1453,0,0,0,1.0,1,1.0,1,1.0,1,0.25915886838616337,34
1906,0,2989,1536,1453,0,0,0,1.0,1,1.0,1,1.0,1,0.27125436123910845,35
1907,1,2990,1537,1453,0,0,0,1.0,1,1.0,1,1.0,1,0.2653744159545143,36
1908,0,2990,1537,1453,0,0,0,1.0,1,1.0,1,1.0,1,0.2653744159545143,36
1909,1,2991,1537,1454,0,0,0,1.0,1,1.0,1,1.0,1,0.25704274171235214,37
1910,2,2993,1538,1455,0,0,0,1.0,1,1.0,1,1.0,1,0.2716288278229635,38
1911,1,2994,1538,1456,0,0,0,1.0,1,1.0,1,1.0,1,0.241342118847375,37
1912,3,2997,1540,1457,0,0,0,1.0,1,1.0,1,1.0,1,0.24487159411713208,37
1913,2,2999,1541,1458,0,0,0,1.0,1,1.0,1,1.0,1,0.1869025234963788,36
1914,0,2999,1541,1458,0,0,0,1.0,1,1.0,1,1.0,1,0.21374326574419825,37
1915,1,3000,1542,1458,0,0,0,1.0,1,1.0,1,1.0,1,0.25829105441114236,37
1916,2,3002,1543,1459,0,0,0,1.0,1,1.0,1,1.0,1,0.2279930310489438,39
1917,4,3006,1545,1461,0,0,0,1.0,1,1.0,1,1.0,1,0.19235254713167438,38
1918,1,3007,1546,1461,0,0,0,1.0,1,1.0,1,1.0,1,0.19516025069485526,38
1919,2,3009,1548,1461,0,0,0,1.0,1,1.0,1,1.0,1,0.24274063345481536,38
1920,1,3010,1548,1462,0,0,0,1.0,1,1.0,1,1.0,1,0.23510006295022015,39
1921,0,3010,1548,1462,0,0,0,1.0,1,1.0,1,1.0,1,0.2124777757965851,38
1922,3,3013,1550,1463,0,0,0,1.0,1,1.0,1,1.0,1,0.1820666098599176,39
1923,3,3016,1553,1463,0,0,0,1.0,1,1.0,1,1.0,1,0.251634633857259,40
1924,3,3019,1553,1466,0,0,0,1.0,1,1.0,1,1.0,1,0.19715782768280624,40
1925,0,3019,1553,1466,0,0,0,1.0,1,1.0,1,1.0,1,0.21428813853795062,40
1926,0,3019,1553,1466,0,0,0,1.0,1,1.0,1,1.0,1,0.21428813853795062,40
1927,1,3020,1553,1467,0,0,0,1.0,1,1.0,1,1.0,1,0.18650949581136528,41
1928,0,3020,1553,1467,0,0,0,1.0,1,1.0,1,1.0,1,0.18650949581136528,41
1929,1,3021,1554,1467,0,0,0,1.0,1,1.0,1,1.0,1,0.2029584821073237,40
1930,0,3021,1554,1467,0,0,0,1.0,1,1.0,1,1.0,1,0.2029584821073237,40
1931,1,3022,1555,1467,0,0,0,1.0,1,1.0,1,1.0,1,0.23478723733155604,40
1932,1,3023,1555,1468,0,0,0,1.0,1,1.0,1,1.0,1,0.2168614875309363,40
1933,2,3025,1556,1469,0,0,0,1.0,1,1.0,1,1.0,1,0.21092385828279725,42
1934,2,3027,1556,1471,0,0,0,1.0,1,1.0,1,1.0,1,0.17256381131605286,44
1935,1,3028,1556,1472,0,0,0,1.0,1,1.0,1,1.0,1,0.1551456046297784,44
1936,1,3029,1556,1473,0,0,0,1.0,1,1.0,1,1.0,1,0.1515131458011506,46
1937,1,3030,1556,1474,0,0,0,1.0,1,1.0,1,1.0,1,0.12685048736528703,47
1938,2,3032,1558,1474,0,0,0,1.0,1,1.0,1,1.0,1,0.13834445644682247,47
1939,0,3032,1558,1474,0,0,0,1.0,1,1.0,1,1.0,1,0.13834445644682247,47
1940,1,3033,1559,1474,0,0,0,1.0,1,1.0,1,1.0,1,0.15479300130733842,47
1941,1,3034,1560,1474,0,0,0,1.0,1,1.0,1,1.0,1,0.1637653337655089,47
1942,2,3036,1561,1475,0,0,0,1.0,1,1.0,1,1.0,1,0.2026705132319009,49
1943,1,3037,1562,1475,0,0,0,1.0,1,1.0,1,1.0,1,0.20943788983266784,47
1944,3,3040,1565,1475,0,0,0,1.0,1,1.0,1,1.0,1,0.2649657457846449,47
1945,4,3044,1567,1477,0,0,0,1.0,1,1.0,1,1.0,1,0.20328043079491365,45
1946,1,3045,1567,1478,0,0,0,1.0,1,1.0,1,1.0,1,0.21446219416790305,45
1947,6,3051,1570,1481,0,0,0,1.0,1,1.0,1,1.0,1,0.23983612606859303,45
1948,6,3057,1572,1485,0,0,0,1.0,1,1.0,1,1.0,1,0.25305875858502097,45
1949,4,3061,1575,1486,0,0,0,1.0,1,1.0,1,1.0,1,0.30531430431099016,42
1950,8,3069,1579,1490,0,0,0,1.0,1,1.0,1,1.0,1,0.29331912395207954,42
1951,3,3072,1580,1492,0,0,0,1.0,1,1.0,1,1.0,1,0.2883783856461761,38
1952,1,3073,1581,1492,0,0,0,1.0,1,1.0,1,1.0,1,0.2910757839385104,36
1953,0,3073,1581,1492,0,0,0,1.0,1,1.0,1,1.0,1,0.2896261455359818,35
1954,1,3074,1581,1493,0,0,0,1.0,1,1.0,1,1.0,1,0.2864518438694683,32
1955,2,3076,1582,1494,0,0,0,1.0,1,1.0,1,1.0,1,0.2462905261977166,33
1956,2,3078,1584,1494,0,0,0,1.0,1,1.0,1,1.0,1,0.2950281581880988,31
1957,2,3080,1585,1495,0,0,0,1.0,1,1.0,1,1.0,1,0.2718775995243331,33
1958,3,3083,1586,1497,0,0,0,1.0,1,1.0,1,1.0,1,0.2720047393504573,34
1959,2,3085,1586,1499,0,0,0,1.0,1,1.0,1,1.0,1,0.20443272494487513,35
1960,0,3085,1586,1499,0,0,0,1.0,1,1.0,1,1.0,1,0.22210813739983443,36
1961,0,3085,1586,1499,0,0,0,1.0,1,1.0,1,1.0,1,0.1902100266048038,36
1962,0,3085,1586,1499,0,0,0,1.0,1,1.0,1,1.0,1,0.22656710101015312,35
1963,1,3086,1586,1500,0,0,0,1.0,1,1.0,1,1.0,1,0.2301652440600706,36
1964,1,3087,1587,1500,0,0,0,1.0,1,1.0,1,1.0,1,0.23408861987777219,35
1965,0,3087,1587,1500,0,0,0,1.0,1,1.0,1,1.0,1,0.21751590112217184,36
1966,3,3090,1589,1501,0,0,0,1.0,1,1.0,1,1.0,1,0.2217169158129157,36
1967,0,3090,1589,1501,0,0,0,1.0,1,1.0,1,1.0,1,0.2217169158129157,36
1968,0,3090,1589,1501,0,0,0,1.0,1,1.0,1,1.0,1,0.23790247965210523,37
1969,1,3091,1590,1501,0,0,0,1.0,1,1.0,1,1.0,1,0.2570283501731398,37
1970,1,3092,1591,1501,0,0,0,1.0,1,1.0,1,1.0,1,0.2644019874370992,38
1971,0,3092,1591,1501,0,0,0,1.0,1,1.0,1,1.0,1,0.2849262647978179,37
1972,2,3094,1592,1502,0,0,0,1.0,1,1.0,1,1.0,1,0.2572457402382036,37
1973,0,3094,1592,1502,0,0,0,1.0,1,1.0,1,1.0,1,0.2761836463046931,37
1974,0,3094,1592,1502,0,0,0,1.0,1,1.0,1,1.0,1,0.27014035213944776,38
1975,0,3094,1592,1502,0,0,0,1.0,1,1.0,1,1.0,1,0.27878833354961025,37
1976,5,3099,1595,1504,0,0,0,1.0,1,1.0,1,1.0,1,0.29821943460029965,39
1977,3,3102,1596,1506,0,0,0,1.0,1,1.0,1,1.0,1,0.27416220830940663,42
1978,2,3104,1597,1507,0,0,0,1.0,1,1.0,1,1.0,1,0.2521639857521462,42
1979,1,3105,1597,1508,0,0,0,1.0,1,1.0,1,1.0,1,0.2314686701139644,42
1980,1,3106,1598,1508,0,0,0,1.0,1,1.0,1,1.0,1,0.2466115610383243,43
1981,2,3108,1598,1510,0,0,0,1.0,1,1.0,1,1.0,1,0.22126957600013306,44
1982,2,3110,1599,1511,0,0,0,1.0,1,1.0,1,1.0,1,0.21442800858667457,44
1983,2,3112,1601,1511,0,0,0,1.0,1,1.0,1,1.0,1,0.21342475739910993,44
1984,3,3115,1602,1513,0,0,0,1.0,1,1.0,1,1.0,1,0.21038382107807124,42
1985,1,3116,1603,1513,0,0,0,1.0,1,1.0,1,1.0,1,0.2189901191508585,41
1986,4,3120,1606,1514,0,0,0,1.0,1,1.0,1,1.0,1,0.2732264603634277,40
1987,3,3123,1608,1515,0,0,0,1.0,1,1.0,1,1.0,1,0.1696318185768538,37
1988,3,3126,1610,1516,0,0,0,1.0,1,1.0,1,1.0,1,0.2579860652932328,35
1989,1,3127,1611,1516,0,0,0,1.0,1,1.0,1,1.0,1,0.28031504571408733,32
1990,1,3128,1612,1516,0,0,0,1.0,1,1.0,1,1.0,1,0.27736661114594835,31
1991,1,3129,1613,1516,0,0,0,1.0,1,1.0,1,1.0,1,0.30586875182797424,32
1992,1,3130,1614,1516,0,0,0,1.0,1,1.0,1,1.0,1,0.3543138884045488,32
1993,2,3132,1615,1517,0,0,0,1.0,1,1.0,1,1.0,1,0.3683823063213109,32
1994,1,3133,1616,1517,0,0,0,1.0,1,1.0,1,1.0,1,0.36041486978874043,31
1995,1,3134,1616,1518,0,0,0,1.0,1,1.0,1,1.0,1,0.3159769421404553,32
1996,1,3135,1616,1519,0,0,0,1.0,1,1.0,1,1.0,1,0.309862272621475,32
1997,0,3135,1616,1519,0,0,0,1.0,1,1.0,1,1.0,1,0.34841173423076477,31
1998,0,3135,1616,1519,0,0,0,1.0,1,1.0,1,1.0,1,0.3513277685584809,32
1999,1,3136,1616,1520,0,0,0,1.0,1,1.0,1,1.0,1,0.3199508472546386,31
2000,0,3136,1616,1520,0,0,0,1.0,1,1.0,1,1.0,1,0.34461564111845877,30
2001,0,3136,1616,1520,0,0,0,1.0,1,1.0,1,1.0,1,0.360047042150637,29
2002,1,3137,1617,1520,0,0,0,1.0,1,1.0,1,1.0,1,0.3374419015045133,31
2003,5,3142,1619,1523,0,0,0,1.0,1,1.0,1,1.0,1,0.3112420458637121,33
2004,4,3146,1620,1526,0,0,0,1.0,1,1.0,1,1.0,1,0.2857341961892418,34
2005,2,3148,1620,1528,0,0,0,1.0,1,1.0,1,1.0,1,0.27518135498132174,35
2006,1,3149,1621,1528,0,0,0,1.0,1,1.0,1,1.0,1,0.27054541014762473,36
2007,0,3149,1621,1528,0,0,0,1.0,1,1.0,1,1.0,1,0.27054541014762473,36
2008,4,3153,1622,1531,0,0,0,1.0,1,1.0,1,1.0,1,0.22839947615169368,36
2009,0,3153,1622,1531,0,0,0,1.0,1,1.0,1,1.0,1,0.20705915658722956,37
2010,3,3156,1623,1533,0,0,0,1.0,1,1.0,1,1.0,1,0.18349080999592784,37
2011,0,3156,1623,1533,0,0,0,1.0,1,1.0,1,1.0,1,0.18349080999592784,37
2012,0,3156,1623,1533,0,0,0,1.0,1,1.0,1,1.0,1,0.18349080999592784,37
2013,0,3156,1623,1533,0,0,0,1.0,1,1.0,1,1.0,1,0.2100091166804891,39
2014,2,3158,1623,1535,0,0,0,1.0,1,1.0,1,1.0,1,0.2129361613537988,39
2015,1,3159,1623,1536,0,0,0,1.0,1,1.0,1,1.0,1,0.2053432896466651,39
2016,0,3159,1623,1536,0,0,0,1.0,1,1.0,1,1.0,1,0.20762361273803284,41
2017,1,3160,1623,1537,0,0,0,1.0,1,1.0,1,1.0,1,0.1762573261209859,41
2018,2,3162,1624,1538,0,0,0,1.0,1,1.0,1,1.0,1,0.1706271159040982,42
2019,0,3162,1624,1538,0,0,0,1.0,1,1.0,1,1.0,1,0.15693193261097169,43
2020,3,3165,1627,1538,0,0,0,1.0,1,1.0,1,1.0,1,0.19087191091733696,43
2021,2,3167,1628,1539,0,0,0,1.0,1,1.0,1,1.0,1,0.16271681546593542,43
2022,0,3167,1628,1539,0,0,0,1.0,1,1.0,1,1.0,1,0.1646250923258825,44
2023,4,3171,1631,1540,0,0,0,1.0,1,1.0,1,1.0,1,0.2249027555022207,42
2024,3,3174,1633,1541,0,0,0,1.0,1,1.0,1,1.0,1,0.21328118193376142,41
2025,3,3177,1635,1542,0,0,0,1.0,1,1.0,1,1.0,1,0.2746482628077224,39
2026,3,3180,1636,1544,0,0,0,1.0,1,1.0,1,1.0,1,0.2632995159398922,39
2027,1,3181,1637,1544,0,0,0,1.0,1,1.0,1,1.0,1,0.3323634904812176,38
2028,1,3182,1638,1544,0,0,0,1.0,1,1.0,1,1.0,1,0.3598645658964233,37
2029,1,3183,1638,1545,0,0,0,1.0,1,1.0,1,1.0,1,0.3119696060373184,35
2030,0,3183,1638,1545,0,0,0,1.0,1,1.0,1,1.0,1,0.3087528649258576,32
2031,2,3185,1640,1545,0,0,0,1.0,1,1.0,1,1.0,1,0.3300077563671518,34
2032,2,3187,1641,1546,0,0,0,1.0,1,1.0,1,1.0,1,0.33170985950407306,35
2033,5,3192,1645,1547,0,0,0,1.0,1,1.0,1,1.0,1,0.30043933194106465,35
2034,0,3192,1645,1547,0,0,0,1.0,1,1.0,1,1.0,1,0.3284166691063053,35
2035,2,3194,1647,1547,0,0,0,1.0,1,1.0,1,1.0,1,0.31625163152099395,36
2036,2,3196,1647,1549,0,0,0,1.0,1,1.0,1,1.0,1,0.2873593249659524,35
2037,1,3197,1648,1549,0,0,0,1.0,1,1.0,1,1.0,1,0.30598543280862356,36
2038,1,3198,1649,1549,0,0,0,1.0,1,1.0,1,1.0,1,0.3140318293297267,38
2039,1,3199,1650,1549,0,0,0,1.0,1,1.0,1,1.0,1,0.32277688281612665,38
2040,0,3199,1650,1549,0,0,0,1.0,1,1.0,1,1.0,1,0.30482094845252633,37
2041,4,3203,1651,1552,0,0,0,1.0,1,1.0,1,1.0,1,0.2746745639723998,38
2042,1,3204,1651,1553,0,0,0,1.0,1,1.0,1,1.0,1,0.25885900462997996,38
2043,0,3204,1651,1553,0,0,0,1.0,1,1.0,1,1.0,1,0.25885900462997996,38
2044,1,3205,1651,1554,0,0,0,1.0,1,1.0,1,1.0,1,0.2293034549663699,39
2045,0,3205,1651,1554,0,0,0,1.0,1,1.0,1,1.0,1,0.24723481234439001,40
2046,0,3205,1651,1554,0,0,0,1.0,1,1.0,1,1.0,1,0.2542798075695268,41
2047,2,3207,1652,1555,0,0,0,1.0,1,1.0,1,1.0,1,0.235798590312642,41
2048,3,3210,1652,1558,0,0,0,1.0,1,1.0,1,1.0,1,0.18103822954825274,43
2049,2,3212,1653,1559,0,0,0,1.0,1,1.0,1,1.0,1,0.15159996853350996,43
2050,1,3213,1653,1560,0,0,0,1.0,1,1.0,1,1.0,1,0.1343190633582872,43
2051,1,3214,1654,1560,0,0,0,1.0,1,1.0,1,1.0,1,0.18771709659297972,43
2052,0,3214,1654,1560,0,0,0,1.0,1,1.0,1,1.0,1,0.2032482869753964,44
2053,2,3216,1655,1561,0,0,0,1.0,1,1.0,1,1.0,1,0.21947248699281627,43
2054,1,3217,1655,1562,0,0,0,1.0,1,1.0,1,1.0,1,0.21272216707948918,44
2055,0,3217,1655,1562,0,0,0,1.0,1,1.0,1,1.0,1,0.22996169480630038,43
2056,2,3219,1656,1563,0,0,0,1.0,1,1.0,1,1.0,1,0.19966809173327071,44
2057,2,3221,1658,1563,0,0,0,1.0,1,1.0,1,1.0,1,0.19519617780659565,44
2058,2,3223,1660,1563,0,0,0,1.0,1,1.0,1,1.0,1,0.21403629794558873,44
2059,3,3226,1662,1564,0,0,0,1.0,1,1.0,1,1.0,1,0.1963538370270408,45
2060,1,3227,1662,1565,0,0,0,1.0,1,1.0,1,1.0,1,0.1855893474231948,46
2061,4,3231,1664,1567,0,0,0,1.0,1,1.0,1,1.0,1,0.1936778711860211,48
2062,2,3233,1665,1568,0,0,0,1.0,1,1.0,1,1.0,1,0.19222229608830838,48
2063,1,3234,1666,1568,0,0,0,1.0,1,1.0,1,1.0,1,0.16705654106506468,45
2064,2,3236,1667,1569,0,0,0,1.0,1,1.0,1,1.0,1,0.18870802327566344,44
2065,1,3237,1668,1569,0,0,0,1.0,1,1.0,1,1.0,1,0.18169831734869435,42
2066,3,3240,1671,1569,0,0,0,1.0,1,1.0,1,1.0,1,0.2595302047491375,42
2067,1,3241,1672,1569,0,0,0,1.0,1,1.0,1,1.0,1,0.27969104893177205,38
2068,1,3242,1672,1570,0,0,0,1.0,1,1.0,1,1.0,1,0.25991510982339067,37
2069,0,3242,1672,1570,0,0,0,1.0,1,1.0,1,1.0,1,0.25550245989532644,35
2070,2,3244,1674,1570,0,0,0,1.0,1,1.0,1,1.0,1,0.29726658481574075,35
2071,1,3245,1675,1570,0,0,0,1.0,1,1.0,1,1.0,1,0.34155340322775307,34
2072,1,3246,1676,1570,0,0,0,1.0,1,1.0,1,1.0,1,0.40672159319053175,35
2073,2,3248,1676,1572,0,0,0,1.0,1,1.0,1,1.0,1,0.36517629219395553,37
2074,1,3249,1676,1573,0,0,0,1.0,1,1.0,1,1.0,1,0.3311833097936931,36
2075,1,3250,1676,1574,0,0,0,1.0,1,1.0,1,1.0,1,0.2867562570968977,38
2076,0,3250,1676,1574,0,0,0,1.0,1,1.0,1,1.0,1,0.271826450504019,37
2077,1,3251,1676,1575,0,0,0,1.0,1,1.0,1,1.0,1,0.23249783671451418,37
2078,0,3251,1676,1575,0,0,0,1.0,1,1.0,1,1.0,1,0.23249783671451418,37
2079,3,3254,1677,1577,0,0,0,1.0,1,1.0,1,1.0,1,0.20428796101206495,37
2080,2,3256,1678,1578,0,0,0,1.0,1,1.0,1,1.0,1,0.23993576296346375,36
2081,0,3256,1678,1578,0,0,0,1.0,1,1.0,1,1.0,1,0.25520247645236604,37
2082,2,3258,1680,1578,0,0,0,1.0,1,1.0,1,1.0,1,0.33891738376752284,38
2083,5,3263,1680,1583,0,0,0,1.0,1,1.0,1,1.0,1,0.20566074541996396,39
2084,1,3264,1680,1584,0,0,0,1.0,1,1.0,1,1.0,1,0.1972222188032708,41
2085,2,3266,1682,1584,0,0,0,1.0,1,1.0,1,1.0,1,0.25313708067316093,41
2086,1,3267,1682,1585,0,0,0,1.0,1,1.0,1,1.0,1,0.2491288236771826,44
2087,3,3270,1683,1587,0,0,0,1.0,1,1.0,1,1.0,1,0.2426887126470856,44
2088,0,3270,1683,1587,0,0,0,1.0,1,1.0,1,1.0,1,0.24634497630312838,45
2089,0,3270,1683,1587,0,0,0,1.0,1,1.0,1,1.0,1,0.2391382209409598,46
2090,0,3270,1683,1587,0,0,0,1.0,1,1.0,1,1.0,1,0.2534620107080742,47
2091,0,3270,1683,1587,0,0,0,1.0,1,1.0,1,1.0,1,0.2563964337991138,48
2092,4,3274,1686,1588,0,0,0,1.0,1,1.0,1,1.0,1,0.2078007346180143,48
2093,0,3274,1686,1588,0,0,0,1.0,1,1.0,1,1.0,1,0.2078007346180143,48
2094,0,3274,1686,1588,0,0,0,1.0,1,1.0,1,1.0,1,0.19524487391457943,47
2095,1,3275,1686,1589,0,0,0,1.0,1,1.0,1,1.0,1,0.20849915886684486,49
2096,2,3277,1688,1589,0,0,0,1.0,1,1.0,1,1.0,1,0.2314292790452628,50
2097,1,3278,1688,1590,0,0,0,1.0,1,1.0,1,1.0,1,0.218283188579775,50
2098,3,3281,1689,1592,0,0,0,1.0,1,1.0,1,1.0,1,0.20714946674915413,51
2099,2,3283,1690,1593,0,0,0,1.0,1,1.0,1,1.0,1,0.21803324305487753,50
2100,1,3284,1691,1593,0,0,0,1.0,1,1.0,1,1.0,1,0.2449998995763427,49
2101,1,3285,1691,1594,0,0,0,1.0,1,1.0,1,1.0,1,0.2736814482489691,48
2102,8,3293,1695,1598,0,0,0,1.0,1,1.0,1,1.0,1,0.3223003541409307,49
2103,2,3295,1697,1598,0,0,0,1.0,1,1.0,1,1.0,1,0.30876165876959044,44
2104,3,3298,1700,1598,0,0,0,1.0,1,1.0,1,1.0,1,0.37364082441712054,42
2105,2,3300,1702,1598,0,0,0,1.0,1,1.0,1,1.0,1,0.36711833664203775,40
2106,4,3304,1704,1600,0,0,0,1.0,1,1.0,1,1.0,1,0.41048994153968044,39
2107,6,3310,1706,1604,0,0,0,1.0,1,1.0,1,1.0,1,0.3402913848904096,37
2108,4,3314,1707,1607,0,0,0,1.0,1,1.0,1,1.0,1,0.3229760994098274,37
2109,2,3316,1709,1607,0,0,0,1.0,1,1.0,1,1.0,1,0.32323539528363526,36
2110,2,3318,1709,1609,0,0,0,1.0,1,1.0,1,1.0,1,0.23018036323370356,35
2111,0,3318,1709,1609,0,0,0,1.0,1,1.0,1,1.0,1,0.23018036323370356,35
2112,0,3318,1709,1609,0,0,0,1.0,1,1.0,1,1.0,1,0.23018036323370356,35
2113,0,3318,1709,1609,0,0,0,1.0,1,1.0,1,1.0,1,0.22923771908189708,35
2114,2,3320,1710,1610,0,0,0,1.0,1,1.0,1,1.0,1,0.2786043022260299,36
2115,0,3320,1710,1610,0,0,0,1.0,1,1.0,1,1.0,1,0.2798592197172143,37
2116,4,3324,1711,1613,0,0,0,1.0,1,1.0,1,1.0,1,0.24741564023475376,39
2117,1,3325,1711,1614,0,0,0,1.0,1,1.0,1,1.0,1,0.2361984580626042,39
2118,1,3326,1711,1615,0,0,0,1.0,1,1.0,1,1.0,1,0.21176839775286885,41
2119,2,3328,1712,1616,0,0,0,1.0,1,1.0,1,1.0,1,0.19173234384025736,42
2120,0,3328,1712,1616,0,0,0,1.0,1,1.0,1,1.0,1,0.19173234384025736,42
2121,0,3328,1712,1616,0,0,0,1.0,1,1.0,1,1.0,1,0.19173234384025736,42
2122,0,3328,1712,1616,0,0,0,1.0,1,1.0,1,1.0,1,0.21116022379353067,43
2123,2,3330,1713,1617,0,0,0,1.0,1,1.0,1,1.0,1,0.225167528993672,42
2124,0,3330,1713,1617,0,0,0,1.0,1,1.0,1,1.0,1,0.225167528993672,42
2125,0,3330,1713,1617,0,0,0,1.0,1,1.0,1,1.0,1,0.24172557267969694,41
2126,0,3330,1713,1617,0,0,0,1.0,1,1.0,1,1.0,1,0.24172557267969694,41
2127,0,3330,1713,1617,0,0,0,1.0,1,1.0,1,1.0,1,0.24172557267969694,41
2128,0,3330,1713,1617,0,0,0,1.0,1,1.0,1,1.0,1,0.25071635955133165,42
2129,2,3332,1713,1619,0,0,0,1.0,1,1.0,1,1.0,1,0.26280055092038856,43
2130,0,3332,1713,1619,0,0,0,1.0,1,1.0,1,1.0,1,0.26747251732798005,45
2131,2,3334,1713,1621,0,0,0,1.0,1,1.0,1,1.0,1,0.2431142314483197,44
2132,0,3334,1713,1621,0,0,0,1.0,1,1.0,1,1.0,1,0.2431142314483197,44
2133,1,3335,1713,1622,0,0,0,1.0,1,1.0,1,1.0,1,0.24793680322801284,45
2134,0,3335,1713,1622,0,0,0,1.0,1,1.0,1,1.0,1,0.24793680322801284,45
2135,5,3340,1714,1626,0,0,0,1.0,1,1.0,1,1.0,1,0.18494361727270772,46
2136,2,3342,1715,1627,0,0,0,1.0,1,1.0,1,1.0,1,0.16471132039461112,47
2137,2,3344,1717,1627,0,0,0,1.0,1,1.0,1,1.0,1,0.19119471156835807,47
2138,0,3344,1717,1627,0,0,0,1.0,1,1.0,1,1.0,1,0.21719598604960022,45
2139,1,3345,1718,1627,0,0,0,1.0,1,1.0,1,1.0,1,0.21654694754124862,45
2140,5,3350,1721,1629,0,0,0,1.0,1,1.0,1,1.0,1,0.20137645025835782,44
2141,3,3353,1723,1630,0,0,0,1.0,1,1.0,1,1.0,1,0.19390292374254567,45
2142,3,3356,1725,1631,0,0,0,1.0,1,1.0,1,1.0,1,0.19208801259811845,46
2143,1,3357,1726,1631,0,0,0,1.0,1,1.0,1,1.0,1,0.1554823996802933,46
2144,1,3358,1726,1632,0,0,0,1.0,1,1.0,1,1.0,1,0.14425387520505512,48
2145,4,3362,1730,1632,0,0,0,1.0,1,1.0,1,1.0,1,0.17935553796790193,46
2146,6,3368,1733,1635,0,0,0,1.0,1,1.0,1,1.0,1,0.15800240163052176,45
2147,3,3371,1736,1635,0,0,0,1.0,1,1.0,1,1.0,1,0.196077761365416,44
2148,2,3373,1737,1636,0,0,0,1.0,1,1.0,1,1.0,1,0.1952891228946723,44
2149,1,3374,1738,1636,0,0,0,1.0,1,1.0,1,1.0,1,0.2349290412171473,42
2150,0,3374,1738,1636,0,0,0,1.0,1,1.0,1,1.0,1,0.20394728499389414,40
2151,1,3375,1739,1636,0,0,0,1.0,1,1.0,1,1.0,1,0.27354608635853817,39
2152,2,3377,1740,1637,0,0,0,1.0,1,1.0,1,1.0,1,0.2916494684752902,40
2153,0,3377,1740,1637,0,0,0,1.0,1,1.0,1,1.0,1,0.30544001442523633,42
2154,3,3380,1741,1639,0,0,0,1.0,1,1.0,1,1.0,1,0.3191934296117553,42
2155,4,3384,1743,1641,0,0,0,1.0,1,1.0,1,1.0,1,0.27806987880744993,41
2156,0,3384,1743,1641,0,0,0,1.0,1,1.0,1,1.0,1,0.29691915379386874,40
2157,1,3385,1744,1641,0,0,0,1.0,1,1.0,1,1.0,1,0.33133733768395907,40
2158,4,3389,1744,1645,0,0,0,1.0,1,1.0,1,1.0,1,0.292636667192149,38
2159,0,3389,1744,1645,0,0,0,1.0,1,1.0,1,1.0,1,0.28682543233961005,38
2160,2,3391,1744,1647,0,0,0,1.0,1,1.0,1,1.0,1,0.24195947966016898,38
2161,1,3392,1745,1647,0,0,0,1.0,1,1.0,1,1.0,1,0.23326686737188101,38
2162,1,3393,1746,1647,0,0,0,1.0,1,1.0,1,1.0,1,0.250500666356872,38
2163,2,3395,1748,1647,0,0,0,1.0,1,1.0,1,1.0,1,0.2740713957229773,40
2164,4,3399,1750,1649,0,0,0,1.0,1,1.0,1,1.0,1,0.2613028192751528,41
2165,1,3400,1751,1649,0,0,0,1.0,1,1.0,1,1.0,1,0.2602238245812088,42
2166,1,3401,1751,1650,0,0,0,1.0,1,1.0,1,1.0,1,0.23980542658290563,42
2167,2,3403,1751,1652,0,0,0,1.0,1,1.0,1,1.0,1,0.16576797005794014,43
2168,0,3403,1751,1652,0,0,0,1.0,1,1.0,1,1.0,1,0.15911733771480024,43
2169,4,3407,1751,1656,0,0,0,1.0,1,1.0,1,1.0,1,0.15631940304384778,45
2170,1,3408,1752,1656,0,0,0,1.0,1,1.0,1,1.0,1,0.12101459593624592,46
2171,2,3410,1753,1657,0,0,0,1.0,1,1.0,1,1.0,1,0.09994551596635723,48
2172,0,3410,1753,1657,0,0,0,1.0,1,1.0,1,1.0,1,0.11267309655649276,49
2173,2,3412,1755,1657,0,0,0,1.0,1,1.0,1,1.0,1,0.12688814356577816,49
2174,2,3414,1757,1657,0,0,0,1.0,1,1.0,1,1.0,1,0.11835156958322171,49
2175,1,3415,1757,1658,0,0,0,1.0,1,1.0,1,1.0,1,0.09870800261966663,49
2176,4,3419,1760,1659,0,0,0,1.0,1,1.0,1,1.0,1,0.18626034155031382,51
2177,6,3425,1763,1662,0,0,0,1.0,1,1.0,1,1.0,1,0.18164595655934415,51
2178,3,3428,1765,1663,0,0,0,1.0,1,1.0,1,1.0,1,0.16561443239014684,50
2179,0,3428,1765,1663,0,0,0,1.0,1,1.0,1,1.0,1,0.15474604594908556,49
2180,0,3428,1765,1663,0,0,0,1.0,1,1.0,1,1.0,1,0.15426894256642681,47
2181,2,3430,1766,1664,0,0,0,1.0,1,1.0,1,1.0,1,0.1311901036786517,47
2182,3,3433,1768,1665,0,0,0,1.0,1,1.0,1,1.0,1,0.18328873155852973,45
2183,1,3434,1769,1665,0,0,0,1.0,1,1.0,1,1.0,1,0.20944424726402408,44
2184,3,3437,1771,1666,0,0,0,1.0,1,1.0,1,1.0,1,0.25479773568663516,43
2185,6,3443,1774,1669,0,0,0,1.0,1,1.0,1,1.0,1,0.2614477458647072,40
2186,2,3445,1775,1670,0,0,0,1.0,1,1.0,1,1.0,1,0.2670661132880604,38
2187,3,3448,1777,1671,0,0,0,1.0,1,1.0,1,1.0,1,0.19429894438188455,35
2188,4,3452,1780,1672,0,0,0,1.0,1,1.0,1,1.0,1,0.2437598246791042,34
2189,1,3453,1781,1672,0,0,0,1.0,1,1.0,1,1.0,1,0.2613419036283919,31
2190,3,3456,1783,1673,0,0,0,1.0,1,1.0,1,1.0,1,0.2243823893341084,29
2191,1,3457,1784,1673,0,0,0,1.0,1,1.0,1,1.0,1,0.2623253581730566,28
2192,2,3459,1786,1673,0,0,0,1.0,1,1.0,1,1.0,1,0.33732908147485907,29
2193,3,3462,1788,1674,0,0,0,1.0,1,1.0,1,1.0,1,0.357641794490558,28
2194,0,3462,1788,1674,0,0,0,1.0,1,1.0,1,1.0,1,0.3471541795059596,27
2195,3,3465,1790,1675,0,0,0,1.0,1,1.0,1,1.0,1,0.26231756730204614,27
2196,2,3467,1791,1676,0,0,0,1.0,1,1.0,1,1.0,1,0.3331325504616442,27
2197,1,3468,1791,1677,0,0,0,1.0,1,1.0,1,1.0,1,0.29307333316417866,27
2198,0,3468,1791,1677,0,0,0,1.0,1,1.0,1,1.0,1,0.2563958101619749,28
2199,1,3469,1791,1678,0,0,0,1.0,1,1.0,1,1.0,1,0.27502200130476073,29
2200,1,3470,1791,1679,0,0,0,1.0,1,1.0,1,1.0,1,0.2726865799682778,31
2201,2,3472,1793,1679,0,0,0,1.0,1,1.0,1,1.0,1,0.27057680122150246,32
2202,0,3472,1793,1679,0,0,0,1.0,1,1.0,1,1.0,1,0.2809315047623127,31
2203,0,3472,1793,1679,0,0,0,1.0,1,1.0,1,1.0,1,0.2714732319054108,32
2204,0,3472,1793,1679,0,0,0,1.0,1,1.0,1,1.0,1,0.2714732319054108,32
2205,1,3473,1794,1679,0,0,0,1.0,1,1.0,1,1.0,1,0.3167967140318001,33
2206,0,3473,1794,1679,0,0,0,1.0,1,1.0,1,1.0,1,0.30847887710389105,32
2207,2,3475,1794,1681,0,0,0,1.0,1,1.0,1,1.0,1,0.29138496716594603,33
2208,0,3475,1794,1681,0,0,0,1.0,1,1.0,1,1.0,1,0.28166475475275426,35
2209,1,3476,1794,1682,0,0,0,1.0,1,1.0,1,1.0,1,0.2816217748780453,36
2210,1,3477,1794,1683,0,0,0,1.0,1,1.0,1,1.0,1,0.22283179627434505,35
2211,0,3477,1794,1683,0,0,0,1.0,1,1.0,1,1.0,1,0.23819016096459372,36
2212,2,3479,1795,1684,0,0,0,1.0,1,1.0,1,1.0,1,0.2545426079663003,37
2213,4,3483,1796,1687,0,0,0,1.0,1,1.0,1,1.0,1,0.22229527957949857,37
2214,2,3485,1797,1688,0,0,0,1.0,1,1.0,1,1.0,1,0.23267115325299126,39
2215,2,3487,1799,1688,0,0,0,1.0,1,1.0,1,1.0,1,0.24599470074340987,36
2216,2,3489,1801,1688,0,0,0,1.0,1,1.0,1,1.0,1,0.29203266256910915,37
2217,1,3490,1802,1688,0,0,0,1.0,1,1.0,1,1.0,1,0.28635470646125866,35
2218,3,3493,1804,1689,0,0,0,1.0,1,1.0,1,1.0,1,0.32679352027887454,35
2219,0,3493,1804,1689,0,0,0,1.0,1,1.0,1,1.0,1,0.29970828483194123,33
2220,2,3495,1806,1689,0,0,0,1.0,1,1.0,1,1.0,1,0.2995568109372286,31
2221,4,3499,1808,1691,0,0,0,1.0,1,1.0,1,1.0,1,0.2739158735989886,31
2222,3,3502,1809,1693,0,0,0,1.0,1,1.0,1,1.0,1,0.22488191827619336,30
2223,3,3505,1811,1694,0,0,0,1.0,1,1.0,1,1.0,1,0.2874909233022103,28
2224,2,3507,1812,1695,0,0,0,1.0,1,1.0,1,1.0,1,0.3041198759231278,29
2225,4,3511,1814,1697,0,0,0,1.0,1,1.0,1,1.0,1,0.25773214902129815,28
2226,4,3515,1815,1700,0,0,0,1.0,1,1.0,1,1.0,1,0.21814612265824268,30
2227,1,3516,1815,1701,0,0,0,1.0,1,1.0,1,1.0,1,0.25446738531094565,28
2228,1,3517,1816,1701,0,0,0,1.0,1,1.0,1,1.0,1,0.35128555658245875,29
2229,3,3520,1818,1702,0,0,0,1.0,1,1.0,1,1.0,1,0.22160882877331575,28
2230,0,3520,1818,1702,0,0,0,1.0,1,1.0,1,1.0,1,0.22023532644825444,28
2231,1,3521,1819,1702,0,0,0,1.0,1,1.0,1,1.0,1,0.23833029578551157,27
2232,0,3521,1819,1702,0,0,0,1.0,1,1.0,1,1.0,1,0.25493305776118813,27
2233,4,3525,1821,1704,0,0,0,1.0,1,1.0,1,1.0,1,0.2745722932004214,28
2234,1,3526,1821,1705,0,0,0,1.0,1,1.0,1,1.0,1,0.25413201545816777,26
2235,0,3526,1821,1705,0,0,0,1.0,1,1.0,1,1.0,1,0.25413201545816777,26
2236,1,3527,1821,1706,0,0,0,1.0,1,1.0,1,1.0,1,0.2941752395950482,26
2237,1,3528,1822,1706,0,0,0,1.0,1,1.0,1,1.0,1,0.2327272702420024,26
2238,2,3530,1824,1706,0,0,0,1.0,1,1.0,1,1.0,1,0.2620720691026821,27
2239,0,3530,1824,1706,0,0,0,1.0,1,1.0,1,1.0,1,0.24965778185837875,28
2240,1,3531,1825,1706,0,0,0,1.0,1,1.0,1,1.0,1,0.28843890337326994,30
2241,3,3534,1827,1707,0,0,0,1.0,1,1.0,1,1.0,1,0.25591896710631823,29
2242,1,3535,1828,1707,0,0,0,1.0,1,1.0,1,1.0,1,0.2584005403322747,29
2243,1,3536,1829,1707,0,0,0,1.0,1,1.0,1,1.0,1,0.2833931421501756,29
2244,0,3536,1829,1707,0,0,0,1.0,1,1.0,1,1.0,1,0.2833931421501756,29
2245,0,3536,1829,1707,0,0,0,1.0,1,1.0,1,1.0,1,0.29741466371713526,30
2246,0,3536,1829,1707,0,0,0,1.0,1,1.0,1,1.0,1,0.30222226700054433,33
2247,0,3536,1829,1707,0,0,0,1.0,1,1.0,1,1.0,1,0.3076643620441267,34
2248,0,3536,1829,1707,0,0,0,1.0,1,1.0,1,1.0,1,0.3076643620441267,34
2249,0,3536,1829,1707,0,0,0,1.0,1,1.0,1,1.0,1,0.29081069147069194,35
2250,0,3536,1829,1707,0,0,0,1.0,1,1.0,1,1.0,1,0.29081069147069194,35
2251,1,3537,1829,1708,0,0,0,1.0,1,1.0,1,1.0,1,0.26856440440891066,36
2252,3,3540,1830,1710,0,0,0,1.0,1,1.0,1,1.0,1,0.2398822386828776,37
2253,3,3543,1832,1711,0,0,0,1.0,1,1.0,1,1.0,1,0.2854124050304799,35
2254,2,3545,1833,1712,0,0,0,1.0,1,1.0,1,1.0,1,0.32964529760909583,33
2255,6,3551,1834,1717,0,0,0,1.0,1,1.0,1,1.0,1,0.21043855047740906,35
2256,2,3553,1836,1717,0,0,0,1.0,1,1.0,1,1.0,1,0.2375645504405072,34
2257,3,3556,1838,1718,0,0,0,1.0,1,1.0,1,1.0,1,0.22947231893693776,36
2258,2,3558,1840,1718,0,0,0,1.0,1,1.0,1,1.0,1,0.231049004577112,35
2259,2,3560,1842,1718,0,0,0,1.0,1,1.0,1,1.0,1,0.29364913070707865,35
2260,2,3562,1842,1720,0,0,0,1.0,1,1.0,1,1.0,1,0.22507890319858417,33
2261,1,3563,1843,1720,0,0,0,1.0,1,1.0,1,1.0,1,0.2385776883929009,33
2262,1,3564,1844,1720,0,0,0,1.0,1,1.0,1,1.0,1,0.29940171229831514,32
2263,2,3566,1845,1721,0,0,0,1.0,1,1.0,1,1.0,1,0.2994472232429764,31
2264,1,3567,1846,1721,0,0,0,1.0,1,1.0,1,1.0,1,0.34843503025034606,30
2265,0,3567,1846,1721,0,0,0,1.0,1,1.0,1,1.0,1,0.31167529743140343,29
2266,4,3571,1848,1723,0,0,0,1.0,1,1.0,1,1.0,1,0.3189947753351474,30
2267,3,3574,1850,1724,0,0,0,1.0,1,1.0,1,1.0,1,0.301798084223991,29
2268,2,3576,1852,1724,0,0,0,1.0,1,1.0,1,1.0,1,0.20936441420111987,30
2269,2,3578,1854,1724,0,0,0,1.0,1,1.0,1,1.0,1,0.20922971593315634,31
2270,1,3579,1855,1724,0,0,0,1.0,1,1.0,1,1.0,1,0.22912914697663508,31
2271,6,3585,1859,1726,0,0,0,1.0,1,1.0,1,1.0,1,0.20050053059634154,31
2272,2,3587,1861,1726,0,0,0,1.0,1,1.0,1,1.0,1,0.21496721560150675,31
2273,1,3588,1862,1726,0,0,0,1.0,1,1.0,1,1.0,1,0.2525328144102564,30
2274,0,3588,1862,1726,0,0,0,1.0,1,1.0,1,1.0,1,0.257929882227278,31
2275,1,3589,1862,1727,0,0,0,1.0,1,1.0,1,1.0,1,0.23304576041295136,32
2276,2,3591,1864,1727,0,0,0,1.0,1,1.0,1,1.0,1,0.2713844111893727,31
2277,0,3591,1864,1727,0,0,0,1.0,1,1.0,1,1.0,1,0.2555714365250957,31
2278,2,3593,1865,1728,0,0,0,1.0,1,1.0,1,1.0,1,0.25638377515184896,32
2279,1,3594,1865,1729,0,0,0,1.0,1,1.0,1,1.0,1,0.24660576765988013,32
2280,0,3594,1865,1729,0,0,0,1.0,1,1.0,1,1.0,1,0.2623202001601358,33
2281,2,3596,1865,1731,0,0,0,1.0,1,1.0,1,1.0,1,0.2256744209621084,34
2282,1,3597,1866,1731,0,0,0,1.0,1,1.0,1,1.0,1,0.25824151068000395,34
2283,0,3597,1866,1731,0,0,0,1.0,1,1.0,1,1.0,1,0.25824151068000395,34
2284,2,3599,1867,1732,0,0,0,1.0,1,1.0,1,1.0,1,0.2583399789045208,34
2285,1,3600,1868,1732,0,0,0,1.0,1,1.0,1,1.0,1,0.2559285287487089,35
2286,0,3600,1868,1732,0,0,0,1.0,1,1.0,1,1.0,1,0.29042689028111357,34
2287,1,3601,1869,1732,0,0,0,1.0,1,1.0,1,1.0,1,0.2620954604547572,35
2288,0,3601,1869,1732,0,0,0,1.0,1,1.0,1,1.0,1,0.2550199723165521,35
2289,1,3602,1870,1732,0,0,0,1.0,1,1.0,1,1.0,1,0.2553379981423369,37
2290,1,3603,1870,1733,0,0,0,1.0,1,1.0,1,1.0,1,0.24340764521476196,37
2291,2,3605,1872,1733,0,0,0,1.0,1,1.0,1,1.0,1,0.26722396167191326,35
2292,4,3609,1873,1736,0,0,0,1.0,1,1.0,1,1.0,1,0.3137028060595751,35
2293,1,3610,1874,1736,0,0,0,1.0,1,1.0,1,1.0,1,0.3137611821842443,34
2294,1,3611,1874,1737,0,0,0,1.0,1,1.0,1,1.0,1,0.297844276889596,33
2295,2,3613,1875,1738,0,0,0,1.0,1,1.0,1,1.0,1,0.3095969045376746,34
2296,1,3614,1875,1739,0,0,0,1.0,1,1.0,1,1.0,1,0.3306984282240746,33
2297,0,3614,1875,1739,0,0,0,1.0,1,1.0,1,1.0,1,0.36219956977940526,32
2298,1,3615,1875,1740,0,0,0,1.0,1,1.0,1,1.0,1,0.36653994362932385,32
2299,0,3615,1875,1740,0,0,0,1.0,1,1.0,1,1.0,1,0.3503377302986757,33
2300,2,3617,1876,1741,0,0,0,1.0,1,1.0,1,1.0,1,0.3186683904821009,33
2301,0,3617,1876,1741,0,0,0,1.0,1,1.0,1,1.0,1,0.3186683904821009,33
2302,1,3618,1877,1741,0,0,0,1.0,1,1.0,1,1.0,1,0.2915224920911294,34
2303,5,3623,1881,1742,0,0,0,1.0,1,1.0,1,1.0,1,0.3227884799978016,34
2304,4,3627,1884,1743,0,0,0,1.0,1,1.0,1,1.0,1,0.2978002955216476,33
2305,3,3630,1885,1745,0,0,0,1.0,1,1.0,1,1.0,1,0.28026203622297774,33
2306,3,3633,1887,1746,0,0,0,1.0,1,1.0,1,1.0,1,0.31223090324001723,33
2307,1,3634,1887,1747,0,0,0,1.0,1,1.0,1,1.0,1,0.26843428593390933,35
2308,3,3637,1889,1748,0,0,0,1.0,1,1.0,1,1.0,1,0.25108890734698924,34
2309,2,3639,1891,1748,0,0,0,1.0,1,1.0,1,1.0,1,0.29435114076017516,34
2310,1,3640,1891,1749,0,0,0,1.0,1,1.0,1,1.0,1,0.24006168975762146,34
2311,0,3640,1891,1749,0,0,0,1.0,1,1.0,1,1.0,1,0.23653384802400682,35
2312,2,3642,1893,1749,0,0,0,1.0,1,1.0,1,1.0,1,0.2325778704809812,34
2313,1,3643,1894,1749,0,0,0,1.0,1,1.0,1,1.0,1,0.21468853664895513,35
2314,0,3643,1894,1749,0,0,0,1.0,1,1.0,1,1.0,1,0.2337962252092361,35
2315,1,3644,1894,1750,0,0,0,1.0,1,1.0,1,1.0,1,0.23590881746888395,34
2316,2,3646,1896,1750,0,0,0,1.0,1,1.0,1,1.0,1,0.3085957582161579,35
2317,1,3647,1896,1751,0,0,0,1.0,1,1.0,1,1.0,1,0.30018434420028106,32
2318,1,3648,1897,1751,0,0,0,1.0,1,1.0,1,1.0,1,0.33312080144908796,32
2319,1,3649,1898,1751,0,0,0,1.0,1,1.0,1,1.0,1,0.3857216915197685,32
2320,2,3651,1898,1753,0,0,0,1.0,1,1.0,1,1.0,1,0.34205225400527556,32
2321,2,3653,1898,1755,0,0,0,1.0,1,1.0,1,1.0,1,0.3269380228728416,33
2322,0,3653,1898,1755,0,0,0,1.0,1,1.0,1,1.0,1,0.3269380228728416,33
2323,0,3653,1898,1755,0,0,0,1.0,1,1.0,1,1.0,1,0.3269380228728416,33
2324,2,3655,1900,1755,0,0,0,1.0,1,1.0,1,1.0,1,0.3640482871888147,34
2325,1,3656,1900,1756,0,0,0,1.0,1,1.0,1,1.0,1,0.3541599633055773,35
2326,2,3658,1901,1757,0,0,0,1.0,1,1.0,1,1.0,1,0.35282156694611877,35
2327,3,3661,1901,1760,0,0,0,1.0,1,1.0,1,1.0,1,0.3266948024254239,36
2328,2,3663,1901,1762,0,0,0,1.0,1,1.0,1,1.0,1,0.31004232671400844,37
2329,0,3663,1901,1762,0,0,0,1.0,1,1.0,1,1.0,1,0.30657758514882855,37
2330,1,3664,1901,1763,0,0,0,1.0,1,1.0,1,1.0,1,0.28191770827909907,38
2331,1,3665,1901,1764,0,0,0,1.0,1,1.0,1,1.0,1,0.2673990272711722,40
2332,4,3669,1901,1768,0,0,0,1.0,1,1.0,1,1.0,1,0.2031867995833815,40
2333,0,3669,1901,1768,0,0,0,1.0,1,1.0,1,1.0,1,0.20337921709313386,41
2334,0,3669,1901,1768,0,0,0,1.0,1,1.0,1,1.0,1,0.20337921709313386,41
2335,1,3670,1901,1769,0,0,0,1.0,1,1.0,1,1.0,1,0.1964129823851143,41
2336,0,3670,1901,1769,0,0,0,1.0,1,1.0,1,1.0,1,0.1964129823851143,41
2337,0,3670,1901,1769,0,0,0,1.0,1,1.0,1,1.0,1,0.2088506187161564,42
2338,0,3670,1901,1769,0,0,0,1.0,1,1.0,1,1.0,1,0.22649439172198393,43
2339,0,3670,1901,1769,0,0,0,1.0,1,1.0,1,1.0,1,0.22649439172198393,43
2340,1,3671,1901,1770,0,0,0,1.0,1,1.0,1,1.0,1,0.22900682524367483,45
2341,2,3673,1901,1772,0,0,0,1.0,1,1.0,1,1.0,1,0.18929561166010117,45
2342,1,3674,1902,1772,0,0,0,1.0,1,1.0,1,1.0,1,0.22538787321081194,46
2343,6,3680,1903,1777,0,0,0,1.0,1,1.0,1,1.0,1,0.189075310909755,45
2344,4,3684,1905,1779,0,0,0,1.0,1,1.0,1,1.0,1,0.22256356779410813,44
2345,2,3686,1906,1780,0,0,0,1.0,1,1.0,1,1.0,1,0.19590006192158943,44
2346,1,3687,1907,1780,0,0,0,1.0,1,1.0,1,1.0,1,0.21166467372983605,44
2347,3,3690,1908,1782,0,0,0,1.0,1,1.0,1,1.0,1,0.19907910391468156,44
2348,1,3691,1908,1783,0,0,0,1.0,1,1.0,1,1.0,1,0.1788566958019144,45
2349,0,3691,1908,1783,0,0,0,1.0,1,1.0,1,1.0,1,0.1972173888801713,46
2350,1,3692,1908,1784,0,0,0,1.0,1,1.0,1,1.0,1,0.20301691456881216,47
2351,3,3695,1908,1787,0,0,0,1.0,1,1.0,1,1.0,1,0.1385445655632489,47
2352,2,3697,1909,1788,0,0,0,1.0,1,1.0,1,1.0,1,0.15693132389820091,47
2353,3,3700,1909,1791,0,0,0,1.0,1,1.0,1,1.0,1,0.07203942449900085,46
2354,1,3701,1910,1791,0,0,0,1.0,1,1.0,1,1.0,1,0.0890756800651912,47
2355,0,3701,1910,1791,0,0,0,1.0,1,1.0,1,1.0,1,0.0890756800651912,47
2356,1,3702,1911,1791,0,0,0,1.0,1,1.0,1,1.0,1,0.11409001128169506,47
2357,2,3704,1912,1792,0,0,0,1.0,1,1.0,1,1.0,1,0.07554690521435184,47
2358,1,3705,1913,1792,0,0,0,1.0,1,1.0,1,1.0,1,0.12410973292611795,48
2359,2,3707,1914,1793,0,0,0,1.0,1,1.0,1,1.0,1,0.14145696570994956,49
2360,2,3709,1914,1795,0,0,0,1.0,1,1.0,1,1.0,1,0.10119633064795684,49
2361,1,3710,1914,1796,0,0,0,1.0,1,1.0,1,1.0,1,0.10603605916144855,50
2362,0,3710,1914,1796,0,0,0,1.0,1,1.0,1,1.0,1,0.10585942548162754,51
2363,0,3710,1914,1796,0,0,0,1.0,1,1.0,1,1.0,1,0.10585942548162754,51
2364,0,3710,1914,1796,0,0,0,1.0,1,1.0,1,1.0,1,0.11400596481611362,52
2365,4,3714,1917,1797,0,0,0,1.0,1,1.0,1,1.0,1,0.15315418540709713,53
2366,5,3719,1920,1799,0,0,0,1.0,1,1.0,1,1.0,1,0.1617275106600581,54
2367,2,3721,1922,1799,0,0,0,1.0,1,1.0,1,1.0,1,0.18902228192110881,52
2368,4,3725,1925,1800,0,0,0,1.0,1,1.0,1,1.0,1,0.2108009823063196,51
2369,6,3731,1926,1805,0,0,0,1.0,1,1.0,1,1.0,1,0.15707801022836498,51
2370,4,3735,1930,1805,0,0,0,1.0,1,1.0,1,1.0,1,0.17402206583932134,52
2371,2,3737,1931,1806,0,0,0,1.0,1,1.0,1,1.0,1,0.16546659540339348,52
2372,2,3739,1933,1806,0,0,0,1.0,1,1.0,1,1.0,1,0.25826089598618257,49
2373,4,3743,1936,1807,0,0,0,1.0,1,1.0,1,1.0,1,0.27526310234383733,47
2374,2,3745,1936,1809,0,0,0,1.0,1,1.0,1,1.0,1,0.21157626276774436,45
2375,0,3745,1936,1809,0,0,0,1.0,1,1.0,1,1.0,1,0.1814558688497919,45
2376,0,3745,1936,1809,0,0,0,1.0,1,1.0,1,1.0,1,0.1898225471418265,43
2377,2,3747,1937,1810,0,0,0,1.0,1,1.0,1,1.0,1,0.15692373563835985,44
2378,0,3747,1937,1810,0,0,0,1.0,1,1.0,1,1.0,1,0.1481745252032808,43
2379,0,3747,1937,1810,0,0,0,1.0,1,1.0,1,1.0,1,0.1481745252032808,43
2380,2,3749,1939,1810,0,0,0,1.0,1,1.0,1,1.0,1,0.16881573789663712,43
2381,1,3750,1940,1810,0,0,0,1.0,1,1.0,1,1.0,1,0.19369669064627748,44
2382,3,3753,1943,1810,0,0,0,1.0,1,1.0,1,1.0,1,0.22455569566581035,44
2383,5,3758,1946,1812,0,0,0,1.0,1,1.0,1,1.0,1,0.20176981874630986,45
2384,0,3758,1946,1812,0,0,0,1.0,1,1.0,1,1.0,1,0.17801257117835095,45
2385,3,3761,1947,1814,0,0,0,1.0,1,1.0,1,1.0,1,0.1773384837560338,45
2386,3,3764,1949,1815,0,0,0,1.0,1,1.0,1,1.0,1,0.2194793673677032,46
2387,2,3766,1951,1815,0,0,0,1.0,1,1.0,1,1.0,1,0.14609428632697583,44
2388,2,3768,1953,1815,0,0,0,1.0,1,1.0,1,1.0,1,0.18785617540534844,44
2389,2,3770,1953,1817,0,0,0,1.0,1,1.0,1,1.0,1,0.1456916839065407,43
2390,3,3773,1955,1818,0,0,0,1.0,1,1.0,1,1.0,1,0.11813248667764235,44
2391,1,3774,1956,1818,0,0,0,1.0,1,1.0,1,1.0,1,0.12052699510818468,43
2392,3,3777,1958,1819,0,0,0,1.0,1,1.0,1,1.0,1,0.19015646609299877,44
2393,1,3778,1958,1820,0,0,0,1.0,1,1.0,1,1.0,1,0.16138904749881003,45
2394,0,3778,1958,1820,0,0,0,1.0,1,1.0,1,1.0,1,0.1539119561062011,44
2395,2,3780,1958,1822,0,0,0,1.0,1,1.0,1,1.0,1,0.08033668439488809,44
2396,2,3782,1960,1822,0,0,0,1.0,1,1.0,1,1.0,1,0.10813656568779735,45
2397,0,3782,1960,1822,0,0,0,1.0,1,1.0,1,1.0,1,0.13772080953507077,44
2398,1,3783,1961,1822,0,0,0,1.0,1,1.0,1,1.0,1,0.17829977972166047,44
2399,0,3783,1961,1822,0,0,0,1.0,1,1.0,1,1.0,1,0.18963856696642867,45
2400,0,3783,1961,1822,0,0,0,1.0,1,1.0,1,1.0,1,0.18963856696642867,45
2401,1,3784,1961,1823,0,0,0,1.0,1,1.0,1,1.0,1,0.17053676533992743,46
2402,0,3784,1961,1823,0,0,0,1.0,1,1.0,1,1.0,1,0.1805185963147243,47
2403,2,3786,1963,1823,0,0,0,1.0,1,1.0,1,1.0,1,0.20793679200821566,48
2404,5,3791,1967,1824,0,0,0,1.0,1,1.0,1,1.0,1,0.1692959076950559,47
2405,0,3791,1967,1824,0,0,0,1.0,1,1.0,1,1.0,1,0.1742055027454349,45
2406,2,3793,1969,1824,0,0,0,1.0,1,1.0,1,1.0,1,0.20667017309730448,45
2407,1,3794,1970,1824,0,0,0,1.0,1,1.0,1,1.0,1,0.21063226987711653,42
2408,1,3795,1970,1825,0,0,0,1.0,1,1.0,1,1.0,1,0.22531657450350467,41
2409,4,3799,1972,1827,0,0,0,1.0,1,1.0,1,1.0,1,0.17266854093991046,41
2410,3,3802,1972,1830,0,0,0,1.0,1,1.0,1,1.0,1,0.19067799186150122,40
2411,2,3804,1974,1830,0,0,0,1.0,1,1.0,1,1.0,1,0.1851450639086941,40
2412,1,3805,1975,1830,0,0,0,1.0,1,1.0,1,1.0,1,0.2211778704816688,38
2413,7,3812,1979,1833,0,0,0,1.0,1,1.0,1,1.0,1,0.20318664032977915,38
2414,2,3814,1981,1833,0,0,0,1.0,1,1.0,1,1.0,1,0.18868049498321138,36
2415,1,3815,1982,1833,0,0,0,1.0,1,1.0,1,1.0,1,0.23267726939648933,36
2416,2,3817,1983,1834,0,0,0,1.0,1,1.0,1,1.0,1,0.22612123994708846,35
2417,0,3817,1983,1834,0,0,0,1.0,1,1.0,1,1.0,1,0.2971070438678367,33
2418,1,3818,1983,1835,0,0,0,1.0,1,1.0,1,1.0,1,0.25101565970920287,33
2419,3,3821,1984,1837,0,0,0,1.0,1,1.0,1,1.0,1,0.22984193167434203,33
2420,2,3823,1985,1838,0,0,0,1.0,1,1.0,1,1.0,1,0.2053219829195003,34
2421,3,3826,1986,1840,0,0,0,1.0,1,1.0,1,1.0,1,0.23441559463411943,34
2422,3,3829,1989,1840,0,0,0,1.0,1,1.0,1,1.0,1,0.2509008660233816,35
2423,4,3833,1991,1842,0,0,0,1.0,1,1.0,1,1.0,1,0.2537570289711569,36
2424,3,3836,1994,1842,0,0,0,1.0,1,1.0,1,1.0,1,0.24460616219633102,35
2425,4,3840,1996,1844,0,0,0,1.0,1,1.0,1,1.0,1,0.16444371501809102,33
2426,0,3840,1996,1844,0,0,0,1.0,1,1.0,1,1.0,1,0.1797102922699465,34
2427,1,3841,1996,1845,0,0,0,1.0,1,1.0,1,1.0,1,0.16053392624787177,34
2428,1,3842,1997,1845,0,0,0,1.0,1,1.0,1,1.0,1,0.1427329016610169,34
2429,0,3842,1997,1845,0,0,0,1.0,1,1.0,1,1.0,1,0.18001520615111902,34
2430,0,3842,1997,1845,0,0,0,1.0,1,1.0,1,1.0,1,0.2065347575616439,33
2431,2,3844,1999,1845,0,0,0,1.0,1,1.0,1,1.0,1,0.18961349620084036,33
2432,0,3844,1999,1845,0,0,0,1.0,1,1.0,1,1.0,1,0.2224385516314999,33
2433,1,3845,2000,1845,0,0,0,1.0,1,1.0,1,1.0,1,0.21777925774951035,34
2434,1,3846,2000,1846,0,0,0,1.0,1,1.0,1,1.0,1,0.189544830379884,34
2435,0,3846,2000,1846,0,0,0,1.0,1,1.0,1,1.0,1,0.189544830379884,34
2436,1,3847,2001,1846,0,0,0,1.0,1,1.0,1,1.0,1,0.13609966522277783,33
2437,0,3847,2001,1846,0,0,0,1.0,1,1.0,1,1.0,1,0.13609966522277783,33
2438,1,3848,2002,1846,0,0,0,1.0,1,1.0,1,1.0,1,0.20776329225607473,34
2439,1,3849,2002,1847,0,0,0,1.0,1,1.0,1,1.0,1,0.20540741984829744,35
2440,0,3849,2002,1847,0,0,0,1.0,1,1.0,1,1.0,1,0.20540741984829744,35
2441,3,3852,2005,1847,0,0,0,1.0,1,1.0,1,1.0,1,0.2795234972968454,35
2442,1,3853,2005,1848,0,0,0,1.0,1,1.0,1,1.0,1,0.21836299746178375,35
2443,6,3859,2008,1851,0,0,0,1.0,1,1.0,1,1.0,1,0.22149615029738537,35
2444,3,3862,2010,1852,0,0,0,1.0,1,1.0,1,1.0,1,0.26746182557043224,34
2445,6,3868,2012,1856,0,0,0,1.0,1,1.0,1,1.0,1,0.3073329875534334,33
2446,5,3873,2013,1860,0,0,0,1.0,1,1.0,1,1.0,1,0.2671618633206673,30
2447,0,3873,2013,1860,0,0,0,1.0,1,1.0,1,1.0,1,0.25243438552841246,29
2448,2,3875,2015,1860,0,0,0,1.0,1,1.0,1,1.0,1,0.2771240438110699,27
2449,1,3876,2015,1861,0,0,0,1.0,1,1.0,1,1.0,1,0.24795853099966608,26
2450,3,3879,2017,1862,0,0,0,1.0,1,1.0,1,1.0,1,0.21545405956889804,28
2451,0,3879,2017,1862,0,0,0,1.0,1,1.0,1,1.0,1,0.21545405956889804,28
2452,0,3879,2017,1862,0,0,0,1.0,1,1.0,1,1.0,1,0.23075779496887988,29
2453,1,3880,2018,1862,0,0,0,1.0,1,1.0,1,1.0,1,0.23271762746080557,30
2454,1,3881,2018,1863,0,0,0,1.0,1,1.0,1,1.0,1,0.19157477265549067,32
2455,2,3883,2019,1864,0,0,0,1.0,1,1.0,1,1.0,1,0.15169378875989586,33
2456,0,3883,2019,1864,0,0,0,1.0,1,1.0,1,1.0,1,0.158950616550748,34
2457,1,3884,2020,1864,0,0,0,1.0,1,1.0,1,1.0,1,0.188965455145173,34
2458,0,3884,2020,1864,0,0,0,1.0,1,1.0,1,1.0,1,0.22594342972058662,36
2459,0,3884,2020,1864,0,0,0,1.0,1,1.0,1,1.0,1,0.22594342972058662,36
2460,4,3888,2023,1865,0,0,0,1.0,1,1.0,1,1.0,1,0.24667934866262856,37
2461,0,3888,2023,1865,0,0,0,1.0,1,1.0,1,1.0,1,0.24667934866262856,37
2462,6,3894,2025,1869,0,0,0,1.0,1,1.0,1,1.0,1,0.2621108777116323,38
2463,2,3896,2026,1870,0,0,0,1.0,1,1.0,1,1.0,1,0.22684991693421153,38
2464,2,3898,2027,1871,0,0,0,1.0,1,1.0,1,1.0,1,0.17876006186112808,37
2465,0,3898,2027,1871,0,0,0,1.0,1,1.0,1,1.0,1,0.15354905308216457,36
2466,2,3900,2029,1871,0,0,0,1.0,1,1.0,1,1.0,1,0.22741167261908538,36
2467,1,3901,2030,1871,0,0,0,1.0,1,1.0,1,1.0,1,0.22744929881482248,34
2468,0,3901,2030,1871,0,0,0,1.0,1,1.0,1,1.0,1,0.24006968796245098,33
2469,2,3903,2032,1871,0,0,0,1.0,1,1.0,1,1.0,1,0.25018231643889055,32
2470,5,3908,2035,1873,0,0,0,1.0,1,1.0,1,1.0,1,0.3400808980672424,33
2471,0,3908,2035,1873,0,0,0,1.0,1,1.0,1,1.0,1,0.3142710394491765,31
2472,0,3908,2035,1873,0,0,0,1.0,1,1.0,1,1.0,1,0.30857874906722166,32
2473,2,3910,2035,1875,0,0,0,1.0,1,1.0,1,1.0,1,0.26003677071156545,31
2474,1,3911,2035,1876,0,0,0,1.0,1,1.0,1,1.0,1,0.26100128752349183,33
2475,1,3912,2036,1876,0,0,0,1.0,1,1.0,1,1.0,1,0.2488910709164256,33
2476,2,3914,2037,1877,0,0,0,1.0,1,1.0,1,1.0,1,0.25646594063137845,33
2477,2,3916,2038,1878,0,0,0,1.0,1,1.0,1,1.0,1,0.2708303672019562,33
2478,3,3919,2039,1880,0,0,0,1.0,1,1.0,1,1.0,1,0.18705984736505205,33
2479,3,3922,2041,1881,0,0,0,1.0,1,1.0,1,1.0,1,0.20381522474403263,33
2480,3,3925,2043,1882,0,0,0,1.0,1,1.0,1,1.0,1,0.2504694787715333,34
2481,1,3926,2044,1882,0,0,0,1.0,1,1.0,1,1.0,1,0.22480854595644437,33
2482,3,3929,2045,1884,0,0,0,1.0,1,1.0,1,1.0,1,0.2021472773167376,34
2483,2,3931,2046,1885,0,0,0,1.0,1,1.0,1,1.0,1,0.22062401851303745,33
2484,3,3934,2048,1886,0,0,0,1.0,1,1.0,1,1.0,1,0.26043066305728596,32
2485,1,3935,2048,1887,0,0,0,1.0,1,1.0,1,1.0,1,0.23297670905279855,31
2486,3,3938,2050,1888,0,0,0,1.0,1,1.0,1,1.0,1,0.2558733708664861,29
2487,0,3938,2050,1888,0,0,0,1.0,1,1.0,1,1.0,1,0.2558733708664861,29
2488,2,3940,2052,1888,0,0,0,1.0,1,1.0,1,1.0,1,0.30632128505257195,30
2489,0,3940,2052,1888,0,0,0,1.0,1,1.0,1,1.0,1,0.2816478855125491,29
2490,2,3942,2054,1888,0,0,0,1.0,1,1.0,1,1.0,1,0.3212544222729622,30
2491,1,3943,2054,1889,0,0,0,1.0,1,1.0,1,1.0,1,0.2744301487072695,30
2492,1,3944,2055,1889,0,0,0,1.0,1,1.0,1,1.0,1,0.26331582727848585,29
2493,1,3945,2055,1890,0,0,0,1.0,1,1.0,1,1.0,1,0.22300140490916667,29
2494,0,3945,2055,1890,0,0,0,1.0,1,1.0,1,1.0,1,0.26258004334625706,28
2495,1,3946,2056,1890,0,0,0,1.0,1,1.0,1,1.0,1,0.2971012890513084,29
2496,0,3946,2056,1890,0,0,0,1.0,1,1.0,1,1.0,1,0.29283256362765775,28
2497,0,3946,2056,1890,0,0,0,1.0,1,1.0,1,1.0,1,0.3012633061705234,28
2498,0,3946,2056,1890,0,0,0,1.0,1,1.0,1,1.0,1,0.3235910574631259,29
2499,1,3947,2057,1890,0,0,0,1.0,1,1.0,1,1.0,1,0.368653753033979,30
2500,3,3950,2059,1891,0,0,0,1.0,1,1.0,1,1.0,1,0.32868259253465615,29
2501,6,3956,2062,1894,0,0,0,1.0,1,1.0,1,1.0,1,0.25485049589144876,33
2502,6,3962,2065,1897,0,0,0,1.0,1,1.0,1,1.0,1,0.20575341555442414,33
2503,1,3963,2065,1898,0,0,0,1.0,1,1.0,1,1.0,1,0.14944203206110873,31
2504,5,3968,2070,1898,0,0,0,1.0,1,1.0,1,1.0,1,0.23629790151741675,31
2505,2,3970,2071,1899,0,0,0,1.0,1,1.0,1,1.0,1,0.2323218546107917,32
2506,2,3972,2072,1900,0,0,0,1.0,1,1.0,1,1.0,1,0.23285789740454474,31
2507,1,3973,2073,1900,0,0,0,1.0,1,1.0,1,1.0,1,0.1943200993620045,29
2508,4,3977,2077,1900,0,0,0,1.0,1,1.0,1,1.0,1,0.22567696703686704,31
2509,0,3977,2077,1900,0,0,0,1.0,1,1.0,1,1.0,1,0.19985121831362374,30
2510,0,3977,2077,1900,0,0,0,1.0,1,1.0,1,1.0,1,0.20141784935661805,31
2511,1,3978,2078,1900,0,0,0,1.0,1,1.0,1,1.0,1,0.2358453409407236,32
2512,2,3980,2080,1900,0,0,0,1.0,1,1.0,1,1.0,1,0.2591178776331665,32
2513,3,3983,2082,1901,0,0,0,1.0,1,1.0,1,1.0,1,0.22461763715040758,34
2514,1,3984,2083,1901,0,0,0,1.0,1,1.0,1,1.0,1,0.2693997468683677,35
2515,3,3987,2084,1903,0,0,0,1.0,1,1.0,1,1.0,1,0.2278861164805312,35
2516,3,3990,2086,1904,0,0,0,1.0,1,1.0,1,1.0,1,0.19929928041053682,34
2517,1,3991,2087,1904,0,0,0,1.0,1,1.0,1,1.0,1,0.23511220967125127,34
2518,2,3993,2088,1905,0,0,0,1.0,1,1.0,1,1.0,1,0.24982090681719277,33
2519,2,3995,2089,1906,0,0,0,1.0,1,1.0,1,1.0,1,0.17934483111762364,32
2520,1,3996,2090,1906,0,0,0,1.0,1,1.0,1,1.0,1,0.2465309560552117,31
2521,1,3997,2091,1906,0,0,0,1.0,1,1.0,1,1.0,1,0.20763783879286848,31
2522,0,3997,2091,1906,0,0,0,1.0,1,1.0,1,1.0,1,0.2632853961841334,30
2523,0,3997,2091,1906,0,0,0,1.0,1,1.0,1,1.0,1,0.25351500752125683,30
2524,0,3997,2091,1906,0,0,0,1.0,1,1.0,1,1.0,1,0.29820526936764813,29
2525,1,3998,2092,1906,0,0,0,1.0,1,1.0,1,1.0,1,0.34929755271879437,29
2526,0,3998,2092,1906,0,0,0,1.0,1,1.0,1,1.0,1,0.3696173718151564,27
2527,0,3998,2092,1906,0,0,0,1.0,1,1.0,1,1.0,1,0.3747646026982649,28
2528,0,3998,2092,1906,0,0,0,1.0,1,1.0,1,1.0,1,0.3747646026982649,28
2529,0,3998,2092,1906,0,0,0,1.0,1,1.0,1,1.0,1,0.3747646026982649,28
2530,0,3998,2092,1906,0,0,0,1.0,1,1.0,1,1.0,1,0.3866597980140599,29
2531,1,3999,2092,1907,0,0,0,1.0,1,1.0,1,1.0,1,0.38173808969363937,30
2532,0,3999,2092,1907,0,0,0,1.0,1,1.0,1,1.0,1,0.3887545682577516,31
2533,0,3999,2092,1907,0,0,0,1.0,1,1.0,1,1.0,1,0.3887545682577516,31
2534,0,3999,2092,1907,0,0,0,1.0,1,1.0,1,1.0,1,0.3887545682577516,31
2535,1,4000,2093,1907,0,0,0,1.0,1,1.0,1,1.0,1,0.43166790145382716,31
2536,2,4002,2094,1908,0,0,0,1.0,1,1.0,1,1.0,1,0.3983990338806143,32
2537,1,4003,2095,1908,0,0,0,1.0,1,1.0,1,1.0,1,0.3601133258037668,33
2538,1,4004,2095,1909,0,0,0,1.0,1,1.0,1,1.0,1,0.3417062554693832,35
2539,6,4010,2098,1912,0,0,0,1.0,1,1.0,1,1.0,1,0.3179807166233931,37
2540,4,4014,2101,1913,0,0,0,1.0,1,1.0,1,1.0,1,0.3284272569846966,38
2541,3,4017,2102,1915,0,0,0,1.0,1,1.0,1,1.0,1,0.2685133056929882,39
2542,4,4021,2105,1916,0,0,0,1.0,1,1.0,1,1.0,1,0.31763876088023996,38
2543,3,4024,2107,1917,0,0,0,1.0,1,1.0,1,1.0,1,0.31557111720722236,41
2544,2,4026,2109,1917,0,0,0,1.0,1,1.0,1,1.0,1,0.3252546884130978,39
2545,6,4032,2110,1922,0,0,0,1.0,1,1.0,1,1.0,1,0.2924816601776302,40
2546,0,4032,2110,1922,0,0,0,1.0,1,1.0,1,1.0,1,0.26154196218632353,38
2547,3,4035,2113,1922,0,0,0,1.0,1,1.0,1,1.0,1,0.3295834568924079,38
2548,1,4036,2113,1923,0,0,0,1.0,1,1.0,1,1.0,1,0.2981202643159373,35
2549,3,4039,2116,1923,0,0,0,1.0,1,1.0,1,1.0,1,0.39651105483234483,35
2550,2,4041,2117,1924,0,0,0,1.0,1,1.0,1,1.0,1,0.40684723244219273,33
2551,2,4043,2118,1925,0,0,0,1.0,1,1.0,1,1.0,1,0.4495741114231298,31
2552,0,4043,2118,1925,0,0,0,1.0,1,1.0,1,1.0,1,0.44446624805753726,30
2553,0,4043,2118,1925,0,0,0,1.0,1,1.0,1,1.0,1,0.44446624805753726,30
2554,5,4048,2118,1930,0,0,0,1.0,1,1.0,1,1.0,1,0.33562418743079514,32
2555,1,4049,2119,1930,0,0,0,1.0,1,1.0,1,1.0,1,0.3981724113163969,32
2556,0,4049,2119,1930,0,0,0,1.0,1,1.0,1,1.0,1,0.39640676279741094,32
2557,2,4051,2119,1932,0,0,0,1.0,1,1.0,1,1.0,1,0.31287260273008183,30
2558,2,4053,2120,1933,0,0,0,1.0,1,1.0,1,1.0,1,0.3321128494848102,31
2559,1,4054,2120,1934,0,0,0,1.0,1,1.0,1,1.0,1,0.2979212965545771,30
2560,1,4055,2120,1935,0,0,0,1.0,1,1.0,1,1.0,1,0.27210858551492234,30
2561,0,4055,2120,1935,0,0,0,1.0,1,1.0,1,1.0,1,0.27210858551492234,30
2562,1,4056,2120,1936,0,0,0,1.0,1,1.0,1,1.0,1,0.28146684326692867,33
2563,0,4056,2120,1936,0,0,0,1.0,1,1.0,1,1.0,1,0.28146684326692867,33
2564,0,4056,2120,1936,0,0,0,1.0,1,1.0,1,1.0,1,0.28146684326692867,33
2565,1,4057,2121,1936,0,0,0,1.0,1,1.0,1,1.0,1,0.2556137362793763,33
2566,2,4059,2122,1937,0,0,0,1.0,1,1.0,1,1.0,1,0.25612834655851047,35
2567,2,4061,2123,1938,0,0,0,1.0,1,1.0,1,1.0,1,0.2612033316883802,36
2568,1,4062,2124,1938,0,0,0,1.0,1,1.0,1,1.0,1,0.29606355620655245,37
2569,1,4063,2124,1939,0,0,0,1.0,1,1.0,1,1.0,1,0.2806461243559359,37
2570,1,4064,2124,1940,0,0,0,1.0,1,1.0,1,1.0,1,0.27773655660808994,37
2571,2,4066,2124,1942,0,0,0,1.0,1,1.0,1,1.0,1,0.246304016583282,37
2572,0,4066,2124,1942,0,0,0,1.0,1,1.0,1,1.0,1,0.25296908248706285,39
2573,0,4066,2124,1942,0,0,0,1.0,1,1.0,1,1.0,1,0.25296908248706285,39
2574,0,4066,2124,1942,0,0,0,1.0,1,1.0,1,1.0,1,0.2771577462502575,38
2575,1,4067,2124,1943,0,0,0,1.0,1,1.0,1,1.0,1,0.2593189035715984,38
2576,0,4067,2124,1943,0,0,0,1.0,1,1.0,1,1.0,1,0.27052151833480026,37
2577,1,4068,2124,1944,0,0,0,1.0,1,1.0,1,1.0,1,0.28002632104382835,39
2578,0,4068,2124,1944,0,0,0,1.0,1,1.0,1,1.0,1,0.2939389590867418,40
2579,0,4068,2124,1944,0,0,0,1.0,1,1.0,1,1.0,1,0.28537837243928194,41
2580,2,4070,2124,1946,0,0,0,1.0,1,1.0,1,1.0,1,0.2640194259584635,42
2581,0,4070,2124,1946,0,0,0,1.0,1,1.0,1,1.0,1,0.26398687496952217,43
2582,1,4071,2125,1946,0,0,0,1.0,1,1.0,1,1.0,1,0.2898939962442698,43
2583,4,4075,2126,1949,0,0,0,1.0,1,1.0,1,1.0,1,0.2752888490509832,43
2584,1,4076,2126,1950,0,0,0,1.0,1,1.0,1,1.0,1,0.22713343835895786,43
2585,5,4081,2127,1954,0,0,0,1.0,1,1.0,1,1.0,1,0.19073309840482233,44
2586,0,4081,2127,1954,0,0,0,1.0,1,1.0,1,1.0,1,0.17727645571924713,43
2587,2,4083,2128,1955,0,0,0,1.0,1,1.0,1,1.0,1,0.21187143838766967,44
2588,0,4083,2128,1955,0,0,0,1.0,1,1.0,1,1.0,1,0.21187143838766967,44
2589,1,4084,2129,1955,0,0,0,1.0,1,1.0,1,1.0,1,0.23863827078010666,44
2590,2,4086,2129,1957,0,0,0,1.0,1,1.0,1,1.0,1,0.20793316848512233,44
2591,0,4086,2129,1957,0,0,0,1.0,1,1.0,1,1.0,1,0.20793316848512233,44
2592,1,4087,2130,1957,0,0,0,1.0,1,1.0,1,1.0,1,0.2284718199956503,44
2593,1,4088,2131,1957,0,0,0,1.0,1,1.0,1,1.0,1,0.19755698123784268,43
2594,5,4093,2133,1960,0,0,0,1.0,1,1.0,1,1.0,1,0.22183342405692905,48
2595,1,4094,2134,1960,0,0,0,1.0,1,1.0,1,1.0,1,0.21915260082979293,45
2596,3,4097,2136,1961,0,0,0,1.0,1,1.0,1,1.0,1,0.24975277739720875,46
2597,2,4099,2138,1961,0,0,0,1.0,1,1.0,1,1.0,1,0.24904018413019668,45
2598,0,4099,2138,1961,0,0,0,1.0,1,1.0,1,1.0,1,0.24904018413019668,45
2599,4,4103,2139,1964,0,0,0,1.0,1,1.0,1,1.0,1,0.2034449554329876,45
2600,5,4108,2141,1967,0,0,0,1.0,1,1.0,1,1.0,1,0.18106968880877863,48
2601,1,4109,2142,1967,0,0,0,1.0,1,1.0,1,1.0,1,0.21027404033782035,47
2602,4,4113,2142,1971,0,0,0,1.0,1,1.0,1,1.0,1,0.1646483558961056,48
2603,0,4113,2142,1971,0,0,0,1.0,1,1.0,1,1.0,1,0.1646483558961056,48
2604,0,4113,2142,1971,0,0,0,1.0,1,1.0,1,1.0,1,0.17398617825563847,47
2605,2,4115,2144,1971,0,0,0,1.0,1,1.0,1,1.0,1,0.22383252963269315,47
2606,0,4115,2144,1971,0,0,0,1.0,1,1.0,1,1.0,1,0.21573247955557345,46
2607,2,4117,2145,1972,0,0,0,1.0,1,1.0,1,1.0,1,0.2457648358006498,45
2608,4,4121,2145,1976,0,0,0,1.0,1,1.0,1,1.0,1,0.14581404106325277,45
2609,1,4122,2146,1976,0,0,0,1.0,1,1.0,1,1.0,1,0.18022946027596215,44
2610,1,4123,2147,1976,0,0,0,1.0,1,1.0,1,1.0,1,0.20236163207241245,45
2611,3,4126,2150,1976,0,0,0,1.0,1,1.0,1,1.0,1,0.18856461983215456,46
2612,2,4128,2151,1977,0,0,0,1.0,1,1.0,1,1.0,1,0.19465148230945828,47
2613,1,4129,2152,1977,0,0,0,1.0,1,1.0,1,1.0,1,0.2097577967537126,48
2614,4,4133,2154,1979,0,0,0,1.0,1,1.0,1,1.0,1,0.22301267210150807,48
2615,1,4134,2155,1979,0,0,0,1.0,1,1.0,1,1.0,1,0.20979493269980604,49
2616,0,4134,2155,1979,0,0,0,1.0,1,1.0,1,1.0,1,0.20979493269980604,49
2617,3,4137,2155,1982,0,0,0,1.0,1,1.0,1,1.0,1,0.13664156661043375,48
2618,0,4137,2155,1982,0,0,0,1.0,1,1.0,1,1.0,1,0.1517648963876899,47
2619,0,4137,2155,1982,0,0,0,1.0,1,1.0,1,1.0,1,0.16160525743384224,50
2620,2,4139,2155,1984,0,0,0,1.0,1,1.0,1,1.0,1,0.14016199701523263,51
2621,0,4139,2155,1984,0,0,0,1.0,1,1.0,1,1.0,1,0.13959738799309027,52
2622,1,4140,2156,1984,0,0,0,1.0,1,1.0,1,1.0,1,0.14850661180766395,52
2623,2,4142,2157,1985,0,0,0,1.0,1,1.0,1,1.0,1,0.16221896518702678,53
2624,2,4144,2159,1985,0,0,0,1.0,1,1.0,1,1.0,1,0.19275645819193873,51
2625,3,4147,2162,1985,0,0,0,1.0,1,1.0,1,1.0,1,0.18667826927464395,50
2626,2,4149,2163,1986,0,0,0,1.0,1,1.0,1,1.0,1,0.16415987516036376,49
2627,3,4152,2165,1987,0,0,0,1.0,1,1.0,1,1.0,1,0.12775830871822838,48
2628,2,4154,2167,1987,0,0,0,1.0,1,1.0,1,1.0,1,0.15424534669672849,48
2629,0,4154,2167,1987,0,0,0,1.0,1,1.0,1,1.0,1,0.12587455657491084,47
2630,2,4156,2168,1988,0,0,0,1.0,1,1.0,1,1.0,1,0.16764428024433417,47
2631,2,4158,2170,1988,0,0,0,1.0,1,1.0,1,1.0,1,0.21805800679233409,47
2632,1,4159,2170,1989,0,0,0,1.0,1,1.0,1,1.0,1,0.18529790507788027,47
2633,1,4160,2171,1989,0,0,0,1.0,1,1.0,1,1.0,1,0.19895640117948418,44
2634,1,4161,2172,1989,0,0,0,1.0,1,1.0,1,1.0,1,0.24028874124765973,44
2635,3,4164,2173,1991,0,0,0,1.0,1,1.0,1,1.0,1,0.23092085808997614,45
2636,3,4167,2176,1991,0,0,0,1.0,1,1.0,1,1.0,1,0.20541675814172078,40
2637,8,4175,2180,1995,0,0,0,1.0,1,1.0,1,1.0,1,0.19838759710394668,41
2638,3,4178,2182,1996,0,0,0,1.0,1,1.0,1,1.0,1,0.21412954232209772,38
2639,2,4180,2182,1998,0,0,0,1.0,1,1.0,1,1.0,1,0.20838540069775507,39
2640,2,4182,2183,1999,0,0,0,1.0,1,1.0,1,1.0,1,0.1795437937668557,38
2641,1,4183,2184,1999,0,0,0,1.0,1,1.0,1,1.0,1,0.1756906899926092,37
2642,5,4188,2188,2000,0,0,0,1.0,1,1.0,1,1.0,1,0.25638331723620805,38
2643,2,4190,2188,2002,0,0,0,1.0,1,1.0,1,1.0,1,0.19336233040461073,37
2644,1,4191,2189,2002,0,0,0,1.0,1,1.0,1,1.0,1,0.18087565852710502,36
2645,3,4194,2190,2004,0,0,0,1.0,1,1.0,1,1.0,1,0.19664270613354715,35
2646,1,4195,2191,2004,0,0,0,1.0,1,1.0,1,1.0,1,0.21233790519825943,35
2647,0,4195,2191,2004,0,0,0,1.0,1,1.0,1,1.0,1,0.21119629761026223,35
2648,1,4196,2191,2005,0,0,0,1.0,1,1.0,1,1.0,1,0.1949910747331402,36
2649,0,4196,2191,2005,0,0,0,1.0,1,1.0,1,1.0,1,0.20771469716194033,37
2650,0,4196,2191,2005,0,0,0,1.0,1,1.0,1,1.0,1,0.2270770672707153,39
2651,1,4197,2192,2005,0,0,0,1.0,1,1.0,1,1.0,1,0.219660631837811,39
2652,0,4197,2192,2005,0,0,0,1.0,1,1.0,1,1.0,1,0.219660631837811,39
2653,0,4197,2192,2005,0,0,0,1.0,1,1.0,1,1.0,1,0.219660631837811,39
2654,4,4201,2192,2009,0,0,0,1.0,1,1.0,1,1.0,1,0.15312395230985876,40
2655,0,4201,2192,2009,0,0,0,1.0,1,1.0,1,1.0,1,0.15312395230985876,40
2656,0,4201,2192,2009,0,0,0,1.0,1,1.0,1,1.0,1,0.1744946393741954,39
2657,0,4201,2192,2009,0,0,0,1.0,1,1.0,1,1.0,1,0.1823675025926668,40
2658,1,4202,2192,2010,0,0,0,1.0,1,1.0,1,1.0,1,0.22321685783661768,41
2659,2,4204,2194,2010,0,0,0,1.0,1,1.0,1,1.0,1,0.2624047898521563,41
2660,3,4207,2196,2011,0,0,0,1.0,1,1.0,1,1.0,1,0.27786483675975426,40
2661,0,4207,2196,2011,0,0,0,1.0,1,1.0,1,1.0,1,0.27786483675975426,40
2662,5,4212,2198,2014,0,0,0,1.0,1,1.0,1,1.0,1,0.24879370664720948,42
2663,2,4214,2200,2014,0,0,0,1.0,1,1.0,1,1.0,1,0.2356073814893297,41
2664,2,4216,2201,2015,0,0,0,1.0,1,1.0,1,1.0,1,0.23854335199484472,42
2665,4,4220,2203,2017,0,0,0,1.0,1,1.0,1,1.0,1,0.18580057958029825,43
2666,7,4227,2207,2020,0,0,0,1.0,1,1.0,1,1.0,1,0.20540433385275386,44
2667,1,4228,2208,2020,0,0,0,1.0,1,1.0,1,1.0,1,0.22386739522062069,42
2668,1,4229,2209,2020,0,0,0,1.0,1,1.0,1,1.0,1,0.25456366689654036,41
2669,2,4231,2209,2022,0,0,0,1.0,1,1.0,1,1.0,1,0.22272011760123575,42
2670,1,4232,2210,2022,0,0,0,1.0,1,1.0,1,1.0,1,0.25962258866678484,40
2671,2,4234,2211,2023,0,0,0,1.0,1,1.0,1,1.0,1,0.26299846436880797,39
2672,4,4238,2215,2023,0,0,0,1.0,1,1.0,1,1.0,1,0.3192413782497721,36
2673,1,4239,2216,2023,0,0,0,1.0,1,1.0,1,1.0,1,0.3347893029287069,35
2674,4,4243,2217,2026,0,0,0,1.0,1,1.0,1,1.0,1,0.24183829472943588,33
2675,1,4244,2217,2027,0,0,0,1.0,1,1.0,1,1.0,1,0.20235365054166887,34
2676,0,4244,2217,2027,0,0,0,1.0,1,1.0,1,1.0,1,0.1934105787889973,32
2677,2,4246,2219,2027,0,0,0,1.0,1,1.0,1,1.0,1,0.2217228526563225,33
2678,3,4249,2220,2029,0,0,0,1.0,1,1.0,1,1.0,1,0.20227761065486774,33
2679,0,4249,2220,2029,0,0,0,1.0,1,1.0,1,1.0,1,0.1852400782425496,32
2680,1,4250,2221,2029,0,0,0,1.0,1,1.0,1,1.0,1,0.16627390765080194,32
2681,0,4250,2221,2029,0,0,0,1.0,1,1.0,1,1.0,1,0.1823807588443212,32
2682,1,4251,2222,2029,0,0,0,1.0,1,1.0,1,1.0,1,0.23420035273954914,33
2683,0,4251,2222,2029,0,0,0,1.0,1,1.0,1,1.0,1,0.24517677412611608,32
2684,1,4252,2223,2029,0,0,0,1.0,1,1.0,1,1.0,1,0.2836238498874002,31
2685,0,4252,2223,2029,0,0,0,1.0,1,1.0,1,1.0,1,0.2836238498874002,31
2686,1,4253,2224,2029,0,0,0,1.0,1,1.0,1,1.0,1,0.28258132690046694,30
2687,0,4253,2224,2029,0,0,0,1.0,1,1.0,1,1.0,1,0.28258132690046694,30
2688,0,4253,2224,2029,0,0,0,1.0,1,1.0,1,1.0,1,0.28258132690046694,30
2689,2,4255,2226,2029,0,0,0,1.0,1,1.0,1,1.0,1,0.2965969278557437,31
2690,4,4259,2229,2030,0,0,0,1.0,1,1.0,1,1.0,1,0.19416786470469272,31
2691,3,4262,2231,2031,0,0,0,1.0,1,1.0,1,1.0,1,0.24984659003314638,32
2692,2,4264,2233,2031,0,0,0,1.0,1,1.0,1,1.0,1,0.2886363894604094,32
2693,3,4267,2235,2032,0,0,0,1.0,1,1.0,1,1.0,1,0.28229306970244483,33
2694,1,4268,2235,2033,0,0,0,1.0,1,1.0,1,1.0,1,0.2592901903123643,34
2695,2,4270,2235,2035,0,0,0,1.0,1,1.0,1,1.0,1,0.18369674361531282,35
2696,0,4270,2235,2035,0,0,0,1.0,1,1.0,1,1.0,1,0.18369674361531282,35
2697,0,4270,2235,2035,0,0,0,1.0,1,1.0,1,1.0,1,0.18369674361531282,35
2698,2,4272,2236,2036,0,0,0,1.0,1,1.0,1,1.0,1,0.2115614534101274,36
2699,1,4273,2236,2037,0,0,0,1.0,1,1.0,1,1.0,1,0.2303405069956931,36
2700,1,4274,2237,2037,0,0,0,1.0,1,1.0,1,1.0,1,0.23220488245244125,37
2701,1,4275,2237,2038,0,0,0,1.0,1,1.0,1,1.0,1,0.21557609256301485,37
2702,2,4277,2239,2038,0,0,0,1.0,1,1.0,1,1.0,1,0.2504356390871736,37
2703,4,4281,2241,2040,0,0,0,1.0,1,1.0,1,1.0,1,0.2446705194508522,38
2704,4,4285,2244,2041,0,0,0,1.0,1,1.0,1,1.0,1,0.3085682425909407,37
2705,3,4288,2244,2044,0,0,0,1.0,1,1.0,1,1.0,1,0.246699637913129,36
2706,0,4288,2244,2044,0,0,0,1.0,1,1.0,1,1.0,1,0.2297606507930944,36
2707,1,4289,2245,2044,0,0,0,1.0,1,1.0,1,1.0,1,0.25258804194861134,35
2708,1,4290,2245,2045,0,0,0,1.0,1,1.0,1,1.0,1,0.2233894063485154,36
2709,3,4293,2248,2045,0,0,0,1.0,1,1.0,1,1.0,1,0.22088896051881127,32
2710,5,4298,2250,2048,0,0,0,1.0,1,1.0,1,1.0,1,0.17135482269081886,29
2711,0,4298,2250,2048,0,0,0,1.0,1,1.0,1,1.0,1,0.15679991706116955,29
2712,1,4299,2251,2048,0,0,0,1.0,1,1.0,1,1.0,1,0.2272583865978474,28
2713,0,4299,2251,2048,0,0,0,1.0,1,1.0,1,1.0,1,0.22328025420657813,28
2714,1,4300,2252,2048,0,0,0,1.0,1,1.0,1,1.0,1,0.27550191817792835,26
2715,1,4301,2253,2048,0,0,0,1.0,1,1.0,1,1.0,1,0.29222175826243385,24
2716,0,4301,2253,2048,0,0,0,1.0,1,1.0,1,1.0,1,0.2937865419055372,24
2717,1,4302,2254,2048,0,0,0,1.0,1,1.0,1,1.0,1,0.33557378782918595,25
2718,2,4304,2255,2049,0,0,0,1.0,1,1.0,1,1.0,1,0.32736020295435725,25
2719,4,4308,2258,2050,0,0,0,1.0,1,1.0,1,1.0,1,0.3546002062436632,25
2720,4,4312,2260,2052,0,0,0,1.0,1,1.0,1,1.0,1,0.32870399112310744,25
2721,3,4315,2263,2052,0,0,0,1.0,1,1.0,1,1.0,1,0.23073030230602953,25
2722,1,4316,2264,2052,0,0,0,1.0,1,1.0,1,1.0,1,0.20112818415061584,26
2723,0,4316,2264,2052,0,0,0,1.0,1,1.0,1,1.0,1,0.20112818415061584,26
2724,1,4317,2265,2052,0,0,0,1.0,1,1.0,1,1.0,1,0.20909300153786486,27
2725,1,4318,2265,2053,0,0,0,1.0,1,1.0,1,1.0,1,0.185060838022073,28
2726,1,4319,2266,2053,0,0,0,1.0,1,1.0,1,1.0,1,0.2124885942249978,28
2727,0,4319,2266,2053,0,0,0,1.0,1,1.0,1,1.0,1,0.22977875609434908,29
2728,1,4320,2267,2053,0,0,0,1.0,1,1.0,1,1.0,1,0.28044143325987997,29
2729,1,4321,2267,2054,0,0,0,1.0,1,1.0,1,1.0,1,0.22550232350577637,29
2730,0,4321,2267,2054,0,0,0,1.0,1,1.0,1,1.0,1,0.22550232350577637,29
2731,0,4321,2267,2054,0,0,0,1.0,1,1.0,1,1.0,1,0.24092466505291585,30
2732,0,4321,2267,2054,0,0,0,1.0,1,1.0,1,1.0,1,0.25062146682009184,29
2733,0,4321,2267,2054,0,0,0,1.0,1,1.0,1,1.0,1,0.25062146682009184,29
2734,0,4321,2267,2054,0,0,0,1.0,1,1.0,1,1.0,1,0.25062146682009184,29
2735,2,4323,2268,2055,0,0,0,1.0,1,1.0,1,1.0,1,0.2870582183651355,29
2736,1,4324,2269,2055,0,0,0,1.0,1,1.0,1,1.0,1,0.311054709654118,30
2737,1,4325,2269,2056,0,0,0,1.0,1,1.0,1,1.0,1,0.31993000583317044,30
2738,3,4328,2272,2056,0,0,0,1.0,1,1.0,1,1.0,1,0.3597898933521063,30
2739,3,4331,2273,2058,0,0,0,1.0,1,1.0,1,1.0,1,0.3927225285099293,29
2740,2,4333,2274,2059,0,0,0,1.0,1,1.0,1,1.0,1,0.3838297030802575,29
2741,1,4334,2274,2060,0,0,0,1.0,1,1.0,1,1.0,1,0.40078672047537783,28
2742,2,4336,2275,2061,0,0,0,1.0,1,1.0,1,1.0,1,0.39232789165990706,28
2743,1,4337,2275,2062,0,0,0,1.0,1,1.0,1,1.0,1,0.3806972887223688,29
2744,1,4338,2276,2062,0,0,0,1.0,1,1.0,1,1.0,1,0.37297959961803273,27
2745,1,4339,2277,2062,0,0,0,1.0,1,1.0,1,1.0,1,0.38675735790315524,25
2746,4,4343,2279,2064,0,0,0,1.0,1,1.0,1,1.0,1,0.44048936309230147,25
2747,2,4345,2281,2064,0,0,0,1.0,1,1.0,1,1.0,1,0.5107874870893618,23
2748,0,4345,2281,2064,0,0,0,1.0,1,1.0,1,1.0,1,0.49128785361600413,22
2749,1,4346,2281,2065,0,0,0,1.0,1,1.0,1,1.0,1,0.477465468689725,19
2750,1,4347,2282,2065,0,0,0,1.0,1,1.0,1,1.0,1,0.49461517607457933,18
2751,0,4347,2282,2065,0,0,0,1.0,1,1.0,1,1.0,1,0.4855033572272128,16
2752,0,4347,2282,2065,0,0,0,1.0,1,1.0,1,1.0,1,0.46655175288163897,15
2753,0,4347,2282,2065,0,0,0,1.0,1,1.0,1,1.0,1,0.46655175288163897,15
2754,0,4347,2282,2065,0,0,0,1.0,1,1.0,1,1.0,1,0.46655175288163897,15
2755,0,4347,2282,2065,0,0,0,1.0,1,1.0,1,1.0,1,0.46655175288163897,15
2756,1,4348,2283,2065,0,0,0,1.0,1,1.0,1,1.0,1,0.442175354484371,16
2757,0,4348,2283,2065,0,0,0,1.0,1,1.0,1,1.0,1,0.4550579087762667,17
2758,0,4348,2283,2065,0,0,0,1.0,1,1.0,1,1.0,1,0.4550579087762667,17
2759,0,4348,2283,2065,0,0,0,1.0,1,1.0,1,1.0,1,0.4676242183709418,18
2760,0,4348,2283,2065,0,0,0,1.0,1,1.0,1,1.0,1,0.4676242183709418,18
2761,0,4348,2283,2065,0,0,0,1.0,1,1.0,1,1.0,1,0.4676242183709418,18
2762,0,4348,2283,2065,0,0,0,1.0,1,1.0,1,1.0,1,0.4676242183709418,18
2763,0,4348,2283,2065,0,0,0,1.0,1,1.0,1,1.0,1,0.45473167362530276,17
2764,1,4349,2284,2065,0,0,0,1.0,1,1.0,1,1.0,1,0.5143314606919168,17
2765,2,4351,2284,2067,0,0,0,1.0,1,1.0,1,1.0,1,0.37906486478759965,18
2766,0,4351,2284,2067,0,0,0,1.0,1,1.0,1,1.0,1,0.37906486478759965,18
2767,1,4352,2284,2068,0,0,0,1.0,1,1.0,1,1.0,1,0.31584374308714064,18
2768,0,4352,2284,2068,0,0,0,1.0,1,1.0,1,1.0,1,0.31584374308714064,18
2769,1,4353,2285,2068,0,0,0,1.0,1,1.0,1,1.0,1,0.2814000740591028,18
2770,1,4354,2286,2068,0,0,0,1.0,1,1.0,1,1.0,1,0.2954708621883038,18
2771,0,4354,2286,2068,0,0,0,1.0,1,1.0,1,1.0,1,0.2954708621883038,18
2772,0,4354,2286,2068,0,0,0,1.0,1,1.0,1,1.0,1,0.2954708621883038,18
2773,0,4354,2286,2068,0,0,0,1.0,1,1.0,1,1.0,1,0.2954708621883038,18
2774,0,4354,2286,2068,0,0,0,1.0,1,1.0,1,1.0,1,0.345326131238377,20
2775,1,4355,2287,2068,0,0,0,1.0,1,1.0,1,1.0,1,0.3281371084928983,21
2776,0,4355,2287,2068,0,0,0,1.0,1,1.0,1,1.0,1,0.3281371084928983,21
2777,0,4355,2287,2068,0,0,0,1.0,1,1.0,1,1.0,1,0.34146508078739884,22
2778,2,4357,2288,2069,0,0,0,1.0,1,1.0,1,1.0,1,0.35363878952119776,24
2779,2,4359,2290,2069,0,0,0,1.0,1,1.0,1,1.0,1,0.3706229786230319,24
2780,0,4359,2290,2069,0,0,0,1.0,1,1.0,1,1.0,1,0.3706229786230319,24
2781,0,4359,2290,2069,0,0,0,1.0,1,1.0,1,1.0,1,0.3706229786230319,24
2782,1,4360,2290,2070,0,0,0,1.0,1,1.0,1,1.0,1,0.3178959511825411,24
2783,1,4361,2290,2071,0,0,0,1.0,1,1.0,1,1.0,1,0.26500881772447005,24
2784,1,4362,2291,2071,0,0,0,1.0,1,1.0,1,1.0,1,0.34191877522067027,24
2785,3,4365,2292,2073,0,0,0,1.0,1,1.0,1,1.0,1,0.3172417089010271,22
2786,1,4366,2292,2074,0,0,0,1.0,1,1.0,1,1.0,1,0.36931241967176376,22
2787,1,4367,2292,2075,0,0,0,1.0,1,1.0,1,1.0,1,0.2905538970208377,21
2788,0,4367,2292,2075,0,0,0,1.0,1,1.0,1,1.0,1,0.26756525250654717,20
2789,1,4368,2293,2075,0,0,0,1.0,1,1.0,1,1.0,1,0.33048628923538537,20
2790,0,4368,2293,2075,0,0,0,1.0,1,1.0,1,1.0,1,0.3539999608933767,21
2791,1,4369,2294,2075,0,0,0,1.0,1,1.0,1,1.0,1,0.4088363262267659,21
2792,0,4369,2294,2075,0,0,0,1.0,1,1.0,1,1.0,1,0.4088363262267659,21
2793,0,4369,2294,2075,0,0,0,1.0,1,1.0,1,1.0,1,0.43383176631404713,18
2794,0,4369,2294,2075,0,0,0,1.0,1,1.0,1,1.0,1,0.43383176631404713,18
2795,1,4370,2294,2076,0,0,0,1.0,1,1.0,1,1.0,1,0.38109556905953546,20
2796,1,4371,2295,2076,0,0,0,1.0,1,1.0,1,1.0,1,0.358792407132505,21
2797,1,4372,2295,2077,0,0,0,1.0,1,1.0,1,1.0,1,0.28841571855123516,21
2798,0,4372,2295,2077,0,0,0,1.0,1,1.0,1,1.0,1,0.28841571855123516,21
2799,0,4372,2295,2077,0,0,0,1.0,1,1.0,1,1.0,1,0.2954735112023485,22
2800,0,4372,2295,2077,0,0,0,1.0,1,1.0,1,1.0,1,0.2954735112023485,22
2801,1,4373,2296,2077,0,0,0,1.0,1,1.0,1,1.0,1,0.28462456100385414,22
2802,0,4373,2296,2077,0,0,0,1.0,1,1.0,1,1.0,1,0.28462456100385414,22
2803,1,4374,2297,2077,0,0,0,1.0,1,1.0,1,1.0,1,0.3404493411661019,22
2804,0,4374,2297,2077,0,0,0,1.0,1,1.0,1,1.0,1,0.35828007501348125,23
2805,0,4374,2297,2077,0,0,0,1.0,1,1.0,1,1.0,1,0.35828007501348125,23
2806,0,4374,2297,2077,0,0,0,1.0,1,1.0,1,1.0,1,0.35828007501348125,23
2807,0,4374,2297,2077,0,0,0,1.0,1,1.0,1,1.0,1,0.3466601523637629,24
2808,0,4374,2297,2077,0,0,0,1.0,1,1.0,1,1.0,1,0.3466601523637629,24
2809,2,4376,2298,2078,0,0,0,1.0,1,1.0,1,1.0,1,0.3730337897714946,25
2810,0,4376,2298,2078,0,0,0,1.0,1,1.0,1,1.0,1,0.37041505036388056,24
2811,1,4377,2298,2079,0,0,0,1.0,1,1.0,1,1.0,1,0.3575392094942219,26
2812,1,4378,2299,2079,0,0,0,1.0,1,1.0,1,1.0,1,0.3998097930198781,26
2813,0,4378,2299,2079,0,0,0,1.0,1,1.0,1,1.0,1,0.40141690281141695,27
2814,5,4383,2301,2082,0,0,0,1.0,1,1.0,1,1.0,1,0.36258211111622235,29
2815,1,4384,2301,2083,0,0,0,1.0,1,1.0,1,1.0,1,0.3487639493125322,29
2816,0,4384,2301,2083,0,0,0,1.0,1,1.0,1,1.0,1,0.3619944491959375,29
2817,1,4385,2302,2083,0,0,0,1.0,1,1.0,1,1.0,1,0.3826728099184673,29
2818,3,4388,2303,2085,0,0,0,1.0,1,1.0,1,1.0,1,0.3548236382247302,29
2819,0,4388,2303,2085,0,0,0,1.0,1,1.0,1,1.0,1,0.36666058266599844,30
2820,2,4390,2304,2086,0,0,0,1.0,1,1.0,1,1.0,1,0.3591658004256126,30
2821,2,4392,2304,2088,0,0,0,1.0,1,1.0,1,1.0,1,0.32174507947853503,31
2822,4,4396,2306,2090,0,0,0,1.0,1,1.0,1,1.0,1,0.28962403159562494,30
2823,2,4398,2308,2090,0,0,0,1.0,1,1.0,1,1.0,1,0.2634468487266113,27
2824,2,4400,2308,2092,0,0,0,1.0,1,1.0,1,1.0,1,0.1836468710535702,28
2825,5,4405,2312,2093,0,0,0,1.0,1,1.0,1,1.0,1,0.19303550634120797,28
2826,1,4406,2313,2093,0,0,0,1.0,1,1.0,1,1.0,1,0.23995983652178543,27
2827,0,4406,2313,2093,0,0,0,1.0,1,1.0,1,1.0,1,0.2628323807127501,28
2828,0,4406,2313,2093,0,0,0,1.0,1,1.0,1,1.0,1,0.30413048857369096,28
2829,0,4406,2313,2093,0,0,0,1.0,1,1.0,1,1.0,1,0.29330996593689157,27
2830,0,4406,2313,2093,0,0,0,1.0,1,1.0,1,1.0,1,0.29330996593689157,27
2831,1,4407,2314,2093,0,0,0,1.0,1,1.0,1,1.0,1,0.24533694221506475,27
2832,0,4407,2314,2093,0,0,0,1.0,1,1.0,1,1.0,1,0.2627381621681841,27
2833,1,4408,2315,2093,0,0,0,1.0,1,1.0,1,1.0,1,0.30928572009006916,26
2834,1,4409,2315,2094,0,0,0,1.0,1,1.0,1,1.0,1,0.29943114786060815,26
2835,1,4410,2316,2094,0,0,0,1.0,1,1.0,1,1.0,1,0.32762287344532176,25
2836,0,4410,2316,2094,0,0,0,1.0,1,1.0,1,1.0,1,0.3507689448038925,27
2837,1,4411,2316,2095,0,0,0,1.0,1,1.0,1,1.0,1,0.3423816762441739,27
2838,1,4412,2317,2095,0,0,0,1.0,1,1.0,1,1.0,1,0.35386788529800967,27
2839,1,4413,2317,2096,0,0,0,1.0,1,1.0,1,1.0,1,0.35475491818447435,29
2840,3,4416,2318,2098,0,0,0,1.0,1,1.0,1,1.0,1,0.27241538911891083,29
2841,2,4418,2318,2100,0,0,0,1.0,1,1.0,1,1.0,1,0.22120688610904057,31
2842,0,4418,2318,2100,0,0,0,1.0,1,1.0,1,1.0,1,0.22120688610904057,31
2843,0,4418,2318,2100,0,0,0,1.0,1,1.0,1,1.0,1,0.2473050660177043,32
2844,2,4420,2319,2101,0,0,0,1.0,1,1.0,1,1.0,1,0.27699795246175984,33
2845,1,4421,2319,2102,0,0,0,1.0,1,1.0,1,1.0,1,0.2838914125670975,32
2846,1,4422,2320,2102,0,0,0,1.0,1,1.0,1,1.0,1,0.28817968083568757,33
2847,2,4424,2322,2102,0,0,0,1.0,1,1.0,1,1.0,1,0.32846593053575357,32
2848,3,4427,2324,2103,0,0,0,1.0,1,1.0,1,1.0,1,0.3324246802639413,33
2849,2,4429,2324,2105,0,0,0,1.0,1,1.0,1,1.0,1,0.2928322354796954,34
2850,0,4429,2324,2105,0,0,0,1.0,1,1.0,1,1.0,1,0.2928322354796954,34
2851,0,4429,2324,2105,0,0,0,1.0,1,1.0,1,1.0,1,0.2928322354796954,34
2852,6,4435,2329,2106,0,0,0,1.0,1,1.0,1,1.0,1,0.19147413604317534,35
2853,0,4435,2329,2106,0,0,0,1.0,1,1.0,1,1.0,1,0.21125929399478077,36
2854,0,4435,2329,2106,0,0,0,1.0,1,1.0,1,1.0,1,0.23605965510004048,37
2855,2,4437,2331,2106,0,0,0,1.0,1,1.0,1,1.0,1,0.22582745664362022,38
2856,0,4437,2331,2106,0,0,0,1.0,1,1.0,1,1.0,1,0.22582745664362022,38
2857,1,4438,2332,2106,0,0,0,1.0,1,1.0,1,1.0,1,0.22281759816485236,39
2858,2,4440,2332,2108,0,0,0,1.0,1,1.0,1,1.0,1,0.18526171279945328,40
2859,3,4443,2334,2109,0,0,0,1.0,1,1.0,1,1.0,1,0.23170750688028774,40
2860,2,4445,2336,2109,0,0,0,1.0,1,1.0,1,1.0,1,0.217033631728323,40
2861,2,4447,2338,2109,0,0,0,1.0,1,1.0,1,1.0,1,0.2229132025715628,38
2862,4,4451,2340,2111,0,0,0,1.0,1,1.0,1,1.0,1,0.2200234108434817,38
2863,5,4456,2342,2114,0,0,0,1.0,1,1.0,1,1.0,1,0.2373468762111318,38
2864,2,4458,2344,2114,0,0,0,1.0,1,1.0,1,1.0,1,0.24259596906301698,36
2865,3,4461,2347,2114,0,0,0,1.0,1,1.0,1,1.0,1,0.29836475813968155,34
2866,1,4462,2347,2115,0,0,0,1.0,1,1.0,1,1.0,1,0.24421463124222814,31
2867,0,4462,2347,2115,0,0,0,1.0,1,1.0,1,1.0,1,0.24719667849726293,30
2868,3,4465,2349,2116,0,0,0,1.0,1,1.0,1,1.0,1,0.23600326826289436,27
2869,1,4466,2350,2116,0,0,0,1.0,1,1.0,1,1.0,1,0.2835789238139837,27
2870,2,4468,2352,2116,0,0,0,1.0,1,1.0,1,1.0,1,0.3162291419869192,25
2871,1,4469,2353,2116,0,0,0,1.0,1,1.0,1,1.0,1,0.3602185946016611,25
2872,2,4471,2354,2117,0,0,0,1.0,1,1.0,1,1.0,1,0.4062315208531453,23
2873,2,4473,2355,2118,0,0,0,1.0,1,1.0,1,1.0,1,0.43381191285135523,24
2874,1,4474,2355,2119,0,0,0,1.0,1,1.0,1,1.0,1,0.3910988809781479,24
2875,2,4476,2355,2121,0,0,0,1.0,1,1.0,1,1.0,1,0.37290889861886445,23
2876,1,4477,2356,2121,0,0,0,1.0,1,1.0,1,1.0,1,0.4061400034873981,24
2877,0,4477,2356,2121,0,0,0,1.0,1,1.0,1,1.0,1,0.4061400034873981,24
2878,2,4479,2357,2122,0,0,0,1.0,1,1.0,1,1.0,1,0.3378355754789672,24
2879,4,4483,2359,2124,0,0,0,1.0,1,1.0,1,1.0,1,0.3434069291730268,25
2880,1,4484,2359,2125,0,0,0,1.0,1,1.0,1,1.0,1,0.32638101360527166,26
2881,0,4484,2359,2125,0,0,0,1.0,1,1.0,1,1.0,1,0.32638101360527166,26
2882,0,4484,2359,2125,0,0,0,1.0,1,1.0,1,1.0,1,0.3012698560979918,27
2883,0,4484,2359,2125,0,0,0,1.0,1,1.0,1,1.0,1,0.2913133328986833,28
2884,1,4485,2359,2126,0,0,0,1.0,1,1.0,1,1.0,1,0.3080299664865278,29
2885,0,4485,2359,2126,0,0,0,1.0,1,1.0,1,1.0,1,0.2989686417538544,31
2886,2,4487,2360,2127,0,0,0,1.0,1,1.0,1,1.0,1,0.3037418662531224,31
2887,0,4487,2360,2127,0,0,0,1.0,1,1.0,1,1.0,1,0.30257212745004103,33
2888,1,4488,2360,2128,0,0,0,1.0,1,1.0,1,1.0,1,0.31558219896693146,34
2889,2,4490,2361,2129,0,0,0,1.0,1,1.0,1,1.0,1,0.30966458046528794,35
2890,1,4491,2362,2129,0,0,0,1.0,1,1.0,1,1.0,1,0.32977134184569706,35
2891,0,4491,2362,2129,0,0,0,1.0,1,1.0,1,1.0,1,0.32977134184569706,35
2892,1,4492,2363,2129,0,0,0,1.0,1,1.0,1,1.0,1,0.33918865958298106,35
2893,1,4493,2363,2130,0,0,0,1.0,1,1.0,1,1.0,1,0.3178237653375245,37
2894,0,4493,2363,2130,0,0,0,1.0,1,1.0,1,1.0,1,0.3178237653375245,37
2895,1,4494,2364,2130,0,0,0,1.0,1,1.0,1,1.0,1,0.3610465656529843,37
2896,1,4495,2364,2131,0,0,0,1.0,1,1.0,1,1.0,1,0.3568305183063889,38
2897,2,4497,2365,2132,0,0,0,1.0,1,1.0,1,1.0,1,0.3573780055117512,37
2898,4,4501,2365,2136,0,0,0,1.0,1,1.0,1,1.0,1,0.32399187945443986,38
2899,0,4501,2365,2136,0,0,0,1.0,1,1.0,1,1.0,1,0.30005188660972215,37
2900,0,4501,2365,2136,0,0,0,1.0,1,1.0,1,1.0,1,0.2902540895056795,36
2901,0,4501,2365,2136,0,0,0,1.0,1,1.0,1,1.0,1,0.2989454245046113,37
2902,1,4502,2366,2136,0,0,0,1.0,1,1.0,1,1.0,1,0.3772335576401474,35
2903,0,4502,2366,2136,0,0,0,1.0,1,1.0,1,1.0,1,0.3678915558971409,35
2904,0,4502,2366,2136,0,0,0,1.0,1,1.0,1,1.0,1,0.39657993852811585,33
2905,1,4503,2366,2137,0,0,0,1.0,1,1.0,1,1.0,1,0.3806062097885658,34
2906,1,4504,2367,2137,0,0,0,1.0,1,1.0,1,1.0,1,0.4037864171612978,34
2907,1,4505,2367,2138,0,0,0,1.0,1,1.0,1,1.0,1,0.3830811033766012,35
2908,1,4506,2367,2139,0,0,0,1.0,1,1.0,1,1.0,1,0.35187849669042354,36
2909,0,4506,2367,2139,0,0,0,1.0,1,1.0,1,1.0,1,0.37412636593492776,38
2910,1,4507,2368,2139,0,0,0,1.0,1,1.0,1,1.0,1,0.41812407511505845,38
2911,1,4508,2369,2139,0,0,0,1.0,1,1.0,1,1.0,1,0.43796739435647136,37
2912,0,4508,2369,2139,0,0,0,1.0,1,1.0,1,1.0,1,0.43796739435647136,37
2913,1,4509,2369,2140,0,0,0,1.0,1,1.0,1,1.0,1,0.4380898437858341,38
2914,2,4511,2369,2142,0,0,0,1.0,1,1.0,1,1.0,1,0.3777092451783634,38
2915,2,4513,2369,2144,0,0,0,1.0,1,1.0,1,1.0,1,0.32759921374600043,39
2916,1,4514,2370,2144,0,0,0,1.0,1,1.0,1,1.0,1,0.32934083213455845,40
2917,2,4516,2370,2146,0,0,0,1.0,1,1.0,1,1.0,1,0.3240288181746906,41
2918,2,4518,2371,2147,0,0,0,1.0,1,1.0,1,1.0,1,0.34259158272677315,41
2919,1,4519,2371,2148,0,0,0,1.0,1,1.0,1,1.0,1,0.31538367591435,41
2920,1,4520,2371,2149,0,0,0,1.0,1,1.0,1,1.0,1,0.33138351182211445,43
2921,0,4520,2371,2149,0,0,0,1.0,1,1.0,1,1.0,1,0.3408854386576068,42
2922,0,4520,2371,2149,0,0,0,1.0,1,1.0,1,1.0,1,0.3280984355035293,43
2923,0,4520,2371,2149,0,0,0,1.0,1,1.0,1,1.0,1,0.3342362606676228,44
2924,0,4520,2371,2149,0,0,0,1.0,1,1.0,1,1.0,1,0.3273959339673477,45
2925,1,4521,2371,2150,0,0,0,1.0,1,1.0,1,1.0,1,0.33511275261434703,45
2926,5,4526,2372,2154,0,0,0,1.0,1,1.0,1,1.0,1,0.27911410632036804,47
2927,2,4528,2372,2156,0,0,0,1.0,1,1.0,1,1.0,1,0.25897334963848717,47
2928,1,4529,2373,2156,0,0,0,1.0,1,1.0,1,1.0,1,0.26250027249726,48
2929,1,4530,2373,2157,0,0,0,1.0,1,1.0,1,1.0,1,0.2542072602861111,48
2930,2,4532,2373,2159,0,0,0,1.0,1,1.0,1,1.0,1,0.25595310900997786,50
2931,0,4532,2373,2159,0,0,0,1.0,1,1.0,1,1.0,1,0.26523223739648816,51
2932,2,4534,2373,2161,0,0,0,1.0,1,1.0,1,1.0,1,0.2337771422966753,51
2933,2,4536,2374,2162,0,0,0,1.0,1,1.0,1,1.0,1,0.2551294677754506,52
2934,2,4538,2375,2163,0,0,0,1.0,1,1.0,1,1.0,1,0.25440977204248333,52
2935,1,4539,2376,2163,0,0,0,1.0,1,1.0,1,1.0,1,0.27259584068057274,51
2936,1,4540,2376,2164,0,0,0,1.0,1,1.0,1,1.0,1,0.22784467652257384,49
2937,0,4540,2376,2164,0,0,0,1.0,1,1.0,1,1.0,1,0.26031407145345975,50
2938,4,4544,2378,2166,0,0,0,1.0,1,1.0,1,1.0,1,0.2633792764715855,50
2939,0,4544,2378,2166,0,0,0,1.0,1,1.0,1,1.0,1,0.2639182842716299,51
2940,2,4546,2378,2168,0,0,0,1.0,1,1.0,1,1.0,1,0.25437878763988203,52
2941,1,4547,2378,2169,0,0,0,1.0,1,1.0,1,1.0,1,0.2580250479345335,53
2942,1,4548,2379,2169,0,0,0,1.0,1,1.0,1,1.0,1,0.27716032758462156,52
2943,2,4550,2381,2169,0,0,0,1.0,1,1.0,1,1.0,1,0.27647571035195057,51
2944,3,4553,2383,2170,0,0,0,1.0,1,1.0,1,1.0,1,0.29524981523275373,52
2945,3,4556,2384,2172,0,0,0,1.0,1,1.0,1,1.0,1,0.25102955278735023,50
2946,4,4560,2387,2173,0,0,0,1.0,1,1.0,1,1.0,1,0.2898573587027791,51
2947,4,4564,2389,2175,0,0,0,1.0,1,1.0,1,1.0,1,0.2646090910948164,50
2948,3,4567,2390,2177,0,0,0,1.0,1,1.0,1,1.0,1,0.2409377234352126,50
2949,0,4567,2390,2177,0,0,0,1.0,1,1.0,1,1.0,1,0.2337663514908115,49
2950,3,4570,2391,2179,0,0,0,1.0,1,1.0,1,1.0,1,0.26307945674504385,48
2951,1,4571,2392,2179,0,0,0,1.0,1,1.0,1,1.0,1,0.3036435348620122,48
2952,0,4571,2392,2179,0,0,0,1.0,1,1.0,1,1.0,1,0.3039357254961319,46
2953,2,4573,2392,2181,0,0,0,1.0,1,1.0,1,1.0,1,0.2747813090140841,46
2954,4,4577,2393,2184,0,0,0,1.0,1,1.0,1,1.0,1,0.29581431546060516,48
2955,3,4580,2393,2187,0,0,0,1.0,1,1.0,1,1.0,1,0.2537413864711974,48
2956,1,4581,2393,2188,0,0,0,1.0,1,1.0,1,1.0,1,0.27107419153327555,47
2957,0,4581,2393,2188,0,0,0,1.0,1,1.0,1,1.0,1,0.27988072675968406,48
2958,0,4581,2393,2188,0,0,0,1.0,1,1.0,1,1.0,1,0.2857080355634354,49
2959,3,4584,2395,2189,0,0,0,1.0,1,1.0,1,1.0,1,0.2937015033474166,49
2960,6,4590,2395,2195,0,0,0,1.0,1,1.0,1,1.0,1,0.20270076942221463,49
2961,5,4595,2396,2199,0,0,0,1.0,1,1.0,1,1.0,1,0.17792944523136256,51
2962,1,4596,2396,2200,0,0,0,1.0,1,1.0,1,1.0,1,0.15341070608585758,51
2963,0,4596,2396,2200,0,0,0,1.0,1,1.0,1,1.0,1,0.15341070608585758,51
2964,0,4596,2396,2200,0,0,0,1.0,1,1.0,1,1.0,1,0.16023378633049476,52
2965,2,4598,2396,2202,0,0,0,1.0,1,1.0,1,1.0,1,0.15926549738662857,53
2966,1,4599,2397,2202,0,0,0,1.0,1,1.0,1,1.0,1,0.1342073063049448,53
2967,0,4599,2397,2202,0,0,0,1.0,1,1.0,1,1.0,1,0.15410051889611553,53
2968,2,4601,2398,2203,0,0,0,1.0,1,1.0,1,1.0,1,0.15923234506844286,54
2969,1,4602,2399,2203,0,0,0,1.0,1,1.0,1,1.0,1,0.1828688935016414,55
2970,0,4602,2399,2203,0,0,0,1.0,1,1.0,1,1.0,1,0.1828688935016414,55
2971,0,4602,2399,2203,0,0,0,1.0,1,1.0,1,1.0,1,0.1828688935016414,55
2972,0,4602,2399,2203,0,0,0,1.0,1,1.0,1,1.0,1,0.1828688935016414,55
2973,3,4605,2399,2206,0,0,0,1.0,1,1.0,1,1.0,1,0.14785128657376875,55
2974,1,4606,2399,2207,0,0,0,1.0,1,1.0,1,1.0,1,0.12815152388623924,56
2975,0,4606,2399,2207,0,0,0,1.0,1,1.0,1,1.0,1,0.1287183454201674,55
2976,0,4606,2399,2207,0,0,0,1.0,1,1.0,1,1.0,1,0.14256433335428675,57
2977,1,4607,2399,2208,0,0,0,1.0,1,1.0,1,1.0,1,0.13259524130385664,59
2978,3,4610,2401,2209,0,0,0,1.0,1,1.0,1,1.0,1,0.15505275671962324,59
2979,2,4612,2401,2211,0,0,0,1.0,1,1.0,1,1.0,1,0.11798665199935256,59
2980,1,4613,2401,2212,0,0,0,1.0,1,1.0,1,1.0,1,0.10656434041544567,59
2981,1,4614,2402,2212,0,0,0,1.0,1,1.0,1,1.0,1,0.12015966247307519,59
2982,2,4616,2402,2214,0,0,0,1.0,1,1.0,1,1.0,1,0.130750917250832,61
2983,4,4620,2406,2214,0,0,0,1.0,1,1.0,1,1.0,1,0.13703557116428672,61
2984,6,4626,2411,2215,0,0,0,1.0,1,1.0,1,1.0,1,0.22899376455328757,61
2985,9,4635,2417,2218,0,0,0,1.0,1,1.0,1,1.0,1,0.22058636358739575,57
2986,7,4642,2419,2223,0,0,0,1.0,1,1.0,1,1.0,1,0.17225143092476114,58
2987,5,4647,2423,2224,0,0,0,1.0,1,1.0,1,1.0,1,0.1957754310972435,56
2988,0,4647,2423,2224,0,0,0,1.0,1,1.0,1,1.0,1,0.18787988853502163,55
2989,5,4652,2425,2227,0,0,0,1.0,1,1.0,1,1.0,1,0.16349494829911398,53
2990,1,4653,2426,2227,0,0,0,1.0,1,1.0,1,1.0,1,0.18208007072231894,52
2991,2,4655,2426,2229,0,0,0,1.0,1,1.0,1,1.0,1,0.16566938466272604,54
2992,2,4657,2427,2230,0,0,0,1.0,1,1.0,1,1.0,1,0.18254775306029475,55
2993,1,4658,2428,2230,0,0,0,1.0,1,1.0,1,1.0,1,0.21950712117360227,53
2994,6,4664,2431,2233,0,0,0,1.0,1,1.0,1,1.0,1,0.22159913738320372,53
2995,4,4668,2431,2237,0,0,0,1.0,1,1.0,1,1.0,1,0.11836463293510267,51
2996,1,4669,2432,2237,0,0,0,1.0,1,1.0,1,1.0,1,0.15900091885446682,52
2997,1,4670,2433,2237,0,0,0,1.0,1,1.0,1,1.0,1,0.1977990547518594,50
2998,2,4672,2433,2239,0,0,0,1.0,1,1.0,1,1.0,1,0.19640415694573587,51
2999,0,4672,2433,2239,0,0,0,1.0,1,1.0,1,1.0,1,0.19121731341367532,48
3000,1,4673,2434,2239,0,0,0,1.0,1,1.0,1,1.0,1,0.17390610208332694,48
3001,0,4673,2434,2239,0,0,0,1.0,1,1.0,1,1.0,1,0.17807834896616723,49
3002,1,4674,2434,2240,0,0,0,1.0,1,1.0,1,1.0,1,0.1733286498966978,50
3003,2,4676,2435,2241,0,0,0,1.0,1,1.0,1,1.0,1,0.1675877082828807,50
3004,0,4676,2435,2241,0,0,0,1.0,1,1.0,1,1.0,1,0.1751425529053609,51
3005,0,4676,2435,2241,0,0,0,1.0,1,1.0,1,1.0,1,0.19029587326497216,50
3006,1,4677,2435,2242,0,0,0,1.0,1,1.0,1,1.0,1,0.19528268774998728,51
3007,1,4678,2435,2243,0,0,0,1.0,1,1.0,1,1.0,1,0.2051974569879804,51
3008,2,4680,2436,2244,0,0,0,1.0,1,1.0,1,1.0,1,0.24135864670020138,53
3009,0,4680,2436,2244,0,0,0,1.0,1,1.0,1,1.0,1,0.23782117787919704,52
3010,1,4681,2436,2245,0,0,0,1.0,1,1.0,1,1.0,1,0.2290914314075676,52
3011,3,4684,2436,2248,0,0,0,1.0,1,1.0,1,1.0,1,0.14885509357176954,51
3012,3,4687,2437,2250,0,0,0,1.0,1,1.0,1,1.0,1,0.1502754780429404,54
3013,2,4689,2439,2250,0,0,0,1.0,1,1.0,1,1.0,1,0.13043258385964654,52
3014,1,4690,2440,2250,0,0,0,1.0,1,1.0,1,1.0,1,0.1552207352468734,51
3015,8,4698,2445,2253,0,0,0,1.0,1,1.0,1,1.0,1,0.113873738514399,50
3016,5,4703,2450,2253,0,0,0,1.0,1,1.0,1,1.0,1,0.1579878352813992,50
3017,2,4705,2452,2253,0,0,0,1.0,1,1.0,1,1.0,1,0.19891997192230035,48
3018,2,4707,2453,2254,0,0,0,1.0,1,1.0,1,1.0,1,0.20410305228494915,48
3019,2,4709,2454,2255,0,0,0,1.0,1,1.0,1,1.0,1,0.1718336042746112,47
3020,3,4712,2457,2255,0,0,0,1.0,1,1.0,1,1.0,1,0.13712792079438646,47
3021,6,4718,2461,2257,0,0,0,1.0,1,1.0,1,1.0,1,0.19459696526938233,46
3022,5,4723,2465,2258,0,0,0,1.0,1,1.0,1,1.0,1,0.26574248356252506,45
3023,1,4724,2466,2258,0,0,0,1.0,1,1.0,1,1.0,1,0.22257259583585878,41
3024,3,4727,2469,2258,0,0,0,1.0,1,1.0,1,1.0,1,0.2759397389771431,43
3025,4,4731,2470,2261,0,0,0,1.0,1,1.0,1,1.0,1,0.24485521424276754,39
3026,0,4731,2470,2261,0,0,0,1.0,1,1.0,1,1.0,1,0.228863125285453,38
3027,2,4733,2472,2261,0,0,0,1.0,1,1.0,1,1.0,1,0.2403326245801877,38
3028,2,4735,2472,2263,0,0,0,1.0,1,1.0,1,1.0,1,0.21871215121372467,38
3029,0,4735,2472,2263,0,0,0,1.0,1,1.0,1,1.0,1,0.2227761257614117,37
3030,0,4735,2472,2263,0,0,0,1.0,1,1.0,1,1.0,1,0.22933088740430155,38
3031,2,4737,2473,2264,0,0,0,1.0,1,1.0,1,1.0,1,0.22171268837784533,39
3032,2,4739,2474,2265,0,0,0,1.0,1,1.0,1,1.0,1,0.23275834393379993,39
3033,1,4740,2474,2266,0,0,0,1.0,1,1.0,1,1.0,1,0.21743916125289744,39
3034,0,4740,2474,2266,0,0,0,1.0,1,1.0,1,1.0,1,0.218637401694622,38
3035,2,4742,2476,2266,0,0,0,1.0,1,1.0,1,1.0,1,0.2238517235010547,39
3036,1,4743,2476,2267,0,0,0,1.0,1,1.0,1,1.0,1,0.19046385575574698,39
3037,1,4744,2476,2268,0,0,0,1.0,1,1.0,1,1.0,1,0.20633860094600104,39
3038,1,4745,2477,2268,0,0,0,1.0,1,1.0,1,1.0,1,0.20172787596133016,40
3039,1,4746,2478,2268,0,0,0,1.0,1,1.0,1,1.0,1,0.2208869175168193,41
3040,2,4748,2479,2269,0,0,0,1.0,1,1.0,1,1.0,1,0.2071379699827097,42
3041,2,4750,2480,2270,0,0,0,1.0,1,1.0,1,1.0,1,0.23215937831712657,43
3042,6,4756,2482,2274,0,0,0,1.0,1,1.0,1,1.0,1,0.2109095587800008,45
3043,4,4760,2484,2276,0,0,0,1.0,1,1.0,1,1.0,1,0.2129615585631601,45
3044,2,4762,2485,2277,0,0,0,1.0,1,1.0,1,1.0,1,0.1941741679403042,45
3045,1,4763,2486,2277,0,0,0,1.0,1,1.0,1,1.0,1,0.2166222048230892,45
3046,4,4767,2486,2281,0,0,0,1.0,1,1.0,1,1.0,1,0.16484253769462928,46
3047,1,4768,2487,2281,0,0,0,1.0,1,1.0,1,1.0,1,0.1875875618427321,46
3048,2,4770,2487,2283,0,0,0,1.0,1,1.0,1,1.0,1,0.1762421345205868,49
3049,3,4773,2488,2285,0,0,0,1.0,1,1.0,1,1.0,1,0.14040835871366017,50
3050,0,4773,2488,2285,0,0,0,1.0,1,1.0,1,1.0,1,0.14040835871366017,50
3051,0,4773,2488,2285,0,0,0,1.0,1,1.0,1,1.0,1,0.14532992446225418,50
3052,1,4774,2489,2285,0,0,0,1.0,1,1.0,1,1.0,1,0.17531276728108539,50
3053,1,4775,2490,2285,0,0,0,1.0,1,1.0,1,1.0,1,0.16583677576333491,49
3054,0,4775,2490,2285,0,0,0,1.0,1,1.0,1,1.0,1,0.17540571796106452,47
3055,2,4777,2491,2286,0,0,0,1.0,1,1.0,1,1.0,1,0.18915349253886968,48
3056,2,4779,2492,2287,0,0,0,1.0,1,1.0,1,1.0,1,0.25618403486135294,47
3057,3,4782,2494,2288,0,0,0,1.0,1,1.0,1,1.0,1,0.30953226361866193,48
3058,2,4784,2495,2289,0,0,0,1.0,1,1.0,1,1.0,1,0.2856432930951841,46
3059,0,4784,2495,2289,0,0,0,1.0,1,1.0,1,1.0,1,0.33010773738663785,44
3060,1,4785,2496,2289,0,0,0,1.0,1,1.0,1,1.0,1,0.3506157188073899,44
3061,2,4787,2496,2291,0,0,0,1.0,1,1.0,1,1.0,1,0.3099053726781619,42
3062,5,4792,2499,2293,0,0,0,1.0,1,1.0,1,1.0,1,0.3074241870083146,42
3063,4,4796,2501,2295,0,0,0,1.0,1,1.0,1,1.0,1,0.2805048504781787,41
3064,3,4799,2502,2297,0,0,0,1.0,1,1.0,1,1.0,1,0.297448650902837,42
3065,1,4800,2503,2297,0,0,0,1.0,1,1.0,1,1.0,1,0.2844380680702459,40
3066,4,4804,2505,2299,0,0,0,1.0,1,1.0,1,1.0,1,0.2597692788191784,42
3067,2,4806,2505,2301,0,0,0,1.0,1,1.0,1,1.0,1,0.20059574579698278,40
3068,4,4810,2508,2302,0,0,0,1.0,1,1.0,1,1.0,1,0.1913332278149177,39
3069,0,4810,2508,2302,0,0,0,1.0,1,1.0,1,1.0,1,0.17519739562423742,38
3070,1,4811,2508,2303,0,0,0,1.0,1,1.0,1,1.0,1,0.18285445442312717,39
3071,0,4811,2508,2303,0,0,0,1.0,1,1.0,1,1.0,1,0.1775161070847931,39
3072,4,4815,2510,2305,0,0,0,1.0,1,1.0,1,1.0,1,0.20178437600015076,40
3073,3,4818,2510,2308,0,0,0,1.0,1,1.0,1,1.0,1,0.1854436115951519,38
3074,0,4818,2510,2308,0,0,0,1.0,1,1.0,1,1.0,1,0.16154586471243798,38
3075,2,4820,2511,2309,0,0,0,1.0,1,1.0,1,1.0,1,0.14486943210341444,41
3076,1,4821,2512,2309,0,0,0,1.0,1,1.0,1,1.0,1,0.11959063746508439,42
3077,1,4822,2513,2309,0,0,0,1.0,1,1.0,1,1.0,1,0.13662813653039907,42
3078,0,4822,2513,2309,0,0,0,1.0,1,1.0,1,1.0,1,0.13662813653039907,42
3079,0,4822,2513,2309,0,0,0,1.0,1,1.0,1,1.0,1,0.13662813653039907,42
3080,0,4822,2513,2309,0,0,0,1.0,1,1.0,1,1.0,1,0.14214609936846315,43
3081,0,4822,2513,2309,0,0,0,1.0,1,1.0,1,1.0,1,0.1514565429102691,44
3082,0,4822,2513,2309,0,0,0,1.0,1,1.0,1,1.0,1,0.17356610779887313,45
3083,0,4822,2513,2309,0,0,0,1.0,1,1.0,1,1.0,1,0.17356610779887313,45
3084,2,4824,2515,2309,0,0,0,1.0,1,1.0,1,1.0,1,0.17347930867823697,45
3085,1,4825,2515,2310,0,0,0,1.0,1,1.0,1,1.0,1,0.21372431974167058,46
3086,0,4825,2515,2310,0,0,0,1.0,1,1.0,1,1.0,1,0.21372431974167058,46
3087,1,4826,2516,2310,0,0,0,1.0,1,1.0,1,1.0,1,0.24279270973389172,47
3088,3,4829,2517,2312,0,0,0,1.0,1,1.0,1,1.0,1,0.2504598747027597,48
3089,0,4829,2517,2312,0,0,0,1.0,1,1.0,1,1.0,1,0.23627700421515707,46
3090,1,4830,2517,2313,0,0,0,1.0,1,1.0,1,1.0,1,0.24231321362599367,46
3091,1,4831,2517,2314,0,0,0,1.0,1,1.0,1,1.0,1,0.2439069465288362,46
3092,1,4832,2518,2314,0,0,0,1.0,1,1.0,1,1.0,1,0.25393879575269884,47
3093,5,4837,2519,2318,0,0,0,1.0,1,1.0,1,1.0,1,0.2437808304088761,47
3094,2,4839,2519,2320,0,0,0,1.0,1,1.0,1,1.0,1,0.229636807873118,45
3095,3,4842,2521,2321,0,0,0,1.0,1,1.0,1,1.0,1,0.19103433568146602,46
3096,0,4842,2521,2321,0,0,0,1.0,1,1.0,1,1.0,1,0.1923525068357716,46
3097,2,4844,2523,2321,0,0,0,1.0,1,1.0,1,1.0,1,0.20984080274118033,47
3098,2,4846,2524,2322,0,0,0,1.0,1,1.0,1,1.0,1,0.17025020100278127,47
3099,0,4846,2524,2322,0,0,0,1.0,1,1.0,1,1.0,1,0.17025020100278127,47
3100,0,4846,2524,2322,0,0,0,1.0,1,1.0,1,1.0,1,0.17025020100278127,47
3101,0,4846,2524,2322,0,0,0,1.0,1,1.0,1,1.0,1,0.18068506945731092,48
3102,1,4847,2525,2322,0,0,0,1.0,1,1.0,1,1.0,1,0.16893633522218254,48
3103,0,4847,2525,2322,0,0,0,1.0,1,1.0,1,1.0,1,0.18829472078585985,49
3104,2,4849,2527,2322,0,0,0,1.0,1,1.0,1,1.0,1,0.20372679235631375,48
3105,0,4849,2527,2322,0,0,0,1.0,1,1.0,1,1.0,1,0.20894152384539358,45
3106,4,4853,2529,2324,0,0,0,1.0,1,1.0,1,1.0,1,0.21748918565551326,46
3107,1,4854,2530,2324,0,0,0,1.0,1,1.0,1,1.0,1,0.20957881953200183,44
3108,0,4854,2530,2324,0,0,0,1.0,1,1.0,1,1.0,1,0.20038988697504379,45
3109,1,4855,2530,2325,0,0,0,1.0,1,1.0,1,1.0,1,0.20258631548601616,44
3110,4,4859,2532,2327,0,0,0,1.0,1,1.0,1,1.0,1,0.20927457657922538,46
3111,4,4863,2533,2330,0,0,0,1.0,1,1.0,1,1.0,1,0.18082902338624574,46
3112,0,4863,2533,2330,0,0,0,1.0,1,1.0,1,1.0,1,0.1943588524563052,47
3113,0,4863,2533,2330,0,0,0,1.0,1,1.0,1,1.0,1,0.18459977922759385,48
3114,0,4863,2533,2330,0,0,0,1.0,1,1.0,1,1.0,1,0.20454297348203068,48
3115,1,4864,2533,2331,0,0,0,1.0,1,1.0,1,1.0,1,0.2179111429261265,49
3116,2,4866,2533,2333,0,0,0,1.0,1,1.0,1,1.0,1,0.18571826328474753,48
3117,3,4869,2535,2334,0,0,0,1.0,1,1.0,1,1.0,1,0.18467539878709033,49
3118,1,4870,2535,2335,0,0,0,1.0,1,1.0,1,1.0,1,0.19481977422380922,50
3119,0,4870,2535,2335,0,0,0,1.0,1,1.0,1,1.0,1,0.19481977422380922,50
3120,2,4872,2536,2336,0,0,0,1.0,1,1.0,1,1.0,1,0.19832570714893036,50
3121,2,4874,2538,2336,0,0,0,1.0,1,1.0,1,1.0,1,0.2054019853057543,50
3122,0,4874,2538,2336,0,0,0,1.0,1,1.0,1,1.0,1,0.2054019853057543,50
3123,2,4876,2540,2336,0,0,0,1.0,1,1.0,1,1.0,1,0.2245567023489638,51
3124,3,4879,2541,2338,0,0,0,1.0,1,1.0,1,1.0,1,0.21095417931868052,51
3125,1,4880,2542,2338,0,0,0,1.0,1,1.0,1,1.0,1,0.24037826598072765,51
3126,4,4884,2543,2341,0,0,0,1.0,1,1.0,1,1.0,1,0.21816980347570075,54
3127,3,4887,2544,2343,0,0,0,1.0,1,1.0,1,1.0,1,0.2346862535428592,53
3128,1,4888,2545,2343,0,0,0,1.0,1,1.0,1,1.0,1,0.23303206596687168,52
3129,1,4889,2546,2343,0,0,0,1.0,1,1.0,1,1.0,1,0.23085763619090677,51
3130,0,4889,2546,2343,0,0,0,1.0,1,1.0,1,1.0,1,0.23615421176534857,50
3131,2,4891,2548,2343,0,0,0,1.0,1,1.0,1,1.0,1,0.2639074434804734,50
3132,0,4891,2548,2343,0,0,0,1.0,1,1.0,1,1.0,1,0.25883324026464605,49
3133,2,4893,2548,2345,0,0,0,1.0,1,1.0,1,1.0,1,0.230147117400589,49
3134,0,4893,2548,2345,0,0,0,1.0,1,1.0,1,1.0,1,0.23540966099851432,46
3135,1,4894,2548,2346,0,0,0,1.0,1,1.0,1,1.0,1,0.21388881771719945,47
3136,1,4895,2548,2347,0,0,0,1.0,1,1.0,1,1.0,1,0.17402753883659403,46
3137,0,4895,2548,2347,0,0,0,1.0,1,1.0,1,1.0,1,0.18163452033641922,49
3138,2,4897,2549,2348,0,0,0,1.0,1,1.0,1,1.0,1,0.1955994787971135,49
3139,3,4900,2552,2348,0,0,0,1.0,1,1.0,1,1.0,1,0.25386962897246007,50
3140,3,4903,2554,2349,0,0,0,1.0,1,1.0,1,1.0,1,0.2618655405823197,51
3141,1,4904,2554,2350,0,0,0,1.0,1,1.0,1,1.0,1,0.25611596217846094,50
3142,2,4906,2555,2351,0,0,0,1.0,1,1.0,1,1.0,1,0.26173133961751965,50
3143,0,4906,2555,2351,0,0,0,1.0,1,1.0,1,1.0,1,0.27939261167547536,49
3144,1,4907,2556,2351,0,0,0,1.0,1,1.0,1,1.0,1,0.2989366994787061,49
3145,4,4911,2558,2353,0,0,0,1.0,1,1.0,1,1.0,1,0.28716172275723845,48
3146,2,4913,2558,2355,0,0,0,1.0,1,1.0,1,1.0,1,0.2779075510623386,49
3147,0,4913,2558,2355,0,0,0,1.0,1,1.0,1,1.0,1,0.29743254932775015,48
3148,6,4919,2561,2358,0,0,0,1.0,1,1.0,1,1.0,1,0.22630409039672078,48
3149,3,4922,2564,2358,0,0,0,1.0,1,1.0,1,1.0,1,0.23295183903776426,47
3150,1,4923,2564,2359,0,0,0,1.0,1,1.0,1,1.0,1,0.215088269977222,47
3151,1,4924,2565,2359,0,0,0,1.0,1,1.0,1,1.0,1,0.23327005251373095,48
3152,0,4924,2565,2359,0,0,0,1.0,1,1.0,1,1.0,1,0.24183834276811203,47
3153,1,4925,2566,2359,0,0,0,1.0,1,1.0,1,1.0,1,0.2499133880073832,47
3154,3,4928,2568,2360,0,0,0,1.0,1,1.0,1,1.0,1,0.2682914236396041,48
3155,2,4930,2568,2362,0,0,0,1.0,1,1.0,1,1.0,1,0.23726252184595834,48
3156,2,4932,2569,2363,0,0,0,1.0,1,1.0,1,1.0,1,0.23649802041574056,48
3157,2,4934,2569,2365,0,0,0,1.0,1,1.0,1,1.0,1,0.2224210789284194,48
3158,1,4935,2569,2366,0,0,0,1.0,1,1.0,1,1.0,1,0.21473620385029712,48
3159,1,4936,2569,2367,0,0,0,1.0,1,1.0,1,1.0,1,0.20160966464268448,49
3160,1,4937,2569,2368,0,0,0,1.0,1,1.0,1,1.0,1,0.2100615002458198,51
3161,1,4938,2569,2369,0,0,0,1.0,1,1.0,1,1.0,1,0.18604086341293838,52
3162,1,4939,2570,2369,0,0,0,1.0,1,1.0,1,1.0,1,0.19598063839560542,51
3163,1,4940,2570,2370,0,0,0,1.0,1,1.0,1,1.0,1,0.18986370435691377,51
3164,0,4940,2570,2370,0,0,0,1.0,1,1.0,1,1.0,1,0.20664945981194802,52
3165,1,4941,2570,2371,0,0,0,1.0,1,1.0,1,1.0,1,0.1753735013544591,50
3166,2,4943,2571,2372,0,0,0,1.0,1,1.0,1,1.0,1,0.1820497100116075,50
3167,2,4945,2573,2372,0,0,0,1.0,1,1.0,1,1.0,1,0.17480538547593114,49
3168,2,4947,2575,2372,0,0,0,1.0,1,1.0,1,1.0,1,0.19923116889908996,47
3169,1,4948,2575,2373,0,0,0,1.0,1,1.0,1,1.0,1,0.20051481634088464,48
3170,1,4949,2576,2373,0,0,0,1.0,1,1.0,1,1.0,1,0.24983216077185585,47
3171,3,4952,2576,2376,0,0,0,1.0,1,1.0,1,1.0,1,0.23751552540156196,47
3172,2,4954,2576,2378,0,0,0,1.0,1,1.0,1,1.0,1,0.20315027023217755,46
3173,0,4954,2576,2378,0,0,0,1.0,1,1.0,1,1.0,1,0.19305637814746357,45
3174,3,4957,2577,2380,0,0,0,1.0,1,1.0,1,1.0,1,0.19946417305697858,43
3175,3,4960,2578,2382,0,0,0,1.0,1,1.0,1,1.0,1,0.18479794014118464,43
3176,0,4960,2578,2382,0,0,0,1.0,1,1.0,1,1.0,1,0.17982516918471683,44
3177,3,4963,2580,2383,0,0,0,1.0,1,1.0,1,1.0,1,0.20921011080459667,44
3178,4,4967,2581,2386,0,0,0,1.0,1,1.0,1,1.0,1,0.14715441750305439,47
3179,2,4969,2582,2387,0,0,0,1.0,1,1.0,1,1.0,1,0.12875266262417023,48
3180,0,4969,2582,2387,0,0,0,1.0,1,1.0,1,1.0,1,0.12875266262417023,48
3181,0,4969,2582,2387,0,0,0,1.0,1,1.0,1,1.0,1,0.12875266262417023,48
3182,0,4969,2582,2387,0,0,0,1.0,1,1.0,1,1.0,1,0.14255270641147258,51
3183,1,4970,2583,2387,0,0,0,1.0,1,1.0,1,1.0,1,0.15742098286712158,50
3184,1,4971,2584,2387,0,0,0,1.0,1,1.0,1,1.0,1,0.19258621136012485,50
3185,1,4972,2584,2388,0,0,0,1.0,1,1.0,1,1.0,1,0.18301713601609731,48
3186,3,4975,2586,2389,0,0,0,1.0,1,1.0,1,1.0,1,0.17803755078670389,48
3187,1,4976,2586,2390,0,0,0,1.0,1,1.0,1,1.0,1,0.18047646301914033,48
3188,2,4978,2587,2391,0,0,0,1.0,1,1.0,1,1.0,1,0.16687580586552664,48
3189,0,4978,2587,2391,0,0,0,1.0,1,1.0,1,1.0,1,0.1779889470514398,49
3190,3,4981,2587,2394,0,0,0,1.0,1,1.0,1,1.0,1,0.16543482191051356,51
3191,0,4981,2587,2394,0,0,0,1.0,1,1.0,1,1.0,1,0.1476826865890332,52
3192,1,4982,2588,2394,0,0,0,1.0,1,1.0,1,1.0,1,0.1606948389755514,52
3193,0,4982,2588,2394,0,0,0,1.0,1,1.0,1,1.0,1,0.1606948389755514,52
3194,1,4983,2589,2394,0,0,0,1.0,1,1.0,1,1.0,1,0.15655033230104473,54
3195,0,4983,2589,2394,0,0,0,1.0,1,1.0,1,1.0,1,0.15655033230104473,54
3196,1,4984,2590,2394,0,0,0,1.0,1,1.0,1,1.0,1,0.17991740567013495,54
3197,1,4985,2591,2394,0,0,0,1.0,1,1.0,1,1.0,1,0.20346930596984764,54
3198,1,4986,2592,2394,0,0,0,1.0,1,1.0,1,1.0,1,0.2110202472171322,54
3199,3,4989,2593,2396,0,0,0,1.0,1,1.0,1,1.0,1,0.1898941080238823,56
3200,2,4991,2595,2396,0,0,0,1.0,1,1.0,1,1.0,1,0.25351156228721045,56
3201,3,4994,2596,2398,0,0,0,1.0,1,1.0,1,1.0,1,0.24380537626224538,56
3202,2,4996,2596,2400,0,0,0,1.0,1,1.0,1,1.0,1,0.22904650049399194,57
3203,0,4996,2596,2400,0,0,0,1.0,1,1.0,1,1.0,1,0.22562483667865127,56
3204,3,4999,2598,2401,0,0,0,1.0,1,1.0,1,1.0,1,0.25492072003751626,55
3205,0,4999,2598,2401,0,0,0,1.0,1,1.0,1,1.0,1,0.2616627315033941,54
3206,4,5003,2601,2402,0,0,0,1.0,1,1.0,1,1.0,1,0.27835989769454705,56
3207,3,5006,2602,2404,0,0,0,1.0,1,1.0,1,1.0,1,0.27270910558616396,54
3208,0,5006,2602,2404,0,0,0,1.0,1,1.0,1,1.0,1,0.2764695386124914,53
3209,0,5006,2602,2404,0,0,0,1.0,1,1.0,1,1.0,1,0.2722486658174575,54
3210,2,5008,2604,2404,0,0,0,1.0,1,1.0,1,1.0,1,0.28016478810157475,53
3211,2,5010,2605,2405,0,0,0,1.0,1,1.0,1,1.0,1,0.28742228771895906,53
3212,0,5010,2605,2405,0,0,0,1.0,1,1.0,1,1.0,1,0.2902930021984063,54
3213,1,5011,2605,2406,0,0,0,1.0,1,1.0,1,1.0,1,0.2570804979051916,54
3214,1,5012,2605,2407,0,0,0,1.0,1,1.0,1,1.0,1,0.2519491561353281,55
3215,0,5012,2605,2407,0,0,0,1.0,1,1.0,1,1.0,1,0.2519491561353281,55
3216,0,5012,2605,2407,0,0,0,1.0,1,1.0,1,1.0,1,0.2519491561353281,55
3217,3,5015,2608,2407,0,0,0,1.0,1,1.0,1,1.0,1,0.2884411072296134,54
3218,1,5016,2609,2407,0,0,0,1.0,1,1.0,1,1.0,1,0.2955291973720928,54
3219,0,5016,2609,2407,0,0,0,1.0,1,1.0,1,1.0,1,0.29387498888784797,55
3220,0,5016,2609,2407,0,0,0,1.0,1,1.0,1,1.0,1,0.27223235675370977,56
3221,3,5019,2610,2409,0,0,0,1.0,1,1.0,1,1.0,1,0.2711262465292778,57
3222,0,5019,2610,2409,0,0,0,1.0,1,1.0,1,1.0,1,0.2711262465292778,57
3223,4,5023,2612,2411,0,0,0,1.0,1,1.0,1,1.0,1,0.28296350361952627,56
3224,4,5027,2616,2411,0,0,0,1.0,1,1.0,1,1.0,1,0.31060484592228865,58
3225,1,5028,2616,2412,0,0,0,1.0,1,1.0,1,1.0,1,0.29617736215369644,55
3226,4,5032,2618,2414,0,0,0,1.0,1,1.0,1,1.0,1,0.28690046320775064,54
3227,1,5033,2618,2415,0,0,0,1.0,1,1.0,1,1.0,1,0.24834273840222873,53
3228,2,5035,2620,2415,0,0,0,1.0,1,1.0,1,1.0,1,0.2721430564747663,52
3229,6,5041,2623,2418,0,0,0,1.0,1,1.0,1,1.0,1,0.3187989962557716,52
3230,2,5043,2624,2419,0,0,0,1.0,1,1.0,1,1.0,1,0.26460817751439103,50
3231,3,5046,2626,2420,0,0,0,1.0,1,1.0,1,1.0,1,0.2784361242625447,50
3232,3,5049,2628,2421,0,0,0,1.0,1,1.0,1,1.0,1,0.28203753665092013,50
3233,3,5052,2630,2422,0,0,0,1.0,1,1.0,1,1.0,1,0.301712852681971,50
3234,1,5053,2631,2422,0,0,0,1.0,1,1.0,1,1.0,1,0.31057154235327944,49
3235,2,5055,2633,2422,0,0,0,1.0,1,1.0,1,1.0,1,0.31584834802006306,49
3236,1,5056,2633,2423,0,0,0,1.0,1,1.0,1,1.0,1,0.3048416859714722,51
3237,1,5057,2634,2423,0,0,0,1.0,1,1.0,1,1.0,1,0.32905497958860863,53
3238,2,5059,2635,2424,0,0,0,1.0,1,1.0,1,1.0,1,0.3208408284252028,53
3239,0,5059,2635,2424,0,0,0,1.0,1,1.0,1,1.0,1,0.3208408284252028,53
3240,1,5060,2635,2425,0,0,0,1.0,1,1.0,1,1.0,1,0.3167217632253959,53
3241,2,5062,2635,2427,0,0,0,1.0,1,1.0,1,1.0,1,0.30046937549201497,53
3242,1,5063,2635,2428,0,0,0,1.0,1,1.0,1,1.0,1,0.29144452865301784,53
3243,2,5065,2635,2430,0,0,0,1.0,1,1.0,1,1.0,1,0.28193208730110064,56
3244,1,5066,2635,2431,0,0,0,1.0,1,1.0,1,1.0,1,0.2837536276538375,57
3245,0,5066,2635,2431,0,0,0,1.0,1,1.0,1,1.0,1,0.2854642706440356,59
3246,0,5066,2635,2431,0,0,0,1.0,1,1.0,1,1.0,1,0.2854642706440356,59
3247,2,5068,2636,2432,0,0,0,1.0,1,1.0,1,1.0,1,0.28789035156486253,59
3248,2,5070,2637,2433,0,0,0,1.0,1,1.0,1,1.0,1,0.2645065879762296,59
3249,0,5070,2637,2433,0,0,0,1.0,1,1.0,1,1.0,1,0.2961886649223458,58
3250,1,5071,2638,2433,0,0,0,1.0,1,1.0,1,1.0,1,0.2901279303905032,58
3251,0,5071,2638,2433,0,0,0,1.0,1,1.0,1,1.0,1,0.3033557897364193,57
3252,2,5073,2639,2434,0,0,0,1.0,1,1.0,1,1.0,1,0.2993057088098619,57
3253,1,5074,2639,2435,0,0,0,1.0,1,1.0,1,1.0,1,0.2982859855765058,56
3254,0,5074,2639,2435,0,0,0,1.0,1,1.0,1,1.0,1,0.2988062585096004,57
3255,4,5078,2640,2438,0,0,0,1.0,1,1.0,1,1.0,1,0.25155619849428895,57
3256,0,5078,2640,2438,0,0,0,1.0,1,1.0,1,1.0,1,0.25155619849428895,57
3257,2,5080,2640,2440,0,0,0,1.0,1,1.0,1,1.0,1,0.23598405131743577,57
3258,3,5083,2640,2443,0,0,0,1.0,1,1.0,1,1.0,1,0.21951827447323674,58
3259,1,5084,2640,2444,0,0,0,1.0,1,1.0,1,1.0,1,0.21077713182451874,59
3260,1,5085,2641,2444,0,0,0,1.0,1,1.0,1,1.0,1,0.23398842842851508,60
3261,5,5090,2644,2446,0,0,0,1.0,1,1.0,1,1.0,1,0.2094209609888476,60
3262,2,5092,2645,2447,0,0,0,1.0,1,1.0,1,1.0,1,0.20483746084820287,61
3263,5,5097,2649,2448,0,0,0,1.0,1,1.0,1,1.0,1,0.19502160090122345,62
3264,2,5099,2650,2449,0,0,0,1.0,1,1.0,1,1.0,1,0.1634531261248854,60
3265,2,5101,2652,2449,0,0,0,1.0,1,1.0,1,1.0,1,0.16212750055457342,58
3266,9,5110,2658,2452,0,0,0,1.0,1,1.0,1,1.0,1,0.19434154653335936,59
3267,2,5112,2660,2452,0,0,0,1.0,1,1.0,1,1.0,1,0.20161215694210266,60
3268,3,5115,2663,2452,0,0,0,1.0,1,1.0,1,1.0,1,0.22031845644962458,58
3269,2,5117,2663,2454,0,0,0,1.0,1,1.0,1,1.0,1,0.18109886393459632,57
3270,4,5121,2665,2456,0,0,0,1.0,1,1.0,1,1.0,1,0.16785040626939984,56
3271,1,5122,2666,2456,0,0,0,1.0,1,1.0,1,1.0,1,0.15409127571642903,55
3272,0,5122,2666,2456,0,0,0,1.0,1,1.0,1,1.0,1,0.15367064407109407,55
3273,3,5125,2668,2457,0,0,0,1.0,1,1.0,1,1.0,1,0.19384778968578975,55
3274,1,5126,2669,2457,0,0,0,1.0,1,1.0,1,1.0,1,0.15701315905023114,55
3275,2,5128,2670,2458,0,0,0,1.0,1,1.0,1,1.0,1,0.15079479620222302,55
3276,2,5130,2671,2459,0,0,0,1.0,1,1.0,1,1.0,1,0.13038346147552193,55
3277,2,5132,2672,2460,0,0,0,1.0,1,1.0,1,1.0,1,0.1235773431452105,57
3278,0,5132,2672,2460,0,0,0,1.0,1,1.0,1,1.0,1,0.12767413756038976,56
3279,1,5133,2673,2460,0,0,0,1.0,1,1.0,1,1.0,1,0.141263516669082,54
3280,1,5134,2674,2460,0,0,0,1.0,1,1.0,1,1.0,1,0.1791086700353664,53
3281,4,5138,2676,2462,0,0,0,1.0,1,1.0,1,1.0,1,0.21706600676788462,52
3282,0,5138,2676,2462,0,0,0,1.0,1,1.0,1,1.0,1,0.22586881205063356,50
3283,1,5139,2677,2462,0,0,0,1.0,1,1.0,1,1.0,1,0.2329143105715613,50
3284,2,5141,2679,2462,0,0,0,1.0,1,1.0,1,1.0,1,0.256693493189092,47
3285,1,5142,2679,2463,0,0,0,1.0,1,1.0,1,1.0,1,0.20328553913045452,48
3286,1,5143,2679,2464,0,0,0,1.0,1,1.0,1,1.0,1,0.16219666481331108,46
3287,3,5146,2681,2465,0,0,0,1.0,1,1.0,1,1.0,1,0.24710339070744952,46
3288,5,5151,2685,2466,0,0,0,1.0,1,1.0,1,1.0,1,0.24951765771055132,46
3289,9,5160,2688,2472,0,0,0,1.0,1,1.0,1,1.0,1,0.1457318271116808,48
3290,2,5162,2688,2474,0,0,0,1.0,1,1.0,1,1.0,1,0.13080106003211223,48
3291,2,5164,2690,2474,0,0,0,1.0,1,1.0,1,1.0,1,0.1605564436264363,50
3292,3,5167,2692,2475,0,0,0,1.0,1,1.0,1,1.0,1,0.15338189874550903,50
3293,0,5167,2692,2475,0,0,0,1.0,1,1.0,1,1.0,1,0.1466515162200524,51
3294,1,5168,2693,2475,0,0,0,1.0,1,1.0,1,1.0,1,0.157897141771623,50
3295,1,5169,2694,2475,0,0,0,1.0,1,1.0,1,1.0,1,0.1826146589527823,50
3296,0,5169,2694,2475,0,0,0,1.0,1,1.0,1,1.0,1,0.1826146589527823,50
3297,2,5171,2695,2476,0,0,0,1.0,1,1.0,1,1.0,1,0.13653313407030657,51
3298,0,5171,2695,2476,0,0,0,1.0,1,1.0,1,1.0,1,0.12576329174197093,52
3299,2,5173,2696,2477,0,0,0,1.0,1,1.0,1,1.0,1,0.11371612483055218,53
3300,0,5173,2696,2477,0,0,0,1.0,1,1.0,1,1.0,1,0.11371612483055218,53
3301,1,5174,2697,2477,0,0,0,1.0,1,1.0,1,1.0,1,0.14420822040435513,53
3302,3,5177,2699,2478,0,0,0,1.0,1,1.0,1,1.0,1,0.11914625332297633,53
3303,3,5180,2701,2479,0,0,0,1.0,1,1.0,1,1.0,1,0.13235787369477872,52
3304,7,5187,2705,2482,0,0,0,1.0,1,1.0,1,1.0,1,0.13050903224168597,52
3305,2,5189,2706,2483,0,0,0,1.0,1,1.0,1,1.0,1,0.16218404013747323,51
3306,5,5194,2709,2485,0,0,0,1.0,1,1.0,1,1.0,1,0.20507992976447376,51
3307,1,5195,2709,2486,0,0,0,1.0,1,1.0,1,1.0,1,0.1553697326487737,48
3308,0,5195,2709,2486,0,0,0,1.0,1,1.0,1,1.0,1,0.1553697326487737,48
3309,2,5197,2710,2487,0,0,0,1.0,1,1.0,1,1.0,1,0.15428725737938803,48
3310,0,5197,2710,2487,0,0,0,1.0,1,1.0,1,1.0,1,0.1851800471052048,47
3311,1,5198,2711,2487,0,0,0,1.0,1,1.0,1,1.0,1,0.19856850110064053,49
3312,1,5199,2712,2487,0,0,0,1.0,1,1.0,1,1.0,1,0.22322756202257726,48
3313,6,5205,2715,2490,0,0,0,1.0,1,1.0,1,1.0,1,0.22865632080558337,49
3314,1,5206,2716,2490,0,0,0,1.0,1,1.0,1,1.0,1,0.26378757586833723,47
3315,1,5207,2717,2490,0,0,0,1.0,1,1.0,1,1.0,1,0.2856004931293186,47
3316,4,5211,2717,2494,0,0,0,1.0,1,1.0,1,1.0,1,0.23256930030601272,47
3317,0,5211,2717,2494,0,0,0,1.0,1,1.0,1,1.0,1,0.205625874412767,46
3318,3,5214,2718,2496,0,0,0,1.0,1,1.0,1,1.0,1,0.1445148648525836,45
3319,1,5215,2719,2496,0,0,0,1.0,1,1.0,1,1.0,1,0.17638266234398933,44
3320,1,5216,2720,2496,0,0,0,1.0,1,1.0,1,1.0,1,0.23409665191609164,43
3321,5,5221,2723,2498,0,0,0,1.0,1,1.0,1,1.0,1,0.2439380340918894,43
3322,2,5223,2723,2500,0,0,0,1.0,1,1.0,1,1.0,1,0.18878349126785554,40
3323,0,5223,2723,2500,0,0,0,1.0,1,1.0,1,1.0,1,0.20110439805648234,40
3324,2,5225,2724,2501,0,0,0,1.0,1,1.0,1,1.0,1,0.18581661716613443,40
3325,3,5228,2726,2502,0,0,0,1.0,1,1.0,1,1.0,1,0.1893441729385741,40
3326,0,5228,2726,2502,0,0,0,1.0,1,1.0,1,1.0,1,0.13956832839401778,41
3327,0,5228,2726,2502,0,0,0,1.0,1,1.0,1,1.0,1,0.14676115311809074,39
3328,5,5233,2730,2503,0,0,0,1.0,1,1.0,1,1.0,1,0.24079738372074908,41
3329,2,5235,2731,2504,0,0,0,1.0,1,1.0,1,1.0,1,0.2026232386084521,39
3330,1,5236,2732,2504,0,0,0,1.0,1,1.0,1,1.0,1,0.23578388572442482,40
3331,0,5236,2732,2504,0,0,0,1.0,1,1.0,1,1.0,1,0.2043966296587289,38
3332,0,5236,2732,2504,0,0,0,1.0,1,1.0,1,1.0,1,0.2477810524478607,38
3333,0,5236,2732,2504,0,0,0,1.0,1,1.0,1,1.0,1,0.2477810524478607,38
3334,0,5236,2732,2504,0,0,0,1.0,1,1.0,1,1.0,1,0.27000136183974144,40
3335,0,5236,2732,2504,0,0,0,1.0,1,1.0,1,1.0,1,0.27000136183974144,40
3336,0,5236,2732,2504,0,0,0,1.0,1,1.0,1,1.0,1,0.272421629350645,39
3337,2,5238,2732,2506,0,0,0,1.0,1,1.0,1,1.0,1,0.22664836280161968,40
3338,2,5240,2733,2507,0,0,0,1.0,1,1.0,1,1.0,1,0.25726500072738967,41
3339,3,5243,2734,2509,0,0,0,1.0,1,1.0,1,1.0,1,0.25333348635218483,42
3340,8,5251,2738,2513,0,0,0,1.0,1,1.0,1,1.0,1,0.15279710341695713,43
3341,0,5251,2738,2513,0,0,0,1.0,1,1.0,1,1.0,1,0.15279710341695713,43
3342,1,5252,2739,2513,0,0,0,1.0,1,1.0,1,1.0,1,0.195793988472906,44
3343,2,5254,2741,2513,0,0,0,1.0,1,1.0,1,1.0,1,0.23098340428666747,44
3344,0,5254,2741,2513,0,0,0,1.0,1,1.0,1,1.0,1,0.25631567048545306,44
3345,0,5254,2741,2513,0,0,0,1.0,1,1.0,1,1.0,1,0.26760244059699007,43
3346,0,5254,2741,2513,0,0,0,1.0,1,1.0,1,1.0,1,0.29392898480225815,42
3347,1,5255,2741,2514,0,0,0,1.0,1,1.0,1,1.0,1,0.2604584213875831,44
3348,0,5255,2741,2514,0,0,0,1.0,1,1.0,1,1.0,1,0.2722968930980965,45
3349,1,5256,2742,2514,0,0,0,1.0,1,1.0,1,1.0,1,0.25277237493845267,45
3350,0,5256,2742,2514,0,0,0,1.0,1,1.0,1,1.0,1,0.23534783783596538,46
3351,3,5259,2744,2515,0,0,0,1.0,1,1.0,1,1.0,1,0.269483611398458,47
3352,3,5262,2744,2518,0,0,0,1.0,1,1.0,1,1.0,1,0.20896046587056785,47
3353,1,5263,2744,2519,0,0,0,1.0,1,1.0,1,1.0,1,0.21861814265895024,48
3354,2,5265,2745,2520,0,0,0,1.0,1,1.0,1,1.0,1,0.2183554632405818,48
3355,0,5265,2745,2520,0,0,0,1.0,1,1.0,1,1.0,1,0.22235747996354469,48
3356,2,5267,2746,2521,0,0,0,1.0,1,1.0,1,1.0,1,0.21030852114994047,48
3357,1,5268,2747,2521,0,0,0,1.0,1,1.0,1,1.0,1,0.20440633684642423,47
3358,4,5272,2749,2523,0,0,0,1.0,1,1.0,1,1.0,1,0.2948927500300527,46
3359,2,5274,2751,2523,0,0,0,1.0,1,1.0,1,1.0,1,0.33688493861638735,45
3360,1,5275,2752,2523,0,0,0,1.0,1,1.0,1,1.0,1,0.33804907354832336,44
3361,1,5276,2752,2524,0,0,0,1.0,1,1.0,1,1.0,1,0.3219389308362677,43
3362,3,5279,2753,2526,0,0,0,1.0,1,1.0,1,1.0,1,0.2866079212075303,42
3363,2,5281,2754,2527,0,0,0,1.0,1,1.0,1,1.0,1,0.30979921835325347,41
3364,1,5282,2754,2528,0,0,0,1.0,1,1.0,1,1.0,1,0.3383214141323744,41
3365,7,5289,2755,2534,0,0,0,1.0,1,1.0,1,1.0,1,0.25358943989465654,41
3366,1,5290,2755,2535,0,0,0,1.0,1,1.0,1,1.0,1,0.21462571676905567,40
3367,1,5291,2755,2536,0,0,0,1.0,1,1.0,1,1.0,1,0.17696215565898257,39
3368,1,5292,2756,2536,0,0,0,1.0,1,1.0,1,1.0,1,0.1643033665225098,39
3369,1,5293,2756,2537,0,0,0,1.0,1,1.0,1,1.0,1,0.1342933296103715,40
3370,2,5295,2758,2537,0,0,0,1.0,1,1.0,1,1.0,1,0.17644582471480375,41
3371,1,5296,2759,2537,0,0,0,1.0,1,1.0,1,1.0,1,0.15934456551282333,41
3372,3,5299,2761,2538,0,0,0,1.0,1,1.0,1,1.0,1,0.20507001078626666,40
3373,0,5299,2761,2538,0,0,0,1.0,1,1.0,1,1.0,1,0.20796957432227764,41
3374,0,5299,2761,2538,0,0,0,1.0,1,1.0,1,1.0,1,0.2099772054666403,42
3375,3,5302,2761,2541,0,0,0,1.0,1,1.0,1,1.0,1,0.1742785314457419,44
3376,2,5304,2761,2543,0,0,0,1.0,1,1.0,1,1.0,1,0.12467066856178644,46
3377,0,5304,2761,2543,0,0,0,1.0,1,1.0,1,1.0,1,0.13238832701342432,47
3378,1,5305,2762,2543,0,0,0,1.0,1,1.0,1,1.0,1,0.1787284995112068,48
3379,1,5306,2762,2544,0,0,0,1.0,1,1.0,1,1.0,1,0.16162345369668873,48
3380,1,5307,2763,2544,0,0,0,1.0,1,1.0,1,1.0,1,0.16684506616795333,48
3381,0,5307,2763,2544,0,0,0,1.0,1,1.0,1,1.0,1,0.16684506616795333,48
3382,1,5308,2764,2544,0,0,0,1.0,1,1.0,1,1.0,1,0.20676932342117788,49
3383,1,5309,2764,2545,0,0,0,1.0,1,1.0,1,1.0,1,0.16199647095417838,47
3384,3,5312,2767,2545,0,0,0,1.0,1,1.0,1,1.0,1,0.2404205712029137,48
3385,1,5313,2767,2546,0,0,0,1.0,1,1.0,1,1.0,1,0.1989449077000474,47
3386,2,5315,2768,2547,0,0,0,1.0,1,1.0,1,1.0,1,0.24701296532850156,49
3387,2,5317,2768,2549,0,0,0,1.0,1,1.0,1,1.0,1,0.2231000264284478,48
3388,2,5319,2769,2550,0,0,0,1.0,1,1.0,1,1.0,1,0.23661689227881558,48
3389,1,5320,2769,2551,0,0,0,1.0,1,1.0,1,1.0,1,0.23858228402186452,50
3390,0,5320,2769,2551,0,0,0,1.0,1,1.0,1,1.0,1,0.22105843048175783,51
3391,1,5321,2769,2552,0,0,0,1.0,1,1.0,1,1.0,1,0.20099987675901168,51
3392,1,5322,2769,2553,0,0,0,1.0,1,1.0,1,1.0,1,0.20418621361834913,52
3393,1,5323,2769,2554,0,0,0,1.0,1,1.0,1,1.0,1,0.17816476996645386,52
3394,0,5323,2769,2554,0,0,0,1.0,1,1.0,1,1.0,1,0.17816476996645386,52
3395,1,5324,2770,2554,0,0,0,1.0,1,1.0,1,1.0,1,0.16973074931352675,50
3396,1,5325,2771,2554,0,0,0,1.0,1,1.0,1,1.0,1,0.18328061306872082,49
3397,2,5327,2772,2555,0,0,0,1.0,1,1.0,1,1.0,1,0.1695214227320569,49
3398,0,5327,2772,2555,0,0,0,1.0,1,1.0,1,1.0,1,0.17615156323404899,48
3399,1,5328,2773,2555,0,0,0,1.0,1,1.0,1,1.0,1,0.1856299834257737,49
3400,1,5329,2774,2555,0,0,0,1.0,1,1.0,1,1.0,1,0.18814267258303244,50
3401,0,5329,2774,2555,0,0,0,1.0,1,1.0,1,1.0,1,0.1912944118419146,51
3402,1,5330,2775,2555,0,0,0,1.0,1,1.0,1,1.0,1,0.23144792323194588,51
3403,4,5334,2777,2557,0,0,0,1.0,1,1.0,1,1.0,1,0.19348337561967285,51
3404,2,5336,2778,2558,0,0,0,1.0,1,1.0,1,1.0,1,0.1745421580920676,51
3405,3,5339,2780,2559,0,0,0,1.0,1,1.0,1,1.0,1,0.17991627892871095,51
3406,0,5339,2780,2559,0,0,0,1.0,1,1.0,1,1.0,1,0.16400754174723645,51
3407,2,5341,2780,2561,0,0,0,1.0,1,1.0,1,1.0,1,0.1518180179204673,52
3408,0,5341,2780,2561,0,0,0,1.0,1,1.0,1,1.0,1,0.16490576107990915,53
3409,1,5342,2780,2562,0,0,0,1.0,1,1.0,1,1.0,1,0.15302509078349166,54
3410,3,5345,2783,2562,0,0,0,1.0,1,1.0,1,1.0,1,0.1667486146135281,54
3411,1,5346,2783,2563,0,0,0,1.0,1,1.0,1,1.0,1,0.15170586575851364,54
3412,2,5348,2784,2564,0,0,0,1.0,1,1.0,1,1.0,1,0.16979012815492978,55
3413,0,5348,2784,2564,0,0,0,1.0,1,1.0,1,1.0,1,0.16979012815492978,55
3414,1,5349,2784,2565,0,0,0,1.0,1,1.0,1,1.0,1,0.17514587140287075,55
3415,4,5353,2787,2566,0,0,0,1.0,1,1.0,1,1.0,1,0.20515900104196205,56
3416,4,5357,2788,2569,0,0,0,1.0,1,1.0,1,1.0,1,0.19505010619654706,55
3417,1,5358,2789,2569,0,0,0,1.0,1,1.0,1,1.0,1,0.2318843679151639,56
3418,1,5359,2790,2569,0,0,0,1.0,1,1.0,1,1.0,1,0.23937447771043607,55
3419,3,5362,2790,2572,0,0,0,1.0,1,1.0,1,1.0,1,0.20885397985797555,56
3420,0,5362,2790,2572,0,0,0,1.0,1,1.0,1,1.0,1,0.22324656793857212,55
3421,0,5362,2790,2572,0,0,0,1.0,1,1.0,1,1.0,1,0.2343002234904798,57
3422,4,5366,2794,2572,0,0,0,1.0,1,1.0,1,1.0,1,0.2249139364473144,56
3423,3,5369,2796,2573,0,0,0,1.0,1,1.0,1,1.0,1,0.22648662728806152,56
3424,3,5372,2796,2576,0,0,0,1.0,1,1.0,1,1.0,1,0.19306068109783497,56
3425,1,5373,2797,2576,0,0,0,1.0,1,1.0,1,1.0,1,0.1957596942904997,56
3426,2,5375,2797,2578,0,0,0,1.0,1,1.0,1,1.0,1,0.1965604848276159,55
3427,3,5378,2798,2580,0,0,0,1.0,1,1.0,1,1.0,1,0.21133620796360833,55
3428,1,5379,2799,2580,0,0,0,1.0,1,1.0,1,1.0,1,0.22249866506852542,55
3429,2,5381,2800,2581,0,0,0,1.0,1,1.0,1,1.0,1,0.24605148686568984,54
3430,5,5386,2800,2586,0,0,0,1.0,1,1.0,1,1.0,1,0.19032114647491732,56
3431,0,5386,2800,2586,0,0,0,1.0,1,1.0,1,1.0,1,0.1678415281592572,54
3432,1,5387,2801,2586,0,0,0,1.0,1,1.0,1,1.0,1,0.19727937940052642,56
3433,4,5391,2804,2587,0,0,0,1.0,1,1.0,1,1.0,1,0.19229699333918254,53
3434,2,5393,2805,2588,0,0,0,1.0,1,1.0,1,1.0,1,0.1543334780932835,51
3435,1,5394,2806,2588,0,0,0,1.0,1,1.0,1,1.0,1,0.16407365355396547,51
3436,3,5397,2808,2589,0,0,0,1.0,1,1.0,1,1.0,1,0.16951010764412855,51
3437,2,5399,2809,2590,0,0,0,1.0,1,1.0,1,1.0,1,0.14726594900014636,53
3438,2,5401,2810,2591,0,0,0,1.0,1,1.0,1,1.0,1,0.1686806972393144,52
3439,3,5404,2810,2594,0,0,0,1.0,1,1.0,1,1.0,1,0.13604969394769686,54
3440,1,5405,2811,2594,0,0,0,1.0,1,1.0,1,1.0,1,0.1215638963835981,52
3441,0,5405,2811,2594,0,0,0,1.0,1,1.0,1,1.0,1,0.1251323459874432,53
3442,1,5406,2811,2595,0,0,0,1.0,1,1.0,1,1.0,1,0.11334929699411156,53
3443,2,5408,2812,2596,0,0,0,1.0,1,1.0,1,1.0,1,0.1497367891931992,53
3444,1,5409,2813,2596,0,0,0,1.0,1,1.0,1,1.0,1,0.1479102783852872,52
3445,0,5409,2813,2596,0,0,0,1.0,1,1.0,1,1.0,1,0.15837993079505844,53
3446,1,5410,2814,2596,0,0,0,1.0,1,1.0,1,1.0,1,0.22599081963438103,53
3447,3,5413,2815,2598,0,0,0,1.0,1,1.0,1,1.0,1,0.21230049692932818,53
3448,4,5417,2816,2601,0,0,0,1.0,1,1.0,1,1.0,1,0.17156299701526453,52
3449,2,5419,2817,2602,0,0,0,1.0,1,1.0,1,1.0,1,0.14965697149354706,52
3450,1,5420,2818,2602,0,0,0,1.0,1,1.0,1,1.0,1,0.13476120450119916,52
3451,5,5425,2822,2603,0,0,0,1.0,1,1.0,1,1.0,1,0.16023631747955383,54
3452,1,5426,2823,2603,0,0,0,1.0,1,1.0,1,1.0,1,0.17436443514794014,54
3453,2,5428,2825,2603,0,0,0,1.0,1,1.0,1,1.0,1,0.21162087354306042,54
3454,4,5432,2825,2607,0,0,0,1.0,1,1.0,1,1.0,1,0.16779468383132787,57
3455,1,5433,2825,2608,0,0,0,1.0,1,1.0,1,1.0,1,0.1603481097705601,57
3456,0,5433,2825,2608,0,0,0,1.0,1,1.0,1,1.0,1,0.17172990000092175,58
3457,3,5436,2825,2611,0,0,0,1.0,1,1.0,1,1.0,1,0.15732474311813321,57
3458,0,5436,2825,2611,0,0,0,1.0,1,1.0,1,1.0,1,0.1766250877825221,57
3459,0,5436,2825,2611,0,0,0,1.0,1,1.0,1,1.0,1,0.1766250877825221,57
3460,0,5436,2825,2611,0,0,0,1.0,1,1.0,1,1.0,1,0.1752583031299317,58
3461,1,5437,2825,2612,0,0,0,1.0,1,1.0,1,1.0,1,0.18328789800922834,59
3462,1,5438,2825,2613,0,0,0,1.0,1,1.0,1,1.0,1,0.16396939286709097,59
3463,2,5440,2826,2614,0,0,0,1.0,1,1.0,1,1.0,1,0.15033154708882784,59
3464,2,5442,2828,2614,0,0,0,1.0,1,1.0,1,1.0,1,0.19611619401258926,59
3465,1,5443,2829,2614,0,0,0,1.0,1,1.0,1,1.0,1,0.1940397221309198,57
3466,5,5448,2831,2617,0,0,0,1.0,1,1.0,1,1.0,1,0.20586753118272566,57
3467,1,5449,2831,2618,0,0,0,1.0,1,1.0,1,1.0,1,0.1984541668083131,57
3468,1,5450,2832,2618,0,0,0,1.0,1,1.0,1,1.0,1,0.21881132403284156,57
3469,5,5455,2834,2621,0,0,0,1.0,1,1.0,1,1.0,1,0.22391290561165145,53
3470,6,5461,2838,2623,0,0,0,1.0,1,1.0,1,1.0,1,0.2853678605335646,50
3471,3,5464,2839,2625,0,0,0,1.0,1,1.0,1,1.0,1,0.2549723604109267,49
3472,5,5469,2839,2630,0,0,0,1.0,1,1.0,1,1.0,1,0.20678492886077743,47
3473,7,5476,2844,2632,0,0,0,1.0,1,1.0,1,1.0,1,0.2865289632311882,45
3474,0,5476,2844,2632,0,0,0,1.0,1,1.0,1,1.0,1,0.30832118644853024,42
3475,9,5485,2847,2638,0,0,0,1.0,1,1.0,1,1.0,1,0.24685243439510815,43
3476,1,5486,2848,2638,0,0,0,1.0,1,1.0,1,1.0,1,0.25849614048529646,41
3477,7,5493,2851,2642,0,0,0,1.0,1,1.0,1,1.0,1,0.09561703866348331,42
3478,1,5494,2852,2642,0,0,0,1.0,1,1.0,1,1.0,1,0.11853027343076582,40
3479,1,5495,2853,2642,0,0,0,1.0,1,1.0,1,1.0,1,0.15005613817145758,40
3480,1,5496,2854,2642,0,0,0,1.0,1,1.0,1,1.0,1,0.19475489015851066,40
3481,2,5498,2854,2644,0,0,0,1.0,1,1.0,1,1.0,1,0.12140158587157622,40
3482,1,5499,2855,2644,0,0,0,1.0,1,1.0,1,1.0,1,0.14454180603874497,40
3483,0,5499,2855,2644,0,0,0,1.0,1,1.0,1,1.0,1,0.1428470025177977,39
3484,0,5499,2855,2644,0,0,0,1.0,1,1.0,1,1.0,1,0.1428470025177977,39
3485,1,5500,2856,2644,0,0,0,1.0,1,1.0,1,1.0,1,0.17646649729287098,40
3486,2,5502,2856,2646,0,0,0,1.0,1,1.0,1,1.0,1,0.13839883928391056,41
3487,1,5503,2856,2647,0,0,0,1.0,1,1.0,1,1.0,1,0.15293781684693666,41
3488,1,5504,2857,2647,0,0,0,1.0,1,1.0,1,1.0,1,0.14500576070785876,42
3489,1,5505,2857,2648,0,0,0,1.0,1,1.0,1,1.0,1,0.1334951753398842,44
3490,0,5505,2857,2648,0,0,0,1.0,1,1.0,1,1.0,1,0.1334951753398842,44
3491,0,5505,2857,2648,0,0,0,1.0,1,1.0,1,1.0,1,0.15181382590015133,45
3492,1,5506,2858,2648,0,0,0,1.0,1,1.0,1,1.0,1,0.18337212103166742,45
3493,1,5507,2859,2648,0,0,0,1.0,1,1.0,1,1.0,1,0.18463776315724725,45
3494,0,5507,2859,2648,0,0,0,1.0,1,1.0,1,1.0,1,0.18463776315724725,45
3495,0,5507,2859,2648,0,0,0,1.0,1,1.0,1,1.0,1,0.18463776315724725,45
3496,1,5508,2859,2649,0,0,0,1.0,1,1.0,1,1.0,1,0.1956062378767204,46
3497,4,5512,2861,2651,0,0,0,1.0,1,1.0,1,1.0,1,0.19608310996418082,47
3498,3,5515,2862,2653,0,0,0,1.0,1,1.0,1,1.0,1,0.22254462406264558,48
3499,2,5517,2862,2655,0,0,0,1.0,1,1.0,1,1.0,1,0.19060528328766466,47
3500,0,5517,2862,2655,0,0,0,1.0,1,1.0,1,1.0,1,0.20493966955238688,50
3501,0,5517,2862,2655,0,0,0,1.0,1,1.0,1,1.0,1,0.20493966955238688,50
3502,3,5520,2864,2656,0,0,0,1.0,1,1.0,1,1.0,1,0.23086584235501073,50
3503,2,5522,2866,2656,0,0,0,1.0,1,1.0,1,1.0,1,0.2879131607104652,50
3504,2,5524,2868,2656,0,0,0,1.0,1,1.0,1,1.0,1,0.34568627753346637,47
3505,4,5528,2869,2659,0,0,0,1.0,1,1.0,1,1.0,1,0.32496982858214424,48
3506,2,5530,2869,2661,0,0,0,1.0,1,1.0,1,1.0,1,0.30161205163798055,49
3507,0,5530,2869,2661,0,0,0,1.0,1,1.0,1,1.0,1,0.32263278258522743,46
3508,2,5532,2870,2662,0,0,0,1.0,1,1.0,1,1.0,1,0.3293053789659385,47
3509,0,5532,2870,2662,0,0,0,1.0,1,1.0,1,1.0,1,0.30384242828900054,44
3510,0,5532,2870,2662,0,0,0,1.0,1,1.0,1,1.0,1,0.3110543510596779,45
3511,1,5533,2871,2662,0,0,0,1.0,1,1.0,1,1.0,1,0.315158946339113,44
3512,0,5533,2871,2662,0,0,0,1.0,1,1.0,1,1.0,1,0.3089512210022994,42
3513,0,5533,2871,2662,0,0,0,1.0,1,1.0,1,1.0,1,0.3089512210022994,42
3514,0,5533,2871,2662,0,0,0,1.0,1,1.0,1,1.0,1,0.3357438209577899,42
3515,2,5535,2872,2663,0,0,0,1.0,1,1.0,1,1.0,1,0.3719816334644159,42
3516,1,5536,2873,2663,0,0,0,1.0,1,1.0,1,1.0,1,0.3419917618138477,41
3517,3,5539,2873,2666,0,0,0,1.0,1,1.0,1,1.0,1,0.29654165336081306,44
3518,1,5540,2874,2666,0,0,0,1.0,1,1.0,1,1.0,1,0.32941137258173664,43
3519,5,5545,2874,2671,0,0,0,1.0,1,1.0,1,1.0,1,0.2577743980411034,44
3520,1,5546,2874,2672,0,0,0,1.0,1,1.0,1,1.0,1,0.2522215201733201,45
3521,0,5546,2874,2672,0,0,0,1.0,1,1.0,1,1.0,1,0.2522215201733201,45
3522,0,5546,2874,2672,0,0,0,1.0,1,1.0,1,1.0,1,0.240720133944369,46
3523,0,5546,2874,2672,0,0,0,1.0,1,1.0,1,1.0,1,0.240720133944369,46
3524,0,5546,2874,2672,0,0,0,1.0,1,1.0,1,1.0,1,0.2377494814237701,47
3525,1,5547,2874,2673,0,0,0,1.0,1,1.0,1,1.0,1,0.25389094476167473,48
3526,2,5549,2875,2674,0,0,0,1.0,1,1.0,1,1.0,1,0.2425143785710634,49
3527,3,5552,2877,2675,0,0,0,1.0,1,1.0,1,1.0,1,0.27113689375665134,49
3528,3,5555,2877,2678,0,0,0,1.0,1,1.0,1,1.0,1,0.25175696961246524,51
3529,2,5557,2877,2680,0,0,0,1.0,1,1.0,1,1.0,1,0.22210697214136008,51
3530,1,5558,2878,2680,0,0,0,1.0,1,1.0,1,1.0,1,0.22724674751694432,52
3531,1,5559,2879,2680,0,0,0,1.0,1,1.0,1,1.0,1,0.24775604634055678,52
3532,0,5559,2879,2680,0,0,0,1.0,1,1.0,1,1.0,1,0.24775604634055678,52
3533,0,5559,2879,2680,0,0,0,1.0,1,1.0,1,1.0,1,0.24775604634055678,52
3534,0,5559,2879,2680,0,0,0,1.0,1,1.0,1,1.0,1,0.24775604634055678,52
3535,1,5560,2880,2680,0,0,0,1.0,1,1.0,1,1.0,1,0.25505877018904316,52
3536,0,5560,2880,2680,0,0,0,1.0,1,1.0,1,1.0,1,0.2747929464405775,54
3537,0,5560,2880,2680,0,0,0,1.0,1,1.0,1,1.0,1,0.2722388801954758,55
3538,2,5562,2880,2682,0,0,0,1.0,1,1.0,1,1.0,1,0.24232042669103265,55
3539,0,5562,2880,2682,0,0,0,1.0,1,1.0,1,1.0,1,0.24082043959395436,58
3540,7,5569,2882,2687,0,0,0,1.0,1,1.0,1,1.0,1,0.2174877372755426,59
3541,0,5569,2882,2687,0,0,0,1.0,1,1.0,1,1.0,1,0.2174877372755426,59
3542,2,5571,2883,2688,0,0,0,1.0,1,1.0,1,1.0,1,0.24114945822583717,61
3543,4,5575,2885,2690,0,0,0,1.0,1,1.0,1,1.0,1,0.24799378365328573,62
3544,2,5577,2886,2691,0,0,0,1.0,1,1.0,1,1.0,1,0.22160680456104043,59
3545,1,5578,2887,2691,0,0,0,1.0,1,1.0,1,1.0,1,0.2474620455716336,59
3546,2,5580,2888,2692,0,0,0,1.0,1,1.0,1,1.0,1,0.2352352960626767,57
3547,4,5584,2890,2694,0,0,0,1.0,1,1.0,1,1.0,1,0.21028169145602474,53
3548,3,5587,2892,2695,0,0,0,1.0,1,1.0,1,1.0,1,0.24254862134584126,53
3549,1,5588,2893,2695,0,0,0,1.0,1,1.0,1,1.0,1,0.2440771813336423,52
3550,3,5591,2894,2697,0,0,0,1.0,1,1.0,1,1.0,1,0.24299777663473737,51
3551,1,5592,2895,2697,0,0,0,1.0,1,1.0,1,1.0,1,0.2517302378276333,51
3552,1,5593,2896,2697,0,0,0,1.0,1,1.0,1,1.0,1,0.2947734128563836,51
3553,1,5594,2896,2698,0,0,0,1.0,1,1.0,1,1.0,1,0.292765422762303,49
3554,0,5594,2896,2698,0,0,0,1.0,1,1.0,1,1.0,1,0.292765422762303,49
3555,3,5597,2896,2701,0,0,0,1.0,1,1.0,1,1.0,1,0.2680564504169753,51
3556,0,5597,2896,2701,0,0,0,1.0,1,1.0,1,1.0,1,0.2680564504169753,51
3557,2,5599,2897,2702,0,0,0,1.0,1,1.0,1,1.0,1,0.26674902713163207,52
3558,3,5602,2898,2704,0,0,0,1.0,1,1.0,1,1.0,1,0.2571607260475477,52
3559,4,5606,2899,2707,0,0,0,1.0,1,1.0,1,1.0,1,0.22463786541112504,52
3560,2,5608,2899,2709,0,0,0,1.0,1,1.0,1,1.0,1,0.19603932058457865,53
3561,0,5608,2899,2709,0,0,0,1.0,1,1.0,1,1.0,1,0.20848545818151573,54
3562,2,5610,2900,2710,0,0,0,1.0,1,1.0,1,1.0,1,0.1970011189226738,54
3563,2,5612,2901,2711,0,0,0,1.0,1,1.0,1,1.0,1,0.20572541391584573,55
3564,1,5613,2901,2712,0,0,0,1.0,1,1.0,1,1.0,1,0.17283838606956548,57
3565,0,5613,2901,2712,0,0,0,1.0,1,1.0,1,1.0,1,0.1845268422378223,56
3566,1,5614,2901,2713,0,0,0,1.0,1,1.0,1,1.0,1,0.19483230481799652,57
3567,0,5614,2901,2713,0,0,0,1.0,1,1.0,1,1.0,1,0.19483230481799652,57
3568,1,5615,2902,2713,0,0,0,1.0,1,1.0,1,1.0,1,0.20517882817884517,57
3569,1,5616,2903,2713,0,0,0,1.0,1,1.0,1,1.0,1,0.19198243114635818,57
3570,7,5623,2905,2718,0,0,0,1.0,1,1.0,1,1.0,1,0.19193330173410825,59
3571,2,5625,2905,2720,0,0,0,1.0,1,1.0,1,1.0,1,0.16250884686477007,60
3572,0,5625,2905,2720,0,0,0,1.0,1,1.0,1,1.0,1,0.16370228606315143,61
3573,1,5626,2906,2720,0,0,0,1.0,1,1.0,1,1.0,1,0.16955702422587074,62
3574,0,5626,2906,2720,0,0,0,1.0,1,1.0,1,1.0,1,0.16220154193341274,63
3575,2,5628,2907,2721,0,0,0,1.0,1,1.0,1,1.0,1,0.16480595137726492,63
3576,0,5628,2907,2721,0,0,0,1.0,1,1.0,1,1.0,1,0.16480595137726492,63
3577,0,5628,2907,2721,0,0,0,1.0,1,1.0,1,1.0,1,0.16934883233510933,64
3578,0,5628,2907,2721,0,0,0,1.0,1,1.0,1,1.0,1,0.1833496232253073,64
3579,0,5628,2907,2721,0,0,0,1.0,1,1.0,1,1.0,1,0.1833496232253073,64
3580,2,5630,2908,2722,0,0,0,1.0,1,1.0,1,1.0,1,0.20051848819740184,65
3581,3,5633,2908,2725,0,0,0,1.0,1,1.0,1,1.0,1,0.19436108116008924,68
3582,3,5636,2910,2726,0,0,0,1.0,1,1.0,1,1.0,1,0.20714871882048583,68
3583,4,5640,2913,2727,0,0,0,1.0,1,1.0,1,1.0,1,0.19962272924398639,65
3584,3,5643,2916,2727,0,0,0,1.0,1,1.0,1,1.0,1,0.20732100095714381,64
3585,3,5646,2918,2728,0,0,0,1.0,1,1.0,1,1.0,1,0.17985925493702673,64
3586,7,5653,2922,2731,0,0,0,1.0,1,1.0,1,1.0,1,0.17764365995116932,65
3587,0,5653,2922,2731,0,0,0,1.0,1,1.0,1,1.0,1,0.17447340336335165,64
3588,2,5655,2923,2732,0,0,0,1.0,1,1.0,1,1.0,1,0.18405141730514077,62
3589,7,5662,2926,2736,0,0,0,1.0,1,1.0,1,1.0,1,0.15504219239997502,63
3590,3,5665,2928,2737,0,0,0,1.0,1,1.0,1,1.0,1,0.15863304474089873,63
3591,1,5666,2929,2737,0,0,0,1.0,1,1.0,1,1.0,1,0.16028135395379947,62
3592,0,5666,2929,2737,0,0,0,1.0,1,1.0,1,1.0,1,0.1470241445506092,59
3593,4,5670,2932,2738,0,0,0,1.0,1,1.0,1,1.0,1,0.13999801422207894,58
3594,2,5672,2932,2740,0,0,0,1.0,1,1.0,1,1.0,1,0.13650051682733405,57
3595,1,5673,2933,2740,0,0,0,1.0,1,1.0,1,1.0,1,0.13599145282288028,59
3596,2,5675,2935,2740,0,0,0,1.0,1,1.0,1,1.0,1,0.12836434508148212,57
3597,3,5678,2937,2741,0,0,0,1.0,1,1.0,1,1.0,1,0.15437766520712473,57
3598,1,5679,2937,2742,0,0,0,1.0,1,1.0,1,1.0,1,0.1323675049106917,57
3599,4,5683,2939,2744,0,0,0,1.0,1,1.0,1,1.0,1,0.15334728307846754,58
3600,0,5683,2939,2744,0,0,0,1.0,1,1.0,1,1.0,1,0.15220070428259133,58
3601,2,5685,2940,2745,0,0,0,1.0,1,1.0,1,1.0,1,0.14672212640672944,58
3602,1,5686,2941,2745,0,0,0,1.0,1,1.0,1,1.0,1,0.17641880710271704,60
3603,1,5687,2941,2746,0,0,0,1.0,1,1.0,1,1.0,1,0.16815671186386427,60
3604,0,5687,2941,2746,0,0,0,1.0,1,1.0,1,1.0,1,0.16815671186386427,60
3605,2,5689,2942,2747,0,0,0,1.0,1,1.0,1,1.0,1,0.16054465605624313,61
3606,2,5691,2943,2748,0,0,0,1.0,1,1.0,1,1.0,1,0.13800894666726507,63
3607,4,5695,2944,2751,0,0,0,1.0,1,1.0,1,1.0,1,0.12302313159974533,63
3608,0,5695,2944,2751,0,0,0,1.0,1,1.0,1,1.0,1,0.1318118215729672,64
3609,2,5697,2944,2753,0,0,0,1.0,1,1.0,1,1.0,1,0.13383719617453135,66
3610,3,5700,2946,2754,0,0,0,1.0,1,1.0,1,1.0,1,0.12451313999832388,67
3611,2,5702,2948,2754,0,0,0,1.0,1,1.0,1,1.0,1,0.15918915025967978,67
3612,1,5703,2949,2754,0,0,0,1.0,1,1.0,1,1.0,1,0.18063630923970905,66
3613,4,5707,2950,2757,0,0,0,1.0,1,1.0,1,1.0,1,0.1632686104268355,66
3614,3,5710,2951,2759,0,0,0,1.0,1,1.0,1,1.0,1,0.15296757834923116,65
3615,0,5710,2951,2759,0,0,0,1.0,1,1.0,1,1.0,1,0.16583921944299004,65
3616,0,5710,2951,2759,0,0,0,1.0,1,1.0,1,1.0,1,0.16583921944299004,65
3617,2,5712,2952,2760,0,0,0,1.0,1,1.0,1,1.0,1,0.18598665355367733,66
3618,1,5713,2952,2761,0,0,0,1.0,1,1.0,1,1.0,1,0.1697558706681219,66
3619,3,5716,2953,2763,0,0,0,1.0,1,1.0,1,1.0,1,0.14659666894149803,65
3620,1,5717,2954,2763,0,0,0,1.0,1,1.0,1,1.0,1,0.1671402565993749,66
3621,3,5720,2955,2765,0,0,0,1.0,1,1.0,1,1.0,1,0.13581544724320754,65
3622,2,5722,2956,2766,0,0,0,1.0,1,1.0,1,1.0,1,0.1197697781116415,65
3623,2,5724,2958,2766,0,0,0,1.0,1,1.0,1,1.0,1,0.15896655305494717,62
3624,5,5729,2961,2768,0,0,0,1.0,1,1.0,1,1.0,1,0.18201123361220958,62
3625,6,5735,2963,2772,0,0,0,1.0,1,1.0,1,1.0,1,0.15293629781247506,61
3626,2,5737,2965,2772,0,0,0,1.0,1,1.0,1,1.0,1,0.18752115523269033,58
3627,1,5738,2965,2773,0,0,0,1.0,1,1.0,1,1.0,1,0.1711020777086738,58
3628,4,5742,2967,2775,0,0,0,1.0,1,1.0,1,1.0,1,0.15524002251385613,57
3629,2,5744,2968,2776,0,0,0,1.0,1,1.0,1,1.0,1,0.16379472819284818,57
3630,7,5751,2971,2780,0,0,0,1.0,1,1.0,1,1.0,1,0.1767915257329674,56
3631,5,5756,2976,2780,0,0,0,1.0,1,1.0,1,1.0,1,0.215922691089522,54
3632,0,5756,2976,2780,0,0,0,1.0,1,1.0,1,1.0,1,0.22057651546454213,52
3633,4,5760,2979,2781,0,0,0,1.0,1,1.0,1,1.0,1,0.27183108814571916,52
3634,2,5762,2980,2782,0,0,0,1.0,1,1.0,1,1.0,1,0.23611514362506403,49
3635,1,5763,2980,2783,0,0,0,1.0,1,1.0,1,1.0,1,0.24344635398505254,47
3636,6,5769,2980,2789,0,0,0,1.0,1,1.0,1,1.0,1,0.14980717495032758,48
3637,3,5772,2980,2792,0,0,0,1.0,1,1.0,1,1.0,1,0.1606054093791191,49
3638,0,5772,2980,2792,0,0,0,1.0,1,1.0,1,1.0,1,0.16747462659864853,50
3639,1,5773,2981,2792,0,0,0,1.0,1,1.0,1,1.0,1,0.1795938072580684,52
3640,0,5773,2981,2792,0,0,0,1.0,1,1.0,1,1.0,1,0.1795938072580684,52
3641,0,5773,2981,2792,0,0,0,1.0,1,1.0,1,1.0,1,0.1795938072580684,52
3642,0,5773,2981,2792,0,0,0,1.0,1,1.0,1,1.0,1,0.1795938072580684,52
3643,0,5773,2981,2792,0,0,0,1.0,1,1.0,1,1.0,1,0.1795938072580684,52
3644,0,5773,2981,2792,0,0,0,1.0,1,1.0,1,1.0,1,0.1795938072580684,52
3645,1,5774,2982,2792,0,0,0,1.0,1,1.0,1,1.0,1,0.16904947119433847,53
3646,1,5775,2983,2792,0,0,0,1.0,1,1.0,1,1.0,1,0.1741961710526693,53
3647,2,5777,2983,2794,0,0,0,1.0,1,1.0,1,1.0,1,0.15988638539059905,55
3648,2,5779,2983,2796,0,0,0,1.0,1,1.0,1,1.0,1,0.1371693818138321,57
3649,1,5780,2984,2796,0,0,0,1.0,1,1.0,1,1.0,1,0.15048647099291396,57
3650,3,5783,2984,2799,0,0,0,1.0,1,1.0,1,1.0,1,0.11802042575477636,59
3651,1,5784,2985,2799,0,0,0,1.0,1,1.0,1,1.0,1,0.1176071962595357,59
3652,1,5785,2985,2800,0,0,0,1.0,1,1.0,1,1.0,1,0.09775754615916545,59
3653,0,5785,2985,2800,0,0,0,1.0,1,1.0,1,1.0,1,0.09775754615916545,59
3654,1,5786,2985,2801,0,0,0,1.0,1,1.0,1,1.0,1,0.07843838437885291,59
3655,1,5787,2985,2802,0,0,0,1.0,1,1.0,1,1.0,1,0.06785283044974995,62
3656,0,5787,2985,2802,0,0,0,1.0,1,1.0,1,1.0,1,0.06785283044974995,62
3657,1,5788,2986,2802,0,0,0,1.0,1,1.0,1,1.0,1,0.09816217846148198,63
3658,1,5789,2987,2802,0,0,0,1.0,1,1.0,1,1.0,1,0.1422647848627386,63
3659,1,5790,2988,2802,0,0,0,1.0,1,1.0,1,1.0,1,0.17821214862888038,62
3660,5,5795,2992,2803,0,0,0,1.0,1,1.0,1,1.0,1,0.23440381712935915,62
3661,2,5797,2992,2805,0,0,0,1.0,1,1.0,1,1.0,1,0.1767080055687731,61
3662,5,5802,2995,2807,0,0,0,1.0,1,1.0,1,1.0,1,0.17114644676702934,60
3663,4,5806,2997,2809,0,0,0,1.0,1,1.0,1,1.0,1,0.18218788114305454,61
3664,2,5808,2997,2811,0,0,0,1.0,1,1.0,1,1.0,1,0.14974972046982654,58
3665,1,5809,2998,2811,0,0,0,1.0,1,1.0,1,1.0,1,0.14754558458831746,58
3666,1,5810,2999,2811,0,0,0,1.0,1,1.0,1,1.0,1,0.12854507003319288,58
3667,2,5812,3001,2811,0,0,0,1.0,1,1.0,1,1.0,1,0.15124977146301352,58
3668,1,5813,3001,2812,0,0,0,1.0,1,1.0,1,1.0,1,0.16787541303153336,58
3669,1,5814,3002,2812,0,0,0,1.0,1,1.0,1,1.0,1,0.20962294606453208,57
3670,5,5819,3003,2816,0,0,0,1.0,1,1.0,1,1.0,1,0.16704277654047817,56
3671,1,5820,3004,2816,0,0,0,1.0,1,1.0,1,1.0,1,0.2056683120013744,57
3672,1,5821,3005,2816,0,0,0,1.0,1,1.0,1,1.0,1,0.23514145570125328,57
3673,1,5822,3005,2817,0,0,0,1.0,1,1.0,1,1.0,1,0.21611863856396624,58
3674,0,5822,3005,2817,0,0,0,1.0,1,1.0,1,1.0,1,0.22536033243249828,57
3675,0,5822,3005,2817,0,0,0,1.0,1,1.0,1,1.0,1,0.23479233268213748,58
3676,2,5824,3006,2818,0,0,0,1.0,1,1.0,1,1.0,1,0.22091138583124378,59
3677,1,5825,3006,2819,0,0,0,1.0,1,1.0,1,1.0,1,0.20774880395658676,60
3678,1,5826,3006,2820,0,0,0,1.0,1,1.0,1,1.0,1,0.2145995759656084,62
3679,1,5827,3006,2821,0,0,0,1.0,1,1.0,1,1.0,1,0.18441511478419934,62
3680,0,5827,3006,2821,0,0,0,1.0,1,1.0,1,1.0,1,0.17145959924470172,63
3681,0,5827,3006,2821,0,0,0,1.0,1,1.0,1,1.0,1,0.18162066803496074,64
3682,0,5827,3006,2821,0,0,0,1.0,1,1.0,1,1.0,1,0.18162066803496074,64
3683,0,5827,3006,2821,0,0,0,1.0,1,1.0,1,1.0,1,0.18162066803496074,64
3684,1,5828,3007,2821,0,0,0,1.0,1,1.0,1,1.0,1,0.1986580020644452,64
3685,0,5828,3007,2821,0,0,0,1.0,1,1.0,1,1.0,1,0.1986580020644452,64
3686,0,5828,3007,2821,0,0,0,1.0,1,1.0,1,1.0,1,0.19447544873184805,65
3687,0,5828,3007,2821,0,0,0,1.0,1,1.0,1,1.0,1,0.19447544873184805,65
3688,3,5831,3007,2824,0,0,0,1.0,1,1.0,1,1.0,1,0.18088580144304658,66
3689,0,5831,3007,2824,0,0,0,1.0,1,1.0,1,1.0,1,0.18088580144304658,66
3690,0,5831,3007,2824,0,0,0,1.0,1,1.0,1,1.0,1,0.1906673884858346,67
3691,0,5831,3007,2824,0,0,0,1.0,1,1.0,1,1.0,1,0.1882108901566567,68
3692,1,5832,3007,2825,0,0,0,1.0,1,1.0,1,1.0,1,0.17743857901347931,69
3693,2,5834,3008,2826,0,0,0,1.0,1,1.0,1,1.0,1,0.17041919618767215,69
3694,0,5834,3008,2826,0,0,0,1.0,1,1.0,1,1.0,1,0.1752878497312022,70
3695,0,5834,3008,2826,0,0,0,1.0,1,1.0,1,1.0,1,0.1752878497312022,70
3696,2,5836,3010,2826,0,0,0,1.0,1,1.0,1,1.0,1,0.16910797498487004,71
3697,5,5841,3012,2829,0,0,0,1.0,1,1.0,1,1.0,1,0.14298333042163766,70
3698,2,5843,3014,2829,0,0,0,1.0,1,1.0,1,1.0,1,0.18984464851936966,70
3699,2,5845,3015,2830,0,0,0,1.0,1,1.0,1,1.0,1,0.17147658911396413,70
3700,5,5850,3018,2832,0,0,0,1.0,1,1.0,1,1.0,1,0.17420952069881296,68
3701,0,5850,3018,2832,0,0,0,1.0,1,1.0,1,1.0,1,0.1823946325621747,69
3702,0,5850,3018,2832,0,0,0,1.0,1,1.0,1,1.0,1,0.1612631128803802,69
3703,1,5851,3019,2832,0,0,0,1.0,1,1.0,1,1.0,1,0.19053324976871067,70
3704,2,5853,3020,2833,0,0,0,1.0,1,1.0,1,1.0,1,0.18740076505721676,69
3705,1,5854,3020,2834,0,0,0,1.0,1,1.0,1,1.0,1,0.1563541215607754,69
3706,3,5857,3022,2835,0,0,0,1.0,1,1.0,1,1.0,1,0.1879744546533425,69
3707,1,5858,3022,2836,0,0,0,1.0,1,1.0,1,1.0,1,0.15834899771418745,67
3708,0,5858,3022,2836,0,0,0,1.0,1,1.0,1,1.0,1,0.1694388332799818,67
3709,1,5859,3022,2837,0,0,0,1.0,1,1.0,1,1.0,1,0.16347541390127054,67
3710,0,5859,3022,2837,0,0,0,1.0,1,1.0,1,1.0,1,0.1600023555943705,67
3711,1,5860,3023,2837,0,0,0,1.0,1,1.0,1,1.0,1,0.16309735497826403,68
3712,0,5860,3023,2837,0,0,0,1.0,1,1.0,1,1.0,1,0.16309735497826403,68
3713,4,5864,3025,2839,0,0,0,1.0,1,1.0,1,1.0,1,0.15328732930119357,68
3714,0,5864,3025,2839,0,0,0,1.0,1,1.0,1,1.0,1,0.16416138022275018,67
3715,3,5867,3026,2841,0,0,0,1.0,1,1.0,1,1.0,1,0.1441918267092362,68
3716,1,5868,3027,2841,0,0,0,1.0,1,1.0,1,1.0,1,0.14487092350203337,67
3717,1,5869,3028,2841,0,0,0,1.0,1,1.0,1,1.0,1,0.18444556414602709,68
3718,1,5870,3028,2842,0,0,0,1.0,1,1.0,1,1.0,1,0.19012180161412195,68
3719,3,5873,3029,2844,0,0,0,1.0,1,1.0,1,1.0,1,0.23808462411389444,68
3720,1,5874,3029,2845,0,0,0,1.0,1,1.0,1,1.0,1,0.2314625999273805,68
3721,4,5878,3033,2845,0,0,0,1.0,1,1.0,1,1.0,1,0.20221171174488206,70
3722,0,5878,3033,2845,0,0,0,1.0,1,1.0,1,1.0,1,0.2125495069118818,71
3723,2,5880,3035,2845,0,0,0,1.0,1,1.0,1,1.0,1,0.2247162998733712,71
3724,5,5885,3036,2849,0,0,0,1.0,1,1.0,1,1.0,1,0.19249723389427217,72
3725,3,5888,3037,2851,0,0,0,1.0,1,1.0,1,1.0,1,0.17745055297689466,72
3726,0,5888,3037,2851,0,0,0,1.0,1,1.0,1,1.0,1,0.16828029109423878,71
3727,1,5889,3037,2852,0,0,0,1.0,1,1.0,1,1.0,1,0.16102975332038483,71
3728,0,5889,3037,2852,0,0,0,1.0,1,1.0,1,1.0,1,0.1659020197116341,70
3729,1,5890,3038,2852,0,0,0,1.0,1,1.0,1,1.0,1,0.17820861939993574,70
3730,2,5892,3039,2853,0,0,0,1.0,1,1.0,1,1.0,1,0.20413457557442075,71
3731,2,5894,3039,2855,0,0,0,1.0,1,1.0,1,1.0,1,0.18568896320197528,71
3732,2,5896,3039,2857,0,0,0,1.0,1,1.0,1,1.0,1,0.17136768336116795,72
3733,1,5897,3040,2857,0,0,0,1.0,1,1.0,1,1.0,1,0.1929414882147551,73
3734,5,5902,3042,2860,0,0,0,1.0,1,1.0,1,1.0,1,0.20760102851630638,74
3735,2,5904,3043,2861,0,0,0,1.0,1,1.0,1,1.0,1,0.19094754613139783,72
3736,1,5905,3043,2862,0,0,0,1.0,1,1.0,1,1.0,1,0.16955674218716738,72
3737,2,5907,3043,2864,0,0,0,1.0,1,1.0,1,1.0,1,0.15710898729338685,73
3738,1,5908,3043,2865,0,0,0,1.0,1,1.0,1,1.0,1,0.16298452343168754,72
3739,0,5908,3043,2865,0,0,0,1.0,1,1.0,1,1.0,1,0.16603353044491131,73
3740,0,5908,3043,2865,0,0,0,1.0,1,1.0,1,1.0,1,0.18702063076133213,70
3741,0,5908,3043,2865,0,0,0,1.0,1,1.0,1,1.0,1,0.18702063076133213,70
3742,3,5911,3045,2866,0,0,0,1.0,1,1.0,1,1.0,1,0.18705858528974617,70
3743,2,5913,3046,2867,0,0,0,1.0,1,1.0,1,1.0,1,0.15318136092013235,69
3744,6,5919,3050,2869,0,0,0,1.0,1,1.0,1,1.0,1,0.227592103099503,69
3745,5,5924,3050,2874,0,0,0,1.0,1,1.0,1,1.0,1,0.13509380466706586,68
3746,1,5925,3050,2875,0,0,0,1.0,1,1.0,1,1.0,1,0.1504104561917054,66
3747,1,5926,3050,2876,0,0,0,1.0,1,1.0,1,1.0,1,0.14651487649219197,66
3748,0,5926,3050,2876,0,0,0,1.0,1,1.0,1,1.0,1,0.129133423079162,65
3749,1,5927,3051,2876,0,0,0,1.0,1,1.0,1,1.0,1,0.13003223864692057,64
3750,2,5929,3053,2876,0,0,0,1.0,1,1.0,1,1.0,1,0.1564954930288445,63
3751,2,5931,3053,2878,0,0,0,1.0,1,1.0,1,1.0,1,0.12429623049339365,64
3752,3,5934,3056,2878,0,0,0,1.0,1,1.0,1,1.0,1,0.1574434633440853,64
3753,4,5938,3057,2881,0,0,0,1.0,1,1.0,1,1.0,1,0.1636817125556835,65
3754,3,5941,3059,2882,0,0,0,1.0,1,1.0,1,1.0,1,0.16411096912473405,65
3755,4,5945,3060,2885,0,0,0,1.0,1,1.0,1,1.0,1,0.15711353748680756,65
3756,1,5946,3061,2885,0,0,0,1.0,1,1.0,1,1.0,1,0.16569516904783302,65
3757,1,5947,3062,2885,0,0,0,1.0,1,1.0,1,1.0,1,0.1730250305613519,65
3758,0,5947,3062,2885,0,0,0,1.0,1,1.0,1,1.0,1,0.18373258488706423,64
3759,1,5948,3063,2885,0,0,0,1.0,1,1.0,1,1.0,1,0.1963013807106884,64
3760,3,5951,3063,2888,0,0,0,1.0,1,1.0,1,1.0,1,0.198158663800101,63
3761,0,5951,3063,2888,0,0,0,1.0,1,1.0,1,1.0,1,0.198158663800101,63
3762,2,5953,3063,2890,0,0,0,1.0,1,1.0,1,1.0,1,0.18410977515870314,65
3763,4,5957,3065,2892,0,0,0,1.0,1,1.0,1,1.0,1,0.16683859373545482,65
3764,1,5958,3065,2893,0,0,0,1.0,1,1.0,1,1.0,1,0.15268183712097602,66
3765,1,5959,3065,2894,0,0,0,1.0,1,1.0,1,1.0,1,0.1614340874026892,67
3766,3,5962,3067,2895,0,0,0,1.0,1,1.0,1,1.0,1,0.17171859488136965,67
3767,4,5966,3068,2898,0,0,0,1.0,1,1.0,1,1.0,1,0.14680209284454815,68
3768,2,5968,3070,2898,0,0,0,1.0,1,1.0,1,1.0,1,0.19759546818777737,67
3769,2,5970,3070,2900,0,0,0,1.0,1,1.0,1,1.0,1,0.16545261939050002,69
3770,0,5970,3070,2900,0,0,0,1.0,1,1.0,1,1.0,1,0.16545261939050002,69
3771,0,5970,3070,2900,0,0,0,1.0,1,1.0,1,1.0,1,0.18483196572073232,69
3772,1,5971,3070,2901,0,0,0,1.0,1,1.0,1,1.0,1,0.17466777177435808,70
3773,1,5972,3070,2902,0,0,0,1.0,1,1.0,1,1.0,1,0.166557216336003,68
3774,2,5974,3071,2903,0,0,0,1.0,1,1.0,1,1.0,1,0.1662482082091682,68
3775,3,5977,3072,2905,0,0,0,1.0,1,1.0,1,1.0,1,0.17404070517473916,68
3776,0,5977,3072,2905,0,0,0,1.0,1,1.0,1,1.0,1,0.1725452279967724,66
3777,2,5979,3074,2905,0,0,0,1.0,1,1.0,1,1.0,1,0.15663626803972952,65
3778,1,5980,3075,2905,0,0,0,1.0,1,1.0,1,1.0,1,0.15132311120855288,65
3779,3,5983,3076,2907,0,0,0,1.0,1,1.0,1,1.0,1,0.14693795365330228,65
3780,1,5984,3077,2907,0,0,0,1.0,1,1.0,1,1.0,1,0.14605043887538888,64
3781,1,5985,3077,2908,0,0,0,1.0,1,1.0,1,1.0,1,0.1373725645592289,64
3782,2,5987,3079,2908,0,0,0,1.0,1,1.0,1,1.0,1,0.16088681248035727,67
3783,1,5988,3080,2908,0,0,0,1.0,1,1.0,1,1.0,1,0.16949238827711988,65
3784,5,5993,3081,2912,0,0,0,1.0,1,1.0,1,1.0,1,0.10813190943525697,65
3785,2,5995,3083,2912,0,0,0,1.0,1,1.0,1,1.0,1,0.15348358114123167,63
3786,0,5995,3083,2912,0,0,0,1.0,1,1.0,1,1.0,1,0.16519707356433638,66
3787,2,5997,3084,2913,0,0,0,1.0,1,1.0,1,1.0,1,0.18999944230857668,65
3788,2,5999,3084,2915,0,0,0,1.0,1,1.0,1,1.0,1,0.15737531416761377,65
3789,2,6001,3086,2915,0,0,0,1.0,1,1.0,1,1.0,1,0.18225972901068468,65
3790,4,6005,3086,2919,0,0,0,1.0,1,1.0,1,1.0,1,0.1429227797047842,64
3791,1,6006,3087,2919,0,0,0,1.0,1,1.0,1,1.0,1,0.16927189540649426,64
3792,5,6011,3089,2922,0,0,0,1.0,1,1.0,1,1.0,1,0.16999010711133622,65
3793,1,6012,3089,2923,0,0,0,1.0,1,1.0,1,1.0,1,0.1907829502904139,68
3794,1,6013,3090,2923,0,0,0,1.0,1,1.0,1,1.0,1,0.2113043019356911,68
3795,3,6016,3091,2925,0,0,0,1.0,1,1.0,1,1.0,1,0.21621651553653193,69
3796,1,6017,3091,2926,0,0,0,1.0,1,1.0,1,1.0,1,0.20742734989875783,69
3797,1,6018,3091,2927,0,0,0,1.0,1,1.0,1,1.0,1,0.22153053646046708,70
3798,1,6019,3091,2928,0,0,0,1.0,1,1.0,1,1.0,1,0.2048328072896488,70
3799,0,6019,3091,2928,0,0,0,1.0,1,1.0,1,1.0,1,0.21727638084803838,69
3800,2,6021,3091,2930,0,0,0,1.0,1,1.0,1,1.0,1,0.20023987499049442,69
3801,2,6023,3091,2932,0,0,0,1.0,1,1.0,1,1.0,1,0.20344492535300857,67
3802,0,6023,3091,2932,0,0,0,1.0,1,1.0,1,1.0,1,0.20344492535300857,67
3803,4,6027,3093,2934,0,0,0,1.0,1,1.0,1,1.0,1,0.1920863476264214,69
3804,4,6031,3094,2937,0,0,0,1.0,1,1.0,1,1.0,1,0.16398719175819898,70
3805,2,6033,3096,2937,0,0,0,1.0,1,1.0,1,1.0,1,0.18376135619192635,71
3806,1,6034,3097,2937,0,0,0,1.0,1,1.0,1,1.0,1,0.1877170933190476,71
3807,2,6036,3098,2938,0,0,0,1.0,1,1.0,1,1.0,1,0.2020531063310406,72
3808,6,6042,3098,2944,0,0,0,1.0,1,1.0,1,1.0,1,0.15124442377514621,72
3809,1,6043,3099,2944,0,0,0,1.0,1,1.0,1,1.0,1,0.16179808861639838,72
3810,1,6044,3100,2944,0,0,0,1.0,1,1.0,1,1.0,1,0.18632203624025873,72
3811,2,6046,3100,2946,0,0,0,1.0,1,1.0,1,1.0,1,0.15685108142924842,71
3812,0,6046,3100,2946,0,0,0,1.0,1,1.0,1,1.0,1,0.16011637776542723,72
3813,3,6049,3101,2948,0,0,0,1.0,1,1.0,1,1.0,1,0.1844953057893174,71
3814,3,6052,3103,2949,0,0,0,1.0,1,1.0,1,1.0,1,0.18766828642442404,72
3815,1,6053,3104,2949,0,0,0,1.0,1,1.0,1,1.0,1,0.19998595508474773,71
3816,1,6054,3104,2950,0,0,0,1.0,1,1.0,1,1.0,1,0.2022438542951785,69
3817,0,6054,3104,2950,0,0,0,1.0,1,1.0,1,1.0,1,0.2071671530928107,72
3818,1,6055,3104,2951,0,0,0,1.0,1,1.0,1,1.0,1,0.1825420928999847,72
3819,0,6055,3104,2951,0,0,0,1.0,1,1.0,1,1.0,1,0.1825420928999847,72
3820,1,6056,3105,2951,0,0,0,1.0,1,1.0,1,1.0,1,0.19786148847068158,72
3821,2,6058,3107,2951,0,0,0,1.0,1,1.0,1,1.0,1,0.23453575177868954,72
3822,2,6060,3107,2953,0,0,0,1.0,1,1.0,1,1.0,1,0.22048838458885614,69
3823,5,6065,3110,2955,0,0,0,1.0,1,1.0,1,1.0,1,0.22295705765308063,69
3824,1,6066,3111,2955,0,0,0,1.0,1,1.0,1,1.0,1,0.23958241712080416,65
3825,1,6067,3112,2955,0,0,0,1.0,1,1.0,1,1.0,1,0.2404138052777152,64
3826,3,6070,3113,2957,0,0,0,1.0,1,1.0,1,1.0,1,0.23620727952239645,65
3827,4,6074,3114,2960,0,0,0,1.0,1,1.0,1,1.0,1,0.20881725360258252,64
3828,1,6075,3115,2960,0,0,0,1.0,1,1.0,1,1.0,1,0.2064185146588612,65
3829,4,6079,3117,2962,0,0,0,1.0,1,1.0,1,1.0,1,0.2111036051224069,65
3830,0,6079,3117,2962,0,0,0,1.0,1,1.0,1,1.0,1,0.2085502105333916,64
3831,1,6080,3118,2962,0,0,0,1.0,1,1.0,1,1.0,1,0.21184180406430136,63
3832,1,6081,3119,2962,0,0,0,1.0,1,1.0,1,1.0,1,0.24437511358551292,64
3833,1,6082,3120,2962,0,0,0,1.0,1,1.0,1,1.0,1,0.24704208545038572,64
3834,4,6086,3122,2964,0,0,0,1.0,1,1.0,1,1.0,1,0.25517803123069355,63
3835,3,6089,3122,2967,0,0,0,1.0,1,1.0,1,1.0,1,0.2113516997482556,63
3836,3,6092,3124,2968,0,0,0,1.0,1,1.0,1,1.0,1,0.22149037762984566,63
3837,3,6095,3126,2969,0,0,0,1.0,1,1.0,1,1.0,1,0.21380827958687346,62
3838,0,6095,3126,2969,0,0,0,1.0,1,1.0,1,1.0,1,0.21380827958687346,62
3839,1,6096,3127,2969,0,0,0,1.0,1,1.0,1,1.0,1,0.24852633550003594,60
3840,0,6096,3127,2969,0,0,0,1.0,1,1.0,1,1.0,1,0.2509251834375545,62
3841,1,6097,3128,2969,0,0,0,1.0,1,1.0,1,1.0,1,0.286353423428531,62
3842,1,6098,3128,2970,0,0,0,1.0,1,1.0,1,1.0,1,0.26612836269924284,63
3843,2,6100,3128,2972,0,0,0,1.0,1,1.0,1,1.0,1,0.24720104415931504,64
3844,0,6100,3128,2972,0,0,0,1.0,1,1.0,1,1.0,1,0.24391895761630733,65
3845,3,6103,3128,2975,0,0,0,1.0,1,1.0,1,1.0,1,0.2258417608845743,66
3846,3,6106,3129,2977,0,0,0,1.0,1,1.0,1,1.0,1,0.21783644294839474,67
3847,3,6109,3129,2980,0,0,0,1.0,1,1.0,1,1.0,1,0.19263977920881353,67
3848,2,6111,3130,2981,0,0,0,1.0,1,1.0,1,1.0,1,0.18037438600063263,67
3849,2,6113,3131,2982,0,0,0,1.0,1,1.0,1,1.0,1,0.16788761487771497,67
3850,5,6118,3133,2985,0,0,0,1.0,1,1.0,1,1.0,1,0.1453933802271168,68
3851,1,6119,3134,2985,0,0,0,1.0,1,1.0,1,1.0,1,0.1618143624952387,68
3852,3,6122,3135,2987,0,0,0,1.0,1,1.0,1,1.0,1,0.19114167027080306,70
3853,2,6124,3136,2988,0,0,0,1.0,1,1.0,1,1.0,1,0.19499256137094734,70
3854,1,6125,3136,2989,0,0,0,1.0,1,1.0,1,1.0,1,0.18887949233651158,70
3855,0,6125,3136,2989,0,0,0,1.0,1,1.0,1,1.0,1,0.19772506910051102,69
3856,0,6125,3136,2989,0,0,0,1.0,1,1.0,1,1.0,1,0.19207996929088306,70
3857,3,6128,3138,2990,0,0,0,1.0,1,1.0,1,1.0,1,0.23277690365476572,68
3858,2,6130,3139,2991,0,0,0,1.0,1,1.0,1,1.0,1,0.22891487986755957,67
3859,1,6131,3139,2992,0,0,0,1.0,1,1.0,1,1.0,1,0.23281748749083328,66
3860,3,6134,3140,2994,0,0,0,1.0,1,1.0,1,1.0,1,0.24956665097073805,66
3861,1,6135,3141,2994,0,0,0,1.0,1,1.0,1,1.0,1,0.2509783656400479,66
3862,4,6139,3143,2996,0,0,0,1.0,1,1.0,1,1.0,1,0.25630153417978485,66
3863,0,6139,3143,2996,0,0,0,1.0,1,1.0,1,1.0,1,0.2572449202655525,63
3864,1,6140,3144,2996,0,0,0,1.0,1,1.0,1,1.0,1,0.2644907647024332,63
3865,2,6142,3144,2998,0,0,0,1.0,1,1.0,1,1.0,1,0.23808856749635665,61
3866,1,6143,3145,2998,0,0,0,1.0,1,1.0,1,1.0,1,0.24992082952851383,61
3867,2,6145,3147,2998,0,0,0,1.0,1,1.0,1,1.0,1,0.2507093230830456,60
3868,0,6145,3147,2998,0,0,0,1.0,1,1.0,1,1.0,1,0.24592677486021625,59
3869,3,6148,3149,2999,0,0,0,1.0,1,1.0,1,1.0,1,0.2409919706295304,61
3870,0,6148,3149,2999,0,0,0,1.0,1,1.0,1,1.0,1,0.2427142174449269,61
3871,2,6150,3149,3001,0,0,0,1.0,1,1.0,1,1.0,1,0.2428961408198737,64
3872,3,6153,3150,3003,0,0,0,1.0,1,1.0,1,1.0,1,0.2342774180941832,63
3873,0,6153,3150,3003,0,0,0,1.0,1,1.0,1,1.0,1,0.23261426692628198,62
3874,2,6155,3150,3005,0,0,0,1.0,1,1.0,1,1.0,1,0.22216000612666748,63
3875,3,6158,3152,3006,0,0,0,1.0,1,1.0,1,1.0,1,0.2178479634600156,61
3876,0,6158,3152,3006,0,0,0,1.0,1,1.0,1,1.0,1,0.21792968770299462,62
3877,3,6161,3154,3007,0,0,0,1.0,1,1.0,1,1.0,1,0.21630515407788325,63
3878,0,6161,3154,3007,0,0,0,1.0,1,1.0,1,1.0,1,0.21630515407788325,63
3879,1,6162,3155,3007,0,0,0,1.0,1,1.0,1,1.0,1,0.224486034570615,63
3880,2,6164,3155,3009,0,0,0,1.0,1,1.0,1,1.0,1,0.20580061552763249,65
3881,1,6165,3155,3010,0,0,0,1.0,1,1.0,1,1.0,1,0.19426543787986783,65
3882,1,6166,3156,3010,0,0,0,1.0,1,1.0,1,1.0,1,0.20819008734486075,66
3883,3,6169,3156,3013,0,0,0,1.0,1,1.0,1,1.0,1,0.19298199010856282,66
3884,1,6170,3157,3013,0,0,0,1.0,1,1.0,1,1.0,1,0.21816894344925772,66
3885,5,6175,3159,3016,0,0,0,1.0,1,1.0,1,1.0,1,0.22126724843039614,66
3886,5,6180,3160,3020,0,0,0,1.0,1,1.0,1,1.0,1,0.1832841755246866,65
3887,3,6183,3160,3023,0,0,0,1.0,1,1.0,1,1.0,1,0.18340059476586384,65
3888,1,6184,3160,3024,0,0,0,1.0,1,1.0,1,1.0,1,0.20211215985878386,66
3889,1,6185,3161,3024,0,0,0,1.0,1,1.0,1,1.0,1,0.20986200554422554,64
3890,1,6186,3162,3024,0,0,0,1.0,1,1.0,1,1.0,1,0.22373156409590558,63
3891,2,6188,3163,3025,0,0,0,1.0,1,1.0,1,1.0,1,0.21098970501466516,66
3892,6,6194,3163,3031,0,0,0,1.0,1,1.0,1,1.0,1,0.141989837618266,67
3893,1,6195,3163,3032,0,0,0,1.0,1,1.0,1,1.0,1,0.14686944990313436,66
3894,1,6196,3163,3033,0,0,0,1.0,1,1.0,1,1.0,1,0.14901848657167469,67
3895,0,6196,3163,3033,0,0,0,1.0,1,1.0,1,1.0,1,0.15450074226165147,66
3896,1,6197,3164,3033,0,0,0,1.0,1,1.0,1,1.0,1,0.16179864623283266,66
3897,0,6197,3164,3033,0,0,0,1.0,1,1.0,1,1.0,1,0.16920570091713474,65
3898,4,6201,3168,3033,0,0,0,1.0,1,1.0,1,1.0,1,0.22387187682172194,65
3899,4,6205,3169,3036,0,0,0,1.0,1,1.0,1,1.0,1,0.15902479611032816,64
3900,2,6207,3170,3037,0,0,0,1.0,1,1.0,1,1.0,1,0.17745104038844683,63
3901,1,6208,3171,3037,0,0,0,1.0,1,1.0,1,1.0,1,0.17813797295449657,63
3902,1,6209,3171,3038,0,0,0,1.0,1,1.0,1,1.0,1,0.1793828418824061,64
3903,1,6210,3172,3038,0,0,0,1.0,1,1.0,1,1.0,1,0.17629293340238525,64
3904,1,6211,3173,3038,0,0,0,1.0,1,1.0,1,1.0,1,0.17577696982494959,63
3905,1,6212,3173,3039,0,0,0,1.0,1,1.0,1,1.0,1,0.19351286615434327,63
3906,3,6215,3176,3039,0,0,0,1.0,1,1.0,1,1.0,1,0.19593014864290956,64
3907,5,6220,3178,3042,0,0,0,1.0,1,1.0,1,1.0,1,0.20032990469010256,64
3908,1,6221,3178,3043,0,0,0,1.0,1,1.0,1,1.0,1,0.19464113361222027,63
3909,1,6222,3179,3043,0,0,0,1.0,1,1.0,1,1.0,1,0.20667948662977378,62
3910,2,6224,3179,3045,0,0,0,1.0,1,1.0,1,1.0,1,0.18019922593182597,62
3911,3,6227,3179,3048,0,0,0,1.0,1,1.0,1,1.0,1,0.16362239636693351,64
3912,3,6230,3179,3051,0,0,0,1.0,1,1.0,1,1.0,1,0.1400109081388318,64
3913,1,6231,3179,3052,0,0,0,1.0,1,1.0,1,1.0,1,0.14415332905057693,65
3914,0,6231,3179,3052,0,0,0,1.0,1,1.0,1,1.0,1,0.16338567394993678,65
3915,0,6231,3179,3052,0,0,0,1.0,1,1.0,1,1.0,1,0.16197722223537986,66
3916,1,6232,3180,3052,0,0,0,1.0,1,1.0,1,1.0,1,0.17700424745828805,66
3917,1,6233,3180,3053,0,0,0,1.0,1,1.0,1,1.0,1,0.16545307618888985,66
3918,0,6233,3180,3053,0,0,0,1.0,1,1.0,1,1.0,1,0.1763441255400622,67
3919,4,6237,3181,3056,0,0,0,1.0,1,1.0,1,1.0,1,0.1537926541387752,68
3920,2,6239,3182,3057,0,0,0,1.0,1,1.0,1,1.0,1,0.14404945063193308,69
3921,0,6239,3182,3057,0,0,0,1.0,1,1.0,1,1.0,1,0.1554744439389295,68
3922,4,6243,3185,3058,0,0,0,1.0,1,1.0,1,1.0,1,0.17851959338894133,68
3923,1,6244,3185,3059,0,0,0,1.0,1,1.0,1,1.0,1,0.18175547278586637,69
3924,1,6245,3186,3059,0,0,0,1.0,1,1.0,1,1.0,1,0.2016417343562133,69
3925,2,6247,3188,3059,0,0,0,1.0,1,1.0,1,1.0,1,0.2520377544403496,67
3926,1,6248,3189,3059,0,0,0,1.0,1,1.0,1,1.0,1,0.2816643652845349,67
3927,1,6249,3189,3060,0,0,0,1.0,1,1.0,1,1.0,1,0.2892696444389459,65
3928,3,6252,3189,3063,0,0,0,1.0,1,1.0,1,1.0,1,0.2505962810151084,65
3929,1,6253,3190,3063,0,0,0,1.0,1,1.0,1,1.0,1,0.24815070295718128,64
3930,1,6254,3190,3064,0,0,0,1.0,1,1.0,1,1.0,1,0.24388869913842243,64
3931,1,6255,3191,3064,0,0,0,1.0,1,1.0,1,1.0,1,0.2414951218137695,62
3932,1,6256,3191,3065,0,0,0,1.0,1,1.0,1,1.0,1,0.23628237856267612,62
3933,1,6257,3192,3065,0,0,0,1.0,1,1.0,1,1.0,1,0.2374531371206748,62
3934,2,6259,3193,3066,0,0,0,1.0,1,1.0,1,1.0,1,0.23149813905223474,61
3935,3,6262,3193,3069,0,0,0,1.0,1,1.0,1,1.0,1,0.2032894443465145,64
3936,1,6263,3193,3070,0,0,0,1.0,1,1.0,1,1.0,1,0.20617568545147014,65
3937,0,6263,3193,3070,0,0,0,1.0,1,1.0,1,1.0,1,0.20594797647366758,66
3938,3,6266,3194,3072,0,0,0,1.0,1,1.0,1,1.0,1,0.20805293957496382,66
3939,2,6268,3194,3074,0,0,0,1.0,1,1.0,1,1.0,1,0.19275268277859658,67
3940,1,6269,3195,3074,0,0,0,1.0,1,1.0,1,1.0,1,0.19597028636972702,69
3941,1,6270,3195,3075,0,0,0,1.0,1,1.0,1,1.0,1,0.1719554593442232,69
3942,0,6270,3195,3075,0,0,0,1.0,1,1.0,1,1.0,1,0.1719554593442232,69
3943,1,6271,3196,3075,0,0,0,1.0,1,1.0,1,1.0,1,0.18776411916922606,68
3944,1,6272,3196,3076,0,0,0,1.0,1,1.0,1,1.0,1,0.1781892911199119,68
3945,3,6275,3199,3076,0,0,0,1.0,1,1.0,1,1.0,1,0.1801706045980862,67
3946,3,6278,3200,3078,0,0,0,1.0,1,1.0,1,1.0,1,0.15020901973684606,67
3947,0,6278,3200,3078,0,0,0,1.0,1,1.0,1,1.0,1,0.15100668984096552,66
3948,2,6280,3202,3078,0,0,0,1.0,1,1.0,1,1.0,1,0.16304443763182905,67
3949,6,6286,3206,3080,0,0,0,1.0,1,1.0,1,1.0,1,0.22251888050614402,66
3950,3,6289,3206,3083,0,0,0,1.0,1,1.0,1,1.0,1,0.20755039820854432,65
3951,0,6289,3206,3083,0,0,0,1.0,1,1.0,1,1.0,1,0.20310565623374316,65
3952,2,6291,3208,3083,0,0,0,1.0,1,1.0,1,1.0,1,0.20726615952663344,65
3953,2,6293,3208,3085,0,0,0,1.0,1,1.0,1,1.0,1,0.20492289311951506,65
3954,2,6295,3209,3086,0,0,0,1.0,1,1.0,1,1.0,1,0.18770658649995572,64
3955,4,6299,3210,3089,0,0,0,1.0,1,1.0,1,1.0,1,0.19532425576893306,64
3956,0,6299,3210,3089,0,0,0,1.0,1,1.0,1,1.0,1,0.20085685343716023,63
3957,1,6300,3211,3089,0,0,0,1.0,1,1.0,1,1.0,1,0.2044602609397373,63
3958,1,6301,3212,3089,0,0,0,1.0,1,1.0,1,1.0,1,0.2154992324732319,63
3959,2,6303,3213,3090,0,0,0,1.0,1,1.0,1,1.0,1,0.2063105121056893,62
3960,0,6303,3213,3090,0,0,0,1.0,1,1.0,1,1.0,1,0.2063105121056893,62
3961,4,6307,3215,3092,0,0,0,1.0,1,1.0,1,1.0,1,0.1976506327211203,64
3962,1,6308,3216,3092,0,0,0,1.0,1,1.0,1,1.0,1,0.20733327652817807,64
3963,4,6312,3218,3094,0,0,0,1.0,1,1.0,1,1.0,1,0.23242851774218617,62
3964,1,6313,3218,3095,0,0,0,1.0,1,1.0,1,1.0,1,0.2185193558230027,63
3965,2,6315,3218,3097,0,0,0,1.0,1,1.0,1,1.0,1,0.23497134851687598,63
3966,0,6315,3218,3097,0,0,0,1.0,1,1.0,1,1.0,1,0.2467379315472486,62
3967,3,6318,3218,3100,0,0,0,1.0,1,1.0,1,1.0,1,0.23259072010361168,64
3968,1,6319,3218,3101,0,0,0,1.0,1,1.0,1,1.0,1,0.214099198240685,63
3969,2,6321,3218,3103,0,0,0,1.0,1,1.0,1,1.0,1,0.20413161318125655,63
3970,1,6322,3218,3104,0,0,0,1.0,1,1.0,1,1.0,1,0.19749111359363766,65
3971,0,6322,3218,3104,0,0,0,1.0,1,1.0,1,1.0,1,0.19749111359363766,65
3972,2,6324,3219,3105,0,0,0,1.0,1,1.0,1,1.0,1,0.21340114172719518,66
3973,0,6324,3219,3105,0,0,0,1.0,1,1.0,1,1.0,1,0.21340114172719518,66
3974,2,6326,3221,3105,0,0,0,1.0,1,1.0,1,1.0,1,0.2257271369267458,66
3975,3,6329,3222,3107,0,0,0,1.0,1,1.0,1,1.0,1,0.1957028656427085,66
3976,2,6331,3222,3109,0,0,0,1.0,1,1.0,1,1.0,1,0.19886794223330387,66
3977,1,6332,3223,3109,0,0,0,1.0,1,1.0,1,1.0,1,0.20778098831756503,64
3978,1,6333,3224,3109,0,0,0,1.0,1,1.0,1,1.0,1,0.2289809511864505,63
3979,4,6337,3225,3112,0,0,0,1.0,1,1.0,1,1.0,1,0.2397644511813467,63
3980,1,6338,3226,3112,0,0,0,1.0,1,1.0,1,1.0,1,0.2448891294048411,63
3981,2,6340,3226,3114,0,0,0,1.0,1,1.0,1,1.0,1,0.25109013619559845,64
3982,5,6345,3226,3119,0,0,0,1.0,1,1.0,1,1.0,1,0.20233434374117187,65
3983,2,6347,3227,3120,0,0,0,1.0,1,1.0,1,1.0,1,0.1822685898777938,64
3984,3,6350,3229,3121,0,0,0,1.0,1,1.0,1,1.0,1,0.1715190592909898,65
3985,0,6350,3229,3121,0,0,0,1.0,1,1.0,1,1.0,1,0.17344102887582402,64
3986,1,6351,3230,3121,0,0,0,1.0,1,1.0,1,1.0,1,0.1742508672520114,63
3987,1,6352,3230,3122,0,0,0,1.0,1,1.0,1,1.0,1,0.17503182188273494,63
3988,2,6354,3230,3124,0,0,0,1.0,1,1.0,1,1.0,1,0.15005246385760368,63
3989,2,6356,3232,3124,0,0,0,1.0,1,1.0,1,1.0,1,0.17009749783005698,63
3990,2,6358,3233,3125,0,0,0,1.0,1,1.0,1,1.0,1,0.19548065272679083,62
3991,2,6360,3233,3127,0,0,0,1.0,1,1.0,1,1.0,1,0.17835890026890522,62
3992,1,6361,3233,3128,0,0,0,1.0,1,1.0,1,1.0,1,0.1646673235110441,65
3993,1,6362,3234,3128,0,0,0,1.0,1,1.0,1,1.0,1,0.18560713742293705,65
3994,1,6363,3234,3129,0,0,0,1.0,1,1.0,1,1.0,1,0.16562258085534765,64
3995,1,6364,3234,3130,0,0,0,1.0,1,1.0,1,1.0,1,0.15491017560758652,64
3996,2,6366,3234,3132,0,0,0,1.0,1,1.0,1,1.0,1,0.14518535466111174,67
3997,2,6368,3234,3134,0,0,0,1.0,1,1.0,1,1.0,1,0.11673811247737619,69
3998,2,6370,3235,3135,0,0,0,1.0,1,1.0,1,1.0,1,0.11161589039510289,69
3999,0,6370,3235,3135,0,0,0,1.0,1,1.0,1,1.0,1,0.11161589039510289,69
4000,0,6370,3235,3135,0,0,0,1.0,1,1.0,1,1.0,1,0.12110276178518956,69
4001,0,6370,3235,3135,0,0,0,1.0,1,1.0,1,1.0,1,0.13472501528571543,68
4002,6,6376,3237,3139,0,0,0,1.0,1,1.0,1,1.0,1,0.15371945830897688,68
4003,2,6378,3238,3140,0,0,0,1.0,1,1.0,1,1.0,1,0.17075886176434552,68
4004,2,6380,3240,3140,0,0,0,1.0,1,1.0,1,1.0,1,0.19703948028986717,67
4005,2,6382,3241,3141,0,0,0,1.0,1,1.0,1,1.0,1,0.19442483391129223,67
4006,5,6387,3243,3144,0,0,0,1.0,1,1.0,1,1.0,1,0.21897419882194655,67
4007,2,6389,3244,3145,0,0,0,1.0,1,1.0,1,1.0,1,0.18607682825916383,67
4008,3,6392,3247,3145,0,0,0,1.0,1,1.0,1,1.0,1,0.21659379241042911,67
4009,2,6394,3247,3147,0,0,0,1.0,1,1.0,1,1.0,1,0.186612298625795,67
4010,1,6395,3248,3147,0,0,0,1.0,1,1.0,1,1.0,1,0.21070421562387054,66
4011,1,6396,3249,3147,0,0,0,1.0,1,1.0,1,1.0,1,0.22227671170007943,66
4012,3,6399,3250,3149,0,0,0,1.0,1,1.0,1,1.0,1,0.22327873436115886,66
4013,1,6400,3250,3150,0,0,0,1.0,1,1.0,1,1.0,1,0.22168204804949834,66
4014,2,6402,3251,3151,0,0,0,1.0,1,1.0,1,1.0,1,0.2146424087045807,66
4015,0,6402,3251,3151,0,0,0,1.0,1,1.0,1,1.0,1,0.22689008576116573,64
4016,1,6403,3252,3151,0,0,0,1.0,1,1.0,1,1.0,1,0.279071663589074,64
4017,2,6405,3252,3153,0,0,0,1.0,1,1.0,1,1.0,1,0.25840243923286665,66
4018,2,6407,3252,3155,0,0,0,1.0,1,1.0,1,1.0,1,0.24509940349938006,67
4019,0,6407,3252,3155,0,0,0,1.0,1,1.0,1,1.0,1,0.24509940349938006,67
4020,0,6407,3252,3155,0,0,0,1.0,1,1.0,1,1.0,1,0.2606975874460048,66
4021,3,6410,3255,3155,0,0,0,1.0,1,1.0,1,1.0,1,0.2777971949551936,66
4022,0,6410,3255,3155,0,0,0,1.0,1,1.0,1,1.0,1,0.2777971949551936,66
4023,4,6414,3258,3156,0,0,0,1.0,1,1.0,1,1.0,1,0.27292073609071626,66
4024,5,6419,3260,3159,0,0,0,1.0,1,1.0,1,1.0,1,0.26342010215616785,66
4025,1,6420,3260,3160,0,0,0,1.0,1,1.0,1,1.0,1,0.24590131762935943,66
4026,2,6422,3261,3161,0,0,0,1.0,1,1.0,1,1.0,1,0.2500760646322818,66
4027,1,6423,3262,3161,0,0,0,1.0,1,1.0,1,1.0,1,0.24094129474934328,64
4028,3,6426,3264,3162,0,0,0,1.0,1,1.0,1,1.0,1,0.2584041410809639,63
4029,3,6429,3265,3164,0,0,0,1.0,1,1.0,1,1.0,1,0.2395007588538202,62
4030,3,6432,3267,3165,0,0,0,1.0,1,1.0,1,1.0,1,0.2508994330051677,63
4031,1,6433,3268,3165,0,0,0,1.0,1,1.0,1,1.0,1,0.2577923918294816,62
4032,3,6436,3271,3165,0,0,0,1.0,1,1.0,1,1.0,1,0.29819843871524887,62
4033,5,6441,3274,3167,0,0,0,1.0,1,1.0,1,1.0,1,0.3152707669405632,61
4034,6,6447,3277,3170,0,0,0,1.0,1,1.0,1,1.0,1,0.2532355441356831,60
4035,0,6447,3277,3170,0,0,0,1.0,1,1.0,1,1.0,1,0.27061497061919804,59
4036,3,6450,3278,3172,0,0,0,1.0,1,1.0,1,1.0,1,0.24767722062489061,58
4037,1,6451,3279,3172,0,0,0,1.0,1,1.0,1,1.0,1,0.23289296580137867,59
4038,0,6451,3279,3172,0,0,0,1.0,1,1.0,1,1.0,1,0.23856480414718367,58
4039,2,6453,3281,3172,0,0,0,1.0,1,1.0,1,1.0,1,0.2802489255581727,56
4040,0,6453,3281,3172,0,0,0,1.0,1,1.0,1,1.0,1,0.30313348899957226,55
4041,2,6455,3283,3172,0,0,0,1.0,1,1.0,1,1.0,1,0.3335411783048391,54
4042,1,6456,3284,3172,0,0,0,1.0,1,1.0,1,1.0,1,0.3345940449326848,56
4043,1,6457,3285,3172,0,0,0,1.0,1,1.0,1,1.0,1,0.34774907776401515,56
4044,0,6457,3285,3172,0,0,0,1.0,1,1.0,1,1.0,1,0.3650063593346867,56
4045,3,6460,3287,3173,0,0,0,1.0,1,1.0,1,1.0,1,0.37001846390567295,57
4046,0,6460,3287,3173,0,0,0,1.0,1,1.0,1,1.0,1,0.3918148143777233,59
4047,2,6462,3288,3174,0,0,0,1.0,1,1.0,1,1.0,1,0.3927134356552964,59
4048,0,6462,3288,3174,0,0,0,1.0,1,1.0,1,1.0,1,0.3927134356552964,59
4049,1,6463,3288,3175,0,0,0,1.0,1,1.0,1,1.0,1,0.3803011129669958,60
4050,0,6463,3288,3175,0,0,0,1.0,1,1.0,1,1.0,1,0.3803011129669958,60
4051,0,6463,3288,3175,0,0,0,1.0,1,1.0,1,1.0,1,0.3803011129669958,60
4052,0,6463,3288,3175,0,0,0,1.0,1,1.0,1,1.0,1,0.3803011129669958,60
4053,0,6463,3288,3175,0,0,0,1.0,1,1.0,1,1.0,1,0.3803011129669958,60
4054,3,6466,3289,3177,0,0,0,1.0,1,1.0,1,1.0,1,0.36553385300695473,61
4055,0,6466,3289,3177,0,0,0,1.0,1,1.0,1,1.0,1,0.36553385300695473,61
4056,0,6466,3289,3177,0,0,0,1.0,1,1.0,1,1.0,1,0.3753360798697699,62
4057,0,6466,3289,3177,0,0,0,1.0,1,1.0,1,1.0,1,0.37886114696486917,63
4058,1,6467,3289,3178,0,0,0,1.0,1,1.0,1,1.0,1,0.3928737424654867,64
4059,0,6467,3289,3178,0,0,0,1.0,1,1.0,1,1.0,1,0.40661430451263547,63
4060,2,6469,3289,3180,0,0,0,1.0,1,1.0,1,1.0,1,0.371441272156856,63
4061,0,6469,3289,3180,0,0,0,1.0,1,1.0,1,1.0,1,0.3750790600393522,63
4062,2,6471,3291,3180,0,0,0,1.0,1,1.0,1,1.0,1,0.37537071629876334,65
4063,3,6474,3291,3183,0,0,0,1.0,1,1.0,1,1.0,1,0.3316545627502852,64
4064,6,6480,3293,3187,0,0,0,1.0,1,1.0,1,1.0,1,0.31674811495196953,65
4065,3,6483,3295,3188,0,0,0,1.0,1,1.0,1,1.0,1,0.308791497950381,64
4066,5,6488,3297,3191,0,0,0,1.0,1,1.0,1,1.0,1,0.30580999525065805,64
4067,3,6491,3299,3192,0,0,0,1.0,1,1.0,1,1.0,1,0.31965695618703893,63
4068,6,6497,3300,3197,0,0,0,1.0,1,1.0,1,1.0,1,0.2845366300946065,64
4069,6,6503,3303,3200,0,0,0,1.0,1,1.0,1,1.0,1,0.27298822959852953,62
4070,2,6505,3305,3200,0,0,0,1.0,1,1.0,1,1.0,1,0.30875050555931427,61
4071,6,6511,3308,3203,0,0,0,1.0,1,1.0,1,1.0,1,0.2970781433985695,61
4072,5,6516,3310,3206,0,0,0,1.0,1,1.0,1,1.0,1,0.2680964505091312,60
4073,1,6517,3311,3206,0,0,0,1.0,1,1.0,1,1.0,1,0.2670927402870462,60
4074,4,6521,3313,3208,0,0,0,1.0,1,1.0,1,1.0,1,0.25442123967437785,60
4075,0,6521,3313,3208,0,0,0,1.0,1,1.0,1,1.0,1,0.24040242732047234,59
4076,1,6522,3314,3208,0,0,0,1.0,1,1.0,1,1.0,1,0.26760857192993165,60
4077,4,6526,3317,3209,0,0,0,1.0,1,1.0,1,1.0,1,0.3094544424250783,61
4078,1,6527,3317,3210,0,0,0,1.0,1,1.0,1,1.0,1,0.30430870055536857,60
4079,2,6529,3318,3211,0,0,0,1.0,1,1.0,1,1.0,1,0.31845969949588815,58
4080,1,6530,3318,3212,0,0,0,1.0,1,1.0,1,1.0,1,0.3093232166221341,56
4081,1,6531,3318,3213,0,0,0,1.0,1,1.0,1,1.0,1,0.30555443707464053,56
4082,0,6531,3318,3213,0,0,0,1.0,1,1.0,1,1.0,1,0.3230072658189614,55
4083,1,6532,3319,3213,0,0,0,1.0,1,1.0,1,1.0,1,0.3377847920613448,55
4084,2,6534,3320,3214,0,0,0,1.0,1,1.0,1,1.0,1,0.3370473591672008,55
4085,3,6537,3320,3217,0,0,0,1.0,1,1.0,1,1.0,1,0.3004823447177117,56
4086,2,6539,3321,3218,0,0,0,1.0,1,1.0,1,1.0,1,0.2766016930094072,57
4087,2,6541,3322,3219,0,0,0,1.0,1,1.0,1,1.0,1,0.2886194226799675,57
4088,1,6542,3322,3220,0,0,0,1.0,1,1.0,1,1.0,1,0.2993046555296679,57
4089,1,6543,3322,3221,0,0,0,1.0,1,1.0,1,1.0,1,0.30499569538052146,56
4090,1,6544,3323,3221,0,0,0,1.0,1,1.0,1,1.0,1,0.3018029393879777,56
4091,3,6547,3323,3224,0,0,0,1.0,1,1.0,1,1.0,1,0.289809532436545,56
4092,0,6547,3323,3224,0,0,0,1.0,1,1.0,1,1.0,1,0.29440209161214764,57
4093,3,6550,3325,3225,0,0,0,1.0,1,1.0,1,1.0,1,0.3090975468807774,58
4094,3,6553,3326,3227,0,0,0,1.0,1,1.0,1,1.0,1,0.2986189633472562,57
4095,1,6554,3326,3228,0,0,0,1.0,1,1.0,1,1.0,1,0.28133714534562054,57
4096,5,6559,3327,3232,0,0,0,1.0,1,1.0,1,1.0,1,0.22814131538471716,59
4097,0,6559,3327,3232,0,0,0,1.0,1,1.0,1,1.0,1,0.22814131538471716,59
4098,3,6562,3328,3234,0,0,0,1.0,1,1.0,1,1.0,1,0.20213453113709434,59
4099,2,6564,3329,3235,0,0,0,1.0,1,1.0,1,1.0,1,0.18445399739477963,60
4100,2,6566,3330,3236,0,0,0,1.0,1,1.0,1,1.0,1,0.17928330117222957,60
4101,0,6566,3330,3236,0,0,0,1.0,1,1.0,1,1.0,1,0.17928330117222957,60
4102,6,6572,3335,3237,0,0,0,1.0,1,1.0,1,1.0,1,0.17337568559998967,60
4103,1,6573,3336,3237,0,0,0,1.0,1,1.0,1,1.0,1,0.19083536455230132,58
4104,2,6575,3338,3237,0,0,0,1.0,1,1.0,1,1.0,1,0.19665520048992932,60
4105,1,6576,3339,3237,0,0,0,1.0,1,1.0,1,1.0,1,0.19400017943920647,59
4106,4,6580,3341,3239,0,0,0,1.0,1,1.0,1,1.0,1,0.17726960694386393,61
4107,0,6580,3341,3239,0,0,0,1.0,1,1.0,1,1.0,1,0.18999459854247694,59
4108,1,6581,3341,3240,0,0,0,1.0,1,1.0,1,1.0,1,0.18314390797627345,60
4109,1,6582,3341,3241,0,0,0,1.0,1,1.0,1,1.0,1,0.1683400448084258,59
4110,1,6583,3342,3241,0,0,0,1.0,1,1.0,1,1.0,1,0.19459898825274222,60
4111,2,6585,3343,3242,0,0,0,1.0,1,1.0,1,1.0,1,0.20001928913014866,61
4112,2,6587,3344,3243,0,0,0,1.0,1,1.0,1,1.0,1,0.19175108574090408,60
4113,2,6589,3345,3244,0,0,0,1.0,1,1.0,1,1.0,1,0.19559957564704647,61
4114,3,6592,3345,3247,0,0,0,1.0,1,1.0,1,1.0,1,0.162972145505679,62
4115,2,6594,3347,3247,0,0,0,1.0,1,1.0,1,1.0,1,0.19755808303997296,60
4116,1,6595,3348,3247,0,0,0,1.0,1,1.0,1,1.0,1,0.20105769084502942,59
4117,5,6600,3351,3249,0,0,0,1.0,1,1.0,1,1.0,1,0.20289719653700747,56
4118,4,6604,3352,3252,0,0,0,1.0,1,1.0,1,1.0,1,0.20762299709059726,55
4119,0,6604,3352,3252,0,0,0,1.0,1,1.0,1,1.0,1,0.23273992046521644,53
4120,4,6608,3353,3255,0,0,0,1.0,1,1.0,1,1.0,1,0.1869520503853804,52
4121,3,6611,3356,3255,0,0,0,1.0,1,1.0,1,1.0,1,0.19211321643877902,53
4122,1,6612,3357,3255,0,0,0,1.0,1,1.0,1,1.0,1,0.17814050869995735,52
4123,3,6615,3359,3256,0,0,0,1.0,1,1.0,1,1.0,1,0.18763278930819174,51
4124,1,6616,3360,3256,0,0,0,1.0,1,1.0,1,1.0,1,0.2162870947970103,51
4125,2,6618,3361,3257,0,0,0,1.0,1,1.0,1,1.0,1,0.21659797689049276,50
4126,8,6626,3364,3262,0,0,0,1.0,1,1.0,1,1.0,1,0.1729229933454432,50
4127,0,6626,3364,3262,0,0,0,1.0,1,1.0,1,1.0,1,0.18446101314242336,49
4128,0,6626,3364,3262,0,0,0,1.0,1,1.0,1,1.0,1,0.18446101314242336,49
4129,0,6626,3364,3262,0,0,0,1.0,1,1.0,1,1.0,1,0.18446101314242336,49
4130,2,6628,3366,3262,0,0,0,1.0,1,1.0,1,1.0,1,0.18850882107512962,50
4131,1,6629,3366,3263,0,0,0,1.0,1,1.0,1,1.0,1,0.17132870290500382,50
4132,0,6629,3366,3263,0,0,0,1.0,1,1.0,1,1.0,1,0.17132870290500382,50
4133,2,6631,3367,3264,0,0,0,1.0,1,1.0,1,1.0,1,0.18363888146638643,51
4134,1,6632,3367,3265,0,0,0,1.0,1,1.0,1,1.0,1,0.16910758601559528,53
4135,2,6634,3368,3266,0,0,0,1.0,1,1.0,1,1.0,1,0.1736964048671402,54
4136,0,6634,3368,3266,0,0,0,1.0,1,1.0,1,1.0,1,0.1736964048671402,54
4137,1,6635,3369,3266,0,0,0,1.0,1,1.0,1,1.0,1,0.17656047293626614,55
4138,1,6636,3369,3267,0,0,0,1.0,1,1.0,1,1.0,1,0.15151800720674224,54
4139,0,6636,3369,3267,0,0,0,1.0,1,1.0,1,1.0,1,0.15151800720674224,54
4140,1,6637,3370,3267,0,0,0,1.0,1,1.0,1,1.0,1,0.17772617264814355,55
4141,1,6638,3370,3268,0,0,0,1.0,1,1.0,1,1.0,1,0.17488706318330643,55
4142,1,6639,3371,3268,0,0,0,1.0,1,1.0,1,1.0,1,0.1873813650613834,55
4143,0,6639,3371,3268,0,0,0,1.0,1,1.0,1,1.0,1,0.18841669142066605,53
4144,3,6642,3372,3270,0,0,0,1.0,1,1.0,1,1.0,1,0.17167449143845595,52
4145,1,6643,3373,3270,0,0,0,1.0,1,1.0,1,1.0,1,0.19836949879053062,51
4146,2,6645,3375,3270,0,0,0,1.0,1,1.0,1,1.0,1,0.21513207181121402,51
4147,3,6648,3376,3272,0,0,0,1.0,1,1.0,1,1.0,1,0.19711678707576322,50
4148,3,6651,3378,3273,0,0,0,1.0,1,1.0,1,1.0,1,0.2530063679913145,52
4149,1,6652,3378,3274,0,0,0,1.0,1,1.0,1,1.0,1,0.21157612965007858,53
4150,3,6655,3380,3275,0,0,0,1.0,1,1.0,1,1.0,1,0.23324471942646086,53
4151,0,6655,3380,3275,0,0,0,1.0,1,1.0,1,1.0,1,0.23324471942646086,53
4152,3,6658,3382,3276,0,0,0,1.0,1,1.0,1,1.0,1,0.19447276566649943,54
4153,3,6661,3383,3278,0,0,0,1.0,1,1.0,1,1.0,1,0.2105730846853312,51
4154,2,6663,3384,3279,0,0,0,1.0,1,1.0,1,1.0,1,0.1971080157257149,51
4155,4,6667,3387,3280,0,0,0,1.0,1,1.0,1,1.0,1,0.24813186894298628,51
4156,5,6672,3389,3283,0,0,0,1.0,1,1.0,1,1.0,1,0.21394866664291204,52
4157,1,6673,3390,3283,0,0,0,1.0,1,1.0,1,1.0,1,0.22939613239443793,52
4158,1,6674,3390,3284,0,0,0,1.0,1,1.0,1,1.0,1,0.21473760145708742,52
4159,1,6675,3390,3285,0,0,0,1.0,1,1.0,1,1.0,1,0.18403931967601592,52
4160,3,6678,3392,3286,0,0,0,1.0,1,1.0,1,1.0,1,0.2188988085071465,50
4161,1,6679,3392,3287,0,0,0,1.0,1,1.0,1,1.0,1,0.1913307996779522,50
4162,0,6679,3392,3287,0,0,0,1.0,1,1.0,1,1.0,1,0.19541442736562642,51
4163,3,6682,3393,3289,0,0,0,1.0,1,1.0,1,1.0,1,0.22612834903054857,48
4164,1,6683,3394,3289,0,0,0,1.0,1,1.0,1,1.0,1,0.26951762716616223,50
4165,2,6685,3394,3291,0,0,0,1.0,1,1.0,1,1.0,1,0.234007478033188,49
4166,1,6686,3394,3292,0,0,0,1.0,1,1.0,1,1.0,1,0.21906721878797444,50
4167,0,6686,3394,3292,0,0,0,1.0,1,1.0,1,1.0,1,0.2493099869600317,50
4168,0,6686,3394,3292,0,0,0,1.0,1,1.0,1,1.0,1,0.2681989165355871,50
4169,1,6687,3394,3293,0,0,0,1.0,1,1.0,1,1.0,1,0.26439474770338633,51
4170,0,6687,3394,3293,0,0,0,1.0,1,1.0,1,1.0,1,0.28365024944398104,50
4171,4,6691,3397,3294,0,0,0,1.0,1,1.0,1,1.0,1,0.27508990381541953,50
4172,0,6691,3397,3294,0,0,0,1.0,1,1.0,1,1.0,1,0.299289698465236,49
4173,2,6693,3398,3295,0,0,0,1.0,1,1.0,1,1.0,1,0.3207978591962358,48
4174,3,6696,3399,3297,0,0,0,1.0,1,1.0,1,1.0,1,0.29806347203191247,48
4175,1,6697,3399,3298,0,0,0,1.0,1,1.0,1,1.0,1,0.2701772257687899,48
4176,0,6697,3399,3298,0,0,0,1.0,1,1.0,1,1.0,1,0.28105511813134204,50
4177,4,6701,3401,3300,0,0,0,1.0,1,1.0,1,1.0,1,0.25790333487956735,52
4178,1,6702,3402,3300,0,0,0,1.0,1,1.0,1,1.0,1,0.259606264505796,53
4179,2,6704,3404,3300,0,0,0,1.0,1,1.0,1,1.0,1,0.25465987176707483,54
4180,4,6708,3404,3304,0,0,0,1.0,1,1.0,1,1.0,1,0.23035381305939087,55
4181,0,6708,3404,3304,0,0,0,1.0,1,1.0,1,1.0,1,0.23407396672399544,56
4182,0,6708,3404,3304,0,0,0,1.0,1,1.0,1,1.0,1,0.23407396672399544,56
4183,4,6712,3405,3307,0,0,0,1.0,1,1.0,1,1.0,1,0.2213324236928618,57
4184,4,6716,3408,3308,0,0,0,1.0,1,1.0,1,1.0,1,0.2680024216768706,57
4185,0,6716,3408,3308,0,0,0,1.0,1,1.0,1,1.0,1,0.27322966347690164,54
4186,4,6720,3409,3311,0,0,0,1.0,1,1.0,1,1.0,1,0.2344344456416001,55
4187,0,6720,3409,3311,0,0,0,1.0,1,1.0,1,1.0,1,0.23647293181669715,53
4188,4,6724,3410,3314,0,0,0,1.0,1,1.0,1,1.0,1,0.18102881026912823,53
4189,3,6727,3412,3315,0,0,0,1.0,1,1.0,1,1.0,1,0.17369529973596912,53
4190,1,6728,3413,3315,0,0,0,1.0,1,1.0,1,1.0,1,0.18243676168514106,53
4191,0,6728,3413,3315,0,0,0,1.0,1,1.0,1,1.0,1,0.2015688779102477,51
4192,3,6731,3416,3315,0,0,0,1.0,1,1.0,1,1.0,1,0.22828435038971126,51
4193,2,6733,3418,3315,0,0,0,1.0,1,1.0,1,1.0,1,0.2385455500804075,50
4194,2,6735,3419,3316,0,0,0,1.0,1,1.0,1,1.0,1,0.21937795632987503,50
4195,0,6735,3419,3316,0,0,0,1.0,1,1.0,1,1.0,1,0.21907905440991324,50
4196,0,6735,3419,3316,0,0,0,1.0,1,1.0,1,1.0,1,0.22036264432099908,51
4197,1,6736,3420,3316,0,0,0,1.0,1,1.0,1,1.0,1,0.23067042139518312,50
4198,2,6738,3420,3318,0,0,0,1.0,1,1.0,1,1.0,1,0.22505073410274554,48
4199,1,6739,3420,3319,0,0,0,1.0,1,1.0,1,1.0,1,0.2425666642690775,48
4200,1,6740,3421,3319,0,0,0,1.0,1,1.0,1,1.0,1,0.2756349077662944,48
4201,0,6740,3421,3319,0,0,0,1.0,1,1.0,1,1.0,1,0.30470933309645076,47
4202,0,6740,3421,3319,0,0,0,1.0,1,1.0,1,1.0,1,0.30470933309645076,47
4203,0,6740,3421,3319,0,0,0,1.0,1,1.0,1,1.0,1,0.30470933309645076,47
4204,3,6743,3423,3320,0,0,0,1.0,1,1.0,1,1.0,1,0.3081431728139856,48
4205,0,6743,3423,3320,0,0,0,1.0,1,1.0,1,1.0,1,0.2912796890111968,49
4206,1,6744,3424,3320,0,0,0,1.0,1,1.0,1,1.0,1,0.29714196643595137,49
4207,1,6745,3424,3321,0,0,0,1.0,1,1.0,1,1.0,1,0.3069853555269564,48
4208,1,6746,3425,3321,0,0,0,1.0,1,1.0,1,1.0,1,0.2920684844453541,49
4209,3,6749,3426,3323,0,0,0,1.0,1,1.0,1,1.0,1,0.2827077999092816,51
4210,1,6750,3427,3323,0,0,0,1.0,1,1.0,1,1.0,1,0.310468745941755,52
4211,1,6751,3427,3324,0,0,0,1.0,1,1.0,1,1.0,1,0.29998215573182224,53
4212,0,6751,3427,3324,0,0,0,1.0,1,1.0,1,1.0,1,0.29998215573182224,53
4213,0,6751,3427,3324,0,0,0,1.0,1,1.0,1,1.0,1,0.30479007804983105,54
4214,0,6751,3427,3324,0,0,0,1.0,1,1.0,1,1.0,1,0.30979611688451786,54
4215,1,6752,3428,3324,0,0,0,1.0,1,1.0,1,1.0,1,0.30206520169272677,54
4216,1,6753,3428,3325,0,0,0,1.0,1,1.0,1,1.0,1,0.30511322172602884,53
4217,3,6756,3431,3325,0,0,0,1.0,1,1.0,1,1.0,1,0.3440447919797646,54
4218,3,6759,3433,3326,0,0,0,1.0,1,1.0,1,1.0,1,0.3657920150839215,53
4219,3,6762,3433,3329,0,0,0,1.0,1,1.0,1,1.0,1,0.33417830874409404,53
4220,1,6763,3433,3330,0,0,0,1.0,1,1.0,1,1.0,1,0.32728318037123716,53
4221,0,6763,3433,3330,0,0,0,1.0,1,1.0,1,1.0,1,0.33370129210655547,54
4222,2,6765,3435,3330,0,0,0,1.0,1,1.0,1,1.0,1,0.3535056798049031,55
4223,5,6770,3437,3333,0,0,0,1.0,1,1.0,1,1.0,1,0.3486458916100132,56
4224,3,6773,3439,3334,0,0,0,1.0,1,1.0,1,1.0,1,0.35570859634102936,55
4225,4,6777,3440,3337,0,0,0,1.0,1,1.0,1,1.0,1,0.3268920556874465,53
4226,4,6781,3443,3338,0,0,0,1.0,1,1.0,1,1.0,1,0.3478772664083318,54
4227,1,6782,3444,3338,0,0,0,1.0,1,1.0,1,1.0,1,0.34574542364845556,52
4228,1,6783,3445,3338,0,0,0,1.0,1,1.0,1,1.0,1,0.34361141804832723,51
4229,1,6784,3446,3338,0,0,0,1.0,1,1.0,1,1.0,1,0.36197614867173317,48
4230,1,6785,3447,3338,0,0,0,1.0,1,1.0,1,1.0,1,0.37192085531020025,48
4231,1,6786,3447,3339,0,0,0,1.0,1,1.0,1,1.0,1,0.34418273177007314,48
4232,3,6789,3448,3341,0,0,0,1.0,1,1.0,1,1.0,1,0.3034151294239103,48
4233,1,6790,3448,3342,0,0,0,1.0,1,1.0,1,1.0,1,0.28097326868974104,48
4234,2,6792,3450,3342,0,0,0,1.0,1,1.0,1,1.0,1,0.3055464814667187,49
4235,1,6793,3451,3342,0,0,0,1.0,1,1.0,1,1.0,1,0.2889977665845837,47
4236,1,6794,3452,3342,0,0,0,1.0,1,1.0,1,1.0,1,0.3301512440002213,47
4237,3,6797,3452,3345,0,0,0,1.0,1,1.0,1,1.0,1,0.2712032117163947,48
4238,1,6798,3452,3346,0,0,0,1.0,1,1.0,1,1.0,1,0.27576214494966583,47
4239,0,6798,3452,3346,0,0,0,1.0,1,1.0,1,1.0,1,0.286407600233835,48
4240,5,6803,3453,3350,0,0,0,1.0,1,1.0,1,1.0,1,0.2458596606084917,47
4241,3,6806,3453,3353,0,0,0,1.0,1,1.0,1,1.0,1,0.2287289125998631,49
4242,2,6808,3453,3355,0,0,0,1.0,1,1.0,1,1.0,1,0.20549849237193943,49
4243,1,6809,3454,3355,0,0,0,1.0,1,1.0,1,1.0,1,0.227591314656527,50
4244,1,6810,3454,3356,0,0,0,1.0,1,1.0,1,1.0,1,0.24204235972014218,51
4245,2,6812,3454,3358,0,0,0,1.0,1,1.0,1,1.0,1,0.2507360279029648,51
4246,1,6813,3454,3359,0,0,0,1.0,1,1.0,1,1.0,1,0.2408888668042651,51
4247,0,6813,3454,3359,0,0,0,1.0,1,1.0,1,1.0,1,0.25097927375862344,52
4248,0,6813,3454,3359,0,0,0,1.0,1,1.0,1,1.0,1,0.25097927375862344,52
4249,2,6815,3454,3361,0,0,0,1.0,1,1.0,1,1.0,1,0.22194080320628454,52
4250,0,6815,3454,3361,0,0,0,1.0,1,1.0,1,1.0,1,0.22194080320628454,52
4251,3,6818,3456,3362,0,0,0,1.0,1,1.0,1,1.0,1,0.2226983944888703,53
4252,4,6822,3458,3364,0,0,0,1.0,1,1.0,1,1.0,1,0.18678543298473682,53
4253,3,6825,3461,3364,0,0,0,1.0,1,1.0,1,1.0,1,0.1645249640455472,54
4254,3,6828,3463,3365,0,0,0,1.0,1,1.0,1,1.0,1,0.18170031538278164,54
4255,2,6830,3465,3365,0,0,0,1.0,1,1.0,1,1.0,1,0.21338401632635298,55
4256,2,6832,3465,3367,0,0,0,1.0,1,1.0,1,1.0,1,0.17266100447550517,57
4257,1,6833,3465,3368,0,0,0,1.0,1,1.0,1,1.0,1,0.16160556060852546,57
4258,0,6833,3465,3368,0,0,0,1.0,1,1.0,1,1.0,1,0.17790249491533644,57
4259,1,6834,3465,3369,0,0,0,1.0,1,1.0,1,1.0,1,0.16170595020524553,57
4260,3,6837,3466,3371,0,0,0,1.0,1,1.0,1,1.0,1,0.1685631815201285,58
4261,0,6837,3466,3371,0,0,0,1.0,1,1.0,1,1.0,1,0.17482441797583437,59
4262,2,6839,3467,3372,0,0,0,1.0,1,1.0,1,1.0,1,0.1880598220571847,60
4263,2,6841,3468,3373,0,0,0,1.0,1,1.0,1,1.0,1,0.18493193958149295,59
4264,2,6843,3469,3374,0,0,0,1.0,1,1.0,1,1.0,1,0.18252488043599666,58
4265,3,6846,3471,3375,0,0,0,1.0,1,1.0,1,1.0,1,0.18767183266568113,58
4266,1,6847,3472,3375,0,0,0,1.0,1,1.0,1,1.0,1,0.2157078527487186,58
4267,2,6849,3473,3376,0,0,0,1.0,1,1.0,1,1.0,1,0.2251144225889301,55
4268,5,6854,3475,3379,0,0,0,1.0,1,1.0,1,1.0,1,0.21449426014136938,55
4269,1,6855,3475,3380,0,0,0,1.0,1,1.0,1,1.0,1,0.21103988304084315,50
4270,2,6857,3476,3381,0,0,0,1.0,1,1.0,1,1.0,1,0.24612802145484602,47
4271,0,6857,3476,3381,0,0,0,1.0,1,1.0,1,1.0,1,0.25076988091228636,47
4272,0,6857,3476,3381,0,0,0,1.0,1,1.0,1,1.0,1,0.2658262010476857,46
4273,3,6860,3477,3383,0,0,0,1.0,1,1.0,1,1.0,1,0.2529169932994731,47
4274,5,6865,3479,3386,0,0,0,1.0,1,1.0,1,1.0,1,0.2704947569601404,45
4275,5,6870,3483,3387,0,0,0,1.0,1,1.0,1,1.0,1,0.270188936847027,44
4276,4,6874,3483,3391,0,0,0,1.0,1,1.0,1,1.0,1,0.18869025903740363,43
4277,2,6876,3485,3391,0,0,0,1.0,1,1.0,1,1.0,1,0.1955767910948864,42
4278,4,6880,3487,3393,0,0,0,1.0,1,1.0,1,1.0,1,0.20522062401771377,43
4279,5,6885,3489,3396,0,0,0,1.0,1,1.0,1,1.0,1,0.2287932455877721,42
4280,2,6887,3491,3396,0,0,0,1.0,1,1.0,1,1.0,1,0.23647930852051696,44
4281,2,6889,3492,3397,0,0,0,1.0,1,1.0,1,1.0,1,0.24118325642909894,44
4282,2,6891,3492,3399,0,0,0,1.0,1,1.0,1,1.0,1,0.19882067786476454,44
4283,1,6892,3492,3400,0,0,0,1.0,1,1.0,1,1.0,1,0.16411815683049552,45
4284,0,6892,3492,3400,0,0,0,1.0,1,1.0,1,1.0,1,0.16411815683049552,45
4285,1,6893,3492,3401,0,0,0,1.0,1,1.0,1,1.0,1,0.13768994753801528,47
4286,0,6893,3492,3401,0,0,0,1.0,1,1.0,1,1.0,1,0.13768994753801528,47
4287,1,6894,3492,3402,0,0,0,1.0,1,1.0,1,1.0,1,0.13494731363635287,49
4288,0,6894,3492,3402,0,0,0,1.0,1,1.0,1,1.0,1,0.13494731363635287,49
4289,1,6895,3492,3403,0,0,0,1.0,1,1.0,1,1.0,1,0.11950893583499753,50
4290,1,6896,3493,3403,0,0,0,1.0,1,1.0,1,1.0,1,0.14609849787874,51
4291,2,6898,3495,3403,0,0,0,1.0,1,1.0,1,1.0,1,0.1729654043732804,50
4292,1,6899,3496,3403,0,0,0,1.0,1,1.0,1,1.0,1,0.22001827171664637,51
4293,1,6900,3496,3404,0,0,0,1.0,1,1.0,1,1.0,1,0.18621569934048443,51
4294,2,6902,3497,3405,0,0,0,1.0,1,1.0,1,1.0,1,0.196096929340144,50
4295,2,6904,3498,3406,0,0,0,1.0,1,1.0,1,1.0,1,0.20174455683865902,50
4296,0,6904,3498,3406,0,0,0,1.0,1,1.0,1,1.0,1,0.19466299442299825,49
4297,2,6906,3498,3408,0,0,0,1.0,1,1.0,1,1.0,1,0.17808477089418645,49
4298,0,6906,3498,3408,0,0,0,1.0,1,1.0,1,1.0,1,0.17808477089418645,49
4299,1,6907,3498,3409,0,0,0,1.0,1,1.0,1,1.0,1,0.15994348383726917,48
4300,2,6909,3499,3410,0,0,0,1.0,1,1.0,1,1.0,1,0.1443209295175219,49
4301,1,6910,3500,3410,0,0,0,1.0,1,1.0,1,1.0,1,0.16209505062642823,50
4302,0,6910,3500,3410,0,0,0,1.0,1,1.0,1,1.0,1,0.1730063701163211,51
4303,2,6912,3502,3410,0,0,0,1.0,1,1.0,1,1.0,1,0.20213797476557052,51
4304,3,6915,3505,3410,0,0,0,1.0,1,1.0,1,1.0,1,0.2477827007765886,51
4305,5,6920,3508,3412,0,0,0,1.0,1,1.0,1,1.0,1,0.16998541906061992,49
4306,4,6924,3512,3412,0,0,0,1.0,1,1.0,1,1.0,1,0.22114803333139385,49
4307,4,6928,3515,3413,0,0,0,1.0,1,1.0,1,1.0,1,0.1952032684404998,46
4308,2,6930,3517,3413,0,0,0,1.0,1,1.0,1,1.0,1,0.2195919747929627,44
4309,4,6934,3518,3416,0,0,0,1.0,1,1.0,1,1.0,1,0.187760375153076,44
4310,1,6935,3519,3416,0,0,0,1.0,1,1.0,1,1.0,1,0.22379987000558774,42
4311,2,6937,3521,3416,0,0,0,1.0,1,1.0,1,1.0,1,0.21696887519539243,42
4312,4,6941,3523,3418,0,0,0,1.0,1,1.0,1,1.0,1,0.15029191843768847,40
4313,4,6945,3527,3418,0,0,0,1.0,1,1.0,1,1.0,1,0.21677723308938057,40
4314,0,6945,3527,3418,0,0,0,1.0,1,1.0,1,1.0,1,0.2043187372556645,36
4315,2,6947,3528,3419,0,0,0,1.0,1,1.0,1,1.0,1,0.20878381393217071,37
4316,3,6950,3531,3419,0,0,0,1.0,1,1.0,1,1.0,1,0.28564059945140224,37
4317,3,6953,3533,3420,0,0,0,1.0,1,1.0,1,1.0,1,0.3117959517388058,36
4318,1,6954,3534,3420,0,0,0,1.0,1,1.0,1,1.0,1,0.32425312448454885,34
4319,1,6955,3534,3421,0,0,0,1.0,1,1.0,1,1.0,1,0.2807396890071612,34
4320,0,6955,3534,3421,0,0,0,1.0,1,1.0,1,1.0,1,0.2807396890071612,34
4321,0,6955,3534,3421,0,0,0,1.0,1,1.0,1,1.0,1,0.33682871905091666,35
4322,0,6955,3534,3421,0,0,0,1.0,1,1.0,1,1.0,1,0.33682871905091666,35
4323,0,6955,3534,3421,0,0,0,1.0,1,1.0,1,1.0,1,0.33682871905091666,35
4324,3,6958,3535,3423,0,0,0,1.0,1,1.0,1,1.0,1,0.2939726874898368,34
4325,1,6959,3535,3424,0,0,0,1.0,1,1.0,1,1.0,1,0.2852130804857837,34
4326,1,6960,3535,3425,0,0,0,1.0,1,1.0,1,1.0,1,0.3029043310118098,36
4327,1,6961,3535,3426,0,0,0,1.0,1,1.0,1,1.0,1,0.27547610164876274,35
4328,1,6962,3536,3426,0,0,0,1.0,1,1.0,1,1.0,1,0.2771411940677124,35
4329,4,6966,3537,3429,0,0,0,1.0,1,1.0,1,1.0,1,0.21735851572207532,38
4330,3,6969,3539,3430,0,0,0,1.0,1,1.0,1,1.0,1,0.2751264401949739,38
4331,1,6970,3539,3431,0,0,0,1.0,1,1.0,1,1.0,1,0.2538328481984363,39
4332,2,6972,3539,3433,0,0,0,1.0,1,1.0,1,1.0,1,0.2332971481279077,40
4333,0,6972,3539,3433,0,0,0,1.0,1,1.0,1,1.0,1,0.20987264162523964,41
4334,0,6972,3539,3433,0,0,0,1.0,1,1.0,1,1.0,1,0.20987264162523964,41
4335,2,6974,3540,3434,0,0,0,1.0,1,1.0,1,1.0,1,0.16082454378343983,42
4336,0,6974,3540,3434,0,0,0,1.0,1,1.0,1,1.0,1,0.16974399683456537,43
4337,0,6974,3540,3434,0,0,0,1.0,1,1.0,1,1.0,1,0.1560483727064399,44
4338,0,6974,3540,3434,0,0,0,1.0,1,1.0,1,1.0,1,0.1560483727064399,44
4339,5,6979,3544,3435,0,0,0,1.0,1,1.0,1,1.0,1,0.1690316556891381,46
4340,0,6979,3544,3435,0,0,0,1.0,1,1.0,1,1.0,1,0.17288004204254973,47
4341,3,6982,3545,3437,0,0,0,1.0,1,1.0,1,1.0,1,0.1526289858078514,47
4342,6,6988,3548,3440,0,0,0,1.0,1,1.0,1,1.0,1,0.1624353248868573,47
4343,0,6988,3548,3440,0,0,0,1.0,1,1.0,1,1.0,1,0.16580891280169036,42
4344,4,6992,3551,3441,0,0,0,1.0,1,1.0,1,1.0,1,0.25499897648656367,42
4345,5,6997,3553,3444,0,0,0,1.0,1,1.0,1,1.0,1,0.22257668542553802,39
4346,2,6999,3555,3444,0,0,0,1.0,1,1.0,1,1.0,1,0.26466547048951783,37
4347,1,7000,3556,3444,0,0,0,1.0,1,1.0,1,1.0,1,0.3149024391918838,37
4348,3,7003,3559,3444,0,0,0,1.0,1,1.0,1,1.0,1,0.40069848929103585,38
4349,1,7004,3559,3445,0,0,0,1.0,1,1.0,1,1.0,1,0.33180281327480404,36
4350,2,7006,3560,3446,0,0,0,1.0,1,1.0,1,1.0,1,0.31403803656183804,37
4351,3,7009,3561,3448,0,0,0,1.0,1,1.0,1,1.0,1,0.308665161027684,35
4352,1,7010,3561,3449,0,0,0,1.0,1,1.0,1,1.0,1,0.3046814049786522,34
4353,0,7010,3561,3449,0,0,0,1.0,1,1.0,1,1.0,1,0.33850634339888186,34
4354,1,7011,3561,3450,0,0,0,1.0,1,1.0,1,1.0,1,0.3361542303095704,32
4355,3,7014,3561,3453,0,0,0,1.0,1,1.0,1,1.0,1,0.18029608737352706,32
4356,2,7016,3562,3454,0,0,0,1.0,1,1.0,1,1.0,1,0.16679367241679885,34
4357,0,7016,3562,3454,0,0,0,1.0,1,1.0,1,1.0,1,0.17787680358018848,35
4358,2,7018,3564,3454,0,0,0,1.0,1,1.0,1,1.0,1,0.2133238685521605,35
4359,2,7020,3565,3455,0,0,0,1.0,1,1.0,1,1.0,1,0.24437744686090032,37
4360,1,7021,3565,3456,0,0,0,1.0,1,1.0,1,1.0,1,0.22868041105928277,38
4361,0,7021,3565,3456,0,0,0,1.0,1,1.0,1,1.0,1,0.2044802343615786,39
4362,3,7024,3567,3457,0,0,0,1.0,1,1.0,1,1.0,1,0.2116673594168536,38
4363,0,7024,3567,3457,0,0,0,1.0,1,1.0,1,1.0,1,0.2116673594168536,38
4364,3,7027,3569,3458,0,0,0,1.0,1,1.0,1,1.0,1,0.21931004630922166,39
4365,0,7027,3569,3458,0,0,0,1.0,1,1.0,1,1.0,1,0.21931004630922166,39
4366,1,7028,3569,3459,0,0,0,1.0,1,1.0,1,1.0,1,0.1778254980866946,39
4367,1,7029,3569,3460,0,0,0,1.0,1,1.0,1,1.0,1,0.15003441248151503,41
4368,1,7030,3570,3460,0,0,0,1.0,1,1.0,1,1.0,1,0.1871306526656756,41
4369,0,7030,3570,3460,0,0,0,1.0,1,1.0,1,1.0,1,0.19294935132830796,42
4370,0,7030,3570,3460,0,0,0,1.0,1,1.0,1,1.0,1,0.19294935132830796,42
4371,0,7030,3570,3460,0,0,0,1.0,1,1.0,1,1.0,1,0.21088945512956564,43
4372,3,7033,3572,3461,0,0,0,1.0,1,1.0,1,1.0,1,0.2578827483088639,43
4373,0,7033,3572,3461,0,0,0,1.0,1,1.0,1,1.0,1,0.2578827483088639,43
4374,3,7036,3572,3464,0,0,0,1.0,1,1.0,1,1.0,1,0.19749738387889956,44
4375,3,7039,3574,3465,0,0,0,1.0,1,1.0,1,1.0,1,0.17995190986947554,45
4376,1,7040,3574,3466,0,0,0,1.0,1,1.0,1,1.0,1,0.1642560654004373,46
4377,4,7044,3578,3466,0,0,0,1.0,1,1.0,1,1.0,1,0.21253243587458387,47
4378,1,7045,3578,3467,0,0,0,1.0,1,1.0,1,1.0,1,0.2131056138678897,49
4379,2,7047,3580,3467,0,0,0,1.0,1,1.0,1,1.0,1,0.21716597813749136,51
4380,0,7047,3580,3467,0,0,0,1.0,1,1.0,1,1.0,1,0.23213446142331826,50
4381,1,7048,3581,3467,0,0,0,1.0,1,1.0,1,1.0,1,0.2561857998939326,49
4382,2,7050,3583,3467,0,0,0,1.0,1,1.0,1,1.0,1,0.28004043027290115,47
4383,4,7054,3585,3469,0,0,0,1.0,1,1.0,1,1.0,1,0.2749821039008897,47
4384,4,7058,3587,3471,0,0,0,1.0,1,1.0,1,1.0,1,0.2582141535064681,44
4385,0,7058,3587,3471,0,0,0,1.0,1,1.0,1,1.0,1,0.227016575020567,42
4386,1,7059,3588,3471,0,0,0,1.0,1,1.0,1,1.0,1,0.2894294702915305,41
4387,1,7060,3588,3472,0,0,0,1.0,1,1.0,1,1.0,1,0.2490937178158933,39
4388,1,7061,3588,3473,0,0,0,1.0,1,1.0,1,1.0,1,0.21777075695561748,39
4389,5,7066,3592,3474,0,0,0,1.0,1,1.0,1,1.0,1,0.200664511478038,38
4390,1,7067,3592,3475,0,0,0,1.0,1,1.0,1,1.0,1,0.21138197524731372,38
4391,0,7067,3592,3475,0,0,0,1.0,1,1.0,1,1.0,1,0.21678061600619256,39
4392,0,7067,3592,3475,0,0,0,1.0,1,1.0,1,1.0,1,0.21678061600619256,39
4393,0,7067,3592,3475,0,0,0,1.0,1,1.0,1,1.0,1,0.19981658293459936,40
4394,0,7067,3592,3475,0,0,0,1.0,1,1.0,1,1.0,1,0.1997476945889207,39
4395,1,7068,3593,3475,0,0,0,1.0,1,1.0,1,1.0,1,0.2103962036465397,39
4396,0,7068,3593,3475,0,0,0,1.0,1,1.0,1,1.0,1,0.2580250300333753,39
4397,3,7071,3594,3477,0,0,0,1.0,1,1.0,1,1.0,1,0.25501491921240177,38
4398,0,7071,3594,3477,0,0,0,1.0,1,1.0,1,1.0,1,0.24882947151553783,39
4399,4,7075,3594,3481,0,0,0,1.0,1,1.0,1,1.0,1,0.19141034546430016,42
4400,0,7075,3594,3481,0,0,0,1.0,1,1.0,1,1.0,1,0.20121921088681527,43
4401,0,7075,3594,3481,0,0,0,1.0,1,1.0,1,1.0,1,0.1923499827292919,44
4402,0,7075,3594,3481,0,0,0,1.0,1,1.0,1,1.0,1,0.1923499827292919,44
4403,0,7075,3594,3481,0,0,0,1.0,1,1.0,1,1.0,1,0.18591067654218682,45
4404,0,7075,3594,3481,0,0,0,1.0,1,1.0,1,1.0,1,0.18591067654218682,45
4405,0,7075,3594,3481,0,0,0,1.0,1,1.0,1,1.0,1,0.19983462291308154,46
4406,0,7075,3594,3481,0,0,0,1.0,1,1.0,1,1.0,1,0.19983462291308154,46
4407,0,7075,3594,3481,0,0,0,1.0,1,1.0,1,1.0,1,0.19983462291308154,46
4408,0,7075,3594,3481,0,0,0,1.0,1,1.0,1,1.0,1,0.20195189996848464,47
4409,1,7076,3595,3481,0,0,0,1.0,1,1.0,1,1.0,1,0.23753180797584125,48
4410,1,7077,3595,3482,0,0,0,1.0,1,1.0,1,1.0,1,0.22002955069087593,48
4411,0,7077,3595,3482,0,0,0,1.0,1,1.0,1,1.0,1,0.2305560587962233,50
4412,2,7079,3596,3483,0,0,0,1.0,1,1.0,1,1.0,1,0.23800294028077837,50
4413,1,7080,3596,3484,0,0,0,1.0,1,1.0,1,1.0,1,0.26158161226226057,50
4414,3,7083,3598,3485,0,0,0,1.0,1,1.0,1,1.0,1,0.21127275249131883,51
4415,3,7086,3599,3487,0,0,0,1.0,1,1.0,1,1.0,1,0.18787229379872908,51
4416,0,7086,3599,3487,0,0,0,1.0,1,1.0,1,1.0,1,0.18787229379872908,51
4417,3,7089,3601,3488,0,0,0,1.0,1,1.0,1,1.0,1,0.21688840997789377,51
4418,0,7089,3601,3488,0,0,0,1.0,1,1.0,1,1.0,1,0.239701811170565,51
4419,0,7089,3601,3488,0,0,0,1.0,1,1.0,1,1.0,1,0.2333408711407034,50
4420,2,7091,3602,3489,0,0,0,1.0,1,1.0,1,1.0,1,0.2248378913904943,50
4421,2,7093,3602,3491,0,0,0,1.0,1,1.0,1,1.0,1,0.20004353918229464,52
4422,0,7093,3602,3491,0,0,0,1.0,1,1.0,1,1.0,1,0.22412897652319594,51
4423,2,7095,3602,3493,0,0,0,1.0,1,1.0,1,1.0,1,0.1976546674254375,51
4424,1,7096,3602,3494,0,0,0,1.0,1,1.0,1,1.0,1,0.19561690085463568,53
4425,0,7096,3602,3494,0,0,0,1.0,1,1.0,1,1.0,1,0.1993378857689575,54
4426,2,7098,3603,3495,0,0,0,1.0,1,1.0,1,1.0,1,0.18332481450765648,55
4427,2,7100,3603,3497,0,0,0,1.0,1,1.0,1,1.0,1,0.1470390045337541,55
4428,0,7100,3603,3497,0,0,0,1.0,1,1.0,1,1.0,1,0.1470390045337541,55
4429,0,7100,3603,3497,0,0,0,1.0,1,1.0,1,1.0,1,0.15000604713860974,56
4430,0,7100,3603,3497,0,0,0,1.0,1,1.0,1,1.0,1,0.14096939646322462,55
4431,0,7100,3603,3497,0,0,0,1.0,1,1.0,1,1.0,1,0.15748723552069213,56
4432,3,7103,3605,3498,0,0,0,1.0,1,1.0,1,1.0,1,0.15921754507189456,56
4433,0,7103,3605,3498,0,0,0,1.0,1,1.0,1,1.0,1,0.17057175040934727,57
4434,0,7103,3605,3498,0,0,0,1.0,1,1.0,1,1.0,1,0.18229574329839252,56
4435,2,7105,3606,3499,0,0,0,1.0,1,1.0,1,1.0,1,0.1804586883488125,56
4436,2,7107,3608,3499,0,0,0,1.0,1,1.0,1,1.0,1,0.17095593760317573,55
4437,0,7107,3608,3499,0,0,0,1.0,1,1.0,1,1.0,1,0.1961137935154888,54
4438,3,7110,3609,3501,0,0,0,1.0,1,1.0,1,1.0,1,0.1983226951383489,54
4439,0,7110,3609,3501,0,0,0,1.0,1,1.0,1,1.0,1,0.2141440789534491,55
4440,2,7112,3610,3502,0,0,0,1.0,1,1.0,1,1.0,1,0.2117668463340556,55
4441,4,7116,3612,3504,0,0,0,1.0,1,1.0,1,1.0,1,0.18638969815463513,59
4442,1,7117,3613,3504,0,0,0,1.0,1,1.0,1,1.0,1,0.19982965532939714,61
4443,3,7120,3615,3505,0,0,0,1.0,1,1.0,1,1.0,1,0.23256425908046768,60
4444,5,7125,3615,3510,0,0,0,1.0,1,1.0,1,1.0,1,0.18070041677171822,61
4445,1,7126,3615,3511,0,0,0,1.0,1,1.0,1,1.0,1,0.17892889649421206,61
4446,1,7127,3616,3511,0,0,0,1.0,1,1.0,1,1.0,1,0.1929393404950039,62
4447,1,7128,3616,3512,0,0,0,1.0,1,1.0,1,1.0,1,0.1794380882271293,63
4448,0,7128,3616,3512,0,0,0,1.0,1,1.0,1,1.0,1,0.1794380882271293,63
4449,0,7128,3616,3512,0,0,0,1.0,1,1.0,1,1.0,1,0.1794380882271293,63
4450,0,7128,3616,3512,0,0,0,1.0,1,1.0,1,1.0,1,0.1804023248568535,62
4451,0,7128,3616,3512,0,0,0,1.0,1,1.0,1,1.0,1,0.17928405146460952,63
4452,2,7130,3616,3514,0,0,0,1.0,1,1.0,1,1.0,1,0.16337838282272726,64
4453,1,7131,3616,3515,0,0,0,1.0,1,1.0,1,1.0,1,0.15580321983131765,65
4454,0,7131,3616,3515,0,0,0,1.0,1,1.0,1,1.0,1,0.1555866866059046,66
4455,1,7132,3616,3516,0,0,0,1.0,1,1.0,1,1.0,1,0.1440683813957878,67
4456,1,7133,3617,3516,0,0,0,1.0,1,1.0,1,1.0,1,0.16368245485560792,67
4457,0,7133,3617,3516,0,0,0,1.0,1,1.0,1,1.0,1,0.16659783798361222,65
4458,0,7133,3617,3516,0,0,0,1.0,1,1.0,1,1.0,1,0.187297924877537,65
4459,6,7139,3620,3519,0,0,0,1.0,1,1.0,1,1.0,1,0.2071376551196362,64
4460,0,7139,3620,3519,0,0,0,1.0,1,1.0,1,1.0,1,0.22543599965812916,63
4461,2,7141,3621,3520,0,0,0,1.0,1,1.0,1,1.0,1,0.252380705784768,62
4462,9,7150,3627,3523,0,0,0,1.0,1,1.0,1,1.0,1,0.317989374880903,61
4463,4,7154,3629,3525,0,0,0,1.0,1,1.0,1,1.0,1,0.32248713446897437,61
4464,5,7159,3633,3526,0,0,0,1.0,1,1.0,1,1.0,1,0.3286059129868233,58
4465,5,7164,3634,3530,0,0,0,1.0,1,1.0,1,1.0,1,0.2990071109112896,57
4466,3,7167,3635,3532,0,0,0,1.0,1,1.0,1,1.0,1,0.28781905938984675,54
4467,4,7171,3637,3534,0,0,0,1.0,1,1.0,1,1.0,1,0.2682248067245198,52
4468,5,7176,3639,3537,0,0,0,1.0,1,1.0,1,1.0,1,0.24025906796895202,52
4469,3,7179,3640,3539,0,0,0,1.0,1,1.0,1,1.0,1,0.20370545440991633,51
4470,1,7180,3640,3540,0,0,0,1.0,1,1.0,1,1.0,1,0.18429508686599455,51
4471,1,7181,3641,3540,0,0,0,1.0,1,1.0,1,1.0,1,0.18013043864405223,50
4472,0,7181,3641,3540,0,0,0,1.0,1,1.0,1,1.0,1,0.17918909359365479,48
4473,1,7182,3642,3540,0,0,0,1.0,1,1.0,1,1.0,1,0.1833629171989668,47
4474,3,7185,3645,3540,0,0,0,1.0,1,1.0,1,1.0,1,0.20223536545365503,49
4475,1,7186,3646,3540,0,0,0,1.0,1,1.0,1,1.0,1,0.2637810893653942,47
4476,3,7189,3648,3541,0,0,0,1.0,1,1.0,1,1.0,1,0.25911437329160214,49
4477,4,7193,3648,3545,0,0,0,1.0,1,1.0,1,1.0,1,0.22461282292444743,48
4478,2,7195,3648,3547,0,0,0,1.0,1,1.0,1,1.0,1,0.19768920457790926,48
4479,0,7195,3648,3547,0,0,0,1.0,1,1.0,1,1.0,1,0.19768920457790926,48
4480,4,7199,3648,3551,0,0,0,1.0,1,1.0,1,1.0,1,0.11819777811267779,49
4481,1,7200,3648,3552,0,0,0,1.0,1,1.0,1,1.0,1,0.1139998507999103,49
4482,0,7200,3648,3552,0,0,0,1.0,1,1.0,1,1.0,1,0.1139998507999103,49
4483,0,7200,3648,3552,0,0,0,1.0,1,1.0,1,1.0,1,0.1215469126020404,50
4484,2,7202,3649,3553,0,0,0,1.0,1,1.0,1,1.0,1,0.14844862266007827,52
4485,0,7202,3649,3553,0,0,0,1.0,1,1.0,1,1.0,1,0.14579045850296365,53
4486,2,7204,3651,3553,0,0,0,1.0,1,1.0,1,1.0,1,0.18680151785479787,55
4487,3,7207,3653,3554,0,0,0,1.0,1,1.0,1,1.0,1,0.16311586037112405,55
4488,0,7207,3653,3554,0,0,0,1.0,1,1.0,1,1.0,1,0.16357777938154247,54
4489,2,7209,3654,3555,0,0,0,1.0,1,1.0,1,1.0,1,0.19548075346122784,53
4490,1,7210,3655,3555,0,0,0,1.0,1,1.0,1,1.0,1,0.20658181298684233,53
4491,0,7210,3655,3555,0,0,0,1.0,1,1.0,1,1.0,1,0.22302478760763675,52
4492,1,7211,3655,3556,0,0,0,1.0,1,1.0,1,1.0,1,0.20894252910461564,52
4493,2,7213,3656,3557,0,0,0,1.0,1,1.0,1,1.0,1,0.2577586195229359,52
4494,4,7217,3656,3561,0,0,0,1.0,1,1.0,1,1.0,1,0.2030078626585085,53
4495,6,7223,3661,3562,0,0,0,1.0,1,1.0,1,1.0,1,0.19670512697735273,50
4496,3,7226,3664,3562,0,0,0,1.0,1,1.0,1,1.0,1,0.2509781027970447,51
4497,2,7228,3666,3562,0,0,0,1.0,1,1.0,1,1.0,1,0.2718873288045623,50
4498,5,7233,3668,3565,0,0,0,1.0,1,1.0,1,1.0,1,0.2672494796149098,49
4499,2,7235,3669,3566,0,0,0,1.0,1,1.0,1,1.0,1,0.25172968263485745,48
4500,0,7235,3669,3566,0,0,0,1.0,1,1.0,1,1.0,1,0.223584784308607,48
4501,3,7238,3670,3568,0,0,0,1.0,1,1.0,1,1.0,1,0.18596300374489552,48
4502,1,7239,3671,3568,0,0,0,1.0,1,1.0,1,1.0,1,0.22387655959405067,49
4503,4,7243,3673,3570,0,0,0,1.0,1,1.0,1,1.0,1,0.24043657735993174,49
4504,1,7244,3673,3571,0,0,0,1.0,1,1.0,1,1.0,1,0.25650533468128406,45
4505,0,7244,3673,3571,0,0,0,1.0,1,1.0,1,1.0,1,0.267209590811937,46
4506,4,7248,3676,3572,0,0,0,1.0,1,1.0,1,1.0,1,0.29244306914831314,45
4507,6,7254,3677,3577,0,0,0,1.0,1,1.0,1,1.0,1,0.2791810958912817,45
4508,3,7257,3679,3578,0,0,0,1.0,1,1.0,1,1.0,1,0.2518480005287297,43
4509,1,7258,3680,3578,0,0,0,1.0,1,1.0,1,1.0,1,0.2515067145813271,41
4510,2,7260,3681,3579,0,0,0,1.0,1,1.0,1,1.0,1,0.2570560096518068,42
4511,0,7260,3681,3579,0,0,0,1.0,1,1.0,1,1.0,1,0.2645155205829038,41
4512,0,7260,3681,3579,0,0,0,1.0,1,1.0,1,1.0,1,0.2645155205829038,41
4513,1,7261,3682,3579,0,0,0,1.0,1,1.0,1,1.0,1,0.2341503860708098,41
4514,3,7264,3685,3579,0,0,0,1.0,1,1.0,1,1.0,1,0.2660909085074612,42
4515,0,7264,3685,3579,0,0,0,1.0,1,1.0,1,1.0,1,0.28714114080137165,41
4516,3,7267,3685,3582,0,0,0,1.0,1,1.0,1,1.0,1,0.2726022851571843,42
4517,0,7267,3685,3582,0,0,0,1.0,1,1.0,1,1.0,1,0.2716182050178962,43
4518,0,7267,3685,3582,0,0,0,1.0,1,1.0,1,1.0,1,0.28307763208426456,42
4519,3,7270,3687,3583,0,0,0,1.0,1,1.0,1,1.0,1,0.3065577751700491,42
4520,2,7272,3687,3585,0,0,0,1.0,1,1.0,1,1.0,1,0.2977010254289633,42
4521,2,7274,3688,3586,0,0,0,1.0,1,1.0,1,1.0,1,0.306951835922276,42
4522,2,7276,3690,3586,0,0,0,1.0,1,1.0,1,1.0,1,0.2869974507888424,42
4523,1,7277,3690,3587,0,0,0,1.0,1,1.0,1,1.0,1,0.27212219990054104,42
4524,3,7280,3692,3588,0,0,0,1.0,1,1.0,1,1.0,1,0.2604966911388066,43
4525,3,7283,3692,3591,0,0,0,1.0,1,1.0,1,1.0,1,0.21872298948790755,46
4526,2,7285,3694,3591,0,0,0,1.0,1,1.0,1,1.0,1,0.22710778307919796,46
4527,4,7289,3696,3593,0,0,0,1.0,1,1.0,1,1.0,1,0.21025584211175802,47
4528,2,7291,3696,3595,0,0,0,1.0,1,1.0,1,1.0,1,0.18228842074699192,49
4529,1,7292,3697,3595,0,0,0,1.0,1,1.0,1,1.0,1,0.18044058471015395,50
4530,1,7293,3698,3595,0,0,0,1.0,1,1.0,1,1.0,1,0.1766564495558125,51
4531,1,7294,3699,3595,0,0,0,1.0,1,1.0,1,1.0,1,0.17837184694371847,51
4532,2,7296,3700,3596,0,0,0,1.0,1,1.0,1,1.0,1,0.19471859845772024,51
4533,0,7296,3700,3596,0,0,0,1.0,1,1.0,1,1.0,1,0.18856193253339917,50
4534,1,7297,3700,3597,0,0,0,1.0,1,1.0,1,1.0,1,0.15445949579230905,51
4535,1,7298,3701,3597,0,0,0,1.0,1,1.0,1,1.0,1,0.16433485194581637,50
4536,0,7298,3701,3597,0,0,0,1.0,1,1.0,1,1.0,1,0.18700324576650706,48
4537,1,7299,3702,3597,0,0,0,1.0,1,1.0,1,1.0,1,0.21474103032689068,49
4538,1,7300,3702,3598,0,0,0,1.0,1,1.0,1,1.0,1,0.23614056414147439,48
4539,2,7302,3703,3599,0,0,0,1.0,1,1.0,1,1.0,1,0.29173152100884214,50
4540,2,7304,3703,3601,0,0,0,1.0,1,1.0,1,1.0,1,0.2404619113108536,49
4541,1,7305,3704,3601,0,0,0,1.0,1,1.0,1,1.0,1,0.24203065734339138,49
4542,3,7308,3707,3601,0,0,0,1.0,1,1.0,1,1.0,1,0.30382362837033855,47
4543,1,7309,3707,3602,0,0,0,1.0,1,1.0,1,1.0,1,0.2909466277985308,45
4544,1,7310,3708,3602,0,0,0,1.0,1,1.0,1,1.0,1,0.3020373584816276,45
4545,2,7312,3710,3602,0,0,0,1.0,1,1.0,1,1.0,1,0.35397811569145016,43
4546,6,7318,3712,3606,0,0,0,1.0,1,1.0,1,1.0,1,0.3435627803549484,43
4547,2,7320,3713,3607,0,0,0,1.0,1,1.0,1,1.0,1,0.33747495983250564,41
4548,3,7323,3715,3608,0,0,0,1.0,1,1.0,1,1.0,1,0.32289819366895967,42
4549,0,7323,3715,3608,0,0,0,1.0,1,1.0,1,1.0,1,0.29050176079877954,41
4550,3,7326,3717,3609,0,0,0,1.0,1,1.0,1,1.0,1,0.31232002720113605,41
4551,0,7326,3717,3609,0,0,0,1.0,1,1.0,1,1.0,1,0.3104459910991165,39
4552,0,7326,3717,3609,0,0,0,1.0,1,1.0,1,1.0,1,0.31258659716845594,38
4553,4,7330,3718,3612,0,0,0,1.0,1,1.0,1,1.0,1,0.2942476013367916,39
4554,1,7331,3719,3612,0,0,0,1.0,1,1.0,1,1.0,1,0.3217040653758893,38
4555,3,7334,3720,3614,0,0,0,1.0,1,1.0,1,1.0,1,0.31620862919760573,37
4556,1,7335,3720,3615,0,0,0,1.0,1,1.0,1,1.0,1,0.26623621258455105,36
4557,1,7336,3720,3616,0,0,0,1.0,1,1.0,1,1.0,1,0.25700126330478,38
4558,2,7338,3721,3617,0,0,0,1.0,1,1.0,1,1.0,1,0.26368355042478214,39
4559,0,7338,3721,3617,0,0,0,1.0,1,1.0,1,1.0,1,0.28850910716965994,38
4560,1,7339,3722,3617,0,0,0,1.0,1,1.0,1,1.0,1,0.3293076215086586,41
4561,0,7339,3722,3617,0,0,0,1.0,1,1.0,1,1.0,1,0.3293076215086586,41
4562,2,7341,3723,3618,0,0,0,1.0,1,1.0,1,1.0,1,0.3223652130300163,43
4563,1,7342,3723,3619,0,0,0,1.0,1,1.0,1,1.0,1,0.3028461762315098,42
4564,1,7343,3723,3620,0,0,0,1.0,1,1.0,1,1.0,1,0.30181022063269836,43
4565,1,7344,3723,3621,0,0,0,1.0,1,1.0,1,1.0,1,0.2905482599272249,44
4566,3,7347,3723,3624,0,0,0,1.0,1,1.0,1,1.0,1,0.25138235827000516,45
4567,7,7354,3724,3630,0,0,0,1.0,1,1.0,1,1.0,1,0.17402108859251558,47
4568,0,7354,3724,3630,0,0,0,1.0,1,1.0,1,1.0,1,0.17402108859251558,47
4569,3,7357,3726,3631,0,0,0,1.0,1,1.0,1,1.0,1,0.16873152667708885,49
4570,0,7357,3726,3631,0,0,0,1.0,1,1.0,1,1.0,1,0.16873152667708885,49
4571,0,7357,3726,3631,0,0,0,1.0,1,1.0,1,1.0,1,0.17477736688891607,48
4572,0,7357,3726,3631,0,0,0,1.0,1,1.0,1,1.0,1,0.17477736688891607,48
4573,1,7358,3726,3632,0,0,0,1.0,1,1.0,1,1.0,1,0.16228745462902988,48
4574,1,7359,3727,3632,0,0,0,1.0,1,1.0,1,1.0,1,0.19741197863096133,50
4575,2,7361,3729,3632,0,0,0,1.0,1,1.0,1,1.0,1,0.23789432985858835,51
4576,2,7363,3729,3634,0,0,0,1.0,1,1.0,1,1.0,1,0.23476599586408628,48
4577,0,7363,3729,3634,0,0,0,1.0,1,1.0,1,1.0,1,0.23994858951729975,47
4578,2,7365,3730,3635,0,0,0,1.0,1,1.0,1,1.0,1,0.22823915196568795,46
4579,0,7365,3730,3635,0,0,0,1.0,1,1.0,1,1.0,1,0.22259910934206464,46
4580,0,7365,3730,3635,0,0,0,1.0,1,1.0,1,1.0,1,0.21244649692506565,47
4581,0,7365,3730,3635,0,0,0,1.0,1,1.0,1,1.0,1,0.21244649692506565,47
4582,0,7365,3730,3635,0,0,0,1.0,1,1.0,1,1.0,1,0.2257914973495555,48
4583,0,7365,3730,3635,0,0,0,1.0,1,1.0,1,1.0,1,0.2257914973495555,48
4584,0,7365,3730,3635,0,0,0,1.0,1,1.0,1,1.0,1,0.24171987778103177,50
4585,1,7366,3731,3635,0,0,0,1.0,1,1.0,1,1.0,1,0.25630632248417184,50
4586,0,7366,3731,3635,0,0,0,1.0,1,1.0,1,1.0,1,0.25630632248417184,50
4587,0,7366,3731,3635,0,0,0,1.0,1,1.0,1,1.0,1,0.25630632248417184,50
4588,0,7366,3731,3635,0,0,0,1.0,1,1.0,1,1.0,1,0.25630632248417184,50
4589,3,7369,3731,3638,0,0,0,1.0,1,1.0,1,1.0,1,0.24023531164928008,52
4590,0,7369,3731,3638,0,0,0,1.0,1,1.0,1,1.0,1,0.24023531164928008,52
4591,0,7369,3731,3638,0,0,0,1.0,1,1.0,1,1.0,1,0.24388510700359525,53
4592,1,7370,3731,3639,0,0,0,1.0,1,1.0,1,1.0,1,0.24729726516943382,54
4593,1,7371,3731,3640,0,0,0,1.0,1,1.0,1,1.0,1,0.22756132420949732,56
4594,2,7373,3731,3642,0,0,0,1.0,1,1.0,1,1.0,1,0.20924182806696637,57
4595,1,7374,3732,3642,0,0,0,1.0,1,1.0,1,1.0,1,0.21147466133465173,56
4596,1,7375,3732,3643,0,0,0,1.0,1,1.0,1,1.0,1,0.201224888453866,56
4597,1,7376,3733,3643,0,0,0,1.0,1,1.0,1,1.0,1,0.20827784287280043,56
4598,6,7382,3736,3646,0,0,0,1.0,1,1.0,1,1.0,1,0.24568896526379885,57
4599,2,7384,3736,3648,0,0,0,1.0,1,1.0,1,1.0,1,0.19212497481525506,59
4600,0,7384,3736,3648,0,0,0,1.0,1,1.0,1,1.0,1,0.20201486098021232,60
4601,2,7386,3738,3648,0,0,0,1.0,1,1.0,1,1.0,1,0.24721060569470735,60
4602,2,7388,3738,3650,0,0,0,1.0,1,1.0,1,1.0,1,0.206209643974647,62
4603,1,7389,3738,3651,0,0,0,1.0,1,1.0,1,1.0,1,0.19614191491393895,62
4604,0,7389,3738,3651,0,0,0,1.0,1,1.0,1,1.0,1,0.1837691411644308,63
4605,0,7389,3738,3651,0,0,0,1.0,1,1.0,1,1.0,1,0.1837691411644308,63
4606,1,7390,3738,3652,0,0,0,1.0,1,1.0,1,1.0,1,0.17838630007649497,64
4607,1,7391,3739,3652,0,0,0,1.0,1,1.0,1,1.0,1,0.1778961767747833,65
4608,2,7393,3740,3653,0,0,0,1.0,1,1.0,1,1.0,1,0.20668334491592577,66
4609,1,7394,3740,3654,0,0,0,1.0,1,1.0,1,1.0,1,0.20220846770130452,65
4610,0,7394,3740,3654,0,0,0,1.0,1,1.0,1,1.0,1,0.22982419715896088,63
4611,1,7395,3740,3655,0,0,0,1.0,1,1.0,1,1.0,1,0.2306598941821459,64
4612,1,7396,3740,3656,0,0,0,1.0,1,1.0,1,1.0,1,0.2251229971762961,62
4613,2,7398,3742,3656,0,0,0,1.0,1,1.0,1,1.0,1,0.27258101648569977,63
4614,3,7401,3744,3657,0,0,0,1.0,1,1.0,1,1.0,1,0.24543111860096853,61
4615,3,7404,3745,3659,0,0,0,1.0,1,1.0,1,1.0,1,0.26948877020242795,59
4616,2,7406,3747,3659,0,0,0,1.0,1,1.0,1,1.0,1,0.275553101345202,58
4617,1,7407,3747,3660,0,0,0,1.0,1,1.0,1,1.0,1,0.2794960352320357,58
4618,1,7408,3748,3660,0,0,0,1.0,1,1.0,1,1.0,1,0.29874338741284073,57
4619,1,7409,3749,3660,0,0,0,1.0,1,1.0,1,1.0,1,0.3104378986924153,57
4620,2,7411,3749,3662,0,0,0,1.0,1,1.0,1,1.0,1,0.26827579405130714,57
4621,3,7414,3751,3663,0,0,0,1.0,1,1.0,1,1.0,1,0.2643670794926488,59
4622,6,7420,3754,3666,0,0,0,1.0,1,1.0,1,1.0,1,0.27155321542201355,60
4623,2,7422,3755,3667,0,0,0,1.0,1,1.0,1,1.0,1,0.28010006875568116,59
4624,3,7425,3757,3668,0,0,0,1.0,1,1.0,1,1.0,1,0.25126926286697854,59
4625,2,7427,3758,3669,0,0,0,1.0,1,1.0,1,1.0,1,0.25533338802795985,57
4626,1,7428,3759,3669,0,0,0,1.0,1,1.0,1,1.0,1,0.2659779877604646,56
4627,2,7430,3759,3671,0,0,0,1.0,1,1.0,1,1.0,1,0.24439229827232797,56
4628,0,7430,3759,3671,0,0,0,1.0,1,1.0,1,1.0,1,0.2570275307496772,56
4629,2,7432,3760,3672,0,0,0,1.0,1,1.0,1,1.0,1,0.28483682521410114,56
4630,3,7435,3761,3674,0,0,0,1.0,1,1.0,1,1.0,1,0.2682063326674985,57
4631,0,7435,3761,3674,0,0,0,1.0,1,1.0,1,1.0,1,0.2896035222140862,56
4632,3,7438,3761,3677,0,0,0,1.0,1,1.0,1,1.0,1,0.27306020031849887,57
4633,0,7438,3761,3677,0,0,0,1.0,1,1.0,1,1.0,1,0.27128167675409137,58
4634,1,7439,3761,3678,0,0,0,1.0,1,1.0,1,1.0,1,0.26329080337382565,58
4635,1,7440,3761,3679,0,0,0,1.0,1,1.0,1,1.0,1,0.24523268722197103,59
4636,2,7442,3761,3681,0,0,0,1.0,1,1.0,1,1.0,1,0.21666482295711417,60
4637,1,7443,3761,3682,0,0,0,1.0,1,1.0,1,1.0,1,0.20062454907743038,60
4638,1,7444,3761,3683,0,0,0,1.0,1,1.0,1,1.0,1,0.20841084278561922,61
4639,0,7444,3761,3683,0,0,0,1.0,1,1.0,1,1.0,1,0.2190710726011072,62
4640,4,7448,3761,3687,0,0,0,1.0,1,1.0,1,1.0,1,0.17257349029778507,63
4641,3,7451,3763,3688,0,0,0,1.0,1,1.0,1,1.0,1,0.17150343553051142,63
4642,0,7451,3763,3688,0,0,0,1.0,1,1.0,1,1.0,1,0.18071934141757032,62
4643,3,7454,3766,3688,0,0,0,1.0,1,1.0,1,1.0,1,0.22554105638785224,63
4644,1,7455,3766,3689,0,0,0,1.0,1,1.0,1,1.0,1,0.22801628348933248,62
4645,1,7456,3767,3689,0,0,0,1.0,1,1.0,1,1.0,1,0.2487042027528403,63
4646,3,7459,3770,3689,0,0,0,1.0,1,1.0,1,1.0,1,0.3120955884377414,63
4647,4,7463,3771,3692,0,0,0,1.0,1,1.0,1,1.0,1,0.2873381795388044,62
4648,4,7467,3773,3694,0,0,0,1.0,1,1.0,1,1.0,1,0.31926420426324065,63
4649,0,7467,3773,3694,0,0,0,1.0,1,1.0,1,1.0,1,0.30248235671534845,61
4650,4,7471,3774,3697,0,0,0,1.0,1,1.0,1,1.0,1,0.29099943618983953,63
4651,6,7477,3776,3701,0,0,0,1.0,1,1.0,1,1.0,1,0.2443479392027021,62
4652,0,7477,3776,3701,0,0,0,1.0,1,1.0,1,1.0,1,0.2378820970723165,59
4653,2,7479,3776,3703,0,0,0,1.0,1,1.0,1,1.0,1,0.2265449177938854,60
4654,2,7481,3777,3704,0,0,0,1.0,1,1.0,1,1.0,1,0.20566968240609673,60
4655,0,7481,3777,3704,0,0,0,1.0,1,1.0,1,1.0,1,0.20566968240609673,60
4656,2,7483,3779,3704,0,0,0,1.0,1,1.0,1,1.0,1,0.25054295065692583,61
4657,1,7484,3779,3705,0,0,0,1.0,1,1.0,1,1.0,1,0.23332354329969024,62
4658,0,7484,3779,3705,0,0,0,1.0,1,1.0,1,1.0,1,0.23332354329969024,62
4659,0,7484,3779,3705,0,0,0,1.0,1,1.0,1,1.0,1,0.24421428661786404,61
4660,1,7485,3780,3705,0,0,0,1.0,1,1.0,1,1.0,1,0.2863807483742297,61
4661,0,7485,3780,3705,0,0,0,1.0,1,1.0,1,1.0,1,0.2931635223175368,61
4662,1,7486,3781,3705,0,0,0,1.0,1,1.0,1,1.0,1,0.28454719119611394,62
4663,3,7489,3782,3707,0,0,0,1.0,1,1.0,1,1.0,1,0.26044096038308495,61
4664,2,7491,3784,3707,0,0,0,1.0,1,1.0,1,1.0,1,0.26034274146943714,62
4665,3,7494,3785,3709,0,0,0,1.0,1,1.0,1,1.0,1,0.24316856691104985,61
4666,5,7499,3786,3713,0,0,0,1.0,1,1.0,1,1.0,1,0.20407077779041463,61
4667,0,7499,3786,3713,0,0,0,1.0,1,1.0,1,1.0,1,0.21015140473831795,59
4668,3,7502,3789,3713,0,0,0,1.0,1,1.0,1,1.0,1,0.2238520492993736,59
4669,2,7504,3790,3714,0,0,0,1.0,1,1.0,1,1.0,1,0.2235327545670963,58
4670,3,7507,3793,3714,0,0,0,1.0,1,1.0,1,1.0,1,0.2169848848054337,57
4671,0,7507,3793,3714,0,0,0,1.0,1,1.0,1,1.0,1,0.21878821964437736,55
4672,1,7508,3794,3714,0,0,0,1.0,1,1.0,1,1.0,1,0.2510598088386867,56
4673,0,7508,3794,3714,0,0,0,1.0,1,1.0,1,1.0,1,0.2336385335720564,58
4674,4,7512,3796,3716,0,0,0,1.0,1,1.0,1,1.0,1,0.2280029214543828,58
4675,2,7514,3796,3718,0,0,0,1.0,1,1.0,1,1.0,1,0.25170798866901756,57
4676,4,7518,3797,3721,0,0,0,1.0,1,1.0,1,1.0,1,0.24743065786699434,58
4677,2,7520,3797,3723,0,0,0,1.0,1,1.0,1,1.0,1,0.23072258187754205,57
4678,3,7523,3799,3724,0,0,0,1.0,1,1.0,1,1.0,1,0.21898670671839107,57
4679,0,7523,3799,3724,0,0,0,1.0,1,1.0,1,1.0,1,0.21898670671839107,57
4680,1,7524,3799,3725,0,0,0,1.0,1,1.0,1,1.0,1,0.21088396190351802,59
4681,1,7525,3800,3725,0,0,0,1.0,1,1.0,1,1.0,1,0.2277517267372244,60
4682,3,7528,3802,3726,0,0,0,1.0,1,1.0,1,1.0,1,0.2367221940022575,60
4683,3,7531,3803,3728,0,0,0,1.0,1,1.0,1,1.0,1,0.22740489343962256,60
4684,4,7535,3806,3729,0,0,0,1.0,1,1.0,1,1.0,1,0.29897369766983234,60
4685,2,7537,3806,3731,0,0,0,1.0,1,1.0,1,1.0,1,0.27261836443262083,59
4686,2,7539,3807,3732,0,0,0,1.0,1,1.0,1,1.0,1,0.28190227932614526,60
4687,0,7539,3807,3732,0,0,0,1.0,1,1.0,1,1.0,1,0.2695999722516975,59
4688,3,7542,3808,3734,0,0,0,1.0,1,1.0,1,1.0,1,0.2763798636785816,59
4689,3,7545,3810,3735,0,0,0,1.0,1,1.0,1,1.0,1,0.30450513692942716,59
4690,3,7548,3811,3737,0,0,0,1.0,1,1.0,1,1.0,1,0.28657255128891884,58
4691,2,7550,3812,3738,0,0,0,1.0,1,1.0,1,1.0,1,0.2935181051665891,57
4692,1,7551,3812,3739,0,0,0,1.0,1,1.0,1,1.0,1,0.2750686415218264,58
4693,0,7551,3812,3739,0,0,0,1.0,1,1.0,1,1.0,1,0.2678543830755827,57
4694,2,7553,3813,3740,0,0,0,1.0,1,1.0,1,1.0,1,0.25164138554463994,57
4695,1,7554,3813,3741,0,0,0,1.0,1,1.0,1,1.0,1,0.2652428246886456,56
4696,2,7556,3814,3742,0,0,0,1.0,1,1.0,1,1.0,1,0.27708213978506374,57
4697,2,7558,3814,3744,0,0,0,1.0,1,1.0,1,1.0,1,0.26744996141506816,58
4698,1,7559,3815,3744,0,0,0,1.0,1,1.0,1,1.0,1,0.30144695682298983,59
4699,5,7564,3815,3749,0,0,0,1.0,1,1.0,1,1.0,1,0.26147461825684803,58
4700,0,7564,3815,3749,0,0,0,1.0,1,1.0,1,1.0,1,0.24562558770003798,59
4701,2,7566,3816,3750,0,0,0,1.0,1,1.0,1,1.0,1,0.2647047346166888,60
4702,3,7569,3817,3752,0,0,0,1.0,1,1.0,1,1.0,1,0.2525068675324217,61
4703,2,7571,3818,3753,0,0,0,1.0,1,1.0,1,1.0,1,0.2522019260052333,59
4704,2,7573,3820,3753,0,0,0,1.0,1,1.0,1,1.0,1,0.2709937774026786,58
4705,7,7580,3822,3758,0,0,0,1.0,1,1.0,1,1.0,1,0.23859873977359747,58
4706,1,7581,3823,3758,0,0,0,1.0,1,1.0,1,1.0,1,0.2647784509148544,60
4707,1,7582,3824,3758,0,0,0,1.0,1,1.0,1,1.0,1,0.27837581293084207,57
4708,6,7588,3827,3761,0,0,0,1.0,1,1.0,1,1.0,1,0.25617050801533786,57
4709,2,7590,3828,3762,0,0,0,1.0,1,1.0,1,1.0,1,0.24292106780188386,55
4710,1,7591,3829,3762,0,0,0,1.0,1,1.0,1,1.0,1,0.2588289568809881,53
4711,1,7592,3830,3762,0,0,0,1.0,1,1.0,1,1.0,1,0.24472021627714194,52
4712,2,7594,3832,3762,0,0,0,1.0,1,1.0,1,1.0,1,0.2829590680625308,52
4713,1,7595,3833,3762,0,0,0,1.0,1,1.0,1,1.0,1,0.28857043347012656,51
4714,2,7597,3833,3764,0,0,0,1.0,1,1.0,1,1.0,1,0.25465154048861116,50
4715,2,7599,3835,3764,0,0,0,1.0,1,1.0,1,1.0,1,0.2797751356993061,50
4716,1,7600,3835,3765,0,0,0,1.0,1,1.0,1,1.0,1,0.2582904532134458,49
4717,2,7602,3837,3765,0,0,0,1.0,1,1.0,1,1.0,1,0.2955306568637849,49
4718,2,7604,3838,3766,0,0,0,1.0,1,1.0,1,1.0,1,0.3151798428621,50
4719,1,7605,3838,3767,0,0,0,1.0,1,1.0,1,1.0,1,0.3049098640298316,49
4720,4,7609,3838,3771,0,0,0,1.0,1,1.0,1,1.0,1,0.2597731777887196,49
4721,1,7610,3838,3772,0,0,0,1.0,1,1.0,1,1.0,1,0.24352037698099513,50
4722,0,7610,3838,3772,0,0,0,1.0,1,1.0,1,1.0,1,0.24810956315763003,51
4723,2,7612,3838,3774,0,0,0,1.0,1,1.0,1,1.0,1,0.2234199004498286,50
4724,2,7614,3838,3776,0,0,0,1.0,1,1.0,1,1.0,1,0.2124487944681562,50
4725,1,7615,3839,3776,0,0,0,1.0,1,1.0,1,1.0,1,0.2279449357499077,52
4726,2,7617,3840,3777,0,0,0,1.0,1,1.0,1,1.0,1,0.2553326450316391,51
4727,0,7617,3840,3777,0,0,0,1.0,1,1.0,1,1.0,1,0.262668759700553,52
4728,1,7618,3840,3778,0,0,0,1.0,1,1.0,1,1.0,1,0.2478487299848947,52
4729,2,7620,3841,3779,0,0,0,1.0,1,1.0,1,1.0,1,0.2694396548205165,52
4730,2,7622,3842,3780,0,0,0,1.0,1,1.0,1,1.0,1,0.2958243390829591,50
4731,1,7623,3843,3780,0,0,0,1.0,1,1.0,1,1.0,1,0.2632730261582984,51
4732,4,7627,3845,3782,0,0,0,1.0,1,1.0,1,1.0,1,0.3135359957315901,52
4733,2,7629,3845,3784,0,0,0,1.0,1,1.0,1,1.0,1,0.29422135734274923,53
4734,2,7631,3846,3785,0,0,0,1.0,1,1.0,1,1.0,1,0.3006143969438426,53
4735,4,7635,3848,3787,0,0,0,1.0,1,1.0,1,1.0,1,0.30221106716047136,53
4736,1,7636,3849,3787,0,0,0,1.0,1,1.0,1,1.0,1,0.3126747585645314,55
4737,0,7636,3849,3787,0,0,0,1.0,1,1.0,1,1.0,1,0.31615272039031633,57
4738,3,7639,3850,3789,0,0,0,1.0,1,1.0,1,1.0,1,0.3021706671583051,57
4739,1,7640,3850,3790,0,0,0,1.0,1,1.0,1,1.0,1,0.2905513269006439,57
4740,0,7640,3850,3790,0,0,0,1.0,1,1.0,1,1.0,1,0.2905513269006439,57
4741,2,7642,3850,3792,0,0,0,1.0,1,1.0,1,1.0,1,0.27137172853228564,58
4742,2,7644,3852,3792,0,0,0,1.0,1,1.0,1,1.0,1,0.28498475952080354,58
4743,2,7646,3852,3794,0,0,0,1.0,1,1.0,1,1.0,1,0.24477629920118218,56
4744,3,7649,3854,3795,0,0,0,1.0,1,1.0,1,1.0,1,0.2527810660769408,57
4745,2,7651,3855,3796,0,0,0,1.0,1,1.0,1,1.0,1,0.23622009354242648,56
4746,4,7655,3858,3797,0,0,0,1.0,1,1.0,1,1.0,1,0.27247655076234295,56
4747,3,7658,3859,3799,0,0,0,1.0,1,1.0,1,1.0,1,0.25971002001654314,55
4748,4,7662,3861,3801,0,0,0,1.0,1,1.0,1,1.0,1,0.29593544474709327,55
4749,2,7664,3862,3802,0,0,0,1.0,1,1.0,1,1.0,1,0.2824723610029783,54
4750,1,7665,3863,3802,0,0,0,1.0,1,1.0,1,1.0,1,0.266642193222611,53
4751,0,7665,3863,3802,0,0,0,1.0,1,1.0,1,1.0,1,0.28563482877803964,53
4752,1,7666,3864,3802,0,0,0,1.0,1,1.0,1,1.0,1,0.27979773521621965,53
4753,2,7668,3864,3804,0,0,0,1.0,1,1.0,1,1.0,1,0.26902170207703935,52
4754,2,7670,3865,3805,0,0,0,1.0,1,1.0,1,1.0,1,0.2565572845598931,52
4755,2,7672,3865,3807,0,0,0,1.0,1,1.0,1,1.0,1,0.23718442991772545,51
4756,3,7675,3866,3809,0,0,0,1.0,1,1.0,1,1.0,1,0.23551230964802455,52
4757,1,7676,3866,3810,0,0,0,1.0,1,1.0,1,1.0,1,0.2185940832724992,51
4758,0,7676,3866,3810,0,0,0,1.0,1,1.0,1,1.0,1,0.2185940832724992,51
4759,1,7677,3867,3810,0,0,0,1.0,1,1.0,1,1.0,1,0.22008939990235082,51
4760,2,7679,3867,3812,0,0,0,1.0,1,1.0,1,1.0,1,0.17980788973898298,52
4761,2,7681,3868,3813,0,0,0,1.0,1,1.0,1,1.0,1,0.20160363628803984,50
4762,4,7685,3868,3817,0,0,0,1.0,1,1.0,1,1.0,1,0.16655789119841513,51
4763,2,7687,3869,3818,0,0,0,1.0,1,1.0,1,1.0,1,0.1722862337027466,51
4764,3,7690,3872,3818,0,0,0,1.0,1,1.0,1,1.0,1,0.15165451466023652,53
4765,2,7692,3873,3819,0,0,0,1.0,1,1.0,1,1.0,1,0.17244563671403643,53
4766,3,7695,3875,3820,0,0,0,1.0,1,1.0,1,1.0,1,0.18806407617344992,55
4767,2,7697,3876,3821,0,0,0,1.0,1,1.0,1,1.0,1,0.17789141219935278,56
4768,1,7698,3876,3822,0,0,0,1.0,1,1.0,1,1.0,1,0.16457240799001657,56
4769,2,7700,3877,3823,0,0,0,1.0,1,1.0,1,1.0,1,0.15782376318943667,56
4770,0,7700,3877,3823,0,0,0,1.0,1,1.0,1,1.0,1,0.15782376318943667,56
4771,0,7700,3877,3823,0,0,0,1.0,1,1.0,1,1.0,1,0.1602226373316728,55
4772,2,7702,3878,3824,0,0,0,1.0,1,1.0,1,1.0,1,0.14911254300615676,56
4773,0,7702,3878,3824,0,0,0,1.0,1,1.0,1,1.0,1,0.14911254300615676,56
4774,1,7703,3878,3825,0,0,0,1.0,1,1.0,1,1.0,1,0.110465998719297,58
4775,0,7703,3878,3825,0,0,0,1.0,1,1.0,1,1.0,1,0.11474995873934372,59
4776,0,7703,3878,3825,0,0,0,1.0,1,1.0,1,1.0,1,0.11474995873934372,59
4777,1,7704,3879,3825,0,0,0,1.0,1,1.0,1,1.0,1,0.13786502957121505,60
4778,0,7704,3879,3825,0,0,0,1.0,1,1.0,1,1.0,1,0.13786502957121505,60
4779,1,7705,3879,3826,0,0,0,1.0,1,1.0,1,1.0,1,0.13619510346280078,61
4780,0,7705,3879,3826,0,0,0,1.0,1,1.0,1,1.0,1,0.15782396041888924,63
4781,0,7705,3879,3826,0,0,0,1.0,1,1.0,1,1.0,1,0.16966572929111298,62
4782,2,7707,3880,3827,0,0,0,1.0,1,1.0,1,1.0,1,0.18057559118998223,63
4783,3,7710,3882,3828,0,0,0,1.0,1,1.0,1,1.0,1,0.16143938475744962,62
4784,4,7714,3885,3829,0,0,0,1.0,1,1.0,1,1.0,1,0.21599007312196397,62
4785,4,7718,3888,3830,0,0,0,1.0,1,1.0,1,1.0,1,0.19829337647700213,62
4786,6,7724,3890,3834,0,0,0,1.0,1,1.0,1,1.0,1,0.18193552129086443,63
4787,3,7727,3891,3836,0,0,0,1.0,1,1.0,1,1.0,1,0.15778085710918197,62
4788,4,7731,3895,3836,0,0,0,1.0,1,1.0,1,1.0,1,0.19193055220795355,62
4789,4,7735,3896,3839,0,0,0,1.0,1,1.0,1,1.0,1,0.18026225944097915,60
4790,3,7738,3898,3840,0,0,0,1.0,1,1.0,1,1.0,1,0.18141144036004442,61
4791,1,7739,3899,3840,0,0,0,1.0,1,1.0,1,1.0,1,0.18423444524852464,60
4792,6,7745,3902,3843,0,0,0,1.0,1,1.0,1,1.0,1,0.18976826988440243,60
4793,4,7749,3905,3844,0,0,0,1.0,1,1.0,1,1.0,1,0.20300327568630644,61
4794,2,7751,3907,3844,0,0,0,1.0,1,1.0,1,1.0,1,0.21504670037239781,59
4795,2,7753,3907,3846,0,0,0,1.0,1,1.0,1,1.0,1,0.17141230852303013,61
4796,3,7756,3909,3847,0,0,0,1.0,1,1.0,1,1.0,1,0.1644662357629957,59
4797,0,7756,3909,3847,0,0,0,1.0,1,1.0,1,1.0,1,0.1549868178200135,58
4798,3,7759,3910,3849,0,0,0,1.0,1,1.0,1,1.0,1,0.11062983750227336,59
4799,3,7762,3912,3850,0,0,0,1.0,1,1.0,1,1.0,1,0.15173663047225341,57
4800,0,7762,3912,3850,0,0,0,1.0,1,1.0,1,1.0,1,0.15290002003257253,58
4801,4,7766,3913,3853,0,0,0,1.0,1,1.0,1,1.0,1,0.09374188226662696,57
4802,2,7768,3914,3854,0,0,0,1.0,1,1.0,1,1.0,1,0.09421606831421955,57
4803,1,7769,3915,3854,0,0,0,1.0,1,1.0,1,1.0,1,0.09890189520336014,56
4804,0,7769,3915,3854,0,0,0,1.0,1,1.0,1,1.0,1,0.11182131351133634,54
4805,0,7769,3915,3854,0,0,0,1.0,1,1.0,1,1.0,1,0.13207600255319793,56
4806,0,7769,3915,3854,0,0,0,1.0,1,1.0,1,1.0,1,0.14009330691042118,55
4807,3,7772,3917,3855,0,0,0,1.0,1,1.0,1,1.0,1,0.1205679216798169,54
4808,0,7772,3917,3855,0,0,0,1.0,1,1.0,1,1.0,1,0.1461128877967103,53
4809,1,7773,3918,3855,0,0,0,1.0,1,1.0,1,1.0,1,0.16485432821187163,53
4810,1,7774,3918,3856,0,0,0,1.0,1,1.0,1,1.0,1,0.16685284772177217,51
4811,3,7777,3920,3857,0,0,0,1.0,1,1.0,1,1.0,1,0.12396638147149809,52
4812,1,7778,3920,3858,0,0,0,1.0,1,1.0,1,1.0,1,0.12637083112391137,52
4813,0,7778,3920,3858,0,0,0,1.0,1,1.0,1,1.0,1,0.12637083112391137,52
4814,6,7784,3925,3859,0,0,0,1.0,1,1.0,1,1.0,1,0.17152599874449959,53
4815,4,7788,3928,3860,0,0,0,1.0,1,1.0,1,1.0,1,0.19113172272400653,54
4816,2,7790,3929,3861,0,0,0,1.0,1,1.0,1,1.0,1,0.1766744598123475,54
4817,6,7796,3933,3863,0,0,0,1.0,1,1.0,1,1.0,1,0.2552813649931944,55
4818,3,7799,3936,3863,0,0,0,1.0,1,1.0,1,1.0,1,0.23184561514585433,55
4819,4,7803,3937,3866,0,0,0,1.0,1,1.0,1,1.0,1,0.2052891795294009,55
4820,2,7805,3938,3867,0,0,0,1.0,1,1.0,1,1.0,1,0.22783363468213189,55
4821,3,7808,3941,3867,0,0,0,1.0,1,1.0,1,1.0,1,0.20963272922333717,55
4822,0,7808,3941,3867,0,0,0,1.0,1,1.0,1,1.0,1,0.20318497233111038,54
4823,2,7810,3941,3869,0,0,0,1.0,1,1.0,1,1.0,1,0.13189131980940863,54
4824,3,7813,3943,3870,0,0,0,1.0,1,1.0,1,1.0,1,0.13445496823541664,55
4825,0,7813,3943,3870,0,0,0,1.0,1,1.0,1,1.0,1,0.11029386152485644,53
4826,2,7815,3944,3871,0,0,0,1.0,1,1.0,1,1.0,1,0.110579468237488,54
4827,2,7817,3945,3872,0,0,0,1.0,1,1.0,1,1.0,1,0.12703601758004793,53
4828,1,7818,3945,3873,0,0,0,1.0,1,1.0,1,1.0,1,0.0861258573933704,54
4829,0,7818,3945,3873,0,0,0,1.0,1,1.0,1,1.0,1,0.08806288787139477,54
4830,2,7820,3947,3873,0,0,0,1.0,1,1.0,1,1.0,1,0.12196280728062334,53
4831,2,7822,3948,3874,0,0,0,1.0,1,1.0,1,1.0,1,0.12142045898759657,52
4832,0,7822,3948,3874,0,0,0,1.0,1,1.0,1,1.0,1,0.12995505015360376,50
4833,0,7822,3948,3874,0,0,0,1.0,1,1.0,1,1.0,1,0.14152172061314813,51
4834,3,7825,3950,3875,0,0,0,1.0,1,1.0,1,1.0,1,0.21481574230441372,51
4835,2,7827,3950,3877,0,0,0,1.0,1,1.0,1,1.0,1,0.1583251450424064,50
4836,2,7829,3951,3878,0,0,0,1.0,1,1.0,1,1.0,1,0.21424196857262248,50
4837,3,7832,3952,3880,0,0,0,1.0,1,1.0,1,1.0,1,0.19248196024762562,46
4838,1,7833,3953,3880,0,0,0,1.0,1,1.0,1,1.0,1,0.16647082918869952,47
4839,2,7835,3954,3881,0,0,0,1.0,1,1.0,1,1.0,1,0.184921772135033,45
4840,2,7837,3956,3881,0,0,0,1.0,1,1.0,1,1.0,1,0.2092845281592008,45
4841,3,7840,3958,3882,0,0,0,1.0,1,1.0,1,1.0,1,0.2519172199231182,43
4842,0,7840,3958,3882,0,0,0,1.0,1,1.0,1,1.0,1,0.22455815349425393,43
4843,2,7842,3958,3884,0,0,0,1.0,1,1.0,1,1.0,1,0.20794226107520974,44
4844,1,7843,3959,3884,0,0,0,1.0,1,1.0,1,1.0,1,0.23466782390670418,43
4845,1,7844,3960,3884,0,0,0,1.0,1,1.0,1,1.0,1,0.24191024615020326,44
4846,0,7844,3960,3884,0,0,0,1.0,1,1.0,1,1.0,1,0.25249722928489743,43
4847,2,7846,3962,3884,0,0,0,1.0,1,1.0,1,1.0,1,0.30245028982747774,42
4848,2,7848,3964,3884,0,0,0,1.0,1,1.0,1,1.0,1,0.285081772764113,41
4849,0,7848,3964,3884,0,0,0,1.0,1,1.0,1,1.0,1,0.24084543619327378,41
4850,1,7849,3964,3885,0,0,0,1.0,1,1.0,1,1.0,1,0.25847865028801137,41
4851,0,7849,3964,3885,0,0,0,1.0,1,1.0,1,1.0,1,0.25847865028801137,41
4852,0,7849,3964,3885,0,0,0,1.0,1,1.0,1,1.0,1,0.260946335056777,43
4853,1,7850,3965,3885,0,0,0,1.0,1,1.0,1,1.0,1,0.28085883314928717,44
4854,1,7851,3966,3885,0,0,0,1.0,1,1.0,1,1.0,1,0.3107142706785323,45
4855,0,7851,3966,3885,0,0,0,1.0,1,1.0,1,1.0,1,0.29534397181998395,44
4856,0,7851,3966,3885,0,0,0,1.0,1,1.0,1,1.0,1,0.29534397181998395,44
4857,1,7852,3966,3886,0,0,0,1.0,1,1.0,1,1.0,1,0.293582604505355,44
4858,0,7852,3966,3886,0,0,0,1.0,1,1.0,1,1.0,1,0.30367276735234017,45
4859,0,7852,3966,3886,0,0,0,1.0,1,1.0,1,1.0,1,0.31577272859921274,46
4860,0,7852,3966,3886,0,0,0,1.0,1,1.0,1,1.0,1,0.31577272859921274,46
4861,1,7853,3966,3887,0,0,0,1.0,1,1.0,1,1.0,1,0.31719384422944147,46
4862,1,7854,3966,3888,0,0,0,1.0,1,1.0,1,1.0,1,0.31218694098300853,47
4863,3,7857,3967,3890,0,0,0,1.0,1,1.0,1,1.0,1,0.30698769517945185,47
4864,3,7860,3967,3893,0,0,0,1.0,1,1.0,1,1.0,1,0.26514078860570117,47
4865,1,7861,3967,3894,0,0,0,1.0,1,1.0,1,1.0,1,0.2603774417703612,48
4866,2,7863,3967,3896,0,0,0,1.0,1,1.0,1,1.0,1,0.21484097747353317,49
4867,0,7863,3967,3896,0,0,0,1.0,1,1.0,1,1.0,1,0.23147894449922146,50
4868,4,7867,3969,3898,0,0,0,1.0,1,1.0,1,1.0,1,0.18130220587897722,50
4869,0,7867,3969,3898,0,0,0,1.0,1,1.0,1,1.0,1,0.18130220587897722,50
4870,5,7872,3972,3900,0,0,0,1.0,1,1.0,1,1.0,1,0.22066536614048865,52
4871,2,7874,3972,3902,0,0,0,1.0,1,1.0,1,1.0,1,0.1934952410347642,52
4872,0,7874,3972,3902,0,0,0,1.0,1,1.0,1,1.0,1,0.1746500394349636,53
4873,2,7876,3973,3903,0,0,0,1.0,1,1.0,1,1.0,1,0.19409204483761458,55
4874,2,7878,3975,3903,0,0,0,1.0,1,1.0,1,1.0,1,0.22519847082497482,56
4875,4,7882,3976,3906,0,0,0,1.0,1,1.0,1,1.0,1,0.19165904775420803,55
4876,2,7884,3976,3908,0,0,0,1.0,1,1.0,1,1.0,1,0.1558430238502042,55
4877,2,7886,3978,3908,0,0,0,1.0,1,1.0,1,1.0,1,0.16073733254686123,54
4878,1,7887,3979,3908,0,0,0,1.0,1,1.0,1,1.0,1,0.18991972450967123,53
4879,1,7888,3980,3908,0,0,0,1.0,1,1.0,1,1.0,1,0.22824088891310743,54
4880,3,7891,3981,3910,0,0,0,1.0,1,1.0,1,1.0,1,0.21680554195879106,54
4881,1,7892,3982,3910,0,0,0,1.0,1,1.0,1,1.0,1,0.2538707184547359,53
4882,3,7895,3982,3913,0,0,0,1.0,1,1.0,1,1.0,1,0.26245928960035175,53
4883,1,7896,3983,3913,0,0,0,1.0,1,1.0,1,1.0,1,0.27850219167656215,53
4884,0,7896,3983,3913,0,0,0,1.0,1,1.0,1,1.0,1,0.257161752025417,51
4885,1,7897,3983,3914,0,0,0,1.0,1,1.0,1,1.0,1,0.24331571449944314,50
4886,0,7897,3983,3914,0,0,0,1.0,1,1.0,1,1.0,1,0.263770565675518,48
4887,0,7897,3983,3914,0,0,0,1.0,1,1.0,1,1.0,1,0.263770565675518,48
4888,1,7898,3984,3914,0,0,0,1.0,1,1.0,1,1.0,1,0.2758771261934192,48
4889,1,7899,3984,3915,0,0,0,1.0,1,1.0,1,1.0,1,0.27048562941770904,48
4890,0,7899,3984,3915,0,0,0,1.0,1,1.0,1,1.0,1,0.2698150837308479,49
4891,0,7899,3984,3915,0,0,0,1.0,1,1.0,1,1.0,1,0.28381223852929655,50
4892,0,7899,3984,3915,0,0,0,1.0,1,1.0,1,1.0,1,0.2975134851408301,49
4893,0,7899,3984,3915,0,0,0,1.0,1,1.0,1,1.0,1,0.30005608903280123,50
4894,3,7902,3984,3918,0,0,0,1.0,1,1.0,1,1.0,1,0.2635815388141314,51
4895,1,7903,3984,3919,0,0,0,1.0,1,1.0,1,1.0,1,0.2677840596183073,52
4896,1,7904,3984,3920,0,0,0,1.0,1,1.0,1,1.0,1,0.257766604977682,53
4897,1,7905,3984,3921,0,0,0,1.0,1,1.0,1,1.0,1,0.2513250317481079,53
4898,2,7907,3985,3922,0,0,0,1.0,1,1.0,1,1.0,1,0.23606607699040327,53
4899,3,7910,3987,3923,0,0,0,1.0,1,1.0,1,1.0,1,0.2017717844905242,55
4900,1,7911,3988,3923,0,0,0,1.0,1,1.0,1,1.0,1,0.2007842224067743,55
4901,1,7912,3989,3923,0,0,0,1.0,1,1.0,1,1.0,1,0.21282754011038507,56
4902,4,7916,3991,3925,0,0,0,1.0,1,1.0,1,1.0,1,0.22280196644471117,58
4903,3,7919,3993,3926,0,0,0,1.0,1,1.0,1,1.0,1,0.22725712753508095,58
4904,2,7921,3995,3926,0,0,0,1.0,1,1.0,1,1.0,1,0.23693280204008607,57
4905,0,7921,3995,3926,0,0,0,1.0,1,1.0,1,1.0,1,0.24564238389951323,54
4906,1,7922,3995,3927,0,0,0,1.0,1,1.0,1,1.0,1,0.2517300914076049,55
4907,0,7922,3995,3927,0,0,0,1.0,1,1.0,1,1.0,1,0.264028704735231,52
4908,5,7927,3997,3930,0,0,0,1.0,1,1.0,1,1.0,1,0.2602896732973213,53
4909,1,7928,3997,3931,0,0,0,1.0,1,1.0,1,1.0,1,0.25154899609212383,52
4910,1,7929,3997,3932,0,0,0,1.0,1,1.0,1,1.0,1,0.22881891196912407,53
4911,0,7929,3997,3932,0,0,0,1.0,1,1.0,1,1.0,1,0.23710216670646606,55
4912,4,7933,3999,3934,0,0,0,1.0,1,1.0,1,1.0,1,0.2751558502453916,54
4913,3,7936,3999,3937,0,0,0,1.0,1,1.0,1,1.0,1,0.2155898945312085,53
4914,1,7937,3999,3938,0,0,0,1.0,1,1.0,1,1.0,1,0.2523454460677263,53
4915,5,7942,4000,3942,0,0,0,1.0,1,1.0,1,1.0,1,0.21408130564799108,54
4916,0,7942,4000,3942,0,0,0,1.0,1,1.0,1,1.0,1,0.2314503231243596,52
4917,1,7943,4001,3942,0,0,0,1.0,1,1.0,1,1.0,1,0.23443572680567915,52
4918,1,7944,4002,3942,0,0,0,1.0,1,1.0,1,1.0,1,0.2574935057424227,51
4919,0,7944,4002,3942,0,0,0,1.0,1,1.0,1,1.0,1,0.27834679389372524,50
4920,1,7945,4002,3943,0,0,0,1.0,1,1.0,1,1.0,1,0.25972832476892393,51
4921,2,7947,4003,3944,0,0,0,1.0,1,1.0,1,1.0,1,0.2530916571101461,51
4922,2,7949,4004,3945,0,0,0,1.0,1,1.0,1,1.0,1,0.2848762268470692,53
4923,0,7949,4004,3945,0,0,0,1.0,1,1.0,1,1.0,1,0.2848762268470692,53
4924,4,7953,4005,3948,0,0,0,1.0,1,1.0,1,1.0,1,0.24106214559617253,55
4925,2,7955,4007,3948,0,0,0,1.0,1,1.0,1,1.0,1,0.23347548280426514,56
4926,1,7956,4007,3949,0,0,0,1.0,1,1.0,1,1.0,1,0.20256481623442957,55
4927,2,7958,4009,3949,0,0,0,1.0,1,1.0,1,1.0,1,0.20512094230191533,55
4928,0,7958,4009,3949,0,0,0,1.0,1,1.0,1,1.0,1,0.20512094230191533,55
4929,1,7959,4009,3950,0,0,0,1.0,1,1.0,1,1.0,1,0.17130170381859786,56
4930,1,7960,4010,3950,0,0,0,1.0,1,1.0,1,1.0,1,0.21306887143184808,58
4931,1,7961,4010,3951,0,0,0,1.0,1,1.0,1,1.0,1,0.19460508415206,59
4932,0,7961,4010,3951,0,0,0,1.0,1,1.0,1,1.0,1,0.20914312608693866,60
4933,2,7963,4010,3953,0,0,0,1.0,1,1.0,1,1.0,1,0.18278988883270286,60
4934,1,7964,4011,3953,0,0,0,1.0,1,1.0,1,1.0,1,0.18902367892161295,60
4935,0,7964,4011,3953,0,0,0,1.0,1,1.0,1,1.0,1,0.18902367892161295,60
4936,1,7965,4011,3954,0,0,0,1.0,1,1.0,1,1.0,1,0.1654589441587542,61
4937,0,7965,4011,3954,0,0,0,1.0,1,1.0,1,1.0,1,0.18003168113590165,62
4938,1,7966,4011,3955,0,0,0,1.0,1,1.0,1,1.0,1,0.15696998278964683,62
4939,5,7971,4014,3957,0,0,0,1.0,1,1.0,1,1.0,1,0.1712830962489645,64
4940,3,7974,4014,3960,0,0,0,1.0,1,1.0,1,1.0,1,0.16913200265056555,67
4941,1,7975,4014,3961,0,0,0,1.0,1,1.0,1,1.0,1,0.17171178617209648,66
4942,4,7979,4016,3963,0,0,0,1.0,1,1.0,1,1.0,1,0.14939229842698903,67
4943,0,7979,4016,3963,0,0,0,1.0,1,1.0,1,1.0,1,0.16197115104655116,65
4944,1,7980,4017,3963,0,0,0,1.0,1,1.0,1,1.0,1,0.16877473248816927,65
4945,3,7983,4019,3964,0,0,0,1.0,1,1.0,1,1.0,1,0.1676661387410029,62
4946,2,7985,4021,3964,0,0,0,1.0,1,1.0,1,1.0,1,0.18249675973021995,61
4947,2,7987,4022,3965,0,0,0,1.0,1,1.0,1,1.0,1,0.18140929927820681,59
4948,3,7990,4023,3967,0,0,0,1.0,1,1.0,1,1.0,1,0.1401536048641062,59
4949,2,7992,4025,3967,0,0,0,1.0,1,1.0,1,1.0,1,0.16137939050405398,57
4950,8,8000,4031,3969,0,0,0,1.0,1,1.0,1,1.0,1,0.17624309524203496,58
4951,6,8006,4035,3971,0,0,0,1.0,1,1.0,1,1.0,1,0.11742604522905241,55
4952,3,8009,4038,3971,0,0,0,1.0,1,1.0,1,1.0,1,0.18150078162688893,53
4953,3,8012,4041,3971,0,0,0,1.0,1,1.0,1,1.0,1,0.22018361370833972,54
4954,4,8016,4041,3975,0,0,0,1.0,1,1.0,1,1.0,1,0.1617745079508975,52
4955,2,8018,4042,3976,0,0,0,1.0,1,1.0,1,1.0,1,0.15005220422125456,51
4956,0,8018,4042,3976,0,0,0,1.0,1,1.0,1,1.0,1,0.1839364178199073,47
4957,0,8018,4042,3976,0,0,0,1.0,1,1.0,1,1.0,1,0.1946935229076013,48
4958,0,8018,4042,3976,0,0,0,1.0,1,1.0,1,1.0,1,0.1844305873700843,47
4959,0,8018,4042,3976,0,0,0,1.0,1,1.0,1,1.0,1,0.1844305873700843,47
4960,2,8020,4042,3978,0,0,0,1.0,1,1.0,1,1.0,1,0.17179574642255163,48
4961,2,8022,4044,3978,0,0,0,1.0,1,1.0,1,1.0,1,0.21205867586111188,49
4962,0,8022,4044,3978,0,0,0,1.0,1,1.0,1,1.0,1,0.21205867586111188,49
4963,4,8026,4044,3982,0,0,0,1.0,1,1.0,1,1.0,1,0.14615837496308304,51
4964,1,8027,4045,3982,0,0,0,1.0,1,1.0,1,1.0,1,0.16451567854434493,51
4965,1,8028,4045,3983,0,0,0,1.0,1,1.0,1,1.0,1,0.13836946231965822,51
4966,0,8028,4045,3983,0,0,0,1.0,1,1.0,1,1.0,1,0.13836946231965822,51
4967,0,8028,4045,3983,0,0,0,1.0,1,1.0,1,1.0,1,0.13836946231965822,51
4968,2,8030,4047,3983,0,0,0,1.0,1,1.0,1,1.0,1,0.16595519639929224,52
4969,4,8034,4048,3986,0,0,0,1.0,1,1.0,1,1.0,1,0.1664355638637337,53
4970,1,8035,4049,3986,0,0,0,1.0,1,1.0,1,1.0,1,0.20316125143030614,54
4971,1,8036,4049,3987,0,0,0,1.0,1,1.0,1,1.0,1,0.19704865348169184,55
4972,4,8040,4050,3990,0,0,0,1.0,1,1.0,1,1.0,1,0.18460312996399997,56
4973,1,8041,4051,3990,0,0,0,1.0,1,1.0,1,1.0,1,0.1867987349541955,57
4974,0,8041,4051,3990,0,0,0,1.0,1,1.0,1,1.0,1,0.21899385286468503,56
4975,2,8043,4051,3992,0,0,0,1.0,1,1.0,1,1.0,1,0.18551857180829898,57
4976,1,8044,4051,3993,0,0,0,1.0,1,1.0,1,1.0,1,0.18565451675715391,57
4977,0,8044,4051,3993,0,0,0,1.0,1,1.0,1,1.0,1,0.18565451675715391,57
4978,4,8048,4054,3994,0,0,0,1.0,1,1.0,1,1.0,1,0.2130321046466534,58
4979,2,8050,4055,3995,0,0,0,1.0,1,1.0,1,1.0,1,0.22378419792106607,58
4980,3,8053,4056,3997,0,0,0,1.0,1,1.0,1,1.0,1,0.20344127333573916,59
4981,3,8056,4057,3999,0,0,0,1.0,1,1.0,1,1.0,1,0.21059489172028795,60
4982,2,8058,4057,4001,0,0,0,1.0,1,1.0,1,1.0,1,0.1654755724217628,61
4983,5,8063,4060,4003,0,0,0,1.0,1,1.0,1,1.0,1,0.15340206029465267,61
4984,4,8067,4062,4005,0,0,0,1.0,1,1.0,1,1.0,1,0.1547094982558531,59
4985,1,8068,4063,4005,0,0,0,1.0,1,1.0,1,1.0,1,0.16203734940221576,58
4986,3,8071,4065,4006,0,0,0,1.0,1,1.0,1,1.0,1,0.16328936758783238,59
4987,4,8075,4067,4008,0,0,0,1.0,1,1.0,1,1.0,1,0.1630689881554746,58
4988,1,8076,4067,4009,0,0,0,1.0,1,1.0,1,1.0,1,0.13581025848900044,57
4989,2,8078,4069,4009,0,0,0,1.0,1,1.0,1,1.0,1,0.17617784504983908,54
4990,5,8083,4070,4013,0,0,0,1.0,1,1.0,1,1.0,1,0.18358301972953292,53
4991,7,8090,4075,4015,0,0,0,1.0,1,1.0,1,1.0,1,0.23442371657678962,52
4992,2,8092,4077,4015,0,0,0,1.0,1,1.0,1,1.0,1,0.2293384124968873,48
4993,1,8093,4078,4015,0,0,0,1.0,1,1.0,1,1.0,1,0.23870355135607516,48
4994,2,8095,4079,4016,0,0,0,1.0,1,1.0,1,1.0,1,0.19231473186898781,45
4995,2,8097,4081,4016,0,0,0,1.0,1,1.0,1,1.0,1,0.21154828495241768,45
4996,1,8098,4082,4016,0,0,0,1.0,1,1.0,1,1.0,1,0.19638113622350414,45
4997,1,8099,4083,4016,0,0,0,1.0,1,1.0,1,1.0,1,0.22075650506391242,42
4998,1,8100,4084,4016,0,0,0,1.0,1,1.0,1,1.0,1,0.25114824922691414,44
4999,2,8102,4085,4017,0,0,0,1.0,1,1.0,1,1.0,1,0.30384994206959676,44
5000,0,8102,4085,4017,0,0,0,1.0,1,1.0,1,1.0,1,0.3146260334168971,42
5001,0,8102,4085,4017,0,0,0,1.0,1,1.0,1,1.0,1,0.30810906639571056,42
5002,1,8103,4086,4017,0,0,0,1.0,1,1.0,1,1.0,1,0.3472684102818873,41
5003,3,8106,4087,4019,0,0,0,1.0,1,1.0,1,1.0,1,0.3672200831422807,41
5004,0,8106,4087,4019,0,0,0,1.0,1,1.0,1,1.0,1,0.3885245141852748,41
5005,3,8109,4087,4022,0,0,0,1.0,1,1.0,1,1.0,1,0.28828427861920636,41
5006,1,8110,4087,4023,0,0,0,1.0,1,1.0,1,1.0,1,0.2566207771267364,42
5007,0,8110,4087,4023,0,0,0,1.0,1,1.0,1,1.0,1,0.25962694836182904,43
5008,0,8110,4087,4023,0,0,0,1.0,1,1.0,1,1.0,1,0.24716858348303986,46
5009,1,8111,4088,4023,0,0,0,1.0,1,1.0,1,1.0,1,0.2506577101694903,46
5010,0,8111,4088,4023,0,0,0,1.0,1,1.0,1,1.0,1,0.2680801711711639,46
5011,1,8112,4088,4024,0,0,0,1.0,1,1.0,1,1.0,1,0.26411603041601694,47
5012,0,8112,4088,4024,0,0,0,1.0,1,1.0,1,1.0,1,0.27179058868243594,48
5013,0,8112,4088,4024,0,0,0,1.0,1,1.0,1,1.0,1,0.27179058868243594,48
5014,0,8112,4088,4024,0,0,0,1.0,1,1.0,1,1.0,1,0.2709664732447276,49
5015,1,8113,4088,4025,0,0,0,1.0,1,1.0,1,1.0,1,0.2575850344788359,50
5016,2,8115,4089,4026,0,0,0,1.0,1,1.0,1,1.0,1,0.2942840414599842,51
5017,2,8117,4089,4028,0,0,0,1.0,1,1.0,1,1.0,1,0.279808206435543,51
5018,2,8119,4090,4029,0,0,0,1.0,1,1.0,1,1.0,1,0.2561540387423449,51
5019,3,8122,4091,4031,0,0,0,1.0,1,1.0,1,1.0,1,0.26116930406164196,51
5020,2,8124,4091,4033,0,0,0,1.0,1,1.0,1,1.0,1,0.23567204979898887,51
5021,0,8124,4091,4033,0,0,0,1.0,1,1.0,1,1.0,1,0.24906257282712183,52
5022,2,8126,4093,4033,0,0,0,1.0,1,1.0,1,1.0,1,0.25873037409413197,52
5023,4,8130,4096,4034,0,0,0,1.0,1,1.0,1,1.0,1,0.28266488772314413,52
5024,4,8134,4098,4036,0,0,0,1.0,1,1.0,1,1.0,1,0.2822379680165846,51
5025,0,8134,4098,4036,0,0,0,1.0,1,1.0,1,1.0,1,0.2693764668697754,50
5026,2,8136,4098,4038,0,0,0,1.0,1,1.0,1,1.0,1,0.23802007572898182,49
5027,1,8137,4099,4038,0,0,0,1.0,1,1.0,1,1.0,1,0.28294962673369284,47
5028,3,8140,4101,4039,0,0,0,1.0,1,1.0,1,1.0,1,0.3242414499596365,47
5029,3,8143,4103,4040,0,0,0,1.0,1,1.0,1,1.0,1,0.3231425621262414,46
5030,2,8145,4103,4042,0,0,0,1.0,1,1.0,1,1.0,1,0.2941909514579726,48
5031,3,8148,4105,4043,0,0,0,1.0,1,1.0,1,1.0,1,0.324435342822091,46
5032,3,8151,4106,4045,0,0,0,1.0,1,1.0,1,1.0,1,0.3295662894423775,46
5033,2,8153,4106,4047,0,0,0,1.0,1,1.0,1,1.0,1,0.29491449861545527,47
5034,1,8154,4107,4047,0,0,0,1.0,1,1.0,1,1.0,1,0.29833211195753223,48
5035,0,8154,4107,4047,0,0,0,1.0,1,1.0,1,1.0,1,0.28725615556059014,47
5036,2,8156,4108,4048,0,0,0,1.0,1,1.0,1,1.0,1,0.3039015568054556,47
5037,0,8156,4108,4048,0,0,0,1.0,1,1.0,1,1.0,1,0.2914303870292273,47
5038,1,8157,4109,4048,0,0,0,1.0,1,1.0,1,1.0,1,0.327699641470494,48
5039,1,8158,4109,4049,0,0,0,1.0,1,1.0,1,1.0,1,0.2835397994472223,47
5040,0,8158,4109,4049,0,0,0,1.0,1,1.0,1,1.0,1,0.29236814069689093,48
5041,1,8159,4109,4050,0,0,0,1.0,1,1.0,1,1.0,1,0.2787160884266598,49
5042,0,8159,4109,4050,0,0,0,1.0,1,1.0,1,1.0,1,0.2949863670696754,50
5043,0,8159,4109,4050,0,0,0,1.0,1,1.0,1,1.0,1,0.27923431838160107,51
5044,1,8160,4109,4051,0,0,0,1.0,1,1.0,1,1.0,1,0.2615748452736848,51
5045,1,8161,4110,4051,0,0,0,1.0,1,1.0,1,1.0,1,0.26230063896282113,51
5046,1,8162,4111,4051,0,0,0,1.0,1,1.0,1,1.0,1,0.2824591081471979,52
5047,1,8163,4111,4052,0,0,0,1.0,1,1.0,1,1.0,1,0.2838470886277735,52
5048,0,8163,4111,4052,0,0,0,1.0,1,1.0,1,1.0,1,0.2838470886277735,52
5049,0,8163,4111,4052,0,0,0,1.0,1,1.0,1,1.0,1,0.31693304828493946,52
5050,3,8166,4112,4054,0,0,0,1.0,1,1.0,1,1.0,1,0.31465386398932366,55
5051,3,8169,4112,4057,0,0,0,1.0,1,1.0,1,1.0,1,0.2914242427307447,55
5052,2,8171,4112,4059,0,0,0,1.0,1,1.0,1,1.0,1,0.2638963610857952,55
5053,4,8175,4112,4063,0,0,0,1.0,1,1.0,1,1.0,1,0.22445239240891757,54
5054,2,8177,4113,4064,0,0,0,1.0,1,1.0,1,1.0,1,0.2157755231809154,54
5055,1,8178,4113,4065,0,0,0,1.0,1,1.0,1,1.0,1,0.22569520544685595,54
5056,3,8181,4113,4068,0,0,0,1.0,1,1.0,1,1.0,1,0.1990554057404298,55
5057,2,8183,4113,4070,0,0,0,1.0,1,1.0,1,1.0,1,0.17125180941227974,56
5058,1,8184,4113,4071,0,0,0,1.0,1,1.0,1,1.0,1,0.17313873193111018,58
5059,1,8185,4113,4072,0,0,0,1.0,1,1.0,1,1.0,1,0.1625127375715466,58
5060,1,8186,4114,4072,0,0,0,1.0,1,1.0,1,1.0,1,0.177864296226834,59
5061,2,8188,4114,4074,0,0,0,1.0,1,1.0,1,1.0,1,0.1517605668037943,58
5062,1,8189,4115,4074,0,0,0,1.0,1,1.0,1,1.0,1,0.17700947016208152,58
5063,5,8194,4119,4075,0,0,0,1.0,1,1.0,1,1.0,1,0.22847862003806368,57
5064,3,8197,4121,4076,0,0,0,1.0,1,1.0,1,1.0,1,0.2500739712758117,57
5065,4,8201,4124,4077,0,0,0,1.0,1,1.0,1,1.0,1,0.26013806597066125,56
5066,0,8201,4124,4077,0,0,0,1.0,1,1.0,1,1.0,1,0.25529135646889284,55
5067,2,8203,4125,4078,0,0,0,1.0,1,1.0,1,1.0,1,0.24674762743295378,54
5068,5,8208,4127,4081,0,0,0,1.0,1,1.0,1,1.0,1,0.2451469507562188,54
5069,1,8209,4128,4081,0,0,0,1.0,1,1.0,1,1.0,1,0.24840378879179972,53
5070,2,8211,4130,4081,0,0,0,1.0,1,1.0,1,1.0,1,0.30343814804984187,53
5071,4,8215,4130,4085,0,0,0,1.0,1,1.0,1,1.0,1,0.23125545012140566,53
5072,0,8215,4130,4085,0,0,0,1.0,1,1.0,1,1.0,1,0.22394426797250389,53
5073,0,8215,4130,4085,0,0,0,1.0,1,1.0,1,1.0,1,0.22394426797250389,53
5074,0,8215,4130,4085,0,0,0,1.0,1,1.0,1,1.0,1,0.1941660622915274,52
5075,0,8215,4130,4085,0,0,0,1.0,1,1.0,1,1.0,1,0.1941660622915274,52
5076,1,8216,4131,4085,0,0,0,1.0,1,1.0,1,1.0,1,0.20768892209167153,55
5077,1,8217,4131,4086,0,0,0,1.0,1,1.0,1,1.0,1,0.21581009312741797,55
5078,0,8217,4131,4086,0,0,0,1.0,1,1.0,1,1.0,1,0.21581009312741797,55
5079,0,8217,4131,4086,0,0,0,1.0,1,1.0,1,1.0,1,0.23390324183863792,54
5080,2,8219,4132,4087,0,0,0,1.0,1,1.0,1,1.0,1,0.24681349543224682,55
5081,1,8220,4132,4088,0,0,0,1.0,1,1.0,1,1.0,1,0.24814458282233584,57
5082,0,8220,4132,4088,0,0,0,1.0,1,1.0,1,1.0,1,0.24814458282233584,57
5083,3,8223,4132,4091,0,0,0,1.0,1,1.0,1,1.0,1,0.22074218924094036,58
5084,1,8224,4132,4092,0,0,0,1.0,1,1.0,1,1.0,1,0.20733852762784574,58
5085,2,8226,4132,4094,0,0,0,1.0,1,1.0,1,1.0,1,0.17069676451076127,59
5086,1,8227,4133,4094,0,0,0,1.0,1,1.0,1,1.0,1,0.17681549429378327,60
5087,3,8230,4135,4095,0,0,0,1.0,1,1.0,1,1.0,1,0.21541832637966704,61
5088,5,8235,4137,4098,0,0,0,1.0,1,1.0,1,1.0,1,0.20197859281374314,62
5089,6,8241,4140,4101,0,0,0,1.0,1,1.0,1,1.0,1,0.1639295927995826,63
5090,0,8241,4140,4101,0,0,0,1.0,1,1.0,1,1.0,1,0.1639295927995826,63
5091,1,8242,4141,4101,0,0,0,1.0,1,1.0,1,1.0,1,0.18523460369108735,63
5092,3,8245,4142,4103,0,0,0,1.0,1,1.0,1,1.0,1,0.19642017113246552,63
5093,4,8249,4144,4105,0,0,0,1.0,1,1.0,1,1.0,1,0.18337945876845535,63
5094,1,8250,4145,4105,0,0,0,1.0,1,1.0,1,1.0,1,0.17759008935008655,64
5095,1,8251,4145,4106,0,0,0,1.0,1,1.0,1,1.0,1,0.1727206948148998,64
5096,1,8252,4145,4107,0,0,0,1.0,1,1.0,1,1.0,1,0.155710937590994,67
5097,1,8253,4145,4108,0,0,0,1.0,1,1.0,1,1.0,1,0.15642167283351127,67
5098,3,8256,4147,4109,0,0,0,1.0,1,1.0,1,1.0,1,0.16944416598439344,68
5099,1,8257,4147,4110,0,0,0,1.0,1,1.0,1,1.0,1,0.17661322674261398,70
5100,2,8259,4148,4111,0,0,0,1.0,1,1.0,1,1.0,1,0.18569856722115882,71
5101,4,8263,4149,4114,0,0,0,1.0,1,1.0,1,1.0,1,0.1632017985461031,71
5102,10,8273,4154,4119,0,0,0,1.0,1,1.0,1,1.0,1,0.16738184241178414,70
5103,0,8273,4154,4119,0,0,0,1.0,1,1.0,1,1.0,1,0.14024350471207686,67
5104,4,8277,4156,4121,0,0,0,1.0,1,1.0,1,1.0,1,0.15485644595599352,67
5105,5,8282,4159,4123,0,0,0,1.0,1,1.0,1,1.0,1,0.1530356184729183,63
5106,2,8284,4161,4123,0,0,0,1.0,1,1.0,1,1.0,1,0.1984688916395718,63
5107,6,8290,4166,4124,0,0,0,1.0,1,1.0,1,1.0,1,0.22279740680769608,60
5108,2,8292,4167,4125,0,0,0,1.0,1,1.0,1,1.0,1,0.20420767658040645,56
5109,2,8294,4169,4125,0,0,0,1.0,1,1.0,1,1.0,1,0.2403305137109659,56
5110,3,8297,4170,4127,0,0,0,1.0,1,1.0,1,1.0,1,0.1863328166698655,52
5111,3,8300,4173,4127,0,0,0,1.0,1,1.0,1,1.0,1,0.24168765933911832,51
5112,3,8303,4175,4128,0,0,0,1.0,1,1.0,1,1.0,1,0.24923761423699042,50
5113,6,8309,4179,4130,0,0,0,1.0,1,1.0,1,1.0,1,0.25938483655111744,48
5114,3,8312,4181,4131,0,0,0,1.0,1,1.0,1,1.0,1,0.2337437334815713,46
5115,0,8312,4181,4131,0,0,0,1.0,1,1.0,1,1.0,1,0.22045540924882084,44
5116,2,8314,4182,4132,0,0,0,1.0,1,1.0,1,1.0,1,0.19893950827410495,44
5117,0,8314,4182,4132,0,0,0,1.0,1,1.0,1,1.0,1,0.20363627772149473,46
5118,1,8315,4183,4132,0,0,0,1.0,1,1.0,1,1.0,1,0.20075238362202213,46
5119,1,8316,4184,4132,0,0,0,1.0,1,1.0,1,1.0,1,0.20459465148244188,46
5120,0,8316,4184,4132,0,0,0,1.0,1,1.0,1,1.0,1,0.20459465148244188,46
5121,1,8317,4185,4132,0,0,0,1.0,1,1.0,1,1.0,1,0.22662210264203733,46
5122,1,8318,4186,4132,0,0,0,1.0,1,1.0,1,1.0,1,0.23522771632282538,46
5123,2,8320,4186,4134,0,0,0,1.0,1,1.0,1,1.0,1,0.19944719356260648,45
5124,3,8323,4188,4135,0,0,0,1.0,1,1.0,1,1.0,1,0.19106969243207053,47
5125,2,8325,4188,4137,0,0,0,1.0,1,1.0,1,1.0,1,0.19143015937833574,50
5126,1,8326,4189,4137,0,0,0,1.0,1,1.0,1,1.0,1,0.18996695141585132,50
5127,1,8327,4189,4138,0,0,0,1.0,1,1.0,1,1.0,1,0.1883664769337687,52
5128,1,8328,4190,4138,0,0,0,1.0,1,1.0,1,1.0,1,0.20541205664433862,53
5129,0,8328,4190,4138,0,0,0,1.0,1,1.0,1,1.0,1,0.21847582051099668,55
5130,1,8329,4191,4138,0,0,0,1.0,1,1.0,1,1.0,1,0.23668325634124995,55
5131,1,8330,4191,4139,0,0,0,1.0,1,1.0,1,1.0,1,0.2287388882517568,54
5132,1,8331,4191,4140,0,0,0,1.0,1,1.0,1,1.0,1,0.23914575057972876,54
5133,2,8333,4192,4141,0,0,0,1.0,1,1.0,1,1.0,1,0.214607147209252,54
5134,1,8334,4192,4142,0,0,0,1.0,1,1.0,1,1.0,1,0.21877381135313353,53
5135,2,8336,4192,4144,0,0,0,1.0,1,1.0,1,1.0,1,0.1970092045911245,54
5136,0,8336,4192,4144,0,0,0,1.0,1,1.0,1,1.0,1,0.21890870585783573,54
5137,2,8338,4193,4145,0,0,0,1.0,1,1.0,1,1.0,1,0.19675510132037735,54
5138,2,8340,4195,4145,0,0,0,1.0,1,1.0,1,1.0,1,0.21934900292292195,54
5139,4,8344,4196,4148,0,0,0,1.0,1,1.0,1,1.0,1,0.17610629863345487,55
5140,4,8348,4200,4148,0,0,0,1.0,1,1.0,1,1.0,1,0.22907103406655757,55
5141,2,8350,4201,4149,0,0,0,1.0,1,1.0,1,1.0,1,0.23463897007381262,53
5142,3,8353,4204,4149,0,0,0,1.0,1,1.0,1,1.0,1,0.22738691436444247,54
5143,2,8355,4205,4150,0,0,0,1.0,1,1.0,1,1.0,1,0.22298529555312174,52
5144,3,8358,4208,4150,0,0,0,1.0,1,1.0,1,1.0,1,0.21871529253073235,50
5145,1,8359,4209,4150,0,0,0,1.0,1,1.0,1,1.0,1,0.2340726450682037,49
5146,3,8362,4210,4152,0,0,0,1.0,1,1.0,1,1.0,1,0.22196065189309985,49
5147,1,8363,4211,4152,0,0,0,1.0,1,1.0,1,1.0,1,0.24338793707921122,46
5148,2,8365,4211,4154,0,0,0,1.0,1,1.0,1,1.0,1,0.1884229729693218,46
5149,0,8365,4211,4154,0,0,0,1.0,1,1.0,1,1.0,1,0.1791276477466035,45
5150,4,8369,4214,4155,0,0,0,1.0,1,1.0,1,1.0,1,0.20762118593258505,47
5151,1,8370,4214,4156,0,0,0,1.0,1,1.0,1,1.0,1,0.17857624323022836,46
5152,4,8374,4217,4157,0,0,0,1.0,1,1.0,1,1.0,1,0.18988283987072926,46
5153,1,8375,4218,4157,0,0,0,1.0,1,1.0,1,1.0,1,0.18572149109081412,45
5154,0,8375,4218,4157,0,0,0,1.0,1,1.0,1,1.0,1,0.21650951317067774,47
5155,3,8378,4220,4158,0,0,0,1.0,1,1.0,1,1.0,1,0.2539896309057138,47
5156,3,8381,4221,4160,0,0,0,1.0,1,1.0,1,1.0,1,0.24245249180964937,47
5157,2,8383,4222,4161,0,0,0,1.0,1,1.0,1,1.0,1,0.2440194282362864,46
5158,1,8384,4222,4162,0,0,0,1.0,1,1.0,1,1.0,1,0.24074596722944616,47
5159,0,8384,4222,4162,0,0,0,1.0,1,1.0,1,1.0,1,0.24876081464427158,49
5160,0,8384,4222,4162,0,0,0,1.0,1,1.0,1,1.0,1,0.24237118051421727,48
5161,0,8384,4222,4162,0,0,0,1.0,1,1.0,1,1.0,1,0.24237118051421727,48
5162,2,8386,4222,4164,0,0,0,1.0,1,1.0,1,1.0,1,0.20656581037440633,49
5163,1,8387,4222,4165,0,0,0,1.0,1,1.0,1,1.0,1,0.19721178128264769,51
5164,0,8387,4222,4165,0,0,0,1.0,1,1.0,1,1.0,1,0.19721178128264769,51
5165,2,8389,4222,4167,0,0,0,1.0,1,1.0,1,1.0,1,0.19402145631495152,52
5166,3,8392,4224,4168,0,0,0,1.0,1,1.0,1,1.0,1,0.17203723232741594,52
5167,3,8395,4226,4169,0,0,0,1.0,1,1.0,1,1.0,1,0.1716682607762223,52
5168,0,8395,4226,4169,0,0,0,1.0,1,1.0,1,1.0,1,0.1716682607762223,52
5169,3,8398,4228,4170,0,0,0,1.0,1,1.0,1,1.0,1,0.1757431098249923,53
5170,0,8398,4228,4170,0,0,0,1.0,1,1.0,1,1.0,1,0.1757431098249923,53
5171,0,8398,4228,4170,0,0,0,1.0,1,1.0,1,1.0,1,0.19918680253852303,52
5172,1,8399,4229,4170,0,0,0,1.0,1,1.0,1,1.0,1,0.19458020292140246,53
5173,3,8402,4229,4173,0,0,0,1.0,1,1.0,1,1.0,1,0.16176204768761115,54
5174,2,8404,4230,4174,0,0,0,1.0,1,1.0,1,1.0,1,0.16360836749351665,56
5175,1,8405,4231,4174,0,0,0,1.0,1,1.0,1,1.0,1,0.17918618924187066,58
5176,0,8405,4231,4174,0,0,0,1.0,1,1.0,1,1.0,1,0.17918618924187066,58
5177,1,8406,4231,4175,0,0,0,1.0,1,1.0,1,1.0,1,0.1743404090318227,59
5178,2,8408,4233,4175,0,0,0,1.0,1,1.0,1,1.0,1,0.2020277163513809,57
5179,4,8412,4234,4178,0,0,0,1.0,1,1.0,1,1.0,1,0.18184386022750648,58
5180,0,8412,4234,4178,0,0,0,1.0,1,1.0,1,1.0,1,0.16072163706624767,56
5181,1,8413,4234,4179,0,0,0,1.0,1,1.0,1,1.0,1,0.13197018523277365,57
5182,3,8416,4237,4179,0,0,0,1.0,1,1.0,1,1.0,1,0.1725222780040154,56
5183,1,8417,4238,4179,0,0,0,1.0,1,1.0,1,1.0,1,0.18948121258622483,57
5184,2,8419,4240,4179,0,0,0,1.0,1,1.0,1,1.0,1,0.22482667676014545,56
5185,4,8423,4241,4182,0,0,0,1.0,1,1.0,1,1.0,1,0.23093226097526848,56
5186,4,8427,4243,4184,0,0,0,1.0,1,1.0,1,1.0,1,0.2337254289881397,54
5187,1,8428,4243,4185,0,0,0,1.0,1,1.0,1,1.0,1,0.2410860995792109,51
5188,2,8430,4244,4186,0,0,0,1.0,1,1.0,1,1.0,1,0.22102588733950704,50
5189,1,8431,4244,4187,0,0,0,1.0,1,1.0,1,1.0,1,0.17135447744919685,49
5190,3,8434,4246,4188,0,0,0,1.0,1,1.0,1,1.0,1,0.17020936730459169,50
5191,2,8436,4246,4190,0,0,0,1.0,1,1.0,1,1.0,1,0.1467986645334174,50
5192,2,8438,4248,4190,0,0,0,1.0,1,1.0,1,1.0,1,0.11003321573438585,49
5193,0,8438,4248,4190,0,0,0,1.0,1,1.0,1,1.0,1,0.12951693144577361,50
5194,1,8439,4249,4190,0,0,0,1.0,1,1.0,1,1.0,1,0.17157788725948298,51
5195,1,8440,4250,4190,0,0,0,1.0,1,1.0,1,1.0,1,0.18407950425442704,51
5196,0,8440,4250,4190,0,0,0,1.0,1,1.0,1,1.0,1,0.18407950425442704,51
5197,3,8443,4250,4193,0,0,0,1.0,1,1.0,1,1.0,1,0.14180773615807177,51
5198,0,8443,4250,4193,0,0,0,1.0,1,1.0,1,1.0,1,0.14180773615807177,51
5199,0,8443,4250,4193,0,0,0,1.0,1,1.0,1,1.0,1,0.14454987349043905,54
5200,3,8446,4251,4195,0,0,0,1.0,1,1.0,1,1.0,1,0.10634065739421333,54
5201,2,8448,4253,4195,0,0,0,1.0,1,1.0,1,1.0,1,0.13154495705066244,55
5202,1,8449,4253,4196,0,0,0,1.0,1,1.0,1,1.0,1,0.14296649733327252,56
5203,1,8450,4254,4196,0,0,0,1.0,1,1.0,1,1.0,1,0.12703970138233234,56
5204,1,8451,4254,4197,0,0,0,1.0,1,1.0,1,1.0,1,0.12902915836509002,58
5205,0,8451,4254,4197,0,0,0,1.0,1,1.0,1,1.0,1,0.12902915836509002,58
5206,0,8451,4254,4197,0,0,0,1.0,1,1.0,1,1.0,1,0.12902915836509002,58
5207,1,8452,4254,4198,0,0,0,1.0,1,1.0,1,1.0,1,0.13460275236491712,59
5208,0,8452,4254,4198,0,0,0,1.0,1,1.0,1,1.0,1,0.13646610007359986,58
5209,1,8453,4254,4199,0,0,0,1.0,1,1.0,1,1.0,1,0.12416757033488267,58
5210,0,8453,4254,4199,0,0,0,1.0,1,1.0,1,1.0,1,0.14119538912142873,57
5211,0,8453,4254,4199,0,0,0,1.0,1,1.0,1,1.0,1,0.14119538912142873,57
5212,2,8455,4254,4201,0,0,0,1.0,1,1.0,1,1.0,1,0.148527024286944,59
5213,3,8458,4257,4201,0,0,0,1.0,1,1.0,1,1.0,1,0.20721576810871503,59
5214,1,8459,4257,4202,0,0,0,1.0,1,1.0,1,1.0,1,0.22389986996680544,59
5215,3,8462,4258,4204,0,0,0,1.0,1,1.0,1,1.0,1,0.2315031204743315,58
5216,0,8462,4258,4204,0,0,0,1.0,1,1.0,1,1.0,1,0.2146530717864103,59
5217,3,8465,4261,4204,0,0,0,1.0,1,1.0,1,1.0,1,0.1945746279712996,58
5218,6,8471,4265,4206,0,0,0,1.0,1,1.0,1,1.0,1,0.24579586088907157,58
5219,1,8472,4265,4207,0,0,0,1.0,1,1.0,1,1.0,1,0.19409770267004225,57
5220,0,8472,4265,4207,0,0,0,1.0,1,1.0,1,1.0,1,0.20800321234129726,56
5221,2,8474,4266,4208,0,0,0,1.0,1,1.0,1,1.0,1,0.20361072873033464,58
5222,0,8474,4266,4208,0,0,0,1.0,1,1.0,1,1.0,1,0.20148104589140758,56
5223,3,8477,4268,4209,0,0,0,1.0,1,1.0,1,1.0,1,0.27990400265805127,55
5224,3,8480,4269,4211,0,0,0,1.0,1,1.0,1,1.0,1,0.24692279208596724,56
5225,4,8484,4270,4214,0,0,0,1.0,1,1.0,1,1.0,1,0.23452365349858434,55
5226,1,8485,4271,4214,0,0,0,1.0,1,1.0,1,1.0,1,0.23990981116964533,55
5227,0,8485,4271,4214,0,0,0,1.0,1,1.0,1,1.0,1,0.22764044568882452,53
5228,0,8485,4271,4214,0,0,0,1.0,1,1.0,1,1.0,1,0.2209110439485533,51
5229,1,8486,4271,4215,0,0,0,1.0,1,1.0,1,1.0,1,0.1832811106029609,51
5230,1,8487,4271,4216,0,0,0,1.0,1,1.0,1,1.0,1,0.16088538820851106,51
5231,1,8488,4272,4216,0,0,0,1.0,1,1.0,1,1.0,1,0.1937660357991485,52
5232,3,8491,4274,4217,0,0,0,1.0,1,1.0,1,1.0,1,0.2160919657239542,52
5233,2,8493,4274,4219,0,0,0,1.0,1,1.0,1,1.0,1,0.2153550803994675,53
5234,2,8495,4275,4220,0,0,0,1.0,1,1.0,1,1.0,1,0.24890954466900467,53
5235,2,8497,4276,4221,0,0,0,1.0,1,1.0,1,1.0,1,0.2435212343911505,53
5236,3,8500,4277,4223,0,0,0,1.0,1,1.0,1,1.0,1,0.20819760175943472,52
5237,1,8501,4277,4224,0,0,0,1.0,1,1.0,1,1.0,1,0.23951599459429454,52
5238,3,8504,4279,4225,0,0,0,1.0,1,1.0,1,1.0,1,0.2494515712119523,52
5239,3,8507,4279,4228,0,0,0,1.0,1,1.0,1,1.0,1,0.2173178004913973,51
5240,2,8509,4281,4228,0,0,0,1.0,1,1.0,1,1.0,1,0.2602342454524287,53
5241,0,8509,4281,4228,0,0,0,1.0,1,1.0,1,1.0,1,0.27364960950352757,53
5242,1,8510,4281,4229,0,0,0,1.0,1,1.0,1,1.0,1,0.2724567603100461,51
5243,1,8511,4281,4230,0,0,0,1.0,1,1.0,1,1.0,1,0.25982752647930896,51
5244,1,8512,4282,4230,0,0,0,1.0,1,1.0,1,1.0,1,0.28160251383551554,52
5245,2,8514,4283,4231,0,0,0,1.0,1,1.0,1,1.0,1,0.2415549185207409,53
5246,3,8517,4285,4232,0,0,0,1.0,1,1.0,1,1.0,1,0.2274010370384163,53
5247,1,8518,4286,4232,0,0,0,1.0,1,1.0,1,1.0,1,0.2504289199252689,54
5248,3,8521,4287,4234,0,0,0,1.0,1,1.0,1,1.0,1,0.2147663768439193,54
5249,2,8523,4288,4235,0,0,0,1.0,1,1.0,1,1.0,1,0.19707232594371094,55
5250,1,8524,4288,4236,0,0,0,1.0,1,1.0,1,1.0,1,0.2127402650358655,57
5251,0,8524,4288,4236,0,0,0,1.0,1,1.0,1,1.0,1,0.20448438524717077,58
5252,0,8524,4288,4236,0,0,0,1.0,1,1.0,1,1.0,1,0.20448438524717077,58
5253,4,8528,4290,4238,0,0,0,1.0,1,1.0,1,1.0,1,0.23421474733742287,58
5254,3,8531,4290,4241,0,0,0,1.0,1,1.0,1,1.0,1,0.196127951148177,59
5255,3,8534,4293,4241,0,0,0,1.0,1,1.0,1,1.0,1,0.22375386205883888,58
5256,0,8534,4293,4241,0,0,0,1.0,1,1.0,1,1.0,1,0.24690474489120504,58
5257,1,8535,4293,4242,0,0,0,1.0,1,1.0,1,1.0,1,0.2430287590757148,57
5258,0,8535,4293,4242,0,0,0,1.0,1,1.0,1,1.0,1,0.2548314772585888,55
5259,0,8535,4293,4242,0,0,0,1.0,1,1.0,1,1.0,1,0.2517630412833419,56
5260,1,8536,4293,4243,0,0,0,1.0,1,1.0,1,1.0,1,0.24696346543609835,55
5261,0,8536,4293,4243,0,0,0,1.0,1,1.0,1,1.0,1,0.2551080684939066,54
5262,1,8537,4294,4243,0,0,0,1.0,1,1.0,1,1.0,1,0.27009003672528836,54
5263,6,8543,4298,4245,0,0,0,1.0,1,1.0,1,1.0,1,0.2850565790345743,55
5264,1,8544,4299,4245,0,0,0,1.0,1,1.0,1,1.0,1,0.29749527012994414,53
5265,5,8549,4303,4246,0,0,0,1.0,1,1.0,1,1.0,1,0.31909944463957557,52
5266,7,8556,4304,4252,0,0,0,1.0,1,1.0,1,1.0,1,0.2863754692389874,49
5267,3,8559,4304,4255,0,0,0,1.0,1,1.0,1,1.0,1,0.26978825058284833,49
5268,3,8562,4306,4256,0,0,0,1.0,1,1.0,1,1.0,1,0.2779747682290116,46
5269,2,8564,4306,4258,0,0,0,1.0,1,1.0,1,1.0,1,0.2738540153688675,45
5270,2,8566,4307,4259,0,0,0,1.0,1,1.0,1,1.0,1,0.258782782202621,46
5271,2,8568,4309,4259,0,0,0,1.0,1,1.0,1,1.0,1,0.26268038952322587,46
5272,1,8569,4309,4260,0,0,0,1.0,1,1.0,1,1.0,1,0.24168488988309048,45
5273,4,8573,4313,4260,0,0,0,1.0,1,1.0,1,1.0,1,0.2542864550098899,45
5274,2,8575,4314,4261,0,0,0,1.0,1,1.0,1,1.0,1,0.2517162750452977,45
5275,5,8580,4316,4264,0,0,0,1.0,1,1.0,1,1.0,1,0.21589952168934282,46
5276,2,8582,4318,4264,0,0,0,1.0,1,1.0,1,1.0,1,0.23338139695618684,45
5277,0,8582,4318,4264,0,0,0,1.0,1,1.0,1,1.0,1,0.23347974429820947,45
5278,1,8583,4319,4264,0,0,0,1.0,1,1.0,1,1.0,1,0.23853918691323436,44
5279,2,8585,4320,4265,0,0,0,1.0,1,1.0,1,1.0,1,0.2520101832674737,45
5280,0,8585,4320,4265,0,0,0,1.0,1,1.0,1,1.0,1,0.25778338357751346,46
5281,2,8587,4320,4267,0,0,0,1.0,1,1.0,1,1.0,1,0.22921393497409165,46
5282,0,8587,4320,4267,0,0,0,1.0,1,1.0,1,1.0,1,0.23953008726440642,47
5283,1,8588,4320,4268,0,0,0,1.0,1,1.0,1,1.0,1,0.2144335332082678,48
5284,0,8588,4320,4268,0,0,0,1.0,1,1.0,1,1.0,1,0.2144335332082678,48
5285,0,8588,4320,4268,0,0,0,1.0,1,1.0,1,1.0,1,0.20534489516668017,48
5286,1,8589,4320,4269,0,0,0,1.0,1,1.0,1,1.0,1,0.1999649207378543,50
5287,0,8589,4320,4269,0,0,0,1.0,1,1.0,1,1.0,1,0.1999649207378543,50
5288,0,8589,4320,4269,0,0,0,1.0,1,1.0,1,1.0,1,0.20036466221003696,51
5289,0,8589,4320,4269,0,0,0,1.0,1,1.0,1,1.0,1,0.20036466221003696,51
5290,0,8589,4320,4269,0,0,0,1.0,1,1.0,1,1.0,1,0.21122349097860474,52
5291,3,8592,4322,4270,0,0,0,1.0,1,1.0,1,1.0,1,0.2672828182560391,52
5292,2,8594,4322,4272,0,0,0,1.0,1,1.0,1,1.0,1,0.24773269840954626,53
5293,3,8597,4323,4274,0,0,0,1.0,1,1.0,1,1.0,1,0.2796696210214431,51
5294,1,8598,4324,4274,0,0,0,1.0,1,1.0,1,1.0,1,0.2863341297965899,50
5295,1,8599,4324,4275,0,0,0,1.0,1,1.0,1,1.0,1,0.3232518881818658,49
5296,1,8600,4325,4275,0,0,0,1.0,1,1.0,1,1.0,1,0.3464583680403143,48
5297,0,8600,4325,4275,0,0,0,1.0,1,1.0,1,1.0,1,0.36918258311847163,46
5298,1,8601,4325,4276,0,0,0,1.0,1,1.0,1,1.0,1,0.3631386665174962,46
5299,0,8601,4325,4276,0,0,0,1.0,1,1.0,1,1.0,1,0.3688753208680936,47
5300,0,8601,4325,4276,0,0,0,1.0,1,1.0,1,1.0,1,0.35005179775030526,48
5301,0,8601,4325,4276,0,0,0,1.0,1,1.0,1,1.0,1,0.35005179775030526,48
5302,6,8607,4329,4278,0,0,0,1.0,1,1.0,1,1.0,1,0.3309930045432043,49
5303,3,8610,4331,4279,0,0,0,1.0,1,1.0,1,1.0,1,0.3323664450879074,48
5304,2,8612,4332,4280,0,0,0,1.0,1,1.0,1,1.0,1,0.30581779196395076,48
5305,3,8615,4334,4281,0,0,0,1.0,1,1.0,1,1.0,1,0.30766248551053,47
5306,2,8617,4335,4282,0,0,0,1.0,1,1.0,1,1.0,1,0.28576489291735957,48
5307,0,8617,4335,4282,0,0,0,1.0,1,1.0,1,1.0,1,0.27747604697737666,48
5308,0,8617,4335,4282,0,0,0,1.0,1,1.0,1,1.0,1,0.27173033475185027,47
5309,1,8618,4336,4282,0,0,0,1.0,1,1.0,1,1.0,1,0.30057418437952776,46
5310,2,8620,4337,4283,0,0,0,1.0,1,1.0,1,1.0,1,0.29644697233510736,46
5311,4,8624,4338,4286,0,0,0,1.0,1,1.0,1,1.0,1,0.2820270517626287,46
5312,2,8626,4339,4287,0,0,0,1.0,1,1.0,1,1.0,1,0.3061787258183372,46
5313,0,8626,4339,4287,0,0,0,1.0,1,1.0,1,1.0,1,0.3174889136710983,46
5314,3,8629,4339,4290,0,0,0,1.0,1,1.0,1,1.0,1,0.2652201399825015,46
5315,3,8632,4340,4292,0,0,0,1.0,1,1.0,1,1.0,1,0.27283173247222386,47
5316,2,8634,4341,4293,0,0,0,1.0,1,1.0,1,1.0,1,0.26333203529755356,48
5317,6,8640,4341,4299,0,0,0,1.0,1,1.0,1,1.0,1,0.16539608357167057,49
5318,6,8646,4344,4302,0,0,0,1.0,1,1.0,1,1.0,1,0.11909118277863134,49
5319,1,8647,4345,4302,0,0,0,1.0,1,1.0,1,1.0,1,0.1579447812715188,50
5320,2,8649,4346,4303,0,0,0,1.0,1,1.0,1,1.0,1,0.17731216383623713,51
5321,0,8649,4346,4303,0,0,0,1.0,1,1.0,1,1.0,1,0.1534803420925353,52
5322,0,8649,4346,4303,0,0,0,1.0,1,1.0,1,1.0,1,0.1602977543267861,53
5323,0,8649,4346,4303,0,0,0,1.0,1,1.0,1,1.0,1,0.15998201627977635,53
5324,3,8652,4347,4305,0,0,0,1.0,1,1.0,1,1.0,1,0.16698979440814496,55
5325,1,8653,4348,4305,0,0,0,1.0,1,1.0,1,1.0,1,0.171125794513221,55
5326,1,8654,4349,4305,0,0,0,1.0,1,1.0,1,1.0,1,0.15804658920325224,55
5327,1,8655,4349,4306,0,0,0,1.0,1,1.0,1,1.0,1,0.1597527578220645,56
5328,2,8657,4351,4306,0,0,0,1.0,1,1.0,1,1.0,1,0.15853696393187441,57
5329,1,8658,4351,4307,0,0,0,1.0,1,1.0,1,1.0,1,0.1229271958631745,57
5330,3,8661,4353,4308,0,0,0,1.0,1,1.0,1,1.0,1,0.1037291144127075,56
5331,0,8661,4353,4308,0,0,0,1.0,1,1.0,1,1.0,1,0.10734842182489972,57
5332,0,8661,4353,4308,0,0,0,1.0,1,1.0,1,1.0,1,0.10959129208668045,58
5333,0,8661,4353,4308,0,0,0,1.0,1,1.0,1,1.0,1,0.11503445391826086,59
5334,1,8662,4354,4308,0,0,0,1.0,1,1.0,1,1.0,1,0.12496700437358674,59
5335,0,8662,4354,4308,0,0,0,1.0,1,1.0,1,1.0,1,0.13946795359538133,58
5336,1,8663,4355,4308,0,0,0,1.0,1,1.0,1,1.0,1,0.16394332142302637,59
5337,1,8664,4355,4309,0,0,0,1.0,1,1.0,1,1.0,1,0.16145407126294095,60
5338,0,8664,4355,4309,0,0,0,1.0,1,1.0,1,1.0,1,0.16145407126294095,60
5339,0,8664,4355,4309,0,0,0,1.0,1,1.0,1,1.0,1,0.16145407126294095,60
5340,1,8665,4356,4309,0,0,0,1.0,1,1.0,1,1.0,1,0.18541277057157798,60
5341,1,8666,4357,4309,0,0,0,1.0,1,1.0,1,1.0,1,0.20220462863299393,61
5342,2,8668,4358,4310,0,0,0,1.0,1,1.0,1,1.0,1,0.2131775738911851,59
5343,3,8671,4359,4312,0,0,0,1.0,1,1.0,1,1.0,1,0.21279672381382111,58
5344,3,8674,4361,4313,0,0,0,1.0,1,1.0,1,1.0,1,0.24287506434712086,58
5345,3,8677,4363,4314,0,0,0,1.0,1,1.0,1,1.0,1,0.22518076294251935,54
5346,0,8677,4363,4314,0,0,0,1.0,1,1.0,1,1.0,1,0.22518076294251935,54
5347,5,8682,4367,4315,0,0,0,1.0,1,1.0,1,1.0,1,0.21482858528748344,54
5348,5,8687,4368,4319,0,0,0,1.0,1,1.0,1,1.0,1,0.16872704670546684,55
5349,4,8691,4369,4322,0,0,0,1.0,1,1.0,1,1.0,1,0.1779465751030382,56
5350,2,8693,4369,4324,0,0,0,1.0,1,1.0,1,1.0,1,0.17316591473206527,56
5351,1,8694,4370,4324,0,0,0,1.0,1,1.0,1,1.0,1,0.17198494798627867,57
5352,1,8695,4371,4324,0,0,0,1.0,1,1.0,1,1.0,1,0.19787886554139716,57
5353,1,8696,4371,4325,0,0,0,1.0,1,1.0,1,1.0,1,0.18600935074211566,57
5354,0,8696,4371,4325,0,0,0,1.0,1,1.0,1,1.0,1,0.18526555727158486,56
5355,0,8696,4371,4325,0,0,0,1.0,1,1.0,1,1.0,1,0.18600149706127617,57
5356,1,8697,4371,4326,0,0,0,1.0,1,1.0,1,1.0,1,0.18062996111654037,56
5357,0,8697,4371,4326,0,0,0,1.0,1,1.0,1,1.0,1,0.20076495105004954,56
5358,1,8698,4372,4326,0,0,0,1.0,1,1.0,1,1.0,1,0.18955674455607674,57
5359,1,8699,4372,4327,0,0,0,1.0,1,1.0,1,1.0,1,0.1676910931819412,57
5360,1,8700,4373,4327,0,0,0,1.0,1,1.0,1,1.0,1,0.19274220150730859,55
5361,3,8703,4374,4329,0,0,0,1.0,1,1.0,1,1.0,1,0.18949026539717623,56
5362,1,8704,4375,4329,0,0,0,1.0,1,1.0,1,1.0,1,0.20433890664750812,57
5363,0,8704,4375,4329,0,0,0,1.0,1,1.0,1,1.0,1,0.20433890664750812,57
5364,1,8705,4375,4330,0,0,0,1.0,1,1.0,1,1.0,1,0.19421537976454514,58
5365,3,8708,4376,4332,0,0,0,1.0,1,1.0,1,1.0,1,0.1898684699636238,59
5366,6,8714,4378,4336,0,0,0,1.0,1,1.0,1,1.0,1,0.16852468837140755,60
5367,1,8715,4379,4336,0,0,0,1.0,1,1.0,1,1.0,1,0.1726361816789412,60
5368,1,8716,4380,4336,0,0,0,1.0,1,1.0,1,1.0,1,0.19451659567675186,58
5369,1,8717,4381,4336,0,0,0,1.0,1,1.0,1,1.0,1,0.18395811043459964,58
5370,1,8718,4382,4336,0,0,0,1.0,1,1.0,1,1.0,1,0.22451076711695572,57
5371,4,8722,4384,4338,0,0,0,1.0,1,1.0,1,1.0,1,0.2301704056208215,56
5372,3,8725,4387,4338,0,0,0,1.0,1,1.0,1,1.0,1,0.2227075486900185,55
5373,3,8728,4390,4338,0,0,0,1.0,1,1.0,1,1.0,1,0.2712710878260337,54
5374,4,8732,4391,4341,0,0,0,1.0,1,1.0,1,1.0,1,0.20960739275653437,53
5375,2,8734,4391,4343,0,0,0,1.0,1,1.0,1,1.0,1,0.1748469208368279,52
5376,1,8735,4391,4344,0,0,0,1.0,1,1.0,1,1.0,1,0.143348239783481,52
5377,0,8735,4391,4344,0,0,0,1.0,1,1.0,1,1.0,1,0.14609379222028973,51
5378,3,8738,4393,4345,0,0,0,1.0,1,1.0,1,1.0,1,0.16913379914613097,52
5379,0,8738,4393,4345,0,0,0,1.0,1,1.0,1,1.0,1,0.1749293172679373,50
5380,4,8742,4396,4346,0,0,0,1.0,1,1.0,1,1.0,1,0.2712751421355122,51
5381,1,8743,4397,4346,0,0,0,1.0,1,1.0,1,1.0,1,0.25805408255371654,50
5382,1,8744,4398,4346,0,0,0,1.0,1,1.0,1,1.0,1,0.26290577474302507,48
5383,3,8747,4398,4349,0,0,0,1.0,1,1.0,1,1.0,1,0.2690183502310824,48
5384,1,8748,4398,4350,0,0,0,1.0,1,1.0,1,1.0,1,0.25103812661977454,48
5385,1,8749,4398,4351,0,0,0,1.0,1,1.0,1,1.0,1,0.2359932085388688,47
5386,4,8753,4402,4351,0,0,0,1.0,1,1.0,1,1.0,1,0.2668173116221981,48
5387,2,8755,4402,4353,0,0,0,1.0,1,1.0,1,1.0,1,0.2513665882135915,48
5388,0,8755,4402,4353,0,0,0,1.0,1,1.0,1,1.0,1,0.2513665882135915,48
5389,2,8757,4402,4355,0,0,0,1.0,1,1.0,1,1.0,1,0.21666229972531537,50
5390,0,8757,4402,4355,0,0,0,1.0,1,1.0,1,1.0,1,0.2314426786837031,52
5391,1,8758,4403,4355,0,0,0,1.0,1,1.0,1,1.0,1,0.24057613211500542,52
5392,1,8759,4403,4356,0,0,0,1.0,1,1.0,1,1.0,1,0.23690967251063272,51
5393,3,8762,4406,4356,0,0,0,1.0,1,1.0,1,1.0,1,0.2834924294446531,50
5394,0,8762,4406,4356,0,0,0,1.0,1,1.0,1,1.0,1,0.2856852516635158,50
5395,5,8767,4408,4359,0,0,0,1.0,1,1.0,1,1.0,1,0.26377193986199265,49
5396,3,8770,4410,4360,0,0,0,1.0,1,1.0,1,1.0,1,0.2533385661109432,48
5397,2,8772,4411,4361,0,0,0,1.0,1,1.0,1,1.0,1,0.2385397206448892,48
5398,1,8773,4411,4362,0,0,0,1.0,1,1.0,1,1.0,1,0.2663667353567479,46
5399,2,8775,4413,4362,0,0,0,1.0,1,1.0,1,1.0,1,0.2525284134257532,46
5400,2,8777,4415,4362,0,0,0,1.0,1,1.0,1,1.0,1,0.3000991658653109,48
5401,2,8779,4415,4364,0,0,0,1.0,1,1.0,1,1.0,1,0.2544773372438279,49
5402,0,8779,4415,4364,0,0,0,1.0,1,1.0,1,1.0,1,0.0,0
