,SuccessfulHandoverCount,TotalSuccessfulHandoverCount,TotalSuccessfulHandoverCountRange,TotalSuccessfulHandoverCountLoadBalancing,TotalSuccessfulHandoverCountOverload,FailedHandoverCount,TotalFailedHandoverCount,AvgQoS,MinQoS,AvgQoS_LoadBased,MinQoS_LoadBased,AvgQoS_RangeBased,MinQoS_RangeBased,GiniLoad,VehicleCount
0,0,0,0,0,0,0,0,1.0,1,1.0,1,1.0,1,0.0,0
1,16,16,0,16,0,0,0,1.0,1,1.0,1,1.0,1,0.2981687554246577,30
2,13,29,0,29,0,0,0,1.0,1,1.0,1,1.0,1,0.31202009050008755,32
3,12,41,0,41,0,0,0,1.0,1,1.0,1,1.0,1,0.29758167576404887,33
4,14,55,0,55,0,0,0,1.0,1,1.0,1,1.0,1,0.24429859528530384,34
5,14,69,0,69,0,0,0,1.0,1,1.0,1,1.0,1,0.23627451426125218,36
6,2,71,0,71,0,0,0,1.0,1,1.0,1,1.0,1,0.17629622431209474,38
7,1,72,0,72,0,0,0,1.0,1,1.0,1,1.0,1,0.16728489789130585,40
8,0,72,0,72,0,0,0,1.0,1,1.0,1,1.0,1,0.16728489789130585,40
9,0,72,0,72,0,0,0,1.0,1,1.0,1,1.0,1,0.16728489789130585,40
10,0,72,0,72,0,0,0,1.0,1,1.0,1,1.0,1,0.17994035436469658,41
11,0,72,0,72,0,0,0,1.0,1,1.0,1,1.0,1,0.17993222578408824,40
12,0,72,0,72,0,0,0,1.0,1,1.0,1,1.0,1,0.1688023844907357,39
13,2,74,2,72,0,0,0,1.0,1,1.0,1,1.0,1,0.20479626061401807,37
14,2,76,2,74,0,0,0,1.0,1,1.0,1,1.0,1,0.22679951593834147,35
15,0,76,2,74,0,0,0,1.0,1,1.0,1,1.0,1,0.20083980892186465,36
16,0,76,2,74,0,0,0,1.0,1,1.0,1,1.0,1,0.25702398238136837,34
17,0,76,2,74,0,0,0,1.0,1,1.0,1,1.0,1,0.2836708364733917,33
18,1,77,2,75,0,0,0,1.0,1,1.0,1,1.0,1,0.2554962136631164,34
19,2,79,3,76,0,0,0,1.0,1,1.0,1,1.0,1,0.2691388564205501,34
20,0,79,3,76,0,0,0,1.0,1,1.0,1,1.0,1,0.23886630399002384,34
21,1,80,4,76,0,0,0,1.0,1,1.0,1,1.0,1,0.2893214212236694,36
22,0,80,4,76,0,0,0,1.0,1,1.0,1,1.0,1,0.2918181244553025,35
23,6,86,6,80,0,0,0,1.0,1,1.0,1,1.0,1,0.2862293197767173,35
24,2,88,8,80,0,0,0,1.0,1,1.0,1,1.0,1,0.28138769033201655,35
25,5,93,12,81,0,0,0,1.0,1,1.0,1,1.0,1,0.32830722423508907,35
26,4,97,14,83,0,0,0,1.0,1,1.0,1,1.0,1,0.32189179880685764,36
27,2,99,16,83,0,0,0,1.0,1,1.0,1,1.0,1,0.2798102860397628,34
28,5,104,17,87,0,0,0,1.0,1,1.0,1,1.0,1,0.22635647883598398,35
29,0,104,17,87,0,0,0,1.0,1,1.0,1,1.0,1,0.20886678473564566,33
30,1,105,18,87,0,0,0,1.0,1,1.0,1,1.0,1,0.2549039232089029,33
31,1,106,19,87,0,0,0,1.0,1,1.0,1,1.0,1,0.3053404556915384,33
32,2,108,20,88,0,0,0,1.0,1,1.0,1,1.0,1,0.326101591778128,32
33,0,108,20,88,0,0,0,1.0,1,1.0,1,1.0,1,0.3322009519448287,33
34,2,110,21,89,0,0,0,1.0,1,1.0,1,1.0,1,0.35008690433668005,33
35,1,111,21,90,0,0,0,1.0,1,1.0,1,1.0,1,0.3183284225993117,35
36,2,113,22,91,0,0,0,1.0,1,1.0,1,1.0,1,0.3331935609306477,36
37,3,116,23,93,0,0,0,1.0,1,1.0,1,1.0,1,0.24307795476052563,37
38,1,117,23,94,0,0,0,1.0,1,1.0,1,1.0,1,0.22755204836353138,36
39,0,117,23,94,0,0,0,1.0,1,1.0,1,1.0,1,0.2583464768732214,38
40,0,117,23,94,0,0,0,1.0,1,1.0,1,1.0,1,0.27511356670647147,40
41,0,117,23,94,0,0,0,1.0,1,1.0,1,1.0,1,0.27511356670647147,40
42,2,119,25,94,0,0,0,1.0,1,1.0,1,1.0,1,0.28934393754817295,40
43,2,121,26,95,0,0,0,1.0,1,1.0,1,1.0,1,0.31027618746751406,43
44,1,122,26,96,0,0,0,1.0,1,1.0,1,1.0,1,0.29284124288729185,43
45,2,124,27,97,0,0,0,1.0,1,1.0,1,1.0,1,0.28327733084512735,44
46,1,125,28,97,0,0,0,1.0,1,1.0,1,1.0,1,0.288999715064494,44
47,1,126,29,97,0,0,0,1.0,1,1.0,1,1.0,1,0.2972867784174753,44
48,1,127,30,97,0,0,0,1.0,1,1.0,1,1.0,1,0.3305066185327774,44
49,1,128,31,97,0,0,0,1.0,1,1.0,1,1.0,1,0.3093641647867809,41
50,2,130,33,97,0,0,0,1.0,1,1.0,1,1.0,1,0.35467652253343557,40
51,2,132,33,99,0,0,0,1.0,1,1.0,1,1.0,1,0.3053905842230827,38
52,0,132,33,99,0,0,0,1.0,1,1.0,1,1.0,1,0.29634579595374994,37
53,1,133,33,100,0,0,0,1.0,1,1.0,1,1.0,1,0.30992249999772026,38
54,4,137,34,103,0,0,0,1.0,1,1.0,1,1.0,1,0.27484770334103753,38
55,2,139,35,104,0,0,0,1.0,1,1.0,1,1.0,1,0.27789066339393353,38
56,2,141,35,106,0,0,0,1.0,1,1.0,1,1.0,1,0.23475092665007166,38
57,0,141,35,106,0,0,0,1.0,1,1.0,1,1.0,1,0.23475092665007166,38
58,4,145,37,108,0,0,0,1.0,1,1.0,1,1.0,1,0.285085913956907,38
59,1,146,37,109,0,0,0,1.0,1,1.0,1,1.0,1,0.25782552564952943,40
60,3,149,39,110,0,0,0,1.0,1,1.0,1,1.0,1,0.27249246804984795,40
61,1,150,39,111,0,0,0,1.0,1,1.0,1,1.0,1,0.2555619854237969,40
62,2,152,41,111,0,0,0,1.0,1,1.0,1,1.0,1,0.2892558064869955,42
63,2,154,42,112,0,0,0,1.0,1,1.0,1,1.0,1,0.2818613610554782,40
64,0,154,42,112,0,0,0,1.0,1,1.0,1,1.0,1,0.28081940030532637,41
65,1,155,43,112,0,0,0,1.0,1,1.0,1,1.0,1,0.3147329992684157,41
66,2,157,44,113,0,0,0,1.0,1,1.0,1,1.0,1,0.3200757289146418,41
67,4,161,46,115,0,0,0,1.0,1,1.0,1,1.0,1,0.3062803705298909,41
68,2,163,47,116,0,0,0,1.0,1,1.0,1,1.0,1,0.29845453844067354,41
69,1,164,47,117,0,0,0,1.0,1,1.0,1,1.0,1,0.29832043825926535,41
70,0,164,47,117,0,0,0,1.0,1,1.0,1,1.0,1,0.3124946781314769,42
71,4,168,49,119,0,0,0,1.0,1,1.0,1,1.0,1,0.26605927194564427,44
72,2,170,49,121,0,0,0,1.0,1,1.0,1,1.0,1,0.24061458040532074,44
73,1,171,49,122,0,0,0,1.0,1,1.0,1,1.0,1,0.2271887211679045,46
74,0,171,49,122,0,0,0,1.0,1,1.0,1,1.0,1,0.253805682996343,44
75,0,171,49,122,0,0,0,1.0,1,1.0,1,1.0,1,0.253805682996343,44
76,6,177,51,126,0,0,0,1.0,1,1.0,1,1.0,1,0.2668414086975083,45
77,0,177,51,126,0,0,0,1.0,1,1.0,1,1.0,1,0.25305095197382543,44
78,3,180,52,128,0,0,0,1.0,1,1.0,1,1.0,1,0.26259284111757136,44
79,0,180,52,128,0,0,0,1.0,1,1.0,1,1.0,1,0.2791736901233332,43
80,1,181,53,128,0,0,0,1.0,1,1.0,1,1.0,1,0.2631764706896952,43
81,4,185,56,129,0,0,0,1.0,1,1.0,1,1.0,1,0.296553127122764,44
82,3,188,57,131,0,0,0,1.0,1,1.0,1,1.0,1,0.2594311578401925,45
83,2,190,59,131,0,0,0,1.0,1,1.0,1,1.0,1,0.2906674296561233,45
84,0,190,59,131,0,0,0,1.0,1,1.0,1,1.0,1,0.2906674296561233,45
85,2,192,60,132,0,0,0,1.0,1,1.0,1,1.0,1,0.2717969873256773,45
86,1,193,60,133,0,0,0,1.0,1,1.0,1,1.0,1,0.2372603459691457,45
87,0,193,60,133,0,0,0,1.0,1,1.0,1,1.0,1,0.24553564286517177,44
88,0,193,60,133,0,0,0,1.0,1,1.0,1,1.0,1,0.23711002561326194,45
89,0,193,60,133,0,0,0,1.0,1,1.0,1,1.0,1,0.2530326339607735,46
90,0,193,60,133,0,0,0,1.0,1,1.0,1,1.0,1,0.28354715719036105,44
91,0,193,60,133,0,0,0,1.0,1,1.0,1,1.0,1,0.2709803629134707,45
92,0,193,60,133,0,0,0,1.0,1,1.0,1,1.0,1,0.2833179146624876,46
93,0,193,60,133,0,0,0,1.0,1,1.0,1,1.0,1,0.2833179146624876,46
94,2,195,61,134,0,0,0,1.0,1,1.0,1,1.0,1,0.2740341188999628,46
95,1,196,61,135,0,0,0,1.0,1,1.0,1,1.0,1,0.2928122699226146,46
96,2,198,62,136,0,0,0,1.0,1,1.0,1,1.0,1,0.28839984257479157,46
97,0,198,62,136,0,0,0,1.0,1,1.0,1,1.0,1,0.2832632880012383,47
98,0,198,62,136,0,0,0,1.0,1,1.0,1,1.0,1,0.2832632880012383,47
99,0,198,62,136,0,0,0,1.0,1,1.0,1,1.0,1,0.29935667076764844,46
100,1,199,63,136,0,0,0,1.0,1,1.0,1,1.0,1,0.3313137120483785,48
101,2,201,64,137,0,0,0,1.0,1,1.0,1,1.0,1,0.32554846742225796,49
102,2,203,66,137,0,0,0,1.0,1,1.0,1,1.0,1,0.3472283157713618,49
103,4,207,67,140,0,0,0,1.0,1,1.0,1,1.0,1,0.28723439238823234,48
104,5,212,69,143,0,0,0,1.0,1,1.0,1,1.0,1,0.30559440783420844,49
105,2,214,71,143,0,0,0,1.0,1,1.0,1,1.0,1,0.3235231964437594,48
106,5,219,72,147,0,0,0,1.0,1,1.0,1,1.0,1,0.2861748890615305,48
107,1,220,72,148,0,0,0,1.0,1,1.0,1,1.0,1,0.26543018298806537,47
108,2,222,72,150,0,0,0,1.0,1,1.0,1,1.0,1,0.2698241719444599,47
109,4,226,73,153,0,0,0,1.0,1,1.0,1,1.0,1,0.23508912536834103,47
110,2,228,74,154,0,0,0,1.0,1,1.0,1,1.0,1,0.23608082106939518,47
111,2,230,75,155,0,0,0,1.0,1,1.0,1,1.0,1,0.16861214053777834,46
112,1,231,76,155,0,0,0,1.0,1,1.0,1,1.0,1,0.18967765880159593,46
113,2,233,78,155,0,0,0,1.0,1,1.0,1,1.0,1,0.16918695343390053,45
114,0,233,78,155,0,0,0,1.0,1,1.0,1,1.0,1,0.1704366226673488,46
115,3,236,79,157,0,0,0,1.0,1,1.0,1,1.0,1,0.16557745601202625,47
116,0,236,79,157,0,0,0,1.0,1,1.0,1,1.0,1,0.14882901756446917,48
117,4,240,83,157,0,0,0,1.0,1,1.0,1,1.0,1,0.19073678411056053,48
118,0,240,83,157,0,0,0,1.0,1,1.0,1,1.0,1,0.198325233725034,49
119,1,241,84,157,0,0,0,1.0,1,1.0,1,1.0,1,0.22120256309241948,50
120,3,244,84,160,0,0,0,1.0,1,1.0,1,1.0,1,0.19589158213414265,51
121,2,246,84,162,0,0,0,1.0,1,1.0,1,1.0,1,0.167188832879084,51
122,0,246,84,162,0,0,0,1.0,1,1.0,1,1.0,1,0.167188832879084,51
123,0,246,84,162,0,0,0,1.0,1,1.0,1,1.0,1,0.167188832879084,51
124,0,246,84,162,0,0,0,1.0,1,1.0,1,1.0,1,0.167188832879084,51
125,0,246,84,162,0,0,0,1.0,1,1.0,1,1.0,1,0.22205929914996922,50
126,2,248,86,162,0,0,0,1.0,1,1.0,1,1.0,1,0.21034266949307953,52
127,4,252,86,166,0,0,0,1.0,1,1.0,1,1.0,1,0.17422093365369487,50
128,1,253,86,167,0,0,0,1.0,1,1.0,1,1.0,1,0.15319426751502063,50
129,0,253,86,167,0,0,0,1.0,1,1.0,1,1.0,1,0.1877380123319173,52
130,1,254,87,167,0,0,0,1.0,1,1.0,1,1.0,1,0.21389574465755315,52
131,5,259,88,171,0,0,0,1.0,1,1.0,1,1.0,1,0.17816613573044282,54
132,1,260,89,171,0,0,0,1.0,1,1.0,1,1.0,1,0.1902759005217082,54
133,2,262,90,172,0,0,0,1.0,1,1.0,1,1.0,1,0.18841116600212846,52
134,1,263,91,172,0,0,0,1.0,1,1.0,1,1.0,1,0.15629224307881673,52
135,4,267,95,172,0,0,0,1.0,1,1.0,1,1.0,1,0.20067788194275216,51
136,4,271,97,174,0,0,0,1.0,1,1.0,1,1.0,1,0.1673457673969663,51
137,3,274,98,176,0,0,0,1.0,1,1.0,1,1.0,1,0.08639008082858218,50
138,1,275,99,176,0,0,0,1.0,1,1.0,1,1.0,1,0.1323791742754568,52
139,5,280,102,178,0,0,0,1.0,1,1.0,1,1.0,1,0.1472981095666564,51
140,1,281,103,178,0,0,0,1.0,1,1.0,1,1.0,1,0.1508908937133862,51
141,1,282,104,178,0,0,0,1.0,1,1.0,1,1.0,1,0.20031247424412688,50
142,2,284,106,178,0,0,0,1.0,1,1.0,1,1.0,1,0.20324067538047016,51
143,0,284,106,178,0,0,0,1.0,1,1.0,1,1.0,1,0.19961571585493343,48
144,1,285,107,178,0,0,0,1.0,1,1.0,1,1.0,1,0.2170992774597575,49
145,5,290,111,179,0,0,0,1.0,1,1.0,1,1.0,1,0.14512287355886033,47
146,2,292,113,179,0,0,0,1.0,1,1.0,1,1.0,1,0.19283831753361327,49
147,1,293,113,180,0,0,0,1.0,1,1.0,1,1.0,1,0.13749754529678299,46
148,0,293,113,180,0,0,0,1.0,1,1.0,1,1.0,1,0.14207172555174824,47
149,1,294,114,180,0,0,0,1.0,1,1.0,1,1.0,1,0.12353317883760227,46
150,0,294,114,180,0,0,0,1.0,1,1.0,1,1.0,1,0.119070528436374,47
151,1,295,115,180,0,0,0,1.0,1,1.0,1,1.0,1,0.1615140134911688,46
152,1,296,116,180,0,0,0,1.0,1,1.0,1,1.0,1,0.1606349875487791,45
153,0,296,116,180,0,0,0,1.0,1,1.0,1,1.0,1,0.1711347643722188,46
154,0,296,116,180,0,0,0,1.0,1,1.0,1,1.0,1,0.19799259829036733,44
155,3,299,119,180,0,0,0,1.0,1,1.0,1,1.0,1,0.271235786043928,45
156,3,302,120,182,0,0,0,1.0,1,1.0,1,1.0,1,0.2671918776078373,43
157,0,302,120,182,0,0,0,1.0,1,1.0,1,1.0,1,0.2520694909960437,42
158,2,304,120,184,0,0,0,1.0,1,1.0,1,1.0,1,0.22541829946908143,43
159,2,306,121,185,0,0,0,1.0,1,1.0,1,1.0,1,0.28084031649960617,44
160,3,309,122,187,0,0,0,1.0,1,1.0,1,1.0,1,0.28352289765717026,44
161,7,316,124,192,0,0,0,1.0,1,1.0,1,1.0,1,0.20911740104524418,44
162,2,318,124,194,0,0,0,1.0,1,1.0,1,1.0,1,0.18815291174385224,44
163,6,324,129,195,0,0,0,1.0,1,1.0,1,1.0,1,0.2623517437500539,44
164,4,328,132,196,0,0,0,1.0,1,1.0,1,1.0,1,0.2654577474129724,44
165,7,335,133,202,0,0,0,1.0,1,1.0,1,1.0,1,0.21484910879104135,43
166,3,338,134,204,0,0,0,1.0,1,1.0,1,1.0,1,0.22375721053700456,43
167,1,339,135,204,0,0,0,1.0,1,1.0,1,1.0,1,0.21825697771500088,42
168,0,339,135,204,0,0,0,1.0,1,1.0,1,1.0,1,0.1839193827770251,40
169,0,339,135,204,0,0,0,1.0,1,1.0,1,1.0,1,0.16321016149950704,41
170,0,339,135,204,0,0,0,1.0,1,1.0,1,1.0,1,0.2025533484488799,39
171,0,339,135,204,0,0,0,1.0,1,1.0,1,1.0,1,0.2025533484488799,39
172,0,339,135,204,0,0,0,1.0,1,1.0,1,1.0,1,0.21193206062833744,38
173,3,342,138,204,0,0,0,1.0,1,1.0,1,1.0,1,0.30849025944529157,38
174,1,343,139,204,0,0,0,1.0,1,1.0,1,1.0,1,0.24751482359732993,37
175,2,345,141,204,0,0,0,1.0,1,1.0,1,1.0,1,0.2952500008088955,36
176,5,350,144,206,0,0,0,1.0,1,1.0,1,1.0,1,0.25327831867037826,36
177,1,351,144,207,0,0,0,1.0,1,1.0,1,1.0,1,0.22196216549937609,38
178,1,352,145,207,0,0,0,1.0,1,1.0,1,1.0,1,0.2512263042030404,39
179,2,354,145,209,0,0,0,1.0,1,1.0,1,1.0,1,0.21316668164384395,40
180,1,355,146,209,0,0,0,1.0,1,1.0,1,1.0,1,0.20233758422696413,40
181,0,355,146,209,0,0,0,1.0,1,1.0,1,1.0,1,0.22856811514839115,39
182,1,356,147,209,0,0,0,1.0,1,1.0,1,1.0,1,0.23832525810696292,40
183,1,357,148,209,0,0,0,1.0,1,1.0,1,1.0,1,0.2874179362177781,40
184,1,358,149,209,0,0,0,1.0,1,1.0,1,1.0,1,0.30348756296175783,38
185,1,359,149,210,0,0,0,1.0,1,1.0,1,1.0,1,0.3017328624535557,38
186,4,363,150,213,0,0,0,1.0,1,1.0,1,1.0,1,0.20543456769328156,37
187,2,365,151,214,0,0,0,1.0,1,1.0,1,1.0,1,0.1967628898100257,36
188,4,369,154,215,0,0,0,1.0,1,1.0,1,1.0,1,0.1807429959498742,36
189,2,371,155,216,0,0,0,1.0,1,1.0,1,1.0,1,0.18169469402261104,36
190,0,371,155,216,0,0,0,1.0,1,1.0,1,1.0,1,0.21571117598349174,36
191,1,372,156,216,0,0,0,1.0,1,1.0,1,1.0,1,0.2205982590889937,37
192,1,373,157,216,0,0,0,1.0,1,1.0,1,1.0,1,0.20545195686474144,37
193,1,374,158,216,0,0,0,1.0,1,1.0,1,1.0,1,0.21328499570121096,38
194,1,375,159,216,0,0,0,1.0,1,1.0,1,1.0,1,0.2420733760355471,39
195,2,377,160,217,0,0,0,1.0,1,1.0,1,1.0,1,0.24657858755244783,40
196,1,378,160,218,0,0,0,1.0,1,1.0,1,1.0,1,0.2183763979934517,40
197,1,379,160,219,0,0,0,1.0,1,1.0,1,1.0,1,0.22266862939119053,40
198,4,383,162,221,0,0,0,1.0,1,1.0,1,1.0,1,0.20612328419392037,40
199,4,387,163,224,0,0,0,1.0,1,1.0,1,1.0,1,0.1289983072936504,40
200,0,387,163,224,0,0,0,1.0,1,1.0,1,1.0,1,0.1289983072936504,40
201,1,388,164,224,0,0,0,1.0,1,1.0,1,1.0,1,0.1351267593627368,39
202,0,388,164,224,0,0,0,1.0,1,1.0,1,1.0,1,0.11892741247678677,40
203,3,391,167,224,0,0,0,1.0,1,1.0,1,1.0,1,0.13493070252005857,39
204,1,392,168,224,0,0,0,1.0,1,1.0,1,1.0,1,0.11712735151191507,38
205,0,392,168,224,0,0,0,1.0,1,1.0,1,1.0,1,0.10450926559221493,37
206,1,393,169,224,0,0,0,1.0,1,1.0,1,1.0,1,0.15374970590756565,36
207,2,395,170,225,0,0,0,1.0,1,1.0,1,1.0,1,0.11676506488833995,37
208,0,395,170,225,0,0,0,1.0,1,1.0,1,1.0,1,0.1343862340719452,36
209,2,397,172,225,0,0,0,1.0,1,1.0,1,1.0,1,0.192716227187758,36
210,1,398,173,225,0,0,0,1.0,1,1.0,1,1.0,1,0.23571225700007964,36
211,0,398,173,225,0,0,0,1.0,1,1.0,1,1.0,1,0.24801912721641092,34
212,1,399,174,225,0,0,0,1.0,1,1.0,1,1.0,1,0.2865713729718201,34
213,1,400,174,226,0,0,0,1.0,1,1.0,1,1.0,1,0.29517506321513737,36
214,1,401,175,226,0,0,0,1.0,1,1.0,1,1.0,1,0.25305798336823976,35
215,2,403,177,226,0,0,0,1.0,1,1.0,1,1.0,1,0.24224480917612223,35
216,1,404,177,227,0,0,0,1.0,1,1.0,1,1.0,1,0.23412545162484522,37
217,3,407,178,229,0,0,0,1.0,1,1.0,1,1.0,1,0.19838768258807832,37
218,6,413,182,231,0,0,0,1.0,1,1.0,1,1.0,1,0.21436895321157445,37
219,2,415,183,232,0,0,0,1.0,1,1.0,1,1.0,1,0.2594983631468826,37
220,2,417,184,233,0,0,0,1.0,1,1.0,1,1.0,1,0.23041575126587943,38
221,4,421,186,235,0,0,0,1.0,1,1.0,1,1.0,1,0.15656620781175712,39
222,0,421,186,235,0,0,0,1.0,1,1.0,1,1.0,1,0.15656620781175712,39
223,2,423,187,236,0,0,0,1.0,1,1.0,1,1.0,1,0.17066347820349684,40
224,5,428,189,239,0,0,0,1.0,1,1.0,1,1.0,1,0.10250157728248396,40
225,0,428,189,239,0,0,0,1.0,1,1.0,1,1.0,1,0.1623089663520394,39
226,4,432,193,239,0,0,0,1.0,1,1.0,1,1.0,1,0.14645811230329478,39
227,1,433,194,239,0,0,0,1.0,1,1.0,1,1.0,1,0.1755702830297314,39
228,3,436,196,240,0,0,0,1.0,1,1.0,1,1.0,1,0.20608262849062123,38
229,3,439,198,241,0,0,0,1.0,1,1.0,1,1.0,1,0.26530484296820717,39
230,2,441,199,242,0,0,0,1.0,1,1.0,1,1.0,1,0.2111207291623328,38
231,2,443,200,243,0,0,0,1.0,1,1.0,1,1.0,1,0.16518028975007482,38
232,4,447,203,244,0,0,0,1.0,1,1.0,1,1.0,1,0.24232465008902715,37
233,0,447,203,244,0,0,0,1.0,1,1.0,1,1.0,1,0.24186274117307552,36
234,0,447,203,244,0,0,0,1.0,1,1.0,1,1.0,1,0.26289839389881714,34
235,1,448,204,244,0,0,0,1.0,1,1.0,1,1.0,1,0.3248366656554198,34
236,0,448,204,244,0,0,0,1.0,1,1.0,1,1.0,1,0.36210534351614165,33
237,0,448,204,244,0,0,0,1.0,1,1.0,1,1.0,1,0.3403500297238402,32
238,1,449,205,244,0,0,0,1.0,1,1.0,1,1.0,1,0.37094710488132115,32
239,5,454,208,246,0,0,0,1.0,1,1.0,1,1.0,1,0.31177361995115954,31
240,2,456,208,248,0,0,0,1.0,1,1.0,1,1.0,1,0.2639041867137624,28
241,1,457,209,248,0,0,0,1.0,1,1.0,1,1.0,1,0.29849987692635194,27
242,1,458,209,249,0,0,0,1.0,1,1.0,1,1.0,1,0.3141997771879682,29
243,2,460,210,250,0,0,0,1.0,1,1.0,1,1.0,1,0.2951479671284918,28
244,0,460,210,250,0,0,0,1.0,1,1.0,1,1.0,1,0.2602653089271649,28
245,1,461,211,250,0,0,0,1.0,1,1.0,1,1.0,1,0.2584252165445197,27
246,2,463,213,250,0,0,0,1.0,1,1.0,1,1.0,1,0.3092144168856148,25
247,1,464,213,251,0,0,0,1.0,1,1.0,1,1.0,1,0.28872221156063654,26
248,1,465,213,252,0,0,0,1.0,1,1.0,1,1.0,1,0.2575530655276914,27
249,2,467,215,252,0,0,0,1.0,1,1.0,1,1.0,1,0.2871996606518367,26
250,1,468,215,253,0,0,0,1.0,1,1.0,1,1.0,1,0.29834604017575567,27
251,1,469,215,254,0,0,0,1.0,1,1.0,1,1.0,1,0.2961039335674561,28
252,1,470,216,254,0,0,0,1.0,1,1.0,1,1.0,1,0.29835769029802445,28
253,1,471,217,254,0,0,0,1.0,1,1.0,1,1.0,1,0.25708960560388877,28
254,1,472,217,255,0,0,0,1.0,1,1.0,1,1.0,1,0.2721727841181633,29
255,1,473,218,255,0,0,0,1.0,1,1.0,1,1.0,1,0.3351254536481228,30
256,1,474,219,255,0,0,0,1.0,1,1.0,1,1.0,1,0.29973966257309437,30
257,2,476,220,256,0,0,0,1.0,1,1.0,1,1.0,1,0.3348397210562795,32
258,2,478,222,256,0,0,0,1.0,1,1.0,1,1.0,1,0.33467169941844527,32
259,0,478,222,256,0,0,0,1.0,1,1.0,1,1.0,1,0.33467169941844527,32
260,1,479,223,256,0,0,0,1.0,1,1.0,1,1.0,1,0.33160979318022943,34
261,2,481,223,258,0,0,0,1.0,1,1.0,1,1.0,1,0.2993074098621878,35
262,3,484,225,259,0,0,0,1.0,1,1.0,1,1.0,1,0.39365299549705945,36
263,0,484,225,259,0,0,0,1.0,1,1.0,1,1.0,1,0.3758741833631813,34
264,2,486,226,260,0,0,0,1.0,1,1.0,1,1.0,1,0.3926789251875395,34
265,0,486,226,260,0,0,0,1.0,1,1.0,1,1.0,1,0.40186338971319036,33
266,2,488,226,262,0,0,0,1.0,1,1.0,1,1.0,1,0.3731562703934143,34
267,0,488,226,262,0,0,0,1.0,1,1.0,1,1.0,1,0.37136113556788375,33
268,1,489,226,263,0,0,0,1.0,1,1.0,1,1.0,1,0.35285588054474526,34
269,1,490,227,263,0,0,0,1.0,1,1.0,1,1.0,1,0.3374890650008998,34
270,2,492,227,265,0,0,0,1.0,1,1.0,1,1.0,1,0.3220200036661993,36
271,0,492,227,265,0,0,0,1.0,1,1.0,1,1.0,1,0.3220200036661993,36
272,2,494,227,267,0,0,0,1.0,1,1.0,1,1.0,1,0.30976024322700374,38
273,0,494,227,267,0,0,0,1.0,1,1.0,1,1.0,1,0.30976024322700374,38
274,1,495,228,267,0,0,0,1.0,1,1.0,1,1.0,1,0.32356479416746087,38
275,0,495,228,267,0,0,0,1.0,1,1.0,1,1.0,1,0.32356479416746087,38
276,1,496,228,268,0,0,0,1.0,1,1.0,1,1.0,1,0.29140248856974355,39
277,2,498,229,269,0,0,0,1.0,1,1.0,1,1.0,1,0.3031538038526212,38
278,1,499,229,270,0,0,0,1.0,1,1.0,1,1.0,1,0.3328695978080906,38
279,0,499,229,270,0,0,0,1.0,1,1.0,1,1.0,1,0.31571078628184496,38
280,1,500,230,270,0,0,0,1.0,1,1.0,1,1.0,1,0.3538905384819403,38
281,2,502,230,272,0,0,0,1.0,1,1.0,1,1.0,1,0.3000091884638266,38
282,0,502,230,272,0,0,0,1.0,1,1.0,1,1.0,1,0.30059580938224634,38
283,0,502,230,272,0,0,0,1.0,1,1.0,1,1.0,1,0.30059580938224634,38
284,0,502,230,272,0,0,0,1.0,1,1.0,1,1.0,1,0.3044281791424118,39
285,1,503,231,272,0,0,0,1.0,1,1.0,1,1.0,1,0.3368295872932106,39
286,1,504,231,273,0,0,0,1.0,1,1.0,1,1.0,1,0.33071360947399214,39
287,3,507,232,275,0,0,0,1.0,1,1.0,1,1.0,1,0.3728341763231099,39
288,2,509,232,277,0,0,0,1.0,1,1.0,1,1.0,1,0.3100493092313201,39
289,1,510,232,278,0,0,0,1.0,1,1.0,1,1.0,1,0.3024970103811611,39
290,0,510,232,278,0,0,0,1.0,1,1.0,1,1.0,1,0.3027576831777265,39
291,0,510,232,278,0,0,0,1.0,1,1.0,1,1.0,1,0.3027576831777265,39
292,2,512,232,280,0,0,0,1.0,1,1.0,1,1.0,1,0.274602308898558,40
293,2,514,233,281,0,0,0,1.0,1,1.0,1,1.0,1,0.20372220806811475,41
294,2,516,234,282,0,0,0,1.0,1,1.0,1,1.0,1,0.18251009784920774,40
295,3,519,236,283,0,0,0,1.0,1,1.0,1,1.0,1,0.17359387580604715,42
296,4,523,239,284,0,0,0,1.0,1,1.0,1,1.0,1,0.19571866081509204,42
297,1,524,239,285,0,0,0,1.0,1,1.0,1,1.0,1,0.18355175325651812,43
298,1,525,240,285,0,0,0,1.0,1,1.0,1,1.0,1,0.20001616140854334,44
299,0,525,240,285,0,0,0,1.0,1,1.0,1,1.0,1,0.20001616140854334,44
300,2,527,240,287,0,0,0,1.0,1,1.0,1,1.0,1,0.15487103613608344,45
301,4,531,243,288,0,0,0,1.0,1,1.0,1,1.0,1,0.1642539587846404,47
302,5,536,245,291,0,0,0,1.0,1,1.0,1,1.0,1,0.1655878468040059,46
303,2,538,247,291,0,0,0,1.0,1,1.0,1,1.0,1,0.17928511857328647,45
304,2,540,249,291,0,0,0,1.0,1,1.0,1,1.0,1,0.2232642498891112,45
305,0,540,249,291,0,0,0,1.0,1,1.0,1,1.0,1,0.21163536811206454,43
306,4,544,249,295,0,0,0,1.0,1,1.0,1,1.0,1,0.17500271933456452,44
307,1,545,250,295,0,0,0,1.0,1,1.0,1,1.0,1,0.1844188091134957,42
308,1,546,251,295,0,0,0,1.0,1,1.0,1,1.0,1,0.19857780470524417,41
309,0,546,251,295,0,0,0,1.0,1,1.0,1,1.0,1,0.20618574093383232,42
310,1,547,251,296,0,0,0,1.0,1,1.0,1,1.0,1,0.1773768851027139,41
311,0,547,251,296,0,0,0,1.0,1,1.0,1,1.0,1,0.1773768851027139,41
312,2,549,252,297,0,0,0,1.0,1,1.0,1,1.0,1,0.1585815451351743,44
313,0,549,252,297,0,0,0,1.0,1,1.0,1,1.0,1,0.16482150796021208,43
314,1,550,253,297,0,0,0,1.0,1,1.0,1,1.0,1,0.17172559939366208,43
315,0,550,253,297,0,0,0,1.0,1,1.0,1,1.0,1,0.14447002461012168,43
316,1,551,254,297,0,0,0,1.0,1,1.0,1,1.0,1,0.1760007629272724,43
317,0,551,254,297,0,0,0,1.0,1,1.0,1,1.0,1,0.1791089239212822,44
318,2,553,256,297,0,0,0,1.0,1,1.0,1,1.0,1,0.25952635306554356,45
319,2,555,256,299,0,0,0,1.0,1,1.0,1,1.0,1,0.24071793907782826,46
320,0,555,256,299,0,0,0,1.0,1,1.0,1,1.0,1,0.26166523293281685,45
321,2,557,257,300,0,0,0,1.0,1,1.0,1,1.0,1,0.21957730675387008,44
322,0,557,257,300,0,0,0,1.0,1,1.0,1,1.0,1,0.22289032599043407,42
323,3,560,259,301,0,0,0,1.0,1,1.0,1,1.0,1,0.21677837347195497,42
324,0,560,259,301,0,0,0,1.0,1,1.0,1,1.0,1,0.22412212739393447,43
325,3,563,261,302,0,0,0,1.0,1,1.0,1,1.0,1,0.2531387746882624,43
326,0,563,261,302,0,0,0,1.0,1,1.0,1,1.0,1,0.2531387746882624,43
327,3,566,263,303,0,0,0,1.0,1,1.0,1,1.0,1,0.284323064040994,44
328,4,570,264,306,0,0,0,1.0,1,1.0,1,1.0,1,0.25447671727632754,44
329,0,570,264,306,0,0,0,1.0,1,1.0,1,1.0,1,0.23647603970323447,45
330,0,570,264,306,0,0,0,1.0,1,1.0,1,1.0,1,0.2378356662706666,46
331,3,573,265,308,0,0,0,1.0,1,1.0,1,1.0,1,0.21166158916548988,46
332,2,575,265,310,0,0,0,1.0,1,1.0,1,1.0,1,0.1675323087771519,47
333,1,576,265,311,0,0,0,1.0,1,1.0,1,1.0,1,0.17774427350800828,48
334,0,576,265,311,0,0,0,1.0,1,1.0,1,1.0,1,0.17774427350800828,48
335,1,577,266,311,0,0,0,1.0,1,1.0,1,1.0,1,0.1820098125420674,49
336,0,577,266,311,0,0,0,1.0,1,1.0,1,1.0,1,0.1888417427107648,50
337,1,578,267,311,0,0,0,1.0,1,1.0,1,1.0,1,0.20848752365968348,51
338,1,579,267,312,0,0,0,1.0,1,1.0,1,1.0,1,0.19738260480813696,51
339,3,582,268,314,0,0,0,1.0,1,1.0,1,1.0,1,0.17703726905593703,51
340,1,583,269,314,0,0,0,1.0,1,1.0,1,1.0,1,0.19647329712391742,51
341,0,583,269,314,0,0,0,1.0,1,1.0,1,1.0,1,0.19482873240174325,51
342,1,584,270,314,0,0,0,1.0,1,1.0,1,1.0,1,0.21873517368933185,51
343,2,586,270,316,0,0,0,1.0,1,1.0,1,1.0,1,0.19209808363895067,51
344,0,586,270,316,0,0,0,1.0,1,1.0,1,1.0,1,0.19051198246448822,50
345,0,586,270,316,0,0,0,1.0,1,1.0,1,1.0,1,0.19051198246448822,50
346,4,590,273,317,0,0,0,1.0,1,1.0,1,1.0,1,0.21930534189450018,50
347,0,590,273,317,0,0,0,1.0,1,1.0,1,1.0,1,0.22677420150255612,51
348,3,593,275,318,0,0,0,1.0,1,1.0,1,1.0,1,0.2559056178211264,52
349,2,595,277,318,0,0,0,1.0,1,1.0,1,1.0,1,0.2771556196169272,54
350,2,597,277,320,0,0,0,1.0,1,1.0,1,1.0,1,0.29697565725281216,54
351,6,603,279,324,0,0,0,1.0,1,1.0,1,1.0,1,0.21506279816586504,54
352,2,605,279,326,0,0,0,1.0,1,1.0,1,1.0,1,0.18678193508094024,56
353,3,608,281,327,0,0,0,1.0,1,1.0,1,1.0,1,0.1510675732297791,54
354,3,611,281,330,0,0,0,1.0,1,1.0,1,1.0,1,0.11984410347776774,53
355,3,614,282,332,0,0,0,1.0,1,1.0,1,1.0,1,0.11208354585144106,54
356,1,615,283,332,0,0,0,1.0,1,1.0,1,1.0,1,0.13724183060874126,54
357,3,618,286,332,0,0,0,1.0,1,1.0,1,1.0,1,0.1849241459011635,53
358,1,619,286,333,0,0,0,1.0,1,1.0,1,1.0,1,0.21881316323790875,49
359,0,619,286,333,0,0,0,1.0,1,1.0,1,1.0,1,0.208808674405029,48
360,0,619,286,333,0,0,0,1.0,1,1.0,1,1.0,1,0.22637723985372135,47
361,0,619,286,333,0,0,0,1.0,1,1.0,1,1.0,1,0.2117814751544639,46
362,0,619,286,333,0,0,0,1.0,1,1.0,1,1.0,1,0.2136721887318717,46
363,2,621,287,334,0,0,0,1.0,1,1.0,1,1.0,1,0.18575456375291838,47
364,1,622,288,334,0,0,0,1.0,1,1.0,1,1.0,1,0.22358004299446865,47
365,1,623,289,334,0,0,0,1.0,1,1.0,1,1.0,1,0.2515107778308473,47
366,3,626,290,336,0,0,0,1.0,1,1.0,1,1.0,1,0.2995023184782222,50
367,1,627,290,337,0,0,0,1.0,1,1.0,1,1.0,1,0.2558959456237747,50
368,1,628,290,338,0,0,0,1.0,1,1.0,1,1.0,1,0.23126277565457345,51
369,0,628,290,338,0,0,0,1.0,1,1.0,1,1.0,1,0.25902014081653424,51
370,0,628,290,338,0,0,0,1.0,1,1.0,1,1.0,1,0.25902014081653424,51
371,4,632,290,342,0,0,0,1.0,1,1.0,1,1.0,1,0.21173553763429726,52
372,0,632,290,342,0,0,0,1.0,1,1.0,1,1.0,1,0.21199005400117604,53
373,3,635,292,343,0,0,0,1.0,1,1.0,1,1.0,1,0.2084872692041765,53
374,2,637,293,344,0,0,0,1.0,1,1.0,1,1.0,1,0.23845030009550702,53
375,3,640,295,345,0,0,0,1.0,1,1.0,1,1.0,1,0.22738849684586943,53
376,3,643,296,347,0,0,0,1.0,1,1.0,1,1.0,1,0.15507265584298002,53
377,3,646,298,348,0,0,0,1.0,1,1.0,1,1.0,1,0.1590719930418501,53
378,1,647,299,348,0,0,0,1.0,1,1.0,1,1.0,1,0.15827776410355324,53
379,1,648,300,348,0,0,0,1.0,1,1.0,1,1.0,1,0.17077683613264227,54
380,0,648,300,348,0,0,0,1.0,1,1.0,1,1.0,1,0.17077683613264227,54
381,4,652,301,351,0,0,0,1.0,1,1.0,1,1.0,1,0.1312192368064087,54
382,3,655,302,353,0,0,0,1.0,1,1.0,1,1.0,1,0.1361234195561754,55
383,1,656,303,353,0,0,0,1.0,1,1.0,1,1.0,1,0.1527946676753398,55
384,1,657,304,353,0,0,0,1.0,1,1.0,1,1.0,1,0.1889784915996426,54
385,2,659,304,355,0,0,0,1.0,1,1.0,1,1.0,1,0.15222388317768182,52
386,4,663,305,358,0,0,0,1.0,1,1.0,1,1.0,1,0.11112654776813931,52
387,2,665,307,358,0,0,0,1.0,1,1.0,1,1.0,1,0.12523001604571116,50
388,2,667,307,360,0,0,0,1.0,1,1.0,1,1.0,1,0.10718378594191633,52
389,1,668,308,360,0,0,0,1.0,1,1.0,1,1.0,1,0.12822502982717204,51
390,3,671,310,361,0,0,0,1.0,1,1.0,1,1.0,1,0.12983521102476847,50
391,2,673,311,362,0,0,0,1.0,1,1.0,1,1.0,1,0.10430300354962667,49
392,2,675,313,362,0,0,0,1.0,1,1.0,1,1.0,1,0.14390065893321485,47
393,6,681,316,365,0,0,0,1.0,1,1.0,1,1.0,1,0.1602750913243162,47
394,1,682,317,365,0,0,0,1.0,1,1.0,1,1.0,1,0.17432052785858593,48
395,1,683,318,365,0,0,0,1.0,1,1.0,1,1.0,1,0.2767935697230621,46
396,3,686,320,366,0,0,0,1.0,1,1.0,1,1.0,1,0.28919329035644137,43
397,1,687,320,367,0,0,0,1.0,1,1.0,1,1.0,1,0.29072351515810757,42
398,2,689,322,367,0,0,0,1.0,1,1.0,1,1.0,1,0.36340840237707656,40
399,0,689,322,367,0,0,0,1.0,1,1.0,1,1.0,1,0.35346561515902425,39
400,1,690,323,367,0,0,0,1.0,1,1.0,1,1.0,1,0.3317318594652614,38
401,3,693,323,370,0,0,0,1.0,1,1.0,1,1.0,1,0.27669628731904683,37
402,2,695,325,370,0,0,0,1.0,1,1.0,1,1.0,1,0.2519986587431377,36
403,1,696,326,370,0,0,0,1.0,1,1.0,1,1.0,1,0.2270466101849464,38
404,2,698,327,371,0,0,0,1.0,1,1.0,1,1.0,1,0.23034132993628112,39
405,0,698,327,371,0,0,0,1.0,1,1.0,1,1.0,1,0.20219920687904458,40
406,0,698,327,371,0,0,0,1.0,1,1.0,1,1.0,1,0.21238050347304246,41
407,0,698,327,371,0,0,0,1.0,1,1.0,1,1.0,1,0.20523886014905338,42
408,0,698,327,371,0,0,0,1.0,1,1.0,1,1.0,1,0.1886855734277204,43
409,1,699,328,371,0,0,0,1.0,1,1.0,1,1.0,1,0.22455583045810806,44
410,1,700,328,372,0,0,0,1.0,1,1.0,1,1.0,1,0.22380046205833373,46
411,0,700,328,372,0,0,0,1.0,1,1.0,1,1.0,1,0.22380046205833373,46
412,2,702,328,374,0,0,0,1.0,1,1.0,1,1.0,1,0.20279199866409817,47
413,1,703,329,374,0,0,0,1.0,1,1.0,1,1.0,1,0.22965948267736214,47
414,0,703,329,374,0,0,0,1.0,1,1.0,1,1.0,1,0.22965948267736214,47
415,2,705,329,376,0,0,0,1.0,1,1.0,1,1.0,1,0.222334223051848,48
416,1,706,329,377,0,0,0,1.0,1,1.0,1,1.0,1,0.21515485448494015,49
417,1,707,329,378,0,0,0,1.0,1,1.0,1,1.0,1,0.20697820286667154,49
418,3,710,331,379,0,0,0,1.0,1,1.0,1,1.0,1,0.2201440176423369,50
419,0,710,331,379,0,0,0,1.0,1,1.0,1,1.0,1,0.2201440176423369,50
420,1,711,332,379,0,0,0,1.0,1,1.0,1,1.0,1,0.2298258767831762,50
421,1,712,332,380,0,0,0,1.0,1,1.0,1,1.0,1,0.20824634433842037,50
422,1,713,332,381,0,0,0,1.0,1,1.0,1,1.0,1,0.20931211668497027,50
423,2,715,333,382,0,0,0,1.0,1,1.0,1,1.0,1,0.22678889112095196,51
424,1,716,333,383,0,0,0,1.0,1,1.0,1,1.0,1,0.2371891037051371,49
425,0,716,333,383,0,0,0,1.0,1,1.0,1,1.0,1,0.2561118119674378,48
426,5,721,335,386,0,0,0,1.0,1,1.0,1,1.0,1,0.21968194502177377,50
427,3,724,337,387,0,0,0,1.0,1,1.0,1,1.0,1,0.23624232827755656,48
428,6,730,340,390,0,0,0,1.0,1,1.0,1,1.0,1,0.2742075348112049,49
429,3,733,341,392,0,0,0,1.0,1,1.0,1,1.0,1,0.23205971509471682,45
430,4,737,343,394,0,0,0,1.0,1,1.0,1,1.0,1,0.26112261832055417,44
431,3,740,343,397,0,0,0,1.0,1,1.0,1,1.0,1,0.20295245396735553,42
432,1,741,343,398,0,0,0,1.0,1,1.0,1,1.0,1,0.1789921990303986,40
433,1,742,344,398,0,0,0,1.0,1,1.0,1,1.0,1,0.19738977697833326,39
434,2,744,345,399,0,0,0,1.0,1,1.0,1,1.0,1,0.16976215875870257,39
435,2,746,347,399,0,0,0,1.0,1,1.0,1,1.0,1,0.2274620851268155,38
436,2,748,347,401,0,0,0,1.0,1,1.0,1,1.0,1,0.15557100757198292,38
437,1,749,348,401,0,0,0,1.0,1,1.0,1,1.0,1,0.1888134424543721,39
438,0,749,348,401,0,0,0,1.0,1,1.0,1,1.0,1,0.19954001703244698,38
439,1,750,348,402,0,0,0,1.0,1,1.0,1,1.0,1,0.2210487496460511,39
440,1,751,348,403,0,0,0,1.0,1,1.0,1,1.0,1,0.2057953413006569,39
441,4,755,351,404,0,0,0,1.0,1,1.0,1,1.0,1,0.2943595758310094,41
442,4,759,352,407,0,0,0,1.0,1,1.0,1,1.0,1,0.22829069628341378,42
443,3,762,352,410,0,0,0,1.0,1,1.0,1,1.0,1,0.14953143954542783,42
444,0,762,352,410,0,0,0,1.0,1,1.0,1,1.0,1,0.15655363299127822,43
445,0,762,352,410,0,0,0,1.0,1,1.0,1,1.0,1,0.17319111412477545,44
446,1,763,353,410,0,0,0,1.0,1,1.0,1,1.0,1,0.14145279594827342,44
447,1,764,354,410,0,0,0,1.0,1,1.0,1,1.0,1,0.20037438038043023,47
448,0,764,354,410,0,0,0,1.0,1,1.0,1,1.0,1,0.21498569157168618,46
449,0,764,354,410,0,0,0,1.0,1,1.0,1,1.0,1,0.21498569157168618,46
450,0,764,354,410,0,0,0,1.0,1,1.0,1,1.0,1,0.21518311624177552,46
451,0,764,354,410,0,0,0,1.0,1,1.0,1,1.0,1,0.2242325647657598,47
452,0,764,354,410,0,0,0,1.0,1,1.0,1,1.0,1,0.23670685276916587,47
453,0,764,354,410,0,0,0,1.0,1,1.0,1,1.0,1,0.23670685276916587,47
454,1,765,354,411,0,0,0,1.0,1,1.0,1,1.0,1,0.2063686668143804,46
455,2,767,356,411,0,0,0,1.0,1,1.0,1,1.0,1,0.22414673093237605,47
456,3,770,357,413,0,0,0,1.0,1,1.0,1,1.0,1,0.2013963129045219,49
457,2,772,358,414,0,0,0,1.0,1,1.0,1,1.0,1,0.19334462852702222,50
458,0,772,358,414,0,0,0,1.0,1,1.0,1,1.0,1,0.19334462852702222,50
459,1,773,358,415,0,0,0,1.0,1,1.0,1,1.0,1,0.16435227751705406,52
460,1,774,358,416,0,0,0,1.0,1,1.0,1,1.0,1,0.1712740336604688,53
461,0,774,358,416,0,0,0,1.0,1,1.0,1,1.0,1,0.18566318406590876,54
462,1,775,358,417,0,0,0,1.0,1,1.0,1,1.0,1,0.16235575008878042,54
463,2,777,359,418,0,0,0,1.0,1,1.0,1,1.0,1,0.16764964624138784,55
464,2,779,360,419,0,0,0,1.0,1,1.0,1,1.0,1,0.16581781380179306,56
465,1,780,361,419,0,0,0,1.0,1,1.0,1,1.0,1,0.1682979248790031,54
466,4,784,363,421,0,0,0,1.0,1,1.0,1,1.0,1,0.18150439541846417,54
467,2,786,364,422,0,0,0,1.0,1,1.0,1,1.0,1,0.18603889708034768,51
468,2,788,366,422,0,0,0,1.0,1,1.0,1,1.0,1,0.21607724374069884,51
469,3,791,368,423,0,0,0,1.0,1,1.0,1,1.0,1,0.22393129483038168,48
470,4,795,371,424,0,0,0,1.0,1,1.0,1,1.0,1,0.20349960352365432,47
471,4,799,373,426,0,0,0,1.0,1,1.0,1,1.0,1,0.23614990132199348,44
472,7,806,377,429,0,0,0,1.0,1,1.0,1,1.0,1,0.24222567594553804,43
473,2,808,378,430,0,0,0,1.0,1,1.0,1,1.0,1,0.23693778756577258,41
474,0,808,378,430,0,0,0,1.0,1,1.0,1,1.0,1,0.2459042429210818,39
475,2,810,379,431,0,0,0,1.0,1,1.0,1,1.0,1,0.25213481900391316,40
476,4,814,381,433,0,0,0,1.0,1,1.0,1,1.0,1,0.16958829563911332,38
477,1,815,382,433,0,0,0,1.0,1,1.0,1,1.0,1,0.24581058191177083,35
478,0,815,382,433,0,0,0,1.0,1,1.0,1,1.0,1,0.25171530254064267,35
479,1,816,383,433,0,0,0,1.0,1,1.0,1,1.0,1,0.2597260593290585,32
480,0,816,383,433,0,0,0,1.0,1,1.0,1,1.0,1,0.284619887814425,32
481,0,816,383,433,0,0,0,1.0,1,1.0,1,1.0,1,0.26439608863003394,33
482,2,818,385,433,0,0,0,1.0,1,1.0,1,1.0,1,0.30116300088442793,34
483,2,820,386,434,0,0,0,1.0,1,1.0,1,1.0,1,0.30497269704524466,32
484,0,820,386,434,0,0,0,1.0,1,1.0,1,1.0,1,0.2807444747370976,33
485,2,822,388,434,0,0,0,1.0,1,1.0,1,1.0,1,0.31683358373393483,34
486,3,825,388,437,0,0,0,1.0,1,1.0,1,1.0,1,0.27820887506386127,36
487,2,827,388,439,0,0,0,1.0,1,1.0,1,1.0,1,0.21491956522373637,36
488,2,829,389,440,0,0,0,1.0,1,1.0,1,1.0,1,0.21685568056505852,37
489,3,832,391,441,0,0,0,1.0,1,1.0,1,1.0,1,0.26023642171458544,38
490,0,832,391,441,0,0,0,1.0,1,1.0,1,1.0,1,0.26023642171458544,38
491,3,835,391,444,0,0,0,1.0,1,1.0,1,1.0,1,0.18529076653489934,37
492,1,836,392,444,0,0,0,1.0,1,1.0,1,1.0,1,0.2062287190076508,37
493,0,836,392,444,0,0,0,1.0,1,1.0,1,1.0,1,0.2062287190076508,37
494,5,841,394,447,0,0,0,1.0,1,1.0,1,1.0,1,0.22617371870596267,39
495,0,841,394,447,0,0,0,1.0,1,1.0,1,1.0,1,0.2287971182024657,40
496,1,842,394,448,0,0,0,1.0,1,1.0,1,1.0,1,0.20794741203130304,40
497,1,843,394,449,0,0,0,1.0,1,1.0,1,1.0,1,0.16200102085124116,43
498,2,845,394,451,0,0,0,1.0,1,1.0,1,1.0,1,0.12776060042110582,43
499,0,845,394,451,0,0,0,1.0,1,1.0,1,1.0,1,0.13937285929021306,44
500,1,846,395,451,0,0,0,1.0,1,1.0,1,1.0,1,0.14543947271136914,45
501,1,847,395,452,0,0,0,1.0,1,1.0,1,1.0,1,0.13673881632767465,45
502,2,849,397,452,0,0,0,1.0,1,1.0,1,1.0,1,0.17698300830716254,45
503,2,851,399,452,0,0,0,1.0,1,1.0,1,1.0,1,0.22515558332205515,46
504,3,854,400,454,0,0,0,1.0,1,1.0,1,1.0,1,0.2439282685684667,47
505,0,854,400,454,0,0,0,1.0,1,1.0,1,1.0,1,0.25851408280681315,42
506,1,855,400,455,0,0,0,1.0,1,1.0,1,1.0,1,0.25731867498495786,41
507,0,855,400,455,0,0,0,1.0,1,1.0,1,1.0,1,0.2713087370045568,38
508,3,858,403,455,0,0,0,1.0,1,1.0,1,1.0,1,0.3861386235389039,38
509,0,858,403,455,0,0,0,1.0,1,1.0,1,1.0,1,0.3825265583496827,37
510,0,858,403,455,0,0,0,1.0,1,1.0,1,1.0,1,0.3720571276049717,36
511,4,862,404,458,0,0,0,1.0,1,1.0,1,1.0,1,0.32360211448744497,34
512,0,862,404,458,0,0,0,1.0,1,1.0,1,1.0,1,0.32157932522147903,32
513,0,862,404,458,0,0,0,1.0,1,1.0,1,1.0,1,0.32157932522147903,32
514,1,863,404,459,0,0,0,1.0,1,1.0,1,1.0,1,0.2832666790883402,35
515,1,864,404,460,0,0,0,1.0,1,1.0,1,1.0,1,0.25245623015355556,35
516,1,865,404,461,0,0,0,1.0,1,1.0,1,1.0,1,0.23813624163995603,36
517,0,865,404,461,0,0,0,1.0,1,1.0,1,1.0,1,0.23813624163995603,36
518,1,866,404,462,0,0,0,1.0,1,1.0,1,1.0,1,0.2613901744462769,39
519,1,867,405,462,0,0,0,1.0,1,1.0,1,1.0,1,0.2626696227449335,39
520,1,868,406,462,0,0,0,1.0,1,1.0,1,1.0,1,0.28739143513128335,39
521,2,870,407,463,0,0,0,1.0,1,1.0,1,1.0,1,0.25640815745984225,40
522,1,871,408,463,0,0,0,1.0,1,1.0,1,1.0,1,0.2284543264284883,40
523,1,872,409,463,0,0,0,1.0,1,1.0,1,1.0,1,0.23518553435866596,41
524,0,872,409,463,0,0,0,1.0,1,1.0,1,1.0,1,0.23518553435866596,41
525,4,876,411,465,0,0,0,1.0,1,1.0,1,1.0,1,0.22813961653614984,40
526,2,878,411,467,0,0,0,1.0,1,1.0,1,1.0,1,0.2030944245320022,40
527,1,879,412,467,0,0,0,1.0,1,1.0,1,1.0,1,0.1986095052780396,40
528,1,880,413,467,0,0,0,1.0,1,1.0,1,1.0,1,0.23456111576953326,40
529,0,880,413,467,0,0,0,1.0,1,1.0,1,1.0,1,0.2548502107959675,39
530,0,880,413,467,0,0,0,1.0,1,1.0,1,1.0,1,0.2548502107959675,39
531,2,882,414,468,0,0,0,1.0,1,1.0,1,1.0,1,0.23776557147620794,39
532,0,882,414,468,0,0,0,1.0,1,1.0,1,1.0,1,0.24490089701266687,40
533,2,884,416,468,0,0,0,1.0,1,1.0,1,1.0,1,0.31652188836111284,40
534,2,886,416,470,0,0,0,1.0,1,1.0,1,1.0,1,0.3148807464754753,42
535,2,888,417,471,0,0,0,1.0,1,1.0,1,1.0,1,0.3272225936173883,42
536,1,889,417,472,0,0,0,1.0,1,1.0,1,1.0,1,0.29184849642694094,43
537,0,889,417,472,0,0,0,1.0,1,1.0,1,1.0,1,0.29184849642694094,43
538,1,890,418,472,0,0,0,1.0,1,1.0,1,1.0,1,0.3202377041875893,44
539,1,891,418,473,0,0,0,1.0,1,1.0,1,1.0,1,0.28658118163183843,44
540,0,891,418,473,0,0,0,1.0,1,1.0,1,1.0,1,0.28658118163183843,44
541,2,893,419,474,0,0,0,1.0,1,1.0,1,1.0,1,0.2765528773562704,45
542,4,897,420,477,0,0,0,1.0,1,1.0,1,1.0,1,0.23936036697147295,46
543,5,902,423,479,0,0,0,1.0,1,1.0,1,1.0,1,0.2840604129247283,43
544,2,904,425,479,0,0,0,1.0,1,1.0,1,1.0,1,0.31688489431687283,42
545,2,906,426,480,0,0,0,1.0,1,1.0,1,1.0,1,0.30003403794727157,43
546,4,910,428,482,0,0,0,1.0,1,1.0,1,1.0,1,0.3306879500071657,41
547,0,910,428,482,0,0,0,1.0,1,1.0,1,1.0,1,0.29431905357534793,40
548,2,912,430,482,0,0,0,1.0,1,1.0,1,1.0,1,0.3115758055695858,40
549,4,916,432,484,0,0,0,1.0,1,1.0,1,1.0,1,0.3275689011918663,39
550,0,916,432,484,0,0,0,1.0,1,1.0,1,1.0,1,0.310354450396937,38
551,2,918,433,485,0,0,0,1.0,1,1.0,1,1.0,1,0.31211506144372136,38
552,3,921,434,487,0,0,0,1.0,1,1.0,1,1.0,1,0.33803173898642175,39
553,0,921,434,487,0,0,0,1.0,1,1.0,1,1.0,1,0.33079596212815127,38
554,1,922,435,487,0,0,0,1.0,1,1.0,1,1.0,1,0.34990082634566994,39
555,0,922,435,487,0,0,0,1.0,1,1.0,1,1.0,1,0.35343633276529857,39
556,5,927,435,492,0,0,0,1.0,1,1.0,1,1.0,1,0.24874980823100312,40
557,0,927,435,492,0,0,0,1.0,1,1.0,1,1.0,1,0.26470679918775525,40
558,0,927,435,492,0,0,0,1.0,1,1.0,1,1.0,1,0.26470679918775525,40
559,2,929,436,493,0,0,0,1.0,1,1.0,1,1.0,1,0.23575132540694885,40
560,1,930,436,494,0,0,0,1.0,1,1.0,1,1.0,1,0.22340895266816554,41
561,3,933,437,496,0,0,0,1.0,1,1.0,1,1.0,1,0.2074881735597055,42
562,1,934,438,496,0,0,0,1.0,1,1.0,1,1.0,1,0.2260592289421158,42
563,1,935,439,496,0,0,0,1.0,1,1.0,1,1.0,1,0.2586531341374014,42
564,0,935,439,496,0,0,0,1.0,1,1.0,1,1.0,1,0.27640483540903854,43
565,4,939,441,498,0,0,0,1.0,1,1.0,1,1.0,1,0.27888499896608454,44
566,2,941,441,500,0,0,0,1.0,1,1.0,1,1.0,1,0.2469749552762967,45
567,0,941,441,500,0,0,0,1.0,1,1.0,1,1.0,1,0.2469749552762967,45
568,2,943,442,501,0,0,0,1.0,1,1.0,1,1.0,1,0.21170514641616836,46
569,1,944,443,501,0,0,0,1.0,1,1.0,1,1.0,1,0.20453605888980073,47
570,2,946,444,502,0,0,0,1.0,1,1.0,1,1.0,1,0.22086225047512378,48
571,2,948,445,503,0,0,0,1.0,1,1.0,1,1.0,1,0.23444037408453755,48
572,0,948,445,503,0,0,0,1.0,1,1.0,1,1.0,1,0.22334808021895963,47
573,0,948,445,503,0,0,0,1.0,1,1.0,1,1.0,1,0.22686411080204297,49
574,0,948,445,503,0,0,0,1.0,1,1.0,1,1.0,1,0.22686411080204297,49
575,2,950,445,505,0,0,0,1.0,1,1.0,1,1.0,1,0.18677275501336257,50
576,1,951,445,506,0,0,0,1.0,1,1.0,1,1.0,1,0.18016940864302847,51
577,0,951,445,506,0,0,0,1.0,1,1.0,1,1.0,1,0.18016940864302847,51
578,0,951,445,506,0,0,0,1.0,1,1.0,1,1.0,1,0.18016940864302847,51
579,3,954,447,507,0,0,0,1.0,1,1.0,1,1.0,1,0.18350291106936378,52
580,1,955,447,508,0,0,0,1.0,1,1.0,1,1.0,1,0.21096384978010413,52
581,3,958,448,510,0,0,0,1.0,1,1.0,1,1.0,1,0.2168176267430251,52
582,5,963,449,514,0,0,0,1.0,1,1.0,1,1.0,1,0.17096258348729929,53
583,3,966,451,515,0,0,0,1.0,1,1.0,1,1.0,1,0.19611420509435848,51
584,2,968,453,515,0,0,0,1.0,1,1.0,1,1.0,1,0.19509080839263696,51
585,3,971,456,515,0,0,0,1.0,1,1.0,1,1.0,1,0.21050497893213996,49
586,5,976,460,516,0,0,0,1.0,1,1.0,1,1.0,1,0.18203026538035225,49
587,2,978,461,517,0,0,0,1.0,1,1.0,1,1.0,1,0.1620879514381406,48
588,2,980,463,517,0,0,0,1.0,1,1.0,1,1.0,1,0.15833390890421314,46
589,2,982,464,518,0,0,0,1.0,1,1.0,1,1.0,1,0.16934696996042883,48
590,0,982,464,518,0,0,0,1.0,1,1.0,1,1.0,1,0.17556704340967402,47
591,2,984,466,518,0,0,0,1.0,1,1.0,1,1.0,1,0.21860794726367447,48
592,1,985,466,519,0,0,0,1.0,1,1.0,1,1.0,1,0.17392542873753367,47
593,1,986,467,519,0,0,0,1.0,1,1.0,1,1.0,1,0.18397257754595447,45
594,0,986,467,519,0,0,0,1.0,1,1.0,1,1.0,1,0.17294788628231897,44
595,2,988,469,519,0,0,0,1.0,1,1.0,1,1.0,1,0.21550788481689392,43
596,4,992,471,521,0,0,0,1.0,1,1.0,1,1.0,1,0.24961738250348278,44
597,0,992,471,521,0,0,0,1.0,1,1.0,1,1.0,1,0.24116887895050104,43
598,2,994,473,521,0,0,0,1.0,1,1.0,1,1.0,1,0.2810352435036604,45
599,4,998,476,522,0,0,0,1.0,1,1.0,1,1.0,1,0.2752015229879022,44
600,1,999,476,523,0,0,0,1.0,1,1.0,1,1.0,1,0.24863835111615626,44
601,1,1000,476,524,0,0,0,1.0,1,1.0,1,1.0,1,0.24654977476814782,45
602,1,1001,476,525,0,0,0,1.0,1,1.0,1,1.0,1,0.25555446758019307,46
603,0,1001,476,525,0,0,0,1.0,1,1.0,1,1.0,1,0.25618243384381745,46
604,3,1004,476,528,0,0,0,1.0,1,1.0,1,1.0,1,0.17046333263159888,47
605,1,1005,477,528,0,0,0,1.0,1,1.0,1,1.0,1,0.1712416711890416,47
606,0,1005,477,528,0,0,0,1.0,1,1.0,1,1.0,1,0.18552317744024818,47
607,0,1005,477,528,0,0,0,1.0,1,1.0,1,1.0,1,0.1977490797014398,48
608,0,1005,477,528,0,0,0,1.0,1,1.0,1,1.0,1,0.21339507335586386,47
609,0,1005,477,528,0,0,0,1.0,1,1.0,1,1.0,1,0.21726712254279865,48
610,3,1008,477,531,0,0,0,1.0,1,1.0,1,1.0,1,0.14265521124199496,48
611,1,1009,478,531,0,0,0,1.0,1,1.0,1,1.0,1,0.1330372368980556,49
612,0,1009,478,531,0,0,0,1.0,1,1.0,1,1.0,1,0.1647889794573051,50
613,2,1011,479,532,0,0,0,1.0,1,1.0,1,1.0,1,0.1490243153304874,50
614,0,1011,479,532,0,0,0,1.0,1,1.0,1,1.0,1,0.1490243153304874,50
615,1,1012,480,532,0,0,0,1.0,1,1.0,1,1.0,1,0.14874976826686068,50
616,2,1014,481,533,0,0,0,1.0,1,1.0,1,1.0,1,0.1527856643103462,50
617,0,1014,481,533,0,0,0,1.0,1,1.0,1,1.0,1,0.16564610240939515,52
618,1,1015,481,534,0,0,0,1.0,1,1.0,1,1.0,1,0.1591978041642343,52
619,0,1015,481,534,0,0,0,1.0,1,1.0,1,1.0,1,0.17843734115667026,50
620,0,1015,481,534,0,0,0,1.0,1,1.0,1,1.0,1,0.173819084293249,50
621,1,1016,482,534,0,0,0,1.0,1,1.0,1,1.0,1,0.18098409335063056,49
622,3,1019,483,536,0,0,0,1.0,1,1.0,1,1.0,1,0.1673991533806024,49
623,3,1022,486,536,0,0,0,1.0,1,1.0,1,1.0,1,0.22509612349039623,48
624,2,1024,487,537,0,0,0,1.0,1,1.0,1,1.0,1,0.24386890971335365,46
625,1,1025,488,537,0,0,0,1.0,1,1.0,1,1.0,1,0.20954199495891998,45
626,5,1030,491,539,0,0,0,1.0,1,1.0,1,1.0,1,0.2272641690401616,44
627,4,1034,494,540,0,0,0,1.0,1,1.0,1,1.0,1,0.20164920268021858,44
628,2,1036,496,540,0,0,0,1.0,1,1.0,1,1.0,1,0.23228419460762384,44
629,2,1038,497,541,0,0,0,1.0,1,1.0,1,1.0,1,0.21601337026290943,41
630,3,1041,500,541,0,0,0,1.0,1,1.0,1,1.0,1,0.3448038796885086,40
631,7,1048,503,545,0,0,0,1.0,1,1.0,1,1.0,1,0.28729018766884473,38
632,1,1049,504,545,0,0,0,1.0,1,1.0,1,1.0,1,0.3051613367818231,38
633,0,1049,504,545,0,0,0,1.0,1,1.0,1,1.0,1,0.30355943756584963,36
634,0,1049,504,545,0,0,0,1.0,1,1.0,1,1.0,1,0.29937692196774734,35
635,0,1049,504,545,0,0,0,1.0,1,1.0,1,1.0,1,0.29937692196774734,35
636,5,1054,506,548,0,0,0,1.0,1,1.0,1,1.0,1,0.2988327007280805,36
637,2,1056,506,550,0,0,0,1.0,1,1.0,1,1.0,1,0.24004926517707428,35
638,1,1057,507,550,0,0,0,1.0,1,1.0,1,1.0,1,0.28046138525020603,34
639,2,1059,508,551,0,0,0,1.0,1,1.0,1,1.0,1,0.2703451729515795,36
640,3,1062,509,553,0,0,0,1.0,1,1.0,1,1.0,1,0.27199957914603606,37
641,0,1062,509,553,0,0,0,1.0,1,1.0,1,1.0,1,0.27199957914603606,37
642,0,1062,509,553,0,0,0,1.0,1,1.0,1,1.0,1,0.24105437652131056,38
643,3,1065,509,556,0,0,0,1.0,1,1.0,1,1.0,1,0.19151017093680148,39
644,1,1066,510,556,0,0,0,1.0,1,1.0,1,1.0,1,0.20019248249705104,39
645,2,1068,510,558,0,0,0,1.0,1,1.0,1,1.0,1,0.16525574285355554,39
646,2,1070,511,559,0,0,0,1.0,1,1.0,1,1.0,1,0.20905561914972626,40
647,0,1070,511,559,0,0,0,1.0,1,1.0,1,1.0,1,0.20905561914972626,40
648,1,1071,512,559,0,0,0,1.0,1,1.0,1,1.0,1,0.23607845535943156,40
649,0,1071,512,559,0,0,0,1.0,1,1.0,1,1.0,1,0.23607845535943156,40
650,4,1075,513,562,0,0,0,1.0,1,1.0,1,1.0,1,0.236110470893166,41
651,3,1078,514,564,0,0,0,1.0,1,1.0,1,1.0,1,0.18215967375108386,42
652,0,1078,514,564,0,0,0,1.0,1,1.0,1,1.0,1,0.20707197527437446,41
653,0,1078,514,564,0,0,0,1.0,1,1.0,1,1.0,1,0.20707197527437446,41
654,1,1079,514,565,0,0,0,1.0,1,1.0,1,1.0,1,0.2119140165620056,42
655,0,1079,514,565,0,0,0,1.0,1,1.0,1,1.0,1,0.21194888557256444,45
656,3,1082,517,565,0,0,0,1.0,1,1.0,1,1.0,1,0.2643178947706226,45
657,2,1084,517,567,0,0,0,1.0,1,1.0,1,1.0,1,0.24796454375294258,43
658,2,1086,519,567,0,0,0,1.0,1,1.0,1,1.0,1,0.326611994588445,43
659,0,1086,519,567,0,0,0,1.0,1,1.0,1,1.0,1,0.29201999409557394,43
660,5,1091,521,570,0,0,0,1.0,1,1.0,1,1.0,1,0.3416395067299995,43
661,3,1094,522,572,0,0,0,1.0,1,1.0,1,1.0,1,0.3218966289108715,41
662,3,1097,524,573,0,0,0,1.0,1,1.0,1,1.0,1,0.3791195933115566,40
663,3,1100,526,574,0,0,0,1.0,1,1.0,1,1.0,1,0.3559419715529737,39
664,3,1103,528,575,0,0,0,1.0,1,1.0,1,1.0,1,0.38583874560683595,36
665,3,1106,529,577,0,0,0,1.0,1,1.0,1,1.0,1,0.3068978253998701,36
666,4,1110,529,581,0,0,0,1.0,1,1.0,1,1.0,1,0.2358190960863547,36
667,1,1111,530,581,0,0,0,1.0,1,1.0,1,1.0,1,0.24043627614102758,35
668,2,1113,531,582,0,0,0,1.0,1,1.0,1,1.0,1,0.17293561257548717,34
669,0,1113,531,582,0,0,0,1.0,1,1.0,1,1.0,1,0.19080685270166936,34
670,3,1116,532,584,0,0,0,1.0,1,1.0,1,1.0,1,0.22127244667796697,32
671,1,1117,533,584,0,0,0,1.0,1,1.0,1,1.0,1,0.2005551749547684,33
672,0,1117,533,584,0,0,0,1.0,1,1.0,1,1.0,1,0.23707435274741653,32
673,1,1118,534,584,0,0,0,1.0,1,1.0,1,1.0,1,0.22551982073864513,32
674,1,1119,535,584,0,0,0,1.0,1,1.0,1,1.0,1,0.2658901318935657,32
675,5,1124,536,588,0,0,0,1.0,1,1.0,1,1.0,1,0.23369881046801755,34
676,3,1127,536,591,0,0,0,1.0,1,1.0,1,1.0,1,0.15310269930286924,35
677,1,1128,537,591,0,0,0,1.0,1,1.0,1,1.0,1,0.14531974453200272,35
678,1,1129,538,591,0,0,0,1.0,1,1.0,1,1.0,1,0.18250541396808062,35
679,3,1132,539,593,0,0,0,1.0,1,1.0,1,1.0,1,0.17918712795197256,36
680,1,1133,540,593,0,0,0,1.0,1,1.0,1,1.0,1,0.14942880757218047,37
681,0,1133,540,593,0,0,0,1.0,1,1.0,1,1.0,1,0.14942880757218047,37
682,1,1134,541,593,0,0,0,1.0,1,1.0,1,1.0,1,0.14784530668636375,37
683,1,1135,542,593,0,0,0,1.0,1,1.0,1,1.0,1,0.1919966192566626,38
684,1,1136,543,593,0,0,0,1.0,1,1.0,1,1.0,1,0.22672019688180223,39
685,1,1137,543,594,0,0,0,1.0,1,1.0,1,1.0,1,0.16689088402357227,38
686,0,1137,543,594,0,0,0,1.0,1,1.0,1,1.0,1,0.16458564154280841,37
687,1,1138,544,594,0,0,0,1.0,1,1.0,1,1.0,1,0.2357187248581074,38
688,0,1138,544,594,0,0,0,1.0,1,1.0,1,1.0,1,0.2743916284689124,37
689,3,1141,546,595,0,0,0,1.0,1,1.0,1,1.0,1,0.2751635466771845,39
690,1,1142,546,596,0,0,0,1.0,1,1.0,1,1.0,1,0.25689552470074195,38
691,2,1144,547,597,0,0,0,1.0,1,1.0,1,1.0,1,0.20072970616195024,38
692,1,1145,548,597,0,0,0,1.0,1,1.0,1,1.0,1,0.23700813525198225,38
693,2,1147,549,598,0,0,0,1.0,1,1.0,1,1.0,1,0.22520928760311787,40
694,2,1149,551,598,0,0,0,1.0,1,1.0,1,1.0,1,0.2763787457394039,42
695,2,1151,552,599,0,0,0,1.0,1,1.0,1,1.0,1,0.25497644090773697,40
696,2,1153,552,601,0,0,0,1.0,1,1.0,1,1.0,1,0.18929901805709387,39
697,0,1153,552,601,0,0,0,1.0,1,1.0,1,1.0,1,0.1921303319028933,39
698,2,1155,553,602,0,0,0,1.0,1,1.0,1,1.0,1,0.1861329958026583,37
699,0,1155,553,602,0,0,0,1.0,1,1.0,1,1.0,1,0.17526178403875184,37
700,2,1157,553,604,0,0,0,1.0,1,1.0,1,1.0,1,0.1969441472607359,37
701,4,1161,555,606,0,0,0,1.0,1,1.0,1,1.0,1,0.1848431595950416,37
702,2,1163,556,607,0,0,0,1.0,1,1.0,1,1.0,1,0.1874213540308937,38
703,2,1165,557,608,0,0,0,1.0,1,1.0,1,1.0,1,0.17248483152627897,36
704,2,1167,559,608,0,0,0,1.0,1,1.0,1,1.0,1,0.22756749256321052,36
705,1,1168,560,608,0,0,0,1.0,1,1.0,1,1.0,1,0.24202820681226525,36
706,5,1173,563,610,0,0,0,1.0,1,1.0,1,1.0,1,0.24964223475508407,35
707,2,1175,565,610,0,0,0,1.0,1,1.0,1,1.0,1,0.2820836892716649,36
708,2,1177,566,611,0,0,0,1.0,1,1.0,1,1.0,1,0.2806478805771439,36
709,0,1177,566,611,0,0,0,1.0,1,1.0,1,1.0,1,0.2924575782993226,34
710,1,1178,567,611,0,0,0,1.0,1,1.0,1,1.0,1,0.27599758621262144,34
711,2,1180,567,613,0,0,0,1.0,1,1.0,1,1.0,1,0.243616872346568,34
712,4,1184,570,614,0,0,0,1.0,1,1.0,1,1.0,1,0.2760205981745906,35
713,2,1186,571,615,0,0,0,1.0,1,1.0,1,1.0,1,0.271168729707476,34
714,1,1187,572,615,0,0,0,1.0,1,1.0,1,1.0,1,0.27342112267260266,34
715,1,1188,572,616,0,0,0,1.0,1,1.0,1,1.0,1,0.2770873037113064,35
716,1,1189,573,616,0,0,0,1.0,1,1.0,1,1.0,1,0.3138257217678942,33
717,4,1193,575,618,0,0,0,1.0,1,1.0,1,1.0,1,0.3765041225156082,33
718,3,1196,576,620,0,0,0,1.0,1,1.0,1,1.0,1,0.4106083386639916,32
719,2,1198,576,622,0,0,0,1.0,1,1.0,1,1.0,1,0.3529038023286488,32
720,2,1200,577,623,0,0,0,1.0,1,1.0,1,1.0,1,0.31731660614608304,33
721,5,1205,578,627,0,0,0,1.0,1,1.0,1,1.0,1,0.19398551967048697,33
722,0,1205,578,627,0,0,0,1.0,1,1.0,1,1.0,1,0.21032434359604962,34
723,0,1205,578,627,0,0,0,1.0,1,1.0,1,1.0,1,0.21032434359604962,34
724,0,1205,578,627,0,0,0,1.0,1,1.0,1,1.0,1,0.23478046203716646,36
725,0,1205,578,627,0,0,0,1.0,1,1.0,1,1.0,1,0.23478046203716646,36
726,0,1205,578,627,0,0,0,1.0,1,1.0,1,1.0,1,0.23478046203716646,36
727,0,1205,578,627,0,0,0,1.0,1,1.0,1,1.0,1,0.23478046203716646,36
728,2,1207,579,628,0,0,0,1.0,1,1.0,1,1.0,1,0.23861071224050193,37
729,0,1207,579,628,0,0,0,1.0,1,1.0,1,1.0,1,0.2592049477344089,37
730,2,1209,579,630,0,0,0,1.0,1,1.0,1,1.0,1,0.2214234760795937,38
731,1,1210,579,631,0,0,0,1.0,1,1.0,1,1.0,1,0.23571237221435157,39
732,0,1210,579,631,0,0,0,1.0,1,1.0,1,1.0,1,0.21457232818764155,41
733,2,1212,581,631,0,0,0,1.0,1,1.0,1,1.0,1,0.20178023698636027,39
734,2,1214,583,631,0,0,0,1.0,1,1.0,1,1.0,1,0.2841310913694236,39
735,2,1216,584,632,0,0,0,1.0,1,1.0,1,1.0,1,0.2992795830287054,39
736,1,1217,584,633,0,0,0,1.0,1,1.0,1,1.0,1,0.2670148323680667,38
737,1,1218,585,633,0,0,0,1.0,1,1.0,1,1.0,1,0.304164181768554,39
738,0,1218,585,633,0,0,0,1.0,1,1.0,1,1.0,1,0.32676632760716473,37
739,1,1219,586,633,0,0,0,1.0,1,1.0,1,1.0,1,0.36442386630614726,37
740,0,1219,586,633,0,0,0,1.0,1,1.0,1,1.0,1,0.34658762576274244,35
741,0,1219,586,633,0,0,0,1.0,1,1.0,1,1.0,1,0.3224287694338647,33
742,1,1220,587,633,0,0,0,1.0,1,1.0,1,1.0,1,0.35787243570428745,35
743,5,1225,589,636,0,0,0,1.0,1,1.0,1,1.0,1,0.3124924207955024,35
744,2,1227,591,636,0,0,0,1.0,1,1.0,1,1.0,1,0.2855407900518347,34
745,1,1228,592,636,0,0,0,1.0,1,1.0,1,1.0,1,0.3159297509201592,34
746,3,1231,594,637,0,0,0,1.0,1,1.0,1,1.0,1,0.2557385777529214,33
747,1,1232,594,638,0,0,0,1.0,1,1.0,1,1.0,1,0.20558368946347427,32
748,0,1232,594,638,0,0,0,1.0,1,1.0,1,1.0,1,0.20353859490942916,33
749,0,1232,594,638,0,0,0,1.0,1,1.0,1,1.0,1,0.20353859490942916,33
750,1,1233,595,638,0,0,0,1.0,1,1.0,1,1.0,1,0.23012488673671938,34
751,4,1237,597,640,0,0,0,1.0,1,1.0,1,1.0,1,0.23894339872449863,36
752,1,1238,598,640,0,0,0,1.0,1,1.0,1,1.0,1,0.2172391841667436,35
753,1,1239,599,640,0,0,0,1.0,1,1.0,1,1.0,1,0.2704102080689219,37
754,4,1243,601,642,0,0,0,1.0,1,1.0,1,1.0,1,0.28954592671368423,37
755,2,1245,601,644,0,0,0,1.0,1,1.0,1,1.0,1,0.23152226796824713,35
756,2,1247,602,645,0,0,0,1.0,1,1.0,1,1.0,1,0.2868168931897914,36
757,1,1248,602,646,0,0,0,1.0,1,1.0,1,1.0,1,0.24999219815899998,35
758,0,1248,602,646,0,0,0,1.0,1,1.0,1,1.0,1,0.26169930115269485,36
759,0,1248,602,646,0,0,0,1.0,1,1.0,1,1.0,1,0.26603374316373246,37
760,0,1248,602,646,0,0,0,1.0,1,1.0,1,1.0,1,0.28886586041157325,36
761,1,1249,602,647,0,0,0,1.0,1,1.0,1,1.0,1,0.27388836490876256,36
762,0,1249,602,647,0,0,0,1.0,1,1.0,1,1.0,1,0.2858522123806195,37
763,0,1249,602,647,0,0,0,1.0,1,1.0,1,1.0,1,0.29548590158635646,38
764,0,1249,602,647,0,0,0,1.0,1,1.0,1,1.0,1,0.29548590158635646,38
765,0,1249,602,647,0,0,0,1.0,1,1.0,1,1.0,1,0.29548590158635646,38
766,1,1250,602,648,0,0,0,1.0,1,1.0,1,1.0,1,0.27310937414932335,40
767,0,1250,602,648,0,0,0,1.0,1,1.0,1,1.0,1,0.2865823111925713,41
768,3,1253,603,650,0,0,0,1.0,1,1.0,1,1.0,1,0.28444150714308036,41
769,0,1253,603,650,0,0,0,1.0,1,1.0,1,1.0,1,0.29394792241975287,42
770,2,1255,604,651,0,0,0,1.0,1,1.0,1,1.0,1,0.30835769849665423,41
771,2,1257,604,653,0,0,0,1.0,1,1.0,1,1.0,1,0.3171737242696686,41
772,3,1260,606,654,0,0,0,1.0,1,1.0,1,1.0,1,0.29727106839561207,41
773,1,1261,606,655,0,0,0,1.0,1,1.0,1,1.0,1,0.2601589998312936,41
774,2,1263,608,655,0,0,0,1.0,1,1.0,1,1.0,1,0.27230744648299265,42
775,1,1264,608,656,0,0,0,1.0,1,1.0,1,1.0,1,0.2654888387379585,42
776,1,1265,608,657,0,0,0,1.0,1,1.0,1,1.0,1,0.23677827680762703,42
777,0,1265,608,657,0,0,0,1.0,1,1.0,1,1.0,1,0.23677827680762703,42
778,3,1268,609,659,0,0,0,1.0,1,1.0,1,1.0,1,0.24736178717701,44
779,0,1268,609,659,0,0,0,1.0,1,1.0,1,1.0,1,0.24736178717701,44
780,0,1268,609,659,0,0,0,1.0,1,1.0,1,1.0,1,0.24736178717701,44
781,0,1268,609,659,0,0,0,1.0,1,1.0,1,1.0,1,0.24918384122832674,46
782,2,1270,610,660,0,0,0,1.0,1,1.0,1,1.0,1,0.2641484786282907,45
783,1,1271,611,660,0,0,0,1.0,1,1.0,1,1.0,1,0.30604974145423913,44
784,2,1273,611,662,0,0,0,1.0,1,1.0,1,1.0,1,0.26401648706504555,44
785,2,1275,612,663,0,0,0,1.0,1,1.0,1,1.0,1,0.24600466238063304,43
786,2,1277,613,664,0,0,0,1.0,1,1.0,1,1.0,1,0.22097370494014526,43
787,0,1277,613,664,0,0,0,1.0,1,1.0,1,1.0,1,0.22097370494014526,43
788,4,1281,615,666,0,0,0,1.0,1,1.0,1,1.0,1,0.2531408617536772,45
789,2,1283,616,667,0,0,0,1.0,1,1.0,1,1.0,1,0.21144398493011077,46
790,1,1284,616,668,0,0,0,1.0,1,1.0,1,1.0,1,0.2312568333037682,45
791,1,1285,616,669,0,0,0,1.0,1,1.0,1,1.0,1,0.22882830406573376,46
792,1,1286,616,670,0,0,0,1.0,1,1.0,1,1.0,1,0.23255005416827224,46
793,2,1288,616,672,0,0,0,1.0,1,1.0,1,1.0,1,0.1808440956883984,46
794,2,1290,617,673,0,0,0,1.0,1,1.0,1,1.0,1,0.19895593755007043,47
795,1,1291,617,674,0,0,0,1.0,1,1.0,1,1.0,1,0.1864725827385866,47
796,3,1294,618,676,0,0,0,1.0,1,1.0,1,1.0,1,0.1937742571573871,46
797,4,1298,621,677,0,0,0,1.0,1,1.0,1,1.0,1,0.22549649252710155,47
798,3,1301,623,678,0,0,0,1.0,1,1.0,1,1.0,1,0.23266814173023695,48
799,0,1301,623,678,0,0,0,1.0,1,1.0,1,1.0,1,0.23266814173023695,48
800,1,1302,624,678,0,0,0,1.0,1,1.0,1,1.0,1,0.2563589794763569,48
801,4,1306,624,682,0,0,0,1.0,1,1.0,1,1.0,1,0.18078131848481271,49
802,1,1307,624,683,0,0,0,1.0,1,1.0,1,1.0,1,0.15053329379849043,50
803,0,1307,624,683,0,0,0,1.0,1,1.0,1,1.0,1,0.15126289378502136,49
804,4,1311,626,685,0,0,0,1.0,1,1.0,1,1.0,1,0.1471082133059088,50
805,3,1314,626,688,0,0,0,1.0,1,1.0,1,1.0,1,0.13716570783077459,50
806,1,1315,626,689,0,0,0,1.0,1,1.0,1,1.0,1,0.11205900087386163,50
807,1,1316,626,690,0,0,0,1.0,1,1.0,1,1.0,1,0.11541307844180324,51
808,1,1317,627,690,0,0,0,1.0,1,1.0,1,1.0,1,0.14540701645250956,51
809,2,1319,628,691,0,0,0,1.0,1,1.0,1,1.0,1,0.1569615116558968,51
810,3,1322,629,693,0,0,0,1.0,1,1.0,1,1.0,1,0.1912511449349812,52
811,2,1324,630,694,0,0,0,1.0,1,1.0,1,1.0,1,0.18265926628327786,50
812,3,1327,632,695,0,0,0,1.0,1,1.0,1,1.0,1,0.18854160966645309,48
813,1,1328,633,695,0,0,0,1.0,1,1.0,1,1.0,1,0.19677204917339164,49
814,0,1328,633,695,0,0,0,1.0,1,1.0,1,1.0,1,0.1764931740577819,48
815,3,1331,635,696,0,0,0,1.0,1,1.0,1,1.0,1,0.21677636208187048,48
816,0,1331,635,696,0,0,0,1.0,1,1.0,1,1.0,1,0.1997571955670641,46
817,0,1331,635,696,0,0,0,1.0,1,1.0,1,1.0,1,0.2383128478463411,44
818,1,1332,635,697,0,0,0,1.0,1,1.0,1,1.0,1,0.21844918855027687,46
819,0,1332,635,697,0,0,0,1.0,1,1.0,1,1.0,1,0.24398493419674191,44
820,1,1333,636,697,0,0,0,1.0,1,1.0,1,1.0,1,0.28758985622171623,44
821,2,1335,636,699,0,0,0,1.0,1,1.0,1,1.0,1,0.242588721065456,44
822,4,1339,638,701,0,0,0,1.0,1,1.0,1,1.0,1,0.26179900627324093,44
823,2,1341,639,702,0,0,0,1.0,1,1.0,1,1.0,1,0.22573933399083435,42
824,4,1345,641,704,0,0,0,1.0,1,1.0,1,1.0,1,0.21578970020014349,42
825,2,1347,643,704,0,0,0,1.0,1,1.0,1,1.0,1,0.22186475030772104,40
826,6,1353,646,707,0,0,0,1.0,1,1.0,1,1.0,1,0.18250975784773052,41
827,1,1354,647,707,0,0,0,1.0,1,1.0,1,1.0,1,0.18285431536523855,40
828,3,1357,650,707,0,0,0,1.0,1,1.0,1,1.0,1,0.16517600101071522,40
829,1,1358,651,707,0,0,0,1.0,1,1.0,1,1.0,1,0.19800281848130463,42
830,3,1361,653,708,0,0,0,1.0,1,1.0,1,1.0,1,0.21673838435696158,42
831,4,1365,655,710,0,0,0,1.0,1,1.0,1,1.0,1,0.2220811809000738,43
832,0,1365,655,710,0,0,0,1.0,1,1.0,1,1.0,1,0.21662712679150703,42
833,2,1367,655,712,0,0,0,1.0,1,1.0,1,1.0,1,0.20137003518665456,41
834,2,1369,657,712,0,0,0,1.0,1,1.0,1,1.0,1,0.23179383305976944,41
835,1,1370,657,713,0,0,0,1.0,1,1.0,1,1.0,1,0.23039797273750207,41
836,2,1372,657,715,0,0,0,1.0,1,1.0,1,1.0,1,0.17391781057869346,40
837,0,1372,657,715,0,0,0,1.0,1,1.0,1,1.0,1,0.17469434486596727,41
838,1,1373,658,715,0,0,0,1.0,1,1.0,1,1.0,1,0.21322475596428236,41
839,3,1376,660,716,0,0,0,1.0,1,1.0,1,1.0,1,0.19276179516209266,41
840,1,1377,661,716,0,0,0,1.0,1,1.0,1,1.0,1,0.248460383360755,42
841,4,1381,662,719,0,0,0,1.0,1,1.0,1,1.0,1,0.14655718966067174,42
842,0,1381,662,719,0,0,0,1.0,1,1.0,1,1.0,1,0.14655718966067174,42
843,2,1383,664,719,0,0,0,1.0,1,1.0,1,1.0,1,0.1825906256753853,42
844,1,1384,664,720,0,0,0,1.0,1,1.0,1,1.0,1,0.19281251345197428,42
845,2,1386,664,722,0,0,0,1.0,1,1.0,1,1.0,1,0.25408607569181846,44
846,2,1388,664,724,0,0,0,1.0,1,1.0,1,1.0,1,0.2264290189125692,44
847,1,1389,665,724,0,0,0,1.0,1,1.0,1,1.0,1,0.22182412010327907,42
848,1,1390,665,725,0,0,0,1.0,1,1.0,1,1.0,1,0.23757161183157705,43
849,1,1391,665,726,0,0,0,1.0,1,1.0,1,1.0,1,0.22403576839972023,43
850,4,1395,666,729,0,0,0,1.0,1,1.0,1,1.0,1,0.2823740509148118,41
851,3,1398,667,731,0,0,0,1.0,1,1.0,1,1.0,1,0.21553338858126272,40
852,0,1398,667,731,0,0,0,1.0,1,1.0,1,1.0,1,0.21553338858126272,40
853,1,1399,668,731,0,0,0,1.0,1,1.0,1,1.0,1,0.2310868460005068,40
854,3,1402,669,733,0,0,0,1.0,1,1.0,1,1.0,1,0.1907981055341506,40
855,1,1403,670,733,0,0,0,1.0,1,1.0,1,1.0,1,0.1974816565114412,41
856,4,1407,671,736,0,0,0,1.0,1,1.0,1,1.0,1,0.17514742532136293,41
857,1,1408,672,736,0,0,0,1.0,1,1.0,1,1.0,1,0.1591779777230968,42
858,0,1408,672,736,0,0,0,1.0,1,1.0,1,1.0,1,0.17390883106835126,43
859,0,1408,672,736,0,0,0,1.0,1,1.0,1,1.0,1,0.17390883106835126,43
860,2,1410,674,736,0,0,0,1.0,1,1.0,1,1.0,1,0.22835133711282402,44
861,4,1414,675,739,0,0,0,1.0,1,1.0,1,1.0,1,0.22009201775397153,44
862,2,1416,675,741,0,0,0,1.0,1,1.0,1,1.0,1,0.18649157898330038,44
863,3,1419,677,742,0,0,0,1.0,1,1.0,1,1.0,1,0.23758824175625262,44
864,2,1421,678,743,0,0,0,1.0,1,1.0,1,1.0,1,0.2496668676409981,44
865,2,1423,679,744,0,0,0,1.0,1,1.0,1,1.0,1,0.20276830591527117,43
866,4,1427,682,745,0,0,0,1.0,1,1.0,1,1.0,1,0.23940638626619856,45
867,0,1427,682,745,0,0,0,1.0,1,1.0,1,1.0,1,0.21043061406787053,44
868,0,1427,682,745,0,0,0,1.0,1,1.0,1,1.0,1,0.22266675319186127,45
869,3,1430,684,746,0,0,0,1.0,1,1.0,1,1.0,1,0.19794304880771263,44
870,0,1430,684,746,0,0,0,1.0,1,1.0,1,1.0,1,0.19794304880771263,44
871,4,1434,686,748,0,0,0,1.0,1,1.0,1,1.0,1,0.14129980853631377,43
872,2,1436,686,750,0,0,0,1.0,1,1.0,1,1.0,1,0.09633679255427842,43
873,1,1437,687,750,0,0,0,1.0,1,1.0,1,1.0,1,0.13977169797937453,43
874,5,1442,689,753,0,0,0,1.0,1,1.0,1,1.0,1,0.14475933052444212,46
875,1,1443,690,753,0,0,0,1.0,1,1.0,1,1.0,1,0.12939018388307702,43
876,1,1444,690,754,0,0,0,1.0,1,1.0,1,1.0,1,0.11853390970154377,44
877,0,1444,690,754,0,0,0,1.0,1,1.0,1,1.0,1,0.1410561180014157,44
878,3,1447,692,755,0,0,0,1.0,1,1.0,1,1.0,1,0.18434506494462552,44
879,0,1447,692,755,0,0,0,1.0,1,1.0,1,1.0,1,0.18434506494462552,44
880,2,1449,694,755,0,0,0,1.0,1,1.0,1,1.0,1,0.2561262273370353,44
881,1,1450,694,756,0,0,0,1.0,1,1.0,1,1.0,1,0.22871504240790955,43
882,3,1453,695,758,0,0,0,1.0,1,1.0,1,1.0,1,0.19693488783369717,45
883,2,1455,696,759,0,0,0,1.0,1,1.0,1,1.0,1,0.19751641736860492,45
884,0,1455,696,759,0,0,0,1.0,1,1.0,1,1.0,1,0.2024072256898175,45
885,3,1458,697,761,0,0,0,1.0,1,1.0,1,1.0,1,0.1842847051539801,43
886,1,1459,698,761,0,0,0,1.0,1,1.0,1,1.0,1,0.21848303584401363,43
887,1,1460,699,761,0,0,0,1.0,1,1.0,1,1.0,1,0.23029774954379015,41
888,2,1462,700,762,0,0,0,1.0,1,1.0,1,1.0,1,0.3091235035605841,40
889,7,1469,704,765,0,0,0,1.0,1,1.0,1,1.0,1,0.29302508589264453,40
890,1,1470,704,766,0,0,0,1.0,1,1.0,1,1.0,1,0.2840348820789222,38
891,1,1471,705,766,0,0,0,1.0,1,1.0,1,1.0,1,0.26146800997558695,39
892,4,1475,707,768,0,0,0,1.0,1,1.0,1,1.0,1,0.2800937441500072,39
893,0,1475,707,768,0,0,0,1.0,1,1.0,1,1.0,1,0.27151426022250397,37
894,0,1475,707,768,0,0,0,1.0,1,1.0,1,1.0,1,0.26418112195370014,36
895,0,1475,707,768,0,0,0,1.0,1,1.0,1,1.0,1,0.2729980772127174,37
896,4,1479,709,770,0,0,0,1.0,1,1.0,1,1.0,1,0.23217195205479077,36
897,2,1481,711,770,0,0,0,1.0,1,1.0,1,1.0,1,0.23709448716442544,36
898,0,1481,711,770,0,0,0,1.0,1,1.0,1,1.0,1,0.24767688389225814,35
899,1,1482,712,770,0,0,0,1.0,1,1.0,1,1.0,1,0.2612676792268665,35
900,1,1483,712,771,0,0,0,1.0,1,1.0,1,1.0,1,0.2976504976467365,36
901,0,1483,712,771,0,0,0,1.0,1,1.0,1,1.0,1,0.2976504976467365,36
902,3,1486,715,771,0,0,0,1.0,1,1.0,1,1.0,1,0.35460780782990803,36
903,4,1490,716,774,0,0,0,1.0,1,1.0,1,1.0,1,0.3144104358165435,35
904,5,1495,719,776,0,0,0,1.0,1,1.0,1,1.0,1,0.2673583170343427,37
905,3,1498,721,777,0,0,0,1.0,1,1.0,1,1.0,1,0.27667795939285467,36
906,3,1501,723,778,0,0,0,1.0,1,1.0,1,1.0,1,0.30789995288281935,37
907,2,1503,725,778,0,0,0,1.0,1,1.0,1,1.0,1,0.2913771072285631,37
908,1,1504,726,778,0,0,0,1.0,1,1.0,1,1.0,1,0.32470999955718677,36
909,1,1505,727,778,0,0,0,1.0,1,1.0,1,1.0,1,0.30724640465178343,36
910,3,1508,728,780,0,0,0,1.0,1,1.0,1,1.0,1,0.26988954587527514,37
911,5,1513,729,784,0,0,0,1.0,1,1.0,1,1.0,1,0.23266131627466463,36
912,1,1514,730,784,0,0,0,1.0,1,1.0,1,1.0,1,0.22289997886915647,34
913,1,1515,730,785,0,0,0,1.0,1,1.0,1,1.0,1,0.23665634152054874,34
914,0,1515,730,785,0,0,0,1.0,1,1.0,1,1.0,1,0.26288246124531095,33
915,1,1516,730,786,0,0,0,1.0,1,1.0,1,1.0,1,0.2498400576643955,33
916,3,1519,731,788,0,0,0,1.0,1,1.0,1,1.0,1,0.20434393159380923,34
917,0,1519,731,788,0,0,0,1.0,1,1.0,1,1.0,1,0.20434393159380923,34
918,0,1519,731,788,0,0,0,1.0,1,1.0,1,1.0,1,0.20376760357039678,36
919,0,1519,731,788,0,0,0,1.0,1,1.0,1,1.0,1,0.20376760357039678,36
920,1,1520,732,788,0,0,0,1.0,1,1.0,1,1.0,1,0.20028530055899918,37
921,1,1521,732,789,0,0,0,1.0,1,1.0,1,1.0,1,0.16652465472484457,37
922,2,1523,734,789,0,0,0,1.0,1,1.0,1,1.0,1,0.20902245721470755,38
923,0,1523,734,789,0,0,0,1.0,1,1.0,1,1.0,1,0.17528326128637697,36
924,1,1524,735,789,0,0,0,1.0,1,1.0,1,1.0,1,0.20277598604234415,35
925,3,1527,736,791,0,0,0,1.0,1,1.0,1,1.0,1,0.2549702818565516,35
926,3,1530,738,792,0,0,0,1.0,1,1.0,1,1.0,1,0.27457150842609784,34
927,0,1530,738,792,0,0,0,1.0,1,1.0,1,1.0,1,0.2875945930668352,32
928,1,1531,739,792,0,0,0,1.0,1,1.0,1,1.0,1,0.29683252714301755,32
929,1,1532,739,793,0,0,0,1.0,1,1.0,1,1.0,1,0.2394755931507026,31
930,0,1532,739,793,0,0,0,1.0,1,1.0,1,1.0,1,0.2749425688050221,30
931,1,1533,740,793,0,0,0,1.0,1,1.0,1,1.0,1,0.3277032683904721,29
932,3,1536,742,794,0,0,0,1.0,1,1.0,1,1.0,1,0.27390678531362755,29
933,0,1536,742,794,0,0,0,1.0,1,1.0,1,1.0,1,0.27390678531362755,29
934,1,1537,743,794,0,0,0,1.0,1,1.0,1,1.0,1,0.28791627142259235,29
935,2,1539,743,796,0,0,0,1.0,1,1.0,1,1.0,1,0.2642055423515492,31
936,1,1540,744,796,0,0,0,1.0,1,1.0,1,1.0,1,0.30271582318848544,31
937,2,1542,745,797,0,0,0,1.0,1,1.0,1,1.0,1,0.30871952135847897,34
938,1,1543,746,797,0,0,0,1.0,1,1.0,1,1.0,1,0.3014048223318025,33
939,3,1546,746,800,0,0,0,1.0,1,1.0,1,1.0,1,0.29143133537708305,36
940,1,1547,746,801,0,0,0,1.0,1,1.0,1,1.0,1,0.28202626424149124,36
941,4,1551,749,802,0,0,0,1.0,1,1.0,1,1.0,1,0.3022376094423837,36
942,2,1553,750,803,0,0,0,1.0,1,1.0,1,1.0,1,0.2999716656127062,36
943,3,1556,752,804,0,0,0,1.0,1,1.0,1,1.0,1,0.2852064395691481,35
944,1,1557,753,804,0,0,0,1.0,1,1.0,1,1.0,1,0.2658438209011667,35
945,0,1557,753,804,0,0,0,1.0,1,1.0,1,1.0,1,0.24648844237169554,33
946,4,1561,755,806,0,0,0,1.0,1,1.0,1,1.0,1,0.2839910041505503,36
947,0,1561,755,806,0,0,0,1.0,1,1.0,1,1.0,1,0.26283045855817333,34
948,1,1562,756,806,0,0,0,1.0,1,1.0,1,1.0,1,0.2771979609330874,33
949,3,1565,757,808,0,0,0,1.0,1,1.0,1,1.0,1,0.31221221818587486,34
950,0,1565,757,808,0,0,0,1.0,1,1.0,1,1.0,1,0.3189194964677483,33
951,0,1565,757,808,0,0,0,1.0,1,1.0,1,1.0,1,0.3189194964677483,33
952,0,1565,757,808,0,0,0,1.0,1,1.0,1,1.0,1,0.3358902441856699,32
953,0,1565,757,808,0,0,0,1.0,1,1.0,1,1.0,1,0.3358902441856699,32
954,1,1566,758,808,0,0,0,1.0,1,1.0,1,1.0,1,0.3372388804642913,31
955,2,1568,758,810,0,0,0,1.0,1,1.0,1,1.0,1,0.31376238437455356,32
956,2,1570,759,811,0,0,0,1.0,1,1.0,1,1.0,1,0.2702198636851253,32
957,1,1571,759,812,0,0,0,1.0,1,1.0,1,1.0,1,0.25265088457953505,33
958,0,1571,759,812,0,0,0,1.0,1,1.0,1,1.0,1,0.2542469599534499,35
959,2,1573,760,813,0,0,0,1.0,1,1.0,1,1.0,1,0.2577837337520091,36
960,0,1573,760,813,0,0,0,1.0,1,1.0,1,1.0,1,0.2872065268345441,38
961,2,1575,762,813,0,0,0,1.0,1,1.0,1,1.0,1,0.3831859429023102,37
962,2,1577,763,814,0,0,0,1.0,1,1.0,1,1.0,1,0.3692785147641631,35
963,0,1577,763,814,0,0,0,1.0,1,1.0,1,1.0,1,0.3627367606853719,35
964,1,1578,763,815,0,0,0,1.0,1,1.0,1,1.0,1,0.379344526042799,34
965,0,1578,763,815,0,0,0,1.0,1,1.0,1,1.0,1,0.37620672047711173,35
966,3,1581,764,817,0,0,0,1.0,1,1.0,1,1.0,1,0.2852730393549451,34
967,0,1581,764,817,0,0,0,1.0,1,1.0,1,1.0,1,0.2992899529324606,35
968,2,1583,765,818,0,0,0,1.0,1,1.0,1,1.0,1,0.28512892330619216,36
969,0,1583,765,818,0,0,0,1.0,1,1.0,1,1.0,1,0.31328862657596196,35
970,0,1583,765,818,0,0,0,1.0,1,1.0,1,1.0,1,0.35190564828730947,34
971,1,1584,765,819,0,0,0,1.0,1,1.0,1,1.0,1,0.3507608409595395,35
972,3,1587,767,820,0,0,0,1.0,1,1.0,1,1.0,1,0.3197221445513311,35
973,0,1587,767,820,0,0,0,1.0,1,1.0,1,1.0,1,0.33580137191337917,36
974,1,1588,768,820,0,0,0,1.0,1,1.0,1,1.0,1,0.3722633943573674,35
975,0,1588,768,820,0,0,0,1.0,1,1.0,1,1.0,1,0.3522830279625161,36
976,1,1589,768,821,0,0,0,1.0,1,1.0,1,1.0,1,0.36214448590826964,38
977,0,1589,768,821,0,0,0,1.0,1,1.0,1,1.0,1,0.36214448590826964,38
978,0,1589,768,821,0,0,0,1.0,1,1.0,1,1.0,1,0.36214448590826964,38
979,0,1589,768,821,0,0,0,1.0,1,1.0,1,1.0,1,0.36955120873836894,39
980,2,1591,770,821,0,0,0,1.0,1,1.0,1,1.0,1,0.4244349620318308,39
981,4,1595,771,824,0,0,0,1.0,1,1.0,1,1.0,1,0.3874434603671626,40
982,3,1598,773,825,0,0,0,1.0,1,1.0,1,1.0,1,0.4344398012104278,40
983,1,1599,773,826,0,0,0,1.0,1,1.0,1,1.0,1,0.40401679254754974,38
984,3,1602,774,828,0,0,0,1.0,1,1.0,1,1.0,1,0.4074443590564554,39
985,3,1605,776,829,0,0,0,1.0,1,1.0,1,1.0,1,0.43594827659590485,38
986,7,1612,779,833,0,0,0,1.0,1,1.0,1,1.0,1,0.37249067629189186,38
987,5,1617,780,837,0,0,0,1.0,1,1.0,1,1.0,1,0.2857118496164035,38
988,0,1617,780,837,0,0,0,1.0,1,1.0,1,1.0,1,0.2857118496164035,38
989,1,1618,780,838,0,0,0,1.0,1,1.0,1,1.0,1,0.28094953004431567,38
990,1,1619,781,838,0,0,0,1.0,1,1.0,1,1.0,1,0.3104408571574941,38
991,4,1623,782,841,0,0,0,1.0,1,1.0,1,1.0,1,0.31703895598520576,40
992,1,1624,783,841,0,0,0,1.0,1,1.0,1,1.0,1,0.34791026998507224,39
993,0,1624,783,841,0,0,0,1.0,1,1.0,1,1.0,1,0.3344737785969187,38
994,2,1626,783,843,0,0,0,1.0,1,1.0,1,1.0,1,0.3274845473900295,39
995,0,1626,783,843,0,0,0,1.0,1,1.0,1,1.0,1,0.3213955451012346,41
996,2,1628,783,845,0,0,0,1.0,1,1.0,1,1.0,1,0.2653425662967562,40
997,0,1628,783,845,0,0,0,1.0,1,1.0,1,1.0,1,0.27561336274048803,41
998,0,1628,783,845,0,0,0,1.0,1,1.0,1,1.0,1,0.30536810246108725,40
999,1,1629,783,846,0,0,0,1.0,1,1.0,1,1.0,1,0.32999665434265746,40
1000,1,1630,784,846,0,0,0,1.0,1,1.0,1,1.0,1,0.3488946909136668,40
1001,1,1631,784,847,0,0,0,1.0,1,1.0,1,1.0,1,0.3318910119616504,39
1002,0,1631,784,847,0,0,0,1.0,1,1.0,1,1.0,1,0.3318910119616504,39
1003,0,1631,784,847,0,0,0,1.0,1,1.0,1,1.0,1,0.3318910119616504,39
1004,1,1632,784,848,0,0,0,1.0,1,1.0,1,1.0,1,0.3023712726777098,39
1005,0,1632,784,848,0,0,0,1.0,1,1.0,1,1.0,1,0.30542068713377996,40
1006,2,1634,784,850,0,0,0,1.0,1,1.0,1,1.0,1,0.26546929896356597,41
1007,0,1634,784,850,0,0,0,1.0,1,1.0,1,1.0,1,0.2743310177696746,42
1008,0,1634,784,850,0,0,0,1.0,1,1.0,1,1.0,1,0.2841978396640472,43
1009,5,1639,785,854,0,0,0,1.0,1,1.0,1,1.0,1,0.17817179875280767,44
1010,1,1640,785,855,0,0,0,1.0,1,1.0,1,1.0,1,0.1850332133369001,44
1011,1,1641,785,856,0,0,0,1.0,1,1.0,1,1.0,1,0.15653254250056067,44
1012,4,1645,788,857,0,0,0,1.0,1,1.0,1,1.0,1,0.21855398597774267,46
1013,0,1645,788,857,0,0,0,1.0,1,1.0,1,1.0,1,0.21855398597774267,46
1014,2,1647,789,858,0,0,0,1.0,1,1.0,1,1.0,1,0.23635099508579482,46
1015,1,1648,789,859,0,0,0,1.0,1,1.0,1,1.0,1,0.2523205613283893,46
1016,3,1651,790,861,0,0,0,1.0,1,1.0,1,1.0,1,0.2335800023427314,47
1017,1,1652,790,862,0,0,0,1.0,1,1.0,1,1.0,1,0.21642608987678913,47
1018,1,1653,790,863,0,0,0,1.0,1,1.0,1,1.0,1,0.23577190831435002,48
1019,3,1656,790,866,0,0,0,1.0,1,1.0,1,1.0,1,0.21140716975592058,49
1020,1,1657,790,867,0,0,0,1.0,1,1.0,1,1.0,1,0.19320822122622866,51
1021,1,1658,790,868,0,0,0,1.0,1,1.0,1,1.0,1,0.1699590894730944,51
1022,1,1659,791,868,0,0,0,1.0,1,1.0,1,1.0,1,0.17877362809182323,52
1023,0,1659,791,868,0,0,0,1.0,1,1.0,1,1.0,1,0.17767002474553562,52
1024,0,1659,791,868,0,0,0,1.0,1,1.0,1,1.0,1,0.17767002474553562,52
1025,1,1660,791,869,0,0,0,1.0,1,1.0,1,1.0,1,0.187976784322577,54
1026,1,1661,791,870,0,0,0,1.0,1,1.0,1,1.0,1,0.17007567861852482,54
1027,0,1661,791,870,0,0,0,1.0,1,1.0,1,1.0,1,0.16715294942635261,55
1028,2,1663,793,870,0,0,0,1.0,1,1.0,1,1.0,1,0.18158988434234258,56
1029,0,1663,793,870,0,0,0,1.0,1,1.0,1,1.0,1,0.18158988434234258,56
1030,1,1664,793,871,0,0,0,1.0,1,1.0,1,1.0,1,0.1905015902574428,57
1031,1,1665,793,872,0,0,0,1.0,1,1.0,1,1.0,1,0.18698532793735761,58
1032,2,1667,795,872,0,0,0,1.0,1,1.0,1,1.0,1,0.21529601087508457,58
1033,0,1667,795,872,0,0,0,1.0,1,1.0,1,1.0,1,0.20790712231658823,57
1034,3,1670,798,872,0,0,0,1.0,1,1.0,1,1.0,1,0.2176259368073081,57
1035,3,1673,800,873,0,0,0,1.0,1,1.0,1,1.0,1,0.2407845068440065,57
1036,4,1677,801,876,0,0,0,1.0,1,1.0,1,1.0,1,0.23707885099311543,59
1037,7,1684,804,880,0,0,0,1.0,1,1.0,1,1.0,1,0.24181791940442263,57
1038,6,1690,807,883,0,0,0,1.0,1,1.0,1,1.0,1,0.26060750641802366,59
1039,4,1694,811,883,0,0,0,1.0,1,1.0,1,1.0,1,0.26641399519256,57
1040,3,1697,811,886,0,0,0,1.0,1,1.0,1,1.0,1,0.27530187462463096,56
1041,4,1701,812,889,0,0,0,1.0,1,1.0,1,1.0,1,0.23908702139347296,54
1042,0,1701,812,889,0,0,0,1.0,1,1.0,1,1.0,1,0.20545971039221486,52
1043,0,1701,812,889,0,0,0,1.0,1,1.0,1,1.0,1,0.20545971039221486,52
1044,0,1701,812,889,0,0,0,1.0,1,1.0,1,1.0,1,0.1844290960228734,50
1045,2,1703,814,889,0,0,0,1.0,1,1.0,1,1.0,1,0.201222394143275,51
1046,3,1706,816,890,0,0,0,1.0,1,1.0,1,1.0,1,0.19846285369993757,50
1047,1,1707,816,891,0,0,0,1.0,1,1.0,1,1.0,1,0.1456365936529574,50
1048,1,1708,817,891,0,0,0,1.0,1,1.0,1,1.0,1,0.17807275097293213,50
1049,2,1710,818,892,0,0,0,1.0,1,1.0,1,1.0,1,0.1921922744038393,50
1050,0,1710,818,892,0,0,0,1.0,1,1.0,1,1.0,1,0.1921922744038393,50
1051,1,1711,818,893,0,0,0,1.0,1,1.0,1,1.0,1,0.16791984989235714,50
1052,0,1711,818,893,0,0,0,1.0,1,1.0,1,1.0,1,0.18580704606088333,51
1053,0,1711,818,893,0,0,0,1.0,1,1.0,1,1.0,1,0.18580704606088333,51
1054,1,1712,818,894,0,0,0,1.0,1,1.0,1,1.0,1,0.16446892871867005,53
1055,2,1714,818,896,0,0,0,1.0,1,1.0,1,1.0,1,0.16903679511294628,54
1056,0,1714,818,896,0,0,0,1.0,1,1.0,1,1.0,1,0.19074122101740476,54
1057,1,1715,819,896,0,0,0,1.0,1,1.0,1,1.0,1,0.21592362469230741,55
1058,0,1715,819,896,0,0,0,1.0,1,1.0,1,1.0,1,0.22178478057474865,54
1059,2,1717,820,897,0,0,0,1.0,1,1.0,1,1.0,1,0.2602578181326876,53
1060,1,1718,820,898,0,0,0,1.0,1,1.0,1,1.0,1,0.25013476843502214,53
1061,6,1724,823,901,0,0,0,1.0,1,1.0,1,1.0,1,0.1971171147922077,53
1062,4,1728,827,901,0,0,0,1.0,1,1.0,1,1.0,1,0.2066423186576464,54
1063,2,1730,827,903,0,0,0,1.0,1,1.0,1,1.0,1,0.2131903466960657,53
1064,3,1733,830,903,0,0,0,1.0,1,1.0,1,1.0,1,0.22677934068029054,55
1065,1,1734,831,903,0,0,0,1.0,1,1.0,1,1.0,1,0.2522587747537044,54
1066,5,1739,833,906,0,0,0,1.0,1,1.0,1,1.0,1,0.22155124930093384,55
1067,2,1741,834,907,0,0,0,1.0,1,1.0,1,1.0,1,0.24764655518115408,55
1068,2,1743,834,909,0,0,0,1.0,1,1.0,1,1.0,1,0.23254719178982874,55
1069,1,1744,834,910,0,0,0,1.0,1,1.0,1,1.0,1,0.23735660065170588,55
1070,2,1746,835,911,0,0,0,1.0,1,1.0,1,1.0,1,0.24039226348065626,54
1071,1,1747,835,912,0,0,0,1.0,1,1.0,1,1.0,1,0.21380535580556675,55
1072,0,1747,835,912,0,0,0,1.0,1,1.0,1,1.0,1,0.20673910039847262,54
1073,2,1749,837,912,0,0,0,1.0,1,1.0,1,1.0,1,0.19856294489553872,54
1074,3,1752,839,913,0,0,0,1.0,1,1.0,1,1.0,1,0.22021327734513954,52
1075,2,1754,840,914,0,0,0,1.0,1,1.0,1,1.0,1,0.19363849311334497,51
1076,3,1757,841,916,0,0,0,1.0,1,1.0,1,1.0,1,0.16398625602293215,52
1077,2,1759,842,917,0,0,0,1.0,1,1.0,1,1.0,1,0.20311107315557214,49
1078,1,1760,843,917,0,0,0,1.0,1,1.0,1,1.0,1,0.2261703818584569,48
1079,5,1765,845,920,0,0,0,1.0,1,1.0,1,1.0,1,0.18779194669761615,47
1080,1,1766,846,920,0,0,0,1.0,1,1.0,1,1.0,1,0.23115693052838154,47
1081,2,1768,847,921,0,0,0,1.0,1,1.0,1,1.0,1,0.24516688575453235,45
1082,1,1769,848,921,0,0,0,1.0,1,1.0,1,1.0,1,0.33009016811752273,42
1083,1,1770,849,921,0,0,0,1.0,1,1.0,1,1.0,1,0.3755228375046658,42
1084,0,1770,849,921,0,0,0,1.0,1,1.0,1,1.0,1,0.36754332066958156,40
1085,2,1772,849,923,0,0,0,1.0,1,1.0,1,1.0,1,0.32336175649070054,43
1086,2,1774,849,925,0,0,0,1.0,1,1.0,1,1.0,1,0.29110424993240336,41
1087,2,1776,850,926,0,0,0,1.0,1,1.0,1,1.0,1,0.25530195694398927,41
1088,2,1778,851,927,0,0,0,1.0,1,1.0,1,1.0,1,0.23684400357568455,41
1089,3,1781,853,928,0,0,0,1.0,1,1.0,1,1.0,1,0.2122671944809044,42
1090,1,1782,853,929,0,0,0,1.0,1,1.0,1,1.0,1,0.1999270859109808,43
1091,0,1782,853,929,0,0,0,1.0,1,1.0,1,1.0,1,0.19823483989037644,43
1092,1,1783,854,929,0,0,0,1.0,1,1.0,1,1.0,1,0.19429222013454783,43
1093,1,1784,855,929,0,0,0,1.0,1,1.0,1,1.0,1,0.20763458586960817,43
1094,0,1784,855,929,0,0,0,1.0,1,1.0,1,1.0,1,0.20763458586960817,43
1095,0,1784,855,929,0,0,0,1.0,1,1.0,1,1.0,1,0.21830385616790746,44
1096,2,1786,857,929,0,0,0,1.0,1,1.0,1,1.0,1,0.23547494591115886,44
1097,3,1789,859,930,0,0,0,1.0,1,1.0,1,1.0,1,0.2942580733443319,45
1098,1,1790,859,931,0,0,0,1.0,1,1.0,1,1.0,1,0.26771288961810374,46
1099,0,1790,859,931,0,0,0,1.0,1,1.0,1,1.0,1,0.27487385780078183,48
1100,2,1792,859,933,0,0,0,1.0,1,1.0,1,1.0,1,0.24758806067983033,49
1101,2,1794,860,934,0,0,0,1.0,1,1.0,1,1.0,1,0.2465193358741157,49
1102,5,1799,863,936,0,0,0,1.0,1,1.0,1,1.0,1,0.24574767969031605,50
1103,4,1803,865,938,0,0,0,1.0,1,1.0,1,1.0,1,0.22835091477542044,48
1104,3,1806,867,939,0,0,0,1.0,1,1.0,1,1.0,1,0.17906339666749854,50
1105,1,1807,868,939,0,0,0,1.0,1,1.0,1,1.0,1,0.15982781393137085,48
1106,2,1809,869,940,0,0,0,1.0,1,1.0,1,1.0,1,0.1702798307690836,48
1107,1,1810,870,940,0,0,0,1.0,1,1.0,1,1.0,1,0.20558072436903296,47
1108,0,1810,870,940,0,0,0,1.0,1,1.0,1,1.0,1,0.20678682531616327,47
1109,2,1812,872,940,0,0,0,1.0,1,1.0,1,1.0,1,0.21076233773767586,46
1110,2,1814,874,940,0,0,0,1.0,1,1.0,1,1.0,1,0.22339680603143855,43
1111,5,1819,876,943,0,0,0,1.0,1,1.0,1,1.0,1,0.20132392133541788,44
1112,3,1822,879,943,0,0,0,1.0,1,1.0,1,1.0,1,0.2873886222803816,43
1113,2,1824,880,944,0,0,0,1.0,1,1.0,1,1.0,1,0.32936945629909625,39
1114,0,1824,880,944,0,0,0,1.0,1,1.0,1,1.0,1,0.32936945629909625,39
1115,3,1827,882,945,0,0,0,1.0,1,1.0,1,1.0,1,0.2682713076018457,37
1116,4,1831,883,948,0,0,0,1.0,1,1.0,1,1.0,1,0.17204589597636843,37
1117,2,1833,885,948,0,0,0,1.0,1,1.0,1,1.0,1,0.22747908458206328,36
1118,3,1836,885,951,0,0,0,1.0,1,1.0,1,1.0,1,0.1468435602293978,36
1119,0,1836,885,951,0,0,0,1.0,1,1.0,1,1.0,1,0.1468435602293978,36
1120,0,1836,885,951,0,0,0,1.0,1,1.0,1,1.0,1,0.1468435602293978,36
1121,2,1838,886,952,0,0,0,1.0,1,1.0,1,1.0,1,0.15983028499952334,36
1122,0,1838,886,952,0,0,0,1.0,1,1.0,1,1.0,1,0.1621539002897668,37
1123,0,1838,886,952,0,0,0,1.0,1,1.0,1,1.0,1,0.1621539002897668,37
1124,0,1838,886,952,0,0,0,1.0,1,1.0,1,1.0,1,0.1621539002897668,37
1125,1,1839,887,952,0,0,0,1.0,1,1.0,1,1.0,1,0.20895634880165462,38
1126,0,1839,887,952,0,0,0,1.0,1,1.0,1,1.0,1,0.20895634880165462,38
1127,2,1841,888,953,0,0,0,1.0,1,1.0,1,1.0,1,0.2289877420084734,39
1128,0,1841,888,953,0,0,0,1.0,1,1.0,1,1.0,1,0.2289877420084734,39
1129,0,1841,888,953,0,0,0,1.0,1,1.0,1,1.0,1,0.2289877420084734,39
1130,1,1842,889,953,0,0,0,1.0,1,1.0,1,1.0,1,0.26461726132267827,39
1131,0,1842,889,953,0,0,0,1.0,1,1.0,1,1.0,1,0.26461726132267827,39
1132,2,1844,891,953,0,0,0,1.0,1,1.0,1,1.0,1,0.2599585135281999,39
1133,2,1846,892,954,0,0,0,1.0,1,1.0,1,1.0,1,0.2237328221488676,42
1134,0,1846,892,954,0,0,0,1.0,1,1.0,1,1.0,1,0.2237328221488676,42
1135,2,1848,892,956,0,0,0,1.0,1,1.0,1,1.0,1,0.23782943322741645,44
1136,3,1851,893,958,0,0,0,1.0,1,1.0,1,1.0,1,0.2512687881940075,46
1137,0,1851,893,958,0,0,0,1.0,1,1.0,1,1.0,1,0.2601356409376387,45
1138,0,1851,893,958,0,0,0,1.0,1,1.0,1,1.0,1,0.2707335580070415,46
1139,2,1853,893,960,0,0,0,1.0,1,1.0,1,1.0,1,0.26515955510979383,47
1140,1,1854,894,960,0,0,0,1.0,1,1.0,1,1.0,1,0.2885317700210132,46
1141,5,1859,895,964,0,0,0,1.0,1,1.0,1,1.0,1,0.23247152137342958,45
1142,3,1862,898,964,0,0,0,1.0,1,1.0,1,1.0,1,0.25366178744507056,45
1143,2,1864,900,964,0,0,0,1.0,1,1.0,1,1.0,1,0.25221452664638244,43
1144,5,1869,902,967,0,0,0,1.0,1,1.0,1,1.0,1,0.2416223826137163,45
1145,5,1874,903,971,0,0,0,1.0,1,1.0,1,1.0,1,0.23966990457193657,44
1146,3,1877,904,973,0,0,0,1.0,1,1.0,1,1.0,1,0.19647519829012688,45
1147,4,1881,907,974,0,0,0,1.0,1,1.0,1,1.0,1,0.1984606517190081,44
1148,3,1884,909,975,0,0,0,1.0,1,1.0,1,1.0,1,0.2240413984461765,43
1149,1,1885,910,975,0,0,0,1.0,1,1.0,1,1.0,1,0.25879640322696346,42
1150,2,1887,911,976,0,0,0,1.0,1,1.0,1,1.0,1,0.26543707025769425,45
1151,3,1890,912,978,0,0,0,1.0,1,1.0,1,1.0,1,0.279916311501799,40
1152,3,1893,914,979,0,0,0,1.0,1,1.0,1,1.0,1,0.28279727765247625,41
1153,4,1897,916,981,0,0,0,1.0,1,1.0,1,1.0,1,0.3204133223656471,38
1154,1,1898,917,981,0,0,0,1.0,1,1.0,1,1.0,1,0.29537195001368816,37
1155,2,1900,917,983,0,0,0,1.0,1,1.0,1,1.0,1,0.2442476653983495,38
1156,3,1903,919,984,0,0,0,1.0,1,1.0,1,1.0,1,0.2815247614459529,38
1157,0,1903,919,984,0,0,0,1.0,1,1.0,1,1.0,1,0.27000888564298575,37
1158,1,1904,920,984,0,0,0,1.0,1,1.0,1,1.0,1,0.31998148722556563,36
1159,0,1904,920,984,0,0,0,1.0,1,1.0,1,1.0,1,0.3118125578345979,35
1160,0,1904,920,984,0,0,0,1.0,1,1.0,1,1.0,1,0.3118125578345979,35
1161,0,1904,920,984,0,0,0,1.0,1,1.0,1,1.0,1,0.32049740327278614,36
1162,0,1904,920,984,0,0,0,1.0,1,1.0,1,1.0,1,0.3186101715931793,37
1163,0,1904,920,984,0,0,0,1.0,1,1.0,1,1.0,1,0.3186101715931793,37
1164,0,1904,920,984,0,0,0,1.0,1,1.0,1,1.0,1,0.30743481354640867,38
1165,2,1906,921,985,0,0,0,1.0,1,1.0,1,1.0,1,0.31971721389420804,38
1166,1,1907,921,986,0,0,0,1.0,1,1.0,1,1.0,1,0.3370596630172245,40
1167,4,1911,923,988,0,0,0,1.0,1,1.0,1,1.0,1,0.3206488581977889,40
1168,4,1915,924,991,0,0,0,1.0,1,1.0,1,1.0,1,0.2384067501696227,40
1169,3,1918,924,994,0,0,0,1.0,1,1.0,1,1.0,1,0.1995945590875808,41
1170,3,1921,926,995,0,0,0,1.0,1,1.0,1,1.0,1,0.1668002120795822,41
1171,2,1923,927,996,0,0,0,1.0,1,1.0,1,1.0,1,0.19263069067634694,43
1172,1,1924,928,996,0,0,0,1.0,1,1.0,1,1.0,1,0.18031118170677102,43
1173,0,1924,928,996,0,0,0,1.0,1,1.0,1,1.0,1,0.18031118170677102,43
1174,0,1924,928,996,0,0,0,1.0,1,1.0,1,1.0,1,0.18031118170677102,43
1175,0,1924,928,996,0,0,0,1.0,1,1.0,1,1.0,1,0.19497787205175232,44
1176,1,1925,929,996,0,0,0,1.0,1,1.0,1,1.0,1,0.2157353186507913,45
1177,1,1926,930,996,0,0,0,1.0,1,1.0,1,1.0,1,0.23744564699260787,45
1178,0,1926,930,996,0,0,0,1.0,1,1.0,1,1.0,1,0.23744564699260787,45
1179,0,1926,930,996,0,0,0,1.0,1,1.0,1,1.0,1,0.2585332811344647,46
1180,0,1926,930,996,0,0,0,1.0,1,1.0,1,1.0,1,0.23597674506895616,47
1181,2,1928,930,998,0,0,0,1.0,1,1.0,1,1.0,1,0.23236402303612255,48
1182,2,1930,932,998,0,0,0,1.0,1,1.0,1,1.0,1,0.24139951142798846,48
1183,0,1930,932,998,0,0,0,1.0,1,1.0,1,1.0,1,0.2543123510757233,46
1184,2,1932,934,998,0,0,0,1.0,1,1.0,1,1.0,1,0.2549061218810982,47
1185,0,1932,934,998,0,0,0,1.0,1,1.0,1,1.0,1,0.2753391425318283,44
1186,3,1935,934,1001,0,0,0,1.0,1,1.0,1,1.0,1,0.2295594191640199,47
1187,2,1937,934,1003,0,0,0,1.0,1,1.0,1,1.0,1,0.2158893748857638,49
1188,0,1937,934,1003,0,0,0,1.0,1,1.0,1,1.0,1,0.21573480571199008,50
1189,0,1937,934,1003,0,0,0,1.0,1,1.0,1,1.0,1,0.2088115641322476,48
1190,3,1940,935,1005,0,0,0,1.0,1,1.0,1,1.0,1,0.23811625540843154,48
1191,0,1940,935,1005,0,0,0,1.0,1,1.0,1,1.0,1,0.24841203655792285,46
1192,1,1941,936,1005,0,0,0,1.0,1,1.0,1,1.0,1,0.2899705330874021,46
1193,0,1941,936,1005,0,0,0,1.0,1,1.0,1,1.0,1,0.31813180120873186,45
1194,1,1942,936,1006,0,0,0,1.0,1,1.0,1,1.0,1,0.2966179718841291,45
1195,3,1945,936,1009,0,0,0,1.0,1,1.0,1,1.0,1,0.2642246739681528,47
1196,4,1949,937,1012,0,0,0,1.0,1,1.0,1,1.0,1,0.22033351652675864,48
1197,1,1950,937,1013,0,0,0,1.0,1,1.0,1,1.0,1,0.20174036147903301,49
1198,1,1951,938,1013,0,0,0,1.0,1,1.0,1,1.0,1,0.18108194502368088,49
1199,1,1952,938,1014,0,0,0,1.0,1,1.0,1,1.0,1,0.19775263742368637,50
1200,1,1953,939,1014,0,0,0,1.0,1,1.0,1,1.0,1,0.19050471284772194,50
1201,0,1953,939,1014,0,0,0,1.0,1,1.0,1,1.0,1,0.19050471284772194,50
1202,1,1954,940,1014,0,0,0,1.0,1,1.0,1,1.0,1,0.20484404257063504,51
1203,0,1954,940,1014,0,0,0,1.0,1,1.0,1,1.0,1,0.19901969308591272,52
1204,0,1954,940,1014,0,0,0,1.0,1,1.0,1,1.0,1,0.19901969308591272,52
1205,3,1957,940,1017,0,0,0,1.0,1,1.0,1,1.0,1,0.16547557021878065,53
1206,0,1957,940,1017,0,0,0,1.0,1,1.0,1,1.0,1,0.16547557021878065,53
1207,1,1958,940,1018,0,0,0,1.0,1,1.0,1,1.0,1,0.1683667033547191,55
1208,0,1958,940,1018,0,0,0,1.0,1,1.0,1,1.0,1,0.1791771502974762,56
1209,0,1958,940,1018,0,0,0,1.0,1,1.0,1,1.0,1,0.1925796198974233,55
1210,0,1958,940,1018,0,0,0,1.0,1,1.0,1,1.0,1,0.1925796198974233,55
1211,1,1959,940,1019,0,0,0,1.0,1,1.0,1,1.0,1,0.15616186860730094,57
1212,0,1959,940,1019,0,0,0,1.0,1,1.0,1,1.0,1,0.15616186860730094,57
1213,0,1959,940,1019,0,0,0,1.0,1,1.0,1,1.0,1,0.15616186860730094,57
1214,5,1964,943,1021,0,0,0,1.0,1,1.0,1,1.0,1,0.17868103795605897,57
1215,2,1966,943,1023,0,0,0,1.0,1,1.0,1,1.0,1,0.16795160259875655,59
1216,1,1967,944,1023,0,0,0,1.0,1,1.0,1,1.0,1,0.19145676931408426,61
1217,1,1968,945,1023,0,0,0,1.0,1,1.0,1,1.0,1,0.22330697390148646,61
1218,3,1971,946,1025,0,0,0,1.0,1,1.0,1,1.0,1,0.2368861531473142,61
1219,2,1973,947,1026,0,0,0,1.0,1,1.0,1,1.0,1,0.2290439994214949,61
1220,2,1975,948,1027,0,0,0,1.0,1,1.0,1,1.0,1,0.23584774566877487,60
1221,4,1979,949,1030,0,0,0,1.0,1,1.0,1,1.0,1,0.19434091205419776,61
1222,3,1982,949,1033,0,0,0,1.0,1,1.0,1,1.0,1,0.16520107108333557,61
1223,1,1983,950,1033,0,0,0,1.0,1,1.0,1,1.0,1,0.15294005472251454,59
1224,2,1985,952,1033,0,0,0,1.0,1,1.0,1,1.0,1,0.1507525361341958,60
1225,1,1986,953,1033,0,0,0,1.0,1,1.0,1,1.0,1,0.17956781910339117,60
1226,3,1989,954,1035,0,0,0,1.0,1,1.0,1,1.0,1,0.1664930133092849,61
1227,2,1991,955,1036,0,0,0,1.0,1,1.0,1,1.0,1,0.1575568390522886,59
1228,1,1992,956,1036,0,0,0,1.0,1,1.0,1,1.0,1,0.19844725312637332,58
1229,3,1995,959,1036,0,0,0,1.0,1,1.0,1,1.0,1,0.21371268896894544,57
1230,2,1997,961,1036,0,0,0,1.0,1,1.0,1,1.0,1,0.1967959902342363,55
1231,6,2003,964,1039,0,0,0,1.0,1,1.0,1,1.0,1,0.19669473077975272,54
1232,3,2006,966,1040,0,0,0,1.0,1,1.0,1,1.0,1,0.22800097862042554,51
1233,4,2010,968,1042,0,0,0,1.0,1,1.0,1,1.0,1,0.21541232975175512,49
1234,2,2012,970,1042,0,0,0,1.0,1,1.0,1,1.0,1,0.262457636485506,49
1235,3,2015,970,1045,0,0,0,1.0,1,1.0,1,1.0,1,0.22386222340146822,48
1236,3,2018,970,1048,0,0,0,1.0,1,1.0,1,1.0,1,0.21568853946506164,49
1237,1,2019,971,1048,0,0,0,1.0,1,1.0,1,1.0,1,0.25328227799327535,48
1238,0,2019,971,1048,0,0,0,1.0,1,1.0,1,1.0,1,0.2583698679942064,47
1239,0,2019,971,1048,0,0,0,1.0,1,1.0,1,1.0,1,0.2525303993459979,48
1240,2,2021,972,1049,0,0,0,1.0,1,1.0,1,1.0,1,0.2470071556170934,49
1241,4,2025,974,1051,0,0,0,1.0,1,1.0,1,1.0,1,0.20417626064592495,49
1242,0,2025,974,1051,0,0,0,1.0,1,1.0,1,1.0,1,0.20626748696981878,49
1243,1,2026,974,1052,0,0,0,1.0,1,1.0,1,1.0,1,0.2027827502065322,50
1244,1,2027,975,1052,0,0,0,1.0,1,1.0,1,1.0,1,0.2593361182658973,50
1245,2,2029,975,1054,0,0,0,1.0,1,1.0,1,1.0,1,0.25077357740356315,51
1246,5,2034,976,1058,0,0,0,1.0,1,1.0,1,1.0,1,0.22423524977142814,52
1247,0,2034,976,1058,0,0,0,1.0,1,1.0,1,1.0,1,0.22423524977142814,52
1248,1,2035,977,1058,0,0,0,1.0,1,1.0,1,1.0,1,0.26062857015276697,51
1249,3,2038,978,1060,0,0,0,1.0,1,1.0,1,1.0,1,0.22050274139096362,51
1250,2,2040,980,1060,0,0,0,1.0,1,1.0,1,1.0,1,0.24241328419795094,51
1251,2,2042,980,1062,0,0,0,1.0,1,1.0,1,1.0,1,0.21700173599517086,53
1252,2,2044,982,1062,0,0,0,1.0,1,1.0,1,1.0,1,0.23355591486862742,52
1253,0,2044,982,1062,0,0,0,1.0,1,1.0,1,1.0,1,0.23355591486862742,52
1254,0,2044,982,1062,0,0,0,1.0,1,1.0,1,1.0,1,0.21323429448613826,53
1255,4,2048,983,1065,0,0,0,1.0,1,1.0,1,1.0,1,0.2031212032035901,55
1256,1,2049,983,1066,0,0,0,1.0,1,1.0,1,1.0,1,0.18721480238052796,55
1257,1,2050,984,1066,0,0,0,1.0,1,1.0,1,1.0,1,0.21656918911249037,57
1258,1,2051,984,1067,0,0,0,1.0,1,1.0,1,1.0,1,0.19816218948363348,57
1259,0,2051,984,1067,0,0,0,1.0,1,1.0,1,1.0,1,0.19816218948363348,57
1260,2,2053,984,1069,0,0,0,1.0,1,1.0,1,1.0,1,0.1730575093442879,56
1261,0,2053,984,1069,0,0,0,1.0,1,1.0,1,1.0,1,0.1736516408484968,57
1262,4,2057,985,1072,0,0,0,1.0,1,1.0,1,1.0,1,0.16148774633905016,58
1263,4,2061,988,1073,0,0,0,1.0,1,1.0,1,1.0,1,0.2197214629012519,58
1264,1,2062,989,1073,0,0,0,1.0,1,1.0,1,1.0,1,0.2306790515980608,57
1265,5,2067,991,1076,0,0,0,1.0,1,1.0,1,1.0,1,0.22267507092925495,56
1266,9,2076,993,1083,0,0,0,1.0,1,1.0,1,1.0,1,0.16663947505378887,55
1267,3,2079,995,1084,0,0,0,1.0,1,1.0,1,1.0,1,0.13863952546163053,53
1268,1,2080,996,1084,0,0,0,1.0,1,1.0,1,1.0,1,0.1703151774282649,52
1269,1,2081,997,1084,0,0,0,1.0,1,1.0,1,1.0,1,0.1525098299617482,51
1270,1,2082,998,1084,0,0,0,1.0,1,1.0,1,1.0,1,0.1485759445691936,47
1271,0,2082,998,1084,0,0,0,1.0,1,1.0,1,1.0,1,0.15777438866714902,46
1272,0,2082,998,1084,0,0,0,1.0,1,1.0,1,1.0,1,0.16033650611339934,43
1273,2,2084,1000,1084,0,0,0,1.0,1,1.0,1,1.0,1,0.14933132969998641,44
1274,1,2085,1001,1084,0,0,0,1.0,1,1.0,1,1.0,1,0.19064076689795953,44
1275,3,2088,1002,1086,0,0,0,1.0,1,1.0,1,1.0,1,0.18738678792371247,45
1276,5,2093,1002,1091,0,0,0,1.0,1,1.0,1,1.0,1,0.10496209090076157,43
1277,0,2093,1002,1091,0,0,0,1.0,1,1.0,1,1.0,1,0.12080890834641515,44
1278,3,2096,1005,1091,0,0,0,1.0,1,1.0,1,1.0,1,0.16373724025841568,45
1279,1,2097,1006,1091,0,0,0,1.0,1,1.0,1,1.0,1,0.15551792284001945,47
1280,1,2098,1007,1091,0,0,0,1.0,1,1.0,1,1.0,1,0.17004334861957401,47
1281,2,2100,1008,1092,0,0,0,1.0,1,1.0,1,1.0,1,0.17233590054267117,47
1282,1,2101,1009,1092,0,0,0,1.0,1,1.0,1,1.0,1,0.19685212215514666,46
1283,0,2101,1009,1092,0,0,0,1.0,1,1.0,1,1.0,1,0.19685212215514666,46
1284,0,2101,1009,1092,0,0,0,1.0,1,1.0,1,1.0,1,0.19685212215514666,46
1285,1,2102,1009,1093,0,0,0,1.0,1,1.0,1,1.0,1,0.20863887755734067,46
1286,1,2103,1009,1094,0,0,0,1.0,1,1.0,1,1.0,1,0.16023544940473444,45
1287,4,2107,1010,1097,0,0,0,1.0,1,1.0,1,1.0,1,0.17682054382574083,49
1288,0,2107,1010,1097,0,0,0,1.0,1,1.0,1,1.0,1,0.17682054382574083,49
1289,3,2110,1010,1100,0,0,0,1.0,1,1.0,1,1.0,1,0.12691125513889784,52
1290,0,2110,1010,1100,0,0,0,1.0,1,1.0,1,1.0,1,0.12691125513889784,52
1291,0,2110,1010,1100,0,0,0,1.0,1,1.0,1,1.0,1,0.12691125513889784,52
1292,1,2111,1010,1101,0,0,0,1.0,1,1.0,1,1.0,1,0.11231235590862948,53
1293,0,2111,1010,1101,0,0,0,1.0,1,1.0,1,1.0,1,0.11231235590862948,53
1294,0,2111,1010,1101,0,0,0,1.0,1,1.0,1,1.0,1,0.11231235590862948,53
1295,0,2111,1010,1101,0,0,0,1.0,1,1.0,1,1.0,1,0.12050780526800049,54
1296,1,2112,1010,1102,0,0,0,1.0,1,1.0,1,1.0,1,0.10825489496893959,55
1297,0,2112,1010,1102,0,0,0,1.0,1,1.0,1,1.0,1,0.12833597722253012,54
1298,1,2113,1010,1103,0,0,0,1.0,1,1.0,1,1.0,1,0.12221838554033891,55
1299,1,2114,1010,1104,0,0,0,1.0,1,1.0,1,1.0,1,0.1363985114655245,54
1300,1,2115,1011,1104,0,0,0,1.0,1,1.0,1,1.0,1,0.1557598427010431,55
1301,5,2120,1013,1107,0,0,0,1.0,1,1.0,1,1.0,1,0.16164112630741673,54
1302,2,2122,1015,1107,0,0,0,1.0,1,1.0,1,1.0,1,0.20328256315812224,54
1303,5,2127,1018,1109,0,0,0,1.0,1,1.0,1,1.0,1,0.2922882744624766,50
1304,4,2131,1021,1110,0,0,0,1.0,1,1.0,1,1.0,1,0.261221047715126,51
1305,3,2134,1024,1110,0,0,0,1.0,1,1.0,1,1.0,1,0.28467329864344326,48
1306,9,2143,1027,1116,0,0,0,1.0,1,1.0,1,1.0,1,0.2558193462104505,48
1307,1,2144,1028,1116,0,0,0,1.0,1,1.0,1,1.0,1,0.20497120954883058,48
1308,2,2146,1030,1116,0,0,0,1.0,1,1.0,1,1.0,1,0.23668443702374697,46
1309,2,2148,1031,1117,0,0,0,1.0,1,1.0,1,1.0,1,0.24320576561207607,47
1310,0,2148,1031,1117,0,0,0,1.0,1,1.0,1,1.0,1,0.19952074112375845,46
1311,4,2152,1033,1119,0,0,0,1.0,1,1.0,1,1.0,1,0.22522034584290992,46
1312,3,2155,1035,1120,0,0,0,1.0,1,1.0,1,1.0,1,0.2413263490642285,45
1313,0,2155,1035,1120,0,0,0,1.0,1,1.0,1,1.0,1,0.26404234794538084,44
1314,1,2156,1036,1120,0,0,0,1.0,1,1.0,1,1.0,1,0.2679913138771435,42
1315,1,2157,1037,1120,0,0,0,1.0,1,1.0,1,1.0,1,0.3035147509867499,40
1316,2,2159,1037,1122,0,0,0,1.0,1,1.0,1,1.0,1,0.27388724234676415,42
1317,2,2161,1038,1123,0,0,0,1.0,1,1.0,1,1.0,1,0.2842525342300818,42
1318,0,2161,1038,1123,0,0,0,1.0,1,1.0,1,1.0,1,0.2842525342300818,42
1319,1,2162,1038,1124,0,0,0,1.0,1,1.0,1,1.0,1,0.26474043996205276,42
1320,0,2162,1038,1124,0,0,0,1.0,1,1.0,1,1.0,1,0.26474043996205276,42
1321,2,2164,1038,1126,0,0,0,1.0,1,1.0,1,1.0,1,0.21895357125148673,45
1322,0,2164,1038,1126,0,0,0,1.0,1,1.0,1,1.0,1,0.21895357125148673,45
1323,1,2165,1039,1126,0,0,0,1.0,1,1.0,1,1.0,1,0.22369182504670773,46
1324,0,2165,1039,1126,0,0,0,1.0,1,1.0,1,1.0,1,0.23785775247191784,45
1325,1,2166,1040,1126,0,0,0,1.0,1,1.0,1,1.0,1,0.26184899053269767,46
1326,2,2168,1041,1127,0,0,0,1.0,1,1.0,1,1.0,1,0.2846299949237806,45
1327,2,2170,1041,1129,0,0,0,1.0,1,1.0,1,1.0,1,0.2781088771063663,46
1328,2,2172,1041,1131,0,0,0,1.0,1,1.0,1,1.0,1,0.22965321135715674,47
1329,1,2173,1042,1131,0,0,0,1.0,1,1.0,1,1.0,1,0.24067929005811464,47
1330,1,2174,1042,1132,0,0,0,1.0,1,1.0,1,1.0,1,0.24358988274826235,46
1331,1,2175,1043,1132,0,0,0,1.0,1,1.0,1,1.0,1,0.23692061874364526,46
1332,2,2177,1045,1132,0,0,0,1.0,1,1.0,1,1.0,1,0.2768715405593799,49
1333,1,2178,1045,1133,0,0,0,1.0,1,1.0,1,1.0,1,0.2799775198942753,50
1334,0,2178,1045,1133,0,0,0,1.0,1,1.0,1,1.0,1,0.2799775198942753,50
1335,1,2179,1045,1134,0,0,0,1.0,1,1.0,1,1.0,1,0.29782989950108635,52
1336,1,2180,1045,1135,0,0,0,1.0,1,1.0,1,1.0,1,0.2632732939926681,53
1337,4,2184,1047,1137,0,0,0,1.0,1,1.0,1,1.0,1,0.2757761711150121,54
1338,1,2185,1048,1137,0,0,0,1.0,1,1.0,1,1.0,1,0.2924541561893112,54
1339,4,2189,1050,1139,0,0,0,1.0,1,1.0,1,1.0,1,0.3007766839938185,54
1340,1,2190,1051,1139,0,0,0,1.0,1,1.0,1,1.0,1,0.2810789213503762,53
1341,1,2191,1051,1140,0,0,0,1.0,1,1.0,1,1.0,1,0.25538482565192244,53
1342,1,2192,1052,1140,0,0,0,1.0,1,1.0,1,1.0,1,0.24483185816273606,52
1343,0,2192,1052,1140,0,0,0,1.0,1,1.0,1,1.0,1,0.2323186831867602,50
1344,3,2195,1054,1141,0,0,0,1.0,1,1.0,1,1.0,1,0.24090499643222857,51
1345,0,2195,1054,1141,0,0,0,1.0,1,1.0,1,1.0,1,0.23037194539125402,50
1346,2,2197,1056,1141,0,0,0,1.0,1,1.0,1,1.0,1,0.26356992301035553,50
1347,0,2197,1056,1141,0,0,0,1.0,1,1.0,1,1.0,1,0.26290541271464285,48
1348,1,2198,1056,1142,0,0,0,1.0,1,1.0,1,1.0,1,0.2548832931895693,49
1349,1,2199,1057,1142,0,0,0,1.0,1,1.0,1,1.0,1,0.24972389393567215,48
1350,2,2201,1058,1143,0,0,0,1.0,1,1.0,1,1.0,1,0.2640558435469183,49
1351,1,2202,1058,1144,0,0,0,1.0,1,1.0,1,1.0,1,0.24525063473983927,48
1352,1,2203,1059,1144,0,0,0,1.0,1,1.0,1,1.0,1,0.25050345966481713,49
1353,0,2203,1059,1144,0,0,0,1.0,1,1.0,1,1.0,1,0.24617264787815402,49
1354,1,2204,1059,1145,0,0,0,1.0,1,1.0,1,1.0,1,0.25946739397252433,49
1355,4,2208,1060,1148,0,0,0,1.0,1,1.0,1,1.0,1,0.21216958152711743,50
1356,3,2211,1061,1150,0,0,0,1.0,1,1.0,1,1.0,1,0.1996008946549248,50
1357,5,2216,1065,1151,0,0,0,1.0,1,1.0,1,1.0,1,0.2251937901759652,50
1358,3,2219,1066,1153,0,0,0,1.0,1,1.0,1,1.0,1,0.2321762447478216,51
1359,3,2222,1067,1155,0,0,0,1.0,1,1.0,1,1.0,1,0.23292511636847177,53
1360,1,2223,1067,1156,0,0,0,1.0,1,1.0,1,1.0,1,0.20839162389735474,54
1361,2,2225,1067,1158,0,0,0,1.0,1,1.0,1,1.0,1,0.1854136261949398,54
1362,1,2226,1068,1158,0,0,0,1.0,1,1.0,1,1.0,1,0.18843490739967672,55
1363,0,2226,1068,1158,0,0,0,1.0,1,1.0,1,1.0,1,0.18843490739967672,55
1364,0,2226,1068,1158,0,0,0,1.0,1,1.0,1,1.0,1,0.2135828310614017,55
1365,3,2229,1069,1160,0,0,0,1.0,1,1.0,1,1.0,1,0.20332217265732763,56
1366,0,2229,1069,1160,0,0,0,1.0,1,1.0,1,1.0,1,0.20332217265732763,56
1367,2,2231,1070,1161,0,0,0,1.0,1,1.0,1,1.0,1,0.1890345774244138,56
1368,1,2232,1070,1162,0,0,0,1.0,1,1.0,1,1.0,1,0.1639142932873883,58
1369,0,2232,1070,1162,0,0,0,1.0,1,1.0,1,1.0,1,0.15466890842835393,59
1370,1,2233,1071,1162,0,0,0,1.0,1,1.0,1,1.0,1,0.15029341424458184,59
1371,1,2234,1071,1163,0,0,0,1.0,1,1.0,1,1.0,1,0.1475138939202057,59
1372,1,2235,1072,1163,0,0,0,1.0,1,1.0,1,1.0,1,0.16909792165784998,59
1373,3,2238,1072,1166,0,0,0,1.0,1,1.0,1,1.0,1,0.1405336179953181,59
1374,3,2241,1074,1167,0,0,0,1.0,1,1.0,1,1.0,1,0.1516373870737788,60
1375,1,2242,1074,1168,0,0,0,1.0,1,1.0,1,1.0,1,0.1598643372947043,61
1376,1,2243,1074,1169,0,0,0,1.0,1,1.0,1,1.0,1,0.16425041276020375,61
1377,0,2243,1074,1169,0,0,0,1.0,1,1.0,1,1.0,1,0.16425041276020375,61
1378,0,2243,1074,1169,0,0,0,1.0,1,1.0,1,1.0,1,0.17450178833384264,61
1379,2,2245,1076,1169,0,0,0,1.0,1,1.0,1,1.0,1,0.19506984734623417,60
1380,3,2248,1077,1171,0,0,0,1.0,1,1.0,1,1.0,1,0.20216965806593956,60
1381,2,2250,1078,1172,0,0,0,1.0,1,1.0,1,1.0,1,0.20471802477898823,58
1382,5,2255,1082,1173,0,0,0,1.0,1,1.0,1,1.0,1,0.23866724825250948,58
1383,2,2257,1084,1173,0,0,0,1.0,1,1.0,1,1.0,1,0.19066833124017582,57
1384,3,2260,1087,1173,0,0,0,1.0,1,1.0,1,1.0,1,0.26159104764379354,54
1385,3,2263,1088,1175,0,0,0,1.0,1,1.0,1,1.0,1,0.2665730117348909,52
1386,5,2268,1089,1179,0,0,0,1.0,1,1.0,1,1.0,1,0.19830535514463704,51
1387,4,2272,1090,1182,0,0,0,1.0,1,1.0,1,1.0,1,0.20303581020904785,51
1388,3,2275,1093,1182,0,0,0,1.0,1,1.0,1,1.0,1,0.2067930823004533,52
1389,2,2277,1093,1184,0,0,0,1.0,1,1.0,1,1.0,1,0.22752987225878876,50
1390,3,2280,1094,1186,0,0,0,1.0,1,1.0,1,1.0,1,0.21519181953202993,51
1391,3,2283,1094,1189,0,0,0,1.0,1,1.0,1,1.0,1,0.17598324427616302,50
1392,1,2284,1095,1189,0,0,0,1.0,1,1.0,1,1.0,1,0.17546193699815674,50
1393,1,2285,1095,1190,0,0,0,1.0,1,1.0,1,1.0,1,0.17239094116719852,49
1394,4,2289,1097,1192,0,0,0,1.0,1,1.0,1,1.0,1,0.18693810240012035,50
1395,0,2289,1097,1192,0,0,0,1.0,1,1.0,1,1.0,1,0.18485797375447324,51
1396,1,2290,1097,1193,0,0,0,1.0,1,1.0,1,1.0,1,0.19460329332123938,52
1397,0,2290,1097,1193,0,0,0,1.0,1,1.0,1,1.0,1,0.19460329332123938,52
1398,1,2291,1098,1193,0,0,0,1.0,1,1.0,1,1.0,1,0.1831253044120511,53
1399,3,2294,1101,1193,0,0,0,1.0,1,1.0,1,1.0,1,0.21856717802688616,54
1400,2,2296,1102,1194,0,0,0,1.0,1,1.0,1,1.0,1,0.20383413577124632,54
1401,1,2297,1103,1194,0,0,0,1.0,1,1.0,1,1.0,1,0.19521890510790765,54
1402,2,2299,1105,1194,0,0,0,1.0,1,1.0,1,1.0,1,0.18936993825563697,53
1403,0,2299,1105,1194,0,0,0,1.0,1,1.0,1,1.0,1,0.2074128976825488,52
1404,0,2299,1105,1194,0,0,0,1.0,1,1.0,1,1.0,1,0.21577217011719205,53
1405,1,2300,1106,1194,0,0,0,1.0,1,1.0,1,1.0,1,0.2664011549087482,52
1406,2,2302,1106,1196,0,0,0,1.0,1,1.0,1,1.0,1,0.24581456410075322,53
1407,0,2302,1106,1196,0,0,0,1.0,1,1.0,1,1.0,1,0.2550958592932756,54
1408,0,2302,1106,1196,0,0,0,1.0,1,1.0,1,1.0,1,0.2722854052329572,53
1409,2,2304,1106,1198,0,0,0,1.0,1,1.0,1,1.0,1,0.2595169216531634,55
1410,0,2304,1106,1198,0,0,0,1.0,1,1.0,1,1.0,1,0.2689245974044499,54
1411,0,2304,1106,1198,0,0,0,1.0,1,1.0,1,1.0,1,0.2689245974044499,54
1412,0,2304,1106,1198,0,0,0,1.0,1,1.0,1,1.0,1,0.2816162006286198,53
1413,1,2305,1106,1199,0,0,0,1.0,1,1.0,1,1.0,1,0.2650230521045821,54
1414,0,2305,1106,1199,0,0,0,1.0,1,1.0,1,1.0,1,0.27768085264966763,55
1415,1,2306,1107,1199,0,0,0,1.0,1,1.0,1,1.0,1,0.25585128656951117,57
1416,6,2312,1108,1204,0,0,0,1.0,1,1.0,1,1.0,1,0.23553465909345406,59
1417,0,2312,1108,1204,0,0,0,1.0,1,1.0,1,1.0,1,0.22497125713793983,58
1418,3,2315,1110,1205,0,0,0,1.0,1,1.0,1,1.0,1,0.22564517926364575,57
1419,3,2318,1111,1207,0,0,0,1.0,1,1.0,1,1.0,1,0.24018251855209286,56
1420,0,2318,1111,1207,0,0,0,1.0,1,1.0,1,1.0,1,0.23063368356850758,54
1421,2,2320,1112,1208,0,0,0,1.0,1,1.0,1,1.0,1,0.22604243929305715,55
1422,0,2320,1112,1208,0,0,0,1.0,1,1.0,1,1.0,1,0.19757358062673916,52
1423,1,2321,1113,1208,0,0,0,1.0,1,1.0,1,1.0,1,0.1995772693577689,52
1424,5,2326,1118,1208,0,0,0,1.0,1,1.0,1,1.0,1,0.26420705422790025,51
1425,0,2326,1118,1208,0,0,0,1.0,1,1.0,1,1.0,1,0.2659238075771537,50
1426,6,2332,1121,1211,0,0,0,1.0,1,1.0,1,1.0,1,0.2637056938582685,50
1427,2,2334,1121,1213,0,0,0,1.0,1,1.0,1,1.0,1,0.22356822479201377,48
1428,4,2338,1124,1214,0,0,0,1.0,1,1.0,1,1.0,1,0.24092990352295846,48
1429,0,2338,1124,1214,0,0,0,1.0,1,1.0,1,1.0,1,0.2488761842599592,48
1430,1,2339,1124,1215,0,0,0,1.0,1,1.0,1,1.0,1,0.2440249789914137,48
1431,4,2343,1124,1219,0,0,0,1.0,1,1.0,1,1.0,1,0.18316832312439668,48
1432,1,2344,1125,1219,0,0,0,1.0,1,1.0,1,1.0,1,0.1562056559250522,50
1433,0,2344,1125,1219,0,0,0,1.0,1,1.0,1,1.0,1,0.16366047335867276,51
1434,2,2346,1127,1219,0,0,0,1.0,1,1.0,1,1.0,1,0.16834568644610073,51
1435,5,2351,1130,1221,0,0,0,1.0,1,1.0,1,1.0,1,0.17527792907478643,50
1436,2,2353,1131,1222,0,0,0,1.0,1,1.0,1,1.0,1,0.18767497263625066,51
1437,1,2354,1131,1223,0,0,0,1.0,1,1.0,1,1.0,1,0.17609310779330245,51
1438,2,2356,1133,1223,0,0,0,1.0,1,1.0,1,1.0,1,0.18846981261180887,51
1439,2,2358,1135,1223,0,0,0,1.0,1,1.0,1,1.0,1,0.21227861550097282,50
1440,5,2363,1136,1227,0,0,0,1.0,1,1.0,1,1.0,1,0.20260369062969974,51
1441,1,2364,1136,1228,0,0,0,1.0,1,1.0,1,1.0,1,0.18458494224780478,51
1442,4,2368,1138,1230,0,0,0,1.0,1,1.0,1,1.0,1,0.18756995918991165,52
1443,2,2370,1138,1232,0,0,0,1.0,1,1.0,1,1.0,1,0.18648886696721192,53
1444,5,2375,1139,1236,0,0,0,1.0,1,1.0,1,1.0,1,0.1494796668436271,54
1445,0,2375,1139,1236,0,0,0,1.0,1,1.0,1,1.0,1,0.1494796668436271,54
1446,2,2377,1139,1238,0,0,0,1.0,1,1.0,1,1.0,1,0.13638707282165274,54
1447,0,2377,1139,1238,0,0,0,1.0,1,1.0,1,1.0,1,0.1282704807051547,55
1448,1,2378,1139,1239,0,0,0,1.0,1,1.0,1,1.0,1,0.11105022401298464,55
1449,0,2378,1139,1239,0,0,0,1.0,1,1.0,1,1.0,1,0.11105022401298464,55
1450,0,2378,1139,1239,0,0,0,1.0,1,1.0,1,1.0,1,0.11217253688914232,57
1451,0,2378,1139,1239,0,0,0,1.0,1,1.0,1,1.0,1,0.11217253688914232,57
1452,0,2378,1139,1239,0,0,0,1.0,1,1.0,1,1.0,1,0.11217253688914232,57
1453,1,2379,1140,1239,0,0,0,1.0,1,1.0,1,1.0,1,0.14754252833979783,57
1454,3,2382,1142,1240,0,0,0,1.0,1,1.0,1,1.0,1,0.1935994630279223,58
1455,2,2384,1142,1242,0,0,0,1.0,1,1.0,1,1.0,1,0.15397451418745456,56
1456,2,2386,1143,1243,0,0,0,1.0,1,1.0,1,1.0,1,0.14659117439501002,55
1457,0,2386,1143,1243,0,0,0,1.0,1,1.0,1,1.0,1,0.16659301634848114,54
1458,2,2388,1144,1244,0,0,0,1.0,1,1.0,1,1.0,1,0.17651722310479956,53
1459,2,2390,1144,1246,0,0,0,1.0,1,1.0,1,1.0,1,0.15576938233668713,52
1460,0,2390,1144,1246,0,0,0,1.0,1,1.0,1,1.0,1,0.1488015226558146,51
1461,4,2394,1147,1247,0,0,0,1.0,1,1.0,1,1.0,1,0.14229800742825646,51
1462,2,2396,1149,1247,0,0,0,1.0,1,1.0,1,1.0,1,0.1114676154605497,51
1463,4,2400,1152,1248,0,0,0,1.0,1,1.0,1,1.0,1,0.19429636216524218,52
1464,3,2403,1155,1248,0,0,0,1.0,1,1.0,1,1.0,1,0.20525849093646018,52
1465,1,2404,1156,1248,0,0,0,1.0,1,1.0,1,1.0,1,0.21749562782329984,51
1466,7,2411,1160,1251,0,0,0,1.0,1,1.0,1,1.0,1,0.18718427564766452,50
1467,2,2413,1162,1251,0,0,0,1.0,1,1.0,1,1.0,1,0.2212772741694645,48
1468,3,2416,1164,1252,0,0,0,1.0,1,1.0,1,1.0,1,0.19717741724591645,48
1469,3,2419,1165,1254,0,0,0,1.0,1,1.0,1,1.0,1,0.22516279300579015,48
1470,2,2421,1166,1255,0,0,0,1.0,1,1.0,1,1.0,1,0.20818846357910323,48
1471,4,2425,1167,1258,0,0,0,1.0,1,1.0,1,1.0,1,0.19432940462184925,45
1472,0,2425,1167,1258,0,0,0,1.0,1,1.0,1,1.0,1,0.19660937392761133,45
1473,1,2426,1168,1258,0,0,0,1.0,1,1.0,1,1.0,1,0.19915855257039375,46
1474,0,2426,1168,1258,0,0,0,1.0,1,1.0,1,1.0,1,0.22242209374506053,46
1475,1,2427,1169,1258,0,0,0,1.0,1,1.0,1,1.0,1,0.23818115343238244,46
1476,6,2433,1170,1263,0,0,0,1.0,1,1.0,1,1.0,1,0.19584259321389658,47
1477,1,2434,1171,1263,0,0,0,1.0,1,1.0,1,1.0,1,0.19599936384167452,47
1478,1,2435,1171,1264,0,0,0,1.0,1,1.0,1,1.0,1,0.21650471200090685,47
1479,1,2436,1171,1265,0,0,0,1.0,1,1.0,1,1.0,1,0.20119059939071296,48
1480,1,2437,1172,1265,0,0,0,1.0,1,1.0,1,1.0,1,0.1944667147067486,47
1481,1,2438,1173,1265,0,0,0,1.0,1,1.0,1,1.0,1,0.21550086583048333,47
1482,2,2440,1175,1265,0,0,0,1.0,1,1.0,1,1.0,1,0.2410155406638521,46
1483,3,2443,1175,1268,0,0,0,1.0,1,1.0,1,1.0,1,0.22390669203859737,47
1484,1,2444,1176,1268,0,0,0,1.0,1,1.0,1,1.0,1,0.23107781370828165,47
1485,0,2444,1176,1268,0,0,0,1.0,1,1.0,1,1.0,1,0.27833129217127744,47
1486,4,2448,1176,1272,0,0,0,1.0,1,1.0,1,1.0,1,0.21553208692513817,49
1487,3,2451,1179,1272,0,0,0,1.0,1,1.0,1,1.0,1,0.19608116657632876,49
1488,1,2452,1180,1272,0,0,0,1.0,1,1.0,1,1.0,1,0.20563935870771508,51
1489,2,2454,1181,1273,0,0,0,1.0,1,1.0,1,1.0,1,0.17727970607977345,52
1490,6,2460,1183,1277,0,0,0,1.0,1,1.0,1,1.0,1,0.12112099765033493,52
1491,3,2463,1186,1277,0,0,0,1.0,1,1.0,1,1.0,1,0.16524941128605902,53
1492,5,2468,1189,1279,0,0,0,1.0,1,1.0,1,1.0,1,0.1904851585200158,53
1493,0,2468,1189,1279,0,0,0,1.0,1,1.0,1,1.0,1,0.14291326265302934,52
1494,2,2470,1191,1279,0,0,0,1.0,1,1.0,1,1.0,1,0.1325001615672862,50
1495,1,2471,1192,1279,0,0,0,1.0,1,1.0,1,1.0,1,0.13791558101266907,50
1496,3,2474,1193,1281,0,0,0,1.0,1,1.0,1,1.0,1,0.1493479897837429,52
1497,1,2475,1194,1281,0,0,0,1.0,1,1.0,1,1.0,1,0.16873906478847744,51
1498,1,2476,1195,1281,0,0,0,1.0,1,1.0,1,1.0,1,0.1822964962860059,50
1499,0,2476,1195,1281,0,0,0,1.0,1,1.0,1,1.0,1,0.17905850347191826,50
1500,1,2477,1196,1281,0,0,0,1.0,1,1.0,1,1.0,1,0.2037704985561927,49
1501,0,2477,1196,1281,0,0,0,1.0,1,1.0,1,1.0,1,0.22120933328633846,47
1502,4,2481,1199,1282,0,0,0,1.0,1,1.0,1,1.0,1,0.25837346430764746,47
1503,0,2481,1199,1282,0,0,0,1.0,1,1.0,1,1.0,1,0.22850617793643876,47
1504,1,2482,1200,1282,0,0,0,1.0,1,1.0,1,1.0,1,0.23690313109567177,48
1505,5,2487,1203,1284,0,0,0,1.0,1,1.0,1,1.0,1,0.23108340308544198,47
1506,2,2489,1205,1284,0,0,0,1.0,1,1.0,1,1.0,1,0.23706820835516024,47
1507,2,2491,1207,1284,0,0,0,1.0,1,1.0,1,1.0,1,0.25765150627938305,45
1508,1,2492,1208,1284,0,0,0,1.0,1,1.0,1,1.0,1,0.2476450539953756,45
1509,3,2495,1211,1284,0,0,0,1.0,1,1.0,1,1.0,1,0.2663846965234741,44
1510,2,2497,1213,1284,0,0,0,1.0,1,1.0,1,1.0,1,0.3401486762370368,42
1511,2,2499,1213,1286,0,0,0,1.0,1,1.0,1,1.0,1,0.3058584750315679,40
1512,3,2502,1216,1286,0,0,0,1.0,1,1.0,1,1.0,1,0.3678852372248425,39
1513,2,2504,1216,1288,0,0,0,1.0,1,1.0,1,1.0,1,0.3198532292676562,39
1514,1,2505,1216,1289,0,0,0,1.0,1,1.0,1,1.0,1,0.2842517242726138,38
1515,1,2506,1216,1290,0,0,0,1.0,1,1.0,1,1.0,1,0.2710300278233432,39
1516,1,2507,1216,1291,0,0,0,1.0,1,1.0,1,1.0,1,0.24799406455920137,39
1517,2,2509,1217,1292,0,0,0,1.0,1,1.0,1,1.0,1,0.236547086223332,39
1518,3,2512,1218,1294,0,0,0,1.0,1,1.0,1,1.0,1,0.21735727534223645,39
1519,0,2512,1218,1294,0,0,0,1.0,1,1.0,1,1.0,1,0.21735727534223645,39
1520,2,2514,1219,1295,0,0,0,1.0,1,1.0,1,1.0,1,0.24655560413904914,39
1521,1,2515,1220,1295,0,0,0,1.0,1,1.0,1,1.0,1,0.2684691104857448,40
1522,1,2516,1221,1295,0,0,0,1.0,1,1.0,1,1.0,1,0.2788275535473069,40
1523,2,2518,1221,1297,0,0,0,1.0,1,1.0,1,1.0,1,0.23083466588115695,41
1524,1,2519,1222,1297,0,0,0,1.0,1,1.0,1,1.0,1,0.26940914437482505,42
1525,1,2520,1223,1297,0,0,0,1.0,1,1.0,1,1.0,1,0.2847213117853603,45
1526,2,2522,1223,1299,0,0,0,1.0,1,1.0,1,1.0,1,0.23696691816150126,46
1527,0,2522,1223,1299,0,0,0,1.0,1,1.0,1,1.0,1,0.23696691816150126,46
1528,0,2522,1223,1299,0,0,0,1.0,1,1.0,1,1.0,1,0.24458115652094095,47
1529,1,2523,1223,1300,0,0,0,1.0,1,1.0,1,1.0,1,0.21053348022546628,47
1530,2,2525,1223,1302,0,0,0,1.0,1,1.0,1,1.0,1,0.19441864357756408,48
1531,0,2525,1223,1302,0,0,0,1.0,1,1.0,1,1.0,1,0.2107803749223906,46
1532,1,2526,1223,1303,0,0,0,1.0,1,1.0,1,1.0,1,0.19761988035513872,47
1533,0,2526,1223,1303,0,0,0,1.0,1,1.0,1,1.0,1,0.19591805515011818,46
1534,0,2526,1223,1303,0,0,0,1.0,1,1.0,1,1.0,1,0.1986594978034141,47
1535,2,2528,1224,1304,0,0,0,1.0,1,1.0,1,1.0,1,0.1810258181353023,47
1536,1,2529,1224,1305,0,0,0,1.0,1,1.0,1,1.0,1,0.1817342149786729,48
1537,0,2529,1224,1305,0,0,0,1.0,1,1.0,1,1.0,1,0.18156970037149903,46
1538,0,2529,1224,1305,0,0,0,1.0,1,1.0,1,1.0,1,0.1928638055600608,47
1539,1,2530,1224,1306,0,0,0,1.0,1,1.0,1,1.0,1,0.21334011434778397,47
1540,4,2534,1226,1308,0,0,0,1.0,1,1.0,1,1.0,1,0.19300701690573135,47
1541,1,2535,1226,1309,0,0,0,1.0,1,1.0,1,1.0,1,0.18308182503915615,47
1542,4,2539,1229,1310,0,0,0,1.0,1,1.0,1,1.0,1,0.2435175678945063,50
1543,5,2544,1232,1312,0,0,0,1.0,1,1.0,1,1.0,1,0.25304815026969707,47
1544,5,2549,1235,1314,0,0,0,1.0,1,1.0,1,1.0,1,0.2523954281470059,48
1545,1,2550,1236,1314,0,0,0,1.0,1,1.0,1,1.0,1,0.24498673125497433,47
1546,5,2555,1237,1318,0,0,0,1.0,1,1.0,1,1.0,1,0.19751611755440357,47
1547,2,2557,1238,1319,0,0,0,1.0,1,1.0,1,1.0,1,0.1876775057919973,47
1548,3,2560,1241,1319,0,0,0,1.0,1,1.0,1,1.0,1,0.2081101556852438,47
1549,4,2564,1245,1319,0,0,0,1.0,1,1.0,1,1.0,1,0.21343067767829293,46
1550,5,2569,1248,1321,0,0,0,1.0,1,1.0,1,1.0,1,0.2078308313653354,44
1551,4,2573,1249,1324,0,0,0,1.0,1,1.0,1,1.0,1,0.18625039080237957,45
1552,4,2577,1252,1325,0,0,0,1.0,1,1.0,1,1.0,1,0.24106250571048632,43
1553,3,2580,1253,1327,0,0,0,1.0,1,1.0,1,1.0,1,0.23597264146479097,43
1554,0,2580,1253,1327,0,0,0,1.0,1,1.0,1,1.0,1,0.26903360463538184,41
1555,2,2582,1253,1329,0,0,0,1.0,1,1.0,1,1.0,1,0.24715193265414448,44
1556,2,2584,1254,1330,0,0,0,1.0,1,1.0,1,1.0,1,0.22893406975832295,45
1557,0,2584,1254,1330,0,0,0,1.0,1,1.0,1,1.0,1,0.22893406975832295,45
1558,1,2585,1254,1331,0,0,0,1.0,1,1.0,1,1.0,1,0.23645484607986816,46
1559,1,2586,1254,1332,0,0,0,1.0,1,1.0,1,1.0,1,0.21629687334959152,47
1560,2,2588,1256,1332,0,0,0,1.0,1,1.0,1,1.0,1,0.17943482576448982,46
1561,1,2589,1256,1333,0,0,0,1.0,1,1.0,1,1.0,1,0.15996521273075034,47
1562,0,2589,1256,1333,0,0,0,1.0,1,1.0,1,1.0,1,0.16958279064525916,47
1563,0,2589,1256,1333,0,0,0,1.0,1,1.0,1,1.0,1,0.16958279064525916,47
1564,0,2589,1256,1333,0,0,0,1.0,1,1.0,1,1.0,1,0.16958279064525916,47
1565,0,2589,1256,1333,0,0,0,1.0,1,1.0,1,1.0,1,0.21333128057932563,48
1566,1,2590,1257,1333,0,0,0,1.0,1,1.0,1,1.0,1,0.21815845793676705,48
1567,2,2592,1257,1335,0,0,0,1.0,1,1.0,1,1.0,1,0.2254864218627545,48
1568,3,2595,1260,1335,0,0,0,1.0,1,1.0,1,1.0,1,0.2705839271710597,48
1569,0,2595,1260,1335,0,0,0,1.0,1,1.0,1,1.0,1,0.2455735475415726,45
1570,1,2596,1261,1335,0,0,0,1.0,1,1.0,1,1.0,1,0.26238549396464134,44
1571,3,2599,1263,1336,0,0,0,1.0,1,1.0,1,1.0,1,0.24659536594617742,42
1572,6,2605,1264,1341,0,0,0,1.0,1,1.0,1,1.0,1,0.18322151446207927,43
1573,1,2606,1264,1342,0,0,0,1.0,1,1.0,1,1.0,1,0.16377891877309703,43
1574,3,2609,1266,1343,0,0,0,1.0,1,1.0,1,1.0,1,0.1718018162074748,42
1575,2,2611,1268,1343,0,0,0,1.0,1,1.0,1,1.0,1,0.20682252846606652,43
1576,5,2616,1271,1345,0,0,0,1.0,1,1.0,1,1.0,1,0.20620464837714872,41
1577,1,2617,1272,1345,0,0,0,1.0,1,1.0,1,1.0,1,0.22849867566739057,40
1578,0,2617,1272,1345,0,0,0,1.0,1,1.0,1,1.0,1,0.21975718303844013,40
1579,0,2617,1272,1345,0,0,0,1.0,1,1.0,1,1.0,1,0.21877551795558747,40
1580,0,2617,1272,1345,0,0,0,1.0,1,1.0,1,1.0,1,0.21877551795558747,40
1581,2,2619,1273,1346,0,0,0,1.0,1,1.0,1,1.0,1,0.21694778337460208,40
1582,6,2625,1276,1349,0,0,0,1.0,1,1.0,1,1.0,1,0.21973183706501717,40
1583,2,2627,1278,1349,0,0,0,1.0,1,1.0,1,1.0,1,0.24594078748006526,38
1584,5,2632,1282,1350,0,0,0,1.0,1,1.0,1,1.0,1,0.2919941867617997,39
1585,6,2638,1285,1353,0,0,0,1.0,1,1.0,1,1.0,1,0.20902963705132552,38
1586,3,2641,1287,1354,0,0,0,1.0,1,1.0,1,1.0,1,0.1889653024422318,38
1587,2,2643,1289,1354,0,0,0,1.0,1,1.0,1,1.0,1,0.20634573952806037,37
1588,2,2645,1290,1355,0,0,0,1.0,1,1.0,1,1.0,1,0.20196159926424323,39
1589,2,2647,1292,1355,0,0,0,1.0,1,1.0,1,1.0,1,0.21568255548590898,37
1590,2,2649,1294,1355,0,0,0,1.0,1,1.0,1,1.0,1,0.2580398490084733,37
1591,4,2653,1295,1358,0,0,0,1.0,1,1.0,1,1.0,1,0.22469889874485788,36
1592,0,2653,1295,1358,0,0,0,1.0,1,1.0,1,1.0,1,0.26781212399657844,34
1593,0,2653,1295,1358,0,0,0,1.0,1,1.0,1,1.0,1,0.30108708572937587,33
1594,0,2653,1295,1358,0,0,0,1.0,1,1.0,1,1.0,1,0.34360959959263304,31
1595,3,2656,1296,1360,0,0,0,1.0,1,1.0,1,1.0,1,0.28270251753521003,34
1596,1,2657,1296,1361,0,0,0,1.0,1,1.0,1,1.0,1,0.26469279501107323,33
1597,0,2657,1296,1361,0,0,0,1.0,1,1.0,1,1.0,1,0.26469279501107323,33
1598,0,2657,1296,1361,0,0,0,1.0,1,1.0,1,1.0,1,0.22890580074059033,33
1599,0,2657,1296,1361,0,0,0,1.0,1,1.0,1,1.0,1,0.22890580074059033,33
1600,2,2659,1297,1362,0,0,0,1.0,1,1.0,1,1.0,1,0.2184079010991849,34
1601,2,2661,1298,1363,0,0,0,1.0,1,1.0,1,1.0,1,0.22222198026685153,35
1602,1,2662,1298,1364,0,0,0,1.0,1,1.0,1,1.0,1,0.1677088561863856,36
1603,1,2663,1299,1364,0,0,0,1.0,1,1.0,1,1.0,1,0.22609610193096827,38
1604,0,2663,1299,1364,0,0,0,1.0,1,1.0,1,1.0,1,0.22609610193096827,38
1605,0,2663,1299,1364,0,0,0,1.0,1,1.0,1,1.0,1,0.22609610193096827,38
1606,5,2668,1301,1367,0,0,0,1.0,1,1.0,1,1.0,1,0.25515968061370436,39
1607,2,2670,1302,1368,0,0,0,1.0,1,1.0,1,1.0,1,0.288496494045513,37
1608,4,2674,1305,1369,0,0,0,1.0,1,1.0,1,1.0,1,0.33720861232445315,36
1609,0,2674,1305,1369,0,0,0,1.0,1,1.0,1,1.0,1,0.3100497102828606,34
1610,1,2675,1306,1369,0,0,0,1.0,1,1.0,1,1.0,1,0.31219559493888754,34
1611,6,2681,1308,1373,0,0,0,1.0,1,1.0,1,1.0,1,0.24443073158353576,35
1612,1,2682,1308,1374,0,0,0,1.0,1,1.0,1,1.0,1,0.24745692832289304,33
1613,0,2682,1308,1374,0,0,0,1.0,1,1.0,1,1.0,1,0.2549599449628069,34
1614,2,2684,1309,1375,0,0,0,1.0,1,1.0,1,1.0,1,0.19255453013472737,35
1615,0,2684,1309,1375,0,0,0,1.0,1,1.0,1,1.0,1,0.19255453013472737,35
1616,2,2686,1309,1377,0,0,0,1.0,1,1.0,1,1.0,1,0.16321295612088207,37
1617,1,2687,1310,1377,0,0,0,1.0,1,1.0,1,1.0,1,0.197904083635428,38
1618,2,2689,1311,1378,0,0,0,1.0,1,1.0,1,1.0,1,0.19770047026979137,38
1619,0,2689,1311,1378,0,0,0,1.0,1,1.0,1,1.0,1,0.20320694308634032,38
1620,4,2693,1313,1380,0,0,0,1.0,1,1.0,1,1.0,1,0.20310290666931002,39
1621,1,2694,1314,1380,0,0,0,1.0,1,1.0,1,1.0,1,0.20601691825565382,37
1622,0,2694,1314,1380,0,0,0,1.0,1,1.0,1,1.0,1,0.23702063859886793,37
1623,1,2695,1315,1380,0,0,0,1.0,1,1.0,1,1.0,1,0.24880263663866017,37
1624,2,2697,1316,1381,0,0,0,1.0,1,1.0,1,1.0,1,0.2153084906288291,37
1625,1,2698,1317,1381,0,0,0,1.0,1,1.0,1,1.0,1,0.2687529100306277,35
1626,1,2699,1318,1381,0,0,0,1.0,1,1.0,1,1.0,1,0.3044416751539029,35
1627,1,2700,1319,1381,0,0,0,1.0,1,1.0,1,1.0,1,0.2950464753801681,34
1628,3,2703,1321,1382,0,0,0,1.0,1,1.0,1,1.0,1,0.3543058395570853,35
1629,4,2707,1324,1383,0,0,0,1.0,1,1.0,1,1.0,1,0.38879641515612046,34
1630,1,2708,1324,1384,0,0,0,1.0,1,1.0,1,1.0,1,0.3228917570318457,32
1631,1,2709,1324,1385,0,0,0,1.0,1,1.0,1,1.0,1,0.2984422372533145,33
1632,0,2709,1324,1385,0,0,0,1.0,1,1.0,1,1.0,1,0.2931649244029314,32
1633,0,2709,1324,1385,0,0,0,1.0,1,1.0,1,1.0,1,0.2814035159927965,31
1634,0,2709,1324,1385,0,0,0,1.0,1,1.0,1,1.0,1,0.2814035159927965,31
1635,1,2710,1324,1386,0,0,0,1.0,1,1.0,1,1.0,1,0.27580714172282256,31
1636,2,2712,1325,1387,0,0,0,1.0,1,1.0,1,1.0,1,0.28737674496702253,33
1637,0,2712,1325,1387,0,0,0,1.0,1,1.0,1,1.0,1,0.28737674496702253,33
1638,0,2712,1325,1387,0,0,0,1.0,1,1.0,1,1.0,1,0.3040294890220589,36
1639,0,2712,1325,1387,0,0,0,1.0,1,1.0,1,1.0,1,0.3040294890220589,36
1640,1,2713,1326,1387,0,0,0,1.0,1,1.0,1,1.0,1,0.3269033600164332,36
1641,2,2715,1327,1388,0,0,0,1.0,1,1.0,1,1.0,1,0.300805146777949,38
1642,3,2718,1329,1389,0,0,0,1.0,1,1.0,1,1.0,1,0.29326217816574884,37
1643,2,2720,1331,1389,0,0,0,1.0,1,1.0,1,1.0,1,0.30930991974862804,37
1644,3,2723,1333,1390,0,0,0,1.0,1,1.0,1,1.0,1,0.3723631167527456,38
1645,0,2723,1333,1390,0,0,0,1.0,1,1.0,1,1.0,1,0.380827755105449,36
1646,2,2725,1333,1392,0,0,0,1.0,1,1.0,1,1.0,1,0.33566560174133514,37
1647,1,2726,1334,1392,0,0,0,1.0,1,1.0,1,1.0,1,0.4079460063283126,35
1648,2,2728,1334,1394,0,0,0,1.0,1,1.0,1,1.0,1,0.3799561702230938,38
1649,1,2729,1335,1394,0,0,0,1.0,1,1.0,1,1.0,1,0.3721487497074453,35
1650,0,2729,1335,1394,0,0,0,1.0,1,1.0,1,1.0,1,0.3900285485781498,34
1651,0,2729,1335,1394,0,0,0,1.0,1,1.0,1,1.0,1,0.42250280215110486,32
1652,0,2729,1335,1394,0,0,0,1.0,1,1.0,1,1.0,1,0.42975930918752897,33
1653,0,2729,1335,1394,0,0,0,1.0,1,1.0,1,1.0,1,0.42975930918752897,33
1654,1,2730,1335,1395,0,0,0,1.0,1,1.0,1,1.0,1,0.4099409395662157,34
1655,4,2734,1335,1399,0,0,0,1.0,1,1.0,1,1.0,1,0.3514902487507112,35
1656,2,2736,1335,1401,0,0,0,1.0,1,1.0,1,1.0,1,0.3147511237701985,35
1657,3,2739,1335,1404,0,0,0,1.0,1,1.0,1,1.0,1,0.2729858886471353,36
1658,2,2741,1337,1404,0,0,0,1.0,1,1.0,1,1.0,1,0.25761269242370616,36
1659,1,2742,1337,1405,0,0,0,1.0,1,1.0,1,1.0,1,0.23376255075794605,36
1660,4,2746,1340,1406,0,0,0,1.0,1,1.0,1,1.0,1,0.24715281803813807,38
1661,1,2747,1340,1407,0,0,0,1.0,1,1.0,1,1.0,1,0.21305744825735756,38
1662,3,2750,1343,1407,0,0,0,1.0,1,1.0,1,1.0,1,0.23268426640436612,39
1663,1,2751,1344,1407,0,0,0,1.0,1,1.0,1,1.0,1,0.2458992765693565,40
1664,3,2754,1346,1408,0,0,0,1.0,1,1.0,1,1.0,1,0.27150920492154673,39
1665,5,2759,1347,1412,0,0,0,1.0,1,1.0,1,1.0,1,0.23281749599211388,40
1666,3,2762,1347,1415,0,0,0,1.0,1,1.0,1,1.0,1,0.19634521944579386,40
1667,2,2764,1349,1415,0,0,0,1.0,1,1.0,1,1.0,1,0.21036980801044847,40
1668,0,2764,1349,1415,0,0,0,1.0,1,1.0,1,1.0,1,0.2117693150928904,41
1669,0,2764,1349,1415,0,0,0,1.0,1,1.0,1,1.0,1,0.19879155206623533,40
1670,2,2766,1351,1415,0,0,0,1.0,1,1.0,1,1.0,1,0.1638103169499097,40
1671,1,2767,1351,1416,0,0,0,1.0,1,1.0,1,1.0,1,0.1742621547008155,41
1672,2,2769,1353,1416,0,0,0,1.0,1,1.0,1,1.0,1,0.22445515110996261,40
1673,1,2770,1354,1416,0,0,0,1.0,1,1.0,1,1.0,1,0.24734935813898656,39
1674,2,2772,1355,1417,0,0,0,1.0,1,1.0,1,1.0,1,0.26793069525490726,40
1675,0,2772,1355,1417,0,0,0,1.0,1,1.0,1,1.0,1,0.26885144501012753,38
1676,2,2774,1355,1419,0,0,0,1.0,1,1.0,1,1.0,1,0.20963417123330708,39
1677,0,2774,1355,1419,0,0,0,1.0,1,1.0,1,1.0,1,0.2098711415737816,39
1678,0,2774,1355,1419,0,0,0,1.0,1,1.0,1,1.0,1,0.2098711415737816,39
1679,1,2775,1356,1419,0,0,0,1.0,1,1.0,1,1.0,1,0.21694870005220868,39
1680,2,2777,1356,1421,0,0,0,1.0,1,1.0,1,1.0,1,0.16953075685369146,41
1681,1,2778,1357,1421,0,0,0,1.0,1,1.0,1,1.0,1,0.19215878180595475,41
1682,4,2782,1358,1424,0,0,0,1.0,1,1.0,1,1.0,1,0.1687217555445207,43
1683,5,2787,1363,1424,0,0,0,1.0,1,1.0,1,1.0,1,0.24737363212382485,43
1684,2,2789,1364,1425,0,0,0,1.0,1,1.0,1,1.0,1,0.20414340321305824,42
1685,3,2792,1364,1428,0,0,0,1.0,1,1.0,1,1.0,1,0.17772919127675957,41
1686,4,2796,1366,1430,0,0,0,1.0,1,1.0,1,1.0,1,0.2136871502497184,41
1687,0,2796,1366,1430,0,0,0,1.0,1,1.0,1,1.0,1,0.19846884309219695,40
1688,3,2799,1369,1430,0,0,0,1.0,1,1.0,1,1.0,1,0.26528443792782475,39
1689,1,2800,1370,1430,0,0,0,1.0,1,1.0,1,1.0,1,0.31520185462985895,38
1690,0,2800,1370,1430,0,0,0,1.0,1,1.0,1,1.0,1,0.30904935228019453,38
1691,3,2803,1371,1432,0,0,0,1.0,1,1.0,1,1.0,1,0.2939383759468365,36
1692,1,2804,1372,1432,0,0,0,1.0,1,1.0,1,1.0,1,0.3003203810987208,36
1693,1,2805,1373,1432,0,0,0,1.0,1,1.0,1,1.0,1,0.30154745984971154,35
1694,0,2805,1373,1432,0,0,0,1.0,1,1.0,1,1.0,1,0.31100400737986006,33
1695,1,2806,1373,1433,0,0,0,1.0,1,1.0,1,1.0,1,0.3166753416126032,34
1696,2,2808,1373,1435,0,0,0,1.0,1,1.0,1,1.0,1,0.2886288228363534,35
1697,0,2808,1373,1435,0,0,0,1.0,1,1.0,1,1.0,1,0.27355078026871477,36
1698,2,2810,1375,1435,0,0,0,1.0,1,1.0,1,1.0,1,0.33027920953844164,38
1699,1,2811,1376,1435,0,0,0,1.0,1,1.0,1,1.0,1,0.3542881399048815,38
1700,4,2815,1376,1439,0,0,0,1.0,1,1.0,1,1.0,1,0.26499086597452615,39
1701,2,2817,1376,1441,0,0,0,1.0,1,1.0,1,1.0,1,0.22794998782017525,40
1702,3,2820,1379,1441,0,0,0,1.0,1,1.0,1,1.0,1,0.2558598283966862,41
1703,3,2823,1380,1443,0,0,0,1.0,1,1.0,1,1.0,1,0.25404231726840976,41
1704,6,2829,1384,1445,0,0,0,1.0,1,1.0,1,1.0,1,0.2651454173013951,41
1705,1,2830,1384,1446,0,0,0,1.0,1,1.0,1,1.0,1,0.20744152545462188,40
1706,0,2830,1384,1446,0,0,0,1.0,1,1.0,1,1.0,1,0.20744152545462188,40
1707,1,2831,1385,1446,0,0,0,1.0,1,1.0,1,1.0,1,0.19092804815221928,39
1708,0,2831,1385,1446,0,0,0,1.0,1,1.0,1,1.0,1,0.19092804815221928,39
1709,1,2832,1386,1446,0,0,0,1.0,1,1.0,1,1.0,1,0.18913551598616107,38
1710,4,2836,1389,1447,0,0,0,1.0,1,1.0,1,1.0,1,0.24754716841593102,39
1711,1,2837,1389,1448,0,0,0,1.0,1,1.0,1,1.0,1,0.23887519105909225,38
1712,0,2837,1389,1448,0,0,0,1.0,1,1.0,1,1.0,1,0.23887519105909225,38
1713,0,2837,1389,1448,0,0,0,1.0,1,1.0,1,1.0,1,0.2670562310149144,37
1714,0,2837,1389,1448,0,0,0,1.0,1,1.0,1,1.0,1,0.2815051051611596,38
1715,2,2839,1390,1449,0,0,0,1.0,1,1.0,1,1.0,1,0.26373370935948226,40
1716,0,2839,1390,1449,0,0,0,1.0,1,1.0,1,1.0,1,0.2734018739759142,39
1717,2,2841,1392,1449,0,0,0,1.0,1,1.0,1,1.0,1,0.26130327320837976,38
1718,1,2842,1392,1450,0,0,0,1.0,1,1.0,1,1.0,1,0.28537027070345683,38
1719,1,2843,1393,1450,0,0,0,1.0,1,1.0,1,1.0,1,0.30210202259361574,38
1720,2,2845,1393,1452,0,0,0,1.0,1,1.0,1,1.0,1,0.2694231671329648,41
1721,1,2846,1393,1453,0,0,0,1.0,1,1.0,1,1.0,1,0.22522271656958606,39
1722,1,2847,1394,1453,0,0,0,1.0,1,1.0,1,1.0,1,0.24650267808920096,40
1723,3,2850,1397,1453,0,0,0,1.0,1,1.0,1,1.0,1,0.2472214324996002,38
1724,0,2850,1397,1453,0,0,0,1.0,1,1.0,1,1.0,1,0.25816667736326987,37
1725,1,2851,1397,1454,0,0,0,1.0,1,1.0,1,1.0,1,0.2625117159467085,38
1726,1,2852,1397,1455,0,0,0,1.0,1,1.0,1,1.0,1,0.20168677245759126,37
1727,0,2852,1397,1455,0,0,0,1.0,1,1.0,1,1.0,1,0.20168677245759126,37
1728,0,2852,1397,1455,0,0,0,1.0,1,1.0,1,1.0,1,0.19504280369725177,35
1729,1,2853,1398,1455,0,0,0,1.0,1,1.0,1,1.0,1,0.20407866591722174,37
1730,1,2854,1399,1455,0,0,0,1.0,1,1.0,1,1.0,1,0.2803574315451731,37
1731,1,2855,1399,1456,0,0,0,1.0,1,1.0,1,1.0,1,0.262756464830277,37
1732,2,2857,1399,1458,0,0,0,1.0,1,1.0,1,1.0,1,0.28001792581230134,37
1733,2,2859,1401,1458,0,0,0,1.0,1,1.0,1,1.0,1,0.2701209879701916,36
1734,0,2859,1401,1458,0,0,0,1.0,1,1.0,1,1.0,1,0.2910705930056194,35
1735,2,2861,1403,1458,0,0,0,1.0,1,1.0,1,1.0,1,0.31177604754294547,34
1736,2,2863,1403,1460,0,0,0,1.0,1,1.0,1,1.0,1,0.2650199773064929,35
1737,2,2865,1405,1460,0,0,0,1.0,1,1.0,1,1.0,1,0.26562654904702165,36
1738,2,2867,1405,1462,0,0,0,1.0,1,1.0,1,1.0,1,0.23949963387524048,37
1739,1,2868,1406,1462,0,0,0,1.0,1,1.0,1,1.0,1,0.2198036366090523,38
1740,0,2868,1406,1462,0,0,0,1.0,1,1.0,1,1.0,1,0.2325915336670245,37
1741,2,2870,1407,1463,0,0,0,1.0,1,1.0,1,1.0,1,0.22099024264270387,38
1742,5,2875,1410,1465,0,0,0,1.0,1,1.0,1,1.0,1,0.2849070258085764,39
1743,2,2877,1412,1465,0,0,0,1.0,1,1.0,1,1.0,1,0.27871896077473224,37
1744,2,2879,1414,1465,0,0,0,1.0,1,1.0,1,1.0,1,0.3142578059955334,38
1745,2,2881,1415,1466,0,0,0,1.0,1,1.0,1,1.0,1,0.28456480298607145,37
1746,2,2883,1415,1468,0,0,0,1.0,1,1.0,1,1.0,1,0.22208581939948316,38
1747,1,2884,1415,1469,0,0,0,1.0,1,1.0,1,1.0,1,0.1957529651043838,38
1748,1,2885,1416,1469,0,0,0,1.0,1,1.0,1,1.0,1,0.20992665754037737,38
1749,0,2885,1416,1469,0,0,0,1.0,1,1.0,1,1.0,1,0.22351423596379363,37
1750,3,2888,1417,1471,0,0,0,1.0,1,1.0,1,1.0,1,0.17192836749736726,39
1751,1,2889,1417,1472,0,0,0,1.0,1,1.0,1,1.0,1,0.17280961727324112,38
1752,0,2889,1417,1472,0,0,0,1.0,1,1.0,1,1.0,1,0.17914193784767324,39
1753,0,2889,1417,1472,0,0,0,1.0,1,1.0,1,1.0,1,0.17666166025036936,40
1754,1,2890,1418,1472,0,0,0,1.0,1,1.0,1,1.0,1,0.2277744910491402,41
1755,1,2891,1418,1473,0,0,0,1.0,1,1.0,1,1.0,1,0.234898072608069,41
1756,4,2895,1419,1476,0,0,0,1.0,1,1.0,1,1.0,1,0.2059377026983947,42
1757,1,2896,1420,1476,0,0,0,1.0,1,1.0,1,1.0,1,0.249326748145577,42
1758,1,2897,1420,1477,0,0,0,1.0,1,1.0,1,1.0,1,0.229732354063338,42
1759,0,2897,1420,1477,0,0,0,1.0,1,1.0,1,1.0,1,0.25241657197029904,39
1760,3,2900,1422,1478,0,0,0,1.0,1,1.0,1,1.0,1,0.3471675773174687,39
1761,8,2908,1425,1483,0,0,0,1.0,1,1.0,1,1.0,1,0.2954607156450906,38
1762,0,2908,1425,1483,0,0,0,1.0,1,1.0,1,1.0,1,0.30745714749798037,37
1763,1,2909,1425,1484,0,0,0,1.0,1,1.0,1,1.0,1,0.2905041646069764,37
1764,3,2912,1427,1485,0,0,0,1.0,1,1.0,1,1.0,1,0.21020892384146567,36
1765,2,2914,1429,1485,0,0,0,1.0,1,1.0,1,1.0,1,0.21137887801017405,37
1766,4,2918,1429,1489,0,0,0,1.0,1,1.0,1,1.0,1,0.10577825604888554,36
1767,0,2918,1429,1489,0,0,0,1.0,1,1.0,1,1.0,1,0.10577825604888554,36
1768,0,2918,1429,1489,0,0,0,1.0,1,1.0,1,1.0,1,0.10577825604888554,36
1769,1,2919,1429,1490,0,0,0,1.0,1,1.0,1,1.0,1,0.1117186223085479,38
1770,1,2920,1430,1490,0,0,0,1.0,1,1.0,1,1.0,1,0.1483258906517049,38
1771,0,2920,1430,1490,0,0,0,1.0,1,1.0,1,1.0,1,0.1483258906517049,38
1772,0,2920,1430,1490,0,0,0,1.0,1,1.0,1,1.0,1,0.1431143866410208,40
1773,1,2921,1431,1490,0,0,0,1.0,1,1.0,1,1.0,1,0.19363955399806668,40
1774,0,2921,1431,1490,0,0,0,1.0,1,1.0,1,1.0,1,0.19363955399806668,40
1775,1,2922,1431,1491,0,0,0,1.0,1,1.0,1,1.0,1,0.19599886223022986,41
1776,0,2922,1431,1491,0,0,0,1.0,1,1.0,1,1.0,1,0.17158582180242565,43
1777,1,2923,1431,1492,0,0,0,1.0,1,1.0,1,1.0,1,0.17017084100491162,44
1778,2,2925,1433,1492,0,0,0,1.0,1,1.0,1,1.0,1,0.1675204618326608,44
1779,0,2925,1433,1492,0,0,0,1.0,1,1.0,1,1.0,1,0.1675204618326608,44
1780,0,2925,1433,1492,0,0,0,1.0,1,1.0,1,1.0,1,0.1870803207791376,46
1781,2,2927,1434,1493,0,0,0,1.0,1,1.0,1,1.0,1,0.1664607504363253,46
1782,4,2931,1437,1494,0,0,0,1.0,1,1.0,1,1.0,1,0.22237135574717787,45
1783,1,2932,1438,1494,0,0,0,1.0,1,1.0,1,1.0,1,0.25494392500378577,44
1784,4,2936,1440,1496,0,0,0,1.0,1,1.0,1,1.0,1,0.3163716099933262,44
1785,3,2939,1442,1497,0,0,0,1.0,1,1.0,1,1.0,1,0.29436224802337363,42
1786,5,2944,1444,1500,0,0,0,1.0,1,1.0,1,1.0,1,0.21674910840031672,42
1787,0,2944,1444,1500,0,0,0,1.0,1,1.0,1,1.0,1,0.21790549459416414,41
1788,4,2948,1445,1503,0,0,0,1.0,1,1.0,1,1.0,1,0.2342549095009698,41
1789,2,2950,1446,1504,0,0,0,1.0,1,1.0,1,1.0,1,0.23493978288051606,41
1790,3,2953,1448,1505,0,0,0,1.0,1,1.0,1,1.0,1,0.2173360891223772,41
1791,5,2958,1449,1509,0,0,0,1.0,1,1.0,1,1.0,1,0.12765326543496983,41
1792,1,2959,1449,1510,0,0,0,1.0,1,1.0,1,1.0,1,0.12431050664926607,43
1793,1,2960,1450,1510,0,0,0,1.0,1,1.0,1,1.0,1,0.12170924179652419,43
1794,3,2963,1453,1510,0,0,0,1.0,1,1.0,1,1.0,1,0.16526633818543332,41
1795,4,2967,1456,1511,0,0,0,1.0,1,1.0,1,1.0,1,0.18371817050679262,41
1796,2,2969,1457,1512,0,0,0,1.0,1,1.0,1,1.0,1,0.17877315066422234,40
1797,1,2970,1458,1512,0,0,0,1.0,1,1.0,1,1.0,1,0.203142405263945,38
1798,0,2970,1458,1512,0,0,0,1.0,1,1.0,1,1.0,1,0.203142405263945,38
1799,1,2971,1459,1512,0,0,0,1.0,1,1.0,1,1.0,1,0.2717033445563004,37
1800,2,2973,1460,1513,0,0,0,1.0,1,1.0,1,1.0,1,0.31812195251784386,35
1801,1,2974,1460,1514,0,0,0,1.0,1,1.0,1,1.0,1,0.2778028616418187,34
1802,0,2974,1460,1514,0,0,0,1.0,1,1.0,1,1.0,1,0.26193037312555817,33
1803,0,2974,1460,1514,0,0,0,1.0,1,1.0,1,1.0,1,0.26193037312555817,33
1804,2,2976,1462,1514,0,0,0,1.0,1,1.0,1,1.0,1,0.31278930619970857,33
1805,2,2978,1462,1516,0,0,0,1.0,1,1.0,1,1.0,1,0.2623661858466032,35
1806,3,2981,1464,1517,0,0,0,1.0,1,1.0,1,1.0,1,0.3179763551630269,36
1807,1,2982,1464,1518,0,0,0,1.0,1,1.0,1,1.0,1,0.2997726703419582,35
1808,2,2984,1464,1520,0,0,0,1.0,1,1.0,1,1.0,1,0.25974054429718446,37
1809,0,2984,1464,1520,0,0,0,1.0,1,1.0,1,1.0,1,0.2526423513049951,35
1810,0,2984,1464,1520,0,0,0,1.0,1,1.0,1,1.0,1,0.2656746940222866,36
1811,0,2984,1464,1520,0,0,0,1.0,1,1.0,1,1.0,1,0.2733442640122048,34
1812,1,2985,1464,1521,0,0,0,1.0,1,1.0,1,1.0,1,0.26224927863352576,36
1813,0,2985,1464,1521,0,0,0,1.0,1,1.0,1,1.0,1,0.2787976924575415,35
1814,1,2986,1465,1521,0,0,0,1.0,1,1.0,1,1.0,1,0.293676621124812,36
1815,0,2986,1465,1521,0,0,0,1.0,1,1.0,1,1.0,1,0.3058743208079441,35
1816,3,2989,1468,1521,0,0,0,1.0,1,1.0,1,1.0,1,0.24688360928327277,35
1817,1,2990,1468,1522,0,0,0,1.0,1,1.0,1,1.0,1,0.22765797671482638,35
1818,4,2994,1472,1522,0,0,0,1.0,1,1.0,1,1.0,1,0.19354207385915717,36
1819,4,2998,1474,1524,0,0,0,1.0,1,1.0,1,1.0,1,0.2193466595735414,37
1820,2,3000,1474,1526,0,0,0,1.0,1,1.0,1,1.0,1,0.21753076362994583,37
1821,2,3002,1475,1527,0,0,0,1.0,1,1.0,1,1.0,1,0.1716523187119722,38
1822,5,3007,1478,1529,0,0,0,1.0,1,1.0,1,1.0,1,0.19966647384585814,37
1823,4,3011,1481,1530,0,0,0,1.0,1,1.0,1,1.0,1,0.22341094234497164,36
1824,3,3014,1484,1530,0,0,0,1.0,1,1.0,1,1.0,1,0.25330875191261165,36
1825,2,3016,1486,1530,0,0,0,1.0,1,1.0,1,1.0,1,0.2525660750445037,34
1826,4,3020,1487,1533,0,0,0,1.0,1,1.0,1,1.0,1,0.1872970493276816,35
1827,1,3021,1488,1533,0,0,0,1.0,1,1.0,1,1.0,1,0.18192643367997294,34
1828,1,3022,1489,1533,0,0,0,1.0,1,1.0,1,1.0,1,0.17613339530944477,33
1829,1,3023,1489,1534,0,0,0,1.0,1,1.0,1,1.0,1,0.14930043146048658,31
1830,0,3023,1489,1534,0,0,0,1.0,1,1.0,1,1.0,1,0.17668391828855845,31
1831,1,3024,1490,1534,0,0,0,1.0,1,1.0,1,1.0,1,0.17949050779090867,30
1832,1,3025,1491,1534,0,0,0,1.0,1,1.0,1,1.0,1,0.16811472279764972,29
1833,2,3027,1493,1534,0,0,0,1.0,1,1.0,1,1.0,1,0.25016054779622526,28
1834,1,3028,1493,1535,0,0,0,1.0,1,1.0,1,1.0,1,0.2454325364556375,27
1835,3,3031,1496,1535,0,0,0,1.0,1,1.0,1,1.0,1,0.31511585391647084,26
1836,4,3035,1498,1537,0,0,0,1.0,1,1.0,1,1.0,1,0.3261169900514652,26
1837,3,3038,1499,1539,0,0,0,1.0,1,1.0,1,1.0,1,0.3808055277435028,25
1838,0,3038,1499,1539,0,0,0,1.0,1,1.0,1,1.0,1,0.3584423858402092,25
1839,0,3038,1499,1539,0,0,0,1.0,1,1.0,1,1.0,1,0.4061493795095386,24
1840,1,3039,1500,1539,0,0,0,1.0,1,1.0,1,1.0,1,0.4136048941433488,23
1841,1,3040,1500,1540,0,0,0,1.0,1,1.0,1,1.0,1,0.34157179287917455,22
1842,3,3043,1501,1542,0,0,0,1.0,1,1.0,1,1.0,1,0.32127452087963804,23
1843,0,3043,1501,1542,0,0,0,1.0,1,1.0,1,1.0,1,0.32127452087963804,23
1844,0,3043,1501,1542,0,0,0,1.0,1,1.0,1,1.0,1,0.32127452087963804,23
1845,2,3045,1503,1542,0,0,0,1.0,1,1.0,1,1.0,1,0.3595817761272173,23
1846,2,3047,1504,1543,0,0,0,1.0,1,1.0,1,1.0,1,0.33639712790558024,23
1847,0,3047,1504,1543,0,0,0,1.0,1,1.0,1,1.0,1,0.35708726069219304,24
1848,0,3047,1504,1543,0,0,0,1.0,1,1.0,1,1.0,1,0.35708726069219304,24
1849,1,3048,1504,1544,0,0,0,1.0,1,1.0,1,1.0,1,0.3639169994503977,25
1850,0,3048,1504,1544,0,0,0,1.0,1,1.0,1,1.0,1,0.3639169994503977,25
1851,0,3048,1504,1544,0,0,0,1.0,1,1.0,1,1.0,1,0.3639169994503977,25
1852,0,3048,1504,1544,0,0,0,1.0,1,1.0,1,1.0,1,0.3639169994503977,25
1853,0,3048,1504,1544,0,0,0,1.0,1,1.0,1,1.0,1,0.3760248675480581,25
1854,0,3048,1504,1544,0,0,0,1.0,1,1.0,1,1.0,1,0.3760248675480581,25
1855,1,3049,1504,1545,0,0,0,1.0,1,1.0,1,1.0,1,0.3618561823328443,26
1856,0,3049,1504,1545,0,0,0,1.0,1,1.0,1,1.0,1,0.35101187219926594,27
1857,0,3049,1504,1545,0,0,0,1.0,1,1.0,1,1.0,1,0.34763169865063964,28
1858,2,3051,1506,1545,0,0,0,1.0,1,1.0,1,1.0,1,0.35390746280834134,28
1859,5,3056,1508,1548,0,0,0,1.0,1,1.0,1,1.0,1,0.36751484514963245,28
1860,3,3059,1508,1551,0,0,0,1.0,1,1.0,1,1.0,1,0.3290556843861874,28
1861,0,3059,1508,1551,0,0,0,1.0,1,1.0,1,1.0,1,0.3290556843861874,28
1862,0,3059,1508,1551,0,0,0,1.0,1,1.0,1,1.0,1,0.3290556843861874,28
1863,1,3060,1509,1551,0,0,0,1.0,1,1.0,1,1.0,1,0.3546276264395529,29
1864,1,3061,1510,1551,0,0,0,1.0,1,1.0,1,1.0,1,0.34503378340039564,27
1865,2,3063,1511,1552,0,0,0,1.0,1,1.0,1,1.0,1,0.3909023288681665,26
1866,1,3064,1512,1552,0,0,0,1.0,1,1.0,1,1.0,1,0.4317723701938867,26
1867,0,3064,1512,1552,0,0,0,1.0,1,1.0,1,1.0,1,0.4317723701938867,26
1868,0,3064,1512,1552,0,0,0,1.0,1,1.0,1,1.0,1,0.4317723701938867,26
1869,1,3065,1512,1553,0,0,0,1.0,1,1.0,1,1.0,1,0.38343617571297545,26
1870,1,3066,1512,1554,0,0,0,1.0,1,1.0,1,1.0,1,0.3777300755172113,27
1871,1,3067,1512,1555,0,0,0,1.0,1,1.0,1,1.0,1,0.36625509696443026,27
1872,1,3068,1512,1556,0,0,0,1.0,1,1.0,1,1.0,1,0.3130120909139872,25
1873,0,3068,1512,1556,0,0,0,1.0,1,1.0,1,1.0,1,0.3130120909139872,25
1874,0,3068,1512,1556,0,0,0,1.0,1,1.0,1,1.0,1,0.3258251260312204,25
1875,0,3068,1512,1556,0,0,0,1.0,1,1.0,1,1.0,1,0.3258251260312204,25
1876,1,3069,1512,1557,0,0,0,1.0,1,1.0,1,1.0,1,0.31264366110016517,26
1877,1,3070,1512,1558,0,0,0,1.0,1,1.0,1,1.0,1,0.26132613312237446,27
1878,2,3072,1514,1558,0,0,0,1.0,1,1.0,1,1.0,1,0.2946971035979542,28
1879,1,3073,1514,1559,0,0,0,1.0,1,1.0,1,1.0,1,0.249636208312679,29
1880,0,3073,1514,1559,0,0,0,1.0,1,1.0,1,1.0,1,0.249636208312679,29
1881,0,3073,1514,1559,0,0,0,1.0,1,1.0,1,1.0,1,0.249636208312679,29
1882,0,3073,1514,1559,0,0,0,1.0,1,1.0,1,1.0,1,0.23278178627007662,28
1883,0,3073,1514,1559,0,0,0,1.0,1,1.0,1,1.0,1,0.23278178627007662,28
1884,1,3074,1515,1559,0,0,0,1.0,1,1.0,1,1.0,1,0.2495932484754333,28
1885,0,3074,1515,1559,0,0,0,1.0,1,1.0,1,1.0,1,0.2495932484754333,28
1886,0,3074,1515,1559,0,0,0,1.0,1,1.0,1,1.0,1,0.24419244877504168,29
1887,0,3074,1515,1559,0,0,0,1.0,1,1.0,1,1.0,1,0.24419244877504168,29
1888,1,3075,1515,1560,0,0,0,1.0,1,1.0,1,1.0,1,0.26499075198020194,31
1889,0,3075,1515,1560,0,0,0,1.0,1,1.0,1,1.0,1,0.26499075198020194,31
1890,1,3076,1516,1560,0,0,0,1.0,1,1.0,1,1.0,1,0.2858181117321814,31
1891,0,3076,1516,1560,0,0,0,1.0,1,1.0,1,1.0,1,0.30279643964671016,32
1892,0,3076,1516,1560,0,0,0,1.0,1,1.0,1,1.0,1,0.30279643964671016,32
1893,0,3076,1516,1560,0,0,0,1.0,1,1.0,1,1.0,1,0.30279643964671016,32
1894,0,3076,1516,1560,0,0,0,1.0,1,1.0,1,1.0,1,0.2877101214262135,33
1895,3,3079,1517,1562,0,0,0,1.0,1,1.0,1,1.0,1,0.2571878129325313,35
1896,0,3079,1517,1562,0,0,0,1.0,1,1.0,1,1.0,1,0.2840295974889091,34
1897,0,3079,1517,1562,0,0,0,1.0,1,1.0,1,1.0,1,0.2840295974889091,34
1898,0,3079,1517,1562,0,0,0,1.0,1,1.0,1,1.0,1,0.2840295974889091,34
1899,0,3079,1517,1562,0,0,0,1.0,1,1.0,1,1.0,1,0.2840295974889091,34
1900,2,3081,1517,1564,0,0,0,1.0,1,1.0,1,1.0,1,0.23164947543415831,35
1901,1,3082,1517,1565,0,0,0,1.0,1,1.0,1,1.0,1,0.2012980956229387,35
1902,0,3082,1517,1565,0,0,0,1.0,1,1.0,1,1.0,1,0.2012980956229387,35
1903,0,3082,1517,1565,0,0,0,1.0,1,1.0,1,1.0,1,0.2012980956229387,35
1904,0,3082,1517,1565,0,0,0,1.0,1,1.0,1,1.0,1,0.2012980956229387,35
1905,0,3082,1517,1565,0,0,0,1.0,1,1.0,1,1.0,1,0.19050384277875032,37
1906,0,3082,1517,1565,0,0,0,1.0,1,1.0,1,1.0,1,0.19050384277875032,37
1907,1,3083,1517,1566,0,0,0,1.0,1,1.0,1,1.0,1,0.1729542703858144,39
1908,0,3083,1517,1566,0,0,0,1.0,1,1.0,1,1.0,1,0.1729542703858144,39
1909,0,3083,1517,1566,0,0,0,1.0,1,1.0,1,1.0,1,0.18988328493080348,41
1910,0,3083,1517,1566,0,0,0,1.0,1,1.0,1,1.0,1,0.18988328493080348,41
1911,0,3083,1517,1566,0,0,0,1.0,1,1.0,1,1.0,1,0.22491270180122244,40
1912,3,3086,1520,1566,0,0,0,1.0,1,1.0,1,1.0,1,0.25969065801239355,39
1913,3,3089,1522,1567,0,0,0,1.0,1,1.0,1,1.0,1,0.26433653728520423,40
1914,2,3091,1523,1568,0,0,0,1.0,1,1.0,1,1.0,1,0.2556688135777382,41
1915,2,3093,1525,1568,0,0,0,1.0,1,1.0,1,1.0,1,0.30220664052348845,42
1916,4,3097,1526,1571,0,0,0,1.0,1,1.0,1,1.0,1,0.24067298539138784,42
1917,2,3099,1527,1572,0,0,0,1.0,1,1.0,1,1.0,1,0.23644205958739184,41
1918,2,3101,1529,1572,0,0,0,1.0,1,1.0,1,1.0,1,0.25288619626429754,38
1919,2,3103,1530,1573,0,0,0,1.0,1,1.0,1,1.0,1,0.28096727521595055,38
1920,0,3103,1530,1573,0,0,0,1.0,1,1.0,1,1.0,1,0.31669948735751213,38
1921,3,3106,1531,1575,0,0,0,1.0,1,1.0,1,1.0,1,0.21918412996980222,39
1922,0,3106,1531,1575,0,0,0,1.0,1,1.0,1,1.0,1,0.20702828127164943,40
1923,0,3106,1531,1575,0,0,0,1.0,1,1.0,1,1.0,1,0.20341833298383094,41
1924,7,3113,1534,1579,0,0,0,1.0,1,1.0,1,1.0,1,0.24955926507621048,41
1925,1,3114,1534,1580,0,0,0,1.0,1,1.0,1,1.0,1,0.22745478170857544,41
1926,2,3116,1534,1582,0,0,0,1.0,1,1.0,1,1.0,1,0.1907506100964512,41
1927,1,3117,1534,1583,0,0,0,1.0,1,1.0,1,1.0,1,0.17576323716179612,41
1928,1,3118,1535,1583,0,0,0,1.0,1,1.0,1,1.0,1,0.17447073161932014,42
1929,0,3118,1535,1583,0,0,0,1.0,1,1.0,1,1.0,1,0.17589967054883568,41
1930,0,3118,1535,1583,0,0,0,1.0,1,1.0,1,1.0,1,0.17589967054883568,41
1931,0,3118,1535,1583,0,0,0,1.0,1,1.0,1,1.0,1,0.17589967054883568,41
1932,0,3118,1535,1583,0,0,0,1.0,1,1.0,1,1.0,1,0.17589967054883568,41
1933,2,3120,1536,1584,0,0,0,1.0,1,1.0,1,1.0,1,0.2227934409024321,43
1934,0,3120,1536,1584,0,0,0,1.0,1,1.0,1,1.0,1,0.23149185147044357,44
1935,0,3120,1536,1584,0,0,0,1.0,1,1.0,1,1.0,1,0.21199868401739247,45
1936,2,3122,1536,1586,0,0,0,1.0,1,1.0,1,1.0,1,0.17649665401771134,48
1937,3,3125,1538,1587,0,0,0,1.0,1,1.0,1,1.0,1,0.19202165328824358,48
1938,0,3125,1538,1587,0,0,0,1.0,1,1.0,1,1.0,1,0.19202165328824358,48
1939,1,3126,1538,1588,0,0,0,1.0,1,1.0,1,1.0,1,0.1653953861360259,48
1940,0,3126,1538,1588,0,0,0,1.0,1,1.0,1,1.0,1,0.1653953861360259,48
1941,0,3126,1538,1588,0,0,0,1.0,1,1.0,1,1.0,1,0.1653953861360259,48
1942,1,3127,1539,1588,0,0,0,1.0,1,1.0,1,1.0,1,0.2298899250909166,49
1943,0,3127,1539,1588,0,0,0,1.0,1,1.0,1,1.0,1,0.22055073277678416,48
1944,5,3132,1542,1590,0,0,0,1.0,1,1.0,1,1.0,1,0.2517040360712539,47
1945,2,3134,1543,1591,0,0,0,1.0,1,1.0,1,1.0,1,0.24596151434746266,46
1946,4,3138,1544,1594,0,0,0,1.0,1,1.0,1,1.0,1,0.25858088909407856,46
1947,3,3141,1547,1594,0,0,0,1.0,1,1.0,1,1.0,1,0.3535916819902864,45
1948,4,3145,1547,1598,0,0,0,1.0,1,1.0,1,1.0,1,0.2824803791430066,46
1949,3,3148,1549,1599,0,0,0,1.0,1,1.0,1,1.0,1,0.3374664573885983,42
1950,0,3148,1549,1599,0,0,0,1.0,1,1.0,1,1.0,1,0.3322269489515604,40
1951,3,3151,1551,1600,0,0,0,1.0,1,1.0,1,1.0,1,0.3164690630816697,39
1952,1,3152,1552,1600,0,0,0,1.0,1,1.0,1,1.0,1,0.3423516912216813,35
1953,2,3154,1554,1600,0,0,0,1.0,1,1.0,1,1.0,1,0.30685102015740573,36
1954,1,3155,1555,1600,0,0,0,1.0,1,1.0,1,1.0,1,0.34623455163256883,34
1955,0,3155,1555,1600,0,0,0,1.0,1,1.0,1,1.0,1,0.3514369600016423,35
1956,5,3160,1556,1604,0,0,0,1.0,1,1.0,1,1.0,1,0.299153066468553,37
1957,1,3161,1556,1605,0,0,0,1.0,1,1.0,1,1.0,1,0.28833302793344723,37
1958,1,3162,1556,1606,0,0,0,1.0,1,1.0,1,1.0,1,0.2500395101489676,39
1959,0,3162,1556,1606,0,0,0,1.0,1,1.0,1,1.0,1,0.26360199496267867,41
1960,1,3163,1557,1606,0,0,0,1.0,1,1.0,1,1.0,1,0.3153581614856762,40
1961,2,3165,1558,1607,0,0,0,1.0,1,1.0,1,1.0,1,0.2818704119322579,41
1962,3,3168,1559,1609,0,0,0,1.0,1,1.0,1,1.0,1,0.3063777819761064,40
1963,1,3169,1559,1610,0,0,0,1.0,1,1.0,1,1.0,1,0.3077180907731219,41
1964,0,3169,1559,1610,0,0,0,1.0,1,1.0,1,1.0,1,0.33250543459113074,40
1965,0,3169,1559,1610,0,0,0,1.0,1,1.0,1,1.0,1,0.3093863509123763,41
1966,2,3171,1559,1612,0,0,0,1.0,1,1.0,1,1.0,1,0.286369433020145,41
1967,3,3174,1560,1614,0,0,0,1.0,1,1.0,1,1.0,1,0.2877414152368605,42
1968,0,3174,1560,1614,0,0,0,1.0,1,1.0,1,1.0,1,0.30443927310001145,42
1969,1,3175,1561,1614,0,0,0,1.0,1,1.0,1,1.0,1,0.3036470346125353,43
1970,2,3177,1561,1616,0,0,0,1.0,1,1.0,1,1.0,1,0.3079429777163243,42
1971,2,3179,1561,1618,0,0,0,1.0,1,1.0,1,1.0,1,0.27923710050092804,42
1972,0,3179,1561,1618,0,0,0,1.0,1,1.0,1,1.0,1,0.27923710050092804,42
1973,0,3179,1561,1618,0,0,0,1.0,1,1.0,1,1.0,1,0.2899266414378922,43
1974,0,3179,1561,1618,0,0,0,1.0,1,1.0,1,1.0,1,0.3050151865820305,43
1975,1,3180,1561,1619,0,0,0,1.0,1,1.0,1,1.0,1,0.28521047527170335,43
1976,1,3181,1562,1619,0,0,0,1.0,1,1.0,1,1.0,1,0.265210050840591,43
1977,3,3184,1562,1622,0,0,0,1.0,1,1.0,1,1.0,1,0.27902567054408894,48
1978,4,3188,1566,1622,0,0,0,1.0,1,1.0,1,1.0,1,0.2725482963413153,48
1979,2,3190,1566,1624,0,0,0,1.0,1,1.0,1,1.0,1,0.2659280199333921,49
1980,1,3191,1566,1625,0,0,0,1.0,1,1.0,1,1.0,1,0.2705362987880621,50
1981,2,3193,1566,1627,0,0,0,1.0,1,1.0,1,1.0,1,0.23682809241753067,50
1982,1,3194,1566,1628,0,0,0,1.0,1,1.0,1,1.0,1,0.2247322830220669,50
1983,0,3194,1566,1628,0,0,0,1.0,1,1.0,1,1.0,1,0.2348009363906894,49
1984,2,3196,1568,1628,0,0,0,1.0,1,1.0,1,1.0,1,0.24129136175933125,48
1985,0,3196,1568,1628,0,0,0,1.0,1,1.0,1,1.0,1,0.2560458308020461,46
1986,2,3198,1569,1629,0,0,0,1.0,1,1.0,1,1.0,1,0.292546544255799,46
1987,3,3201,1572,1629,0,0,0,1.0,1,1.0,1,1.0,1,0.2568242343038317,42
1988,1,3202,1572,1630,0,0,0,1.0,1,1.0,1,1.0,1,0.23208630884555853,40
1989,4,3206,1576,1630,0,0,0,1.0,1,1.0,1,1.0,1,0.24485695563502965,38
1990,2,3208,1576,1632,0,0,0,1.0,1,1.0,1,1.0,1,0.19437028570246748,38
1991,2,3210,1578,1632,0,0,0,1.0,1,1.0,1,1.0,1,0.24161949768755386,38
1992,1,3211,1578,1633,0,0,0,1.0,1,1.0,1,1.0,1,0.24931209363712512,39
1993,4,3215,1581,1634,0,0,0,1.0,1,1.0,1,1.0,1,0.3400705168682692,38
1994,1,3216,1581,1635,0,0,0,1.0,1,1.0,1,1.0,1,0.2973293275965202,37
1995,3,3219,1583,1636,0,0,0,1.0,1,1.0,1,1.0,1,0.3325615518154107,37
1996,3,3222,1585,1637,0,0,0,1.0,1,1.0,1,1.0,1,0.30769880516194115,37
1997,1,3223,1586,1637,0,0,0,1.0,1,1.0,1,1.0,1,0.32723952172131654,35
1998,1,3224,1586,1638,0,0,0,1.0,1,1.0,1,1.0,1,0.3289506318004786,34
1999,3,3227,1588,1639,0,0,0,1.0,1,1.0,1,1.0,1,0.29814981723166545,35
2000,0,3227,1588,1639,0,0,0,1.0,1,1.0,1,1.0,1,0.3250361912618281,34
2001,1,3228,1588,1640,0,0,0,1.0,1,1.0,1,1.0,1,0.32283674850681066,35
2002,2,3230,1588,1642,0,0,0,1.0,1,1.0,1,1.0,1,0.2774041989414463,36
2003,1,3231,1588,1643,0,0,0,1.0,1,1.0,1,1.0,1,0.2713192005116617,37
2004,3,3234,1589,1645,0,0,0,1.0,1,1.0,1,1.0,1,0.2249749645702247,38
2005,3,3237,1590,1647,0,0,0,1.0,1,1.0,1,1.0,1,0.18751549654411875,38
2006,0,3237,1590,1647,0,0,0,1.0,1,1.0,1,1.0,1,0.18751549654411875,38
2007,1,3238,1591,1647,0,0,0,1.0,1,1.0,1,1.0,1,0.1810251394382834,40
2008,0,3238,1591,1647,0,0,0,1.0,1,1.0,1,1.0,1,0.1810251394382834,40
2009,2,3240,1593,1647,0,0,0,1.0,1,1.0,1,1.0,1,0.1852276119099745,41
2010,0,3240,1593,1647,0,0,0,1.0,1,1.0,1,1.0,1,0.1852276119099745,41
2011,0,3240,1593,1647,0,0,0,1.0,1,1.0,1,1.0,1,0.1852276119099745,41
2012,0,3240,1593,1647,0,0,0,1.0,1,1.0,1,1.0,1,0.1852276119099745,41
2013,1,3241,1593,1648,0,0,0,1.0,1,1.0,1,1.0,1,0.19006566472062122,43
2014,0,3241,1593,1648,0,0,0,1.0,1,1.0,1,1.0,1,0.20434442684849066,43
2015,2,3243,1594,1649,0,0,0,1.0,1,1.0,1,1.0,1,0.18843680127856638,43
2016,1,3244,1595,1649,0,0,0,1.0,1,1.0,1,1.0,1,0.20870834145388228,44
2017,0,3244,1595,1649,0,0,0,1.0,1,1.0,1,1.0,1,0.20254014264998682,45
2018,2,3246,1597,1649,0,0,0,1.0,1,1.0,1,1.0,1,0.2118808460881743,46
2019,0,3246,1597,1649,0,0,0,1.0,1,1.0,1,1.0,1,0.19790235761215583,47
2020,1,3247,1598,1649,0,0,0,1.0,1,1.0,1,1.0,1,0.1870441449867754,47
2021,2,3249,1599,1650,0,0,0,1.0,1,1.0,1,1.0,1,0.18074637689070047,47
2022,0,3249,1599,1650,0,0,0,1.0,1,1.0,1,1.0,1,0.1782907776982063,48
2023,1,3250,1600,1650,0,0,0,1.0,1,1.0,1,1.0,1,0.21222440798816455,48
2024,6,3256,1605,1651,0,0,0,1.0,1,1.0,1,1.0,1,0.18346737771259894,45
2025,3,3259,1608,1651,0,0,0,1.0,1,1.0,1,1.0,1,0.2765001639246772,42
2026,6,3265,1611,1654,0,0,0,1.0,1,1.0,1,1.0,1,0.3079688893794255,44
2027,4,3269,1613,1656,0,0,0,1.0,1,1.0,1,1.0,1,0.28569813297341295,40
2028,3,3272,1616,1656,0,0,0,1.0,1,1.0,1,1.0,1,0.39809279001821235,39
2029,2,3274,1616,1658,0,0,0,1.0,1,1.0,1,1.0,1,0.35399256159833975,37
2030,1,3275,1617,1658,0,0,0,1.0,1,1.0,1,1.0,1,0.3742040936581963,34
2031,5,3280,1619,1661,0,0,0,1.0,1,1.0,1,1.0,1,0.27344508484269325,35
2032,1,3281,1620,1661,0,0,0,1.0,1,1.0,1,1.0,1,0.29904242020134886,34
2033,3,3284,1622,1662,0,0,0,1.0,1,1.0,1,1.0,1,0.28178200605648307,36
2034,0,3284,1622,1662,0,0,0,1.0,1,1.0,1,1.0,1,0.3111098354692569,34
2035,1,3285,1623,1662,0,0,0,1.0,1,1.0,1,1.0,1,0.2921357910229227,35
2036,4,3289,1624,1665,0,0,0,1.0,1,1.0,1,1.0,1,0.2672453334716352,34
2037,1,3290,1624,1666,0,0,0,1.0,1,1.0,1,1.0,1,0.24956056250289457,35
2038,0,3290,1624,1666,0,0,0,1.0,1,1.0,1,1.0,1,0.2245473955270593,36
2039,2,3292,1625,1667,0,0,0,1.0,1,1.0,1,1.0,1,0.2085433469286369,38
2040,0,3292,1625,1667,0,0,0,1.0,1,1.0,1,1.0,1,0.2085433469286369,38
2041,0,3292,1625,1667,0,0,0,1.0,1,1.0,1,1.0,1,0.19650073148645755,39
2042,1,3293,1625,1668,0,0,0,1.0,1,1.0,1,1.0,1,0.15163256292491117,39
2043,0,3293,1625,1668,0,0,0,1.0,1,1.0,1,1.0,1,0.15163256292491117,39
2044,0,3293,1625,1668,0,0,0,1.0,1,1.0,1,1.0,1,0.15163256292491117,39
2045,1,3294,1625,1669,0,0,0,1.0,1,1.0,1,1.0,1,0.15722961971502586,41
2046,1,3295,1625,1670,0,0,0,1.0,1,1.0,1,1.0,1,0.17019020317502276,42
2047,0,3295,1625,1670,0,0,0,1.0,1,1.0,1,1.0,1,0.17019020317502276,42
2048,1,3296,1625,1671,0,0,0,1.0,1,1.0,1,1.0,1,0.14630285321262596,43
2049,1,3297,1626,1671,0,0,0,1.0,1,1.0,1,1.0,1,0.18064169904198693,44
2050,1,3298,1626,1672,0,0,0,1.0,1,1.0,1,1.0,1,0.17067197188894953,44
2051,1,3299,1627,1672,0,0,0,1.0,1,1.0,1,1.0,1,0.26739416630391266,45
2052,2,3301,1627,1674,0,0,0,1.0,1,1.0,1,1.0,1,0.23019474398756373,45
2053,3,3304,1629,1675,0,0,0,1.0,1,1.0,1,1.0,1,0.23644266124110078,45
2054,1,3305,1630,1675,0,0,0,1.0,1,1.0,1,1.0,1,0.24847685605765996,46
2055,1,3306,1630,1676,0,0,0,1.0,1,1.0,1,1.0,1,0.23395833441410496,46
2056,3,3309,1630,1679,0,0,0,1.0,1,1.0,1,1.0,1,0.19170976709102833,46
2057,8,3317,1635,1682,0,0,0,1.0,1,1.0,1,1.0,1,0.13293996756373758,47
2058,1,3318,1636,1682,0,0,0,1.0,1,1.0,1,1.0,1,0.164482986910293,47
2059,2,3320,1637,1683,0,0,0,1.0,1,1.0,1,1.0,1,0.16672067666423993,48
2060,1,3321,1638,1683,0,0,0,1.0,1,1.0,1,1.0,1,0.17177293303460783,50
2061,2,3323,1638,1685,0,0,0,1.0,1,1.0,1,1.0,1,0.1331661592334413,51
2062,2,3325,1640,1685,0,0,0,1.0,1,1.0,1,1.0,1,0.17345140684066185,49
2063,2,3327,1642,1685,0,0,0,1.0,1,1.0,1,1.0,1,0.19477908181559073,48
2064,2,3329,1644,1685,0,0,0,1.0,1,1.0,1,1.0,1,0.2394829753343825,45
2065,0,3329,1644,1685,0,0,0,1.0,1,1.0,1,1.0,1,0.23539491340628105,44
2066,2,3331,1644,1687,0,0,0,1.0,1,1.0,1,1.0,1,0.20490776726632579,42
2067,2,3333,1645,1688,0,0,0,1.0,1,1.0,1,1.0,1,0.21408129266645065,41
2068,0,3333,1645,1688,0,0,0,1.0,1,1.0,1,1.0,1,0.20804112784386353,40
2069,1,3334,1646,1688,0,0,0,1.0,1,1.0,1,1.0,1,0.24897840098879073,40
2070,2,3336,1646,1690,0,0,0,1.0,1,1.0,1,1.0,1,0.2215862391011054,40
2071,1,3337,1647,1690,0,0,0,1.0,1,1.0,1,1.0,1,0.23487125886557225,40
2072,1,3338,1647,1691,0,0,0,1.0,1,1.0,1,1.0,1,0.22566508799275412,41
2073,1,3339,1648,1691,0,0,0,1.0,1,1.0,1,1.0,1,0.2505069579192393,41
2074,1,3340,1648,1692,0,0,0,1.0,1,1.0,1,1.0,1,0.22579932376945014,41
2075,2,3342,1649,1693,0,0,0,1.0,1,1.0,1,1.0,1,0.20691819443255965,41
2076,3,3345,1651,1694,0,0,0,1.0,1,1.0,1,1.0,1,0.19863165869715715,41
2077,0,3345,1651,1694,0,0,0,1.0,1,1.0,1,1.0,1,0.19273869287192968,40
2078,0,3345,1651,1694,0,0,0,1.0,1,1.0,1,1.0,1,0.19273869287192968,40
2079,1,3346,1651,1695,0,0,0,1.0,1,1.0,1,1.0,1,0.15245340067094162,39
2080,0,3346,1651,1695,0,0,0,1.0,1,1.0,1,1.0,1,0.1793727075415144,38
2081,1,3347,1652,1695,0,0,0,1.0,1,1.0,1,1.0,1,0.19517529563476443,40
2082,1,3348,1653,1695,0,0,0,1.0,1,1.0,1,1.0,1,0.2494896058077807,41
2083,2,3350,1655,1695,0,0,0,1.0,1,1.0,1,1.0,1,0.23513179385832714,40
2084,6,3356,1658,1698,0,0,0,1.0,1,1.0,1,1.0,1,0.18100416252205317,42
2085,0,3356,1658,1698,0,0,0,1.0,1,1.0,1,1.0,1,0.18100416252205317,42
2086,1,3357,1659,1698,0,0,0,1.0,1,1.0,1,1.0,1,0.18082082581711095,43
2087,1,3358,1660,1698,0,0,0,1.0,1,1.0,1,1.0,1,0.20235977477016748,45
2088,3,3361,1662,1699,0,0,0,1.0,1,1.0,1,1.0,1,0.19680324108780559,46
2089,0,3361,1662,1699,0,0,0,1.0,1,1.0,1,1.0,1,0.1954392079459617,47
2090,0,3361,1662,1699,0,0,0,1.0,1,1.0,1,1.0,1,0.22223632085527023,49
2091,0,3361,1662,1699,0,0,0,1.0,1,1.0,1,1.0,1,0.22223632085527023,49
2092,2,3363,1663,1700,0,0,0,1.0,1,1.0,1,1.0,1,0.18246175304022424,49
2093,2,3365,1664,1701,0,0,0,1.0,1,1.0,1,1.0,1,0.18260483088810853,49
2094,0,3365,1664,1701,0,0,0,1.0,1,1.0,1,1.0,1,0.18260483088810853,49
2095,1,3366,1664,1702,0,0,0,1.0,1,1.0,1,1.0,1,0.16504035984249152,49
2096,1,3367,1664,1703,0,0,0,1.0,1,1.0,1,1.0,1,0.1587577332994902,51
2097,1,3368,1665,1703,0,0,0,1.0,1,1.0,1,1.0,1,0.14156291074147964,51
2098,1,3369,1666,1703,0,0,0,1.0,1,1.0,1,1.0,1,0.15957520520962407,52
2099,2,3371,1668,1703,0,0,0,1.0,1,1.0,1,1.0,1,0.1917561264830648,51
2100,2,3373,1670,1703,0,0,0,1.0,1,1.0,1,1.0,1,0.22335243089714435,51
2101,6,3379,1670,1709,0,0,0,1.0,1,1.0,1,1.0,1,0.1760933456847064,48
2102,2,3381,1672,1709,0,0,0,1.0,1,1.0,1,1.0,1,0.24657138131167622,49
2103,4,3385,1675,1710,0,0,0,1.0,1,1.0,1,1.0,1,0.30783427178370615,48
2104,0,3385,1675,1710,0,0,0,1.0,1,1.0,1,1.0,1,0.29262287513082164,43
2105,0,3385,1675,1710,0,0,0,1.0,1,1.0,1,1.0,1,0.3132361340543402,42
2106,5,3390,1677,1713,0,0,0,1.0,1,1.0,1,1.0,1,0.27175217851033606,40
2107,1,3391,1678,1713,0,0,0,1.0,1,1.0,1,1.0,1,0.29744634747500814,39
2108,3,3394,1681,1713,0,0,0,1.0,1,1.0,1,1.0,1,0.29108951908132535,38
2109,1,3395,1682,1713,0,0,0,1.0,1,1.0,1,1.0,1,0.3047934216599557,37
2110,2,3397,1684,1713,0,0,0,1.0,1,1.0,1,1.0,1,0.36131833542096975,38
2111,3,3400,1685,1715,0,0,0,1.0,1,1.0,1,1.0,1,0.3549374520058802,37
2112,1,3401,1686,1715,0,0,0,1.0,1,1.0,1,1.0,1,0.3109635474221507,36
2113,2,3403,1687,1716,0,0,0,1.0,1,1.0,1,1.0,1,0.35199552278639235,36
2114,0,3403,1687,1716,0,0,0,1.0,1,1.0,1,1.0,1,0.33565549108910525,36
2115,0,3403,1687,1716,0,0,0,1.0,1,1.0,1,1.0,1,0.3306413483285565,35
2116,2,3405,1688,1717,0,0,0,1.0,1,1.0,1,1.0,1,0.3825245508173689,37
2117,0,3405,1688,1717,0,0,0,1.0,1,1.0,1,1.0,1,0.34517888768257526,38
2118,1,3406,1688,1718,0,0,0,1.0,1,1.0,1,1.0,1,0.34337081832257643,40
2119,0,3406,1688,1718,0,0,0,1.0,1,1.0,1,1.0,1,0.34337081832257643,40
2120,1,3407,1689,1718,0,0,0,1.0,1,1.0,1,1.0,1,0.37586043959250065,41
2121,2,3409,1689,1720,0,0,0,1.0,1,1.0,1,1.0,1,0.31671978913911647,41
2122,1,3410,1690,1720,0,0,0,1.0,1,1.0,1,1.0,1,0.3182827302910306,42
2123,1,3411,1690,1721,0,0,0,1.0,1,1.0,1,1.0,1,0.29914181784383087,43
2124,0,3411,1690,1721,0,0,0,1.0,1,1.0,1,1.0,1,0.3225190858940767,41
2125,0,3411,1690,1721,0,0,0,1.0,1,1.0,1,1.0,1,0.3225190858940767,41
2126,3,3414,1690,1724,0,0,0,1.0,1,1.0,1,1.0,1,0.3223557655843802,40
2127,0,3414,1690,1724,0,0,0,1.0,1,1.0,1,1.0,1,0.3223557655843802,40
2128,0,3414,1690,1724,0,0,0,1.0,1,1.0,1,1.0,1,0.3390089213841669,41
2129,1,3415,1690,1725,0,0,0,1.0,1,1.0,1,1.0,1,0.31875353708997317,42
2130,1,3416,1690,1726,0,0,0,1.0,1,1.0,1,1.0,1,0.3244951860150696,45
2131,1,3417,1690,1727,0,0,0,1.0,1,1.0,1,1.0,1,0.3046431713320156,45
2132,2,3419,1690,1729,0,0,0,1.0,1,1.0,1,1.0,1,0.28829162906311,46
2133,0,3419,1690,1729,0,0,0,1.0,1,1.0,1,1.0,1,0.28829162906311,46
2134,2,3421,1690,1731,0,0,0,1.0,1,1.0,1,1.0,1,0.25989691058611175,47
2135,4,3425,1690,1735,0,0,0,1.0,1,1.0,1,1.0,1,0.19728147917329278,47
2136,3,3428,1691,1737,0,0,0,1.0,1,1.0,1,1.0,1,0.1984564310248083,47
2137,3,3431,1693,1738,0,0,0,1.0,1,1.0,1,1.0,1,0.18565461696045477,49
2138,1,3432,1694,1738,0,0,0,1.0,1,1.0,1,1.0,1,0.18926269299713439,49
2139,3,3435,1694,1741,0,0,0,1.0,1,1.0,1,1.0,1,0.1251815873123775,47
2140,4,3439,1698,1741,0,0,0,1.0,1,1.0,1,1.0,1,0.19910166812158422,48
2141,1,3440,1699,1741,0,0,0,1.0,1,1.0,1,1.0,1,0.2141949831912043,47
2142,1,3441,1699,1742,0,0,0,1.0,1,1.0,1,1.0,1,0.19735370961183957,47
2143,2,3443,1699,1744,0,0,0,1.0,1,1.0,1,1.0,1,0.18108146405884096,48
2144,2,3445,1701,1744,0,0,0,1.0,1,1.0,1,1.0,1,0.24887519512493672,48
2145,3,3448,1703,1745,0,0,0,1.0,1,1.0,1,1.0,1,0.20074574104911955,46
2146,4,3452,1705,1747,0,0,0,1.0,1,1.0,1,1.0,1,0.14830411969382154,47
2147,3,3455,1708,1747,0,0,0,1.0,1,1.0,1,1.0,1,0.17981261720038946,48
2148,0,3455,1708,1747,0,0,0,1.0,1,1.0,1,1.0,1,0.1919115158402857,46
2149,5,3460,1711,1749,0,0,0,1.0,1,1.0,1,1.0,1,0.21901430890616763,46
2150,1,3461,1711,1750,0,0,0,1.0,1,1.0,1,1.0,1,0.21091717336149396,46
2151,2,3463,1713,1750,0,0,0,1.0,1,1.0,1,1.0,1,0.2472011417941491,44
2152,2,3465,1714,1751,0,0,0,1.0,1,1.0,1,1.0,1,0.29556394682388887,45
2153,5,3470,1716,1754,0,0,0,1.0,1,1.0,1,1.0,1,0.28323575036918264,48
2154,0,3470,1716,1754,0,0,0,1.0,1,1.0,1,1.0,1,0.29710003665867557,47
2155,5,3475,1718,1757,0,0,0,1.0,1,1.0,1,1.0,1,0.28998678253590077,48
2156,4,3479,1719,1760,0,0,0,1.0,1,1.0,1,1.0,1,0.25311830318938056,45
2157,0,3479,1719,1760,0,0,0,1.0,1,1.0,1,1.0,1,0.25659743468381896,43
2158,2,3481,1719,1762,0,0,0,1.0,1,1.0,1,1.0,1,0.2259945280754195,43
2159,4,3485,1721,1764,0,0,0,1.0,1,1.0,1,1.0,1,0.2763925622033208,43
2160,2,3487,1721,1766,0,0,0,1.0,1,1.0,1,1.0,1,0.23007430776609017,41
2161,4,3491,1721,1770,0,0,0,1.0,1,1.0,1,1.0,1,0.11346021861692675,41
2162,1,3492,1722,1770,0,0,0,1.0,1,1.0,1,1.0,1,0.1197984304888077,42
2163,2,3494,1723,1771,0,0,0,1.0,1,1.0,1,1.0,1,0.11771447196689235,43
2164,3,3497,1725,1772,0,0,0,1.0,1,1.0,1,1.0,1,0.19208445648428438,44
2165,1,3498,1725,1773,0,0,0,1.0,1,1.0,1,1.0,1,0.15985696599499793,44
2166,2,3500,1725,1775,0,0,0,1.0,1,1.0,1,1.0,1,0.13565189251180707,46
2167,0,3500,1725,1775,0,0,0,1.0,1,1.0,1,1.0,1,0.13565189251180707,46
2168,0,3500,1725,1775,0,0,0,1.0,1,1.0,1,1.0,1,0.11980578775182271,45
2169,2,3502,1726,1776,0,0,0,1.0,1,1.0,1,1.0,1,0.10309540875698986,49
2170,0,3502,1726,1776,0,0,0,1.0,1,1.0,1,1.0,1,0.10309540875698986,49
2171,2,3504,1727,1777,0,0,0,1.0,1,1.0,1,1.0,1,0.13396431931621572,51
2172,2,3506,1729,1777,0,0,0,1.0,1,1.0,1,1.0,1,0.09810737783235103,52
2173,0,3506,1729,1777,0,0,0,1.0,1,1.0,1,1.0,1,0.09810737783235103,52
2174,3,3509,1731,1778,0,0,0,1.0,1,1.0,1,1.0,1,0.09183839683211595,52
2175,0,3509,1731,1778,0,0,0,1.0,1,1.0,1,1.0,1,0.10753578726555724,53
2176,0,3509,1731,1778,0,0,0,1.0,1,1.0,1,1.0,1,0.11178228555739615,54
2177,1,3510,1732,1778,0,0,0,1.0,1,1.0,1,1.0,1,0.14070401912801642,55
2178,1,3511,1733,1778,0,0,0,1.0,1,1.0,1,1.0,1,0.15697612654368143,54
2179,3,3514,1735,1779,0,0,0,1.0,1,1.0,1,1.0,1,0.14937644392813446,52
2180,1,3515,1736,1779,0,0,0,1.0,1,1.0,1,1.0,1,0.17791803962678193,51
2181,2,3517,1736,1781,0,0,0,1.0,1,1.0,1,1.0,1,0.12389527591648818,49
2182,2,3519,1738,1781,0,0,0,1.0,1,1.0,1,1.0,1,0.16281121533301646,49
2183,4,3523,1742,1781,0,0,0,1.0,1,1.0,1,1.0,1,0.207551820259865,46
2184,5,3528,1745,1783,0,0,0,1.0,1,1.0,1,1.0,1,0.2385475964732161,45
2185,3,3531,1746,1785,0,0,0,1.0,1,1.0,1,1.0,1,0.19092638420873315,44
2186,3,3534,1747,1787,0,0,0,1.0,1,1.0,1,1.0,1,0.20746356370308064,42
2187,4,3538,1751,1787,0,0,0,1.0,1,1.0,1,1.0,1,0.28185722856305273,40
2188,4,3542,1753,1789,0,0,0,1.0,1,1.0,1,1.0,1,0.13905190753923743,38
2189,1,3543,1754,1789,0,0,0,1.0,1,1.0,1,1.0,1,0.1880096246570066,36
2190,3,3546,1756,1790,0,0,0,1.0,1,1.0,1,1.0,1,0.2450307181611094,34
2191,3,3549,1757,1792,0,0,0,1.0,1,1.0,1,1.0,1,0.18771345360674363,34
2192,2,3551,1759,1792,0,0,0,1.0,1,1.0,1,1.0,1,0.20467204408789935,33
2193,0,3551,1759,1792,0,0,0,1.0,1,1.0,1,1.0,1,0.22614551241914063,32
2194,2,3553,1760,1793,0,0,0,1.0,1,1.0,1,1.0,1,0.21139288491354352,32
2195,0,3553,1760,1793,0,0,0,1.0,1,1.0,1,1.0,1,0.2252094626879244,31
2196,2,3555,1761,1794,0,0,0,1.0,1,1.0,1,1.0,1,0.24954740794793248,32
2197,1,3556,1762,1794,0,0,0,1.0,1,1.0,1,1.0,1,0.2681354022909392,31
2198,0,3556,1762,1794,0,0,0,1.0,1,1.0,1,1.0,1,0.2681354022909392,31
2199,2,3558,1764,1794,0,0,0,1.0,1,1.0,1,1.0,1,0.21325335410168422,32
2200,3,3561,1764,1797,0,0,0,1.0,1,1.0,1,1.0,1,0.19191125775156603,35
2201,0,3561,1764,1797,0,0,0,1.0,1,1.0,1,1.0,1,0.17469789204837097,36
2202,3,3564,1767,1797,0,0,0,1.0,1,1.0,1,1.0,1,0.1692790043589405,36
2203,1,3565,1767,1798,0,0,0,1.0,1,1.0,1,1.0,1,0.14408303076590284,37
2204,0,3565,1767,1798,0,0,0,1.0,1,1.0,1,1.0,1,0.14255645141209597,36
2205,0,3565,1767,1798,0,0,0,1.0,1,1.0,1,1.0,1,0.14370929623043413,37
2206,1,3566,1768,1798,0,0,0,1.0,1,1.0,1,1.0,1,0.21356506509960507,35
2207,3,3569,1769,1800,0,0,0,1.0,1,1.0,1,1.0,1,0.20350592311403923,37
2208,0,3569,1769,1800,0,0,0,1.0,1,1.0,1,1.0,1,0.19939632559819437,36
2209,0,3569,1769,1800,0,0,0,1.0,1,1.0,1,1.0,1,0.20148786235628974,35
2210,0,3569,1769,1800,0,0,0,1.0,1,1.0,1,1.0,1,0.23510421783674249,38
2211,1,3570,1769,1801,0,0,0,1.0,1,1.0,1,1.0,1,0.24879764929214543,37
2212,2,3572,1769,1803,0,0,0,1.0,1,1.0,1,1.0,1,0.2116852227812716,38
2213,1,3573,1769,1804,0,0,0,1.0,1,1.0,1,1.0,1,0.20044330183551487,38
2214,0,3573,1769,1804,0,0,0,1.0,1,1.0,1,1.0,1,0.20053454937880222,39
2215,1,3574,1770,1804,0,0,0,1.0,1,1.0,1,1.0,1,0.21219440748513577,39
2216,2,3576,1772,1804,0,0,0,1.0,1,1.0,1,1.0,1,0.2743042662184298,39
2217,3,3579,1773,1806,0,0,0,1.0,1,1.0,1,1.0,1,0.1865513473716668,38
2218,2,3581,1775,1806,0,0,0,1.0,1,1.0,1,1.0,1,0.2725787780415133,37
2219,1,3582,1776,1806,0,0,0,1.0,1,1.0,1,1.0,1,0.24952149857339004,36
2220,1,3583,1777,1806,0,0,0,1.0,1,1.0,1,1.0,1,0.30918578739601776,34
2221,3,3586,1777,1809,0,0,0,1.0,1,1.0,1,1.0,1,0.20136567935495533,35
2222,0,3586,1777,1809,0,0,0,1.0,1,1.0,1,1.0,1,0.2186966879229452,33
2223,3,3589,1778,1811,0,0,0,1.0,1,1.0,1,1.0,1,0.2140628948018316,34
2224,1,3590,1778,1812,0,0,0,1.0,1,1.0,1,1.0,1,0.17274470425887029,32
2225,3,3593,1780,1813,0,0,0,1.0,1,1.0,1,1.0,1,0.23068602261277768,33
2226,2,3595,1782,1813,0,0,0,1.0,1,1.0,1,1.0,1,0.28942375356868844,32
2227,0,3595,1782,1813,0,0,0,1.0,1,1.0,1,1.0,1,0.25528318828258767,31
2228,1,3596,1783,1813,0,0,0,1.0,1,1.0,1,1.0,1,0.26965558315405647,32
2229,1,3597,1784,1813,0,0,0,1.0,1,1.0,1,1.0,1,0.24801031471218096,32
2230,2,3599,1785,1814,0,0,0,1.0,1,1.0,1,1.0,1,0.20765397853849735,31
2231,1,3600,1785,1815,0,0,0,1.0,1,1.0,1,1.0,1,0.15018284499649812,32
2232,1,3601,1786,1815,0,0,0,1.0,1,1.0,1,1.0,1,0.21419705086890556,32
2233,1,3602,1786,1816,0,0,0,1.0,1,1.0,1,1.0,1,0.21075763643235995,31
2234,0,3602,1786,1816,0,0,0,1.0,1,1.0,1,1.0,1,0.22764537804667812,32
2235,1,3603,1787,1816,0,0,0,1.0,1,1.0,1,1.0,1,0.3274279940048837,31
2236,4,3607,1789,1818,0,0,0,1.0,1,1.0,1,1.0,1,0.3366366488763726,31
2237,2,3609,1790,1819,0,0,0,1.0,1,1.0,1,1.0,1,0.3679209743397768,31
2238,1,3610,1790,1820,0,0,0,1.0,1,1.0,1,1.0,1,0.33205919774062975,31
2239,0,3610,1790,1820,0,0,0,1.0,1,1.0,1,1.0,1,0.33205919774062975,31
2240,1,3611,1791,1820,0,0,0,1.0,1,1.0,1,1.0,1,0.32587092155950487,32
2241,2,3613,1792,1821,0,0,0,1.0,1,1.0,1,1.0,1,0.2998555518376077,32
2242,2,3615,1794,1821,0,0,0,1.0,1,1.0,1,1.0,1,0.29069863537492946,34
2243,1,3616,1795,1821,0,0,0,1.0,1,1.0,1,1.0,1,0.3036766372030479,34
2244,2,3618,1795,1823,0,0,0,1.0,1,1.0,1,1.0,1,0.2603510713195441,36
2245,0,3618,1795,1823,0,0,0,1.0,1,1.0,1,1.0,1,0.2603510713195441,36
2246,1,3619,1795,1824,0,0,0,1.0,1,1.0,1,1.0,1,0.2529509836002155,39
2247,1,3620,1795,1825,0,0,0,1.0,1,1.0,1,1.0,1,0.23560419630670087,40
2248,0,3620,1795,1825,0,0,0,1.0,1,1.0,1,1.0,1,0.23560419630670087,40
2249,1,3621,1795,1826,0,0,0,1.0,1,1.0,1,1.0,1,0.22012301575455032,41
2250,0,3621,1795,1826,0,0,0,1.0,1,1.0,1,1.0,1,0.22012301575455032,41
2251,1,3622,1795,1827,0,0,0,1.0,1,1.0,1,1.0,1,0.23310922654713206,42
2252,2,3624,1796,1828,0,0,0,1.0,1,1.0,1,1.0,1,0.21621135493395183,41
2253,1,3625,1796,1829,0,0,0,1.0,1,1.0,1,1.0,1,0.17911124773515097,40
2254,1,3626,1797,1829,0,0,0,1.0,1,1.0,1,1.0,1,0.1813714140929408,39
2255,0,3626,1797,1829,0,0,0,1.0,1,1.0,1,1.0,1,0.2265308939478565,39
2256,3,3629,1800,1829,0,0,0,1.0,1,1.0,1,1.0,1,0.2911732265331167,40
2257,5,3634,1802,1832,0,0,0,1.0,1,1.0,1,1.0,1,0.25336844566908595,40
2258,1,3635,1803,1832,0,0,0,1.0,1,1.0,1,1.0,1,0.23880650482214363,39
2259,3,3638,1805,1833,0,0,0,1.0,1,1.0,1,1.0,1,0.21054437230609577,41
2260,0,3638,1805,1833,0,0,0,1.0,1,1.0,1,1.0,1,0.22060348117689274,38
2261,1,3639,1806,1833,0,0,0,1.0,1,1.0,1,1.0,1,0.2263417582040054,38
2262,1,3640,1807,1833,0,0,0,1.0,1,1.0,1,1.0,1,0.30805701587103906,36
2263,4,3644,1809,1835,0,0,0,1.0,1,1.0,1,1.0,1,0.3016702928620106,35
2264,2,3646,1811,1835,0,0,0,1.0,1,1.0,1,1.0,1,0.3910019093689107,33
2265,1,3647,1812,1835,0,0,0,1.0,1,1.0,1,1.0,1,0.36678915284819835,33
2266,4,3651,1813,1838,0,0,0,1.0,1,1.0,1,1.0,1,0.2268710148577535,33
2267,5,3656,1817,1839,0,0,0,1.0,1,1.0,1,1.0,1,0.20089742683942377,33
2268,3,3659,1818,1841,0,0,0,1.0,1,1.0,1,1.0,1,0.15291204921260387,35
2269,2,3661,1819,1842,0,0,0,1.0,1,1.0,1,1.0,1,0.16029291125340225,36
2270,1,3662,1820,1842,0,0,0,1.0,1,1.0,1,1.0,1,0.18679568802686147,34
2271,7,3669,1825,1844,0,0,0,1.0,1,1.0,1,1.0,1,0.22231424812896097,34
2272,4,3673,1828,1845,0,0,0,1.0,1,1.0,1,1.0,1,0.20957601010558966,33
2273,1,3674,1829,1845,0,0,0,1.0,1,1.0,1,1.0,1,0.240871871798394,32
2274,2,3676,1830,1846,0,0,0,1.0,1,1.0,1,1.0,1,0.24028292774411844,32
2275,1,3677,1830,1847,0,0,0,1.0,1,1.0,1,1.0,1,0.20702036899324042,32
2276,0,3677,1830,1847,0,0,0,1.0,1,1.0,1,1.0,1,0.2420748619518924,31
2277,0,3677,1830,1847,0,0,0,1.0,1,1.0,1,1.0,1,0.2582764146164208,30
2278,2,3679,1831,1848,0,0,0,1.0,1,1.0,1,1.0,1,0.247626900283508,33
2279,0,3679,1831,1848,0,0,0,1.0,1,1.0,1,1.0,1,0.247626900283508,33
2280,4,3683,1832,1851,0,0,0,1.0,1,1.0,1,1.0,1,0.1568138551599464,35
2281,0,3683,1832,1851,0,0,0,1.0,1,1.0,1,1.0,1,0.17151190547881487,36
2282,1,3684,1833,1851,0,0,0,1.0,1,1.0,1,1.0,1,0.1996162734324944,36
2283,0,3684,1833,1851,0,0,0,1.0,1,1.0,1,1.0,1,0.1996162734324944,36
2284,1,3685,1834,1851,0,0,0,1.0,1,1.0,1,1.0,1,0.21500144568111057,36
2285,0,3685,1834,1851,0,0,0,1.0,1,1.0,1,1.0,1,0.20254184185700674,37
2286,4,3689,1835,1854,0,0,0,1.0,1,1.0,1,1.0,1,0.15592859607749754,38
2287,0,3689,1835,1854,0,0,0,1.0,1,1.0,1,1.0,1,0.13722076787607645,38
2288,3,3692,1837,1855,0,0,0,1.0,1,1.0,1,1.0,1,0.22799101163035093,40
2289,0,3692,1837,1855,0,0,0,1.0,1,1.0,1,1.0,1,0.2284703649415048,40
2290,0,3692,1837,1855,0,0,0,1.0,1,1.0,1,1.0,1,0.2224553245822474,39
2291,4,3696,1839,1857,0,0,0,1.0,1,1.0,1,1.0,1,0.26757997336425093,37
2292,1,3697,1840,1857,0,0,0,1.0,1,1.0,1,1.0,1,0.37146626564964197,35
2293,0,3697,1840,1857,0,0,0,1.0,1,1.0,1,1.0,1,0.3721011880386148,35
2294,0,3697,1840,1857,0,0,0,1.0,1,1.0,1,1.0,1,0.34132578572942945,35
2295,1,3698,1841,1857,0,0,0,1.0,1,1.0,1,1.0,1,0.34805897462297825,36
2296,1,3699,1841,1858,0,0,0,1.0,1,1.0,1,1.0,1,0.29429837175978474,34
2297,0,3699,1841,1858,0,0,0,1.0,1,1.0,1,1.0,1,0.30996952591927696,35
2298,1,3700,1842,1858,0,0,0,1.0,1,1.0,1,1.0,1,0.32096770386695805,34
2299,3,3703,1844,1859,0,0,0,1.0,1,1.0,1,1.0,1,0.30062784750681204,35
2300,0,3703,1844,1859,0,0,0,1.0,1,1.0,1,1.0,1,0.30062784750681204,35
2301,0,3703,1844,1859,0,0,0,1.0,1,1.0,1,1.0,1,0.30062784750681204,35
2302,3,3706,1846,1860,0,0,0,1.0,1,1.0,1,1.0,1,0.3398675633131968,37
2303,0,3706,1846,1860,0,0,0,1.0,1,1.0,1,1.0,1,0.3003447984716647,35
2304,5,3711,1849,1862,0,0,0,1.0,1,1.0,1,1.0,1,0.35368897123064263,36
2305,0,3711,1849,1862,0,0,0,1.0,1,1.0,1,1.0,1,0.33586413830749273,34
2306,2,3713,1850,1863,0,0,0,1.0,1,1.0,1,1.0,1,0.3342713528634443,35
2307,1,3714,1850,1864,0,0,0,1.0,1,1.0,1,1.0,1,0.3337840941220096,35
2308,0,3714,1850,1864,0,0,0,1.0,1,1.0,1,1.0,1,0.3337840941220096,35
2309,0,3714,1850,1864,0,0,0,1.0,1,1.0,1,1.0,1,0.3411328162495027,34
2310,2,3716,1850,1866,0,0,0,1.0,1,1.0,1,1.0,1,0.32775515713191794,36
2311,1,3717,1850,1867,0,0,0,1.0,1,1.0,1,1.0,1,0.32667423337323176,38
2312,3,3720,1851,1869,0,0,0,1.0,1,1.0,1,1.0,1,0.35432482369454665,39
2313,1,3721,1852,1869,0,0,0,1.0,1,1.0,1,1.0,1,0.34102199545594053,39
2314,2,3723,1852,1871,0,0,0,1.0,1,1.0,1,1.0,1,0.29669642045109734,39
2315,5,3728,1853,1875,0,0,0,1.0,1,1.0,1,1.0,1,0.23638639414356782,40
2316,1,3729,1853,1876,0,0,0,1.0,1,1.0,1,1.0,1,0.21683104197540706,40
2317,3,3732,1854,1878,0,0,0,1.0,1,1.0,1,1.0,1,0.20030078795521764,41
2318,1,3733,1855,1878,0,0,0,1.0,1,1.0,1,1.0,1,0.20802467919895692,41
2319,1,3734,1855,1879,0,0,0,1.0,1,1.0,1,1.0,1,0.18109830001955685,41
2320,2,3736,1855,1881,0,0,0,1.0,1,1.0,1,1.0,1,0.16668353106367587,42
2321,0,3736,1855,1881,0,0,0,1.0,1,1.0,1,1.0,1,0.15191633634584414,43
2322,1,3737,1856,1881,0,0,0,1.0,1,1.0,1,1.0,1,0.21873628247917865,42
2323,0,3737,1856,1881,0,0,0,1.0,1,1.0,1,1.0,1,0.22225338407918563,43
2324,2,3739,1857,1882,0,0,0,1.0,1,1.0,1,1.0,1,0.22941816221186498,44
2325,1,3740,1858,1882,0,0,0,1.0,1,1.0,1,1.0,1,0.21398447158410966,44
2326,1,3741,1858,1883,0,0,0,1.0,1,1.0,1,1.0,1,0.16433207997179916,45
2327,1,3742,1858,1884,0,0,0,1.0,1,1.0,1,1.0,1,0.14818995629676032,45
2328,1,3743,1859,1884,0,0,0,1.0,1,1.0,1,1.0,1,0.17763071246232032,46
2329,0,3743,1859,1884,0,0,0,1.0,1,1.0,1,1.0,1,0.18312735437009836,45
2330,0,3743,1859,1884,0,0,0,1.0,1,1.0,1,1.0,1,0.17817324196115836,47
2331,1,3744,1859,1885,0,0,0,1.0,1,1.0,1,1.0,1,0.17752138098041198,48
2332,0,3744,1859,1885,0,0,0,1.0,1,1.0,1,1.0,1,0.17752138098041198,48
2333,2,3746,1861,1885,0,0,0,1.0,1,1.0,1,1.0,1,0.23915569711558746,49
2334,3,3749,1862,1887,0,0,0,1.0,1,1.0,1,1.0,1,0.23991777217918825,47
2335,2,3751,1863,1888,0,0,0,1.0,1,1.0,1,1.0,1,0.27590180732875275,46
2336,3,3754,1863,1891,0,0,0,1.0,1,1.0,1,1.0,1,0.2632120397991051,46
2337,0,3754,1863,1891,0,0,0,1.0,1,1.0,1,1.0,1,0.25108875700178884,45
2338,2,3756,1864,1892,0,0,0,1.0,1,1.0,1,1.0,1,0.21953213155757847,44
2339,1,3757,1865,1892,0,0,0,1.0,1,1.0,1,1.0,1,0.20994306174918087,45
2340,1,3758,1866,1892,0,0,0,1.0,1,1.0,1,1.0,1,0.2309425056560843,44
2341,2,3760,1866,1894,0,0,0,1.0,1,1.0,1,1.0,1,0.21649044816044477,45
2342,2,3762,1868,1894,0,0,0,1.0,1,1.0,1,1.0,1,0.20640751682999378,47
2343,3,3765,1869,1896,0,0,0,1.0,1,1.0,1,1.0,1,0.17789162657116694,46
2344,1,3766,1870,1896,0,0,0,1.0,1,1.0,1,1.0,1,0.20574089236483373,46
2345,0,3766,1870,1896,0,0,0,1.0,1,1.0,1,1.0,1,0.21358991145245423,45
2346,0,3766,1870,1896,0,0,0,1.0,1,1.0,1,1.0,1,0.2062842122833121,46
2347,0,3766,1870,1896,0,0,0,1.0,1,1.0,1,1.0,1,0.21742211258507246,47
2348,2,3768,1870,1898,0,0,0,1.0,1,1.0,1,1.0,1,0.2235793362197789,49
2349,5,3773,1871,1902,0,0,0,1.0,1,1.0,1,1.0,1,0.19118275107118948,49
2350,2,3775,1872,1903,0,0,0,1.0,1,1.0,1,1.0,1,0.17198358170372244,50
2351,2,3777,1873,1904,0,0,0,1.0,1,1.0,1,1.0,1,0.18248858807651755,50
2352,0,3777,1873,1904,0,0,0,1.0,1,1.0,1,1.0,1,0.19365197836671116,51
2353,1,3778,1873,1905,0,0,0,1.0,1,1.0,1,1.0,1,0.17251155523414993,51
2354,0,3778,1873,1905,0,0,0,1.0,1,1.0,1,1.0,1,0.1989457644088135,51
2355,1,3779,1874,1905,0,0,0,1.0,1,1.0,1,1.0,1,0.23852104569078497,50
2356,1,3780,1874,1906,0,0,0,1.0,1,1.0,1,1.0,1,0.22602980188607216,50
2357,1,3781,1875,1906,0,0,0,1.0,1,1.0,1,1.0,1,0.2403342586603567,49
2358,0,3781,1875,1906,0,0,0,1.0,1,1.0,1,1.0,1,0.26016793484868833,51
2359,0,3781,1875,1906,0,0,0,1.0,1,1.0,1,1.0,1,0.24947749412894718,51
2360,0,3781,1875,1906,0,0,0,1.0,1,1.0,1,1.0,1,0.24947749412894718,51
2361,2,3783,1876,1907,0,0,0,1.0,1,1.0,1,1.0,1,0.2774657157141678,52
2362,6,3789,1877,1912,0,0,0,1.0,1,1.0,1,1.0,1,0.21587401086191438,53
2363,2,3791,1878,1913,0,0,0,1.0,1,1.0,1,1.0,1,0.20356875817298503,54
2364,2,3793,1878,1915,0,0,0,1.0,1,1.0,1,1.0,1,0.19347510684654187,55
2365,1,3794,1879,1915,0,0,0,1.0,1,1.0,1,1.0,1,0.224975750763435,53
2366,4,3798,1880,1918,0,0,0,1.0,1,1.0,1,1.0,1,0.18320565587824864,53
2367,2,3800,1882,1918,0,0,0,1.0,1,1.0,1,1.0,1,0.20431372955484015,51
2368,3,3803,1885,1918,0,0,0,1.0,1,1.0,1,1.0,1,0.24764148739517475,50
2369,1,3804,1886,1918,0,0,0,1.0,1,1.0,1,1.0,1,0.28837070716824215,47
2370,1,3805,1886,1919,0,0,0,1.0,1,1.0,1,1.0,1,0.3017908233074785,48
2371,8,3813,1887,1926,0,0,0,1.0,1,1.0,1,1.0,1,0.2364111396077664,49
2372,0,3813,1887,1926,0,0,0,1.0,1,1.0,1,1.0,1,0.23305746305478972,48
2373,4,3817,1888,1929,0,0,0,1.0,1,1.0,1,1.0,1,0.2556402864360743,49
2374,3,3820,1888,1932,0,0,0,1.0,1,1.0,1,1.0,1,0.24301607955528043,50
2375,4,3824,1890,1934,0,0,0,1.0,1,1.0,1,1.0,1,0.25547748320450986,50
2376,2,3826,1890,1936,0,0,0,1.0,1,1.0,1,1.0,1,0.23463364843973752,50
2377,1,3827,1890,1937,0,0,0,1.0,1,1.0,1,1.0,1,0.22648163315266964,49
2378,1,3828,1890,1938,0,0,0,1.0,1,1.0,1,1.0,1,0.2144292286659198,49
2379,1,3829,1891,1938,0,0,0,1.0,1,1.0,1,1.0,1,0.24958852389801706,50
2380,1,3830,1892,1938,0,0,0,1.0,1,1.0,1,1.0,1,0.2709502098372517,50
2381,2,3832,1893,1939,0,0,0,1.0,1,1.0,1,1.0,1,0.28542874473145996,51
2382,1,3833,1893,1940,0,0,0,1.0,1,1.0,1,1.0,1,0.27422059679058014,51
2383,5,3838,1894,1944,0,0,0,1.0,1,1.0,1,1.0,1,0.25000966562342314,52
2384,2,3840,1896,1944,0,0,0,1.0,1,1.0,1,1.0,1,0.2163388809094571,52
2385,2,3842,1898,1944,0,0,0,1.0,1,1.0,1,1.0,1,0.23419704852172296,51
2386,3,3845,1900,1945,0,0,0,1.0,1,1.0,1,1.0,1,0.25497119310020566,52
2387,1,3846,1901,1945,0,0,0,1.0,1,1.0,1,1.0,1,0.24855447700705913,49
2388,0,3846,1901,1945,0,0,0,1.0,1,1.0,1,1.0,1,0.24642112279964387,48
2389,3,3849,1903,1946,0,0,0,1.0,1,1.0,1,1.0,1,0.22879475831849613,48
2390,2,3851,1904,1947,0,0,0,1.0,1,1.0,1,1.0,1,0.2021275454130423,49
2391,1,3852,1904,1948,0,0,0,1.0,1,1.0,1,1.0,1,0.18553366454264522,48
2392,1,3853,1905,1948,0,0,0,1.0,1,1.0,1,1.0,1,0.18883567721301467,49
2393,5,3858,1907,1951,0,0,0,1.0,1,1.0,1,1.0,1,0.15301236625389297,50
2394,1,3859,1908,1951,0,0,0,1.0,1,1.0,1,1.0,1,0.18506023774359337,50
2395,2,3861,1910,1951,0,0,0,1.0,1,1.0,1,1.0,1,0.204562741157026,49
2396,2,3863,1911,1952,0,0,0,1.0,1,1.0,1,1.0,1,0.17833405405621322,50
2397,2,3865,1912,1953,0,0,0,1.0,1,1.0,1,1.0,1,0.1994452537246983,51
2398,0,3865,1912,1953,0,0,0,1.0,1,1.0,1,1.0,1,0.18522696784922452,49
2399,0,3865,1912,1953,0,0,0,1.0,1,1.0,1,1.0,1,0.19412588154492857,50
2400,0,3865,1912,1953,0,0,0,1.0,1,1.0,1,1.0,1,0.20649539366597355,51
2401,1,3866,1913,1953,0,0,0,1.0,1,1.0,1,1.0,1,0.2119776909820756,50
2402,1,3867,1913,1954,0,0,0,1.0,1,1.0,1,1.0,1,0.18978380033029282,51
2403,0,3867,1913,1954,0,0,0,1.0,1,1.0,1,1.0,1,0.18909909360529858,52
2404,1,3868,1913,1955,0,0,0,1.0,1,1.0,1,1.0,1,0.19959123434473605,53
2405,0,3868,1913,1955,0,0,0,1.0,1,1.0,1,1.0,1,0.19977436629854217,52
2406,3,3871,1915,1956,0,0,0,1.0,1,1.0,1,1.0,1,0.20577757301235095,52
2407,2,3873,1916,1957,0,0,0,1.0,1,1.0,1,1.0,1,0.23365719532481596,51
2408,0,3873,1916,1957,0,0,0,1.0,1,1.0,1,1.0,1,0.2596862427977653,50
2409,1,3874,1917,1957,0,0,0,1.0,1,1.0,1,1.0,1,0.2597662441978125,50
2410,2,3876,1918,1958,0,0,0,1.0,1,1.0,1,1.0,1,0.28901675040188307,49
2411,1,3877,1918,1959,0,0,0,1.0,1,1.0,1,1.0,1,0.2891355973282002,48
2412,2,3879,1918,1961,0,0,0,1.0,1,1.0,1,1.0,1,0.2631934854617086,47
2413,0,3879,1918,1961,0,0,0,1.0,1,1.0,1,1.0,1,0.2597394617167869,47
2414,5,3884,1920,1964,0,0,0,1.0,1,1.0,1,1.0,1,0.2711803140743629,47
2415,0,3884,1920,1964,0,0,0,1.0,1,1.0,1,1.0,1,0.280972525470152,46
2416,1,3885,1920,1965,0,0,0,1.0,1,1.0,1,1.0,1,0.2615531344420343,47
2417,2,3887,1921,1966,0,0,0,1.0,1,1.0,1,1.0,1,0.2682944418733355,46
2418,3,3890,1922,1968,0,0,0,1.0,1,1.0,1,1.0,1,0.2576065546564768,48
2419,2,3892,1923,1969,0,0,0,1.0,1,1.0,1,1.0,1,0.24387593322504,47
2420,1,3893,1923,1970,0,0,0,1.0,1,1.0,1,1.0,1,0.22003108171687313,49
2421,4,3897,1924,1973,0,0,0,1.0,1,1.0,1,1.0,1,0.20067373761082882,50
2422,3,3900,1926,1974,0,0,0,1.0,1,1.0,1,1.0,1,0.18774959533923768,50
2423,3,3903,1927,1976,0,0,0,1.0,1,1.0,1,1.0,1,0.1696677329625196,51
2424,5,3908,1931,1977,0,0,0,1.0,1,1.0,1,1.0,1,0.20521271649775227,50
2425,0,3908,1931,1977,0,0,0,1.0,1,1.0,1,1.0,1,0.19829583003844883,48
2426,5,3913,1935,1978,0,0,0,1.0,1,1.0,1,1.0,1,0.20649658590932857,51
2427,0,3913,1935,1978,0,0,0,1.0,1,1.0,1,1.0,1,0.21208471637524812,50
2428,2,3915,1936,1979,0,0,0,1.0,1,1.0,1,1.0,1,0.17877363072221403,49
2429,2,3917,1938,1979,0,0,0,1.0,1,1.0,1,1.0,1,0.23652335427710336,49
2430,0,3917,1938,1979,0,0,0,1.0,1,1.0,1,1.0,1,0.2512071404941288,46
2431,3,3920,1939,1981,0,0,0,1.0,1,1.0,1,1.0,1,0.23679803583854622,45
2432,2,3922,1940,1982,0,0,0,1.0,1,1.0,1,1.0,1,0.2997184254587114,44
2433,1,3923,1940,1983,0,0,0,1.0,1,1.0,1,1.0,1,0.25753657568148614,45
2434,1,3924,1941,1983,0,0,0,1.0,1,1.0,1,1.0,1,0.2757461552547354,44
2435,1,3925,1941,1984,0,0,0,1.0,1,1.0,1,1.0,1,0.23590955509390585,44
2436,1,3926,1941,1985,0,0,0,1.0,1,1.0,1,1.0,1,0.1930100981768122,44
2437,3,3929,1942,1987,0,0,0,1.0,1,1.0,1,1.0,1,0.18784127569128226,45
2438,1,3930,1943,1987,0,0,0,1.0,1,1.0,1,1.0,1,0.22607568798672434,45
2439,1,3931,1943,1988,0,0,0,1.0,1,1.0,1,1.0,1,0.2069904619608698,46
2440,0,3931,1943,1988,0,0,0,1.0,1,1.0,1,1.0,1,0.2226885518054714,45
2441,4,3935,1944,1991,0,0,0,1.0,1,1.0,1,1.0,1,0.18075376535013665,45
2442,0,3935,1944,1991,0,0,0,1.0,1,1.0,1,1.0,1,0.17732985495244122,46
2443,0,3935,1944,1991,0,0,0,1.0,1,1.0,1,1.0,1,0.19646777575932162,45
2444,3,3938,1947,1991,0,0,0,1.0,1,1.0,1,1.0,1,0.25681031646877794,46
2445,2,3940,1948,1992,0,0,0,1.0,1,1.0,1,1.0,1,0.28931963623024703,44
2446,1,3941,1949,1992,0,0,0,1.0,1,1.0,1,1.0,1,0.28014233523938326,44
2447,2,3943,1951,1992,0,0,0,1.0,1,1.0,1,1.0,1,0.27721993336713335,42
2448,4,3947,1954,1993,0,0,0,1.0,1,1.0,1,1.0,1,0.2960428930782396,41
2449,1,3948,1955,1993,0,0,0,1.0,1,1.0,1,1.0,1,0.2851324710409414,40
2450,4,3952,1958,1994,0,0,0,1.0,1,1.0,1,1.0,1,0.27104176659511053,42
2451,1,3953,1958,1995,0,0,0,1.0,1,1.0,1,1.0,1,0.24632053844941829,43
2452,0,3953,1958,1995,0,0,0,1.0,1,1.0,1,1.0,1,0.24632053844941829,43
2453,3,3956,1958,1998,0,0,0,1.0,1,1.0,1,1.0,1,0.23190327786280696,45
2454,3,3959,1960,1999,0,0,0,1.0,1,1.0,1,1.0,1,0.27250380523962314,47
2455,0,3959,1960,1999,0,0,0,1.0,1,1.0,1,1.0,1,0.2749863382582379,48
2456,4,3963,1962,2001,0,0,0,1.0,1,1.0,1,1.0,1,0.30125119977064013,49
2457,2,3965,1963,2002,0,0,0,1.0,1,1.0,1,1.0,1,0.3496380346838972,48
2458,2,3967,1963,2004,0,0,0,1.0,1,1.0,1,1.0,1,0.3250870864051496,49
2459,1,3968,1963,2005,0,0,0,1.0,1,1.0,1,1.0,1,0.3203287704714385,49
2460,5,3973,1965,2008,0,0,0,1.0,1,1.0,1,1.0,1,0.3229276994358743,50
2461,0,3973,1965,2008,0,0,0,1.0,1,1.0,1,1.0,1,0.3229276994358743,50
2462,5,3978,1967,2011,0,0,0,1.0,1,1.0,1,1.0,1,0.27124834649606294,51
2463,2,3980,1967,2013,0,0,0,1.0,1,1.0,1,1.0,1,0.2559650024821132,51
2464,0,3980,1967,2013,0,0,0,1.0,1,1.0,1,1.0,1,0.2625737072121515,50
2465,0,3980,1967,2013,0,0,0,1.0,1,1.0,1,1.0,1,0.2667707488523358,49
2466,1,3981,1968,2013,0,0,0,1.0,1,1.0,1,1.0,1,0.2623611725312836,49
2467,2,3983,1968,2015,0,0,0,1.0,1,1.0,1,1.0,1,0.2394343665146177,48
2468,2,3985,1970,2015,0,0,0,1.0,1,1.0,1,1.0,1,0.24557528175000518,47
2469,1,3986,1971,2015,0,0,0,1.0,1,1.0,1,1.0,1,0.23165725565432746,46
2470,1,3987,1972,2015,0,0,0,1.0,1,1.0,1,1.0,1,0.2561732620257549,44
2471,5,3992,1973,2019,0,0,0,1.0,1,1.0,1,1.0,1,0.21594847018754354,44
2472,1,3993,1973,2020,0,0,0,1.0,1,1.0,1,1.0,1,0.25057617184255515,44
2473,1,3994,1974,2020,0,0,0,1.0,1,1.0,1,1.0,1,0.2625959476239511,43
2474,3,3997,1976,2021,0,0,0,1.0,1,1.0,1,1.0,1,0.28913718017120965,44
2475,4,4001,1977,2024,0,0,0,1.0,1,1.0,1,1.0,1,0.24092648756880014,46
2476,3,4004,1977,2027,0,0,0,1.0,1,1.0,1,1.0,1,0.17577578909989816,46
2477,1,4005,1978,2027,0,0,0,1.0,1,1.0,1,1.0,1,0.15783172536932433,46
2478,1,4006,1978,2028,0,0,0,1.0,1,1.0,1,1.0,1,0.14406929052426265,46
2479,1,4007,1979,2028,0,0,0,1.0,1,1.0,1,1.0,1,0.1681586379020244,46
2480,1,4008,1980,2028,0,0,0,1.0,1,1.0,1,1.0,1,0.19022351027721024,47
2481,3,4011,1981,2030,0,0,0,1.0,1,1.0,1,1.0,1,0.14289330867177402,47
2482,1,4012,1982,2030,0,0,0,1.0,1,1.0,1,1.0,1,0.1730868197034877,45
2483,1,4013,1982,2031,0,0,0,1.0,1,1.0,1,1.0,1,0.18831675492558567,45
2484,1,4014,1983,2031,0,0,0,1.0,1,1.0,1,1.0,1,0.20781196514949787,46
2485,2,4016,1984,2032,0,0,0,1.0,1,1.0,1,1.0,1,0.1674819945139654,44
2486,0,4016,1984,2032,0,0,0,1.0,1,1.0,1,1.0,1,0.1798397385442536,43
2487,1,4017,1985,2032,0,0,0,1.0,1,1.0,1,1.0,1,0.17827614562149036,44
2488,3,4020,1987,2033,0,0,0,1.0,1,1.0,1,1.0,1,0.21375061259628675,45
2489,0,4020,1987,2033,0,0,0,1.0,1,1.0,1,1.0,1,0.23472080325613642,44
2490,1,4021,1988,2033,0,0,0,1.0,1,1.0,1,1.0,1,0.2572411744023847,44
2491,1,4022,1989,2033,0,0,0,1.0,1,1.0,1,1.0,1,0.2579665873482436,44
2492,1,4023,1990,2033,0,0,0,1.0,1,1.0,1,1.0,1,0.2530553997326779,44
2493,0,4023,1990,2033,0,0,0,1.0,1,1.0,1,1.0,1,0.2767834767084526,42
2494,0,4023,1990,2033,0,0,0,1.0,1,1.0,1,1.0,1,0.2767834767084526,42
2495,0,4023,1990,2033,0,0,0,1.0,1,1.0,1,1.0,1,0.27673822668750653,42
2496,3,4026,1991,2035,0,0,0,1.0,1,1.0,1,1.0,1,0.2806989950324243,42
2497,3,4029,1992,2037,0,0,0,1.0,1,1.0,1,1.0,1,0.26518892814560685,44
2498,1,4030,1992,2038,0,0,0,1.0,1,1.0,1,1.0,1,0.2598214755453842,43
2499,1,4031,1993,2038,0,0,0,1.0,1,1.0,1,1.0,1,0.23925770809252797,43
2500,3,4034,1995,2039,0,0,0,1.0,1,1.0,1,1.0,1,0.2107104136087812,44
2501,4,4038,1996,2042,0,0,0,1.0,1,1.0,1,1.0,1,0.14806038696173157,46
2502,2,4040,1998,2042,0,0,0,1.0,1,1.0,1,1.0,1,0.1494094340295343,47
2503,2,4042,1999,2043,0,0,0,1.0,1,1.0,1,1.0,1,0.16783773747147412,47
2504,1,4043,2000,2043,0,0,0,1.0,1,1.0,1,1.0,1,0.20495520624406258,46
2505,4,4047,2004,2043,0,0,0,1.0,1,1.0,1,1.0,1,0.22994904363259977,46
2506,5,4052,2005,2047,0,0,0,1.0,1,1.0,1,1.0,1,0.22703557000512833,45
2507,4,4056,2006,2050,0,0,0,1.0,1,1.0,1,1.0,1,0.22653739370277903,45
2508,3,4059,2007,2052,0,0,0,1.0,1,1.0,1,1.0,1,0.24252335467543706,46
2509,2,4061,2008,2053,0,0,0,1.0,1,1.0,1,1.0,1,0.23768721185245142,45
2510,1,4062,2009,2053,0,0,0,1.0,1,1.0,1,1.0,1,0.2463252194862883,46
2511,0,4062,2009,2053,0,0,0,1.0,1,1.0,1,1.0,1,0.2252818971549458,47
2512,1,4063,2009,2054,0,0,0,1.0,1,1.0,1,1.0,1,0.20087493769541048,47
2513,2,4065,2011,2054,0,0,0,1.0,1,1.0,1,1.0,1,0.19665157899995006,48
2514,2,4067,2012,2055,0,0,0,1.0,1,1.0,1,1.0,1,0.20400662464168942,48
2515,1,4068,2012,2056,0,0,0,1.0,1,1.0,1,1.0,1,0.19372923611314166,49
2516,2,4070,2014,2056,0,0,0,1.0,1,1.0,1,1.0,1,0.24430908203502144,49
2517,1,4071,2014,2057,0,0,0,1.0,1,1.0,1,1.0,1,0.21694641633422446,49
2518,0,4071,2014,2057,0,0,0,1.0,1,1.0,1,1.0,1,0.21287719339669156,48
2519,1,4072,2015,2057,0,0,0,1.0,1,1.0,1,1.0,1,0.24277397689105992,48
2520,0,4072,2015,2057,0,0,0,1.0,1,1.0,1,1.0,1,0.25309308620250276,46
2521,6,4078,2018,2060,0,0,0,1.0,1,1.0,1,1.0,1,0.23398826058219316,47
2522,1,4079,2019,2060,0,0,0,1.0,1,1.0,1,1.0,1,0.3032977903416412,45
2523,3,4082,2020,2062,0,0,0,1.0,1,1.0,1,1.0,1,0.3278173146900052,44
2524,1,4083,2020,2063,0,0,0,1.0,1,1.0,1,1.0,1,0.28924690686961835,42
2525,1,4084,2021,2063,0,0,0,1.0,1,1.0,1,1.0,1,0.33100505601742636,42
2526,1,4085,2021,2064,0,0,0,1.0,1,1.0,1,1.0,1,0.312849838246073,41
2527,0,4085,2021,2064,0,0,0,1.0,1,1.0,1,1.0,1,0.312849838246073,41
2528,0,4085,2021,2064,0,0,0,1.0,1,1.0,1,1.0,1,0.3347996276834143,41
2529,1,4086,2022,2064,0,0,0,1.0,1,1.0,1,1.0,1,0.3420324621131363,42
2530,1,4087,2022,2065,0,0,0,1.0,1,1.0,1,1.0,1,0.3168757771883822,41
2531,0,4087,2022,2065,0,0,0,1.0,1,1.0,1,1.0,1,0.3168757771883822,41
2532,1,4088,2022,2066,0,0,0,1.0,1,1.0,1,1.0,1,0.3195363114069342,43
2533,0,4088,2022,2066,0,0,0,1.0,1,1.0,1,1.0,1,0.3195363114069342,43
2534,0,4088,2022,2066,0,0,0,1.0,1,1.0,1,1.0,1,0.3195363114069342,43
2535,2,4090,2023,2067,0,0,0,1.0,1,1.0,1,1.0,1,0.34269440207562196,44
2536,0,4090,2023,2067,0,0,0,1.0,1,1.0,1,1.0,1,0.34269440207562196,44
2537,1,4091,2023,2068,0,0,0,1.0,1,1.0,1,1.0,1,0.3408390395785031,45
2538,1,4092,2023,2069,0,0,0,1.0,1,1.0,1,1.0,1,0.33595777018175704,48
2539,0,4092,2023,2069,0,0,0,1.0,1,1.0,1,1.0,1,0.33595777018175704,48
2540,2,4094,2024,2070,0,0,0,1.0,1,1.0,1,1.0,1,0.32258071932138715,50
2541,4,4098,2025,2073,0,0,0,1.0,1,1.0,1,1.0,1,0.29296888957071526,52
2542,3,4101,2027,2074,0,0,0,1.0,1,1.0,1,1.0,1,0.3213479789111237,52
2543,4,4105,2030,2075,0,0,0,1.0,1,1.0,1,1.0,1,0.318041327843759,51
2544,8,4113,2034,2079,0,0,0,1.0,1,1.0,1,1.0,1,0.32242653874278066,51
2545,3,4116,2034,2082,0,0,0,1.0,1,1.0,1,1.0,1,0.2577484934407472,50
2546,3,4119,2036,2083,0,0,0,1.0,1,1.0,1,1.0,1,0.2645889068520877,50
2547,1,4120,2036,2084,0,0,0,1.0,1,1.0,1,1.0,1,0.27953309199242865,47
2548,0,4120,2036,2084,0,0,0,1.0,1,1.0,1,1.0,1,0.26896041291958467,46
2549,3,4123,2038,2085,0,0,0,1.0,1,1.0,1,1.0,1,0.27951758187557063,46
2550,2,4125,2040,2085,0,0,0,1.0,1,1.0,1,1.0,1,0.2916155081592151,44
2551,3,4128,2041,2087,0,0,0,1.0,1,1.0,1,1.0,1,0.244028709132343,43
2552,0,4128,2041,2087,0,0,0,1.0,1,1.0,1,1.0,1,0.26817911994593274,43
2553,0,4128,2041,2087,0,0,0,1.0,1,1.0,1,1.0,1,0.27357046147911634,44
2554,2,4130,2043,2087,0,0,0,1.0,1,1.0,1,1.0,1,0.3110309635483619,45
2555,3,4133,2044,2089,0,0,0,1.0,1,1.0,1,1.0,1,0.3025414481958253,44
2556,5,4138,2044,2094,0,0,0,1.0,1,1.0,1,1.0,1,0.24627269008880373,44
2557,2,4140,2045,2095,0,0,0,1.0,1,1.0,1,1.0,1,0.28487956458509467,41
2558,0,4140,2045,2095,0,0,0,1.0,1,1.0,1,1.0,1,0.2720138240348055,40
2559,0,4140,2045,2095,0,0,0,1.0,1,1.0,1,1.0,1,0.28493776940601134,41
2560,0,4140,2045,2095,0,0,0,1.0,1,1.0,1,1.0,1,0.28493776940601134,41
2561,3,4143,2045,2098,0,0,0,1.0,1,1.0,1,1.0,1,0.22424519211556374,43
2562,1,4144,2046,2098,0,0,0,1.0,1,1.0,1,1.0,1,0.24824437017372666,44
2563,0,4144,2046,2098,0,0,0,1.0,1,1.0,1,1.0,1,0.24824437017372666,44
2564,2,4146,2048,2098,0,0,0,1.0,1,1.0,1,1.0,1,0.250428083990685,44
2565,0,4146,2048,2098,0,0,0,1.0,1,1.0,1,1.0,1,0.2448560553343033,45
2566,0,4146,2048,2098,0,0,0,1.0,1,1.0,1,1.0,1,0.253371380368997,46
2567,2,4148,2049,2099,0,0,0,1.0,1,1.0,1,1.0,1,0.25835907300517585,48
2568,3,4151,2052,2099,0,0,0,1.0,1,1.0,1,1.0,1,0.30848652241956837,48
2569,2,4153,2052,2101,0,0,0,1.0,1,1.0,1,1.0,1,0.2988753138932887,49
2570,1,4154,2052,2102,0,0,0,1.0,1,1.0,1,1.0,1,0.2993883287794205,48
2571,0,4154,2052,2102,0,0,0,1.0,1,1.0,1,1.0,1,0.2993883287794205,48
2572,0,4154,2052,2102,0,0,0,1.0,1,1.0,1,1.0,1,0.2819656831185758,49
2573,3,4157,2052,2105,0,0,0,1.0,1,1.0,1,1.0,1,0.2423601465446787,50
2574,0,4157,2052,2105,0,0,0,1.0,1,1.0,1,1.0,1,0.26159310336120095,49
2575,1,4158,2052,2106,0,0,0,1.0,1,1.0,1,1.0,1,0.26075604266386837,48
2576,0,4158,2052,2106,0,0,0,1.0,1,1.0,1,1.0,1,0.26075604266386837,48
2577,2,4160,2052,2108,0,0,0,1.0,1,1.0,1,1.0,1,0.253994140347676,50
2578,1,4161,2052,2109,0,0,0,1.0,1,1.0,1,1.0,1,0.237660800289196,50
2579,2,4163,2053,2110,0,0,0,1.0,1,1.0,1,1.0,1,0.21812624726986457,51
2580,0,4163,2053,2110,0,0,0,1.0,1,1.0,1,1.0,1,0.23984467619660926,52
2581,1,4164,2053,2111,0,0,0,1.0,1,1.0,1,1.0,1,0.24646329869887748,51
2582,1,4165,2054,2111,0,0,0,1.0,1,1.0,1,1.0,1,0.2628995187585541,51
2583,2,4167,2055,2112,0,0,0,1.0,1,1.0,1,1.0,1,0.26575986413611236,51
2584,5,4172,2058,2114,0,0,0,1.0,1,1.0,1,1.0,1,0.28135653304353275,51
2585,0,4172,2058,2114,0,0,0,1.0,1,1.0,1,1.0,1,0.26833461242785206,50
2586,5,4177,2061,2116,0,0,0,1.0,1,1.0,1,1.0,1,0.27037664414082757,50
2587,1,4178,2062,2116,0,0,0,1.0,1,1.0,1,1.0,1,0.22805976259105648,48
2588,6,4184,2063,2121,0,0,0,1.0,1,1.0,1,1.0,1,0.19591250665514293,50
2589,1,4185,2063,2122,0,0,0,1.0,1,1.0,1,1.0,1,0.16114940642692596,48
2590,0,4185,2063,2122,0,0,0,1.0,1,1.0,1,1.0,1,0.1684018129211648,47
2591,1,4186,2063,2123,0,0,0,1.0,1,1.0,1,1.0,1,0.15458083403170822,47
2592,1,4187,2064,2123,0,0,0,1.0,1,1.0,1,1.0,1,0.1647927861764112,47
2593,1,4188,2065,2123,0,0,0,1.0,1,1.0,1,1.0,1,0.18675715152659006,47
2594,3,4191,2068,2123,0,0,0,1.0,1,1.0,1,1.0,1,0.2339712933279756,49
2595,3,4194,2069,2125,0,0,0,1.0,1,1.0,1,1.0,1,0.22220691730029324,48
2596,4,4198,2071,2127,0,0,0,1.0,1,1.0,1,1.0,1,0.1663030654571668,47
2597,2,4200,2073,2127,0,0,0,1.0,1,1.0,1,1.0,1,0.20181276900521944,48
2598,5,4205,2076,2129,0,0,0,1.0,1,1.0,1,1.0,1,0.19002781456151094,48
2599,3,4208,2078,2130,0,0,0,1.0,1,1.0,1,1.0,1,0.17693211677447632,49
2600,1,4209,2078,2131,0,0,0,1.0,1,1.0,1,1.0,1,0.1726957943094525,52
2601,1,4210,2079,2131,0,0,0,1.0,1,1.0,1,1.0,1,0.16678973365311875,51
2602,2,4212,2080,2132,0,0,0,1.0,1,1.0,1,1.0,1,0.15256406351564974,52
2603,2,4214,2081,2133,0,0,0,1.0,1,1.0,1,1.0,1,0.1940963018245865,53
2604,1,4215,2081,2134,0,0,0,1.0,1,1.0,1,1.0,1,0.17219946715379952,53
2605,1,4216,2082,2134,0,0,0,1.0,1,1.0,1,1.0,1,0.20512137156992724,52
2606,1,4217,2082,2135,0,0,0,1.0,1,1.0,1,1.0,1,0.1937814765944992,52
2607,0,4217,2082,2135,0,0,0,1.0,1,1.0,1,1.0,1,0.2112478669200699,52
2608,2,4219,2082,2137,0,0,0,1.0,1,1.0,1,1.0,1,0.1772827117728134,52
2609,0,4219,2082,2137,0,0,0,1.0,1,1.0,1,1.0,1,0.18353442639527934,53
2610,2,4221,2083,2138,0,0,0,1.0,1,1.0,1,1.0,1,0.18927043232110738,54
2611,4,4225,2084,2141,0,0,0,1.0,1,1.0,1,1.0,1,0.12999292654823338,54
2612,2,4227,2086,2141,0,0,0,1.0,1,1.0,1,1.0,1,0.12264139063635439,56
2613,0,4227,2086,2141,0,0,0,1.0,1,1.0,1,1.0,1,0.12264139063635439,56
2614,2,4229,2087,2142,0,0,0,1.0,1,1.0,1,1.0,1,0.12312733544473599,56
2615,1,4230,2087,2143,0,0,0,1.0,1,1.0,1,1.0,1,0.10017598695211732,57
2616,0,4230,2087,2143,0,0,0,1.0,1,1.0,1,1.0,1,0.10017598695211732,57
2617,2,4232,2088,2144,0,0,0,1.0,1,1.0,1,1.0,1,0.09903270527842079,58
2618,0,4232,2088,2144,0,0,0,1.0,1,1.0,1,1.0,1,0.09903270527842079,58
2619,0,4232,2088,2144,0,0,0,1.0,1,1.0,1,1.0,1,0.12229487582247359,58
2620,1,4233,2088,2145,0,0,0,1.0,1,1.0,1,1.0,1,0.13281125087812679,60
2621,1,4234,2089,2145,0,0,0,1.0,1,1.0,1,1.0,1,0.09549058917079561,59
2622,2,4236,2091,2145,0,0,0,1.0,1,1.0,1,1.0,1,0.10810724749903235,60
2623,3,4239,2093,2146,0,0,0,1.0,1,1.0,1,1.0,1,0.13657618200014301,59
2624,5,4244,2097,2147,0,0,0,1.0,1,1.0,1,1.0,1,0.196665056547651,58
2625,4,4248,2100,2148,0,0,0,1.0,1,1.0,1,1.0,1,0.1945127934470865,58
2626,5,4253,2102,2151,0,0,0,1.0,1,1.0,1,1.0,1,0.17372665655819,57
2627,2,4255,2103,2152,0,0,0,1.0,1,1.0,1,1.0,1,0.1389603353927197,55
2628,1,4256,2104,2152,0,0,0,1.0,1,1.0,1,1.0,1,0.1370331262099674,55
2629,0,4256,2104,2152,0,0,0,1.0,1,1.0,1,1.0,1,0.14191203372825315,54
2630,1,4257,2105,2152,0,0,0,1.0,1,1.0,1,1.0,1,0.1767620002355978,55
2631,1,4258,2105,2153,0,0,0,1.0,1,1.0,1,1.0,1,0.18112872424173718,55
2632,2,4260,2107,2153,0,0,0,1.0,1,1.0,1,1.0,1,0.21683988239963026,55
2633,2,4262,2108,2154,0,0,0,1.0,1,1.0,1,1.0,1,0.19246266322475375,53
2634,4,4266,2110,2156,0,0,0,1.0,1,1.0,1,1.0,1,0.20672999662165367,52
2635,0,4266,2110,2156,0,0,0,1.0,1,1.0,1,1.0,1,0.20262888048290037,52
2636,7,4273,2112,2161,0,0,0,1.0,1,1.0,1,1.0,1,0.1641485084062192,51
2637,2,4275,2113,2162,0,0,0,1.0,1,1.0,1,1.0,1,0.1434263043509618,50
2638,4,4279,2115,2164,0,0,0,1.0,1,1.0,1,1.0,1,0.11728352679388432,48
2639,2,4281,2117,2164,0,0,0,1.0,1,1.0,1,1.0,1,0.192257976201682,48
2640,5,4286,2122,2164,0,0,0,1.0,1,1.0,1,1.0,1,0.24618154982558194,46
2641,3,4289,2123,2166,0,0,0,1.0,1,1.0,1,1.0,1,0.184944774582957,46
2642,4,4293,2127,2166,0,0,0,1.0,1,1.0,1,1.0,1,0.19516621729623773,47
2643,1,4294,2128,2166,0,0,0,1.0,1,1.0,1,1.0,1,0.2140343623486666,45
2644,4,4298,2129,2169,0,0,0,1.0,1,1.0,1,1.0,1,0.2247977645301611,44
2645,2,4300,2130,2170,0,0,0,1.0,1,1.0,1,1.0,1,0.256985273287065,42
2646,6,4306,2131,2175,0,0,0,1.0,1,1.0,1,1.0,1,0.16231172213302666,43
2647,0,4306,2131,2175,0,0,0,1.0,1,1.0,1,1.0,1,0.15461233814245445,40
2648,0,4306,2131,2175,0,0,0,1.0,1,1.0,1,1.0,1,0.1258196725791273,41
2649,1,4307,2132,2175,0,0,0,1.0,1,1.0,1,1.0,1,0.14750828132614166,43
2650,1,4308,2132,2176,0,0,0,1.0,1,1.0,1,1.0,1,0.11499266532717489,43
2651,0,4308,2132,2176,0,0,0,1.0,1,1.0,1,1.0,1,0.09171980974840153,44
2652,0,4308,2132,2176,0,0,0,1.0,1,1.0,1,1.0,1,0.09171980974840153,44
2653,0,4308,2132,2176,0,0,0,1.0,1,1.0,1,1.0,1,0.09171980974840153,44
2654,1,4309,2133,2176,0,0,0,1.0,1,1.0,1,1.0,1,0.09877974287595015,45
2655,1,4310,2134,2176,0,0,0,1.0,1,1.0,1,1.0,1,0.08269444247611855,45
2656,0,4310,2134,2176,0,0,0,1.0,1,1.0,1,1.0,1,0.08269444247611855,45
2657,0,4310,2134,2176,0,0,0,1.0,1,1.0,1,1.0,1,0.10881399407021516,45
2658,1,4311,2135,2176,0,0,0,1.0,1,1.0,1,1.0,1,0.14108355998317387,47
2659,0,4311,2135,2176,0,0,0,1.0,1,1.0,1,1.0,1,0.16352759551978413,46
2660,3,4314,2137,2177,0,0,0,1.0,1,1.0,1,1.0,1,0.18329646195902552,46
2661,4,4318,2140,2178,0,0,0,1.0,1,1.0,1,1.0,1,0.17842274813220002,46
2662,4,4322,2142,2180,0,0,0,1.0,1,1.0,1,1.0,1,0.18902841369059023,47
2663,4,4326,2144,2182,0,0,0,1.0,1,1.0,1,1.0,1,0.17080836319081216,46
2664,2,4328,2146,2182,0,0,0,1.0,1,1.0,1,1.0,1,0.1604231523788213,45
2665,3,4331,2149,2182,0,0,0,1.0,1,1.0,1,1.0,1,0.19192733226377043,47
2666,5,4336,2152,2184,0,0,0,1.0,1,1.0,1,1.0,1,0.1845762311356585,47
2667,2,4338,2153,2185,0,0,0,1.0,1,1.0,1,1.0,1,0.2147393427368726,45
2668,2,4340,2155,2185,0,0,0,1.0,1,1.0,1,1.0,1,0.19773964035808553,45
2669,2,4342,2157,2185,0,0,0,1.0,1,1.0,1,1.0,1,0.198197503014518,45
2670,4,4346,2160,2186,0,0,0,1.0,1,1.0,1,1.0,1,0.19761289154523295,45
2671,2,4348,2161,2187,0,0,0,1.0,1,1.0,1,1.0,1,0.179318663828275,41
2672,1,4349,2162,2187,0,0,0,1.0,1,1.0,1,1.0,1,0.22369577233271398,40
2673,2,4351,2163,2188,0,0,0,1.0,1,1.0,1,1.0,1,0.17795564002348468,39
2674,2,4353,2165,2188,0,0,0,1.0,1,1.0,1,1.0,1,0.23476252532331474,37
2675,3,4356,2168,2188,0,0,0,1.0,1,1.0,1,1.0,1,0.28649865118281087,35
2676,3,4359,2168,2191,0,0,0,1.0,1,1.0,1,1.0,1,0.20661741531828606,34
2677,1,4360,2169,2191,0,0,0,1.0,1,1.0,1,1.0,1,0.2169356906858507,32
2678,1,4361,2170,2191,0,0,0,1.0,1,1.0,1,1.0,1,0.2520582261762893,33
2679,3,4364,2171,2193,0,0,0,1.0,1,1.0,1,1.0,1,0.2409477162645844,33
2680,4,4368,2175,2193,0,0,0,1.0,1,1.0,1,1.0,1,0.3375223656634822,33
2681,2,4370,2176,2194,0,0,0,1.0,1,1.0,1,1.0,1,0.23347077704281327,32
2682,0,4370,2176,2194,0,0,0,1.0,1,1.0,1,1.0,1,0.23347077704281327,32
2683,1,4371,2177,2194,0,0,0,1.0,1,1.0,1,1.0,1,0.25923264431349946,32
2684,1,4372,2177,2195,0,0,0,1.0,1,1.0,1,1.0,1,0.2394572793151195,31
2685,1,4373,2178,2195,0,0,0,1.0,1,1.0,1,1.0,1,0.29622980342392935,30
2686,2,4375,2178,2197,0,0,0,1.0,1,1.0,1,1.0,1,0.24623633433481207,29
2687,0,4375,2178,2197,0,0,0,1.0,1,1.0,1,1.0,1,0.28427001233000593,28
2688,0,4375,2178,2197,0,0,0,1.0,1,1.0,1,1.0,1,0.28427001233000593,28
2689,0,4375,2178,2197,0,0,0,1.0,1,1.0,1,1.0,1,0.30744067058299923,29
2690,0,4375,2178,2197,0,0,0,1.0,1,1.0,1,1.0,1,0.30744067058299923,29
2691,4,4379,2181,2198,0,0,0,1.0,1,1.0,1,1.0,1,0.23318181169207378,29
2692,0,4379,2181,2198,0,0,0,1.0,1,1.0,1,1.0,1,0.2586782250651265,31
2693,2,4381,2183,2198,0,0,0,1.0,1,1.0,1,1.0,1,0.3499007904771201,32
2694,2,4383,2184,2199,0,0,0,1.0,1,1.0,1,1.0,1,0.3235962169419372,32
2695,1,4384,2185,2199,0,0,0,1.0,1,1.0,1,1.0,1,0.2780666585198769,33
2696,2,4386,2185,2201,0,0,0,1.0,1,1.0,1,1.0,1,0.21063899071629666,33
2697,1,4387,2185,2202,0,0,0,1.0,1,1.0,1,1.0,1,0.17677151324312917,34
2698,1,4388,2186,2202,0,0,0,1.0,1,1.0,1,1.0,1,0.20697351070605224,34
2699,0,4388,2186,2202,0,0,0,1.0,1,1.0,1,1.0,1,0.17918906161789364,36
2700,0,4388,2186,2202,0,0,0,1.0,1,1.0,1,1.0,1,0.1953153847347281,36
2701,0,4388,2186,2202,0,0,0,1.0,1,1.0,1,1.0,1,0.1953153847347281,36
2702,3,4391,2188,2203,0,0,0,1.0,1,1.0,1,1.0,1,0.1959487262801019,36
2703,2,4393,2190,2203,0,0,0,1.0,1,1.0,1,1.0,1,0.22441855158592036,38
2704,2,4395,2191,2204,0,0,0,1.0,1,1.0,1,1.0,1,0.23367834014190725,37
2705,4,4399,2194,2205,0,0,0,1.0,1,1.0,1,1.0,1,0.28520373850002323,36
2706,2,4401,2195,2206,0,0,0,1.0,1,1.0,1,1.0,1,0.2690331273844701,34
2707,2,4403,2196,2207,0,0,0,1.0,1,1.0,1,1.0,1,0.27839612571116673,36
2708,3,4406,2199,2207,0,0,0,1.0,1,1.0,1,1.0,1,0.2957609823779395,36
2709,2,4408,2200,2208,0,0,0,1.0,1,1.0,1,1.0,1,0.29795123795307676,33
2710,3,4411,2202,2209,0,0,0,1.0,1,1.0,1,1.0,1,0.2629895909875651,32
2711,1,4412,2203,2209,0,0,0,1.0,1,1.0,1,1.0,1,0.2469262227379686,29
2712,0,4412,2203,2209,0,0,0,1.0,1,1.0,1,1.0,1,0.29416773068770097,28
2713,0,4412,2203,2209,0,0,0,1.0,1,1.0,1,1.0,1,0.3091867161796545,28
2714,1,4413,2204,2209,0,0,0,1.0,1,1.0,1,1.0,1,0.3196930095629925,25
2715,1,4414,2205,2209,0,0,0,1.0,1,1.0,1,1.0,1,0.39962646252463746,24
2716,3,4417,2207,2210,0,0,0,1.0,1,1.0,1,1.0,1,0.4642906106130142,23
2717,1,4418,2208,2210,0,0,0,1.0,1,1.0,1,1.0,1,0.41313686569382757,24
2718,1,4419,2209,2210,0,0,0,1.0,1,1.0,1,1.0,1,0.4047691124295879,24
2719,0,4419,2209,2210,0,0,0,1.0,1,1.0,1,1.0,1,0.3820006147419434,25
2720,2,4421,2211,2210,0,0,0,1.0,1,1.0,1,1.0,1,0.3320832812938346,25
2721,2,4423,2213,2210,0,0,0,1.0,1,1.0,1,1.0,1,0.31089352876153203,26
2722,1,4424,2214,2210,0,0,0,1.0,1,1.0,1,1.0,1,0.3329645726720668,26
2723,1,4425,2215,2210,0,0,0,1.0,1,1.0,1,1.0,1,0.3093631404077471,26
2724,3,4428,2216,2212,0,0,0,1.0,1,1.0,1,1.0,1,0.2770368186583463,27
2725,1,4429,2217,2212,0,0,0,1.0,1,1.0,1,1.0,1,0.29393288144950735,27
2726,1,4430,2217,2213,0,0,0,1.0,1,1.0,1,1.0,1,0.2519245610834781,28
2727,0,4430,2217,2213,0,0,0,1.0,1,1.0,1,1.0,1,0.2468697114231306,29
2728,0,4430,2217,2213,0,0,0,1.0,1,1.0,1,1.0,1,0.25073390684142177,28
2729,0,4430,2217,2213,0,0,0,1.0,1,1.0,1,1.0,1,0.25073390684142177,28
2730,1,4431,2218,2213,0,0,0,1.0,1,1.0,1,1.0,1,0.29760998654493803,29
2731,2,4433,2218,2215,0,0,0,1.0,1,1.0,1,1.0,1,0.26414845257840036,30
2732,1,4434,2219,2215,0,0,0,1.0,1,1.0,1,1.0,1,0.2787442827917923,29
2733,0,4434,2219,2215,0,0,0,1.0,1,1.0,1,1.0,1,0.2787442827917923,29
2734,0,4434,2219,2215,0,0,0,1.0,1,1.0,1,1.0,1,0.2787442827917923,29
2735,2,4436,2220,2216,0,0,0,1.0,1,1.0,1,1.0,1,0.3123697063219296,29
2736,1,4437,2220,2217,0,0,0,1.0,1,1.0,1,1.0,1,0.2906679206825749,30
2737,1,4438,2221,2217,0,0,0,1.0,1,1.0,1,1.0,1,0.27751337729488873,30
2738,0,4438,2221,2217,0,0,0,1.0,1,1.0,1,1.0,1,0.29205529570821154,29
2739,0,4438,2221,2217,0,0,0,1.0,1,1.0,1,1.0,1,0.2958229834400418,30
2740,1,4439,2222,2217,0,0,0,1.0,1,1.0,1,1.0,1,0.3221147462316571,29
2741,4,4443,2224,2219,0,0,0,1.0,1,1.0,1,1.0,1,0.3062537343059648,29
2742,1,4444,2225,2219,0,0,0,1.0,1,1.0,1,1.0,1,0.3235187475253286,29
2743,3,4447,2226,2221,0,0,0,1.0,1,1.0,1,1.0,1,0.3663923988945759,30
2744,3,4450,2228,2222,0,0,0,1.0,1,1.0,1,1.0,1,0.4479658166222307,28
2745,3,4453,2229,2224,0,0,0,1.0,1,1.0,1,1.0,1,0.41120589662633994,27
2746,3,4456,2229,2227,0,0,0,1.0,1,1.0,1,1.0,1,0.29845703834527504,26
2747,1,4457,2230,2227,0,0,0,1.0,1,1.0,1,1.0,1,0.3567175606347649,22
2748,2,4459,2230,2229,0,0,0,1.0,1,1.0,1,1.0,1,0.2730639183797792,22
2749,0,4459,2230,2229,0,0,0,1.0,1,1.0,1,1.0,1,0.33485293444624764,20
2750,0,4459,2230,2229,0,0,0,1.0,1,1.0,1,1.0,1,0.39850911591889504,17
2751,0,4459,2230,2229,0,0,0,1.0,1,1.0,1,1.0,1,0.39850911591889504,17
2752,0,4459,2230,2229,0,0,0,1.0,1,1.0,1,1.0,1,0.3754529810795571,16
2753,2,4461,2231,2230,0,0,0,1.0,1,1.0,1,1.0,1,0.3351611787099825,16
2754,1,4462,2232,2230,0,0,0,1.0,1,1.0,1,1.0,1,0.4071770989565669,16
2755,0,4462,2232,2230,0,0,0,1.0,1,1.0,1,1.0,1,0.4071770989565669,16
2756,1,4463,2232,2231,0,0,0,1.0,1,1.0,1,1.0,1,0.3932137345620446,17
2757,1,4464,2233,2231,0,0,0,1.0,1,1.0,1,1.0,1,0.4085779092297138,18
2758,0,4464,2233,2231,0,0,0,1.0,1,1.0,1,1.0,1,0.4085779092297138,18
2759,2,4466,2234,2232,0,0,0,1.0,1,1.0,1,1.0,1,0.3477212508126295,19
2760,0,4466,2234,2232,0,0,0,1.0,1,1.0,1,1.0,1,0.3146582217608372,18
2761,0,4466,2234,2232,0,0,0,1.0,1,1.0,1,1.0,1,0.3146582217608372,18
2762,0,4466,2234,2232,0,0,0,1.0,1,1.0,1,1.0,1,0.3146582217608372,18
2763,0,4466,2234,2232,0,0,0,1.0,1,1.0,1,1.0,1,0.3146582217608372,18
2764,0,4466,2234,2232,0,0,0,1.0,1,1.0,1,1.0,1,0.3146582217608372,18
2765,1,4467,2235,2232,0,0,0,1.0,1,1.0,1,1.0,1,0.29520719482486907,18
2766,0,4467,2235,2232,0,0,0,1.0,1,1.0,1,1.0,1,0.29520719482486907,18
2767,0,4467,2235,2232,0,0,0,1.0,1,1.0,1,1.0,1,0.33455375386722214,17
2768,0,4467,2235,2232,0,0,0,1.0,1,1.0,1,1.0,1,0.33455375386722214,17
2769,1,4468,2236,2232,0,0,0,1.0,1,1.0,1,1.0,1,0.2806240853583389,17
2770,0,4468,2236,2232,0,0,0,1.0,1,1.0,1,1.0,1,0.2806240853583389,17
2771,0,4468,2236,2232,0,0,0,1.0,1,1.0,1,1.0,1,0.2806240853583389,17
2772,0,4468,2236,2232,0,0,0,1.0,1,1.0,1,1.0,1,0.2806240853583389,17
2773,0,4468,2236,2232,0,0,0,1.0,1,1.0,1,1.0,1,0.2806240853583389,17
2774,0,4468,2236,2232,0,0,0,1.0,1,1.0,1,1.0,1,0.24373482825676887,18
2775,3,4471,2239,2232,0,0,0,1.0,1,1.0,1,1.0,1,0.27259089407014686,20
2776,0,4471,2239,2232,0,0,0,1.0,1,1.0,1,1.0,1,0.27537307242327563,21
2777,0,4471,2239,2232,0,0,0,1.0,1,1.0,1,1.0,1,0.27537307242327563,21
2778,3,4474,2241,2233,0,0,0,1.0,1,1.0,1,1.0,1,0.3704084838806747,21
2779,0,4474,2241,2233,0,0,0,1.0,1,1.0,1,1.0,1,0.3759472761816076,22
2780,1,4475,2242,2233,0,0,0,1.0,1,1.0,1,1.0,1,0.4648488714882809,22
2781,2,4477,2243,2234,0,0,0,1.0,1,1.0,1,1.0,1,0.4536409289260482,22
2782,3,4480,2244,2236,0,0,0,1.0,1,1.0,1,1.0,1,0.3216297790496782,23
2783,0,4480,2244,2236,0,0,0,1.0,1,1.0,1,1.0,1,0.296067052321394,22
2784,1,4481,2245,2236,0,0,0,1.0,1,1.0,1,1.0,1,0.3026563800491649,21
2785,0,4481,2245,2236,0,0,0,1.0,1,1.0,1,1.0,1,0.2924249286548053,19
2786,0,4481,2245,2236,0,0,0,1.0,1,1.0,1,1.0,1,0.2924249286548053,19
2787,0,4481,2245,2236,0,0,0,1.0,1,1.0,1,1.0,1,0.26375065939900766,20
2788,1,4482,2246,2236,0,0,0,1.0,1,1.0,1,1.0,1,0.30065462267131193,20
2789,1,4483,2247,2236,0,0,0,1.0,1,1.0,1,1.0,1,0.38533939198526895,19
2790,0,4483,2247,2236,0,0,0,1.0,1,1.0,1,1.0,1,0.37177119426313654,20
2791,1,4484,2248,2236,0,0,0,1.0,1,1.0,1,1.0,1,0.40729681510633337,20
2792,0,4484,2248,2236,0,0,0,1.0,1,1.0,1,1.0,1,0.40729681510633337,20
2793,0,4484,2248,2236,0,0,0,1.0,1,1.0,1,1.0,1,0.43789444064013155,19
2794,0,4484,2248,2236,0,0,0,1.0,1,1.0,1,1.0,1,0.4465121264802403,20
2795,3,4487,2248,2239,0,0,0,1.0,1,1.0,1,1.0,1,0.326311423098233,21
2796,0,4487,2248,2239,0,0,0,1.0,1,1.0,1,1.0,1,0.31355978771862325,22
2797,0,4487,2248,2239,0,0,0,1.0,1,1.0,1,1.0,1,0.2933713803903578,21
2798,0,4487,2248,2239,0,0,0,1.0,1,1.0,1,1.0,1,0.2933713803903578,21
2799,0,4487,2248,2239,0,0,0,1.0,1,1.0,1,1.0,1,0.3143457885964366,20
2800,0,4487,2248,2239,0,0,0,1.0,1,1.0,1,1.0,1,0.3143457885964366,20
2801,0,4487,2248,2239,0,0,0,1.0,1,1.0,1,1.0,1,0.3143457885964366,20
2802,1,4488,2248,2240,0,0,0,1.0,1,1.0,1,1.0,1,0.24592847124724412,20
2803,1,4489,2248,2241,0,0,0,1.0,1,1.0,1,1.0,1,0.20048145062707998,21
2804,1,4490,2248,2242,0,0,0,1.0,1,1.0,1,1.0,1,0.17971815152259493,22
2805,1,4491,2249,2242,0,0,0,1.0,1,1.0,1,1.0,1,0.17616416070192362,22
2806,1,4492,2250,2242,0,0,0,1.0,1,1.0,1,1.0,1,0.20669053863089457,23
2807,2,4494,2252,2242,0,0,0,1.0,1,1.0,1,1.0,1,0.29141320903472895,24
2808,2,4496,2254,2242,0,0,0,1.0,1,1.0,1,1.0,1,0.3420920674402463,24
2809,2,4498,2254,2244,0,0,0,1.0,1,1.0,1,1.0,1,0.2666503143467041,26
2810,0,4498,2254,2244,0,0,0,1.0,1,1.0,1,1.0,1,0.23627890726585135,26
2811,0,4498,2254,2244,0,0,0,1.0,1,1.0,1,1.0,1,0.21259980476839135,27
2812,0,4498,2254,2244,0,0,0,1.0,1,1.0,1,1.0,1,0.21259980476839135,27
2813,0,4498,2254,2244,0,0,0,1.0,1,1.0,1,1.0,1,0.18489913501475796,28
2814,0,4498,2254,2244,0,0,0,1.0,1,1.0,1,1.0,1,0.18819177555387961,29
2815,0,4498,2254,2244,0,0,0,1.0,1,1.0,1,1.0,1,0.18175830725538353,30
2816,1,4499,2255,2244,0,0,0,1.0,1,1.0,1,1.0,1,0.16643096409898875,31
2817,0,4499,2255,2244,0,0,0,1.0,1,1.0,1,1.0,1,0.16643096409898875,31
2818,1,4500,2256,2244,0,0,0,1.0,1,1.0,1,1.0,1,0.167135739775929,32
2819,0,4500,2256,2244,0,0,0,1.0,1,1.0,1,1.0,1,0.167135739775929,32
2820,0,4500,2256,2244,0,0,0,1.0,1,1.0,1,1.0,1,0.16691726494661752,33
2821,0,4500,2256,2244,0,0,0,1.0,1,1.0,1,1.0,1,0.18812951453677199,34
2822,2,4502,2258,2244,0,0,0,1.0,1,1.0,1,1.0,1,0.24252826857127188,35
2823,1,4503,2259,2244,0,0,0,1.0,1,1.0,1,1.0,1,0.2936101798589419,31
2824,3,4506,2261,2245,0,0,0,1.0,1,1.0,1,1.0,1,0.3798250183452301,33
2825,0,4506,2261,2245,0,0,0,1.0,1,1.0,1,1.0,1,0.36620433449945133,31
2826,1,4507,2262,2245,0,0,0,1.0,1,1.0,1,1.0,1,0.3945108551878868,31
2827,6,4513,2266,2247,0,0,0,1.0,1,1.0,1,1.0,1,0.3647650607664187,32
2828,6,4519,2269,2250,0,0,0,1.0,1,1.0,1,1.0,1,0.387419173727001,33
2829,2,4521,2270,2251,0,0,0,1.0,1,1.0,1,1.0,1,0.3615355020427545,33
2830,2,4523,2270,2253,0,0,0,1.0,1,1.0,1,1.0,1,0.3048810650778232,32
2831,3,4526,2272,2254,0,0,0,1.0,1,1.0,1,1.0,1,0.30222550358792705,31
2832,2,4528,2274,2254,0,0,0,1.0,1,1.0,1,1.0,1,0.2558489823703773,30
2833,0,4528,2274,2254,0,0,0,1.0,1,1.0,1,1.0,1,0.24022064909099275,29
2834,4,4532,2277,2255,0,0,0,1.0,1,1.0,1,1.0,1,0.269445207974961,29
2835,3,4535,2279,2256,0,0,0,1.0,1,1.0,1,1.0,1,0.38194377552357345,27
2836,2,4537,2279,2258,0,0,0,1.0,1,1.0,1,1.0,1,0.3032407778743326,27
2837,0,4537,2279,2258,0,0,0,1.0,1,1.0,1,1.0,1,0.3156108343357087,28
2838,0,4537,2279,2258,0,0,0,1.0,1,1.0,1,1.0,1,0.3220566653496033,29
2839,1,4538,2279,2259,0,0,0,1.0,1,1.0,1,1.0,1,0.2634779313177023,29
2840,0,4538,2279,2259,0,0,0,1.0,1,1.0,1,1.0,1,0.2634779313177023,29
2841,2,4540,2280,2260,0,0,0,1.0,1,1.0,1,1.0,1,0.2619345285626004,31
2842,1,4541,2280,2261,0,0,0,1.0,1,1.0,1,1.0,1,0.22483610783532565,32
2843,1,4542,2280,2262,0,0,0,1.0,1,1.0,1,1.0,1,0.17003366524874422,32
2844,0,4542,2280,2262,0,0,0,1.0,1,1.0,1,1.0,1,0.19921277497295692,33
2845,1,4543,2281,2262,0,0,0,1.0,1,1.0,1,1.0,1,0.2434936920542987,34
2846,1,4544,2282,2262,0,0,0,1.0,1,1.0,1,1.0,1,0.26407476770919436,34
2847,1,4545,2283,2262,0,0,0,1.0,1,1.0,1,1.0,1,0.23419888973819458,35
2848,4,4549,2284,2265,0,0,0,1.0,1,1.0,1,1.0,1,0.2131899950177058,37
2849,1,4550,2285,2265,0,0,0,1.0,1,1.0,1,1.0,1,0.26283448372944845,37
2850,1,4551,2286,2265,0,0,0,1.0,1,1.0,1,1.0,1,0.24926918452008465,37
2851,3,4554,2287,2267,0,0,0,1.0,1,1.0,1,1.0,1,0.20651413001672206,38
2852,0,4554,2287,2267,0,0,0,1.0,1,1.0,1,1.0,1,0.2207911776931732,36
2853,0,4554,2287,2267,0,0,0,1.0,1,1.0,1,1.0,1,0.2735675258647844,36
2854,0,4554,2287,2267,0,0,0,1.0,1,1.0,1,1.0,1,0.28860050656353303,37
2855,0,4554,2287,2267,0,0,0,1.0,1,1.0,1,1.0,1,0.3179423636166095,37
2856,2,4556,2287,2269,0,0,0,1.0,1,1.0,1,1.0,1,0.2531633882327527,38
2857,4,4560,2288,2272,0,0,0,1.0,1,1.0,1,1.0,1,0.2415313894257352,39
2858,2,4562,2288,2274,0,0,0,1.0,1,1.0,1,1.0,1,0.20947648891789059,39
2859,1,4563,2288,2275,0,0,0,1.0,1,1.0,1,1.0,1,0.19952793862679313,39
2860,2,4565,2290,2275,0,0,0,1.0,1,1.0,1,1.0,1,0.23683556526393587,40
2861,2,4567,2291,2276,0,0,0,1.0,1,1.0,1,1.0,1,0.21807857803499106,38
2862,5,4572,2296,2276,0,0,0,1.0,1,1.0,1,1.0,1,0.2557622694147624,38
2863,3,4575,2297,2278,0,0,0,1.0,1,1.0,1,1.0,1,0.1985679997590149,37
2864,4,4579,2301,2278,0,0,0,1.0,1,1.0,1,1.0,1,0.24186621903359692,35
2865,1,4580,2302,2278,0,0,0,1.0,1,1.0,1,1.0,1,0.2547463019196609,33
2866,2,4582,2303,2279,0,0,0,1.0,1,1.0,1,1.0,1,0.2466346227758038,31
2867,1,4583,2304,2279,0,0,0,1.0,1,1.0,1,1.0,1,0.2720846776175884,30
2868,2,4585,2305,2280,0,0,0,1.0,1,1.0,1,1.0,1,0.2914198910345791,31
2869,4,4589,2307,2282,0,0,0,1.0,1,1.0,1,1.0,1,0.3197463660740336,30
2870,1,4590,2307,2283,0,0,0,1.0,1,1.0,1,1.0,1,0.33747207619978825,26
2871,1,4591,2308,2283,0,0,0,1.0,1,1.0,1,1.0,1,0.3722867472335719,27
2872,0,4591,2308,2283,0,0,0,1.0,1,1.0,1,1.0,1,0.36364734359826006,25
2873,0,4591,2308,2283,0,0,0,1.0,1,1.0,1,1.0,1,0.352475828504132,24
2874,1,4592,2308,2284,0,0,0,1.0,1,1.0,1,1.0,1,0.29354354189288334,25
2875,0,4592,2308,2284,0,0,0,1.0,1,1.0,1,1.0,1,0.31642421101517376,26
2876,3,4595,2309,2286,0,0,0,1.0,1,1.0,1,1.0,1,0.3252068148102149,28
2877,0,4595,2309,2286,0,0,0,1.0,1,1.0,1,1.0,1,0.3213285225667262,29
2878,0,4595,2309,2286,0,0,0,1.0,1,1.0,1,1.0,1,0.3137949208466228,31
2879,0,4595,2309,2286,0,0,0,1.0,1,1.0,1,1.0,1,0.3137949208466228,31
2880,0,4595,2309,2286,0,0,0,1.0,1,1.0,1,1.0,1,0.31231797031078706,32
2881,3,4598,2309,2289,0,0,0,1.0,1,1.0,1,1.0,1,0.2650201235673935,31
2882,0,4598,2309,2289,0,0,0,1.0,1,1.0,1,1.0,1,0.2650201235673935,31
2883,1,4599,2309,2290,0,0,0,1.0,1,1.0,1,1.0,1,0.25380628029367236,32
2884,2,4601,2310,2291,0,0,0,1.0,1,1.0,1,1.0,1,0.23350905251244533,32
2885,1,4602,2311,2291,0,0,0,1.0,1,1.0,1,1.0,1,0.24319363845582742,33
2886,4,4606,2313,2293,0,0,0,1.0,1,1.0,1,1.0,1,0.20292331463337662,34
2887,0,4606,2313,2293,0,0,0,1.0,1,1.0,1,1.0,1,0.21491919381865326,34
2888,2,4608,2315,2293,0,0,0,1.0,1,1.0,1,1.0,1,0.21862920730321653,34
2889,2,4610,2316,2294,0,0,0,1.0,1,1.0,1,1.0,1,0.2568046493640235,37
2890,1,4611,2316,2295,0,0,0,1.0,1,1.0,1,1.0,1,0.23470172542808432,37
2891,1,4612,2317,2295,0,0,0,1.0,1,1.0,1,1.0,1,0.27404991845761634,37
2892,1,4613,2317,2296,0,0,0,1.0,1,1.0,1,1.0,1,0.258543683858432,37
2893,1,4614,2318,2296,0,0,0,1.0,1,1.0,1,1.0,1,0.28683769892802014,38
2894,2,4616,2318,2298,0,0,0,1.0,1,1.0,1,1.0,1,0.24637452890447778,39
2895,1,4617,2319,2298,0,0,0,1.0,1,1.0,1,1.0,1,0.23707750473112887,40
2896,2,4619,2320,2299,0,0,0,1.0,1,1.0,1,1.0,1,0.26315110727974406,41
2897,3,4622,2321,2301,0,0,0,1.0,1,1.0,1,1.0,1,0.24042883927972905,41
2898,1,4623,2322,2301,0,0,0,1.0,1,1.0,1,1.0,1,0.2840707779256056,41
2899,2,4625,2324,2301,0,0,0,1.0,1,1.0,1,1.0,1,0.29887159126691104,39
2900,8,4633,2327,2306,0,0,0,1.0,1,1.0,1,1.0,1,0.3645092593131142,40
2901,0,4633,2327,2306,0,0,0,1.0,1,1.0,1,1.0,1,0.3286369689525832,40
2902,1,4634,2328,2306,0,0,0,1.0,1,1.0,1,1.0,1,0.3377815181406042,38
2903,0,4634,2328,2306,0,0,0,1.0,1,1.0,1,1.0,1,0.30425648441981545,36
2904,3,4637,2329,2308,0,0,0,1.0,1,1.0,1,1.0,1,0.257680326045821,36
2905,1,4638,2330,2308,0,0,0,1.0,1,1.0,1,1.0,1,0.23774609743891773,35
2906,0,4638,2330,2308,0,0,0,1.0,1,1.0,1,1.0,1,0.24982129510684667,36
2907,0,4638,2330,2308,0,0,0,1.0,1,1.0,1,1.0,1,0.25420375091756736,37
2908,1,4639,2331,2308,0,0,0,1.0,1,1.0,1,1.0,1,0.2836824590086586,38
2909,1,4640,2332,2308,0,0,0,1.0,1,1.0,1,1.0,1,0.29807051581845867,37
2910,0,4640,2332,2308,0,0,0,1.0,1,1.0,1,1.0,1,0.28874750603102534,37
2911,0,4640,2332,2308,0,0,0,1.0,1,1.0,1,1.0,1,0.31572120291337313,36
2912,6,4646,2335,2311,0,0,0,1.0,1,1.0,1,1.0,1,0.33321102717991147,36
2913,1,4647,2336,2311,0,0,0,1.0,1,1.0,1,1.0,1,0.333903157078281,36
2914,2,4649,2337,2312,0,0,0,1.0,1,1.0,1,1.0,1,0.33586633950668704,38
2915,0,4649,2337,2312,0,0,0,1.0,1,1.0,1,1.0,1,0.3284571037532167,37
2916,4,4653,2337,2316,0,0,0,1.0,1,1.0,1,1.0,1,0.273964023852855,39
2917,4,4657,2337,2320,0,0,0,1.0,1,1.0,1,1.0,1,0.20965550764384405,40
2918,3,4660,2339,2321,0,0,0,1.0,1,1.0,1,1.0,1,0.2510423473570806,40
2919,1,4661,2340,2321,0,0,0,1.0,1,1.0,1,1.0,1,0.23911325813024092,42
2920,0,4661,2340,2321,0,0,0,1.0,1,1.0,1,1.0,1,0.23911325813024092,42
2921,2,4663,2340,2323,0,0,0,1.0,1,1.0,1,1.0,1,0.20713769280312283,42
2922,0,4663,2340,2323,0,0,0,1.0,1,1.0,1,1.0,1,0.1832638570276857,43
2923,1,4664,2340,2324,0,0,0,1.0,1,1.0,1,1.0,1,0.19146506141957725,45
2924,1,4665,2341,2324,0,0,0,1.0,1,1.0,1,1.0,1,0.19872443603403353,46
2925,0,4665,2341,2324,0,0,0,1.0,1,1.0,1,1.0,1,0.19872443603403353,46
2926,2,4667,2341,2326,0,0,0,1.0,1,1.0,1,1.0,1,0.17123744935122814,46
2927,1,4668,2342,2326,0,0,0,1.0,1,1.0,1,1.0,1,0.16467771457350322,48
2928,1,4669,2343,2326,0,0,0,1.0,1,1.0,1,1.0,1,0.19395103046559461,48
2929,1,4670,2343,2327,0,0,0,1.0,1,1.0,1,1.0,1,0.1850306703119177,48
2930,0,4670,2343,2327,0,0,0,1.0,1,1.0,1,1.0,1,0.1977876437357223,50
2931,1,4671,2344,2327,0,0,0,1.0,1,1.0,1,1.0,1,0.22236575036354733,51
2932,0,4671,2344,2327,0,0,0,1.0,1,1.0,1,1.0,1,0.23164012544377446,52
2933,1,4672,2344,2328,0,0,0,1.0,1,1.0,1,1.0,1,0.22921325580125562,53
2934,1,4673,2344,2329,0,0,0,1.0,1,1.0,1,1.0,1,0.22845205936860571,54
2935,0,4673,2344,2329,0,0,0,1.0,1,1.0,1,1.0,1,0.24737764052258363,53
2936,1,4674,2344,2330,0,0,0,1.0,1,1.0,1,1.0,1,0.236126517961632,53
2937,0,4674,2344,2330,0,0,0,1.0,1,1.0,1,1.0,1,0.2483472915369995,51
2938,3,4677,2345,2332,0,0,0,1.0,1,1.0,1,1.0,1,0.2672710823901278,53
2939,2,4679,2346,2333,0,0,0,1.0,1,1.0,1,1.0,1,0.2834394991842228,52
2940,3,4682,2348,2334,0,0,0,1.0,1,1.0,1,1.0,1,0.3175299817533061,52
2941,2,4684,2349,2335,0,0,0,1.0,1,1.0,1,1.0,1,0.31580431672747783,50
2942,4,4688,2351,2337,0,0,0,1.0,1,1.0,1,1.0,1,0.29697613470914247,50
2943,2,4690,2352,2338,0,0,0,1.0,1,1.0,1,1.0,1,0.28634886929450737,49
2944,2,4692,2352,2340,0,0,0,1.0,1,1.0,1,1.0,1,0.25336876832535254,48
2945,4,4696,2353,2343,0,0,0,1.0,1,1.0,1,1.0,1,0.21374821967329707,48
2946,1,4697,2353,2344,0,0,0,1.0,1,1.0,1,1.0,1,0.18937645227962377,47
2947,1,4698,2354,2344,0,0,0,1.0,1,1.0,1,1.0,1,0.18440868663363563,47
2948,2,4700,2355,2345,0,0,0,1.0,1,1.0,1,1.0,1,0.18523341347487668,48
2949,0,4700,2355,2345,0,0,0,1.0,1,1.0,1,1.0,1,0.18523341347487668,48
2950,0,4700,2355,2345,0,0,0,1.0,1,1.0,1,1.0,1,0.18523341347487668,48
2951,2,4702,2355,2347,0,0,0,1.0,1,1.0,1,1.0,1,0.18243808020478877,50
2952,1,4703,2355,2348,0,0,0,1.0,1,1.0,1,1.0,1,0.17172749884007876,50
2953,0,4703,2355,2348,0,0,0,1.0,1,1.0,1,1.0,1,0.1769261867391022,51
2954,1,4704,2355,2349,0,0,0,1.0,1,1.0,1,1.0,1,0.14557784645695596,51
2955,0,4704,2355,2349,0,0,0,1.0,1,1.0,1,1.0,1,0.14557784645695596,51
2956,1,4705,2356,2349,0,0,0,1.0,1,1.0,1,1.0,1,0.16326853016113396,51
2957,0,4705,2356,2349,0,0,0,1.0,1,1.0,1,1.0,1,0.17502756547866835,52
2958,0,4705,2356,2349,0,0,0,1.0,1,1.0,1,1.0,1,0.17502756547866835,52
2959,1,4706,2357,2349,0,0,0,1.0,1,1.0,1,1.0,1,0.19864497175623502,53
2960,1,4707,2358,2349,0,0,0,1.0,1,1.0,1,1.0,1,0.21709639330581523,52
2961,3,4710,2359,2351,0,0,0,1.0,1,1.0,1,1.0,1,0.1629594422689864,53
2962,1,4711,2360,2351,0,0,0,1.0,1,1.0,1,1.0,1,0.17914528700500862,54
2963,3,4714,2362,2352,0,0,0,1.0,1,1.0,1,1.0,1,0.19982939663491625,55
2964,1,4715,2362,2353,0,0,0,1.0,1,1.0,1,1.0,1,0.21003040382608962,55
2965,0,4715,2362,2353,0,0,0,1.0,1,1.0,1,1.0,1,0.21960086851923222,55
2966,3,4718,2362,2356,0,0,0,1.0,1,1.0,1,1.0,1,0.17367336941567219,55
2967,1,4719,2362,2357,0,0,0,1.0,1,1.0,1,1.0,1,0.20791399327342597,56
2968,0,4719,2362,2357,0,0,0,1.0,1,1.0,1,1.0,1,0.20791399327342597,56
2969,1,4720,2362,2358,0,0,0,1.0,1,1.0,1,1.0,1,0.20361926568129649,55
2970,2,4722,2362,2360,0,0,0,1.0,1,1.0,1,1.0,1,0.20181091373567642,57
2971,2,4724,2364,2360,0,0,0,1.0,1,1.0,1,1.0,1,0.1827642933211302,56
2972,2,4726,2365,2361,0,0,0,1.0,1,1.0,1,1.0,1,0.1863036457085083,57
2973,4,4730,2367,2363,0,0,0,1.0,1,1.0,1,1.0,1,0.18967815475913097,59
2974,1,4731,2368,2363,0,0,0,1.0,1,1.0,1,1.0,1,0.1943516062242869,60
2975,2,4733,2370,2363,0,0,0,1.0,1,1.0,1,1.0,1,0.25880748805219217,58
2976,8,4741,2371,2370,0,0,0,1.0,1,1.0,1,1.0,1,0.227927571927799,59
2977,3,4744,2372,2372,0,0,0,1.0,1,1.0,1,1.0,1,0.21644773102726125,59
2978,1,4745,2373,2372,0,0,0,1.0,1,1.0,1,1.0,1,0.18986109888046987,58
2979,0,4745,2373,2372,0,0,0,1.0,1,1.0,1,1.0,1,0.17956149803594665,57
2980,1,4746,2374,2372,0,0,0,1.0,1,1.0,1,1.0,1,0.19519823038090278,56
2981,1,4747,2375,2372,0,0,0,1.0,1,1.0,1,1.0,1,0.21887642985662809,56
2982,1,4748,2375,2373,0,0,0,1.0,1,1.0,1,1.0,1,0.21273854443536108,57
2983,4,4752,2377,2375,0,0,0,1.0,1,1.0,1,1.0,1,0.23531737755339438,57
2984,1,4753,2377,2376,0,0,0,1.0,1,1.0,1,1.0,1,0.20247592295102498,56
2985,1,4754,2377,2377,0,0,0,1.0,1,1.0,1,1.0,1,0.22086926928242437,55
2986,7,4761,2381,2380,0,0,0,1.0,1,1.0,1,1.0,1,0.20816747464068358,55
2987,0,4761,2381,2380,0,0,0,1.0,1,1.0,1,1.0,1,0.21706023861583068,51
2988,0,4761,2381,2380,0,0,0,1.0,1,1.0,1,1.0,1,0.21621036804668484,52
2989,1,4762,2381,2381,0,0,0,1.0,1,1.0,1,1.0,1,0.2189904962296094,50
2990,1,4763,2382,2381,0,0,0,1.0,1,1.0,1,1.0,1,0.23013134830646848,50
2991,2,4765,2382,2383,0,0,0,1.0,1,1.0,1,1.0,1,0.1886759574793582,50
2992,0,4765,2382,2383,0,0,0,1.0,1,1.0,1,1.0,1,0.1886759574793582,50
2993,3,4768,2382,2386,0,0,0,1.0,1,1.0,1,1.0,1,0.18022067467297298,51
2994,3,4771,2384,2387,0,0,0,1.0,1,1.0,1,1.0,1,0.19046989672771772,51
2995,0,4771,2384,2387,0,0,0,1.0,1,1.0,1,1.0,1,0.2125343675256916,51
2996,3,4774,2385,2389,0,0,0,1.0,1,1.0,1,1.0,1,0.2020878822234609,52
2997,2,4776,2387,2389,0,0,0,1.0,1,1.0,1,1.0,1,0.23295730936735398,52
2998,5,4781,2391,2390,0,0,0,1.0,1,1.0,1,1.0,1,0.2214735669639469,51
2999,1,4782,2391,2391,0,0,0,1.0,1,1.0,1,1.0,1,0.206451163399366,51
3000,2,4784,2393,2391,0,0,0,1.0,1,1.0,1,1.0,1,0.20361904622161278,52
3001,2,4786,2393,2393,0,0,0,1.0,1,1.0,1,1.0,1,0.18445020982401752,52
3002,1,4787,2394,2393,0,0,0,1.0,1,1.0,1,1.0,1,0.2114487926083868,53
3003,0,4787,2394,2393,0,0,0,1.0,1,1.0,1,1.0,1,0.20078517808980484,54
3004,0,4787,2394,2393,0,0,0,1.0,1,1.0,1,1.0,1,0.20908242947809216,55
3005,1,4788,2394,2394,0,0,0,1.0,1,1.0,1,1.0,1,0.21457666251524574,56
3006,1,4789,2394,2395,0,0,0,1.0,1,1.0,1,1.0,1,0.19066738270296682,57
3007,1,4790,2394,2396,0,0,0,1.0,1,1.0,1,1.0,1,0.18504085947687637,58
3008,2,4792,2396,2396,0,0,0,1.0,1,1.0,1,1.0,1,0.1921456808715588,59
3009,0,4792,2396,2396,0,0,0,1.0,1,1.0,1,1.0,1,0.1921456808715588,59
3010,0,4792,2396,2396,0,0,0,1.0,1,1.0,1,1.0,1,0.1921456808715588,59
3011,3,4795,2397,2398,0,0,0,1.0,1,1.0,1,1.0,1,0.16561061755026693,59
3012,1,4796,2398,2398,0,0,0,1.0,1,1.0,1,1.0,1,0.20952171330368938,61
3013,0,4796,2398,2398,0,0,0,1.0,1,1.0,1,1.0,1,0.2009595747344604,59
3014,0,4796,2398,2398,0,0,0,1.0,1,1.0,1,1.0,1,0.20819835510711443,60
3015,1,4797,2398,2399,0,0,0,1.0,1,1.0,1,1.0,1,0.19860376412803948,58
3016,0,4797,2398,2399,0,0,0,1.0,1,1.0,1,1.0,1,0.1911763401379386,57
3017,3,4800,2401,2399,0,0,0,1.0,1,1.0,1,1.0,1,0.21160650537666723,58
3018,0,4800,2401,2399,0,0,0,1.0,1,1.0,1,1.0,1,0.2614188747968195,55
3019,2,4802,2402,2400,0,0,0,1.0,1,1.0,1,1.0,1,0.2668427596834442,56
3020,3,4805,2403,2402,0,0,0,1.0,1,1.0,1,1.0,1,0.3162895999141987,55
3021,3,4808,2404,2404,0,0,0,1.0,1,1.0,1,1.0,1,0.28875775367537454,55
3022,5,4813,2407,2406,0,0,0,1.0,1,1.0,1,1.0,1,0.3166631117150354,55
3023,3,4816,2408,2408,0,0,0,1.0,1,1.0,1,1.0,1,0.28028137714376994,54
3024,3,4819,2409,2410,0,0,0,1.0,1,1.0,1,1.0,1,0.2731916513823156,54
3025,4,4823,2410,2413,0,0,0,1.0,1,1.0,1,1.0,1,0.23678080031824134,54
3026,3,4826,2410,2416,0,0,0,1.0,1,1.0,1,1.0,1,0.19026710500289948,53
3027,1,4827,2411,2416,0,0,0,1.0,1,1.0,1,1.0,1,0.18163472637235215,53
3028,2,4829,2413,2416,0,0,0,1.0,1,1.0,1,1.0,1,0.17304193376767224,51
3029,2,4831,2414,2417,0,0,0,1.0,1,1.0,1,1.0,1,0.19506357798870494,51
3030,2,4833,2416,2417,0,0,0,1.0,1,1.0,1,1.0,1,0.21145344270992847,52
3031,5,4838,2419,2419,0,0,0,1.0,1,1.0,1,1.0,1,0.18922984248735297,51
3032,0,4838,2419,2419,0,0,0,1.0,1,1.0,1,1.0,1,0.18023368908022153,50
3033,1,4839,2420,2419,0,0,0,1.0,1,1.0,1,1.0,1,0.17915694744465138,52
3034,0,4839,2420,2419,0,0,0,1.0,1,1.0,1,1.0,1,0.18602019278282425,51
3035,0,4839,2420,2419,0,0,0,1.0,1,1.0,1,1.0,1,0.18494221826473708,51
3036,2,4841,2420,2421,0,0,0,1.0,1,1.0,1,1.0,1,0.15628631555060224,53
3037,0,4841,2420,2421,0,0,0,1.0,1,1.0,1,1.0,1,0.1640612839273686,52
3038,0,4841,2420,2421,0,0,0,1.0,1,1.0,1,1.0,1,0.1640612839273686,52
3039,2,4843,2420,2423,0,0,0,1.0,1,1.0,1,1.0,1,0.1421628351363024,54
3040,1,4844,2421,2423,0,0,0,1.0,1,1.0,1,1.0,1,0.12099980698921439,55
3041,0,4844,2421,2423,0,0,0,1.0,1,1.0,1,1.0,1,0.13236650301565164,56
3042,2,4846,2423,2423,0,0,0,1.0,1,1.0,1,1.0,1,0.1620759345679447,56
3043,0,4846,2423,2423,0,0,0,1.0,1,1.0,1,1.0,1,0.15699387948851473,57
3044,2,4848,2425,2423,0,0,0,1.0,1,1.0,1,1.0,1,0.19086934315394222,57
3045,3,4851,2425,2426,0,0,0,1.0,1,1.0,1,1.0,1,0.1559143957889783,56
3046,3,4854,2427,2427,0,0,0,1.0,1,1.0,1,1.0,1,0.13273510646106046,57
3047,1,4855,2428,2427,0,0,0,1.0,1,1.0,1,1.0,1,0.16152785037156342,56
3048,0,4855,2428,2427,0,0,0,1.0,1,1.0,1,1.0,1,0.18542299729953726,58
3049,1,4856,2428,2428,0,0,0,1.0,1,1.0,1,1.0,1,0.20549367447722341,59
3050,1,4857,2428,2429,0,0,0,1.0,1,1.0,1,1.0,1,0.21814351098334073,60
3051,6,4863,2430,2433,0,0,0,1.0,1,1.0,1,1.0,1,0.20834851716348257,59
3052,2,4865,2431,2434,0,0,0,1.0,1,1.0,1,1.0,1,0.22966831980264105,58
3053,2,4867,2433,2434,0,0,0,1.0,1,1.0,1,1.0,1,0.2998653885853717,57
3054,6,4873,2435,2438,0,0,0,1.0,1,1.0,1,1.0,1,0.28879900843809364,55
3055,1,4874,2436,2438,0,0,0,1.0,1,1.0,1,1.0,1,0.29821244430606175,54
3056,4,4878,2437,2441,0,0,0,1.0,1,1.0,1,1.0,1,0.25893321273920206,55
3057,0,4878,2437,2441,0,0,0,1.0,1,1.0,1,1.0,1,0.2707923936580426,54
3058,1,4879,2437,2442,0,0,0,1.0,1,1.0,1,1.0,1,0.2771686998389011,55
3059,1,4880,2437,2443,0,0,0,1.0,1,1.0,1,1.0,1,0.2614655636691271,56
3060,0,4880,2437,2443,0,0,0,1.0,1,1.0,1,1.0,1,0.2614655636691271,56
3061,0,4880,2437,2443,0,0,0,1.0,1,1.0,1,1.0,1,0.2614655636691271,56
3062,4,4884,2439,2445,0,0,0,1.0,1,1.0,1,1.0,1,0.2705114735360125,57
3063,1,4885,2440,2445,0,0,0,1.0,1,1.0,1,1.0,1,0.2680112411357566,55
3064,3,4888,2443,2445,0,0,0,1.0,1,1.0,1,1.0,1,0.30910726176955194,56
3065,3,4891,2445,2446,0,0,0,1.0,1,1.0,1,1.0,1,0.31242719637086896,55
3066,5,4896,2447,2449,0,0,0,1.0,1,1.0,1,1.0,1,0.3247306158388895,55
3067,4,4900,2449,2451,0,0,0,1.0,1,1.0,1,1.0,1,0.31741207759578227,54
3068,3,4903,2450,2453,0,0,0,1.0,1,1.0,1,1.0,1,0.32019629894911605,53
3069,1,4904,2451,2453,0,0,0,1.0,1,1.0,1,1.0,1,0.2956671218121825,51
3070,1,4905,2451,2454,0,0,0,1.0,1,1.0,1,1.0,1,0.28821897018295295,50
3071,1,4906,2451,2455,0,0,0,1.0,1,1.0,1,1.0,1,0.257523482621369,51
3072,4,4910,2454,2456,0,0,0,1.0,1,1.0,1,1.0,1,0.25938309343591703,53
3073,1,4911,2454,2457,0,0,0,1.0,1,1.0,1,1.0,1,0.24498187677748817,51
3074,2,4913,2455,2458,0,0,0,1.0,1,1.0,1,1.0,1,0.25058856293326054,50
3075,1,4914,2456,2458,0,0,0,1.0,1,1.0,1,1.0,1,0.28132708950938073,52
3076,4,4918,2456,2462,0,0,0,1.0,1,1.0,1,1.0,1,0.25483664920912363,53
3077,0,4918,2456,2462,0,0,0,1.0,1,1.0,1,1.0,1,0.243455858839186,52
3078,0,4918,2456,2462,0,0,0,1.0,1,1.0,1,1.0,1,0.28276851191033187,53
3079,1,4919,2457,2462,0,0,0,1.0,1,1.0,1,1.0,1,0.2883894401967202,53
3080,0,4919,2457,2462,0,0,0,1.0,1,1.0,1,1.0,1,0.30024791267386547,52
3081,3,4922,2458,2464,0,0,0,1.0,1,1.0,1,1.0,1,0.3135505562078073,54
3082,6,4928,2460,2468,0,0,0,1.0,1,1.0,1,1.0,1,0.28755952196099005,54
3083,0,4928,2460,2468,0,0,0,1.0,1,1.0,1,1.0,1,0.28755952196099005,54
3084,1,4929,2461,2468,0,0,0,1.0,1,1.0,1,1.0,1,0.3035499423733538,55
3085,0,4929,2461,2468,0,0,0,1.0,1,1.0,1,1.0,1,0.3035499423733538,55
3086,0,4929,2461,2468,0,0,0,1.0,1,1.0,1,1.0,1,0.3174923528530736,56
3087,0,4929,2461,2468,0,0,0,1.0,1,1.0,1,1.0,1,0.3247501765546271,57
3088,1,4930,2461,2469,0,0,0,1.0,1,1.0,1,1.0,1,0.3205961540582237,56
3089,2,4932,2463,2469,0,0,0,1.0,1,1.0,1,1.0,1,0.3330823115223979,55
3090,0,4932,2463,2469,0,0,0,1.0,1,1.0,1,1.0,1,0.3392961464091596,54
3091,1,4933,2463,2470,0,0,0,1.0,1,1.0,1,1.0,1,0.3475087473809543,53
3092,1,4934,2463,2471,0,0,0,1.0,1,1.0,1,1.0,1,0.32041600505044954,56
3093,1,4935,2464,2471,0,0,0,1.0,1,1.0,1,1.0,1,0.3344582126223503,56
3094,0,4935,2464,2471,0,0,0,1.0,1,1.0,1,1.0,1,0.3449871967195174,58
3095,1,4936,2464,2472,0,0,0,1.0,1,1.0,1,1.0,1,0.3378086126179671,59
3096,1,4937,2464,2473,0,0,0,1.0,1,1.0,1,1.0,1,0.33143385726001323,60
3097,2,4939,2465,2474,0,0,0,1.0,1,1.0,1,1.0,1,0.3186098852948553,60
3098,1,4940,2465,2475,0,0,0,1.0,1,1.0,1,1.0,1,0.335892763442829,58
3099,0,4940,2465,2475,0,0,0,1.0,1,1.0,1,1.0,1,0.3491772150422862,57
3100,0,4940,2465,2475,0,0,0,1.0,1,1.0,1,1.0,1,0.3491772150422862,57
3101,2,4942,2466,2476,0,0,0,1.0,1,1.0,1,1.0,1,0.3430436689096682,58
3102,2,4944,2468,2476,0,0,0,1.0,1,1.0,1,1.0,1,0.3881933974411419,59
3103,6,4950,2470,2480,0,0,0,1.0,1,1.0,1,1.0,1,0.31745616227701834,58
3104,6,4956,2472,2484,0,0,0,1.0,1,1.0,1,1.0,1,0.2922744278613321,58
3105,2,4958,2473,2485,0,0,0,1.0,1,1.0,1,1.0,1,0.2858300407637942,56
3106,7,4965,2476,2489,0,0,0,1.0,1,1.0,1,1.0,1,0.2764676317794513,57
3107,6,4971,2478,2493,0,0,0,1.0,1,1.0,1,1.0,1,0.19587456741049522,55
3108,3,4974,2480,2494,0,0,0,1.0,1,1.0,1,1.0,1,0.17253587773644513,55
3109,2,4976,2481,2495,0,0,0,1.0,1,1.0,1,1.0,1,0.15873495390040204,54
3110,2,4978,2483,2495,0,0,0,1.0,1,1.0,1,1.0,1,0.14332514979168604,54
3111,0,4978,2483,2495,0,0,0,1.0,1,1.0,1,1.0,1,0.14332514979168604,54
3112,5,4983,2486,2497,0,0,0,1.0,1,1.0,1,1.0,1,0.13761834963368222,56
3113,2,4985,2488,2497,0,0,0,1.0,1,1.0,1,1.0,1,0.1363476029767986,55
3114,1,4986,2489,2497,0,0,0,1.0,1,1.0,1,1.0,1,0.15346998516562685,54
3115,0,4986,2489,2497,0,0,0,1.0,1,1.0,1,1.0,1,0.1526818202755451,56
3116,3,4989,2491,2498,0,0,0,1.0,1,1.0,1,1.0,1,0.16156764230227946,56
3117,1,4990,2491,2499,0,0,0,1.0,1,1.0,1,1.0,1,0.1978421465961776,58
3118,1,4991,2492,2499,0,0,0,1.0,1,1.0,1,1.0,1,0.20584421498753955,57
3119,1,4992,2493,2499,0,0,0,1.0,1,1.0,1,1.0,1,0.2176636326698919,57
3120,0,4992,2493,2499,0,0,0,1.0,1,1.0,1,1.0,1,0.21145419195630877,56
3121,2,4994,2495,2499,0,0,0,1.0,1,1.0,1,1.0,1,0.19568187265220835,57
3122,0,4994,2495,2499,0,0,0,1.0,1,1.0,1,1.0,1,0.19568187265220835,57
3123,0,4994,2495,2499,0,0,0,1.0,1,1.0,1,1.0,1,0.19568187265220835,57
3124,0,4994,2495,2499,0,0,0,1.0,1,1.0,1,1.0,1,0.20535398981123565,59
3125,5,4999,2496,2503,0,0,0,1.0,1,1.0,1,1.0,1,0.1694777717015284,61
3126,2,5001,2497,2504,0,0,0,1.0,1,1.0,1,1.0,1,0.16137101251635358,60
3127,1,5002,2498,2504,0,0,0,1.0,1,1.0,1,1.0,1,0.1872568669652621,58
3128,2,5004,2500,2504,0,0,0,1.0,1,1.0,1,1.0,1,0.23648596693396973,58
3129,2,5006,2501,2505,0,0,0,1.0,1,1.0,1,1.0,1,0.27844289183432946,56
3130,2,5008,2501,2507,0,0,0,1.0,1,1.0,1,1.0,1,0.27648418279092546,56
3131,6,5014,2501,2513,0,0,0,1.0,1,1.0,1,1.0,1,0.18998263952878675,55
3132,0,5014,2501,2513,0,0,0,1.0,1,1.0,1,1.0,1,0.1795335310733953,53
3133,2,5016,2501,2515,0,0,0,1.0,1,1.0,1,1.0,1,0.17403810736609857,52
3134,1,5017,2501,2516,0,0,0,1.0,1,1.0,1,1.0,1,0.1787380969420045,52
3135,3,5020,2502,2518,0,0,0,1.0,1,1.0,1,1.0,1,0.16362833497107349,53
3136,3,5023,2503,2520,0,0,0,1.0,1,1.0,1,1.0,1,0.11766479405009521,54
3137,3,5026,2505,2521,0,0,0,1.0,1,1.0,1,1.0,1,0.1246830135840512,55
3138,6,5032,2509,2523,0,0,0,1.0,1,1.0,1,1.0,1,0.14973011866000563,57
3139,2,5034,2510,2524,0,0,0,1.0,1,1.0,1,1.0,1,0.16053159872304357,56
3140,2,5036,2511,2525,0,0,0,1.0,1,1.0,1,1.0,1,0.1444172026359095,56
3141,2,5038,2513,2525,0,0,0,1.0,1,1.0,1,1.0,1,0.17170793209674068,56
3142,0,5038,2513,2525,0,0,0,1.0,1,1.0,1,1.0,1,0.17170793209674068,56
3143,2,5040,2514,2526,0,0,0,1.0,1,1.0,1,1.0,1,0.153794416087247,56
3144,1,5041,2515,2526,0,0,0,1.0,1,1.0,1,1.0,1,0.1521305826978082,54
3145,1,5042,2516,2526,0,0,0,1.0,1,1.0,1,1.0,1,0.18739388113425792,55
3146,3,5045,2516,2529,0,0,0,1.0,1,1.0,1,1.0,1,0.13269997452743115,53
3147,0,5045,2516,2529,0,0,0,1.0,1,1.0,1,1.0,1,0.14294083462825763,54
3148,3,5048,2518,2530,0,0,0,1.0,1,1.0,1,1.0,1,0.12023811149500499,54
3149,0,5048,2518,2530,0,0,0,1.0,1,1.0,1,1.0,1,0.11804698348284644,53
3150,0,5048,2518,2530,0,0,0,1.0,1,1.0,1,1.0,1,0.11804698348284644,53
3151,2,5050,2519,2531,0,0,0,1.0,1,1.0,1,1.0,1,0.0867550200788982,53
3152,0,5050,2519,2531,0,0,0,1.0,1,1.0,1,1.0,1,0.0842542110493085,54
3153,0,5050,2519,2531,0,0,0,1.0,1,1.0,1,1.0,1,0.10553203072475971,53
3154,1,5051,2520,2531,0,0,0,1.0,1,1.0,1,1.0,1,0.14333934006470656,55
3155,0,5051,2520,2531,0,0,0,1.0,1,1.0,1,1.0,1,0.14580376853219135,56
3156,2,5053,2521,2532,0,0,0,1.0,1,1.0,1,1.0,1,0.17099442616913704,56
3157,0,5053,2521,2532,0,0,0,1.0,1,1.0,1,1.0,1,0.17099442616913704,56
3158,2,5055,2521,2534,0,0,0,1.0,1,1.0,1,1.0,1,0.15246535550572668,57
3159,1,5056,2522,2534,0,0,0,1.0,1,1.0,1,1.0,1,0.16485542423171706,56
3160,2,5058,2523,2535,0,0,0,1.0,1,1.0,1,1.0,1,0.1760464956591547,58
3161,1,5059,2523,2536,0,0,0,1.0,1,1.0,1,1.0,1,0.15699957519834126,59
3162,1,5060,2524,2536,0,0,0,1.0,1,1.0,1,1.0,1,0.17348423083934664,59
3163,3,5063,2526,2537,0,0,0,1.0,1,1.0,1,1.0,1,0.2138902467824667,59
3164,5,5068,2527,2541,0,0,0,1.0,1,1.0,1,1.0,1,0.20929166370449284,60
3165,1,5069,2527,2542,0,0,0,1.0,1,1.0,1,1.0,1,0.19196884849598586,58
3166,5,5074,2529,2545,0,0,0,1.0,1,1.0,1,1.0,1,0.14968936389951668,59
3167,3,5077,2532,2545,0,0,0,1.0,1,1.0,1,1.0,1,0.20453383551616938,57
3168,1,5078,2532,2546,0,0,0,1.0,1,1.0,1,1.0,1,0.19401380250011288,58
3169,0,5078,2532,2546,0,0,0,1.0,1,1.0,1,1.0,1,0.18331686247331602,57
3170,1,5079,2532,2547,0,0,0,1.0,1,1.0,1,1.0,1,0.16463757691414208,55
3171,7,5086,2536,2550,0,0,0,1.0,1,1.0,1,1.0,1,0.15272087937590292,56
3172,1,5087,2536,2551,0,0,0,1.0,1,1.0,1,1.0,1,0.1298096495570307,54
3173,2,5089,2538,2551,0,0,0,1.0,1,1.0,1,1.0,1,0.17076060476262425,53
3174,1,5090,2538,2552,0,0,0,1.0,1,1.0,1,1.0,1,0.16557393090192965,53
3175,1,5091,2538,2553,0,0,0,1.0,1,1.0,1,1.0,1,0.16136886845432374,52
3176,6,5097,2543,2554,0,0,0,1.0,1,1.0,1,1.0,1,0.2107171667132813,53
3177,2,5099,2545,2554,0,0,0,1.0,1,1.0,1,1.0,1,0.25809799108550396,52
3178,4,5103,2547,2556,0,0,0,1.0,1,1.0,1,1.0,1,0.2652026791371581,53
3179,2,5105,2547,2558,0,0,0,1.0,1,1.0,1,1.0,1,0.2475502311532593,54
3180,2,5107,2547,2560,0,0,0,1.0,1,1.0,1,1.0,1,0.23797494152067952,54
3181,4,5111,2547,2564,0,0,0,1.0,1,1.0,1,1.0,1,0.16836301329460435,55
3182,0,5111,2547,2564,0,0,0,1.0,1,1.0,1,1.0,1,0.17994181485375604,54
3183,0,5111,2547,2564,0,0,0,1.0,1,1.0,1,1.0,1,0.18844919341592561,56
3184,5,5116,2549,2567,0,0,0,1.0,1,1.0,1,1.0,1,0.19198526934724097,54
3185,2,5118,2551,2567,0,0,0,1.0,1,1.0,1,1.0,1,0.18904307169478243,53
3186,4,5122,2553,2569,0,0,0,1.0,1,1.0,1,1.0,1,0.20625206967395887,52
3187,1,5123,2554,2569,0,0,0,1.0,1,1.0,1,1.0,1,0.21216383086160226,50
3188,3,5126,2556,2570,0,0,0,1.0,1,1.0,1,1.0,1,0.22322027072352316,50
3189,3,5129,2558,2571,0,0,0,1.0,1,1.0,1,1.0,1,0.2191502983954194,49
3190,1,5130,2559,2571,0,0,0,1.0,1,1.0,1,1.0,1,0.2441405349499349,50
3191,3,5133,2560,2573,0,0,0,1.0,1,1.0,1,1.0,1,0.24098871993578444,49
3192,0,5133,2560,2573,0,0,0,1.0,1,1.0,1,1.0,1,0.24098871993578444,49
3193,0,5133,2560,2573,0,0,0,1.0,1,1.0,1,1.0,1,0.24032881524774408,49
3194,2,5135,2562,2573,0,0,0,1.0,1,1.0,1,1.0,1,0.27788325197173996,50
3195,0,5135,2562,2573,0,0,0,1.0,1,1.0,1,1.0,1,0.28330209499933645,49
3196,1,5136,2562,2574,0,0,0,1.0,1,1.0,1,1.0,1,0.2565094743584085,49
3197,1,5137,2562,2575,0,0,0,1.0,1,1.0,1,1.0,1,0.22226890974725377,50
3198,2,5139,2562,2577,0,0,0,1.0,1,1.0,1,1.0,1,0.18647603156566125,50
3199,1,5140,2562,2578,0,0,0,1.0,1,1.0,1,1.0,1,0.1606371402673795,52
3200,0,5140,2562,2578,0,0,0,1.0,1,1.0,1,1.0,1,0.16576365610018257,53
3201,2,5142,2562,2580,0,0,0,1.0,1,1.0,1,1.0,1,0.1399607303946718,55
3202,1,5143,2563,2580,0,0,0,1.0,1,1.0,1,1.0,1,0.17370845253595377,55
3203,0,5143,2563,2580,0,0,0,1.0,1,1.0,1,1.0,1,0.1413343215370459,53
3204,2,5145,2564,2581,0,0,0,1.0,1,1.0,1,1.0,1,0.15114978763484258,53
3205,3,5148,2567,2581,0,0,0,1.0,1,1.0,1,1.0,1,0.18036078762063062,53
3206,0,5148,2567,2581,0,0,0,1.0,1,1.0,1,1.0,1,0.2208012811109664,52
3207,2,5150,2568,2582,0,0,0,1.0,1,1.0,1,1.0,1,0.23617193436925216,53
3208,0,5150,2568,2582,0,0,0,1.0,1,1.0,1,1.0,1,0.24856943821115413,51
3209,0,5150,2568,2582,0,0,0,1.0,1,1.0,1,1.0,1,0.262136506353725,52
3210,0,5150,2568,2582,0,0,0,1.0,1,1.0,1,1.0,1,0.2613289352557527,49
3211,4,5154,2571,2583,0,0,0,1.0,1,1.0,1,1.0,1,0.2629435534002311,48
3212,1,5155,2571,2584,0,0,0,1.0,1,1.0,1,1.0,1,0.27140449808204625,48
3213,2,5157,2573,2584,0,0,0,1.0,1,1.0,1,1.0,1,0.21662498563878474,49
3214,3,5160,2575,2585,0,0,0,1.0,1,1.0,1,1.0,1,0.1909241411312728,51
3215,0,5160,2575,2585,0,0,0,1.0,1,1.0,1,1.0,1,0.1909241411312728,51
3216,3,5163,2577,2586,0,0,0,1.0,1,1.0,1,1.0,1,0.182107710093399,51
3217,1,5164,2578,2586,0,0,0,1.0,1,1.0,1,1.0,1,0.2071974543182571,51
3218,0,5164,2578,2586,0,0,0,1.0,1,1.0,1,1.0,1,0.2071974543182571,51
3219,1,5165,2578,2587,0,0,0,1.0,1,1.0,1,1.0,1,0.2181781374743388,52
3220,1,5166,2578,2588,0,0,0,1.0,1,1.0,1,1.0,1,0.20830382053560273,52
3221,0,5166,2578,2588,0,0,0,1.0,1,1.0,1,1.0,1,0.20097720225880072,54
3222,0,5166,2578,2588,0,0,0,1.0,1,1.0,1,1.0,1,0.19328378183440573,54
3223,1,5167,2578,2589,0,0,0,1.0,1,1.0,1,1.0,1,0.2034340365154538,56
3224,1,5168,2579,2589,0,0,0,1.0,1,1.0,1,1.0,1,0.21615295490065206,57
3225,1,5169,2579,2590,0,0,0,1.0,1,1.0,1,1.0,1,0.2252537738013621,58
3226,3,5172,2579,2593,0,0,0,1.0,1,1.0,1,1.0,1,0.19196771122154452,58
3227,1,5173,2579,2594,0,0,0,1.0,1,1.0,1,1.0,1,0.18210159852330435,58
3228,0,5173,2579,2594,0,0,0,1.0,1,1.0,1,1.0,1,0.18210159852330435,58
3229,1,5174,2580,2594,0,0,0,1.0,1,1.0,1,1.0,1,0.22679376380827457,60
3230,0,5174,2580,2594,0,0,0,1.0,1,1.0,1,1.0,1,0.22673980318578288,61
3231,7,5181,2581,2600,0,0,0,1.0,1,1.0,1,1.0,1,0.15519900794352257,61
3232,0,5181,2581,2600,0,0,0,1.0,1,1.0,1,1.0,1,0.15519900794352257,61
3233,0,5181,2581,2600,0,0,0,1.0,1,1.0,1,1.0,1,0.16363138856254328,63
3234,0,5181,2581,2600,0,0,0,1.0,1,1.0,1,1.0,1,0.16759816938776173,64
3235,0,5181,2581,2600,0,0,0,1.0,1,1.0,1,1.0,1,0.16784933755133633,65
3236,0,5181,2581,2600,0,0,0,1.0,1,1.0,1,1.0,1,0.1756634800043315,66
3237,1,5182,2581,2601,0,0,0,1.0,1,1.0,1,1.0,1,0.1618749577966881,67
3238,1,5183,2581,2602,0,0,0,1.0,1,1.0,1,1.0,1,0.1530739172960242,67
3239,0,5183,2581,2602,0,0,0,1.0,1,1.0,1,1.0,1,0.17012735985725816,69
3240,1,5184,2582,2602,0,0,0,1.0,1,1.0,1,1.0,1,0.17720203567822795,69
3241,4,5188,2585,2603,0,0,0,1.0,1,1.0,1,1.0,1,0.15936172202227136,68
3242,0,5188,2585,2603,0,0,0,1.0,1,1.0,1,1.0,1,0.14734478406525853,67
3243,3,5191,2587,2604,0,0,0,1.0,1,1.0,1,1.0,1,0.17383964132960147,68
3244,0,5191,2587,2604,0,0,0,1.0,1,1.0,1,1.0,1,0.2017626764442473,68
3245,0,5191,2587,2604,0,0,0,1.0,1,1.0,1,1.0,1,0.21340797577110396,69
3246,3,5194,2588,2606,0,0,0,1.0,1,1.0,1,1.0,1,0.1707299311648246,68
3247,0,5194,2588,2606,0,0,0,1.0,1,1.0,1,1.0,1,0.1707299311648246,68
3248,4,5198,2590,2608,0,0,0,1.0,1,1.0,1,1.0,1,0.15982866605209672,68
3249,0,5198,2590,2608,0,0,0,1.0,1,1.0,1,1.0,1,0.1650623003932568,69
3250,1,5199,2590,2609,0,0,0,1.0,1,1.0,1,1.0,1,0.15858803360449275,69
3251,1,5200,2591,2609,0,0,0,1.0,1,1.0,1,1.0,1,0.1899599650142571,68
3252,0,5200,2591,2609,0,0,0,1.0,1,1.0,1,1.0,1,0.1710249053486195,68
3253,2,5202,2592,2610,0,0,0,1.0,1,1.0,1,1.0,1,0.16561925145421275,69
3254,1,5203,2592,2611,0,0,0,1.0,1,1.0,1,1.0,1,0.16227167193181555,69
3255,2,5205,2592,2613,0,0,0,1.0,1,1.0,1,1.0,1,0.14706162309957005,70
3256,1,5206,2592,2614,0,0,0,1.0,1,1.0,1,1.0,1,0.1447875290857268,70
3257,0,5206,2592,2614,0,0,0,1.0,1,1.0,1,1.0,1,0.15083180473228044,71
3258,4,5210,2594,2616,0,0,0,1.0,1,1.0,1,1.0,1,0.13946854819221147,72
3259,2,5212,2596,2616,0,0,0,1.0,1,1.0,1,1.0,1,0.1776149154800192,71
3260,5,5217,2597,2620,0,0,0,1.0,1,1.0,1,1.0,1,0.15107977882854468,72
3261,2,5219,2597,2622,0,0,0,1.0,1,1.0,1,1.0,1,0.1408631761394299,74
3262,1,5220,2598,2622,0,0,0,1.0,1,1.0,1,1.0,1,0.15597867526823203,73
3263,1,5221,2599,2622,0,0,0,1.0,1,1.0,1,1.0,1,0.16405631699639073,73
3264,2,5223,2601,2622,0,0,0,1.0,1,1.0,1,1.0,1,0.2080714324489313,71
3265,3,5226,2604,2622,0,0,0,1.0,1,1.0,1,1.0,1,0.22479709039795523,70
3266,5,5231,2607,2624,0,0,0,1.0,1,1.0,1,1.0,1,0.18897497085546547,69
3267,1,5232,2608,2624,0,0,0,1.0,1,1.0,1,1.0,1,0.20578701383575332,69
3268,3,5235,2611,2624,0,0,0,1.0,1,1.0,1,1.0,1,0.21816478797504874,68
3269,0,5235,2611,2624,0,0,0,1.0,1,1.0,1,1.0,1,0.2417764160292198,68
3270,0,5235,2611,2624,0,0,0,1.0,1,1.0,1,1.0,1,0.2539764507117048,67
3271,5,5240,2612,2628,0,0,0,1.0,1,1.0,1,1.0,1,0.21287030459597894,66
3272,1,5241,2613,2628,0,0,0,1.0,1,1.0,1,1.0,1,0.20117291406134266,67
3273,1,5242,2613,2629,0,0,0,1.0,1,1.0,1,1.0,1,0.21596757000877237,66
3274,3,5245,2614,2631,0,0,0,1.0,1,1.0,1,1.0,1,0.21792059667529118,68
3275,2,5247,2614,2633,0,0,0,1.0,1,1.0,1,1.0,1,0.19669199197402595,68
3276,2,5249,2614,2635,0,0,0,1.0,1,1.0,1,1.0,1,0.1802506072725409,69
3277,0,5249,2614,2635,0,0,0,1.0,1,1.0,1,1.0,1,0.1842489217621122,68
3278,1,5250,2614,2636,0,0,0,1.0,1,1.0,1,1.0,1,0.18382553199779805,69
3279,1,5251,2615,2636,0,0,0,1.0,1,1.0,1,1.0,1,0.1713038545446419,67
3280,3,5254,2616,2638,0,0,0,1.0,1,1.0,1,1.0,1,0.17598356881169686,66
3281,3,5257,2617,2640,0,0,0,1.0,1,1.0,1,1.0,1,0.16430394349983798,67
3282,2,5259,2618,2641,0,0,0,1.0,1,1.0,1,1.0,1,0.19191634639424016,66
3283,2,5261,2620,2641,0,0,0,1.0,1,1.0,1,1.0,1,0.23256649758079623,67
3284,3,5264,2620,2644,0,0,0,1.0,1,1.0,1,1.0,1,0.1754923853942281,66
3285,0,5264,2620,2644,0,0,0,1.0,1,1.0,1,1.0,1,0.1754923853942281,66
3286,2,5266,2620,2646,0,0,0,1.0,1,1.0,1,1.0,1,0.17245119095407305,63
3287,1,5267,2621,2646,0,0,0,1.0,1,1.0,1,1.0,1,0.200403399466994,61
3288,0,5267,2621,2646,0,0,0,1.0,1,1.0,1,1.0,1,0.20913773945778208,63
3289,1,5268,2622,2646,0,0,0,1.0,1,1.0,1,1.0,1,0.24225272456042132,62
3290,1,5269,2623,2646,0,0,0,1.0,1,1.0,1,1.0,1,0.24836561163900597,63
3291,4,5273,2625,2648,0,0,0,1.0,1,1.0,1,1.0,1,0.2595617664090489,62
3292,1,5274,2626,2648,0,0,0,1.0,1,1.0,1,1.0,1,0.27836873679762575,63
3293,2,5276,2628,2648,0,0,0,1.0,1,1.0,1,1.0,1,0.2864052023260429,65
3294,2,5278,2628,2650,0,0,0,1.0,1,1.0,1,1.0,1,0.25743072462878713,65
3295,1,5279,2629,2650,0,0,0,1.0,1,1.0,1,1.0,1,0.2605783432084398,65
3296,2,5281,2629,2652,0,0,0,1.0,1,1.0,1,1.0,1,0.2318030451373687,65
3297,1,5282,2630,2652,0,0,0,1.0,1,1.0,1,1.0,1,0.2248964826691586,66
3298,2,5284,2631,2653,0,0,0,1.0,1,1.0,1,1.0,1,0.22655226701321268,66
3299,0,5284,2631,2653,0,0,0,1.0,1,1.0,1,1.0,1,0.2319312878076572,67
3300,2,5286,2633,2653,0,0,0,1.0,1,1.0,1,1.0,1,0.2493669995343363,67
3301,6,5292,2634,2658,0,0,0,1.0,1,1.0,1,1.0,1,0.24109469529211128,68
3302,1,5293,2634,2659,0,0,0,1.0,1,1.0,1,1.0,1,0.24401765229180958,67
3303,2,5295,2636,2659,0,0,0,1.0,1,1.0,1,1.0,1,0.25367698685545803,67
3304,0,5295,2636,2659,0,0,0,1.0,1,1.0,1,1.0,1,0.2540561462067013,67
3305,4,5299,2636,2663,0,0,0,1.0,1,1.0,1,1.0,1,0.24414374159496682,69
3306,2,5301,2636,2665,0,0,0,1.0,1,1.0,1,1.0,1,0.2224040893836852,70
3307,0,5301,2636,2665,0,0,0,1.0,1,1.0,1,1.0,1,0.2224040893836852,70
3308,0,5301,2636,2665,0,0,0,1.0,1,1.0,1,1.0,1,0.2224040893836852,70
3309,1,5302,2636,2666,0,0,0,1.0,1,1.0,1,1.0,1,0.2344186166104767,72
3310,4,5306,2636,2670,0,0,0,1.0,1,1.0,1,1.0,1,0.18897832609353085,74
3311,1,5307,2636,2671,0,0,0,1.0,1,1.0,1,1.0,1,0.18468544862999575,74
3312,0,5307,2636,2671,0,0,0,1.0,1,1.0,1,1.0,1,0.18468544862999575,74
3313,2,5309,2636,2673,0,0,0,1.0,1,1.0,1,1.0,1,0.186846308606099,75
3314,3,5312,2636,2676,0,0,0,1.0,1,1.0,1,1.0,1,0.17786808290356007,76
3315,1,5313,2637,2676,0,0,0,1.0,1,1.0,1,1.0,1,0.20902668459761536,75
3316,3,5316,2639,2677,0,0,0,1.0,1,1.0,1,1.0,1,0.22140333231708945,76
3317,3,5319,2641,2678,0,0,0,1.0,1,1.0,1,1.0,1,0.22945196386467193,73
3318,3,5322,2643,2679,0,0,0,1.0,1,1.0,1,1.0,1,0.2490519894976369,72
3319,3,5325,2644,2681,0,0,0,1.0,1,1.0,1,1.0,1,0.2337861566395333,71
3320,0,5325,2644,2681,0,0,0,1.0,1,1.0,1,1.0,1,0.2276868305486424,70
3321,3,5328,2645,2683,0,0,0,1.0,1,1.0,1,1.0,1,0.2218610854995203,69
3322,1,5329,2646,2683,0,0,0,1.0,1,1.0,1,1.0,1,0.21118843127989367,68
3323,1,5330,2647,2683,0,0,0,1.0,1,1.0,1,1.0,1,0.23868258483763763,69
3324,1,5331,2648,2683,0,0,0,1.0,1,1.0,1,1.0,1,0.22140648995625825,69
3325,0,5331,2648,2683,0,0,0,1.0,1,1.0,1,1.0,1,0.22588404265133247,70
3326,4,5335,2649,2686,0,0,0,1.0,1,1.0,1,1.0,1,0.21921355038384388,69
3327,0,5335,2649,2686,0,0,0,1.0,1,1.0,1,1.0,1,0.21163113878663645,70
3328,1,5336,2650,2686,0,0,0,1.0,1,1.0,1,1.0,1,0.22754952114362637,73
3329,1,5337,2651,2686,0,0,0,1.0,1,1.0,1,1.0,1,0.26301745912081437,72
3330,5,5342,2652,2690,0,0,0,1.0,1,1.0,1,1.0,1,0.24054017090194443,72
3331,3,5345,2654,2691,0,0,0,1.0,1,1.0,1,1.0,1,0.23720471631595835,72
3332,1,5346,2654,2692,0,0,0,1.0,1,1.0,1,1.0,1,0.23318657070287255,73
3333,0,5346,2654,2692,0,0,0,1.0,1,1.0,1,1.0,1,0.23649919967691183,72
3334,1,5347,2654,2693,0,0,0,1.0,1,1.0,1,1.0,1,0.2188507086416517,73
3335,0,5347,2654,2693,0,0,0,1.0,1,1.0,1,1.0,1,0.22559357589432386,74
3336,0,5347,2654,2693,0,0,0,1.0,1,1.0,1,1.0,1,0.22559357589432386,74
3337,0,5347,2654,2693,0,0,0,1.0,1,1.0,1,1.0,1,0.22559357589432386,74
3338,0,5347,2654,2693,0,0,0,1.0,1,1.0,1,1.0,1,0.22559357589432386,74
3339,1,5348,2655,2693,0,0,0,1.0,1,1.0,1,1.0,1,0.23508042879860494,75
3340,1,5349,2655,2694,0,0,0,1.0,1,1.0,1,1.0,1,0.23104586739370953,75
3341,1,5350,2655,2695,0,0,0,1.0,1,1.0,1,1.0,1,0.23671114978862834,76
3342,3,5353,2657,2696,0,0,0,1.0,1,1.0,1,1.0,1,0.24912556686713208,76
3343,4,5357,2659,2698,0,0,0,1.0,1,1.0,1,1.0,1,0.22344056518655542,75
3344,1,5358,2660,2698,0,0,0,1.0,1,1.0,1,1.0,1,0.24804193927541296,75
3345,2,5360,2662,2698,0,0,0,1.0,1,1.0,1,1.0,1,0.27379270586785837,72
3346,7,5367,2662,2705,0,0,0,1.0,1,1.0,1,1.0,1,0.21337766192020824,73
3347,3,5370,2664,2706,0,0,0,1.0,1,1.0,1,1.0,1,0.20695898762462503,73
3348,1,5371,2664,2707,0,0,0,1.0,1,1.0,1,1.0,1,0.21221917734527393,73
3349,4,5375,2665,2710,0,0,0,1.0,1,1.0,1,1.0,1,0.19310604419844776,74
3350,3,5378,2667,2711,0,0,0,1.0,1,1.0,1,1.0,1,0.19638069016699344,73
3351,2,5380,2668,2712,0,0,0,1.0,1,1.0,1,1.0,1,0.19018135855261056,72
3352,1,5381,2669,2712,0,0,0,1.0,1,1.0,1,1.0,1,0.20308871555001645,72
3353,2,5383,2671,2712,0,0,0,1.0,1,1.0,1,1.0,1,0.23212031506951458,72
3354,3,5386,2673,2713,0,0,0,1.0,1,1.0,1,1.0,1,0.2275715610792506,70
3355,2,5388,2674,2714,0,0,0,1.0,1,1.0,1,1.0,1,0.23699233066456138,69
3356,4,5392,2676,2716,0,0,0,1.0,1,1.0,1,1.0,1,0.22572436351225156,69
3357,3,5395,2677,2718,0,0,0,1.0,1,1.0,1,1.0,1,0.21358984094191566,68
3358,1,5396,2678,2718,0,0,0,1.0,1,1.0,1,1.0,1,0.22967531959042,68
3359,1,5397,2678,2719,0,0,0,1.0,1,1.0,1,1.0,1,0.23116444818615983,66
3360,3,5400,2680,2720,0,0,0,1.0,1,1.0,1,1.0,1,0.28010063418686376,65
3361,4,5404,2680,2724,0,0,0,1.0,1,1.0,1,1.0,1,0.25026562485412296,64
3362,0,5404,2680,2724,0,0,0,1.0,1,1.0,1,1.0,1,0.25026562485412296,64
3363,0,5404,2680,2724,0,0,0,1.0,1,1.0,1,1.0,1,0.24665650401853761,65
3364,1,5405,2680,2725,0,0,0,1.0,1,1.0,1,1.0,1,0.24082031238371002,66
3365,0,5405,2680,2725,0,0,0,1.0,1,1.0,1,1.0,1,0.24700631395798264,68
3366,2,5407,2681,2726,0,0,0,1.0,1,1.0,1,1.0,1,0.25874681915621867,66
3367,0,5407,2681,2726,0,0,0,1.0,1,1.0,1,1.0,1,0.2647138615846715,68
3368,2,5409,2682,2727,0,0,0,1.0,1,1.0,1,1.0,1,0.2650539039583251,68
3369,2,5411,2682,2729,0,0,0,1.0,1,1.0,1,1.0,1,0.2486654678868836,69
3370,1,5412,2682,2730,0,0,0,1.0,1,1.0,1,1.0,1,0.2226270622949886,71
3371,1,5413,2682,2731,0,0,0,1.0,1,1.0,1,1.0,1,0.2149230531536883,71
3372,2,5415,2683,2732,0,0,0,1.0,1,1.0,1,1.0,1,0.21874542373074998,71
3373,1,5416,2683,2733,0,0,0,1.0,1,1.0,1,1.0,1,0.20163016589717234,72
3374,0,5416,2683,2733,0,0,0,1.0,1,1.0,1,1.0,1,0.19767087829500105,72
3375,0,5416,2683,2733,0,0,0,1.0,1,1.0,1,1.0,1,0.20300235735948785,73
3376,1,5417,2683,2734,0,0,0,1.0,1,1.0,1,1.0,1,0.19587619054569394,75
3377,2,5419,2684,2735,0,0,0,1.0,1,1.0,1,1.0,1,0.20438609708442596,77
3378,0,5419,2684,2735,0,0,0,1.0,1,1.0,1,1.0,1,0.20438609708442596,77
3379,3,5422,2687,2735,0,0,0,1.0,1,1.0,1,1.0,1,0.24540030785433117,77
3380,3,5425,2687,2738,0,0,0,1.0,1,1.0,1,1.0,1,0.2371936848098138,76
3381,3,5428,2688,2740,0,0,0,1.0,1,1.0,1,1.0,1,0.21995680659044942,76
3382,1,5429,2688,2741,0,0,0,1.0,1,1.0,1,1.0,1,0.2166764141843736,78
3383,1,5430,2688,2742,0,0,0,1.0,1,1.0,1,1.0,1,0.209062426441405,77
3384,4,5434,2692,2742,0,0,0,1.0,1,1.0,1,1.0,1,0.24419443626074913,77
3385,1,5435,2693,2742,0,0,0,1.0,1,1.0,1,1.0,1,0.25412645212258217,75
3386,4,5439,2695,2744,0,0,0,1.0,1,1.0,1,1.0,1,0.23857159539821537,76
3387,2,5441,2696,2745,0,0,0,1.0,1,1.0,1,1.0,1,0.2301859988855233,75
3388,1,5442,2697,2745,0,0,0,1.0,1,1.0,1,1.0,1,0.25027307715243835,76
3389,0,5442,2697,2745,0,0,0,1.0,1,1.0,1,1.0,1,0.24992536884022087,77
3390,0,5442,2697,2745,0,0,0,1.0,1,1.0,1,1.0,1,0.24443066012093692,76
3391,1,5443,2698,2745,0,0,0,1.0,1,1.0,1,1.0,1,0.23930216916444969,77
3392,3,5446,2698,2748,0,0,0,1.0,1,1.0,1,1.0,1,0.2139458806333439,78
3393,1,5447,2698,2749,0,0,0,1.0,1,1.0,1,1.0,1,0.2010676077053897,76
3394,5,5452,2699,2753,0,0,0,1.0,1,1.0,1,1.0,1,0.2042328932262064,75
3395,1,5453,2699,2754,0,0,0,1.0,1,1.0,1,1.0,1,0.20175969877120567,73
3396,2,5455,2699,2756,0,0,0,1.0,1,1.0,1,1.0,1,0.18917460848447487,73
3397,1,5456,2700,2756,0,0,0,1.0,1,1.0,1,1.0,1,0.17867048296140287,74
3398,1,5457,2701,2756,0,0,0,1.0,1,1.0,1,1.0,1,0.16865202388665124,74
3399,2,5459,2703,2756,0,0,0,1.0,1,1.0,1,1.0,1,0.19639397242040182,75
3400,2,5461,2704,2757,0,0,0,1.0,1,1.0,1,1.0,1,0.20245015982619882,75
3401,4,5465,2705,2760,0,0,0,1.0,1,1.0,1,1.0,1,0.14945269390785637,77
3402,1,5466,2706,2760,0,0,0,1.0,1,1.0,1,1.0,1,0.1642779249042403,77
3403,2,5468,2707,2761,0,0,0,1.0,1,1.0,1,1.0,1,0.16105553007648837,78
3404,1,5469,2708,2761,0,0,0,1.0,1,1.0,1,1.0,1,0.16811508860106658,78
3405,1,5470,2708,2762,0,0,0,1.0,1,1.0,1,1.0,1,0.1634824091333284,78
3406,3,5473,2708,2765,0,0,0,1.0,1,1.0,1,1.0,1,0.1384551588968864,78
3407,0,5473,2708,2765,0,0,0,1.0,1,1.0,1,1.0,1,0.1400249451460645,78
3408,3,5476,2708,2768,0,0,0,1.0,1,1.0,1,1.0,1,0.1166409872449576,79
3409,0,5476,2708,2768,0,0,0,1.0,1,1.0,1,1.0,1,0.11367919573498608,81
3410,0,5476,2708,2768,0,0,0,1.0,1,1.0,1,1.0,1,0.1224669423084723,82
3411,1,5477,2708,2769,0,0,0,1.0,1,1.0,1,1.0,1,0.1148950037472423,84
3412,0,5477,2708,2769,0,0,0,1.0,1,1.0,1,1.0,1,0.1148950037472423,84
3413,1,5478,2709,2769,0,0,0,1.0,1,1.0,1,1.0,1,0.12866871496821425,84
3414,1,5479,2709,2770,0,0,0,1.0,1,1.0,1,1.0,1,0.12325736875852027,84
3415,1,5480,2710,2770,0,0,0,1.0,1,1.0,1,1.0,1,0.13843118174856445,85
3416,1,5481,2710,2771,0,0,0,1.0,1,1.0,1,1.0,1,0.13150087690233492,85
3417,2,5483,2711,2772,0,0,0,1.0,1,1.0,1,1.0,1,0.14342251498139,86
3418,1,5484,2712,2772,0,0,0,1.0,1,1.0,1,1.0,1,0.14902651668288633,86
3419,3,5487,2713,2774,0,0,0,1.0,1,1.0,1,1.0,1,0.15388261957063812,87
3420,2,5489,2714,2775,0,0,0,1.0,1,1.0,1,1.0,1,0.15544025623797247,88
3421,3,5492,2716,2776,0,0,0,1.0,1,1.0,1,1.0,1,0.15486043945663114,89
3422,0,5492,2716,2776,0,0,0,1.0,1,1.0,1,1.0,1,0.16235771324449202,90
3423,1,5493,2717,2776,0,0,0,1.0,1,1.0,1,1.0,1,0.15912312650787283,90
3424,0,5493,2717,2776,0,0,0,1.0,1,1.0,1,1.0,1,0.15157431262999196,91
3425,1,5494,2718,2776,0,0,0,1.0,1,1.0,1,1.0,1,0.15471222016030972,90
3426,4,5498,2720,2778,0,0,0,1.0,1,1.0,1,1.0,1,0.15235342535603655,92
3427,2,5500,2720,2780,0,0,0,1.0,1,1.0,1,1.0,1,0.14397384271082822,92
3428,1,5501,2720,2781,0,0,0,1.0,1,1.0,1,1.0,1,0.14914865329873966,91
3429,0,5501,2720,2781,0,0,0,1.0,1,1.0,1,1.0,1,0.14914865329873966,91
3430,2,5503,2722,2781,0,0,0,1.0,1,1.0,1,1.0,1,0.15901792863337183,91
3431,1,5504,2722,2782,0,0,0,1.0,1,1.0,1,1.0,1,0.15480726349125676,90
3432,3,5507,2725,2782,0,0,0,1.0,1,1.0,1,1.0,1,0.1714114207505306,91
3433,1,5508,2725,2783,0,0,0,1.0,1,1.0,1,1.0,1,0.1681142476172894,90
3434,1,5509,2725,2784,0,0,0,1.0,1,1.0,1,1.0,1,0.17310628261570218,89
3435,1,5510,2726,2784,0,0,0,1.0,1,1.0,1,1.0,1,0.17649066376691988,88
3436,6,5516,2726,2790,0,0,0,1.0,1,1.0,1,1.0,1,0.14367198122689406,86
3437,1,5517,2727,2790,0,0,0,1.0,1,1.0,1,1.0,1,0.14175097543622553,86
3438,1,5518,2727,2791,0,0,0,1.0,1,1.0,1,1.0,1,0.1426703831481233,87
3439,1,5519,2728,2791,0,0,0,1.0,1,1.0,1,1.0,1,0.15545127468827843,86
3440,0,5519,2728,2791,0,0,0,1.0,1,1.0,1,1.0,1,0.1568970097668876,86
3441,1,5520,2729,2791,0,0,0,1.0,1,1.0,1,1.0,1,0.15723252914723584,85
3442,1,5521,2729,2792,0,0,0,1.0,1,1.0,1,1.0,1,0.1508031097544786,85
3443,1,5522,2729,2793,0,0,0,1.0,1,1.0,1,1.0,1,0.15157496551715732,85
3444,1,5523,2730,2793,0,0,0,1.0,1,1.0,1,1.0,1,0.15513520053800475,85
3445,2,5525,2732,2793,0,0,0,1.0,1,1.0,1,1.0,1,0.18577045194284605,84
3446,4,5529,2734,2795,0,0,0,1.0,1,1.0,1,1.0,1,0.20982380296839906,85
3447,1,5530,2735,2795,0,0,0,1.0,1,1.0,1,1.0,1,0.2174160642636575,85
3448,3,5533,2737,2796,0,0,0,1.0,1,1.0,1,1.0,1,0.21807626344777148,85
3449,1,5534,2737,2797,0,0,0,1.0,1,1.0,1,1.0,1,0.21825437079842788,84
3450,0,5534,2737,2797,0,0,0,1.0,1,1.0,1,1.0,1,0.21825437079842788,84
3451,2,5536,2739,2797,0,0,0,1.0,1,1.0,1,1.0,1,0.23001022202675053,85
3452,2,5538,2740,2798,0,0,0,1.0,1,1.0,1,1.0,1,0.21530496758703635,86
3453,0,5538,2740,2798,0,0,0,1.0,1,1.0,1,1.0,1,0.21521994977509323,85
3454,2,5540,2740,2800,0,0,0,1.0,1,1.0,1,1.0,1,0.1889351101763059,88
3455,1,5541,2741,2800,0,0,0,1.0,1,1.0,1,1.0,1,0.18934702853855195,88
3456,4,5545,2742,2803,0,0,0,1.0,1,1.0,1,1.0,1,0.17771230797014734,88
3457,1,5546,2743,2803,0,0,0,1.0,1,1.0,1,1.0,1,0.19001691694009204,89
3458,1,5547,2743,2804,0,0,0,1.0,1,1.0,1,1.0,1,0.18193053587360458,88
3459,0,5547,2743,2804,0,0,0,1.0,1,1.0,1,1.0,1,0.18193053587360458,88
3460,0,5547,2743,2804,0,0,0,1.0,1,1.0,1,1.0,1,0.17719140085332474,89
3461,0,5547,2743,2804,0,0,0,1.0,1,1.0,1,1.0,1,0.17719140085332474,89
3462,2,5549,2743,2806,0,0,0,1.0,1,1.0,1,1.0,1,0.16754940798681509,90
3463,2,5551,2743,2808,0,0,0,1.0,1,1.0,1,1.0,1,0.15481393610781846,89
3464,1,5552,2744,2808,0,0,0,1.0,1,1.0,1,1.0,1,0.15409410962988546,88
3465,0,5552,2744,2808,0,0,0,1.0,1,1.0,1,1.0,1,0.17830408652873234,87
3466,2,5554,2744,2810,0,0,0,1.0,1,1.0,1,1.0,1,0.1593023519331286,87
3467,1,5555,2745,2810,0,0,0,1.0,1,1.0,1,1.0,1,0.17018812543018277,87
3468,6,5561,2747,2814,0,0,0,1.0,1,1.0,1,1.0,1,0.16588221867457076,88
3469,2,5563,2748,2815,0,0,0,1.0,1,1.0,1,1.0,1,0.16465911059288696,85
3470,2,5565,2750,2815,0,0,0,1.0,1,1.0,1,1.0,1,0.19304414078827487,86
3471,5,5570,2752,2818,0,0,0,1.0,1,1.0,1,1.0,1,0.20840857758015108,84
3472,0,5570,2752,2818,0,0,0,1.0,1,1.0,1,1.0,1,0.20284041857738305,83
3473,0,5570,2752,2818,0,0,0,1.0,1,1.0,1,1.0,1,0.205416992183507,81
3474,2,5572,2753,2819,0,0,0,1.0,1,1.0,1,1.0,1,0.1720897725219345,80
3475,2,5574,2754,2820,0,0,0,1.0,1,1.0,1,1.0,1,0.1914964879350202,82
3476,4,5578,2755,2823,0,0,0,1.0,1,1.0,1,1.0,1,0.1619904926550694,81
3477,3,5581,2757,2824,0,0,0,1.0,1,1.0,1,1.0,1,0.16774330854931788,83
3478,2,5583,2758,2825,0,0,0,1.0,1,1.0,1,1.0,1,0.16932244153037443,83
3479,2,5585,2759,2826,0,0,0,1.0,1,1.0,1,1.0,1,0.15584828678346532,83
3480,1,5586,2759,2827,0,0,0,1.0,1,1.0,1,1.0,1,0.15383056771282952,83
3481,5,5591,2761,2830,0,0,0,1.0,1,1.0,1,1.0,1,0.14464444560518994,83
3482,2,5593,2762,2831,0,0,0,1.0,1,1.0,1,1.0,1,0.15470871635556363,83
3483,5,5598,2765,2833,0,0,0,1.0,1,1.0,1,1.0,1,0.17494123250588497,82
3484,1,5599,2766,2833,0,0,0,1.0,1,1.0,1,1.0,1,0.19580423460409743,82
3485,1,5600,2766,2834,0,0,0,1.0,1,1.0,1,1.0,1,0.1901090069721333,83
3486,2,5602,2766,2836,0,0,0,1.0,1,1.0,1,1.0,1,0.1654072678129327,83
3487,0,5602,2766,2836,0,0,0,1.0,1,1.0,1,1.0,1,0.16908692739044767,84
3488,0,5602,2766,2836,0,0,0,1.0,1,1.0,1,1.0,1,0.1739301313912436,84
3489,1,5603,2766,2837,0,0,0,1.0,1,1.0,1,1.0,1,0.1646016340428937,84
3490,0,5603,2766,2837,0,0,0,1.0,1,1.0,1,1.0,1,0.1646016340428937,84
3491,0,5603,2766,2837,0,0,0,1.0,1,1.0,1,1.0,1,0.1668047089375256,86
3492,2,5605,2767,2838,0,0,0,1.0,1,1.0,1,1.0,1,0.15169823812101335,86
3493,0,5605,2767,2838,0,0,0,1.0,1,1.0,1,1.0,1,0.15169823812101335,86
3494,1,5606,2767,2839,0,0,0,1.0,1,1.0,1,1.0,1,0.14803602008716124,86
3495,0,5606,2767,2839,0,0,0,1.0,1,1.0,1,1.0,1,0.14428394147339496,87
3496,0,5606,2767,2839,0,0,0,1.0,1,1.0,1,1.0,1,0.15286375702056704,88
3497,2,5608,2768,2840,0,0,0,1.0,1,1.0,1,1.0,1,0.16078096171072412,89
3498,5,5613,2768,2845,0,0,0,1.0,1,1.0,1,1.0,1,0.13425900935982507,89
3499,2,5615,2769,2846,0,0,0,1.0,1,1.0,1,1.0,1,0.12482602887699902,91
3500,1,5616,2770,2846,0,0,0,1.0,1,1.0,1,1.0,1,0.1404403084296269,90
3501,1,5617,2770,2847,0,0,0,1.0,1,1.0,1,1.0,1,0.12984483853192416,90
3502,0,5617,2770,2847,0,0,0,1.0,1,1.0,1,1.0,1,0.13287514684126447,91
3503,2,5619,2772,2847,0,0,0,1.0,1,1.0,1,1.0,1,0.14262053287238116,91
3504,4,5623,2774,2849,0,0,0,1.0,1,1.0,1,1.0,1,0.14415890268692125,89
3505,2,5625,2776,2849,0,0,0,1.0,1,1.0,1,1.0,1,0.16054798555957445,87
3506,5,5630,2778,2852,0,0,0,1.0,1,1.0,1,1.0,1,0.16052879623154598,87
3507,3,5633,2780,2853,0,0,0,1.0,1,1.0,1,1.0,1,0.16370095643917162,84
3508,3,5636,2782,2854,0,0,0,1.0,1,1.0,1,1.0,1,0.2114687983067876,83
3509,1,5637,2783,2854,0,0,0,1.0,1,1.0,1,1.0,1,0.220837506773929,80
3510,2,5639,2783,2856,0,0,0,1.0,1,1.0,1,1.0,1,0.21530639135186502,78
3511,4,5643,2785,2858,0,0,0,1.0,1,1.0,1,1.0,1,0.18269453862123108,77
3512,0,5643,2785,2858,0,0,0,1.0,1,1.0,1,1.0,1,0.19239612183420762,74
3513,0,5643,2785,2858,0,0,0,1.0,1,1.0,1,1.0,1,0.19601597164533172,76
3514,2,5645,2786,2859,0,0,0,1.0,1,1.0,1,1.0,1,0.1802277572334044,76
3515,1,5646,2787,2859,0,0,0,1.0,1,1.0,1,1.0,1,0.17300921958933035,75
3516,2,5648,2788,2860,0,0,0,1.0,1,1.0,1,1.0,1,0.18539635173532268,73
3517,5,5653,2791,2862,0,0,0,1.0,1,1.0,1,1.0,1,0.18504976088827127,74
3518,0,5653,2791,2862,0,0,0,1.0,1,1.0,1,1.0,1,0.19799443233438757,74
3519,0,5653,2791,2862,0,0,0,1.0,1,1.0,1,1.0,1,0.21095941246763758,73
3520,1,5654,2791,2863,0,0,0,1.0,1,1.0,1,1.0,1,0.1951174987455472,74
3521,4,5658,2791,2867,0,0,0,1.0,1,1.0,1,1.0,1,0.15870453502207693,75
3522,2,5660,2791,2869,0,0,0,1.0,1,1.0,1,1.0,1,0.14635266472388445,75
3523,0,5660,2791,2869,0,0,0,1.0,1,1.0,1,1.0,1,0.14635266472388445,75
3524,1,5661,2792,2869,0,0,0,1.0,1,1.0,1,1.0,1,0.13895829371150326,75
3525,0,5661,2792,2869,0,0,0,1.0,1,1.0,1,1.0,1,0.15320054339423203,75
3526,2,5663,2793,2870,0,0,0,1.0,1,1.0,1,1.0,1,0.15453958470932103,76
3527,3,5666,2795,2871,0,0,0,1.0,1,1.0,1,1.0,1,0.2029306539792039,77
3528,5,5671,2796,2875,0,0,0,1.0,1,1.0,1,1.0,1,0.2091091318105282,77
3529,4,5675,2797,2878,0,0,0,1.0,1,1.0,1,1.0,1,0.20136831244671616,78
3530,0,5675,2797,2878,0,0,0,1.0,1,1.0,1,1.0,1,0.22119049733669907,78
3531,3,5678,2798,2880,0,0,0,1.0,1,1.0,1,1.0,1,0.2243948468521902,79
3532,1,5679,2799,2880,0,0,0,1.0,1,1.0,1,1.0,1,0.25278104045214916,79
3533,1,5680,2800,2880,0,0,0,1.0,1,1.0,1,1.0,1,0.2748412576276524,79
3534,3,5683,2802,2881,0,0,0,1.0,1,1.0,1,1.0,1,0.2918462835681261,80
3535,2,5685,2802,2883,0,0,0,1.0,1,1.0,1,1.0,1,0.2872282872831361,81
3536,5,5690,2802,2888,0,0,0,1.0,1,1.0,1,1.0,1,0.24372262903092515,82
3537,0,5690,2802,2888,0,0,0,1.0,1,1.0,1,1.0,1,0.24372262903092515,82
3538,1,5691,2802,2889,0,0,0,1.0,1,1.0,1,1.0,1,0.23746645501333846,83
3539,0,5691,2802,2889,0,0,0,1.0,1,1.0,1,1.0,1,0.23746645501333846,83
3540,1,5692,2803,2889,0,0,0,1.0,1,1.0,1,1.0,1,0.23393043960372023,85
3541,0,5692,2803,2889,0,0,0,1.0,1,1.0,1,1.0,1,0.23393043960372023,85
3542,4,5696,2804,2892,0,0,0,1.0,1,1.0,1,1.0,1,0.20203161067384406,88
3543,1,5697,2805,2892,0,0,0,1.0,1,1.0,1,1.0,1,0.2013184466102992,87
3544,1,5698,2806,2892,0,0,0,1.0,1,1.0,1,1.0,1,0.20683270057989359,87
3545,1,5699,2807,2892,0,0,0,1.0,1,1.0,1,1.0,1,0.20436715371809153,85
3546,2,5701,2808,2893,0,0,0,1.0,1,1.0,1,1.0,1,0.19824236230321415,83
3547,1,5702,2808,2894,0,0,0,1.0,1,1.0,1,1.0,1,0.18030358051903095,82
3548,2,5704,2810,2894,0,0,0,1.0,1,1.0,1,1.0,1,0.19090605278901948,82
3549,0,5704,2810,2894,0,0,0,1.0,1,1.0,1,1.0,1,0.18353221983126355,81
3550,3,5707,2812,2895,0,0,0,1.0,1,1.0,1,1.0,1,0.18231542074777937,79
3551,4,5711,2814,2897,0,0,0,1.0,1,1.0,1,1.0,1,0.1765602367731572,80
3552,2,5713,2815,2898,0,0,0,1.0,1,1.0,1,1.0,1,0.18106195687779558,78
3553,0,5713,2815,2898,0,0,0,1.0,1,1.0,1,1.0,1,0.18157366306820244,79
3554,1,5714,2815,2899,0,0,0,1.0,1,1.0,1,1.0,1,0.17560296733881478,77
3555,1,5715,2816,2899,0,0,0,1.0,1,1.0,1,1.0,1,0.18643216864366963,77
3556,0,5715,2816,2899,0,0,0,1.0,1,1.0,1,1.0,1,0.19797646107484707,76
3557,0,5715,2816,2899,0,0,0,1.0,1,1.0,1,1.0,1,0.1984265076805688,76
3558,3,5718,2817,2901,0,0,0,1.0,1,1.0,1,1.0,1,0.19560441485031788,76
3559,0,5718,2817,2901,0,0,0,1.0,1,1.0,1,1.0,1,0.19560441485031788,76
3560,4,5722,2818,2904,0,0,0,1.0,1,1.0,1,1.0,1,0.19296453798754024,78
3561,4,5726,2819,2907,0,0,0,1.0,1,1.0,1,1.0,1,0.17782737770053533,79
3562,4,5730,2821,2909,0,0,0,1.0,1,1.0,1,1.0,1,0.17653987961742698,79
3563,5,5735,2823,2912,0,0,0,1.0,1,1.0,1,1.0,1,0.17128033400842857,79
3564,2,5737,2823,2914,0,0,0,1.0,1,1.0,1,1.0,1,0.16765144469348572,80
3565,2,5739,2824,2915,0,0,0,1.0,1,1.0,1,1.0,1,0.18290012116259632,83
3566,4,5743,2825,2918,0,0,0,1.0,1,1.0,1,1.0,1,0.18317938688942392,84
3567,0,5743,2825,2918,0,0,0,1.0,1,1.0,1,1.0,1,0.18317938688942392,84
3568,2,5745,2826,2919,0,0,0,1.0,1,1.0,1,1.0,1,0.17929664012260282,84
3569,1,5746,2826,2920,0,0,0,1.0,1,1.0,1,1.0,1,0.1744361649084407,84
3570,3,5749,2827,2922,0,0,0,1.0,1,1.0,1,1.0,1,0.16652934923550253,87
3571,5,5754,2829,2925,0,0,0,1.0,1,1.0,1,1.0,1,0.16885106485693863,86
3572,2,5756,2830,2926,0,0,0,1.0,1,1.0,1,1.0,1,0.1571683025132091,87
3573,1,5757,2831,2926,0,0,0,1.0,1,1.0,1,1.0,1,0.16431000286665312,87
3574,3,5760,2833,2927,0,0,0,1.0,1,1.0,1,1.0,1,0.16450452623088546,88
3575,1,5761,2833,2928,0,0,0,1.0,1,1.0,1,1.0,1,0.15835876638791116,88
3576,2,5763,2834,2929,0,0,0,1.0,1,1.0,1,1.0,1,0.1483396799256445,90
3577,1,5764,2834,2930,0,0,0,1.0,1,1.0,1,1.0,1,0.1279361631173801,90
3578,1,5765,2834,2931,0,0,0,1.0,1,1.0,1,1.0,1,0.12973117485733685,91
3579,2,5767,2836,2931,0,0,0,1.0,1,1.0,1,1.0,1,0.13275023723790388,91
3580,0,5767,2836,2931,0,0,0,1.0,1,1.0,1,1.0,1,0.1557436123858627,91
3581,3,5770,2838,2932,0,0,0,1.0,1,1.0,1,1.0,1,0.1621589828698485,91
3582,5,5775,2840,2935,0,0,0,1.0,1,1.0,1,1.0,1,0.1703136639348783,92
3583,3,5778,2842,2936,0,0,0,1.0,1,1.0,1,1.0,1,0.17694185252335712,88
3584,2,5780,2843,2937,0,0,0,1.0,1,1.0,1,1.0,1,0.17332544606672332,87
3585,4,5784,2846,2938,0,0,0,1.0,1,1.0,1,1.0,1,0.183725598562412,84
3586,4,5788,2848,2940,0,0,0,1.0,1,1.0,1,1.0,1,0.17239315139511419,83
3587,2,5790,2848,2942,0,0,0,1.0,1,1.0,1,1.0,1,0.15168666797390357,82
3588,1,5791,2849,2942,0,0,0,1.0,1,1.0,1,1.0,1,0.14669659213880554,81
3589,5,5796,2854,2942,0,0,0,1.0,1,1.0,1,1.0,1,0.16603249254468289,80
3590,2,5798,2856,2942,0,0,0,1.0,1,1.0,1,1.0,1,0.20899406635202206,78
3591,8,5806,2858,2948,0,0,0,1.0,1,1.0,1,1.0,1,0.13428507743607349,77
3592,1,5807,2859,2948,0,0,0,1.0,1,1.0,1,1.0,1,0.14818942997398166,75
3593,2,5809,2860,2949,0,0,0,1.0,1,1.0,1,1.0,1,0.16379687167877266,76
3594,1,5810,2861,2949,0,0,0,1.0,1,1.0,1,1.0,1,0.17148604860791217,74
3595,2,5812,2863,2949,0,0,0,1.0,1,1.0,1,1.0,1,0.19312270063492112,74
3596,1,5813,2863,2950,0,0,0,1.0,1,1.0,1,1.0,1,0.1854308273748816,73
3597,4,5817,2865,2952,0,0,0,1.0,1,1.0,1,1.0,1,0.1699186450223831,73
3598,1,5818,2866,2952,0,0,0,1.0,1,1.0,1,1.0,1,0.17648940337618838,73
3599,2,5820,2867,2953,0,0,0,1.0,1,1.0,1,1.0,1,0.17428999419534902,73
3600,1,5821,2867,2954,0,0,0,1.0,1,1.0,1,1.0,1,0.1587273789775109,74
3601,2,5823,2868,2955,0,0,0,1.0,1,1.0,1,1.0,1,0.16465421644649608,75
3602,1,5824,2868,2956,0,0,0,1.0,1,1.0,1,1.0,1,0.14723790110937784,76
3603,1,5825,2869,2956,0,0,0,1.0,1,1.0,1,1.0,1,0.16614554897744885,77
3604,3,5828,2871,2957,0,0,0,1.0,1,1.0,1,1.0,1,0.19128590512677385,78
3605,1,5829,2872,2957,0,0,0,1.0,1,1.0,1,1.0,1,0.20670222096662708,77
3606,5,5834,2873,2961,0,0,0,1.0,1,1.0,1,1.0,1,0.16923456143466378,79
3607,1,5835,2873,2962,0,0,0,1.0,1,1.0,1,1.0,1,0.16557506260942356,79
3608,1,5836,2873,2963,0,0,0,1.0,1,1.0,1,1.0,1,0.15974611404786337,79
3609,0,5836,2873,2963,0,0,0,1.0,1,1.0,1,1.0,1,0.15974611404786337,79
3610,2,5838,2874,2964,0,0,0,1.0,1,1.0,1,1.0,1,0.17292661037911985,80
3611,2,5840,2874,2966,0,0,0,1.0,1,1.0,1,1.0,1,0.16287102821013874,80
3612,2,5842,2875,2967,0,0,0,1.0,1,1.0,1,1.0,1,0.16109606058013964,79
3613,2,5844,2877,2967,0,0,0,1.0,1,1.0,1,1.0,1,0.18789178370053447,79
3614,4,5848,2880,2968,0,0,0,1.0,1,1.0,1,1.0,1,0.17718752783088032,78
3615,0,5848,2880,2968,0,0,0,1.0,1,1.0,1,1.0,1,0.16734200143909986,79
3616,4,5852,2881,2971,0,0,0,1.0,1,1.0,1,1.0,1,0.15830634996429632,79
3617,3,5855,2883,2972,0,0,0,1.0,1,1.0,1,1.0,1,0.1577236048475121,80
3618,2,5857,2883,2974,0,0,0,1.0,1,1.0,1,1.0,1,0.16368536624824015,82
3619,1,5858,2883,2975,0,0,0,1.0,1,1.0,1,1.0,1,0.17557708448165263,82
3620,3,5861,2885,2976,0,0,0,1.0,1,1.0,1,1.0,1,0.17694470667125523,81
3621,3,5864,2886,2978,0,0,0,1.0,1,1.0,1,1.0,1,0.17257231905920276,83
3622,2,5866,2887,2979,0,0,0,1.0,1,1.0,1,1.0,1,0.18003919892999443,81
3623,3,5869,2889,2980,0,0,0,1.0,1,1.0,1,1.0,1,0.1940953519058024,81
3624,1,5870,2890,2980,0,0,0,1.0,1,1.0,1,1.0,1,0.20126769142392156,79
3625,4,5874,2892,2982,0,0,0,1.0,1,1.0,1,1.0,1,0.22322224535987817,80
3626,3,5877,2892,2985,0,0,0,1.0,1,1.0,1,1.0,1,0.17712792240929634,78
3627,3,5880,2894,2986,0,0,0,1.0,1,1.0,1,1.0,1,0.18510682621742547,78
3628,1,5881,2894,2987,0,0,0,1.0,1,1.0,1,1.0,1,0.17192434899708497,77
3629,0,5881,2894,2987,0,0,0,1.0,1,1.0,1,1.0,1,0.16603829194864048,76
3630,2,5883,2895,2988,0,0,0,1.0,1,1.0,1,1.0,1,0.1653805229356386,77
3631,4,5887,2895,2992,0,0,0,1.0,1,1.0,1,1.0,1,0.1405157356673317,75
3632,2,5889,2897,2992,0,0,0,1.0,1,1.0,1,1.0,1,0.18815110519909745,74
3633,3,5892,2899,2993,0,0,0,1.0,1,1.0,1,1.0,1,0.16525202786770268,75
3634,1,5893,2900,2993,0,0,0,1.0,1,1.0,1,1.0,1,0.19295855076917373,74
3635,1,5894,2900,2994,0,0,0,1.0,1,1.0,1,1.0,1,0.18437144145599002,74
3636,1,5895,2900,2995,0,0,0,1.0,1,1.0,1,1.0,1,0.1853147339809648,74
3637,1,5896,2900,2996,0,0,0,1.0,1,1.0,1,1.0,1,0.20086496885613025,74
3638,1,5897,2900,2997,0,0,0,1.0,1,1.0,1,1.0,1,0.19287108701901132,75
3639,2,5899,2902,2997,0,0,0,1.0,1,1.0,1,1.0,1,0.19999764860128613,76
3640,0,5899,2902,2997,0,0,0,1.0,1,1.0,1,1.0,1,0.19999764860128613,76
3641,7,5906,2904,3002,0,0,0,1.0,1,1.0,1,1.0,1,0.19473674879944453,75
3642,4,5910,2906,3004,0,0,0,1.0,1,1.0,1,1.0,1,0.20830238831704792,75
3643,0,5910,2906,3004,0,0,0,1.0,1,1.0,1,1.0,1,0.211113083500512,74
3644,1,5911,2907,3004,0,0,0,1.0,1,1.0,1,1.0,1,0.19882641703575837,74
3645,1,5912,2908,3004,0,0,0,1.0,1,1.0,1,1.0,1,0.1891226437567056,74
3646,1,5913,2908,3005,0,0,0,1.0,1,1.0,1,1.0,1,0.17292395042345404,75
3647,2,5915,2908,3007,0,0,0,1.0,1,1.0,1,1.0,1,0.16078233171440293,77
3648,1,5916,2908,3008,0,0,0,1.0,1,1.0,1,1.0,1,0.17184197448035698,78
3649,2,5918,2908,3010,0,0,0,1.0,1,1.0,1,1.0,1,0.1611920808188179,80
3650,4,5922,2909,3013,0,0,0,1.0,1,1.0,1,1.0,1,0.16087571590612623,81
3651,1,5923,2909,3014,0,0,0,1.0,1,1.0,1,1.0,1,0.1548619687127852,81
3652,2,5925,2910,3015,0,0,0,1.0,1,1.0,1,1.0,1,0.17030764420441794,83
3653,0,5925,2910,3015,0,0,0,1.0,1,1.0,1,1.0,1,0.17030764420441794,83
3654,1,5926,2910,3016,0,0,0,1.0,1,1.0,1,1.0,1,0.1651604146074215,83
3655,0,5926,2910,3016,0,0,0,1.0,1,1.0,1,1.0,1,0.15831443656157407,84
3656,0,5926,2910,3016,0,0,0,1.0,1,1.0,1,1.0,1,0.16572640142142245,85
3657,2,5928,2911,3017,0,0,0,1.0,1,1.0,1,1.0,1,0.17371875421634445,86
3658,1,5929,2912,3017,0,0,0,1.0,1,1.0,1,1.0,1,0.18515578931960808,87
3659,0,5929,2912,3017,0,0,0,1.0,1,1.0,1,1.0,1,0.17961363487544219,87
3660,1,5930,2913,3017,0,0,0,1.0,1,1.0,1,1.0,1,0.19114980253374753,86
3661,4,5934,2915,3019,0,0,0,1.0,1,1.0,1,1.0,1,0.207674836140606,86
3662,1,5935,2915,3020,0,0,0,1.0,1,1.0,1,1.0,1,0.2042368156298442,83
3663,6,5941,2919,3022,0,0,0,1.0,1,1.0,1,1.0,1,0.23524606896802955,85
3664,2,5943,2920,3023,0,0,0,1.0,1,1.0,1,1.0,1,0.21895394460956916,82
3665,3,5946,2921,3025,0,0,0,1.0,1,1.0,1,1.0,1,0.19010881151978176,81
3666,2,5948,2922,3026,0,0,0,1.0,1,1.0,1,1.0,1,0.1975450405156183,79
3667,0,5948,2922,3026,0,0,0,1.0,1,1.0,1,1.0,1,0.2160278394506574,79
3668,0,5948,2922,3026,0,0,0,1.0,1,1.0,1,1.0,1,0.21214992897868873,77
3669,2,5950,2924,3026,0,0,0,1.0,1,1.0,1,1.0,1,0.21629348533907425,75
3670,3,5953,2927,3026,0,0,0,1.0,1,1.0,1,1.0,1,0.24136777732561676,76
3671,6,5959,2928,3031,0,0,0,1.0,1,1.0,1,1.0,1,0.1868754393182526,74
3672,1,5960,2929,3031,0,0,0,1.0,1,1.0,1,1.0,1,0.18466625871354592,75
3673,1,5961,2929,3032,0,0,0,1.0,1,1.0,1,1.0,1,0.17953125571042422,75
3674,3,5964,2932,3032,0,0,0,1.0,1,1.0,1,1.0,1,0.19894354454226576,75
3675,3,5967,2932,3035,0,0,0,1.0,1,1.0,1,1.0,1,0.1778965826206836,75
3676,2,5969,2932,3037,0,0,0,1.0,1,1.0,1,1.0,1,0.1675030146103105,75
3677,0,5969,2932,3037,0,0,0,1.0,1,1.0,1,1.0,1,0.17447368986381695,75
3678,2,5971,2932,3039,0,0,0,1.0,1,1.0,1,1.0,1,0.17279693904055798,77
3679,1,5972,2933,3039,0,0,0,1.0,1,1.0,1,1.0,1,0.19799951804106558,78
3680,3,5975,2933,3042,0,0,0,1.0,1,1.0,1,1.0,1,0.17910939113735858,80
3681,0,5975,2933,3042,0,0,0,1.0,1,1.0,1,1.0,1,0.1822133165784951,81
3682,0,5975,2933,3042,0,0,0,1.0,1,1.0,1,1.0,1,0.1822133165784951,81
3683,1,5976,2934,3042,0,0,0,1.0,1,1.0,1,1.0,1,0.19672183535354681,81
3684,0,5976,2934,3042,0,0,0,1.0,1,1.0,1,1.0,1,0.19672183535354681,81
3685,0,5976,2934,3042,0,0,0,1.0,1,1.0,1,1.0,1,0.19672183535354681,81
3686,1,5977,2934,3043,0,0,0,1.0,1,1.0,1,1.0,1,0.1908059131389066,81
3687,0,5977,2934,3043,0,0,0,1.0,1,1.0,1,1.0,1,0.18077164816237193,82
3688,0,5977,2934,3043,0,0,0,1.0,1,1.0,1,1.0,1,0.19413586288757942,84
3689,0,5977,2934,3043,0,0,0,1.0,1,1.0,1,1.0,1,0.19413586288757942,84
3690,1,5978,2934,3044,0,0,0,1.0,1,1.0,1,1.0,1,0.19975321063181112,85
3691,0,5978,2934,3044,0,0,0,1.0,1,1.0,1,1.0,1,0.19657230067616968,86
3692,0,5978,2934,3044,0,0,0,1.0,1,1.0,1,1.0,1,0.19521077444346255,86
3693,1,5979,2934,3045,0,0,0,1.0,1,1.0,1,1.0,1,0.19023821001948046,86
3694,0,5979,2934,3045,0,0,0,1.0,1,1.0,1,1.0,1,0.19023821001948046,86
3695,2,5981,2936,3045,0,0,0,1.0,1,1.0,1,1.0,1,0.2323641191358114,86
3696,2,5983,2936,3047,0,0,0,1.0,1,1.0,1,1.0,1,0.19947432055767064,87
3697,0,5983,2936,3047,0,0,0,1.0,1,1.0,1,1.0,1,0.18704173615988187,85
3698,1,5984,2937,3047,0,0,0,1.0,1,1.0,1,1.0,1,0.188713851565191,85
3699,1,5985,2938,3047,0,0,0,1.0,1,1.0,1,1.0,1,0.1925956773208695,85
3700,2,5987,2940,3047,0,0,0,1.0,1,1.0,1,1.0,1,0.203748862549808,84
3701,4,5991,2940,3051,0,0,0,1.0,1,1.0,1,1.0,1,0.17322719869472195,85
3702,3,5994,2942,3052,0,0,0,1.0,1,1.0,1,1.0,1,0.186498382289857,85
3703,0,5994,2942,3052,0,0,0,1.0,1,1.0,1,1.0,1,0.186498382289857,85
3704,3,5997,2944,3053,0,0,0,1.0,1,1.0,1,1.0,1,0.21958121473691963,85
3705,0,5997,2944,3053,0,0,0,1.0,1,1.0,1,1.0,1,0.20835776835088662,86
3706,3,6000,2945,3055,0,0,0,1.0,1,1.0,1,1.0,1,0.2099627427287161,86
3707,1,6001,2945,3056,0,0,0,1.0,1,1.0,1,1.0,1,0.19442596293915704,85
3708,1,6002,2945,3057,0,0,0,1.0,1,1.0,1,1.0,1,0.169727576991493,84
3709,0,6002,2945,3057,0,0,0,1.0,1,1.0,1,1.0,1,0.175174472843837,85
3710,0,6002,2945,3057,0,0,0,1.0,1,1.0,1,1.0,1,0.16637305123940793,84
3711,2,6004,2945,3059,0,0,0,1.0,1,1.0,1,1.0,1,0.15944451041723132,85
3712,0,6004,2945,3059,0,0,0,1.0,1,1.0,1,1.0,1,0.15944451041723132,85
3713,0,6004,2945,3059,0,0,0,1.0,1,1.0,1,1.0,1,0.15944451041723132,85
3714,1,6005,2946,3059,0,0,0,1.0,1,1.0,1,1.0,1,0.1851407831513134,85
3715,1,6006,2947,3059,0,0,0,1.0,1,1.0,1,1.0,1,0.1832071179113256,85
3716,1,6007,2947,3060,0,0,0,1.0,1,1.0,1,1.0,1,0.18622664677132122,84
3717,1,6008,2947,3061,0,0,0,1.0,1,1.0,1,1.0,1,0.18847300340014342,86
3718,0,6008,2947,3061,0,0,0,1.0,1,1.0,1,1.0,1,0.1999865433907004,85
3719,4,6012,2949,3063,0,0,0,1.0,1,1.0,1,1.0,1,0.19707471250995282,84
3720,0,6012,2949,3063,0,0,0,1.0,1,1.0,1,1.0,1,0.21807864849648856,84
3721,6,6018,2952,3066,0,0,0,1.0,1,1.0,1,1.0,1,0.20035461902644988,85
3722,2,6020,2952,3068,0,0,0,1.0,1,1.0,1,1.0,1,0.1910091121822916,85
3723,0,6020,2952,3068,0,0,0,1.0,1,1.0,1,1.0,1,0.2088992707279445,85
3724,0,6020,2952,3068,0,0,0,1.0,1,1.0,1,1.0,1,0.2020651123852817,86
3725,2,6022,2954,3068,0,0,0,1.0,1,1.0,1,1.0,1,0.20017439917699476,86
3726,2,6024,2954,3070,0,0,0,1.0,1,1.0,1,1.0,1,0.1786744072769062,86
3727,0,6024,2954,3070,0,0,0,1.0,1,1.0,1,1.0,1,0.1786744072769062,86
3728,0,6024,2954,3070,0,0,0,1.0,1,1.0,1,1.0,1,0.1786744072769062,86
3729,1,6025,2954,3071,0,0,0,1.0,1,1.0,1,1.0,1,0.17511526675110375,86
3730,0,6025,2954,3071,0,0,0,1.0,1,1.0,1,1.0,1,0.18236089978781067,85
3731,2,6027,2954,3073,0,0,0,1.0,1,1.0,1,1.0,1,0.17663752182261588,86
3732,4,6031,2955,3076,0,0,0,1.0,1,1.0,1,1.0,1,0.16535531896037559,87
3733,1,6032,2956,3076,0,0,0,1.0,1,1.0,1,1.0,1,0.1747214780101394,87
3734,0,6032,2956,3076,0,0,0,1.0,1,1.0,1,1.0,1,0.1747214780101394,87
3735,4,6036,2958,3078,0,0,0,1.0,1,1.0,1,1.0,1,0.20398102792871955,86
3736,0,6036,2958,3078,0,0,0,1.0,1,1.0,1,1.0,1,0.19153640369272967,87
3737,3,6039,2959,3080,0,0,0,1.0,1,1.0,1,1.0,1,0.20430914997934344,87
3738,2,6041,2960,3081,0,0,0,1.0,1,1.0,1,1.0,1,0.20708326135464966,87
3739,4,6045,2960,3085,0,0,0,1.0,1,1.0,1,1.0,1,0.17669972896730005,88
3740,1,6046,2961,3085,0,0,0,1.0,1,1.0,1,1.0,1,0.19907928741028943,87
3741,4,6050,2961,3089,0,0,0,1.0,1,1.0,1,1.0,1,0.17060756208036748,87
3742,2,6052,2962,3090,0,0,0,1.0,1,1.0,1,1.0,1,0.1715612490934796,86
3743,1,6053,2963,3090,0,0,0,1.0,1,1.0,1,1.0,1,0.17989026984159437,84
3744,2,6055,2964,3091,0,0,0,1.0,1,1.0,1,1.0,1,0.20945954151683874,83
3745,1,6056,2964,3092,0,0,0,1.0,1,1.0,1,1.0,1,0.19669914658351176,83
3746,4,6060,2965,3095,0,0,0,1.0,1,1.0,1,1.0,1,0.20602865327904113,83
3747,1,6061,2965,3096,0,0,0,1.0,1,1.0,1,1.0,1,0.19576560049232108,81
3748,2,6063,2965,3098,0,0,0,1.0,1,1.0,1,1.0,1,0.1903592112883573,81
3749,0,6063,2965,3098,0,0,0,1.0,1,1.0,1,1.0,1,0.19670044416796995,80
3750,0,6063,2965,3098,0,0,0,1.0,1,1.0,1,1.0,1,0.20589007162010325,79
3751,3,6066,2967,3099,0,0,0,1.0,1,1.0,1,1.0,1,0.213581512153847,80
3752,2,6068,2969,3099,0,0,0,1.0,1,1.0,1,1.0,1,0.2364430390571876,80
3753,7,6075,2972,3103,0,0,0,1.0,1,1.0,1,1.0,1,0.2123098059934231,81
3754,3,6078,2973,3105,0,0,0,1.0,1,1.0,1,1.0,1,0.21858821127017647,81
3755,2,6080,2973,3107,0,0,0,1.0,1,1.0,1,1.0,1,0.2167649900400441,80
3756,5,6085,2975,3110,0,0,0,1.0,1,1.0,1,1.0,1,0.22692343084141076,79
3757,2,6087,2975,3112,0,0,0,1.0,1,1.0,1,1.0,1,0.22458227364861258,80
3758,2,6089,2976,3113,0,0,0,1.0,1,1.0,1,1.0,1,0.23407909118439335,79
3759,0,6089,2976,3113,0,0,0,1.0,1,1.0,1,1.0,1,0.23407909118439335,79
3760,0,6089,2976,3113,0,0,0,1.0,1,1.0,1,1.0,1,0.23407909118439335,79
3761,1,6090,2976,3114,0,0,0,1.0,1,1.0,1,1.0,1,0.24386091562528842,78
3762,1,6091,2976,3115,0,0,0,1.0,1,1.0,1,1.0,1,0.23773732331506517,80
3763,0,6091,2976,3115,0,0,0,1.0,1,1.0,1,1.0,1,0.23773732331506517,80
3764,5,6096,2978,3118,0,0,0,1.0,1,1.0,1,1.0,1,0.238157349520159,80
3765,4,6100,2979,3121,0,0,0,1.0,1,1.0,1,1.0,1,0.22626470383169123,81
3766,5,6105,2980,3125,0,0,0,1.0,1,1.0,1,1.0,1,0.21229954777799975,83
3767,2,6107,2980,3127,0,0,0,1.0,1,1.0,1,1.0,1,0.20516080880664642,83
3768,3,6110,2981,3129,0,0,0,1.0,1,1.0,1,1.0,1,0.1949722429652978,84
3769,4,6114,2981,3133,0,0,0,1.0,1,1.0,1,1.0,1,0.16290496335144078,86
3770,0,6114,2981,3133,0,0,0,1.0,1,1.0,1,1.0,1,0.16933735342052159,87
3771,1,6115,2982,3133,0,0,0,1.0,1,1.0,1,1.0,1,0.17103549912162114,87
3772,1,6116,2982,3134,0,0,0,1.0,1,1.0,1,1.0,1,0.17763803512903634,88
3773,0,6116,2982,3134,0,0,0,1.0,1,1.0,1,1.0,1,0.19788452851927896,85
3774,1,6117,2982,3135,0,0,0,1.0,1,1.0,1,1.0,1,0.19035579269616992,85
3775,2,6119,2983,3136,0,0,0,1.0,1,1.0,1,1.0,1,0.22154895148168666,83
3776,3,6122,2984,3138,0,0,0,1.0,1,1.0,1,1.0,1,0.21660102394789188,82
3777,3,6125,2985,3140,0,0,0,1.0,1,1.0,1,1.0,1,0.20248197429130038,81
3778,1,6126,2985,3141,0,0,0,1.0,1,1.0,1,1.0,1,0.195222493756125,81
3779,2,6128,2987,3141,0,0,0,1.0,1,1.0,1,1.0,1,0.22714693694395344,80
3780,2,6130,2988,3142,0,0,0,1.0,1,1.0,1,1.0,1,0.21628705126399944,80
3781,1,6131,2988,3143,0,0,0,1.0,1,1.0,1,1.0,1,0.2032730627517282,80
3782,2,6133,2989,3144,0,0,0,1.0,1,1.0,1,1.0,1,0.21172075412018512,80
3783,2,6135,2990,3145,0,0,0,1.0,1,1.0,1,1.0,1,0.21023400956726032,80
3784,0,6135,2990,3145,0,0,0,1.0,1,1.0,1,1.0,1,0.217935605293461,79
3785,0,6135,2990,3145,0,0,0,1.0,1,1.0,1,1.0,1,0.2375925832141505,77
3786,3,6138,2991,3147,0,0,0,1.0,1,1.0,1,1.0,1,0.2009833432159213,78
3787,1,6139,2992,3147,0,0,0,1.0,1,1.0,1,1.0,1,0.1954229683531744,77
3788,0,6139,2992,3147,0,0,0,1.0,1,1.0,1,1.0,1,0.20205043145962,78
3789,3,6142,2993,3149,0,0,0,1.0,1,1.0,1,1.0,1,0.2011949540060206,77
3790,1,6143,2994,3149,0,0,0,1.0,1,1.0,1,1.0,1,0.2163367784122456,77
3791,3,6146,2995,3151,0,0,0,1.0,1,1.0,1,1.0,1,0.2099626966715857,77
3792,2,6148,2995,3153,0,0,0,1.0,1,1.0,1,1.0,1,0.17205068088415382,78
3793,2,6150,2996,3154,0,0,0,1.0,1,1.0,1,1.0,1,0.18586957695252854,80
3794,2,6152,2997,3155,0,0,0,1.0,1,1.0,1,1.0,1,0.1780344989681088,82
3795,1,6153,2997,3156,0,0,0,1.0,1,1.0,1,1.0,1,0.18317082329464932,83
3796,3,6156,2998,3158,0,0,0,1.0,1,1.0,1,1.0,1,0.1712781834743869,83
3797,0,6156,2998,3158,0,0,0,1.0,1,1.0,1,1.0,1,0.1790443140343309,82
3798,1,6157,2999,3158,0,0,0,1.0,1,1.0,1,1.0,1,0.1981874156869457,82
3799,2,6159,2999,3160,0,0,0,1.0,1,1.0,1,1.0,1,0.18937440939177905,83
3800,3,6162,3000,3162,0,0,0,1.0,1,1.0,1,1.0,1,0.20922145374953752,83
3801,5,6167,3001,3166,0,0,0,1.0,1,1.0,1,1.0,1,0.16460664613151357,83
3802,0,6167,3001,3166,0,0,0,1.0,1,1.0,1,1.0,1,0.18089033314026623,82
3803,0,6167,3001,3166,0,0,0,1.0,1,1.0,1,1.0,1,0.1815238189936281,84
3804,0,6167,3001,3166,0,0,0,1.0,1,1.0,1,1.0,1,0.1815238189936281,84
3805,4,6171,3002,3169,0,0,0,1.0,1,1.0,1,1.0,1,0.1905303178121873,86
3806,4,6175,3003,3172,0,0,0,1.0,1,1.0,1,1.0,1,0.1671265526118063,86
3807,2,6177,3004,3173,0,0,0,1.0,1,1.0,1,1.0,1,0.1787749201472763,86
3808,0,6177,3004,3173,0,0,0,1.0,1,1.0,1,1.0,1,0.18033024875384926,85
3809,1,6178,3005,3173,0,0,0,1.0,1,1.0,1,1.0,1,0.19297758746758684,85
3810,2,6180,3006,3174,0,0,0,1.0,1,1.0,1,1.0,1,0.19417282977021583,85
3811,3,6183,3007,3176,0,0,0,1.0,1,1.0,1,1.0,1,0.1919681287090678,84
3812,0,6183,3007,3176,0,0,0,1.0,1,1.0,1,1.0,1,0.1870802678318062,83
3813,0,6183,3007,3176,0,0,0,1.0,1,1.0,1,1.0,1,0.17621790196532844,82
3814,1,6184,3008,3176,0,0,0,1.0,1,1.0,1,1.0,1,0.17644942528684282,81
3815,2,6186,3008,3178,0,0,0,1.0,1,1.0,1,1.0,1,0.1765035442485866,82
3816,3,6189,3009,3180,0,0,0,1.0,1,1.0,1,1.0,1,0.17012820064320897,81
3817,4,6193,3011,3182,0,0,0,1.0,1,1.0,1,1.0,1,0.16965532499266364,81
3818,2,6195,3013,3182,0,0,0,1.0,1,1.0,1,1.0,1,0.22001593450709722,81
3819,4,6199,3014,3185,0,0,0,1.0,1,1.0,1,1.0,1,0.20862477959944098,82
3820,5,6204,3014,3190,0,0,0,1.0,1,1.0,1,1.0,1,0.18958235425898073,84
3821,1,6205,3014,3191,0,0,0,1.0,1,1.0,1,1.0,1,0.1867276106159274,84
3822,0,6205,3014,3191,0,0,0,1.0,1,1.0,1,1.0,1,0.1824914329622182,82
3823,3,6208,3017,3191,0,0,0,1.0,1,1.0,1,1.0,1,0.1853772688041487,81
3824,2,6210,3018,3192,0,0,0,1.0,1,1.0,1,1.0,1,0.20536117259480882,78
3825,2,6212,3018,3194,0,0,0,1.0,1,1.0,1,1.0,1,0.19860883137772503,76
3826,3,6215,3018,3197,0,0,0,1.0,1,1.0,1,1.0,1,0.18860133016419697,76
3827,2,6217,3018,3199,0,0,0,1.0,1,1.0,1,1.0,1,0.1616900014150256,75
3828,1,6218,3019,3199,0,0,0,1.0,1,1.0,1,1.0,1,0.18566276581915533,74
3829,0,6218,3019,3199,0,0,0,1.0,1,1.0,1,1.0,1,0.20440137893021973,74
3830,1,6219,3020,3199,0,0,0,1.0,1,1.0,1,1.0,1,0.19114172866598522,74
3831,6,6225,3022,3203,0,0,0,1.0,1,1.0,1,1.0,1,0.18443090083155494,74
3832,1,6226,3022,3204,0,0,0,1.0,1,1.0,1,1.0,1,0.1793351822579029,73
3833,4,6230,3025,3205,0,0,0,1.0,1,1.0,1,1.0,1,0.19583774596527606,73
3834,0,6230,3025,3205,0,0,0,1.0,1,1.0,1,1.0,1,0.20210833665253444,74
3835,3,6233,3026,3207,0,0,0,1.0,1,1.0,1,1.0,1,0.21790096741031195,75
3836,2,6235,3026,3209,0,0,0,1.0,1,1.0,1,1.0,1,0.18775172851059005,75
3837,2,6237,3027,3210,0,0,0,1.0,1,1.0,1,1.0,1,0.2133857003074083,78
3838,1,6238,3028,3210,0,0,0,1.0,1,1.0,1,1.0,1,0.21748623010488233,78
3839,3,6241,3028,3213,0,0,0,1.0,1,1.0,1,1.0,1,0.199174793987448,79
3840,4,6245,3029,3216,0,0,0,1.0,1,1.0,1,1.0,1,0.20348880090314042,82
3841,3,6248,3029,3219,0,0,0,1.0,1,1.0,1,1.0,1,0.18558171183642003,82
3842,0,6248,3029,3219,0,0,0,1.0,1,1.0,1,1.0,1,0.1834805831904047,82
3843,1,6249,3029,3220,0,0,0,1.0,1,1.0,1,1.0,1,0.17423915599729461,82
3844,2,6251,3030,3221,0,0,0,1.0,1,1.0,1,1.0,1,0.17619467434869873,83
3845,0,6251,3030,3221,0,0,0,1.0,1,1.0,1,1.0,1,0.1865414834702041,84
3846,3,6254,3030,3224,0,0,0,1.0,1,1.0,1,1.0,1,0.1614920228563676,85
3847,0,6254,3030,3224,0,0,0,1.0,1,1.0,1,1.0,1,0.1732426146855604,84
3848,1,6255,3031,3224,0,0,0,1.0,1,1.0,1,1.0,1,0.1797116746511617,84
3849,1,6256,3031,3225,0,0,0,1.0,1,1.0,1,1.0,1,0.18409493698811205,83
3850,0,6256,3031,3225,0,0,0,1.0,1,1.0,1,1.0,1,0.2057360153763843,80
3851,5,6261,3031,3230,0,0,0,1.0,1,1.0,1,1.0,1,0.16598249351708041,80
3852,0,6261,3031,3230,0,0,0,1.0,1,1.0,1,1.0,1,0.18490102687410304,79
3853,1,6262,3032,3230,0,0,0,1.0,1,1.0,1,1.0,1,0.1949709154914051,79
3854,1,6263,3033,3230,0,0,0,1.0,1,1.0,1,1.0,1,0.22715303000414633,78
3855,1,6264,3034,3230,0,0,0,1.0,1,1.0,1,1.0,1,0.24753217044207487,78
3856,2,6266,3035,3231,0,0,0,1.0,1,1.0,1,1.0,1,0.2558407916788964,80
3857,3,6269,3036,3233,0,0,0,1.0,1,1.0,1,1.0,1,0.24303999643646693,81
3858,1,6270,3037,3233,0,0,0,1.0,1,1.0,1,1.0,1,0.2516847271361473,81
3859,3,6273,3037,3236,0,0,0,1.0,1,1.0,1,1.0,1,0.23828651320845676,83
3860,1,6274,3038,3236,0,0,0,1.0,1,1.0,1,1.0,1,0.2681478186730407,82
3861,4,6278,3039,3239,0,0,0,1.0,1,1.0,1,1.0,1,0.26972225009936035,84
3862,5,6283,3042,3241,0,0,0,1.0,1,1.0,1,1.0,1,0.26919262939892963,85
3863,1,6284,3042,3242,0,0,0,1.0,1,1.0,1,1.0,1,0.25849313158059833,84
3864,2,6286,3043,3243,0,0,0,1.0,1,1.0,1,1.0,1,0.233256403226124,83
3865,1,6287,3044,3243,0,0,0,1.0,1,1.0,1,1.0,1,0.23137399345687512,82
3866,1,6288,3044,3244,0,0,0,1.0,1,1.0,1,1.0,1,0.22468532630776875,81
3867,3,6291,3047,3244,0,0,0,1.0,1,1.0,1,1.0,1,0.22710760492273355,81
3868,1,6292,3048,3244,0,0,0,1.0,1,1.0,1,1.0,1,0.2336438893682359,81
3869,3,6295,3050,3245,0,0,0,1.0,1,1.0,1,1.0,1,0.23865173113512375,81
3870,0,6295,3050,3245,0,0,0,1.0,1,1.0,1,1.0,1,0.21408130981413917,80
3871,3,6298,3052,3246,0,0,0,1.0,1,1.0,1,1.0,1,0.22650238501655307,82
3872,0,6298,3052,3246,0,0,0,1.0,1,1.0,1,1.0,1,0.2183661274593733,81
3873,0,6298,3052,3246,0,0,0,1.0,1,1.0,1,1.0,1,0.2183661274593733,81
3874,2,6300,3054,3246,0,0,0,1.0,1,1.0,1,1.0,1,0.22794145749870076,78
3875,0,6300,3054,3246,0,0,0,1.0,1,1.0,1,1.0,1,0.22677797554093096,77
3876,5,6305,3055,3250,0,0,0,1.0,1,1.0,1,1.0,1,0.18646104388451712,78
3877,0,6305,3055,3250,0,0,0,1.0,1,1.0,1,1.0,1,0.18901859392231987,75
3878,2,6307,3057,3250,0,0,0,1.0,1,1.0,1,1.0,1,0.20149863639517845,75
3879,0,6307,3057,3250,0,0,0,1.0,1,1.0,1,1.0,1,0.20958818673389384,73
3880,0,6307,3057,3250,0,0,0,1.0,1,1.0,1,1.0,1,0.21380090417777173,74
3881,1,6308,3057,3251,0,0,0,1.0,1,1.0,1,1.0,1,0.2134158509355857,75
3882,4,6312,3057,3255,0,0,0,1.0,1,1.0,1,1.0,1,0.186840855787637,76
3883,2,6314,3057,3257,0,0,0,1.0,1,1.0,1,1.0,1,0.17376768090171277,77
3884,4,6318,3059,3259,0,0,0,1.0,1,1.0,1,1.0,1,0.1838727273213733,78
3885,0,6318,3059,3259,0,0,0,1.0,1,1.0,1,1.0,1,0.1838727273213733,78
3886,4,6322,3060,3262,0,0,0,1.0,1,1.0,1,1.0,1,0.17748813191928592,79
3887,4,6326,3061,3265,0,0,0,1.0,1,1.0,1,1.0,1,0.16877857346050174,78
3888,7,6333,3062,3271,0,0,0,1.0,1,1.0,1,1.0,1,0.167059613369184,80
3889,4,6337,3062,3275,0,0,0,1.0,1,1.0,1,1.0,1,0.15193842212347658,82
3890,3,6340,3064,3276,0,0,0,1.0,1,1.0,1,1.0,1,0.15661568726714792,82
3891,4,6344,3067,3277,0,0,0,1.0,1,1.0,1,1.0,1,0.1550722535662946,85
3892,2,6346,3068,3278,0,0,0,1.0,1,1.0,1,1.0,1,0.16287764734406282,87
3893,0,6346,3068,3278,0,0,0,1.0,1,1.0,1,1.0,1,0.15706463484639943,86
3894,0,6346,3068,3278,0,0,0,1.0,1,1.0,1,1.0,1,0.16270297249950086,87
3895,1,6347,3069,3278,0,0,0,1.0,1,1.0,1,1.0,1,0.17362936634661782,87
3896,4,6351,3069,3282,0,0,0,1.0,1,1.0,1,1.0,1,0.14604389080451535,85
3897,2,6353,3071,3282,0,0,0,1.0,1,1.0,1,1.0,1,0.15411084597712016,85
3898,1,6354,3072,3282,0,0,0,1.0,1,1.0,1,1.0,1,0.17694961290498207,86
3899,1,6355,3073,3282,0,0,0,1.0,1,1.0,1,1.0,1,0.18120202565088037,86
3900,0,6355,3073,3282,0,0,0,1.0,1,1.0,1,1.0,1,0.18120202565088037,86
3901,2,6357,3074,3283,0,0,0,1.0,1,1.0,1,1.0,1,0.18545800698630147,86
3902,1,6358,3075,3283,0,0,0,1.0,1,1.0,1,1.0,1,0.18025264295623547,87
3903,3,6361,3077,3284,0,0,0,1.0,1,1.0,1,1.0,1,0.17762754005650835,87
3904,2,6363,3079,3284,0,0,0,1.0,1,1.0,1,1.0,1,0.1974044348319759,85
3905,2,6365,3080,3285,0,0,0,1.0,1,1.0,1,1.0,1,0.18952137787456688,84
3906,7,6372,3082,3290,0,0,0,1.0,1,1.0,1,1.0,1,0.16156019983807784,86
3907,1,6373,3082,3291,0,0,0,1.0,1,1.0,1,1.0,1,0.15305002493444048,84
3908,0,6373,3082,3291,0,0,0,1.0,1,1.0,1,1.0,1,0.14824808134681686,83
3909,2,6375,3082,3293,0,0,0,1.0,1,1.0,1,1.0,1,0.1282838033206888,81
3910,5,6380,3086,3294,0,0,0,1.0,1,1.0,1,1.0,1,0.16644346064030788,82
3911,6,6386,3087,3299,0,0,0,1.0,1,1.0,1,1.0,1,0.10596921579821887,81
3912,1,6387,3087,3300,0,0,0,1.0,1,1.0,1,1.0,1,0.10084410924081577,80
3913,5,6392,3090,3302,0,0,0,1.0,1,1.0,1,1.0,1,0.12767935885430445,80
3914,4,6396,3092,3304,0,0,0,1.0,1,1.0,1,1.0,1,0.1198174052091874,81
3915,2,6398,3094,3304,0,0,0,1.0,1,1.0,1,1.0,1,0.12073300140964732,81
3916,4,6402,3096,3306,0,0,0,1.0,1,1.0,1,1.0,1,0.13773161690987348,81
3917,2,6404,3097,3307,0,0,0,1.0,1,1.0,1,1.0,1,0.14082555947760986,82
3918,4,6408,3099,3309,0,0,0,1.0,1,1.0,1,1.0,1,0.18363408638088546,85
3919,2,6410,3100,3310,0,0,0,1.0,1,1.0,1,1.0,1,0.19271272097629832,85
3920,2,6412,3101,3311,0,0,0,1.0,1,1.0,1,1.0,1,0.17792776455135315,85
3921,5,6417,3102,3315,0,0,0,1.0,1,1.0,1,1.0,1,0.15541897222694773,88
3922,0,6417,3102,3315,0,0,0,1.0,1,1.0,1,1.0,1,0.15541897222694773,88
3923,0,6417,3102,3315,0,0,0,1.0,1,1.0,1,1.0,1,0.14664379207495537,89
3924,1,6418,3102,3316,0,0,0,1.0,1,1.0,1,1.0,1,0.15391135782769821,90
3925,1,6419,3103,3316,0,0,0,1.0,1,1.0,1,1.0,1,0.15178248704595493,88
3926,4,6423,3104,3319,0,0,0,1.0,1,1.0,1,1.0,1,0.12663749989044834,89
3927,1,6424,3104,3320,0,0,0,1.0,1,1.0,1,1.0,1,0.13149588449242283,89
3928,0,6424,3104,3320,0,0,0,1.0,1,1.0,1,1.0,1,0.14671096432241124,88
3929,1,6425,3105,3320,0,0,0,1.0,1,1.0,1,1.0,1,0.15403126339006376,88
3930,0,6425,3105,3320,0,0,0,1.0,1,1.0,1,1.0,1,0.1513740564249008,87
3931,3,6428,3105,3323,0,0,0,1.0,1,1.0,1,1.0,1,0.13902380037265696,86
3932,1,6429,3106,3323,0,0,0,1.0,1,1.0,1,1.0,1,0.15239910016695168,85
3933,2,6431,3107,3324,0,0,0,1.0,1,1.0,1,1.0,1,0.1626306413538206,84
3934,1,6432,3108,3324,0,0,0,1.0,1,1.0,1,1.0,1,0.17036532391215525,85
3935,0,6432,3108,3324,0,0,0,1.0,1,1.0,1,1.0,1,0.1646255362055603,84
3936,1,6433,3108,3325,0,0,0,1.0,1,1.0,1,1.0,1,0.1518490884781741,84
3937,2,6435,3108,3327,0,0,0,1.0,1,1.0,1,1.0,1,0.11794502373233534,82
3938,0,6435,3108,3327,0,0,0,1.0,1,1.0,1,1.0,1,0.11794502373233534,82
3939,0,6435,3108,3327,0,0,0,1.0,1,1.0,1,1.0,1,0.11759140962740998,84
3940,2,6437,3109,3328,0,0,0,1.0,1,1.0,1,1.0,1,0.11182706448519009,84
3941,1,6438,3109,3329,0,0,0,1.0,1,1.0,1,1.0,1,0.09882481371711302,85
3942,4,6442,3112,3330,0,0,0,1.0,1,1.0,1,1.0,1,0.11399982565888553,85
3943,1,6443,3113,3330,0,0,0,1.0,1,1.0,1,1.0,1,0.10971346327599586,84
3944,5,6448,3115,3333,0,0,0,1.0,1,1.0,1,1.0,1,0.13262410498118868,83
3945,1,6449,3116,3333,0,0,0,1.0,1,1.0,1,1.0,1,0.13954845104746136,83
3946,4,6453,3117,3336,0,0,0,1.0,1,1.0,1,1.0,1,0.13275893519340293,83
3947,1,6454,3117,3337,0,0,0,1.0,1,1.0,1,1.0,1,0.12530335241093718,83
3948,1,6455,3118,3337,0,0,0,1.0,1,1.0,1,1.0,1,0.14746319738569671,84
3949,0,6455,3118,3337,0,0,0,1.0,1,1.0,1,1.0,1,0.16324986224623403,84
3950,2,6457,3119,3338,0,0,0,1.0,1,1.0,1,1.0,1,0.1663384976090286,86
3951,3,6460,3119,3341,0,0,0,1.0,1,1.0,1,1.0,1,0.1525747090458278,87
3952,3,6463,3121,3342,0,0,0,1.0,1,1.0,1,1.0,1,0.16335544469994806,86
3953,0,6463,3121,3342,0,0,0,1.0,1,1.0,1,1.0,1,0.17321169832628852,86
3954,1,6464,3121,3343,0,0,0,1.0,1,1.0,1,1.0,1,0.15997453061954095,85
3955,4,6468,3123,3345,0,0,0,1.0,1,1.0,1,1.0,1,0.16446132802106886,85
3956,4,6472,3123,3349,0,0,0,1.0,1,1.0,1,1.0,1,0.12320570835137772,84
3957,0,6472,3123,3349,0,0,0,1.0,1,1.0,1,1.0,1,0.12893637473564518,85
3958,1,6473,3124,3349,0,0,0,1.0,1,1.0,1,1.0,1,0.13550171776934974,84
3959,1,6474,3124,3350,0,0,0,1.0,1,1.0,1,1.0,1,0.13536725617177248,83
3960,2,6476,3125,3351,0,0,0,1.0,1,1.0,1,1.0,1,0.13495648713953418,84
3961,1,6477,3125,3352,0,0,0,1.0,1,1.0,1,1.0,1,0.13488482511835892,83
3962,1,6478,3126,3352,0,0,0,1.0,1,1.0,1,1.0,1,0.1362347239097652,84
3963,0,6478,3126,3352,0,0,0,1.0,1,1.0,1,1.0,1,0.149819970250716,81
3964,2,6480,3128,3352,0,0,0,1.0,1,1.0,1,1.0,1,0.16327911930773625,81
3965,3,6483,3129,3354,0,0,0,1.0,1,1.0,1,1.0,1,0.15876456918773924,81
3966,4,6487,3131,3356,0,0,0,1.0,1,1.0,1,1.0,1,0.18413972546980614,79
3967,3,6490,3132,3358,0,0,0,1.0,1,1.0,1,1.0,1,0.17497825872840608,81
3968,3,6493,3134,3359,0,0,0,1.0,1,1.0,1,1.0,1,0.15062603615667686,79
3969,3,6496,3137,3359,0,0,0,1.0,1,1.0,1,1.0,1,0.17819378491027157,79
3970,3,6499,3139,3360,0,0,0,1.0,1,1.0,1,1.0,1,0.17936967579451718,78
3971,1,6500,3139,3361,0,0,0,1.0,1,1.0,1,1.0,1,0.1724806237299599,77
3972,1,6501,3140,3361,0,0,0,1.0,1,1.0,1,1.0,1,0.17540786971216157,78
3973,0,6501,3140,3361,0,0,0,1.0,1,1.0,1,1.0,1,0.17546675237804235,77
3974,1,6502,3141,3361,0,0,0,1.0,1,1.0,1,1.0,1,0.17529859689852506,77
3975,1,6503,3142,3361,0,0,0,1.0,1,1.0,1,1.0,1,0.19986384236919796,76
3976,1,6504,3142,3362,0,0,0,1.0,1,1.0,1,1.0,1,0.19232424891687003,77
3977,0,6504,3142,3362,0,0,0,1.0,1,1.0,1,1.0,1,0.1968482437861446,78
3978,2,6506,3142,3364,0,0,0,1.0,1,1.0,1,1.0,1,0.18430723505299348,79
3979,0,6506,3142,3364,0,0,0,1.0,1,1.0,1,1.0,1,0.18430723505299348,79
3980,0,6506,3142,3364,0,0,0,1.0,1,1.0,1,1.0,1,0.18430723505299348,79
3981,3,6509,3144,3365,0,0,0,1.0,1,1.0,1,1.0,1,0.21089285062541185,83
3982,2,6511,3145,3366,0,0,0,1.0,1,1.0,1,1.0,1,0.20113008081750328,83
3983,2,6513,3146,3367,0,0,0,1.0,1,1.0,1,1.0,1,0.18733268154913849,82
3984,2,6515,3147,3368,0,0,0,1.0,1,1.0,1,1.0,1,0.19139754841735532,83
3985,1,6516,3148,3368,0,0,0,1.0,1,1.0,1,1.0,1,0.2032743042091043,84
3986,8,6524,3152,3372,0,0,0,1.0,1,1.0,1,1.0,1,0.19546558942827738,83
3987,1,6525,3153,3372,0,0,0,1.0,1,1.0,1,1.0,1,0.2019631015029334,82
3988,2,6527,3153,3374,0,0,0,1.0,1,1.0,1,1.0,1,0.19526321853013706,83
3989,0,6527,3153,3374,0,0,0,1.0,1,1.0,1,1.0,1,0.20658394155572685,81
3990,1,6528,3153,3375,0,0,0,1.0,1,1.0,1,1.0,1,0.20234270878734442,81
3991,4,6532,3155,3377,0,0,0,1.0,1,1.0,1,1.0,1,0.19949965612891124,79
3992,3,6535,3156,3379,0,0,0,1.0,1,1.0,1,1.0,1,0.17748371232633095,81
3993,1,6536,3156,3380,0,0,0,1.0,1,1.0,1,1.0,1,0.17592868728064046,80
3994,0,6536,3156,3380,0,0,0,1.0,1,1.0,1,1.0,1,0.17592868728064046,80
3995,2,6538,3158,3380,0,0,0,1.0,1,1.0,1,1.0,1,0.18599692625498518,81
3996,4,6542,3158,3384,0,0,0,1.0,1,1.0,1,1.0,1,0.17175006710449822,80
3997,1,6543,3159,3384,0,0,0,1.0,1,1.0,1,1.0,1,0.17563307439007644,81
3998,2,6545,3160,3385,0,0,0,1.0,1,1.0,1,1.0,1,0.16720365399965273,82
3999,4,6549,3161,3388,0,0,0,1.0,1,1.0,1,1.0,1,0.14612404732749923,82
4000,2,6551,3163,3388,0,0,0,1.0,1,1.0,1,1.0,1,0.16499686005587638,82
4001,4,6555,3163,3392,0,0,0,1.0,1,1.0,1,1.0,1,0.14199031182736893,81
4002,3,6558,3165,3393,0,0,0,1.0,1,1.0,1,1.0,1,0.16718215530120553,81
4003,2,6560,3166,3394,0,0,0,1.0,1,1.0,1,1.0,1,0.16165383442791145,81
4004,2,6562,3168,3394,0,0,0,1.0,1,1.0,1,1.0,1,0.18094413462839454,80
4005,2,6564,3170,3394,0,0,0,1.0,1,1.0,1,1.0,1,0.20468855044891326,78
4006,3,6567,3171,3396,0,0,0,1.0,1,1.0,1,1.0,1,0.17683223077772223,76
4007,2,6569,3172,3397,0,0,0,1.0,1,1.0,1,1.0,1,0.1818376868692518,75
4008,3,6572,3174,3398,0,0,0,1.0,1,1.0,1,1.0,1,0.19045527131074413,74
4009,3,6575,3176,3399,0,0,0,1.0,1,1.0,1,1.0,1,0.20616607728575467,75
4010,0,6575,3176,3399,0,0,0,1.0,1,1.0,1,1.0,1,0.22684559802960896,75
4011,2,6577,3178,3399,0,0,0,1.0,1,1.0,1,1.0,1,0.21527392608644974,74
4012,3,6580,3179,3401,0,0,0,1.0,1,1.0,1,1.0,1,0.20587429175442856,74
4013,1,6581,3180,3401,0,0,0,1.0,1,1.0,1,1.0,1,0.201177875601982,74
4014,1,6582,3180,3402,0,0,0,1.0,1,1.0,1,1.0,1,0.20947077484142673,73
4015,1,6583,3180,3403,0,0,0,1.0,1,1.0,1,1.0,1,0.2143424948021458,74
4016,1,6584,3181,3403,0,0,0,1.0,1,1.0,1,1.0,1,0.22786006270058626,74
4017,4,6588,3182,3406,0,0,0,1.0,1,1.0,1,1.0,1,0.20779622104756923,78
4018,0,6588,3182,3406,0,0,0,1.0,1,1.0,1,1.0,1,0.21684505022067066,78
4019,0,6588,3182,3406,0,0,0,1.0,1,1.0,1,1.0,1,0.21684505022067066,78
4020,0,6588,3182,3406,0,0,0,1.0,1,1.0,1,1.0,1,0.21684505022067066,78
4021,1,6589,3183,3406,0,0,0,1.0,1,1.0,1,1.0,1,0.21823153656615166,78
4022,4,6593,3185,3408,0,0,0,1.0,1,1.0,1,1.0,1,0.21451514913997494,79
4023,0,6593,3185,3408,0,0,0,1.0,1,1.0,1,1.0,1,0.21106143968943425,78
4024,1,6594,3186,3408,0,0,0,1.0,1,1.0,1,1.0,1,0.21022204323255952,77
4025,0,6594,3186,3408,0,0,0,1.0,1,1.0,1,1.0,1,0.2169461123851142,76
4026,2,6596,3187,3409,0,0,0,1.0,1,1.0,1,1.0,1,0.2033166313571559,76
4027,3,6599,3189,3410,0,0,0,1.0,1,1.0,1,1.0,1,0.1972743859348136,75
4028,2,6601,3190,3411,0,0,0,1.0,1,1.0,1,1.0,1,0.19958621042671057,76
4029,2,6603,3192,3411,0,0,0,1.0,1,1.0,1,1.0,1,0.21814943366391198,75
4030,1,6604,3193,3411,0,0,0,1.0,1,1.0,1,1.0,1,0.22580483804187984,74
4031,8,6612,3194,3418,0,0,0,1.0,1,1.0,1,1.0,1,0.18493150381001827,73
4032,2,6614,3194,3420,0,0,0,1.0,1,1.0,1,1.0,1,0.14570919147427944,71
4033,0,6614,3194,3420,0,0,0,1.0,1,1.0,1,1.0,1,0.14789598933098944,73
4034,2,6616,3196,3420,0,0,0,1.0,1,1.0,1,1.0,1,0.14305488327508847,72
4035,1,6617,3197,3420,0,0,0,1.0,1,1.0,1,1.0,1,0.1587635828622584,71
4036,3,6620,3199,3421,0,0,0,1.0,1,1.0,1,1.0,1,0.1547497726678007,71
4037,1,6621,3200,3421,0,0,0,1.0,1,1.0,1,1.0,1,0.17643705221556238,70
4038,1,6622,3201,3421,0,0,0,1.0,1,1.0,1,1.0,1,0.18972715558366254,69
4039,1,6623,3202,3421,0,0,0,1.0,1,1.0,1,1.0,1,0.23817999413962426,68
4040,5,6628,3204,3424,0,0,0,1.0,1,1.0,1,1.0,1,0.2728150663933657,69
4041,2,6630,3204,3426,0,0,0,1.0,1,1.0,1,1.0,1,0.2601310834510151,67
4042,0,6630,3204,3426,0,0,0,1.0,1,1.0,1,1.0,1,0.2911414882405688,67
4043,1,6631,3205,3426,0,0,0,1.0,1,1.0,1,1.0,1,0.3301742829024864,66
4044,2,6633,3207,3426,0,0,0,1.0,1,1.0,1,1.0,1,0.3375662049143116,65
4045,0,6633,3207,3426,0,0,0,1.0,1,1.0,1,1.0,1,0.34138149122019706,66
4046,6,6639,3207,3432,0,0,0,1.0,1,1.0,1,1.0,1,0.3054231812647858,68
4047,0,6639,3207,3432,0,0,0,1.0,1,1.0,1,1.0,1,0.3054231812647858,68
4048,0,6639,3207,3432,0,0,0,1.0,1,1.0,1,1.0,1,0.3045105060885076,69
4049,0,6639,3207,3432,0,0,0,1.0,1,1.0,1,1.0,1,0.3045105060885076,69
4050,2,6641,3207,3434,0,0,0,1.0,1,1.0,1,1.0,1,0.3031932892315881,69
4051,0,6641,3207,3434,0,0,0,1.0,1,1.0,1,1.0,1,0.3031932892315881,69
4052,1,6642,3207,3435,0,0,0,1.0,1,1.0,1,1.0,1,0.28477517437421385,69
4053,1,6643,3207,3436,0,0,0,1.0,1,1.0,1,1.0,1,0.27057241445324964,69
4054,0,6643,3207,3436,0,0,0,1.0,1,1.0,1,1.0,1,0.26688024671701377,70
4055,1,6644,3207,3437,0,0,0,1.0,1,1.0,1,1.0,1,0.24937731022339457,70
4056,1,6645,3207,3438,0,0,0,1.0,1,1.0,1,1.0,1,0.2414762425951867,70
4057,1,6646,3207,3439,0,0,0,1.0,1,1.0,1,1.0,1,0.2374921329612602,71
4058,2,6648,3209,3439,0,0,0,1.0,1,1.0,1,1.0,1,0.25184863925006407,71
4059,4,6652,3210,3442,0,0,0,1.0,1,1.0,1,1.0,1,0.23213461800236254,72
4060,0,6652,3210,3442,0,0,0,1.0,1,1.0,1,1.0,1,0.24168517462604971,71
4061,3,6655,3211,3444,0,0,0,1.0,1,1.0,1,1.0,1,0.23554304582381302,72
4062,2,6657,3212,3445,0,0,0,1.0,1,1.0,1,1.0,1,0.23134062738485828,72
4063,2,6659,3213,3446,0,0,0,1.0,1,1.0,1,1.0,1,0.23341788789744325,72
4064,5,6664,3216,3448,0,0,0,1.0,1,1.0,1,1.0,1,0.2180443238556805,71
4065,4,6668,3219,3449,0,0,0,1.0,1,1.0,1,1.0,1,0.21719359791901957,70
4066,5,6673,3221,3452,0,0,0,1.0,1,1.0,1,1.0,1,0.20935280372404452,70
4067,2,6675,3222,3453,0,0,0,1.0,1,1.0,1,1.0,1,0.19655313078615233,68
4068,4,6679,3224,3455,0,0,0,1.0,1,1.0,1,1.0,1,0.2102699260376388,70
4069,3,6682,3225,3457,0,0,0,1.0,1,1.0,1,1.0,1,0.1886397095906691,68
4070,2,6684,3226,3458,0,0,0,1.0,1,1.0,1,1.0,1,0.17050420066476654,67
4071,3,6687,3227,3460,0,0,0,1.0,1,1.0,1,1.0,1,0.1751986630009413,68
4072,4,6691,3230,3461,0,0,0,1.0,1,1.0,1,1.0,1,0.16249503652890365,70
4073,3,6694,3231,3463,0,0,0,1.0,1,1.0,1,1.0,1,0.1358134128962443,70
4074,4,6698,3235,3463,0,0,0,1.0,1,1.0,1,1.0,1,0.20388494260316425,71
4075,7,6705,3239,3466,0,0,0,1.0,1,1.0,1,1.0,1,0.22069418065618607,72
4076,9,6714,3242,3472,0,0,0,1.0,1,1.0,1,1.0,1,0.19416487841198485,73
4077,3,6717,3243,3474,0,0,0,1.0,1,1.0,1,1.0,1,0.19849458616322663,72
4078,4,6721,3246,3475,0,0,0,1.0,1,1.0,1,1.0,1,0.24822923998710011,71
4079,2,6723,3246,3477,0,0,0,1.0,1,1.0,1,1.0,1,0.2480273239570684,69
4080,1,6724,3247,3477,0,0,0,1.0,1,1.0,1,1.0,1,0.24812611370923282,67
4081,3,6727,3247,3480,0,0,0,1.0,1,1.0,1,1.0,1,0.21313245087940835,66
4082,0,6727,3247,3480,0,0,0,1.0,1,1.0,1,1.0,1,0.22150811196917297,65
4083,3,6730,3249,3481,0,0,0,1.0,1,1.0,1,1.0,1,0.23546559111898865,64
4084,3,6733,3251,3482,0,0,0,1.0,1,1.0,1,1.0,1,0.25545794853157605,64
4085,1,6734,3251,3483,0,0,0,1.0,1,1.0,1,1.0,1,0.23173543234638475,65
4086,5,6739,3252,3487,0,0,0,1.0,1,1.0,1,1.0,1,0.19190768188538865,66
4087,1,6740,3253,3487,0,0,0,1.0,1,1.0,1,1.0,1,0.19252332926366827,66
4088,2,6742,3253,3489,0,0,0,1.0,1,1.0,1,1.0,1,0.20062721517028045,65
4089,0,6742,3253,3489,0,0,0,1.0,1,1.0,1,1.0,1,0.20062721517028045,65
4090,0,6742,3253,3489,0,0,0,1.0,1,1.0,1,1.0,1,0.2146994674262975,65
4091,3,6745,3253,3492,0,0,0,1.0,1,1.0,1,1.0,1,0.18295883262022092,65
4092,2,6747,3253,3494,0,0,0,1.0,1,1.0,1,1.0,1,0.16321551723692765,64
4093,0,6747,3253,3494,0,0,0,1.0,1,1.0,1,1.0,1,0.16218248252116077,66
4094,1,6748,3254,3494,0,0,0,1.0,1,1.0,1,1.0,1,0.18446980240503916,65
4095,2,6750,3255,3495,0,0,0,1.0,1,1.0,1,1.0,1,0.18146883220726046,65
4096,1,6751,3256,3495,0,0,0,1.0,1,1.0,1,1.0,1,0.17909892185683582,67
4097,5,6756,3258,3498,0,0,0,1.0,1,1.0,1,1.0,1,0.16114446568356405,67
4098,2,6758,3259,3499,0,0,0,1.0,1,1.0,1,1.0,1,0.1755569182278497,68
4099,1,6759,3259,3500,0,0,0,1.0,1,1.0,1,1.0,1,0.17862987840201225,69
4100,1,6760,3260,3500,0,0,0,1.0,1,1.0,1,1.0,1,0.17974648597697124,70
4101,5,6765,3261,3504,0,0,0,1.0,1,1.0,1,1.0,1,0.14989990285651406,71
4102,3,6768,3263,3505,0,0,0,1.0,1,1.0,1,1.0,1,0.15040091443198614,71
4103,2,6770,3264,3506,0,0,0,1.0,1,1.0,1,1.0,1,0.14992784336225726,71
4104,2,6772,3266,3506,0,0,0,1.0,1,1.0,1,1.0,1,0.16782605384324858,69
4105,0,6772,3266,3506,0,0,0,1.0,1,1.0,1,1.0,1,0.18592286507743006,67
4106,1,6773,3266,3507,0,0,0,1.0,1,1.0,1,1.0,1,0.18767005978911158,68
4107,4,6777,3266,3511,0,0,0,1.0,1,1.0,1,1.0,1,0.15252240594096464,70
4108,1,6778,3266,3512,0,0,0,1.0,1,1.0,1,1.0,1,0.13863160435440183,70
4109,0,6778,3266,3512,0,0,0,1.0,1,1.0,1,1.0,1,0.148585245608989,69
4110,1,6779,3267,3512,0,0,0,1.0,1,1.0,1,1.0,1,0.13081794958039017,71
4111,1,6780,3267,3513,0,0,0,1.0,1,1.0,1,1.0,1,0.11834965477219261,70
4112,2,6782,3267,3515,0,0,0,1.0,1,1.0,1,1.0,1,0.09950464472136938,72
4113,0,6782,3267,3515,0,0,0,1.0,1,1.0,1,1.0,1,0.09950464472136938,72
4114,4,6786,3270,3516,0,0,0,1.0,1,1.0,1,1.0,1,0.16079932477150563,72
4115,1,6787,3271,3516,0,0,0,1.0,1,1.0,1,1.0,1,0.16337718810495705,70
4116,4,6791,3272,3519,0,0,0,1.0,1,1.0,1,1.0,1,0.1680718813393143,67
4117,1,6792,3273,3519,0,0,0,1.0,1,1.0,1,1.0,1,0.20393888398293494,67
4118,1,6793,3273,3520,0,0,0,1.0,1,1.0,1,1.0,1,0.21009260892496193,66
4119,3,6796,3274,3522,0,0,0,1.0,1,1.0,1,1.0,1,0.22384226717260097,67
4120,0,6796,3274,3522,0,0,0,1.0,1,1.0,1,1.0,1,0.2353208100306953,64
4121,5,6801,3275,3526,0,0,0,1.0,1,1.0,1,1.0,1,0.21450152920178098,63
4122,3,6804,3278,3526,0,0,0,1.0,1,1.0,1,1.0,1,0.2358795052621859,63
4123,3,6807,3280,3527,0,0,0,1.0,1,1.0,1,1.0,1,0.23859783344154933,61
4124,3,6810,3282,3528,0,0,0,1.0,1,1.0,1,1.0,1,0.24790056361403906,62
4125,1,6811,3283,3528,0,0,0,1.0,1,1.0,1,1.0,1,0.2561212504231238,60
4126,3,6814,3284,3530,0,0,0,1.0,1,1.0,1,1.0,1,0.22546065529686957,59
4127,3,6817,3286,3531,0,0,0,1.0,1,1.0,1,1.0,1,0.23199779737113366,60
4128,0,6817,3286,3531,0,0,0,1.0,1,1.0,1,1.0,1,0.23199779737113366,60
4129,1,6818,3286,3532,0,0,0,1.0,1,1.0,1,1.0,1,0.22585125876356596,60
4130,2,6820,3288,3532,0,0,0,1.0,1,1.0,1,1.0,1,0.22477627401484157,61
4131,1,6821,3288,3533,0,0,0,1.0,1,1.0,1,1.0,1,0.21459095783056797,60
4132,4,6825,3291,3534,0,0,0,1.0,1,1.0,1,1.0,1,0.20206048125808385,60
4133,2,6827,3292,3535,0,0,0,1.0,1,1.0,1,1.0,1,0.23690861512079062,62
4134,4,6831,3293,3538,0,0,0,1.0,1,1.0,1,1.0,1,0.21758048009171269,63
4135,6,6837,3295,3542,0,0,0,1.0,1,1.0,1,1.0,1,0.20689611280556056,65
4136,1,6838,3295,3543,0,0,0,1.0,1,1.0,1,1.0,1,0.19332985864048866,65
4137,1,6839,3296,3543,0,0,0,1.0,1,1.0,1,1.0,1,0.1954650471288831,66
4138,1,6840,3297,3543,0,0,0,1.0,1,1.0,1,1.0,1,0.20245410059198005,67
4139,0,6840,3297,3543,0,0,0,1.0,1,1.0,1,1.0,1,0.20245410059198005,67
4140,0,6840,3297,3543,0,0,0,1.0,1,1.0,1,1.0,1,0.18957511535734228,66
4141,1,6841,3298,3543,0,0,0,1.0,1,1.0,1,1.0,1,0.20588567661448767,67
4142,0,6841,3298,3543,0,0,0,1.0,1,1.0,1,1.0,1,0.20588567661448767,67
4143,2,6843,3299,3544,0,0,0,1.0,1,1.0,1,1.0,1,0.1914254658558942,66
4144,1,6844,3300,3544,0,0,0,1.0,1,1.0,1,1.0,1,0.20644165749466595,64
4145,4,6848,3303,3545,0,0,0,1.0,1,1.0,1,1.0,1,0.23195461562362987,63
4146,5,6853,3304,3549,0,0,0,1.0,1,1.0,1,1.0,1,0.20030131398523698,62
4147,0,6853,3304,3549,0,0,0,1.0,1,1.0,1,1.0,1,0.20725668800103123,60
4148,2,6855,3305,3550,0,0,0,1.0,1,1.0,1,1.0,1,0.20767187040908916,62
4149,1,6856,3306,3550,0,0,0,1.0,1,1.0,1,1.0,1,0.2139654556451603,61
4150,3,6859,3308,3551,0,0,0,1.0,1,1.0,1,1.0,1,0.19644215733823506,60
4151,3,6862,3308,3554,0,0,0,1.0,1,1.0,1,1.0,1,0.17615592964422414,60
4152,2,6864,3309,3555,0,0,0,1.0,1,1.0,1,1.0,1,0.192181469310996,60
4153,0,6864,3309,3555,0,0,0,1.0,1,1.0,1,1.0,1,0.21585280232276988,58
4154,1,6865,3309,3556,0,0,0,1.0,1,1.0,1,1.0,1,0.23502332246957564,57
4155,2,6867,3311,3556,0,0,0,1.0,1,1.0,1,1.0,1,0.23377122563433805,57
4156,7,6874,3313,3561,0,0,0,1.0,1,1.0,1,1.0,1,0.20374891750030136,58
4157,0,6874,3313,3561,0,0,0,1.0,1,1.0,1,1.0,1,0.20340275751596967,57
4158,0,6874,3313,3561,0,0,0,1.0,1,1.0,1,1.0,1,0.23448856163671983,55
4159,0,6874,3313,3561,0,0,0,1.0,1,1.0,1,1.0,1,0.2411048526849522,57
4160,1,6875,3314,3561,0,0,0,1.0,1,1.0,1,1.0,1,0.24449525821148416,58
4161,4,6879,3314,3565,0,0,0,1.0,1,1.0,1,1.0,1,0.1925779310986045,58
4162,0,6879,3314,3565,0,0,0,1.0,1,1.0,1,1.0,1,0.2013494831736089,57
4163,1,6880,3315,3565,0,0,0,1.0,1,1.0,1,1.0,1,0.23302784641002042,58
4164,4,6884,3318,3566,0,0,0,1.0,1,1.0,1,1.0,1,0.2867272583061238,56
4165,4,6888,3319,3569,0,0,0,1.0,1,1.0,1,1.0,1,0.29368066684216054,58
4166,3,6891,3319,3572,0,0,0,1.0,1,1.0,1,1.0,1,0.25129048016704997,57
4167,2,6893,3319,3574,0,0,0,1.0,1,1.0,1,1.0,1,0.2569433416113713,57
4168,0,6893,3319,3574,0,0,0,1.0,1,1.0,1,1.0,1,0.25300458506000983,58
4169,1,6894,3320,3574,0,0,0,1.0,1,1.0,1,1.0,1,0.2497655794277566,58
4170,1,6895,3321,3574,0,0,0,1.0,1,1.0,1,1.0,1,0.27325414480031107,58
4171,1,6896,3321,3575,0,0,0,1.0,1,1.0,1,1.0,1,0.28346551892564126,57
4172,1,6897,3321,3576,0,0,0,1.0,1,1.0,1,1.0,1,0.2743121485807679,57
4173,0,6897,3321,3576,0,0,0,1.0,1,1.0,1,1.0,1,0.2915709598304239,56
4174,1,6898,3321,3577,0,0,0,1.0,1,1.0,1,1.0,1,0.28487016193814957,56
4175,2,6900,3321,3579,0,0,0,1.0,1,1.0,1,1.0,1,0.26547506799594817,55
4176,1,6901,3321,3580,0,0,0,1.0,1,1.0,1,1.0,1,0.2763373468136419,57
4177,2,6903,3322,3581,0,0,0,1.0,1,1.0,1,1.0,1,0.2835331049111432,58
4178,3,6906,3324,3582,0,0,0,1.0,1,1.0,1,1.0,1,0.29186253696675735,60
4179,4,6910,3325,3585,0,0,0,1.0,1,1.0,1,1.0,1,0.24627714481300356,61
4180,0,6910,3325,3585,0,0,0,1.0,1,1.0,1,1.0,1,0.24112160826879164,62
4181,1,6911,3325,3586,0,0,0,1.0,1,1.0,1,1.0,1,0.22983408994776283,63
4182,1,6912,3326,3586,0,0,0,1.0,1,1.0,1,1.0,1,0.24843400087762274,63
4183,2,6914,3328,3586,0,0,0,1.0,1,1.0,1,1.0,1,0.23319472700203564,63
4184,3,6917,3330,3587,0,0,0,1.0,1,1.0,1,1.0,1,0.22851770129992272,63
4185,0,6917,3330,3587,0,0,0,1.0,1,1.0,1,1.0,1,0.23815120320117864,61
4186,5,6922,3333,3589,0,0,0,1.0,1,1.0,1,1.0,1,0.1954383768579215,62
4187,2,6924,3334,3590,0,0,0,1.0,1,1.0,1,1.0,1,0.20353198921659818,60
4188,2,6926,3335,3591,0,0,0,1.0,1,1.0,1,1.0,1,0.19133559466067718,60
4189,1,6927,3335,3592,0,0,0,1.0,1,1.0,1,1.0,1,0.1784729391433617,60
4190,1,6928,3335,3593,0,0,0,1.0,1,1.0,1,1.0,1,0.16112595600531587,61
4191,1,6929,3336,3593,0,0,0,1.0,1,1.0,1,1.0,1,0.16983185923027733,59
4192,1,6930,3337,3593,0,0,0,1.0,1,1.0,1,1.0,1,0.1935221671340262,58
4193,2,6932,3339,3593,0,0,0,1.0,1,1.0,1,1.0,1,0.20303159142815805,57
4194,1,6933,3340,3593,0,0,0,1.0,1,1.0,1,1.0,1,0.23687003731847744,54
4195,1,6934,3340,3594,0,0,0,1.0,1,1.0,1,1.0,1,0.22373701362216572,55
4196,1,6935,3341,3594,0,0,0,1.0,1,1.0,1,1.0,1,0.25733667918527475,56
4197,2,6937,3342,3595,0,0,0,1.0,1,1.0,1,1.0,1,0.2644289185434844,55
4198,4,6941,3343,3598,0,0,0,1.0,1,1.0,1,1.0,1,0.2633224216657952,56
4199,1,6942,3344,3598,0,0,0,1.0,1,1.0,1,1.0,1,0.2957198131240866,55
4200,0,6942,3344,3598,0,0,0,1.0,1,1.0,1,1.0,1,0.29573800200501693,55
4201,1,6943,3344,3599,0,0,0,1.0,1,1.0,1,1.0,1,0.2724943000945909,56
4202,0,6943,3344,3599,0,0,0,1.0,1,1.0,1,1.0,1,0.2724943000945909,56
4203,0,6943,3344,3599,0,0,0,1.0,1,1.0,1,1.0,1,0.2824908086081721,57
4204,1,6944,3345,3599,0,0,0,1.0,1,1.0,1,1.0,1,0.27942106624475477,57
4205,3,6947,3345,3602,0,0,0,1.0,1,1.0,1,1.0,1,0.24420590866409356,58
4206,2,6949,3347,3602,0,0,0,1.0,1,1.0,1,1.0,1,0.23711255144653284,58
4207,2,6951,3349,3602,0,0,0,1.0,1,1.0,1,1.0,1,0.23914107432931084,58
4208,2,6953,3350,3603,0,0,0,1.0,1,1.0,1,1.0,1,0.24082959838063994,60
4209,2,6955,3352,3603,0,0,0,1.0,1,1.0,1,1.0,1,0.2707613784816463,61
4210,1,6956,3352,3604,0,0,0,1.0,1,1.0,1,1.0,1,0.2372670895346887,62
4211,5,6961,3353,3608,0,0,0,1.0,1,1.0,1,1.0,1,0.18508717864228175,63
4212,0,6961,3353,3608,0,0,0,1.0,1,1.0,1,1.0,1,0.19273281191904923,64
4213,0,6961,3353,3608,0,0,0,1.0,1,1.0,1,1.0,1,0.20177659388899236,65
4214,0,6961,3353,3608,0,0,0,1.0,1,1.0,1,1.0,1,0.20312253836882288,65
4215,0,6961,3353,3608,0,0,0,1.0,1,1.0,1,1.0,1,0.20312253836882288,65
4216,2,6963,3353,3610,0,0,0,1.0,1,1.0,1,1.0,1,0.19442068725760336,64
4217,1,6964,3354,3610,0,0,0,1.0,1,1.0,1,1.0,1,0.1974268133569898,65
4218,1,6965,3354,3611,0,0,0,1.0,1,1.0,1,1.0,1,0.18389383648783608,65
4219,1,6966,3355,3611,0,0,0,1.0,1,1.0,1,1.0,1,0.2035568934023087,65
4220,0,6966,3355,3611,0,0,0,1.0,1,1.0,1,1.0,1,0.2035568934023087,65
4221,2,6968,3357,3611,0,0,0,1.0,1,1.0,1,1.0,1,0.23520664902885807,67
4222,0,6968,3357,3611,0,0,0,1.0,1,1.0,1,1.0,1,0.23371771117169574,68
4223,3,6971,3359,3612,0,0,0,1.0,1,1.0,1,1.0,1,0.25170274713358004,68
4224,0,6971,3359,3612,0,0,0,1.0,1,1.0,1,1.0,1,0.2518998416958387,68
4225,0,6971,3359,3612,0,0,0,1.0,1,1.0,1,1.0,1,0.24087720959793188,66
4226,2,6973,3359,3614,0,0,0,1.0,1,1.0,1,1.0,1,0.21982123966734562,66
4227,1,6974,3360,3614,0,0,0,1.0,1,1.0,1,1.0,1,0.2368381743019907,66
4228,0,6974,3360,3614,0,0,0,1.0,1,1.0,1,1.0,1,0.23108221598517126,65
4229,1,6975,3361,3614,0,0,0,1.0,1,1.0,1,1.0,1,0.26124357372534174,65
4230,1,6976,3362,3614,0,0,0,1.0,1,1.0,1,1.0,1,0.27534413756354464,64
4231,3,6979,3363,3616,0,0,0,1.0,1,1.0,1,1.0,1,0.26809121552460924,64
4232,2,6981,3363,3618,0,0,0,1.0,1,1.0,1,1.0,1,0.2356139339270117,65
4233,0,6981,3363,3618,0,0,0,1.0,1,1.0,1,1.0,1,0.23200299327790053,64
4234,2,6983,3364,3619,0,0,0,1.0,1,1.0,1,1.0,1,0.20798798827210446,63
4235,2,6985,3366,3619,0,0,0,1.0,1,1.0,1,1.0,1,0.21428293152768382,63
4236,3,6988,3366,3622,0,0,0,1.0,1,1.0,1,1.0,1,0.18429542346821737,63
4237,3,6991,3368,3623,0,0,0,1.0,1,1.0,1,1.0,1,0.20465549403259825,65
4238,1,6992,3368,3624,0,0,0,1.0,1,1.0,1,1.0,1,0.19621568708380266,65
4239,0,6992,3368,3624,0,0,0,1.0,1,1.0,1,1.0,1,0.19621568708380266,65
4240,1,6993,3369,3624,0,0,0,1.0,1,1.0,1,1.0,1,0.18661488231798454,66
4241,2,6995,3369,3626,0,0,0,1.0,1,1.0,1,1.0,1,0.16929955824137985,66
4242,1,6996,3369,3627,0,0,0,1.0,1,1.0,1,1.0,1,0.16008476775195254,69
4243,1,6997,3369,3628,0,0,0,1.0,1,1.0,1,1.0,1,0.16218545302297857,71
4244,0,6997,3369,3628,0,0,0,1.0,1,1.0,1,1.0,1,0.16218545302297857,71
4245,1,6998,3369,3629,0,0,0,1.0,1,1.0,1,1.0,1,0.1564170202446546,73
4246,2,7000,3369,3631,0,0,0,1.0,1,1.0,1,1.0,1,0.1295038195374315,74
4247,0,7000,3369,3631,0,0,0,1.0,1,1.0,1,1.0,1,0.1295038195374315,74
4248,0,7000,3369,3631,0,0,0,1.0,1,1.0,1,1.0,1,0.1295038195374315,74
4249,0,7000,3369,3631,0,0,0,1.0,1,1.0,1,1.0,1,0.1295038195374315,74
4250,0,7000,3369,3631,0,0,0,1.0,1,1.0,1,1.0,1,0.1295038195374315,74
4251,0,7000,3369,3631,0,0,0,1.0,1,1.0,1,1.0,1,0.13475916532699259,75
4252,2,7002,3371,3631,0,0,0,1.0,1,1.0,1,1.0,1,0.18215786165318046,75
4253,2,7004,3371,3633,0,0,0,1.0,1,1.0,1,1.0,1,0.16524515290278183,76
4254,2,7006,3373,3633,0,0,0,1.0,1,1.0,1,1.0,1,0.18106258274143266,75
4255,4,7010,3376,3634,0,0,0,1.0,1,1.0,1,1.0,1,0.19656257896420148,76
4256,3,7013,3377,3636,0,0,0,1.0,1,1.0,1,1.0,1,0.18094357225263633,78
4257,1,7014,3378,3636,0,0,0,1.0,1,1.0,1,1.0,1,0.17951063579509394,78
4258,2,7016,3380,3636,0,0,0,1.0,1,1.0,1,1.0,1,0.21521135593115195,77
4259,4,7020,3382,3638,0,0,0,1.0,1,1.0,1,1.0,1,0.2151872868074597,78
4260,4,7024,3382,3642,0,0,0,1.0,1,1.0,1,1.0,1,0.16860917233396522,77
4261,2,7026,3383,3643,0,0,0,1.0,1,1.0,1,1.0,1,0.1659635539893729,76
4262,1,7027,3383,3644,0,0,0,1.0,1,1.0,1,1.0,1,0.16550252425102574,75
4263,2,7029,3385,3644,0,0,0,1.0,1,1.0,1,1.0,1,0.17017892452710293,74
4264,1,7030,3385,3645,0,0,0,1.0,1,1.0,1,1.0,1,0.1909856298065814,74
4265,2,7032,3387,3645,0,0,0,1.0,1,1.0,1,1.0,1,0.20371759325845856,73
4266,5,7037,3387,3650,0,0,0,1.0,1,1.0,1,1.0,1,0.15836434464221358,71
4267,3,7040,3390,3650,0,0,0,1.0,1,1.0,1,1.0,1,0.1738586544377602,69
4268,1,7041,3391,3650,0,0,0,1.0,1,1.0,1,1.0,1,0.22339039000643315,67
4269,2,7043,3392,3651,0,0,0,1.0,1,1.0,1,1.0,1,0.20185566521280707,64
4270,1,7044,3393,3651,0,0,0,1.0,1,1.0,1,1.0,1,0.21381122696523694,63
4271,1,7045,3394,3651,0,0,0,1.0,1,1.0,1,1.0,1,0.23589596420920517,63
4272,2,7047,3395,3652,0,0,0,1.0,1,1.0,1,1.0,1,0.23194594906157912,62
4273,1,7048,3395,3653,0,0,0,1.0,1,1.0,1,1.0,1,0.22354930839783937,62
4274,2,7050,3395,3655,0,0,0,1.0,1,1.0,1,1.0,1,0.21853926718873687,62
4275,1,7051,3395,3656,0,0,0,1.0,1,1.0,1,1.0,1,0.2085906143623263,61
4276,1,7052,3395,3657,0,0,0,1.0,1,1.0,1,1.0,1,0.20952215109990843,62
4277,1,7053,3395,3658,0,0,0,1.0,1,1.0,1,1.0,1,0.21549924733476208,63
4278,1,7054,3395,3659,0,0,0,1.0,1,1.0,1,1.0,1,0.20228570951278527,64
4279,3,7057,3397,3660,0,0,0,1.0,1,1.0,1,1.0,1,0.20385464256211291,65
4280,2,7059,3399,3660,0,0,0,1.0,1,1.0,1,1.0,1,0.20600110656292012,65
4281,1,7060,3399,3661,0,0,0,1.0,1,1.0,1,1.0,1,0.1961822432114005,65
4282,6,7066,3403,3663,0,0,0,1.0,1,1.0,1,1.0,1,0.22903855446148766,66
4283,2,7068,3404,3664,0,0,0,1.0,1,1.0,1,1.0,1,0.24423784404588414,66
4284,2,7070,3405,3665,0,0,0,1.0,1,1.0,1,1.0,1,0.26406242254363455,66
4285,3,7073,3407,3666,0,0,0,1.0,1,1.0,1,1.0,1,0.253097153413688,67
4286,4,7077,3407,3670,0,0,0,1.0,1,1.0,1,1.0,1,0.2263652867935545,67
4287,0,7077,3407,3670,0,0,0,1.0,1,1.0,1,1.0,1,0.2263652867935545,67
4288,0,7077,3407,3670,0,0,0,1.0,1,1.0,1,1.0,1,0.2212165509086078,68
4289,0,7077,3407,3670,0,0,0,1.0,1,1.0,1,1.0,1,0.23787971614959202,68
4290,1,7078,3408,3670,0,0,0,1.0,1,1.0,1,1.0,1,0.2303970594971892,70
4291,1,7079,3408,3671,0,0,0,1.0,1,1.0,1,1.0,1,0.22072763058783146,71
4292,0,7079,3408,3671,0,0,0,1.0,1,1.0,1,1.0,1,0.22072763058783146,71
4293,1,7080,3408,3672,0,0,0,1.0,1,1.0,1,1.0,1,0.20943018340403607,71
4294,0,7080,3408,3672,0,0,0,1.0,1,1.0,1,1.0,1,0.20943018340403607,71
4295,1,7081,3409,3672,0,0,0,1.0,1,1.0,1,1.0,1,0.22802087842781205,72
4296,2,7083,3410,3673,0,0,0,1.0,1,1.0,1,1.0,1,0.23160964317751728,73
4297,0,7083,3410,3673,0,0,0,1.0,1,1.0,1,1.0,1,0.23160964317751728,73
4298,0,7083,3410,3673,0,0,0,1.0,1,1.0,1,1.0,1,0.24019009650449882,74
4299,1,7084,3410,3674,0,0,0,1.0,1,1.0,1,1.0,1,0.22480732899573172,75
4300,1,7085,3410,3675,0,0,0,1.0,1,1.0,1,1.0,1,0.21322845546161828,75
4301,1,7086,3410,3676,0,0,0,1.0,1,1.0,1,1.0,1,0.20161732696707205,76
4302,0,7086,3410,3676,0,0,0,1.0,1,1.0,1,1.0,1,0.20161732696707205,76
4303,2,7088,3410,3678,0,0,0,1.0,1,1.0,1,1.0,1,0.17729499709971835,75
4304,3,7091,3412,3679,0,0,0,1.0,1,1.0,1,1.0,1,0.21863387643306814,75
4305,3,7094,3414,3680,0,0,0,1.0,1,1.0,1,1.0,1,0.2385488607310544,73
4306,5,7099,3416,3683,0,0,0,1.0,1,1.0,1,1.0,1,0.2520828813605115,74
4307,3,7102,3418,3684,0,0,0,1.0,1,1.0,1,1.0,1,0.2714345751520609,73
4308,3,7105,3419,3686,0,0,0,1.0,1,1.0,1,1.0,1,0.2756240519077325,71
4309,1,7106,3420,3686,0,0,0,1.0,1,1.0,1,1.0,1,0.2738889132763367,70
4310,2,7108,3421,3687,0,0,0,1.0,1,1.0,1,1.0,1,0.2455304867295593,69
4311,4,7112,3423,3689,0,0,0,1.0,1,1.0,1,1.0,1,0.23895593984602442,69
4312,3,7115,3425,3690,0,0,0,1.0,1,1.0,1,1.0,1,0.24249796533645607,66
4313,1,7116,3426,3690,0,0,0,1.0,1,1.0,1,1.0,1,0.24886821748080282,64
4314,1,7117,3427,3690,0,0,0,1.0,1,1.0,1,1.0,1,0.2837384576209846,61
4315,4,7121,3430,3691,0,0,0,1.0,1,1.0,1,1.0,1,0.27566471250489094,61
4316,4,7125,3433,3692,0,0,0,1.0,1,1.0,1,1.0,1,0.2599123853234085,60
4317,3,7128,3433,3695,0,0,0,1.0,1,1.0,1,1.0,1,0.22020643290489805,62
4318,1,7129,3433,3696,0,0,0,1.0,1,1.0,1,1.0,1,0.24378009409586165,59
4319,1,7130,3433,3697,0,0,0,1.0,1,1.0,1,1.0,1,0.23051518859811412,60
4320,0,7130,3433,3697,0,0,0,1.0,1,1.0,1,1.0,1,0.23051518859811412,60
4321,3,7133,3435,3698,0,0,0,1.0,1,1.0,1,1.0,1,0.24071021957308056,61
4322,2,7135,3436,3699,0,0,0,1.0,1,1.0,1,1.0,1,0.2464002526204598,61
4323,0,7135,3436,3699,0,0,0,1.0,1,1.0,1,1.0,1,0.2464002526204598,61
4324,0,7135,3436,3699,0,0,0,1.0,1,1.0,1,1.0,1,0.25551632178863576,60
4325,1,7136,3436,3700,0,0,0,1.0,1,1.0,1,1.0,1,0.23520851001365817,60
4326,1,7137,3437,3700,0,0,0,1.0,1,1.0,1,1.0,1,0.243616089322312,61
4327,0,7137,3437,3700,0,0,0,1.0,1,1.0,1,1.0,1,0.24516818583851513,62
4328,1,7138,3437,3701,0,0,0,1.0,1,1.0,1,1.0,1,0.23351978056819625,62
4329,0,7138,3437,3701,0,0,0,1.0,1,1.0,1,1.0,1,0.22621530043178872,65
4330,1,7139,3437,3702,0,0,0,1.0,1,1.0,1,1.0,1,0.21875797543039296,65
4331,2,7141,3437,3704,0,0,0,1.0,1,1.0,1,1.0,1,0.19919087520327244,65
4332,2,7143,3438,3705,0,0,0,1.0,1,1.0,1,1.0,1,0.20007602182591458,66
4333,0,7143,3438,3705,0,0,0,1.0,1,1.0,1,1.0,1,0.20007602182591458,66
4334,1,7144,3439,3705,0,0,0,1.0,1,1.0,1,1.0,1,0.21882779837243238,66
4335,0,7144,3439,3705,0,0,0,1.0,1,1.0,1,1.0,1,0.2322097073696208,65
4336,4,7148,3441,3707,0,0,0,1.0,1,1.0,1,1.0,1,0.2095929404925214,67
4337,0,7148,3441,3707,0,0,0,1.0,1,1.0,1,1.0,1,0.23368025251748123,69
4338,2,7150,3441,3709,0,0,0,1.0,1,1.0,1,1.0,1,0.2137229678626569,70
4339,1,7151,3441,3710,0,0,0,1.0,1,1.0,1,1.0,1,0.21303981985124276,70
4340,0,7151,3441,3710,0,0,0,1.0,1,1.0,1,1.0,1,0.22571444809255928,71
4341,4,7155,3443,3712,0,0,0,1.0,1,1.0,1,1.0,1,0.2190965606153235,70
4342,3,7158,3445,3713,0,0,0,1.0,1,1.0,1,1.0,1,0.24362834406700237,71
4343,5,7163,3449,3714,0,0,0,1.0,1,1.0,1,1.0,1,0.26913841815482265,67
4344,7,7170,3452,3718,0,0,0,1.0,1,1.0,1,1.0,1,0.27634388144161404,67
4345,4,7174,3455,3719,0,0,0,1.0,1,1.0,1,1.0,1,0.288207961518802,64
4346,9,7183,3458,3725,0,0,0,1.0,1,1.0,1,1.0,1,0.22288110301302178,64
4347,6,7189,3463,3726,0,0,0,1.0,1,1.0,1,1.0,1,0.24075753025224686,62
4348,2,7191,3464,3727,0,0,0,1.0,1,1.0,1,1.0,1,0.23910878028540908,62
4349,1,7192,3465,3727,0,0,0,1.0,1,1.0,1,1.0,1,0.28046579006652184,61
4350,3,7195,3467,3728,0,0,0,1.0,1,1.0,1,1.0,1,0.2821902611005746,60
4351,0,7195,3467,3728,0,0,0,1.0,1,1.0,1,1.0,1,0.2881304053463348,60
4352,0,7195,3467,3728,0,0,0,1.0,1,1.0,1,1.0,1,0.3009295067490823,57
4353,2,7197,3468,3729,0,0,0,1.0,1,1.0,1,1.0,1,0.2790556812934052,55
4354,2,7199,3469,3730,0,0,0,1.0,1,1.0,1,1.0,1,0.2521394282340669,55
4355,0,7199,3469,3730,0,0,0,1.0,1,1.0,1,1.0,1,0.2679838724754969,53
4356,2,7201,3469,3732,0,0,0,1.0,1,1.0,1,1.0,1,0.2214070575867558,55
4357,0,7201,3469,3732,0,0,0,1.0,1,1.0,1,1.0,1,0.23765934350058157,55
4358,1,7202,3470,3732,0,0,0,1.0,1,1.0,1,1.0,1,0.24632187376947617,55
4359,0,7202,3470,3732,0,0,0,1.0,1,1.0,1,1.0,1,0.2645798894263127,54
4360,1,7203,3471,3732,0,0,0,1.0,1,1.0,1,1.0,1,0.2615379531200239,55
4361,4,7207,3472,3735,0,0,0,1.0,1,1.0,1,1.0,1,0.24104326186996292,54
4362,2,7209,3472,3737,0,0,0,1.0,1,1.0,1,1.0,1,0.20711712057492113,55
4363,2,7211,3474,3737,0,0,0,1.0,1,1.0,1,1.0,1,0.23250782602663425,55
4364,5,7216,3476,3740,0,0,0,1.0,1,1.0,1,1.0,1,0.2529760119197045,55
4365,1,7217,3476,3741,0,0,0,1.0,1,1.0,1,1.0,1,0.2810453296717535,54
4366,5,7222,3477,3745,0,0,0,1.0,1,1.0,1,1.0,1,0.2072058560566426,54
4367,1,7223,3477,3746,0,0,0,1.0,1,1.0,1,1.0,1,0.2114974851121392,57
4368,2,7225,3478,3747,0,0,0,1.0,1,1.0,1,1.0,1,0.22518785246781803,57
4369,1,7226,3478,3748,0,0,0,1.0,1,1.0,1,1.0,1,0.2160965081528318,58
4370,1,7227,3479,3748,0,0,0,1.0,1,1.0,1,1.0,1,0.22425603663182614,59
4371,1,7228,3479,3749,0,0,0,1.0,1,1.0,1,1.0,1,0.20783633189023992,60
4372,1,7229,3480,3749,0,0,0,1.0,1,1.0,1,1.0,1,0.2228113809649337,60
4373,1,7230,3480,3750,0,0,0,1.0,1,1.0,1,1.0,1,0.21618050910781064,60
4374,0,7230,3480,3750,0,0,0,1.0,1,1.0,1,1.0,1,0.2337494408599862,59
4375,0,7230,3480,3750,0,0,0,1.0,1,1.0,1,1.0,1,0.24146282818461964,60
4376,1,7231,3480,3751,0,0,0,1.0,1,1.0,1,1.0,1,0.24578984814820198,60
4377,2,7233,3481,3752,0,0,0,1.0,1,1.0,1,1.0,1,0.2482839975123333,61
4378,2,7235,3482,3753,0,0,0,1.0,1,1.0,1,1.0,1,0.25223610042954264,64
4379,0,7235,3482,3753,0,0,0,1.0,1,1.0,1,1.0,1,0.25223610042954264,64
4380,3,7238,3484,3754,0,0,0,1.0,1,1.0,1,1.0,1,0.25709475921738545,65
4381,0,7238,3484,3754,0,0,0,1.0,1,1.0,1,1.0,1,0.26168344617191397,64
4382,2,7240,3485,3755,0,0,0,1.0,1,1.0,1,1.0,1,0.2670307905652466,64
4383,1,7241,3486,3755,0,0,0,1.0,1,1.0,1,1.0,1,0.28052234327690223,64
4384,1,7242,3487,3755,0,0,0,1.0,1,1.0,1,1.0,1,0.29872773971857586,60
4385,1,7243,3487,3756,0,0,0,1.0,1,1.0,1,1.0,1,0.2723398027226577,58
4386,2,7245,3489,3756,0,0,0,1.0,1,1.0,1,1.0,1,0.27535598715164605,58
4387,2,7247,3489,3758,0,0,0,1.0,1,1.0,1,1.0,1,0.2581984637593536,55
4388,2,7249,3491,3758,0,0,0,1.0,1,1.0,1,1.0,1,0.27465593051930115,56
4389,0,7249,3491,3758,0,0,0,1.0,1,1.0,1,1.0,1,0.25851317845044264,55
4390,3,7252,3494,3758,0,0,0,1.0,1,1.0,1,1.0,1,0.28197417613341563,55
4391,7,7259,3496,3763,0,0,0,1.0,1,1.0,1,1.0,1,0.22739356089818216,56
4392,0,7259,3496,3763,0,0,0,1.0,1,1.0,1,1.0,1,0.24450269624961296,56
4393,1,7260,3497,3763,0,0,0,1.0,1,1.0,1,1.0,1,0.28365414948776363,55
4394,1,7261,3498,3763,0,0,0,1.0,1,1.0,1,1.0,1,0.273673000851359,53
4395,1,7262,3499,3763,0,0,0,1.0,1,1.0,1,1.0,1,0.2905150894058566,53
4396,3,7265,3502,3763,0,0,0,1.0,1,1.0,1,1.0,1,0.3029965624007103,53
4397,1,7266,3503,3763,0,0,0,1.0,1,1.0,1,1.0,1,0.3171295991689354,50
4398,0,7266,3503,3763,0,0,0,1.0,1,1.0,1,1.0,1,0.3303767152025733,50
4399,1,7267,3503,3764,0,0,0,1.0,1,1.0,1,1.0,1,0.3303607902914847,52
4400,5,7272,3504,3768,0,0,0,1.0,1,1.0,1,1.0,1,0.3344239167683889,55
4401,2,7274,3504,3770,0,0,0,1.0,1,1.0,1,1.0,1,0.30308082615671444,56
4402,0,7274,3504,3770,0,0,0,1.0,1,1.0,1,1.0,1,0.30308082615671444,56
4403,4,7278,3507,3771,0,0,0,1.0,1,1.0,1,1.0,1,0.2864872300767814,57
4404,0,7278,3507,3771,0,0,0,1.0,1,1.0,1,1.0,1,0.2864872300767814,57
4405,1,7279,3507,3772,0,0,0,1.0,1,1.0,1,1.0,1,0.28022422702583966,58
4406,0,7279,3507,3772,0,0,0,1.0,1,1.0,1,1.0,1,0.28022422702583966,58
4407,1,7280,3507,3773,0,0,0,1.0,1,1.0,1,1.0,1,0.2648482401797098,58
4408,1,7281,3508,3773,0,0,0,1.0,1,1.0,1,1.0,1,0.2767418468138396,59
4409,0,7281,3508,3773,0,0,0,1.0,1,1.0,1,1.0,1,0.2767418468138396,59
4410,0,7281,3508,3773,0,0,0,1.0,1,1.0,1,1.0,1,0.2767418468138396,59
4411,0,7281,3508,3773,0,0,0,1.0,1,1.0,1,1.0,1,0.25819652390837444,62
4412,0,7281,3508,3773,0,0,0,1.0,1,1.0,1,1.0,1,0.2530448068337228,63
4413,0,7281,3508,3773,0,0,0,1.0,1,1.0,1,1.0,1,0.2530448068337228,63
4414,1,7282,3508,3774,0,0,0,1.0,1,1.0,1,1.0,1,0.24580824463483483,64
4415,1,7283,3508,3775,0,0,0,1.0,1,1.0,1,1.0,1,0.23285332388692462,64
4416,0,7283,3508,3775,0,0,0,1.0,1,1.0,1,1.0,1,0.23285332388692462,64
4417,1,7284,3508,3776,0,0,0,1.0,1,1.0,1,1.0,1,0.23193808641612887,65
4418,1,7285,3509,3776,0,0,0,1.0,1,1.0,1,1.0,1,0.24842837993574216,65
4419,0,7285,3509,3776,0,0,0,1.0,1,1.0,1,1.0,1,0.28546317251410536,62
4420,1,7286,3509,3777,0,0,0,1.0,1,1.0,1,1.0,1,0.2724513506944238,62
4421,3,7289,3510,3779,0,0,0,1.0,1,1.0,1,1.0,1,0.2662971084432867,65
4422,2,7291,3511,3780,0,0,0,1.0,1,1.0,1,1.0,1,0.288037081627399,64
4423,1,7292,3512,3780,0,0,0,1.0,1,1.0,1,1.0,1,0.2887418815947292,63
4424,4,7296,3514,3782,0,0,0,1.0,1,1.0,1,1.0,1,0.29696101083094356,63
4425,7,7303,3516,3787,0,0,0,1.0,1,1.0,1,1.0,1,0.27596676978205986,63
4426,4,7307,3518,3789,0,0,0,1.0,1,1.0,1,1.0,1,0.2616290104081984,63
4427,2,7309,3519,3790,0,0,0,1.0,1,1.0,1,1.0,1,0.2553405871884567,62
4428,1,7310,3519,3791,0,0,0,1.0,1,1.0,1,1.0,1,0.24601683115967893,61
4429,1,7311,3519,3792,0,0,0,1.0,1,1.0,1,1.0,1,0.24019366577153553,62
4430,1,7312,3520,3792,0,0,0,1.0,1,1.0,1,1.0,1,0.25505857932118015,60
4431,6,7318,3523,3795,0,0,0,1.0,1,1.0,1,1.0,1,0.22348888494431116,59
4432,3,7321,3524,3797,0,0,0,1.0,1,1.0,1,1.0,1,0.19329231903514082,60
4433,2,7323,3525,3798,0,0,0,1.0,1,1.0,1,1.0,1,0.1585599187953271,61
4434,1,7324,3526,3798,0,0,0,1.0,1,1.0,1,1.0,1,0.17868244924603305,61
4435,2,7326,3527,3799,0,0,0,1.0,1,1.0,1,1.0,1,0.17409081814661254,61
4436,2,7328,3528,3800,0,0,0,1.0,1,1.0,1,1.0,1,0.1969372017341297,61
4437,5,7333,3532,3801,0,0,0,1.0,1,1.0,1,1.0,1,0.19994010829617384,61
4438,0,7333,3532,3801,0,0,0,1.0,1,1.0,1,1.0,1,0.20023348132052501,62
4439,3,7336,3533,3803,0,0,0,1.0,1,1.0,1,1.0,1,0.19800385218727548,63
4440,1,7337,3533,3804,0,0,0,1.0,1,1.0,1,1.0,1,0.18791066688311234,64
4441,1,7338,3533,3805,0,0,0,1.0,1,1.0,1,1.0,1,0.17077097303626876,64
4442,4,7342,3535,3807,0,0,0,1.0,1,1.0,1,1.0,1,0.16034441875387265,67
4443,3,7345,3536,3809,0,0,0,1.0,1,1.0,1,1.0,1,0.1490587871990684,68
4444,2,7347,3537,3810,0,0,0,1.0,1,1.0,1,1.0,1,0.16996906182487043,69
4445,2,7349,3539,3810,0,0,0,1.0,1,1.0,1,1.0,1,0.18991251237532644,71
4446,2,7351,3539,3812,0,0,0,1.0,1,1.0,1,1.0,1,0.17042009876775716,71
4447,0,7351,3539,3812,0,0,0,1.0,1,1.0,1,1.0,1,0.17718979663360968,72
4448,0,7351,3539,3812,0,0,0,1.0,1,1.0,1,1.0,1,0.18520815941523314,71
4449,1,7352,3540,3812,0,0,0,1.0,1,1.0,1,1.0,1,0.19579862924547867,70
4450,0,7352,3540,3812,0,0,0,1.0,1,1.0,1,1.0,1,0.20330620388728443,69
4451,4,7356,3540,3816,0,0,0,1.0,1,1.0,1,1.0,1,0.16889941725253088,69
4452,1,7357,3540,3817,0,0,0,1.0,1,1.0,1,1.0,1,0.17038767629108592,70
4453,2,7359,3540,3819,0,0,0,1.0,1,1.0,1,1.0,1,0.1687745883626912,70
4454,4,7363,3541,3822,0,0,0,1.0,1,1.0,1,1.0,1,0.145352539073466,71
4455,1,7364,3541,3823,0,0,0,1.0,1,1.0,1,1.0,1,0.1507821796431893,71
4456,3,7367,3543,3824,0,0,0,1.0,1,1.0,1,1.0,1,0.16307269888176124,71
4457,3,7370,3545,3825,0,0,0,1.0,1,1.0,1,1.0,1,0.1296156622186175,69
4458,3,7373,3548,3825,0,0,0,1.0,1,1.0,1,1.0,1,0.15520945449178616,70
4459,0,7373,3548,3825,0,0,0,1.0,1,1.0,1,1.0,1,0.16327196460713542,68
4460,5,7378,3553,3825,0,0,0,1.0,1,1.0,1,1.0,1,0.20337955838125774,68
4461,3,7381,3553,3828,0,0,0,1.0,1,1.0,1,1.0,1,0.1710089264336533,67
4462,3,7384,3556,3828,0,0,0,1.0,1,1.0,1,1.0,1,0.1857052244065858,66
4463,4,7388,3560,3828,0,0,0,1.0,1,1.0,1,1.0,1,0.2101517961446607,65
4464,3,7391,3562,3829,0,0,0,1.0,1,1.0,1,1.0,1,0.23881795770213937,62
4465,3,7394,3564,3830,0,0,0,1.0,1,1.0,1,1.0,1,0.2552165751442608,61
4466,3,7397,3564,3833,0,0,0,1.0,1,1.0,1,1.0,1,0.22540053908104254,60
4467,4,7401,3568,3833,0,0,0,1.0,1,1.0,1,1.0,1,0.21852030491210134,58
4468,2,7403,3569,3834,0,0,0,1.0,1,1.0,1,1.0,1,0.20211545831594668,57
4469,3,7406,3572,3834,0,0,0,1.0,1,1.0,1,1.0,1,0.2298649805050255,56
4470,1,7407,3573,3834,0,0,0,1.0,1,1.0,1,1.0,1,0.23547520607884762,55
4471,2,7409,3574,3835,0,0,0,1.0,1,1.0,1,1.0,1,0.2294249392151227,55
4472,3,7412,3576,3836,0,0,0,1.0,1,1.0,1,1.0,1,0.21868133700444273,55
4473,1,7413,3577,3836,0,0,0,1.0,1,1.0,1,1.0,1,0.21600012841724817,55
4474,3,7416,3579,3837,0,0,0,1.0,1,1.0,1,1.0,1,0.2545534412941147,55
4475,1,7417,3580,3837,0,0,0,1.0,1,1.0,1,1.0,1,0.2333618348051034,56
4476,3,7420,3580,3840,0,0,0,1.0,1,1.0,1,1.0,1,0.191275309996072,56
4477,0,7420,3580,3840,0,0,0,1.0,1,1.0,1,1.0,1,0.2023435142699455,57
4478,0,7420,3580,3840,0,0,0,1.0,1,1.0,1,1.0,1,0.20685811647556482,55
4479,1,7421,3581,3840,0,0,0,1.0,1,1.0,1,1.0,1,0.2055628155332721,55
4480,0,7421,3581,3840,0,0,0,1.0,1,1.0,1,1.0,1,0.22147715418344555,54
4481,4,7425,3581,3844,0,0,0,1.0,1,1.0,1,1.0,1,0.22037152299228255,53
4482,3,7428,3583,3845,0,0,0,1.0,1,1.0,1,1.0,1,0.2206133226114398,54
4483,0,7428,3583,3845,0,0,0,1.0,1,1.0,1,1.0,1,0.22063486105082972,55
4484,2,7430,3585,3845,0,0,0,1.0,1,1.0,1,1.0,1,0.23907635701784466,57
4485,5,7435,3587,3848,0,0,0,1.0,1,1.0,1,1.0,1,0.24958796893800247,60
4486,6,7441,3590,3851,0,0,0,1.0,1,1.0,1,1.0,1,0.1968393593630337,60
4487,1,7442,3590,3852,0,0,0,1.0,1,1.0,1,1.0,1,0.18837401239625196,60
4488,0,7442,3590,3852,0,0,0,1.0,1,1.0,1,1.0,1,0.18837401239625196,60
4489,1,7443,3591,3852,0,0,0,1.0,1,1.0,1,1.0,1,0.1926219387937854,60
4490,2,7445,3591,3854,0,0,0,1.0,1,1.0,1,1.0,1,0.19100262649334557,60
4491,2,7447,3592,3855,0,0,0,1.0,1,1.0,1,1.0,1,0.19130267431643286,61
4492,0,7447,3592,3855,0,0,0,1.0,1,1.0,1,1.0,1,0.19130267431643286,61
4493,1,7448,3593,3855,0,0,0,1.0,1,1.0,1,1.0,1,0.18185924677662943,60
4494,2,7450,3593,3857,0,0,0,1.0,1,1.0,1,1.0,1,0.12045203858656978,61
4495,0,7450,3593,3857,0,0,0,1.0,1,1.0,1,1.0,1,0.1297895327745641,59
4496,0,7450,3593,3857,0,0,0,1.0,1,1.0,1,1.0,1,0.14808167822029084,60
4497,1,7451,3594,3857,0,0,0,1.0,1,1.0,1,1.0,1,0.1778912738357063,59
4498,0,7451,3594,3857,0,0,0,1.0,1,1.0,1,1.0,1,0.1739316492801765,57
4499,4,7455,3597,3858,0,0,0,1.0,1,1.0,1,1.0,1,0.20562800003873002,58
4500,2,7457,3599,3858,0,0,0,1.0,1,1.0,1,1.0,1,0.23012186344153487,56
4501,3,7460,3599,3861,0,0,0,1.0,1,1.0,1,1.0,1,0.2130748563551109,57
4502,7,7467,3603,3864,0,0,0,1.0,1,1.0,1,1.0,1,0.22251720134254008,56
4503,1,7468,3604,3864,0,0,0,1.0,1,1.0,1,1.0,1,0.24795269101023712,54
4504,1,7469,3605,3864,0,0,0,1.0,1,1.0,1,1.0,1,0.2503506524953173,54
4505,1,7470,3606,3864,0,0,0,1.0,1,1.0,1,1.0,1,0.24861326424424463,51
4506,1,7471,3606,3865,0,0,0,1.0,1,1.0,1,1.0,1,0.2273465428419623,49
4507,1,7472,3607,3865,0,0,0,1.0,1,1.0,1,1.0,1,0.25003570983172757,48
4508,2,7474,3607,3867,0,0,0,1.0,1,1.0,1,1.0,1,0.23420727719043322,48
4509,3,7477,3609,3868,0,0,0,1.0,1,1.0,1,1.0,1,0.2382210458716007,46
4510,0,7477,3609,3868,0,0,0,1.0,1,1.0,1,1.0,1,0.2558154005376841,44
4511,4,7481,3610,3871,0,0,0,1.0,1,1.0,1,1.0,1,0.25360624862903136,45
4512,2,7483,3611,3872,0,0,0,1.0,1,1.0,1,1.0,1,0.2402231782455475,46
4513,0,7483,3611,3872,0,0,0,1.0,1,1.0,1,1.0,1,0.25879807677008565,45
4514,0,7483,3611,3872,0,0,0,1.0,1,1.0,1,1.0,1,0.24181460407770827,46
4515,1,7484,3611,3873,0,0,0,1.0,1,1.0,1,1.0,1,0.24805778467061187,48
4516,2,7486,3612,3874,0,0,0,1.0,1,1.0,1,1.0,1,0.23379649724054008,49
4517,3,7489,3613,3876,0,0,0,1.0,1,1.0,1,1.0,1,0.22757835558111017,50
4518,1,7490,3614,3876,0,0,0,1.0,1,1.0,1,1.0,1,0.2073823642158906,50
4519,2,7492,3616,3876,0,0,0,1.0,1,1.0,1,1.0,1,0.21828650658962198,49
4520,0,7492,3616,3876,0,0,0,1.0,1,1.0,1,1.0,1,0.2268105874227794,50
4521,0,7492,3616,3876,0,0,0,1.0,1,1.0,1,1.0,1,0.2268105874227794,50
4522,0,7492,3616,3876,0,0,0,1.0,1,1.0,1,1.0,1,0.2268105874227794,50
4523,0,7492,3616,3876,0,0,0,1.0,1,1.0,1,1.0,1,0.22674612535547312,51
4524,2,7494,3617,3877,0,0,0,1.0,1,1.0,1,1.0,1,0.24010432834293358,52
4525,3,7497,3618,3879,0,0,0,1.0,1,1.0,1,1.0,1,0.21397351513610977,53
4526,2,7499,3618,3881,0,0,0,1.0,1,1.0,1,1.0,1,0.18746671072326576,54
4527,0,7499,3618,3881,0,0,0,1.0,1,1.0,1,1.0,1,0.20031778432641276,55
4528,1,7500,3618,3882,0,0,0,1.0,1,1.0,1,1.0,1,0.1816381570288972,55
4529,0,7500,3618,3882,0,0,0,1.0,1,1.0,1,1.0,1,0.2014855120621162,55
4530,3,7503,3618,3885,0,0,0,1.0,1,1.0,1,1.0,1,0.15214132051786192,56
4531,5,7508,3620,3888,0,0,0,1.0,1,1.0,1,1.0,1,0.1668761177883214,56
4532,1,7509,3621,3888,0,0,0,1.0,1,1.0,1,1.0,1,0.21266170035043602,55
4533,1,7510,3621,3889,0,0,0,1.0,1,1.0,1,1.0,1,0.22633084448624677,54
4534,0,7510,3621,3889,0,0,0,1.0,1,1.0,1,1.0,1,0.23863376079070694,55
4535,2,7512,3621,3891,0,0,0,1.0,1,1.0,1,1.0,1,0.19852600292088143,52
4536,3,7515,3623,3892,0,0,0,1.0,1,1.0,1,1.0,1,0.2218219704801946,53
4537,2,7517,3625,3892,0,0,0,1.0,1,1.0,1,1.0,1,0.22378043362291908,52
4538,2,7519,3626,3893,0,0,0,1.0,1,1.0,1,1.0,1,0.2537906176030163,52
4539,6,7525,3628,3897,0,0,0,1.0,1,1.0,1,1.0,1,0.25080810632583583,53
4540,4,7529,3629,3900,0,0,0,1.0,1,1.0,1,1.0,1,0.2411886478813663,54
4541,5,7534,3630,3904,0,0,0,1.0,1,1.0,1,1.0,1,0.1687808584226036,53
4542,3,7537,3632,3905,0,0,0,1.0,1,1.0,1,1.0,1,0.21484303340165614,53
4543,3,7540,3633,3907,0,0,0,1.0,1,1.0,1,1.0,1,0.1921842588918354,53
4544,2,7542,3635,3907,0,0,0,1.0,1,1.0,1,1.0,1,0.19820239803922626,52
4545,0,7542,3635,3907,0,0,0,1.0,1,1.0,1,1.0,1,0.2036106588871042,50
4546,0,7542,3635,3907,0,0,0,1.0,1,1.0,1,1.0,1,0.22014719279570452,49
4547,1,7543,3636,3907,0,0,0,1.0,1,1.0,1,1.0,1,0.21577886056087864,49
4548,0,7543,3636,3907,0,0,0,1.0,1,1.0,1,1.0,1,0.21577886056087864,49
4549,3,7546,3638,3908,0,0,0,1.0,1,1.0,1,1.0,1,0.20282119476551042,50
4550,1,7547,3639,3908,0,0,0,1.0,1,1.0,1,1.0,1,0.22285324250045124,49
4551,2,7549,3639,3910,0,0,0,1.0,1,1.0,1,1.0,1,0.20282889878548377,49
4552,0,7549,3639,3910,0,0,0,1.0,1,1.0,1,1.0,1,0.20282889878548377,49
4553,2,7551,3641,3910,0,0,0,1.0,1,1.0,1,1.0,1,0.2387092147199383,49
4554,1,7552,3641,3911,0,0,0,1.0,1,1.0,1,1.0,1,0.22878119514452147,49
4555,3,7555,3642,3913,0,0,0,1.0,1,1.0,1,1.0,1,0.20866568236011654,48
4556,1,7556,3643,3913,0,0,0,1.0,1,1.0,1,1.0,1,0.19600013541093336,48
4557,1,7557,3644,3913,0,0,0,1.0,1,1.0,1,1.0,1,0.22619521730716155,49
4558,2,7559,3646,3913,0,0,0,1.0,1,1.0,1,1.0,1,0.19902846771084148,49
4559,1,7560,3646,3914,0,0,0,1.0,1,1.0,1,1.0,1,0.18362583070646016,50
4560,0,7560,3646,3914,0,0,0,1.0,1,1.0,1,1.0,1,0.19389552391508447,51
4561,0,7560,3646,3914,0,0,0,1.0,1,1.0,1,1.0,1,0.19430162034006526,52
4562,1,7561,3647,3914,0,0,0,1.0,1,1.0,1,1.0,1,0.2340584884089789,53
4563,1,7562,3647,3915,0,0,0,1.0,1,1.0,1,1.0,1,0.20922094990607568,52
4564,1,7563,3647,3916,0,0,0,1.0,1,1.0,1,1.0,1,0.20619687036787698,54
4565,2,7565,3648,3917,0,0,0,1.0,1,1.0,1,1.0,1,0.2040618616073664,55
4566,1,7566,3649,3917,0,0,0,1.0,1,1.0,1,1.0,1,0.18563140806036207,55
4567,3,7569,3651,3918,0,0,0,1.0,1,1.0,1,1.0,1,0.16240802333152146,56
4568,2,7571,3652,3919,0,0,0,1.0,1,1.0,1,1.0,1,0.1815339670358804,58
4569,0,7571,3652,3919,0,0,0,1.0,1,1.0,1,1.0,1,0.1735070267105688,59
4570,1,7572,3653,3919,0,0,0,1.0,1,1.0,1,1.0,1,0.16722857547939285,59
4571,0,7572,3653,3919,0,0,0,1.0,1,1.0,1,1.0,1,0.16014459281173674,57
4572,2,7574,3655,3919,0,0,0,1.0,1,1.0,1,1.0,1,0.19694583479134856,56
4573,2,7576,3657,3919,0,0,0,1.0,1,1.0,1,1.0,1,0.2111898047691621,56
4574,2,7578,3657,3921,0,0,0,1.0,1,1.0,1,1.0,1,0.2424610453351745,55
4575,0,7578,3657,3921,0,0,0,1.0,1,1.0,1,1.0,1,0.2424610453351745,55
4576,3,7581,3657,3924,0,0,0,1.0,1,1.0,1,1.0,1,0.22105136794837815,55
4577,0,7581,3657,3924,0,0,0,1.0,1,1.0,1,1.0,1,0.22395951378857745,54
4578,2,7583,3658,3925,0,0,0,1.0,1,1.0,1,1.0,1,0.226368056702029,54
4579,1,7584,3658,3926,0,0,0,1.0,1,1.0,1,1.0,1,0.21642366563855783,54
4580,1,7585,3658,3927,0,0,0,1.0,1,1.0,1,1.0,1,0.19814850041593982,55
4581,2,7587,3659,3928,0,0,0,1.0,1,1.0,1,1.0,1,0.21343003114509063,56
4582,0,7587,3659,3928,0,0,0,1.0,1,1.0,1,1.0,1,0.21343003114509063,56
4583,1,7588,3660,3928,0,0,0,1.0,1,1.0,1,1.0,1,0.2178641156282636,57
4584,2,7590,3662,3928,0,0,0,1.0,1,1.0,1,1.0,1,0.2519152982639132,57
4585,0,7590,3662,3928,0,0,0,1.0,1,1.0,1,1.0,1,0.2519152982639132,57
4586,1,7591,3662,3929,0,0,0,1.0,1,1.0,1,1.0,1,0.22402387304420954,57
4587,0,7591,3662,3929,0,0,0,1.0,1,1.0,1,1.0,1,0.22402387304420954,57
4588,0,7591,3662,3929,0,0,0,1.0,1,1.0,1,1.0,1,0.23217067796987947,58
4589,0,7591,3662,3929,0,0,0,1.0,1,1.0,1,1.0,1,0.23627687658522856,59
4590,1,7592,3662,3930,0,0,0,1.0,1,1.0,1,1.0,1,0.23448322186957507,60
4591,0,7592,3662,3930,0,0,0,1.0,1,1.0,1,1.0,1,0.24198945778082712,61
4592,0,7592,3662,3930,0,0,0,1.0,1,1.0,1,1.0,1,0.2450128495767958,62
4593,1,7593,3662,3931,0,0,0,1.0,1,1.0,1,1.0,1,0.22829713932527138,64
4594,1,7594,3662,3932,0,0,0,1.0,1,1.0,1,1.0,1,0.21915531781969957,64
4595,2,7596,3663,3933,0,0,0,1.0,1,1.0,1,1.0,1,0.21800420547659652,63
4596,0,7596,3663,3933,0,0,0,1.0,1,1.0,1,1.0,1,0.21800420547659652,63
4597,2,7598,3664,3934,0,0,0,1.0,1,1.0,1,1.0,1,0.20153656669778333,63
4598,2,7600,3665,3935,0,0,0,1.0,1,1.0,1,1.0,1,0.1808074636593467,65
4599,2,7602,3666,3936,0,0,0,1.0,1,1.0,1,1.0,1,0.18010860584219018,66
4600,1,7603,3667,3936,0,0,0,1.0,1,1.0,1,1.0,1,0.20023671700695286,67
4601,3,7606,3667,3939,0,0,0,1.0,1,1.0,1,1.0,1,0.1600365129181518,67
4602,0,7606,3667,3939,0,0,0,1.0,1,1.0,1,1.0,1,0.167215359141517,69
4603,1,7607,3668,3939,0,0,0,1.0,1,1.0,1,1.0,1,0.1844482500468646,69
4604,0,7607,3668,3939,0,0,0,1.0,1,1.0,1,1.0,1,0.1844482500468646,69
4605,0,7607,3668,3939,0,0,0,1.0,1,1.0,1,1.0,1,0.18800460900671923,70
4606,3,7610,3668,3942,0,0,0,1.0,1,1.0,1,1.0,1,0.1602230625164912,70
4607,1,7611,3668,3943,0,0,0,1.0,1,1.0,1,1.0,1,0.15377879365161684,72
4608,1,7612,3668,3944,0,0,0,1.0,1,1.0,1,1.0,1,0.1495571141861964,73
4609,1,7613,3669,3944,0,0,0,1.0,1,1.0,1,1.0,1,0.1634009608264276,72
4610,2,7615,3670,3945,0,0,0,1.0,1,1.0,1,1.0,1,0.15518402769437273,72
4611,1,7616,3670,3946,0,0,0,1.0,1,1.0,1,1.0,1,0.1621326916669736,71
4612,4,7620,3672,3948,0,0,0,1.0,1,1.0,1,1.0,1,0.19819780058301695,70
4613,0,7620,3672,3948,0,0,0,1.0,1,1.0,1,1.0,1,0.1854149687474471,69
4614,0,7620,3672,3948,0,0,0,1.0,1,1.0,1,1.0,1,0.19617802932465012,68
4615,2,7622,3674,3948,0,0,0,1.0,1,1.0,1,1.0,1,0.20395498690328004,68
4616,0,7622,3674,3948,0,0,0,1.0,1,1.0,1,1.0,1,0.23662115599754846,65
4617,3,7625,3675,3950,0,0,0,1.0,1,1.0,1,1.0,1,0.21894545174896285,66
4618,1,7626,3676,3950,0,0,0,1.0,1,1.0,1,1.0,1,0.24211976073688005,66
4619,2,7628,3676,3952,0,0,0,1.0,1,1.0,1,1.0,1,0.20997738524344806,65
4620,0,7628,3676,3952,0,0,0,1.0,1,1.0,1,1.0,1,0.20997738524344806,65
4621,8,7636,3680,3956,0,0,0,1.0,1,1.0,1,1.0,1,0.2240193962894985,67
4622,0,7636,3680,3956,0,0,0,1.0,1,1.0,1,1.0,1,0.2368187740057864,65
4623,3,7639,3683,3956,0,0,0,1.0,1,1.0,1,1.0,1,0.25579558004451797,66
4624,2,7641,3685,3956,0,0,0,1.0,1,1.0,1,1.0,1,0.25207183974715247,65
4625,2,7643,3685,3958,0,0,0,1.0,1,1.0,1,1.0,1,0.2411047325230834,64
4626,4,7647,3687,3960,0,0,0,1.0,1,1.0,1,1.0,1,0.21658470383935233,63
4627,4,7651,3687,3964,0,0,0,1.0,1,1.0,1,1.0,1,0.1697133776715313,65
4628,1,7652,3687,3965,0,0,0,1.0,1,1.0,1,1.0,1,0.16636392513757148,64
4629,3,7655,3689,3966,0,0,0,1.0,1,1.0,1,1.0,1,0.17431955162239013,64
4630,1,7656,3689,3967,0,0,0,1.0,1,1.0,1,1.0,1,0.15862476657445898,64
4631,3,7659,3690,3969,0,0,0,1.0,1,1.0,1,1.0,1,0.19050554587574664,66
4632,3,7662,3690,3972,0,0,0,1.0,1,1.0,1,1.0,1,0.17135061690194667,65
4633,0,7662,3690,3972,0,0,0,1.0,1,1.0,1,1.0,1,0.16333319871073684,66
4634,1,7663,3691,3972,0,0,0,1.0,1,1.0,1,1.0,1,0.1633607070055152,66
4635,0,7663,3691,3972,0,0,0,1.0,1,1.0,1,1.0,1,0.1638680128532135,66
4636,0,7663,3691,3972,0,0,0,1.0,1,1.0,1,1.0,1,0.1638680128532135,66
4637,1,7664,3691,3973,0,0,0,1.0,1,1.0,1,1.0,1,0.14401512178985484,68
4638,0,7664,3691,3973,0,0,0,1.0,1,1.0,1,1.0,1,0.14401512178985484,68
4639,1,7665,3692,3973,0,0,0,1.0,1,1.0,1,1.0,1,0.1492636519765041,69
4640,0,7665,3692,3973,0,0,0,1.0,1,1.0,1,1.0,1,0.1492636519765041,69
4641,3,7668,3693,3975,0,0,0,1.0,1,1.0,1,1.0,1,0.14404126620275107,70
4642,0,7668,3693,3975,0,0,0,1.0,1,1.0,1,1.0,1,0.1490017830434986,69
4643,1,7669,3694,3975,0,0,0,1.0,1,1.0,1,1.0,1,0.16533251508123092,70
4644,1,7670,3695,3975,0,0,0,1.0,1,1.0,1,1.0,1,0.20040239416429775,69
4645,3,7673,3696,3977,0,0,0,1.0,1,1.0,1,1.0,1,0.1942937158894183,70
4646,3,7676,3698,3978,0,0,0,1.0,1,1.0,1,1.0,1,0.23091773529978524,68
4647,3,7679,3700,3979,0,0,0,1.0,1,1.0,1,1.0,1,0.24119565709173663,68
4648,2,7681,3700,3981,0,0,0,1.0,1,1.0,1,1.0,1,0.24776737131621426,67
4649,3,7684,3701,3983,0,0,0,1.0,1,1.0,1,1.0,1,0.2667929603380889,67
4650,0,7684,3701,3983,0,0,0,1.0,1,1.0,1,1.0,1,0.24067425074864457,67
4651,6,7690,3703,3987,0,0,0,1.0,1,1.0,1,1.0,1,0.20984962499398516,68
4652,0,7690,3703,3987,0,0,0,1.0,1,1.0,1,1.0,1,0.23345406070304972,66
4653,1,7691,3704,3987,0,0,0,1.0,1,1.0,1,1.0,1,0.22042947320644504,64
4654,3,7694,3706,3988,0,0,0,1.0,1,1.0,1,1.0,1,0.2402267176748591,65
4655,1,7695,3706,3989,0,0,0,1.0,1,1.0,1,1.0,1,0.23762709550292657,64
4656,3,7698,3706,3992,0,0,0,1.0,1,1.0,1,1.0,1,0.21188709315751,65
4657,1,7699,3707,3992,0,0,0,1.0,1,1.0,1,1.0,1,0.2212108313247294,66
4658,0,7699,3707,3992,0,0,0,1.0,1,1.0,1,1.0,1,0.23275341481489234,65
4659,0,7699,3707,3992,0,0,0,1.0,1,1.0,1,1.0,1,0.23275341481489234,65
4660,2,7701,3708,3993,0,0,0,1.0,1,1.0,1,1.0,1,0.2440377001119644,66
4661,0,7701,3708,3993,0,0,0,1.0,1,1.0,1,1.0,1,0.2590905091957621,66
4662,3,7704,3709,3995,0,0,0,1.0,1,1.0,1,1.0,1,0.2336390766129174,68
4663,1,7705,3710,3995,0,0,0,1.0,1,1.0,1,1.0,1,0.23964218945671112,67
4664,4,7709,3712,3997,0,0,0,1.0,1,1.0,1,1.0,1,0.21915331774504695,67
4665,1,7710,3713,3997,0,0,0,1.0,1,1.0,1,1.0,1,0.227681989138719,67
4666,3,7713,3713,4000,0,0,0,1.0,1,1.0,1,1.0,1,0.20127538393617136,67
4667,1,7714,3714,4000,0,0,0,1.0,1,1.0,1,1.0,1,0.20676366467925447,66
4668,3,7717,3716,4001,0,0,0,1.0,1,1.0,1,1.0,1,0.21727574192864402,66
4669,2,7719,3718,4001,0,0,0,1.0,1,1.0,1,1.0,1,0.2393332511516,66
4670,0,7719,3718,4001,0,0,0,1.0,1,1.0,1,1.0,1,0.2566571923410887,64
4671,2,7721,3718,4003,0,0,0,1.0,1,1.0,1,1.0,1,0.2430868329836151,64
4672,4,7725,3719,4006,0,0,0,1.0,1,1.0,1,1.0,1,0.25651282172677836,64
4673,1,7726,3719,4007,0,0,0,1.0,1,1.0,1,1.0,1,0.24822455893535517,65
4674,3,7729,3721,4008,0,0,0,1.0,1,1.0,1,1.0,1,0.2503483403314165,66
4675,3,7732,3722,4010,0,0,0,1.0,1,1.0,1,1.0,1,0.2614022760575215,65
4676,2,7734,3722,4012,0,0,0,1.0,1,1.0,1,1.0,1,0.24513939754032876,65
4677,2,7736,3723,4013,0,0,0,1.0,1,1.0,1,1.0,1,0.250181234489708,65
4678,1,7737,3723,4014,0,0,0,1.0,1,1.0,1,1.0,1,0.24190876433631447,64
4679,1,7738,3724,4014,0,0,0,1.0,1,1.0,1,1.0,1,0.23885813158625946,66
4680,1,7739,3724,4015,0,0,0,1.0,1,1.0,1,1.0,1,0.24298723343078263,67
4681,3,7742,3725,4017,0,0,0,1.0,1,1.0,1,1.0,1,0.23434723397392004,67
4682,5,7747,3727,4020,0,0,0,1.0,1,1.0,1,1.0,1,0.2195635088711511,67
4683,2,7749,3728,4021,0,0,0,1.0,1,1.0,1,1.0,1,0.21722057659357785,67
4684,0,7749,3728,4021,0,0,0,1.0,1,1.0,1,1.0,1,0.23201823651314266,66
4685,1,7750,3728,4022,0,0,0,1.0,1,1.0,1,1.0,1,0.21503139253663117,65
4686,2,7752,3729,4023,0,0,0,1.0,1,1.0,1,1.0,1,0.24080278613717734,65
4687,0,7752,3729,4023,0,0,0,1.0,1,1.0,1,1.0,1,0.2273826870284683,65
4688,3,7755,3731,4024,0,0,0,1.0,1,1.0,1,1.0,1,0.26569354783441157,64
4689,5,7760,3733,4027,0,0,0,1.0,1,1.0,1,1.0,1,0.2862595266018257,65
4690,2,7762,3733,4029,0,0,0,1.0,1,1.0,1,1.0,1,0.30671602561001615,63
4691,5,7767,3736,4031,0,0,0,1.0,1,1.0,1,1.0,1,0.3248542835729071,64
4692,0,7767,3736,4031,0,0,0,1.0,1,1.0,1,1.0,1,0.2946480358381421,63
4693,1,7768,3736,4032,0,0,0,1.0,1,1.0,1,1.0,1,0.2972834434638425,64
4694,2,7770,3737,4033,0,0,0,1.0,1,1.0,1,1.0,1,0.2836884080087306,63
4695,0,7770,3737,4033,0,0,0,1.0,1,1.0,1,1.0,1,0.283931890932015,62
4696,3,7773,3737,4036,0,0,0,1.0,1,1.0,1,1.0,1,0.2458333737920708,61
4697,3,7776,3737,4039,0,0,0,1.0,1,1.0,1,1.0,1,0.2225015435764839,63
4698,0,7776,3737,4039,0,0,0,1.0,1,1.0,1,1.0,1,0.23260767097619453,63
4699,2,7778,3737,4041,0,0,0,1.0,1,1.0,1,1.0,1,0.21052148080098276,65
4700,2,7780,3737,4043,0,0,0,1.0,1,1.0,1,1.0,1,0.22258707020533902,64
4701,2,7782,3737,4045,0,0,0,1.0,1,1.0,1,1.0,1,0.19905759884249344,64
4702,1,7783,3737,4046,0,0,0,1.0,1,1.0,1,1.0,1,0.2082845465527896,66
4703,0,7783,3737,4046,0,0,0,1.0,1,1.0,1,1.0,1,0.20608659202220608,65
4704,2,7785,3739,4046,0,0,0,1.0,1,1.0,1,1.0,1,0.21108021667593982,64
4705,4,7789,3741,4048,0,0,0,1.0,1,1.0,1,1.0,1,0.25749801317408394,65
4706,2,7791,3743,4048,0,0,0,1.0,1,1.0,1,1.0,1,0.2713113836131531,65
4707,3,7794,3744,4050,0,0,0,1.0,1,1.0,1,1.0,1,0.2628100455174436,63
4708,2,7796,3745,4051,0,0,0,1.0,1,1.0,1,1.0,1,0.24984423687135826,62
4709,2,7798,3746,4052,0,0,0,1.0,1,1.0,1,1.0,1,0.25966738360004243,61
4710,0,7798,3746,4052,0,0,0,1.0,1,1.0,1,1.0,1,0.25823332522320636,60
4711,2,7800,3748,4052,0,0,0,1.0,1,1.0,1,1.0,1,0.26946190716023405,59
4712,0,7800,3748,4052,0,0,0,1.0,1,1.0,1,1.0,1,0.2675822123020608,58
4713,3,7803,3750,4053,0,0,0,1.0,1,1.0,1,1.0,1,0.277910585819967,58
4714,0,7803,3750,4053,0,0,0,1.0,1,1.0,1,1.0,1,0.2757062995198132,57
4715,0,7803,3750,4053,0,0,0,1.0,1,1.0,1,1.0,1,0.28016612020321113,57
4716,3,7806,3751,4055,0,0,0,1.0,1,1.0,1,1.0,1,0.24745977313935974,55
4717,1,7807,3752,4055,0,0,0,1.0,1,1.0,1,1.0,1,0.27289979702147105,57
4718,1,7808,3752,4056,0,0,0,1.0,1,1.0,1,1.0,1,0.25292172915704797,56
4719,2,7810,3753,4057,0,0,0,1.0,1,1.0,1,1.0,1,0.27754968272294334,56
4720,0,7810,3753,4057,0,0,0,1.0,1,1.0,1,1.0,1,0.27993254368464787,57
4721,4,7814,3753,4061,0,0,0,1.0,1,1.0,1,1.0,1,0.2366591647478065,57
4722,2,7816,3754,4062,0,0,0,1.0,1,1.0,1,1.0,1,0.21999961976159402,57
4723,2,7818,3755,4063,0,0,0,1.0,1,1.0,1,1.0,1,0.23852380198702053,57
4724,1,7819,3755,4064,0,0,0,1.0,1,1.0,1,1.0,1,0.2351637268333618,57
4725,1,7820,3756,4064,0,0,0,1.0,1,1.0,1,1.0,1,0.2847412736452541,57
4726,2,7822,3758,4064,0,0,0,1.0,1,1.0,1,1.0,1,0.3139101464692401,57
4727,2,7824,3758,4066,0,0,0,1.0,1,1.0,1,1.0,1,0.29919550981228377,56
4728,0,7824,3758,4066,0,0,0,1.0,1,1.0,1,1.0,1,0.3103460055449199,57
4729,0,7824,3758,4066,0,0,0,1.0,1,1.0,1,1.0,1,0.32529322514846076,56
4730,0,7824,3758,4066,0,0,0,1.0,1,1.0,1,1.0,1,0.3414949121476048,54
4731,2,7826,3758,4068,0,0,0,1.0,1,1.0,1,1.0,1,0.31700714654140644,54
4732,2,7828,3760,4068,0,0,0,1.0,1,1.0,1,1.0,1,0.3387350778449244,54
4733,2,7830,3761,4069,0,0,0,1.0,1,1.0,1,1.0,1,0.33890551822429515,55
4734,2,7832,3761,4071,0,0,0,1.0,1,1.0,1,1.0,1,0.32723606682816186,56
4735,3,7835,3763,4072,0,0,0,1.0,1,1.0,1,1.0,1,0.3323054008139043,56
4736,2,7837,3764,4073,0,0,0,1.0,1,1.0,1,1.0,1,0.33903165028710514,58
4737,0,7837,3764,4073,0,0,0,1.0,1,1.0,1,1.0,1,0.33507179188607594,59
4738,3,7840,3767,4073,0,0,0,1.0,1,1.0,1,1.0,1,0.3846942893965603,60
4739,5,7845,3767,4078,0,0,0,1.0,1,1.0,1,1.0,1,0.3228045068945244,60
4740,0,7845,3767,4078,0,0,0,1.0,1,1.0,1,1.0,1,0.3228045068945244,60
4741,2,7847,3769,4078,0,0,0,1.0,1,1.0,1,1.0,1,0.3479962164872225,61
4742,3,7850,3770,4080,0,0,0,1.0,1,1.0,1,1.0,1,0.3370494297750852,61
4743,0,7850,3770,4080,0,0,0,1.0,1,1.0,1,1.0,1,0.32814180167661594,60
4744,4,7854,3772,4082,0,0,0,1.0,1,1.0,1,1.0,1,0.3189954383899545,60
4745,3,7857,3773,4084,0,0,0,1.0,1,1.0,1,1.0,1,0.29116814176255096,59
4746,1,7858,3774,4084,0,0,0,1.0,1,1.0,1,1.0,1,0.3028691151066289,59
4747,3,7861,3776,4085,0,0,0,1.0,1,1.0,1,1.0,1,0.28063376085504294,58
4748,4,7865,3778,4087,0,0,0,1.0,1,1.0,1,1.0,1,0.2608946175143638,58
4749,0,7865,3778,4087,0,0,0,1.0,1,1.0,1,1.0,1,0.25105863514193943,58
4750,2,7867,3779,4088,0,0,0,1.0,1,1.0,1,1.0,1,0.23868284198406947,56
4751,4,7871,3781,4090,0,0,0,1.0,1,1.0,1,1.0,1,0.2532347886096592,58
4752,2,7873,3783,4090,0,0,0,1.0,1,1.0,1,1.0,1,0.2543266515800172,55
4753,0,7873,3783,4090,0,0,0,1.0,1,1.0,1,1.0,1,0.2543266515800172,55
4754,0,7873,3783,4090,0,0,0,1.0,1,1.0,1,1.0,1,0.25608844033656325,54
4755,1,7874,3784,4090,0,0,0,1.0,1,1.0,1,1.0,1,0.2696028465644864,54
4756,4,7878,3785,4093,0,0,0,1.0,1,1.0,1,1.0,1,0.23616670372185597,54
4757,0,7878,3785,4093,0,0,0,1.0,1,1.0,1,1.0,1,0.22711538893530428,53
4758,0,7878,3785,4093,0,0,0,1.0,1,1.0,1,1.0,1,0.22711538893530428,53
4759,1,7879,3785,4094,0,0,0,1.0,1,1.0,1,1.0,1,0.2099712558717955,53
4760,0,7879,3785,4094,0,0,0,1.0,1,1.0,1,1.0,1,0.2099712558717955,53
4761,4,7883,3788,4095,0,0,0,1.0,1,1.0,1,1.0,1,0.24049531395544183,52
4762,7,7890,3789,4101,0,0,0,1.0,1,1.0,1,1.0,1,0.22844430931180115,54
4763,2,7892,3791,4101,0,0,0,1.0,1,1.0,1,1.0,1,0.2630176904184104,54
4764,4,7896,3792,4104,0,0,0,1.0,1,1.0,1,1.0,1,0.23504421646363094,55
4765,3,7899,3793,4106,0,0,0,1.0,1,1.0,1,1.0,1,0.2695132205260891,56
4766,5,7904,3793,4111,0,0,0,1.0,1,1.0,1,1.0,1,0.19615160313046678,58
4767,1,7905,3793,4112,0,0,0,1.0,1,1.0,1,1.0,1,0.18207845815103169,59
4768,3,7908,3796,4112,0,0,0,1.0,1,1.0,1,1.0,1,0.22708938644527962,60
4769,1,7909,3796,4113,0,0,0,1.0,1,1.0,1,1.0,1,0.2251762839288089,59
4770,1,7910,3796,4114,0,0,0,1.0,1,1.0,1,1.0,1,0.2244959472262758,60
4771,0,7910,3796,4114,0,0,0,1.0,1,1.0,1,1.0,1,0.24135413870874797,59
4772,0,7910,3796,4114,0,0,0,1.0,1,1.0,1,1.0,1,0.24135413870874797,59
4773,0,7910,3796,4114,0,0,0,1.0,1,1.0,1,1.0,1,0.22813675608043565,60
4774,0,7910,3796,4114,0,0,0,1.0,1,1.0,1,1.0,1,0.22813675608043565,60
4775,2,7912,3796,4116,0,0,0,1.0,1,1.0,1,1.0,1,0.21931975780462512,62
4776,4,7916,3796,4120,0,0,0,1.0,1,1.0,1,1.0,1,0.170469205563537,63
4777,0,7916,3796,4120,0,0,0,1.0,1,1.0,1,1.0,1,0.170469205563537,63
4778,0,7916,3796,4120,0,0,0,1.0,1,1.0,1,1.0,1,0.170469205563537,63
4779,0,7916,3796,4120,0,0,0,1.0,1,1.0,1,1.0,1,0.170469205563537,63
4780,2,7918,3797,4121,0,0,0,1.0,1,1.0,1,1.0,1,0.18383742599567182,65
4781,2,7920,3797,4123,0,0,0,1.0,1,1.0,1,1.0,1,0.1851481671994105,64
4782,1,7921,3797,4124,0,0,0,1.0,1,1.0,1,1.0,1,0.18879004282369163,65
4783,7,7928,3800,4128,0,0,0,1.0,1,1.0,1,1.0,1,0.1768829213987179,66
4784,2,7930,3802,4128,0,0,0,1.0,1,1.0,1,1.0,1,0.16957442363421066,64
4785,4,7934,3804,4130,0,0,0,1.0,1,1.0,1,1.0,1,0.18767027549146392,65
4786,6,7940,3806,4134,0,0,0,1.0,1,1.0,1,1.0,1,0.18718549908717963,66
4787,1,7941,3806,4135,0,0,0,1.0,1,1.0,1,1.0,1,0.1712957612295578,63
4788,2,7943,3808,4135,0,0,0,1.0,1,1.0,1,1.0,1,0.17806305954545687,63
4789,2,7945,3810,4135,0,0,0,1.0,1,1.0,1,1.0,1,0.19232912102601654,60
4790,5,7950,3813,4137,0,0,0,1.0,1,1.0,1,1.0,1,0.20115310367090236,61
4791,6,7956,3816,4140,0,0,0,1.0,1,1.0,1,1.0,1,0.19387638434771068,59
4792,2,7958,3818,4140,0,0,0,1.0,1,1.0,1,1.0,1,0.18621619592221222,59
4793,2,7960,3820,4140,0,0,0,1.0,1,1.0,1,1.0,1,0.20594326568712476,61
4794,3,7963,3822,4141,0,0,0,1.0,1,1.0,1,1.0,1,0.17864825430399034,60
4795,1,7964,3823,4141,0,0,0,1.0,1,1.0,1,1.0,1,0.179041706530539,61
4796,2,7966,3824,4142,0,0,0,1.0,1,1.0,1,1.0,1,0.15893385115771694,60
4797,2,7968,3826,4142,0,0,0,1.0,1,1.0,1,1.0,1,0.19934939955089773,61
4798,4,7972,3826,4146,0,0,0,1.0,1,1.0,1,1.0,1,0.12805573019195704,61
4799,0,7972,3826,4146,0,0,0,1.0,1,1.0,1,1.0,1,0.14218850384624354,59
4800,1,7973,3827,4146,0,0,0,1.0,1,1.0,1,1.0,1,0.1403074929965251,57
4801,1,7974,3828,4146,0,0,0,1.0,1,1.0,1,1.0,1,0.13978948273095018,58
4802,0,7974,3828,4146,0,0,0,1.0,1,1.0,1,1.0,1,0.15079230451144848,56
4803,1,7975,3829,4146,0,0,0,1.0,1,1.0,1,1.0,1,0.17516619753655505,57
4804,1,7976,3830,4146,0,0,0,1.0,1,1.0,1,1.0,1,0.16703703856058136,55
4805,0,7976,3830,4146,0,0,0,1.0,1,1.0,1,1.0,1,0.1588568227640269,56
4806,2,7978,3830,4148,0,0,0,1.0,1,1.0,1,1.0,1,0.14346872623976878,55
4807,0,7978,3830,4148,0,0,0,1.0,1,1.0,1,1.0,1,0.16944728443581475,53
4808,2,7980,3831,4149,0,0,0,1.0,1,1.0,1,1.0,1,0.16739846907341302,54
4809,0,7980,3831,4149,0,0,0,1.0,1,1.0,1,1.0,1,0.20047535696019927,53
4810,0,7980,3831,4149,0,0,0,1.0,1,1.0,1,1.0,1,0.20047535696019927,53
4811,1,7981,3831,4150,0,0,0,1.0,1,1.0,1,1.0,1,0.1725968522699026,54
4812,2,7983,3833,4150,0,0,0,1.0,1,1.0,1,1.0,1,0.1616041983919752,54
4813,1,7984,3833,4151,0,0,0,1.0,1,1.0,1,1.0,1,0.14416081082920554,55
4814,2,7986,3835,4151,0,0,0,1.0,1,1.0,1,1.0,1,0.1402712481977163,55
4815,0,7986,3835,4151,0,0,0,1.0,1,1.0,1,1.0,1,0.1407512686036229,56
4816,5,7991,3839,4152,0,0,0,1.0,1,1.0,1,1.0,1,0.16630900420858435,56
4817,3,7994,3841,4153,0,0,0,1.0,1,1.0,1,1.0,1,0.19797703451706278,58
4818,3,7997,3843,4154,0,0,0,1.0,1,1.0,1,1.0,1,0.22546500602969885,58
4819,0,7997,3843,4154,0,0,0,1.0,1,1.0,1,1.0,1,0.21905665508991504,58
4820,0,7997,3843,4154,0,0,0,1.0,1,1.0,1,1.0,1,0.21905665508991504,58
4821,4,8001,3844,4157,0,0,0,1.0,1,1.0,1,1.0,1,0.1875219571856857,58
4822,3,8004,3846,4158,0,0,0,1.0,1,1.0,1,1.0,1,0.19278843757430747,58
4823,1,8005,3847,4158,0,0,0,1.0,1,1.0,1,1.0,1,0.20969129473634474,57
4824,3,8008,3849,4159,0,0,0,1.0,1,1.0,1,1.0,1,0.2119194602592595,56
4825,2,8010,3849,4161,0,0,0,1.0,1,1.0,1,1.0,1,0.19989806311758068,57
4826,2,8012,3849,4163,0,0,0,1.0,1,1.0,1,1.0,1,0.16413416365933708,57
4827,1,8013,3849,4164,0,0,0,1.0,1,1.0,1,1.0,1,0.1846188884622007,56
4828,0,8013,3849,4164,0,0,0,1.0,1,1.0,1,1.0,1,0.1724691931603367,57
4829,2,8015,3850,4165,0,0,0,1.0,1,1.0,1,1.0,1,0.19997388796841892,56
4830,0,8015,3850,4165,0,0,0,1.0,1,1.0,1,1.0,1,0.18588231582621936,57
4831,2,8017,3852,4165,0,0,0,1.0,1,1.0,1,1.0,1,0.23379998358493181,57
4832,0,8017,3852,4165,0,0,0,1.0,1,1.0,1,1.0,1,0.24618435589256907,55
4833,2,8019,3854,4165,0,0,0,1.0,1,1.0,1,1.0,1,0.27510706244254785,55
4834,3,8022,3856,4166,0,0,0,1.0,1,1.0,1,1.0,1,0.2864970500011543,55
4835,4,8026,3856,4170,0,0,0,1.0,1,1.0,1,1.0,1,0.24726272139937674,55
4836,2,8028,3856,4172,0,0,0,1.0,1,1.0,1,1.0,1,0.21799881917181824,55
4837,0,8028,3856,4172,0,0,0,1.0,1,1.0,1,1.0,1,0.18868994449823479,53
4838,2,8030,3857,4173,0,0,0,1.0,1,1.0,1,1.0,1,0.17703422815092343,54
4839,4,8034,3861,4173,0,0,0,1.0,1,1.0,1,1.0,1,0.20335496278986318,53
4840,1,8035,3862,4173,0,0,0,1.0,1,1.0,1,1.0,1,0.1999060766079247,52
4841,3,8038,3864,4174,0,0,0,1.0,1,1.0,1,1.0,1,0.21407849943597612,51
4842,2,8040,3865,4175,0,0,0,1.0,1,1.0,1,1.0,1,0.23578400081073295,50
4843,3,8043,3867,4176,0,0,0,1.0,1,1.0,1,1.0,1,0.25889683834890664,51
4844,2,8045,3867,4178,0,0,0,1.0,1,1.0,1,1.0,1,0.21050512973741364,50
4845,2,8047,3868,4179,0,0,0,1.0,1,1.0,1,1.0,1,0.2309904474977134,49
4846,3,8050,3869,4181,0,0,0,1.0,1,1.0,1,1.0,1,0.17923871411754166,49
4847,1,8051,3870,4181,0,0,0,1.0,1,1.0,1,1.0,1,0.2481070575104603,48
4848,3,8054,3872,4182,0,0,0,1.0,1,1.0,1,1.0,1,0.25825928658987835,48
4849,2,8056,3873,4183,0,0,0,1.0,1,1.0,1,1.0,1,0.24416096968787868,48
4850,1,8057,3874,4183,0,0,0,1.0,1,1.0,1,1.0,1,0.2676316000778731,49
4851,5,8062,3875,4187,0,0,0,1.0,1,1.0,1,1.0,1,0.18035914863744337,49
4852,1,8063,3875,4188,0,0,0,1.0,1,1.0,1,1.0,1,0.2150241503582647,49
4853,0,8063,3875,4188,0,0,0,1.0,1,1.0,1,1.0,1,0.21231727090180222,50
4854,1,8064,3875,4189,0,0,0,1.0,1,1.0,1,1.0,1,0.2175048332247439,51
4855,0,8064,3875,4189,0,0,0,1.0,1,1.0,1,1.0,1,0.2175048332247439,51
4856,1,8065,3875,4190,0,0,0,1.0,1,1.0,1,1.0,1,0.20433621487446404,50
4857,0,8065,3875,4190,0,0,0,1.0,1,1.0,1,1.0,1,0.2010193718204425,51
4858,0,8065,3875,4190,0,0,0,1.0,1,1.0,1,1.0,1,0.21082351605586858,51
4859,1,8066,3875,4191,0,0,0,1.0,1,1.0,1,1.0,1,0.2202751718861379,52
4860,0,8066,3875,4191,0,0,0,1.0,1,1.0,1,1.0,1,0.2202751718861379,52
4861,2,8068,3875,4193,0,0,0,1.0,1,1.0,1,1.0,1,0.21013906093087653,53
4862,2,8070,3877,4193,0,0,0,1.0,1,1.0,1,1.0,1,0.24033171054432112,53
4863,0,8070,3877,4193,0,0,0,1.0,1,1.0,1,1.0,1,0.24753309633416906,51
4864,3,8073,3878,4195,0,0,0,1.0,1,1.0,1,1.0,1,0.2335758294365819,53
4865,0,8073,3878,4195,0,0,0,1.0,1,1.0,1,1.0,1,0.23751455080263342,52
4866,5,8078,3879,4199,0,0,0,1.0,1,1.0,1,1.0,1,0.18716691459020432,53
4867,3,8081,3880,4201,0,0,0,1.0,1,1.0,1,1.0,1,0.1604505064617072,51
4868,2,8083,3881,4202,0,0,0,1.0,1,1.0,1,1.0,1,0.14662926283960687,53
4869,0,8083,3881,4202,0,0,0,1.0,1,1.0,1,1.0,1,0.14662926283960687,53
4870,2,8085,3883,4202,0,0,0,1.0,1,1.0,1,1.0,1,0.15422352324052446,55
4871,2,8087,3884,4203,0,0,0,1.0,1,1.0,1,1.0,1,0.15997207092836277,55
4872,4,8091,3886,4205,0,0,0,1.0,1,1.0,1,1.0,1,0.15115282254526324,56
4873,2,8093,3886,4207,0,0,0,1.0,1,1.0,1,1.0,1,0.1395652306991452,56
4874,1,8094,3887,4207,0,0,0,1.0,1,1.0,1,1.0,1,0.13674129362988505,58
4875,1,8095,3888,4207,0,0,0,1.0,1,1.0,1,1.0,1,0.16524608973559632,56
4876,3,8098,3888,4210,0,0,0,1.0,1,1.0,1,1.0,1,0.12962972997790095,56
4877,1,8099,3889,4210,0,0,0,1.0,1,1.0,1,1.0,1,0.14561106867498294,54
4878,2,8101,3890,4211,0,0,0,1.0,1,1.0,1,1.0,1,0.15760360633218362,54
4879,6,8107,3894,4213,0,0,0,1.0,1,1.0,1,1.0,1,0.17207673648172284,54
4880,1,8108,3894,4214,0,0,0,1.0,1,1.0,1,1.0,1,0.14032115095190942,53
4881,1,8109,3894,4215,0,0,0,1.0,1,1.0,1,1.0,1,0.13433241306261504,54
4882,0,8109,3894,4215,0,0,0,1.0,1,1.0,1,1.0,1,0.14196418239986563,52
4883,1,8110,3895,4215,0,0,0,1.0,1,1.0,1,1.0,1,0.17268029326252818,54
4884,0,8110,3895,4215,0,0,0,1.0,1,1.0,1,1.0,1,0.1592247636225526,52
4885,1,8111,3896,4215,0,0,0,1.0,1,1.0,1,1.0,1,0.20056465235751506,51
4886,0,8111,3896,4215,0,0,0,1.0,1,1.0,1,1.0,1,0.20019335994513585,50
4887,0,8111,3896,4215,0,0,0,1.0,1,1.0,1,1.0,1,0.22373970452932096,49
4888,0,8111,3896,4215,0,0,0,1.0,1,1.0,1,1.0,1,0.2285357409240079,48
4889,0,8111,3896,4215,0,0,0,1.0,1,1.0,1,1.0,1,0.2285357409240079,48
4890,0,8111,3896,4215,0,0,0,1.0,1,1.0,1,1.0,1,0.2285357409240079,48
4891,2,8113,3898,4215,0,0,0,1.0,1,1.0,1,1.0,1,0.26507367940725196,49
4892,1,8114,3898,4216,0,0,0,1.0,1,1.0,1,1.0,1,0.27879822224587825,51
4893,0,8114,3898,4216,0,0,0,1.0,1,1.0,1,1.0,1,0.2800428773111924,51
4894,1,8115,3898,4217,0,0,0,1.0,1,1.0,1,1.0,1,0.26162018228538736,52
4895,1,8116,3898,4218,0,0,0,1.0,1,1.0,1,1.0,1,0.24465809945398037,52
4896,2,8118,3899,4219,0,0,0,1.0,1,1.0,1,1.0,1,0.2259665215673723,51
4897,0,8118,3899,4219,0,0,0,1.0,1,1.0,1,1.0,1,0.22003869150561245,52
4898,2,8120,3901,4219,0,0,0,1.0,1,1.0,1,1.0,1,0.2052772358254989,52
4899,1,8121,3901,4220,0,0,0,1.0,1,1.0,1,1.0,1,0.1881531255215552,53
4900,1,8122,3902,4220,0,0,0,1.0,1,1.0,1,1.0,1,0.16547732678458374,54
4901,3,8125,3905,4220,0,0,0,1.0,1,1.0,1,1.0,1,0.1697619087983473,54
4902,1,8126,3906,4220,0,0,0,1.0,1,1.0,1,1.0,1,0.17357552940751744,55
4903,2,8128,3907,4221,0,0,0,1.0,1,1.0,1,1.0,1,0.20399672079951015,56
4904,4,8132,3909,4223,0,0,0,1.0,1,1.0,1,1.0,1,0.22130295400730726,55
4905,0,8132,3909,4223,0,0,0,1.0,1,1.0,1,1.0,1,0.22141574015234392,54
4906,7,8139,3911,4228,0,0,0,1.0,1,1.0,1,1.0,1,0.21223337414580407,54
4907,0,8139,3911,4228,0,0,0,1.0,1,1.0,1,1.0,1,0.21211950406478675,54
4908,0,8139,3911,4228,0,0,0,1.0,1,1.0,1,1.0,1,0.20557794821840378,53
4909,3,8142,3913,4229,0,0,0,1.0,1,1.0,1,1.0,1,0.2222946704416103,54
4910,0,8142,3913,4229,0,0,0,1.0,1,1.0,1,1.0,1,0.22566121476402154,55
4911,4,8146,3914,4232,0,0,0,1.0,1,1.0,1,1.0,1,0.1981567630709029,57
4912,2,8148,3916,4232,0,0,0,1.0,1,1.0,1,1.0,1,0.18539200428902577,57
4913,0,8148,3916,4232,0,0,0,1.0,1,1.0,1,1.0,1,0.1681671571537944,56
4914,0,8148,3916,4232,0,0,0,1.0,1,1.0,1,1.0,1,0.1681671571537944,56
4915,1,8149,3917,4232,0,0,0,1.0,1,1.0,1,1.0,1,0.17932040641708427,56
4916,2,8151,3917,4234,0,0,0,1.0,1,1.0,1,1.0,1,0.149957845723721,54
4917,0,8151,3917,4234,0,0,0,1.0,1,1.0,1,1.0,1,0.16888526214254854,53
4918,0,8151,3917,4234,0,0,0,1.0,1,1.0,1,1.0,1,0.18888010089891252,52
4919,0,8151,3917,4234,0,0,0,1.0,1,1.0,1,1.0,1,0.2238498599679579,49
4920,0,8151,3917,4234,0,0,0,1.0,1,1.0,1,1.0,1,0.2238498599679579,49
4921,2,8153,3919,4234,0,0,0,1.0,1,1.0,1,1.0,1,0.3130471290156899,50
4922,1,8154,3919,4235,0,0,0,1.0,1,1.0,1,1.0,1,0.30687445454960294,50
4923,4,8158,3922,4236,0,0,0,1.0,1,1.0,1,1.0,1,0.27678006820126894,52
4924,4,8162,3923,4239,0,0,0,1.0,1,1.0,1,1.0,1,0.24118943481216287,53
4925,4,8166,3924,4242,0,0,0,1.0,1,1.0,1,1.0,1,0.19212940766103997,54
4926,3,8169,3924,4245,0,0,0,1.0,1,1.0,1,1.0,1,0.14864871484833878,54
4927,2,8171,3926,4245,0,0,0,1.0,1,1.0,1,1.0,1,0.15173264345798096,54
4928,0,8171,3926,4245,0,0,0,1.0,1,1.0,1,1.0,1,0.15173264345798096,54
4929,0,8171,3926,4245,0,0,0,1.0,1,1.0,1,1.0,1,0.1453559829241246,55
4930,1,8172,3927,4245,0,0,0,1.0,1,1.0,1,1.0,1,0.2035748886530856,58
4931,1,8173,3927,4246,0,0,0,1.0,1,1.0,1,1.0,1,0.19298069630722162,58
4932,0,8173,3927,4246,0,0,0,1.0,1,1.0,1,1.0,1,0.20651286025390164,59
4933,0,8173,3927,4246,0,0,0,1.0,1,1.0,1,1.0,1,0.20651286025390164,59
4934,0,8173,3927,4246,0,0,0,1.0,1,1.0,1,1.0,1,0.20651286025390164,59
4935,4,8177,3928,4249,0,0,0,1.0,1,1.0,1,1.0,1,0.1849265678929018,59
4936,2,8179,3929,4250,0,0,0,1.0,1,1.0,1,1.0,1,0.2089162101481684,59
4937,1,8180,3929,4251,0,0,0,1.0,1,1.0,1,1.0,1,0.21279324655771145,61
4938,1,8181,3929,4252,0,0,0,1.0,1,1.0,1,1.0,1,0.21325930172930277,62
4939,2,8183,3929,4254,0,0,0,1.0,1,1.0,1,1.0,1,0.1932461167281615,63
4940,0,8183,3929,4254,0,0,0,1.0,1,1.0,1,1.0,1,0.21532947441422412,65
4941,3,8186,3930,4256,0,0,0,1.0,1,1.0,1,1.0,1,0.2043977286575175,65
4942,3,8189,3933,4256,0,0,0,1.0,1,1.0,1,1.0,1,0.2375376975208539,67
4943,2,8191,3933,4258,0,0,0,1.0,1,1.0,1,1.0,1,0.2291889946433771,66
4944,3,8194,3936,4258,0,0,0,1.0,1,1.0,1,1.0,1,0.2650545358932929,63
4945,2,8196,3937,4259,0,0,0,1.0,1,1.0,1,1.0,1,0.2545680136463769,61
4946,10,8206,3939,4267,0,0,0,1.0,1,1.0,1,1.0,1,0.16448014248600515,60
4947,0,8206,3939,4267,0,0,0,1.0,1,1.0,1,1.0,1,0.15704595337462882,58
4948,3,8209,3941,4268,0,0,0,1.0,1,1.0,1,1.0,1,0.18698698006958223,57
4949,2,8211,3942,4269,0,0,0,1.0,1,1.0,1,1.0,1,0.16620616618357592,56
4950,1,8212,3943,4269,0,0,0,1.0,1,1.0,1,1.0,1,0.16783090958944405,57
4951,5,8217,3945,4272,0,0,0,1.0,1,1.0,1,1.0,1,0.13114851715913547,55
4952,3,8220,3948,4272,0,0,0,1.0,1,1.0,1,1.0,1,0.18259243415232568,55
4953,3,8223,3950,4273,0,0,0,1.0,1,1.0,1,1.0,1,0.16127058794175175,54
4954,1,8224,3951,4273,0,0,0,1.0,1,1.0,1,1.0,1,0.178978158244754,54
4955,1,8225,3951,4274,0,0,0,1.0,1,1.0,1,1.0,1,0.13825295048511912,52
4956,1,8226,3951,4275,0,0,0,1.0,1,1.0,1,1.0,1,0.1166830726444532,52
4957,1,8227,3951,4276,0,0,0,1.0,1,1.0,1,1.0,1,0.11329163635488378,53
4958,1,8228,3952,4276,0,0,0,1.0,1,1.0,1,1.0,1,0.12269943909566056,52
4959,1,8229,3953,4276,0,0,0,1.0,1,1.0,1,1.0,1,0.134080135675414,51
4960,0,8229,3953,4276,0,0,0,1.0,1,1.0,1,1.0,1,0.12900431828933348,53
4961,0,8229,3953,4276,0,0,0,1.0,1,1.0,1,1.0,1,0.12900431828933348,53
4962,1,8230,3953,4277,0,0,0,1.0,1,1.0,1,1.0,1,0.13883652707593996,55
4963,0,8230,3953,4277,0,0,0,1.0,1,1.0,1,1.0,1,0.12204255300391485,54
4964,0,8230,3953,4277,0,0,0,1.0,1,1.0,1,1.0,1,0.12204255300391485,54
4965,0,8230,3953,4277,0,0,0,1.0,1,1.0,1,1.0,1,0.12204255300391485,54
4966,1,8231,3954,4277,0,0,0,1.0,1,1.0,1,1.0,1,0.13699830188922416,54
4967,3,8234,3957,4277,0,0,0,1.0,1,1.0,1,1.0,1,0.13767042914745595,55
4968,2,8236,3959,4277,0,0,0,1.0,1,1.0,1,1.0,1,0.16259326217254166,55
4969,4,8240,3960,4280,0,0,0,1.0,1,1.0,1,1.0,1,0.1766496498394231,57
4970,0,8240,3960,4280,0,0,0,1.0,1,1.0,1,1.0,1,0.1950874168232435,56
4971,2,8242,3961,4281,0,0,0,1.0,1,1.0,1,1.0,1,0.1676503648522677,57
4972,3,8245,3962,4283,0,0,0,1.0,1,1.0,1,1.0,1,0.2013352964934169,57
4973,3,8248,3963,4285,0,0,0,1.0,1,1.0,1,1.0,1,0.1776263322304954,60
4974,1,8249,3964,4285,0,0,0,1.0,1,1.0,1,1.0,1,0.20309419649058713,58
4975,3,8252,3965,4287,0,0,0,1.0,1,1.0,1,1.0,1,0.18145117078694045,59
4976,3,8255,3966,4289,0,0,0,1.0,1,1.0,1,1.0,1,0.1766283796110261,59
4977,3,8258,3969,4289,0,0,0,1.0,1,1.0,1,1.0,1,0.18755111203545202,59
4978,2,8260,3971,4289,0,0,0,1.0,1,1.0,1,1.0,1,0.17024729822465845,59
4979,2,8262,3971,4291,0,0,0,1.0,1,1.0,1,1.0,1,0.15766201750288128,61
4980,2,8264,3973,4291,0,0,0,1.0,1,1.0,1,1.0,1,0.16531209230235205,62
4981,1,8265,3974,4291,0,0,0,1.0,1,1.0,1,1.0,1,0.18138946895923527,62
4982,3,8268,3975,4293,0,0,0,1.0,1,1.0,1,1.0,1,0.13159316663568776,63
4983,0,8268,3975,4293,0,0,0,1.0,1,1.0,1,1.0,1,0.13145501085804853,63
4984,1,8269,3976,4293,0,0,0,1.0,1,1.0,1,1.0,1,0.15473626311526406,61
4985,0,8269,3976,4293,0,0,0,1.0,1,1.0,1,1.0,1,0.16592222137819274,59
4986,6,8275,3978,4297,0,0,0,1.0,1,1.0,1,1.0,1,0.14983221334518496,62
4987,1,8276,3979,4297,0,0,0,1.0,1,1.0,1,1.0,1,0.1673162408731796,60
4988,1,8277,3980,4297,0,0,0,1.0,1,1.0,1,1.0,1,0.18217996044199358,59
4989,2,8279,3982,4297,0,0,0,1.0,1,1.0,1,1.0,1,0.18988739371153732,57
4990,1,8280,3982,4298,0,0,0,1.0,1,1.0,1,1.0,1,0.1815351290073223,55
4991,5,8285,3986,4299,0,0,0,1.0,1,1.0,1,1.0,1,0.1367219785213153,54
4992,2,8287,3986,4301,0,0,0,1.0,1,1.0,1,1.0,1,0.1121687002333485,52
4993,0,8287,3986,4301,0,0,0,1.0,1,1.0,1,1.0,1,0.09379343575156505,51
4994,1,8288,3987,4301,0,0,0,1.0,1,1.0,1,1.0,1,0.16716725566359092,49
4995,5,8293,3991,4302,0,0,0,1.0,1,1.0,1,1.0,1,0.20999318902305728,48
4996,5,8298,3995,4303,0,0,0,1.0,1,1.0,1,1.0,1,0.1892883522209007,48
4997,0,8298,3995,4303,0,0,0,1.0,1,1.0,1,1.0,1,0.18482959561040027,46
4998,2,8300,3996,4304,0,0,0,1.0,1,1.0,1,1.0,1,0.21169635647253573,48
4999,3,8303,3998,4305,0,0,0,1.0,1,1.0,1,1.0,1,0.2598144187155312,48
5000,0,8303,3998,4305,0,0,0,1.0,1,1.0,1,1.0,1,0.23921975580685573,47
5001,4,8307,3999,4308,0,0,0,1.0,1,1.0,1,1.0,1,0.24745970699011383,45
5002,3,8310,4002,4308,0,0,0,1.0,1,1.0,1,1.0,1,0.2739486464046788,46
5003,1,8311,4002,4309,0,0,0,1.0,1,1.0,1,1.0,1,0.2768018599440276,46
5004,3,8314,4004,4310,0,0,0,1.0,1,1.0,1,1.0,1,0.2904711586188853,46
5005,0,8314,4004,4310,0,0,0,1.0,1,1.0,1,1.0,1,0.3121524706546631,45
5006,0,8314,4004,4310,0,0,0,1.0,1,1.0,1,1.0,1,0.3411497020506928,45
5007,1,8315,4004,4311,0,0,0,1.0,1,1.0,1,1.0,1,0.32318957063029585,46
5008,1,8316,4004,4312,0,0,0,1.0,1,1.0,1,1.0,1,0.3118560773691512,49
5009,0,8316,4004,4312,0,0,0,1.0,1,1.0,1,1.0,1,0.3130957993665742,49
5010,2,8318,4004,4314,0,0,0,1.0,1,1.0,1,1.0,1,0.29380304298311105,50
5011,2,8320,4004,4316,0,0,0,1.0,1,1.0,1,1.0,1,0.2560624921701405,51
5012,0,8320,4004,4316,0,0,0,1.0,1,1.0,1,1.0,1,0.2595239620845393,52
5013,0,8320,4004,4316,0,0,0,1.0,1,1.0,1,1.0,1,0.2595239620845393,52
5014,0,8320,4004,4316,0,0,0,1.0,1,1.0,1,1.0,1,0.2589239889427455,53
5015,3,8323,4005,4318,0,0,0,1.0,1,1.0,1,1.0,1,0.26782565052064605,54
5016,0,8323,4005,4318,0,0,0,1.0,1,1.0,1,1.0,1,0.2743537357137207,55
5017,1,8324,4005,4319,0,0,0,1.0,1,1.0,1,1.0,1,0.2674705649488727,55
5018,0,8324,4005,4319,0,0,0,1.0,1,1.0,1,1.0,1,0.27662246631922666,56
5019,1,8325,4006,4319,0,0,0,1.0,1,1.0,1,1.0,1,0.2956548156651895,56
5020,1,8326,4007,4319,0,0,0,1.0,1,1.0,1,1.0,1,0.29365425381174926,55
5021,2,8328,4007,4321,0,0,0,1.0,1,1.0,1,1.0,1,0.2863348065367206,56
5022,3,8331,4010,4321,0,0,0,1.0,1,1.0,1,1.0,1,0.3134209556026572,56
5023,1,8332,4011,4321,0,0,0,1.0,1,1.0,1,1.0,1,0.30370016081227086,55
5024,3,8335,4014,4321,0,0,0,1.0,1,1.0,1,1.0,1,0.3341129164655204,55
5025,1,8336,4015,4321,0,0,0,1.0,1,1.0,1,1.0,1,0.3332016531805538,53
5026,3,8339,4017,4322,0,0,0,1.0,1,1.0,1,1.0,1,0.3203076110681293,52
5027,5,8344,4018,4326,0,0,0,1.0,1,1.0,1,1.0,1,0.31066045171415185,51
5028,2,8346,4020,4326,0,0,0,1.0,1,1.0,1,1.0,1,0.3561826041564812,51
5029,1,8347,4021,4326,0,0,0,1.0,1,1.0,1,1.0,1,0.3523427517044999,50
5030,2,8349,4023,4326,0,0,0,1.0,1,1.0,1,1.0,1,0.34946534226285986,49
5031,4,8353,4024,4329,0,0,0,1.0,1,1.0,1,1.0,1,0.32401883180171015,49
5032,2,8355,4026,4329,0,0,0,1.0,1,1.0,1,1.0,1,0.3203272509001848,48
5033,5,8360,4029,4331,0,0,0,1.0,1,1.0,1,1.0,1,0.3580551025010727,50
5034,1,8361,4029,4332,0,0,0,1.0,1,1.0,1,1.0,1,0.3244046310407228,49
5035,2,8363,4031,4332,0,0,0,1.0,1,1.0,1,1.0,1,0.37866638656680984,49
5036,5,8368,4032,4336,0,0,0,1.0,1,1.0,1,1.0,1,0.31591900803996315,47
5037,0,8368,4032,4336,0,0,0,1.0,1,1.0,1,1.0,1,0.3198705253700116,47
5038,0,8368,4032,4336,0,0,0,1.0,1,1.0,1,1.0,1,0.3229922112430401,47
5039,0,8368,4032,4336,0,0,0,1.0,1,1.0,1,1.0,1,0.329880853237868,48
5040,0,8368,4032,4336,0,0,0,1.0,1,1.0,1,1.0,1,0.329880853237868,48
5041,4,8372,4032,4340,0,0,0,1.0,1,1.0,1,1.0,1,0.29560778075581434,48
5042,0,8372,4032,4340,0,0,0,1.0,1,1.0,1,1.0,1,0.29417154581721217,50
5043,1,8373,4032,4341,0,0,0,1.0,1,1.0,1,1.0,1,0.2868461070479637,51
5044,0,8373,4032,4341,0,0,0,1.0,1,1.0,1,1.0,1,0.2868461070479637,51
5045,2,8375,4032,4343,0,0,0,1.0,1,1.0,1,1.0,1,0.27511359075393005,52
5046,2,8377,4033,4344,0,0,0,1.0,1,1.0,1,1.0,1,0.2869275164019284,51
5047,0,8377,4033,4344,0,0,0,1.0,1,1.0,1,1.0,1,0.2869275164019284,51
5048,2,8379,4034,4345,0,0,0,1.0,1,1.0,1,1.0,1,0.26896938412904314,52
5049,1,8380,4035,4345,0,0,0,1.0,1,1.0,1,1.0,1,0.28784633796428266,54
5050,3,8383,4035,4348,0,0,0,1.0,1,1.0,1,1.0,1,0.2644469650294544,56
5051,4,8387,4035,4352,0,0,0,1.0,1,1.0,1,1.0,1,0.22024355003093196,55
5052,0,8387,4035,4352,0,0,0,1.0,1,1.0,1,1.0,1,0.22024355003093196,55
5053,2,8389,4036,4353,0,0,0,1.0,1,1.0,1,1.0,1,0.2117271282344753,55
5054,1,8390,4037,4353,0,0,0,1.0,1,1.0,1,1.0,1,0.23069641561680876,55
5055,1,8391,4037,4354,0,0,0,1.0,1,1.0,1,1.0,1,0.2309691998649269,55
5056,1,8392,4037,4355,0,0,0,1.0,1,1.0,1,1.0,1,0.22664638827582698,56
5057,2,8394,4037,4357,0,0,0,1.0,1,1.0,1,1.0,1,0.20317973136959758,58
5058,3,8397,4037,4360,0,0,0,1.0,1,1.0,1,1.0,1,0.14977591081952682,59
5059,1,8398,4037,4361,0,0,0,1.0,1,1.0,1,1.0,1,0.13958755302608086,59
5060,0,8398,4037,4361,0,0,0,1.0,1,1.0,1,1.0,1,0.13958755302608086,59
5061,1,8399,4037,4362,0,0,0,1.0,1,1.0,1,1.0,1,0.13198819005872622,59
5062,3,8402,4040,4362,0,0,0,1.0,1,1.0,1,1.0,1,0.2185037152042312,59
5063,7,8409,4041,4368,0,0,0,1.0,1,1.0,1,1.0,1,0.20771341534787915,59
5064,4,8413,4045,4368,0,0,0,1.0,1,1.0,1,1.0,1,0.2696033748231197,57
5065,3,8416,4046,4370,0,0,0,1.0,1,1.0,1,1.0,1,0.2795763619612007,55
5066,2,8418,4047,4371,0,0,0,1.0,1,1.0,1,1.0,1,0.2856907820056738,55
5067,4,8422,4048,4374,0,0,0,1.0,1,1.0,1,1.0,1,0.2406825465919028,54
5068,1,8423,4048,4375,0,0,0,1.0,1,1.0,1,1.0,1,0.21778673043994254,54
5069,2,8425,4049,4376,0,0,0,1.0,1,1.0,1,1.0,1,0.1920596900934294,54
5070,3,8428,4051,4377,0,0,0,1.0,1,1.0,1,1.0,1,0.2254159988276255,52
5071,3,8431,4053,4378,0,0,0,1.0,1,1.0,1,1.0,1,0.23086935903552055,54
5072,0,8431,4053,4378,0,0,0,1.0,1,1.0,1,1.0,1,0.20346372004916205,52
5073,0,8431,4053,4378,0,0,0,1.0,1,1.0,1,1.0,1,0.19218929553596556,51
5074,0,8431,4053,4378,0,0,0,1.0,1,1.0,1,1.0,1,0.18031082857526443,52
5075,2,8433,4053,4380,0,0,0,1.0,1,1.0,1,1.0,1,0.15828453227404538,53
5076,1,8434,4053,4381,0,0,0,1.0,1,1.0,1,1.0,1,0.1292618657641326,53
5077,1,8435,4054,4381,0,0,0,1.0,1,1.0,1,1.0,1,0.17409272131239448,56
5078,0,8435,4054,4381,0,0,0,1.0,1,1.0,1,1.0,1,0.19291903820109016,55
5079,0,8435,4054,4381,0,0,0,1.0,1,1.0,1,1.0,1,0.20350570316168357,56
5080,1,8436,4054,4382,0,0,0,1.0,1,1.0,1,1.0,1,0.17950138446190358,57
5081,2,8438,4054,4384,0,0,0,1.0,1,1.0,1,1.0,1,0.1749971362551141,58
5082,0,8438,4054,4384,0,0,0,1.0,1,1.0,1,1.0,1,0.1749971362551141,58
5083,1,8439,4054,4385,0,0,0,1.0,1,1.0,1,1.0,1,0.1778250188822219,59
5084,1,8440,4054,4386,0,0,0,1.0,1,1.0,1,1.0,1,0.15304357103996796,59
5085,0,8440,4054,4386,0,0,0,1.0,1,1.0,1,1.0,1,0.1573833972742807,60
5086,0,8440,4054,4386,0,0,0,1.0,1,1.0,1,1.0,1,0.15280744701003102,61
5087,4,8444,4057,4387,0,0,0,1.0,1,1.0,1,1.0,1,0.14393063348631854,62
5088,5,8449,4058,4391,0,0,0,1.0,1,1.0,1,1.0,1,0.13365228729033637,64
5089,5,8454,4061,4393,0,0,0,1.0,1,1.0,1,1.0,1,0.1430872142059253,64
5090,0,8454,4061,4393,0,0,0,1.0,1,1.0,1,1.0,1,0.1430872142059253,64
5091,7,8461,4065,4396,0,0,0,1.0,1,1.0,1,1.0,1,0.16594130590905767,64
5092,3,8464,4067,4397,0,0,0,1.0,1,1.0,1,1.0,1,0.16843801881688225,64
5093,0,8464,4067,4397,0,0,0,1.0,1,1.0,1,1.0,1,0.16843801881688225,64
5094,1,8465,4068,4397,0,0,0,1.0,1,1.0,1,1.0,1,0.19001638075481175,65
5095,2,8467,4069,4398,0,0,0,1.0,1,1.0,1,1.0,1,0.19611886363914532,66
5096,1,8468,4069,4399,0,0,0,1.0,1,1.0,1,1.0,1,0.17104475626949694,66
5097,2,8470,4070,4400,0,0,0,1.0,1,1.0,1,1.0,1,0.1678104705769605,67
5098,2,8472,4071,4401,0,0,0,1.0,1,1.0,1,1.0,1,0.15596979445880657,67
5099,3,8475,4072,4403,0,0,0,1.0,1,1.0,1,1.0,1,0.13531533533241333,70
5100,0,8475,4072,4403,0,0,0,1.0,1,1.0,1,1.0,1,0.1453075489951063,71
5101,0,8475,4072,4403,0,0,0,1.0,1,1.0,1,1.0,1,0.1461863168696951,72
5102,3,8478,4074,4404,0,0,0,1.0,1,1.0,1,1.0,1,0.15131667725864573,72
5103,2,8480,4076,4404,0,0,0,1.0,1,1.0,1,1.0,1,0.1598566647919881,70
5104,3,8483,4079,4404,0,0,0,1.0,1,1.0,1,1.0,1,0.18842139826411358,67
5105,4,8487,4082,4405,0,0,0,1.0,1,1.0,1,1.0,1,0.23192757912808243,66
5106,9,8496,4086,4410,0,0,0,1.0,1,1.0,1,1.0,1,0.21798201087287025,64
5107,4,8500,4090,4410,0,0,0,1.0,1,1.0,1,1.0,1,0.22319838442847714,61
5108,4,8504,4092,4412,0,0,0,1.0,1,1.0,1,1.0,1,0.23704573500348203,57
5109,3,8507,4095,4412,0,0,0,1.0,1,1.0,1,1.0,1,0.26941156471879174,55
5110,1,8508,4096,4412,0,0,0,1.0,1,1.0,1,1.0,1,0.28788925301279755,53
5111,8,8516,4099,4417,0,0,0,1.0,1,1.0,1,1.0,1,0.2576852952328983,52
5112,2,8518,4101,4417,0,0,0,1.0,1,1.0,1,1.0,1,0.23720876326861193,52
5113,0,8518,4101,4417,0,0,0,1.0,1,1.0,1,1.0,1,0.23095990579796055,49
5114,5,8523,4106,4417,0,0,0,1.0,1,1.0,1,1.0,1,0.21706400552894983,49
5115,3,8526,4106,4420,0,0,0,1.0,1,1.0,1,1.0,1,0.20057309454897906,48
5116,1,8527,4107,4420,0,0,0,1.0,1,1.0,1,1.0,1,0.20912581136412653,47
5117,0,8527,4107,4420,0,0,0,1.0,1,1.0,1,1.0,1,0.22324570217205972,48
5118,0,8527,4107,4420,0,0,0,1.0,1,1.0,1,1.0,1,0.20032657120731326,49
5119,4,8531,4110,4421,0,0,0,1.0,1,1.0,1,1.0,1,0.1841076205093599,49
5120,0,8531,4110,4421,0,0,0,1.0,1,1.0,1,1.0,1,0.193796666682498,48
5121,1,8532,4111,4421,0,0,0,1.0,1,1.0,1,1.0,1,0.1893380279342633,48
5122,0,8532,4111,4421,0,0,0,1.0,1,1.0,1,1.0,1,0.2005184118625432,46
5123,0,8532,4111,4421,0,0,0,1.0,1,1.0,1,1.0,1,0.2005184118625432,46
5124,1,8533,4111,4422,0,0,0,1.0,1,1.0,1,1.0,1,0.18186910641684684,47
5125,5,8538,4112,4426,0,0,0,1.0,1,1.0,1,1.0,1,0.1901699508705753,49
5126,0,8538,4112,4426,0,0,0,1.0,1,1.0,1,1.0,1,0.1901699508705753,49
5127,2,8540,4113,4427,0,0,0,1.0,1,1.0,1,1.0,1,0.1973342344097917,51
5128,4,8544,4115,4429,0,0,0,1.0,1,1.0,1,1.0,1,0.2129251022748762,53
5129,7,8551,4116,4435,0,0,0,1.0,1,1.0,1,1.0,1,0.1625506463779979,55
5130,2,8553,4117,4436,0,0,0,1.0,1,1.0,1,1.0,1,0.16005681807014918,55
5131,1,8554,4117,4437,0,0,0,1.0,1,1.0,1,1.0,1,0.14933066764513886,55
5132,2,8556,4118,4438,0,0,0,1.0,1,1.0,1,1.0,1,0.16729898806123544,55
5133,0,8556,4118,4438,0,0,0,1.0,1,1.0,1,1.0,1,0.17160062886163407,56
5134,1,8557,4118,4439,0,0,0,1.0,1,1.0,1,1.0,1,0.18404356826845353,56
5135,0,8557,4118,4439,0,0,0,1.0,1,1.0,1,1.0,1,0.18404356826845353,56
5136,0,8557,4118,4439,0,0,0,1.0,1,1.0,1,1.0,1,0.1909505409642945,55
5137,1,8558,4118,4440,0,0,0,1.0,1,1.0,1,1.0,1,0.1833819066974558,55
5138,1,8559,4118,4441,0,0,0,1.0,1,1.0,1,1.0,1,0.1695256975835228,54
5139,2,8561,4120,4441,0,0,0,1.0,1,1.0,1,1.0,1,0.17605817473906224,54
5140,1,8562,4121,4441,0,0,0,1.0,1,1.0,1,1.0,1,0.19369952585789357,54
5141,6,8568,4124,4444,0,0,0,1.0,1,1.0,1,1.0,1,0.17891219067185168,53
5142,9,8577,4128,4449,0,0,0,1.0,1,1.0,1,1.0,1,0.18220334138197183,55
5143,3,8580,4131,4449,0,0,0,1.0,1,1.0,1,1.0,1,0.17801548502356968,54
5144,4,8584,4133,4451,0,0,0,1.0,1,1.0,1,1.0,1,0.172137285474195,50
5145,2,8586,4134,4452,0,0,0,1.0,1,1.0,1,1.0,1,0.18126771141418843,51
5146,1,8587,4135,4452,0,0,0,1.0,1,1.0,1,1.0,1,0.17382141560465866,48
5147,3,8590,4137,4453,0,0,0,1.0,1,1.0,1,1.0,1,0.2188340495849133,49
5148,0,8590,4137,4453,0,0,0,1.0,1,1.0,1,1.0,1,0.20686427905581123,47
5149,1,8591,4138,4453,0,0,0,1.0,1,1.0,1,1.0,1,0.22071684752329546,46
5150,5,8596,4142,4454,0,0,0,1.0,1,1.0,1,1.0,1,0.23463484823735592,46
5151,1,8597,4142,4455,0,0,0,1.0,1,1.0,1,1.0,1,0.21813926713031173,45
5152,4,8601,4146,4455,0,0,0,1.0,1,1.0,1,1.0,1,0.24681610518196195,45
5153,3,8604,4148,4456,0,0,0,1.0,1,1.0,1,1.0,1,0.24677028542860474,45
5154,1,8605,4149,4456,0,0,0,1.0,1,1.0,1,1.0,1,0.2598193183970931,45
5155,1,8606,4150,4456,0,0,0,1.0,1,1.0,1,1.0,1,0.2774452081201681,44
5156,2,8608,4150,4458,0,0,0,1.0,1,1.0,1,1.0,1,0.22087203946008674,44
5157,0,8608,4150,4458,0,0,0,1.0,1,1.0,1,1.0,1,0.2180516535478348,42
5158,1,8609,4151,4458,0,0,0,1.0,1,1.0,1,1.0,1,0.23414811053463266,43
5159,1,8610,4151,4459,0,0,0,1.0,1,1.0,1,1.0,1,0.2374123021204974,43
5160,0,8610,4151,4459,0,0,0,1.0,1,1.0,1,1.0,1,0.2374123021204974,43
5161,0,8610,4151,4459,0,0,0,1.0,1,1.0,1,1.0,1,0.2374123021204974,43
5162,0,8610,4151,4459,0,0,0,1.0,1,1.0,1,1.0,1,0.2371114788418934,44
5163,1,8611,4151,4460,0,0,0,1.0,1,1.0,1,1.0,1,0.24048455600208937,46
5164,2,8613,4153,4460,0,0,0,1.0,1,1.0,1,1.0,1,0.23947366674683174,46
5165,2,8615,4153,4462,0,0,0,1.0,1,1.0,1,1.0,1,0.21182817348182353,46
5166,6,8621,4156,4465,0,0,0,1.0,1,1.0,1,1.0,1,0.2178463684333732,47
5167,1,8622,4156,4466,0,0,0,1.0,1,1.0,1,1.0,1,0.19562369464970528,47
5168,3,8625,4157,4468,0,0,0,1.0,1,1.0,1,1.0,1,0.21046768619871498,47
5169,0,8625,4157,4468,0,0,0,1.0,1,1.0,1,1.0,1,0.21046768619871498,47
5170,2,8627,4158,4469,0,0,0,1.0,1,1.0,1,1.0,1,0.20763425654041442,48
5171,4,8631,4159,4472,0,0,0,1.0,1,1.0,1,1.0,1,0.197006381337899,48
5172,0,8631,4159,4472,0,0,0,1.0,1,1.0,1,1.0,1,0.1723152436171442,49
5173,1,8632,4159,4473,0,0,0,1.0,1,1.0,1,1.0,1,0.16651095439137706,49
5174,0,8632,4159,4473,0,0,0,1.0,1,1.0,1,1.0,1,0.17952145119348958,52
5175,0,8632,4159,4473,0,0,0,1.0,1,1.0,1,1.0,1,0.16533202234308722,53
5176,2,8634,4159,4475,0,0,0,1.0,1,1.0,1,1.0,1,0.1616760246498452,54
5177,2,8636,4161,4475,0,0,0,1.0,1,1.0,1,1.0,1,0.16751485951687933,54
5178,2,8638,4163,4475,0,0,0,1.0,1,1.0,1,1.0,1,0.2001369437919658,55
5179,0,8638,4163,4475,0,0,0,1.0,1,1.0,1,1.0,1,0.19530755078993584,53
5180,0,8638,4163,4475,0,0,0,1.0,1,1.0,1,1.0,1,0.21127990887863232,52
5181,4,8642,4165,4477,0,0,0,1.0,1,1.0,1,1.0,1,0.1808557278163834,52
5182,0,8642,4165,4477,0,0,0,1.0,1,1.0,1,1.0,1,0.1808557278163834,52
5183,3,8645,4168,4477,0,0,0,1.0,1,1.0,1,1.0,1,0.22500278122845466,52
5184,2,8647,4169,4478,0,0,0,1.0,1,1.0,1,1.0,1,0.2326318889949664,52
5185,2,8649,4171,4478,0,0,0,1.0,1,1.0,1,1.0,1,0.26923824628367465,50
5186,3,8652,4172,4480,0,0,0,1.0,1,1.0,1,1.0,1,0.27040493733980714,48
5187,2,8654,4172,4482,0,0,0,1.0,1,1.0,1,1.0,1,0.24183714543452325,46
5188,1,8655,4172,4483,0,0,0,1.0,1,1.0,1,1.0,1,0.22187208326633928,44
5189,1,8656,4172,4484,0,0,0,1.0,1,1.0,1,1.0,1,0.1833591326735602,44
5190,2,8658,4173,4485,0,0,0,1.0,1,1.0,1,1.0,1,0.18482829136926426,45
5191,0,8658,4173,4485,0,0,0,1.0,1,1.0,1,1.0,1,0.18404041078540476,45
5192,1,8659,4174,4485,0,0,0,1.0,1,1.0,1,1.0,1,0.19373537162339635,45
5193,0,8659,4174,4485,0,0,0,1.0,1,1.0,1,1.0,1,0.19373537162339635,45
5194,2,8661,4175,4486,0,0,0,1.0,1,1.0,1,1.0,1,0.16693891328473895,45
5195,1,8662,4175,4487,0,0,0,1.0,1,1.0,1,1.0,1,0.1793627372918551,46
5196,0,8662,4175,4487,0,0,0,1.0,1,1.0,1,1.0,1,0.1793627372918551,46
5197,2,8664,4177,4487,0,0,0,1.0,1,1.0,1,1.0,1,0.20918787913139658,46
5198,1,8665,4177,4488,0,0,0,1.0,1,1.0,1,1.0,1,0.18242897994725774,47
5199,2,8667,4178,4489,0,0,0,1.0,1,1.0,1,1.0,1,0.18971383462435104,49
5200,1,8668,4179,4489,0,0,0,1.0,1,1.0,1,1.0,1,0.19822754035498916,49
5201,3,8671,4181,4490,0,0,0,1.0,1,1.0,1,1.0,1,0.200749318782235,50
5202,1,8672,4181,4491,0,0,0,1.0,1,1.0,1,1.0,1,0.17195047677645947,52
5203,0,8672,4181,4491,0,0,0,1.0,1,1.0,1,1.0,1,0.17195047677645947,52
5204,0,8672,4181,4491,0,0,0,1.0,1,1.0,1,1.0,1,0.16498181807093074,54
5205,0,8672,4181,4491,0,0,0,1.0,1,1.0,1,1.0,1,0.16498181807093074,54
5206,2,8674,4181,4493,0,0,0,1.0,1,1.0,1,1.0,1,0.15010085581854582,55
5207,0,8674,4181,4493,0,0,0,1.0,1,1.0,1,1.0,1,0.15562677694720106,54
5208,0,8674,4181,4493,0,0,0,1.0,1,1.0,1,1.0,1,0.15562677694720106,54
5209,1,8675,4181,4494,0,0,0,1.0,1,1.0,1,1.0,1,0.13760802667779695,54
5210,1,8676,4181,4495,0,0,0,1.0,1,1.0,1,1.0,1,0.1288458707513585,54
5211,2,8678,4182,4496,0,0,0,1.0,1,1.0,1,1.0,1,0.1352889431093108,56
5212,2,8680,4182,4498,0,0,0,1.0,1,1.0,1,1.0,1,0.10315107018805153,57
5213,1,8681,4183,4498,0,0,0,1.0,1,1.0,1,1.0,1,0.12478167440280656,57
5214,3,8684,4185,4499,0,0,0,1.0,1,1.0,1,1.0,1,0.17272323194689065,58
5215,2,8686,4185,4501,0,0,0,1.0,1,1.0,1,1.0,1,0.1702380537981531,57
5216,4,8690,4187,4503,0,0,0,1.0,1,1.0,1,1.0,1,0.18015720218139014,57
5217,2,8692,4189,4503,0,0,0,1.0,1,1.0,1,1.0,1,0.16329586346964065,56
5218,0,8692,4189,4503,0,0,0,1.0,1,1.0,1,1.0,1,0.16329586346964065,56
5219,0,8692,4189,4503,0,0,0,1.0,1,1.0,1,1.0,1,0.18138143006107257,54
5220,0,8692,4189,4503,0,0,0,1.0,1,1.0,1,1.0,1,0.20241926613001093,53
5221,2,8694,4189,4505,0,0,0,1.0,1,1.0,1,1.0,1,0.19053784691587952,52
5222,2,8696,4191,4505,0,0,0,1.0,1,1.0,1,1.0,1,0.19956864580563816,52
5223,2,8698,4193,4505,0,0,0,1.0,1,1.0,1,1.0,1,0.21273038356469032,52
5224,4,8702,4195,4507,0,0,0,1.0,1,1.0,1,1.0,1,0.19481761418757773,52
5225,0,8702,4195,4507,0,0,0,1.0,1,1.0,1,1.0,1,0.21264078030004177,50
5226,7,8709,4197,4512,0,0,0,1.0,1,1.0,1,1.0,1,0.14101289766304048,51
5227,2,8711,4199,4512,0,0,0,1.0,1,1.0,1,1.0,1,0.17614344238891294,49
5228,0,8711,4199,4512,0,0,0,1.0,1,1.0,1,1.0,1,0.19383154311516027,48
5229,0,8711,4199,4512,0,0,0,1.0,1,1.0,1,1.0,1,0.17925746822938024,49
5230,0,8711,4199,4512,0,0,0,1.0,1,1.0,1,1.0,1,0.17925746822938024,49
5231,1,8712,4200,4512,0,0,0,1.0,1,1.0,1,1.0,1,0.17747147257234835,49
5232,2,8714,4202,4512,0,0,0,1.0,1,1.0,1,1.0,1,0.18787741582693468,51
5233,3,8717,4203,4514,0,0,0,1.0,1,1.0,1,1.0,1,0.1838026159074445,51
5234,5,8722,4207,4515,0,0,0,1.0,1,1.0,1,1.0,1,0.21719455484680672,52
5235,1,8723,4207,4516,0,0,0,1.0,1,1.0,1,1.0,1,0.1891747034611471,52
5236,3,8726,4207,4519,0,0,0,1.0,1,1.0,1,1.0,1,0.14607589058377973,52
5237,1,8727,4208,4519,0,0,0,1.0,1,1.0,1,1.0,1,0.17030131380471092,53
5238,0,8727,4208,4519,0,0,0,1.0,1,1.0,1,1.0,1,0.17030131380471092,53
5239,2,8729,4208,4521,0,0,0,1.0,1,1.0,1,1.0,1,0.1523943526634898,53
5240,2,8731,4208,4523,0,0,0,1.0,1,1.0,1,1.0,1,0.16591915256483666,55
5241,1,8732,4208,4524,0,0,0,1.0,1,1.0,1,1.0,1,0.15376409568005295,56
5242,1,8733,4209,4524,0,0,0,1.0,1,1.0,1,1.0,1,0.1963245492149064,54
5243,1,8734,4210,4524,0,0,0,1.0,1,1.0,1,1.0,1,0.21930112654861483,55
5244,3,8737,4212,4525,0,0,0,1.0,1,1.0,1,1.0,1,0.2578422229314907,55
5245,3,8740,4213,4527,0,0,0,1.0,1,1.0,1,1.0,1,0.2322406374083338,55
5246,3,8743,4214,4529,0,0,0,1.0,1,1.0,1,1.0,1,0.25721740779493063,55
5247,4,8747,4215,4532,0,0,0,1.0,1,1.0,1,1.0,1,0.19316400169692666,54
5248,2,8749,4215,4534,0,0,0,1.0,1,1.0,1,1.0,1,0.16335888233769755,53
5249,3,8752,4216,4536,0,0,0,1.0,1,1.0,1,1.0,1,0.1297637284210762,55
5250,0,8752,4216,4536,0,0,0,1.0,1,1.0,1,1.0,1,0.1297637284210762,55
5251,1,8753,4217,4536,0,0,0,1.0,1,1.0,1,1.0,1,0.15008191104287172,57
5252,1,8754,4217,4537,0,0,0,1.0,1,1.0,1,1.0,1,0.13361034210572575,58
5253,2,8756,4219,4537,0,0,0,1.0,1,1.0,1,1.0,1,0.19126117497935413,59
5254,2,8758,4220,4538,0,0,0,1.0,1,1.0,1,1.0,1,0.17963680849786912,59
5255,1,8759,4221,4538,0,0,0,1.0,1,1.0,1,1.0,1,0.18202795891366957,58
5256,6,8765,4223,4542,0,0,0,1.0,1,1.0,1,1.0,1,0.16584627116173561,59
5257,1,8766,4224,4542,0,0,0,1.0,1,1.0,1,1.0,1,0.1442618830648077,58
5258,0,8766,4224,4542,0,0,0,1.0,1,1.0,1,1.0,1,0.16978325969659322,56
5259,1,8767,4225,4542,0,0,0,1.0,1,1.0,1,1.0,1,0.19744771010698842,56
5260,0,8767,4225,4542,0,0,0,1.0,1,1.0,1,1.0,1,0.1886983588668308,55
5261,2,8769,4226,4543,0,0,0,1.0,1,1.0,1,1.0,1,0.1681005040738317,54
5262,2,8771,4228,4543,0,0,0,1.0,1,1.0,1,1.0,1,0.20701936487436814,54
5263,2,8773,4229,4544,0,0,0,1.0,1,1.0,1,1.0,1,0.19884084349909045,53
5264,2,8775,4230,4545,0,0,0,1.0,1,1.0,1,1.0,1,0.18851689783079537,51
5265,1,8776,4231,4545,0,0,0,1.0,1,1.0,1,1.0,1,0.2097889404927867,50
5266,4,8780,4233,4547,0,0,0,1.0,1,1.0,1,1.0,1,0.20307498119565742,49
5267,1,8781,4234,4547,0,0,0,1.0,1,1.0,1,1.0,1,0.1954060668058046,48
5268,1,8782,4235,4547,0,0,0,1.0,1,1.0,1,1.0,1,0.18839096708437675,47
5269,2,8784,4236,4548,0,0,0,1.0,1,1.0,1,1.0,1,0.24555875568481345,45
5270,1,8785,4237,4548,0,0,0,1.0,1,1.0,1,1.0,1,0.2424179078121755,47
5271,4,8789,4237,4552,0,0,0,1.0,1,1.0,1,1.0,1,0.2133846714634657,45
5272,5,8794,4242,4552,0,0,0,1.0,1,1.0,1,1.0,1,0.253486167754297,46
5273,1,8795,4242,4553,0,0,0,1.0,1,1.0,1,1.0,1,0.2529174285449512,44
5274,3,8798,4244,4554,0,0,0,1.0,1,1.0,1,1.0,1,0.31638575304156885,44
5275,4,8802,4245,4557,0,0,0,1.0,1,1.0,1,1.0,1,0.2836300284369663,46
5276,2,8804,4246,4558,0,0,0,1.0,1,1.0,1,1.0,1,0.26590073247142854,46
5277,1,8805,4246,4559,0,0,0,1.0,1,1.0,1,1.0,1,0.23795885590563773,46
5278,3,8808,4249,4559,0,0,0,1.0,1,1.0,1,1.0,1,0.22303514903191698,46
5279,2,8810,4249,4561,0,0,0,1.0,1,1.0,1,1.0,1,0.21639987942769723,47
5280,1,8811,4250,4561,0,0,0,1.0,1,1.0,1,1.0,1,0.21461525320776573,47
5281,1,8812,4250,4562,0,0,0,1.0,1,1.0,1,1.0,1,0.2008722066730472,48
5282,2,8814,4252,4562,0,0,0,1.0,1,1.0,1,1.0,1,0.24026563254437078,48
5283,3,8817,4253,4564,0,0,0,1.0,1,1.0,1,1.0,1,0.24595068536265846,49
5284,1,8818,4253,4565,0,0,0,1.0,1,1.0,1,1.0,1,0.2384704893097323,49
5285,0,8818,4253,4565,0,0,0,1.0,1,1.0,1,1.0,1,0.21981869402095677,50
5286,2,8820,4253,4567,0,0,0,1.0,1,1.0,1,1.0,1,0.20606433741424166,51
5287,0,8820,4253,4567,0,0,0,1.0,1,1.0,1,1.0,1,0.20606433741424166,51
5288,1,8821,4253,4568,0,0,0,1.0,1,1.0,1,1.0,1,0.19236739546734677,51
5289,0,8821,4253,4568,0,0,0,1.0,1,1.0,1,1.0,1,0.2120951603176216,53
5290,2,8823,4253,4570,0,0,0,1.0,1,1.0,1,1.0,1,0.16082467498205819,53
5291,2,8825,4254,4571,0,0,0,1.0,1,1.0,1,1.0,1,0.1742484601303686,53
5292,2,8827,4255,4572,0,0,0,1.0,1,1.0,1,1.0,1,0.19006661778622275,53
5293,2,8829,4257,4572,0,0,0,1.0,1,1.0,1,1.0,1,0.26913465696320654,53
5294,4,8833,4259,4574,0,0,0,1.0,1,1.0,1,1.0,1,0.284926789475322,54
5295,2,8835,4260,4575,0,0,0,1.0,1,1.0,1,1.0,1,0.2925351886772418,52
5296,0,8835,4260,4575,0,0,0,1.0,1,1.0,1,1.0,1,0.2846807981713853,49
5297,3,8838,4262,4576,0,0,0,1.0,1,1.0,1,1.0,1,0.3175130736358321,49
5298,1,8839,4262,4577,0,0,0,1.0,1,1.0,1,1.0,1,0.2892636946866334,49
5299,4,8843,4264,4579,0,0,0,1.0,1,1.0,1,1.0,1,0.2848255481048639,50
5300,0,8843,4264,4579,0,0,0,1.0,1,1.0,1,1.0,1,0.2946802978747859,48
5301,3,8846,4265,4581,0,0,0,1.0,1,1.0,1,1.0,1,0.2833432592428792,46
5302,3,8849,4266,4583,0,0,0,1.0,1,1.0,1,1.0,1,0.2764732136925597,47
5303,1,8850,4267,4583,0,0,0,1.0,1,1.0,1,1.0,1,0.2782631355353848,46
5304,2,8852,4269,4583,0,0,0,1.0,1,1.0,1,1.0,1,0.32486973123210977,45
5305,1,8853,4270,4583,0,0,0,1.0,1,1.0,1,1.0,1,0.32180996808756457,44
5306,4,8857,4272,4585,0,0,0,1.0,1,1.0,1,1.0,1,0.32298390480957795,42
5307,2,8859,4273,4586,0,0,0,1.0,1,1.0,1,1.0,1,0.2929998307965372,42
5308,2,8861,4274,4587,0,0,0,1.0,1,1.0,1,1.0,1,0.29885046369991336,43
5309,0,8861,4274,4587,0,0,0,1.0,1,1.0,1,1.0,1,0.27500584985488175,41
5310,1,8862,4275,4587,0,0,0,1.0,1,1.0,1,1.0,1,0.3102037881318547,41
5311,1,8863,4276,4587,0,0,0,1.0,1,1.0,1,1.0,1,0.31988575741873254,42
5312,0,8863,4276,4587,0,0,0,1.0,1,1.0,1,1.0,1,0.33588614062360145,43
5313,0,8863,4276,4587,0,0,0,1.0,1,1.0,1,1.0,1,0.3336135330337076,44
5314,1,8864,4276,4588,0,0,0,1.0,1,1.0,1,1.0,1,0.31102640966461875,44
5315,3,8867,4277,4590,0,0,0,1.0,1,1.0,1,1.0,1,0.3206402669968065,45
5316,3,8870,4277,4593,0,0,0,1.0,1,1.0,1,1.0,1,0.29375320293063156,46
5317,0,8870,4277,4593,0,0,0,1.0,1,1.0,1,1.0,1,0.3081282873375138,46
5318,2,8872,4279,4593,0,0,0,1.0,1,1.0,1,1.0,1,0.3035985010036467,46
5319,2,8874,4279,4595,0,0,0,1.0,1,1.0,1,1.0,1,0.2889731685455904,47
5320,3,8877,4280,4597,0,0,0,1.0,1,1.0,1,1.0,1,0.2272176490510108,48
5321,1,8878,4280,4598,0,0,0,1.0,1,1.0,1,1.0,1,0.23069543821976557,49
5322,0,8878,4280,4598,0,0,0,1.0,1,1.0,1,1.0,1,0.23069543821976557,49
5323,4,8882,4280,4602,0,0,0,1.0,1,1.0,1,1.0,1,0.219416104161546,51
5324,2,8884,4280,4604,0,0,0,1.0,1,1.0,1,1.0,1,0.19460812956947546,53
5325,1,8885,4281,4604,0,0,0,1.0,1,1.0,1,1.0,1,0.21140468759821981,53
5326,1,8886,4282,4604,0,0,0,1.0,1,1.0,1,1.0,1,0.22121840720690156,53
5327,1,8887,4282,4605,0,0,0,1.0,1,1.0,1,1.0,1,0.23809125429401357,53
5328,3,8890,4283,4607,0,0,0,1.0,1,1.0,1,1.0,1,0.22924825259849507,54
5329,2,8892,4285,4607,0,0,0,1.0,1,1.0,1,1.0,1,0.2565547772517575,53
5330,1,8893,4286,4607,0,0,0,1.0,1,1.0,1,1.0,1,0.26304260320299594,52
5331,0,8893,4286,4607,0,0,0,1.0,1,1.0,1,1.0,1,0.2819036817382583,51
5332,1,8894,4286,4608,0,0,0,1.0,1,1.0,1,1.0,1,0.27087382082754574,52
5333,2,8896,4288,4608,0,0,0,1.0,1,1.0,1,1.0,1,0.3137561648502417,53
5334,1,8897,4288,4609,0,0,0,1.0,1,1.0,1,1.0,1,0.3077795076351138,54
5335,1,8898,4288,4610,0,0,0,1.0,1,1.0,1,1.0,1,0.311553564345056,55
5336,1,8899,4288,4611,0,0,0,1.0,1,1.0,1,1.0,1,0.2970043038634411,54
5337,0,8899,4288,4611,0,0,0,1.0,1,1.0,1,1.0,1,0.3065177899443302,55
5338,0,8899,4288,4611,0,0,0,1.0,1,1.0,1,1.0,1,0.3065177899443302,55
5339,0,8899,4288,4611,0,0,0,1.0,1,1.0,1,1.0,1,0.3065177899443302,55
5340,0,8899,4288,4611,0,0,0,1.0,1,1.0,1,1.0,1,0.3065177899443302,55
5341,5,8904,4289,4615,0,0,0,1.0,1,1.0,1,1.0,1,0.29036233294350466,54
5342,2,8906,4291,4615,0,0,0,1.0,1,1.0,1,1.0,1,0.317216734815416,55
5343,3,8909,4292,4617,0,0,0,1.0,1,1.0,1,1.0,1,0.29043604575210563,54
5344,4,8913,4295,4618,0,0,0,1.0,1,1.0,1,1.0,1,0.31044970208591427,55
5345,2,8915,4295,4620,0,0,0,1.0,1,1.0,1,1.0,1,0.26164255801273206,53
5346,2,8917,4297,4620,0,0,0,1.0,1,1.0,1,1.0,1,0.3010292942521048,53
5347,5,8922,4299,4623,0,0,0,1.0,1,1.0,1,1.0,1,0.30076836706028537,51
5348,3,8925,4301,4624,0,0,0,1.0,1,1.0,1,1.0,1,0.26903120694550536,53
5349,2,8927,4303,4624,0,0,0,1.0,1,1.0,1,1.0,1,0.28128569924915703,52
5350,1,8928,4304,4624,0,0,0,1.0,1,1.0,1,1.0,1,0.30480835749528257,50
5351,5,8933,4305,4628,0,0,0,1.0,1,1.0,1,1.0,1,0.26813882469780936,52
5352,2,8935,4307,4628,0,0,0,1.0,1,1.0,1,1.0,1,0.28432151997029825,49
5353,1,8936,4307,4629,0,0,0,1.0,1,1.0,1,1.0,1,0.2571253473073771,49
5354,0,8936,4307,4629,0,0,0,1.0,1,1.0,1,1.0,1,0.23878198886059757,49
5355,0,8936,4307,4629,0,0,0,1.0,1,1.0,1,1.0,1,0.22926033558115905,48
5356,5,8941,4308,4633,0,0,0,1.0,1,1.0,1,1.0,1,0.22331021852940544,49
5357,0,8941,4308,4633,0,0,0,1.0,1,1.0,1,1.0,1,0.2261784391256833,47
5358,2,8943,4309,4634,0,0,0,1.0,1,1.0,1,1.0,1,0.22136574863056424,48
5359,0,8943,4309,4634,0,0,0,1.0,1,1.0,1,1.0,1,0.22136574863056424,48
5360,0,8943,4309,4634,0,0,0,1.0,1,1.0,1,1.0,1,0.22136574863056424,48
5361,4,8947,4309,4638,0,0,0,1.0,1,1.0,1,1.0,1,0.1889540623117517,50
5362,0,8947,4309,4638,0,0,0,1.0,1,1.0,1,1.0,1,0.1889540623117517,50
5363,0,8947,4309,4638,0,0,0,1.0,1,1.0,1,1.0,1,0.1889540623117517,50
5364,3,8950,4311,4639,0,0,0,1.0,1,1.0,1,1.0,1,0.17735806149739186,51
5365,0,8950,4311,4639,0,0,0,1.0,1,1.0,1,1.0,1,0.1988599848548054,52
5366,3,8953,4311,4642,0,0,0,1.0,1,1.0,1,1.0,1,0.15350781000126695,52
5367,1,8954,4312,4642,0,0,0,1.0,1,1.0,1,1.0,1,0.17563153542797283,54
5368,2,8956,4312,4644,0,0,0,1.0,1,1.0,1,1.0,1,0.1742157881232692,55
5369,1,8957,4313,4644,0,0,0,1.0,1,1.0,1,1.0,1,0.1913101247335129,53
5370,3,8960,4315,4645,0,0,0,1.0,1,1.0,1,1.0,1,0.2278255119724125,54
5371,4,8964,4317,4647,0,0,0,1.0,1,1.0,1,1.0,1,0.2200983194818046,53
5372,2,8966,4319,4647,0,0,0,1.0,1,1.0,1,1.0,1,0.2876265004144511,53
5373,1,8967,4319,4648,0,0,0,1.0,1,1.0,1,1.0,1,0.2683204644633711,52
5374,0,8967,4319,4648,0,0,0,1.0,1,1.0,1,1.0,1,0.2885435412519636,51
5375,0,8967,4319,4648,0,0,0,1.0,1,1.0,1,1.0,1,0.25314300169579224,52
5376,5,8972,4321,4651,0,0,0,1.0,1,1.0,1,1.0,1,0.21518254006489668,51
5377,0,8972,4321,4651,0,0,0,1.0,1,1.0,1,1.0,1,0.22777937276555346,52
5378,2,8974,4323,4651,0,0,0,1.0,1,1.0,1,1.0,1,0.2802497239011307,50
5379,0,8974,4323,4651,0,0,0,1.0,1,1.0,1,1.0,1,0.2802497239011307,50
5380,1,8975,4323,4652,0,0,0,1.0,1,1.0,1,1.0,1,0.2849606850964027,52
5381,2,8977,4323,4654,0,0,0,1.0,1,1.0,1,1.0,1,0.2534050185556627,52
5382,0,8977,4323,4654,0,0,0,1.0,1,1.0,1,1.0,1,0.2529866277900111,52
5383,1,8978,4323,4655,0,0,0,1.0,1,1.0,1,1.0,1,0.20812720020025954,51
5384,5,8983,4325,4658,0,0,0,1.0,1,1.0,1,1.0,1,0.18078046063517286,52
5385,2,8985,4326,4659,0,0,0,1.0,1,1.0,1,1.0,1,0.20728011428297494,51
5386,2,8987,4328,4659,0,0,0,1.0,1,1.0,1,1.0,1,0.22955495520119595,52
5387,4,8991,4329,4662,0,0,0,1.0,1,1.0,1,1.0,1,0.17116202063757593,53
5388,1,8992,4329,4663,0,0,0,1.0,1,1.0,1,1.0,1,0.16742582517948745,54
5389,2,8994,4329,4665,0,0,0,1.0,1,1.0,1,1.0,1,0.15416260442469645,55
5390,3,8997,4331,4666,0,0,0,1.0,1,1.0,1,1.0,1,0.15050113601019197,56
5391,3,9000,4332,4668,0,0,0,1.0,1,1.0,1,1.0,1,0.11049190870410114,56
5392,4,9004,4334,4670,0,0,0,1.0,1,1.0,1,1.0,1,0.13484311207310493,56
5393,2,9006,4335,4671,0,0,0,1.0,1,1.0,1,1.0,1,0.15055112486098676,54
5394,1,9007,4336,4671,0,0,0,1.0,1,1.0,1,1.0,1,0.16563738943374443,53
5395,1,9008,4337,4671,0,0,0,1.0,1,1.0,1,1.0,1,0.15545216560801445,53
5396,1,9009,4337,4672,0,0,0,1.0,1,1.0,1,1.0,1,0.14355808745200918,54
5397,0,9009,4337,4672,0,0,0,1.0,1,1.0,1,1.0,1,0.13284338793663372,53
5398,1,9010,4337,4673,0,0,0,1.0,1,1.0,1,1.0,1,0.11509147122204953,53
5399,8,9018,4342,4676,0,0,0,1.0,1,1.0,1,1.0,1,0.18322352447561782,55
5400,2,9020,4342,4678,0,0,0,1.0,1,1.0,1,1.0,1,0.17247302189489735,55
5401,3,9023,4343,4680,0,0,0,1.0,1,1.0,1,1.0,1,0.14589276046797137,56
5402,0,9023,4343,4680,0,0,0,1.0,1,1.0,1,1.0,1,0.0,0
