,SuccessfulHandoverCount,TotalSuccessfulHandoverCount,TotalSuccessfulHandoverCountRange,TotalSuccessfulHandoverCountLoadBalancing,TotalSuccessfulHandoverCountOverload,FailedHandoverCount,TotalFailedHandoverCount,AvgQoS,MinQoS,AvgQoS_LoadBased,MinQoS_LoadBased,AvgQoS_RangeBased,MinQoS_RangeBased,GiniLoad,VehicleCount
0,0,0,0,0,0,0,0,1.0,1,1.0,1,1.0,1,0.0,0
1,14,14,0,14,0,0,0,1.0,1,1.0,1,1.0,1,0.17914486793509235,26
2,11,25,0,25,0,0,0,1.0,1,1.0,1,1.0,1,0.0877328818033471,27
3,7,32,0,32,0,0,0,1.0,1,1.0,1,1.0,1,0.0496452199194441,28
4,12,44,0,44,0,0,0,1.0,1,1.0,1,1.0,1,0.07696510794267118,29
5,0,44,0,44,0,0,0,1.0,1,1.0,1,1.0,1,0.07696510794267118,29
6,2,46,2,44,0,0,0,1.0,1,1.0,1,1.0,1,0.078201400457898,32
7,2,48,3,45,0,0,0,1.0,1,1.0,1,1.0,1,0.11333097005229718,33
8,3,51,3,48,0,0,0,1.0,1,1.0,1,1.0,1,0.09059079813659617,35
9,1,52,3,49,0,0,0,1.0,1,1.0,1,1.0,1,0.07340096719786174,35
10,1,53,4,49,0,0,0,1.0,1,1.0,1,1.0,1,0.07545329897432815,35
11,1,54,5,49,0,0,0,1.0,1,1.0,1,1.0,1,0.04976511117840135,35
12,0,54,5,49,0,0,0,1.0,1,1.0,1,1.0,1,0.036136999922974,34
13,1,55,6,49,0,0,0,1.0,1,1.0,1,1.0,1,0.07765112554937009,32
14,3,58,8,50,0,0,0,1.0,1,1.0,1,1.0,1,0.13410057297379838,31
15,0,58,8,50,0,0,0,1.0,1,1.0,1,1.0,1,0.13060191346357616,30
16,0,58,8,50,0,0,0,1.0,1,1.0,1,1.0,1,0.13460557709575777,30
17,0,58,8,50,0,0,0,1.0,1,1.0,1,1.0,1,0.10978844461573924,29
18,0,58,8,50,0,0,0,1.0,1,1.0,1,1.0,1,0.10978844461573924,29
19,0,58,8,50,0,0,0,1.0,1,1.0,1,1.0,1,0.08757985541114091,28
20,1,59,9,50,0,0,0,1.0,1,1.0,1,1.0,1,0.1112396191183911,28
21,1,60,10,50,0,0,0,1.0,1,1.0,1,1.0,1,0.10472543628963278,28
22,2,62,12,50,0,0,0,1.0,1,1.0,1,1.0,1,0.14646179296462541,28
23,2,64,14,50,0,0,0,1.0,1,1.0,1,1.0,1,0.2449389377875467,27
24,5,69,19,50,0,0,0,1.0,1,1.0,1,1.0,1,0.22652708732608318,28
25,6,75,21,54,0,0,0,1.0,1,1.0,1,1.0,1,0.05962180053934853,28
26,1,76,22,54,0,0,0,1.0,1,1.0,1,1.0,1,0.11282321489788258,30
27,2,78,23,55,0,0,0,1.0,1,1.0,1,1.0,1,0.049709499150814615,30
28,1,79,24,55,0,0,0,1.0,1,1.0,1,1.0,1,0.07708880998563293,31
29,1,80,24,56,0,0,0,1.0,1,1.0,1,1.0,1,0.05374938799727928,30
30,0,80,24,56,0,0,0,1.0,1,1.0,1,1.0,1,0.05374938799727928,30
31,0,80,24,56,0,0,0,1.0,1,1.0,1,1.0,1,0.07117625487958586,31
32,0,80,24,56,0,0,0,1.0,1,1.0,1,1.0,1,0.09852769346128976,31
33,1,81,24,57,0,0,0,1.0,1,1.0,1,1.0,1,0.04251900350046627,31
34,1,82,25,57,0,0,0,1.0,1,1.0,1,1.0,1,0.13905481989886406,29
35,2,84,26,58,0,0,0,1.0,1,1.0,1,1.0,1,0.11681676084408811,30
36,0,84,26,58,0,0,0,1.0,1,1.0,1,1.0,1,0.15054783618277723,30
37,1,85,27,58,0,0,0,1.0,1,1.0,1,1.0,1,0.17636930609528975,31
38,4,89,28,61,0,0,0,1.0,1,1.0,1,1.0,1,0.11928036408335005,32
39,3,92,28,64,0,0,0,1.0,1,1.0,1,1.0,1,0.05743935437413287,36
40,2,94,29,65,0,0,0,1.0,1,1.0,1,1.0,1,0.026498890441465018,37
41,1,95,30,65,0,0,0,1.0,1,1.0,1,1.0,1,0.042495086083965905,37
42,0,95,30,65,0,0,0,1.0,1,1.0,1,1.0,1,0.034356250088545925,38
43,1,96,31,65,0,0,0,1.0,1,1.0,1,1.0,1,0.08555156250481363,40
44,0,96,31,65,0,0,0,1.0,1,1.0,1,1.0,1,0.06666467073827732,39
45,0,96,31,65,0,0,0,1.0,1,1.0,1,1.0,1,0.05637888797928737,40
46,0,96,31,65,0,0,0,1.0,1,1.0,1,1.0,1,0.04502351875216648,39
47,3,99,33,66,0,0,0,1.0,1,1.0,1,1.0,1,0.06623220533617527,39
48,0,99,33,66,0,0,0,1.0,1,1.0,1,1.0,1,0.06623220533617527,39
49,0,99,33,66,0,0,0,1.0,1,1.0,1,1.0,1,0.029334876817434748,37
50,1,100,34,66,0,0,0,1.0,1,1.0,1,1.0,1,0.06095239735641828,35
51,0,100,34,66,0,0,0,1.0,1,1.0,1,1.0,1,0.051383384850896434,34
52,0,100,34,66,0,0,0,1.0,1,1.0,1,1.0,1,0.02866810594459837,34
53,0,100,34,66,0,0,0,1.0,1,1.0,1,1.0,1,0.027368858439991307,35
54,0,100,34,66,0,0,0,1.0,1,1.0,1,1.0,1,0.06327775401374605,36
55,1,101,35,66,0,0,0,1.0,1,1.0,1,1.0,1,0.0657552738014415,36
56,7,108,39,69,0,0,0,1.0,1,1.0,1,1.0,1,0.1054798932223882,36
57,2,110,39,71,0,0,0,1.0,1,1.0,1,1.0,1,0.07058840980665794,37
58,2,112,41,71,0,0,0,1.0,1,1.0,1,1.0,1,0.10954318003774062,38
59,2,114,42,72,0,0,0,1.0,1,1.0,1,1.0,1,0.13547188439082158,37
60,0,114,42,72,0,0,0,1.0,1,1.0,1,1.0,1,0.11940317338354409,38
61,3,117,45,72,0,0,0,1.0,1,1.0,1,1.0,1,0.15337640969426536,37
62,5,122,47,75,0,0,0,1.0,1,1.0,1,1.0,1,0.09249458312748159,39
63,1,123,47,76,0,0,0,1.0,1,1.0,1,1.0,1,0.0800699668455324,39
64,2,125,49,76,0,0,0,1.0,1,1.0,1,1.0,1,0.13617068915977287,38
65,0,125,49,76,0,0,0,1.0,1,1.0,1,1.0,1,0.11058780738903017,39
66,0,125,49,76,0,0,0,1.0,1,1.0,1,1.0,1,0.10960182943171896,39
67,1,126,50,76,0,0,0,1.0,1,1.0,1,1.0,1,0.12978034814080858,36
68,3,129,52,77,0,0,0,1.0,1,1.0,1,1.0,1,0.0942274800070983,36
69,2,131,53,78,0,0,0,1.0,1,1.0,1,1.0,1,0.09622638611922422,37
70,1,132,53,79,0,0,0,1.0,1,1.0,1,1.0,1,0.06471341667974723,36
71,1,133,53,80,0,0,0,1.0,1,1.0,1,1.0,1,0.019668948359274244,38
72,0,133,53,80,0,0,0,1.0,1,1.0,1,1.0,1,0.019668948359274244,38
73,0,133,53,80,0,0,0,1.0,1,1.0,1,1.0,1,0.019907317715541592,37
74,1,134,54,80,0,0,0,1.0,1,1.0,1,1.0,1,0.04073408892766612,38
75,0,134,54,80,0,0,0,1.0,1,1.0,1,1.0,1,0.04073408892766612,38
76,1,135,55,80,0,0,0,1.0,1,1.0,1,1.0,1,0.08763507470555604,39
77,0,135,55,80,0,0,0,1.0,1,1.0,1,1.0,1,0.08105212035119984,40
78,0,135,55,80,0,0,0,1.0,1,1.0,1,1.0,1,0.057178495657147325,41
79,1,136,56,80,0,0,0,1.0,1,1.0,1,1.0,1,0.054435131279747445,41
80,0,136,56,80,0,0,0,1.0,1,1.0,1,1.0,1,0.054435131279747445,41
81,0,136,56,80,0,0,0,1.0,1,1.0,1,1.0,1,0.04966285253607725,41
82,0,136,56,80,0,0,0,1.0,1,1.0,1,1.0,1,0.054895252668248386,44
83,0,136,56,80,0,0,0,1.0,1,1.0,1,1.0,1,0.054895252668248386,44
84,2,138,57,81,0,0,0,1.0,1,1.0,1,1.0,1,0.0920037108726787,45
85,1,139,58,81,0,0,0,1.0,1,1.0,1,1.0,1,0.12152438994622547,45
86,0,139,58,81,0,0,0,1.0,1,1.0,1,1.0,1,0.12152438994622547,45
87,2,141,59,82,0,0,0,1.0,1,1.0,1,1.0,1,0.12654405970088048,44
88,0,141,59,82,0,0,0,1.0,1,1.0,1,1.0,1,0.12654405970088048,44
89,1,142,60,82,0,0,0,1.0,1,1.0,1,1.0,1,0.07805782420678054,43
90,0,142,60,82,0,0,0,1.0,1,1.0,1,1.0,1,0.09545040473407032,44
91,1,143,61,82,0,0,0,1.0,1,1.0,1,1.0,1,0.11816824577844023,44
92,0,143,61,82,0,0,0,1.0,1,1.0,1,1.0,1,0.1145992126179383,43
93,0,143,61,82,0,0,0,1.0,1,1.0,1,1.0,1,0.131742058479305,44
94,0,143,61,82,0,0,0,1.0,1,1.0,1,1.0,1,0.131742058479305,44
95,1,144,61,83,0,0,0,1.0,1,1.0,1,1.0,1,0.11880119342409938,43
96,0,144,61,83,0,0,0,1.0,1,1.0,1,1.0,1,0.12138879382261682,44
97,1,145,62,83,0,0,0,1.0,1,1.0,1,1.0,1,0.13713521660100328,44
98,2,147,64,83,0,0,0,1.0,1,1.0,1,1.0,1,0.2095837266470095,43
99,0,147,64,83,0,0,0,1.0,1,1.0,1,1.0,1,0.2095837266470095,43
100,3,150,66,84,0,0,0,1.0,1,1.0,1,1.0,1,0.22395208701088481,47
101,2,152,66,86,0,0,0,1.0,1,1.0,1,1.0,1,0.2066857904585979,47
102,1,153,67,86,0,0,0,1.0,1,1.0,1,1.0,1,0.22938290260928162,47
103,3,156,68,88,0,0,0,1.0,1,1.0,1,1.0,1,0.15018149315355028,46
104,3,159,70,89,0,0,0,1.0,1,1.0,1,1.0,1,0.10790901764613241,45
105,3,162,72,90,0,0,0,1.0,1,1.0,1,1.0,1,0.07649942536649726,44
106,4,166,74,92,0,0,0,1.0,1,1.0,1,1.0,1,0.0659988773495454,45
107,2,168,76,92,0,0,0,1.0,1,1.0,1,1.0,1,0.08460304632500555,44
108,4,172,77,95,0,0,0,1.0,1,1.0,1,1.0,1,0.056149190245549145,46
109,4,176,80,96,0,0,0,1.0,1,1.0,1,1.0,1,0.07987049152246155,46
110,1,177,81,96,0,0,0,1.0,1,1.0,1,1.0,1,0.06581080332623658,46
111,2,179,83,96,0,0,0,1.0,1,1.0,1,1.0,1,0.05742715307594609,46
112,5,184,86,98,0,0,0,1.0,1,1.0,1,1.0,1,0.03239864492089249,46
113,1,185,87,98,0,0,0,1.0,1,1.0,1,1.0,1,0.04106415167578342,46
114,0,185,87,98,0,0,0,1.0,1,1.0,1,1.0,1,0.04106415167578342,46
115,0,185,87,98,0,0,0,1.0,1,1.0,1,1.0,1,0.03461837035545223,47
116,0,185,87,98,0,0,0,1.0,1,1.0,1,1.0,1,0.03461837035545223,47
117,2,187,89,98,0,0,0,1.0,1,1.0,1,1.0,1,0.062056634908636055,45
118,0,187,89,98,0,0,0,1.0,1,1.0,1,1.0,1,0.06599938658506257,46
119,1,188,90,98,0,0,0,1.0,1,1.0,1,1.0,1,0.07943757229074856,46
120,2,190,92,98,0,0,0,1.0,1,1.0,1,1.0,1,0.09313259938817532,47
121,1,191,93,98,0,0,0,1.0,1,1.0,1,1.0,1,0.12671535205878265,46
122,1,192,93,99,0,0,0,1.0,1,1.0,1,1.0,1,0.11526781436261233,46
123,0,192,93,99,0,0,0,1.0,1,1.0,1,1.0,1,0.12450391985394116,45
124,1,193,94,99,0,0,0,1.0,1,1.0,1,1.0,1,0.139124143188542,46
125,2,195,94,101,0,0,0,1.0,1,1.0,1,1.0,1,0.11155296386923433,44
126,0,195,94,101,0,0,0,1.0,1,1.0,1,1.0,1,0.11372019857696498,45
127,1,196,94,102,0,0,0,1.0,1,1.0,1,1.0,1,0.1057212900357683,45
128,0,196,94,102,0,0,0,1.0,1,1.0,1,1.0,1,0.09309108528048543,46
129,2,198,95,103,0,0,0,1.0,1,1.0,1,1.0,1,0.08860984925307538,48
130,0,198,95,103,0,0,0,1.0,1,1.0,1,1.0,1,0.08860984925307538,48
131,1,199,96,103,0,0,0,1.0,1,1.0,1,1.0,1,0.07368528591824383,49
132,1,200,97,103,0,0,0,1.0,1,1.0,1,1.0,1,0.0818176260720365,51
133,2,202,99,103,0,0,0,1.0,1,1.0,1,1.0,1,0.12976283027867447,49
134,5,207,103,104,0,0,0,1.0,1,1.0,1,1.0,1,0.14668703298983551,49
135,0,207,103,104,0,0,0,1.0,1,1.0,1,1.0,1,0.12770455152058124,49
136,6,213,107,106,0,0,0,1.0,1,1.0,1,1.0,1,0.10880979746371461,48
137,3,216,107,109,0,0,0,1.0,1,1.0,1,1.0,1,0.05533176658175093,47
138,4,220,111,109,0,0,0,1.0,1,1.0,1,1.0,1,0.08452260922638136,48
139,2,222,113,109,0,0,0,1.0,1,1.0,1,1.0,1,0.1512664888634049,48
140,3,225,115,110,0,0,0,1.0,1,1.0,1,1.0,1,0.1341493440402851,49
141,3,228,115,113,0,0,0,1.0,1,1.0,1,1.0,1,0.06434420634880644,49
142,1,229,116,113,0,0,0,1.0,1,1.0,1,1.0,1,0.038570856958975025,49
143,0,229,116,113,0,0,0,1.0,1,1.0,1,1.0,1,0.045377113626013155,47
144,2,231,118,113,0,0,0,1.0,1,1.0,1,1.0,1,0.0425355122074258,46
145,1,232,119,113,0,0,0,1.0,1,1.0,1,1.0,1,0.08831921603475883,44
146,1,233,120,113,0,0,0,1.0,1,1.0,1,1.0,1,0.10314674492939806,44
147,0,233,120,113,0,0,0,1.0,1,1.0,1,1.0,1,0.11978850155909494,43
148,0,233,120,113,0,0,0,1.0,1,1.0,1,1.0,1,0.1500807022980054,43
149,2,235,121,114,0,0,0,1.0,1,1.0,1,1.0,1,0.14649873659126145,43
150,2,237,122,115,0,0,0,1.0,1,1.0,1,1.0,1,0.14642240975844473,42
151,1,238,123,115,0,0,0,1.0,1,1.0,1,1.0,1,0.16539243810869064,42
152,3,241,124,117,0,0,0,1.0,1,1.0,1,1.0,1,0.13325831968139976,42
153,1,242,124,118,0,0,0,1.0,1,1.0,1,1.0,1,0.09191381751389557,42
154,1,243,124,119,0,0,0,1.0,1,1.0,1,1.0,1,0.08575827701421575,43
155,0,243,124,119,0,0,0,1.0,1,1.0,1,1.0,1,0.05346770987147518,43
156,0,243,124,119,0,0,0,1.0,1,1.0,1,1.0,1,0.07404009553992799,42
157,0,243,124,119,0,0,0,1.0,1,1.0,1,1.0,1,0.09762976879556454,41
158,0,243,124,119,0,0,0,1.0,1,1.0,1,1.0,1,0.0906395149471791,42
159,0,243,124,119,0,0,0,1.0,1,1.0,1,1.0,1,0.09395108308273709,43
160,6,249,127,122,0,0,0,1.0,1,1.0,1,1.0,1,0.1724970906896582,44
161,3,252,128,124,0,0,0,1.0,1,1.0,1,1.0,1,0.19531614567860817,44
162,1,253,129,124,0,0,0,1.0,1,1.0,1,1.0,1,0.21923769958063882,45
163,2,255,131,124,0,0,0,1.0,1,1.0,1,1.0,1,0.25159329760948423,43
164,0,255,131,124,0,0,0,1.0,1,1.0,1,1.0,1,0.2516310013488051,42
165,5,260,134,126,0,0,0,1.0,1,1.0,1,1.0,1,0.21748876942524914,42
166,2,262,135,127,0,0,0,1.0,1,1.0,1,1.0,1,0.19398984313171533,42
167,3,265,137,128,0,0,0,1.0,1,1.0,1,1.0,1,0.1516185537176025,41
168,1,266,138,128,0,0,0,1.0,1,1.0,1,1.0,1,0.13252640144177336,40
169,3,269,140,129,0,0,0,1.0,1,1.0,1,1.0,1,0.07038920001991715,40
170,0,269,140,129,0,0,0,1.0,1,1.0,1,1.0,1,0.057866766927706405,38
171,2,271,142,129,0,0,0,1.0,1,1.0,1,1.0,1,0.07801133970449409,37
172,4,275,146,129,0,0,0,1.0,1,1.0,1,1.0,1,0.1420487020349004,35
173,3,278,147,131,0,0,0,1.0,1,1.0,1,1.0,1,0.05085723617147949,36
174,2,280,149,131,0,0,0,1.0,1,1.0,1,1.0,1,0.08455871834952329,34
175,0,280,149,131,0,0,0,1.0,1,1.0,1,1.0,1,0.05928183788446898,33
176,1,281,150,131,0,0,0,1.0,1,1.0,1,1.0,1,0.06310984430913925,34
177,0,281,150,131,0,0,0,1.0,1,1.0,1,1.0,1,0.055058537334100384,36
178,2,283,151,132,0,0,0,1.0,1,1.0,1,1.0,1,0.048060705493141544,37
179,1,284,152,132,0,0,0,1.0,1,1.0,1,1.0,1,0.06464016141094771,37
180,0,284,152,132,0,0,0,1.0,1,1.0,1,1.0,1,0.07675757878232731,36
181,1,285,153,132,0,0,0,1.0,1,1.0,1,1.0,1,0.0667917171566158,36
182,0,285,153,132,0,0,0,1.0,1,1.0,1,1.0,1,0.06691825870041347,38
183,1,286,154,132,0,0,0,1.0,1,1.0,1,1.0,1,0.07161085556876551,37
184,0,286,154,132,0,0,0,1.0,1,1.0,1,1.0,1,0.08449424592407717,36
185,1,287,155,132,0,0,0,1.0,1,1.0,1,1.0,1,0.11419468176096932,35
186,1,288,155,133,0,0,0,1.0,1,1.0,1,1.0,1,0.09959375182149635,34
187,2,290,157,133,0,0,0,1.0,1,1.0,1,1.0,1,0.13537511854333792,33
188,1,291,158,133,0,0,0,1.0,1,1.0,1,1.0,1,0.16017878581815967,33
189,3,294,160,134,0,0,0,1.0,1,1.0,1,1.0,1,0.1160237270908389,33
190,0,294,160,134,0,0,0,1.0,1,1.0,1,1.0,1,0.1418344407275984,32
191,4,298,162,136,0,0,0,1.0,1,1.0,1,1.0,1,0.11419521232069517,34
192,0,298,162,136,0,0,0,1.0,1,1.0,1,1.0,1,0.11419521232069517,34
193,1,299,162,137,0,0,0,1.0,1,1.0,1,1.0,1,0.09130813882614806,35
194,1,300,162,138,0,0,0,1.0,1,1.0,1,1.0,1,0.0944651971298137,37
195,0,300,162,138,0,0,0,1.0,1,1.0,1,1.0,1,0.11427818879975125,36
196,0,300,162,138,0,0,0,1.0,1,1.0,1,1.0,1,0.11427818879975125,36
197,1,301,162,139,0,0,0,1.0,1,1.0,1,1.0,1,0.0863858974285312,37
198,3,304,165,139,0,0,0,1.0,1,1.0,1,1.0,1,0.12372222481591569,37
199,0,304,165,139,0,0,0,1.0,1,1.0,1,1.0,1,0.12372222481591569,37
200,2,306,167,139,0,0,0,1.0,1,1.0,1,1.0,1,0.14662311642886672,37
201,3,309,168,141,0,0,0,1.0,1,1.0,1,1.0,1,0.08227169167898443,36
202,0,309,168,141,0,0,0,1.0,1,1.0,1,1.0,1,0.051356040304816844,36
203,3,312,171,141,0,0,0,1.0,1,1.0,1,1.0,1,0.10373884581476071,35
204,0,312,171,141,0,0,0,1.0,1,1.0,1,1.0,1,0.10300072898827935,35
205,4,316,174,142,0,0,0,1.0,1,1.0,1,1.0,1,0.07481576355862951,35
206,1,317,175,142,0,0,0,1.0,1,1.0,1,1.0,1,0.05746233172419868,34
207,0,317,175,142,0,0,0,1.0,1,1.0,1,1.0,1,0.06069055381826816,34
208,2,319,176,143,0,0,0,1.0,1,1.0,1,1.0,1,0.10618730082291114,33
209,0,319,176,143,0,0,0,1.0,1,1.0,1,1.0,1,0.14810947057672566,33
210,1,320,177,143,0,0,0,1.0,1,1.0,1,1.0,1,0.15059587478659772,34
211,1,321,178,143,0,0,0,1.0,1,1.0,1,1.0,1,0.2043485511047631,33
212,0,321,178,143,0,0,0,1.0,1,1.0,1,1.0,1,0.2043485511047631,33
213,3,324,179,145,0,0,0,1.0,1,1.0,1,1.0,1,0.10651433331190002,35
214,2,326,181,145,0,0,0,1.0,1,1.0,1,1.0,1,0.13068240106137646,34
215,1,327,182,145,0,0,0,1.0,1,1.0,1,1.0,1,0.16168260668093926,35
216,1,328,183,145,0,0,0,1.0,1,1.0,1,1.0,1,0.16685503613576022,36
217,3,331,184,147,0,0,0,1.0,1,1.0,1,1.0,1,0.11068822641027691,36
218,1,332,185,147,0,0,0,1.0,1,1.0,1,1.0,1,0.15860235457897548,36
219,0,332,185,147,0,0,0,1.0,1,1.0,1,1.0,1,0.1385883610895487,37
220,2,334,186,148,0,0,0,1.0,1,1.0,1,1.0,1,0.11400390932144452,38
221,1,335,186,149,0,0,0,1.0,1,1.0,1,1.0,1,0.1090228826610775,37
222,2,337,188,149,0,0,0,1.0,1,1.0,1,1.0,1,0.08823418824767128,38
223,0,337,188,149,0,0,0,1.0,1,1.0,1,1.0,1,0.08823418824767128,38
224,2,339,189,150,0,0,0,1.0,1,1.0,1,1.0,1,0.12955297613291772,38
225,2,341,190,151,0,0,0,1.0,1,1.0,1,1.0,1,0.1357553544132317,36
226,1,342,191,151,0,0,0,1.0,1,1.0,1,1.0,1,0.13763574889143604,37
227,3,345,194,151,0,0,0,1.0,1,1.0,1,1.0,1,0.17416111416627245,35
228,2,347,196,151,0,0,0,1.0,1,1.0,1,1.0,1,0.13432225536229436,35
229,5,352,199,153,0,0,0,1.0,1,1.0,1,1.0,1,0.10938898246515666,35
230,0,352,199,153,0,0,0,1.0,1,1.0,1,1.0,1,0.10938898246515666,35
231,2,354,201,153,0,0,0,1.0,1,1.0,1,1.0,1,0.13519140798125548,35
232,3,357,203,154,0,0,0,1.0,1,1.0,1,1.0,1,0.09823678528283938,36
233,1,358,204,154,0,0,0,1.0,1,1.0,1,1.0,1,0.06988447085359077,36
234,0,358,204,154,0,0,0,1.0,1,1.0,1,1.0,1,0.08443867029923358,34
235,2,360,206,154,0,0,0,1.0,1,1.0,1,1.0,1,0.08812061425079033,33
236,1,361,207,154,0,0,0,1.0,1,1.0,1,1.0,1,0.09491482844847864,31
237,1,362,207,155,0,0,0,1.0,1,1.0,1,1.0,1,0.06690388268793294,32
238,1,363,208,155,0,0,0,1.0,1,1.0,1,1.0,1,0.08921128687281124,31
239,1,364,209,155,0,0,0,1.0,1,1.0,1,1.0,1,0.12603136002589002,30
240,1,365,210,155,0,0,0,1.0,1,1.0,1,1.0,1,0.1642782165888526,27
241,5,370,214,156,0,0,0,1.0,1,1.0,1,1.0,1,0.16621293177021706,27
242,0,370,214,156,0,0,0,1.0,1,1.0,1,1.0,1,0.1382176970054841,28
243,1,371,215,156,0,0,0,1.0,1,1.0,1,1.0,1,0.14770806188887536,28
244,1,372,216,156,0,0,0,1.0,1,1.0,1,1.0,1,0.13120525922155177,27
245,1,373,216,157,0,0,0,1.0,1,1.0,1,1.0,1,0.10293555756140205,27
246,1,374,217,157,0,0,0,1.0,1,1.0,1,1.0,1,0.11203090377221656,25
247,0,374,217,157,0,0,0,1.0,1,1.0,1,1.0,1,0.07903903572917664,24
248,0,374,217,157,0,0,0,1.0,1,1.0,1,1.0,1,0.08092737122547251,24
249,1,375,217,158,0,0,0,1.0,1,1.0,1,1.0,1,0.08030529680349593,25
250,0,375,217,158,0,0,0,1.0,1,1.0,1,1.0,1,0.06164808103898265,27
251,0,375,217,158,0,0,0,1.0,1,1.0,1,1.0,1,0.06164808103898265,27
252,2,377,219,158,0,0,0,1.0,1,1.0,1,1.0,1,0.07055833395349763,27
253,1,378,220,158,0,0,0,1.0,1,1.0,1,1.0,1,0.1352509063840013,29
254,5,383,223,160,0,0,0,1.0,1,1.0,1,1.0,1,0.10724719452338706,30
255,1,384,224,160,0,0,0,1.0,1,1.0,1,1.0,1,0.14499884738714486,31
256,2,386,226,160,0,0,0,1.0,1,1.0,1,1.0,1,0.12917966996561325,31
257,3,389,227,162,0,0,0,1.0,1,1.0,1,1.0,1,0.09359452836833079,33
258,1,390,228,162,0,0,0,1.0,1,1.0,1,1.0,1,0.08611931770373475,33
259,0,390,228,162,0,0,0,1.0,1,1.0,1,1.0,1,0.08611931770373475,33
260,1,391,229,162,0,0,0,1.0,1,1.0,1,1.0,1,0.11247852520964895,35
261,3,394,229,165,0,0,0,1.0,1,1.0,1,1.0,1,0.0499287552864924,35
262,0,394,229,165,0,0,0,1.0,1,1.0,1,1.0,1,0.0499287552864924,35
263,0,394,229,165,0,0,0,1.0,1,1.0,1,1.0,1,0.07958182514034001,34
264,0,394,229,165,0,0,0,1.0,1,1.0,1,1.0,1,0.10071752367791485,32
265,2,396,231,165,0,0,0,1.0,1,1.0,1,1.0,1,0.12002769741410382,30
266,2,398,232,166,0,0,0,1.0,1,1.0,1,1.0,1,0.09806423797660122,31
267,0,398,232,166,0,0,0,1.0,1,1.0,1,1.0,1,0.09463327949083984,30
268,1,399,233,166,0,0,0,1.0,1,1.0,1,1.0,1,0.11195696053631711,31
269,2,401,234,167,0,0,0,1.0,1,1.0,1,1.0,1,0.13075627197209871,31
270,2,403,235,168,0,0,0,1.0,1,1.0,1,1.0,1,0.175328716415659,32
271,0,403,235,168,0,0,0,1.0,1,1.0,1,1.0,1,0.19810759526706964,31
272,2,405,236,169,0,0,0,1.0,1,1.0,1,1.0,1,0.2710680212408894,32
273,3,408,236,172,0,0,0,1.0,1,1.0,1,1.0,1,0.21935637810985031,32
274,0,408,236,172,0,0,0,1.0,1,1.0,1,1.0,1,0.21935637810985031,32
275,2,410,237,173,0,0,0,1.0,1,1.0,1,1.0,1,0.16647224870616922,33
276,1,411,238,173,0,0,0,1.0,1,1.0,1,1.0,1,0.19019162492338784,34
277,2,413,239,174,0,0,0,1.0,1,1.0,1,1.0,1,0.10200617047141226,32
278,0,413,239,174,0,0,0,1.0,1,1.0,1,1.0,1,0.0723543319741342,31
279,0,413,239,174,0,0,0,1.0,1,1.0,1,1.0,1,0.043184878621508334,31
280,0,413,239,174,0,0,0,1.0,1,1.0,1,1.0,1,0.0407143682080801,30
281,0,413,239,174,0,0,0,1.0,1,1.0,1,1.0,1,0.012764055911040975,31
282,0,413,239,174,0,0,0,1.0,1,1.0,1,1.0,1,0.06248105073254423,30
283,1,414,240,174,0,0,0,1.0,1,1.0,1,1.0,1,0.06273795006550036,31
284,1,415,241,174,0,0,0,1.0,1,1.0,1,1.0,1,0.07452472814463262,31
285,2,417,243,174,0,0,0,1.0,1,1.0,1,1.0,1,0.1535933529331547,31
286,0,417,243,174,0,0,0,1.0,1,1.0,1,1.0,1,0.1535933529331547,31
287,1,418,244,174,0,0,0,1.0,1,1.0,1,1.0,1,0.2224008337455282,33
288,0,418,244,174,0,0,0,1.0,1,1.0,1,1.0,1,0.1720925400758504,32
289,2,420,244,176,0,0,0,1.0,1,1.0,1,1.0,1,0.10288037325695067,32
290,0,420,244,176,0,0,0,1.0,1,1.0,1,1.0,1,0.08593937270705582,31
291,1,421,245,176,0,0,0,1.0,1,1.0,1,1.0,1,0.14878553266902844,30
292,2,423,246,177,0,0,0,1.0,1,1.0,1,1.0,1,0.13093804782710702,32
293,1,424,246,178,0,0,0,1.0,1,1.0,1,1.0,1,0.10805758673052805,32
294,0,424,246,178,0,0,0,1.0,1,1.0,1,1.0,1,0.10805758673052805,32
295,0,424,246,178,0,0,0,1.0,1,1.0,1,1.0,1,0.10671925655034187,34
296,0,424,246,178,0,0,0,1.0,1,1.0,1,1.0,1,0.10671925655034187,34
297,0,424,246,178,0,0,0,1.0,1,1.0,1,1.0,1,0.10671925655034187,34
298,2,426,247,179,0,0,0,1.0,1,1.0,1,1.0,1,0.07141199742764352,35
299,0,426,247,179,0,0,0,1.0,1,1.0,1,1.0,1,0.10671135831532269,35
300,2,428,249,179,0,0,0,1.0,1,1.0,1,1.0,1,0.1462054383094719,35
301,4,432,250,182,0,0,0,1.0,1,1.0,1,1.0,1,0.0773028863097161,38
302,2,434,251,183,0,0,0,1.0,1,1.0,1,1.0,1,0.05149058107380435,38
303,1,435,252,183,0,0,0,1.0,1,1.0,1,1.0,1,0.0728748567922354,37
304,2,437,252,185,0,0,0,1.0,1,1.0,1,1.0,1,0.10673918459166824,37
305,3,440,253,187,0,0,0,1.0,1,1.0,1,1.0,1,0.12934263337918978,36
306,1,441,254,187,0,0,0,1.0,1,1.0,1,1.0,1,0.14386931863373986,36
307,0,441,254,187,0,0,0,1.0,1,1.0,1,1.0,1,0.15392678660954012,35
308,0,441,254,187,0,0,0,1.0,1,1.0,1,1.0,1,0.14380573953480819,37
309,1,442,254,188,0,0,0,1.0,1,1.0,1,1.0,1,0.13098269012214991,37
310,0,442,254,188,0,0,0,1.0,1,1.0,1,1.0,1,0.13098269012214991,37
311,1,443,255,188,0,0,0,1.0,1,1.0,1,1.0,1,0.09252976801476431,39
312,2,445,255,190,0,0,0,1.0,1,1.0,1,1.0,1,0.05846123752955679,40
313,0,445,255,190,0,0,0,1.0,1,1.0,1,1.0,1,0.05595096177587137,39
314,2,447,257,190,0,0,0,1.0,1,1.0,1,1.0,1,0.0864477625074724,40
315,1,448,258,190,0,0,0,1.0,1,1.0,1,1.0,1,0.09429512668651,39
316,0,448,258,190,0,0,0,1.0,1,1.0,1,1.0,1,0.09429512668651,39
317,2,450,258,192,0,0,0,1.0,1,1.0,1,1.0,1,0.02688682623608568,40
318,1,451,259,192,0,0,0,1.0,1,1.0,1,1.0,1,0.07377689845213772,41
319,1,452,260,192,0,0,0,1.0,1,1.0,1,1.0,1,0.034072343071700886,41
320,0,452,260,192,0,0,0,1.0,1,1.0,1,1.0,1,0.03402774844506852,41
321,1,453,261,192,0,0,0,1.0,1,1.0,1,1.0,1,0.051933830728016175,41
322,2,455,263,192,0,0,0,1.0,1,1.0,1,1.0,1,0.05520742023513512,41
323,0,455,263,192,0,0,0,1.0,1,1.0,1,1.0,1,0.05520742023513512,41
324,2,457,265,192,0,0,0,1.0,1,1.0,1,1.0,1,0.11329289533675818,42
325,3,460,266,194,0,0,0,1.0,1,1.0,1,1.0,1,0.10854032810438198,42
326,1,461,267,194,0,0,0,1.0,1,1.0,1,1.0,1,0.15207407962464947,42
327,1,462,267,195,0,0,0,1.0,1,1.0,1,1.0,1,0.1380629558241673,42
328,0,462,267,195,0,0,0,1.0,1,1.0,1,1.0,1,0.13884483131413827,43
329,2,464,267,197,0,0,0,1.0,1,1.0,1,1.0,1,0.11851526091721341,43
330,0,464,267,197,0,0,0,1.0,1,1.0,1,1.0,1,0.1150591081183696,45
331,0,464,267,197,0,0,0,1.0,1,1.0,1,1.0,1,0.1150591081183696,45
332,0,464,267,197,0,0,0,1.0,1,1.0,1,1.0,1,0.09375857366301928,45
333,0,464,267,197,0,0,0,1.0,1,1.0,1,1.0,1,0.09612784401174777,46
334,1,465,268,197,0,0,0,1.0,1,1.0,1,1.0,1,0.07511903529930855,48
335,2,467,269,198,0,0,0,1.0,1,1.0,1,1.0,1,0.07593418384863668,48
336,2,469,270,199,0,0,0,1.0,1,1.0,1,1.0,1,0.09188793369842903,48
337,1,470,270,200,0,0,0,1.0,1,1.0,1,1.0,1,0.09074395204799124,49
338,1,471,270,201,0,0,0,1.0,1,1.0,1,1.0,1,0.07046595030419882,50
339,1,472,271,201,0,0,0,1.0,1,1.0,1,1.0,1,0.10178712652225234,50
340,0,472,271,201,0,0,0,1.0,1,1.0,1,1.0,1,0.10178712652225234,50
341,0,472,271,201,0,0,0,1.0,1,1.0,1,1.0,1,0.11387046847282581,51
342,0,472,271,201,0,0,0,1.0,1,1.0,1,1.0,1,0.11387046847282581,51
343,1,473,272,201,0,0,0,1.0,1,1.0,1,1.0,1,0.0905688694958307,51
344,1,474,272,202,0,0,0,1.0,1,1.0,1,1.0,1,0.061422350604747405,50
345,0,474,272,202,0,0,0,1.0,1,1.0,1,1.0,1,0.07543481318027771,51
346,1,475,273,202,0,0,0,1.0,1,1.0,1,1.0,1,0.09144097602392891,51
347,5,480,278,202,0,0,0,1.0,1,1.0,1,1.0,1,0.1241754869066356,51
348,2,482,279,203,0,0,0,1.0,1,1.0,1,1.0,1,0.07593793241231499,53
349,2,484,280,204,0,0,0,1.0,1,1.0,1,1.0,1,0.08306475857246269,55
350,0,484,280,204,0,0,0,1.0,1,1.0,1,1.0,1,0.10243452260624562,54
351,2,486,282,204,0,0,0,1.0,1,1.0,1,1.0,1,0.09097391493014997,54
352,1,487,283,204,0,0,0,1.0,1,1.0,1,1.0,1,0.12443367282225778,53
353,4,491,286,205,0,0,0,1.0,1,1.0,1,1.0,1,0.09537796202574904,53
354,1,492,287,205,0,0,0,1.0,1,1.0,1,1.0,1,0.11701939502631623,50
355,1,493,288,205,0,0,0,1.0,1,1.0,1,1.0,1,0.1250162124115008,51
356,1,494,289,205,0,0,0,1.0,1,1.0,1,1.0,1,0.12235611273679775,51
357,5,499,292,207,0,0,0,1.0,1,1.0,1,1.0,1,0.12110306382637905,50
358,3,502,294,208,0,0,0,1.0,1,1.0,1,1.0,1,0.12702352667443875,48
359,1,503,295,208,0,0,0,1.0,1,1.0,1,1.0,1,0.14253392926921596,47
360,0,503,295,208,0,0,0,1.0,1,1.0,1,1.0,1,0.13720137060950496,45
361,1,504,295,209,0,0,0,1.0,1,1.0,1,1.0,1,0.1284817419765463,44
362,2,506,296,210,0,0,0,1.0,1,1.0,1,1.0,1,0.12488364792283813,44
363,3,509,299,210,0,0,0,1.0,1,1.0,1,1.0,1,0.13876816569657816,44
364,1,510,299,211,0,0,0,1.0,1,1.0,1,1.0,1,0.13470606278168099,43
365,6,516,302,214,0,0,0,1.0,1,1.0,1,1.0,1,0.09267378582780261,43
366,1,517,303,214,0,0,0,1.0,1,1.0,1,1.0,1,0.05633319798987513,45
367,1,518,304,214,0,0,0,1.0,1,1.0,1,1.0,1,0.12505144270137894,44
368,0,518,304,214,0,0,0,1.0,1,1.0,1,1.0,1,0.10379882196487361,46
369,2,520,305,215,0,0,0,1.0,1,1.0,1,1.0,1,0.11013636185350507,45
370,1,521,305,216,0,0,0,1.0,1,1.0,1,1.0,1,0.096240661812404,46
371,1,522,305,217,0,0,0,1.0,1,1.0,1,1.0,1,0.10177747523184406,47
372,1,523,305,218,0,0,0,1.0,1,1.0,1,1.0,1,0.0851029762060246,48
373,0,523,305,218,0,0,0,1.0,1,1.0,1,1.0,1,0.0851029762060246,48
374,2,525,306,219,0,0,0,1.0,1,1.0,1,1.0,1,0.07667050961400765,49
375,0,525,306,219,0,0,0,1.0,1,1.0,1,1.0,1,0.07667050961400765,49
376,2,527,308,219,0,0,0,1.0,1,1.0,1,1.0,1,0.09885214014632959,49
377,5,532,312,220,0,0,0,1.0,1,1.0,1,1.0,1,0.11049188255186533,49
378,2,534,313,221,0,0,0,1.0,1,1.0,1,1.0,1,0.08487801355461512,49
379,1,535,313,222,0,0,0,1.0,1,1.0,1,1.0,1,0.0766520087176179,50
380,1,536,314,222,0,0,0,1.0,1,1.0,1,1.0,1,0.09324507388457878,50
381,4,540,316,224,0,0,0,1.0,1,1.0,1,1.0,1,0.054762744533381785,51
382,1,541,317,224,0,0,0,1.0,1,1.0,1,1.0,1,0.05980201211276534,50
383,1,542,317,225,0,0,0,1.0,1,1.0,1,1.0,1,0.06376675581041678,51
384,1,543,318,225,0,0,0,1.0,1,1.0,1,1.0,1,0.07189095199876382,50
385,1,544,318,226,0,0,0,1.0,1,1.0,1,1.0,1,0.06952179479252489,50
386,0,544,318,226,0,0,0,1.0,1,1.0,1,1.0,1,0.06984382171878156,48
387,1,545,318,227,0,0,0,1.0,1,1.0,1,1.0,1,0.06798478042683323,47
388,0,545,318,227,0,0,0,1.0,1,1.0,1,1.0,1,0.08406928017753958,48
389,4,549,319,230,0,0,0,1.0,1,1.0,1,1.0,1,0.0353568366198412,47
390,1,550,320,230,0,0,0,1.0,1,1.0,1,1.0,1,0.08449226507674491,49
391,2,552,322,230,0,0,0,1.0,1,1.0,1,1.0,1,0.08071895538048085,46
392,0,552,322,230,0,0,0,1.0,1,1.0,1,1.0,1,0.11053968486035479,46
393,4,556,326,230,0,0,0,1.0,1,1.0,1,1.0,1,0.1680318102908104,44
394,2,558,326,232,0,0,0,1.0,1,1.0,1,1.0,1,0.14935259830667147,43
395,1,559,326,233,0,0,0,1.0,1,1.0,1,1.0,1,0.14463103729146806,42
396,1,560,327,233,0,0,0,1.0,1,1.0,1,1.0,1,0.19193310067105582,39
397,3,563,328,235,0,0,0,1.0,1,1.0,1,1.0,1,0.2233785938887358,39
398,1,564,328,236,0,0,0,1.0,1,1.0,1,1.0,1,0.20838911208550717,36
399,1,565,328,237,0,0,0,1.0,1,1.0,1,1.0,1,0.1858289446005088,36
400,1,566,329,237,0,0,0,1.0,1,1.0,1,1.0,1,0.19445660056093303,34
401,1,567,330,237,0,0,0,1.0,1,1.0,1,1.0,1,0.16237361365611241,33
402,0,567,330,237,0,0,0,1.0,1,1.0,1,1.0,1,0.13535423308125458,34
403,0,567,330,237,0,0,0,1.0,1,1.0,1,1.0,1,0.14462905479727794,36
404,0,567,330,237,0,0,0,1.0,1,1.0,1,1.0,1,0.14462905479727794,36
405,0,567,330,237,0,0,0,1.0,1,1.0,1,1.0,1,0.13027583310898888,37
406,0,567,330,237,0,0,0,1.0,1,1.0,1,1.0,1,0.13027583310898888,37
407,4,571,333,238,0,0,0,1.0,1,1.0,1,1.0,1,0.10561283642345193,39
408,3,574,336,238,0,0,0,1.0,1,1.0,1,1.0,1,0.15481877890309592,40
409,3,577,338,239,0,0,0,1.0,1,1.0,1,1.0,1,0.18343445773912415,41
410,3,580,340,240,0,0,0,1.0,1,1.0,1,1.0,1,0.18775753664492859,42
411,1,581,340,241,0,0,0,1.0,1,1.0,1,1.0,1,0.1918302783521917,43
412,2,583,341,242,0,0,0,1.0,1,1.0,1,1.0,1,0.18587212408737358,44
413,2,585,342,243,0,0,0,1.0,1,1.0,1,1.0,1,0.19187690592067844,44
414,1,586,342,244,0,0,0,1.0,1,1.0,1,1.0,1,0.1656220214016584,45
415,0,586,342,244,0,0,0,1.0,1,1.0,1,1.0,1,0.1656220214016584,45
416,1,587,342,245,0,0,0,1.0,1,1.0,1,1.0,1,0.136185514034759,46
417,1,588,343,245,0,0,0,1.0,1,1.0,1,1.0,1,0.15624148509460084,46
418,1,589,343,246,0,0,0,1.0,1,1.0,1,1.0,1,0.13582390421985363,47
419,0,589,343,246,0,0,0,1.0,1,1.0,1,1.0,1,0.13582390421985363,47
420,0,589,343,246,0,0,0,1.0,1,1.0,1,1.0,1,0.13582390421985363,47
421,0,589,343,246,0,0,0,1.0,1,1.0,1,1.0,1,0.13582390421985363,47
422,0,589,343,246,0,0,0,1.0,1,1.0,1,1.0,1,0.12857021146609576,49
423,0,589,343,246,0,0,0,1.0,1,1.0,1,1.0,1,0.14037846996970205,47
424,1,590,343,247,0,0,0,1.0,1,1.0,1,1.0,1,0.14029044231537915,45
425,3,593,345,248,0,0,0,1.0,1,1.0,1,1.0,1,0.11361258133580011,46
426,1,594,346,248,0,0,0,1.0,1,1.0,1,1.0,1,0.1400331266816003,46
427,4,598,348,250,0,0,0,1.0,1,1.0,1,1.0,1,0.11416680053125453,45
428,0,598,348,250,0,0,0,1.0,1,1.0,1,1.0,1,0.13486933665431985,45
429,1,599,349,250,0,0,0,1.0,1,1.0,1,1.0,1,0.10723840167865696,42
430,0,599,349,250,0,0,0,1.0,1,1.0,1,1.0,1,0.12435484824954751,40
431,2,601,351,250,0,0,0,1.0,1,1.0,1,1.0,1,0.1265911001425845,39
432,0,601,351,250,0,0,0,1.0,1,1.0,1,1.0,1,0.14747398526282093,37
433,5,606,354,252,0,0,0,1.0,1,1.0,1,1.0,1,0.09033566839817442,35
434,1,607,355,252,0,0,0,1.0,1,1.0,1,1.0,1,0.14459061561884415,33
435,1,608,355,253,0,0,0,1.0,1,1.0,1,1.0,1,0.10362913917059241,33
436,0,608,355,253,0,0,0,1.0,1,1.0,1,1.0,1,0.10362913917059241,33
437,3,611,357,254,0,0,0,1.0,1,1.0,1,1.0,1,0.05185940359875815,33
438,0,611,357,254,0,0,0,1.0,1,1.0,1,1.0,1,0.07752623538080287,32
439,4,615,361,254,0,0,0,1.0,1,1.0,1,1.0,1,0.06855300938237513,34
440,1,616,362,254,0,0,0,1.0,1,1.0,1,1.0,1,0.09164407554070987,34
441,2,618,363,255,0,0,0,1.0,1,1.0,1,1.0,1,0.10993962777475115,35
442,4,622,366,256,0,0,0,1.0,1,1.0,1,1.0,1,0.14533941053938054,37
443,5,627,369,258,0,0,0,1.0,1,1.0,1,1.0,1,0.15788005552075327,37
444,2,629,370,259,0,0,0,1.0,1,1.0,1,1.0,1,0.12196517035902484,38
445,1,630,370,260,0,0,0,1.0,1,1.0,1,1.0,1,0.07302073095392198,39
446,0,630,370,260,0,0,0,1.0,1,1.0,1,1.0,1,0.07302073095392198,39
447,0,630,370,260,0,0,0,1.0,1,1.0,1,1.0,1,0.06348611679303659,41
448,0,630,370,260,0,0,0,1.0,1,1.0,1,1.0,1,0.06348611679303659,41
449,0,630,370,260,0,0,0,1.0,1,1.0,1,1.0,1,0.08223408522641705,40
450,0,630,370,260,0,0,0,1.0,1,1.0,1,1.0,1,0.04786190755897426,40
451,0,630,370,260,0,0,0,1.0,1,1.0,1,1.0,1,0.08719797740611089,41
452,0,630,370,260,0,0,0,1.0,1,1.0,1,1.0,1,0.08719797740611089,41
453,2,632,372,260,0,0,0,1.0,1,1.0,1,1.0,1,0.1176180918915477,40
454,0,632,372,260,0,0,0,1.0,1,1.0,1,1.0,1,0.10870280236059546,41
455,3,635,375,260,0,0,0,1.0,1,1.0,1,1.0,1,0.10462596060588328,41
456,2,637,375,262,0,0,0,1.0,1,1.0,1,1.0,1,0.08330229765057413,43
457,2,639,376,263,0,0,0,1.0,1,1.0,1,1.0,1,0.0937298178857074,43
458,1,640,377,263,0,0,0,1.0,1,1.0,1,1.0,1,0.08001513747204023,43
459,0,640,377,263,0,0,0,1.0,1,1.0,1,1.0,1,0.060407953881139884,44
460,1,641,377,264,0,0,0,1.0,1,1.0,1,1.0,1,0.05593454274615602,47
461,1,642,378,264,0,0,0,1.0,1,1.0,1,1.0,1,0.06570540906167771,48
462,0,642,378,264,0,0,0,1.0,1,1.0,1,1.0,1,0.05995459494762732,49
463,0,642,378,264,0,0,0,1.0,1,1.0,1,1.0,1,0.0730680830205019,47
464,1,643,379,264,0,0,0,1.0,1,1.0,1,1.0,1,0.029863155140118978,48
465,3,646,382,264,0,0,0,1.0,1,1.0,1,1.0,1,0.06860217996331926,47
466,3,649,385,264,0,0,0,1.0,1,1.0,1,1.0,1,0.09984410682213041,46
467,4,653,388,265,0,0,0,1.0,1,1.0,1,1.0,1,0.07478457353581264,44
468,2,655,390,265,0,0,0,1.0,1,1.0,1,1.0,1,0.12737948401643961,41
469,6,661,394,267,0,0,0,1.0,1,1.0,1,1.0,1,0.06679967778303628,40
470,2,663,396,267,0,0,0,1.0,1,1.0,1,1.0,1,0.08776223259396436,39
471,2,665,398,267,0,0,0,1.0,1,1.0,1,1.0,1,0.07959939309810743,38
472,1,666,399,267,0,0,0,1.0,1,1.0,1,1.0,1,0.11526090103570674,36
473,2,668,400,268,0,0,0,1.0,1,1.0,1,1.0,1,0.06289231254618266,36
474,1,669,401,268,0,0,0,1.0,1,1.0,1,1.0,1,0.10042504840107347,34
475,1,670,402,268,0,0,0,1.0,1,1.0,1,1.0,1,0.12405063421644037,34
476,1,671,403,268,0,0,0,1.0,1,1.0,1,1.0,1,0.16797121794237535,32
477,1,672,403,269,0,0,0,1.0,1,1.0,1,1.0,1,0.15226495580322014,32
478,1,673,404,269,0,0,0,1.0,1,1.0,1,1.0,1,0.16147293002919852,30
479,0,673,404,269,0,0,0,1.0,1,1.0,1,1.0,1,0.1755140908659411,31
480,0,673,404,269,0,0,0,1.0,1,1.0,1,1.0,1,0.17087989923586905,27
481,1,674,405,269,0,0,0,1.0,1,1.0,1,1.0,1,0.1429843977504343,28
482,3,677,407,270,0,0,0,1.0,1,1.0,1,1.0,1,0.1243121287178331,28
483,2,679,409,270,0,0,0,1.0,1,1.0,1,1.0,1,0.09657178597733995,29
484,1,680,410,270,0,0,0,1.0,1,1.0,1,1.0,1,0.1314692293293967,29
485,2,682,410,272,0,0,0,1.0,1,1.0,1,1.0,1,0.05883419590006576,29
486,1,683,411,272,0,0,0,1.0,1,1.0,1,1.0,1,0.07061079404639974,31
487,0,683,411,272,0,0,0,1.0,1,1.0,1,1.0,1,0.10261726865022719,33
488,1,684,411,273,0,0,0,1.0,1,1.0,1,1.0,1,0.07970006477721191,34
489,3,687,413,274,0,0,0,1.0,1,1.0,1,1.0,1,0.13250903131659805,34
490,0,687,413,274,0,0,0,1.0,1,1.0,1,1.0,1,0.13250903131659805,34
491,1,688,414,274,0,0,0,1.0,1,1.0,1,1.0,1,0.09840985469765244,34
492,0,688,414,274,0,0,0,1.0,1,1.0,1,1.0,1,0.09840985469765244,34
493,3,691,417,274,0,0,0,1.0,1,1.0,1,1.0,1,0.09679027254826711,34
494,1,692,418,274,0,0,0,1.0,1,1.0,1,1.0,1,0.12474755827304193,36
495,0,692,418,274,0,0,0,1.0,1,1.0,1,1.0,1,0.12474755827304193,36
496,2,694,419,275,0,0,0,1.0,1,1.0,1,1.0,1,0.10991121842113355,37
497,0,694,419,275,0,0,0,1.0,1,1.0,1,1.0,1,0.09125771846650282,39
498,2,696,419,277,0,0,0,1.0,1,1.0,1,1.0,1,0.06832488397250783,40
499,1,697,420,277,0,0,0,1.0,1,1.0,1,1.0,1,0.08585911166467058,40
500,1,698,421,277,0,0,0,1.0,1,1.0,1,1.0,1,0.10294697749443743,42
501,3,701,423,278,0,0,0,1.0,1,1.0,1,1.0,1,0.08292760584989979,42
502,1,702,423,279,0,0,0,1.0,1,1.0,1,1.0,1,0.026622068210620537,42
503,3,705,425,280,0,0,0,1.0,1,1.0,1,1.0,1,0.07786638588010406,41
504,0,705,425,280,0,0,0,1.0,1,1.0,1,1.0,1,0.07961561209406366,42
505,2,707,427,280,0,0,0,1.0,1,1.0,1,1.0,1,0.1294833751890217,38
506,0,707,427,280,0,0,0,1.0,1,1.0,1,1.0,1,0.14625279159990712,37
507,2,709,428,281,0,0,0,1.0,1,1.0,1,1.0,1,0.14126327549497755,35
508,3,712,430,282,0,0,0,1.0,1,1.0,1,1.0,1,0.1626848584143446,35
509,5,717,432,285,0,0,0,1.0,1,1.0,1,1.0,1,0.12785910607966017,34
510,0,717,432,285,0,0,0,1.0,1,1.0,1,1.0,1,0.12384321896789074,34
511,0,717,432,285,0,0,0,1.0,1,1.0,1,1.0,1,0.09921861137980631,32
512,0,717,432,285,0,0,0,1.0,1,1.0,1,1.0,1,0.12512867121811416,30
513,0,717,432,285,0,0,0,1.0,1,1.0,1,1.0,1,0.11492877077763426,31
514,0,717,432,285,0,0,0,1.0,1,1.0,1,1.0,1,0.11492877077763426,31
515,1,718,432,286,0,0,0,1.0,1,1.0,1,1.0,1,0.08277539009428049,32
516,1,719,432,287,0,0,0,1.0,1,1.0,1,1.0,1,0.03583111602533681,31
517,1,720,433,287,0,0,0,1.0,1,1.0,1,1.0,1,0.037461799220071625,32
518,0,720,433,287,0,0,0,1.0,1,1.0,1,1.0,1,0.04892407146778003,31
519,2,722,435,287,0,0,0,1.0,1,1.0,1,1.0,1,0.08165449235214899,31
520,2,724,437,287,0,0,0,1.0,1,1.0,1,1.0,1,0.06915025906878136,33
521,1,725,438,287,0,0,0,1.0,1,1.0,1,1.0,1,0.06827913544493797,34
522,1,726,439,287,0,0,0,1.0,1,1.0,1,1.0,1,0.06388852567937606,34
523,0,726,439,287,0,0,0,1.0,1,1.0,1,1.0,1,0.06012154377879899,33
524,3,729,441,288,0,0,0,1.0,1,1.0,1,1.0,1,0.026727866600272793,34
525,0,729,441,288,0,0,0,1.0,1,1.0,1,1.0,1,0.024078611385584554,32
526,1,730,442,288,0,0,0,1.0,1,1.0,1,1.0,1,0.04776282590150351,32
527,0,730,442,288,0,0,0,1.0,1,1.0,1,1.0,1,0.04973412368201459,31
528,0,730,442,288,0,0,0,1.0,1,1.0,1,1.0,1,0.04973412368201459,31
529,0,730,442,288,0,0,0,1.0,1,1.0,1,1.0,1,0.07351790971287805,30
530,1,731,443,288,0,0,0,1.0,1,1.0,1,1.0,1,0.12297751951214606,30
531,1,732,444,288,0,0,0,1.0,1,1.0,1,1.0,1,0.13309202656429098,32
532,3,735,446,289,0,0,0,1.0,1,1.0,1,1.0,1,0.17614923026635984,32
533,4,739,449,290,0,0,0,1.0,1,1.0,1,1.0,1,0.16821526733236397,34
534,1,740,450,290,0,0,0,1.0,1,1.0,1,1.0,1,0.19176453664481485,34
535,3,743,451,292,0,0,0,1.0,1,1.0,1,1.0,1,0.20531647794764146,37
536,1,744,451,293,0,0,0,1.0,1,1.0,1,1.0,1,0.213809587435932,37
537,2,746,452,294,0,0,0,1.0,1,1.0,1,1.0,1,0.23614351567087188,37
538,0,746,452,294,0,0,0,1.0,1,1.0,1,1.0,1,0.22154254157703318,38
539,0,746,452,294,0,0,0,1.0,1,1.0,1,1.0,1,0.22154254157703318,38
540,2,748,453,295,0,0,0,1.0,1,1.0,1,1.0,1,0.19439645497905655,38
541,0,748,453,295,0,0,0,1.0,1,1.0,1,1.0,1,0.1781277180780422,39
542,3,751,456,295,0,0,0,1.0,1,1.0,1,1.0,1,0.20954579739603532,40
543,0,751,456,295,0,0,0,1.0,1,1.0,1,1.0,1,0.22112172378023864,37
544,0,751,456,295,0,0,0,1.0,1,1.0,1,1.0,1,0.2223359485539295,35
545,2,753,458,295,0,0,0,1.0,1,1.0,1,1.0,1,0.18362354909564862,35
546,1,754,459,295,0,0,0,1.0,1,1.0,1,1.0,1,0.17815119010292116,35
547,2,756,461,295,0,0,0,1.0,1,1.0,1,1.0,1,0.1967460847843238,34
548,1,757,462,295,0,0,0,1.0,1,1.0,1,1.0,1,0.23347049720763488,34
549,1,758,463,295,0,0,0,1.0,1,1.0,1,1.0,1,0.26759195463034485,31
550,0,758,463,295,0,0,0,1.0,1,1.0,1,1.0,1,0.25382558933785204,30
551,2,760,465,295,0,0,0,1.0,1,1.0,1,1.0,1,0.22801935165494414,31
552,0,760,465,295,0,0,0,1.0,1,1.0,1,1.0,1,0.191299982456349,29
553,1,761,465,296,0,0,0,1.0,1,1.0,1,1.0,1,0.14785234173123843,30
554,0,761,465,296,0,0,0,1.0,1,1.0,1,1.0,1,0.13338222223234134,30
555,2,763,465,298,0,0,0,1.0,1,1.0,1,1.0,1,0.06464924118061795,30
556,0,763,465,298,0,0,0,1.0,1,1.0,1,1.0,1,0.048988800085576385,31
557,1,764,466,298,0,0,0,1.0,1,1.0,1,1.0,1,0.10120704450489443,31
558,2,766,467,299,0,0,0,1.0,1,1.0,1,1.0,1,0.09421157761097314,31
559,1,767,468,299,0,0,0,1.0,1,1.0,1,1.0,1,0.06882022965799532,31
560,1,768,469,299,0,0,0,1.0,1,1.0,1,1.0,1,0.10475818733737144,32
561,2,770,471,299,0,0,0,1.0,1,1.0,1,1.0,1,0.17433972957408306,33
562,2,772,472,300,0,0,0,1.0,1,1.0,1,1.0,1,0.20186806780443503,33
563,4,776,474,302,0,0,0,1.0,1,1.0,1,1.0,1,0.2559450979888691,33
564,1,777,474,303,0,0,0,1.0,1,1.0,1,1.0,1,0.23736154060517525,34
565,2,779,475,304,0,0,0,1.0,1,1.0,1,1.0,1,0.1897596092168012,35
566,2,781,477,304,0,0,0,1.0,1,1.0,1,1.0,1,0.15009230580271316,36
567,1,782,477,305,0,0,0,1.0,1,1.0,1,1.0,1,0.10500962717454186,37
568,4,786,480,306,0,0,0,1.0,1,1.0,1,1.0,1,0.07711946066803332,36
569,2,788,482,306,0,0,0,1.0,1,1.0,1,1.0,1,0.04466916173541908,37
570,0,788,482,306,0,0,0,1.0,1,1.0,1,1.0,1,0.03463975172561123,38
571,2,790,484,306,0,0,0,1.0,1,1.0,1,1.0,1,0.08053064032873923,38
572,0,790,484,306,0,0,0,1.0,1,1.0,1,1.0,1,0.06481330559691481,39
573,0,790,484,306,0,0,0,1.0,1,1.0,1,1.0,1,0.06481330559691481,39
574,0,790,484,306,0,0,0,1.0,1,1.0,1,1.0,1,0.04056822778387634,41
575,0,790,484,306,0,0,0,1.0,1,1.0,1,1.0,1,0.04056822778387634,41
576,0,790,484,306,0,0,0,1.0,1,1.0,1,1.0,1,0.030541340748621252,42
577,0,790,484,306,0,0,0,1.0,1,1.0,1,1.0,1,0.030541340748621252,42
578,1,791,485,306,0,0,0,1.0,1,1.0,1,1.0,1,0.029383173212835897,41
579,0,791,485,306,0,0,0,1.0,1,1.0,1,1.0,1,0.021358018801503422,42
580,2,793,487,306,0,0,0,1.0,1,1.0,1,1.0,1,0.0701450399378241,43
581,2,795,489,306,0,0,0,1.0,1,1.0,1,1.0,1,0.08390008524846836,42
582,0,795,489,306,0,0,0,1.0,1,1.0,1,1.0,1,0.07849906898749624,41
583,4,799,493,306,0,0,0,1.0,1,1.0,1,1.0,1,0.08016956048959922,40
584,0,799,493,306,0,0,0,1.0,1,1.0,1,1.0,1,0.08204357229158948,38
585,5,804,497,307,0,0,0,1.0,1,1.0,1,1.0,1,0.15676552602722899,38
586,3,807,500,307,0,0,0,1.0,1,1.0,1,1.0,1,0.15319621492928037,37
587,2,809,502,307,0,0,0,1.0,1,1.0,1,1.0,1,0.17284836431223044,35
588,2,811,504,307,0,0,0,1.0,1,1.0,1,1.0,1,0.18175372757467484,35
589,5,816,504,312,0,0,0,1.0,1,1.0,1,1.0,1,0.05748611339687874,34
590,0,816,504,312,0,0,0,1.0,1,1.0,1,1.0,1,0.04802593624080981,36
591,1,817,505,312,0,0,0,1.0,1,1.0,1,1.0,1,0.03698914389227977,35
592,0,817,505,312,0,0,0,1.0,1,1.0,1,1.0,1,0.03945467616186205,37
593,0,817,505,312,0,0,0,1.0,1,1.0,1,1.0,1,0.01600377131875706,36
594,1,818,506,312,0,0,0,1.0,1,1.0,1,1.0,1,0.05098969530302824,35
595,2,820,508,312,0,0,0,1.0,1,1.0,1,1.0,1,0.13319677698644652,34
596,3,823,510,313,0,0,0,1.0,1,1.0,1,1.0,1,0.11900189027997084,34
597,3,826,512,314,0,0,0,1.0,1,1.0,1,1.0,1,0.13763279611018178,33
598,1,827,512,315,0,0,0,1.0,1,1.0,1,1.0,1,0.1710694822311589,33
599,2,829,514,315,0,0,0,1.0,1,1.0,1,1.0,1,0.19765495858980875,33
600,1,830,515,315,0,0,0,1.0,1,1.0,1,1.0,1,0.20885679243403218,33
601,1,831,515,316,0,0,0,1.0,1,1.0,1,1.0,1,0.1645121915507096,34
602,1,832,515,317,0,0,0,1.0,1,1.0,1,1.0,1,0.1754972452827586,35
603,3,835,515,320,0,0,0,1.0,1,1.0,1,1.0,1,0.13182858071828943,35
604,0,835,515,320,0,0,0,1.0,1,1.0,1,1.0,1,0.10723497327245474,35
605,2,837,515,322,0,0,0,1.0,1,1.0,1,1.0,1,0.08295408490975324,35
606,0,837,515,322,0,0,0,1.0,1,1.0,1,1.0,1,0.0611350494171784,35
607,0,837,515,322,0,0,0,1.0,1,1.0,1,1.0,1,0.0611350494171784,35
608,1,838,515,323,0,0,0,1.0,1,1.0,1,1.0,1,0.05418362889291473,36
609,0,838,515,323,0,0,0,1.0,1,1.0,1,1.0,1,0.06919123239038853,37
610,0,838,515,323,0,0,0,1.0,1,1.0,1,1.0,1,0.06919123239038853,37
611,2,840,517,323,0,0,0,1.0,1,1.0,1,1.0,1,0.05235646019839288,39
612,1,841,518,323,0,0,0,1.0,1,1.0,1,1.0,1,0.07962417257258031,39
613,2,843,519,324,0,0,0,1.0,1,1.0,1,1.0,1,0.10050991715797136,39
614,1,844,520,324,0,0,0,1.0,1,1.0,1,1.0,1,0.14348285978449626,39
615,0,844,520,324,0,0,0,1.0,1,1.0,1,1.0,1,0.14348285978449626,39
616,1,845,521,324,0,0,0,1.0,1,1.0,1,1.0,1,0.2043747758864074,38
617,4,849,523,326,0,0,0,1.0,1,1.0,1,1.0,1,0.16324405930673677,39
618,1,850,524,326,0,0,0,1.0,1,1.0,1,1.0,1,0.20331427526650497,40
619,4,854,526,328,0,0,0,1.0,1,1.0,1,1.0,1,0.1296795317128648,39
620,1,855,527,328,0,0,0,1.0,1,1.0,1,1.0,1,0.10590217825280943,38
621,2,857,529,328,0,0,0,1.0,1,1.0,1,1.0,1,0.09030646968273016,38
622,3,860,532,328,0,0,0,1.0,1,1.0,1,1.0,1,0.04438996418689264,38
623,1,861,533,328,0,0,0,1.0,1,1.0,1,1.0,1,0.04181611886464583,37
624,3,864,536,328,0,0,0,1.0,1,1.0,1,1.0,1,0.071139156518158,33
625,2,866,538,328,0,0,0,1.0,1,1.0,1,1.0,1,0.06412776439625609,32
626,1,867,539,328,0,0,0,1.0,1,1.0,1,1.0,1,0.05144856353665945,31
627,3,870,542,328,0,0,0,1.0,1,1.0,1,1.0,1,0.15615979140854133,30
628,5,875,545,330,0,0,0,1.0,1,1.0,1,1.0,1,0.1118160058501476,32
629,0,875,545,330,0,0,0,1.0,1,1.0,1,1.0,1,0.09273639522158146,29
630,1,876,546,330,0,0,0,1.0,1,1.0,1,1.0,1,0.131971992981375,29
631,2,878,548,330,0,0,0,1.0,1,1.0,1,1.0,1,0.20000304429312699,25
632,0,878,548,330,0,0,0,1.0,1,1.0,1,1.0,1,0.21785956787976216,24
633,2,880,549,331,0,0,0,1.0,1,1.0,1,1.0,1,0.2626271590699441,23
634,0,880,549,331,0,0,0,1.0,1,1.0,1,1.0,1,0.2626271590699441,23
635,0,880,549,331,0,0,0,1.0,1,1.0,1,1.0,1,0.29901441326458844,22
636,0,880,549,331,0,0,0,1.0,1,1.0,1,1.0,1,0.34798576494519956,22
637,3,883,549,334,0,0,0,1.0,1,1.0,1,1.0,1,0.21346923324372785,23
638,2,885,551,334,0,0,0,1.0,1,1.0,1,1.0,1,0.2658963336171614,23
639,0,885,551,334,0,0,0,1.0,1,1.0,1,1.0,1,0.26532878090389367,24
640,2,887,553,334,0,0,0,1.0,1,1.0,1,1.0,1,0.2686301109981075,24
641,2,889,553,336,0,0,0,1.0,1,1.0,1,1.0,1,0.23629373054213884,25
642,0,889,553,336,0,0,0,1.0,1,1.0,1,1.0,1,0.19434670838397342,26
643,2,891,554,337,0,0,0,1.0,1,1.0,1,1.0,1,0.09441200419874345,28
644,2,893,555,338,0,0,0,1.0,1,1.0,1,1.0,1,0.04411150980332491,28
645,1,894,556,338,0,0,0,1.0,1,1.0,1,1.0,1,0.07223605236631556,28
646,0,894,556,338,0,0,0,1.0,1,1.0,1,1.0,1,0.05946377354892441,29
647,1,895,557,338,0,0,0,1.0,1,1.0,1,1.0,1,0.05750293707383935,30
648,2,897,558,339,0,0,0,1.0,1,1.0,1,1.0,1,0.04326258954495823,30
649,1,898,559,339,0,0,0,1.0,1,1.0,1,1.0,1,0.08605813542141139,31
650,0,898,559,339,0,0,0,1.0,1,1.0,1,1.0,1,0.08605813542141139,31
651,0,898,559,339,0,0,0,1.0,1,1.0,1,1.0,1,0.10322345269356038,32
652,1,899,560,339,0,0,0,1.0,1,1.0,1,1.0,1,0.09038294476013128,32
653,0,899,560,339,0,0,0,1.0,1,1.0,1,1.0,1,0.09860511846972006,33
654,2,901,562,339,0,0,0,1.0,1,1.0,1,1.0,1,0.08586381841062272,33
655,1,902,563,339,0,0,0,1.0,1,1.0,1,1.0,1,0.0911343283726327,36
656,1,903,564,339,0,0,0,1.0,1,1.0,1,1.0,1,0.12193908269949279,36
657,1,904,565,339,0,0,0,1.0,1,1.0,1,1.0,1,0.12200429403763606,35
658,1,905,566,339,0,0,0,1.0,1,1.0,1,1.0,1,0.16518309196155567,33
659,3,908,568,340,0,0,0,1.0,1,1.0,1,1.0,1,0.204671190496448,35
660,1,909,569,340,0,0,0,1.0,1,1.0,1,1.0,1,0.15706759538730225,34
661,2,911,569,342,0,0,0,1.0,1,1.0,1,1.0,1,0.14118528231377128,33
662,1,912,570,342,0,0,0,1.0,1,1.0,1,1.0,1,0.0906575073827096,31
663,2,914,572,342,0,0,0,1.0,1,1.0,1,1.0,1,0.1665114225375518,29
664,1,915,572,343,0,0,0,1.0,1,1.0,1,1.0,1,0.11392188840146467,27
665,1,916,573,343,0,0,0,1.0,1,1.0,1,1.0,1,0.13908831571334782,27
666,2,918,573,345,0,0,0,1.0,1,1.0,1,1.0,1,0.0866617144825373,28
667,0,918,573,345,0,0,0,1.0,1,1.0,1,1.0,1,0.07545821996000839,26
668,1,919,574,345,0,0,0,1.0,1,1.0,1,1.0,1,0.15926651808436446,26
669,3,922,577,345,0,0,0,1.0,1,1.0,1,1.0,1,0.09046120522668415,25
670,0,922,577,345,0,0,0,1.0,1,1.0,1,1.0,1,0.11751794171965141,24
671,0,922,577,345,0,0,0,1.0,1,1.0,1,1.0,1,0.11751794171965141,24
672,2,924,578,346,0,0,0,1.0,1,1.0,1,1.0,1,0.1582478714545967,25
673,3,927,580,347,0,0,0,1.0,1,1.0,1,1.0,1,0.15128626832820977,25
674,1,928,580,348,0,0,0,1.0,1,1.0,1,1.0,1,0.0898250319863964,25
675,2,930,581,349,0,0,0,1.0,1,1.0,1,1.0,1,0.09314330000388385,26
676,3,933,584,349,0,0,0,1.0,1,1.0,1,1.0,1,0.07026447036559694,27
677,1,934,585,349,0,0,0,1.0,1,1.0,1,1.0,1,0.12796731524897176,28
678,0,934,585,349,0,0,0,1.0,1,1.0,1,1.0,1,0.12796731524897176,28
679,3,937,587,350,0,0,0,1.0,1,1.0,1,1.0,1,0.09764262593718749,30
680,0,937,587,350,0,0,0,1.0,1,1.0,1,1.0,1,0.13405348101376152,29
681,1,938,587,351,0,0,0,1.0,1,1.0,1,1.0,1,0.09942682544004185,29
682,0,938,587,351,0,0,0,1.0,1,1.0,1,1.0,1,0.09166481126131652,30
683,0,938,587,351,0,0,0,1.0,1,1.0,1,1.0,1,0.09166481126131652,30
684,0,938,587,351,0,0,0,1.0,1,1.0,1,1.0,1,0.09803887078791639,31
685,0,938,587,351,0,0,0,1.0,1,1.0,1,1.0,1,0.08237208503645647,30
686,2,940,589,351,0,0,0,1.0,1,1.0,1,1.0,1,0.047218321961649254,30
687,1,941,590,351,0,0,0,1.0,1,1.0,1,1.0,1,0.03146190963687939,30
688,0,941,590,351,0,0,0,1.0,1,1.0,1,1.0,1,0.05260989563289165,31
689,1,942,591,351,0,0,0,1.0,1,1.0,1,1.0,1,0.08796190278309975,32
690,0,942,591,351,0,0,0,1.0,1,1.0,1,1.0,1,0.08796190278309975,32
691,1,943,592,351,0,0,0,1.0,1,1.0,1,1.0,1,0.1402721627805626,32
692,3,946,595,351,0,0,0,1.0,1,1.0,1,1.0,1,0.1855127467234057,32
693,2,948,596,352,0,0,0,1.0,1,1.0,1,1.0,1,0.145345257238511,34
694,2,950,598,352,0,0,0,1.0,1,1.0,1,1.0,1,0.2033912028921642,36
695,1,951,599,352,0,0,0,1.0,1,1.0,1,1.0,1,0.20580112188230304,34
696,2,953,599,354,0,0,0,1.0,1,1.0,1,1.0,1,0.13652275994766164,33
697,2,955,599,356,0,0,0,1.0,1,1.0,1,1.0,1,0.08741837777735875,33
698,3,958,601,357,0,0,0,1.0,1,1.0,1,1.0,1,0.1477684282552626,34
699,0,958,601,357,0,0,0,1.0,1,1.0,1,1.0,1,0.12932808358038722,33
700,0,958,601,357,0,0,0,1.0,1,1.0,1,1.0,1,0.10526484717558475,32
701,1,959,601,358,0,0,0,1.0,1,1.0,1,1.0,1,0.08153886218085017,33
702,1,960,602,358,0,0,0,1.0,1,1.0,1,1.0,1,0.10552822599879388,34
703,2,962,604,358,0,0,0,1.0,1,1.0,1,1.0,1,0.10461484150724727,32
704,0,962,604,358,0,0,0,1.0,1,1.0,1,1.0,1,0.0641107953011412,31
705,2,964,606,358,0,0,0,1.0,1,1.0,1,1.0,1,0.07076948254305652,33
706,2,966,607,359,0,0,0,1.0,1,1.0,1,1.0,1,0.04055110012358385,33
707,1,967,608,359,0,0,0,1.0,1,1.0,1,1.0,1,0.10432014417062348,31
708,2,969,609,360,0,0,0,1.0,1,1.0,1,1.0,1,0.09508264341822208,31
709,1,970,610,360,0,0,0,1.0,1,1.0,1,1.0,1,0.12954054277166369,30
710,0,970,610,360,0,0,0,1.0,1,1.0,1,1.0,1,0.12954054277166369,30
711,0,970,610,360,0,0,0,1.0,1,1.0,1,1.0,1,0.11405558544995602,30
712,0,970,610,360,0,0,0,1.0,1,1.0,1,1.0,1,0.11550934196762823,30
713,1,971,610,361,0,0,0,1.0,1,1.0,1,1.0,1,0.09794364407452018,31
714,1,972,611,361,0,0,0,1.0,1,1.0,1,1.0,1,0.12362908158079558,31
715,0,972,611,361,0,0,0,1.0,1,1.0,1,1.0,1,0.10803245835029564,30
716,0,972,611,361,0,0,0,1.0,1,1.0,1,1.0,1,0.07134001683286571,31
717,0,972,611,361,0,0,0,1.0,1,1.0,1,1.0,1,0.07404030625299887,32
718,2,974,613,361,0,0,0,1.0,1,1.0,1,1.0,1,0.09003209863194689,32
719,2,976,615,361,0,0,0,1.0,1,1.0,1,1.0,1,0.15063822800147483,32
720,0,976,615,361,0,0,0,1.0,1,1.0,1,1.0,1,0.11504787024151213,34
721,1,977,616,361,0,0,0,1.0,1,1.0,1,1.0,1,0.13322726741514604,34
722,0,977,616,361,0,0,0,1.0,1,1.0,1,1.0,1,0.13322726741514604,34
723,1,978,616,362,0,0,0,1.0,1,1.0,1,1.0,1,0.13179091996578365,35
724,2,980,617,363,0,0,0,1.0,1,1.0,1,1.0,1,0.11624242527115024,36
725,1,981,617,364,0,0,0,1.0,1,1.0,1,1.0,1,0.11462404909734011,37
726,1,982,617,365,0,0,0,1.0,1,1.0,1,1.0,1,0.0990050894374997,37
727,0,982,617,365,0,0,0,1.0,1,1.0,1,1.0,1,0.11575331713093184,38
728,2,984,618,366,0,0,0,1.0,1,1.0,1,1.0,1,0.12334192299145733,39
729,0,984,618,366,0,0,0,1.0,1,1.0,1,1.0,1,0.12334192299145733,39
730,0,984,618,366,0,0,0,1.0,1,1.0,1,1.0,1,0.11605182490886592,40
731,1,985,619,366,0,0,0,1.0,1,1.0,1,1.0,1,0.14194487461584604,40
732,1,986,619,367,0,0,0,1.0,1,1.0,1,1.0,1,0.1518438995181898,41
733,3,989,621,368,0,0,0,1.0,1,1.0,1,1.0,1,0.1627332474640849,41
734,0,989,621,368,0,0,0,1.0,1,1.0,1,1.0,1,0.154155381168874,42
735,1,990,622,368,0,0,0,1.0,1,1.0,1,1.0,1,0.13964073404416913,42
736,0,990,622,368,0,0,0,1.0,1,1.0,1,1.0,1,0.13087815245377515,41
737,2,992,623,369,0,0,0,1.0,1,1.0,1,1.0,1,0.16623836713460766,41
738,0,992,623,369,0,0,0,1.0,1,1.0,1,1.0,1,0.14821033627434907,39
739,1,993,624,369,0,0,0,1.0,1,1.0,1,1.0,1,0.1181011338092638,39
740,0,993,624,369,0,0,0,1.0,1,1.0,1,1.0,1,0.1256223676761415,39
741,1,994,624,370,0,0,0,1.0,1,1.0,1,1.0,1,0.10296245130113134,38
742,0,994,624,370,0,0,0,1.0,1,1.0,1,1.0,1,0.10779969227779959,39
743,1,995,625,370,0,0,0,1.0,1,1.0,1,1.0,1,0.10105270822819618,39
744,3,998,628,370,0,0,0,1.0,1,1.0,1,1.0,1,0.08752745290501607,39
745,3,1001,631,370,0,0,0,1.0,1,1.0,1,1.0,1,0.11848466049885513,39
746,3,1004,634,370,0,0,0,1.0,1,1.0,1,1.0,1,0.1298987885174998,40
747,1,1005,635,370,0,0,0,1.0,1,1.0,1,1.0,1,0.13159024966512925,41
748,1,1006,636,370,0,0,0,1.0,1,1.0,1,1.0,1,0.11496751548686528,41
749,0,1006,636,370,0,0,0,1.0,1,1.0,1,1.0,1,0.11496751548686528,41
750,4,1010,639,371,0,0,0,1.0,1,1.0,1,1.0,1,0.13104835291835248,39
751,2,1012,641,371,0,0,0,1.0,1,1.0,1,1.0,1,0.10127980116547677,41
752,4,1016,645,371,0,0,0,1.0,1,1.0,1,1.0,1,0.15456481364329372,41
753,3,1019,645,374,0,0,0,1.0,1,1.0,1,1.0,1,0.15100754505628391,41
754,3,1022,647,375,0,0,0,1.0,1,1.0,1,1.0,1,0.18092337421332993,41
755,1,1023,647,376,0,0,0,1.0,1,1.0,1,1.0,1,0.1986306125161037,41
756,0,1023,647,376,0,0,0,1.0,1,1.0,1,1.0,1,0.1986306125161037,41
757,4,1027,648,379,0,0,0,1.0,1,1.0,1,1.0,1,0.2117543397635637,39
758,0,1027,648,379,0,0,0,1.0,1,1.0,1,1.0,1,0.19817778233245037,39
759,0,1027,648,379,0,0,0,1.0,1,1.0,1,1.0,1,0.19830393853515477,39
760,0,1027,648,379,0,0,0,1.0,1,1.0,1,1.0,1,0.21612949640715726,40
761,2,1029,648,381,0,0,0,1.0,1,1.0,1,1.0,1,0.16764164686277813,41
762,0,1029,648,381,0,0,0,1.0,1,1.0,1,1.0,1,0.16706585902502,42
763,0,1029,648,381,0,0,0,1.0,1,1.0,1,1.0,1,0.18177748653503598,43
764,2,1031,648,383,0,0,0,1.0,1,1.0,1,1.0,1,0.15863765489026554,43
765,2,1033,648,385,0,0,0,1.0,1,1.0,1,1.0,1,0.10176018043664153,45
766,1,1034,649,385,0,0,0,1.0,1,1.0,1,1.0,1,0.11090837315910176,45
767,0,1034,649,385,0,0,0,1.0,1,1.0,1,1.0,1,0.11398129518155255,46
768,0,1034,649,385,0,0,0,1.0,1,1.0,1,1.0,1,0.10239422432854113,45
769,1,1035,650,385,0,0,0,1.0,1,1.0,1,1.0,1,0.14507468319693548,46
770,1,1036,650,386,0,0,0,1.0,1,1.0,1,1.0,1,0.11766287149743823,47
771,3,1039,653,386,0,0,0,1.0,1,1.0,1,1.0,1,0.13281536689276405,47
772,0,1039,653,386,0,0,0,1.0,1,1.0,1,1.0,1,0.12230458659521447,46
773,2,1041,655,386,0,0,0,1.0,1,1.0,1,1.0,1,0.09723004051869406,45
774,0,1041,655,386,0,0,0,1.0,1,1.0,1,1.0,1,0.07438188361728347,45
775,2,1043,657,386,0,0,0,1.0,1,1.0,1,1.0,1,0.10887657731468973,45
776,0,1043,657,386,0,0,0,1.0,1,1.0,1,1.0,1,0.10367173528478883,43
777,1,1044,657,387,0,0,0,1.0,1,1.0,1,1.0,1,0.10251008427061717,44
778,2,1046,659,387,0,0,0,1.0,1,1.0,1,1.0,1,0.14225585245802147,45
779,0,1046,659,387,0,0,0,1.0,1,1.0,1,1.0,1,0.14225585245802147,45
780,2,1048,661,387,0,0,0,1.0,1,1.0,1,1.0,1,0.20542785878562708,45
781,0,1048,661,387,0,0,0,1.0,1,1.0,1,1.0,1,0.19144925856707448,46
782,1,1049,661,388,0,0,0,1.0,1,1.0,1,1.0,1,0.215747701379252,47
783,1,1050,661,389,0,0,0,1.0,1,1.0,1,1.0,1,0.19496374910336414,46
784,0,1050,661,389,0,0,0,1.0,1,1.0,1,1.0,1,0.20243073424814623,45
785,1,1051,661,390,0,0,0,1.0,1,1.0,1,1.0,1,0.1858176148776567,43
786,1,1052,661,391,0,0,0,1.0,1,1.0,1,1.0,1,0.1556520248279646,43
787,2,1054,662,392,0,0,0,1.0,1,1.0,1,1.0,1,0.12954056032029312,43
788,0,1054,662,392,0,0,0,1.0,1,1.0,1,1.0,1,0.14466185160494288,44
789,2,1056,663,393,0,0,0,1.0,1,1.0,1,1.0,1,0.10055795756564442,46
790,2,1058,665,393,0,0,0,1.0,1,1.0,1,1.0,1,0.16069341102696055,46
791,1,1059,665,394,0,0,0,1.0,1,1.0,1,1.0,1,0.1821949450452569,46
792,1,1060,666,394,0,0,0,1.0,1,1.0,1,1.0,1,0.20301942436259068,47
793,4,1064,666,398,0,0,0,1.0,1,1.0,1,1.0,1,0.17064074414238042,48
794,2,1066,666,400,0,0,0,1.0,1,1.0,1,1.0,1,0.1708328914673336,48
795,0,1066,666,400,0,0,0,1.0,1,1.0,1,1.0,1,0.17741746672175218,47
796,0,1066,666,400,0,0,0,1.0,1,1.0,1,1.0,1,0.2140008976833421,45
797,3,1069,666,403,0,0,0,1.0,1,1.0,1,1.0,1,0.18791680478002798,47
798,3,1072,667,405,0,0,0,1.0,1,1.0,1,1.0,1,0.1726075957190185,48
799,0,1072,667,405,0,0,0,1.0,1,1.0,1,1.0,1,0.1726075957190185,48
800,2,1074,669,405,0,0,0,1.0,1,1.0,1,1.0,1,0.1861247182189724,48
801,3,1077,670,407,0,0,0,1.0,1,1.0,1,1.0,1,0.14379333534361177,49
802,4,1081,672,409,0,0,0,1.0,1,1.0,1,1.0,1,0.1781950902863049,50
803,1,1082,672,410,0,0,0,1.0,1,1.0,1,1.0,1,0.16743243946348188,50
804,1,1083,672,411,0,0,0,1.0,1,1.0,1,1.0,1,0.15942711693373227,50
805,2,1085,673,412,0,0,0,1.0,1,1.0,1,1.0,1,0.16846044867983304,50
806,1,1086,673,413,0,0,0,1.0,1,1.0,1,1.0,1,0.1483623632173287,51
807,0,1086,673,413,0,0,0,1.0,1,1.0,1,1.0,1,0.1483623632173287,51
808,1,1087,673,414,0,0,0,1.0,1,1.0,1,1.0,1,0.1497354516209879,53
809,1,1088,673,415,0,0,0,1.0,1,1.0,1,1.0,1,0.09580288415340134,51
810,2,1090,673,417,0,0,0,1.0,1,1.0,1,1.0,1,0.08592984560258557,52
811,2,1092,675,417,0,0,0,1.0,1,1.0,1,1.0,1,0.1338360594563855,50
812,1,1093,675,418,0,0,0,1.0,1,1.0,1,1.0,1,0.11677084776762336,51
813,4,1097,677,420,0,0,0,1.0,1,1.0,1,1.0,1,0.1521918587204891,51
814,0,1097,677,420,0,0,0,1.0,1,1.0,1,1.0,1,0.15459238111002546,52
815,1,1098,678,420,0,0,0,1.0,1,1.0,1,1.0,1,0.15209057053544603,50
816,1,1099,678,421,0,0,0,1.0,1,1.0,1,1.0,1,0.13377862534724733,50
817,1,1100,679,421,0,0,0,1.0,1,1.0,1,1.0,1,0.15565841808238035,49
818,1,1101,679,422,0,0,0,1.0,1,1.0,1,1.0,1,0.14454818430298036,49
819,0,1101,679,422,0,0,0,1.0,1,1.0,1,1.0,1,0.14075867862880123,50
820,1,1102,680,422,0,0,0,1.0,1,1.0,1,1.0,1,0.14791155891659713,49
821,2,1104,681,423,0,0,0,1.0,1,1.0,1,1.0,1,0.16871765418092932,49
822,1,1105,681,424,0,0,0,1.0,1,1.0,1,1.0,1,0.15867099661877915,49
823,1,1106,681,425,0,0,0,1.0,1,1.0,1,1.0,1,0.16808082409740635,47
824,1,1107,682,425,0,0,0,1.0,1,1.0,1,1.0,1,0.15923399124128326,45
825,2,1109,682,427,0,0,0,1.0,1,1.0,1,1.0,1,0.14860803160682565,43
826,1,1110,682,428,0,0,0,1.0,1,1.0,1,1.0,1,0.1299730968579056,44
827,0,1110,682,428,0,0,0,1.0,1,1.0,1,1.0,1,0.15552470893515183,43
828,1,1111,683,428,0,0,0,1.0,1,1.0,1,1.0,1,0.1747048099633142,43
829,4,1115,684,431,0,0,0,1.0,1,1.0,1,1.0,1,0.1544056934359824,45
830,1,1116,684,432,0,0,0,1.0,1,1.0,1,1.0,1,0.13956097150893404,46
831,1,1117,685,432,0,0,0,1.0,1,1.0,1,1.0,1,0.12495109757091875,48
832,1,1118,685,433,0,0,0,1.0,1,1.0,1,1.0,1,0.12440882395075825,47
833,2,1120,685,435,0,0,0,1.0,1,1.0,1,1.0,1,0.11420517462372062,47
834,1,1121,685,436,0,0,0,1.0,1,1.0,1,1.0,1,0.1279134299330463,46
835,0,1121,685,436,0,0,0,1.0,1,1.0,1,1.0,1,0.13485185916750336,45
836,0,1121,685,436,0,0,0,1.0,1,1.0,1,1.0,1,0.14784450279962266,46
837,3,1124,685,439,0,0,0,1.0,1,1.0,1,1.0,1,0.1191689216449192,46
838,1,1125,685,440,0,0,0,1.0,1,1.0,1,1.0,1,0.11145291583679842,45
839,1,1126,685,441,0,0,0,1.0,1,1.0,1,1.0,1,0.11746350739911765,46
840,0,1126,685,441,0,0,0,1.0,1,1.0,1,1.0,1,0.13083056752188946,46
841,2,1128,685,443,0,0,0,1.0,1,1.0,1,1.0,1,0.10972749938402929,46
842,3,1131,687,444,0,0,0,1.0,1,1.0,1,1.0,1,0.1279543098163034,46
843,3,1134,688,446,0,0,0,1.0,1,1.0,1,1.0,1,0.12179427046169908,46
844,0,1134,688,446,0,0,0,1.0,1,1.0,1,1.0,1,0.12349409513044664,47
845,5,1139,690,449,0,0,0,1.0,1,1.0,1,1.0,1,0.1642797945179236,48
846,0,1139,690,449,0,0,0,1.0,1,1.0,1,1.0,1,0.15060589327243515,47
847,2,1141,690,451,0,0,0,1.0,1,1.0,1,1.0,1,0.12927443299798394,48
848,3,1144,691,453,0,0,0,1.0,1,1.0,1,1.0,1,0.11117142639551304,48
849,1,1145,691,454,0,0,0,1.0,1,1.0,1,1.0,1,0.10056815987950915,48
850,0,1145,691,454,0,0,0,1.0,1,1.0,1,1.0,1,0.10396298189240022,46
851,0,1145,691,454,0,0,0,1.0,1,1.0,1,1.0,1,0.09423853478302889,45
852,0,1145,691,454,0,0,0,1.0,1,1.0,1,1.0,1,0.08166851488343982,44
853,1,1146,692,454,0,0,0,1.0,1,1.0,1,1.0,1,0.07195972991371244,44
854,3,1149,694,455,0,0,0,1.0,1,1.0,1,1.0,1,0.05786340987440332,45
855,0,1149,694,455,0,0,0,1.0,1,1.0,1,1.0,1,0.04189883166886952,46
856,1,1150,695,455,0,0,0,1.0,1,1.0,1,1.0,1,0.05006464137831999,46
857,2,1152,696,456,0,0,0,1.0,1,1.0,1,1.0,1,0.03317773813626425,47
858,0,1152,696,456,0,0,0,1.0,1,1.0,1,1.0,1,0.02216703225948487,48
859,2,1154,697,457,0,0,0,1.0,1,1.0,1,1.0,1,0.04658477545857942,48
860,0,1154,697,457,0,0,0,1.0,1,1.0,1,1.0,1,0.06135278037245953,49
861,1,1155,698,457,0,0,0,1.0,1,1.0,1,1.0,1,0.05984701847395343,49
862,0,1155,698,457,0,0,0,1.0,1,1.0,1,1.0,1,0.05984701847395343,49
863,1,1156,699,457,0,0,0,1.0,1,1.0,1,1.0,1,0.07418574002047766,48
864,1,1157,700,457,0,0,0,1.0,1,1.0,1,1.0,1,0.058058775561606574,49
865,1,1158,701,457,0,0,0,1.0,1,1.0,1,1.0,1,0.09139531915767775,48
866,2,1160,702,458,0,0,0,1.0,1,1.0,1,1.0,1,0.06294969476412862,50
867,1,1161,703,458,0,0,0,1.0,1,1.0,1,1.0,1,0.08216321565263768,50
868,2,1163,705,458,0,0,0,1.0,1,1.0,1,1.0,1,0.05780635784809633,51
869,2,1165,705,460,0,0,0,1.0,1,1.0,1,1.0,1,0.041948425519858626,49
870,1,1166,706,460,0,0,0,1.0,1,1.0,1,1.0,1,0.046092002131802624,49
871,2,1168,707,461,0,0,0,1.0,1,1.0,1,1.0,1,0.08274532361050035,49
872,0,1168,707,461,0,0,0,1.0,1,1.0,1,1.0,1,0.10520433850037055,48
873,3,1171,709,462,0,0,0,1.0,1,1.0,1,1.0,1,0.10551013902603922,49
874,2,1173,710,463,0,0,0,1.0,1,1.0,1,1.0,1,0.09177498746098704,49
875,1,1174,710,464,0,0,0,1.0,1,1.0,1,1.0,1,0.07710188607368898,50
876,3,1177,712,465,0,0,0,1.0,1,1.0,1,1.0,1,0.0950377909613618,50
877,2,1179,713,466,0,0,0,1.0,1,1.0,1,1.0,1,0.09891194338021231,50
878,2,1181,714,467,0,0,0,1.0,1,1.0,1,1.0,1,0.1093074809910109,49
879,1,1182,715,467,0,0,0,1.0,1,1.0,1,1.0,1,0.12156710638599118,49
880,1,1183,716,467,0,0,0,1.0,1,1.0,1,1.0,1,0.14016858841735938,48
881,5,1188,718,470,0,0,0,1.0,1,1.0,1,1.0,1,0.10617889670771806,49
882,0,1188,718,470,0,0,0,1.0,1,1.0,1,1.0,1,0.10233127014020331,48
883,2,1190,719,471,0,0,0,1.0,1,1.0,1,1.0,1,0.10568613704376488,50
884,0,1190,719,471,0,0,0,1.0,1,1.0,1,1.0,1,0.10447547865189684,50
885,2,1192,721,471,0,0,0,1.0,1,1.0,1,1.0,1,0.1152640101845475,49
886,2,1194,721,473,0,0,0,1.0,1,1.0,1,1.0,1,0.09502272943405903,49
887,3,1197,723,474,0,0,0,1.0,1,1.0,1,1.0,1,0.14044764576548519,49
888,0,1197,723,474,0,0,0,1.0,1,1.0,1,1.0,1,0.1116789783814755,47
889,3,1200,724,476,0,0,0,1.0,1,1.0,1,1.0,1,0.12415035669512324,46
890,0,1200,724,476,0,0,0,1.0,1,1.0,1,1.0,1,0.09195201949667903,44
891,1,1201,724,477,0,0,0,1.0,1,1.0,1,1.0,1,0.07053732699434406,45
892,1,1202,725,477,0,0,0,1.0,1,1.0,1,1.0,1,0.09203253486214422,45
893,0,1202,725,477,0,0,0,1.0,1,1.0,1,1.0,1,0.09203253486214422,45
894,0,1202,725,477,0,0,0,1.0,1,1.0,1,1.0,1,0.08157015604057267,44
895,2,1204,727,477,0,0,0,1.0,1,1.0,1,1.0,1,0.08903763555381637,45
896,1,1205,728,477,0,0,0,1.0,1,1.0,1,1.0,1,0.09306093938898347,44
897,1,1206,728,478,0,0,0,1.0,1,1.0,1,1.0,1,0.06419130984351885,44
898,1,1207,729,478,0,0,0,1.0,1,1.0,1,1.0,1,0.048912322625327305,45
899,0,1207,729,478,0,0,0,1.0,1,1.0,1,1.0,1,0.06539433071427815,44
900,0,1207,729,478,0,0,0,1.0,1,1.0,1,1.0,1,0.07159527969085512,46
901,1,1208,729,479,0,0,0,1.0,1,1.0,1,1.0,1,0.08531405742671125,45
902,3,1211,731,480,0,0,0,1.0,1,1.0,1,1.0,1,0.1149290254545144,45
903,1,1212,732,480,0,0,0,1.0,1,1.0,1,1.0,1,0.17767610274497792,44
904,1,1213,733,480,0,0,0,1.0,1,1.0,1,1.0,1,0.20723331885070853,45
905,6,1219,734,485,0,0,0,1.0,1,1.0,1,1.0,1,0.185377936030175,45
906,1,1220,735,485,0,0,0,1.0,1,1.0,1,1.0,1,0.2141997776225648,45
907,1,1221,735,486,0,0,0,1.0,1,1.0,1,1.0,1,0.18888558678739087,46
908,0,1221,735,486,0,0,0,1.0,1,1.0,1,1.0,1,0.19004599788508997,46
909,4,1225,736,489,0,0,0,1.0,1,1.0,1,1.0,1,0.15670537711665095,46
910,1,1226,736,490,0,0,0,1.0,1,1.0,1,1.0,1,0.1840323973035228,44
911,1,1227,736,491,0,0,0,1.0,1,1.0,1,1.0,1,0.17925730976551757,45
912,0,1227,736,491,0,0,0,1.0,1,1.0,1,1.0,1,0.20126961030744195,44
913,3,1230,736,494,0,0,0,1.0,1,1.0,1,1.0,1,0.1705700651202195,45
914,3,1233,737,496,0,0,0,1.0,1,1.0,1,1.0,1,0.14649355665238958,45
915,1,1234,737,497,0,0,0,1.0,1,1.0,1,1.0,1,0.12873208688177148,45
916,0,1234,737,497,0,0,0,1.0,1,1.0,1,1.0,1,0.12873208688177148,45
917,2,1236,737,499,0,0,0,1.0,1,1.0,1,1.0,1,0.11824676484158628,46
918,0,1236,737,499,0,0,0,1.0,1,1.0,1,1.0,1,0.12058651498109123,47
919,0,1236,737,499,0,0,0,1.0,1,1.0,1,1.0,1,0.12058651498109123,47
920,1,1237,738,499,0,0,0,1.0,1,1.0,1,1.0,1,0.11822424835469822,47
921,5,1242,740,502,0,0,0,1.0,1,1.0,1,1.0,1,0.10415999362196593,49
922,2,1244,742,502,0,0,0,1.0,1,1.0,1,1.0,1,0.09905512704675067,49
923,3,1247,744,503,0,0,0,1.0,1,1.0,1,1.0,1,0.09935843521444601,47
924,1,1248,745,503,0,0,0,1.0,1,1.0,1,1.0,1,0.10754476089033459,47
925,2,1250,746,504,0,0,0,1.0,1,1.0,1,1.0,1,0.11820783380587811,47
926,3,1253,748,505,0,0,0,1.0,1,1.0,1,1.0,1,0.14272096974972304,46
927,1,1254,749,505,0,0,0,1.0,1,1.0,1,1.0,1,0.12796484551856055,45
928,0,1254,749,505,0,0,0,1.0,1,1.0,1,1.0,1,0.1067332992949978,43
929,3,1257,749,508,0,0,0,1.0,1,1.0,1,1.0,1,0.07722821249621273,42
930,0,1257,749,508,0,0,0,1.0,1,1.0,1,1.0,1,0.058222462354213106,41
931,0,1257,749,508,0,0,0,1.0,1,1.0,1,1.0,1,0.07248135749966413,40
932,1,1258,750,508,0,0,0,1.0,1,1.0,1,1.0,1,0.05794033156635779,40
933,0,1258,750,508,0,0,0,1.0,1,1.0,1,1.0,1,0.07138251038312218,39
934,0,1258,750,508,0,0,0,1.0,1,1.0,1,1.0,1,0.07138251038312218,39
935,4,1262,754,508,0,0,0,1.0,1,1.0,1,1.0,1,0.1596538959836056,41
936,2,1264,754,510,0,0,0,1.0,1,1.0,1,1.0,1,0.10377709471931955,42
937,2,1266,756,510,0,0,0,1.0,1,1.0,1,1.0,1,0.1982416039018951,43
938,3,1269,756,513,0,0,0,1.0,1,1.0,1,1.0,1,0.1821412225428895,44
939,2,1271,756,515,0,0,0,1.0,1,1.0,1,1.0,1,0.1718212624961659,46
940,1,1272,756,516,0,0,0,1.0,1,1.0,1,1.0,1,0.15074816469586474,46
941,1,1273,757,516,0,0,0,1.0,1,1.0,1,1.0,1,0.17275412408990048,46
942,1,1274,757,517,0,0,0,1.0,1,1.0,1,1.0,1,0.16029822816521144,46
943,0,1274,757,517,0,0,0,1.0,1,1.0,1,1.0,1,0.17158820930434304,45
944,1,1275,757,518,0,0,0,1.0,1,1.0,1,1.0,1,0.1495618334741232,45
945,4,1279,758,521,0,0,0,1.0,1,1.0,1,1.0,1,0.13503760743997273,44
946,1,1280,758,522,0,0,0,1.0,1,1.0,1,1.0,1,0.09874342859703497,46
947,0,1280,758,522,0,0,0,1.0,1,1.0,1,1.0,1,0.11376633724488736,44
948,0,1280,758,522,0,0,0,1.0,1,1.0,1,1.0,1,0.11376633724488736,44
949,4,1284,759,525,0,0,0,1.0,1,1.0,1,1.0,1,0.12103536205860649,44
950,1,1285,760,525,0,0,0,1.0,1,1.0,1,1.0,1,0.15131816104082776,43
951,0,1285,760,525,0,0,0,1.0,1,1.0,1,1.0,1,0.17756301055526297,42
952,0,1285,760,525,0,0,0,1.0,1,1.0,1,1.0,1,0.17756301055526297,42
953,3,1288,760,528,0,0,0,1.0,1,1.0,1,1.0,1,0.11837163706252173,41
954,1,1289,761,528,0,0,0,1.0,1,1.0,1,1.0,1,0.13813443681284596,40
955,0,1289,761,528,0,0,0,1.0,1,1.0,1,1.0,1,0.13231632724399023,42
956,1,1290,762,528,0,0,0,1.0,1,1.0,1,1.0,1,0.13497911888735234,43
957,0,1290,762,528,0,0,0,1.0,1,1.0,1,1.0,1,0.1472509172558227,42
958,1,1291,762,529,0,0,0,1.0,1,1.0,1,1.0,1,0.16571909542007798,43
959,2,1293,763,530,0,0,0,1.0,1,1.0,1,1.0,1,0.19812146185900353,45
960,3,1296,764,532,0,0,0,1.0,1,1.0,1,1.0,1,0.19296377799473877,47
961,1,1297,765,532,0,0,0,1.0,1,1.0,1,1.0,1,0.2110199860010349,45
962,0,1297,765,532,0,0,0,1.0,1,1.0,1,1.0,1,0.19382118476343552,45
963,3,1300,766,534,0,0,0,1.0,1,1.0,1,1.0,1,0.193879352882691,44
964,0,1300,766,534,0,0,0,1.0,1,1.0,1,1.0,1,0.18794675023317475,44
965,1,1301,766,535,0,0,0,1.0,1,1.0,1,1.0,1,0.16410809640666862,45
966,1,1302,767,535,0,0,0,1.0,1,1.0,1,1.0,1,0.17652606245357472,43
967,1,1303,767,536,0,0,0,1.0,1,1.0,1,1.0,1,0.16760082656547318,43
968,0,1303,767,536,0,0,0,1.0,1,1.0,1,1.0,1,0.16659021528924853,43
969,2,1305,767,538,0,0,0,1.0,1,1.0,1,1.0,1,0.13829100859303647,42
970,0,1305,767,538,0,0,0,1.0,1,1.0,1,1.0,1,0.13981833593315657,42
971,1,1306,767,539,0,0,0,1.0,1,1.0,1,1.0,1,0.10842588974604317,42
972,1,1307,767,540,0,0,0,1.0,1,1.0,1,1.0,1,0.08196425488170558,42
973,0,1307,767,540,0,0,0,1.0,1,1.0,1,1.0,1,0.08471039793231293,43
974,0,1307,767,540,0,0,0,1.0,1,1.0,1,1.0,1,0.08471039793231293,43
975,0,1307,767,540,0,0,0,1.0,1,1.0,1,1.0,1,0.08884099377563065,43
976,0,1307,767,540,0,0,0,1.0,1,1.0,1,1.0,1,0.10329643958522652,45
977,0,1307,767,540,0,0,0,1.0,1,1.0,1,1.0,1,0.11844305166719625,44
978,0,1307,767,540,0,0,0,1.0,1,1.0,1,1.0,1,0.11844305166719625,44
979,1,1308,767,541,0,0,0,1.0,1,1.0,1,1.0,1,0.11916286098772472,45
980,0,1308,767,541,0,0,0,1.0,1,1.0,1,1.0,1,0.11916286098772472,45
981,1,1309,767,542,0,0,0,1.0,1,1.0,1,1.0,1,0.10522577814285797,45
982,2,1311,769,542,0,0,0,1.0,1,1.0,1,1.0,1,0.1808470260772631,46
983,2,1313,770,543,0,0,0,1.0,1,1.0,1,1.0,1,0.1754754491633213,45
984,1,1314,771,543,0,0,0,1.0,1,1.0,1,1.0,1,0.17654406875933434,45
985,7,1321,775,546,0,0,0,1.0,1,1.0,1,1.0,1,0.19234811556532153,45
986,0,1321,775,546,0,0,0,1.0,1,1.0,1,1.0,1,0.17647687135092724,44
987,2,1323,776,547,0,0,0,1.0,1,1.0,1,1.0,1,0.18847797572881067,45
988,2,1325,778,547,0,0,0,1.0,1,1.0,1,1.0,1,0.22703732179094716,44
989,2,1327,778,549,0,0,0,1.0,1,1.0,1,1.0,1,0.181669478899955,43
990,1,1328,779,549,0,0,0,1.0,1,1.0,1,1.0,1,0.1907164588345009,42
991,0,1328,779,549,0,0,0,1.0,1,1.0,1,1.0,1,0.16969104316084832,42
992,0,1328,779,549,0,0,0,1.0,1,1.0,1,1.0,1,0.16012194618334996,43
993,0,1328,779,549,0,0,0,1.0,1,1.0,1,1.0,1,0.16012194618334996,43
994,1,1329,779,550,0,0,0,1.0,1,1.0,1,1.0,1,0.1693764027823132,43
995,0,1329,779,550,0,0,0,1.0,1,1.0,1,1.0,1,0.12283834985692994,43
996,0,1329,779,550,0,0,0,1.0,1,1.0,1,1.0,1,0.13261553263154344,44
997,1,1330,780,550,0,0,0,1.0,1,1.0,1,1.0,1,0.17347172919617151,44
998,0,1330,780,550,0,0,0,1.0,1,1.0,1,1.0,1,0.18718117846382415,45
999,0,1330,780,550,0,0,0,1.0,1,1.0,1,1.0,1,0.1894708498139564,42
1000,0,1330,780,550,0,0,0,1.0,1,1.0,1,1.0,1,0.17880047233485344,43
1001,1,1331,780,551,0,0,0,1.0,1,1.0,1,1.0,1,0.14314506233492277,42
1002,0,1331,780,551,0,0,0,1.0,1,1.0,1,1.0,1,0.14178404270797162,43
1003,1,1332,780,552,0,0,0,1.0,1,1.0,1,1.0,1,0.1310390516270783,43
1004,1,1333,780,553,0,0,0,1.0,1,1.0,1,1.0,1,0.10751179038150234,43
1005,1,1334,780,554,0,0,0,1.0,1,1.0,1,1.0,1,0.10965231976993514,44
1006,1,1335,780,555,0,0,0,1.0,1,1.0,1,1.0,1,0.09166388473903428,46
1007,0,1335,780,555,0,0,0,1.0,1,1.0,1,1.0,1,0.09166388473903428,46
1008,0,1335,780,555,0,0,0,1.0,1,1.0,1,1.0,1,0.10382787250992614,47
1009,2,1337,782,555,0,0,0,1.0,1,1.0,1,1.0,1,0.10269646350902183,48
1010,1,1338,783,555,0,0,0,1.0,1,1.0,1,1.0,1,0.11840385011453355,48
1011,1,1339,784,555,0,0,0,1.0,1,1.0,1,1.0,1,0.13348494561912122,48
1012,3,1342,786,556,0,0,0,1.0,1,1.0,1,1.0,1,0.15936961815124404,49
1013,1,1343,787,556,0,0,0,1.0,1,1.0,1,1.0,1,0.16312194366607458,50
1014,1,1344,788,556,0,0,0,1.0,1,1.0,1,1.0,1,0.18455770296377877,50
1015,1,1345,788,557,0,0,0,1.0,1,1.0,1,1.0,1,0.17366096023591657,51
1016,2,1347,789,558,0,0,0,1.0,1,1.0,1,1.0,1,0.1572291860174549,51
1017,0,1347,789,558,0,0,0,1.0,1,1.0,1,1.0,1,0.16688598520887393,52
1018,1,1348,790,558,0,0,0,1.0,1,1.0,1,1.0,1,0.18383945263290397,52
1019,1,1349,790,559,0,0,0,1.0,1,1.0,1,1.0,1,0.18654582701630892,52
1020,0,1349,790,559,0,0,0,1.0,1,1.0,1,1.0,1,0.16223554808401622,53
1021,0,1349,790,559,0,0,0,1.0,1,1.0,1,1.0,1,0.16833364363888267,53
1022,0,1349,790,559,0,0,0,1.0,1,1.0,1,1.0,1,0.1603534514978437,54
1023,2,1351,790,561,0,0,0,1.0,1,1.0,1,1.0,1,0.10926221952357938,55
1024,0,1351,790,561,0,0,0,1.0,1,1.0,1,1.0,1,0.1280640734419057,55
1025,2,1353,790,563,0,0,0,1.0,1,1.0,1,1.0,1,0.09370306155539772,56
1026,0,1353,790,563,0,0,0,1.0,1,1.0,1,1.0,1,0.10284099765435616,57
1027,0,1353,790,563,0,0,0,1.0,1,1.0,1,1.0,1,0.0825334882824449,58
1028,3,1356,792,564,0,0,0,1.0,1,1.0,1,1.0,1,0.10847600956560298,58
1029,3,1359,793,566,0,0,0,1.0,1,1.0,1,1.0,1,0.1053081243323817,59
1030,0,1359,793,566,0,0,0,1.0,1,1.0,1,1.0,1,0.10037469392271176,60
1031,1,1360,794,566,0,0,0,1.0,1,1.0,1,1.0,1,0.12557087712990458,60
1032,0,1360,794,566,0,0,0,1.0,1,1.0,1,1.0,1,0.1329028679518437,61
1033,0,1360,794,566,0,0,0,1.0,1,1.0,1,1.0,1,0.13894996341153512,60
1034,4,1364,797,567,0,0,0,1.0,1,1.0,1,1.0,1,0.12617851371759709,60
1035,2,1366,799,567,0,0,0,1.0,1,1.0,1,1.0,1,0.1657504333055672,59
1036,4,1370,801,569,0,0,0,1.0,1,1.0,1,1.0,1,0.14441089761405548,60
1037,6,1376,804,572,0,0,0,1.0,1,1.0,1,1.0,1,0.12885541797849195,59
1038,1,1377,805,572,0,0,0,1.0,1,1.0,1,1.0,1,0.14081972111813026,60
1039,5,1382,808,574,0,0,0,1.0,1,1.0,1,1.0,1,0.15123464638598558,60
1040,1,1383,809,574,0,0,0,1.0,1,1.0,1,1.0,1,0.16181278026695076,58
1041,4,1387,810,577,0,0,0,1.0,1,1.0,1,1.0,1,0.12345831618891799,56
1042,0,1387,810,577,0,0,0,1.0,1,1.0,1,1.0,1,0.11771934362032449,55
1043,0,1387,810,577,0,0,0,1.0,1,1.0,1,1.0,1,0.11771934362032449,55
1044,0,1387,810,577,0,0,0,1.0,1,1.0,1,1.0,1,0.0958317001613997,52
1045,1,1388,810,578,0,0,0,1.0,1,1.0,1,1.0,1,0.06233697385511937,52
1046,2,1390,811,579,0,0,0,1.0,1,1.0,1,1.0,1,0.08002279615458167,53
1047,1,1391,812,579,0,0,0,1.0,1,1.0,1,1.0,1,0.07569269718281617,54
1048,3,1394,813,581,0,0,0,1.0,1,1.0,1,1.0,1,0.07088054671065508,56
1049,3,1397,815,582,0,0,0,1.0,1,1.0,1,1.0,1,0.07240953133685976,55
1050,0,1397,815,582,0,0,0,1.0,1,1.0,1,1.0,1,0.06950211476596492,56
1051,0,1397,815,582,0,0,0,1.0,1,1.0,1,1.0,1,0.05689800221415185,55
1052,0,1397,815,582,0,0,0,1.0,1,1.0,1,1.0,1,0.07364206782169859,56
1053,1,1398,816,582,0,0,0,1.0,1,1.0,1,1.0,1,0.09057668194034815,56
1054,1,1399,817,582,0,0,0,1.0,1,1.0,1,1.0,1,0.07116846908636754,57
1055,0,1399,817,582,0,0,0,1.0,1,1.0,1,1.0,1,0.05151496300124721,58
1056,1,1400,817,583,0,0,0,1.0,1,1.0,1,1.0,1,0.050564700848923366,59
1057,0,1400,817,583,0,0,0,1.0,1,1.0,1,1.0,1,0.06522756191791292,60
1058,2,1402,818,584,0,0,0,1.0,1,1.0,1,1.0,1,0.08217025206687098,60
1059,2,1404,819,585,0,0,0,1.0,1,1.0,1,1.0,1,0.08660401167287503,60
1060,1,1405,820,585,0,0,0,1.0,1,1.0,1,1.0,1,0.10518100320577749,60
1061,6,1411,824,587,0,0,0,1.0,1,1.0,1,1.0,1,0.0953576952425974,59
1062,0,1411,824,587,0,0,0,1.0,1,1.0,1,1.0,1,0.0959952367125335,59
1063,1,1412,825,587,0,0,0,1.0,1,1.0,1,1.0,1,0.11642329877494174,58
1064,3,1415,827,588,0,0,0,1.0,1,1.0,1,1.0,1,0.1677957519061374,58
1065,4,1419,829,590,0,0,0,1.0,1,1.0,1,1.0,1,0.09234687655416256,60
1066,0,1419,829,590,0,0,0,1.0,1,1.0,1,1.0,1,0.12342114815060971,58
1067,0,1419,829,590,0,0,0,1.0,1,1.0,1,1.0,1,0.17683332658961673,59
1068,0,1419,829,590,0,0,0,1.0,1,1.0,1,1.0,1,0.17683332658961673,59
1069,3,1422,829,593,0,0,0,1.0,1,1.0,1,1.0,1,0.16761522098421755,58
1070,3,1425,829,596,0,0,0,1.0,1,1.0,1,1.0,1,0.1301285163841855,58
1071,1,1426,829,597,0,0,0,1.0,1,1.0,1,1.0,1,0.13346091871904373,57
1072,1,1427,830,597,0,0,0,1.0,1,1.0,1,1.0,1,0.15181776137595765,56
1073,6,1433,831,602,0,0,0,1.0,1,1.0,1,1.0,1,0.10383151198013713,54
1074,1,1434,832,602,0,0,0,1.0,1,1.0,1,1.0,1,0.11484315894696599,54
1075,2,1436,834,602,0,0,0,1.0,1,1.0,1,1.0,1,0.11852549709887322,51
1076,1,1437,835,602,0,0,0,1.0,1,1.0,1,1.0,1,0.13400182897040555,51
1077,4,1441,837,604,0,0,0,1.0,1,1.0,1,1.0,1,0.12118525761381684,51
1078,0,1441,837,604,0,0,0,1.0,1,1.0,1,1.0,1,0.1365697044178122,52
1079,4,1445,841,604,0,0,0,1.0,1,1.0,1,1.0,1,0.17773655930645493,51
1080,2,1447,843,604,0,0,0,1.0,1,1.0,1,1.0,1,0.20503590288243154,51
1081,2,1449,844,605,0,0,0,1.0,1,1.0,1,1.0,1,0.22028035003515462,48
1082,1,1450,845,605,0,0,0,1.0,1,1.0,1,1.0,1,0.2371535150755796,47
1083,3,1453,846,607,0,0,0,1.0,1,1.0,1,1.0,1,0.2475922553013965,46
1084,1,1454,846,608,0,0,0,1.0,1,1.0,1,1.0,1,0.22793191967080126,45
1085,2,1456,846,610,0,0,0,1.0,1,1.0,1,1.0,1,0.18319497883678237,46
1086,1,1457,846,611,0,0,0,1.0,1,1.0,1,1.0,1,0.16610679373377019,45
1087,1,1458,846,612,0,0,0,1.0,1,1.0,1,1.0,1,0.18258759220026616,44
1088,1,1459,846,613,0,0,0,1.0,1,1.0,1,1.0,1,0.16320447438341815,45
1089,0,1459,846,613,0,0,0,1.0,1,1.0,1,1.0,1,0.181081244746644,46
1090,0,1459,846,613,0,0,0,1.0,1,1.0,1,1.0,1,0.18207017460228858,47
1091,1,1460,847,613,0,0,0,1.0,1,1.0,1,1.0,1,0.17138093758088555,47
1092,0,1460,847,613,0,0,0,1.0,1,1.0,1,1.0,1,0.16187156014153847,48
1093,2,1462,848,614,0,0,0,1.0,1,1.0,1,1.0,1,0.14975980085240737,48
1094,4,1466,850,616,0,0,0,1.0,1,1.0,1,1.0,1,0.18035795274265584,48
1095,1,1467,850,617,0,0,0,1.0,1,1.0,1,1.0,1,0.18953732351684696,49
1096,1,1468,851,617,0,0,0,1.0,1,1.0,1,1.0,1,0.21048471303891997,49
1097,4,1472,852,620,0,0,0,1.0,1,1.0,1,1.0,1,0.1976188356329484,50
1098,2,1474,852,622,0,0,0,1.0,1,1.0,1,1.0,1,0.18647552083776633,51
1099,2,1476,852,624,0,0,0,1.0,1,1.0,1,1.0,1,0.14685444868382624,54
1100,0,1476,852,624,0,0,0,1.0,1,1.0,1,1.0,1,0.14685444868382624,54
1101,1,1477,852,625,0,0,0,1.0,1,1.0,1,1.0,1,0.13517417774857104,54
1102,1,1478,852,626,0,0,0,1.0,1,1.0,1,1.0,1,0.10798291433793114,54
1103,0,1478,852,626,0,0,0,1.0,1,1.0,1,1.0,1,0.1179123658309271,53
1104,2,1480,853,627,0,0,0,1.0,1,1.0,1,1.0,1,0.12523560710135986,53
1105,3,1483,853,630,0,0,0,1.0,1,1.0,1,1.0,1,0.1066494588939888,52
1106,1,1484,853,631,0,0,0,1.0,1,1.0,1,1.0,1,0.1183450058906354,52
1107,2,1486,853,633,0,0,0,1.0,1,1.0,1,1.0,1,0.10879526875240171,52
1108,0,1486,853,633,0,0,0,1.0,1,1.0,1,1.0,1,0.11209165312678068,51
1109,3,1489,854,635,0,0,0,1.0,1,1.0,1,1.0,1,0.1420923074613663,49
1110,0,1489,854,635,0,0,0,1.0,1,1.0,1,1.0,1,0.15283760211454767,48
1111,2,1491,855,636,0,0,0,1.0,1,1.0,1,1.0,1,0.20104244991388656,47
1112,2,1493,856,637,0,0,0,1.0,1,1.0,1,1.0,1,0.24998992838396197,46
1113,2,1495,857,638,0,0,0,1.0,1,1.0,1,1.0,1,0.26732171983694686,43
1114,0,1495,857,638,0,0,0,1.0,1,1.0,1,1.0,1,0.2794525827057814,41
1115,2,1497,859,638,0,0,0,1.0,1,1.0,1,1.0,1,0.25556008713878714,40
1116,1,1498,859,639,0,0,0,1.0,1,1.0,1,1.0,1,0.2333943399049511,39
1117,3,1501,861,640,0,0,0,1.0,1,1.0,1,1.0,1,0.2204776341530488,40
1118,0,1501,861,640,0,0,0,1.0,1,1.0,1,1.0,1,0.21185485231156134,40
1119,0,1501,861,640,0,0,0,1.0,1,1.0,1,1.0,1,0.21185485231156134,40
1120,0,1501,861,640,0,0,0,1.0,1,1.0,1,1.0,1,0.21185485231156134,40
1121,2,1503,863,640,0,0,0,1.0,1,1.0,1,1.0,1,0.25928969608370633,40
1122,0,1503,863,640,0,0,0,1.0,1,1.0,1,1.0,1,0.2634880515492537,41
1123,2,1505,865,640,0,0,0,1.0,1,1.0,1,1.0,1,0.3263884803843852,41
1124,3,1508,865,643,0,0,0,1.0,1,1.0,1,1.0,1,0.2845466877309952,41
1125,5,1513,866,647,0,0,0,1.0,1,1.0,1,1.0,1,0.278130306306568,41
1126,1,1514,866,648,0,0,0,1.0,1,1.0,1,1.0,1,0.23664628321050638,41
1127,1,1515,866,649,0,0,0,1.0,1,1.0,1,1.0,1,0.2283724660017412,41
1128,0,1515,866,649,0,0,0,1.0,1,1.0,1,1.0,1,0.24301004539881416,42
1129,3,1518,867,651,0,0,0,1.0,1,1.0,1,1.0,1,0.23845921250032495,42
1130,0,1518,867,651,0,0,0,1.0,1,1.0,1,1.0,1,0.23845921250032495,42
1131,1,1519,867,652,0,0,0,1.0,1,1.0,1,1.0,1,0.22408342634962078,42
1132,0,1519,867,652,0,0,0,1.0,1,1.0,1,1.0,1,0.19399967487632908,43
1133,1,1520,867,653,0,0,0,1.0,1,1.0,1,1.0,1,0.17185846043542885,45
1134,0,1520,867,653,0,0,0,1.0,1,1.0,1,1.0,1,0.1800209251128875,46
1135,0,1520,867,653,0,0,0,1.0,1,1.0,1,1.0,1,0.19361803955850615,45
1136,2,1522,867,655,0,0,0,1.0,1,1.0,1,1.0,1,0.17882424695889912,48
1137,0,1522,867,655,0,0,0,1.0,1,1.0,1,1.0,1,0.19620603238930612,49
1138,3,1525,867,658,0,0,0,1.0,1,1.0,1,1.0,1,0.1510042013738178,49
1139,2,1527,867,660,0,0,0,1.0,1,1.0,1,1.0,1,0.16158194656403982,49
1140,1,1528,867,661,0,0,0,1.0,1,1.0,1,1.0,1,0.1548859312909907,49
1141,4,1532,868,664,0,0,0,1.0,1,1.0,1,1.0,1,0.17125424689416863,48
1142,1,1533,869,664,0,0,0,1.0,1,1.0,1,1.0,1,0.15831095241660154,48
1143,3,1536,870,666,0,0,0,1.0,1,1.0,1,1.0,1,0.17047150848520493,48
1144,0,1536,870,666,0,0,0,1.0,1,1.0,1,1.0,1,0.1620116700505736,48
1145,4,1540,870,670,0,0,0,1.0,1,1.0,1,1.0,1,0.1506566657295142,48
1146,1,1541,870,671,0,0,0,1.0,1,1.0,1,1.0,1,0.15840726892314635,48
1147,0,1541,870,671,0,0,0,1.0,1,1.0,1,1.0,1,0.18100187654717906,46
1148,0,1541,870,671,0,0,0,1.0,1,1.0,1,1.0,1,0.18100187654717906,46
1149,4,1545,870,675,0,0,0,1.0,1,1.0,1,1.0,1,0.1693709993969585,45
1150,1,1546,870,676,0,0,0,1.0,1,1.0,1,1.0,1,0.1776583200838806,46
1151,2,1548,872,676,0,0,0,1.0,1,1.0,1,1.0,1,0.21308308127880554,44
1152,0,1548,872,676,0,0,0,1.0,1,1.0,1,1.0,1,0.18773467174965672,44
1153,4,1552,875,677,0,0,0,1.0,1,1.0,1,1.0,1,0.2501250074331941,43
1154,2,1554,875,679,0,0,0,1.0,1,1.0,1,1.0,1,0.22637026253582818,43
1155,3,1557,876,681,0,0,0,1.0,1,1.0,1,1.0,1,0.2277230460372536,43
1156,1,1558,876,682,0,0,0,1.0,1,1.0,1,1.0,1,0.20123296396219767,42
1157,1,1559,876,683,0,0,0,1.0,1,1.0,1,1.0,1,0.19314047774132018,42
1158,0,1559,876,683,0,0,0,1.0,1,1.0,1,1.0,1,0.17969388143571205,41
1159,0,1559,876,683,0,0,0,1.0,1,1.0,1,1.0,1,0.17906143655353995,41
1160,0,1559,876,683,0,0,0,1.0,1,1.0,1,1.0,1,0.17906143655353995,41
1161,0,1559,876,683,0,0,0,1.0,1,1.0,1,1.0,1,0.18104461426322124,42
1162,0,1559,876,683,0,0,0,1.0,1,1.0,1,1.0,1,0.17077040555038375,43
1163,0,1559,876,683,0,0,0,1.0,1,1.0,1,1.0,1,0.17077040555038375,43
1164,0,1559,876,683,0,0,0,1.0,1,1.0,1,1.0,1,0.1560112446626857,44
1165,1,1560,876,684,0,0,0,1.0,1,1.0,1,1.0,1,0.12625509323410994,44
1166,1,1561,876,685,0,0,0,1.0,1,1.0,1,1.0,1,0.13858052353030711,46
1167,3,1564,877,687,0,0,0,1.0,1,1.0,1,1.0,1,0.1307413506657525,46
1168,1,1565,877,688,0,0,0,1.0,1,1.0,1,1.0,1,0.11040776779950465,47
1169,0,1565,877,688,0,0,0,1.0,1,1.0,1,1.0,1,0.09310450185843776,46
1170,0,1565,877,688,0,0,0,1.0,1,1.0,1,1.0,1,0.09717563536357295,48
1171,2,1567,878,689,0,0,0,1.0,1,1.0,1,1.0,1,0.11307953658057009,49
1172,0,1567,878,689,0,0,0,1.0,1,1.0,1,1.0,1,0.11307953658057009,49
1173,1,1568,878,690,0,0,0,1.0,1,1.0,1,1.0,1,0.10393039290543235,49
1174,1,1569,879,690,0,0,0,1.0,1,1.0,1,1.0,1,0.12548861617772183,49
1175,1,1570,879,691,0,0,0,1.0,1,1.0,1,1.0,1,0.12360218065626778,50
1176,1,1571,879,692,0,0,0,1.0,1,1.0,1,1.0,1,0.12483208994255961,52
1177,3,1574,881,693,0,0,0,1.0,1,1.0,1,1.0,1,0.14930310928079799,52
1178,0,1574,881,693,0,0,0,1.0,1,1.0,1,1.0,1,0.14930310928079799,52
1179,0,1574,881,693,0,0,0,1.0,1,1.0,1,1.0,1,0.1300402395326287,53
1180,1,1575,882,693,0,0,0,1.0,1,1.0,1,1.0,1,0.1398257693251717,54
1181,0,1575,882,693,0,0,0,1.0,1,1.0,1,1.0,1,0.14986565499007468,55
1182,0,1575,882,693,0,0,0,1.0,1,1.0,1,1.0,1,0.14986565499007468,55
1183,1,1576,883,693,0,0,0,1.0,1,1.0,1,1.0,1,0.18386024247490795,53
1184,2,1578,884,694,0,0,0,1.0,1,1.0,1,1.0,1,0.17935261267064798,54
1185,1,1579,884,695,0,0,0,1.0,1,1.0,1,1.0,1,0.1815519887275095,53
1186,2,1581,885,696,0,0,0,1.0,1,1.0,1,1.0,1,0.20346950400952543,54
1187,3,1584,886,698,0,0,0,1.0,1,1.0,1,1.0,1,0.22602670443105866,55
1188,0,1584,886,698,0,0,0,1.0,1,1.0,1,1.0,1,0.22602670443105866,55
1189,1,1585,886,699,0,0,0,1.0,1,1.0,1,1.0,1,0.21552827303680755,54
1190,0,1585,886,699,0,0,0,1.0,1,1.0,1,1.0,1,0.20201821640906947,55
1191,2,1587,886,701,0,0,0,1.0,1,1.0,1,1.0,1,0.1811815538347906,54
1192,1,1588,886,702,0,0,0,1.0,1,1.0,1,1.0,1,0.16630788747444647,52
1193,0,1588,886,702,0,0,0,1.0,1,1.0,1,1.0,1,0.1677097622559744,53
1194,2,1590,886,704,0,0,0,1.0,1,1.0,1,1.0,1,0.1291370017292215,53
1195,1,1591,886,705,0,0,0,1.0,1,1.0,1,1.0,1,0.10491585343457117,54
1196,1,1592,886,706,0,0,0,1.0,1,1.0,1,1.0,1,0.1125089998828194,56
1197,1,1593,887,706,0,0,0,1.0,1,1.0,1,1.0,1,0.10557509323420855,56
1198,2,1595,888,707,0,0,0,1.0,1,1.0,1,1.0,1,0.08456305226417685,58
1199,1,1596,889,707,0,0,0,1.0,1,1.0,1,1.0,1,0.0879430525476825,58
1200,0,1596,889,707,0,0,0,1.0,1,1.0,1,1.0,1,0.0879430525476825,58
1201,1,1597,890,707,0,0,0,1.0,1,1.0,1,1.0,1,0.10758024834889136,58
1202,0,1597,890,707,0,0,0,1.0,1,1.0,1,1.0,1,0.08834316447171639,60
1203,0,1597,890,707,0,0,0,1.0,1,1.0,1,1.0,1,0.09401747142732557,58
1204,3,1600,891,709,0,0,0,1.0,1,1.0,1,1.0,1,0.09804952140995586,59
1205,2,1602,892,710,0,0,0,1.0,1,1.0,1,1.0,1,0.1127660464837155,59
1206,0,1602,892,710,0,0,0,1.0,1,1.0,1,1.0,1,0.1285174932858832,58
1207,3,1605,892,713,0,0,0,1.0,1,1.0,1,1.0,1,0.10305822426397634,60
1208,0,1605,892,713,0,0,0,1.0,1,1.0,1,1.0,1,0.10305822426397634,60
1209,1,1606,892,714,0,0,0,1.0,1,1.0,1,1.0,1,0.10423853909404389,61
1210,1,1607,892,715,0,0,0,1.0,1,1.0,1,1.0,1,0.09806300313589578,61
1211,0,1607,892,715,0,0,0,1.0,1,1.0,1,1.0,1,0.083324857492156,63
1212,0,1607,892,715,0,0,0,1.0,1,1.0,1,1.0,1,0.083324857492156,63
1213,0,1607,892,715,0,0,0,1.0,1,1.0,1,1.0,1,0.083324857492156,63
1214,5,1612,894,718,0,0,0,1.0,1,1.0,1,1.0,1,0.13675231270127683,62
1215,0,1612,894,718,0,0,0,1.0,1,1.0,1,1.0,1,0.1305541756283948,63
1216,1,1613,895,718,0,0,0,1.0,1,1.0,1,1.0,1,0.17655762129060212,64
1217,2,1615,895,720,0,0,0,1.0,1,1.0,1,1.0,1,0.16069141750435625,65
1218,1,1616,895,721,0,0,0,1.0,1,1.0,1,1.0,1,0.16770162893192453,64
1219,3,1619,895,724,0,0,0,1.0,1,1.0,1,1.0,1,0.15729547660988277,65
1220,1,1620,895,725,0,0,0,1.0,1,1.0,1,1.0,1,0.1589234422800187,64
1221,3,1623,895,728,0,0,0,1.0,1,1.0,1,1.0,1,0.13390998779692126,65
1222,1,1624,895,729,0,0,0,1.0,1,1.0,1,1.0,1,0.11993693658475534,66
1223,0,1624,895,729,0,0,0,1.0,1,1.0,1,1.0,1,0.12946587868985354,64
1224,0,1624,895,729,0,0,0,1.0,1,1.0,1,1.0,1,0.1251097059088369,66
1225,3,1627,896,731,0,0,0,1.0,1,1.0,1,1.0,1,0.14092749321238307,66
1226,5,1632,897,735,0,0,0,1.0,1,1.0,1,1.0,1,0.14101253161114946,68
1227,1,1633,898,735,0,0,0,1.0,1,1.0,1,1.0,1,0.13620306488409215,64
1228,0,1633,898,735,0,0,0,1.0,1,1.0,1,1.0,1,0.14741910546861106,62
1229,3,1636,898,738,0,0,0,1.0,1,1.0,1,1.0,1,0.11243972635916602,61
1230,0,1636,898,738,0,0,0,1.0,1,1.0,1,1.0,1,0.12092741217529818,58
1231,0,1636,898,738,0,0,0,1.0,1,1.0,1,1.0,1,0.1123447192192666,57
1232,1,1637,899,738,0,0,0,1.0,1,1.0,1,1.0,1,0.16398960176317268,53
1233,1,1638,900,738,0,0,0,1.0,1,1.0,1,1.0,1,0.171403122224837,53
1234,1,1639,900,739,0,0,0,1.0,1,1.0,1,1.0,1,0.13616120732381176,54
1235,0,1639,900,739,0,0,0,1.0,1,1.0,1,1.0,1,0.15959186581169038,55
1236,2,1641,902,739,0,0,0,1.0,1,1.0,1,1.0,1,0.18641293566317194,55
1237,2,1643,902,741,0,0,0,1.0,1,1.0,1,1.0,1,0.16093603086776317,55
1238,1,1644,903,741,0,0,0,1.0,1,1.0,1,1.0,1,0.1638291790371221,54
1239,1,1645,903,742,0,0,0,1.0,1,1.0,1,1.0,1,0.15494341633805345,55
1240,1,1646,904,742,0,0,0,1.0,1,1.0,1,1.0,1,0.15443047729473938,55
1241,1,1647,904,743,0,0,0,1.0,1,1.0,1,1.0,1,0.1279880240677201,54
1242,0,1647,904,743,0,0,0,1.0,1,1.0,1,1.0,1,0.13173656764993547,54
1243,0,1647,904,743,0,0,0,1.0,1,1.0,1,1.0,1,0.13444285294890562,55
1244,2,1649,904,745,0,0,0,1.0,1,1.0,1,1.0,1,0.12650899783455763,55
1245,2,1651,905,746,0,0,0,1.0,1,1.0,1,1.0,1,0.1373583136801276,55
1246,2,1653,905,748,0,0,0,1.0,1,1.0,1,1.0,1,0.14315786562067193,55
1247,2,1655,906,749,0,0,0,1.0,1,1.0,1,1.0,1,0.17162322208245176,57
1248,0,1655,906,749,0,0,0,1.0,1,1.0,1,1.0,1,0.18344057251779142,56
1249,5,1660,909,751,0,0,0,1.0,1,1.0,1,1.0,1,0.2149071108407389,56
1250,2,1662,911,751,0,0,0,1.0,1,1.0,1,1.0,1,0.19823597113247307,56
1251,2,1664,911,753,0,0,0,1.0,1,1.0,1,1.0,1,0.18156070440151395,58
1252,1,1665,912,753,0,0,0,1.0,1,1.0,1,1.0,1,0.17217373441466044,58
1253,6,1671,914,757,0,0,0,1.0,1,1.0,1,1.0,1,0.1680084728440494,58
1254,0,1671,914,757,0,0,0,1.0,1,1.0,1,1.0,1,0.14272560008307789,60
1255,2,1673,914,759,0,0,0,1.0,1,1.0,1,1.0,1,0.13411150390597087,61
1256,0,1673,914,759,0,0,0,1.0,1,1.0,1,1.0,1,0.13411150390597087,61
1257,2,1675,915,760,0,0,0,1.0,1,1.0,1,1.0,1,0.15322580548564757,62
1258,3,1678,915,763,0,0,0,1.0,1,1.0,1,1.0,1,0.14273790365261366,63
1259,0,1678,915,763,0,0,0,1.0,1,1.0,1,1.0,1,0.14273790365261366,63
1260,1,1679,915,764,0,0,0,1.0,1,1.0,1,1.0,1,0.12669223418939196,63
1261,1,1680,915,765,0,0,0,1.0,1,1.0,1,1.0,1,0.11889011668599883,63
1262,1,1681,915,766,0,0,0,1.0,1,1.0,1,1.0,1,0.11905411536544892,64
1263,2,1683,916,767,0,0,0,1.0,1,1.0,1,1.0,1,0.14669025390936158,63
1264,1,1684,916,768,0,0,0,1.0,1,1.0,1,1.0,1,0.12734227581679455,63
1265,4,1688,918,770,0,0,0,1.0,1,1.0,1,1.0,1,0.15500203260082437,60
1266,1,1689,918,771,0,0,0,1.0,1,1.0,1,1.0,1,0.15028595877829484,61
1267,1,1690,919,771,0,0,0,1.0,1,1.0,1,1.0,1,0.14147379216824152,58
1268,1,1691,920,771,0,0,0,1.0,1,1.0,1,1.0,1,0.18078039342966384,54
1269,3,1694,920,774,0,0,0,1.0,1,1.0,1,1.0,1,0.12059023396634201,54
1270,0,1694,920,774,0,0,0,1.0,1,1.0,1,1.0,1,0.11327683090994257,51
1271,0,1694,920,774,0,0,0,1.0,1,1.0,1,1.0,1,0.12011933897984114,50
1272,0,1694,920,774,0,0,0,1.0,1,1.0,1,1.0,1,0.13910276152399945,47
1273,0,1694,920,774,0,0,0,1.0,1,1.0,1,1.0,1,0.13910276152399945,47
1274,2,1696,920,776,0,0,0,1.0,1,1.0,1,1.0,1,0.13546588974637447,49
1275,2,1698,922,776,0,0,0,1.0,1,1.0,1,1.0,1,0.16604147708446237,48
1276,3,1701,923,778,0,0,0,1.0,1,1.0,1,1.0,1,0.17895418469734578,49
1277,7,1708,927,781,0,0,0,1.0,1,1.0,1,1.0,1,0.16646841541704877,50
1278,3,1711,927,784,0,0,0,1.0,1,1.0,1,1.0,1,0.1596434649592001,51
1279,0,1711,927,784,0,0,0,1.0,1,1.0,1,1.0,1,0.1596434649592001,51
1280,0,1711,927,784,0,0,0,1.0,1,1.0,1,1.0,1,0.14954052659509648,52
1281,3,1714,927,787,0,0,0,1.0,1,1.0,1,1.0,1,0.1217770725839411,52
1282,0,1714,927,787,0,0,0,1.0,1,1.0,1,1.0,1,0.1217770725839411,52
1283,1,1715,928,787,0,0,0,1.0,1,1.0,1,1.0,1,0.15829920029067776,52
1284,2,1717,929,788,0,0,0,1.0,1,1.0,1,1.0,1,0.17536453687917675,52
1285,2,1719,929,790,0,0,0,1.0,1,1.0,1,1.0,1,0.1841816615361283,51
1286,2,1721,929,792,0,0,0,1.0,1,1.0,1,1.0,1,0.17575532825565615,52
1287,3,1724,930,794,0,0,0,1.0,1,1.0,1,1.0,1,0.1846851352450078,54
1288,2,1726,930,796,0,0,0,1.0,1,1.0,1,1.0,1,0.16926795076926776,55
1289,3,1729,930,799,0,0,0,1.0,1,1.0,1,1.0,1,0.13072287552347361,56
1290,0,1729,930,799,0,0,0,1.0,1,1.0,1,1.0,1,0.11065936912098744,57
1291,1,1730,930,800,0,0,0,1.0,1,1.0,1,1.0,1,0.1149749382347577,58
1292,0,1730,930,800,0,0,0,1.0,1,1.0,1,1.0,1,0.1086327137783557,59
1293,0,1730,930,800,0,0,0,1.0,1,1.0,1,1.0,1,0.1086327137783557,59
1294,1,1731,931,800,0,0,0,1.0,1,1.0,1,1.0,1,0.10365641026887064,59
1295,0,1731,931,800,0,0,0,1.0,1,1.0,1,1.0,1,0.10365641026887064,59
1296,2,1733,931,802,0,0,0,1.0,1,1.0,1,1.0,1,0.10664911586960774,59
1297,3,1736,931,805,0,0,0,1.0,1,1.0,1,1.0,1,0.0862199603487962,61
1298,0,1736,931,805,0,0,0,1.0,1,1.0,1,1.0,1,0.10738488584654121,61
1299,0,1736,931,805,0,0,0,1.0,1,1.0,1,1.0,1,0.11708783229811355,60
1300,0,1736,931,805,0,0,0,1.0,1,1.0,1,1.0,1,0.11541550046922966,59
1301,4,1740,932,808,0,0,0,1.0,1,1.0,1,1.0,1,0.13819712022378308,59
1302,1,1741,932,809,0,0,0,1.0,1,1.0,1,1.0,1,0.13211460962025143,59
1303,2,1743,934,809,0,0,0,1.0,1,1.0,1,1.0,1,0.17283435475516776,55
1304,1,1744,935,809,0,0,0,1.0,1,1.0,1,1.0,1,0.15940996147761322,56
1305,5,1749,936,813,0,0,0,1.0,1,1.0,1,1.0,1,0.1407909148082528,54
1306,1,1750,937,813,0,0,0,1.0,1,1.0,1,1.0,1,0.1206018102268705,53
1307,2,1752,939,813,0,0,0,1.0,1,1.0,1,1.0,1,0.13549470288568347,52
1308,3,1755,941,814,0,0,0,1.0,1,1.0,1,1.0,1,0.18848714603639505,52
1309,5,1760,942,818,0,0,0,1.0,1,1.0,1,1.0,1,0.17453587331647735,54
1310,2,1762,943,819,0,0,0,1.0,1,1.0,1,1.0,1,0.18460997491491662,52
1311,1,1763,943,820,0,0,0,1.0,1,1.0,1,1.0,1,0.1632938527696098,51
1312,1,1764,944,820,0,0,0,1.0,1,1.0,1,1.0,1,0.20613847122158402,49
1313,0,1764,944,820,0,0,0,1.0,1,1.0,1,1.0,1,0.2065364353206064,47
1314,1,1765,944,821,0,0,0,1.0,1,1.0,1,1.0,1,0.1816138082785319,46
1315,0,1765,944,821,0,0,0,1.0,1,1.0,1,1.0,1,0.19297864333312773,45
1316,1,1766,944,822,0,0,0,1.0,1,1.0,1,1.0,1,0.17059650050915262,46
1317,1,1767,944,823,0,0,0,1.0,1,1.0,1,1.0,1,0.1455724480924977,45
1318,2,1769,944,825,0,0,0,1.0,1,1.0,1,1.0,1,0.13503927984673247,46
1319,0,1769,944,825,0,0,0,1.0,1,1.0,1,1.0,1,0.13503927984673247,46
1320,0,1769,944,825,0,0,0,1.0,1,1.0,1,1.0,1,0.13503927984673247,46
1321,0,1769,944,825,0,0,0,1.0,1,1.0,1,1.0,1,0.10910545146401873,48
1322,0,1769,944,825,0,0,0,1.0,1,1.0,1,1.0,1,0.12299329438901598,49
1323,1,1770,944,826,0,0,0,1.0,1,1.0,1,1.0,1,0.1178759106179325,49
1324,2,1772,944,828,0,0,0,1.0,1,1.0,1,1.0,1,0.11478968693173175,50
1325,0,1772,944,828,0,0,0,1.0,1,1.0,1,1.0,1,0.12969687714470332,49
1326,3,1775,945,830,0,0,0,1.0,1,1.0,1,1.0,1,0.16694598320921347,50
1327,3,1778,946,832,0,0,0,1.0,1,1.0,1,1.0,1,0.17120284939851055,50
1328,0,1778,946,832,0,0,0,1.0,1,1.0,1,1.0,1,0.18955624989235384,49
1329,3,1781,946,835,0,0,0,1.0,1,1.0,1,1.0,1,0.15098598737880156,50
1330,0,1781,946,835,0,0,0,1.0,1,1.0,1,1.0,1,0.15098598737880156,50
1331,1,1782,947,835,0,0,0,1.0,1,1.0,1,1.0,1,0.17920694981906427,50
1332,1,1783,948,835,0,0,0,1.0,1,1.0,1,1.0,1,0.16502056326826728,51
1333,2,1785,948,837,0,0,0,1.0,1,1.0,1,1.0,1,0.15052422502332183,52
1334,4,1789,948,841,0,0,0,1.0,1,1.0,1,1.0,1,0.12079121725075442,54
1335,0,1789,948,841,0,0,0,1.0,1,1.0,1,1.0,1,0.12079121725075442,54
1336,0,1789,948,841,0,0,0,1.0,1,1.0,1,1.0,1,0.11179541955564076,56
1337,5,1794,950,844,0,0,0,1.0,1,1.0,1,1.0,1,0.1603513687351103,57
1338,0,1794,950,844,0,0,0,1.0,1,1.0,1,1.0,1,0.1603513687351103,57
1339,3,1797,952,845,0,0,0,1.0,1,1.0,1,1.0,1,0.19956268507300187,58
1340,3,1800,952,848,0,0,0,1.0,1,1.0,1,1.0,1,0.18639820290280723,59
1341,0,1800,952,848,0,0,0,1.0,1,1.0,1,1.0,1,0.16385286172954808,57
1342,0,1800,952,848,0,0,0,1.0,1,1.0,1,1.0,1,0.1498396660464949,57
1343,0,1800,952,848,0,0,0,1.0,1,1.0,1,1.0,1,0.1395819933793537,55
1344,0,1800,952,848,0,0,0,1.0,1,1.0,1,1.0,1,0.12804605063398333,54
1345,1,1801,952,849,0,0,0,1.0,1,1.0,1,1.0,1,0.1208194473722722,53
1346,0,1801,952,849,0,0,0,1.0,1,1.0,1,1.0,1,0.12670051107444627,53
1347,0,1801,952,849,0,0,0,1.0,1,1.0,1,1.0,1,0.1376151724602584,51
1348,0,1801,952,849,0,0,0,1.0,1,1.0,1,1.0,1,0.15370519213764966,52
1349,3,1804,954,850,0,0,0,1.0,1,1.0,1,1.0,1,0.18100646834242864,50
1350,1,1805,955,850,0,0,0,1.0,1,1.0,1,1.0,1,0.16653993572168035,51
1351,0,1805,955,850,0,0,0,1.0,1,1.0,1,1.0,1,0.17771888634711636,50
1352,2,1807,956,851,0,0,0,1.0,1,1.0,1,1.0,1,0.15428679858348063,50
1353,1,1808,956,852,0,0,0,1.0,1,1.0,1,1.0,1,0.14414530724941885,50
1354,3,1811,956,855,0,0,0,1.0,1,1.0,1,1.0,1,0.13748206127556128,51
1355,1,1812,957,855,0,0,0,1.0,1,1.0,1,1.0,1,0.10482047822989278,53
1356,1,1813,958,855,0,0,0,1.0,1,1.0,1,1.0,1,0.14631293528223788,52
1357,1,1814,958,856,0,0,0,1.0,1,1.0,1,1.0,1,0.1451739814566405,52
1358,2,1816,959,857,0,0,0,1.0,1,1.0,1,1.0,1,0.11242747784786017,53
1359,3,1819,961,858,0,0,0,1.0,1,1.0,1,1.0,1,0.1304120362276129,54
1360,1,1820,962,858,0,0,0,1.0,1,1.0,1,1.0,1,0.12477874102182338,55
1361,1,1821,963,858,0,0,0,1.0,1,1.0,1,1.0,1,0.13741706613852733,55
1362,0,1821,963,858,0,0,0,1.0,1,1.0,1,1.0,1,0.11959676982030075,56
1363,0,1821,963,858,0,0,0,1.0,1,1.0,1,1.0,1,0.11959676982030075,56
1364,1,1822,963,859,0,0,0,1.0,1,1.0,1,1.0,1,0.11120088128609554,55
1365,2,1824,963,861,0,0,0,1.0,1,1.0,1,1.0,1,0.09959839723589313,56
1366,0,1824,963,861,0,0,0,1.0,1,1.0,1,1.0,1,0.11087330407261328,57
1367,0,1824,963,861,0,0,0,1.0,1,1.0,1,1.0,1,0.11087330407261328,57
1368,2,1826,963,863,0,0,0,1.0,1,1.0,1,1.0,1,0.10861100972979144,58
1369,4,1830,965,865,0,0,0,1.0,1,1.0,1,1.0,1,0.09985803889131616,59
1370,2,1832,967,865,0,0,0,1.0,1,1.0,1,1.0,1,0.11175639614081966,60
1371,1,1833,967,866,0,0,0,1.0,1,1.0,1,1.0,1,0.09781622391411886,59
1372,1,1834,968,866,0,0,0,1.0,1,1.0,1,1.0,1,0.10616952439162705,59
1373,4,1838,969,869,0,0,0,1.0,1,1.0,1,1.0,1,0.08005946880318848,59
1374,1,1839,970,869,0,0,0,1.0,1,1.0,1,1.0,1,0.08635608951441995,59
1375,2,1841,970,871,0,0,0,1.0,1,1.0,1,1.0,1,0.08751540501085447,62
1376,1,1842,971,871,0,0,0,1.0,1,1.0,1,1.0,1,0.11846075603247617,61
1377,2,1844,971,873,0,0,0,1.0,1,1.0,1,1.0,1,0.10545468275776358,63
1378,4,1848,973,875,0,0,0,1.0,1,1.0,1,1.0,1,0.14781899255123623,62
1379,5,1853,976,877,0,0,0,1.0,1,1.0,1,1.0,1,0.18907440456074776,61
1380,2,1855,976,879,0,0,0,1.0,1,1.0,1,1.0,1,0.16488838271852957,60
1381,4,1859,977,882,0,0,0,1.0,1,1.0,1,1.0,1,0.16988591442422415,58
1382,0,1859,977,882,0,0,0,1.0,1,1.0,1,1.0,1,0.15586969800857203,56
1383,1,1860,977,883,0,0,0,1.0,1,1.0,1,1.0,1,0.14411383504455044,57
1384,0,1860,977,883,0,0,0,1.0,1,1.0,1,1.0,1,0.1472329645554628,55
1385,3,1863,977,886,0,0,0,1.0,1,1.0,1,1.0,1,0.10644443593955465,55
1386,0,1863,977,886,0,0,0,1.0,1,1.0,1,1.0,1,0.09563259231938767,54
1387,0,1863,977,886,0,0,0,1.0,1,1.0,1,1.0,1,0.10200012142836982,53
1388,3,1866,979,887,0,0,0,1.0,1,1.0,1,1.0,1,0.12255085457817118,52
1389,0,1866,979,887,0,0,0,1.0,1,1.0,1,1.0,1,0.14688775794755868,52
1390,1,1867,979,888,0,0,0,1.0,1,1.0,1,1.0,1,0.14949899580506926,51
1391,1,1868,979,889,0,0,0,1.0,1,1.0,1,1.0,1,0.15064313529318712,52
1392,0,1868,979,889,0,0,0,1.0,1,1.0,1,1.0,1,0.14041157626233786,51
1393,1,1869,980,889,0,0,0,1.0,1,1.0,1,1.0,1,0.1618409101087176,51
1394,2,1871,980,891,0,0,0,1.0,1,1.0,1,1.0,1,0.1547017526719395,52
1395,0,1871,980,891,0,0,0,1.0,1,1.0,1,1.0,1,0.1547017526719395,52
1396,0,1871,980,891,0,0,0,1.0,1,1.0,1,1.0,1,0.14766937485874995,53
1397,1,1872,980,892,0,0,0,1.0,1,1.0,1,1.0,1,0.1453674841444762,56
1398,1,1873,981,892,0,0,0,1.0,1,1.0,1,1.0,1,0.13845173126380175,56
1399,3,1876,982,894,0,0,0,1.0,1,1.0,1,1.0,1,0.1241493013189103,57
1400,2,1878,984,894,0,0,0,1.0,1,1.0,1,1.0,1,0.13851006941346194,57
1401,1,1879,984,895,0,0,0,1.0,1,1.0,1,1.0,1,0.12730213212696487,57
1402,6,1885,988,897,0,0,0,1.0,1,1.0,1,1.0,1,0.16623780757154588,57
1403,2,1887,988,899,0,0,0,1.0,1,1.0,1,1.0,1,0.1653272028819425,56
1404,2,1889,990,899,0,0,0,1.0,1,1.0,1,1.0,1,0.16531916922647322,58
1405,5,1894,991,903,0,0,0,1.0,1,1.0,1,1.0,1,0.18867059756167284,58
1406,0,1894,991,903,0,0,0,1.0,1,1.0,1,1.0,1,0.18867059756167284,58
1407,0,1894,991,903,0,0,0,1.0,1,1.0,1,1.0,1,0.20890155323676274,57
1408,1,1895,991,904,0,0,0,1.0,1,1.0,1,1.0,1,0.2109925721440899,58
1409,0,1895,991,904,0,0,0,1.0,1,1.0,1,1.0,1,0.20559631711098864,57
1410,1,1896,992,904,0,0,0,1.0,1,1.0,1,1.0,1,0.21134508338361,57
1411,0,1896,992,904,0,0,0,1.0,1,1.0,1,1.0,1,0.22729372861735261,56
1412,0,1896,992,904,0,0,0,1.0,1,1.0,1,1.0,1,0.22699276050283837,55
1413,0,1896,992,904,0,0,0,1.0,1,1.0,1,1.0,1,0.22947958299829105,57
1414,0,1896,992,904,0,0,0,1.0,1,1.0,1,1.0,1,0.22947958299829105,57
1415,1,1897,993,904,0,0,0,1.0,1,1.0,1,1.0,1,0.24745409924411815,60
1416,1,1898,993,905,0,0,0,1.0,1,1.0,1,1.0,1,0.23598776572704308,61
1417,2,1900,993,907,0,0,0,1.0,1,1.0,1,1.0,1,0.19957924977191216,59
1418,2,1902,993,909,0,0,0,1.0,1,1.0,1,1.0,1,0.1827480467279825,60
1419,2,1904,994,910,0,0,0,1.0,1,1.0,1,1.0,1,0.1853840596028006,59
1420,0,1904,994,910,0,0,0,1.0,1,1.0,1,1.0,1,0.1734832919818637,58
1421,2,1906,994,912,0,0,0,1.0,1,1.0,1,1.0,1,0.14374202697731434,57
1422,0,1906,994,912,0,0,0,1.0,1,1.0,1,1.0,1,0.14374202697731434,57
1423,0,1906,994,912,0,0,0,1.0,1,1.0,1,1.0,1,0.13783466215043022,56
1424,0,1906,994,912,0,0,0,1.0,1,1.0,1,1.0,1,0.1408623317728315,57
1425,2,1908,994,914,0,0,0,1.0,1,1.0,1,1.0,1,0.1374657934516237,54
1426,0,1908,994,914,0,0,0,1.0,1,1.0,1,1.0,1,0.15718510000524683,54
1427,2,1910,995,915,0,0,0,1.0,1,1.0,1,1.0,1,0.20581017427654133,53
1428,1,1911,996,915,0,0,0,1.0,1,1.0,1,1.0,1,0.20129379691222166,52
1429,1,1912,996,916,0,0,0,1.0,1,1.0,1,1.0,1,0.1908475089612775,52
1430,2,1914,998,916,0,0,0,1.0,1,1.0,1,1.0,1,0.21648190417610105,51
1431,0,1914,998,916,0,0,0,1.0,1,1.0,1,1.0,1,0.21634649288016494,51
1432,3,1917,1000,917,0,0,0,1.0,1,1.0,1,1.0,1,0.2053280160630294,52
1433,2,1919,1000,919,0,0,0,1.0,1,1.0,1,1.0,1,0.18658994589684105,52
1434,2,1921,1002,919,0,0,0,1.0,1,1.0,1,1.0,1,0.2058651350995449,52
1435,0,1921,1002,919,0,0,0,1.0,1,1.0,1,1.0,1,0.22801534275996543,50
1436,1,1922,1003,919,0,0,0,1.0,1,1.0,1,1.0,1,0.25198104730273885,50
1437,3,1925,1004,921,0,0,0,1.0,1,1.0,1,1.0,1,0.25142323858627713,49
1438,2,1927,1005,922,0,0,0,1.0,1,1.0,1,1.0,1,0.2417614209414407,49
1439,1,1928,1006,922,0,0,0,1.0,1,1.0,1,1.0,1,0.26182514413194263,50
1440,2,1930,1008,922,0,0,0,1.0,1,1.0,1,1.0,1,0.29056412976978396,50
1441,2,1932,1009,923,0,0,0,1.0,1,1.0,1,1.0,1,0.28597047819517446,51
1442,0,1932,1009,923,0,0,0,1.0,1,1.0,1,1.0,1,0.2980800332897296,50
1443,1,1933,1009,924,0,0,0,1.0,1,1.0,1,1.0,1,0.28151413872020203,51
1444,3,1936,1009,927,0,0,0,1.0,1,1.0,1,1.0,1,0.2396560643608407,51
1445,4,1940,1010,930,0,0,0,1.0,1,1.0,1,1.0,1,0.2465245549883243,51
1446,3,1943,1011,932,0,0,0,1.0,1,1.0,1,1.0,1,0.21685086065628803,51
1447,3,1946,1011,935,0,0,0,1.0,1,1.0,1,1.0,1,0.17873312400185334,51
1448,3,1949,1011,938,0,0,0,1.0,1,1.0,1,1.0,1,0.13321746484271618,51
1449,3,1952,1011,941,0,0,0,1.0,1,1.0,1,1.0,1,0.10359197425594925,51
1450,0,1952,1011,941,0,0,0,1.0,1,1.0,1,1.0,1,0.09919983134062561,52
1451,1,1953,1012,941,0,0,0,1.0,1,1.0,1,1.0,1,0.10085252756927428,54
1452,2,1955,1012,943,0,0,0,1.0,1,1.0,1,1.0,1,0.10799445805397126,56
1453,4,1959,1014,945,0,0,0,1.0,1,1.0,1,1.0,1,0.13180472027114007,56
1454,2,1961,1014,947,0,0,0,1.0,1,1.0,1,1.0,1,0.13719821266010707,58
1455,3,1964,1016,948,0,0,0,1.0,1,1.0,1,1.0,1,0.16090061017519125,55
1456,1,1965,1016,949,0,0,0,1.0,1,1.0,1,1.0,1,0.16387345025727212,56
1457,3,1968,1017,951,0,0,0,1.0,1,1.0,1,1.0,1,0.1890003673189599,54
1458,2,1970,1018,952,0,0,0,1.0,1,1.0,1,1.0,1,0.18395190727198488,52
1459,0,1970,1018,952,0,0,0,1.0,1,1.0,1,1.0,1,0.18934584146478814,52
1460,0,1970,1018,952,0,0,0,1.0,1,1.0,1,1.0,1,0.17118543862909752,50
1461,3,1973,1019,954,0,0,0,1.0,1,1.0,1,1.0,1,0.17113466272990777,53
1462,1,1974,1020,954,0,0,0,1.0,1,1.0,1,1.0,1,0.18254038797710445,51
1463,1,1975,1020,955,0,0,0,1.0,1,1.0,1,1.0,1,0.18329341784541286,51
1464,0,1975,1020,955,0,0,0,1.0,1,1.0,1,1.0,1,0.18329341784541286,51
1465,4,1979,1020,959,0,0,0,1.0,1,1.0,1,1.0,1,0.12781353583971913,49
1466,2,1981,1021,960,0,0,0,1.0,1,1.0,1,1.0,1,0.14451383584947985,49
1467,1,1982,1022,960,0,0,0,1.0,1,1.0,1,1.0,1,0.1882981993832324,47
1468,1,1983,1023,960,0,0,0,1.0,1,1.0,1,1.0,1,0.2144291502701559,48
1469,2,1985,1024,961,0,0,0,1.0,1,1.0,1,1.0,1,0.2381885274120336,47
1470,1,1986,1024,962,0,0,0,1.0,1,1.0,1,1.0,1,0.2183334158693622,49
1471,1,1987,1024,963,0,0,0,1.0,1,1.0,1,1.0,1,0.23425135725660012,48
1472,0,1987,1024,963,0,0,0,1.0,1,1.0,1,1.0,1,0.22631262737893484,48
1473,0,1987,1024,963,0,0,0,1.0,1,1.0,1,1.0,1,0.23463846209125996,49
1474,1,1988,1024,964,0,0,0,1.0,1,1.0,1,1.0,1,0.22143181313879592,49
1475,0,1988,1024,964,0,0,0,1.0,1,1.0,1,1.0,1,0.22143181313879592,49
1476,1,1989,1024,965,0,0,0,1.0,1,1.0,1,1.0,1,0.2124440131129525,51
1477,0,1989,1024,965,0,0,0,1.0,1,1.0,1,1.0,1,0.2124440131129525,51
1478,3,1992,1024,968,0,0,0,1.0,1,1.0,1,1.0,1,0.16862940515952796,52
1479,2,1994,1024,970,0,0,0,1.0,1,1.0,1,1.0,1,0.15731167350929726,53
1480,3,1997,1025,972,0,0,0,1.0,1,1.0,1,1.0,1,0.15637544917140997,53
1481,1,1998,1025,973,0,0,0,1.0,1,1.0,1,1.0,1,0.1464822221931166,53
1482,1,1999,1026,973,0,0,0,1.0,1,1.0,1,1.0,1,0.18685995741862482,52
1483,0,1999,1026,973,0,0,0,1.0,1,1.0,1,1.0,1,0.18685995741862482,52
1484,3,2002,1026,976,0,0,0,1.0,1,1.0,1,1.0,1,0.18717263620874178,53
1485,4,2006,1026,980,0,0,0,1.0,1,1.0,1,1.0,1,0.1507348622017032,53
1486,1,2007,1026,981,0,0,0,1.0,1,1.0,1,1.0,1,0.16814857011344417,54
1487,0,2007,1026,981,0,0,0,1.0,1,1.0,1,1.0,1,0.1759855247778715,55
1488,1,2008,1026,982,0,0,0,1.0,1,1.0,1,1.0,1,0.17625097403445014,57
1489,3,2011,1027,984,0,0,0,1.0,1,1.0,1,1.0,1,0.14160221453357213,58
1490,0,2011,1027,984,0,0,0,1.0,1,1.0,1,1.0,1,0.14160221453357213,58
1491,1,2012,1028,984,0,0,0,1.0,1,1.0,1,1.0,1,0.16581809780040135,59
1492,1,2013,1028,985,0,0,0,1.0,1,1.0,1,1.0,1,0.15570595166921353,59
1493,3,2016,1029,987,0,0,0,1.0,1,1.0,1,1.0,1,0.13856154693531644,58
1494,1,2017,1030,987,0,0,0,1.0,1,1.0,1,1.0,1,0.16835541206224877,58
1495,1,2018,1031,987,0,0,0,1.0,1,1.0,1,1.0,1,0.18388702499938486,57
1496,0,2018,1031,987,0,0,0,1.0,1,1.0,1,1.0,1,0.17215422572744987,59
1497,1,2019,1032,987,0,0,0,1.0,1,1.0,1,1.0,1,0.1885571913222953,58
1498,2,2021,1033,988,0,0,0,1.0,1,1.0,1,1.0,1,0.19998698134554024,58
1499,0,2021,1033,988,0,0,0,1.0,1,1.0,1,1.0,1,0.17805026314012326,56
1500,1,2022,1033,989,0,0,0,1.0,1,1.0,1,1.0,1,0.16677194699088146,57
1501,0,2022,1033,989,0,0,0,1.0,1,1.0,1,1.0,1,0.15527022165985402,55
1502,0,2022,1033,989,0,0,0,1.0,1,1.0,1,1.0,1,0.15627967477611526,55
1503,1,2023,1034,989,0,0,0,1.0,1,1.0,1,1.0,1,0.17949700597676746,54
1504,1,2024,1034,990,0,0,0,1.0,1,1.0,1,1.0,1,0.14031387897464803,55
1505,2,2026,1034,992,0,0,0,1.0,1,1.0,1,1.0,1,0.13596851688376174,53
1506,0,2026,1034,992,0,0,0,1.0,1,1.0,1,1.0,1,0.14612533642928893,55
1507,0,2026,1034,992,0,0,0,1.0,1,1.0,1,1.0,1,0.1699118419253834,53
1508,2,2028,1035,993,0,0,0,1.0,1,1.0,1,1.0,1,0.15009933995582653,53
1509,3,2031,1035,996,0,0,0,1.0,1,1.0,1,1.0,1,0.16083151924949413,52
1510,1,2032,1035,997,0,0,0,1.0,1,1.0,1,1.0,1,0.17306973866469585,50
1511,0,2032,1035,997,0,0,0,1.0,1,1.0,1,1.0,1,0.182424884802024,49
1512,3,2035,1037,998,0,0,0,1.0,1,1.0,1,1.0,1,0.2308263675467965,48
1513,1,2036,1037,999,0,0,0,1.0,1,1.0,1,1.0,1,0.25991462541126314,47
1514,2,2038,1037,1001,0,0,0,1.0,1,1.0,1,1.0,1,0.21965149814440602,48
1515,1,2039,1037,1002,0,0,0,1.0,1,1.0,1,1.0,1,0.21171833821699707,48
1516,0,2039,1037,1002,0,0,0,1.0,1,1.0,1,1.0,1,0.21927430405959422,47
1517,4,2043,1037,1006,0,0,0,1.0,1,1.0,1,1.0,1,0.19249170767586188,48
1518,2,2045,1037,1008,0,0,0,1.0,1,1.0,1,1.0,1,0.16929056714878088,48
1519,0,2045,1037,1008,0,0,0,1.0,1,1.0,1,1.0,1,0.18332283022551438,47
1520,0,2045,1037,1008,0,0,0,1.0,1,1.0,1,1.0,1,0.19202090874891645,48
1521,2,2047,1037,1010,0,0,0,1.0,1,1.0,1,1.0,1,0.16106537546177083,49
1522,0,2047,1037,1010,0,0,0,1.0,1,1.0,1,1.0,1,0.15931300261121145,48
1523,0,2047,1037,1010,0,0,0,1.0,1,1.0,1,1.0,1,0.17130677204877556,49
1524,1,2048,1038,1010,0,0,0,1.0,1,1.0,1,1.0,1,0.1903402265459575,49
1525,2,2050,1038,1012,0,0,0,1.0,1,1.0,1,1.0,1,0.17464137999678914,51
1526,0,2050,1038,1012,0,0,0,1.0,1,1.0,1,1.0,1,0.1557655231277569,52
1527,2,2052,1038,1014,0,0,0,1.0,1,1.0,1,1.0,1,0.14701395226676212,54
1528,2,2054,1039,1015,0,0,0,1.0,1,1.0,1,1.0,1,0.1146692788223359,54
1529,0,2054,1039,1015,0,0,0,1.0,1,1.0,1,1.0,1,0.1146692788223359,54
1530,1,2055,1040,1015,0,0,0,1.0,1,1.0,1,1.0,1,0.1347048850046965,54
1531,1,2056,1040,1016,0,0,0,1.0,1,1.0,1,1.0,1,0.11282600806867543,54
1532,2,2058,1041,1017,0,0,0,1.0,1,1.0,1,1.0,1,0.08583508059137476,54
1533,0,2058,1041,1017,0,0,0,1.0,1,1.0,1,1.0,1,0.09086467967112762,54
1534,1,2059,1041,1018,0,0,0,1.0,1,1.0,1,1.0,1,0.06937214413047464,54
1535,0,2059,1041,1018,0,0,0,1.0,1,1.0,1,1.0,1,0.06937214413047464,54
1536,0,2059,1041,1018,0,0,0,1.0,1,1.0,1,1.0,1,0.07940572465617317,55
1537,0,2059,1041,1018,0,0,0,1.0,1,1.0,1,1.0,1,0.08765847010888178,53
1538,1,2060,1041,1019,0,0,0,1.0,1,1.0,1,1.0,1,0.09173884774496627,54
1539,0,2060,1041,1019,0,0,0,1.0,1,1.0,1,1.0,1,0.11320611146151167,54
1540,0,2060,1041,1019,0,0,0,1.0,1,1.0,1,1.0,1,0.11320611146151167,54
1541,2,2062,1041,1021,0,0,0,1.0,1,1.0,1,1.0,1,0.08837819353644402,54
1542,4,2066,1042,1024,0,0,0,1.0,1,1.0,1,1.0,1,0.07426039433100866,57
1543,2,2068,1043,1025,0,0,0,1.0,1,1.0,1,1.0,1,0.10822147569759433,55
1544,3,2071,1045,1026,0,0,0,1.0,1,1.0,1,1.0,1,0.11396281696004426,54
1545,1,2072,1045,1027,0,0,0,1.0,1,1.0,1,1.0,1,0.12052746455613039,54
1546,3,2075,1047,1028,0,0,0,1.0,1,1.0,1,1.0,1,0.10116968976762088,53
1547,2,2077,1049,1028,0,0,0,1.0,1,1.0,1,1.0,1,0.08492541572019531,53
1548,3,2080,1052,1028,0,0,0,1.0,1,1.0,1,1.0,1,0.08907587610304715,54
1549,5,2085,1054,1031,0,0,0,1.0,1,1.0,1,1.0,1,0.08631524581577127,52
1550,4,2089,1057,1032,0,0,0,1.0,1,1.0,1,1.0,1,0.10640831531146829,52
1551,4,2093,1059,1034,0,0,0,1.0,1,1.0,1,1.0,1,0.09948817775578721,52
1552,1,2094,1060,1034,0,0,0,1.0,1,1.0,1,1.0,1,0.13103732299754928,51
1553,5,2099,1060,1039,0,0,0,1.0,1,1.0,1,1.0,1,0.1240931299961449,51
1554,4,2103,1062,1041,0,0,0,1.0,1,1.0,1,1.0,1,0.07251167374288812,51
1555,1,2104,1063,1041,0,0,0,1.0,1,1.0,1,1.0,1,0.10150745327940838,50
1556,2,2106,1065,1041,0,0,0,1.0,1,1.0,1,1.0,1,0.09529561513628286,51
1557,4,2110,1067,1043,0,0,0,1.0,1,1.0,1,1.0,1,0.07999598585481664,51
1558,0,2110,1067,1043,0,0,0,1.0,1,1.0,1,1.0,1,0.08937620328559946,52
1559,1,2111,1068,1043,0,0,0,1.0,1,1.0,1,1.0,1,0.08476024817898739,53
1560,1,2112,1069,1043,0,0,0,1.0,1,1.0,1,1.0,1,0.12632744229009915,51
1561,2,2114,1070,1044,0,0,0,1.0,1,1.0,1,1.0,1,0.12818735323858318,51
1562,1,2115,1070,1045,0,0,0,1.0,1,1.0,1,1.0,1,0.12069385468929876,52
1563,1,2116,1070,1046,0,0,0,1.0,1,1.0,1,1.0,1,0.11013326640232184,52
1564,0,2116,1070,1046,0,0,0,1.0,1,1.0,1,1.0,1,0.09507667488923317,51
1565,1,2117,1070,1047,0,0,0,1.0,1,1.0,1,1.0,1,0.09130334630655221,53
1566,0,2117,1070,1047,0,0,0,1.0,1,1.0,1,1.0,1,0.08788369779088848,53
1567,1,2118,1071,1047,0,0,0,1.0,1,1.0,1,1.0,1,0.08252555636755039,52
1568,3,2121,1072,1049,0,0,0,1.0,1,1.0,1,1.0,1,0.0709470067834742,52
1569,1,2122,1073,1049,0,0,0,1.0,1,1.0,1,1.0,1,0.09955918314630915,49
1570,1,2123,1074,1049,0,0,0,1.0,1,1.0,1,1.0,1,0.11638174747177152,48
1571,2,2125,1076,1049,0,0,0,1.0,1,1.0,1,1.0,1,0.1369178946165645,46
1572,3,2128,1079,1049,0,0,0,1.0,1,1.0,1,1.0,1,0.11633667428291819,47
1573,2,2130,1080,1050,0,0,0,1.0,1,1.0,1,1.0,1,0.12962283812368167,48
1574,2,2132,1082,1050,0,0,0,1.0,1,1.0,1,1.0,1,0.11812131278632511,46
1575,1,2133,1083,1050,0,0,0,1.0,1,1.0,1,1.0,1,0.1503738334211398,47
1576,3,2136,1086,1050,0,0,0,1.0,1,1.0,1,1.0,1,0.11438892244984704,46
1577,2,2138,1086,1052,0,0,0,1.0,1,1.0,1,1.0,1,0.062553300633217,45
1578,1,2139,1087,1052,0,0,0,1.0,1,1.0,1,1.0,1,0.052187094242820246,44
1579,0,2139,1087,1052,0,0,0,1.0,1,1.0,1,1.0,1,0.054922820446314094,43
1580,0,2139,1087,1052,0,0,0,1.0,1,1.0,1,1.0,1,0.054922820446314094,43
1581,1,2140,1087,1053,0,0,0,1.0,1,1.0,1,1.0,1,0.08309648554859486,42
1582,0,2140,1087,1053,0,0,0,1.0,1,1.0,1,1.0,1,0.08309648554859486,42
1583,1,2141,1088,1053,0,0,0,1.0,1,1.0,1,1.0,1,0.0588120380348841,43
1584,1,2142,1088,1054,0,0,0,1.0,1,1.0,1,1.0,1,0.03484735978678391,41
1585,5,2147,1093,1054,0,0,0,1.0,1,1.0,1,1.0,1,0.07592073540937111,43
1586,2,2149,1095,1054,0,0,0,1.0,1,1.0,1,1.0,1,0.10593031543948182,42
1587,3,2152,1097,1055,0,0,0,1.0,1,1.0,1,1.0,1,0.13438987588402182,42
1588,2,2154,1098,1056,0,0,0,1.0,1,1.0,1,1.0,1,0.16824468834537215,42
1589,2,2156,1099,1057,0,0,0,1.0,1,1.0,1,1.0,1,0.1369194175325356,42
1590,2,2158,1099,1059,0,0,0,1.0,1,1.0,1,1.0,1,0.16489226034036708,41
1591,0,2158,1099,1059,0,0,0,1.0,1,1.0,1,1.0,1,0.18096656631469962,40
1592,0,2158,1099,1059,0,0,0,1.0,1,1.0,1,1.0,1,0.20195037464498317,39
1593,4,2162,1100,1062,0,0,0,1.0,1,1.0,1,1.0,1,0.1327080834629135,39
1594,1,2163,1100,1063,0,0,0,1.0,1,1.0,1,1.0,1,0.135736003045583,39
1595,0,2163,1100,1063,0,0,0,1.0,1,1.0,1,1.0,1,0.14381681373969155,42
1596,0,2163,1100,1063,0,0,0,1.0,1,1.0,1,1.0,1,0.17364893400588563,41
1597,3,2166,1100,1066,0,0,0,1.0,1,1.0,1,1.0,1,0.12403346265532714,41
1598,0,2166,1100,1066,0,0,0,1.0,1,1.0,1,1.0,1,0.1638917123010165,39
1599,1,2167,1101,1066,0,0,0,1.0,1,1.0,1,1.0,1,0.1791179415197571,39
1600,1,2168,1101,1067,0,0,0,1.0,1,1.0,1,1.0,1,0.17813008523893575,40
1601,5,2173,1103,1070,0,0,0,1.0,1,1.0,1,1.0,1,0.16395129283676277,41
1602,0,2173,1103,1070,0,0,0,1.0,1,1.0,1,1.0,1,0.14482257964755582,41
1603,1,2174,1104,1070,0,0,0,1.0,1,1.0,1,1.0,1,0.17869382586352742,43
1604,2,2176,1105,1071,0,0,0,1.0,1,1.0,1,1.0,1,0.16574209121371222,43
1605,5,2181,1106,1075,0,0,0,1.0,1,1.0,1,1.0,1,0.11722428729268881,44
1606,1,2182,1107,1075,0,0,0,1.0,1,1.0,1,1.0,1,0.12888892519418554,44
1607,1,2183,1108,1075,0,0,0,1.0,1,1.0,1,1.0,1,0.10728427283478971,42
1608,0,2183,1108,1075,0,0,0,1.0,1,1.0,1,1.0,1,0.11133822509863033,41
1609,0,2183,1108,1075,0,0,0,1.0,1,1.0,1,1.0,1,0.06919004795205716,39
1610,0,2183,1108,1075,0,0,0,1.0,1,1.0,1,1.0,1,0.02440195464084457,39
1611,0,2183,1108,1075,0,0,0,1.0,1,1.0,1,1.0,1,0.04003129532430896,40
1612,0,2183,1108,1075,0,0,0,1.0,1,1.0,1,1.0,1,0.03630080773734512,39
1613,0,2183,1108,1075,0,0,0,1.0,1,1.0,1,1.0,1,0.03178966372768617,41
1614,2,2185,1110,1075,0,0,0,1.0,1,1.0,1,1.0,1,0.036132439139970676,41
1615,1,2186,1111,1075,0,0,0,1.0,1,1.0,1,1.0,1,0.047886517444065274,41
1616,1,2187,1112,1075,0,0,0,1.0,1,1.0,1,1.0,1,0.04429817101018057,43
1617,1,2188,1113,1075,0,0,0,1.0,1,1.0,1,1.0,1,0.07734768660652065,44
1618,0,2188,1113,1075,0,0,0,1.0,1,1.0,1,1.0,1,0.07734768660652065,44
1619,2,2190,1115,1075,0,0,0,1.0,1,1.0,1,1.0,1,0.127751906327464,44
1620,2,2192,1115,1077,0,0,0,1.0,1,1.0,1,1.0,1,0.12178586993716013,45
1621,1,2193,1115,1078,0,0,0,1.0,1,1.0,1,1.0,1,0.10470204477066576,44
1622,2,2195,1117,1078,0,0,0,1.0,1,1.0,1,1.0,1,0.1282667786777528,44
1623,1,2196,1118,1078,0,0,0,1.0,1,1.0,1,1.0,1,0.14414452378111192,43
1624,1,2197,1119,1078,0,0,0,1.0,1,1.0,1,1.0,1,0.13240154499504214,43
1625,3,2200,1120,1080,0,0,0,1.0,1,1.0,1,1.0,1,0.10440535308667463,43
1626,1,2201,1120,1081,0,0,0,1.0,1,1.0,1,1.0,1,0.1081740045690859,42
1627,1,2202,1121,1081,0,0,0,1.0,1,1.0,1,1.0,1,0.10174458411334539,42
1628,0,2202,1121,1081,0,0,0,1.0,1,1.0,1,1.0,1,0.11597726906045405,42
1629,1,2203,1122,1081,0,0,0,1.0,1,1.0,1,1.0,1,0.11829477100965081,41
1630,2,2205,1123,1082,0,0,0,1.0,1,1.0,1,1.0,1,0.10150819256048152,41
1631,0,2205,1123,1082,0,0,0,1.0,1,1.0,1,1.0,1,0.12656647703115306,40
1632,0,2205,1123,1082,0,0,0,1.0,1,1.0,1,1.0,1,0.1338144363092399,39
1633,1,2206,1123,1083,0,0,0,1.0,1,1.0,1,1.0,1,0.11864365712042271,39
1634,0,2206,1123,1083,0,0,0,1.0,1,1.0,1,1.0,1,0.11864365712042271,39
1635,1,2207,1123,1084,0,0,0,1.0,1,1.0,1,1.0,1,0.11465103726666509,40
1636,1,2208,1123,1085,0,0,0,1.0,1,1.0,1,1.0,1,0.11990420099609568,41
1637,2,2210,1123,1087,0,0,0,1.0,1,1.0,1,1.0,1,0.10611705091132023,41
1638,1,2211,1124,1087,0,0,0,1.0,1,1.0,1,1.0,1,0.13507945144223724,42
1639,2,2213,1125,1088,0,0,0,1.0,1,1.0,1,1.0,1,0.10129535336095853,43
1640,2,2215,1127,1088,0,0,0,1.0,1,1.0,1,1.0,1,0.06561597779899589,43
1641,1,2216,1128,1088,0,0,0,1.0,1,1.0,1,1.0,1,0.05100800267181851,44
1642,6,2222,1132,1090,0,0,0,1.0,1,1.0,1,1.0,1,0.09820853036913331,45
1643,1,2223,1133,1090,0,0,0,1.0,1,1.0,1,1.0,1,0.12755943097912867,44
1644,1,2224,1134,1090,0,0,0,1.0,1,1.0,1,1.0,1,0.1406028533620506,45
1645,1,2225,1135,1090,0,0,0,1.0,1,1.0,1,1.0,1,0.09607344218582675,44
1646,1,2226,1135,1091,0,0,0,1.0,1,1.0,1,1.0,1,0.06705505419841942,43
1647,1,2227,1136,1091,0,0,0,1.0,1,1.0,1,1.0,1,0.10659658334926839,43
1648,0,2227,1136,1091,0,0,0,1.0,1,1.0,1,1.0,1,0.1273872827677049,42
1649,1,2228,1136,1092,0,0,0,1.0,1,1.0,1,1.0,1,0.10974945879745411,41
1650,0,2228,1136,1092,0,0,0,1.0,1,1.0,1,1.0,1,0.10974945879745411,41
1651,0,2228,1136,1092,0,0,0,1.0,1,1.0,1,1.0,1,0.11879538444718526,40
1652,1,2229,1136,1093,0,0,0,1.0,1,1.0,1,1.0,1,0.0768931283455129,39
1653,1,2230,1136,1094,0,0,0,1.0,1,1.0,1,1.0,1,0.08021642137619496,39
1654,1,2231,1136,1095,0,0,0,1.0,1,1.0,1,1.0,1,0.03550173165291225,39
1655,2,2233,1138,1095,0,0,0,1.0,1,1.0,1,1.0,1,0.07979397323583085,40
1656,1,2234,1139,1095,0,0,0,1.0,1,1.0,1,1.0,1,0.1258807358141605,40
1657,1,2235,1140,1095,0,0,0,1.0,1,1.0,1,1.0,1,0.11538401227228418,40
1658,1,2236,1141,1095,0,0,0,1.0,1,1.0,1,1.0,1,0.10889835329748929,40
1659,4,2240,1144,1096,0,0,0,1.0,1,1.0,1,1.0,1,0.16662625530592187,40
1660,2,2242,1146,1096,0,0,0,1.0,1,1.0,1,1.0,1,0.13773557099721656,41
1661,4,2246,1148,1098,0,0,0,1.0,1,1.0,1,1.0,1,0.09468684645764387,42
1662,2,2248,1149,1099,0,0,0,1.0,1,1.0,1,1.0,1,0.02883515092533946,44
1663,1,2249,1150,1099,0,0,0,1.0,1,1.0,1,1.0,1,0.07715660683009644,43
1664,1,2250,1151,1099,0,0,0,1.0,1,1.0,1,1.0,1,0.07138172471142581,42
1665,1,2251,1152,1099,0,0,0,1.0,1,1.0,1,1.0,1,0.09185201009318067,42
1666,3,2254,1154,1100,0,0,0,1.0,1,1.0,1,1.0,1,0.05429220927001627,43
1667,1,2255,1155,1100,0,0,0,1.0,1,1.0,1,1.0,1,0.06590369731664059,40
1668,0,2255,1155,1100,0,0,0,1.0,1,1.0,1,1.0,1,0.07405897226705156,40
1669,3,2258,1158,1100,0,0,0,1.0,1,1.0,1,1.0,1,0.10449475653590563,40
1670,1,2259,1159,1100,0,0,0,1.0,1,1.0,1,1.0,1,0.11668515963963365,39
1671,1,2260,1160,1100,0,0,0,1.0,1,1.0,1,1.0,1,0.1322865319981519,39
1672,2,2262,1162,1100,0,0,0,1.0,1,1.0,1,1.0,1,0.17596241204884933,38
1673,3,2265,1164,1101,0,0,0,1.0,1,1.0,1,1.0,1,0.18779648973708915,38
1674,2,2267,1165,1102,0,0,0,1.0,1,1.0,1,1.0,1,0.1730859021683281,38
1675,0,2267,1165,1102,0,0,0,1.0,1,1.0,1,1.0,1,0.1516199550515252,39
1676,1,2268,1165,1103,0,0,0,1.0,1,1.0,1,1.0,1,0.1565389154355378,39
1677,0,2268,1165,1103,0,0,0,1.0,1,1.0,1,1.0,1,0.13932715486193242,40
1678,2,2270,1166,1104,0,0,0,1.0,1,1.0,1,1.0,1,0.1652910947743615,39
1679,0,2270,1166,1104,0,0,0,1.0,1,1.0,1,1.0,1,0.1652910947743615,39
1680,1,2271,1167,1104,0,0,0,1.0,1,1.0,1,1.0,1,0.1822004171853327,40
1681,1,2272,1168,1104,0,0,0,1.0,1,1.0,1,1.0,1,0.16818398945211957,41
1682,3,2275,1168,1107,0,0,0,1.0,1,1.0,1,1.0,1,0.11189556567017522,40
1683,5,2280,1172,1108,0,0,0,1.0,1,1.0,1,1.0,1,0.11521102272299669,43
1684,3,2283,1173,1110,0,0,0,1.0,1,1.0,1,1.0,1,0.11979421524410111,42
1685,3,2286,1175,1111,0,0,0,1.0,1,1.0,1,1.0,1,0.09329899883674526,41
1686,0,2286,1175,1111,0,0,0,1.0,1,1.0,1,1.0,1,0.06864805369540203,39
1687,4,2290,1179,1111,0,0,0,1.0,1,1.0,1,1.0,1,0.1516347821167051,41
1688,0,2290,1179,1111,0,0,0,1.0,1,1.0,1,1.0,1,0.128401498565509,39
1689,3,2293,1182,1111,0,0,0,1.0,1,1.0,1,1.0,1,0.13230800886480973,37
1690,0,2293,1182,1111,0,0,0,1.0,1,1.0,1,1.0,1,0.13334807278694508,36
1691,3,2296,1183,1113,0,0,0,1.0,1,1.0,1,1.0,1,0.14159305970137384,36
1692,0,2296,1183,1113,0,0,0,1.0,1,1.0,1,1.0,1,0.13520999551745538,34
1693,1,2297,1184,1113,0,0,0,1.0,1,1.0,1,1.0,1,0.10877586341614455,33
1694,2,2299,1185,1114,0,0,0,1.0,1,1.0,1,1.0,1,0.1294679136232631,32
1695,1,2300,1185,1115,0,0,0,1.0,1,1.0,1,1.0,1,0.09040769390778004,32
1696,1,2301,1186,1115,0,0,0,1.0,1,1.0,1,1.0,1,0.12895061502693247,34
1697,3,2304,1187,1117,0,0,0,1.0,1,1.0,1,1.0,1,0.11708918493704439,34
1698,3,2307,1189,1118,0,0,0,1.0,1,1.0,1,1.0,1,0.13027839587322998,36
1699,1,2308,1190,1118,0,0,0,1.0,1,1.0,1,1.0,1,0.15980804002378843,36
1700,2,2310,1191,1119,0,0,0,1.0,1,1.0,1,1.0,1,0.1660245351978065,37
1701,1,2311,1191,1120,0,0,0,1.0,1,1.0,1,1.0,1,0.14455113164484365,39
1702,0,2311,1191,1120,0,0,0,1.0,1,1.0,1,1.0,1,0.14455113164484365,39
1703,0,2311,1191,1120,0,0,0,1.0,1,1.0,1,1.0,1,0.1324106631176695,38
1704,0,2311,1191,1120,0,0,0,1.0,1,1.0,1,1.0,1,0.10334017729167869,38
1705,2,2313,1193,1120,0,0,0,1.0,1,1.0,1,1.0,1,0.12636539614176678,37
1706,3,2316,1194,1122,0,0,0,1.0,1,1.0,1,1.0,1,0.08277341238935419,37
1707,1,2317,1195,1122,0,0,0,1.0,1,1.0,1,1.0,1,0.1174240735253393,36
1708,0,2317,1195,1122,0,0,0,1.0,1,1.0,1,1.0,1,0.15789936851183817,34
1709,3,2320,1195,1125,0,0,0,1.0,1,1.0,1,1.0,1,0.07356773910588142,34
1710,4,2324,1198,1126,0,0,0,1.0,1,1.0,1,1.0,1,0.20942249036538,33
1711,0,2324,1198,1126,0,0,0,1.0,1,1.0,1,1.0,1,0.19654778594004937,32
1712,1,2325,1199,1126,0,0,0,1.0,1,1.0,1,1.0,1,0.2289317700528335,31
1713,2,2327,1199,1128,0,0,0,1.0,1,1.0,1,1.0,1,0.19166990746650253,32
1714,0,2327,1199,1128,0,0,0,1.0,1,1.0,1,1.0,1,0.19166990746650253,32
1715,0,2327,1199,1128,0,0,0,1.0,1,1.0,1,1.0,1,0.19166990746650253,32
1716,3,2330,1200,1130,0,0,0,1.0,1,1.0,1,1.0,1,0.12811645761300022,34
1717,1,2331,1200,1131,0,0,0,1.0,1,1.0,1,1.0,1,0.09049881383582245,34
1718,1,2332,1200,1132,0,0,0,1.0,1,1.0,1,1.0,1,0.10349959175847306,34
1719,1,2333,1201,1132,0,0,0,1.0,1,1.0,1,1.0,1,0.14813796692861356,34
1720,1,2334,1202,1132,0,0,0,1.0,1,1.0,1,1.0,1,0.16014763221784745,34
1721,3,2337,1203,1134,0,0,0,1.0,1,1.0,1,1.0,1,0.15720091067895228,35
1722,0,2337,1203,1134,0,0,0,1.0,1,1.0,1,1.0,1,0.13201286056146602,35
1723,0,2337,1203,1134,0,0,0,1.0,1,1.0,1,1.0,1,0.11511523253480432,34
1724,1,2338,1204,1134,0,0,0,1.0,1,1.0,1,1.0,1,0.04483879931330249,33
1725,0,2338,1204,1134,0,0,0,1.0,1,1.0,1,1.0,1,0.06149336488087618,35
1726,0,2338,1204,1134,0,0,0,1.0,1,1.0,1,1.0,1,0.0687454820504295,34
1727,0,2338,1204,1134,0,0,0,1.0,1,1.0,1,1.0,1,0.0687454820504295,34
1728,1,2339,1205,1134,0,0,0,1.0,1,1.0,1,1.0,1,0.04234697696749285,35
1729,1,2340,1206,1134,0,0,0,1.0,1,1.0,1,1.0,1,0.03882338791115526,35
1730,0,2340,1206,1134,0,0,0,1.0,1,1.0,1,1.0,1,0.03882338791115526,35
1731,1,2341,1207,1134,0,0,0,1.0,1,1.0,1,1.0,1,0.1101282618562651,35
1732,0,2341,1207,1134,0,0,0,1.0,1,1.0,1,1.0,1,0.1101282618562651,35
1733,1,2342,1207,1135,0,0,0,1.0,1,1.0,1,1.0,1,0.11419808610335876,33
1734,0,2342,1207,1135,0,0,0,1.0,1,1.0,1,1.0,1,0.13083526321397562,34
1735,0,2342,1207,1135,0,0,0,1.0,1,1.0,1,1.0,1,0.15982023647450286,33
1736,3,2345,1210,1135,0,0,0,1.0,1,1.0,1,1.0,1,0.15175497709420704,33
1737,1,2346,1210,1136,0,0,0,1.0,1,1.0,1,1.0,1,0.10365475023144445,35
1738,1,2347,1211,1136,0,0,0,1.0,1,1.0,1,1.0,1,0.08549313305693705,36
1739,2,2349,1213,1136,0,0,0,1.0,1,1.0,1,1.0,1,0.08004779028369748,36
1740,2,2351,1214,1137,0,0,0,1.0,1,1.0,1,1.0,1,0.06110216541326797,37
1741,0,2351,1214,1137,0,0,0,1.0,1,1.0,1,1.0,1,0.06780146308712963,36
1742,0,2351,1214,1137,0,0,0,1.0,1,1.0,1,1.0,1,0.06780146308712963,36
1743,3,2354,1216,1138,0,0,0,1.0,1,1.0,1,1.0,1,0.12694358294951866,37
1744,1,2355,1216,1139,0,0,0,1.0,1,1.0,1,1.0,1,0.11443663975542732,37
1745,5,2360,1220,1140,0,0,0,1.0,1,1.0,1,1.0,1,0.24395607944616654,38
1746,3,2363,1220,1143,0,0,0,1.0,1,1.0,1,1.0,1,0.20393804483480796,38
1747,2,2365,1221,1144,0,0,0,1.0,1,1.0,1,1.0,1,0.21864717702748906,37
1748,2,2367,1223,1144,0,0,0,1.0,1,1.0,1,1.0,1,0.19200402590248072,38
1749,2,2369,1223,1146,0,0,0,1.0,1,1.0,1,1.0,1,0.16039417799931763,38
1750,0,2369,1223,1146,0,0,0,1.0,1,1.0,1,1.0,1,0.17601405610168913,39
1751,0,2369,1223,1146,0,0,0,1.0,1,1.0,1,1.0,1,0.16855534424449473,41
1752,0,2369,1223,1146,0,0,0,1.0,1,1.0,1,1.0,1,0.16855534424449473,41
1753,2,2371,1223,1148,0,0,0,1.0,1,1.0,1,1.0,1,0.1590972455430606,41
1754,2,2373,1224,1149,0,0,0,1.0,1,1.0,1,1.0,1,0.1387987896091381,40
1755,0,2373,1224,1149,0,0,0,1.0,1,1.0,1,1.0,1,0.14087165194233534,41
1756,0,2373,1224,1149,0,0,0,1.0,1,1.0,1,1.0,1,0.18175613173812186,41
1757,2,2375,1224,1151,0,0,0,1.0,1,1.0,1,1.0,1,0.17063704749762354,40
1758,1,2376,1224,1152,0,0,0,1.0,1,1.0,1,1.0,1,0.14790172618157307,41
1759,1,2377,1225,1152,0,0,0,1.0,1,1.0,1,1.0,1,0.18351262288751066,38
1760,1,2378,1226,1152,0,0,0,1.0,1,1.0,1,1.0,1,0.17385284963622047,38
1761,4,2382,1227,1155,0,0,0,1.0,1,1.0,1,1.0,1,0.15957630514145388,37
1762,1,2383,1228,1155,0,0,0,1.0,1,1.0,1,1.0,1,0.16922221559708,37
1763,3,2386,1230,1156,0,0,0,1.0,1,1.0,1,1.0,1,0.15798011476576515,37
1764,2,2388,1231,1157,0,0,0,1.0,1,1.0,1,1.0,1,0.17867819005831384,36
1765,4,2392,1234,1158,0,0,0,1.0,1,1.0,1,1.0,1,0.2142265902793366,36
1766,3,2395,1235,1160,0,0,0,1.0,1,1.0,1,1.0,1,0.17954924798037158,37
1767,1,2396,1236,1160,0,0,0,1.0,1,1.0,1,1.0,1,0.21686234604921753,37
1768,0,2396,1236,1160,0,0,0,1.0,1,1.0,1,1.0,1,0.17137807738129637,37
1769,1,2397,1237,1160,0,0,0,1.0,1,1.0,1,1.0,1,0.16298224770101455,38
1770,2,2399,1238,1161,0,0,0,1.0,1,1.0,1,1.0,1,0.1677386810574869,39
1771,0,2399,1238,1161,0,0,0,1.0,1,1.0,1,1.0,1,0.1677386810574869,39
1772,1,2400,1239,1161,0,0,0,1.0,1,1.0,1,1.0,1,0.1805540662144605,39
1773,3,2403,1240,1163,0,0,0,1.0,1,1.0,1,1.0,1,0.11757353172539,41
1774,1,2404,1241,1163,0,0,0,1.0,1,1.0,1,1.0,1,0.1407384601307179,41
1775,0,2404,1241,1163,0,0,0,1.0,1,1.0,1,1.0,1,0.14409888237447865,42
1776,2,2406,1242,1164,0,0,0,1.0,1,1.0,1,1.0,1,0.13564448233192372,43
1777,1,2407,1242,1165,0,0,0,1.0,1,1.0,1,1.0,1,0.10004230707971695,43
1778,0,2407,1242,1165,0,0,0,1.0,1,1.0,1,1.0,1,0.11515514353936356,44
1779,2,2409,1242,1167,0,0,0,1.0,1,1.0,1,1.0,1,0.09000404273737529,46
1780,0,2409,1242,1167,0,0,0,1.0,1,1.0,1,1.0,1,0.09000404273737529,46
1781,1,2410,1242,1168,0,0,0,1.0,1,1.0,1,1.0,1,0.08023626766594819,46
1782,0,2410,1242,1168,0,0,0,1.0,1,1.0,1,1.0,1,0.08774690243061736,46
1783,0,2410,1242,1168,0,0,0,1.0,1,1.0,1,1.0,1,0.10307052290361858,44
1784,0,2410,1242,1168,0,0,0,1.0,1,1.0,1,1.0,1,0.0836991865070802,45
1785,1,2411,1242,1169,0,0,0,1.0,1,1.0,1,1.0,1,0.11184712892803442,42
1786,1,2412,1243,1169,0,0,0,1.0,1,1.0,1,1.0,1,0.11841057199324467,43
1787,1,2413,1244,1169,0,0,0,1.0,1,1.0,1,1.0,1,0.14085977656705123,41
1788,2,2415,1245,1170,0,0,0,1.0,1,1.0,1,1.0,1,0.16233689399141363,41
1789,3,2418,1245,1173,0,0,0,1.0,1,1.0,1,1.0,1,0.1360008830398929,41
1790,2,2420,1247,1173,0,0,0,1.0,1,1.0,1,1.0,1,0.13359919057338981,41
1791,2,2422,1248,1174,0,0,0,1.0,1,1.0,1,1.0,1,0.1075296894378604,40
1792,3,2425,1251,1174,0,0,0,1.0,1,1.0,1,1.0,1,0.10595900244369144,40
1793,3,2428,1252,1176,0,0,0,1.0,1,1.0,1,1.0,1,0.07278960556896552,41
1794,0,2428,1252,1176,0,0,0,1.0,1,1.0,1,1.0,1,0.07278960556896552,41
1795,5,2433,1256,1177,0,0,0,1.0,1,1.0,1,1.0,1,0.11300387846431038,40
1796,1,2434,1257,1177,0,0,0,1.0,1,1.0,1,1.0,1,0.1259643569860234,40
1797,3,2437,1258,1179,0,0,0,1.0,1,1.0,1,1.0,1,0.09919258982690794,37
1798,1,2438,1259,1179,0,0,0,1.0,1,1.0,1,1.0,1,0.13145185505787468,37
1799,0,2438,1259,1179,0,0,0,1.0,1,1.0,1,1.0,1,0.11567721903729707,36
1800,0,2438,1259,1179,0,0,0,1.0,1,1.0,1,1.0,1,0.11567721903729707,36
1801,0,2438,1259,1179,0,0,0,1.0,1,1.0,1,1.0,1,0.09230384443768734,34
1802,1,2439,1260,1179,0,0,0,1.0,1,1.0,1,1.0,1,0.07524833803033067,33
1803,2,2441,1262,1179,0,0,0,1.0,1,1.0,1,1.0,1,0.09634717788700771,33
1804,1,2442,1263,1179,0,0,0,1.0,1,1.0,1,1.0,1,0.1389548243477045,33
1805,4,2446,1265,1181,0,0,0,1.0,1,1.0,1,1.0,1,0.10982123479090006,35
1806,1,2447,1266,1181,0,0,0,1.0,1,1.0,1,1.0,1,0.13843360058689685,35
1807,1,2448,1266,1182,0,0,0,1.0,1,1.0,1,1.0,1,0.07111115637171106,35
1808,0,2448,1266,1182,0,0,0,1.0,1,1.0,1,1.0,1,0.03671330994318742,36
1809,0,2448,1266,1182,0,0,0,1.0,1,1.0,1,1.0,1,0.03465641165155875,36
1810,3,2451,1268,1183,0,0,0,1.0,1,1.0,1,1.0,1,0.11262710588850351,35
1811,1,2452,1269,1183,0,0,0,1.0,1,1.0,1,1.0,1,0.19105716292337402,36
1812,2,2454,1269,1185,0,0,0,1.0,1,1.0,1,1.0,1,0.1521137702203794,36
1813,2,2456,1269,1187,0,0,0,1.0,1,1.0,1,1.0,1,0.10782890390236784,36
1814,0,2456,1269,1187,0,0,0,1.0,1,1.0,1,1.0,1,0.11453990058177309,34
1815,0,2456,1269,1187,0,0,0,1.0,1,1.0,1,1.0,1,0.11723715386005015,35
1816,0,2456,1269,1187,0,0,0,1.0,1,1.0,1,1.0,1,0.12589048666244862,34
1817,1,2457,1270,1187,0,0,0,1.0,1,1.0,1,1.0,1,0.09820696472230746,34
1818,0,2457,1270,1187,0,0,0,1.0,1,1.0,1,1.0,1,0.09820696472230746,34
1819,2,2459,1272,1187,0,0,0,1.0,1,1.0,1,1.0,1,0.09799366802725572,35
1820,1,2460,1272,1188,0,0,0,1.0,1,1.0,1,1.0,1,0.04576451483298954,36
1821,0,2460,1272,1188,0,0,0,1.0,1,1.0,1,1.0,1,0.04576451483298954,36
1822,1,2461,1273,1188,0,0,0,1.0,1,1.0,1,1.0,1,0.06638792688868798,37
1823,1,2462,1274,1188,0,0,0,1.0,1,1.0,1,1.0,1,0.09189976896068443,38
1824,1,2463,1275,1188,0,0,0,1.0,1,1.0,1,1.0,1,0.08337450389499394,37
1825,1,2464,1276,1188,0,0,0,1.0,1,1.0,1,1.0,1,0.12204768149315508,36
1826,1,2465,1277,1188,0,0,0,1.0,1,1.0,1,1.0,1,0.12796063004863384,35
1827,2,2467,1278,1189,0,0,0,1.0,1,1.0,1,1.0,1,0.11919343051136547,35
1828,0,2467,1278,1189,0,0,0,1.0,1,1.0,1,1.0,1,0.14554031918715743,33
1829,3,2470,1278,1192,0,0,0,1.0,1,1.0,1,1.0,1,0.10814681290137583,32
1830,1,2471,1279,1192,0,0,0,1.0,1,1.0,1,1.0,1,0.10286431036957835,32
1831,2,2473,1280,1193,0,0,0,1.0,1,1.0,1,1.0,1,0.16493129804412401,30
1832,0,2473,1280,1193,0,0,0,1.0,1,1.0,1,1.0,1,0.16493129804412401,30
1833,5,2478,1282,1196,0,0,0,1.0,1,1.0,1,1.0,1,0.19050879977146953,29
1834,0,2478,1282,1196,0,0,0,1.0,1,1.0,1,1.0,1,0.16523448471186977,28
1835,3,2481,1284,1197,0,0,0,1.0,1,1.0,1,1.0,1,0.20037608599026444,28
1836,0,2481,1284,1197,0,0,0,1.0,1,1.0,1,1.0,1,0.20246679745462792,29
1837,3,2484,1285,1199,0,0,0,1.0,1,1.0,1,1.0,1,0.21509925844356967,28
1838,2,2486,1285,1201,0,0,0,1.0,1,1.0,1,1.0,1,0.13559149468034434,28
1839,0,2486,1285,1201,0,0,0,1.0,1,1.0,1,1.0,1,0.14857513250125098,27
1840,0,2486,1285,1201,0,0,0,1.0,1,1.0,1,1.0,1,0.2178477710106937,26
1841,1,2487,1285,1202,0,0,0,1.0,1,1.0,1,1.0,1,0.19851750333969978,25
1842,2,2489,1286,1203,0,0,0,1.0,1,1.0,1,1.0,1,0.13014822024008835,26
1843,0,2489,1286,1203,0,0,0,1.0,1,1.0,1,1.0,1,0.13014822024008835,26
1844,0,2489,1286,1203,0,0,0,1.0,1,1.0,1,1.0,1,0.13014822024008835,26
1845,1,2490,1286,1204,0,0,0,1.0,1,1.0,1,1.0,1,0.11741186663820632,26
1846,2,2492,1288,1204,0,0,0,1.0,1,1.0,1,1.0,1,0.13983705168925326,26
1847,1,2493,1288,1205,0,0,0,1.0,1,1.0,1,1.0,1,0.10256282276650343,26
1848,0,2493,1288,1205,0,0,0,1.0,1,1.0,1,1.0,1,0.10200356972819687,27
1849,1,2494,1288,1206,0,0,0,1.0,1,1.0,1,1.0,1,0.05287935918971484,27
1850,0,2494,1288,1206,0,0,0,1.0,1,1.0,1,1.0,1,0.05989219820800939,28
1851,0,2494,1288,1206,0,0,0,1.0,1,1.0,1,1.0,1,0.05989219820800939,28
1852,0,2494,1288,1206,0,0,0,1.0,1,1.0,1,1.0,1,0.05989219820800939,28
1853,0,2494,1288,1206,0,0,0,1.0,1,1.0,1,1.0,1,0.09304145300803324,27
1854,0,2494,1288,1206,0,0,0,1.0,1,1.0,1,1.0,1,0.12023600759224025,28
1855,0,2494,1288,1206,0,0,0,1.0,1,1.0,1,1.0,1,0.12023600759224025,28
1856,4,2498,1290,1208,0,0,0,1.0,1,1.0,1,1.0,1,0.14333634467340434,30
1857,1,2499,1290,1209,0,0,0,1.0,1,1.0,1,1.0,1,0.1340241608414113,31
1858,3,2502,1292,1210,0,0,0,1.0,1,1.0,1,1.0,1,0.21753715952256353,31
1859,0,2502,1292,1210,0,0,0,1.0,1,1.0,1,1.0,1,0.21753715952256353,31
1860,1,2503,1293,1210,0,0,0,1.0,1,1.0,1,1.0,1,0.2125780219081788,31
1861,1,2504,1293,1211,0,0,0,1.0,1,1.0,1,1.0,1,0.1975213741257806,31
1862,1,2505,1294,1211,0,0,0,1.0,1,1.0,1,1.0,1,0.2177348655012648,31
1863,0,2505,1294,1211,0,0,0,1.0,1,1.0,1,1.0,1,0.20644043504349113,31
1864,1,2506,1295,1211,0,0,0,1.0,1,1.0,1,1.0,1,0.17724307284550692,30
1865,1,2507,1296,1211,0,0,0,1.0,1,1.0,1,1.0,1,0.14890007780838244,27
1866,1,2508,1297,1211,0,0,0,1.0,1,1.0,1,1.0,1,0.15449623055264872,28
1867,0,2508,1297,1211,0,0,0,1.0,1,1.0,1,1.0,1,0.18016031890564085,26
1868,2,2510,1299,1211,0,0,0,1.0,1,1.0,1,1.0,1,0.1771840960841734,26
1869,1,2511,1299,1212,0,0,0,1.0,1,1.0,1,1.0,1,0.17524609133058874,25
1870,1,2512,1300,1212,0,0,0,1.0,1,1.0,1,1.0,1,0.15227816788312293,25
1871,0,2512,1300,1212,0,0,0,1.0,1,1.0,1,1.0,1,0.15597683262622025,26
1872,0,2512,1300,1212,0,0,0,1.0,1,1.0,1,1.0,1,0.1414440828795119,25
1873,0,2512,1300,1212,0,0,0,1.0,1,1.0,1,1.0,1,0.15865847599810456,23
1874,2,2514,1301,1213,0,0,0,1.0,1,1.0,1,1.0,1,0.1157264686489246,23
1875,0,2514,1301,1213,0,0,0,1.0,1,1.0,1,1.0,1,0.14461562004017137,21
1876,1,2515,1302,1213,0,0,0,1.0,1,1.0,1,1.0,1,0.18401644736975217,24
1877,2,2517,1303,1214,0,0,0,1.0,1,1.0,1,1.0,1,0.17946227947658355,24
1878,2,2519,1304,1215,0,0,0,1.0,1,1.0,1,1.0,1,0.09652353531066052,26
1879,0,2519,1304,1215,0,0,0,1.0,1,1.0,1,1.0,1,0.09652353531066052,26
1880,0,2519,1304,1215,0,0,0,1.0,1,1.0,1,1.0,1,0.09652353531066052,26
1881,0,2519,1304,1215,0,0,0,1.0,1,1.0,1,1.0,1,0.09652353531066052,26
1882,0,2519,1304,1215,0,0,0,1.0,1,1.0,1,1.0,1,0.11998987998746834,25
1883,0,2519,1304,1215,0,0,0,1.0,1,1.0,1,1.0,1,0.11998987998746834,25
1884,0,2519,1304,1215,0,0,0,1.0,1,1.0,1,1.0,1,0.11998987998746834,25
1885,0,2519,1304,1215,0,0,0,1.0,1,1.0,1,1.0,1,0.11998987998746834,25
1886,0,2519,1304,1215,0,0,0,1.0,1,1.0,1,1.0,1,0.07907489998089698,26
1887,0,2519,1304,1215,0,0,0,1.0,1,1.0,1,1.0,1,0.07907489998089698,26
1888,1,2520,1305,1215,0,0,0,1.0,1,1.0,1,1.0,1,0.10740691902712408,27
1889,0,2520,1305,1215,0,0,0,1.0,1,1.0,1,1.0,1,0.1361604967646164,28
1890,0,2520,1305,1215,0,0,0,1.0,1,1.0,1,1.0,1,0.1361604967646164,28
1891,1,2521,1305,1216,0,0,0,1.0,1,1.0,1,1.0,1,0.13084228750868476,29
1892,0,2521,1305,1216,0,0,0,1.0,1,1.0,1,1.0,1,0.13084228750868476,29
1893,0,2521,1305,1216,0,0,0,1.0,1,1.0,1,1.0,1,0.13084228750868476,29
1894,0,2521,1305,1216,0,0,0,1.0,1,1.0,1,1.0,1,0.13084228750868476,29
1895,2,2523,1306,1217,0,0,0,1.0,1,1.0,1,1.0,1,0.10533214911706251,31
1896,2,2525,1307,1218,0,0,0,1.0,1,1.0,1,1.0,1,0.08127696493691473,31
1897,0,2525,1307,1218,0,0,0,1.0,1,1.0,1,1.0,1,0.08127696493691473,31
1898,0,2525,1307,1218,0,0,0,1.0,1,1.0,1,1.0,1,0.08127696493691473,31
1899,0,2525,1307,1218,0,0,0,1.0,1,1.0,1,1.0,1,0.08062122469960403,32
1900,0,2525,1307,1218,0,0,0,1.0,1,1.0,1,1.0,1,0.08062122469960403,32
1901,0,2525,1307,1218,0,0,0,1.0,1,1.0,1,1.0,1,0.08062122469960403,32
1902,1,2526,1308,1218,0,0,0,1.0,1,1.0,1,1.0,1,0.10295707182191596,32
1903,0,2526,1308,1218,0,0,0,1.0,1,1.0,1,1.0,1,0.10295707182191596,32
1904,0,2526,1308,1218,0,0,0,1.0,1,1.0,1,1.0,1,0.06904989634339213,34
1905,0,2526,1308,1218,0,0,0,1.0,1,1.0,1,1.0,1,0.06904989634339213,34
1906,0,2526,1308,1218,0,0,0,1.0,1,1.0,1,1.0,1,0.08226524340603258,35
1907,0,2526,1308,1218,0,0,0,1.0,1,1.0,1,1.0,1,0.08083092833517817,36
1908,0,2526,1308,1218,0,0,0,1.0,1,1.0,1,1.0,1,0.08083092833517817,36
1909,0,2526,1308,1218,0,0,0,1.0,1,1.0,1,1.0,1,0.08348419694767842,37
1910,1,2527,1308,1219,0,0,0,1.0,1,1.0,1,1.0,1,0.055443769087220506,38
1911,0,2527,1308,1219,0,0,0,1.0,1,1.0,1,1.0,1,0.049792590532484894,37
1912,2,2529,1310,1219,0,0,0,1.0,1,1.0,1,1.0,1,0.05746015007171087,37
1913,0,2529,1310,1219,0,0,0,1.0,1,1.0,1,1.0,1,0.07322761335915927,36
1914,3,2532,1313,1219,0,0,0,1.0,1,1.0,1,1.0,1,0.11799371325582875,37
1915,2,2534,1314,1220,0,0,0,1.0,1,1.0,1,1.0,1,0.09559341260469204,37
1916,2,2536,1315,1221,0,0,0,1.0,1,1.0,1,1.0,1,0.13222363721067087,39
1917,4,2540,1317,1223,0,0,0,1.0,1,1.0,1,1.0,1,0.20857221579271887,38
1918,3,2543,1319,1224,0,0,0,1.0,1,1.0,1,1.0,1,0.24264051919427662,38
1919,2,2545,1319,1226,0,0,0,1.0,1,1.0,1,1.0,1,0.2514126527527023,38
1920,3,2548,1320,1228,0,0,0,1.0,1,1.0,1,1.0,1,0.2188879777378361,39
1921,2,2550,1320,1230,0,0,0,1.0,1,1.0,1,1.0,1,0.17118839148785145,38
1922,0,2550,1320,1230,0,0,0,1.0,1,1.0,1,1.0,1,0.14234435797045353,39
1923,1,2551,1321,1230,0,0,0,1.0,1,1.0,1,1.0,1,0.1432189488443947,40
1924,1,2552,1321,1231,0,0,0,1.0,1,1.0,1,1.0,1,0.12223712878267144,40
1925,1,2553,1321,1232,0,0,0,1.0,1,1.0,1,1.0,1,0.0808729919571577,40
1926,1,2554,1322,1232,0,0,0,1.0,1,1.0,1,1.0,1,0.09352314827770822,40
1927,1,2555,1322,1233,0,0,0,1.0,1,1.0,1,1.0,1,0.08100664350477185,41
1928,0,2555,1322,1233,0,0,0,1.0,1,1.0,1,1.0,1,0.08100664350477185,41
1929,2,2557,1323,1234,0,0,0,1.0,1,1.0,1,1.0,1,0.10409626143969938,40
1930,2,2559,1324,1235,0,0,0,1.0,1,1.0,1,1.0,1,0.09766328630686366,40
1931,0,2559,1324,1235,0,0,0,1.0,1,1.0,1,1.0,1,0.09766328630686366,40
1932,0,2559,1324,1235,0,0,0,1.0,1,1.0,1,1.0,1,0.09766328630686366,40
1933,0,2559,1324,1235,0,0,0,1.0,1,1.0,1,1.0,1,0.11690279293645033,42
1934,2,2561,1324,1237,0,0,0,1.0,1,1.0,1,1.0,1,0.08116142217858201,44
1935,0,2561,1324,1237,0,0,0,1.0,1,1.0,1,1.0,1,0.08116142217858201,44
1936,2,2563,1325,1238,0,0,0,1.0,1,1.0,1,1.0,1,0.10650416048506388,46
1937,1,2564,1326,1238,0,0,0,1.0,1,1.0,1,1.0,1,0.08093925500379932,47
1938,0,2564,1326,1238,0,0,0,1.0,1,1.0,1,1.0,1,0.08093925500379932,47
1939,1,2565,1327,1238,0,0,0,1.0,1,1.0,1,1.0,1,0.07518899461096969,47
1940,2,2567,1328,1239,0,0,0,1.0,1,1.0,1,1.0,1,0.057339106632923006,47
1941,2,2569,1330,1239,0,0,0,1.0,1,1.0,1,1.0,1,0.0695828642600647,47
1942,3,2572,1331,1241,0,0,0,1.0,1,1.0,1,1.0,1,0.06852229978811557,49
1943,1,2573,1332,1241,0,0,0,1.0,1,1.0,1,1.0,1,0.10348172349923507,47
1944,0,2573,1332,1241,0,0,0,1.0,1,1.0,1,1.0,1,0.10348172349923507,47
1945,4,2577,1333,1244,0,0,0,1.0,1,1.0,1,1.0,1,0.12099569003918945,45
1946,1,2578,1333,1245,0,0,0,1.0,1,1.0,1,1.0,1,0.11195285403316356,45
1947,4,2582,1337,1245,0,0,0,1.0,1,1.0,1,1.0,1,0.1757767945440837,45
1948,2,2584,1337,1247,0,0,0,1.0,1,1.0,1,1.0,1,0.16720997146187508,45
1949,6,2590,1339,1251,0,0,0,1.0,1,1.0,1,1.0,1,0.1533001768380263,42
1950,0,2590,1339,1251,0,0,0,1.0,1,1.0,1,1.0,1,0.14196193312286856,42
1951,0,2590,1339,1251,0,0,0,1.0,1,1.0,1,1.0,1,0.15279917341182392,38
1952,1,2591,1340,1251,0,0,0,1.0,1,1.0,1,1.0,1,0.15094525849188994,36
1953,4,2595,1341,1254,0,0,0,1.0,1,1.0,1,1.0,1,0.0932233377641496,35
1954,0,2595,1341,1254,0,0,0,1.0,1,1.0,1,1.0,1,0.1284828983583593,32
1955,0,2595,1341,1254,0,0,0,1.0,1,1.0,1,1.0,1,0.10287982042482828,33
1956,2,2597,1343,1254,0,0,0,1.0,1,1.0,1,1.0,1,0.18455486913841798,31
1957,3,2600,1343,1257,0,0,0,1.0,1,1.0,1,1.0,1,0.049817915445667,33
1958,2,2602,1345,1257,0,0,0,1.0,1,1.0,1,1.0,1,0.1277090788498558,34
1959,0,2602,1345,1257,0,0,0,1.0,1,1.0,1,1.0,1,0.10122806960971859,35
1960,2,2604,1347,1257,0,0,0,1.0,1,1.0,1,1.0,1,0.11940974553584827,36
1961,2,2606,1348,1258,0,0,0,1.0,1,1.0,1,1.0,1,0.12669442447879906,36
1962,0,2606,1348,1258,0,0,0,1.0,1,1.0,1,1.0,1,0.10458630125850095,35
1963,0,2606,1348,1258,0,0,0,1.0,1,1.0,1,1.0,1,0.11992309060978718,36
1964,2,2608,1350,1258,0,0,0,1.0,1,1.0,1,1.0,1,0.12928414154650336,35
1965,1,2609,1351,1258,0,0,0,1.0,1,1.0,1,1.0,1,0.10191719328488122,36
1966,4,2613,1353,1260,0,0,0,1.0,1,1.0,1,1.0,1,0.07632894039677232,36
1967,1,2614,1354,1260,0,0,0,1.0,1,1.0,1,1.0,1,0.07468291799058112,36
1968,1,2615,1355,1260,0,0,0,1.0,1,1.0,1,1.0,1,0.09617973673814209,37
1969,1,2616,1355,1261,0,0,0,1.0,1,1.0,1,1.0,1,0.08279304130043963,37
1970,1,2617,1356,1261,0,0,0,1.0,1,1.0,1,1.0,1,0.15136842718056967,38
1971,1,2618,1357,1261,0,0,0,1.0,1,1.0,1,1.0,1,0.1578095722658572,37
1972,0,2618,1357,1261,0,0,0,1.0,1,1.0,1,1.0,1,0.1578095722658572,37
1973,2,2620,1358,1262,0,0,0,1.0,1,1.0,1,1.0,1,0.17354893716209946,37
1974,2,2622,1358,1264,0,0,0,1.0,1,1.0,1,1.0,1,0.11834095630735951,38
1975,0,2622,1358,1264,0,0,0,1.0,1,1.0,1,1.0,1,0.1470153252390027,37
1976,1,2623,1358,1265,0,0,0,1.0,1,1.0,1,1.0,1,0.16464374097491155,39
1977,3,2626,1359,1267,0,0,0,1.0,1,1.0,1,1.0,1,0.09385371563885525,42
1978,0,2626,1359,1267,0,0,0,1.0,1,1.0,1,1.0,1,0.09385371563885525,42
1979,0,2626,1359,1267,0,0,0,1.0,1,1.0,1,1.0,1,0.09385371563885525,42
1980,0,2626,1359,1267,0,0,0,1.0,1,1.0,1,1.0,1,0.10655900603836181,43
1981,0,2626,1359,1267,0,0,0,1.0,1,1.0,1,1.0,1,0.11779996543570977,44
1982,3,2629,1361,1268,0,0,0,1.0,1,1.0,1,1.0,1,0.08140997217775432,44
1983,1,2630,1362,1268,0,0,0,1.0,1,1.0,1,1.0,1,0.0859911062025301,44
1984,1,2631,1363,1268,0,0,0,1.0,1,1.0,1,1.0,1,0.12004243611775399,42
1985,1,2632,1363,1269,0,0,0,1.0,1,1.0,1,1.0,1,0.09463629946791209,41
1986,0,2632,1363,1269,0,0,0,1.0,1,1.0,1,1.0,1,0.1053245274071442,40
1987,1,2633,1363,1270,0,0,0,1.0,1,1.0,1,1.0,1,0.05490877924571845,37
1988,2,2635,1365,1270,0,0,0,1.0,1,1.0,1,1.0,1,0.10924536763063515,35
1989,3,2638,1366,1272,0,0,0,1.0,1,1.0,1,1.0,1,0.11171778809336624,32
1990,2,2640,1368,1272,0,0,0,1.0,1,1.0,1,1.0,1,0.10762684663164204,31
1991,0,2640,1368,1272,0,0,0,1.0,1,1.0,1,1.0,1,0.13275557744194302,32
1992,2,2642,1370,1272,0,0,0,1.0,1,1.0,1,1.0,1,0.1604698239214623,32
1993,4,2646,1373,1273,0,0,0,1.0,1,1.0,1,1.0,1,0.14132346473035215,32
1994,0,2646,1373,1273,0,0,0,1.0,1,1.0,1,1.0,1,0.12797476502680027,31
1995,0,2646,1373,1273,0,0,0,1.0,1,1.0,1,1.0,1,0.11343064556496234,32
1996,1,2647,1373,1274,0,0,0,1.0,1,1.0,1,1.0,1,0.08711261135385151,32
1997,1,2648,1373,1275,0,0,0,1.0,1,1.0,1,1.0,1,0.10964243552440522,31
1998,0,2648,1373,1275,0,0,0,1.0,1,1.0,1,1.0,1,0.08227058850814423,32
1999,0,2648,1373,1275,0,0,0,1.0,1,1.0,1,1.0,1,0.1182159493880609,31
2000,0,2648,1373,1275,0,0,0,1.0,1,1.0,1,1.0,1,0.11680931423087165,30
2001,1,2649,1373,1276,0,0,0,1.0,1,1.0,1,1.0,1,0.13761076696975108,29
2002,1,2650,1373,1277,0,0,0,1.0,1,1.0,1,1.0,1,0.079103456141313,31
2003,0,2650,1373,1277,0,0,0,1.0,1,1.0,1,1.0,1,0.10770217497749919,33
2004,2,2652,1374,1278,0,0,0,1.0,1,1.0,1,1.0,1,0.12695373209896854,34
2005,1,2653,1374,1279,0,0,0,1.0,1,1.0,1,1.0,1,0.12473254364894837,35
2006,1,2654,1375,1279,0,0,0,1.0,1,1.0,1,1.0,1,0.11398732458605874,36
2007,1,2655,1376,1279,0,0,0,1.0,1,1.0,1,1.0,1,0.10421271324044235,36
2008,3,2658,1378,1280,0,0,0,1.0,1,1.0,1,1.0,1,0.1401359144691289,36
2009,1,2659,1379,1280,0,0,0,1.0,1,1.0,1,1.0,1,0.12018930383677817,37
2010,1,2660,1380,1280,0,0,0,1.0,1,1.0,1,1.0,1,0.10951629920504727,37
2011,0,2660,1380,1280,0,0,0,1.0,1,1.0,1,1.0,1,0.10951629920504727,37
2012,1,2661,1381,1280,0,0,0,1.0,1,1.0,1,1.0,1,0.09868020677212284,37
2013,1,2662,1381,1281,0,0,0,1.0,1,1.0,1,1.0,1,0.10241155738032642,39
2014,1,2663,1381,1282,0,0,0,1.0,1,1.0,1,1.0,1,0.13087154339410373,39
2015,0,2663,1381,1282,0,0,0,1.0,1,1.0,1,1.0,1,0.13087154339410373,39
2016,2,2665,1383,1282,0,0,0,1.0,1,1.0,1,1.0,1,0.10614376917776756,41
2017,1,2666,1383,1283,0,0,0,1.0,1,1.0,1,1.0,1,0.08555259777172995,41
2018,5,2671,1386,1285,0,0,0,1.0,1,1.0,1,1.0,1,0.09522647222388272,42
2019,1,2672,1387,1285,0,0,0,1.0,1,1.0,1,1.0,1,0.099513941752799,43
2020,2,2674,1389,1285,0,0,0,1.0,1,1.0,1,1.0,1,0.12753379856513405,43
2021,1,2675,1389,1286,0,0,0,1.0,1,1.0,1,1.0,1,0.11196991832202492,43
2022,0,2675,1389,1286,0,0,0,1.0,1,1.0,1,1.0,1,0.09486784063613159,44
2023,3,2678,1391,1287,0,0,0,1.0,1,1.0,1,1.0,1,0.18801288981561914,42
2024,3,2681,1393,1288,0,0,0,1.0,1,1.0,1,1.0,1,0.1600528051629714,41
2025,5,2686,1395,1291,0,0,0,1.0,1,1.0,1,1.0,1,0.19218754294689136,39
2026,1,2687,1395,1292,0,0,0,1.0,1,1.0,1,1.0,1,0.1598812347443859,39
2027,1,2688,1396,1292,0,0,0,1.0,1,1.0,1,1.0,1,0.24232667142350361,38
2028,0,2688,1396,1292,0,0,0,1.0,1,1.0,1,1.0,1,0.2244945342816424,37
2029,2,2690,1396,1294,0,0,0,1.0,1,1.0,1,1.0,1,0.20258673677681624,35
2030,0,2690,1396,1294,0,0,0,1.0,1,1.0,1,1.0,1,0.18625843278339163,32
2031,2,2692,1398,1294,0,0,0,1.0,1,1.0,1,1.0,1,0.19089692812223236,34
2032,0,2692,1398,1294,0,0,0,1.0,1,1.0,1,1.0,1,0.17184099842555736,35
2033,4,2696,1401,1295,0,0,0,1.0,1,1.0,1,1.0,1,0.1437887592528635,35
2034,3,2699,1402,1297,0,0,0,1.0,1,1.0,1,1.0,1,0.10407318915385236,35
2035,2,2701,1404,1297,0,0,0,1.0,1,1.0,1,1.0,1,0.12298028973107128,36
2036,2,2703,1405,1298,0,0,0,1.0,1,1.0,1,1.0,1,0.14099103945233182,35
2037,2,2705,1406,1299,0,0,0,1.0,1,1.0,1,1.0,1,0.12492680062839813,36
2038,2,2707,1407,1300,0,0,0,1.0,1,1.0,1,1.0,1,0.1352730256740364,38
2039,2,2709,1408,1301,0,0,0,1.0,1,1.0,1,1.0,1,0.09998333697239549,38
2040,0,2709,1408,1301,0,0,0,1.0,1,1.0,1,1.0,1,0.08572552908731762,37
2041,0,2709,1408,1301,0,0,0,1.0,1,1.0,1,1.0,1,0.0934894110808178,38
2042,0,2709,1408,1301,0,0,0,1.0,1,1.0,1,1.0,1,0.0934894110808178,38
2043,1,2710,1409,1301,0,0,0,1.0,1,1.0,1,1.0,1,0.11964156727162666,38
2044,2,2712,1411,1301,0,0,0,1.0,1,1.0,1,1.0,1,0.08044877523956481,39
2045,0,2712,1411,1301,0,0,0,1.0,1,1.0,1,1.0,1,0.0985456193168178,40
2046,0,2712,1411,1301,0,0,0,1.0,1,1.0,1,1.0,1,0.08156457042062143,41
2047,1,2713,1412,1301,0,0,0,1.0,1,1.0,1,1.0,1,0.08716999741836005,41
2048,3,2716,1413,1303,0,0,0,1.0,1,1.0,1,1.0,1,0.025353899866407584,43
2049,0,2716,1413,1303,0,0,0,1.0,1,1.0,1,1.0,1,0.025353899866407584,43
2050,0,2716,1413,1303,0,0,0,1.0,1,1.0,1,1.0,1,0.05496181092194449,43
2051,1,2717,1414,1303,0,0,0,1.0,1,1.0,1,1.0,1,0.11941713586765469,43
2052,0,2717,1414,1303,0,0,0,1.0,1,1.0,1,1.0,1,0.1232219849668146,44
2053,1,2718,1414,1304,0,0,0,1.0,1,1.0,1,1.0,1,0.12762764151108047,43
2054,5,2723,1416,1307,0,0,0,1.0,1,1.0,1,1.0,1,0.03279809118357692,44
2055,1,2724,1416,1308,0,0,0,1.0,1,1.0,1,1.0,1,0.036559018621198244,43
2056,0,2724,1416,1308,0,0,0,1.0,1,1.0,1,1.0,1,0.02570666943439005,44
2057,2,2726,1418,1308,0,0,0,1.0,1,1.0,1,1.0,1,0.05191323639281533,44
2058,2,2728,1420,1308,0,0,0,1.0,1,1.0,1,1.0,1,0.06442371026623554,44
2059,0,2728,1420,1308,0,0,0,1.0,1,1.0,1,1.0,1,0.08111538080773573,45
2060,1,2729,1421,1308,0,0,0,1.0,1,1.0,1,1.0,1,0.11027229381275795,46
2061,2,2731,1423,1308,0,0,0,1.0,1,1.0,1,1.0,1,0.11242462528673033,48
2062,0,2731,1423,1308,0,0,0,1.0,1,1.0,1,1.0,1,0.11242462528673033,48
2063,1,2732,1424,1308,0,0,0,1.0,1,1.0,1,1.0,1,0.13396733160788088,45
2064,1,2733,1425,1308,0,0,0,1.0,1,1.0,1,1.0,1,0.10986116039314124,44
2065,2,2735,1426,1309,0,0,0,1.0,1,1.0,1,1.0,1,0.108559493071322,42
2066,3,2738,1429,1309,0,0,0,1.0,1,1.0,1,1.0,1,0.0669396221003096,42
2067,1,2739,1429,1310,0,0,0,1.0,1,1.0,1,1.0,1,0.036390933172549836,38
2068,0,2739,1429,1310,0,0,0,1.0,1,1.0,1,1.0,1,0.057613186624156994,37
2069,0,2739,1429,1310,0,0,0,1.0,1,1.0,1,1.0,1,0.07683319103475829,35
2070,2,2741,1431,1310,0,0,0,1.0,1,1.0,1,1.0,1,0.0808062800711934,35
2071,0,2741,1431,1310,0,0,0,1.0,1,1.0,1,1.0,1,0.10733498673425988,34
2072,2,2743,1433,1310,0,0,0,1.0,1,1.0,1,1.0,1,0.17627824539129153,35
2073,2,2745,1433,1312,0,0,0,1.0,1,1.0,1,1.0,1,0.12082495216099144,37
2074,0,2745,1433,1312,0,0,0,1.0,1,1.0,1,1.0,1,0.10417239360948423,36
2075,0,2745,1433,1312,0,0,0,1.0,1,1.0,1,1.0,1,0.09412225344904983,38
2076,0,2745,1433,1312,0,0,0,1.0,1,1.0,1,1.0,1,0.07531805484821978,37
2077,0,2745,1433,1312,0,0,0,1.0,1,1.0,1,1.0,1,0.07531805484821978,37
2078,0,2745,1433,1312,0,0,0,1.0,1,1.0,1,1.0,1,0.07531805484821978,37
2079,0,2745,1433,1312,0,0,0,1.0,1,1.0,1,1.0,1,0.07531805484821978,37
2080,0,2745,1433,1312,0,0,0,1.0,1,1.0,1,1.0,1,0.0715729397497026,36
2081,2,2747,1435,1312,0,0,0,1.0,1,1.0,1,1.0,1,0.04482187926571864,37
2082,1,2748,1436,1312,0,0,0,1.0,1,1.0,1,1.0,1,0.07970878650687815,38
2083,1,2749,1437,1312,0,0,0,1.0,1,1.0,1,1.0,1,0.08293674468997592,39
2084,3,2752,1438,1314,0,0,0,1.0,1,1.0,1,1.0,1,0.10923465389035898,41
2085,3,2755,1440,1315,0,0,0,1.0,1,1.0,1,1.0,1,0.12981868157933338,41
2086,0,2755,1440,1315,0,0,0,1.0,1,1.0,1,1.0,1,0.11636178877737374,44
2087,2,2757,1442,1315,0,0,0,1.0,1,1.0,1,1.0,1,0.131509682061661,44
2088,1,2758,1442,1316,0,0,0,1.0,1,1.0,1,1.0,1,0.10769350896312602,45
2089,1,2759,1443,1316,0,0,0,1.0,1,1.0,1,1.0,1,0.0918931901976697,46
2090,2,2761,1443,1318,0,0,0,1.0,1,1.0,1,1.0,1,0.05339025433384269,47
2091,3,2764,1445,1319,0,0,0,1.0,1,1.0,1,1.0,1,0.06619064990610093,48
2092,4,2768,1447,1321,0,0,0,1.0,1,1.0,1,1.0,1,0.06895005953319833,48
2093,1,2769,1447,1322,0,0,0,1.0,1,1.0,1,1.0,1,0.052012947815764494,48
2094,1,2770,1447,1323,0,0,0,1.0,1,1.0,1,1.0,1,0.04550860572597595,47
2095,0,2770,1447,1323,0,0,0,1.0,1,1.0,1,1.0,1,0.05898979566956922,49
2096,0,2770,1447,1323,0,0,0,1.0,1,1.0,1,1.0,1,0.04552461729977565,50
2097,0,2770,1447,1323,0,0,0,1.0,1,1.0,1,1.0,1,0.04552461729977565,50
2098,2,2772,1449,1323,0,0,0,1.0,1,1.0,1,1.0,1,0.0554726634112487,51
2099,1,2773,1450,1323,0,0,0,1.0,1,1.0,1,1.0,1,0.09620681148309386,50
2100,1,2774,1451,1323,0,0,0,1.0,1,1.0,1,1.0,1,0.1023255917320681,49
2101,3,2777,1451,1326,0,0,0,1.0,1,1.0,1,1.0,1,0.0746228513596597,48
2102,4,2781,1454,1327,0,0,0,1.0,1,1.0,1,1.0,1,0.12209239329054052,49
2103,1,2782,1455,1327,0,0,0,1.0,1,1.0,1,1.0,1,0.11083705728613155,44
2104,0,2782,1455,1327,0,0,0,1.0,1,1.0,1,1.0,1,0.12841869232541941,42
2105,2,2784,1457,1327,0,0,0,1.0,1,1.0,1,1.0,1,0.14667747740277384,40
2106,0,2784,1457,1327,0,0,0,1.0,1,1.0,1,1.0,1,0.17371405806242177,39
2107,1,2785,1458,1327,0,0,0,1.0,1,1.0,1,1.0,1,0.1560572427066954,37
2108,1,2786,1459,1327,0,0,0,1.0,1,1.0,1,1.0,1,0.1466008621580901,37
2109,0,2786,1459,1327,0,0,0,1.0,1,1.0,1,1.0,1,0.1284372498756176,36
2110,0,2786,1459,1327,0,0,0,1.0,1,1.0,1,1.0,1,0.0980185074159027,35
2111,2,2788,1461,1327,0,0,0,1.0,1,1.0,1,1.0,1,0.12513990645671022,35
2112,1,2789,1461,1328,0,0,0,1.0,1,1.0,1,1.0,1,0.08764560982984482,35
2113,1,2790,1462,1328,0,0,0,1.0,1,1.0,1,1.0,1,0.11603445371848133,35
2114,1,2791,1463,1328,0,0,0,1.0,1,1.0,1,1.0,1,0.10816453612013863,36
2115,0,2791,1463,1328,0,0,0,1.0,1,1.0,1,1.0,1,0.10970018848400793,37
2116,3,2794,1465,1329,0,0,0,1.0,1,1.0,1,1.0,1,0.10890814742695556,39
2117,0,2794,1465,1329,0,0,0,1.0,1,1.0,1,1.0,1,0.07882079599739243,39
2118,1,2795,1465,1330,0,0,0,1.0,1,1.0,1,1.0,1,0.06916898451288864,41
2119,1,2796,1466,1330,0,0,0,1.0,1,1.0,1,1.0,1,0.09098913945150602,42
2120,1,2797,1466,1331,0,0,0,1.0,1,1.0,1,1.0,1,0.06017034901078009,42
2121,1,2798,1467,1331,0,0,0,1.0,1,1.0,1,1.0,1,0.07405235872426376,42
2122,1,2799,1467,1332,0,0,0,1.0,1,1.0,1,1.0,1,0.06533990413690374,43
2123,0,2799,1467,1332,0,0,0,1.0,1,1.0,1,1.0,1,0.08785074634999832,42
2124,0,2799,1467,1332,0,0,0,1.0,1,1.0,1,1.0,1,0.08785074634999832,42
2125,0,2799,1467,1332,0,0,0,1.0,1,1.0,1,1.0,1,0.09396349913152101,41
2126,0,2799,1467,1332,0,0,0,1.0,1,1.0,1,1.0,1,0.09396349913152101,41
2127,0,2799,1467,1332,0,0,0,1.0,1,1.0,1,1.0,1,0.09396349913152101,41
2128,1,2800,1467,1333,0,0,0,1.0,1,1.0,1,1.0,1,0.0503759073218922,42
2129,0,2800,1467,1333,0,0,0,1.0,1,1.0,1,1.0,1,0.0629969726102348,43
2130,1,2801,1467,1334,0,0,0,1.0,1,1.0,1,1.0,1,0.03011862147993308,45
2131,2,2803,1469,1334,0,0,0,1.0,1,1.0,1,1.0,1,0.03391575966553904,44
2132,0,2803,1469,1334,0,0,0,1.0,1,1.0,1,1.0,1,0.03391575966553904,44
2133,1,2804,1470,1334,0,0,0,1.0,1,1.0,1,1.0,1,0.03234712345669487,45
2134,2,2806,1472,1334,0,0,0,1.0,1,1.0,1,1.0,1,0.059364598355064024,45
2135,2,2808,1474,1334,0,0,0,1.0,1,1.0,1,1.0,1,0.04224662942233049,46
2136,2,2810,1476,1334,0,0,0,1.0,1,1.0,1,1.0,1,0.10309341023886125,47
2137,8,2818,1480,1338,0,0,0,1.0,1,1.0,1,1.0,1,0.10794976381904232,47
2138,2,2820,1482,1338,0,0,0,1.0,1,1.0,1,1.0,1,0.14115074122002302,45
2139,2,2822,1483,1339,0,0,0,1.0,1,1.0,1,1.0,1,0.12423262570780705,45
2140,1,2823,1484,1339,0,0,0,1.0,1,1.0,1,1.0,1,0.12977277228695056,44
2141,4,2827,1486,1341,0,0,0,1.0,1,1.0,1,1.0,1,0.06343946440806814,45
2142,1,2828,1487,1341,0,0,0,1.0,1,1.0,1,1.0,1,0.07675742938311957,46
2143,2,2830,1488,1342,0,0,0,1.0,1,1.0,1,1.0,1,0.1184285595014233,46
2144,2,2832,1489,1343,0,0,0,1.0,1,1.0,1,1.0,1,0.033351545129346155,48
2145,3,2835,1491,1344,0,0,0,1.0,1,1.0,1,1.0,1,0.0550714624464314,46
2146,1,2836,1492,1344,0,0,0,1.0,1,1.0,1,1.0,1,0.040759451489607135,45
2147,2,2838,1494,1344,0,0,0,1.0,1,1.0,1,1.0,1,0.08274403479133019,44
2148,1,2839,1495,1344,0,0,0,1.0,1,1.0,1,1.0,1,0.045870260386401754,44
2149,4,2843,1499,1344,0,0,0,1.0,1,1.0,1,1.0,1,0.07007016057508103,42
2150,2,2845,1501,1344,0,0,0,1.0,1,1.0,1,1.0,1,0.05110727046086677,40
2151,1,2846,1502,1344,0,0,0,1.0,1,1.0,1,1.0,1,0.05762502176381449,39
2152,1,2847,1503,1344,0,0,0,1.0,1,1.0,1,1.0,1,0.04117451007578859,40
2153,3,2850,1505,1345,0,0,0,1.0,1,1.0,1,1.0,1,0.07148934820740083,42
2154,1,2851,1505,1346,0,0,0,1.0,1,1.0,1,1.0,1,0.08419738582204299,42
2155,0,2851,1505,1346,0,0,0,1.0,1,1.0,1,1.0,1,0.08376740177687196,41
2156,0,2851,1505,1346,0,0,0,1.0,1,1.0,1,1.0,1,0.12863333756074546,40
2157,1,2852,1505,1347,0,0,0,1.0,1,1.0,1,1.0,1,0.10966150205291678,40
2158,1,2853,1506,1347,0,0,0,1.0,1,1.0,1,1.0,1,0.11416818551513604,38
2159,0,2853,1506,1347,0,0,0,1.0,1,1.0,1,1.0,1,0.1186982346860953,38
2160,1,2854,1507,1347,0,0,0,1.0,1,1.0,1,1.0,1,0.12752569889237617,38
2161,3,2857,1509,1348,0,0,0,1.0,1,1.0,1,1.0,1,0.13823477590731817,38
2162,2,2859,1510,1349,0,0,0,1.0,1,1.0,1,1.0,1,0.15478956698938698,38
2163,2,2861,1512,1349,0,0,0,1.0,1,1.0,1,1.0,1,0.2082203222324651,40
2164,1,2862,1513,1349,0,0,0,1.0,1,1.0,1,1.0,1,0.2676711340553493,41
2165,5,2867,1515,1352,0,0,0,1.0,1,1.0,1,1.0,1,0.21474173755032053,42
2166,1,2868,1515,1353,0,0,0,1.0,1,1.0,1,1.0,1,0.19947091428456978,42
2167,0,2868,1515,1353,0,0,0,1.0,1,1.0,1,1.0,1,0.17626473635103065,43
2168,0,2868,1515,1353,0,0,0,1.0,1,1.0,1,1.0,1,0.15685173517693074,43
2169,1,2869,1515,1354,0,0,0,1.0,1,1.0,1,1.0,1,0.14660500092465822,45
2170,2,2871,1517,1354,0,0,0,1.0,1,1.0,1,1.0,1,0.18891047474357084,46
2171,3,2874,1519,1355,0,0,0,1.0,1,1.0,1,1.0,1,0.1335008127875546,48
2172,3,2877,1520,1357,0,0,0,1.0,1,1.0,1,1.0,1,0.11669940394788454,49
2173,1,2878,1521,1357,0,0,0,1.0,1,1.0,1,1.0,1,0.09458003269451347,49
2174,2,2880,1522,1358,0,0,0,1.0,1,1.0,1,1.0,1,0.07314441617015106,49
2175,0,2880,1522,1358,0,0,0,1.0,1,1.0,1,1.0,1,0.07314441617015106,49
2176,0,2880,1522,1358,0,0,0,1.0,1,1.0,1,1.0,1,0.08173822237285562,51
2177,2,2882,1524,1358,0,0,0,1.0,1,1.0,1,1.0,1,0.05369252234522826,51
2178,2,2884,1526,1358,0,0,0,1.0,1,1.0,1,1.0,1,0.05635067256070232,50
2179,4,2888,1530,1358,0,0,0,1.0,1,1.0,1,1.0,1,0.0691428342258747,49
2180,0,2888,1530,1358,0,0,0,1.0,1,1.0,1,1.0,1,0.08122459599070916,47
2181,2,2890,1532,1358,0,0,0,1.0,1,1.0,1,1.0,1,0.040781679850333194,47
2182,1,2891,1533,1358,0,0,0,1.0,1,1.0,1,1.0,1,0.011432524135200487,45
2183,2,2893,1535,1358,0,0,0,1.0,1,1.0,1,1.0,1,0.035640387940200004,44
2184,2,2895,1537,1358,0,0,0,1.0,1,1.0,1,1.0,1,0.07499200515506475,43
2185,6,2901,1541,1360,0,0,0,1.0,1,1.0,1,1.0,1,0.09917646065372836,40
2186,2,2903,1543,1360,0,0,0,1.0,1,1.0,1,1.0,1,0.1139174208729509,38
2187,3,2906,1546,1360,0,0,0,1.0,1,1.0,1,1.0,1,0.10974861462857481,35
2188,1,2907,1547,1360,0,0,0,1.0,1,1.0,1,1.0,1,0.13457274699248292,34
2189,0,2907,1547,1360,0,0,0,1.0,1,1.0,1,1.0,1,0.09704273217210674,31
2190,1,2908,1548,1360,0,0,0,1.0,1,1.0,1,1.0,1,0.1514698017979191,29
2191,1,2909,1549,1360,0,0,0,1.0,1,1.0,1,1.0,1,0.17537893307264604,28
2192,2,2911,1550,1361,0,0,0,1.0,1,1.0,1,1.0,1,0.20952358824982184,29
2193,3,2914,1551,1363,0,0,0,1.0,1,1.0,1,1.0,1,0.19107252218991483,28
2194,0,2914,1551,1363,0,0,0,1.0,1,1.0,1,1.0,1,0.1895454830467858,27
2195,3,2917,1553,1364,0,0,0,1.0,1,1.0,1,1.0,1,0.13702394577703714,27
2196,3,2920,1554,1366,0,0,0,1.0,1,1.0,1,1.0,1,0.19014048524392882,27
2197,2,2922,1555,1367,0,0,0,1.0,1,1.0,1,1.0,1,0.14996108752045312,27
2198,0,2922,1555,1367,0,0,0,1.0,1,1.0,1,1.0,1,0.12037917210004451,28
2199,0,2922,1555,1367,0,0,0,1.0,1,1.0,1,1.0,1,0.14677044014554236,29
2200,2,2924,1556,1368,0,0,0,1.0,1,1.0,1,1.0,1,0.15625279191001626,31
2201,1,2925,1557,1368,0,0,0,1.0,1,1.0,1,1.0,1,0.13797152634877516,32
2202,1,2926,1558,1368,0,0,0,1.0,1,1.0,1,1.0,1,0.1777311472144437,31
2203,0,2926,1558,1368,0,0,0,1.0,1,1.0,1,1.0,1,0.14254498529014356,32
2204,0,2926,1558,1368,0,0,0,1.0,1,1.0,1,1.0,1,0.14254498529014356,32
2205,1,2927,1558,1369,0,0,0,1.0,1,1.0,1,1.0,1,0.12177517546763811,33
2206,1,2928,1559,1369,0,0,0,1.0,1,1.0,1,1.0,1,0.11514546529934022,32
2207,1,2929,1559,1370,0,0,0,1.0,1,1.0,1,1.0,1,0.08655783116352221,33
2208,0,2929,1559,1370,0,0,0,1.0,1,1.0,1,1.0,1,0.05851243483539213,35
2209,1,2930,1560,1370,0,0,0,1.0,1,1.0,1,1.0,1,0.10863864848929579,36
2210,0,2930,1560,1370,0,0,0,1.0,1,1.0,1,1.0,1,0.12712041637986993,35
2211,1,2931,1560,1371,0,0,0,1.0,1,1.0,1,1.0,1,0.12976372996724408,36
2212,1,2932,1561,1371,0,0,0,1.0,1,1.0,1,1.0,1,0.13787755775665345,37
2213,5,2937,1565,1372,0,0,0,1.0,1,1.0,1,1.0,1,0.12441292281945325,37
2214,0,2937,1565,1372,0,0,0,1.0,1,1.0,1,1.0,1,0.09546532717729757,39
2215,4,2941,1569,1372,0,0,0,1.0,1,1.0,1,1.0,1,0.10966392378355241,36
2216,2,2943,1571,1372,0,0,0,1.0,1,1.0,1,1.0,1,0.11527472937845029,37
2217,3,2946,1573,1373,0,0,0,1.0,1,1.0,1,1.0,1,0.10914121209370414,35
2218,1,2947,1573,1374,0,0,0,1.0,1,1.0,1,1.0,1,0.09323111052641046,35
2219,0,2947,1573,1374,0,0,0,1.0,1,1.0,1,1.0,1,0.059672131847461514,33
2220,0,2947,1573,1374,0,0,0,1.0,1,1.0,1,1.0,1,0.05249251064003613,31
2221,0,2947,1573,1374,0,0,0,1.0,1,1.0,1,1.0,1,0.05249251064003613,31
2222,1,2948,1574,1374,0,0,0,1.0,1,1.0,1,1.0,1,0.0860803611985692,30
2223,0,2948,1574,1374,0,0,0,1.0,1,1.0,1,1.0,1,0.08218387352608443,28
2224,3,2951,1577,1374,0,0,0,1.0,1,1.0,1,1.0,1,0.1124920401160622,29
2225,2,2953,1579,1374,0,0,0,1.0,1,1.0,1,1.0,1,0.12333888152690521,28
2226,1,2954,1580,1374,0,0,0,1.0,1,1.0,1,1.0,1,0.0834530134009647,30
2227,0,2954,1580,1374,0,0,0,1.0,1,1.0,1,1.0,1,0.1290685219021603,28
2228,2,2956,1582,1374,0,0,0,1.0,1,1.0,1,1.0,1,0.10127187664007987,29
2229,1,2957,1583,1374,0,0,0,1.0,1,1.0,1,1.0,1,0.10409779688566856,28
2230,0,2957,1583,1374,0,0,0,1.0,1,1.0,1,1.0,1,0.10143687569982657,28
2231,1,2958,1584,1374,0,0,0,1.0,1,1.0,1,1.0,1,0.19161568155415573,27
2232,0,2958,1584,1374,0,0,0,1.0,1,1.0,1,1.0,1,0.17922803784601374,27
2233,2,2960,1584,1376,0,0,0,1.0,1,1.0,1,1.0,1,0.0918579896949208,28
2234,2,2962,1586,1376,0,0,0,1.0,1,1.0,1,1.0,1,0.08027339579301251,26
2235,0,2962,1586,1376,0,0,0,1.0,1,1.0,1,1.0,1,0.08027339579301251,26
2236,1,2963,1587,1376,0,0,0,1.0,1,1.0,1,1.0,1,0.017525396528723626,26
2237,4,2967,1591,1376,0,0,0,1.0,1,1.0,1,1.0,1,0.10005849170227163,26
2238,2,2969,1592,1377,0,0,0,1.0,1,1.0,1,1.0,1,0.11602605896156205,27
2239,2,2971,1594,1377,0,0,0,1.0,1,1.0,1,1.0,1,0.14081648816432712,28
2240,4,2975,1597,1378,0,0,0,1.0,1,1.0,1,1.0,1,0.13119651808167165,30
2241,2,2977,1598,1379,0,0,0,1.0,1,1.0,1,1.0,1,0.10540757578321984,29
2242,2,2979,1600,1379,0,0,0,1.0,1,1.0,1,1.0,1,0.1422594390899852,29
2243,1,2980,1601,1379,0,0,0,1.0,1,1.0,1,1.0,1,0.15653804991293488,29
2244,0,2980,1601,1379,0,0,0,1.0,1,1.0,1,1.0,1,0.15653804991293488,29
2245,1,2981,1601,1380,0,0,0,1.0,1,1.0,1,1.0,1,0.12977373972535833,30
2246,1,2982,1601,1381,0,0,0,1.0,1,1.0,1,1.0,1,0.09242978450752791,33
2247,0,2982,1601,1381,0,0,0,1.0,1,1.0,1,1.0,1,0.07494737364730822,34
2248,0,2982,1601,1381,0,0,0,1.0,1,1.0,1,1.0,1,0.07494737364730822,34
2249,0,2982,1601,1381,0,0,0,1.0,1,1.0,1,1.0,1,0.07387832198995191,35
2250,1,2983,1602,1381,0,0,0,1.0,1,1.0,1,1.0,1,0.10847470508715583,35
2251,1,2984,1603,1381,0,0,0,1.0,1,1.0,1,1.0,1,0.11913832816953532,36
2252,1,2985,1604,1381,0,0,0,1.0,1,1.0,1,1.0,1,0.1690966251909107,37
2253,2,2987,1606,1381,0,0,0,1.0,1,1.0,1,1.0,1,0.19915120523307012,35
2254,0,2987,1606,1381,0,0,0,1.0,1,1.0,1,1.0,1,0.16705614957336123,33
2255,1,2988,1607,1381,0,0,0,1.0,1,1.0,1,1.0,1,0.19819685060415068,35
2256,4,2992,1609,1383,0,0,0,1.0,1,1.0,1,1.0,1,0.16734189429550947,34
2257,4,2996,1611,1385,0,0,0,1.0,1,1.0,1,1.0,1,0.12979445184023147,36
2258,1,2997,1612,1385,0,0,0,1.0,1,1.0,1,1.0,1,0.1300161382830033,35
2259,0,2997,1612,1385,0,0,0,1.0,1,1.0,1,1.0,1,0.13397250569433528,35
2260,3,3000,1613,1387,0,0,0,1.0,1,1.0,1,1.0,1,0.07404085798881843,33
2261,1,3001,1614,1387,0,0,0,1.0,1,1.0,1,1.0,1,0.09927270274631556,33
2262,1,3002,1614,1388,0,0,0,1.0,1,1.0,1,1.0,1,0.12491039236611469,32
2263,2,3004,1616,1388,0,0,0,1.0,1,1.0,1,1.0,1,0.14979728266388867,31
2264,1,3005,1616,1389,0,0,0,1.0,1,1.0,1,1.0,1,0.13225684180175945,30
2265,1,3006,1617,1389,0,0,0,1.0,1,1.0,1,1.0,1,0.09829988536535682,29
2266,1,3007,1618,1389,0,0,0,1.0,1,1.0,1,1.0,1,0.05290237349672942,30
2267,1,3008,1619,1389,0,0,0,1.0,1,1.0,1,1.0,1,0.05593503381347058,29
2268,4,3012,1623,1389,0,0,0,1.0,1,1.0,1,1.0,1,0.1491331591955008,30
2269,3,3015,1624,1391,0,0,0,1.0,1,1.0,1,1.0,1,0.06728502542547837,31
2270,3,3018,1627,1391,0,0,0,1.0,1,1.0,1,1.0,1,0.16502780942111225,31
2271,2,3020,1629,1391,0,0,0,1.0,1,1.0,1,1.0,1,0.16934853509461822,31
2272,1,3021,1630,1391,0,0,0,1.0,1,1.0,1,1.0,1,0.20657564143321983,31
2273,3,3024,1631,1393,0,0,0,1.0,1,1.0,1,1.0,1,0.10304290624529643,30
2274,1,3025,1632,1393,0,0,0,1.0,1,1.0,1,1.0,1,0.06382511461287137,31
2275,0,3025,1632,1393,0,0,0,1.0,1,1.0,1,1.0,1,0.07730372635800298,32
2276,0,3025,1632,1393,0,0,0,1.0,1,1.0,1,1.0,1,0.10559922915289752,31
2277,1,3026,1632,1394,0,0,0,1.0,1,1.0,1,1.0,1,0.10416891002490937,31
2278,3,3029,1634,1395,0,0,0,1.0,1,1.0,1,1.0,1,0.11447612035448274,32
2279,1,3030,1635,1395,0,0,0,1.0,1,1.0,1,1.0,1,0.15118851775283854,32
2280,0,3030,1635,1395,0,0,0,1.0,1,1.0,1,1.0,1,0.13558888874915823,33
2281,3,3033,1636,1397,0,0,0,1.0,1,1.0,1,1.0,1,0.09888028031822853,34
2282,0,3033,1636,1397,0,0,0,1.0,1,1.0,1,1.0,1,0.09888028031822853,34
2283,0,3033,1636,1397,0,0,0,1.0,1,1.0,1,1.0,1,0.09888028031822853,34
2284,0,3033,1636,1397,0,0,0,1.0,1,1.0,1,1.0,1,0.09888028031822853,34
2285,0,3033,1636,1397,0,0,0,1.0,1,1.0,1,1.0,1,0.08204634858695517,35
2286,0,3033,1636,1397,0,0,0,1.0,1,1.0,1,1.0,1,0.07704828712233458,34
2287,1,3034,1637,1397,0,0,0,1.0,1,1.0,1,1.0,1,0.09667294058943848,35
2288,0,3034,1637,1397,0,0,0,1.0,1,1.0,1,1.0,1,0.0753830878086979,35
2289,2,3036,1639,1397,0,0,0,1.0,1,1.0,1,1.0,1,0.14392146517099771,37
2290,0,3036,1639,1397,0,0,0,1.0,1,1.0,1,1.0,1,0.14257716318439242,37
2291,2,3038,1641,1397,0,0,0,1.0,1,1.0,1,1.0,1,0.17251255984659183,35
2292,0,3038,1641,1397,0,0,0,1.0,1,1.0,1,1.0,1,0.1782891088669573,35
2293,1,3039,1642,1397,0,0,0,1.0,1,1.0,1,1.0,1,0.1836973442771461,34
2294,2,3041,1642,1399,0,0,0,1.0,1,1.0,1,1.0,1,0.09857889003740468,33
2295,0,3041,1642,1399,0,0,0,1.0,1,1.0,1,1.0,1,0.09007741294615024,34
2296,2,3043,1643,1400,0,0,0,1.0,1,1.0,1,1.0,1,0.07818719622035344,33
2297,0,3043,1643,1400,0,0,0,1.0,1,1.0,1,1.0,1,0.10434499376871105,32
2298,1,3044,1644,1400,0,0,0,1.0,1,1.0,1,1.0,1,0.15867788936280725,32
2299,0,3044,1644,1400,0,0,0,1.0,1,1.0,1,1.0,1,0.13430998356556417,33
2300,2,3046,1646,1400,0,0,0,1.0,1,1.0,1,1.0,1,0.15791182988768973,33
2301,1,3047,1646,1401,0,0,0,1.0,1,1.0,1,1.0,1,0.1384889327057828,33
2302,2,3049,1648,1401,0,0,0,1.0,1,1.0,1,1.0,1,0.19138900012202523,34
2303,2,3051,1650,1401,0,0,0,1.0,1,1.0,1,1.0,1,0.22216028727945833,34
2304,1,3052,1650,1402,0,0,0,1.0,1,1.0,1,1.0,1,0.1744789609391058,33
2305,2,3054,1651,1403,0,0,0,1.0,1,1.0,1,1.0,1,0.16412078798933866,33
2306,4,3058,1654,1404,0,0,0,1.0,1,1.0,1,1.0,1,0.2348077577653693,33
2307,0,3058,1654,1404,0,0,0,1.0,1,1.0,1,1.0,1,0.21642106191513014,35
2308,2,3060,1656,1404,0,0,0,1.0,1,1.0,1,1.0,1,0.23704913697950905,34
2309,4,3064,1658,1406,0,0,0,1.0,1,1.0,1,1.0,1,0.1653821508276789,34
2310,1,3065,1659,1406,0,0,0,1.0,1,1.0,1,1.0,1,0.1743141183938018,34
2311,0,3065,1659,1406,0,0,0,1.0,1,1.0,1,1.0,1,0.14429324533598992,35
2312,1,3066,1660,1406,0,0,0,1.0,1,1.0,1,1.0,1,0.13649255728509668,34
2313,0,3066,1660,1406,0,0,0,1.0,1,1.0,1,1.0,1,0.08340943012172744,35
2314,1,3067,1661,1406,0,0,0,1.0,1,1.0,1,1.0,1,0.12782080233719686,35
2315,0,3067,1661,1406,0,0,0,1.0,1,1.0,1,1.0,1,0.14788981041194244,34
2316,1,3068,1661,1407,0,0,0,1.0,1,1.0,1,1.0,1,0.1088645019383864,35
2317,1,3069,1662,1407,0,0,0,1.0,1,1.0,1,1.0,1,0.1443320211699872,32
2318,0,3069,1662,1407,0,0,0,1.0,1,1.0,1,1.0,1,0.1443320211699872,32
2319,1,3070,1663,1407,0,0,0,1.0,1,1.0,1,1.0,1,0.16365262619930926,32
2320,0,3070,1663,1407,0,0,0,1.0,1,1.0,1,1.0,1,0.1561311901556045,32
2321,2,3072,1663,1409,0,0,0,1.0,1,1.0,1,1.0,1,0.10248299954939517,33
2322,0,3072,1663,1409,0,0,0,1.0,1,1.0,1,1.0,1,0.10248299954939517,33
2323,0,3072,1663,1409,0,0,0,1.0,1,1.0,1,1.0,1,0.10248299954939517,33
2324,0,3072,1663,1409,0,0,0,1.0,1,1.0,1,1.0,1,0.10693533035803172,34
2325,0,3072,1663,1409,0,0,0,1.0,1,1.0,1,1.0,1,0.09776678608214218,35
2326,0,3072,1663,1409,0,0,0,1.0,1,1.0,1,1.0,1,0.09776678608214218,35
2327,0,3072,1663,1409,0,0,0,1.0,1,1.0,1,1.0,1,0.11888242952580556,36
2328,1,3073,1663,1410,0,0,0,1.0,1,1.0,1,1.0,1,0.10920638325205703,37
2329,0,3073,1663,1410,0,0,0,1.0,1,1.0,1,1.0,1,0.11318356656463059,37
2330,0,3073,1663,1410,0,0,0,1.0,1,1.0,1,1.0,1,0.1170810691005437,38
2331,0,3073,1663,1410,0,0,0,1.0,1,1.0,1,1.0,1,0.11633599211284928,40
2332,0,3073,1663,1410,0,0,0,1.0,1,1.0,1,1.0,1,0.11633599211284928,40
2333,1,3074,1664,1410,0,0,0,1.0,1,1.0,1,1.0,1,0.11716799389029187,41
2334,0,3074,1664,1410,0,0,0,1.0,1,1.0,1,1.0,1,0.11716799389029187,41
2335,0,3074,1664,1410,0,0,0,1.0,1,1.0,1,1.0,1,0.11716799389029187,41
2336,1,3075,1664,1411,0,0,0,1.0,1,1.0,1,1.0,1,0.08761731995755041,41
2337,2,3077,1664,1413,0,0,0,1.0,1,1.0,1,1.0,1,0.03497906142858316,42
2338,3,3080,1666,1414,0,0,0,1.0,1,1.0,1,1.0,1,0.08679913311582152,43
2339,1,3081,1666,1415,0,0,0,1.0,1,1.0,1,1.0,1,0.06776237116957647,43
2340,2,3083,1668,1415,0,0,0,1.0,1,1.0,1,1.0,1,0.11848118686212078,45
2341,3,3086,1668,1418,0,0,0,1.0,1,1.0,1,1.0,1,0.0649643838126043,45
2342,2,3088,1669,1419,0,0,0,1.0,1,1.0,1,1.0,1,0.09558091149819363,46
2343,1,3089,1670,1419,0,0,0,1.0,1,1.0,1,1.0,1,0.07250718005230805,45
2344,2,3091,1672,1419,0,0,0,1.0,1,1.0,1,1.0,1,0.10187173432712587,44
2345,5,3096,1673,1423,0,0,0,1.0,1,1.0,1,1.0,1,0.10738430140026449,44
2346,0,3096,1673,1423,0,0,0,1.0,1,1.0,1,1.0,1,0.10738430140026449,44
2347,0,3096,1673,1423,0,0,0,1.0,1,1.0,1,1.0,1,0.12479152119391068,44
2348,0,3096,1673,1423,0,0,0,1.0,1,1.0,1,1.0,1,0.11743780295196969,45
2349,0,3096,1673,1423,0,0,0,1.0,1,1.0,1,1.0,1,0.12086572597103384,46
2350,3,3099,1674,1425,0,0,0,1.0,1,1.0,1,1.0,1,0.12603241472005997,47
2351,0,3099,1674,1425,0,0,0,1.0,1,1.0,1,1.0,1,0.12603241472005997,47
2352,0,3099,1674,1425,0,0,0,1.0,1,1.0,1,1.0,1,0.12603241472005997,47
2353,3,3102,1675,1427,0,0,0,1.0,1,1.0,1,1.0,1,0.14144804512569228,46
2354,2,3104,1677,1427,0,0,0,1.0,1,1.0,1,1.0,1,0.14325303848819482,47
2355,0,3104,1677,1427,0,0,0,1.0,1,1.0,1,1.0,1,0.14325303848819482,47
2356,3,3107,1680,1427,0,0,0,1.0,1,1.0,1,1.0,1,0.14167460191922646,47
2357,3,3110,1681,1429,0,0,0,1.0,1,1.0,1,1.0,1,0.10444184254519963,47
2358,1,3111,1681,1430,0,0,0,1.0,1,1.0,1,1.0,1,0.0969228078243086,48
2359,1,3112,1681,1431,0,0,0,1.0,1,1.0,1,1.0,1,0.0915589804491207,49
2360,1,3113,1682,1431,0,0,0,1.0,1,1.0,1,1.0,1,0.0781084670976053,49
2361,0,3113,1682,1431,0,0,0,1.0,1,1.0,1,1.0,1,0.06403367164126804,50
2362,0,3113,1682,1431,0,0,0,1.0,1,1.0,1,1.0,1,0.06706707653209207,51
2363,0,3113,1682,1431,0,0,0,1.0,1,1.0,1,1.0,1,0.06706707653209207,51
2364,2,3115,1683,1432,0,0,0,1.0,1,1.0,1,1.0,1,0.04651073789741849,52
2365,1,3116,1684,1432,0,0,0,1.0,1,1.0,1,1.0,1,0.055412136465928956,53
2366,4,3120,1686,1434,0,0,0,1.0,1,1.0,1,1.0,1,0.05656806525974999,54
2367,3,3123,1689,1434,0,0,0,1.0,1,1.0,1,1.0,1,0.0728167396145073,52
2368,3,3126,1692,1434,0,0,0,1.0,1,1.0,1,1.0,1,0.10738985206510263,51
2369,5,3131,1694,1437,0,0,0,1.0,1,1.0,1,1.0,1,0.07933386501389719,51
2370,4,3135,1698,1437,0,0,0,1.0,1,1.0,1,1.0,1,0.10937925214753835,52
2371,3,3138,1701,1437,0,0,0,1.0,1,1.0,1,1.0,1,0.11523853518542537,52
2372,1,3139,1702,1437,0,0,0,1.0,1,1.0,1,1.0,1,0.14028510889213905,49
2373,3,3142,1703,1439,0,0,0,1.0,1,1.0,1,1.0,1,0.11465159001700194,47
2374,0,3142,1703,1439,0,0,0,1.0,1,1.0,1,1.0,1,0.09608900827493447,45
2375,0,3142,1703,1439,0,0,0,1.0,1,1.0,1,1.0,1,0.06627669618415505,45
2376,0,3142,1703,1439,0,0,0,1.0,1,1.0,1,1.0,1,0.06726790765216663,43
2377,2,3144,1704,1440,0,0,0,1.0,1,1.0,1,1.0,1,0.03626750939773759,44
2378,2,3146,1706,1440,0,0,0,1.0,1,1.0,1,1.0,1,0.10829589262119971,43
2379,3,3149,1709,1440,0,0,0,1.0,1,1.0,1,1.0,1,0.10000380154291548,43
2380,0,3149,1709,1440,0,0,0,1.0,1,1.0,1,1.0,1,0.10000380154291548,43
2381,4,3153,1712,1441,0,0,0,1.0,1,1.0,1,1.0,1,0.06856825649705584,44
2382,0,3153,1712,1441,0,0,0,1.0,1,1.0,1,1.0,1,0.06856825649705584,44
2383,2,3155,1714,1441,0,0,0,1.0,1,1.0,1,1.0,1,0.06750166373636417,45
2384,2,3157,1714,1443,0,0,0,1.0,1,1.0,1,1.0,1,0.05146935821380219,45
2385,1,3158,1715,1443,0,0,0,1.0,1,1.0,1,1.0,1,0.050161906049507723,45
2386,2,3160,1717,1443,0,0,0,1.0,1,1.0,1,1.0,1,0.02303843427571608,46
2387,1,3161,1718,1443,0,0,0,1.0,1,1.0,1,1.0,1,0.0646088942187707,44
2388,1,3162,1719,1443,0,0,0,1.0,1,1.0,1,1.0,1,0.04593649223892249,44
2389,1,3163,1720,1443,0,0,0,1.0,1,1.0,1,1.0,1,0.05366248496489463,43
2390,3,3166,1722,1444,0,0,0,1.0,1,1.0,1,1.0,1,0.04942876200318803,44
2391,0,3166,1722,1444,0,0,0,1.0,1,1.0,1,1.0,1,0.05572991010120425,43
2392,1,3167,1723,1444,0,0,0,1.0,1,1.0,1,1.0,1,0.09084388321024105,44
2393,3,3170,1725,1445,0,0,0,1.0,1,1.0,1,1.0,1,0.1295392790313785,45
2394,0,3170,1725,1445,0,0,0,1.0,1,1.0,1,1.0,1,0.15490222126297712,44
2395,1,3171,1726,1445,0,0,0,1.0,1,1.0,1,1.0,1,0.19328116940590673,44
2396,4,3175,1727,1448,0,0,0,1.0,1,1.0,1,1.0,1,0.19172566730564575,45
2397,4,3179,1727,1452,0,0,0,1.0,1,1.0,1,1.0,1,0.17242872617779179,44
2398,1,3180,1728,1452,0,0,0,1.0,1,1.0,1,1.0,1,0.2072184904369907,44
2399,0,3180,1728,1452,0,0,0,1.0,1,1.0,1,1.0,1,0.20830625056450278,45
2400,0,3180,1728,1452,0,0,0,1.0,1,1.0,1,1.0,1,0.20830625056450278,45
2401,4,3184,1728,1456,0,0,0,1.0,1,1.0,1,1.0,1,0.16575171317421242,46
2402,1,3185,1728,1457,0,0,0,1.0,1,1.0,1,1.0,1,0.12314570048362943,47
2403,1,3186,1728,1458,0,0,0,1.0,1,1.0,1,1.0,1,0.10706707144654627,48
2404,2,3188,1730,1458,0,0,0,1.0,1,1.0,1,1.0,1,0.13382330843704066,47
2405,1,3189,1730,1459,0,0,0,1.0,1,1.0,1,1.0,1,0.09705217730529725,45
2406,0,3189,1730,1459,0,0,0,1.0,1,1.0,1,1.0,1,0.09705217730529725,45
2407,2,3191,1732,1459,0,0,0,1.0,1,1.0,1,1.0,1,0.04945157158622977,42
2408,1,3192,1733,1459,0,0,0,1.0,1,1.0,1,1.0,1,0.059261729450020756,41
2409,4,3196,1736,1460,0,0,0,1.0,1,1.0,1,1.0,1,0.03264150368928764,41
2410,0,3196,1736,1460,0,0,0,1.0,1,1.0,1,1.0,1,0.021295455597165874,40
2411,3,3199,1739,1460,0,0,0,1.0,1,1.0,1,1.0,1,0.05127807277062748,40
2412,2,3201,1741,1460,0,0,0,1.0,1,1.0,1,1.0,1,0.061154619150525606,38
2413,2,3203,1743,1460,0,0,0,1.0,1,1.0,1,1.0,1,0.13635629338877983,38
2414,1,3204,1743,1461,0,0,0,1.0,1,1.0,1,1.0,1,0.11586366095630729,36
2415,2,3206,1744,1462,0,0,0,1.0,1,1.0,1,1.0,1,0.14043514007521082,36
2416,0,3206,1744,1462,0,0,0,1.0,1,1.0,1,1.0,1,0.1474518233755928,35
2417,3,3209,1744,1465,0,0,0,1.0,1,1.0,1,1.0,1,0.12211661164432287,33
2418,0,3209,1744,1465,0,0,0,1.0,1,1.0,1,1.0,1,0.12211661164432287,33
2419,2,3211,1745,1466,0,0,0,1.0,1,1.0,1,1.0,1,0.1897955633114908,33
2420,0,3211,1745,1466,0,0,0,1.0,1,1.0,1,1.0,1,0.1191779286997927,34
2421,1,3212,1745,1467,0,0,0,1.0,1,1.0,1,1.0,1,0.10965954850086077,34
2422,3,3215,1748,1467,0,0,0,1.0,1,1.0,1,1.0,1,0.06706122335283977,35
2423,2,3217,1750,1467,0,0,0,1.0,1,1.0,1,1.0,1,0.04186105461043809,36
2424,1,3218,1751,1467,0,0,0,1.0,1,1.0,1,1.0,1,0.04935495918530391,35
2425,3,3221,1754,1467,0,0,0,1.0,1,1.0,1,1.0,1,0.14445527832676774,33
2426,1,3222,1754,1468,0,0,0,1.0,1,1.0,1,1.0,1,0.1350185534302548,34
2427,1,3223,1755,1468,0,0,0,1.0,1,1.0,1,1.0,1,0.12203382938350119,34
2428,0,3223,1755,1468,0,0,0,1.0,1,1.0,1,1.0,1,0.12203382938350119,34
2429,2,3225,1756,1469,0,0,0,1.0,1,1.0,1,1.0,1,0.16575943794801037,34
2430,1,3226,1756,1470,0,0,0,1.0,1,1.0,1,1.0,1,0.18647847297852627,33
2431,0,3226,1756,1470,0,0,0,1.0,1,1.0,1,1.0,1,0.18647847297852627,33
2432,1,3227,1756,1471,0,0,0,1.0,1,1.0,1,1.0,1,0.20230750600605052,33
2433,5,3232,1758,1474,0,0,0,1.0,1,1.0,1,1.0,1,0.1482399271582506,34
2434,0,3232,1758,1474,0,0,0,1.0,1,1.0,1,1.0,1,0.1482399271582506,34
2435,1,3233,1759,1474,0,0,0,1.0,1,1.0,1,1.0,1,0.16882677004691507,34
2436,2,3235,1760,1475,0,0,0,1.0,1,1.0,1,1.0,1,0.14778535998635914,33
2437,1,3236,1760,1476,0,0,0,1.0,1,1.0,1,1.0,1,0.13520309276982592,33
2438,2,3238,1761,1477,0,0,0,1.0,1,1.0,1,1.0,1,0.13120154307955303,34
2439,0,3238,1761,1477,0,0,0,1.0,1,1.0,1,1.0,1,0.12282648084308162,35
2440,0,3238,1761,1477,0,0,0,1.0,1,1.0,1,1.0,1,0.12282648084308162,35
2441,3,3241,1763,1478,0,0,0,1.0,1,1.0,1,1.0,1,0.11117810375540088,35
2442,0,3241,1763,1478,0,0,0,1.0,1,1.0,1,1.0,1,0.09412550478310805,35
2443,4,3245,1766,1479,0,0,0,1.0,1,1.0,1,1.0,1,0.16843558580685541,35
2444,2,3247,1766,1481,0,0,0,1.0,1,1.0,1,1.0,1,0.17233397367861758,34
2445,4,3251,1767,1484,0,0,0,1.0,1,1.0,1,1.0,1,0.14701527194558422,33
2446,0,3251,1767,1484,0,0,0,1.0,1,1.0,1,1.0,1,0.15579277241185382,30
2447,0,3251,1767,1484,0,0,0,1.0,1,1.0,1,1.0,1,0.13377578999079487,29
2448,2,3253,1769,1484,0,0,0,1.0,1,1.0,1,1.0,1,0.07946905583349438,27
2449,0,3253,1769,1484,0,0,0,1.0,1,1.0,1,1.0,1,0.08810464741965315,26
2450,1,3254,1770,1484,0,0,0,1.0,1,1.0,1,1.0,1,0.12079633179088932,28
2451,0,3254,1770,1484,0,0,0,1.0,1,1.0,1,1.0,1,0.12079633179088932,28
2452,1,3255,1771,1484,0,0,0,1.0,1,1.0,1,1.0,1,0.11377494604007947,29
2453,1,3256,1772,1484,0,0,0,1.0,1,1.0,1,1.0,1,0.11654178100466307,30
2454,4,3260,1774,1486,0,0,0,1.0,1,1.0,1,1.0,1,0.05301244183836974,32
2455,1,3261,1775,1486,0,0,0,1.0,1,1.0,1,1.0,1,0.02088869468485311,33
2456,3,3264,1777,1487,0,0,0,1.0,1,1.0,1,1.0,1,0.04056902056103165,34
2457,1,3265,1778,1487,0,0,0,1.0,1,1.0,1,1.0,1,0.08557291796659179,34
2458,0,3265,1778,1487,0,0,0,1.0,1,1.0,1,1.0,1,0.10905655280548507,36
2459,0,3265,1778,1487,0,0,0,1.0,1,1.0,1,1.0,1,0.10905655280548507,36
2460,2,3267,1779,1488,0,0,0,1.0,1,1.0,1,1.0,1,0.10061985426261864,37
2461,2,3269,1780,1489,0,0,0,1.0,1,1.0,1,1.0,1,0.12446251980628559,37
2462,2,3271,1781,1490,0,0,0,1.0,1,1.0,1,1.0,1,0.15336029252633937,38
2463,0,3271,1781,1490,0,0,0,1.0,1,1.0,1,1.0,1,0.12939705761545983,38
2464,3,3274,1782,1492,0,0,0,1.0,1,1.0,1,1.0,1,0.06233719164505006,37
2465,1,3275,1783,1492,0,0,0,1.0,1,1.0,1,1.0,1,0.07687888026825387,36
2466,1,3276,1784,1492,0,0,0,1.0,1,1.0,1,1.0,1,0.09477515633475339,36
2467,1,3277,1784,1493,0,0,0,1.0,1,1.0,1,1.0,1,0.10655071342012001,34
2468,1,3278,1785,1493,0,0,0,1.0,1,1.0,1,1.0,1,0.12830968477210936,33
2469,3,3281,1786,1495,0,0,0,1.0,1,1.0,1,1.0,1,0.07419787570049727,32
2470,0,3281,1786,1495,0,0,0,1.0,1,1.0,1,1.0,1,0.05235656270528914,33
2471,0,3281,1786,1495,0,0,0,1.0,1,1.0,1,1.0,1,0.11804652423595623,31
2472,0,3281,1786,1495,0,0,0,1.0,1,1.0,1,1.0,1,0.1106904007878581,32
2473,1,3282,1787,1495,0,0,0,1.0,1,1.0,1,1.0,1,0.15376043901894595,31
2474,2,3284,1787,1497,0,0,0,1.0,1,1.0,1,1.0,1,0.11571672794225574,33
2475,1,3285,1788,1497,0,0,0,1.0,1,1.0,1,1.0,1,0.15919578059759243,33
2476,1,3286,1789,1497,0,0,0,1.0,1,1.0,1,1.0,1,0.21008414837872508,33
2477,2,3288,1790,1498,0,0,0,1.0,1,1.0,1,1.0,1,0.22834289953885958,33
2478,1,3289,1790,1499,0,0,0,1.0,1,1.0,1,1.0,1,0.21127791790816694,33
2479,2,3291,1792,1499,0,0,0,1.0,1,1.0,1,1.0,1,0.24224155337355455,33
2480,1,3292,1793,1499,0,0,0,1.0,1,1.0,1,1.0,1,0.22509269212756583,34
2481,5,3297,1796,1501,0,0,0,1.0,1,1.0,1,1.0,1,0.15912955679561758,33
2482,2,3299,1797,1502,0,0,0,1.0,1,1.0,1,1.0,1,0.11346282811750451,34
2483,0,3299,1797,1502,0,0,0,1.0,1,1.0,1,1.0,1,0.09216540196589387,33
2484,1,3300,1798,1502,0,0,0,1.0,1,1.0,1,1.0,1,0.07887437905129405,32
2485,2,3302,1800,1502,0,0,0,1.0,1,1.0,1,1.0,1,0.05437526745293675,31
2486,2,3304,1802,1502,0,0,0,1.0,1,1.0,1,1.0,1,0.03198302917388084,29
2487,0,3304,1802,1502,0,0,0,1.0,1,1.0,1,1.0,1,0.03198302917388084,29
2488,3,3307,1805,1502,0,0,0,1.0,1,1.0,1,1.0,1,0.0939601823162569,30
2489,0,3307,1805,1502,0,0,0,1.0,1,1.0,1,1.0,1,0.07236576627239695,29
2490,1,3308,1806,1502,0,0,0,1.0,1,1.0,1,1.0,1,0.06352592501026269,30
2491,1,3309,1807,1502,0,0,0,1.0,1,1.0,1,1.0,1,0.04872447236704521,30
2492,0,3309,1807,1502,0,0,0,1.0,1,1.0,1,1.0,1,0.07710895915039423,29
2493,0,3309,1807,1502,0,0,0,1.0,1,1.0,1,1.0,1,0.07710895915039423,29
2494,1,3310,1808,1502,0,0,0,1.0,1,1.0,1,1.0,1,0.049357032011795116,28
2495,0,3310,1808,1502,0,0,0,1.0,1,1.0,1,1.0,1,0.04734229056632182,29
2496,0,3310,1808,1502,0,0,0,1.0,1,1.0,1,1.0,1,0.04210679513803087,28
2497,0,3310,1808,1502,0,0,0,1.0,1,1.0,1,1.0,1,0.0770659852148305,28
2498,0,3310,1808,1502,0,0,0,1.0,1,1.0,1,1.0,1,0.09353126034363639,29
2499,0,3310,1808,1502,0,0,0,1.0,1,1.0,1,1.0,1,0.08154902462681288,30
2500,2,3312,1810,1502,0,0,0,1.0,1,1.0,1,1.0,1,0.09923730334986529,29
2501,4,3316,1813,1503,0,0,0,1.0,1,1.0,1,1.0,1,0.05746010598457203,33
2502,1,3317,1814,1503,0,0,0,1.0,1,1.0,1,1.0,1,0.07159299729106468,33
2503,2,3319,1816,1503,0,0,0,1.0,1,1.0,1,1.0,1,0.09668757514734316,31
2504,2,3321,1818,1503,0,0,0,1.0,1,1.0,1,1.0,1,0.0671418377733161,31
2505,2,3323,1820,1503,0,0,0,1.0,1,1.0,1,1.0,1,0.040050598006908585,32
2506,2,3325,1822,1503,0,0,0,1.0,1,1.0,1,1.0,1,0.10099991900342248,31
2507,4,3329,1825,1504,0,0,0,1.0,1,1.0,1,1.0,1,0.1312008892215773,29
2508,3,3332,1827,1505,0,0,0,1.0,1,1.0,1,1.0,1,0.1262741482503368,31
2509,1,3333,1827,1506,0,0,0,1.0,1,1.0,1,1.0,1,0.10343961382532763,30
2510,1,3334,1827,1507,0,0,0,1.0,1,1.0,1,1.0,1,0.09764063983215493,31
2511,0,3334,1827,1507,0,0,0,1.0,1,1.0,1,1.0,1,0.09060297901543414,32
2512,2,3336,1829,1507,0,0,0,1.0,1,1.0,1,1.0,1,0.11486365041509564,32
2513,3,3339,1830,1509,0,0,0,1.0,1,1.0,1,1.0,1,0.028825629305121527,34
2514,1,3340,1831,1509,0,0,0,1.0,1,1.0,1,1.0,1,0.059203131638981527,35
2515,1,3341,1831,1510,0,0,0,1.0,1,1.0,1,1.0,1,0.058307427520727206,35
2516,2,3343,1832,1511,0,0,0,1.0,1,1.0,1,1.0,1,0.16203083185516431,34
2517,3,3346,1832,1514,0,0,0,1.0,1,1.0,1,1.0,1,0.1125781331918826,34
2518,1,3347,1833,1514,0,0,0,1.0,1,1.0,1,1.0,1,0.1576024945099963,33
2519,4,3351,1835,1516,0,0,0,1.0,1,1.0,1,1.0,1,0.052658977331808854,32
2520,0,3351,1835,1516,0,0,0,1.0,1,1.0,1,1.0,1,0.031982524067868286,31
2521,1,3352,1836,1516,0,0,0,1.0,1,1.0,1,1.0,1,0.07552156279616781,31
2522,0,3352,1836,1516,0,0,0,1.0,1,1.0,1,1.0,1,0.06497023004781655,30
2523,0,3352,1836,1516,0,0,0,1.0,1,1.0,1,1.0,1,0.08143651562806038,30
2524,0,3352,1836,1516,0,0,0,1.0,1,1.0,1,1.0,1,0.1493585308184702,29
2525,1,3353,1836,1517,0,0,0,1.0,1,1.0,1,1.0,1,0.11329661609851724,29
2526,0,3353,1836,1517,0,0,0,1.0,1,1.0,1,1.0,1,0.14543547576812577,27
2527,0,3353,1836,1517,0,0,0,1.0,1,1.0,1,1.0,1,0.13480189568696918,28
2528,0,3353,1836,1517,0,0,0,1.0,1,1.0,1,1.0,1,0.13480189568696918,28
2529,0,3353,1836,1517,0,0,0,1.0,1,1.0,1,1.0,1,0.13480189568696918,28
2530,0,3353,1836,1517,0,0,0,1.0,1,1.0,1,1.0,1,0.13182214841627882,29
2531,0,3353,1836,1517,0,0,0,1.0,1,1.0,1,1.0,1,0.13598224507332668,30
2532,0,3353,1836,1517,0,0,0,1.0,1,1.0,1,1.0,1,0.12647726827664058,31
2533,0,3353,1836,1517,0,0,0,1.0,1,1.0,1,1.0,1,0.12647726827664058,31
2534,0,3353,1836,1517,0,0,0,1.0,1,1.0,1,1.0,1,0.12647726827664058,31
2535,1,3354,1837,1517,0,0,0,1.0,1,1.0,1,1.0,1,0.15954465322451722,31
2536,0,3354,1837,1517,0,0,0,1.0,1,1.0,1,1.0,1,0.1549668553479814,32
2537,4,3358,1839,1519,0,0,0,1.0,1,1.0,1,1.0,1,0.12070274175620921,33
2538,0,3358,1839,1519,0,0,0,1.0,1,1.0,1,1.0,1,0.13114419125612142,35
2539,5,3363,1842,1521,0,0,0,1.0,1,1.0,1,1.0,1,0.1173876239429629,37
2540,6,3369,1846,1523,0,0,0,1.0,1,1.0,1,1.0,1,0.12584982138247697,38
2541,0,3369,1846,1523,0,0,0,1.0,1,1.0,1,1.0,1,0.1179972846463928,39
2542,4,3373,1849,1524,0,0,0,1.0,1,1.0,1,1.0,1,0.1437723277508667,38
2543,1,3374,1850,1524,0,0,0,1.0,1,1.0,1,1.0,1,0.1481673855856865,41
2544,1,3375,1851,1524,0,0,0,1.0,1,1.0,1,1.0,1,0.13363898484481418,39
2545,1,3376,1852,1524,0,0,0,1.0,1,1.0,1,1.0,1,0.16464227767834708,40
2546,2,3378,1854,1524,0,0,0,1.0,1,1.0,1,1.0,1,0.17352886073866058,38
2547,3,3381,1857,1524,0,0,0,1.0,1,1.0,1,1.0,1,0.16413852779077404,38
2548,0,3381,1857,1524,0,0,0,1.0,1,1.0,1,1.0,1,0.1441280650490825,35
2549,0,3381,1857,1524,0,0,0,1.0,1,1.0,1,1.0,1,0.1315037844999947,35
2550,0,3381,1857,1524,0,0,0,1.0,1,1.0,1,1.0,1,0.13444710234582258,33
2551,1,3382,1858,1524,0,0,0,1.0,1,1.0,1,1.0,1,0.1930622171648777,31
2552,0,3382,1858,1524,0,0,0,1.0,1,1.0,1,1.0,1,0.20084654989971032,30
2553,2,3384,1859,1525,0,0,0,1.0,1,1.0,1,1.0,1,0.21583554583817346,30
2554,0,3384,1859,1525,0,0,0,1.0,1,1.0,1,1.0,1,0.2042991768129922,32
2555,0,3384,1859,1525,0,0,0,1.0,1,1.0,1,1.0,1,0.240347977442407,32
2556,1,3385,1860,1525,0,0,0,1.0,1,1.0,1,1.0,1,0.20766583614205536,32
2557,1,3386,1861,1525,0,0,0,1.0,1,1.0,1,1.0,1,0.20778737403151906,30
2558,0,3386,1861,1525,0,0,0,1.0,1,1.0,1,1.0,1,0.17170207553857939,31
2559,0,3386,1861,1525,0,0,0,1.0,1,1.0,1,1.0,1,0.1595474999675855,30
2560,0,3386,1861,1525,0,0,0,1.0,1,1.0,1,1.0,1,0.1595474999675855,30
2561,0,3386,1861,1525,0,0,0,1.0,1,1.0,1,1.0,1,0.1595474999675855,30
2562,0,3386,1861,1525,0,0,0,1.0,1,1.0,1,1.0,1,0.16646281755435033,33
2563,0,3386,1861,1525,0,0,0,1.0,1,1.0,1,1.0,1,0.16646281755435033,33
2564,0,3386,1861,1525,0,0,0,1.0,1,1.0,1,1.0,1,0.16646281755435033,33
2565,1,3387,1862,1525,0,0,0,1.0,1,1.0,1,1.0,1,0.14100361077970172,33
2566,1,3388,1863,1525,0,0,0,1.0,1,1.0,1,1.0,1,0.14074670059277647,35
2567,2,3390,1865,1525,0,0,0,1.0,1,1.0,1,1.0,1,0.16460750718361275,36
2568,1,3391,1866,1525,0,0,0,1.0,1,1.0,1,1.0,1,0.20262694772526046,37
2569,1,3392,1866,1526,0,0,0,1.0,1,1.0,1,1.0,1,0.1858120066218728,37
2570,0,3392,1866,1526,0,0,0,1.0,1,1.0,1,1.0,1,0.19714952747264086,37
2571,0,3392,1866,1526,0,0,0,1.0,1,1.0,1,1.0,1,0.19714952747264086,37
2572,0,3392,1866,1526,0,0,0,1.0,1,1.0,1,1.0,1,0.17665533703049527,39
2573,0,3392,1866,1526,0,0,0,1.0,1,1.0,1,1.0,1,0.17665533703049527,39
2574,0,3392,1866,1526,0,0,0,1.0,1,1.0,1,1.0,1,0.1747157693032323,38
2575,0,3392,1866,1526,0,0,0,1.0,1,1.0,1,1.0,1,0.1747157693032323,38
2576,0,3392,1866,1526,0,0,0,1.0,1,1.0,1,1.0,1,0.20317421156107257,37
2577,1,3393,1867,1526,0,0,0,1.0,1,1.0,1,1.0,1,0.21699654663107437,39
2578,4,3397,1869,1528,0,0,0,1.0,1,1.0,1,1.0,1,0.22874415259953712,40
2579,1,3398,1869,1529,0,0,0,1.0,1,1.0,1,1.0,1,0.19812367225523647,41
2580,3,3401,1870,1531,0,0,0,1.0,1,1.0,1,1.0,1,0.16638330730014808,42
2581,2,3403,1870,1533,0,0,0,1.0,1,1.0,1,1.0,1,0.11153904723466976,43
2582,2,3405,1870,1535,0,0,0,1.0,1,1.0,1,1.0,1,0.05868263513630504,43
2583,2,3407,1871,1536,0,0,0,1.0,1,1.0,1,1.0,1,0.0422620006233754,43
2584,4,3411,1871,1540,0,0,0,1.0,1,1.0,1,1.0,1,0.035591286862604425,43
2585,0,3411,1871,1540,0,0,0,1.0,1,1.0,1,1.0,1,0.045396527903070125,44
2586,0,3411,1871,1540,0,0,0,1.0,1,1.0,1,1.0,1,0.036633282276205166,43
2587,4,3415,1875,1540,0,0,0,1.0,1,1.0,1,1.0,1,0.04770990423960437,44
2588,0,3415,1875,1540,0,0,0,1.0,1,1.0,1,1.0,1,0.04770990423960437,44
2589,2,3417,1877,1540,0,0,0,1.0,1,1.0,1,1.0,1,0.06136737603500026,44
2590,1,3418,1878,1540,0,0,0,1.0,1,1.0,1,1.0,1,0.028529669099489383,44
2591,1,3419,1879,1540,0,0,0,1.0,1,1.0,1,1.0,1,0.043799405504892724,44
2592,1,3420,1880,1540,0,0,0,1.0,1,1.0,1,1.0,1,0.07706679041958937,44
2593,4,3424,1882,1542,0,0,0,1.0,1,1.0,1,1.0,1,0.04020717382312392,43
2594,1,3425,1883,1542,0,0,0,1.0,1,1.0,1,1.0,1,0.048465650066571025,48
2595,1,3426,1884,1542,0,0,0,1.0,1,1.0,1,1.0,1,0.041546083065991044,45
2596,1,3427,1884,1543,0,0,0,1.0,1,1.0,1,1.0,1,0.05600645962446789,46
2597,2,3429,1885,1544,0,0,0,1.0,1,1.0,1,1.0,1,0.019891983118659712,45
2598,1,3430,1886,1544,0,0,0,1.0,1,1.0,1,1.0,1,0.054380734458993316,45
2599,1,3431,1887,1544,0,0,0,1.0,1,1.0,1,1.0,1,0.0773660782886697,45
2600,2,3433,1888,1545,0,0,0,1.0,1,1.0,1,1.0,1,0.03867360612440781,48
2601,1,3434,1888,1546,0,0,0,1.0,1,1.0,1,1.0,1,0.021252085638660465,47
2602,0,3434,1888,1546,0,0,0,1.0,1,1.0,1,1.0,1,0.027353097822965893,48
2603,0,3434,1888,1546,0,0,0,1.0,1,1.0,1,1.0,1,0.027353097822965893,48
2604,0,3434,1888,1546,0,0,0,1.0,1,1.0,1,1.0,1,0.029404701728396595,47
2605,0,3434,1888,1546,0,0,0,1.0,1,1.0,1,1.0,1,0.029404701728396595,47
2606,0,3434,1888,1546,0,0,0,1.0,1,1.0,1,1.0,1,0.027459261249953706,46
2607,0,3434,1888,1546,0,0,0,1.0,1,1.0,1,1.0,1,0.04905814225425087,45
2608,1,3435,1889,1546,0,0,0,1.0,1,1.0,1,1.0,1,0.031148137648864732,45
2609,1,3436,1890,1546,0,0,0,1.0,1,1.0,1,1.0,1,0.033371605264176575,44
2610,2,3438,1892,1546,0,0,0,1.0,1,1.0,1,1.0,1,0.09415239722517223,45
2611,5,3443,1897,1546,0,0,0,1.0,1,1.0,1,1.0,1,0.13091246835975748,46
2612,2,3445,1899,1546,0,0,0,1.0,1,1.0,1,1.0,1,0.1338580033780969,47
2613,3,3448,1900,1548,0,0,0,1.0,1,1.0,1,1.0,1,0.14838642054266804,48
2614,3,3451,1902,1549,0,0,0,1.0,1,1.0,1,1.0,1,0.2052043512174341,48
2615,4,3455,1905,1550,0,0,0,1.0,1,1.0,1,1.0,1,0.1749462796802865,49
2616,0,3455,1905,1550,0,0,0,1.0,1,1.0,1,1.0,1,0.1749462796802865,49
2617,1,3456,1905,1551,0,0,0,1.0,1,1.0,1,1.0,1,0.14725528804310323,48
2618,1,3457,1905,1552,0,0,0,1.0,1,1.0,1,1.0,1,0.14611427982962977,47
2619,0,3457,1905,1552,0,0,0,1.0,1,1.0,1,1.0,1,0.12274225601117443,50
2620,3,3460,1908,1552,0,0,0,1.0,1,1.0,1,1.0,1,0.1426575280054276,51
2621,5,3465,1909,1556,0,0,0,1.0,1,1.0,1,1.0,1,0.11016699143643713,52
2622,2,3467,1911,1556,0,0,0,1.0,1,1.0,1,1.0,1,0.10148757878887851,52
2623,1,3468,1911,1557,0,0,0,1.0,1,1.0,1,1.0,1,0.08931671339833915,53
2624,0,3468,1911,1557,0,0,0,1.0,1,1.0,1,1.0,1,0.1275604986575018,51
2625,2,3470,1913,1557,0,0,0,1.0,1,1.0,1,1.0,1,0.1291107812954348,50
2626,1,3471,1913,1558,0,0,0,1.0,1,1.0,1,1.0,1,0.13661075741167003,49
2627,1,3472,1914,1558,0,0,0,1.0,1,1.0,1,1.0,1,0.13906890256703874,48
2628,1,3473,1915,1558,0,0,0,1.0,1,1.0,1,1.0,1,0.15550511046644783,48
2629,2,3475,1915,1560,0,0,0,1.0,1,1.0,1,1.0,1,0.1280929608544092,47
2630,0,3475,1915,1560,0,0,0,1.0,1,1.0,1,1.0,1,0.12267335205313451,47
2631,1,3476,1916,1560,0,0,0,1.0,1,1.0,1,1.0,1,0.11390812425536703,47
2632,0,3476,1916,1560,0,0,0,1.0,1,1.0,1,1.0,1,0.12954726107735812,47
2633,3,3479,1918,1561,0,0,0,1.0,1,1.0,1,1.0,1,0.11314436925016745,44
2634,2,3481,1918,1563,0,0,0,1.0,1,1.0,1,1.0,1,0.0707077621817153,44
2635,2,3483,1920,1563,0,0,0,1.0,1,1.0,1,1.0,1,0.08069367182719123,45
2636,3,3486,1923,1563,0,0,0,1.0,1,1.0,1,1.0,1,0.13670292732978206,40
2637,3,3489,1926,1563,0,0,0,1.0,1,1.0,1,1.0,1,0.1428668538335504,41
2638,3,3492,1929,1563,0,0,0,1.0,1,1.0,1,1.0,1,0.19300447523304745,38
2639,2,3494,1929,1565,0,0,0,1.0,1,1.0,1,1.0,1,0.145164295918799,39
2640,2,3496,1931,1565,0,0,0,1.0,1,1.0,1,1.0,1,0.1674587133570607,38
2641,2,3498,1932,1566,0,0,0,1.0,1,1.0,1,1.0,1,0.14508385215380126,37
2642,2,3500,1934,1566,0,0,0,1.0,1,1.0,1,1.0,1,0.17234655148579178,38
2643,0,3500,1934,1566,0,0,0,1.0,1,1.0,1,1.0,1,0.11834918587388397,37
2644,2,3502,1936,1566,0,0,0,1.0,1,1.0,1,1.0,1,0.1333278437262778,36
2645,0,3502,1936,1566,0,0,0,1.0,1,1.0,1,1.0,1,0.11180715566033314,35
2646,1,3503,1937,1566,0,0,0,1.0,1,1.0,1,1.0,1,0.1431624988006874,35
2647,4,3507,1940,1567,0,0,0,1.0,1,1.0,1,1.0,1,0.08914677864310575,35
2648,0,3507,1940,1567,0,0,0,1.0,1,1.0,1,1.0,1,0.08284616697768168,36
2649,1,3508,1941,1567,0,0,0,1.0,1,1.0,1,1.0,1,0.10088903992428987,37
2650,1,3509,1942,1567,0,0,0,1.0,1,1.0,1,1.0,1,0.08546673690327149,39
2651,2,3511,1943,1568,0,0,0,1.0,1,1.0,1,1.0,1,0.05685320296484193,39
2652,0,3511,1943,1568,0,0,0,1.0,1,1.0,1,1.0,1,0.05685320296484193,39
2653,0,3511,1943,1568,0,0,0,1.0,1,1.0,1,1.0,1,0.05685320296484193,39
2654,1,3512,1944,1568,0,0,0,1.0,1,1.0,1,1.0,1,0.062199920262769624,40
2655,0,3512,1944,1568,0,0,0,1.0,1,1.0,1,1.0,1,0.062199920262769624,40
2656,1,3513,1945,1568,0,0,0,1.0,1,1.0,1,1.0,1,0.0695231142995982,39
2657,1,3514,1945,1569,0,0,0,1.0,1,1.0,1,1.0,1,0.0644355213428827,40
2658,0,3514,1945,1569,0,0,0,1.0,1,1.0,1,1.0,1,0.08012620606378393,41
2659,0,3514,1945,1569,0,0,0,1.0,1,1.0,1,1.0,1,0.08012620606378393,41
2660,2,3516,1947,1569,0,0,0,1.0,1,1.0,1,1.0,1,0.09396905692600695,40
2661,3,3519,1949,1570,0,0,0,1.0,1,1.0,1,1.0,1,0.09124652265369722,40
2662,3,3522,1950,1572,0,0,0,1.0,1,1.0,1,1.0,1,0.02942207586085877,42
2663,2,3524,1952,1572,0,0,0,1.0,1,1.0,1,1.0,1,0.051213954890767105,41
2664,1,3525,1953,1572,0,0,0,1.0,1,1.0,1,1.0,1,0.08758286016440377,42
2665,3,3528,1956,1572,0,0,0,1.0,1,1.0,1,1.0,1,0.14077181356747961,43
2666,3,3531,1958,1573,0,0,0,1.0,1,1.0,1,1.0,1,0.15569421494531405,44
2667,1,3532,1959,1573,0,0,0,1.0,1,1.0,1,1.0,1,0.20815758100575188,42
2668,5,3537,1960,1577,0,0,0,1.0,1,1.0,1,1.0,1,0.15681146577396463,41
2669,2,3539,1960,1579,0,0,0,1.0,1,1.0,1,1.0,1,0.13290250051664296,42
2670,0,3539,1960,1579,0,0,0,1.0,1,1.0,1,1.0,1,0.15604385681365385,40
2671,1,3540,1961,1579,0,0,0,1.0,1,1.0,1,1.0,1,0.13932779171999043,39
2672,0,3540,1961,1579,0,0,0,1.0,1,1.0,1,1.0,1,0.13720496103847232,36
2673,3,3543,1963,1580,0,0,0,1.0,1,1.0,1,1.0,1,0.13304965071056696,35
2674,1,3544,1964,1580,0,0,0,1.0,1,1.0,1,1.0,1,0.12013163506035632,33
2675,3,3547,1966,1581,0,0,0,1.0,1,1.0,1,1.0,1,0.14874458684688072,34
2676,1,3548,1967,1581,0,0,0,1.0,1,1.0,1,1.0,1,0.08553250759987144,32
2677,3,3551,1970,1581,0,0,0,1.0,1,1.0,1,1.0,1,0.16433591595006808,33
2678,0,3551,1970,1581,0,0,0,1.0,1,1.0,1,1.0,1,0.1316867067060399,33
2679,2,3553,1972,1581,0,0,0,1.0,1,1.0,1,1.0,1,0.1533179444650932,32
2680,1,3554,1973,1581,0,0,0,1.0,1,1.0,1,1.0,1,0.12878982239532336,32
2681,0,3554,1973,1581,0,0,0,1.0,1,1.0,1,1.0,1,0.090116318461889,32
2682,0,3554,1973,1581,0,0,0,1.0,1,1.0,1,1.0,1,0.061569330832991126,33
2683,0,3554,1973,1581,0,0,0,1.0,1,1.0,1,1.0,1,0.04055829943771622,32
2684,0,3554,1973,1581,0,0,0,1.0,1,1.0,1,1.0,1,0.03543919703619766,31
2685,1,3555,1974,1581,0,0,0,1.0,1,1.0,1,1.0,1,0.01983311476707806,31
2686,0,3555,1974,1581,0,0,0,1.0,1,1.0,1,1.0,1,0.0481697778118943,30
2687,0,3555,1974,1581,0,0,0,1.0,1,1.0,1,1.0,1,0.0481697778118943,30
2688,1,3556,1975,1581,0,0,0,1.0,1,1.0,1,1.0,1,0.07014195575591671,30
2689,2,3558,1977,1581,0,0,0,1.0,1,1.0,1,1.0,1,0.10441692375529064,31
2690,5,3563,1982,1581,0,0,0,1.0,1,1.0,1,1.0,1,0.1860479163004683,31
2691,3,3566,1983,1583,0,0,0,1.0,1,1.0,1,1.0,1,0.14397751073153237,32
2692,2,3568,1985,1583,0,0,0,1.0,1,1.0,1,1.0,1,0.20748032210545195,32
2693,5,3573,1987,1586,0,0,0,1.0,1,1.0,1,1.0,1,0.08072393471319743,33
2694,0,3573,1987,1586,0,0,0,1.0,1,1.0,1,1.0,1,0.10189852089290427,34
2695,0,3573,1987,1586,0,0,0,1.0,1,1.0,1,1.0,1,0.075214200539225,35
2696,0,3573,1987,1586,0,0,0,1.0,1,1.0,1,1.0,1,0.075214200539225,35
2697,2,3575,1989,1586,0,0,0,1.0,1,1.0,1,1.0,1,0.07046112888535223,35
2698,1,3576,1989,1587,0,0,0,1.0,1,1.0,1,1.0,1,0.02679302866540808,36
2699,0,3576,1989,1587,0,0,0,1.0,1,1.0,1,1.0,1,0.05645319749584189,36
2700,0,3576,1989,1587,0,0,0,1.0,1,1.0,1,1.0,1,0.06958712276537535,37
2701,1,3577,1990,1587,0,0,0,1.0,1,1.0,1,1.0,1,0.042829504586145324,37
2702,3,3580,1993,1587,0,0,0,1.0,1,1.0,1,1.0,1,0.14152913219069138,37
2703,1,3581,1994,1587,0,0,0,1.0,1,1.0,1,1.0,1,0.11979279968675213,38
2704,2,3583,1995,1588,0,0,0,1.0,1,1.0,1,1.0,1,0.1357967412464019,37
2705,3,3586,1996,1590,0,0,0,1.0,1,1.0,1,1.0,1,0.10600630125656128,36
2706,2,3588,1998,1590,0,0,0,1.0,1,1.0,1,1.0,1,0.1273992000344856,36
2707,2,3590,1999,1591,0,0,0,1.0,1,1.0,1,1.0,1,0.14385171454388931,35
2708,1,3591,2000,1591,0,0,0,1.0,1,1.0,1,1.0,1,0.16886960026140158,36
2709,3,3594,2002,1592,0,0,0,1.0,1,1.0,1,1.0,1,0.1609906701341147,32
2710,0,3594,2002,1592,0,0,0,1.0,1,1.0,1,1.0,1,0.15427381884246635,29
2711,1,3595,2003,1592,0,0,0,1.0,1,1.0,1,1.0,1,0.08663370410887389,29
2712,0,3595,2003,1592,0,0,0,1.0,1,1.0,1,1.0,1,0.09930877913345347,28
2713,0,3595,2003,1592,0,0,0,1.0,1,1.0,1,1.0,1,0.08224429451850898,28
2714,1,3596,2004,1592,0,0,0,1.0,1,1.0,1,1.0,1,0.09544658935304433,26
2715,0,3596,2004,1592,0,0,0,1.0,1,1.0,1,1.0,1,0.11910068700499901,24
2716,1,3597,2005,1592,0,0,0,1.0,1,1.0,1,1.0,1,0.11135830845170147,24
2717,4,3601,2009,1592,0,0,0,1.0,1,1.0,1,1.0,1,0.19284087688153848,25
2718,3,3604,2010,1594,0,0,0,1.0,1,1.0,1,1.0,1,0.15359379156386113,25
2719,2,3606,2012,1594,0,0,0,1.0,1,1.0,1,1.0,1,0.2007532677377691,25
2720,3,3609,2014,1595,0,0,0,1.0,1,1.0,1,1.0,1,0.30447097401748063,25
2721,7,3616,2017,1599,0,0,0,1.0,1,1.0,1,1.0,1,0.14182295518763754,25
2722,1,3617,2018,1599,0,0,0,1.0,1,1.0,1,1.0,1,0.18274249860447808,26
2723,0,3617,2018,1599,0,0,0,1.0,1,1.0,1,1.0,1,0.18274249860447808,26
2724,1,3618,2019,1599,0,0,0,1.0,1,1.0,1,1.0,1,0.1265392909093337,27
2725,1,3619,2019,1600,0,0,0,1.0,1,1.0,1,1.0,1,0.08411958556642567,28
2726,0,3619,2019,1600,0,0,0,1.0,1,1.0,1,1.0,1,0.08411958556642567,28
2727,0,3619,2019,1600,0,0,0,1.0,1,1.0,1,1.0,1,0.0910066666452979,29
2728,0,3619,2019,1600,0,0,0,1.0,1,1.0,1,1.0,1,0.0910066666452979,29
2729,1,3620,2019,1601,0,0,0,1.0,1,1.0,1,1.0,1,0.05386810453428701,29
2730,0,3620,2019,1601,0,0,0,1.0,1,1.0,1,1.0,1,0.05386810453428701,29
2731,0,3620,2019,1601,0,0,0,1.0,1,1.0,1,1.0,1,0.029538470121713435,30
2732,1,3621,2020,1601,0,0,0,1.0,1,1.0,1,1.0,1,0.03698798500209661,29
2733,1,3622,2021,1601,0,0,0,1.0,1,1.0,1,1.0,1,0.06567377224796617,29
2734,0,3622,2021,1601,0,0,0,1.0,1,1.0,1,1.0,1,0.06567377224796617,29
2735,1,3623,2022,1601,0,0,0,1.0,1,1.0,1,1.0,1,0.1235552438111646,29
2736,1,3624,2022,1602,0,0,0,1.0,1,1.0,1,1.0,1,0.12073117045851327,30
2737,1,3625,2022,1603,0,0,0,1.0,1,1.0,1,1.0,1,0.10618407579073555,30
2738,1,3626,2023,1603,0,0,0,1.0,1,1.0,1,1.0,1,0.142654749631019,30
2739,1,3627,2024,1603,0,0,0,1.0,1,1.0,1,1.0,1,0.13428504858606985,29
2740,2,3629,2025,1604,0,0,0,1.0,1,1.0,1,1.0,1,0.1295092097242339,29
2741,1,3630,2025,1605,0,0,0,1.0,1,1.0,1,1.0,1,0.11606188205658494,28
2742,1,3631,2026,1605,0,0,0,1.0,1,1.0,1,1.0,1,0.1468126859547585,28
2743,2,3633,2027,1606,0,0,0,1.0,1,1.0,1,1.0,1,0.16469191911625794,29
2744,0,3633,2027,1606,0,0,0,1.0,1,1.0,1,1.0,1,0.12345841633941143,27
2745,2,3635,2029,1606,0,0,0,1.0,1,1.0,1,1.0,1,0.17203284065322402,25
2746,1,3636,2029,1607,0,0,0,1.0,1,1.0,1,1.0,1,0.13180316246095025,25
2747,1,3637,2030,1607,0,0,0,1.0,1,1.0,1,1.0,1,0.16752897556994073,23
2748,0,3637,2030,1607,0,0,0,1.0,1,1.0,1,1.0,1,0.13748943986301956,22
2749,0,3637,2030,1607,0,0,0,1.0,1,1.0,1,1.0,1,0.16410228806954535,19
2750,0,3637,2030,1607,0,0,0,1.0,1,1.0,1,1.0,1,0.1399667735536144,18
2751,0,3637,2030,1607,0,0,0,1.0,1,1.0,1,1.0,1,0.19284238150732766,16
2752,1,3638,2031,1607,0,0,0,1.0,1,1.0,1,1.0,1,0.16211197192662555,15
2753,0,3638,2031,1607,0,0,0,1.0,1,1.0,1,1.0,1,0.16211197192662555,15
2754,0,3638,2031,1607,0,0,0,1.0,1,1.0,1,1.0,1,0.16211197192662555,15
2755,0,3638,2031,1607,0,0,0,1.0,1,1.0,1,1.0,1,0.16211197192662555,15
2756,1,3639,2031,1608,0,0,0,1.0,1,1.0,1,1.0,1,0.12824181003637292,16
2757,0,3639,2031,1608,0,0,0,1.0,1,1.0,1,1.0,1,0.07752912745878869,17
2758,0,3639,2031,1608,0,0,0,1.0,1,1.0,1,1.0,1,0.07752912745878869,17
2759,0,3639,2031,1608,0,0,0,1.0,1,1.0,1,1.0,1,0.07271764144740467,18
2760,0,3639,2031,1608,0,0,0,1.0,1,1.0,1,1.0,1,0.07271764144740467,18
2761,0,3639,2031,1608,0,0,0,1.0,1,1.0,1,1.0,1,0.07271764144740467,18
2762,0,3639,2031,1608,0,0,0,1.0,1,1.0,1,1.0,1,0.07271764144740467,18
2763,0,3639,2031,1608,0,0,0,1.0,1,1.0,1,1.0,1,0.07803407698530493,17
2764,2,3641,2033,1608,0,0,0,1.0,1,1.0,1,1.0,1,0.22142659950642857,17
2765,1,3642,2034,1608,0,0,0,1.0,1,1.0,1,1.0,1,0.22437664581283776,18
2766,0,3642,2034,1608,0,0,0,1.0,1,1.0,1,1.0,1,0.22437664581283776,18
2767,0,3642,2034,1608,0,0,0,1.0,1,1.0,1,1.0,1,0.22437664581283776,18
2768,1,3643,2035,1608,0,0,0,1.0,1,1.0,1,1.0,1,0.20204142109463616,18
2769,2,3645,2036,1609,0,0,0,1.0,1,1.0,1,1.0,1,0.16104620044219164,18
2770,1,3646,2037,1609,0,0,0,1.0,1,1.0,1,1.0,1,0.19177299674587006,18
2771,0,3646,2037,1609,0,0,0,1.0,1,1.0,1,1.0,1,0.19177299674587006,18
2772,0,3646,2037,1609,0,0,0,1.0,1,1.0,1,1.0,1,0.19177299674587006,18
2773,1,3647,2037,1610,0,0,0,1.0,1,1.0,1,1.0,1,0.12170346312783929,18
2774,0,3647,2037,1610,0,0,0,1.0,1,1.0,1,1.0,1,0.16369000276792972,20
2775,2,3649,2039,1610,0,0,0,1.0,1,1.0,1,1.0,1,0.18023390168458714,21
2776,1,3650,2040,1610,0,0,0,1.0,1,1.0,1,1.0,1,0.1499257838172298,21
2777,0,3650,2040,1610,0,0,0,1.0,1,1.0,1,1.0,1,0.13345876851046934,22
2778,1,3651,2041,1610,0,0,0,1.0,1,1.0,1,1.0,1,0.16499181790978731,24
2779,2,3653,2043,1610,0,0,0,1.0,1,1.0,1,1.0,1,0.17382921115678518,24
2780,1,3654,2044,1610,0,0,0,1.0,1,1.0,1,1.0,1,0.12449927996116282,24
2781,0,3654,2044,1610,0,0,0,1.0,1,1.0,1,1.0,1,0.12449927996116282,24
2782,0,3654,2044,1610,0,0,0,1.0,1,1.0,1,1.0,1,0.12449927996116282,24
2783,0,3654,2044,1610,0,0,0,1.0,1,1.0,1,1.0,1,0.12449927996116282,24
2784,1,3655,2044,1611,0,0,0,1.0,1,1.0,1,1.0,1,0.1587825377280115,24
2785,0,3655,2044,1611,0,0,0,1.0,1,1.0,1,1.0,1,0.11784952233341055,22
2786,0,3655,2044,1611,0,0,0,1.0,1,1.0,1,1.0,1,0.18084619089830892,22
2787,1,3656,2045,1611,0,0,0,1.0,1,1.0,1,1.0,1,0.11249262848623257,21
2788,0,3656,2045,1611,0,0,0,1.0,1,1.0,1,1.0,1,0.10839858953758204,20
2789,1,3657,2046,1611,0,0,0,1.0,1,1.0,1,1.0,1,0.1455554761474988,20
2790,1,3658,2046,1612,0,0,0,1.0,1,1.0,1,1.0,1,0.15056160328725132,21
2791,0,3658,2046,1612,0,0,0,1.0,1,1.0,1,1.0,1,0.15056160328725132,21
2792,0,3658,2046,1612,0,0,0,1.0,1,1.0,1,1.0,1,0.15056160328725132,21
2793,1,3659,2046,1613,0,0,0,1.0,1,1.0,1,1.0,1,0.10751684895364381,18
2794,0,3659,2046,1613,0,0,0,1.0,1,1.0,1,1.0,1,0.10751684895364381,18
2795,1,3660,2047,1613,0,0,0,1.0,1,1.0,1,1.0,1,0.11395124570121017,20
2796,1,3661,2048,1613,0,0,0,1.0,1,1.0,1,1.0,1,0.09388491422126025,21
2797,0,3661,2048,1613,0,0,0,1.0,1,1.0,1,1.0,1,0.09388491422126025,21
2798,0,3661,2048,1613,0,0,0,1.0,1,1.0,1,1.0,1,0.09388491422126025,21
2799,0,3661,2048,1613,0,0,0,1.0,1,1.0,1,1.0,1,0.10825353471282835,22
2800,0,3661,2048,1613,0,0,0,1.0,1,1.0,1,1.0,1,0.10825353471282835,22
2801,2,3663,2050,1613,0,0,0,1.0,1,1.0,1,1.0,1,0.21443294236435795,22
2802,1,3664,2050,1614,0,0,0,1.0,1,1.0,1,1.0,1,0.16492792471398118,22
2803,1,3665,2051,1614,0,0,0,1.0,1,1.0,1,1.0,1,0.20275982439908993,22
2804,0,3665,2051,1614,0,0,0,1.0,1,1.0,1,1.0,1,0.21361142227685342,23
2805,0,3665,2051,1614,0,0,0,1.0,1,1.0,1,1.0,1,0.21361142227685342,23
2806,0,3665,2051,1614,0,0,0,1.0,1,1.0,1,1.0,1,0.21361142227685342,23
2807,1,3666,2051,1615,0,0,0,1.0,1,1.0,1,1.0,1,0.17149219489467024,24
2808,0,3666,2051,1615,0,0,0,1.0,1,1.0,1,1.0,1,0.17149219489467024,24
2809,0,3666,2051,1615,0,0,0,1.0,1,1.0,1,1.0,1,0.18718986898858064,25
2810,0,3666,2051,1615,0,0,0,1.0,1,1.0,1,1.0,1,0.18488652047894955,24
2811,1,3667,2052,1615,0,0,0,1.0,1,1.0,1,1.0,1,0.16084623633360545,26
2812,0,3667,2052,1615,0,0,0,1.0,1,1.0,1,1.0,1,0.16084623633360545,26
2813,1,3668,2053,1615,0,0,0,1.0,1,1.0,1,1.0,1,0.14274206963588118,27
2814,2,3670,2054,1616,0,0,0,1.0,1,1.0,1,1.0,1,0.18666312727500498,29
2815,3,3673,2055,1618,0,0,0,1.0,1,1.0,1,1.0,1,0.1304488261836666,29
2816,1,3674,2056,1618,0,0,0,1.0,1,1.0,1,1.0,1,0.12232358869830438,29
2817,0,3674,2056,1618,0,0,0,1.0,1,1.0,1,1.0,1,0.12232358869830438,29
2818,1,3675,2057,1618,0,0,0,1.0,1,1.0,1,1.0,1,0.15942509111083214,29
2819,2,3677,2058,1619,0,0,0,1.0,1,1.0,1,1.0,1,0.12435405075342978,30
2820,1,3678,2059,1619,0,0,0,1.0,1,1.0,1,1.0,1,0.18372341766200234,30
2821,2,3680,2060,1620,0,0,0,1.0,1,1.0,1,1.0,1,0.14392815336527456,31
2822,0,3680,2060,1620,0,0,0,1.0,1,1.0,1,1.0,1,0.1622552770504677,30
2823,2,3682,2061,1621,0,0,0,1.0,1,1.0,1,1.0,1,0.05920023717877746,27
2824,0,3682,2061,1621,0,0,0,1.0,1,1.0,1,1.0,1,0.04418046661165506,28
2825,3,3685,2064,1621,0,0,0,1.0,1,1.0,1,1.0,1,0.11507051457279191,28
2826,1,3686,2065,1621,0,0,0,1.0,1,1.0,1,1.0,1,0.18059785059232908,27
2827,0,3686,2065,1621,0,0,0,1.0,1,1.0,1,1.0,1,0.20189227473689036,28
2828,0,3686,2065,1621,0,0,0,1.0,1,1.0,1,1.0,1,0.22885612589823515,28
2829,2,3688,2066,1622,0,0,0,1.0,1,1.0,1,1.0,1,0.2030364915662262,27
2830,1,3689,2067,1622,0,0,0,1.0,1,1.0,1,1.0,1,0.22254436034561417,27
2831,4,3693,2069,1624,0,0,0,1.0,1,1.0,1,1.0,1,0.1824986379132309,27
2832,1,3694,2069,1625,0,0,0,1.0,1,1.0,1,1.0,1,0.214148280653111,27
2833,1,3695,2070,1625,0,0,0,1.0,1,1.0,1,1.0,1,0.22873550077665175,26
2834,2,3697,2072,1625,0,0,0,1.0,1,1.0,1,1.0,1,0.12093632291065715,26
2835,1,3698,2073,1625,0,0,0,1.0,1,1.0,1,1.0,1,0.08254139288728934,25
2836,0,3698,2073,1625,0,0,0,1.0,1,1.0,1,1.0,1,0.11561825842509717,27
2837,1,3699,2074,1625,0,0,0,1.0,1,1.0,1,1.0,1,0.1577849798175198,27
2838,0,3699,2074,1625,0,0,0,1.0,1,1.0,1,1.0,1,0.1577849798175198,27
2839,2,3701,2075,1626,0,0,0,1.0,1,1.0,1,1.0,1,0.18425833376744408,29
2840,0,3701,2075,1626,0,0,0,1.0,1,1.0,1,1.0,1,0.18425833376744408,29
2841,3,3704,2076,1628,0,0,0,1.0,1,1.0,1,1.0,1,0.17695930542069133,31
2842,0,3704,2076,1628,0,0,0,1.0,1,1.0,1,1.0,1,0.17695930542069133,31
2843,0,3704,2076,1628,0,0,0,1.0,1,1.0,1,1.0,1,0.11813653018750983,32
2844,3,3707,2079,1628,0,0,0,1.0,1,1.0,1,1.0,1,0.10000982000785723,33
2845,1,3708,2079,1629,0,0,0,1.0,1,1.0,1,1.0,1,0.09027290425266067,32
2846,2,3710,2081,1629,0,0,0,1.0,1,1.0,1,1.0,1,0.08811510536832494,33
2847,2,3712,2082,1630,0,0,0,1.0,1,1.0,1,1.0,1,0.14950127680256564,32
2848,2,3714,2084,1630,0,0,0,1.0,1,1.0,1,1.0,1,0.17495787746627092,33
2849,2,3716,2084,1632,0,0,0,1.0,1,1.0,1,1.0,1,0.12718409136239062,34
2850,0,3716,2084,1632,0,0,0,1.0,1,1.0,1,1.0,1,0.12718409136239062,34
2851,0,3716,2084,1632,0,0,0,1.0,1,1.0,1,1.0,1,0.12718409136239062,34
2852,7,3723,2089,1634,0,0,0,1.0,1,1.0,1,1.0,1,0.13174664950936826,35
2853,2,3725,2089,1636,0,0,0,1.0,1,1.0,1,1.0,1,0.0791702813306317,36
2854,0,3725,2089,1636,0,0,0,1.0,1,1.0,1,1.0,1,0.08553916061093775,37
2855,1,3726,2090,1636,0,0,0,1.0,1,1.0,1,1.0,1,0.058414450599432295,38
2856,0,3726,2090,1636,0,0,0,1.0,1,1.0,1,1.0,1,0.058414450599432295,38
2857,2,3728,2092,1636,0,0,0,1.0,1,1.0,1,1.0,1,0.061471179106030005,39
2858,1,3729,2093,1636,0,0,0,1.0,1,1.0,1,1.0,1,0.06471817400743765,40
2859,2,3731,2095,1636,0,0,0,1.0,1,1.0,1,1.0,1,0.1379039645020745,40
2860,2,3733,2096,1637,0,0,0,1.0,1,1.0,1,1.0,1,0.1020165316802269,40
2861,2,3735,2097,1638,0,0,0,1.0,1,1.0,1,1.0,1,0.07863136778521407,38
2862,1,3736,2098,1638,0,0,0,1.0,1,1.0,1,1.0,1,0.1369978239516245,38
2863,2,3738,2100,1638,0,0,0,1.0,1,1.0,1,1.0,1,0.14733160727165887,38
2864,1,3739,2101,1638,0,0,0,1.0,1,1.0,1,1.0,1,0.17132808288719986,36
2865,3,3742,2104,1638,0,0,0,1.0,1,1.0,1,1.0,1,0.18085544172036014,34
2866,0,3742,2104,1638,0,0,0,1.0,1,1.0,1,1.0,1,0.14444869107281824,31
2867,1,3743,2105,1638,0,0,0,1.0,1,1.0,1,1.0,1,0.13555983534926744,30
2868,2,3745,2107,1638,0,0,0,1.0,1,1.0,1,1.0,1,0.18377895424696572,27
2869,0,3745,2107,1638,0,0,0,1.0,1,1.0,1,1.0,1,0.20234387179107882,27
2870,1,3746,2108,1638,0,0,0,1.0,1,1.0,1,1.0,1,0.2321751811276038,25
2871,0,3746,2108,1638,0,0,0,1.0,1,1.0,1,1.0,1,0.23207158668649863,25
2872,3,3749,2109,1640,0,0,0,1.0,1,1.0,1,1.0,1,0.1930688468019395,23
2873,2,3751,2109,1642,0,0,0,1.0,1,1.0,1,1.0,1,0.10659314369052007,24
2874,0,3751,2109,1642,0,0,0,1.0,1,1.0,1,1.0,1,0.11548195577403356,24
2875,1,3752,2109,1643,0,0,0,1.0,1,1.0,1,1.0,1,0.1587883483355293,23
2876,2,3754,2110,1644,0,0,0,1.0,1,1.0,1,1.0,1,0.14670105701160463,24
2877,2,3756,2111,1645,0,0,0,1.0,1,1.0,1,1.0,1,0.14212870256297683,24
2878,1,3757,2112,1645,0,0,0,1.0,1,1.0,1,1.0,1,0.16175995022234615,24
2879,3,3760,2114,1646,0,0,0,1.0,1,1.0,1,1.0,1,0.20277648127514877,25
2880,0,3760,2114,1646,0,0,0,1.0,1,1.0,1,1.0,1,0.20459773971825035,26
2881,1,3761,2114,1647,0,0,0,1.0,1,1.0,1,1.0,1,0.19074472923508218,26
2882,0,3761,2114,1647,0,0,0,1.0,1,1.0,1,1.0,1,0.16582285091177207,27
2883,1,3762,2114,1648,0,0,0,1.0,1,1.0,1,1.0,1,0.13809128602340892,28
2884,1,3763,2114,1649,0,0,0,1.0,1,1.0,1,1.0,1,0.12059939855011582,29
2885,1,3764,2114,1650,0,0,0,1.0,1,1.0,1,1.0,1,0.08977510766844998,31
2886,1,3765,2115,1650,0,0,0,1.0,1,1.0,1,1.0,1,0.11770271318081374,31
2887,0,3765,2115,1650,0,0,0,1.0,1,1.0,1,1.0,1,0.09473492885303818,33
2888,2,3767,2116,1651,0,0,0,1.0,1,1.0,1,1.0,1,0.15672315306205808,34
2889,2,3769,2118,1651,0,0,0,1.0,1,1.0,1,1.0,1,0.17724853007954758,35
2890,2,3771,2119,1652,0,0,0,1.0,1,1.0,1,1.0,1,0.18011866684542532,35
2891,1,3772,2119,1653,0,0,0,1.0,1,1.0,1,1.0,1,0.15928996708653334,35
2892,2,3774,2120,1654,0,0,0,1.0,1,1.0,1,1.0,1,0.17501209994441505,35
2893,1,3775,2120,1655,0,0,0,1.0,1,1.0,1,1.0,1,0.15545301300454922,37
2894,0,3775,2120,1655,0,0,0,1.0,1,1.0,1,1.0,1,0.15545301300454922,37
2895,0,3775,2120,1655,0,0,0,1.0,1,1.0,1,1.0,1,0.15545301300454922,37
2896,2,3777,2121,1656,0,0,0,1.0,1,1.0,1,1.0,1,0.1944687041915965,38
2897,0,3777,2121,1656,0,0,0,1.0,1,1.0,1,1.0,1,0.22552684765572062,37
2898,0,3777,2121,1656,0,0,0,1.0,1,1.0,1,1.0,1,0.23956818138393227,38
2899,2,3779,2123,1656,0,0,0,1.0,1,1.0,1,1.0,1,0.2637599412668856,37
2900,0,3779,2123,1656,0,0,0,1.0,1,1.0,1,1.0,1,0.24574324839374434,36
2901,1,3780,2123,1657,0,0,0,1.0,1,1.0,1,1.0,1,0.1867277526095517,37
2902,0,3780,2123,1657,0,0,0,1.0,1,1.0,1,1.0,1,0.17461439810879043,35
2903,0,3780,2123,1657,0,0,0,1.0,1,1.0,1,1.0,1,0.1847763087437797,35
2904,0,3780,2123,1657,0,0,0,1.0,1,1.0,1,1.0,1,0.18146453180778005,33
2905,1,3781,2123,1658,0,0,0,1.0,1,1.0,1,1.0,1,0.18267768223474987,34
2906,2,3783,2125,1658,0,0,0,1.0,1,1.0,1,1.0,1,0.27066271144050225,34
2907,1,3784,2125,1659,0,0,0,1.0,1,1.0,1,1.0,1,0.2496556050495641,35
2908,0,3784,2125,1659,0,0,0,1.0,1,1.0,1,1.0,1,0.2570372184795021,36
2909,0,3784,2125,1659,0,0,0,1.0,1,1.0,1,1.0,1,0.26131494492387825,38
2910,0,3784,2125,1659,0,0,0,1.0,1,1.0,1,1.0,1,0.26131494492387825,38
2911,1,3785,2126,1659,0,0,0,1.0,1,1.0,1,1.0,1,0.2794929201923003,37
2912,0,3785,2126,1659,0,0,0,1.0,1,1.0,1,1.0,1,0.2794929201923003,37
2913,1,3786,2126,1660,0,0,0,1.0,1,1.0,1,1.0,1,0.277105515822941,38
2914,0,3786,2126,1660,0,0,0,1.0,1,1.0,1,1.0,1,0.277105515822941,38
2915,1,3787,2126,1661,0,0,0,1.0,1,1.0,1,1.0,1,0.2525179392758197,39
2916,2,3789,2126,1663,0,0,0,1.0,1,1.0,1,1.0,1,0.24555584745427642,40
2917,2,3791,2126,1665,0,0,0,1.0,1,1.0,1,1.0,1,0.19882836256402417,41
2918,1,3792,2126,1666,0,0,0,1.0,1,1.0,1,1.0,1,0.20820877152623177,41
2919,0,3792,2126,1666,0,0,0,1.0,1,1.0,1,1.0,1,0.20820877152623177,41
2920,0,3792,2126,1666,0,0,0,1.0,1,1.0,1,1.0,1,0.20623151516696073,43
2921,2,3794,2126,1668,0,0,0,1.0,1,1.0,1,1.0,1,0.17952447952071968,42
2922,0,3794,2126,1668,0,0,0,1.0,1,1.0,1,1.0,1,0.15684416885143318,43
2923,0,3794,2126,1668,0,0,0,1.0,1,1.0,1,1.0,1,0.16759736304655898,44
2924,0,3794,2126,1668,0,0,0,1.0,1,1.0,1,1.0,1,0.14147846572568665,45
2925,1,3795,2127,1668,0,0,0,1.0,1,1.0,1,1.0,1,0.18350347667713063,45
2926,1,3796,2128,1668,0,0,0,1.0,1,1.0,1,1.0,1,0.14116551940459193,47
2927,0,3796,2128,1668,0,0,0,1.0,1,1.0,1,1.0,1,0.14116551940459193,47
2928,3,3799,2129,1670,0,0,0,1.0,1,1.0,1,1.0,1,0.14468821061450135,48
2929,0,3799,2129,1670,0,0,0,1.0,1,1.0,1,1.0,1,0.14468821061450135,48
2930,0,3799,2129,1670,0,0,0,1.0,1,1.0,1,1.0,1,0.1452516247444503,50
2931,0,3799,2129,1670,0,0,0,1.0,1,1.0,1,1.0,1,0.14563845099909048,51
2932,0,3799,2129,1670,0,0,0,1.0,1,1.0,1,1.0,1,0.14563845099909048,51
2933,1,3800,2129,1671,0,0,0,1.0,1,1.0,1,1.0,1,0.1443485675298081,52
2934,0,3800,2129,1671,0,0,0,1.0,1,1.0,1,1.0,1,0.1443485675298081,52
2935,0,3800,2129,1671,0,0,0,1.0,1,1.0,1,1.0,1,0.16379244500772816,51
2936,1,3801,2130,1671,0,0,0,1.0,1,1.0,1,1.0,1,0.18062195809214715,49
2937,0,3801,2130,1671,0,0,0,1.0,1,1.0,1,1.0,1,0.18103500720854507,50
2938,3,3804,2131,1673,0,0,0,1.0,1,1.0,1,1.0,1,0.17958076666393916,50
2939,0,3804,2131,1673,0,0,0,1.0,1,1.0,1,1.0,1,0.18532092487347815,51
2940,3,3807,2133,1674,0,0,0,1.0,1,1.0,1,1.0,1,0.18219981923570006,52
2941,3,3810,2135,1675,0,0,0,1.0,1,1.0,1,1.0,1,0.217730351261009,53
2942,0,3810,2135,1675,0,0,0,1.0,1,1.0,1,1.0,1,0.21715231572856242,52
2943,2,3812,2137,1675,0,0,0,1.0,1,1.0,1,1.0,1,0.2537336974977236,51
2944,0,3812,2137,1675,0,0,0,1.0,1,1.0,1,1.0,1,0.2340225030882585,52
2945,3,3815,2138,1677,0,0,0,1.0,1,1.0,1,1.0,1,0.21347580472192143,50
2946,1,3816,2139,1677,0,0,0,1.0,1,1.0,1,1.0,1,0.21761512665357924,51
2947,1,3817,2140,1677,0,0,0,1.0,1,1.0,1,1.0,1,0.21373795467571358,50
2948,2,3819,2141,1678,0,0,0,1.0,1,1.0,1,1.0,1,0.17983171968769646,50
2949,2,3821,2141,1680,0,0,0,1.0,1,1.0,1,1.0,1,0.1457335667491278,49
2950,0,3821,2141,1680,0,0,0,1.0,1,1.0,1,1.0,1,0.16401204007155837,48
2951,0,3821,2141,1680,0,0,0,1.0,1,1.0,1,1.0,1,0.14906688549241479,48
2952,0,3821,2141,1680,0,0,0,1.0,1,1.0,1,1.0,1,0.14467013105519816,46
2953,0,3821,2141,1680,0,0,0,1.0,1,1.0,1,1.0,1,0.14467013105519816,46
2954,2,3823,2142,1681,0,0,0,1.0,1,1.0,1,1.0,1,0.16644871344659262,48
2955,3,3826,2142,1684,0,0,0,1.0,1,1.0,1,1.0,1,0.106369073109786,48
2956,1,3827,2142,1685,0,0,0,1.0,1,1.0,1,1.0,1,0.10914376544150513,47
2957,2,3829,2142,1687,0,0,0,1.0,1,1.0,1,1.0,1,0.09130210785500682,48
2958,1,3830,2142,1688,0,0,0,1.0,1,1.0,1,1.0,1,0.06569659625639918,49
2959,0,3830,2142,1688,0,0,0,1.0,1,1.0,1,1.0,1,0.06569659625639918,49
2960,0,3830,2142,1688,0,0,0,1.0,1,1.0,1,1.0,1,0.06569659625639918,49
2961,3,3833,2145,1688,0,0,0,1.0,1,1.0,1,1.0,1,0.03627164776975905,51
2962,2,3835,2147,1688,0,0,0,1.0,1,1.0,1,1.0,1,0.050197447297743045,51
2963,2,3837,2149,1688,0,0,0,1.0,1,1.0,1,1.0,1,0.08111546969659959,51
2964,2,3839,2150,1689,0,0,0,1.0,1,1.0,1,1.0,1,0.10720712123579507,52
2965,4,3843,2152,1691,0,0,0,1.0,1,1.0,1,1.0,1,0.06468496259204545,53
2966,2,3845,2153,1692,0,0,0,1.0,1,1.0,1,1.0,1,0.049030781877492643,53
2967,1,3846,2153,1693,0,0,0,1.0,1,1.0,1,1.0,1,0.016421885158220663,53
2968,0,3846,2153,1693,0,0,0,1.0,1,1.0,1,1.0,1,0.02168022514881732,54
2969,2,3848,2155,1693,0,0,0,1.0,1,1.0,1,1.0,1,0.011177257791553602,55
2970,0,3848,2155,1693,0,0,0,1.0,1,1.0,1,1.0,1,0.011177257791553602,55
2971,1,3849,2156,1693,0,0,0,1.0,1,1.0,1,1.0,1,0.02569623712637432,55
2972,1,3850,2157,1693,0,0,0,1.0,1,1.0,1,1.0,1,0.057672281093369256,55
2973,0,3850,2157,1693,0,0,0,1.0,1,1.0,1,1.0,1,0.07419346298166482,55
2974,1,3851,2157,1694,0,0,0,1.0,1,1.0,1,1.0,1,0.0783094685230784,56
2975,0,3851,2157,1694,0,0,0,1.0,1,1.0,1,1.0,1,0.08250314171025454,55
2976,0,3851,2157,1694,0,0,0,1.0,1,1.0,1,1.0,1,0.07770115341000673,57
2977,2,3853,2157,1696,0,0,0,1.0,1,1.0,1,1.0,1,0.057120654662247194,59
2978,2,3855,2159,1696,0,0,0,1.0,1,1.0,1,1.0,1,0.10368986212781814,59
2979,0,3855,2159,1696,0,0,0,1.0,1,1.0,1,1.0,1,0.10368986212781814,59
2980,1,3856,2160,1696,0,0,0,1.0,1,1.0,1,1.0,1,0.13661002970817865,59
2981,4,3860,2162,1698,0,0,0,1.0,1,1.0,1,1.0,1,0.1357120821554651,59
2982,4,3864,2163,1701,0,0,0,1.0,1,1.0,1,1.0,1,0.09585181571966792,61
2983,4,3868,2165,1703,0,0,0,1.0,1,1.0,1,1.0,1,0.04286541720739928,61
2984,4,3872,2166,1706,0,0,0,1.0,1,1.0,1,1.0,1,0.04615330382652495,61
2985,4,3876,2170,1706,0,0,0,1.0,1,1.0,1,1.0,1,0.04501913644822741,57
2986,2,3878,2172,1706,0,0,0,1.0,1,1.0,1,1.0,1,0.060330635715322226,58
2987,1,3879,2173,1706,0,0,0,1.0,1,1.0,1,1.0,1,0.05118030937545385,56
2988,4,3883,2177,1706,0,0,0,1.0,1,1.0,1,1.0,1,0.047943836178253985,55
2989,3,3886,2180,1706,0,0,0,1.0,1,1.0,1,1.0,1,0.09047052880818544,53
2990,3,3889,2183,1706,0,0,0,1.0,1,1.0,1,1.0,1,0.08352478796818996,52
2991,2,3891,2185,1706,0,0,0,1.0,1,1.0,1,1.0,1,0.08647003010559534,54
2992,1,3892,2186,1706,0,0,0,1.0,1,1.0,1,1.0,1,0.09062425604528229,55
2993,3,3895,2188,1707,0,0,0,1.0,1,1.0,1,1.0,1,0.06814462607493181,53
2994,1,3896,2188,1708,0,0,0,1.0,1,1.0,1,1.0,1,0.08467795393411003,53
2995,0,3896,2188,1708,0,0,0,1.0,1,1.0,1,1.0,1,0.09949802844535924,51
2996,1,3897,2189,1708,0,0,0,1.0,1,1.0,1,1.0,1,0.1252446243145904,52
2997,4,3901,2190,1711,0,0,0,1.0,1,1.0,1,1.0,1,0.09652889584102617,50
2998,2,3903,2191,1712,0,0,0,1.0,1,1.0,1,1.0,1,0.07773796193768594,51
2999,0,3903,2191,1712,0,0,0,1.0,1,1.0,1,1.0,1,0.09997729596029363,48
3000,1,3904,2192,1712,0,0,0,1.0,1,1.0,1,1.0,1,0.11402874926025865,48
3001,2,3906,2192,1714,0,0,0,1.0,1,1.0,1,1.0,1,0.0604296137859494,49
3002,1,3907,2193,1714,0,0,0,1.0,1,1.0,1,1.0,1,0.08232007225463306,50
3003,0,3907,2193,1714,0,0,0,1.0,1,1.0,1,1.0,1,0.08232007225463306,50
3004,0,3907,2193,1714,0,0,0,1.0,1,1.0,1,1.0,1,0.0713435689429559,51
3005,0,3907,2193,1714,0,0,0,1.0,1,1.0,1,1.0,1,0.0681047799369337,50
3006,0,3907,2193,1714,0,0,0,1.0,1,1.0,1,1.0,1,0.08409028716251943,51
3007,0,3907,2193,1714,0,0,0,1.0,1,1.0,1,1.0,1,0.06561286110949195,51
3008,1,3908,2193,1715,0,0,0,1.0,1,1.0,1,1.0,1,0.061837920291816756,53
3009,1,3909,2193,1716,0,0,0,1.0,1,1.0,1,1.0,1,0.06328562689548484,52
3010,0,3909,2193,1716,0,0,0,1.0,1,1.0,1,1.0,1,0.06328562689548484,52
3011,1,3910,2194,1716,0,0,0,1.0,1,1.0,1,1.0,1,0.0996311717170575,51
3012,2,3912,2196,1716,0,0,0,1.0,1,1.0,1,1.0,1,0.12457387868728126,54
3013,4,3916,2200,1716,0,0,0,1.0,1,1.0,1,1.0,1,0.13137246528695046,52
3014,2,3918,2202,1716,0,0,0,1.0,1,1.0,1,1.0,1,0.15767908187244215,51
3015,3,3921,2205,1716,0,0,0,1.0,1,1.0,1,1.0,1,0.15730950442797859,50
3016,3,3924,2207,1717,0,0,0,1.0,1,1.0,1,1.0,1,0.14919702984736744,50
3017,5,3929,2210,1719,0,0,0,1.0,1,1.0,1,1.0,1,0.15737067051576478,48
3018,2,3931,2212,1719,0,0,0,1.0,1,1.0,1,1.0,1,0.15064298289057756,48
3019,2,3933,2213,1720,0,0,0,1.0,1,1.0,1,1.0,1,0.12887855694427475,47
3020,2,3935,2215,1720,0,0,0,1.0,1,1.0,1,1.0,1,0.13538511007287318,47
3021,4,3939,2217,1722,0,0,0,1.0,1,1.0,1,1.0,1,0.09483561053107357,46
3022,2,3941,2219,1722,0,0,0,1.0,1,1.0,1,1.0,1,0.13932163376626716,45
3023,2,3943,2221,1722,0,0,0,1.0,1,1.0,1,1.0,1,0.11350062601083852,41
3024,3,3946,2224,1722,0,0,0,1.0,1,1.0,1,1.0,1,0.12484428705906499,43
3025,4,3950,2225,1725,0,0,0,1.0,1,1.0,1,1.0,1,0.08284744310921585,39
3026,1,3951,2226,1725,0,0,0,1.0,1,1.0,1,1.0,1,0.13570809097943112,38
3027,1,3952,2227,1725,0,0,0,1.0,1,1.0,1,1.0,1,0.12602307604530516,38
3028,2,3954,2228,1726,0,0,0,1.0,1,1.0,1,1.0,1,0.14703217379860356,38
3029,2,3956,2229,1727,0,0,0,1.0,1,1.0,1,1.0,1,0.13681765682266953,37
3030,2,3958,2230,1728,0,0,0,1.0,1,1.0,1,1.0,1,0.16055651874923949,38
3031,1,3959,2230,1729,0,0,0,1.0,1,1.0,1,1.0,1,0.1468053948064899,39
3032,0,3959,2230,1729,0,0,0,1.0,1,1.0,1,1.0,1,0.1468053948064899,39
3033,2,3961,2230,1731,0,0,0,1.0,1,1.0,1,1.0,1,0.12412239008723475,39
3034,0,3961,2230,1731,0,0,0,1.0,1,1.0,1,1.0,1,0.12119133329650798,38
3035,0,3961,2230,1731,0,0,0,1.0,1,1.0,1,1.0,1,0.10067096102217628,39
3036,0,3961,2230,1731,0,0,0,1.0,1,1.0,1,1.0,1,0.11175787266877575,39
3037,0,3961,2230,1731,0,0,0,1.0,1,1.0,1,1.0,1,0.13560588378561858,39
3038,2,3963,2231,1732,0,0,0,1.0,1,1.0,1,1.0,1,0.09955926886050713,40
3039,1,3964,2232,1732,0,0,0,1.0,1,1.0,1,1.0,1,0.12320590703541912,41
3040,2,3966,2234,1732,0,0,0,1.0,1,1.0,1,1.0,1,0.13663807378475643,42
3041,1,3967,2234,1733,0,0,0,1.0,1,1.0,1,1.0,1,0.10736324486757538,43
3042,2,3969,2236,1733,0,0,0,1.0,1,1.0,1,1.0,1,0.10782128584538862,45
3043,2,3971,2237,1734,0,0,0,1.0,1,1.0,1,1.0,1,0.12418395752499568,45
3044,2,3973,2238,1735,0,0,0,1.0,1,1.0,1,1.0,1,0.0830645263351719,45
3045,0,3973,2238,1735,0,0,0,1.0,1,1.0,1,1.0,1,0.0830645263351719,45
3046,0,3973,2238,1735,0,0,0,1.0,1,1.0,1,1.0,1,0.09381364659748717,46
3047,0,3973,2238,1735,0,0,0,1.0,1,1.0,1,1.0,1,0.09381364659748717,46
3048,2,3975,2238,1737,0,0,0,1.0,1,1.0,1,1.0,1,0.07746606147096849,49
3049,2,3977,2239,1738,0,0,0,1.0,1,1.0,1,1.0,1,0.07230613958495628,50
3050,0,3977,2239,1738,0,0,0,1.0,1,1.0,1,1.0,1,0.07230613958495628,50
3051,3,3980,2241,1739,0,0,0,1.0,1,1.0,1,1.0,1,0.0873776109616251,50
3052,0,3980,2241,1739,0,0,0,1.0,1,1.0,1,1.0,1,0.0873776109616251,50
3053,2,3982,2243,1739,0,0,0,1.0,1,1.0,1,1.0,1,0.10986954395065238,49
3054,1,3983,2244,1739,0,0,0,1.0,1,1.0,1,1.0,1,0.1193238474080131,47
3055,1,3984,2245,1739,0,0,0,1.0,1,1.0,1,1.0,1,0.13843070666704066,48
3056,2,3986,2247,1739,0,0,0,1.0,1,1.0,1,1.0,1,0.14141144892684357,47
3057,4,3990,2248,1742,0,0,0,1.0,1,1.0,1,1.0,1,0.13570326666086674,48
3058,1,3991,2249,1742,0,0,0,1.0,1,1.0,1,1.0,1,0.1300283569661176,46
3059,0,3991,2249,1742,0,0,0,1.0,1,1.0,1,1.0,1,0.13850870074997967,44
3060,2,3993,2251,1742,0,0,0,1.0,1,1.0,1,1.0,1,0.08537875176277945,44
3061,2,3995,2252,1743,0,0,0,1.0,1,1.0,1,1.0,1,0.07945544843196914,42
3062,3,3998,2254,1744,0,0,0,1.0,1,1.0,1,1.0,1,0.054117781980218695,42
3063,3,4001,2257,1744,0,0,0,1.0,1,1.0,1,1.0,1,0.11699293268950642,41
3064,0,4001,2257,1744,0,0,0,1.0,1,1.0,1,1.0,1,0.11917321642856443,42
3065,2,4003,2258,1745,0,0,0,1.0,1,1.0,1,1.0,1,0.09177989923203829,40
3066,3,4006,2260,1746,0,0,0,1.0,1,1.0,1,1.0,1,0.05286168446754549,42
3067,3,4009,2263,1746,0,0,0,1.0,1,1.0,1,1.0,1,0.12469965479504115,40
3068,2,4011,2265,1746,0,0,0,1.0,1,1.0,1,1.0,1,0.11942614572116916,39
3069,2,4013,2265,1748,0,0,0,1.0,1,1.0,1,1.0,1,0.10062890911689072,38
3070,0,4013,2265,1748,0,0,0,1.0,1,1.0,1,1.0,1,0.11952456884564042,39
3071,0,4013,2265,1748,0,0,0,1.0,1,1.0,1,1.0,1,0.13443368301850311,39
3072,1,4014,2266,1748,0,0,0,1.0,1,1.0,1,1.0,1,0.18873398915287654,40
3073,5,4019,2268,1751,0,0,0,1.0,1,1.0,1,1.0,1,0.1992869404339197,38
3074,0,4019,2268,1751,0,0,0,1.0,1,1.0,1,1.0,1,0.19090006685816455,38
3075,2,4021,2269,1752,0,0,0,1.0,1,1.0,1,1.0,1,0.21223477703161794,41
3076,1,4022,2270,1752,0,0,0,1.0,1,1.0,1,1.0,1,0.1864926536743892,42
3077,4,4026,2270,1756,0,0,0,1.0,1,1.0,1,1.0,1,0.14461248085375006,42
3078,0,4026,2270,1756,0,0,0,1.0,1,1.0,1,1.0,1,0.14461248085375006,42
3079,0,4026,2270,1756,0,0,0,1.0,1,1.0,1,1.0,1,0.14461248085375006,42
3080,1,4027,2270,1757,0,0,0,1.0,1,1.0,1,1.0,1,0.12711912840344905,43
3081,0,4027,2270,1757,0,0,0,1.0,1,1.0,1,1.0,1,0.12080020585901946,44
3082,1,4028,2271,1757,0,0,0,1.0,1,1.0,1,1.0,1,0.12859761772132497,45
3083,1,4029,2271,1758,0,0,0,1.0,1,1.0,1,1.0,1,0.1201702362027954,45
3084,1,4030,2272,1758,0,0,0,1.0,1,1.0,1,1.0,1,0.1070610569047509,45
3085,1,4031,2272,1759,0,0,0,1.0,1,1.0,1,1.0,1,0.12371800144207873,46
3086,1,4032,2273,1759,0,0,0,1.0,1,1.0,1,1.0,1,0.11971612526619409,46
3087,2,4034,2274,1760,0,0,0,1.0,1,1.0,1,1.0,1,0.12715407297437165,47
3088,1,4035,2275,1760,0,0,0,1.0,1,1.0,1,1.0,1,0.1556034625948876,48
3089,0,4035,2275,1760,0,0,0,1.0,1,1.0,1,1.0,1,0.1339938812208304,46
3090,1,4036,2275,1761,0,0,0,1.0,1,1.0,1,1.0,1,0.12902169709774197,46
3091,1,4037,2275,1762,0,0,0,1.0,1,1.0,1,1.0,1,0.1209648968867763,46
3092,3,4040,2277,1763,0,0,0,1.0,1,1.0,1,1.0,1,0.09193246039806478,47
3093,1,4041,2277,1764,0,0,0,1.0,1,1.0,1,1.0,1,0.06702286619975112,47
3094,0,4041,2277,1764,0,0,0,1.0,1,1.0,1,1.0,1,0.05915628620359291,45
3095,1,4042,2278,1764,0,0,0,1.0,1,1.0,1,1.0,1,0.04625914573409001,46
3096,0,4042,2278,1764,0,0,0,1.0,1,1.0,1,1.0,1,0.04470588772678779,46
3097,2,4044,2280,1764,0,0,0,1.0,1,1.0,1,1.0,1,0.07048015261536328,47
3098,1,4045,2281,1764,0,0,0,1.0,1,1.0,1,1.0,1,0.03048089843008617,47
3099,0,4045,2281,1764,0,0,0,1.0,1,1.0,1,1.0,1,0.03048089843008617,47
3100,0,4045,2281,1764,0,0,0,1.0,1,1.0,1,1.0,1,0.03048089843008617,47
3101,0,4045,2281,1764,0,0,0,1.0,1,1.0,1,1.0,1,0.025853292951904975,48
3102,1,4046,2282,1764,0,0,0,1.0,1,1.0,1,1.0,1,0.017417716913040598,48
3103,0,4046,2282,1764,0,0,0,1.0,1,1.0,1,1.0,1,0.033306237167551184,49
3104,1,4047,2283,1764,0,0,0,1.0,1,1.0,1,1.0,1,0.05856353146962324,48
3105,1,4048,2284,1764,0,0,0,1.0,1,1.0,1,1.0,1,0.1161653977103353,45
3106,3,4051,2285,1766,0,0,0,1.0,1,1.0,1,1.0,1,0.1378712365773393,46
3107,2,4053,2286,1767,0,0,0,1.0,1,1.0,1,1.0,1,0.15312051928425915,44
3108,2,4055,2288,1767,0,0,0,1.0,1,1.0,1,1.0,1,0.16828172511609357,45
3109,3,4058,2288,1770,0,0,0,1.0,1,1.0,1,1.0,1,0.12928661803666466,44
3110,3,4061,2291,1770,0,0,0,1.0,1,1.0,1,1.0,1,0.10676816383188406,46
3111,2,4063,2292,1771,0,0,0,1.0,1,1.0,1,1.0,1,0.10329968191860991,46
3112,0,4063,2292,1771,0,0,0,1.0,1,1.0,1,1.0,1,0.11575381601838534,47
3113,2,4065,2293,1772,0,0,0,1.0,1,1.0,1,1.0,1,0.0817406647589457,48
3114,0,4065,2293,1772,0,0,0,1.0,1,1.0,1,1.0,1,0.08114126363309358,48
3115,1,4066,2293,1773,0,0,0,1.0,1,1.0,1,1.0,1,0.08794899113197632,49
3116,1,4067,2293,1774,0,0,0,1.0,1,1.0,1,1.0,1,0.07364014786883195,48
3117,6,4073,2295,1778,0,0,0,1.0,1,1.0,1,1.0,1,0.08934605129446488,49
3118,0,4073,2295,1778,0,0,0,1.0,1,1.0,1,1.0,1,0.10341878276858724,50
3119,0,4073,2295,1778,0,0,0,1.0,1,1.0,1,1.0,1,0.10341878276858724,50
3120,1,4074,2296,1778,0,0,0,1.0,1,1.0,1,1.0,1,0.11952581949286493,50
3121,2,4076,2298,1778,0,0,0,1.0,1,1.0,1,1.0,1,0.10160039762772179,50
3122,0,4076,2298,1778,0,0,0,1.0,1,1.0,1,1.0,1,0.10160039762772179,50
3123,2,4078,2300,1778,0,0,0,1.0,1,1.0,1,1.0,1,0.09949800231150967,51
3124,1,4079,2301,1778,0,0,0,1.0,1,1.0,1,1.0,1,0.11448666963768726,51
3125,3,4082,2302,1780,0,0,0,1.0,1,1.0,1,1.0,1,0.08538077852396542,51
3126,1,4083,2303,1780,0,0,0,1.0,1,1.0,1,1.0,1,0.0884983522604836,54
3127,2,4085,2305,1780,0,0,0,1.0,1,1.0,1,1.0,1,0.10709158766637199,53
3128,0,4085,2305,1780,0,0,0,1.0,1,1.0,1,1.0,1,0.09043117056353069,52
3129,3,4088,2307,1781,0,0,0,1.0,1,1.0,1,1.0,1,0.0964557736092566,51
3130,0,4088,2307,1781,0,0,0,1.0,1,1.0,1,1.0,1,0.08136716413927114,50
3131,3,4091,2309,1782,0,0,0,1.0,1,1.0,1,1.0,1,0.11694153032459971,50
3132,0,4091,2309,1782,0,0,0,1.0,1,1.0,1,1.0,1,0.09150537675979285,49
3133,0,4091,2309,1782,0,0,0,1.0,1,1.0,1,1.0,1,0.09150537675979285,49
3134,0,4091,2309,1782,0,0,0,1.0,1,1.0,1,1.0,1,0.0928846138119721,46
3135,2,4093,2311,1782,0,0,0,1.0,1,1.0,1,1.0,1,0.1282256107292799,47
3136,1,4094,2312,1782,0,0,0,1.0,1,1.0,1,1.0,1,0.09936255473913491,46
3137,2,4096,2314,1782,0,0,0,1.0,1,1.0,1,1.0,1,0.13355486032534064,49
3138,1,4097,2315,1782,0,0,0,1.0,1,1.0,1,1.0,1,0.16091580246360335,49
3139,5,4102,2317,1785,0,0,0,1.0,1,1.0,1,1.0,1,0.14346157032041915,50
3140,2,4104,2318,1786,0,0,0,1.0,1,1.0,1,1.0,1,0.1651094949736458,51
3141,2,4106,2318,1788,0,0,0,1.0,1,1.0,1,1.0,1,0.16197926187016096,50
3142,0,4106,2318,1788,0,0,0,1.0,1,1.0,1,1.0,1,0.16197926187016096,50
3143,0,4106,2318,1788,0,0,0,1.0,1,1.0,1,1.0,1,0.17955799822515955,49
3144,1,4107,2318,1789,0,0,0,1.0,1,1.0,1,1.0,1,0.17027770112606377,49
3145,2,4109,2319,1790,0,0,0,1.0,1,1.0,1,1.0,1,0.19016147292326757,48
3146,2,4111,2319,1792,0,0,0,1.0,1,1.0,1,1.0,1,0.1601468432760257,49
3147,2,4113,2319,1794,0,0,0,1.0,1,1.0,1,1.0,1,0.18490534138228784,48
3148,0,4113,2319,1794,0,0,0,1.0,1,1.0,1,1.0,1,0.18490534138228784,48
3149,4,4117,2320,1797,0,0,0,1.0,1,1.0,1,1.0,1,0.154141285070432,47
3150,0,4117,2320,1797,0,0,0,1.0,1,1.0,1,1.0,1,0.154141285070432,47
3151,0,4117,2320,1797,0,0,0,1.0,1,1.0,1,1.0,1,0.16203379366786455,48
3152,0,4117,2320,1797,0,0,0,1.0,1,1.0,1,1.0,1,0.17287001722339226,47
3153,3,4120,2320,1800,0,0,0,1.0,1,1.0,1,1.0,1,0.13850447739059718,47
3154,2,4122,2321,1801,0,0,0,1.0,1,1.0,1,1.0,1,0.1356872331164295,48
3155,0,4122,2321,1801,0,0,0,1.0,1,1.0,1,1.0,1,0.13171648772293335,48
3156,0,4122,2321,1801,0,0,0,1.0,1,1.0,1,1.0,1,0.13973799738041506,48
3157,3,4125,2321,1804,0,0,0,1.0,1,1.0,1,1.0,1,0.12130985873058997,48
3158,0,4125,2321,1804,0,0,0,1.0,1,1.0,1,1.0,1,0.12130985873058997,48
3159,0,4125,2321,1804,0,0,0,1.0,1,1.0,1,1.0,1,0.11576648464689672,49
3160,2,4127,2321,1806,0,0,0,1.0,1,1.0,1,1.0,1,0.09687648105905668,51
3161,1,4128,2321,1807,0,0,0,1.0,1,1.0,1,1.0,1,0.07996903279320758,52
3162,1,4129,2322,1807,0,0,0,1.0,1,1.0,1,1.0,1,0.10118863528406759,51
3163,1,4130,2323,1807,0,0,0,1.0,1,1.0,1,1.0,1,0.09474868474393762,51
3164,2,4132,2324,1808,0,0,0,1.0,1,1.0,1,1.0,1,0.11318147265439688,52
3165,1,4133,2324,1809,0,0,0,1.0,1,1.0,1,1.0,1,0.06352966466057418,50
3166,0,4133,2324,1809,0,0,0,1.0,1,1.0,1,1.0,1,0.06352966466057418,50
3167,4,4137,2328,1809,0,0,0,1.0,1,1.0,1,1.0,1,0.07780053213773055,49
3168,1,4138,2329,1809,0,0,0,1.0,1,1.0,1,1.0,1,0.10753444831990136,47
3169,2,4140,2330,1810,0,0,0,1.0,1,1.0,1,1.0,1,0.14230209329218993,48
3170,2,4142,2331,1811,0,0,0,1.0,1,1.0,1,1.0,1,0.1914459419846381,47
3171,3,4145,2332,1813,0,0,0,1.0,1,1.0,1,1.0,1,0.17796261819394518,47
3172,1,4146,2333,1813,0,0,0,1.0,1,1.0,1,1.0,1,0.18736577172362226,46
3173,3,4149,2333,1816,0,0,0,1.0,1,1.0,1,1.0,1,0.11284624027392758,45
3174,0,4149,2333,1816,0,0,0,1.0,1,1.0,1,1.0,1,0.12893267718628237,43
3175,0,4149,2333,1816,0,0,0,1.0,1,1.0,1,1.0,1,0.12585118349441624,43
3176,0,4149,2333,1816,0,0,0,1.0,1,1.0,1,1.0,1,0.1103570583128231,44
3177,3,4152,2335,1817,0,0,0,1.0,1,1.0,1,1.0,1,0.10013119089821773,44
3178,0,4152,2335,1817,0,0,0,1.0,1,1.0,1,1.0,1,0.09076157465707671,47
3179,1,4153,2336,1817,0,0,0,1.0,1,1.0,1,1.0,1,0.11769459891772105,48
3180,0,4153,2336,1817,0,0,0,1.0,1,1.0,1,1.0,1,0.11769459891772105,48
3181,2,4155,2336,1819,0,0,0,1.0,1,1.0,1,1.0,1,0.09266905873035518,48
3182,1,4156,2336,1820,0,0,0,1.0,1,1.0,1,1.0,1,0.06838652804233587,51
3183,1,4157,2337,1820,0,0,0,1.0,1,1.0,1,1.0,1,0.05624634160357772,50
3184,1,4158,2338,1820,0,0,0,1.0,1,1.0,1,1.0,1,0.0704754166980419,50
3185,2,4160,2338,1822,0,0,0,1.0,1,1.0,1,1.0,1,0.07111392418960899,48
3186,1,4161,2339,1822,0,0,0,1.0,1,1.0,1,1.0,1,0.08560328604025778,48
3187,1,4162,2339,1823,0,0,0,1.0,1,1.0,1,1.0,1,0.07597248247704427,48
3188,1,4163,2340,1823,0,0,0,1.0,1,1.0,1,1.0,1,0.0971124226945814,48
3189,1,4164,2340,1824,0,0,0,1.0,1,1.0,1,1.0,1,0.09721289527653645,49
3190,3,4167,2341,1826,0,0,0,1.0,1,1.0,1,1.0,1,0.0936757102345984,51
3191,2,4169,2342,1827,0,0,0,1.0,1,1.0,1,1.0,1,0.06045493396406307,52
3192,1,4170,2343,1827,0,0,0,1.0,1,1.0,1,1.0,1,0.047946642751713196,52
3193,1,4171,2344,1827,0,0,0,1.0,1,1.0,1,1.0,1,0.06440631284382584,52
3194,2,4173,2345,1828,0,0,0,1.0,1,1.0,1,1.0,1,0.04755383168547795,54
3195,1,4174,2345,1829,0,0,0,1.0,1,1.0,1,1.0,1,0.027231080091553696,54
3196,0,4174,2345,1829,0,0,0,1.0,1,1.0,1,1.0,1,0.027231080091553696,54
3197,0,4174,2345,1829,0,0,0,1.0,1,1.0,1,1.0,1,0.03356293148361654,54
3198,2,4176,2347,1829,0,0,0,1.0,1,1.0,1,1.0,1,0.05896605916448702,54
3199,2,4178,2349,1829,0,0,0,1.0,1,1.0,1,1.0,1,0.05263648833452498,56
3200,1,4179,2350,1829,0,0,0,1.0,1,1.0,1,1.0,1,0.0734840888323379,56
3201,0,4179,2350,1829,0,0,0,1.0,1,1.0,1,1.0,1,0.0734840888323379,56
3202,3,4182,2352,1830,0,0,0,1.0,1,1.0,1,1.0,1,0.09285735657299425,57
3203,2,4184,2353,1831,0,0,0,1.0,1,1.0,1,1.0,1,0.08964182609253672,56
3204,0,4184,2353,1831,0,0,0,1.0,1,1.0,1,1.0,1,0.0863256237232071,55
3205,2,4186,2353,1833,0,0,0,1.0,1,1.0,1,1.0,1,0.054811319771877504,54
3206,5,4191,2357,1834,0,0,0,1.0,1,1.0,1,1.0,1,0.09695398466135852,56
3207,0,4191,2357,1834,0,0,0,1.0,1,1.0,1,1.0,1,0.1244756102602117,54
3208,4,4195,2359,1836,0,0,0,1.0,1,1.0,1,1.0,1,0.1661275657636935,53
3209,0,4195,2359,1836,0,0,0,1.0,1,1.0,1,1.0,1,0.15859318503485048,54
3210,2,4197,2361,1836,0,0,0,1.0,1,1.0,1,1.0,1,0.2007200396841695,53
3211,2,4199,2362,1837,0,0,0,1.0,1,1.0,1,1.0,1,0.2055073043582328,53
3212,0,4199,2362,1837,0,0,0,1.0,1,1.0,1,1.0,1,0.20628802282928455,54
3213,0,4199,2362,1837,0,0,0,1.0,1,1.0,1,1.0,1,0.18497513869885077,54
3214,1,4200,2362,1838,0,0,0,1.0,1,1.0,1,1.0,1,0.17025513294635122,55
3215,2,4202,2363,1839,0,0,0,1.0,1,1.0,1,1.0,1,0.15974664638648287,55
3216,1,4203,2364,1839,0,0,0,1.0,1,1.0,1,1.0,1,0.16907839928593113,55
3217,3,4206,2367,1839,0,0,0,1.0,1,1.0,1,1.0,1,0.2210079726279889,54
3218,0,4206,2367,1839,0,0,0,1.0,1,1.0,1,1.0,1,0.2210079726279889,54
3219,2,4208,2368,1840,0,0,0,1.0,1,1.0,1,1.0,1,0.22259637923691905,55
3220,0,4208,2368,1840,0,0,0,1.0,1,1.0,1,1.0,1,0.2005607117794472,56
3221,1,4209,2369,1840,0,0,0,1.0,1,1.0,1,1.0,1,0.21066184578643435,57
3222,0,4209,2369,1840,0,0,0,1.0,1,1.0,1,1.0,1,0.21066184578643435,57
3223,1,4210,2370,1840,0,0,0,1.0,1,1.0,1,1.0,1,0.22422935934884944,56
3224,2,4212,2371,1841,0,0,0,1.0,1,1.0,1,1.0,1,0.19029423464929135,58
3225,2,4214,2373,1841,0,0,0,1.0,1,1.0,1,1.0,1,0.21170165141727215,55
3226,1,4215,2374,1841,0,0,0,1.0,1,1.0,1,1.0,1,0.2074214426381356,54
3227,0,4215,2374,1841,0,0,0,1.0,1,1.0,1,1.0,1,0.17406961875854918,53
3228,2,4217,2375,1842,0,0,0,1.0,1,1.0,1,1.0,1,0.14294752317030118,52
3229,0,4217,2375,1842,0,0,0,1.0,1,1.0,1,1.0,1,0.12515837694901819,52
3230,2,4219,2377,1842,0,0,0,1.0,1,1.0,1,1.0,1,0.12357074621288282,50
3231,1,4220,2378,1842,0,0,0,1.0,1,1.0,1,1.0,1,0.14513861783435722,50
3232,3,4223,2381,1842,0,0,0,1.0,1,1.0,1,1.0,1,0.16486407190909985,50
3233,0,4223,2381,1842,0,0,0,1.0,1,1.0,1,1.0,1,0.17385280199610068,50
3234,1,4224,2382,1842,0,0,0,1.0,1,1.0,1,1.0,1,0.19921998177716932,49
3235,4,4228,2384,1844,0,0,0,1.0,1,1.0,1,1.0,1,0.22171631018988738,49
3236,0,4228,2384,1844,0,0,0,1.0,1,1.0,1,1.0,1,0.21333188843769077,51
3237,1,4229,2384,1845,0,0,0,1.0,1,1.0,1,1.0,1,0.2147023954094377,53
3238,2,4231,2385,1846,0,0,0,1.0,1,1.0,1,1.0,1,0.2299591399405688,53
3239,0,4231,2385,1846,0,0,0,1.0,1,1.0,1,1.0,1,0.2299591399405688,53
3240,1,4232,2385,1847,0,0,0,1.0,1,1.0,1,1.0,1,0.21078914110636907,53
3241,0,4232,2385,1847,0,0,0,1.0,1,1.0,1,1.0,1,0.20455148252292016,53
3242,1,4233,2386,1847,0,0,0,1.0,1,1.0,1,1.0,1,0.21408790578073472,53
3243,1,4234,2386,1848,0,0,0,1.0,1,1.0,1,1.0,1,0.1800451805520007,56
3244,0,4234,2386,1848,0,0,0,1.0,1,1.0,1,1.0,1,0.18942920895820076,57
3245,1,4235,2386,1849,0,0,0,1.0,1,1.0,1,1.0,1,0.17020243167675553,59
3246,0,4235,2386,1849,0,0,0,1.0,1,1.0,1,1.0,1,0.17020243167675553,59
3247,1,4236,2387,1849,0,0,0,1.0,1,1.0,1,1.0,1,0.1813972996788698,59
3248,1,4237,2387,1850,0,0,0,1.0,1,1.0,1,1.0,1,0.16057971549675515,59
3249,1,4238,2387,1851,0,0,0,1.0,1,1.0,1,1.0,1,0.15983554047216647,58
3250,0,4238,2387,1851,0,0,0,1.0,1,1.0,1,1.0,1,0.15983554047216647,58
3251,1,4239,2388,1851,0,0,0,1.0,1,1.0,1,1.0,1,0.1796389500132883,57
3252,1,4240,2388,1852,0,0,0,1.0,1,1.0,1,1.0,1,0.19351445040706494,57
3253,1,4241,2388,1853,0,0,0,1.0,1,1.0,1,1.0,1,0.18429797474658954,56
3254,1,4242,2388,1854,0,0,0,1.0,1,1.0,1,1.0,1,0.15898699286345294,57
3255,2,4244,2389,1855,0,0,0,1.0,1,1.0,1,1.0,1,0.14098310306798456,57
3256,2,4246,2389,1857,0,0,0,1.0,1,1.0,1,1.0,1,0.10847258665459818,57
3257,1,4247,2389,1858,0,0,0,1.0,1,1.0,1,1.0,1,0.08788891881765785,57
3258,4,4251,2390,1861,0,0,0,1.0,1,1.0,1,1.0,1,0.021340191053132382,58
3259,0,4251,2390,1861,0,0,0,1.0,1,1.0,1,1.0,1,0.013009452057960969,59
3260,0,4251,2390,1861,0,0,0,1.0,1,1.0,1,1.0,1,0.0185587059887796,60
3261,3,4254,2393,1861,0,0,0,1.0,1,1.0,1,1.0,1,0.08054945383400565,60
3262,5,4259,2398,1861,0,0,0,1.0,1,1.0,1,1.0,1,0.08247577780779486,61
3263,4,4263,2402,1861,0,0,0,1.0,1,1.0,1,1.0,1,0.06020594063332939,62
3264,2,4265,2404,1861,0,0,0,1.0,1,1.0,1,1.0,1,0.0754761935799248,60
3265,4,4269,2407,1862,0,0,0,1.0,1,1.0,1,1.0,1,0.06942123578405929,58
3266,3,4272,2409,1863,0,0,0,1.0,1,1.0,1,1.0,1,0.08911314423548454,59
3267,2,4274,2410,1864,0,0,0,1.0,1,1.0,1,1.0,1,0.1143794538661365,60
3268,1,4275,2411,1864,0,0,0,1.0,1,1.0,1,1.0,1,0.1467477084708901,58
3269,4,4279,2413,1866,0,0,0,1.0,1,1.0,1,1.0,1,0.07896142696706669,57
3270,1,4280,2414,1866,0,0,0,1.0,1,1.0,1,1.0,1,0.06436908350368598,56
3271,2,4282,2416,1866,0,0,0,1.0,1,1.0,1,1.0,1,0.059643262561816325,55
3272,1,4283,2417,1866,0,0,0,1.0,1,1.0,1,1.0,1,0.07608490973076247,55
3273,1,4284,2418,1866,0,0,0,1.0,1,1.0,1,1.0,1,0.062254289926025275,55
3274,0,4284,2418,1866,0,0,0,1.0,1,1.0,1,1.0,1,0.068988324296993,55
3275,1,4285,2419,1866,0,0,0,1.0,1,1.0,1,1.0,1,0.06234426082764426,55
3276,1,4286,2419,1867,0,0,0,1.0,1,1.0,1,1.0,1,0.0695016004239102,55
3277,1,4287,2419,1868,0,0,0,1.0,1,1.0,1,1.0,1,0.026126597853413584,57
3278,0,4287,2419,1868,0,0,0,1.0,1,1.0,1,1.0,1,0.017505682821852,56
3279,1,4288,2420,1868,0,0,0,1.0,1,1.0,1,1.0,1,0.017468966032762934,54
3280,0,4288,2420,1868,0,0,0,1.0,1,1.0,1,1.0,1,0.03610627954976828,53
3281,2,4290,2422,1868,0,0,0,1.0,1,1.0,1,1.0,1,0.08277405305531142,52
3282,0,4290,2422,1868,0,0,0,1.0,1,1.0,1,1.0,1,0.0829033614904058,50
3283,1,4291,2423,1868,0,0,0,1.0,1,1.0,1,1.0,1,0.11992244723808002,50
3284,5,4296,2428,1868,0,0,0,1.0,1,1.0,1,1.0,1,0.11919998919785799,47
3285,1,4297,2428,1869,0,0,0,1.0,1,1.0,1,1.0,1,0.09139912671489835,48
3286,6,4303,2432,1871,0,0,0,1.0,1,1.0,1,1.0,1,0.06428513499164583,46
3287,2,4305,2434,1871,0,0,0,1.0,1,1.0,1,1.0,1,0.13539771696841998,46
3288,5,4310,2437,1873,0,0,0,1.0,1,1.0,1,1.0,1,0.19024252516739004,46
3289,9,4319,2439,1880,0,0,0,1.0,1,1.0,1,1.0,1,0.056174969896550686,48
3290,3,4322,2441,1881,0,0,0,1.0,1,1.0,1,1.0,1,0.05724977666807937,48
3291,3,4325,2442,1883,0,0,0,1.0,1,1.0,1,1.0,1,0.04620439176963808,50
3292,1,4326,2443,1883,0,0,0,1.0,1,1.0,1,1.0,1,0.06944353993858868,50
3293,1,4327,2443,1884,0,0,0,1.0,1,1.0,1,1.0,1,0.035790049319602536,51
3294,2,4329,2444,1885,0,0,0,1.0,1,1.0,1,1.0,1,0.042958146569285566,50
3295,2,4331,2446,1885,0,0,0,1.0,1,1.0,1,1.0,1,0.061244779231207074,50
3296,0,4331,2446,1885,0,0,0,1.0,1,1.0,1,1.0,1,0.061244779231207074,50
3297,2,4333,2448,1885,0,0,0,1.0,1,1.0,1,1.0,1,0.03685576553522504,51
3298,1,4334,2449,1885,0,0,0,1.0,1,1.0,1,1.0,1,0.044960769330236565,52
3299,1,4335,2450,1885,0,0,0,1.0,1,1.0,1,1.0,1,0.04193136657273429,53
3300,1,4336,2451,1885,0,0,0,1.0,1,1.0,1,1.0,1,0.04107271935637139,53
3301,0,4336,2451,1885,0,0,0,1.0,1,1.0,1,1.0,1,0.04107271935637139,53
3302,3,4339,2453,1886,0,0,0,1.0,1,1.0,1,1.0,1,0.05297498366461649,53
3303,0,4339,2453,1886,0,0,0,1.0,1,1.0,1,1.0,1,0.04968425849253428,52
3304,0,4339,2453,1886,0,0,0,1.0,1,1.0,1,1.0,1,0.02918379681587682,52
3305,1,4340,2454,1886,0,0,0,1.0,1,1.0,1,1.0,1,0.06573726201499655,51
3306,0,4340,2454,1886,0,0,0,1.0,1,1.0,1,1.0,1,0.043247956026575225,51
3307,1,4341,2455,1886,0,0,0,1.0,1,1.0,1,1.0,1,0.052854070300683655,48
3308,1,4342,2456,1886,0,0,0,1.0,1,1.0,1,1.0,1,0.07011843600160028,48
3309,1,4343,2457,1886,0,0,0,1.0,1,1.0,1,1.0,1,0.08141769565649049,48
3310,0,4343,2457,1886,0,0,0,1.0,1,1.0,1,1.0,1,0.10028525819925749,47
3311,4,4347,2460,1887,0,0,0,1.0,1,1.0,1,1.0,1,0.1203300251736002,49
3312,1,4348,2461,1887,0,0,0,1.0,1,1.0,1,1.0,1,0.1578530471706679,48
3313,4,4352,2464,1888,0,0,0,1.0,1,1.0,1,1.0,1,0.18321844756966407,49
3314,3,4355,2465,1890,0,0,0,1.0,1,1.0,1,1.0,1,0.2153296503431104,47
3315,1,4356,2466,1890,0,0,0,1.0,1,1.0,1,1.0,1,0.24173782114045725,47
3316,0,4356,2466,1890,0,0,0,1.0,1,1.0,1,1.0,1,0.24173782114045725,47
3317,5,4361,2467,1894,0,0,0,1.0,1,1.0,1,1.0,1,0.16385602815042397,46
3318,0,4361,2467,1894,0,0,0,1.0,1,1.0,1,1.0,1,0.1478086133761285,45
3319,1,4362,2468,1894,0,0,0,1.0,1,1.0,1,1.0,1,0.15411822918219345,44
3320,1,4363,2469,1894,0,0,0,1.0,1,1.0,1,1.0,1,0.1308686373368054,43
3321,4,4367,2471,1896,0,0,0,1.0,1,1.0,1,1.0,1,0.09793201759115916,43
3322,1,4368,2472,1896,0,0,0,1.0,1,1.0,1,1.0,1,0.0913355668561444,40
3323,4,4372,2476,1896,0,0,0,1.0,1,1.0,1,1.0,1,0.14091157962074435,40
3324,1,4373,2477,1896,0,0,0,1.0,1,1.0,1,1.0,1,0.14102856571262967,40
3325,4,4377,2479,1898,0,0,0,1.0,1,1.0,1,1.0,1,0.13152268432291017,40
3326,5,4382,2482,1900,0,0,0,1.0,1,1.0,1,1.0,1,0.0825830211966063,41
3327,0,4382,2482,1900,0,0,0,1.0,1,1.0,1,1.0,1,0.07340098677906862,39
3328,3,4385,2485,1900,0,0,0,1.0,1,1.0,1,1.0,1,0.1279696132425768,41
3329,0,4385,2485,1900,0,0,0,1.0,1,1.0,1,1.0,1,0.10320051213691321,39
3330,2,4387,2486,1901,0,0,0,1.0,1,1.0,1,1.0,1,0.08578110597100931,40
3331,0,4387,2486,1901,0,0,0,1.0,1,1.0,1,1.0,1,0.06696097152646122,38
3332,0,4387,2486,1901,0,0,0,1.0,1,1.0,1,1.0,1,0.07489467502065524,38
3333,2,4389,2487,1902,0,0,0,1.0,1,1.0,1,1.0,1,0.08366837208055382,38
3334,1,4390,2487,1903,0,0,0,1.0,1,1.0,1,1.0,1,0.08925427514569452,40
3335,0,4390,2487,1903,0,0,0,1.0,1,1.0,1,1.0,1,0.08925427514569452,40
3336,0,4390,2487,1903,0,0,0,1.0,1,1.0,1,1.0,1,0.11620118050633112,39
3337,0,4390,2487,1903,0,0,0,1.0,1,1.0,1,1.0,1,0.11766240902745077,40
3338,4,4394,2490,1904,0,0,0,1.0,1,1.0,1,1.0,1,0.1152354221480244,41
3339,1,4395,2491,1904,0,0,0,1.0,1,1.0,1,1.0,1,0.10519834851218654,42
3340,4,4399,2494,1905,0,0,0,1.0,1,1.0,1,1.0,1,0.1387773908737666,43
3341,2,4401,2494,1907,0,0,0,1.0,1,1.0,1,1.0,1,0.11290500441925003,43
3342,1,4402,2495,1907,0,0,0,1.0,1,1.0,1,1.0,1,0.15361913273719682,44
3343,0,4402,2495,1907,0,0,0,1.0,1,1.0,1,1.0,1,0.15361913273719682,44
3344,1,4403,2495,1908,0,0,0,1.0,1,1.0,1,1.0,1,0.1720356060723655,44
3345,1,4404,2495,1909,0,0,0,1.0,1,1.0,1,1.0,1,0.14543031191465078,43
3346,0,4404,2495,1909,0,0,0,1.0,1,1.0,1,1.0,1,0.17007304288245334,42
3347,0,4404,2495,1909,0,0,0,1.0,1,1.0,1,1.0,1,0.1531428976189496,44
3348,1,4405,2495,1910,0,0,0,1.0,1,1.0,1,1.0,1,0.14762955176801668,45
3349,2,4407,2497,1910,0,0,0,1.0,1,1.0,1,1.0,1,0.12951571857994904,45
3350,0,4407,2497,1910,0,0,0,1.0,1,1.0,1,1.0,1,0.10941501261997266,46
3351,0,4407,2497,1910,0,0,0,1.0,1,1.0,1,1.0,1,0.11492944137365595,47
3352,0,4407,2497,1910,0,0,0,1.0,1,1.0,1,1.0,1,0.11492944137365595,47
3353,1,4408,2497,1911,0,0,0,1.0,1,1.0,1,1.0,1,0.09873705397191847,48
3354,1,4409,2498,1911,0,0,0,1.0,1,1.0,1,1.0,1,0.12484877137722747,48
3355,1,4410,2499,1911,0,0,0,1.0,1,1.0,1,1.0,1,0.12208814274784432,48
3356,0,4410,2499,1911,0,0,0,1.0,1,1.0,1,1.0,1,0.09516939260630027,48
3357,1,4411,2500,1911,0,0,0,1.0,1,1.0,1,1.0,1,0.100451547748558,47
3358,1,4412,2501,1911,0,0,0,1.0,1,1.0,1,1.0,1,0.12177649006181644,46
3359,2,4414,2502,1912,0,0,0,1.0,1,1.0,1,1.0,1,0.13041691333475122,45
3360,2,4416,2504,1912,0,0,0,1.0,1,1.0,1,1.0,1,0.18094732360795768,44
3361,3,4419,2505,1914,0,0,0,1.0,1,1.0,1,1.0,1,0.16128952244102748,43
3362,2,4421,2506,1915,0,0,0,1.0,1,1.0,1,1.0,1,0.18819688950645597,42
3363,1,4422,2507,1915,0,0,0,1.0,1,1.0,1,1.0,1,0.2146572937817047,41
3364,1,4423,2507,1916,0,0,0,1.0,1,1.0,1,1.0,1,0.17450823779021218,41
3365,1,4424,2507,1917,0,0,0,1.0,1,1.0,1,1.0,1,0.16528297278522558,41
3366,1,4425,2507,1918,0,0,0,1.0,1,1.0,1,1.0,1,0.13653230069465652,40
3367,0,4425,2507,1918,0,0,0,1.0,1,1.0,1,1.0,1,0.11709691189692274,39
3368,0,4425,2507,1918,0,0,0,1.0,1,1.0,1,1.0,1,0.11709691189692274,39
3369,1,4426,2507,1919,0,0,0,1.0,1,1.0,1,1.0,1,0.09259097915938057,40
3370,2,4428,2509,1919,0,0,0,1.0,1,1.0,1,1.0,1,0.07084156113199831,41
3371,1,4429,2510,1919,0,0,0,1.0,1,1.0,1,1.0,1,0.10079283405004602,41
3372,2,4431,2512,1919,0,0,0,1.0,1,1.0,1,1.0,1,0.12318438952582311,40
3373,2,4433,2512,1921,0,0,0,1.0,1,1.0,1,1.0,1,0.10793850543751715,41
3374,1,4434,2512,1922,0,0,0,1.0,1,1.0,1,1.0,1,0.08980279450528374,42
3375,0,4434,2512,1922,0,0,0,1.0,1,1.0,1,1.0,1,0.10504448612105882,44
3376,1,4435,2512,1923,0,0,0,1.0,1,1.0,1,1.0,1,0.07197420966479366,46
3377,1,4436,2512,1924,0,0,0,1.0,1,1.0,1,1.0,1,0.07856224875333635,47
3378,1,4437,2513,1924,0,0,0,1.0,1,1.0,1,1.0,1,0.08766118410658864,48
3379,1,4438,2513,1925,0,0,0,1.0,1,1.0,1,1.0,1,0.06371164599605172,48
3380,0,4438,2513,1925,0,0,0,1.0,1,1.0,1,1.0,1,0.06371164599605172,48
3381,0,4438,2513,1925,0,0,0,1.0,1,1.0,1,1.0,1,0.06371164599605172,48
3382,2,4440,2514,1926,0,0,0,1.0,1,1.0,1,1.0,1,0.05224566201539993,49
3383,0,4440,2514,1926,0,0,0,1.0,1,1.0,1,1.0,1,0.08242474797874859,47
3384,2,4442,2516,1926,0,0,0,1.0,1,1.0,1,1.0,1,0.12976144352967195,48
3385,3,4445,2516,1929,0,0,0,1.0,1,1.0,1,1.0,1,0.11989150111061722,47
3386,3,4448,2517,1931,0,0,0,1.0,1,1.0,1,1.0,1,0.1427177290163554,49
3387,0,4448,2517,1931,0,0,0,1.0,1,1.0,1,1.0,1,0.1506823127805596,48
3388,1,4449,2518,1931,0,0,0,1.0,1,1.0,1,1.0,1,0.18278290522411797,48
3389,4,4453,2518,1935,0,0,0,1.0,1,1.0,1,1.0,1,0.16217774772386653,50
3390,1,4454,2519,1935,0,0,0,1.0,1,1.0,1,1.0,1,0.1563590525587783,51
3391,3,4457,2520,1937,0,0,0,1.0,1,1.0,1,1.0,1,0.16479686555880876,51
3392,1,4458,2520,1938,0,0,0,1.0,1,1.0,1,1.0,1,0.1436169509717663,52
3393,2,4460,2521,1939,0,0,0,1.0,1,1.0,1,1.0,1,0.13183850654637666,52
3394,1,4461,2522,1939,0,0,0,1.0,1,1.0,1,1.0,1,0.12168603938141441,52
3395,0,4461,2522,1939,0,0,0,1.0,1,1.0,1,1.0,1,0.11612993901175313,50
3396,0,4461,2522,1939,0,0,0,1.0,1,1.0,1,1.0,1,0.1133296417502191,49
3397,4,4465,2523,1942,0,0,0,1.0,1,1.0,1,1.0,1,0.05935887005061552,49
3398,0,4465,2523,1942,0,0,0,1.0,1,1.0,1,1.0,1,0.05455627367639461,48
3399,1,4466,2524,1942,0,0,0,1.0,1,1.0,1,1.0,1,0.06377880279888894,49
3400,1,4467,2525,1942,0,0,0,1.0,1,1.0,1,1.0,1,0.05658099230000548,50
3401,1,4468,2525,1943,0,0,0,1.0,1,1.0,1,1.0,1,0.0567300912542636,51
3402,1,4469,2526,1943,0,0,0,1.0,1,1.0,1,1.0,1,0.08224670266092884,51
3403,2,4471,2528,1943,0,0,0,1.0,1,1.0,1,1.0,1,0.09531681327769365,51
3404,1,4472,2529,1943,0,0,0,1.0,1,1.0,1,1.0,1,0.10211522910209932,51
3405,1,4473,2530,1943,0,0,0,1.0,1,1.0,1,1.0,1,0.12299603408926496,51
3406,0,4473,2530,1943,0,0,0,1.0,1,1.0,1,1.0,1,0.12809561577987413,51
3407,1,4474,2531,1943,0,0,0,1.0,1,1.0,1,1.0,1,0.13388209720609845,52
3408,1,4475,2531,1944,0,0,0,1.0,1,1.0,1,1.0,1,0.13709416333008406,53
3409,1,4476,2532,1944,0,0,0,1.0,1,1.0,1,1.0,1,0.12633940664499962,54
3410,1,4477,2533,1944,0,0,0,1.0,1,1.0,1,1.0,1,0.1348151016850613,54
3411,1,4478,2534,1944,0,0,0,1.0,1,1.0,1,1.0,1,0.13369343506379464,54
3412,2,4480,2535,1945,0,0,0,1.0,1,1.0,1,1.0,1,0.15027372495567257,55
3413,1,4481,2535,1946,0,0,0,1.0,1,1.0,1,1.0,1,0.13312471212953278,55
3414,0,4481,2535,1946,0,0,0,1.0,1,1.0,1,1.0,1,0.13886029033745778,55
3415,3,4484,2537,1947,0,0,0,1.0,1,1.0,1,1.0,1,0.13694661809201572,56
3416,3,4487,2537,1950,0,0,0,1.0,1,1.0,1,1.0,1,0.11152716597900958,55
3417,2,4489,2537,1952,0,0,0,1.0,1,1.0,1,1.0,1,0.10923158418962595,56
3418,1,4490,2538,1952,0,0,0,1.0,1,1.0,1,1.0,1,0.15288040355406232,55
3419,1,4491,2538,1953,0,0,0,1.0,1,1.0,1,1.0,1,0.15301095244154428,56
3420,1,4492,2538,1954,0,0,0,1.0,1,1.0,1,1.0,1,0.1640580500620006,55
3421,3,4495,2538,1957,0,0,0,1.0,1,1.0,1,1.0,1,0.1432935461801455,57
3422,0,4495,2538,1957,0,0,0,1.0,1,1.0,1,1.0,1,0.1489476127415182,56
3423,1,4496,2539,1957,0,0,0,1.0,1,1.0,1,1.0,1,0.14307322006658188,56
3424,1,4497,2540,1957,0,0,0,1.0,1,1.0,1,1.0,1,0.15861646226560958,56
3425,3,4500,2540,1960,0,0,0,1.0,1,1.0,1,1.0,1,0.10423389389916886,56
3426,0,4500,2540,1960,0,0,0,1.0,1,1.0,1,1.0,1,0.13394382816002273,55
3427,1,4501,2540,1961,0,0,0,1.0,1,1.0,1,1.0,1,0.14693783370638236,55
3428,0,4501,2540,1961,0,0,0,1.0,1,1.0,1,1.0,1,0.15052980556907697,55
3429,5,4506,2541,1965,0,0,0,1.0,1,1.0,1,1.0,1,0.13186383195225407,54
3430,0,4506,2541,1965,0,0,0,1.0,1,1.0,1,1.0,1,0.1229493038437269,56
3431,1,4507,2542,1965,0,0,0,1.0,1,1.0,1,1.0,1,0.1193633565906323,54
3432,2,4509,2543,1966,0,0,0,1.0,1,1.0,1,1.0,1,0.13355419485710063,56
3433,2,4511,2544,1967,0,0,0,1.0,1,1.0,1,1.0,1,0.13550841903925814,53
3434,2,4513,2546,1967,0,0,0,1.0,1,1.0,1,1.0,1,0.13313735702154472,51
3435,4,4517,2549,1968,0,0,0,1.0,1,1.0,1,1.0,1,0.14678264299680974,51
3436,1,4518,2550,1968,0,0,0,1.0,1,1.0,1,1.0,1,0.13601208858454944,51
3437,4,4522,2552,1970,0,0,0,1.0,1,1.0,1,1.0,1,0.13592646682600137,53
3438,2,4524,2552,1972,0,0,0,1.0,1,1.0,1,1.0,1,0.0633784853977782,52
3439,1,4525,2553,1972,0,0,0,1.0,1,1.0,1,1.0,1,0.09393818837119834,54
3440,0,4525,2553,1972,0,0,0,1.0,1,1.0,1,1.0,1,0.07207030078678679,52
3441,1,4526,2553,1973,0,0,0,1.0,1,1.0,1,1.0,1,0.06738936410223355,53
3442,0,4526,2553,1973,0,0,0,1.0,1,1.0,1,1.0,1,0.05738329414386983,53
3443,0,4526,2553,1973,0,0,0,1.0,1,1.0,1,1.0,1,0.06408699996793243,53
3444,0,4526,2553,1973,0,0,0,1.0,1,1.0,1,1.0,1,0.06749170748455344,52
3445,2,4528,2555,1973,0,0,0,1.0,1,1.0,1,1.0,1,0.07170991639874165,53
3446,1,4529,2556,1973,0,0,0,1.0,1,1.0,1,1.0,1,0.12901443465200987,53
3447,1,4530,2557,1973,0,0,0,1.0,1,1.0,1,1.0,1,0.11849589285747177,53
3448,3,4533,2559,1974,0,0,0,1.0,1,1.0,1,1.0,1,0.1920906871890366,52
3449,4,4537,2562,1975,0,0,0,1.0,1,1.0,1,1.0,1,0.1555389987193185,52
3450,3,4540,2564,1976,0,0,0,1.0,1,1.0,1,1.0,1,0.15477273407193537,52
3451,5,4545,2568,1977,0,0,0,1.0,1,1.0,1,1.0,1,0.1746881395367313,54
3452,1,4546,2569,1977,0,0,0,1.0,1,1.0,1,1.0,1,0.1756838929610539,54
3453,4,4550,2570,1980,0,0,0,1.0,1,1.0,1,1.0,1,0.1249621159119922,54
3454,0,4550,2570,1980,0,0,0,1.0,1,1.0,1,1.0,1,0.11876304882834673,57
3455,0,4550,2570,1980,0,0,0,1.0,1,1.0,1,1.0,1,0.11876304882834673,57
3456,1,4551,2570,1981,0,0,0,1.0,1,1.0,1,1.0,1,0.12037065716222636,58
3457,2,4553,2570,1983,0,0,0,1.0,1,1.0,1,1.0,1,0.12222813301042362,57
3458,1,4554,2570,1984,0,0,0,1.0,1,1.0,1,1.0,1,0.11098133023845518,57
3459,1,4555,2570,1985,0,0,0,1.0,1,1.0,1,1.0,1,0.09942767833060888,57
3460,0,4555,2570,1985,0,0,0,1.0,1,1.0,1,1.0,1,0.09386142298199585,58
3461,3,4558,2570,1988,0,0,0,1.0,1,1.0,1,1.0,1,0.07901180213028776,59
3462,1,4559,2570,1989,0,0,0,1.0,1,1.0,1,1.0,1,0.06611729400370013,59
3463,0,4559,2570,1989,0,0,0,1.0,1,1.0,1,1.0,1,0.06611729400370013,59
3464,0,4559,2570,1989,0,0,0,1.0,1,1.0,1,1.0,1,0.08711444070167962,59
3465,2,4561,2571,1990,0,0,0,1.0,1,1.0,1,1.0,1,0.08816092987852493,57
3466,0,4561,2571,1990,0,0,0,1.0,1,1.0,1,1.0,1,0.08816092987852493,57
3467,3,4564,2573,1991,0,0,0,1.0,1,1.0,1,1.0,1,0.13869155804821257,57
3468,1,4565,2573,1992,0,0,0,1.0,1,1.0,1,1.0,1,0.1319744325170863,57
3469,5,4570,2577,1993,0,0,0,1.0,1,1.0,1,1.0,1,0.11505992528859192,53
3470,0,4570,2577,1993,0,0,0,1.0,1,1.0,1,1.0,1,0.1484437947878593,50
3471,2,4572,2579,1993,0,0,0,1.0,1,1.0,1,1.0,1,0.1926354721374673,49
3472,1,4573,2580,1993,0,0,0,1.0,1,1.0,1,1.0,1,0.18245907766738703,47
3473,4,4577,2583,1994,0,0,0,1.0,1,1.0,1,1.0,1,0.21413210286706577,45
3474,4,4581,2584,1997,0,0,0,1.0,1,1.0,1,1.0,1,0.18101123918610823,42
3475,3,4584,2586,1998,0,0,0,1.0,1,1.0,1,1.0,1,0.23999105903079765,43
3476,1,4585,2587,1998,0,0,0,1.0,1,1.0,1,1.0,1,0.26118716442901824,41
3477,6,4591,2590,2001,0,0,0,1.0,1,1.0,1,1.0,1,0.16751928864290616,42
3478,2,4593,2592,2001,0,0,0,1.0,1,1.0,1,1.0,1,0.20253900459209037,40
3479,0,4593,2592,2001,0,0,0,1.0,1,1.0,1,1.0,1,0.16924015254622599,40
3480,1,4594,2593,2001,0,0,0,1.0,1,1.0,1,1.0,1,0.17266540827586763,40
3481,3,4597,2593,2004,0,0,0,1.0,1,1.0,1,1.0,1,0.13678476987999405,40
3482,0,4597,2593,2004,0,0,0,1.0,1,1.0,1,1.0,1,0.13678476987999405,40
3483,2,4599,2595,2004,0,0,0,1.0,1,1.0,1,1.0,1,0.17182834308162576,39
3484,1,4600,2595,2005,0,0,0,1.0,1,1.0,1,1.0,1,0.15444121072118094,39
3485,6,4606,2597,2009,0,0,0,1.0,1,1.0,1,1.0,1,0.1660390866616204,40
3486,2,4608,2597,2011,0,0,0,1.0,1,1.0,1,1.0,1,0.14389464736273833,41
3487,0,4608,2597,2011,0,0,0,1.0,1,1.0,1,1.0,1,0.16965388258012737,41
3488,1,4609,2598,2011,0,0,0,1.0,1,1.0,1,1.0,1,0.1409055624536455,42
3489,3,4612,2599,2013,0,0,0,1.0,1,1.0,1,1.0,1,0.08532815327427172,44
3490,0,4612,2599,2013,0,0,0,1.0,1,1.0,1,1.0,1,0.08532815327427172,44
3491,2,4614,2599,2015,0,0,0,1.0,1,1.0,1,1.0,1,0.06153098934059217,45
3492,1,4615,2600,2015,0,0,0,1.0,1,1.0,1,1.0,1,0.06952044454724117,45
3493,0,4615,2600,2015,0,0,0,1.0,1,1.0,1,1.0,1,0.06952044454724117,45
3494,0,4615,2600,2015,0,0,0,1.0,1,1.0,1,1.0,1,0.06952044454724117,45
3495,0,4615,2600,2015,0,0,0,1.0,1,1.0,1,1.0,1,0.06952044454724117,45
3496,1,4616,2600,2016,0,0,0,1.0,1,1.0,1,1.0,1,0.07205829212334174,46
3497,1,4617,2601,2016,0,0,0,1.0,1,1.0,1,1.0,1,0.07336202170608633,47
3498,1,4618,2602,2016,0,0,0,1.0,1,1.0,1,1.0,1,0.10009988452254952,48
3499,0,4618,2602,2016,0,0,0,1.0,1,1.0,1,1.0,1,0.11588332050190561,47
3500,1,4619,2602,2017,0,0,0,1.0,1,1.0,1,1.0,1,0.10595753140905895,50
3501,1,4620,2603,2017,0,0,0,1.0,1,1.0,1,1.0,1,0.12276532927678964,50
3502,2,4622,2604,2018,0,0,0,1.0,1,1.0,1,1.0,1,0.14073426949841533,50
3503,0,4622,2604,2018,0,0,0,1.0,1,1.0,1,1.0,1,0.14073426949841533,50
3504,1,4623,2605,2018,0,0,0,1.0,1,1.0,1,1.0,1,0.20297659919310093,47
3505,0,4623,2605,2018,0,0,0,1.0,1,1.0,1,1.0,1,0.2148011192339431,48
3506,0,4623,2605,2018,0,0,0,1.0,1,1.0,1,1.0,1,0.22000980764724398,49
3507,1,4624,2605,2019,0,0,0,1.0,1,1.0,1,1.0,1,0.1954615668837216,46
3508,2,4626,2607,2019,0,0,0,1.0,1,1.0,1,1.0,1,0.2620626699167696,47
3509,0,4626,2607,2019,0,0,0,1.0,1,1.0,1,1.0,1,0.23695766957154463,44
3510,2,4628,2608,2020,0,0,0,1.0,1,1.0,1,1.0,1,0.2568171770074352,45
3511,0,4628,2608,2020,0,0,0,1.0,1,1.0,1,1.0,1,0.2456130559246988,44
3512,0,4628,2608,2020,0,0,0,1.0,1,1.0,1,1.0,1,0.23418338790722232,42
3513,0,4628,2608,2020,0,0,0,1.0,1,1.0,1,1.0,1,0.23418338790722232,42
3514,0,4628,2608,2020,0,0,0,1.0,1,1.0,1,1.0,1,0.22719131176868715,42
3515,2,4630,2608,2022,0,0,0,1.0,1,1.0,1,1.0,1,0.17873613707956656,42
3516,0,4630,2608,2022,0,0,0,1.0,1,1.0,1,1.0,1,0.19222570147854506,41
3517,1,4631,2608,2023,0,0,0,1.0,1,1.0,1,1.0,1,0.16873500774677402,44
3518,0,4631,2608,2023,0,0,0,1.0,1,1.0,1,1.0,1,0.17855967529163352,43
3519,0,4631,2608,2023,0,0,0,1.0,1,1.0,1,1.0,1,0.1679995777415385,44
3520,0,4631,2608,2023,0,0,0,1.0,1,1.0,1,1.0,1,0.1818963333028445,45
3521,1,4632,2608,2024,0,0,0,1.0,1,1.0,1,1.0,1,0.17442789809859527,45
3522,1,4633,2608,2025,0,0,0,1.0,1,1.0,1,1.0,1,0.1671847581208301,46
3523,0,4633,2608,2025,0,0,0,1.0,1,1.0,1,1.0,1,0.1671847581208301,46
3524,0,4633,2608,2025,0,0,0,1.0,1,1.0,1,1.0,1,0.14534477229648457,47
3525,0,4633,2608,2025,0,0,0,1.0,1,1.0,1,1.0,1,0.16151937662601001,48
3526,0,4633,2608,2025,0,0,0,1.0,1,1.0,1,1.0,1,0.14206916310518772,49
3527,2,4635,2610,2025,0,0,0,1.0,1,1.0,1,1.0,1,0.2028678593905375,49
3528,2,4637,2610,2027,0,0,0,1.0,1,1.0,1,1.0,1,0.18543886332882867,51
3529,0,4637,2610,2027,0,0,0,1.0,1,1.0,1,1.0,1,0.18543886332882867,51
3530,1,4638,2610,2028,0,0,0,1.0,1,1.0,1,1.0,1,0.17897151026750843,52
3531,0,4638,2610,2028,0,0,0,1.0,1,1.0,1,1.0,1,0.17897151026750843,52
3532,0,4638,2610,2028,0,0,0,1.0,1,1.0,1,1.0,1,0.17897151026750843,52
3533,0,4638,2610,2028,0,0,0,1.0,1,1.0,1,1.0,1,0.17897151026750843,52
3534,0,4638,2610,2028,0,0,0,1.0,1,1.0,1,1.0,1,0.17897151026750843,52
3535,0,4638,2610,2028,0,0,0,1.0,1,1.0,1,1.0,1,0.17897151026750843,52
3536,1,4639,2610,2029,0,0,0,1.0,1,1.0,1,1.0,1,0.17536373606964,54
3537,0,4639,2610,2029,0,0,0,1.0,1,1.0,1,1.0,1,0.17664888831061396,55
3538,1,4640,2611,2029,0,0,0,1.0,1,1.0,1,1.0,1,0.16802227325123312,55
3539,1,4641,2611,2030,0,0,0,1.0,1,1.0,1,1.0,1,0.14963597495208994,58
3540,5,4646,2615,2031,0,0,0,1.0,1,1.0,1,1.0,1,0.1862458186815924,59
3541,3,4649,2615,2034,0,0,0,1.0,1,1.0,1,1.0,1,0.15067982969038957,59
3542,3,4652,2617,2035,0,0,0,1.0,1,1.0,1,1.0,1,0.16892994789049795,61
3543,1,4653,2617,2036,0,0,0,1.0,1,1.0,1,1.0,1,0.15325352313325916,62
3544,2,4655,2619,2036,0,0,0,1.0,1,1.0,1,1.0,1,0.1694065428247592,59
3545,3,4658,2620,2038,0,0,0,1.0,1,1.0,1,1.0,1,0.16650256868034288,59
3546,0,4658,2620,2038,0,0,0,1.0,1,1.0,1,1.0,1,0.15620519845517092,57
3547,1,4659,2621,2038,0,0,0,1.0,1,1.0,1,1.0,1,0.1670766791937845,53
3548,0,4659,2621,2038,0,0,0,1.0,1,1.0,1,1.0,1,0.1670766791937845,53
3549,2,4661,2621,2040,0,0,0,1.0,1,1.0,1,1.0,1,0.13875040894739166,52
3550,0,4661,2621,2040,0,0,0,1.0,1,1.0,1,1.0,1,0.1560024100470302,51
3551,1,4662,2621,2041,0,0,0,1.0,1,1.0,1,1.0,1,0.13867264389165507,51
3552,1,4663,2621,2042,0,0,0,1.0,1,1.0,1,1.0,1,0.12110106562758953,51
3553,3,4666,2621,2045,0,0,0,1.0,1,1.0,1,1.0,1,0.10247607083657317,49
3554,1,4667,2621,2046,0,0,0,1.0,1,1.0,1,1.0,1,0.07238992871638124,49
3555,1,4668,2621,2047,0,0,0,1.0,1,1.0,1,1.0,1,0.07706697113980025,51
3556,1,4669,2621,2048,0,0,0,1.0,1,1.0,1,1.0,1,0.0671493551852399,51
3557,2,4671,2622,2049,0,0,0,1.0,1,1.0,1,1.0,1,0.05078711153696734,52
3558,1,4672,2623,2049,0,0,0,1.0,1,1.0,1,1.0,1,0.07568148519837195,52
3559,1,4673,2624,2049,0,0,0,1.0,1,1.0,1,1.0,1,0.08747887795904165,52
3560,2,4675,2626,2049,0,0,0,1.0,1,1.0,1,1.0,1,0.05902084883793072,53
3561,1,4676,2627,2049,0,0,0,1.0,1,1.0,1,1.0,1,0.08092630034821156,54
3562,2,4678,2629,2049,0,0,0,1.0,1,1.0,1,1.0,1,0.11251510307339127,54
3563,1,4679,2630,2049,0,0,0,1.0,1,1.0,1,1.0,1,0.13970160598465856,55
3564,0,4679,2630,2049,0,0,0,1.0,1,1.0,1,1.0,1,0.11551327706815256,57
3565,1,4680,2630,2050,0,0,0,1.0,1,1.0,1,1.0,1,0.1123510333301294,56
3566,0,4680,2630,2050,0,0,0,1.0,1,1.0,1,1.0,1,0.12524871355794626,57
3567,0,4680,2630,2050,0,0,0,1.0,1,1.0,1,1.0,1,0.12524871355794626,57
3568,0,4680,2630,2050,0,0,0,1.0,1,1.0,1,1.0,1,0.12524871355794626,57
3569,1,4681,2630,2051,0,0,0,1.0,1,1.0,1,1.0,1,0.10297417233668239,57
3570,2,4683,2632,2051,0,0,0,1.0,1,1.0,1,1.0,1,0.14413917286794484,59
3571,2,4685,2632,2053,0,0,0,1.0,1,1.0,1,1.0,1,0.10992769480973803,60
3572,0,4685,2632,2053,0,0,0,1.0,1,1.0,1,1.0,1,0.10057799841621486,61
3573,2,4687,2633,2054,0,0,0,1.0,1,1.0,1,1.0,1,0.10197199614929996,62
3574,0,4687,2633,2054,0,0,0,1.0,1,1.0,1,1.0,1,0.09583105724193479,63
3575,0,4687,2633,2054,0,0,0,1.0,1,1.0,1,1.0,1,0.09583105724193479,63
3576,1,4688,2634,2054,0,0,0,1.0,1,1.0,1,1.0,1,0.11295474397495073,63
3577,0,4688,2634,2054,0,0,0,1.0,1,1.0,1,1.0,1,0.10539605505593858,64
3578,0,4688,2634,2054,0,0,0,1.0,1,1.0,1,1.0,1,0.09617771964080457,64
3579,0,4688,2634,2054,0,0,0,1.0,1,1.0,1,1.0,1,0.09617771964080457,64
3580,0,4688,2634,2054,0,0,0,1.0,1,1.0,1,1.0,1,0.10654251039851274,65
3581,1,4689,2635,2054,0,0,0,1.0,1,1.0,1,1.0,1,0.11443758340242197,68
3582,0,4689,2635,2054,0,0,0,1.0,1,1.0,1,1.0,1,0.13924131825348132,68
3583,4,4693,2639,2054,0,0,0,1.0,1,1.0,1,1.0,1,0.17321067190523412,65
3584,3,4696,2642,2054,0,0,0,1.0,1,1.0,1,1.0,1,0.21570274016218854,64
3585,4,4700,2644,2056,0,0,0,1.0,1,1.0,1,1.0,1,0.1782366709144001,64
3586,7,4707,2648,2059,0,0,0,1.0,1,1.0,1,1.0,1,0.17099316776065204,65
3587,3,4710,2649,2061,0,0,0,1.0,1,1.0,1,1.0,1,0.12176084122874926,64
3588,2,4712,2651,2061,0,0,0,1.0,1,1.0,1,1.0,1,0.1254171625665112,62
3589,7,4719,2654,2065,0,0,0,1.0,1,1.0,1,1.0,1,0.12110472173175314,63
3590,3,4722,2655,2067,0,0,0,1.0,1,1.0,1,1.0,1,0.11205494296522975,63
3591,1,4723,2656,2067,0,0,0,1.0,1,1.0,1,1.0,1,0.11314412422865229,62
3592,1,4724,2657,2067,0,0,0,1.0,1,1.0,1,1.0,1,0.11266173803786862,59
3593,1,4725,2657,2068,0,0,0,1.0,1,1.0,1,1.0,1,0.07935303626301826,58
3594,0,4725,2657,2068,0,0,0,1.0,1,1.0,1,1.0,1,0.09561071285117709,57
3595,1,4726,2657,2069,0,0,0,1.0,1,1.0,1,1.0,1,0.08634842917129446,59
3596,1,4727,2658,2069,0,0,0,1.0,1,1.0,1,1.0,1,0.07452803454385581,57
3597,2,4729,2658,2071,0,0,0,1.0,1,1.0,1,1.0,1,0.07595908271214137,57
3598,1,4730,2659,2071,0,0,0,1.0,1,1.0,1,1.0,1,0.09765010780066095,57
3599,0,4730,2659,2071,0,0,0,1.0,1,1.0,1,1.0,1,0.10759720302206549,58
3600,1,4731,2660,2071,0,0,0,1.0,1,1.0,1,1.0,1,0.11302301635894407,58
3601,4,4735,2661,2074,0,0,0,1.0,1,1.0,1,1.0,1,0.07541355391199092,58
3602,0,4735,2661,2074,0,0,0,1.0,1,1.0,1,1.0,1,0.05861299775886261,60
3603,1,4736,2662,2074,0,0,0,1.0,1,1.0,1,1.0,1,0.07634661626227472,60
3604,2,4738,2663,2075,0,0,0,1.0,1,1.0,1,1.0,1,0.09573586026320485,60
3605,3,4741,2665,2076,0,0,0,1.0,1,1.0,1,1.0,1,0.11249397918796457,61
3606,5,4746,2667,2079,0,0,0,1.0,1,1.0,1,1.0,1,0.07388660928552879,63
3607,1,4747,2668,2079,0,0,0,1.0,1,1.0,1,1.0,1,0.08685597196837071,63
3608,0,4747,2668,2079,0,0,0,1.0,1,1.0,1,1.0,1,0.09442465592084573,64
3609,1,4748,2668,2080,0,0,0,1.0,1,1.0,1,1.0,1,0.0978099672130741,66
3610,2,4750,2670,2080,0,0,0,1.0,1,1.0,1,1.0,1,0.11554123643791717,67
3611,2,4752,2672,2080,0,0,0,1.0,1,1.0,1,1.0,1,0.13920099689341542,67
3612,2,4754,2673,2081,0,0,0,1.0,1,1.0,1,1.0,1,0.148514841639715,66
3613,2,4756,2673,2083,0,0,0,1.0,1,1.0,1,1.0,1,0.13129810895179111,66
3614,2,4758,2674,2084,0,0,0,1.0,1,1.0,1,1.0,1,0.1362401429288515,65
3615,0,4758,2674,2084,0,0,0,1.0,1,1.0,1,1.0,1,0.12109111230728388,65
3616,0,4758,2674,2084,0,0,0,1.0,1,1.0,1,1.0,1,0.12109111230728388,65
3617,0,4758,2674,2084,0,0,0,1.0,1,1.0,1,1.0,1,0.11381993961799984,66
3618,0,4758,2674,2084,0,0,0,1.0,1,1.0,1,1.0,1,0.11381993961799984,66
3619,1,4759,2675,2084,0,0,0,1.0,1,1.0,1,1.0,1,0.1212647529939434,65
3620,5,4764,2676,2088,0,0,0,1.0,1,1.0,1,1.0,1,0.12729257649843845,66
3621,1,4765,2677,2088,0,0,0,1.0,1,1.0,1,1.0,1,0.11912800992596015,65
3622,4,4769,2678,2091,0,0,0,1.0,1,1.0,1,1.0,1,0.0858643234668435,65
3623,1,4770,2679,2091,0,0,0,1.0,1,1.0,1,1.0,1,0.09615123766736697,62
3624,3,4773,2682,2091,0,0,0,1.0,1,1.0,1,1.0,1,0.12164720018669942,62
3625,5,4778,2684,2094,0,0,0,1.0,1,1.0,1,1.0,1,0.1071842751667614,61
3626,1,4779,2685,2094,0,0,0,1.0,1,1.0,1,1.0,1,0.07765398383902117,58
3627,1,4780,2686,2094,0,0,0,1.0,1,1.0,1,1.0,1,0.12374109827703832,58
3628,0,4780,2686,2094,0,0,0,1.0,1,1.0,1,1.0,1,0.10499441654967523,57
3629,4,4784,2686,2098,0,0,0,1.0,1,1.0,1,1.0,1,0.09267159254218034,57
3630,0,4784,2686,2098,0,0,0,1.0,1,1.0,1,1.0,1,0.06287273494264378,56
3631,1,4785,2687,2098,0,0,0,1.0,1,1.0,1,1.0,1,0.07867129221180551,54
3632,0,4785,2687,2098,0,0,0,1.0,1,1.0,1,1.0,1,0.07528691862327101,52
3633,3,4788,2688,2100,0,0,0,1.0,1,1.0,1,1.0,1,0.0843419514691434,52
3634,1,4789,2689,2100,0,0,0,1.0,1,1.0,1,1.0,1,0.10415818706584253,49
3635,1,4790,2690,2100,0,0,0,1.0,1,1.0,1,1.0,1,0.15175008563412437,47
3636,1,4791,2690,2101,0,0,0,1.0,1,1.0,1,1.0,1,0.1690717659701028,48
3637,7,4798,2693,2105,0,0,0,1.0,1,1.0,1,1.0,1,0.171794616644898,49
3638,1,4799,2693,2106,0,0,0,1.0,1,1.0,1,1.0,1,0.15985470893820983,50
3639,4,4803,2695,2108,0,0,0,1.0,1,1.0,1,1.0,1,0.1500583521499431,52
3640,1,4804,2696,2108,0,0,0,1.0,1,1.0,1,1.0,1,0.16624436889055005,52
3641,2,4806,2696,2110,0,0,0,1.0,1,1.0,1,1.0,1,0.14640083700917483,52
3642,0,4806,2696,2110,0,0,0,1.0,1,1.0,1,1.0,1,0.14640083700917483,52
3643,0,4806,2696,2110,0,0,0,1.0,1,1.0,1,1.0,1,0.14640083700917483,52
3644,2,4808,2696,2112,0,0,0,1.0,1,1.0,1,1.0,1,0.10925573558982221,52
3645,3,4811,2697,2114,0,0,0,1.0,1,1.0,1,1.0,1,0.07751278978847193,53
3646,0,4811,2697,2114,0,0,0,1.0,1,1.0,1,1.0,1,0.07751278978847193,53
3647,0,4811,2697,2114,0,0,0,1.0,1,1.0,1,1.0,1,0.08879834611476638,55
3648,0,4811,2697,2114,0,0,0,1.0,1,1.0,1,1.0,1,0.08714259669871774,57
3649,0,4811,2697,2114,0,0,0,1.0,1,1.0,1,1.0,1,0.08714259669871774,57
3650,0,4811,2697,2114,0,0,0,1.0,1,1.0,1,1.0,1,0.09917465550291334,59
3651,0,4811,2697,2114,0,0,0,1.0,1,1.0,1,1.0,1,0.09917465550291334,59
3652,0,4811,2697,2114,0,0,0,1.0,1,1.0,1,1.0,1,0.09917465550291334,59
3653,0,4811,2697,2114,0,0,0,1.0,1,1.0,1,1.0,1,0.09917465550291334,59
3654,3,4814,2697,2117,0,0,0,1.0,1,1.0,1,1.0,1,0.07664406346424611,59
3655,0,4814,2697,2117,0,0,0,1.0,1,1.0,1,1.0,1,0.07113237119984417,62
3656,0,4814,2697,2117,0,0,0,1.0,1,1.0,1,1.0,1,0.07113237119984417,62
3657,1,4815,2698,2117,0,0,0,1.0,1,1.0,1,1.0,1,0.09676717121801752,63
3658,3,4818,2699,2119,0,0,0,1.0,1,1.0,1,1.0,1,0.1035657936351461,63
3659,1,4819,2700,2119,0,0,0,1.0,1,1.0,1,1.0,1,0.12321315234205328,62
3660,4,4823,2702,2121,0,0,0,1.0,1,1.0,1,1.0,1,0.13362193372324874,62
3661,3,4826,2703,2123,0,0,0,1.0,1,1.0,1,1.0,1,0.10931350833567362,61
3662,3,4829,2704,2125,0,0,0,1.0,1,1.0,1,1.0,1,0.11298581999718656,60
3663,1,4830,2705,2125,0,0,0,1.0,1,1.0,1,1.0,1,0.13098110091156287,61
3664,1,4831,2706,2125,0,0,0,1.0,1,1.0,1,1.0,1,0.12870152516001704,58
3665,3,4834,2708,2126,0,0,0,1.0,1,1.0,1,1.0,1,0.13792431154459184,58
3666,1,4835,2708,2127,0,0,0,1.0,1,1.0,1,1.0,1,0.11446355662648681,58
3667,1,4836,2709,2127,0,0,0,1.0,1,1.0,1,1.0,1,0.10476692025152604,58
3668,0,4836,2709,2127,0,0,0,1.0,1,1.0,1,1.0,1,0.11035818904626467,58
3669,1,4837,2710,2127,0,0,0,1.0,1,1.0,1,1.0,1,0.10115964351918999,57
3670,1,4838,2711,2127,0,0,0,1.0,1,1.0,1,1.0,1,0.12507077717411522,56
3671,2,4840,2712,2128,0,0,0,1.0,1,1.0,1,1.0,1,0.1537489632547623,57
3672,1,4841,2713,2128,0,0,0,1.0,1,1.0,1,1.0,1,0.18623032464051875,57
3673,1,4842,2713,2129,0,0,0,1.0,1,1.0,1,1.0,1,0.16249507461969476,58
3674,0,4842,2713,2129,0,0,0,1.0,1,1.0,1,1.0,1,0.17338858499409227,57
3675,0,4842,2713,2129,0,0,0,1.0,1,1.0,1,1.0,1,0.17501204834133957,58
3676,3,4845,2715,2130,0,0,0,1.0,1,1.0,1,1.0,1,0.19426869810130237,59
3677,0,4845,2715,2130,0,0,0,1.0,1,1.0,1,1.0,1,0.18563395488398077,60
3678,0,4845,2715,2130,0,0,0,1.0,1,1.0,1,1.0,1,0.20271434239487726,62
3679,0,4845,2715,2130,0,0,0,1.0,1,1.0,1,1.0,1,0.20271434239487726,62
3680,0,4845,2715,2130,0,0,0,1.0,1,1.0,1,1.0,1,0.18323866054093962,63
3681,0,4845,2715,2130,0,0,0,1.0,1,1.0,1,1.0,1,0.1912046000611386,64
3682,0,4845,2715,2130,0,0,0,1.0,1,1.0,1,1.0,1,0.1912046000611386,64
3683,0,4845,2715,2130,0,0,0,1.0,1,1.0,1,1.0,1,0.1912046000611386,64
3684,2,4847,2716,2131,0,0,0,1.0,1,1.0,1,1.0,1,0.20356487283923322,64
3685,0,4847,2716,2131,0,0,0,1.0,1,1.0,1,1.0,1,0.20356487283923322,64
3686,0,4847,2716,2131,0,0,0,1.0,1,1.0,1,1.0,1,0.1954368507717875,65
3687,0,4847,2716,2131,0,0,0,1.0,1,1.0,1,1.0,1,0.1954368507717875,65
3688,1,4848,2716,2132,0,0,0,1.0,1,1.0,1,1.0,1,0.19879248142887515,66
3689,0,4848,2716,2132,0,0,0,1.0,1,1.0,1,1.0,1,0.19879248142887515,66
3690,1,4849,2716,2133,0,0,0,1.0,1,1.0,1,1.0,1,0.1994363622934851,67
3691,3,4852,2717,2135,0,0,0,1.0,1,1.0,1,1.0,1,0.17959730955532144,68
3692,0,4852,2717,2135,0,0,0,1.0,1,1.0,1,1.0,1,0.17413265748510148,69
3693,0,4852,2717,2135,0,0,0,1.0,1,1.0,1,1.0,1,0.1715305848332227,69
3694,1,4853,2718,2135,0,0,0,1.0,1,1.0,1,1.0,1,0.18812040822308995,70
3695,0,4853,2718,2135,0,0,0,1.0,1,1.0,1,1.0,1,0.18812040822308995,70
3696,2,4855,2720,2135,0,0,0,1.0,1,1.0,1,1.0,1,0.17350225877707856,71
3697,3,4858,2722,2136,0,0,0,1.0,1,1.0,1,1.0,1,0.18976718015336724,70
3698,0,4858,2722,2136,0,0,0,1.0,1,1.0,1,1.0,1,0.1894830268640837,70
3699,1,4859,2723,2136,0,0,0,1.0,1,1.0,1,1.0,1,0.1856693977352659,70
3700,4,4863,2726,2137,0,0,0,1.0,1,1.0,1,1.0,1,0.19737870777196287,68
3701,1,4864,2727,2137,0,0,0,1.0,1,1.0,1,1.0,1,0.20653755767622953,69
3702,1,4865,2728,2137,0,0,0,1.0,1,1.0,1,1.0,1,0.21097524379295474,69
3703,1,4866,2729,2137,0,0,0,1.0,1,1.0,1,1.0,1,0.24141126320689768,70
3704,2,4868,2731,2137,0,0,0,1.0,1,1.0,1,1.0,1,0.2649328396750262,69
3705,1,4869,2731,2138,0,0,0,1.0,1,1.0,1,1.0,1,0.23383084020077613,69
3706,4,4873,2733,2140,0,0,0,1.0,1,1.0,1,1.0,1,0.2257458918112949,69
3707,0,4873,2733,2140,0,0,0,1.0,1,1.0,1,1.0,1,0.2090186892493076,67
3708,0,4873,2733,2140,0,0,0,1.0,1,1.0,1,1.0,1,0.19859565861823922,67
3709,0,4873,2733,2140,0,0,0,1.0,1,1.0,1,1.0,1,0.19859565861823922,67
3710,2,4875,2735,2140,0,0,0,1.0,1,1.0,1,1.0,1,0.1912811449249392,67
3711,0,4875,2735,2140,0,0,0,1.0,1,1.0,1,1.0,1,0.1921874613343657,68
3712,1,4876,2736,2140,0,0,0,1.0,1,1.0,1,1.0,1,0.19993359760145135,68
3713,3,4879,2737,2142,0,0,0,1.0,1,1.0,1,1.0,1,0.17659677901849974,68
3714,0,4879,2737,2142,0,0,0,1.0,1,1.0,1,1.0,1,0.1932204037411118,67
3715,1,4880,2737,2143,0,0,0,1.0,1,1.0,1,1.0,1,0.18604729940862186,68
3716,1,4881,2737,2144,0,0,0,1.0,1,1.0,1,1.0,1,0.18975874339012416,67
3717,5,4886,2738,2148,0,0,0,1.0,1,1.0,1,1.0,1,0.19600622489943195,68
3718,1,4887,2738,2149,0,0,0,1.0,1,1.0,1,1.0,1,0.19803772014365817,68
3719,1,4888,2739,2149,0,0,0,1.0,1,1.0,1,1.0,1,0.24181555500441484,68
3720,0,4888,2739,2149,0,0,0,1.0,1,1.0,1,1.0,1,0.24181555500441484,68
3721,2,4890,2740,2150,0,0,0,1.0,1,1.0,1,1.0,1,0.20628775922229284,70
3722,0,4890,2740,2150,0,0,0,1.0,1,1.0,1,1.0,1,0.21308402536905388,71
3723,4,4894,2740,2154,0,0,0,1.0,1,1.0,1,1.0,1,0.1867944869631086,71
3724,0,4894,2740,2154,0,0,0,1.0,1,1.0,1,1.0,1,0.18159310077101518,72
3725,6,4900,2742,2158,0,0,0,1.0,1,1.0,1,1.0,1,0.1994909850423568,72
3726,1,4901,2742,2159,0,0,0,1.0,1,1.0,1,1.0,1,0.18994668113372973,71
3727,2,4903,2743,2160,0,0,0,1.0,1,1.0,1,1.0,1,0.2066437549156597,71
3728,3,4906,2743,2163,0,0,0,1.0,1,1.0,1,1.0,1,0.19794088040871355,70
3729,1,4907,2743,2164,0,0,0,1.0,1,1.0,1,1.0,1,0.1888699573797816,70
3730,3,4910,2744,2166,0,0,0,1.0,1,1.0,1,1.0,1,0.20537575990827067,71
3731,0,4910,2744,2166,0,0,0,1.0,1,1.0,1,1.0,1,0.20537575990827067,71
3732,0,4910,2744,2166,0,0,0,1.0,1,1.0,1,1.0,1,0.20075312264503203,72
3733,1,4911,2745,2166,0,0,0,1.0,1,1.0,1,1.0,1,0.2152710589870534,73
3734,2,4913,2746,2167,0,0,0,1.0,1,1.0,1,1.0,1,0.2330019250351454,74
3735,2,4915,2747,2168,0,0,0,1.0,1,1.0,1,1.0,1,0.23204483008698842,72
3736,1,4916,2747,2169,0,0,0,1.0,1,1.0,1,1.0,1,0.20186502459513184,72
3737,1,4917,2747,2170,0,0,0,1.0,1,1.0,1,1.0,1,0.19121089783481848,73
3738,0,4917,2747,2170,0,0,0,1.0,1,1.0,1,1.0,1,0.17882754130601508,72
3739,0,4917,2747,2170,0,0,0,1.0,1,1.0,1,1.0,1,0.17308507451865845,73
3740,1,4918,2747,2171,0,0,0,1.0,1,1.0,1,1.0,1,0.17428326907288103,70
3741,0,4918,2747,2171,0,0,0,1.0,1,1.0,1,1.0,1,0.17428326907288103,70
3742,0,4918,2747,2171,0,0,0,1.0,1,1.0,1,1.0,1,0.17428326907288103,70
3743,0,4918,2747,2171,0,0,0,1.0,1,1.0,1,1.0,1,0.20032820933125817,69
3744,5,4923,2749,2174,0,0,0,1.0,1,1.0,1,1.0,1,0.22113066495158856,69
3745,4,4927,2749,2178,0,0,0,1.0,1,1.0,1,1.0,1,0.19038345411675195,68
3746,1,4928,2749,2179,0,0,0,1.0,1,1.0,1,1.0,1,0.2024007638770102,66
3747,2,4930,2749,2181,0,0,0,1.0,1,1.0,1,1.0,1,0.1909161963850192,66
3748,1,4931,2749,2182,0,0,0,1.0,1,1.0,1,1.0,1,0.16827834214820173,65
3749,1,4932,2749,2183,0,0,0,1.0,1,1.0,1,1.0,1,0.16367421225290432,64
3750,0,4932,2749,2183,0,0,0,1.0,1,1.0,1,1.0,1,0.16988634024072655,63
3751,0,4932,2749,2183,0,0,0,1.0,1,1.0,1,1.0,1,0.16225076332845934,64
3752,1,4933,2750,2183,0,0,0,1.0,1,1.0,1,1.0,1,0.15286181429522597,64
3753,4,4937,2750,2187,0,0,0,1.0,1,1.0,1,1.0,1,0.12464996586598437,65
3754,1,4938,2751,2187,0,0,0,1.0,1,1.0,1,1.0,1,0.146664036980063,65
3755,3,4941,2752,2189,0,0,0,1.0,1,1.0,1,1.0,1,0.16471050106387508,65
3756,0,4941,2752,2189,0,0,0,1.0,1,1.0,1,1.0,1,0.1731011371597108,65
3757,5,4946,2754,2192,0,0,0,1.0,1,1.0,1,1.0,1,0.18632276736402653,65
3758,0,4946,2754,2192,0,0,0,1.0,1,1.0,1,1.0,1,0.1946975448823744,64
3759,1,4947,2755,2192,0,0,0,1.0,1,1.0,1,1.0,1,0.21142438652903225,64
3760,1,4948,2755,2193,0,0,0,1.0,1,1.0,1,1.0,1,0.22930160770372732,63
3761,1,4949,2755,2194,0,0,0,1.0,1,1.0,1,1.0,1,0.21979633258689238,63
3762,0,4949,2755,2194,0,0,0,1.0,1,1.0,1,1.0,1,0.22030606610470274,65
3763,0,4949,2755,2194,0,0,0,1.0,1,1.0,1,1.0,1,0.22030606610470274,65
3764,4,4953,2756,2197,0,0,0,1.0,1,1.0,1,1.0,1,0.19500002101988065,66
3765,3,4956,2756,2200,0,0,0,1.0,1,1.0,1,1.0,1,0.1864557135434614,67
3766,2,4958,2757,2201,0,0,0,1.0,1,1.0,1,1.0,1,0.17548439048941145,67
3767,0,4958,2757,2201,0,0,0,1.0,1,1.0,1,1.0,1,0.1706932536548368,68
3768,5,4963,2759,2204,0,0,0,1.0,1,1.0,1,1.0,1,0.19318785213222325,67
3769,2,4965,2759,2206,0,0,0,1.0,1,1.0,1,1.0,1,0.1579577046307583,69
3770,0,4965,2759,2206,0,0,0,1.0,1,1.0,1,1.0,1,0.1579577046307583,69
3771,3,4968,2760,2208,0,0,0,1.0,1,1.0,1,1.0,1,0.174512708579468,69
3772,2,4970,2760,2210,0,0,0,1.0,1,1.0,1,1.0,1,0.1659466786700131,70
3773,4,4974,2761,2213,0,0,0,1.0,1,1.0,1,1.0,1,0.16172834249492044,68
3774,1,4975,2761,2214,0,0,0,1.0,1,1.0,1,1.0,1,0.15287445585870982,68
3775,3,4978,2762,2216,0,0,0,1.0,1,1.0,1,1.0,1,0.17117631612852097,68
3776,1,4979,2762,2217,0,0,0,1.0,1,1.0,1,1.0,1,0.1554076517777503,66
3777,2,4981,2762,2219,0,0,0,1.0,1,1.0,1,1.0,1,0.1308599428179339,65
3778,0,4981,2762,2219,0,0,0,1.0,1,1.0,1,1.0,1,0.11501134424689465,65
3779,1,4982,2763,2219,0,0,0,1.0,1,1.0,1,1.0,1,0.13913299080685945,65
3780,0,4982,2763,2219,0,0,0,1.0,1,1.0,1,1.0,1,0.12687730221813245,64
3781,0,4982,2763,2219,0,0,0,1.0,1,1.0,1,1.0,1,0.12687730221813245,64
3782,0,4982,2763,2219,0,0,0,1.0,1,1.0,1,1.0,1,0.13712828813479688,67
3783,0,4982,2763,2219,0,0,0,1.0,1,1.0,1,1.0,1,0.1327206528019147,65
3784,1,4983,2763,2220,0,0,0,1.0,1,1.0,1,1.0,1,0.12625269069245412,65
3785,2,4985,2765,2220,0,0,0,1.0,1,1.0,1,1.0,1,0.16394135872346882,63
3786,2,4987,2765,2222,0,0,0,1.0,1,1.0,1,1.0,1,0.1401164116583281,66
3787,1,4988,2766,2222,0,0,0,1.0,1,1.0,1,1.0,1,0.17187866677050945,65
3788,1,4989,2766,2223,0,0,0,1.0,1,1.0,1,1.0,1,0.1629516663999993,65
3789,3,4992,2768,2224,0,0,0,1.0,1,1.0,1,1.0,1,0.17476973006297164,65
3790,1,4993,2769,2224,0,0,0,1.0,1,1.0,1,1.0,1,0.20822975006672081,64
3791,1,4994,2770,2224,0,0,0,1.0,1,1.0,1,1.0,1,0.20031714519232338,64
3792,3,4997,2773,2224,0,0,0,1.0,1,1.0,1,1.0,1,0.21277156698209324,65
3793,3,5000,2774,2226,0,0,0,1.0,1,1.0,1,1.0,1,0.20873457656616692,68
3794,2,5002,2775,2227,0,0,0,1.0,1,1.0,1,1.0,1,0.21332740481561221,68
3795,3,5005,2775,2230,0,0,0,1.0,1,1.0,1,1.0,1,0.18620152686229471,69
3796,0,5005,2775,2230,0,0,0,1.0,1,1.0,1,1.0,1,0.18620152686229471,69
3797,5,5010,2775,2235,0,0,0,1.0,1,1.0,1,1.0,1,0.1684894753001354,70
3798,1,5011,2775,2236,0,0,0,1.0,1,1.0,1,1.0,1,0.161259350697799,70
3799,1,5012,2775,2237,0,0,0,1.0,1,1.0,1,1.0,1,0.16305811318308588,69
3800,1,5013,2775,2238,0,0,0,1.0,1,1.0,1,1.0,1,0.15847867378030944,69
3801,3,5016,2775,2241,0,0,0,1.0,1,1.0,1,1.0,1,0.149841717284556,67
3802,2,5018,2775,2243,0,0,0,1.0,1,1.0,1,1.0,1,0.13577952815847832,67
3803,3,5021,2775,2246,0,0,0,1.0,1,1.0,1,1.0,1,0.12017761587992999,69
3804,0,5021,2775,2246,0,0,0,1.0,1,1.0,1,1.0,1,0.12169753822687183,70
3805,3,5024,2775,2249,0,0,0,1.0,1,1.0,1,1.0,1,0.11231633661680199,71
3806,0,5024,2775,2249,0,0,0,1.0,1,1.0,1,1.0,1,0.11231633661680199,71
3807,0,5024,2775,2249,0,0,0,1.0,1,1.0,1,1.0,1,0.11904151220613582,72
3808,0,5024,2775,2249,0,0,0,1.0,1,1.0,1,1.0,1,0.11904151220613582,72
3809,2,5026,2776,2250,0,0,0,1.0,1,1.0,1,1.0,1,0.135928588190177,72
3810,2,5028,2777,2251,0,0,0,1.0,1,1.0,1,1.0,1,0.1505114389652447,72
3811,1,5029,2778,2251,0,0,0,1.0,1,1.0,1,1.0,1,0.15009075323614365,71
3812,1,5030,2778,2252,0,0,0,1.0,1,1.0,1,1.0,1,0.1528111621894616,72
3813,2,5032,2779,2253,0,0,0,1.0,1,1.0,1,1.0,1,0.15907520533530167,71
3814,0,5032,2779,2253,0,0,0,1.0,1,1.0,1,1.0,1,0.16794804966628366,72
3815,0,5032,2779,2253,0,0,0,1.0,1,1.0,1,1.0,1,0.1536473675527226,71
3816,0,5032,2779,2253,0,0,0,1.0,1,1.0,1,1.0,1,0.15073275997727437,69
3817,1,5033,2780,2253,0,0,0,1.0,1,1.0,1,1.0,1,0.17764515852422477,72
3818,1,5034,2781,2253,0,0,0,1.0,1,1.0,1,1.0,1,0.17735356011592687,72
3819,1,5035,2782,2253,0,0,0,1.0,1,1.0,1,1.0,1,0.18625948042203366,72
3820,2,5037,2783,2254,0,0,0,1.0,1,1.0,1,1.0,1,0.18184062682614874,72
3821,1,5038,2784,2254,0,0,0,1.0,1,1.0,1,1.0,1,0.19460160256682643,72
3822,0,5038,2784,2254,0,0,0,1.0,1,1.0,1,1.0,1,0.20601172205989735,69
3823,0,5038,2784,2254,0,0,0,1.0,1,1.0,1,1.0,1,0.20601172205989735,69
3824,3,5041,2784,2257,0,0,0,1.0,1,1.0,1,1.0,1,0.20069987674084067,65
3825,0,5041,2784,2257,0,0,0,1.0,1,1.0,1,1.0,1,0.21140835605155317,64
3826,1,5042,2784,2258,0,0,0,1.0,1,1.0,1,1.0,1,0.1976298975527007,65
3827,1,5043,2784,2259,0,0,0,1.0,1,1.0,1,1.0,1,0.19763546740515972,64
3828,1,5044,2784,2260,0,0,0,1.0,1,1.0,1,1.0,1,0.17922985125670474,65
3829,2,5046,2785,2261,0,0,0,1.0,1,1.0,1,1.0,1,0.19755539470947625,65
3830,0,5046,2785,2261,0,0,0,1.0,1,1.0,1,1.0,1,0.2043785812968425,64
3831,0,5046,2785,2261,0,0,0,1.0,1,1.0,1,1.0,1,0.21295846300481863,63
3832,2,5048,2785,2263,0,0,0,1.0,1,1.0,1,1.0,1,0.20997495381560566,64
3833,2,5050,2786,2264,0,0,0,1.0,1,1.0,1,1.0,1,0.1937512470447392,64
3834,1,5051,2786,2265,0,0,0,1.0,1,1.0,1,1.0,1,0.20748544696747034,63
3835,0,5051,2786,2265,0,0,0,1.0,1,1.0,1,1.0,1,0.20628703168885199,63
3836,2,5053,2788,2265,0,0,0,1.0,1,1.0,1,1.0,1,0.1979733236256703,63
3837,3,5056,2789,2267,0,0,0,1.0,1,1.0,1,1.0,1,0.1974587907983708,62
3838,2,5058,2791,2267,0,0,0,1.0,1,1.0,1,1.0,1,0.19407894427221067,62
3839,2,5060,2792,2268,0,0,0,1.0,1,1.0,1,1.0,1,0.19908942575741378,60
3840,0,5060,2792,2268,0,0,0,1.0,1,1.0,1,1.0,1,0.19192233094307093,62
3841,0,5060,2792,2268,0,0,0,1.0,1,1.0,1,1.0,1,0.19192233094307093,62
3842,2,5062,2792,2270,0,0,0,1.0,1,1.0,1,1.0,1,0.15859677986984327,63
3843,1,5063,2792,2271,0,0,0,1.0,1,1.0,1,1.0,1,0.14585753406407218,64
3844,2,5065,2792,2273,0,0,0,1.0,1,1.0,1,1.0,1,0.12361717610942496,65
3845,3,5068,2792,2276,0,0,0,1.0,1,1.0,1,1.0,1,0.09423718504403576,66
3846,1,5069,2792,2277,0,0,0,1.0,1,1.0,1,1.0,1,0.08533707237198014,67
3847,0,5069,2792,2277,0,0,0,1.0,1,1.0,1,1.0,1,0.08533707237198014,67
3848,2,5071,2793,2278,0,0,0,1.0,1,1.0,1,1.0,1,0.07508098578429023,67
3849,2,5073,2794,2279,0,0,0,1.0,1,1.0,1,1.0,1,0.03932691296255267,67
3850,2,5075,2796,2279,0,0,0,1.0,1,1.0,1,1.0,1,0.0535212543973913,68
3851,2,5077,2798,2279,0,0,0,1.0,1,1.0,1,1.0,1,0.08637887427275472,68
3852,1,5078,2798,2280,0,0,0,1.0,1,1.0,1,1.0,1,0.08937819700035553,70
3853,3,5081,2800,2281,0,0,0,1.0,1,1.0,1,1.0,1,0.1244954494175967,70
3854,3,5084,2802,2282,0,0,0,1.0,1,1.0,1,1.0,1,0.1329644193899189,70
3855,1,5085,2803,2282,0,0,0,1.0,1,1.0,1,1.0,1,0.1452127448320889,69
3856,1,5086,2804,2282,0,0,0,1.0,1,1.0,1,1.0,1,0.1641705822095668,70
3857,3,5089,2806,2283,0,0,0,1.0,1,1.0,1,1.0,1,0.18242922802252537,68
3858,0,5089,2806,2283,0,0,0,1.0,1,1.0,1,1.0,1,0.1723378079611915,67
3859,1,5090,2806,2284,0,0,0,1.0,1,1.0,1,1.0,1,0.1392363083136111,66
3860,0,5090,2806,2284,0,0,0,1.0,1,1.0,1,1.0,1,0.1301902866810522,66
3861,0,5090,2806,2284,0,0,0,1.0,1,1.0,1,1.0,1,0.1298074608247852,66
3862,0,5090,2806,2284,0,0,0,1.0,1,1.0,1,1.0,1,0.1298074608247852,66
3863,1,5091,2807,2284,0,0,0,1.0,1,1.0,1,1.0,1,0.1437924338310872,63
3864,2,5093,2809,2284,0,0,0,1.0,1,1.0,1,1.0,1,0.13299560537548116,63
3865,1,5094,2809,2285,0,0,0,1.0,1,1.0,1,1.0,1,0.12422160683440664,61
3866,0,5094,2809,2285,0,0,0,1.0,1,1.0,1,1.0,1,0.1343239034893194,61
3867,0,5094,2809,2285,0,0,0,1.0,1,1.0,1,1.0,1,0.14158499560868085,60
3868,2,5096,2811,2285,0,0,0,1.0,1,1.0,1,1.0,1,0.19562960249119826,59
3869,2,5098,2811,2287,0,0,0,1.0,1,1.0,1,1.0,1,0.1743606763351246,61
3870,0,5098,2811,2287,0,0,0,1.0,1,1.0,1,1.0,1,0.18332508102607273,61
3871,3,5101,2811,2290,0,0,0,1.0,1,1.0,1,1.0,1,0.16413068968117625,64
3872,1,5102,2811,2291,0,0,0,1.0,1,1.0,1,1.0,1,0.16144858775026877,63
3873,1,5103,2811,2292,0,0,0,1.0,1,1.0,1,1.0,1,0.1616376636140223,62
3874,0,5103,2811,2292,0,0,0,1.0,1,1.0,1,1.0,1,0.15632422003769794,63
3875,0,5103,2811,2292,0,0,0,1.0,1,1.0,1,1.0,1,0.15368899394084834,61
3876,0,5103,2811,2292,0,0,0,1.0,1,1.0,1,1.0,1,0.1461076195736505,62
3877,3,5106,2813,2293,0,0,0,1.0,1,1.0,1,1.0,1,0.1613246471608449,63
3878,0,5106,2813,2293,0,0,0,1.0,1,1.0,1,1.0,1,0.1613246471608449,63
3879,1,5107,2814,2293,0,0,0,1.0,1,1.0,1,1.0,1,0.16711809901512517,63
3880,0,5107,2814,2293,0,0,0,1.0,1,1.0,1,1.0,1,0.15671108857473176,65
3881,1,5108,2815,2293,0,0,0,1.0,1,1.0,1,1.0,1,0.17514897986647385,65
3882,2,5110,2817,2293,0,0,0,1.0,1,1.0,1,1.0,1,0.17698773570133447,66
3883,2,5112,2818,2294,0,0,0,1.0,1,1.0,1,1.0,1,0.1814224661283255,66
3884,2,5114,2819,2295,0,0,0,1.0,1,1.0,1,1.0,1,0.20346784559141642,66
3885,3,5117,2820,2297,0,0,0,1.0,1,1.0,1,1.0,1,0.20420217512066588,66
3886,1,5118,2821,2297,0,0,0,1.0,1,1.0,1,1.0,1,0.21090852804105253,65
3887,0,5118,2821,2297,0,0,0,1.0,1,1.0,1,1.0,1,0.19910994028647028,65
3888,0,5118,2821,2297,0,0,0,1.0,1,1.0,1,1.0,1,0.2104760696917287,66
3889,2,5120,2822,2298,0,0,0,1.0,1,1.0,1,1.0,1,0.20334499838218464,64
3890,3,5123,2824,2299,0,0,0,1.0,1,1.0,1,1.0,1,0.20708993130192616,63
3891,2,5125,2824,2301,0,0,0,1.0,1,1.0,1,1.0,1,0.170959242901774,66
3892,2,5127,2824,2303,0,0,0,1.0,1,1.0,1,1.0,1,0.13764297234417347,67
3893,0,5127,2824,2303,0,0,0,1.0,1,1.0,1,1.0,1,0.1362937896367344,66
3894,2,5129,2825,2304,0,0,0,1.0,1,1.0,1,1.0,1,0.1413563851206317,67
3895,2,5131,2825,2306,0,0,0,1.0,1,1.0,1,1.0,1,0.12365524757216502,66
3896,1,5132,2826,2306,0,0,0,1.0,1,1.0,1,1.0,1,0.1329595353035864,66
3897,4,5136,2826,2310,0,0,0,1.0,1,1.0,1,1.0,1,0.10083196437952253,65
3898,3,5139,2829,2310,0,0,0,1.0,1,1.0,1,1.0,1,0.16628181140463602,65
3899,3,5142,2831,2311,0,0,0,1.0,1,1.0,1,1.0,1,0.18336045511949148,64
3900,2,5144,2832,2312,0,0,0,1.0,1,1.0,1,1.0,1,0.20911050777499038,63
3901,4,5148,2834,2314,0,0,0,1.0,1,1.0,1,1.0,1,0.20162993782098648,63
3902,2,5150,2835,2315,0,0,0,1.0,1,1.0,1,1.0,1,0.21168611857177222,64
3903,2,5152,2835,2317,0,0,0,1.0,1,1.0,1,1.0,1,0.18181832027641476,64
3904,0,5152,2835,2317,0,0,0,1.0,1,1.0,1,1.0,1,0.1878862922768299,63
3905,2,5154,2835,2319,0,0,0,1.0,1,1.0,1,1.0,1,0.16129401354001538,63
3906,0,5154,2835,2319,0,0,0,1.0,1,1.0,1,1.0,1,0.14888813095966705,64
3907,2,5156,2835,2321,0,0,0,1.0,1,1.0,1,1.0,1,0.15209459335146772,64
3908,1,5157,2836,2321,0,0,0,1.0,1,1.0,1,1.0,1,0.16433348740592194,63
3909,2,5159,2836,2323,0,0,0,1.0,1,1.0,1,1.0,1,0.17030276184316714,62
3910,0,5159,2836,2323,0,0,0,1.0,1,1.0,1,1.0,1,0.18270541313065686,62
3911,1,5160,2837,2323,0,0,0,1.0,1,1.0,1,1.0,1,0.18430178192289423,64
3912,2,5162,2838,2324,0,0,0,1.0,1,1.0,1,1.0,1,0.20541589510090186,64
3913,1,5163,2838,2325,0,0,0,1.0,1,1.0,1,1.0,1,0.20912731737483595,65
3914,1,5164,2838,2326,0,0,0,1.0,1,1.0,1,1.0,1,0.2071135121289789,65
3915,1,5165,2839,2326,0,0,0,1.0,1,1.0,1,1.0,1,0.19031654307611157,66
3916,2,5167,2841,2326,0,0,0,1.0,1,1.0,1,1.0,1,0.21032255466650138,66
3917,1,5168,2841,2327,0,0,0,1.0,1,1.0,1,1.0,1,0.20341394991164433,66
3918,3,5171,2842,2329,0,0,0,1.0,1,1.0,1,1.0,1,0.1891806757123784,67
3919,0,5171,2842,2329,0,0,0,1.0,1,1.0,1,1.0,1,0.1836482252279612,68
3920,1,5172,2843,2329,0,0,0,1.0,1,1.0,1,1.0,1,0.16824014466638187,69
3921,1,5173,2843,2330,0,0,0,1.0,1,1.0,1,1.0,1,0.17239429562073197,68
3922,3,5176,2845,2331,0,0,0,1.0,1,1.0,1,1.0,1,0.1972942926276315,68
3923,1,5177,2845,2332,0,0,0,1.0,1,1.0,1,1.0,1,0.19959433612292676,69
3924,3,5180,2846,2334,0,0,0,1.0,1,1.0,1,1.0,1,0.1808417244374267,69
3925,4,5184,2848,2336,0,0,0,1.0,1,1.0,1,1.0,1,0.1968269955955101,67
3926,1,5185,2848,2337,0,0,0,1.0,1,1.0,1,1.0,1,0.19817360082023702,67
3927,1,5186,2848,2338,0,0,0,1.0,1,1.0,1,1.0,1,0.2017994895093514,65
3928,1,5187,2848,2339,0,0,0,1.0,1,1.0,1,1.0,1,0.19591088779907237,65
3929,3,5190,2849,2341,0,0,0,1.0,1,1.0,1,1.0,1,0.18388089474546943,64
3930,0,5190,2849,2341,0,0,0,1.0,1,1.0,1,1.0,1,0.17825760030441176,64
3931,0,5190,2849,2341,0,0,0,1.0,1,1.0,1,1.0,1,0.16558818043419707,62
3932,0,5190,2849,2341,0,0,0,1.0,1,1.0,1,1.0,1,0.16558818043419707,62
3933,1,5191,2850,2341,0,0,0,1.0,1,1.0,1,1.0,1,0.15494151040589263,62
3934,2,5193,2851,2342,0,0,0,1.0,1,1.0,1,1.0,1,0.12988534375643357,61
3935,0,5193,2851,2342,0,0,0,1.0,1,1.0,1,1.0,1,0.13527581727550858,64
3936,0,5193,2851,2342,0,0,0,1.0,1,1.0,1,1.0,1,0.14286621125857935,65
3937,1,5194,2851,2343,0,0,0,1.0,1,1.0,1,1.0,1,0.11918823814877422,66
3938,0,5194,2851,2343,0,0,0,1.0,1,1.0,1,1.0,1,0.11918823814877422,66
3939,0,5194,2851,2343,0,0,0,1.0,1,1.0,1,1.0,1,0.1301631281547459,67
3940,1,5195,2851,2344,0,0,0,1.0,1,1.0,1,1.0,1,0.10946697416550094,69
3941,0,5195,2851,2344,0,0,0,1.0,1,1.0,1,1.0,1,0.10946697416550094,69
3942,1,5196,2852,2344,0,0,0,1.0,1,1.0,1,1.0,1,0.1278431796461454,69
3943,1,5197,2853,2344,0,0,0,1.0,1,1.0,1,1.0,1,0.15843980869054336,68
3944,2,5199,2853,2346,0,0,0,1.0,1,1.0,1,1.0,1,0.15663332387568746,68
3945,4,5203,2856,2347,0,0,0,1.0,1,1.0,1,1.0,1,0.15713580655558687,67
3946,4,5207,2858,2349,0,0,0,1.0,1,1.0,1,1.0,1,0.1781766222098323,67
3947,2,5209,2859,2350,0,0,0,1.0,1,1.0,1,1.0,1,0.17175907286435665,66
3948,3,5212,2861,2351,0,0,0,1.0,1,1.0,1,1.0,1,0.15007335830481555,67
3949,6,5218,2865,2353,0,0,0,1.0,1,1.0,1,1.0,1,0.2300126580401594,66
3950,0,5218,2865,2353,0,0,0,1.0,1,1.0,1,1.0,1,0.23873682418713305,65
3951,1,5219,2865,2354,0,0,0,1.0,1,1.0,1,1.0,1,0.22597424753576995,65
3952,2,5221,2866,2355,0,0,0,1.0,1,1.0,1,1.0,1,0.21447112082485392,65
3953,3,5224,2866,2358,0,0,0,1.0,1,1.0,1,1.0,1,0.20145175061334233,65
3954,1,5225,2866,2359,0,0,0,1.0,1,1.0,1,1.0,1,0.20115910048452762,64
3955,1,5226,2866,2360,0,0,0,1.0,1,1.0,1,1.0,1,0.21071155457955912,64
3956,1,5227,2866,2361,0,0,0,1.0,1,1.0,1,1.0,1,0.1966053938963502,63
3957,2,5229,2866,2363,0,0,0,1.0,1,1.0,1,1.0,1,0.1839447374347815,63
3958,1,5230,2866,2364,0,0,0,1.0,1,1.0,1,1.0,1,0.18564925071072483,63
3959,0,5230,2866,2364,0,0,0,1.0,1,1.0,1,1.0,1,0.1847494311133862,62
3960,0,5230,2866,2364,0,0,0,1.0,1,1.0,1,1.0,1,0.1847494311133862,62
3961,3,5233,2868,2365,0,0,0,1.0,1,1.0,1,1.0,1,0.18382306605313542,64
3962,0,5233,2868,2365,0,0,0,1.0,1,1.0,1,1.0,1,0.18382306605313542,64
3963,4,5237,2871,2366,0,0,0,1.0,1,1.0,1,1.0,1,0.20489172313550766,62
3964,1,5238,2871,2367,0,0,0,1.0,1,1.0,1,1.0,1,0.18014877058799644,63
3965,3,5241,2871,2370,0,0,0,1.0,1,1.0,1,1.0,1,0.13677667218894066,63
3966,1,5242,2871,2371,0,0,0,1.0,1,1.0,1,1.0,1,0.11937747987158534,62
3967,3,5245,2871,2374,0,0,0,1.0,1,1.0,1,1.0,1,0.09856947652965171,64
3968,0,5245,2871,2374,0,0,0,1.0,1,1.0,1,1.0,1,0.09042824920569165,63
3969,1,5246,2871,2375,0,0,0,1.0,1,1.0,1,1.0,1,0.0901271808336597,63
3970,0,5246,2871,2375,0,0,0,1.0,1,1.0,1,1.0,1,0.08815941974712245,65
3971,0,5246,2871,2375,0,0,0,1.0,1,1.0,1,1.0,1,0.08815941974712245,65
3972,3,5249,2873,2376,0,0,0,1.0,1,1.0,1,1.0,1,0.12439101725979618,66
3973,2,5251,2873,2378,0,0,0,1.0,1,1.0,1,1.0,1,0.10770445036081017,66
3974,1,5252,2874,2378,0,0,0,1.0,1,1.0,1,1.0,1,0.1284392420687722,66
3975,5,5257,2877,2380,0,0,0,1.0,1,1.0,1,1.0,1,0.11463905773344936,66
3976,1,5258,2878,2380,0,0,0,1.0,1,1.0,1,1.0,1,0.12960302202900267,66
3977,3,5261,2880,2381,0,0,0,1.0,1,1.0,1,1.0,1,0.13110177455306987,64
3978,3,5264,2882,2382,0,0,0,1.0,1,1.0,1,1.0,1,0.14592192415946767,63
3979,2,5266,2882,2384,0,0,0,1.0,1,1.0,1,1.0,1,0.14418313830791663,63
3980,1,5267,2882,2385,0,0,0,1.0,1,1.0,1,1.0,1,0.13647041576650693,63
3981,2,5269,2882,2387,0,0,0,1.0,1,1.0,1,1.0,1,0.12678251158615422,64
3982,0,5269,2882,2387,0,0,0,1.0,1,1.0,1,1.0,1,0.1231892795598369,65
3983,0,5269,2882,2387,0,0,0,1.0,1,1.0,1,1.0,1,0.1272909470631266,64
3984,1,5270,2882,2388,0,0,0,1.0,1,1.0,1,1.0,1,0.126172679678905,65
3985,2,5272,2883,2389,0,0,0,1.0,1,1.0,1,1.0,1,0.13106649455672023,64
3986,1,5273,2883,2390,0,0,0,1.0,1,1.0,1,1.0,1,0.12778661462691954,63
3987,0,5273,2883,2390,0,0,0,1.0,1,1.0,1,1.0,1,0.14316823824349803,63
3988,0,5273,2883,2390,0,0,0,1.0,1,1.0,1,1.0,1,0.14117975241432343,63
3989,0,5273,2883,2390,0,0,0,1.0,1,1.0,1,1.0,1,0.15750260417593923,63
3990,1,5274,2884,2390,0,0,0,1.0,1,1.0,1,1.0,1,0.18730697180734474,62
3991,1,5275,2884,2391,0,0,0,1.0,1,1.0,1,1.0,1,0.17483355069663417,62
3992,0,5275,2884,2391,0,0,0,1.0,1,1.0,1,1.0,1,0.16576820160755412,65
3993,0,5275,2884,2391,0,0,0,1.0,1,1.0,1,1.0,1,0.16576820160755412,65
3994,1,5276,2884,2392,0,0,0,1.0,1,1.0,1,1.0,1,0.1525562967965456,64
3995,0,5276,2884,2392,0,0,0,1.0,1,1.0,1,1.0,1,0.1525562967965456,64
3996,1,5277,2884,2393,0,0,0,1.0,1,1.0,1,1.0,1,0.13281306276502655,67
3997,3,5280,2885,2395,0,0,0,1.0,1,1.0,1,1.0,1,0.12314806660975838,69
3998,2,5282,2886,2396,0,0,0,1.0,1,1.0,1,1.0,1,0.12914804985025197,69
3999,2,5284,2888,2396,0,0,0,1.0,1,1.0,1,1.0,1,0.1332150266720942,69
4000,0,5284,2888,2396,0,0,0,1.0,1,1.0,1,1.0,1,0.11362649386245105,69
4001,0,5284,2888,2396,0,0,0,1.0,1,1.0,1,1.0,1,0.10493436563175368,68
4002,1,5285,2889,2396,0,0,0,1.0,1,1.0,1,1.0,1,0.08948006972176234,68
4003,3,5288,2891,2397,0,0,0,1.0,1,1.0,1,1.0,1,0.11621683859664775,68
4004,5,5293,2894,2399,0,0,0,1.0,1,1.0,1,1.0,1,0.09469535319232625,67
4005,1,5294,2895,2399,0,0,0,1.0,1,1.0,1,1.0,1,0.10526176920606269,67
4006,3,5297,2897,2400,0,0,0,1.0,1,1.0,1,1.0,1,0.11063970480041259,67
4007,2,5299,2898,2401,0,0,0,1.0,1,1.0,1,1.0,1,0.1223184142832845,67
4008,4,5303,2900,2403,0,0,0,1.0,1,1.0,1,1.0,1,0.1203018212806369,67
4009,3,5306,2901,2405,0,0,0,1.0,1,1.0,1,1.0,1,0.12797591850555484,67
4010,1,5307,2902,2405,0,0,0,1.0,1,1.0,1,1.0,1,0.13475242878364452,66
4011,1,5308,2903,2405,0,0,0,1.0,1,1.0,1,1.0,1,0.13814366738344952,66
4012,4,5312,2905,2407,0,0,0,1.0,1,1.0,1,1.0,1,0.1259546048059528,66
4013,2,5314,2905,2409,0,0,0,1.0,1,1.0,1,1.0,1,0.09284159821205103,66
4014,1,5315,2906,2409,0,0,0,1.0,1,1.0,1,1.0,1,0.10352522979138837,66
4015,0,5315,2906,2409,0,0,0,1.0,1,1.0,1,1.0,1,0.12615881056586964,64
4016,2,5317,2907,2410,0,0,0,1.0,1,1.0,1,1.0,1,0.1581060820012266,64
4017,1,5318,2908,2410,0,0,0,1.0,1,1.0,1,1.0,1,0.1670726072785996,66
4018,0,5318,2908,2410,0,0,0,1.0,1,1.0,1,1.0,1,0.17361083948537848,67
4019,1,5319,2909,2410,0,0,0,1.0,1,1.0,1,1.0,1,0.185754809451675,67
4020,0,5319,2909,2410,0,0,0,1.0,1,1.0,1,1.0,1,0.20490076806820706,66
4021,1,5320,2910,2410,0,0,0,1.0,1,1.0,1,1.0,1,0.21564975180462742,66
4022,0,5320,2910,2410,0,0,0,1.0,1,1.0,1,1.0,1,0.21564975180462742,66
4023,1,5321,2911,2410,0,0,0,1.0,1,1.0,1,1.0,1,0.21542062198449177,66
4024,2,5323,2912,2411,0,0,0,1.0,1,1.0,1,1.0,1,0.21050897758901396,66
4025,2,5325,2912,2413,0,0,0,1.0,1,1.0,1,1.0,1,0.17351694361764478,66
4026,0,5325,2912,2413,0,0,0,1.0,1,1.0,1,1.0,1,0.17400353120724915,66
4027,1,5326,2913,2413,0,0,0,1.0,1,1.0,1,1.0,1,0.1898387576144113,64
4028,3,5329,2915,2414,0,0,0,1.0,1,1.0,1,1.0,1,0.21190988704573951,63
4029,2,5331,2915,2416,0,0,0,1.0,1,1.0,1,1.0,1,0.18486226508503648,62
4030,1,5332,2915,2417,0,0,0,1.0,1,1.0,1,1.0,1,0.15482413316602772,63
4031,0,5332,2915,2417,0,0,0,1.0,1,1.0,1,1.0,1,0.1619933039743254,62
4032,2,5334,2916,2418,0,0,0,1.0,1,1.0,1,1.0,1,0.17298527402263164,62
4033,0,5334,2916,2418,0,0,0,1.0,1,1.0,1,1.0,1,0.18501456896058438,61
4034,4,5338,2918,2420,0,0,0,1.0,1,1.0,1,1.0,1,0.1957592486336163,60
4035,0,5338,2918,2420,0,0,0,1.0,1,1.0,1,1.0,1,0.20943166567069138,59
4036,3,5341,2920,2421,0,0,0,1.0,1,1.0,1,1.0,1,0.21533686939357166,58
4037,4,5345,2922,2423,0,0,0,1.0,1,1.0,1,1.0,1,0.20157138754433274,59
4038,1,5346,2922,2424,0,0,0,1.0,1,1.0,1,1.0,1,0.18497993646486138,58
4039,0,5346,2922,2424,0,0,0,1.0,1,1.0,1,1.0,1,0.2103443764669573,56
4040,0,5346,2922,2424,0,0,0,1.0,1,1.0,1,1.0,1,0.21959772064825586,55
4041,4,5350,2924,2426,0,0,0,1.0,1,1.0,1,1.0,1,0.24058649096195417,54
4042,1,5351,2925,2426,0,0,0,1.0,1,1.0,1,1.0,1,0.2497286605906597,56
4043,3,5354,2927,2427,0,0,0,1.0,1,1.0,1,1.0,1,0.28336573436456197,56
4044,3,5357,2928,2429,0,0,0,1.0,1,1.0,1,1.0,1,0.2905430429402254,56
4045,2,5359,2930,2429,0,0,0,1.0,1,1.0,1,1.0,1,0.3204085414078137,57
4046,1,5360,2930,2430,0,0,0,1.0,1,1.0,1,1.0,1,0.31723428924471153,59
4047,2,5362,2932,2430,0,0,0,1.0,1,1.0,1,1.0,1,0.3514023212049412,59
4048,2,5364,2932,2432,0,0,0,1.0,1,1.0,1,1.0,1,0.3529243609985255,59
4049,0,5364,2932,2432,0,0,0,1.0,1,1.0,1,1.0,1,0.3368744721822753,60
4050,1,5365,2932,2433,0,0,0,1.0,1,1.0,1,1.0,1,0.31511607112513296,60
4051,1,5366,2933,2433,0,0,0,1.0,1,1.0,1,1.0,1,0.32405971640201897,60
4052,0,5366,2933,2433,0,0,0,1.0,1,1.0,1,1.0,1,0.32405971640201897,60
4053,0,5366,2933,2433,0,0,0,1.0,1,1.0,1,1.0,1,0.32405971640201897,60
4054,1,5367,2934,2433,0,0,0,1.0,1,1.0,1,1.0,1,0.32184517794378104,61
4055,0,5367,2934,2433,0,0,0,1.0,1,1.0,1,1.0,1,0.32184517794378104,61
4056,0,5367,2934,2433,0,0,0,1.0,1,1.0,1,1.0,1,0.3204736851152765,62
4057,0,5367,2934,2433,0,0,0,1.0,1,1.0,1,1.0,1,0.3257695594460914,63
4058,0,5367,2934,2433,0,0,0,1.0,1,1.0,1,1.0,1,0.3418435690516453,64
4059,0,5367,2934,2433,0,0,0,1.0,1,1.0,1,1.0,1,0.35922561566371175,63
4060,0,5367,2934,2433,0,0,0,1.0,1,1.0,1,1.0,1,0.35922561566371175,63
4061,0,5367,2934,2433,0,0,0,1.0,1,1.0,1,1.0,1,0.36480140146836554,63
4062,1,5368,2935,2433,0,0,0,1.0,1,1.0,1,1.0,1,0.3500933364708953,65
4063,1,5369,2935,2434,0,0,0,1.0,1,1.0,1,1.0,1,0.3168257569347849,64
4064,1,5370,2935,2435,0,0,0,1.0,1,1.0,1,1.0,1,0.3003853108360715,65
4065,4,5374,2937,2437,0,0,0,1.0,1,1.0,1,1.0,1,0.2581492142189423,64
4066,1,5375,2937,2438,0,0,0,1.0,1,1.0,1,1.0,1,0.24587263293924388,64
4067,4,5379,2939,2440,0,0,0,1.0,1,1.0,1,1.0,1,0.21416330475685721,63
4068,1,5380,2939,2441,0,0,0,1.0,1,1.0,1,1.0,1,0.202237942120413,64
4069,9,5389,2942,2447,0,0,0,1.0,1,1.0,1,1.0,1,0.22273543285073202,62
4070,2,5391,2942,2449,0,0,0,1.0,1,1.0,1,1.0,1,0.20337967630565726,61
4071,4,5395,2945,2450,0,0,0,1.0,1,1.0,1,1.0,1,0.26557180746621734,61
4072,2,5397,2946,2451,0,0,0,1.0,1,1.0,1,1.0,1,0.2848447315952439,60
4073,9,5406,2947,2459,0,0,0,1.0,1,1.0,1,1.0,1,0.20105552127950993,60
4074,3,5409,2949,2460,0,0,0,1.0,1,1.0,1,1.0,1,0.24599765283442546,60
4075,1,5410,2949,2461,0,0,0,1.0,1,1.0,1,1.0,1,0.21780142949468825,59
4076,0,5410,2949,2461,0,0,0,1.0,1,1.0,1,1.0,1,0.21843427060201015,60
4077,3,5413,2949,2464,0,0,0,1.0,1,1.0,1,1.0,1,0.20370180587937592,61
4078,1,5414,2949,2465,0,0,0,1.0,1,1.0,1,1.0,1,0.21273342161384015,60
4079,0,5414,2949,2465,0,0,0,1.0,1,1.0,1,1.0,1,0.2293897303970379,58
4080,1,5415,2950,2465,0,0,0,1.0,1,1.0,1,1.0,1,0.23542183021445842,56
4081,2,5417,2951,2466,0,0,0,1.0,1,1.0,1,1.0,1,0.22096021013399447,56
4082,2,5419,2951,2468,0,0,0,1.0,1,1.0,1,1.0,1,0.22173656388802065,55
4083,0,5419,2951,2468,0,0,0,1.0,1,1.0,1,1.0,1,0.22173656388802065,55
4084,3,5422,2952,2470,0,0,0,1.0,1,1.0,1,1.0,1,0.20789214463487699,55
4085,2,5424,2953,2471,0,0,0,1.0,1,1.0,1,1.0,1,0.21241371667037823,56
4086,1,5425,2954,2471,0,0,0,1.0,1,1.0,1,1.0,1,0.22502070101699065,57
4087,3,5428,2956,2472,0,0,0,1.0,1,1.0,1,1.0,1,0.2629886370566343,57
4088,2,5430,2956,2474,0,0,0,1.0,1,1.0,1,1.0,1,0.24805571636109183,57
4089,0,5430,2956,2474,0,0,0,1.0,1,1.0,1,1.0,1,0.26945691701252955,56
4090,0,5430,2956,2474,0,0,0,1.0,1,1.0,1,1.0,1,0.26945691701252955,56
4091,4,5434,2956,2478,0,0,0,1.0,1,1.0,1,1.0,1,0.24375788500940906,56
4092,1,5435,2956,2479,0,0,0,1.0,1,1.0,1,1.0,1,0.23179120717156929,57
4093,4,5439,2956,2483,0,0,0,1.0,1,1.0,1,1.0,1,0.18430270177677782,58
4094,2,5441,2956,2485,0,0,0,1.0,1,1.0,1,1.0,1,0.15488457146379608,57
4095,1,5442,2956,2486,0,0,0,1.0,1,1.0,1,1.0,1,0.14681649805228691,57
4096,0,5442,2956,2486,0,0,0,1.0,1,1.0,1,1.0,1,0.15076718562046287,59
4097,4,5446,2956,2490,0,0,0,1.0,1,1.0,1,1.0,1,0.1216324636245151,59
4098,0,5446,2956,2490,0,0,0,1.0,1,1.0,1,1.0,1,0.1216324636245151,59
4099,1,5447,2957,2490,0,0,0,1.0,1,1.0,1,1.0,1,0.1058066813756313,60
4100,1,5448,2957,2491,0,0,0,1.0,1,1.0,1,1.0,1,0.08995838676517773,60
4101,1,5449,2958,2491,0,0,0,1.0,1,1.0,1,1.0,1,0.10929062784842399,60
4102,3,5452,2961,2491,0,0,0,1.0,1,1.0,1,1.0,1,0.16741393816946898,60
4103,2,5454,2962,2492,0,0,0,1.0,1,1.0,1,1.0,1,0.19893511621777724,58
4104,3,5457,2963,2494,0,0,0,1.0,1,1.0,1,1.0,1,0.16454983920655467,60
4105,2,5459,2963,2496,0,0,0,1.0,1,1.0,1,1.0,1,0.1428672171435822,59
4106,2,5461,2964,2497,0,0,0,1.0,1,1.0,1,1.0,1,0.14843342451793623,61
4107,0,5461,2964,2497,0,0,0,1.0,1,1.0,1,1.0,1,0.15122221624468835,59
4108,1,5462,2965,2497,0,0,0,1.0,1,1.0,1,1.0,1,0.1456088530634565,60
4109,1,5463,2965,2498,0,0,0,1.0,1,1.0,1,1.0,1,0.13354754273035363,59
4110,1,5464,2966,2498,0,0,0,1.0,1,1.0,1,1.0,1,0.12785450208815616,60
4111,0,5464,2966,2498,0,0,0,1.0,1,1.0,1,1.0,1,0.14838713199921394,61
4112,1,5465,2967,2498,0,0,0,1.0,1,1.0,1,1.0,1,0.159748062253719,60
4113,3,5468,2967,2501,0,0,0,1.0,1,1.0,1,1.0,1,0.09534492460046352,61
4114,0,5468,2967,2501,0,0,0,1.0,1,1.0,1,1.0,1,0.0833554065948589,62
4115,2,5470,2967,2503,0,0,0,1.0,1,1.0,1,1.0,1,0.1013755518716109,60
4116,0,5470,2967,2503,0,0,0,1.0,1,1.0,1,1.0,1,0.09865308560802181,59
4117,4,5474,2969,2505,0,0,0,1.0,1,1.0,1,1.0,1,0.09433866038230922,56
4118,0,5474,2969,2505,0,0,0,1.0,1,1.0,1,1.0,1,0.11364950286218727,55
4119,1,5475,2970,2505,0,0,0,1.0,1,1.0,1,1.0,1,0.14163212658510257,53
4120,2,5477,2972,2505,0,0,0,1.0,1,1.0,1,1.0,1,0.13921051381303784,52
4121,6,5483,2978,2505,0,0,0,1.0,1,1.0,1,1.0,1,0.11526336294662909,53
4122,1,5484,2979,2505,0,0,0,1.0,1,1.0,1,1.0,1,0.14659528685882608,52
4123,4,5488,2982,2506,0,0,0,1.0,1,1.0,1,1.0,1,0.1596703990464763,51
4124,0,5488,2982,2506,0,0,0,1.0,1,1.0,1,1.0,1,0.15537368047272582,51
4125,2,5490,2983,2507,0,0,0,1.0,1,1.0,1,1.0,1,0.15729493375985892,50
4126,3,5493,2984,2509,0,0,0,1.0,1,1.0,1,1.0,1,0.16549719153342157,50
4127,1,5494,2985,2509,0,0,0,1.0,1,1.0,1,1.0,1,0.17297932989366105,49
4128,0,5494,2985,2509,0,0,0,1.0,1,1.0,1,1.0,1,0.17297932989366105,49
4129,1,5495,2985,2510,0,0,0,1.0,1,1.0,1,1.0,1,0.16433657900732263,49
4130,1,5496,2986,2510,0,0,0,1.0,1,1.0,1,1.0,1,0.14288531295491,50
4131,2,5498,2988,2510,0,0,0,1.0,1,1.0,1,1.0,1,0.17915891388064753,50
4132,1,5499,2988,2511,0,0,0,1.0,1,1.0,1,1.0,1,0.15180092886686827,50
4133,3,5502,2991,2511,0,0,0,1.0,1,1.0,1,1.0,1,0.1506554626831708,51
4134,2,5504,2993,2511,0,0,0,1.0,1,1.0,1,1.0,1,0.14876341132438134,53
4135,1,5505,2994,2511,0,0,0,1.0,1,1.0,1,1.0,1,0.16716421377761914,54
4136,0,5505,2994,2511,0,0,0,1.0,1,1.0,1,1.0,1,0.16716421377761914,54
4137,1,5506,2995,2511,0,0,0,1.0,1,1.0,1,1.0,1,0.14319996521986447,55
4138,1,5507,2996,2511,0,0,0,1.0,1,1.0,1,1.0,1,0.15921500870963576,54
4139,1,5508,2997,2511,0,0,0,1.0,1,1.0,1,1.0,1,0.17701873756558367,54
4140,0,5508,2997,2511,0,0,0,1.0,1,1.0,1,1.0,1,0.159698089520946,55
4141,0,5508,2997,2511,0,0,0,1.0,1,1.0,1,1.0,1,0.1600205110020513,55
4142,0,5508,2997,2511,0,0,0,1.0,1,1.0,1,1.0,1,0.1600205110020513,55
4143,2,5510,2997,2513,0,0,0,1.0,1,1.0,1,1.0,1,0.1346194404495955,53
4144,0,5510,2997,2513,0,0,0,1.0,1,1.0,1,1.0,1,0.15418421963663445,52
4145,2,5512,2997,2515,0,0,0,1.0,1,1.0,1,1.0,1,0.1344463217072255,51
4146,4,5516,3000,2516,0,0,0,1.0,1,1.0,1,1.0,1,0.15077546080274146,51
4147,2,5518,3001,2517,0,0,0,1.0,1,1.0,1,1.0,1,0.14800147544206502,50
4148,1,5519,3002,2517,0,0,0,1.0,1,1.0,1,1.0,1,0.1754288959761611,52
4149,0,5519,3002,2517,0,0,0,1.0,1,1.0,1,1.0,1,0.15542069688766727,53
4150,2,5521,3004,2517,0,0,0,1.0,1,1.0,1,1.0,1,0.17516333444976306,53
4151,1,5522,3005,2517,0,0,0,1.0,1,1.0,1,1.0,1,0.18184240588865502,53
4152,1,5523,3006,2517,0,0,0,1.0,1,1.0,1,1.0,1,0.16983842159484902,54
4153,2,5525,3008,2517,0,0,0,1.0,1,1.0,1,1.0,1,0.1962609789233358,51
4154,2,5527,3008,2519,0,0,0,1.0,1,1.0,1,1.0,1,0.1468817101556902,51
4155,2,5529,3010,2519,0,0,0,1.0,1,1.0,1,1.0,1,0.1706649649425517,51
4156,7,5536,3014,2522,0,0,0,1.0,1,1.0,1,1.0,1,0.18677463887733536,52
4157,1,5537,3014,2523,0,0,0,1.0,1,1.0,1,1.0,1,0.16441501071373635,52
4158,1,5538,3015,2523,0,0,0,1.0,1,1.0,1,1.0,1,0.18342752237609392,52
4159,2,5540,3017,2523,0,0,0,1.0,1,1.0,1,1.0,1,0.19030131894328606,52
4160,4,5544,3021,2523,0,0,0,1.0,1,1.0,1,1.0,1,0.22794583761195505,50
4161,2,5546,3022,2524,0,0,0,1.0,1,1.0,1,1.0,1,0.24001008675546218,50
4162,1,5547,3023,2524,0,0,0,1.0,1,1.0,1,1.0,1,0.2599096003976378,51
4163,2,5549,3024,2525,0,0,0,1.0,1,1.0,1,1.0,1,0.24072321452150186,48
4164,2,5551,3026,2525,0,0,0,1.0,1,1.0,1,1.0,1,0.2586087555071758,50
4165,4,5555,3026,2529,0,0,0,1.0,1,1.0,1,1.0,1,0.2085312160540062,49
4166,2,5557,3027,2530,0,0,0,1.0,1,1.0,1,1.0,1,0.2053457486254978,50
4167,0,5557,3027,2530,0,0,0,1.0,1,1.0,1,1.0,1,0.20555844396860665,50
4168,1,5558,3027,2531,0,0,0,1.0,1,1.0,1,1.0,1,0.20338631264853366,50
4169,1,5559,3027,2532,0,0,0,1.0,1,1.0,1,1.0,1,0.19233497426826565,51
4170,0,5559,3027,2532,0,0,0,1.0,1,1.0,1,1.0,1,0.21040521139358442,50
4171,3,5562,3029,2533,0,0,0,1.0,1,1.0,1,1.0,1,0.22411449015842239,50
4172,0,5562,3029,2533,0,0,0,1.0,1,1.0,1,1.0,1,0.23851278489128847,49
4173,4,5566,3029,2537,0,0,0,1.0,1,1.0,1,1.0,1,0.20012846413397925,48
4174,2,5568,3030,2538,0,0,0,1.0,1,1.0,1,1.0,1,0.20700499877379003,48
4175,2,5570,3030,2540,0,0,0,1.0,1,1.0,1,1.0,1,0.18066122500743764,48
4176,1,5571,3030,2541,0,0,0,1.0,1,1.0,1,1.0,1,0.16973867276758758,50
4177,1,5572,3030,2542,0,0,0,1.0,1,1.0,1,1.0,1,0.16082606237259195,52
4178,2,5574,3031,2543,0,0,0,1.0,1,1.0,1,1.0,1,0.14518465101889866,53
4179,1,5575,3031,2544,0,0,0,1.0,1,1.0,1,1.0,1,0.1326045610536509,54
4180,0,5575,3031,2544,0,0,0,1.0,1,1.0,1,1.0,1,0.1341515141023215,55
4181,2,5577,3031,2546,0,0,0,1.0,1,1.0,1,1.0,1,0.09725042122555465,56
4182,0,5577,3031,2546,0,0,0,1.0,1,1.0,1,1.0,1,0.09725042122555465,56
4183,3,5580,3032,2548,0,0,0,1.0,1,1.0,1,1.0,1,0.08387920636119513,57
4184,1,5581,3032,2549,0,0,0,1.0,1,1.0,1,1.0,1,0.08591651901057491,57
4185,0,5581,3032,2549,0,0,0,1.0,1,1.0,1,1.0,1,0.08630630557966294,54
4186,2,5583,3033,2550,0,0,0,1.0,1,1.0,1,1.0,1,0.10430557730029526,55
4187,0,5583,3033,2550,0,0,0,1.0,1,1.0,1,1.0,1,0.10853085236673651,53
4188,1,5584,3033,2551,0,0,0,1.0,1,1.0,1,1.0,1,0.09027496752172366,53
4189,1,5585,3033,2552,0,0,0,1.0,1,1.0,1,1.0,1,0.05790339622667133,53
4190,3,5588,3036,2552,0,0,0,1.0,1,1.0,1,1.0,1,0.0887767735063511,53
4191,1,5589,3037,2552,0,0,0,1.0,1,1.0,1,1.0,1,0.09717677872961711,51
4192,4,5593,3040,2553,0,0,0,1.0,1,1.0,1,1.0,1,0.09427411488285697,51
4193,2,5595,3042,2553,0,0,0,1.0,1,1.0,1,1.0,1,0.09494643330750284,50
4194,1,5596,3043,2553,0,0,0,1.0,1,1.0,1,1.0,1,0.10770378187989824,50
4195,2,5598,3044,2554,0,0,0,1.0,1,1.0,1,1.0,1,0.11323609484234855,50
4196,2,5600,3046,2554,0,0,0,1.0,1,1.0,1,1.0,1,0.11261416649449738,51
4197,3,5603,3047,2556,0,0,0,1.0,1,1.0,1,1.0,1,0.11149452431929481,50
4198,1,5604,3048,2556,0,0,0,1.0,1,1.0,1,1.0,1,0.13109128053804683,48
4199,1,5605,3048,2557,0,0,0,1.0,1,1.0,1,1.0,1,0.16210108124896427,48
4200,0,5605,3048,2557,0,0,0,1.0,1,1.0,1,1.0,1,0.17430867485726367,48
4201,2,5607,3049,2558,0,0,0,1.0,1,1.0,1,1.0,1,0.20371048859304297,47
4202,0,5607,3049,2558,0,0,0,1.0,1,1.0,1,1.0,1,0.20371048859304297,47
4203,0,5607,3049,2558,0,0,0,1.0,1,1.0,1,1.0,1,0.20371048859304297,47
4204,2,5609,3051,2558,0,0,0,1.0,1,1.0,1,1.0,1,0.24656271495644788,48
4205,1,5610,3051,2559,0,0,0,1.0,1,1.0,1,1.0,1,0.21253627322236948,49
4206,2,5612,3052,2560,0,0,0,1.0,1,1.0,1,1.0,1,0.23617987601850374,49
4207,0,5612,3052,2560,0,0,0,1.0,1,1.0,1,1.0,1,0.22547098350774045,48
4208,3,5615,3054,2561,0,0,0,1.0,1,1.0,1,1.0,1,0.20426683287114536,49
4209,3,5618,3056,2562,0,0,0,1.0,1,1.0,1,1.0,1,0.21274597542664536,51
4210,2,5620,3057,2563,0,0,0,1.0,1,1.0,1,1.0,1,0.22913864086587082,52
4211,2,5622,3058,2564,0,0,0,1.0,1,1.0,1,1.0,1,0.22407536683514834,53
4212,1,5623,3058,2565,0,0,0,1.0,1,1.0,1,1.0,1,0.18690819771645956,53
4213,0,5623,3058,2565,0,0,0,1.0,1,1.0,1,1.0,1,0.18775938996708752,54
4214,1,5624,3059,2565,0,0,0,1.0,1,1.0,1,1.0,1,0.19489159103685005,54
4215,0,5624,3059,2565,0,0,0,1.0,1,1.0,1,1.0,1,0.19489159103685005,54
4216,1,5625,3059,2566,0,0,0,1.0,1,1.0,1,1.0,1,0.19100220177079358,53
4217,1,5626,3060,2566,0,0,0,1.0,1,1.0,1,1.0,1,0.21657113747349752,54
4218,2,5628,3061,2567,0,0,0,1.0,1,1.0,1,1.0,1,0.23391293260184823,53
4219,1,5629,3061,2568,0,0,0,1.0,1,1.0,1,1.0,1,0.22378734574532885,53
4220,0,5629,3061,2568,0,0,0,1.0,1,1.0,1,1.0,1,0.2311327264464146,53
4221,1,5630,3062,2568,0,0,0,1.0,1,1.0,1,1.0,1,0.2513608226489784,54
4222,3,5633,3064,2569,0,0,0,1.0,1,1.0,1,1.0,1,0.27502814202983916,55
4223,1,5634,3065,2569,0,0,0,1.0,1,1.0,1,1.0,1,0.27204707019801866,56
4224,0,5634,3065,2569,0,0,0,1.0,1,1.0,1,1.0,1,0.2708073108370538,55
4225,1,5635,3065,2570,0,0,0,1.0,1,1.0,1,1.0,1,0.25925499657553785,53
4226,1,5636,3066,2570,0,0,0,1.0,1,1.0,1,1.0,1,0.2809661709374582,54
4227,0,5636,3066,2570,0,0,0,1.0,1,1.0,1,1.0,1,0.28195362622913367,52
4228,1,5637,3067,2570,0,0,0,1.0,1,1.0,1,1.0,1,0.27027861698320776,51
4229,1,5638,3068,2570,0,0,0,1.0,1,1.0,1,1.0,1,0.2831492775834385,48
4230,2,5640,3069,2571,0,0,0,1.0,1,1.0,1,1.0,1,0.2654858799657198,48
4231,1,5641,3070,2571,0,0,0,1.0,1,1.0,1,1.0,1,0.2530577276724904,48
4232,1,5642,3071,2571,0,0,0,1.0,1,1.0,1,1.0,1,0.231362280718993,48
4233,1,5643,3071,2572,0,0,0,1.0,1,1.0,1,1.0,1,0.18084365149477338,48
4234,0,5643,3071,2572,0,0,0,1.0,1,1.0,1,1.0,1,0.1739549687518739,49
4235,0,5643,3071,2572,0,0,0,1.0,1,1.0,1,1.0,1,0.1695618480972013,47
4236,1,5644,3071,2573,0,0,0,1.0,1,1.0,1,1.0,1,0.12662985687410905,47
4237,1,5645,3071,2574,0,0,0,1.0,1,1.0,1,1.0,1,0.10150718259042434,48
4238,0,5645,3071,2574,0,0,0,1.0,1,1.0,1,1.0,1,0.11711008313874376,47
4239,0,5645,3071,2574,0,0,0,1.0,1,1.0,1,1.0,1,0.1207323574089493,48
4240,1,5646,3072,2574,0,0,0,1.0,1,1.0,1,1.0,1,0.12038645637144339,47
4241,2,5648,3072,2576,0,0,0,1.0,1,1.0,1,1.0,1,0.08459433719972964,49
4242,0,5648,3072,2576,0,0,0,1.0,1,1.0,1,1.0,1,0.08299484706233072,49
4243,2,5650,3073,2577,0,0,0,1.0,1,1.0,1,1.0,1,0.056901492459090396,50
4244,1,5651,3073,2578,0,0,0,1.0,1,1.0,1,1.0,1,0.05967100704529208,51
4245,1,5652,3073,2579,0,0,0,1.0,1,1.0,1,1.0,1,0.06472135110300954,51
4246,0,5652,3073,2579,0,0,0,1.0,1,1.0,1,1.0,1,0.06472135110300954,51
4247,1,5653,3073,2580,0,0,0,1.0,1,1.0,1,1.0,1,0.04692802642387226,52
4248,0,5653,3073,2580,0,0,0,1.0,1,1.0,1,1.0,1,0.04692802642387226,52
4249,0,5653,3073,2580,0,0,0,1.0,1,1.0,1,1.0,1,0.04692802642387226,52
4250,3,5656,3076,2580,0,0,0,1.0,1,1.0,1,1.0,1,0.1077422438058248,52
4251,5,5661,3080,2581,0,0,0,1.0,1,1.0,1,1.0,1,0.09761152078865797,53
4252,5,5666,3084,2582,0,0,0,1.0,1,1.0,1,1.0,1,0.14605817597118703,53
4253,5,5671,3086,2585,0,0,0,1.0,1,1.0,1,1.0,1,0.09775276004454476,54
4254,3,5674,3088,2586,0,0,0,1.0,1,1.0,1,1.0,1,0.10537840524730409,54
4255,1,5675,3089,2586,0,0,0,1.0,1,1.0,1,1.0,1,0.1292268338195662,55
4256,2,5677,3089,2588,0,0,0,1.0,1,1.0,1,1.0,1,0.08238144415918894,57
4257,1,5678,3089,2589,0,0,0,1.0,1,1.0,1,1.0,1,0.07226136978437234,57
4258,0,5678,3089,2589,0,0,0,1.0,1,1.0,1,1.0,1,0.07997849653225451,57
4259,0,5678,3089,2589,0,0,0,1.0,1,1.0,1,1.0,1,0.07997849653225451,57
4260,2,5680,3090,2590,0,0,0,1.0,1,1.0,1,1.0,1,0.06959924731612958,58
4261,2,5682,3091,2591,0,0,0,1.0,1,1.0,1,1.0,1,0.07270484299552758,59
4262,1,5683,3091,2592,0,0,0,1.0,1,1.0,1,1.0,1,0.0557908583887115,60
4263,0,5683,3091,2592,0,0,0,1.0,1,1.0,1,1.0,1,0.052180696411590226,59
4264,0,5683,3091,2592,0,0,0,1.0,1,1.0,1,1.0,1,0.0487693248073688,58
4265,1,5684,3092,2592,0,0,0,1.0,1,1.0,1,1.0,1,0.04055828933995865,58
4266,1,5685,3093,2592,0,0,0,1.0,1,1.0,1,1.0,1,0.040165213764511015,58
4267,0,5685,3093,2592,0,0,0,1.0,1,1.0,1,1.0,1,0.049156773242707015,55
4268,0,5685,3093,2592,0,0,0,1.0,1,1.0,1,1.0,1,0.049156773242707015,55
4269,3,5688,3095,2593,0,0,0,1.0,1,1.0,1,1.0,1,0.06730883333233109,50
4270,0,5688,3095,2593,0,0,0,1.0,1,1.0,1,1.0,1,0.08401531963699571,47
4271,2,5690,3097,2593,0,0,0,1.0,1,1.0,1,1.0,1,0.12672818560325724,47
4272,0,5690,3097,2593,0,0,0,1.0,1,1.0,1,1.0,1,0.11555637513387143,46
4273,6,5696,3099,2597,0,0,0,1.0,1,1.0,1,1.0,1,0.10144846917571278,47
4274,2,5698,3101,2597,0,0,0,1.0,1,1.0,1,1.0,1,0.07948265457036748,45
4275,4,5702,3105,2597,0,0,0,1.0,1,1.0,1,1.0,1,0.1408192824981951,44
4276,4,5706,3108,2598,0,0,0,1.0,1,1.0,1,1.0,1,0.1826982216602311,43
4277,9,5715,3111,2604,0,0,0,1.0,1,1.0,1,1.0,1,0.1031663260061073,42
4278,2,5717,3112,2605,0,0,0,1.0,1,1.0,1,1.0,1,0.10317770480956538,43
4279,4,5721,3114,2607,0,0,0,1.0,1,1.0,1,1.0,1,0.17040224149664568,42
4280,6,5727,3116,2611,0,0,0,1.0,1,1.0,1,1.0,1,0.14614715397301675,44
4281,3,5730,3117,2613,0,0,0,1.0,1,1.0,1,1.0,1,0.09985858415176276,44
4282,1,5731,3117,2614,0,0,0,1.0,1,1.0,1,1.0,1,0.07895554691542223,44
4283,0,5731,3117,2614,0,0,0,1.0,1,1.0,1,1.0,1,0.05507874766953377,45
4284,0,5731,3117,2614,0,0,0,1.0,1,1.0,1,1.0,1,0.05507874766953377,45
4285,0,5731,3117,2614,0,0,0,1.0,1,1.0,1,1.0,1,0.05195971704083546,47
4286,3,5734,3120,2614,0,0,0,1.0,1,1.0,1,1.0,1,0.07589610838516334,47
4287,2,5736,3121,2615,0,0,0,1.0,1,1.0,1,1.0,1,0.034796147718152745,49
4288,0,5736,3121,2615,0,0,0,1.0,1,1.0,1,1.0,1,0.034796147718152745,49
4289,1,5737,3122,2615,0,0,0,1.0,1,1.0,1,1.0,1,0.03252776438122808,50
4290,2,5739,3124,2615,0,0,0,1.0,1,1.0,1,1.0,1,0.03865948787753619,51
4291,1,5740,3125,2615,0,0,0,1.0,1,1.0,1,1.0,1,0.02312735795398586,50
4292,2,5742,3127,2615,0,0,0,1.0,1,1.0,1,1.0,1,0.05917163881709292,51
4293,0,5742,3127,2615,0,0,0,1.0,1,1.0,1,1.0,1,0.030850169912131076,51
4294,0,5742,3127,2615,0,0,0,1.0,1,1.0,1,1.0,1,0.033902979778775585,50
4295,0,5742,3127,2615,0,0,0,1.0,1,1.0,1,1.0,1,0.011354046458806595,50
4296,0,5742,3127,2615,0,0,0,1.0,1,1.0,1,1.0,1,0.02929056732238798,49
4297,0,5742,3127,2615,0,0,0,1.0,1,1.0,1,1.0,1,0.0494056920883203,49
4298,0,5742,3127,2615,0,0,0,1.0,1,1.0,1,1.0,1,0.0494056920883203,49
4299,1,5743,3127,2616,0,0,0,1.0,1,1.0,1,1.0,1,0.0382560439878392,48
4300,1,5744,3128,2616,0,0,0,1.0,1,1.0,1,1.0,1,0.014099334984553237,49
4301,2,5746,3130,2616,0,0,0,1.0,1,1.0,1,1.0,1,0.05345567242125561,50
4302,0,5746,3130,2616,0,0,0,1.0,1,1.0,1,1.0,1,0.05623146390088595,51
4303,1,5747,3131,2616,0,0,0,1.0,1,1.0,1,1.0,1,0.09812007083971384,51
4304,0,5747,3131,2616,0,0,0,1.0,1,1.0,1,1.0,1,0.11154021647313951,51
4305,7,5754,3136,2618,0,0,0,1.0,1,1.0,1,1.0,1,0.1018575314824623,49
4306,2,5756,3137,2619,0,0,0,1.0,1,1.0,1,1.0,1,0.08200997479705573,49
4307,5,5761,3141,2620,0,0,0,1.0,1,1.0,1,1.0,1,0.08221956412802274,46
4308,1,5762,3142,2620,0,0,0,1.0,1,1.0,1,1.0,1,0.1169254896612874,44
4309,6,5768,3145,2623,0,0,0,1.0,1,1.0,1,1.0,1,0.06631221270787656,44
4310,0,5768,3145,2623,0,0,0,1.0,1,1.0,1,1.0,1,0.09871648826701332,42
4311,3,5771,3147,2624,0,0,0,1.0,1,1.0,1,1.0,1,0.09101753223677848,42
4312,1,5772,3148,2624,0,0,0,1.0,1,1.0,1,1.0,1,0.1012925475290794,40
4313,1,5773,3149,2624,0,0,0,1.0,1,1.0,1,1.0,1,0.08817336672768333,40
4314,2,5775,3151,2624,0,0,0,1.0,1,1.0,1,1.0,1,0.08608076470423034,36
4315,1,5776,3152,2624,0,0,0,1.0,1,1.0,1,1.0,1,0.06671784586124666,37
4316,2,5778,3154,2624,0,0,0,1.0,1,1.0,1,1.0,1,0.06103541212240273,37
4317,0,5778,3154,2624,0,0,0,1.0,1,1.0,1,1.0,1,0.06893967433504315,36
4318,1,5779,3155,2624,0,0,0,1.0,1,1.0,1,1.0,1,0.08327747633512055,34
4319,1,5780,3156,2624,0,0,0,1.0,1,1.0,1,1.0,1,0.09040960513023354,34
4320,0,5780,3156,2624,0,0,0,1.0,1,1.0,1,1.0,1,0.09040960513023354,34
4321,2,5782,3157,2625,0,0,0,1.0,1,1.0,1,1.0,1,0.11849208653214328,35
4322,0,5782,3157,2625,0,0,0,1.0,1,1.0,1,1.0,1,0.11849208653214328,35
4323,1,5783,3158,2625,0,0,0,1.0,1,1.0,1,1.0,1,0.17557358285341765,35
4324,0,5783,3158,2625,0,0,0,1.0,1,1.0,1,1.0,1,0.20186017831578373,34
4325,4,5787,3160,2627,0,0,0,1.0,1,1.0,1,1.0,1,0.16079707050249706,34
4326,1,5788,3160,2628,0,0,0,1.0,1,1.0,1,1.0,1,0.16146038790637043,36
4327,0,5788,3160,2628,0,0,0,1.0,1,1.0,1,1.0,1,0.1790839830987288,35
4328,1,5789,3161,2628,0,0,0,1.0,1,1.0,1,1.0,1,0.1668919659580355,35
4329,3,5792,3162,2630,0,0,0,1.0,1,1.0,1,1.0,1,0.09780655721832468,38
4330,2,5794,3164,2630,0,0,0,1.0,1,1.0,1,1.0,1,0.13268572989867533,38
4331,0,5794,3164,2630,0,0,0,1.0,1,1.0,1,1.0,1,0.12439941223926865,39
4332,1,5795,3164,2631,0,0,0,1.0,1,1.0,1,1.0,1,0.15469041614377213,40
4333,0,5795,3164,2631,0,0,0,1.0,1,1.0,1,1.0,1,0.13575727490166428,41
4334,2,5797,3164,2633,0,0,0,1.0,1,1.0,1,1.0,1,0.09492500218780348,41
4335,2,5799,3166,2633,0,0,0,1.0,1,1.0,1,1.0,1,0.07252058476956871,42
4336,1,5800,3166,2634,0,0,0,1.0,1,1.0,1,1.0,1,0.06674437069225142,43
4337,0,5800,3166,2634,0,0,0,1.0,1,1.0,1,1.0,1,0.06166347359095267,44
4338,0,5800,3166,2634,0,0,0,1.0,1,1.0,1,1.0,1,0.06166347359095267,44
4339,1,5801,3166,2635,0,0,0,1.0,1,1.0,1,1.0,1,0.051486988920959154,46
4340,2,5803,3167,2636,0,0,0,1.0,1,1.0,1,1.0,1,0.037703074489383155,47
4341,2,5805,3169,2636,0,0,0,1.0,1,1.0,1,1.0,1,0.05432771851769371,47
4342,0,5805,3169,2636,0,0,0,1.0,1,1.0,1,1.0,1,0.05432771851769371,47
4343,1,5806,3170,2636,0,0,0,1.0,1,1.0,1,1.0,1,0.053511302744637404,42
4344,2,5808,3172,2636,0,0,0,1.0,1,1.0,1,1.0,1,0.07273084697820145,42
4345,0,5808,3172,2636,0,0,0,1.0,1,1.0,1,1.0,1,0.09275469874732127,39
4346,1,5809,3173,2636,0,0,0,1.0,1,1.0,1,1.0,1,0.06675611965450369,37
4347,1,5810,3174,2636,0,0,0,1.0,1,1.0,1,1.0,1,0.12614371089897938,37
4348,3,5813,3176,2637,0,0,0,1.0,1,1.0,1,1.0,1,0.20224602537299016,38
4349,1,5814,3176,2638,0,0,0,1.0,1,1.0,1,1.0,1,0.18529140358754212,36
4350,2,5816,3178,2638,0,0,0,1.0,1,1.0,1,1.0,1,0.24615753402078763,37
4351,0,5816,3178,2638,0,0,0,1.0,1,1.0,1,1.0,1,0.22290711507444444,35
4352,0,5816,3178,2638,0,0,0,1.0,1,1.0,1,1.0,1,0.2511231880555137,34
4353,4,5820,3178,2642,0,0,0,1.0,1,1.0,1,1.0,1,0.1502707049722055,34
4354,0,5820,3178,2642,0,0,0,1.0,1,1.0,1,1.0,1,0.14484396875554453,32
4355,1,5821,3179,2642,0,0,0,1.0,1,1.0,1,1.0,1,0.16414622531318313,32
4356,3,5824,3181,2643,0,0,0,1.0,1,1.0,1,1.0,1,0.13786993556352806,34
4357,2,5826,3181,2645,0,0,0,1.0,1,1.0,1,1.0,1,0.06887148794866524,35
4358,2,5828,3183,2645,0,0,0,1.0,1,1.0,1,1.0,1,0.08503695496197779,35
4359,2,5830,3184,2646,0,0,0,1.0,1,1.0,1,1.0,1,0.12212493035801107,37
4360,1,5831,3184,2647,0,0,0,1.0,1,1.0,1,1.0,1,0.12630942384222596,38
4361,0,5831,3184,2647,0,0,0,1.0,1,1.0,1,1.0,1,0.09729894753445678,39
4362,2,5833,3186,2647,0,0,0,1.0,1,1.0,1,1.0,1,0.1177247432235088,38
4363,2,5835,3187,2648,0,0,0,1.0,1,1.0,1,1.0,1,0.08162144224310383,38
4364,2,5837,3188,2649,0,0,0,1.0,1,1.0,1,1.0,1,0.023692079242935166,39
4365,0,5837,3188,2649,0,0,0,1.0,1,1.0,1,1.0,1,0.023692079242935166,39
4366,1,5838,3189,2649,0,0,0,1.0,1,1.0,1,1.0,1,0.020433334591876847,39
4367,1,5839,3190,2649,0,0,0,1.0,1,1.0,1,1.0,1,0.02302900075956313,41
4368,1,5840,3191,2649,0,0,0,1.0,1,1.0,1,1.0,1,0.06833436734144963,41
4369,0,5840,3191,2649,0,0,0,1.0,1,1.0,1,1.0,1,0.055235331360419145,42
4370,0,5840,3191,2649,0,0,0,1.0,1,1.0,1,1.0,1,0.055235331360419145,42
4371,0,5840,3191,2649,0,0,0,1.0,1,1.0,1,1.0,1,0.04795240634234964,43
4372,0,5840,3191,2649,0,0,0,1.0,1,1.0,1,1.0,1,0.04795240634234964,43
4373,0,5840,3191,2649,0,0,0,1.0,1,1.0,1,1.0,1,0.04795240634234964,43
4374,0,5840,3191,2649,0,0,0,1.0,1,1.0,1,1.0,1,0.047082911036258786,44
4375,4,5844,3194,2650,0,0,0,1.0,1,1.0,1,1.0,1,0.14804086290593754,45
4376,1,5845,3194,2651,0,0,0,1.0,1,1.0,1,1.0,1,0.13740075134241003,46
4377,6,5851,3199,2652,0,0,0,1.0,1,1.0,1,1.0,1,0.1866718205533252,47
4378,2,5853,3199,2654,0,0,0,1.0,1,1.0,1,1.0,1,0.14598931414422633,49
4379,3,5856,3202,2654,0,0,0,1.0,1,1.0,1,1.0,1,0.14746374149372832,51
4380,0,5856,3202,2654,0,0,0,1.0,1,1.0,1,1.0,1,0.1358191380398462,50
4381,3,5859,3203,2656,0,0,0,1.0,1,1.0,1,1.0,1,0.12492073455941932,49
4382,3,5862,3206,2656,0,0,0,1.0,1,1.0,1,1.0,1,0.17580304361555707,47
4383,1,5863,3206,2657,0,0,0,1.0,1,1.0,1,1.0,1,0.16911463522554396,47
4384,0,5863,3206,2657,0,0,0,1.0,1,1.0,1,1.0,1,0.20102299934020046,44
4385,2,5865,3206,2659,0,0,0,1.0,1,1.0,1,1.0,1,0.17360455368424063,42
4386,1,5866,3206,2660,0,0,0,1.0,1,1.0,1,1.0,1,0.21568957857050172,41
4387,3,5869,3209,2660,0,0,0,1.0,1,1.0,1,1.0,1,0.20263799060196527,39
4388,0,5869,3209,2660,0,0,0,1.0,1,1.0,1,1.0,1,0.20263799060196527,39
4389,5,5874,3211,2663,0,0,0,1.0,1,1.0,1,1.0,1,0.12767342584238567,38
4390,0,5874,3211,2663,0,0,0,1.0,1,1.0,1,1.0,1,0.1056078584471431,38
4391,0,5874,3211,2663,0,0,0,1.0,1,1.0,1,1.0,1,0.09944884401483033,39
4392,0,5874,3211,2663,0,0,0,1.0,1,1.0,1,1.0,1,0.09944884401483033,39
4393,3,5877,3212,2665,0,0,0,1.0,1,1.0,1,1.0,1,0.10077674477410788,40
4394,0,5877,3212,2665,0,0,0,1.0,1,1.0,1,1.0,1,0.08660425239765714,39
4395,0,5877,3212,2665,0,0,0,1.0,1,1.0,1,1.0,1,0.08660425239765714,39
4396,1,5878,3213,2665,0,0,0,1.0,1,1.0,1,1.0,1,0.08402400143814441,39
4397,1,5879,3213,2666,0,0,0,1.0,1,1.0,1,1.0,1,0.0823790219576931,38
4398,1,5880,3213,2667,0,0,0,1.0,1,1.0,1,1.0,1,0.05698749387334445,39
4399,0,5880,3213,2667,0,0,0,1.0,1,1.0,1,1.0,1,0.06879464304913965,42
4400,0,5880,3213,2667,0,0,0,1.0,1,1.0,1,1.0,1,0.062238930406112794,43
4401,0,5880,3213,2667,0,0,0,1.0,1,1.0,1,1.0,1,0.0492919581675546,44
4402,0,5880,3213,2667,0,0,0,1.0,1,1.0,1,1.0,1,0.0492919581675546,44
4403,0,5880,3213,2667,0,0,0,1.0,1,1.0,1,1.0,1,0.0369207601976369,45
4404,0,5880,3213,2667,0,0,0,1.0,1,1.0,1,1.0,1,0.0369207601976369,45
4405,0,5880,3213,2667,0,0,0,1.0,1,1.0,1,1.0,1,0.036952197962498254,46
4406,1,5881,3214,2667,0,0,0,1.0,1,1.0,1,1.0,1,0.07424061830824355,46
4407,0,5881,3214,2667,0,0,0,1.0,1,1.0,1,1.0,1,0.07424061830824355,46
4408,0,5881,3214,2667,0,0,0,1.0,1,1.0,1,1.0,1,0.0681806003521674,47
4409,1,5882,3215,2667,0,0,0,1.0,1,1.0,1,1.0,1,0.10635727359030712,48
4410,1,5883,3215,2668,0,0,0,1.0,1,1.0,1,1.0,1,0.09011719934775034,48
4411,0,5883,3215,2668,0,0,0,1.0,1,1.0,1,1.0,1,0.07750549392674838,50
4412,2,5885,3216,2669,0,0,0,1.0,1,1.0,1,1.0,1,0.09095441664007231,50
4413,1,5886,3216,2670,0,0,0,1.0,1,1.0,1,1.0,1,0.08939899677289515,50
4414,0,5886,3216,2670,0,0,0,1.0,1,1.0,1,1.0,1,0.08230483292460329,51
4415,1,5887,3217,2670,0,0,0,1.0,1,1.0,1,1.0,1,0.07186961716659393,51
4416,2,5889,3218,2671,0,0,0,1.0,1,1.0,1,1.0,1,0.09015808059867111,51
4417,2,5891,3220,2671,0,0,0,1.0,1,1.0,1,1.0,1,0.09677129837645934,51
4418,1,5892,3220,2672,0,0,0,1.0,1,1.0,1,1.0,1,0.06068157237685453,51
4419,0,5892,3220,2672,0,0,0,1.0,1,1.0,1,1.0,1,0.05118581481043419,50
4420,0,5892,3220,2672,0,0,0,1.0,1,1.0,1,1.0,1,0.06294822106270154,50
4421,1,5893,3220,2673,0,0,0,1.0,1,1.0,1,1.0,1,0.04967440786801653,52
4422,0,5893,3220,2673,0,0,0,1.0,1,1.0,1,1.0,1,0.05131721231819974,51
4423,0,5893,3220,2673,0,0,0,1.0,1,1.0,1,1.0,1,0.05131721231819974,51
4424,0,5893,3220,2673,0,0,0,1.0,1,1.0,1,1.0,1,0.03730896256363009,53
4425,0,5893,3220,2673,0,0,0,1.0,1,1.0,1,1.0,1,0.036392639523790814,54
4426,1,5894,3221,2673,0,0,0,1.0,1,1.0,1,1.0,1,0.026634947606647405,55
4427,0,5894,3221,2673,0,0,0,1.0,1,1.0,1,1.0,1,0.026634947606647405,55
4428,1,5895,3222,2673,0,0,0,1.0,1,1.0,1,1.0,1,0.02527242291803239,55
4429,0,5895,3222,2673,0,0,0,1.0,1,1.0,1,1.0,1,0.015976606146655036,56
4430,2,5897,3224,2673,0,0,0,1.0,1,1.0,1,1.0,1,0.07342486171816552,55
4431,0,5897,3224,2673,0,0,0,1.0,1,1.0,1,1.0,1,0.06621098040780744,56
4432,1,5898,3225,2673,0,0,0,1.0,1,1.0,1,1.0,1,0.09600082797950903,56
4433,1,5899,3225,2674,0,0,0,1.0,1,1.0,1,1.0,1,0.08900696786878018,57
4434,2,5901,3226,2675,0,0,0,1.0,1,1.0,1,1.0,1,0.06146464727229088,56
4435,3,5904,3228,2676,0,0,0,1.0,1,1.0,1,1.0,1,0.05450049960182659,56
4436,3,5907,3230,2677,0,0,0,1.0,1,1.0,1,1.0,1,0.07507060176307827,55
4437,3,5910,3231,2679,0,0,0,1.0,1,1.0,1,1.0,1,0.0770229559843469,54
4438,1,5911,3232,2679,0,0,0,1.0,1,1.0,1,1.0,1,0.07591762031509444,54
4439,4,5915,3235,2680,0,0,0,1.0,1,1.0,1,1.0,1,0.11385496722045617,55
4440,1,5916,3235,2681,0,0,0,1.0,1,1.0,1,1.0,1,0.10316216047985104,55
4441,3,5919,3238,2681,0,0,0,1.0,1,1.0,1,1.0,1,0.09473382470935844,59
4442,1,5920,3239,2681,0,0,0,1.0,1,1.0,1,1.0,1,0.08102332031026505,61
4443,2,5922,3241,2681,0,0,0,1.0,1,1.0,1,1.0,1,0.07745010781363816,60
4444,0,5922,3241,2681,0,0,0,1.0,1,1.0,1,1.0,1,0.08940564082656122,61
4445,1,5923,3241,2682,0,0,0,1.0,1,1.0,1,1.0,1,0.08288536147647796,61
4446,2,5925,3242,2683,0,0,0,1.0,1,1.0,1,1.0,1,0.07539884457209815,62
4447,0,5925,3242,2683,0,0,0,1.0,1,1.0,1,1.0,1,0.07147071547166248,63
4448,0,5925,3242,2683,0,0,0,1.0,1,1.0,1,1.0,1,0.07147071547166248,63
4449,0,5925,3242,2683,0,0,0,1.0,1,1.0,1,1.0,1,0.07147071547166248,63
4450,0,5925,3242,2683,0,0,0,1.0,1,1.0,1,1.0,1,0.08194948729385375,62
4451,0,5925,3242,2683,0,0,0,1.0,1,1.0,1,1.0,1,0.07052360211098622,63
4452,0,5925,3242,2683,0,0,0,1.0,1,1.0,1,1.0,1,0.07901537536021978,64
4453,1,5926,3242,2684,0,0,0,1.0,1,1.0,1,1.0,1,0.06569809561934814,65
4454,1,5927,3243,2684,0,0,0,1.0,1,1.0,1,1.0,1,0.05451414692126383,66
4455,2,5929,3244,2685,0,0,0,1.0,1,1.0,1,1.0,1,0.07188773739303249,67
4456,2,5931,3245,2686,0,0,0,1.0,1,1.0,1,1.0,1,0.09306508490731683,67
4457,3,5934,3247,2687,0,0,0,1.0,1,1.0,1,1.0,1,0.07484505023483512,65
4458,0,5934,3247,2687,0,0,0,1.0,1,1.0,1,1.0,1,0.06971381555921559,65
4459,3,5937,3250,2687,0,0,0,1.0,1,1.0,1,1.0,1,0.09994305400298013,64
4460,0,5937,3250,2687,0,0,0,1.0,1,1.0,1,1.0,1,0.09693890669302258,63
4461,4,5941,3252,2689,0,0,0,1.0,1,1.0,1,1.0,1,0.12026258560970124,62
4462,3,5944,3254,2690,0,0,0,1.0,1,1.0,1,1.0,1,0.12848995034436853,61
4463,3,5947,3256,2691,0,0,0,1.0,1,1.0,1,1.0,1,0.16939327027022763,61
4464,0,5947,3256,2691,0,0,0,1.0,1,1.0,1,1.0,1,0.17503031287673057,58
4465,4,5951,3257,2694,0,0,0,1.0,1,1.0,1,1.0,1,0.1599879759934491,57
4466,4,5955,3258,2697,0,0,0,1.0,1,1.0,1,1.0,1,0.18067844763801427,54
4467,1,5956,3258,2698,0,0,0,1.0,1,1.0,1,1.0,1,0.14067935214948923,52
4468,1,5957,3259,2698,0,0,0,1.0,1,1.0,1,1.0,1,0.14834250231297175,52
4469,4,5961,3260,2701,0,0,0,1.0,1,1.0,1,1.0,1,0.11026508557697803,51
4470,0,5961,3260,2701,0,0,0,1.0,1,1.0,1,1.0,1,0.1112222870754807,51
4471,1,5962,3261,2701,0,0,0,1.0,1,1.0,1,1.0,1,0.13191944720253773,50
4472,0,5962,3261,2701,0,0,0,1.0,1,1.0,1,1.0,1,0.14763714818873755,48
4473,2,5964,3261,2703,0,0,0,1.0,1,1.0,1,1.0,1,0.10604882181760955,47
4474,1,5965,3262,2703,0,0,0,1.0,1,1.0,1,1.0,1,0.11656154216489613,49
4475,1,5966,3262,2704,0,0,0,1.0,1,1.0,1,1.0,1,0.14073449504861776,47
4476,0,5966,3262,2704,0,0,0,1.0,1,1.0,1,1.0,1,0.12270444657948128,49
4477,5,5971,3263,2708,0,0,0,1.0,1,1.0,1,1.0,1,0.12131291781652381,48
4478,0,5971,3263,2708,0,0,0,1.0,1,1.0,1,1.0,1,0.12131291781652381,48
4479,1,5972,3264,2708,0,0,0,1.0,1,1.0,1,1.0,1,0.15156950682302878,48
4480,0,5972,3264,2708,0,0,0,1.0,1,1.0,1,1.0,1,0.15308022862731685,49
4481,3,5975,3264,2711,0,0,0,1.0,1,1.0,1,1.0,1,0.1663458794892212,49
4482,0,5975,3264,2711,0,0,0,1.0,1,1.0,1,1.0,1,0.1663458794892212,49
4483,1,5976,3264,2712,0,0,0,1.0,1,1.0,1,1.0,1,0.1302866541919134,50
4484,2,5978,3266,2712,0,0,0,1.0,1,1.0,1,1.0,1,0.12781120177479835,52
4485,2,5980,3266,2714,0,0,0,1.0,1,1.0,1,1.0,1,0.10677407652870752,53
4486,5,5985,3269,2716,0,0,0,1.0,1,1.0,1,1.0,1,0.08107221885736687,55
4487,2,5987,3271,2716,0,0,0,1.0,1,1.0,1,1.0,1,0.09453486738098689,55
4488,2,5989,3272,2717,0,0,0,1.0,1,1.0,1,1.0,1,0.12454462499185018,54
4489,2,5991,3272,2719,0,0,0,1.0,1,1.0,1,1.0,1,0.11457161860947378,53
4490,0,5991,3272,2719,0,0,0,1.0,1,1.0,1,1.0,1,0.11457161860947378,53
4491,0,5991,3272,2719,0,0,0,1.0,1,1.0,1,1.0,1,0.1302046064947382,52
4492,2,5993,3272,2721,0,0,0,1.0,1,1.0,1,1.0,1,0.1049487756892802,52
4493,1,5994,3273,2721,0,0,0,1.0,1,1.0,1,1.0,1,0.11968273204512858,52
4494,1,5995,3273,2722,0,0,0,1.0,1,1.0,1,1.0,1,0.12279980000439834,53
4495,3,5998,3276,2722,0,0,0,1.0,1,1.0,1,1.0,1,0.14875081771312998,50
4496,1,5999,3277,2722,0,0,0,1.0,1,1.0,1,1.0,1,0.15041474307573993,51
4497,3,6002,3279,2723,0,0,0,1.0,1,1.0,1,1.0,1,0.12786932672462523,50
4498,0,6002,3279,2723,0,0,0,1.0,1,1.0,1,1.0,1,0.11760511489481085,49
4499,1,6003,3280,2723,0,0,0,1.0,1,1.0,1,1.0,1,0.12825994066108068,48
4500,2,6005,3282,2723,0,0,0,1.0,1,1.0,1,1.0,1,0.10590358592524471,48
4501,1,6006,3283,2723,0,0,0,1.0,1,1.0,1,1.0,1,0.09882873920767521,48
4502,2,6008,3285,2723,0,0,0,1.0,1,1.0,1,1.0,1,0.14978308185831496,49
4503,3,6011,3287,2724,0,0,0,1.0,1,1.0,1,1.0,1,0.19118411024608678,49
4504,1,6012,3287,2725,0,0,0,1.0,1,1.0,1,1.0,1,0.17306499177068568,45
4505,2,6014,3287,2727,0,0,0,1.0,1,1.0,1,1.0,1,0.14247617722202913,46
4506,3,6017,3289,2728,0,0,0,1.0,1,1.0,1,1.0,1,0.17561255884926724,45
4507,1,6018,3289,2729,0,0,0,1.0,1,1.0,1,1.0,1,0.18001177133721813,45
4508,1,6019,3290,2729,0,0,0,1.0,1,1.0,1,1.0,1,0.18233082776967313,43
4509,4,6023,3290,2733,0,0,0,1.0,1,1.0,1,1.0,1,0.12022761778450695,41
4510,1,6024,3291,2733,0,0,0,1.0,1,1.0,1,1.0,1,0.13676804172114806,42
4511,2,6026,3292,2734,0,0,0,1.0,1,1.0,1,1.0,1,0.1543206381767684,41
4512,0,6026,3292,2734,0,0,0,1.0,1,1.0,1,1.0,1,0.1543206381767684,41
4513,2,6028,3292,2736,0,0,0,1.0,1,1.0,1,1.0,1,0.11989378391734655,41
4514,3,6031,3294,2737,0,0,0,1.0,1,1.0,1,1.0,1,0.07868184865537291,42
4515,1,6032,3294,2738,0,0,0,1.0,1,1.0,1,1.0,1,0.09566272100208212,41
4516,2,6034,3295,2739,0,0,0,1.0,1,1.0,1,1.0,1,0.11492403695357119,42
4517,0,6034,3295,2739,0,0,0,1.0,1,1.0,1,1.0,1,0.11767768049392129,43
4518,0,6034,3295,2739,0,0,0,1.0,1,1.0,1,1.0,1,0.14072885175717917,42
4519,1,6035,3296,2739,0,0,0,1.0,1,1.0,1,1.0,1,0.18608227394500435,42
4520,1,6036,3296,2740,0,0,0,1.0,1,1.0,1,1.0,1,0.21086314354674351,42
4521,3,6039,3296,2743,0,0,0,1.0,1,1.0,1,1.0,1,0.17967303026683912,42
4522,1,6040,3297,2743,0,0,0,1.0,1,1.0,1,1.0,1,0.16497447816314395,42
4523,0,6040,3297,2743,0,0,0,1.0,1,1.0,1,1.0,1,0.16497447816314395,42
4524,2,6042,3299,2743,0,0,0,1.0,1,1.0,1,1.0,1,0.15812092331982533,43
4525,4,6046,3301,2745,0,0,0,1.0,1,1.0,1,1.0,1,0.10006551809554765,46
4526,4,6050,3304,2746,0,0,0,1.0,1,1.0,1,1.0,1,0.065985513515134,46
4527,1,6051,3305,2746,0,0,0,1.0,1,1.0,1,1.0,1,0.06967706706245873,47
4528,1,6052,3305,2747,0,0,0,1.0,1,1.0,1,1.0,1,0.04724712273128341,49
4529,1,6053,3306,2747,0,0,0,1.0,1,1.0,1,1.0,1,0.047333610885259135,50
4530,2,6055,3307,2748,0,0,0,1.0,1,1.0,1,1.0,1,0.03210135174104018,51
4531,2,6057,3309,2748,0,0,0,1.0,1,1.0,1,1.0,1,0.05784493498498702,51
4532,0,6057,3309,2748,0,0,0,1.0,1,1.0,1,1.0,1,0.05784493498498702,51
4533,3,6060,3311,2749,0,0,0,1.0,1,1.0,1,1.0,1,0.06268682053631053,50
4534,0,6060,3311,2749,0,0,0,1.0,1,1.0,1,1.0,1,0.08220135339855572,51
4535,3,6063,3313,2750,0,0,0,1.0,1,1.0,1,1.0,1,0.09590328226111686,50
4536,1,6064,3314,2750,0,0,0,1.0,1,1.0,1,1.0,1,0.09079160325937612,48
4537,2,6066,3315,2751,0,0,0,1.0,1,1.0,1,1.0,1,0.12032889316623008,49
4538,0,6066,3315,2751,0,0,0,1.0,1,1.0,1,1.0,1,0.11555430249331997,48
4539,1,6067,3315,2752,0,0,0,1.0,1,1.0,1,1.0,1,0.11865476293884944,50
4540,1,6068,3316,2752,0,0,0,1.0,1,1.0,1,1.0,1,0.09622656551111827,49
4541,1,6069,3316,2753,0,0,0,1.0,1,1.0,1,1.0,1,0.08736442174807528,49
4542,1,6070,3317,2753,0,0,0,1.0,1,1.0,1,1.0,1,0.10447798994075956,47
4543,0,6070,3317,2753,0,0,0,1.0,1,1.0,1,1.0,1,0.11580185259315366,45
4544,1,6071,3318,2753,0,0,0,1.0,1,1.0,1,1.0,1,0.13015059269790785,45
4545,1,6072,3319,2753,0,0,0,1.0,1,1.0,1,1.0,1,0.13351127769538293,43
4546,0,6072,3319,2753,0,0,0,1.0,1,1.0,1,1.0,1,0.13312359615251237,43
4547,1,6073,3320,2753,0,0,0,1.0,1,1.0,1,1.0,1,0.1441079455579124,41
4548,0,6073,3320,2753,0,0,0,1.0,1,1.0,1,1.0,1,0.1372757425505687,42
4549,3,6076,3322,2754,0,0,0,1.0,1,1.0,1,1.0,1,0.10786494493998613,41
4550,3,6079,3324,2755,0,0,0,1.0,1,1.0,1,1.0,1,0.12049768208130611,41
4551,0,6079,3324,2755,0,0,0,1.0,1,1.0,1,1.0,1,0.09874099753651636,39
4552,0,6079,3324,2755,0,0,0,1.0,1,1.0,1,1.0,1,0.1042784041777388,38
4553,0,6079,3324,2755,0,0,0,1.0,1,1.0,1,1.0,1,0.11636702436777681,39
4554,0,6079,3324,2755,0,0,0,1.0,1,1.0,1,1.0,1,0.12363328877623224,38
4555,0,6079,3324,2755,0,0,0,1.0,1,1.0,1,1.0,1,0.13184687708177104,37
4556,3,6082,3327,2755,0,0,0,1.0,1,1.0,1,1.0,1,0.1631518358939778,36
4557,2,6084,3327,2757,0,0,0,1.0,1,1.0,1,1.0,1,0.10989982076706234,38
4558,1,6085,3328,2757,0,0,0,1.0,1,1.0,1,1.0,1,0.12542289412145347,39
4559,4,6089,3330,2759,0,0,0,1.0,1,1.0,1,1.0,1,0.15542297189053578,38
4560,2,6091,3331,2760,0,0,0,1.0,1,1.0,1,1.0,1,0.18823826975371347,41
4561,0,6091,3331,2760,0,0,0,1.0,1,1.0,1,1.0,1,0.18823826975371347,41
4562,3,6094,3332,2762,0,0,0,1.0,1,1.0,1,1.0,1,0.16569943814928279,43
4563,2,6096,3332,2764,0,0,0,1.0,1,1.0,1,1.0,1,0.1243495493498119,42
4564,0,6096,3332,2764,0,0,0,1.0,1,1.0,1,1.0,1,0.12758483571957027,43
4565,0,6096,3332,2764,0,0,0,1.0,1,1.0,1,1.0,1,0.14368619922486267,44
4566,1,6097,3333,2764,0,0,0,1.0,1,1.0,1,1.0,1,0.11247511770237417,45
4567,3,6100,3336,2764,0,0,0,1.0,1,1.0,1,1.0,1,0.14646245060957028,47
4568,3,6103,3337,2766,0,0,0,1.0,1,1.0,1,1.0,1,0.09269155874544122,47
4569,1,6104,3338,2766,0,0,0,1.0,1,1.0,1,1.0,1,0.08521335138170014,49
4570,1,6105,3339,2766,0,0,0,1.0,1,1.0,1,1.0,1,0.10373640190300089,49
4571,2,6107,3341,2766,0,0,0,1.0,1,1.0,1,1.0,1,0.11000480584191197,48
4572,1,6108,3342,2766,0,0,0,1.0,1,1.0,1,1.0,1,0.12292343570724236,48
4573,2,6110,3344,2766,0,0,0,1.0,1,1.0,1,1.0,1,0.15095450719192827,48
4574,2,6112,3346,2766,0,0,0,1.0,1,1.0,1,1.0,1,0.1800528515336816,50
4575,1,6113,3346,2767,0,0,0,1.0,1,1.0,1,1.0,1,0.14539026592839366,51
4576,0,6113,3346,2767,0,0,0,1.0,1,1.0,1,1.0,1,0.1438277885800246,48
4577,1,6114,3346,2768,0,0,0,1.0,1,1.0,1,1.0,1,0.1270683071194664,47
4578,1,6115,3347,2768,0,0,0,1.0,1,1.0,1,1.0,1,0.13078116413073768,46
4579,1,6116,3347,2769,0,0,0,1.0,1,1.0,1,1.0,1,0.11820690555114498,46
4580,0,6116,3347,2769,0,0,0,1.0,1,1.0,1,1.0,1,0.10324518320731627,47
4581,1,6117,3348,2769,0,0,0,1.0,1,1.0,1,1.0,1,0.12846295887896253,47
4582,0,6117,3348,2769,0,0,0,1.0,1,1.0,1,1.0,1,0.131347532850399,48
4583,0,6117,3348,2769,0,0,0,1.0,1,1.0,1,1.0,1,0.131347532850399,48
4584,0,6117,3348,2769,0,0,0,1.0,1,1.0,1,1.0,1,0.13481070752729896,50
4585,2,6119,3349,2770,0,0,0,1.0,1,1.0,1,1.0,1,0.15100396504114053,50
4586,0,6119,3349,2770,0,0,0,1.0,1,1.0,1,1.0,1,0.15100396504114053,50
4587,0,6119,3349,2770,0,0,0,1.0,1,1.0,1,1.0,1,0.15100396504114053,50
4588,0,6119,3349,2770,0,0,0,1.0,1,1.0,1,1.0,1,0.15100396504114053,50
4589,0,6119,3349,2770,0,0,0,1.0,1,1.0,1,1.0,1,0.1472176107803206,52
4590,0,6119,3349,2770,0,0,0,1.0,1,1.0,1,1.0,1,0.1472176107803206,52
4591,1,6120,3349,2771,0,0,0,1.0,1,1.0,1,1.0,1,0.1385361662434742,53
4592,0,6120,3349,2771,0,0,0,1.0,1,1.0,1,1.0,1,0.15213214659568583,54
4593,2,6122,3351,2771,0,0,0,1.0,1,1.0,1,1.0,1,0.1808539150225688,56
4594,0,6122,3351,2771,0,0,0,1.0,1,1.0,1,1.0,1,0.19108774271478468,57
4595,1,6123,3352,2771,0,0,0,1.0,1,1.0,1,1.0,1,0.17285115715943242,56
4596,0,6123,3352,2771,0,0,0,1.0,1,1.0,1,1.0,1,0.17285115715943242,56
4597,2,6125,3354,2771,0,0,0,1.0,1,1.0,1,1.0,1,0.17221465103221045,56
4598,2,6127,3356,2771,0,0,0,1.0,1,1.0,1,1.0,1,0.20232917760415609,57
4599,0,6127,3356,2771,0,0,0,1.0,1,1.0,1,1.0,1,0.17494598089222696,59
4600,0,6127,3356,2771,0,0,0,1.0,1,1.0,1,1.0,1,0.17620748741905845,60
4601,1,6128,3357,2771,0,0,0,1.0,1,1.0,1,1.0,1,0.18521961167324633,60
4602,0,6128,3357,2771,0,0,0,1.0,1,1.0,1,1.0,1,0.17107435877857025,62
4603,0,6128,3357,2771,0,0,0,1.0,1,1.0,1,1.0,1,0.17107435877857025,62
4604,2,6130,3358,2772,0,0,0,1.0,1,1.0,1,1.0,1,0.1664053122264871,63
4605,0,6130,3358,2772,0,0,0,1.0,1,1.0,1,1.0,1,0.1664053122264871,63
4606,0,6130,3358,2772,0,0,0,1.0,1,1.0,1,1.0,1,0.17414139858830338,64
4607,1,6131,3359,2772,0,0,0,1.0,1,1.0,1,1.0,1,0.17310986121713587,65
4608,2,6133,3360,2773,0,0,0,1.0,1,1.0,1,1.0,1,0.18579365358563524,66
4609,1,6134,3361,2773,0,0,0,1.0,1,1.0,1,1.0,1,0.19816218284478104,65
4610,1,6135,3361,2774,0,0,0,1.0,1,1.0,1,1.0,1,0.17066467124619472,63
4611,5,6140,3365,2775,0,0,0,1.0,1,1.0,1,1.0,1,0.19751320355559124,64
4612,1,6141,3365,2776,0,0,0,1.0,1,1.0,1,1.0,1,0.17132146121228134,62
4613,2,6143,3367,2776,0,0,0,1.0,1,1.0,1,1.0,1,0.1853663135625341,63
4614,2,6145,3367,2778,0,0,0,1.0,1,1.0,1,1.0,1,0.14385269670718895,61
4615,2,6147,3368,2779,0,0,0,1.0,1,1.0,1,1.0,1,0.1271521452266743,59
4616,0,6147,3368,2779,0,0,0,1.0,1,1.0,1,1.0,1,0.1238784230263872,58
4617,4,6151,3369,2782,0,0,0,1.0,1,1.0,1,1.0,1,0.1089130649877139,58
4618,3,6154,3370,2784,0,0,0,1.0,1,1.0,1,1.0,1,0.13163199919375895,57
4619,4,6158,3372,2786,0,0,0,1.0,1,1.0,1,1.0,1,0.16121357279603804,57
4620,0,6158,3372,2786,0,0,0,1.0,1,1.0,1,1.0,1,0.16121357279603804,57
4621,3,6161,3373,2788,0,0,0,1.0,1,1.0,1,1.0,1,0.1569713081314779,59
4622,2,6163,3374,2789,0,0,0,1.0,1,1.0,1,1.0,1,0.15968119142141152,60
4623,1,6164,3374,2790,0,0,0,1.0,1,1.0,1,1.0,1,0.16165279199131233,59
4624,2,6166,3376,2790,0,0,0,1.0,1,1.0,1,1.0,1,0.1991999727778281,59
4625,1,6167,3376,2791,0,0,0,1.0,1,1.0,1,1.0,1,0.19544636108644522,57
4626,2,6169,3378,2791,0,0,0,1.0,1,1.0,1,1.0,1,0.21780607528311718,56
4627,2,6171,3378,2793,0,0,0,1.0,1,1.0,1,1.0,1,0.20224786468750824,56
4628,0,6171,3378,2793,0,0,0,1.0,1,1.0,1,1.0,1,0.19565898777093693,56
4629,3,6174,3379,2795,0,0,0,1.0,1,1.0,1,1.0,1,0.22270154097320274,56
4630,0,6174,3379,2795,0,0,0,1.0,1,1.0,1,1.0,1,0.2126208319813504,57
4631,0,6174,3379,2795,0,0,0,1.0,1,1.0,1,1.0,1,0.24896783920465326,56
4632,2,6176,3380,2796,0,0,0,1.0,1,1.0,1,1.0,1,0.27993714117930946,57
4633,1,6177,3380,2797,0,0,0,1.0,1,1.0,1,1.0,1,0.25712190092651627,58
4634,0,6177,3380,2797,0,0,0,1.0,1,1.0,1,1.0,1,0.25712190092651627,58
4635,0,6177,3380,2797,0,0,0,1.0,1,1.0,1,1.0,1,0.24624175606603982,59
4636,0,6177,3380,2797,0,0,0,1.0,1,1.0,1,1.0,1,0.22769496158354627,60
4637,3,6180,3382,2798,0,0,0,1.0,1,1.0,1,1.0,1,0.20056275131355195,60
4638,1,6181,3382,2799,0,0,0,1.0,1,1.0,1,1.0,1,0.20610078335602208,61
4639,2,6183,3383,2800,0,0,0,1.0,1,1.0,1,1.0,1,0.19930800262934922,62
4640,0,6183,3383,2800,0,0,0,1.0,1,1.0,1,1.0,1,0.21055761118703653,63
4641,5,6188,3385,2803,0,0,0,1.0,1,1.0,1,1.0,1,0.17063185744830361,63
4642,0,6188,3385,2803,0,0,0,1.0,1,1.0,1,1.0,1,0.18433155170291673,62
4643,4,6192,3386,2806,0,0,0,1.0,1,1.0,1,1.0,1,0.17053315850804135,63
4644,1,6193,3386,2807,0,0,0,1.0,1,1.0,1,1.0,1,0.18053756202046845,62
4645,5,6198,3387,2811,0,0,0,1.0,1,1.0,1,1.0,1,0.16582673720387428,63
4646,3,6201,3389,2812,0,0,0,1.0,1,1.0,1,1.0,1,0.19108672980924057,63
4647,3,6204,3390,2814,0,0,0,1.0,1,1.0,1,1.0,1,0.18654140102646352,62
4648,3,6207,3391,2816,0,0,0,1.0,1,1.0,1,1.0,1,0.19602957210211863,63
4649,2,6209,3391,2818,0,0,0,1.0,1,1.0,1,1.0,1,0.16390275581287556,61
4650,0,6209,3391,2818,0,0,0,1.0,1,1.0,1,1.0,1,0.14039473000898683,63
4651,1,6210,3391,2819,0,0,0,1.0,1,1.0,1,1.0,1,0.1320761471030076,62
4652,0,6210,3391,2819,0,0,0,1.0,1,1.0,1,1.0,1,0.11768994017837099,59
4653,1,6211,3391,2820,0,0,0,1.0,1,1.0,1,1.0,1,0.11170695756389525,60
4654,0,6211,3391,2820,0,0,0,1.0,1,1.0,1,1.0,1,0.11270188798269451,60
4655,1,6212,3392,2820,0,0,0,1.0,1,1.0,1,1.0,1,0.12999446745852977,60
4656,4,6216,3394,2822,0,0,0,1.0,1,1.0,1,1.0,1,0.1678637676891255,61
4657,1,6217,3394,2823,0,0,0,1.0,1,1.0,1,1.0,1,0.1553989734751459,62
4658,2,6219,3396,2823,0,0,0,1.0,1,1.0,1,1.0,1,0.18050700991906285,62
4659,0,6219,3396,2823,0,0,0,1.0,1,1.0,1,1.0,1,0.17106084762052906,61
4660,3,6222,3398,2824,0,0,0,1.0,1,1.0,1,1.0,1,0.22269120835826767,61
4661,0,6222,3398,2824,0,0,0,1.0,1,1.0,1,1.0,1,0.22206041197748713,61
4662,0,6222,3398,2824,0,0,0,1.0,1,1.0,1,1.0,1,0.210548765544529,62
4663,1,6223,3398,2825,0,0,0,1.0,1,1.0,1,1.0,1,0.20778380267415444,61
4664,2,6225,3398,2827,0,0,0,1.0,1,1.0,1,1.0,1,0.2017034724681697,62
4665,1,6226,3398,2828,0,0,0,1.0,1,1.0,1,1.0,1,0.20250549942896662,61
4666,2,6228,3399,2829,0,0,0,1.0,1,1.0,1,1.0,1,0.2048457947759336,61
4667,1,6229,3400,2829,0,0,0,1.0,1,1.0,1,1.0,1,0.2121415015533743,59
4668,2,6231,3401,2830,0,0,0,1.0,1,1.0,1,1.0,1,0.2199910718771618,59
4669,4,6235,3401,2834,0,0,0,1.0,1,1.0,1,1.0,1,0.20917378851777643,58
4670,2,6237,3402,2835,0,0,0,1.0,1,1.0,1,1.0,1,0.20844642977711056,57
4671,0,6237,3402,2835,0,0,0,1.0,1,1.0,1,1.0,1,0.22681631059489413,55
4672,4,6241,3404,2837,0,0,0,1.0,1,1.0,1,1.0,1,0.22280379015468743,56
4673,2,6243,3404,2839,0,0,0,1.0,1,1.0,1,1.0,1,0.18691271038347382,58
4674,2,6245,3405,2840,0,0,0,1.0,1,1.0,1,1.0,1,0.20187811551507873,58
4675,2,6247,3405,2842,0,0,0,1.0,1,1.0,1,1.0,1,0.21577842977606776,57
4676,1,6248,3405,2843,0,0,0,1.0,1,1.0,1,1.0,1,0.21528870148415333,58
4677,2,6250,3405,2845,0,0,0,1.0,1,1.0,1,1.0,1,0.20897129133620165,57
4678,1,6251,3405,2846,0,0,0,1.0,1,1.0,1,1.0,1,0.20246196728343638,57
4679,0,6251,3405,2846,0,0,0,1.0,1,1.0,1,1.0,1,0.20246196728343638,57
4680,1,6252,3405,2847,0,0,0,1.0,1,1.0,1,1.0,1,0.19695543825673167,59
4681,1,6253,3405,2848,0,0,0,1.0,1,1.0,1,1.0,1,0.18862117838440504,60
4682,0,6253,3405,2848,0,0,0,1.0,1,1.0,1,1.0,1,0.18862117838440504,60
4683,3,6256,3406,2850,0,0,0,1.0,1,1.0,1,1.0,1,0.16248690051484443,60
4684,2,6258,3407,2851,0,0,0,1.0,1,1.0,1,1.0,1,0.17577036857158873,60
4685,2,6260,3408,2852,0,0,0,1.0,1,1.0,1,1.0,1,0.17817798207228397,59
4686,3,6263,3410,2853,0,0,0,1.0,1,1.0,1,1.0,1,0.17780889088017057,60
4687,2,6265,3411,2854,0,0,0,1.0,1,1.0,1,1.0,1,0.18151904792185092,59
4688,1,6266,3412,2854,0,0,0,1.0,1,1.0,1,1.0,1,0.20517953671521608,59
4689,3,6269,3413,2856,0,0,0,1.0,1,1.0,1,1.0,1,0.21379961938625922,59
4690,3,6272,3414,2858,0,0,0,1.0,1,1.0,1,1.0,1,0.18326516607687368,58
4691,0,6272,3414,2858,0,0,0,1.0,1,1.0,1,1.0,1,0.1822473429821209,57
4692,0,6272,3414,2858,0,0,0,1.0,1,1.0,1,1.0,1,0.1775646942531707,58
4693,1,6273,3414,2859,0,0,0,1.0,1,1.0,1,1.0,1,0.1685432952193574,57
4694,2,6275,3414,2861,0,0,0,1.0,1,1.0,1,1.0,1,0.14162720219443561,57
4695,1,6276,3414,2862,0,0,0,1.0,1,1.0,1,1.0,1,0.1413321531997143,56
4696,2,6278,3415,2863,0,0,0,1.0,1,1.0,1,1.0,1,0.14616311195463969,57
4697,0,6278,3415,2863,0,0,0,1.0,1,1.0,1,1.0,1,0.140554595622532,58
4698,2,6280,3415,2865,0,0,0,1.0,1,1.0,1,1.0,1,0.08941794876737792,59
4699,0,6280,3415,2865,0,0,0,1.0,1,1.0,1,1.0,1,0.10272869399573328,58
4700,0,6280,3415,2865,0,0,0,1.0,1,1.0,1,1.0,1,0.08380801819171953,59
4701,0,6280,3415,2865,0,0,0,1.0,1,1.0,1,1.0,1,0.09490242220062227,60
4702,0,6280,3415,2865,0,0,0,1.0,1,1.0,1,1.0,1,0.10325421816927381,61
4703,2,6282,3416,2866,0,0,0,1.0,1,1.0,1,1.0,1,0.11978867564120416,59
4704,1,6283,3416,2867,0,0,0,1.0,1,1.0,1,1.0,1,0.1062522825995746,58
4705,4,6287,3418,2869,0,0,0,1.0,1,1.0,1,1.0,1,0.12307529349702942,58
4706,2,6289,3420,2869,0,0,0,1.0,1,1.0,1,1.0,1,0.1569730194464933,60
4707,1,6290,3420,2870,0,0,0,1.0,1,1.0,1,1.0,1,0.16503585390168493,57
4708,4,6294,3422,2872,0,0,0,1.0,1,1.0,1,1.0,1,0.2032398612836454,57
4709,3,6297,3424,2873,0,0,0,1.0,1,1.0,1,1.0,1,0.23036487465544667,55
4710,2,6299,3425,2874,0,0,0,1.0,1,1.0,1,1.0,1,0.22945851384775479,53
4711,0,6299,3425,2874,0,0,0,1.0,1,1.0,1,1.0,1,0.21802574978150283,52
4712,0,6299,3425,2874,0,0,0,1.0,1,1.0,1,1.0,1,0.21772932582414692,52
4713,2,6301,3426,2875,0,0,0,1.0,1,1.0,1,1.0,1,0.2284810437253761,51
4714,1,6302,3426,2876,0,0,0,1.0,1,1.0,1,1.0,1,0.21995879610126362,50
4715,2,6304,3426,2878,0,0,0,1.0,1,1.0,1,1.0,1,0.17358264401901607,50
4716,1,6305,3427,2878,0,0,0,1.0,1,1.0,1,1.0,1,0.21738589932383817,49
4717,5,6310,3428,2882,0,0,0,1.0,1,1.0,1,1.0,1,0.18076781749720286,49
4718,0,6310,3428,2882,0,0,0,1.0,1,1.0,1,1.0,1,0.18144065505596907,50
4719,1,6311,3428,2883,0,0,0,1.0,1,1.0,1,1.0,1,0.1768396876062441,49
4720,1,6312,3428,2884,0,0,0,1.0,1,1.0,1,1.0,1,0.14481968882248242,49
4721,1,6313,3428,2885,0,0,0,1.0,1,1.0,1,1.0,1,0.12386965066924684,50
4722,1,6314,3428,2886,0,0,0,1.0,1,1.0,1,1.0,1,0.12849206463012755,51
4723,0,6314,3428,2886,0,0,0,1.0,1,1.0,1,1.0,1,0.0965967459064286,50
4724,3,6317,3430,2887,0,0,0,1.0,1,1.0,1,1.0,1,0.12217954245795593,50
4725,0,6317,3430,2887,0,0,0,1.0,1,1.0,1,1.0,1,0.1270385614314069,52
4726,1,6318,3431,2887,0,0,0,1.0,1,1.0,1,1.0,1,0.15938408098544105,51
4727,1,6319,3432,2887,0,0,0,1.0,1,1.0,1,1.0,1,0.17234209128825262,52
4728,1,6320,3433,2887,0,0,0,1.0,1,1.0,1,1.0,1,0.186534208897645,52
4729,0,6320,3433,2887,0,0,0,1.0,1,1.0,1,1.0,1,0.186534208897645,52
4730,1,6321,3433,2888,0,0,0,1.0,1,1.0,1,1.0,1,0.1781645367152584,50
4731,3,6324,3436,2888,0,0,0,1.0,1,1.0,1,1.0,1,0.20754366187592962,51
4732,1,6325,3436,2889,0,0,0,1.0,1,1.0,1,1.0,1,0.1959408666096523,52
4733,5,6330,3439,2891,0,0,0,1.0,1,1.0,1,1.0,1,0.25781602792648545,53
4734,0,6330,3439,2891,0,0,0,1.0,1,1.0,1,1.0,1,0.25781602792648545,53
4735,1,6331,3440,2891,0,0,0,1.0,1,1.0,1,1.0,1,0.26695421140275477,53
4736,1,6332,3441,2891,0,0,0,1.0,1,1.0,1,1.0,1,0.2844331198319039,55
4737,1,6333,3441,2892,0,0,0,1.0,1,1.0,1,1.0,1,0.26513394779185256,57
4738,0,6333,3441,2892,0,0,0,1.0,1,1.0,1,1.0,1,0.26513394779185256,57
4739,0,6333,3441,2892,0,0,0,1.0,1,1.0,1,1.0,1,0.26513394779185256,57
4740,1,6334,3441,2893,0,0,0,1.0,1,1.0,1,1.0,1,0.24011165975650833,57
4741,0,6334,3441,2893,0,0,0,1.0,1,1.0,1,1.0,1,0.2463353919714577,58
4742,2,6336,3443,2893,0,0,0,1.0,1,1.0,1,1.0,1,0.26278466247855337,58
4743,1,6337,3443,2894,0,0,0,1.0,1,1.0,1,1.0,1,0.2247237647929272,56
4744,0,6337,3443,2894,0,0,0,1.0,1,1.0,1,1.0,1,0.21426123470978414,57
4745,3,6340,3445,2895,0,0,0,1.0,1,1.0,1,1.0,1,0.20867717106642975,56
4746,2,6342,3446,2896,0,0,0,1.0,1,1.0,1,1.0,1,0.20938240325307514,56
4747,1,6343,3447,2896,0,0,0,1.0,1,1.0,1,1.0,1,0.189693639014463,55
4748,1,6344,3448,2896,0,0,0,1.0,1,1.0,1,1.0,1,0.19845429431421266,55
4749,1,6345,3448,2897,0,0,0,1.0,1,1.0,1,1.0,1,0.1771613454763247,54
4750,1,6346,3449,2897,0,0,0,1.0,1,1.0,1,1.0,1,0.1633598748310553,53
4751,0,6346,3449,2897,0,0,0,1.0,1,1.0,1,1.0,1,0.19389221231771117,53
4752,1,6347,3450,2897,0,0,0,1.0,1,1.0,1,1.0,1,0.1824073820875526,53
4753,0,6347,3450,2897,0,0,0,1.0,1,1.0,1,1.0,1,0.20517835888967842,52
4754,2,6349,3450,2899,0,0,0,1.0,1,1.0,1,1.0,1,0.15477192470778026,52
4755,2,6351,3450,2901,0,0,0,1.0,1,1.0,1,1.0,1,0.11085040275523919,51
4756,3,6354,3450,2904,0,0,0,1.0,1,1.0,1,1.0,1,0.07554639311102038,52
4757,1,6355,3450,2905,0,0,0,1.0,1,1.0,1,1.0,1,0.06858704559069612,51
4758,0,6355,3450,2905,0,0,0,1.0,1,1.0,1,1.0,1,0.06858704559069612,51
4759,0,6355,3450,2905,0,0,0,1.0,1,1.0,1,1.0,1,0.06858704559069612,51
4760,1,6356,3451,2905,0,0,0,1.0,1,1.0,1,1.0,1,0.05261677610901265,52
4761,2,6358,3453,2905,0,0,0,1.0,1,1.0,1,1.0,1,0.060211524217214846,50
4762,7,6365,3458,2907,0,0,0,1.0,1,1.0,1,1.0,1,0.12314247356784024,51
4763,0,6365,3458,2907,0,0,0,1.0,1,1.0,1,1.0,1,0.12314247356784024,51
4764,5,6370,3462,2908,0,0,0,1.0,1,1.0,1,1.0,1,0.16593674795765032,53
4765,6,6376,3462,2914,0,0,0,1.0,1,1.0,1,1.0,1,0.05885854938764043,53
4766,1,6377,3463,2914,0,0,0,1.0,1,1.0,1,1.0,1,0.09326886093116965,55
4767,0,6377,3463,2914,0,0,0,1.0,1,1.0,1,1.0,1,0.07437868445328881,56
4768,0,6377,3463,2914,0,0,0,1.0,1,1.0,1,1.0,1,0.06022957301856539,56
4769,1,6378,3464,2914,0,0,0,1.0,1,1.0,1,1.0,1,0.07944420551045012,56
4770,1,6379,3465,2914,0,0,0,1.0,1,1.0,1,1.0,1,0.061748271776001264,56
4771,0,6379,3465,2914,0,0,0,1.0,1,1.0,1,1.0,1,0.07218265740290965,55
4772,2,6381,3466,2915,0,0,0,1.0,1,1.0,1,1.0,1,0.09641530870348754,56
4773,1,6382,3466,2916,0,0,0,1.0,1,1.0,1,1.0,1,0.0872066110432903,56
4774,1,6383,3466,2917,0,0,0,1.0,1,1.0,1,1.0,1,0.05675930122771157,58
4775,0,6383,3466,2917,0,0,0,1.0,1,1.0,1,1.0,1,0.059213175934086835,59
4776,0,6383,3466,2917,0,0,0,1.0,1,1.0,1,1.0,1,0.059213175934086835,59
4777,1,6384,3467,2917,0,0,0,1.0,1,1.0,1,1.0,1,0.07074889102120202,60
4778,0,6384,3467,2917,0,0,0,1.0,1,1.0,1,1.0,1,0.07074889102120202,60
4779,1,6385,3467,2918,0,0,0,1.0,1,1.0,1,1.0,1,0.06520545571322506,61
4780,3,6388,3469,2919,0,0,0,1.0,1,1.0,1,1.0,1,0.04604545654058475,63
4781,2,6390,3470,2920,0,0,0,1.0,1,1.0,1,1.0,1,0.03253172226629331,62
4782,1,6391,3471,2920,0,0,0,1.0,1,1.0,1,1.0,1,0.06137255458222978,63
4783,1,6392,3472,2920,0,0,0,1.0,1,1.0,1,1.0,1,0.05718021547969763,62
4784,0,6392,3472,2920,0,0,0,1.0,1,1.0,1,1.0,1,0.066155218241031,62
4785,2,6394,3474,2920,0,0,0,1.0,1,1.0,1,1.0,1,0.06440014024803714,62
4786,4,6398,3478,2920,0,0,0,1.0,1,1.0,1,1.0,1,0.05050547410513347,63
4787,2,6400,3480,2920,0,0,0,1.0,1,1.0,1,1.0,1,0.05231112449465591,62
4788,3,6403,3483,2920,0,0,0,1.0,1,1.0,1,1.0,1,0.09871217660852724,62
4789,6,6409,3487,2922,0,0,0,1.0,1,1.0,1,1.0,1,0.076669801399265,60
4790,4,6413,3491,2922,0,0,0,1.0,1,1.0,1,1.0,1,0.10143393849773778,61
4791,1,6414,3492,2922,0,0,0,1.0,1,1.0,1,1.0,1,0.11992488667253569,60
4792,4,6418,3496,2922,0,0,0,1.0,1,1.0,1,1.0,1,0.11166035896877302,60
4793,5,6423,3497,2926,0,0,0,1.0,1,1.0,1,1.0,1,0.038703933371447424,61
4794,1,6424,3498,2926,0,0,0,1.0,1,1.0,1,1.0,1,0.07410997253509037,59
4795,1,6425,3499,2926,0,0,0,1.0,1,1.0,1,1.0,1,0.051380243163145156,61
4796,1,6426,3499,2927,0,0,0,1.0,1,1.0,1,1.0,1,0.07058639233369997,59
4797,5,6431,3502,2929,0,0,0,1.0,1,1.0,1,1.0,1,0.09671156120255717,58
4798,0,6431,3502,2929,0,0,0,1.0,1,1.0,1,1.0,1,0.09849859560272842,59
4799,0,6431,3502,2929,0,0,0,1.0,1,1.0,1,1.0,1,0.1028047885292246,57
4800,2,6433,3503,2930,0,0,0,1.0,1,1.0,1,1.0,1,0.12037882789488544,58
4801,5,6438,3504,2934,0,0,0,1.0,1,1.0,1,1.0,1,0.08318459036817132,57
4802,0,6438,3504,2934,0,0,0,1.0,1,1.0,1,1.0,1,0.08318459036817132,57
4803,0,6438,3504,2934,0,0,0,1.0,1,1.0,1,1.0,1,0.08152762972869664,56
4804,0,6438,3504,2934,0,0,0,1.0,1,1.0,1,1.0,1,0.08610417696697135,54
4805,3,6441,3505,2936,0,0,0,1.0,1,1.0,1,1.0,1,0.06300705068290645,56
4806,0,6441,3505,2936,0,0,0,1.0,1,1.0,1,1.0,1,0.06029789741793447,55
4807,0,6441,3505,2936,0,0,0,1.0,1,1.0,1,1.0,1,0.05661625594995302,54
4808,0,6441,3505,2936,0,0,0,1.0,1,1.0,1,1.0,1,0.07341951466308778,53
4809,1,6442,3505,2937,0,0,0,1.0,1,1.0,1,1.0,1,0.040103267794230284,53
4810,0,6442,3505,2937,0,0,0,1.0,1,1.0,1,1.0,1,0.06456946275041772,51
4811,2,6444,3507,2937,0,0,0,1.0,1,1.0,1,1.0,1,0.06681018459443781,52
4812,3,6447,3509,2938,0,0,0,1.0,1,1.0,1,1.0,1,0.06196213046855189,52
4813,0,6447,3509,2938,0,0,0,1.0,1,1.0,1,1.0,1,0.06196213046855189,52
4814,2,6449,3511,2938,0,0,0,1.0,1,1.0,1,1.0,1,0.11899704081470432,53
4815,5,6454,3516,2938,0,0,0,1.0,1,1.0,1,1.0,1,0.15996917058754317,54
4816,3,6457,3517,2940,0,0,0,1.0,1,1.0,1,1.0,1,0.13523205023316234,54
4817,7,6464,3519,2945,0,0,0,1.0,1,1.0,1,1.0,1,0.12483355691936511,55
4818,5,6469,3522,2947,0,0,0,1.0,1,1.0,1,1.0,1,0.07992135134301454,55
4819,1,6470,3523,2947,0,0,0,1.0,1,1.0,1,1.0,1,0.08607027141142222,55
4820,1,6471,3523,2948,0,0,0,1.0,1,1.0,1,1.0,1,0.07357931637338042,55
4821,2,6473,3524,2949,0,0,0,1.0,1,1.0,1,1.0,1,0.07620773346665441,55
4822,1,6474,3525,2949,0,0,0,1.0,1,1.0,1,1.0,1,0.06032471915584804,54
4823,0,6474,3525,2949,0,0,0,1.0,1,1.0,1,1.0,1,0.04621257144386559,54
4824,2,6476,3526,2950,0,0,0,1.0,1,1.0,1,1.0,1,0.03632748573210972,55
4825,3,6479,3527,2952,0,0,0,1.0,1,1.0,1,1.0,1,0.04986871112707832,53
4826,0,6479,3527,2952,0,0,0,1.0,1,1.0,1,1.0,1,0.0462332014217548,54
4827,2,6481,3529,2952,0,0,0,1.0,1,1.0,1,1.0,1,0.12782769226356225,53
4828,1,6482,3529,2953,0,0,0,1.0,1,1.0,1,1.0,1,0.09840986846271767,54
4829,3,6485,3529,2956,0,0,0,1.0,1,1.0,1,1.0,1,0.05273559041507141,54
4830,0,6485,3529,2956,0,0,0,1.0,1,1.0,1,1.0,1,0.04475629959732164,53
4831,0,6485,3529,2956,0,0,0,1.0,1,1.0,1,1.0,1,0.055254846242606355,52
4832,0,6485,3529,2956,0,0,0,1.0,1,1.0,1,1.0,1,0.07250995368912212,50
4833,1,6486,3529,2957,0,0,0,1.0,1,1.0,1,1.0,1,0.07167861762867637,51
4834,1,6487,3529,2958,0,0,0,1.0,1,1.0,1,1.0,1,0.08137874705592618,51
4835,0,6487,3529,2958,0,0,0,1.0,1,1.0,1,1.0,1,0.11301928926431071,50
4836,1,6488,3529,2959,0,0,0,1.0,1,1.0,1,1.0,1,0.07500398021744122,50
4837,3,6491,3530,2961,0,0,0,1.0,1,1.0,1,1.0,1,0.08720183111975562,46
4838,3,6494,3532,2962,0,0,0,1.0,1,1.0,1,1.0,1,0.10606660727985576,47
4839,2,6496,3534,2962,0,0,0,1.0,1,1.0,1,1.0,1,0.12590381000729686,45
4840,0,6496,3534,2962,0,0,0,1.0,1,1.0,1,1.0,1,0.12590381000729686,45
4841,3,6499,3535,2964,0,0,0,1.0,1,1.0,1,1.0,1,0.14339311297190255,43
4842,1,6500,3535,2965,0,0,0,1.0,1,1.0,1,1.0,1,0.10960828853166542,43
4843,1,6501,3535,2966,0,0,0,1.0,1,1.0,1,1.0,1,0.08651971139546763,44
4844,0,6501,3535,2966,0,0,0,1.0,1,1.0,1,1.0,1,0.09011174361119889,43
4845,2,6503,3537,2966,0,0,0,1.0,1,1.0,1,1.0,1,0.07269731268015571,44
4846,1,6504,3538,2966,0,0,0,1.0,1,1.0,1,1.0,1,0.051971190790879335,43
4847,1,6505,3539,2966,0,0,0,1.0,1,1.0,1,1.0,1,0.06655429930873379,42
4848,3,6508,3541,2967,0,0,0,1.0,1,1.0,1,1.0,1,0.09851501091342608,41
4849,4,6512,3543,2969,0,0,0,1.0,1,1.0,1,1.0,1,0.0684060544801181,41
4850,0,6512,3543,2969,0,0,0,1.0,1,1.0,1,1.0,1,0.1090944800709578,41
4851,0,6512,3543,2969,0,0,0,1.0,1,1.0,1,1.0,1,0.1090944800709578,41
4852,1,6513,3544,2969,0,0,0,1.0,1,1.0,1,1.0,1,0.13344976848829707,43
4853,0,6513,3544,2969,0,0,0,1.0,1,1.0,1,1.0,1,0.15038974555878817,44
4854,0,6513,3544,2969,0,0,0,1.0,1,1.0,1,1.0,1,0.1413405976391124,45
4855,0,6513,3544,2969,0,0,0,1.0,1,1.0,1,1.0,1,0.14357004333477216,44
4856,0,6513,3544,2969,0,0,0,1.0,1,1.0,1,1.0,1,0.14357004333477216,44
4857,1,6514,3544,2970,0,0,0,1.0,1,1.0,1,1.0,1,0.14175387643680823,44
4858,1,6515,3544,2971,0,0,0,1.0,1,1.0,1,1.0,1,0.13057586221823067,45
4859,1,6516,3544,2972,0,0,0,1.0,1,1.0,1,1.0,1,0.13155006105856698,46
4860,0,6516,3544,2972,0,0,0,1.0,1,1.0,1,1.0,1,0.13155006105856698,46
4861,0,6516,3544,2972,0,0,0,1.0,1,1.0,1,1.0,1,0.11941812959265334,46
4862,1,6517,3544,2973,0,0,0,1.0,1,1.0,1,1.0,1,0.11595157573896331,47
4863,2,6519,3545,2974,0,0,0,1.0,1,1.0,1,1.0,1,0.0803946192865323,47
4864,1,6520,3545,2975,0,0,0,1.0,1,1.0,1,1.0,1,0.07802539926651351,47
4865,0,6520,3545,2975,0,0,0,1.0,1,1.0,1,1.0,1,0.09247107298104351,48
4866,0,6520,3545,2975,0,0,0,1.0,1,1.0,1,1.0,1,0.08163004663191932,49
4867,1,6521,3545,2976,0,0,0,1.0,1,1.0,1,1.0,1,0.07179210459416928,50
4868,1,6522,3546,2976,0,0,0,1.0,1,1.0,1,1.0,1,0.07117185564331846,50
4869,0,6522,3546,2976,0,0,0,1.0,1,1.0,1,1.0,1,0.07117185564331846,50
4870,2,6524,3548,2976,0,0,0,1.0,1,1.0,1,1.0,1,0.0969082690140048,52
4871,0,6524,3548,2976,0,0,0,1.0,1,1.0,1,1.0,1,0.0969082690140048,52
4872,0,6524,3548,2976,0,0,0,1.0,1,1.0,1,1.0,1,0.0778182341804112,53
4873,4,6528,3550,2978,0,0,0,1.0,1,1.0,1,1.0,1,0.0927367908761977,55
4874,1,6529,3551,2978,0,0,0,1.0,1,1.0,1,1.0,1,0.09773102656269346,56
4875,2,6531,3553,2978,0,0,0,1.0,1,1.0,1,1.0,1,0.09103296204818567,55
4876,2,6533,3554,2979,0,0,0,1.0,1,1.0,1,1.0,1,0.09774855813363931,55
4877,5,6538,3558,2980,0,0,0,1.0,1,1.0,1,1.0,1,0.1264467491562569,54
4878,2,6540,3560,2980,0,0,0,1.0,1,1.0,1,1.0,1,0.14994691528115606,53
4879,2,6542,3561,2981,0,0,0,1.0,1,1.0,1,1.0,1,0.15581501750127208,54
4880,3,6545,3563,2982,0,0,0,1.0,1,1.0,1,1.0,1,0.16184871664190542,54
4881,5,6550,3564,2986,0,0,0,1.0,1,1.0,1,1.0,1,0.1506650653451337,53
4882,1,6551,3565,2986,0,0,0,1.0,1,1.0,1,1.0,1,0.15637252834204676,53
4883,0,6551,3565,2986,0,0,0,1.0,1,1.0,1,1.0,1,0.15676587348791607,53
4884,0,6551,3565,2986,0,0,0,1.0,1,1.0,1,1.0,1,0.1435244771954204,51
4885,0,6551,3565,2986,0,0,0,1.0,1,1.0,1,1.0,1,0.13361301519983107,50
4886,0,6551,3565,2986,0,0,0,1.0,1,1.0,1,1.0,1,0.13280866190268964,48
4887,0,6551,3565,2986,0,0,0,1.0,1,1.0,1,1.0,1,0.13280866190268964,48
4888,0,6551,3565,2986,0,0,0,1.0,1,1.0,1,1.0,1,0.13280866190268964,48
4889,0,6551,3565,2986,0,0,0,1.0,1,1.0,1,1.0,1,0.13280866190268964,48
4890,0,6551,3565,2986,0,0,0,1.0,1,1.0,1,1.0,1,0.13166682978691255,49
4891,2,6553,3566,2987,0,0,0,1.0,1,1.0,1,1.0,1,0.14846771785650512,50
4892,1,6554,3566,2988,0,0,0,1.0,1,1.0,1,1.0,1,0.13863296538493974,49
4893,1,6555,3566,2989,0,0,0,1.0,1,1.0,1,1.0,1,0.12947470191499735,50
4894,1,6556,3566,2990,0,0,0,1.0,1,1.0,1,1.0,1,0.107720024588665,51
4895,1,6557,3566,2991,0,0,0,1.0,1,1.0,1,1.0,1,0.11153700884745119,52
4896,1,6558,3566,2992,0,0,0,1.0,1,1.0,1,1.0,1,0.09274859678238419,53
4897,1,6559,3566,2993,0,0,0,1.0,1,1.0,1,1.0,1,0.08477971549994083,53
4898,0,6559,3566,2993,0,0,0,1.0,1,1.0,1,1.0,1,0.08477971549994083,53
4899,2,6561,3567,2994,0,0,0,1.0,1,1.0,1,1.0,1,0.06671471849108773,55
4900,1,6562,3568,2994,0,0,0,1.0,1,1.0,1,1.0,1,0.09182606446827996,55
4901,1,6563,3568,2995,0,0,0,1.0,1,1.0,1,1.0,1,0.0937336561322769,56
4902,2,6565,3569,2996,0,0,0,1.0,1,1.0,1,1.0,1,0.12180162948563664,58
4903,2,6567,3570,2997,0,0,0,1.0,1,1.0,1,1.0,1,0.12900143017400284,58
4904,0,6567,3570,2997,0,0,0,1.0,1,1.0,1,1.0,1,0.1262138628196573,57
4905,4,6571,3571,3000,0,0,0,1.0,1,1.0,1,1.0,1,0.14610552761007284,54
4906,1,6572,3571,3001,0,0,0,1.0,1,1.0,1,1.0,1,0.14937095933818476,55
4907,0,6572,3571,3001,0,0,0,1.0,1,1.0,1,1.0,1,0.164325313028122,52
4908,1,6573,3572,3001,0,0,0,1.0,1,1.0,1,1.0,1,0.1853560675646774,53
4909,2,6575,3572,3003,0,0,0,1.0,1,1.0,1,1.0,1,0.17471478098285426,52
4910,2,6577,3574,3003,0,0,0,1.0,1,1.0,1,1.0,1,0.2061957968725465,53
4911,1,6578,3575,3003,0,0,0,1.0,1,1.0,1,1.0,1,0.1957406378689662,55
4912,3,6581,3577,3004,0,0,0,1.0,1,1.0,1,1.0,1,0.2073862687821716,54
4913,1,6582,3577,3005,0,0,0,1.0,1,1.0,1,1.0,1,0.18919826017948232,53
4914,1,6583,3577,3006,0,0,0,1.0,1,1.0,1,1.0,1,0.16794619208974554,53
4915,1,6584,3577,3007,0,0,0,1.0,1,1.0,1,1.0,1,0.1599114564037554,54
4916,2,6586,3577,3009,0,0,0,1.0,1,1.0,1,1.0,1,0.13013650227733317,52
4917,2,6588,3578,3010,0,0,0,1.0,1,1.0,1,1.0,1,0.11134040544246918,52
4918,1,6589,3578,3011,0,0,0,1.0,1,1.0,1,1.0,1,0.08769837033734046,51
4919,1,6590,3579,3011,0,0,0,1.0,1,1.0,1,1.0,1,0.1267295315634687,50
4920,1,6591,3579,3012,0,0,0,1.0,1,1.0,1,1.0,1,0.10794841276847933,51
4921,0,6591,3579,3012,0,0,0,1.0,1,1.0,1,1.0,1,0.10794841276847933,51
4922,2,6593,3580,3013,0,0,0,1.0,1,1.0,1,1.0,1,0.13561056046064077,53
4923,1,6594,3580,3014,0,0,0,1.0,1,1.0,1,1.0,1,0.12315569789653492,53
4924,0,6594,3580,3014,0,0,0,1.0,1,1.0,1,1.0,1,0.12413301298711316,55
4925,3,6597,3582,3015,0,0,0,1.0,1,1.0,1,1.0,1,0.0926164580256965,56
4926,0,6597,3582,3015,0,0,0,1.0,1,1.0,1,1.0,1,0.07737553616276341,55
4927,2,6599,3584,3015,0,0,0,1.0,1,1.0,1,1.0,1,0.10319539440219562,55
4928,1,6600,3584,3016,0,0,0,1.0,1,1.0,1,1.0,1,0.0818047911464752,55
4929,1,6601,3584,3017,0,0,0,1.0,1,1.0,1,1.0,1,0.07114000158743532,56
4930,1,6602,3584,3018,0,0,0,1.0,1,1.0,1,1.0,1,0.06786551803873107,58
4931,0,6602,3584,3018,0,0,0,1.0,1,1.0,1,1.0,1,0.06327457936858759,59
4932,0,6602,3584,3018,0,0,0,1.0,1,1.0,1,1.0,1,0.07770577215142853,60
4933,1,6603,3585,3018,0,0,0,1.0,1,1.0,1,1.0,1,0.09793383835412735,60
4934,2,6605,3586,3019,0,0,0,1.0,1,1.0,1,1.0,1,0.10964225325378486,60
4935,0,6605,3586,3019,0,0,0,1.0,1,1.0,1,1.0,1,0.10964225325378486,60
4936,2,6607,3587,3020,0,0,0,1.0,1,1.0,1,1.0,1,0.12679521198907337,61
4937,5,6612,3589,3023,0,0,0,1.0,1,1.0,1,1.0,1,0.1364278252545452,62
4938,0,6612,3589,3023,0,0,0,1.0,1,1.0,1,1.0,1,0.1364278252545452,62
4939,2,6614,3591,3023,0,0,0,1.0,1,1.0,1,1.0,1,0.14130565242321066,64
4940,2,6616,3591,3025,0,0,0,1.0,1,1.0,1,1.0,1,0.13183622072431084,67
4941,1,6617,3591,3026,0,0,0,1.0,1,1.0,1,1.0,1,0.13428324312377768,66
4942,2,6619,3591,3028,0,0,0,1.0,1,1.0,1,1.0,1,0.12488552763942966,67
4943,0,6619,3591,3028,0,0,0,1.0,1,1.0,1,1.0,1,0.14219093555853904,65
4944,1,6620,3591,3029,0,0,0,1.0,1,1.0,1,1.0,1,0.13587456984603047,65
4945,3,6623,3591,3032,0,0,0,1.0,1,1.0,1,1.0,1,0.13455853655080127,62
4946,1,6624,3591,3033,0,0,0,1.0,1,1.0,1,1.0,1,0.13142405018148556,61
4947,1,6625,3592,3033,0,0,0,1.0,1,1.0,1,1.0,1,0.14489325006043366,59
4948,1,6626,3593,3033,0,0,0,1.0,1,1.0,1,1.0,1,0.17004278094420971,59
4949,3,6629,3593,3036,0,0,0,1.0,1,1.0,1,1.0,1,0.1485913219538365,57
4950,4,6633,3595,3038,0,0,0,1.0,1,1.0,1,1.0,1,0.17498757540393728,58
4951,5,6638,3599,3039,0,0,0,1.0,1,1.0,1,1.0,1,0.1839311685509485,55
4952,2,6640,3600,3040,0,0,0,1.0,1,1.0,1,1.0,1,0.16743357333299932,53
4953,6,6646,3602,3044,0,0,0,1.0,1,1.0,1,1.0,1,0.15458995883426827,54
4954,0,6646,3602,3044,0,0,0,1.0,1,1.0,1,1.0,1,0.1325255626028133,52
4955,2,6648,3602,3046,0,0,0,1.0,1,1.0,1,1.0,1,0.11761491362377074,51
4956,0,6648,3602,3046,0,0,0,1.0,1,1.0,1,1.0,1,0.1076609056460972,47
4957,1,6649,3602,3047,0,0,0,1.0,1,1.0,1,1.0,1,0.09950322674877596,48
4958,0,6649,3602,3047,0,0,0,1.0,1,1.0,1,1.0,1,0.08674839313417117,47
4959,0,6649,3602,3047,0,0,0,1.0,1,1.0,1,1.0,1,0.08674839313417117,47
4960,0,6649,3602,3047,0,0,0,1.0,1,1.0,1,1.0,1,0.10137230230497847,48
4961,0,6649,3602,3047,0,0,0,1.0,1,1.0,1,1.0,1,0.0943207622011089,49
4962,2,6651,3604,3047,0,0,0,1.0,1,1.0,1,1.0,1,0.08670924485699806,49
4963,1,6652,3604,3048,0,0,0,1.0,1,1.0,1,1.0,1,0.08923616824352834,51
4964,2,6654,3605,3049,0,0,0,1.0,1,1.0,1,1.0,1,0.10328697439116213,51
4965,3,6657,3607,3050,0,0,0,1.0,1,1.0,1,1.0,1,0.12115412099702662,51
4966,1,6658,3608,3050,0,0,0,1.0,1,1.0,1,1.0,1,0.1311167641789217,51
4967,2,6660,3610,3050,0,0,0,1.0,1,1.0,1,1.0,1,0.16786613964836664,51
4968,4,6664,3611,3053,0,0,0,1.0,1,1.0,1,1.0,1,0.12366205345211084,52
4969,3,6667,3611,3056,0,0,0,1.0,1,1.0,1,1.0,1,0.10742341028121892,53
4970,2,6669,3612,3057,0,0,0,1.0,1,1.0,1,1.0,1,0.11748013712770117,54
4971,2,6671,3612,3059,0,0,0,1.0,1,1.0,1,1.0,1,0.10497943095649882,55
4972,2,6673,3613,3060,0,0,0,1.0,1,1.0,1,1.0,1,0.11077931169417587,56
4973,1,6674,3613,3061,0,0,0,1.0,1,1.0,1,1.0,1,0.08436890475795282,57
4974,0,6674,3613,3061,0,0,0,1.0,1,1.0,1,1.0,1,0.10843871435322028,56
4975,3,6677,3614,3063,0,0,0,1.0,1,1.0,1,1.0,1,0.11841931531683654,57
4976,1,6678,3615,3063,0,0,0,1.0,1,1.0,1,1.0,1,0.11018756296156564,57
4977,1,6679,3615,3064,0,0,0,1.0,1,1.0,1,1.0,1,0.10172446420135434,57
4978,1,6680,3616,3064,0,0,0,1.0,1,1.0,1,1.0,1,0.09511174246938141,58
4979,1,6681,3617,3064,0,0,0,1.0,1,1.0,1,1.0,1,0.10622670887256805,58
4980,2,6683,3618,3065,0,0,0,1.0,1,1.0,1,1.0,1,0.11962011944309323,59
4981,4,6687,3619,3068,0,0,0,1.0,1,1.0,1,1.0,1,0.10906037991691837,60
4982,0,6687,3619,3068,0,0,0,1.0,1,1.0,1,1.0,1,0.09651449235184922,61
4983,1,6688,3620,3068,0,0,0,1.0,1,1.0,1,1.0,1,0.07499407189466417,61
4984,0,6688,3620,3068,0,0,0,1.0,1,1.0,1,1.0,1,0.09982410666022018,59
4985,3,6691,3620,3071,0,0,0,1.0,1,1.0,1,1.0,1,0.101572081465818,58
4986,0,6691,3620,3071,0,0,0,1.0,1,1.0,1,1.0,1,0.08536200229973441,59
4987,1,6692,3621,3071,0,0,0,1.0,1,1.0,1,1.0,1,0.12190803805874245,58
4988,2,6694,3621,3073,0,0,0,1.0,1,1.0,1,1.0,1,0.09989385841549735,57
4989,4,6698,3623,3075,0,0,0,1.0,1,1.0,1,1.0,1,0.12027343955323955,54
4990,2,6700,3624,3076,0,0,0,1.0,1,1.0,1,1.0,1,0.09957094153151798,53
4991,3,6703,3627,3076,0,0,0,1.0,1,1.0,1,1.0,1,0.13117272431223947,52
4992,1,6704,3628,3076,0,0,0,1.0,1,1.0,1,1.0,1,0.1608060011305549,48
4993,4,6708,3629,3079,0,0,0,1.0,1,1.0,1,1.0,1,0.12632241396735602,48
4994,2,6710,3630,3080,0,0,0,1.0,1,1.0,1,1.0,1,0.09783438840317635,45
4995,2,6712,3632,3080,0,0,0,1.0,1,1.0,1,1.0,1,0.14315374282960355,45
4996,2,6714,3634,3080,0,0,0,1.0,1,1.0,1,1.0,1,0.0812006951703096,45
4997,1,6715,3635,3080,0,0,0,1.0,1,1.0,1,1.0,1,0.11965968217127752,42
4998,4,6719,3636,3083,0,0,0,1.0,1,1.0,1,1.0,1,0.10870213630552515,44
4999,1,6720,3637,3083,0,0,0,1.0,1,1.0,1,1.0,1,0.14351178001255066,44
5000,1,6721,3638,3083,0,0,0,1.0,1,1.0,1,1.0,1,0.19189918244499343,42
5001,1,6722,3638,3084,0,0,0,1.0,1,1.0,1,1.0,1,0.17200347751908002,42
5002,1,6723,3639,3084,0,0,0,1.0,1,1.0,1,1.0,1,0.17573315767084524,41
5003,2,6725,3640,3085,0,0,0,1.0,1,1.0,1,1.0,1,0.2306909437676113,41
5004,0,6725,3640,3085,0,0,0,1.0,1,1.0,1,1.0,1,0.23818792465648705,41
5005,0,6725,3640,3085,0,0,0,1.0,1,1.0,1,1.0,1,0.23818792465648705,41
5006,0,6725,3640,3085,0,0,0,1.0,1,1.0,1,1.0,1,0.22451188431840705,42
5007,0,6725,3640,3085,0,0,0,1.0,1,1.0,1,1.0,1,0.21881094604451976,43
5008,0,6725,3640,3085,0,0,0,1.0,1,1.0,1,1.0,1,0.19780085905980663,46
5009,0,6725,3640,3085,0,0,0,1.0,1,1.0,1,1.0,1,0.19780085905980663,46
5010,0,6725,3640,3085,0,0,0,1.0,1,1.0,1,1.0,1,0.21163478758102813,46
5011,0,6725,3640,3085,0,0,0,1.0,1,1.0,1,1.0,1,0.20905797881543758,47
5012,0,6725,3640,3085,0,0,0,1.0,1,1.0,1,1.0,1,0.2098359803828741,48
5013,1,6726,3640,3086,0,0,0,1.0,1,1.0,1,1.0,1,0.19290433949240013,48
5014,0,6726,3640,3086,0,0,0,1.0,1,1.0,1,1.0,1,0.18556435233900997,49
5015,2,6728,3640,3088,0,0,0,1.0,1,1.0,1,1.0,1,0.15120950418708137,50
5016,2,6730,3641,3089,0,0,0,1.0,1,1.0,1,1.0,1,0.17199622003659476,51
5017,2,6732,3641,3091,0,0,0,1.0,1,1.0,1,1.0,1,0.14869034191474856,51
5018,0,6732,3641,3091,0,0,0,1.0,1,1.0,1,1.0,1,0.14869034191474856,51
5019,0,6732,3641,3091,0,0,0,1.0,1,1.0,1,1.0,1,0.15556236014491628,51
5020,0,6732,3641,3091,0,0,0,1.0,1,1.0,1,1.0,1,0.15556236014491628,51
5021,2,6734,3641,3093,0,0,0,1.0,1,1.0,1,1.0,1,0.13892008724057572,52
5022,1,6735,3642,3093,0,0,0,1.0,1,1.0,1,1.0,1,0.13653536682532716,52
5023,1,6736,3643,3093,0,0,0,1.0,1,1.0,1,1.0,1,0.14827849943540064,52
5024,0,6736,3643,3093,0,0,0,1.0,1,1.0,1,1.0,1,0.13381546397399624,51
5025,1,6737,3643,3094,0,0,0,1.0,1,1.0,1,1.0,1,0.12372621994375622,50
5026,1,6738,3644,3094,0,0,0,1.0,1,1.0,1,1.0,1,0.18130188258891639,49
5027,1,6739,3645,3094,0,0,0,1.0,1,1.0,1,1.0,1,0.1910642551047394,47
5028,2,6741,3646,3095,0,0,0,1.0,1,1.0,1,1.0,1,0.20776692834813293,47
5029,2,6743,3647,3096,0,0,0,1.0,1,1.0,1,1.0,1,0.18593745616551993,46
5030,0,6743,3647,3096,0,0,0,1.0,1,1.0,1,1.0,1,0.18193338190251995,48
5031,1,6744,3648,3096,0,0,0,1.0,1,1.0,1,1.0,1,0.18135151015562953,46
5032,0,6744,3648,3096,0,0,0,1.0,1,1.0,1,1.0,1,0.18135151015562953,46
5033,3,6747,3649,3098,0,0,0,1.0,1,1.0,1,1.0,1,0.17225389368203417,47
5034,0,6747,3649,3098,0,0,0,1.0,1,1.0,1,1.0,1,0.15572450885200756,48
5035,0,6747,3649,3098,0,0,0,1.0,1,1.0,1,1.0,1,0.1539702549119006,47
5036,0,6747,3649,3098,0,0,0,1.0,1,1.0,1,1.0,1,0.1539702549119006,47
5037,0,6747,3649,3098,0,0,0,1.0,1,1.0,1,1.0,1,0.16209941625027866,47
5038,0,6747,3649,3098,0,0,0,1.0,1,1.0,1,1.0,1,0.17225783200190833,48
5039,1,6748,3650,3098,0,0,0,1.0,1,1.0,1,1.0,1,0.2229441983642565,47
5040,0,6748,3650,3098,0,0,0,1.0,1,1.0,1,1.0,1,0.2155031069545424,48
5041,1,6749,3650,3099,0,0,0,1.0,1,1.0,1,1.0,1,0.1960885780825645,49
5042,0,6749,3650,3099,0,0,0,1.0,1,1.0,1,1.0,1,0.18428231906428208,50
5043,1,6750,3650,3100,0,0,0,1.0,1,1.0,1,1.0,1,0.14945494929839537,51
5044,0,6750,3650,3100,0,0,0,1.0,1,1.0,1,1.0,1,0.14945494929839537,51
5045,1,6751,3650,3101,0,0,0,1.0,1,1.0,1,1.0,1,0.13764222535165538,51
5046,1,6752,3651,3101,0,0,0,1.0,1,1.0,1,1.0,1,0.15799110525844698,52
5047,1,6753,3651,3102,0,0,0,1.0,1,1.0,1,1.0,1,0.13852290886959764,52
5048,1,6754,3651,3103,0,0,0,1.0,1,1.0,1,1.0,1,0.13036982348939863,52
5049,2,6756,3651,3105,0,0,0,1.0,1,1.0,1,1.0,1,0.13921125923335137,52
5050,0,6756,3651,3105,0,0,0,1.0,1,1.0,1,1.0,1,0.13319019754279918,55
5051,1,6757,3651,3106,0,0,0,1.0,1,1.0,1,1.0,1,0.14466956402678202,55
5052,0,6757,3651,3106,0,0,0,1.0,1,1.0,1,1.0,1,0.14466956402678202,55
5053,1,6758,3651,3107,0,0,0,1.0,1,1.0,1,1.0,1,0.14782005872708256,54
5054,2,6760,3652,3108,0,0,0,1.0,1,1.0,1,1.0,1,0.1413946166746446,54
5055,1,6761,3652,3109,0,0,0,1.0,1,1.0,1,1.0,1,0.13557189324899582,54
5056,2,6763,3652,3111,0,0,0,1.0,1,1.0,1,1.0,1,0.12287055253382055,55
5057,2,6765,3652,3113,0,0,0,1.0,1,1.0,1,1.0,1,0.11136103728130325,56
5058,2,6767,3653,3114,0,0,0,1.0,1,1.0,1,1.0,1,0.08912295998576132,58
5059,1,6768,3653,3115,0,0,0,1.0,1,1.0,1,1.0,1,0.08167769177480924,58
5060,3,6771,3655,3116,0,0,0,1.0,1,1.0,1,1.0,1,0.07793673960560339,59
5061,3,6774,3655,3119,0,0,0,1.0,1,1.0,1,1.0,1,0.03292835407356351,58
5062,1,6775,3656,3119,0,0,0,1.0,1,1.0,1,1.0,1,0.016255390051786934,58
5063,4,6779,3659,3120,0,0,0,1.0,1,1.0,1,1.0,1,0.0675289281406461,57
5064,1,6780,3660,3120,0,0,0,1.0,1,1.0,1,1.0,1,0.10428687550560575,57
5065,3,6783,3661,3122,0,0,0,1.0,1,1.0,1,1.0,1,0.10285529852089641,56
5066,2,6785,3663,3122,0,0,0,1.0,1,1.0,1,1.0,1,0.15756557415791944,55
5067,0,6785,3663,3122,0,0,0,1.0,1,1.0,1,1.0,1,0.14472257459621163,54
5068,2,6787,3664,3123,0,0,0,1.0,1,1.0,1,1.0,1,0.1621604114227689,54
5069,2,6789,3665,3124,0,0,0,1.0,1,1.0,1,1.0,1,0.1734266354349293,53
5070,2,6791,3666,3125,0,0,0,1.0,1,1.0,1,1.0,1,0.201080469282409,53
5071,1,6792,3667,3125,0,0,0,1.0,1,1.0,1,1.0,1,0.18355767875379225,53
5072,1,6793,3667,3126,0,0,0,1.0,1,1.0,1,1.0,1,0.16204818672960855,53
5073,2,6795,3668,3127,0,0,0,1.0,1,1.0,1,1.0,1,0.12994926212138838,53
5074,1,6796,3668,3128,0,0,0,1.0,1,1.0,1,1.0,1,0.09984029178495737,52
5075,0,6796,3668,3128,0,0,0,1.0,1,1.0,1,1.0,1,0.09984029178495737,52
5076,0,6796,3668,3128,0,0,0,1.0,1,1.0,1,1.0,1,0.07815974047927493,55
5077,3,6799,3670,3129,0,0,0,1.0,1,1.0,1,1.0,1,0.10983912537359522,55
5078,0,6799,3670,3129,0,0,0,1.0,1,1.0,1,1.0,1,0.10983912537359522,55
5079,0,6799,3670,3129,0,0,0,1.0,1,1.0,1,1.0,1,0.12394367145407434,54
5080,1,6800,3671,3129,0,0,0,1.0,1,1.0,1,1.0,1,0.1378794130816905,55
5081,2,6802,3671,3131,0,0,0,1.0,1,1.0,1,1.0,1,0.13384219044609863,57
5082,0,6802,3671,3131,0,0,0,1.0,1,1.0,1,1.0,1,0.13384219044609863,57
5083,1,6803,3671,3132,0,0,0,1.0,1,1.0,1,1.0,1,0.11696010794432186,58
5084,1,6804,3671,3133,0,0,0,1.0,1,1.0,1,1.0,1,0.10757519513421232,58
5085,1,6805,3671,3134,0,0,0,1.0,1,1.0,1,1.0,1,0.09143121463083718,59
5086,2,6807,3673,3134,0,0,0,1.0,1,1.0,1,1.0,1,0.0728645531212105,60
5087,1,6808,3674,3134,0,0,0,1.0,1,1.0,1,1.0,1,0.0897421757783406,61
5088,3,6811,3676,3135,0,0,0,1.0,1,1.0,1,1.0,1,0.1220325337392321,62
5089,5,6816,3679,3137,0,0,0,1.0,1,1.0,1,1.0,1,0.10868816530826293,63
5090,1,6817,3679,3138,0,0,0,1.0,1,1.0,1,1.0,1,0.0997460638399148,63
5091,4,6821,3682,3139,0,0,0,1.0,1,1.0,1,1.0,1,0.13205169966003166,63
5092,1,6822,3682,3140,0,0,0,1.0,1,1.0,1,1.0,1,0.12491966811361407,63
5093,3,6825,3682,3143,0,0,0,1.0,1,1.0,1,1.0,1,0.09330347166529437,63
5094,1,6826,3683,3143,0,0,0,1.0,1,1.0,1,1.0,1,0.09238643480754646,64
5095,1,6827,3683,3144,0,0,0,1.0,1,1.0,1,1.0,1,0.07649209709872223,64
5096,1,6828,3683,3145,0,0,0,1.0,1,1.0,1,1.0,1,0.05833386929602068,67
5097,3,6831,3684,3147,0,0,0,1.0,1,1.0,1,1.0,1,0.06486248109735104,67
5098,1,6832,3685,3147,0,0,0,1.0,1,1.0,1,1.0,1,0.06077599767075741,68
5099,0,6832,3685,3147,0,0,0,1.0,1,1.0,1,1.0,1,0.06786824254373326,70
5100,0,6832,3685,3147,0,0,0,1.0,1,1.0,1,1.0,1,0.05445309670055814,71
5101,1,6833,3686,3147,0,0,0,1.0,1,1.0,1,1.0,1,0.06514989251152511,71
5102,2,6835,3687,3148,0,0,0,1.0,1,1.0,1,1.0,1,0.06641898035020342,70
5103,1,6836,3688,3148,0,0,0,1.0,1,1.0,1,1.0,1,0.07366636826920356,67
5104,2,6838,3690,3148,0,0,0,1.0,1,1.0,1,1.0,1,0.08267799390917238,67
5105,4,6842,3693,3149,0,0,0,1.0,1,1.0,1,1.0,1,0.09340478312652178,63
5106,1,6843,3694,3149,0,0,0,1.0,1,1.0,1,1.0,1,0.1318069355067482,63
5107,3,6846,3697,3149,0,0,0,1.0,1,1.0,1,1.0,1,0.16613193390041972,60
5108,2,6848,3699,3149,0,0,0,1.0,1,1.0,1,1.0,1,0.20546354263792432,56
5109,6,6854,3700,3154,0,0,0,1.0,1,1.0,1,1.0,1,0.15373586100612932,56
5110,1,6855,3701,3154,0,0,0,1.0,1,1.0,1,1.0,1,0.1851901695235921,52
5111,3,6858,3704,3154,0,0,0,1.0,1,1.0,1,1.0,1,0.22483393963309994,51
5112,2,6860,3705,3155,0,0,0,1.0,1,1.0,1,1.0,1,0.24299043205637313,50
5113,6,6866,3707,3159,0,0,0,1.0,1,1.0,1,1.0,1,0.21253812403021538,48
5114,3,6869,3708,3161,0,0,0,1.0,1,1.0,1,1.0,1,0.16321029205753432,46
5115,0,6869,3708,3161,0,0,0,1.0,1,1.0,1,1.0,1,0.1413948559350356,44
5116,0,6869,3708,3161,0,0,0,1.0,1,1.0,1,1.0,1,0.1441446880577607,44
5117,3,6872,3708,3164,0,0,0,1.0,1,1.0,1,1.0,1,0.10716350752445965,46
5118,1,6873,3708,3165,0,0,0,1.0,1,1.0,1,1.0,1,0.08061290245594031,46
5119,1,6874,3709,3165,0,0,0,1.0,1,1.0,1,1.0,1,0.10632690988304493,46
5120,3,6877,3710,3167,0,0,0,1.0,1,1.0,1,1.0,1,0.12073048529836099,46
5121,2,6879,3711,3168,0,0,0,1.0,1,1.0,1,1.0,1,0.15487672154579907,46
5122,1,6880,3712,3168,0,0,0,1.0,1,1.0,1,1.0,1,0.18392930505355973,46
5123,3,6883,3714,3169,0,0,0,1.0,1,1.0,1,1.0,1,0.1670426933291473,45
5124,3,6886,3715,3171,0,0,0,1.0,1,1.0,1,1.0,1,0.16819966929652655,47
5125,3,6889,3716,3173,0,0,0,1.0,1,1.0,1,1.0,1,0.147961334011481,50
5126,3,6892,3716,3176,0,0,0,1.0,1,1.0,1,1.0,1,0.10765515649069396,50
5127,0,6892,3716,3176,0,0,0,1.0,1,1.0,1,1.0,1,0.11315199417614538,52
5128,1,6893,3716,3177,0,0,0,1.0,1,1.0,1,1.0,1,0.10480483552357905,53
5129,1,6894,3716,3178,0,0,0,1.0,1,1.0,1,1.0,1,0.10009804141145791,55
5130,0,6894,3716,3178,0,0,0,1.0,1,1.0,1,1.0,1,0.10009804141145791,55
5131,0,6894,3716,3178,0,0,0,1.0,1,1.0,1,1.0,1,0.11787955510286585,54
5132,1,6895,3716,3179,0,0,0,1.0,1,1.0,1,1.0,1,0.11732351900905325,54
5133,1,6896,3716,3180,0,0,0,1.0,1,1.0,1,1.0,1,0.10763489993980983,54
5134,0,6896,3716,3180,0,0,0,1.0,1,1.0,1,1.0,1,0.12201647465581757,53
5135,1,6897,3716,3181,0,0,0,1.0,1,1.0,1,1.0,1,0.12449143453364588,54
5136,0,6897,3716,3181,0,0,0,1.0,1,1.0,1,1.0,1,0.15936819866290036,54
5137,2,6899,3717,3182,0,0,0,1.0,1,1.0,1,1.0,1,0.13743107560810985,54
5138,2,6901,3719,3182,0,0,0,1.0,1,1.0,1,1.0,1,0.16335569075006956,54
5139,2,6903,3720,3183,0,0,0,1.0,1,1.0,1,1.0,1,0.13782599600397163,55
5140,4,6907,3723,3184,0,0,0,1.0,1,1.0,1,1.0,1,0.1505737962363325,55
5141,4,6911,3724,3187,0,0,0,1.0,1,1.0,1,1.0,1,0.10730705954013599,53
5142,0,6911,3724,3187,0,0,0,1.0,1,1.0,1,1.0,1,0.09227237383999526,54
5143,2,6913,3726,3187,0,0,0,1.0,1,1.0,1,1.0,1,0.1341595858596475,52
5144,0,6913,3726,3187,0,0,0,1.0,1,1.0,1,1.0,1,0.10663440665899243,50
5145,2,6915,3726,3189,0,0,0,1.0,1,1.0,1,1.0,1,0.09927048322878974,49
5146,0,6915,3726,3189,0,0,0,1.0,1,1.0,1,1.0,1,0.10151318906010123,49
5147,0,6915,3726,3189,0,0,0,1.0,1,1.0,1,1.0,1,0.113428680110547,46
5148,0,6915,3726,3189,0,0,0,1.0,1,1.0,1,1.0,1,0.09021727276023823,46
5149,1,6916,3726,3190,0,0,0,1.0,1,1.0,1,1.0,1,0.08571296039441172,45
5150,2,6918,3728,3190,0,0,0,1.0,1,1.0,1,1.0,1,0.10138659438171542,47
5151,2,6920,3729,3191,0,0,0,1.0,1,1.0,1,1.0,1,0.1360410041301554,46
5152,3,6923,3731,3192,0,0,0,1.0,1,1.0,1,1.0,1,0.16770021566568089,46
5153,2,6925,3731,3194,0,0,0,1.0,1,1.0,1,1.0,1,0.1591609572382751,45
5154,3,6928,3732,3196,0,0,0,1.0,1,1.0,1,1.0,1,0.16548356735436653,47
5155,2,6930,3733,3197,0,0,0,1.0,1,1.0,1,1.0,1,0.19765310739783815,47
5156,1,6931,3733,3198,0,0,0,1.0,1,1.0,1,1.0,1,0.1711296773761203,47
5157,2,6933,3733,3200,0,0,0,1.0,1,1.0,1,1.0,1,0.163997425119278,46
5158,0,6933,3733,3200,0,0,0,1.0,1,1.0,1,1.0,1,0.15829223085764219,47
5159,2,6935,3733,3202,0,0,0,1.0,1,1.0,1,1.0,1,0.14732556232660704,49
5160,0,6935,3733,3202,0,0,0,1.0,1,1.0,1,1.0,1,0.15486319218665348,48
5161,0,6935,3733,3202,0,0,0,1.0,1,1.0,1,1.0,1,0.15486319218665348,48
5162,1,6936,3733,3203,0,0,0,1.0,1,1.0,1,1.0,1,0.13546148149952178,49
5163,3,6939,3733,3206,0,0,0,1.0,1,1.0,1,1.0,1,0.11094899508311537,51
5164,0,6939,3733,3206,0,0,0,1.0,1,1.0,1,1.0,1,0.11094899508311537,51
5165,1,6940,3733,3207,0,0,0,1.0,1,1.0,1,1.0,1,0.11510379099690668,52
5166,2,6942,3735,3207,0,0,0,1.0,1,1.0,1,1.0,1,0.11134007764554152,52
5167,1,6943,3736,3207,0,0,0,1.0,1,1.0,1,1.0,1,0.12291880144442888,52
5168,0,6943,3736,3207,0,0,0,1.0,1,1.0,1,1.0,1,0.12291880144442888,52
5169,3,6946,3737,3209,0,0,0,1.0,1,1.0,1,1.0,1,0.09430029484464393,53
5170,0,6946,3737,3209,0,0,0,1.0,1,1.0,1,1.0,1,0.09430029484464393,53
5171,0,6946,3737,3209,0,0,0,1.0,1,1.0,1,1.0,1,0.09098948949670409,52
5172,1,6947,3738,3209,0,0,0,1.0,1,1.0,1,1.0,1,0.0815277146723084,53
5173,2,6949,3738,3211,0,0,0,1.0,1,1.0,1,1.0,1,0.08371612207022934,54
5174,2,6951,3738,3213,0,0,0,1.0,1,1.0,1,1.0,1,0.06760202795058244,56
5175,2,6953,3739,3214,0,0,0,1.0,1,1.0,1,1.0,1,0.06014870341072834,58
5176,3,6956,3740,3216,0,0,0,1.0,1,1.0,1,1.0,1,0.06163351883339972,58
5177,1,6957,3740,3217,0,0,0,1.0,1,1.0,1,1.0,1,0.06580401846032123,59
5178,2,6959,3742,3217,0,0,0,1.0,1,1.0,1,1.0,1,0.10010278454703044,57
5179,1,6960,3742,3218,0,0,0,1.0,1,1.0,1,1.0,1,0.08036790931956675,58
5180,0,6960,3742,3218,0,0,0,1.0,1,1.0,1,1.0,1,0.08146596580356438,56
5181,3,6963,3744,3219,0,0,0,1.0,1,1.0,1,1.0,1,0.08449055007962032,57
5182,0,6963,3744,3219,0,0,0,1.0,1,1.0,1,1.0,1,0.08231521190200874,56
5183,3,6966,3746,3220,0,0,0,1.0,1,1.0,1,1.0,1,0.1356900282551099,57
5184,0,6966,3746,3220,0,0,0,1.0,1,1.0,1,1.0,1,0.14062703324493067,56
5185,2,6968,3746,3222,0,0,0,1.0,1,1.0,1,1.0,1,0.14353445925183916,56
5186,2,6970,3747,3223,0,0,0,1.0,1,1.0,1,1.0,1,0.1423570633924402,54
5187,0,6970,3747,3223,0,0,0,1.0,1,1.0,1,1.0,1,0.13415627962699173,51
5188,0,6970,3747,3223,0,0,0,1.0,1,1.0,1,1.0,1,0.1189093451523808,50
5189,1,6971,3747,3224,0,0,0,1.0,1,1.0,1,1.0,1,0.12792658455251008,49
5190,1,6972,3748,3224,0,0,0,1.0,1,1.0,1,1.0,1,0.10878319353438885,50
5191,0,6972,3748,3224,0,0,0,1.0,1,1.0,1,1.0,1,0.10878319353438885,50
5192,2,6974,3750,3224,0,0,0,1.0,1,1.0,1,1.0,1,0.10482824605211649,49
5193,3,6977,3750,3227,0,0,0,1.0,1,1.0,1,1.0,1,0.07700113057614888,50
5194,1,6978,3751,3227,0,0,0,1.0,1,1.0,1,1.0,1,0.10652571410529899,51
5195,1,6979,3752,3227,0,0,0,1.0,1,1.0,1,1.0,1,0.1314572244136599,51
5196,0,6979,3752,3227,0,0,0,1.0,1,1.0,1,1.0,1,0.1314572244136599,51
5197,1,6980,3752,3228,0,0,0,1.0,1,1.0,1,1.0,1,0.11496986246116395,51
5198,0,6980,3752,3228,0,0,0,1.0,1,1.0,1,1.0,1,0.11496986246116395,51
5199,0,6980,3752,3228,0,0,0,1.0,1,1.0,1,1.0,1,0.09629157106241595,54
5200,1,6981,3753,3228,0,0,0,1.0,1,1.0,1,1.0,1,0.09791098910543544,54
5201,2,6983,3755,3228,0,0,0,1.0,1,1.0,1,1.0,1,0.12086091701280202,55
5202,0,6983,3755,3228,0,0,0,1.0,1,1.0,1,1.0,1,0.1287789473222757,56
5203,0,6983,3755,3228,0,0,0,1.0,1,1.0,1,1.0,1,0.1287789473222757,56
5204,2,6985,3756,3229,0,0,0,1.0,1,1.0,1,1.0,1,0.11925886658160086,58
5205,1,6986,3756,3230,0,0,0,1.0,1,1.0,1,1.0,1,0.10513416318673845,58
5206,3,6989,3757,3232,0,0,0,1.0,1,1.0,1,1.0,1,0.08981694181004768,58
5207,0,6989,3757,3232,0,0,0,1.0,1,1.0,1,1.0,1,0.09836660056834719,59
5208,1,6990,3758,3232,0,0,0,1.0,1,1.0,1,1.0,1,0.10552632929972598,58
5209,1,6991,3758,3233,0,0,0,1.0,1,1.0,1,1.0,1,0.09207744618406649,58
5210,1,6992,3758,3234,0,0,0,1.0,1,1.0,1,1.0,1,0.0774532961835046,57
5211,0,6992,3758,3234,0,0,0,1.0,1,1.0,1,1.0,1,0.0774532961835046,57
5212,2,6994,3758,3236,0,0,0,1.0,1,1.0,1,1.0,1,0.07150657627479111,59
5213,4,6998,3760,3238,0,0,0,1.0,1,1.0,1,1.0,1,0.10705432749846687,59
5214,1,6999,3761,3238,0,0,0,1.0,1,1.0,1,1.0,1,0.16212572564445063,59
5215,2,7001,3762,3239,0,0,0,1.0,1,1.0,1,1.0,1,0.19350190759578373,58
5216,2,7003,3763,3240,0,0,0,1.0,1,1.0,1,1.0,1,0.1839416663384873,59
5217,5,7008,3767,3241,0,0,0,1.0,1,1.0,1,1.0,1,0.1394921455756376,58
5218,2,7010,3769,3241,0,0,0,1.0,1,1.0,1,1.0,1,0.16647813972476763,58
5219,1,7011,3770,3241,0,0,0,1.0,1,1.0,1,1.0,1,0.16464640993775845,57
5220,0,7011,3770,3241,0,0,0,1.0,1,1.0,1,1.0,1,0.15082272578772274,56
5221,3,7014,3771,3243,0,0,0,1.0,1,1.0,1,1.0,1,0.13331317962344727,58
5222,0,7014,3771,3243,0,0,0,1.0,1,1.0,1,1.0,1,0.12281624168413906,56
5223,3,7017,3773,3244,0,0,0,1.0,1,1.0,1,1.0,1,0.1633368555150785,55
5224,0,7017,3773,3244,0,0,0,1.0,1,1.0,1,1.0,1,0.16924236674243232,56
5225,3,7020,3774,3246,0,0,0,1.0,1,1.0,1,1.0,1,0.19601231669088315,55
5226,0,7020,3774,3246,0,0,0,1.0,1,1.0,1,1.0,1,0.19601231669088315,55
5227,1,7021,3774,3247,0,0,0,1.0,1,1.0,1,1.0,1,0.17964696155133142,53
5228,0,7021,3774,3247,0,0,0,1.0,1,1.0,1,1.0,1,0.17315476869414814,51
5229,1,7022,3774,3248,0,0,0,1.0,1,1.0,1,1.0,1,0.1439904120245291,51
5230,0,7022,3774,3248,0,0,0,1.0,1,1.0,1,1.0,1,0.14558600793687126,51
5231,1,7023,3775,3248,0,0,0,1.0,1,1.0,1,1.0,1,0.1750369671200987,52
5232,2,7025,3776,3249,0,0,0,1.0,1,1.0,1,1.0,1,0.2079795144306053,52
5233,1,7026,3777,3249,0,0,0,1.0,1,1.0,1,1.0,1,0.21134922662559502,53
5234,4,7030,3778,3252,0,0,0,1.0,1,1.0,1,1.0,1,0.21196185508173493,53
5235,0,7030,3778,3252,0,0,0,1.0,1,1.0,1,1.0,1,0.21196185508173493,53
5236,0,7030,3778,3252,0,0,0,1.0,1,1.0,1,1.0,1,0.22024530211825108,52
5237,5,7035,3778,3257,0,0,0,1.0,1,1.0,1,1.0,1,0.1967243418931376,52
5238,2,7037,3778,3259,0,0,0,1.0,1,1.0,1,1.0,1,0.1756348870960996,52
5239,0,7037,3778,3259,0,0,0,1.0,1,1.0,1,1.0,1,0.19017502373841175,51
5240,1,7038,3778,3260,0,0,0,1.0,1,1.0,1,1.0,1,0.18770029045336323,53
5241,2,7040,3779,3261,0,0,0,1.0,1,1.0,1,1.0,1,0.18076872444836592,53
5242,2,7042,3780,3262,0,0,0,1.0,1,1.0,1,1.0,1,0.16963744081757412,51
5243,3,7045,3781,3264,0,0,0,1.0,1,1.0,1,1.0,1,0.17681906314866092,51
5244,1,7046,3782,3264,0,0,0,1.0,1,1.0,1,1.0,1,0.1787198896716495,52
5245,4,7050,3784,3266,0,0,0,1.0,1,1.0,1,1.0,1,0.15586797022869361,53
5246,1,7051,3784,3267,0,0,0,1.0,1,1.0,1,1.0,1,0.1480332301324236,53
5247,3,7054,3785,3269,0,0,0,1.0,1,1.0,1,1.0,1,0.12489222683310251,54
5248,0,7054,3785,3269,0,0,0,1.0,1,1.0,1,1.0,1,0.11500268636565279,54
5249,0,7054,3785,3269,0,0,0,1.0,1,1.0,1,1.0,1,0.09805896522478233,55
5250,2,7056,3785,3271,0,0,0,1.0,1,1.0,1,1.0,1,0.09890304789222218,57
5251,1,7057,3785,3272,0,0,0,1.0,1,1.0,1,1.0,1,0.07435216994341393,58
5252,2,7059,3787,3272,0,0,0,1.0,1,1.0,1,1.0,1,0.09930574975671896,58
5253,3,7062,3789,3273,0,0,0,1.0,1,1.0,1,1.0,1,0.12981067149333678,58
5254,1,7063,3790,3273,0,0,0,1.0,1,1.0,1,1.0,1,0.1548331421024068,59
5255,3,7066,3792,3274,0,0,0,1.0,1,1.0,1,1.0,1,0.1586966164435422,58
5256,0,7066,3792,3274,0,0,0,1.0,1,1.0,1,1.0,1,0.16527728434643446,58
5257,1,7067,3793,3274,0,0,0,1.0,1,1.0,1,1.0,1,0.18223007468133073,57
5258,1,7068,3793,3275,0,0,0,1.0,1,1.0,1,1.0,1,0.1490714701038466,55
5259,0,7068,3793,3275,0,0,0,1.0,1,1.0,1,1.0,1,0.14425344636132495,56
5260,0,7068,3793,3275,0,0,0,1.0,1,1.0,1,1.0,1,0.14217304130985028,55
5261,1,7069,3793,3276,0,0,0,1.0,1,1.0,1,1.0,1,0.11945045284954417,54
5262,1,7070,3794,3276,0,0,0,1.0,1,1.0,1,1.0,1,0.14277187563327207,54
5263,0,7070,3794,3276,0,0,0,1.0,1,1.0,1,1.0,1,0.15685862853582636,55
5264,2,7072,3795,3277,0,0,0,1.0,1,1.0,1,1.0,1,0.14905715571314732,53
5265,2,7074,3796,3278,0,0,0,1.0,1,1.0,1,1.0,1,0.14403082235366543,52
5266,0,7074,3796,3278,0,0,0,1.0,1,1.0,1,1.0,1,0.16439385257236508,49
5267,4,7078,3798,3280,0,0,0,1.0,1,1.0,1,1.0,1,0.15369148121681625,49
5268,1,7079,3799,3280,0,0,0,1.0,1,1.0,1,1.0,1,0.1857278261168906,46
5269,5,7084,3800,3284,0,0,0,1.0,1,1.0,1,1.0,1,0.12160882862168727,45
5270,2,7086,3801,3285,0,0,0,1.0,1,1.0,1,1.0,1,0.11149981163728827,46
5271,4,7090,3803,3287,0,0,0,1.0,1,1.0,1,1.0,1,0.12568854563267406,46
5272,0,7090,3803,3287,0,0,0,1.0,1,1.0,1,1.0,1,0.13672694130303747,45
5273,3,7093,3803,3290,0,0,0,1.0,1,1.0,1,1.0,1,0.0952826244855346,45
5274,0,7093,3803,3290,0,0,0,1.0,1,1.0,1,1.0,1,0.09168161086467229,45
5275,3,7096,3806,3290,0,0,0,1.0,1,1.0,1,1.0,1,0.1469916430469445,46
5276,4,7100,3809,3291,0,0,0,1.0,1,1.0,1,1.0,1,0.19625548556627637,45
5277,4,7104,3809,3295,0,0,0,1.0,1,1.0,1,1.0,1,0.1345493024985745,45
5278,2,7106,3811,3295,0,0,0,1.0,1,1.0,1,1.0,1,0.16823713138336852,44
5279,1,7107,3812,3295,0,0,0,1.0,1,1.0,1,1.0,1,0.19736861451636847,45
5280,2,7109,3813,3296,0,0,0,1.0,1,1.0,1,1.0,1,0.18273277220416903,46
5281,0,7109,3813,3296,0,0,0,1.0,1,1.0,1,1.0,1,0.18273277220416903,46
5282,2,7111,3814,3297,0,0,0,1.0,1,1.0,1,1.0,1,0.1975480014953933,47
5283,0,7111,3814,3297,0,0,0,1.0,1,1.0,1,1.0,1,0.20934686008095788,48
5284,1,7112,3814,3298,0,0,0,1.0,1,1.0,1,1.0,1,0.19903918608986698,48
5285,1,7113,3814,3299,0,0,0,1.0,1,1.0,1,1.0,1,0.16899963575265264,48
5286,2,7115,3814,3301,0,0,0,1.0,1,1.0,1,1.0,1,0.1529813639169159,50
5287,0,7115,3814,3301,0,0,0,1.0,1,1.0,1,1.0,1,0.1529813639169159,50
5288,0,7115,3814,3301,0,0,0,1.0,1,1.0,1,1.0,1,0.1457079852817558,51
5289,0,7115,3814,3301,0,0,0,1.0,1,1.0,1,1.0,1,0.1457079852817558,51
5290,1,7116,3814,3302,0,0,0,1.0,1,1.0,1,1.0,1,0.13163704122599187,52
5291,2,7118,3816,3302,0,0,0,1.0,1,1.0,1,1.0,1,0.14458687287467994,52
5292,1,7119,3816,3303,0,0,0,1.0,1,1.0,1,1.0,1,0.1406715957153159,53
5293,1,7120,3817,3303,0,0,0,1.0,1,1.0,1,1.0,1,0.1611191493169958,51
5294,0,7120,3817,3303,0,0,0,1.0,1,1.0,1,1.0,1,0.14780636331162084,50
5295,0,7120,3817,3303,0,0,0,1.0,1,1.0,1,1.0,1,0.17209570130919982,49
5296,0,7120,3817,3303,0,0,0,1.0,1,1.0,1,1.0,1,0.1709687820743816,48
5297,0,7120,3817,3303,0,0,0,1.0,1,1.0,1,1.0,1,0.1951708991799946,46
5298,0,7120,3817,3303,0,0,0,1.0,1,1.0,1,1.0,1,0.195904883564313,46
5299,1,7121,3818,3303,0,0,0,1.0,1,1.0,1,1.0,1,0.220834113175591,47
5300,0,7121,3818,3303,0,0,0,1.0,1,1.0,1,1.0,1,0.1984644154327774,48
5301,0,7121,3818,3303,0,0,0,1.0,1,1.0,1,1.0,1,0.1984644154327774,48
5302,1,7122,3819,3303,0,0,0,1.0,1,1.0,1,1.0,1,0.22211518326257346,49
5303,0,7122,3819,3303,0,0,0,1.0,1,1.0,1,1.0,1,0.22137083905823052,48
5304,1,7123,3820,3303,0,0,0,1.0,1,1.0,1,1.0,1,0.20294403336970485,48
5305,0,7123,3820,3303,0,0,0,1.0,1,1.0,1,1.0,1,0.21035302016425977,47
5306,2,7125,3822,3303,0,0,0,1.0,1,1.0,1,1.0,1,0.21265121357857553,48
5307,1,7126,3823,3303,0,0,0,1.0,1,1.0,1,1.0,1,0.22570067732895283,48
5308,1,7127,3823,3304,0,0,0,1.0,1,1.0,1,1.0,1,0.20540886358907012,47
5309,0,7127,3823,3304,0,0,0,1.0,1,1.0,1,1.0,1,0.22075303966618198,46
5310,1,7128,3823,3305,0,0,0,1.0,1,1.0,1,1.0,1,0.21166136477764977,46
5311,2,7130,3824,3306,0,0,0,1.0,1,1.0,1,1.0,1,0.17464278312493373,46
5312,1,7131,3824,3307,0,0,0,1.0,1,1.0,1,1.0,1,0.17927746031714983,46
5313,2,7133,3824,3309,0,0,0,1.0,1,1.0,1,1.0,1,0.1743379051321338,46
5314,1,7134,3824,3310,0,0,0,1.0,1,1.0,1,1.0,1,0.1671450710606501,46
5315,1,7135,3824,3311,0,0,0,1.0,1,1.0,1,1.0,1,0.13846103537956267,47
5316,2,7137,3825,3312,0,0,0,1.0,1,1.0,1,1.0,1,0.153366949588812,48
5317,3,7140,3825,3315,0,0,0,1.0,1,1.0,1,1.0,1,0.10678785543192117,49
5318,4,7144,3829,3315,0,0,0,1.0,1,1.0,1,1.0,1,0.09321717554917479,49
5319,1,7145,3830,3315,0,0,0,1.0,1,1.0,1,1.0,1,0.11999223530614216,50
5320,1,7146,3831,3315,0,0,0,1.0,1,1.0,1,1.0,1,0.14044639878921317,51
5321,1,7147,3831,3316,0,0,0,1.0,1,1.0,1,1.0,1,0.10844724163627376,52
5322,1,7148,3831,3317,0,0,0,1.0,1,1.0,1,1.0,1,0.09830138174768614,53
5323,1,7149,3832,3317,0,0,0,1.0,1,1.0,1,1.0,1,0.06286892363271415,53
5324,2,7151,3832,3319,0,0,0,1.0,1,1.0,1,1.0,1,0.04729733122956581,55
5325,2,7153,3833,3320,0,0,0,1.0,1,1.0,1,1.0,1,0.03818293106286813,55
5326,2,7155,3835,3320,0,0,0,1.0,1,1.0,1,1.0,1,0.04885115764410596,55
5327,1,7156,3836,3320,0,0,0,1.0,1,1.0,1,1.0,1,0.07543274148252735,56
5328,3,7159,3837,3322,0,0,0,1.0,1,1.0,1,1.0,1,0.03392990926244967,57
5329,1,7160,3838,3322,0,0,0,1.0,1,1.0,1,1.0,1,0.045936190227373254,57
5330,2,7162,3839,3323,0,0,0,1.0,1,1.0,1,1.0,1,0.06031752857585283,56
5331,1,7163,3840,3323,0,0,0,1.0,1,1.0,1,1.0,1,0.06595762260457484,57
5332,0,7163,3840,3323,0,0,0,1.0,1,1.0,1,1.0,1,0.06893035160837602,58
5333,1,7164,3841,3323,0,0,0,1.0,1,1.0,1,1.0,1,0.07783554870113826,59
5334,0,7164,3841,3323,0,0,0,1.0,1,1.0,1,1.0,1,0.07783554870113826,59
5335,0,7164,3841,3323,0,0,0,1.0,1,1.0,1,1.0,1,0.06718301166673567,58
5336,2,7166,3842,3324,0,0,0,1.0,1,1.0,1,1.0,1,0.05803293099453796,59
5337,0,7166,3842,3324,0,0,0,1.0,1,1.0,1,1.0,1,0.05311634390966854,60
5338,2,7168,3844,3324,0,0,0,1.0,1,1.0,1,1.0,1,0.07483759156766102,60
5339,0,7168,3844,3324,0,0,0,1.0,1,1.0,1,1.0,1,0.07483759156766102,60
5340,4,7172,3847,3325,0,0,0,1.0,1,1.0,1,1.0,1,0.10379759563185055,60
5341,3,7175,3848,3327,0,0,0,1.0,1,1.0,1,1.0,1,0.11342758641290243,61
5342,1,7176,3848,3328,0,0,0,1.0,1,1.0,1,1.0,1,0.08979642639165797,59
5343,2,7178,3850,3328,0,0,0,1.0,1,1.0,1,1.0,1,0.11319087443855652,58
5344,0,7178,3850,3328,0,0,0,1.0,1,1.0,1,1.0,1,0.10638861721632682,58
5345,2,7180,3852,3328,0,0,0,1.0,1,1.0,1,1.0,1,0.1059019264725358,54
5346,0,7180,3852,3328,0,0,0,1.0,1,1.0,1,1.0,1,0.1059019264725358,54
5347,5,7185,3857,3328,0,0,0,1.0,1,1.0,1,1.0,1,0.10379288797186341,54
5348,0,7185,3857,3328,0,0,0,1.0,1,1.0,1,1.0,1,0.11679328274064536,55
5349,6,7191,3858,3333,0,0,0,1.0,1,1.0,1,1.0,1,0.08414965145908654,56
5350,0,7191,3858,3333,0,0,0,1.0,1,1.0,1,1.0,1,0.11951406970115185,56
5351,0,7191,3858,3333,0,0,0,1.0,1,1.0,1,1.0,1,0.10411567560307014,57
5352,1,7192,3859,3333,0,0,0,1.0,1,1.0,1,1.0,1,0.12747501483995644,57
5353,4,7196,3860,3336,0,0,0,1.0,1,1.0,1,1.0,1,0.08516956614020357,57
5354,0,7196,3860,3336,0,0,0,1.0,1,1.0,1,1.0,1,0.0920890741792485,56
5355,0,7196,3860,3336,0,0,0,1.0,1,1.0,1,1.0,1,0.08524262144567098,57
5356,0,7196,3860,3336,0,0,0,1.0,1,1.0,1,1.0,1,0.09764263784263308,56
5357,1,7197,3860,3337,0,0,0,1.0,1,1.0,1,1.0,1,0.1104086792194683,56
5358,1,7198,3860,3338,0,0,0,1.0,1,1.0,1,1.0,1,0.08399210310795967,57
5359,1,7199,3861,3338,0,0,0,1.0,1,1.0,1,1.0,1,0.09584226606137114,57
5360,0,7199,3861,3338,0,0,0,1.0,1,1.0,1,1.0,1,0.11793118505265333,55
5361,4,7203,3864,3339,0,0,0,1.0,1,1.0,1,1.0,1,0.1576833543967751,56
5362,1,7204,3864,3340,0,0,0,1.0,1,1.0,1,1.0,1,0.12294910099134009,57
5363,1,7205,3865,3340,0,0,0,1.0,1,1.0,1,1.0,1,0.14429435223761786,57
5364,0,7205,3865,3340,0,0,0,1.0,1,1.0,1,1.0,1,0.1537309133395822,58
5365,0,7205,3865,3340,0,0,0,1.0,1,1.0,1,1.0,1,0.13770363077768094,59
5366,2,7207,3866,3341,0,0,0,1.0,1,1.0,1,1.0,1,0.14563661273277573,60
5367,1,7208,3867,3341,0,0,0,1.0,1,1.0,1,1.0,1,0.16788858221558922,60
5368,0,7208,3867,3341,0,0,0,1.0,1,1.0,1,1.0,1,0.1618477117783179,58
5369,2,7210,3869,3341,0,0,0,1.0,1,1.0,1,1.0,1,0.1705650689900877,58
5370,0,7210,3869,3341,0,0,0,1.0,1,1.0,1,1.0,1,0.16490914302863985,57
5371,3,7213,3872,3341,0,0,0,1.0,1,1.0,1,1.0,1,0.2225607727444991,56
5372,1,7214,3873,3341,0,0,0,1.0,1,1.0,1,1.0,1,0.1957112250597198,55
5373,6,7220,3877,3343,0,0,0,1.0,1,1.0,1,1.0,1,0.22116797897306442,54
5374,1,7221,3878,3343,0,0,0,1.0,1,1.0,1,1.0,1,0.21079678387654394,53
5375,4,7225,3880,3345,0,0,0,1.0,1,1.0,1,1.0,1,0.18423010244229,52
5376,2,7227,3882,3345,0,0,0,1.0,1,1.0,1,1.0,1,0.20630399204487576,52
5377,4,7231,3883,3348,0,0,0,1.0,1,1.0,1,1.0,1,0.15388704631947203,51
5378,2,7233,3885,3348,0,0,0,1.0,1,1.0,1,1.0,1,0.2187780733987941,52
5379,1,7234,3885,3349,0,0,0,1.0,1,1.0,1,1.0,1,0.18846017587678815,50
5380,1,7235,3886,3349,0,0,0,1.0,1,1.0,1,1.0,1,0.22334927020986645,51
5381,3,7238,3887,3351,0,0,0,1.0,1,1.0,1,1.0,1,0.20119750937948788,50
5382,0,7238,3887,3351,0,0,0,1.0,1,1.0,1,1.0,1,0.20971930465917157,48
5383,0,7238,3887,3351,0,0,0,1.0,1,1.0,1,1.0,1,0.21027979615307216,48
5384,3,7241,3888,3353,0,0,0,1.0,1,1.0,1,1.0,1,0.17674148308345713,48
5385,1,7242,3888,3354,0,0,0,1.0,1,1.0,1,1.0,1,0.1735807050971012,47
5386,6,7248,3892,3356,0,0,0,1.0,1,1.0,1,1.0,1,0.16420740004400625,48
5387,1,7249,3893,3356,0,0,0,1.0,1,1.0,1,1.0,1,0.17097462438430866,48
5388,0,7249,3893,3356,0,0,0,1.0,1,1.0,1,1.0,1,0.17097462438430866,48
5389,2,7251,3893,3358,0,0,0,1.0,1,1.0,1,1.0,1,0.12553748639578616,50
5390,2,7253,3894,3359,0,0,0,1.0,1,1.0,1,1.0,1,0.1296166463136182,52
5391,1,7254,3894,3360,0,0,0,1.0,1,1.0,1,1.0,1,0.10923526706341669,52
5392,0,7254,3894,3360,0,0,0,1.0,1,1.0,1,1.0,1,0.12720080694328173,51
5393,1,7255,3895,3360,0,0,0,1.0,1,1.0,1,1.0,1,0.13802025663963083,50
5394,0,7255,3895,3360,0,0,0,1.0,1,1.0,1,1.0,1,0.13577836089578602,50
5395,2,7257,3896,3361,0,0,0,1.0,1,1.0,1,1.0,1,0.15064474300825656,49
5396,0,7257,3896,3361,0,0,0,1.0,1,1.0,1,1.0,1,0.15658079882944897,48
5397,3,7260,3897,3363,0,0,0,1.0,1,1.0,1,1.0,1,0.1265359725467954,48
5398,3,7263,3898,3365,0,0,0,1.0,1,1.0,1,1.0,1,0.13788498024344958,46
5399,3,7266,3901,3365,0,0,0,1.0,1,1.0,1,1.0,1,0.15277858312232567,46
5400,2,7268,3903,3365,0,0,0,1.0,1,1.0,1,1.0,1,0.17422191457485817,48
5401,3,7271,3903,3368,0,0,0,1.0,1,1.0,1,1.0,1,0.09036029361930538,49
5402,0,7271,3903,3368,0,0,0,1.0,1,1.0,1,1.0,1,0.0,0
