,SuccessfulHandoverCount,TotalSuccessfulHandoverCount,TotalSuccessfulHandoverCountRange,TotalSuccessfulHandoverCountLoadBalancing,TotalSuccessfulHandoverCountOverload,FailedHandoverCount,TotalFailedHandoverCount,AvgQoS,MinQoS,AvgQoS_LoadBased,MinQoS_LoadBased,AvgQoS_RangeBased,MinQoS_RangeBased,GiniLoad,VehicleCount
0,0,0,0,0,0,0,0,1.0,1,1.0,1,1.0,1,0.0,0
1,21,21,0,21,0,0,0,1.0,1,1.0,1,1.0,1,0.22146569632253624,30
2,17,38,0,38,0,0,0,1.0,1,1.0,1,1.0,1,0.23998874993324257,32
3,27,65,0,65,0,0,0,1.0,1,1.0,1,1.0,1,0.2620817621096988,33
4,17,82,0,82,0,0,0,1.0,1,1.0,1,1.0,1,0.3535225805430553,34
5,7,89,0,89,0,0,0,1.0,1,1.0,1,1.0,1,0.18062451859845985,36
6,1,90,0,90,0,0,0,1.0,1,1.0,1,1.0,1,0.18797138476340794,38
7,2,92,0,92,0,0,0,1.0,1,1.0,1,1.0,1,0.20156038084902383,40
8,3,95,0,95,0,0,0,1.0,1,1.0,1,1.0,1,0.19670938552199246,40
9,3,98,0,98,0,0,0,1.0,1,1.0,1,1.0,1,0.1575844294323376,40
10,2,100,0,100,0,0,0,1.0,1,1.0,1,1.0,1,0.1719916702819309,41
11,3,103,0,103,0,0,0,1.0,1,1.0,1,1.0,1,0.18373869347663963,40
12,2,105,0,105,0,0,0,1.0,1,1.0,1,1.0,1,0.1515539258747349,39
13,6,111,2,109,0,0,0,1.0,1,1.0,1,1.0,1,0.16337270787794314,37
14,0,111,2,109,0,0,0,1.0,1,1.0,1,1.0,1,0.17630313592120256,35
15,3,114,2,112,0,0,0,1.0,1,1.0,1,1.0,1,0.1359738280232324,36
16,2,116,4,112,0,0,0,1.0,1,1.0,1,1.0,1,0.19708165370483172,34
17,1,117,4,113,0,0,0,1.0,1,1.0,1,1.0,1,0.22789389398085091,33
18,1,118,4,114,0,0,0,1.0,1,1.0,1,1.0,1,0.22933675988650326,34
19,2,120,5,115,0,0,0,1.0,1,1.0,1,1.0,1,0.2207739160816137,34
20,0,120,5,115,0,0,0,1.0,1,1.0,1,1.0,1,0.2096273269859971,34
21,3,123,6,117,0,0,0,1.0,1,1.0,1,1.0,1,0.18853180687380588,36
22,0,123,6,117,0,0,0,1.0,1,1.0,1,1.0,1,0.1911540830839415,35
23,2,125,7,118,0,0,0,1.0,1,1.0,1,1.0,1,0.21046039698267413,35
24,1,126,8,118,0,0,0,1.0,1,1.0,1,1.0,1,0.19041402292664056,35
25,11,137,12,125,0,0,0,1.0,1,1.0,1,1.0,1,0.12378226955570042,35
26,5,142,13,129,0,0,0,1.0,1,1.0,1,1.0,1,0.09098587311693283,36
27,3,145,14,131,0,0,0,1.0,1,1.0,1,1.0,1,0.11136309876869088,34
28,6,151,16,135,0,0,0,1.0,1,1.0,1,1.0,1,0.13524214909204094,35
29,0,151,16,135,0,0,0,1.0,1,1.0,1,1.0,1,0.17681311847666595,33
30,3,154,18,136,0,0,0,1.0,1,1.0,1,1.0,1,0.17094442686589506,33
31,1,155,18,137,0,0,0,1.0,1,1.0,1,1.0,1,0.16996742617850255,33
32,0,155,18,137,0,0,0,1.0,1,1.0,1,1.0,1,0.19407877052922604,32
33,2,157,18,139,0,0,0,1.0,1,1.0,1,1.0,1,0.15028572935932447,33
34,1,158,19,139,0,0,0,1.0,1,1.0,1,1.0,1,0.1601003286133983,33
35,3,161,19,142,0,0,0,1.0,1,1.0,1,1.0,1,0.1568071474175453,35
36,1,162,20,142,0,0,0,1.0,1,1.0,1,1.0,1,0.16030241186810978,36
37,8,170,22,148,0,0,0,1.0,1,1.0,1,1.0,1,0.19236135775646257,37
38,5,175,22,153,0,0,0,1.0,1,1.0,1,1.0,1,0.18444019484712412,36
39,2,177,22,155,0,0,0,1.0,1,1.0,1,1.0,1,0.13850523908766665,38
40,3,180,22,158,0,0,0,1.0,1,1.0,1,1.0,1,0.16058999483886655,40
41,2,182,22,160,0,0,0,1.0,1,1.0,1,1.0,1,0.12072778900009154,40
42,1,183,23,160,0,0,0,1.0,1,1.0,1,1.0,1,0.14987124056735388,40
43,3,186,24,162,0,0,0,1.0,1,1.0,1,1.0,1,0.15320398191009554,43
44,0,186,24,162,0,0,0,1.0,1,1.0,1,1.0,1,0.15320398191009554,43
45,1,187,25,162,0,0,0,1.0,1,1.0,1,1.0,1,0.17299393395248286,44
46,1,188,25,163,0,0,0,1.0,1,1.0,1,1.0,1,0.15607310471890468,44
47,1,189,26,163,0,0,0,1.0,1,1.0,1,1.0,1,0.18605701477678663,44
48,3,192,27,165,0,0,0,1.0,1,1.0,1,1.0,1,0.17633223983499133,44
49,2,194,27,167,0,0,0,1.0,1,1.0,1,1.0,1,0.16198640955052412,41
50,0,194,27,167,0,0,0,1.0,1,1.0,1,1.0,1,0.18969130036316065,40
51,0,194,27,167,0,0,0,1.0,1,1.0,1,1.0,1,0.20304471037490845,38
52,1,195,28,167,0,0,0,1.0,1,1.0,1,1.0,1,0.21962734158471817,37
53,4,199,28,171,0,0,0,1.0,1,1.0,1,1.0,1,0.2052984958817223,38
54,0,199,28,171,0,0,0,1.0,1,1.0,1,1.0,1,0.18602935625709582,38
55,1,200,28,172,0,0,0,1.0,1,1.0,1,1.0,1,0.14042523313967886,38
56,0,200,28,172,0,0,0,1.0,1,1.0,1,1.0,1,0.1548330736719263,38
57,2,202,29,173,0,0,0,1.0,1,1.0,1,1.0,1,0.16943219020562633,38
58,6,208,31,177,0,0,0,1.0,1,1.0,1,1.0,1,0.22266976903672453,38
59,4,212,31,181,0,0,0,1.0,1,1.0,1,1.0,1,0.15608925925209716,40
60,1,213,32,181,0,0,0,1.0,1,1.0,1,1.0,1,0.16833944063294012,40
61,1,214,32,182,0,0,0,1.0,1,1.0,1,1.0,1,0.15417825701386634,40
62,0,214,32,182,0,0,0,1.0,1,1.0,1,1.0,1,0.1496780032349295,42
63,0,214,32,182,0,0,0,1.0,1,1.0,1,1.0,1,0.15502258391571602,40
64,0,214,32,182,0,0,0,1.0,1,1.0,1,1.0,1,0.14339690314695078,41
65,0,214,32,182,0,0,0,1.0,1,1.0,1,1.0,1,0.14339690314695078,41
66,1,215,33,182,0,0,0,1.0,1,1.0,1,1.0,1,0.1551561506446543,41
67,0,215,33,182,0,0,0,1.0,1,1.0,1,1.0,1,0.1551561506446543,41
68,0,215,33,182,0,0,0,1.0,1,1.0,1,1.0,1,0.14518559093153868,41
69,3,218,35,183,0,0,0,1.0,1,1.0,1,1.0,1,0.1759986423199006,41
70,4,222,36,186,0,0,0,1.0,1,1.0,1,1.0,1,0.14107575359393865,42
71,3,225,38,187,0,0,0,1.0,1,1.0,1,1.0,1,0.11753293797635711,44
72,1,226,38,188,0,0,0,1.0,1,1.0,1,1.0,1,0.08146572392417004,44
73,2,228,38,190,0,0,0,1.0,1,1.0,1,1.0,1,0.08134052969650934,46
74,0,228,38,190,0,0,0,1.0,1,1.0,1,1.0,1,0.10388918792099469,44
75,0,228,38,190,0,0,0,1.0,1,1.0,1,1.0,1,0.10388918792099469,44
76,4,232,41,191,0,0,0,1.0,1,1.0,1,1.0,1,0.1993199816964612,45
77,6,238,42,196,0,0,0,1.0,1,1.0,1,1.0,1,0.15033589325100521,44
78,3,241,43,198,0,0,0,1.0,1,1.0,1,1.0,1,0.13652501510370565,44
79,3,244,44,200,0,0,0,1.0,1,1.0,1,1.0,1,0.18694865610483982,43
80,4,248,44,204,0,0,0,1.0,1,1.0,1,1.0,1,0.18667338026473876,43
81,6,254,46,208,0,0,0,1.0,1,1.0,1,1.0,1,0.2131562230002398,44
82,3,257,48,209,0,0,0,1.0,1,1.0,1,1.0,1,0.24237224176559605,45
83,6,263,50,213,0,0,0,1.0,1,1.0,1,1.0,1,0.24987892702478573,45
84,2,265,50,215,0,0,0,1.0,1,1.0,1,1.0,1,0.2519905173452028,45
85,4,269,51,218,0,0,0,1.0,1,1.0,1,1.0,1,0.21212887253724266,45
86,3,272,51,221,0,0,0,1.0,1,1.0,1,1.0,1,0.1692424244522635,45
87,0,272,51,221,0,0,0,1.0,1,1.0,1,1.0,1,0.1826310760911285,44
88,0,272,51,221,0,0,0,1.0,1,1.0,1,1.0,1,0.17083736989167558,45
89,3,275,52,223,0,0,0,1.0,1,1.0,1,1.0,1,0.17107146911715967,46
90,0,275,52,223,0,0,0,1.0,1,1.0,1,1.0,1,0.19756285019700592,44
91,1,276,53,223,0,0,0,1.0,1,1.0,1,1.0,1,0.18671087219340826,45
92,0,276,53,223,0,0,0,1.0,1,1.0,1,1.0,1,0.19512541327486588,46
93,0,276,53,223,0,0,0,1.0,1,1.0,1,1.0,1,0.19512541327486588,46
94,0,276,53,223,0,0,0,1.0,1,1.0,1,1.0,1,0.19512541327486588,46
95,2,278,53,225,0,0,0,1.0,1,1.0,1,1.0,1,0.1921105308603285,46
96,1,279,54,225,0,0,0,1.0,1,1.0,1,1.0,1,0.20408623776987594,46
97,2,281,54,227,0,0,0,1.0,1,1.0,1,1.0,1,0.17194832298790214,47
98,0,281,54,227,0,0,0,1.0,1,1.0,1,1.0,1,0.17194832298790214,47
99,0,281,54,227,0,0,0,1.0,1,1.0,1,1.0,1,0.18683749506556044,46
100,1,282,54,228,0,0,0,1.0,1,1.0,1,1.0,1,0.1996329445151351,48
101,4,286,55,231,0,0,0,1.0,1,1.0,1,1.0,1,0.16831242057185974,49
102,1,287,56,231,0,0,0,1.0,1,1.0,1,1.0,1,0.1744142766063377,49
103,2,289,56,233,0,0,0,1.0,1,1.0,1,1.0,1,0.12361077711792169,48
104,4,293,57,236,0,0,0,1.0,1,1.0,1,1.0,1,0.12018730395066296,49
105,2,295,58,237,0,0,0,1.0,1,1.0,1,1.0,1,0.10673989932780079,48
106,2,297,60,237,0,0,0,1.0,1,1.0,1,1.0,1,0.12399115075657552,48
107,2,299,62,237,0,0,0,1.0,1,1.0,1,1.0,1,0.1857975798777881,47
108,1,300,62,238,0,0,0,1.0,1,1.0,1,1.0,1,0.16487670346006222,47
109,4,304,64,240,0,0,0,1.0,1,1.0,1,1.0,1,0.12798081510258627,47
110,2,306,64,242,0,0,0,1.0,1,1.0,1,1.0,1,0.1182684087478569,47
111,3,309,64,245,0,0,0,1.0,1,1.0,1,1.0,1,0.09610867636833957,46
112,4,313,66,247,0,0,0,1.0,1,1.0,1,1.0,1,0.10483167310628594,46
113,3,316,68,248,0,0,0,1.0,1,1.0,1,1.0,1,0.1310430793893663,45
114,2,318,69,249,0,0,0,1.0,1,1.0,1,1.0,1,0.09076773324836068,46
115,3,321,70,251,0,0,0,1.0,1,1.0,1,1.0,1,0.12488131640265944,47
116,1,322,70,252,0,0,0,1.0,1,1.0,1,1.0,1,0.09734043738627408,48
117,2,324,72,252,0,0,0,1.0,1,1.0,1,1.0,1,0.12010974957833748,48
118,0,324,72,252,0,0,0,1.0,1,1.0,1,1.0,1,0.12537113152859428,49
119,1,325,73,252,0,0,0,1.0,1,1.0,1,1.0,1,0.13978761004349274,50
120,4,329,73,256,0,0,0,1.0,1,1.0,1,1.0,1,0.11468138725856626,51
121,0,329,73,256,0,0,0,1.0,1,1.0,1,1.0,1,0.11468138725856626,51
122,1,330,74,256,0,0,0,1.0,1,1.0,1,1.0,1,0.10218158777992518,51
123,0,330,74,256,0,0,0,1.0,1,1.0,1,1.0,1,0.10218158777992518,51
124,0,330,74,256,0,0,0,1.0,1,1.0,1,1.0,1,0.10218158777992518,51
125,2,332,74,258,0,0,0,1.0,1,1.0,1,1.0,1,0.1157560259958754,50
126,6,338,78,260,0,0,0,1.0,1,1.0,1,1.0,1,0.122719636213186,52
127,3,341,79,262,0,0,0,1.0,1,1.0,1,1.0,1,0.14277532582504837,50
128,1,342,79,263,0,0,0,1.0,1,1.0,1,1.0,1,0.14215255059867846,50
129,5,347,79,268,0,0,0,1.0,1,1.0,1,1.0,1,0.13523258592145418,52
130,2,349,80,269,0,0,0,1.0,1,1.0,1,1.0,1,0.14005844516555502,52
131,2,351,80,271,0,0,0,1.0,1,1.0,1,1.0,1,0.14268976748796958,54
132,6,357,80,277,0,0,0,1.0,1,1.0,1,1.0,1,0.07502580926412604,54
133,1,358,80,278,0,0,0,1.0,1,1.0,1,1.0,1,0.08512384735171676,52
134,0,358,80,278,0,0,0,1.0,1,1.0,1,1.0,1,0.08603618224884442,52
135,5,363,84,279,0,0,0,1.0,1,1.0,1,1.0,1,0.15645520445003822,51
136,2,365,86,279,0,0,0,1.0,1,1.0,1,1.0,1,0.16085735159541287,51
137,3,368,86,282,0,0,0,1.0,1,1.0,1,1.0,1,0.09543988996749052,50
138,6,374,87,287,0,0,0,1.0,1,1.0,1,1.0,1,0.07821306933902224,52
139,0,374,87,287,0,0,0,1.0,1,1.0,1,1.0,1,0.07712222262214666,51
140,4,378,89,289,0,0,0,1.0,1,1.0,1,1.0,1,0.07698411776584799,51
141,2,380,90,290,0,0,0,1.0,1,1.0,1,1.0,1,0.09453238094828918,50
142,3,383,93,290,0,0,0,1.0,1,1.0,1,1.0,1,0.11420439860296021,51
143,0,383,93,290,0,0,0,1.0,1,1.0,1,1.0,1,0.14517355450450004,48
144,1,384,94,290,0,0,0,1.0,1,1.0,1,1.0,1,0.1559892257433002,49
145,4,388,97,291,0,0,0,1.0,1,1.0,1,1.0,1,0.07910871893461777,47
146,8,396,101,295,0,0,0,1.0,1,1.0,1,1.0,1,0.07129606985418417,49
147,3,399,101,298,0,0,0,1.0,1,1.0,1,1.0,1,0.0731038340371632,46
148,4,403,101,302,0,0,0,1.0,1,1.0,1,1.0,1,0.12136032583855035,47
149,5,408,103,305,0,0,0,1.0,1,1.0,1,1.0,1,0.08094714493527547,46
150,0,408,103,305,0,0,0,1.0,1,1.0,1,1.0,1,0.06386346126795643,47
151,1,409,104,305,0,0,0,1.0,1,1.0,1,1.0,1,0.07782093284655028,46
152,0,409,104,305,0,0,0,1.0,1,1.0,1,1.0,1,0.10221842577250431,45
153,3,412,104,308,0,0,0,1.0,1,1.0,1,1.0,1,0.06935494429426847,46
154,0,412,104,308,0,0,0,1.0,1,1.0,1,1.0,1,0.08128720405003255,44
155,3,415,106,309,0,0,0,1.0,1,1.0,1,1.0,1,0.1015709631867648,45
156,1,416,107,309,0,0,0,1.0,1,1.0,1,1.0,1,0.13794028519155188,43
157,3,419,107,312,0,0,0,1.0,1,1.0,1,1.0,1,0.09948103031303701,42
158,0,419,107,312,0,0,0,1.0,1,1.0,1,1.0,1,0.11966055256448582,43
159,4,423,109,314,0,0,0,1.0,1,1.0,1,1.0,1,0.17584056859637212,44
160,2,425,109,316,0,0,0,1.0,1,1.0,1,1.0,1,0.14943700489471612,44
161,3,428,111,317,0,0,0,1.0,1,1.0,1,1.0,1,0.15848845440480724,44
162,2,430,112,318,0,0,0,1.0,1,1.0,1,1.0,1,0.1738429548829074,44
163,4,434,115,319,0,0,0,1.0,1,1.0,1,1.0,1,0.21489738164983416,44
164,2,436,115,321,0,0,0,1.0,1,1.0,1,1.0,1,0.20177087712749978,44
165,5,441,117,324,0,0,0,1.0,1,1.0,1,1.0,1,0.14616333362858586,43
166,6,447,118,329,0,0,0,1.0,1,1.0,1,1.0,1,0.1062641889991841,43
167,4,451,120,331,0,0,0,1.0,1,1.0,1,1.0,1,0.1142986743712163,42
168,2,453,120,333,0,0,0,1.0,1,1.0,1,1.0,1,0.13153905735210286,40
169,3,456,121,335,0,0,0,1.0,1,1.0,1,1.0,1,0.09562930989215039,41
170,1,457,122,335,0,0,0,1.0,1,1.0,1,1.0,1,0.13250856852870307,39
171,6,463,125,338,0,0,0,1.0,1,1.0,1,1.0,1,0.11663336938431626,39
172,0,463,125,338,0,0,0,1.0,1,1.0,1,1.0,1,0.1391992257546851,38
173,1,464,125,339,0,0,0,1.0,1,1.0,1,1.0,1,0.11677231380676818,38
174,0,464,125,339,0,0,0,1.0,1,1.0,1,1.0,1,0.16635665009304745,37
175,1,465,126,339,0,0,0,1.0,1,1.0,1,1.0,1,0.15843148065227547,36
176,1,466,127,339,0,0,0,1.0,1,1.0,1,1.0,1,0.1537600373034333,36
177,2,468,129,339,0,0,0,1.0,1,1.0,1,1.0,1,0.140140986294379,38
178,2,470,129,341,0,0,0,1.0,1,1.0,1,1.0,1,0.12824455538307278,39
179,0,470,129,341,0,0,0,1.0,1,1.0,1,1.0,1,0.13915591403718927,40
180,0,470,129,341,0,0,0,1.0,1,1.0,1,1.0,1,0.13915591403718927,40
181,0,470,129,341,0,0,0,1.0,1,1.0,1,1.0,1,0.15660767754003838,39
182,3,473,132,341,0,0,0,1.0,1,1.0,1,1.0,1,0.15627275762133655,40
183,4,477,133,344,0,0,0,1.0,1,1.0,1,1.0,1,0.1657275504693028,40
184,2,479,135,344,0,0,0,1.0,1,1.0,1,1.0,1,0.23172530849435405,38
185,8,487,137,350,0,0,0,1.0,1,1.0,1,1.0,1,0.1504715394732361,38
186,2,489,138,351,0,0,0,1.0,1,1.0,1,1.0,1,0.12130702897157034,37
187,4,493,140,353,0,0,0,1.0,1,1.0,1,1.0,1,0.12996898084659508,36
188,1,494,141,353,0,0,0,1.0,1,1.0,1,1.0,1,0.1618249256450322,36
189,3,497,142,355,0,0,0,1.0,1,1.0,1,1.0,1,0.12531272406447824,36
190,3,500,142,358,0,0,0,1.0,1,1.0,1,1.0,1,0.12222780758829999,36
191,1,501,143,358,0,0,0,1.0,1,1.0,1,1.0,1,0.14489272384658738,37
192,1,502,144,358,0,0,0,1.0,1,1.0,1,1.0,1,0.18548055950393133,37
193,3,505,144,361,0,0,0,1.0,1,1.0,1,1.0,1,0.12500132827130586,38
194,2,507,144,363,0,0,0,1.0,1,1.0,1,1.0,1,0.10843653665192211,39
195,3,510,145,365,0,0,0,1.0,1,1.0,1,1.0,1,0.12102155520234932,40
196,0,510,145,365,0,0,0,1.0,1,1.0,1,1.0,1,0.12102155520234932,40
197,6,516,145,371,0,0,0,1.0,1,1.0,1,1.0,1,0.12197462607095877,40
198,1,517,145,372,0,0,0,1.0,1,1.0,1,1.0,1,0.14104172266746337,40
199,4,521,146,375,0,0,0,1.0,1,1.0,1,1.0,1,0.17754434204235786,40
200,2,523,146,377,0,0,0,1.0,1,1.0,1,1.0,1,0.16340132549701272,40
201,2,525,147,378,0,0,0,1.0,1,1.0,1,1.0,1,0.13511365908384895,39
202,1,526,147,379,0,0,0,1.0,1,1.0,1,1.0,1,0.1501685209957934,40
203,3,529,148,381,0,0,0,1.0,1,1.0,1,1.0,1,0.0992235635755961,39
204,1,530,149,381,0,0,0,1.0,1,1.0,1,1.0,1,0.11721856584081146,38
205,4,534,152,382,0,0,0,1.0,1,1.0,1,1.0,1,0.12126587041663799,37
206,1,535,153,382,0,0,0,1.0,1,1.0,1,1.0,1,0.10261466755522493,36
207,3,538,154,384,0,0,0,1.0,1,1.0,1,1.0,1,0.10618297693364352,37
208,0,538,154,384,0,0,0,1.0,1,1.0,1,1.0,1,0.15356449331510377,36
209,0,538,154,384,0,0,0,1.0,1,1.0,1,1.0,1,0.15356449331510377,36
210,1,539,155,384,0,0,0,1.0,1,1.0,1,1.0,1,0.21303518401390545,36
211,0,539,155,384,0,0,0,1.0,1,1.0,1,1.0,1,0.2458483480680976,34
212,2,541,157,384,0,0,0,1.0,1,1.0,1,1.0,1,0.26246483400736936,34
213,7,548,158,390,0,0,0,1.0,1,1.0,1,1.0,1,0.22924518617745865,36
214,1,549,158,391,0,0,0,1.0,1,1.0,1,1.0,1,0.22739663898387694,35
215,2,551,158,393,0,0,0,1.0,1,1.0,1,1.0,1,0.1592176126086758,35
216,2,553,158,395,0,0,0,1.0,1,1.0,1,1.0,1,0.1634581243859769,37
217,3,556,159,397,0,0,0,1.0,1,1.0,1,1.0,1,0.1445823360433246,37
218,4,560,162,398,0,0,0,1.0,1,1.0,1,1.0,1,0.13891008289143988,37
219,1,561,163,398,0,0,0,1.0,1,1.0,1,1.0,1,0.18034216308298534,37
220,1,562,163,399,0,0,0,1.0,1,1.0,1,1.0,1,0.1743494388357262,38
221,3,565,163,402,0,0,0,1.0,1,1.0,1,1.0,1,0.0996591220755927,39
222,1,566,164,402,0,0,0,1.0,1,1.0,1,1.0,1,0.12112039115788836,39
223,3,569,165,404,0,0,0,1.0,1,1.0,1,1.0,1,0.11480280636330961,40
224,6,575,168,407,0,0,0,1.0,1,1.0,1,1.0,1,0.13018844089144282,40
225,1,576,169,407,0,0,0,1.0,1,1.0,1,1.0,1,0.14128606550950223,39
226,3,579,170,409,0,0,0,1.0,1,1.0,1,1.0,1,0.11384335377849655,39
227,1,580,171,409,0,0,0,1.0,1,1.0,1,1.0,1,0.12548310676989458,39
228,3,583,174,409,0,0,0,1.0,1,1.0,1,1.0,1,0.1981458800574098,38
229,4,587,175,412,0,0,0,1.0,1,1.0,1,1.0,1,0.1331165715441617,39
230,1,588,176,412,0,0,0,1.0,1,1.0,1,1.0,1,0.06341741533750263,38
231,2,590,177,413,0,0,0,1.0,1,1.0,1,1.0,1,0.0795595934057491,38
232,2,592,178,414,0,0,0,1.0,1,1.0,1,1.0,1,0.1220663824968444,37
233,4,596,180,416,0,0,0,1.0,1,1.0,1,1.0,1,0.11925610710535456,36
234,1,597,180,417,0,0,0,1.0,1,1.0,1,1.0,1,0.13177379843410217,34
235,2,599,182,417,0,0,0,1.0,1,1.0,1,1.0,1,0.20004594582690594,34
236,0,599,182,417,0,0,0,1.0,1,1.0,1,1.0,1,0.21879340969544164,33
237,1,600,182,418,0,0,0,1.0,1,1.0,1,1.0,1,0.2102717672809932,32
238,0,600,182,418,0,0,0,1.0,1,1.0,1,1.0,1,0.21129129436697738,32
239,2,602,183,419,0,0,0,1.0,1,1.0,1,1.0,1,0.18568112386149807,31
240,0,602,183,419,0,0,0,1.0,1,1.0,1,1.0,1,0.2701443561034397,28
241,2,604,185,419,0,0,0,1.0,1,1.0,1,1.0,1,0.27007432192787534,27
242,2,606,185,421,0,0,0,1.0,1,1.0,1,1.0,1,0.25859962286962596,29
243,1,607,186,421,0,0,0,1.0,1,1.0,1,1.0,1,0.30509788280491784,28
244,1,608,186,422,0,0,0,1.0,1,1.0,1,1.0,1,0.28842822023038844,28
245,4,612,187,425,0,0,0,1.0,1,1.0,1,1.0,1,0.2445455246487972,27
246,2,614,188,426,0,0,0,1.0,1,1.0,1,1.0,1,0.17481500235221895,25
247,2,616,189,427,0,0,0,1.0,1,1.0,1,1.0,1,0.21385990074031003,26
248,1,617,189,428,0,0,0,1.0,1,1.0,1,1.0,1,0.20443012872429558,27
249,0,617,189,428,0,0,0,1.0,1,1.0,1,1.0,1,0.18712776107443085,26
250,1,618,189,429,0,0,0,1.0,1,1.0,1,1.0,1,0.1893370454484705,27
251,1,619,189,430,0,0,0,1.0,1,1.0,1,1.0,1,0.1847848993248049,28
252,1,620,189,431,0,0,0,1.0,1,1.0,1,1.0,1,0.19864630511994788,28
253,1,621,190,431,0,0,0,1.0,1,1.0,1,1.0,1,0.20231682855015024,28
254,2,623,190,433,0,0,0,1.0,1,1.0,1,1.0,1,0.2164073536803401,29
255,4,627,191,436,0,0,0,1.0,1,1.0,1,1.0,1,0.23852026019353856,30
256,1,628,191,437,0,0,0,1.0,1,1.0,1,1.0,1,0.23527497611467846,30
257,2,630,191,439,0,0,0,1.0,1,1.0,1,1.0,1,0.20837597700660918,32
258,2,632,192,440,0,0,0,1.0,1,1.0,1,1.0,1,0.24575738917644924,32
259,0,632,192,440,0,0,0,1.0,1,1.0,1,1.0,1,0.24575738917644924,32
260,2,634,192,442,0,0,0,1.0,1,1.0,1,1.0,1,0.17332232306374915,34
261,1,635,192,443,0,0,0,1.0,1,1.0,1,1.0,1,0.1732698569343839,35
262,2,637,194,443,0,0,0,1.0,1,1.0,1,1.0,1,0.26031447590883866,36
263,0,637,194,443,0,0,0,1.0,1,1.0,1,1.0,1,0.22810961502079138,34
264,3,640,195,445,0,0,0,1.0,1,1.0,1,1.0,1,0.1933625476447571,34
265,1,641,195,446,0,0,0,1.0,1,1.0,1,1.0,1,0.1808914909895296,33
266,0,641,195,446,0,0,0,1.0,1,1.0,1,1.0,1,0.18981221134984977,34
267,0,641,195,446,0,0,0,1.0,1,1.0,1,1.0,1,0.19441052853639912,33
268,1,642,195,447,0,0,0,1.0,1,1.0,1,1.0,1,0.20007337636924263,34
269,1,643,196,447,0,0,0,1.0,1,1.0,1,1.0,1,0.2058361562977003,34
270,1,644,196,448,0,0,0,1.0,1,1.0,1,1.0,1,0.19798442303542696,36
271,0,644,196,448,0,0,0,1.0,1,1.0,1,1.0,1,0.19798442303542696,36
272,0,644,196,448,0,0,0,1.0,1,1.0,1,1.0,1,0.21870321468898765,38
273,1,645,196,449,0,0,0,1.0,1,1.0,1,1.0,1,0.20416795581007,38
274,1,646,197,449,0,0,0,1.0,1,1.0,1,1.0,1,0.21843741333097438,38
275,1,647,197,450,0,0,0,1.0,1,1.0,1,1.0,1,0.21026867487073278,38
276,2,649,197,452,0,0,0,1.0,1,1.0,1,1.0,1,0.2164363240188198,39
277,3,652,198,454,0,0,0,1.0,1,1.0,1,1.0,1,0.1574543361079198,38
278,0,652,198,454,0,0,0,1.0,1,1.0,1,1.0,1,0.18921490882378025,38
279,0,652,198,454,0,0,0,1.0,1,1.0,1,1.0,1,0.17524487464609076,38
280,2,654,200,454,0,0,0,1.0,1,1.0,1,1.0,1,0.21016579520220158,38
281,3,657,200,457,0,0,0,1.0,1,1.0,1,1.0,1,0.11148398320834488,38
282,1,658,200,458,0,0,0,1.0,1,1.0,1,1.0,1,0.09757979328707479,38
283,1,659,201,458,0,0,0,1.0,1,1.0,1,1.0,1,0.1205541712303177,38
284,0,659,201,458,0,0,0,1.0,1,1.0,1,1.0,1,0.1248893246491751,39
285,1,660,202,458,0,0,0,1.0,1,1.0,1,1.0,1,0.16423557012092535,39
286,0,660,202,458,0,0,0,1.0,1,1.0,1,1.0,1,0.16423557012092535,39
287,1,661,202,459,0,0,0,1.0,1,1.0,1,1.0,1,0.2143288748088742,39
288,0,661,202,459,0,0,0,1.0,1,1.0,1,1.0,1,0.17447185299537343,39
289,0,661,202,459,0,0,0,1.0,1,1.0,1,1.0,1,0.17447185299537343,39
290,3,664,203,461,0,0,0,1.0,1,1.0,1,1.0,1,0.15300976512293488,39
291,3,667,203,464,0,0,0,1.0,1,1.0,1,1.0,1,0.1341214408409092,39
292,7,674,204,470,0,0,0,1.0,1,1.0,1,1.0,1,0.14446617082794153,40
293,4,678,204,474,0,0,0,1.0,1,1.0,1,1.0,1,0.06980071543637262,41
294,0,678,204,474,0,0,0,1.0,1,1.0,1,1.0,1,0.0986375846936678,40
295,1,679,205,474,0,0,0,1.0,1,1.0,1,1.0,1,0.11562459026782844,42
296,2,681,207,474,0,0,0,1.0,1,1.0,1,1.0,1,0.17679369345845897,42
297,3,684,207,477,0,0,0,1.0,1,1.0,1,1.0,1,0.12654418237738532,43
298,4,688,209,479,0,0,0,1.0,1,1.0,1,1.0,1,0.13096813307768657,44
299,2,690,209,481,0,0,0,1.0,1,1.0,1,1.0,1,0.13118995942470132,44
300,3,693,209,484,0,0,0,1.0,1,1.0,1,1.0,1,0.11595574633652196,45
301,4,697,212,485,0,0,0,1.0,1,1.0,1,1.0,1,0.12201619387343089,47
302,5,702,214,488,0,0,0,1.0,1,1.0,1,1.0,1,0.10914095513989161,46
303,2,704,216,488,0,0,0,1.0,1,1.0,1,1.0,1,0.11657736543077611,45
304,3,707,217,490,0,0,0,1.0,1,1.0,1,1.0,1,0.08647615661361674,45
305,0,707,217,490,0,0,0,1.0,1,1.0,1,1.0,1,0.09076435284095356,43
306,1,708,217,491,0,0,0,1.0,1,1.0,1,1.0,1,0.1376784702812443,44
307,2,710,219,491,0,0,0,1.0,1,1.0,1,1.0,1,0.1320441546428856,42
308,3,713,221,492,0,0,0,1.0,1,1.0,1,1.0,1,0.14042261853367466,41
309,3,716,221,495,0,0,0,1.0,1,1.0,1,1.0,1,0.10405779696823111,42
310,1,717,221,496,0,0,0,1.0,1,1.0,1,1.0,1,0.1074947002767638,41
311,0,717,221,496,0,0,0,1.0,1,1.0,1,1.0,1,0.1074947002767638,41
312,3,720,222,498,0,0,0,1.0,1,1.0,1,1.0,1,0.09366181005554554,44
313,0,720,222,498,0,0,0,1.0,1,1.0,1,1.0,1,0.08449600709196907,43
314,2,722,223,499,0,0,0,1.0,1,1.0,1,1.0,1,0.08113344225963878,43
315,1,723,224,499,0,0,0,1.0,1,1.0,1,1.0,1,0.11006313854922443,43
316,7,730,226,504,0,0,0,1.0,1,1.0,1,1.0,1,0.1376816816057132,43
317,2,732,226,506,0,0,0,1.0,1,1.0,1,1.0,1,0.13572490358852862,44
318,3,735,228,507,0,0,0,1.0,1,1.0,1,1.0,1,0.154666766127397,45
319,1,736,228,508,0,0,0,1.0,1,1.0,1,1.0,1,0.13487413099078283,46
320,0,736,228,508,0,0,0,1.0,1,1.0,1,1.0,1,0.1247940411524404,45
321,0,736,228,508,0,0,0,1.0,1,1.0,1,1.0,1,0.11860153616077747,44
322,1,737,228,509,0,0,0,1.0,1,1.0,1,1.0,1,0.11187120035649784,42
323,2,739,229,510,0,0,0,1.0,1,1.0,1,1.0,1,0.10402602587731391,42
324,0,739,229,510,0,0,0,1.0,1,1.0,1,1.0,1,0.10114176276923456,43
325,3,742,231,511,0,0,0,1.0,1,1.0,1,1.0,1,0.11889519687451944,43
326,2,744,231,513,0,0,0,1.0,1,1.0,1,1.0,1,0.11777632065389135,43
327,2,746,233,513,0,0,0,1.0,1,1.0,1,1.0,1,0.1561746147725338,44
328,0,746,233,513,0,0,0,1.0,1,1.0,1,1.0,1,0.1561746147725338,44
329,5,751,233,518,0,0,0,1.0,1,1.0,1,1.0,1,0.0899187113672783,45
330,2,753,233,520,0,0,0,1.0,1,1.0,1,1.0,1,0.09423861340018047,46
331,0,753,233,520,0,0,0,1.0,1,1.0,1,1.0,1,0.09423861340018047,46
332,1,754,233,521,0,0,0,1.0,1,1.0,1,1.0,1,0.0972477617225465,47
333,2,756,233,523,0,0,0,1.0,1,1.0,1,1.0,1,0.08354272417590727,48
334,0,756,233,523,0,0,0,1.0,1,1.0,1,1.0,1,0.08354272417590727,48
335,2,758,234,524,0,0,0,1.0,1,1.0,1,1.0,1,0.09626811467384969,49
336,1,759,234,525,0,0,0,1.0,1,1.0,1,1.0,1,0.10833434841702383,50
337,0,759,234,525,0,0,0,1.0,1,1.0,1,1.0,1,0.1278791696075803,51
338,1,760,235,525,0,0,0,1.0,1,1.0,1,1.0,1,0.15055384672653863,51
339,3,763,237,526,0,0,0,1.0,1,1.0,1,1.0,1,0.145921891730521,51
340,1,764,238,526,0,0,0,1.0,1,1.0,1,1.0,1,0.16138299416763327,51
341,3,767,238,529,0,0,0,1.0,1,1.0,1,1.0,1,0.11072498178076903,51
342,1,768,239,529,0,0,0,1.0,1,1.0,1,1.0,1,0.11832297634053865,51
343,1,769,239,530,0,0,0,1.0,1,1.0,1,1.0,1,0.12738156637354942,51
344,1,770,240,530,0,0,0,1.0,1,1.0,1,1.0,1,0.1349890152497616,50
345,2,772,240,532,0,0,0,1.0,1,1.0,1,1.0,1,0.11041355516542055,50
346,3,775,243,532,0,0,0,1.0,1,1.0,1,1.0,1,0.2156281290302536,50
347,1,776,243,533,0,0,0,1.0,1,1.0,1,1.0,1,0.19518644727746567,51
348,3,779,245,534,0,0,0,1.0,1,1.0,1,1.0,1,0.19608282499585966,52
349,6,785,246,539,0,0,0,1.0,1,1.0,1,1.0,1,0.14150330590428944,54
350,3,788,247,541,0,0,0,1.0,1,1.0,1,1.0,1,0.1663257989669188,54
351,4,792,249,543,0,0,0,1.0,1,1.0,1,1.0,1,0.1618566546252583,54
352,0,792,249,543,0,0,0,1.0,1,1.0,1,1.0,1,0.16778779835212337,56
353,2,794,251,543,0,0,0,1.0,1,1.0,1,1.0,1,0.1360657503152289,54
354,0,794,251,543,0,0,0,1.0,1,1.0,1,1.0,1,0.13111285510095932,53
355,3,797,252,545,0,0,0,1.0,1,1.0,1,1.0,1,0.09776568345334195,54
356,2,799,253,546,0,0,0,1.0,1,1.0,1,1.0,1,0.12406471378282387,54
357,3,802,256,546,0,0,0,1.0,1,1.0,1,1.0,1,0.1843488876340948,53
358,2,804,256,548,0,0,0,1.0,1,1.0,1,1.0,1,0.14976485214263996,49
359,0,804,256,548,0,0,0,1.0,1,1.0,1,1.0,1,0.1642508000846654,48
360,1,805,256,549,0,0,0,1.0,1,1.0,1,1.0,1,0.1715320094072081,47
361,4,809,256,553,0,0,0,1.0,1,1.0,1,1.0,1,0.1394474580996955,46
362,1,810,256,554,0,0,0,1.0,1,1.0,1,1.0,1,0.1439126776478828,46
363,2,812,256,556,0,0,0,1.0,1,1.0,1,1.0,1,0.13321940317868336,47
364,0,812,256,556,0,0,0,1.0,1,1.0,1,1.0,1,0.13321940317868336,47
365,3,815,256,559,0,0,0,1.0,1,1.0,1,1.0,1,0.09572874115748933,47
366,3,818,257,561,0,0,0,1.0,1,1.0,1,1.0,1,0.13127398670799556,50
367,4,822,258,564,0,0,0,1.0,1,1.0,1,1.0,1,0.12210921031726381,50
368,0,822,258,564,0,0,0,1.0,1,1.0,1,1.0,1,0.09960480843174115,51
369,1,823,258,565,0,0,0,1.0,1,1.0,1,1.0,1,0.10617875595069605,51
370,1,824,258,566,0,0,0,1.0,1,1.0,1,1.0,1,0.09156103167345091,51
371,3,827,259,568,0,0,0,1.0,1,1.0,1,1.0,1,0.13988381036846625,52
372,0,827,259,568,0,0,0,1.0,1,1.0,1,1.0,1,0.13890099815281048,53
373,3,830,260,570,0,0,0,1.0,1,1.0,1,1.0,1,0.1053872679570199,53
374,1,831,261,570,0,0,0,1.0,1,1.0,1,1.0,1,0.13401156116603927,53
375,3,834,263,571,0,0,0,1.0,1,1.0,1,1.0,1,0.12854974704369856,53
376,2,836,264,572,0,0,0,1.0,1,1.0,1,1.0,1,0.12502159647895345,53
377,6,842,267,575,0,0,0,1.0,1,1.0,1,1.0,1,0.08104914712722548,53
378,1,843,268,575,0,0,0,1.0,1,1.0,1,1.0,1,0.0920119849266446,53
379,1,844,269,575,0,0,0,1.0,1,1.0,1,1.0,1,0.08309898773219575,54
380,1,845,270,575,0,0,0,1.0,1,1.0,1,1.0,1,0.08639845059296898,54
381,1,846,271,575,0,0,0,1.0,1,1.0,1,1.0,1,0.08336385881977706,54
382,2,848,272,576,0,0,0,1.0,1,1.0,1,1.0,1,0.09123282383720212,55
383,2,850,274,576,0,0,0,1.0,1,1.0,1,1.0,1,0.09688065964047302,55
384,1,851,275,576,0,0,0,1.0,1,1.0,1,1.0,1,0.1237690710582331,54
385,3,854,275,579,0,0,0,1.0,1,1.0,1,1.0,1,0.08026705942417477,52
386,2,856,276,580,0,0,0,1.0,1,1.0,1,1.0,1,0.06786050273324827,52
387,2,858,277,581,0,0,0,1.0,1,1.0,1,1.0,1,0.10566302207901708,50
388,1,859,277,582,0,0,0,1.0,1,1.0,1,1.0,1,0.09333833057728852,52
389,3,862,279,583,0,0,0,1.0,1,1.0,1,1.0,1,0.09070952036616414,51
390,1,863,280,583,0,0,0,1.0,1,1.0,1,1.0,1,0.10694330754195963,50
391,5,868,284,584,0,0,0,1.0,1,1.0,1,1.0,1,0.16088110313915852,49
392,1,869,285,584,0,0,0,1.0,1,1.0,1,1.0,1,0.1975785722625638,47
393,10,879,287,592,0,0,0,1.0,1,1.0,1,1.0,1,0.09261963366428501,47
394,7,886,290,596,0,0,0,1.0,1,1.0,1,1.0,1,0.17226604936888315,48
395,4,890,291,599,0,0,0,1.0,1,1.0,1,1.0,1,0.1691761469554505,46
396,5,895,293,602,0,0,0,1.0,1,1.0,1,1.0,1,0.1792935707866965,43
397,6,901,293,608,0,0,0,1.0,1,1.0,1,1.0,1,0.13004324610510867,42
398,1,902,294,608,0,0,0,1.0,1,1.0,1,1.0,1,0.15073041573811558,40
399,1,903,295,608,0,0,0,1.0,1,1.0,1,1.0,1,0.17049190588957278,39
400,0,903,295,608,0,0,0,1.0,1,1.0,1,1.0,1,0.1973446429870273,38
401,1,904,295,609,0,0,0,1.0,1,1.0,1,1.0,1,0.210599688190049,37
402,1,905,296,609,0,0,0,1.0,1,1.0,1,1.0,1,0.18167136650878993,36
403,1,906,297,609,0,0,0,1.0,1,1.0,1,1.0,1,0.15993972951624785,38
404,3,909,298,611,0,0,0,1.0,1,1.0,1,1.0,1,0.1507456174748246,39
405,0,909,298,611,0,0,0,1.0,1,1.0,1,1.0,1,0.15294597169084975,40
406,1,910,298,612,0,0,0,1.0,1,1.0,1,1.0,1,0.11917907181169488,41
407,0,910,298,612,0,0,0,1.0,1,1.0,1,1.0,1,0.11197553296024162,42
408,3,913,299,614,0,0,0,1.0,1,1.0,1,1.0,1,0.1663736458870649,43
409,4,917,300,617,0,0,0,1.0,1,1.0,1,1.0,1,0.15072968452918384,44
410,3,920,300,620,0,0,0,1.0,1,1.0,1,1.0,1,0.14003901546552788,46
411,1,921,300,621,0,0,0,1.0,1,1.0,1,1.0,1,0.15621335507423093,46
412,3,924,300,624,0,0,0,1.0,1,1.0,1,1.0,1,0.14588305626983505,47
413,1,925,301,624,0,0,0,1.0,1,1.0,1,1.0,1,0.16664991037717358,47
414,2,927,301,626,0,0,0,1.0,1,1.0,1,1.0,1,0.13588376283473255,47
415,3,930,301,629,0,0,0,1.0,1,1.0,1,1.0,1,0.10945096738593522,48
416,1,931,302,629,0,0,0,1.0,1,1.0,1,1.0,1,0.14349164760122088,49
417,0,931,302,629,0,0,0,1.0,1,1.0,1,1.0,1,0.14349164760122088,49
418,2,933,303,630,0,0,0,1.0,1,1.0,1,1.0,1,0.16195199401106647,50
419,1,934,303,631,0,0,0,1.0,1,1.0,1,1.0,1,0.16210089512898884,50
420,3,937,303,634,0,0,0,1.0,1,1.0,1,1.0,1,0.13754692911309704,50
421,2,939,303,636,0,0,0,1.0,1,1.0,1,1.0,1,0.08841158553188853,50
422,0,939,303,636,0,0,0,1.0,1,1.0,1,1.0,1,0.11153466798974303,50
423,4,943,306,637,0,0,0,1.0,1,1.0,1,1.0,1,0.15127239028354342,51
424,2,945,307,638,0,0,0,1.0,1,1.0,1,1.0,1,0.1451703568639022,49
425,2,947,307,640,0,0,0,1.0,1,1.0,1,1.0,1,0.14630140417247264,48
426,4,951,309,642,0,0,0,1.0,1,1.0,1,1.0,1,0.16661805058032664,50
427,4,955,311,644,0,0,0,1.0,1,1.0,1,1.0,1,0.1706623570548458,48
428,5,960,313,647,0,0,0,1.0,1,1.0,1,1.0,1,0.1797604161000997,49
429,4,964,313,651,0,0,0,1.0,1,1.0,1,1.0,1,0.11220374236010144,45
430,5,969,315,654,0,0,0,1.0,1,1.0,1,1.0,1,0.12206482803673434,44
431,1,970,315,655,0,0,0,1.0,1,1.0,1,1.0,1,0.12652462228884512,42
432,2,972,315,657,0,0,0,1.0,1,1.0,1,1.0,1,0.15112675448278737,40
433,3,975,316,659,0,0,0,1.0,1,1.0,1,1.0,1,0.1482132061895948,39
434,1,976,317,659,0,0,0,1.0,1,1.0,1,1.0,1,0.13823938812641015,39
435,1,977,318,659,0,0,0,1.0,1,1.0,1,1.0,1,0.2155600135560958,38
436,2,979,318,661,0,0,0,1.0,1,1.0,1,1.0,1,0.16367263369656534,38
437,2,981,318,663,0,0,0,1.0,1,1.0,1,1.0,1,0.1378613007232716,39
438,2,983,318,665,0,0,0,1.0,1,1.0,1,1.0,1,0.11907441522305502,38
439,3,986,320,666,0,0,0,1.0,1,1.0,1,1.0,1,0.1595289243285354,39
440,1,987,320,667,0,0,0,1.0,1,1.0,1,1.0,1,0.11468172254665387,39
441,1,988,320,668,0,0,0,1.0,1,1.0,1,1.0,1,0.08991526985013057,41
442,3,991,320,671,0,0,0,1.0,1,1.0,1,1.0,1,0.0964420550741311,42
443,2,993,321,672,0,0,0,1.0,1,1.0,1,1.0,1,0.11179511200277654,42
444,2,995,321,674,0,0,0,1.0,1,1.0,1,1.0,1,0.09288900242455161,43
445,2,997,322,675,0,0,0,1.0,1,1.0,1,1.0,1,0.07804587845730586,44
446,1,998,323,675,0,0,0,1.0,1,1.0,1,1.0,1,0.08953336894047961,44
447,1,999,324,675,0,0,0,1.0,1,1.0,1,1.0,1,0.14677724784506677,47
448,1,1000,324,676,0,0,0,1.0,1,1.0,1,1.0,1,0.14820698609425456,46
449,4,1004,324,680,0,0,0,1.0,1,1.0,1,1.0,1,0.10443617735448522,46
450,0,1004,324,680,0,0,0,1.0,1,1.0,1,1.0,1,0.13721476499208055,46
451,1,1005,324,681,0,0,0,1.0,1,1.0,1,1.0,1,0.12096417880628133,47
452,1,1006,324,682,0,0,0,1.0,1,1.0,1,1.0,1,0.1396534030215248,47
453,0,1006,324,682,0,0,0,1.0,1,1.0,1,1.0,1,0.1396534030215248,47
454,1,1007,324,683,0,0,0,1.0,1,1.0,1,1.0,1,0.12660717550162476,46
455,4,1011,325,686,0,0,0,1.0,1,1.0,1,1.0,1,0.08061225108419788,47
456,1,1012,326,686,0,0,0,1.0,1,1.0,1,1.0,1,0.101193360882037,49
457,3,1015,327,688,0,0,0,1.0,1,1.0,1,1.0,1,0.12254321369924265,50
458,2,1017,327,690,0,0,0,1.0,1,1.0,1,1.0,1,0.07884249587469297,50
459,0,1017,327,690,0,0,0,1.0,1,1.0,1,1.0,1,0.073471460478572,52
460,0,1017,327,690,0,0,0,1.0,1,1.0,1,1.0,1,0.08349460477830276,53
461,0,1017,327,690,0,0,0,1.0,1,1.0,1,1.0,1,0.09964385169719499,54
462,0,1017,327,690,0,0,0,1.0,1,1.0,1,1.0,1,0.09964385169719499,54
463,4,1021,329,692,0,0,0,1.0,1,1.0,1,1.0,1,0.11199323871513706,55
464,3,1024,330,694,0,0,0,1.0,1,1.0,1,1.0,1,0.11432054082743963,56
465,3,1027,332,695,0,0,0,1.0,1,1.0,1,1.0,1,0.10944302686869241,54
466,7,1034,335,699,0,0,0,1.0,1,1.0,1,1.0,1,0.11566919264365773,54
467,3,1037,336,701,0,0,0,1.0,1,1.0,1,1.0,1,0.14159250725992953,51
468,8,1045,342,703,0,0,0,1.0,1,1.0,1,1.0,1,0.18792796819336213,51
469,5,1050,343,707,0,0,0,1.0,1,1.0,1,1.0,1,0.11488703371645309,48
470,2,1052,344,708,0,0,0,1.0,1,1.0,1,1.0,1,0.1109553296083354,47
471,3,1055,346,709,0,0,0,1.0,1,1.0,1,1.0,1,0.14140642644536405,44
472,3,1058,348,710,0,0,0,1.0,1,1.0,1,1.0,1,0.18756995718683867,43
473,5,1063,348,715,0,0,0,1.0,1,1.0,1,1.0,1,0.07963750287734513,41
474,1,1064,348,716,0,0,0,1.0,1,1.0,1,1.0,1,0.1034508521648282,39
475,1,1065,349,716,0,0,0,1.0,1,1.0,1,1.0,1,0.13289659502712461,40
476,9,1074,353,721,0,0,0,1.0,1,1.0,1,1.0,1,0.1954141394953188,38
477,2,1076,353,723,0,0,0,1.0,1,1.0,1,1.0,1,0.1495182092857135,35
478,1,1077,353,724,0,0,0,1.0,1,1.0,1,1.0,1,0.14218663188751965,35
479,2,1079,354,725,0,0,0,1.0,1,1.0,1,1.0,1,0.21711817456737093,32
480,0,1079,354,725,0,0,0,1.0,1,1.0,1,1.0,1,0.22082599066339112,32
481,0,1079,354,725,0,0,0,1.0,1,1.0,1,1.0,1,0.22725917963978945,33
482,5,1084,356,728,0,0,0,1.0,1,1.0,1,1.0,1,0.23480164725957223,34
483,3,1087,357,730,0,0,0,1.0,1,1.0,1,1.0,1,0.19444164503023767,32
484,0,1087,357,730,0,0,0,1.0,1,1.0,1,1.0,1,0.17663799639600167,33
485,5,1092,359,733,0,0,0,1.0,1,1.0,1,1.0,1,0.13575749570395026,34
486,2,1094,359,735,0,0,0,1.0,1,1.0,1,1.0,1,0.13298316952722244,36
487,0,1094,359,735,0,0,0,1.0,1,1.0,1,1.0,1,0.13298316952722244,36
488,1,1095,359,736,0,0,0,1.0,1,1.0,1,1.0,1,0.13571930512762284,37
489,6,1101,361,740,0,0,0,1.0,1,1.0,1,1.0,1,0.10873039181930695,38
490,1,1102,362,740,0,0,0,1.0,1,1.0,1,1.0,1,0.11746059189790796,38
491,0,1102,362,740,0,0,0,1.0,1,1.0,1,1.0,1,0.12204139613897995,37
492,2,1104,363,741,0,0,0,1.0,1,1.0,1,1.0,1,0.12294533848311434,37
493,1,1105,363,742,0,0,0,1.0,1,1.0,1,1.0,1,0.10385134110114383,37
494,5,1110,366,744,0,0,0,1.0,1,1.0,1,1.0,1,0.20017450069496676,39
495,2,1112,366,746,0,0,0,1.0,1,1.0,1,1.0,1,0.19234378079312583,40
496,1,1113,366,747,0,0,0,1.0,1,1.0,1,1.0,1,0.18080912917719108,40
497,4,1117,367,750,0,0,0,1.0,1,1.0,1,1.0,1,0.16049479383164736,43
498,2,1119,367,752,0,0,0,1.0,1,1.0,1,1.0,1,0.14865360074945982,43
499,4,1123,367,756,0,0,0,1.0,1,1.0,1,1.0,1,0.12836493177560876,44
500,1,1124,368,756,0,0,0,1.0,1,1.0,1,1.0,1,0.14313244732788713,45
501,2,1126,368,758,0,0,0,1.0,1,1.0,1,1.0,1,0.13111683763011264,45
502,1,1127,369,758,0,0,0,1.0,1,1.0,1,1.0,1,0.11811475429101927,45
503,2,1129,371,758,0,0,0,1.0,1,1.0,1,1.0,1,0.15919616920331098,46
504,5,1134,373,761,0,0,0,1.0,1,1.0,1,1.0,1,0.14888207566134942,47
505,1,1135,373,762,0,0,0,1.0,1,1.0,1,1.0,1,0.17935415472804453,42
506,3,1138,376,762,0,0,0,1.0,1,1.0,1,1.0,1,0.22807520442112766,41
507,3,1141,377,764,0,0,0,1.0,1,1.0,1,1.0,1,0.18668181415798707,38
508,1,1142,378,764,0,0,0,1.0,1,1.0,1,1.0,1,0.24334387603793184,38
509,4,1146,378,768,0,0,0,1.0,1,1.0,1,1.0,1,0.2291081507788382,37
510,0,1146,378,768,0,0,0,1.0,1,1.0,1,1.0,1,0.22383121625809896,36
511,0,1146,378,768,0,0,0,1.0,1,1.0,1,1.0,1,0.23869307509220555,34
512,0,1146,378,768,0,0,0,1.0,1,1.0,1,1.0,1,0.238572290848799,32
513,3,1149,378,771,0,0,0,1.0,1,1.0,1,1.0,1,0.12819438992363355,32
514,1,1150,378,772,0,0,0,1.0,1,1.0,1,1.0,1,0.1299827641917064,35
515,4,1154,378,776,0,0,0,1.0,1,1.0,1,1.0,1,0.10926033202227477,35
516,2,1156,378,778,0,0,0,1.0,1,1.0,1,1.0,1,0.11047000551243376,36
517,1,1157,378,779,0,0,0,1.0,1,1.0,1,1.0,1,0.09270035456710912,36
518,1,1158,378,780,0,0,0,1.0,1,1.0,1,1.0,1,0.11254781438065434,39
519,1,1159,379,780,0,0,0,1.0,1,1.0,1,1.0,1,0.1071099999282456,39
520,3,1162,380,782,0,0,0,1.0,1,1.0,1,1.0,1,0.14518368372164883,39
521,2,1164,380,784,0,0,0,1.0,1,1.0,1,1.0,1,0.10753989376007188,40
522,1,1165,381,784,0,0,0,1.0,1,1.0,1,1.0,1,0.09610653926048551,40
523,1,1166,381,785,0,0,0,1.0,1,1.0,1,1.0,1,0.11105929777158251,41
524,1,1167,382,785,0,0,0,1.0,1,1.0,1,1.0,1,0.09240529639129245,41
525,2,1169,383,786,0,0,0,1.0,1,1.0,1,1.0,1,0.10435926482523977,40
526,1,1170,384,786,0,0,0,1.0,1,1.0,1,1.0,1,0.1546956453314122,40
527,0,1170,384,786,0,0,0,1.0,1,1.0,1,1.0,1,0.1546956453314122,40
528,1,1171,385,786,0,0,0,1.0,1,1.0,1,1.0,1,0.14422025410010056,40
529,0,1171,385,786,0,0,0,1.0,1,1.0,1,1.0,1,0.16086562560519083,39
530,0,1171,385,786,0,0,0,1.0,1,1.0,1,1.0,1,0.16086562560519083,39
531,0,1171,385,786,0,0,0,1.0,1,1.0,1,1.0,1,0.16830786673124842,39
532,1,1172,386,786,0,0,0,1.0,1,1.0,1,1.0,1,0.20544880347318353,40
533,8,1180,388,792,0,0,0,1.0,1,1.0,1,1.0,1,0.1221252866173909,40
534,2,1182,388,794,0,0,0,1.0,1,1.0,1,1.0,1,0.1318056394075572,42
535,1,1183,388,795,0,0,0,1.0,1,1.0,1,1.0,1,0.13244873617264127,42
536,0,1183,388,795,0,0,0,1.0,1,1.0,1,1.0,1,0.14396104765146184,43
537,0,1183,388,795,0,0,0,1.0,1,1.0,1,1.0,1,0.14396104765146184,43
538,2,1185,389,796,0,0,0,1.0,1,1.0,1,1.0,1,0.14503074178618103,44
539,1,1186,390,796,0,0,0,1.0,1,1.0,1,1.0,1,0.16865570359557935,44
540,1,1187,390,797,0,0,0,1.0,1,1.0,1,1.0,1,0.16464684834224344,44
541,3,1190,391,799,0,0,0,1.0,1,1.0,1,1.0,1,0.10745110066631293,45
542,2,1192,392,800,0,0,0,1.0,1,1.0,1,1.0,1,0.11729874281868868,46
543,1,1193,392,801,0,0,0,1.0,1,1.0,1,1.0,1,0.12530912987929899,43
544,1,1194,393,801,0,0,0,1.0,1,1.0,1,1.0,1,0.12982908972530202,42
545,4,1198,395,803,0,0,0,1.0,1,1.0,1,1.0,1,0.1551854154912006,43
546,3,1201,397,804,0,0,0,1.0,1,1.0,1,1.0,1,0.1651437614035261,41
547,2,1203,397,806,0,0,0,1.0,1,1.0,1,1.0,1,0.15245015774294407,40
548,4,1207,400,807,0,0,0,1.0,1,1.0,1,1.0,1,0.20128532558784787,40
549,2,1209,401,808,0,0,0,1.0,1,1.0,1,1.0,1,0.16765085323880266,39
550,1,1210,402,808,0,0,0,1.0,1,1.0,1,1.0,1,0.1975098401921858,38
551,5,1215,404,811,0,0,0,1.0,1,1.0,1,1.0,1,0.20280718431646613,38
552,3,1218,405,813,0,0,0,1.0,1,1.0,1,1.0,1,0.1638944602680399,39
553,3,1221,405,816,0,0,0,1.0,1,1.0,1,1.0,1,0.10953972650681292,38
554,1,1222,406,816,0,0,0,1.0,1,1.0,1,1.0,1,0.15107566595597904,39
555,2,1224,406,818,0,0,0,1.0,1,1.0,1,1.0,1,0.09711360639922995,39
556,2,1226,407,819,0,0,0,1.0,1,1.0,1,1.0,1,0.09366336852319856,40
557,0,1226,407,819,0,0,0,1.0,1,1.0,1,1.0,1,0.08717378009686406,40
558,0,1226,407,819,0,0,0,1.0,1,1.0,1,1.0,1,0.08717378009686406,40
559,0,1226,407,819,0,0,0,1.0,1,1.0,1,1.0,1,0.08717378009686406,40
560,0,1226,407,819,0,0,0,1.0,1,1.0,1,1.0,1,0.07316960995084133,41
561,1,1227,408,819,0,0,0,1.0,1,1.0,1,1.0,1,0.13246358811020142,42
562,1,1228,409,819,0,0,0,1.0,1,1.0,1,1.0,1,0.17708821718459455,42
563,2,1230,410,820,0,0,0,1.0,1,1.0,1,1.0,1,0.1849700534154676,42
564,1,1231,410,821,0,0,0,1.0,1,1.0,1,1.0,1,0.19311769350003796,43
565,2,1233,410,823,0,0,0,1.0,1,1.0,1,1.0,1,0.17387444704077465,44
566,0,1233,410,823,0,0,0,1.0,1,1.0,1,1.0,1,0.17393808384707565,45
567,1,1234,411,823,0,0,0,1.0,1,1.0,1,1.0,1,0.20164462829340024,45
568,2,1236,412,824,0,0,0,1.0,1,1.0,1,1.0,1,0.18452506522220066,46
569,6,1242,414,828,0,0,0,1.0,1,1.0,1,1.0,1,0.16229468417391893,47
570,1,1243,415,828,0,0,0,1.0,1,1.0,1,1.0,1,0.190320475441067,48
571,2,1245,416,829,0,0,0,1.0,1,1.0,1,1.0,1,0.19925367544370243,48
572,0,1245,416,829,0,0,0,1.0,1,1.0,1,1.0,1,0.19387020038915218,47
573,2,1247,416,831,0,0,0,1.0,1,1.0,1,1.0,1,0.17456240643735807,49
574,1,1248,416,832,0,0,0,1.0,1,1.0,1,1.0,1,0.15534224887087705,49
575,2,1250,416,834,0,0,0,1.0,1,1.0,1,1.0,1,0.10584236357645681,50
576,3,1253,416,837,0,0,0,1.0,1,1.0,1,1.0,1,0.10834611350021048,51
577,0,1253,416,837,0,0,0,1.0,1,1.0,1,1.0,1,0.10834611350021048,51
578,1,1254,416,838,0,0,0,1.0,1,1.0,1,1.0,1,0.09520624574574749,51
579,1,1255,417,838,0,0,0,1.0,1,1.0,1,1.0,1,0.11480461701142289,52
580,1,1256,417,839,0,0,0,1.0,1,1.0,1,1.0,1,0.1379461470660647,52
581,3,1259,418,841,0,0,0,1.0,1,1.0,1,1.0,1,0.1285670654747067,52
582,3,1262,419,843,0,0,0,1.0,1,1.0,1,1.0,1,0.1363158258401879,53
583,3,1265,420,845,0,0,0,1.0,1,1.0,1,1.0,1,0.15967689600222315,51
584,6,1271,423,848,0,0,0,1.0,1,1.0,1,1.0,1,0.12916093195921646,51
585,4,1275,426,849,0,0,0,1.0,1,1.0,1,1.0,1,0.13724091675383626,49
586,2,1277,427,850,0,0,0,1.0,1,1.0,1,1.0,1,0.09933707136583565,49
587,1,1278,428,850,0,0,0,1.0,1,1.0,1,1.0,1,0.13726217560511053,48
588,1,1279,429,850,0,0,0,1.0,1,1.0,1,1.0,1,0.10629774553365423,46
589,2,1281,430,851,0,0,0,1.0,1,1.0,1,1.0,1,0.08919274984179844,48
590,2,1283,431,852,0,0,0,1.0,1,1.0,1,1.0,1,0.11721696924743918,47
591,3,1286,433,853,0,0,0,1.0,1,1.0,1,1.0,1,0.1397632773450085,48
592,2,1288,434,854,0,0,0,1.0,1,1.0,1,1.0,1,0.2020037083507813,47
593,4,1292,436,856,0,0,0,1.0,1,1.0,1,1.0,1,0.15154152695115497,45
594,2,1294,437,857,0,0,0,1.0,1,1.0,1,1.0,1,0.1274566677495795,44
595,1,1295,438,857,0,0,0,1.0,1,1.0,1,1.0,1,0.14994814798190656,43
596,3,1298,440,858,0,0,0,1.0,1,1.0,1,1.0,1,0.1927070299456597,44
597,3,1301,441,860,0,0,0,1.0,1,1.0,1,1.0,1,0.14000587167518802,43
598,4,1305,443,862,0,0,0,1.0,1,1.0,1,1.0,1,0.14900303076004764,45
599,2,1307,444,863,0,0,0,1.0,1,1.0,1,1.0,1,0.13179204421495913,44
600,0,1307,444,863,0,0,0,1.0,1,1.0,1,1.0,1,0.13179204421495913,44
601,2,1309,445,864,0,0,0,1.0,1,1.0,1,1.0,1,0.1535171589334735,45
602,3,1312,446,866,0,0,0,1.0,1,1.0,1,1.0,1,0.19560515057948116,46
603,0,1312,446,866,0,0,0,1.0,1,1.0,1,1.0,1,0.2084136815035484,46
604,1,1313,446,867,0,0,0,1.0,1,1.0,1,1.0,1,0.18638585061834478,47
605,2,1315,447,868,0,0,0,1.0,1,1.0,1,1.0,1,0.1320435459527412,47
606,0,1315,447,868,0,0,0,1.0,1,1.0,1,1.0,1,0.14329768956535857,47
607,0,1315,447,868,0,0,0,1.0,1,1.0,1,1.0,1,0.15678039444420502,48
608,0,1315,447,868,0,0,0,1.0,1,1.0,1,1.0,1,0.18290871701950878,47
609,2,1317,447,870,0,0,0,1.0,1,1.0,1,1.0,1,0.15333302603821766,48
610,3,1320,447,873,0,0,0,1.0,1,1.0,1,1.0,1,0.14854856368514774,48
611,1,1321,447,874,0,0,0,1.0,1,1.0,1,1.0,1,0.13613348372349882,49
612,4,1325,447,878,0,0,0,1.0,1,1.0,1,1.0,1,0.0659366404939939,50
613,0,1325,447,878,0,0,0,1.0,1,1.0,1,1.0,1,0.0659366404939939,50
614,0,1325,447,878,0,0,0,1.0,1,1.0,1,1.0,1,0.0659366404939939,50
615,1,1326,448,878,0,0,0,1.0,1,1.0,1,1.0,1,0.07948591735234758,50
616,0,1326,448,878,0,0,0,1.0,1,1.0,1,1.0,1,0.07948591735234758,50
617,3,1329,449,880,0,0,0,1.0,1,1.0,1,1.0,1,0.0950049615778077,52
618,0,1329,449,880,0,0,0,1.0,1,1.0,1,1.0,1,0.0950049615778077,52
619,1,1330,450,880,0,0,0,1.0,1,1.0,1,1.0,1,0.09712359843011846,50
620,1,1331,450,881,0,0,0,1.0,1,1.0,1,1.0,1,0.09008434140882186,50
621,2,1333,452,881,0,0,0,1.0,1,1.0,1,1.0,1,0.11537228496013645,49
622,2,1335,453,882,0,0,0,1.0,1,1.0,1,1.0,1,0.13860569745847648,49
623,6,1341,456,885,0,0,0,1.0,1,1.0,1,1.0,1,0.16651663176828868,48
624,0,1341,456,885,0,0,0,1.0,1,1.0,1,1.0,1,0.18535004064635943,46
625,7,1348,458,890,0,0,0,1.0,1,1.0,1,1.0,1,0.10867461701289757,45
626,2,1350,459,891,0,0,0,1.0,1,1.0,1,1.0,1,0.08180689267942716,44
627,2,1352,459,893,0,0,0,1.0,1,1.0,1,1.0,1,0.09182340273988697,44
628,4,1356,463,893,0,0,0,1.0,1,1.0,1,1.0,1,0.18725064417742793,44
629,2,1358,464,894,0,0,0,1.0,1,1.0,1,1.0,1,0.11975119535734498,41
630,3,1361,465,896,0,0,0,1.0,1,1.0,1,1.0,1,0.13797156851738787,40
631,5,1366,468,898,0,0,0,1.0,1,1.0,1,1.0,1,0.21881910458204717,38
632,6,1372,471,901,0,0,0,1.0,1,1.0,1,1.0,1,0.2207855382562579,38
633,1,1373,471,902,0,0,0,1.0,1,1.0,1,1.0,1,0.22673220927224486,36
634,0,1373,471,902,0,0,0,1.0,1,1.0,1,1.0,1,0.2250409411444296,35
635,1,1374,472,902,0,0,0,1.0,1,1.0,1,1.0,1,0.23889440456211544,35
636,3,1377,473,904,0,0,0,1.0,1,1.0,1,1.0,1,0.21469514854714522,36
637,3,1380,473,907,0,0,0,1.0,1,1.0,1,1.0,1,0.18209522607188824,35
638,0,1380,473,907,0,0,0,1.0,1,1.0,1,1.0,1,0.2098599125434756,34
639,3,1383,474,909,0,0,0,1.0,1,1.0,1,1.0,1,0.17878030779014342,36
640,4,1387,474,913,0,0,0,1.0,1,1.0,1,1.0,1,0.12476967023068714,37
641,0,1387,474,913,0,0,0,1.0,1,1.0,1,1.0,1,0.12476967023068714,37
642,0,1387,474,913,0,0,0,1.0,1,1.0,1,1.0,1,0.09609887549830275,38
643,2,1389,475,914,0,0,0,1.0,1,1.0,1,1.0,1,0.07741774765098361,39
644,2,1391,476,915,0,0,0,1.0,1,1.0,1,1.0,1,0.11740415407185148,39
645,0,1391,476,915,0,0,0,1.0,1,1.0,1,1.0,1,0.15166757790211338,39
646,2,1393,477,916,0,0,0,1.0,1,1.0,1,1.0,1,0.20835328964197475,40
647,0,1393,477,916,0,0,0,1.0,1,1.0,1,1.0,1,0.20835328964197475,40
648,2,1395,478,917,0,0,0,1.0,1,1.0,1,1.0,1,0.215561908491871,40
649,6,1401,478,923,0,0,0,1.0,1,1.0,1,1.0,1,0.12272059264852225,40
650,1,1402,479,923,0,0,0,1.0,1,1.0,1,1.0,1,0.1522507671860715,41
651,2,1404,479,925,0,0,0,1.0,1,1.0,1,1.0,1,0.1423191466320278,42
652,1,1405,479,926,0,0,0,1.0,1,1.0,1,1.0,1,0.14254156648131372,41
653,1,1406,479,927,0,0,0,1.0,1,1.0,1,1.0,1,0.12156223622719337,41
654,3,1409,480,929,0,0,0,1.0,1,1.0,1,1.0,1,0.126397342283707,42
655,2,1411,480,931,0,0,0,1.0,1,1.0,1,1.0,1,0.12765740768553863,45
656,5,1416,482,934,0,0,0,1.0,1,1.0,1,1.0,1,0.15346994514699064,45
657,2,1418,482,936,0,0,0,1.0,1,1.0,1,1.0,1,0.1469714390108736,43
658,3,1421,485,936,0,0,0,1.0,1,1.0,1,1.0,1,0.22958715431013976,43
659,2,1423,486,937,0,0,0,1.0,1,1.0,1,1.0,1,0.20331534827752173,43
660,0,1423,486,937,0,0,0,1.0,1,1.0,1,1.0,1,0.21789774740122675,43
661,0,1423,486,937,0,0,0,1.0,1,1.0,1,1.0,1,0.2518672595364616,41
662,3,1426,487,939,0,0,0,1.0,1,1.0,1,1.0,1,0.21897888065087306,40
663,0,1426,487,939,0,0,0,1.0,1,1.0,1,1.0,1,0.2090645854264044,39
664,4,1430,490,940,0,0,0,1.0,1,1.0,1,1.0,1,0.2601028714000461,36
665,4,1434,491,943,0,0,0,1.0,1,1.0,1,1.0,1,0.15974828730772436,36
666,2,1436,492,944,0,0,0,1.0,1,1.0,1,1.0,1,0.14963717467555915,36
667,1,1437,493,944,0,0,0,1.0,1,1.0,1,1.0,1,0.15687881151984895,35
668,2,1439,495,944,0,0,0,1.0,1,1.0,1,1.0,1,0.16937439562793852,34
669,2,1441,497,944,0,0,0,1.0,1,1.0,1,1.0,1,0.1797625925423425,34
670,1,1442,498,944,0,0,0,1.0,1,1.0,1,1.0,1,0.2010391178685868,32
671,2,1444,499,945,0,0,0,1.0,1,1.0,1,1.0,1,0.18446670456150333,33
672,0,1444,499,945,0,0,0,1.0,1,1.0,1,1.0,1,0.21023183077679594,32
673,2,1446,499,947,0,0,0,1.0,1,1.0,1,1.0,1,0.1539957343880663,32
674,1,1447,500,947,0,0,0,1.0,1,1.0,1,1.0,1,0.19038355922016467,32
675,5,1452,502,950,0,0,0,1.0,1,1.0,1,1.0,1,0.21180230442551815,34
676,4,1456,502,954,0,0,0,1.0,1,1.0,1,1.0,1,0.14017415021376908,35
677,1,1457,502,955,0,0,0,1.0,1,1.0,1,1.0,1,0.09107340835687114,35
678,0,1457,502,955,0,0,0,1.0,1,1.0,1,1.0,1,0.09107340835687114,35
679,2,1459,504,955,0,0,0,1.0,1,1.0,1,1.0,1,0.13143819646461005,36
680,1,1460,505,955,0,0,0,1.0,1,1.0,1,1.0,1,0.15422168468303082,37
681,1,1461,505,956,0,0,0,1.0,1,1.0,1,1.0,1,0.12389838484779829,37
682,0,1461,505,956,0,0,0,1.0,1,1.0,1,1.0,1,0.12389838484779829,37
683,5,1466,506,960,0,0,0,1.0,1,1.0,1,1.0,1,0.08414510009850983,38
684,3,1469,507,962,0,0,0,1.0,1,1.0,1,1.0,1,0.11735350994922482,39
685,0,1469,507,962,0,0,0,1.0,1,1.0,1,1.0,1,0.1072023433019093,38
686,0,1469,507,962,0,0,0,1.0,1,1.0,1,1.0,1,0.13910469466362071,37
687,4,1473,509,964,0,0,0,1.0,1,1.0,1,1.0,1,0.17576702448156828,38
688,2,1475,509,966,0,0,0,1.0,1,1.0,1,1.0,1,0.1820020333411365,37
689,1,1476,509,967,0,0,0,1.0,1,1.0,1,1.0,1,0.179069148428214,39
690,0,1476,509,967,0,0,0,1.0,1,1.0,1,1.0,1,0.1908510622020342,38
691,2,1478,510,968,0,0,0,1.0,1,1.0,1,1.0,1,0.14143589976468926,38
692,1,1479,510,969,0,0,0,1.0,1,1.0,1,1.0,1,0.13161408700033694,38
693,4,1483,511,972,0,0,0,1.0,1,1.0,1,1.0,1,0.11811625119018969,40
694,4,1487,514,973,0,0,0,1.0,1,1.0,1,1.0,1,0.15887601237694982,42
695,3,1490,517,973,0,0,0,1.0,1,1.0,1,1.0,1,0.22216513442067592,40
696,3,1493,518,975,0,0,0,1.0,1,1.0,1,1.0,1,0.24182743288569902,39
697,5,1498,519,979,0,0,0,1.0,1,1.0,1,1.0,1,0.17807146123634887,39
698,2,1500,519,981,0,0,0,1.0,1,1.0,1,1.0,1,0.15561629946660377,37
699,0,1500,519,981,0,0,0,1.0,1,1.0,1,1.0,1,0.14272143078034674,37
700,2,1502,519,983,0,0,0,1.0,1,1.0,1,1.0,1,0.1311973318044085,37
701,2,1504,520,984,0,0,0,1.0,1,1.0,1,1.0,1,0.08595534846065396,37
702,1,1505,521,984,0,0,0,1.0,1,1.0,1,1.0,1,0.14465116412102808,38
703,1,1506,522,984,0,0,0,1.0,1,1.0,1,1.0,1,0.1755362442819328,36
704,2,1508,524,984,0,0,0,1.0,1,1.0,1,1.0,1,0.17047165683040016,36
705,3,1511,526,985,0,0,0,1.0,1,1.0,1,1.0,1,0.17609840252559802,36
706,7,1518,531,987,0,0,0,1.0,1,1.0,1,1.0,1,0.20091675988200958,35
707,3,1521,532,989,0,0,0,1.0,1,1.0,1,1.0,1,0.19445737457800338,36
708,6,1527,535,992,0,0,0,1.0,1,1.0,1,1.0,1,0.21183948145414955,36
709,4,1531,536,995,0,0,0,1.0,1,1.0,1,1.0,1,0.147418483549698,34
710,1,1532,537,995,0,0,0,1.0,1,1.0,1,1.0,1,0.1399205136393604,34
711,0,1532,537,995,0,0,0,1.0,1,1.0,1,1.0,1,0.13478945874626141,34
712,2,1534,538,996,0,0,0,1.0,1,1.0,1,1.0,1,0.16472451950451364,35
713,1,1535,539,996,0,0,0,1.0,1,1.0,1,1.0,1,0.1594438324988864,34
714,2,1537,540,997,0,0,0,1.0,1,1.0,1,1.0,1,0.15741299540701326,34
715,1,1538,540,998,0,0,0,1.0,1,1.0,1,1.0,1,0.17055531399331905,35
716,0,1538,540,998,0,0,0,1.0,1,1.0,1,1.0,1,0.16781318895631406,33
717,3,1541,542,999,0,0,0,1.0,1,1.0,1,1.0,1,0.24351844234771997,33
718,5,1546,543,1003,0,0,0,1.0,1,1.0,1,1.0,1,0.1994692291837786,32
719,0,1546,543,1003,0,0,0,1.0,1,1.0,1,1.0,1,0.1994692291837786,32
720,2,1548,543,1005,0,0,0,1.0,1,1.0,1,1.0,1,0.13902711574560506,33
721,0,1548,543,1005,0,0,0,1.0,1,1.0,1,1.0,1,0.13902711574560506,33
722,1,1549,544,1005,0,0,0,1.0,1,1.0,1,1.0,1,0.18275083428043795,34
723,2,1551,545,1006,0,0,0,1.0,1,1.0,1,1.0,1,0.20136273282113554,34
724,2,1553,545,1008,0,0,0,1.0,1,1.0,1,1.0,1,0.1775883903855759,36
725,3,1556,546,1010,0,0,0,1.0,1,1.0,1,1.0,1,0.18880966374334068,36
726,1,1557,546,1011,0,0,0,1.0,1,1.0,1,1.0,1,0.158923690314003,36
727,0,1557,546,1011,0,0,0,1.0,1,1.0,1,1.0,1,0.158923690314003,36
728,2,1559,546,1013,0,0,0,1.0,1,1.0,1,1.0,1,0.16049903259733056,37
729,2,1561,546,1015,0,0,0,1.0,1,1.0,1,1.0,1,0.10087250783608186,37
730,0,1561,546,1015,0,0,0,1.0,1,1.0,1,1.0,1,0.10424911288081569,38
731,2,1563,547,1016,0,0,0,1.0,1,1.0,1,1.0,1,0.16965594287420133,39
732,3,1566,547,1019,0,0,0,1.0,1,1.0,1,1.0,1,0.1320321920902229,41
733,3,1569,548,1021,0,0,0,1.0,1,1.0,1,1.0,1,0.06451033700350264,39
734,1,1570,549,1021,0,0,0,1.0,1,1.0,1,1.0,1,0.12033075100501643,39
735,0,1570,549,1021,0,0,0,1.0,1,1.0,1,1.0,1,0.12128920981671219,39
736,0,1570,549,1021,0,0,0,1.0,1,1.0,1,1.0,1,0.13453475053196876,38
737,4,1574,552,1022,0,0,0,1.0,1,1.0,1,1.0,1,0.13545968063213173,39
738,1,1575,552,1023,0,0,0,1.0,1,1.0,1,1.0,1,0.1523795237664942,37
739,1,1576,553,1023,0,0,0,1.0,1,1.0,1,1.0,1,0.16941394051297048,37
740,0,1576,553,1023,0,0,0,1.0,1,1.0,1,1.0,1,0.166611361375179,35
741,1,1577,554,1023,0,0,0,1.0,1,1.0,1,1.0,1,0.22643058616764167,33
742,3,1580,555,1025,0,0,0,1.0,1,1.0,1,1.0,1,0.1685432829684569,35
743,2,1582,557,1025,0,0,0,1.0,1,1.0,1,1.0,1,0.2252600300967635,35
744,2,1584,559,1025,0,0,0,1.0,1,1.0,1,1.0,1,0.19467160652413115,34
745,6,1590,561,1029,0,0,0,1.0,1,1.0,1,1.0,1,0.13177853958931618,34
746,2,1592,562,1030,0,0,0,1.0,1,1.0,1,1.0,1,0.11139983062022532,33
747,1,1593,562,1031,0,0,0,1.0,1,1.0,1,1.0,1,0.12535727337470695,32
748,0,1593,562,1031,0,0,0,1.0,1,1.0,1,1.0,1,0.14333908518763214,33
749,1,1594,562,1032,0,0,0,1.0,1,1.0,1,1.0,1,0.1099610723009505,33
750,2,1596,562,1034,0,0,0,1.0,1,1.0,1,1.0,1,0.09651549351338133,34
751,1,1597,563,1034,0,0,0,1.0,1,1.0,1,1.0,1,0.09935655813124172,36
752,1,1598,564,1034,0,0,0,1.0,1,1.0,1,1.0,1,0.060015446631777,35
753,2,1600,566,1034,0,0,0,1.0,1,1.0,1,1.0,1,0.14420954048744647,37
754,5,1605,568,1037,0,0,0,1.0,1,1.0,1,1.0,1,0.12964204484450875,37
755,2,1607,569,1038,0,0,0,1.0,1,1.0,1,1.0,1,0.14935637306630017,35
756,3,1610,570,1040,0,0,0,1.0,1,1.0,1,1.0,1,0.19287862484387072,36
757,5,1615,570,1045,0,0,0,1.0,1,1.0,1,1.0,1,0.09425966348841691,35
758,0,1615,570,1045,0,0,0,1.0,1,1.0,1,1.0,1,0.09478223894386618,36
759,2,1617,571,1046,0,0,0,1.0,1,1.0,1,1.0,1,0.1083401567237219,37
760,2,1619,571,1048,0,0,0,1.0,1,1.0,1,1.0,1,0.13802848364853637,36
761,2,1621,571,1050,0,0,0,1.0,1,1.0,1,1.0,1,0.08379679637564398,36
762,0,1621,571,1050,0,0,0,1.0,1,1.0,1,1.0,1,0.09236999076108104,37
763,0,1621,571,1050,0,0,0,1.0,1,1.0,1,1.0,1,0.09506921772460444,38
764,0,1621,571,1050,0,0,0,1.0,1,1.0,1,1.0,1,0.09506921772460444,38
765,0,1621,571,1050,0,0,0,1.0,1,1.0,1,1.0,1,0.09506921772460444,38
766,0,1621,571,1050,0,0,0,1.0,1,1.0,1,1.0,1,0.07267938979055166,40
767,0,1621,571,1050,0,0,0,1.0,1,1.0,1,1.0,1,0.09332941378445864,41
768,1,1622,572,1050,0,0,0,1.0,1,1.0,1,1.0,1,0.1251519384981448,41
769,0,1622,572,1050,0,0,0,1.0,1,1.0,1,1.0,1,0.1386483455987222,42
770,2,1624,573,1051,0,0,0,1.0,1,1.0,1,1.0,1,0.13314111124827366,41
771,1,1625,574,1051,0,0,0,1.0,1,1.0,1,1.0,1,0.15248883525129148,41
772,2,1627,575,1052,0,0,0,1.0,1,1.0,1,1.0,1,0.1407461101293732,41
773,4,1631,575,1056,0,0,0,1.0,1,1.0,1,1.0,1,0.08703962628490781,41
774,3,1634,577,1057,0,0,0,1.0,1,1.0,1,1.0,1,0.13366547042166574,42
775,0,1634,577,1057,0,0,0,1.0,1,1.0,1,1.0,1,0.13366547042166574,42
776,0,1634,577,1057,0,0,0,1.0,1,1.0,1,1.0,1,0.13366547042166574,42
777,0,1634,577,1057,0,0,0,1.0,1,1.0,1,1.0,1,0.13366547042166574,42
778,2,1636,577,1059,0,0,0,1.0,1,1.0,1,1.0,1,0.11674832325782528,44
779,1,1637,577,1060,0,0,0,1.0,1,1.0,1,1.0,1,0.09442974758740018,44
780,0,1637,577,1060,0,0,0,1.0,1,1.0,1,1.0,1,0.09442974758740018,44
781,0,1637,577,1060,0,0,0,1.0,1,1.0,1,1.0,1,0.1089226600142045,46
782,4,1641,579,1062,0,0,0,1.0,1,1.0,1,1.0,1,0.11061128281676177,45
783,1,1642,580,1062,0,0,0,1.0,1,1.0,1,1.0,1,0.15794496912708747,44
784,4,1646,582,1064,0,0,0,1.0,1,1.0,1,1.0,1,0.15557078602547303,44
785,5,1651,582,1069,0,0,0,1.0,1,1.0,1,1.0,1,0.12465703340706243,43
786,0,1651,582,1069,0,0,0,1.0,1,1.0,1,1.0,1,0.12465703340706243,43
787,1,1652,583,1069,0,0,0,1.0,1,1.0,1,1.0,1,0.12118685058869756,43
788,2,1654,584,1070,0,0,0,1.0,1,1.0,1,1.0,1,0.13635694712129898,45
789,4,1658,585,1073,0,0,0,1.0,1,1.0,1,1.0,1,0.07640564904534444,46
790,1,1659,585,1074,0,0,0,1.0,1,1.0,1,1.0,1,0.07365854256167771,45
791,0,1659,585,1074,0,0,0,1.0,1,1.0,1,1.0,1,0.09081642410481995,46
792,3,1662,586,1076,0,0,0,1.0,1,1.0,1,1.0,1,0.10110302837864586,46
793,1,1663,586,1077,0,0,0,1.0,1,1.0,1,1.0,1,0.07615158509642973,46
794,1,1664,586,1078,0,0,0,1.0,1,1.0,1,1.0,1,0.11879976755342356,47
795,0,1664,586,1078,0,0,0,1.0,1,1.0,1,1.0,1,0.11879976755342356,47
796,3,1667,588,1079,0,0,0,1.0,1,1.0,1,1.0,1,0.15308486668916566,46
797,5,1672,590,1082,0,0,0,1.0,1,1.0,1,1.0,1,0.11114550824442226,47
798,3,1675,592,1083,0,0,0,1.0,1,1.0,1,1.0,1,0.12987352247928702,48
799,0,1675,592,1083,0,0,0,1.0,1,1.0,1,1.0,1,0.12987352247928702,48
800,2,1677,593,1084,0,0,0,1.0,1,1.0,1,1.0,1,0.1752696101209918,48
801,7,1684,594,1090,0,0,0,1.0,1,1.0,1,1.0,1,0.11886016382393078,49
802,2,1686,594,1092,0,0,0,1.0,1,1.0,1,1.0,1,0.12719152076723134,50
803,2,1688,594,1094,0,0,0,1.0,1,1.0,1,1.0,1,0.13086250262340013,49
804,5,1693,595,1098,0,0,0,1.0,1,1.0,1,1.0,1,0.1365431787711533,50
805,2,1695,595,1100,0,0,0,1.0,1,1.0,1,1.0,1,0.09595315406798709,50
806,1,1696,596,1100,0,0,0,1.0,1,1.0,1,1.0,1,0.0968273887979649,50
807,3,1699,596,1103,0,0,0,1.0,1,1.0,1,1.0,1,0.09826330136588668,51
808,1,1700,596,1104,0,0,0,1.0,1,1.0,1,1.0,1,0.09873497954037853,51
809,4,1704,597,1107,0,0,0,1.0,1,1.0,1,1.0,1,0.06813183291164039,51
810,0,1704,597,1107,0,0,0,1.0,1,1.0,1,1.0,1,0.07195924254878705,52
811,3,1707,599,1108,0,0,0,1.0,1,1.0,1,1.0,1,0.12796541788331545,50
812,2,1709,600,1109,0,0,0,1.0,1,1.0,1,1.0,1,0.13184879962353788,48
813,5,1714,601,1113,0,0,0,1.0,1,1.0,1,1.0,1,0.13300565823346797,49
814,1,1715,601,1114,0,0,0,1.0,1,1.0,1,1.0,1,0.10864169845886118,48
815,1,1716,601,1115,0,0,0,1.0,1,1.0,1,1.0,1,0.10375711520562082,48
816,2,1718,603,1115,0,0,0,1.0,1,1.0,1,1.0,1,0.15347991660886193,46
817,4,1722,603,1119,0,0,0,1.0,1,1.0,1,1.0,1,0.17275208138099662,44
818,2,1724,603,1121,0,0,0,1.0,1,1.0,1,1.0,1,0.1309808774342232,46
819,0,1724,603,1121,0,0,0,1.0,1,1.0,1,1.0,1,0.17370660154640188,44
820,0,1724,603,1121,0,0,0,1.0,1,1.0,1,1.0,1,0.20406178627814003,44
821,3,1727,603,1124,0,0,0,1.0,1,1.0,1,1.0,1,0.15945568202111202,44
822,2,1729,605,1124,0,0,0,1.0,1,1.0,1,1.0,1,0.20386489304976302,44
823,2,1731,606,1125,0,0,0,1.0,1,1.0,1,1.0,1,0.15168077801638394,42
824,3,1734,608,1126,0,0,0,1.0,1,1.0,1,1.0,1,0.1630908272435486,42
825,1,1735,609,1126,0,0,0,1.0,1,1.0,1,1.0,1,0.14177653423837172,40
826,6,1741,614,1127,0,0,0,1.0,1,1.0,1,1.0,1,0.18176503473983016,41
827,2,1743,615,1128,0,0,0,1.0,1,1.0,1,1.0,1,0.1772349350024754,40
828,4,1747,617,1130,0,0,0,1.0,1,1.0,1,1.0,1,0.1681304454170009,40
829,10,1757,618,1139,0,0,0,1.0,1,1.0,1,1.0,1,0.07173648639810355,42
830,6,1763,620,1143,0,0,0,1.0,1,1.0,1,1.0,1,0.14210351131020818,42
831,9,1772,622,1150,0,0,0,1.0,1,1.0,1,1.0,1,0.17241715712754357,43
832,7,1779,623,1156,0,0,0,1.0,1,1.0,1,1.0,1,0.16209451744717474,42
833,1,1780,623,1157,0,0,0,1.0,1,1.0,1,1.0,1,0.15063752066494449,41
834,2,1782,624,1158,0,0,0,1.0,1,1.0,1,1.0,1,0.1567388515258392,41
835,2,1784,624,1160,0,0,0,1.0,1,1.0,1,1.0,1,0.10583155481377908,41
836,0,1784,624,1160,0,0,0,1.0,1,1.0,1,1.0,1,0.10433911633467897,40
837,0,1784,624,1160,0,0,0,1.0,1,1.0,1,1.0,1,0.10364933308145102,41
838,0,1784,624,1160,0,0,0,1.0,1,1.0,1,1.0,1,0.10364933308145102,41
839,1,1785,625,1160,0,0,0,1.0,1,1.0,1,1.0,1,0.12394452995449125,41
840,3,1788,626,1162,0,0,0,1.0,1,1.0,1,1.0,1,0.1069822241177043,42
841,1,1789,626,1163,0,0,0,1.0,1,1.0,1,1.0,1,0.09680513488451309,42
842,1,1790,627,1163,0,0,0,1.0,1,1.0,1,1.0,1,0.12575326133219397,42
843,3,1793,629,1164,0,0,0,1.0,1,1.0,1,1.0,1,0.10630533892696038,42
844,1,1794,629,1165,0,0,0,1.0,1,1.0,1,1.0,1,0.12404566172277127,42
845,4,1798,630,1168,0,0,0,1.0,1,1.0,1,1.0,1,0.15724075259667794,44
846,2,1800,631,1169,0,0,0,1.0,1,1.0,1,1.0,1,0.15421659392989134,44
847,0,1800,631,1169,0,0,0,1.0,1,1.0,1,1.0,1,0.11716615045633444,42
848,2,1802,631,1171,0,0,0,1.0,1,1.0,1,1.0,1,0.15283175426462134,43
849,2,1804,631,1173,0,0,0,1.0,1,1.0,1,1.0,1,0.148056878812404,43
850,4,1808,631,1177,0,0,0,1.0,1,1.0,1,1.0,1,0.14812632572461432,41
851,1,1809,631,1178,0,0,0,1.0,1,1.0,1,1.0,1,0.13620839723703695,40
852,2,1811,632,1179,0,0,0,1.0,1,1.0,1,1.0,1,0.12754182894895918,40
853,3,1814,633,1181,0,0,0,1.0,1,1.0,1,1.0,1,0.10295338543588388,40
854,1,1815,634,1181,0,0,0,1.0,1,1.0,1,1.0,1,0.09620386435595364,40
855,1,1816,635,1181,0,0,0,1.0,1,1.0,1,1.0,1,0.07051880188213354,41
856,1,1817,636,1181,0,0,0,1.0,1,1.0,1,1.0,1,0.08811317071708653,41
857,1,1818,637,1181,0,0,0,1.0,1,1.0,1,1.0,1,0.09392717962235778,42
858,1,1819,637,1182,0,0,0,1.0,1,1.0,1,1.0,1,0.08557620272375231,43
859,0,1819,637,1182,0,0,0,1.0,1,1.0,1,1.0,1,0.08557620272375231,43
860,0,1819,637,1182,0,0,0,1.0,1,1.0,1,1.0,1,0.09334346941633524,44
861,1,1820,638,1182,0,0,0,1.0,1,1.0,1,1.0,1,0.12420003130925282,44
862,1,1821,639,1182,0,0,0,1.0,1,1.0,1,1.0,1,0.10769245116134542,44
863,4,1825,642,1183,0,0,0,1.0,1,1.0,1,1.0,1,0.16529556007695775,44
864,5,1830,643,1187,0,0,0,1.0,1,1.0,1,1.0,1,0.16268044722832692,44
865,3,1833,645,1188,0,0,0,1.0,1,1.0,1,1.0,1,0.10230646882141937,43
866,8,1841,650,1191,0,0,0,1.0,1,1.0,1,1.0,1,0.12104998825093864,45
867,3,1844,650,1194,0,0,0,1.0,1,1.0,1,1.0,1,0.16156130686056805,44
868,2,1846,650,1196,0,0,0,1.0,1,1.0,1,1.0,1,0.11027076888962961,45
869,4,1850,652,1198,0,0,0,1.0,1,1.0,1,1.0,1,0.1173905399569859,44
870,1,1851,653,1198,0,0,0,1.0,1,1.0,1,1.0,1,0.139016744505281,44
871,2,1853,654,1199,0,0,0,1.0,1,1.0,1,1.0,1,0.15796485255403114,43
872,0,1853,654,1199,0,0,0,1.0,1,1.0,1,1.0,1,0.15796485255403114,43
873,3,1856,655,1201,0,0,0,1.0,1,1.0,1,1.0,1,0.1378692499685182,43
874,4,1860,656,1204,0,0,0,1.0,1,1.0,1,1.0,1,0.1373836348171758,46
875,4,1864,657,1207,0,0,0,1.0,1,1.0,1,1.0,1,0.14794497806041015,43
876,2,1866,657,1209,0,0,0,1.0,1,1.0,1,1.0,1,0.15269327971927807,44
877,5,1871,657,1214,0,0,0,1.0,1,1.0,1,1.0,1,0.13449168491803412,44
878,0,1871,657,1214,0,0,0,1.0,1,1.0,1,1.0,1,0.13449168491803412,44
879,0,1871,657,1214,0,0,0,1.0,1,1.0,1,1.0,1,0.13449168491803412,44
880,2,1873,659,1214,0,0,0,1.0,1,1.0,1,1.0,1,0.19137566337032955,44
881,4,1877,659,1218,0,0,0,1.0,1,1.0,1,1.0,1,0.14096240148950925,43
882,3,1880,660,1220,0,0,0,1.0,1,1.0,1,1.0,1,0.10399819696076376,45
883,1,1881,660,1221,0,0,0,1.0,1,1.0,1,1.0,1,0.0952955379811395,45
884,2,1883,661,1222,0,0,0,1.0,1,1.0,1,1.0,1,0.0755448055815502,45
885,2,1885,662,1223,0,0,0,1.0,1,1.0,1,1.0,1,0.05732699189419843,43
886,2,1887,664,1223,0,0,0,1.0,1,1.0,1,1.0,1,0.15389788573988256,43
887,2,1889,665,1224,0,0,0,1.0,1,1.0,1,1.0,1,0.13549572687759567,41
888,1,1890,665,1225,0,0,0,1.0,1,1.0,1,1.0,1,0.19997313086843624,40
889,4,1894,665,1229,0,0,0,1.0,1,1.0,1,1.0,1,0.12101226807947812,40
890,2,1896,666,1230,0,0,0,1.0,1,1.0,1,1.0,1,0.15317378879812762,38
891,2,1898,667,1231,0,0,0,1.0,1,1.0,1,1.0,1,0.1638150199111753,39
892,1,1899,668,1231,0,0,0,1.0,1,1.0,1,1.0,1,0.166250665114364,39
893,3,1902,668,1234,0,0,0,1.0,1,1.0,1,1.0,1,0.078154708211255,37
894,1,1903,669,1234,0,0,0,1.0,1,1.0,1,1.0,1,0.11971342791953803,36
895,0,1903,669,1234,0,0,0,1.0,1,1.0,1,1.0,1,0.10162287820022038,37
896,3,1906,671,1235,0,0,0,1.0,1,1.0,1,1.0,1,0.15843652694644417,36
897,4,1910,673,1237,0,0,0,1.0,1,1.0,1,1.0,1,0.14431985129265157,36
898,0,1910,673,1237,0,0,0,1.0,1,1.0,1,1.0,1,0.16556815041031112,35
899,1,1911,674,1237,0,0,0,1.0,1,1.0,1,1.0,1,0.17201029378306745,35
900,0,1911,674,1237,0,0,0,1.0,1,1.0,1,1.0,1,0.2109343251074927,36
901,2,1913,675,1238,0,0,0,1.0,1,1.0,1,1.0,1,0.2035064800678268,36
902,4,1917,679,1238,0,0,0,1.0,1,1.0,1,1.0,1,0.29592478084228785,36
903,3,1920,680,1240,0,0,0,1.0,1,1.0,1,1.0,1,0.23875412564519122,35
904,5,1925,683,1242,0,0,0,1.0,1,1.0,1,1.0,1,0.20346200002302423,37
905,2,1927,684,1243,0,0,0,1.0,1,1.0,1,1.0,1,0.18552868008276985,36
906,2,1929,684,1245,0,0,0,1.0,1,1.0,1,1.0,1,0.1446676881642063,37
907,3,1932,685,1247,0,0,0,1.0,1,1.0,1,1.0,1,0.09584570767007734,37
908,3,1935,688,1247,0,0,0,1.0,1,1.0,1,1.0,1,0.13905873799355192,36
909,2,1937,688,1249,0,0,0,1.0,1,1.0,1,1.0,1,0.0997826026757035,36
910,3,1940,689,1251,0,0,0,1.0,1,1.0,1,1.0,1,0.12644822858971722,37
911,1,1941,690,1251,0,0,0,1.0,1,1.0,1,1.0,1,0.19595827995706064,36
912,1,1942,691,1251,0,0,0,1.0,1,1.0,1,1.0,1,0.19796345905604848,34
913,6,1948,692,1256,0,0,0,1.0,1,1.0,1,1.0,1,0.14221106729189506,34
914,0,1948,692,1256,0,0,0,1.0,1,1.0,1,1.0,1,0.1780251891065636,33
915,0,1948,692,1256,0,0,0,1.0,1,1.0,1,1.0,1,0.1780251891065636,33
916,2,1950,693,1257,0,0,0,1.0,1,1.0,1,1.0,1,0.13992863749032888,34
917,2,1952,694,1258,0,0,0,1.0,1,1.0,1,1.0,1,0.1061164778064564,34
918,0,1952,694,1258,0,0,0,1.0,1,1.0,1,1.0,1,0.1226786169755963,36
919,1,1953,695,1258,0,0,0,1.0,1,1.0,1,1.0,1,0.10587512692271522,36
920,1,1954,696,1258,0,0,0,1.0,1,1.0,1,1.0,1,0.09805708944976135,37
921,0,1954,696,1258,0,0,0,1.0,1,1.0,1,1.0,1,0.09805708944976135,37
922,0,1954,696,1258,0,0,0,1.0,1,1.0,1,1.0,1,0.11542877324773312,38
923,1,1955,697,1258,0,0,0,1.0,1,1.0,1,1.0,1,0.13159991133077503,36
924,0,1955,697,1258,0,0,0,1.0,1,1.0,1,1.0,1,0.12717733607254378,35
925,3,1958,698,1260,0,0,0,1.0,1,1.0,1,1.0,1,0.14328502629024187,35
926,3,1961,699,1262,0,0,0,1.0,1,1.0,1,1.0,1,0.1063777341254277,34
927,0,1961,699,1262,0,0,0,1.0,1,1.0,1,1.0,1,0.1481725757017793,32
928,1,1962,699,1263,0,0,0,1.0,1,1.0,1,1.0,1,0.16105878750876576,32
929,4,1966,700,1266,0,0,0,1.0,1,1.0,1,1.0,1,0.13472467131627192,31
930,0,1966,700,1266,0,0,0,1.0,1,1.0,1,1.0,1,0.16368726227334174,30
931,2,1968,702,1266,0,0,0,1.0,1,1.0,1,1.0,1,0.14912469793186287,29
932,0,1968,702,1266,0,0,0,1.0,1,1.0,1,1.0,1,0.14912469793186287,29
933,1,1969,702,1267,0,0,0,1.0,1,1.0,1,1.0,1,0.13694483435550658,29
934,0,1969,702,1267,0,0,0,1.0,1,1.0,1,1.0,1,0.13694483435550658,29
935,2,1971,702,1269,0,0,0,1.0,1,1.0,1,1.0,1,0.12589813339012812,31
936,1,1972,703,1269,0,0,0,1.0,1,1.0,1,1.0,1,0.14306309339382153,31
937,5,1977,704,1273,0,0,0,1.0,1,1.0,1,1.0,1,0.17033110288080558,34
938,3,1980,704,1276,0,0,0,1.0,1,1.0,1,1.0,1,0.14164399191852828,33
939,2,1982,705,1277,0,0,0,1.0,1,1.0,1,1.0,1,0.18515349980764645,36
940,4,1986,705,1281,0,0,0,1.0,1,1.0,1,1.0,1,0.22502686630038052,36
941,2,1988,705,1283,0,0,0,1.0,1,1.0,1,1.0,1,0.19576896447162576,36
942,3,1991,706,1285,0,0,0,1.0,1,1.0,1,1.0,1,0.18233433166925278,36
943,1,1992,706,1286,0,0,0,1.0,1,1.0,1,1.0,1,0.16199025175168122,35
944,1,1993,707,1286,0,0,0,1.0,1,1.0,1,1.0,1,0.11444198014168672,35
945,2,1995,708,1287,0,0,0,1.0,1,1.0,1,1.0,1,0.12009346872538558,33
946,2,1997,709,1288,0,0,0,1.0,1,1.0,1,1.0,1,0.16208354898274416,36
947,1,1998,710,1288,0,0,0,1.0,1,1.0,1,1.0,1,0.17095822881454417,34
948,1,1999,711,1288,0,0,0,1.0,1,1.0,1,1.0,1,0.19204476150941832,33
949,3,2002,712,1290,0,0,0,1.0,1,1.0,1,1.0,1,0.2218029337407517,34
950,0,2002,712,1290,0,0,0,1.0,1,1.0,1,1.0,1,0.2564516391256857,33
951,0,2002,712,1290,0,0,0,1.0,1,1.0,1,1.0,1,0.2564516391256857,33
952,0,2002,712,1290,0,0,0,1.0,1,1.0,1,1.0,1,0.2653218510116244,32
953,1,2003,712,1291,0,0,0,1.0,1,1.0,1,1.0,1,0.2281446807229441,32
954,0,2003,712,1291,0,0,0,1.0,1,1.0,1,1.0,1,0.2477415995405002,31
955,2,2005,712,1293,0,0,0,1.0,1,1.0,1,1.0,1,0.23397303273757722,32
956,1,2006,713,1293,0,0,0,1.0,1,1.0,1,1.0,1,0.18575645836126886,32
957,0,2006,713,1293,0,0,0,1.0,1,1.0,1,1.0,1,0.1718477855014792,33
958,0,2006,713,1293,0,0,0,1.0,1,1.0,1,1.0,1,0.18197736798237804,35
959,1,2007,714,1293,0,0,0,1.0,1,1.0,1,1.0,1,0.20533023567502504,36
960,4,2011,714,1297,0,0,0,1.0,1,1.0,1,1.0,1,0.17053912704800475,38
961,2,2013,716,1297,0,0,0,1.0,1,1.0,1,1.0,1,0.3040119253217592,37
962,4,2017,718,1299,0,0,0,1.0,1,1.0,1,1.0,1,0.2884153046274215,35
963,1,2018,718,1300,0,0,0,1.0,1,1.0,1,1.0,1,0.2500615164985415,35
964,1,2019,718,1301,0,0,0,1.0,1,1.0,1,1.0,1,0.2326842039056266,34
965,2,2021,718,1303,0,0,0,1.0,1,1.0,1,1.0,1,0.17823453341403114,35
966,2,2023,718,1305,0,0,0,1.0,1,1.0,1,1.0,1,0.19537623958014858,34
967,2,2025,718,1307,0,0,0,1.0,1,1.0,1,1.0,1,0.1553509735025031,35
968,2,2027,719,1308,0,0,0,1.0,1,1.0,1,1.0,1,0.14474798029955466,36
969,0,2027,719,1308,0,0,0,1.0,1,1.0,1,1.0,1,0.152579856867307,35
970,1,2028,719,1309,0,0,0,1.0,1,1.0,1,1.0,1,0.170421014407821,34
971,0,2028,719,1309,0,0,0,1.0,1,1.0,1,1.0,1,0.16728879620428277,35
972,2,2030,721,1309,0,0,0,1.0,1,1.0,1,1.0,1,0.16053484817295485,35
973,2,2032,721,1311,0,0,0,1.0,1,1.0,1,1.0,1,0.16114793079196796,36
974,2,2034,723,1311,0,0,0,1.0,1,1.0,1,1.0,1,0.22003966399111388,35
975,1,2035,723,1312,0,0,0,1.0,1,1.0,1,1.0,1,0.17884628176764952,36
976,1,2036,723,1313,0,0,0,1.0,1,1.0,1,1.0,1,0.18743734178395113,38
977,0,2036,723,1313,0,0,0,1.0,1,1.0,1,1.0,1,0.18743734178395113,38
978,0,2036,723,1313,0,0,0,1.0,1,1.0,1,1.0,1,0.18743734178395113,38
979,2,2038,724,1314,0,0,0,1.0,1,1.0,1,1.0,1,0.17156006929381207,39
980,2,2040,726,1314,0,0,0,1.0,1,1.0,1,1.0,1,0.2281856640566244,39
981,3,2043,727,1316,0,0,0,1.0,1,1.0,1,1.0,1,0.21944358683368792,40
982,5,2048,730,1318,0,0,0,1.0,1,1.0,1,1.0,1,0.2676206477080233,40
983,1,2049,730,1319,0,0,0,1.0,1,1.0,1,1.0,1,0.20515327497151803,38
984,4,2053,732,1321,0,0,0,1.0,1,1.0,1,1.0,1,0.21043025557812114,39
985,7,2060,735,1325,0,0,0,1.0,1,1.0,1,1.0,1,0.1715656298736931,38
986,4,2064,738,1326,0,0,0,1.0,1,1.0,1,1.0,1,0.20129729195405097,38
987,1,2065,738,1327,0,0,0,1.0,1,1.0,1,1.0,1,0.16202113302349844,38
988,2,2067,739,1328,0,0,0,1.0,1,1.0,1,1.0,1,0.16550787807177572,38
989,2,2069,739,1330,0,0,0,1.0,1,1.0,1,1.0,1,0.13032431817681014,38
990,0,2069,739,1330,0,0,0,1.0,1,1.0,1,1.0,1,0.13032431817681014,38
991,1,2070,740,1330,0,0,0,1.0,1,1.0,1,1.0,1,0.14859498537494953,40
992,0,2070,740,1330,0,0,0,1.0,1,1.0,1,1.0,1,0.13122681623665167,39
993,0,2070,740,1330,0,0,0,1.0,1,1.0,1,1.0,1,0.13475541543307235,38
994,1,2071,740,1331,0,0,0,1.0,1,1.0,1,1.0,1,0.13660795279592716,39
995,0,2071,740,1331,0,0,0,1.0,1,1.0,1,1.0,1,0.11227063025212537,41
996,0,2071,740,1331,0,0,0,1.0,1,1.0,1,1.0,1,0.1139407846328997,40
997,2,2073,740,1333,0,0,0,1.0,1,1.0,1,1.0,1,0.11487753668420307,41
998,1,2074,740,1334,0,0,0,1.0,1,1.0,1,1.0,1,0.1304840534438439,40
999,0,2074,740,1334,0,0,0,1.0,1,1.0,1,1.0,1,0.1584328747778426,40
1000,1,2075,741,1334,0,0,0,1.0,1,1.0,1,1.0,1,0.1763624911249395,40
1001,2,2077,741,1336,0,0,0,1.0,1,1.0,1,1.0,1,0.11128277402546004,39
1002,0,2077,741,1336,0,0,0,1.0,1,1.0,1,1.0,1,0.11128277402546004,39
1003,0,2077,741,1336,0,0,0,1.0,1,1.0,1,1.0,1,0.11128277402546004,39
1004,0,2077,741,1336,0,0,0,1.0,1,1.0,1,1.0,1,0.11128277402546004,39
1005,0,2077,741,1336,0,0,0,1.0,1,1.0,1,1.0,1,0.12285340878481031,40
1006,2,2079,742,1337,0,0,0,1.0,1,1.0,1,1.0,1,0.11993586675541133,41
1007,0,2079,742,1337,0,0,0,1.0,1,1.0,1,1.0,1,0.14160187997230375,42
1008,3,2082,742,1340,0,0,0,1.0,1,1.0,1,1.0,1,0.1144404002102338,43
1009,1,2083,743,1340,0,0,0,1.0,1,1.0,1,1.0,1,0.13718247928810362,44
1010,1,2084,743,1341,0,0,0,1.0,1,1.0,1,1.0,1,0.10300595496376005,44
1011,1,2085,744,1341,0,0,0,1.0,1,1.0,1,1.0,1,0.14874343767040663,44
1012,3,2088,745,1343,0,0,0,1.0,1,1.0,1,1.0,1,0.13910722524219885,46
1013,0,2088,745,1343,0,0,0,1.0,1,1.0,1,1.0,1,0.13910722524219885,46
1014,3,2091,746,1345,0,0,0,1.0,1,1.0,1,1.0,1,0.15181807048144122,46
1015,0,2091,746,1345,0,0,0,1.0,1,1.0,1,1.0,1,0.15181807048144122,46
1016,0,2091,746,1345,0,0,0,1.0,1,1.0,1,1.0,1,0.16627348019119662,47
1017,1,2092,746,1346,0,0,0,1.0,1,1.0,1,1.0,1,0.15919516966820205,47
1018,5,2097,747,1350,0,0,0,1.0,1,1.0,1,1.0,1,0.13074375115156997,48
1019,1,2098,748,1350,0,0,0,1.0,1,1.0,1,1.0,1,0.14275401072675373,49
1020,1,2099,748,1351,0,0,0,1.0,1,1.0,1,1.0,1,0.12965522844335958,51
1021,3,2102,749,1353,0,0,0,1.0,1,1.0,1,1.0,1,0.11305590402884685,51
1022,1,2103,750,1353,0,0,0,1.0,1,1.0,1,1.0,1,0.10543810885386316,52
1023,1,2104,750,1354,0,0,0,1.0,1,1.0,1,1.0,1,0.10248898212464662,52
1024,1,2105,751,1354,0,0,0,1.0,1,1.0,1,1.0,1,0.10653092073506613,52
1025,1,2106,751,1355,0,0,0,1.0,1,1.0,1,1.0,1,0.11065919928971614,54
1026,0,2106,751,1355,0,0,0,1.0,1,1.0,1,1.0,1,0.11065919928971614,54
1027,1,2107,751,1356,0,0,0,1.0,1,1.0,1,1.0,1,0.09390835077884806,55
1028,2,2109,752,1357,0,0,0,1.0,1,1.0,1,1.0,1,0.10042965660781872,56
1029,2,2111,752,1359,0,0,0,1.0,1,1.0,1,1.0,1,0.07098233658082669,56
1030,2,2113,752,1361,0,0,0,1.0,1,1.0,1,1.0,1,0.05847040466032717,57
1031,0,2113,752,1361,0,0,0,1.0,1,1.0,1,1.0,1,0.06262051076437251,58
1032,1,2114,753,1361,0,0,0,1.0,1,1.0,1,1.0,1,0.07916023608612074,58
1033,2,2116,754,1362,0,0,0,1.0,1,1.0,1,1.0,1,0.06540853973194463,57
1034,3,2119,757,1362,0,0,0,1.0,1,1.0,1,1.0,1,0.13384113603342132,57
1035,6,2125,759,1366,0,0,0,1.0,1,1.0,1,1.0,1,0.15650692560895535,57
1036,5,2130,761,1369,0,0,0,1.0,1,1.0,1,1.0,1,0.1428019712620535,59
1037,3,2133,762,1371,0,0,0,1.0,1,1.0,1,1.0,1,0.16187434879187038,57
1038,4,2137,763,1374,0,0,0,1.0,1,1.0,1,1.0,1,0.14384859217163004,59
1039,5,2142,768,1374,0,0,0,1.0,1,1.0,1,1.0,1,0.16035655299693638,57
1040,5,2147,768,1379,0,0,0,1.0,1,1.0,1,1.0,1,0.16245621696397108,56
1041,1,2148,768,1380,0,0,0,1.0,1,1.0,1,1.0,1,0.14718174740041653,54
1042,1,2149,768,1381,0,0,0,1.0,1,1.0,1,1.0,1,0.11436516793530427,52
1043,1,2150,768,1382,0,0,0,1.0,1,1.0,1,1.0,1,0.09724233717239605,52
1044,1,2151,769,1382,0,0,0,1.0,1,1.0,1,1.0,1,0.14026130840873147,50
1045,5,2156,771,1385,0,0,0,1.0,1,1.0,1,1.0,1,0.13363564932790323,51
1046,1,2157,771,1386,0,0,0,1.0,1,1.0,1,1.0,1,0.12708005948330697,50
1047,5,2162,772,1390,0,0,0,1.0,1,1.0,1,1.0,1,0.0947668327590317,50
1048,1,2163,772,1391,0,0,0,1.0,1,1.0,1,1.0,1,0.08452312523542546,50
1049,2,2165,773,1392,0,0,0,1.0,1,1.0,1,1.0,1,0.09058384793833908,50
1050,1,2166,774,1392,0,0,0,1.0,1,1.0,1,1.0,1,0.09966114655301739,50
1051,1,2167,774,1393,0,0,0,1.0,1,1.0,1,1.0,1,0.09642246426480737,50
1052,0,2167,774,1393,0,0,0,1.0,1,1.0,1,1.0,1,0.11235601167492394,51
1053,1,2168,774,1394,0,0,0,1.0,1,1.0,1,1.0,1,0.07262416705837585,51
1054,1,2169,774,1395,0,0,0,1.0,1,1.0,1,1.0,1,0.053711320684044925,53
1055,1,2170,774,1396,0,0,0,1.0,1,1.0,1,1.0,1,0.07425891788697236,54
1056,0,2170,774,1396,0,0,0,1.0,1,1.0,1,1.0,1,0.10645535014512497,54
1057,2,2172,775,1397,0,0,0,1.0,1,1.0,1,1.0,1,0.12031511234611977,55
1058,1,2173,775,1398,0,0,0,1.0,1,1.0,1,1.0,1,0.10490469582191146,54
1059,3,2176,776,1400,0,0,0,1.0,1,1.0,1,1.0,1,0.12631695206185106,53
1060,2,2178,776,1402,0,0,0,1.0,1,1.0,1,1.0,1,0.09591851642011255,53
1061,3,2181,779,1402,0,0,0,1.0,1,1.0,1,1.0,1,0.15563207229377166,53
1062,8,2189,784,1405,0,0,0,1.0,1,1.0,1,1.0,1,0.11952668624536338,54
1063,0,2189,784,1405,0,0,0,1.0,1,1.0,1,1.0,1,0.13756657817612292,53
1064,6,2195,788,1407,0,0,0,1.0,1,1.0,1,1.0,1,0.14941963154051238,55
1065,5,2200,789,1411,0,0,0,1.0,1,1.0,1,1.0,1,0.1536278678981183,54
1066,9,2209,791,1418,0,0,0,1.0,1,1.0,1,1.0,1,0.1413188246947619,55
1067,2,2211,791,1420,0,0,0,1.0,1,1.0,1,1.0,1,0.15575942822500596,55
1068,2,2213,791,1422,0,0,0,1.0,1,1.0,1,1.0,1,0.14981871538643987,55
1069,4,2217,791,1426,0,0,0,1.0,1,1.0,1,1.0,1,0.13269735017299208,55
1070,0,2217,791,1426,0,0,0,1.0,1,1.0,1,1.0,1,0.1471768946046446,54
1071,1,2218,791,1427,0,0,0,1.0,1,1.0,1,1.0,1,0.12163677327040597,55
1072,1,2219,791,1428,0,0,0,1.0,1,1.0,1,1.0,1,0.12894556118289652,54
1073,1,2220,792,1428,0,0,0,1.0,1,1.0,1,1.0,1,0.1301877448843751,54
1074,2,2222,794,1428,0,0,0,1.0,1,1.0,1,1.0,1,0.1257790745065625,52
1075,2,2224,795,1429,0,0,0,1.0,1,1.0,1,1.0,1,0.1451861138985696,51
1076,5,2229,797,1432,0,0,0,1.0,1,1.0,1,1.0,1,0.1509241518628006,52
1077,4,2233,799,1434,0,0,0,1.0,1,1.0,1,1.0,1,0.09966488149949941,49
1078,3,2236,801,1435,0,0,0,1.0,1,1.0,1,1.0,1,0.14737237086501812,48
1079,4,2240,803,1437,0,0,0,1.0,1,1.0,1,1.0,1,0.15008237778613437,47
1080,1,2241,804,1437,0,0,0,1.0,1,1.0,1,1.0,1,0.13105661328356544,47
1081,1,2242,805,1437,0,0,0,1.0,1,1.0,1,1.0,1,0.18511243697239502,45
1082,0,2242,805,1437,0,0,0,1.0,1,1.0,1,1.0,1,0.21344224678195114,42
1083,2,2244,806,1438,0,0,0,1.0,1,1.0,1,1.0,1,0.24731053383551266,42
1084,1,2245,806,1439,0,0,0,1.0,1,1.0,1,1.0,1,0.28097756203523067,40
1085,4,2249,806,1443,0,0,0,1.0,1,1.0,1,1.0,1,0.18959178928000917,43
1086,1,2250,806,1444,0,0,0,1.0,1,1.0,1,1.0,1,0.2065630827842487,41
1087,2,2252,806,1446,0,0,0,1.0,1,1.0,1,1.0,1,0.15736733874670578,41
1088,1,2253,806,1447,0,0,0,1.0,1,1.0,1,1.0,1,0.1396898518327061,41
1089,3,2256,807,1449,0,0,0,1.0,1,1.0,1,1.0,1,0.1197193780666947,42
1090,0,2256,807,1449,0,0,0,1.0,1,1.0,1,1.0,1,0.14205634311694784,43
1091,2,2258,808,1450,0,0,0,1.0,1,1.0,1,1.0,1,0.15821906246656223,43
1092,0,2258,808,1450,0,0,0,1.0,1,1.0,1,1.0,1,0.15821906246656223,43
1093,2,2260,810,1450,0,0,0,1.0,1,1.0,1,1.0,1,0.17631612796763377,43
1094,2,2262,811,1451,0,0,0,1.0,1,1.0,1,1.0,1,0.16712317063386709,43
1095,2,2264,812,1452,0,0,0,1.0,1,1.0,1,1.0,1,0.20209429879472324,44
1096,1,2265,813,1452,0,0,0,1.0,1,1.0,1,1.0,1,0.22321346675171086,44
1097,5,2270,815,1455,0,0,0,1.0,1,1.0,1,1.0,1,0.2152737306028236,45
1098,0,2270,815,1455,0,0,0,1.0,1,1.0,1,1.0,1,0.21121128772781073,46
1099,3,2273,816,1457,0,0,0,1.0,1,1.0,1,1.0,1,0.20559627172871034,48
1100,2,2275,816,1459,0,0,0,1.0,1,1.0,1,1.0,1,0.17272817434216708,49
1101,1,2276,816,1460,0,0,0,1.0,1,1.0,1,1.0,1,0.16368048995431786,49
1102,2,2278,818,1460,0,0,0,1.0,1,1.0,1,1.0,1,0.1930847431968059,50
1103,5,2283,819,1464,0,0,0,1.0,1,1.0,1,1.0,1,0.13070328457997105,48
1104,6,2289,823,1466,0,0,0,1.0,1,1.0,1,1.0,1,0.19933507058803834,50
1105,9,2298,824,1474,0,0,0,1.0,1,1.0,1,1.0,1,0.09337832805712833,48
1106,3,2301,825,1476,0,0,0,1.0,1,1.0,1,1.0,1,0.08629139641090346,48
1107,3,2304,826,1478,0,0,0,1.0,1,1.0,1,1.0,1,0.10984462320143769,47
1108,0,2304,826,1478,0,0,0,1.0,1,1.0,1,1.0,1,0.1089760082643171,47
1109,3,2307,829,1478,0,0,0,1.0,1,1.0,1,1.0,1,0.08373847599633452,46
1110,1,2308,830,1478,0,0,0,1.0,1,1.0,1,1.0,1,0.17214751619015087,43
1111,2,2310,831,1479,0,0,0,1.0,1,1.0,1,1.0,1,0.1538369554536653,44
1112,1,2311,832,1479,0,0,0,1.0,1,1.0,1,1.0,1,0.16753416134252777,43
1113,4,2315,833,1482,0,0,0,1.0,1,1.0,1,1.0,1,0.16595933612968297,39
1114,0,2315,833,1482,0,0,0,1.0,1,1.0,1,1.0,1,0.16595933612968297,39
1115,1,2316,834,1482,0,0,0,1.0,1,1.0,1,1.0,1,0.14040675020879367,37
1116,2,2318,836,1482,0,0,0,1.0,1,1.0,1,1.0,1,0.1425402675790885,37
1117,3,2321,837,1484,0,0,0,1.0,1,1.0,1,1.0,1,0.14890929441254178,36
1118,0,2321,837,1484,0,0,0,1.0,1,1.0,1,1.0,1,0.14777018604344774,36
1119,0,2321,837,1484,0,0,0,1.0,1,1.0,1,1.0,1,0.14777018604344774,36
1120,0,2321,837,1484,0,0,0,1.0,1,1.0,1,1.0,1,0.14777018604344774,36
1121,1,2322,837,1485,0,0,0,1.0,1,1.0,1,1.0,1,0.10716633408512619,36
1122,0,2322,837,1485,0,0,0,1.0,1,1.0,1,1.0,1,0.11271087824889116,37
1123,2,2324,839,1485,0,0,0,1.0,1,1.0,1,1.0,1,0.15269196306068142,37
1124,1,2325,839,1486,0,0,0,1.0,1,1.0,1,1.0,1,0.1487059155411594,37
1125,4,2329,841,1488,0,0,0,1.0,1,1.0,1,1.0,1,0.2186366546525333,38
1126,1,2330,841,1489,0,0,0,1.0,1,1.0,1,1.0,1,0.19379076434760473,38
1127,2,2332,841,1491,0,0,0,1.0,1,1.0,1,1.0,1,0.18892191088605745,39
1128,0,2332,841,1491,0,0,0,1.0,1,1.0,1,1.0,1,0.18892191088605745,39
1129,3,2335,841,1494,0,0,0,1.0,1,1.0,1,1.0,1,0.152250039784892,39
1130,1,2336,842,1494,0,0,0,1.0,1,1.0,1,1.0,1,0.15272937125800443,39
1131,0,2336,842,1494,0,0,0,1.0,1,1.0,1,1.0,1,0.15272937125800443,39
1132,3,2339,844,1495,0,0,0,1.0,1,1.0,1,1.0,1,0.16144967023086462,39
1133,1,2340,844,1496,0,0,0,1.0,1,1.0,1,1.0,1,0.14642244821303793,42
1134,0,2340,844,1496,0,0,0,1.0,1,1.0,1,1.0,1,0.14642244821303793,42
1135,2,2342,844,1498,0,0,0,1.0,1,1.0,1,1.0,1,0.14683645149624208,44
1136,2,2344,845,1499,0,0,0,1.0,1,1.0,1,1.0,1,0.15310746139573042,46
1137,1,2345,845,1500,0,0,0,1.0,1,1.0,1,1.0,1,0.14517115170583664,45
1138,2,2347,846,1501,0,0,0,1.0,1,1.0,1,1.0,1,0.14631827782622092,46
1139,1,2348,847,1501,0,0,0,1.0,1,1.0,1,1.0,1,0.1579762130632561,47
1140,2,2350,848,1502,0,0,0,1.0,1,1.0,1,1.0,1,0.16314514627754678,46
1141,2,2352,848,1504,0,0,0,1.0,1,1.0,1,1.0,1,0.12418027118125963,45
1142,3,2355,850,1505,0,0,0,1.0,1,1.0,1,1.0,1,0.14911128126200288,45
1143,4,2359,852,1507,0,0,0,1.0,1,1.0,1,1.0,1,0.1249036045456306,43
1144,4,2363,854,1509,0,0,0,1.0,1,1.0,1,1.0,1,0.12975521501455622,45
1145,3,2366,855,1511,0,0,0,1.0,1,1.0,1,1.0,1,0.09730077495991125,44
1146,1,2367,855,1512,0,0,0,1.0,1,1.0,1,1.0,1,0.084234555395806,45
1147,3,2370,858,1512,0,0,0,1.0,1,1.0,1,1.0,1,0.11509303540083414,44
1148,3,2373,860,1513,0,0,0,1.0,1,1.0,1,1.0,1,0.14820162756643163,43
1149,5,2378,861,1517,0,0,0,1.0,1,1.0,1,1.0,1,0.15535412254940603,42
1150,3,2381,862,1519,0,0,0,1.0,1,1.0,1,1.0,1,0.15942168356063594,45
1151,0,2381,862,1519,0,0,0,1.0,1,1.0,1,1.0,1,0.16625201229205103,40
1152,4,2385,865,1520,0,0,0,1.0,1,1.0,1,1.0,1,0.1778157443117258,41
1153,8,2393,867,1526,0,0,0,1.0,1,1.0,1,1.0,1,0.17277853578370572,38
1154,3,2396,869,1527,0,0,0,1.0,1,1.0,1,1.0,1,0.19161216183768376,37
1155,2,2398,870,1528,0,0,0,1.0,1,1.0,1,1.0,1,0.1441162959558553,38
1156,5,2403,871,1532,0,0,0,1.0,1,1.0,1,1.0,1,0.19245253166680362,38
1157,2,2405,871,1534,0,0,0,1.0,1,1.0,1,1.0,1,0.15015538164459752,37
1158,0,2405,871,1534,0,0,0,1.0,1,1.0,1,1.0,1,0.17326880486750235,36
1159,0,2405,871,1534,0,0,0,1.0,1,1.0,1,1.0,1,0.1587554803213666,35
1160,0,2405,871,1534,0,0,0,1.0,1,1.0,1,1.0,1,0.1587554803213666,35
1161,0,2405,871,1534,0,0,0,1.0,1,1.0,1,1.0,1,0.17465488459255088,36
1162,0,2405,871,1534,0,0,0,1.0,1,1.0,1,1.0,1,0.17954919128062705,37
1163,0,2405,871,1534,0,0,0,1.0,1,1.0,1,1.0,1,0.17954919128062705,37
1164,0,2405,871,1534,0,0,0,1.0,1,1.0,1,1.0,1,0.16983123146991863,38
1165,1,2406,872,1534,0,0,0,1.0,1,1.0,1,1.0,1,0.19456598029872538,38
1166,1,2407,872,1535,0,0,0,1.0,1,1.0,1,1.0,1,0.20546406545087037,40
1167,6,2413,875,1538,0,0,0,1.0,1,1.0,1,1.0,1,0.182886172794784,40
1168,1,2414,875,1539,0,0,0,1.0,1,1.0,1,1.0,1,0.17304778118639985,40
1169,1,2415,875,1540,0,0,0,1.0,1,1.0,1,1.0,1,0.13959966370762378,41
1170,3,2418,877,1541,0,0,0,1.0,1,1.0,1,1.0,1,0.12020509908280458,41
1171,3,2421,878,1543,0,0,0,1.0,1,1.0,1,1.0,1,0.13261152930125153,43
1172,2,2423,879,1544,0,0,0,1.0,1,1.0,1,1.0,1,0.13850650450460547,43
1173,4,2427,879,1548,0,0,0,1.0,1,1.0,1,1.0,1,0.0675259341432973,43
1174,1,2428,880,1548,0,0,0,1.0,1,1.0,1,1.0,1,0.0839232250838116,43
1175,0,2428,880,1548,0,0,0,1.0,1,1.0,1,1.0,1,0.09969787321345765,44
1176,0,2428,880,1548,0,0,0,1.0,1,1.0,1,1.0,1,0.11478645246943298,45
1177,1,2429,881,1548,0,0,0,1.0,1,1.0,1,1.0,1,0.15001513923833087,45
1178,0,2429,881,1548,0,0,0,1.0,1,1.0,1,1.0,1,0.15001513923833087,45
1179,2,2431,883,1548,0,0,0,1.0,1,1.0,1,1.0,1,0.20821828732180103,46
1180,0,2431,883,1548,0,0,0,1.0,1,1.0,1,1.0,1,0.18854405079379252,47
1181,2,2433,883,1550,0,0,0,1.0,1,1.0,1,1.0,1,0.16448705276869044,48
1182,0,2433,883,1550,0,0,0,1.0,1,1.0,1,1.0,1,0.16448705276869044,48
1183,0,2433,883,1550,0,0,0,1.0,1,1.0,1,1.0,1,0.17868188526480075,46
1184,2,2435,884,1551,0,0,0,1.0,1,1.0,1,1.0,1,0.14588046305660185,47
1185,4,2439,885,1554,0,0,0,1.0,1,1.0,1,1.0,1,0.16781170444477006,44
1186,2,2441,885,1556,0,0,0,1.0,1,1.0,1,1.0,1,0.16793537385560225,47
1187,2,2443,885,1558,0,0,0,1.0,1,1.0,1,1.0,1,0.16265322256152528,49
1188,1,2444,886,1558,0,0,0,1.0,1,1.0,1,1.0,1,0.15978162598739984,50
1189,2,2446,886,1560,0,0,0,1.0,1,1.0,1,1.0,1,0.1243258988823625,48
1190,2,2448,887,1561,0,0,0,1.0,1,1.0,1,1.0,1,0.13714075072453216,48
1191,0,2448,887,1561,0,0,0,1.0,1,1.0,1,1.0,1,0.1515985551634698,46
1192,1,2449,888,1561,0,0,0,1.0,1,1.0,1,1.0,1,0.15828205192432615,46
1193,3,2452,888,1564,0,0,0,1.0,1,1.0,1,1.0,1,0.13714813491918368,45
1194,0,2452,888,1564,0,0,0,1.0,1,1.0,1,1.0,1,0.13714813491918368,45
1195,5,2457,889,1568,0,0,0,1.0,1,1.0,1,1.0,1,0.12806109055848883,47
1196,0,2457,889,1568,0,0,0,1.0,1,1.0,1,1.0,1,0.1307506151635218,48
1197,1,2458,889,1569,0,0,0,1.0,1,1.0,1,1.0,1,0.11704528180537872,49
1198,1,2459,890,1569,0,0,0,1.0,1,1.0,1,1.0,1,0.10694879325411266,49
1199,2,2461,890,1571,0,0,0,1.0,1,1.0,1,1.0,1,0.11150361532469788,50
1200,1,2462,891,1571,0,0,0,1.0,1,1.0,1,1.0,1,0.11263474972493193,50
1201,1,2463,891,1572,0,0,0,1.0,1,1.0,1,1.0,1,0.09987870833341557,50
1202,1,2464,892,1572,0,0,0,1.0,1,1.0,1,1.0,1,0.11392084939535614,51
1203,0,2464,892,1572,0,0,0,1.0,1,1.0,1,1.0,1,0.10540266580952996,52
1204,0,2464,892,1572,0,0,0,1.0,1,1.0,1,1.0,1,0.10540266580952996,52
1205,5,2469,893,1576,0,0,0,1.0,1,1.0,1,1.0,1,0.10826707760726215,53
1206,0,2469,893,1576,0,0,0,1.0,1,1.0,1,1.0,1,0.10826707760726215,53
1207,0,2469,893,1576,0,0,0,1.0,1,1.0,1,1.0,1,0.11845579265561158,55
1208,0,2469,893,1576,0,0,0,1.0,1,1.0,1,1.0,1,0.1300150843429304,56
1209,1,2470,893,1577,0,0,0,1.0,1,1.0,1,1.0,1,0.1301839444536067,55
1210,0,2470,893,1577,0,0,0,1.0,1,1.0,1,1.0,1,0.1301839444536067,55
1211,0,2470,893,1577,0,0,0,1.0,1,1.0,1,1.0,1,0.11416621039819855,57
1212,2,2472,894,1578,0,0,0,1.0,1,1.0,1,1.0,1,0.10761586876016414,57
1213,2,2474,894,1580,0,0,0,1.0,1,1.0,1,1.0,1,0.09289525146507867,57
1214,5,2479,898,1581,0,0,0,1.0,1,1.0,1,1.0,1,0.16856626626146323,57
1215,4,2483,898,1585,0,0,0,1.0,1,1.0,1,1.0,1,0.16374366840253946,59
1216,3,2486,898,1588,0,0,0,1.0,1,1.0,1,1.0,1,0.15211598851429906,61
1217,4,2490,898,1592,0,0,0,1.0,1,1.0,1,1.0,1,0.12099610037663747,61
1218,2,2492,899,1593,0,0,0,1.0,1,1.0,1,1.0,1,0.11986249573536348,61
1219,2,2494,900,1594,0,0,0,1.0,1,1.0,1,1.0,1,0.09974149727965177,61
1220,0,2494,900,1594,0,0,0,1.0,1,1.0,1,1.0,1,0.10817701967274826,60
1221,3,2497,901,1596,0,0,0,1.0,1,1.0,1,1.0,1,0.09604703742534086,61
1222,1,2498,902,1596,0,0,0,1.0,1,1.0,1,1.0,1,0.10839337031742123,61
1223,0,2498,902,1596,0,0,0,1.0,1,1.0,1,1.0,1,0.12075256888538516,59
1224,5,2503,906,1597,0,0,0,1.0,1,1.0,1,1.0,1,0.13040848201295252,60
1225,5,2508,907,1601,0,0,0,1.0,1,1.0,1,1.0,1,0.14225991315993097,60
1226,6,2514,908,1606,0,0,0,1.0,1,1.0,1,1.0,1,0.07483956996881122,61
1227,8,2522,908,1614,0,0,0,1.0,1,1.0,1,1.0,1,0.07985703307802473,59
1228,5,2527,909,1618,0,0,0,1.0,1,1.0,1,1.0,1,0.08201282003705651,58
1229,3,2530,911,1619,0,0,0,1.0,1,1.0,1,1.0,1,0.07861397809097581,57
1230,3,2533,912,1621,0,0,0,1.0,1,1.0,1,1.0,1,0.06283385407049685,55
1231,0,2533,912,1621,0,0,0,1.0,1,1.0,1,1.0,1,0.07602305794902409,54
1232,2,2535,914,1621,0,0,0,1.0,1,1.0,1,1.0,1,0.11859869239521688,51
1233,5,2540,915,1625,0,0,0,1.0,1,1.0,1,1.0,1,0.08557413836440307,49
1234,4,2544,917,1627,0,0,0,1.0,1,1.0,1,1.0,1,0.12149634968933845,49
1235,1,2545,918,1627,0,0,0,1.0,1,1.0,1,1.0,1,0.15136113369475918,48
1236,3,2548,918,1630,0,0,0,1.0,1,1.0,1,1.0,1,0.12813844249215317,49
1237,4,2552,919,1633,0,0,0,1.0,1,1.0,1,1.0,1,0.1344166632594428,48
1238,0,2552,919,1633,0,0,0,1.0,1,1.0,1,1.0,1,0.13595947362034685,47
1239,1,2553,919,1634,0,0,0,1.0,1,1.0,1,1.0,1,0.12470716622294384,48
1240,0,2553,919,1634,0,0,0,1.0,1,1.0,1,1.0,1,0.1367891004269001,49
1241,4,2557,920,1637,0,0,0,1.0,1,1.0,1,1.0,1,0.14609119073299887,49
1242,2,2559,920,1639,0,0,0,1.0,1,1.0,1,1.0,1,0.12856497659256036,49
1243,2,2561,920,1641,0,0,0,1.0,1,1.0,1,1.0,1,0.15550569592073205,50
1244,6,2567,921,1646,0,0,0,1.0,1,1.0,1,1.0,1,0.16001380963867728,50
1245,4,2571,921,1650,0,0,0,1.0,1,1.0,1,1.0,1,0.11819256183262834,51
1246,1,2572,922,1650,0,0,0,1.0,1,1.0,1,1.0,1,0.1480135357699699,52
1247,0,2572,922,1650,0,0,0,1.0,1,1.0,1,1.0,1,0.1480135357699699,52
1248,2,2574,924,1650,0,0,0,1.0,1,1.0,1,1.0,1,0.22952851081264997,51
1249,4,2578,925,1653,0,0,0,1.0,1,1.0,1,1.0,1,0.15838108686388755,51
1250,2,2580,927,1653,0,0,0,1.0,1,1.0,1,1.0,1,0.18314465092293614,51
1251,1,2581,927,1654,0,0,0,1.0,1,1.0,1,1.0,1,0.16967515731929103,53
1252,4,2585,930,1655,0,0,0,1.0,1,1.0,1,1.0,1,0.16502072035913296,52
1253,4,2589,931,1658,0,0,0,1.0,1,1.0,1,1.0,1,0.11573648600550045,52
1254,0,2589,931,1658,0,0,0,1.0,1,1.0,1,1.0,1,0.12821489985752113,53
1255,1,2590,931,1659,0,0,0,1.0,1,1.0,1,1.0,1,0.13519641177825015,55
1256,0,2590,931,1659,0,0,0,1.0,1,1.0,1,1.0,1,0.13519641177825015,55
1257,5,2595,931,1664,0,0,0,1.0,1,1.0,1,1.0,1,0.11404517364543307,57
1258,0,2595,931,1664,0,0,0,1.0,1,1.0,1,1.0,1,0.11416992057971885,57
1259,0,2595,931,1664,0,0,0,1.0,1,1.0,1,1.0,1,0.11416992057971885,57
1260,0,2595,931,1664,0,0,0,1.0,1,1.0,1,1.0,1,0.12364385070328128,56
1261,1,2596,931,1665,0,0,0,1.0,1,1.0,1,1.0,1,0.10640702274170008,57
1262,2,2598,931,1667,0,0,0,1.0,1,1.0,1,1.0,1,0.04307758808675399,58
1263,3,2601,932,1669,0,0,0,1.0,1,1.0,1,1.0,1,0.039196764358116885,58
1264,0,2601,932,1669,0,0,0,1.0,1,1.0,1,1.0,1,0.08343650541369303,57
1265,5,2606,937,1669,0,0,0,1.0,1,1.0,1,1.0,1,0.09858435930311223,56
1266,2,2608,938,1670,0,0,0,1.0,1,1.0,1,1.0,1,0.1124127400495668,55
1267,5,2613,940,1673,0,0,0,1.0,1,1.0,1,1.0,1,0.13778082853328483,53
1268,4,2617,943,1674,0,0,0,1.0,1,1.0,1,1.0,1,0.1948019899272744,52
1269,7,2624,944,1680,0,0,0,1.0,1,1.0,1,1.0,1,0.10583391134938928,51
1270,3,2627,944,1683,0,0,0,1.0,1,1.0,1,1.0,1,0.12668393002549438,47
1271,3,2630,945,1685,0,0,0,1.0,1,1.0,1,1.0,1,0.14145353480453818,46
1272,0,2630,945,1685,0,0,0,1.0,1,1.0,1,1.0,1,0.18063275195867234,43
1273,6,2636,946,1690,0,0,0,1.0,1,1.0,1,1.0,1,0.09561703994381447,44
1274,2,2638,947,1691,0,0,0,1.0,1,1.0,1,1.0,1,0.1252605423342382,44
1275,3,2641,949,1692,0,0,0,1.0,1,1.0,1,1.0,1,0.13362476692244465,45
1276,0,2641,949,1692,0,0,0,1.0,1,1.0,1,1.0,1,0.14922580069573496,43
1277,7,2648,951,1697,0,0,0,1.0,1,1.0,1,1.0,1,0.10409780477834177,44
1278,3,2651,954,1697,0,0,0,1.0,1,1.0,1,1.0,1,0.10138093945371912,45
1279,0,2651,954,1697,0,0,0,1.0,1,1.0,1,1.0,1,0.09540439907220542,47
1280,0,2651,954,1697,0,0,0,1.0,1,1.0,1,1.0,1,0.09540439907220542,47
1281,0,2651,954,1697,0,0,0,1.0,1,1.0,1,1.0,1,0.09540439907220542,47
1282,1,2652,955,1697,0,0,0,1.0,1,1.0,1,1.0,1,0.1473749907642235,46
1283,1,2653,956,1697,0,0,0,1.0,1,1.0,1,1.0,1,0.14757142793088107,46
1284,0,2653,956,1697,0,0,0,1.0,1,1.0,1,1.0,1,0.14757142793088107,46
1285,3,2656,957,1699,0,0,0,1.0,1,1.0,1,1.0,1,0.18646571549597327,46
1286,0,2656,957,1699,0,0,0,1.0,1,1.0,1,1.0,1,0.17428655697396836,45
1287,6,2662,958,1704,0,0,0,1.0,1,1.0,1,1.0,1,0.152621759150388,49
1288,5,2667,958,1709,0,0,0,1.0,1,1.0,1,1.0,1,0.16747371834683228,49
1289,7,2674,959,1715,0,0,0,1.0,1,1.0,1,1.0,1,0.10077263875541828,52
1290,1,2675,960,1715,0,0,0,1.0,1,1.0,1,1.0,1,0.10512802797184916,52
1291,2,2677,960,1717,0,0,0,1.0,1,1.0,1,1.0,1,0.10279782992836634,52
1292,3,2680,960,1720,0,0,0,1.0,1,1.0,1,1.0,1,0.09893236619336881,53
1293,2,2682,960,1722,0,0,0,1.0,1,1.0,1,1.0,1,0.05735386446918507,53
1294,0,2682,960,1722,0,0,0,1.0,1,1.0,1,1.0,1,0.05735386446918507,53
1295,1,2683,960,1723,0,0,0,1.0,1,1.0,1,1.0,1,0.060297392362334314,54
1296,1,2684,961,1723,0,0,0,1.0,1,1.0,1,1.0,1,0.09247441201025729,55
1297,1,2685,961,1724,0,0,0,1.0,1,1.0,1,1.0,1,0.09655390072760697,54
1298,0,2685,961,1724,0,0,0,1.0,1,1.0,1,1.0,1,0.110025877797956,55
1299,0,2685,961,1724,0,0,0,1.0,1,1.0,1,1.0,1,0.12383654129242423,54
1300,1,2686,961,1725,0,0,0,1.0,1,1.0,1,1.0,1,0.1366607453273886,55
1301,8,2694,962,1732,0,0,0,1.0,1,1.0,1,1.0,1,0.07204519587808568,54
1302,4,2698,964,1734,0,0,0,1.0,1,1.0,1,1.0,1,0.12075295438171603,54
1303,3,2701,966,1735,0,0,0,1.0,1,1.0,1,1.0,1,0.1956868971328855,50
1304,2,2703,968,1735,0,0,0,1.0,1,1.0,1,1.0,1,0.16703494824500484,51
1305,5,2708,970,1738,0,0,0,1.0,1,1.0,1,1.0,1,0.14876294823325945,48
1306,3,2711,973,1738,0,0,0,1.0,1,1.0,1,1.0,1,0.1845906734030372,48
1307,2,2713,974,1739,0,0,0,1.0,1,1.0,1,1.0,1,0.13934215596986474,48
1308,0,2713,974,1739,0,0,0,1.0,1,1.0,1,1.0,1,0.1379610392782513,46
1309,4,2717,975,1742,0,0,0,1.0,1,1.0,1,1.0,1,0.13367081906063827,47
1310,1,2718,975,1743,0,0,0,1.0,1,1.0,1,1.0,1,0.12074590416378644,46
1311,3,2721,978,1743,0,0,0,1.0,1,1.0,1,1.0,1,0.19479141132260863,46
1312,3,2724,979,1745,0,0,0,1.0,1,1.0,1,1.0,1,0.1342640162917901,45
1313,0,2724,979,1745,0,0,0,1.0,1,1.0,1,1.0,1,0.15342973364353388,44
1314,1,2725,980,1745,0,0,0,1.0,1,1.0,1,1.0,1,0.15370018190641566,42
1315,1,2726,981,1745,0,0,0,1.0,1,1.0,1,1.0,1,0.17712185962309898,40
1316,2,2728,981,1747,0,0,0,1.0,1,1.0,1,1.0,1,0.13893358233091987,42
1317,0,2728,981,1747,0,0,0,1.0,1,1.0,1,1.0,1,0.182411443291799,42
1318,0,2728,981,1747,0,0,0,1.0,1,1.0,1,1.0,1,0.182411443291799,42
1319,0,2728,981,1747,0,0,0,1.0,1,1.0,1,1.0,1,0.182411443291799,42
1320,0,2728,981,1747,0,0,0,1.0,1,1.0,1,1.0,1,0.182411443291799,42
1321,3,2731,981,1750,0,0,0,1.0,1,1.0,1,1.0,1,0.11874655435283449,45
1322,3,2734,981,1753,0,0,0,1.0,1,1.0,1,1.0,1,0.10348211850923786,45
1323,4,2738,982,1756,0,0,0,1.0,1,1.0,1,1.0,1,0.07242797186944476,46
1324,1,2739,982,1757,0,0,0,1.0,1,1.0,1,1.0,1,0.08224470043115344,45
1325,1,2740,983,1757,0,0,0,1.0,1,1.0,1,1.0,1,0.11963143227497912,46
1326,1,2741,984,1757,0,0,0,1.0,1,1.0,1,1.0,1,0.1234031119222894,45
1327,1,2742,984,1758,0,0,0,1.0,1,1.0,1,1.0,1,0.13078133561468408,46
1328,2,2744,984,1760,0,0,0,1.0,1,1.0,1,1.0,1,0.16105722361065128,47
1329,1,2745,984,1761,0,0,0,1.0,1,1.0,1,1.0,1,0.15120136565859624,47
1330,0,2745,984,1761,0,0,0,1.0,1,1.0,1,1.0,1,0.1597826623362388,46
1331,1,2746,984,1762,0,0,0,1.0,1,1.0,1,1.0,1,0.14090765313722195,46
1332,3,2749,985,1764,0,0,0,1.0,1,1.0,1,1.0,1,0.18285170054567398,49
1333,2,2751,985,1766,0,0,0,1.0,1,1.0,1,1.0,1,0.16094877703837496,50
1334,1,2752,986,1766,0,0,0,1.0,1,1.0,1,1.0,1,0.16697957320521478,50
1335,4,2756,987,1769,0,0,0,1.0,1,1.0,1,1.0,1,0.17581592689506462,52
1336,1,2757,987,1770,0,0,0,1.0,1,1.0,1,1.0,1,0.14252001757970187,53
1337,6,2763,989,1774,0,0,0,1.0,1,1.0,1,1.0,1,0.16406904417677418,54
1338,1,2764,990,1774,0,0,0,1.0,1,1.0,1,1.0,1,0.17345571614398264,54
1339,1,2765,990,1775,0,0,0,1.0,1,1.0,1,1.0,1,0.16459603510963647,54
1340,1,2766,990,1776,0,0,0,1.0,1,1.0,1,1.0,1,0.13913099981030774,53
1341,0,2766,990,1776,0,0,0,1.0,1,1.0,1,1.0,1,0.13697171713864686,53
1342,0,2766,990,1776,0,0,0,1.0,1,1.0,1,1.0,1,0.13295758364732965,52
1343,0,2766,990,1776,0,0,0,1.0,1,1.0,1,1.0,1,0.11173567545544466,50
1344,3,2769,992,1777,0,0,0,1.0,1,1.0,1,1.0,1,0.15430878770139791,51
1345,3,2772,992,1780,0,0,0,1.0,1,1.0,1,1.0,1,0.12447887641859622,50
1346,3,2775,995,1780,0,0,0,1.0,1,1.0,1,1.0,1,0.14905210935449245,50
1347,0,2775,995,1780,0,0,0,1.0,1,1.0,1,1.0,1,0.14858742699243543,48
1348,1,2776,995,1781,0,0,0,1.0,1,1.0,1,1.0,1,0.1495001287903629,49
1349,2,2778,995,1783,0,0,0,1.0,1,1.0,1,1.0,1,0.11891115076057718,48
1350,0,2778,995,1783,0,0,0,1.0,1,1.0,1,1.0,1,0.12009569427227057,49
1351,0,2778,995,1783,0,0,0,1.0,1,1.0,1,1.0,1,0.12152675002696328,48
1352,2,2780,997,1783,0,0,0,1.0,1,1.0,1,1.0,1,0.08698789756908189,49
1353,0,2780,997,1783,0,0,0,1.0,1,1.0,1,1.0,1,0.0933652556318721,49
1354,1,2781,998,1783,0,0,0,1.0,1,1.0,1,1.0,1,0.09675595880192013,49
1355,0,2781,998,1783,0,0,0,1.0,1,1.0,1,1.0,1,0.08705228035395131,50
1356,2,2783,999,1784,0,0,0,1.0,1,1.0,1,1.0,1,0.1067908401299132,50
1357,4,2787,1001,1786,0,0,0,1.0,1,1.0,1,1.0,1,0.11352967641760482,50
1358,5,2792,1002,1790,0,0,0,1.0,1,1.0,1,1.0,1,0.12953560006343934,51
1359,1,2793,1003,1790,0,0,0,1.0,1,1.0,1,1.0,1,0.16919882050810708,53
1360,2,2795,1003,1792,0,0,0,1.0,1,1.0,1,1.0,1,0.15895970148485195,54
1361,5,2800,1003,1797,0,0,0,1.0,1,1.0,1,1.0,1,0.11580868270387457,54
1362,2,2802,1004,1798,0,0,0,1.0,1,1.0,1,1.0,1,0.11697216716382233,55
1363,2,2804,1005,1799,0,0,0,1.0,1,1.0,1,1.0,1,0.1102964174941349,55
1364,2,2806,1005,1801,0,0,0,1.0,1,1.0,1,1.0,1,0.1337518449188585,55
1365,6,2812,1007,1805,0,0,0,1.0,1,1.0,1,1.0,1,0.14707135452773892,56
1366,2,2814,1007,1807,0,0,0,1.0,1,1.0,1,1.0,1,0.13428417124712974,56
1367,3,2817,1008,1809,0,0,0,1.0,1,1.0,1,1.0,1,0.11814693611863503,56
1368,3,2820,1009,1811,0,0,0,1.0,1,1.0,1,1.0,1,0.1165568857002451,58
1369,2,2822,1009,1813,0,0,0,1.0,1,1.0,1,1.0,1,0.09793364328027304,59
1370,1,2823,1010,1813,0,0,0,1.0,1,1.0,1,1.0,1,0.09603308701619498,59
1371,3,2826,1010,1816,0,0,0,1.0,1,1.0,1,1.0,1,0.0692061186071889,59
1372,1,2827,1011,1816,0,0,0,1.0,1,1.0,1,1.0,1,0.07592913030104873,59
1373,3,2830,1011,1819,0,0,0,1.0,1,1.0,1,1.0,1,0.03514806228032949,59
1374,2,2832,1012,1820,0,0,0,1.0,1,1.0,1,1.0,1,0.055571113661831754,60
1375,1,2833,1012,1821,0,0,0,1.0,1,1.0,1,1.0,1,0.09163065052013368,61
1376,3,2836,1012,1824,0,0,0,1.0,1,1.0,1,1.0,1,0.11028287668898706,61
1377,2,2838,1014,1824,0,0,0,1.0,1,1.0,1,1.0,1,0.11589390776967984,61
1378,2,2840,1015,1825,0,0,0,1.0,1,1.0,1,1.0,1,0.14734875131502548,61
1379,2,2842,1015,1827,0,0,0,1.0,1,1.0,1,1.0,1,0.11258247678182172,60
1380,4,2846,1017,1829,0,0,0,1.0,1,1.0,1,1.0,1,0.12626735973207548,60
1381,3,2849,1018,1831,0,0,0,1.0,1,1.0,1,1.0,1,0.11901437153975487,58
1382,2,2851,1019,1832,0,0,0,1.0,1,1.0,1,1.0,1,0.1337016097166233,58
1383,4,2855,1022,1833,0,0,0,1.0,1,1.0,1,1.0,1,0.11393702032742599,57
1384,5,2860,1026,1834,0,0,0,1.0,1,1.0,1,1.0,1,0.10811929738514098,54
1385,4,2864,1027,1837,0,0,0,1.0,1,1.0,1,1.0,1,0.10862308060964865,52
1386,1,2865,1027,1838,0,0,0,1.0,1,1.0,1,1.0,1,0.1243052978979565,51
1387,3,2868,1027,1841,0,0,0,1.0,1,1.0,1,1.0,1,0.1359076325330346,51
1388,2,2870,1029,1841,0,0,0,1.0,1,1.0,1,1.0,1,0.11757679411312937,52
1389,4,2874,1029,1845,0,0,0,1.0,1,1.0,1,1.0,1,0.10967033772329451,50
1390,2,2876,1030,1846,0,0,0,1.0,1,1.0,1,1.0,1,0.09811904718936872,51
1391,0,2876,1030,1846,0,0,0,1.0,1,1.0,1,1.0,1,0.10920140932743028,50
1392,1,2877,1031,1846,0,0,0,1.0,1,1.0,1,1.0,1,0.08961404259697509,50
1393,1,2878,1031,1847,0,0,0,1.0,1,1.0,1,1.0,1,0.09438239927215204,49
1394,2,2880,1032,1848,0,0,0,1.0,1,1.0,1,1.0,1,0.11831257520015499,50
1395,1,2881,1032,1849,0,0,0,1.0,1,1.0,1,1.0,1,0.11186175702752012,51
1396,1,2882,1032,1850,0,0,0,1.0,1,1.0,1,1.0,1,0.1189616960168995,52
1397,1,2883,1033,1850,0,0,0,1.0,1,1.0,1,1.0,1,0.1351127698273392,52
1398,1,2884,1034,1850,0,0,0,1.0,1,1.0,1,1.0,1,0.12804476965982284,53
1399,6,2890,1036,1854,0,0,0,1.0,1,1.0,1,1.0,1,0.140296508257053,54
1400,1,2891,1037,1854,0,0,0,1.0,1,1.0,1,1.0,1,0.14730202023634079,54
1401,1,2892,1037,1855,0,0,0,1.0,1,1.0,1,1.0,1,0.1422156063873376,54
1402,3,2895,1039,1856,0,0,0,1.0,1,1.0,1,1.0,1,0.16165615182030796,53
1403,0,2895,1039,1856,0,0,0,1.0,1,1.0,1,1.0,1,0.17923536477779103,52
1404,1,2896,1039,1857,0,0,0,1.0,1,1.0,1,1.0,1,0.1772788538366748,53
1405,0,2896,1039,1857,0,0,0,1.0,1,1.0,1,1.0,1,0.18316603298645154,52
1406,0,2896,1039,1857,0,0,0,1.0,1,1.0,1,1.0,1,0.1692616544793543,53
1407,1,2897,1039,1858,0,0,0,1.0,1,1.0,1,1.0,1,0.17158648635045703,54
1408,0,2897,1039,1858,0,0,0,1.0,1,1.0,1,1.0,1,0.18362316821072672,53
1409,0,2897,1039,1858,0,0,0,1.0,1,1.0,1,1.0,1,0.1873664303210028,55
1410,0,2897,1039,1858,0,0,0,1.0,1,1.0,1,1.0,1,0.19245859169121565,54
1411,1,2898,1039,1859,0,0,0,1.0,1,1.0,1,1.0,1,0.17798730378589347,54
1412,0,2898,1039,1859,0,0,0,1.0,1,1.0,1,1.0,1,0.18720449500107122,53
1413,4,2902,1039,1863,0,0,0,1.0,1,1.0,1,1.0,1,0.16329358907986205,54
1414,2,2904,1039,1865,0,0,0,1.0,1,1.0,1,1.0,1,0.15368007555711238,55
1415,3,2907,1039,1868,0,0,0,1.0,1,1.0,1,1.0,1,0.11716075165722632,57
1416,6,2913,1040,1873,0,0,0,1.0,1,1.0,1,1.0,1,0.14108881129814038,59
1417,3,2916,1042,1874,0,0,0,1.0,1,1.0,1,1.0,1,0.18734753460023226,58
1418,4,2920,1043,1877,0,0,0,1.0,1,1.0,1,1.0,1,0.15623321949554247,57
1419,1,2921,1044,1877,0,0,0,1.0,1,1.0,1,1.0,1,0.18286706838670444,56
1420,1,2922,1044,1878,0,0,0,1.0,1,1.0,1,1.0,1,0.19738018540483657,54
1421,3,2925,1044,1881,0,0,0,1.0,1,1.0,1,1.0,1,0.15195287310944447,55
1422,0,2925,1044,1881,0,0,0,1.0,1,1.0,1,1.0,1,0.15923338077463822,52
1423,1,2926,1045,1881,0,0,0,1.0,1,1.0,1,1.0,1,0.1708363552807755,52
1424,3,2929,1048,1881,0,0,0,1.0,1,1.0,1,1.0,1,0.17239764525692056,51
1425,4,2933,1048,1885,0,0,0,1.0,1,1.0,1,1.0,1,0.15101667642419006,50
1426,7,2940,1051,1889,0,0,0,1.0,1,1.0,1,1.0,1,0.13448960445732666,50
1427,3,2943,1051,1892,0,0,0,1.0,1,1.0,1,1.0,1,0.15151498647442188,48
1428,3,2946,1052,1894,0,0,0,1.0,1,1.0,1,1.0,1,0.16256552066035324,48
1429,4,2950,1052,1898,0,0,0,1.0,1,1.0,1,1.0,1,0.15544939454317871,48
1430,1,2951,1052,1899,0,0,0,1.0,1,1.0,1,1.0,1,0.1577830750861274,48
1431,0,2951,1052,1899,0,0,0,1.0,1,1.0,1,1.0,1,0.1577830750861274,48
1432,2,2953,1052,1901,0,0,0,1.0,1,1.0,1,1.0,1,0.13767090020609712,50
1433,1,2954,1052,1902,0,0,0,1.0,1,1.0,1,1.0,1,0.10818149772980526,51
1434,4,2958,1055,1903,0,0,0,1.0,1,1.0,1,1.0,1,0.13348550528250266,51
1435,6,2964,1058,1906,0,0,0,1.0,1,1.0,1,1.0,1,0.08793084693133585,50
1436,1,2965,1059,1906,0,0,0,1.0,1,1.0,1,1.0,1,0.12229663028955909,51
1437,2,2967,1059,1908,0,0,0,1.0,1,1.0,1,1.0,1,0.10504709262090675,51
1438,2,2969,1061,1908,0,0,0,1.0,1,1.0,1,1.0,1,0.14750846691164776,51
1439,6,2975,1064,1911,0,0,0,1.0,1,1.0,1,1.0,1,0.21748926147091127,50
1440,6,2981,1065,1916,0,0,0,1.0,1,1.0,1,1.0,1,0.24282565053840743,51
1441,6,2987,1065,1922,0,0,0,1.0,1,1.0,1,1.0,1,0.15984195740700183,51
1442,4,2991,1067,1924,0,0,0,1.0,1,1.0,1,1.0,1,0.15663142217222145,52
1443,7,2998,1067,1931,0,0,0,1.0,1,1.0,1,1.0,1,0.18944107721568956,53
1444,6,3004,1067,1937,0,0,0,1.0,1,1.0,1,1.0,1,0.17648570649396322,54
1445,3,3007,1067,1940,0,0,0,1.0,1,1.0,1,1.0,1,0.09563263370896684,54
1446,3,3010,1067,1943,0,0,0,1.0,1,1.0,1,1.0,1,0.0893621217217126,54
1447,0,3010,1067,1943,0,0,0,1.0,1,1.0,1,1.0,1,0.07659678996893467,55
1448,1,3011,1067,1944,0,0,0,1.0,1,1.0,1,1.0,1,0.05968140149375618,55
1449,0,3011,1067,1944,0,0,0,1.0,1,1.0,1,1.0,1,0.05968140149375618,55
1450,0,3011,1067,1944,0,0,0,1.0,1,1.0,1,1.0,1,0.07787706539960819,57
1451,0,3011,1067,1944,0,0,0,1.0,1,1.0,1,1.0,1,0.07787706539960819,57
1452,0,3011,1067,1944,0,0,0,1.0,1,1.0,1,1.0,1,0.07787706539960819,57
1453,2,3013,1069,1944,0,0,0,1.0,1,1.0,1,1.0,1,0.1475416323648971,57
1454,4,3017,1069,1948,0,0,0,1.0,1,1.0,1,1.0,1,0.12009676770096758,58
1455,1,3018,1069,1949,0,0,0,1.0,1,1.0,1,1.0,1,0.12445250259818114,56
1456,1,3019,1070,1949,0,0,0,1.0,1,1.0,1,1.0,1,0.13353145455797363,55
1457,5,3024,1070,1954,0,0,0,1.0,1,1.0,1,1.0,1,0.08373333060022141,54
1458,3,3027,1071,1956,0,0,0,1.0,1,1.0,1,1.0,1,0.08179450722111221,53
1459,2,3029,1071,1958,0,0,0,1.0,1,1.0,1,1.0,1,0.09670479699405231,52
1460,2,3031,1071,1960,0,0,0,1.0,1,1.0,1,1.0,1,0.09096411741522681,51
1461,2,3033,1073,1960,0,0,0,1.0,1,1.0,1,1.0,1,0.09459155822904797,51
1462,1,3034,1074,1960,0,0,0,1.0,1,1.0,1,1.0,1,0.12874798134277518,51
1463,3,3037,1075,1962,0,0,0,1.0,1,1.0,1,1.0,1,0.12673608845078344,52
1464,4,3041,1077,1964,0,0,0,1.0,1,1.0,1,1.0,1,0.1486788456780393,52
1465,3,3044,1077,1967,0,0,0,1.0,1,1.0,1,1.0,1,0.1259167052595302,51
1466,6,3050,1080,1970,0,0,0,1.0,1,1.0,1,1.0,1,0.13700519398754185,50
1467,3,3053,1080,1973,0,0,0,1.0,1,1.0,1,1.0,1,0.17313437056182576,48
1468,5,3058,1083,1975,0,0,0,1.0,1,1.0,1,1.0,1,0.15961068126840172,48
1469,12,3070,1085,1985,0,0,0,1.0,1,1.0,1,1.0,1,0.14342682800730555,48
1470,6,3076,1087,1989,0,0,0,1.0,1,1.0,1,1.0,1,0.17496005384254254,48
1471,6,3082,1089,1993,0,0,0,1.0,1,1.0,1,1.0,1,0.1392696967867287,45
1472,0,3082,1089,1993,0,0,0,1.0,1,1.0,1,1.0,1,0.1360369108179578,45
1473,4,3086,1089,1997,0,0,0,1.0,1,1.0,1,1.0,1,0.06627602651751179,46
1474,1,3087,1089,1998,0,0,0,1.0,1,1.0,1,1.0,1,0.08225160777968449,46
1475,0,3087,1089,1998,0,0,0,1.0,1,1.0,1,1.0,1,0.08225160777968449,46
1476,0,3087,1089,1998,0,0,0,1.0,1,1.0,1,1.0,1,0.09400305211337111,47
1477,1,3088,1090,1998,0,0,0,1.0,1,1.0,1,1.0,1,0.09080316399413363,47
1478,2,3090,1091,1999,0,0,0,1.0,1,1.0,1,1.0,1,0.13656579463240895,47
1479,0,3090,1091,1999,0,0,0,1.0,1,1.0,1,1.0,1,0.14178230267161462,48
1480,2,3092,1092,2000,0,0,0,1.0,1,1.0,1,1.0,1,0.13561967724468219,47
1481,2,3094,1093,2001,0,0,0,1.0,1,1.0,1,1.0,1,0.1412503511237193,47
1482,1,3095,1094,2001,0,0,0,1.0,1,1.0,1,1.0,1,0.13812963662408892,46
1483,2,3097,1095,2002,0,0,0,1.0,1,1.0,1,1.0,1,0.15547951949040303,47
1484,3,3100,1096,2004,0,0,0,1.0,1,1.0,1,1.0,1,0.13027084651577606,47
1485,3,3103,1096,2007,0,0,0,1.0,1,1.0,1,1.0,1,0.14193021175943107,47
1486,3,3106,1096,2010,0,0,0,1.0,1,1.0,1,1.0,1,0.12023354974936634,49
1487,1,3107,1097,2010,0,0,0,1.0,1,1.0,1,1.0,1,0.11215172744588414,49
1488,1,3108,1098,2010,0,0,0,1.0,1,1.0,1,1.0,1,0.11879870619180134,51
1489,2,3110,1099,2011,0,0,0,1.0,1,1.0,1,1.0,1,0.1206790051664374,52
1490,2,3112,1100,2012,0,0,0,1.0,1,1.0,1,1.0,1,0.1412338568645986,52
1491,5,3117,1103,2014,0,0,0,1.0,1,1.0,1,1.0,1,0.17293007664920235,53
1492,8,3125,1106,2019,0,0,0,1.0,1,1.0,1,1.0,1,0.1933503992732004,53
1493,7,3132,1108,2024,0,0,0,1.0,1,1.0,1,1.0,1,0.13515809331351866,52
1494,2,3134,1108,2026,0,0,0,1.0,1,1.0,1,1.0,1,0.11308109635260309,50
1495,2,3136,1110,2026,0,0,0,1.0,1,1.0,1,1.0,1,0.1262173877478486,50
1496,3,3139,1112,2027,0,0,0,1.0,1,1.0,1,1.0,1,0.17080325933067297,52
1497,5,3144,1113,2031,0,0,0,1.0,1,1.0,1,1.0,1,0.09377942188503205,51
1498,0,3144,1113,2031,0,0,0,1.0,1,1.0,1,1.0,1,0.0958971110680108,50
1499,0,3144,1113,2031,0,0,0,1.0,1,1.0,1,1.0,1,0.10738762592455833,50
1500,1,3145,1114,2031,0,0,0,1.0,1,1.0,1,1.0,1,0.15882478108331954,49
1501,7,3152,1114,2038,0,0,0,1.0,1,1.0,1,1.0,1,0.12888696529774896,47
1502,3,3155,1115,2040,0,0,0,1.0,1,1.0,1,1.0,1,0.09945350809908853,47
1503,2,3157,1115,2042,0,0,0,1.0,1,1.0,1,1.0,1,0.11462968709697062,47
1504,8,3165,1118,2047,0,0,0,1.0,1,1.0,1,1.0,1,0.19260781429916785,48
1505,8,3173,1120,2053,0,0,0,1.0,1,1.0,1,1.0,1,0.12778591615976168,47
1506,2,3175,1121,2054,0,0,0,1.0,1,1.0,1,1.0,1,0.12405187623493023,47
1507,1,3176,1122,2054,0,0,0,1.0,1,1.0,1,1.0,1,0.16365712089799642,45
1508,3,3179,1124,2055,0,0,0,1.0,1,1.0,1,1.0,1,0.15475524592604506,45
1509,3,3182,1126,2056,0,0,0,1.0,1,1.0,1,1.0,1,0.1341095049952732,44
1510,3,3185,1129,2056,0,0,0,1.0,1,1.0,1,1.0,1,0.23213429538208563,42
1511,1,3186,1129,2057,0,0,0,1.0,1,1.0,1,1.0,1,0.21359125846470123,40
1512,4,3190,1131,2059,0,0,0,1.0,1,1.0,1,1.0,1,0.23837318214507247,39
1513,7,3197,1132,2065,0,0,0,1.0,1,1.0,1,1.0,1,0.11281312333036563,39
1514,1,3198,1132,2066,0,0,0,1.0,1,1.0,1,1.0,1,0.12582787524944547,38
1515,4,3202,1133,2069,0,0,0,1.0,1,1.0,1,1.0,1,0.14336065764704511,39
1516,2,3204,1133,2071,0,0,0,1.0,1,1.0,1,1.0,1,0.14336065764704511,39
1517,4,3208,1135,2073,0,0,0,1.0,1,1.0,1,1.0,1,0.16952840086914114,39
1518,2,3210,1135,2075,0,0,0,1.0,1,1.0,1,1.0,1,0.13452206719329754,39
1519,0,3210,1135,2075,0,0,0,1.0,1,1.0,1,1.0,1,0.13452206719329754,39
1520,2,3212,1137,2075,0,0,0,1.0,1,1.0,1,1.0,1,0.22624512883485157,39
1521,6,3218,1137,2081,0,0,0,1.0,1,1.0,1,1.0,1,0.09820092945196882,40
1522,1,3219,1137,2082,0,0,0,1.0,1,1.0,1,1.0,1,0.0877366123461661,40
1523,0,3219,1137,2082,0,0,0,1.0,1,1.0,1,1.0,1,0.09983438853857157,41
1524,1,3220,1138,2082,0,0,0,1.0,1,1.0,1,1.0,1,0.1471242297358003,42
1525,2,3222,1138,2084,0,0,0,1.0,1,1.0,1,1.0,1,0.10701752760202565,45
1526,0,3222,1138,2084,0,0,0,1.0,1,1.0,1,1.0,1,0.11979356436626837,46
1527,0,3222,1138,2084,0,0,0,1.0,1,1.0,1,1.0,1,0.11979356436626837,46
1528,2,3224,1139,2085,0,0,0,1.0,1,1.0,1,1.0,1,0.11437987075773093,47
1529,0,3224,1139,2085,0,0,0,1.0,1,1.0,1,1.0,1,0.11437987075773093,47
1530,1,3225,1139,2086,0,0,0,1.0,1,1.0,1,1.0,1,0.0990325088813394,48
1531,1,3226,1139,2087,0,0,0,1.0,1,1.0,1,1.0,1,0.0860762018577203,46
1532,0,3226,1139,2087,0,0,0,1.0,1,1.0,1,1.0,1,0.08316034779637176,47
1533,1,3227,1139,2088,0,0,0,1.0,1,1.0,1,1.0,1,0.06418952569082577,46
1534,0,3227,1139,2088,0,0,0,1.0,1,1.0,1,1.0,1,0.057584980216703885,47
1535,1,3228,1140,2088,0,0,0,1.0,1,1.0,1,1.0,1,0.055754817096261275,47
1536,0,3228,1140,2088,0,0,0,1.0,1,1.0,1,1.0,1,0.0690697251584447,48
1537,1,3229,1140,2089,0,0,0,1.0,1,1.0,1,1.0,1,0.07486242881524738,46
1538,0,3229,1140,2089,0,0,0,1.0,1,1.0,1,1.0,1,0.09440088389516903,47
1539,0,3229,1140,2089,0,0,0,1.0,1,1.0,1,1.0,1,0.10825075370648973,47
1540,4,3233,1142,2091,0,0,0,1.0,1,1.0,1,1.0,1,0.11137140365344385,47
1541,1,3234,1142,2092,0,0,0,1.0,1,1.0,1,1.0,1,0.092914182480357,47
1542,3,3237,1144,2093,0,0,0,1.0,1,1.0,1,1.0,1,0.14938138035535403,50
1543,4,3241,1146,2095,0,0,0,1.0,1,1.0,1,1.0,1,0.11126864933470837,47
1544,5,3246,1149,2097,0,0,0,1.0,1,1.0,1,1.0,1,0.1500868915599597,48
1545,5,3251,1151,2100,0,0,0,1.0,1,1.0,1,1.0,1,0.0684039180792849,47
1546,3,3254,1153,2101,0,0,0,1.0,1,1.0,1,1.0,1,0.09194685612363629,47
1547,2,3256,1155,2101,0,0,0,1.0,1,1.0,1,1.0,1,0.12534528801576467,47
1548,4,3260,1159,2101,0,0,0,1.0,1,1.0,1,1.0,1,0.15412341576000213,47
1549,11,3271,1163,2108,0,0,0,1.0,1,1.0,1,1.0,1,0.1128545145224738,46
1550,3,3274,1164,2110,0,0,0,1.0,1,1.0,1,1.0,1,0.16264867218751003,44
1551,7,3281,1167,2114,0,0,0,1.0,1,1.0,1,1.0,1,0.18791393593244624,45
1552,6,3287,1169,2118,0,0,0,1.0,1,1.0,1,1.0,1,0.159604532733494,43
1553,5,3292,1172,2120,0,0,0,1.0,1,1.0,1,1.0,1,0.12371327397915123,43
1554,1,3293,1173,2120,0,0,0,1.0,1,1.0,1,1.0,1,0.1196979952486421,41
1555,1,3294,1173,2121,0,0,0,1.0,1,1.0,1,1.0,1,0.13201979318726187,44
1556,3,3297,1174,2123,0,0,0,1.0,1,1.0,1,1.0,1,0.13666887361358127,45
1557,4,3301,1175,2126,0,0,0,1.0,1,1.0,1,1.0,1,0.11924670227849003,45
1558,3,3304,1175,2129,0,0,0,1.0,1,1.0,1,1.0,1,0.09406205620050714,46
1559,1,3305,1175,2130,0,0,0,1.0,1,1.0,1,1.0,1,0.10174416952402969,47
1560,1,3306,1176,2130,0,0,0,1.0,1,1.0,1,1.0,1,0.08170291981727404,46
1561,1,3307,1177,2130,0,0,0,1.0,1,1.0,1,1.0,1,0.10357351963423266,47
1562,0,3307,1177,2130,0,0,0,1.0,1,1.0,1,1.0,1,0.10878745077617141,47
1563,0,3307,1177,2130,0,0,0,1.0,1,1.0,1,1.0,1,0.10878745077617141,47
1564,1,3308,1177,2131,0,0,0,1.0,1,1.0,1,1.0,1,0.08951439935170337,47
1565,1,3309,1177,2132,0,0,0,1.0,1,1.0,1,1.0,1,0.10605588226632802,48
1566,1,3310,1177,2133,0,0,0,1.0,1,1.0,1,1.0,1,0.09361136140396473,48
1567,1,3311,1177,2134,0,0,0,1.0,1,1.0,1,1.0,1,0.08821807735198099,48
1568,2,3313,1178,2135,0,0,0,1.0,1,1.0,1,1.0,1,0.11372374503485162,48
1569,0,3313,1178,2135,0,0,0,1.0,1,1.0,1,1.0,1,0.09943331840563326,45
1570,0,3313,1178,2135,0,0,0,1.0,1,1.0,1,1.0,1,0.10309411728013874,44
1571,4,3317,1182,2135,0,0,0,1.0,1,1.0,1,1.0,1,0.13895924009039382,42
1572,2,3319,1182,2137,0,0,0,1.0,1,1.0,1,1.0,1,0.19145642874775098,43
1573,5,3324,1183,2141,0,0,0,1.0,1,1.0,1,1.0,1,0.1395333797710871,43
1574,2,3326,1185,2141,0,0,0,1.0,1,1.0,1,1.0,1,0.11168335287065832,42
1575,4,3330,1187,2143,0,0,0,1.0,1,1.0,1,1.0,1,0.14550667567238715,43
1576,4,3334,1190,2144,0,0,0,1.0,1,1.0,1,1.0,1,0.18002972760823385,41
1577,5,3339,1192,2147,0,0,0,1.0,1,1.0,1,1.0,1,0.15207050900101682,40
1578,1,3340,1192,2148,0,0,0,1.0,1,1.0,1,1.0,1,0.1433038282974353,40
1579,0,3340,1192,2148,0,0,0,1.0,1,1.0,1,1.0,1,0.14351406547981463,40
1580,0,3340,1192,2148,0,0,0,1.0,1,1.0,1,1.0,1,0.14351406547981463,40
1581,2,3342,1193,2149,0,0,0,1.0,1,1.0,1,1.0,1,0.13913968872216495,40
1582,7,3349,1196,2153,0,0,0,1.0,1,1.0,1,1.0,1,0.11236254178193082,40
1583,0,3349,1196,2153,0,0,0,1.0,1,1.0,1,1.0,1,0.11507367913701094,38
1584,4,3353,1198,2155,0,0,0,1.0,1,1.0,1,1.0,1,0.102975818991219,39
1585,4,3357,1201,2156,0,0,0,1.0,1,1.0,1,1.0,1,0.09988433593450145,38
1586,2,3359,1203,2156,0,0,0,1.0,1,1.0,1,1.0,1,0.16402691764219307,38
1587,5,3364,1207,2157,0,0,0,1.0,1,1.0,1,1.0,1,0.18618453493525286,37
1588,7,3371,1209,2162,0,0,0,1.0,1,1.0,1,1.0,1,0.10023697119836779,39
1589,3,3374,1211,2163,0,0,0,1.0,1,1.0,1,1.0,1,0.15221152814594913,37
1590,1,3375,1211,2164,0,0,0,1.0,1,1.0,1,1.0,1,0.148536228402718,37
1591,5,3380,1214,2166,0,0,0,1.0,1,1.0,1,1.0,1,0.19566118890724687,36
1592,2,3382,1214,2168,0,0,0,1.0,1,1.0,1,1.0,1,0.16162847715968484,34
1593,3,3385,1215,2170,0,0,0,1.0,1,1.0,1,1.0,1,0.15514939740428,33
1594,0,3385,1215,2170,0,0,0,1.0,1,1.0,1,1.0,1,0.2169434514067963,31
1595,3,3388,1216,2172,0,0,0,1.0,1,1.0,1,1.0,1,0.1646954902390411,34
1596,0,3388,1216,2172,0,0,0,1.0,1,1.0,1,1.0,1,0.18598045459048082,33
1597,2,3390,1216,2174,0,0,0,1.0,1,1.0,1,1.0,1,0.12671916300736757,33
1598,0,3390,1216,2174,0,0,0,1.0,1,1.0,1,1.0,1,0.13872389256046394,33
1599,0,3390,1216,2174,0,0,0,1.0,1,1.0,1,1.0,1,0.13872389256046394,33
1600,1,3391,1217,2174,0,0,0,1.0,1,1.0,1,1.0,1,0.17142081056973743,34
1601,2,3393,1218,2175,0,0,0,1.0,1,1.0,1,1.0,1,0.1776935608766327,35
1602,1,3394,1218,2176,0,0,0,1.0,1,1.0,1,1.0,1,0.15401107680152365,36
1603,2,3396,1218,2178,0,0,0,1.0,1,1.0,1,1.0,1,0.15429252017743034,38
1604,3,3399,1219,2180,0,0,0,1.0,1,1.0,1,1.0,1,0.15559584299754095,38
1605,1,3400,1219,2181,0,0,0,1.0,1,1.0,1,1.0,1,0.1059659228642878,38
1606,3,3403,1221,2182,0,0,0,1.0,1,1.0,1,1.0,1,0.1569799497945861,39
1607,1,3404,1221,2183,0,0,0,1.0,1,1.0,1,1.0,1,0.15993570924842643,37
1608,6,3410,1224,2186,0,0,0,1.0,1,1.0,1,1.0,1,0.172147251577266,36
1609,3,3413,1224,2189,0,0,0,1.0,1,1.0,1,1.0,1,0.13214647827292406,34
1610,2,3415,1225,2190,0,0,0,1.0,1,1.0,1,1.0,1,0.13113016253992818,34
1611,2,3417,1226,2191,0,0,0,1.0,1,1.0,1,1.0,1,0.123858449229374,35
1612,0,3417,1226,2191,0,0,0,1.0,1,1.0,1,1.0,1,0.15235206514826866,33
1613,3,3420,1227,2193,0,0,0,1.0,1,1.0,1,1.0,1,0.16735378532487588,34
1614,0,3420,1227,2193,0,0,0,1.0,1,1.0,1,1.0,1,0.1713546820570442,35
1615,0,3420,1227,2193,0,0,0,1.0,1,1.0,1,1.0,1,0.1713546820570442,35
1616,1,3421,1227,2194,0,0,0,1.0,1,1.0,1,1.0,1,0.14066138635399672,37
1617,1,3422,1228,2194,0,0,0,1.0,1,1.0,1,1.0,1,0.18153754150714327,38
1618,2,3424,1229,2195,0,0,0,1.0,1,1.0,1,1.0,1,0.1426236184146898,38
1619,1,3425,1230,2195,0,0,0,1.0,1,1.0,1,1.0,1,0.1932117664087284,38
1620,3,3428,1231,2197,0,0,0,1.0,1,1.0,1,1.0,1,0.15944566301259505,39
1621,5,3433,1231,2202,0,0,0,1.0,1,1.0,1,1.0,1,0.08414492331015387,37
1622,2,3435,1233,2202,0,0,0,1.0,1,1.0,1,1.0,1,0.1475256349761909,37
1623,3,3438,1236,2202,0,0,0,1.0,1,1.0,1,1.0,1,0.22402015823516755,37
1624,3,3441,1237,2204,0,0,0,1.0,1,1.0,1,1.0,1,0.19642436026391263,37
1625,3,3444,1237,2207,0,0,0,1.0,1,1.0,1,1.0,1,0.14630999515217671,35
1626,0,3444,1237,2207,0,0,0,1.0,1,1.0,1,1.0,1,0.14630999515217671,35
1627,0,3444,1237,2207,0,0,0,1.0,1,1.0,1,1.0,1,0.13556229539533418,34
1628,1,3445,1237,2208,0,0,0,1.0,1,1.0,1,1.0,1,0.10531016876768676,35
1629,4,3449,1240,2209,0,0,0,1.0,1,1.0,1,1.0,1,0.1448907353468814,34
1630,0,3449,1240,2209,0,0,0,1.0,1,1.0,1,1.0,1,0.14221228987214296,32
1631,1,3450,1240,2210,0,0,0,1.0,1,1.0,1,1.0,1,0.1632130108472019,33
1632,1,3451,1241,2210,0,0,0,1.0,1,1.0,1,1.0,1,0.2198815357042143,32
1633,2,3453,1242,2211,0,0,0,1.0,1,1.0,1,1.0,1,0.1936620888999474,31
1634,1,3454,1242,2212,0,0,0,1.0,1,1.0,1,1.0,1,0.16236157478693444,31
1635,1,3455,1242,2213,0,0,0,1.0,1,1.0,1,1.0,1,0.1565056653232421,31
1636,1,3456,1242,2214,0,0,0,1.0,1,1.0,1,1.0,1,0.16848364871802946,33
1637,2,3458,1242,2216,0,0,0,1.0,1,1.0,1,1.0,1,0.10580019255357868,33
1638,0,3458,1242,2216,0,0,0,1.0,1,1.0,1,1.0,1,0.10678073771011565,36
1639,2,3460,1243,2217,0,0,0,1.0,1,1.0,1,1.0,1,0.05663727500386118,36
1640,0,3460,1243,2217,0,0,0,1.0,1,1.0,1,1.0,1,0.05663727500386118,36
1641,0,3460,1243,2217,0,0,0,1.0,1,1.0,1,1.0,1,0.08526942168902735,38
1642,1,3461,1244,2217,0,0,0,1.0,1,1.0,1,1.0,1,0.13716648959336852,37
1643,2,3463,1246,2217,0,0,0,1.0,1,1.0,1,1.0,1,0.13425913779200827,37
1644,6,3469,1249,2220,0,0,0,1.0,1,1.0,1,1.0,1,0.22956821607146208,38
1645,2,3471,1249,2222,0,0,0,1.0,1,1.0,1,1.0,1,0.13990855455375892,36
1646,2,3473,1250,2223,0,0,0,1.0,1,1.0,1,1.0,1,0.13488723524674712,37
1647,2,3475,1251,2224,0,0,0,1.0,1,1.0,1,1.0,1,0.16245289478251906,35
1648,1,3476,1251,2225,0,0,0,1.0,1,1.0,1,1.0,1,0.168750801171843,38
1649,2,3478,1252,2226,0,0,0,1.0,1,1.0,1,1.0,1,0.19851961405412852,35
1650,0,3478,1252,2226,0,0,0,1.0,1,1.0,1,1.0,1,0.2083229811471192,34
1651,0,3478,1252,2226,0,0,0,1.0,1,1.0,1,1.0,1,0.24947085354983078,32
1652,0,3478,1252,2226,0,0,0,1.0,1,1.0,1,1.0,1,0.2499597931922105,33
1653,2,3480,1252,2228,0,0,0,1.0,1,1.0,1,1.0,1,0.21248235957804815,33
1654,1,3481,1252,2229,0,0,0,1.0,1,1.0,1,1.0,1,0.18001194159539788,34
1655,1,3482,1253,2229,0,0,0,1.0,1,1.0,1,1.0,1,0.19912509270967166,35
1656,2,3484,1253,2231,0,0,0,1.0,1,1.0,1,1.0,1,0.14774670306060808,35
1657,1,3485,1253,2232,0,0,0,1.0,1,1.0,1,1.0,1,0.1365912454168814,36
1658,1,3486,1254,2232,0,0,0,1.0,1,1.0,1,1.0,1,0.12691271001420365,36
1659,0,3486,1254,2232,0,0,0,1.0,1,1.0,1,1.0,1,0.12691271001420365,36
1660,5,3491,1257,2234,0,0,0,1.0,1,1.0,1,1.0,1,0.12792641760595463,38
1661,1,3492,1257,2235,0,0,0,1.0,1,1.0,1,1.0,1,0.10511566818193456,38
1662,5,3497,1260,2237,0,0,0,1.0,1,1.0,1,1.0,1,0.08105008385029923,39
1663,1,3498,1261,2237,0,0,0,1.0,1,1.0,1,1.0,1,0.11694969364946829,40
1664,0,3498,1261,2237,0,0,0,1.0,1,1.0,1,1.0,1,0.15791415839895487,39
1665,7,3505,1262,2243,0,0,0,1.0,1,1.0,1,1.0,1,0.1326650391369313,40
1666,0,3505,1262,2243,0,0,0,1.0,1,1.0,1,1.0,1,0.1680638698666083,40
1667,3,3508,1263,2245,0,0,0,1.0,1,1.0,1,1.0,1,0.16575239308961554,40
1668,3,3511,1264,2247,0,0,0,1.0,1,1.0,1,1.0,1,0.16159671213032592,41
1669,0,3511,1264,2247,0,0,0,1.0,1,1.0,1,1.0,1,0.14275098773088649,40
1670,0,3511,1264,2247,0,0,0,1.0,1,1.0,1,1.0,1,0.14275098773088649,40
1671,4,3515,1266,2249,0,0,0,1.0,1,1.0,1,1.0,1,0.1333238001080201,41
1672,2,3517,1268,2249,0,0,0,1.0,1,1.0,1,1.0,1,0.19509216984044478,40
1673,1,3518,1268,2250,0,0,0,1.0,1,1.0,1,1.0,1,0.16015287407964174,39
1674,3,3521,1270,2251,0,0,0,1.0,1,1.0,1,1.0,1,0.1900083738504708,40
1675,0,3521,1270,2251,0,0,0,1.0,1,1.0,1,1.0,1,0.1885489790642506,38
1676,2,3523,1270,2253,0,0,0,1.0,1,1.0,1,1.0,1,0.13378605463175466,39
1677,1,3524,1270,2254,0,0,0,1.0,1,1.0,1,1.0,1,0.12180076979025203,39
1678,0,3524,1270,2254,0,0,0,1.0,1,1.0,1,1.0,1,0.12180076979025203,39
1679,0,3524,1270,2254,0,0,0,1.0,1,1.0,1,1.0,1,0.12180076979025203,39
1680,4,3528,1272,2256,0,0,0,1.0,1,1.0,1,1.0,1,0.10884635476261191,41
1681,2,3530,1273,2257,0,0,0,1.0,1,1.0,1,1.0,1,0.06923888752542359,41
1682,3,3533,1273,2260,0,0,0,1.0,1,1.0,1,1.0,1,0.05159693111938634,43
1683,4,3537,1277,2260,0,0,0,1.0,1,1.0,1,1.0,1,0.14234729039309452,43
1684,5,3542,1279,2263,0,0,0,1.0,1,1.0,1,1.0,1,0.1938373359330325,42
1685,6,3548,1279,2269,0,0,0,1.0,1,1.0,1,1.0,1,0.11496502261646155,41
1686,3,3551,1281,2270,0,0,0,1.0,1,1.0,1,1.0,1,0.16035997401943616,41
1687,1,3552,1282,2270,0,0,0,1.0,1,1.0,1,1.0,1,0.1749058567479126,40
1688,3,3555,1284,2271,0,0,0,1.0,1,1.0,1,1.0,1,0.1123375881859368,39
1689,2,3557,1285,2272,0,0,0,1.0,1,1.0,1,1.0,1,0.13826555680477248,38
1690,1,3558,1286,2272,0,0,0,1.0,1,1.0,1,1.0,1,0.1414949233857176,38
1691,1,3559,1287,2272,0,0,0,1.0,1,1.0,1,1.0,1,0.16906253364070348,36
1692,0,3559,1287,2272,0,0,0,1.0,1,1.0,1,1.0,1,0.1665347706212723,36
1693,1,3560,1288,2272,0,0,0,1.0,1,1.0,1,1.0,1,0.1503815477347778,35
1694,0,3560,1288,2272,0,0,0,1.0,1,1.0,1,1.0,1,0.17375589820647905,33
1695,0,3560,1288,2272,0,0,0,1.0,1,1.0,1,1.0,1,0.1685298336139094,34
1696,0,3560,1288,2272,0,0,0,1.0,1,1.0,1,1.0,1,0.19495108201872602,35
1697,0,3560,1288,2272,0,0,0,1.0,1,1.0,1,1.0,1,0.1978355641444055,36
1698,2,3562,1290,2272,0,0,0,1.0,1,1.0,1,1.0,1,0.2484742398459651,38
1699,3,3565,1291,2274,0,0,0,1.0,1,1.0,1,1.0,1,0.2203039610443735,38
1700,0,3565,1291,2274,0,0,0,1.0,1,1.0,1,1.0,1,0.22954509758003205,39
1701,3,3568,1292,2276,0,0,0,1.0,1,1.0,1,1.0,1,0.2233107616402371,40
1702,6,3574,1294,2280,0,0,0,1.0,1,1.0,1,1.0,1,0.2148888512285679,41
1703,4,3578,1296,2282,0,0,0,1.0,1,1.0,1,1.0,1,0.1897333215148552,41
1704,4,3582,1298,2284,0,0,0,1.0,1,1.0,1,1.0,1,0.1451690918751292,41
1705,5,3587,1299,2288,0,0,0,1.0,1,1.0,1,1.0,1,0.08706219880990729,40
1706,2,3589,1300,2289,0,0,0,1.0,1,1.0,1,1.0,1,0.09402694212217186,40
1707,4,3593,1301,2292,0,0,0,1.0,1,1.0,1,1.0,1,0.10909425660191738,39
1708,1,3594,1301,2293,0,0,0,1.0,1,1.0,1,1.0,1,0.10868815303081696,39
1709,0,3594,1301,2293,0,0,0,1.0,1,1.0,1,1.0,1,0.11788590651406564,38
1710,3,3597,1301,2296,0,0,0,1.0,1,1.0,1,1.0,1,0.04078804618831399,39
1711,0,3597,1301,2296,0,0,0,1.0,1,1.0,1,1.0,1,0.06728546386802198,38
1712,0,3597,1301,2296,0,0,0,1.0,1,1.0,1,1.0,1,0.06728546386802198,38
1713,1,3598,1301,2297,0,0,0,1.0,1,1.0,1,1.0,1,0.07833792756006207,37
1714,1,3599,1302,2297,0,0,0,1.0,1,1.0,1,1.0,1,0.1554719302265405,38
1715,2,3601,1302,2299,0,0,0,1.0,1,1.0,1,1.0,1,0.1392829202999806,40
1716,2,3603,1303,2300,0,0,0,1.0,1,1.0,1,1.0,1,0.18716528205093758,39
1717,2,3605,1305,2300,0,0,0,1.0,1,1.0,1,1.0,1,0.17788388292421625,38
1718,1,3606,1305,2301,0,0,0,1.0,1,1.0,1,1.0,1,0.17568974314518643,38
1719,0,3606,1305,2301,0,0,0,1.0,1,1.0,1,1.0,1,0.17568974314518643,38
1720,1,3607,1306,2301,0,0,0,1.0,1,1.0,1,1.0,1,0.21832941766109135,41
1721,1,3608,1307,2301,0,0,0,1.0,1,1.0,1,1.0,1,0.20136413244103518,39
1722,5,3613,1309,2304,0,0,0,1.0,1,1.0,1,1.0,1,0.19864492973454032,40
1723,2,3615,1310,2305,0,0,0,1.0,1,1.0,1,1.0,1,0.15468460848750712,38
1724,0,3615,1310,2305,0,0,0,1.0,1,1.0,1,1.0,1,0.17066281793041652,37
1725,1,3616,1310,2306,0,0,0,1.0,1,1.0,1,1.0,1,0.1739153908632036,38
1726,2,3618,1310,2308,0,0,0,1.0,1,1.0,1,1.0,1,0.14991144488537617,37
1727,0,3618,1310,2308,0,0,0,1.0,1,1.0,1,1.0,1,0.14991144488537617,37
1728,0,3618,1310,2308,0,0,0,1.0,1,1.0,1,1.0,1,0.20353634270216378,35
1729,9,3627,1311,2316,0,0,0,1.0,1,1.0,1,1.0,1,0.16004343149126776,37
1730,7,3634,1311,2323,0,0,0,1.0,1,1.0,1,1.0,1,0.14095723334839416,37
1731,5,3639,1311,2328,0,0,0,1.0,1,1.0,1,1.0,1,0.12261721199223068,37
1732,5,3644,1311,2333,0,0,0,1.0,1,1.0,1,1.0,1,0.2395420263165003,37
1733,6,3650,1313,2337,0,0,0,1.0,1,1.0,1,1.0,1,0.18928844570650083,36
1734,1,3651,1313,2338,0,0,0,1.0,1,1.0,1,1.0,1,0.19452479094352054,35
1735,1,3652,1314,2338,0,0,0,1.0,1,1.0,1,1.0,1,0.19743075538196497,34
1736,1,3653,1314,2339,0,0,0,1.0,1,1.0,1,1.0,1,0.17895490928067792,35
1737,6,3659,1316,2343,0,0,0,1.0,1,1.0,1,1.0,1,0.12626821166837124,36
1738,2,3661,1317,2344,0,0,0,1.0,1,1.0,1,1.0,1,0.15001175737152997,37
1739,1,3662,1318,2344,0,0,0,1.0,1,1.0,1,1.0,1,0.1407192610502301,38
1740,1,3663,1318,2345,0,0,0,1.0,1,1.0,1,1.0,1,0.15447458449447046,37
1741,1,3664,1318,2346,0,0,0,1.0,1,1.0,1,1.0,1,0.15285295606634924,38
1742,4,3668,1320,2348,0,0,0,1.0,1,1.0,1,1.0,1,0.2081079689496937,39
1743,3,3671,1322,2349,0,0,0,1.0,1,1.0,1,1.0,1,0.21277556656201618,37
1744,4,3675,1324,2351,0,0,0,1.0,1,1.0,1,1.0,1,0.21782060852496604,38
1745,6,3681,1324,2357,0,0,0,1.0,1,1.0,1,1.0,1,0.1743525815705028,37
1746,1,3682,1324,2358,0,0,0,1.0,1,1.0,1,1.0,1,0.1678860996774033,38
1747,3,3685,1324,2361,0,0,0,1.0,1,1.0,1,1.0,1,0.17439868976185105,38
1748,2,3687,1325,2362,0,0,0,1.0,1,1.0,1,1.0,1,0.1709249137243362,38
1749,0,3687,1325,2362,0,0,0,1.0,1,1.0,1,1.0,1,0.183822215880785,37
1750,3,3690,1325,2365,0,0,0,1.0,1,1.0,1,1.0,1,0.12768064405374766,39
1751,2,3692,1326,2366,0,0,0,1.0,1,1.0,1,1.0,1,0.12440578221788767,38
1752,1,3693,1327,2366,0,0,0,1.0,1,1.0,1,1.0,1,0.10774644085138473,39
1753,1,3694,1327,2367,0,0,0,1.0,1,1.0,1,1.0,1,0.0694129732896798,40
1754,1,3695,1328,2367,0,0,0,1.0,1,1.0,1,1.0,1,0.12939368676249532,41
1755,0,3695,1328,2367,0,0,0,1.0,1,1.0,1,1.0,1,0.13823839131185334,41
1756,3,3698,1329,2369,0,0,0,1.0,1,1.0,1,1.0,1,0.14358212775319812,42
1757,2,3700,1329,2371,0,0,0,1.0,1,1.0,1,1.0,1,0.1126002479160674,42
1758,1,3701,1330,2371,0,0,0,1.0,1,1.0,1,1.0,1,0.11405718506704696,42
1759,1,3702,1330,2372,0,0,0,1.0,1,1.0,1,1.0,1,0.16279685494928206,39
1760,5,3707,1332,2375,0,0,0,1.0,1,1.0,1,1.0,1,0.21228651192411993,39
1761,9,3716,1334,2382,0,0,0,1.0,1,1.0,1,1.0,1,0.12373624084186996,38
1762,3,3719,1334,2385,0,0,0,1.0,1,1.0,1,1.0,1,0.08809925175470842,37
1763,3,3722,1334,2388,0,0,0,1.0,1,1.0,1,1.0,1,0.10339496106859493,37
1764,3,3725,1335,2390,0,0,0,1.0,1,1.0,1,1.0,1,0.16320739237430565,36
1765,3,3728,1337,2391,0,0,0,1.0,1,1.0,1,1.0,1,0.1359519006386884,37
1766,0,3728,1337,2391,0,0,0,1.0,1,1.0,1,1.0,1,0.1219976951225736,36
1767,0,3728,1337,2391,0,0,0,1.0,1,1.0,1,1.0,1,0.1219976951225736,36
1768,1,3729,1337,2392,0,0,0,1.0,1,1.0,1,1.0,1,0.09315516961308816,36
1769,2,3731,1338,2393,0,0,0,1.0,1,1.0,1,1.0,1,0.10915060225936651,38
1770,0,3731,1338,2393,0,0,0,1.0,1,1.0,1,1.0,1,0.10915060225936651,38
1771,0,3731,1338,2393,0,0,0,1.0,1,1.0,1,1.0,1,0.10915060225936651,38
1772,0,3731,1338,2393,0,0,0,1.0,1,1.0,1,1.0,1,0.1026549169444262,40
1773,0,3731,1338,2393,0,0,0,1.0,1,1.0,1,1.0,1,0.10758044476055492,40
1774,0,3731,1338,2393,0,0,0,1.0,1,1.0,1,1.0,1,0.10758044476055492,40
1775,0,3731,1338,2393,0,0,0,1.0,1,1.0,1,1.0,1,0.11654419326911514,41
1776,0,3731,1338,2393,0,0,0,1.0,1,1.0,1,1.0,1,0.09492069865271358,43
1777,0,3731,1338,2393,0,0,0,1.0,1,1.0,1,1.0,1,0.10626562998637028,44
1778,5,3736,1342,2394,0,0,0,1.0,1,1.0,1,1.0,1,0.08555862871607364,44
1779,0,3736,1342,2394,0,0,0,1.0,1,1.0,1,1.0,1,0.08555862871607364,44
1780,1,3737,1342,2395,0,0,0,1.0,1,1.0,1,1.0,1,0.11055004912162887,46
1781,2,3739,1343,2396,0,0,0,1.0,1,1.0,1,1.0,1,0.06547741635327584,46
1782,3,3742,1345,2397,0,0,0,1.0,1,1.0,1,1.0,1,0.0998491622919386,45
1783,4,3746,1347,2399,0,0,0,1.0,1,1.0,1,1.0,1,0.09906632309997487,44
1784,2,3748,1349,2399,0,0,0,1.0,1,1.0,1,1.0,1,0.13375206109640664,44
1785,1,3749,1350,2399,0,0,0,1.0,1,1.0,1,1.0,1,0.13626179203134337,42
1786,9,3758,1354,2404,0,0,0,1.0,1,1.0,1,1.0,1,0.15538826605507608,42
1787,3,3761,1355,2406,0,0,0,1.0,1,1.0,1,1.0,1,0.18783748529387959,41
1788,5,3766,1357,2409,0,0,0,1.0,1,1.0,1,1.0,1,0.15156497122264376,41
1789,4,3770,1358,2412,0,0,0,1.0,1,1.0,1,1.0,1,0.10851434350194639,41
1790,3,3773,1359,2414,0,0,0,1.0,1,1.0,1,1.0,1,0.10029740866712945,41
1791,1,3774,1359,2415,0,0,0,1.0,1,1.0,1,1.0,1,0.13603164368978965,41
1792,2,3776,1360,2416,0,0,0,1.0,1,1.0,1,1.0,1,0.13747745757794855,43
1793,3,3779,1362,2417,0,0,0,1.0,1,1.0,1,1.0,1,0.1258025937527087,43
1794,1,3780,1363,2417,0,0,0,1.0,1,1.0,1,1.0,1,0.1316904390449088,41
1795,2,3782,1365,2417,0,0,0,1.0,1,1.0,1,1.0,1,0.18090452324564602,41
1796,3,3785,1366,2419,0,0,0,1.0,1,1.0,1,1.0,1,0.21252174427253412,40
1797,6,3791,1367,2424,0,0,0,1.0,1,1.0,1,1.0,1,0.18186347501000996,38
1798,0,3791,1367,2424,0,0,0,1.0,1,1.0,1,1.0,1,0.18186347501000996,38
1799,2,3793,1368,2425,0,0,0,1.0,1,1.0,1,1.0,1,0.14393275045536208,37
1800,2,3795,1369,2426,0,0,0,1.0,1,1.0,1,1.0,1,0.16592410476351013,35
1801,1,3796,1369,2427,0,0,0,1.0,1,1.0,1,1.0,1,0.11432085359326521,34
1802,0,3796,1369,2427,0,0,0,1.0,1,1.0,1,1.0,1,0.11058260782418057,33
1803,0,3796,1369,2427,0,0,0,1.0,1,1.0,1,1.0,1,0.11058260782418057,33
1804,3,3799,1371,2428,0,0,0,1.0,1,1.0,1,1.0,1,0.1934678301989784,33
1805,3,3802,1371,2431,0,0,0,1.0,1,1.0,1,1.0,1,0.1552419497813985,35
1806,4,3806,1371,2435,0,0,0,1.0,1,1.0,1,1.0,1,0.11901541632481184,36
1807,0,3806,1371,2435,0,0,0,1.0,1,1.0,1,1.0,1,0.1762936368701548,35
1808,1,3807,1371,2436,0,0,0,1.0,1,1.0,1,1.0,1,0.18200628558264056,37
1809,3,3810,1372,2438,0,0,0,1.0,1,1.0,1,1.0,1,0.14864112638720778,35
1810,2,3812,1373,2439,0,0,0,1.0,1,1.0,1,1.0,1,0.20237307207152044,36
1811,0,3812,1373,2439,0,0,0,1.0,1,1.0,1,1.0,1,0.20961774641009429,34
1812,0,3812,1373,2439,0,0,0,1.0,1,1.0,1,1.0,1,0.21921919201313944,36
1813,1,3813,1373,2440,0,0,0,1.0,1,1.0,1,1.0,1,0.22624461623997738,35
1814,2,3815,1373,2442,0,0,0,1.0,1,1.0,1,1.0,1,0.19883972383644485,36
1815,0,3815,1373,2442,0,0,0,1.0,1,1.0,1,1.0,1,0.21273025772146187,35
1816,0,3815,1373,2442,0,0,0,1.0,1,1.0,1,1.0,1,0.21273025772146187,35
1817,0,3815,1373,2442,0,0,0,1.0,1,1.0,1,1.0,1,0.21273025772146187,35
1818,3,3818,1376,2442,0,0,0,1.0,1,1.0,1,1.0,1,0.17277705364561405,36
1819,4,3822,1378,2444,0,0,0,1.0,1,1.0,1,1.0,1,0.16662677972185524,37
1820,2,3824,1378,2446,0,0,0,1.0,1,1.0,1,1.0,1,0.1480263601366383,37
1821,2,3826,1379,2447,0,0,0,1.0,1,1.0,1,1.0,1,0.11692318070091616,38
1822,6,3832,1382,2450,0,0,0,1.0,1,1.0,1,1.0,1,0.16459765536166665,37
1823,2,3834,1383,2451,0,0,0,1.0,1,1.0,1,1.0,1,0.17088379290297,36
1824,6,3840,1387,2453,0,0,0,1.0,1,1.0,1,1.0,1,0.3026657230375113,36
1825,6,3846,1388,2458,0,0,0,1.0,1,1.0,1,1.0,1,0.20653285921804707,34
1826,5,3851,1389,2462,0,0,0,1.0,1,1.0,1,1.0,1,0.12471022077494658,35
1827,1,3852,1390,2462,0,0,0,1.0,1,1.0,1,1.0,1,0.1501668066202725,34
1828,1,3853,1391,2462,0,0,0,1.0,1,1.0,1,1.0,1,0.126103593290725,33
1829,0,3853,1391,2462,0,0,0,1.0,1,1.0,1,1.0,1,0.1348666063692454,31
1830,2,3855,1393,2462,0,0,0,1.0,1,1.0,1,1.0,1,0.15581489302146856,31
1831,3,3858,1395,2463,0,0,0,1.0,1,1.0,1,1.0,1,0.17607286205229092,30
1832,1,3859,1396,2463,0,0,0,1.0,1,1.0,1,1.0,1,0.2065698195818042,29
1833,4,3863,1399,2464,0,0,0,1.0,1,1.0,1,1.0,1,0.20231070639926008,28
1834,3,3866,1400,2466,0,0,0,1.0,1,1.0,1,1.0,1,0.1687805010731172,27
1835,4,3870,1402,2468,0,0,0,1.0,1,1.0,1,1.0,1,0.2120026347031541,26
1836,3,3873,1402,2471,0,0,0,1.0,1,1.0,1,1.0,1,0.22621936405973403,26
1837,2,3875,1402,2473,0,0,0,1.0,1,1.0,1,1.0,1,0.18642199340954327,25
1838,2,3877,1403,2474,0,0,0,1.0,1,1.0,1,1.0,1,0.14662794195097942,25
1839,0,3877,1403,2474,0,0,0,1.0,1,1.0,1,1.0,1,0.1886698642396394,24
1840,0,3877,1403,2474,0,0,0,1.0,1,1.0,1,1.0,1,0.23153187822066515,23
1841,1,3878,1403,2475,0,0,0,1.0,1,1.0,1,1.0,1,0.1965183568461484,22
1842,2,3880,1404,2476,0,0,0,1.0,1,1.0,1,1.0,1,0.148692768203426,23
1843,0,3880,1404,2476,0,0,0,1.0,1,1.0,1,1.0,1,0.148692768203426,23
1844,2,3882,1405,2477,0,0,0,1.0,1,1.0,1,1.0,1,0.20036340933023158,23
1845,1,3883,1405,2478,0,0,0,1.0,1,1.0,1,1.0,1,0.16824126030778386,23
1846,0,3883,1405,2478,0,0,0,1.0,1,1.0,1,1.0,1,0.16824126030778386,23
1847,0,3883,1405,2478,0,0,0,1.0,1,1.0,1,1.0,1,0.17752707776778498,24
1848,0,3883,1405,2478,0,0,0,1.0,1,1.0,1,1.0,1,0.17752707776778498,24
1849,0,3883,1405,2478,0,0,0,1.0,1,1.0,1,1.0,1,0.20786431631516872,25
1850,1,3884,1406,2478,0,0,0,1.0,1,1.0,1,1.0,1,0.20979080414922155,25
1851,0,3884,1406,2478,0,0,0,1.0,1,1.0,1,1.0,1,0.20979080414922155,25
1852,0,3884,1406,2478,0,0,0,1.0,1,1.0,1,1.0,1,0.20979080414922155,25
1853,1,3885,1406,2479,0,0,0,1.0,1,1.0,1,1.0,1,0.19172772091445425,25
1854,2,3887,1407,2480,0,0,0,1.0,1,1.0,1,1.0,1,0.2266966707485693,25
1855,0,3887,1407,2480,0,0,0,1.0,1,1.0,1,1.0,1,0.24582555531102998,26
1856,4,3891,1408,2483,0,0,0,1.0,1,1.0,1,1.0,1,0.28725047144513066,27
1857,2,3893,1408,2485,0,0,0,1.0,1,1.0,1,1.0,1,0.22635821725686275,28
1858,1,3894,1408,2486,0,0,0,1.0,1,1.0,1,1.0,1,0.20939192023562656,28
1859,2,3896,1410,2486,0,0,0,1.0,1,1.0,1,1.0,1,0.23330819075254713,28
1860,0,3896,1410,2486,0,0,0,1.0,1,1.0,1,1.0,1,0.23330819075254713,28
1861,0,3896,1410,2486,0,0,0,1.0,1,1.0,1,1.0,1,0.23330819075254713,28
1862,0,3896,1410,2486,0,0,0,1.0,1,1.0,1,1.0,1,0.23330819075254713,28
1863,1,3897,1411,2486,0,0,0,1.0,1,1.0,1,1.0,1,0.2619848843452683,29
1864,2,3899,1413,2486,0,0,0,1.0,1,1.0,1,1.0,1,0.23987952103924312,27
1865,2,3901,1413,2488,0,0,0,1.0,1,1.0,1,1.0,1,0.1752936541658167,26
1866,0,3901,1413,2488,0,0,0,1.0,1,1.0,1,1.0,1,0.1752936541658167,26
1867,1,3902,1414,2488,0,0,0,1.0,1,1.0,1,1.0,1,0.21716200753393364,26
1868,0,3902,1414,2488,0,0,0,1.0,1,1.0,1,1.0,1,0.21716200753393364,26
1869,0,3902,1414,2488,0,0,0,1.0,1,1.0,1,1.0,1,0.21716200753393364,26
1870,0,3902,1414,2488,0,0,0,1.0,1,1.0,1,1.0,1,0.24011424407844018,27
1871,1,3903,1415,2488,0,0,0,1.0,1,1.0,1,1.0,1,0.2343685421312261,27
1872,0,3903,1415,2488,0,0,0,1.0,1,1.0,1,1.0,1,0.2716070363145724,25
1873,2,3905,1415,2490,0,0,0,1.0,1,1.0,1,1.0,1,0.1943298498476997,25
1874,1,3906,1415,2491,0,0,0,1.0,1,1.0,1,1.0,1,0.20801772059791687,25
1875,0,3906,1415,2491,0,0,0,1.0,1,1.0,1,1.0,1,0.20801772059791687,25
1876,0,3906,1415,2491,0,0,0,1.0,1,1.0,1,1.0,1,0.1911172252037489,26
1877,1,3907,1415,2492,0,0,0,1.0,1,1.0,1,1.0,1,0.17632331333092754,27
1878,2,3909,1417,2492,0,0,0,1.0,1,1.0,1,1.0,1,0.2232858380279876,28
1879,1,3910,1417,2493,0,0,0,1.0,1,1.0,1,1.0,1,0.18978523863090735,29
1880,1,3911,1417,2494,0,0,0,1.0,1,1.0,1,1.0,1,0.17590732803074427,29
1881,0,3911,1417,2494,0,0,0,1.0,1,1.0,1,1.0,1,0.17590732803074427,29
1882,0,3911,1417,2494,0,0,0,1.0,1,1.0,1,1.0,1,0.17427101146047833,28
1883,0,3911,1417,2494,0,0,0,1.0,1,1.0,1,1.0,1,0.17427101146047833,28
1884,0,3911,1417,2494,0,0,0,1.0,1,1.0,1,1.0,1,0.17427101146047833,28
1885,0,3911,1417,2494,0,0,0,1.0,1,1.0,1,1.0,1,0.17427101146047833,28
1886,1,3912,1418,2494,0,0,0,1.0,1,1.0,1,1.0,1,0.22077777914333557,29
1887,0,3912,1418,2494,0,0,0,1.0,1,1.0,1,1.0,1,0.22077777914333557,29
1888,3,3915,1418,2497,0,0,0,1.0,1,1.0,1,1.0,1,0.18729458631149468,31
1889,0,3915,1418,2497,0,0,0,1.0,1,1.0,1,1.0,1,0.18729458631149468,31
1890,0,3915,1418,2497,0,0,0,1.0,1,1.0,1,1.0,1,0.18729458631149468,31
1891,0,3915,1418,2497,0,0,0,1.0,1,1.0,1,1.0,1,0.20801924113947437,32
1892,0,3915,1418,2497,0,0,0,1.0,1,1.0,1,1.0,1,0.20801924113947437,32
1893,1,3916,1418,2498,0,0,0,1.0,1,1.0,1,1.0,1,0.18379084207803517,32
1894,0,3916,1418,2498,0,0,0,1.0,1,1.0,1,1.0,1,0.16915291514817601,33
1895,3,3919,1419,2500,0,0,0,1.0,1,1.0,1,1.0,1,0.1566803886022206,35
1896,0,3919,1419,2500,0,0,0,1.0,1,1.0,1,1.0,1,0.16478562523110407,34
1897,0,3919,1419,2500,0,0,0,1.0,1,1.0,1,1.0,1,0.16478562523110407,34
1898,0,3919,1419,2500,0,0,0,1.0,1,1.0,1,1.0,1,0.16478562523110407,34
1899,0,3919,1419,2500,0,0,0,1.0,1,1.0,1,1.0,1,0.16478562523110407,34
1900,0,3919,1419,2500,0,0,0,1.0,1,1.0,1,1.0,1,0.16220962636047773,35
1901,0,3919,1419,2500,0,0,0,1.0,1,1.0,1,1.0,1,0.16220962636047773,35
1902,1,3920,1420,2500,0,0,0,1.0,1,1.0,1,1.0,1,0.20439349570373191,35
1903,0,3920,1420,2500,0,0,0,1.0,1,1.0,1,1.0,1,0.20439349570373191,35
1904,0,3920,1420,2500,0,0,0,1.0,1,1.0,1,1.0,1,0.20439349570373191,35
1905,2,3922,1420,2502,0,0,0,1.0,1,1.0,1,1.0,1,0.16308534333055386,37
1906,0,3922,1420,2502,0,0,0,1.0,1,1.0,1,1.0,1,0.16308534333055386,37
1907,0,3922,1420,2502,0,0,0,1.0,1,1.0,1,1.0,1,0.18305367300538736,39
1908,1,3923,1420,2503,0,0,0,1.0,1,1.0,1,1.0,1,0.16930595214720254,39
1909,5,3928,1421,2507,0,0,0,1.0,1,1.0,1,1.0,1,0.1777534665197808,41
1910,0,3928,1421,2507,0,0,0,1.0,1,1.0,1,1.0,1,0.1777534665197808,41
1911,3,3931,1421,2510,0,0,0,1.0,1,1.0,1,1.0,1,0.19262540952474133,40
1912,3,3934,1422,2512,0,0,0,1.0,1,1.0,1,1.0,1,0.2167703920478906,39
1913,4,3938,1423,2515,0,0,0,1.0,1,1.0,1,1.0,1,0.19270630813016482,40
1914,1,3939,1423,2516,0,0,0,1.0,1,1.0,1,1.0,1,0.17252550568555908,41
1915,1,3940,1423,2517,0,0,0,1.0,1,1.0,1,1.0,1,0.18284854524235647,42
1916,2,3942,1425,2517,0,0,0,1.0,1,1.0,1,1.0,1,0.22423603861632677,42
1917,4,3946,1425,2521,0,0,0,1.0,1,1.0,1,1.0,1,0.1958662358735279,41
1918,1,3947,1426,2521,0,0,0,1.0,1,1.0,1,1.0,1,0.22415403260413228,38
1919,3,3950,1427,2523,0,0,0,1.0,1,1.0,1,1.0,1,0.27495375278298506,38
1920,0,3950,1427,2523,0,0,0,1.0,1,1.0,1,1.0,1,0.2655442791450695,38
1921,3,3953,1428,2525,0,0,0,1.0,1,1.0,1,1.0,1,0.2158714678644093,39
1922,4,3957,1430,2527,0,0,0,1.0,1,1.0,1,1.0,1,0.2493227282915351,40
1923,0,3957,1430,2527,0,0,0,1.0,1,1.0,1,1.0,1,0.23374192416936757,41
1924,6,3963,1432,2531,0,0,0,1.0,1,1.0,1,1.0,1,0.21271434626713825,41
1925,2,3965,1432,2533,0,0,0,1.0,1,1.0,1,1.0,1,0.17227859477196672,41
1926,0,3965,1432,2533,0,0,0,1.0,1,1.0,1,1.0,1,0.17227859477196672,41
1927,0,3965,1432,2533,0,0,0,1.0,1,1.0,1,1.0,1,0.17227859477196672,41
1928,2,3967,1433,2534,0,0,0,1.0,1,1.0,1,1.0,1,0.1499197376872475,42
1929,1,3968,1433,2535,0,0,0,1.0,1,1.0,1,1.0,1,0.16984907631286297,41
1930,0,3968,1433,2535,0,0,0,1.0,1,1.0,1,1.0,1,0.16984907631286297,41
1931,0,3968,1433,2535,0,0,0,1.0,1,1.0,1,1.0,1,0.16984907631286297,41
1932,0,3968,1433,2535,0,0,0,1.0,1,1.0,1,1.0,1,0.16984907631286297,41
1933,3,3971,1434,2537,0,0,0,1.0,1,1.0,1,1.0,1,0.18426431684593134,43
1934,1,3972,1434,2538,0,0,0,1.0,1,1.0,1,1.0,1,0.1974978887730952,44
1935,2,3974,1434,2540,0,0,0,1.0,1,1.0,1,1.0,1,0.1650325432110508,45
1936,3,3977,1434,2543,0,0,0,1.0,1,1.0,1,1.0,1,0.15215432473239174,48
1937,5,3982,1436,2546,0,0,0,1.0,1,1.0,1,1.0,1,0.15324307491504321,48
1938,0,3982,1436,2546,0,0,0,1.0,1,1.0,1,1.0,1,0.15324307491504321,48
1939,0,3982,1436,2546,0,0,0,1.0,1,1.0,1,1.0,1,0.15324307491504321,48
1940,2,3984,1436,2548,0,0,0,1.0,1,1.0,1,1.0,1,0.13708495494635844,48
1941,3,3987,1437,2550,0,0,0,1.0,1,1.0,1,1.0,1,0.15675072869761533,48
1942,3,3990,1437,2553,0,0,0,1.0,1,1.0,1,1.0,1,0.16545273003762423,49
1943,0,3990,1437,2553,0,0,0,1.0,1,1.0,1,1.0,1,0.16456481590062297,48
1944,1,3991,1438,2553,0,0,0,1.0,1,1.0,1,1.0,1,0.1779761630244176,47
1945,4,3995,1438,2557,0,0,0,1.0,1,1.0,1,1.0,1,0.1175753736422075,46
1946,4,3999,1439,2560,0,0,0,1.0,1,1.0,1,1.0,1,0.10964555886275625,46
1947,3,4002,1442,2560,0,0,0,1.0,1,1.0,1,1.0,1,0.20644164025516681,45
1948,4,4006,1446,2560,0,0,0,1.0,1,1.0,1,1.0,1,0.21104130050640685,46
1949,7,4013,1449,2564,0,0,0,1.0,1,1.0,1,1.0,1,0.1959598910292055,42
1950,0,4013,1449,2564,0,0,0,1.0,1,1.0,1,1.0,1,0.18156437964856853,40
1951,2,4015,1451,2564,0,0,0,1.0,1,1.0,1,1.0,1,0.21181125053881822,39
1952,2,4017,1452,2565,0,0,0,1.0,1,1.0,1,1.0,1,0.2543334321441709,35
1953,5,4022,1453,2569,0,0,0,1.0,1,1.0,1,1.0,1,0.15566443411531797,36
1954,0,4022,1453,2569,0,0,0,1.0,1,1.0,1,1.0,1,0.2001640882276944,34
1955,0,4022,1453,2569,0,0,0,1.0,1,1.0,1,1.0,1,0.2024991211148056,35
1956,5,4027,1455,2572,0,0,0,1.0,1,1.0,1,1.0,1,0.23843525901223558,37
1957,4,4031,1455,2576,0,0,0,1.0,1,1.0,1,1.0,1,0.15511376721514555,37
1958,0,4031,1455,2576,0,0,0,1.0,1,1.0,1,1.0,1,0.14373637246293244,39
1959,1,4032,1455,2577,0,0,0,1.0,1,1.0,1,1.0,1,0.13054551773117543,41
1960,2,4034,1455,2579,0,0,0,1.0,1,1.0,1,1.0,1,0.1227784665977008,40
1961,2,4036,1455,2581,0,0,0,1.0,1,1.0,1,1.0,1,0.10067731654835649,41
1962,1,4037,1456,2581,0,0,0,1.0,1,1.0,1,1.0,1,0.11388935478844185,40
1963,1,4038,1456,2582,0,0,0,1.0,1,1.0,1,1.0,1,0.10297927157814243,41
1964,0,4038,1456,2582,0,0,0,1.0,1,1.0,1,1.0,1,0.12821137514699527,40
1965,5,4043,1458,2585,0,0,0,1.0,1,1.0,1,1.0,1,0.13948765202430452,41
1966,0,4043,1458,2585,0,0,0,1.0,1,1.0,1,1.0,1,0.13948765202430452,41
1967,2,4045,1460,2585,0,0,0,1.0,1,1.0,1,1.0,1,0.1539303816321158,42
1968,0,4045,1460,2585,0,0,0,1.0,1,1.0,1,1.0,1,0.16344836282361772,42
1969,6,4051,1462,2589,0,0,0,1.0,1,1.0,1,1.0,1,0.12066080582939764,43
1970,0,4051,1462,2589,0,0,0,1.0,1,1.0,1,1.0,1,0.1290598574026065,42
1971,0,4051,1462,2589,0,0,0,1.0,1,1.0,1,1.0,1,0.1290598574026065,42
1972,0,4051,1462,2589,0,0,0,1.0,1,1.0,1,1.0,1,0.1290598574026065,42
1973,0,4051,1462,2589,0,0,0,1.0,1,1.0,1,1.0,1,0.14118080624381232,43
1974,1,4052,1463,2589,0,0,0,1.0,1,1.0,1,1.0,1,0.18748826780289812,43
1975,1,4053,1463,2590,0,0,0,1.0,1,1.0,1,1.0,1,0.16604880993114385,43
1976,0,4053,1463,2590,0,0,0,1.0,1,1.0,1,1.0,1,0.16604880993114385,43
1977,6,4059,1463,2596,0,0,0,1.0,1,1.0,1,1.0,1,0.1435254079348948,48
1978,0,4059,1463,2596,0,0,0,1.0,1,1.0,1,1.0,1,0.1435254079348948,48
1979,3,4062,1464,2598,0,0,0,1.0,1,1.0,1,1.0,1,0.1301864476180923,49
1980,4,4066,1466,2600,0,0,0,1.0,1,1.0,1,1.0,1,0.1689650790055412,50
1981,4,4070,1467,2603,0,0,0,1.0,1,1.0,1,1.0,1,0.13559280928469658,50
1982,2,4072,1468,2604,0,0,0,1.0,1,1.0,1,1.0,1,0.1378317548593666,50
1983,2,4074,1470,2604,0,0,0,1.0,1,1.0,1,1.0,1,0.13308467925661577,49
1984,0,4074,1470,2604,0,0,0,1.0,1,1.0,1,1.0,1,0.1527099152822252,48
1985,3,4077,1470,2607,0,0,0,1.0,1,1.0,1,1.0,1,0.13861276879569953,46
1986,0,4077,1470,2607,0,0,0,1.0,1,1.0,1,1.0,1,0.13861276879569953,46
1987,4,4081,1472,2609,0,0,0,1.0,1,1.0,1,1.0,1,0.19426621031740618,42
1988,1,4082,1472,2610,0,0,0,1.0,1,1.0,1,1.0,1,0.15963139314286678,40
1989,2,4084,1474,2610,0,0,0,1.0,1,1.0,1,1.0,1,0.17203647431743965,38
1990,0,4084,1474,2610,0,0,0,1.0,1,1.0,1,1.0,1,0.15031569245453624,38
1991,1,4085,1475,2610,0,0,0,1.0,1,1.0,1,1.0,1,0.18442471055848708,38
1992,2,4087,1476,2611,0,0,0,1.0,1,1.0,1,1.0,1,0.2200067000029154,39
1993,4,4091,1478,2613,0,0,0,1.0,1,1.0,1,1.0,1,0.25439058105645024,38
1994,1,4092,1479,2613,0,0,0,1.0,1,1.0,1,1.0,1,0.2524172981639749,37
1995,3,4095,1480,2615,0,0,0,1.0,1,1.0,1,1.0,1,0.2424343739815472,37
1996,0,4095,1480,2615,0,0,0,1.0,1,1.0,1,1.0,1,0.24101669180712426,37
1997,4,4099,1480,2619,0,0,0,1.0,1,1.0,1,1.0,1,0.16748224205904297,35
1998,2,4101,1481,2620,0,0,0,1.0,1,1.0,1,1.0,1,0.1670194624787028,34
1999,2,4103,1483,2620,0,0,0,1.0,1,1.0,1,1.0,1,0.1627427224812402,35
2000,0,4103,1483,2620,0,0,0,1.0,1,1.0,1,1.0,1,0.17924429730858993,34
2001,0,4103,1483,2620,0,0,0,1.0,1,1.0,1,1.0,1,0.20840704913837016,35
2002,3,4106,1484,2622,0,0,0,1.0,1,1.0,1,1.0,1,0.23153073136172037,36
2003,1,4107,1484,2623,0,0,0,1.0,1,1.0,1,1.0,1,0.23560279271582846,37
2004,5,4112,1486,2626,0,0,0,1.0,1,1.0,1,1.0,1,0.19062309283388756,38
2005,3,4115,1486,2629,0,0,0,1.0,1,1.0,1,1.0,1,0.16055911109527823,38
2006,0,4115,1486,2629,0,0,0,1.0,1,1.0,1,1.0,1,0.16055911109527823,38
2007,1,4116,1487,2629,0,0,0,1.0,1,1.0,1,1.0,1,0.11452976615566728,40
2008,1,4117,1488,2629,0,0,0,1.0,1,1.0,1,1.0,1,0.12168533385190147,40
2009,2,4119,1490,2629,0,0,0,1.0,1,1.0,1,1.0,1,0.12416170448103779,41
2010,0,4119,1490,2629,0,0,0,1.0,1,1.0,1,1.0,1,0.12416170448103779,41
2011,0,4119,1490,2629,0,0,0,1.0,1,1.0,1,1.0,1,0.12416170448103779,41
2012,0,4119,1490,2629,0,0,0,1.0,1,1.0,1,1.0,1,0.12416170448103779,41
2013,0,4119,1490,2629,0,0,0,1.0,1,1.0,1,1.0,1,0.15133843476134692,43
2014,2,4121,1491,2630,0,0,0,1.0,1,1.0,1,1.0,1,0.205639629491063,43
2015,2,4123,1493,2630,0,0,0,1.0,1,1.0,1,1.0,1,0.20407474562835923,43
2016,3,4126,1494,2632,0,0,0,1.0,1,1.0,1,1.0,1,0.20621071261898857,44
2017,6,4132,1494,2638,0,0,0,1.0,1,1.0,1,1.0,1,0.10190232378322005,45
2018,3,4135,1496,2639,0,0,0,1.0,1,1.0,1,1.0,1,0.10154188105159466,46
2019,0,4135,1496,2639,0,0,0,1.0,1,1.0,1,1.0,1,0.0872631811221612,47
2020,1,4136,1496,2640,0,0,0,1.0,1,1.0,1,1.0,1,0.06723312068026915,47
2021,1,4137,1497,2640,0,0,0,1.0,1,1.0,1,1.0,1,0.07849148395653455,47
2022,1,4138,1497,2641,0,0,0,1.0,1,1.0,1,1.0,1,0.07308465948684482,48
2023,1,4139,1498,2641,0,0,0,1.0,1,1.0,1,1.0,1,0.09193922968955132,48
2024,2,4141,1500,2641,0,0,0,1.0,1,1.0,1,1.0,1,0.13949192791906928,45
2025,1,4142,1501,2641,0,0,0,1.0,1,1.0,1,1.0,1,0.16413259993849186,42
2026,4,4146,1503,2643,0,0,0,1.0,1,1.0,1,1.0,1,0.12770202688035226,44
2027,1,4147,1504,2643,0,0,0,1.0,1,1.0,1,1.0,1,0.19581508081885698,40
2028,3,4150,1506,2644,0,0,0,1.0,1,1.0,1,1.0,1,0.22928327904597118,39
2029,4,4154,1506,2648,0,0,0,1.0,1,1.0,1,1.0,1,0.19438258122183394,37
2030,2,4156,1507,2649,0,0,0,1.0,1,1.0,1,1.0,1,0.2785176172697793,34
2031,3,4159,1508,2651,0,0,0,1.0,1,1.0,1,1.0,1,0.2629975411068337,35
2032,9,4168,1509,2659,0,0,0,1.0,1,1.0,1,1.0,1,0.2417978051039778,34
2033,6,4174,1510,2664,0,0,0,1.0,1,1.0,1,1.0,1,0.18494992567004556,36
2034,0,4174,1510,2664,0,0,0,1.0,1,1.0,1,1.0,1,0.18058287563507702,34
2035,2,4176,1511,2665,0,0,0,1.0,1,1.0,1,1.0,1,0.18355525531216563,35
2036,0,4176,1511,2665,0,0,0,1.0,1,1.0,1,1.0,1,0.17846482051162638,34
2037,1,4177,1511,2666,0,0,0,1.0,1,1.0,1,1.0,1,0.15760893084823352,35
2038,0,4177,1511,2666,0,0,0,1.0,1,1.0,1,1.0,1,0.16304459801430538,36
2039,2,4179,1512,2667,0,0,0,1.0,1,1.0,1,1.0,1,0.13159507213578672,38
2040,2,4181,1512,2669,0,0,0,1.0,1,1.0,1,1.0,1,0.13151345088639377,38
2041,0,4181,1512,2669,0,0,0,1.0,1,1.0,1,1.0,1,0.1380245545182245,39
2042,1,4182,1513,2669,0,0,0,1.0,1,1.0,1,1.0,1,0.1540734516397821,39
2043,0,4182,1513,2669,0,0,0,1.0,1,1.0,1,1.0,1,0.1540734516397821,39
2044,0,4182,1513,2669,0,0,0,1.0,1,1.0,1,1.0,1,0.1540734516397821,39
2045,2,4184,1514,2670,0,0,0,1.0,1,1.0,1,1.0,1,0.1301148722880071,41
2046,1,4185,1514,2671,0,0,0,1.0,1,1.0,1,1.0,1,0.1462172638449916,42
2047,1,4186,1514,2672,0,0,0,1.0,1,1.0,1,1.0,1,0.12257342609872444,42
2048,3,4189,1516,2673,0,0,0,1.0,1,1.0,1,1.0,1,0.15755868390943675,43
2049,4,4193,1517,2676,0,0,0,1.0,1,1.0,1,1.0,1,0.17700124158402458,44
2050,1,4194,1517,2677,0,0,0,1.0,1,1.0,1,1.0,1,0.1492588136453876,44
2051,1,4195,1517,2678,0,0,0,1.0,1,1.0,1,1.0,1,0.17889451435936965,45
2052,1,4196,1517,2679,0,0,0,1.0,1,1.0,1,1.0,1,0.16989086192573324,45
2053,3,4199,1517,2682,0,0,0,1.0,1,1.0,1,1.0,1,0.0962069930948248,45
2054,2,4201,1517,2684,0,0,0,1.0,1,1.0,1,1.0,1,0.07949763508523905,46
2055,0,4201,1517,2684,0,0,0,1.0,1,1.0,1,1.0,1,0.07949763508523905,46
2056,4,4205,1518,2687,0,0,0,1.0,1,1.0,1,1.0,1,0.10248069820993239,46
2057,1,4206,1519,2687,0,0,0,1.0,1,1.0,1,1.0,1,0.09207321499518924,47
2058,3,4209,1522,2687,0,0,0,1.0,1,1.0,1,1.0,1,0.12188552185995025,47
2059,3,4212,1523,2689,0,0,0,1.0,1,1.0,1,1.0,1,0.12995498840016623,48
2060,4,4216,1524,2692,0,0,0,1.0,1,1.0,1,1.0,1,0.10126841892171437,50
2061,2,4218,1524,2694,0,0,0,1.0,1,1.0,1,1.0,1,0.08843099215838014,51
2062,2,4220,1526,2694,0,0,0,1.0,1,1.0,1,1.0,1,0.12875911657482908,49
2063,5,4225,1529,2696,0,0,0,1.0,1,1.0,1,1.0,1,0.12482591761081342,48
2064,5,4230,1531,2699,0,0,0,1.0,1,1.0,1,1.0,1,0.21907557088689283,45
2065,6,4236,1531,2705,0,0,0,1.0,1,1.0,1,1.0,1,0.10644017819403168,44
2066,2,4238,1531,2707,0,0,0,1.0,1,1.0,1,1.0,1,0.1356675532889825,42
2067,1,4239,1531,2708,0,0,0,1.0,1,1.0,1,1.0,1,0.13262348375020638,41
2068,0,4239,1531,2708,0,0,0,1.0,1,1.0,1,1.0,1,0.16289372126593613,40
2069,4,4243,1531,2712,0,0,0,1.0,1,1.0,1,1.0,1,0.09983785674159773,40
2070,0,4243,1531,2712,0,0,0,1.0,1,1.0,1,1.0,1,0.1346441336656599,40
2071,1,4244,1532,2712,0,0,0,1.0,1,1.0,1,1.0,1,0.11103246996900924,40
2072,1,4245,1532,2713,0,0,0,1.0,1,1.0,1,1.0,1,0.11794546833205109,41
2073,4,4249,1533,2716,0,0,0,1.0,1,1.0,1,1.0,1,0.08659024572678437,41
2074,0,4249,1533,2716,0,0,0,1.0,1,1.0,1,1.0,1,0.08791936400695036,41
2075,1,4250,1534,2716,0,0,0,1.0,1,1.0,1,1.0,1,0.09024092475547577,41
2076,5,4255,1536,2719,0,0,0,1.0,1,1.0,1,1.0,1,0.10409408031672267,41
2077,0,4255,1536,2719,0,0,0,1.0,1,1.0,1,1.0,1,0.09005632360134767,40
2078,1,4256,1537,2719,0,0,0,1.0,1,1.0,1,1.0,1,0.12383769424856773,40
2079,1,4257,1537,2720,0,0,0,1.0,1,1.0,1,1.0,1,0.0958095717297081,39
2080,1,4258,1537,2721,0,0,0,1.0,1,1.0,1,1.0,1,0.11580024634966071,38
2081,3,4261,1537,2724,0,0,0,1.0,1,1.0,1,1.0,1,0.08595177131403678,40
2082,2,4263,1538,2725,0,0,0,1.0,1,1.0,1,1.0,1,0.10659251318446088,41
2083,1,4264,1539,2725,0,0,0,1.0,1,1.0,1,1.0,1,0.09227052760041615,40
2084,3,4267,1541,2726,0,0,0,1.0,1,1.0,1,1.0,1,0.13619359569690825,42
2085,2,4269,1542,2727,0,0,0,1.0,1,1.0,1,1.0,1,0.13326795778969444,42
2086,1,4270,1543,2727,0,0,0,1.0,1,1.0,1,1.0,1,0.11964063601000637,43
2087,1,4271,1543,2728,0,0,0,1.0,1,1.0,1,1.0,1,0.12370694797134403,45
2088,6,4277,1545,2732,0,0,0,1.0,1,1.0,1,1.0,1,0.1641160524935889,46
2089,3,4280,1545,2735,0,0,0,1.0,1,1.0,1,1.0,1,0.12108296500881392,47
2090,4,4284,1547,2737,0,0,0,1.0,1,1.0,1,1.0,1,0.14763854136236607,49
2091,1,4285,1547,2738,0,0,0,1.0,1,1.0,1,1.0,1,0.13937707396010215,49
2092,1,4286,1547,2739,0,0,0,1.0,1,1.0,1,1.0,1,0.12872263982255636,49
2093,1,4287,1548,2739,0,0,0,1.0,1,1.0,1,1.0,1,0.15443301252133562,49
2094,1,4288,1548,2740,0,0,0,1.0,1,1.0,1,1.0,1,0.12723746187244886,49
2095,0,4288,1548,2740,0,0,0,1.0,1,1.0,1,1.0,1,0.10597498167222788,49
2096,0,4288,1548,2740,0,0,0,1.0,1,1.0,1,1.0,1,0.10100669593346648,51
2097,1,4289,1548,2741,0,0,0,1.0,1,1.0,1,1.0,1,0.09176414012610495,51
2098,1,4290,1549,2741,0,0,0,1.0,1,1.0,1,1.0,1,0.09801075602849178,52
2099,1,4291,1549,2742,0,0,0,1.0,1,1.0,1,1.0,1,0.10193085830806277,51
2100,0,4291,1549,2742,0,0,0,1.0,1,1.0,1,1.0,1,0.11366179186214621,51
2101,3,4294,1549,2745,0,0,0,1.0,1,1.0,1,1.0,1,0.11131904575711864,48
2102,4,4298,1551,2747,0,0,0,1.0,1,1.0,1,1.0,1,0.1637513165091895,49
2103,3,4301,1552,2749,0,0,0,1.0,1,1.0,1,1.0,1,0.1619366509030578,48
2104,1,4302,1553,2749,0,0,0,1.0,1,1.0,1,1.0,1,0.20475588557185184,43
2105,8,4310,1555,2755,0,0,0,1.0,1,1.0,1,1.0,1,0.16048200538703553,42
2106,2,4312,1556,2756,0,0,0,1.0,1,1.0,1,1.0,1,0.16620380579543217,40
2107,2,4314,1557,2757,0,0,0,1.0,1,1.0,1,1.0,1,0.19337472081417384,39
2108,4,4318,1559,2759,0,0,0,1.0,1,1.0,1,1.0,1,0.22382900259757965,38
2109,2,4320,1559,2761,0,0,0,1.0,1,1.0,1,1.0,1,0.16928999014983692,37
2110,2,4322,1559,2763,0,0,0,1.0,1,1.0,1,1.0,1,0.15015390293459768,38
2111,1,4323,1560,2763,0,0,0,1.0,1,1.0,1,1.0,1,0.1584027946874254,37
2112,0,4323,1560,2763,0,0,0,1.0,1,1.0,1,1.0,1,0.13918839384550563,36
2113,2,4325,1561,2764,0,0,0,1.0,1,1.0,1,1.0,1,0.17144206946000776,36
2114,2,4327,1562,2765,0,0,0,1.0,1,1.0,1,1.0,1,0.20605830645619955,36
2115,0,4327,1562,2765,0,0,0,1.0,1,1.0,1,1.0,1,0.1985571278635945,35
2116,1,4328,1563,2765,0,0,0,1.0,1,1.0,1,1.0,1,0.2645218950635413,37
2117,3,4331,1563,2768,0,0,0,1.0,1,1.0,1,1.0,1,0.15636230172676974,38
2118,0,4331,1563,2768,0,0,0,1.0,1,1.0,1,1.0,1,0.16560517216171128,40
2119,2,4333,1564,2769,0,0,0,1.0,1,1.0,1,1.0,1,0.15702630925484326,40
2120,1,4334,1564,2770,0,0,0,1.0,1,1.0,1,1.0,1,0.15216647091165716,41
2121,3,4337,1564,2773,0,0,0,1.0,1,1.0,1,1.0,1,0.12064629280314922,41
2122,0,4337,1564,2773,0,0,0,1.0,1,1.0,1,1.0,1,0.13684104970422473,42
2123,1,4338,1565,2773,0,0,0,1.0,1,1.0,1,1.0,1,0.14952297094417483,43
2124,0,4338,1565,2773,0,0,0,1.0,1,1.0,1,1.0,1,0.18412305873143928,41
2125,2,4340,1565,2775,0,0,0,1.0,1,1.0,1,1.0,1,0.1557452225868104,41
2126,0,4340,1565,2775,0,0,0,1.0,1,1.0,1,1.0,1,0.1800132474022109,40
2127,0,4340,1565,2775,0,0,0,1.0,1,1.0,1,1.0,1,0.1800132474022109,40
2128,1,4341,1565,2776,0,0,0,1.0,1,1.0,1,1.0,1,0.16406998431330144,41
2129,0,4341,1565,2776,0,0,0,1.0,1,1.0,1,1.0,1,0.16299580470619557,42
2130,3,4344,1565,2779,0,0,0,1.0,1,1.0,1,1.0,1,0.18153271801260468,45
2131,2,4346,1565,2781,0,0,0,1.0,1,1.0,1,1.0,1,0.13424852453187938,45
2132,1,4347,1565,2782,0,0,0,1.0,1,1.0,1,1.0,1,0.1248213807271321,46
2133,5,4352,1567,2785,0,0,0,1.0,1,1.0,1,1.0,1,0.12918112201459117,46
2134,2,4354,1567,2787,0,0,0,1.0,1,1.0,1,1.0,1,0.11053343839496531,47
2135,3,4357,1568,2789,0,0,0,1.0,1,1.0,1,1.0,1,0.11233915840739611,47
2136,1,4358,1568,2790,0,0,0,1.0,1,1.0,1,1.0,1,0.07543366187092755,47
2137,1,4359,1569,2790,0,0,0,1.0,1,1.0,1,1.0,1,0.06968025094525672,49
2138,1,4360,1570,2790,0,0,0,1.0,1,1.0,1,1.0,1,0.0917574537776881,49
2139,1,4361,1571,2790,0,0,0,1.0,1,1.0,1,1.0,1,0.13057693715687016,47
2140,0,4361,1571,2790,0,0,0,1.0,1,1.0,1,1.0,1,0.12800294646976737,48
2141,6,4367,1572,2795,0,0,0,1.0,1,1.0,1,1.0,1,0.09726520087528749,47
2142,1,4368,1572,2796,0,0,0,1.0,1,1.0,1,1.0,1,0.10119538437353644,47
2143,3,4371,1573,2798,0,0,0,1.0,1,1.0,1,1.0,1,0.0740710157917105,48
2144,5,4376,1576,2800,0,0,0,1.0,1,1.0,1,1.0,1,0.18087187523642412,48
2145,5,4381,1577,2804,0,0,0,1.0,1,1.0,1,1.0,1,0.08230604341469921,46
2146,2,4383,1578,2805,0,0,0,1.0,1,1.0,1,1.0,1,0.06714933717423384,47
2147,1,4384,1579,2805,0,0,0,1.0,1,1.0,1,1.0,1,0.08232507945232019,48
2148,1,4385,1579,2806,0,0,0,1.0,1,1.0,1,1.0,1,0.07962377198870624,46
2149,3,4388,1581,2807,0,0,0,1.0,1,1.0,1,1.0,1,0.08305875939557464,46
2150,2,4390,1583,2807,0,0,0,1.0,1,1.0,1,1.0,1,0.12776548361471657,46
2151,4,4394,1585,2809,0,0,0,1.0,1,1.0,1,1.0,1,0.14400506349133732,44
2152,3,4397,1586,2811,0,0,0,1.0,1,1.0,1,1.0,1,0.18452657785751406,45
2153,9,4406,1588,2818,0,0,0,1.0,1,1.0,1,1.0,1,0.12121230052455949,48
2154,1,4407,1588,2819,0,0,0,1.0,1,1.0,1,1.0,1,0.15399501416825284,47
2155,5,4412,1590,2822,0,0,0,1.0,1,1.0,1,1.0,1,0.14920446247199037,48
2156,1,4413,1590,2823,0,0,0,1.0,1,1.0,1,1.0,1,0.1532149495814847,45
2157,3,4416,1590,2826,0,0,0,1.0,1,1.0,1,1.0,1,0.10829010224888216,43
2158,2,4418,1590,2828,0,0,0,1.0,1,1.0,1,1.0,1,0.10063126045696384,43
2159,3,4421,1593,2828,0,0,0,1.0,1,1.0,1,1.0,1,0.15648853518330472,43
2160,1,4422,1593,2829,0,0,0,1.0,1,1.0,1,1.0,1,0.11678375480114567,41
2161,4,4426,1595,2831,0,0,0,1.0,1,1.0,1,1.0,1,0.07055497074756267,41
2162,3,4429,1596,2833,0,0,0,1.0,1,1.0,1,1.0,1,0.07868257174534636,42
2163,2,4431,1596,2835,0,0,0,1.0,1,1.0,1,1.0,1,0.08465714276644458,43
2164,5,4436,1598,2838,0,0,0,1.0,1,1.0,1,1.0,1,0.13000274293599043,44
2165,2,4438,1598,2840,0,0,0,1.0,1,1.0,1,1.0,1,0.07930064633398715,44
2166,2,4440,1598,2842,0,0,0,1.0,1,1.0,1,1.0,1,0.06666639847787612,46
2167,0,4440,1598,2842,0,0,0,1.0,1,1.0,1,1.0,1,0.06666639847787612,46
2168,0,4440,1598,2842,0,0,0,1.0,1,1.0,1,1.0,1,0.055485251219059686,45
2169,4,4444,1599,2845,0,0,0,1.0,1,1.0,1,1.0,1,0.0643468213779831,49
2170,1,4445,1599,2846,0,0,0,1.0,1,1.0,1,1.0,1,0.07027763522303805,49
2171,4,4449,1600,2849,0,0,0,1.0,1,1.0,1,1.0,1,0.053004214121936545,51
2172,4,4453,1601,2852,0,0,0,1.0,1,1.0,1,1.0,1,0.06979588837591665,52
2173,1,4454,1602,2852,0,0,0,1.0,1,1.0,1,1.0,1,0.10320929931382923,52
2174,1,4455,1603,2852,0,0,0,1.0,1,1.0,1,1.0,1,0.12034099619162714,52
2175,4,4459,1604,2855,0,0,0,1.0,1,1.0,1,1.0,1,0.14566982396261355,53
2176,2,4461,1605,2856,0,0,0,1.0,1,1.0,1,1.0,1,0.14981271536771754,54
2177,5,4466,1606,2860,0,0,0,1.0,1,1.0,1,1.0,1,0.12318158784354015,55
2178,3,4469,1607,2862,0,0,0,1.0,1,1.0,1,1.0,1,0.10118852044334599,54
2179,1,4470,1607,2863,0,0,0,1.0,1,1.0,1,1.0,1,0.07780194339796347,52
2180,0,4470,1607,2863,0,0,0,1.0,1,1.0,1,1.0,1,0.07347941391090379,51
2181,2,4472,1608,2864,0,0,0,1.0,1,1.0,1,1.0,1,0.04540349329239815,49
2182,2,4474,1610,2864,0,0,0,1.0,1,1.0,1,1.0,1,0.08542814337598528,49
2183,2,4476,1612,2864,0,0,0,1.0,1,1.0,1,1.0,1,0.1359811816054341,46
2184,4,4480,1613,2867,0,0,0,1.0,1,1.0,1,1.0,1,0.14913666367508896,45
2185,6,4486,1615,2871,0,0,0,1.0,1,1.0,1,1.0,1,0.12251164596257635,44
2186,6,4492,1618,2874,0,0,0,1.0,1,1.0,1,1.0,1,0.11867457742212291,42
2187,6,4498,1623,2875,0,0,0,1.0,1,1.0,1,1.0,1,0.16863175946266815,40
2188,5,4503,1624,2879,0,0,0,1.0,1,1.0,1,1.0,1,0.1568564019393945,38
2189,2,4505,1625,2880,0,0,0,1.0,1,1.0,1,1.0,1,0.11103697746583743,36
2190,2,4507,1626,2881,0,0,0,1.0,1,1.0,1,1.0,1,0.15611107554026432,34
2191,0,4507,1626,2881,0,0,0,1.0,1,1.0,1,1.0,1,0.15361111525574558,34
2192,3,4510,1629,2881,0,0,0,1.0,1,1.0,1,1.0,1,0.1919500408191698,33
2193,5,4515,1629,2886,0,0,0,1.0,1,1.0,1,1.0,1,0.12793740986659846,32
2194,3,4518,1631,2887,0,0,0,1.0,1,1.0,1,1.0,1,0.14177968956599607,32
2195,1,4519,1631,2888,0,0,0,1.0,1,1.0,1,1.0,1,0.16884591495151657,31
2196,4,4523,1631,2892,0,0,0,1.0,1,1.0,1,1.0,1,0.1050670881459077,32
2197,0,4523,1631,2892,0,0,0,1.0,1,1.0,1,1.0,1,0.10596100566753723,31
2198,0,4523,1631,2892,0,0,0,1.0,1,1.0,1,1.0,1,0.10596100566753723,31
2199,0,4523,1631,2892,0,0,0,1.0,1,1.0,1,1.0,1,0.1067385193975469,32
2200,1,4524,1631,2893,0,0,0,1.0,1,1.0,1,1.0,1,0.13143816135927913,35
2201,1,4525,1631,2894,0,0,0,1.0,1,1.0,1,1.0,1,0.113354570864638,36
2202,0,4525,1631,2894,0,0,0,1.0,1,1.0,1,1.0,1,0.113354570864638,36
2203,1,4526,1631,2895,0,0,0,1.0,1,1.0,1,1.0,1,0.11005079165876781,37
2204,2,4528,1632,2896,0,0,0,1.0,1,1.0,1,1.0,1,0.12994366269712884,36
2205,2,4530,1632,2898,0,0,0,1.0,1,1.0,1,1.0,1,0.09568987304351428,37
2206,1,4531,1633,2898,0,0,0,1.0,1,1.0,1,1.0,1,0.18938589542738585,35
2207,5,4536,1635,2901,0,0,0,1.0,1,1.0,1,1.0,1,0.20523677092244896,37
2208,0,4536,1635,2901,0,0,0,1.0,1,1.0,1,1.0,1,0.19230445285499662,36
2209,1,4537,1635,2902,0,0,0,1.0,1,1.0,1,1.0,1,0.18440986435724857,35
2210,2,4539,1635,2904,0,0,0,1.0,1,1.0,1,1.0,1,0.1642804463850297,38
2211,1,4540,1635,2905,0,0,0,1.0,1,1.0,1,1.0,1,0.17060516969331765,37
2212,2,4542,1635,2907,0,0,0,1.0,1,1.0,1,1.0,1,0.1320494747240354,38
2213,0,4542,1635,2907,0,0,0,1.0,1,1.0,1,1.0,1,0.1320494747240354,38
2214,1,4543,1636,2907,0,0,0,1.0,1,1.0,1,1.0,1,0.15802028742055674,39
2215,4,4547,1638,2909,0,0,0,1.0,1,1.0,1,1.0,1,0.13484498858542948,39
2216,1,4548,1639,2909,0,0,0,1.0,1,1.0,1,1.0,1,0.14846033707848919,39
2217,2,4550,1639,2911,0,0,0,1.0,1,1.0,1,1.0,1,0.0976588927060539,38
2218,1,4551,1640,2911,0,0,0,1.0,1,1.0,1,1.0,1,0.11334850277958052,37
2219,2,4553,1641,2912,0,0,0,1.0,1,1.0,1,1.0,1,0.10055157242879097,36
2220,4,4557,1642,2915,0,0,0,1.0,1,1.0,1,1.0,1,0.15035106002764825,34
2221,5,4562,1644,2918,0,0,0,1.0,1,1.0,1,1.0,1,0.11229368743718365,35
2222,1,4563,1645,2918,0,0,0,1.0,1,1.0,1,1.0,1,0.15836777733581064,33
2223,0,4563,1645,2918,0,0,0,1.0,1,1.0,1,1.0,1,0.13928214686030455,34
2224,2,4565,1647,2918,0,0,0,1.0,1,1.0,1,1.0,1,0.20365617084383922,32
2225,2,4567,1648,2919,0,0,0,1.0,1,1.0,1,1.0,1,0.21011698632434503,33
2226,2,4569,1650,2919,0,0,0,1.0,1,1.0,1,1.0,1,0.2549013955947819,32
2227,3,4572,1651,2921,0,0,0,1.0,1,1.0,1,1.0,1,0.20220409774358855,31
2228,1,4573,1651,2922,0,0,0,1.0,1,1.0,1,1.0,1,0.24301755461274524,32
2229,4,4577,1652,2925,0,0,0,1.0,1,1.0,1,1.0,1,0.1235676162008025,32
2230,0,4577,1652,2925,0,0,0,1.0,1,1.0,1,1.0,1,0.13392785378340571,31
2231,0,4577,1652,2925,0,0,0,1.0,1,1.0,1,1.0,1,0.12428066634722892,32
2232,3,4580,1652,2928,0,0,0,1.0,1,1.0,1,1.0,1,0.12094428227514051,32
2233,2,4582,1653,2929,0,0,0,1.0,1,1.0,1,1.0,1,0.14195964084284024,31
2234,0,4582,1653,2929,0,0,0,1.0,1,1.0,1,1.0,1,0.140261343289152,32
2235,1,4583,1653,2930,0,0,0,1.0,1,1.0,1,1.0,1,0.14979785326941292,31
2236,0,4583,1653,2930,0,0,0,1.0,1,1.0,1,1.0,1,0.14979785326941292,31
2237,2,4585,1654,2931,0,0,0,1.0,1,1.0,1,1.0,1,0.1264220688951949,31
2238,1,4586,1655,2931,0,0,0,1.0,1,1.0,1,1.0,1,0.17299331668941756,31
2239,1,4587,1655,2932,0,0,0,1.0,1,1.0,1,1.0,1,0.13897401006265758,31
2240,1,4588,1656,2932,0,0,0,1.0,1,1.0,1,1.0,1,0.17993851092544028,32
2241,4,4592,1658,2934,0,0,0,1.0,1,1.0,1,1.0,1,0.13190885856862508,32
2242,2,4594,1659,2935,0,0,0,1.0,1,1.0,1,1.0,1,0.10134470069421984,34
2243,2,4596,1661,2935,0,0,0,1.0,1,1.0,1,1.0,1,0.20270970950988648,34
2244,2,4598,1661,2937,0,0,0,1.0,1,1.0,1,1.0,1,0.1781265437308109,36
2245,0,4598,1661,2937,0,0,0,1.0,1,1.0,1,1.0,1,0.1781265437308109,36
2246,2,4600,1661,2939,0,0,0,1.0,1,1.0,1,1.0,1,0.16078273422771583,39
2247,1,4601,1661,2940,0,0,0,1.0,1,1.0,1,1.0,1,0.14692187320209524,40
2248,0,4601,1661,2940,0,0,0,1.0,1,1.0,1,1.0,1,0.14692187320209524,40
2249,1,4602,1661,2941,0,0,0,1.0,1,1.0,1,1.0,1,0.12795193480850053,41
2250,0,4602,1661,2941,0,0,0,1.0,1,1.0,1,1.0,1,0.12795193480850053,41
2251,0,4602,1661,2941,0,0,0,1.0,1,1.0,1,1.0,1,0.147785415049937,42
2252,1,4603,1661,2942,0,0,0,1.0,1,1.0,1,1.0,1,0.1436233257935882,41
2253,0,4603,1661,2942,0,0,0,1.0,1,1.0,1,1.0,1,0.12865674188155868,40
2254,1,4604,1662,2942,0,0,0,1.0,1,1.0,1,1.0,1,0.16006853872352017,39
2255,2,4606,1662,2944,0,0,0,1.0,1,1.0,1,1.0,1,0.19264512727377017,39
2256,2,4608,1664,2944,0,0,0,1.0,1,1.0,1,1.0,1,0.24513785276492062,40
2257,5,4613,1666,2947,0,0,0,1.0,1,1.0,1,1.0,1,0.18419304628246844,40
2258,3,4616,1668,2948,0,0,0,1.0,1,1.0,1,1.0,1,0.19945092145902305,39
2259,4,4620,1670,2950,0,0,0,1.0,1,1.0,1,1.0,1,0.1636620635212717,41
2260,0,4620,1670,2950,0,0,0,1.0,1,1.0,1,1.0,1,0.15824238889575304,38
2261,3,4623,1671,2952,0,0,0,1.0,1,1.0,1,1.0,1,0.10802351465488527,38
2262,0,4623,1671,2952,0,0,0,1.0,1,1.0,1,1.0,1,0.11239458641419159,36
2263,3,4626,1674,2952,0,0,0,1.0,1,1.0,1,1.0,1,0.16629329373685237,35
2264,5,4631,1677,2954,0,0,0,1.0,1,1.0,1,1.0,1,0.19125096078061452,33
2265,3,4634,1678,2956,0,0,0,1.0,1,1.0,1,1.0,1,0.1651321830309163,33
2266,3,4637,1680,2957,0,0,0,1.0,1,1.0,1,1.0,1,0.17933334771883874,33
2267,4,4641,1683,2958,0,0,0,1.0,1,1.0,1,1.0,1,0.23402874134000573,33
2268,4,4645,1684,2961,0,0,0,1.0,1,1.0,1,1.0,1,0.1937156986604193,35
2269,3,4648,1685,2963,0,0,0,1.0,1,1.0,1,1.0,1,0.17960377843568331,36
2270,0,4648,1685,2963,0,0,0,1.0,1,1.0,1,1.0,1,0.18267327395911304,34
2271,2,4650,1687,2963,0,0,0,1.0,1,1.0,1,1.0,1,0.20396776801088506,34
2272,2,4652,1688,2964,0,0,0,1.0,1,1.0,1,1.0,1,0.14899709723497287,33
2273,3,4655,1689,2966,0,0,0,1.0,1,1.0,1,1.0,1,0.15578569611131154,32
2274,0,4655,1689,2966,0,0,0,1.0,1,1.0,1,1.0,1,0.15578569611131154,32
2275,1,4656,1689,2967,0,0,0,1.0,1,1.0,1,1.0,1,0.17948996779998191,32
2276,1,4657,1690,2967,0,0,0,1.0,1,1.0,1,1.0,1,0.2085790492562161,31
2277,2,4659,1691,2968,0,0,0,1.0,1,1.0,1,1.0,1,0.18393582224027397,30
2278,3,4662,1692,2970,0,0,0,1.0,1,1.0,1,1.0,1,0.1516782110262273,33
2279,1,4663,1692,2971,0,0,0,1.0,1,1.0,1,1.0,1,0.12594028342582692,33
2280,4,4667,1692,2975,0,0,0,1.0,1,1.0,1,1.0,1,0.12134636832931162,35
2281,2,4669,1692,2977,0,0,0,1.0,1,1.0,1,1.0,1,0.061559142414881786,36
2282,0,4669,1692,2977,0,0,0,1.0,1,1.0,1,1.0,1,0.061559142414881786,36
2283,0,4669,1692,2977,0,0,0,1.0,1,1.0,1,1.0,1,0.061559142414881786,36
2284,1,4670,1693,2977,0,0,0,1.0,1,1.0,1,1.0,1,0.11106549123139939,36
2285,2,4672,1693,2979,0,0,0,1.0,1,1.0,1,1.0,1,0.0817546643384386,37
2286,1,4673,1694,2979,0,0,0,1.0,1,1.0,1,1.0,1,0.13685853169415843,38
2287,1,4674,1694,2980,0,0,0,1.0,1,1.0,1,1.0,1,0.09745042011727599,38
2288,5,4679,1696,2983,0,0,0,1.0,1,1.0,1,1.0,1,0.14952034864634084,40
2289,3,4682,1696,2986,0,0,0,1.0,1,1.0,1,1.0,1,0.12690365213009303,40
2290,1,4683,1697,2986,0,0,0,1.0,1,1.0,1,1.0,1,0.14230201858964234,39
2291,0,4683,1697,2986,0,0,0,1.0,1,1.0,1,1.0,1,0.1546641088708641,37
2292,1,4684,1698,2986,0,0,0,1.0,1,1.0,1,1.0,1,0.19062474625274237,35
2293,3,4687,1701,2986,0,0,0,1.0,1,1.0,1,1.0,1,0.25976769344802214,35
2294,2,4689,1701,2988,0,0,0,1.0,1,1.0,1,1.0,1,0.19361385550661112,35
2295,1,4690,1701,2989,0,0,0,1.0,1,1.0,1,1.0,1,0.20815976400312128,36
2296,0,4690,1701,2989,0,0,0,1.0,1,1.0,1,1.0,1,0.23860434571393008,34
2297,5,4695,1701,2994,0,0,0,1.0,1,1.0,1,1.0,1,0.15834303013814463,35
2298,1,4696,1702,2994,0,0,0,1.0,1,1.0,1,1.0,1,0.18131066150163336,34
2299,1,4697,1703,2994,0,0,0,1.0,1,1.0,1,1.0,1,0.1934141190804219,35
2300,1,4698,1703,2995,0,0,0,1.0,1,1.0,1,1.0,1,0.16092435448354078,35
2301,6,4704,1703,3001,0,0,0,1.0,1,1.0,1,1.0,1,0.12506784459272777,35
2302,8,4712,1705,3007,0,0,0,1.0,1,1.0,1,1.0,1,0.17162822341849746,37
2303,4,4716,1706,3010,0,0,0,1.0,1,1.0,1,1.0,1,0.20845525417038888,35
2304,9,4725,1708,3017,0,0,0,1.0,1,1.0,1,1.0,1,0.2474708521967635,36
2305,3,4728,1708,3020,0,0,0,1.0,1,1.0,1,1.0,1,0.15733124700381546,34
2306,4,4732,1709,3023,0,0,0,1.0,1,1.0,1,1.0,1,0.11951829763369723,35
2307,0,4732,1709,3023,0,0,0,1.0,1,1.0,1,1.0,1,0.13215086014991262,35
2308,0,4732,1709,3023,0,0,0,1.0,1,1.0,1,1.0,1,0.13215086014991262,35
2309,0,4732,1709,3023,0,0,0,1.0,1,1.0,1,1.0,1,0.14531774508207554,34
2310,0,4732,1709,3023,0,0,0,1.0,1,1.0,1,1.0,1,0.15304220931426643,36
2311,2,4734,1709,3025,0,0,0,1.0,1,1.0,1,1.0,1,0.13491302470540256,38
2312,3,4737,1711,3026,0,0,0,1.0,1,1.0,1,1.0,1,0.1824180424795898,39
2313,3,4740,1711,3029,0,0,0,1.0,1,1.0,1,1.0,1,0.11371479943222039,39
2314,1,4741,1712,3029,0,0,0,1.0,1,1.0,1,1.0,1,0.10766478219631578,39
2315,3,4744,1714,3030,0,0,0,1.0,1,1.0,1,1.0,1,0.1398489664979275,40
2316,1,4745,1714,3031,0,0,0,1.0,1,1.0,1,1.0,1,0.1372501908987672,40
2317,2,4747,1715,3032,0,0,0,1.0,1,1.0,1,1.0,1,0.16639633712772103,41
2318,1,4748,1716,3032,0,0,0,1.0,1,1.0,1,1.0,1,0.17071155593928128,41
2319,1,4749,1716,3033,0,0,0,1.0,1,1.0,1,1.0,1,0.15911810805612656,41
2320,3,4752,1716,3036,0,0,0,1.0,1,1.0,1,1.0,1,0.13683245369971703,42
2321,2,4754,1717,3037,0,0,0,1.0,1,1.0,1,1.0,1,0.12021904677070097,43
2322,0,4754,1717,3037,0,0,0,1.0,1,1.0,1,1.0,1,0.11225035663816352,42
2323,1,4755,1718,3037,0,0,0,1.0,1,1.0,1,1.0,1,0.16331852287495757,43
2324,3,4758,1718,3040,0,0,0,1.0,1,1.0,1,1.0,1,0.1326553034280251,44
2325,1,4759,1719,3040,0,0,0,1.0,1,1.0,1,1.0,1,0.15841003579095178,44
2326,0,4759,1719,3040,0,0,0,1.0,1,1.0,1,1.0,1,0.15715178907043714,45
2327,0,4759,1719,3040,0,0,0,1.0,1,1.0,1,1.0,1,0.15715178907043714,45
2328,2,4761,1720,3041,0,0,0,1.0,1,1.0,1,1.0,1,0.15124579110843653,46
2329,2,4763,1720,3043,0,0,0,1.0,1,1.0,1,1.0,1,0.09157053538666433,45
2330,0,4763,1720,3043,0,0,0,1.0,1,1.0,1,1.0,1,0.08345826184945947,47
2331,1,4764,1721,3043,0,0,0,1.0,1,1.0,1,1.0,1,0.1068382911549643,48
2332,0,4764,1721,3043,0,0,0,1.0,1,1.0,1,1.0,1,0.1068382911549643,48
2333,3,4767,1721,3046,0,0,0,1.0,1,1.0,1,1.0,1,0.08053021950044964,49
2334,1,4768,1722,3046,0,0,0,1.0,1,1.0,1,1.0,1,0.11559945338499612,47
2335,1,4769,1723,3046,0,0,0,1.0,1,1.0,1,1.0,1,0.1669865450431252,46
2336,1,4770,1723,3047,0,0,0,1.0,1,1.0,1,1.0,1,0.1863848501378933,46
2337,6,4776,1724,3052,0,0,0,1.0,1,1.0,1,1.0,1,0.13204274804020746,45
2338,3,4779,1725,3054,0,0,0,1.0,1,1.0,1,1.0,1,0.127119657721144,44
2339,3,4782,1726,3056,0,0,0,1.0,1,1.0,1,1.0,1,0.10727363488648604,45
2340,4,4786,1727,3059,0,0,0,1.0,1,1.0,1,1.0,1,0.10558595858994749,44
2341,3,4789,1727,3062,0,0,0,1.0,1,1.0,1,1.0,1,0.06709206802677836,45
2342,1,4790,1728,3062,0,0,0,1.0,1,1.0,1,1.0,1,0.09004201912135004,47
2343,1,4791,1728,3063,0,0,0,1.0,1,1.0,1,1.0,1,0.07809706221245652,46
2344,1,4792,1729,3063,0,0,0,1.0,1,1.0,1,1.0,1,0.1011328901473168,46
2345,1,4793,1729,3064,0,0,0,1.0,1,1.0,1,1.0,1,0.09604038733982255,45
2346,0,4793,1729,3064,0,0,0,1.0,1,1.0,1,1.0,1,0.0816126718155323,46
2347,0,4793,1729,3064,0,0,0,1.0,1,1.0,1,1.0,1,0.09513640742963382,47
2348,2,4795,1730,3065,0,0,0,1.0,1,1.0,1,1.0,1,0.11846932080769791,49
2349,3,4798,1730,3068,0,0,0,1.0,1,1.0,1,1.0,1,0.08021224859740625,49
2350,0,4798,1730,3068,0,0,0,1.0,1,1.0,1,1.0,1,0.06805359810630887,50
2351,3,4801,1731,3070,0,0,0,1.0,1,1.0,1,1.0,1,0.09017673480788695,50
2352,2,4803,1731,3072,0,0,0,1.0,1,1.0,1,1.0,1,0.07810261734171908,51
2353,0,4803,1731,3072,0,0,0,1.0,1,1.0,1,1.0,1,0.07810261734171908,51
2354,0,4803,1731,3072,0,0,0,1.0,1,1.0,1,1.0,1,0.09635441120871743,51
2355,1,4804,1732,3072,0,0,0,1.0,1,1.0,1,1.0,1,0.13488018488059964,50
2356,0,4804,1732,3072,0,0,0,1.0,1,1.0,1,1.0,1,0.13488018488059964,50
2357,4,4808,1734,3074,0,0,0,1.0,1,1.0,1,1.0,1,0.11186029287531069,49
2358,4,4812,1734,3078,0,0,0,1.0,1,1.0,1,1.0,1,0.0980885170464174,51
2359,2,4814,1734,3080,0,0,0,1.0,1,1.0,1,1.0,1,0.06415003116297631,51
2360,4,4818,1735,3083,0,0,0,1.0,1,1.0,1,1.0,1,0.07660155875882768,51
2361,2,4820,1736,3084,0,0,0,1.0,1,1.0,1,1.0,1,0.11073388141657639,52
2362,1,4821,1737,3084,0,0,0,1.0,1,1.0,1,1.0,1,0.12983133729823723,53
2363,2,4823,1738,3085,0,0,0,1.0,1,1.0,1,1.0,1,0.13266197112774888,54
2364,7,4830,1740,3090,0,0,0,1.0,1,1.0,1,1.0,1,0.0993618840972872,55
2365,5,4835,1742,3093,0,0,0,1.0,1,1.0,1,1.0,1,0.11665475692140288,53
2366,3,4838,1745,3093,0,0,0,1.0,1,1.0,1,1.0,1,0.14311330790303384,53
2367,3,4841,1747,3094,0,0,0,1.0,1,1.0,1,1.0,1,0.18605132068507674,51
2368,5,4846,1749,3097,0,0,0,1.0,1,1.0,1,1.0,1,0.2171180302711912,50
2369,7,4853,1751,3102,0,0,0,1.0,1,1.0,1,1.0,1,0.17624081094468266,47
2370,0,4853,1751,3102,0,0,0,1.0,1,1.0,1,1.0,1,0.18593902430654236,48
2371,5,4858,1753,3105,0,0,0,1.0,1,1.0,1,1.0,1,0.18434074175508816,49
2372,0,4858,1753,3105,0,0,0,1.0,1,1.0,1,1.0,1,0.1940620447441078,48
2373,0,4858,1753,3105,0,0,0,1.0,1,1.0,1,1.0,1,0.20303754548978742,49
2374,0,4858,1753,3105,0,0,0,1.0,1,1.0,1,1.0,1,0.1929047864377223,50
2375,1,4859,1753,3106,0,0,0,1.0,1,1.0,1,1.0,1,0.15182788908995615,50
2376,0,4859,1753,3106,0,0,0,1.0,1,1.0,1,1.0,1,0.16582038373380226,50
2377,0,4859,1753,3106,0,0,0,1.0,1,1.0,1,1.0,1,0.17212262494642597,49
2378,1,4860,1753,3107,0,0,0,1.0,1,1.0,1,1.0,1,0.15217820511725255,49
2379,1,4861,1754,3107,0,0,0,1.0,1,1.0,1,1.0,1,0.18325917773754072,50
2380,1,4862,1755,3107,0,0,0,1.0,1,1.0,1,1.0,1,0.19994694800916807,50
2381,4,4866,1756,3110,0,0,0,1.0,1,1.0,1,1.0,1,0.1929689846035098,51
2382,4,4870,1758,3112,0,0,0,1.0,1,1.0,1,1.0,1,0.2142560168690593,51
2383,1,4871,1758,3113,0,0,0,1.0,1,1.0,1,1.0,1,0.20383825261628283,52
2384,1,4872,1759,3113,0,0,0,1.0,1,1.0,1,1.0,1,0.18523425000780175,52
2385,9,4881,1761,3120,0,0,0,1.0,1,1.0,1,1.0,1,0.16581434914387008,51
2386,4,4885,1762,3123,0,0,0,1.0,1,1.0,1,1.0,1,0.1427169686721165,52
2387,3,4888,1764,3124,0,0,0,1.0,1,1.0,1,1.0,1,0.15968962792271332,49
2388,1,4889,1764,3125,0,0,0,1.0,1,1.0,1,1.0,1,0.1438679959494666,48
2389,2,4891,1765,3126,0,0,0,1.0,1,1.0,1,1.0,1,0.13486591076484217,48
2390,3,4894,1766,3128,0,0,0,1.0,1,1.0,1,1.0,1,0.09211913041346027,49
2391,2,4896,1768,3128,0,0,0,1.0,1,1.0,1,1.0,1,0.13899292813245806,48
2392,2,4898,1770,3128,0,0,0,1.0,1,1.0,1,1.0,1,0.1587325071548359,49
2393,6,4904,1771,3133,0,0,0,1.0,1,1.0,1,1.0,1,0.11180285199972353,50
2394,3,4907,1772,3135,0,0,0,1.0,1,1.0,1,1.0,1,0.11062328247291915,50
2395,1,4908,1772,3136,0,0,0,1.0,1,1.0,1,1.0,1,0.10772409240737263,49
2396,0,4908,1772,3136,0,0,0,1.0,1,1.0,1,1.0,1,0.1133809651946152,50
2397,4,4912,1774,3138,0,0,0,1.0,1,1.0,1,1.0,1,0.13373204136697173,51
2398,2,4914,1776,3138,0,0,0,1.0,1,1.0,1,1.0,1,0.1576951725489352,49
2399,2,4916,1776,3140,0,0,0,1.0,1,1.0,1,1.0,1,0.1389170372702263,50
2400,1,4917,1777,3140,0,0,0,1.0,1,1.0,1,1.0,1,0.1817607195114699,51
2401,3,4920,1778,3142,0,0,0,1.0,1,1.0,1,1.0,1,0.15565600800655421,50
2402,1,4921,1778,3143,0,0,0,1.0,1,1.0,1,1.0,1,0.14233918007452176,51
2403,0,4921,1778,3143,0,0,0,1.0,1,1.0,1,1.0,1,0.14347442841549932,52
2404,3,4924,1778,3146,0,0,0,1.0,1,1.0,1,1.0,1,0.0999422742448193,53
2405,3,4927,1778,3149,0,0,0,1.0,1,1.0,1,1.0,1,0.13223600584032488,52
2406,1,4928,1778,3150,0,0,0,1.0,1,1.0,1,1.0,1,0.12250516836891003,52
2407,1,4929,1778,3151,0,0,0,1.0,1,1.0,1,1.0,1,0.15896705585348997,51
2408,0,4929,1778,3151,0,0,0,1.0,1,1.0,1,1.0,1,0.1646501985144071,50
2409,2,4931,1778,3153,0,0,0,1.0,1,1.0,1,1.0,1,0.15512195102906842,50
2410,1,4932,1779,3153,0,0,0,1.0,1,1.0,1,1.0,1,0.1840767234326398,49
2411,1,4933,1780,3153,0,0,0,1.0,1,1.0,1,1.0,1,0.22870877282818544,48
2412,0,4933,1780,3153,0,0,0,1.0,1,1.0,1,1.0,1,0.23454591023841256,47
2413,5,4938,1780,3158,0,0,0,1.0,1,1.0,1,1.0,1,0.19280589754245894,47
2414,1,4939,1780,3159,0,0,0,1.0,1,1.0,1,1.0,1,0.21937922490588374,47
2415,2,4941,1780,3161,0,0,0,1.0,1,1.0,1,1.0,1,0.21557118960222332,46
2416,2,4943,1780,3163,0,0,0,1.0,1,1.0,1,1.0,1,0.18736117213569012,47
2417,1,4944,1780,3164,0,0,0,1.0,1,1.0,1,1.0,1,0.1748204020736896,46
2418,3,4947,1781,3166,0,0,0,1.0,1,1.0,1,1.0,1,0.17799836658289644,48
2419,4,4951,1782,3169,0,0,0,1.0,1,1.0,1,1.0,1,0.1394432893992997,47
2420,3,4954,1783,3171,0,0,0,1.0,1,1.0,1,1.0,1,0.12293938730315879,49
2421,0,4954,1783,3171,0,0,0,1.0,1,1.0,1,1.0,1,0.11796241273954762,50
2422,3,4957,1785,3172,0,0,0,1.0,1,1.0,1,1.0,1,0.10322390479582784,50
2423,1,4958,1786,3172,0,0,0,1.0,1,1.0,1,1.0,1,0.12063502249916108,51
2424,7,4965,1791,3174,0,0,0,1.0,1,1.0,1,1.0,1,0.1601144787809134,50
2425,4,4969,1792,3177,0,0,0,1.0,1,1.0,1,1.0,1,0.09646780008647199,48
2426,3,4972,1794,3178,0,0,0,1.0,1,1.0,1,1.0,1,0.09924643917074999,51
2427,3,4975,1795,3180,0,0,0,1.0,1,1.0,1,1.0,1,0.0967555413583394,50
2428,1,4976,1796,3180,0,0,0,1.0,1,1.0,1,1.0,1,0.12582687288214084,49
2429,4,4980,1798,3182,0,0,0,1.0,1,1.0,1,1.0,1,0.1183138343229558,49
2430,0,4980,1798,3182,0,0,0,1.0,1,1.0,1,1.0,1,0.17378617761070136,46
2431,2,4982,1800,3182,0,0,0,1.0,1,1.0,1,1.0,1,0.14448040603490123,45
2432,2,4984,1801,3183,0,0,0,1.0,1,1.0,1,1.0,1,0.22636305903707596,44
2433,7,4991,1802,3189,0,0,0,1.0,1,1.0,1,1.0,1,0.1090404879916048,45
2434,0,4991,1802,3189,0,0,0,1.0,1,1.0,1,1.0,1,0.12294180117818668,44
2435,1,4992,1802,3190,0,0,0,1.0,1,1.0,1,1.0,1,0.1304564617245212,44
2436,4,4996,1804,3192,0,0,0,1.0,1,1.0,1,1.0,1,0.13804383711085275,44
2437,3,4999,1805,3194,0,0,0,1.0,1,1.0,1,1.0,1,0.14626048528565666,45
2438,3,5002,1806,3196,0,0,0,1.0,1,1.0,1,1.0,1,0.17869852515852205,45
2439,3,5005,1806,3199,0,0,0,1.0,1,1.0,1,1.0,1,0.17063331164386616,46
2440,4,5009,1806,3203,0,0,0,1.0,1,1.0,1,1.0,1,0.176716649694631,45
2441,5,5014,1807,3207,0,0,0,1.0,1,1.0,1,1.0,1,0.13898759976562508,45
2442,1,5015,1808,3207,0,0,0,1.0,1,1.0,1,1.0,1,0.14304697341382788,46
2443,2,5017,1808,3209,0,0,0,1.0,1,1.0,1,1.0,1,0.1402968163143067,45
2444,7,5024,1812,3212,0,0,0,1.0,1,1.0,1,1.0,1,0.21810147121765977,46
2445,3,5027,1812,3215,0,0,0,1.0,1,1.0,1,1.0,1,0.19763072216026503,44
2446,3,5030,1814,3216,0,0,0,1.0,1,1.0,1,1.0,1,0.18108155093125636,44
2447,2,5032,1815,3217,0,0,0,1.0,1,1.0,1,1.0,1,0.17251476554904074,42
2448,2,5034,1817,3217,0,0,0,1.0,1,1.0,1,1.0,1,0.22875525047807224,41
2449,9,5043,1817,3226,0,0,0,1.0,1,1.0,1,1.0,1,0.14220316972507577,40
2450,4,5047,1817,3230,0,0,0,1.0,1,1.0,1,1.0,1,0.17259663713640433,42
2451,1,5048,1817,3231,0,0,0,1.0,1,1.0,1,1.0,1,0.12303541079538172,43
2452,2,5050,1817,3233,0,0,0,1.0,1,1.0,1,1.0,1,0.1389978322218385,43
2453,0,5050,1817,3233,0,0,0,1.0,1,1.0,1,1.0,1,0.15212672822049556,45
2454,2,5052,1819,3233,0,0,0,1.0,1,1.0,1,1.0,1,0.16246685972656502,47
2455,0,5052,1819,3233,0,0,0,1.0,1,1.0,1,1.0,1,0.16690753470060146,48
2456,3,5055,1820,3235,0,0,0,1.0,1,1.0,1,1.0,1,0.20485851230315166,49
2457,4,5059,1822,3237,0,0,0,1.0,1,1.0,1,1.0,1,0.24335340118026216,48
2458,2,5061,1822,3239,0,0,0,1.0,1,1.0,1,1.0,1,0.2164563770252468,49
2459,2,5063,1822,3241,0,0,0,1.0,1,1.0,1,1.0,1,0.18714421507896895,49
2460,3,5066,1823,3243,0,0,0,1.0,1,1.0,1,1.0,1,0.1938852929559086,50
2461,2,5068,1823,3245,0,0,0,1.0,1,1.0,1,1.0,1,0.17501441460213485,50
2462,6,5074,1825,3249,0,0,0,1.0,1,1.0,1,1.0,1,0.17801197927702056,51
2463,5,5079,1827,3252,0,0,0,1.0,1,1.0,1,1.0,1,0.20316146229527235,51
2464,3,5082,1827,3255,0,0,0,1.0,1,1.0,1,1.0,1,0.17758109806099603,50
2465,4,5086,1828,3258,0,0,0,1.0,1,1.0,1,1.0,1,0.17040907725000348,49
2466,2,5088,1829,3259,0,0,0,1.0,1,1.0,1,1.0,1,0.15311640606590882,49
2467,3,5091,1829,3262,0,0,0,1.0,1,1.0,1,1.0,1,0.10893693560153396,48
2468,2,5093,1831,3262,0,0,0,1.0,1,1.0,1,1.0,1,0.15232983416188942,47
2469,3,5096,1832,3264,0,0,0,1.0,1,1.0,1,1.0,1,0.09472838470716727,46
2470,0,5096,1832,3264,0,0,0,1.0,1,1.0,1,1.0,1,0.0926982398760618,44
2471,2,5098,1832,3266,0,0,0,1.0,1,1.0,1,1.0,1,0.10026079877463287,44
2472,1,5099,1832,3267,0,0,0,1.0,1,1.0,1,1.0,1,0.11512652524673501,44
2473,0,5099,1832,3267,0,0,0,1.0,1,1.0,1,1.0,1,0.1322272917883432,43
2474,4,5103,1835,3268,0,0,0,1.0,1,1.0,1,1.0,1,0.14673832583119323,44
2475,1,5104,1835,3269,0,0,0,1.0,1,1.0,1,1.0,1,0.12087272626021661,46
2476,0,5104,1835,3269,0,0,0,1.0,1,1.0,1,1.0,1,0.12087272626021661,46
2477,3,5107,1836,3271,0,0,0,1.0,1,1.0,1,1.0,1,0.0899162771710635,46
2478,1,5108,1836,3272,0,0,0,1.0,1,1.0,1,1.0,1,0.06633537985178103,46
2479,1,5109,1837,3272,0,0,0,1.0,1,1.0,1,1.0,1,0.07831098927967539,46
2480,2,5111,1839,3272,0,0,0,1.0,1,1.0,1,1.0,1,0.1123328762760537,47
2481,3,5114,1840,3274,0,0,0,1.0,1,1.0,1,1.0,1,0.06988161679337884,47
2482,0,5114,1840,3274,0,0,0,1.0,1,1.0,1,1.0,1,0.10597283087926213,45
2483,1,5115,1840,3275,0,0,0,1.0,1,1.0,1,1.0,1,0.1284792359946666,45
2484,2,5117,1842,3275,0,0,0,1.0,1,1.0,1,1.0,1,0.15373054334944034,46
2485,1,5118,1842,3276,0,0,0,1.0,1,1.0,1,1.0,1,0.15122101951238406,44
2486,1,5119,1843,3276,0,0,0,1.0,1,1.0,1,1.0,1,0.14881560216312503,43
2487,1,5120,1844,3276,0,0,0,1.0,1,1.0,1,1.0,1,0.1566228766175566,44
2488,4,5124,1846,3278,0,0,0,1.0,1,1.0,1,1.0,1,0.17289973118468618,45
2489,3,5127,1846,3281,0,0,0,1.0,1,1.0,1,1.0,1,0.13492553630542004,44
2490,0,5127,1846,3281,0,0,0,1.0,1,1.0,1,1.0,1,0.13492553630542004,44
2491,1,5128,1847,3281,0,0,0,1.0,1,1.0,1,1.0,1,0.17753130800350758,44
2492,0,5128,1847,3281,0,0,0,1.0,1,1.0,1,1.0,1,0.17753130800350758,44
2493,1,5129,1847,3282,0,0,0,1.0,1,1.0,1,1.0,1,0.18099219458507462,42
2494,1,5130,1848,3282,0,0,0,1.0,1,1.0,1,1.0,1,0.20080864806955684,42
2495,1,5131,1848,3283,0,0,0,1.0,1,1.0,1,1.0,1,0.18680067636780656,42
2496,1,5132,1849,3283,0,0,0,1.0,1,1.0,1,1.0,1,0.192963324413965,42
2497,5,5137,1850,3287,0,0,0,1.0,1,1.0,1,1.0,1,0.15492981460750424,44
2498,1,5138,1850,3288,0,0,0,1.0,1,1.0,1,1.0,1,0.1464928803030016,43
2499,0,5138,1850,3288,0,0,0,1.0,1,1.0,1,1.0,1,0.1464928803030016,43
2500,0,5138,1850,3288,0,0,0,1.0,1,1.0,1,1.0,1,0.15386565147865935,44
2501,2,5140,1851,3289,0,0,0,1.0,1,1.0,1,1.0,1,0.15054956531849473,46
2502,5,5145,1854,3291,0,0,0,1.0,1,1.0,1,1.0,1,0.1138192408990519,47
2503,2,5147,1856,3291,0,0,0,1.0,1,1.0,1,1.0,1,0.1373350074508612,47
2504,1,5148,1857,3291,0,0,0,1.0,1,1.0,1,1.0,1,0.17126103695031525,46
2505,6,5154,1861,3293,0,0,0,1.0,1,1.0,1,1.0,1,0.2174487749314085,46
2506,1,5155,1861,3294,0,0,0,1.0,1,1.0,1,1.0,1,0.17320249446403668,45
2507,3,5158,1863,3295,0,0,0,1.0,1,1.0,1,1.0,1,0.1664648717176691,45
2508,3,5161,1865,3296,0,0,0,1.0,1,1.0,1,1.0,1,0.17780404043125464,46
2509,6,5167,1866,3301,0,0,0,1.0,1,1.0,1,1.0,1,0.14071407275627057,45
2510,8,5175,1867,3308,0,0,0,1.0,1,1.0,1,1.0,1,0.13384529175005236,46
2511,3,5178,1867,3311,0,0,0,1.0,1,1.0,1,1.0,1,0.12952494606691126,47
2512,5,5183,1868,3315,0,0,0,1.0,1,1.0,1,1.0,1,0.1946788536652349,47
2513,5,5188,1869,3319,0,0,0,1.0,1,1.0,1,1.0,1,0.1436461593518033,48
2514,1,5189,1870,3319,0,0,0,1.0,1,1.0,1,1.0,1,0.14434659402596514,48
2515,3,5192,1870,3322,0,0,0,1.0,1,1.0,1,1.0,1,0.1227208726559832,49
2516,1,5193,1871,3322,0,0,0,1.0,1,1.0,1,1.0,1,0.13093467802117462,49
2517,5,5198,1872,3326,0,0,0,1.0,1,1.0,1,1.0,1,0.0895766301991886,49
2518,1,5199,1873,3326,0,0,0,1.0,1,1.0,1,1.0,1,0.1256970350890688,48
2519,1,5200,1873,3327,0,0,0,1.0,1,1.0,1,1.0,1,0.1193748303399578,48
2520,1,5201,1874,3327,0,0,0,1.0,1,1.0,1,1.0,1,0.1746275692252312,46
2521,8,5209,1876,3333,0,0,0,1.0,1,1.0,1,1.0,1,0.10473431456338862,47
2522,2,5211,1878,3333,0,0,0,1.0,1,1.0,1,1.0,1,0.10560815844072274,45
2523,2,5213,1880,3333,0,0,0,1.0,1,1.0,1,1.0,1,0.17818012472925124,44
2524,0,5213,1880,3333,0,0,0,1.0,1,1.0,1,1.0,1,0.1535289420048833,42
2525,3,5216,1881,3335,0,0,0,1.0,1,1.0,1,1.0,1,0.1481839354279163,42
2526,0,5216,1881,3335,0,0,0,1.0,1,1.0,1,1.0,1,0.1524262418480303,41
2527,1,5217,1882,3335,0,0,0,1.0,1,1.0,1,1.0,1,0.18677108690458258,41
2528,2,5219,1882,3337,0,0,0,1.0,1,1.0,1,1.0,1,0.1268784211923029,41
2529,0,5219,1882,3337,0,0,0,1.0,1,1.0,1,1.0,1,0.135482787704632,42
2530,0,5219,1882,3337,0,0,0,1.0,1,1.0,1,1.0,1,0.15139737940850134,41
2531,0,5219,1882,3337,0,0,0,1.0,1,1.0,1,1.0,1,0.15139737940850134,41
2532,0,5219,1882,3337,0,0,0,1.0,1,1.0,1,1.0,1,0.17770459403401656,43
2533,0,5219,1882,3337,0,0,0,1.0,1,1.0,1,1.0,1,0.17770459403401656,43
2534,0,5219,1882,3337,0,0,0,1.0,1,1.0,1,1.0,1,0.17770459403401656,43
2535,1,5220,1882,3338,0,0,0,1.0,1,1.0,1,1.0,1,0.17497430093452604,44
2536,0,5220,1882,3338,0,0,0,1.0,1,1.0,1,1.0,1,0.17497430093452604,44
2537,1,5221,1882,3339,0,0,0,1.0,1,1.0,1,1.0,1,0.1753569903955265,45
2538,4,5225,1882,3343,0,0,0,1.0,1,1.0,1,1.0,1,0.15575651859933828,48
2539,3,5228,1884,3344,0,0,0,1.0,1,1.0,1,1.0,1,0.16804194193150146,48
2540,6,5234,1886,3348,0,0,0,1.0,1,1.0,1,1.0,1,0.18886386738100655,50
2541,3,5237,1887,3350,0,0,0,1.0,1,1.0,1,1.0,1,0.17843315229725562,52
2542,5,5242,1891,3351,0,0,0,1.0,1,1.0,1,1.0,1,0.23279087304070953,52
2543,6,5248,1894,3354,0,0,0,1.0,1,1.0,1,1.0,1,0.2388859460333417,51
2544,4,5252,1896,3356,0,0,0,1.0,1,1.0,1,1.0,1,0.23010423053678686,51
2545,5,5257,1897,3360,0,0,0,1.0,1,1.0,1,1.0,1,0.1735231975213837,50
2546,2,5259,1898,3361,0,0,0,1.0,1,1.0,1,1.0,1,0.16858290885351152,50
2547,1,5260,1899,3361,0,0,0,1.0,1,1.0,1,1.0,1,0.16916576644213363,47
2548,0,5260,1899,3361,0,0,0,1.0,1,1.0,1,1.0,1,0.1509161725257646,46
2549,3,5263,1900,3363,0,0,0,1.0,1,1.0,1,1.0,1,0.1367413014691796,46
2550,2,5265,1902,3363,0,0,0,1.0,1,1.0,1,1.0,1,0.1302870714479925,44
2551,0,5265,1902,3363,0,0,0,1.0,1,1.0,1,1.0,1,0.11601020490644776,43
2552,0,5265,1902,3363,0,0,0,1.0,1,1.0,1,1.0,1,0.1326520364666198,43
2553,0,5265,1902,3363,0,0,0,1.0,1,1.0,1,1.0,1,0.13721736119496877,44
2554,1,5266,1903,3363,0,0,0,1.0,1,1.0,1,1.0,1,0.1638975983060495,45
2555,3,5269,1904,3365,0,0,0,1.0,1,1.0,1,1.0,1,0.1483496088166786,44
2556,0,5269,1904,3365,0,0,0,1.0,1,1.0,1,1.0,1,0.1493791630870551,44
2557,2,5271,1905,3366,0,0,0,1.0,1,1.0,1,1.0,1,0.1638198823982076,41
2558,1,5272,1905,3367,0,0,0,1.0,1,1.0,1,1.0,1,0.15110106931615253,40
2559,1,5273,1905,3368,0,0,0,1.0,1,1.0,1,1.0,1,0.16315409284451252,41
2560,0,5273,1905,3368,0,0,0,1.0,1,1.0,1,1.0,1,0.16315409284451252,41
2561,2,5275,1905,3370,0,0,0,1.0,1,1.0,1,1.0,1,0.1483794526220613,43
2562,1,5276,1906,3370,0,0,0,1.0,1,1.0,1,1.0,1,0.1727060629956521,44
2563,0,5276,1906,3370,0,0,0,1.0,1,1.0,1,1.0,1,0.1727060629956521,44
2564,2,5278,1908,3370,0,0,0,1.0,1,1.0,1,1.0,1,0.19762973454689792,44
2565,0,5278,1908,3370,0,0,0,1.0,1,1.0,1,1.0,1,0.19397303958564951,45
2566,5,5283,1910,3373,0,0,0,1.0,1,1.0,1,1.0,1,0.19538169564631075,46
2567,3,5286,1911,3375,0,0,0,1.0,1,1.0,1,1.0,1,0.18251825178285197,48
2568,4,5290,1912,3378,0,0,0,1.0,1,1.0,1,1.0,1,0.19194915950080987,48
2569,2,5292,1912,3380,0,0,0,1.0,1,1.0,1,1.0,1,0.17564644069869506,49
2570,0,5292,1912,3380,0,0,0,1.0,1,1.0,1,1.0,1,0.18950110417379132,48
2571,1,5293,1912,3381,0,0,0,1.0,1,1.0,1,1.0,1,0.18903212335470906,48
2572,2,5295,1912,3383,0,0,0,1.0,1,1.0,1,1.0,1,0.15597420389864977,49
2573,1,5296,1912,3384,0,0,0,1.0,1,1.0,1,1.0,1,0.13003934903223638,50
2574,3,5299,1914,3385,0,0,0,1.0,1,1.0,1,1.0,1,0.13150527793242878,49
2575,1,5300,1914,3386,0,0,0,1.0,1,1.0,1,1.0,1,0.13049862075386554,48
2576,0,5300,1914,3386,0,0,0,1.0,1,1.0,1,1.0,1,0.13049862075386554,48
2577,2,5302,1914,3388,0,0,0,1.0,1,1.0,1,1.0,1,0.13893808548806624,50
2578,0,5302,1914,3388,0,0,0,1.0,1,1.0,1,1.0,1,0.13893808548806624,50
2579,2,5304,1915,3389,0,0,0,1.0,1,1.0,1,1.0,1,0.13610986869113162,51
2580,1,5305,1915,3390,0,0,0,1.0,1,1.0,1,1.0,1,0.13605537262844508,52
2581,2,5307,1915,3392,0,0,0,1.0,1,1.0,1,1.0,1,0.13601477548952723,51
2582,3,5310,1916,3394,0,0,0,1.0,1,1.0,1,1.0,1,0.1227547553268793,51
2583,4,5314,1918,3396,0,0,0,1.0,1,1.0,1,1.0,1,0.13321839480566466,51
2584,4,5318,1921,3397,0,0,0,1.0,1,1.0,1,1.0,1,0.15915683491984026,51
2585,5,5323,1921,3402,0,0,0,1.0,1,1.0,1,1.0,1,0.08031725544787317,50
2586,4,5327,1924,3403,0,0,0,1.0,1,1.0,1,1.0,1,0.09796193650029238,50
2587,2,5329,1925,3404,0,0,0,1.0,1,1.0,1,1.0,1,0.06126118493886009,48
2588,1,5330,1925,3405,0,0,0,1.0,1,1.0,1,1.0,1,0.06428762313356902,50
2589,1,5331,1926,3405,0,0,0,1.0,1,1.0,1,1.0,1,0.06020618876324937,48
2590,0,5331,1926,3405,0,0,0,1.0,1,1.0,1,1.0,1,0.07631023364387936,47
2591,1,5332,1927,3405,0,0,0,1.0,1,1.0,1,1.0,1,0.07808874224124877,47
2592,2,5334,1929,3405,0,0,0,1.0,1,1.0,1,1.0,1,0.08038749623279738,47
2593,1,5335,1929,3406,0,0,0,1.0,1,1.0,1,1.0,1,0.07749892568088991,47
2594,5,5340,1932,3408,0,0,0,1.0,1,1.0,1,1.0,1,0.1376174983262719,49
2595,7,5347,1935,3412,0,0,0,1.0,1,1.0,1,1.0,1,0.13670830966895256,48
2596,6,5353,1937,3416,0,0,0,1.0,1,1.0,1,1.0,1,0.16241388811859112,47
2597,7,5360,1937,3423,0,0,0,1.0,1,1.0,1,1.0,1,0.09708613975357205,48
2598,2,5362,1937,3425,0,0,0,1.0,1,1.0,1,1.0,1,0.09708613975357205,48
2599,4,5366,1938,3428,0,0,0,1.0,1,1.0,1,1.0,1,0.10361443012906482,49
2600,3,5369,1938,3431,0,0,0,1.0,1,1.0,1,1.0,1,0.08776809954864175,52
2601,4,5373,1940,3433,0,0,0,1.0,1,1.0,1,1.0,1,0.10693836066746351,51
2602,1,5374,1941,3433,0,0,0,1.0,1,1.0,1,1.0,1,0.1100610045589179,52
2603,3,5377,1942,3435,0,0,0,1.0,1,1.0,1,1.0,1,0.11848196713056552,53
2604,0,5377,1942,3435,0,0,0,1.0,1,1.0,1,1.0,1,0.11848196713056552,53
2605,1,5378,1942,3436,0,0,0,1.0,1,1.0,1,1.0,1,0.13985338297557237,52
2606,1,5379,1942,3437,0,0,0,1.0,1,1.0,1,1.0,1,0.12933849887219837,52
2607,1,5380,1942,3438,0,0,0,1.0,1,1.0,1,1.0,1,0.13561280591730934,52
2608,2,5382,1942,3440,0,0,0,1.0,1,1.0,1,1.0,1,0.11300873677554645,52
2609,0,5382,1942,3440,0,0,0,1.0,1,1.0,1,1.0,1,0.09201347952279716,53
2610,0,5382,1942,3440,0,0,0,1.0,1,1.0,1,1.0,1,0.10009854570858105,54
2611,3,5385,1944,3441,0,0,0,1.0,1,1.0,1,1.0,1,0.10260645054914641,54
2612,2,5387,1946,3441,0,0,0,1.0,1,1.0,1,1.0,1,0.09653927410670339,56
2613,3,5390,1948,3442,0,0,0,1.0,1,1.0,1,1.0,1,0.0934360502286549,56
2614,2,5392,1949,3443,0,0,0,1.0,1,1.0,1,1.0,1,0.1030564165874928,56
2615,3,5395,1950,3445,0,0,0,1.0,1,1.0,1,1.0,1,0.09164957293846505,57
2616,0,5395,1950,3445,0,0,0,1.0,1,1.0,1,1.0,1,0.09164957293846505,57
2617,2,5397,1951,3446,0,0,0,1.0,1,1.0,1,1.0,1,0.08366390572993179,58
2618,1,5398,1952,3446,0,0,0,1.0,1,1.0,1,1.0,1,0.09996222241436138,58
2619,2,5400,1952,3448,0,0,0,1.0,1,1.0,1,1.0,1,0.07469084097259802,58
2620,4,5404,1953,3451,0,0,0,1.0,1,1.0,1,1.0,1,0.04110988026095748,60
2621,1,5405,1953,3452,0,0,0,1.0,1,1.0,1,1.0,1,0.03817474831252763,59
2622,1,5406,1954,3452,0,0,0,1.0,1,1.0,1,1.0,1,0.0544059803206143,60
2623,4,5410,1956,3454,0,0,0,1.0,1,1.0,1,1.0,1,0.06338787598072512,59
2624,2,5412,1958,3454,0,0,0,1.0,1,1.0,1,1.0,1,0.1174045294662478,58
2625,3,5415,1959,3456,0,0,0,1.0,1,1.0,1,1.0,1,0.07627082048809815,58
2626,1,5416,1960,3456,0,0,0,1.0,1,1.0,1,1.0,1,0.09109051688096105,57
2627,0,5416,1960,3456,0,0,0,1.0,1,1.0,1,1.0,1,0.09209057449609961,55
2628,1,5417,1961,3456,0,0,0,1.0,1,1.0,1,1.0,1,0.10244345404092825,55
2629,1,5418,1961,3457,0,0,0,1.0,1,1.0,1,1.0,1,0.09989633758398411,54
2630,2,5420,1963,3457,0,0,0,1.0,1,1.0,1,1.0,1,0.14169065725151894,55
2631,3,5423,1964,3459,0,0,0,1.0,1,1.0,1,1.0,1,0.15858000178482995,55
2632,2,5425,1966,3459,0,0,0,1.0,1,1.0,1,1.0,1,0.19453477767646446,55
2633,3,5428,1967,3461,0,0,0,1.0,1,1.0,1,1.0,1,0.14870362328994277,53
2634,8,5436,1970,3466,0,0,0,1.0,1,1.0,1,1.0,1,0.12830950426498944,52
2635,2,5438,1970,3468,0,0,0,1.0,1,1.0,1,1.0,1,0.09384922666427496,52
2636,5,5443,1973,3470,0,0,0,1.0,1,1.0,1,1.0,1,0.15057659523614228,51
2637,6,5449,1974,3475,0,0,0,1.0,1,1.0,1,1.0,1,0.07133339892069696,50
2638,2,5451,1976,3475,0,0,0,1.0,1,1.0,1,1.0,1,0.06483198767621765,48
2639,2,5453,1978,3475,0,0,0,1.0,1,1.0,1,1.0,1,0.12348550696006368,48
2640,3,5456,1981,3475,0,0,0,1.0,1,1.0,1,1.0,1,0.1615599408822525,46
2641,4,5460,1983,3477,0,0,0,1.0,1,1.0,1,1.0,1,0.0947123318059363,46
2642,9,5469,1988,3481,0,0,0,1.0,1,1.0,1,1.0,1,0.1289151956866954,47
2643,2,5471,1989,3482,0,0,0,1.0,1,1.0,1,1.0,1,0.14723250051682854,45
2644,3,5474,1990,3484,0,0,0,1.0,1,1.0,1,1.0,1,0.20980622093463144,44
2645,6,5480,1992,3488,0,0,0,1.0,1,1.0,1,1.0,1,0.1612838165819642,42
2646,1,5481,1992,3489,0,0,0,1.0,1,1.0,1,1.0,1,0.17056019817187693,43
2647,1,5482,1992,3490,0,0,0,1.0,1,1.0,1,1.0,1,0.11549459732184778,40
2648,0,5482,1992,3490,0,0,0,1.0,1,1.0,1,1.0,1,0.09529461322468975,41
2649,2,5484,1993,3491,0,0,0,1.0,1,1.0,1,1.0,1,0.11835445052213203,43
2650,1,5485,1993,3492,0,0,0,1.0,1,1.0,1,1.0,1,0.11232939423483423,43
2651,1,5486,1994,3492,0,0,0,1.0,1,1.0,1,1.0,1,0.09605208715285708,44
2652,0,5486,1994,3492,0,0,0,1.0,1,1.0,1,1.0,1,0.09605208715285708,44
2653,0,5486,1994,3492,0,0,0,1.0,1,1.0,1,1.0,1,0.09605208715285708,44
2654,1,5487,1995,3492,0,0,0,1.0,1,1.0,1,1.0,1,0.10508594356230735,45
2655,1,5488,1996,3492,0,0,0,1.0,1,1.0,1,1.0,1,0.09307736770508597,45
2656,0,5488,1996,3492,0,0,0,1.0,1,1.0,1,1.0,1,0.09307736770508597,45
2657,0,5488,1996,3492,0,0,0,1.0,1,1.0,1,1.0,1,0.11753994292297702,45
2658,3,5491,1997,3494,0,0,0,1.0,1,1.0,1,1.0,1,0.13385080546964462,47
2659,1,5492,1998,3494,0,0,0,1.0,1,1.0,1,1.0,1,0.1653720136309064,46
2660,3,5495,1998,3497,0,0,0,1.0,1,1.0,1,1.0,1,0.14872107877424884,46
2661,5,5500,1999,3501,0,0,0,1.0,1,1.0,1,1.0,1,0.10021830820585312,46
2662,2,5502,2001,3501,0,0,0,1.0,1,1.0,1,1.0,1,0.13120223119435323,47
2663,6,5508,2004,3504,0,0,0,1.0,1,1.0,1,1.0,1,0.07863536008210646,46
2664,5,5513,2008,3505,0,0,0,1.0,1,1.0,1,1.0,1,0.07708573971234578,45
2665,2,5515,2009,3506,0,0,0,1.0,1,1.0,1,1.0,1,0.06290216611928547,47
2666,4,5519,2012,3507,0,0,0,1.0,1,1.0,1,1.0,1,0.06964620090300416,47
2667,4,5523,2014,3509,0,0,0,1.0,1,1.0,1,1.0,1,0.14367670282907075,45
2668,3,5526,2015,3511,0,0,0,1.0,1,1.0,1,1.0,1,0.13024264501752536,45
2669,5,5531,2016,3515,0,0,0,1.0,1,1.0,1,1.0,1,0.10503306732326574,45
2670,4,5535,2018,3517,0,0,0,1.0,1,1.0,1,1.0,1,0.13462342126436247,45
2671,4,5539,2020,3519,0,0,0,1.0,1,1.0,1,1.0,1,0.12316757628431017,41
2672,2,5541,2021,3520,0,0,0,1.0,1,1.0,1,1.0,1,0.1188044036760912,40
2673,0,5541,2021,3520,0,0,0,1.0,1,1.0,1,1.0,1,0.11083116044209365,39
2674,2,5543,2022,3521,0,0,0,1.0,1,1.0,1,1.0,1,0.13466523630015897,37
2675,1,5544,2023,3521,0,0,0,1.0,1,1.0,1,1.0,1,0.15038854940217075,35
2676,0,5544,2023,3521,0,0,0,1.0,1,1.0,1,1.0,1,0.1556595553884827,34
2677,2,5546,2023,3523,0,0,0,1.0,1,1.0,1,1.0,1,0.1169406331199662,32
2678,6,5552,2025,3527,0,0,0,1.0,1,1.0,1,1.0,1,0.1782536373849693,33
2679,3,5555,2026,3529,0,0,0,1.0,1,1.0,1,1.0,1,0.2202583798195462,33
2680,6,5561,2029,3532,0,0,0,1.0,1,1.0,1,1.0,1,0.22595332411272565,33
2681,2,5563,2029,3534,0,0,0,1.0,1,1.0,1,1.0,1,0.08779540279479753,32
2682,0,5563,2029,3534,0,0,0,1.0,1,1.0,1,1.0,1,0.08779540279479753,32
2683,1,5564,2030,3534,0,0,0,1.0,1,1.0,1,1.0,1,0.1910202929950018,32
2684,0,5564,2030,3534,0,0,0,1.0,1,1.0,1,1.0,1,0.18707291602859183,31
2685,0,5564,2030,3534,0,0,0,1.0,1,1.0,1,1.0,1,0.22078198841765614,30
2686,1,5565,2030,3535,0,0,0,1.0,1,1.0,1,1.0,1,0.17293684150902755,29
2687,0,5565,2030,3535,0,0,0,1.0,1,1.0,1,1.0,1,0.18107711425663073,28
2688,1,5566,2030,3536,0,0,0,1.0,1,1.0,1,1.0,1,0.17286982846541865,28
2689,3,5569,2030,3539,0,0,0,1.0,1,1.0,1,1.0,1,0.17085877811373698,29
2690,0,5569,2030,3539,0,0,0,1.0,1,1.0,1,1.0,1,0.17085877811373698,29
2691,2,5571,2032,3539,0,0,0,1.0,1,1.0,1,1.0,1,0.16997589781538625,29
2692,3,5574,2032,3542,0,0,0,1.0,1,1.0,1,1.0,1,0.19976962560068767,31
2693,5,5579,2033,3546,0,0,0,1.0,1,1.0,1,1.0,1,0.15406005135001427,32
2694,1,5580,2034,3546,0,0,0,1.0,1,1.0,1,1.0,1,0.179100460425777,32
2695,0,5580,2034,3546,0,0,0,1.0,1,1.0,1,1.0,1,0.16720092222700222,33
2696,2,5582,2035,3547,0,0,0,1.0,1,1.0,1,1.0,1,0.17983468598624547,33
2697,3,5585,2036,3549,0,0,0,1.0,1,1.0,1,1.0,1,0.17301006520417203,34
2698,1,5586,2037,3549,0,0,0,1.0,1,1.0,1,1.0,1,0.15682434771115641,34
2699,3,5589,2037,3552,0,0,0,1.0,1,1.0,1,1.0,1,0.13590583762742467,36
2700,3,5592,2037,3555,0,0,0,1.0,1,1.0,1,1.0,1,0.15553529657685272,36
2701,1,5593,2037,3556,0,0,0,1.0,1,1.0,1,1.0,1,0.1298761425713455,36
2702,0,5593,2037,3556,0,0,0,1.0,1,1.0,1,1.0,1,0.1298761425713455,36
2703,6,5599,2040,3559,0,0,0,1.0,1,1.0,1,1.0,1,0.14140519576912888,38
2704,0,5599,2040,3559,0,0,0,1.0,1,1.0,1,1.0,1,0.14563867777677572,37
2705,1,5600,2041,3559,0,0,0,1.0,1,1.0,1,1.0,1,0.13936887811692864,36
2706,2,5602,2043,3559,0,0,0,1.0,1,1.0,1,1.0,1,0.22861437635947485,34
2707,0,5602,2043,3559,0,0,0,1.0,1,1.0,1,1.0,1,0.21373339544502268,36
2708,2,5604,2045,3559,0,0,0,1.0,1,1.0,1,1.0,1,0.22282105425711016,36
2709,5,5609,2046,3563,0,0,0,1.0,1,1.0,1,1.0,1,0.1407247900292207,33
2710,2,5611,2048,3563,0,0,0,1.0,1,1.0,1,1.0,1,0.17437855924484977,32
2711,1,5612,2048,3564,0,0,0,1.0,1,1.0,1,1.0,1,0.09355653673391881,29
2712,1,5613,2049,3564,0,0,0,1.0,1,1.0,1,1.0,1,0.14635717026972703,28
2713,0,5613,2049,3564,0,0,0,1.0,1,1.0,1,1.0,1,0.18411670053452409,28
2714,0,5613,2049,3564,0,0,0,1.0,1,1.0,1,1.0,1,0.2145373550372121,25
2715,2,5615,2051,3564,0,0,0,1.0,1,1.0,1,1.0,1,0.30141537297683785,24
2716,4,5619,2053,3566,0,0,0,1.0,1,1.0,1,1.0,1,0.33550991089748905,23
2717,4,5623,2054,3569,0,0,0,1.0,1,1.0,1,1.0,1,0.2026149283078416,24
2718,2,5625,2054,3571,0,0,0,1.0,1,1.0,1,1.0,1,0.12156417621680424,24
2719,3,5628,2054,3574,0,0,0,1.0,1,1.0,1,1.0,1,0.10904811154810584,25
2720,0,5628,2054,3574,0,0,0,1.0,1,1.0,1,1.0,1,0.10904811154810584,25
2721,1,5629,2055,3574,0,0,0,1.0,1,1.0,1,1.0,1,0.17000175342184193,26
2722,1,5630,2056,3574,0,0,0,1.0,1,1.0,1,1.0,1,0.21251843157146552,26
2723,1,5631,2057,3574,0,0,0,1.0,1,1.0,1,1.0,1,0.20029698009161825,26
2724,2,5633,2058,3575,0,0,0,1.0,1,1.0,1,1.0,1,0.20631952250677746,27
2725,3,5636,2059,3577,0,0,0,1.0,1,1.0,1,1.0,1,0.1840236332175758,27
2726,2,5638,2059,3579,0,0,0,1.0,1,1.0,1,1.0,1,0.1285267387970776,28
2727,0,5638,2059,3579,0,0,0,1.0,1,1.0,1,1.0,1,0.1335366203618412,29
2728,0,5638,2059,3579,0,0,0,1.0,1,1.0,1,1.0,1,0.12696928762523657,28
2729,0,5638,2059,3579,0,0,0,1.0,1,1.0,1,1.0,1,0.12696928762523657,28
2730,0,5638,2059,3579,0,0,0,1.0,1,1.0,1,1.0,1,0.151361336765305,29
2731,4,5642,2061,3581,0,0,0,1.0,1,1.0,1,1.0,1,0.18068034789732496,30
2732,1,5643,2061,3582,0,0,0,1.0,1,1.0,1,1.0,1,0.1879071269196509,29
2733,1,5644,2062,3582,0,0,0,1.0,1,1.0,1,1.0,1,0.22731132712883864,29
2734,0,5644,2062,3582,0,0,0,1.0,1,1.0,1,1.0,1,0.22731132712883864,29
2735,2,5646,2063,3583,0,0,0,1.0,1,1.0,1,1.0,1,0.2320633621538886,29
2736,1,5647,2063,3584,0,0,0,1.0,1,1.0,1,1.0,1,0.22149323221220463,30
2737,1,5648,2063,3585,0,0,0,1.0,1,1.0,1,1.0,1,0.18944177658856612,30
2738,1,5649,2064,3585,0,0,0,1.0,1,1.0,1,1.0,1,0.21436997723240273,29
2739,0,5649,2064,3585,0,0,0,1.0,1,1.0,1,1.0,1,0.2236407710595897,30
2740,0,5649,2064,3585,0,0,0,1.0,1,1.0,1,1.0,1,0.24029677369920505,29
2741,2,5651,2065,3586,0,0,0,1.0,1,1.0,1,1.0,1,0.1943253816292355,29
2742,1,5652,2066,3586,0,0,0,1.0,1,1.0,1,1.0,1,0.21518255146864596,29
2743,1,5653,2066,3587,0,0,0,1.0,1,1.0,1,1.0,1,0.23155661768915675,30
2744,3,5656,2069,3587,0,0,0,1.0,1,1.0,1,1.0,1,0.3524552337469639,28
2745,4,5660,2070,3590,0,0,0,1.0,1,1.0,1,1.0,1,0.21582843375509883,27
2746,2,5662,2071,3591,0,0,0,1.0,1,1.0,1,1.0,1,0.23320348509659203,26
2747,2,5664,2072,3592,0,0,0,1.0,1,1.0,1,1.0,1,0.2950872079696076,22
2748,2,5666,2072,3594,0,0,0,1.0,1,1.0,1,1.0,1,0.2903333192526219,22
2749,1,5667,2072,3595,0,0,0,1.0,1,1.0,1,1.0,1,0.29722958122577203,20
2750,0,5667,2072,3595,0,0,0,1.0,1,1.0,1,1.0,1,0.40643992994378475,17
2751,0,5667,2072,3595,0,0,0,1.0,1,1.0,1,1.0,1,0.40643992994378475,17
2752,0,5667,2072,3595,0,0,0,1.0,1,1.0,1,1.0,1,0.38675793220023863,16
2753,1,5668,2072,3596,0,0,0,1.0,1,1.0,1,1.0,1,0.29684626422323995,16
2754,1,5669,2073,3596,0,0,0,1.0,1,1.0,1,1.0,1,0.293054817528898,16
2755,1,5670,2074,3596,0,0,0,1.0,1,1.0,1,1.0,1,0.36058555402567244,16
2756,2,5672,2074,3598,0,0,0,1.0,1,1.0,1,1.0,1,0.303883644694407,17
2757,0,5672,2074,3598,0,0,0,1.0,1,1.0,1,1.0,1,0.32000076875404065,18
2758,1,5673,2074,3599,0,0,0,1.0,1,1.0,1,1.0,1,0.2695678729180323,18
2759,0,5673,2074,3599,0,0,0,1.0,1,1.0,1,1.0,1,0.2811466819279278,19
2760,0,5673,2074,3599,0,0,0,1.0,1,1.0,1,1.0,1,0.2729437823133892,18
2761,0,5673,2074,3599,0,0,0,1.0,1,1.0,1,1.0,1,0.2729437823133892,18
2762,0,5673,2074,3599,0,0,0,1.0,1,1.0,1,1.0,1,0.2729437823133892,18
2763,0,5673,2074,3599,0,0,0,1.0,1,1.0,1,1.0,1,0.2729437823133892,18
2764,0,5673,2074,3599,0,0,0,1.0,1,1.0,1,1.0,1,0.2729437823133892,18
2765,1,5674,2075,3599,0,0,0,1.0,1,1.0,1,1.0,1,0.2720664300776384,18
2766,0,5674,2075,3599,0,0,0,1.0,1,1.0,1,1.0,1,0.2720664300776384,18
2767,0,5674,2075,3599,0,0,0,1.0,1,1.0,1,1.0,1,0.3127683283974602,17
2768,0,5674,2075,3599,0,0,0,1.0,1,1.0,1,1.0,1,0.3127683283974602,17
2769,1,5675,2076,3599,0,0,0,1.0,1,1.0,1,1.0,1,0.27176643920414756,17
2770,0,5675,2076,3599,0,0,0,1.0,1,1.0,1,1.0,1,0.27176643920414756,17
2771,0,5675,2076,3599,0,0,0,1.0,1,1.0,1,1.0,1,0.27176643920414756,17
2772,0,5675,2076,3599,0,0,0,1.0,1,1.0,1,1.0,1,0.27176643920414756,17
2773,0,5675,2076,3599,0,0,0,1.0,1,1.0,1,1.0,1,0.27176643920414756,17
2774,0,5675,2076,3599,0,0,0,1.0,1,1.0,1,1.0,1,0.2312896312833081,18
2775,3,5678,2079,3599,0,0,0,1.0,1,1.0,1,1.0,1,0.2707881524383551,20
2776,1,5679,2079,3600,0,0,0,1.0,1,1.0,1,1.0,1,0.2659183230044967,21
2777,0,5679,2079,3600,0,0,0,1.0,1,1.0,1,1.0,1,0.2659183230044967,21
2778,3,5682,2081,3601,0,0,0,1.0,1,1.0,1,1.0,1,0.3811180527831622,21
2779,3,5685,2082,3603,0,0,0,1.0,1,1.0,1,1.0,1,0.34942109253477266,22
2780,2,5687,2084,3603,0,0,0,1.0,1,1.0,1,1.0,1,0.48718259116151735,22
2781,3,5690,2084,3606,0,0,0,1.0,1,1.0,1,1.0,1,0.34630443971442365,22
2782,1,5691,2084,3607,0,0,0,1.0,1,1.0,1,1.0,1,0.2525630072264649,23
2783,2,5693,2085,3608,0,0,0,1.0,1,1.0,1,1.0,1,0.19304030230361846,22
2784,0,5693,2085,3608,0,0,0,1.0,1,1.0,1,1.0,1,0.1649914382134813,21
2785,0,5693,2085,3608,0,0,0,1.0,1,1.0,1,1.0,1,0.1856167855161701,19
2786,1,5694,2086,3608,0,0,0,1.0,1,1.0,1,1.0,1,0.16743488232383746,19
2787,0,5694,2086,3608,0,0,0,1.0,1,1.0,1,1.0,1,0.19945551629040353,20
2788,1,5695,2087,3608,0,0,0,1.0,1,1.0,1,1.0,1,0.20344014736880517,20
2789,0,5695,2087,3608,0,0,0,1.0,1,1.0,1,1.0,1,0.22560804566333345,19
2790,0,5695,2087,3608,0,0,0,1.0,1,1.0,1,1.0,1,0.22596698841928248,20
2791,0,5695,2087,3608,0,0,0,1.0,1,1.0,1,1.0,1,0.22596698841928248,20
2792,0,5695,2087,3608,0,0,0,1.0,1,1.0,1,1.0,1,0.22596698841928248,20
2793,0,5695,2087,3608,0,0,0,1.0,1,1.0,1,1.0,1,0.2445439482649647,19
2794,0,5695,2087,3608,0,0,0,1.0,1,1.0,1,1.0,1,0.26881596050790396,20
2795,0,5695,2087,3608,0,0,0,1.0,1,1.0,1,1.0,1,0.25760390998509547,21
2796,0,5695,2087,3608,0,0,0,1.0,1,1.0,1,1.0,1,0.24186492441850735,22
2797,0,5695,2087,3608,0,0,0,1.0,1,1.0,1,1.0,1,0.25103116792826125,21
2798,2,5697,2088,3609,0,0,0,1.0,1,1.0,1,1.0,1,0.2838951858630411,21
2799,0,5697,2088,3609,0,0,0,1.0,1,1.0,1,1.0,1,0.272366106328793,20
2800,0,5697,2088,3609,0,0,0,1.0,1,1.0,1,1.0,1,0.272366106328793,20
2801,0,5697,2088,3609,0,0,0,1.0,1,1.0,1,1.0,1,0.272366106328793,20
2802,1,5698,2088,3610,0,0,0,1.0,1,1.0,1,1.0,1,0.2392021410035898,20
2803,1,5699,2088,3611,0,0,0,1.0,1,1.0,1,1.0,1,0.2296111529634174,21
2804,2,5701,2088,3613,0,0,0,1.0,1,1.0,1,1.0,1,0.21192225958664088,22
2805,2,5703,2089,3614,0,0,0,1.0,1,1.0,1,1.0,1,0.1845401797297832,22
2806,4,5707,2091,3616,0,0,0,1.0,1,1.0,1,1.0,1,0.1746797505603678,23
2807,4,5711,2093,3618,0,0,0,1.0,1,1.0,1,1.0,1,0.18044210112294956,24
2808,2,5713,2094,3619,0,0,0,1.0,1,1.0,1,1.0,1,0.18140992768561648,24
2809,4,5717,2094,3623,0,0,0,1.0,1,1.0,1,1.0,1,0.14621307299392652,26
2810,1,5718,2094,3624,0,0,0,1.0,1,1.0,1,1.0,1,0.1544919068309704,26
2811,3,5721,2094,3627,0,0,0,1.0,1,1.0,1,1.0,1,0.14135846513206468,27
2812,2,5723,2094,3629,0,0,0,1.0,1,1.0,1,1.0,1,0.10172642524888069,27
2813,0,5723,2094,3629,0,0,0,1.0,1,1.0,1,1.0,1,0.09474092927261865,28
2814,0,5723,2094,3629,0,0,0,1.0,1,1.0,1,1.0,1,0.123297602444384,29
2815,0,5723,2094,3629,0,0,0,1.0,1,1.0,1,1.0,1,0.1332760026411585,30
2816,0,5723,2094,3629,0,0,0,1.0,1,1.0,1,1.0,1,0.11006772401909676,31
2817,0,5723,2094,3629,0,0,0,1.0,1,1.0,1,1.0,1,0.11006772401909676,31
2818,1,5724,2095,3629,0,0,0,1.0,1,1.0,1,1.0,1,0.1495483456395532,32
2819,1,5725,2096,3629,0,0,0,1.0,1,1.0,1,1.0,1,0.16614639394864944,32
2820,2,5727,2096,3631,0,0,0,1.0,1,1.0,1,1.0,1,0.16325108076110872,33
2821,2,5729,2096,3633,0,0,0,1.0,1,1.0,1,1.0,1,0.16095099656715564,34
2822,0,5729,2096,3633,0,0,0,1.0,1,1.0,1,1.0,1,0.13230314725885278,35
2823,1,5730,2097,3633,0,0,0,1.0,1,1.0,1,1.0,1,0.1861969185952139,31
2824,2,5732,2099,3633,0,0,0,1.0,1,1.0,1,1.0,1,0.23667443958422332,33
2825,3,5735,2099,3636,0,0,0,1.0,1,1.0,1,1.0,1,0.13625827075096406,31
2826,2,5737,2100,3637,0,0,0,1.0,1,1.0,1,1.0,1,0.11880811638298681,31
2827,1,5738,2101,3637,0,0,0,1.0,1,1.0,1,1.0,1,0.11875062155369413,32
2828,3,5741,2102,3639,0,0,0,1.0,1,1.0,1,1.0,1,0.1692837190293848,33
2829,5,5746,2104,3642,0,0,0,1.0,1,1.0,1,1.0,1,0.15505313469700194,33
2830,2,5748,2105,3643,0,0,0,1.0,1,1.0,1,1.0,1,0.18631631187900602,32
2831,1,5749,2106,3643,0,0,0,1.0,1,1.0,1,1.0,1,0.17565878805623358,31
2832,2,5751,2107,3644,0,0,0,1.0,1,1.0,1,1.0,1,0.18768658276714745,30
2833,2,5753,2108,3645,0,0,0,1.0,1,1.0,1,1.0,1,0.16670877825743466,29
2834,3,5756,2111,3645,0,0,0,1.0,1,1.0,1,1.0,1,0.1941285481764741,29
2835,1,5757,2112,3645,0,0,0,1.0,1,1.0,1,1.0,1,0.23327119541180835,27
2836,1,5758,2112,3646,0,0,0,1.0,1,1.0,1,1.0,1,0.19808497516060555,27
2837,3,5761,2113,3648,0,0,0,1.0,1,1.0,1,1.0,1,0.16444737695608544,28
2838,0,5761,2113,3648,0,0,0,1.0,1,1.0,1,1.0,1,0.17258653473471103,29
2839,1,5762,2113,3649,0,0,0,1.0,1,1.0,1,1.0,1,0.197444444014721,29
2840,2,5764,2113,3651,0,0,0,1.0,1,1.0,1,1.0,1,0.18892803656073995,29
2841,1,5765,2113,3652,0,0,0,1.0,1,1.0,1,1.0,1,0.1565171139818107,31
2842,2,5767,2114,3653,0,0,0,1.0,1,1.0,1,1.0,1,0.19477588423889786,32
2843,1,5768,2114,3654,0,0,0,1.0,1,1.0,1,1.0,1,0.16547175372974152,32
2844,1,5769,2115,3654,0,0,0,1.0,1,1.0,1,1.0,1,0.2085964367911439,33
2845,5,5774,2116,3658,0,0,0,1.0,1,1.0,1,1.0,1,0.148821039380474,34
2846,3,5777,2117,3660,0,0,0,1.0,1,1.0,1,1.0,1,0.13497827788424313,34
2847,0,5777,2117,3660,0,0,0,1.0,1,1.0,1,1.0,1,0.14109762368115503,35
2848,1,5778,2118,3660,0,0,0,1.0,1,1.0,1,1.0,1,0.1917840840888568,37
2849,3,5781,2118,3663,0,0,0,1.0,1,1.0,1,1.0,1,0.1183762916854165,37
2850,0,5781,2118,3663,0,0,0,1.0,1,1.0,1,1.0,1,0.1183762916854165,37
2851,0,5781,2118,3663,0,0,0,1.0,1,1.0,1,1.0,1,0.12975471272199704,38
2852,0,5781,2118,3663,0,0,0,1.0,1,1.0,1,1.0,1,0.161065047878123,36
2853,0,5781,2118,3663,0,0,0,1.0,1,1.0,1,1.0,1,0.20485198428836113,36
2854,0,5781,2118,3663,0,0,0,1.0,1,1.0,1,1.0,1,0.21996420526025798,37
2855,4,5785,2118,3667,0,0,0,1.0,1,1.0,1,1.0,1,0.18581751339377972,37
2856,1,5786,2118,3668,0,0,0,1.0,1,1.0,1,1.0,1,0.13406609727861174,38
2857,2,5788,2119,3669,0,0,0,1.0,1,1.0,1,1.0,1,0.14135473626225487,39
2858,1,5789,2119,3670,0,0,0,1.0,1,1.0,1,1.0,1,0.15795157564379855,39
2859,0,5789,2119,3670,0,0,0,1.0,1,1.0,1,1.0,1,0.15795157564379855,39
2860,2,5791,2121,3670,0,0,0,1.0,1,1.0,1,1.0,1,0.15894114496390022,40
2861,2,5793,2122,3671,0,0,0,1.0,1,1.0,1,1.0,1,0.0871958436225727,38
2862,5,5798,2127,3671,0,0,0,1.0,1,1.0,1,1.0,1,0.16223104176652142,38
2863,2,5800,2128,3672,0,0,0,1.0,1,1.0,1,1.0,1,0.1412984310142357,37
2864,4,5804,2132,3672,0,0,0,1.0,1,1.0,1,1.0,1,0.1710279541958024,35
2865,2,5806,2133,3673,0,0,0,1.0,1,1.0,1,1.0,1,0.15185337523968667,33
2866,2,5808,2135,3673,0,0,0,1.0,1,1.0,1,1.0,1,0.19383291743292314,31
2867,3,5811,2137,3674,0,0,0,1.0,1,1.0,1,1.0,1,0.2656468074011768,30
2868,2,5813,2138,3675,0,0,0,1.0,1,1.0,1,1.0,1,0.22526778326019564,31
2869,7,5820,2141,3679,0,0,0,1.0,1,1.0,1,1.0,1,0.21668942441752723,30
2870,0,5820,2141,3679,0,0,0,1.0,1,1.0,1,1.0,1,0.2585662673102478,26
2871,1,5821,2141,3680,0,0,0,1.0,1,1.0,1,1.0,1,0.22692713476168233,27
2872,0,5821,2141,3680,0,0,0,1.0,1,1.0,1,1.0,1,0.25567238195275593,25
2873,5,5826,2141,3685,0,0,0,1.0,1,1.0,1,1.0,1,0.24124486145994004,24
2874,1,5827,2141,3686,0,0,0,1.0,1,1.0,1,1.0,1,0.2023355664194562,25
2875,4,5831,2142,3689,0,0,0,1.0,1,1.0,1,1.0,1,0.2945189651207937,26
2876,3,5834,2142,3692,0,0,0,1.0,1,1.0,1,1.0,1,0.27654923937146775,28
2877,1,5835,2142,3693,0,0,0,1.0,1,1.0,1,1.0,1,0.2532617941389995,29
2878,3,5838,2142,3696,0,0,0,1.0,1,1.0,1,1.0,1,0.15350121880549095,31
2879,1,5839,2142,3697,0,0,0,1.0,1,1.0,1,1.0,1,0.16956770627712506,31
2880,2,5841,2143,3698,0,0,0,1.0,1,1.0,1,1.0,1,0.1824251769897802,32
2881,1,5842,2143,3699,0,0,0,1.0,1,1.0,1,1.0,1,0.19568111693047976,31
2882,0,5842,2143,3699,0,0,0,1.0,1,1.0,1,1.0,1,0.19568111693047976,31
2883,1,5843,2143,3700,0,0,0,1.0,1,1.0,1,1.0,1,0.18432155568894218,32
2884,1,5844,2144,3700,0,0,0,1.0,1,1.0,1,1.0,1,0.2176710208152286,32
2885,6,5850,2147,3703,0,0,0,1.0,1,1.0,1,1.0,1,0.1342693358026411,33
2886,2,5852,2147,3705,0,0,0,1.0,1,1.0,1,1.0,1,0.10746479965493254,34
2887,4,5856,2147,3709,0,0,0,1.0,1,1.0,1,1.0,1,0.12512550547740078,34
2888,0,5856,2147,3709,0,0,0,1.0,1,1.0,1,1.0,1,0.12512550547740078,34
2889,3,5859,2149,3710,0,0,0,1.0,1,1.0,1,1.0,1,0.1740366480117792,37
2890,4,5863,2149,3714,0,0,0,1.0,1,1.0,1,1.0,1,0.14862745267312882,37
2891,3,5866,2150,3716,0,0,0,1.0,1,1.0,1,1.0,1,0.1675456641027204,37
2892,1,5867,2150,3717,0,0,0,1.0,1,1.0,1,1.0,1,0.18703155631000995,37
2893,3,5870,2151,3719,0,0,0,1.0,1,1.0,1,1.0,1,0.19596314485763006,38
2894,3,5873,2151,3722,0,0,0,1.0,1,1.0,1,1.0,1,0.16529271501691195,39
2895,5,5878,2152,3726,0,0,0,1.0,1,1.0,1,1.0,1,0.11798075497482897,40
2896,3,5881,2153,3728,0,0,0,1.0,1,1.0,1,1.0,1,0.1778524354004572,41
2897,2,5883,2153,3730,0,0,0,1.0,1,1.0,1,1.0,1,0.12559923091330222,41
2898,3,5886,2155,3731,0,0,0,1.0,1,1.0,1,1.0,1,0.15170059555867454,41
2899,1,5887,2156,3731,0,0,0,1.0,1,1.0,1,1.0,1,0.16649234080781497,39
2900,5,5892,2158,3734,0,0,0,1.0,1,1.0,1,1.0,1,0.19668014029177447,40
2901,1,5893,2158,3735,0,0,0,1.0,1,1.0,1,1.0,1,0.13735924648563635,40
2902,2,5895,2159,3736,0,0,0,1.0,1,1.0,1,1.0,1,0.15223203257298598,38
2903,1,5896,2160,3736,0,0,0,1.0,1,1.0,1,1.0,1,0.11155517097897989,36
2904,1,5897,2161,3736,0,0,0,1.0,1,1.0,1,1.0,1,0.14047788688761564,36
2905,0,5897,2161,3736,0,0,0,1.0,1,1.0,1,1.0,1,0.11419921905383203,35
2906,0,5897,2161,3736,0,0,0,1.0,1,1.0,1,1.0,1,0.13406425935328234,36
2907,1,5898,2162,3736,0,0,0,1.0,1,1.0,1,1.0,1,0.1270052686462124,37
2908,1,5899,2162,3737,0,0,0,1.0,1,1.0,1,1.0,1,0.1431070471962466,38
2909,1,5900,2163,3737,0,0,0,1.0,1,1.0,1,1.0,1,0.17088795578857494,37
2910,1,5901,2164,3737,0,0,0,1.0,1,1.0,1,1.0,1,0.18853117731264432,37
2911,0,5901,2164,3737,0,0,0,1.0,1,1.0,1,1.0,1,0.20171451228709888,36
2912,3,5904,2166,3738,0,0,0,1.0,1,1.0,1,1.0,1,0.18967732240371568,36
2913,1,5905,2167,3738,0,0,0,1.0,1,1.0,1,1.0,1,0.16060359284506845,36
2914,0,5905,2167,3738,0,0,0,1.0,1,1.0,1,1.0,1,0.1800045043070131,38
2915,0,5905,2167,3738,0,0,0,1.0,1,1.0,1,1.0,1,0.16318317422856055,37
2916,3,5908,2167,3741,0,0,0,1.0,1,1.0,1,1.0,1,0.1122635626366668,39
2917,2,5910,2168,3742,0,0,0,1.0,1,1.0,1,1.0,1,0.14177344646187792,40
2918,4,5914,2170,3744,0,0,0,1.0,1,1.0,1,1.0,1,0.1782896981347157,40
2919,3,5917,2171,3746,0,0,0,1.0,1,1.0,1,1.0,1,0.15489364580503176,42
2920,0,5917,2171,3746,0,0,0,1.0,1,1.0,1,1.0,1,0.15489364580503176,42
2921,1,5918,2171,3747,0,0,0,1.0,1,1.0,1,1.0,1,0.12530410610798784,42
2922,0,5918,2171,3747,0,0,0,1.0,1,1.0,1,1.0,1,0.10668242659722046,43
2923,0,5918,2171,3747,0,0,0,1.0,1,1.0,1,1.0,1,0.13091717080987925,45
2924,1,5919,2172,3747,0,0,0,1.0,1,1.0,1,1.0,1,0.13994679857765702,46
2925,2,5921,2172,3749,0,0,0,1.0,1,1.0,1,1.0,1,0.10161968088376218,46
2926,0,5921,2172,3749,0,0,0,1.0,1,1.0,1,1.0,1,0.10161968088376218,46
2927,2,5923,2173,3750,0,0,0,1.0,1,1.0,1,1.0,1,0.09151488260469164,48
2928,3,5926,2175,3751,0,0,0,1.0,1,1.0,1,1.0,1,0.09847467596787066,48
2929,0,5926,2175,3751,0,0,0,1.0,1,1.0,1,1.0,1,0.09847467596787066,48
2930,0,5926,2175,3751,0,0,0,1.0,1,1.0,1,1.0,1,0.1192965536201528,50
2931,1,5927,2176,3751,0,0,0,1.0,1,1.0,1,1.0,1,0.1511256126348636,51
2932,3,5930,2176,3754,0,0,0,1.0,1,1.0,1,1.0,1,0.15512104849433805,52
2933,3,5933,2176,3757,0,0,0,1.0,1,1.0,1,1.0,1,0.12385125088267417,53
2934,3,5936,2177,3759,0,0,0,1.0,1,1.0,1,1.0,1,0.15183769860264243,54
2935,0,5936,2177,3759,0,0,0,1.0,1,1.0,1,1.0,1,0.14793133632238517,53
2936,1,5937,2178,3759,0,0,0,1.0,1,1.0,1,1.0,1,0.15492593907053367,53
2937,3,5940,2178,3762,0,0,0,1.0,1,1.0,1,1.0,1,0.191779886964892,51
2938,2,5942,2179,3763,0,0,0,1.0,1,1.0,1,1.0,1,0.20943821697937748,53
2939,0,5942,2179,3763,0,0,0,1.0,1,1.0,1,1.0,1,0.20236707142944993,52
2940,4,5946,2181,3765,0,0,0,1.0,1,1.0,1,1.0,1,0.22033883615822794,52
2941,3,5949,2181,3768,0,0,0,1.0,1,1.0,1,1.0,1,0.17130827584942152,50
2942,4,5953,2182,3771,0,0,0,1.0,1,1.0,1,1.0,1,0.15834772368065272,50
2943,3,5956,2183,3773,0,0,0,1.0,1,1.0,1,1.0,1,0.17892181323745998,49
2944,5,5961,2184,3777,0,0,0,1.0,1,1.0,1,1.0,1,0.14442339307348223,48
2945,4,5965,2185,3780,0,0,0,1.0,1,1.0,1,1.0,1,0.11202382890126293,48
2946,5,5970,2188,3782,0,0,0,1.0,1,1.0,1,1.0,1,0.07606215650653697,47
2947,1,5971,2189,3782,0,0,0,1.0,1,1.0,1,1.0,1,0.08848702244881802,47
2948,0,5971,2189,3782,0,0,0,1.0,1,1.0,1,1.0,1,0.10447171663384336,48
2949,1,5972,2189,3783,0,0,0,1.0,1,1.0,1,1.0,1,0.08660526407053921,48
2950,0,5972,2189,3783,0,0,0,1.0,1,1.0,1,1.0,1,0.08660526407053921,48
2951,3,5975,2190,3785,0,0,0,1.0,1,1.0,1,1.0,1,0.10442915609881477,50
2952,1,5976,2190,3786,0,0,0,1.0,1,1.0,1,1.0,1,0.07317697538822586,50
2953,0,5976,2190,3786,0,0,0,1.0,1,1.0,1,1.0,1,0.08328971903977256,51
2954,0,5976,2190,3786,0,0,0,1.0,1,1.0,1,1.0,1,0.08328971903977256,51
2955,0,5976,2190,3786,0,0,0,1.0,1,1.0,1,1.0,1,0.08328971903977256,51
2956,1,5977,2191,3786,0,0,0,1.0,1,1.0,1,1.0,1,0.11036568280687667,51
2957,1,5978,2191,3787,0,0,0,1.0,1,1.0,1,1.0,1,0.118344825929957,52
2958,0,5978,2191,3787,0,0,0,1.0,1,1.0,1,1.0,1,0.118344825929957,52
2959,2,5980,2192,3788,0,0,0,1.0,1,1.0,1,1.0,1,0.12181676491261469,53
2960,0,5980,2192,3788,0,0,0,1.0,1,1.0,1,1.0,1,0.11111362935827754,52
2961,1,5981,2193,3788,0,0,0,1.0,1,1.0,1,1.0,1,0.09505959988719538,53
2962,2,5983,2193,3790,0,0,0,1.0,1,1.0,1,1.0,1,0.0816102873422179,54
2963,5,5988,2195,3793,0,0,0,1.0,1,1.0,1,1.0,1,0.1014585536987567,55
2964,1,5989,2195,3794,0,0,0,1.0,1,1.0,1,1.0,1,0.11995767484398755,55
2965,4,5993,2196,3797,0,0,0,1.0,1,1.0,1,1.0,1,0.09802992809503679,55
2966,0,5993,2196,3797,0,0,0,1.0,1,1.0,1,1.0,1,0.09802992809503679,55
2967,1,5994,2196,3798,0,0,0,1.0,1,1.0,1,1.0,1,0.1384958731597518,56
2968,2,5996,2196,3800,0,0,0,1.0,1,1.0,1,1.0,1,0.13865654118307735,56
2969,2,5998,2197,3801,0,0,0,1.0,1,1.0,1,1.0,1,0.14700302631682513,55
2970,2,6000,2198,3802,0,0,0,1.0,1,1.0,1,1.0,1,0.14507913358442925,57
2971,1,6001,2199,3802,0,0,0,1.0,1,1.0,1,1.0,1,0.14474536634701765,56
2972,2,6003,2200,3803,0,0,0,1.0,1,1.0,1,1.0,1,0.14493096281088413,57
2973,5,6008,2201,3807,0,0,0,1.0,1,1.0,1,1.0,1,0.11067853990401748,59
2974,2,6010,2202,3808,0,0,0,1.0,1,1.0,1,1.0,1,0.09992423943202425,60
2975,2,6012,2203,3809,0,0,0,1.0,1,1.0,1,1.0,1,0.1254690609389619,58
2976,2,6014,2204,3810,0,0,0,1.0,1,1.0,1,1.0,1,0.15510101342501606,59
2977,7,6021,2205,3816,0,0,0,1.0,1,1.0,1,1.0,1,0.10649949381121207,59
2978,4,6025,2206,3819,0,0,0,1.0,1,1.0,1,1.0,1,0.12290755978218044,58
2979,3,6028,2208,3820,0,0,0,1.0,1,1.0,1,1.0,1,0.107551119706163,57
2980,2,6030,2210,3820,0,0,0,1.0,1,1.0,1,1.0,1,0.1364038918464287,56
2981,2,6032,2211,3821,0,0,0,1.0,1,1.0,1,1.0,1,0.14783317609696445,56
2982,2,6034,2212,3822,0,0,0,1.0,1,1.0,1,1.0,1,0.15831791818445254,57
2983,4,6038,2213,3825,0,0,0,1.0,1,1.0,1,1.0,1,0.13079599151439936,57
2984,1,6039,2214,3825,0,0,0,1.0,1,1.0,1,1.0,1,0.10472306908468314,56
2985,6,6045,2215,3830,0,0,0,1.0,1,1.0,1,1.0,1,0.07012777137947472,55
2986,2,6047,2217,3830,0,0,0,1.0,1,1.0,1,1.0,1,0.09227703975833809,55
2987,0,6047,2217,3830,0,0,0,1.0,1,1.0,1,1.0,1,0.15199453757859094,51
2988,3,6050,2218,3832,0,0,0,1.0,1,1.0,1,1.0,1,0.11149395917166396,52
2989,5,6055,2218,3837,0,0,0,1.0,1,1.0,1,1.0,1,0.05801819738037687,50
2990,3,6058,2220,3838,0,0,0,1.0,1,1.0,1,1.0,1,0.09707076246304798,50
2991,2,6060,2220,3840,0,0,0,1.0,1,1.0,1,1.0,1,0.07029041894490766,50
2992,1,6061,2220,3841,0,0,0,1.0,1,1.0,1,1.0,1,0.05100346708913787,50
2993,2,6063,2220,3843,0,0,0,1.0,1,1.0,1,1.0,1,0.051177930864666696,51
2994,2,6065,2222,3843,0,0,0,1.0,1,1.0,1,1.0,1,0.11583729067918586,51
2995,0,6065,2222,3843,0,0,0,1.0,1,1.0,1,1.0,1,0.11245846596509569,51
2996,2,6067,2223,3844,0,0,0,1.0,1,1.0,1,1.0,1,0.12996143779512748,52
2997,7,6074,2225,3849,0,0,0,1.0,1,1.0,1,1.0,1,0.06825383424846425,52
2998,0,6074,2225,3849,0,0,0,1.0,1,1.0,1,1.0,1,0.0840052238040397,51
2999,0,6074,2225,3849,0,0,0,1.0,1,1.0,1,1.0,1,0.0840052238040397,51
3000,2,6076,2227,3849,0,0,0,1.0,1,1.0,1,1.0,1,0.07779364216619576,52
3001,1,6077,2227,3850,0,0,0,1.0,1,1.0,1,1.0,1,0.06306548521072189,52
3002,1,6078,2228,3850,0,0,0,1.0,1,1.0,1,1.0,1,0.10305649245249257,53
3003,1,6079,2228,3851,0,0,0,1.0,1,1.0,1,1.0,1,0.09623257661043146,54
3004,0,6079,2228,3851,0,0,0,1.0,1,1.0,1,1.0,1,0.10613264975120422,55
3005,1,6080,2228,3852,0,0,0,1.0,1,1.0,1,1.0,1,0.11181843689299409,56
3006,1,6081,2229,3852,0,0,0,1.0,1,1.0,1,1.0,1,0.13711058659755332,57
3007,3,6084,2229,3855,0,0,0,1.0,1,1.0,1,1.0,1,0.13943570512093378,58
3008,2,6086,2230,3856,0,0,0,1.0,1,1.0,1,1.0,1,0.12718202524898858,59
3009,0,6086,2230,3856,0,0,0,1.0,1,1.0,1,1.0,1,0.12718202524898858,59
3010,3,6089,2231,3858,0,0,0,1.0,1,1.0,1,1.0,1,0.08272653848341444,59
3011,1,6090,2232,3858,0,0,0,1.0,1,1.0,1,1.0,1,0.09608935814576312,59
3012,1,6091,2233,3858,0,0,0,1.0,1,1.0,1,1.0,1,0.13320394874393682,61
3013,5,6096,2234,3862,0,0,0,1.0,1,1.0,1,1.0,1,0.11825097560331613,59
3014,1,6097,2234,3863,0,0,0,1.0,1,1.0,1,1.0,1,0.12447708069040905,60
3015,1,6098,2234,3864,0,0,0,1.0,1,1.0,1,1.0,1,0.11062694545825774,58
3016,2,6100,2235,3865,0,0,0,1.0,1,1.0,1,1.0,1,0.11706969806663285,57
3017,5,6105,2239,3866,0,0,0,1.0,1,1.0,1,1.0,1,0.14728598136970464,58
3018,1,6106,2239,3867,0,0,0,1.0,1,1.0,1,1.0,1,0.1636541552362005,55
3019,2,6108,2240,3868,0,0,0,1.0,1,1.0,1,1.0,1,0.17424951208653164,56
3020,1,6109,2240,3869,0,0,0,1.0,1,1.0,1,1.0,1,0.23641377006306946,55
3021,6,6115,2241,3874,0,0,0,1.0,1,1.0,1,1.0,1,0.17277439867761482,55
3022,2,6117,2242,3875,0,0,0,1.0,1,1.0,1,1.0,1,0.18600841922955094,55
3023,2,6119,2243,3876,0,0,0,1.0,1,1.0,1,1.0,1,0.15690565863294192,54
3024,2,6121,2244,3877,0,0,0,1.0,1,1.0,1,1.0,1,0.17030789087701756,54
3025,6,6127,2248,3879,0,0,0,1.0,1,1.0,1,1.0,1,0.17142710103378458,54
3026,1,6128,2248,3880,0,0,0,1.0,1,1.0,1,1.0,1,0.1604476741535694,53
3027,4,6132,2250,3882,0,0,0,1.0,1,1.0,1,1.0,1,0.14429250220976564,53
3028,2,6134,2252,3882,0,0,0,1.0,1,1.0,1,1.0,1,0.16515385594488025,51
3029,7,6141,2253,3888,0,0,0,1.0,1,1.0,1,1.0,1,0.09913840898249515,51
3030,2,6143,2255,3888,0,0,0,1.0,1,1.0,1,1.0,1,0.10289963895457056,52
3031,2,6145,2257,3888,0,0,0,1.0,1,1.0,1,1.0,1,0.12462539466330476,51
3032,2,6147,2257,3890,0,0,0,1.0,1,1.0,1,1.0,1,0.0926433937872114,50
3033,3,6150,2258,3892,0,0,0,1.0,1,1.0,1,1.0,1,0.07784009972909509,52
3034,0,6150,2258,3892,0,0,0,1.0,1,1.0,1,1.0,1,0.0671457302779571,51
3035,0,6150,2258,3892,0,0,0,1.0,1,1.0,1,1.0,1,0.06813717253820895,51
3036,0,6150,2258,3892,0,0,0,1.0,1,1.0,1,1.0,1,0.0883232244347216,53
3037,0,6150,2258,3892,0,0,0,1.0,1,1.0,1,1.0,1,0.09124337605058691,52
3038,1,6151,2259,3892,0,0,0,1.0,1,1.0,1,1.0,1,0.09404702823025,52
3039,2,6153,2259,3894,0,0,0,1.0,1,1.0,1,1.0,1,0.07031467972283369,54
3040,0,6153,2259,3894,0,0,0,1.0,1,1.0,1,1.0,1,0.0724713492662087,55
3041,2,6155,2260,3895,0,0,0,1.0,1,1.0,1,1.0,1,0.098844030753259,56
3042,2,6157,2261,3896,0,0,0,1.0,1,1.0,1,1.0,1,0.08916112182160749,56
3043,0,6157,2261,3896,0,0,0,1.0,1,1.0,1,1.0,1,0.07750961578948588,57
3044,4,6161,2263,3898,0,0,0,1.0,1,1.0,1,1.0,1,0.08309478734227839,57
3045,3,6164,2264,3900,0,0,0,1.0,1,1.0,1,1.0,1,0.10460327668166002,56
3046,1,6165,2265,3900,0,0,0,1.0,1,1.0,1,1.0,1,0.09182913867840943,57
3047,0,6165,2265,3900,0,0,0,1.0,1,1.0,1,1.0,1,0.10787363540613508,56
3048,4,6169,2266,3903,0,0,0,1.0,1,1.0,1,1.0,1,0.09287239534265447,58
3049,3,6172,2266,3906,0,0,0,1.0,1,1.0,1,1.0,1,0.09863656944811904,59
3050,4,6176,2266,3910,0,0,0,1.0,1,1.0,1,1.0,1,0.10022476829461889,60
3051,4,6180,2267,3913,0,0,0,1.0,1,1.0,1,1.0,1,0.14642295621994786,59
3052,3,6183,2268,3915,0,0,0,1.0,1,1.0,1,1.0,1,0.1542680067888462,58
3053,6,6189,2269,3920,0,0,0,1.0,1,1.0,1,1.0,1,0.0891076912529318,57
3054,2,6191,2271,3920,0,0,0,1.0,1,1.0,1,1.0,1,0.14393642199486964,55
3055,2,6193,2271,3922,0,0,0,1.0,1,1.0,1,1.0,1,0.11683231802426187,54
3056,3,6196,2273,3923,0,0,0,1.0,1,1.0,1,1.0,1,0.16212015757059658,55
3057,3,6199,2273,3926,0,0,0,1.0,1,1.0,1,1.0,1,0.1563437607823656,54
3058,1,6200,2273,3927,0,0,0,1.0,1,1.0,1,1.0,1,0.18864495409923693,55
3059,1,6201,2273,3928,0,0,0,1.0,1,1.0,1,1.0,1,0.17059504465153644,56
3060,0,6201,2273,3928,0,0,0,1.0,1,1.0,1,1.0,1,0.17059504465153644,56
3061,1,6202,2273,3929,0,0,0,1.0,1,1.0,1,1.0,1,0.16365306174459396,56
3062,6,6208,2276,3932,0,0,0,1.0,1,1.0,1,1.0,1,0.18623957864172017,57
3063,1,6209,2277,3932,0,0,0,1.0,1,1.0,1,1.0,1,0.16263978125518344,55
3064,5,6214,2279,3935,0,0,0,1.0,1,1.0,1,1.0,1,0.20485940269390793,56
3065,8,6222,2280,3942,0,0,0,1.0,1,1.0,1,1.0,1,0.182465317232656,55
3066,2,6224,2282,3942,0,0,0,1.0,1,1.0,1,1.0,1,0.16957794737830875,55
3067,4,6228,2283,3945,0,0,0,1.0,1,1.0,1,1.0,1,0.14893731196035218,54
3068,2,6230,2283,3947,0,0,0,1.0,1,1.0,1,1.0,1,0.18083804663103856,53
3069,4,6234,2285,3949,0,0,0,1.0,1,1.0,1,1.0,1,0.13126406465405643,51
3070,2,6236,2285,3951,0,0,0,1.0,1,1.0,1,1.0,1,0.12025151417304039,50
3071,0,6236,2285,3951,0,0,0,1.0,1,1.0,1,1.0,1,0.10292647533785838,51
3072,1,6237,2286,3951,0,0,0,1.0,1,1.0,1,1.0,1,0.10974167185559343,53
3073,1,6238,2286,3952,0,0,0,1.0,1,1.0,1,1.0,1,0.11009207997325629,51
3074,1,6239,2287,3952,0,0,0,1.0,1,1.0,1,1.0,1,0.11811774975917025,50
3075,0,6239,2287,3952,0,0,0,1.0,1,1.0,1,1.0,1,0.14305488793343904,52
3076,3,6242,2288,3954,0,0,0,1.0,1,1.0,1,1.0,1,0.19103539601554964,53
3077,3,6245,2288,3957,0,0,0,1.0,1,1.0,1,1.0,1,0.13419162373164575,52
3078,3,6248,2289,3959,0,0,0,1.0,1,1.0,1,1.0,1,0.15563867363879338,53
3079,2,6250,2290,3960,0,0,0,1.0,1,1.0,1,1.0,1,0.16706005176091426,53
3080,3,6253,2291,3962,0,0,0,1.0,1,1.0,1,1.0,1,0.1996078700223008,52
3081,2,6255,2292,3963,0,0,0,1.0,1,1.0,1,1.0,1,0.20328250454069066,54
3082,3,6258,2295,3963,0,0,0,1.0,1,1.0,1,1.0,1,0.25442016590738536,54
3083,0,6258,2295,3963,0,0,0,1.0,1,1.0,1,1.0,1,0.25442016590738536,54
3084,2,6260,2297,3963,0,0,0,1.0,1,1.0,1,1.0,1,0.28829183030947597,55
3085,14,6274,2299,3975,0,0,0,1.0,1,1.0,1,1.0,1,0.22174821625124078,55
3086,4,6278,2299,3979,0,0,0,1.0,1,1.0,1,1.0,1,0.1796776137994401,56
3087,2,6280,2299,3981,0,0,0,1.0,1,1.0,1,1.0,1,0.21393699872888805,57
3088,2,6282,2299,3983,0,0,0,1.0,1,1.0,1,1.0,1,0.20296415581821706,56
3089,6,6288,2300,3988,0,0,0,1.0,1,1.0,1,1.0,1,0.204727439088227,55
3090,1,6289,2300,3989,0,0,0,1.0,1,1.0,1,1.0,1,0.23665877045198216,54
3091,2,6291,2300,3991,0,0,0,1.0,1,1.0,1,1.0,1,0.25478843647488664,53
3092,3,6294,2300,3994,0,0,0,1.0,1,1.0,1,1.0,1,0.17568837164081322,56
3093,0,6294,2300,3994,0,0,0,1.0,1,1.0,1,1.0,1,0.17568837164081322,56
3094,0,6294,2300,3994,0,0,0,1.0,1,1.0,1,1.0,1,0.19201033495401637,58
3095,1,6295,2300,3995,0,0,0,1.0,1,1.0,1,1.0,1,0.17152306015610305,59
3096,0,6295,2300,3995,0,0,0,1.0,1,1.0,1,1.0,1,0.17950615048221147,60
3097,2,6297,2300,3997,0,0,0,1.0,1,1.0,1,1.0,1,0.1901265316402443,60
3098,0,6297,2300,3997,0,0,0,1.0,1,1.0,1,1.0,1,0.20916391824442016,58
3099,0,6297,2300,3997,0,0,0,1.0,1,1.0,1,1.0,1,0.21829006078494564,57
3100,0,6297,2300,3997,0,0,0,1.0,1,1.0,1,1.0,1,0.21829006078494564,57
3101,2,6299,2300,3999,0,0,0,1.0,1,1.0,1,1.0,1,0.1960319753656473,58
3102,3,6302,2301,4001,0,0,0,1.0,1,1.0,1,1.0,1,0.22924326056654568,59
3103,7,6309,2302,4007,0,0,0,1.0,1,1.0,1,1.0,1,0.1568032881697854,58
3104,8,6317,2304,4013,0,0,0,1.0,1,1.0,1,1.0,1,0.11577425421782063,58
3105,3,6320,2305,4015,0,0,0,1.0,1,1.0,1,1.0,1,0.08720409725236543,56
3106,3,6323,2307,4016,0,0,0,1.0,1,1.0,1,1.0,1,0.09201322673168855,57
3107,2,6325,2308,4017,0,0,0,1.0,1,1.0,1,1.0,1,0.08092195129882519,55
3108,3,6328,2310,4018,0,0,0,1.0,1,1.0,1,1.0,1,0.0903893897071085,55
3109,2,6330,2312,4018,0,0,0,1.0,1,1.0,1,1.0,1,0.10186153103595295,54
3110,3,6333,2314,4019,0,0,0,1.0,1,1.0,1,1.0,1,0.12679981391031056,54
3111,1,6334,2315,4019,0,0,0,1.0,1,1.0,1,1.0,1,0.15963133769366458,54
3112,8,6342,2318,4024,0,0,0,1.0,1,1.0,1,1.0,1,0.1974689766225905,56
3113,9,6351,2321,4030,0,0,0,1.0,1,1.0,1,1.0,1,0.1817987734056827,55
3114,5,6356,2322,4034,0,0,0,1.0,1,1.0,1,1.0,1,0.1815715093079313,54
3115,5,6361,2322,4039,0,0,0,1.0,1,1.0,1,1.0,1,0.15780394657119132,56
3116,7,6368,2324,4044,0,0,0,1.0,1,1.0,1,1.0,1,0.1889627133750556,56
3117,9,6377,2324,4053,0,0,0,1.0,1,1.0,1,1.0,1,0.12888860633707036,58
3118,2,6379,2324,4055,0,0,0,1.0,1,1.0,1,1.0,1,0.12638818210967773,57
3119,1,6380,2324,4056,0,0,0,1.0,1,1.0,1,1.0,1,0.12400557663108817,57
3120,0,6380,2324,4056,0,0,0,1.0,1,1.0,1,1.0,1,0.13712807078287853,56
3121,6,6386,2324,4062,0,0,0,1.0,1,1.0,1,1.0,1,0.07196302567444617,57
3122,0,6386,2324,4062,0,0,0,1.0,1,1.0,1,1.0,1,0.07196302567444617,57
3123,0,6386,2324,4062,0,0,0,1.0,1,1.0,1,1.0,1,0.07196302567444617,57
3124,1,6387,2324,4063,0,0,0,1.0,1,1.0,1,1.0,1,0.055794737732903575,59
3125,2,6389,2326,4063,0,0,0,1.0,1,1.0,1,1.0,1,0.06569059406756315,61
3126,2,6391,2327,4064,0,0,0,1.0,1,1.0,1,1.0,1,0.10578470461049162,60
3127,0,6391,2327,4064,0,0,0,1.0,1,1.0,1,1.0,1,0.08409231882794847,58
3128,1,6392,2328,4064,0,0,0,1.0,1,1.0,1,1.0,1,0.11415410924020966,58
3129,3,6395,2328,4067,0,0,0,1.0,1,1.0,1,1.0,1,0.08320737913996153,56
3130,2,6397,2328,4069,0,0,0,1.0,1,1.0,1,1.0,1,0.09825519122060755,56
3131,2,6399,2329,4070,0,0,0,1.0,1,1.0,1,1.0,1,0.13323085369821192,55
3132,1,6400,2329,4071,0,0,0,1.0,1,1.0,1,1.0,1,0.11489166138574157,53
3133,5,6405,2330,4075,0,0,0,1.0,1,1.0,1,1.0,1,0.07550355709050936,52
3134,2,6407,2330,4077,0,0,0,1.0,1,1.0,1,1.0,1,0.09586925200153681,52
3135,1,6408,2331,4077,0,0,0,1.0,1,1.0,1,1.0,1,0.12691565892320783,53
3136,4,6412,2333,4079,0,0,0,1.0,1,1.0,1,1.0,1,0.14770223179725148,54
3137,6,6418,2335,4083,0,0,0,1.0,1,1.0,1,1.0,1,0.09725148386184687,55
3138,7,6425,2337,4088,0,0,0,1.0,1,1.0,1,1.0,1,0.13996020969186762,57
3139,4,6429,2339,4090,0,0,0,1.0,1,1.0,1,1.0,1,0.1337995955610116,56
3140,4,6433,2339,4094,0,0,0,1.0,1,1.0,1,1.0,1,0.1061147083551059,56
3141,2,6435,2340,4095,0,0,0,1.0,1,1.0,1,1.0,1,0.12381402973760956,56
3142,1,6436,2341,4095,0,0,0,1.0,1,1.0,1,1.0,1,0.11837282499957412,56
3143,0,6436,2341,4095,0,0,0,1.0,1,1.0,1,1.0,1,0.11837282499957412,56
3144,0,6436,2341,4095,0,0,0,1.0,1,1.0,1,1.0,1,0.13279830113087904,54
3145,6,6442,2343,4099,0,0,0,1.0,1,1.0,1,1.0,1,0.09293826461221899,55
3146,2,6444,2344,4100,0,0,0,1.0,1,1.0,1,1.0,1,0.09130864567798871,53
3147,0,6444,2344,4100,0,0,0,1.0,1,1.0,1,1.0,1,0.1076323186305884,54
3148,2,6446,2344,4102,0,0,0,1.0,1,1.0,1,1.0,1,0.09050833264104412,54
3149,1,6447,2344,4103,0,0,0,1.0,1,1.0,1,1.0,1,0.08490948003480789,53
3150,0,6447,2344,4103,0,0,0,1.0,1,1.0,1,1.0,1,0.08490948003480789,53
3151,2,6449,2344,4105,0,0,0,1.0,1,1.0,1,1.0,1,0.09310033729458841,53
3152,0,6449,2344,4105,0,0,0,1.0,1,1.0,1,1.0,1,0.08043964613231168,54
3153,3,6452,2345,4107,0,0,0,1.0,1,1.0,1,1.0,1,0.07042089934556314,53
3154,1,6453,2346,4107,0,0,0,1.0,1,1.0,1,1.0,1,0.0704777794618945,55
3155,0,6453,2346,4107,0,0,0,1.0,1,1.0,1,1.0,1,0.07615062985147958,56
3156,1,6454,2347,4107,0,0,0,1.0,1,1.0,1,1.0,1,0.12009768926926341,56
3157,2,6456,2347,4109,0,0,0,1.0,1,1.0,1,1.0,1,0.09105337337533224,56
3158,2,6458,2347,4111,0,0,0,1.0,1,1.0,1,1.0,1,0.04666038284553891,57
3159,1,6459,2347,4112,0,0,0,1.0,1,1.0,1,1.0,1,0.05279668179497754,56
3160,3,6462,2348,4114,0,0,0,1.0,1,1.0,1,1.0,1,0.08553814127718633,58
3161,1,6463,2349,4114,0,0,0,1.0,1,1.0,1,1.0,1,0.09479283186889345,59
3162,0,6463,2349,4114,0,0,0,1.0,1,1.0,1,1.0,1,0.09479283186889345,59
3163,4,6467,2351,4116,0,0,0,1.0,1,1.0,1,1.0,1,0.11699262160326414,59
3164,3,6470,2352,4118,0,0,0,1.0,1,1.0,1,1.0,1,0.10455575337456018,60
3165,5,6475,2353,4122,0,0,0,1.0,1,1.0,1,1.0,1,0.0928084442846312,58
3166,0,6475,2353,4122,0,0,0,1.0,1,1.0,1,1.0,1,0.0847142480197821,59
3167,1,6476,2354,4122,0,0,0,1.0,1,1.0,1,1.0,1,0.09322500537671935,57
3168,3,6479,2355,4124,0,0,0,1.0,1,1.0,1,1.0,1,0.10364623238096228,58
3169,3,6482,2356,4126,0,0,0,1.0,1,1.0,1,1.0,1,0.07302440811100015,57
3170,2,6484,2357,4127,0,0,0,1.0,1,1.0,1,1.0,1,0.07544164669932822,55
3171,4,6488,2361,4127,0,0,0,1.0,1,1.0,1,1.0,1,0.1586405995742458,56
3172,4,6492,2363,4129,0,0,0,1.0,1,1.0,1,1.0,1,0.12418100768461085,54
3173,4,6496,2365,4131,0,0,0,1.0,1,1.0,1,1.0,1,0.11512611650440636,53
3174,5,6501,2366,4135,0,0,0,1.0,1,1.0,1,1.0,1,0.13978288192553098,53
3175,0,6501,2366,4135,0,0,0,1.0,1,1.0,1,1.0,1,0.12705392577905555,52
3176,4,6505,2369,4136,0,0,0,1.0,1,1.0,1,1.0,1,0.1706234428917154,53
3177,5,6510,2370,4140,0,0,0,1.0,1,1.0,1,1.0,1,0.10618388558010558,52
3178,4,6514,2372,4142,0,0,0,1.0,1,1.0,1,1.0,1,0.09263171206279845,53
3179,3,6517,2372,4145,0,0,0,1.0,1,1.0,1,1.0,1,0.11332436047488836,54
3180,2,6519,2372,4147,0,0,0,1.0,1,1.0,1,1.0,1,0.10202116179792803,54
3181,2,6521,2372,4149,0,0,0,1.0,1,1.0,1,1.0,1,0.07387071968682535,55
3182,0,6521,2372,4149,0,0,0,1.0,1,1.0,1,1.0,1,0.08878828141960353,54
3183,1,6522,2372,4150,0,0,0,1.0,1,1.0,1,1.0,1,0.09786988979749216,56
3184,4,6526,2374,4152,0,0,0,1.0,1,1.0,1,1.0,1,0.12732064364325085,54
3185,5,6531,2375,4156,0,0,0,1.0,1,1.0,1,1.0,1,0.0685056301436878,53
3186,6,6537,2377,4160,0,0,0,1.0,1,1.0,1,1.0,1,0.11350069092359472,52
3187,0,6537,2377,4160,0,0,0,1.0,1,1.0,1,1.0,1,0.10937236280539221,50
3188,6,6543,2379,4164,0,0,0,1.0,1,1.0,1,1.0,1,0.1464575027455375,50
3189,2,6545,2379,4166,0,0,0,1.0,1,1.0,1,1.0,1,0.14711382513019503,49
3190,2,6547,2379,4168,0,0,0,1.0,1,1.0,1,1.0,1,0.12548503103132877,50
3191,2,6549,2381,4168,0,0,0,1.0,1,1.0,1,1.0,1,0.16391623794147886,49
3192,0,6549,2381,4168,0,0,0,1.0,1,1.0,1,1.0,1,0.16391623794147886,49
3193,0,6549,2381,4168,0,0,0,1.0,1,1.0,1,1.0,1,0.15874465085781442,49
3194,4,6553,2384,4169,0,0,0,1.0,1,1.0,1,1.0,1,0.1768250742471678,50
3195,2,6555,2384,4171,0,0,0,1.0,1,1.0,1,1.0,1,0.17237771294612084,49
3196,0,6555,2384,4171,0,0,0,1.0,1,1.0,1,1.0,1,0.17237771294612084,49
3197,2,6557,2384,4173,0,0,0,1.0,1,1.0,1,1.0,1,0.11511408147390667,50
3198,3,6560,2385,4175,0,0,0,1.0,1,1.0,1,1.0,1,0.12427745466270608,50
3199,4,6564,2385,4179,0,0,0,1.0,1,1.0,1,1.0,1,0.11639793763021758,52
3200,2,6566,2386,4180,0,0,0,1.0,1,1.0,1,1.0,1,0.1407042582244734,53
3201,3,6569,2386,4183,0,0,0,1.0,1,1.0,1,1.0,1,0.10576189967546956,55
3202,2,6571,2388,4183,0,0,0,1.0,1,1.0,1,1.0,1,0.12003427645994377,55
3203,0,6571,2388,4183,0,0,0,1.0,1,1.0,1,1.0,1,0.11718578357408706,53
3204,2,6573,2388,4185,0,0,0,1.0,1,1.0,1,1.0,1,0.13485110998121702,53
3205,3,6576,2389,4187,0,0,0,1.0,1,1.0,1,1.0,1,0.09960022234154084,53
3206,0,6576,2389,4187,0,0,0,1.0,1,1.0,1,1.0,1,0.11230855613045719,52
3207,3,6579,2391,4188,0,0,0,1.0,1,1.0,1,1.0,1,0.12940318739270248,53
3208,0,6579,2391,4188,0,0,0,1.0,1,1.0,1,1.0,1,0.16410195581463002,51
3209,3,6582,2391,4191,0,0,0,1.0,1,1.0,1,1.0,1,0.1385238886253991,52
3210,0,6582,2391,4191,0,0,0,1.0,1,1.0,1,1.0,1,0.16373199123286594,49
3211,3,6585,2394,4191,0,0,0,1.0,1,1.0,1,1.0,1,0.23503950653029038,48
3212,2,6587,2396,4191,0,0,0,1.0,1,1.0,1,1.0,1,0.21275628712323022,48
3213,8,6595,2397,4198,0,0,0,1.0,1,1.0,1,1.0,1,0.12243957499861359,49
3214,3,6598,2398,4200,0,0,0,1.0,1,1.0,1,1.0,1,0.11201825028538734,51
3215,5,6603,2398,4205,0,0,0,1.0,1,1.0,1,1.0,1,0.11429586814816718,51
3216,6,6609,2399,4210,0,0,0,1.0,1,1.0,1,1.0,1,0.1058167435505483,51
3217,4,6613,2400,4213,0,0,0,1.0,1,1.0,1,1.0,1,0.09710536602035744,51
3218,0,6613,2400,4213,0,0,0,1.0,1,1.0,1,1.0,1,0.09710536602035744,51
3219,0,6613,2400,4213,0,0,0,1.0,1,1.0,1,1.0,1,0.11420248796273771,52
3220,0,6613,2400,4213,0,0,0,1.0,1,1.0,1,1.0,1,0.11420248796273771,52
3221,1,6614,2400,4214,0,0,0,1.0,1,1.0,1,1.0,1,0.09646222349065099,54
3222,1,6615,2400,4215,0,0,0,1.0,1,1.0,1,1.0,1,0.08717986222668474,54
3223,0,6615,2400,4215,0,0,0,1.0,1,1.0,1,1.0,1,0.10327290325355291,56
3224,1,6616,2401,4215,0,0,0,1.0,1,1.0,1,1.0,1,0.12244055932836016,57
3225,2,6618,2401,4217,0,0,0,1.0,1,1.0,1,1.0,1,0.11743977404571326,58
3226,0,6618,2401,4217,0,0,0,1.0,1,1.0,1,1.0,1,0.11743977404571326,58
3227,0,6618,2401,4217,0,0,0,1.0,1,1.0,1,1.0,1,0.11743977404571326,58
3228,0,6618,2401,4217,0,0,0,1.0,1,1.0,1,1.0,1,0.11743977404571326,58
3229,1,6619,2401,4218,0,0,0,1.0,1,1.0,1,1.0,1,0.12013555823108979,60
3230,0,6619,2401,4218,0,0,0,1.0,1,1.0,1,1.0,1,0.11688248804816058,61
3231,1,6620,2402,4218,0,0,0,1.0,1,1.0,1,1.0,1,0.13559138559092773,61
3232,0,6620,2402,4218,0,0,0,1.0,1,1.0,1,1.0,1,0.13559138559092773,61
3233,4,6624,2402,4222,0,0,0,1.0,1,1.0,1,1.0,1,0.09599824740207544,63
3234,1,6625,2403,4222,0,0,0,1.0,1,1.0,1,1.0,1,0.13239096963898528,64
3235,1,6626,2403,4223,0,0,0,1.0,1,1.0,1,1.0,1,0.12586787037728014,65
3236,1,6627,2403,4224,0,0,0,1.0,1,1.0,1,1.0,1,0.12691209413710813,66
3237,1,6628,2403,4225,0,0,0,1.0,1,1.0,1,1.0,1,0.11403949933468824,67
3238,0,6628,2403,4225,0,0,0,1.0,1,1.0,1,1.0,1,0.11403949933468824,67
3239,0,6628,2403,4225,0,0,0,1.0,1,1.0,1,1.0,1,0.1320116618785877,69
3240,0,6628,2403,4225,0,0,0,1.0,1,1.0,1,1.0,1,0.1320116618785877,69
3241,4,6632,2406,4226,0,0,0,1.0,1,1.0,1,1.0,1,0.12674523972945223,68
3242,0,6632,2406,4226,0,0,0,1.0,1,1.0,1,1.0,1,0.1283636271232795,67
3243,3,6635,2408,4227,0,0,0,1.0,1,1.0,1,1.0,1,0.13461260807924014,68
3244,5,6640,2408,4232,0,0,0,1.0,1,1.0,1,1.0,1,0.08569063156423244,68
3245,2,6642,2408,4234,0,0,0,1.0,1,1.0,1,1.0,1,0.07762202551023378,69
3246,1,6643,2409,4234,0,0,0,1.0,1,1.0,1,1.0,1,0.08555173042975986,68
3247,1,6644,2409,4235,0,0,0,1.0,1,1.0,1,1.0,1,0.07633334198763582,68
3248,4,6648,2412,4236,0,0,0,1.0,1,1.0,1,1.0,1,0.08989356725216117,68
3249,2,6650,2412,4238,0,0,0,1.0,1,1.0,1,1.0,1,0.06422737224228368,69
3250,1,6651,2412,4239,0,0,0,1.0,1,1.0,1,1.0,1,0.049098025910773106,69
3251,1,6652,2413,4239,0,0,0,1.0,1,1.0,1,1.0,1,0.08467846715770988,68
3252,0,6652,2413,4239,0,0,0,1.0,1,1.0,1,1.0,1,0.0771802300468362,68
3253,0,6652,2413,4239,0,0,0,1.0,1,1.0,1,1.0,1,0.09155175486348929,69
3254,0,6652,2413,4239,0,0,0,1.0,1,1.0,1,1.0,1,0.09155175486348929,69
3255,2,6654,2413,4241,0,0,0,1.0,1,1.0,1,1.0,1,0.0814206639017634,70
3256,4,6658,2414,4244,0,0,0,1.0,1,1.0,1,1.0,1,0.08657166461070127,70
3257,1,6659,2414,4245,0,0,0,1.0,1,1.0,1,1.0,1,0.08798278541048658,71
3258,1,6660,2415,4245,0,0,0,1.0,1,1.0,1,1.0,1,0.08442035826648081,72
3259,1,6661,2416,4245,0,0,0,1.0,1,1.0,1,1.0,1,0.10703842535168824,71
3260,0,6661,2416,4245,0,0,0,1.0,1,1.0,1,1.0,1,0.1269287652073354,72
3261,5,6666,2417,4249,0,0,0,1.0,1,1.0,1,1.0,1,0.12102009172998042,74
3262,7,6673,2419,4254,0,0,0,1.0,1,1.0,1,1.0,1,0.09842860141972229,73
3263,2,6675,2421,4254,0,0,0,1.0,1,1.0,1,1.0,1,0.1138733929540142,73
3264,3,6678,2422,4256,0,0,0,1.0,1,1.0,1,1.0,1,0.1433432911809457,71
3265,5,6683,2423,4260,0,0,0,1.0,1,1.0,1,1.0,1,0.11453983226858233,70
3266,4,6687,2427,4260,0,0,0,1.0,1,1.0,1,1.0,1,0.12987672443709605,69
3267,3,6690,2428,4262,0,0,0,1.0,1,1.0,1,1.0,1,0.12058240117346372,69
3268,1,6691,2429,4262,0,0,0,1.0,1,1.0,1,1.0,1,0.13650293054964635,68
3269,7,6698,2430,4268,0,0,0,1.0,1,1.0,1,1.0,1,0.10461477705660122,68
3270,2,6700,2430,4270,0,0,0,1.0,1,1.0,1,1.0,1,0.10816624077964641,67
3271,0,6700,2430,4270,0,0,0,1.0,1,1.0,1,1.0,1,0.10370697562215903,66
3272,2,6702,2430,4272,0,0,0,1.0,1,1.0,1,1.0,1,0.09758175853558394,67
3273,4,6706,2430,4276,0,0,0,1.0,1,1.0,1,1.0,1,0.07727371925900553,66
3274,1,6707,2431,4276,0,0,0,1.0,1,1.0,1,1.0,1,0.10788342787716049,68
3275,2,6709,2432,4277,0,0,0,1.0,1,1.0,1,1.0,1,0.10095104836384934,68
3276,2,6711,2432,4279,0,0,0,1.0,1,1.0,1,1.0,1,0.10252904449720435,69
3277,4,6715,2433,4282,0,0,0,1.0,1,1.0,1,1.0,1,0.09647861741924214,68
3278,1,6716,2434,4282,0,0,0,1.0,1,1.0,1,1.0,1,0.11217024117069554,69
3279,1,6717,2435,4282,0,0,0,1.0,1,1.0,1,1.0,1,0.13189360096788963,67
3280,3,6720,2436,4284,0,0,0,1.0,1,1.0,1,1.0,1,0.12292932649680839,66
3281,6,6726,2438,4288,0,0,0,1.0,1,1.0,1,1.0,1,0.12368118854821812,67
3282,0,6726,2438,4288,0,0,0,1.0,1,1.0,1,1.0,1,0.13003496904807363,66
3283,2,6728,2439,4289,0,0,0,1.0,1,1.0,1,1.0,1,0.16589493722776094,67
3284,1,6729,2439,4290,0,0,0,1.0,1,1.0,1,1.0,1,0.13642502725348438,66
3285,5,6734,2439,4295,0,0,0,1.0,1,1.0,1,1.0,1,0.10403132684869623,66
3286,0,6734,2439,4295,0,0,0,1.0,1,1.0,1,1.0,1,0.1157745092392532,63
3287,2,6736,2441,4295,0,0,0,1.0,1,1.0,1,1.0,1,0.16713845144177483,61
3288,0,6736,2441,4295,0,0,0,1.0,1,1.0,1,1.0,1,0.18160378711964054,63
3289,4,6740,2443,4297,0,0,0,1.0,1,1.0,1,1.0,1,0.19161585827011798,62
3290,0,6740,2443,4297,0,0,0,1.0,1,1.0,1,1.0,1,0.18538081126782593,63
3291,4,6744,2445,4299,0,0,0,1.0,1,1.0,1,1.0,1,0.19739025334937868,62
3292,1,6745,2445,4300,0,0,0,1.0,1,1.0,1,1.0,1,0.18566948083805426,63
3293,6,6751,2445,4306,0,0,0,1.0,1,1.0,1,1.0,1,0.14831038888000173,65
3294,1,6752,2445,4307,0,0,0,1.0,1,1.0,1,1.0,1,0.14536527247094502,65
3295,0,6752,2445,4307,0,0,0,1.0,1,1.0,1,1.0,1,0.14536527247094502,65
3296,0,6752,2445,4307,0,0,0,1.0,1,1.0,1,1.0,1,0.14536527247094502,65
3297,3,6755,2446,4309,0,0,0,1.0,1,1.0,1,1.0,1,0.14949916874921754,66
3298,0,6755,2446,4309,0,0,0,1.0,1,1.0,1,1.0,1,0.14949916874921754,66
3299,2,6757,2446,4311,0,0,0,1.0,1,1.0,1,1.0,1,0.13863896500290393,67
3300,2,6759,2448,4311,0,0,0,1.0,1,1.0,1,1.0,1,0.16952507714807205,67
3301,3,6762,2449,4313,0,0,0,1.0,1,1.0,1,1.0,1,0.17904876626353128,68
3302,0,6762,2449,4313,0,0,0,1.0,1,1.0,1,1.0,1,0.19163082314359897,67
3303,1,6763,2450,4313,0,0,0,1.0,1,1.0,1,1.0,1,0.18885751454135405,67
3304,2,6765,2451,4314,0,0,0,1.0,1,1.0,1,1.0,1,0.19371762985686966,67
3305,9,6774,2451,4323,0,0,0,1.0,1,1.0,1,1.0,1,0.16245521992180723,69
3306,2,6776,2451,4325,0,0,0,1.0,1,1.0,1,1.0,1,0.12734056435822802,70
3307,2,6778,2451,4327,0,0,0,1.0,1,1.0,1,1.0,1,0.11152855263445548,70
3308,1,6779,2451,4328,0,0,0,1.0,1,1.0,1,1.0,1,0.12476035138658623,70
3309,2,6781,2451,4330,0,0,0,1.0,1,1.0,1,1.0,1,0.11551239840433108,72
3310,3,6784,2451,4333,0,0,0,1.0,1,1.0,1,1.0,1,0.10292696692522868,74
3311,0,6784,2451,4333,0,0,0,1.0,1,1.0,1,1.0,1,0.10292696692522868,74
3312,0,6784,2451,4333,0,0,0,1.0,1,1.0,1,1.0,1,0.10292696692522868,74
3313,2,6786,2451,4335,0,0,0,1.0,1,1.0,1,1.0,1,0.09942160470609279,75
3314,1,6787,2451,4336,0,0,0,1.0,1,1.0,1,1.0,1,0.09997872613665407,76
3315,0,6787,2451,4336,0,0,0,1.0,1,1.0,1,1.0,1,0.10902191196611988,75
3316,1,6788,2452,4336,0,0,0,1.0,1,1.0,1,1.0,1,0.12018502042574401,76
3317,2,6790,2453,4337,0,0,0,1.0,1,1.0,1,1.0,1,0.13214311201390425,73
3318,3,6793,2455,4338,0,0,0,1.0,1,1.0,1,1.0,1,0.1584236407133397,72
3319,2,6795,2456,4339,0,0,0,1.0,1,1.0,1,1.0,1,0.16341516727050434,71
3320,1,6796,2456,4340,0,0,0,1.0,1,1.0,1,1.0,1,0.15463307180995547,70
3321,5,6801,2458,4343,0,0,0,1.0,1,1.0,1,1.0,1,0.1764600957951958,69
3322,1,6802,2459,4343,0,0,0,1.0,1,1.0,1,1.0,1,0.16056956162825448,68
3323,2,6804,2460,4344,0,0,0,1.0,1,1.0,1,1.0,1,0.17055041574707347,69
3324,1,6805,2461,4344,0,0,0,1.0,1,1.0,1,1.0,1,0.1667120414021979,69
3325,2,6807,2461,4346,0,0,0,1.0,1,1.0,1,1.0,1,0.16277326969857225,70
3326,6,6813,2464,4349,0,0,0,1.0,1,1.0,1,1.0,1,0.1523561362702846,69
3327,2,6815,2465,4350,0,0,0,1.0,1,1.0,1,1.0,1,0.16085413380645522,70
3328,4,6819,2465,4354,0,0,0,1.0,1,1.0,1,1.0,1,0.144777482759721,73
3329,2,6821,2466,4355,0,0,0,1.0,1,1.0,1,1.0,1,0.17893176684139755,72
3330,4,6825,2467,4358,0,0,0,1.0,1,1.0,1,1.0,1,0.17320383705828785,72
3331,0,6825,2467,4358,0,0,0,1.0,1,1.0,1,1.0,1,0.1764059746461224,72
3332,1,6826,2467,4359,0,0,0,1.0,1,1.0,1,1.0,1,0.1735735026713719,73
3333,5,6831,2467,4364,0,0,0,1.0,1,1.0,1,1.0,1,0.15295306222554741,72
3334,0,6831,2467,4364,0,0,0,1.0,1,1.0,1,1.0,1,0.14590334916255004,73
3335,3,6834,2468,4366,0,0,0,1.0,1,1.0,1,1.0,1,0.15152919021021044,74
3336,1,6835,2468,4367,0,0,0,1.0,1,1.0,1,1.0,1,0.1385347264141996,74
3337,1,6836,2469,4367,0,0,0,1.0,1,1.0,1,1.0,1,0.15887004727578208,74
3338,2,6838,2469,4369,0,0,0,1.0,1,1.0,1,1.0,1,0.14356921612235843,74
3339,1,6839,2470,4369,0,0,0,1.0,1,1.0,1,1.0,1,0.15876587407574486,75
3340,1,6840,2470,4370,0,0,0,1.0,1,1.0,1,1.0,1,0.14630613832561679,75
3341,0,6840,2470,4370,0,0,0,1.0,1,1.0,1,1.0,1,0.15428558157619152,76
3342,1,6841,2470,4371,0,0,0,1.0,1,1.0,1,1.0,1,0.1726255940174694,76
3343,3,6844,2471,4373,0,0,0,1.0,1,1.0,1,1.0,1,0.16190546409367107,75
3344,1,6845,2472,4373,0,0,0,1.0,1,1.0,1,1.0,1,0.17404985810021054,75
3345,6,6851,2474,4377,0,0,0,1.0,1,1.0,1,1.0,1,0.1688978293277742,72
3346,6,6857,2476,4381,0,0,0,1.0,1,1.0,1,1.0,1,0.17115843458794536,73
3347,5,6862,2477,4385,0,0,0,1.0,1,1.0,1,1.0,1,0.15509222356922134,73
3348,3,6865,2477,4388,0,0,0,1.0,1,1.0,1,1.0,1,0.16181005349889713,73
3349,10,6875,2478,4397,0,0,0,1.0,1,1.0,1,1.0,1,0.1276592376375518,74
3350,5,6880,2479,4401,0,0,0,1.0,1,1.0,1,1.0,1,0.1297596148367531,73
3351,2,6882,2480,4402,0,0,0,1.0,1,1.0,1,1.0,1,0.1395468604416176,72
3352,4,6886,2480,4406,0,0,0,1.0,1,1.0,1,1.0,1,0.1460983240828557,72
3353,4,6890,2481,4409,0,0,0,1.0,1,1.0,1,1.0,1,0.14258685807602234,72
3354,2,6892,2482,4410,0,0,0,1.0,1,1.0,1,1.0,1,0.18031431424585603,70
3355,7,6899,2484,4415,0,0,0,1.0,1,1.0,1,1.0,1,0.19852601705395154,69
3356,4,6903,2486,4417,0,0,0,1.0,1,1.0,1,1.0,1,0.2333753404071943,69
3357,7,6910,2486,4424,0,0,0,1.0,1,1.0,1,1.0,1,0.15649625469664416,68
3358,2,6912,2487,4425,0,0,0,1.0,1,1.0,1,1.0,1,0.17023789923635493,68
3359,0,6912,2487,4425,0,0,0,1.0,1,1.0,1,1.0,1,0.18648295192605616,66
3360,1,6913,2488,4425,0,0,0,1.0,1,1.0,1,1.0,1,0.19210106369916896,65
3361,7,6920,2488,4432,0,0,0,1.0,1,1.0,1,1.0,1,0.17499076167138441,64
3362,0,6920,2488,4432,0,0,0,1.0,1,1.0,1,1.0,1,0.17499076167138441,64
3363,3,6923,2488,4435,0,0,0,1.0,1,1.0,1,1.0,1,0.16465082993703928,65
3364,1,6924,2488,4436,0,0,0,1.0,1,1.0,1,1.0,1,0.1811071217323905,66
3365,3,6927,2488,4439,0,0,0,1.0,1,1.0,1,1.0,1,0.17091161043782552,68
3366,0,6927,2488,4439,0,0,0,1.0,1,1.0,1,1.0,1,0.18422942820528057,66
3367,2,6929,2488,4441,0,0,0,1.0,1,1.0,1,1.0,1,0.1646184907115539,68
3368,2,6931,2488,4443,0,0,0,1.0,1,1.0,1,1.0,1,0.131737504342056,68
3369,2,6933,2488,4445,0,0,0,1.0,1,1.0,1,1.0,1,0.12294479303589108,69
3370,0,6933,2488,4445,0,0,0,1.0,1,1.0,1,1.0,1,0.11285746627848056,71
3371,0,6933,2488,4445,0,0,0,1.0,1,1.0,1,1.0,1,0.11285746627848056,71
3372,4,6937,2489,4448,0,0,0,1.0,1,1.0,1,1.0,1,0.0974343521249919,71
3373,0,6937,2489,4448,0,0,0,1.0,1,1.0,1,1.0,1,0.10872333884273815,72
3374,0,6937,2489,4448,0,0,0,1.0,1,1.0,1,1.0,1,0.10760449061884814,72
3375,4,6941,2489,4452,0,0,0,1.0,1,1.0,1,1.0,1,0.07366040965442883,73
3376,1,6942,2489,4453,0,0,0,1.0,1,1.0,1,1.0,1,0.06918127558085961,75
3377,2,6944,2490,4454,0,0,0,1.0,1,1.0,1,1.0,1,0.07333589029077653,77
3378,0,6944,2490,4454,0,0,0,1.0,1,1.0,1,1.0,1,0.07333589029077653,77
3379,3,6947,2493,4454,0,0,0,1.0,1,1.0,1,1.0,1,0.10132545666474092,77
3380,0,6947,2493,4454,0,0,0,1.0,1,1.0,1,1.0,1,0.11605595988779212,76
3381,3,6950,2495,4455,0,0,0,1.0,1,1.0,1,1.0,1,0.11235361061007192,76
3382,3,6953,2496,4457,0,0,0,1.0,1,1.0,1,1.0,1,0.12028674588422808,78
3383,1,6954,2496,4458,0,0,0,1.0,1,1.0,1,1.0,1,0.11622590169994726,77
3384,7,6961,2501,4460,0,0,0,1.0,1,1.0,1,1.0,1,0.1514556103229777,77
3385,4,6965,2501,4464,0,0,0,1.0,1,1.0,1,1.0,1,0.12801598935656805,75
3386,4,6969,2504,4465,0,0,0,1.0,1,1.0,1,1.0,1,0.15136115575538983,76
3387,0,6969,2504,4465,0,0,0,1.0,1,1.0,1,1.0,1,0.1472624206369566,75
3388,4,6973,2505,4468,0,0,0,1.0,1,1.0,1,1.0,1,0.12779641834018218,76
3389,2,6975,2505,4470,0,0,0,1.0,1,1.0,1,1.0,1,0.11381444653987637,77
3390,1,6976,2505,4471,0,0,0,1.0,1,1.0,1,1.0,1,0.11502598889807042,76
3391,1,6977,2506,4471,0,0,0,1.0,1,1.0,1,1.0,1,0.08677301067898976,77
3392,0,6977,2506,4471,0,0,0,1.0,1,1.0,1,1.0,1,0.08769219658304347,78
3393,1,6978,2506,4472,0,0,0,1.0,1,1.0,1,1.0,1,0.08428218761813219,76
3394,1,6979,2507,4472,0,0,0,1.0,1,1.0,1,1.0,1,0.10947703146221895,75
3395,0,6979,2507,4472,0,0,0,1.0,1,1.0,1,1.0,1,0.10292485844037834,73
3396,1,6980,2508,4472,0,0,0,1.0,1,1.0,1,1.0,1,0.10016828246706964,73
3397,6,6986,2509,4477,0,0,0,1.0,1,1.0,1,1.0,1,0.07126417048018976,74
3398,2,6988,2509,4479,0,0,0,1.0,1,1.0,1,1.0,1,0.07157378709586887,74
3399,4,6992,2510,4482,0,0,0,1.0,1,1.0,1,1.0,1,0.07297459200994753,75
3400,3,6995,2511,4484,0,0,0,1.0,1,1.0,1,1.0,1,0.07888234114264575,75
3401,4,6999,2512,4487,0,0,0,1.0,1,1.0,1,1.0,1,0.0560688137660612,77
3402,1,7000,2513,4487,0,0,0,1.0,1,1.0,1,1.0,1,0.0708988226702451,77
3403,2,7002,2514,4488,0,0,0,1.0,1,1.0,1,1.0,1,0.0820013776188715,78
3404,1,7003,2515,4488,0,0,0,1.0,1,1.0,1,1.0,1,0.09140690172808204,78
3405,5,7008,2516,4492,0,0,0,1.0,1,1.0,1,1.0,1,0.08206568583000869,78
3406,5,7013,2518,4495,0,0,0,1.0,1,1.0,1,1.0,1,0.10678714468231441,78
3407,2,7015,2519,4496,0,0,0,1.0,1,1.0,1,1.0,1,0.1253133163095489,78
3408,6,7021,2520,4501,0,0,0,1.0,1,1.0,1,1.0,1,0.14067775953631456,79
3409,9,7030,2520,4510,0,0,0,1.0,1,1.0,1,1.0,1,0.07871290716126522,81
3410,0,7030,2520,4510,0,0,0,1.0,1,1.0,1,1.0,1,0.083018534917326,82
3411,3,7033,2520,4513,0,0,0,1.0,1,1.0,1,1.0,1,0.078505195075798,84
3412,1,7034,2520,4514,0,0,0,1.0,1,1.0,1,1.0,1,0.07481787832469886,84
3413,1,7035,2520,4515,0,0,0,1.0,1,1.0,1,1.0,1,0.06936496430946844,84
3414,0,7035,2520,4515,0,0,0,1.0,1,1.0,1,1.0,1,0.06936496430946844,84
3415,2,7037,2522,4515,0,0,0,1.0,1,1.0,1,1.0,1,0.09972975823759271,85
3416,5,7042,2524,4518,0,0,0,1.0,1,1.0,1,1.0,1,0.06947612607081076,85
3417,1,7043,2525,4518,0,0,0,1.0,1,1.0,1,1.0,1,0.08996806779368056,86
3418,4,7047,2527,4520,0,0,0,1.0,1,1.0,1,1.0,1,0.11712147621695101,86
3419,3,7050,2528,4522,0,0,0,1.0,1,1.0,1,1.0,1,0.13316093282071537,87
3420,2,7052,2529,4523,0,0,0,1.0,1,1.0,1,1.0,1,0.13403344837314812,88
3421,3,7055,2530,4525,0,0,0,1.0,1,1.0,1,1.0,1,0.1297908963114262,89
3422,3,7058,2531,4527,0,0,0,1.0,1,1.0,1,1.0,1,0.15321554733357007,90
3423,0,7058,2531,4527,0,0,0,1.0,1,1.0,1,1.0,1,0.153257971629693,90
3424,0,7058,2531,4527,0,0,0,1.0,1,1.0,1,1.0,1,0.14403679194034724,91
3425,5,7063,2532,4531,0,0,0,1.0,1,1.0,1,1.0,1,0.1320306500590611,90
3426,3,7066,2533,4533,0,0,0,1.0,1,1.0,1,1.0,1,0.1163826756184069,92
3427,0,7066,2533,4533,0,0,0,1.0,1,1.0,1,1.0,1,0.12949414178561094,92
3428,0,7066,2533,4533,0,0,0,1.0,1,1.0,1,1.0,1,0.13519763363414908,91
3429,2,7068,2533,4535,0,0,0,1.0,1,1.0,1,1.0,1,0.12775451308844046,91
3430,3,7071,2535,4536,0,0,0,1.0,1,1.0,1,1.0,1,0.14303358731873206,91
3431,2,7073,2535,4538,0,0,0,1.0,1,1.0,1,1.0,1,0.12082233936288883,90
3432,3,7076,2537,4539,0,0,0,1.0,1,1.0,1,1.0,1,0.12095666320955124,91
3433,2,7078,2537,4541,0,0,0,1.0,1,1.0,1,1.0,1,0.11408981964468973,90
3434,0,7078,2537,4541,0,0,0,1.0,1,1.0,1,1.0,1,0.11642020180102881,89
3435,2,7080,2538,4542,0,0,0,1.0,1,1.0,1,1.0,1,0.11753667512369173,88
3436,0,7080,2538,4542,0,0,0,1.0,1,1.0,1,1.0,1,0.1256493088265236,86
3437,2,7082,2539,4543,0,0,0,1.0,1,1.0,1,1.0,1,0.11779931112641556,86
3438,3,7085,2539,4546,0,0,0,1.0,1,1.0,1,1.0,1,0.10209855902441642,87
3439,2,7087,2540,4547,0,0,0,1.0,1,1.0,1,1.0,1,0.11170463688411464,86
3440,0,7087,2540,4547,0,0,0,1.0,1,1.0,1,1.0,1,0.11343076666735093,86
3441,3,7090,2541,4549,0,0,0,1.0,1,1.0,1,1.0,1,0.11066477321322798,85
3442,0,7090,2541,4549,0,0,0,1.0,1,1.0,1,1.0,1,0.11079218909329858,85
3443,3,7093,2541,4552,0,0,0,1.0,1,1.0,1,1.0,1,0.09625210520473189,85
3444,2,7095,2543,4552,0,0,0,1.0,1,1.0,1,1.0,1,0.10336096979030882,85
3445,4,7099,2544,4555,0,0,0,1.0,1,1.0,1,1.0,1,0.11760641818241616,84
3446,6,7105,2547,4558,0,0,0,1.0,1,1.0,1,1.0,1,0.16680204282959163,85
3447,2,7107,2547,4560,0,0,0,1.0,1,1.0,1,1.0,1,0.1726704777973922,85
3448,6,7113,2549,4564,0,0,0,1.0,1,1.0,1,1.0,1,0.1854938181241721,85
3449,6,7119,2550,4569,0,0,0,1.0,1,1.0,1,1.0,1,0.17863940409730608,84
3450,1,7120,2550,4570,0,0,0,1.0,1,1.0,1,1.0,1,0.1756437810752587,84
3451,3,7123,2550,4573,0,0,0,1.0,1,1.0,1,1.0,1,0.17201171610079402,85
3452,1,7124,2550,4574,0,0,0,1.0,1,1.0,1,1.0,1,0.16427619109675187,86
3453,6,7130,2551,4579,0,0,0,1.0,1,1.0,1,1.0,1,0.13532439209240238,85
3454,1,7131,2551,4580,0,0,0,1.0,1,1.0,1,1.0,1,0.1235380538669511,88
3455,1,7132,2551,4581,0,0,0,1.0,1,1.0,1,1.0,1,0.12037669210737617,88
3456,4,7136,2552,4584,0,0,0,1.0,1,1.0,1,1.0,1,0.11032938549107404,88
3457,3,7139,2552,4587,0,0,0,1.0,1,1.0,1,1.0,1,0.1001622590797485,89
3458,0,7139,2552,4587,0,0,0,1.0,1,1.0,1,1.0,1,0.10714499570822554,88
3459,0,7139,2552,4587,0,0,0,1.0,1,1.0,1,1.0,1,0.10714499570822554,88
3460,0,7139,2552,4587,0,0,0,1.0,1,1.0,1,1.0,1,0.10067700364265056,89
3461,0,7139,2552,4587,0,0,0,1.0,1,1.0,1,1.0,1,0.10067700364265056,89
3462,2,7141,2552,4589,0,0,0,1.0,1,1.0,1,1.0,1,0.09822159867432685,90
3463,1,7142,2552,4590,0,0,0,1.0,1,1.0,1,1.0,1,0.09338629357107207,89
3464,1,7143,2553,4590,0,0,0,1.0,1,1.0,1,1.0,1,0.09676961607927491,88
3465,3,7146,2553,4593,0,0,0,1.0,1,1.0,1,1.0,1,0.09929758255366317,87
3466,3,7149,2554,4595,0,0,0,1.0,1,1.0,1,1.0,1,0.08762372629017184,87
3467,2,7151,2555,4596,0,0,0,1.0,1,1.0,1,1.0,1,0.09496502546615428,87
3468,4,7155,2556,4599,0,0,0,1.0,1,1.0,1,1.0,1,0.11242657104540604,88
3469,2,7157,2557,4600,0,0,0,1.0,1,1.0,1,1.0,1,0.12579731965360302,85
3470,2,7159,2558,4601,0,0,0,1.0,1,1.0,1,1.0,1,0.12321979755210731,86
3471,1,7160,2559,4601,0,0,0,1.0,1,1.0,1,1.0,1,0.15771714274074786,84
3472,2,7162,2560,4602,0,0,0,1.0,1,1.0,1,1.0,1,0.14839443118731455,83
3473,4,7166,2560,4606,0,0,0,1.0,1,1.0,1,1.0,1,0.14341098230737986,81
3474,3,7169,2561,4608,0,0,0,1.0,1,1.0,1,1.0,1,0.12194206063455541,80
3475,2,7171,2562,4609,0,0,0,1.0,1,1.0,1,1.0,1,0.13084581799516856,82
3476,2,7173,2563,4610,0,0,0,1.0,1,1.0,1,1.0,1,0.11225678753477233,81
3477,3,7176,2564,4612,0,0,0,1.0,1,1.0,1,1.0,1,0.1310035344913379,83
3478,1,7177,2565,4612,0,0,0,1.0,1,1.0,1,1.0,1,0.14265042639486156,83
3479,1,7178,2565,4613,0,0,0,1.0,1,1.0,1,1.0,1,0.1382534555810741,83
3480,0,7178,2565,4613,0,0,0,1.0,1,1.0,1,1.0,1,0.1382534555810741,83
3481,11,7189,2569,4620,0,0,0,1.0,1,1.0,1,1.0,1,0.11643175369432573,83
3482,4,7193,2571,4622,0,0,0,1.0,1,1.0,1,1.0,1,0.154474321630456,83
3483,7,7200,2574,4626,0,0,0,1.0,1,1.0,1,1.0,1,0.1328218828211493,82
3484,7,7207,2575,4632,0,0,0,1.0,1,1.0,1,1.0,1,0.14946079580082897,82
3485,5,7212,2576,4636,0,0,0,1.0,1,1.0,1,1.0,1,0.14233605849357442,83
3486,0,7212,2576,4636,0,0,0,1.0,1,1.0,1,1.0,1,0.14233605849357442,83
3487,0,7212,2576,4636,0,0,0,1.0,1,1.0,1,1.0,1,0.14639007476900198,84
3488,1,7213,2576,4637,0,0,0,1.0,1,1.0,1,1.0,1,0.14073769453291238,84
3489,3,7216,2576,4640,0,0,0,1.0,1,1.0,1,1.0,1,0.1211262630647086,84
3490,0,7216,2576,4640,0,0,0,1.0,1,1.0,1,1.0,1,0.1211262630647086,84
3491,0,7216,2576,4640,0,0,0,1.0,1,1.0,1,1.0,1,0.11721691246475388,86
3492,1,7217,2577,4640,0,0,0,1.0,1,1.0,1,1.0,1,0.10812099734816139,86
3493,2,7219,2577,4642,0,0,0,1.0,1,1.0,1,1.0,1,0.091528942082475,86
3494,0,7219,2577,4642,0,0,0,1.0,1,1.0,1,1.0,1,0.091528942082475,86
3495,0,7219,2577,4642,0,0,0,1.0,1,1.0,1,1.0,1,0.09332469443859655,87
3496,2,7221,2577,4644,0,0,0,1.0,1,1.0,1,1.0,1,0.08836951238157638,88
3497,4,7225,2578,4647,0,0,0,1.0,1,1.0,1,1.0,1,0.10343792420887928,89
3498,3,7228,2578,4650,0,0,0,1.0,1,1.0,1,1.0,1,0.1009332390188056,89
3499,2,7230,2579,4651,0,0,0,1.0,1,1.0,1,1.0,1,0.09217730870081337,91
3500,1,7231,2579,4652,0,0,0,1.0,1,1.0,1,1.0,1,0.08940270962130877,90
3501,1,7232,2579,4653,0,0,0,1.0,1,1.0,1,1.0,1,0.08102486922103812,90
3502,1,7233,2579,4654,0,0,0,1.0,1,1.0,1,1.0,1,0.07630936549415161,91
3503,1,7234,2580,4654,0,0,0,1.0,1,1.0,1,1.0,1,0.0865264994337761,91
3504,1,7235,2581,4654,0,0,0,1.0,1,1.0,1,1.0,1,0.10572976281494448,89
3505,5,7240,2582,4658,0,0,0,1.0,1,1.0,1,1.0,1,0.11173082359733007,87
3506,4,7244,2585,4659,0,0,0,1.0,1,1.0,1,1.0,1,0.13321713798547818,87
3507,2,7246,2586,4660,0,0,0,1.0,1,1.0,1,1.0,1,0.09520676229957428,84
3508,4,7250,2588,4662,0,0,0,1.0,1,1.0,1,1.0,1,0.12786749063181602,83
3509,4,7254,2590,4664,0,0,0,1.0,1,1.0,1,1.0,1,0.11310210042703062,80
3510,0,7254,2590,4664,0,0,0,1.0,1,1.0,1,1.0,1,0.1180072960485483,78
3511,0,7254,2590,4664,0,0,0,1.0,1,1.0,1,1.0,1,0.12269270297609602,77
3512,0,7254,2590,4664,0,0,0,1.0,1,1.0,1,1.0,1,0.13761930299672775,74
3513,5,7259,2590,4669,0,0,0,1.0,1,1.0,1,1.0,1,0.11415047010411629,76
3514,2,7261,2591,4670,0,0,0,1.0,1,1.0,1,1.0,1,0.11481332566316968,76
3515,4,7265,2593,4672,0,0,0,1.0,1,1.0,1,1.0,1,0.1308193777105685,75
3516,2,7267,2594,4673,0,0,0,1.0,1,1.0,1,1.0,1,0.13440484459036614,73
3517,5,7272,2596,4676,0,0,0,1.0,1,1.0,1,1.0,1,0.14540693583448228,74
3518,1,7273,2596,4677,0,0,0,1.0,1,1.0,1,1.0,1,0.16013682937871904,74
3519,1,7274,2596,4678,0,0,0,1.0,1,1.0,1,1.0,1,0.1581570986889726,73
3520,2,7276,2596,4680,0,0,0,1.0,1,1.0,1,1.0,1,0.12742591212415244,74
3521,6,7282,2596,4686,0,0,0,1.0,1,1.0,1,1.0,1,0.10079979397558994,75
3522,0,7282,2596,4686,0,0,0,1.0,1,1.0,1,1.0,1,0.10079979397558994,75
3523,1,7283,2596,4687,0,0,0,1.0,1,1.0,1,1.0,1,0.0981808966277304,75
3524,2,7285,2597,4688,0,0,0,1.0,1,1.0,1,1.0,1,0.07963195744378092,75
3525,1,7286,2597,4689,0,0,0,1.0,1,1.0,1,1.0,1,0.07917541141174994,75
3526,0,7286,2597,4689,0,0,0,1.0,1,1.0,1,1.0,1,0.0797244876720052,76
3527,4,7290,2599,4691,0,0,0,1.0,1,1.0,1,1.0,1,0.13674288982481037,77
3528,5,7295,2599,4696,0,0,0,1.0,1,1.0,1,1.0,1,0.13143079041141803,77
3529,5,7300,2601,4699,0,0,0,1.0,1,1.0,1,1.0,1,0.13600112954879603,78
3530,3,7303,2601,4702,0,0,0,1.0,1,1.0,1,1.0,1,0.1334332410580291,78
3531,3,7306,2602,4704,0,0,0,1.0,1,1.0,1,1.0,1,0.15746224162126526,79
3532,4,7310,2603,4707,0,0,0,1.0,1,1.0,1,1.0,1,0.1747595776539501,79
3533,9,7319,2605,4714,0,0,0,1.0,1,1.0,1,1.0,1,0.1623390629183544,79
3534,5,7324,2607,4717,0,0,0,1.0,1,1.0,1,1.0,1,0.15575131265269246,80
3535,4,7328,2607,4721,0,0,0,1.0,1,1.0,1,1.0,1,0.14038358339901225,81
3536,0,7328,2607,4721,0,0,0,1.0,1,1.0,1,1.0,1,0.1352426018223977,82
3537,2,7330,2607,4723,0,0,0,1.0,1,1.0,1,1.0,1,0.12130075230444717,82
3538,1,7331,2607,4724,0,0,0,1.0,1,1.0,1,1.0,1,0.12551521793948994,83
3539,0,7331,2607,4724,0,0,0,1.0,1,1.0,1,1.0,1,0.12551521793948994,83
3540,1,7332,2608,4724,0,0,0,1.0,1,1.0,1,1.0,1,0.12605777481938274,85
3541,1,7333,2609,4724,0,0,0,1.0,1,1.0,1,1.0,1,0.12242722190101658,85
3542,4,7337,2609,4728,0,0,0,1.0,1,1.0,1,1.0,1,0.09952577715658928,88
3543,1,7338,2609,4729,0,0,0,1.0,1,1.0,1,1.0,1,0.09759350550786092,87
3544,2,7340,2610,4730,0,0,0,1.0,1,1.0,1,1.0,1,0.09199799620052683,87
3545,2,7342,2611,4731,0,0,0,1.0,1,1.0,1,1.0,1,0.08251026470257128,85
3546,0,7342,2611,4731,0,0,0,1.0,1,1.0,1,1.0,1,0.07720015898617894,83
3547,0,7342,2611,4731,0,0,0,1.0,1,1.0,1,1.0,1,0.08094820427674196,82
3548,1,7343,2612,4731,0,0,0,1.0,1,1.0,1,1.0,1,0.08632407317280558,82
3549,4,7347,2613,4734,0,0,0,1.0,1,1.0,1,1.0,1,0.05925382471589362,81
3550,3,7350,2615,4735,0,0,0,1.0,1,1.0,1,1.0,1,0.06793171782301924,79
3551,1,7351,2616,4735,0,0,0,1.0,1,1.0,1,1.0,1,0.07405409608918499,80
3552,1,7352,2616,4736,0,0,0,1.0,1,1.0,1,1.0,1,0.07948458004495466,78
3553,4,7356,2617,4739,0,0,0,1.0,1,1.0,1,1.0,1,0.07283703956771545,79
3554,0,7356,2617,4739,0,0,0,1.0,1,1.0,1,1.0,1,0.09129407514320553,77
3555,2,7358,2618,4740,0,0,0,1.0,1,1.0,1,1.0,1,0.0979105367153416,77
3556,1,7359,2619,4740,0,0,0,1.0,1,1.0,1,1.0,1,0.11688823749761412,76
3557,6,7365,2619,4746,0,0,0,1.0,1,1.0,1,1.0,1,0.08938351480234451,76
3558,1,7366,2620,4746,0,0,0,1.0,1,1.0,1,1.0,1,0.12029191404119478,76
3559,0,7366,2620,4746,0,0,0,1.0,1,1.0,1,1.0,1,0.12029191404119478,76
3560,3,7369,2621,4748,0,0,0,1.0,1,1.0,1,1.0,1,0.12042528071359604,78
3561,4,7373,2621,4752,0,0,0,1.0,1,1.0,1,1.0,1,0.09651385594194849,79
3562,3,7376,2623,4753,0,0,0,1.0,1,1.0,1,1.0,1,0.09894510638478819,79
3563,5,7381,2625,4756,0,0,0,1.0,1,1.0,1,1.0,1,0.07183306330362899,79
3564,5,7386,2628,4758,0,0,0,1.0,1,1.0,1,1.0,1,0.10095483812551174,80
3565,6,7392,2629,4763,0,0,0,1.0,1,1.0,1,1.0,1,0.10528648811868949,83
3566,2,7394,2630,4764,0,0,0,1.0,1,1.0,1,1.0,1,0.10682286880933835,84
3567,1,7395,2630,4765,0,0,0,1.0,1,1.0,1,1.0,1,0.09561175484019473,84
3568,2,7397,2631,4766,0,0,0,1.0,1,1.0,1,1.0,1,0.10577252074789707,84
3569,4,7401,2632,4769,0,0,0,1.0,1,1.0,1,1.0,1,0.08230709696166628,84
3570,6,7407,2635,4772,0,0,0,1.0,1,1.0,1,1.0,1,0.1058954048411493,87
3571,7,7414,2637,4777,0,0,0,1.0,1,1.0,1,1.0,1,0.1673456996802557,86
3572,14,7428,2638,4790,0,0,0,1.0,1,1.0,1,1.0,1,0.16115281286632557,87
3573,8,7436,2640,4796,0,0,0,1.0,1,1.0,1,1.0,1,0.1268092419381759,87
3574,3,7439,2642,4797,0,0,0,1.0,1,1.0,1,1.0,1,0.14908389553941873,88
3575,1,7440,2642,4798,0,0,0,1.0,1,1.0,1,1.0,1,0.14320323154566547,88
3576,4,7444,2643,4801,0,0,0,1.0,1,1.0,1,1.0,1,0.14438605006192945,90
3577,7,7451,2643,4808,0,0,0,1.0,1,1.0,1,1.0,1,0.10113415184281158,90
3578,4,7455,2644,4811,0,0,0,1.0,1,1.0,1,1.0,1,0.0938855042884139,91
3579,5,7460,2645,4815,0,0,0,1.0,1,1.0,1,1.0,1,0.09126185052337162,91
3580,2,7462,2645,4817,0,0,0,1.0,1,1.0,1,1.0,1,0.10598057624010036,91
3581,4,7466,2645,4821,0,0,0,1.0,1,1.0,1,1.0,1,0.08151428322391864,91
3582,2,7468,2646,4822,0,0,0,1.0,1,1.0,1,1.0,1,0.08931444533223956,92
3583,0,7468,2646,4822,0,0,0,1.0,1,1.0,1,1.0,1,0.09181713054956225,88
3584,2,7470,2647,4823,0,0,0,1.0,1,1.0,1,1.0,1,0.08751462416459553,87
3585,9,7479,2648,4831,0,0,0,1.0,1,1.0,1,1.0,1,0.08961398175550113,84
3586,4,7483,2648,4835,0,0,0,1.0,1,1.0,1,1.0,1,0.07516582649062954,83
3587,2,7485,2648,4837,0,0,0,1.0,1,1.0,1,1.0,1,0.07934287136799596,82
3588,7,7492,2649,4843,0,0,0,1.0,1,1.0,1,1.0,1,0.08615142080984303,81
3589,2,7494,2651,4843,0,0,0,1.0,1,1.0,1,1.0,1,0.08933520061543936,80
3590,1,7495,2651,4844,0,0,0,1.0,1,1.0,1,1.0,1,0.09254184641638218,78
3591,1,7496,2652,4844,0,0,0,1.0,1,1.0,1,1.0,1,0.118405735159801,77
3592,1,7497,2653,4844,0,0,0,1.0,1,1.0,1,1.0,1,0.13653049658975566,75
3593,7,7504,2653,4851,0,0,0,1.0,1,1.0,1,1.0,1,0.08005663467653593,76
3594,2,7506,2654,4852,0,0,0,1.0,1,1.0,1,1.0,1,0.08354226763339129,74
3595,1,7507,2655,4852,0,0,0,1.0,1,1.0,1,1.0,1,0.09128081569655828,74
3596,3,7510,2656,4854,0,0,0,1.0,1,1.0,1,1.0,1,0.0979609552036658,73
3597,4,7514,2657,4857,0,0,0,1.0,1,1.0,1,1.0,1,0.0839849707775134,73
3598,3,7517,2659,4858,0,0,0,1.0,1,1.0,1,1.0,1,0.09883432270825994,73
3599,1,7518,2660,4858,0,0,0,1.0,1,1.0,1,1.0,1,0.10135259829187022,73
3600,0,7518,2660,4858,0,0,0,1.0,1,1.0,1,1.0,1,0.10519399002087713,74
3601,6,7524,2663,4861,0,0,0,1.0,1,1.0,1,1.0,1,0.10893316671105058,75
3602,2,7526,2663,4863,0,0,0,1.0,1,1.0,1,1.0,1,0.07512398714232764,76
3603,5,7531,2665,4866,0,0,0,1.0,1,1.0,1,1.0,1,0.11165757354005967,77
3604,4,7535,2666,4869,0,0,0,1.0,1,1.0,1,1.0,1,0.10956050384026116,78
3605,7,7542,2669,4873,0,0,0,1.0,1,1.0,1,1.0,1,0.09325374343403833,77
3606,1,7543,2669,4874,0,0,0,1.0,1,1.0,1,1.0,1,0.07910805109228587,79
3607,2,7545,2670,4875,0,0,0,1.0,1,1.0,1,1.0,1,0.08696517822307039,79
3608,3,7548,2670,4878,0,0,0,1.0,1,1.0,1,1.0,1,0.08891599659115428,79
3609,3,7551,2670,4881,0,0,0,1.0,1,1.0,1,1.0,1,0.04825327385175136,79
3610,3,7554,2672,4882,0,0,0,1.0,1,1.0,1,1.0,1,0.06325424442059101,80
3611,2,7556,2673,4883,0,0,0,1.0,1,1.0,1,1.0,1,0.047253027096561616,80
3612,6,7562,2675,4887,0,0,0,1.0,1,1.0,1,1.0,1,0.09995768506053342,79
3613,8,7570,2677,4893,0,0,0,1.0,1,1.0,1,1.0,1,0.07043222433651666,79
3614,1,7571,2678,4893,0,0,0,1.0,1,1.0,1,1.0,1,0.07604140021252469,78
3615,1,7572,2678,4894,0,0,0,1.0,1,1.0,1,1.0,1,0.06485825110009613,79
3616,1,7573,2679,4894,0,0,0,1.0,1,1.0,1,1.0,1,0.07613817538409919,79
3617,2,7575,2680,4895,0,0,0,1.0,1,1.0,1,1.0,1,0.06798679532774471,80
3618,1,7576,2680,4896,0,0,0,1.0,1,1.0,1,1.0,1,0.08771696858857514,82
3619,0,7576,2680,4896,0,0,0,1.0,1,1.0,1,1.0,1,0.10887645034918667,82
3620,1,7577,2681,4896,0,0,0,1.0,1,1.0,1,1.0,1,0.12191799984031462,81
3621,7,7584,2681,4903,0,0,0,1.0,1,1.0,1,1.0,1,0.09693830985775252,83
3622,2,7586,2682,4904,0,0,0,1.0,1,1.0,1,1.0,1,0.08254510663661134,81
3623,2,7588,2684,4904,0,0,0,1.0,1,1.0,1,1.0,1,0.09571457033072257,81
3624,1,7589,2685,4904,0,0,0,1.0,1,1.0,1,1.0,1,0.10947552243412548,79
3625,4,7593,2686,4907,0,0,0,1.0,1,1.0,1,1.0,1,0.1070954347611782,80
3626,1,7594,2686,4908,0,0,0,1.0,1,1.0,1,1.0,1,0.08863221821216277,78
3627,2,7596,2687,4909,0,0,0,1.0,1,1.0,1,1.0,1,0.0974287657155117,78
3628,2,7598,2688,4910,0,0,0,1.0,1,1.0,1,1.0,1,0.09278486105412331,77
3629,4,7602,2688,4914,0,0,0,1.0,1,1.0,1,1.0,1,0.04756812907472005,76
3630,2,7604,2689,4915,0,0,0,1.0,1,1.0,1,1.0,1,0.05510527874873238,77
3631,2,7606,2690,4916,0,0,0,1.0,1,1.0,1,1.0,1,0.06293867663178897,75
3632,2,7608,2692,4916,0,0,0,1.0,1,1.0,1,1.0,1,0.11401674885104601,74
3633,6,7614,2694,4920,0,0,0,1.0,1,1.0,1,1.0,1,0.09154955655105815,75
3634,1,7615,2695,4920,0,0,0,1.0,1,1.0,1,1.0,1,0.1042969800441236,74
3635,0,7615,2695,4920,0,0,0,1.0,1,1.0,1,1.0,1,0.1042969800441236,74
3636,2,7617,2696,4921,0,0,0,1.0,1,1.0,1,1.0,1,0.11246467755134197,74
3637,4,7621,2696,4925,0,0,0,1.0,1,1.0,1,1.0,1,0.10322215866375745,74
3638,2,7623,2696,4927,0,0,0,1.0,1,1.0,1,1.0,1,0.100886038090728,75
3639,4,7627,2699,4928,0,0,0,1.0,1,1.0,1,1.0,1,0.0859921150265653,76
3640,1,7628,2699,4929,0,0,0,1.0,1,1.0,1,1.0,1,0.08010042149446357,76
3641,3,7631,2700,4931,0,0,0,1.0,1,1.0,1,1.0,1,0.09138397133470658,75
3642,4,7635,2702,4933,0,0,0,1.0,1,1.0,1,1.0,1,0.09397009513500067,75
3643,1,7636,2702,4934,0,0,0,1.0,1,1.0,1,1.0,1,0.07541082740658947,74
3644,0,7636,2702,4934,0,0,0,1.0,1,1.0,1,1.0,1,0.07541082740658947,74
3645,1,7637,2702,4935,0,0,0,1.0,1,1.0,1,1.0,1,0.06424347213959,74
3646,1,7638,2702,4936,0,0,0,1.0,1,1.0,1,1.0,1,0.05302104047578397,75
3647,0,7638,2702,4936,0,0,0,1.0,1,1.0,1,1.0,1,0.057760157695354516,77
3648,0,7638,2702,4936,0,0,0,1.0,1,1.0,1,1.0,1,0.08366158590909185,78
3649,1,7639,2702,4937,0,0,0,1.0,1,1.0,1,1.0,1,0.08672274616291725,80
3650,2,7641,2702,4939,0,0,0,1.0,1,1.0,1,1.0,1,0.07987195888277167,81
3651,0,7641,2702,4939,0,0,0,1.0,1,1.0,1,1.0,1,0.07987195888277167,81
3652,5,7646,2703,4943,0,0,0,1.0,1,1.0,1,1.0,1,0.08882655608788652,83
3653,1,7647,2703,4944,0,0,0,1.0,1,1.0,1,1.0,1,0.08608559527695683,83
3654,0,7647,2703,4944,0,0,0,1.0,1,1.0,1,1.0,1,0.08608559527695683,83
3655,0,7647,2703,4944,0,0,0,1.0,1,1.0,1,1.0,1,0.07763204477992974,84
3656,2,7649,2704,4945,0,0,0,1.0,1,1.0,1,1.0,1,0.08317483802991656,85
3657,4,7653,2705,4948,0,0,0,1.0,1,1.0,1,1.0,1,0.07836279715249131,86
3658,1,7654,2706,4948,0,0,0,1.0,1,1.0,1,1.0,1,0.08995298754995323,87
3659,2,7656,2706,4950,0,0,0,1.0,1,1.0,1,1.0,1,0.08233069748168595,87
3660,0,7656,2706,4950,0,0,0,1.0,1,1.0,1,1.0,1,0.08859711295861715,86
3661,5,7661,2708,4953,0,0,0,1.0,1,1.0,1,1.0,1,0.10134052783597712,86
3662,3,7664,2709,4955,0,0,0,1.0,1,1.0,1,1.0,1,0.09776345665161154,83
3663,5,7669,2713,4956,0,0,0,1.0,1,1.0,1,1.0,1,0.13424494364555,85
3664,1,7670,2714,4956,0,0,0,1.0,1,1.0,1,1.0,1,0.1376385066080196,82
3665,8,7678,2714,4964,0,0,0,1.0,1,1.0,1,1.0,1,0.09274843515735137,81
3666,1,7679,2715,4964,0,0,0,1.0,1,1.0,1,1.0,1,0.10775185255993672,79
3667,0,7679,2715,4964,0,0,0,1.0,1,1.0,1,1.0,1,0.12034409850942608,79
3668,1,7680,2716,4964,0,0,0,1.0,1,1.0,1,1.0,1,0.10746702611087591,77
3669,1,7681,2716,4965,0,0,0,1.0,1,1.0,1,1.0,1,0.10865739934806003,75
3670,3,7684,2717,4967,0,0,0,1.0,1,1.0,1,1.0,1,0.11603435979525734,76
3671,3,7687,2718,4969,0,0,0,1.0,1,1.0,1,1.0,1,0.10771952107068762,74
3672,1,7688,2719,4969,0,0,0,1.0,1,1.0,1,1.0,1,0.11682582659200573,75
3673,5,7693,2720,4973,0,0,0,1.0,1,1.0,1,1.0,1,0.0991609867462161,75
3674,2,7695,2722,4973,0,0,0,1.0,1,1.0,1,1.0,1,0.1084344699973022,75
3675,1,7696,2722,4974,0,0,0,1.0,1,1.0,1,1.0,1,0.10164140980565174,75
3676,3,7699,2723,4976,0,0,0,1.0,1,1.0,1,1.0,1,0.11476453297109311,75
3677,2,7701,2723,4978,0,0,0,1.0,1,1.0,1,1.0,1,0.11042236223424375,75
3678,1,7702,2723,4979,0,0,0,1.0,1,1.0,1,1.0,1,0.11110596796404391,77
3679,2,7704,2724,4980,0,0,0,1.0,1,1.0,1,1.0,1,0.1311240608272693,78
3680,3,7707,2724,4983,0,0,0,1.0,1,1.0,1,1.0,1,0.10674736844141866,80
3681,1,7708,2724,4984,0,0,0,1.0,1,1.0,1,1.0,1,0.10698178736568636,81
3682,0,7708,2724,4984,0,0,0,1.0,1,1.0,1,1.0,1,0.10698178736568636,81
3683,1,7709,2725,4984,0,0,0,1.0,1,1.0,1,1.0,1,0.12283873639868233,81
3684,0,7709,2725,4984,0,0,0,1.0,1,1.0,1,1.0,1,0.12283873639868233,81
3685,0,7709,2725,4984,0,0,0,1.0,1,1.0,1,1.0,1,0.12283873639868233,81
3686,0,7709,2725,4984,0,0,0,1.0,1,1.0,1,1.0,1,0.12283873639868233,81
3687,1,7710,2725,4985,0,0,0,1.0,1,1.0,1,1.0,1,0.1099843233434744,82
3688,1,7711,2725,4986,0,0,0,1.0,1,1.0,1,1.0,1,0.12030907703727498,84
3689,0,7711,2725,4986,0,0,0,1.0,1,1.0,1,1.0,1,0.12030907703727498,84
3690,4,7715,2727,4988,0,0,0,1.0,1,1.0,1,1.0,1,0.12106239850901114,85
3691,0,7715,2727,4988,0,0,0,1.0,1,1.0,1,1.0,1,0.11679952866711618,86
3692,0,7715,2727,4988,0,0,0,1.0,1,1.0,1,1.0,1,0.10755848673679584,86
3693,1,7716,2727,4989,0,0,0,1.0,1,1.0,1,1.0,1,0.10551111060079794,86
3694,0,7716,2727,4989,0,0,0,1.0,1,1.0,1,1.0,1,0.10551111060079794,86
3695,2,7718,2729,4989,0,0,0,1.0,1,1.0,1,1.0,1,0.1447225616746669,86
3696,0,7718,2729,4989,0,0,0,1.0,1,1.0,1,1.0,1,0.1301242960058982,87
3697,2,7720,2731,4989,0,0,0,1.0,1,1.0,1,1.0,1,0.1296559941957479,85
3698,0,7720,2731,4989,0,0,0,1.0,1,1.0,1,1.0,1,0.13213910035005885,85
3699,1,7721,2732,4989,0,0,0,1.0,1,1.0,1,1.0,1,0.11475871021168338,85
3700,2,7723,2734,4989,0,0,0,1.0,1,1.0,1,1.0,1,0.125922383846968,84
3701,4,7727,2735,4992,0,0,0,1.0,1,1.0,1,1.0,1,0.1402607962337464,85
3702,4,7731,2737,4994,0,0,0,1.0,1,1.0,1,1.0,1,0.15121435258781077,85
3703,3,7734,2737,4997,0,0,0,1.0,1,1.0,1,1.0,1,0.14596108293578752,85
3704,5,7739,2738,5001,0,0,0,1.0,1,1.0,1,1.0,1,0.16444291773195102,85
3705,5,7744,2738,5006,0,0,0,1.0,1,1.0,1,1.0,1,0.13167757822938767,86
3706,2,7746,2739,5007,0,0,0,1.0,1,1.0,1,1.0,1,0.13984513088189313,86
3707,2,7748,2741,5007,0,0,0,1.0,1,1.0,1,1.0,1,0.15484644179405818,85
3708,1,7749,2741,5008,0,0,0,1.0,1,1.0,1,1.0,1,0.15151941854681458,84
3709,3,7752,2741,5011,0,0,0,1.0,1,1.0,1,1.0,1,0.1417241396468014,85
3710,0,7752,2741,5011,0,0,0,1.0,1,1.0,1,1.0,1,0.14437003208736868,84
3711,0,7752,2741,5011,0,0,0,1.0,1,1.0,1,1.0,1,0.1414980080714022,85
3712,2,7754,2742,5012,0,0,0,1.0,1,1.0,1,1.0,1,0.13393321183831844,85
3713,2,7756,2742,5014,0,0,0,1.0,1,1.0,1,1.0,1,0.11858045614355577,85
3714,4,7760,2743,5017,0,0,0,1.0,1,1.0,1,1.0,1,0.11687654718713787,85
3715,1,7761,2743,5018,0,0,0,1.0,1,1.0,1,1.0,1,0.11521531954560692,85
3716,1,7762,2743,5019,0,0,0,1.0,1,1.0,1,1.0,1,0.11898405071217177,84
3717,2,7764,2743,5021,0,0,0,1.0,1,1.0,1,1.0,1,0.11965334615663313,86
3718,0,7764,2743,5021,0,0,0,1.0,1,1.0,1,1.0,1,0.130240303153154,85
3719,4,7768,2745,5023,0,0,0,1.0,1,1.0,1,1.0,1,0.1302192695112726,84
3720,1,7769,2745,5024,0,0,0,1.0,1,1.0,1,1.0,1,0.14443750525959073,84
3721,5,7774,2748,5026,0,0,0,1.0,1,1.0,1,1.0,1,0.14360986186127503,85
3722,1,7775,2748,5027,0,0,0,1.0,1,1.0,1,1.0,1,0.13830548221565991,85
3723,3,7778,2749,5029,0,0,0,1.0,1,1.0,1,1.0,1,0.1474944150103826,85
3724,2,7780,2749,5031,0,0,0,1.0,1,1.0,1,1.0,1,0.1332068699600953,86
3725,5,7785,2750,5035,0,0,0,1.0,1,1.0,1,1.0,1,0.12901991696051351,86
3726,3,7788,2750,5038,0,0,0,1.0,1,1.0,1,1.0,1,0.12216069663031542,86
3727,1,7789,2750,5039,0,0,0,1.0,1,1.0,1,1.0,1,0.12017183870891557,86
3728,3,7792,2751,5041,0,0,0,1.0,1,1.0,1,1.0,1,0.13508071183587447,86
3729,3,7795,2752,5043,0,0,0,1.0,1,1.0,1,1.0,1,0.1340098549832055,86
3730,1,7796,2752,5044,0,0,0,1.0,1,1.0,1,1.0,1,0.1459059567536146,85
3731,1,7797,2752,5045,0,0,0,1.0,1,1.0,1,1.0,1,0.151426134620505,86
3732,1,7798,2752,5046,0,0,0,1.0,1,1.0,1,1.0,1,0.1444342916025312,87
3733,2,7800,2753,5047,0,0,0,1.0,1,1.0,1,1.0,1,0.15728003072437471,87
3734,1,7801,2753,5048,0,0,0,1.0,1,1.0,1,1.0,1,0.15404498448847292,87
3735,3,7804,2754,5050,0,0,0,1.0,1,1.0,1,1.0,1,0.1596675010301483,86
3736,1,7805,2754,5051,0,0,0,1.0,1,1.0,1,1.0,1,0.13624592616130377,87
3737,4,7809,2755,5054,0,0,0,1.0,1,1.0,1,1.0,1,0.13060541975714943,87
3738,1,7810,2756,5054,0,0,0,1.0,1,1.0,1,1.0,1,0.13649103510921157,87
3739,1,7811,2756,5055,0,0,0,1.0,1,1.0,1,1.0,1,0.1285503388065374,88
3740,2,7813,2757,5056,0,0,0,1.0,1,1.0,1,1.0,1,0.15590617021711847,87
3741,6,7819,2757,5062,0,0,0,1.0,1,1.0,1,1.0,1,0.10668566184169957,87
3742,3,7822,2758,5064,0,0,0,1.0,1,1.0,1,1.0,1,0.10137345992463988,86
3743,0,7822,2758,5064,0,0,0,1.0,1,1.0,1,1.0,1,0.11697932510962762,84
3744,3,7825,2759,5066,0,0,0,1.0,1,1.0,1,1.0,1,0.14391204508948785,83
3745,4,7829,2759,5070,0,0,0,1.0,1,1.0,1,1.0,1,0.11201570256446844,83
3746,1,7830,2760,5070,0,0,0,1.0,1,1.0,1,1.0,1,0.13622748485556807,83
3747,3,7833,2761,5072,0,0,0,1.0,1,1.0,1,1.0,1,0.1342839707571515,81
3748,0,7833,2761,5072,0,0,0,1.0,1,1.0,1,1.0,1,0.13878084134904323,81
3749,2,7835,2761,5074,0,0,0,1.0,1,1.0,1,1.0,1,0.12157260313883045,80
3750,1,7836,2761,5075,0,0,0,1.0,1,1.0,1,1.0,1,0.1204118891787811,79
3751,2,7838,2763,5075,0,0,0,1.0,1,1.0,1,1.0,1,0.149793997597378,80
3752,0,7838,2763,5075,0,0,0,1.0,1,1.0,1,1.0,1,0.1534899336414042,80
3753,5,7843,2766,5077,0,0,0,1.0,1,1.0,1,1.0,1,0.14811818521835124,81
3754,2,7845,2767,5078,0,0,0,1.0,1,1.0,1,1.0,1,0.15889783386018033,81
3755,4,7849,2769,5080,0,0,0,1.0,1,1.0,1,1.0,1,0.18051534120710294,80
3756,2,7851,2770,5081,0,0,0,1.0,1,1.0,1,1.0,1,0.20052709566719631,79
3757,4,7855,2770,5085,0,0,0,1.0,1,1.0,1,1.0,1,0.191121261766797,80
3758,2,7857,2770,5087,0,0,0,1.0,1,1.0,1,1.0,1,0.18477018227582864,79
3759,1,7858,2770,5088,0,0,0,1.0,1,1.0,1,1.0,1,0.18013365064469056,79
3760,2,7860,2771,5089,0,0,0,1.0,1,1.0,1,1.0,1,0.1804995736153407,79
3761,0,7860,2771,5089,0,0,0,1.0,1,1.0,1,1.0,1,0.196222220896649,78
3762,2,7862,2771,5091,0,0,0,1.0,1,1.0,1,1.0,1,0.18369238687058764,80
3763,0,7862,2771,5091,0,0,0,1.0,1,1.0,1,1.0,1,0.18369238687058764,80
3764,2,7864,2773,5091,0,0,0,1.0,1,1.0,1,1.0,1,0.2049311569006835,80
3765,7,7871,2774,5097,0,0,0,1.0,1,1.0,1,1.0,1,0.18037625152347214,81
3766,4,7875,2775,5100,0,0,0,1.0,1,1.0,1,1.0,1,0.17591397731941855,83
3767,1,7876,2776,5100,0,0,0,1.0,1,1.0,1,1.0,1,0.16990492624615633,83
3768,2,7878,2777,5101,0,0,0,1.0,1,1.0,1,1.0,1,0.16916417155959138,84
3769,5,7883,2777,5106,0,0,0,1.0,1,1.0,1,1.0,1,0.11354129524119702,86
3770,1,7884,2777,5107,0,0,0,1.0,1,1.0,1,1.0,1,0.11071335561433718,87
3771,0,7884,2777,5107,0,0,0,1.0,1,1.0,1,1.0,1,0.11071335561433718,87
3772,0,7884,2777,5107,0,0,0,1.0,1,1.0,1,1.0,1,0.12874855931255463,88
3773,2,7886,2777,5109,0,0,0,1.0,1,1.0,1,1.0,1,0.12923664877816576,85
3774,2,7888,2777,5111,0,0,0,1.0,1,1.0,1,1.0,1,0.12349541814578023,85
3775,3,7891,2778,5113,0,0,0,1.0,1,1.0,1,1.0,1,0.1591384614181593,83
3776,2,7893,2779,5114,0,0,0,1.0,1,1.0,1,1.0,1,0.17514244583364869,82
3777,4,7897,2779,5118,0,0,0,1.0,1,1.0,1,1.0,1,0.14767144242884772,81
3778,0,7897,2779,5118,0,0,0,1.0,1,1.0,1,1.0,1,0.14171435796042636,81
3779,3,7900,2781,5119,0,0,0,1.0,1,1.0,1,1.0,1,0.17089936393202645,80
3780,4,7904,2781,5123,0,0,0,1.0,1,1.0,1,1.0,1,0.15599691197768545,80
3781,2,7906,2781,5125,0,0,0,1.0,1,1.0,1,1.0,1,0.1520200843567177,80
3782,1,7907,2782,5125,0,0,0,1.0,1,1.0,1,1.0,1,0.15917439614507548,80
3783,1,7908,2783,5125,0,0,0,1.0,1,1.0,1,1.0,1,0.17584999037562837,80
3784,0,7908,2783,5125,0,0,0,1.0,1,1.0,1,1.0,1,0.1812318345570337,79
3785,4,7912,2783,5129,0,0,0,1.0,1,1.0,1,1.0,1,0.16993538913526612,77
3786,0,7912,2783,5129,0,0,0,1.0,1,1.0,1,1.0,1,0.1631626893722884,78
3787,1,7913,2783,5130,0,0,0,1.0,1,1.0,1,1.0,1,0.16196276155252773,77
3788,5,7918,2784,5134,0,0,0,1.0,1,1.0,1,1.0,1,0.16631986344970012,78
3789,7,7925,2786,5139,0,0,0,1.0,1,1.0,1,1.0,1,0.1524260811704774,77
3790,2,7927,2787,5140,0,0,0,1.0,1,1.0,1,1.0,1,0.15955853302386633,77
3791,1,7928,2788,5140,0,0,0,1.0,1,1.0,1,1.0,1,0.16619876930420674,77
3792,0,7928,2788,5140,0,0,0,1.0,1,1.0,1,1.0,1,0.15165657689543863,78
3793,2,7930,2788,5142,0,0,0,1.0,1,1.0,1,1.0,1,0.1329854075859865,80
3794,3,7933,2788,5145,0,0,0,1.0,1,1.0,1,1.0,1,0.1079685823311432,82
3795,1,7934,2788,5146,0,0,0,1.0,1,1.0,1,1.0,1,0.10371920831459903,83
3796,1,7935,2789,5146,0,0,0,1.0,1,1.0,1,1.0,1,0.09378872672962824,83
3797,2,7937,2789,5148,0,0,0,1.0,1,1.0,1,1.0,1,0.09754382325519798,82
3798,1,7938,2790,5148,0,0,0,1.0,1,1.0,1,1.0,1,0.09859703710117108,82
3799,0,7938,2790,5148,0,0,0,1.0,1,1.0,1,1.0,1,0.10865506354442618,83
3800,3,7941,2790,5151,0,0,0,1.0,1,1.0,1,1.0,1,0.12168058967838356,83
3801,4,7945,2791,5154,0,0,0,1.0,1,1.0,1,1.0,1,0.10585217712424305,83
3802,0,7945,2791,5154,0,0,0,1.0,1,1.0,1,1.0,1,0.121227707095898,82
3803,2,7947,2791,5156,0,0,0,1.0,1,1.0,1,1.0,1,0.11453167197783798,84
3804,1,7948,2791,5157,0,0,0,1.0,1,1.0,1,1.0,1,0.10283917672573514,84
3805,3,7951,2792,5159,0,0,0,1.0,1,1.0,1,1.0,1,0.1259241966750831,86
3806,0,7951,2792,5159,0,0,0,1.0,1,1.0,1,1.0,1,0.1259241966750831,86
3807,4,7955,2793,5162,0,0,0,1.0,1,1.0,1,1.0,1,0.15097483573326453,86
3808,4,7959,2793,5166,0,0,0,1.0,1,1.0,1,1.0,1,0.1281021486833738,85
3809,6,7965,2794,5171,0,0,0,1.0,1,1.0,1,1.0,1,0.11788129406662308,85
3810,0,7965,2794,5171,0,0,0,1.0,1,1.0,1,1.0,1,0.11788129406662308,85
3811,1,7966,2795,5171,0,0,0,1.0,1,1.0,1,1.0,1,0.12709736043569847,84
3812,0,7966,2795,5171,0,0,0,1.0,1,1.0,1,1.0,1,0.13150702916438187,83
3813,3,7969,2795,5174,0,0,0,1.0,1,1.0,1,1.0,1,0.10660796492520423,82
3814,1,7970,2796,5174,0,0,0,1.0,1,1.0,1,1.0,1,0.11911685737448828,81
3815,3,7973,2796,5177,0,0,0,1.0,1,1.0,1,1.0,1,0.10623411317028753,82
3816,1,7974,2796,5178,0,0,0,1.0,1,1.0,1,1.0,1,0.09249324707781593,81
3817,3,7977,2797,5180,0,0,0,1.0,1,1.0,1,1.0,1,0.08596765444676016,81
3818,2,7979,2799,5180,0,0,0,1.0,1,1.0,1,1.0,1,0.12926028547095272,81
3819,4,7983,2801,5182,0,0,0,1.0,1,1.0,1,1.0,1,0.15640702429700035,82
3820,6,7989,2801,5188,0,0,0,1.0,1,1.0,1,1.0,1,0.14947745836596305,84
3821,3,7992,2801,5191,0,0,0,1.0,1,1.0,1,1.0,1,0.13668116849729325,84
3822,1,7993,2801,5192,0,0,0,1.0,1,1.0,1,1.0,1,0.11387959389406938,82
3823,1,7994,2802,5192,0,0,0,1.0,1,1.0,1,1.0,1,0.11458820575376505,81
3824,0,7994,2802,5192,0,0,0,1.0,1,1.0,1,1.0,1,0.1395561957603801,78
3825,5,7999,2802,5197,0,0,0,1.0,1,1.0,1,1.0,1,0.12615288144249953,76
3826,1,8000,2803,5197,0,0,0,1.0,1,1.0,1,1.0,1,0.15438657760302,76
3827,1,8001,2804,5197,0,0,0,1.0,1,1.0,1,1.0,1,0.1782907859086088,75
3828,1,8002,2805,5197,0,0,0,1.0,1,1.0,1,1.0,1,0.18175030877749057,74
3829,6,8008,2805,5203,0,0,0,1.0,1,1.0,1,1.0,1,0.15100102908151355,74
3830,1,8009,2805,5204,0,0,0,1.0,1,1.0,1,1.0,1,0.14739365124983905,74
3831,3,8012,2807,5205,0,0,0,1.0,1,1.0,1,1.0,1,0.16410766114440012,74
3832,3,8015,2808,5207,0,0,0,1.0,1,1.0,1,1.0,1,0.15909538993851544,73
3833,6,8021,2811,5210,0,0,0,1.0,1,1.0,1,1.0,1,0.17243261180565,73
3834,4,8025,2811,5214,0,0,0,1.0,1,1.0,1,1.0,1,0.16344570945239598,74
3835,4,8029,2812,5217,0,0,0,1.0,1,1.0,1,1.0,1,0.17559728029116978,75
3836,4,8033,2812,5221,0,0,0,1.0,1,1.0,1,1.0,1,0.1676253723194515,75
3837,9,8042,2813,5229,0,0,0,1.0,1,1.0,1,1.0,1,0.13631592765400452,78
3838,2,8044,2814,5230,0,0,0,1.0,1,1.0,1,1.0,1,0.13310310092814073,78
3839,4,8048,2814,5234,0,0,0,1.0,1,1.0,1,1.0,1,0.09938331326712944,79
3840,4,8052,2815,5237,0,0,0,1.0,1,1.0,1,1.0,1,0.11291766388699939,82
3841,2,8054,2815,5239,0,0,0,1.0,1,1.0,1,1.0,1,0.09322860801488153,82
3842,0,8054,2815,5239,0,0,0,1.0,1,1.0,1,1.0,1,0.09164100997353136,82
3843,1,8055,2815,5240,0,0,0,1.0,1,1.0,1,1.0,1,0.0848728790509744,82
3844,0,8055,2815,5240,0,0,0,1.0,1,1.0,1,1.0,1,0.09360462885016364,83
3845,1,8056,2815,5241,0,0,0,1.0,1,1.0,1,1.0,1,0.09187394129849374,84
3846,2,8058,2815,5243,0,0,0,1.0,1,1.0,1,1.0,1,0.08149726130793743,85
3847,0,8058,2815,5243,0,0,0,1.0,1,1.0,1,1.0,1,0.09235295321947334,84
3848,1,8059,2816,5243,0,0,0,1.0,1,1.0,1,1.0,1,0.10467049100519138,84
3849,4,8063,2816,5247,0,0,0,1.0,1,1.0,1,1.0,1,0.09501477828932746,83
3850,0,8063,2816,5247,0,0,0,1.0,1,1.0,1,1.0,1,0.12133959345196695,80
3851,0,8063,2816,5247,0,0,0,1.0,1,1.0,1,1.0,1,0.12133959345196695,80
3852,1,8064,2817,5247,0,0,0,1.0,1,1.0,1,1.0,1,0.14603362560089025,79
3853,6,8070,2817,5253,0,0,0,1.0,1,1.0,1,1.0,1,0.09870959654368154,79
3854,3,8073,2819,5254,0,0,0,1.0,1,1.0,1,1.0,1,0.12229204683857961,78
3855,1,8074,2820,5254,0,0,0,1.0,1,1.0,1,1.0,1,0.14679709451795095,78
3856,2,8076,2821,5255,0,0,0,1.0,1,1.0,1,1.0,1,0.16701845681374156,80
3857,6,8082,2822,5260,0,0,0,1.0,1,1.0,1,1.0,1,0.1315444124036753,81
3858,2,8084,2823,5261,0,0,0,1.0,1,1.0,1,1.0,1,0.1370543510485947,81
3859,0,8084,2823,5261,0,0,0,1.0,1,1.0,1,1.0,1,0.1428101507825265,83
3860,2,8086,2824,5262,0,0,0,1.0,1,1.0,1,1.0,1,0.14609196942239241,82
3861,5,8091,2824,5267,0,0,0,1.0,1,1.0,1,1.0,1,0.13153047333802156,84
3862,2,8093,2825,5268,0,0,0,1.0,1,1.0,1,1.0,1,0.13839681093434003,85
3863,3,8096,2825,5271,0,0,0,1.0,1,1.0,1,1.0,1,0.1354984792660922,84
3864,2,8098,2826,5272,0,0,0,1.0,1,1.0,1,1.0,1,0.1271666447998457,83
3865,3,8101,2827,5274,0,0,0,1.0,1,1.0,1,1.0,1,0.11471700428345902,82
3866,1,8102,2828,5274,0,0,0,1.0,1,1.0,1,1.0,1,0.11167188859597425,81
3867,4,8106,2831,5275,0,0,0,1.0,1,1.0,1,1.0,1,0.11695717555496746,81
3868,3,8109,2832,5277,0,0,0,1.0,1,1.0,1,1.0,1,0.1352535435908128,81
3869,6,8115,2832,5283,0,0,0,1.0,1,1.0,1,1.0,1,0.09601173511121538,81
3870,0,8115,2832,5283,0,0,0,1.0,1,1.0,1,1.0,1,0.09104270253488661,80
3871,0,8115,2832,5283,0,0,0,1.0,1,1.0,1,1.0,1,0.08829592416982836,82
3872,4,8119,2833,5286,0,0,0,1.0,1,1.0,1,1.0,1,0.0761853838522463,81
3873,0,8119,2833,5286,0,0,0,1.0,1,1.0,1,1.0,1,0.0761853838522463,81
3874,1,8120,2833,5287,0,0,0,1.0,1,1.0,1,1.0,1,0.07005951523429964,78
3875,1,8121,2833,5288,0,0,0,1.0,1,1.0,1,1.0,1,0.06884121248040732,77
3876,2,8123,2835,5288,0,0,0,1.0,1,1.0,1,1.0,1,0.07080596297904238,78
3877,2,8125,2835,5290,0,0,0,1.0,1,1.0,1,1.0,1,0.07636675042604504,75
3878,0,8125,2835,5290,0,0,0,1.0,1,1.0,1,1.0,1,0.07636675042604504,75
3879,0,8125,2835,5290,0,0,0,1.0,1,1.0,1,1.0,1,0.10228116636174756,73
3880,0,8125,2835,5290,0,0,0,1.0,1,1.0,1,1.0,1,0.08872542898314772,74
3881,3,8128,2835,5293,0,0,0,1.0,1,1.0,1,1.0,1,0.06656909635838026,75
3882,1,8129,2835,5294,0,0,0,1.0,1,1.0,1,1.0,1,0.06913480440761299,76
3883,0,8129,2835,5294,0,0,0,1.0,1,1.0,1,1.0,1,0.071063743859475,77
3884,1,8130,2836,5294,0,0,0,1.0,1,1.0,1,1.0,1,0.09824985921952659,78
3885,4,8134,2836,5298,0,0,0,1.0,1,1.0,1,1.0,1,0.04773911428868854,78
3886,3,8137,2838,5299,0,0,0,1.0,1,1.0,1,1.0,1,0.08312646592779045,79
3887,10,8147,2840,5307,0,0,0,1.0,1,1.0,1,1.0,1,0.08552705792461035,78
3888,4,8151,2840,5311,0,0,0,1.0,1,1.0,1,1.0,1,0.08993292573500838,80
3889,2,8153,2840,5313,0,0,0,1.0,1,1.0,1,1.0,1,0.06453197151452708,82
3890,7,8160,2842,5318,0,0,0,1.0,1,1.0,1,1.0,1,0.07132134277004992,82
3891,5,8165,2844,5321,0,0,0,1.0,1,1.0,1,1.0,1,0.06517111606142446,85
3892,5,8170,2846,5324,0,0,0,1.0,1,1.0,1,1.0,1,0.09941324465747581,87
3893,6,8176,2846,5330,0,0,0,1.0,1,1.0,1,1.0,1,0.07005188299113674,86
3894,1,8177,2846,5331,0,0,0,1.0,1,1.0,1,1.0,1,0.06140552162446811,87
3895,1,8178,2847,5331,0,0,0,1.0,1,1.0,1,1.0,1,0.07083417462708014,87
3896,0,8178,2847,5331,0,0,0,1.0,1,1.0,1,1.0,1,0.0951899231606459,85
3897,4,8182,2848,5334,0,0,0,1.0,1,1.0,1,1.0,1,0.09071859917527224,85
3898,8,8190,2849,5341,0,0,0,1.0,1,1.0,1,1.0,1,0.11392155944220492,86
3899,3,8193,2849,5344,0,0,0,1.0,1,1.0,1,1.0,1,0.11606317024326215,86
3900,5,8198,2849,5349,0,0,0,1.0,1,1.0,1,1.0,1,0.10703099341832256,86
3901,7,8205,2851,5354,0,0,0,1.0,1,1.0,1,1.0,1,0.08497267538043608,86
3902,1,8206,2851,5355,0,0,0,1.0,1,1.0,1,1.0,1,0.08744975915715032,87
3903,2,8208,2852,5356,0,0,0,1.0,1,1.0,1,1.0,1,0.08291879249443507,87
3904,2,8210,2854,5356,0,0,0,1.0,1,1.0,1,1.0,1,0.108585939001459,85
3905,7,8217,2854,5363,0,0,0,1.0,1,1.0,1,1.0,1,0.07220608795084742,84
3906,1,8218,2855,5363,0,0,0,1.0,1,1.0,1,1.0,1,0.07150254322048852,86
3907,3,8221,2855,5366,0,0,0,1.0,1,1.0,1,1.0,1,0.06933862337907322,84
3908,3,8224,2856,5368,0,0,0,1.0,1,1.0,1,1.0,1,0.0760414304307013,83
3909,4,8228,2858,5370,0,0,0,1.0,1,1.0,1,1.0,1,0.09260320700181277,81
3910,4,8232,2860,5372,0,0,0,1.0,1,1.0,1,1.0,1,0.09124401197718446,82
3911,3,8235,2862,5373,0,0,0,1.0,1,1.0,1,1.0,1,0.07552383431379889,81
3912,2,8237,2864,5373,0,0,0,1.0,1,1.0,1,1.0,1,0.07855454181831502,80
3913,5,8242,2866,5376,0,0,0,1.0,1,1.0,1,1.0,1,0.06915314821599877,80
3914,1,8243,2867,5376,0,0,0,1.0,1,1.0,1,1.0,1,0.10486186644519711,81
3915,5,8248,2870,5378,0,0,0,1.0,1,1.0,1,1.0,1,0.1222473525699206,81
3916,8,8256,2873,5383,0,0,0,1.0,1,1.0,1,1.0,1,0.15256847807541818,81
3917,5,8261,2873,5388,0,0,0,1.0,1,1.0,1,1.0,1,0.10825477229210746,82
3918,6,8267,2874,5393,0,0,0,1.0,1,1.0,1,1.0,1,0.09803255516577111,85
3919,2,8269,2875,5394,0,0,0,1.0,1,1.0,1,1.0,1,0.09053150200360692,85
3920,2,8271,2875,5396,0,0,0,1.0,1,1.0,1,1.0,1,0.09053150200360692,85
3921,3,8274,2876,5398,0,0,0,1.0,1,1.0,1,1.0,1,0.08230084992435258,88
3922,4,8278,2877,5401,0,0,0,1.0,1,1.0,1,1.0,1,0.08429990239228798,88
3923,1,8279,2877,5402,0,0,0,1.0,1,1.0,1,1.0,1,0.07678348043467809,89
3924,2,8281,2877,5404,0,0,0,1.0,1,1.0,1,1.0,1,0.07609093941442657,90
3925,4,8285,2878,5407,0,0,0,1.0,1,1.0,1,1.0,1,0.08077274146216178,88
3926,1,8286,2879,5407,0,0,0,1.0,1,1.0,1,1.0,1,0.08461312891036238,89
3927,2,8288,2880,5408,0,0,0,1.0,1,1.0,1,1.0,1,0.09765439127575844,89
3928,0,8288,2880,5408,0,0,0,1.0,1,1.0,1,1.0,1,0.08938547493277303,88
3929,3,8291,2880,5411,0,0,0,1.0,1,1.0,1,1.0,1,0.06867382813498377,88
3930,0,8291,2880,5411,0,0,0,1.0,1,1.0,1,1.0,1,0.07997548556989639,87
3931,3,8294,2882,5412,0,0,0,1.0,1,1.0,1,1.0,1,0.09942942174882151,86
3932,1,8295,2883,5412,0,0,0,1.0,1,1.0,1,1.0,1,0.11345696916041192,85
3933,7,8302,2884,5418,0,0,0,1.0,1,1.0,1,1.0,1,0.08775332178241037,84
3934,3,8305,2884,5421,0,0,0,1.0,1,1.0,1,1.0,1,0.06964909932694568,85
3935,4,8309,2886,5423,0,0,0,1.0,1,1.0,1,1.0,1,0.07805055364888769,84
3936,3,8312,2886,5426,0,0,0,1.0,1,1.0,1,1.0,1,0.09119509987947133,84
3937,5,8317,2887,5430,0,0,0,1.0,1,1.0,1,1.0,1,0.07485980953084953,82
3938,1,8318,2887,5431,0,0,0,1.0,1,1.0,1,1.0,1,0.06380165774043281,82
3939,0,8318,2887,5431,0,0,0,1.0,1,1.0,1,1.0,1,0.06436428554621114,84
3940,2,8320,2889,5431,0,0,0,1.0,1,1.0,1,1.0,1,0.08070045041980435,84
3941,3,8323,2889,5434,0,0,0,1.0,1,1.0,1,1.0,1,0.0527978210563571,85
3942,1,8324,2889,5435,0,0,0,1.0,1,1.0,1,1.0,1,0.05047803853683757,85
3943,0,8324,2889,5435,0,0,0,1.0,1,1.0,1,1.0,1,0.04546298256687797,84
3944,4,8328,2891,5437,0,0,0,1.0,1,1.0,1,1.0,1,0.07434197816736351,83
3945,2,8330,2892,5438,0,0,0,1.0,1,1.0,1,1.0,1,0.06952844483348261,83
3946,2,8332,2894,5438,0,0,0,1.0,1,1.0,1,1.0,1,0.1192202102868671,83
3947,1,8333,2894,5439,0,0,0,1.0,1,1.0,1,1.0,1,0.11492670079506428,83
3948,3,8336,2895,5441,0,0,0,1.0,1,1.0,1,1.0,1,0.12534981551553473,84
3949,4,8340,2895,5445,0,0,0,1.0,1,1.0,1,1.0,1,0.11378736623641252,84
3950,3,8343,2896,5447,0,0,0,1.0,1,1.0,1,1.0,1,0.11041860009693844,86
3951,2,8345,2896,5449,0,0,0,1.0,1,1.0,1,1.0,1,0.1118247495899328,87
3952,0,8345,2896,5449,0,0,0,1.0,1,1.0,1,1.0,1,0.1114534765654831,86
3953,7,8352,2898,5454,0,0,0,1.0,1,1.0,1,1.0,1,0.09289866575828291,86
3954,4,8356,2898,5458,0,0,0,1.0,1,1.0,1,1.0,1,0.07184144490837405,85
3955,1,8357,2898,5459,0,0,0,1.0,1,1.0,1,1.0,1,0.11127697654490688,85
3956,1,8358,2898,5460,0,0,0,1.0,1,1.0,1,1.0,1,0.11914690958315241,84
3957,5,8363,2898,5465,0,0,0,1.0,1,1.0,1,1.0,1,0.07947981256638154,85
3958,1,8364,2898,5466,0,0,0,1.0,1,1.0,1,1.0,1,0.07585304806084053,84
3959,1,8365,2898,5467,0,0,0,1.0,1,1.0,1,1.0,1,0.090733444405721,83
3960,4,8369,2900,5469,0,0,0,1.0,1,1.0,1,1.0,1,0.11269513299728455,84
3961,4,8373,2900,5473,0,0,0,1.0,1,1.0,1,1.0,1,0.09634240586359193,83
3962,3,8376,2902,5474,0,0,0,1.0,1,1.0,1,1.0,1,0.10458690593003915,84
3963,2,8378,2903,5475,0,0,0,1.0,1,1.0,1,1.0,1,0.11531685883028661,81
3964,5,8383,2905,5478,0,0,0,1.0,1,1.0,1,1.0,1,0.10730690091712675,81
3965,3,8386,2905,5481,0,0,0,1.0,1,1.0,1,1.0,1,0.060922073981494664,81
3966,1,8387,2906,5481,0,0,0,1.0,1,1.0,1,1.0,1,0.08028900002598291,79
3967,2,8389,2907,5482,0,0,0,1.0,1,1.0,1,1.0,1,0.08547328283710373,81
3968,0,8389,2907,5482,0,0,0,1.0,1,1.0,1,1.0,1,0.10273278927812984,79
3969,10,8399,2912,5487,0,0,0,1.0,1,1.0,1,1.0,1,0.09942598132375141,79
3970,1,8400,2913,5487,0,0,0,1.0,1,1.0,1,1.0,1,0.12295424739542768,78
3971,0,8400,2913,5487,0,0,0,1.0,1,1.0,1,1.0,1,0.1268350367872452,77
3972,1,8401,2914,5487,0,0,0,1.0,1,1.0,1,1.0,1,0.13394128341804973,78
3973,6,8407,2915,5492,0,0,0,1.0,1,1.0,1,1.0,1,0.11507587880612773,77
3974,0,8407,2915,5492,0,0,0,1.0,1,1.0,1,1.0,1,0.11507587880612773,77
3975,5,8412,2917,5495,0,0,0,1.0,1,1.0,1,1.0,1,0.151605705028534,76
3976,4,8416,2917,5499,0,0,0,1.0,1,1.0,1,1.0,1,0.15611341355190195,77
3977,6,8422,2917,5505,0,0,0,1.0,1,1.0,1,1.0,1,0.13525138342556517,78
3978,3,8425,2918,5507,0,0,0,1.0,1,1.0,1,1.0,1,0.13628596613968844,79
3979,1,8426,2918,5508,0,0,0,1.0,1,1.0,1,1.0,1,0.13054036094743623,79
3980,1,8427,2918,5509,0,0,0,1.0,1,1.0,1,1.0,1,0.12832278245143736,79
3981,4,8431,2919,5512,0,0,0,1.0,1,1.0,1,1.0,1,0.1370558173877018,83
3982,4,8435,2920,5515,0,0,0,1.0,1,1.0,1,1.0,1,0.11367943935540523,83
3983,0,8435,2920,5515,0,0,0,1.0,1,1.0,1,1.0,1,0.11971142092297264,82
3984,0,8435,2920,5515,0,0,0,1.0,1,1.0,1,1.0,1,0.12122325641569238,83
3985,2,8437,2921,5516,0,0,0,1.0,1,1.0,1,1.0,1,0.13552364068950495,84
3986,6,8443,2924,5519,0,0,0,1.0,1,1.0,1,1.0,1,0.1512410711830884,83
3987,3,8446,2925,5521,0,0,0,1.0,1,1.0,1,1.0,1,0.14289365067544557,82
3988,3,8449,2926,5523,0,0,0,1.0,1,1.0,1,1.0,1,0.14657080326153168,83
3989,5,8454,2926,5528,0,0,0,1.0,1,1.0,1,1.0,1,0.1267443574858039,81
3990,1,8455,2926,5529,0,0,0,1.0,1,1.0,1,1.0,1,0.12465679307740747,81
3991,0,8455,2926,5529,0,0,0,1.0,1,1.0,1,1.0,1,0.1386737960995827,79
3992,4,8459,2927,5532,0,0,0,1.0,1,1.0,1,1.0,1,0.10630202350794099,81
3993,3,8462,2928,5534,0,0,0,1.0,1,1.0,1,1.0,1,0.08503687888423025,80
3994,1,8463,2929,5534,0,0,0,1.0,1,1.0,1,1.0,1,0.08664362782049058,80
3995,0,8463,2929,5534,0,0,0,1.0,1,1.0,1,1.0,1,0.07755285582932567,81
3996,0,8463,2929,5534,0,0,0,1.0,1,1.0,1,1.0,1,0.102918715160926,80
3997,2,8465,2930,5535,0,0,0,1.0,1,1.0,1,1.0,1,0.09323250447876233,81
3998,1,8466,2930,5536,0,0,0,1.0,1,1.0,1,1.0,1,0.07123715878420778,82
3999,1,8467,2930,5537,0,0,0,1.0,1,1.0,1,1.0,1,0.06854383588496318,82
4000,2,8469,2932,5537,0,0,0,1.0,1,1.0,1,1.0,1,0.08247548950651623,82
4001,2,8471,2934,5537,0,0,0,1.0,1,1.0,1,1.0,1,0.0954245566054512,81
4002,4,8475,2936,5539,0,0,0,1.0,1,1.0,1,1.0,1,0.09550059983713646,81
4003,1,8476,2937,5539,0,0,0,1.0,1,1.0,1,1.0,1,0.10504632954219509,81
4004,4,8480,2939,5541,0,0,0,1.0,1,1.0,1,1.0,1,0.11876049892680403,80
4005,7,8487,2942,5545,0,0,0,1.0,1,1.0,1,1.0,1,0.13882352761752959,78
4006,4,8491,2943,5548,0,0,0,1.0,1,1.0,1,1.0,1,0.11302652833302143,76
4007,0,8491,2943,5548,0,0,0,1.0,1,1.0,1,1.0,1,0.11298082012433923,75
4008,0,8491,2943,5548,0,0,0,1.0,1,1.0,1,1.0,1,0.11276908984553226,74
4009,4,8495,2945,5550,0,0,0,1.0,1,1.0,1,1.0,1,0.14161729826077435,75
4010,5,8500,2946,5554,0,0,0,1.0,1,1.0,1,1.0,1,0.10760084040980672,75
4011,2,8502,2947,5555,0,0,0,1.0,1,1.0,1,1.0,1,0.12825385253316962,74
4012,2,8504,2948,5556,0,0,0,1.0,1,1.0,1,1.0,1,0.1460565101702647,74
4013,6,8510,2949,5561,0,0,0,1.0,1,1.0,1,1.0,1,0.11535130999829885,74
4014,2,8512,2951,5561,0,0,0,1.0,1,1.0,1,1.0,1,0.14172630492300337,73
4015,1,8513,2951,5562,0,0,0,1.0,1,1.0,1,1.0,1,0.14667636008812748,74
4016,3,8516,2952,5564,0,0,0,1.0,1,1.0,1,1.0,1,0.16898688601508602,74
4017,8,8524,2954,5570,0,0,0,1.0,1,1.0,1,1.0,1,0.1681282084516822,78
4018,2,8526,2955,5571,0,0,0,1.0,1,1.0,1,1.0,1,0.17960904072777142,78
4019,2,8528,2955,5573,0,0,0,1.0,1,1.0,1,1.0,1,0.1794435251829152,78
4020,0,8528,2955,5573,0,0,0,1.0,1,1.0,1,1.0,1,0.1794435251829152,78
4021,3,8531,2955,5576,0,0,0,1.0,1,1.0,1,1.0,1,0.15559481804329459,78
4022,3,8534,2956,5578,0,0,0,1.0,1,1.0,1,1.0,1,0.13692084961301088,79
4023,0,8534,2956,5578,0,0,0,1.0,1,1.0,1,1.0,1,0.13654284477621215,78
4024,0,8534,2956,5578,0,0,0,1.0,1,1.0,1,1.0,1,0.13799330421829414,77
4025,6,8540,2957,5583,0,0,0,1.0,1,1.0,1,1.0,1,0.09372518769426079,76
4026,1,8541,2958,5583,0,0,0,1.0,1,1.0,1,1.0,1,0.10094904115046405,76
4027,5,8546,2962,5584,0,0,0,1.0,1,1.0,1,1.0,1,0.12997036955185848,75
4028,3,8549,2962,5587,0,0,0,1.0,1,1.0,1,1.0,1,0.1115706270852972,76
4029,1,8550,2962,5588,0,0,0,1.0,1,1.0,1,1.0,1,0.09604835962023538,75
4030,0,8550,2962,5588,0,0,0,1.0,1,1.0,1,1.0,1,0.09942266874971638,74
4031,3,8553,2964,5589,0,0,0,1.0,1,1.0,1,1.0,1,0.10469925362778466,73
4032,0,8553,2964,5589,0,0,0,1.0,1,1.0,1,1.0,1,0.11002509904717535,71
4033,4,8557,2965,5592,0,0,0,1.0,1,1.0,1,1.0,1,0.08205131332565724,73
4034,3,8560,2967,5593,0,0,0,1.0,1,1.0,1,1.0,1,0.07935624845666082,72
4035,0,8560,2967,5593,0,0,0,1.0,1,1.0,1,1.0,1,0.08909097627558298,71
4036,3,8563,2969,5594,0,0,0,1.0,1,1.0,1,1.0,1,0.07263383321366931,71
4037,2,8565,2970,5595,0,0,0,1.0,1,1.0,1,1.0,1,0.09052767613257424,70
4038,1,8566,2971,5595,0,0,0,1.0,1,1.0,1,1.0,1,0.09502060089325434,69
4039,3,8569,2972,5597,0,0,0,1.0,1,1.0,1,1.0,1,0.11111547646260073,68
4040,3,8572,2974,5598,0,0,0,1.0,1,1.0,1,1.0,1,0.14847025468264285,69
4041,3,8575,2975,5600,0,0,0,1.0,1,1.0,1,1.0,1,0.1711025864207858,67
4042,3,8578,2976,5602,0,0,0,1.0,1,1.0,1,1.0,1,0.21539216875206776,67
4043,3,8581,2977,5604,0,0,0,1.0,1,1.0,1,1.0,1,0.22725188917242645,66
4044,7,8588,2979,5609,0,0,0,1.0,1,1.0,1,1.0,1,0.22561705815149397,65
4045,6,8594,2979,5615,0,0,0,1.0,1,1.0,1,1.0,1,0.18115651998849086,66
4046,1,8595,2979,5616,0,0,0,1.0,1,1.0,1,1.0,1,0.1688976175064769,68
4047,1,8596,2979,5617,0,0,0,1.0,1,1.0,1,1.0,1,0.15909317263458267,68
4048,0,8596,2979,5617,0,0,0,1.0,1,1.0,1,1.0,1,0.16344438997551466,69
4049,2,8598,2980,5618,0,0,0,1.0,1,1.0,1,1.0,1,0.16520209943124134,69
4050,1,8599,2980,5619,0,0,0,1.0,1,1.0,1,1.0,1,0.15247157520964177,69
4051,1,8600,2980,5620,0,0,0,1.0,1,1.0,1,1.0,1,0.14699339961538294,69
4052,1,8601,2980,5621,0,0,0,1.0,1,1.0,1,1.0,1,0.13721508204813,69
4053,0,8601,2980,5621,0,0,0,1.0,1,1.0,1,1.0,1,0.13721508204813,69
4054,1,8602,2981,5621,0,0,0,1.0,1,1.0,1,1.0,1,0.14184363640943706,70
4055,2,8604,2981,5623,0,0,0,1.0,1,1.0,1,1.0,1,0.12661588047701675,70
4056,1,8605,2981,5624,0,0,0,1.0,1,1.0,1,1.0,1,0.114843250685329,70
4057,3,8608,2981,5627,0,0,0,1.0,1,1.0,1,1.0,1,0.09856234818844481,71
4058,0,8608,2981,5627,0,0,0,1.0,1,1.0,1,1.0,1,0.09856234818844481,71
4059,1,8609,2982,5627,0,0,0,1.0,1,1.0,1,1.0,1,0.11947032453058236,72
4060,0,8609,2982,5627,0,0,0,1.0,1,1.0,1,1.0,1,0.12771582701992268,71
4061,3,8612,2984,5628,0,0,0,1.0,1,1.0,1,1.0,1,0.14130903942339781,72
4062,3,8615,2985,5630,0,0,0,1.0,1,1.0,1,1.0,1,0.14419117633795622,72
4063,5,8620,2987,5633,0,0,0,1.0,1,1.0,1,1.0,1,0.15060447450954367,72
4064,3,8623,2988,5635,0,0,0,1.0,1,1.0,1,1.0,1,0.10833613466163255,71
4065,2,8625,2989,5636,0,0,0,1.0,1,1.0,1,1.0,1,0.09273153057330905,70
4066,3,8628,2991,5637,0,0,0,1.0,1,1.0,1,1.0,1,0.10472706361429536,70
4067,1,8629,2991,5638,0,0,0,1.0,1,1.0,1,1.0,1,0.08808037017380467,68
4068,3,8632,2993,5639,0,0,0,1.0,1,1.0,1,1.0,1,0.0961766637896954,70
4069,4,8636,2995,5641,0,0,0,1.0,1,1.0,1,1.0,1,0.08590310160517323,68
4070,2,8638,2997,5641,0,0,0,1.0,1,1.0,1,1.0,1,0.1148450860722603,67
4071,1,8639,2997,5642,0,0,0,1.0,1,1.0,1,1.0,1,0.13318024243598636,68
4072,4,8643,2998,5645,0,0,0,1.0,1,1.0,1,1.0,1,0.11507421176570286,70
4073,6,8649,3001,5648,0,0,0,1.0,1,1.0,1,1.0,1,0.0811822624926869,70
4074,7,8656,3007,5649,0,0,0,1.0,1,1.0,1,1.0,1,0.13155223411783706,71
4075,4,8660,3010,5650,0,0,0,1.0,1,1.0,1,1.0,1,0.1279372456340175,72
4076,5,8665,3011,5654,0,0,0,1.0,1,1.0,1,1.0,1,0.11294155911382164,73
4077,5,8670,3013,5657,0,0,0,1.0,1,1.0,1,1.0,1,0.132213203457796,72
4078,4,8674,3014,5660,0,0,0,1.0,1,1.0,1,1.0,1,0.16976894398612008,71
4079,3,8677,3014,5663,0,0,0,1.0,1,1.0,1,1.0,1,0.1734537890335463,69
4080,1,8678,3015,5663,0,0,0,1.0,1,1.0,1,1.0,1,0.17595385604395575,67
4081,3,8681,3015,5666,0,0,0,1.0,1,1.0,1,1.0,1,0.15472595808185968,66
4082,0,8681,3015,5666,0,0,0,1.0,1,1.0,1,1.0,1,0.1773841278377616,65
4083,6,8687,3017,5670,0,0,0,1.0,1,1.0,1,1.0,1,0.17024842151443004,64
4084,4,8691,3019,5672,0,0,0,1.0,1,1.0,1,1.0,1,0.18685137631926146,64
4085,5,8696,3019,5677,0,0,0,1.0,1,1.0,1,1.0,1,0.13542054055878824,65
4086,3,8699,3020,5679,0,0,0,1.0,1,1.0,1,1.0,1,0.13806413188221622,66
4087,2,8701,3020,5681,0,0,0,1.0,1,1.0,1,1.0,1,0.13396139594706105,66
4088,0,8701,3020,5681,0,0,0,1.0,1,1.0,1,1.0,1,0.1555486372042002,65
4089,2,8703,3021,5682,0,0,0,1.0,1,1.0,1,1.0,1,0.15047964782498377,65
4090,0,8703,3021,5682,0,0,0,1.0,1,1.0,1,1.0,1,0.1664998121865807,65
4091,1,8704,3021,5683,0,0,0,1.0,1,1.0,1,1.0,1,0.14832232054068364,65
4092,0,8704,3021,5683,0,0,0,1.0,1,1.0,1,1.0,1,0.16138234748021865,64
4093,5,8709,3021,5688,0,0,0,1.0,1,1.0,1,1.0,1,0.10974954189535649,66
4094,0,8709,3021,5688,0,0,0,1.0,1,1.0,1,1.0,1,0.13019865580205536,65
4095,1,8710,3022,5688,0,0,0,1.0,1,1.0,1,1.0,1,0.1355323492150344,65
4096,2,8712,3023,5689,0,0,0,1.0,1,1.0,1,1.0,1,0.14121085238092446,67
4097,4,8716,3025,5691,0,0,0,1.0,1,1.0,1,1.0,1,0.13233263318856497,67
4098,0,8716,3025,5691,0,0,0,1.0,1,1.0,1,1.0,1,0.14415772759241133,68
4099,1,8717,3025,5692,0,0,0,1.0,1,1.0,1,1.0,1,0.1486417658304278,69
4100,1,8718,3026,5692,0,0,0,1.0,1,1.0,1,1.0,1,0.1486483961919995,70
4101,7,8725,3027,5698,0,0,0,1.0,1,1.0,1,1.0,1,0.09377241802098125,71
4102,3,8728,3030,5698,0,0,0,1.0,1,1.0,1,1.0,1,0.12977349241758918,71
4103,3,8731,3031,5700,0,0,0,1.0,1,1.0,1,1.0,1,0.11690467935210587,71
4104,3,8734,3033,5701,0,0,0,1.0,1,1.0,1,1.0,1,0.15244863613082296,69
4105,5,8739,3033,5706,0,0,0,1.0,1,1.0,1,1.0,1,0.13549429637900748,67
4106,3,8742,3033,5709,0,0,0,1.0,1,1.0,1,1.0,1,0.11585129407693887,68
4107,2,8744,3033,5711,0,0,0,1.0,1,1.0,1,1.0,1,0.10024425431983723,70
4108,1,8745,3034,5711,0,0,0,1.0,1,1.0,1,1.0,1,0.10481459643727876,70
4109,3,8748,3034,5714,0,0,0,1.0,1,1.0,1,1.0,1,0.08331530011624251,69
4110,1,8749,3034,5715,0,0,0,1.0,1,1.0,1,1.0,1,0.07213270434662594,71
4111,1,8750,3034,5716,0,0,0,1.0,1,1.0,1,1.0,1,0.0613170646890494,70
4112,1,8751,3034,5717,0,0,0,1.0,1,1.0,1,1.0,1,0.05761989963011557,72
4113,0,8751,3034,5717,0,0,0,1.0,1,1.0,1,1.0,1,0.05761989963011557,72
4114,3,8754,3036,5718,0,0,0,1.0,1,1.0,1,1.0,1,0.09092535097145622,72
4115,3,8757,3039,5718,0,0,0,1.0,1,1.0,1,1.0,1,0.10645935135122836,70
4116,1,8758,3040,5718,0,0,0,1.0,1,1.0,1,1.0,1,0.11362342382887611,67
4117,3,8761,3042,5719,0,0,0,1.0,1,1.0,1,1.0,1,0.11673803531061351,67
4118,2,8763,3042,5721,0,0,0,1.0,1,1.0,1,1.0,1,0.11856110208939614,66
4119,3,8766,3044,5722,0,0,0,1.0,1,1.0,1,1.0,1,0.1524138842804041,67
4120,2,8768,3046,5722,0,0,0,1.0,1,1.0,1,1.0,1,0.21939336087913724,64
4121,10,8778,3048,5730,0,0,0,1.0,1,1.0,1,1.0,1,0.170423548355659,63
4122,2,8780,3049,5731,0,0,0,1.0,1,1.0,1,1.0,1,0.14815807022935135,63
4123,1,8781,3050,5731,0,0,0,1.0,1,1.0,1,1.0,1,0.1529533794014111,61
4124,5,8786,3052,5734,0,0,0,1.0,1,1.0,1,1.0,1,0.1446894194218324,62
4125,4,8790,3052,5738,0,0,0,1.0,1,1.0,1,1.0,1,0.10701877306827007,60
4126,2,8792,3054,5738,0,0,0,1.0,1,1.0,1,1.0,1,0.11409830872634388,59
4127,2,8794,3056,5738,0,0,0,1.0,1,1.0,1,1.0,1,0.1587665571779454,60
4128,2,8796,3057,5739,0,0,0,1.0,1,1.0,1,1.0,1,0.15845905291472046,60
4129,2,8798,3057,5741,0,0,0,1.0,1,1.0,1,1.0,1,0.14273767501446386,60
4130,2,8800,3059,5741,0,0,0,1.0,1,1.0,1,1.0,1,0.1412041778749434,61
4131,1,8801,3059,5742,0,0,0,1.0,1,1.0,1,1.0,1,0.14218697265325253,60
4132,7,8808,3062,5746,0,0,0,1.0,1,1.0,1,1.0,1,0.13849728655727073,60
4133,3,8811,3063,5748,0,0,0,1.0,1,1.0,1,1.0,1,0.14640671992778478,62
4134,1,8812,3064,5748,0,0,0,1.0,1,1.0,1,1.0,1,0.14407688528869,63
4135,3,8815,3065,5750,0,0,0,1.0,1,1.0,1,1.0,1,0.11118314850550505,65
4136,0,8815,3065,5750,0,0,0,1.0,1,1.0,1,1.0,1,0.11118314850550505,65
4137,1,8816,3066,5750,0,0,0,1.0,1,1.0,1,1.0,1,0.10873329716424159,66
4138,0,8816,3066,5750,0,0,0,1.0,1,1.0,1,1.0,1,0.11630668805067668,67
4139,2,8818,3068,5750,0,0,0,1.0,1,1.0,1,1.0,1,0.1447712778159388,67
4140,0,8818,3068,5750,0,0,0,1.0,1,1.0,1,1.0,1,0.13489861176265514,66
4141,0,8818,3068,5750,0,0,0,1.0,1,1.0,1,1.0,1,0.13303193015682527,67
4142,0,8818,3068,5750,0,0,0,1.0,1,1.0,1,1.0,1,0.13303193015682527,67
4143,3,8821,3069,5752,0,0,0,1.0,1,1.0,1,1.0,1,0.11856070055607645,66
4144,0,8821,3069,5752,0,0,0,1.0,1,1.0,1,1.0,1,0.13139003180018316,64
4145,8,8829,3073,5756,0,0,0,1.0,1,1.0,1,1.0,1,0.1470786816106647,63
4146,7,8836,3077,5759,0,0,0,1.0,1,1.0,1,1.0,1,0.15997900205192028,62
4147,1,8837,3077,5760,0,0,0,1.0,1,1.0,1,1.0,1,0.16825812512603544,60
4148,6,8843,3079,5764,0,0,0,1.0,1,1.0,1,1.0,1,0.14932280850611337,62
4149,4,8847,3079,5768,0,0,0,1.0,1,1.0,1,1.0,1,0.11313245529846286,61
4150,2,8849,3080,5769,0,0,0,1.0,1,1.0,1,1.0,1,0.10003555733307613,60
4151,2,8851,3082,5769,0,0,0,1.0,1,1.0,1,1.0,1,0.12035825387563032,60
4152,2,8853,3083,5770,0,0,0,1.0,1,1.0,1,1.0,1,0.12379324525133961,60
4153,1,8854,3083,5771,0,0,0,1.0,1,1.0,1,1.0,1,0.11319679337961401,58
4154,2,8856,3084,5772,0,0,0,1.0,1,1.0,1,1.0,1,0.123728425585379,57
4155,1,8857,3085,5772,0,0,0,1.0,1,1.0,1,1.0,1,0.1536960713966112,57
4156,2,8859,3085,5774,0,0,0,1.0,1,1.0,1,1.0,1,0.15043489250964145,58
4157,3,8862,3085,5777,0,0,0,1.0,1,1.0,1,1.0,1,0.11307893881745093,57
4158,0,8862,3085,5777,0,0,0,1.0,1,1.0,1,1.0,1,0.1602229623871599,55
4159,2,8864,3086,5778,0,0,0,1.0,1,1.0,1,1.0,1,0.15437533453344646,57
4160,3,8867,3088,5779,0,0,0,1.0,1,1.0,1,1.0,1,0.1782968706285886,58
4161,6,8873,3089,5784,0,0,0,1.0,1,1.0,1,1.0,1,0.14359750825440443,58
4162,0,8873,3089,5784,0,0,0,1.0,1,1.0,1,1.0,1,0.15807380898762974,57
4163,0,8873,3089,5784,0,0,0,1.0,1,1.0,1,1.0,1,0.16607814947290636,58
4164,4,8877,3091,5786,0,0,0,1.0,1,1.0,1,1.0,1,0.16664508808821502,56
4165,2,8879,3091,5788,0,0,0,1.0,1,1.0,1,1.0,1,0.13534946969779776,58
4166,0,8879,3091,5788,0,0,0,1.0,1,1.0,1,1.0,1,0.1404679335159409,57
4167,0,8879,3091,5788,0,0,0,1.0,1,1.0,1,1.0,1,0.14619886894101353,57
4168,0,8879,3091,5788,0,0,0,1.0,1,1.0,1,1.0,1,0.14973080648405285,58
4169,0,8879,3091,5788,0,0,0,1.0,1,1.0,1,1.0,1,0.14973080648405285,58
4170,2,8881,3092,5789,0,0,0,1.0,1,1.0,1,1.0,1,0.16000442529635653,58
4171,0,8881,3092,5789,0,0,0,1.0,1,1.0,1,1.0,1,0.17685744429211017,57
4172,2,8883,3092,5791,0,0,0,1.0,1,1.0,1,1.0,1,0.1486431304271619,57
4173,1,8884,3092,5792,0,0,0,1.0,1,1.0,1,1.0,1,0.15803507528926392,56
4174,1,8885,3093,5792,0,0,0,1.0,1,1.0,1,1.0,1,0.18321223756757957,56
4175,3,8888,3093,5795,0,0,0,1.0,1,1.0,1,1.0,1,0.16006426111695907,55
4176,0,8888,3093,5795,0,0,0,1.0,1,1.0,1,1.0,1,0.17198650142323513,57
4177,6,8894,3094,5800,0,0,0,1.0,1,1.0,1,1.0,1,0.13247867880081743,58
4178,4,8898,3096,5802,0,0,0,1.0,1,1.0,1,1.0,1,0.13320897203407894,60
4179,0,8898,3096,5802,0,0,0,1.0,1,1.0,1,1.0,1,0.12950517184366633,61
4180,0,8898,3096,5802,0,0,0,1.0,1,1.0,1,1.0,1,0.1306730018956896,62
4181,4,8902,3096,5806,0,0,0,1.0,1,1.0,1,1.0,1,0.09907352151602634,63
4182,1,8903,3096,5807,0,0,0,1.0,1,1.0,1,1.0,1,0.08573184130769891,63
4183,1,8904,3097,5807,0,0,0,1.0,1,1.0,1,1.0,1,0.09340237685585467,63
4184,1,8905,3098,5807,0,0,0,1.0,1,1.0,1,1.0,1,0.1059115314544915,63
4185,3,8908,3098,5810,0,0,0,1.0,1,1.0,1,1.0,1,0.0756172279109596,61
4186,3,8911,3100,5811,0,0,0,1.0,1,1.0,1,1.0,1,0.07757442719187828,62
4187,1,8912,3101,5811,0,0,0,1.0,1,1.0,1,1.0,1,0.08189857987521154,60
4188,2,8914,3102,5812,0,0,0,1.0,1,1.0,1,1.0,1,0.09011681907533065,60
4189,3,8917,3103,5814,0,0,0,1.0,1,1.0,1,1.0,1,0.08571318271751945,60
4190,3,8920,3106,5814,0,0,0,1.0,1,1.0,1,1.0,1,0.14124094732702427,61
4191,3,8923,3107,5816,0,0,0,1.0,1,1.0,1,1.0,1,0.12713236121662694,59
4192,1,8924,3108,5816,0,0,0,1.0,1,1.0,1,1.0,1,0.13917654360048703,58
4193,3,8927,3109,5818,0,0,0,1.0,1,1.0,1,1.0,1,0.134156988910822,57
4194,2,8929,3111,5818,0,0,0,1.0,1,1.0,1,1.0,1,0.15709084760510375,54
4195,2,8931,3112,5819,0,0,0,1.0,1,1.0,1,1.0,1,0.13510229584581976,55
4196,1,8932,3112,5820,0,0,0,1.0,1,1.0,1,1.0,1,0.13638881636971423,56
4197,4,8936,3113,5823,0,0,0,1.0,1,1.0,1,1.0,1,0.11320070993086855,55
4198,1,8937,3114,5823,0,0,0,1.0,1,1.0,1,1.0,1,0.18469372667694808,56
4199,1,8938,3115,5823,0,0,0,1.0,1,1.0,1,1.0,1,0.19598066979849946,55
4200,0,8938,3115,5823,0,0,0,1.0,1,1.0,1,1.0,1,0.1959191810074101,55
4201,4,8942,3115,5827,0,0,0,1.0,1,1.0,1,1.0,1,0.16285565058563278,56
4202,0,8942,3115,5827,0,0,0,1.0,1,1.0,1,1.0,1,0.16285565058563278,56
4203,0,8942,3115,5827,0,0,0,1.0,1,1.0,1,1.0,1,0.17363720918563058,57
4204,2,8944,3116,5828,0,0,0,1.0,1,1.0,1,1.0,1,0.1774023916864568,57
4205,4,8948,3116,5832,0,0,0,1.0,1,1.0,1,1.0,1,0.11487627710618976,58
4206,1,8949,3117,5832,0,0,0,1.0,1,1.0,1,1.0,1,0.12850653769739148,58
4207,1,8950,3118,5832,0,0,0,1.0,1,1.0,1,1.0,1,0.12215288374741014,58
4208,1,8951,3118,5833,0,0,0,1.0,1,1.0,1,1.0,1,0.1175976428479585,60
4209,2,8953,3120,5833,0,0,0,1.0,1,1.0,1,1.0,1,0.1274219256628783,61
4210,1,8954,3120,5834,0,0,0,1.0,1,1.0,1,1.0,1,0.1029583061710174,62
4211,4,8958,3122,5836,0,0,0,1.0,1,1.0,1,1.0,1,0.11218250376227265,63
4212,1,8959,3122,5837,0,0,0,1.0,1,1.0,1,1.0,1,0.10283052029547401,64
4213,0,8959,3122,5837,0,0,0,1.0,1,1.0,1,1.0,1,0.10520900132967591,65
4214,0,8959,3122,5837,0,0,0,1.0,1,1.0,1,1.0,1,0.08547843582243694,65
4215,0,8959,3122,5837,0,0,0,1.0,1,1.0,1,1.0,1,0.08547843582243694,65
4216,0,8959,3122,5837,0,0,0,1.0,1,1.0,1,1.0,1,0.10051622505950082,64
4217,2,8961,3123,5838,0,0,0,1.0,1,1.0,1,1.0,1,0.11153295094847396,65
4218,0,8961,3123,5838,0,0,0,1.0,1,1.0,1,1.0,1,0.11153295094847396,65
4219,0,8961,3123,5838,0,0,0,1.0,1,1.0,1,1.0,1,0.11153295094847396,65
4220,1,8962,3124,5838,0,0,0,1.0,1,1.0,1,1.0,1,0.1309995659281616,65
4221,6,8968,3127,5841,0,0,0,1.0,1,1.0,1,1.0,1,0.16855024586213338,67
4222,1,8969,3127,5842,0,0,0,1.0,1,1.0,1,1.0,1,0.16839965638167492,68
4223,1,8970,3128,5842,0,0,0,1.0,1,1.0,1,1.0,1,0.17123679933413632,68
4224,1,8971,3129,5842,0,0,0,1.0,1,1.0,1,1.0,1,0.16938040323276207,68
4225,2,8973,3129,5844,0,0,0,1.0,1,1.0,1,1.0,1,0.13233144201690167,66
4226,0,8973,3129,5844,0,0,0,1.0,1,1.0,1,1.0,1,0.1320804666478835,66
4227,1,8974,3130,5844,0,0,0,1.0,1,1.0,1,1.0,1,0.15797881542075265,66
4228,0,8974,3130,5844,0,0,0,1.0,1,1.0,1,1.0,1,0.148244089363138,65
4229,2,8976,3131,5845,0,0,0,1.0,1,1.0,1,1.0,1,0.15076335755291714,65
4230,2,8978,3132,5846,0,0,0,1.0,1,1.0,1,1.0,1,0.15762528805903414,64
4231,2,8980,3133,5847,0,0,0,1.0,1,1.0,1,1.0,1,0.15765037494168402,64
4232,1,8981,3133,5848,0,0,0,1.0,1,1.0,1,1.0,1,0.13264403269650799,65
4233,0,8981,3133,5848,0,0,0,1.0,1,1.0,1,1.0,1,0.1346037531770109,64
4234,1,8982,3133,5849,0,0,0,1.0,1,1.0,1,1.0,1,0.12012513226190887,63
4235,2,8984,3135,5849,0,0,0,1.0,1,1.0,1,1.0,1,0.12397531421559878,63
4236,1,8985,3135,5850,0,0,0,1.0,1,1.0,1,1.0,1,0.11582603980368515,63
4237,5,8990,3137,5853,0,0,0,1.0,1,1.0,1,1.0,1,0.12186241314732689,65
4238,1,8991,3137,5854,0,0,0,1.0,1,1.0,1,1.0,1,0.1053325026210974,65
4239,0,8991,3137,5854,0,0,0,1.0,1,1.0,1,1.0,1,0.1053325026210974,65
4240,0,8991,3137,5854,0,0,0,1.0,1,1.0,1,1.0,1,0.09061658470519131,66
4241,0,8991,3137,5854,0,0,0,1.0,1,1.0,1,1.0,1,0.09061658470519131,66
4242,2,8993,3138,5855,0,0,0,1.0,1,1.0,1,1.0,1,0.08677006402404096,69
4243,3,8996,3138,5858,0,0,0,1.0,1,1.0,1,1.0,1,0.08291771295663582,71
4244,0,8996,3138,5858,0,0,0,1.0,1,1.0,1,1.0,1,0.08291771295663582,71
4245,1,8997,3138,5859,0,0,0,1.0,1,1.0,1,1.0,1,0.0756733453237597,73
4246,2,8999,3138,5861,0,0,0,1.0,1,1.0,1,1.0,1,0.04748372980824087,74
4247,0,8999,3138,5861,0,0,0,1.0,1,1.0,1,1.0,1,0.04748372980824087,74
4248,1,9000,3139,5861,0,0,0,1.0,1,1.0,1,1.0,1,0.06263886895821713,74
4249,0,9000,3139,5861,0,0,0,1.0,1,1.0,1,1.0,1,0.06263886895821713,74
4250,0,9000,3139,5861,0,0,0,1.0,1,1.0,1,1.0,1,0.06263886895821713,74
4251,2,9002,3141,5861,0,0,0,1.0,1,1.0,1,1.0,1,0.07719890142512807,75
4252,3,9005,3143,5862,0,0,0,1.0,1,1.0,1,1.0,1,0.11155964017696675,75
4253,2,9007,3143,5864,0,0,0,1.0,1,1.0,1,1.0,1,0.10335851637550443,76
4254,1,9008,3144,5864,0,0,0,1.0,1,1.0,1,1.0,1,0.12033685006773377,75
4255,4,9012,3146,5866,0,0,0,1.0,1,1.0,1,1.0,1,0.11952738094220837,76
4256,3,9015,3146,5869,0,0,0,1.0,1,1.0,1,1.0,1,0.10693567046499092,78
4257,3,9018,3146,5872,0,0,0,1.0,1,1.0,1,1.0,1,0.07914270920674528,78
4258,2,9020,3147,5873,0,0,0,1.0,1,1.0,1,1.0,1,0.09075639082229647,77
4259,2,9022,3148,5874,0,0,0,1.0,1,1.0,1,1.0,1,0.08280464329872564,78
4260,1,9023,3148,5875,0,0,0,1.0,1,1.0,1,1.0,1,0.08075347322078961,77
4261,1,9024,3149,5875,0,0,0,1.0,1,1.0,1,1.0,1,0.08693846299738865,76
4262,1,9025,3149,5876,0,0,0,1.0,1,1.0,1,1.0,1,0.08613678351597663,75
4263,0,9025,3149,5876,0,0,0,1.0,1,1.0,1,1.0,1,0.08656421901659198,74
4264,0,9025,3149,5876,0,0,0,1.0,1,1.0,1,1.0,1,0.1270502607727383,74
4265,7,9032,3153,5879,0,0,0,1.0,1,1.0,1,1.0,1,0.10162194624084356,73
4266,1,9033,3154,5879,0,0,0,1.0,1,1.0,1,1.0,1,0.11390758394427175,71
4267,4,9037,3158,5879,0,0,0,1.0,1,1.0,1,1.0,1,0.13478035375280206,69
4268,1,9038,3159,5879,0,0,0,1.0,1,1.0,1,1.0,1,0.16546796864357002,67
4269,7,9045,3161,5884,0,0,0,1.0,1,1.0,1,1.0,1,0.12321827784239674,64
4270,3,9048,3164,5884,0,0,0,1.0,1,1.0,1,1.0,1,0.139573955057552,63
4271,0,9048,3164,5884,0,0,0,1.0,1,1.0,1,1.0,1,0.14115046663085132,63
4272,3,9051,3165,5886,0,0,0,1.0,1,1.0,1,1.0,1,0.1370681326294824,62
4273,2,9053,3166,5887,0,0,0,1.0,1,1.0,1,1.0,1,0.1499856275900813,62
4274,1,9054,3166,5888,0,0,0,1.0,1,1.0,1,1.0,1,0.161422684050436,62
4275,1,9055,3166,5889,0,0,0,1.0,1,1.0,1,1.0,1,0.1788596487286786,61
4276,0,9055,3166,5889,0,0,0,1.0,1,1.0,1,1.0,1,0.17822934617312874,62
4277,8,9063,3166,5897,0,0,0,1.0,1,1.0,1,1.0,1,0.1622829905927318,63
4278,1,9064,3167,5897,0,0,0,1.0,1,1.0,1,1.0,1,0.16052835768074944,64
4279,6,9070,3169,5901,0,0,0,1.0,1,1.0,1,1.0,1,0.16469614198957994,65
4280,4,9074,3169,5905,0,0,0,1.0,1,1.0,1,1.0,1,0.17263856106895123,65
4281,5,9079,3169,5910,0,0,0,1.0,1,1.0,1,1.0,1,0.1323748997966595,65
4282,6,9085,3172,5913,0,0,0,1.0,1,1.0,1,1.0,1,0.14444571726562155,66
4283,3,9088,3173,5915,0,0,0,1.0,1,1.0,1,1.0,1,0.16473219393318717,66
4284,3,9091,3174,5917,0,0,0,1.0,1,1.0,1,1.0,1,0.18139605711487394,66
4285,1,9092,3174,5918,0,0,0,1.0,1,1.0,1,1.0,1,0.1773340870682272,67
4286,2,9094,3174,5920,0,0,0,1.0,1,1.0,1,1.0,1,0.17454770734615027,67
4287,1,9095,3174,5921,0,0,0,1.0,1,1.0,1,1.0,1,0.16431735719314045,67
4288,0,9095,3174,5921,0,0,0,1.0,1,1.0,1,1.0,1,0.15591225296405076,68
4289,3,9098,3175,5923,0,0,0,1.0,1,1.0,1,1.0,1,0.14760657906707725,68
4290,1,9099,3175,5924,0,0,0,1.0,1,1.0,1,1.0,1,0.15600859152538318,70
4291,4,9103,3177,5926,0,0,0,1.0,1,1.0,1,1.0,1,0.1699819806062333,71
4292,0,9103,3177,5926,0,0,0,1.0,1,1.0,1,1.0,1,0.1699819806062333,71
4293,4,9107,3177,5930,0,0,0,1.0,1,1.0,1,1.0,1,0.14179998074583805,71
4294,1,9108,3178,5930,0,0,0,1.0,1,1.0,1,1.0,1,0.1427039596916179,71
4295,3,9111,3179,5932,0,0,0,1.0,1,1.0,1,1.0,1,0.1565919056251339,72
4296,2,9113,3180,5933,0,0,0,1.0,1,1.0,1,1.0,1,0.16765063590444948,73
4297,3,9116,3180,5936,0,0,0,1.0,1,1.0,1,1.0,1,0.13331822534820068,73
4298,0,9116,3180,5936,0,0,0,1.0,1,1.0,1,1.0,1,0.1402383731778797,74
4299,0,9116,3180,5936,0,0,0,1.0,1,1.0,1,1.0,1,0.12232244662495337,75
4300,2,9118,3181,5937,0,0,0,1.0,1,1.0,1,1.0,1,0.1340781126845624,75
4301,1,9119,3181,5938,0,0,0,1.0,1,1.0,1,1.0,1,0.1171724773701703,76
4302,0,9119,3181,5938,0,0,0,1.0,1,1.0,1,1.0,1,0.1171724773701703,76
4303,1,9120,3181,5939,0,0,0,1.0,1,1.0,1,1.0,1,0.11604041755044543,75
4304,3,9123,3183,5940,0,0,0,1.0,1,1.0,1,1.0,1,0.1619190859191428,75
4305,3,9126,3183,5943,0,0,0,1.0,1,1.0,1,1.0,1,0.1117352055558971,73
4306,7,9133,3186,5947,0,0,0,1.0,1,1.0,1,1.0,1,0.0963814638021839,74
4307,6,9139,3187,5952,0,0,0,1.0,1,1.0,1,1.0,1,0.08442645433108978,73
4308,3,9142,3187,5955,0,0,0,1.0,1,1.0,1,1.0,1,0.08977535501818154,71
4309,1,9143,3187,5956,0,0,0,1.0,1,1.0,1,1.0,1,0.09475570136347085,70
4310,2,9145,3189,5956,0,0,0,1.0,1,1.0,1,1.0,1,0.12362349220100044,69
4311,2,9147,3190,5957,0,0,0,1.0,1,1.0,1,1.0,1,0.119120359814271,69
4312,2,9149,3191,5958,0,0,0,1.0,1,1.0,1,1.0,1,0.14312539432224988,66
4313,3,9152,3193,5959,0,0,0,1.0,1,1.0,1,1.0,1,0.15103494617985566,64
4314,1,9153,3193,5960,0,0,0,1.0,1,1.0,1,1.0,1,0.16182160483552055,61
4315,3,9156,3196,5960,0,0,0,1.0,1,1.0,1,1.0,1,0.18626384732167253,61
4316,2,9158,3197,5961,0,0,0,1.0,1,1.0,1,1.0,1,0.1540318284973961,60
4317,4,9162,3197,5965,0,0,0,1.0,1,1.0,1,1.0,1,0.12421337202769997,62
4318,2,9164,3199,5965,0,0,0,1.0,1,1.0,1,1.0,1,0.1412857832958927,59
4319,2,9166,3200,5966,0,0,0,1.0,1,1.0,1,1.0,1,0.13102492619037173,60
4320,0,9166,3200,5966,0,0,0,1.0,1,1.0,1,1.0,1,0.13102492619037173,60
4321,2,9168,3201,5967,0,0,0,1.0,1,1.0,1,1.0,1,0.12976188288351678,61
4322,1,9169,3202,5967,0,0,0,1.0,1,1.0,1,1.0,1,0.15301485102499718,61
4323,2,9171,3204,5967,0,0,0,1.0,1,1.0,1,1.0,1,0.1779021732106295,61
4324,1,9172,3205,5967,0,0,0,1.0,1,1.0,1,1.0,1,0.19279282540588863,60
4325,3,9175,3206,5969,0,0,0,1.0,1,1.0,1,1.0,1,0.2000920341644168,60
4326,2,9177,3208,5969,0,0,0,1.0,1,1.0,1,1.0,1,0.20941539907392756,61
4327,2,9179,3208,5971,0,0,0,1.0,1,1.0,1,1.0,1,0.1757432174855057,62
4328,0,9179,3208,5971,0,0,0,1.0,1,1.0,1,1.0,1,0.1757432174855057,62
4329,3,9182,3208,5974,0,0,0,1.0,1,1.0,1,1.0,1,0.15688158465531127,65
4330,3,9185,3208,5977,0,0,0,1.0,1,1.0,1,1.0,1,0.13234894147189577,65
4331,4,9189,3208,5981,0,0,0,1.0,1,1.0,1,1.0,1,0.12210454663464612,65
4332,5,9194,3209,5985,0,0,0,1.0,1,1.0,1,1.0,1,0.12886950721848187,66
4333,4,9198,3210,5988,0,0,0,1.0,1,1.0,1,1.0,1,0.1282483297375884,66
4334,2,9200,3211,5989,0,0,0,1.0,1,1.0,1,1.0,1,0.12985471037654198,66
4335,0,9200,3211,5989,0,0,0,1.0,1,1.0,1,1.0,1,0.1426950107230662,65
4336,3,9203,3212,5991,0,0,0,1.0,1,1.0,1,1.0,1,0.15435216755169634,67
4337,7,9210,3213,5997,0,0,0,1.0,1,1.0,1,1.0,1,0.1622570540817626,69
4338,0,9210,3213,5997,0,0,0,1.0,1,1.0,1,1.0,1,0.16738608736503208,70
4339,2,9212,3213,5999,0,0,0,1.0,1,1.0,1,1.0,1,0.15706900232582935,70
4340,1,9213,3213,6000,0,0,0,1.0,1,1.0,1,1.0,1,0.17085736067746984,71
4341,7,9220,3214,6006,0,0,0,1.0,1,1.0,1,1.0,1,0.13366172767597115,70
4342,0,9220,3214,6006,0,0,0,1.0,1,1.0,1,1.0,1,0.14188304969310223,71
4343,0,9220,3214,6006,0,0,0,1.0,1,1.0,1,1.0,1,0.16001014281053214,67
4344,6,9226,3218,6008,0,0,0,1.0,1,1.0,1,1.0,1,0.17608088359038218,67
4345,9,9235,3220,6015,0,0,0,1.0,1,1.0,1,1.0,1,0.12002316381445612,64
4346,2,9237,3222,6015,0,0,0,1.0,1,1.0,1,1.0,1,0.13470025333226263,64
4347,3,9240,3225,6015,0,0,0,1.0,1,1.0,1,1.0,1,0.1738682177575741,62
4348,4,9244,3227,6017,0,0,0,1.0,1,1.0,1,1.0,1,0.16568192959655723,62
4349,2,9246,3228,6018,0,0,0,1.0,1,1.0,1,1.0,1,0.18237839622143473,61
4350,2,9248,3229,6019,0,0,0,1.0,1,1.0,1,1.0,1,0.18564483851685976,60
4351,1,9249,3229,6020,0,0,0,1.0,1,1.0,1,1.0,1,0.18610159669825496,60
4352,0,9249,3229,6020,0,0,0,1.0,1,1.0,1,1.0,1,0.21285150263294053,57
4353,4,9253,3230,6023,0,0,0,1.0,1,1.0,1,1.0,1,0.21898059989357033,55
4354,5,9258,3231,6027,0,0,0,1.0,1,1.0,1,1.0,1,0.18403051749764132,55
4355,2,9260,3231,6029,0,0,0,1.0,1,1.0,1,1.0,1,0.1857824574276203,53
4356,0,9260,3231,6029,0,0,0,1.0,1,1.0,1,1.0,1,0.17999595353778605,55
4357,5,9265,3232,6033,0,0,0,1.0,1,1.0,1,1.0,1,0.13152799982608002,55
4358,3,9268,3233,6035,0,0,0,1.0,1,1.0,1,1.0,1,0.12153477971034755,55
4359,0,9268,3233,6035,0,0,0,1.0,1,1.0,1,1.0,1,0.13249914582434638,54
4360,2,9270,3233,6037,0,0,0,1.0,1,1.0,1,1.0,1,0.12112676959274475,55
4361,3,9273,3234,6039,0,0,0,1.0,1,1.0,1,1.0,1,0.08002362352484267,54
4362,1,9274,3234,6040,0,0,0,1.0,1,1.0,1,1.0,1,0.08298223159234186,55
4363,1,9275,3235,6040,0,0,0,1.0,1,1.0,1,1.0,1,0.10775143342809736,55
4364,1,9276,3236,6040,0,0,0,1.0,1,1.0,1,1.0,1,0.12952305314842055,55
4365,2,9278,3236,6042,0,0,0,1.0,1,1.0,1,1.0,1,0.13092195726182226,54
4366,3,9281,3237,6044,0,0,0,1.0,1,1.0,1,1.0,1,0.11309744358253357,54
4367,1,9282,3238,6044,0,0,0,1.0,1,1.0,1,1.0,1,0.13331014715462394,57
4368,3,9285,3238,6047,0,0,0,1.0,1,1.0,1,1.0,1,0.13353864299700471,57
4369,1,9286,3238,6048,0,0,0,1.0,1,1.0,1,1.0,1,0.1004614685504462,58
4370,1,9287,3239,6048,0,0,0,1.0,1,1.0,1,1.0,1,0.12622285356541268,59
4371,1,9288,3239,6049,0,0,0,1.0,1,1.0,1,1.0,1,0.09980987312772502,60
4372,1,9289,3240,6049,0,0,0,1.0,1,1.0,1,1.0,1,0.10943099258598117,60
4373,2,9291,3240,6051,0,0,0,1.0,1,1.0,1,1.0,1,0.08817459656692467,60
4374,1,9292,3241,6051,0,0,0,1.0,1,1.0,1,1.0,1,0.12383190099786481,59
4375,0,9292,3241,6051,0,0,0,1.0,1,1.0,1,1.0,1,0.13283941976470995,60
4376,0,9292,3241,6051,0,0,0,1.0,1,1.0,1,1.0,1,0.15035738719147568,60
4377,4,9296,3244,6052,0,0,0,1.0,1,1.0,1,1.0,1,0.2146488018101478,61
4378,4,9300,3244,6056,0,0,0,1.0,1,1.0,1,1.0,1,0.18690717121341185,64
4379,0,9300,3244,6056,0,0,0,1.0,1,1.0,1,1.0,1,0.18690717121341185,64
4380,1,9301,3245,6056,0,0,0,1.0,1,1.0,1,1.0,1,0.19809558282793097,65
4381,7,9308,3245,6063,0,0,0,1.0,1,1.0,1,1.0,1,0.15487665638111264,64
4382,1,9309,3246,6063,0,0,0,1.0,1,1.0,1,1.0,1,0.18101282523024573,64
4383,1,9310,3247,6063,0,0,0,1.0,1,1.0,1,1.0,1,0.184664077924347,64
4384,2,9312,3248,6064,0,0,0,1.0,1,1.0,1,1.0,1,0.22513787776528338,60
4385,6,9318,3249,6069,0,0,0,1.0,1,1.0,1,1.0,1,0.18441809975582077,58
4386,4,9322,3252,6070,0,0,0,1.0,1,1.0,1,1.0,1,0.20818255802789687,58
4387,4,9326,3253,6073,0,0,0,1.0,1,1.0,1,1.0,1,0.1592068730138974,55
4388,1,9327,3254,6073,0,0,0,1.0,1,1.0,1,1.0,1,0.1717099613390229,56
4389,2,9329,3254,6075,0,0,0,1.0,1,1.0,1,1.0,1,0.12841039061071358,55
4390,1,9330,3255,6075,0,0,0,1.0,1,1.0,1,1.0,1,0.132949595930065,55
4391,2,9332,3257,6075,0,0,0,1.0,1,1.0,1,1.0,1,0.1478742808010374,56
4392,2,9334,3258,6076,0,0,0,1.0,1,1.0,1,1.0,1,0.15371583116790766,56
4393,4,9338,3259,6079,0,0,0,1.0,1,1.0,1,1.0,1,0.15072704500015469,55
4394,1,9339,3260,6079,0,0,0,1.0,1,1.0,1,1.0,1,0.15743272902975325,53
4395,1,9340,3260,6080,0,0,0,1.0,1,1.0,1,1.0,1,0.14749946339853154,53
4396,3,9343,3262,6081,0,0,0,1.0,1,1.0,1,1.0,1,0.16471864901626676,53
4397,3,9346,3263,6083,0,0,0,1.0,1,1.0,1,1.0,1,0.18839603455845788,50
4398,1,9347,3264,6083,0,0,0,1.0,1,1.0,1,1.0,1,0.22311146858490846,50
4399,1,9348,3264,6084,0,0,0,1.0,1,1.0,1,1.0,1,0.21450935398550539,52
4400,4,9352,3264,6088,0,0,0,1.0,1,1.0,1,1.0,1,0.20658258972691443,55
4401,2,9354,3264,6090,0,0,0,1.0,1,1.0,1,1.0,1,0.16035145672149553,56
4402,0,9354,3264,6090,0,0,0,1.0,1,1.0,1,1.0,1,0.16035145672149553,56
4403,5,9359,3267,6092,0,0,0,1.0,1,1.0,1,1.0,1,0.14425324028482275,57
4404,0,9359,3267,6092,0,0,0,1.0,1,1.0,1,1.0,1,0.14425324028482275,57
4405,0,9359,3267,6092,0,0,0,1.0,1,1.0,1,1.0,1,0.13986182715603074,58
4406,0,9359,3267,6092,0,0,0,1.0,1,1.0,1,1.0,1,0.13986182715603074,58
4407,0,9359,3267,6092,0,0,0,1.0,1,1.0,1,1.0,1,0.13986182715603074,58
4408,1,9360,3268,6092,0,0,0,1.0,1,1.0,1,1.0,1,0.16008084202958345,59
4409,0,9360,3268,6092,0,0,0,1.0,1,1.0,1,1.0,1,0.16008084202958345,59
4410,0,9360,3268,6092,0,0,0,1.0,1,1.0,1,1.0,1,0.16008084202958345,59
4411,1,9361,3268,6093,0,0,0,1.0,1,1.0,1,1.0,1,0.1424125787644837,62
4412,0,9361,3268,6093,0,0,0,1.0,1,1.0,1,1.0,1,0.14220612702208707,63
4413,2,9363,3269,6094,0,0,0,1.0,1,1.0,1,1.0,1,0.13560151183761968,63
4414,3,9366,3269,6097,0,0,0,1.0,1,1.0,1,1.0,1,0.10821773561640129,64
4415,2,9368,3270,6098,0,0,0,1.0,1,1.0,1,1.0,1,0.1278534616876455,64
4416,1,9369,3270,6099,0,0,0,1.0,1,1.0,1,1.0,1,0.11859029622680643,64
4417,0,9369,3270,6099,0,0,0,1.0,1,1.0,1,1.0,1,0.125162202518331,65
4418,1,9370,3271,6099,0,0,0,1.0,1,1.0,1,1.0,1,0.13310065209791058,65
4419,3,9373,3271,6102,0,0,0,1.0,1,1.0,1,1.0,1,0.15633055291650588,62
4420,0,9373,3271,6102,0,0,0,1.0,1,1.0,1,1.0,1,0.15681637564601603,62
4421,4,9377,3272,6105,0,0,0,1.0,1,1.0,1,1.0,1,0.14884558283382804,65
4422,4,9381,3273,6108,0,0,0,1.0,1,1.0,1,1.0,1,0.14223511495523067,64
4423,1,9382,3274,6108,0,0,0,1.0,1,1.0,1,1.0,1,0.13477810212362942,63
4424,3,9385,3275,6110,0,0,0,1.0,1,1.0,1,1.0,1,0.12904856022358444,63
4425,4,9389,3276,6113,0,0,0,1.0,1,1.0,1,1.0,1,0.11229501276512907,63
4426,2,9391,3277,6114,0,0,0,1.0,1,1.0,1,1.0,1,0.08742470795744695,63
4427,1,9392,3278,6114,0,0,0,1.0,1,1.0,1,1.0,1,0.08779110261753628,62
4428,0,9392,3278,6114,0,0,0,1.0,1,1.0,1,1.0,1,0.08338354944615263,61
4429,6,9398,3282,6116,0,0,0,1.0,1,1.0,1,1.0,1,0.12141559053842162,62
4430,2,9400,3283,6117,0,0,0,1.0,1,1.0,1,1.0,1,0.11150584797285096,60
4431,1,9401,3284,6117,0,0,0,1.0,1,1.0,1,1.0,1,0.09901253790078159,59
4432,2,9403,3285,6118,0,0,0,1.0,1,1.0,1,1.0,1,0.10116948290619185,60
4433,7,9410,3288,6122,0,0,0,1.0,1,1.0,1,1.0,1,0.1141743952934749,61
4434,2,9412,3289,6123,0,0,0,1.0,1,1.0,1,1.0,1,0.10069561728538731,61
4435,3,9415,3290,6125,0,0,0,1.0,1,1.0,1,1.0,1,0.11076386047423728,61
4436,0,9415,3290,6125,0,0,0,1.0,1,1.0,1,1.0,1,0.11076386047423728,61
4437,4,9419,3292,6127,0,0,0,1.0,1,1.0,1,1.0,1,0.1102804644154329,61
4438,1,9420,3293,6127,0,0,0,1.0,1,1.0,1,1.0,1,0.10147083022591628,62
4439,1,9421,3293,6128,0,0,0,1.0,1,1.0,1,1.0,1,0.1037431825010678,63
4440,0,9421,3293,6128,0,0,0,1.0,1,1.0,1,1.0,1,0.1039329825622239,64
4441,2,9423,3294,6129,0,0,0,1.0,1,1.0,1,1.0,1,0.09092161046420265,64
4442,7,9430,3297,6133,0,0,0,1.0,1,1.0,1,1.0,1,0.10469799399047909,67
4443,4,9434,3299,6135,0,0,0,1.0,1,1.0,1,1.0,1,0.11772785242056118,68
4444,3,9437,3299,6138,0,0,0,1.0,1,1.0,1,1.0,1,0.11331629160958923,69
4445,6,9443,3301,6142,0,0,0,1.0,1,1.0,1,1.0,1,0.11286475461512714,71
4446,2,9445,3301,6144,0,0,0,1.0,1,1.0,1,1.0,1,0.10652045000424003,71
4447,1,9446,3301,6145,0,0,0,1.0,1,1.0,1,1.0,1,0.09957272037790349,72
4448,0,9446,3301,6145,0,0,0,1.0,1,1.0,1,1.0,1,0.10833968558604815,71
4449,2,9448,3302,6146,0,0,0,1.0,1,1.0,1,1.0,1,0.1059001960058668,70
4450,0,9448,3302,6146,0,0,0,1.0,1,1.0,1,1.0,1,0.1149594168325318,69
4451,0,9448,3302,6146,0,0,0,1.0,1,1.0,1,1.0,1,0.1170751933963715,69
4452,2,9450,3302,6148,0,0,0,1.0,1,1.0,1,1.0,1,0.10507097424552961,70
4453,5,9455,3302,6153,0,0,0,1.0,1,1.0,1,1.0,1,0.06974577252598241,70
4454,4,9459,3304,6155,0,0,0,1.0,1,1.0,1,1.0,1,0.09483923454608226,71
4455,2,9461,3304,6157,0,0,0,1.0,1,1.0,1,1.0,1,0.08593682828323182,71
4456,4,9465,3306,6159,0,0,0,1.0,1,1.0,1,1.0,1,0.14163912502586326,71
4457,10,9475,3307,6168,0,0,0,1.0,1,1.0,1,1.0,1,0.06061434570245559,69
4458,3,9478,3308,6170,0,0,0,1.0,1,1.0,1,1.0,1,0.07854985260337524,70
4459,3,9481,3309,6172,0,0,0,1.0,1,1.0,1,1.0,1,0.10257638796238892,68
4460,3,9484,3310,6174,0,0,0,1.0,1,1.0,1,1.0,1,0.09672444875432358,68
4461,3,9487,3310,6177,0,0,0,1.0,1,1.0,1,1.0,1,0.07720723296672634,67
4462,5,9492,3313,6179,0,0,0,1.0,1,1.0,1,1.0,1,0.10184147936058897,66
4463,2,9494,3314,6180,0,0,0,1.0,1,1.0,1,1.0,1,0.12941792884106595,65
4464,5,9499,3317,6182,0,0,0,1.0,1,1.0,1,1.0,1,0.19320916405823824,62
4465,12,9511,3320,6191,0,0,0,1.0,1,1.0,1,1.0,1,0.13325188879981542,61
4466,2,9513,3320,6193,0,0,0,1.0,1,1.0,1,1.0,1,0.14619434332347542,60
4467,4,9517,3321,6196,0,0,0,1.0,1,1.0,1,1.0,1,0.13838916442307717,58
4468,4,9521,3322,6199,0,0,0,1.0,1,1.0,1,1.0,1,0.13880694603785274,57
4469,4,9525,3323,6202,0,0,0,1.0,1,1.0,1,1.0,1,0.1207557259492513,56
4470,2,9527,3324,6203,0,0,0,1.0,1,1.0,1,1.0,1,0.1288149924116512,55
4471,0,9527,3324,6203,0,0,0,1.0,1,1.0,1,1.0,1,0.12413213033498992,55
4472,4,9531,3327,6204,0,0,0,1.0,1,1.0,1,1.0,1,0.14231504986956245,55
4473,3,9534,3329,6205,0,0,0,1.0,1,1.0,1,1.0,1,0.15247085073972017,55
4474,4,9538,3330,6208,0,0,0,1.0,1,1.0,1,1.0,1,0.14167958855378535,55
4475,1,9539,3331,6208,0,0,0,1.0,1,1.0,1,1.0,1,0.12835954853457357,56
4476,0,9539,3331,6208,0,0,0,1.0,1,1.0,1,1.0,1,0.12875187662120424,56
4477,4,9543,3331,6212,0,0,0,1.0,1,1.0,1,1.0,1,0.09192438443997834,57
4478,0,9543,3331,6212,0,0,0,1.0,1,1.0,1,1.0,1,0.1200696647485586,55
4479,1,9544,3332,6212,0,0,0,1.0,1,1.0,1,1.0,1,0.12643330246552897,55
4480,1,9545,3333,6212,0,0,0,1.0,1,1.0,1,1.0,1,0.1531152277226673,54
4481,5,9550,3333,6217,0,0,0,1.0,1,1.0,1,1.0,1,0.09765884662566811,53
4482,1,9551,3334,6217,0,0,0,1.0,1,1.0,1,1.0,1,0.11681809470952494,54
4483,1,9552,3334,6218,0,0,0,1.0,1,1.0,1,1.0,1,0.1112861284450422,55
4484,1,9553,3335,6218,0,0,0,1.0,1,1.0,1,1.0,1,0.11595755404391347,57
4485,3,9556,3336,6220,0,0,0,1.0,1,1.0,1,1.0,1,0.11167942783874688,60
4486,5,9561,3338,6223,0,0,0,1.0,1,1.0,1,1.0,1,0.0909848537464227,60
4487,1,9562,3338,6224,0,0,0,1.0,1,1.0,1,1.0,1,0.09167049217185527,60
4488,0,9562,3338,6224,0,0,0,1.0,1,1.0,1,1.0,1,0.09167049217185527,60
4489,1,9563,3339,6224,0,0,0,1.0,1,1.0,1,1.0,1,0.11320600070647002,60
4490,1,9564,3340,6224,0,0,0,1.0,1,1.0,1,1.0,1,0.1170806191415242,60
4491,1,9565,3341,6224,0,0,0,1.0,1,1.0,1,1.0,1,0.1243232866074233,61
4492,1,9566,3342,6224,0,0,0,1.0,1,1.0,1,1.0,1,0.10939443831366502,61
4493,0,9566,3342,6224,0,0,0,1.0,1,1.0,1,1.0,1,0.1150338417374797,60
4494,4,9570,3344,6226,0,0,0,1.0,1,1.0,1,1.0,1,0.09707299161595082,61
4495,1,9571,3345,6226,0,0,0,1.0,1,1.0,1,1.0,1,0.12090596660526576,59
4496,2,9573,3346,6227,0,0,0,1.0,1,1.0,1,1.0,1,0.1628107529550735,60
4497,5,9578,3346,6232,0,0,0,1.0,1,1.0,1,1.0,1,0.12364177285558638,59
4498,1,9579,3346,6233,0,0,0,1.0,1,1.0,1,1.0,1,0.13022542633482884,57
4499,3,9582,3348,6234,0,0,0,1.0,1,1.0,1,1.0,1,0.13897710725376045,58
4500,0,9582,3348,6234,0,0,0,1.0,1,1.0,1,1.0,1,0.12713480237733468,56
4501,4,9586,3348,6238,0,0,0,1.0,1,1.0,1,1.0,1,0.09037232004903561,57
4502,4,9590,3351,6239,0,0,0,1.0,1,1.0,1,1.0,1,0.12910236678882944,56
4503,2,9592,3353,6239,0,0,0,1.0,1,1.0,1,1.0,1,0.18455788863186856,54
4504,4,9596,3354,6242,0,0,0,1.0,1,1.0,1,1.0,1,0.12960289566682842,54
4505,2,9598,3356,6242,0,0,0,1.0,1,1.0,1,1.0,1,0.11935358451909887,51
4506,2,9600,3356,6244,0,0,0,1.0,1,1.0,1,1.0,1,0.05925996313115846,49
4507,1,9601,3357,6244,0,0,0,1.0,1,1.0,1,1.0,1,0.09705180058207016,48
4508,0,9601,3357,6244,0,0,0,1.0,1,1.0,1,1.0,1,0.1115857479863903,48
4509,3,9604,3359,6245,0,0,0,1.0,1,1.0,1,1.0,1,0.14884464683116094,46
4510,1,9605,3359,6246,0,0,0,1.0,1,1.0,1,1.0,1,0.14574238775118445,44
4511,1,9606,3360,6246,0,0,0,1.0,1,1.0,1,1.0,1,0.18699096154182357,45
4512,1,9607,3361,6246,0,0,0,1.0,1,1.0,1,1.0,1,0.19440568665573918,46
4513,6,9613,3362,6251,0,0,0,1.0,1,1.0,1,1.0,1,0.11966363037734948,45
4514,2,9615,3362,6253,0,0,0,1.0,1,1.0,1,1.0,1,0.11476010959264311,46
4515,1,9616,3362,6254,0,0,0,1.0,1,1.0,1,1.0,1,0.1055045149487959,48
4516,2,9618,3362,6256,0,0,0,1.0,1,1.0,1,1.0,1,0.10750626857037296,49
4517,0,9618,3362,6256,0,0,0,1.0,1,1.0,1,1.0,1,0.11083300176329128,50
4518,1,9619,3363,6256,0,0,0,1.0,1,1.0,1,1.0,1,0.10809204214349855,50
4519,2,9621,3365,6256,0,0,0,1.0,1,1.0,1,1.0,1,0.1398472488932381,49
4520,0,9621,3365,6256,0,0,0,1.0,1,1.0,1,1.0,1,0.1520010148049649,50
4521,1,9622,3365,6257,0,0,0,1.0,1,1.0,1,1.0,1,0.1283947605435666,50
4522,0,9622,3365,6257,0,0,0,1.0,1,1.0,1,1.0,1,0.1283947605435666,50
4523,1,9623,3366,6257,0,0,0,1.0,1,1.0,1,1.0,1,0.11448804158787386,51
4524,2,9625,3367,6258,0,0,0,1.0,1,1.0,1,1.0,1,0.11917722046724503,52
4525,3,9628,3368,6260,0,0,0,1.0,1,1.0,1,1.0,1,0.09439179180324259,53
4526,0,9628,3368,6260,0,0,0,1.0,1,1.0,1,1.0,1,0.0887670968701411,54
4527,2,9630,3368,6262,0,0,0,1.0,1,1.0,1,1.0,1,0.08514435330019342,55
4528,2,9632,3368,6264,0,0,0,1.0,1,1.0,1,1.0,1,0.08576854343847261,55
4529,3,9635,3369,6266,0,0,0,1.0,1,1.0,1,1.0,1,0.10311759968453446,55
4530,1,9636,3369,6267,0,0,0,1.0,1,1.0,1,1.0,1,0.09051510239006977,56
4531,5,9641,3373,6268,0,0,0,1.0,1,1.0,1,1.0,1,0.13807416219885116,56
4532,0,9641,3373,6268,0,0,0,1.0,1,1.0,1,1.0,1,0.15336002492316364,55
4533,5,9646,3375,6271,0,0,0,1.0,1,1.0,1,1.0,1,0.1512118140034764,54
4534,1,9647,3376,6271,0,0,0,1.0,1,1.0,1,1.0,1,0.16315580318075745,55
4535,1,9648,3376,6272,0,0,0,1.0,1,1.0,1,1.0,1,0.1500010146410689,52
4536,4,9652,3377,6275,0,0,0,1.0,1,1.0,1,1.0,1,0.1627162892292565,53
4537,5,9657,3377,6280,0,0,0,1.0,1,1.0,1,1.0,1,0.11069838234227924,52
4538,0,9657,3377,6280,0,0,0,1.0,1,1.0,1,1.0,1,0.10662974251926385,52
4539,2,9659,3378,6281,0,0,0,1.0,1,1.0,1,1.0,1,0.14548482886344372,53
4540,6,9665,3379,6286,0,0,0,1.0,1,1.0,1,1.0,1,0.12042712991790724,54
4541,2,9667,3379,6288,0,0,0,1.0,1,1.0,1,1.0,1,0.11470179188572113,53
4542,5,9672,3382,6290,0,0,0,1.0,1,1.0,1,1.0,1,0.11169127689260691,53
4543,1,9673,3383,6290,0,0,0,1.0,1,1.0,1,1.0,1,0.1264563983391893,53
4544,1,9674,3384,6290,0,0,0,1.0,1,1.0,1,1.0,1,0.13098911147052722,52
4545,5,9679,3384,6295,0,0,0,1.0,1,1.0,1,1.0,1,0.1010240259046382,50
4546,2,9681,3384,6297,0,0,0,1.0,1,1.0,1,1.0,1,0.08867837544748182,49
4547,0,9681,3384,6297,0,0,0,1.0,1,1.0,1,1.0,1,0.08853430756052104,49
4548,0,9681,3384,6297,0,0,0,1.0,1,1.0,1,1.0,1,0.08853430756052104,49
4549,3,9684,3386,6298,0,0,0,1.0,1,1.0,1,1.0,1,0.11420870041860585,50
4550,1,9685,3387,6298,0,0,0,1.0,1,1.0,1,1.0,1,0.12061589932464813,49
4551,1,9686,3387,6299,0,0,0,1.0,1,1.0,1,1.0,1,0.11199609736321822,49
4552,1,9687,3387,6300,0,0,0,1.0,1,1.0,1,1.0,1,0.09423249255622872,49
4553,2,9689,3388,6301,0,0,0,1.0,1,1.0,1,1.0,1,0.11695238766908271,49
4554,2,9691,3389,6302,0,0,0,1.0,1,1.0,1,1.0,1,0.11509160578244071,49
4555,1,9692,3390,6302,0,0,0,1.0,1,1.0,1,1.0,1,0.10824374970649166,48
4556,3,9695,3392,6303,0,0,0,1.0,1,1.0,1,1.0,1,0.1500406479451154,48
4557,5,9700,3394,6306,0,0,0,1.0,1,1.0,1,1.0,1,0.15426990069548874,49
4558,1,9701,3394,6307,0,0,0,1.0,1,1.0,1,1.0,1,0.12461692829879689,49
4559,1,9702,3395,6307,0,0,0,1.0,1,1.0,1,1.0,1,0.1731469550800705,50
4560,2,9704,3395,6309,0,0,0,1.0,1,1.0,1,1.0,1,0.16975257126285234,51
4561,1,9705,3395,6310,0,0,0,1.0,1,1.0,1,1.0,1,0.14757104857579212,52
4562,0,9705,3395,6310,0,0,0,1.0,1,1.0,1,1.0,1,0.14860928068837317,53
4563,0,9705,3395,6310,0,0,0,1.0,1,1.0,1,1.0,1,0.13391521541139698,52
4564,1,9706,3395,6311,0,0,0,1.0,1,1.0,1,1.0,1,0.12703111668375938,54
4565,3,9709,3396,6313,0,0,0,1.0,1,1.0,1,1.0,1,0.12801799135840666,55
4566,1,9710,3396,6314,0,0,0,1.0,1,1.0,1,1.0,1,0.12009818562359537,55
4567,1,9711,3397,6314,0,0,0,1.0,1,1.0,1,1.0,1,0.10412397750868854,56
4568,2,9713,3398,6315,0,0,0,1.0,1,1.0,1,1.0,1,0.10385618954092338,58
4569,1,9714,3398,6316,0,0,0,1.0,1,1.0,1,1.0,1,0.09820505555694196,59
4570,1,9715,3399,6316,0,0,0,1.0,1,1.0,1,1.0,1,0.08959637310766885,59
4571,0,9715,3399,6316,0,0,0,1.0,1,1.0,1,1.0,1,0.08728221720293518,57
4572,3,9718,3402,6316,0,0,0,1.0,1,1.0,1,1.0,1,0.11801318930534588,56
4573,3,9721,3404,6317,0,0,0,1.0,1,1.0,1,1.0,1,0.15348453012773222,56
4574,2,9723,3404,6319,0,0,0,1.0,1,1.0,1,1.0,1,0.15963397703300122,55
4575,1,9724,3404,6320,0,0,0,1.0,1,1.0,1,1.0,1,0.14439894148207116,55
4576,1,9725,3404,6321,0,0,0,1.0,1,1.0,1,1.0,1,0.15665541782499565,55
4577,1,9726,3404,6322,0,0,0,1.0,1,1.0,1,1.0,1,0.15468987192949293,54
4578,1,9727,3404,6323,0,0,0,1.0,1,1.0,1,1.0,1,0.14313878541768307,54
4579,1,9728,3405,6323,0,0,0,1.0,1,1.0,1,1.0,1,0.16399916326788683,54
4580,2,9730,3405,6325,0,0,0,1.0,1,1.0,1,1.0,1,0.14522234783690785,55
4581,3,9733,3407,6326,0,0,0,1.0,1,1.0,1,1.0,1,0.17188210368578602,56
4582,0,9733,3407,6326,0,0,0,1.0,1,1.0,1,1.0,1,0.17188210368578602,56
4583,1,9734,3408,6326,0,0,0,1.0,1,1.0,1,1.0,1,0.16554224520917604,57
4584,2,9736,3410,6326,0,0,0,1.0,1,1.0,1,1.0,1,0.20046580030313452,57
4585,4,9740,3410,6330,0,0,0,1.0,1,1.0,1,1.0,1,0.1589302577369555,57
4586,0,9740,3410,6330,0,0,0,1.0,1,1.0,1,1.0,1,0.1589302577369555,57
4587,0,9740,3410,6330,0,0,0,1.0,1,1.0,1,1.0,1,0.1589302577369555,57
4588,0,9740,3410,6330,0,0,0,1.0,1,1.0,1,1.0,1,0.1600951412399809,58
4589,1,9741,3410,6331,0,0,0,1.0,1,1.0,1,1.0,1,0.14836731421896934,59
4590,0,9741,3410,6331,0,0,0,1.0,1,1.0,1,1.0,1,0.15834254331908923,60
4591,1,9742,3410,6332,0,0,0,1.0,1,1.0,1,1.0,1,0.15173282944861788,61
4592,1,9743,3410,6333,0,0,0,1.0,1,1.0,1,1.0,1,0.1358232908974415,62
4593,1,9744,3410,6334,0,0,0,1.0,1,1.0,1,1.0,1,0.12746523845189647,64
4594,1,9745,3410,6335,0,0,0,1.0,1,1.0,1,1.0,1,0.10289199400871522,64
4595,4,9749,3411,6338,0,0,0,1.0,1,1.0,1,1.0,1,0.10284621408471564,63
4596,0,9749,3411,6338,0,0,0,1.0,1,1.0,1,1.0,1,0.10284621408471564,63
4597,2,9751,3411,6340,0,0,0,1.0,1,1.0,1,1.0,1,0.08914364009194077,63
4598,2,9753,3411,6342,0,0,0,1.0,1,1.0,1,1.0,1,0.08322700883048208,65
4599,2,9755,3412,6343,0,0,0,1.0,1,1.0,1,1.0,1,0.06763350091608493,66
4600,2,9757,3412,6345,0,0,0,1.0,1,1.0,1,1.0,1,0.07968552782776198,67
4601,2,9759,3414,6345,0,0,0,1.0,1,1.0,1,1.0,1,0.12745974379193833,67
4602,1,9760,3414,6346,0,0,0,1.0,1,1.0,1,1.0,1,0.11435886600657674,69
4603,1,9761,3415,6346,0,0,0,1.0,1,1.0,1,1.0,1,0.12489624548782292,69
4604,2,9763,3415,6348,0,0,0,1.0,1,1.0,1,1.0,1,0.10985156586467784,69
4605,1,9764,3415,6349,0,0,0,1.0,1,1.0,1,1.0,1,0.09515299594797409,70
4606,1,9765,3415,6350,0,0,0,1.0,1,1.0,1,1.0,1,0.08562310773723349,70
4607,2,9767,3416,6351,0,0,0,1.0,1,1.0,1,1.0,1,0.1053985932267249,72
4608,2,9769,3416,6353,0,0,0,1.0,1,1.0,1,1.0,1,0.09324765384195505,73
4609,1,9770,3416,6354,0,0,0,1.0,1,1.0,1,1.0,1,0.08620576176629202,72
4610,2,9772,3417,6355,0,0,0,1.0,1,1.0,1,1.0,1,0.0754834005552737,72
4611,1,9773,3417,6356,0,0,0,1.0,1,1.0,1,1.0,1,0.08815789457299085,71
4612,1,9774,3418,6356,0,0,0,1.0,1,1.0,1,1.0,1,0.10178693088063301,70
4613,0,9774,3418,6356,0,0,0,1.0,1,1.0,1,1.0,1,0.10036984231937933,69
4614,1,9775,3419,6356,0,0,0,1.0,1,1.0,1,1.0,1,0.10989886216503007,68
4615,3,9778,3421,6357,0,0,0,1.0,1,1.0,1,1.0,1,0.11562073033966654,68
4616,0,9778,3421,6357,0,0,0,1.0,1,1.0,1,1.0,1,0.14463935452950596,65
4617,2,9780,3422,6358,0,0,0,1.0,1,1.0,1,1.0,1,0.13288754937453026,66
4618,4,9784,3423,6361,0,0,0,1.0,1,1.0,1,1.0,1,0.12097336088514594,66
4619,0,9784,3423,6361,0,0,0,1.0,1,1.0,1,1.0,1,0.1317299077267817,65
4620,1,9785,3423,6362,0,0,0,1.0,1,1.0,1,1.0,1,0.1204287021908772,65
4621,8,9793,3428,6365,0,0,0,1.0,1,1.0,1,1.0,1,0.15422004906421152,67
4622,0,9793,3428,6365,0,0,0,1.0,1,1.0,1,1.0,1,0.15677029721666494,65
4623,4,9797,3431,6366,0,0,0,1.0,1,1.0,1,1.0,1,0.1995402772764354,66
4624,7,9804,3432,6372,0,0,0,1.0,1,1.0,1,1.0,1,0.1849785189369748,65
4625,7,9811,3433,6378,0,0,0,1.0,1,1.0,1,1.0,1,0.10008562090508083,64
4626,2,9813,3435,6378,0,0,0,1.0,1,1.0,1,1.0,1,0.10983035402683523,63
4627,2,9815,3436,6379,0,0,0,1.0,1,1.0,1,1.0,1,0.10051670405802038,65
4628,0,9815,3436,6379,0,0,0,1.0,1,1.0,1,1.0,1,0.11186765161515276,64
4629,4,9819,3436,6383,0,0,0,1.0,1,1.0,1,1.0,1,0.06851087250309965,64
4630,0,9819,3436,6383,0,0,0,1.0,1,1.0,1,1.0,1,0.06851087250309965,64
4631,6,9825,3439,6386,0,0,0,1.0,1,1.0,1,1.0,1,0.11451861465845113,66
4632,1,9826,3439,6387,0,0,0,1.0,1,1.0,1,1.0,1,0.11699356424589118,65
4633,1,9827,3439,6388,0,0,0,1.0,1,1.0,1,1.0,1,0.09874728028488607,66
4634,0,9827,3439,6388,0,0,0,1.0,1,1.0,1,1.0,1,0.09874728028488607,66
4635,0,9827,3439,6388,0,0,0,1.0,1,1.0,1,1.0,1,0.09974402980035667,66
4636,1,9828,3439,6389,0,0,0,1.0,1,1.0,1,1.0,1,0.07769238773740403,66
4637,2,9830,3439,6391,0,0,0,1.0,1,1.0,1,1.0,1,0.061466825238487705,68
4638,0,9830,3439,6391,0,0,0,1.0,1,1.0,1,1.0,1,0.061466825238487705,68
4639,1,9831,3440,6391,0,0,0,1.0,1,1.0,1,1.0,1,0.07667826420353471,69
4640,0,9831,3440,6391,0,0,0,1.0,1,1.0,1,1.0,1,0.07667826420353471,69
4641,2,9833,3440,6393,0,0,0,1.0,1,1.0,1,1.0,1,0.05873504234744773,70
4642,0,9833,3440,6393,0,0,0,1.0,1,1.0,1,1.0,1,0.07028278799237414,69
4643,2,9835,3441,6394,0,0,0,1.0,1,1.0,1,1.0,1,0.07760751092712771,70
4644,0,9835,3441,6394,0,0,0,1.0,1,1.0,1,1.0,1,0.09023129579564111,69
4645,2,9837,3442,6395,0,0,0,1.0,1,1.0,1,1.0,1,0.08682423074453244,70
4646,1,9838,3443,6395,0,0,0,1.0,1,1.0,1,1.0,1,0.11637980086674853,68
4647,3,9841,3446,6395,0,0,0,1.0,1,1.0,1,1.0,1,0.14895214842940288,68
4648,2,9843,3446,6397,0,0,0,1.0,1,1.0,1,1.0,1,0.17024756546077546,67
4649,8,9851,3449,6402,0,0,0,1.0,1,1.0,1,1.0,1,0.15024263611624852,67
4650,0,9851,3449,6402,0,0,0,1.0,1,1.0,1,1.0,1,0.1325630485233022,67
4651,4,9855,3451,6404,0,0,0,1.0,1,1.0,1,1.0,1,0.1403045858966775,68
4652,0,9855,3451,6404,0,0,0,1.0,1,1.0,1,1.0,1,0.14930428761502537,66
4653,6,9861,3453,6408,0,0,0,1.0,1,1.0,1,1.0,1,0.1315666128060424,64
4654,1,9862,3453,6409,0,0,0,1.0,1,1.0,1,1.0,1,0.14814282135405185,65
4655,1,9863,3453,6410,0,0,0,1.0,1,1.0,1,1.0,1,0.1511827904935003,64
4656,4,9867,3455,6412,0,0,0,1.0,1,1.0,1,1.0,1,0.17395229021991207,65
4657,4,9871,3455,6416,0,0,0,1.0,1,1.0,1,1.0,1,0.1448309285524242,66
4658,3,9874,3457,6417,0,0,0,1.0,1,1.0,1,1.0,1,0.18198990167335488,65
4659,0,9874,3457,6417,0,0,0,1.0,1,1.0,1,1.0,1,0.18198990167335488,65
4660,2,9876,3459,6417,0,0,0,1.0,1,1.0,1,1.0,1,0.21008113680991816,66
4661,2,9878,3459,6419,0,0,0,1.0,1,1.0,1,1.0,1,0.18953365714690054,66
4662,1,9879,3459,6420,0,0,0,1.0,1,1.0,1,1.0,1,0.17563568259276316,68
4663,1,9880,3459,6421,0,0,0,1.0,1,1.0,1,1.0,1,0.17823746192978138,67
4664,5,9885,3460,6425,0,0,0,1.0,1,1.0,1,1.0,1,0.15097408043953647,67
4665,3,9888,3461,6427,0,0,0,1.0,1,1.0,1,1.0,1,0.13072529264191818,67
4666,1,9889,3461,6428,0,0,0,1.0,1,1.0,1,1.0,1,0.13135966590264572,67
4667,1,9890,3462,6428,0,0,0,1.0,1,1.0,1,1.0,1,0.1295250269454582,66
4668,3,9893,3464,6429,0,0,0,1.0,1,1.0,1,1.0,1,0.1553359239801981,66
4669,4,9897,3465,6432,0,0,0,1.0,1,1.0,1,1.0,1,0.14367495288820473,66
4670,3,9900,3465,6435,0,0,0,1.0,1,1.0,1,1.0,1,0.14468178562314346,64
4671,1,9901,3465,6436,0,0,0,1.0,1,1.0,1,1.0,1,0.13486484402870383,64
4672,1,9902,3466,6436,0,0,0,1.0,1,1.0,1,1.0,1,0.1665161034141474,64
4673,3,9905,3466,6439,0,0,0,1.0,1,1.0,1,1.0,1,0.14330049649441223,65
4674,3,9908,3468,6440,0,0,0,1.0,1,1.0,1,1.0,1,0.15468848442373126,66
4675,4,9912,3468,6444,0,0,0,1.0,1,1.0,1,1.0,1,0.14054524443591004,65
4676,1,9913,3468,6445,0,0,0,1.0,1,1.0,1,1.0,1,0.16036408128709076,65
4677,2,9915,3468,6447,0,0,0,1.0,1,1.0,1,1.0,1,0.14972394827554214,65
4678,1,9916,3468,6448,0,0,0,1.0,1,1.0,1,1.0,1,0.15790985902272894,64
4679,0,9916,3468,6448,0,0,0,1.0,1,1.0,1,1.0,1,0.15585103385914567,66
4680,2,9918,3469,6449,0,0,0,1.0,1,1.0,1,1.0,1,0.16919997127903225,67
4681,5,9923,3470,6453,0,0,0,1.0,1,1.0,1,1.0,1,0.12994527740524203,67
4682,2,9925,3471,6454,0,0,0,1.0,1,1.0,1,1.0,1,0.14017754465369905,67
4683,1,9926,3471,6455,0,0,0,1.0,1,1.0,1,1.0,1,0.12721844226668014,67
4684,2,9928,3473,6455,0,0,0,1.0,1,1.0,1,1.0,1,0.13681728559575757,66
4685,3,9931,3473,6458,0,0,0,1.0,1,1.0,1,1.0,1,0.11669931904139916,65
4686,4,9935,3477,6458,0,0,0,1.0,1,1.0,1,1.0,1,0.1837055172367155,65
4687,2,9937,3477,6460,0,0,0,1.0,1,1.0,1,1.0,1,0.15280298705657158,65
4688,7,9944,3480,6464,0,0,0,1.0,1,1.0,1,1.0,1,0.19871728645152362,64
4689,2,9946,3480,6466,0,0,0,1.0,1,1.0,1,1.0,1,0.19364679496615872,65
4690,0,9946,3480,6466,0,0,0,1.0,1,1.0,1,1.0,1,0.19823354629339426,63
4691,6,9952,3482,6470,0,0,0,1.0,1,1.0,1,1.0,1,0.18384843051658692,64
4692,4,9956,3482,6474,0,0,0,1.0,1,1.0,1,1.0,1,0.14224687034307823,63
4693,4,9960,3483,6477,0,0,0,1.0,1,1.0,1,1.0,1,0.15557338509186802,64
4694,1,9961,3483,6478,0,0,0,1.0,1,1.0,1,1.0,1,0.15015832382067912,63
4695,0,9961,3483,6478,0,0,0,1.0,1,1.0,1,1.0,1,0.15105213121093994,62
4696,2,9963,3484,6479,0,0,0,1.0,1,1.0,1,1.0,1,0.15683425284567482,61
4697,2,9965,3484,6481,0,0,0,1.0,1,1.0,1,1.0,1,0.14171134303715244,63
4698,1,9966,3484,6482,0,0,0,1.0,1,1.0,1,1.0,1,0.1370073343986282,63
4699,2,9968,3485,6483,0,0,0,1.0,1,1.0,1,1.0,1,0.13409926459753813,65
4700,1,9969,3485,6484,0,0,0,1.0,1,1.0,1,1.0,1,0.1362148355212234,64
4701,4,9973,3487,6486,0,0,0,1.0,1,1.0,1,1.0,1,0.16539458003160196,64
4702,4,9977,3487,6490,0,0,0,1.0,1,1.0,1,1.0,1,0.15352900580631432,66
4703,3,9980,3488,6492,0,0,0,1.0,1,1.0,1,1.0,1,0.13170435924631524,65
4704,3,9983,3490,6493,0,0,0,1.0,1,1.0,1,1.0,1,0.14765139345682388,64
4705,6,9989,3492,6497,0,0,0,1.0,1,1.0,1,1.0,1,0.16617676840887285,65
4706,2,9991,3494,6497,0,0,0,1.0,1,1.0,1,1.0,1,0.1813571450850524,65
4707,2,9993,3495,6498,0,0,0,1.0,1,1.0,1,1.0,1,0.19121868554932195,63
4708,1,9994,3496,6498,0,0,0,1.0,1,1.0,1,1.0,1,0.1829351244937339,62
4709,9,10003,3499,6504,0,0,0,1.0,1,1.0,1,1.0,1,0.17328030409708878,61
4710,0,10003,3499,6504,0,0,0,1.0,1,1.0,1,1.0,1,0.17574397671632325,60
4711,2,10005,3501,6504,0,0,0,1.0,1,1.0,1,1.0,1,0.17796342338000548,59
4712,0,10005,3501,6504,0,0,0,1.0,1,1.0,1,1.0,1,0.17708926937222835,58
4713,5,10010,3502,6508,0,0,0,1.0,1,1.0,1,1.0,1,0.14075685220803258,58
4714,0,10010,3502,6508,0,0,0,1.0,1,1.0,1,1.0,1,0.13620027927004213,57
4715,0,10010,3502,6508,0,0,0,1.0,1,1.0,1,1.0,1,0.13351611359565263,57
4716,2,10012,3503,6509,0,0,0,1.0,1,1.0,1,1.0,1,0.11759181678737934,55
4717,4,10016,3504,6512,0,0,0,1.0,1,1.0,1,1.0,1,0.06772175725186307,57
4718,0,10016,3504,6512,0,0,0,1.0,1,1.0,1,1.0,1,0.06268663618064198,56
4719,1,10017,3505,6512,0,0,0,1.0,1,1.0,1,1.0,1,0.1219597614610517,56
4720,1,10018,3505,6513,0,0,0,1.0,1,1.0,1,1.0,1,0.11177866335302435,57
4721,2,10020,3505,6515,0,0,0,1.0,1,1.0,1,1.0,1,0.08386868414987629,57
4722,0,10020,3505,6515,0,0,0,1.0,1,1.0,1,1.0,1,0.08386868414987629,57
4723,3,10023,3506,6517,0,0,0,1.0,1,1.0,1,1.0,1,0.1246540202180087,57
4724,2,10025,3506,6519,0,0,0,1.0,1,1.0,1,1.0,1,0.11416688096885842,57
4725,1,10026,3507,6519,0,0,0,1.0,1,1.0,1,1.0,1,0.1409492239534798,57
4726,3,10029,3509,6520,0,0,0,1.0,1,1.0,1,1.0,1,0.1419989668736518,57
4727,0,10029,3509,6520,0,0,0,1.0,1,1.0,1,1.0,1,0.15896815213127022,56
4728,2,10031,3510,6521,0,0,0,1.0,1,1.0,1,1.0,1,0.16374519770808293,57
4729,0,10031,3510,6521,0,0,0,1.0,1,1.0,1,1.0,1,0.17678827183708232,56
4730,2,10033,3511,6522,0,0,0,1.0,1,1.0,1,1.0,1,0.20266886338505458,54
4731,1,10034,3511,6523,0,0,0,1.0,1,1.0,1,1.0,1,0.18783270262582136,54
4732,2,10036,3513,6523,0,0,0,1.0,1,1.0,1,1.0,1,0.23173739726961637,54
4733,5,10041,3515,6526,0,0,0,1.0,1,1.0,1,1.0,1,0.21337176274511604,55
4734,3,10044,3517,6527,0,0,0,1.0,1,1.0,1,1.0,1,0.2817694531385592,56
4735,4,10048,3518,6530,0,0,0,1.0,1,1.0,1,1.0,1,0.2827850958115854,56
4736,5,10053,3519,6534,0,0,0,1.0,1,1.0,1,1.0,1,0.2746932314667097,58
4737,5,10058,3519,6539,0,0,0,1.0,1,1.0,1,1.0,1,0.22640527554882903,59
4738,4,10062,3522,6540,0,0,0,1.0,1,1.0,1,1.0,1,0.2657974331417603,60
4739,3,10065,3522,6543,0,0,0,1.0,1,1.0,1,1.0,1,0.23806805175175225,60
4740,0,10065,3522,6543,0,0,0,1.0,1,1.0,1,1.0,1,0.23806805175175225,60
4741,6,10071,3523,6548,0,0,0,1.0,1,1.0,1,1.0,1,0.2044101210000664,61
4742,3,10074,3524,6550,0,0,0,1.0,1,1.0,1,1.0,1,0.19513895705110718,61
4743,0,10074,3524,6550,0,0,0,1.0,1,1.0,1,1.0,1,0.18394065239186216,60
4744,5,10079,3526,6553,0,0,0,1.0,1,1.0,1,1.0,1,0.15841954807481495,60
4745,0,10079,3526,6553,0,0,0,1.0,1,1.0,1,1.0,1,0.14866605492710142,59
4746,2,10081,3527,6554,0,0,0,1.0,1,1.0,1,1.0,1,0.14405863292898063,59
4747,2,10083,3528,6555,0,0,0,1.0,1,1.0,1,1.0,1,0.10912935458205487,58
4748,3,10086,3531,6555,0,0,0,1.0,1,1.0,1,1.0,1,0.10892786141097031,58
4749,6,10092,3533,6559,0,0,0,1.0,1,1.0,1,1.0,1,0.11065564495591353,58
4750,3,10095,3534,6561,0,0,0,1.0,1,1.0,1,1.0,1,0.059435547068748824,56
4751,2,10097,3536,6561,0,0,0,1.0,1,1.0,1,1.0,1,0.07585799274359417,58
4752,0,10097,3536,6561,0,0,0,1.0,1,1.0,1,1.0,1,0.06486343628890853,55
4753,0,10097,3536,6561,0,0,0,1.0,1,1.0,1,1.0,1,0.06486343628890853,55
4754,2,10099,3537,6562,0,0,0,1.0,1,1.0,1,1.0,1,0.07922332570193247,54
4755,2,10101,3538,6563,0,0,0,1.0,1,1.0,1,1.0,1,0.08337705354420713,54
4756,4,10105,3540,6565,0,0,0,1.0,1,1.0,1,1.0,1,0.09867602120976966,54
4757,1,10106,3540,6566,0,0,0,1.0,1,1.0,1,1.0,1,0.08903071674957512,53
4758,0,10106,3540,6566,0,0,0,1.0,1,1.0,1,1.0,1,0.08903071674957512,53
4759,0,10106,3540,6566,0,0,0,1.0,1,1.0,1,1.0,1,0.08903071674957512,53
4760,3,10109,3541,6568,0,0,0,1.0,1,1.0,1,1.0,1,0.09310995663580061,53
4761,5,10114,3543,6571,0,0,0,1.0,1,1.0,1,1.0,1,0.11127598798943611,52
4762,4,10118,3545,6573,0,0,0,1.0,1,1.0,1,1.0,1,0.16129332781318267,54
4763,4,10122,3546,6576,0,0,0,1.0,1,1.0,1,1.0,1,0.17812959671215287,54
4764,2,10124,3546,6578,0,0,0,1.0,1,1.0,1,1.0,1,0.16418759978611672,55
4765,4,10128,3548,6580,0,0,0,1.0,1,1.0,1,1.0,1,0.17433618232054265,56
4766,5,10133,3549,6584,0,0,0,1.0,1,1.0,1,1.0,1,0.1492256342153965,58
4767,3,10136,3549,6587,0,0,0,1.0,1,1.0,1,1.0,1,0.12942793919616294,59
4768,4,10140,3551,6589,0,0,0,1.0,1,1.0,1,1.0,1,0.13722304870063054,60
4769,1,10141,3551,6590,0,0,0,1.0,1,1.0,1,1.0,1,0.13370515770959251,59
4770,1,10142,3551,6591,0,0,0,1.0,1,1.0,1,1.0,1,0.1250057640243035,60
4771,0,10142,3551,6591,0,0,0,1.0,1,1.0,1,1.0,1,0.14118519497150428,59
4772,1,10143,3552,6591,0,0,0,1.0,1,1.0,1,1.0,1,0.1361213355553514,59
4773,0,10143,3552,6591,0,0,0,1.0,1,1.0,1,1.0,1,0.12274683040818758,60
4774,0,10143,3552,6591,0,0,0,1.0,1,1.0,1,1.0,1,0.12274683040818758,60
4775,0,10143,3552,6591,0,0,0,1.0,1,1.0,1,1.0,1,0.1195098971200682,62
4776,0,10143,3552,6591,0,0,0,1.0,1,1.0,1,1.0,1,0.11299471344276478,63
4777,0,10143,3552,6591,0,0,0,1.0,1,1.0,1,1.0,1,0.11299471344276478,63
4778,0,10143,3552,6591,0,0,0,1.0,1,1.0,1,1.0,1,0.11299471344276478,63
4779,1,10144,3553,6591,0,0,0,1.0,1,1.0,1,1.0,1,0.11605576447555908,63
4780,4,10148,3554,6594,0,0,0,1.0,1,1.0,1,1.0,1,0.09989605657088325,65
4781,3,10151,3555,6596,0,0,0,1.0,1,1.0,1,1.0,1,0.10498757277515577,64
4782,2,10153,3555,6598,0,0,0,1.0,1,1.0,1,1.0,1,0.10017933370248187,65
4783,5,10158,3557,6601,0,0,0,1.0,1,1.0,1,1.0,1,0.07659821324531946,66
4784,4,10162,3560,6602,0,0,0,1.0,1,1.0,1,1.0,1,0.07317465822689875,64
4785,5,10167,3562,6605,0,0,0,1.0,1,1.0,1,1.0,1,0.08127805883250384,65
4786,2,10169,3562,6607,0,0,0,1.0,1,1.0,1,1.0,1,0.08737752221409315,66
4787,3,10172,3564,6608,0,0,0,1.0,1,1.0,1,1.0,1,0.08820837196642121,63
4788,5,10177,3568,6609,0,0,0,1.0,1,1.0,1,1.0,1,0.1076457665438988,63
4789,9,10186,3572,6614,0,0,0,1.0,1,1.0,1,1.0,1,0.06727146642687042,60
4790,4,10190,3573,6617,0,0,0,1.0,1,1.0,1,1.0,1,0.05576515507869513,61
4791,1,10191,3574,6617,0,0,0,1.0,1,1.0,1,1.0,1,0.06608377115532575,59
4792,3,10194,3576,6618,0,0,0,1.0,1,1.0,1,1.0,1,0.051574585694703565,59
4793,1,10195,3577,6618,0,0,0,1.0,1,1.0,1,1.0,1,0.05128916536528501,61
4794,1,10196,3578,6618,0,0,0,1.0,1,1.0,1,1.0,1,0.05798646952138976,60
4795,0,10196,3578,6618,0,0,0,1.0,1,1.0,1,1.0,1,0.072966733164512,61
4796,2,10198,3580,6618,0,0,0,1.0,1,1.0,1,1.0,1,0.104731544931053,60
4797,7,10205,3584,6621,0,0,0,1.0,1,1.0,1,1.0,1,0.10917417621132557,61
4798,2,10207,3584,6623,0,0,0,1.0,1,1.0,1,1.0,1,0.05463154575154444,61
4799,0,10207,3584,6623,0,0,0,1.0,1,1.0,1,1.0,1,0.08390359055307739,59
4800,0,10207,3584,6623,0,0,0,1.0,1,1.0,1,1.0,1,0.10921718440409037,57
4801,8,10215,3585,6630,0,0,0,1.0,1,1.0,1,1.0,1,0.09790227081992361,58
4802,4,10219,3586,6633,0,0,0,1.0,1,1.0,1,1.0,1,0.09037180964799094,56
4803,7,10226,3590,6636,0,0,0,1.0,1,1.0,1,1.0,1,0.11447771592127699,57
4804,4,10230,3592,6638,0,0,0,1.0,1,1.0,1,1.0,1,0.08806464613729961,55
4805,5,10235,3596,6639,0,0,0,1.0,1,1.0,1,1.0,1,0.14250865848225042,56
4806,2,10237,3596,6641,0,0,0,1.0,1,1.0,1,1.0,1,0.09032532217804082,55
4807,1,10238,3596,6642,0,0,0,1.0,1,1.0,1,1.0,1,0.07788165442793306,53
4808,2,10240,3597,6643,0,0,0,1.0,1,1.0,1,1.0,1,0.09343695367389374,54
4809,1,10241,3597,6644,0,0,0,1.0,1,1.0,1,1.0,1,0.12672932914924712,53
4810,2,10243,3597,6646,0,0,0,1.0,1,1.0,1,1.0,1,0.12217229597544464,53
4811,5,10248,3598,6650,0,0,0,1.0,1,1.0,1,1.0,1,0.12421313670532338,54
4812,4,10252,3599,6653,0,0,0,1.0,1,1.0,1,1.0,1,0.10251557003504673,54
4813,4,10256,3599,6657,0,0,0,1.0,1,1.0,1,1.0,1,0.05565087553845445,55
4814,2,10258,3601,6657,0,0,0,1.0,1,1.0,1,1.0,1,0.08305603798979061,55
4815,4,10262,3601,6661,0,0,0,1.0,1,1.0,1,1.0,1,0.11915578762948799,56
4816,4,10266,3603,6663,0,0,0,1.0,1,1.0,1,1.0,1,0.1327153029777844,56
4817,4,10270,3605,6665,0,0,0,1.0,1,1.0,1,1.0,1,0.11990942824572723,58
4818,2,10272,3607,6665,0,0,0,1.0,1,1.0,1,1.0,1,0.1446219404218031,58
4819,1,10273,3607,6666,0,0,0,1.0,1,1.0,1,1.0,1,0.11742886899495833,58
4820,2,10275,3608,6667,0,0,0,1.0,1,1.0,1,1.0,1,0.12107077725681993,58
4821,4,10279,3608,6671,0,0,0,1.0,1,1.0,1,1.0,1,0.09266562787493256,58
4822,2,10281,3609,6672,0,0,0,1.0,1,1.0,1,1.0,1,0.09981615849262024,58
4823,3,10284,3610,6674,0,0,0,1.0,1,1.0,1,1.0,1,0.11091327887936375,57
4824,4,10288,3611,6677,0,0,0,1.0,1,1.0,1,1.0,1,0.097204795966784,56
4825,1,10289,3611,6678,0,0,0,1.0,1,1.0,1,1.0,1,0.11574645752127408,57
4826,1,10290,3612,6678,0,0,0,1.0,1,1.0,1,1.0,1,0.12074065259434257,57
4827,0,10290,3612,6678,0,0,0,1.0,1,1.0,1,1.0,1,0.15760633488480813,56
4828,2,10292,3613,6679,0,0,0,1.0,1,1.0,1,1.0,1,0.14528032677107883,57
4829,1,10293,3613,6680,0,0,0,1.0,1,1.0,1,1.0,1,0.14038173829367484,56
4830,1,10294,3614,6680,0,0,0,1.0,1,1.0,1,1.0,1,0.1263372510776406,57
4831,3,10297,3616,6681,0,0,0,1.0,1,1.0,1,1.0,1,0.17039679457424264,57
4832,0,10297,3616,6681,0,0,0,1.0,1,1.0,1,1.0,1,0.18055593983715343,55
4833,5,10302,3617,6685,0,0,0,1.0,1,1.0,1,1.0,1,0.16209993084645277,55
4834,1,10303,3617,6686,0,0,0,1.0,1,1.0,1,1.0,1,0.15353843963545794,55
4835,0,10303,3617,6686,0,0,0,1.0,1,1.0,1,1.0,1,0.1750871275449571,55
4836,0,10303,3617,6686,0,0,0,1.0,1,1.0,1,1.0,1,0.1750871275449571,55
4837,3,10306,3617,6689,0,0,0,1.0,1,1.0,1,1.0,1,0.11940085234832543,53
4838,5,10311,3618,6693,0,0,0,1.0,1,1.0,1,1.0,1,0.08639955526232773,54
4839,2,10313,3620,6693,0,0,0,1.0,1,1.0,1,1.0,1,0.11116530882643898,53
4840,5,10318,3622,6696,0,0,0,1.0,1,1.0,1,1.0,1,0.13598206033633012,52
4841,6,10324,3625,6699,0,0,0,1.0,1,1.0,1,1.0,1,0.10124875610611878,51
4842,2,10326,3626,6700,0,0,0,1.0,1,1.0,1,1.0,1,0.11457085936112658,50
4843,4,10330,3628,6702,0,0,0,1.0,1,1.0,1,1.0,1,0.14199496839984319,51
4844,1,10331,3628,6703,0,0,0,1.0,1,1.0,1,1.0,1,0.09644051235951949,50
4845,3,10334,3630,6704,0,0,0,1.0,1,1.0,1,1.0,1,0.09903463749515344,49
4846,3,10337,3632,6705,0,0,0,1.0,1,1.0,1,1.0,1,0.08983452850336461,49
4847,1,10338,3633,6705,0,0,0,1.0,1,1.0,1,1.0,1,0.15231063141607765,48
4848,3,10341,3634,6707,0,0,0,1.0,1,1.0,1,1.0,1,0.1712368241789439,48
4849,5,10346,3638,6708,0,0,0,1.0,1,1.0,1,1.0,1,0.17422311505734048,48
4850,1,10347,3638,6709,0,0,0,1.0,1,1.0,1,1.0,1,0.1658568735114621,49
4851,1,10348,3638,6710,0,0,0,1.0,1,1.0,1,1.0,1,0.15110568093345697,49
4852,0,10348,3638,6710,0,0,0,1.0,1,1.0,1,1.0,1,0.18198478060483017,49
4853,4,10352,3638,6714,0,0,0,1.0,1,1.0,1,1.0,1,0.12927814405666058,50
4854,1,10353,3639,6714,0,0,0,1.0,1,1.0,1,1.0,1,0.14532486500283462,51
4855,1,10354,3639,6715,0,0,0,1.0,1,1.0,1,1.0,1,0.14879032910824844,51
4856,0,10354,3639,6715,0,0,0,1.0,1,1.0,1,1.0,1,0.15941534507051705,50
4857,2,10356,3639,6717,0,0,0,1.0,1,1.0,1,1.0,1,0.13574524346354935,51
4858,0,10356,3639,6717,0,0,0,1.0,1,1.0,1,1.0,1,0.14398101599693391,51
4859,0,10356,3639,6717,0,0,0,1.0,1,1.0,1,1.0,1,0.15448715827872359,52
4860,1,10357,3639,6718,0,0,0,1.0,1,1.0,1,1.0,1,0.13599763541804322,52
4861,2,10359,3639,6720,0,0,0,1.0,1,1.0,1,1.0,1,0.13259213474098633,53
4862,5,10364,3641,6723,0,0,0,1.0,1,1.0,1,1.0,1,0.10325195138936934,53
4863,0,10364,3641,6723,0,0,0,1.0,1,1.0,1,1.0,1,0.1423967120087718,51
4864,2,10366,3642,6724,0,0,0,1.0,1,1.0,1,1.0,1,0.12751047904103066,53
4865,4,10370,3642,6728,0,0,0,1.0,1,1.0,1,1.0,1,0.11218032275192168,52
4866,1,10371,3643,6728,0,0,0,1.0,1,1.0,1,1.0,1,0.09521571931803373,53
4867,1,10372,3644,6728,0,0,0,1.0,1,1.0,1,1.0,1,0.08891186904733388,51
4868,3,10375,3644,6731,0,0,0,1.0,1,1.0,1,1.0,1,0.0786943116936089,53
4869,1,10376,3644,6732,0,0,0,1.0,1,1.0,1,1.0,1,0.06274363052268017,53
4870,2,10378,3646,6732,0,0,0,1.0,1,1.0,1,1.0,1,0.09313787130165474,55
4871,2,10380,3646,6734,0,0,0,1.0,1,1.0,1,1.0,1,0.07327830531092781,55
4872,1,10381,3647,6734,0,0,0,1.0,1,1.0,1,1.0,1,0.11285720652226156,56
4873,3,10384,3647,6737,0,0,0,1.0,1,1.0,1,1.0,1,0.09337638553025839,56
4874,5,10389,3648,6741,0,0,0,1.0,1,1.0,1,1.0,1,0.08273854294672353,58
4875,3,10392,3649,6743,0,0,0,1.0,1,1.0,1,1.0,1,0.08907706136715221,56
4876,2,10394,3650,6744,0,0,0,1.0,1,1.0,1,1.0,1,0.08694655553254536,56
4877,4,10398,3652,6746,0,0,0,1.0,1,1.0,1,1.0,1,0.09982485222969276,54
4878,5,10403,3654,6749,0,0,0,1.0,1,1.0,1,1.0,1,0.09513808683921861,54
4879,4,10407,3656,6751,0,0,0,1.0,1,1.0,1,1.0,1,0.11695354778340412,54
4880,4,10411,3656,6755,0,0,0,1.0,1,1.0,1,1.0,1,0.15663372573346646,53
4881,8,10419,3658,6761,0,0,0,1.0,1,1.0,1,1.0,1,0.11805339467639275,54
4882,0,10419,3658,6761,0,0,0,1.0,1,1.0,1,1.0,1,0.12161232034192992,52
4883,3,10422,3660,6762,0,0,0,1.0,1,1.0,1,1.0,1,0.15206091962907203,54
4884,0,10422,3660,6762,0,0,0,1.0,1,1.0,1,1.0,1,0.1457359172533002,52
4885,1,10423,3661,6762,0,0,0,1.0,1,1.0,1,1.0,1,0.15371306839835727,51
4886,0,10423,3661,6762,0,0,0,1.0,1,1.0,1,1.0,1,0.15818512132587303,50
4887,0,10423,3661,6762,0,0,0,1.0,1,1.0,1,1.0,1,0.17483578852294443,49
4888,0,10423,3661,6762,0,0,0,1.0,1,1.0,1,1.0,1,0.1830577798829831,48
4889,1,10424,3661,6763,0,0,0,1.0,1,1.0,1,1.0,1,0.17186096106590604,48
4890,0,10424,3661,6763,0,0,0,1.0,1,1.0,1,1.0,1,0.17186096106590604,48
4891,1,10425,3662,6763,0,0,0,1.0,1,1.0,1,1.0,1,0.20354153824268972,49
4892,4,10429,3662,6767,0,0,0,1.0,1,1.0,1,1.0,1,0.20909040789301742,51
4893,4,10433,3662,6771,0,0,0,1.0,1,1.0,1,1.0,1,0.15512519509631603,51
4894,2,10435,3662,6773,0,0,0,1.0,1,1.0,1,1.0,1,0.1590328135042823,52
4895,1,10436,3662,6774,0,0,0,1.0,1,1.0,1,1.0,1,0.13853926717173135,52
4896,0,10436,3662,6774,0,0,0,1.0,1,1.0,1,1.0,1,0.13448864788838444,51
4897,3,10439,3662,6777,0,0,0,1.0,1,1.0,1,1.0,1,0.08465847187949073,52
4898,0,10439,3662,6777,0,0,0,1.0,1,1.0,1,1.0,1,0.08465847187949073,52
4899,0,10439,3662,6777,0,0,0,1.0,1,1.0,1,1.0,1,0.08310493377893007,53
4900,2,10441,3663,6778,0,0,0,1.0,1,1.0,1,1.0,1,0.0632830685781502,54
4901,2,10443,3665,6778,0,0,0,1.0,1,1.0,1,1.0,1,0.07678182232283993,54
4902,3,10446,3667,6779,0,0,0,1.0,1,1.0,1,1.0,1,0.1060713354338794,55
4903,4,10450,3668,6782,0,0,0,1.0,1,1.0,1,1.0,1,0.15012441200651783,56
4904,8,10458,3670,6788,0,0,0,1.0,1,1.0,1,1.0,1,0.17352126482332056,55
4905,5,10463,3670,6793,0,0,0,1.0,1,1.0,1,1.0,1,0.1219839801240841,54
4906,4,10467,3671,6796,0,0,0,1.0,1,1.0,1,1.0,1,0.13773982506509633,54
4907,0,10467,3671,6796,0,0,0,1.0,1,1.0,1,1.0,1,0.13747074740604462,54
4908,5,10472,3671,6801,0,0,0,1.0,1,1.0,1,1.0,1,0.12990436587040027,53
4909,3,10475,3672,6803,0,0,0,1.0,1,1.0,1,1.0,1,0.10128663363244707,54
4910,1,10476,3672,6804,0,0,0,1.0,1,1.0,1,1.0,1,0.09658695659790915,55
4911,4,10480,3674,6806,0,0,0,1.0,1,1.0,1,1.0,1,0.1310628917446952,57
4912,3,10483,3676,6807,0,0,0,1.0,1,1.0,1,1.0,1,0.14991036471650607,57
4913,4,10487,3676,6811,0,0,0,1.0,1,1.0,1,1.0,1,0.1088674666723994,56
4914,2,10489,3677,6812,0,0,0,1.0,1,1.0,1,1.0,1,0.11081261677774318,56
4915,1,10490,3678,6812,0,0,0,1.0,1,1.0,1,1.0,1,0.1036391259093601,56
4916,2,10492,3678,6814,0,0,0,1.0,1,1.0,1,1.0,1,0.09550283961723409,54
4917,2,10494,3679,6815,0,0,0,1.0,1,1.0,1,1.0,1,0.0833001845065124,53
4918,1,10495,3680,6815,0,0,0,1.0,1,1.0,1,1.0,1,0.11338372790479939,52
4919,1,10496,3681,6815,0,0,0,1.0,1,1.0,1,1.0,1,0.14239994851666235,49
4920,0,10496,3681,6815,0,0,0,1.0,1,1.0,1,1.0,1,0.14239994851666235,49
4921,7,10503,3684,6819,0,0,0,1.0,1,1.0,1,1.0,1,0.18905158728403154,50
4922,1,10504,3684,6820,0,0,0,1.0,1,1.0,1,1.0,1,0.16906096000296744,50
4923,1,10505,3685,6820,0,0,0,1.0,1,1.0,1,1.0,1,0.16591654654503601,52
4924,3,10508,3686,6822,0,0,0,1.0,1,1.0,1,1.0,1,0.17685911903364837,53
4925,4,10512,3687,6825,0,0,0,1.0,1,1.0,1,1.0,1,0.12415729921247513,54
4926,2,10514,3687,6827,0,0,0,1.0,1,1.0,1,1.0,1,0.10521201068506286,54
4927,1,10515,3688,6827,0,0,0,1.0,1,1.0,1,1.0,1,0.11940253308495498,54
4928,1,10516,3688,6828,0,0,0,1.0,1,1.0,1,1.0,1,0.11430232460385328,54
4929,2,10518,3688,6830,0,0,0,1.0,1,1.0,1,1.0,1,0.1076206217700987,55
4930,1,10519,3688,6831,0,0,0,1.0,1,1.0,1,1.0,1,0.12745979255717657,58
4931,1,10520,3689,6831,0,0,0,1.0,1,1.0,1,1.0,1,0.13554175935277754,58
4932,1,10521,3689,6832,0,0,0,1.0,1,1.0,1,1.0,1,0.144338880653446,59
4933,3,10524,3690,6834,0,0,0,1.0,1,1.0,1,1.0,1,0.11751616249316775,59
4934,0,10524,3690,6834,0,0,0,1.0,1,1.0,1,1.0,1,0.11751616249316775,59
4935,2,10526,3690,6836,0,0,0,1.0,1,1.0,1,1.0,1,0.11292234000852829,59
4936,0,10526,3690,6836,0,0,0,1.0,1,1.0,1,1.0,1,0.11292234000852829,59
4937,5,10531,3690,6841,0,0,0,1.0,1,1.0,1,1.0,1,0.11531522066677294,61
4938,5,10536,3690,6846,0,0,0,1.0,1,1.0,1,1.0,1,0.11384702484918066,62
4939,3,10539,3690,6849,0,0,0,1.0,1,1.0,1,1.0,1,0.11345039594299093,63
4940,5,10544,3690,6854,0,0,0,1.0,1,1.0,1,1.0,1,0.12958873496777648,65
4941,3,10547,3691,6856,0,0,0,1.0,1,1.0,1,1.0,1,0.13200913674314788,65
4942,5,10552,3693,6859,0,0,0,1.0,1,1.0,1,1.0,1,0.11621344135186104,67
4943,4,10556,3693,6863,0,0,0,1.0,1,1.0,1,1.0,1,0.11363192311036184,66
4944,4,10560,3695,6865,0,0,0,1.0,1,1.0,1,1.0,1,0.13415193889421972,63
4945,1,10561,3696,6865,0,0,0,1.0,1,1.0,1,1.0,1,0.11707398418429778,61
4946,3,10564,3697,6867,0,0,0,1.0,1,1.0,1,1.0,1,0.11037701368228353,60
4947,1,10565,3697,6868,0,0,0,1.0,1,1.0,1,1.0,1,0.0814487558089411,58
4948,3,10568,3699,6869,0,0,0,1.0,1,1.0,1,1.0,1,0.09388401621669776,57
4949,3,10571,3701,6870,0,0,0,1.0,1,1.0,1,1.0,1,0.08926632131433983,56
4950,3,10574,3701,6873,0,0,0,1.0,1,1.0,1,1.0,1,0.08939026486385383,57
4951,1,10575,3702,6873,0,0,0,1.0,1,1.0,1,1.0,1,0.06605971978653102,55
4952,4,10579,3705,6874,0,0,0,1.0,1,1.0,1,1.0,1,0.11720445223928966,55
4953,8,10587,3707,6880,0,0,0,1.0,1,1.0,1,1.0,1,0.1113367754702853,54
4954,2,10589,3708,6881,0,0,0,1.0,1,1.0,1,1.0,1,0.09953804630687434,54
4955,3,10592,3708,6884,0,0,0,1.0,1,1.0,1,1.0,1,0.09766471700061014,52
4956,0,10592,3708,6884,0,0,0,1.0,1,1.0,1,1.0,1,0.09766471700061014,52
4957,6,10598,3709,6889,0,0,0,1.0,1,1.0,1,1.0,1,0.07660073780572886,53
4958,2,10600,3709,6891,0,0,0,1.0,1,1.0,1,1.0,1,0.08291569786971068,52
4959,2,10602,3710,6892,0,0,0,1.0,1,1.0,1,1.0,1,0.12225850892856056,51
4960,3,10605,3710,6895,0,0,0,1.0,1,1.0,1,1.0,1,0.13407268874276018,53
4961,3,10608,3711,6897,0,0,0,1.0,1,1.0,1,1.0,1,0.09101615101076005,53
4962,2,10610,3711,6899,0,0,0,1.0,1,1.0,1,1.0,1,0.09121691584880197,55
4963,1,10611,3711,6900,0,0,0,1.0,1,1.0,1,1.0,1,0.06815004668702986,54
4964,2,10613,3713,6900,0,0,0,1.0,1,1.0,1,1.0,1,0.07561937755546017,54
4965,2,10615,3714,6901,0,0,0,1.0,1,1.0,1,1.0,1,0.08565451589533274,54
4966,1,10616,3715,6901,0,0,0,1.0,1,1.0,1,1.0,1,0.09095441624022191,54
4967,2,10618,3716,6902,0,0,0,1.0,1,1.0,1,1.0,1,0.09067028185823402,55
4968,0,10618,3716,6902,0,0,0,1.0,1,1.0,1,1.0,1,0.09067028185823402,55
4969,3,10621,3717,6904,0,0,0,1.0,1,1.0,1,1.0,1,0.0992940365073705,57
4970,0,10621,3717,6904,0,0,0,1.0,1,1.0,1,1.0,1,0.1107691436479814,56
4971,4,10625,3718,6907,0,0,0,1.0,1,1.0,1,1.0,1,0.10598231253112304,57
4972,3,10628,3719,6909,0,0,0,1.0,1,1.0,1,1.0,1,0.1363088993751893,57
4973,6,10634,3719,6915,0,0,0,1.0,1,1.0,1,1.0,1,0.07499157691925493,60
4974,0,10634,3719,6915,0,0,0,1.0,1,1.0,1,1.0,1,0.08920731671687641,58
4975,2,10636,3720,6916,0,0,0,1.0,1,1.0,1,1.0,1,0.10042727175894389,59
4976,3,10639,3722,6917,0,0,0,1.0,1,1.0,1,1.0,1,0.11409788258381258,59
4977,7,10646,3725,6921,0,0,0,1.0,1,1.0,1,1.0,1,0.07419277398855235,59
4978,0,10646,3725,6921,0,0,0,1.0,1,1.0,1,1.0,1,0.07419277398855235,59
4979,1,10647,3725,6922,0,0,0,1.0,1,1.0,1,1.0,1,0.07410185885867683,61
4980,4,10651,3726,6925,0,0,0,1.0,1,1.0,1,1.0,1,0.06991894375395179,62
4981,1,10652,3726,6926,0,0,0,1.0,1,1.0,1,1.0,1,0.062387306634300255,62
4982,2,10654,3727,6927,0,0,0,1.0,1,1.0,1,1.0,1,0.05426368255136651,63
4983,0,10654,3727,6927,0,0,0,1.0,1,1.0,1,1.0,1,0.05434640261516874,63
4984,2,10656,3729,6927,0,0,0,1.0,1,1.0,1,1.0,1,0.08673798518729411,61
4985,1,10657,3729,6928,0,0,0,1.0,1,1.0,1,1.0,1,0.060297712698035626,59
4986,3,10660,3731,6929,0,0,0,1.0,1,1.0,1,1.0,1,0.10171228467415806,62
4987,3,10663,3733,6930,0,0,0,1.0,1,1.0,1,1.0,1,0.08175710093105558,60
4988,2,10665,3733,6932,0,0,0,1.0,1,1.0,1,1.0,1,0.08070015507429183,59
4989,6,10671,3736,6935,0,0,0,1.0,1,1.0,1,1.0,1,0.08535538610047336,57
4990,1,10672,3736,6936,0,0,0,1.0,1,1.0,1,1.0,1,0.09119636226527546,55
4991,3,10675,3738,6937,0,0,0,1.0,1,1.0,1,1.0,1,0.16003310824017666,54
4992,0,10675,3738,6937,0,0,0,1.0,1,1.0,1,1.0,1,0.14394183840533734,52
4993,2,10677,3739,6938,0,0,0,1.0,1,1.0,1,1.0,1,0.09087197763803836,51
4994,1,10678,3740,6938,0,0,0,1.0,1,1.0,1,1.0,1,0.08852527549183815,49
4995,3,10681,3743,6938,0,0,0,1.0,1,1.0,1,1.0,1,0.12591933120062276,48
4996,5,10686,3748,6938,0,0,0,1.0,1,1.0,1,1.0,1,0.19625214071412816,48
4997,6,10692,3750,6942,0,0,0,1.0,1,1.0,1,1.0,1,0.0930060615570195,46
4998,3,10695,3750,6945,0,0,0,1.0,1,1.0,1,1.0,1,0.10908455264108498,48
4999,0,10695,3750,6945,0,0,0,1.0,1,1.0,1,1.0,1,0.14019152888014141,48
5000,0,10695,3750,6945,0,0,0,1.0,1,1.0,1,1.0,1,0.1310921803560278,47
5001,1,10696,3751,6945,0,0,0,1.0,1,1.0,1,1.0,1,0.10630494059762186,45
5002,4,10700,3753,6947,0,0,0,1.0,1,1.0,1,1.0,1,0.11062654169017626,46
5003,1,10701,3753,6948,0,0,0,1.0,1,1.0,1,1.0,1,0.13843834222081122,46
5004,3,10704,3754,6950,0,0,0,1.0,1,1.0,1,1.0,1,0.15183726907671413,46
5005,1,10705,3754,6951,0,0,0,1.0,1,1.0,1,1.0,1,0.17014323639677897,45
5006,0,10705,3754,6951,0,0,0,1.0,1,1.0,1,1.0,1,0.17995573175988683,45
5007,1,10706,3754,6952,0,0,0,1.0,1,1.0,1,1.0,1,0.16266722311642554,46
5008,0,10706,3754,6952,0,0,0,1.0,1,1.0,1,1.0,1,0.15746817601588842,49
5009,0,10706,3754,6952,0,0,0,1.0,1,1.0,1,1.0,1,0.15042547358074684,49
5010,0,10706,3754,6952,0,0,0,1.0,1,1.0,1,1.0,1,0.15526206915093968,50
5011,2,10708,3754,6954,0,0,0,1.0,1,1.0,1,1.0,1,0.14404682987223807,51
5012,0,10708,3754,6954,0,0,0,1.0,1,1.0,1,1.0,1,0.1534978243146446,52
5013,1,10709,3754,6955,0,0,0,1.0,1,1.0,1,1.0,1,0.12212108813476845,52
5014,0,10709,3754,6955,0,0,0,1.0,1,1.0,1,1.0,1,0.12839741588409478,53
5015,4,10713,3756,6957,0,0,0,1.0,1,1.0,1,1.0,1,0.16211205973000478,54
5016,1,10714,3756,6958,0,0,0,1.0,1,1.0,1,1.0,1,0.1642853726193068,55
5017,4,10718,3757,6961,0,0,0,1.0,1,1.0,1,1.0,1,0.1327834613185561,55
5018,1,10719,3757,6962,0,0,0,1.0,1,1.0,1,1.0,1,0.13650787631964453,56
5019,1,10720,3757,6963,0,0,0,1.0,1,1.0,1,1.0,1,0.11970154985336687,56
5020,0,10720,3757,6963,0,0,0,1.0,1,1.0,1,1.0,1,0.13630128230149988,55
5021,1,10721,3757,6964,0,0,0,1.0,1,1.0,1,1.0,1,0.12581698662857946,56
5022,2,10723,3759,6964,0,0,0,1.0,1,1.0,1,1.0,1,0.1562445912553762,56
5023,1,10724,3760,6964,0,0,0,1.0,1,1.0,1,1.0,1,0.14952369076920183,55
5024,4,10728,3763,6965,0,0,0,1.0,1,1.0,1,1.0,1,0.20753315271253722,55
5025,6,10734,3765,6969,0,0,0,1.0,1,1.0,1,1.0,1,0.16522252473916113,53
5026,5,10739,3768,6971,0,0,0,1.0,1,1.0,1,1.0,1,0.18109979415511684,52
5027,1,10740,3769,6971,0,0,0,1.0,1,1.0,1,1.0,1,0.20195324184723445,51
5028,3,10743,3770,6973,0,0,0,1.0,1,1.0,1,1.0,1,0.2446863862666966,51
5029,8,10751,3772,6979,0,0,0,1.0,1,1.0,1,1.0,1,0.19250200406653692,50
5030,3,10754,3774,6980,0,0,0,1.0,1,1.0,1,1.0,1,0.1611692734947681,49
5031,2,10756,3775,6981,0,0,0,1.0,1,1.0,1,1.0,1,0.14414535835755143,49
5032,0,10756,3775,6981,0,0,0,1.0,1,1.0,1,1.0,1,0.152535047027986,48
5033,7,10763,3778,6985,0,0,0,1.0,1,1.0,1,1.0,1,0.14285671212539053,50
5034,2,10765,3779,6986,0,0,0,1.0,1,1.0,1,1.0,1,0.15650862407490165,49
5035,0,10765,3779,6986,0,0,0,1.0,1,1.0,1,1.0,1,0.15650862407490165,49
5036,1,10766,3780,6986,0,0,0,1.0,1,1.0,1,1.0,1,0.1710922280934691,47
5037,7,10773,3781,6992,0,0,0,1.0,1,1.0,1,1.0,1,0.1064679435804601,47
5038,1,10774,3781,6993,0,0,0,1.0,1,1.0,1,1.0,1,0.11777718677696086,47
5039,1,10775,3781,6994,0,0,0,1.0,1,1.0,1,1.0,1,0.11780776418887909,48
5040,2,10777,3781,6996,0,0,0,1.0,1,1.0,1,1.0,1,0.11780776418887909,48
5041,0,10777,3781,6996,0,0,0,1.0,1,1.0,1,1.0,1,0.11780776418887909,48
5042,1,10778,3781,6997,0,0,0,1.0,1,1.0,1,1.0,1,0.10575899459023616,50
5043,0,10778,3781,6997,0,0,0,1.0,1,1.0,1,1.0,1,0.10055594426133238,51
5044,0,10778,3781,6997,0,0,0,1.0,1,1.0,1,1.0,1,0.10055594426133238,51
5045,1,10779,3781,6998,0,0,0,1.0,1,1.0,1,1.0,1,0.10772662002979645,52
5046,1,10780,3782,6998,0,0,0,1.0,1,1.0,1,1.0,1,0.13186792783603662,51
5047,1,10781,3783,6998,0,0,0,1.0,1,1.0,1,1.0,1,0.12951832663073534,51
5048,4,10785,3784,7001,0,0,0,1.0,1,1.0,1,1.0,1,0.11192080698107187,52
5049,4,10789,3785,7004,0,0,0,1.0,1,1.0,1,1.0,1,0.09787768253088615,54
5050,1,10790,3785,7005,0,0,0,1.0,1,1.0,1,1.0,1,0.1051218871445068,56
5051,1,10791,3785,7006,0,0,0,1.0,1,1.0,1,1.0,1,0.1013661893609191,55
5052,0,10791,3785,7006,0,0,0,1.0,1,1.0,1,1.0,1,0.1013661893609191,55
5053,1,10792,3786,7006,0,0,0,1.0,1,1.0,1,1.0,1,0.13960697586715345,55
5054,1,10793,3786,7007,0,0,0,1.0,1,1.0,1,1.0,1,0.12400635918235405,55
5055,1,10794,3786,7008,0,0,0,1.0,1,1.0,1,1.0,1,0.13133690248032115,55
5056,0,10794,3786,7008,0,0,0,1.0,1,1.0,1,1.0,1,0.14139507006160446,56
5057,3,10797,3786,7011,0,0,0,1.0,1,1.0,1,1.0,1,0.10491689660035303,58
5058,2,10799,3786,7013,0,0,0,1.0,1,1.0,1,1.0,1,0.07241185128394285,59
5059,1,10800,3786,7014,0,0,0,1.0,1,1.0,1,1.0,1,0.06676393211620713,59
5060,1,10801,3786,7015,0,0,0,1.0,1,1.0,1,1.0,1,0.06823171944548993,59
5061,1,10802,3786,7016,0,0,0,1.0,1,1.0,1,1.0,1,0.07731014957413194,59
5062,1,10803,3787,7016,0,0,0,1.0,1,1.0,1,1.0,1,0.11649316651664257,59
5063,3,10806,3789,7017,0,0,0,1.0,1,1.0,1,1.0,1,0.1574927112197712,59
5064,5,10811,3794,7017,0,0,0,1.0,1,1.0,1,1.0,1,0.21800651989936756,57
5065,6,10817,3795,7022,0,0,0,1.0,1,1.0,1,1.0,1,0.15175119257444797,55
5066,5,10822,3797,7025,0,0,0,1.0,1,1.0,1,1.0,1,0.1845972713419506,55
5067,6,10828,3797,7031,0,0,0,1.0,1,1.0,1,1.0,1,0.1466504345202785,54
5068,2,10830,3797,7033,0,0,0,1.0,1,1.0,1,1.0,1,0.1069542051727293,54
5069,1,10831,3798,7033,0,0,0,1.0,1,1.0,1,1.0,1,0.1098646867645064,54
5070,2,10833,3800,7033,0,0,0,1.0,1,1.0,1,1.0,1,0.12453566799794948,52
5071,5,10838,3802,7036,0,0,0,1.0,1,1.0,1,1.0,1,0.13926672211167318,54
5072,0,10838,3802,7036,0,0,0,1.0,1,1.0,1,1.0,1,0.11427622158592639,52
5073,1,10839,3802,7037,0,0,0,1.0,1,1.0,1,1.0,1,0.09351587150894697,51
5074,0,10839,3802,7037,0,0,0,1.0,1,1.0,1,1.0,1,0.08604365279456887,52
5075,1,10840,3802,7038,0,0,0,1.0,1,1.0,1,1.0,1,0.06116451101112963,53
5076,0,10840,3802,7038,0,0,0,1.0,1,1.0,1,1.0,1,0.06116451101112963,53
5077,2,10842,3803,7039,0,0,0,1.0,1,1.0,1,1.0,1,0.062310819814963586,56
5078,1,10843,3804,7039,0,0,0,1.0,1,1.0,1,1.0,1,0.08962575763079282,55
5079,0,10843,3804,7039,0,0,0,1.0,1,1.0,1,1.0,1,0.09484995375195099,56
5080,0,10843,3804,7039,0,0,0,1.0,1,1.0,1,1.0,1,0.10116580506390072,57
5081,1,10844,3804,7040,0,0,0,1.0,1,1.0,1,1.0,1,0.09301954990246752,58
5082,0,10844,3804,7040,0,0,0,1.0,1,1.0,1,1.0,1,0.09301954990246752,58
5083,0,10844,3804,7040,0,0,0,1.0,1,1.0,1,1.0,1,0.09926913713630456,59
5084,2,10846,3806,7040,0,0,0,1.0,1,1.0,1,1.0,1,0.09203180398069734,59
5085,2,10848,3807,7041,0,0,0,1.0,1,1.0,1,1.0,1,0.10397077841856082,60
5086,1,10849,3807,7042,0,0,0,1.0,1,1.0,1,1.0,1,0.0877315551196758,61
5087,2,10851,3809,7042,0,0,0,1.0,1,1.0,1,1.0,1,0.13665407280545908,62
5088,8,10859,3811,7048,0,0,0,1.0,1,1.0,1,1.0,1,0.13584462669683076,64
5089,6,10865,3814,7051,0,0,0,1.0,1,1.0,1,1.0,1,0.10069010282736686,64
5090,1,10866,3814,7052,0,0,0,1.0,1,1.0,1,1.0,1,0.08750597473634517,64
5091,4,10870,3817,7053,0,0,0,1.0,1,1.0,1,1.0,1,0.12888868987174776,64
5092,1,10871,3818,7053,0,0,0,1.0,1,1.0,1,1.0,1,0.13139348983556176,64
5093,5,10876,3818,7058,0,0,0,1.0,1,1.0,1,1.0,1,0.09840477188499568,64
5094,3,10879,3820,7059,0,0,0,1.0,1,1.0,1,1.0,1,0.10026031189210959,65
5095,3,10882,3821,7061,0,0,0,1.0,1,1.0,1,1.0,1,0.12941462094258802,66
5096,3,10885,3821,7064,0,0,0,1.0,1,1.0,1,1.0,1,0.15042551714914656,66
5097,6,10891,3821,7070,0,0,0,1.0,1,1.0,1,1.0,1,0.0761731039193864,67
5098,1,10892,3822,7070,0,0,0,1.0,1,1.0,1,1.0,1,0.09053973068053306,67
5099,2,10894,3822,7072,0,0,0,1.0,1,1.0,1,1.0,1,0.08308867314345475,70
5100,5,10899,3822,7077,0,0,0,1.0,1,1.0,1,1.0,1,0.08692439681147875,71
5101,1,10900,3822,7078,0,0,0,1.0,1,1.0,1,1.0,1,0.08490728455974673,72
5102,3,10903,3824,7079,0,0,0,1.0,1,1.0,1,1.0,1,0.09168840991379419,72
5103,1,10904,3824,7080,0,0,0,1.0,1,1.0,1,1.0,1,0.08956215428444263,70
5104,3,10907,3827,7080,0,0,0,1.0,1,1.0,1,1.0,1,0.09941418683481347,67
5105,8,10915,3831,7084,0,0,0,1.0,1,1.0,1,1.0,1,0.11258411611550162,66
5106,2,10917,3833,7084,0,0,0,1.0,1,1.0,1,1.0,1,0.1528934965381287,64
5107,3,10920,3835,7085,0,0,0,1.0,1,1.0,1,1.0,1,0.13961870267831558,61
5108,4,10924,3838,7086,0,0,0,1.0,1,1.0,1,1.0,1,0.15513458627918733,57
5109,6,10930,3840,7090,0,0,0,1.0,1,1.0,1,1.0,1,0.11635589612874822,55
5110,2,10932,3841,7091,0,0,0,1.0,1,1.0,1,1.0,1,0.11615011920137763,53
5111,5,10937,3844,7093,0,0,0,1.0,1,1.0,1,1.0,1,0.13679691217386877,52
5112,1,10938,3845,7093,0,0,0,1.0,1,1.0,1,1.0,1,0.1425583204938643,52
5113,3,10941,3845,7096,0,0,0,1.0,1,1.0,1,1.0,1,0.08086413914283898,49
5114,7,10948,3851,7097,0,0,0,1.0,1,1.0,1,1.0,1,0.11398818656479436,49
5115,1,10949,3851,7098,0,0,0,1.0,1,1.0,1,1.0,1,0.11339799914630534,48
5116,1,10950,3851,7099,0,0,0,1.0,1,1.0,1,1.0,1,0.12754020971709928,47
5117,2,10952,3851,7101,0,0,0,1.0,1,1.0,1,1.0,1,0.09556068900993958,48
5118,2,10954,3852,7102,0,0,0,1.0,1,1.0,1,1.0,1,0.10630981319734253,49
5119,2,10956,3853,7103,0,0,0,1.0,1,1.0,1,1.0,1,0.11007268916638208,49
5120,1,10957,3853,7104,0,0,0,1.0,1,1.0,1,1.0,1,0.1305267893130439,48
5121,0,10957,3853,7104,0,0,0,1.0,1,1.0,1,1.0,1,0.1305267893130439,48
5122,2,10959,3854,7105,0,0,0,1.0,1,1.0,1,1.0,1,0.1712278031648957,46
5123,0,10959,3854,7105,0,0,0,1.0,1,1.0,1,1.0,1,0.1712278031648957,46
5124,2,10961,3854,7107,0,0,0,1.0,1,1.0,1,1.0,1,0.1351845443105948,47
5125,6,10967,3856,7111,0,0,0,1.0,1,1.0,1,1.0,1,0.11873038685532047,49
5126,2,10969,3856,7113,0,0,0,1.0,1,1.0,1,1.0,1,0.11111403040993996,49
5127,3,10972,3858,7114,0,0,0,1.0,1,1.0,1,1.0,1,0.13643796401249816,51
5128,5,10977,3859,7118,0,0,0,1.0,1,1.0,1,1.0,1,0.1555949705743895,53
5129,4,10981,3860,7121,0,0,0,1.0,1,1.0,1,1.0,1,0.1447462267900908,55
5130,2,10983,3860,7123,0,0,0,1.0,1,1.0,1,1.0,1,0.12367111425245232,55
5131,0,10983,3860,7123,0,0,0,1.0,1,1.0,1,1.0,1,0.12367111425245232,55
5132,1,10984,3860,7124,0,0,0,1.0,1,1.0,1,1.0,1,0.12855227281106482,55
5133,4,10988,3860,7128,0,0,0,1.0,1,1.0,1,1.0,1,0.08216736581591103,56
5134,1,10989,3860,7129,0,0,0,1.0,1,1.0,1,1.0,1,0.096453946186314,56
5135,2,10991,3862,7129,0,0,0,1.0,1,1.0,1,1.0,1,0.10888835119990369,56
5136,1,10992,3862,7130,0,0,0,1.0,1,1.0,1,1.0,1,0.10128048183756552,55
5137,0,10992,3862,7130,0,0,0,1.0,1,1.0,1,1.0,1,0.10451509472655443,55
5138,2,10994,3862,7132,0,0,0,1.0,1,1.0,1,1.0,1,0.09306858268913727,54
5139,0,10994,3862,7132,0,0,0,1.0,1,1.0,1,1.0,1,0.09306858268913727,54
5140,1,10995,3863,7132,0,0,0,1.0,1,1.0,1,1.0,1,0.09640003449383958,54
5141,3,10998,3864,7134,0,0,0,1.0,1,1.0,1,1.0,1,0.10653604296979939,53
5142,10,11008,3869,7139,0,0,0,1.0,1,1.0,1,1.0,1,0.08341592090327923,55
5143,4,11012,3873,7139,0,0,0,1.0,1,1.0,1,1.0,1,0.10962993825662987,54
5144,3,11015,3874,7141,0,0,0,1.0,1,1.0,1,1.0,1,0.08377385514644296,50
5145,3,11018,3875,7143,0,0,0,1.0,1,1.0,1,1.0,1,0.055694208347578524,51
5146,2,11020,3877,7143,0,0,0,1.0,1,1.0,1,1.0,1,0.10553228187112086,48
5147,4,11024,3879,7145,0,0,0,1.0,1,1.0,1,1.0,1,0.13564764111266656,49
5148,2,11026,3880,7146,0,0,0,1.0,1,1.0,1,1.0,1,0.1059183777581279,47
5149,1,11027,3880,7147,0,0,0,1.0,1,1.0,1,1.0,1,0.1010229854090942,46
5150,3,11030,3883,7147,0,0,0,1.0,1,1.0,1,1.0,1,0.1252793920259283,46
5151,1,11031,3884,7147,0,0,0,1.0,1,1.0,1,1.0,1,0.1676010795603669,45
5152,2,11033,3884,7149,0,0,0,1.0,1,1.0,1,1.0,1,0.1452146439738774,45
5153,5,11038,3887,7151,0,0,0,1.0,1,1.0,1,1.0,1,0.14874462161095986,45
5154,1,11039,3888,7151,0,0,0,1.0,1,1.0,1,1.0,1,0.1730371036922405,45
5155,2,11041,3889,7152,0,0,0,1.0,1,1.0,1,1.0,1,0.17509814203320806,44
5156,3,11044,3891,7153,0,0,0,1.0,1,1.0,1,1.0,1,0.193764367856393,44
5157,0,11044,3891,7153,0,0,0,1.0,1,1.0,1,1.0,1,0.2062093297729447,42
5158,3,11047,3892,7155,0,0,0,1.0,1,1.0,1,1.0,1,0.1517166241031966,43
5159,1,11048,3892,7156,0,0,0,1.0,1,1.0,1,1.0,1,0.18421007307346138,43
5160,1,11049,3892,7157,0,0,0,1.0,1,1.0,1,1.0,1,0.16987269649984402,43
5161,1,11050,3892,7158,0,0,0,1.0,1,1.0,1,1.0,1,0.14146384589435682,43
5162,0,11050,3892,7158,0,0,0,1.0,1,1.0,1,1.0,1,0.13426143246887745,44
5163,4,11054,3892,7162,0,0,0,1.0,1,1.0,1,1.0,1,0.11717704326894872,46
5164,1,11055,3893,7162,0,0,0,1.0,1,1.0,1,1.0,1,0.12643987009687235,46
5165,3,11058,3894,7164,0,0,0,1.0,1,1.0,1,1.0,1,0.10113874074094086,46
5166,4,11062,3897,7165,0,0,0,1.0,1,1.0,1,1.0,1,0.14313802794064512,47
5167,2,11064,3898,7166,0,0,0,1.0,1,1.0,1,1.0,1,0.16018540290781286,47
5168,4,11068,3899,7169,0,0,0,1.0,1,1.0,1,1.0,1,0.13396962974283896,47
5169,1,11069,3899,7170,0,0,0,1.0,1,1.0,1,1.0,1,0.11385620383614603,47
5170,1,11070,3900,7170,0,0,0,1.0,1,1.0,1,1.0,1,0.11180775028812964,48
5171,2,11072,3901,7171,0,0,0,1.0,1,1.0,1,1.0,1,0.13303401277117788,48
5172,0,11072,3901,7171,0,0,0,1.0,1,1.0,1,1.0,1,0.10544010838615106,49
5173,1,11073,3901,7172,0,0,0,1.0,1,1.0,1,1.0,1,0.10319600211632071,49
5174,0,11073,3901,7172,0,0,0,1.0,1,1.0,1,1.0,1,0.10141874079296427,52
5175,0,11073,3901,7172,0,0,0,1.0,1,1.0,1,1.0,1,0.08900323026657948,53
5176,1,11074,3901,7173,0,0,0,1.0,1,1.0,1,1.0,1,0.09790522662720938,54
5177,2,11076,3903,7173,0,0,0,1.0,1,1.0,1,1.0,1,0.09656585216015104,54
5178,5,11081,3906,7175,0,0,0,1.0,1,1.0,1,1.0,1,0.15851525946230338,55
5179,1,11082,3906,7176,0,0,0,1.0,1,1.0,1,1.0,1,0.13357373192322383,53
5180,1,11083,3907,7176,0,0,0,1.0,1,1.0,1,1.0,1,0.13619859957536987,52
5181,3,11086,3907,7179,0,0,0,1.0,1,1.0,1,1.0,1,0.08877103747696416,52
5182,1,11087,3908,7179,0,0,0,1.0,1,1.0,1,1.0,1,0.08891298780196719,52
5183,3,11090,3911,7179,0,0,0,1.0,1,1.0,1,1.0,1,0.14460403498894564,52
5184,0,11090,3911,7179,0,0,0,1.0,1,1.0,1,1.0,1,0.14479341702536272,52
5185,4,11094,3913,7181,0,0,0,1.0,1,1.0,1,1.0,1,0.1519184787975487,50
5186,2,11096,3914,7182,0,0,0,1.0,1,1.0,1,1.0,1,0.18076856142073072,48
5187,2,11098,3914,7184,0,0,0,1.0,1,1.0,1,1.0,1,0.16343388887620272,46
5188,0,11098,3914,7184,0,0,0,1.0,1,1.0,1,1.0,1,0.17124291471058356,44
5189,0,11098,3914,7184,0,0,0,1.0,1,1.0,1,1.0,1,0.16261112828545535,44
5190,3,11101,3915,7186,0,0,0,1.0,1,1.0,1,1.0,1,0.14069504769292182,45
5191,0,11101,3915,7186,0,0,0,1.0,1,1.0,1,1.0,1,0.14124673348936062,45
5192,2,11103,3916,7187,0,0,0,1.0,1,1.0,1,1.0,1,0.1343047632434037,45
5193,0,11103,3916,7187,0,0,0,1.0,1,1.0,1,1.0,1,0.1343047632434037,45
5194,0,11103,3916,7187,0,0,0,1.0,1,1.0,1,1.0,1,0.13646166089325126,45
5195,6,11109,3917,7192,0,0,0,1.0,1,1.0,1,1.0,1,0.09608392118514507,46
5196,0,11109,3917,7192,0,0,0,1.0,1,1.0,1,1.0,1,0.09608392118514507,46
5197,1,11110,3917,7193,0,0,0,1.0,1,1.0,1,1.0,1,0.08093989165327733,46
5198,0,11110,3917,7193,0,0,0,1.0,1,1.0,1,1.0,1,0.06681300867824515,47
5199,1,11111,3918,7193,0,0,0,1.0,1,1.0,1,1.0,1,0.117692780791174,49
5200,3,11114,3919,7195,0,0,0,1.0,1,1.0,1,1.0,1,0.12408355452646516,49
5201,4,11118,3920,7198,0,0,0,1.0,1,1.0,1,1.0,1,0.09562264209196218,50
5202,2,11120,3920,7200,0,0,0,1.0,1,1.0,1,1.0,1,0.0755614658091274,52
5203,2,11122,3920,7202,0,0,0,1.0,1,1.0,1,1.0,1,0.0755614658091274,52
5204,2,11124,3920,7204,0,0,0,1.0,1,1.0,1,1.0,1,0.08729850284839667,54
5205,1,11125,3920,7205,0,0,0,1.0,1,1.0,1,1.0,1,0.07510644514392173,54
5206,2,11127,3920,7207,0,0,0,1.0,1,1.0,1,1.0,1,0.05515107603852955,55
5207,0,11127,3920,7207,0,0,0,1.0,1,1.0,1,1.0,1,0.06222809613403368,54
5208,0,11127,3920,7207,0,0,0,1.0,1,1.0,1,1.0,1,0.06222809613403368,54
5209,0,11127,3920,7207,0,0,0,1.0,1,1.0,1,1.0,1,0.06222809613403368,54
5210,0,11127,3920,7207,0,0,0,1.0,1,1.0,1,1.0,1,0.06222809613403368,54
5211,2,11129,3921,7208,0,0,0,1.0,1,1.0,1,1.0,1,0.10616337053316091,56
5212,0,11129,3921,7208,0,0,0,1.0,1,1.0,1,1.0,1,0.10409020432805485,57
5213,7,11136,3926,7210,0,0,0,1.0,1,1.0,1,1.0,1,0.15062680186214591,57
5214,2,11138,3927,7211,0,0,0,1.0,1,1.0,1,1.0,1,0.16917001195443457,58
5215,1,11139,3927,7212,0,0,0,1.0,1,1.0,1,1.0,1,0.17486949249310293,57
5216,1,11140,3928,7212,0,0,0,1.0,1,1.0,1,1.0,1,0.16169671944914715,57
5217,5,11145,3929,7216,0,0,0,1.0,1,1.0,1,1.0,1,0.1051853366697183,56
5218,4,11149,3932,7217,0,0,0,1.0,1,1.0,1,1.0,1,0.15418938219961095,56
5219,1,11150,3932,7218,0,0,0,1.0,1,1.0,1,1.0,1,0.12076553141916088,54
5220,2,11152,3934,7218,0,0,0,1.0,1,1.0,1,1.0,1,0.1541137553090556,53
5221,5,11157,3934,7223,0,0,0,1.0,1,1.0,1,1.0,1,0.1112992286770793,52
5222,1,11158,3934,7224,0,0,0,1.0,1,1.0,1,1.0,1,0.12604339227701783,52
5223,2,11160,3935,7225,0,0,0,1.0,1,1.0,1,1.0,1,0.10873970878811116,52
5224,0,11160,3935,7225,0,0,0,1.0,1,1.0,1,1.0,1,0.12127410838361076,52
5225,3,11163,3935,7228,0,0,0,1.0,1,1.0,1,1.0,1,0.08620573881089011,50
5226,3,11166,3938,7228,0,0,0,1.0,1,1.0,1,1.0,1,0.10970893788982562,51
5227,3,11169,3941,7228,0,0,0,1.0,1,1.0,1,1.0,1,0.1400057931703804,49
5228,0,11169,3941,7228,0,0,0,1.0,1,1.0,1,1.0,1,0.14826941019665468,48
5229,7,11176,3941,7235,0,0,0,1.0,1,1.0,1,1.0,1,0.08438023347878813,49
5230,3,11179,3942,7237,0,0,0,1.0,1,1.0,1,1.0,1,0.12181812587379687,49
5231,4,11183,3943,7240,0,0,0,1.0,1,1.0,1,1.0,1,0.11301885020004328,49
5232,5,11188,3943,7245,0,0,0,1.0,1,1.0,1,1.0,1,0.13607388574855994,51
5233,5,11193,3945,7248,0,0,0,1.0,1,1.0,1,1.0,1,0.12667172178217387,51
5234,4,11197,3946,7251,0,0,0,1.0,1,1.0,1,1.0,1,0.10282420307460097,52
5235,1,11198,3946,7252,0,0,0,1.0,1,1.0,1,1.0,1,0.07748209332805193,52
5236,1,11199,3947,7252,0,0,0,1.0,1,1.0,1,1.0,1,0.10364957008755288,52
5237,2,11201,3947,7254,0,0,0,1.0,1,1.0,1,1.0,1,0.09466912146338878,53
5238,1,11202,3947,7255,0,0,0,1.0,1,1.0,1,1.0,1,0.06494434054331132,53
5239,0,11202,3947,7255,0,0,0,1.0,1,1.0,1,1.0,1,0.06494434054331132,53
5240,4,11206,3948,7258,0,0,0,1.0,1,1.0,1,1.0,1,0.09423813980340648,55
5241,2,11208,3948,7260,0,0,0,1.0,1,1.0,1,1.0,1,0.08490912257189696,56
5242,0,11208,3948,7260,0,0,0,1.0,1,1.0,1,1.0,1,0.10932468838951975,54
5243,1,11209,3949,7260,0,0,0,1.0,1,1.0,1,1.0,1,0.12964087601214125,55
5244,2,11211,3951,7260,0,0,0,1.0,1,1.0,1,1.0,1,0.18440934145495197,55
5245,5,11216,3952,7264,0,0,0,1.0,1,1.0,1,1.0,1,0.11053897223036885,55
5246,1,11217,3953,7264,0,0,0,1.0,1,1.0,1,1.0,1,0.15611364833327276,55
5247,3,11220,3954,7266,0,0,0,1.0,1,1.0,1,1.0,1,0.12753007031097188,54
5248,2,11222,3955,7267,0,0,0,1.0,1,1.0,1,1.0,1,0.1576100729801009,53
5249,4,11226,3955,7271,0,0,0,1.0,1,1.0,1,1.0,1,0.08126629129699767,55
5250,0,11226,3955,7271,0,0,0,1.0,1,1.0,1,1.0,1,0.08126629129699767,55
5251,2,11228,3956,7272,0,0,0,1.0,1,1.0,1,1.0,1,0.10632542347960654,57
5252,3,11231,3957,7274,0,0,0,1.0,1,1.0,1,1.0,1,0.12329300236420905,58
5253,4,11235,3958,7277,0,0,0,1.0,1,1.0,1,1.0,1,0.0826557549179125,59
5254,1,11236,3959,7277,0,0,0,1.0,1,1.0,1,1.0,1,0.09402892611542323,59
5255,0,11236,3959,7277,0,0,0,1.0,1,1.0,1,1.0,1,0.08816008398800192,58
5256,2,11238,3960,7278,0,0,0,1.0,1,1.0,1,1.0,1,0.09658475546948027,59
5257,2,11240,3962,7278,0,0,0,1.0,1,1.0,1,1.0,1,0.0869656663825458,58
5258,0,11240,3962,7278,0,0,0,1.0,1,1.0,1,1.0,1,0.11084418714376437,56
5259,1,11241,3963,7278,0,0,0,1.0,1,1.0,1,1.0,1,0.1303720644969101,56
5260,0,11241,3963,7278,0,0,0,1.0,1,1.0,1,1.0,1,0.12707955927492479,55
5261,2,11243,3963,7280,0,0,0,1.0,1,1.0,1,1.0,1,0.08138493442434519,54
5262,1,11244,3964,7280,0,0,0,1.0,1,1.0,1,1.0,1,0.09890274851854046,54
5263,2,11246,3965,7281,0,0,0,1.0,1,1.0,1,1.0,1,0.11561065826658996,53
5264,1,11247,3966,7281,0,0,0,1.0,1,1.0,1,1.0,1,0.12074667161564474,51
5265,3,11250,3968,7282,0,0,0,1.0,1,1.0,1,1.0,1,0.1335560004941834,50
5266,6,11256,3971,7285,0,0,0,1.0,1,1.0,1,1.0,1,0.13294353905481435,49
5267,1,11257,3971,7286,0,0,0,1.0,1,1.0,1,1.0,1,0.11856151771220487,48
5268,2,11259,3973,7286,0,0,0,1.0,1,1.0,1,1.0,1,0.11627092119525648,47
5269,6,11265,3974,7291,0,0,0,1.0,1,1.0,1,1.0,1,0.11531723239691179,45
5270,3,11268,3975,7293,0,0,0,1.0,1,1.0,1,1.0,1,0.13069791720880475,47
5271,1,11269,3975,7294,0,0,0,1.0,1,1.0,1,1.0,1,0.15624994022513172,45
5272,6,11275,3978,7297,0,0,0,1.0,1,1.0,1,1.0,1,0.20468655482104,46
5273,2,11277,3978,7299,0,0,0,1.0,1,1.0,1,1.0,1,0.1451042278339516,44
5274,5,11282,3979,7303,0,0,0,1.0,1,1.0,1,1.0,1,0.18587237519682198,44
5275,3,11285,3979,7306,0,0,0,1.0,1,1.0,1,1.0,1,0.1402745187862455,46
5276,2,11287,3979,7308,0,0,0,1.0,1,1.0,1,1.0,1,0.1380544866046518,46
5277,2,11289,3979,7310,0,0,0,1.0,1,1.0,1,1.0,1,0.10160273019230422,46
5278,3,11292,3982,7310,0,0,0,1.0,1,1.0,1,1.0,1,0.14167078604864627,46
5279,4,11296,3984,7312,0,0,0,1.0,1,1.0,1,1.0,1,0.17432509134536692,47
5280,2,11298,3986,7312,0,0,0,1.0,1,1.0,1,1.0,1,0.17856645743015642,47
5281,3,11301,3986,7315,0,0,0,1.0,1,1.0,1,1.0,1,0.12784106101481285,48
5282,1,11302,3986,7316,0,0,0,1.0,1,1.0,1,1.0,1,0.11608323147985883,48
5283,0,11302,3986,7316,0,0,0,1.0,1,1.0,1,1.0,1,0.1290114508087519,49
5284,0,11302,3986,7316,0,0,0,1.0,1,1.0,1,1.0,1,0.1290114508087519,49
5285,0,11302,3986,7316,0,0,0,1.0,1,1.0,1,1.0,1,0.10525754926560181,50
5286,0,11302,3986,7316,0,0,0,1.0,1,1.0,1,1.0,1,0.12071033766462426,51
5287,0,11302,3986,7316,0,0,0,1.0,1,1.0,1,1.0,1,0.12071033766462426,51
5288,1,11303,3986,7317,0,0,0,1.0,1,1.0,1,1.0,1,0.10824067516308784,51
5289,2,11305,3986,7319,0,0,0,1.0,1,1.0,1,1.0,1,0.11030191728827306,53
5290,2,11307,3986,7321,0,0,0,1.0,1,1.0,1,1.0,1,0.08605124155080762,53
5291,0,11307,3986,7321,0,0,0,1.0,1,1.0,1,1.0,1,0.08605124155080762,53
5292,2,11309,3988,7321,0,0,0,1.0,1,1.0,1,1.0,1,0.08916419128098939,53
5293,3,11312,3989,7323,0,0,0,1.0,1,1.0,1,1.0,1,0.12526090601047107,53
5294,2,11314,3990,7324,0,0,0,1.0,1,1.0,1,1.0,1,0.12127645645742906,54
5295,2,11316,3992,7324,0,0,0,1.0,1,1.0,1,1.0,1,0.15642204183926758,52
5296,1,11317,3993,7324,0,0,0,1.0,1,1.0,1,1.0,1,0.12272091503867538,49
5297,2,11319,3995,7324,0,0,0,1.0,1,1.0,1,1.0,1,0.18114632313697332,49
5298,2,11321,3996,7325,0,0,0,1.0,1,1.0,1,1.0,1,0.18784071351639622,49
5299,2,11323,3997,7326,0,0,0,1.0,1,1.0,1,1.0,1,0.1736776896419778,50
5300,0,11323,3997,7326,0,0,0,1.0,1,1.0,1,1.0,1,0.17853726495983274,48
5301,1,11324,3998,7326,0,0,0,1.0,1,1.0,1,1.0,1,0.2057057672257992,46
5302,1,11325,3998,7327,0,0,0,1.0,1,1.0,1,1.0,1,0.18650822963091823,47
5303,2,11327,4000,7327,0,0,0,1.0,1,1.0,1,1.0,1,0.1878371941746332,46
5304,5,11332,4002,7330,0,0,0,1.0,1,1.0,1,1.0,1,0.20642119259210312,45
5305,2,11334,4003,7331,0,0,0,1.0,1,1.0,1,1.0,1,0.20310129209463615,44
5306,2,11336,4005,7331,0,0,0,1.0,1,1.0,1,1.0,1,0.25030810600423137,42
5307,5,11341,4006,7335,0,0,0,1.0,1,1.0,1,1.0,1,0.18854189056357487,42
5308,4,11345,4008,7337,0,0,0,1.0,1,1.0,1,1.0,1,0.19245147982747954,43
5309,1,11346,4008,7338,0,0,0,1.0,1,1.0,1,1.0,1,0.17377062519606173,41
5310,2,11348,4009,7339,0,0,0,1.0,1,1.0,1,1.0,1,0.19623345439615233,41
5311,1,11349,4010,7339,0,0,0,1.0,1,1.0,1,1.0,1,0.19008889091915432,42
5312,2,11351,4010,7341,0,0,0,1.0,1,1.0,1,1.0,1,0.16594252880571006,43
5313,1,11352,4010,7342,0,0,0,1.0,1,1.0,1,1.0,1,0.14514255901496761,44
5314,1,11353,4010,7343,0,0,0,1.0,1,1.0,1,1.0,1,0.12722222968251784,44
5315,4,11357,4012,7345,0,0,0,1.0,1,1.0,1,1.0,1,0.13398157877563652,45
5316,2,11359,4012,7347,0,0,0,1.0,1,1.0,1,1.0,1,0.14498124632543405,46
5317,3,11362,4013,7349,0,0,0,1.0,1,1.0,1,1.0,1,0.12459881028108952,46
5318,1,11363,4014,7349,0,0,0,1.0,1,1.0,1,1.0,1,0.12900566272659048,46
5319,0,11363,4014,7349,0,0,0,1.0,1,1.0,1,1.0,1,0.14136779915383862,47
5320,3,11366,4015,7351,0,0,0,1.0,1,1.0,1,1.0,1,0.15867918054401137,48
5321,8,11374,4015,7359,0,0,0,1.0,1,1.0,1,1.0,1,0.11875129310947899,49
5322,6,11380,4015,7365,0,0,0,1.0,1,1.0,1,1.0,1,0.1186571422909332,49
5323,3,11383,4015,7368,0,0,0,1.0,1,1.0,1,1.0,1,0.12627966790768147,51
5324,6,11389,4016,7373,0,0,0,1.0,1,1.0,1,1.0,1,0.12346645068274541,53
5325,2,11391,4017,7374,0,0,0,1.0,1,1.0,1,1.0,1,0.12325055890548056,53
5326,2,11393,4018,7375,0,0,0,1.0,1,1.0,1,1.0,1,0.12162739838740956,53
5327,0,11393,4018,7375,0,0,0,1.0,1,1.0,1,1.0,1,0.1325585191387578,53
5328,3,11396,4019,7377,0,0,0,1.0,1,1.0,1,1.0,1,0.11013056652810804,54
5329,1,11397,4019,7378,0,0,0,1.0,1,1.0,1,1.0,1,0.11302649346791598,53
5330,1,11398,4020,7378,0,0,0,1.0,1,1.0,1,1.0,1,0.1354784843810294,52
5331,1,11399,4020,7379,0,0,0,1.0,1,1.0,1,1.0,1,0.13913246364501924,51
5332,0,11399,4020,7379,0,0,0,1.0,1,1.0,1,1.0,1,0.1380423294470298,52
5333,1,11400,4021,7379,0,0,0,1.0,1,1.0,1,1.0,1,0.18135572558987098,53
5334,2,11402,4021,7381,0,0,0,1.0,1,1.0,1,1.0,1,0.16750066910291012,54
5335,1,11403,4021,7382,0,0,0,1.0,1,1.0,1,1.0,1,0.1624310505415892,55
5336,0,11403,4021,7382,0,0,0,1.0,1,1.0,1,1.0,1,0.17058019677277195,54
5337,4,11407,4022,7385,0,0,0,1.0,1,1.0,1,1.0,1,0.17083017976327025,55
5338,0,11407,4022,7385,0,0,0,1.0,1,1.0,1,1.0,1,0.17083017976327025,55
5339,0,11407,4022,7385,0,0,0,1.0,1,1.0,1,1.0,1,0.17083017976327025,55
5340,0,11407,4022,7385,0,0,0,1.0,1,1.0,1,1.0,1,0.17083017976327025,55
5341,4,11411,4023,7388,0,0,0,1.0,1,1.0,1,1.0,1,0.14488040639295424,54
5342,2,11413,4025,7388,0,0,0,1.0,1,1.0,1,1.0,1,0.17638985507156482,55
5343,4,11417,4028,7389,0,0,0,1.0,1,1.0,1,1.0,1,0.17916508230805467,54
5344,2,11419,4030,7389,0,0,0,1.0,1,1.0,1,1.0,1,0.18642789812812907,55
5345,2,11421,4031,7390,0,0,0,1.0,1,1.0,1,1.0,1,0.1662143631338624,53
5346,2,11423,4032,7391,0,0,0,1.0,1,1.0,1,1.0,1,0.1939255610702939,53
5347,6,11429,4035,7394,0,0,0,1.0,1,1.0,1,1.0,1,0.19344349775208425,51
5348,4,11433,4036,7397,0,0,0,1.0,1,1.0,1,1.0,1,0.1702680160361289,53
5349,9,11442,4039,7403,0,0,0,1.0,1,1.0,1,1.0,1,0.12304648710732702,52
5350,0,11442,4039,7403,0,0,0,1.0,1,1.0,1,1.0,1,0.11459690308338828,50
5351,7,11449,4041,7408,0,0,0,1.0,1,1.0,1,1.0,1,0.14329929321662374,52
5352,2,11451,4042,7409,0,0,0,1.0,1,1.0,1,1.0,1,0.12542705224622766,49
5353,2,11453,4042,7411,0,0,0,1.0,1,1.0,1,1.0,1,0.08902705840846255,49
5354,1,11454,4042,7412,0,0,0,1.0,1,1.0,1,1.0,1,0.04432458879731079,49
5355,0,11454,4042,7412,0,0,0,1.0,1,1.0,1,1.0,1,0.06023456442851355,48
5356,1,11455,4043,7412,0,0,0,1.0,1,1.0,1,1.0,1,0.08842380391081889,49
5357,0,11455,4043,7412,0,0,0,1.0,1,1.0,1,1.0,1,0.10908874570321327,47
5358,1,11456,4044,7412,0,0,0,1.0,1,1.0,1,1.0,1,0.12184500814797437,48
5359,3,11459,4044,7415,0,0,0,1.0,1,1.0,1,1.0,1,0.0715725850209107,48
5360,0,11459,4044,7415,0,0,0,1.0,1,1.0,1,1.0,1,0.0715725850209107,48
5361,2,11461,4045,7416,0,0,0,1.0,1,1.0,1,1.0,1,0.07252024764170424,50
5362,0,11461,4045,7416,0,0,0,1.0,1,1.0,1,1.0,1,0.07252024764170424,50
5363,0,11461,4045,7416,0,0,0,1.0,1,1.0,1,1.0,1,0.07252024764170424,50
5364,4,11465,4047,7418,0,0,0,1.0,1,1.0,1,1.0,1,0.10004511219585872,51
5365,1,11466,4047,7419,0,0,0,1.0,1,1.0,1,1.0,1,0.10883729568098188,52
5366,0,11466,4047,7419,0,0,0,1.0,1,1.0,1,1.0,1,0.10883729568098188,52
5367,0,11466,4047,7419,0,0,0,1.0,1,1.0,1,1.0,1,0.09721459113165068,54
5368,1,11467,4047,7420,0,0,0,1.0,1,1.0,1,1.0,1,0.09182862175675005,55
5369,3,11470,4049,7421,0,0,0,1.0,1,1.0,1,1.0,1,0.11648980187395631,53
5370,6,11476,4053,7423,0,0,0,1.0,1,1.0,1,1.0,1,0.1677200895286563,54
5371,4,11480,4055,7425,0,0,0,1.0,1,1.0,1,1.0,1,0.20251264915522973,53
5372,4,11484,4057,7427,0,0,0,1.0,1,1.0,1,1.0,1,0.223543811091868,53
5373,5,11489,4057,7432,0,0,0,1.0,1,1.0,1,1.0,1,0.1586911436157887,52
5374,3,11492,4058,7434,0,0,0,1.0,1,1.0,1,1.0,1,0.15910683466245024,51
5375,2,11494,4058,7436,0,0,0,1.0,1,1.0,1,1.0,1,0.1267005526371266,52
5376,3,11497,4060,7437,0,0,0,1.0,1,1.0,1,1.0,1,0.1656570227298431,51
5377,4,11501,4060,7441,0,0,0,1.0,1,1.0,1,1.0,1,0.13016855985271497,52
5378,0,11501,4060,7441,0,0,0,1.0,1,1.0,1,1.0,1,0.14277028558238186,50
5379,2,11503,4061,7442,0,0,0,1.0,1,1.0,1,1.0,1,0.1427917253454785,50
5380,0,11503,4061,7442,0,0,0,1.0,1,1.0,1,1.0,1,0.16152848575236833,52
5381,2,11505,4061,7444,0,0,0,1.0,1,1.0,1,1.0,1,0.1436540766690596,52
5382,2,11507,4061,7446,0,0,0,1.0,1,1.0,1,1.0,1,0.11211368734033984,52
5383,0,11507,4061,7446,0,0,0,1.0,1,1.0,1,1.0,1,0.10429467521205156,51
5384,0,11507,4061,7446,0,0,0,1.0,1,1.0,1,1.0,1,0.1092834260832321,52
5385,2,11509,4062,7447,0,0,0,1.0,1,1.0,1,1.0,1,0.13952392362958388,51
5386,2,11511,4063,7448,0,0,0,1.0,1,1.0,1,1.0,1,0.12856495491709677,52
5387,3,11514,4065,7449,0,0,0,1.0,1,1.0,1,1.0,1,0.12139622852062767,53
5388,3,11517,4065,7452,0,0,0,1.0,1,1.0,1,1.0,1,0.1287744642875899,54
5389,4,11521,4066,7455,0,0,0,1.0,1,1.0,1,1.0,1,0.07512831469227385,55
5390,3,11524,4067,7457,0,0,0,1.0,1,1.0,1,1.0,1,0.09007741068534315,56
5391,3,11527,4068,7459,0,0,0,1.0,1,1.0,1,1.0,1,0.07701381052602421,56
5392,5,11532,4070,7462,0,0,0,1.0,1,1.0,1,1.0,1,0.0924638225098352,56
5393,1,11533,4070,7463,0,0,0,1.0,1,1.0,1,1.0,1,0.0672491824988232,54
5394,1,11534,4071,7463,0,0,0,1.0,1,1.0,1,1.0,1,0.08129001230409716,53
5395,2,11536,4073,7463,0,0,0,1.0,1,1.0,1,1.0,1,0.10072277338529277,53
5396,2,11538,4074,7464,0,0,0,1.0,1,1.0,1,1.0,1,0.12451490523698058,54
5397,5,11543,4076,7467,0,0,0,1.0,1,1.0,1,1.0,1,0.09186524560416783,53
5398,1,11544,4076,7468,0,0,0,1.0,1,1.0,1,1.0,1,0.07289943710219267,53
5399,8,11552,4082,7470,0,0,0,1.0,1,1.0,1,1.0,1,0.10185950129998193,55
5400,1,11553,4082,7471,0,0,0,1.0,1,1.0,1,1.0,1,0.09869823082440922,55
5401,3,11556,4084,7472,0,0,0,1.0,1,1.0,1,1.0,1,0.09672053451318569,56
5402,0,11556,4084,7472,0,0,0,1.0,1,1.0,1,1.0,1,0.0,0
