,SuccessfulHandoverCount,TotalSuccessfulHandoverCount,TotalSuccessfulHandoverCountRange,TotalSuccessfulHandoverCountLoadBalancing,TotalSuccessfulHandoverCountOverload,FailedHandoverCount,TotalFailedHandoverCount,AvgQoS,MinQoS,AvgQoS_LoadBased,MinQoS_LoadBased,AvgQoS_RangeBased,MinQoS_RangeBased,GiniLoad,VehicleCount
0,0,0,0,0,0,0,0,1.0,1,1.0,1,1.0,1,0.0,0
1,12,12,0,12,0,0,0,1.0,1,1.0,1,1.0,1,0.1671661592158646,26
2,13,25,0,25,0,0,0,1.0,1,1.0,1,1.0,1,0.10004035169416303,27
3,8,33,0,33,0,0,0,1.0,1,1.0,1,1.0,1,0.1512627947031473,28
4,11,44,0,44,0,0,0,1.0,1,1.0,1,1.0,1,0.09196232473349847,29
5,6,50,0,50,0,0,0,1.0,1,1.0,1,1.0,1,0.08976364464059733,29
6,8,58,0,58,0,0,0,1.0,1,1.0,1,1.0,1,0.12274968438468314,32
7,6,64,0,64,0,0,0,1.0,1,1.0,1,1.0,1,0.11953143808208459,33
8,11,75,0,75,0,0,0,1.0,1,1.0,1,1.0,1,0.10698566060958929,35
9,10,85,0,85,0,0,0,1.0,1,1.0,1,1.0,1,0.14010845173512843,35
10,4,89,0,89,0,0,0,1.0,1,1.0,1,1.0,1,0.13233634204381844,35
11,0,89,0,89,0,0,0,1.0,1,1.0,1,1.0,1,0.09509087096325478,35
12,0,89,0,89,0,0,0,1.0,1,1.0,1,1.0,1,0.09207599999482627,34
13,2,91,1,90,0,0,0,1.0,1,1.0,1,1.0,1,0.08487019982225746,32
14,2,93,3,90,0,0,0,1.0,1,1.0,1,1.0,1,0.18575112688209344,31
15,1,94,4,90,0,0,0,1.0,1,1.0,1,1.0,1,0.1601575747608605,30
16,0,94,4,90,0,0,0,1.0,1,1.0,1,1.0,1,0.1752220701279484,30
17,0,94,4,90,0,0,0,1.0,1,1.0,1,1.0,1,0.15204290015123365,29
18,0,94,4,90,0,0,0,1.0,1,1.0,1,1.0,1,0.15204290015123365,29
19,0,94,4,90,0,0,0,1.0,1,1.0,1,1.0,1,0.1459640758677963,28
20,0,94,4,90,0,0,0,1.0,1,1.0,1,1.0,1,0.11123955282692621,28
21,1,95,5,90,0,0,0,1.0,1,1.0,1,1.0,1,0.10472537388019056,28
22,2,97,7,90,0,0,0,1.0,1,1.0,1,1.0,1,0.1464617056830715,28
23,2,99,9,90,0,0,0,1.0,1,1.0,1,1.0,1,0.2449387883764789,27
24,5,104,14,90,0,0,0,1.0,1,1.0,1,1.0,1,0.2265269533383306,28
25,2,106,16,90,0,0,0,1.0,1,1.0,1,1.0,1,0.21968222285098357,28
26,5,111,17,94,0,0,0,1.0,1,1.0,1,1.0,1,0.24136642677344522,30
27,2,113,18,95,0,0,0,1.0,1,1.0,1,1.0,1,0.15439708326295334,30
28,1,114,19,95,0,0,0,1.0,1,1.0,1,1.0,1,0.1907417655903345,31
29,2,116,21,95,0,0,0,1.0,1,1.0,1,1.0,1,0.12599043294393844,30
30,0,116,21,95,0,0,0,1.0,1,1.0,1,1.0,1,0.12599043294393844,30
31,2,118,22,96,0,0,0,1.0,1,1.0,1,1.0,1,0.09078953872473601,31
32,0,118,22,96,0,0,0,1.0,1,1.0,1,1.0,1,0.11631822171071553,31
33,0,118,22,96,0,0,0,1.0,1,1.0,1,1.0,1,0.08579298795315647,31
34,2,120,23,97,0,0,0,1.0,1,1.0,1,1.0,1,0.16678415086124518,29
35,0,120,23,97,0,0,0,1.0,1,1.0,1,1.0,1,0.13218227280424913,30
36,0,120,23,97,0,0,0,1.0,1,1.0,1,1.0,1,0.16582875877443876,30
37,1,121,24,97,0,0,0,1.0,1,1.0,1,1.0,1,0.19105804602690005,31
38,4,125,26,99,0,0,0,1.0,1,1.0,1,1.0,1,0.1708778434010383,32
39,1,126,26,100,0,0,0,1.0,1,1.0,1,1.0,1,0.1065647777131161,36
40,0,126,26,100,0,0,0,1.0,1,1.0,1,1.0,1,0.11040640693396807,37
41,2,128,27,101,0,0,0,1.0,1,1.0,1,1.0,1,0.11877091996969082,37
42,0,128,27,101,0,0,0,1.0,1,1.0,1,1.0,1,0.10850967171938304,38
43,1,129,28,101,0,0,0,1.0,1,1.0,1,1.0,1,0.15545720350346315,40
44,0,129,28,101,0,0,0,1.0,1,1.0,1,1.0,1,0.13855738114304886,39
45,0,129,28,101,0,0,0,1.0,1,1.0,1,1.0,1,0.11539709839645458,40
46,0,129,28,101,0,0,0,1.0,1,1.0,1,1.0,1,0.1022325212043198,39
47,1,130,29,101,0,0,0,1.0,1,1.0,1,1.0,1,0.11400164327225767,39
48,0,130,29,101,0,0,0,1.0,1,1.0,1,1.0,1,0.11400164327225767,39
49,0,130,29,101,0,0,0,1.0,1,1.0,1,1.0,1,0.07968205457903177,37
50,0,130,29,101,0,0,0,1.0,1,1.0,1,1.0,1,0.05728047264825853,35
51,0,130,29,101,0,0,0,1.0,1,1.0,1,1.0,1,0.05042427317395169,34
52,1,131,30,101,0,0,0,1.0,1,1.0,1,1.0,1,0.053429602430390154,34
53,0,131,30,101,0,0,0,1.0,1,1.0,1,1.0,1,0.04767689090243196,35
54,0,131,30,101,0,0,0,1.0,1,1.0,1,1.0,1,0.030339097045823327,36
55,1,132,31,101,0,0,0,1.0,1,1.0,1,1.0,1,0.036359035938035446,36
56,6,138,35,103,0,0,0,1.0,1,1.0,1,1.0,1,0.1365097796385038,36
57,1,139,35,104,0,0,0,1.0,1,1.0,1,1.0,1,0.13909630395903538,37
58,2,141,37,104,0,0,0,1.0,1,1.0,1,1.0,1,0.1668032301103335,38
59,3,144,39,105,0,0,0,1.0,1,1.0,1,1.0,1,0.1701273224472057,37
60,1,145,39,106,0,0,0,1.0,1,1.0,1,1.0,1,0.1763878972488316,38
61,3,148,40,108,0,0,0,1.0,1,1.0,1,1.0,1,0.14746590007664612,37
62,5,153,43,110,0,0,0,1.0,1,1.0,1,1.0,1,0.11891374794801292,39
63,1,154,43,111,0,0,0,1.0,1,1.0,1,1.0,1,0.10648913712358814,39
64,1,155,44,111,0,0,0,1.0,1,1.0,1,1.0,1,0.12243761129437501,38
65,0,155,44,111,0,0,0,1.0,1,1.0,1,1.0,1,0.09725120104711875,39
66,0,155,44,111,0,0,0,1.0,1,1.0,1,1.0,1,0.09617090182943318,39
67,1,156,45,111,0,0,0,1.0,1,1.0,1,1.0,1,0.1152055926822733,36
68,2,158,47,111,0,0,0,1.0,1,1.0,1,1.0,1,0.140613671768723,36
69,2,160,48,112,0,0,0,1.0,1,1.0,1,1.0,1,0.12410052873586189,37
70,0,160,48,112,0,0,0,1.0,1,1.0,1,1.0,1,0.14157295369830264,36
71,3,163,48,115,0,0,0,1.0,1,1.0,1,1.0,1,0.03129424708119245,38
72,0,163,48,115,0,0,0,1.0,1,1.0,1,1.0,1,0.03129424708119245,38
73,0,163,48,115,0,0,0,1.0,1,1.0,1,1.0,1,0.04573345293548604,37
74,1,164,49,115,0,0,0,1.0,1,1.0,1,1.0,1,0.0264355189800707,38
75,0,164,49,115,0,0,0,1.0,1,1.0,1,1.0,1,0.0264355189800707,38
76,2,166,50,116,0,0,0,1.0,1,1.0,1,1.0,1,0.06101842299166847,39
77,0,166,50,116,0,0,0,1.0,1,1.0,1,1.0,1,0.06310560881848125,40
78,0,166,50,116,0,0,0,1.0,1,1.0,1,1.0,1,0.039747543290075335,41
79,1,167,51,116,0,0,0,1.0,1,1.0,1,1.0,1,0.019000469582159327,41
80,0,167,51,116,0,0,0,1.0,1,1.0,1,1.0,1,0.019000469582159327,41
81,0,167,51,116,0,0,0,1.0,1,1.0,1,1.0,1,0.014438407458788948,41
82,0,167,51,116,0,0,0,1.0,1,1.0,1,1.0,1,0.04513545031532129,44
83,0,167,51,116,0,0,0,1.0,1,1.0,1,1.0,1,0.04513545031532129,44
84,1,168,52,116,0,0,0,1.0,1,1.0,1,1.0,1,0.08204106697217746,45
85,2,170,53,117,0,0,0,1.0,1,1.0,1,1.0,1,0.09638077244110217,45
86,0,170,53,117,0,0,0,1.0,1,1.0,1,1.0,1,0.09638077244110217,45
87,1,171,54,117,0,0,0,1.0,1,1.0,1,1.0,1,0.11299738880358533,44
88,0,171,54,117,0,0,0,1.0,1,1.0,1,1.0,1,0.11299738880358533,44
89,1,172,55,117,0,0,0,1.0,1,1.0,1,1.0,1,0.07448035518862489,43
90,0,172,55,117,0,0,0,1.0,1,1.0,1,1.0,1,0.09540406010067118,44
91,1,173,56,117,0,0,0,1.0,1,1.0,1,1.0,1,0.11440860076101561,44
92,0,173,56,117,0,0,0,1.0,1,1.0,1,1.0,1,0.11642148650144213,43
93,0,173,56,117,0,0,0,1.0,1,1.0,1,1.0,1,0.1335151613661248,44
94,0,173,56,117,0,0,0,1.0,1,1.0,1,1.0,1,0.1335151613661248,44
95,1,174,56,118,0,0,0,1.0,1,1.0,1,1.0,1,0.12203723984028567,43
96,0,174,56,118,0,0,0,1.0,1,1.0,1,1.0,1,0.11762008465010594,44
97,1,175,57,118,0,0,0,1.0,1,1.0,1,1.0,1,0.13336650113227652,44
98,4,179,60,119,0,0,0,1.0,1,1.0,1,1.0,1,0.20129042104349984,43
99,0,179,60,119,0,0,0,1.0,1,1.0,1,1.0,1,0.20129042104349984,43
100,2,181,62,119,0,0,0,1.0,1,1.0,1,1.0,1,0.22959510871402197,47
101,2,183,62,121,0,0,0,1.0,1,1.0,1,1.0,1,0.20668571447063985,47
102,1,184,63,121,0,0,0,1.0,1,1.0,1,1.0,1,0.2293828182767383,47
103,4,188,64,124,0,0,0,1.0,1,1.0,1,1.0,1,0.13853919150000998,46
104,4,192,66,126,0,0,0,1.0,1,1.0,1,1.0,1,0.1012756578267036,45
105,4,196,67,129,0,0,0,1.0,1,1.0,1,1.0,1,0.08035217397784508,44
106,6,202,69,133,0,0,0,1.0,1,1.0,1,1.0,1,0.04504395884576234,45
107,4,206,70,136,0,0,0,1.0,1,1.0,1,1.0,1,0.04397737511300987,44
108,1,207,71,136,0,0,0,1.0,1,1.0,1,1.0,1,0.03862229853979298,46
109,4,211,74,137,0,0,0,1.0,1,1.0,1,1.0,1,0.04939906254159325,46
110,1,212,75,137,0,0,0,1.0,1,1.0,1,1.0,1,0.04472364729262999,46
111,2,214,77,137,0,0,0,1.0,1,1.0,1,1.0,1,0.042590089986385395,46
112,4,218,80,138,0,0,0,1.0,1,1.0,1,1.0,1,0.07123894601846158,46
113,1,219,81,138,0,0,0,1.0,1,1.0,1,1.0,1,0.08242923489756981,46
114,0,219,81,138,0,0,0,1.0,1,1.0,1,1.0,1,0.08242923489756981,46
115,0,219,81,138,0,0,0,1.0,1,1.0,1,1.0,1,0.0690850709577167,47
116,0,219,81,138,0,0,0,1.0,1,1.0,1,1.0,1,0.0690850709577167,47
117,1,220,82,138,0,0,0,1.0,1,1.0,1,1.0,1,0.08411193110075436,45
118,1,221,83,138,0,0,0,1.0,1,1.0,1,1.0,1,0.06599936201771511,46
119,1,222,84,138,0,0,0,1.0,1,1.0,1,1.0,1,0.079437542970412,46
120,2,224,86,138,0,0,0,1.0,1,1.0,1,1.0,1,0.0931325657916259,47
121,1,225,87,138,0,0,0,1.0,1,1.0,1,1.0,1,0.12671530537064626,46
122,1,226,87,139,0,0,0,1.0,1,1.0,1,1.0,1,0.11526777189230901,46
123,0,226,87,139,0,0,0,1.0,1,1.0,1,1.0,1,0.12450387295637104,45
124,1,227,88,139,0,0,0,1.0,1,1.0,1,1.0,1,0.13912409204702536,46
125,0,227,88,139,0,0,0,1.0,1,1.0,1,1.0,1,0.13483251502460103,44
126,0,227,88,139,0,0,0,1.0,1,1.0,1,1.0,1,0.13663533351610962,45
127,0,227,88,139,0,0,0,1.0,1,1.0,1,1.0,1,0.13657481530912932,45
128,0,227,88,139,0,0,0,1.0,1,1.0,1,1.0,1,0.13086908224103705,46
129,2,229,90,139,0,0,0,1.0,1,1.0,1,1.0,1,0.11342309506555168,48
130,1,230,91,139,0,0,0,1.0,1,1.0,1,1.0,1,0.10488697727529808,48
131,2,232,92,140,0,0,0,1.0,1,1.0,1,1.0,1,0.07741863479577675,49
132,4,236,93,143,0,0,0,1.0,1,1.0,1,1.0,1,0.044376697020057865,51
133,4,240,96,144,0,0,0,1.0,1,1.0,1,1.0,1,0.11655961808068341,49
134,5,245,100,145,0,0,0,1.0,1,1.0,1,1.0,1,0.14076173176970833,49
135,1,246,100,146,0,0,0,1.0,1,1.0,1,1.0,1,0.11031606514449385,49
136,3,249,103,146,0,0,0,1.0,1,1.0,1,1.0,1,0.1130694575211805,48
137,0,249,103,146,0,0,0,1.0,1,1.0,1,1.0,1,0.12127632038390612,47
138,5,254,108,146,0,0,0,1.0,1,1.0,1,1.0,1,0.12420552775203939,48
139,3,257,111,146,0,0,0,1.0,1,1.0,1,1.0,1,0.17345031261158,48
140,1,258,111,147,0,0,0,1.0,1,1.0,1,1.0,1,0.18727206708255267,49
141,6,264,112,152,0,0,0,1.0,1,1.0,1,1.0,1,0.046895427102698284,49
142,1,265,113,152,0,0,0,1.0,1,1.0,1,1.0,1,0.029080865273279227,49
143,0,265,113,152,0,0,0,1.0,1,1.0,1,1.0,1,0.051071870434524096,47
144,2,267,115,152,0,0,0,1.0,1,1.0,1,1.0,1,0.04021230735257609,46
145,1,268,116,152,0,0,0,1.0,1,1.0,1,1.0,1,0.09827954831778009,44
146,1,269,117,152,0,0,0,1.0,1,1.0,1,1.0,1,0.10627372198994006,44
147,0,269,117,152,0,0,0,1.0,1,1.0,1,1.0,1,0.1229764678186297,43
148,0,269,117,152,0,0,0,1.0,1,1.0,1,1.0,1,0.16034607082864596,43
149,1,270,118,152,0,0,0,1.0,1,1.0,1,1.0,1,0.16744317912232262,43
150,1,271,119,152,0,0,0,1.0,1,1.0,1,1.0,1,0.18063156677025657,42
151,3,274,120,154,0,0,0,1.0,1,1.0,1,1.0,1,0.17219706681263403,42
152,4,278,121,157,0,0,0,1.0,1,1.0,1,1.0,1,0.11345201417925048,42
153,0,278,121,157,0,0,0,1.0,1,1.0,1,1.0,1,0.0814894175994241,42
154,1,279,121,158,0,0,0,1.0,1,1.0,1,1.0,1,0.07769256923229875,43
155,0,279,121,158,0,0,0,1.0,1,1.0,1,1.0,1,0.05463028134617305,43
156,0,279,121,158,0,0,0,1.0,1,1.0,1,1.0,1,0.07523299897671387,42
157,2,281,121,160,0,0,0,1.0,1,1.0,1,1.0,1,0.07395946948732281,41
158,0,281,121,160,0,0,0,1.0,1,1.0,1,1.0,1,0.0760494750548182,42
159,0,281,121,160,0,0,0,1.0,1,1.0,1,1.0,1,0.07123874152440496,43
160,3,284,124,160,0,0,0,1.0,1,1.0,1,1.0,1,0.1771234748113196,44
161,3,287,125,162,0,0,0,1.0,1,1.0,1,1.0,1,0.19526182846524534,44
162,2,289,126,163,0,0,0,1.0,1,1.0,1,1.0,1,0.20722095708845048,45
163,1,290,127,163,0,0,0,1.0,1,1.0,1,1.0,1,0.25153732207605994,43
164,0,290,127,163,0,0,0,1.0,1,1.0,1,1.0,1,0.25157370119735994,42
165,4,294,131,163,0,0,0,1.0,1,1.0,1,1.0,1,0.22238033706380522,42
166,1,295,131,164,0,0,0,1.0,1,1.0,1,1.0,1,0.21310399505117844,42
167,2,297,133,164,0,0,0,1.0,1,1.0,1,1.0,1,0.18382819697763234,41
168,1,298,134,164,0,0,0,1.0,1,1.0,1,1.0,1,0.16164978272524846,40
169,2,300,136,164,0,0,0,1.0,1,1.0,1,1.0,1,0.12198480547987586,40
170,0,300,136,164,0,0,0,1.0,1,1.0,1,1.0,1,0.11122953499238199,38
171,4,304,139,165,0,0,0,1.0,1,1.0,1,1.0,1,0.08886524401080992,37
172,4,308,143,165,0,0,0,1.0,1,1.0,1,1.0,1,0.09764865216794921,35
173,1,309,144,165,0,0,0,1.0,1,1.0,1,1.0,1,0.13909697051259462,36
174,2,311,146,165,0,0,0,1.0,1,1.0,1,1.0,1,0.1431945946501437,34
175,0,311,146,165,0,0,0,1.0,1,1.0,1,1.0,1,0.11004417024524797,33
176,2,313,148,165,0,0,0,1.0,1,1.0,1,1.0,1,0.13823544422555648,34
177,0,313,148,165,0,0,0,1.0,1,1.0,1,1.0,1,0.13242023049009696,36
178,2,315,150,165,0,0,0,1.0,1,1.0,1,1.0,1,0.12106133518494705,37
179,3,318,151,167,0,0,0,1.0,1,1.0,1,1.0,1,0.07497076129532777,37
180,0,318,151,167,0,0,0,1.0,1,1.0,1,1.0,1,0.08390675282858841,36
181,1,319,152,167,0,0,0,1.0,1,1.0,1,1.0,1,0.06679168513717829,36
182,0,319,152,167,0,0,0,1.0,1,1.0,1,1.0,1,0.06691822791146497,38
183,1,320,153,167,0,0,0,1.0,1,1.0,1,1.0,1,0.07161082189537744,37
184,0,320,153,167,0,0,0,1.0,1,1.0,1,1.0,1,0.08449420544951423,36
185,1,321,154,167,0,0,0,1.0,1,1.0,1,1.0,1,0.11419462569441904,35
186,0,321,154,167,0,0,0,1.0,1,1.0,1,1.0,1,0.12987748774939864,34
187,2,323,156,167,0,0,0,1.0,1,1.0,1,1.0,1,0.1661401977185681,33
188,1,324,157,167,0,0,0,1.0,1,1.0,1,1.0,1,0.19104431854859244,33
189,2,326,159,167,0,0,0,1.0,1,1.0,1,1.0,1,0.16691228257313453,33
190,0,326,159,167,0,0,0,1.0,1,1.0,1,1.0,1,0.19423964913345557,32
191,5,331,161,170,0,0,0,1.0,1,1.0,1,1.0,1,0.15050067443221865,34
192,2,333,161,172,0,0,0,1.0,1,1.0,1,1.0,1,0.10364634472025154,34
193,0,333,161,172,0,0,0,1.0,1,1.0,1,1.0,1,0.09524232608356618,35
194,1,334,161,173,0,0,0,1.0,1,1.0,1,1.0,1,0.09196164718372679,37
195,0,334,161,173,0,0,0,1.0,1,1.0,1,1.0,1,0.11171589084832124,36
196,0,334,161,173,0,0,0,1.0,1,1.0,1,1.0,1,0.11171589084832124,36
197,0,334,161,173,0,0,0,1.0,1,1.0,1,1.0,1,0.11658143573687643,37
198,4,338,164,174,0,0,0,1.0,1,1.0,1,1.0,1,0.12403365467403399,37
199,0,338,164,174,0,0,0,1.0,1,1.0,1,1.0,1,0.12403365467403399,37
200,1,339,165,174,0,0,0,1.0,1,1.0,1,1.0,1,0.13727858312529956,37
201,3,342,167,175,0,0,0,1.0,1,1.0,1,1.0,1,0.11500448158625076,36
202,0,342,167,175,0,0,0,1.0,1,1.0,1,1.0,1,0.0831007214239001,36
203,3,345,170,175,0,0,0,1.0,1,1.0,1,1.0,1,0.13667246326926163,35
204,0,345,170,175,0,0,0,1.0,1,1.0,1,1.0,1,0.13597196138653755,35
205,3,348,173,175,0,0,0,1.0,1,1.0,1,1.0,1,0.1142965935801866,35
206,2,350,174,176,0,0,0,1.0,1,1.0,1,1.0,1,0.10106448629480003,34
207,0,350,174,176,0,0,0,1.0,1,1.0,1,1.0,1,0.08807269632690987,34
208,3,353,176,177,0,0,0,1.0,1,1.0,1,1.0,1,0.11557021194492553,33
209,1,354,176,178,0,0,0,1.0,1,1.0,1,1.0,1,0.13825142445579375,33
210,1,355,177,178,0,0,0,1.0,1,1.0,1,1.0,1,0.14097366763302208,34
211,4,359,178,181,0,0,0,1.0,1,1.0,1,1.0,1,0.0676243291660697,33
212,0,359,178,181,0,0,0,1.0,1,1.0,1,1.0,1,0.0676243291660697,33
213,0,359,178,181,0,0,0,1.0,1,1.0,1,1.0,1,0.08777082932390036,35
214,2,361,180,181,0,0,0,1.0,1,1.0,1,1.0,1,0.10160913675635531,34
215,1,362,181,181,0,0,0,1.0,1,1.0,1,1.0,1,0.13318798562679857,35
216,1,363,182,181,0,0,0,1.0,1,1.0,1,1.0,1,0.13926960497004157,36
217,1,364,183,181,0,0,0,1.0,1,1.0,1,1.0,1,0.16282893626228398,36
218,5,369,185,184,0,0,0,1.0,1,1.0,1,1.0,1,0.16759827554566586,36
219,0,369,185,184,0,0,0,1.0,1,1.0,1,1.0,1,0.14738613588424979,37
220,1,370,186,184,0,0,0,1.0,1,1.0,1,1.0,1,0.14894477047850008,38
221,2,372,186,186,0,0,0,1.0,1,1.0,1,1.0,1,0.11873833390452423,37
222,1,373,187,186,0,0,0,1.0,1,1.0,1,1.0,1,0.10998975025373539,38
223,0,373,187,186,0,0,0,1.0,1,1.0,1,1.0,1,0.10998975025373539,38
224,3,376,188,188,0,0,0,1.0,1,1.0,1,1.0,1,0.11456666200162648,38
225,1,377,189,188,0,0,0,1.0,1,1.0,1,1.0,1,0.14727352553829168,36
226,0,377,189,188,0,0,0,1.0,1,1.0,1,1.0,1,0.13763568654675815,37
227,3,380,192,188,0,0,0,1.0,1,1.0,1,1.0,1,0.17416103094214083,35
228,2,382,194,188,0,0,0,1.0,1,1.0,1,1.0,1,0.13432219117544578,35
229,3,385,197,188,0,0,0,1.0,1,1.0,1,1.0,1,0.1331460222406503,35
230,2,387,198,189,0,0,0,1.0,1,1.0,1,1.0,1,0.11652339002137882,35
231,4,391,201,190,0,0,0,1.0,1,1.0,1,1.0,1,0.08161557077608099,35
232,2,393,202,191,0,0,0,1.0,1,1.0,1,1.0,1,0.06294220191192813,36
233,1,394,203,191,0,0,0,1.0,1,1.0,1,1.0,1,0.04399816172525871,36
234,0,394,203,191,0,0,0,1.0,1,1.0,1,1.0,1,0.06943156458772652,34
235,1,395,204,191,0,0,0,1.0,1,1.0,1,1.0,1,0.08812056898732078,33
236,1,396,205,191,0,0,0,1.0,1,1.0,1,1.0,1,0.09491477704415904,31
237,0,396,205,191,0,0,0,1.0,1,1.0,1,1.0,1,0.08255746709331063,32
238,1,397,206,191,0,0,0,1.0,1,1.0,1,1.0,1,0.11571108543934551,31
239,1,398,207,191,0,0,0,1.0,1,1.0,1,1.0,1,0.1592884892402653,30
240,1,399,208,191,0,0,0,1.0,1,1.0,1,1.0,1,0.2202027851668514,27
241,6,405,212,193,0,0,0,1.0,1,1.0,1,1.0,1,0.16621282853720354,27
242,0,405,212,193,0,0,0,1.0,1,1.0,1,1.0,1,0.13821761145156858,28
243,1,406,213,193,0,0,0,1.0,1,1.0,1,1.0,1,0.14770797046061881,28
244,1,407,214,193,0,0,0,1.0,1,1.0,1,1.0,1,0.13120517523785347,27
245,1,408,214,194,0,0,0,1.0,1,1.0,1,1.0,1,0.10293549167297,27
246,1,409,215,194,0,0,0,1.0,1,1.0,1,1.0,1,0.11203082755096858,25
247,0,409,215,194,0,0,0,1.0,1,1.0,1,1.0,1,0.07903897917333805,24
248,0,409,215,194,0,0,0,1.0,1,1.0,1,1.0,1,0.08092731298612367,24
249,0,409,215,194,0,0,0,1.0,1,1.0,1,1.0,1,0.10839944504619278,25
250,0,409,215,194,0,0,0,1.0,1,1.0,1,1.0,1,0.0983759335945885,27
251,1,410,215,195,0,0,0,1.0,1,1.0,1,1.0,1,0.06164804200084931,27
252,2,412,217,195,0,0,0,1.0,1,1.0,1,1.0,1,0.07055828927302098,27
253,1,413,218,195,0,0,0,1.0,1,1.0,1,1.0,1,0.13525082672166885,29
254,3,416,221,195,0,0,0,1.0,1,1.0,1,1.0,1,0.1702435904133712,30
255,2,418,222,196,0,0,0,1.0,1,1.0,1,1.0,1,0.15692726434076848,31
256,2,420,224,196,0,0,0,1.0,1,1.0,1,1.0,1,0.1612649106433536,31
257,2,422,225,197,0,0,0,1.0,1,1.0,1,1.0,1,0.14230302996426564,33
258,1,423,226,197,0,0,0,1.0,1,1.0,1,1.0,1,0.1773257963726643,33
259,1,424,226,198,0,0,0,1.0,1,1.0,1,1.0,1,0.16583901551193148,33
260,2,426,228,198,0,0,0,1.0,1,1.0,1,1.0,1,0.1467874445732284,35
261,4,430,229,201,0,0,0,1.0,1,1.0,1,1.0,1,0.10729903675511689,35
262,1,431,229,202,0,0,0,1.0,1,1.0,1,1.0,1,0.08599363345747792,35
263,0,431,229,202,0,0,0,1.0,1,1.0,1,1.0,1,0.116983599625439,34
264,0,431,229,202,0,0,0,1.0,1,1.0,1,1.0,1,0.14734038024170087,32
265,2,433,231,202,0,0,0,1.0,1,1.0,1,1.0,1,0.17062924964019746,30
266,1,434,232,202,0,0,0,1.0,1,1.0,1,1.0,1,0.1716678538116748,31
267,2,436,234,202,0,0,0,1.0,1,1.0,1,1.0,1,0.09322139017540507,30
268,1,437,235,202,0,0,0,1.0,1,1.0,1,1.0,1,0.12147504878195849,31
269,1,438,236,202,0,0,0,1.0,1,1.0,1,1.0,1,0.16058282592202616,31
270,2,440,237,203,0,0,0,1.0,1,1.0,1,1.0,1,0.2041266453587496,32
271,1,441,237,204,0,0,0,1.0,1,1.0,1,1.0,1,0.19299820723513453,31
272,2,443,238,205,0,0,0,1.0,1,1.0,1,1.0,1,0.25123948857244544,32
273,2,445,238,207,0,0,0,1.0,1,1.0,1,1.0,1,0.21644869683236487,32
274,0,445,238,207,0,0,0,1.0,1,1.0,1,1.0,1,0.21644869683236487,32
275,0,445,238,207,0,0,0,1.0,1,1.0,1,1.0,1,0.1837222934289684,33
276,3,448,239,209,0,0,0,1.0,1,1.0,1,1.0,1,0.15576264861778488,34
277,1,449,240,209,0,0,0,1.0,1,1.0,1,1.0,1,0.10200611410891186,32
278,0,449,240,209,0,0,0,1.0,1,1.0,1,1.0,1,0.07235429016606312,31
279,0,449,240,209,0,0,0,1.0,1,1.0,1,1.0,1,0.043184853776447624,31
280,0,449,240,209,0,0,0,1.0,1,1.0,1,1.0,1,0.040714344636938835,30
281,0,449,240,209,0,0,0,1.0,1,1.0,1,1.0,1,0.012764048782638626,31
282,0,449,240,209,0,0,0,1.0,1,1.0,1,1.0,1,0.062481015598121296,30
283,1,450,241,209,0,0,0,1.0,1,1.0,1,1.0,1,0.06273791616135017,31
284,1,451,242,209,0,0,0,1.0,1,1.0,1,1.0,1,0.07452468787080195,31
285,2,453,244,209,0,0,0,1.0,1,1.0,1,1.0,1,0.15359326992993103,31
286,0,453,244,209,0,0,0,1.0,1,1.0,1,1.0,1,0.15359326992993103,31
287,2,455,245,210,0,0,0,1.0,1,1.0,1,1.0,1,0.21531163141096868,33
288,0,455,245,210,0,0,0,1.0,1,1.0,1,1.0,1,0.1647375724344932,32
289,0,455,245,210,0,0,0,1.0,1,1.0,1,1.0,1,0.15392046907443135,32
290,0,455,245,210,0,0,0,1.0,1,1.0,1,1.0,1,0.142659657372753,31
291,2,457,246,211,0,0,0,1.0,1,1.0,1,1.0,1,0.18971155028733502,30
292,3,460,247,213,0,0,0,1.0,1,1.0,1,1.0,1,0.10805753009413378,32
293,0,460,247,213,0,0,0,1.0,1,1.0,1,1.0,1,0.10805753009413378,32
294,0,460,247,213,0,0,0,1.0,1,1.0,1,1.0,1,0.10805753009413378,32
295,0,460,247,213,0,0,0,1.0,1,1.0,1,1.0,1,0.10671920362391142,34
296,0,460,247,213,0,0,0,1.0,1,1.0,1,1.0,1,0.10671920362391142,34
297,0,460,247,213,0,0,0,1.0,1,1.0,1,1.0,1,0.10671920362391142,34
298,2,462,248,214,0,0,0,1.0,1,1.0,1,1.0,1,0.07141196309636966,35
299,0,462,248,214,0,0,0,1.0,1,1.0,1,1.0,1,0.10671130710798811,35
300,2,464,250,214,0,0,0,1.0,1,1.0,1,1.0,1,0.14620536815020388,35
301,5,469,251,218,0,0,0,1.0,1,1.0,1,1.0,1,0.05644562062629424,38
302,1,470,252,218,0,0,0,1.0,1,1.0,1,1.0,1,0.0514905582594747,38
303,1,471,253,218,0,0,0,1.0,1,1.0,1,1.0,1,0.07287482382543219,37
304,2,473,253,220,0,0,0,1.0,1,1.0,1,1.0,1,0.10673913657570508,37
305,3,476,254,222,0,0,0,1.0,1,1.0,1,1.0,1,0.16575177824280532,36
306,2,478,255,223,0,0,0,1.0,1,1.0,1,1.0,1,0.18201935057866686,36
307,0,478,255,223,0,0,0,1.0,1,1.0,1,1.0,1,0.20388822898826287,35
308,1,479,256,223,0,0,0,1.0,1,1.0,1,1.0,1,0.1613685385165418,37
309,0,479,256,223,0,0,0,1.0,1,1.0,1,1.0,1,0.1613685385165418,37
310,1,480,256,224,0,0,0,1.0,1,1.0,1,1.0,1,0.14941948370436467,37
311,2,482,256,226,0,0,0,1.0,1,1.0,1,1.0,1,0.08694593611812464,39
312,0,482,256,226,0,0,0,1.0,1,1.0,1,1.0,1,0.06747469454829211,40
313,0,482,256,226,0,0,0,1.0,1,1.0,1,1.0,1,0.08105810122815611,39
314,2,484,258,226,0,0,0,1.0,1,1.0,1,1.0,1,0.10505289615283321,40
315,1,485,259,226,0,0,0,1.0,1,1.0,1,1.0,1,0.11334649647504569,39
316,0,485,259,226,0,0,0,1.0,1,1.0,1,1.0,1,0.11334649647504569,39
317,1,486,259,227,0,0,0,1.0,1,1.0,1,1.0,1,0.08560256696700708,40
318,2,488,259,229,0,0,0,1.0,1,1.0,1,1.0,1,0.06189037910480523,41
319,1,489,260,229,0,0,0,1.0,1,1.0,1,1.0,1,0.02933779628971464,41
320,0,489,260,229,0,0,0,1.0,1,1.0,1,1.0,1,0.029292223875597545,41
321,1,490,261,229,0,0,0,1.0,1,1.0,1,1.0,1,0.06242699249230674,41
322,2,492,263,229,0,0,0,1.0,1,1.0,1,1.0,1,0.08660063450827599,41
323,0,492,263,229,0,0,0,1.0,1,1.0,1,1.0,1,0.08660063450827599,41
324,2,494,265,229,0,0,0,1.0,1,1.0,1,1.0,1,0.13390291629003961,42
325,2,496,266,230,0,0,0,1.0,1,1.0,1,1.0,1,0.14307132247249166,42
326,2,498,267,231,0,0,0,1.0,1,1.0,1,1.0,1,0.17888242042562805,42
327,0,498,267,231,0,0,0,1.0,1,1.0,1,1.0,1,0.17888242042562805,42
328,0,498,267,231,0,0,0,1.0,1,1.0,1,1.0,1,0.17049919706917382,43
329,0,498,267,231,0,0,0,1.0,1,1.0,1,1.0,1,0.17049919706917382,43
330,0,498,267,231,0,0,0,1.0,1,1.0,1,1.0,1,0.16532699582673968,45
331,3,501,267,234,0,0,0,1.0,1,1.0,1,1.0,1,0.12552966315612826,45
332,1,502,267,235,0,0,0,1.0,1,1.0,1,1.0,1,0.09375853794701064,45
333,0,502,267,235,0,0,0,1.0,1,1.0,1,1.0,1,0.09612780794848834,46
334,1,503,268,235,0,0,0,1.0,1,1.0,1,1.0,1,0.07511900799654986,48
335,1,504,269,235,0,0,0,1.0,1,1.0,1,1.0,1,0.09674435508140093,48
336,1,505,270,235,0,0,0,1.0,1,1.0,1,1.0,1,0.12629646126112493,48
337,0,505,270,235,0,0,0,1.0,1,1.0,1,1.0,1,0.13535314014974406,49
338,1,506,270,236,0,0,0,1.0,1,1.0,1,1.0,1,0.11872812994895764,50
339,1,507,271,236,0,0,0,1.0,1,1.0,1,1.0,1,0.14701278263090756,50
340,0,507,271,236,0,0,0,1.0,1,1.0,1,1.0,1,0.14701278263090756,50
341,3,510,271,239,0,0,0,1.0,1,1.0,1,1.0,1,0.11387042968898597,51
342,0,510,271,239,0,0,0,1.0,1,1.0,1,1.0,1,0.11387042968898597,51
343,1,511,272,239,0,0,0,1.0,1,1.0,1,1.0,1,0.0905688385644795,51
344,1,512,272,240,0,0,0,1.0,1,1.0,1,1.0,1,0.06142232913298811,50
345,0,512,272,240,0,0,0,1.0,1,1.0,1,1.0,1,0.07543478734673183,51
346,1,513,273,240,0,0,0,1.0,1,1.0,1,1.0,1,0.09144094480483972,51
347,5,518,278,240,0,0,0,1.0,1,1.0,1,1.0,1,0.12417544451157624,51
348,3,521,279,242,0,0,0,1.0,1,1.0,1,1.0,1,0.09263497727330086,53
349,4,525,280,245,0,0,0,1.0,1,1.0,1,1.0,1,0.10809203424574367,55
350,2,527,280,247,0,0,0,1.0,1,1.0,1,1.0,1,0.1280437062253234,54
351,3,530,282,248,0,0,0,1.0,1,1.0,1,1.0,1,0.09097388499891602,54
352,2,532,283,249,0,0,0,1.0,1,1.0,1,1.0,1,0.113823255644262,53
353,3,535,286,249,0,0,0,1.0,1,1.0,1,1.0,1,0.0953779299469659,53
354,1,536,287,249,0,0,0,1.0,1,1.0,1,1.0,1,0.11701935310998747,50
355,1,537,288,249,0,0,0,1.0,1,1.0,1,1.0,1,0.1250161681185891,51
356,1,538,289,249,0,0,0,1.0,1,1.0,1,1.0,1,0.12235606919524128,51
357,3,541,292,249,0,0,0,1.0,1,1.0,1,1.0,1,0.17383277814514486,50
358,4,545,295,250,0,0,0,1.0,1,1.0,1,1.0,1,0.1410127701827808,48
359,1,546,296,250,0,0,0,1.0,1,1.0,1,1.0,1,0.1567425931126512,47
360,0,546,296,250,0,0,0,1.0,1,1.0,1,1.0,1,0.1622675134038613,45
361,3,549,296,253,0,0,0,1.0,1,1.0,1,1.0,1,0.11239964192143308,44
362,0,549,296,253,0,0,0,1.0,1,1.0,1,1.0,1,0.14303520180589271,44
363,3,552,298,254,0,0,0,1.0,1,1.0,1,1.0,1,0.13803569359581264,44
364,0,552,298,254,0,0,0,1.0,1,1.0,1,1.0,1,0.1549186451446885,43
365,3,555,301,254,0,0,0,1.0,1,1.0,1,1.0,1,0.17361627787195966,43
366,1,556,302,254,0,0,0,1.0,1,1.0,1,1.0,1,0.13858184046494934,45
367,2,558,303,255,0,0,0,1.0,1,1.0,1,1.0,1,0.16373312186016384,44
368,0,558,303,255,0,0,0,1.0,1,1.0,1,1.0,1,0.13848234982223212,46
369,2,560,304,256,0,0,0,1.0,1,1.0,1,1.0,1,0.18027833542291727,45
370,1,561,304,257,0,0,0,1.0,1,1.0,1,1.0,1,0.1600272671380481,46
371,3,564,304,260,0,0,0,1.0,1,1.0,1,1.0,1,0.1309293905409176,47
372,1,565,304,261,0,0,0,1.0,1,1.0,1,1.0,1,0.11356551807465902,48
373,0,565,304,261,0,0,0,1.0,1,1.0,1,1.0,1,0.11356551807465902,48
374,1,566,305,261,0,0,0,1.0,1,1.0,1,1.0,1,0.12264637026211717,49
375,2,568,305,263,0,0,0,1.0,1,1.0,1,1.0,1,0.08819082071747278,49
376,2,570,307,263,0,0,0,1.0,1,1.0,1,1.0,1,0.12602650439991853,49
377,5,575,311,264,0,0,0,1.0,1,1.0,1,1.0,1,0.12902969136561313,49
378,1,576,312,264,0,0,0,1.0,1,1.0,1,1.0,1,0.125579187720726,49
379,1,577,312,265,0,0,0,1.0,1,1.0,1,1.0,1,0.11548459242793102,50
380,1,578,313,265,0,0,0,1.0,1,1.0,1,1.0,1,0.13669748311022797,50
381,4,582,314,268,0,0,0,1.0,1,1.0,1,1.0,1,0.05476272587598448,51
382,1,583,315,268,0,0,0,1.0,1,1.0,1,1.0,1,0.059801991219111734,50
383,1,584,315,269,0,0,0,1.0,1,1.0,1,1.0,1,0.06376673398774703,51
384,1,585,316,269,0,0,0,1.0,1,1.0,1,1.0,1,0.07189092687786536,50
385,0,585,316,269,0,0,0,1.0,1,1.0,1,1.0,1,0.08040663817689746,50
386,0,585,316,269,0,0,0,1.0,1,1.0,1,1.0,1,0.09575735291550476,48
387,1,586,316,270,0,0,0,1.0,1,1.0,1,1.0,1,0.10260685627993105,47
388,0,586,316,270,0,0,0,1.0,1,1.0,1,1.0,1,0.11787483093748234,48
389,1,587,317,270,0,0,0,1.0,1,1.0,1,1.0,1,0.14105614221810206,47
390,2,589,319,270,0,0,0,1.0,1,1.0,1,1.0,1,0.11213991300827947,49
391,4,593,321,272,0,0,0,1.0,1,1.0,1,1.0,1,0.10424358785279096,46
392,0,593,321,272,0,0,0,1.0,1,1.0,1,1.0,1,0.13402765923725715,46
393,5,598,325,273,0,0,0,1.0,1,1.0,1,1.0,1,0.1680317452581071,44
394,0,598,325,273,0,0,0,1.0,1,1.0,1,1.0,1,0.17536679772748953,43
395,0,598,325,273,0,0,0,1.0,1,1.0,1,1.0,1,0.19242930895118762,42
396,1,599,326,273,0,0,0,1.0,1,1.0,1,1.0,1,0.22514496226678885,39
397,1,600,327,273,0,0,0,1.0,1,1.0,1,1.0,1,0.28193504254146595,39
398,0,600,327,273,0,0,0,1.0,1,1.0,1,1.0,1,0.29180484958851843,36
399,0,600,327,273,0,0,0,1.0,1,1.0,1,1.0,1,0.29180484958851843,36
400,2,602,329,273,0,0,0,1.0,1,1.0,1,1.0,1,0.2881586079446221,34
401,5,607,330,277,0,0,0,1.0,1,1.0,1,1.0,1,0.18586068014105162,33
402,0,607,330,277,0,0,0,1.0,1,1.0,1,1.0,1,0.16043450745523383,34
403,0,607,330,277,0,0,0,1.0,1,1.0,1,1.0,1,0.1658556547960794,36
404,0,607,330,277,0,0,0,1.0,1,1.0,1,1.0,1,0.1658556547960794,36
405,0,607,330,277,0,0,0,1.0,1,1.0,1,1.0,1,0.1507303985435119,37
406,0,607,330,277,0,0,0,1.0,1,1.0,1,1.0,1,0.1507303985435119,37
407,5,612,334,278,0,0,0,1.0,1,1.0,1,1.0,1,0.10821396541209964,39
408,5,617,337,280,0,0,0,1.0,1,1.0,1,1.0,1,0.1563773713130048,40
409,6,623,339,284,0,0,0,1.0,1,1.0,1,1.0,1,0.1857029696656849,41
410,8,631,341,290,0,0,0,1.0,1,1.0,1,1.0,1,0.1757039497634886,42
411,0,631,341,290,0,0,0,1.0,1,1.0,1,1.0,1,0.18671660382390312,43
412,2,633,342,291,0,0,0,1.0,1,1.0,1,1.0,1,0.17224151023650294,44
413,1,634,343,291,0,0,0,1.0,1,1.0,1,1.0,1,0.18944998975864483,44
414,1,635,343,292,0,0,0,1.0,1,1.0,1,1.0,1,0.1555943008509265,45
415,0,635,343,292,0,0,0,1.0,1,1.0,1,1.0,1,0.1555943008509265,45
416,1,636,343,293,0,0,0,1.0,1,1.0,1,1.0,1,0.1263464953205934,46
417,1,637,344,293,0,0,0,1.0,1,1.0,1,1.0,1,0.14640245887286196,46
418,0,637,344,293,0,0,0,1.0,1,1.0,1,1.0,1,0.13639786834346712,47
419,0,637,344,293,0,0,0,1.0,1,1.0,1,1.0,1,0.13639786834346712,47
420,0,637,344,293,0,0,0,1.0,1,1.0,1,1.0,1,0.13639786834346712,47
421,0,637,344,293,0,0,0,1.0,1,1.0,1,1.0,1,0.13639786834346712,47
422,0,637,344,293,0,0,0,1.0,1,1.0,1,1.0,1,0.12912123486524163,49
423,0,637,344,293,0,0,0,1.0,1,1.0,1,1.0,1,0.14094853393529067,47
424,1,638,344,294,0,0,0,1.0,1,1.0,1,1.0,1,0.14147494213164702,45
425,2,640,345,295,0,0,0,1.0,1,1.0,1,1.0,1,0.14069957174330702,46
426,2,642,347,295,0,0,0,1.0,1,1.0,1,1.0,1,0.14499510676556934,46
427,2,644,349,295,0,0,0,1.0,1,1.0,1,1.0,1,0.14687145613903715,45
428,1,645,349,296,0,0,0,1.0,1,1.0,1,1.0,1,0.14020672741993798,45
429,1,646,350,296,0,0,0,1.0,1,1.0,1,1.0,1,0.11294902406328629,42
430,1,647,351,296,0,0,0,1.0,1,1.0,1,1.0,1,0.12346686288328147,40
431,3,650,353,297,0,0,0,1.0,1,1.0,1,1.0,1,0.08867904613535547,39
432,0,650,353,297,0,0,0,1.0,1,1.0,1,1.0,1,0.10182947485927848,37
433,2,652,355,297,0,0,0,1.0,1,1.0,1,1.0,1,0.1829608237396499,35
434,2,654,356,298,0,0,0,1.0,1,1.0,1,1.0,1,0.20954653653429867,33
435,0,654,356,298,0,0,0,1.0,1,1.0,1,1.0,1,0.20954653653429867,33
436,0,654,356,298,0,0,0,1.0,1,1.0,1,1.0,1,0.20954653653429867,33
437,2,656,358,298,0,0,0,1.0,1,1.0,1,1.0,1,0.21235645448943866,33
438,1,657,358,299,0,0,0,1.0,1,1.0,1,1.0,1,0.2001658835531083,32
439,3,660,361,299,0,0,0,1.0,1,1.0,1,1.0,1,0.2143174251866924,34
440,4,664,363,301,0,0,0,1.0,1,1.0,1,1.0,1,0.16854339910686286,34
441,4,668,364,304,0,0,0,1.0,1,1.0,1,1.0,1,0.0772665980947727,35
442,2,670,366,304,0,0,0,1.0,1,1.0,1,1.0,1,0.15472856503763077,37
443,5,675,370,305,0,0,0,1.0,1,1.0,1,1.0,1,0.16238732593655955,37
444,4,679,370,309,0,0,0,1.0,1,1.0,1,1.0,1,0.05807426155127022,38
445,0,679,370,309,0,0,0,1.0,1,1.0,1,1.0,1,0.03652419921709485,39
446,0,679,370,309,0,0,0,1.0,1,1.0,1,1.0,1,0.03652419921709485,39
447,1,680,371,309,0,0,0,1.0,1,1.0,1,1.0,1,0.047976688512276176,41
448,1,681,372,309,0,0,0,1.0,1,1.0,1,1.0,1,0.025100666370878134,41
449,0,681,372,309,0,0,0,1.0,1,1.0,1,1.0,1,0.04124614604338106,40
450,0,681,372,309,0,0,0,1.0,1,1.0,1,1.0,1,0.011395109134802519,40
451,0,681,372,309,0,0,0,1.0,1,1.0,1,1.0,1,0.04898955368270276,41
452,0,681,372,309,0,0,0,1.0,1,1.0,1,1.0,1,0.04898955368270276,41
453,2,683,374,309,0,0,0,1.0,1,1.0,1,1.0,1,0.08121900233350225,40
454,0,683,374,309,0,0,0,1.0,1,1.0,1,1.0,1,0.07318644849766318,41
455,2,685,376,309,0,0,0,1.0,1,1.0,1,1.0,1,0.0708859974544976,41
456,0,685,376,309,0,0,0,1.0,1,1.0,1,1.0,1,0.09352718406380542,43
457,1,686,377,309,0,0,0,1.0,1,1.0,1,1.0,1,0.10720154227986994,43
458,1,687,378,309,0,0,0,1.0,1,1.0,1,1.0,1,0.11005021914602972,43
459,0,687,378,309,0,0,0,1.0,1,1.0,1,1.0,1,0.08973353393861164,44
460,1,688,378,310,0,0,0,1.0,1,1.0,1,1.0,1,0.07892316524384833,47
461,1,689,379,310,0,0,0,1.0,1,1.0,1,1.0,1,0.06469857098573292,48
462,0,689,379,310,0,0,0,1.0,1,1.0,1,1.0,1,0.04653999766088238,49
463,1,690,380,310,0,0,0,1.0,1,1.0,1,1.0,1,0.0632643810205476,47
464,1,691,381,310,0,0,0,1.0,1,1.0,1,1.0,1,0.030788958872963623,48
465,4,695,384,311,0,0,0,1.0,1,1.0,1,1.0,1,0.05918326698017372,47
466,3,698,387,311,0,0,0,1.0,1,1.0,1,1.0,1,0.07744279867398825,46
467,3,701,390,311,0,0,0,1.0,1,1.0,1,1.0,1,0.08013403034494618,44
468,3,704,393,311,0,0,0,1.0,1,1.0,1,1.0,1,0.12737943229073456,41
469,4,708,397,311,0,0,0,1.0,1,1.0,1,1.0,1,0.11999831268146359,40
470,2,710,399,311,0,0,0,1.0,1,1.0,1,1.0,1,0.131325026285991,39
471,4,714,402,312,0,0,0,1.0,1,1.0,1,1.0,1,0.07959935817951239,38
472,2,716,403,313,0,0,0,1.0,1,1.0,1,1.0,1,0.06672902091748475,36
473,1,717,404,313,0,0,0,1.0,1,1.0,1,1.0,1,0.06289228396195187,36
474,1,718,405,313,0,0,0,1.0,1,1.0,1,1.0,1,0.10042499950365531,34
475,1,719,406,313,0,0,0,1.0,1,1.0,1,1.0,1,0.12405057454241256,34
476,1,720,407,313,0,0,0,1.0,1,1.0,1,1.0,1,0.16797113153231766,32
477,0,720,407,313,0,0,0,1.0,1,1.0,1,1.0,1,0.16816848423350453,32
478,1,721,408,313,0,0,0,1.0,1,1.0,1,1.0,1,0.17840023798084548,30
479,0,721,408,313,0,0,0,1.0,1,1.0,1,1.0,1,0.19203753747451846,31
480,0,721,408,313,0,0,0,1.0,1,1.0,1,1.0,1,0.20795621871734685,27
481,2,723,409,314,0,0,0,1.0,1,1.0,1,1.0,1,0.14298431206755682,28
482,2,725,411,314,0,0,0,1.0,1,1.0,1,1.0,1,0.16724533777541403,28
483,3,728,413,315,0,0,0,1.0,1,1.0,1,1.0,1,0.09657173019059082,29
484,1,729,414,315,0,0,0,1.0,1,1.0,1,1.0,1,0.1314691533833961,29
485,0,729,414,315,0,0,0,1.0,1,1.0,1,1.0,1,0.1314691533833961,29
486,1,730,415,315,0,0,0,1.0,1,1.0,1,1.0,1,0.13839477864648436,31
487,2,732,415,317,0,0,0,1.0,1,1.0,1,1.0,1,0.1096280650021754,33
488,0,732,415,317,0,0,0,1.0,1,1.0,1,1.0,1,0.12274970864938567,34
489,2,734,417,317,0,0,0,1.0,1,1.0,1,1.0,1,0.1880253401536419,34
490,1,735,417,318,0,0,0,1.0,1,1.0,1,1.0,1,0.15392618006566053,34
491,2,737,417,320,0,0,0,1.0,1,1.0,1,1.0,1,0.1084274297071785,34
492,0,737,417,320,0,0,0,1.0,1,1.0,1,1.0,1,0.1084274297071785,34
493,4,741,420,321,0,0,0,1.0,1,1.0,1,1.0,1,0.08672179864845118,34
494,0,741,420,321,0,0,0,1.0,1,1.0,1,1.0,1,0.11451613250289501,36
495,0,741,420,321,0,0,0,1.0,1,1.0,1,1.0,1,0.11451613250289501,36
496,1,742,421,321,0,0,0,1.0,1,1.0,1,1.0,1,0.0978914552707175,37
497,0,742,421,321,0,0,0,1.0,1,1.0,1,1.0,1,0.08557207357991774,39
498,1,743,422,321,0,0,0,1.0,1,1.0,1,1.0,1,0.11433863556662657,40
499,0,743,422,321,0,0,0,1.0,1,1.0,1,1.0,1,0.11433863556662657,40
500,1,744,423,321,0,0,0,1.0,1,1.0,1,1.0,1,0.1361658553820088,42
501,6,750,425,325,0,0,0,1.0,1,1.0,1,1.0,1,0.023678695709488964,42
502,0,750,425,325,0,0,0,1.0,1,1.0,1,1.0,1,0.044738550903506716,42
503,3,753,428,325,0,0,0,1.0,1,1.0,1,1.0,1,0.08554096384289174,41
504,1,754,428,326,0,0,0,1.0,1,1.0,1,1.0,1,0.09335567199498254,42
505,2,756,430,326,0,0,0,1.0,1,1.0,1,1.0,1,0.1447358027765828,38
506,0,756,430,326,0,0,0,1.0,1,1.0,1,1.0,1,0.16179603500665976,37
507,2,758,431,327,0,0,0,1.0,1,1.0,1,1.0,1,0.1840023698454384,35
508,2,760,433,327,0,0,0,1.0,1,1.0,1,1.0,1,0.23734390351697324,35
509,1,761,434,327,0,0,0,1.0,1,1.0,1,1.0,1,0.2696129618935516,34
510,1,762,434,328,0,0,0,1.0,1,1.0,1,1.0,1,0.2581897776060104,34
511,4,766,435,331,0,0,0,1.0,1,1.0,1,1.0,1,0.13216589946868953,32
512,0,766,435,331,0,0,0,1.0,1,1.0,1,1.0,1,0.14300064150500627,30
513,0,766,435,331,0,0,0,1.0,1,1.0,1,1.0,1,0.13231480067081922,31
514,0,766,435,331,0,0,0,1.0,1,1.0,1,1.0,1,0.13231480067081922,31
515,1,767,435,332,0,0,0,1.0,1,1.0,1,1.0,1,0.09947448034420339,32
516,2,769,435,334,0,0,0,1.0,1,1.0,1,1.0,1,0.038078371761965664,31
517,0,769,435,334,0,0,0,1.0,1,1.0,1,1.0,1,0.04751541177175965,32
518,0,769,435,334,0,0,0,1.0,1,1.0,1,1.0,1,0.06632086516604534,31
519,3,772,437,335,0,0,0,1.0,1,1.0,1,1.0,1,0.10612479861868451,31
520,2,774,438,336,0,0,0,1.0,1,1.0,1,1.0,1,0.08565286471845185,33
521,1,775,439,336,0,0,0,1.0,1,1.0,1,1.0,1,0.08420601649198638,34
522,1,776,439,337,0,0,0,1.0,1,1.0,1,1.0,1,0.06473290960108385,34
523,0,776,439,337,0,0,0,1.0,1,1.0,1,1.0,1,0.061195296018162516,33
524,3,779,441,338,0,0,0,1.0,1,1.0,1,1.0,1,0.03147748943717347,34
525,0,779,441,338,0,0,0,1.0,1,1.0,1,1.0,1,0.025760704359388025,32
526,1,780,442,338,0,0,0,1.0,1,1.0,1,1.0,1,0.04944490693324858,32
527,0,780,442,338,0,0,0,1.0,1,1.0,1,1.0,1,0.05201428699320271,31
528,0,780,442,338,0,0,0,1.0,1,1.0,1,1.0,1,0.05201428699320271,31
529,0,780,442,338,0,0,0,1.0,1,1.0,1,1.0,1,0.0758658717157071,30
530,1,781,443,338,0,0,0,1.0,1,1.0,1,1.0,1,0.12472446180022785,30
531,1,782,444,338,0,0,0,1.0,1,1.0,1,1.0,1,0.13472615595872645,32
532,2,784,446,338,0,0,0,1.0,1,1.0,1,1.0,1,0.18991288499031972,32
533,6,790,449,341,0,0,0,1.0,1,1.0,1,1.0,1,0.16082279949079978,34
534,2,792,450,342,0,0,0,1.0,1,1.0,1,1.0,1,0.19583915233002844,34
535,4,796,451,345,0,0,0,1.0,1,1.0,1,1.0,1,0.23646807310238138,37
536,3,799,451,348,0,0,0,1.0,1,1.0,1,1.0,1,0.20386025416052436,37
537,4,803,452,351,0,0,0,1.0,1,1.0,1,1.0,1,0.27153814971513784,37
538,4,807,452,355,0,0,0,1.0,1,1.0,1,1.0,1,0.2187306919012803,38
539,2,809,452,357,0,0,0,1.0,1,1.0,1,1.0,1,0.23389740097235998,38
540,4,813,452,361,0,0,0,1.0,1,1.0,1,1.0,1,0.23389740097235998,38
541,1,814,452,362,0,0,0,1.0,1,1.0,1,1.0,1,0.18106932760636293,39
542,3,817,455,362,0,0,0,1.0,1,1.0,1,1.0,1,0.18687838502422874,40
543,2,819,457,362,0,0,0,1.0,1,1.0,1,1.0,1,0.2211216273678466,37
544,0,819,457,362,0,0,0,1.0,1,1.0,1,1.0,1,0.22233584581332375,35
545,2,821,459,362,0,0,0,1.0,1,1.0,1,1.0,1,0.18362346430784313,35
546,1,822,460,362,0,0,0,1.0,1,1.0,1,1.0,1,0.17815110784196647,35
547,2,824,462,362,0,0,0,1.0,1,1.0,1,1.0,1,0.19674598861600354,34
548,1,825,463,362,0,0,0,1.0,1,1.0,1,1.0,1,0.2334703830886394,34
549,1,826,464,362,0,0,0,1.0,1,1.0,1,1.0,1,0.26759180782561826,31
550,0,826,464,362,0,0,0,1.0,1,1.0,1,1.0,1,0.25382544611173985,30
551,2,828,466,362,0,0,0,1.0,1,1.0,1,1.0,1,0.22801922880055825,31
552,0,828,466,362,0,0,0,1.0,1,1.0,1,1.0,1,0.19129987213535787,29
553,1,829,466,363,0,0,0,1.0,1,1.0,1,1.0,1,0.14785225995649634,30
554,0,829,466,363,0,0,0,1.0,1,1.0,1,1.0,1,0.1333821480674058,30
555,3,832,466,366,0,0,0,1.0,1,1.0,1,1.0,1,0.06628728902894682,30
556,0,832,466,366,0,0,0,1.0,1,1.0,1,1.0,1,0.05214286507235349,31
557,1,833,467,366,0,0,0,1.0,1,1.0,1,1.0,1,0.08489770910186094,31
558,1,834,468,366,0,0,0,1.0,1,1.0,1,1.0,1,0.09421152804092563,31
559,1,835,469,366,0,0,0,1.0,1,1.0,1,1.0,1,0.06882019344777425,31
560,3,838,470,368,0,0,0,1.0,1,1.0,1,1.0,1,0.10475813427119345,32
561,3,841,472,369,0,0,0,1.0,1,1.0,1,1.0,1,0.1544131457841106,33
562,2,843,473,370,0,0,0,1.0,1,1.0,1,1.0,1,0.18299188595045301,33
563,3,846,475,371,0,0,0,1.0,1,1.0,1,1.0,1,0.24905217437147092,33
564,1,847,475,372,0,0,0,1.0,1,1.0,1,1.0,1,0.23736142540875757,34
565,1,848,476,372,0,0,0,1.0,1,1.0,1,1.0,1,0.2088546301700175,35
566,2,850,478,372,0,0,0,1.0,1,1.0,1,1.0,1,0.18131099494955025,36
567,0,850,478,372,0,0,0,1.0,1,1.0,1,1.0,1,0.15227988123543415,37
568,5,855,481,374,0,0,0,1.0,1,1.0,1,1.0,1,0.12110367539709659,36
569,2,857,483,374,0,0,0,1.0,1,1.0,1,1.0,1,0.09097953804091541,37
570,1,858,484,374,0,0,0,1.0,1,1.0,1,1.0,1,0.09750397807556846,38
571,2,860,485,375,0,0,0,1.0,1,1.0,1,1.0,1,0.06792334991387756,38
572,0,860,485,375,0,0,0,1.0,1,1.0,1,1.0,1,0.052444607767768874,39
573,0,860,485,375,0,0,0,1.0,1,1.0,1,1.0,1,0.052444607767768874,39
574,0,860,485,375,0,0,0,1.0,1,1.0,1,1.0,1,0.031603206352266905,41
575,0,860,485,375,0,0,0,1.0,1,1.0,1,1.0,1,0.031603206352266905,41
576,0,860,485,375,0,0,0,1.0,1,1.0,1,1.0,1,0.036871617875424915,42
577,0,860,485,375,0,0,0,1.0,1,1.0,1,1.0,1,0.036871617875424915,42
578,1,861,486,375,0,0,0,1.0,1,1.0,1,1.0,1,0.043632983977198024,41
579,1,862,487,375,0,0,0,1.0,1,1.0,1,1.0,1,0.06266434791127082,42
580,2,864,488,376,0,0,0,1.0,1,1.0,1,1.0,1,0.0701450131993199,43
581,2,866,490,376,0,0,0,1.0,1,1.0,1,1.0,1,0.08390005224335054,42
582,0,866,490,376,0,0,0,1.0,1,1.0,1,1.0,1,0.07849903710293407,41
583,4,870,494,376,0,0,0,1.0,1,1.0,1,1.0,1,0.08016952688889735,40
584,0,870,494,376,0,0,0,1.0,1,1.0,1,1.0,1,0.08204353638255087,38
585,5,875,498,377,0,0,0,1.0,1,1.0,1,1.0,1,0.17795438262011098,38
586,3,878,501,377,0,0,0,1.0,1,1.0,1,1.0,1,0.1810967740761888,37
587,1,879,502,377,0,0,0,1.0,1,1.0,1,1.0,1,0.2250847156403662,35
588,3,882,505,377,0,0,0,1.0,1,1.0,1,1.0,1,0.18175363939003367,35
589,0,882,505,377,0,0,0,1.0,1,1.0,1,1.0,1,0.20287231062656896,34
590,1,883,506,377,0,0,0,1.0,1,1.0,1,1.0,1,0.1575770558905775,36
591,4,887,508,379,0,0,0,1.0,1,1.0,1,1.0,1,0.06580271732871802,35
592,1,888,508,380,0,0,0,1.0,1,1.0,1,1.0,1,0.041994028661162065,37
593,1,889,509,380,0,0,0,1.0,1,1.0,1,1.0,1,0.03159761434968792,36
594,1,890,510,380,0,0,0,1.0,1,1.0,1,1.0,1,0.07356341200808317,35
595,2,892,512,380,0,0,0,1.0,1,1.0,1,1.0,1,0.12673503927748356,34
596,1,893,513,380,0,0,0,1.0,1,1.0,1,1.0,1,0.13350269072651832,34
597,3,896,516,380,0,0,0,1.0,1,1.0,1,1.0,1,0.1586289395353282,33
598,0,896,516,380,0,0,0,1.0,1,1.0,1,1.0,1,0.2044157447279278,33
599,2,898,518,380,0,0,0,1.0,1,1.0,1,1.0,1,0.23352161455330617,33
600,1,899,519,380,0,0,0,1.0,1,1.0,1,1.0,1,0.24472344260994752,33
601,3,902,519,383,0,0,0,1.0,1,1.0,1,1.0,1,0.16451210845164277,34
602,1,903,519,384,0,0,0,1.0,1,1.0,1,1.0,1,0.17549715999936727,35
603,2,905,519,386,0,0,0,1.0,1,1.0,1,1.0,1,0.14173645832735868,35
604,0,905,519,386,0,0,0,1.0,1,1.0,1,1.0,1,0.13167687664722663,35
605,0,905,519,386,0,0,0,1.0,1,1.0,1,1.0,1,0.16785790410389723,35
606,0,905,519,386,0,0,0,1.0,1,1.0,1,1.0,1,0.15297865048781348,35
607,0,905,519,386,0,0,0,1.0,1,1.0,1,1.0,1,0.15297865048781348,35
608,0,905,519,386,0,0,0,1.0,1,1.0,1,1.0,1,0.17746269996874553,36
609,0,905,519,386,0,0,0,1.0,1,1.0,1,1.0,1,0.17945025562793568,37
610,0,905,519,386,0,0,0,1.0,1,1.0,1,1.0,1,0.17945025562793568,37
611,6,911,521,390,0,0,0,1.0,1,1.0,1,1.0,1,0.05235643731408398,39
612,2,913,522,391,0,0,0,1.0,1,1.0,1,1.0,1,0.08121387349418895,39
613,1,914,523,391,0,0,0,1.0,1,1.0,1,1.0,1,0.0912322904056059,39
614,1,915,524,391,0,0,0,1.0,1,1.0,1,1.0,1,0.1301598942419534,39
615,1,916,524,392,0,0,0,1.0,1,1.0,1,1.0,1,0.13513985791684693,39
616,1,917,525,392,0,0,0,1.0,1,1.0,1,1.0,1,0.16457355509089125,38
617,2,919,527,392,0,0,0,1.0,1,1.0,1,1.0,1,0.17759280670523087,39
618,2,921,529,392,0,0,0,1.0,1,1.0,1,1.0,1,0.17728795233934816,40
619,2,923,531,392,0,0,0,1.0,1,1.0,1,1.0,1,0.1898910694861478,39
620,2,925,533,392,0,0,0,1.0,1,1.0,1,1.0,1,0.11278863793672328,38
621,4,929,535,394,0,0,0,1.0,1,1.0,1,1.0,1,0.0737852125707135,38
622,1,930,536,394,0,0,0,1.0,1,1.0,1,1.0,1,0.024505136851584966,38
623,1,931,537,394,0,0,0,1.0,1,1.0,1,1.0,1,0.04162788140287193,37
624,3,934,540,394,0,0,0,1.0,1,1.0,1,1.0,1,0.07463693978182029,33
625,2,936,542,394,0,0,0,1.0,1,1.0,1,1.0,1,0.05871753723694391,32
626,2,938,544,394,0,0,0,1.0,1,1.0,1,1.0,1,0.08388344681968567,31
627,2,940,546,394,0,0,0,1.0,1,1.0,1,1.0,1,0.15615970122613085,30
628,3,943,549,394,0,0,0,1.0,1,1.0,1,1.0,1,0.16281388021191173,32
629,0,943,549,394,0,0,0,1.0,1,1.0,1,1.0,1,0.143327684466787,29
630,1,944,550,394,0,0,0,1.0,1,1.0,1,1.0,1,0.1684649236547718,29
631,5,949,552,397,0,0,0,1.0,1,1.0,1,1.0,1,0.19408072682508193,25
632,0,949,552,397,0,0,0,1.0,1,1.0,1,1.0,1,0.21162157175180143,24
633,1,950,553,397,0,0,0,1.0,1,1.0,1,1.0,1,0.27610061285515763,23
634,0,950,553,397,0,0,0,1.0,1,1.0,1,1.0,1,0.27610061285515763,23
635,0,950,553,397,0,0,0,1.0,1,1.0,1,1.0,1,0.3129719856526341,22
636,1,951,554,397,0,0,0,1.0,1,1.0,1,1.0,1,0.330197173299192,22
637,1,952,554,398,0,0,0,1.0,1,1.0,1,1.0,1,0.28041487169980134,23
638,2,954,556,398,0,0,0,1.0,1,1.0,1,1.0,1,0.2720960625998461,23
639,0,954,556,398,0,0,0,1.0,1,1.0,1,1.0,1,0.25345548660969536,24
640,2,956,558,398,0,0,0,1.0,1,1.0,1,1.0,1,0.261077375705994,24
641,1,957,558,399,0,0,0,1.0,1,1.0,1,1.0,1,0.243320293213844,25
642,0,957,558,399,0,0,0,1.0,1,1.0,1,1.0,1,0.20107446067586832,26
643,1,958,558,400,0,0,0,1.0,1,1.0,1,1.0,1,0.1347082394139571,28
644,2,960,559,401,0,0,0,1.0,1,1.0,1,1.0,1,0.0885707858614359,28
645,2,962,560,402,0,0,0,1.0,1,1.0,1,1.0,1,0.07851642433160239,28
646,1,963,560,403,0,0,0,1.0,1,1.0,1,1.0,1,0.06980481033866155,29
647,2,965,561,404,0,0,0,1.0,1,1.0,1,1.0,1,0.12085646830118572,30
648,3,968,562,406,0,0,0,1.0,1,1.0,1,1.0,1,0.11713089322794254,30
649,3,971,564,407,0,0,0,1.0,1,1.0,1,1.0,1,0.12098368370144545,31
650,3,974,566,408,0,0,0,1.0,1,1.0,1,1.0,1,0.05334430410224101,31
651,0,974,566,408,0,0,0,1.0,1,1.0,1,1.0,1,0.07654197245677548,32
652,0,974,566,408,0,0,0,1.0,1,1.0,1,1.0,1,0.07654197245677548,32
653,0,974,566,408,0,0,0,1.0,1,1.0,1,1.0,1,0.0816911276675811,33
654,2,976,568,408,0,0,0,1.0,1,1.0,1,1.0,1,0.06732149165524684,33
655,1,977,569,408,0,0,0,1.0,1,1.0,1,1.0,1,0.0779586241673954,36
656,1,978,570,408,0,0,0,1.0,1,1.0,1,1.0,1,0.10535007130623396,36
657,1,979,571,408,0,0,0,1.0,1,1.0,1,1.0,1,0.10935679277781205,35
658,1,980,572,408,0,0,0,1.0,1,1.0,1,1.0,1,0.15172690656434473,33
659,2,982,574,408,0,0,0,1.0,1,1.0,1,1.0,1,0.204671090661807,35
660,1,983,575,408,0,0,0,1.0,1,1.0,1,1.0,1,0.15706751697674076,34
661,2,985,575,410,0,0,0,1.0,1,1.0,1,1.0,1,0.1411852099970015,33
662,1,986,576,410,0,0,0,1.0,1,1.0,1,1.0,1,0.09065745813280697,31
663,3,989,578,411,0,0,0,1.0,1,1.0,1,1.0,1,0.12531546098276958,29
664,0,989,578,411,0,0,0,1.0,1,1.0,1,1.0,1,0.11392181872490163,27
665,1,990,579,411,0,0,0,1.0,1,1.0,1,1.0,1,0.13908823218570016,27
666,0,990,579,411,0,0,0,1.0,1,1.0,1,1.0,1,0.1428824855476655,28
667,0,990,579,411,0,0,0,1.0,1,1.0,1,1.0,1,0.1322821126416328,26
668,1,991,580,411,0,0,0,1.0,1,1.0,1,1.0,1,0.14361454624319867,26
669,5,996,585,411,0,0,0,1.0,1,1.0,1,1.0,1,0.09046114598077586,25
670,1,997,585,412,0,0,0,1.0,1,1.0,1,1.0,1,0.16252214077568644,24
671,0,997,585,412,0,0,0,1.0,1,1.0,1,1.0,1,0.16252214077568644,24
672,2,999,586,413,0,0,0,1.0,1,1.0,1,1.0,1,0.20379242514523843,25
673,3,1002,588,414,0,0,0,1.0,1,1.0,1,1.0,1,0.1484747646601449,25
674,0,1002,588,414,0,0,0,1.0,1,1.0,1,1.0,1,0.1484747646601449,25
675,1,1003,589,414,0,0,0,1.0,1,1.0,1,1.0,1,0.1529262785158152,26
676,2,1005,591,414,0,0,0,1.0,1,1.0,1,1.0,1,0.14281421334886749,27
677,1,1006,592,414,0,0,0,1.0,1,1.0,1,1.0,1,0.15327255893376934,28
678,0,1006,592,414,0,0,0,1.0,1,1.0,1,1.0,1,0.15327255893376934,28
679,2,1008,594,414,0,0,0,1.0,1,1.0,1,1.0,1,0.16732981513724696,30
680,0,1008,594,414,0,0,0,1.0,1,1.0,1,1.0,1,0.1688350799598885,29
681,0,1008,594,414,0,0,0,1.0,1,1.0,1,1.0,1,0.1688350799598885,29
682,0,1008,594,414,0,0,0,1.0,1,1.0,1,1.0,1,0.14842449237649216,30
683,0,1008,594,414,0,0,0,1.0,1,1.0,1,1.0,1,0.14842449237649216,30
684,0,1008,594,414,0,0,0,1.0,1,1.0,1,1.0,1,0.15251358956648936,31
685,0,1008,594,414,0,0,0,1.0,1,1.0,1,1.0,1,0.13274405556840932,30
686,4,1012,598,414,0,0,0,1.0,1,1.0,1,1.0,1,0.10383863835356823,30
687,2,1014,599,415,0,0,0,1.0,1,1.0,1,1.0,1,0.04123662111603085,30
688,0,1014,599,415,0,0,0,1.0,1,1.0,1,1.0,1,0.060428603981972195,31
689,2,1016,600,416,0,0,0,1.0,1,1.0,1,1.0,1,0.07413347629758155,32
690,0,1016,600,416,0,0,0,1.0,1,1.0,1,1.0,1,0.07413347629758155,32
691,1,1017,601,416,0,0,0,1.0,1,1.0,1,1.0,1,0.1264437084398351,32
692,3,1020,604,416,0,0,0,1.0,1,1.0,1,1.0,1,0.15511110417136145,32
693,1,1021,605,416,0,0,0,1.0,1,1.0,1,1.0,1,0.14245268335766884,34
694,2,1023,607,416,0,0,0,1.0,1,1.0,1,1.0,1,0.2020525214427324,36
695,1,1024,608,416,0,0,0,1.0,1,1.0,1,1.0,1,0.20297082499690847,34
696,1,1025,608,417,0,0,0,1.0,1,1.0,1,1.0,1,0.1699202802641031,33
697,0,1025,608,417,0,0,0,1.0,1,1.0,1,1.0,1,0.1707937950447052,33
698,2,1027,610,417,0,0,0,1.0,1,1.0,1,1.0,1,0.20637454707853622,34
699,1,1028,610,418,0,0,0,1.0,1,1.0,1,1.0,1,0.1787781980560765,33
700,1,1029,611,418,0,0,0,1.0,1,1.0,1,1.0,1,0.13924872829767332,32
701,0,1029,611,418,0,0,0,1.0,1,1.0,1,1.0,1,0.12833700449602448,33
702,3,1032,613,419,0,0,0,1.0,1,1.0,1,1.0,1,0.11927675223892611,34
703,2,1034,615,419,0,0,0,1.0,1,1.0,1,1.0,1,0.12469442580241241,32
704,0,1034,615,419,0,0,0,1.0,1,1.0,1,1.0,1,0.09744124190401657,31
705,2,1036,617,419,0,0,0,1.0,1,1.0,1,1.0,1,0.08971890806990268,33
706,1,1037,618,419,0,0,0,1.0,1,1.0,1,1.0,1,0.11774805577819675,33
707,1,1038,619,419,0,0,0,1.0,1,1.0,1,1.0,1,0.1710058069282033,31
708,1,1039,620,419,0,0,0,1.0,1,1.0,1,1.0,1,0.1940077368158365,31
709,1,1040,621,419,0,0,0,1.0,1,1.0,1,1.0,1,0.24502489188950283,30
710,0,1040,621,419,0,0,0,1.0,1,1.0,1,1.0,1,0.24502489188950283,30
711,4,1044,621,423,0,0,0,1.0,1,1.0,1,1.0,1,0.10855904237240596,30
712,0,1044,621,423,0,0,0,1.0,1,1.0,1,1.0,1,0.10472470135077354,30
713,1,1045,621,424,0,0,0,1.0,1,1.0,1,1.0,1,0.11042733018885771,31
714,1,1046,622,424,0,0,0,1.0,1,1.0,1,1.0,1,0.1053230800926611,31
715,1,1047,622,425,0,0,0,1.0,1,1.0,1,1.0,1,0.07492813064290478,30
716,0,1047,622,425,0,0,0,1.0,1,1.0,1,1.0,1,0.048759933462751794,31
717,0,1047,622,425,0,0,0,1.0,1,1.0,1,1.0,1,0.053392652381707144,32
718,2,1049,624,425,0,0,0,1.0,1,1.0,1,1.0,1,0.12886211312028725,32
719,2,1051,626,425,0,0,0,1.0,1,1.0,1,1.0,1,0.12347882433468657,32
720,0,1051,626,425,0,0,0,1.0,1,1.0,1,1.0,1,0.10346374747374414,34
721,1,1052,627,425,0,0,0,1.0,1,1.0,1,1.0,1,0.13903457037116254,34
722,0,1052,627,425,0,0,0,1.0,1,1.0,1,1.0,1,0.13903457037116254,34
723,1,1053,627,426,0,0,0,1.0,1,1.0,1,1.0,1,0.139940043425139,35
724,1,1054,627,427,0,0,0,1.0,1,1.0,1,1.0,1,0.1294424548662487,36
725,0,1054,627,427,0,0,0,1.0,1,1.0,1,1.0,1,0.14540379116044094,37
726,0,1054,627,427,0,0,0,1.0,1,1.0,1,1.0,1,0.14540379116044094,37
727,1,1055,627,428,0,0,0,1.0,1,1.0,1,1.0,1,0.14350008760614644,38
728,0,1055,627,428,0,0,0,1.0,1,1.0,1,1.0,1,0.1455617198236009,39
729,0,1055,627,428,0,0,0,1.0,1,1.0,1,1.0,1,0.1455617198236009,39
730,0,1055,627,428,0,0,0,1.0,1,1.0,1,1.0,1,0.13783774797269827,40
731,2,1057,628,429,0,0,0,1.0,1,1.0,1,1.0,1,0.15412262476562635,40
732,1,1058,628,430,0,0,0,1.0,1,1.0,1,1.0,1,0.1636366733669437,41
733,2,1060,630,430,0,0,0,1.0,1,1.0,1,1.0,1,0.18460886171010557,41
734,1,1061,630,431,0,0,0,1.0,1,1.0,1,1.0,1,0.16590837316726736,42
735,2,1063,631,432,0,0,0,1.0,1,1.0,1,1.0,1,0.1361010864256506,42
736,0,1063,631,432,0,0,0,1.0,1,1.0,1,1.0,1,0.12457294386215041,41
737,1,1064,632,432,0,0,0,1.0,1,1.0,1,1.0,1,0.17531802392904233,41
738,0,1064,632,432,0,0,0,1.0,1,1.0,1,1.0,1,0.15393808048577506,39
739,0,1064,632,432,0,0,0,1.0,1,1.0,1,1.0,1,0.15393808048577506,39
740,0,1064,632,432,0,0,0,1.0,1,1.0,1,1.0,1,0.1645085582219676,39
741,1,1065,632,433,0,0,0,1.0,1,1.0,1,1.0,1,0.14316801868325504,38
742,0,1065,632,433,0,0,0,1.0,1,1.0,1,1.0,1,0.14668257541894547,39
743,1,1066,633,433,0,0,0,1.0,1,1.0,1,1.0,1,0.1321458507572989,39
744,3,1069,636,433,0,0,0,1.0,1,1.0,1,1.0,1,0.09957157170655576,39
745,3,1072,639,433,0,0,0,1.0,1,1.0,1,1.0,1,0.131611691111875,39
746,3,1075,642,433,0,0,0,1.0,1,1.0,1,1.0,1,0.12044013880263958,40
747,1,1076,643,433,0,0,0,1.0,1,1.0,1,1.0,1,0.11221938445196407,41
748,1,1077,644,433,0,0,0,1.0,1,1.0,1,1.0,1,0.08878673122292167,41
749,0,1077,644,433,0,0,0,1.0,1,1.0,1,1.0,1,0.08878673122292167,41
750,3,1080,647,433,0,0,0,1.0,1,1.0,1,1.0,1,0.15561708617416092,39
751,3,1083,649,434,0,0,0,1.0,1,1.0,1,1.0,1,0.09404013004690848,41
752,3,1086,652,434,0,0,0,1.0,1,1.0,1,1.0,1,0.19142647342885818,41
753,4,1090,652,438,0,0,0,1.0,1,1.0,1,1.0,1,0.17596013187222104,41
754,2,1092,654,438,0,0,0,1.0,1,1.0,1,1.0,1,0.21532921894217588,41
755,2,1094,654,440,0,0,0,1.0,1,1.0,1,1.0,1,0.22355072442267987,41
756,0,1094,654,440,0,0,0,1.0,1,1.0,1,1.0,1,0.22355072442267987,41
757,1,1095,655,440,0,0,0,1.0,1,1.0,1,1.0,1,0.276507648456502,39
758,0,1095,655,440,0,0,0,1.0,1,1.0,1,1.0,1,0.26355774114445274,39
759,0,1095,655,440,0,0,0,1.0,1,1.0,1,1.0,1,0.26352473614299654,39
760,1,1096,655,441,0,0,0,1.0,1,1.0,1,1.0,1,0.2675115272713978,40
761,2,1098,655,443,0,0,0,1.0,1,1.0,1,1.0,1,0.2182863625162537,41
762,2,1100,655,445,0,0,0,1.0,1,1.0,1,1.0,1,0.19120744902493444,42
763,0,1100,655,445,0,0,0,1.0,1,1.0,1,1.0,1,0.20530980465992799,43
764,3,1103,655,448,0,0,0,1.0,1,1.0,1,1.0,1,0.17333179602179125,43
765,1,1104,655,449,0,0,0,1.0,1,1.0,1,1.0,1,0.12724072037050718,45
766,1,1105,656,449,0,0,0,1.0,1,1.0,1,1.0,1,0.1363889096006974,45
767,0,1105,656,449,0,0,0,1.0,1,1.0,1,1.0,1,0.13889889456012702,46
768,0,1105,656,449,0,0,0,1.0,1,1.0,1,1.0,1,0.12776577998044494,45
769,2,1107,657,450,0,0,0,1.0,1,1.0,1,1.0,1,0.15617091366543648,46
770,1,1108,657,451,0,0,0,1.0,1,1.0,1,1.0,1,0.1316455632817459,47
771,4,1112,660,452,0,0,0,1.0,1,1.0,1,1.0,1,0.13490289494676988,47
772,0,1112,660,452,0,0,0,1.0,1,1.0,1,1.0,1,0.12442766957906597,46
773,2,1114,662,452,0,0,0,1.0,1,1.0,1,1.0,1,0.0972670327370634,45
774,0,1114,662,452,0,0,0,1.0,1,1.0,1,1.0,1,0.07221418781384543,45
775,2,1116,664,452,0,0,0,1.0,1,1.0,1,1.0,1,0.10670886839611546,45
776,0,1116,664,452,0,0,0,1.0,1,1.0,1,1.0,1,0.10142408011594964,43
777,0,1116,664,452,0,0,0,1.0,1,1.0,1,1.0,1,0.11455418489179321,44
778,2,1118,666,452,0,0,0,1.0,1,1.0,1,1.0,1,0.14761132537835284,45
779,0,1118,666,452,0,0,0,1.0,1,1.0,1,1.0,1,0.14761132537835284,45
780,2,1120,668,452,0,0,0,1.0,1,1.0,1,1.0,1,0.19359472127522248,45
781,0,1120,668,452,0,0,0,1.0,1,1.0,1,1.0,1,0.17978925357444583,46
782,0,1120,668,452,0,0,0,1.0,1,1.0,1,1.0,1,0.2136945182251494,47
783,1,1121,668,453,0,0,0,1.0,1,1.0,1,1.0,1,0.19284688423328933,46
784,0,1121,668,453,0,0,0,1.0,1,1.0,1,1.0,1,0.20027834323260668,45
785,0,1121,668,453,0,0,0,1.0,1,1.0,1,1.0,1,0.198104083379132,43
786,1,1122,668,454,0,0,0,1.0,1,1.0,1,1.0,1,0.16793850521536577,43
787,2,1124,669,455,0,0,0,1.0,1,1.0,1,1.0,1,0.13117865752144087,43
788,0,1124,669,455,0,0,0,1.0,1,1.0,1,1.0,1,0.13407446557084277,44
789,1,1125,670,455,0,0,0,1.0,1,1.0,1,1.0,1,0.10131986990261524,46
790,2,1127,672,455,0,0,0,1.0,1,1.0,1,1.0,1,0.16010144345912505,46
791,2,1129,672,457,0,0,0,1.0,1,1.0,1,1.0,1,0.17005491614685256,46
792,2,1131,673,458,0,0,0,1.0,1,1.0,1,1.0,1,0.17732403923198745,47
793,0,1131,673,458,0,0,0,1.0,1,1.0,1,1.0,1,0.19336916008166766,48
794,2,1133,673,460,0,0,0,1.0,1,1.0,1,1.0,1,0.1934109219730724,48
795,1,1134,673,461,0,0,0,1.0,1,1.0,1,1.0,1,0.18885092205678275,47
796,0,1134,673,461,0,0,0,1.0,1,1.0,1,1.0,1,0.226062106347016,45
797,1,1135,673,462,0,0,0,1.0,1,1.0,1,1.0,1,0.22027752631147843,47
798,1,1136,673,463,0,0,0,1.0,1,1.0,1,1.0,1,0.22293675524476586,48
799,2,1138,674,464,0,0,0,1.0,1,1.0,1,1.0,1,0.2039746864560604,48
800,2,1140,676,464,0,0,0,1.0,1,1.0,1,1.0,1,0.2174918042539403,48
801,3,1143,677,466,0,0,0,1.0,1,1.0,1,1.0,1,0.17575020884146755,49
802,3,1146,679,467,0,0,0,1.0,1,1.0,1,1.0,1,0.2165387379024114,50
803,3,1149,679,470,0,0,0,1.0,1,1.0,1,1.0,1,0.18686384520905006,50
804,0,1149,679,470,0,0,0,1.0,1,1.0,1,1.0,1,0.18686384520905006,50
805,1,1150,680,470,0,0,0,1.0,1,1.0,1,1.0,1,0.20591661031844813,50
806,1,1151,680,471,0,0,0,1.0,1,1.0,1,1.0,1,0.18760694391671368,51
807,0,1151,680,471,0,0,0,1.0,1,1.0,1,1.0,1,0.18760694391671368,51
808,1,1152,680,472,0,0,0,1.0,1,1.0,1,1.0,1,0.18669290864465332,53
809,0,1152,680,472,0,0,0,1.0,1,1.0,1,1.0,1,0.1446938995409382,51
810,0,1152,680,472,0,0,0,1.0,1,1.0,1,1.0,1,0.155572036890972,52
811,4,1156,682,474,0,0,0,1.0,1,1.0,1,1.0,1,0.18428368100957662,50
812,3,1159,682,477,0,0,0,1.0,1,1.0,1,1.0,1,0.14805517266263934,51
813,3,1162,684,478,0,0,0,1.0,1,1.0,1,1.0,1,0.18715085055766373,51
814,0,1162,684,478,0,0,0,1.0,1,1.0,1,1.0,1,0.18869336779210075,52
815,1,1163,685,478,0,0,0,1.0,1,1.0,1,1.0,1,0.1877591206147409,50
816,2,1165,686,479,0,0,0,1.0,1,1.0,1,1.0,1,0.16113431501544037,50
817,1,1166,687,479,0,0,0,1.0,1,1.0,1,1.0,1,0.1833283514107717,49
818,0,1166,687,479,0,0,0,1.0,1,1.0,1,1.0,1,0.18275114692301592,49
819,0,1166,687,479,0,0,0,1.0,1,1.0,1,1.0,1,0.1765993929494518,50
820,1,1167,688,479,0,0,0,1.0,1,1.0,1,1.0,1,0.1926796338136602,49
821,4,1171,689,482,0,0,0,1.0,1,1.0,1,1.0,1,0.18494506483015447,49
822,1,1172,689,483,0,0,0,1.0,1,1.0,1,1.0,1,0.17489841055165592,49
823,0,1172,689,483,0,0,0,1.0,1,1.0,1,1.0,1,0.19680783845013114,47
824,0,1172,689,483,0,0,0,1.0,1,1.0,1,1.0,1,0.2014635416582699,45
825,1,1173,690,483,0,0,0,1.0,1,1.0,1,1.0,1,0.20921924044903423,43
826,1,1174,691,483,0,0,0,1.0,1,1.0,1,1.0,1,0.18832175660997946,44
827,1,1175,692,483,0,0,0,1.0,1,1.0,1,1.0,1,0.20237825241244117,43
828,2,1177,694,483,0,0,0,1.0,1,1.0,1,1.0,1,0.23410541133848323,43
829,1,1178,695,483,0,0,0,1.0,1,1.0,1,1.0,1,0.23112272262133662,45
830,1,1179,696,483,0,0,0,1.0,1,1.0,1,1.0,1,0.23220569674994487,46
831,5,1184,697,487,0,0,0,1.0,1,1.0,1,1.0,1,0.14248210390202218,48
832,0,1184,697,487,0,0,0,1.0,1,1.0,1,1.0,1,0.1525689188949295,47
833,1,1185,698,487,0,0,0,1.0,1,1.0,1,1.0,1,0.14964392842308694,47
834,1,1186,698,488,0,0,0,1.0,1,1.0,1,1.0,1,0.16382951585825978,46
835,1,1187,699,488,0,0,0,1.0,1,1.0,1,1.0,1,0.16333597472038358,45
836,0,1187,699,488,0,0,0,1.0,1,1.0,1,1.0,1,0.17572699647890186,46
837,2,1189,700,489,0,0,0,1.0,1,1.0,1,1.0,1,0.15681748502696236,46
838,0,1189,700,489,0,0,0,1.0,1,1.0,1,1.0,1,0.1657971577914435,45
839,2,1191,701,490,0,0,0,1.0,1,1.0,1,1.0,1,0.15863914127641313,46
840,0,1191,701,490,0,0,0,1.0,1,1.0,1,1.0,1,0.17169066937631292,46
841,3,1194,702,492,0,0,0,1.0,1,1.0,1,1.0,1,0.13968619157484322,46
842,2,1196,703,493,0,0,0,1.0,1,1.0,1,1.0,1,0.14487032790839638,46
843,3,1199,704,495,0,0,0,1.0,1,1.0,1,1.0,1,0.14876317012978008,46
844,1,1200,704,496,0,0,0,1.0,1,1.0,1,1.0,1,0.1413402374035182,47
845,3,1203,706,497,0,0,0,1.0,1,1.0,1,1.0,1,0.2022235791600137,48
846,0,1203,706,497,0,0,0,1.0,1,1.0,1,1.0,1,0.18943549693038023,47
847,2,1205,706,499,0,0,0,1.0,1,1.0,1,1.0,1,0.169906462962464,48
848,1,1206,707,499,0,0,0,1.0,1,1.0,1,1.0,1,0.1866506596895118,48
849,0,1206,707,499,0,0,0,1.0,1,1.0,1,1.0,1,0.1877905995836754,48
850,0,1206,707,499,0,0,0,1.0,1,1.0,1,1.0,1,0.19520834213921223,46
851,4,1210,707,503,0,0,0,1.0,1,1.0,1,1.0,1,0.12459433657439943,45
852,0,1210,707,503,0,0,0,1.0,1,1.0,1,1.0,1,0.10715709931211882,44
853,1,1211,708,503,0,0,0,1.0,1,1.0,1,1.0,1,0.1121588962179456,44
854,2,1213,710,503,0,0,0,1.0,1,1.0,1,1.0,1,0.1171768155821325,45
855,0,1213,710,503,0,0,0,1.0,1,1.0,1,1.0,1,0.09576469415260588,46
856,1,1214,711,503,0,0,0,1.0,1,1.0,1,1.0,1,0.10791349740941934,46
857,1,1215,712,503,0,0,0,1.0,1,1.0,1,1.0,1,0.10972888467633805,47
858,0,1215,712,503,0,0,0,1.0,1,1.0,1,1.0,1,0.11197134934665474,48
859,1,1216,713,503,0,0,0,1.0,1,1.0,1,1.0,1,0.1250985311343104,48
860,1,1217,713,504,0,0,0,1.0,1,1.0,1,1.0,1,0.10380832001885623,49
861,3,1220,714,506,0,0,0,1.0,1,1.0,1,1.0,1,0.07671330045198949,49
862,0,1220,714,506,0,0,0,1.0,1,1.0,1,1.0,1,0.07671330045198949,49
863,1,1221,715,506,0,0,0,1.0,1,1.0,1,1.0,1,0.10262051465397938,48
864,0,1221,715,506,0,0,0,1.0,1,1.0,1,1.0,1,0.10445557436100034,49
865,3,1224,718,506,0,0,0,1.0,1,1.0,1,1.0,1,0.10880106545192088,48
866,1,1225,719,506,0,0,0,1.0,1,1.0,1,1.0,1,0.10156161048541469,50
867,3,1228,721,507,0,0,0,1.0,1,1.0,1,1.0,1,0.08638535328939795,50
868,3,1231,724,507,0,0,0,1.0,1,1.0,1,1.0,1,0.07402348746754084,51
869,0,1231,724,507,0,0,0,1.0,1,1.0,1,1.0,1,0.11007417024015642,49
870,1,1232,725,507,0,0,0,1.0,1,1.0,1,1.0,1,0.1289725003142552,49
871,4,1236,726,510,0,0,0,1.0,1,1.0,1,1.0,1,0.06578100232864947,49
872,0,1236,726,510,0,0,0,1.0,1,1.0,1,1.0,1,0.08778248460817886,48
873,2,1238,728,510,0,0,0,1.0,1,1.0,1,1.0,1,0.10152972080232983,49
874,1,1239,729,510,0,0,0,1.0,1,1.0,1,1.0,1,0.09469398962984166,49
875,1,1240,729,511,0,0,0,1.0,1,1.0,1,1.0,1,0.08028799924220816,50
876,2,1242,731,511,0,0,0,1.0,1,1.0,1,1.0,1,0.12619668546600962,50
877,1,1243,732,511,0,0,0,1.0,1,1.0,1,1.0,1,0.13793166866326875,50
878,2,1245,733,512,0,0,0,1.0,1,1.0,1,1.0,1,0.1485774754696455,49
879,1,1246,734,512,0,0,0,1.0,1,1.0,1,1.0,1,0.16083709682338165,49
880,1,1247,735,512,0,0,0,1.0,1,1.0,1,1.0,1,0.1801289837266408,48
881,7,1254,737,517,0,0,0,1.0,1,1.0,1,1.0,1,0.13018297932387182,49
882,0,1254,737,517,0,0,0,1.0,1,1.0,1,1.0,1,0.1269775318232309,48
883,1,1255,738,517,0,0,0,1.0,1,1.0,1,1.0,1,0.14105427069369225,50
884,1,1256,738,518,0,0,0,1.0,1,1.0,1,1.0,1,0.11989860639428648,50
885,2,1258,740,518,0,0,0,1.0,1,1.0,1,1.0,1,0.12757839710601213,49
886,0,1258,740,518,0,0,0,1.0,1,1.0,1,1.0,1,0.12951288986128315,49
887,2,1260,742,518,0,0,0,1.0,1,1.0,1,1.0,1,0.18226658386851374,49
888,0,1260,742,518,0,0,0,1.0,1,1.0,1,1.0,1,0.15547162863798777,47
889,1,1261,743,518,0,0,0,1.0,1,1.0,1,1.0,1,0.19808757361128132,46
890,1,1262,744,518,0,0,0,1.0,1,1.0,1,1.0,1,0.14899585485331923,44
891,2,1264,744,520,0,0,0,1.0,1,1.0,1,1.0,1,0.11335080952134233,45
892,1,1265,745,520,0,0,0,1.0,1,1.0,1,1.0,1,0.1346292839517707,45
893,1,1266,745,521,0,0,0,1.0,1,1.0,1,1.0,1,0.12133274338339323,45
894,2,1268,745,523,0,0,0,1.0,1,1.0,1,1.0,1,0.08286818328254048,44
895,3,1271,747,524,0,0,0,1.0,1,1.0,1,1.0,1,0.06974835128641686,45
896,1,1272,748,524,0,0,0,1.0,1,1.0,1,1.0,1,0.08083139740150548,44
897,0,1272,748,524,0,0,0,1.0,1,1.0,1,1.0,1,0.08083139740150548,44
898,1,1273,749,524,0,0,0,1.0,1,1.0,1,1.0,1,0.06528385522301364,45
899,0,1273,749,524,0,0,0,1.0,1,1.0,1,1.0,1,0.08210361087076268,44
900,0,1273,749,524,0,0,0,1.0,1,1.0,1,1.0,1,0.09841663240810655,46
901,2,1275,749,526,0,0,0,1.0,1,1.0,1,1.0,1,0.09155020792234272,45
902,2,1277,751,526,0,0,0,1.0,1,1.0,1,1.0,1,0.1457505932909721,45
903,2,1279,752,527,0,0,0,1.0,1,1.0,1,1.0,1,0.18498838780656493,44
904,1,1280,753,527,0,0,0,1.0,1,1.0,1,1.0,1,0.21079120049466196,45
905,3,1283,755,528,0,0,0,1.0,1,1.0,1,1.0,1,0.20937818198011995,45
906,1,1284,756,528,0,0,0,1.0,1,1.0,1,1.0,1,0.23820001308415953,45
907,1,1285,756,529,0,0,0,1.0,1,1.0,1,1.0,1,0.21250961877858351,46
908,2,1287,758,529,0,0,0,1.0,1,1.0,1,1.0,1,0.18933851158596246,46
909,1,1288,759,529,0,0,0,1.0,1,1.0,1,1.0,1,0.19296088601287567,46
910,0,1288,759,529,0,0,0,1.0,1,1.0,1,1.0,1,0.2396525635461691,44
911,5,1293,759,534,0,0,0,1.0,1,1.0,1,1.0,1,0.15003442143463624,45
912,0,1293,759,534,0,0,0,1.0,1,1.0,1,1.0,1,0.16763425186312794,44
913,1,1294,759,535,0,0,0,1.0,1,1.0,1,1.0,1,0.17278266015212052,45
914,1,1295,760,535,0,0,0,1.0,1,1.0,1,1.0,1,0.1928967628718314,45
915,1,1296,760,536,0,0,0,1.0,1,1.0,1,1.0,1,0.1856948874017583,45
916,0,1296,760,536,0,0,0,1.0,1,1.0,1,1.0,1,0.1856948874017583,45
917,0,1296,760,536,0,0,0,1.0,1,1.0,1,1.0,1,0.19915578599347986,46
918,2,1298,761,537,0,0,0,1.0,1,1.0,1,1.0,1,0.18346356409881812,47
919,0,1298,761,537,0,0,0,1.0,1,1.0,1,1.0,1,0.18346356409881812,47
920,1,1299,762,537,0,0,0,1.0,1,1.0,1,1.0,1,0.19506304160860352,47
921,7,1306,764,542,0,0,0,1.0,1,1.0,1,1.0,1,0.15190630533061242,49
922,4,1310,766,544,0,0,0,1.0,1,1.0,1,1.0,1,0.11075792177797855,49
923,2,1312,768,544,0,0,0,1.0,1,1.0,1,1.0,1,0.11853153577940088,47
924,2,1314,770,544,0,0,0,1.0,1,1.0,1,1.0,1,0.1197207001016942,47
925,1,1315,771,544,0,0,0,1.0,1,1.0,1,1.0,1,0.14481801324905094,47
926,3,1318,774,544,0,0,0,1.0,1,1.0,1,1.0,1,0.16393385165479832,46
927,2,1320,775,545,0,0,0,1.0,1,1.0,1,1.0,1,0.1370847375828832,45
928,0,1320,775,545,0,0,0,1.0,1,1.0,1,1.0,1,0.1256347795353503,43
929,0,1320,775,545,0,0,0,1.0,1,1.0,1,1.0,1,0.14622867042743767,42
930,0,1320,775,545,0,0,0,1.0,1,1.0,1,1.0,1,0.14284823877790692,41
931,3,1323,775,548,0,0,0,1.0,1,1.0,1,1.0,1,0.0907217357176787,40
932,0,1323,775,548,0,0,0,1.0,1,1.0,1,1.0,1,0.0907217357176787,40
933,1,1324,776,548,0,0,0,1.0,1,1.0,1,1.0,1,0.09299556782583186,39
934,0,1324,776,548,0,0,0,1.0,1,1.0,1,1.0,1,0.09299556782583186,39
935,4,1328,780,548,0,0,0,1.0,1,1.0,1,1.0,1,0.17935238791365152,41
936,0,1328,780,548,0,0,0,1.0,1,1.0,1,1.0,1,0.15421368548956735,42
937,3,1331,782,549,0,0,0,1.0,1,1.0,1,1.0,1,0.22022714587570108,43
938,1,1332,782,550,0,0,0,1.0,1,1.0,1,1.0,1,0.2188990285165345,44
939,3,1335,782,553,0,0,0,1.0,1,1.0,1,1.0,1,0.21973210853358405,46
940,1,1336,782,554,0,0,0,1.0,1,1.0,1,1.0,1,0.19878578005231679,46
941,3,1339,783,556,0,0,0,1.0,1,1.0,1,1.0,1,0.20356809316498833,46
942,2,1341,783,558,0,0,0,1.0,1,1.0,1,1.0,1,0.1775623485322861,46
943,0,1341,783,558,0,0,0,1.0,1,1.0,1,1.0,1,0.1893273739236934,45
944,0,1341,783,558,0,0,0,1.0,1,1.0,1,1.0,1,0.1884669007965328,45
945,3,1344,784,560,0,0,0,1.0,1,1.0,1,1.0,1,0.18852527596116514,44
946,1,1345,784,561,0,0,0,1.0,1,1.0,1,1.0,1,0.15172304526308783,46
947,0,1345,784,561,0,0,0,1.0,1,1.0,1,1.0,1,0.1780102472404752,44
948,0,1345,784,561,0,0,0,1.0,1,1.0,1,1.0,1,0.1780102472404752,44
949,0,1345,784,561,0,0,0,1.0,1,1.0,1,1.0,1,0.2361100191561769,44
950,1,1346,785,561,0,0,0,1.0,1,1.0,1,1.0,1,0.27411118635995846,43
951,7,1353,785,568,0,0,0,1.0,1,1.0,1,1.0,1,0.1755110515640501,42
952,0,1353,785,568,0,0,0,1.0,1,1.0,1,1.0,1,0.1755110515640501,42
953,0,1353,785,568,0,0,0,1.0,1,1.0,1,1.0,1,0.173316633051249,41
954,1,1354,786,568,0,0,0,1.0,1,1.0,1,1.0,1,0.18676982739999864,40
955,1,1355,786,569,0,0,0,1.0,1,1.0,1,1.0,1,0.1631300136739378,42
956,1,1356,787,569,0,0,0,1.0,1,1.0,1,1.0,1,0.1547290051263972,43
957,0,1356,787,569,0,0,0,1.0,1,1.0,1,1.0,1,0.17312427461576407,42
958,1,1357,787,570,0,0,0,1.0,1,1.0,1,1.0,1,0.1854961201076597,43
959,4,1361,788,573,0,0,0,1.0,1,1.0,1,1.0,1,0.2171489192677532,45
960,3,1364,789,575,0,0,0,1.0,1,1.0,1,1.0,1,0.2314317763300557,47
961,2,1366,790,576,0,0,0,1.0,1,1.0,1,1.0,1,0.22164340098577295,45
962,0,1366,790,576,0,0,0,1.0,1,1.0,1,1.0,1,0.21213925153914426,45
963,2,1368,791,577,0,0,0,1.0,1,1.0,1,1.0,1,0.2302161165914249,44
964,0,1368,791,577,0,0,0,1.0,1,1.0,1,1.0,1,0.2229069958016541,44
965,1,1369,791,578,0,0,0,1.0,1,1.0,1,1.0,1,0.1966342742461394,45
966,1,1370,792,578,0,0,0,1.0,1,1.0,1,1.0,1,0.1938238240659224,43
967,1,1371,792,579,0,0,0,1.0,1,1.0,1,1.0,1,0.1848985915950694,43
968,0,1371,792,579,0,0,0,1.0,1,1.0,1,1.0,1,0.1779677255390234,43
969,0,1371,792,579,0,0,0,1.0,1,1.0,1,1.0,1,0.18832358023680787,42
970,0,1371,792,579,0,0,0,1.0,1,1.0,1,1.0,1,0.19600302846678475,42
971,2,1373,792,581,0,0,0,1.0,1,1.0,1,1.0,1,0.16046772315114882,42
972,0,1373,792,581,0,0,0,1.0,1,1.0,1,1.0,1,0.16046772315114882,42
973,1,1374,792,582,0,0,0,1.0,1,1.0,1,1.0,1,0.1235291385141702,43
974,0,1374,792,582,0,0,0,1.0,1,1.0,1,1.0,1,0.1235291385141702,43
975,0,1374,792,582,0,0,0,1.0,1,1.0,1,1.0,1,0.12785182868434716,43
976,0,1374,792,582,0,0,0,1.0,1,1.0,1,1.0,1,0.13336274985353155,45
977,1,1375,793,582,0,0,0,1.0,1,1.0,1,1.0,1,0.13668385402884112,44
978,0,1375,793,582,0,0,0,1.0,1,1.0,1,1.0,1,0.13668385402884112,44
979,1,1376,793,583,0,0,0,1.0,1,1.0,1,1.0,1,0.1539350322706597,45
980,1,1377,794,583,0,0,0,1.0,1,1.0,1,1.0,1,0.15847780298701455,45
981,2,1379,794,585,0,0,0,1.0,1,1.0,1,1.0,1,0.12445865117656922,45
982,3,1382,796,586,0,0,0,1.0,1,1.0,1,1.0,1,0.17745473333392192,46
983,1,1383,797,586,0,0,0,1.0,1,1.0,1,1.0,1,0.18895145205113129,45
984,1,1384,798,586,0,0,0,1.0,1,1.0,1,1.0,1,0.18717148335379458,45
985,5,1389,802,587,0,0,0,1.0,1,1.0,1,1.0,1,0.2348499422132775,45
986,1,1390,802,588,0,0,0,1.0,1,1.0,1,1.0,1,0.2140796158312884,44
987,1,1391,803,588,0,0,0,1.0,1,1.0,1,1.0,1,0.2402810757629176,45
988,2,1393,805,588,0,0,0,1.0,1,1.0,1,1.0,1,0.2971158680406677,44
989,1,1394,805,589,0,0,0,1.0,1,1.0,1,1.0,1,0.2816075166082289,43
990,1,1395,806,589,0,0,0,1.0,1,1.0,1,1.0,1,0.292867445827574,42
991,5,1400,806,594,0,0,0,1.0,1,1.0,1,1.0,1,0.15308931047000932,42
992,0,1400,806,594,0,0,0,1.0,1,1.0,1,1.0,1,0.15197655586860823,43
993,0,1400,806,594,0,0,0,1.0,1,1.0,1,1.0,1,0.15197655586860823,43
994,0,1400,806,594,0,0,0,1.0,1,1.0,1,1.0,1,0.16937633280819467,43
995,0,1400,806,594,0,0,0,1.0,1,1.0,1,1.0,1,0.12283829883752663,43
996,0,1400,806,594,0,0,0,1.0,1,1.0,1,1.0,1,0.13261547840998408,44
997,1,1401,807,594,0,0,0,1.0,1,1.0,1,1.0,1,0.1734716582700328,44
998,1,1402,807,595,0,0,0,1.0,1,1.0,1,1.0,1,0.1755608771423494,45
999,0,1402,807,595,0,0,0,1.0,1,1.0,1,1.0,1,0.18198251607171373,42
1000,0,1402,807,595,0,0,0,1.0,1,1.0,1,1.0,1,0.1714939600980279,43
1001,1,1403,807,596,0,0,0,1.0,1,1.0,1,1.0,1,0.13439292569014272,42
1002,0,1403,807,596,0,0,0,1.0,1,1.0,1,1.0,1,0.14773703431641305,43
1003,1,1404,807,597,0,0,0,1.0,1,1.0,1,1.0,1,0.13699204770005696,43
1004,1,1405,807,598,0,0,0,1.0,1,1.0,1,1.0,1,0.10170117049503698,43
1005,1,1406,807,599,0,0,0,1.0,1,1.0,1,1.0,1,0.09783240756157077,44
1006,1,1407,807,600,0,0,0,1.0,1,1.0,1,1.0,1,0.09556190782298915,46
1007,0,1407,807,600,0,0,0,1.0,1,1.0,1,1.0,1,0.09556190782298915,46
1008,0,1407,807,600,0,0,0,1.0,1,1.0,1,1.0,1,0.10765386779503512,47
1009,1,1408,808,600,0,0,0,1.0,1,1.0,1,1.0,1,0.10269642559473305,48
1010,1,1409,809,600,0,0,0,1.0,1,1.0,1,1.0,1,0.11840380640126816,48
1011,2,1411,810,601,0,0,0,1.0,1,1.0,1,1.0,1,0.12242561392763217,48
1012,2,1413,812,601,0,0,0,1.0,1,1.0,1,1.0,1,0.1593695603454579,49
1013,1,1414,813,601,0,0,0,1.0,1,1.0,1,1.0,1,0.16312188572613492,50
1014,1,1415,814,601,0,0,0,1.0,1,1.0,1,1.0,1,0.1845576374099855,50
1015,1,1416,814,602,0,0,0,1.0,1,1.0,1,1.0,1,0.1736608999860649,51
1016,2,1418,815,603,0,0,0,1.0,1,1.0,1,1.0,1,0.15722913146843523,51
1017,0,1418,815,603,0,0,0,1.0,1,1.0,1,1.0,1,0.16688592825276388,52
1018,1,1419,816,603,0,0,0,1.0,1,1.0,1,1.0,1,0.18383938989078646,52
1019,1,1420,816,604,0,0,0,1.0,1,1.0,1,1.0,1,0.1865457628205046,52
1020,2,1422,816,606,0,0,0,1.0,1,1.0,1,1.0,1,0.16223549370327922,53
1021,0,1422,816,606,0,0,0,1.0,1,1.0,1,1.0,1,0.16833358677688706,53
1022,0,1422,816,606,0,0,0,1.0,1,1.0,1,1.0,1,0.16035339836478885,54
1023,2,1424,816,608,0,0,0,1.0,1,1.0,1,1.0,1,0.10926218411942994,55
1024,0,1424,816,608,0,0,0,1.0,1,1.0,1,1.0,1,0.12806403173635972,55
1025,1,1425,816,609,0,0,0,1.0,1,1.0,1,1.0,1,0.11482349210760437,56
1026,1,1426,816,610,0,0,0,1.0,1,1.0,1,1.0,1,0.10284096505483104,57
1027,0,1426,816,610,0,0,0,1.0,1,1.0,1,1.0,1,0.08253346274315373,58
1028,2,1428,818,610,0,0,0,1.0,1,1.0,1,1.0,1,0.11597798946597544,58
1029,3,1431,819,612,0,0,0,1.0,1,1.0,1,1.0,1,0.11733874074036028,59
1030,0,1431,819,612,0,0,0,1.0,1,1.0,1,1.0,1,0.11223826753521514,60
1031,2,1433,820,613,0,0,0,1.0,1,1.0,1,1.0,1,0.1255708392633379,60
1032,0,1433,820,613,0,0,0,1.0,1,1.0,1,1.0,1,0.13290282834486322,61
1033,0,1433,820,613,0,0,0,1.0,1,1.0,1,1.0,1,0.1389499213484685,60
1034,4,1437,823,614,0,0,0,1.0,1,1.0,1,1.0,1,0.12617847552071604,60
1035,2,1439,825,614,0,0,0,1.0,1,1.0,1,1.0,1,0.16575038228378003,59
1036,3,1442,827,615,0,0,0,1.0,1,1.0,1,1.0,1,0.16278632559097964,60
1037,3,1445,830,615,0,0,0,1.0,1,1.0,1,1.0,1,0.19541513976290067,59
1038,1,1446,831,615,0,0,0,1.0,1,1.0,1,1.0,1,0.19587515216135593,60
1039,4,1450,834,616,0,0,0,1.0,1,1.0,1,1.0,1,0.22877705298660736,60
1040,2,1452,835,617,0,0,0,1.0,1,1.0,1,1.0,1,0.22900933845019567,58
1041,7,1459,836,623,0,0,0,1.0,1,1.0,1,1.0,1,0.1333514183017826,56
1042,0,1459,836,623,0,0,0,1.0,1,1.0,1,1.0,1,0.1277030660362384,55
1043,0,1459,836,623,0,0,0,1.0,1,1.0,1,1.0,1,0.1277030660362384,55
1044,0,1459,836,623,0,0,0,1.0,1,1.0,1,1.0,1,0.11456024477403266,52
1045,0,1459,836,623,0,0,0,1.0,1,1.0,1,1.0,1,0.09384355594903919,52
1046,1,1460,837,623,0,0,0,1.0,1,1.0,1,1.0,1,0.112255060726041,53
1047,1,1461,838,623,0,0,0,1.0,1,1.0,1,1.0,1,0.10745231868082689,54
1048,1,1462,839,623,0,0,0,1.0,1,1.0,1,1.0,1,0.1324245943559793,56
1049,2,1464,841,623,0,0,0,1.0,1,1.0,1,1.0,1,0.15710031399546592,55
1050,1,1465,842,623,0,0,0,1.0,1,1.0,1,1.0,1,0.1336547685222369,56
1051,2,1467,842,625,0,0,0,1.0,1,1.0,1,1.0,1,0.08999758384126579,55
1052,1,1468,842,626,0,0,0,1.0,1,1.0,1,1.0,1,0.0972984162805176,56
1053,1,1469,843,626,0,0,0,1.0,1,1.0,1,1.0,1,0.112953609567699,56
1054,1,1470,844,626,0,0,0,1.0,1,1.0,1,1.0,1,0.09308733351246272,57
1055,1,1471,844,627,0,0,0,1.0,1,1.0,1,1.0,1,0.06627103803808056,58
1056,1,1472,844,628,0,0,0,1.0,1,1.0,1,1.0,1,0.05541091320786368,59
1057,0,1472,844,628,0,0,0,1.0,1,1.0,1,1.0,1,0.06997217476593584,60
1058,1,1473,845,628,0,0,0,1.0,1,1.0,1,1.0,1,0.09472082043875438,60
1059,3,1476,846,630,0,0,0,1.0,1,1.0,1,1.0,1,0.09324003065441865,60
1060,3,1479,847,632,0,0,0,1.0,1,1.0,1,1.0,1,0.09777600972324188,60
1061,6,1485,851,634,0,0,0,1.0,1,1.0,1,1.0,1,0.08060506687563711,59
1062,0,1485,851,634,0,0,0,1.0,1,1.0,1,1.0,1,0.08835351399438288,59
1063,1,1486,852,634,0,0,0,1.0,1,1.0,1,1.0,1,0.10079297147429808,58
1064,3,1489,854,635,0,0,0,1.0,1,1.0,1,1.0,1,0.152273641043613,58
1065,0,1489,854,635,0,0,0,1.0,1,1.0,1,1.0,1,0.13900721441231426,60
1066,0,1489,854,635,0,0,0,1.0,1,1.0,1,1.0,1,0.17180278124725876,58
1067,3,1492,856,636,0,0,0,1.0,1,1.0,1,1.0,1,0.18392152896464092,59
1068,0,1492,856,636,0,0,0,1.0,1,1.0,1,1.0,1,0.18392152896464092,59
1069,0,1492,856,636,0,0,0,1.0,1,1.0,1,1.0,1,0.21326539494850108,58
1070,3,1495,857,638,0,0,0,1.0,1,1.0,1,1.0,1,0.17982361429288038,58
1071,5,1500,857,643,0,0,0,1.0,1,1.0,1,1.0,1,0.1437374949437439,57
1072,2,1502,858,644,0,0,0,1.0,1,1.0,1,1.0,1,0.1381074114042784,56
1073,1,1503,858,645,0,0,0,1.0,1,1.0,1,1.0,1,0.15760627836041025,54
1074,2,1505,859,646,0,0,0,1.0,1,1.0,1,1.0,1,0.1487564403351106,54
1075,2,1507,861,646,0,0,0,1.0,1,1.0,1,1.0,1,0.15303443343020193,51
1076,1,1508,862,646,0,0,0,1.0,1,1.0,1,1.0,1,0.17010223333030008,51
1077,2,1510,864,646,0,0,0,1.0,1,1.0,1,1.0,1,0.18146342986728198,51
1078,1,1511,865,646,0,0,0,1.0,1,1.0,1,1.0,1,0.19334315070478814,52
1079,3,1514,868,646,0,0,0,1.0,1,1.0,1,1.0,1,0.21296425367185048,51
1080,2,1516,870,646,0,0,0,1.0,1,1.0,1,1.0,1,0.24022484370713554,51
1081,4,1520,871,649,0,0,0,1.0,1,1.0,1,1.0,1,0.23180565295181435,48
1082,1,1521,872,649,0,0,0,1.0,1,1.0,1,1.0,1,0.24668623986199503,47
1083,4,1525,873,652,0,0,0,1.0,1,1.0,1,1.0,1,0.24442400194299777,46
1084,0,1525,873,652,0,0,0,1.0,1,1.0,1,1.0,1,0.23555418899999692,45
1085,1,1526,873,653,0,0,0,1.0,1,1.0,1,1.0,1,0.20585102073123182,46
1086,1,1527,873,654,0,0,0,1.0,1,1.0,1,1.0,1,0.185872747284018,45
1087,0,1527,873,654,0,0,0,1.0,1,1.0,1,1.0,1,0.21324700508297548,44
1088,0,1527,873,654,0,0,0,1.0,1,1.0,1,1.0,1,0.20241855412956317,45
1089,2,1529,875,654,0,0,0,1.0,1,1.0,1,1.0,1,0.20190011836354768,46
1090,0,1529,875,654,0,0,0,1.0,1,1.0,1,1.0,1,0.2025903135213416,47
1091,2,1531,876,655,0,0,0,1.0,1,1.0,1,1.0,1,0.17449963754120668,47
1092,0,1531,876,655,0,0,0,1.0,1,1.0,1,1.0,1,0.16841225636641557,48
1093,2,1533,877,656,0,0,0,1.0,1,1.0,1,1.0,1,0.15216871491157632,48
1094,3,1536,879,657,0,0,0,1.0,1,1.0,1,1.0,1,0.20058383077776326,48
1095,1,1537,879,658,0,0,0,1.0,1,1.0,1,1.0,1,0.20522574484341133,49
1096,1,1538,880,658,0,0,0,1.0,1,1.0,1,1.0,1,0.22617312684202776,49
1097,2,1540,881,659,0,0,0,1.0,1,1.0,1,1.0,1,0.23450373396341814,50
1098,1,1541,881,660,0,0,0,1.0,1,1.0,1,1.0,1,0.22940466138207238,51
1099,2,1543,881,662,0,0,0,1.0,1,1.0,1,1.0,1,0.18833415124187525,54
1100,0,1543,881,662,0,0,0,1.0,1,1.0,1,1.0,1,0.18833415124187525,54
1101,3,1546,881,665,0,0,0,1.0,1,1.0,1,1.0,1,0.15946921196552313,54
1102,1,1547,881,666,0,0,0,1.0,1,1.0,1,1.0,1,0.12616794214029217,54
1103,0,1547,881,666,0,0,0,1.0,1,1.0,1,1.0,1,0.14312873367872428,53
1104,4,1551,883,668,0,0,0,1.0,1,1.0,1,1.0,1,0.12975846720213535,53
1105,0,1551,883,668,0,0,0,1.0,1,1.0,1,1.0,1,0.14275328747014052,52
1106,0,1551,883,668,0,0,0,1.0,1,1.0,1,1.0,1,0.17597553374023459,52
1107,1,1552,883,669,0,0,0,1.0,1,1.0,1,1.0,1,0.18646268307799757,52
1108,0,1552,883,669,0,0,0,1.0,1,1.0,1,1.0,1,0.19128069837378778,51
1109,4,1556,886,670,0,0,0,1.0,1,1.0,1,1.0,1,0.19284689980230488,49
1110,0,1556,886,670,0,0,0,1.0,1,1.0,1,1.0,1,0.20396175278270548,48
1111,5,1561,888,673,0,0,0,1.0,1,1.0,1,1.0,1,0.21462326639006227,47
1112,3,1564,889,675,0,0,0,1.0,1,1.0,1,1.0,1,0.2499898355768224,46
1113,2,1566,890,676,0,0,0,1.0,1,1.0,1,1.0,1,0.2673216146991596,43
1114,0,1566,890,676,0,0,0,1.0,1,1.0,1,1.0,1,0.2794524689207027,41
1115,2,1568,892,676,0,0,0,1.0,1,1.0,1,1.0,1,0.25555997961600263,40
1116,1,1569,892,677,0,0,0,1.0,1,1.0,1,1.0,1,0.23339423897399694,39
1117,2,1571,894,677,0,0,0,1.0,1,1.0,1,1.0,1,0.22982379624862267,40
1118,0,1571,894,677,0,0,0,1.0,1,1.0,1,1.0,1,0.21642266622744538,40
1119,0,1571,894,677,0,0,0,1.0,1,1.0,1,1.0,1,0.21642266622744538,40
1120,0,1571,894,677,0,0,0,1.0,1,1.0,1,1.0,1,0.21642266622744538,40
1121,2,1573,896,677,0,0,0,1.0,1,1.0,1,1.0,1,0.26864259051510825,40
1122,1,1574,896,678,0,0,0,1.0,1,1.0,1,1.0,1,0.2634879427885394,41
1123,3,1577,898,679,0,0,0,1.0,1,1.0,1,1.0,1,0.3157562759264139,41
1124,2,1579,898,681,0,0,0,1.0,1,1.0,1,1.0,1,0.2845465702778475,41
1125,3,1582,899,683,0,0,0,1.0,1,1.0,1,1.0,1,0.305256692552924,41
1126,1,1583,899,684,0,0,0,1.0,1,1.0,1,1.0,1,0.27028551479362495,41
1127,0,1583,899,684,0,0,0,1.0,1,1.0,1,1.0,1,0.27028551479362495,41
1128,1,1584,899,685,0,0,0,1.0,1,1.0,1,1.0,1,0.2695268773557396,42
1129,1,1585,900,685,0,0,0,1.0,1,1.0,1,1.0,1,0.28937780393304424,42
1130,0,1585,900,685,0,0,0,1.0,1,1.0,1,1.0,1,0.28937780393304424,42
1131,4,1589,901,688,0,0,0,1.0,1,1.0,1,1.0,1,0.23309763529958394,42
1132,0,1589,901,688,0,0,0,1.0,1,1.0,1,1.0,1,0.20517718463779452,43
1133,0,1589,901,688,0,0,0,1.0,1,1.0,1,1.0,1,0.19366294541720652,45
1134,0,1589,901,688,0,0,0,1.0,1,1.0,1,1.0,1,0.201517561605913,46
1135,1,1590,901,689,0,0,0,1.0,1,1.0,1,1.0,1,0.19870186546826366,45
1136,1,1591,901,690,0,0,0,1.0,1,1.0,1,1.0,1,0.1913982837841446,48
1137,0,1591,901,690,0,0,0,1.0,1,1.0,1,1.0,1,0.20083505724514222,49
1138,4,1595,901,694,0,0,0,1.0,1,1.0,1,1.0,1,0.15175511148088663,49
1139,1,1596,901,695,0,0,0,1.0,1,1.0,1,1.0,1,0.17597117535229814,49
1140,0,1596,901,695,0,0,0,1.0,1,1.0,1,1.0,1,0.17597117535229814,49
1141,5,1601,902,699,0,0,0,1.0,1,1.0,1,1.0,1,0.18198020762108152,48
1142,2,1603,903,700,0,0,0,1.0,1,1.0,1,1.0,1,0.15946867820088936,48
1143,3,1606,904,702,0,0,0,1.0,1,1.0,1,1.0,1,0.1760392701321702,48
1144,0,1606,904,702,0,0,0,1.0,1,1.0,1,1.0,1,0.16756877603615059,48
1145,0,1606,904,702,0,0,0,1.0,1,1.0,1,1.0,1,0.19404073583825376,48
1146,1,1607,904,703,0,0,0,1.0,1,1.0,1,1.0,1,0.20404244644324154,48
1147,0,1607,904,703,0,0,0,1.0,1,1.0,1,1.0,1,0.25512673503551003,46
1148,0,1607,904,703,0,0,0,1.0,1,1.0,1,1.0,1,0.25512673503551003,46
1149,0,1607,904,703,0,0,0,1.0,1,1.0,1,1.0,1,0.3044552279428069,45
1150,2,1609,905,704,0,0,0,1.0,1,1.0,1,1.0,1,0.28463292621046277,46
1151,8,1617,907,710,0,0,0,1.0,1,1.0,1,1.0,1,0.24159994336024107,44
1152,0,1617,907,710,0,0,0,1.0,1,1.0,1,1.0,1,0.2162198958049409,44
1153,3,1620,910,710,0,0,0,1.0,1,1.0,1,1.0,1,0.2913633619160871,43
1154,2,1622,910,712,0,0,0,1.0,1,1.0,1,1.0,1,0.2574915721064807,43
1155,3,1625,911,714,0,0,0,1.0,1,1.0,1,1.0,1,0.26987708546305417,43
1156,2,1627,911,716,0,0,0,1.0,1,1.0,1,1.0,1,0.23119904178778722,42
1157,0,1627,911,716,0,0,0,1.0,1,1.0,1,1.0,1,0.23246155862873222,42
1158,0,1627,911,716,0,0,0,1.0,1,1.0,1,1.0,1,0.21996446123210836,41
1159,0,1627,911,716,0,0,0,1.0,1,1.0,1,1.0,1,0.21937667492305707,41
1160,0,1627,911,716,0,0,0,1.0,1,1.0,1,1.0,1,0.21937667492305707,41
1161,2,1629,911,718,0,0,0,1.0,1,1.0,1,1.0,1,0.19896978523279746,42
1162,0,1629,911,718,0,0,0,1.0,1,1.0,1,1.0,1,0.18826832334547913,43
1163,0,1629,911,718,0,0,0,1.0,1,1.0,1,1.0,1,0.18826832334547913,43
1164,0,1629,911,718,0,0,0,1.0,1,1.0,1,1.0,1,0.1732286914957865,44
1165,0,1629,911,718,0,0,0,1.0,1,1.0,1,1.0,1,0.1732286914957865,44
1166,4,1633,912,721,0,0,0,1.0,1,1.0,1,1.0,1,0.13521155609021662,46
1167,2,1635,913,722,0,0,0,1.0,1,1.0,1,1.0,1,0.1363902429230195,46
1168,2,1637,913,724,0,0,0,1.0,1,1.0,1,1.0,1,0.1071230119657246,47
1169,0,1637,913,724,0,0,0,1.0,1,1.0,1,1.0,1,0.08973088780171845,46
1170,1,1638,913,725,0,0,0,1.0,1,1.0,1,1.0,1,0.08453657443890142,48
1171,2,1640,914,726,0,0,0,1.0,1,1.0,1,1.0,1,0.10393035776192587,49
1172,0,1640,914,726,0,0,0,1.0,1,1.0,1,1.0,1,0.10393035776192587,49
1173,0,1640,914,726,0,0,0,1.0,1,1.0,1,1.0,1,0.10393035776192587,49
1174,1,1641,915,726,0,0,0,1.0,1,1.0,1,1.0,1,0.12548857374441744,49
1175,1,1642,915,727,0,0,0,1.0,1,1.0,1,1.0,1,0.12360213940563028,50
1176,1,1643,915,728,0,0,0,1.0,1,1.0,1,1.0,1,0.12483205005894184,52
1177,3,1646,917,729,0,0,0,1.0,1,1.0,1,1.0,1,0.1493030615787356,52
1178,2,1648,917,731,0,0,0,1.0,1,1.0,1,1.0,1,0.1493030615787356,52
1179,2,1650,917,733,0,0,0,1.0,1,1.0,1,1.0,1,0.13004019887495716,53
1180,3,1653,918,735,0,0,0,1.0,1,1.0,1,1.0,1,0.16184983512873258,54
1181,1,1654,918,736,0,0,0,1.0,1,1.0,1,1.0,1,0.1551555228156573,55
1182,0,1654,918,736,0,0,0,1.0,1,1.0,1,1.0,1,0.1551555228156573,55
1183,1,1655,919,736,0,0,0,1.0,1,1.0,1,1.0,1,0.19625338814229137,53
1184,1,1656,920,736,0,0,0,1.0,1,1.0,1,1.0,1,0.20288541974436314,54
1185,0,1656,920,736,0,0,0,1.0,1,1.0,1,1.0,1,0.2126553460134659,53
1186,3,1659,921,738,0,0,0,1.0,1,1.0,1,1.0,1,0.22258626310830543,54
1187,1,1660,922,738,0,0,0,1.0,1,1.0,1,1.0,1,0.26143153949234066,55
1188,2,1662,922,740,0,0,0,1.0,1,1.0,1,1.0,1,0.2622758844578651,55
1189,2,1664,922,742,0,0,0,1.0,1,1.0,1,1.0,1,0.2626351296057376,54
1190,1,1665,922,743,0,0,0,1.0,1,1.0,1,1.0,1,0.23952837702866903,55
1191,4,1669,922,747,0,0,0,1.0,1,1.0,1,1.0,1,0.18940202678905202,54
1192,1,1670,922,748,0,0,0,1.0,1,1.0,1,1.0,1,0.1534325339548085,52
1193,0,1670,922,748,0,0,0,1.0,1,1.0,1,1.0,1,0.16342526327714263,53
1194,0,1670,922,748,0,0,0,1.0,1,1.0,1,1.0,1,0.16342526327714263,53
1195,0,1670,922,748,0,0,0,1.0,1,1.0,1,1.0,1,0.1481813031207608,54
1196,0,1670,922,748,0,0,0,1.0,1,1.0,1,1.0,1,0.1640054658382356,56
1197,2,1672,924,748,0,0,0,1.0,1,1.0,1,1.0,1,0.16789268830422288,56
1198,3,1675,925,750,0,0,0,1.0,1,1.0,1,1.0,1,0.14168101704983457,58
1199,3,1678,926,752,0,0,0,1.0,1,1.0,1,1.0,1,0.1455653021857886,58
1200,0,1678,926,752,0,0,0,1.0,1,1.0,1,1.0,1,0.1455653021857886,58
1201,4,1682,927,755,0,0,0,1.0,1,1.0,1,1.0,1,0.14933543481890238,58
1202,1,1683,927,756,0,0,0,1.0,1,1.0,1,1.0,1,0.1159674907717408,60
1203,0,1683,927,756,0,0,0,1.0,1,1.0,1,1.0,1,0.1270507791415504,58
1204,2,1685,928,757,0,0,0,1.0,1,1.0,1,1.0,1,0.1431011763463088,59
1205,1,1686,929,757,0,0,0,1.0,1,1.0,1,1.0,1,0.1662765398282057,59
1206,0,1686,929,757,0,0,0,1.0,1,1.0,1,1.0,1,0.18300491837862037,58
1207,2,1688,930,758,0,0,0,1.0,1,1.0,1,1.0,1,0.16596320113990656,60
1208,1,1689,930,759,0,0,0,1.0,1,1.0,1,1.0,1,0.15499826053010893,60
1209,1,1690,931,759,0,0,0,1.0,1,1.0,1,1.0,1,0.15693488515595078,61
1210,0,1690,931,759,0,0,0,1.0,1,1.0,1,1.0,1,0.15693488515595078,61
1211,5,1695,932,763,0,0,0,1.0,1,1.0,1,1.0,1,0.10227746636502746,63
1212,0,1695,932,763,0,0,0,1.0,1,1.0,1,1.0,1,0.10227746636502746,63
1213,0,1695,932,763,0,0,0,1.0,1,1.0,1,1.0,1,0.10227746636502746,63
1214,3,1698,934,764,0,0,0,1.0,1,1.0,1,1.0,1,0.17351386955968343,62
1215,2,1700,934,766,0,0,0,1.0,1,1.0,1,1.0,1,0.1526557860544121,63
1216,2,1702,935,767,0,0,0,1.0,1,1.0,1,1.0,1,0.18798109675283814,64
1217,1,1703,935,768,0,0,0,1.0,1,1.0,1,1.0,1,0.17970505371343856,65
1218,1,1704,935,769,0,0,0,1.0,1,1.0,1,1.0,1,0.1869945371621137,64
1219,0,1704,935,769,0,0,0,1.0,1,1.0,1,1.0,1,0.1955228372631374,65
1220,0,1704,935,769,0,0,0,1.0,1,1.0,1,1.0,1,0.20677899998731172,64
1221,6,1710,936,774,0,0,0,1.0,1,1.0,1,1.0,1,0.15841050208100138,65
1222,1,1711,936,775,0,0,0,1.0,1,1.0,1,1.0,1,0.1440308083943794,66
1223,0,1711,936,775,0,0,0,1.0,1,1.0,1,1.0,1,0.1541803647546392,64
1224,1,1712,937,775,0,0,0,1.0,1,1.0,1,1.0,1,0.14112905064548,66
1225,1,1713,938,775,0,0,0,1.0,1,1.0,1,1.0,1,0.1725775843117514,66
1226,4,1717,940,777,0,0,0,1.0,1,1.0,1,1.0,1,0.1760070873302206,68
1227,1,1718,941,777,0,0,0,1.0,1,1.0,1,1.0,1,0.1730828364394041,64
1228,0,1718,941,777,0,0,0,1.0,1,1.0,1,1.0,1,0.18670050924194215,62
1229,1,1719,942,777,0,0,0,1.0,1,1.0,1,1.0,1,0.16802318082597595,61
1230,0,1719,942,777,0,0,0,1.0,1,1.0,1,1.0,1,0.19247987451176746,58
1231,4,1723,942,781,0,0,0,1.0,1,1.0,1,1.0,1,0.13750167924006212,57
1232,1,1724,943,781,0,0,0,1.0,1,1.0,1,1.0,1,0.15747687571149846,53
1233,1,1725,944,781,0,0,0,1.0,1,1.0,1,1.0,1,0.17971743002413026,53
1234,1,1726,944,782,0,0,0,1.0,1,1.0,1,1.0,1,0.16013119708399715,54
1235,0,1726,944,782,0,0,0,1.0,1,1.0,1,1.0,1,0.18783190631012617,55
1236,2,1728,946,782,0,0,0,1.0,1,1.0,1,1.0,1,0.21241568985046266,55
1237,1,1729,946,783,0,0,0,1.0,1,1.0,1,1.0,1,0.2006211880076526,55
1238,1,1730,947,783,0,0,0,1.0,1,1.0,1,1.0,1,0.2071578529846112,54
1239,0,1730,947,783,0,0,0,1.0,1,1.0,1,1.0,1,0.20556490339283448,55
1240,1,1731,948,783,0,0,0,1.0,1,1.0,1,1.0,1,0.2078881213343424,55
1241,3,1734,948,786,0,0,0,1.0,1,1.0,1,1.0,1,0.15153587710658903,54
1242,0,1734,948,786,0,0,0,1.0,1,1.0,1,1.0,1,0.1604764922571831,54
1243,0,1734,948,786,0,0,0,1.0,1,1.0,1,1.0,1,0.16252510587375227,55
1244,1,1735,948,787,0,0,0,1.0,1,1.0,1,1.0,1,0.16232449417295478,55
1245,3,1738,949,789,0,0,0,1.0,1,1.0,1,1.0,1,0.16757067371941103,55
1246,1,1739,949,790,0,0,0,1.0,1,1.0,1,1.0,1,0.18110289842371233,55
1247,2,1741,950,791,0,0,0,1.0,1,1.0,1,1.0,1,0.21049698952881948,57
1248,0,1741,950,791,0,0,0,1.0,1,1.0,1,1.0,1,0.22281278822494135,56
1249,6,1747,954,793,0,0,0,1.0,1,1.0,1,1.0,1,0.2430547660527925,56
1250,3,1750,956,794,0,0,0,1.0,1,1.0,1,1.0,1,0.21807999155697882,56
1251,8,1758,956,802,0,0,0,1.0,1,1.0,1,1.0,1,0.14668602354933946,58
1252,0,1758,956,802,0,0,0,1.0,1,1.0,1,1.0,1,0.14668602354933946,58
1253,2,1760,958,802,0,0,0,1.0,1,1.0,1,1.0,1,0.1743897944454181,58
1254,0,1760,958,802,0,0,0,1.0,1,1.0,1,1.0,1,0.14886970263548285,60
1255,2,1762,958,804,0,0,0,1.0,1,1.0,1,1.0,1,0.14375660264839588,61
1256,0,1762,958,804,0,0,0,1.0,1,1.0,1,1.0,1,0.14375660264839588,61
1257,2,1764,959,805,0,0,0,1.0,1,1.0,1,1.0,1,0.17804295442685789,62
1258,3,1767,959,808,0,0,0,1.0,1,1.0,1,1.0,1,0.16437033192338416,63
1259,0,1767,959,808,0,0,0,1.0,1,1.0,1,1.0,1,0.16437033192338416,63
1260,2,1769,959,810,0,0,0,1.0,1,1.0,1,1.0,1,0.1554928948678393,63
1261,3,1772,959,813,0,0,0,1.0,1,1.0,1,1.0,1,0.1339050072168241,63
1262,1,1773,959,814,0,0,0,1.0,1,1.0,1,1.0,1,0.13388361211024272,64
1263,1,1774,960,814,0,0,0,1.0,1,1.0,1,1.0,1,0.16854441140440837,63
1264,2,1776,960,816,0,0,0,1.0,1,1.0,1,1.0,1,0.14129832441343676,63
1265,2,1778,962,816,0,0,0,1.0,1,1.0,1,1.0,1,0.18982409897359429,60
1266,1,1779,963,816,0,0,0,1.0,1,1.0,1,1.0,1,0.18081610131045173,61
1267,1,1780,964,816,0,0,0,1.0,1,1.0,1,1.0,1,0.1996473878819738,58
1268,1,1781,965,816,0,0,0,1.0,1,1.0,1,1.0,1,0.24014144926853115,54
1269,4,1785,967,818,0,0,0,1.0,1,1.0,1,1.0,1,0.16340725211069285,54
1270,0,1785,967,818,0,0,0,1.0,1,1.0,1,1.0,1,0.15865616111726288,51
1271,2,1787,967,820,0,0,0,1.0,1,1.0,1,1.0,1,0.1286894575494942,50
1272,0,1787,967,820,0,0,0,1.0,1,1.0,1,1.0,1,0.14826443605477416,47
1273,0,1787,967,820,0,0,0,1.0,1,1.0,1,1.0,1,0.14826443605477416,47
1274,1,1788,967,821,0,0,0,1.0,1,1.0,1,1.0,1,0.15407613229927566,49
1275,3,1791,969,822,0,0,0,1.0,1,1.0,1,1.0,1,0.18138547448567663,48
1276,1,1792,970,822,0,0,0,1.0,1,1.0,1,1.0,1,0.20915780054114783,49
1277,6,1798,974,824,0,0,0,1.0,1,1.0,1,1.0,1,0.21798809928701512,50
1278,3,1801,974,827,0,0,0,1.0,1,1.0,1,1.0,1,0.205724570327917,51
1279,0,1801,974,827,0,0,0,1.0,1,1.0,1,1.0,1,0.205724570327917,51
1280,0,1801,974,827,0,0,0,1.0,1,1.0,1,1.0,1,0.1944851484246533,52
1281,4,1805,974,831,0,0,0,1.0,1,1.0,1,1.0,1,0.16612420293024735,52
1282,0,1805,974,831,0,0,0,1.0,1,1.0,1,1.0,1,0.16612420293024735,52
1283,1,1806,975,831,0,0,0,1.0,1,1.0,1,1.0,1,0.2026463186396743,52
1284,2,1808,976,832,0,0,0,1.0,1,1.0,1,1.0,1,0.2140468533747454,52
1285,2,1810,976,834,0,0,0,1.0,1,1.0,1,1.0,1,0.22711601290583436,51
1286,1,1811,976,835,0,0,0,1.0,1,1.0,1,1.0,1,0.23032241368472403,52
1287,2,1813,977,836,0,0,0,1.0,1,1.0,1,1.0,1,0.24994989641565984,54
1288,3,1816,978,838,0,0,0,1.0,1,1.0,1,1.0,1,0.2228338368213492,55
1289,0,1816,978,838,0,0,0,1.0,1,1.0,1,1.0,1,0.21149048356439434,56
1290,1,1817,979,838,0,0,0,1.0,1,1.0,1,1.0,1,0.1827168398435347,57
1291,5,1822,979,843,0,0,0,1.0,1,1.0,1,1.0,1,0.14172552742100736,58
1292,1,1823,980,843,0,0,0,1.0,1,1.0,1,1.0,1,0.12912567302974723,59
1293,1,1824,980,844,0,0,0,1.0,1,1.0,1,1.0,1,0.1220575936897398,59
1294,0,1824,980,844,0,0,0,1.0,1,1.0,1,1.0,1,0.1220575936897398,59
1295,0,1824,980,844,0,0,0,1.0,1,1.0,1,1.0,1,0.1220575936897398,59
1296,0,1824,980,844,0,0,0,1.0,1,1.0,1,1.0,1,0.15028018893710507,59
1297,2,1826,980,846,0,0,0,1.0,1,1.0,1,1.0,1,0.13198813628845937,61
1298,0,1826,980,846,0,0,0,1.0,1,1.0,1,1.0,1,0.15301427218280317,61
1299,0,1826,980,846,0,0,0,1.0,1,1.0,1,1.0,1,0.16323359934025178,60
1300,0,1826,980,846,0,0,0,1.0,1,1.0,1,1.0,1,0.16214188460541404,59
1301,7,1833,981,852,0,0,0,1.0,1,1.0,1,1.0,1,0.1543211927566387,59
1302,0,1833,981,852,0,0,0,1.0,1,1.0,1,1.0,1,0.1543211927566387,59
1303,2,1835,983,852,0,0,0,1.0,1,1.0,1,1.0,1,0.1967465510964126,55
1304,1,1836,984,852,0,0,0,1.0,1,1.0,1,1.0,1,0.17305080369901515,56
1305,1,1837,985,852,0,0,0,1.0,1,1.0,1,1.0,1,0.20085878955678846,54
1306,1,1838,986,852,0,0,0,1.0,1,1.0,1,1.0,1,0.1953033615526718,53
1307,2,1840,988,852,0,0,0,1.0,1,1.0,1,1.0,1,0.2115382051581438,52
1308,2,1842,990,852,0,0,0,1.0,1,1.0,1,1.0,1,0.2586519903295832,52
1309,3,1845,991,854,0,0,0,1.0,1,1.0,1,1.0,1,0.25996904404282767,54
1310,1,1846,992,854,0,0,0,1.0,1,1.0,1,1.0,1,0.28451524859970767,52
1311,4,1850,993,857,0,0,0,1.0,1,1.0,1,1.0,1,0.23913079543289337,51
1312,3,1853,994,859,0,0,0,1.0,1,1.0,1,1.0,1,0.2645816743410805,49
1313,0,1853,994,859,0,0,0,1.0,1,1.0,1,1.0,1,0.26788624377019327,47
1314,0,1853,994,859,0,0,0,1.0,1,1.0,1,1.0,1,0.2540498682022931,46
1315,0,1853,994,859,0,0,0,1.0,1,1.0,1,1.0,1,0.2669862324057146,45
1316,0,1853,994,859,0,0,0,1.0,1,1.0,1,1.0,1,0.251802025840443,46
1317,1,1854,995,859,0,0,0,1.0,1,1.0,1,1.0,1,0.23012770822078532,45
1318,1,1855,995,860,0,0,0,1.0,1,1.0,1,1.0,1,0.22099873268842665,46
1319,1,1856,996,860,0,0,0,1.0,1,1.0,1,1.0,1,0.22575953454995185,46
1320,1,1857,996,861,0,0,0,1.0,1,1.0,1,1.0,1,0.22658760525970387,46
1321,5,1862,996,866,0,0,0,1.0,1,1.0,1,1.0,1,0.14257449861895638,48
1322,2,1864,996,868,0,0,0,1.0,1,1.0,1,1.0,1,0.12029893035783576,49
1323,0,1864,996,868,0,0,0,1.0,1,1.0,1,1.0,1,0.12336254531324169,49
1324,0,1864,996,868,0,0,0,1.0,1,1.0,1,1.0,1,0.14075233374912857,50
1325,0,1864,996,868,0,0,0,1.0,1,1.0,1,1.0,1,0.15610706100964994,49
1326,2,1866,997,869,0,0,0,1.0,1,1.0,1,1.0,1,0.20419911931373927,50
1327,5,1871,998,873,0,0,0,1.0,1,1.0,1,1.0,1,0.19016415024986902,50
1328,0,1871,998,873,0,0,0,1.0,1,1.0,1,1.0,1,0.20889531588952695,49
1329,0,1871,998,873,0,0,0,1.0,1,1.0,1,1.0,1,0.20970927902368675,50
1330,1,1872,998,874,0,0,0,1.0,1,1.0,1,1.0,1,0.20184459383854308,50
1331,4,1876,999,877,0,0,0,1.0,1,1.0,1,1.0,1,0.19129727074492864,50
1332,2,1878,999,879,0,0,0,1.0,1,1.0,1,1.0,1,0.16676780347301828,51
1333,1,1879,999,880,0,0,0,1.0,1,1.0,1,1.0,1,0.1617071913244814,52
1334,1,1880,999,881,0,0,0,1.0,1,1.0,1,1.0,1,0.16416902904837596,54
1335,1,1881,999,882,0,0,0,1.0,1,1.0,1,1.0,1,0.1533163627906795,54
1336,0,1881,999,882,0,0,0,1.0,1,1.0,1,1.0,1,0.1430820108769211,56
1337,3,1884,1001,883,0,0,0,1.0,1,1.0,1,1.0,1,0.206765853665069,57
1338,3,1887,1002,885,0,0,0,1.0,1,1.0,1,1.0,1,0.19547016863034603,57
1339,3,1890,1004,886,0,0,0,1.0,1,1.0,1,1.0,1,0.23284478608562298,58
1340,3,1893,1004,889,0,0,0,1.0,1,1.0,1,1.0,1,0.2337357521980793,59
1341,2,1895,1004,891,0,0,0,1.0,1,1.0,1,1.0,1,0.19464820234806346,57
1342,0,1895,1004,891,0,0,0,1.0,1,1.0,1,1.0,1,0.17805925961742824,57
1343,0,1895,1004,891,0,0,0,1.0,1,1.0,1,1.0,1,0.171840658349775,55
1344,0,1895,1004,891,0,0,0,1.0,1,1.0,1,1.0,1,0.1605062633852725,54
1345,0,1895,1004,891,0,0,0,1.0,1,1.0,1,1.0,1,0.17137531787511925,53
1346,0,1895,1004,891,0,0,0,1.0,1,1.0,1,1.0,1,0.1703146935113191,53
1347,1,1896,1005,891,0,0,0,1.0,1,1.0,1,1.0,1,0.17221512392375576,51
1348,0,1896,1005,891,0,0,0,1.0,1,1.0,1,1.0,1,0.18739604702633164,52
1349,0,1896,1005,891,0,0,0,1.0,1,1.0,1,1.0,1,0.20496712761929117,50
1350,1,1897,1006,891,0,0,0,1.0,1,1.0,1,1.0,1,0.19009901979645258,51
1351,3,1900,1006,894,0,0,0,1.0,1,1.0,1,1.0,1,0.17914438294961868,50
1352,1,1901,1006,895,0,0,0,1.0,1,1.0,1,1.0,1,0.1630633606499493,50
1353,0,1901,1006,895,0,0,0,1.0,1,1.0,1,1.0,1,0.1630633606499493,50
1354,1,1902,1006,896,0,0,0,1.0,1,1.0,1,1.0,1,0.17221546031588972,51
1355,2,1904,1007,897,0,0,0,1.0,1,1.0,1,1.0,1,0.13663499458942935,53
1356,1,1905,1008,897,0,0,0,1.0,1,1.0,1,1.0,1,0.17381347188893725,52
1357,1,1906,1008,898,0,0,0,1.0,1,1.0,1,1.0,1,0.17196335799466683,52
1358,1,1907,1009,898,0,0,0,1.0,1,1.0,1,1.0,1,0.17212742614309198,53
1359,3,1910,1011,899,0,0,0,1.0,1,1.0,1,1.0,1,0.19321677911342106,54
1360,1,1911,1012,899,0,0,0,1.0,1,1.0,1,1.0,1,0.18646051574017122,55
1361,4,1915,1013,902,0,0,0,1.0,1,1.0,1,1.0,1,0.14843449105086215,55
1362,0,1915,1013,902,0,0,0,1.0,1,1.0,1,1.0,1,0.1303929583910707,56
1363,0,1915,1013,902,0,0,0,1.0,1,1.0,1,1.0,1,0.1303929583910707,56
1364,1,1916,1013,903,0,0,0,1.0,1,1.0,1,1.0,1,0.12219017264888557,55
1365,1,1917,1013,904,0,0,0,1.0,1,1.0,1,1.0,1,0.1200660951001463,56
1366,1,1918,1013,905,0,0,0,1.0,1,1.0,1,1.0,1,0.12039547727198298,57
1367,0,1918,1013,905,0,0,0,1.0,1,1.0,1,1.0,1,0.12039547727198298,57
1368,2,1920,1013,907,0,0,0,1.0,1,1.0,1,1.0,1,0.11572587260039921,58
1369,2,1922,1015,907,0,0,0,1.0,1,1.0,1,1.0,1,0.13685075594976892,59
1370,2,1924,1017,907,0,0,0,1.0,1,1.0,1,1.0,1,0.1482710650978141,60
1371,5,1929,1017,912,0,0,0,1.0,1,1.0,1,1.0,1,0.08084292298126175,59
1372,1,1930,1018,912,0,0,0,1.0,1,1.0,1,1.0,1,0.08919622104886639,59
1373,2,1932,1019,913,0,0,0,1.0,1,1.0,1,1.0,1,0.0951861773495874,59
1374,1,1933,1020,913,0,0,0,1.0,1,1.0,1,1.0,1,0.10148279624426162,59
1375,2,1935,1020,915,0,0,0,1.0,1,1.0,1,1.0,1,0.10354940539823827,62
1376,1,1936,1021,915,0,0,0,1.0,1,1.0,1,1.0,1,0.12665694006481992,61
1377,1,1937,1021,916,0,0,0,1.0,1,1.0,1,1.0,1,0.12318076485963668,63
1378,3,1940,1023,917,0,0,0,1.0,1,1.0,1,1.0,1,0.17569145028188496,62
1379,5,1945,1026,919,0,0,0,1.0,1,1.0,1,1.0,1,0.21814778896829298,61
1380,1,1946,1026,920,0,0,0,1.0,1,1.0,1,1.0,1,0.20075563608811262,60
1381,6,1952,1027,925,0,0,0,1.0,1,1.0,1,1.0,1,0.1909494643351239,58
1382,0,1952,1027,925,0,0,0,1.0,1,1.0,1,1.0,1,0.17572529579048948,56
1383,1,1953,1027,926,0,0,0,1.0,1,1.0,1,1.0,1,0.15518717503455257,57
1384,0,1953,1027,926,0,0,0,1.0,1,1.0,1,1.0,1,0.1587830075021776,55
1385,0,1953,1027,926,0,0,0,1.0,1,1.0,1,1.0,1,0.19359911469303404,55
1386,0,1953,1027,926,0,0,0,1.0,1,1.0,1,1.0,1,0.18713285671044722,54
1387,0,1953,1027,926,0,0,0,1.0,1,1.0,1,1.0,1,0.2043974868308295,53
1388,2,1955,1029,926,0,0,0,1.0,1,1.0,1,1.0,1,0.24167237059102104,52
1389,0,1955,1029,926,0,0,0,1.0,1,1.0,1,1.0,1,0.2575055924167074,52
1390,1,1956,1029,927,0,0,0,1.0,1,1.0,1,1.0,1,0.2625382022081001,51
1391,6,1962,1029,933,0,0,0,1.0,1,1.0,1,1.0,1,0.16520301180728045,52
1392,0,1962,1029,933,0,0,0,1.0,1,1.0,1,1.0,1,0.15522000616346873,51
1393,2,1964,1030,934,0,0,0,1.0,1,1.0,1,1.0,1,0.193005670925014,51
1394,2,1966,1030,936,0,0,0,1.0,1,1.0,1,1.0,1,0.18856343703107029,52
1395,0,1966,1030,936,0,0,0,1.0,1,1.0,1,1.0,1,0.18856343703107029,52
1396,1,1967,1031,936,0,0,0,1.0,1,1.0,1,1.0,1,0.17395990294570005,53
1397,0,1967,1031,936,0,0,0,1.0,1,1.0,1,1.0,1,0.175949706940812,56
1398,1,1968,1032,936,0,0,0,1.0,1,1.0,1,1.0,1,0.16903395610288655,56
1399,2,1970,1033,937,0,0,0,1.0,1,1.0,1,1.0,1,0.16495779826486948,57
1400,3,1973,1035,938,0,0,0,1.0,1,1.0,1,1.0,1,0.17377348613098378,57
1401,5,1978,1035,943,0,0,0,1.0,1,1.0,1,1.0,1,0.12425203015670527,57
1402,4,1982,1039,943,0,0,0,1.0,1,1.0,1,1.0,1,0.17996161922256423,57
1403,2,1984,1039,945,0,0,0,1.0,1,1.0,1,1.0,1,0.17780415863880455,56
1404,2,1986,1041,945,0,0,0,1.0,1,1.0,1,1.0,1,0.1774903292394302,58
1405,2,1988,1042,946,0,0,0,1.0,1,1.0,1,1.0,1,0.2267890321865845,58
1406,1,1989,1042,947,0,0,0,1.0,1,1.0,1,1.0,1,0.21535276873811984,58
1407,1,1990,1042,948,0,0,0,1.0,1,1.0,1,1.0,1,0.22983008806128458,57
1408,0,1990,1042,948,0,0,0,1.0,1,1.0,1,1.0,1,0.239627293481837,58
1409,0,1990,1042,948,0,0,0,1.0,1,1.0,1,1.0,1,0.2345144612878163,57
1410,0,1990,1042,948,0,0,0,1.0,1,1.0,1,1.0,1,0.2345144612878163,57
1411,2,1992,1042,950,0,0,0,1.0,1,1.0,1,1.0,1,0.23560992062898842,56
1412,0,1992,1042,950,0,0,0,1.0,1,1.0,1,1.0,1,0.23541918240985876,55
1413,0,1992,1042,950,0,0,0,1.0,1,1.0,1,1.0,1,0.2376841971802344,57
1414,0,1992,1042,950,0,0,0,1.0,1,1.0,1,1.0,1,0.2376841971802344,57
1415,1,1993,1043,950,0,0,0,1.0,1,1.0,1,1.0,1,0.2522848662915577,60
1416,2,1995,1043,952,0,0,0,1.0,1,1.0,1,1.0,1,0.23598770177612313,61
1417,2,1997,1043,954,0,0,0,1.0,1,1.0,1,1.0,1,0.19957919400114066,59
1418,1,1998,1043,955,0,0,0,1.0,1,1.0,1,1.0,1,0.19074600679585219,60
1419,2,2000,1044,956,0,0,0,1.0,1,1.0,1,1.0,1,0.19356229852849438,59
1420,0,2000,1044,956,0,0,0,1.0,1,1.0,1,1.0,1,0.1817927224402053,58
1421,1,2001,1044,957,0,0,0,1.0,1,1.0,1,1.0,1,0.16032970717163342,57
1422,0,2001,1044,957,0,0,0,1.0,1,1.0,1,1.0,1,0.16032970717163342,57
1423,0,2001,1044,957,0,0,0,1.0,1,1.0,1,1.0,1,0.15033812116908346,56
1424,0,2001,1044,957,0,0,0,1.0,1,1.0,1,1.0,1,0.15751558139989055,57
1425,2,2003,1045,958,0,0,0,1.0,1,1.0,1,1.0,1,0.15632356396637345,54
1426,0,2003,1045,958,0,0,0,1.0,1,1.0,1,1.0,1,0.17586029353689542,54
1427,2,2005,1046,959,0,0,0,1.0,1,1.0,1,1.0,1,0.2240528894531576,53
1428,2,2007,1048,959,0,0,0,1.0,1,1.0,1,1.0,1,0.2096828083519872,52
1429,0,2007,1048,959,0,0,0,1.0,1,1.0,1,1.0,1,0.2096828083519872,52
1430,3,2010,1051,959,0,0,0,1.0,1,1.0,1,1.0,1,0.2271159825812565,51
1431,2,2012,1051,961,0,0,0,1.0,1,1.0,1,1.0,1,0.20727917871057408,51
1432,4,2016,1053,963,0,0,0,1.0,1,1.0,1,1.0,1,0.1865898865805037,52
1433,0,2016,1053,963,0,0,0,1.0,1,1.0,1,1.0,1,0.1865898865805037,52
1434,2,2018,1055,963,0,0,0,1.0,1,1.0,1,1.0,1,0.20586506962596765,52
1435,0,2018,1055,963,0,0,0,1.0,1,1.0,1,1.0,1,0.22801526689209142,50
1436,1,2019,1056,963,0,0,0,1.0,1,1.0,1,1.0,1,0.25198096335756237,50
1437,1,2020,1057,963,0,0,0,1.0,1,1.0,1,1.0,1,0.278999662364329,49
1438,2,2022,1058,964,0,0,0,1.0,1,1.0,1,1.0,1,0.2741687551826948,49
1439,1,2023,1059,964,0,0,0,1.0,1,1.0,1,1.0,1,0.3026992384108847,50
1440,2,2025,1061,964,0,0,0,1.0,1,1.0,1,1.0,1,0.3308759578260316,50
1441,4,2029,1062,967,0,0,0,1.0,1,1.0,1,1.0,1,0.28597038599553576,51
1442,0,2029,1062,967,0,0,0,1.0,1,1.0,1,1.0,1,0.2980799350145125,50
1443,1,2030,1062,968,0,0,0,1.0,1,1.0,1,1.0,1,0.2815140475592869,51
1444,3,2033,1062,971,0,0,0,1.0,1,1.0,1,1.0,1,0.23965598675455685,51
1445,3,2036,1063,973,0,0,0,1.0,1,1.0,1,1.0,1,0.2595411536528792,51
1446,4,2040,1065,975,0,0,0,1.0,1,1.0,1,1.0,1,0.21685079082736564,51
1447,2,2042,1065,977,0,0,0,1.0,1,1.0,1,1.0,1,0.1916025335227619,51
1448,1,2043,1066,977,0,0,0,1.0,1,1.0,1,1.0,1,0.17873306644735984,51
1449,0,2043,1066,977,0,0,0,1.0,1,1.0,1,1.0,1,0.17873306644735984,51
1450,0,2043,1066,977,0,0,0,1.0,1,1.0,1,1.0,1,0.16719681178720117,52
1451,6,2049,1067,982,0,0,0,1.0,1,1.0,1,1.0,1,0.1092483204534001,54
1452,1,2050,1067,983,0,0,0,1.0,1,1.0,1,1.0,1,0.12585742609378422,56
1453,3,2053,1069,984,0,0,0,1.0,1,1.0,1,1.0,1,0.16121599756903224,56
1454,3,2056,1069,987,0,0,0,1.0,1,1.0,1,1.0,1,0.17285510455123304,58
1455,4,2060,1071,989,0,0,0,1.0,1,1.0,1,1.0,1,0.18656082686511843,55
1456,1,2061,1071,990,0,0,0,1.0,1,1.0,1,1.0,1,0.18903853331241594,56
1457,1,2062,1072,990,0,0,0,1.0,1,1.0,1,1.0,1,0.23103803387856026,54
1458,1,2063,1073,990,0,0,0,1.0,1,1.0,1,1.0,1,0.23371735346395822,52
1459,1,2064,1074,990,0,0,0,1.0,1,1.0,1,1.0,1,0.23022130175150016,52
1460,0,2064,1074,990,0,0,0,1.0,1,1.0,1,1.0,1,0.2133849199249706,50
1461,7,2071,1076,995,0,0,0,1.0,1,1.0,1,1.0,1,0.1795623858873797,53
1462,1,2072,1077,995,0,0,0,1.0,1,1.0,1,1.0,1,0.19127195765561397,51
1463,0,2072,1077,995,0,0,0,1.0,1,1.0,1,1.0,1,0.20256341291165814,51
1464,0,2072,1077,995,0,0,0,1.0,1,1.0,1,1.0,1,0.20256341291165814,51
1465,0,2072,1077,995,0,0,0,1.0,1,1.0,1,1.0,1,0.2164002742965745,49
1466,1,2073,1078,995,0,0,0,1.0,1,1.0,1,1.0,1,0.23464782326418626,49
1467,1,2074,1079,995,0,0,0,1.0,1,1.0,1,1.0,1,0.2895430111922417,47
1468,2,2076,1080,996,0,0,0,1.0,1,1.0,1,1.0,1,0.2802951975444729,48
1469,2,2078,1081,997,0,0,0,1.0,1,1.0,1,1.0,1,0.30403710059307654,47
1470,0,2078,1081,997,0,0,0,1.0,1,1.0,1,1.0,1,0.28825351944380806,49
1471,5,2083,1081,1002,0,0,0,1.0,1,1.0,1,1.0,1,0.2545856902557399,48
1472,1,2084,1081,1003,0,0,0,1.0,1,1.0,1,1.0,1,0.2341400305108083,48
1473,0,2084,1081,1003,0,0,0,1.0,1,1.0,1,1.0,1,0.24234141868576528,49
1474,2,2086,1081,1005,0,0,0,1.0,1,1.0,1,1.0,1,0.24234141868576528,49
1475,1,2087,1081,1006,0,0,0,1.0,1,1.0,1,1.0,1,0.23084088356084162,49
1476,0,2087,1081,1006,0,0,0,1.0,1,1.0,1,1.0,1,0.2339318555690174,51
1477,0,2087,1081,1006,0,0,0,1.0,1,1.0,1,1.0,1,0.2339318555690174,51
1478,2,2089,1082,1007,0,0,0,1.0,1,1.0,1,1.0,1,0.2045260674561682,52
1479,1,2090,1082,1008,0,0,0,1.0,1,1.0,1,1.0,1,0.204826791017787,53
1480,2,2092,1083,1009,0,0,0,1.0,1,1.0,1,1.0,1,0.20326239810201588,53
1481,4,2096,1083,1013,0,0,0,1.0,1,1.0,1,1.0,1,0.1671578408436539,53
1482,2,2098,1084,1014,0,0,0,1.0,1,1.0,1,1.0,1,0.19669600749310046,52
1483,0,2098,1084,1014,0,0,0,1.0,1,1.0,1,1.0,1,0.19669600749310046,52
1484,2,2100,1084,1016,0,0,0,1.0,1,1.0,1,1.0,1,0.20598986671646793,53
1485,1,2101,1084,1017,0,0,0,1.0,1,1.0,1,1.0,1,0.19713304199450768,53
1486,2,2103,1084,1019,0,0,0,1.0,1,1.0,1,1.0,1,0.2017778231670779,54
1487,0,2103,1084,1019,0,0,0,1.0,1,1.0,1,1.0,1,0.20916182335016154,55
1488,1,2104,1084,1020,0,0,0,1.0,1,1.0,1,1.0,1,0.20957496523885272,57
1489,3,2107,1086,1021,0,0,0,1.0,1,1.0,1,1.0,1,0.1753698732563504,58
1490,0,2107,1086,1021,0,0,0,1.0,1,1.0,1,1.0,1,0.1753698732563504,58
1491,4,2111,1087,1024,0,0,0,1.0,1,1.0,1,1.0,1,0.17313676044460904,59
1492,1,2112,1087,1025,0,0,0,1.0,1,1.0,1,1.0,1,0.16302461713028435,59
1493,1,2113,1088,1025,0,0,0,1.0,1,1.0,1,1.0,1,0.16517944747977661,58
1494,2,2115,1089,1026,0,0,0,1.0,1,1.0,1,1.0,1,0.18438313919609428,58
1495,1,2116,1090,1026,0,0,0,1.0,1,1.0,1,1.0,1,0.20025863988149972,57
1496,0,2116,1090,1026,0,0,0,1.0,1,1.0,1,1.0,1,0.18804976734743256,59
1497,1,2117,1091,1026,0,0,0,1.0,1,1.0,1,1.0,1,0.20467301396250184,58
1498,2,2119,1092,1027,0,0,0,1.0,1,1.0,1,1.0,1,0.2161028007445333,58
1499,0,2119,1092,1027,0,0,0,1.0,1,1.0,1,1.0,1,0.19480885212911953,56
1500,1,2120,1092,1028,0,0,0,1.0,1,1.0,1,1.0,1,0.18331303725478626,57
1501,0,2120,1092,1028,0,0,0,1.0,1,1.0,1,1.0,1,0.1723802714214238,55
1502,0,2120,1092,1028,0,0,0,1.0,1,1.0,1,1.0,1,0.17336068283012238,55
1503,1,2121,1093,1028,0,0,0,1.0,1,1.0,1,1.0,1,0.1968061736480336,54
1504,1,2122,1093,1029,0,0,0,1.0,1,1.0,1,1.0,1,0.15722367546196206,55
1505,3,2125,1095,1030,0,0,0,1.0,1,1.0,1,1.0,1,0.14536263875190059,53
1506,0,2125,1095,1030,0,0,0,1.0,1,1.0,1,1.0,1,0.1551836267309842,55
1507,0,2125,1095,1030,0,0,0,1.0,1,1.0,1,1.0,1,0.179321467763175,53
1508,2,2127,1096,1031,0,0,0,1.0,1,1.0,1,1.0,1,0.1595089718945005,53
1509,1,2128,1096,1032,0,0,0,1.0,1,1.0,1,1.0,1,0.1850478292981177,52
1510,2,2130,1097,1033,0,0,0,1.0,1,1.0,1,1.0,1,0.18303834948372602,50
1511,2,2132,1097,1035,0,0,0,1.0,1,1.0,1,1.0,1,0.17380394467506338,49
1512,2,2134,1099,1035,0,0,0,1.0,1,1.0,1,1.0,1,0.23082628885383127,48
1513,1,2135,1099,1036,0,0,0,1.0,1,1.0,1,1.0,1,0.2599145357009122,47
1514,2,2137,1099,1038,0,0,0,1.0,1,1.0,1,1.0,1,0.2196514234301519,48
1515,0,2137,1099,1038,0,0,0,1.0,1,1.0,1,1.0,1,0.2196514234301519,48
1516,0,2137,1099,1038,0,0,0,1.0,1,1.0,1,1.0,1,0.22733721061425777,47
1517,2,2139,1099,1040,0,0,0,1.0,1,1.0,1,1.0,1,0.22425818298588832,48
1518,0,2139,1099,1040,0,0,0,1.0,1,1.0,1,1.0,1,0.22425818298588832,48
1519,0,2139,1099,1040,0,0,0,1.0,1,1.0,1,1.0,1,0.23912947932788525,47
1520,0,2139,1099,1040,0,0,0,1.0,1,1.0,1,1.0,1,0.24697096411558545,48
1521,4,2143,1099,1044,0,0,0,1.0,1,1.0,1,1.0,1,0.19408624469447008,49
1522,1,2144,1099,1045,0,0,0,1.0,1,1.0,1,1.0,1,0.18174718726463016,48
1523,0,2144,1099,1045,0,0,0,1.0,1,1.0,1,1.0,1,0.1932854317086068,49
1524,2,2146,1100,1046,0,0,0,1.0,1,1.0,1,1.0,1,0.20260246375599195,49
1525,0,2146,1100,1046,0,0,0,1.0,1,1.0,1,1.0,1,0.20574678056141724,51
1526,0,2146,1100,1046,0,0,0,1.0,1,1.0,1,1.0,1,0.18623593644730596,52
1527,2,2148,1101,1047,0,0,0,1.0,1,1.0,1,1.0,1,0.16021930000909707,54
1528,3,2151,1102,1049,0,0,0,1.0,1,1.0,1,1.0,1,0.13595262642775172,54
1529,2,2153,1102,1051,0,0,0,1.0,1,1.0,1,1.0,1,0.13595262642775172,54
1530,3,2156,1103,1053,0,0,0,1.0,1,1.0,1,1.0,1,0.14101226895894634,54
1531,1,2157,1103,1054,0,0,0,1.0,1,1.0,1,1.0,1,0.11625883899332666,54
1532,2,2159,1104,1055,0,0,0,1.0,1,1.0,1,1.0,1,0.08635787136019965,54
1533,0,2159,1104,1055,0,0,0,1.0,1,1.0,1,1.0,1,0.09425665880232904,54
1534,1,2160,1104,1056,0,0,0,1.0,1,1.0,1,1.0,1,0.07615613500761988,54
1535,1,2161,1105,1056,0,0,0,1.0,1,1.0,1,1.0,1,0.08957419936691852,54
1536,0,2161,1105,1056,0,0,0,1.0,1,1.0,1,1.0,1,0.09930996539472478,55
1537,0,2161,1105,1056,0,0,0,1.0,1,1.0,1,1.0,1,0.10825316105950544,53
1538,0,2161,1105,1056,0,0,0,1.0,1,1.0,1,1.0,1,0.11900646317453648,54
1539,0,2161,1105,1056,0,0,0,1.0,1,1.0,1,1.0,1,0.14063768065298896,54
1540,0,2161,1105,1056,0,0,0,1.0,1,1.0,1,1.0,1,0.14063768065298896,54
1541,3,2164,1105,1059,0,0,0,1.0,1,1.0,1,1.0,1,0.10063869090076569,54
1542,4,2168,1106,1062,0,0,0,1.0,1,1.0,1,1.0,1,0.09027614968479321,57
1543,2,2170,1107,1063,0,0,0,1.0,1,1.0,1,1.0,1,0.11738760407668021,55
1544,5,2175,1109,1066,0,0,0,1.0,1,1.0,1,1.0,1,0.10232978370385734,54
1545,0,2175,1109,1066,0,0,0,1.0,1,1.0,1,1.0,1,0.12289329597241387,54
1546,2,2177,1111,1066,0,0,0,1.0,1,1.0,1,1.0,1,0.11933214565854482,53
1547,1,2178,1112,1066,0,0,0,1.0,1,1.0,1,1.0,1,0.13928150446111068,53
1548,4,2182,1115,1067,0,0,0,1.0,1,1.0,1,1.0,1,0.12075740210906578,54
1549,3,2185,1117,1068,0,0,0,1.0,1,1.0,1,1.0,1,0.1453086416930495,52
1550,3,2188,1120,1068,0,0,0,1.0,1,1.0,1,1.0,1,0.17206890098904204,52
1551,10,2198,1123,1075,0,0,0,1.0,1,1.0,1,1.0,1,0.08082772621696557,52
1552,3,2201,1125,1076,0,0,0,1.0,1,1.0,1,1.0,1,0.08268757785309573,51
1553,2,2203,1126,1077,0,0,0,1.0,1,1.0,1,1.0,1,0.13512093031014186,51
1554,1,2204,1126,1078,0,0,0,1.0,1,1.0,1,1.0,1,0.10793189850865653,51
1555,1,2205,1127,1078,0,0,0,1.0,1,1.0,1,1.0,1,0.1493607350893023,50
1556,2,2207,1129,1078,0,0,0,1.0,1,1.0,1,1.0,1,0.13000480280375154,51
1557,2,2209,1131,1078,0,0,0,1.0,1,1.0,1,1.0,1,0.15479624430052805,51
1558,0,2209,1131,1078,0,0,0,1.0,1,1.0,1,1.0,1,0.1631292374953913,52
1559,3,2212,1132,1080,0,0,0,1.0,1,1.0,1,1.0,1,0.1484169424256967,53
1560,3,2215,1134,1081,0,0,0,1.0,1,1.0,1,1.0,1,0.16402839559653543,51
1561,3,2218,1135,1083,0,0,0,1.0,1,1.0,1,1.0,1,0.1502957874410449,51
1562,2,2220,1135,1085,0,0,0,1.0,1,1.0,1,1.0,1,0.13222905053702325,52
1563,0,2220,1135,1085,0,0,0,1.0,1,1.0,1,1.0,1,0.13222905053702325,52
1564,0,2220,1135,1085,0,0,0,1.0,1,1.0,1,1.0,1,0.12918521604285907,51
1565,0,2220,1135,1085,0,0,0,1.0,1,1.0,1,1.0,1,0.13816700013261385,53
1566,0,2220,1135,1085,0,0,0,1.0,1,1.0,1,1.0,1,0.14648361399025825,53
1567,2,2222,1136,1086,0,0,0,1.0,1,1.0,1,1.0,1,0.12314719139511382,52
1568,1,2223,1137,1086,0,0,0,1.0,1,1.0,1,1.0,1,0.1413677329493213,52
1569,1,2224,1138,1086,0,0,0,1.0,1,1.0,1,1.0,1,0.171691000014046,49
1570,1,2225,1139,1086,0,0,0,1.0,1,1.0,1,1.0,1,0.18987709454582033,48
1571,4,2229,1141,1088,0,0,0,1.0,1,1.0,1,1.0,1,0.18804002625767796,46
1572,4,2233,1143,1090,0,0,0,1.0,1,1.0,1,1.0,1,0.13864600582361092,47
1573,1,2234,1144,1090,0,0,0,1.0,1,1.0,1,1.0,1,0.14542331347713972,48
1574,4,2238,1147,1091,0,0,0,1.0,1,1.0,1,1.0,1,0.11223948963036862,46
1575,1,2239,1148,1091,0,0,0,1.0,1,1.0,1,1.0,1,0.13712267940747247,47
1576,2,2241,1150,1091,0,0,0,1.0,1,1.0,1,1.0,1,0.11878108915725294,46
1577,0,2241,1150,1091,0,0,0,1.0,1,1.0,1,1.0,1,0.11126809047404584,45
1578,1,2242,1151,1091,0,0,0,1.0,1,1.0,1,1.0,1,0.1221015813617984,44
1579,0,2242,1151,1091,0,0,0,1.0,1,1.0,1,1.0,1,0.12094370623664544,43
1580,1,2243,1151,1092,0,0,0,1.0,1,1.0,1,1.0,1,0.09645172041368448,43
1581,2,2245,1151,1094,0,0,0,1.0,1,1.0,1,1.0,1,0.07420420115571508,42
1582,0,2245,1151,1094,0,0,0,1.0,1,1.0,1,1.0,1,0.07420420115571508,42
1583,0,2245,1151,1094,0,0,0,1.0,1,1.0,1,1.0,1,0.06511456833438405,43
1584,1,2246,1151,1095,0,0,0,1.0,1,1.0,1,1.0,1,0.05522807888704547,41
1585,5,2251,1155,1096,0,0,0,1.0,1,1.0,1,1.0,1,0.0634869541371073,43
1586,1,2252,1156,1096,0,0,0,1.0,1,1.0,1,1.0,1,0.10154421398381829,42
1587,1,2253,1157,1096,0,0,0,1.0,1,1.0,1,1.0,1,0.16844644806063644,42
1588,2,2255,1159,1096,0,0,0,1.0,1,1.0,1,1.0,1,0.19614048672441253,42
1589,1,2256,1160,1096,0,0,0,1.0,1,1.0,1,1.0,1,0.16005209095969544,42
1590,1,2257,1160,1097,0,0,0,1.0,1,1.0,1,1.0,1,0.21377619687693855,41
1591,5,2262,1161,1101,0,0,0,1.0,1,1.0,1,1.0,1,0.1384077372506803,40
1592,1,2263,1161,1102,0,0,0,1.0,1,1.0,1,1.0,1,0.1558751552154592,39
1593,0,2263,1161,1102,0,0,0,1.0,1,1.0,1,1.0,1,0.15965821095095506,39
1594,0,2263,1161,1102,0,0,0,1.0,1,1.0,1,1.0,1,0.18442148992465657,39
1595,1,2264,1161,1103,0,0,0,1.0,1,1.0,1,1.0,1,0.1778406344009789,42
1596,0,2264,1161,1103,0,0,0,1.0,1,1.0,1,1.0,1,0.20896451042220374,41
1597,0,2264,1161,1103,0,0,0,1.0,1,1.0,1,1.0,1,0.20896451042220374,41
1598,0,2264,1161,1103,0,0,0,1.0,1,1.0,1,1.0,1,0.2544062720685355,39
1599,3,2267,1164,1103,0,0,0,1.0,1,1.0,1,1.0,1,0.24749108986958326,39
1600,2,2269,1165,1104,0,0,0,1.0,1,1.0,1,1.0,1,0.2256256422139503,40
1601,6,2275,1167,1108,0,0,0,1.0,1,1.0,1,1.0,1,0.1849379484344998,41
1602,0,2275,1167,1108,0,0,0,1.0,1,1.0,1,1.0,1,0.15473493185868037,41
1603,1,2276,1168,1108,0,0,0,1.0,1,1.0,1,1.0,1,0.18184237499061545,43
1604,1,2277,1169,1108,0,0,0,1.0,1,1.0,1,1.0,1,0.19513232975434378,43
1605,2,2279,1170,1109,0,0,0,1.0,1,1.0,1,1.0,1,0.19528584035929525,44
1606,1,2280,1171,1109,0,0,0,1.0,1,1.0,1,1.0,1,0.21833441250479704,44
1607,2,2282,1172,1110,0,0,0,1.0,1,1.0,1,1.0,1,0.19230631707982046,42
1608,0,2282,1172,1110,0,0,0,1.0,1,1.0,1,1.0,1,0.205406841292945,41
1609,0,2282,1172,1110,0,0,0,1.0,1,1.0,1,1.0,1,0.16946669353244823,39
1610,0,2282,1172,1110,0,0,0,1.0,1,1.0,1,1.0,1,0.12471451197963157,39
1611,3,2285,1174,1111,0,0,0,1.0,1,1.0,1,1.0,1,0.07843630978172851,40
1612,0,2285,1174,1111,0,0,0,1.0,1,1.0,1,1.0,1,0.06650472746005746,39
1613,0,2285,1174,1111,0,0,0,1.0,1,1.0,1,1.0,1,0.06564240265807823,41
1614,2,2287,1176,1111,0,0,0,1.0,1,1.0,1,1.0,1,0.0924625658697286,41
1615,1,2288,1177,1111,0,0,0,1.0,1,1.0,1,1.0,1,0.06183883853897127,41
1616,1,2289,1178,1111,0,0,0,1.0,1,1.0,1,1.0,1,0.09689184309996736,43
1617,2,2291,1180,1111,0,0,0,1.0,1,1.0,1,1.0,1,0.10333614298781905,44
1618,0,2291,1180,1111,0,0,0,1.0,1,1.0,1,1.0,1,0.10333614298781905,44
1619,4,2295,1182,1113,0,0,0,1.0,1,1.0,1,1.0,1,0.1104564344922146,44
1620,0,2295,1182,1113,0,0,0,1.0,1,1.0,1,1.0,1,0.12286670834588376,45
1621,1,2296,1182,1114,0,0,0,1.0,1,1.0,1,1.0,1,0.10583509076400177,44
1622,2,2298,1184,1114,0,0,0,1.0,1,1.0,1,1.0,1,0.13957132872710606,44
1623,1,2299,1184,1115,0,0,0,1.0,1,1.0,1,1.0,1,0.126136347772218,43
1624,1,2300,1185,1115,0,0,0,1.0,1,1.0,1,1.0,1,0.11434237158107158,43
1625,2,2302,1187,1115,0,0,0,1.0,1,1.0,1,1.0,1,0.1340033320634465,43
1626,1,2303,1187,1116,0,0,0,1.0,1,1.0,1,1.0,1,0.12637844305129994,42
1627,1,2304,1188,1116,0,0,0,1.0,1,1.0,1,1.0,1,0.1388727080091028,42
1628,1,2305,1188,1117,0,0,0,1.0,1,1.0,1,1.0,1,0.13291612419995624,42
1629,0,2305,1188,1117,0,0,0,1.0,1,1.0,1,1.0,1,0.15487078206807808,41
1630,1,2306,1189,1117,0,0,0,1.0,1,1.0,1,1.0,1,0.1353883787603662,41
1631,4,2310,1189,1121,0,0,0,1.0,1,1.0,1,1.0,1,0.1227527226682299,40
1632,1,2311,1190,1121,0,0,0,1.0,1,1.0,1,1.0,1,0.1270056156520151,39
1633,2,2313,1191,1122,0,0,0,1.0,1,1.0,1,1.0,1,0.10924041298860733,39
1634,0,2313,1191,1122,0,0,0,1.0,1,1.0,1,1.0,1,0.10924041298860733,39
1635,0,2313,1191,1122,0,0,0,1.0,1,1.0,1,1.0,1,0.11411141183545892,40
1636,0,2313,1191,1122,0,0,0,1.0,1,1.0,1,1.0,1,0.12878778779554292,41
1637,1,2314,1191,1123,0,0,0,1.0,1,1.0,1,1.0,1,0.13252257616708793,41
1638,2,2316,1193,1123,0,0,0,1.0,1,1.0,1,1.0,1,0.14632048250431567,42
1639,1,2317,1194,1123,0,0,0,1.0,1,1.0,1,1.0,1,0.12684045363104832,43
1640,2,2319,1196,1123,0,0,0,1.0,1,1.0,1,1.0,1,0.09394747471344655,43
1641,1,2320,1196,1124,0,0,0,1.0,1,1.0,1,1.0,1,0.08353170304638467,44
1642,8,2328,1201,1127,0,0,0,1.0,1,1.0,1,1.0,1,0.11112545421025302,45
1643,2,2330,1202,1128,0,0,0,1.0,1,1.0,1,1.0,1,0.1327970684126011,44
1644,2,2332,1203,1129,0,0,0,1.0,1,1.0,1,1.0,1,0.11390215520574058,45
1645,0,2332,1203,1129,0,0,0,1.0,1,1.0,1,1.0,1,0.10570920025642837,44
1646,1,2333,1203,1130,0,0,0,1.0,1,1.0,1,1.0,1,0.07685179789640922,43
1647,1,2334,1204,1130,0,0,0,1.0,1,1.0,1,1.0,1,0.11636189941584693,43
1648,1,2335,1204,1131,0,0,0,1.0,1,1.0,1,1.0,1,0.14103921172641734,42
1649,2,2337,1204,1133,0,0,0,1.0,1,1.0,1,1.0,1,0.1672902692390702,41
1650,1,2338,1204,1134,0,0,0,1.0,1,1.0,1,1.0,1,0.15829515293026294,41
1651,1,2339,1204,1135,0,0,0,1.0,1,1.0,1,1.0,1,0.11345265653693096,40
1652,1,2340,1204,1136,0,0,0,1.0,1,1.0,1,1.0,1,0.07179241964155578,39
1653,1,2341,1204,1137,0,0,0,1.0,1,1.0,1,1.0,1,0.09442606462330813,39
1654,1,2342,1204,1138,0,0,0,1.0,1,1.0,1,1.0,1,0.04544365317405904,39
1655,3,2345,1206,1139,0,0,0,1.0,1,1.0,1,1.0,1,0.05116082595785554,40
1656,1,2346,1207,1139,0,0,0,1.0,1,1.0,1,1.0,1,0.10019404963874744,40
1657,1,2347,1208,1139,0,0,0,1.0,1,1.0,1,1.0,1,0.09170183342753946,40
1658,0,2347,1208,1139,0,0,0,1.0,1,1.0,1,1.0,1,0.09170183342753946,40
1659,3,2350,1211,1139,0,0,0,1.0,1,1.0,1,1.0,1,0.1562884170298799,40
1660,2,2352,1213,1139,0,0,0,1.0,1,1.0,1,1.0,1,0.12824972135953414,41
1661,5,2357,1215,1142,0,0,0,1.0,1,1.0,1,1.0,1,0.06785073872117822,42
1662,1,2358,1216,1142,0,0,0,1.0,1,1.0,1,1.0,1,0.02041491685375778,44
1663,1,2359,1217,1142,0,0,0,1.0,1,1.0,1,1.0,1,0.06969133088693338,43
1664,1,2360,1218,1142,0,0,0,1.0,1,1.0,1,1.0,1,0.058807239320099174,42
1665,1,2361,1219,1142,0,0,0,1.0,1,1.0,1,1.0,1,0.0848844794858825,42
1666,3,2364,1222,1142,0,0,0,1.0,1,1.0,1,1.0,1,0.051488603928079565,43
1667,2,2366,1224,1142,0,0,0,1.0,1,1.0,1,1.0,1,0.0659066994303784,40
1668,0,2366,1224,1142,0,0,0,1.0,1,1.0,1,1.0,1,0.0740619740595411,40
1669,3,2369,1227,1142,0,0,0,1.0,1,1.0,1,1.0,1,0.08899005028231295,40
1670,1,2370,1228,1142,0,0,0,1.0,1,1.0,1,1.0,1,0.10076475384446648,39
1671,1,2371,1229,1142,0,0,0,1.0,1,1.0,1,1.0,1,0.11626261078709287,39
1672,2,2373,1231,1142,0,0,0,1.0,1,1.0,1,1.0,1,0.1594908234578741,38
1673,2,2375,1233,1142,0,0,0,1.0,1,1.0,1,1.0,1,0.1877964048739457,38
1674,2,2377,1234,1143,0,0,0,1.0,1,1.0,1,1.0,1,0.17308582382977605,38
1675,0,2377,1234,1143,0,0,0,1.0,1,1.0,1,1.0,1,0.151619888123614,39
1676,0,2377,1234,1143,0,0,0,1.0,1,1.0,1,1.0,1,0.1718274277222293,39
1677,0,2377,1234,1143,0,0,0,1.0,1,1.0,1,1.0,1,0.15448740369843736,40
1678,1,2378,1234,1144,0,0,0,1.0,1,1.0,1,1.0,1,0.16203245238356498,39
1679,0,2378,1234,1144,0,0,0,1.0,1,1.0,1,1.0,1,0.16203245238356498,39
1680,1,2379,1234,1145,0,0,0,1.0,1,1.0,1,1.0,1,0.15554202482260493,40
1681,1,2380,1235,1145,0,0,0,1.0,1,1.0,1,1.0,1,0.15276116276726837,41
1682,1,2381,1235,1146,0,0,0,1.0,1,1.0,1,1.0,1,0.10927000266585671,40
1683,5,2386,1239,1147,0,0,0,1.0,1,1.0,1,1.0,1,0.1651172789110071,43
1684,2,2388,1240,1148,0,0,0,1.0,1,1.0,1,1.0,1,0.1728737915398043,42
1685,3,2391,1242,1149,0,0,0,1.0,1,1.0,1,1.0,1,0.13314596254540986,41
1686,1,2392,1242,1150,0,0,0,1.0,1,1.0,1,1.0,1,0.1127996748439575,39
1687,4,2396,1246,1150,0,0,0,1.0,1,1.0,1,1.0,1,0.16606150280799487,41
1688,0,2396,1246,1150,0,0,0,1.0,1,1.0,1,1.0,1,0.14274444228274966,39
1689,4,2400,1250,1150,0,0,0,1.0,1,1.0,1,1.0,1,0.1373338291593955,37
1690,1,2401,1250,1151,0,0,0,1.0,1,1.0,1,1.0,1,0.12326959643655769,36
1691,3,2404,1251,1153,0,0,0,1.0,1,1.0,1,1.0,1,0.11504209475417942,36
1692,0,2404,1251,1153,0,0,0,1.0,1,1.0,1,1.0,1,0.11369089923092802,34
1693,1,2405,1252,1153,0,0,0,1.0,1,1.0,1,1.0,1,0.08493305056684165,33
1694,0,2405,1252,1153,0,0,0,1.0,1,1.0,1,1.0,1,0.12125196872629801,32
1695,0,2405,1252,1153,0,0,0,1.0,1,1.0,1,1.0,1,0.11368862983777887,32
1696,2,2407,1253,1154,0,0,0,1.0,1,1.0,1,1.0,1,0.12379558599088249,34
1697,2,2409,1254,1155,0,0,0,1.0,1,1.0,1,1.0,1,0.12575792194501997,34
1698,2,2411,1256,1155,0,0,0,1.0,1,1.0,1,1.0,1,0.15946522878681235,36
1699,2,2413,1258,1155,0,0,0,1.0,1,1.0,1,1.0,1,0.1967413384066927,36
1700,1,2414,1258,1156,0,0,0,1.0,1,1.0,1,1.0,1,0.18775683861268963,37
1701,2,2416,1258,1158,0,0,0,1.0,1,1.0,1,1.0,1,0.14406876860258702,39
1702,1,2417,1259,1158,0,0,0,1.0,1,1.0,1,1.0,1,0.17466709168566538,39
1703,0,2417,1259,1158,0,0,0,1.0,1,1.0,1,1.0,1,0.1604967795187413,38
1704,0,2417,1259,1158,0,0,0,1.0,1,1.0,1,1.0,1,0.11294425847290526,38
1705,2,2419,1260,1159,0,0,0,1.0,1,1.0,1,1.0,1,0.10748948607587315,37
1706,2,2421,1261,1160,0,0,0,1.0,1,1.0,1,1.0,1,0.08498017342111017,37
1707,1,2422,1262,1160,0,0,0,1.0,1,1.0,1,1.0,1,0.11970952740117648,36
1708,0,2422,1262,1160,0,0,0,1.0,1,1.0,1,1.0,1,0.15950169776037243,34
1709,2,2424,1263,1161,0,0,0,1.0,1,1.0,1,1.0,1,0.1578992857865706,34
1710,5,2429,1266,1163,0,0,0,1.0,1,1.0,1,1.0,1,0.26209810327454547,33
1711,3,2432,1266,1166,0,0,0,1.0,1,1.0,1,1.0,1,0.16019009529303,32
1712,1,2433,1267,1166,0,0,0,1.0,1,1.0,1,1.0,1,0.20527649069555312,31
1713,0,2433,1267,1166,0,0,0,1.0,1,1.0,1,1.0,1,0.2069877269023932,32
1714,0,2433,1267,1166,0,0,0,1.0,1,1.0,1,1.0,1,0.2069877269023932,32
1715,0,2433,1267,1166,0,0,0,1.0,1,1.0,1,1.0,1,0.2069877269023932,32
1716,3,2436,1268,1168,0,0,0,1.0,1,1.0,1,1.0,1,0.14248413454641037,34
1717,0,2436,1268,1168,0,0,0,1.0,1,1.0,1,1.0,1,0.14248413454641037,34
1718,0,2436,1268,1168,0,0,0,1.0,1,1.0,1,1.0,1,0.16185964723977472,34
1719,1,2437,1269,1168,0,0,0,1.0,1,1.0,1,1.0,1,0.19880730416805756,34
1720,2,2439,1270,1169,0,0,0,1.0,1,1.0,1,1.0,1,0.1884443026662447,34
1721,5,2444,1271,1173,0,0,0,1.0,1,1.0,1,1.0,1,0.15659668136148863,35
1722,0,2444,1271,1173,0,0,0,1.0,1,1.0,1,1.0,1,0.1314095809385606,35
1723,0,2444,1271,1173,0,0,0,1.0,1,1.0,1,1.0,1,0.11449546569588714,34
1724,2,2446,1271,1175,0,0,0,1.0,1,1.0,1,1.0,1,0.04483877669026992,33
1725,0,2446,1271,1175,0,0,0,1.0,1,1.0,1,1.0,1,0.06149333527624544,35
1726,0,2446,1271,1175,0,0,0,1.0,1,1.0,1,1.0,1,0.06874544782047902,34
1727,0,2446,1271,1175,0,0,0,1.0,1,1.0,1,1.0,1,0.06874544782047902,34
1728,1,2447,1272,1175,0,0,0,1.0,1,1.0,1,1.0,1,0.04234695631838467,35
1729,1,2448,1273,1175,0,0,0,1.0,1,1.0,1,1.0,1,0.038823369153374754,35
1730,0,2448,1273,1175,0,0,0,1.0,1,1.0,1,1.0,1,0.038823369153374754,35
1731,1,2449,1274,1175,0,0,0,1.0,1,1.0,1,1.0,1,0.11012820921015459,35
1732,0,2449,1274,1175,0,0,0,1.0,1,1.0,1,1.0,1,0.11012820921015459,35
1733,0,2449,1274,1175,0,0,0,1.0,1,1.0,1,1.0,1,0.12517154210017092,33
1734,1,2450,1275,1175,0,0,0,1.0,1,1.0,1,1.0,1,0.13083519892296888,34
1735,0,2450,1275,1175,0,0,0,1.0,1,1.0,1,1.0,1,0.15982015419843365,33
1736,3,2453,1278,1175,0,0,0,1.0,1,1.0,1,1.0,1,0.1517548989701643,33
1737,0,2453,1278,1175,0,0,0,1.0,1,1.0,1,1.0,1,0.13974231227973785,35
1738,1,2454,1279,1175,0,0,0,1.0,1,1.0,1,1.0,1,0.12027798760942257,36
1739,2,2456,1281,1175,0,0,0,1.0,1,1.0,1,1.0,1,0.1233928391278271,36
1740,1,2457,1282,1175,0,0,0,1.0,1,1.0,1,1.0,1,0.13742370796271566,37
1741,1,2458,1283,1175,0,0,0,1.0,1,1.0,1,1.0,1,0.09049558322304932,36
1742,1,2459,1284,1175,0,0,0,1.0,1,1.0,1,1.0,1,0.06780143186732926,36
1743,2,2461,1286,1175,0,0,0,1.0,1,1.0,1,1.0,1,0.13711329742205608,37
1744,1,2462,1286,1176,0,0,0,1.0,1,1.0,1,1.0,1,0.1301760682068526,37
1745,4,2466,1290,1176,0,0,0,1.0,1,1.0,1,1.0,1,0.2694415199068076,38
1746,2,2468,1290,1178,0,0,0,1.0,1,1.0,1,1.0,1,0.24664961005494945,38
1747,3,2471,1291,1180,0,0,0,1.0,1,1.0,1,1.0,1,0.25098353698151216,37
1748,2,2473,1293,1180,0,0,0,1.0,1,1.0,1,1.0,1,0.23437289679925563,38
1749,2,2475,1293,1182,0,0,0,1.0,1,1.0,1,1.0,1,0.21366030646903109,38
1750,0,2475,1293,1182,0,0,0,1.0,1,1.0,1,1.0,1,0.22786904850472017,39
1751,3,2478,1293,1185,0,0,0,1.0,1,1.0,1,1.0,1,0.16805129912911618,41
1752,1,2479,1294,1185,0,0,0,1.0,1,1.0,1,1.0,1,0.16484837037803718,41
1753,1,2480,1294,1186,0,0,0,1.0,1,1.0,1,1.0,1,0.16759784539746053,41
1754,1,2481,1294,1187,0,0,0,1.0,1,1.0,1,1.0,1,0.15125895324869187,40
1755,0,2481,1294,1187,0,0,0,1.0,1,1.0,1,1.0,1,0.15309954932889913,41
1756,0,2481,1294,1187,0,0,0,1.0,1,1.0,1,1.0,1,0.19396191331669926,41
1757,0,2481,1294,1187,0,0,0,1.0,1,1.0,1,1.0,1,0.21099204241561156,40
1758,0,2481,1294,1187,0,0,0,1.0,1,1.0,1,1.0,1,0.20066915690779452,41
1759,1,2482,1295,1187,0,0,0,1.0,1,1.0,1,1.0,1,0.24020854533696961,38
1760,5,2487,1297,1190,0,0,0,1.0,1,1.0,1,1.0,1,0.17628272628501462,38
1761,4,2491,1299,1192,0,0,0,1.0,1,1.0,1,1.0,1,0.1565078929465047,37
1762,1,2492,1300,1192,0,0,0,1.0,1,1.0,1,1.0,1,0.16308545905275057,37
1763,3,2495,1302,1193,0,0,0,1.0,1,1.0,1,1.0,1,0.15184336330864115,37
1764,1,2496,1303,1193,0,0,0,1.0,1,1.0,1,1.0,1,0.18610668663491767,36
1765,4,2500,1306,1194,0,0,0,1.0,1,1.0,1,1.0,1,0.22184310155721415,36
1766,1,2501,1307,1194,0,0,0,1.0,1,1.0,1,1.0,1,0.2141523295529257,37
1767,3,2504,1309,1195,0,0,0,1.0,1,1.0,1,1.0,1,0.23279368376425114,37
1768,0,2504,1309,1195,0,0,0,1.0,1,1.0,1,1.0,1,0.18718906202998115,37
1769,2,2506,1310,1196,0,0,0,1.0,1,1.0,1,1.0,1,0.1442024463412031,38
1770,1,2507,1311,1196,0,0,0,1.0,1,1.0,1,1.0,1,0.17182227727784968,39
1771,2,2509,1311,1198,0,0,0,1.0,1,1.0,1,1.0,1,0.14564492599040318,39
1772,2,2511,1312,1199,0,0,0,1.0,1,1.0,1,1.0,1,0.13646234297846366,39
1773,2,2513,1313,1200,0,0,0,1.0,1,1.0,1,1.0,1,0.1038096809772349,41
1774,1,2514,1314,1200,0,0,0,1.0,1,1.0,1,1.0,1,0.13017049493730143,41
1775,0,2514,1314,1200,0,0,0,1.0,1,1.0,1,1.0,1,0.13385594158337363,42
1776,1,2515,1315,1200,0,0,0,1.0,1,1.0,1,1.0,1,0.14585679767410756,43
1777,2,2517,1316,1201,0,0,0,1.0,1,1.0,1,1.0,1,0.10993534310077682,43
1778,0,2517,1316,1201,0,0,0,1.0,1,1.0,1,1.0,1,0.12481814084914011,44
1779,1,2518,1316,1202,0,0,0,1.0,1,1.0,1,1.0,1,0.11388453330895483,46
1780,0,2518,1316,1202,0,0,0,1.0,1,1.0,1,1.0,1,0.11388453330895483,46
1781,1,2519,1316,1203,0,0,0,1.0,1,1.0,1,1.0,1,0.10449361933722191,46
1782,0,2519,1316,1203,0,0,0,1.0,1,1.0,1,1.0,1,0.1118728453557346,46
1783,0,2519,1316,1203,0,0,0,1.0,1,1.0,1,1.0,1,0.12829105680254993,44
1784,0,2519,1316,1203,0,0,0,1.0,1,1.0,1,1.0,1,0.11482031152424428,45
1785,1,2520,1317,1203,0,0,0,1.0,1,1.0,1,1.0,1,0.14271163584786795,42
1786,2,2522,1319,1203,0,0,0,1.0,1,1.0,1,1.0,1,0.13031820555796245,43
1787,1,2523,1320,1203,0,0,0,1.0,1,1.0,1,1.0,1,0.14924848228314275,41
1788,2,2525,1321,1204,0,0,0,1.0,1,1.0,1,1.0,1,0.1747614034498855,41
1789,0,2525,1321,1204,0,0,0,1.0,1,1.0,1,1.0,1,0.18695512360233874,41
1790,4,2529,1325,1204,0,0,0,1.0,1,1.0,1,1.0,1,0.16450333796196145,41
1791,3,2532,1327,1205,0,0,0,1.0,1,1.0,1,1.0,1,0.13557728748166664,40
1792,3,2535,1330,1205,0,0,0,1.0,1,1.0,1,1.0,1,0.11735542749555931,40
1793,2,2537,1331,1206,0,0,0,1.0,1,1.0,1,1.0,1,0.10114318555917755,41
1794,0,2537,1331,1206,0,0,0,1.0,1,1.0,1,1.0,1,0.10114318555917755,41
1795,4,2541,1335,1206,0,0,0,1.0,1,1.0,1,1.0,1,0.20552277459242815,40
1796,3,2544,1336,1208,0,0,0,1.0,1,1.0,1,1.0,1,0.16540982828479683,40
1797,1,2545,1337,1208,0,0,0,1.0,1,1.0,1,1.0,1,0.201561964998302,37
1798,1,2546,1338,1208,0,0,0,1.0,1,1.0,1,1.0,1,0.21231504850427227,37
1799,0,2546,1338,1208,0,0,0,1.0,1,1.0,1,1.0,1,0.21135398165747005,36
1800,0,2546,1338,1208,0,0,0,1.0,1,1.0,1,1.0,1,0.21135398165747005,36
1801,3,2549,1338,1211,0,0,0,1.0,1,1.0,1,1.0,1,0.09749050810463349,34
1802,1,2550,1339,1211,0,0,0,1.0,1,1.0,1,1.0,1,0.08069449908560287,33
1803,2,2552,1341,1211,0,0,0,1.0,1,1.0,1,1.0,1,0.09762873424179927,33
1804,1,2553,1342,1211,0,0,0,1.0,1,1.0,1,1.0,1,0.14023635856956929,33
1805,1,2554,1343,1211,0,0,0,1.0,1,1.0,1,1.0,1,0.17587634022627632,35
1806,2,2556,1345,1211,0,0,0,1.0,1,1.0,1,1.0,1,0.1892645352857423,35
1807,0,2556,1345,1211,0,0,0,1.0,1,1.0,1,1.0,1,0.14471908574810222,35
1808,1,2557,1346,1211,0,0,0,1.0,1,1.0,1,1.0,1,0.07838792642425667,36
1809,0,2557,1346,1211,0,0,0,1.0,1,1.0,1,1.0,1,0.07191102396290162,36
1810,3,2560,1348,1212,0,0,0,1.0,1,1.0,1,1.0,1,0.10942097440969749,35
1811,3,2563,1349,1214,0,0,0,1.0,1,1.0,1,1.0,1,0.13409380377556873,36
1812,0,2563,1349,1214,0,0,0,1.0,1,1.0,1,1.0,1,0.1219053189670467,36
1813,2,2565,1350,1215,0,0,0,1.0,1,1.0,1,1.0,1,0.16096366168038606,36
1814,1,2566,1350,1216,0,0,0,1.0,1,1.0,1,1.0,1,0.13949154231813823,34
1815,0,2566,1350,1216,0,0,0,1.0,1,1.0,1,1.0,1,0.15164785382109988,35
1816,0,2566,1350,1216,0,0,0,1.0,1,1.0,1,1.0,1,0.1611120129877221,34
1817,1,2567,1351,1216,0,0,0,1.0,1,1.0,1,1.0,1,0.1421235240099409,34
1818,0,2567,1351,1216,0,0,0,1.0,1,1.0,1,1.0,1,0.1421235240099409,34
1819,2,2569,1353,1216,0,0,0,1.0,1,1.0,1,1.0,1,0.15064435701981999,35
1820,0,2569,1353,1216,0,0,0,1.0,1,1.0,1,1.0,1,0.1268094432615677,36
1821,1,2570,1354,1216,0,0,0,1.0,1,1.0,1,1.0,1,0.09360208506888361,36
1822,3,2573,1357,1216,0,0,0,1.0,1,1.0,1,1.0,1,0.08674520328474078,37
1823,1,2574,1358,1216,0,0,0,1.0,1,1.0,1,1.0,1,0.09920599546145352,38
1824,0,2574,1358,1216,0,0,0,1.0,1,1.0,1,1.0,1,0.10941800539533256,37
1825,1,2575,1359,1216,0,0,0,1.0,1,1.0,1,1.0,1,0.1459524737319577,36
1826,1,2576,1360,1216,0,0,0,1.0,1,1.0,1,1.0,1,0.1412083644158116,35
1827,1,2577,1361,1216,0,0,0,1.0,1,1.0,1,1.0,1,0.15730373835952874,35
1828,1,2578,1362,1216,0,0,0,1.0,1,1.0,1,1.0,1,0.16007993104134055,33
1829,0,2578,1362,1216,0,0,0,1.0,1,1.0,1,1.0,1,0.1712216483543704,32
1830,1,2579,1363,1216,0,0,0,1.0,1,1.0,1,1.0,1,0.18145109393210232,32
1831,5,2584,1364,1220,0,0,0,1.0,1,1.0,1,1.0,1,0.13803019748542608,30
1832,0,2584,1364,1220,0,0,0,1.0,1,1.0,1,1.0,1,0.13803019748542608,30
1833,4,2588,1366,1222,0,0,0,1.0,1,1.0,1,1.0,1,0.20862578837370735,29
1834,0,2588,1366,1222,0,0,0,1.0,1,1.0,1,1.0,1,0.18416990029047525,28
1835,3,2591,1368,1223,0,0,0,1.0,1,1.0,1,1.0,1,0.23694729015389324,28
1836,0,2591,1368,1223,0,0,0,1.0,1,1.0,1,1.0,1,0.2374972152177603,29
1837,2,2593,1369,1224,0,0,0,1.0,1,1.0,1,1.0,1,0.27338685998207085,28
1838,0,2593,1369,1224,0,0,0,1.0,1,1.0,1,1.0,1,0.23626094307941817,28
1839,0,2593,1369,1224,0,0,0,1.0,1,1.0,1,1.0,1,0.25337905201282734,27
1840,1,2594,1369,1225,0,0,0,1.0,1,1.0,1,1.0,1,0.2624284893018115,26
1841,2,2596,1369,1227,0,0,0,1.0,1,1.0,1,1.0,1,0.22451640334703812,25
1842,1,2597,1370,1227,0,0,0,1.0,1,1.0,1,1.0,1,0.17490806909685333,26
1843,0,2597,1370,1227,0,0,0,1.0,1,1.0,1,1.0,1,0.17490806909685333,26
1844,1,2598,1371,1227,0,0,0,1.0,1,1.0,1,1.0,1,0.165093652884854,26
1845,0,2598,1371,1227,0,0,0,1.0,1,1.0,1,1.0,1,0.165093652884854,26
1846,2,2600,1373,1227,0,0,0,1.0,1,1.0,1,1.0,1,0.20399769126976922,26
1847,1,2601,1373,1228,0,0,0,1.0,1,1.0,1,1.0,1,0.18431659913017606,26
1848,0,2601,1373,1228,0,0,0,1.0,1,1.0,1,1.0,1,0.1868404657717334,27
1849,0,2601,1373,1228,0,0,0,1.0,1,1.0,1,1.0,1,0.1868404657717334,27
1850,0,2601,1373,1228,0,0,0,1.0,1,1.0,1,1.0,1,0.18908745203895588,28
1851,2,2603,1373,1230,0,0,0,1.0,1,1.0,1,1.0,1,0.11701504907350682,28
1852,0,2603,1373,1230,0,0,0,1.0,1,1.0,1,1.0,1,0.11701504907350682,28
1853,0,2603,1373,1230,0,0,0,1.0,1,1.0,1,1.0,1,0.13716770725382657,27
1854,1,2604,1373,1231,0,0,0,1.0,1,1.0,1,1.0,1,0.12366014800895662,28
1855,0,2604,1373,1231,0,0,0,1.0,1,1.0,1,1.0,1,0.12366014800895662,28
1856,5,2609,1376,1233,0,0,0,1.0,1,1.0,1,1.0,1,0.15880605969559314,30
1857,3,2612,1376,1236,0,0,0,1.0,1,1.0,1,1.0,1,0.13972535059339475,31
1858,3,2615,1378,1237,0,0,0,1.0,1,1.0,1,1.0,1,0.25258687737426705,31
1859,2,2617,1378,1239,0,0,0,1.0,1,1.0,1,1.0,1,0.22323830263382824,31
1860,4,2621,1378,1243,0,0,0,1.0,1,1.0,1,1.0,1,0.2206783037014256,31
1861,1,2622,1378,1244,0,0,0,1.0,1,1.0,1,1.0,1,0.19056502495443925,31
1862,0,2622,1378,1244,0,0,0,1.0,1,1.0,1,1.0,1,0.19056502495443925,31
1863,0,2622,1378,1244,0,0,0,1.0,1,1.0,1,1.0,1,0.20900859846003536,31
1864,1,2623,1379,1244,0,0,0,1.0,1,1.0,1,1.0,1,0.19066299527022199,30
1865,1,2624,1380,1244,0,0,0,1.0,1,1.0,1,1.0,1,0.19766990023002023,27
1866,1,2625,1381,1244,0,0,0,1.0,1,1.0,1,1.0,1,0.2294541502072389,28
1867,0,2625,1381,1244,0,0,0,1.0,1,1.0,1,1.0,1,0.27858355682473,26
1868,2,2627,1383,1244,0,0,0,1.0,1,1.0,1,1.0,1,0.2612147308255631,26
1869,0,2627,1383,1244,0,0,0,1.0,1,1.0,1,1.0,1,0.2772765950909822,25
1870,1,2628,1384,1244,0,0,0,1.0,1,1.0,1,1.0,1,0.23134077956154037,25
1871,2,2630,1385,1245,0,0,0,1.0,1,1.0,1,1.0,1,0.19260171168605256,26
1872,0,2630,1385,1245,0,0,0,1.0,1,1.0,1,1.0,1,0.1901663351124048,25
1873,0,2630,1385,1245,0,0,0,1.0,1,1.0,1,1.0,1,0.21203196935435512,23
1874,1,2631,1386,1245,0,0,0,1.0,1,1.0,1,1.0,1,0.19631457348206163,23
1875,1,2632,1386,1246,0,0,0,1.0,1,1.0,1,1.0,1,0.1796210724324377,21
1876,1,2633,1387,1246,0,0,0,1.0,1,1.0,1,1.0,1,0.23288007591424217,24
1877,1,2634,1388,1246,0,0,0,1.0,1,1.0,1,1.0,1,0.2767518950700171,24
1878,3,2637,1389,1248,0,0,0,1.0,1,1.0,1,1.0,1,0.12436741013764033,26
1879,0,2637,1389,1248,0,0,0,1.0,1,1.0,1,1.0,1,0.12436741013764033,26
1880,0,2637,1389,1248,0,0,0,1.0,1,1.0,1,1.0,1,0.12436741013764033,26
1881,1,2638,1389,1249,0,0,0,1.0,1,1.0,1,1.0,1,0.09931849376870801,26
1882,0,2638,1389,1249,0,0,0,1.0,1,1.0,1,1.0,1,0.12286230034995256,25
1883,0,2638,1389,1249,0,0,0,1.0,1,1.0,1,1.0,1,0.12286230034995256,25
1884,0,2638,1389,1249,0,0,0,1.0,1,1.0,1,1.0,1,0.12286230034995256,25
1885,0,2638,1389,1249,0,0,0,1.0,1,1.0,1,1.0,1,0.12286230034995256,25
1886,0,2638,1389,1249,0,0,0,1.0,1,1.0,1,1.0,1,0.08179650954990217,26
1887,0,2638,1389,1249,0,0,0,1.0,1,1.0,1,1.0,1,0.08179650954990217,26
1888,1,2639,1390,1249,0,0,0,1.0,1,1.0,1,1.0,1,0.11265547066286241,27
1889,0,2639,1390,1249,0,0,0,1.0,1,1.0,1,1.0,1,0.14117417817941308,28
1890,0,2639,1390,1249,0,0,0,1.0,1,1.0,1,1.0,1,0.14117417817941308,28
1891,2,2641,1390,1251,0,0,0,1.0,1,1.0,1,1.0,1,0.11293282114161403,29
1892,0,2641,1390,1251,0,0,0,1.0,1,1.0,1,1.0,1,0.11293282114161403,29
1893,0,2641,1390,1251,0,0,0,1.0,1,1.0,1,1.0,1,0.11293282114161403,29
1894,0,2641,1390,1251,0,0,0,1.0,1,1.0,1,1.0,1,0.11293282114161403,29
1895,1,2642,1390,1252,0,0,0,1.0,1,1.0,1,1.0,1,0.10665307818650695,31
1896,2,2644,1391,1253,0,0,0,1.0,1,1.0,1,1.0,1,0.08259790720022231,31
1897,0,2644,1391,1253,0,0,0,1.0,1,1.0,1,1.0,1,0.08259790720022231,31
1898,0,2644,1391,1253,0,0,0,1.0,1,1.0,1,1.0,1,0.08259790720022231,31
1899,0,2644,1391,1253,0,0,0,1.0,1,1.0,1,1.0,1,0.0831723297327351,32
1900,0,2644,1391,1253,0,0,0,1.0,1,1.0,1,1.0,1,0.0831723297327351,32
1901,0,2644,1391,1253,0,0,0,1.0,1,1.0,1,1.0,1,0.0831723297327351,32
1902,1,2645,1392,1253,0,0,0,1.0,1,1.0,1,1.0,1,0.10550816502537136,32
1903,0,2645,1392,1253,0,0,0,1.0,1,1.0,1,1.0,1,0.10550816502537136,32
1904,0,2645,1392,1253,0,0,0,1.0,1,1.0,1,1.0,1,0.07145750046921893,34
1905,0,2645,1392,1253,0,0,0,1.0,1,1.0,1,1.0,1,0.07145750046921893,34
1906,0,2645,1392,1253,0,0,0,1.0,1,1.0,1,1.0,1,0.08462611617950588,35
1907,2,2647,1392,1255,0,0,0,1.0,1,1.0,1,1.0,1,0.013575051508277484,36
1908,0,2647,1392,1255,0,0,0,1.0,1,1.0,1,1.0,1,0.013575051508277484,36
1909,1,2648,1393,1255,0,0,0,1.0,1,1.0,1,1.0,1,0.059155865951912266,37
1910,1,2649,1393,1256,0,0,0,1.0,1,1.0,1,1.0,1,0.04594018021852593,38
1911,0,2649,1393,1256,0,0,0,1.0,1,1.0,1,1.0,1,0.036752300621458324,37
1912,1,2650,1394,1256,0,0,0,1.0,1,1.0,1,1.0,1,0.044249558429682374,37
1913,0,2650,1394,1256,0,0,0,1.0,1,1.0,1,1.0,1,0.05975904822164445,36
1914,3,2653,1397,1256,0,0,0,1.0,1,1.0,1,1.0,1,0.10229370931062708,37
1915,1,2654,1398,1256,0,0,0,1.0,1,1.0,1,1.0,1,0.09291522175145027,37
1916,1,2655,1399,1256,0,0,0,1.0,1,1.0,1,1.0,1,0.1382201192547274,39
1917,3,2658,1401,1257,0,0,0,1.0,1,1.0,1,1.0,1,0.22418252517283824,38
1918,6,2664,1403,1261,0,0,0,1.0,1,1.0,1,1.0,1,0.19360177859594394,38
1919,0,2664,1403,1261,0,0,0,1.0,1,1.0,1,1.0,1,0.22825845338690418,38
1920,2,2666,1404,1262,0,0,0,1.0,1,1.0,1,1.0,1,0.2318994756001238,39
1921,2,2668,1404,1264,0,0,0,1.0,1,1.0,1,1.0,1,0.18720731403919502,38
1922,2,2670,1405,1265,0,0,0,1.0,1,1.0,1,1.0,1,0.17614074744365243,39
1923,2,2672,1407,1265,0,0,0,1.0,1,1.0,1,1.0,1,0.18549534202961976,40
1924,1,2673,1407,1266,0,0,0,1.0,1,1.0,1,1.0,1,0.15547687332615154,40
1925,0,2673,1407,1266,0,0,0,1.0,1,1.0,1,1.0,1,0.12092516037857914,40
1926,1,2674,1408,1266,0,0,0,1.0,1,1.0,1,1.0,1,0.11081407760721014,40
1927,0,2674,1408,1266,0,0,0,1.0,1,1.0,1,1.0,1,0.10549197215958007,41
1928,1,2675,1409,1266,0,0,0,1.0,1,1.0,1,1.0,1,0.09490331691723096,41
1929,2,2677,1410,1267,0,0,0,1.0,1,1.0,1,1.0,1,0.08694222884754214,40
1930,1,2678,1411,1267,0,0,0,1.0,1,1.0,1,1.0,1,0.11498512388024916,40
1931,1,2679,1411,1268,0,0,0,1.0,1,1.0,1,1.0,1,0.09017891306782527,40
1932,0,2679,1411,1268,0,0,0,1.0,1,1.0,1,1.0,1,0.09017891306782527,40
1933,0,2679,1411,1268,0,0,0,1.0,1,1.0,1,1.0,1,0.10834530071144596,42
1934,0,2679,1411,1268,0,0,0,1.0,1,1.0,1,1.0,1,0.10445827829898838,44
1935,0,2679,1411,1268,0,0,0,1.0,1,1.0,1,1.0,1,0.10445827829898838,44
1936,2,2681,1412,1269,0,0,0,1.0,1,1.0,1,1.0,1,0.1261097930187815,46
1937,1,2682,1413,1269,0,0,0,1.0,1,1.0,1,1.0,1,0.10022374692845067,47
1938,1,2683,1413,1270,0,0,0,1.0,1,1.0,1,1.0,1,0.08737507673512451,47
1939,1,2684,1414,1270,0,0,0,1.0,1,1.0,1,1.0,1,0.0801944117322008,47
1940,1,2685,1415,1270,0,0,0,1.0,1,1.0,1,1.0,1,0.07312413995924018,47
1941,3,2688,1417,1271,0,0,0,1.0,1,1.0,1,1.0,1,0.06361523653185731,47
1942,2,2690,1418,1272,0,0,0,1.0,1,1.0,1,1.0,1,0.07382074971948147,49
1943,2,2692,1420,1272,0,0,0,1.0,1,1.0,1,1.0,1,0.12671480237602115,47
1944,2,2694,1420,1274,0,0,0,1.0,1,1.0,1,1.0,1,0.07165437688485202,47
1945,1,2695,1421,1274,0,0,0,1.0,1,1.0,1,1.0,1,0.1403644028447193,45
1946,0,2695,1421,1274,0,0,0,1.0,1,1.0,1,1.0,1,0.1571842020971308,45
1947,5,2700,1425,1275,0,0,0,1.0,1,1.0,1,1.0,1,0.20006977033158047,45
1948,0,2700,1425,1275,0,0,0,1.0,1,1.0,1,1.0,1,0.21455240826650326,45
1949,4,2704,1429,1275,0,0,0,1.0,1,1.0,1,1.0,1,0.23451138211256187,42
1950,2,2706,1431,1275,0,0,0,1.0,1,1.0,1,1.0,1,0.17928124845845514,42
1951,3,2709,1432,1277,0,0,0,1.0,1,1.0,1,1.0,1,0.14862101662078345,38
1952,3,2712,1433,1279,0,0,0,1.0,1,1.0,1,1.0,1,0.1080985291430335,36
1953,0,2712,1433,1279,0,0,0,1.0,1,1.0,1,1.0,1,0.1395377262321519,35
1954,0,2712,1433,1279,0,0,0,1.0,1,1.0,1,1.0,1,0.17877656382846996,32
1955,0,2712,1433,1279,0,0,0,1.0,1,1.0,1,1.0,1,0.1638227166032773,33
1956,2,2714,1435,1279,0,0,0,1.0,1,1.0,1,1.0,1,0.2489918640191992,31
1957,0,2714,1435,1279,0,0,0,1.0,1,1.0,1,1.0,1,0.23428466428907802,33
1958,3,2717,1437,1280,0,0,0,1.0,1,1.0,1,1.0,1,0.23695371742697777,34
1959,0,2717,1437,1280,0,0,0,1.0,1,1.0,1,1.0,1,0.22226203829157345,35
1960,1,2718,1438,1280,0,0,0,1.0,1,1.0,1,1.0,1,0.24044804215288654,36
1961,5,2723,1439,1284,0,0,0,1.0,1,1.0,1,1.0,1,0.15326903605765368,36
1962,0,2723,1439,1284,0,0,0,1.0,1,1.0,1,1.0,1,0.13210350137014212,35
1963,0,2723,1439,1284,0,0,0,1.0,1,1.0,1,1.0,1,0.14678640060368908,36
1964,3,2726,1442,1284,0,0,0,1.0,1,1.0,1,1.0,1,0.1372172865212633,35
1965,2,2728,1443,1285,0,0,0,1.0,1,1.0,1,1.0,1,0.08115326751333676,36
1966,3,2731,1445,1286,0,0,0,1.0,1,1.0,1,1.0,1,0.06417489741655492,36
1967,1,2732,1446,1286,0,0,0,1.0,1,1.0,1,1.0,1,0.048605179090997735,36
1968,1,2733,1447,1286,0,0,0,1.0,1,1.0,1,1.0,1,0.08769195271371591,37
1969,0,2733,1447,1286,0,0,0,1.0,1,1.0,1,1.0,1,0.08769195271371591,37
1970,1,2734,1448,1286,0,0,0,1.0,1,1.0,1,1.0,1,0.1562189250897775,38
1971,2,2736,1449,1287,0,0,0,1.0,1,1.0,1,1.0,1,0.1458061149911807,37
1972,0,2736,1449,1287,0,0,0,1.0,1,1.0,1,1.0,1,0.1458061149911807,37
1973,2,2738,1450,1288,0,0,0,1.0,1,1.0,1,1.0,1,0.15664940476296157,37
1974,1,2739,1450,1289,0,0,0,1.0,1,1.0,1,1.0,1,0.13035130710871184,38
1975,0,2739,1450,1289,0,0,0,1.0,1,1.0,1,1.0,1,0.15942226945147014,37
1976,2,2741,1450,1291,0,0,0,1.0,1,1.0,1,1.0,1,0.1485859404165096,39
1977,1,2742,1451,1291,0,0,0,1.0,1,1.0,1,1.0,1,0.1176382479784593,42
1978,1,2743,1452,1291,0,0,0,1.0,1,1.0,1,1.0,1,0.10963186561207816,42
1979,0,2743,1452,1291,0,0,0,1.0,1,1.0,1,1.0,1,0.10963186561207816,42
1980,0,2743,1452,1291,0,0,0,1.0,1,1.0,1,1.0,1,0.11421286192177064,43
1981,1,2744,1452,1292,0,0,0,1.0,1,1.0,1,1.0,1,0.11779992195415755,44
1982,3,2747,1454,1293,0,0,0,1.0,1,1.0,1,1.0,1,0.0814099421282383,44
1983,1,2748,1455,1293,0,0,0,1.0,1,1.0,1,1.0,1,0.08599107446205584,44
1984,1,2749,1456,1293,0,0,0,1.0,1,1.0,1,1.0,1,0.1200423903861126,42
1985,0,2749,1456,1293,0,0,0,1.0,1,1.0,1,1.0,1,0.11001934547490509,41
1986,0,2749,1456,1293,0,0,0,1.0,1,1.0,1,1.0,1,0.12369650808371789,40
1987,0,2749,1456,1293,0,0,0,1.0,1,1.0,1,1.0,1,0.12659739642720344,37
1988,3,2752,1459,1293,0,0,0,1.0,1,1.0,1,1.0,1,0.13052811872656153,35
1989,2,2754,1461,1293,0,0,0,1.0,1,1.0,1,1.0,1,0.1700831497400219,32
1990,2,2756,1463,1293,0,0,0,1.0,1,1.0,1,1.0,1,0.14680338880200774,31
1991,1,2757,1463,1294,0,0,0,1.0,1,1.0,1,1.0,1,0.15078133148712608,32
1992,2,2759,1465,1294,0,0,0,1.0,1,1.0,1,1.0,1,0.19652138375046402,32
1993,4,2763,1468,1295,0,0,0,1.0,1,1.0,1,1.0,1,0.15750582694212853,32
1994,0,2763,1468,1295,0,0,0,1.0,1,1.0,1,1.0,1,0.1445120245863788,31
1995,0,2763,1468,1295,0,0,0,1.0,1,1.0,1,1.0,1,0.12775788396026772,32
1996,1,2764,1468,1296,0,0,0,1.0,1,1.0,1,1.0,1,0.10930348765131097,32
1997,0,2764,1468,1296,0,0,0,1.0,1,1.0,1,1.0,1,0.143414081369554,31
1998,0,2764,1468,1296,0,0,0,1.0,1,1.0,1,1.0,1,0.11496692736548134,32
1999,0,2764,1468,1296,0,0,0,1.0,1,1.0,1,1.0,1,0.15232440676975925,31
2000,0,2764,1468,1296,0,0,0,1.0,1,1.0,1,1.0,1,0.13993045386041877,30
2001,2,2766,1468,1298,0,0,0,1.0,1,1.0,1,1.0,1,0.15385790954652928,29
2002,0,2766,1468,1298,0,0,0,1.0,1,1.0,1,1.0,1,0.11098376283507794,31
2003,1,2767,1469,1298,0,0,0,1.0,1,1.0,1,1.0,1,0.1263304169492465,33
2004,1,2768,1470,1298,0,0,0,1.0,1,1.0,1,1.0,1,0.16879285359403626,34
2005,2,2770,1470,1300,0,0,0,1.0,1,1.0,1,1.0,1,0.15198050438751584,35
2006,2,2772,1472,1300,0,0,0,1.0,1,1.0,1,1.0,1,0.12690605603917351,36
2007,1,2773,1473,1300,0,0,0,1.0,1,1.0,1,1.0,1,0.134322217823815,36
2008,2,2775,1475,1300,0,0,0,1.0,1,1.0,1,1.0,1,0.16640660876966074,36
2009,0,2775,1475,1300,0,0,0,1.0,1,1.0,1,1.0,1,0.1488207097927319,37
2010,1,2776,1476,1300,0,0,0,1.0,1,1.0,1,1.0,1,0.15949370953732508,37
2011,2,2778,1476,1302,0,0,0,1.0,1,1.0,1,1.0,1,0.10951624905785275,37
2012,1,2779,1477,1302,0,0,0,1.0,1,1.0,1,1.0,1,0.09868016158674352,37
2013,1,2780,1477,1303,0,0,0,1.0,1,1.0,1,1.0,1,0.10241151262263752,39
2014,0,2780,1477,1303,0,0,0,1.0,1,1.0,1,1.0,1,0.14123336325033115,39
2015,0,2780,1477,1303,0,0,0,1.0,1,1.0,1,1.0,1,0.14123336325033115,39
2016,2,2782,1479,1303,0,0,0,1.0,1,1.0,1,1.0,1,0.11597675897901533,41
2017,0,2782,1479,1303,0,0,0,1.0,1,1.0,1,1.0,1,0.11597675897901533,41
2018,4,2786,1482,1304,0,0,0,1.0,1,1.0,1,1.0,1,0.1509194916236575,42
2019,2,2788,1483,1305,0,0,0,1.0,1,1.0,1,1.0,1,0.1338071447046424,43
2020,2,2790,1485,1305,0,0,0,1.0,1,1.0,1,1.0,1,0.16678520509607045,43
2021,3,2793,1485,1308,0,0,0,1.0,1,1.0,1,1.0,1,0.11196987443654352,43
2022,0,2793,1485,1308,0,0,0,1.0,1,1.0,1,1.0,1,0.09486780419136326,44
2023,2,2795,1487,1308,0,0,0,1.0,1,1.0,1,1.0,1,0.19734647240273587,42
2024,5,2800,1490,1310,0,0,0,1.0,1,1.0,1,1.0,1,0.14905125853137147,41
2025,2,2802,1492,1310,0,0,0,1.0,1,1.0,1,1.0,1,0.2208806345557557,39
2026,0,2802,1492,1310,0,0,0,1.0,1,1.0,1,1.0,1,0.19961666065613212,39
2027,1,2803,1493,1310,0,0,0,1.0,1,1.0,1,1.0,1,0.28328355136940125,38
2028,0,2803,1493,1310,0,0,0,1.0,1,1.0,1,1.0,1,0.2668900410413789,37
2029,0,2803,1493,1310,0,0,0,1.0,1,1.0,1,1.0,1,0.26886961177602586,35
2030,1,2804,1494,1310,0,0,0,1.0,1,1.0,1,1.0,1,0.2735389391800252,32
2031,7,2811,1498,1313,0,0,0,1.0,1,1.0,1,1.0,1,0.1543370064514446,34
2032,2,2813,1498,1315,0,0,0,1.0,1,1.0,1,1.0,1,0.12850603487948767,35
2033,2,2815,1500,1315,0,0,0,1.0,1,1.0,1,1.0,1,0.1312765323373431,35
2034,2,2817,1501,1316,0,0,0,1.0,1,1.0,1,1.0,1,0.14053114898812932,35
2035,2,2819,1503,1316,0,0,0,1.0,1,1.0,1,1.0,1,0.14275318403794982,36
2036,2,2821,1504,1317,0,0,0,1.0,1,1.0,1,1.0,1,0.15774122395808454,35
2037,1,2822,1505,1317,0,0,0,1.0,1,1.0,1,1.0,1,0.16737204193260038,36
2038,2,2824,1506,1318,0,0,0,1.0,1,1.0,1,1.0,1,0.17062649098750968,38
2039,1,2825,1507,1318,0,0,0,1.0,1,1.0,1,1.0,1,0.1464767121130217,38
2040,0,2825,1507,1318,0,0,0,1.0,1,1.0,1,1.0,1,0.13323872048978158,37
2041,4,2829,1507,1322,0,0,0,1.0,1,1.0,1,1.0,1,0.0751337161787679,38
2042,0,2829,1507,1322,0,0,0,1.0,1,1.0,1,1.0,1,0.0751337161787679,38
2043,2,2831,1508,1323,0,0,0,1.0,1,1.0,1,1.0,1,0.08048476170126594,38
2044,0,2831,1508,1323,0,0,0,1.0,1,1.0,1,1.0,1,0.07453949826864038,39
2045,2,2833,1508,1325,0,0,0,1.0,1,1.0,1,1.0,1,0.05754211690887798,40
2046,0,2833,1508,1325,0,0,0,1.0,1,1.0,1,1.0,1,0.04138163465508318,41
2047,0,2833,1508,1325,0,0,0,1.0,1,1.0,1,1.0,1,0.04138163465508318,41
2048,0,2833,1508,1325,0,0,0,1.0,1,1.0,1,1.0,1,0.03720554569170681,43
2049,1,2834,1509,1325,0,0,0,1.0,1,1.0,1,1.0,1,0.014429095919218914,43
2050,0,2834,1509,1325,0,0,0,1.0,1,1.0,1,1.0,1,0.03454419644648169,43
2051,2,2836,1511,1325,0,0,0,1.0,1,1.0,1,1.0,1,0.12384671573549469,43
2052,0,2836,1511,1325,0,0,0,1.0,1,1.0,1,1.0,1,0.1275224968511542,44
2053,1,2837,1512,1325,0,0,0,1.0,1,1.0,1,1.0,1,0.1766071671359598,43
2054,2,2839,1514,1325,0,0,0,1.0,1,1.0,1,1.0,1,0.16230965912714915,44
2055,1,2840,1514,1326,0,0,0,1.0,1,1.0,1,1.0,1,0.15439699317816408,43
2056,1,2841,1514,1327,0,0,0,1.0,1,1.0,1,1.0,1,0.1289330570954542,44
2057,3,2844,1517,1327,0,0,0,1.0,1,1.0,1,1.0,1,0.1365814078870015,44
2058,2,2846,1519,1327,0,0,0,1.0,1,1.0,1,1.0,1,0.11364754739502193,44
2059,0,2846,1519,1327,0,0,0,1.0,1,1.0,1,1.0,1,0.12864547257660414,45
2060,2,2848,1520,1328,0,0,0,1.0,1,1.0,1,1.0,1,0.16037651718263402,46
2061,2,2850,1522,1328,0,0,0,1.0,1,1.0,1,1.0,1,0.13140986350562786,48
2062,0,2850,1522,1328,0,0,0,1.0,1,1.0,1,1.0,1,0.13140986350562786,48
2063,2,2852,1523,1329,0,0,0,1.0,1,1.0,1,1.0,1,0.13267877674098705,45
2064,1,2853,1524,1329,0,0,0,1.0,1,1.0,1,1.0,1,0.14471318924436583,44
2065,0,2853,1524,1329,0,0,0,1.0,1,1.0,1,1.0,1,0.15831902808131915,42
2066,3,2856,1527,1329,0,0,0,1.0,1,1.0,1,1.0,1,0.0863662257402832,42
2067,0,2856,1527,1329,0,0,0,1.0,1,1.0,1,1.0,1,0.0847008481416933,38
2068,1,2857,1528,1329,0,0,0,1.0,1,1.0,1,1.0,1,0.12491281236521538,37
2069,0,2857,1528,1329,0,0,0,1.0,1,1.0,1,1.0,1,0.1348386789735955,35
2070,2,2859,1530,1329,0,0,0,1.0,1,1.0,1,1.0,1,0.1545208087872216,35
2071,2,2861,1530,1331,0,0,0,1.0,1,1.0,1,1.0,1,0.1407281090138124,34
2072,3,2864,1532,1332,0,0,0,1.0,1,1.0,1,1.0,1,0.18908911730167607,35
2073,5,2869,1532,1337,0,0,0,1.0,1,1.0,1,1.0,1,0.1083580577833856,37
2074,0,2869,1532,1337,0,0,0,1.0,1,1.0,1,1.0,1,0.09137554203110967,36
2075,1,2870,1532,1338,0,0,0,1.0,1,1.0,1,1.0,1,0.08415681286704418,38
2076,0,2870,1532,1338,0,0,0,1.0,1,1.0,1,1.0,1,0.06506691070657522,37
2077,0,2870,1532,1338,0,0,0,1.0,1,1.0,1,1.0,1,0.06506691070657522,37
2078,0,2870,1532,1338,0,0,0,1.0,1,1.0,1,1.0,1,0.06506691070657522,37
2079,0,2870,1532,1338,0,0,0,1.0,1,1.0,1,1.0,1,0.06506691070657522,37
2080,0,2870,1532,1338,0,0,0,1.0,1,1.0,1,1.0,1,0.0825416303581596,36
2081,3,2873,1534,1339,0,0,0,1.0,1,1.0,1,1.0,1,0.0663767395878737,37
2082,2,2875,1535,1340,0,0,0,1.0,1,1.0,1,1.0,1,0.08550766675019637,38
2083,1,2876,1536,1340,0,0,0,1.0,1,1.0,1,1.0,1,0.0925876731755538,39
2084,1,2877,1537,1340,0,0,0,1.0,1,1.0,1,1.0,1,0.14228450967173883,41
2085,3,2880,1540,1340,0,0,0,1.0,1,1.0,1,1.0,1,0.1727656995305199,41
2086,2,2882,1540,1342,0,0,0,1.0,1,1.0,1,1.0,1,0.11203392214865904,44
2087,4,2886,1542,1344,0,0,0,1.0,1,1.0,1,1.0,1,0.1254363885425618,44
2088,2,2888,1542,1346,0,0,0,1.0,1,1.0,1,1.0,1,0.12769111318874155,45
2089,3,2891,1543,1348,0,0,0,1.0,1,1.0,1,1.0,1,0.11068315567252687,46
2090,1,2892,1543,1349,0,0,0,1.0,1,1.0,1,1.0,1,0.08750663422979381,47
2091,3,2895,1544,1351,0,0,0,1.0,1,1.0,1,1.0,1,0.07958136284648061,48
2092,1,2896,1544,1352,0,0,0,1.0,1,1.0,1,1.0,1,0.05495376043105362,48
2093,0,2896,1544,1352,0,0,0,1.0,1,1.0,1,1.0,1,0.05495376043105362,48
2094,1,2897,1544,1353,0,0,0,1.0,1,1.0,1,1.0,1,0.050044038547590756,47
2095,0,2897,1544,1353,0,0,0,1.0,1,1.0,1,1.0,1,0.06191326080784351,49
2096,0,2897,1544,1353,0,0,0,1.0,1,1.0,1,1.0,1,0.046956723939136115,50
2097,0,2897,1544,1353,0,0,0,1.0,1,1.0,1,1.0,1,0.046956723939136115,50
2098,1,2898,1545,1353,0,0,0,1.0,1,1.0,1,1.0,1,0.0540277248403894,51
2099,1,2899,1546,1353,0,0,0,1.0,1,1.0,1,1.0,1,0.09473292967956234,50
2100,1,2900,1547,1353,0,0,0,1.0,1,1.0,1,1.0,1,0.09136381262237245,49
2101,2,2902,1547,1355,0,0,0,1.0,1,1.0,1,1.0,1,0.07462282557018027,48
2102,3,2905,1550,1355,0,0,0,1.0,1,1.0,1,1.0,1,0.13470937032063834,49
2103,1,2906,1551,1355,0,0,0,1.0,1,1.0,1,1.0,1,0.1248200440877894,44
2104,0,2906,1551,1355,0,0,0,1.0,1,1.0,1,1.0,1,0.13709338657460993,42
2105,2,2908,1553,1355,0,0,0,1.0,1,1.0,1,1.0,1,0.16200311876331822,40
2106,0,2908,1553,1355,0,0,0,1.0,1,1.0,1,1.0,1,0.186660788058327,39
2107,1,2909,1554,1355,0,0,0,1.0,1,1.0,1,1.0,1,0.1443989126139533,37
2108,1,2910,1555,1355,0,0,0,1.0,1,1.0,1,1.0,1,0.15657972170220716,37
2109,0,2910,1555,1355,0,0,0,1.0,1,1.0,1,1.0,1,0.13871650282779827,36
2110,0,2910,1555,1355,0,0,0,1.0,1,1.0,1,1.0,1,0.09642440610171564,35
2111,2,2912,1557,1355,0,0,0,1.0,1,1.0,1,1.0,1,0.11949764409856908,35
2112,0,2912,1557,1355,0,0,0,1.0,1,1.0,1,1.0,1,0.11949764409856908,35
2113,1,2913,1558,1355,0,0,0,1.0,1,1.0,1,1.0,1,0.15252961672416665,35
2114,1,2914,1559,1355,0,0,0,1.0,1,1.0,1,1.0,1,0.14362196753318507,36
2115,3,2917,1561,1356,0,0,0,1.0,1,1.0,1,1.0,1,0.08965681020143813,37
2116,2,2919,1563,1356,0,0,0,1.0,1,1.0,1,1.0,1,0.10890810058788916,39
2117,0,2919,1563,1356,0,0,0,1.0,1,1.0,1,1.0,1,0.07882076211161096,39
2118,1,2920,1563,1357,0,0,0,1.0,1,1.0,1,1.0,1,0.0691689564906031,41
2119,1,2921,1564,1357,0,0,0,1.0,1,1.0,1,1.0,1,0.0909891034218715,42
2120,2,2923,1564,1359,0,0,0,1.0,1,1.0,1,1.0,1,0.09403132706137715,42
2121,1,2924,1565,1359,0,0,0,1.0,1,1.0,1,1.0,1,0.1124204170301977,42
2122,1,2925,1565,1360,0,0,0,1.0,1,1.0,1,1.0,1,0.0840722914201634,43
2123,0,2925,1565,1360,0,0,0,1.0,1,1.0,1,1.0,1,0.10184736777018409,42
2124,0,2925,1565,1360,0,0,0,1.0,1,1.0,1,1.0,1,0.10184736777018409,42
2125,0,2925,1565,1360,0,0,0,1.0,1,1.0,1,1.0,1,0.11725988442468929,41
2126,0,2925,1565,1360,0,0,0,1.0,1,1.0,1,1.0,1,0.11725988442468929,41
2127,0,2925,1565,1360,0,0,0,1.0,1,1.0,1,1.0,1,0.11725988442468929,41
2128,1,2926,1565,1361,0,0,0,1.0,1,1.0,1,1.0,1,0.07176805076541325,42
2129,0,2926,1565,1361,0,0,0,1.0,1,1.0,1,1.0,1,0.08349453181381275,43
2130,2,2928,1565,1363,0,0,0,1.0,1,1.0,1,1.0,1,0.03418009228566664,45
2131,1,2929,1566,1363,0,0,0,1.0,1,1.0,1,1.0,1,0.06143168149723646,44
2132,0,2929,1566,1363,0,0,0,1.0,1,1.0,1,1.0,1,0.06143168149723646,44
2133,1,2930,1567,1363,0,0,0,1.0,1,1.0,1,1.0,1,0.05166706112229689,45
2134,2,2932,1569,1363,0,0,0,1.0,1,1.0,1,1.0,1,0.07150791561218844,45
2135,2,2934,1571,1363,0,0,0,1.0,1,1.0,1,1.0,1,0.06607324266457397,46
2136,3,2937,1573,1364,0,0,0,1.0,1,1.0,1,1.0,1,0.09108909337385561,47
2137,4,2941,1577,1364,0,0,0,1.0,1,1.0,1,1.0,1,0.18343225887775097,47
2138,2,2943,1579,1364,0,0,0,1.0,1,1.0,1,1.0,1,0.1795981226734011,45
2139,3,2946,1580,1366,0,0,0,1.0,1,1.0,1,1.0,1,0.1810927253147347,45
2140,5,2951,1582,1369,0,0,0,1.0,1,1.0,1,1.0,1,0.14227760934717365,44
2141,5,2956,1584,1372,0,0,0,1.0,1,1.0,1,1.0,1,0.053805121853438075,45
2142,1,2957,1585,1372,0,0,0,1.0,1,1.0,1,1.0,1,0.018853961455822747,46
2143,1,2958,1586,1372,0,0,0,1.0,1,1.0,1,1.0,1,0.05752284133655968,46
2144,1,2959,1587,1372,0,0,0,1.0,1,1.0,1,1.0,1,0.024979990392887234,48
2145,3,2962,1589,1373,0,0,0,1.0,1,1.0,1,1.0,1,0.07064708857625328,46
2146,0,2962,1589,1373,0,0,0,1.0,1,1.0,1,1.0,1,0.07674493956243532,45
2147,3,2965,1592,1373,0,0,0,1.0,1,1.0,1,1.0,1,0.10722511867035314,44
2148,1,2966,1593,1373,0,0,0,1.0,1,1.0,1,1.0,1,0.09213201722470132,44
2149,4,2970,1597,1373,0,0,0,1.0,1,1.0,1,1.0,1,0.07926394418705068,42
2150,2,2972,1599,1373,0,0,0,1.0,1,1.0,1,1.0,1,0.0845963702392742,40
2151,2,2974,1601,1373,0,0,0,1.0,1,1.0,1,1.0,1,0.04219575701044043,39
2152,1,2975,1602,1373,0,0,0,1.0,1,1.0,1,1.0,1,0.05144947915215805,40
2153,3,2978,1604,1374,0,0,0,1.0,1,1.0,1,1.0,1,0.08888955355047339,42
2154,2,2980,1604,1376,0,0,0,1.0,1,1.0,1,1.0,1,0.08419735238655303,42
2155,0,2980,1604,1376,0,0,0,1.0,1,1.0,1,1.0,1,0.0837673678431463,41
2156,0,2980,1604,1376,0,0,0,1.0,1,1.0,1,1.0,1,0.1286332839702706,40
2157,0,2980,1604,1376,0,0,0,1.0,1,1.0,1,1.0,1,0.1286332839702706,40
2158,2,2982,1606,1376,0,0,0,1.0,1,1.0,1,1.0,1,0.11416813579431302,38
2159,0,2982,1606,1376,0,0,0,1.0,1,1.0,1,1.0,1,0.11869818234937264,38
2160,1,2983,1607,1376,0,0,0,1.0,1,1.0,1,1.0,1,0.1275256426634259,38
2161,4,2987,1609,1378,0,0,0,1.0,1,1.0,1,1.0,1,0.12323646315373253,38
2162,1,2988,1610,1378,0,0,0,1.0,1,1.0,1,1.0,1,0.15478949873918382,38
2163,2,2990,1612,1378,0,0,0,1.0,1,1.0,1,1.0,1,0.20822023418945176,40
2164,1,2991,1613,1378,0,0,0,1.0,1,1.0,1,1.0,1,0.26767102362879225,41
2165,2,2993,1615,1378,0,0,0,1.0,1,1.0,1,1.0,1,0.2467124030485596,42
2166,1,2994,1615,1379,0,0,0,1.0,1,1.0,1,1.0,1,0.23670576213996766,42
2167,0,2994,1615,1379,0,0,0,1.0,1,1.0,1,1.0,1,0.21258953053148355,43
2168,0,2994,1615,1379,0,0,0,1.0,1,1.0,1,1.0,1,0.19288724786638997,43
2169,0,2994,1615,1379,0,0,0,1.0,1,1.0,1,1.0,1,0.19536430067063118,45
2170,4,2998,1617,1381,0,0,0,1.0,1,1.0,1,1.0,1,0.18670569211269014,46
2171,2,3000,1617,1383,0,0,0,1.0,1,1.0,1,1.0,1,0.16507486640245808,48
2172,2,3002,1618,1384,0,0,0,1.0,1,1.0,1,1.0,1,0.16436675470739404,49
2173,1,3003,1619,1384,0,0,0,1.0,1,1.0,1,1.0,1,0.14224739094883232,49
2174,3,3006,1622,1384,0,0,0,1.0,1,1.0,1,1.0,1,0.1496261072974451,49
2175,0,3006,1622,1384,0,0,0,1.0,1,1.0,1,1.0,1,0.1496261072974451,49
2176,2,3008,1624,1384,0,0,0,1.0,1,1.0,1,1.0,1,0.13184871948050203,51
2177,5,3013,1626,1387,0,0,0,1.0,1,1.0,1,1.0,1,0.09416409586720277,51
2178,2,3015,1628,1387,0,0,0,1.0,1,1.0,1,1.0,1,0.09836377492941079,50
2179,5,3020,1631,1389,0,0,0,1.0,1,1.0,1,1.0,1,0.037808592660427943,49
2180,2,3022,1631,1391,0,0,0,1.0,1,1.0,1,1.0,1,0.03607563174470577,47
2181,2,3024,1633,1391,0,0,0,1.0,1,1.0,1,1.0,1,0.04370709111461032,47
2182,1,3025,1634,1391,0,0,0,1.0,1,1.0,1,1.0,1,0.047922601448976906,45
2183,1,3026,1635,1391,0,0,0,1.0,1,1.0,1,1.0,1,0.08027277285447462,44
2184,1,3027,1636,1391,0,0,0,1.0,1,1.0,1,1.0,1,0.07347377726870842,43
2185,4,3031,1640,1391,0,0,0,1.0,1,1.0,1,1.0,1,0.11506691115546995,40
2186,3,3034,1643,1391,0,0,0,1.0,1,1.0,1,1.0,1,0.11391737215972979,38
2187,3,3037,1646,1391,0,0,0,1.0,1,1.0,1,1.0,1,0.1097485633410739,35
2188,1,3038,1647,1391,0,0,0,1.0,1,1.0,1,1.0,1,0.1345726808447345,34
2189,0,3038,1647,1391,0,0,0,1.0,1,1.0,1,1.0,1,0.0970426800209183,31
2190,1,3039,1648,1391,0,0,0,1.0,1,1.0,1,1.0,1,0.1514697148992697,29
2191,1,3040,1649,1391,0,0,0,1.0,1,1.0,1,1.0,1,0.17537882783758776,28
2192,2,3042,1650,1392,0,0,0,1.0,1,1.0,1,1.0,1,0.20952346592738966,29
2193,1,3043,1651,1392,0,0,0,1.0,1,1.0,1,1.0,1,0.23415560960251927,28
2194,0,3043,1651,1392,0,0,0,1.0,1,1.0,1,1.0,1,0.23374502034720404,27
2195,2,3045,1653,1392,0,0,0,1.0,1,1.0,1,1.0,1,0.24172266021945554,27
2196,3,3048,1654,1394,0,0,0,1.0,1,1.0,1,1.0,1,0.27858010251796483,27
2197,1,3049,1655,1394,0,0,0,1.0,1,1.0,1,1.0,1,0.26082923910554373,27
2198,0,3049,1655,1394,0,0,0,1.0,1,1.0,1,1.0,1,0.22760308339830973,28
2199,2,3051,1656,1395,0,0,0,1.0,1,1.0,1,1.0,1,0.21096136298099502,29
2200,1,3052,1656,1396,0,0,0,1.0,1,1.0,1,1.0,1,0.20086100833782047,31
2201,3,3055,1658,1397,0,0,0,1.0,1,1.0,1,1.0,1,0.16168158918815778,32
2202,0,3055,1658,1397,0,0,0,1.0,1,1.0,1,1.0,1,0.17773105047914298,31
2203,1,3056,1658,1398,0,0,0,1.0,1,1.0,1,1.0,1,0.1300814148367584,32
2204,1,3057,1658,1399,0,0,0,1.0,1,1.0,1,1.0,1,0.12442384206692986,32
2205,1,3058,1659,1399,0,0,0,1.0,1,1.0,1,1.0,1,0.16403253275841942,33
2206,0,3058,1659,1399,0,0,0,1.0,1,1.0,1,1.0,1,0.1614293112210214,32
2207,0,3058,1659,1399,0,0,0,1.0,1,1.0,1,1.0,1,0.12498044919874796,33
2208,0,3058,1659,1399,0,0,0,1.0,1,1.0,1,1.0,1,0.08406057180737088,35
2209,2,3060,1660,1400,0,0,0,1.0,1,1.0,1,1.0,1,0.11174970676722557,36
2210,2,3062,1661,1401,0,0,0,1.0,1,1.0,1,1.0,1,0.09931070426040015,35
2211,0,3062,1661,1401,0,0,0,1.0,1,1.0,1,1.0,1,0.11435354347984436,36
2212,1,3063,1661,1402,0,0,0,1.0,1,1.0,1,1.0,1,0.1250253364226528,37
2213,4,3067,1665,1402,0,0,0,1.0,1,1.0,1,1.0,1,0.12441286706398128,37
2214,0,3067,1665,1402,0,0,0,1.0,1,1.0,1,1.0,1,0.09546528632676016,39
2215,4,3071,1669,1402,0,0,0,1.0,1,1.0,1,1.0,1,0.10966387229123951,36
2216,2,3073,1671,1402,0,0,0,1.0,1,1.0,1,1.0,1,0.11527467664744535,37
2217,2,3075,1673,1402,0,0,0,1.0,1,1.0,1,1.0,1,0.13885179129950972,35
2218,0,3075,1673,1402,0,0,0,1.0,1,1.0,1,1.0,1,0.13885179129950972,35
2219,0,3075,1673,1402,0,0,0,1.0,1,1.0,1,1.0,1,0.13301604258614397,33
2220,0,3075,1673,1402,0,0,0,1.0,1,1.0,1,1.0,1,0.12483505438100093,31
2221,2,3077,1674,1403,0,0,0,1.0,1,1.0,1,1.0,1,0.05249248218697206,31
2222,1,3078,1675,1403,0,0,0,1.0,1,1.0,1,1.0,1,0.08608031246781625,30
2223,0,3078,1675,1403,0,0,0,1.0,1,1.0,1,1.0,1,0.08218382364764597,28
2224,3,3081,1678,1403,0,0,0,1.0,1,1.0,1,1.0,1,0.11249197429847595,29
2225,2,3083,1680,1403,0,0,0,1.0,1,1.0,1,1.0,1,0.12333880707134566,28
2226,1,3084,1681,1403,0,0,0,1.0,1,1.0,1,1.0,1,0.08345296643927204,30
2227,0,3084,1681,1403,0,0,0,1.0,1,1.0,1,1.0,1,0.1290684431862684,28
2228,2,3086,1683,1403,0,0,0,1.0,1,1.0,1,1.0,1,0.10127181670041611,29
2229,1,3087,1684,1403,0,0,0,1.0,1,1.0,1,1.0,1,0.10409773342252288,28
2230,0,3087,1684,1403,0,0,0,1.0,1,1.0,1,1.0,1,0.10143681405157325,28
2231,2,3089,1685,1404,0,0,0,1.0,1,1.0,1,1.0,1,0.16152420844866922,27
2232,0,3089,1685,1404,0,0,0,1.0,1,1.0,1,1.0,1,0.14796701583664829,27
2233,0,3089,1685,1404,0,0,0,1.0,1,1.0,1,1.0,1,0.1365921444894587,28
2234,3,3092,1688,1404,0,0,0,1.0,1,1.0,1,1.0,1,0.08027334265586344,26
2235,0,3092,1688,1404,0,0,0,1.0,1,1.0,1,1.0,1,0.08027334265586344,26
2236,1,3093,1689,1404,0,0,0,1.0,1,1.0,1,1.0,1,0.017525384786216205,26
2237,4,3097,1693,1404,0,0,0,1.0,1,1.0,1,1.0,1,0.1000584246602748,26
2238,1,3098,1694,1404,0,0,0,1.0,1,1.0,1,1.0,1,0.13078701483882402,27
2239,2,3100,1696,1404,0,0,0,1.0,1,1.0,1,1.0,1,0.1695695849933779,28
2240,5,3105,1699,1406,0,0,0,1.0,1,1.0,1,1.0,1,0.1311964415394928,30
2241,2,3107,1700,1407,0,0,0,1.0,1,1.0,1,1.0,1,0.10540751156930168,29
2242,2,3109,1702,1407,0,0,0,1.0,1,1.0,1,1.0,1,0.1422593524260437,29
2243,1,3110,1703,1407,0,0,0,1.0,1,1.0,1,1.0,1,0.1565379545505147,29
2244,0,3110,1703,1407,0,0,0,1.0,1,1.0,1,1.0,1,0.1565379545505147,29
2245,0,3110,1703,1407,0,0,0,1.0,1,1.0,1,1.0,1,0.17168716487750435,30
2246,0,3110,1703,1407,0,0,0,1.0,1,1.0,1,1.0,1,0.15943113701042028,33
2247,0,3110,1703,1407,0,0,0,1.0,1,1.0,1,1.0,1,0.14355474477226923,34
2248,0,3110,1703,1407,0,0,0,1.0,1,1.0,1,1.0,1,0.14355474477226923,34
2249,0,3110,1703,1407,0,0,0,1.0,1,1.0,1,1.0,1,0.11421946094341161,35
2250,2,3112,1704,1408,0,0,0,1.0,1,1.0,1,1.0,1,0.130011264833673,35
2251,0,3112,1704,1408,0,0,0,1.0,1,1.0,1,1.0,1,0.10119423323610453,36
2252,1,3113,1705,1408,0,0,0,1.0,1,1.0,1,1.0,1,0.1562043482631694,37
2253,2,3115,1707,1408,0,0,0,1.0,1,1.0,1,1.0,1,0.1512971322597563,35
2254,0,3115,1707,1408,0,0,0,1.0,1,1.0,1,1.0,1,0.11641389012094683,33
2255,1,3116,1708,1408,0,0,0,1.0,1,1.0,1,1.0,1,0.15004506573208803,35
2256,2,3118,1710,1408,0,0,0,1.0,1,1.0,1,1.0,1,0.1302100197761181,34
2257,2,3120,1712,1408,0,0,0,1.0,1,1.0,1,1.0,1,0.13824713374895653,36
2258,1,3121,1713,1408,0,0,0,1.0,1,1.0,1,1.0,1,0.13869290738929227,35
2259,0,3121,1713,1408,0,0,0,1.0,1,1.0,1,1.0,1,0.1427328630634763,35
2260,1,3122,1714,1408,0,0,0,1.0,1,1.0,1,1.0,1,0.12337548550461626,33
2261,3,3125,1715,1410,0,0,0,1.0,1,1.0,1,1.0,1,0.1267894488166766,33
2262,1,3126,1715,1411,0,0,0,1.0,1,1.0,1,1.0,1,0.11051865586157282,32
2263,2,3128,1717,1411,0,0,0,1.0,1,1.0,1,1.0,1,0.17278662335516728,31
2264,1,3129,1717,1412,0,0,0,1.0,1,1.0,1,1.0,1,0.15491359456408024,30
2265,1,3130,1718,1412,0,0,0,1.0,1,1.0,1,1.0,1,0.1636705370867102,29
2266,2,3132,1720,1412,0,0,0,1.0,1,1.0,1,1.0,1,0.05521456089708213,30
2267,1,3133,1721,1412,0,0,0,1.0,1,1.0,1,1.0,1,0.06202868148429079,29
2268,4,3137,1725,1412,0,0,0,1.0,1,1.0,1,1.0,1,0.06257234332028266,30
2269,1,3138,1726,1412,0,0,0,1.0,1,1.0,1,1.0,1,0.08016974789981665,31
2270,4,3142,1729,1413,0,0,0,1.0,1,1.0,1,1.0,1,0.19337020924013823,31
2271,4,3146,1732,1414,0,0,0,1.0,1,1.0,1,1.0,1,0.12698016023744327,31
2272,2,3148,1733,1415,0,0,0,1.0,1,1.0,1,1.0,1,0.12289466760034523,31
2273,0,3148,1733,1415,0,0,0,1.0,1,1.0,1,1.0,1,0.11773519876583734,30
2274,1,3149,1734,1415,0,0,0,1.0,1,1.0,1,1.0,1,0.0721770712773069,31
2275,0,3149,1734,1415,0,0,0,1.0,1,1.0,1,1.0,1,0.08543089512350531,32
2276,0,3149,1734,1415,0,0,0,1.0,1,1.0,1,1.0,1,0.11400434766182377,31
2277,0,3149,1734,1415,0,0,0,1.0,1,1.0,1,1.0,1,0.12444703372332586,31
2278,2,3151,1736,1415,0,0,0,1.0,1,1.0,1,1.0,1,0.15866971699654292,32
2279,1,3152,1737,1415,0,0,0,1.0,1,1.0,1,1.0,1,0.19251663829508772,32
2280,0,3152,1737,1415,0,0,0,1.0,1,1.0,1,1.0,1,0.15586827599109254,33
2281,2,3154,1737,1417,0,0,0,1.0,1,1.0,1,1.0,1,0.11328792414300502,34
2282,1,3155,1738,1417,0,0,0,1.0,1,1.0,1,1.0,1,0.15028377454111808,34
2283,0,3155,1738,1417,0,0,0,1.0,1,1.0,1,1.0,1,0.15028377454111808,34
2284,1,3156,1739,1417,0,0,0,1.0,1,1.0,1,1.0,1,0.15048082999654053,34
2285,0,3156,1739,1417,0,0,0,1.0,1,1.0,1,1.0,1,0.14253899917669519,35
2286,2,3158,1739,1419,0,0,0,1.0,1,1.0,1,1.0,1,0.10321186025068059,34
2287,1,3159,1740,1419,0,0,0,1.0,1,1.0,1,1.0,1,0.1131036729342495,35
2288,0,3159,1740,1419,0,0,0,1.0,1,1.0,1,1.0,1,0.07700243036459369,35
2289,3,3162,1742,1420,0,0,0,1.0,1,1.0,1,1.0,1,0.108237658306116,37
2290,0,3162,1742,1420,0,0,0,1.0,1,1.0,1,1.0,1,0.10642199172414676,37
2291,2,3164,1744,1420,0,0,0,1.0,1,1.0,1,1.0,1,0.16267134622237397,35
2292,0,3164,1744,1420,0,0,0,1.0,1,1.0,1,1.0,1,0.16854633301976574,35
2293,1,3165,1745,1420,0,0,0,1.0,1,1.0,1,1.0,1,0.18424751579186266,34
2294,1,3166,1745,1421,0,0,0,1.0,1,1.0,1,1.0,1,0.13643044512830002,33
2295,0,3166,1745,1421,0,0,0,1.0,1,1.0,1,1.0,1,0.13920028720143607,34
2296,0,3166,1745,1421,0,0,0,1.0,1,1.0,1,1.0,1,0.12173076464146206,33
2297,0,3166,1745,1421,0,0,0,1.0,1,1.0,1,1.0,1,0.14926384469925344,32
2298,3,3169,1747,1422,0,0,0,1.0,1,1.0,1,1.0,1,0.15430703461780484,32
2299,1,3170,1748,1422,0,0,0,1.0,1,1.0,1,1.0,1,0.1592316095022626,33
2300,3,3173,1750,1423,0,0,0,1.0,1,1.0,1,1.0,1,0.14737485192945343,33
2301,1,3174,1751,1423,0,0,0,1.0,1,1.0,1,1.0,1,0.16747531989396225,33
2302,2,3176,1753,1423,0,0,0,1.0,1,1.0,1,1.0,1,0.21941000494978147,34
2303,2,3178,1755,1423,0,0,0,1.0,1,1.0,1,1.0,1,0.2501812764703736,34
2304,2,3180,1755,1425,0,0,0,1.0,1,1.0,1,1.0,1,0.16004023595853561,33
2305,2,3182,1756,1426,0,0,0,1.0,1,1.0,1,1.0,1,0.1501285246682941,33
2306,3,3185,1759,1426,0,0,0,1.0,1,1.0,1,1.0,1,0.23312037029318605,33
2307,1,3186,1759,1427,0,0,0,1.0,1,1.0,1,1.0,1,0.19719639403403258,35
2308,2,3188,1761,1427,0,0,0,1.0,1,1.0,1,1.0,1,0.22261393894701703,34
2309,2,3190,1761,1429,0,0,0,1.0,1,1.0,1,1.0,1,0.18754188391695226,34
2310,0,3190,1761,1429,0,0,0,1.0,1,1.0,1,1.0,1,0.1849346817094491,34
2311,1,3191,1761,1430,0,0,0,1.0,1,1.0,1,1.0,1,0.13223646082881246,35
2312,1,3192,1762,1430,0,0,0,1.0,1,1.0,1,1.0,1,0.13698481124273854,34
2313,0,3192,1762,1430,0,0,0,1.0,1,1.0,1,1.0,1,0.06404467558998032,35
2314,1,3193,1763,1430,0,0,0,1.0,1,1.0,1,1.0,1,0.11059602059447557,35
2315,0,3193,1763,1430,0,0,0,1.0,1,1.0,1,1.0,1,0.12474706155831183,34
2316,0,3193,1763,1430,0,0,0,1.0,1,1.0,1,1.0,1,0.11627162817834871,35
2317,1,3194,1764,1430,0,0,0,1.0,1,1.0,1,1.0,1,0.14002481324873428,32
2318,1,3195,1765,1430,0,0,0,1.0,1,1.0,1,1.0,1,0.15210573721090972,32
2319,1,3196,1766,1430,0,0,0,1.0,1,1.0,1,1.0,1,0.17142633230808516,32
2320,0,3196,1766,1430,0,0,0,1.0,1,1.0,1,1.0,1,0.18703393111329544,32
2321,2,3198,1766,1432,0,0,0,1.0,1,1.0,1,1.0,1,0.15694951665658707,33
2322,0,3198,1766,1432,0,0,0,1.0,1,1.0,1,1.0,1,0.15694951665658707,33
2323,1,3199,1767,1432,0,0,0,1.0,1,1.0,1,1.0,1,0.12879690190664864,33
2324,1,3200,1768,1432,0,0,0,1.0,1,1.0,1,1.0,1,0.12058673798021909,34
2325,0,3200,1768,1432,0,0,0,1.0,1,1.0,1,1.0,1,0.11106753650761396,35
2326,0,3200,1768,1432,0,0,0,1.0,1,1.0,1,1.0,1,0.11106753650761396,35
2327,0,3200,1768,1432,0,0,0,1.0,1,1.0,1,1.0,1,0.13175256706993219,36
2328,0,3200,1768,1432,0,0,0,1.0,1,1.0,1,1.0,1,0.135728921178586,37
2329,0,3200,1768,1432,0,0,0,1.0,1,1.0,1,1.0,1,0.12399405674750986,37
2330,0,3200,1768,1432,0,0,0,1.0,1,1.0,1,1.0,1,0.12758359830678068,38
2331,0,3200,1768,1432,0,0,0,1.0,1,1.0,1,1.0,1,0.12638296939961635,40
2332,0,3200,1768,1432,0,0,0,1.0,1,1.0,1,1.0,1,0.12638296939961635,40
2333,0,3200,1768,1432,0,0,0,1.0,1,1.0,1,1.0,1,0.11567721389608282,41
2334,0,3200,1768,1432,0,0,0,1.0,1,1.0,1,1.0,1,0.11567721389608282,41
2335,0,3200,1768,1432,0,0,0,1.0,1,1.0,1,1.0,1,0.11567721389608282,41
2336,1,3201,1768,1433,0,0,0,1.0,1,1.0,1,1.0,1,0.08612655168276363,41
2337,2,3203,1768,1435,0,0,0,1.0,1,1.0,1,1.0,1,0.03931585820432717,42
2338,4,3207,1770,1437,0,0,0,1.0,1,1.0,1,1.0,1,0.06917078268453157,43
2339,1,3208,1771,1437,0,0,0,1.0,1,1.0,1,1.0,1,0.09492178463107329,43
2340,4,3212,1773,1439,0,0,0,1.0,1,1.0,1,1.0,1,0.09944079704626317,45
2341,3,3215,1773,1442,0,0,0,1.0,1,1.0,1,1.0,1,0.05342484094156,45
2342,1,3216,1774,1442,0,0,0,1.0,1,1.0,1,1.0,1,0.0947616795767343,46
2343,1,3217,1775,1442,0,0,0,1.0,1,1.0,1,1.0,1,0.07250715449031937,45
2344,3,3220,1777,1443,0,0,0,1.0,1,1.0,1,1.0,1,0.08900666170337088,44
2345,2,3222,1778,1444,0,0,0,1.0,1,1.0,1,1.0,1,0.12721008149460708,44
2346,0,3222,1778,1444,0,0,0,1.0,1,1.0,1,1.0,1,0.12721008149460708,44
2347,2,3224,1779,1445,0,0,0,1.0,1,1.0,1,1.0,1,0.1239577257395725,44
2348,0,3224,1779,1445,0,0,0,1.0,1,1.0,1,1.0,1,0.12225900952730238,45
2349,3,3227,1780,1447,0,0,0,1.0,1,1.0,1,1.0,1,0.09159865656166583,46
2350,4,3231,1781,1450,0,0,0,1.0,1,1.0,1,1.0,1,0.09375239549221921,47
2351,2,3233,1781,1452,0,0,0,1.0,1,1.0,1,1.0,1,0.06327983355179456,47
2352,0,3233,1781,1452,0,0,0,1.0,1,1.0,1,1.0,1,0.06327983355179456,47
2353,1,3234,1782,1452,0,0,0,1.0,1,1.0,1,1.0,1,0.09755893583221825,46
2354,2,3236,1784,1452,0,0,0,1.0,1,1.0,1,1.0,1,0.09825676650870789,47
2355,0,3236,1784,1452,0,0,0,1.0,1,1.0,1,1.0,1,0.09825676650870789,47
2356,1,3237,1785,1452,0,0,0,1.0,1,1.0,1,1.0,1,0.10120885388517707,47
2357,1,3238,1786,1452,0,0,0,1.0,1,1.0,1,1.0,1,0.11529092992231492,47
2358,2,3240,1786,1454,0,0,0,1.0,1,1.0,1,1.0,1,0.07618114332233018,48
2359,0,3240,1786,1454,0,0,0,1.0,1,1.0,1,1.0,1,0.06580528844458698,49
2360,1,3241,1787,1454,0,0,0,1.0,1,1.0,1,1.0,1,0.08519462531017875,49
2361,1,3242,1788,1454,0,0,0,1.0,1,1.0,1,1.0,1,0.0447429157113139,50
2362,0,3242,1788,1454,0,0,0,1.0,1,1.0,1,1.0,1,0.031779406041211586,51
2363,0,3242,1788,1454,0,0,0,1.0,1,1.0,1,1.0,1,0.031779406041211586,51
2364,1,3243,1789,1454,0,0,0,1.0,1,1.0,1,1.0,1,0.03161715096315128,52
2365,2,3245,1791,1454,0,0,0,1.0,1,1.0,1,1.0,1,0.055412119864177496,53
2366,4,3249,1793,1456,0,0,0,1.0,1,1.0,1,1.0,1,0.0565680486752689,54
2367,3,3252,1796,1456,0,0,0,1.0,1,1.0,1,1.0,1,0.07281671771233404,52
2368,3,3255,1799,1456,0,0,0,1.0,1,1.0,1,1.0,1,0.10738981916624829,51
2369,2,3257,1801,1456,0,0,0,1.0,1,1.0,1,1.0,1,0.12342610975062243,51
2370,4,3261,1805,1456,0,0,0,1.0,1,1.0,1,1.0,1,0.14740885038004348,52
2371,7,3268,1808,1460,0,0,0,1.0,1,1.0,1,1.0,1,0.10565217104633608,52
2372,1,3269,1809,1460,0,0,0,1.0,1,1.0,1,1.0,1,0.1300987891534461,49
2373,1,3270,1810,1460,0,0,0,1.0,1,1.0,1,1.0,1,0.12900422324740365,47
2374,0,3270,1810,1460,0,0,0,1.0,1,1.0,1,1.0,1,0.11108166391819996,45
2375,0,3270,1810,1460,0,0,0,1.0,1,1.0,1,1.0,1,0.07705171683607484,45
2376,0,3270,1810,1460,0,0,0,1.0,1,1.0,1,1.0,1,0.07611150288935943,43
2377,1,3271,1811,1460,0,0,0,1.0,1,1.0,1,1.0,1,0.04857202684279692,44
2378,3,3274,1813,1461,0,0,0,1.0,1,1.0,1,1.0,1,0.08224649637185788,43
2379,3,3277,1816,1461,0,0,0,1.0,1,1.0,1,1.0,1,0.12104818284683952,43
2380,1,3278,1817,1461,0,0,0,1.0,1,1.0,1,1.0,1,0.0924721176013147,43
2381,3,3281,1820,1461,0,0,0,1.0,1,1.0,1,1.0,1,0.08379747985563027,44
2382,2,3283,1820,1463,0,0,0,1.0,1,1.0,1,1.0,1,0.040800989280131615,44
2383,1,3284,1821,1463,0,0,0,1.0,1,1.0,1,1.0,1,0.04305290052388125,45
2384,2,3286,1822,1464,0,0,0,1.0,1,1.0,1,1.0,1,0.051469339597218736,45
2385,2,3288,1823,1465,0,0,0,1.0,1,1.0,1,1.0,1,0.05190842587406472,45
2386,2,3290,1825,1465,0,0,0,1.0,1,1.0,1,1.0,1,0.03993566507065819,46
2387,1,3291,1826,1465,0,0,0,1.0,1,1.0,1,1.0,1,0.05528788781660264,44
2388,1,3292,1827,1465,0,0,0,1.0,1,1.0,1,1.0,1,0.03869635485034518,44
2389,1,3293,1828,1465,0,0,0,1.0,1,1.0,1,1.0,1,0.07270024947531109,43
2390,2,3295,1830,1465,0,0,0,1.0,1,1.0,1,1.0,1,0.07663902804208585,44
2391,1,3296,1831,1465,0,0,0,1.0,1,1.0,1,1.0,1,0.06493565212720831,43
2392,2,3298,1832,1466,0,0,0,1.0,1,1.0,1,1.0,1,0.08478802747532031,44
2393,2,3300,1834,1466,0,0,0,1.0,1,1.0,1,1.0,1,0.13844808470469422,45
2394,1,3301,1834,1467,0,0,0,1.0,1,1.0,1,1.0,1,0.15490216265790935,44
2395,1,3302,1835,1467,0,0,0,1.0,1,1.0,1,1.0,1,0.19328109537945393,44
2396,3,3305,1836,1469,0,0,0,1.0,1,1.0,1,1.0,1,0.20440339668259783,45
2397,1,3306,1836,1470,0,0,0,1.0,1,1.0,1,1.0,1,0.22563662971099818,44
2398,2,3308,1837,1471,0,0,0,1.0,1,1.0,1,1.0,1,0.24906004311926508,44
2399,1,3309,1837,1472,0,0,0,1.0,1,1.0,1,1.0,1,0.23635596669770978,45
2400,0,3309,1837,1472,0,0,0,1.0,1,1.0,1,1.0,1,0.23635596669770978,45
2401,5,3314,1837,1477,0,0,0,1.0,1,1.0,1,1.0,1,0.1730822014421116,46
2402,0,3314,1837,1477,0,0,0,1.0,1,1.0,1,1.0,1,0.14002777831286872,47
2403,0,3314,1837,1477,0,0,0,1.0,1,1.0,1,1.0,1,0.13212715676230297,48
2404,3,3317,1840,1477,0,0,0,1.0,1,1.0,1,1.0,1,0.14462337633678937,47
2405,0,3317,1840,1477,0,0,0,1.0,1,1.0,1,1.0,1,0.12638649925771417,45
2406,0,3317,1840,1477,0,0,0,1.0,1,1.0,1,1.0,1,0.12638649925771417,45
2407,2,3319,1842,1477,0,0,0,1.0,1,1.0,1,1.0,1,0.10445449585530556,42
2408,1,3320,1843,1477,0,0,0,1.0,1,1.0,1,1.0,1,0.09492029480111647,41
2409,3,3323,1846,1477,0,0,0,1.0,1,1.0,1,1.0,1,0.11582166225715981,41
2410,0,3323,1846,1477,0,0,0,1.0,1,1.0,1,1.0,1,0.10579123122555456,40
2411,4,3327,1850,1477,0,0,0,1.0,1,1.0,1,1.0,1,0.09985780982381878,40
2412,1,3328,1851,1477,0,0,0,1.0,1,1.0,1,1.0,1,0.08247324236222446,38
2413,2,3330,1853,1477,0,0,0,1.0,1,1.0,1,1.0,1,0.15423598734539232,38
2414,2,3332,1855,1477,0,0,0,1.0,1,1.0,1,1.0,1,0.11909030995559422,36
2415,2,3334,1856,1478,0,0,0,1.0,1,1.0,1,1.0,1,0.15636302000244182,36
2416,0,3334,1856,1478,0,0,0,1.0,1,1.0,1,1.0,1,0.16366594682057428,35
2417,1,3335,1857,1478,0,0,0,1.0,1,1.0,1,1.0,1,0.24206470562406596,33
2418,0,3335,1857,1478,0,0,0,1.0,1,1.0,1,1.0,1,0.24206470562406596,33
2419,2,3337,1858,1479,0,0,0,1.0,1,1.0,1,1.0,1,0.30598361881251457,33
2420,4,3341,1862,1479,0,0,0,1.0,1,1.0,1,1.0,1,0.14761426217087345,34
2421,1,3342,1862,1480,0,0,0,1.0,1,1.0,1,1.0,1,0.1380677645373955,34
2422,2,3344,1863,1481,0,0,0,1.0,1,1.0,1,1.0,1,0.09134103399207974,35
2423,2,3346,1865,1481,0,0,0,1.0,1,1.0,1,1.0,1,0.08744984378253014,36
2424,1,3347,1866,1481,0,0,0,1.0,1,1.0,1,1.0,1,0.06970355934236973,35
2425,3,3350,1869,1481,0,0,0,1.0,1,1.0,1,1.0,1,0.1256160099268051,33
2426,0,3350,1869,1481,0,0,0,1.0,1,1.0,1,1.0,1,0.1373841230506536,34
2427,2,3352,1871,1481,0,0,0,1.0,1,1.0,1,1.0,1,0.12892121916898422,34
2428,0,3352,1871,1481,0,0,0,1.0,1,1.0,1,1.0,1,0.12892121916898422,34
2429,1,3353,1872,1481,0,0,0,1.0,1,1.0,1,1.0,1,0.19752545088577889,34
2430,0,3353,1872,1481,0,0,0,1.0,1,1.0,1,1.0,1,0.23199071436213642,33
2431,3,3356,1874,1482,0,0,0,1.0,1,1.0,1,1.0,1,0.18647837351652535,33
2432,0,3356,1874,1482,0,0,0,1.0,1,1.0,1,1.0,1,0.23506620384242596,33
2433,2,3358,1876,1482,0,0,0,1.0,1,1.0,1,1.0,1,0.22975690252681827,34
2434,0,3358,1876,1482,0,0,0,1.0,1,1.0,1,1.0,1,0.22975690252681827,34
2435,2,3360,1877,1483,0,0,0,1.0,1,1.0,1,1.0,1,0.23915825482503666,34
2436,2,3362,1879,1483,0,0,0,1.0,1,1.0,1,1.0,1,0.1992393569386443,33
2437,1,3363,1880,1483,0,0,0,1.0,1,1.0,1,1.0,1,0.20969557252328394,33
2438,1,3364,1880,1484,0,0,0,1.0,1,1.0,1,1.0,1,0.1727620528212552,34
2439,0,3364,1880,1484,0,0,0,1.0,1,1.0,1,1.0,1,0.1783197181787555,35
2440,1,3365,1880,1485,0,0,0,1.0,1,1.0,1,1.0,1,0.15968918535423174,35
2441,3,3368,1881,1487,0,0,0,1.0,1,1.0,1,1.0,1,0.14565028060327276,35
2442,1,3369,1881,1488,0,0,0,1.0,1,1.0,1,1.0,1,0.10765633977761675,35
2443,3,3372,1884,1488,0,0,0,1.0,1,1.0,1,1.0,1,0.20386127833971626,35
2444,2,3374,1885,1489,0,0,0,1.0,1,1.0,1,1.0,1,0.21045349152422685,34
2445,2,3376,1886,1490,0,0,0,1.0,1,1.0,1,1.0,1,0.2339563426145263,33
2446,0,3376,1886,1490,0,0,0,1.0,1,1.0,1,1.0,1,0.24239584589192548,30
2447,2,3378,1888,1490,0,0,0,1.0,1,1.0,1,1.0,1,0.19853529529211564,29
2448,2,3380,1890,1490,0,0,0,1.0,1,1.0,1,1.0,1,0.13751712461112317,27
2449,0,3380,1890,1490,0,0,0,1.0,1,1.0,1,1.0,1,0.12146357250394384,26
2450,1,3381,1891,1490,0,0,0,1.0,1,1.0,1,1.0,1,0.09619207584481615,28
2451,1,3382,1891,1491,0,0,0,1.0,1,1.0,1,1.0,1,0.045828278030837874,28
2452,1,3383,1892,1491,0,0,0,1.0,1,1.0,1,1.0,1,0.06593656776294694,29
2453,1,3384,1893,1491,0,0,0,1.0,1,1.0,1,1.0,1,0.09904903294777682,30
2454,3,3387,1895,1492,0,0,0,1.0,1,1.0,1,1.0,1,0.105707865238233,32
2455,3,3390,1896,1494,0,0,0,1.0,1,1.0,1,1.0,1,0.11172706275472873,33
2456,3,3393,1898,1495,0,0,0,1.0,1,1.0,1,1.0,1,0.13350767292279533,34
2457,2,3395,1899,1496,0,0,0,1.0,1,1.0,1,1.0,1,0.13197580970846323,34
2458,1,3396,1900,1496,0,0,0,1.0,1,1.0,1,1.0,1,0.1090565023603406,36
2459,0,3396,1900,1496,0,0,0,1.0,1,1.0,1,1.0,1,0.1090565023603406,36
2460,2,3398,1901,1497,0,0,0,1.0,1,1.0,1,1.0,1,0.10061980859378995,37
2461,2,3400,1902,1498,0,0,0,1.0,1,1.0,1,1.0,1,0.12446246331586892,37
2462,1,3401,1903,1498,0,0,0,1.0,1,1.0,1,1.0,1,0.16608450366987873,38
2463,0,3401,1903,1498,0,0,0,1.0,1,1.0,1,1.0,1,0.1479808534893106,38
2464,3,3404,1904,1500,0,0,0,1.0,1,1.0,1,1.0,1,0.07646801520366227,37
2465,1,3405,1905,1500,0,0,0,1.0,1,1.0,1,1.0,1,0.08051010149748043,36
2466,1,3406,1906,1500,0,0,0,1.0,1,1.0,1,1.0,1,0.10842693116056493,36
2467,0,3406,1906,1500,0,0,0,1.0,1,1.0,1,1.0,1,0.12961250886703252,34
2468,1,3407,1907,1500,0,0,0,1.0,1,1.0,1,1.0,1,0.1777100066233712,33
2469,1,3408,1908,1500,0,0,0,1.0,1,1.0,1,1.0,1,0.19909901800158764,32
2470,0,3408,1908,1500,0,0,0,1.0,1,1.0,1,1.0,1,0.1817694070598784,33
2471,3,3411,1908,1503,0,0,0,1.0,1,1.0,1,1.0,1,0.11547241663052325,31
2472,0,3411,1908,1503,0,0,0,1.0,1,1.0,1,1.0,1,0.1257212482394223,32
2473,1,3412,1909,1503,0,0,0,1.0,1,1.0,1,1.0,1,0.13815510483338436,31
2474,2,3414,1910,1504,0,0,0,1.0,1,1.0,1,1.0,1,0.12811830186828574,33
2475,4,3418,1911,1507,0,0,0,1.0,1,1.0,1,1.0,1,0.1610586564193513,33
2476,1,3419,1912,1507,0,0,0,1.0,1,1.0,1,1.0,1,0.21380995419831064,33
2477,1,3420,1913,1507,0,0,0,1.0,1,1.0,1,1.0,1,0.2448473554126819,33
2478,0,3420,1913,1507,0,0,0,1.0,1,1.0,1,1.0,1,0.2448473554126819,33
2479,2,3422,1915,1507,0,0,0,1.0,1,1.0,1,1.0,1,0.275810975389859,33
2480,1,3423,1916,1507,0,0,0,1.0,1,1.0,1,1.0,1,0.25761357865260714,34
2481,7,3430,1919,1511,0,0,0,1.0,1,1.0,1,1.0,1,0.15972270855595816,33
2482,2,3432,1920,1512,0,0,0,1.0,1,1.0,1,1.0,1,0.11714075189954848,34
2483,0,3432,1920,1512,0,0,0,1.0,1,1.0,1,1.0,1,0.09411096137606206,33
2484,1,3433,1921,1512,0,0,0,1.0,1,1.0,1,1.0,1,0.08088268012736798,32
2485,1,3434,1922,1512,0,0,0,1.0,1,1.0,1,1.0,1,0.0343026334199494,31
2486,2,3436,1924,1512,0,0,0,1.0,1,1.0,1,1.0,1,0.06822073576740915,29
2487,1,3437,1925,1512,0,0,0,1.0,1,1.0,1,1.0,1,0.032968322015381434,29
2488,1,3438,1926,1512,0,0,0,1.0,1,1.0,1,1.0,1,0.08734180313904152,30
2489,1,3439,1927,1512,0,0,0,1.0,1,1.0,1,1.0,1,0.050390625644773854,29
2490,0,3439,1927,1512,0,0,0,1.0,1,1.0,1,1.0,1,0.04330120301770222,30
2491,0,3439,1927,1512,0,0,0,1.0,1,1.0,1,1.0,1,0.050957970351775794,30
2492,1,3440,1928,1512,0,0,0,1.0,1,1.0,1,1.0,1,0.06830322750878114,29
2493,0,3440,1928,1512,0,0,0,1.0,1,1.0,1,1.0,1,0.06830322750878114,29
2494,1,3441,1929,1512,0,0,0,1.0,1,1.0,1,1.0,1,0.04022448684119389,28
2495,0,3441,1929,1512,0,0,0,1.0,1,1.0,1,1.0,1,0.029828197411195172,29
2496,0,3441,1929,1512,0,0,0,1.0,1,1.0,1,1.0,1,0.033076827980018604,28
2497,0,3441,1929,1512,0,0,0,1.0,1,1.0,1,1.0,1,0.05878160705921434,28
2498,0,3441,1929,1512,0,0,0,1.0,1,1.0,1,1.0,1,0.08478432861664846,29
2499,0,3441,1929,1512,0,0,0,1.0,1,1.0,1,1.0,1,0.09087053729586161,30
2500,1,3442,1930,1512,0,0,0,1.0,1,1.0,1,1.0,1,0.09923724451117542,29
2501,4,3446,1933,1513,0,0,0,1.0,1,1.0,1,1.0,1,0.05746007634166975,33
2502,1,3447,1934,1513,0,0,0,1.0,1,1.0,1,1.0,1,0.0715929603571923,33
2503,2,3449,1936,1513,0,0,0,1.0,1,1.0,1,1.0,1,0.09668752248951125,31
2504,2,3451,1938,1513,0,0,0,1.0,1,1.0,1,1.0,1,0.06714180120663626,31
2505,2,3453,1940,1513,0,0,0,1.0,1,1.0,1,1.0,1,0.040050577011630756,32
2506,3,3456,1942,1514,0,0,0,1.0,1,1.0,1,1.0,1,0.05233372248354251,31
2507,3,3459,1945,1514,0,0,0,1.0,1,1.0,1,1.0,1,0.1674363703910232,29
2508,4,3463,1947,1516,0,0,0,1.0,1,1.0,1,1.0,1,0.17274940758480323,31
2509,2,3465,1948,1517,0,0,0,1.0,1,1.0,1,1.0,1,0.1404489839072664,30
2510,1,3466,1948,1518,0,0,0,1.0,1,1.0,1,1.0,1,0.20150181197981254,31
2511,3,3469,1950,1519,0,0,0,1.0,1,1.0,1,1.0,1,0.049141884937229804,32
2512,1,3470,1951,1519,0,0,0,1.0,1,1.0,1,1.0,1,0.09464287647971124,32
2513,0,3470,1951,1519,0,0,0,1.0,1,1.0,1,1.0,1,0.06706811006190838,34
2514,2,3472,1952,1520,0,0,0,1.0,1,1.0,1,1.0,1,0.02294256356020626,35
2515,0,3472,1952,1520,0,0,0,1.0,1,1.0,1,1.0,1,0.02294256356020626,35
2516,2,3474,1954,1520,0,0,0,1.0,1,1.0,1,1.0,1,0.11480139238633423,34
2517,2,3476,1955,1521,0,0,0,1.0,1,1.0,1,1.0,1,0.11572545762626396,34
2518,1,3477,1956,1521,0,0,0,1.0,1,1.0,1,1.0,1,0.1608391556480777,33
2519,1,3478,1957,1521,0,0,0,1.0,1,1.0,1,1.0,1,0.11323263614848308,32
2520,2,3480,1958,1522,0,0,0,1.0,1,1.0,1,1.0,1,0.04390757110849173,31
2521,1,3481,1959,1522,0,0,0,1.0,1,1.0,1,1.0,1,0.0874151087011869,31
2522,0,3481,1959,1522,0,0,0,1.0,1,1.0,1,1.0,1,0.043563322193362286,30
2523,0,3481,1959,1522,0,0,0,1.0,1,1.0,1,1.0,1,0.08136266548827537,30
2524,0,3481,1959,1522,0,0,0,1.0,1,1.0,1,1.0,1,0.12366805200777822,29
2525,0,3481,1959,1522,0,0,0,1.0,1,1.0,1,1.0,1,0.12366805200777822,29
2526,0,3481,1959,1522,0,0,0,1.0,1,1.0,1,1.0,1,0.16201261955534713,27
2527,0,3481,1959,1522,0,0,0,1.0,1,1.0,1,1.0,1,0.1449122539854965,28
2528,0,3481,1959,1522,0,0,0,1.0,1,1.0,1,1.0,1,0.1449122539854965,28
2529,0,3481,1959,1522,0,0,0,1.0,1,1.0,1,1.0,1,0.1449122539854965,28
2530,0,3481,1959,1522,0,0,0,1.0,1,1.0,1,1.0,1,0.1473436508566945,29
2531,1,3482,1959,1523,0,0,0,1.0,1,1.0,1,1.0,1,0.11119490188429818,30
2532,1,3483,1959,1524,0,0,0,1.0,1,1.0,1,1.0,1,0.080752642999524,31
2533,0,3483,1959,1524,0,0,0,1.0,1,1.0,1,1.0,1,0.080752642999524,31
2534,0,3483,1959,1524,0,0,0,1.0,1,1.0,1,1.0,1,0.080752642999524,31
2535,1,3484,1960,1524,0,0,0,1.0,1,1.0,1,1.0,1,0.14599712939300752,31
2536,0,3484,1960,1524,0,0,0,1.0,1,1.0,1,1.0,1,0.15028515945056206,32
2537,2,3486,1962,1524,0,0,0,1.0,1,1.0,1,1.0,1,0.14792195224260155,33
2538,1,3487,1962,1525,0,0,0,1.0,1,1.0,1,1.0,1,0.10979088679756979,35
2539,3,3490,1965,1525,0,0,0,1.0,1,1.0,1,1.0,1,0.1428555635488709,37
2540,7,3497,1969,1528,0,0,0,1.0,1,1.0,1,1.0,1,0.1404704861064717,38
2541,0,3497,1969,1528,0,0,0,1.0,1,1.0,1,1.0,1,0.13231248702571677,39
2542,3,3500,1972,1528,0,0,0,1.0,1,1.0,1,1.0,1,0.17574473582067351,38
2543,2,3502,1974,1528,0,0,0,1.0,1,1.0,1,1.0,1,0.1616216671137385,41
2544,1,3503,1975,1528,0,0,0,1.0,1,1.0,1,1.0,1,0.14769832045367573,39
2545,1,3504,1976,1528,0,0,0,1.0,1,1.0,1,1.0,1,0.1782689038637087,40
2546,1,3505,1977,1528,0,0,0,1.0,1,1.0,1,1.0,1,0.15423643768152245,38
2547,4,3509,1981,1528,0,0,0,1.0,1,1.0,1,1.0,1,0.1641384554800979,38
2548,0,3509,1981,1528,0,0,0,1.0,1,1.0,1,1.0,1,0.1441279960492192,35
2549,0,3509,1981,1528,0,0,0,1.0,1,1.0,1,1.0,1,0.13150372165720253,35
2550,0,3509,1981,1528,0,0,0,1.0,1,1.0,1,1.0,1,0.1344470346973982,33
2551,1,3510,1982,1528,0,0,0,1.0,1,1.0,1,1.0,1,0.19306211362615286,31
2552,0,3510,1982,1528,0,0,0,1.0,1,1.0,1,1.0,1,0.2008464373572543,30
2553,1,3511,1983,1528,0,0,0,1.0,1,1.0,1,1.0,1,0.23718493544276756,30
2554,0,3511,1983,1528,0,0,0,1.0,1,1.0,1,1.0,1,0.22452770400470887,32
2555,0,3511,1983,1528,0,0,0,1.0,1,1.0,1,1.0,1,0.2564081798750984,32
2556,2,3513,1985,1528,0,0,0,1.0,1,1.0,1,1.0,1,0.20766572422491147,32
2557,1,3514,1986,1528,0,0,0,1.0,1,1.0,1,1.0,1,0.20778725431280282,30
2558,0,3514,1986,1528,0,0,0,1.0,1,1.0,1,1.0,1,0.1717019809754598,31
2559,0,3514,1986,1528,0,0,0,1.0,1,1.0,1,1.0,1,0.15954741200548278,30
2560,0,3514,1986,1528,0,0,0,1.0,1,1.0,1,1.0,1,0.15954741200548278,30
2561,0,3514,1986,1528,0,0,0,1.0,1,1.0,1,1.0,1,0.15954741200548278,30
2562,0,3514,1986,1528,0,0,0,1.0,1,1.0,1,1.0,1,0.16646273489155242,33
2563,0,3514,1986,1528,0,0,0,1.0,1,1.0,1,1.0,1,0.16646273489155242,33
2564,0,3514,1986,1528,0,0,0,1.0,1,1.0,1,1.0,1,0.16646273489155242,33
2565,1,3515,1987,1528,0,0,0,1.0,1,1.0,1,1.0,1,0.14100354075954258,33
2566,1,3516,1988,1528,0,0,0,1.0,1,1.0,1,1.0,1,0.14074663476196111,35
2567,2,3518,1990,1528,0,0,0,1.0,1,1.0,1,1.0,1,0.1646074323090838,36
2568,2,3520,1991,1529,0,0,0,1.0,1,1.0,1,1.0,1,0.18581192482967052,37
2569,0,3520,1991,1529,0,0,0,1.0,1,1.0,1,1.0,1,0.18581192482967052,37
2570,0,3520,1991,1529,0,0,0,1.0,1,1.0,1,1.0,1,0.19714944090878272,37
2571,0,3520,1991,1529,0,0,0,1.0,1,1.0,1,1.0,1,0.19714944090878272,37
2572,0,3520,1991,1529,0,0,0,1.0,1,1.0,1,1.0,1,0.17665526384990732,39
2573,0,3520,1991,1529,0,0,0,1.0,1,1.0,1,1.0,1,0.17665526384990732,39
2574,0,3520,1991,1529,0,0,0,1.0,1,1.0,1,1.0,1,0.17471569501214215,38
2575,0,3520,1991,1529,0,0,0,1.0,1,1.0,1,1.0,1,0.17471569501214215,38
2576,0,3520,1991,1529,0,0,0,1.0,1,1.0,1,1.0,1,0.2031741225103959,37
2577,1,3521,1992,1529,0,0,0,1.0,1,1.0,1,1.0,1,0.2169964576149346,39
2578,4,3525,1994,1531,0,0,0,1.0,1,1.0,1,1.0,1,0.2287440614511133,40
2579,1,3526,1994,1532,0,0,0,1.0,1,1.0,1,1.0,1,0.19812359483420522,41
2580,3,3529,1995,1534,0,0,0,1.0,1,1.0,1,1.0,1,0.16638324356868536,42
2581,2,3531,1995,1536,0,0,0,1.0,1,1.0,1,1.0,1,0.11153900548983581,43
2582,2,3533,1995,1538,0,0,0,1.0,1,1.0,1,1.0,1,0.05868261317362092,43
2583,3,3536,1996,1540,0,0,0,1.0,1,1.0,1,1.0,1,0.04217154413257558,43
2584,2,3538,1996,1542,0,0,0,1.0,1,1.0,1,1.0,1,0.010370595696146902,43
2585,1,3539,1996,1543,0,0,0,1.0,1,1.0,1,1.0,1,0.045396511421368704,44
2586,0,3539,1996,1543,0,0,0,1.0,1,1.0,1,1.0,1,0.03663326872077377,43
2587,4,3543,2000,1543,0,0,0,1.0,1,1.0,1,1.0,1,0.0477098869398188,44
2588,1,3544,2000,1544,0,0,0,1.0,1,1.0,1,1.0,1,0.08132737993434555,44
2589,2,3546,2002,1544,0,0,0,1.0,1,1.0,1,1.0,1,0.07894975169537143,44
2590,1,3547,2003,1544,0,0,0,1.0,1,1.0,1,1.0,1,0.049846451512749426,44
2591,1,3548,2004,1544,0,0,0,1.0,1,1.0,1,1.0,1,0.05560647642223007,44
2592,2,3550,2005,1545,0,0,0,1.0,1,1.0,1,1.0,1,0.038770610667626756,44
2593,2,3552,2006,1546,0,0,0,1.0,1,1.0,1,1.0,1,0.04020715880578263,43
2594,1,3553,2007,1546,0,0,0,1.0,1,1.0,1,1.0,1,0.04846563361087153,48
2595,1,3554,2008,1546,0,0,0,1.0,1,1.0,1,1.0,1,0.04154606781473148,45
2596,1,3555,2008,1547,0,0,0,1.0,1,1.0,1,1.0,1,0.056006439485984556,46
2597,1,3556,2009,1547,0,0,0,1.0,1,1.0,1,1.0,1,0.05291590611923618,45
2598,1,3557,2010,1547,0,0,0,1.0,1,1.0,1,1.0,1,0.07650975033247091,45
2599,1,3558,2011,1547,0,0,0,1.0,1,1.0,1,1.0,1,0.09127133252881552,45
2600,1,3559,2012,1547,0,0,0,1.0,1,1.0,1,1.0,1,0.07798196240672603,48
2601,2,3561,2012,1549,0,0,0,1.0,1,1.0,1,1.0,1,0.040161798949849,47
2602,0,3561,2012,1549,0,0,0,1.0,1,1.0,1,1.0,1,0.034199453380580065,48
2603,0,3561,2012,1549,0,0,0,1.0,1,1.0,1,1.0,1,0.034199453380580065,48
2604,0,3561,2012,1549,0,0,0,1.0,1,1.0,1,1.0,1,0.03290214978697694,47
2605,0,3561,2012,1549,0,0,0,1.0,1,1.0,1,1.0,1,0.03290214978697694,47
2606,0,3561,2012,1549,0,0,0,1.0,1,1.0,1,1.0,1,0.019910867500892878,46
2607,0,3561,2012,1549,0,0,0,1.0,1,1.0,1,1.0,1,0.024926590305204926,45
2608,1,3562,2013,1549,0,0,0,1.0,1,1.0,1,1.0,1,0.01807813614613732,45
2609,1,3563,2014,1549,0,0,0,1.0,1,1.0,1,1.0,1,0.03882808800188829,44
2610,2,3565,2016,1549,0,0,0,1.0,1,1.0,1,1.0,1,0.10537851540752363,45
2611,7,3572,2021,1551,0,0,0,1.0,1,1.0,1,1.0,1,0.11514701916633586,46
2612,2,3574,2023,1551,0,0,0,1.0,1,1.0,1,1.0,1,0.12615226894085263,47
2613,1,3575,2024,1551,0,0,0,1.0,1,1.0,1,1.0,1,0.1590490115266324,48
2614,2,3577,2026,1551,0,0,0,1.0,1,1.0,1,1.0,1,0.22283311206419612,48
2615,3,3580,2029,1551,0,0,0,1.0,1,1.0,1,1.0,1,0.20292249024895712,49
2616,1,3581,2029,1552,0,0,0,1.0,1,1.0,1,1.0,1,0.19253145141840705,49
2617,0,3581,2029,1552,0,0,0,1.0,1,1.0,1,1.0,1,0.17875162494270844,48
2618,1,3582,2030,1552,0,0,0,1.0,1,1.0,1,1.0,1,0.17304603211809771,47
2619,0,3582,2030,1552,0,0,0,1.0,1,1.0,1,1.0,1,0.1481639390845425,50
2620,4,3586,2033,1553,0,0,0,1.0,1,1.0,1,1.0,1,0.16288894118568104,51
2621,5,3591,2034,1557,0,0,0,1.0,1,1.0,1,1.0,1,0.14905713653859415,52
2622,4,3595,2037,1558,0,0,0,1.0,1,1.0,1,1.0,1,0.11209104657709706,52
2623,2,3597,2038,1559,0,0,0,1.0,1,1.0,1,1.0,1,0.10133460666219489,53
2624,1,3598,2039,1559,0,0,0,1.0,1,1.0,1,1.0,1,0.12756045615794034,51
2625,3,3601,2041,1560,0,0,0,1.0,1,1.0,1,1.0,1,0.11063000158274662,50
2626,1,3602,2041,1561,0,0,0,1.0,1,1.0,1,1.0,1,0.13243325457700839,49
2627,1,3603,2042,1561,0,0,0,1.0,1,1.0,1,1.0,1,0.1481511761850102,48
2628,2,3605,2043,1562,0,0,0,1.0,1,1.0,1,1.0,1,0.13953643701318286,48
2629,1,3606,2043,1563,0,0,0,1.0,1,1.0,1,1.0,1,0.1290803643822976,47
2630,0,3606,2043,1563,0,0,0,1.0,1,1.0,1,1.0,1,0.1515055863629851,47
2631,3,3609,2045,1564,0,0,0,1.0,1,1.0,1,1.0,1,0.09684449393307966,47
2632,0,3609,2045,1564,0,0,0,1.0,1,1.0,1,1.0,1,0.11122286892853016,47
2633,2,3611,2047,1564,0,0,0,1.0,1,1.0,1,1.0,1,0.1155126582148259,44
2634,0,3611,2047,1564,0,0,0,1.0,1,1.0,1,1.0,1,0.11529404165587623,44
2635,2,3613,2049,1564,0,0,0,1.0,1,1.0,1,1.0,1,0.1468793613184201,45
2636,3,3616,2052,1564,0,0,0,1.0,1,1.0,1,1.0,1,0.17350295975801103,40
2637,3,3619,2055,1564,0,0,0,1.0,1,1.0,1,1.0,1,0.18663579481993814,41
2638,2,3621,2057,1564,0,0,0,1.0,1,1.0,1,1.0,1,0.21791852321807548,38
2639,0,3621,2057,1564,0,0,0,1.0,1,1.0,1,1.0,1,0.19510393974825574,39
2640,4,3625,2061,1564,0,0,0,1.0,1,1.0,1,1.0,1,0.23662567572163323,38
2641,3,3628,2063,1565,0,0,0,1.0,1,1.0,1,1.0,1,0.15930084850358678,37
2642,3,3631,2065,1566,0,0,0,1.0,1,1.0,1,1.0,1,0.17234647425258612,38
2643,0,3631,2065,1566,0,0,0,1.0,1,1.0,1,1.0,1,0.11834913092269911,37
2644,2,3633,2067,1566,0,0,0,1.0,1,1.0,1,1.0,1,0.13332777968354412,36
2645,0,3633,2067,1566,0,0,0,1.0,1,1.0,1,1.0,1,0.11180710008063438,35
2646,1,3634,2068,1566,0,0,0,1.0,1,1.0,1,1.0,1,0.14316242759545886,35
2647,3,3637,2071,1566,0,0,0,1.0,1,1.0,1,1.0,1,0.14416185700906695,35
2648,0,3637,2071,1566,0,0,0,1.0,1,1.0,1,1.0,1,0.11485797773675857,36
2649,2,3639,2072,1567,0,0,0,1.0,1,1.0,1,1.0,1,0.12221754055795017,37
2650,3,3642,2073,1569,0,0,0,1.0,1,1.0,1,1.0,1,0.10180450386808268,39
2651,2,3644,2075,1569,0,0,0,1.0,1,1.0,1,1.0,1,0.12922574106392012,39
2652,1,3645,2075,1570,0,0,0,1.0,1,1.0,1,1.0,1,0.0800726368992494,39
2653,0,3645,2075,1570,0,0,0,1.0,1,1.0,1,1.0,1,0.0800726368992494,39
2654,1,3646,2076,1570,0,0,0,1.0,1,1.0,1,1.0,1,0.07859346607874666,40
2655,0,3646,2076,1570,0,0,0,1.0,1,1.0,1,1.0,1,0.07859346607874666,40
2656,1,3647,2077,1570,0,0,0,1.0,1,1.0,1,1.0,1,0.08367646742021248,39
2657,0,3647,2077,1570,0,0,0,1.0,1,1.0,1,1.0,1,0.1040121442682526,40
2658,0,3647,2077,1570,0,0,0,1.0,1,1.0,1,1.0,1,0.11415952494629202,41
2659,0,3647,2077,1570,0,0,0,1.0,1,1.0,1,1.0,1,0.11415952494629202,41
2660,3,3650,2079,1571,0,0,0,1.0,1,1.0,1,1.0,1,0.09926163832979439,40
2661,3,3653,2081,1572,0,0,0,1.0,1,1.0,1,1.0,1,0.08091088981138077,40
2662,1,3654,2082,1572,0,0,0,1.0,1,1.0,1,1.0,1,0.06122258691053783,42
2663,2,3656,2084,1572,0,0,0,1.0,1,1.0,1,1.0,1,0.04010448632188129,41
2664,1,3657,2085,1572,0,0,0,1.0,1,1.0,1,1.0,1,0.06120816355265596,42
2665,3,3660,2088,1572,0,0,0,1.0,1,1.0,1,1.0,1,0.10972438026648272,43
2666,2,3662,2090,1572,0,0,0,1.0,1,1.0,1,1.0,1,0.12758465108114508,44
2667,2,3664,2091,1573,0,0,0,1.0,1,1.0,1,1.0,1,0.17867423334678895,42
2668,1,3665,2092,1573,0,0,0,1.0,1,1.0,1,1.0,1,0.21577121602881408,41
2669,1,3666,2092,1574,0,0,0,1.0,1,1.0,1,1.0,1,0.20642277755545763,42
2670,0,3666,2092,1574,0,0,0,1.0,1,1.0,1,1.0,1,0.22068338769361698,40
2671,4,3670,2092,1578,0,0,0,1.0,1,1.0,1,1.0,1,0.14399689538898172,39
2672,1,3671,2092,1579,0,0,0,1.0,1,1.0,1,1.0,1,0.12591117558615128,36
2673,3,3674,2094,1580,0,0,0,1.0,1,1.0,1,1.0,1,0.14032403775497512,35
2674,2,3676,2096,1580,0,0,0,1.0,1,1.0,1,1.0,1,0.12013157074304373,33
2675,3,3679,2098,1581,0,0,0,1.0,1,1.0,1,1.0,1,0.14874451037296305,34
2676,1,3680,2099,1581,0,0,0,1.0,1,1.0,1,1.0,1,0.08553246119831082,32
2677,3,3683,2102,1581,0,0,0,1.0,1,1.0,1,1.0,1,0.16433582899554702,33
2678,0,3683,2102,1581,0,0,0,1.0,1,1.0,1,1.0,1,0.13168663681265413,33
2679,2,3685,2104,1581,0,0,0,1.0,1,1.0,1,1.0,1,0.15331786097225236,32
2680,1,3686,2105,1581,0,0,0,1.0,1,1.0,1,1.0,1,0.12878975225983996,32
2681,0,3686,2105,1581,0,0,0,1.0,1,1.0,1,1.0,1,0.0901162702349011,32
2682,0,3686,2105,1581,0,0,0,1.0,1,1.0,1,1.0,1,0.06156929922186592,33
2683,0,3686,2105,1581,0,0,0,1.0,1,1.0,1,1.0,1,0.04055827825957732,32
2684,0,3686,2105,1581,0,0,0,1.0,1,1.0,1,1.0,1,0.03543917797294689,31
2685,1,3687,2106,1581,0,0,0,1.0,1,1.0,1,1.0,1,0.01983310409856209,31
2686,0,3687,2106,1581,0,0,0,1.0,1,1.0,1,1.0,1,0.04816975094692105,30
2687,0,3687,2106,1581,0,0,0,1.0,1,1.0,1,1.0,1,0.04816975094692105,30
2688,1,3688,2107,1581,0,0,0,1.0,1,1.0,1,1.0,1,0.07014191663674597,30
2689,3,3691,2109,1582,0,0,0,1.0,1,1.0,1,1.0,1,0.09223507529281201,31
2690,7,3698,2114,1584,0,0,0,1.0,1,1.0,1,1.0,1,0.09227915675886636,31
2691,1,3699,2115,1584,0,0,0,1.0,1,1.0,1,1.0,1,0.09346058484038677,32
2692,3,3702,2117,1585,0,0,0,1.0,1,1.0,1,1.0,1,0.13683001102336206,32
2693,1,3703,2118,1585,0,0,0,1.0,1,1.0,1,1.0,1,0.14387144972833696,33
2694,1,3704,2118,1586,0,0,0,1.0,1,1.0,1,1.0,1,0.13398403117934973,34
2695,2,3706,2118,1588,0,0,0,1.0,1,1.0,1,1.0,1,0.11013011030817585,35
2696,1,3707,2118,1589,0,0,0,1.0,1,1.0,1,1.0,1,0.12847145627183493,35
2697,3,3710,2120,1590,0,0,0,1.0,1,1.0,1,1.0,1,0.12058342997473188,35
2698,1,3711,2120,1591,0,0,0,1.0,1,1.0,1,1.0,1,0.06162485227820568,36
2699,2,3713,2121,1592,0,0,0,1.0,1,1.0,1,1.0,1,0.037341815266165264,36
2700,0,3713,2121,1592,0,0,0,1.0,1,1.0,1,1.0,1,0.042829484924042795,37
2701,0,3713,2121,1592,0,0,0,1.0,1,1.0,1,1.0,1,0.042829484924042795,37
2702,3,3716,2124,1592,0,0,0,1.0,1,1.0,1,1.0,1,0.14152906721771694,37
2703,2,3718,2125,1593,0,0,0,1.0,1,1.0,1,1.0,1,0.08545690823499777,38
2704,1,3719,2126,1593,0,0,0,1.0,1,1.0,1,1.0,1,0.1357966788238077,37
2705,1,3720,2127,1593,0,0,0,1.0,1,1.0,1,1.0,1,0.14520006693203397,36
2706,3,3723,2129,1594,0,0,0,1.0,1,1.0,1,1.0,1,0.14552555717938745,36
2707,1,3724,2130,1594,0,0,0,1.0,1,1.0,1,1.0,1,0.20093452632563524,35
2708,1,3725,2131,1594,0,0,0,1.0,1,1.0,1,1.0,1,0.20276560728678786,36
2709,2,3727,2133,1594,0,0,0,1.0,1,1.0,1,1.0,1,0.24236507272581265,32
2710,1,3728,2134,1594,0,0,0,1.0,1,1.0,1,1.0,1,0.22001411847558078,29
2711,3,3731,2136,1595,0,0,0,1.0,1,1.0,1,1.0,1,0.07511017986223847,29
2712,0,3731,2136,1595,0,0,0,1.0,1,1.0,1,1.0,1,0.09254679613338082,28
2713,0,3731,2136,1595,0,0,0,1.0,1,1.0,1,1.0,1,0.07208729895810678,28
2714,2,3733,2138,1595,0,0,0,1.0,1,1.0,1,1.0,1,0.08054496848836602,26
2715,0,3733,2138,1595,0,0,0,1.0,1,1.0,1,1.0,1,0.11104669101595473,24
2716,2,3735,2139,1596,0,0,0,1.0,1,1.0,1,1.0,1,0.11749118956113674,24
2717,4,3739,2143,1596,0,0,0,1.0,1,1.0,1,1.0,1,0.14732207861937271,25
2718,1,3740,2143,1597,0,0,0,1.0,1,1.0,1,1.0,1,0.1535936915165338,25
2719,2,3742,2145,1597,0,0,0,1.0,1,1.0,1,1.0,1,0.20075313697188538,25
2720,3,3745,2147,1598,0,0,0,1.0,1,1.0,1,1.0,1,0.2880766142432394,25
2721,5,3750,2150,1600,0,0,0,1.0,1,1.0,1,1.0,1,0.18890488196387556,25
2722,2,3752,2151,1601,0,0,0,1.0,1,1.0,1,1.0,1,0.20900547596731048,26
2723,0,3752,2151,1601,0,0,0,1.0,1,1.0,1,1.0,1,0.20900547596731048,26
2724,1,3753,2152,1601,0,0,0,1.0,1,1.0,1,1.0,1,0.15162228675799838,27
2725,0,3753,2152,1601,0,0,0,1.0,1,1.0,1,1.0,1,0.12312428381921861,28
2726,0,3753,2152,1601,0,0,0,1.0,1,1.0,1,1.0,1,0.12312428381921861,28
2727,1,3754,2152,1602,0,0,0,1.0,1,1.0,1,1.0,1,0.10228841744549476,29
2728,1,3755,2152,1603,0,0,0,1.0,1,1.0,1,1.0,1,0.09454589046803422,29
2729,0,3755,2152,1603,0,0,0,1.0,1,1.0,1,1.0,1,0.09870936249063435,29
2730,0,3755,2152,1603,0,0,0,1.0,1,1.0,1,1.0,1,0.09870936249063435,29
2731,1,3756,2152,1604,0,0,0,1.0,1,1.0,1,1.0,1,0.02610106132918013,30
2732,1,3757,2153,1604,0,0,0,1.0,1,1.0,1,1.0,1,0.026402992595185425,29
2733,1,3758,2154,1604,0,0,0,1.0,1,1.0,1,1.0,1,0.06214541165373308,29
2734,0,3758,2154,1604,0,0,0,1.0,1,1.0,1,1.0,1,0.06214541165373308,29
2735,1,3759,2155,1604,0,0,0,1.0,1,1.0,1,1.0,1,0.12002685089115235,29
2736,0,3759,2155,1604,0,0,0,1.0,1,1.0,1,1.0,1,0.1460919744784682,30
2737,0,3759,2155,1604,0,0,0,1.0,1,1.0,1,1.0,1,0.17113905395770898,30
2738,2,3761,2156,1605,0,0,0,1.0,1,1.0,1,1.0,1,0.17890326688832067,30
2739,1,3762,2157,1605,0,0,0,1.0,1,1.0,1,1.0,1,0.1720275262674282,29
2740,1,3763,2158,1605,0,0,0,1.0,1,1.0,1,1.0,1,0.19864056615225498,29
2741,3,3766,2158,1608,0,0,0,1.0,1,1.0,1,1.0,1,0.13865662023735265,28
2742,1,3767,2159,1608,0,0,0,1.0,1,1.0,1,1.0,1,0.17519776855323502,28
2743,2,3769,2160,1609,0,0,0,1.0,1,1.0,1,1.0,1,0.21513624235094225,29
2744,0,3769,2160,1609,0,0,0,1.0,1,1.0,1,1.0,1,0.19659230631989769,27
2745,3,3772,2162,1610,0,0,0,1.0,1,1.0,1,1.0,1,0.19076635114691312,25
2746,0,3772,2162,1610,0,0,0,1.0,1,1.0,1,1.0,1,0.20094856474419873,25
2747,1,3773,2163,1610,0,0,0,1.0,1,1.0,1,1.0,1,0.21832556622702234,23
2748,0,3773,2163,1610,0,0,0,1.0,1,1.0,1,1.0,1,0.19090576241405732,22
2749,0,3773,2163,1610,0,0,0,1.0,1,1.0,1,1.0,1,0.20517213365767833,19
2750,0,3773,2163,1610,0,0,0,1.0,1,1.0,1,1.0,1,0.1827284737890724,18
2751,0,3773,2163,1610,0,0,0,1.0,1,1.0,1,1.0,1,0.22401359749781474,16
2752,1,3774,2164,1610,0,0,0,1.0,1,1.0,1,1.0,1,0.14230424234768846,15
2753,0,3774,2164,1610,0,0,0,1.0,1,1.0,1,1.0,1,0.14230424234768846,15
2754,0,3774,2164,1610,0,0,0,1.0,1,1.0,1,1.0,1,0.14230424234768846,15
2755,0,3774,2164,1610,0,0,0,1.0,1,1.0,1,1.0,1,0.14230424234768846,15
2756,0,3774,2164,1610,0,0,0,1.0,1,1.0,1,1.0,1,0.13671596793196705,16
2757,0,3774,2164,1610,0,0,0,1.0,1,1.0,1,1.0,1,0.08546947896969151,17
2758,0,3774,2164,1610,0,0,0,1.0,1,1.0,1,1.0,1,0.08546947896969151,17
2759,0,3774,2164,1610,0,0,0,1.0,1,1.0,1,1.0,1,0.08784776898535188,18
2760,0,3774,2164,1610,0,0,0,1.0,1,1.0,1,1.0,1,0.08784776898535188,18
2761,0,3774,2164,1610,0,0,0,1.0,1,1.0,1,1.0,1,0.08784776898535188,18
2762,0,3774,2164,1610,0,0,0,1.0,1,1.0,1,1.0,1,0.08784776898535188,18
2763,0,3774,2164,1610,0,0,0,1.0,1,1.0,1,1.0,1,0.0859866695945426,17
2764,3,3777,2166,1611,0,0,0,1.0,1,1.0,1,1.0,1,0.22174499048024046,17
2765,2,3779,2168,1611,0,0,0,1.0,1,1.0,1,1.0,1,0.2596120139937886,18
2766,1,3780,2168,1612,0,0,0,1.0,1,1.0,1,1.0,1,0.22148042859855363,18
2767,0,3780,2168,1612,0,0,0,1.0,1,1.0,1,1.0,1,0.22148042859855363,18
2768,1,3781,2169,1612,0,0,0,1.0,1,1.0,1,1.0,1,0.19914522424711967,18
2769,1,3782,2170,1612,0,0,0,1.0,1,1.0,1,1.0,1,0.1896546291088287,18
2770,1,3783,2171,1612,0,0,0,1.0,1,1.0,1,1.0,1,0.22038139739373722,18
2771,1,3784,2171,1613,0,0,0,1.0,1,1.0,1,1.0,1,0.11219859526113607,18
2772,0,3784,2171,1613,0,0,0,1.0,1,1.0,1,1.0,1,0.11219859526113607,18
2773,0,3784,2171,1613,0,0,0,1.0,1,1.0,1,1.0,1,0.11219859526113607,18
2774,0,3784,2171,1613,0,0,0,1.0,1,1.0,1,1.0,1,0.10655020241136653,20
2775,2,3786,2173,1613,0,0,0,1.0,1,1.0,1,1.0,1,0.14992566622316542,21
2776,0,3786,2173,1613,0,0,0,1.0,1,1.0,1,1.0,1,0.14992566622316542,21
2777,0,3786,2173,1613,0,0,0,1.0,1,1.0,1,1.0,1,0.1334586679534875,22
2778,2,3788,2174,1614,0,0,0,1.0,1,1.0,1,1.0,1,0.12824760522902084,24
2779,2,3790,2175,1615,0,0,0,1.0,1,1.0,1,1.0,1,0.12449919475374403,24
2780,0,3790,2175,1615,0,0,0,1.0,1,1.0,1,1.0,1,0.12449919475374403,24
2781,0,3790,2175,1615,0,0,0,1.0,1,1.0,1,1.0,1,0.12449919475374403,24
2782,0,3790,2175,1615,0,0,0,1.0,1,1.0,1,1.0,1,0.12449919475374403,24
2783,0,3790,2175,1615,0,0,0,1.0,1,1.0,1,1.0,1,0.12449919475374403,24
2784,1,3791,2175,1616,0,0,0,1.0,1,1.0,1,1.0,1,0.15878243052761543,24
2785,0,3791,2175,1616,0,0,0,1.0,1,1.0,1,1.0,1,0.11784943567171635,22
2786,0,3791,2175,1616,0,0,0,1.0,1,1.0,1,1.0,1,0.18084605617973845,22
2787,1,3792,2176,1616,0,0,0,1.0,1,1.0,1,1.0,1,0.1124925434902004,21
2788,0,3792,2176,1616,0,0,0,1.0,1,1.0,1,1.0,1,0.10839850324062805,20
2789,1,3793,2177,1616,0,0,0,1.0,1,1.0,1,1.0,1,0.1455553602696606,20
2790,0,3793,2177,1616,0,0,0,1.0,1,1.0,1,1.0,1,0.17556011206446695,21
2791,1,3794,2178,1616,0,0,0,1.0,1,1.0,1,1.0,1,0.15056148937403233,21
2792,0,3794,2178,1616,0,0,0,1.0,1,1.0,1,1.0,1,0.15056148937403233,21
2793,0,3794,2178,1616,0,0,0,1.0,1,1.0,1,1.0,1,0.1881545757831891,18
2794,0,3794,2178,1616,0,0,0,1.0,1,1.0,1,1.0,1,0.1881545757831891,18
2795,1,3795,2179,1616,0,0,0,1.0,1,1.0,1,1.0,1,0.18471281937780457,20
2796,1,3796,2180,1616,0,0,0,1.0,1,1.0,1,1.0,1,0.16140038957807118,21
2797,0,3796,2180,1616,0,0,0,1.0,1,1.0,1,1.0,1,0.16140038957807118,21
2798,0,3796,2180,1616,0,0,0,1.0,1,1.0,1,1.0,1,0.16140038957807118,21
2799,1,3797,2180,1617,0,0,0,1.0,1,1.0,1,1.0,1,0.10825345303252093,22
2800,0,3797,2180,1617,0,0,0,1.0,1,1.0,1,1.0,1,0.10825345303252093,22
2801,3,3800,2182,1618,0,0,0,1.0,1,1.0,1,1.0,1,0.16492780027126777,22
2802,0,3800,2182,1618,0,0,0,1.0,1,1.0,1,1.0,1,0.16492780027126777,22
2803,1,3801,2183,1618,0,0,0,1.0,1,1.0,1,1.0,1,0.20275967141115447,22
2804,0,3801,2183,1618,0,0,0,1.0,1,1.0,1,1.0,1,0.21361126634119743,23
2805,0,3801,2183,1618,0,0,0,1.0,1,1.0,1,1.0,1,0.21361126634119743,23
2806,0,3801,2183,1618,0,0,0,1.0,1,1.0,1,1.0,1,0.21361126634119743,23
2807,0,3801,2183,1618,0,0,0,1.0,1,1.0,1,1.0,1,0.19194274274263587,24
2808,0,3801,2183,1618,0,0,0,1.0,1,1.0,1,1.0,1,0.19194274274263587,24
2809,0,3801,2183,1618,0,0,0,1.0,1,1.0,1,1.0,1,0.20708548574842375,25
2810,0,3801,2183,1618,0,0,0,1.0,1,1.0,1,1.0,1,0.20551174260415453,24
2811,1,3802,2184,1618,0,0,0,1.0,1,1.0,1,1.0,1,0.18019255331458725,26
2812,0,3802,2184,1618,0,0,0,1.0,1,1.0,1,1.0,1,0.18019255331458725,26
2813,1,3803,2185,1618,0,0,0,1.0,1,1.0,1,1.0,1,0.14431620733203557,27
2814,3,3806,2186,1620,0,0,0,1.0,1,1.0,1,1.0,1,0.19189059289546195,29
2815,1,3807,2187,1620,0,0,0,1.0,1,1.0,1,1.0,1,0.17953008563484366,29
2816,0,3807,2187,1620,0,0,0,1.0,1,1.0,1,1.0,1,0.18383430714700913,29
2817,1,3808,2188,1620,0,0,0,1.0,1,1.0,1,1.0,1,0.16986878917333234,29
2818,2,3810,2190,1620,0,0,0,1.0,1,1.0,1,1.0,1,0.18161949113376832,29
2819,2,3812,2191,1621,0,0,0,1.0,1,1.0,1,1.0,1,0.15382709207505024,30
2820,2,3814,2192,1622,0,0,0,1.0,1,1.0,1,1.0,1,0.14734328443279884,30
2821,3,3817,2193,1624,0,0,0,1.0,1,1.0,1,1.0,1,0.10345655162430162,31
2822,0,3817,2193,1624,0,0,0,1.0,1,1.0,1,1.0,1,0.11990076369523572,30
2823,1,3818,2194,1624,0,0,0,1.0,1,1.0,1,1.0,1,0.05920019837151451,27
2824,0,3818,2194,1624,0,0,0,1.0,1,1.0,1,1.0,1,0.044180438083132274,28
2825,3,3821,2197,1624,0,0,0,1.0,1,1.0,1,1.0,1,0.11507043895310279,28
2826,2,3823,2198,1625,0,0,0,1.0,1,1.0,1,1.0,1,0.21042969965943015,27
2827,0,3823,2198,1625,0,0,0,1.0,1,1.0,1,1.0,1,0.23060846322089829,28
2828,0,3823,2198,1625,0,0,0,1.0,1,1.0,1,1.0,1,0.25731898201336245,28
2829,1,3824,2199,1625,0,0,0,1.0,1,1.0,1,1.0,1,0.23755636421169163,27
2830,1,3825,2200,1625,0,0,0,1.0,1,1.0,1,1.0,1,0.2550561119195797,27
2831,5,3830,2202,1628,0,0,0,1.0,1,1.0,1,1.0,1,0.20609298601320772,27
2832,2,3832,2202,1630,0,0,0,1.0,1,1.0,1,1.0,1,0.1853557680617533,27
2833,1,3833,2203,1630,0,0,0,1.0,1,1.0,1,1.0,1,0.18912126029718274,26
2834,1,3834,2204,1630,0,0,0,1.0,1,1.0,1,1.0,1,0.10570112126999988,26
2835,0,3834,2204,1630,0,0,0,1.0,1,1.0,1,1.0,1,0.08254133378591387,25
2836,0,3834,2204,1630,0,0,0,1.0,1,1.0,1,1.0,1,0.11561818237610517,27
2837,1,3835,2205,1630,0,0,0,1.0,1,1.0,1,1.0,1,0.15778487480783493,27
2838,0,3835,2205,1630,0,0,0,1.0,1,1.0,1,1.0,1,0.15778487480783493,27
2839,1,3836,2206,1630,0,0,0,1.0,1,1.0,1,1.0,1,0.21141761496694028,29
2840,0,3836,2206,1630,0,0,0,1.0,1,1.0,1,1.0,1,0.21141761496694028,29
2841,3,3839,2207,1632,0,0,0,1.0,1,1.0,1,1.0,1,0.19847603040225578,31
2842,1,3840,2207,1633,0,0,0,1.0,1,1.0,1,1.0,1,0.17695920213700755,31
2843,0,3840,2207,1633,0,0,0,1.0,1,1.0,1,1.0,1,0.11813646398684985,32
2844,5,3845,2210,1635,0,0,0,1.0,1,1.0,1,1.0,1,0.056510263444018514,33
2845,0,3845,2210,1635,0,0,0,1.0,1,1.0,1,1.0,1,0.07364571716366863,32
2846,3,3848,2212,1636,0,0,0,1.0,1,1.0,1,1.0,1,0.07267723626977193,33
2847,1,3849,2213,1636,0,0,0,1.0,1,1.0,1,1.0,1,0.136715007855712,32
2848,3,3852,2215,1637,0,0,0,1.0,1,1.0,1,1.0,1,0.15757404443026365,33
2849,0,3852,2215,1637,0,0,0,1.0,1,1.0,1,1.0,1,0.1735215617869791,34
2850,2,3854,2217,1637,0,0,0,1.0,1,1.0,1,1.0,1,0.100294227734329,34
2851,1,3855,2217,1638,0,0,0,1.0,1,1.0,1,1.0,1,0.07756754881819718,34
2852,4,3859,2221,1638,0,0,0,1.0,1,1.0,1,1.0,1,0.13519150288221404,35
2853,0,3859,2221,1638,0,0,0,1.0,1,1.0,1,1.0,1,0.1365016656982711,36
2854,0,3859,2221,1638,0,0,0,1.0,1,1.0,1,1.0,1,0.14073311235212482,37
2855,1,3860,2222,1638,0,0,0,1.0,1,1.0,1,1.0,1,0.11157048413115905,38
2856,0,3860,2222,1638,0,0,0,1.0,1,1.0,1,1.0,1,0.11157048413115905,38
2857,2,3862,2224,1638,0,0,0,1.0,1,1.0,1,1.0,1,0.1136618030517795,39
2858,2,3864,2225,1639,0,0,0,1.0,1,1.0,1,1.0,1,0.05807670600064789,40
2859,3,3867,2227,1640,0,0,0,1.0,1,1.0,1,1.0,1,0.11549981533645098,40
2860,1,3868,2227,1641,0,0,0,1.0,1,1.0,1,1.0,1,0.08707497573682357,40
2861,1,3869,2228,1641,0,0,0,1.0,1,1.0,1,1.0,1,0.09716815739283131,38
2862,2,3871,2229,1642,0,0,0,1.0,1,1.0,1,1.0,1,0.14830982518279112,38
2863,2,3873,2231,1642,0,0,0,1.0,1,1.0,1,1.0,1,0.1362723316024921,38
2864,2,3875,2233,1642,0,0,0,1.0,1,1.0,1,1.0,1,0.17132799808411278,36
2865,3,3878,2236,1642,0,0,0,1.0,1,1.0,1,1.0,1,0.18085534753186597,34
2866,0,3878,2236,1642,0,0,0,1.0,1,1.0,1,1.0,1,0.14444860942708176,31
2867,1,3879,2237,1642,0,0,0,1.0,1,1.0,1,1.0,1,0.1355597567490934,30
2868,2,3881,2239,1642,0,0,0,1.0,1,1.0,1,1.0,1,0.1837788385236374,27
2869,0,3881,2239,1642,0,0,0,1.0,1,1.0,1,1.0,1,0.2023437458289373,27
2870,1,3882,2240,1642,0,0,0,1.0,1,1.0,1,1.0,1,0.23217502759989575,25
2871,0,3882,2240,1642,0,0,0,1.0,1,1.0,1,1.0,1,0.2320714323354182,25
2872,3,3885,2241,1644,0,0,0,1.0,1,1.0,1,1.0,1,0.19306870483427163,23
2873,1,3886,2241,1645,0,0,0,1.0,1,1.0,1,1.0,1,0.15230218518831715,24
2874,1,3887,2241,1646,0,0,0,1.0,1,1.0,1,1.0,1,0.11548187565217274,24
2875,0,3887,2241,1646,0,0,0,1.0,1,1.0,1,1.0,1,0.18472462270540282,23
2876,2,3889,2242,1647,0,0,0,1.0,1,1.0,1,1.0,1,0.1977786897650785,24
2877,1,3890,2243,1647,0,0,0,1.0,1,1.0,1,1.0,1,0.18370723025223562,24
2878,1,3891,2244,1647,0,0,0,1.0,1,1.0,1,1.0,1,0.19910893436994415,24
2879,2,3893,2246,1647,0,0,0,1.0,1,1.0,1,1.0,1,0.2566610281712973,25
2880,0,3893,2246,1647,0,0,0,1.0,1,1.0,1,1.0,1,0.2564041340166888,26
2881,1,3894,2246,1648,0,0,0,1.0,1,1.0,1,1.0,1,0.24255113252747956,26
2882,0,3894,2246,1648,0,0,0,1.0,1,1.0,1,1.0,1,0.21625683381770397,27
2883,1,3895,2246,1649,0,0,0,1.0,1,1.0,1,1.0,1,0.1868012040942836,28
2884,1,3896,2246,1650,0,0,0,1.0,1,1.0,1,1.0,1,0.16711097671268618,29
2885,1,3897,2246,1651,0,0,0,1.0,1,1.0,1,1.0,1,0.14414632825607318,31
2886,1,3898,2247,1651,0,0,0,1.0,1,1.0,1,1.0,1,0.17207391870578467,31
2887,0,3898,2247,1651,0,0,0,1.0,1,1.0,1,1.0,1,0.1461015824966486,33
2888,5,3903,2249,1654,0,0,0,1.0,1,1.0,1,1.0,1,0.13397317281107993,34
2889,4,3907,2251,1656,0,0,0,1.0,1,1.0,1,1.0,1,0.16674704529221746,35
2890,1,3908,2251,1657,0,0,0,1.0,1,1.0,1,1.0,1,0.1804100513055417,35
2891,2,3910,2251,1659,0,0,0,1.0,1,1.0,1,1.0,1,0.1459183554800309,35
2892,2,3912,2253,1659,0,0,0,1.0,1,1.0,1,1.0,1,0.1842677567170531,35
2893,2,3914,2253,1661,0,0,0,1.0,1,1.0,1,1.0,1,0.1554529429238952,37
2894,0,3914,2253,1661,0,0,0,1.0,1,1.0,1,1.0,1,0.1554529429238952,37
2895,0,3914,2253,1661,0,0,0,1.0,1,1.0,1,1.0,1,0.1554529429238952,37
2896,1,3915,2254,1661,0,0,0,1.0,1,1.0,1,1.0,1,0.2072652874140598,38
2897,0,3915,2254,1661,0,0,0,1.0,1,1.0,1,1.0,1,0.2387442225934839,37
2898,1,3916,2254,1662,0,0,0,1.0,1,1.0,1,1.0,1,0.23956807542463743,38
2899,2,3918,2256,1662,0,0,0,1.0,1,1.0,1,1.0,1,0.263759822847514,37
2900,0,3918,2256,1662,0,0,0,1.0,1,1.0,1,1.0,1,0.24574313397518138,36
2901,1,3919,2256,1663,0,0,0,1.0,1,1.0,1,1.0,1,0.18672766791360335,37
2902,0,3919,2256,1663,0,0,0,1.0,1,1.0,1,1.0,1,0.17461431410509218,35
2903,0,3919,2256,1663,0,0,0,1.0,1,1.0,1,1.0,1,0.18477621971076133,35
2904,0,3919,2256,1663,0,0,0,1.0,1,1.0,1,1.0,1,0.1814644399308316,33
2905,0,3919,2256,1663,0,0,0,1.0,1,1.0,1,1.0,1,0.19677338175453993,34
2906,2,3921,2258,1663,0,0,0,1.0,1,1.0,1,1.0,1,0.28475836761229606,34
2907,0,3921,2258,1663,0,0,0,1.0,1,1.0,1,1.0,1,0.2727701271982617,35
2908,0,3921,2258,1663,0,0,0,1.0,1,1.0,1,1.0,1,0.2720598909941511,36
2909,0,3921,2258,1663,0,0,0,1.0,1,1.0,1,1.0,1,0.26081935811628015,38
2910,0,3921,2258,1663,0,0,0,1.0,1,1.0,1,1.0,1,0.26081935811628015,38
2911,1,3922,2259,1663,0,0,0,1.0,1,1.0,1,1.0,1,0.2820429983777674,37
2912,0,3922,2259,1663,0,0,0,1.0,1,1.0,1,1.0,1,0.2820429983777674,37
2913,2,3924,2259,1665,0,0,0,1.0,1,1.0,1,1.0,1,0.2448132697581633,38
2914,0,3924,2259,1665,0,0,0,1.0,1,1.0,1,1.0,1,0.2448132697581633,38
2915,1,3925,2259,1666,0,0,0,1.0,1,1.0,1,1.0,1,0.22097181753109119,39
2916,1,3926,2259,1667,0,0,0,1.0,1,1.0,1,1.0,1,0.2229617389715592,40
2917,1,3927,2259,1668,0,0,0,1.0,1,1.0,1,1.0,1,0.18700404513516886,41
2918,0,3927,2259,1668,0,0,0,1.0,1,1.0,1,1.0,1,0.2082086859797705,41
2919,0,3927,2259,1668,0,0,0,1.0,1,1.0,1,1.0,1,0.2082086859797705,41
2920,0,3927,2259,1668,0,0,0,1.0,1,1.0,1,1.0,1,0.20623143465117186,43
2921,2,3929,2259,1670,0,0,0,1.0,1,1.0,1,1.0,1,0.17952440742204914,42
2922,0,3929,2259,1670,0,0,0,1.0,1,1.0,1,1.0,1,0.15684410739833335,43
2923,0,3929,2259,1670,0,0,0,1.0,1,1.0,1,1.0,1,0.16759729857070096,44
2924,0,3929,2259,1670,0,0,0,1.0,1,1.0,1,1.0,1,0.1414784128472027,45
2925,2,3931,2260,1671,0,0,0,1.0,1,1.0,1,1.0,1,0.15923209820668363,45
2926,0,3931,2260,1671,0,0,0,1.0,1,1.0,1,1.0,1,0.14116546843862995,47
2927,0,3931,2260,1671,0,0,0,1.0,1,1.0,1,1.0,1,0.14116546843862995,47
2928,3,3934,2261,1673,0,0,0,1.0,1,1.0,1,1.0,1,0.14468815918114994,48
2929,0,3934,2261,1673,0,0,0,1.0,1,1.0,1,1.0,1,0.14468815918114994,48
2930,1,3935,2261,1674,0,0,0,1.0,1,1.0,1,1.0,1,0.15538866838476048,50
2931,0,3935,2261,1674,0,0,0,1.0,1,1.0,1,1.0,1,0.14944548236066196,51
2932,0,3935,2261,1674,0,0,0,1.0,1,1.0,1,1.0,1,0.14944548236066196,51
2933,0,3935,2261,1674,0,0,0,1.0,1,1.0,1,1.0,1,0.16368015666419283,52
2934,0,3935,2261,1674,0,0,0,1.0,1,1.0,1,1.0,1,0.16368015666419283,52
2935,0,3935,2261,1674,0,0,0,1.0,1,1.0,1,1.0,1,0.18354431221555004,51
2936,1,3936,2262,1674,0,0,0,1.0,1,1.0,1,1.0,1,0.19773947851757565,49
2937,0,3936,2262,1674,0,0,0,1.0,1,1.0,1,1.0,1,0.20078311505074375,50
2938,3,3939,2263,1676,0,0,0,1.0,1,1.0,1,1.0,1,0.20281371733110806,50
2939,1,3940,2263,1677,0,0,0,1.0,1,1.0,1,1.0,1,0.1908448286063496,51
2940,1,3941,2264,1677,0,0,0,1.0,1,1.0,1,1.0,1,0.2003014811439676,52
2941,5,3946,2266,1680,0,0,0,1.0,1,1.0,1,1.0,1,0.21233828878884065,53
2942,0,3946,2266,1680,0,0,0,1.0,1,1.0,1,1.0,1,0.21166366724146005,52
2943,2,3948,2268,1680,0,0,0,1.0,1,1.0,1,1.0,1,0.2481760350485358,51
2944,0,3948,2268,1680,0,0,0,1.0,1,1.0,1,1.0,1,0.22856331373919622,52
2945,2,3950,2269,1681,0,0,0,1.0,1,1.0,1,1.0,1,0.22004783482929488,50
2946,0,3950,2269,1681,0,0,0,1.0,1,1.0,1,1.0,1,0.23054603160473539,51
2947,1,3951,2270,1681,0,0,0,1.0,1,1.0,1,1.0,1,0.22702484596015904,50
2948,1,3952,2271,1681,0,0,0,1.0,1,1.0,1,1.0,1,0.21540175919716525,50
2949,0,3952,2271,1681,0,0,0,1.0,1,1.0,1,1.0,1,0.2049436355889187,49
2950,0,3952,2271,1681,0,0,0,1.0,1,1.0,1,1.0,1,0.21422728029952223,48
2951,4,3956,2271,1685,0,0,0,1.0,1,1.0,1,1.0,1,0.14906683247755764,48
2952,0,3956,2271,1685,0,0,0,1.0,1,1.0,1,1.0,1,0.14467007738054516,46
2953,0,3956,2271,1685,0,0,0,1.0,1,1.0,1,1.0,1,0.14467007738054516,46
2954,1,3957,2272,1685,0,0,0,1.0,1,1.0,1,1.0,1,0.17717376436982427,48
2955,4,3961,2272,1689,0,0,0,1.0,1,1.0,1,1.0,1,0.10685040208632852,48
2956,1,3962,2272,1690,0,0,0,1.0,1,1.0,1,1.0,1,0.1101302778934534,47
2957,3,3965,2272,1693,0,0,0,1.0,1,1.0,1,1.0,1,0.10675192391282125,48
2958,2,3967,2272,1695,0,0,0,1.0,1,1.0,1,1.0,1,0.09944877094659489,49
2959,2,3969,2273,1696,0,0,0,1.0,1,1.0,1,1.0,1,0.066262133984088,49
2960,1,3970,2273,1697,0,0,0,1.0,1,1.0,1,1.0,1,0.09746722292236583,49
2961,2,3972,2274,1698,0,0,0,1.0,1,1.0,1,1.0,1,0.08905641603694485,51
2962,3,3975,2276,1699,0,0,0,1.0,1,1.0,1,1.0,1,0.06797327263843154,51
2963,2,3977,2278,1699,0,0,0,1.0,1,1.0,1,1.0,1,0.058544104664803996,51
2964,1,3978,2279,1699,0,0,0,1.0,1,1.0,1,1.0,1,0.06992529771131248,52
2965,2,3980,2281,1699,0,0,0,1.0,1,1.0,1,1.0,1,0.07433483963628307,53
2966,0,3980,2281,1699,0,0,0,1.0,1,1.0,1,1.0,1,0.07433483963628307,53
2967,0,3980,2281,1699,0,0,0,1.0,1,1.0,1,1.0,1,0.06611179049416631,53
2968,1,3981,2281,1700,0,0,0,1.0,1,1.0,1,1.0,1,0.0388835981826492,54
2969,1,3982,2282,1700,0,0,0,1.0,1,1.0,1,1.0,1,0.045587977352675585,55
2970,1,3983,2282,1701,0,0,0,1.0,1,1.0,1,1.0,1,0.03249595831620074,55
2971,0,3983,2282,1701,0,0,0,1.0,1,1.0,1,1.0,1,0.03249595831620074,55
2972,1,3984,2283,1701,0,0,0,1.0,1,1.0,1,1.0,1,0.048185081099696554,55
2973,0,3984,2283,1701,0,0,0,1.0,1,1.0,1,1.0,1,0.05715919417401475,55
2974,0,3984,2283,1701,0,0,0,1.0,1,1.0,1,1.0,1,0.05871682634228159,56
2975,0,3984,2283,1701,0,0,0,1.0,1,1.0,1,1.0,1,0.05627346440635591,55
2976,0,3984,2283,1701,0,0,0,1.0,1,1.0,1,1.0,1,0.05605566275919654,57
2977,1,3985,2283,1702,0,0,0,1.0,1,1.0,1,1.0,1,0.06889226231540478,59
2978,2,3987,2285,1702,0,0,0,1.0,1,1.0,1,1.0,1,0.08717841305086893,59
2979,1,3988,2286,1702,0,0,0,1.0,1,1.0,1,1.0,1,0.10009677904633682,59
2980,2,3990,2288,1702,0,0,0,1.0,1,1.0,1,1.0,1,0.12546153497206494,59
2981,6,3996,2290,1706,0,0,0,1.0,1,1.0,1,1.0,1,0.09521474878887885,59
2982,2,3998,2291,1707,0,0,0,1.0,1,1.0,1,1.0,1,0.0937887184948924,61
2983,4,4002,2293,1709,0,0,0,1.0,1,1.0,1,1.0,1,0.0812320970998056,61
2984,3,4005,2295,1710,0,0,0,1.0,1,1.0,1,1.0,1,0.10047386599266869,61
2985,6,4011,2299,1712,0,0,0,1.0,1,1.0,1,1.0,1,0.055208767398160975,57
2986,5,4016,2303,1713,0,0,0,1.0,1,1.0,1,1.0,1,0.049611158452340834,58
2987,4,4020,2304,1716,0,0,0,1.0,1,1.0,1,1.0,1,0.0954232819810445,56
2988,4,4024,2308,1716,0,0,0,1.0,1,1.0,1,1.0,1,0.07553596678381906,55
2989,3,4027,2310,1717,0,0,0,1.0,1,1.0,1,1.0,1,0.07086232773768068,53
2990,5,4032,2312,1720,0,0,0,1.0,1,1.0,1,1.0,1,0.09790012469308446,52
2991,4,4036,2314,1722,0,0,0,1.0,1,1.0,1,1.0,1,0.05866575902777782,54
2992,0,4036,2314,1722,0,0,0,1.0,1,1.0,1,1.0,1,0.07509849327164445,55
2993,1,4037,2315,1722,0,0,0,1.0,1,1.0,1,1.0,1,0.1043265929604457,53
2994,2,4039,2315,1724,0,0,0,1.0,1,1.0,1,1.0,1,0.11079608962099838,53
2995,0,4039,2315,1724,0,0,0,1.0,1,1.0,1,1.0,1,0.13580608458148227,51
2996,2,4041,2316,1725,0,0,0,1.0,1,1.0,1,1.0,1,0.13468434293011802,52
2997,1,4042,2317,1725,0,0,0,1.0,1,1.0,1,1.0,1,0.15047438170887523,50
2998,1,4043,2318,1725,0,0,0,1.0,1,1.0,1,1.0,1,0.13618969187752109,51
2999,0,4043,2318,1725,0,0,0,1.0,1,1.0,1,1.0,1,0.16183701817028315,48
3000,1,4044,2319,1725,0,0,0,1.0,1,1.0,1,1.0,1,0.17588846653911824,48
3001,5,4049,2319,1730,0,0,0,1.0,1,1.0,1,1.0,1,0.08526169295918173,49
3002,1,4050,2320,1730,0,0,0,1.0,1,1.0,1,1.0,1,0.1065993090866277,50
3003,0,4050,2320,1730,0,0,0,1.0,1,1.0,1,1.0,1,0.1065993090866277,50
3004,0,4050,2320,1730,0,0,0,1.0,1,1.0,1,1.0,1,0.09530261887209177,51
3005,0,4050,2320,1730,0,0,0,1.0,1,1.0,1,1.0,1,0.0924981745871572,50
3006,0,4050,2320,1730,0,0,0,1.0,1,1.0,1,1.0,1,0.10791182815850167,51
3007,0,4050,2320,1730,0,0,0,1.0,1,1.0,1,1.0,1,0.09693144161863478,51
3008,2,4052,2320,1732,0,0,0,1.0,1,1.0,1,1.0,1,0.06173732579590374,53
3009,1,4053,2320,1733,0,0,0,1.0,1,1.0,1,1.0,1,0.07277679583559837,52
3010,0,4053,2320,1733,0,0,0,1.0,1,1.0,1,1.0,1,0.07277679583559837,52
3011,3,4056,2322,1734,0,0,0,1.0,1,1.0,1,1.0,1,0.08085741353077193,51
3012,3,4059,2323,1736,0,0,0,1.0,1,1.0,1,1.0,1,0.081441256087364,54
3013,2,4061,2325,1736,0,0,0,1.0,1,1.0,1,1.0,1,0.05029855149123156,52
3014,2,4063,2327,1736,0,0,0,1.0,1,1.0,1,1.0,1,0.07537983494931914,51
3015,2,4065,2329,1736,0,0,0,1.0,1,1.0,1,1.0,1,0.08495270783774737,50
3016,3,4068,2332,1736,0,0,0,1.0,1,1.0,1,1.0,1,0.11148718510123869,50
3017,3,4071,2335,1736,0,0,0,1.0,1,1.0,1,1.0,1,0.15379058299678558,48
3018,2,4073,2337,1736,0,0,0,1.0,1,1.0,1,1.0,1,0.1492244112003337,48
3019,1,4074,2338,1736,0,0,0,1.0,1,1.0,1,1.0,1,0.1473318317934679,47
3020,2,4076,2340,1736,0,0,0,1.0,1,1.0,1,1.0,1,0.1490051706170204,47
3021,3,4079,2343,1736,0,0,0,1.0,1,1.0,1,1.0,1,0.12372551405943459,46
3022,2,4081,2345,1736,0,0,0,1.0,1,1.0,1,1.0,1,0.16152415006135018,45
3023,3,4084,2348,1736,0,0,0,1.0,1,1.0,1,1.0,1,0.13303366374985837,41
3024,3,4087,2351,1736,0,0,0,1.0,1,1.0,1,1.0,1,0.17067265932619685,43
3025,1,4088,2352,1736,0,0,0,1.0,1,1.0,1,1.0,1,0.22822624783692871,39
3026,1,4089,2353,1736,0,0,0,1.0,1,1.0,1,1.0,1,0.25525066250784795,38
3027,2,4091,2354,1737,0,0,0,1.0,1,1.0,1,1.0,1,0.24343545515069373,38
3028,1,4092,2355,1737,0,0,0,1.0,1,1.0,1,1.0,1,0.2783079511022211,38
3029,1,4093,2356,1737,0,0,0,1.0,1,1.0,1,1.0,1,0.3121983531968407,37
3030,0,4093,2356,1737,0,0,0,1.0,1,1.0,1,1.0,1,0.31080440910036033,38
3031,6,4099,2358,1741,0,0,0,1.0,1,1.0,1,1.0,1,0.1626040388050725,39
3032,2,4101,2358,1743,0,0,0,1.0,1,1.0,1,1.0,1,0.15428398814046482,39
3033,1,4102,2358,1744,0,0,0,1.0,1,1.0,1,1.0,1,0.15424235786941756,39
3034,0,4102,2358,1744,0,0,0,1.0,1,1.0,1,1.0,1,0.16365512610779684,38
3035,0,4102,2358,1744,0,0,0,1.0,1,1.0,1,1.0,1,0.142134555064502,39
3036,0,4102,2358,1744,0,0,0,1.0,1,1.0,1,1.0,1,0.15908862691628153,39
3037,0,4102,2358,1744,0,0,0,1.0,1,1.0,1,1.0,1,0.17722356298602482,39
3038,2,4104,2359,1745,0,0,0,1.0,1,1.0,1,1.0,1,0.1398795561041416,40
3039,3,4107,2360,1747,0,0,0,1.0,1,1.0,1,1.0,1,0.16168282443546553,41
3040,4,4111,2362,1749,0,0,0,1.0,1,1.0,1,1.0,1,0.16589932806150146,42
3041,0,4111,2362,1749,0,0,0,1.0,1,1.0,1,1.0,1,0.18229734463028557,43
3042,2,4113,2364,1749,0,0,0,1.0,1,1.0,1,1.0,1,0.15232929914652876,45
3043,4,4117,2366,1751,0,0,0,1.0,1,1.0,1,1.0,1,0.11657753508070993,45
3044,1,4118,2366,1752,0,0,0,1.0,1,1.0,1,1.0,1,0.10476908012233867,45
3045,0,4118,2366,1752,0,0,0,1.0,1,1.0,1,1.0,1,0.10476908012233867,45
3046,0,4118,2366,1752,0,0,0,1.0,1,1.0,1,1.0,1,0.11516838034431749,46
3047,0,4118,2366,1752,0,0,0,1.0,1,1.0,1,1.0,1,0.11516838034431749,46
3048,2,4120,2366,1754,0,0,0,1.0,1,1.0,1,1.0,1,0.09938786792358673,49
3049,1,4121,2367,1754,0,0,0,1.0,1,1.0,1,1.0,1,0.10962381192916607,50
3050,1,4122,2368,1754,0,0,0,1.0,1,1.0,1,1.0,1,0.08412886195812491,50
3051,3,4125,2370,1755,0,0,0,1.0,1,1.0,1,1.0,1,0.10111395363026239,50
3052,2,4127,2370,1757,0,0,0,1.0,1,1.0,1,1.0,1,0.08257974484189948,50
3053,2,4129,2372,1757,0,0,0,1.0,1,1.0,1,1.0,1,0.10490724590594049,49
3054,1,4130,2373,1757,0,0,0,1.0,1,1.0,1,1.0,1,0.11899680298568899,47
3055,1,4131,2374,1757,0,0,0,1.0,1,1.0,1,1.0,1,0.13342237733144136,48
3056,1,4132,2375,1757,0,0,0,1.0,1,1.0,1,1.0,1,0.1464313542707733,47
3057,1,4133,2376,1757,0,0,0,1.0,1,1.0,1,1.0,1,0.16868383535659792,48
3058,2,4135,2377,1758,0,0,0,1.0,1,1.0,1,1.0,1,0.17876687112777642,46
3059,0,4135,2377,1758,0,0,0,1.0,1,1.0,1,1.0,1,0.17130349814563745,44
3060,0,4135,2377,1758,0,0,0,1.0,1,1.0,1,1.0,1,0.1694702678865602,44
3061,4,4139,2378,1761,0,0,0,1.0,1,1.0,1,1.0,1,0.09594082299034544,42
3062,3,4142,2380,1762,0,0,0,1.0,1,1.0,1,1.0,1,0.0643689196982721,42
3063,3,4145,2383,1762,0,0,0,1.0,1,1.0,1,1.0,1,0.11426612812247,41
3064,0,4145,2383,1762,0,0,0,1.0,1,1.0,1,1.0,1,0.11649110940480012,42
3065,1,4146,2384,1762,0,0,0,1.0,1,1.0,1,1.0,1,0.12023016777297195,40
3066,1,4147,2385,1762,0,0,0,1.0,1,1.0,1,1.0,1,0.10445214709536199,42
3067,2,4149,2387,1762,0,0,0,1.0,1,1.0,1,1.0,1,0.1506536881832445,40
3068,2,4151,2389,1762,0,0,0,1.0,1,1.0,1,1.0,1,0.13804500077873527,39
3069,0,4151,2389,1762,0,0,0,1.0,1,1.0,1,1.0,1,0.16978519866079783,38
3070,0,4151,2389,1762,0,0,0,1.0,1,1.0,1,1.0,1,0.18666851358657804,39
3071,4,4155,2389,1766,0,0,0,1.0,1,1.0,1,1.0,1,0.12700894588005543,39
3072,3,4158,2390,1768,0,0,0,1.0,1,1.0,1,1.0,1,0.15607272774108039,40
3073,2,4160,2391,1769,0,0,0,1.0,1,1.0,1,1.0,1,0.21998442189859993,38
3074,0,4160,2391,1769,0,0,0,1.0,1,1.0,1,1.0,1,0.20304369239700396,38
3075,3,4163,2392,1771,0,0,0,1.0,1,1.0,1,1.0,1,0.21956231934344989,41
3076,1,4164,2393,1771,0,0,0,1.0,1,1.0,1,1.0,1,0.19359285153705552,42
3077,0,4164,2393,1771,0,0,0,1.0,1,1.0,1,1.0,1,0.19359285153705552,42
3078,0,4164,2393,1771,0,0,0,1.0,1,1.0,1,1.0,1,0.19359285153705552,42
3079,1,4165,2394,1771,0,0,0,1.0,1,1.0,1,1.0,1,0.18224459214839925,42
3080,1,4166,2394,1772,0,0,0,1.0,1,1.0,1,1.0,1,0.16787485299590724,43
3081,4,4170,2394,1776,0,0,0,1.0,1,1.0,1,1.0,1,0.11860579452665002,44
3082,1,4171,2394,1777,0,0,0,1.0,1,1.0,1,1.0,1,0.12489707920196583,45
3083,0,4171,2394,1777,0,0,0,1.0,1,1.0,1,1.0,1,0.12489707920196583,45
3084,0,4171,2394,1777,0,0,0,1.0,1,1.0,1,1.0,1,0.12489707920196583,45
3085,1,4172,2394,1778,0,0,0,1.0,1,1.0,1,1.0,1,0.14107634274275455,46
3086,1,4173,2395,1778,0,0,0,1.0,1,1.0,1,1.0,1,0.1319581388038406,46
3087,2,4175,2396,1779,0,0,0,1.0,1,1.0,1,1.0,1,0.16790484055981691,47
3088,3,4178,2397,1781,0,0,0,1.0,1,1.0,1,1.0,1,0.17437901299162226,48
3089,0,4178,2397,1781,0,0,0,1.0,1,1.0,1,1.0,1,0.15065535659664803,46
3090,1,4179,2397,1782,0,0,0,1.0,1,1.0,1,1.0,1,0.13392841516346082,46
3091,1,4180,2397,1783,0,0,0,1.0,1,1.0,1,1.0,1,0.12587596547189683,46
3092,1,4181,2398,1783,0,0,0,1.0,1,1.0,1,1.0,1,0.1166536778802115,47
3093,1,4182,2398,1784,0,0,0,1.0,1,1.0,1,1.0,1,0.0997769791209795,47
3094,0,4182,2398,1784,0,0,0,1.0,1,1.0,1,1.0,1,0.09206222846896642,45
3095,1,4183,2399,1784,0,0,0,1.0,1,1.0,1,1.0,1,0.07111246120057314,46
3096,0,4183,2399,1784,0,0,0,1.0,1,1.0,1,1.0,1,0.07205035089236668,46
3097,3,4186,2401,1785,0,0,0,1.0,1,1.0,1,1.0,1,0.09453681154526691,47
3098,1,4187,2402,1785,0,0,0,1.0,1,1.0,1,1.0,1,0.05345957757013852,47
3099,0,4187,2402,1785,0,0,0,1.0,1,1.0,1,1.0,1,0.05345957757013852,47
3100,1,4188,2403,1785,0,0,0,1.0,1,1.0,1,1.0,1,0.030480887342374887,47
3101,0,4188,2403,1785,0,0,0,1.0,1,1.0,1,1.0,1,0.025853283702689505,48
3102,1,4189,2404,1785,0,0,0,1.0,1,1.0,1,1.0,1,0.01741771068171771,48
3103,0,4189,2404,1785,0,0,0,1.0,1,1.0,1,1.0,1,0.03330622553814754,49
3104,1,4190,2405,1785,0,0,0,1.0,1,1.0,1,1.0,1,0.058563510469211884,48
3105,1,4191,2406,1785,0,0,0,1.0,1,1.0,1,1.0,1,0.11616535351488805,45
3106,2,4193,2407,1786,0,0,0,1.0,1,1.0,1,1.0,1,0.1501328390822722,46
3107,1,4194,2408,1786,0,0,0,1.0,1,1.0,1,1.0,1,0.18222057319903764,44
3108,3,4197,2410,1787,0,0,0,1.0,1,1.0,1,1.0,1,0.18702350988881442,45
3109,0,4197,2410,1787,0,0,0,1.0,1,1.0,1,1.0,1,0.20493574558022648,44
3110,3,4200,2413,1787,0,0,0,1.0,1,1.0,1,1.0,1,0.17942906605347506,46
3111,3,4203,2414,1789,0,0,0,1.0,1,1.0,1,1.0,1,0.15038013259847358,46
3112,1,4204,2414,1790,0,0,0,1.0,1,1.0,1,1.0,1,0.149191671210914,47
3113,2,4206,2415,1791,0,0,0,1.0,1,1.0,1,1.0,1,0.12098558109842084,48
3114,0,4206,2415,1791,0,0,0,1.0,1,1.0,1,1.0,1,0.12052598484486446,48
3115,0,4206,2415,1791,0,0,0,1.0,1,1.0,1,1.0,1,0.13777448326105018,49
3116,0,4206,2415,1791,0,0,0,1.0,1,1.0,1,1.0,1,0.14360309693418796,48
3117,4,4210,2418,1792,0,0,0,1.0,1,1.0,1,1.0,1,0.155642835755659,49
3118,2,4212,2418,1794,0,0,0,1.0,1,1.0,1,1.0,1,0.14320531017503121,50
3119,0,4212,2418,1794,0,0,0,1.0,1,1.0,1,1.0,1,0.14320531017503121,50
3120,1,4213,2419,1794,0,0,0,1.0,1,1.0,1,1.0,1,0.15915196529100697,50
3121,4,4217,2421,1796,0,0,0,1.0,1,1.0,1,1.0,1,0.13053579410818944,50
3122,0,4217,2421,1796,0,0,0,1.0,1,1.0,1,1.0,1,0.13053579410818944,50
3123,2,4219,2423,1796,0,0,0,1.0,1,1.0,1,1.0,1,0.13390938348387793,51
3124,1,4220,2424,1796,0,0,0,1.0,1,1.0,1,1.0,1,0.14898699396542145,51
3125,2,4222,2425,1797,0,0,0,1.0,1,1.0,1,1.0,1,0.1504374580195648,51
3126,1,4223,2426,1797,0,0,0,1.0,1,1.0,1,1.0,1,0.15051842214976233,54
3127,3,4226,2428,1798,0,0,0,1.0,1,1.0,1,1.0,1,0.15928397274344683,53
3128,0,4226,2428,1798,0,0,0,1.0,1,1.0,1,1.0,1,0.14397608143769194,52
3129,2,4228,2430,1798,0,0,0,1.0,1,1.0,1,1.0,1,0.17160876882085643,51
3130,0,4228,2430,1798,0,0,0,1.0,1,1.0,1,1.0,1,0.158255248105895,50
3131,4,4232,2432,1800,0,0,0,1.0,1,1.0,1,1.0,1,0.15937548323831915,50
3132,0,4232,2432,1800,0,0,0,1.0,1,1.0,1,1.0,1,0.13454420654132454,49
3133,0,4232,2432,1800,0,0,0,1.0,1,1.0,1,1.0,1,0.13454420654132454,49
3134,1,4233,2433,1800,0,0,0,1.0,1,1.0,1,1.0,1,0.12400452527896037,46
3135,2,4235,2435,1800,0,0,0,1.0,1,1.0,1,1.0,1,0.16513095162310518,47
3136,2,4237,2437,1800,0,0,0,1.0,1,1.0,1,1.0,1,0.12146838922977637,46
3137,2,4239,2438,1801,0,0,0,1.0,1,1.0,1,1.0,1,0.14686329095970488,49
3138,1,4240,2439,1801,0,0,0,1.0,1,1.0,1,1.0,1,0.17422422338669655,49
3139,3,4243,2441,1802,0,0,0,1.0,1,1.0,1,1.0,1,0.1778829923007467,50
3140,1,4244,2442,1802,0,0,0,1.0,1,1.0,1,1.0,1,0.20499824804443087,51
3141,4,4248,2442,1806,0,0,0,1.0,1,1.0,1,1.0,1,0.18189688960142084,50
3142,1,4249,2442,1807,0,0,0,1.0,1,1.0,1,1.0,1,0.16871518665317428,50
3143,0,4249,2442,1807,0,0,0,1.0,1,1.0,1,1.0,1,0.18642375431808614,49
3144,1,4250,2442,1808,0,0,0,1.0,1,1.0,1,1.0,1,0.17714346042758067,49
3145,1,4251,2443,1808,0,0,0,1.0,1,1.0,1,1.0,1,0.2073094145738,48
3146,1,4252,2443,1809,0,0,0,1.0,1,1.0,1,1.0,1,0.18727890101353248,49
3147,1,4253,2443,1810,0,0,0,1.0,1,1.0,1,1.0,1,0.2204415302679698,48
3148,2,4255,2445,1810,0,0,0,1.0,1,1.0,1,1.0,1,0.1998515614272569,48
3149,1,4256,2446,1810,0,0,0,1.0,1,1.0,1,1.0,1,0.21337488784764594,47
3150,2,4258,2448,1810,0,0,0,1.0,1,1.0,1,1.0,1,0.18517159937170677,47
3151,5,4263,2448,1815,0,0,0,1.0,1,1.0,1,1.0,1,0.14319024221403528,48
3152,0,4263,2448,1815,0,0,0,1.0,1,1.0,1,1.0,1,0.15353088874942983,47
3153,0,4263,2448,1815,0,0,0,1.0,1,1.0,1,1.0,1,0.15353088874942983,47
3154,3,4266,2449,1817,0,0,0,1.0,1,1.0,1,1.0,1,0.13568718551468553,48
3155,0,4266,2449,1817,0,0,0,1.0,1,1.0,1,1.0,1,0.13171644174918015,48
3156,0,4266,2449,1817,0,0,0,1.0,1,1.0,1,1.0,1,0.13973794853965846,48
3157,0,4266,2449,1817,0,0,0,1.0,1,1.0,1,1.0,1,0.17067501334839302,48
3158,0,4266,2449,1817,0,0,0,1.0,1,1.0,1,1.0,1,0.17067501334839302,48
3159,0,4266,2449,1817,0,0,0,1.0,1,1.0,1,1.0,1,0.16439465717085033,49
3160,2,4268,2449,1819,0,0,0,1.0,1,1.0,1,1.0,1,0.1544769227274261,51
3161,3,4271,2449,1822,0,0,0,1.0,1,1.0,1,1.0,1,0.08827568180174963,52
3162,1,4272,2450,1822,0,0,0,1.0,1,1.0,1,1.0,1,0.10963781574681299,51
3163,1,4273,2451,1822,0,0,0,1.0,1,1.0,1,1.0,1,0.10319786731478856,51
3164,2,4275,2452,1823,0,0,0,1.0,1,1.0,1,1.0,1,0.1214285584931863,52
3165,0,4275,2452,1823,0,0,0,1.0,1,1.0,1,1.0,1,0.09699024021201884,50
3166,0,4275,2452,1823,0,0,0,1.0,1,1.0,1,1.0,1,0.09699024021201884,50
3167,4,4279,2456,1823,0,0,0,1.0,1,1.0,1,1.0,1,0.11193247579575709,49
3168,1,4280,2457,1823,0,0,0,1.0,1,1.0,1,1.0,1,0.12965131655525713,47
3169,2,4282,2458,1824,0,0,0,1.0,1,1.0,1,1.0,1,0.16393534306557486,48
3170,2,4284,2460,1824,0,0,0,1.0,1,1.0,1,1.0,1,0.21841926846325083,47
3171,6,4290,2461,1829,0,0,0,1.0,1,1.0,1,1.0,1,0.17426262945282958,47
3172,1,4291,2462,1829,0,0,0,1.0,1,1.0,1,1.0,1,0.18357892697789502,46
3173,2,4293,2462,1831,0,0,0,1.0,1,1.0,1,1.0,1,0.11110546702116719,45
3174,0,4293,2462,1831,0,0,0,1.0,1,1.0,1,1.0,1,0.1334527897389103,43
3175,1,4294,2463,1831,0,0,0,1.0,1,1.0,1,1.0,1,0.1173813058471525,43
3176,0,4294,2463,1831,0,0,0,1.0,1,1.0,1,1.0,1,0.10203702162159582,44
3177,2,4296,2465,1831,0,0,0,1.0,1,1.0,1,1.0,1,0.11299795699486305,44
3178,0,4296,2465,1831,0,0,0,1.0,1,1.0,1,1.0,1,0.10274896497150901,47
3179,1,4297,2466,1831,0,0,0,1.0,1,1.0,1,1.0,1,0.12564290597925987,48
3180,1,4298,2467,1831,0,0,0,1.0,1,1.0,1,1.0,1,0.11071500709148,48
3181,2,4300,2467,1833,0,0,0,1.0,1,1.0,1,1.0,1,0.08568947549949545,48
3182,0,4300,2467,1833,0,0,0,1.0,1,1.0,1,1.0,1,0.07414303983283137,51
3183,1,4301,2468,1833,0,0,0,1.0,1,1.0,1,1.0,1,0.06797359807841097,50
3184,2,4303,2469,1834,0,0,0,1.0,1,1.0,1,1.0,1,0.0569889835724533,50
3185,0,4303,2469,1834,0,0,0,1.0,1,1.0,1,1.0,1,0.08892172270972076,48
3186,1,4304,2470,1834,0,0,0,1.0,1,1.0,1,1.0,1,0.10341107956205453,48
3187,1,4305,2470,1835,0,0,0,1.0,1,1.0,1,1.0,1,0.1027460354739471,48
3188,1,4306,2471,1835,0,0,0,1.0,1,1.0,1,1.0,1,0.1218541006982413,48
3189,0,4306,2471,1835,0,0,0,1.0,1,1.0,1,1.0,1,0.13169609914060226,49
3190,3,4309,2472,1837,0,0,0,1.0,1,1.0,1,1.0,1,0.13180476928712542,51
3191,3,4312,2473,1839,0,0,0,1.0,1,1.0,1,1.0,1,0.07305571240200269,52
3192,1,4313,2474,1839,0,0,0,1.0,1,1.0,1,1.0,1,0.06558624022951283,52
3193,2,4315,2475,1840,0,0,0,1.0,1,1.0,1,1.0,1,0.07709960029582597,52
3194,1,4316,2476,1840,0,0,0,1.0,1,1.0,1,1.0,1,0.05599396754028031,54
3195,0,4316,2476,1840,0,0,0,1.0,1,1.0,1,1.0,1,0.05599396754028031,54
3196,1,4317,2477,1840,0,0,0,1.0,1,1.0,1,1.0,1,0.04755381719775975,54
3197,1,4318,2477,1841,0,0,0,1.0,1,1.0,1,1.0,1,0.032891245535700234,54
3198,2,4320,2479,1841,0,0,0,1.0,1,1.0,1,1.0,1,0.055210156884535636,54
3199,2,4322,2481,1841,0,0,0,1.0,1,1.0,1,1.0,1,0.045184824355241904,56
3200,1,4323,2482,1841,0,0,0,1.0,1,1.0,1,1.0,1,0.0698099607522175,56
3201,0,4323,2482,1841,0,0,0,1.0,1,1.0,1,1.0,1,0.0698099607522175,56
3202,3,4326,2484,1842,0,0,0,1.0,1,1.0,1,1.0,1,0.08922500428991212,57
3203,2,4328,2485,1843,0,0,0,1.0,1,1.0,1,1.0,1,0.08472930199747197,56
3204,0,4328,2485,1843,0,0,0,1.0,1,1.0,1,1.0,1,0.07884646897455862,55
3205,0,4328,2485,1843,0,0,0,1.0,1,1.0,1,1.0,1,0.0897513311685075,54
3206,5,4333,2489,1844,0,0,0,1.0,1,1.0,1,1.0,1,0.13697076127757368,56
3207,3,4336,2489,1847,0,0,0,1.0,1,1.0,1,1.0,1,0.13092774923957728,54
3208,3,4339,2491,1848,0,0,0,1.0,1,1.0,1,1.0,1,0.16294345054057768,53
3209,2,4341,2491,1850,0,0,0,1.0,1,1.0,1,1.0,1,0.15546672351937874,54
3210,3,4344,2493,1851,0,0,0,1.0,1,1.0,1,1.0,1,0.2072922870904007,53
3211,2,4346,2494,1852,0,0,0,1.0,1,1.0,1,1.0,1,0.21207955025190914,53
3212,1,4347,2494,1853,0,0,0,1.0,1,1.0,1,1.0,1,0.20318307235002026,54
3213,0,4347,2494,1853,0,0,0,1.0,1,1.0,1,1.0,1,0.18736962553940373,54
3214,1,4348,2494,1854,0,0,0,1.0,1,1.0,1,1.0,1,0.1812495993931915,55
3215,2,4350,2495,1855,0,0,0,1.0,1,1.0,1,1.0,1,0.1618348768454617,55
3216,1,4351,2496,1855,0,0,0,1.0,1,1.0,1,1.0,1,0.17116662688054704,55
3217,4,4355,2499,1856,0,0,0,1.0,1,1.0,1,1.0,1,0.19371046761557487,54
3218,0,4355,2499,1856,0,0,0,1.0,1,1.0,1,1.0,1,0.19371046761557487,54
3219,1,4356,2500,1856,0,0,0,1.0,1,1.0,1,1.0,1,0.19837501295066476,55
3220,0,4356,2500,1856,0,0,0,1.0,1,1.0,1,1.0,1,0.17688812421387404,56
3221,1,4357,2501,1856,0,0,0,1.0,1,1.0,1,1.0,1,0.20186259246555532,57
3222,1,4358,2501,1857,0,0,0,1.0,1,1.0,1,1.0,1,0.1929024494287729,57
3223,1,4359,2502,1857,0,0,0,1.0,1,1.0,1,1.0,1,0.20603672392129516,56
3224,2,4361,2503,1858,0,0,0,1.0,1,1.0,1,1.0,1,0.18471473260748736,58
3225,3,4364,2506,1858,0,0,0,1.0,1,1.0,1,1.0,1,0.19663193181295854,55
3226,1,4365,2507,1858,0,0,0,1.0,1,1.0,1,1.0,1,0.1878912140663112,54
3227,1,4366,2508,1858,0,0,0,1.0,1,1.0,1,1.0,1,0.18226889726009748,53
3228,2,4368,2509,1859,0,0,0,1.0,1,1.0,1,1.0,1,0.1440825009972745,52
3229,0,4368,2509,1859,0,0,0,1.0,1,1.0,1,1.0,1,0.13341740183496498,52
3230,2,4370,2511,1859,0,0,0,1.0,1,1.0,1,1.0,1,0.1321922165681331,50
3231,1,4371,2512,1859,0,0,0,1.0,1,1.0,1,1.0,1,0.15376008091066926,50
3232,4,4375,2515,1860,0,0,0,1.0,1,1.0,1,1.0,1,0.16563798509860403,50
3233,0,4375,2515,1860,0,0,0,1.0,1,1.0,1,1.0,1,0.17462331865064137,50
3234,1,4376,2516,1860,0,0,0,1.0,1,1.0,1,1.0,1,0.20000686633493217,49
3235,2,4378,2518,1860,0,0,0,1.0,1,1.0,1,1.0,1,0.2379850968776492,49
3236,1,4379,2518,1861,0,0,0,1.0,1,1.0,1,1.0,1,0.21587887756852228,51
3237,3,4382,2518,1864,0,0,0,1.0,1,1.0,1,1.0,1,0.22195502963061972,53
3238,4,4386,2519,1867,0,0,0,1.0,1,1.0,1,1.0,1,0.2371669620175951,53
3239,2,4388,2519,1869,0,0,0,1.0,1,1.0,1,1.0,1,0.25157355822348904,53
3240,3,4391,2519,1872,0,0,0,1.0,1,1.0,1,1.0,1,0.21915981032129153,53
3241,1,4392,2519,1873,0,0,0,1.0,1,1.0,1,1.0,1,0.20530113529214142,53
3242,1,4393,2520,1873,0,0,0,1.0,1,1.0,1,1.0,1,0.2148375554156503,53
3243,1,4394,2520,1874,0,0,0,1.0,1,1.0,1,1.0,1,0.1793381860129699,56
3244,0,4394,2520,1874,0,0,0,1.0,1,1.0,1,1.0,1,0.18873385187590053,57
3245,1,4395,2520,1875,0,0,0,1.0,1,1.0,1,1.0,1,0.16953102371977974,59
3246,0,4395,2520,1875,0,0,0,1.0,1,1.0,1,1.0,1,0.16953102371977974,59
3247,1,4396,2521,1875,0,0,0,1.0,1,1.0,1,1.0,1,0.18072588842708845,59
3248,1,4397,2521,1876,0,0,0,1.0,1,1.0,1,1.0,1,0.15990831037187875,59
3249,1,4398,2521,1877,0,0,0,1.0,1,1.0,1,1.0,1,0.15915131100547836,58
3250,0,4398,2521,1877,0,0,0,1.0,1,1.0,1,1.0,1,0.15915131100547836,58
3251,2,4400,2522,1878,0,0,0,1.0,1,1.0,1,1.0,1,0.1729005917300615,57
3252,0,4400,2522,1878,0,0,0,1.0,1,1.0,1,1.0,1,0.1945482888444935,57
3253,1,4401,2522,1879,0,0,0,1.0,1,1.0,1,1.0,1,0.1853484130855286,56
3254,1,4402,2522,1880,0,0,0,1.0,1,1.0,1,1.0,1,0.16001364158612863,57
3255,2,4404,2523,1881,0,0,0,1.0,1,1.0,1,1.0,1,0.1420087420091147,57
3256,2,4406,2523,1883,0,0,0,1.0,1,1.0,1,1.0,1,0.10744687224581537,57
3257,1,4407,2523,1884,0,0,0,1.0,1,1.0,1,1.0,1,0.08686321063603743,57
3258,2,4409,2523,1886,0,0,0,1.0,1,1.0,1,1.0,1,0.038837152754157424,58
3259,0,4409,2523,1886,0,0,0,1.0,1,1.0,1,1.0,1,0.03536269188702042,59
3260,2,4411,2525,1886,0,0,0,1.0,1,1.0,1,1.0,1,0.018558700615435915,60
3261,3,4414,2528,1886,0,0,0,1.0,1,1.0,1,1.0,1,0.08054943051234185,60
3262,5,4419,2533,1886,0,0,0,1.0,1,1.0,1,1.0,1,0.08247575420855427,61
3263,4,4423,2537,1886,0,0,0,1.0,1,1.0,1,1.0,1,0.06020592373920495,62
3264,2,4425,2539,1886,0,0,0,1.0,1,1.0,1,1.0,1,0.07547617183179355,60
3265,3,4428,2542,1886,0,0,0,1.0,1,1.0,1,1.0,1,0.08119675479790703,58
3266,4,4432,2545,1887,0,0,0,1.0,1,1.0,1,1.0,1,0.11671301935888603,59
3267,2,4434,2547,1887,0,0,0,1.0,1,1.0,1,1.0,1,0.14392836489983968,60
3268,2,4436,2548,1888,0,0,0,1.0,1,1.0,1,1.0,1,0.17337306360723212,58
3269,3,4439,2551,1888,0,0,0,1.0,1,1.0,1,1.0,1,0.08968436816529837,57
3270,1,4440,2552,1888,0,0,0,1.0,1,1.0,1,1.0,1,0.07984009083348852,56
3271,3,4443,2554,1889,0,0,0,1.0,1,1.0,1,1.0,1,0.06931280388422371,55
3272,1,4444,2555,1889,0,0,0,1.0,1,1.0,1,1.0,1,0.08382683025607983,55
3273,2,4446,2556,1890,0,0,0,1.0,1,1.0,1,1.0,1,0.057531181311649915,55
3274,0,4446,2556,1890,0,0,0,1.0,1,1.0,1,1.0,1,0.05454252548946525,55
3275,1,4447,2557,1890,0,0,0,1.0,1,1.0,1,1.0,1,0.04789846415222486,55
3276,1,4448,2557,1891,0,0,0,1.0,1,1.0,1,1.0,1,0.05700694242996286,55
3277,0,4448,2557,1891,0,0,0,1.0,1,1.0,1,1.0,1,0.03727402869220074,57
3278,0,4448,2557,1891,0,0,0,1.0,1,1.0,1,1.0,1,0.03295511091559012,56
3279,1,4449,2558,1891,0,0,0,1.0,1,1.0,1,1.0,1,0.036456428211275364,54
3280,0,4449,2558,1891,0,0,0,1.0,1,1.0,1,1.0,1,0.042719701763162886,53
3281,2,4451,2560,1891,0,0,0,1.0,1,1.0,1,1.0,1,0.07899976283731909,52
3282,0,4451,2560,1891,0,0,0,1.0,1,1.0,1,1.0,1,0.07853507038348995,50
3283,2,4453,2562,1891,0,0,0,1.0,1,1.0,1,1.0,1,0.10469150351805638,50
3284,4,4457,2566,1891,0,0,0,1.0,1,1.0,1,1.0,1,0.1176096724837875,47
3285,0,4457,2566,1891,0,0,0,1.0,1,1.0,1,1.0,1,0.0994051554039362,48
3286,5,4462,2571,1891,0,0,0,1.0,1,1.0,1,1.0,1,0.09528375383655156,46
3287,4,4466,2573,1893,0,0,0,1.0,1,1.0,1,1.0,1,0.1252989573505152,46
3288,3,4469,2576,1893,0,0,0,1.0,1,1.0,1,1.0,1,0.18954151601064193,46
3289,3,4472,2578,1894,0,0,0,1.0,1,1.0,1,1.0,1,0.19139044312501216,48
3290,2,4474,2580,1894,0,0,0,1.0,1,1.0,1,1.0,1,0.2249331249423808,48
3291,9,4483,2583,1900,0,0,0,1.0,1,1.0,1,1.0,1,0.05441813226573807,50
3292,1,4484,2584,1900,0,0,0,1.0,1,1.0,1,1.0,1,0.08927684275693691,50
3293,0,4484,2584,1900,0,0,0,1.0,1,1.0,1,1.0,1,0.07070426471111584,51
3294,2,4486,2586,1900,0,0,0,1.0,1,1.0,1,1.0,1,0.09477822728645213,50
3295,3,4489,2589,1900,0,0,0,1.0,1,1.0,1,1.0,1,0.0939728220297301,50
3296,1,4490,2590,1900,0,0,0,1.0,1,1.0,1,1.0,1,0.08244909240443822,50
3297,2,4492,2592,1900,0,0,0,1.0,1,1.0,1,1.0,1,0.07083853015778808,51
3298,2,4494,2594,1900,0,0,0,1.0,1,1.0,1,1.0,1,0.09763295599485274,52
3299,2,4496,2596,1900,0,0,0,1.0,1,1.0,1,1.0,1,0.053784643019501394,53
3300,1,4497,2596,1901,0,0,0,1.0,1,1.0,1,1.0,1,0.03905169420797865,53
3301,0,4497,2596,1901,0,0,0,1.0,1,1.0,1,1.0,1,0.03905169420797865,53
3302,1,4498,2597,1901,0,0,0,1.0,1,1.0,1,1.0,1,0.04652639161745447,53
3303,1,4499,2597,1902,0,0,0,1.0,1,1.0,1,1.0,1,0.035686564861237564,52
3304,0,4499,2597,1902,0,0,0,1.0,1,1.0,1,1.0,1,0.02538037269112745,52
3305,1,4500,2598,1902,0,0,0,1.0,1,1.0,1,1.0,1,0.05376077113026937,51
3306,0,4500,2598,1902,0,0,0,1.0,1,1.0,1,1.0,1,0.03345495926900847,51
3307,1,4501,2599,1902,0,0,0,1.0,1,1.0,1,1.0,1,0.05240533355742758,48
3308,1,4502,2600,1902,0,0,0,1.0,1,1.0,1,1.0,1,0.06568833842145011,48
3309,1,4503,2601,1902,0,0,0,1.0,1,1.0,1,1.0,1,0.08096610367884234,48
3310,0,4503,2601,1902,0,0,0,1.0,1,1.0,1,1.0,1,0.099367806102552,47
3311,4,4507,2604,1903,0,0,0,1.0,1,1.0,1,1.0,1,0.13529557330883973,49
3312,2,4509,2605,1904,0,0,0,1.0,1,1.0,1,1.0,1,0.16127912585656246,48
3313,3,4512,2608,1904,0,0,0,1.0,1,1.0,1,1.0,1,0.1994426861546986,49
3314,3,4515,2609,1906,0,0,0,1.0,1,1.0,1,1.0,1,0.21578977693434373,47
3315,3,4518,2610,1908,0,0,0,1.0,1,1.0,1,1.0,1,0.25648839318727734,47
3316,0,4518,2610,1908,0,0,0,1.0,1,1.0,1,1.0,1,0.25648839318727734,47
3317,0,4518,2610,1908,0,0,0,1.0,1,1.0,1,1.0,1,0.23434502923338524,46
3318,0,4518,2610,1908,0,0,0,1.0,1,1.0,1,1.0,1,0.21869305264382735,45
3319,3,4521,2612,1909,0,0,0,1.0,1,1.0,1,1.0,1,0.1887750967182702,44
3320,1,4522,2612,1910,0,0,0,1.0,1,1.0,1,1.0,1,0.209915453110023,43
3321,5,4527,2614,1913,0,0,0,1.0,1,1.0,1,1.0,1,0.14968911403920546,43
3322,1,4528,2615,1913,0,0,0,1.0,1,1.0,1,1.0,1,0.13989835388711735,40
3323,2,4530,2617,1913,0,0,0,1.0,1,1.0,1,1.0,1,0.15862470439451953,40
3324,2,4532,2619,1913,0,0,0,1.0,1,1.0,1,1.0,1,0.18992745605710035,40
3325,2,4534,2621,1913,0,0,0,1.0,1,1.0,1,1.0,1,0.22419448816274318,40
3326,3,4537,2623,1914,0,0,0,1.0,1,1.0,1,1.0,1,0.18157111653744473,41
3327,0,4537,2623,1914,0,0,0,1.0,1,1.0,1,1.0,1,0.1529870410636238,39
3328,3,4540,2626,1914,0,0,0,1.0,1,1.0,1,1.0,1,0.21196280513962182,41
3329,0,4540,2626,1914,0,0,0,1.0,1,1.0,1,1.0,1,0.18577640619146685,39
3330,1,4541,2627,1914,0,0,0,1.0,1,1.0,1,1.0,1,0.179680325147786,40
3331,3,4544,2627,1917,0,0,0,1.0,1,1.0,1,1.0,1,0.07484929672448716,38
3332,0,4544,2627,1917,0,0,0,1.0,1,1.0,1,1.0,1,0.09042997394642362,38
3333,1,4545,2628,1917,0,0,0,1.0,1,1.0,1,1.0,1,0.11269586319910983,38
3334,3,4548,2628,1920,0,0,0,1.0,1,1.0,1,1.0,1,0.08925423722495053,40
3335,0,4548,2628,1920,0,0,0,1.0,1,1.0,1,1.0,1,0.08925423722495053,40
3336,0,4548,2628,1920,0,0,0,1.0,1,1.0,1,1.0,1,0.11620112955171136,39
3337,0,4548,2628,1920,0,0,0,1.0,1,1.0,1,1.0,1,0.11766235851685286,40
3338,3,4551,2631,1920,0,0,0,1.0,1,1.0,1,1.0,1,0.12942838270668724,41
3339,3,4554,2632,1922,0,0,0,1.0,1,1.0,1,1.0,1,0.09639039942098965,42
3340,3,4557,2634,1923,0,0,0,1.0,1,1.0,1,1.0,1,0.08408122824693015,43
3341,1,4558,2634,1924,0,0,0,1.0,1,1.0,1,1.0,1,0.056737653197598624,43
3342,1,4559,2635,1924,0,0,0,1.0,1,1.0,1,1.0,1,0.0988601500721247,44
3343,0,4559,2635,1924,0,0,0,1.0,1,1.0,1,1.0,1,0.0988601500721247,44
3344,0,4559,2635,1924,0,0,0,1.0,1,1.0,1,1.0,1,0.14081840908434987,44
3345,0,4559,2635,1924,0,0,0,1.0,1,1.0,1,1.0,1,0.1552115820837954,43
3346,0,4559,2635,1924,0,0,0,1.0,1,1.0,1,1.0,1,0.1801234887234163,42
3347,0,4559,2635,1924,0,0,0,1.0,1,1.0,1,1.0,1,0.1547862560832251,44
3348,1,4560,2635,1925,0,0,0,1.0,1,1.0,1,1.0,1,0.14015110843240486,45
3349,1,4561,2636,1925,0,0,0,1.0,1,1.0,1,1.0,1,0.1339809848256376,45
3350,0,4561,2636,1925,0,0,0,1.0,1,1.0,1,1.0,1,0.11377823587879443,46
3351,0,4561,2636,1925,0,0,0,1.0,1,1.0,1,1.0,1,0.11629154098184384,47
3352,1,4562,2637,1925,0,0,0,1.0,1,1.0,1,1.0,1,0.13751878586713653,47
3353,2,4564,2637,1927,0,0,0,1.0,1,1.0,1,1.0,1,0.11690267518818187,48
3354,1,4565,2638,1927,0,0,0,1.0,1,1.0,1,1.0,1,0.14301438326054364,48
3355,2,4567,2639,1928,0,0,0,1.0,1,1.0,1,1.0,1,0.1375804461588543,48
3356,0,4567,2639,1928,0,0,0,1.0,1,1.0,1,1.0,1,0.11391490505070692,48
3357,1,4568,2640,1928,0,0,0,1.0,1,1.0,1,1.0,1,0.119680165808952,47
3358,1,4569,2641,1928,0,0,0,1.0,1,1.0,1,1.0,1,0.14123918792305526,46
3359,1,4570,2642,1928,0,0,0,1.0,1,1.0,1,1.0,1,0.15774556149555902,45
3360,2,4572,2644,1928,0,0,0,1.0,1,1.0,1,1.0,1,0.2090383863699962,44
3361,5,4577,2645,1932,0,0,0,1.0,1,1.0,1,1.0,1,0.1554090710216692,43
3362,2,4579,2646,1933,0,0,0,1.0,1,1.0,1,1.0,1,0.18681412739769243,42
3363,1,4580,2647,1933,0,0,0,1.0,1,1.0,1,1.0,1,0.21324451337887504,41
3364,0,4580,2647,1933,0,0,0,1.0,1,1.0,1,1.0,1,0.1887231912411049,41
3365,0,4580,2647,1933,0,0,0,1.0,1,1.0,1,1.0,1,0.18956555272157938,41
3366,0,4580,2647,1933,0,0,0,1.0,1,1.0,1,1.0,1,0.17449729608807366,40
3367,0,4580,2647,1933,0,0,0,1.0,1,1.0,1,1.0,1,0.1562646916081475,39
3368,2,4582,2649,1933,0,0,0,1.0,1,1.0,1,1.0,1,0.14381796315570167,39
3369,0,4582,2649,1933,0,0,0,1.0,1,1.0,1,1.0,1,0.1369063464878659,40
3370,2,4584,2651,1933,0,0,0,1.0,1,1.0,1,1.0,1,0.13678605808267635,41
3371,3,4587,2652,1935,0,0,0,1.0,1,1.0,1,1.0,1,0.12865673280555728,41
3372,3,4590,2654,1936,0,0,0,1.0,1,1.0,1,1.0,1,0.16320591799034093,40
3373,0,4590,2654,1936,0,0,0,1.0,1,1.0,1,1.0,1,0.1737598036302653,41
3374,1,4591,2654,1937,0,0,0,1.0,1,1.0,1,1.0,1,0.1543785613141686,42
3375,0,4591,2654,1937,0,0,0,1.0,1,1.0,1,1.0,1,0.16678733823013958,44
3376,1,4592,2654,1938,0,0,0,1.0,1,1.0,1,1.0,1,0.13041768233808324,46
3377,0,4592,2654,1938,0,0,0,1.0,1,1.0,1,1.0,1,0.1443279253909905,47
3378,3,4595,2655,1940,0,0,0,1.0,1,1.0,1,1.0,1,0.11633871471937493,48
3379,0,4595,2655,1940,0,0,0,1.0,1,1.0,1,1.0,1,0.11633871471937493,48
3380,0,4595,2655,1940,0,0,0,1.0,1,1.0,1,1.0,1,0.11633871471937493,48
3381,2,4597,2655,1942,0,0,0,1.0,1,1.0,1,1.0,1,0.07754690823193161,48
3382,2,4599,2656,1943,0,0,0,1.0,1,1.0,1,1.0,1,0.05913628511616336,49
3383,0,4599,2656,1943,0,0,0,1.0,1,1.0,1,1.0,1,0.09403029985247856,47
3384,3,4602,2658,1944,0,0,0,1.0,1,1.0,1,1.0,1,0.10954877881205963,48
3385,1,4603,2658,1945,0,0,0,1.0,1,1.0,1,1.0,1,0.13375245401192423,47
3386,2,4605,2659,1946,0,0,0,1.0,1,1.0,1,1.0,1,0.14601743793814403,49
3387,0,4605,2659,1946,0,0,0,1.0,1,1.0,1,1.0,1,0.1583481531571088,48
3388,1,4606,2660,1946,0,0,0,1.0,1,1.0,1,1.0,1,0.1861495203741965,48
3389,3,4609,2660,1949,0,0,0,1.0,1,1.0,1,1.0,1,0.20053542908697017,50
3390,2,4611,2660,1951,0,0,0,1.0,1,1.0,1,1.0,1,0.18092744488016493,51
3391,4,4615,2661,1954,0,0,0,1.0,1,1.0,1,1.0,1,0.1898488961838004,51
3392,2,4617,2661,1956,0,0,0,1.0,1,1.0,1,1.0,1,0.15479237874445823,52
3393,4,4621,2662,1959,0,0,0,1.0,1,1.0,1,1.0,1,0.10780278911652161,52
3394,0,4621,2662,1959,0,0,0,1.0,1,1.0,1,1.0,1,0.10780278911652161,52
3395,0,4621,2662,1959,0,0,0,1.0,1,1.0,1,1.0,1,0.08126789798378743,50
3396,2,4623,2663,1960,0,0,0,1.0,1,1.0,1,1.0,1,0.07890715261923228,49
3397,1,4624,2664,1960,0,0,0,1.0,1,1.0,1,1.0,1,0.06670957079554524,49
3398,1,4625,2664,1961,0,0,0,1.0,1,1.0,1,1.0,1,0.07603120607060031,48
3399,1,4626,2665,1961,0,0,0,1.0,1,1.0,1,1.0,1,0.06357967418128845,49
3400,2,4628,2666,1962,0,0,0,1.0,1,1.0,1,1.0,1,0.059401091184535106,50
3401,0,4628,2666,1962,0,0,0,1.0,1,1.0,1,1.0,1,0.06309695437503793,51
3402,1,4629,2667,1962,0,0,0,1.0,1,1.0,1,1.0,1,0.05770199239673904,51
3403,2,4631,2669,1962,0,0,0,1.0,1,1.0,1,1.0,1,0.09842214938756948,51
3404,2,4633,2670,1963,0,0,0,1.0,1,1.0,1,1.0,1,0.11134772919531548,51
3405,1,4634,2671,1963,0,0,0,1.0,1,1.0,1,1.0,1,0.14266892628397337,51
3406,1,4635,2671,1964,0,0,0,1.0,1,1.0,1,1.0,1,0.153280573479541,51
3407,5,4640,2674,1966,0,0,0,1.0,1,1.0,1,1.0,1,0.13914957837873104,52
3408,1,4641,2674,1967,0,0,0,1.0,1,1.0,1,1.0,1,0.15778902902793418,53
3409,3,4644,2675,1969,0,0,0,1.0,1,1.0,1,1.0,1,0.1263393666789075,54
3410,1,4645,2676,1969,0,0,0,1.0,1,1.0,1,1.0,1,0.13481505903777558,54
3411,1,4646,2677,1969,0,0,0,1.0,1,1.0,1,1.0,1,0.13369339306171976,54
3412,3,4649,2678,1971,0,0,0,1.0,1,1.0,1,1.0,1,0.13312467115430243,55
3413,0,4649,2678,1971,0,0,0,1.0,1,1.0,1,1.0,1,0.13312467115430243,55
3414,0,4649,2678,1971,0,0,0,1.0,1,1.0,1,1.0,1,0.13886024750418258,55
3415,3,4652,2680,1972,0,0,0,1.0,1,1.0,1,1.0,1,0.13694657668211188,56
3416,2,4654,2680,1974,0,0,0,1.0,1,1.0,1,1.0,1,0.12078021142005183,55
3417,1,4655,2680,1975,0,0,0,1.0,1,1.0,1,1.0,1,0.1277773440294547,56
3418,1,4656,2681,1975,0,0,0,1.0,1,1.0,1,1.0,1,0.1717289793030689,55
3419,2,4658,2681,1977,0,0,0,1.0,1,1.0,1,1.0,1,0.1620632995476727,56
3420,0,4658,2681,1977,0,0,0,1.0,1,1.0,1,1.0,1,0.1829669181225783,55
3421,5,4663,2681,1982,0,0,0,1.0,1,1.0,1,1.0,1,0.1406189804787132,57
3422,0,4663,2681,1982,0,0,0,1.0,1,1.0,1,1.0,1,0.14623459527196728,56
3423,1,4664,2682,1982,0,0,0,1.0,1,1.0,1,1.0,1,0.1403620526438814,56
3424,1,4665,2683,1982,0,0,0,1.0,1,1.0,1,1.0,1,0.1559100539200474,56
3425,0,4665,2683,1982,0,0,0,1.0,1,1.0,1,1.0,1,0.1559100539200474,56
3426,1,4666,2683,1983,0,0,0,1.0,1,1.0,1,1.0,1,0.1734403377576708,55
3427,0,4666,2683,1983,0,0,0,1.0,1,1.0,1,1.0,1,0.20415642551012816,55
3428,1,4667,2684,1983,0,0,0,1.0,1,1.0,1,1.0,1,0.1872847154461644,55
3429,1,4668,2685,1983,0,0,0,1.0,1,1.0,1,1.0,1,0.22945864687766648,54
3430,1,4669,2685,1984,0,0,0,1.0,1,1.0,1,1.0,1,0.20843329360787882,56
3431,4,4673,2686,1987,0,0,0,1.0,1,1.0,1,1.0,1,0.15465318792724295,54
3432,2,4675,2687,1988,0,0,0,1.0,1,1.0,1,1.0,1,0.17138326529065057,56
3433,3,4678,2689,1989,0,0,0,1.0,1,1.0,1,1.0,1,0.15724102544525756,53
3434,1,4679,2690,1989,0,0,0,1.0,1,1.0,1,1.0,1,0.1524988665980475,51
3435,2,4681,2692,1989,0,0,0,1.0,1,1.0,1,1.0,1,0.17571196625958396,51
3436,2,4683,2693,1990,0,0,0,1.0,1,1.0,1,1.0,1,0.14820620533584092,51
3437,3,4686,2695,1991,0,0,0,1.0,1,1.0,1,1.0,1,0.1552531564908386,53
3438,0,4686,2695,1991,0,0,0,1.0,1,1.0,1,1.0,1,0.10916096877436861,52
3439,2,4688,2697,1991,0,0,0,1.0,1,1.0,1,1.0,1,0.131049535636073,54
3440,0,4688,2697,1991,0,0,0,1.0,1,1.0,1,1.0,1,0.10830456315657477,52
3441,3,4691,2697,1994,0,0,0,1.0,1,1.0,1,1.0,1,0.08368961314346239,53
3442,0,4691,2697,1994,0,0,0,1.0,1,1.0,1,1.0,1,0.06752989409415551,53
3443,0,4691,2697,1994,0,0,0,1.0,1,1.0,1,1.0,1,0.08044461502901154,53
3444,0,4691,2697,1994,0,0,0,1.0,1,1.0,1,1.0,1,0.07835238361614916,52
3445,2,4693,2699,1994,0,0,0,1.0,1,1.0,1,1.0,1,0.07987428291745785,53
3446,1,4694,2700,1994,0,0,0,1.0,1,1.0,1,1.0,1,0.1372341460020614,53
3447,1,4695,2701,1994,0,0,0,1.0,1,1.0,1,1.0,1,0.1267156075509291,53
3448,3,4698,2703,1995,0,0,0,1.0,1,1.0,1,1.0,1,0.20050179345231856,52
3449,3,4701,2706,1995,0,0,0,1.0,1,1.0,1,1.0,1,0.1734546814557852,52
3450,2,4703,2708,1995,0,0,0,1.0,1,1.0,1,1.0,1,0.18223247591426978,52
3451,8,4711,2712,1999,0,0,0,1.0,1,1.0,1,1.0,1,0.1716019196585379,54
3452,2,4713,2713,2000,0,0,0,1.0,1,1.0,1,1.0,1,0.15178574980737006,54
3453,1,4714,2714,2000,0,0,0,1.0,1,1.0,1,1.0,1,0.14645891140779868,54
3454,1,4715,2714,2001,0,0,0,1.0,1,1.0,1,1.0,1,0.13189231932096873,57
3455,0,4715,2714,2001,0,0,0,1.0,1,1.0,1,1.0,1,0.13189231932096873,57
3456,0,4715,2714,2001,0,0,0,1.0,1,1.0,1,1.0,1,0.1413921354484145,58
3457,0,4715,2714,2001,0,0,0,1.0,1,1.0,1,1.0,1,0.15690275485267247,57
3458,0,4715,2714,2001,0,0,0,1.0,1,1.0,1,1.0,1,0.15724133759116649,57
3459,0,4715,2714,2001,0,0,0,1.0,1,1.0,1,1.0,1,0.15724133759116649,57
3460,0,4715,2714,2001,0,0,0,1.0,1,1.0,1,1.0,1,0.15075413366010934,58
3461,4,4719,2715,2004,0,0,0,1.0,1,1.0,1,1.0,1,0.12470974143487536,59
3462,2,4721,2716,2005,0,0,0,1.0,1,1.0,1,1.0,1,0.10052470071653587,59
3463,1,4722,2717,2005,0,0,0,1.0,1,1.0,1,1.0,1,0.09918018202110863,59
3464,2,4724,2717,2007,0,0,0,1.0,1,1.0,1,1.0,1,0.11705043957693584,59
3465,1,4725,2718,2007,0,0,0,1.0,1,1.0,1,1.0,1,0.13478350343932416,57
3466,0,4725,2718,2007,0,0,0,1.0,1,1.0,1,1.0,1,0.13478350343932416,57
3467,3,4728,2719,2009,0,0,0,1.0,1,1.0,1,1.0,1,0.14972371236623416,57
3468,0,4728,2719,2009,0,0,0,1.0,1,1.0,1,1.0,1,0.15409035337442137,57
3469,4,4732,2723,2009,0,0,0,1.0,1,1.0,1,1.0,1,0.14848852227769727,53
3470,2,4734,2725,2009,0,0,0,1.0,1,1.0,1,1.0,1,0.16124048413041067,50
3471,3,4737,2727,2010,0,0,0,1.0,1,1.0,1,1.0,1,0.19263540438287072,49
3472,2,4739,2728,2011,0,0,0,1.0,1,1.0,1,1.0,1,0.17064296587336744,47
3473,2,4741,2730,2011,0,0,0,1.0,1,1.0,1,1.0,1,0.22236230838536594,45
3474,1,4742,2731,2011,0,0,0,1.0,1,1.0,1,1.0,1,0.23523548988417287,42
3475,3,4745,2733,2012,0,0,0,1.0,1,1.0,1,1.0,1,0.2941487679381301,43
3476,2,4747,2735,2012,0,0,0,1.0,1,1.0,1,1.0,1,0.3091535863360671,41
3477,3,4750,2738,2012,0,0,0,1.0,1,1.0,1,1.0,1,0.2603991487498705,42
3478,2,4752,2740,2012,0,0,0,1.0,1,1.0,1,1.0,1,0.2905438025437062,40
3479,0,4752,2740,2012,0,0,0,1.0,1,1.0,1,1.0,1,0.25712302276125537,40
3480,1,4753,2741,2012,0,0,0,1.0,1,1.0,1,1.0,1,0.2599991381508167,40
3481,5,4758,2741,2017,0,0,0,1.0,1,1.0,1,1.0,1,0.15203319525846426,40
3482,0,4758,2741,2017,0,0,0,1.0,1,1.0,1,1.0,1,0.15203319525846426,40
3483,2,4760,2743,2017,0,0,0,1.0,1,1.0,1,1.0,1,0.2006741345511968,39
3484,1,4761,2743,2018,0,0,0,1.0,1,1.0,1,1.0,1,0.18768699208002199,39
3485,2,4763,2745,2018,0,0,0,1.0,1,1.0,1,1.0,1,0.28902169773881875,40
3486,2,4765,2745,2020,0,0,0,1.0,1,1.0,1,1.0,1,0.2688659351237892,41
3487,2,4767,2746,2021,0,0,0,1.0,1,1.0,1,1.0,1,0.2558942915037538,41
3488,2,4769,2748,2021,0,0,0,1.0,1,1.0,1,1.0,1,0.21852134974632198,42
3489,1,4770,2749,2021,0,0,0,1.0,1,1.0,1,1.0,1,0.1995763368299475,44
3490,0,4770,2749,2021,0,0,0,1.0,1,1.0,1,1.0,1,0.1995763368299475,44
3491,5,4775,2749,2026,0,0,0,1.0,1,1.0,1,1.0,1,0.1246364185969148,45
3492,3,4778,2751,2027,0,0,0,1.0,1,1.0,1,1.0,1,0.0688029194011366,45
3493,1,4779,2751,2028,0,0,0,1.0,1,1.0,1,1.0,1,0.08292089974936939,45
3494,1,4780,2751,2029,0,0,0,1.0,1,1.0,1,1.0,1,0.07082054510030632,45
3495,1,4781,2751,2030,0,0,0,1.0,1,1.0,1,1.0,1,0.07948423184003847,45
3496,0,4781,2751,2030,0,0,0,1.0,1,1.0,1,1.0,1,0.10451952142626175,46
3497,0,4781,2751,2030,0,0,0,1.0,1,1.0,1,1.0,1,0.09136816823849697,47
3498,2,4783,2752,2031,0,0,0,1.0,1,1.0,1,1.0,1,0.1348870362293121,48
3499,0,4783,2752,2031,0,0,0,1.0,1,1.0,1,1.0,1,0.15131634427391596,47
3500,2,4785,2752,2033,0,0,0,1.0,1,1.0,1,1.0,1,0.15149673363834917,50
3501,0,4785,2752,2033,0,0,0,1.0,1,1.0,1,1.0,1,0.15149673363834917,50
3502,0,4785,2752,2033,0,0,0,1.0,1,1.0,1,1.0,1,0.15149673363834917,50
3503,0,4785,2752,2033,0,0,0,1.0,1,1.0,1,1.0,1,0.15149673363834917,50
3504,1,4786,2753,2033,0,0,0,1.0,1,1.0,1,1.0,1,0.2181074591865487,47
3505,0,4786,2753,2033,0,0,0,1.0,1,1.0,1,1.0,1,0.22960490478189932,48
3506,1,4787,2753,2034,0,0,0,1.0,1,1.0,1,1.0,1,0.22118339266910447,49
3507,1,4788,2753,2035,0,0,0,1.0,1,1.0,1,1.0,1,0.19672004865276904,46
3508,3,4791,2756,2035,0,0,0,1.0,1,1.0,1,1.0,1,0.27420596065331854,47
3509,0,4791,2756,2035,0,0,0,1.0,1,1.0,1,1.0,1,0.24995288933340215,44
3510,1,4792,2757,2035,0,0,0,1.0,1,1.0,1,1.0,1,0.28290988778040577,45
3511,0,4792,2757,2035,0,0,0,1.0,1,1.0,1,1.0,1,0.2722985446422848,44
3512,0,4792,2757,2035,0,0,0,1.0,1,1.0,1,1.0,1,0.25270819222499746,42
3513,1,4793,2757,2036,0,0,0,1.0,1,1.0,1,1.0,1,0.24059747536413054,42
3514,0,4793,2757,2036,0,0,0,1.0,1,1.0,1,1.0,1,0.21683269781049436,42
3515,2,4795,2757,2038,0,0,0,1.0,1,1.0,1,1.0,1,0.19504896513121905,42
3516,0,4795,2757,2038,0,0,0,1.0,1,1.0,1,1.0,1,0.2090517833065605,41
3517,1,4796,2757,2039,0,0,0,1.0,1,1.0,1,1.0,1,0.195217758439654,44
3518,0,4796,2757,2039,0,0,0,1.0,1,1.0,1,1.0,1,0.20566377961079693,43
3519,0,4796,2757,2039,0,0,0,1.0,1,1.0,1,1.0,1,0.19443581671558796,44
3520,1,4797,2757,2040,0,0,0,1.0,1,1.0,1,1.0,1,0.20023290178560843,45
3521,2,4799,2757,2042,0,0,0,1.0,1,1.0,1,1.0,1,0.1835004051702143,45
3522,0,4799,2757,2042,0,0,0,1.0,1,1.0,1,1.0,1,0.18507021505639676,46
3523,0,4799,2757,2042,0,0,0,1.0,1,1.0,1,1.0,1,0.18507021505639676,46
3524,1,4800,2757,2043,0,0,0,1.0,1,1.0,1,1.0,1,0.15327217085651704,47
3525,0,4800,2757,2043,0,0,0,1.0,1,1.0,1,1.0,1,0.16929061399228376,48
3526,0,4800,2757,2043,0,0,0,1.0,1,1.0,1,1.0,1,0.14967458265164502,49
3527,3,4803,2759,2044,0,0,0,1.0,1,1.0,1,1.0,1,0.19824499616260302,49
3528,2,4805,2759,2046,0,0,0,1.0,1,1.0,1,1.0,1,0.1856989970375022,51
3529,1,4806,2759,2047,0,0,0,1.0,1,1.0,1,1.0,1,0.19126798643507262,51
3530,2,4808,2759,2049,0,0,0,1.0,1,1.0,1,1.0,1,0.1837690232452842,52
3531,1,4809,2759,2050,0,0,0,1.0,1,1.0,1,1.0,1,0.16567283681494796,52
3532,0,4809,2759,2050,0,0,0,1.0,1,1.0,1,1.0,1,0.16567283681494796,52
3533,0,4809,2759,2050,0,0,0,1.0,1,1.0,1,1.0,1,0.16567283681494796,52
3534,0,4809,2759,2050,0,0,0,1.0,1,1.0,1,1.0,1,0.16567283681494796,52
3535,0,4809,2759,2050,0,0,0,1.0,1,1.0,1,1.0,1,0.16567283681494796,52
3536,0,4809,2759,2050,0,0,0,1.0,1,1.0,1,1.0,1,0.17120102347770955,54
3537,0,4809,2759,2050,0,0,0,1.0,1,1.0,1,1.0,1,0.17020052130539814,55
3538,0,4809,2759,2050,0,0,0,1.0,1,1.0,1,1.0,1,0.17020052130539814,55
3539,2,4811,2759,2052,0,0,0,1.0,1,1.0,1,1.0,1,0.14114195021847378,58
3540,4,4815,2762,2053,0,0,0,1.0,1,1.0,1,1.0,1,0.1591712546628293,59
3541,1,4816,2762,2054,0,0,0,1.0,1,1.0,1,1.0,1,0.1506797866451806,59
3542,2,4818,2764,2054,0,0,0,1.0,1,1.0,1,1.0,1,0.17777855156907582,61
3543,1,4819,2764,2055,0,0,0,1.0,1,1.0,1,1.0,1,0.1619779408407617,62
3544,2,4821,2766,2055,0,0,0,1.0,1,1.0,1,1.0,1,0.17711171243199272,59
3545,1,4822,2767,2055,0,0,0,1.0,1,1.0,1,1.0,1,0.19384526653291226,59
3546,0,4822,2767,2055,0,0,0,1.0,1,1.0,1,1.0,1,0.18433431578928922,57
3547,2,4824,2769,2055,0,0,0,1.0,1,1.0,1,1.0,1,0.18670715677796518,53
3548,0,4824,2769,2055,0,0,0,1.0,1,1.0,1,1.0,1,0.18670715677796518,53
3549,0,4824,2769,2055,0,0,0,1.0,1,1.0,1,1.0,1,0.1732451139273276,52
3550,0,4824,2769,2055,0,0,0,1.0,1,1.0,1,1.0,1,0.19116670407570757,51
3551,4,4828,2769,2059,0,0,0,1.0,1,1.0,1,1.0,1,0.1464849299169244,51
3552,2,4830,2769,2061,0,0,0,1.0,1,1.0,1,1.0,1,0.12062936367333538,51
3553,1,4831,2769,2062,0,0,0,1.0,1,1.0,1,1.0,1,0.1222797868587233,49
3554,2,4833,2769,2064,0,0,0,1.0,1,1.0,1,1.0,1,0.08605206544470229,49
3555,2,4835,2769,2066,0,0,0,1.0,1,1.0,1,1.0,1,0.06963191115588954,51
3556,3,4838,2769,2069,0,0,0,1.0,1,1.0,1,1.0,1,0.07628146118676689,51
3557,1,4839,2769,2070,0,0,0,1.0,1,1.0,1,1.0,1,0.09212887277022845,52
3558,2,4841,2770,2071,0,0,0,1.0,1,1.0,1,1.0,1,0.10295346493807905,52
3559,0,4841,2770,2071,0,0,0,1.0,1,1.0,1,1.0,1,0.10295346493807905,52
3560,1,4842,2771,2071,0,0,0,1.0,1,1.0,1,1.0,1,0.08118542780372218,53
3561,2,4844,2772,2072,0,0,0,1.0,1,1.0,1,1.0,1,0.08837094796112431,54
3562,2,4846,2774,2072,0,0,0,1.0,1,1.0,1,1.0,1,0.10788491313555239,54
3563,1,4847,2775,2072,0,0,0,1.0,1,1.0,1,1.0,1,0.13234557261693705,55
3564,1,4848,2775,2073,0,0,0,1.0,1,1.0,1,1.0,1,0.09865008591481303,57
3565,0,4848,2775,2073,0,0,0,1.0,1,1.0,1,1.0,1,0.10514351698385425,56
3566,0,4848,2775,2073,0,0,0,1.0,1,1.0,1,1.0,1,0.11818697934452917,57
3567,1,4849,2776,2073,0,0,0,1.0,1,1.0,1,1.0,1,0.12524867719484578,57
3568,0,4849,2776,2073,0,0,0,1.0,1,1.0,1,1.0,1,0.12524867719484578,57
3569,1,4850,2776,2074,0,0,0,1.0,1,1.0,1,1.0,1,0.10297414244048572,57
3570,2,4852,2778,2074,0,0,0,1.0,1,1.0,1,1.0,1,0.1441391324696376,59
3571,2,4854,2778,2076,0,0,0,1.0,1,1.0,1,1.0,1,0.10992766446631028,60
3572,0,4854,2778,2076,0,0,0,1.0,1,1.0,1,1.0,1,0.10057797095544439,61
3573,2,4856,2779,2077,0,0,0,1.0,1,1.0,1,1.0,1,0.10197196862584208,62
3574,0,4856,2779,2077,0,0,0,1.0,1,1.0,1,1.0,1,0.09583103182727869,63
3575,0,4856,2779,2077,0,0,0,1.0,1,1.0,1,1.0,1,0.09583103182727869,63
3576,1,4857,2780,2077,0,0,0,1.0,1,1.0,1,1.0,1,0.11295471401904648,63
3577,0,4857,2780,2077,0,0,0,1.0,1,1.0,1,1.0,1,0.10539602768671727,64
3578,0,4857,2780,2077,0,0,0,1.0,1,1.0,1,1.0,1,0.09617769451833887,64
3579,0,4857,2780,2077,0,0,0,1.0,1,1.0,1,1.0,1,0.09617769451833887,64
3580,0,4857,2780,2077,0,0,0,1.0,1,1.0,1,1.0,1,0.10654248300984819,65
3581,1,4858,2781,2077,0,0,0,1.0,1,1.0,1,1.0,1,0.11443755545039899,68
3582,0,4858,2781,2077,0,0,0,1.0,1,1.0,1,1.0,1,0.13924128416666554,68
3583,4,4862,2785,2077,0,0,0,1.0,1,1.0,1,1.0,1,0.17321062747160829,65
3584,3,4865,2788,2077,0,0,0,1.0,1,1.0,1,1.0,1,0.21570268412884455,64
3585,2,4867,2790,2077,0,0,0,1.0,1,1.0,1,1.0,1,0.1990063660829884,64
3586,7,4874,2794,2080,0,0,0,1.0,1,1.0,1,1.0,1,0.19217650924720095,65
3587,3,4877,2795,2082,0,0,0,1.0,1,1.0,1,1.0,1,0.1480018295627289,64
3588,3,4880,2797,2083,0,0,0,1.0,1,1.0,1,1.0,1,0.14648549654285664,62
3589,4,4884,2800,2084,0,0,0,1.0,1,1.0,1,1.0,1,0.16987164791563208,63
3590,2,4886,2801,2085,0,0,0,1.0,1,1.0,1,1.0,1,0.1824900160805263,63
3591,5,4891,2802,2089,0,0,0,1.0,1,1.0,1,1.0,1,0.120642225001813,62
3592,1,4892,2803,2089,0,0,0,1.0,1,1.0,1,1.0,1,0.11275020102538076,59
3593,0,4892,2803,2089,0,0,0,1.0,1,1.0,1,1.0,1,0.10143934987272474,58
3594,0,4892,2803,2089,0,0,0,1.0,1,1.0,1,1.0,1,0.11830072567935847,57
3595,0,4892,2803,2089,0,0,0,1.0,1,1.0,1,1.0,1,0.11716542332517038,59
3596,2,4894,2805,2089,0,0,0,1.0,1,1.0,1,1.0,1,0.11825393580578497,57
3597,0,4894,2805,2089,0,0,0,1.0,1,1.0,1,1.0,1,0.14272649595678075,57
3598,1,4895,2806,2089,0,0,0,1.0,1,1.0,1,1.0,1,0.15127294217532608,57
3599,0,4895,2806,2089,0,0,0,1.0,1,1.0,1,1.0,1,0.16040238848643662,58
3600,1,4896,2807,2089,0,0,0,1.0,1,1.0,1,1.0,1,0.16575480862569955,58
3601,5,4901,2808,2093,0,0,0,1.0,1,1.0,1,1.0,1,0.11334190050793648,58
3602,4,4905,2808,2097,0,0,0,1.0,1,1.0,1,1.0,1,0.0563905562754182,60
3603,1,4906,2809,2097,0,0,0,1.0,1,1.0,1,1.0,1,0.07534896477823581,60
3604,1,4907,2810,2097,0,0,0,1.0,1,1.0,1,1.0,1,0.1040392935268019,60
3605,2,4909,2811,2098,0,0,0,1.0,1,1.0,1,1.0,1,0.1262504717811163,61
3606,5,4914,2813,2101,0,0,0,1.0,1,1.0,1,1.0,1,0.09171733260821795,63
3607,1,4915,2814,2101,0,0,0,1.0,1,1.0,1,1.0,1,0.0884782475372157,63
3608,0,4915,2814,2101,0,0,0,1.0,1,1.0,1,1.0,1,0.096028413929318,64
3609,1,4916,2814,2102,0,0,0,1.0,1,1.0,1,1.0,1,0.1050654183125846,66
3610,3,4919,2816,2103,0,0,0,1.0,1,1.0,1,1.0,1,0.10371371326691259,67
3611,2,4921,2818,2103,0,0,0,1.0,1,1.0,1,1.0,1,0.11956741743709862,67
3612,1,4922,2819,2103,0,0,0,1.0,1,1.0,1,1.0,1,0.13696121033128683,66
3613,1,4923,2819,2104,0,0,0,1.0,1,1.0,1,1.0,1,0.1293015986296355,66
3614,1,4924,2820,2104,0,0,0,1.0,1,1.0,1,1.0,1,0.13924552484478,65
3615,0,4924,2820,2104,0,0,0,1.0,1,1.0,1,1.0,1,0.12411371626159197,65
3616,0,4924,2820,2104,0,0,0,1.0,1,1.0,1,1.0,1,0.12411371626159197,65
3617,0,4924,2820,2104,0,0,0,1.0,1,1.0,1,1.0,1,0.12513254747136943,66
3618,0,4924,2820,2104,0,0,0,1.0,1,1.0,1,1.0,1,0.12513254747136943,66
3619,1,4925,2821,2104,0,0,0,1.0,1,1.0,1,1.0,1,0.144716524360374,65
3620,4,4929,2822,2107,0,0,0,1.0,1,1.0,1,1.0,1,0.1539182949548401,66
3621,4,4933,2824,2109,0,0,0,1.0,1,1.0,1,1.0,1,0.11211568237061326,65
3622,2,4935,2824,2111,0,0,0,1.0,1,1.0,1,1.0,1,0.09632536219144075,65
3623,1,4936,2825,2111,0,0,0,1.0,1,1.0,1,1.0,1,0.10724406977718333,62
3624,3,4939,2828,2111,0,0,0,1.0,1,1.0,1,1.0,1,0.13272698219156873,62
3625,3,4942,2830,2112,0,0,0,1.0,1,1.0,1,1.0,1,0.1446316515532237,61
3626,1,4943,2831,2112,0,0,0,1.0,1,1.0,1,1.0,1,0.1274729625319897,58
3627,2,4945,2833,2112,0,0,0,1.0,1,1.0,1,1.0,1,0.16217516018698996,58
3628,1,4946,2834,2112,0,0,0,1.0,1,1.0,1,1.0,1,0.12045166820420344,57
3629,1,4947,2835,2112,0,0,0,1.0,1,1.0,1,1.0,1,0.15484721878100594,57
3630,2,4949,2837,2112,0,0,0,1.0,1,1.0,1,1.0,1,0.10836397725660812,56
3631,4,4953,2838,2115,0,0,0,1.0,1,1.0,1,1.0,1,0.07867126777862236,54
3632,1,4954,2838,2116,0,0,0,1.0,1,1.0,1,1.0,1,0.06713352037697451,52
3633,1,4955,2839,2116,0,0,0,1.0,1,1.0,1,1.0,1,0.09337823344013947,52
3634,1,4956,2840,2116,0,0,0,1.0,1,1.0,1,1.0,1,0.11383592793563489,49
3635,1,4957,2841,2116,0,0,0,1.0,1,1.0,1,1.0,1,0.16190677265110998,47
3636,1,4958,2841,2117,0,0,0,1.0,1,1.0,1,1.0,1,0.17626698244411051,48
3637,4,4962,2844,2118,0,0,0,1.0,1,1.0,1,1.0,1,0.23181206047145644,49
3638,1,4963,2844,2119,0,0,0,1.0,1,1.0,1,1.0,1,0.20914622910361463,50
3639,2,4965,2846,2119,0,0,0,1.0,1,1.0,1,1.0,1,0.22105799216641844,52
3640,5,4970,2847,2123,0,0,0,1.0,1,1.0,1,1.0,1,0.21750013137381508,52
3641,5,4975,2847,2128,0,0,0,1.0,1,1.0,1,1.0,1,0.1590878033402265,52
3642,0,4975,2847,2128,0,0,0,1.0,1,1.0,1,1.0,1,0.1590878033402265,52
3643,0,4975,2847,2128,0,0,0,1.0,1,1.0,1,1.0,1,0.1590878033402265,52
3644,2,4977,2847,2130,0,0,0,1.0,1,1.0,1,1.0,1,0.1261044900525763,52
3645,1,4978,2848,2130,0,0,0,1.0,1,1.0,1,1.0,1,0.11369432698291457,53
3646,0,4978,2848,2130,0,0,0,1.0,1,1.0,1,1.0,1,0.11369432698291457,53
3647,1,4979,2848,2131,0,0,0,1.0,1,1.0,1,1.0,1,0.10999692727811855,55
3648,0,4979,2848,2131,0,0,0,1.0,1,1.0,1,1.0,1,0.1110036676907134,57
3649,0,4979,2848,2131,0,0,0,1.0,1,1.0,1,1.0,1,0.1110036676907134,57
3650,2,4981,2848,2133,0,0,0,1.0,1,1.0,1,1.0,1,0.1010889511820957,59
3651,0,4981,2848,2133,0,0,0,1.0,1,1.0,1,1.0,1,0.1010889511820957,59
3652,0,4981,2848,2133,0,0,0,1.0,1,1.0,1,1.0,1,0.1010889511820957,59
3653,0,4981,2848,2133,0,0,0,1.0,1,1.0,1,1.0,1,0.1010889511820957,59
3654,2,4983,2848,2135,0,0,0,1.0,1,1.0,1,1.0,1,0.0844289689616163,59
3655,1,4984,2848,2136,0,0,0,1.0,1,1.0,1,1.0,1,0.07102365730396439,62
3656,0,4984,2848,2136,0,0,0,1.0,1,1.0,1,1.0,1,0.07102365730396439,62
3657,2,4986,2849,2137,0,0,0,1.0,1,1.0,1,1.0,1,0.08936553651279432,63
3658,3,4989,2850,2139,0,0,0,1.0,1,1.0,1,1.0,1,0.10087379539627454,63
3659,1,4990,2851,2139,0,0,0,1.0,1,1.0,1,1.0,1,0.12047985799226908,62
3660,2,4992,2853,2139,0,0,0,1.0,1,1.0,1,1.0,1,0.15597202286176926,62
3661,5,4997,2854,2143,0,0,0,1.0,1,1.0,1,1.0,1,0.1059126695747023,61
3662,1,4998,2855,2143,0,0,0,1.0,1,1.0,1,1.0,1,0.12230725149890323,60
3663,3,5001,2856,2145,0,0,0,1.0,1,1.0,1,1.0,1,0.12394678194810325,61
3664,1,5002,2857,2145,0,0,0,1.0,1,1.0,1,1.0,1,0.11686201073542145,58
3665,1,5003,2858,2145,0,0,0,1.0,1,1.0,1,1.0,1,0.1502653259319983,58
3666,0,5003,2858,2145,0,0,0,1.0,1,1.0,1,1.0,1,0.13262438475365637,58
3667,2,5005,2860,2145,0,0,0,1.0,1,1.0,1,1.0,1,0.12279957924733749,58
3668,0,5005,2860,2145,0,0,0,1.0,1,1.0,1,1.0,1,0.12823458446417027,58
3669,1,5006,2861,2145,0,0,0,1.0,1,1.0,1,1.0,1,0.12287992673309645,57
3670,1,5007,2862,2145,0,0,0,1.0,1,1.0,1,1.0,1,0.13783952330095559,56
3671,2,5009,2863,2146,0,0,0,1.0,1,1.0,1,1.0,1,0.16497213814677333,57
3672,2,5011,2864,2147,0,0,0,1.0,1,1.0,1,1.0,1,0.1891891672347461,57
3673,0,5011,2864,2147,0,0,0,1.0,1,1.0,1,1.0,1,0.17575639359961082,58
3674,0,5011,2864,2147,0,0,0,1.0,1,1.0,1,1.0,1,0.1868082165209464,57
3675,0,5011,2864,2147,0,0,0,1.0,1,1.0,1,1.0,1,0.18814730568247653,58
3676,3,5014,2866,2148,0,0,0,1.0,1,1.0,1,1.0,1,0.19802879331179762,59
3677,1,5015,2866,2149,0,0,0,1.0,1,1.0,1,1.0,1,0.17878067696209,60
3678,2,5017,2866,2151,0,0,0,1.0,1,1.0,1,1.0,1,0.19962935281602526,62
3679,1,5018,2866,2152,0,0,0,1.0,1,1.0,1,1.0,1,0.19273281312138613,62
3680,1,5019,2866,2153,0,0,0,1.0,1,1.0,1,1.0,1,0.1802167402299085,63
3681,2,5021,2866,2155,0,0,0,1.0,1,1.0,1,1.0,1,0.1723928763290162,64
3682,0,5021,2866,2155,0,0,0,1.0,1,1.0,1,1.0,1,0.1723928763290162,64
3683,0,5021,2866,2155,0,0,0,1.0,1,1.0,1,1.0,1,0.1723928763290162,64
3684,1,5022,2867,2155,0,0,0,1.0,1,1.0,1,1.0,1,0.1914137538762967,64
3685,0,5022,2867,2155,0,0,0,1.0,1,1.0,1,1.0,1,0.1914137538762967,64
3686,2,5024,2868,2156,0,0,0,1.0,1,1.0,1,1.0,1,0.19528088843474425,65
3687,0,5024,2868,2156,0,0,0,1.0,1,1.0,1,1.0,1,0.19528088843474425,65
3688,0,5024,2868,2156,0,0,0,1.0,1,1.0,1,1.0,1,0.20465822724804542,66
3689,0,5024,2868,2156,0,0,0,1.0,1,1.0,1,1.0,1,0.20465822724804542,66
3690,2,5026,2868,2158,0,0,0,1.0,1,1.0,1,1.0,1,0.1961651193731891,67
3691,1,5027,2868,2159,0,0,0,1.0,1,1.0,1,1.0,1,0.17959726730169534,68
3692,0,5027,2868,2159,0,0,0,1.0,1,1.0,1,1.0,1,0.17413261703826594,69
3693,0,5027,2868,2159,0,0,0,1.0,1,1.0,1,1.0,1,0.17153054511729945,69
3694,1,5028,2869,2159,0,0,0,1.0,1,1.0,1,1.0,1,0.18812036509101146,70
3695,0,5028,2869,2159,0,0,0,1.0,1,1.0,1,1.0,1,0.18812036509101146,70
3696,3,5031,2871,2160,0,0,0,1.0,1,1.0,1,1.0,1,0.17138863722775113,71
3697,2,5033,2873,2160,0,0,0,1.0,1,1.0,1,1.0,1,0.1870434082309256,70
3698,0,5033,2873,2160,0,0,0,1.0,1,1.0,1,1.0,1,0.18674640539209086,70
3699,2,5035,2874,2161,0,0,0,1.0,1,1.0,1,1.0,1,0.17523877245876254,70
3700,3,5038,2877,2161,0,0,0,1.0,1,1.0,1,1.0,1,0.19755399488877382,68
3701,2,5040,2878,2162,0,0,0,1.0,1,1.0,1,1.0,1,0.20945221854717003,69
3702,1,5041,2879,2162,0,0,0,1.0,1,1.0,1,1.0,1,0.21875011462578609,69
3703,1,5042,2880,2162,0,0,0,1.0,1,1.0,1,1.0,1,0.249056632616519,70
3704,2,5044,2882,2162,0,0,0,1.0,1,1.0,1,1.0,1,0.27268142994141664,69
3705,1,5045,2882,2163,0,0,0,1.0,1,1.0,1,1.0,1,0.24157205189580272,69
3706,4,5049,2885,2164,0,0,0,1.0,1,1.0,1,1.0,1,0.23038241473106114,69
3707,0,5049,2885,2164,0,0,0,1.0,1,1.0,1,1.0,1,0.21380315220127352,67
3708,1,5050,2886,2164,0,0,0,1.0,1,1.0,1,1.0,1,0.19859561025230835,67
3709,0,5050,2886,2164,0,0,0,1.0,1,1.0,1,1.0,1,0.19859561025230835,67
3710,2,5052,2888,2164,0,0,0,1.0,1,1.0,1,1.0,1,0.19128109811869384,67
3711,0,5052,2888,2164,0,0,0,1.0,1,1.0,1,1.0,1,0.19218741503221592,68
3712,1,5053,2889,2164,0,0,0,1.0,1,1.0,1,1.0,1,0.19993354943308841,68
3713,3,5056,2890,2166,0,0,0,1.0,1,1.0,1,1.0,1,0.1765967364724852,68
3714,0,5056,2890,2166,0,0,0,1.0,1,1.0,1,1.0,1,0.1932203563549547,67
3715,1,5057,2890,2167,0,0,0,1.0,1,1.0,1,1.0,1,0.1860472544106501,68
3716,1,5058,2890,2168,0,0,0,1.0,1,1.0,1,1.0,1,0.18975869705305828,67
3717,1,5059,2891,2168,0,0,0,1.0,1,1.0,1,1.0,1,0.22139218756330864,68
3718,1,5060,2891,2169,0,0,0,1.0,1,1.0,1,1.0,1,0.22339316419755056,68
3719,1,5061,2892,2169,0,0,0,1.0,1,1.0,1,1.0,1,0.26522031749798497,68
3720,0,5061,2892,2169,0,0,0,1.0,1,1.0,1,1.0,1,0.26522031749798497,68
3721,5,5066,2895,2171,0,0,0,1.0,1,1.0,1,1.0,1,0.209953553914063,70
3722,0,5066,2895,2171,0,0,0,1.0,1,1.0,1,1.0,1,0.21858151834846543,71
3723,4,5070,2895,2175,0,0,0,1.0,1,1.0,1,1.0,1,0.19229198597511155,71
3724,0,5070,2895,2175,0,0,0,1.0,1,1.0,1,1.0,1,0.1870251362877249,72
3725,5,5075,2897,2178,0,0,0,1.0,1,1.0,1,1.0,1,0.2101958382164594,72
3726,2,5077,2897,2180,0,0,0,1.0,1,1.0,1,1.0,1,0.19855594432693652,71
3727,1,5078,2898,2180,0,0,0,1.0,1,1.0,1,1.0,1,0.2213283333000347,71
3728,0,5078,2898,2180,0,0,0,1.0,1,1.0,1,1.0,1,0.23377709394924948,70
3729,0,5078,2898,2180,0,0,0,1.0,1,1.0,1,1.0,1,0.23377709394924948,70
3730,3,5081,2899,2182,0,0,0,1.0,1,1.0,1,1.0,1,0.2502079027447138,71
3731,5,5086,2899,2187,0,0,0,1.0,1,1.0,1,1.0,1,0.2125365739188019,71
3732,0,5086,2899,2187,0,0,0,1.0,1,1.0,1,1.0,1,0.20784124644756075,72
3733,1,5087,2900,2187,0,0,0,1.0,1,1.0,1,1.0,1,0.22225933894184938,73
3734,3,5090,2901,2189,0,0,0,1.0,1,1.0,1,1.0,1,0.23367178239946562,74
3735,2,5092,2902,2190,0,0,0,1.0,1,1.0,1,1.0,1,0.23273206638948463,72
3736,1,5093,2902,2191,0,0,0,1.0,1,1.0,1,1.0,1,0.20254999184876013,72
3737,1,5094,2902,2192,0,0,0,1.0,1,1.0,1,1.0,1,0.19188833425087956,73
3738,0,5094,2902,2192,0,0,0,1.0,1,1.0,1,1.0,1,0.17940932164566717,72
3739,0,5094,2902,2192,0,0,0,1.0,1,1.0,1,1.0,1,0.17365906547710913,73
3740,1,5095,2902,2193,0,0,0,1.0,1,1.0,1,1.0,1,0.17358197245102122,70
3741,0,5095,2902,2193,0,0,0,1.0,1,1.0,1,1.0,1,0.17358197245102122,70
3742,0,5095,2902,2193,0,0,0,1.0,1,1.0,1,1.0,1,0.17358197245102122,70
3743,0,5095,2902,2193,0,0,0,1.0,1,1.0,1,1.0,1,0.20103446463216773,69
3744,5,5100,2904,2196,0,0,0,1.0,1,1.0,1,1.0,1,0.2218361601711546,69
3745,2,5102,2904,2198,0,0,0,1.0,1,1.0,1,1.0,1,0.20508900614948497,68
3746,0,5102,2904,2198,0,0,0,1.0,1,1.0,1,1.0,1,0.22687705276441558,66
3747,0,5102,2904,2198,0,0,0,1.0,1,1.0,1,1.0,1,0.22668696944844768,66
3748,0,5102,2904,2198,0,0,0,1.0,1,1.0,1,1.0,1,0.21122222185845213,65
3749,0,5102,2904,2198,0,0,0,1.0,1,1.0,1,1.0,1,0.21659784546817248,64
3750,2,5104,2906,2198,0,0,0,1.0,1,1.0,1,1.0,1,0.21179869925214817,63
3751,3,5107,2906,2201,0,0,0,1.0,1,1.0,1,1.0,1,0.1777510428311363,64
3752,1,5108,2907,2201,0,0,0,1.0,1,1.0,1,1.0,1,0.1683620961446458,64
3753,4,5112,2907,2205,0,0,0,1.0,1,1.0,1,1.0,1,0.15615188644239295,65
3754,2,5114,2908,2206,0,0,0,1.0,1,1.0,1,1.0,1,0.16890144874904317,65
3755,3,5117,2909,2208,0,0,0,1.0,1,1.0,1,1.0,1,0.18630254488612577,65
3756,2,5119,2909,2210,0,0,0,1.0,1,1.0,1,1.0,1,0.19328700800907847,65
3757,3,5122,2911,2211,0,0,0,1.0,1,1.0,1,1.0,1,0.2240086762470247,65
3758,0,5122,2911,2211,0,0,0,1.0,1,1.0,1,1.0,1,0.23310679467923437,64
3759,1,5123,2912,2211,0,0,0,1.0,1,1.0,1,1.0,1,0.24983363214098483,64
3760,3,5126,2914,2212,0,0,0,1.0,1,1.0,1,1.0,1,0.25354169747367034,63
3761,4,5130,2914,2216,0,0,0,1.0,1,1.0,1,1.0,1,0.21845904040280703,63
3762,0,5130,2914,2216,0,0,0,1.0,1,1.0,1,1.0,1,0.21901502069183734,65
3763,0,5130,2914,2216,0,0,0,1.0,1,1.0,1,1.0,1,0.21901502069183734,65
3764,4,5134,2915,2219,0,0,0,1.0,1,1.0,1,1.0,1,0.1955132546984274,66
3765,2,5136,2915,2221,0,0,0,1.0,1,1.0,1,1.0,1,0.1941993295064895,67
3766,1,5137,2915,2222,0,0,0,1.0,1,1.0,1,1.0,1,0.1882974207138716,67
3767,0,5137,2915,2222,0,0,0,1.0,1,1.0,1,1.0,1,0.1833620048227475,68
3768,4,5141,2917,2224,0,0,0,1.0,1,1.0,1,1.0,1,0.21339798046961508,67
3769,3,5144,2917,2227,0,0,0,1.0,1,1.0,1,1.0,1,0.1867197336516089,69
3770,1,5145,2917,2228,0,0,0,1.0,1,1.0,1,1.0,1,0.1779667043638865,69
3771,7,5152,2918,2234,0,0,0,1.0,1,1.0,1,1.0,1,0.16777461378094377,69
3772,1,5153,2918,2235,0,0,0,1.0,1,1.0,1,1.0,1,0.16594664056953512,70
3773,2,5155,2919,2236,0,0,0,1.0,1,1.0,1,1.0,1,0.17786712060569304,68
3774,1,5156,2919,2237,0,0,0,1.0,1,1.0,1,1.0,1,0.16847734061327077,68
3775,3,5159,2920,2239,0,0,0,1.0,1,1.0,1,1.0,1,0.18327644464975087,68
3776,1,5160,2920,2240,0,0,0,1.0,1,1.0,1,1.0,1,0.1681969559793558,66
3777,0,5160,2920,2240,0,0,0,1.0,1,1.0,1,1.0,1,0.1618503680478824,65
3778,1,5161,2921,2240,0,0,0,1.0,1,1.0,1,1.0,1,0.14031849742905383,65
3779,1,5162,2922,2240,0,0,0,1.0,1,1.0,1,1.0,1,0.16444013804619964,65
3780,1,5163,2923,2240,0,0,0,1.0,1,1.0,1,1.0,1,0.1427402766239691,64
3781,1,5164,2923,2241,0,0,0,1.0,1,1.0,1,1.0,1,0.1341459771275926,64
3782,1,5165,2923,2242,0,0,0,1.0,1,1.0,1,1.0,1,0.13612423572466759,67
3783,0,5165,2923,2242,0,0,0,1.0,1,1.0,1,1.0,1,0.13168607149452444,65
3784,1,5166,2923,2243,0,0,0,1.0,1,1.0,1,1.0,1,0.1252145165275454,65
3785,2,5168,2925,2243,0,0,0,1.0,1,1.0,1,1.0,1,0.16286952638259117,63
3786,2,5170,2925,2245,0,0,0,1.0,1,1.0,1,1.0,1,0.14209787558988524,66
3787,1,5171,2926,2245,0,0,0,1.0,1,1.0,1,1.0,1,0.173884485963009,65
3788,2,5173,2926,2247,0,0,0,1.0,1,1.0,1,1.0,1,0.15600298365130547,65
3789,2,5175,2928,2247,0,0,0,1.0,1,1.0,1,1.0,1,0.17604070117241197,65
3790,1,5176,2929,2247,0,0,0,1.0,1,1.0,1,1.0,1,0.20951576760897855,64
3791,2,5178,2930,2248,0,0,0,1.0,1,1.0,1,1.0,1,0.19895804138467285,64
3792,3,5181,2933,2248,0,0,0,1.0,1,1.0,1,1.0,1,0.21743114689699863,65
3793,3,5184,2934,2250,0,0,0,1.0,1,1.0,1,1.0,1,0.21441891647958908,68
3794,2,5186,2935,2251,0,0,0,1.0,1,1.0,1,1.0,1,0.20764296421388212,68
3795,2,5188,2935,2253,0,0,0,1.0,1,1.0,1,1.0,1,0.1862014830188953,69
3796,0,5188,2935,2253,0,0,0,1.0,1,1.0,1,1.0,1,0.1862014830188953,69
3797,3,5191,2935,2256,0,0,0,1.0,1,1.0,1,1.0,1,0.18280954731289853,70
3798,1,5192,2935,2257,0,0,0,1.0,1,1.0,1,1.0,1,0.17504283833482873,70
3799,0,5192,2935,2257,0,0,0,1.0,1,1.0,1,1.0,1,0.18556246618547087,69
3800,0,5192,2935,2257,0,0,0,1.0,1,1.0,1,1.0,1,0.18556246618547087,69
3801,8,5200,2935,2265,0,0,0,1.0,1,1.0,1,1.0,1,0.14471272371345395,67
3802,1,5201,2935,2266,0,0,0,1.0,1,1.0,1,1.0,1,0.13790559345458073,67
3803,1,5202,2935,2267,0,0,0,1.0,1,1.0,1,1.0,1,0.13527370506302042,69
3804,0,5202,2935,2267,0,0,0,1.0,1,1.0,1,1.0,1,0.13661688651410353,70
3805,0,5202,2935,2267,0,0,0,1.0,1,1.0,1,1.0,1,0.144838359435695,71
3806,0,5202,2935,2267,0,0,0,1.0,1,1.0,1,1.0,1,0.144838359435695,71
3807,1,5203,2935,2268,0,0,0,1.0,1,1.0,1,1.0,1,0.14497334206437168,72
3808,1,5204,2935,2269,0,0,0,1.0,1,1.0,1,1.0,1,0.13977655336338773,72
3809,1,5205,2936,2269,0,0,0,1.0,1,1.0,1,1.0,1,0.16567697686023758,72
3810,4,5209,2937,2272,0,0,0,1.0,1,1.0,1,1.0,1,0.16800055890138385,72
3811,3,5212,2938,2274,0,0,0,1.0,1,1.0,1,1.0,1,0.15025168029938055,71
3812,0,5212,2938,2274,0,0,0,1.0,1,1.0,1,1.0,1,0.15962497718300636,72
3813,2,5214,2939,2275,0,0,0,1.0,1,1.0,1,1.0,1,0.16481421658338044,71
3814,0,5214,2939,2275,0,0,0,1.0,1,1.0,1,1.0,1,0.17480132846710952,72
3815,0,5214,2939,2275,0,0,0,1.0,1,1.0,1,1.0,1,0.15363191356389128,71
3816,0,5214,2939,2275,0,0,0,1.0,1,1.0,1,1.0,1,0.14354368719876415,69
3817,1,5215,2940,2275,0,0,0,1.0,1,1.0,1,1.0,1,0.176588937666314,72
3818,1,5216,2941,2275,0,0,0,1.0,1,1.0,1,1.0,1,0.17300237381716985,72
3819,1,5217,2942,2275,0,0,0,1.0,1,1.0,1,1.0,1,0.1863612511611547,72
3820,2,5219,2943,2276,0,0,0,1.0,1,1.0,1,1.0,1,0.1797329723129849,72
3821,1,5220,2944,2276,0,0,0,1.0,1,1.0,1,1.0,1,0.1988744314603779,72
3822,0,5220,2944,2276,0,0,0,1.0,1,1.0,1,1.0,1,0.1988233758005803,69
3823,0,5220,2944,2276,0,0,0,1.0,1,1.0,1,1.0,1,0.1988233758005803,69
3824,2,5222,2944,2278,0,0,0,1.0,1,1.0,1,1.0,1,0.20972911304178876,65
3825,0,5222,2944,2278,0,0,0,1.0,1,1.0,1,1.0,1,0.2206521211340435,64
3826,1,5223,2944,2279,0,0,0,1.0,1,1.0,1,1.0,1,0.21342517244024503,65
3827,0,5223,2944,2279,0,0,0,1.0,1,1.0,1,1.0,1,0.22277140072509713,64
3828,0,5223,2944,2279,0,0,0,1.0,1,1.0,1,1.0,1,0.21062703873445984,65
3829,1,5224,2945,2279,0,0,0,1.0,1,1.0,1,1.0,1,0.2376893287707512,65
3830,0,5224,2945,2279,0,0,0,1.0,1,1.0,1,1.0,1,0.24512437354928737,64
3831,4,5228,2945,2283,0,0,0,1.0,1,1.0,1,1.0,1,0.22100128032783906,63
3832,1,5229,2946,2283,0,0,0,1.0,1,1.0,1,1.0,1,0.2270125583398909,64
3833,3,5232,2948,2284,0,0,0,1.0,1,1.0,1,1.0,1,0.20408956281783905,64
3834,1,5233,2948,2285,0,0,0,1.0,1,1.0,1,1.0,1,0.21525949281353368,63
3835,0,5233,2948,2285,0,0,0,1.0,1,1.0,1,1.0,1,0.21404071320195373,63
3836,2,5235,2950,2285,0,0,0,1.0,1,1.0,1,1.0,1,0.21348074413470794,63
3837,2,5237,2951,2286,0,0,0,1.0,1,1.0,1,1.0,1,0.21600253086474205,62
3838,4,5241,2953,2288,0,0,0,1.0,1,1.0,1,1.0,1,0.22289474867061873,62
3839,1,5242,2954,2288,0,0,0,1.0,1,1.0,1,1.0,1,0.24764589968243558,60
3840,1,5243,2954,2289,0,0,0,1.0,1,1.0,1,1.0,1,0.22812720968699074,62
3841,2,5245,2954,2291,0,0,0,1.0,1,1.0,1,1.0,1,0.19383123863113158,62
3842,2,5247,2954,2293,0,0,0,1.0,1,1.0,1,1.0,1,0.14838741177712306,63
3843,1,5248,2954,2294,0,0,0,1.0,1,1.0,1,1.0,1,0.13576167330823868,64
3844,2,5250,2954,2296,0,0,0,1.0,1,1.0,1,1.0,1,0.11365589186336604,65
3845,1,5251,2954,2297,0,0,0,1.0,1,1.0,1,1.0,1,0.10628552938637753,66
3846,3,5254,2954,2300,0,0,0,1.0,1,1.0,1,1.0,1,0.09901147023149404,67
3847,1,5255,2954,2301,0,0,0,1.0,1,1.0,1,1.0,1,0.10109813875714313,67
3848,1,5256,2955,2301,0,0,0,1.0,1,1.0,1,1.0,1,0.10661071057889283,67
3849,1,5257,2955,2302,0,0,0,1.0,1,1.0,1,1.0,1,0.08266125828740159,67
3850,2,5259,2957,2302,0,0,0,1.0,1,1.0,1,1.0,1,0.1050781984170983,68
3851,5,5264,2959,2305,0,0,0,1.0,1,1.0,1,1.0,1,0.07760730214185625,68
3852,1,5265,2959,2306,0,0,0,1.0,1,1.0,1,1.0,1,0.07997676526028537,70
3853,2,5267,2961,2306,0,0,0,1.0,1,1.0,1,1.0,1,0.12188184108935252,70
3854,2,5269,2963,2306,0,0,0,1.0,1,1.0,1,1.0,1,0.13539162964241977,70
3855,1,5270,2964,2306,0,0,0,1.0,1,1.0,1,1.0,1,0.147676068334939,69
3856,1,5271,2965,2306,0,0,0,1.0,1,1.0,1,1.0,1,0.16658314396014987,70
3857,4,5275,2967,2308,0,0,0,1.0,1,1.0,1,1.0,1,0.1808185889135238,68
3858,0,5275,2967,2308,0,0,0,1.0,1,1.0,1,1.0,1,0.17069853416095515,67
3859,0,5275,2967,2308,0,0,0,1.0,1,1.0,1,1.0,1,0.14864473544660012,66
3860,3,5278,2967,2311,0,0,0,1.0,1,1.0,1,1.0,1,0.1288344512274428,66
3861,0,5278,2967,2311,0,0,0,1.0,1,1.0,1,1.0,1,0.1284472931922505,66
3862,0,5278,2967,2311,0,0,0,1.0,1,1.0,1,1.0,1,0.1284472931922505,66
3863,1,5279,2968,2311,0,0,0,1.0,1,1.0,1,1.0,1,0.14236443297523674,63
3864,1,5280,2969,2311,0,0,0,1.0,1,1.0,1,1.0,1,0.14821410571729982,63
3865,0,5280,2969,2311,0,0,0,1.0,1,1.0,1,1.0,1,0.1617790471181749,61
3866,0,5280,2969,2311,0,0,0,1.0,1,1.0,1,1.0,1,0.17198824776018926,61
3867,0,5280,2969,2311,0,0,0,1.0,1,1.0,1,1.0,1,0.17996093603484883,60
3868,3,5283,2972,2311,0,0,0,1.0,1,1.0,1,1.0,1,0.20454286081865475,59
3869,0,5283,2972,2311,0,0,0,1.0,1,1.0,1,1.0,1,0.20037764265189395,61
3870,1,5284,2973,2311,0,0,0,1.0,1,1.0,1,1.0,1,0.1991401349910193,61
3871,4,5288,2974,2314,0,0,0,1.0,1,1.0,1,1.0,1,0.1736305562499543,64
3872,1,5289,2974,2315,0,0,0,1.0,1,1.0,1,1.0,1,0.171104660059692,63
3873,1,5290,2974,2316,0,0,0,1.0,1,1.0,1,1.0,1,0.17149099692342232,62
3874,0,5290,2974,2316,0,0,0,1.0,1,1.0,1,1.0,1,0.1660503674180999,63
3875,0,5290,2974,2316,0,0,0,1.0,1,1.0,1,1.0,1,0.16380510442765814,61
3876,0,5290,2974,2316,0,0,0,1.0,1,1.0,1,1.0,1,0.1560337492904078,62
3877,2,5292,2976,2316,0,0,0,1.0,1,1.0,1,1.0,1,0.1781672928624726,63
3878,1,5293,2976,2317,0,0,0,1.0,1,1.0,1,1.0,1,0.17068065616507042,63
3879,1,5294,2977,2317,0,0,0,1.0,1,1.0,1,1.0,1,0.17647410643794023,63
3880,1,5295,2978,2317,0,0,0,1.0,1,1.0,1,1.0,1,0.15886355058385818,65
3881,2,5297,2979,2318,0,0,0,1.0,1,1.0,1,1.0,1,0.17146228167824534,65
3882,3,5300,2981,2319,0,0,0,1.0,1,1.0,1,1.0,1,0.16851393297826134,66
3883,1,5301,2982,2319,0,0,0,1.0,1,1.0,1,1.0,1,0.18407821963472704,66
3884,2,5303,2983,2320,0,0,0,1.0,1,1.0,1,1.0,1,0.207713507851161,66
3885,2,5305,2984,2321,0,0,0,1.0,1,1.0,1,1.0,1,0.21723264936551792,66
3886,1,5306,2985,2321,0,0,0,1.0,1,1.0,1,1.0,1,0.22417903613143358,65
3887,0,5306,2985,2321,0,0,0,1.0,1,1.0,1,1.0,1,0.212403104039282,65
3888,1,5307,2986,2321,0,0,0,1.0,1,1.0,1,1.0,1,0.21641219693626884,66
3889,1,5308,2987,2321,0,0,0,1.0,1,1.0,1,1.0,1,0.21723101166828312,64
3890,3,5311,2989,2322,0,0,0,1.0,1,1.0,1,1.0,1,0.20871923043176982,63
3891,4,5315,2990,2325,0,0,0,1.0,1,1.0,1,1.0,1,0.15659562444372585,66
3892,2,5317,2991,2326,0,0,0,1.0,1,1.0,1,1.0,1,0.1376429377732844,67
3893,1,5318,2991,2327,0,0,0,1.0,1,1.0,1,1.0,1,0.12642741960523293,66
3894,2,5320,2992,2328,0,0,0,1.0,1,1.0,1,1.0,1,0.1316641161092708,67
3895,1,5321,2992,2329,0,0,0,1.0,1,1.0,1,1.0,1,0.12365521626739304,66
3896,2,5323,2993,2330,0,0,0,1.0,1,1.0,1,1.0,1,0.12739262820970274,66
3897,2,5325,2993,2332,0,0,0,1.0,1,1.0,1,1.0,1,0.10843667788666218,65
3898,6,5331,2996,2335,0,0,0,1.0,1,1.0,1,1.0,1,0.15577038094876566,65
3899,2,5333,2998,2335,0,0,0,1.0,1,1.0,1,1.0,1,0.1788263240210184,64
3900,1,5334,2999,2335,0,0,0,1.0,1,1.0,1,1.0,1,0.21027111235514878,63
3901,4,5338,3001,2337,0,0,0,1.0,1,1.0,1,1.0,1,0.20285958351946332,63
3902,2,5340,3002,2338,0,0,0,1.0,1,1.0,1,1.0,1,0.21418685517250563,64
3903,3,5343,3002,2341,0,0,0,1.0,1,1.0,1,1.0,1,0.17467846654716854,64
3904,0,5343,3002,2341,0,0,0,1.0,1,1.0,1,1.0,1,0.18064610673597023,63
3905,1,5344,3002,2342,0,0,0,1.0,1,1.0,1,1.0,1,0.15874957660429978,63
3906,0,5344,3002,2342,0,0,0,1.0,1,1.0,1,1.0,1,0.146378335904179,64
3907,0,5344,3002,2342,0,0,0,1.0,1,1.0,1,1.0,1,0.16231757243278952,64
3908,0,5344,3002,2342,0,0,0,1.0,1,1.0,1,1.0,1,0.17199827337609527,63
3909,0,5344,3002,2342,0,0,0,1.0,1,1.0,1,1.0,1,0.18685645390402003,62
3910,0,5344,3002,2342,0,0,0,1.0,1,1.0,1,1.0,1,0.19961117049956195,62
3911,4,5348,3003,2345,0,0,0,1.0,1,1.0,1,1.0,1,0.18161267075906531,64
3912,1,5349,3004,2345,0,0,0,1.0,1,1.0,1,1.0,1,0.20817885354485402,64
3913,1,5350,3004,2346,0,0,0,1.0,1,1.0,1,1.0,1,0.21233379660056279,65
3914,1,5351,3004,2347,0,0,0,1.0,1,1.0,1,1.0,1,0.21033676377579064,65
3915,1,5352,3005,2347,0,0,0,1.0,1,1.0,1,1.0,1,0.19350700209043556,66
3916,1,5353,3006,2347,0,0,0,1.0,1,1.0,1,1.0,1,0.21968026829622928,66
3917,2,5355,3006,2349,0,0,0,1.0,1,1.0,1,1.0,1,0.20307280402860667,66
3918,3,5358,3008,2350,0,0,0,1.0,1,1.0,1,1.0,1,0.18918062747057846,67
3919,0,5358,3008,2350,0,0,0,1.0,1,1.0,1,1.0,1,0.18364817898689717,68
3920,1,5359,3009,2350,0,0,0,1.0,1,1.0,1,1.0,1,0.16824010296976108,69
3921,1,5360,3009,2351,0,0,0,1.0,1,1.0,1,1.0,1,0.17239425242371229,68
3922,2,5362,3011,2351,0,0,0,1.0,1,1.0,1,1.0,1,0.20630258018970504,68
3923,2,5364,3011,2353,0,0,0,1.0,1,1.0,1,1.0,1,0.1995942868080831,69
3924,3,5367,3012,2355,0,0,0,1.0,1,1.0,1,1.0,1,0.1808416799771305,69
3925,4,5371,3014,2357,0,0,0,1.0,1,1.0,1,1.0,1,0.19682694570351653,67
3926,0,5371,3014,2357,0,0,0,1.0,1,1.0,1,1.0,1,0.2062199469336247,67
3927,0,5371,3014,2357,0,0,0,1.0,1,1.0,1,1.0,1,0.21665368620397388,65
3928,1,5372,3014,2358,0,0,0,1.0,1,1.0,1,1.0,1,0.2107650860375245,65
3929,3,5375,3017,2358,0,0,0,1.0,1,1.0,1,1.0,1,0.2015432448046326,64
3930,0,5375,3017,2358,0,0,0,1.0,1,1.0,1,1.0,1,0.19589818328288197,64
3931,2,5377,3019,2358,0,0,0,1.0,1,1.0,1,1.0,1,0.16558813472616302,62
3932,0,5377,3019,2358,0,0,0,1.0,1,1.0,1,1.0,1,0.16558813472616302,62
3933,1,5378,3020,2358,0,0,0,1.0,1,1.0,1,1.0,1,0.15494146763670577,62
3934,2,5380,3021,2359,0,0,0,1.0,1,1.0,1,1.0,1,0.12988530751067215,61
3935,0,5380,3021,2359,0,0,0,1.0,1,1.0,1,1.0,1,0.1352757815839797,64
3936,0,5380,3021,2359,0,0,0,1.0,1,1.0,1,1.0,1,0.14286617402981522,65
3937,1,5381,3021,2360,0,0,0,1.0,1,1.0,1,1.0,1,0.11918820766565304,66
3938,0,5381,3021,2360,0,0,0,1.0,1,1.0,1,1.0,1,0.11918820766565304,66
3939,0,5381,3021,2360,0,0,0,1.0,1,1.0,1,1.0,1,0.13016309544391041,67
3940,1,5382,3021,2361,0,0,0,1.0,1,1.0,1,1.0,1,0.10946694736058402,69
3941,0,5382,3021,2361,0,0,0,1.0,1,1.0,1,1.0,1,0.10946694736058402,69
3942,1,5383,3022,2361,0,0,0,1.0,1,1.0,1,1.0,1,0.12784314834149083,69
3943,1,5384,3023,2361,0,0,0,1.0,1,1.0,1,1.0,1,0.15843976918266622,68
3944,2,5386,3023,2363,0,0,0,1.0,1,1.0,1,1.0,1,0.15663328486034692,68
3945,3,5389,3026,2363,0,0,0,1.0,1,1.0,1,1.0,1,0.1665633493051452,67
3946,3,5392,3028,2364,0,0,0,1.0,1,1.0,1,1.0,1,0.19416834023206933,67
3947,2,5394,3029,2365,0,0,0,1.0,1,1.0,1,1.0,1,0.1879957566460185,66
3948,3,5397,3031,2366,0,0,0,1.0,1,1.0,1,1.0,1,0.16603825181590498,67
3949,5,5402,3035,2367,0,0,0,1.0,1,1.0,1,1.0,1,0.25499621601684413,66
3950,1,5403,3036,2367,0,0,0,1.0,1,1.0,1,1.0,1,0.26140738985067075,65
3951,4,5407,3036,2371,0,0,0,1.0,1,1.0,1,1.0,1,0.21895730540705158,65
3952,3,5410,3037,2373,0,0,0,1.0,1,1.0,1,1.0,1,0.19804261307158683,65
3953,1,5411,3037,2374,0,0,0,1.0,1,1.0,1,1.0,1,0.20145169837266005,65
3954,2,5413,3037,2376,0,0,0,1.0,1,1.0,1,1.0,1,0.19360593554029937,64
3955,0,5413,3037,2376,0,0,0,1.0,1,1.0,1,1.0,1,0.21071149882703502,64
3956,0,5413,3037,2376,0,0,0,1.0,1,1.0,1,1.0,1,0.20656435015831215,63
3957,0,5413,3037,2376,0,0,0,1.0,1,1.0,1,1.0,1,0.20656435015831215,63
3958,1,5414,3037,2377,0,0,0,1.0,1,1.0,1,1.0,1,0.2036929413096986,63
3959,1,5415,3038,2377,0,0,0,1.0,1,1.0,1,1.0,1,0.19638567745749175,62
3960,0,5415,3038,2377,0,0,0,1.0,1,1.0,1,1.0,1,0.19638567745749175,62
3961,4,5419,3040,2379,0,0,0,1.0,1,1.0,1,1.0,1,0.1891423177586967,64
3962,0,5419,3040,2379,0,0,0,1.0,1,1.0,1,1.0,1,0.1891423177586967,64
3963,4,5423,3043,2380,0,0,0,1.0,1,1.0,1,1.0,1,0.20507090080116452,62
3964,1,5424,3043,2381,0,0,0,1.0,1,1.0,1,1.0,1,0.18556201607509018,63
3965,3,5427,3043,2384,0,0,0,1.0,1,1.0,1,1.0,1,0.14220636758823174,63
3966,0,5427,3043,2384,0,0,0,1.0,1,1.0,1,1.0,1,0.1324169718123979,62
3967,2,5429,3043,2386,0,0,0,1.0,1,1.0,1,1.0,1,0.11464969148314572,64
3968,0,5429,3043,2386,0,0,0,1.0,1,1.0,1,1.0,1,0.10657447433876506,63
3969,2,5431,3043,2388,0,0,0,1.0,1,1.0,1,1.0,1,0.09125810094234697,63
3970,0,5431,3043,2388,0,0,0,1.0,1,1.0,1,1.0,1,0.09205966778259347,65
3971,1,5432,3043,2389,0,0,0,1.0,1,1.0,1,1.0,1,0.0856718424987176,65
3972,3,5435,3045,2390,0,0,0,1.0,1,1.0,1,1.0,1,0.12961555555281762,66
3973,0,5435,3045,2390,0,0,0,1.0,1,1.0,1,1.0,1,0.12961555555281762,66
3974,3,5438,3046,2392,0,0,0,1.0,1,1.0,1,1.0,1,0.13266709762847922,66
3975,4,5442,3049,2393,0,0,0,1.0,1,1.0,1,1.0,1,0.13487356001284895,66
3976,2,5444,3050,2394,0,0,0,1.0,1,1.0,1,1.0,1,0.14614490944661893,66
3977,2,5446,3052,2394,0,0,0,1.0,1,1.0,1,1.0,1,0.16333439219857762,64
3978,4,5450,3055,2395,0,0,0,1.0,1,1.0,1,1.0,1,0.1893725631579252,63
3979,2,5452,3055,2397,0,0,0,1.0,1,1.0,1,1.0,1,0.18580808497769416,63
3980,0,5452,3055,2397,0,0,0,1.0,1,1.0,1,1.0,1,0.18580808497769416,63
3981,4,5456,3055,2401,0,0,0,1.0,1,1.0,1,1.0,1,0.15178707703037458,64
3982,0,5456,3055,2401,0,0,0,1.0,1,1.0,1,1.0,1,0.14658508633049666,65
3983,0,5456,3055,2401,0,0,0,1.0,1,1.0,1,1.0,1,0.15232925386824903,64
3984,1,5457,3055,2402,0,0,0,1.0,1,1.0,1,1.0,1,0.14897497566839019,65
3985,0,5457,3055,2402,0,0,0,1.0,1,1.0,1,1.0,1,0.16300490276872834,64
3986,0,5457,3055,2402,0,0,0,1.0,1,1.0,1,1.0,1,0.16899662757701833,63
3987,0,5457,3055,2402,0,0,0,1.0,1,1.0,1,1.0,1,0.1776500811095609,63
3988,0,5457,3055,2402,0,0,0,1.0,1,1.0,1,1.0,1,0.17652064417429963,63
3989,2,5459,3056,2403,0,0,0,1.0,1,1.0,1,1.0,1,0.18119371842641863,63
3990,1,5460,3057,2403,0,0,0,1.0,1,1.0,1,1.0,1,0.21152441359363966,62
3991,2,5462,3057,2405,0,0,0,1.0,1,1.0,1,1.0,1,0.17483350233128098,62
3992,0,5462,3057,2405,0,0,0,1.0,1,1.0,1,1.0,1,0.16576815769834868,65
3993,0,5462,3057,2405,0,0,0,1.0,1,1.0,1,1.0,1,0.16576815769834868,65
3994,1,5463,3057,2406,0,0,0,1.0,1,1.0,1,1.0,1,0.1525562558264215,64
3995,0,5463,3057,2406,0,0,0,1.0,1,1.0,1,1.0,1,0.1525562558264215,64
3996,1,5464,3057,2407,0,0,0,1.0,1,1.0,1,1.0,1,0.13281302875426515,67
3997,1,5465,3058,2407,0,0,0,1.0,1,1.0,1,1.0,1,0.13519043451984186,69
3998,2,5467,3059,2408,0,0,0,1.0,1,1.0,1,1.0,1,0.1411904162608672,69
3999,2,5469,3061,2408,0,0,0,1.0,1,1.0,1,1.0,1,0.14525739206632277,69
4000,1,5470,3061,2409,0,0,0,1.0,1,1.0,1,1.0,1,0.1105925867435465,69
4001,1,5471,3061,2410,0,0,0,1.0,1,1.0,1,1.0,1,0.09577691551432611,68
4002,0,5471,3061,2410,0,0,0,1.0,1,1.0,1,1.0,1,0.08922874300298352,68
4003,2,5473,3063,2410,0,0,0,1.0,1,1.0,1,1.0,1,0.13013296898872917,68
4004,5,5478,3066,2412,0,0,0,1.0,1,1.0,1,1.0,1,0.08799039268802439,67
4005,1,5479,3067,2412,0,0,0,1.0,1,1.0,1,1.0,1,0.10078966582293457,67
4006,5,5484,3070,2414,0,0,0,1.0,1,1.0,1,1.0,1,0.09420582999528314,67
4007,1,5485,3071,2414,0,0,0,1.0,1,1.0,1,1.0,1,0.11347185388807657,67
4008,3,5488,3073,2415,0,0,0,1.0,1,1.0,1,1.0,1,0.11634435466222592,67
4009,2,5490,3075,2415,0,0,0,1.0,1,1.0,1,1.0,1,0.13612179261252874,67
4010,1,5491,3076,2415,0,0,0,1.0,1,1.0,1,1.0,1,0.14303960653610176,66
4011,5,5496,3078,2418,0,0,0,1.0,1,1.0,1,1.0,1,0.10559308645984491,66
4012,2,5498,3080,2418,0,0,0,1.0,1,1.0,1,1.0,1,0.11824126073408295,66
4013,1,5499,3080,2419,0,0,0,1.0,1,1.0,1,1.0,1,0.09075656915743453,66
4014,1,5500,3081,2419,0,0,0,1.0,1,1.0,1,1.0,1,0.09609838352066727,66
4015,0,5500,3081,2419,0,0,0,1.0,1,1.0,1,1.0,1,0.11743677012728092,64
4016,1,5501,3082,2419,0,0,0,1.0,1,1.0,1,1.0,1,0.1589839112782534,64
4017,3,5504,3084,2420,0,0,0,1.0,1,1.0,1,1.0,1,0.17443565251894666,66
4018,2,5506,3084,2422,0,0,0,1.0,1,1.0,1,1.0,1,0.1736723988113461,67
4019,2,5508,3085,2423,0,0,0,1.0,1,1.0,1,1.0,1,0.19859814388045427,67
4020,2,5510,3085,2425,0,0,0,1.0,1,1.0,1,1.0,1,0.21800687755123543,66
4021,2,5512,3086,2426,0,0,0,1.0,1,1.0,1,1.0,1,0.21891044916605112,66
4022,0,5512,3086,2426,0,0,0,1.0,1,1.0,1,1.0,1,0.21891044916605112,66
4023,1,5513,3087,2426,0,0,0,1.0,1,1.0,1,1.0,1,0.21870084504468887,66
4024,2,5515,3088,2427,0,0,0,1.0,1,1.0,1,1.0,1,0.21380835677276525,66
4025,1,5516,3088,2428,0,0,0,1.0,1,1.0,1,1.0,1,0.1866540696493864,66
4026,0,5516,3088,2428,0,0,0,1.0,1,1.0,1,1.0,1,0.1870570783246065,66
4027,3,5519,3090,2429,0,0,0,1.0,1,1.0,1,1.0,1,0.18320190690053634,64
4028,3,5522,3092,2430,0,0,0,1.0,1,1.0,1,1.0,1,0.20752038270560558,63
4029,0,5522,3092,2430,0,0,0,1.0,1,1.0,1,1.0,1,0.22352853978528214,62
4030,2,5524,3093,2431,0,0,0,1.0,1,1.0,1,1.0,1,0.17288737737523233,63
4031,2,5526,3093,2433,0,0,0,1.0,1,1.0,1,1.0,1,0.16332832264008415,62
4032,1,5527,3094,2433,0,0,0,1.0,1,1.0,1,1.0,1,0.17431204705623154,62
4033,0,5527,3094,2433,0,0,0,1.0,1,1.0,1,1.0,1,0.1863670644833742,61
4034,3,5530,3096,2434,0,0,0,1.0,1,1.0,1,1.0,1,0.1985240014980646,60
4035,0,5530,3096,2434,0,0,0,1.0,1,1.0,1,1.0,1,0.2122363831894509,59
4036,3,5533,3098,2435,0,0,0,1.0,1,1.0,1,1.0,1,0.227493482190097,58
4037,2,5535,3100,2435,0,0,0,1.0,1,1.0,1,1.0,1,0.23234049669716095,59
4038,4,5539,3101,2438,0,0,0,1.0,1,1.0,1,1.0,1,0.20624024285026518,58
4039,0,5539,3101,2438,0,0,0,1.0,1,1.0,1,1.0,1,0.23043051332190556,56
4040,1,5540,3102,2438,0,0,0,1.0,1,1.0,1,1.0,1,0.24603192134352114,55
4041,6,5546,3104,2442,0,0,0,1.0,1,1.0,1,1.0,1,0.24699247710263939,54
4042,1,5547,3105,2442,0,0,0,1.0,1,1.0,1,1.0,1,0.25588549204589583,56
4043,2,5549,3106,2443,0,0,0,1.0,1,1.0,1,1.0,1,0.274375126308033,56
4044,3,5552,3107,2445,0,0,0,1.0,1,1.0,1,1.0,1,0.29964071816408994,56
4045,4,5556,3109,2447,0,0,0,1.0,1,1.0,1,1.0,1,0.3109942650226919,57
4046,5,5561,3109,2452,0,0,0,1.0,1,1.0,1,1.0,1,0.32404839427699555,59
4047,5,5566,3111,2455,0,0,0,1.0,1,1.0,1,1.0,1,0.3670888681493622,59
4048,4,5570,3111,2459,0,0,0,1.0,1,1.0,1,1.0,1,0.3494542590626733,59
4049,4,5574,3111,2463,0,0,0,1.0,1,1.0,1,1.0,1,0.3507201149298447,60
4050,7,5581,3111,2470,0,0,0,1.0,1,1.0,1,1.0,1,0.32896172022402587,60
4051,2,5583,3112,2471,0,0,0,1.0,1,1.0,1,1.0,1,0.3283354068506417,60
4052,0,5583,3112,2471,0,0,0,1.0,1,1.0,1,1.0,1,0.3283354068506417,60
4053,0,5583,3112,2471,0,0,0,1.0,1,1.0,1,1.0,1,0.3283354068506417,60
4054,1,5584,3113,2471,0,0,0,1.0,1,1.0,1,1.0,1,0.32604474335625205,61
4055,0,5584,3113,2471,0,0,0,1.0,1,1.0,1,1.0,1,0.32604474335625205,61
4056,0,5584,3113,2471,0,0,0,1.0,1,1.0,1,1.0,1,0.32459308308046936,62
4057,1,5585,3113,2472,0,0,0,1.0,1,1.0,1,1.0,1,0.3212775333444098,63
4058,0,5585,3113,2472,0,0,0,1.0,1,1.0,1,1.0,1,0.33743232975122556,64
4059,0,5585,3113,2472,0,0,0,1.0,1,1.0,1,1.0,1,0.35474414505249724,63
4060,0,5585,3113,2472,0,0,0,1.0,1,1.0,1,1.0,1,0.35474414505249724,63
4061,0,5585,3113,2472,0,0,0,1.0,1,1.0,1,1.0,1,0.3603294544259225,63
4062,1,5586,3114,2472,0,0,0,1.0,1,1.0,1,1.0,1,0.3544529251307615,65
4063,1,5587,3114,2473,0,0,0,1.0,1,1.0,1,1.0,1,0.3124233430678393,64
4064,1,5588,3114,2474,0,0,0,1.0,1,1.0,1,1.0,1,0.3019626266835755,65
4065,3,5591,3115,2476,0,0,0,1.0,1,1.0,1,1.0,1,0.2646049332783188,64
4066,1,5592,3115,2477,0,0,0,1.0,1,1.0,1,1.0,1,0.2523283553534026,64
4067,4,5596,3117,2479,0,0,0,1.0,1,1.0,1,1.0,1,0.22068807971940366,63
4068,2,5598,3118,2480,0,0,0,1.0,1,1.0,1,1.0,1,0.20223788685051272,64
4069,5,5603,3121,2482,0,0,0,1.0,1,1.0,1,1.0,1,0.24366251893788804,62
4070,5,5608,3123,2485,0,0,0,1.0,1,1.0,1,1.0,1,0.21727462370669084,61
4071,8,5616,3126,2490,0,0,0,1.0,1,1.0,1,1.0,1,0.24726250421193582,61
4072,4,5620,3127,2493,0,0,0,1.0,1,1.0,1,1.0,1,0.2464616184058149,60
4073,2,5622,3127,2495,0,0,0,1.0,1,1.0,1,1.0,1,0.22707945691883294,60
4074,3,5625,3129,2496,0,0,0,1.0,1,1.0,1,1.0,1,0.2669188732407495,60
4075,2,5627,3129,2498,0,0,0,1.0,1,1.0,1,1.0,1,0.227405716544818,59
4076,0,5627,3129,2498,0,0,0,1.0,1,1.0,1,1.0,1,0.22784979176129583,60
4077,1,5628,3130,2498,0,0,0,1.0,1,1.0,1,1.0,1,0.22600802731970496,61
4078,2,5630,3131,2499,0,0,0,1.0,1,1.0,1,1.0,1,0.22828159331021883,60
4079,0,5630,3131,2499,0,0,0,1.0,1,1.0,1,1.0,1,0.24530152625197227,58
4080,1,5631,3132,2499,0,0,0,1.0,1,1.0,1,1.0,1,0.2518203773273707,56
4081,5,5636,3133,2503,0,0,0,1.0,1,1.0,1,1.0,1,0.21307526609737198,56
4082,1,5637,3133,2504,0,0,0,1.0,1,1.0,1,1.0,1,0.2213437834011513,55
4083,0,5637,3133,2504,0,0,0,1.0,1,1.0,1,1.0,1,0.2213437834011513,55
4084,0,5637,3133,2504,0,0,0,1.0,1,1.0,1,1.0,1,0.2213437834011513,55
4085,2,5639,3134,2505,0,0,0,1.0,1,1.0,1,1.0,1,0.2183235169129713,56
4086,3,5642,3135,2507,0,0,0,1.0,1,1.0,1,1.0,1,0.2148273683793823,57
4087,2,5644,3137,2507,0,0,0,1.0,1,1.0,1,1.0,1,0.2304685693022783,57
4088,1,5645,3137,2508,0,0,0,1.0,1,1.0,1,1.0,1,0.22570146465195687,57
4089,0,5645,3137,2508,0,0,0,1.0,1,1.0,1,1.0,1,0.24686690212422333,56
4090,2,5647,3138,2509,0,0,0,1.0,1,1.0,1,1.0,1,0.26732905183704014,56
4091,2,5649,3138,2511,0,0,0,1.0,1,1.0,1,1.0,1,0.2616079016406779,56
4092,3,5652,3138,2514,0,0,0,1.0,1,1.0,1,1.0,1,0.22850117817039067,57
4093,5,5657,3138,2519,0,0,0,1.0,1,1.0,1,1.0,1,0.18539455799595214,58
4094,3,5660,3138,2522,0,0,0,1.0,1,1.0,1,1.0,1,0.18251626385298103,57
4095,1,5661,3138,2523,0,0,0,1.0,1,1.0,1,1.0,1,0.19446993845537566,57
4096,3,5664,3138,2526,0,0,0,1.0,1,1.0,1,1.0,1,0.18921102478195856,59
4097,1,5665,3138,2527,0,0,0,1.0,1,1.0,1,1.0,1,0.18245952457871387,59
4098,2,5667,3140,2527,0,0,0,1.0,1,1.0,1,1.0,1,0.16338326696559882,59
4099,3,5670,3142,2528,0,0,0,1.0,1,1.0,1,1.0,1,0.13776449782931047,60
4100,1,5671,3143,2528,0,0,0,1.0,1,1.0,1,1.0,1,0.15022035640183895,60
4101,5,5676,3144,2532,0,0,0,1.0,1,1.0,1,1.0,1,0.10929059647078085,60
4102,3,5679,3147,2532,0,0,0,1.0,1,1.0,1,1.0,1,0.1674138901044618,60
4103,2,5681,3148,2533,0,0,0,1.0,1,1.0,1,1.0,1,0.1989350570868264,58
4104,3,5684,3149,2535,0,0,0,1.0,1,1.0,1,1.0,1,0.16454979195034763,60
4105,0,5684,3149,2535,0,0,0,1.0,1,1.0,1,1.0,1,0.17050314596784535,59
4106,2,5686,3150,2536,0,0,0,1.0,1,1.0,1,1.0,1,0.1721529514542161,61
4107,0,5686,3150,2536,0,0,0,1.0,1,1.0,1,1.0,1,0.17898483383103636,59
4108,1,5687,3151,2536,0,0,0,1.0,1,1.0,1,1.0,1,0.17773806330405903,60
4109,1,5688,3151,2537,0,0,0,1.0,1,1.0,1,1.0,1,0.16639401906654,59
4110,1,5689,3152,2537,0,0,0,1.0,1,1.0,1,1.0,1,0.16661829289670135,60
4111,2,5691,3152,2539,0,0,0,1.0,1,1.0,1,1.0,1,0.14838709002037834,61
4112,1,5692,3153,2539,0,0,0,1.0,1,1.0,1,1.0,1,0.15974801653556508,60
4113,3,5695,3153,2542,0,0,0,1.0,1,1.0,1,1.0,1,0.09534489785671951,61
4114,0,5695,3153,2542,0,0,0,1.0,1,1.0,1,1.0,1,0.08335538358856497,62
4115,2,5697,3153,2544,0,0,0,1.0,1,1.0,1,1.0,1,0.10137552302687751,60
4116,0,5697,3153,2544,0,0,0,1.0,1,1.0,1,1.0,1,0.09865305702374,59
4117,2,5699,3155,2544,0,0,0,1.0,1,1.0,1,1.0,1,0.10919494890705199,56
4118,0,5699,3155,2544,0,0,0,1.0,1,1.0,1,1.0,1,0.12889980075907112,55
4119,1,5700,3156,2544,0,0,0,1.0,1,1.0,1,1.0,1,0.15747776853937562,53
4120,3,5703,3158,2545,0,0,0,1.0,1,1.0,1,1.0,1,0.13858566437361353,52
4121,7,5710,3164,2546,0,0,0,1.0,1,1.0,1,1.0,1,0.10425345007418639,53
4122,1,5711,3165,2546,0,0,0,1.0,1,1.0,1,1.0,1,0.13804295910397898,52
4123,4,5715,3168,2547,0,0,0,1.0,1,1.0,1,1.0,1,0.15224491132641524,51
4124,1,5716,3168,2548,0,0,0,1.0,1,1.0,1,1.0,1,0.1413714902485871,51
4125,1,5717,3169,2548,0,0,0,1.0,1,1.0,1,1.0,1,0.1497306341883124,50
4126,2,5719,3170,2549,0,0,0,1.0,1,1.0,1,1.0,1,0.1689859169257591,50
4127,1,5720,3171,2549,0,0,0,1.0,1,1.0,1,1.0,1,0.17296768877586124,49
4128,1,5721,3172,2549,0,0,0,1.0,1,1.0,1,1.0,1,0.16531122159069153,49
4129,0,5721,3172,2549,0,0,0,1.0,1,1.0,1,1.0,1,0.16531122159069153,49
4130,1,5722,3173,2549,0,0,0,1.0,1,1.0,1,1.0,1,0.14383854514167843,50
4131,2,5724,3175,2549,0,0,0,1.0,1,1.0,1,1.0,1,0.18106541536457255,50
4132,1,5725,3175,2550,0,0,0,1.0,1,1.0,1,1.0,1,0.15370743987381302,50
4133,2,5727,3177,2550,0,0,0,1.0,1,1.0,1,1.0,1,0.14041236871273294,51
4134,2,5729,3179,2550,0,0,0,1.0,1,1.0,1,1.0,1,0.14458977764381417,53
4135,1,5730,3180,2550,0,0,0,1.0,1,1.0,1,1.0,1,0.15526158088942965,54
4136,0,5730,3180,2550,0,0,0,1.0,1,1.0,1,1.0,1,0.15526158088942965,54
4137,1,5731,3181,2550,0,0,0,1.0,1,1.0,1,1.0,1,0.13114441215152808,55
4138,1,5732,3182,2550,0,0,0,1.0,1,1.0,1,1.0,1,0.14941512495289555,54
4139,1,5733,3183,2550,0,0,0,1.0,1,1.0,1,1.0,1,0.1610546407916468,54
4140,0,5733,3183,2550,0,0,0,1.0,1,1.0,1,1.0,1,0.14403227538184724,55
4141,0,5733,3183,2550,0,0,0,1.0,1,1.0,1,1.0,1,0.15218260754378068,55
4142,0,5733,3183,2550,0,0,0,1.0,1,1.0,1,1.0,1,0.15218260754378068,55
4143,2,5735,3183,2552,0,0,0,1.0,1,1.0,1,1.0,1,0.12645639821403756,53
4144,0,5735,3183,2552,0,0,0,1.0,1,1.0,1,1.0,1,0.1458406319560204,52
4145,2,5737,3183,2554,0,0,0,1.0,1,1.0,1,1.0,1,0.1259497204184825,51
4146,4,5741,3186,2555,0,0,0,1.0,1,1.0,1,1.0,1,0.14239294014871962,51
4147,2,5743,3187,2556,0,0,0,1.0,1,1.0,1,1.0,1,0.13945924232528784,50
4148,2,5745,3189,2556,0,0,0,1.0,1,1.0,1,1.0,1,0.17542883700839915,52
4149,0,5745,3189,2556,0,0,0,1.0,1,1.0,1,1.0,1,0.1554206457748603,53
4150,2,5747,3191,2556,0,0,0,1.0,1,1.0,1,1.0,1,0.17516327684424546,53
4151,1,5748,3192,2556,0,0,0,1.0,1,1.0,1,1.0,1,0.18184234608660826,53
4152,1,5749,3193,2556,0,0,0,1.0,1,1.0,1,1.0,1,0.1698383669642978,54
4153,2,5751,3195,2556,0,0,0,1.0,1,1.0,1,1.0,1,0.1962609123264006,51
4154,2,5753,3195,2558,0,0,0,1.0,1,1.0,1,1.0,1,0.1468816603145461,51
4155,2,5755,3197,2558,0,0,0,1.0,1,1.0,1,1.0,1,0.1706649075211903,51
4156,7,5762,3201,2561,0,0,0,1.0,1,1.0,1,1.0,1,0.18677457752560186,52
4157,1,5763,3201,2562,0,0,0,1.0,1,1.0,1,1.0,1,0.16441495616438515,52
4158,1,5764,3202,2562,0,0,0,1.0,1,1.0,1,1.0,1,0.18342746179317934,52
4159,2,5766,3204,2562,0,0,0,1.0,1,1.0,1,1.0,1,0.19030125585201785,52
4160,4,5770,3208,2562,0,0,0,1.0,1,1.0,1,1.0,1,0.22794575865120514,50
4161,2,5772,3209,2563,0,0,0,1.0,1,1.0,1,1.0,1,0.2400100036156399,50
4162,1,5773,3210,2563,0,0,0,1.0,1,1.0,1,1.0,1,0.2599095118457302,51
4163,2,5775,3211,2564,0,0,0,1.0,1,1.0,1,1.0,1,0.2407231276959775,48
4164,2,5777,3213,2564,0,0,0,1.0,1,1.0,1,1.0,1,0.2586086655387187,50
4165,1,5778,3213,2565,0,0,0,1.0,1,1.0,1,1.0,1,0.23822144005538737,49
4166,4,5782,3216,2566,0,0,0,1.0,1,1.0,1,1.0,1,0.21690332048517974,50
4167,0,5782,3216,2566,0,0,0,1.0,1,1.0,1,1.0,1,0.2170609652093694,50
4168,2,5784,3216,2568,0,0,0,1.0,1,1.0,1,1.0,1,0.20338624190375876,50
4169,0,5784,3216,2568,0,0,0,1.0,1,1.0,1,1.0,1,0.1999765229305495,51
4170,0,5784,3216,2568,0,0,0,1.0,1,1.0,1,1.0,1,0.21819328822366085,50
4171,4,5788,3218,2570,0,0,0,1.0,1,1.0,1,1.0,1,0.22411441209826083,50
4172,1,5789,3218,2571,0,0,0,1.0,1,1.0,1,1.0,1,0.23037217421515718,49
4173,3,5792,3218,2574,0,0,0,1.0,1,1.0,1,1.0,1,0.20012839237031502,48
4174,1,5793,3219,2574,0,0,0,1.0,1,1.0,1,1.0,1,0.2230913465493919,48
4175,2,5795,3219,2576,0,0,0,1.0,1,1.0,1,1.0,1,0.1967475822296005,48
4176,1,5796,3219,2577,0,0,0,1.0,1,1.0,1,1.0,1,0.1836968905119781,50
4177,2,5798,3219,2579,0,0,0,1.0,1,1.0,1,1.0,1,0.15021806812808744,52
4178,1,5799,3220,2579,0,0,0,1.0,1,1.0,1,1.0,1,0.15836933119711458,53
4179,1,5800,3221,2579,0,0,0,1.0,1,1.0,1,1.0,1,0.14474566987383386,54
4180,0,5800,3221,2579,0,0,0,1.0,1,1.0,1,1.0,1,0.1461326356497173,55
4181,3,5803,3221,2582,0,0,0,1.0,1,1.0,1,1.0,1,0.09725039155476688,56
4182,0,5803,3221,2582,0,0,0,1.0,1,1.0,1,1.0,1,0.09725039155476688,56
4183,3,5806,3222,2584,0,0,0,1.0,1,1.0,1,1.0,1,0.08387918122881037,57
4184,1,5807,3222,2585,0,0,0,1.0,1,1.0,1,1.0,1,0.08591649345469232,57
4185,0,5807,3222,2585,0,0,0,1.0,1,1.0,1,1.0,1,0.08630627875692148,54
4186,2,5809,3223,2586,0,0,0,1.0,1,1.0,1,1.0,1,0.1043055452978996,55
4187,0,5809,3223,2586,0,0,0,1.0,1,1.0,1,1.0,1,0.10853081822023714,53
4188,0,5809,3223,2586,0,0,0,1.0,1,1.0,1,1.0,1,0.10853081822023714,53
4189,0,5809,3223,2586,0,0,0,1.0,1,1.0,1,1.0,1,0.11108474531467664,53
4190,4,5813,3226,2587,0,0,0,1.0,1,1.0,1,1.0,1,0.10483968698291757,53
4191,2,5815,3227,2588,0,0,0,1.0,1,1.0,1,1.0,1,0.09717674724472168,51
4192,4,5819,3230,2589,0,0,0,1.0,1,1.0,1,1.0,1,0.09427408433841329,51
4193,2,5821,3232,2589,0,0,0,1.0,1,1.0,1,1.0,1,0.09494640213227394,50
4194,1,5822,3233,2589,0,0,0,1.0,1,1.0,1,1.0,1,0.10770374652137334,50
4195,2,5824,3234,2590,0,0,0,1.0,1,1.0,1,1.0,1,0.11323605763294944,50
4196,2,5826,3236,2590,0,0,0,1.0,1,1.0,1,1.0,1,0.1126141304997088,51
4197,1,5827,3237,2590,0,0,0,1.0,1,1.0,1,1.0,1,0.14171664751403396,50
4198,1,5828,3238,2590,0,0,0,1.0,1,1.0,1,1.0,1,0.1680872738448969,48
4199,1,5829,3238,2591,0,0,0,1.0,1,1.0,1,1.0,1,0.2004387193038409,48
4200,0,5829,3238,2591,0,0,0,1.0,1,1.0,1,1.0,1,0.21270841741780297,48
4201,3,5832,3239,2593,0,0,0,1.0,1,1.0,1,1.0,1,0.21600706438032893,47
4202,0,5832,3239,2593,0,0,0,1.0,1,1.0,1,1.0,1,0.21600706438032893,47
4203,0,5832,3239,2593,0,0,0,1.0,1,1.0,1,1.0,1,0.21600706438032893,47
4204,3,5835,3241,2594,0,0,0,1.0,1,1.0,1,1.0,1,0.24656263139670737,48
4205,1,5836,3241,2595,0,0,0,1.0,1,1.0,1,1.0,1,0.21253620243857135,49
4206,1,5837,3242,2595,0,0,0,1.0,1,1.0,1,1.0,1,0.24470121082719035,49
4207,0,5837,3242,2595,0,0,0,1.0,1,1.0,1,1.0,1,0.23416992112717058,48
4208,4,5841,3244,2597,0,0,0,1.0,1,1.0,1,1.0,1,0.21282608148912688,49
4209,3,5844,3246,2598,0,0,0,1.0,1,1.0,1,1.0,1,0.22480762186781356,51
4210,2,5846,3247,2599,0,0,0,1.0,1,1.0,1,1.0,1,0.24097917461663892,52
4211,4,5850,3248,2602,0,0,0,1.0,1,1.0,1,1.0,1,0.21605342633866853,53
4212,1,5851,3248,2603,0,0,0,1.0,1,1.0,1,1.0,1,0.1876803238628857,53
4213,0,5851,3248,2603,0,0,0,1.0,1,1.0,1,1.0,1,0.19526676119387928,54
4214,1,5852,3249,2603,0,0,0,1.0,1,1.0,1,1.0,1,0.19829896077880327,54
4215,0,5852,3249,2603,0,0,0,1.0,1,1.0,1,1.0,1,0.19829896077880327,54
4216,1,5853,3249,2604,0,0,0,1.0,1,1.0,1,1.0,1,0.18294396104428282,53
4217,1,5854,3250,2604,0,0,0,1.0,1,1.0,1,1.0,1,0.20869572026141842,54
4218,2,5856,3251,2605,0,0,0,1.0,1,1.0,1,1.0,1,0.22592594833179194,53
4219,0,5856,3251,2605,0,0,0,1.0,1,1.0,1,1.0,1,0.22592594833179194,53
4220,0,5856,3251,2605,0,0,0,1.0,1,1.0,1,1.0,1,0.2332714339762731,53
4221,1,5857,3252,2605,0,0,0,1.0,1,1.0,1,1.0,1,0.25389808128224545,54
4222,3,5860,3254,2606,0,0,0,1.0,1,1.0,1,1.0,1,0.2733719780662226,55
4223,1,5861,3255,2606,0,0,0,1.0,1,1.0,1,1.0,1,0.27368320707574206,56
4224,1,5862,3255,2607,0,0,0,1.0,1,1.0,1,1.0,1,0.2755697335598788,55
4225,1,5863,3256,2607,0,0,0,1.0,1,1.0,1,1.0,1,0.265998466363035,53
4226,1,5864,3257,2607,0,0,0,1.0,1,1.0,1,1.0,1,0.28760945510442393,54
4227,0,5864,3257,2607,0,0,0,1.0,1,1.0,1,1.0,1,0.2888087523513423,52
4228,1,5865,3258,2607,0,0,0,1.0,1,1.0,1,1.0,1,0.27729306476315896,51
4229,1,5866,3259,2607,0,0,0,1.0,1,1.0,1,1.0,1,0.29065573567833125,48
4230,2,5868,3260,2608,0,0,0,1.0,1,1.0,1,1.0,1,0.272962445146391,48
4231,1,5869,3261,2608,0,0,0,1.0,1,1.0,1,1.0,1,0.26049200647045173,48
4232,1,5870,3262,2608,0,0,0,1.0,1,1.0,1,1.0,1,0.23565831332119397,48
4233,1,5871,3262,2609,0,0,0,1.0,1,1.0,1,1.0,1,0.1869513095031778,48
4234,0,5871,3262,2609,0,0,0,1.0,1,1.0,1,1.0,1,0.1799649749344106,49
4235,0,5871,3262,2609,0,0,0,1.0,1,1.0,1,1.0,1,0.177297668327076,47
4236,1,5872,3262,2610,0,0,0,1.0,1,1.0,1,1.0,1,0.134365692637065,47
4237,2,5874,3262,2612,0,0,0,1.0,1,1.0,1,1.0,1,0.10491828997394972,48
4238,0,5874,3262,2612,0,0,0,1.0,1,1.0,1,1.0,1,0.11615830135091368,47
4239,1,5875,3262,2613,0,0,0,1.0,1,1.0,1,1.0,1,0.10444381640014974,48
4240,0,5875,3262,2613,0,0,0,1.0,1,1.0,1,1.0,1,0.10970828952415879,47
4241,0,5875,3262,2613,0,0,0,1.0,1,1.0,1,1.0,1,0.09894130237697575,49
4242,0,5875,3262,2613,0,0,0,1.0,1,1.0,1,1.0,1,0.09488303651224927,49
4243,2,5877,3263,2614,0,0,0,1.0,1,1.0,1,1.0,1,0.09420688224756518,50
4244,1,5878,3263,2615,0,0,0,1.0,1,1.0,1,1.0,1,0.09638969450699104,51
4245,1,5879,3263,2616,0,0,0,1.0,1,1.0,1,1.0,1,0.10146594497640651,51
4246,0,5879,3263,2616,0,0,0,1.0,1,1.0,1,1.0,1,0.10146594497640651,51
4247,0,5879,3263,2616,0,0,0,1.0,1,1.0,1,1.0,1,0.10378372597067961,52
4248,1,5880,3264,2616,0,0,0,1.0,1,1.0,1,1.0,1,0.0819267342834568,52
4249,0,5880,3264,2616,0,0,0,1.0,1,1.0,1,1.0,1,0.0819267342834568,52
4250,3,5883,3267,2616,0,0,0,1.0,1,1.0,1,1.0,1,0.1274043195572492,52
4251,6,5889,3271,2618,0,0,0,1.0,1,1.0,1,1.0,1,0.08935414034767744,53
4252,4,5893,3275,2618,0,0,0,1.0,1,1.0,1,1.0,1,0.1572418977530075,53
4253,4,5897,3277,2620,0,0,0,1.0,1,1.0,1,1.0,1,0.11426783232344694,54
4254,2,5899,3279,2620,0,0,0,1.0,1,1.0,1,1.0,1,0.14295393631044606,54
4255,3,5902,3280,2622,0,0,0,1.0,1,1.0,1,1.0,1,0.1314076103442554,55
4256,1,5903,3281,2622,0,0,0,1.0,1,1.0,1,1.0,1,0.0955127874384384,57
4257,0,5903,3281,2622,0,0,0,1.0,1,1.0,1,1.0,1,0.0955127874384384,57
4258,1,5904,3282,2622,0,0,0,1.0,1,1.0,1,1.0,1,0.08972220659312535,57
4259,0,5904,3282,2622,0,0,0,1.0,1,1.0,1,1.0,1,0.08972220659312535,57
4260,2,5906,3283,2623,0,0,0,1.0,1,1.0,1,1.0,1,0.09775811320489627,58
4261,4,5910,3285,2625,0,0,0,1.0,1,1.0,1,1.0,1,0.07225357267138162,59
4262,0,5910,3285,2625,0,0,0,1.0,1,1.0,1,1.0,1,0.06146758467826748,60
4263,0,5910,3285,2625,0,0,0,1.0,1,1.0,1,1.0,1,0.0498952669368081,59
4264,0,5910,3285,2625,0,0,0,1.0,1,1.0,1,1.0,1,0.040167356405937236,58
4265,1,5911,3286,2625,0,0,0,1.0,1,1.0,1,1.0,1,0.022878563069595514,58
4266,2,5913,3288,2625,0,0,0,1.0,1,1.0,1,1.0,1,0.05400526417808541,58
4267,1,5914,3289,2625,0,0,0,1.0,1,1.0,1,1.0,1,0.06080595685124712,55
4268,0,5914,3289,2625,0,0,0,1.0,1,1.0,1,1.0,1,0.06080595685124712,55
4269,2,5916,3291,2625,0,0,0,1.0,1,1.0,1,1.0,1,0.09309413188175762,50
4270,1,5917,3292,2625,0,0,0,1.0,1,1.0,1,1.0,1,0.10119249022502788,47
4271,4,5921,3294,2627,0,0,0,1.0,1,1.0,1,1.0,1,0.10464381976896435,47
4272,1,5922,3294,2628,0,0,0,1.0,1,1.0,1,1.0,1,0.07255279868896412,46
4273,2,5924,3296,2628,0,0,0,1.0,1,1.0,1,1.0,1,0.1356727562603495,47
4274,3,5927,3299,2628,0,0,0,1.0,1,1.0,1,1.0,1,0.11301147293380129,45
4275,6,5933,3303,2630,0,0,0,1.0,1,1.0,1,1.0,1,0.10290521259425206,44
4276,3,5936,3306,2630,0,0,0,1.0,1,1.0,1,1.0,1,0.18411899896575062,43
4277,4,5940,3309,2631,0,0,0,1.0,1,1.0,1,1.0,1,0.23744234426871694,42
4278,1,5941,3310,2631,0,0,0,1.0,1,1.0,1,1.0,1,0.25205490650440465,43
4279,3,5944,3312,2632,0,0,0,1.0,1,1.0,1,1.0,1,0.3688815931934313,42
4280,5,5949,3314,2635,0,0,0,1.0,1,1.0,1,1.0,1,0.3206340275953527,44
4281,14,5963,3316,2647,0,0,0,1.0,1,1.0,1,1.0,1,0.06462793039837994,44
4282,0,5963,3316,2647,0,0,0,1.0,1,1.0,1,1.0,1,0.06462793039837994,44
4283,0,5963,3316,2647,0,0,0,1.0,1,1.0,1,1.0,1,0.04116382484718371,45
4284,0,5963,3316,2647,0,0,0,1.0,1,1.0,1,1.0,1,0.04116382484718371,45
4285,0,5963,3316,2647,0,0,0,1.0,1,1.0,1,1.0,1,0.04762382970558969,47
4286,3,5966,3318,2648,0,0,0,1.0,1,1.0,1,1.0,1,0.027707329822887858,47
4287,1,5967,3319,2648,0,0,0,1.0,1,1.0,1,1.0,1,0.0032613764280618276,49
4288,0,5967,3319,2648,0,0,0,1.0,1,1.0,1,1.0,1,0.0032613764280618276,49
4289,1,5968,3320,2648,0,0,0,1.0,1,1.0,1,1.0,1,0.027972565589545043,50
4290,2,5970,3322,2648,0,0,0,1.0,1,1.0,1,1.0,1,0.019901189215163033,51
4291,2,5972,3324,2648,0,0,0,1.0,1,1.0,1,1.0,1,0.021163249692186255,50
4292,2,5974,3326,2648,0,0,0,1.0,1,1.0,1,1.0,1,0.05532343741550283,51
4293,0,5974,3326,2648,0,0,0,1.0,1,1.0,1,1.0,1,0.02697676019321111,51
4294,0,5974,3326,2648,0,0,0,1.0,1,1.0,1,1.0,1,0.03192737005784035,50
4295,0,5974,3326,2648,0,0,0,1.0,1,1.0,1,1.0,1,0.015195191468998063,50
4296,0,5974,3326,2648,0,0,0,1.0,1,1.0,1,1.0,1,0.03322219866265056,49
4297,0,5974,3326,2648,0,0,0,1.0,1,1.0,1,1.0,1,0.04736615063999971,49
4298,0,5974,3326,2648,0,0,0,1.0,1,1.0,1,1.0,1,0.04736615063999971,49
4299,0,5974,3326,2648,0,0,0,1.0,1,1.0,1,1.0,1,0.05891405457727046,48
4300,1,5975,3327,2648,0,0,0,1.0,1,1.0,1,1.0,1,0.02673657058121248,49
4301,2,5977,3329,2648,0,0,0,1.0,1,1.0,1,1.0,1,0.03895638249293357,50
4302,0,5977,3329,2648,0,0,0,1.0,1,1.0,1,1.0,1,0.05074544736351601,51
4303,2,5979,3331,2648,0,0,0,1.0,1,1.0,1,1.0,1,0.06509473697322438,51
4304,0,5979,3331,2648,0,0,0,1.0,1,1.0,1,1.0,1,0.0796088622202566,51
4305,5,5984,3336,2648,0,0,0,1.0,1,1.0,1,1.0,1,0.09705470048638001,49
4306,1,5985,3337,2648,0,0,0,1.0,1,1.0,1,1.0,1,0.10650377883086708,49
4307,4,5989,3341,2648,0,0,0,1.0,1,1.0,1,1.0,1,0.17583655824546524,46
4308,3,5992,3342,2650,0,0,0,1.0,1,1.0,1,1.0,1,0.16288699424885378,44
4309,4,5996,3346,2650,0,0,0,1.0,1,1.0,1,1.0,1,0.16584227338515165,44
4310,0,5996,3346,2650,0,0,0,1.0,1,1.0,1,1.0,1,0.19852863244935795,42
4311,7,6003,3348,2655,0,0,0,1.0,1,1.0,1,1.0,1,0.08876432726079196,42
4312,0,6003,3348,2655,0,0,0,1.0,1,1.0,1,1.0,1,0.12993201850980735,40
4313,1,6004,3349,2655,0,0,0,1.0,1,1.0,1,1.0,1,0.1168128431009093,40
4314,3,6007,3352,2655,0,0,0,1.0,1,1.0,1,1.0,1,0.10128418987558296,36
4315,1,6008,3353,2655,0,0,0,1.0,1,1.0,1,1.0,1,0.08935212405635683,37
4316,2,6010,3355,2655,0,0,0,1.0,1,1.0,1,1.0,1,0.07610279398741329,37
4317,0,6010,3355,2655,0,0,0,1.0,1,1.0,1,1.0,1,0.08659591254881835,36
4318,1,6011,3356,2655,0,0,0,1.0,1,1.0,1,1.0,1,0.11294451805748497,34
4319,1,6012,3357,2655,0,0,0,1.0,1,1.0,1,1.0,1,0.13615326826391802,34
4320,0,6012,3357,2655,0,0,0,1.0,1,1.0,1,1.0,1,0.13615326826391802,34
4321,3,6015,3358,2657,0,0,0,1.0,1,1.0,1,1.0,1,0.10316240366125161,35
4322,0,6015,3358,2657,0,0,0,1.0,1,1.0,1,1.0,1,0.10316240366125161,35
4323,2,6017,3359,2658,0,0,0,1.0,1,1.0,1,1.0,1,0.1495740828843444,35
4324,0,6017,3359,2658,0,0,0,1.0,1,1.0,1,1.0,1,0.17512227135896077,34
4325,3,6020,3361,2659,0,0,0,1.0,1,1.0,1,1.0,1,0.13805861810364753,34
4326,1,6021,3362,2659,0,0,0,1.0,1,1.0,1,1.0,1,0.15340120988513903,36
4327,0,6021,3362,2659,0,0,0,1.0,1,1.0,1,1.0,1,0.17086896809610636,35
4328,2,6023,3364,2659,0,0,0,1.0,1,1.0,1,1.0,1,0.14567208521571334,35
4329,1,6024,3365,2659,0,0,0,1.0,1,1.0,1,1.0,1,0.1277293865689319,38
4330,2,6026,3367,2659,0,0,0,1.0,1,1.0,1,1.0,1,0.1523409598780309,38
4331,2,6028,3367,2661,0,0,0,1.0,1,1.0,1,1.0,1,0.11727164185076272,39
4332,0,6028,3367,2661,0,0,0,1.0,1,1.0,1,1.0,1,0.13458021009724083,40
4333,0,6028,3367,2661,0,0,0,1.0,1,1.0,1,1.0,1,0.1160679377976404,41
4334,1,6029,3367,2662,0,0,0,1.0,1,1.0,1,1.0,1,0.0893902634226075,41
4335,4,6033,3369,2664,0,0,0,1.0,1,1.0,1,1.0,1,0.07073441444609664,42
4336,0,6033,3369,2664,0,0,0,1.0,1,1.0,1,1.0,1,0.08274134464098996,43
4337,0,6033,3369,2664,0,0,0,1.0,1,1.0,1,1.0,1,0.07996242362038312,44
4338,0,6033,3369,2664,0,0,0,1.0,1,1.0,1,1.0,1,0.07996242362038312,44
4339,2,6035,3371,2664,0,0,0,1.0,1,1.0,1,1.0,1,0.09237728237065965,46
4340,0,6035,3371,2664,0,0,0,1.0,1,1.0,1,1.0,1,0.07220568202194998,47
4341,2,6037,3372,2665,0,0,0,1.0,1,1.0,1,1.0,1,0.07134971788845312,47
4342,1,6038,3373,2665,0,0,0,1.0,1,1.0,1,1.0,1,0.05571927906670142,47
4343,0,6038,3373,2665,0,0,0,1.0,1,1.0,1,1.0,1,0.039274248920146054,42
4344,3,6041,3376,2665,0,0,0,1.0,1,1.0,1,1.0,1,0.08830216940826424,42
4345,0,6041,3376,2665,0,0,0,1.0,1,1.0,1,1.0,1,0.0772563613946635,39
4346,2,6043,3378,2665,0,0,0,1.0,1,1.0,1,1.0,1,0.0667560898181858,37
4347,1,6044,3379,2665,0,0,0,1.0,1,1.0,1,1.0,1,0.12614365497144026,37
4348,2,6046,3381,2665,0,0,0,1.0,1,1.0,1,1.0,1,0.21894656817734542,38
4349,1,6047,3381,2666,0,0,0,1.0,1,1.0,1,1.0,1,0.20253857754657908,36
4350,2,6049,3383,2666,0,0,0,1.0,1,1.0,1,1.0,1,0.26302953550649966,37
4351,1,6050,3383,2667,0,0,0,1.0,1,1.0,1,1.0,1,0.22991106812996917,35
4352,1,6051,3383,2668,0,0,0,1.0,1,1.0,1,1.0,1,0.23133967933950925,34
4353,2,6053,3383,2670,0,0,0,1.0,1,1.0,1,1.0,1,0.16998878917574564,34
4354,1,6054,3383,2671,0,0,0,1.0,1,1.0,1,1.0,1,0.13707431182679425,32
4355,1,6055,3384,2671,0,0,0,1.0,1,1.0,1,1.0,1,0.1563568721696348,32
4356,3,6058,3386,2672,0,0,0,1.0,1,1.0,1,1.0,1,0.1304715737522837,34
4357,0,6058,3386,2672,0,0,0,1.0,1,1.0,1,1.0,1,0.13309518558245606,35
4358,2,6060,3388,2672,0,0,0,1.0,1,1.0,1,1.0,1,0.15644842177453877,35
4359,3,6063,3389,2674,0,0,0,1.0,1,1.0,1,1.0,1,0.13665404214662807,37
4360,0,6063,3389,2674,0,0,0,1.0,1,1.0,1,1.0,1,0.13183756066975297,38
4361,2,6065,3389,2676,0,0,0,1.0,1,1.0,1,1.0,1,0.06983645633826503,39
4362,2,6067,3391,2676,0,0,0,1.0,1,1.0,1,1.0,1,0.09039384587615806,38
4363,1,6068,3392,2676,0,0,0,1.0,1,1.0,1,1.0,1,0.07894906088980211,38
4364,4,6072,3394,2678,0,0,0,1.0,1,1.0,1,1.0,1,0.053925935022540145,39
4365,1,6073,3395,2678,0,0,0,1.0,1,1.0,1,1.0,1,0.041156576805382004,39
4366,0,6073,3395,2678,0,0,0,1.0,1,1.0,1,1.0,1,0.041156576805382004,39
4367,1,6074,3396,2678,0,0,0,1.0,1,1.0,1,1.0,1,0.05468413833134639,41
4368,2,6076,3397,2679,0,0,0,1.0,1,1.0,1,1.0,1,0.08426357213343999,41
4369,0,6076,3397,2679,0,0,0,1.0,1,1.0,1,1.0,1,0.07891303453358753,42
4370,0,6076,3397,2679,0,0,0,1.0,1,1.0,1,1.0,1,0.07891303453358753,42
4371,1,6077,3397,2680,0,0,0,1.0,1,1.0,1,1.0,1,0.027354327238160326,43
4372,0,6077,3397,2680,0,0,0,1.0,1,1.0,1,1.0,1,0.027354327238160326,43
4373,0,6077,3397,2680,0,0,0,1.0,1,1.0,1,1.0,1,0.027354327238160326,43
4374,0,6077,3397,2680,0,0,0,1.0,1,1.0,1,1.0,1,0.04378743552778494,44
4375,4,6081,3400,2681,0,0,0,1.0,1,1.0,1,1.0,1,0.13517501018318592,45
4376,1,6082,3400,2682,0,0,0,1.0,1,1.0,1,1.0,1,0.1231927892346531,46
4377,6,6088,3405,2683,0,0,0,1.0,1,1.0,1,1.0,1,0.1787138341377434,47
4378,2,6090,3405,2685,0,0,0,1.0,1,1.0,1,1.0,1,0.159491262484203,49
4379,7,6097,3408,2689,0,0,0,1.0,1,1.0,1,1.0,1,0.15507096081489144,51
4380,2,6099,3408,2691,0,0,0,1.0,1,1.0,1,1.0,1,0.1435733782049965,50
4381,3,6102,3409,2693,0,0,0,1.0,1,1.0,1,1.0,1,0.13455777319077758,49
4382,4,6106,3412,2694,0,0,0,1.0,1,1.0,1,1.0,1,0.1758029806620764,47
4383,1,6107,3412,2695,0,0,0,1.0,1,1.0,1,1.0,1,0.16911457531437088,47
4384,0,6107,3412,2695,0,0,0,1.0,1,1.0,1,1.0,1,0.20102292434421862,44
4385,0,6107,3412,2695,0,0,0,1.0,1,1.0,1,1.0,1,0.19824974857079267,42
4386,0,6107,3412,2695,0,0,0,1.0,1,1.0,1,1.0,1,0.2562648209585235,41
4387,3,6110,3415,2695,0,0,0,1.0,1,1.0,1,1.0,1,0.25669080941622957,39
4388,0,6110,3415,2695,0,0,0,1.0,1,1.0,1,1.0,1,0.25669080941622957,39
4389,2,6112,3417,2695,0,0,0,1.0,1,1.0,1,1.0,1,0.29750610183050624,38
4390,0,6112,3417,2695,0,0,0,1.0,1,1.0,1,1.0,1,0.30415122108057885,38
4391,7,6119,3417,2702,0,0,0,1.0,1,1.0,1,1.0,1,0.0609021100411809,39
4392,0,6119,3417,2702,0,0,0,1.0,1,1.0,1,1.0,1,0.0609021100411809,39
4393,1,6120,3418,2702,0,0,0,1.0,1,1.0,1,1.0,1,0.11228737831664512,40
4394,0,6120,3418,2702,0,0,0,1.0,1,1.0,1,1.0,1,0.09836616799510685,39
4395,0,6120,3418,2702,0,0,0,1.0,1,1.0,1,1.0,1,0.09836616799510685,39
4396,1,6121,3419,2702,0,0,0,1.0,1,1.0,1,1.0,1,0.0959845927230475,39
4397,1,6122,3419,2703,0,0,0,1.0,1,1.0,1,1.0,1,0.07999067383936401,38
4398,0,6122,3419,2703,0,0,0,1.0,1,1.0,1,1.0,1,0.08516647046580116,39
4399,0,6122,3419,2703,0,0,0,1.0,1,1.0,1,1.0,1,0.08731650902806627,42
4400,0,6122,3419,2703,0,0,0,1.0,1,1.0,1,1.0,1,0.07999587699427577,43
4401,1,6123,3419,2704,0,0,0,1.0,1,1.0,1,1.0,1,0.05080916875744579,44
4402,0,6123,3419,2704,0,0,0,1.0,1,1.0,1,1.0,1,0.05080916875744579,44
4403,0,6123,3419,2704,0,0,0,1.0,1,1.0,1,1.0,1,0.04915940700418242,45
4404,0,6123,3419,2704,0,0,0,1.0,1,1.0,1,1.0,1,0.04915940700418242,45
4405,0,6123,3419,2704,0,0,0,1.0,1,1.0,1,1.0,1,0.026355138002269747,46
4406,1,6124,3420,2704,0,0,0,1.0,1,1.0,1,1.0,1,0.045078214001262114,46
4407,1,6125,3421,2704,0,0,0,1.0,1,1.0,1,1.0,1,0.07424059073531729,46
4408,0,6125,3421,2704,0,0,0,1.0,1,1.0,1,1.0,1,0.06818057550319799,47
4409,1,6126,3422,2704,0,0,0,1.0,1,1.0,1,1.0,1,0.10635723592081663,48
4410,1,6127,3422,2705,0,0,0,1.0,1,1.0,1,1.0,1,0.09011716743014968,48
4411,1,6128,3422,2706,0,0,0,1.0,1,1.0,1,1.0,1,0.06842413904761309,50
4412,2,6130,3423,2707,0,0,0,1.0,1,1.0,1,1.0,1,0.08315644015126389,50
4413,0,6130,3423,2707,0,0,0,1.0,1,1.0,1,1.0,1,0.08939896671535169,50
4414,1,6131,3423,2708,0,0,0,1.0,1,1.0,1,1.0,1,0.07186959350781773,51
4415,0,6131,3423,2708,0,0,0,1.0,1,1.0,1,1.0,1,0.07186959350781773,51
4416,2,6133,3424,2709,0,0,0,1.0,1,1.0,1,1.0,1,0.09015805091951133,51
4417,2,6135,3426,2709,0,0,0,1.0,1,1.0,1,1.0,1,0.09677126652029282,51
4418,0,6135,3426,2709,0,0,0,1.0,1,1.0,1,1.0,1,0.09044614044721426,51
4419,0,6135,3426,2709,0,0,0,1.0,1,1.0,1,1.0,1,0.0861028956428325,50
4420,0,6135,3426,2709,0,0,0,1.0,1,1.0,1,1.0,1,0.09820991291584533,50
4421,2,6137,3426,2711,0,0,0,1.0,1,1.0,1,1.0,1,0.049674391380784735,52
4422,0,6137,3426,2711,0,0,0,1.0,1,1.0,1,1.0,1,0.05131719519233987,51
4423,0,6137,3426,2711,0,0,0,1.0,1,1.0,1,1.0,1,0.05131719519233987,51
4424,0,6137,3426,2711,0,0,0,1.0,1,1.0,1,1.0,1,0.03730895064813447,53
4425,0,6137,3426,2711,0,0,0,1.0,1,1.0,1,1.0,1,0.03639262818956421,54
4426,1,6138,3427,2711,0,0,0,1.0,1,1.0,1,1.0,1,0.026634939480350405,55
4427,0,6138,3427,2711,0,0,0,1.0,1,1.0,1,1.0,1,0.026634939480350405,55
4428,1,6139,3428,2711,0,0,0,1.0,1,1.0,1,1.0,1,0.02527241520744042,55
4429,0,6139,3428,2711,0,0,0,1.0,1,1.0,1,1.0,1,0.01597660133065433,56
4430,3,6142,3430,2712,0,0,0,1.0,1,1.0,1,1.0,1,0.058282559514800436,55
4431,0,6142,3430,2712,0,0,0,1.0,1,1.0,1,1.0,1,0.05614320289674285,56
4432,1,6143,3431,2712,0,0,0,1.0,1,1.0,1,1.0,1,0.08593304158039455,56
4433,1,6144,3431,2713,0,0,0,1.0,1,1.0,1,1.0,1,0.08176365600695824,57
4434,1,6145,3432,2713,0,0,0,1.0,1,1.0,1,1.0,1,0.060050044395644764,56
4435,2,6147,3434,2713,0,0,0,1.0,1,1.0,1,1.0,1,0.0836148140056787,56
4436,6,6153,3436,2717,0,0,0,1.0,1,1.0,1,1.0,1,0.06919951694253552,55
4437,1,6154,3437,2717,0,0,0,1.0,1,1.0,1,1.0,1,0.10301857693821694,54
4438,0,6154,3437,2717,0,0,0,1.0,1,1.0,1,1.0,1,0.10301857693821694,54
4439,4,6158,3440,2718,0,0,0,1.0,1,1.0,1,1.0,1,0.15465035874125754,55
4440,0,6158,3440,2718,0,0,0,1.0,1,1.0,1,1.0,1,0.15465035874125754,55
4441,6,6164,3444,2720,0,0,0,1.0,1,1.0,1,1.0,1,0.0961538645922026,59
4442,0,6164,3444,2720,0,0,0,1.0,1,1.0,1,1.0,1,0.0880165419329327,61
4443,2,6166,3446,2720,0,0,0,1.0,1,1.0,1,1.0,1,0.08460234794386322,60
4444,0,6166,3446,2720,0,0,0,1.0,1,1.0,1,1.0,1,0.09641871097778254,61
4445,0,6166,3446,2720,0,0,0,1.0,1,1.0,1,1.0,1,0.09641871097778254,61
4446,1,6167,3447,2720,0,0,0,1.0,1,1.0,1,1.0,1,0.09620593095233237,62
4447,0,6167,3447,2720,0,0,0,1.0,1,1.0,1,1.0,1,0.09202662533133334,63
4448,0,6167,3447,2720,0,0,0,1.0,1,1.0,1,1.0,1,0.09202662533133334,63
4449,0,6167,3447,2720,0,0,0,1.0,1,1.0,1,1.0,1,0.09202662533133334,63
4450,0,6167,3447,2720,0,0,0,1.0,1,1.0,1,1.0,1,0.1027676076511901,62
4451,2,6169,3447,2722,0,0,0,1.0,1,1.0,1,1.0,1,0.07406213610763972,63
4452,1,6170,3447,2723,0,0,0,1.0,1,1.0,1,1.0,1,0.061953750994079786,64
4453,0,6170,3447,2723,0,0,0,1.0,1,1.0,1,1.0,1,0.06915583151906377,65
4454,1,6171,3448,2723,0,0,0,1.0,1,1.0,1,1.0,1,0.06128608663110962,66
4455,1,6172,3449,2723,0,0,0,1.0,1,1.0,1,1.0,1,0.08081857549205075,67
4456,3,6175,3450,2725,0,0,0,1.0,1,1.0,1,1.0,1,0.08968536487641246,67
4457,2,6177,3452,2725,0,0,0,1.0,1,1.0,1,1.0,1,0.08816700628043192,65
4458,0,6177,3452,2725,0,0,0,1.0,1,1.0,1,1.0,1,0.08296689899050286,65
4459,3,6180,3455,2725,0,0,0,1.0,1,1.0,1,1.0,1,0.11271832113109072,64
4460,0,6180,3455,2725,0,0,0,1.0,1,1.0,1,1.0,1,0.09995991462102714,63
4461,5,6185,3458,2727,0,0,0,1.0,1,1.0,1,1.0,1,0.12747016188770668,62
4462,4,6189,3460,2729,0,0,0,1.0,1,1.0,1,1.0,1,0.13406654055294187,61
4463,3,6192,3462,2730,0,0,0,1.0,1,1.0,1,1.0,1,0.18123416970444883,61
4464,0,6192,3462,2730,0,0,0,1.0,1,1.0,1,1.0,1,0.18759598801261554,58
4465,2,6194,3463,2731,0,0,0,1.0,1,1.0,1,1.0,1,0.20832868316285616,57
4466,2,6196,3464,2732,0,0,0,1.0,1,1.0,1,1.0,1,0.25634577085800697,54
4467,0,6196,3464,2732,0,0,0,1.0,1,1.0,1,1.0,1,0.238791484884986,52
4468,4,6200,3468,2732,0,0,0,1.0,1,1.0,1,1.0,1,0.19139905439453275,52
4469,2,6202,3470,2732,0,0,0,1.0,1,1.0,1,1.0,1,0.19171145930708527,51
4470,2,6204,3472,2732,0,0,0,1.0,1,1.0,1,1.0,1,0.15282628466836448,51
4471,4,6208,3475,2733,0,0,0,1.0,1,1.0,1,1.0,1,0.13191940120152576,50
4472,0,6208,3475,2733,0,0,0,1.0,1,1.0,1,1.0,1,0.14763709458817081,48
4473,1,6209,3475,2734,0,0,0,1.0,1,1.0,1,1.0,1,0.1302970033354659,47
4474,1,6210,3476,2734,0,0,0,1.0,1,1.0,1,1.0,1,0.13727111239420361,49
4475,0,6210,3476,2734,0,0,0,1.0,1,1.0,1,1.0,1,0.1790830437171913,47
4476,0,6210,3476,2734,0,0,0,1.0,1,1.0,1,1.0,1,0.15996041987035856,49
4477,1,6211,3477,2734,0,0,0,1.0,1,1.0,1,1.0,1,0.2219685192189325,48
4478,0,6211,3477,2734,0,0,0,1.0,1,1.0,1,1.0,1,0.2219685192189325,48
4479,1,6212,3478,2734,0,0,0,1.0,1,1.0,1,1.0,1,0.24213957109032724,48
4480,0,6212,3478,2734,0,0,0,1.0,1,1.0,1,1.0,1,0.2422602137553551,49
4481,5,6217,3478,2739,0,0,0,1.0,1,1.0,1,1.0,1,0.1892081295141805,49
4482,1,6218,3479,2739,0,0,0,1.0,1,1.0,1,1.0,1,0.18570359079789409,49
4483,0,6218,3479,2739,0,0,0,1.0,1,1.0,1,1.0,1,0.17511232130795512,50
4484,3,6221,3480,2741,0,0,0,1.0,1,1.0,1,1.0,1,0.15551092095341013,52
4485,0,6221,3480,2741,0,0,0,1.0,1,1.0,1,1.0,1,0.1569214240983028,53
4486,5,6226,3484,2742,0,0,0,1.0,1,1.0,1,1.0,1,0.13532295144631812,55
4487,3,6229,3486,2743,0,0,0,1.0,1,1.0,1,1.0,1,0.12086173371977506,55
4488,3,6232,3487,2745,0,0,0,1.0,1,1.0,1,1.0,1,0.12553561731660914,54
4489,0,6232,3487,2745,0,0,0,1.0,1,1.0,1,1.0,1,0.13748674538698766,53
4490,0,6232,3487,2745,0,0,0,1.0,1,1.0,1,1.0,1,0.13748674538698766,53
4491,4,6236,3489,2747,0,0,0,1.0,1,1.0,1,1.0,1,0.13020456211351125,52
4492,2,6238,3489,2749,0,0,0,1.0,1,1.0,1,1.0,1,0.1049487399166946,52
4493,1,6239,3490,2749,0,0,0,1.0,1,1.0,1,1.0,1,0.11968269070804667,52
4494,0,6239,3490,2749,0,0,0,1.0,1,1.0,1,1.0,1,0.13037218490915198,53
4495,3,6242,3493,2749,0,0,0,1.0,1,1.0,1,1.0,1,0.15669235875662754,50
4496,1,6243,3494,2749,0,0,0,1.0,1,1.0,1,1.0,1,0.15821173419620452,51
4497,2,6245,3496,2749,0,0,0,1.0,1,1.0,1,1.0,1,0.14837152426101116,50
4498,0,6245,3496,2749,0,0,0,1.0,1,1.0,1,1.0,1,0.13844557117681913,49
4499,1,6246,3497,2749,0,0,0,1.0,1,1.0,1,1.0,1,0.1464350596776299,48
4500,3,6249,3500,2749,0,0,0,1.0,1,1.0,1,1.0,1,0.12550369380620252,48
4501,2,6251,3501,2750,0,0,0,1.0,1,1.0,1,1.0,1,0.09096428176533179,48
4502,2,6253,3503,2750,0,0,0,1.0,1,1.0,1,1.0,1,0.14508551137017975,49
4503,2,6255,3505,2750,0,0,0,1.0,1,1.0,1,1.0,1,0.19399529229294457,49
4504,0,6255,3505,2750,0,0,0,1.0,1,1.0,1,1.0,1,0.19178619104376438,45
4505,0,6255,3505,2750,0,0,0,1.0,1,1.0,1,1.0,1,0.18700695869541195,46
4506,4,6259,3508,2751,0,0,0,1.0,1,1.0,1,1.0,1,0.21063869571812655,45
4507,1,6260,3509,2751,0,0,0,1.0,1,1.0,1,1.0,1,0.21345539700191835,45
4508,1,6261,3510,2751,0,0,0,1.0,1,1.0,1,1.0,1,0.21697690404111217,43
4509,2,6263,3512,2751,0,0,0,1.0,1,1.0,1,1.0,1,0.21687082254476656,41
4510,2,6265,3514,2751,0,0,0,1.0,1,1.0,1,1.0,1,0.18950858404847645,42
4511,4,6269,3516,2753,0,0,0,1.0,1,1.0,1,1.0,1,0.1689268359129173,41
4512,1,6270,3516,2754,0,0,0,1.0,1,1.0,1,1.0,1,0.15286254988565717,41
4513,1,6271,3516,2755,0,0,0,1.0,1,1.0,1,1.0,1,0.13442324863979213,41
4514,2,6273,3518,2755,0,0,0,1.0,1,1.0,1,1.0,1,0.09392230043967344,42
4515,2,6275,3518,2757,0,0,0,1.0,1,1.0,1,1.0,1,0.11058790238413779,41
4516,3,6278,3520,2758,0,0,0,1.0,1,1.0,1,1.0,1,0.11492398924491179,42
4517,0,6278,3520,2758,0,0,0,1.0,1,1.0,1,1.0,1,0.11767763263802264,43
4518,0,6278,3520,2758,0,0,0,1.0,1,1.0,1,1.0,1,0.14072879300667343,42
4519,1,6279,3521,2758,0,0,0,1.0,1,1.0,1,1.0,1,0.18608219626066624,42
4520,0,6279,3521,2758,0,0,0,1.0,1,1.0,1,1.0,1,0.22194680280973195,42
4521,2,6281,3521,2760,0,0,0,1.0,1,1.0,1,1.0,1,0.19896395336931336,42
4522,1,6282,3522,2760,0,0,0,1.0,1,1.0,1,1.0,1,0.1842654074183893,42
4523,0,6282,3522,2760,0,0,0,1.0,1,1.0,1,1.0,1,0.1842654074183893,42
4524,2,6284,3524,2760,0,0,0,1.0,1,1.0,1,1.0,1,0.18503657358352757,43
4525,4,6288,3527,2761,0,0,0,1.0,1,1.0,1,1.0,1,0.11504859392843905,46
4526,4,6292,3530,2762,0,0,0,1.0,1,1.0,1,1.0,1,0.09244460734419484,46
4527,1,6293,3531,2762,0,0,0,1.0,1,1.0,1,1.0,1,0.09563983477850287,47
4528,0,6293,3531,2762,0,0,0,1.0,1,1.0,1,1.0,1,0.10138091433829159,49
4529,1,6294,3532,2762,0,0,0,1.0,1,1.0,1,1.0,1,0.10839089945330953,50
4530,2,6296,3533,2763,0,0,0,1.0,1,1.0,1,1.0,1,0.06359227750317226,51
4531,3,6299,3535,2764,0,0,0,1.0,1,1.0,1,1.0,1,0.07663049445116264,51
4532,0,6299,3535,2764,0,0,0,1.0,1,1.0,1,1.0,1,0.07663049445116264,51
4533,2,6301,3537,2764,0,0,0,1.0,1,1.0,1,1.0,1,0.09801475174814656,50
4534,2,6303,3538,2765,0,0,0,1.0,1,1.0,1,1.0,1,0.09119201209374236,51
4535,2,6305,3540,2765,0,0,0,1.0,1,1.0,1,1.0,1,0.12650624621552958,50
4536,1,6306,3541,2765,0,0,0,1.0,1,1.0,1,1.0,1,0.1289870883161928,48
4537,2,6308,3543,2765,0,0,0,1.0,1,1.0,1,1.0,1,0.13419069251071908,49
4538,0,6308,3543,2765,0,0,0,1.0,1,1.0,1,1.0,1,0.1344810113926126,48
4539,1,6309,3544,2765,0,0,0,1.0,1,1.0,1,1.0,1,0.11569035319493036,50
4540,1,6310,3544,2766,0,0,0,1.0,1,1.0,1,1.0,1,0.10359191722599374,49
4541,1,6311,3544,2767,0,0,0,1.0,1,1.0,1,1.0,1,0.08524471314237801,49
4542,0,6311,3544,2767,0,0,0,1.0,1,1.0,1,1.0,1,0.11377208382566185,47
4543,0,6311,3544,2767,0,0,0,1.0,1,1.0,1,1.0,1,0.1254056843557463,45
4544,1,6312,3545,2767,0,0,0,1.0,1,1.0,1,1.0,1,0.13971535084704073,45
4545,1,6313,3546,2767,0,0,0,1.0,1,1.0,1,1.0,1,0.14349137696864972,43
4546,1,6314,3547,2767,0,0,0,1.0,1,1.0,1,1.0,1,0.13312354277636204,43
4547,2,6316,3548,2768,0,0,0,1.0,1,1.0,1,1.0,1,0.11603248354932334,41
4548,0,6316,3548,2768,0,0,0,1.0,1,1.0,1,1.0,1,0.10968699567800937,42
4549,2,6318,3550,2768,0,0,0,1.0,1,1.0,1,1.0,1,0.09382494463293517,41
4550,3,6321,3553,2768,0,0,0,1.0,1,1.0,1,1.0,1,0.12049763014397384,41
4551,0,6321,3553,2768,0,0,0,1.0,1,1.0,1,1.0,1,0.09874095279788969,39
4552,0,6321,3553,2768,0,0,0,1.0,1,1.0,1,1.0,1,0.10427835578868368,38
4553,0,6321,3553,2768,0,0,0,1.0,1,1.0,1,1.0,1,0.11636697138006602,39
4554,0,6321,3553,2768,0,0,0,1.0,1,1.0,1,1.0,1,0.12363323136328624,38
4555,0,6321,3553,2768,0,0,0,1.0,1,1.0,1,1.0,1,0.13184681450863325,37
4556,3,6324,3556,2768,0,0,0,1.0,1,1.0,1,1.0,1,0.16315175593160608,36
4557,0,6324,3556,2768,0,0,0,1.0,1,1.0,1,1.0,1,0.14189561553575028,38
4558,2,6326,3557,2769,0,0,0,1.0,1,1.0,1,1.0,1,0.14326092340329788,39
4559,3,6329,3559,2770,0,0,0,1.0,1,1.0,1,1.0,1,0.18819352688266278,38
4560,2,6331,3560,2771,0,0,0,1.0,1,1.0,1,1.0,1,0.1923642370071377,41
4561,0,6331,3560,2771,0,0,0,1.0,1,1.0,1,1.0,1,0.1923642370071377,41
4562,4,6335,3561,2774,0,0,0,1.0,1,1.0,1,1.0,1,0.16569937063581047,43
4563,0,6335,3561,2774,0,0,0,1.0,1,1.0,1,1.0,1,0.15068832352926034,42
4564,1,6336,3561,2775,0,0,0,1.0,1,1.0,1,1.0,1,0.14512373743132373,43
4565,1,6337,3561,2776,0,0,0,1.0,1,1.0,1,1.0,1,0.15070396987282017,44
4566,1,6338,3562,2776,0,0,0,1.0,1,1.0,1,1.0,1,0.11247507426594934,45
4567,3,6341,3565,2776,0,0,0,1.0,1,1.0,1,1.0,1,0.14646239696124705,47
4568,4,6345,3566,2779,0,0,0,1.0,1,1.0,1,1.0,1,0.07268002555025292,47
4569,1,6346,3567,2779,0,0,0,1.0,1,1.0,1,1.0,1,0.06811725223703737,49
4570,2,6348,3568,2780,0,0,0,1.0,1,1.0,1,1.0,1,0.08645202931245377,49
4571,1,6349,3569,2780,0,0,0,1.0,1,1.0,1,1.0,1,0.09624403435076861,48
4572,1,6350,3570,2780,0,0,0,1.0,1,1.0,1,1.0,1,0.10916265959656912,48
4573,2,6352,3572,2780,0,0,0,1.0,1,1.0,1,1.0,1,0.1371937210577174,48
4574,2,6354,3574,2780,0,0,0,1.0,1,1.0,1,1.0,1,0.16674097253534362,50
4575,1,6355,3574,2781,0,0,0,1.0,1,1.0,1,1.0,1,0.1323224649532761,51
4576,0,6355,3574,2781,0,0,0,1.0,1,1.0,1,1.0,1,0.12982482623603994,48
4577,0,6355,3574,2781,0,0,0,1.0,1,1.0,1,1.0,1,0.12371807106970151,47
4578,1,6356,3575,2781,0,0,0,1.0,1,1.0,1,1.0,1,0.11814276278623669,46
4579,0,6356,3575,2781,0,0,0,1.0,1,1.0,1,1.0,1,0.11647830744820334,46
4580,0,6356,3575,2781,0,0,0,1.0,1,1.0,1,1.0,1,0.10154637943795468,47
4581,1,6357,3576,2781,0,0,0,1.0,1,1.0,1,1.0,1,0.1267641456922337,47
4582,0,6357,3576,2781,0,0,0,1.0,1,1.0,1,1.0,1,0.13358871070745057,48
4583,0,6357,3576,2781,0,0,0,1.0,1,1.0,1,1.0,1,0.13358871070745057,48
4584,1,6358,3576,2782,0,0,0,1.0,1,1.0,1,1.0,1,0.12137155625697375,50
4585,1,6359,3577,2782,0,0,0,1.0,1,1.0,1,1.0,1,0.15002420158614782,50
4586,0,6359,3577,2782,0,0,0,1.0,1,1.0,1,1.0,1,0.15002420158614782,50
4587,0,6359,3577,2782,0,0,0,1.0,1,1.0,1,1.0,1,0.15002420158614782,50
4588,0,6359,3577,2782,0,0,0,1.0,1,1.0,1,1.0,1,0.15002420158614782,50
4589,0,6359,3577,2782,0,0,0,1.0,1,1.0,1,1.0,1,0.15579376858259833,52
4590,0,6359,3577,2782,0,0,0,1.0,1,1.0,1,1.0,1,0.15579376858259833,52
4591,1,6360,3577,2783,0,0,0,1.0,1,1.0,1,1.0,1,0.15575177403489623,53
4592,0,6360,3577,2783,0,0,0,1.0,1,1.0,1,1.0,1,0.15784739529999925,54
4593,3,6363,3579,2784,0,0,0,1.0,1,1.0,1,1.0,1,0.19097045778066354,56
4594,2,6365,3579,2786,0,0,0,1.0,1,1.0,1,1.0,1,0.18815823616280264,57
4595,0,6365,3579,2786,0,0,0,1.0,1,1.0,1,1.0,1,0.17794553034677776,56
4596,0,6365,3579,2786,0,0,0,1.0,1,1.0,1,1.0,1,0.17794553034677776,56
4597,2,6367,3581,2786,0,0,0,1.0,1,1.0,1,1.0,1,0.1649367337581281,56
4598,2,6369,3583,2786,0,0,0,1.0,1,1.0,1,1.0,1,0.1952262299914585,57
4599,0,6369,3583,2786,0,0,0,1.0,1,1.0,1,1.0,1,0.16811185232132891,59
4600,0,6369,3583,2786,0,0,0,1.0,1,1.0,1,1.0,1,0.16948822635484476,60
4601,1,6370,3584,2786,0,0,0,1.0,1,1.0,1,1.0,1,0.17850034801312706,60
4602,0,6370,3584,2786,0,0,0,1.0,1,1.0,1,1.0,1,0.16457443544557085,62
4603,0,6370,3584,2786,0,0,0,1.0,1,1.0,1,1.0,1,0.16457443544557085,62
4604,1,6371,3585,2786,0,0,0,1.0,1,1.0,1,1.0,1,0.16583889775390243,63
4605,0,6371,3585,2786,0,0,0,1.0,1,1.0,1,1.0,1,0.16583889775390243,63
4606,1,6372,3585,2787,0,0,0,1.0,1,1.0,1,1.0,1,0.1629660595981162,64
4607,2,6374,3587,2787,0,0,0,1.0,1,1.0,1,1.0,1,0.16743256335183077,65
4608,2,6376,3588,2788,0,0,0,1.0,1,1.0,1,1.0,1,0.1802212908712623,66
4609,1,6377,3589,2788,0,0,0,1.0,1,1.0,1,1.0,1,0.19248932538274388,65
4610,1,6378,3589,2789,0,0,0,1.0,1,1.0,1,1.0,1,0.16932692732785343,63
4611,5,6383,3593,2790,0,0,0,1.0,1,1.0,1,1.0,1,0.19168472655425955,64
4612,2,6385,3594,2791,0,0,0,1.0,1,1.0,1,1.0,1,0.1757264443413015,62
4613,2,6387,3596,2791,0,0,0,1.0,1,1.0,1,1.0,1,0.18142544597404578,63
4614,3,6390,3596,2794,0,0,0,1.0,1,1.0,1,1.0,1,0.12917683738546434,61
4615,0,6390,3596,2794,0,0,0,1.0,1,1.0,1,1.0,1,0.13752081531683624,59
4616,1,6391,3596,2795,0,0,0,1.0,1,1.0,1,1.0,1,0.1231879400709982,58
4617,1,6392,3597,2795,0,0,0,1.0,1,1.0,1,1.0,1,0.14993665965223288,58
4618,2,6394,3598,2796,0,0,0,1.0,1,1.0,1,1.0,1,0.18456163020494687,57
4619,4,6398,3600,2798,0,0,0,1.0,1,1.0,1,1.0,1,0.20365191307284655,57
4620,0,6398,3600,2798,0,0,0,1.0,1,1.0,1,1.0,1,0.20365191307284655,57
4621,6,6404,3601,2803,0,0,0,1.0,1,1.0,1,1.0,1,0.1710224783116163,59
4622,1,6405,3601,2804,0,0,0,1.0,1,1.0,1,1.0,1,0.16433679632993112,60
4623,1,6406,3601,2805,0,0,0,1.0,1,1.0,1,1.0,1,0.16638965777280565,59
4624,2,6408,3603,2805,0,0,0,1.0,1,1.0,1,1.0,1,0.1944269623098542,59
4625,1,6409,3604,2805,0,0,0,1.0,1,1.0,1,1.0,1,0.19516633500189445,57
4626,2,6411,3606,2805,0,0,0,1.0,1,1.0,1,1.0,1,0.21554602250031776,56
4627,0,6411,3606,2805,0,0,0,1.0,1,1.0,1,1.0,1,0.21818870894753714,56
4628,0,6411,3606,2805,0,0,0,1.0,1,1.0,1,1.0,1,0.22710942085205993,56
4629,1,6412,3607,2805,0,0,0,1.0,1,1.0,1,1.0,1,0.27298204517415936,56
4630,0,6412,3607,2805,0,0,0,1.0,1,1.0,1,1.0,1,0.2567975430932226,57
4631,3,6415,3607,2808,0,0,0,1.0,1,1.0,1,1.0,1,0.25580915146244715,56
4632,1,6416,3608,2808,0,0,0,1.0,1,1.0,1,1.0,1,0.2932001369899549,57
4633,1,6417,3608,2809,0,0,0,1.0,1,1.0,1,1.0,1,0.2755398584086206,58
4634,0,6417,3608,2809,0,0,0,1.0,1,1.0,1,1.0,1,0.2755398584086206,58
4635,1,6418,3608,2810,0,0,0,1.0,1,1.0,1,1.0,1,0.2550828182488488,59
4636,0,6418,3608,2810,0,0,0,1.0,1,1.0,1,1.0,1,0.23637143729974439,60
4637,2,6420,3609,2811,0,0,0,1.0,1,1.0,1,1.0,1,0.21825004765871875,60
4638,2,6422,3609,2813,0,0,0,1.0,1,1.0,1,1.0,1,0.21503403670925772,61
4639,2,6424,3610,2814,0,0,0,1.0,1,1.0,1,1.0,1,0.20943548285377497,62
4640,0,6424,3610,2814,0,0,0,1.0,1,1.0,1,1.0,1,0.22047820286435424,63
4641,5,6429,3612,2817,0,0,0,1.0,1,1.0,1,1.0,1,0.18136064068978108,63
4642,0,6429,3612,2817,0,0,0,1.0,1,1.0,1,1.0,1,0.19521998342232097,62
4643,4,6433,3613,2820,0,0,0,1.0,1,1.0,1,1.0,1,0.17880239714322055,63
4644,1,6434,3613,2821,0,0,0,1.0,1,1.0,1,1.0,1,0.18643440555802324,62
4645,1,6435,3614,2821,0,0,0,1.0,1,1.0,1,1.0,1,0.20210478515552463,63
4646,3,6438,3616,2822,0,0,0,1.0,1,1.0,1,1.0,1,0.22897032898963568,63
4647,2,6440,3617,2823,0,0,0,1.0,1,1.0,1,1.0,1,0.23563863202384047,62
4648,3,6443,3618,2825,0,0,0,1.0,1,1.0,1,1.0,1,0.2518045163328384,63
4649,1,6444,3619,2825,0,0,0,1.0,1,1.0,1,1.0,1,0.2259042222967445,61
4650,1,6445,3620,2825,0,0,0,1.0,1,1.0,1,1.0,1,0.19247951391202792,63
4651,4,6449,3621,2828,0,0,0,1.0,1,1.0,1,1.0,1,0.15344485905707547,62
4652,0,6449,3621,2828,0,0,0,1.0,1,1.0,1,1.0,1,0.1375156159978659,59
4653,0,6449,3621,2828,0,0,0,1.0,1,1.0,1,1.0,1,0.1394797697795149,60
4654,0,6449,3621,2828,0,0,0,1.0,1,1.0,1,1.0,1,0.1438720729853216,60
4655,1,6450,3622,2828,0,0,0,1.0,1,1.0,1,1.0,1,0.1691247860984719,60
4656,2,6452,3624,2828,0,0,0,1.0,1,1.0,1,1.0,1,0.22370021343324092,61
4657,4,6456,3624,2832,0,0,0,1.0,1,1.0,1,1.0,1,0.18700237443325793,62
4658,4,6460,3627,2833,0,0,0,1.0,1,1.0,1,1.0,1,0.19338133410737102,62
4659,0,6460,3627,2833,0,0,0,1.0,1,1.0,1,1.0,1,0.1841487204351702,61
4660,2,6462,3629,2833,0,0,0,1.0,1,1.0,1,1.0,1,0.24172128017889216,61
4661,1,6463,3629,2834,0,0,0,1.0,1,1.0,1,1.0,1,0.22904784099728095,61
4662,0,6463,3629,2834,0,0,0,1.0,1,1.0,1,1.0,1,0.21745344901925462,62
4663,1,6464,3629,2835,0,0,0,1.0,1,1.0,1,1.0,1,0.2147713815370413,61
4664,3,6467,3630,2837,0,0,0,1.0,1,1.0,1,1.0,1,0.1994473297322927,62
4665,0,6467,3630,2837,0,0,0,1.0,1,1.0,1,1.0,1,0.20941145963046298,61
4666,1,6468,3631,2837,0,0,0,1.0,1,1.0,1,1.0,1,0.22293021635273705,61
4667,1,6469,3631,2838,0,0,0,1.0,1,1.0,1,1.0,1,0.22991726630419293,59
4668,2,6471,3633,2838,0,0,0,1.0,1,1.0,1,1.0,1,0.24162568154668787,59
4669,1,6472,3633,2839,0,0,0,1.0,1,1.0,1,1.0,1,0.25055157345496365,58
4670,1,6473,3634,2839,0,0,0,1.0,1,1.0,1,1.0,1,0.2737662343019793,57
4671,5,6478,3635,2843,0,0,0,1.0,1,1.0,1,1.0,1,0.2331784489171597,55
4672,4,6482,3637,2845,0,0,0,1.0,1,1.0,1,1.0,1,0.22902810641323693,56
4673,3,6485,3638,2847,0,0,0,1.0,1,1.0,1,1.0,1,0.18691265480711566,58
4674,2,6487,3639,2848,0,0,0,1.0,1,1.0,1,1.0,1,0.2018780554889284,58
4675,1,6488,3639,2849,0,0,0,1.0,1,1.0,1,1.0,1,0.22166253374432504,57
4676,0,6488,3639,2849,0,0,0,1.0,1,1.0,1,1.0,1,0.22995294843971495,58
4677,0,6488,3639,2849,0,0,0,1.0,1,1.0,1,1.0,1,0.24157340870378333,57
4678,1,6489,3640,2849,0,0,0,1.0,1,1.0,1,1.0,1,0.23247280631252296,57
4679,1,6490,3640,2850,0,0,0,1.0,1,1.0,1,1.0,1,0.24352589932763832,57
4680,1,6491,3640,2851,0,0,0,1.0,1,1.0,1,1.0,1,0.23662127618652234,59
4681,4,6495,3640,2855,0,0,0,1.0,1,1.0,1,1.0,1,0.20835268979592977,60
4682,1,6496,3640,2856,0,0,0,1.0,1,1.0,1,1.0,1,0.20209438496638019,60
4683,5,6501,3642,2859,0,0,0,1.0,1,1.0,1,1.0,1,0.1562285483756628,60
4684,1,6502,3643,2859,0,0,0,1.0,1,1.0,1,1.0,1,0.17577031739434654,60
4685,2,6504,3644,2860,0,0,0,1.0,1,1.0,1,1.0,1,0.17817792910745014,59
4686,2,6506,3646,2860,0,0,0,1.0,1,1.0,1,1.0,1,0.18780160655049696,60
4687,2,6508,3647,2861,0,0,0,1.0,1,1.0,1,1.0,1,0.19173219129459063,59
4688,1,6509,3648,2861,0,0,0,1.0,1,1.0,1,1.0,1,0.2153926730384607,59
4689,2,6511,3649,2862,0,0,0,1.0,1,1.0,1,1.0,1,0.23558397687793556,59
4690,3,6514,3650,2864,0,0,0,1.0,1,1.0,1,1.0,1,0.20049855919546292,58
4691,1,6515,3650,2865,0,0,0,1.0,1,1.0,1,1.0,1,0.18160049170124562,57
4692,0,6515,3650,2865,0,0,0,1.0,1,1.0,1,1.0,1,0.16581822521902365,58
4693,1,6516,3650,2866,0,0,0,1.0,1,1.0,1,1.0,1,0.15658030601199782,57
4694,1,6517,3650,2867,0,0,0,1.0,1,1.0,1,1.0,1,0.13719628456638983,57
4695,1,6518,3650,2868,0,0,0,1.0,1,1.0,1,1.0,1,0.14698807003789313,56
4696,2,6520,3652,2868,0,0,0,1.0,1,1.0,1,1.0,1,0.1723516470131943,57
4697,1,6521,3652,2869,0,0,0,1.0,1,1.0,1,1.0,1,0.14798108803228738,58
4698,2,6523,3652,2871,0,0,0,1.0,1,1.0,1,1.0,1,0.10365430689392321,59
4699,0,6523,3652,2871,0,0,0,1.0,1,1.0,1,1.0,1,0.117190795611194,58
4700,0,6523,3652,2871,0,0,0,1.0,1,1.0,1,1.0,1,0.0979492347027419,59
4701,1,6524,3652,2872,0,0,0,1.0,1,1.0,1,1.0,1,0.09092443588379061,60
4702,0,6524,3652,2872,0,0,0,1.0,1,1.0,1,1.0,1,0.09932694455703842,61
4703,1,6525,3653,2872,0,0,0,1.0,1,1.0,1,1.0,1,0.12880432576560177,59
4704,1,6526,3653,2873,0,0,0,1.0,1,1.0,1,1.0,1,0.10505739144158822,58
4705,3,6529,3656,2873,0,0,0,1.0,1,1.0,1,1.0,1,0.14514287496118922,58
4706,3,6532,3658,2874,0,0,0,1.0,1,1.0,1,1.0,1,0.15697297438085872,60
4707,0,6532,3658,2874,0,0,0,1.0,1,1.0,1,1.0,1,0.17267041043238027,57
4708,4,6536,3660,2876,0,0,0,1.0,1,1.0,1,1.0,1,0.21087440625037582,57
4709,3,6539,3662,2877,0,0,0,1.0,1,1.0,1,1.0,1,0.24140896632479106,55
4710,1,6540,3663,2877,0,0,0,1.0,1,1.0,1,1.0,1,0.2558381811520421,53
4711,2,6542,3663,2879,0,0,0,1.0,1,1.0,1,1.0,1,0.21802567777649245,52
4712,0,6542,3663,2879,0,0,0,1.0,1,1.0,1,1.0,1,0.2177292532504036,52
4713,2,6544,3664,2880,0,0,0,1.0,1,1.0,1,1.0,1,0.22848096564437448,51
4714,0,6544,3664,2880,0,0,0,1.0,1,1.0,1,1.0,1,0.22800405381719024,50
4715,2,6546,3664,2882,0,0,0,1.0,1,1.0,1,1.0,1,0.18956905319042142,50
4716,1,6547,3665,2882,0,0,0,1.0,1,1.0,1,1.0,1,0.22456099515161534,49
4717,2,6549,3666,2883,0,0,0,1.0,1,1.0,1,1.0,1,0.24887679368934906,49
4718,0,6549,3666,2883,0,0,0,1.0,1,1.0,1,1.0,1,0.24797910595830966,50
4719,1,6550,3666,2884,0,0,0,1.0,1,1.0,1,1.0,1,0.22314094426341577,49
4720,1,6551,3666,2885,0,0,0,1.0,1,1.0,1,1.0,1,0.19112095665207637,49
4721,5,6556,3667,2889,0,0,0,1.0,1,1.0,1,1.0,1,0.12386960814089679,50
4722,1,6557,3667,2890,0,0,0,1.0,1,1.0,1,1.0,1,0.12849202150772024,51
4723,0,6557,3667,2890,0,0,0,1.0,1,1.0,1,1.0,1,0.09659671271704653,50
4724,2,6559,3669,2890,0,0,0,1.0,1,1.0,1,1.0,1,0.1342658575671943,50
4725,1,6560,3669,2891,0,0,0,1.0,1,1.0,1,1.0,1,0.13007349012066252,52
4726,2,6562,3670,2892,0,0,0,1.0,1,1.0,1,1.0,1,0.15348035711092925,51
4727,3,6565,3671,2894,0,0,0,1.0,1,1.0,1,1.0,1,0.16524689708787765,52
4728,2,6567,3672,2895,0,0,0,1.0,1,1.0,1,1.0,1,0.1899720125221186,52
4729,2,6569,3672,2897,0,0,0,1.0,1,1.0,1,1.0,1,0.1899720125221186,52
4730,1,6570,3672,2898,0,0,0,1.0,1,1.0,1,1.0,1,0.17995436477771534,50
4731,3,6573,3675,2898,0,0,0,1.0,1,1.0,1,1.0,1,0.2092857767356221,51
4732,1,6574,3675,2899,0,0,0,1.0,1,1.0,1,1.0,1,0.19765530167931544,52
4733,8,6582,3678,2904,0,0,0,1.0,1,1.0,1,1.0,1,0.27019668409441205,53
4734,4,6586,3678,2908,0,0,0,1.0,1,1.0,1,1.0,1,0.27019668409441205,53
4735,3,6589,3679,2910,0,0,0,1.0,1,1.0,1,1.0,1,0.2602043412969442,53
4736,3,6592,3680,2912,0,0,0,1.0,1,1.0,1,1.0,1,0.2964872497326888,55
4737,5,6597,3680,2917,0,0,0,1.0,1,1.0,1,1.0,1,0.2923105005159294,57
4738,6,6603,3680,2923,0,0,0,1.0,1,1.0,1,1.0,1,0.2922411192869596,57
4739,6,6609,3680,2929,0,0,0,1.0,1,1.0,1,1.0,1,0.2756771293131888,57
4740,4,6613,3680,2933,0,0,0,1.0,1,1.0,1,1.0,1,0.25404050759969427,57
4741,1,6614,3680,2934,0,0,0,1.0,1,1.0,1,1.0,1,0.24424342722180095,58
4742,1,6615,3681,2934,0,0,0,1.0,1,1.0,1,1.0,1,0.2527786448982337,58
4743,2,6617,3682,2935,0,0,0,1.0,1,1.0,1,1.0,1,0.2150752160378854,56
4744,0,6617,3682,2935,0,0,0,1.0,1,1.0,1,1.0,1,0.20482533529007352,57
4745,3,6620,3684,2936,0,0,0,1.0,1,1.0,1,1.0,1,0.1990591022515118,56
4746,1,6621,3685,2936,0,0,0,1.0,1,1.0,1,1.0,1,0.20938233915187637,56
4747,1,6622,3686,2936,0,0,0,1.0,1,1.0,1,1.0,1,0.1896935804263167,55
4748,1,6623,3687,2936,0,0,0,1.0,1,1.0,1,1.0,1,0.19845423348776287,55
4749,1,6624,3687,2937,0,0,0,1.0,1,1.0,1,1.0,1,0.17716129025110303,54
4750,1,6625,3688,2937,0,0,0,1.0,1,1.0,1,1.0,1,0.16335982292536863,53
4751,0,6625,3688,2937,0,0,0,1.0,1,1.0,1,1.0,1,0.19389215056798406,53
4752,1,6626,3689,2937,0,0,0,1.0,1,1.0,1,1.0,1,0.18240732352736883,53
4753,0,6626,3689,2937,0,0,0,1.0,1,1.0,1,1.0,1,0.20517829141041408,52
4754,2,6628,3689,2939,0,0,0,1.0,1,1.0,1,1.0,1,0.15477187391337802,52
4755,2,6630,3689,2941,0,0,0,1.0,1,1.0,1,1.0,1,0.11085036594628142,51
4756,2,6632,3689,2943,0,0,0,1.0,1,1.0,1,1.0,1,0.09987784081129995,52
4757,1,6633,3689,2944,0,0,0,1.0,1,1.0,1,1.0,1,0.08335696576620115,51
4758,1,6634,3689,2945,0,0,0,1.0,1,1.0,1,1.0,1,0.07367026989562625,51
4759,0,6634,3689,2945,0,0,0,1.0,1,1.0,1,1.0,1,0.07367026989562625,51
4760,1,6635,3690,2945,0,0,0,1.0,1,1.0,1,1.0,1,0.05763314691550077,52
4761,2,6637,3692,2945,0,0,0,1.0,1,1.0,1,1.0,1,0.060211503853394334,50
4762,7,6644,3697,2947,0,0,0,1.0,1,1.0,1,1.0,1,0.12314243262322627,51
4763,0,6644,3697,2947,0,0,0,1.0,1,1.0,1,1.0,1,0.12314243262322627,51
4764,5,6649,3701,2948,0,0,0,1.0,1,1.0,1,1.0,1,0.16118513690437883,53
4765,1,6650,3701,2949,0,0,0,1.0,1,1.0,1,1.0,1,0.14761285664721643,53
4766,2,6652,3702,2950,0,0,0,1.0,1,1.0,1,1.0,1,0.1864434677949511,55
4767,2,6654,3702,2952,0,0,0,1.0,1,1.0,1,1.0,1,0.1091124313817276,56
4768,0,6654,3702,2952,0,0,0,1.0,1,1.0,1,1.0,1,0.08808105189586564,56
4769,2,6656,3703,2953,0,0,0,1.0,1,1.0,1,1.0,1,0.09844771441334914,56
4770,0,6656,3703,2953,0,0,0,1.0,1,1.0,1,1.0,1,0.09844771441334914,56
4771,3,6659,3703,2956,0,0,0,1.0,1,1.0,1,1.0,1,0.06747826427929177,55
4772,2,6661,3705,2956,0,0,0,1.0,1,1.0,1,1.0,1,0.0776796899911178,56
4773,0,6661,3705,2956,0,0,0,1.0,1,1.0,1,1.0,1,0.0776796899911178,56
4774,0,6661,3705,2956,0,0,0,1.0,1,1.0,1,1.0,1,0.05672870472471292,58
4775,1,6662,3705,2957,0,0,0,1.0,1,1.0,1,1.0,1,0.05354370794193133,59
4776,0,6662,3705,2957,0,0,0,1.0,1,1.0,1,1.0,1,0.05354370794193133,59
4777,0,6662,3705,2957,0,0,0,1.0,1,1.0,1,1.0,1,0.04256585997480504,60
4778,0,6662,3705,2957,0,0,0,1.0,1,1.0,1,1.0,1,0.04256585997480504,60
4779,0,6662,3705,2957,0,0,0,1.0,1,1.0,1,1.0,1,0.044960808910577674,61
4780,2,6664,3706,2958,0,0,0,1.0,1,1.0,1,1.0,1,0.04069379181964982,63
4781,2,6666,3707,2959,0,0,0,1.0,1,1.0,1,1.0,1,0.045595153751900874,62
4782,1,6667,3707,2960,0,0,0,1.0,1,1.0,1,1.0,1,0.03721239331913728,63
4783,2,6669,3709,2960,0,0,0,1.0,1,1.0,1,1.0,1,0.01864099817523539,62
4784,0,6669,3709,2960,0,0,0,1.0,1,1.0,1,1.0,1,0.03144342413505648,62
4785,2,6671,3711,2960,0,0,0,1.0,1,1.0,1,1.0,1,0.03452982344388641,62
4786,4,6675,3715,2960,0,0,0,1.0,1,1.0,1,1.0,1,0.07981881549362743,63
4787,2,6677,3717,2960,0,0,0,1.0,1,1.0,1,1.0,1,0.09082573258133919,62
4788,4,6681,3720,2961,0,0,0,1.0,1,1.0,1,1.0,1,0.14408680431771173,62
4789,6,6687,3724,2963,0,0,0,1.0,1,1.0,1,1.0,1,0.13408219495416437,60
4790,6,6693,3729,2964,0,0,0,1.0,1,1.0,1,1.0,1,0.1293915348418576,61
4791,5,6698,3730,2968,0,0,0,1.0,1,1.0,1,1.0,1,0.08326517394731382,60
4792,2,6700,3732,2968,0,0,0,1.0,1,1.0,1,1.0,1,0.09337148530999187,60
4793,3,6703,3733,2970,0,0,0,1.0,1,1.0,1,1.0,1,0.05612498686570059,61
4794,2,6705,3734,2971,0,0,0,1.0,1,1.0,1,1.0,1,0.06962929310127597,59
4795,1,6706,3735,2971,0,0,0,1.0,1,1.0,1,1.0,1,0.060539762170899965,61
4796,0,6706,3735,2971,0,0,0,1.0,1,1.0,1,1.0,1,0.09357493490434671,59
4797,2,6708,3737,2971,0,0,0,1.0,1,1.0,1,1.0,1,0.13362601223657347,58
4798,0,6708,3737,2971,0,0,0,1.0,1,1.0,1,1.0,1,0.12915370705051835,59
4799,0,6708,3737,2971,0,0,0,1.0,1,1.0,1,1.0,1,0.14128611652686207,57
4800,2,6710,3738,2972,0,0,0,1.0,1,1.0,1,1.0,1,0.1487040884930551,58
4801,6,6716,3740,2976,0,0,0,1.0,1,1.0,1,1.0,1,0.09655838725127439,57
4802,1,6717,3740,2977,0,0,0,1.0,1,1.0,1,1.0,1,0.08190283174316268,57
4803,0,6717,3740,2977,0,0,0,1.0,1,1.0,1,1.0,1,0.07944538770822038,56
4804,0,6717,3740,2977,0,0,0,1.0,1,1.0,1,1.0,1,0.08475132275190446,54
4805,1,6718,3741,2977,0,0,0,1.0,1,1.0,1,1.0,1,0.07906116657928108,56
4806,0,6718,3741,2977,0,0,0,1.0,1,1.0,1,1.0,1,0.07658460606432545,55
4807,1,6719,3742,2977,0,0,0,1.0,1,1.0,1,1.0,1,0.06449550845978252,54
4808,0,6719,3742,2977,0,0,0,1.0,1,1.0,1,1.0,1,0.09470570663207192,53
4809,0,6719,3742,2977,0,0,0,1.0,1,1.0,1,1.0,1,0.09470570663207192,53
4810,2,6721,3744,2977,0,0,0,1.0,1,1.0,1,1.0,1,0.06599123230714324,51
4811,4,6725,3746,2979,0,0,0,1.0,1,1.0,1,1.0,1,0.04487150705794486,52
4812,1,6726,3747,2979,0,0,0,1.0,1,1.0,1,1.0,1,0.06057451358035244,52
4813,0,6726,3747,2979,0,0,0,1.0,1,1.0,1,1.0,1,0.06057451358035244,52
4814,2,6728,3749,2979,0,0,0,1.0,1,1.0,1,1.0,1,0.11762639164717312,53
4815,6,6734,3754,2980,0,0,0,1.0,1,1.0,1,1.0,1,0.1381658278142714,54
4816,1,6735,3755,2980,0,0,0,1.0,1,1.0,1,1.0,1,0.1479763660438548,54
4817,2,6737,3757,2980,0,0,0,1.0,1,1.0,1,1.0,1,0.2084052955935522,55
4818,5,6742,3760,2982,0,0,0,1.0,1,1.0,1,1.0,1,0.20269729902895078,55
4819,2,6744,3761,2983,0,0,0,1.0,1,1.0,1,1.0,1,0.1920745138156435,55
4820,3,6747,3761,2986,0,0,0,1.0,1,1.0,1,1.0,1,0.1558251728930584,55
4821,7,6754,3762,2992,0,0,0,1.0,1,1.0,1,1.0,1,0.05305981602948599,55
4822,0,6754,3762,2992,0,0,0,1.0,1,1.0,1,1.0,1,0.04333078420062812,54
4823,0,6754,3762,2992,0,0,0,1.0,1,1.0,1,1.0,1,0.034836832828925274,54
4824,1,6755,3763,2992,0,0,0,1.0,1,1.0,1,1.0,1,0.03324874110589475,55
4825,1,6756,3764,2992,0,0,0,1.0,1,1.0,1,1.0,1,0.0760849387259855,53
4826,0,6756,3764,2992,0,0,0,1.0,1,1.0,1,1.0,1,0.07213159334233245,54
4827,3,6759,3767,2992,0,0,0,1.0,1,1.0,1,1.0,1,0.13271809168116255,53
4828,1,6760,3767,2993,0,0,0,1.0,1,1.0,1,1.0,1,0.10319218358472562,54
4829,0,6760,3767,2993,0,0,0,1.0,1,1.0,1,1.0,1,0.09705483037115539,54
4830,1,6761,3768,2993,0,0,0,1.0,1,1.0,1,1.0,1,0.07600912353475568,53
4831,2,6763,3769,2994,0,0,0,1.0,1,1.0,1,1.0,1,0.07033498297476122,52
4832,0,6763,3769,2994,0,0,0,1.0,1,1.0,1,1.0,1,0.07788251042529865,50
4833,1,6764,3769,2995,0,0,0,1.0,1,1.0,1,1.0,1,0.07957289490916974,51
4834,0,6764,3769,2995,0,0,0,1.0,1,1.0,1,1.0,1,0.08800711922393722,51
4835,0,6764,3769,2995,0,0,0,1.0,1,1.0,1,1.0,1,0.12855837569140996,50
4836,0,6764,3769,2995,0,0,0,1.0,1,1.0,1,1.0,1,0.10308192855017184,50
4837,1,6765,3770,2995,0,0,0,1.0,1,1.0,1,1.0,1,0.13151455449950905,46
4838,4,6769,3773,2996,0,0,0,1.0,1,1.0,1,1.0,1,0.14678248457156462,47
4839,2,6771,3775,2996,0,0,0,1.0,1,1.0,1,1.0,1,0.17376157934476033,45
4840,0,6771,3775,2996,0,0,0,1.0,1,1.0,1,1.0,1,0.17376157934476033,45
4841,7,6778,3776,3002,0,0,0,1.0,1,1.0,1,1.0,1,0.1300614419418263,43
4842,0,6778,3776,3002,0,0,0,1.0,1,1.0,1,1.0,1,0.10849167151619056,43
4843,0,6778,3776,3002,0,0,0,1.0,1,1.0,1,1.0,1,0.10243584693172257,44
4844,0,6778,3776,3002,0,0,0,1.0,1,1.0,1,1.0,1,0.11094409257184384,43
4845,2,6780,3778,3002,0,0,0,1.0,1,1.0,1,1.0,1,0.08370297112639681,44
4846,2,6782,3779,3003,0,0,0,1.0,1,1.0,1,1.0,1,0.0445523005205321,43
4847,2,6784,3781,3003,0,0,0,1.0,1,1.0,1,1.0,1,0.08472481703344482,42
4848,2,6786,3782,3004,0,0,0,1.0,1,1.0,1,1.0,1,0.09851497061735418,41
4849,2,6788,3784,3004,0,0,0,1.0,1,1.0,1,1.0,1,0.10616356637531586,41
4850,1,6789,3784,3005,0,0,0,1.0,1,1.0,1,1.0,1,0.13287174710609417,41
4851,2,6791,3784,3007,0,0,0,1.0,1,1.0,1,1.0,1,0.08353667691381791,41
4852,1,6792,3785,3007,0,0,0,1.0,1,1.0,1,1.0,1,0.127519221090214,43
4853,0,6792,3785,3007,0,0,0,1.0,1,1.0,1,1.0,1,0.14462213605672414,44
4854,0,6792,3785,3007,0,0,0,1.0,1,1.0,1,1.0,1,0.14700376430935524,45
4855,0,6792,3785,3007,0,0,0,1.0,1,1.0,1,1.0,1,0.15614930060288781,44
4856,0,6792,3785,3007,0,0,0,1.0,1,1.0,1,1.0,1,0.15614930060288781,44
4857,0,6792,3785,3007,0,0,0,1.0,1,1.0,1,1.0,1,0.16964715850962384,44
4858,0,6792,3785,3007,0,0,0,1.0,1,1.0,1,1.0,1,0.18438939529371562,45
4859,1,6793,3785,3008,0,0,0,1.0,1,1.0,1,1.0,1,0.17912893552488834,46
4860,0,6793,3785,3008,0,0,0,1.0,1,1.0,1,1.0,1,0.17912893552488834,46
4861,2,6795,3785,3010,0,0,0,1.0,1,1.0,1,1.0,1,0.11452338627409321,46
4862,2,6797,3785,3012,0,0,0,1.0,1,1.0,1,1.0,1,0.09233737944859603,47
4863,1,6798,3785,3013,0,0,0,1.0,1,1.0,1,1.0,1,0.06557071574006265,47
4864,1,6799,3785,3014,0,0,0,1.0,1,1.0,1,1.0,1,0.05490046316507773,47
4865,0,6799,3785,3014,0,0,0,1.0,1,1.0,1,1.0,1,0.06984325664128307,48
4866,1,6800,3785,3015,0,0,0,1.0,1,1.0,1,1.0,1,0.06642551603795126,49
4867,0,6800,3785,3015,0,0,0,1.0,1,1.0,1,1.0,1,0.07090952420176654,50
4868,0,6800,3785,3015,0,0,0,1.0,1,1.0,1,1.0,1,0.07090952420176654,50
4869,0,6800,3785,3015,0,0,0,1.0,1,1.0,1,1.0,1,0.07090952420176654,50
4870,3,6803,3787,3016,0,0,0,1.0,1,1.0,1,1.0,1,0.08449987356232078,52
4871,1,6804,3787,3017,0,0,0,1.0,1,1.0,1,1.0,1,0.07254892701113483,52
4872,0,6804,3787,3017,0,0,0,1.0,1,1.0,1,1.0,1,0.0540079782812739,53
4873,2,6806,3789,3017,0,0,0,1.0,1,1.0,1,1.0,1,0.09906568550853452,55
4874,2,6808,3790,3018,0,0,0,1.0,1,1.0,1,1.0,1,0.09118677617831861,56
4875,1,6809,3791,3018,0,0,0,1.0,1,1.0,1,1.0,1,0.10484194595931896,55
4876,2,6811,3792,3019,0,0,0,1.0,1,1.0,1,1.0,1,0.1115575400501532,55
4877,4,6815,3794,3021,0,0,0,1.0,1,1.0,1,1.0,1,0.13440234223655864,54
4878,2,6817,3796,3021,0,0,0,1.0,1,1.0,1,1.0,1,0.1580748792582532,53
4879,2,6819,3797,3022,0,0,0,1.0,1,1.0,1,1.0,1,0.163846874852541,54
4880,2,6821,3798,3023,0,0,0,1.0,1,1.0,1,1.0,1,0.16804917712514117,54
4881,4,6825,3799,3026,0,0,0,1.0,1,1.0,1,1.0,1,0.15627396631156742,53
4882,1,6826,3800,3026,0,0,0,1.0,1,1.0,1,1.0,1,0.16200715265397667,53
4883,0,6826,3800,3026,0,0,0,1.0,1,1.0,1,1.0,1,0.1623967641023596,53
4884,1,6827,3801,3026,0,0,0,1.0,1,1.0,1,1.0,1,0.14296402467061792,51
4885,0,6827,3801,3026,0,0,0,1.0,1,1.0,1,1.0,1,0.1341862247314446,50
4886,0,6827,3801,3026,0,0,0,1.0,1,1.0,1,1.0,1,0.1340039802520889,48
4887,0,6827,3801,3026,0,0,0,1.0,1,1.0,1,1.0,1,0.1340039802520889,48
4888,1,6828,3802,3026,0,0,0,1.0,1,1.0,1,1.0,1,0.15663628128530685,48
4889,0,6828,3802,3026,0,0,0,1.0,1,1.0,1,1.0,1,0.15663628128530685,48
4890,1,6829,3803,3026,0,0,0,1.0,1,1.0,1,1.0,1,0.13166678459062106,49
4891,2,6831,3804,3027,0,0,0,1.0,1,1.0,1,1.0,1,0.14846766803723319,50
4892,1,6832,3804,3028,0,0,0,1.0,1,1.0,1,1.0,1,0.13863291778457118,49
4893,1,6833,3804,3029,0,0,0,1.0,1,1.0,1,1.0,1,0.12947465820715623,50
4894,1,6834,3804,3030,0,0,0,1.0,1,1.0,1,1.0,1,0.10771998916527617,51
4895,0,6834,3804,3030,0,0,0,1.0,1,1.0,1,1.0,1,0.11766514369987234,52
4896,1,6835,3804,3031,0,0,0,1.0,1,1.0,1,1.0,1,0.10248106006451979,53
4897,0,6835,3804,3031,0,0,0,1.0,1,1.0,1,1.0,1,0.10248106006451979,53
4898,0,6835,3804,3031,0,0,0,1.0,1,1.0,1,1.0,1,0.10248106006451979,53
4899,2,6837,3806,3031,0,0,0,1.0,1,1.0,1,1.0,1,0.09012807730839825,55
4900,2,6839,3807,3032,0,0,0,1.0,1,1.0,1,1.0,1,0.10358311321493327,55
4901,1,6840,3808,3032,0,0,0,1.0,1,1.0,1,1.0,1,0.09943527763655974,56
4902,2,6842,3809,3033,0,0,0,1.0,1,1.0,1,1.0,1,0.13283154909618927,58
4903,1,6843,3810,3033,0,0,0,1.0,1,1.0,1,1.0,1,0.15136366901095893,58
4904,0,6843,3810,3033,0,0,0,1.0,1,1.0,1,1.0,1,0.14893092270682357,57
4905,2,6845,3811,3034,0,0,0,1.0,1,1.0,1,1.0,1,0.18514228789193155,54
4906,0,6845,3811,3034,0,0,0,1.0,1,1.0,1,1.0,1,0.19688563136677403,55
4907,0,6845,3811,3034,0,0,0,1.0,1,1.0,1,1.0,1,0.21541642676548592,52
4908,2,6847,3812,3035,0,0,0,1.0,1,1.0,1,1.0,1,0.22530524444139802,53
4909,1,6848,3812,3036,0,0,0,1.0,1,1.0,1,1.0,1,0.22499858770823145,52
4910,1,6849,3813,3036,0,0,0,1.0,1,1.0,1,1.0,1,0.24310289127709642,53
4911,4,6853,3814,3039,0,0,0,1.0,1,1.0,1,1.0,1,0.2041811621975717,55
4912,3,6856,3816,3040,0,0,0,1.0,1,1.0,1,1.0,1,0.2159940471946908,54
4913,0,6856,3816,3040,0,0,0,1.0,1,1.0,1,1.0,1,0.2043883762531561,53
4914,2,6858,3817,3041,0,0,0,1.0,1,1.0,1,1.0,1,0.17664884310125914,53
4915,0,6858,3817,3041,0,0,0,1.0,1,1.0,1,1.0,1,0.17759586513556624,54
4916,2,6860,3817,3043,0,0,0,1.0,1,1.0,1,1.0,1,0.15017345533945747,52
4917,1,6861,3818,3043,0,0,0,1.0,1,1.0,1,1.0,1,0.13582387705186605,52
4918,0,6861,3818,3043,0,0,0,1.0,1,1.0,1,1.0,1,0.13059894911255024,51
4919,1,6862,3819,3043,0,0,0,1.0,1,1.0,1,1.0,1,0.16213585937904698,50
4920,2,6864,3819,3045,0,0,0,1.0,1,1.0,1,1.0,1,0.1304660399832965,51
4921,2,6866,3819,3047,0,0,0,1.0,1,1.0,1,1.0,1,0.09755320746008551,51
4922,2,6868,3820,3048,0,0,0,1.0,1,1.0,1,1.0,1,0.14675618250115552,53
4923,0,6868,3820,3048,0,0,0,1.0,1,1.0,1,1.0,1,0.14675618250115552,53
4924,0,6868,3820,3048,0,0,0,1.0,1,1.0,1,1.0,1,0.14693172849576178,55
4925,1,6869,3821,3048,0,0,0,1.0,1,1.0,1,1.0,1,0.13057021009226616,56
4926,0,6869,3821,3048,0,0,0,1.0,1,1.0,1,1.0,1,0.11620922053209067,55
4927,2,6871,3823,3048,0,0,0,1.0,1,1.0,1,1.0,1,0.13164301131141895,55
4928,0,6871,3823,3048,0,0,0,1.0,1,1.0,1,1.0,1,0.13164301131141895,55
4929,1,6872,3823,3049,0,0,0,1.0,1,1.0,1,1.0,1,0.10775453993130799,56
4930,0,6872,3823,3049,0,0,0,1.0,1,1.0,1,1.0,1,0.12124947756011846,58
4931,1,6873,3823,3050,0,0,0,1.0,1,1.0,1,1.0,1,0.10552720648036908,59
4932,2,6875,3823,3052,0,0,0,1.0,1,1.0,1,1.0,1,0.10657783755936615,60
4933,1,6876,3824,3052,0,0,0,1.0,1,1.0,1,1.0,1,0.12680589814520857,60
4934,2,6878,3825,3053,0,0,0,1.0,1,1.0,1,1.0,1,0.1385143097937158,60
4935,0,6878,3825,3053,0,0,0,1.0,1,1.0,1,1.0,1,0.1385143097937158,60
4936,2,6880,3827,3053,0,0,0,1.0,1,1.0,1,1.0,1,0.155030175101623,61
4937,4,6884,3829,3055,0,0,0,1.0,1,1.0,1,1.0,1,0.1735824274724147,62
4938,2,6886,3829,3057,0,0,0,1.0,1,1.0,1,1.0,1,0.14224359878861909,62
4939,4,6890,3832,3058,0,0,0,1.0,1,1.0,1,1.0,1,0.13027534890360917,64
4940,0,6890,3832,3058,0,0,0,1.0,1,1.0,1,1.0,1,0.1388737615568005,67
4941,2,6892,3832,3060,0,0,0,1.0,1,1.0,1,1.0,1,0.13428320946643782,66
4942,2,6894,3832,3062,0,0,0,1.0,1,1.0,1,1.0,1,0.12488549667071612,67
4943,0,6894,3832,3062,0,0,0,1.0,1,1.0,1,1.0,1,0.1421908995191731,65
4944,1,6895,3832,3063,0,0,0,1.0,1,1.0,1,1.0,1,0.1358745354075951,65
4945,0,6895,3832,3063,0,0,0,1.0,1,1.0,1,1.0,1,0.1594876543636688,62
4946,0,6895,3832,3063,0,0,0,1.0,1,1.0,1,1.0,1,0.16642552835093352,61
4947,1,6896,3833,3063,0,0,0,1.0,1,1.0,1,1.0,1,0.1811734891428948,59
4948,1,6897,3834,3063,0,0,0,1.0,1,1.0,1,1.0,1,0.20632301301213984,59
4949,1,6898,3835,3063,0,0,0,1.0,1,1.0,1,1.0,1,0.20318183043276294,57
4950,6,6904,3840,3064,0,0,0,1.0,1,1.0,1,1.0,1,0.21273002908459862,58
4951,9,6913,3845,3068,0,0,0,1.0,1,1.0,1,1.0,1,0.18337374331792874,55
4952,2,6915,3846,3069,0,0,0,1.0,1,1.0,1,1.0,1,0.17439910824778218,53
4953,2,6917,3848,3069,0,0,0,1.0,1,1.0,1,1.0,1,0.2018787956157093,54
4954,0,6917,3848,3069,0,0,0,1.0,1,1.0,1,1.0,1,0.18187564488617514,52
4955,0,6917,3848,3069,0,0,0,1.0,1,1.0,1,1.0,1,0.1970393512886122,51
4956,0,6917,3848,3069,0,0,0,1.0,1,1.0,1,1.0,1,0.21577628213396735,47
4957,2,6919,3848,3071,0,0,0,1.0,1,1.0,1,1.0,1,0.1802843917161245,48
4958,1,6920,3848,3072,0,0,0,1.0,1,1.0,1,1.0,1,0.1515523603798514,47
4959,0,6920,3848,3072,0,0,0,1.0,1,1.0,1,1.0,1,0.1515523603798514,47
4960,0,6920,3848,3072,0,0,0,1.0,1,1.0,1,1.0,1,0.16474741462378023,48
4961,4,6924,3848,3076,0,0,0,1.0,1,1.0,1,1.0,1,0.10968551001400863,49
4962,2,6926,3850,3076,0,0,0,1.0,1,1.0,1,1.0,1,0.10530715427149047,49
4963,1,6927,3850,3077,0,0,0,1.0,1,1.0,1,1.0,1,0.11156193555000146,51
4964,1,6928,3851,3077,0,0,0,1.0,1,1.0,1,1.0,1,0.13390164624574466,51
4965,3,6931,3853,3078,0,0,0,1.0,1,1.0,1,1.0,1,0.15993260753601735,51
4966,0,6931,3853,3078,0,0,0,1.0,1,1.0,1,1.0,1,0.15993260753601735,51
4967,3,6934,3855,3079,0,0,0,1.0,1,1.0,1,1.0,1,0.19044643467377717,51
4968,3,6937,3856,3081,0,0,0,1.0,1,1.0,1,1.0,1,0.15191563358802554,52
4969,0,6937,3856,3081,0,0,0,1.0,1,1.0,1,1.0,1,0.16040744361429068,53
4970,3,6940,3858,3082,0,0,0,1.0,1,1.0,1,1.0,1,0.15219546119724092,54
4971,4,6944,3858,3086,0,0,0,1.0,1,1.0,1,1.0,1,0.1198716527151438,55
4972,4,6948,3860,3088,0,0,0,1.0,1,1.0,1,1.0,1,0.11370288873793018,56
4973,1,6949,3860,3089,0,0,0,1.0,1,1.0,1,1.0,1,0.08231291586407458,57
4974,0,6949,3860,3089,0,0,0,1.0,1,1.0,1,1.0,1,0.10811900536659297,56
4975,1,6950,3861,3089,0,0,0,1.0,1,1.0,1,1.0,1,0.13536893579653697,57
4976,1,6951,3862,3089,0,0,0,1.0,1,1.0,1,1.0,1,0.1271885241778943,57
4977,0,6951,3862,3089,0,0,0,1.0,1,1.0,1,1.0,1,0.1271885241778943,57
4978,2,6953,3864,3089,0,0,0,1.0,1,1.0,1,1.0,1,0.12514812190154864,58
4979,2,6955,3865,3090,0,0,0,1.0,1,1.0,1,1.0,1,0.12730733009542922,58
4980,1,6956,3866,3090,0,0,0,1.0,1,1.0,1,1.0,1,0.1453543744701589,59
4981,5,6961,3867,3094,0,0,0,1.0,1,1.0,1,1.0,1,0.1167366818829861,60
4982,0,6961,3867,3094,0,0,0,1.0,1,1.0,1,1.0,1,0.10407869148192342,61
4983,1,6962,3868,3094,0,0,0,1.0,1,1.0,1,1.0,1,0.08503950676472699,61
4984,1,6963,3868,3095,0,0,0,1.0,1,1.0,1,1.0,1,0.09823175333799075,59
4985,1,6964,3868,3096,0,0,0,1.0,1,1.0,1,1.0,1,0.11718594874158962,58
4986,0,6964,3868,3096,0,0,0,1.0,1,1.0,1,1.0,1,0.10067865670770879,59
4987,2,6966,3870,3096,0,0,0,1.0,1,1.0,1,1.0,1,0.1348219809663935,58
4988,0,6966,3870,3096,0,0,0,1.0,1,1.0,1,1.0,1,0.1413819017551492,57
4989,4,6970,3874,3096,0,0,0,1.0,1,1.0,1,1.0,1,0.18573218275473768,54
4990,2,6972,3875,3097,0,0,0,1.0,1,1.0,1,1.0,1,0.1669451539519467,53
4991,7,6979,3877,3102,0,0,0,1.0,1,1.0,1,1.0,1,0.14289326106563224,52
4992,3,6982,3879,3103,0,0,0,1.0,1,1.0,1,1.0,1,0.15149523990071095,48
4993,0,6982,3879,3103,0,0,0,1.0,1,1.0,1,1.0,1,0.15149523990071095,48
4994,1,6983,3880,3103,0,0,0,1.0,1,1.0,1,1.0,1,0.1488026053639401,45
4995,2,6985,3882,3103,0,0,0,1.0,1,1.0,1,1.0,1,0.18524872560048986,45
4996,1,6986,3883,3103,0,0,0,1.0,1,1.0,1,1.0,1,0.12370240959337633,45
4997,2,6988,3885,3103,0,0,0,1.0,1,1.0,1,1.0,1,0.18139853534941913,42
4998,2,6990,3886,3104,0,0,0,1.0,1,1.0,1,1.0,1,0.18181184312078924,44
4999,1,6991,3887,3104,0,0,0,1.0,1,1.0,1,1.0,1,0.2170479179146514,44
5000,1,6992,3888,3104,0,0,0,1.0,1,1.0,1,1.0,1,0.2691616296211045,42
5001,5,6997,3888,3109,0,0,0,1.0,1,1.0,1,1.0,1,0.20004457613189824,42
5002,1,6998,3889,3109,0,0,0,1.0,1,1.0,1,1.0,1,0.20444849449392594,41
5003,2,7000,3890,3110,0,0,0,1.0,1,1.0,1,1.0,1,0.2594092040156915,41
5004,0,7000,3890,3110,0,0,0,1.0,1,1.0,1,1.0,1,0.2668219434134968,41
5005,0,7000,3890,3110,0,0,0,1.0,1,1.0,1,1.0,1,0.2668219434134968,41
5006,0,7000,3890,3110,0,0,0,1.0,1,1.0,1,1.0,1,0.25234375858873215,42
5007,1,7001,3890,3111,0,0,0,1.0,1,1.0,1,1.0,1,0.25823113275517096,43
5008,2,7003,3890,3113,0,0,0,1.0,1,1.0,1,1.0,1,0.233065284713064,46
5009,1,7004,3890,3114,0,0,0,1.0,1,1.0,1,1.0,1,0.22500341354549352,46
5010,3,7007,3890,3117,0,0,0,1.0,1,1.0,1,1.0,1,0.22442572864382138,46
5011,0,7007,3890,3117,0,0,0,1.0,1,1.0,1,1.0,1,0.21171341168629562,47
5012,0,7007,3890,3117,0,0,0,1.0,1,1.0,1,1.0,1,0.20293969639207715,48
5013,0,7007,3890,3117,0,0,0,1.0,1,1.0,1,1.0,1,0.20293969639207715,48
5014,1,7008,3890,3118,0,0,0,1.0,1,1.0,1,1.0,1,0.19700419692690238,49
5015,2,7010,3890,3120,0,0,0,1.0,1,1.0,1,1.0,1,0.16248715627459498,50
5016,1,7011,3891,3120,0,0,0,1.0,1,1.0,1,1.0,1,0.2016456641175804,51
5017,3,7014,3891,3123,0,0,0,1.0,1,1.0,1,1.0,1,0.16261042939976678,51
5018,0,7014,3891,3123,0,0,0,1.0,1,1.0,1,1.0,1,0.16261042939976678,51
5019,0,7014,3891,3123,0,0,0,1.0,1,1.0,1,1.0,1,0.1695850689046578,51
5020,0,7014,3891,3123,0,0,0,1.0,1,1.0,1,1.0,1,0.1695850689046578,51
5021,3,7017,3891,3126,0,0,0,1.0,1,1.0,1,1.0,1,0.14387353210567724,52
5022,0,7017,3891,3126,0,0,0,1.0,1,1.0,1,1.0,1,0.14387353210567724,52
5023,1,7018,3892,3126,0,0,0,1.0,1,1.0,1,1.0,1,0.13686285458442568,52
5024,0,7018,3892,3126,0,0,0,1.0,1,1.0,1,1.0,1,0.1342808347932016,51
5025,0,7018,3892,3126,0,0,0,1.0,1,1.0,1,1.0,1,0.14371045644922545,50
5026,1,7019,3893,3126,0,0,0,1.0,1,1.0,1,1.0,1,0.2017672014903682,49
5027,1,7020,3894,3126,0,0,0,1.0,1,1.0,1,1.0,1,0.21245349906635283,47
5028,1,7021,3895,3126,0,0,0,1.0,1,1.0,1,1.0,1,0.23853439619143477,47
5029,2,7023,3896,3127,0,0,0,1.0,1,1.0,1,1.0,1,0.1971628521490997,46
5030,1,7024,3897,3127,0,0,0,1.0,1,1.0,1,1.0,1,0.186313294519352,48
5031,1,7025,3898,3127,0,0,0,1.0,1,1.0,1,1.0,1,0.16820861883664381,46
5032,0,7025,3898,3127,0,0,0,1.0,1,1.0,1,1.0,1,0.16820861883664381,46
5033,1,7026,3899,3127,0,0,0,1.0,1,1.0,1,1.0,1,0.19601487883735147,47
5034,0,7026,3899,3127,0,0,0,1.0,1,1.0,1,1.0,1,0.1736446832574677,48
5035,0,7026,3899,3127,0,0,0,1.0,1,1.0,1,1.0,1,0.17222388378713985,47
5036,0,7026,3899,3127,0,0,0,1.0,1,1.0,1,1.0,1,0.17222388378713985,47
5037,1,7027,3899,3128,0,0,0,1.0,1,1.0,1,1.0,1,0.17448751954627764,47
5038,0,7027,3899,3128,0,0,0,1.0,1,1.0,1,1.0,1,0.18516765009486236,48
5039,1,7028,3900,3128,0,0,0,1.0,1,1.0,1,1.0,1,0.23622352946836997,47
5040,1,7029,3900,3129,0,0,0,1.0,1,1.0,1,1.0,1,0.21550303133011764,48
5041,1,7030,3900,3130,0,0,0,1.0,1,1.0,1,1.0,1,0.19608851049586928,49
5042,0,7030,3900,3130,0,0,0,1.0,1,1.0,1,1.0,1,0.18428225722796263,50
5043,1,7031,3900,3131,0,0,0,1.0,1,1.0,1,1.0,1,0.14945490020901464,51
5044,0,7031,3900,3131,0,0,0,1.0,1,1.0,1,1.0,1,0.14945490020901464,51
5045,1,7032,3900,3132,0,0,0,1.0,1,1.0,1,1.0,1,0.13764218014223512,51
5046,1,7033,3901,3132,0,0,0,1.0,1,1.0,1,1.0,1,0.1579910542007685,52
5047,0,7033,3901,3132,0,0,0,1.0,1,1.0,1,1.0,1,0.15510296869243448,52
5048,1,7034,3901,3133,0,0,0,1.0,1,1.0,1,1.0,1,0.146949885959906,52
5049,1,7035,3901,3134,0,0,0,1.0,1,1.0,1,1.0,1,0.1667711265299162,52
5050,1,7036,3901,3135,0,0,0,1.0,1,1.0,1,1.0,1,0.14536833088424683,55
5051,2,7038,3901,3137,0,0,0,1.0,1,1.0,1,1.0,1,0.14466952004503872,55
5052,0,7038,3901,3137,0,0,0,1.0,1,1.0,1,1.0,1,0.14466952004503872,55
5053,1,7039,3901,3138,0,0,0,1.0,1,1.0,1,1.0,1,0.14782001315184207,54
5054,2,7041,3902,3139,0,0,0,1.0,1,1.0,1,1.0,1,0.1413945730804686,54
5055,1,7042,3902,3140,0,0,0,1.0,1,1.0,1,1.0,1,0.13557185164016164,54
5056,2,7044,3902,3142,0,0,0,1.0,1,1.0,1,1.0,1,0.12287051534937392,55
5057,0,7044,3902,3142,0,0,0,1.0,1,1.0,1,1.0,1,0.13084854218125505,56
5058,3,7047,3904,3143,0,0,0,1.0,1,1.0,1,1.0,1,0.10179574243741049,58
5059,0,7047,3904,3143,0,0,0,1.0,1,1.0,1,1.0,1,0.10179574243741049,58
5060,4,7051,3907,3144,0,0,0,1.0,1,1.0,1,1.0,1,0.103497425939143,59
5061,4,7055,3907,3148,0,0,0,1.0,1,1.0,1,1.0,1,0.03292834464656742,58
5062,2,7057,3908,3149,0,0,0,1.0,1,1.0,1,1.0,1,0.03298203000545565,58
5063,3,7060,3911,3149,0,0,0,1.0,1,1.0,1,1.0,1,0.08547363569321394,57
5064,3,7063,3913,3150,0,0,0,1.0,1,1.0,1,1.0,1,0.1255534600014376,57
5065,0,7063,3913,3150,0,0,0,1.0,1,1.0,1,1.0,1,0.14094645944705542,56
5066,2,7065,3915,3150,0,0,0,1.0,1,1.0,1,1.0,1,0.1963948381608326,55
5067,0,7065,3915,3150,0,0,0,1.0,1,1.0,1,1.0,1,0.1843935966285393,54
5068,2,7067,3916,3151,0,0,0,1.0,1,1.0,1,1.0,1,0.18548351776654864,54
5069,4,7071,3917,3154,0,0,0,1.0,1,1.0,1,1.0,1,0.18708614168477927,53
5070,4,7075,3918,3157,0,0,0,1.0,1,1.0,1,1.0,1,0.18099419716122794,53
5071,0,7075,3918,3157,0,0,0,1.0,1,1.0,1,1.0,1,0.17159325516268753,53
5072,1,7076,3918,3158,0,0,0,1.0,1,1.0,1,1.0,1,0.1499580556947023,53
5073,2,7078,3918,3160,0,0,0,1.0,1,1.0,1,1.0,1,0.12290424066402662,53
5074,0,7078,3918,3160,0,0,0,1.0,1,1.0,1,1.0,1,0.09984025874132246,52
5075,0,7078,3918,3160,0,0,0,1.0,1,1.0,1,1.0,1,0.09984025874132246,52
5076,1,7079,3918,3161,0,0,0,1.0,1,1.0,1,1.0,1,0.05907554056964293,55
5077,2,7081,3920,3161,0,0,0,1.0,1,1.0,1,1.0,1,0.10983909104582695,55
5078,0,7081,3920,3161,0,0,0,1.0,1,1.0,1,1.0,1,0.10983909104582695,55
5079,0,7081,3920,3161,0,0,0,1.0,1,1.0,1,1.0,1,0.12394363208283399,54
5080,1,7082,3921,3161,0,0,0,1.0,1,1.0,1,1.0,1,0.13787937000733405,55
5081,2,7084,3921,3163,0,0,0,1.0,1,1.0,1,1.0,1,0.13384214993746799,57
5082,0,7084,3921,3163,0,0,0,1.0,1,1.0,1,1.0,1,0.13384214993746799,57
5083,1,7085,3921,3164,0,0,0,1.0,1,1.0,1,1.0,1,0.11696007332504962,58
5084,1,7086,3921,3165,0,0,0,1.0,1,1.0,1,1.0,1,0.10757516329280044,58
5085,0,7086,3921,3165,0,0,0,1.0,1,1.0,1,1.0,1,0.1022929353492798,59
5086,2,7088,3923,3165,0,0,0,1.0,1,1.0,1,1.0,1,0.09429449466972643,60
5087,1,7089,3924,3165,0,0,0,1.0,1,1.0,1,1.0,1,0.11086128498835568,61
5088,3,7092,3926,3166,0,0,0,1.0,1,1.0,1,1.0,1,0.14287584059697483,62
5089,3,7095,3929,3166,0,0,0,1.0,1,1.0,1,1.0,1,0.15655627717744408,63
5090,2,7097,3929,3168,0,0,0,1.0,1,1.0,1,1.0,1,0.1376531160702533,63
5091,6,7103,3932,3171,0,0,0,1.0,1,1.0,1,1.0,1,0.13774408810560276,63
5092,1,7104,3932,3172,0,0,0,1.0,1,1.0,1,1.0,1,0.1249196336572222,63
5093,0,7104,3932,3172,0,0,0,1.0,1,1.0,1,1.0,1,0.1249196336572222,63
5094,1,7105,3933,3172,0,0,0,1.0,1,1.0,1,1.0,1,0.12364405543825052,64
5095,0,7105,3933,3172,0,0,0,1.0,1,1.0,1,1.0,1,0.12364405543825052,64
5096,2,7107,3933,3174,0,0,0,1.0,1,1.0,1,1.0,1,0.09291287133506483,67
5097,1,7108,3934,3174,0,0,0,1.0,1,1.0,1,1.0,1,0.11467193733480406,67
5098,1,7109,3935,3174,0,0,0,1.0,1,1.0,1,1.0,1,0.1099771941789479,68
5099,1,7110,3936,3174,0,0,0,1.0,1,1.0,1,1.0,1,0.10748927438744713,70
5100,1,7111,3936,3175,0,0,0,1.0,1,1.0,1,1.0,1,0.08507593508737772,71
5101,4,7115,3938,3177,0,0,0,1.0,1,1.0,1,1.0,1,0.06337815829854662,71
5102,2,7117,3939,3178,0,0,0,1.0,1,1.0,1,1.0,1,0.06450347087304034,70
5103,1,7118,3940,3178,0,0,0,1.0,1,1.0,1,1.0,1,0.07162336042785176,67
5104,2,7120,3941,3179,0,0,0,1.0,1,1.0,1,1.0,1,0.08267797190221854,67
5105,3,7123,3944,3179,0,0,0,1.0,1,1.0,1,1.0,1,0.10574309810634427,63
5106,2,7125,3946,3179,0,0,0,1.0,1,1.0,1,1.0,1,0.13180689767798678,63
5107,3,7128,3949,3179,0,0,0,1.0,1,1.0,1,1.0,1,0.16613188407704454,60
5108,2,7130,3951,3179,0,0,0,1.0,1,1.0,1,1.0,1,0.20546347747214788,56
5109,1,7131,3952,3179,0,0,0,1.0,1,1.0,1,1.0,1,0.22036060226877155,56
5110,4,7135,3955,3180,0,0,0,1.0,1,1.0,1,1.0,1,0.22013147686686924,52
5111,6,7141,3959,3182,0,0,0,1.0,1,1.0,1,1.0,1,0.21511090498746935,51
5112,2,7143,3960,3183,0,0,0,1.0,1,1.0,1,1.0,1,0.22315906069315086,50
5113,4,7147,3962,3185,0,0,0,1.0,1,1.0,1,1.0,1,0.2298463985434509,48
5114,1,7148,3963,3185,0,0,0,1.0,1,1.0,1,1.0,1,0.22284146120818718,46
5115,0,7148,3963,3185,0,0,0,1.0,1,1.0,1,1.0,1,0.20238787949829729,44
5116,0,7148,3963,3185,0,0,0,1.0,1,1.0,1,1.0,1,0.20486212870562467,44
5117,0,7148,3963,3185,0,0,0,1.0,1,1.0,1,1.0,1,0.20052743740604648,46
5118,0,7148,3963,3185,0,0,0,1.0,1,1.0,1,1.0,1,0.20052743740604648,46
5119,1,7149,3964,3185,0,0,0,1.0,1,1.0,1,1.0,1,0.21767010246962767,46
5120,1,7150,3965,3185,0,0,0,1.0,1,1.0,1,1.0,1,0.23895301396316204,46
5121,6,7156,3966,3190,0,0,0,1.0,1,1.0,1,1.0,1,0.2000744486711237,46
5122,3,7159,3967,3192,0,0,0,1.0,1,1.0,1,1.0,1,0.2106669099305112,46
5123,3,7162,3969,3193,0,0,0,1.0,1,1.0,1,1.0,1,0.18524810630173755,45
5124,3,7165,3971,3194,0,0,0,1.0,1,1.0,1,1.0,1,0.1933366117105375,47
5125,0,7165,3971,3194,0,0,0,1.0,1,1.0,1,1.0,1,0.20008794201699023,50
5126,1,7166,3972,3194,0,0,0,1.0,1,1.0,1,1.0,1,0.1922399092432736,50
5127,3,7169,3973,3196,0,0,0,1.0,1,1.0,1,1.0,1,0.1670527350031258,52
5128,2,7171,3974,3197,0,0,0,1.0,1,1.0,1,1.0,1,0.13429819071007737,53
5129,0,7171,3974,3197,0,0,0,1.0,1,1.0,1,1.0,1,0.13604305181238716,55
5130,0,7171,3974,3197,0,0,0,1.0,1,1.0,1,1.0,1,0.13604305181238716,55
5131,2,7173,3974,3199,0,0,0,1.0,1,1.0,1,1.0,1,0.13522330422189593,54
5132,1,7174,3974,3200,0,0,0,1.0,1,1.0,1,1.0,1,0.134695598717809,54
5133,0,7174,3974,3200,0,0,0,1.0,1,1.0,1,1.0,1,0.134695598717809,54
5134,0,7174,3974,3200,0,0,0,1.0,1,1.0,1,1.0,1,0.14953094605059744,53
5135,1,7175,3974,3201,0,0,0,1.0,1,1.0,1,1.0,1,0.15220870244410667,54
5136,2,7177,3974,3203,0,0,0,1.0,1,1.0,1,1.0,1,0.1558815555265736,54
5137,1,7178,3975,3203,0,0,0,1.0,1,1.0,1,1.0,1,0.14575376245413682,54
5138,3,7181,3977,3204,0,0,0,1.0,1,1.0,1,1.0,1,0.16335563760110403,54
5139,1,7182,3978,3204,0,0,0,1.0,1,1.0,1,1.0,1,0.14555942206345304,55
5140,4,7186,3981,3205,0,0,0,1.0,1,1.0,1,1.0,1,0.1583072182329591,55
5141,4,7190,3982,3208,0,0,0,1.0,1,1.0,1,1.0,1,0.11654066193565091,53
5142,1,7191,3982,3209,0,0,0,1.0,1,1.0,1,1.0,1,0.09527846506515616,54
5143,2,7193,3984,3209,0,0,0,1.0,1,1.0,1,1.0,1,0.13598643745858377,52
5144,0,7193,3984,3209,0,0,0,1.0,1,1.0,1,1.0,1,0.10853630289757771,50
5145,0,7193,3984,3209,0,0,0,1.0,1,1.0,1,1.0,1,0.12495373878648058,49
5146,0,7193,3984,3209,0,0,0,1.0,1,1.0,1,1.0,1,0.12710792781734898,49
5147,0,7193,3984,3209,0,0,0,1.0,1,1.0,1,1.0,1,0.15570794044781897,46
5148,1,7194,3985,3209,0,0,0,1.0,1,1.0,1,1.0,1,0.11082215908313715,46
5149,0,7194,3985,3209,0,0,0,1.0,1,1.0,1,1.0,1,0.13319848971341083,45
5150,3,7197,3988,3209,0,0,0,1.0,1,1.0,1,1.0,1,0.12167711331120847,47
5151,4,7201,3990,3211,0,0,0,1.0,1,1.0,1,1.0,1,0.1218359574416042,46
5152,2,7203,3992,3211,0,0,0,1.0,1,1.0,1,1.0,1,0.16770014959989898,46
5153,0,7203,3992,3211,0,0,0,1.0,1,1.0,1,1.0,1,0.17713815055627347,45
5154,3,7206,3993,3213,0,0,0,1.0,1,1.0,1,1.0,1,0.19114485292185318,47
5155,2,7208,3994,3214,0,0,0,1.0,1,1.0,1,1.0,1,0.218918609477044,47
5156,1,7209,3994,3215,0,0,0,1.0,1,1.0,1,1.0,1,0.20992106642548036,47
5157,0,7209,3994,3215,0,0,0,1.0,1,1.0,1,1.0,1,0.2221118565126298,46
5158,0,7209,3994,3215,0,0,0,1.0,1,1.0,1,1.0,1,0.21560580442757465,47
5159,0,7209,3994,3215,0,0,0,1.0,1,1.0,1,1.0,1,0.2265759064931459,49
5160,0,7209,3994,3215,0,0,0,1.0,1,1.0,1,1.0,1,0.23561698453285487,48
5161,4,7213,3994,3219,0,0,0,1.0,1,1.0,1,1.0,1,0.17932424320002535,48
5162,1,7214,3994,3220,0,0,0,1.0,1,1.0,1,1.0,1,0.15931936892843543,49
5163,1,7215,3994,3221,0,0,0,1.0,1,1.0,1,1.0,1,0.15432375756600322,51
5164,0,7215,3994,3221,0,0,0,1.0,1,1.0,1,1.0,1,0.15432375756600322,51
5165,2,7217,3994,3223,0,0,0,1.0,1,1.0,1,1.0,1,0.14979353079983815,52
5166,2,7219,3996,3223,0,0,0,1.0,1,1.0,1,1.0,1,0.16139616334865256,52
5167,1,7220,3997,3223,0,0,0,1.0,1,1.0,1,1.0,1,0.17297488314723702,52
5168,0,7220,3997,3223,0,0,0,1.0,1,1.0,1,1.0,1,0.17297488314723702,52
5169,2,7222,3998,3224,0,0,0,1.0,1,1.0,1,1.0,1,0.16947285867337564,53
5170,0,7222,3998,3224,0,0,0,1.0,1,1.0,1,1.0,1,0.16947285867337564,53
5171,5,7227,3998,3229,0,0,0,1.0,1,1.0,1,1.0,1,0.09848195970433282,52
5172,1,7228,3999,3229,0,0,0,1.0,1,1.0,1,1.0,1,0.08225558463262984,53
5173,1,7229,3999,3230,0,0,0,1.0,1,1.0,1,1.0,1,0.08455474466187884,54
5174,3,7232,3999,3233,0,0,0,1.0,1,1.0,1,1.0,1,0.08630270487728631,56
5175,1,7233,3999,3234,0,0,0,1.0,1,1.0,1,1.0,1,0.055235672722914374,58
5176,1,7234,4000,3234,0,0,0,1.0,1,1.0,1,1.0,1,0.07953098331534571,58
5177,1,7235,4000,3235,0,0,0,1.0,1,1.0,1,1.0,1,0.08869803021281858,59
5178,5,7240,4002,3238,0,0,0,1.0,1,1.0,1,1.0,1,0.09096303047809474,57
5179,0,7240,4002,3238,0,0,0,1.0,1,1.0,1,1.0,1,0.10233960061494075,58
5180,0,7240,4002,3238,0,0,0,1.0,1,1.0,1,1.0,1,0.08113252293130584,56
5181,4,7244,4004,3240,0,0,0,1.0,1,1.0,1,1.0,1,0.09951643211694816,57
5182,0,7244,4004,3240,0,0,0,1.0,1,1.0,1,1.0,1,0.09096694259163647,56
5183,2,7246,4006,3240,0,0,0,1.0,1,1.0,1,1.0,1,0.14580731613950634,57
5184,0,7246,4006,3240,0,0,0,1.0,1,1.0,1,1.0,1,0.15087382541939776,56
5185,2,7248,4006,3242,0,0,0,1.0,1,1.0,1,1.0,1,0.16767716364510984,56
5186,3,7251,4007,3244,0,0,0,1.0,1,1.0,1,1.0,1,0.16154801413917375,54
5187,0,7251,4007,3244,0,0,0,1.0,1,1.0,1,1.0,1,0.1540281647161972,51
5188,0,7251,4007,3244,0,0,0,1.0,1,1.0,1,1.0,1,0.1436404813462277,50
5189,0,7251,4007,3244,0,0,0,1.0,1,1.0,1,1.0,1,0.1695876733184031,49
5190,2,7253,4009,3244,0,0,0,1.0,1,1.0,1,1.0,1,0.14293169016984233,50
5191,3,7256,4009,3247,0,0,0,1.0,1,1.0,1,1.0,1,0.0950409513993894,50
5192,2,7258,4011,3247,0,0,0,1.0,1,1.0,1,1.0,1,0.08344956375798311,49
5193,0,7258,4011,3247,0,0,0,1.0,1,1.0,1,1.0,1,0.10024549064967266,50
5194,1,7259,4012,3247,0,0,0,1.0,1,1.0,1,1.0,1,0.12734402640670026,51
5195,1,7260,4013,3247,0,0,0,1.0,1,1.0,1,1.0,1,0.1469131458031817,51
5196,1,7261,4013,3248,0,0,0,1.0,1,1.0,1,1.0,1,0.13042836355511642,51
5197,0,7261,4013,3248,0,0,0,1.0,1,1.0,1,1.0,1,0.13042836355511642,51
5198,0,7261,4013,3248,0,0,0,1.0,1,1.0,1,1.0,1,0.13042836355511642,51
5199,0,7261,4013,3248,0,0,0,1.0,1,1.0,1,1.0,1,0.10879877880968862,54
5200,1,7262,4014,3248,0,0,0,1.0,1,1.0,1,1.0,1,0.1183547328390755,54
5201,4,7266,4016,3250,0,0,0,1.0,1,1.0,1,1.0,1,0.11470843116468922,55
5202,0,7266,4016,3250,0,0,0,1.0,1,1.0,1,1.0,1,0.12368365818704968,56
5203,1,7267,4017,3250,0,0,0,1.0,1,1.0,1,1.0,1,0.13128787990662064,56
5204,2,7269,4018,3251,0,0,0,1.0,1,1.0,1,1.0,1,0.11925883329826201,58
5205,1,7270,4018,3252,0,0,0,1.0,1,1.0,1,1.0,1,0.10513413384538985,58
5206,3,7273,4019,3254,0,0,0,1.0,1,1.0,1,1.0,1,0.08981691674350303,58
5207,0,7273,4019,3254,0,0,0,1.0,1,1.0,1,1.0,1,0.09836657347124592,59
5208,1,7274,4020,3254,0,0,0,1.0,1,1.0,1,1.0,1,0.10552629968848348,58
5209,0,7274,4020,3254,0,0,0,1.0,1,1.0,1,1.0,1,0.10552629968848348,58
5210,0,7274,4020,3254,0,0,0,1.0,1,1.0,1,1.0,1,0.10785028469481205,57
5211,2,7276,4020,3256,0,0,0,1.0,1,1.0,1,1.0,1,0.08544635321717084,57
5212,2,7278,4020,3258,0,0,0,1.0,1,1.0,1,1.0,1,0.07150655660911695,59
5213,3,7281,4022,3259,0,0,0,1.0,1,1.0,1,1.0,1,0.1147545360364592,59
5214,2,7283,4023,3260,0,0,0,1.0,1,1.0,1,1.0,1,0.16212568079644935,59
5215,2,7285,4024,3261,0,0,0,1.0,1,1.0,1,1.0,1,0.1935018533889041,58
5216,2,7287,4025,3262,0,0,0,1.0,1,1.0,1,1.0,1,0.1851852967294228,59
5217,4,7291,4029,3262,0,0,0,1.0,1,1.0,1,1.0,1,0.15182321087213138,58
5218,2,7293,4031,3262,0,0,0,1.0,1,1.0,1,1.0,1,0.17880919740777962,58
5219,1,7294,4032,3262,0,0,0,1.0,1,1.0,1,1.0,1,0.1771907643114672,57
5220,0,7294,4032,3262,0,0,0,1.0,1,1.0,1,1.0,1,0.15907029589317645,56
5221,3,7297,4033,3264,0,0,0,1.0,1,1.0,1,1.0,1,0.14929578107289523,58
5222,0,7297,4033,3264,0,0,0,1.0,1,1.0,1,1.0,1,0.12500357271326176,56
5223,2,7299,4035,3264,0,0,0,1.0,1,1.0,1,1.0,1,0.18758452183296065,55
5224,1,7300,4035,3265,0,0,0,1.0,1,1.0,1,1.0,1,0.18211231839942926,56
5225,2,7302,4036,3266,0,0,0,1.0,1,1.0,1,1.0,1,0.2093334083298674,55
5226,0,7302,4036,3266,0,0,0,1.0,1,1.0,1,1.0,1,0.2093334083298674,55
5227,0,7302,4036,3266,0,0,0,1.0,1,1.0,1,1.0,1,0.20459488334637418,53
5228,0,7302,4036,3266,0,0,0,1.0,1,1.0,1,1.0,1,0.19900015637037285,51
5229,0,7302,4036,3266,0,0,0,1.0,1,1.0,1,1.0,1,0.17780899810929987,51
5230,0,7302,4036,3266,0,0,0,1.0,1,1.0,1,1.0,1,0.17954155313073694,51
5231,4,7306,4038,3268,0,0,0,1.0,1,1.0,1,1.0,1,0.1828216390757565,52
5232,2,7308,4039,3269,0,0,0,1.0,1,1.0,1,1.0,1,0.21514860852429335,52
5233,1,7309,4039,3270,0,0,0,1.0,1,1.0,1,1.0,1,0.21901418073529907,53
5234,2,7311,4040,3271,0,0,0,1.0,1,1.0,1,1.0,1,0.23643101442781395,53
5235,1,7312,4041,3271,0,0,0,1.0,1,1.0,1,1.0,1,0.2292145790343095,53
5236,0,7312,4041,3271,0,0,0,1.0,1,1.0,1,1.0,1,0.23780738224913228,52
5237,0,7312,4041,3271,0,0,0,1.0,1,1.0,1,1.0,1,0.25915191486515415,52
5238,2,7314,4041,3273,0,0,0,1.0,1,1.0,1,1.0,1,0.23783424660033925,52
5239,0,7314,4041,3273,0,0,0,1.0,1,1.0,1,1.0,1,0.2533514234879157,51
5240,0,7314,4041,3273,0,0,0,1.0,1,1.0,1,1.0,1,0.2608977436848157,53
5241,7,7321,4041,3280,0,0,0,1.0,1,1.0,1,1.0,1,0.21119642838362118,53
5242,3,7324,4043,3281,0,0,0,1.0,1,1.0,1,1.0,1,0.18965296466783674,51
5243,2,7326,4044,3282,0,0,0,1.0,1,1.0,1,1.0,1,0.20422226335650637,51
5244,1,7327,4045,3282,0,0,0,1.0,1,1.0,1,1.0,1,0.2054953382098073,52
5245,4,7331,4047,3284,0,0,0,1.0,1,1.0,1,1.0,1,0.18940908645605511,53
5246,1,7332,4048,3284,0,0,0,1.0,1,1.0,1,1.0,1,0.17685261422655035,53
5247,3,7335,4049,3286,0,0,0,1.0,1,1.0,1,1.0,1,0.17703974232818606,54
5248,1,7336,4050,3286,0,0,0,1.0,1,1.0,1,1.0,1,0.15035866111101942,54
5249,1,7337,4051,3286,0,0,0,1.0,1,1.0,1,1.0,1,0.12658986131515643,55
5250,0,7337,4051,3286,0,0,0,1.0,1,1.0,1,1.0,1,0.14354168126224667,57
5251,3,7340,4051,3289,0,0,0,1.0,1,1.0,1,1.0,1,0.09338597531614451,58
5252,2,7342,4053,3289,0,0,0,1.0,1,1.0,1,1.0,1,0.1139428432010138,58
5253,4,7346,4055,3291,0,0,0,1.0,1,1.0,1,1.0,1,0.14272260827866637,58
5254,1,7347,4056,3291,0,0,0,1.0,1,1.0,1,1.0,1,0.16748456050278054,59
5255,3,7350,4058,3292,0,0,0,1.0,1,1.0,1,1.0,1,0.16421667316106997,58
5256,0,7350,4058,3292,0,0,0,1.0,1,1.0,1,1.0,1,0.17075393656758078,58
5257,1,7351,4059,3292,0,0,0,1.0,1,1.0,1,1.0,1,0.18777841870585013,57
5258,0,7351,4059,3292,0,0,0,1.0,1,1.0,1,1.0,1,0.1657812054789095,55
5259,1,7352,4059,3293,0,0,0,1.0,1,1.0,1,1.0,1,0.14994927686785692,56
5260,0,7352,4059,3293,0,0,0,1.0,1,1.0,1,1.0,1,0.14040570498908872,55
5261,0,7352,4059,3293,0,0,0,1.0,1,1.0,1,1.0,1,0.1331252899575257,54
5262,1,7353,4060,3293,0,0,0,1.0,1,1.0,1,1.0,1,0.15908185104304007,54
5263,0,7353,4060,3293,0,0,0,1.0,1,1.0,1,1.0,1,0.17279023371576868,55
5264,4,7357,4062,3295,0,0,0,1.0,1,1.0,1,1.0,1,0.15229554970036727,53
5265,3,7360,4065,3295,0,0,0,1.0,1,1.0,1,1.0,1,0.12460544967631833,52
5266,0,7360,4065,3295,0,0,0,1.0,1,1.0,1,1.0,1,0.1388516665244916,49
5267,3,7363,4066,3297,0,0,0,1.0,1,1.0,1,1.0,1,0.15369143082674938,49
5268,1,7364,4067,3297,0,0,0,1.0,1,1.0,1,1.0,1,0.18572776119641737,46
5269,1,7365,4068,3297,0,0,0,1.0,1,1.0,1,1.0,1,0.18833066203583584,45
5270,1,7366,4069,3297,0,0,0,1.0,1,1.0,1,1.0,1,0.1896279009795306,46
5271,9,7375,4073,3302,0,0,0,1.0,1,1.0,1,1.0,1,0.1256885013307508,46
5272,1,7376,4073,3303,0,0,0,1.0,1,1.0,1,1.0,1,0.11938709935032149,45
5273,0,7376,4073,3303,0,0,0,1.0,1,1.0,1,1.0,1,0.12925459300965886,45
5274,0,7376,4073,3303,0,0,0,1.0,1,1.0,1,1.0,1,0.14803634766999435,45
5275,4,7380,4076,3304,0,0,0,1.0,1,1.0,1,1.0,1,0.16540259342966612,46
5276,4,7384,4079,3305,0,0,0,1.0,1,1.0,1,1.0,1,0.2211265834740027,45
5277,0,7384,4079,3305,0,0,0,1.0,1,1.0,1,1.0,1,0.22272368813317686,45
5278,2,7386,4081,3305,0,0,0,1.0,1,1.0,1,1.0,1,0.2635420269099959,44
5279,2,7388,4082,3306,0,0,0,1.0,1,1.0,1,1.0,1,0.25367697211546864,45
5280,1,7389,4083,3306,0,0,0,1.0,1,1.0,1,1.0,1,0.26757362592298867,46
5281,4,7393,4083,3310,0,0,0,1.0,1,1.0,1,1.0,1,0.19120695389247538,46
5282,2,7395,4084,3311,0,0,0,1.0,1,1.0,1,1.0,1,0.1975479318120183,47
5283,0,7395,4084,3311,0,0,0,1.0,1,1.0,1,1.0,1,0.20934678781276883,48
5284,1,7396,4084,3312,0,0,0,1.0,1,1.0,1,1.0,1,0.1990391173799684,48
5285,0,7396,4084,3312,0,0,0,1.0,1,1.0,1,1.0,1,0.1762061464063716,48
5286,1,7397,4084,3313,0,0,0,1.0,1,1.0,1,1.0,1,0.1718658478518674,50
5287,0,7397,4084,3313,0,0,0,1.0,1,1.0,1,1.0,1,0.1718658478518674,50
5288,0,7397,4084,3313,0,0,0,1.0,1,1.0,1,1.0,1,0.1642516271355176,51
5289,0,7397,4084,3313,0,0,0,1.0,1,1.0,1,1.0,1,0.1642516271355176,51
5290,2,7399,4084,3315,0,0,0,1.0,1,1.0,1,1.0,1,0.1175123926851102,52
5291,3,7402,4085,3317,0,0,0,1.0,1,1.0,1,1.0,1,0.13819053275265653,52
5292,1,7403,4085,3318,0,0,0,1.0,1,1.0,1,1.0,1,0.14067155103209705,53
5293,1,7404,4086,3318,0,0,0,1.0,1,1.0,1,1.0,1,0.16111909684446157,51
5294,0,7404,4086,3318,0,0,0,1.0,1,1.0,1,1.0,1,0.14780631408650607,50
5295,1,7405,4086,3319,0,0,0,1.0,1,1.0,1,1.0,1,0.15149035641548764,49
5296,1,7406,4086,3320,0,0,0,1.0,1,1.0,1,1.0,1,0.1662916298154165,48
5297,0,7406,4086,3320,0,0,0,1.0,1,1.0,1,1.0,1,0.19245194950260833,46
5298,0,7406,4086,3320,0,0,0,1.0,1,1.0,1,1.0,1,0.19318145070063117,46
5299,2,7408,4087,3321,0,0,0,1.0,1,1.0,1,1.0,1,0.23005644235024536,47
5300,2,7410,4087,3323,0,0,0,1.0,1,1.0,1,1.0,1,0.20149639551822204,48
5301,0,7410,4087,3323,0,0,0,1.0,1,1.0,1,1.0,1,0.20149639551822204,48
5302,1,7411,4088,3323,0,0,0,1.0,1,1.0,1,1.0,1,0.21390672429313107,49
5303,0,7411,4088,3323,0,0,0,1.0,1,1.0,1,1.0,1,0.2102569446431125,48
5304,0,7411,4088,3323,0,0,0,1.0,1,1.0,1,1.0,1,0.20405682182191662,48
5305,0,7411,4088,3323,0,0,0,1.0,1,1.0,1,1.0,1,0.21148400833257988,47
5306,1,7412,4089,3323,0,0,0,1.0,1,1.0,1,1.0,1,0.19479799369773043,48
5307,1,7413,4090,3323,0,0,0,1.0,1,1.0,1,1.0,1,0.2076953679453548,48
5308,0,7413,4090,3323,0,0,0,1.0,1,1.0,1,1.0,1,0.20540879096304315,47
5309,0,7413,4090,3323,0,0,0,1.0,1,1.0,1,1.0,1,0.22075295893742736,46
5310,1,7414,4090,3324,0,0,0,1.0,1,1.0,1,1.0,1,0.2116612872779237,46
5311,2,7416,4091,3325,0,0,0,1.0,1,1.0,1,1.0,1,0.17464271931947392,46
5312,1,7417,4091,3326,0,0,0,1.0,1,1.0,1,1.0,1,0.1792773942958657,46
5313,2,7419,4091,3328,0,0,0,1.0,1,1.0,1,1.0,1,0.1730309052685108,46
5314,0,7419,4091,3328,0,0,0,1.0,1,1.0,1,1.0,1,0.1730309052685108,46
5315,2,7421,4091,3330,0,0,0,1.0,1,1.0,1,1.0,1,0.1453352236079394,47
5316,0,7421,4091,3330,0,0,0,1.0,1,1.0,1,1.0,1,0.1843567484873806,48
5317,0,7421,4091,3330,0,0,0,1.0,1,1.0,1,1.0,1,0.16355285820295518,49
5318,6,7427,4096,3331,0,0,0,1.0,1,1.0,1,1.0,1,0.16831570762904324,49
5319,3,7430,4097,3333,0,0,0,1.0,1,1.0,1,1.0,1,0.15355875724437246,50
5320,1,7431,4098,3333,0,0,0,1.0,1,1.0,1,1.0,1,0.15763984930372707,51
5321,3,7434,4098,3336,0,0,0,1.0,1,1.0,1,1.0,1,0.10015447054450928,52
5322,0,7434,4098,3336,0,0,0,1.0,1,1.0,1,1.0,1,0.1128348481900188,53
5323,1,7435,4099,3336,0,0,0,1.0,1,1.0,1,1.0,1,0.07739275528820913,53
5324,1,7436,4099,3337,0,0,0,1.0,1,1.0,1,1.0,1,0.0653385996201196,55
5325,1,7437,4100,3337,0,0,0,1.0,1,1.0,1,1.0,1,0.07548629368873577,55
5326,3,7440,4102,3338,0,0,0,1.0,1,1.0,1,1.0,1,0.022146068739106066,55
5327,2,7442,4103,3339,0,0,0,1.0,1,1.0,1,1.0,1,0.034308301054787965,56
5328,1,7443,4104,3339,0,0,0,1.0,1,1.0,1,1.0,1,0.04120900543413886,57
5329,3,7446,4105,3341,0,0,0,1.0,1,1.0,1,1.0,1,0.04520725678630383,57
5330,2,7448,4107,3341,0,0,0,1.0,1,1.0,1,1.0,1,0.0538803069857195,56
5331,1,7449,4108,3341,0,0,0,1.0,1,1.0,1,1.0,1,0.05964274954432149,57
5332,1,7450,4108,3342,0,0,0,1.0,1,1.0,1,1.0,1,0.043219754057744246,58
5333,1,7451,4109,3342,0,0,0,1.0,1,1.0,1,1.0,1,0.05255090226477781,59
5334,1,7452,4110,3342,0,0,0,1.0,1,1.0,1,1.0,1,0.06671462541847348,59
5335,0,7452,4110,3342,0,0,0,1.0,1,1.0,1,1.0,1,0.05588584589799982,58
5336,1,7453,4111,3342,0,0,0,1.0,1,1.0,1,1.0,1,0.0653123455982548,59
5337,0,7453,4111,3342,0,0,0,1.0,1,1.0,1,1.0,1,0.060279571457669934,60
5338,2,7455,4113,3342,0,0,0,1.0,1,1.0,1,1.0,1,0.07840483397472027,60
5339,0,7455,4113,3342,0,0,0,1.0,1,1.0,1,1.0,1,0.07840483397472027,60
5340,3,7458,4116,3342,0,0,0,1.0,1,1.0,1,1.0,1,0.12465709717268711,60
5341,4,7462,4117,3345,0,0,0,1.0,1,1.0,1,1.0,1,0.11342755496218655,61
5342,1,7463,4117,3346,0,0,0,1.0,1,1.0,1,1.0,1,0.0897964008445844,59
5343,2,7465,4119,3346,0,0,0,1.0,1,1.0,1,1.0,1,0.11319084174904999,58
5344,0,7465,4119,3346,0,0,0,1.0,1,1.0,1,1.0,1,0.10638858651448968,58
5345,2,7467,4121,3346,0,0,0,1.0,1,1.0,1,1.0,1,0.10590189310668058,54
5346,0,7467,4121,3346,0,0,0,1.0,1,1.0,1,1.0,1,0.10590189310668058,54
5347,5,7472,4126,3346,0,0,0,1.0,1,1.0,1,1.0,1,0.10379285532281382,54
5348,0,7472,4126,3346,0,0,0,1.0,1,1.0,1,1.0,1,0.11679324674130064,55
5349,2,7474,4127,3347,0,0,0,1.0,1,1.0,1,1.0,1,0.14238917861799918,56
5350,1,7475,4128,3347,0,0,0,1.0,1,1.0,1,1.0,1,0.16270823385991245,56
5351,4,7479,4128,3351,0,0,0,1.0,1,1.0,1,1.0,1,0.09325661849629935,57
5352,1,7480,4129,3351,0,0,0,1.0,1,1.0,1,1.0,1,0.11710268883134803,57
5353,3,7483,4130,3353,0,0,0,1.0,1,1.0,1,1.0,1,0.08854118412589916,57
5354,0,7483,4130,3353,0,0,0,1.0,1,1.0,1,1.0,1,0.10585269240772838,56
5355,0,7483,4130,3353,0,0,0,1.0,1,1.0,1,1.0,1,0.08872395687883258,57
5356,0,7483,4130,3353,0,0,0,1.0,1,1.0,1,1.0,1,0.09757876767997775,56
5357,1,7484,4130,3354,0,0,0,1.0,1,1.0,1,1.0,1,0.10590715786245786,56
5358,1,7485,4131,3354,0,0,0,1.0,1,1.0,1,1.0,1,0.10420037181278931,57
5359,1,7486,4132,3354,0,0,0,1.0,1,1.0,1,1.0,1,0.11562114459442754,57
5360,0,7486,4132,3354,0,0,0,1.0,1,1.0,1,1.0,1,0.13844789054909376,55
5361,6,7492,4135,3357,0,0,0,1.0,1,1.0,1,1.0,1,0.15768330713753018,56
5362,0,7492,4135,3357,0,0,0,1.0,1,1.0,1,1.0,1,0.1443280871096075,57
5363,1,7493,4136,3357,0,0,0,1.0,1,1.0,1,1.0,1,0.16722835272276346,57
5364,1,7494,4136,3358,0,0,0,1.0,1,1.0,1,1.0,1,0.15373086865009924,58
5365,0,7494,4136,3358,0,0,0,1.0,1,1.0,1,1.0,1,0.13770359125469023,59
5366,1,7495,4137,3358,0,0,0,1.0,1,1.0,1,1.0,1,0.15425227389601154,60
5367,3,7498,4138,3360,0,0,0,1.0,1,1.0,1,1.0,1,0.176509628738772,60
5368,0,7498,4138,3360,0,0,0,1.0,1,1.0,1,1.0,1,0.17073920327413555,58
5369,2,7500,4140,3360,0,0,0,1.0,1,1.0,1,1.0,1,0.1794541121132303,58
5370,0,7500,4140,3360,0,0,0,1.0,1,1.0,1,1.0,1,0.1738849546896121,57
5371,3,7503,4143,3360,0,0,0,1.0,1,1.0,1,1.0,1,0.23174671503899477,56
5372,1,7504,4144,3360,0,0,0,1.0,1,1.0,1,1.0,1,0.20518852693129438,55
5373,7,7511,4148,3363,0,0,0,1.0,1,1.0,1,1.0,1,0.2206136406812718,54
5374,1,7512,4149,3363,0,0,0,1.0,1,1.0,1,1.0,1,0.21023238305054054,53
5375,4,7516,4151,3365,0,0,0,1.0,1,1.0,1,1.0,1,0.1836495748457789,52
5376,2,7518,4153,3365,0,0,0,1.0,1,1.0,1,1.0,1,0.20572781794832584,52
5377,1,7519,4154,3365,0,0,0,1.0,1,1.0,1,1.0,1,0.20091479058502448,51
5378,4,7523,4156,3367,0,0,0,1.0,1,1.0,1,1.0,1,0.22533840828755716,52
5379,0,7523,4156,3367,0,0,0,1.0,1,1.0,1,1.0,1,0.2062491724582029,50
5380,1,7524,4157,3367,0,0,0,1.0,1,1.0,1,1.0,1,0.24082971179761603,51
5381,5,7529,4158,3371,0,0,0,1.0,1,1.0,1,1.0,1,0.20059931896829886,50
5382,0,7529,4158,3371,0,0,0,1.0,1,1.0,1,1.0,1,0.2090931135788061,48
5383,0,7529,4158,3371,0,0,0,1.0,1,1.0,1,1.0,1,0.2096551443989003,48
5384,3,7532,4159,3373,0,0,0,1.0,1,1.0,1,1.0,1,0.1761168433209305,48
5385,0,7532,4159,3373,0,0,0,1.0,1,1.0,1,1.0,1,0.18407781441707488,47
5386,3,7535,4162,3373,0,0,0,1.0,1,1.0,1,1.0,1,0.21666200853453318,48
5387,1,7536,4163,3373,0,0,0,1.0,1,1.0,1,1.0,1,0.23068696765209837,48
5388,1,7537,4163,3374,0,0,0,1.0,1,1.0,1,1.0,1,0.219075114341502,48
5389,1,7538,4164,3374,0,0,0,1.0,1,1.0,1,1.0,1,0.20196907855127888,50
5390,1,7539,4164,3375,0,0,0,1.0,1,1.0,1,1.0,1,0.18939093191882964,52
5391,4,7543,4164,3379,0,0,0,1.0,1,1.0,1,1.0,1,0.12623087729222618,52
5392,1,7544,4164,3380,0,0,0,1.0,1,1.0,1,1.0,1,0.12542567733512106,51
5393,1,7545,4165,3380,0,0,0,1.0,1,1.0,1,1.0,1,0.13802020829695683,50
5394,0,7545,4165,3380,0,0,0,1.0,1,1.0,1,1.0,1,0.13577831361312978,50
5395,2,7547,4166,3381,0,0,0,1.0,1,1.0,1,1.0,1,0.1506446889460988,49
5396,0,7547,4166,3381,0,0,0,1.0,1,1.0,1,1.0,1,0.15658074180444648,48
5397,2,7549,4167,3382,0,0,0,1.0,1,1.0,1,1.0,1,0.13545243779639082,48
5398,1,7550,4168,3382,0,0,0,1.0,1,1.0,1,1.0,1,0.18182780209429183,46
5399,4,7554,4172,3382,0,0,0,1.0,1,1.0,1,1.0,1,0.1991702724104496,46
5400,3,7557,4174,3383,0,0,0,1.0,1,1.0,1,1.0,1,0.18349335024098123,48
5401,3,7560,4174,3386,0,0,0,1.0,1,1.0,1,1.0,1,0.0907876511463402,49
5402,0,7560,4174,3386,0,0,0,1.0,1,1.0,1,1.0,1,0.0,0
