,SuccessfulHandoverCount,TotalSuccessfulHandoverCount,TotalSuccessfulHandoverCountRange,TotalSuccessfulHandoverCountLoadBalancing,TotalSuccessfulHandoverCountOverload,FailedHandoverCount,TotalFailedHandoverCount,AvgQoS,MinQoS,AvgQoS_LoadBased,MinQoS_LoadBased,AvgQoS_RangeBased,MinQoS_RangeBased,GiniLoad,VehicleCount
0,0,0,0,0,0,0,0,1.0,1,1.0,1,1.0,1,0.0,0
1,21,21,0,21,0,0,0,1.0,1,1.0,1,1.0,1,0.2165790718897854,26
2,15,36,0,36,0,0,0,1.0,1,1.0,1,1.0,1,0.16846339338089764,27
3,13,49,0,49,0,0,0,1.0,1,1.0,1,1.0,1,0.22257496808157784,28
4,11,60,0,60,0,0,0,1.0,1,1.0,1,1.0,1,0.21762892822371374,29
5,13,73,0,73,0,0,0,1.0,1,1.0,1,1.0,1,0.22162179893446707,29
6,13,86,0,86,0,0,0,1.0,1,1.0,1,1.0,1,0.2310758305948742,32
7,18,104,0,104,0,0,0,1.0,1,1.0,1,1.0,1,0.26531077316506707,33
8,16,120,0,120,0,0,0,1.0,1,1.0,1,1.0,1,0.18264913540548158,35
9,22,142,0,142,0,0,0,1.0,1,1.0,1,1.0,1,0.234851616090903,35
10,25,167,0,167,0,0,0,1.0,1,1.0,1,1.0,1,0.3013088598631001,35
11,13,180,0,180,0,0,0,1.0,1,1.0,1,1.0,1,0.19352747530693087,35
12,10,190,0,190,0,0,0,1.0,1,1.0,1,1.0,1,0.2994613448895453,34
13,10,200,0,200,0,0,0,1.0,1,1.0,1,1.0,1,0.23392887654516503,32
14,11,211,0,211,0,0,0,1.0,1,1.0,1,1.0,1,0.2889083848284657,31
15,5,216,0,216,0,0,0,1.0,1,1.0,1,1.0,1,0.29854072495163164,30
16,12,228,0,228,0,0,0,1.0,1,1.0,1,1.0,1,0.3451792256868439,30
17,5,233,0,233,0,0,0,1.0,1,1.0,1,1.0,1,0.2523406415277119,29
18,8,241,1,240,0,0,0,1.0,1,1.0,1,1.0,1,0.36849450178866566,29
19,6,247,1,246,0,0,0,1.0,1,1.0,1,1.0,1,0.27002661939199624,28
20,9,256,1,255,0,0,0,1.0,1,1.0,1,1.0,1,0.34863520266685966,28
21,3,259,1,258,0,0,0,1.0,1,1.0,1,1.0,1,0.2344868014894742,28
22,2,261,1,260,0,0,0,1.0,1,1.0,1,1.0,1,0.19441070136605904,28
23,1,262,1,261,0,0,0,1.0,1,1.0,1,1.0,1,0.21901847636016608,27
24,3,265,3,262,0,0,0,1.0,1,1.0,1,1.0,1,0.2508079823252653,28
25,4,269,4,265,0,0,0,1.0,1,1.0,1,1.0,1,0.18759377166525396,28
26,3,272,6,266,0,0,0,1.0,1,1.0,1,1.0,1,0.23059667751999058,30
27,3,275,6,269,0,0,0,1.0,1,1.0,1,1.0,1,0.1365342734030097,30
28,10,285,8,277,0,0,0,1.0,1,1.0,1,1.0,1,0.19847978431889396,31
29,3,288,9,279,0,0,0,1.0,1,1.0,1,1.0,1,0.09956964774589133,30
30,5,293,11,282,0,0,0,1.0,1,1.0,1,1.0,1,0.19872128351403961,30
31,4,297,12,285,0,0,0,1.0,1,1.0,1,1.0,1,0.1970545917399312,31
32,1,298,12,286,0,0,0,1.0,1,1.0,1,1.0,1,0.17813543438304186,31
33,3,301,13,288,0,0,0,1.0,1,1.0,1,1.0,1,0.21354414077935707,31
34,2,303,14,289,0,0,0,1.0,1,1.0,1,1.0,1,0.161417784184716,29
35,3,306,15,291,0,0,0,1.0,1,1.0,1,1.0,1,0.1871207819789263,30
36,2,308,15,293,0,0,0,1.0,1,1.0,1,1.0,1,0.19576944864981927,30
37,6,314,15,299,0,0,0,1.0,1,1.0,1,1.0,1,0.16612312282915823,31
38,3,317,15,302,0,0,0,1.0,1,1.0,1,1.0,1,0.19603731530413077,32
39,6,323,15,308,0,0,0,1.0,1,1.0,1,1.0,1,0.21485585993946452,36
40,7,330,15,315,0,0,0,1.0,1,1.0,1,1.0,1,0.2186542292164986,37
41,4,334,15,319,0,0,0,1.0,1,1.0,1,1.0,1,0.12736133560343874,37
42,1,335,15,320,0,0,0,1.0,1,1.0,1,1.0,1,0.1163220504223738,38
43,3,338,16,322,0,0,0,1.0,1,1.0,1,1.0,1,0.1327153698552287,40
44,0,338,16,322,0,0,0,1.0,1,1.0,1,1.0,1,0.1542713650771332,39
45,1,339,17,322,0,0,0,1.0,1,1.0,1,1.0,1,0.17237777857003128,40
46,0,339,17,322,0,0,0,1.0,1,1.0,1,1.0,1,0.16333923786302074,39
47,0,339,17,322,0,0,0,1.0,1,1.0,1,1.0,1,0.16333923786302074,39
48,0,339,17,322,0,0,0,1.0,1,1.0,1,1.0,1,0.16333923786302074,39
49,2,341,19,322,0,0,0,1.0,1,1.0,1,1.0,1,0.1606439929386463,37
50,1,342,19,323,0,0,0,1.0,1,1.0,1,1.0,1,0.11511890290174878,35
51,1,343,19,324,0,0,0,1.0,1,1.0,1,1.0,1,0.15601223920180285,34
52,2,345,19,326,0,0,0,1.0,1,1.0,1,1.0,1,0.17711422752405673,34
53,2,347,19,328,0,0,0,1.0,1,1.0,1,1.0,1,0.17939769362637134,35
54,6,353,20,333,0,0,0,1.0,1,1.0,1,1.0,1,0.30536387036845314,36
55,8,361,20,341,0,0,0,1.0,1,1.0,1,1.0,1,0.3165777524318684,36
56,11,372,21,351,0,0,0,1.0,1,1.0,1,1.0,1,0.2857487448425721,36
57,6,378,21,357,0,0,0,1.0,1,1.0,1,1.0,1,0.2697454472097643,37
58,9,387,25,362,0,0,0,1.0,1,1.0,1,1.0,1,0.2624230864993652,38
59,7,394,27,367,0,0,0,1.0,1,1.0,1,1.0,1,0.3008489669120724,37
60,7,401,28,373,0,0,0,1.0,1,1.0,1,1.0,1,0.2423629204451978,38
61,8,409,29,380,0,0,0,1.0,1,1.0,1,1.0,1,0.15313656708978204,37
62,3,412,29,383,0,0,0,1.0,1,1.0,1,1.0,1,0.12680359678072914,39
63,4,416,30,386,0,0,0,1.0,1,1.0,1,1.0,1,0.15954532089941129,39
64,2,418,30,388,0,0,0,1.0,1,1.0,1,1.0,1,0.12011694123940755,38
65,4,422,31,391,0,0,0,1.0,1,1.0,1,1.0,1,0.11970210291385268,39
66,3,425,32,393,0,0,0,1.0,1,1.0,1,1.0,1,0.13307743369682323,39
67,1,426,32,394,0,0,0,1.0,1,1.0,1,1.0,1,0.1571826070035148,36
68,1,427,33,394,0,0,0,1.0,1,1.0,1,1.0,1,0.19717515261798252,36
69,1,428,33,395,0,0,0,1.0,1,1.0,1,1.0,1,0.19094658265049103,37
70,0,428,33,395,0,0,0,1.0,1,1.0,1,1.0,1,0.233386370658513,36
71,1,429,33,396,0,0,0,1.0,1,1.0,1,1.0,1,0.22023144900155808,38
72,2,431,34,397,0,0,0,1.0,1,1.0,1,1.0,1,0.23003730484072527,38
73,8,439,35,404,0,0,0,1.0,1,1.0,1,1.0,1,0.22756725024309898,37
74,8,447,35,412,0,0,0,1.0,1,1.0,1,1.0,1,0.22432233818399297,38
75,5,452,35,417,0,0,0,1.0,1,1.0,1,1.0,1,0.22670458767041474,38
76,5,457,36,421,0,0,0,1.0,1,1.0,1,1.0,1,0.24562237129508854,39
77,4,461,36,425,0,0,0,1.0,1,1.0,1,1.0,1,0.2760764738834082,40
78,6,467,36,431,0,0,0,1.0,1,1.0,1,1.0,1,0.28966174142207923,41
79,5,472,36,436,0,0,0,1.0,1,1.0,1,1.0,1,0.2875538982599432,41
80,4,476,36,440,0,0,0,1.0,1,1.0,1,1.0,1,0.27078147424363747,41
81,7,483,36,447,0,0,0,1.0,1,1.0,1,1.0,1,0.1518655498393365,41
82,8,491,36,455,0,0,0,1.0,1,1.0,1,1.0,1,0.07005807850806285,44
83,2,493,36,457,0,0,0,1.0,1,1.0,1,1.0,1,0.10150716790715242,44
84,2,495,36,459,0,0,0,1.0,1,1.0,1,1.0,1,0.10592400051272363,45
85,2,497,36,461,0,0,0,1.0,1,1.0,1,1.0,1,0.13542118933272015,45
86,3,500,36,464,0,0,0,1.0,1,1.0,1,1.0,1,0.12681673342242944,45
87,6,506,36,470,0,0,0,1.0,1,1.0,1,1.0,1,0.13497702888659543,44
88,3,509,36,473,0,0,0,1.0,1,1.0,1,1.0,1,0.12663345771567958,44
89,2,511,36,475,0,0,0,1.0,1,1.0,1,1.0,1,0.11518721333449361,43
90,4,515,36,479,0,0,0,1.0,1,1.0,1,1.0,1,0.15042374688179252,44
91,5,520,37,483,0,0,0,1.0,1,1.0,1,1.0,1,0.1711845636431402,44
92,2,522,37,485,0,0,0,1.0,1,1.0,1,1.0,1,0.14644020962827467,43
93,2,524,37,487,0,0,0,1.0,1,1.0,1,1.0,1,0.16464458086115602,44
94,2,526,38,488,0,0,0,1.0,1,1.0,1,1.0,1,0.19137612303897164,44
95,4,530,38,492,0,0,0,1.0,1,1.0,1,1.0,1,0.16856788711529508,43
96,1,531,38,493,0,0,0,1.0,1,1.0,1,1.0,1,0.1578367350169045,44
97,2,533,38,495,0,0,0,1.0,1,1.0,1,1.0,1,0.1578367350169045,44
98,1,534,38,496,0,0,0,1.0,1,1.0,1,1.0,1,0.17789088304555983,43
99,2,536,38,498,0,0,0,1.0,1,1.0,1,1.0,1,0.18117861282504946,43
100,5,541,38,503,0,0,0,1.0,1,1.0,1,1.0,1,0.14022837816943656,47
101,2,543,39,504,0,0,0,1.0,1,1.0,1,1.0,1,0.15333666207866511,47
102,1,544,40,504,0,0,0,1.0,1,1.0,1,1.0,1,0.16347895410545707,47
103,3,547,42,505,0,0,0,1.0,1,1.0,1,1.0,1,0.1941637860741009,46
104,4,551,45,506,0,0,0,1.0,1,1.0,1,1.0,1,0.19537170750175045,45
105,2,553,47,506,0,0,0,1.0,1,1.0,1,1.0,1,0.20331415587721688,44
106,1,554,48,506,0,0,0,1.0,1,1.0,1,1.0,1,0.21437700435925325,45
107,3,557,49,508,0,0,0,1.0,1,1.0,1,1.0,1,0.17353164769067664,44
108,4,561,50,511,0,0,0,1.0,1,1.0,1,1.0,1,0.13959479125337343,46
109,3,564,52,512,0,0,0,1.0,1,1.0,1,1.0,1,0.13499124862830306,46
110,3,567,54,513,0,0,0,1.0,1,1.0,1,1.0,1,0.12379776995199485,46
111,0,567,54,513,0,0,0,1.0,1,1.0,1,1.0,1,0.1133259987464515,46
112,4,571,57,514,0,0,0,1.0,1,1.0,1,1.0,1,0.11658584997861265,46
113,2,573,58,515,0,0,0,1.0,1,1.0,1,1.0,1,0.12650880482250318,46
114,0,573,58,515,0,0,0,1.0,1,1.0,1,1.0,1,0.12650880482250318,46
115,3,576,59,517,0,0,0,1.0,1,1.0,1,1.0,1,0.07329396566072573,47
116,2,578,61,517,0,0,0,1.0,1,1.0,1,1.0,1,0.06479406014478843,47
117,2,580,62,518,0,0,0,1.0,1,1.0,1,1.0,1,0.07096054334585561,45
118,1,581,63,518,0,0,0,1.0,1,1.0,1,1.0,1,0.05927774699780185,46
119,3,584,63,521,0,0,0,1.0,1,1.0,1,1.0,1,0.08162907282788254,46
120,0,584,63,521,0,0,0,1.0,1,1.0,1,1.0,1,0.06993249144112132,47
121,0,584,63,521,0,0,0,1.0,1,1.0,1,1.0,1,0.08314041559180714,46
122,0,584,63,521,0,0,0,1.0,1,1.0,1,1.0,1,0.08314041559180714,46
123,0,584,63,521,0,0,0,1.0,1,1.0,1,1.0,1,0.10449765919646134,45
124,0,584,63,521,0,0,0,1.0,1,1.0,1,1.0,1,0.10648399122616224,46
125,0,584,63,521,0,0,0,1.0,1,1.0,1,1.0,1,0.10405153487752868,44
126,1,585,63,522,0,0,0,1.0,1,1.0,1,1.0,1,0.09740296567093412,45
127,0,585,63,522,0,0,0,1.0,1,1.0,1,1.0,1,0.09038766841358914,45
128,3,588,66,522,0,0,0,1.0,1,1.0,1,1.0,1,0.17732286774477993,46
129,2,590,67,523,0,0,0,1.0,1,1.0,1,1.0,1,0.14370651233912102,48
130,1,591,68,523,0,0,0,1.0,1,1.0,1,1.0,1,0.15305935476117125,48
131,2,593,69,524,0,0,0,1.0,1,1.0,1,1.0,1,0.1837111296741875,49
132,6,599,71,528,0,0,0,1.0,1,1.0,1,1.0,1,0.16550613651885504,51
133,8,607,75,532,0,0,0,1.0,1,1.0,1,1.0,1,0.1736503328376863,49
134,6,613,79,534,0,0,0,1.0,1,1.0,1,1.0,1,0.17330190792608596,49
135,4,617,79,538,0,0,0,1.0,1,1.0,1,1.0,1,0.2233863160914388,49
136,8,625,83,542,0,0,0,1.0,1,1.0,1,1.0,1,0.2593999660123246,48
137,4,629,83,546,0,0,0,1.0,1,1.0,1,1.0,1,0.2396312908380661,47
138,4,633,84,549,0,0,0,1.0,1,1.0,1,1.0,1,0.2391074346435636,48
139,7,640,84,556,0,0,0,1.0,1,1.0,1,1.0,1,0.2075424542973015,48
140,4,644,86,558,0,0,0,1.0,1,1.0,1,1.0,1,0.21920860569327988,49
141,9,653,87,566,0,0,0,1.0,1,1.0,1,1.0,1,0.10280122812063823,49
142,3,656,89,567,0,0,0,1.0,1,1.0,1,1.0,1,0.10072700888711839,49
143,2,658,90,568,0,0,0,1.0,1,1.0,1,1.0,1,0.10970723817306044,47
144,1,659,91,568,0,0,0,1.0,1,1.0,1,1.0,1,0.09321135598414758,46
145,2,661,91,570,0,0,0,1.0,1,1.0,1,1.0,1,0.09658889862451286,44
146,1,662,92,570,0,0,0,1.0,1,1.0,1,1.0,1,0.07386456148262635,44
147,2,664,93,571,0,0,0,1.0,1,1.0,1,1.0,1,0.08818997785342349,43
148,4,668,94,574,0,0,0,1.0,1,1.0,1,1.0,1,0.1365448660371851,43
149,3,671,95,576,0,0,0,1.0,1,1.0,1,1.0,1,0.14410161535089225,43
150,3,674,96,578,0,0,0,1.0,1,1.0,1,1.0,1,0.13682524273855962,42
151,3,677,97,580,0,0,0,1.0,1,1.0,1,1.0,1,0.16276905103068975,42
152,1,678,97,581,0,0,0,1.0,1,1.0,1,1.0,1,0.16466036332825984,42
153,1,679,97,582,0,0,0,1.0,1,1.0,1,1.0,1,0.15408963338061699,42
154,3,682,99,583,0,0,0,1.0,1,1.0,1,1.0,1,0.193224730919076,43
155,0,682,99,583,0,0,0,1.0,1,1.0,1,1.0,1,0.16772374348934072,43
156,4,686,101,585,0,0,0,1.0,1,1.0,1,1.0,1,0.176480714559709,42
157,3,689,101,588,0,0,0,1.0,1,1.0,1,1.0,1,0.2355238479698626,41
158,1,690,101,589,0,0,0,1.0,1,1.0,1,1.0,1,0.22153435727941154,42
159,0,690,101,589,0,0,0,1.0,1,1.0,1,1.0,1,0.21758567568538104,43
160,4,694,102,592,0,0,0,1.0,1,1.0,1,1.0,1,0.2449546208737996,44
161,6,700,103,597,0,0,0,1.0,1,1.0,1,1.0,1,0.16667830263376077,44
162,3,703,105,598,0,0,0,1.0,1,1.0,1,1.0,1,0.17589644102757437,45
163,2,705,105,600,0,0,0,1.0,1,1.0,1,1.0,1,0.20095147257851126,43
164,4,709,106,603,0,0,0,1.0,1,1.0,1,1.0,1,0.17516227805129594,42
165,1,710,107,603,0,0,0,1.0,1,1.0,1,1.0,1,0.12223077055163845,42
166,1,711,108,603,0,0,0,1.0,1,1.0,1,1.0,1,0.11477772289242727,42
167,4,715,111,604,0,0,0,1.0,1,1.0,1,1.0,1,0.21068701015920194,41
168,0,715,111,604,0,0,0,1.0,1,1.0,1,1.0,1,0.20060394105527157,40
169,0,715,111,604,0,0,0,1.0,1,1.0,1,1.0,1,0.2089128554554467,40
170,2,717,111,606,0,0,0,1.0,1,1.0,1,1.0,1,0.20172223851331975,38
171,2,719,113,606,0,0,0,1.0,1,1.0,1,1.0,1,0.21056318889175293,37
172,5,724,117,607,0,0,0,1.0,1,1.0,1,1.0,1,0.29605252555643624,35
173,3,727,119,608,0,0,0,1.0,1,1.0,1,1.0,1,0.33612970485746163,36
174,3,730,120,610,0,0,0,1.0,1,1.0,1,1.0,1,0.3044992580470913,34
175,2,732,120,612,0,0,0,1.0,1,1.0,1,1.0,1,0.31630252790952784,33
176,3,735,120,615,0,0,0,1.0,1,1.0,1,1.0,1,0.32991309823900994,34
177,2,737,121,616,0,0,0,1.0,1,1.0,1,1.0,1,0.32777780973537257,36
178,3,740,121,619,0,0,0,1.0,1,1.0,1,1.0,1,0.2851134935027794,37
179,1,741,121,620,0,0,0,1.0,1,1.0,1,1.0,1,0.30889032392146404,37
180,0,741,121,620,0,0,0,1.0,1,1.0,1,1.0,1,0.31346299954960555,36
181,8,749,121,628,0,0,0,1.0,1,1.0,1,1.0,1,0.19520099704963312,36
182,3,752,121,631,0,0,0,1.0,1,1.0,1,1.0,1,0.1606102333419304,38
183,3,755,122,633,0,0,0,1.0,1,1.0,1,1.0,1,0.16512998530898287,37
184,3,758,123,635,0,0,0,1.0,1,1.0,1,1.0,1,0.17270182826236913,36
185,3,761,124,637,0,0,0,1.0,1,1.0,1,1.0,1,0.20251925695567544,35
186,5,766,125,641,0,0,0,1.0,1,1.0,1,1.0,1,0.1764941599275799,34
187,7,773,127,646,0,0,0,1.0,1,1.0,1,1.0,1,0.20418833067214667,33
188,7,780,127,653,0,0,0,1.0,1,1.0,1,1.0,1,0.20942124131729078,33
189,7,787,131,656,0,0,0,1.0,1,1.0,1,1.0,1,0.2770237125813138,33
190,6,793,131,662,0,0,0,1.0,1,1.0,1,1.0,1,0.30074178496388315,32
191,5,798,132,666,0,0,0,1.0,1,1.0,1,1.0,1,0.2838853374170531,34
192,4,802,132,670,0,0,0,1.0,1,1.0,1,1.0,1,0.25449063219863455,34
193,0,802,132,670,0,0,0,1.0,1,1.0,1,1.0,1,0.23893176141642553,35
194,3,805,133,672,0,0,0,1.0,1,1.0,1,1.0,1,0.23621012715173254,37
195,1,806,133,673,0,0,0,1.0,1,1.0,1,1.0,1,0.25262529922598975,36
196,3,809,134,675,0,0,0,1.0,1,1.0,1,1.0,1,0.248271573097409,36
197,4,813,135,678,0,0,0,1.0,1,1.0,1,1.0,1,0.23617574874780348,37
198,2,815,136,679,0,0,0,1.0,1,1.0,1,1.0,1,0.26392266440434614,37
199,2,817,137,680,0,0,0,1.0,1,1.0,1,1.0,1,0.25823547374380623,37
200,3,820,138,682,0,0,0,1.0,1,1.0,1,1.0,1,0.29042914812271176,37
201,6,826,139,687,0,0,0,1.0,1,1.0,1,1.0,1,0.1648304326253158,36
202,0,826,139,687,0,0,0,1.0,1,1.0,1,1.0,1,0.14313352670238355,36
203,0,826,139,687,0,0,0,1.0,1,1.0,1,1.0,1,0.15548213416997336,35
204,0,826,139,687,0,0,0,1.0,1,1.0,1,1.0,1,0.15642113825499224,35
205,4,830,142,688,0,0,0,1.0,1,1.0,1,1.0,1,0.15377313508898516,35
206,4,834,142,692,0,0,0,1.0,1,1.0,1,1.0,1,0.20679781887836085,34
207,4,838,143,695,0,0,0,1.0,1,1.0,1,1.0,1,0.2823983728960683,34
208,8,846,143,703,0,0,0,1.0,1,1.0,1,1.0,1,0.22959464172691627,33
209,7,853,143,710,0,0,0,1.0,1,1.0,1,1.0,1,0.23427224013456374,33
210,4,857,144,713,0,0,0,1.0,1,1.0,1,1.0,1,0.20427025925843617,34
211,2,859,145,714,0,0,0,1.0,1,1.0,1,1.0,1,0.2774400763420763,33
212,0,859,145,714,0,0,0,1.0,1,1.0,1,1.0,1,0.2774400763420763,33
213,2,861,146,715,0,0,0,1.0,1,1.0,1,1.0,1,0.2920782642449949,35
214,3,864,146,718,0,0,0,1.0,1,1.0,1,1.0,1,0.2717051846879811,34
215,6,870,146,724,0,0,0,1.0,1,1.0,1,1.0,1,0.2844229716077068,35
216,8,878,146,732,0,0,0,1.0,1,1.0,1,1.0,1,0.35377913311833026,36
217,6,884,146,738,0,0,0,1.0,1,1.0,1,1.0,1,0.262527731776842,36
218,5,889,146,743,0,0,0,1.0,1,1.0,1,1.0,1,0.26221413640568253,36
219,5,894,146,748,0,0,0,1.0,1,1.0,1,1.0,1,0.24779459694808603,37
220,4,898,146,752,0,0,0,1.0,1,1.0,1,1.0,1,0.25355209366724074,38
221,9,907,147,760,0,0,0,1.0,1,1.0,1,1.0,1,0.11826312296906401,37
222,4,911,150,761,0,0,0,1.0,1,1.0,1,1.0,1,0.18785579740741593,38
223,4,915,151,764,0,0,0,1.0,1,1.0,1,1.0,1,0.17601125687336702,38
224,4,919,152,767,0,0,0,1.0,1,1.0,1,1.0,1,0.13435286450167627,38
225,1,920,153,767,0,0,0,1.0,1,1.0,1,1.0,1,0.2051323388670613,36
226,3,923,154,769,0,0,0,1.0,1,1.0,1,1.0,1,0.20260529817043088,37
227,5,928,155,773,0,0,0,1.0,1,1.0,1,1.0,1,0.22984159382217137,35
228,3,931,157,774,0,0,0,1.0,1,1.0,1,1.0,1,0.227168497694383,35
229,2,933,158,775,0,0,0,1.0,1,1.0,1,1.0,1,0.193005875276059,35
230,3,936,161,775,0,0,0,1.0,1,1.0,1,1.0,1,0.16214046399892795,35
231,1,937,162,775,0,0,0,1.0,1,1.0,1,1.0,1,0.1613566099668593,35
232,6,943,165,778,0,0,0,1.0,1,1.0,1,1.0,1,0.2103578207560233,36
233,3,946,166,780,0,0,0,1.0,1,1.0,1,1.0,1,0.20675264492472478,36
234,3,949,167,782,0,0,0,1.0,1,1.0,1,1.0,1,0.2425043766592896,34
235,5,954,170,784,0,0,0,1.0,1,1.0,1,1.0,1,0.2760489390949065,33
236,3,957,171,786,0,0,0,1.0,1,1.0,1,1.0,1,0.3272285230047014,31
237,4,961,173,788,0,0,0,1.0,1,1.0,1,1.0,1,0.36981687506903604,32
238,3,964,173,791,0,0,0,1.0,1,1.0,1,1.0,1,0.36875340808647944,31
239,3,967,174,793,0,0,0,1.0,1,1.0,1,1.0,1,0.3485511104820943,30
240,0,967,174,793,0,0,0,1.0,1,1.0,1,1.0,1,0.35788760325547914,27
241,9,976,175,801,0,0,0,1.0,1,1.0,1,1.0,1,0.27174471524524196,27
242,1,977,175,802,0,0,0,1.0,1,1.0,1,1.0,1,0.20144748692012404,28
243,3,980,176,804,0,0,0,1.0,1,1.0,1,1.0,1,0.22670478227846663,28
244,3,983,177,806,0,0,0,1.0,1,1.0,1,1.0,1,0.22470093162939023,27
245,2,985,178,807,0,0,0,1.0,1,1.0,1,1.0,1,0.2476608120498481,27
246,6,991,179,812,0,0,0,1.0,1,1.0,1,1.0,1,0.28178132924242527,25
247,5,996,179,817,0,0,0,1.0,1,1.0,1,1.0,1,0.24265007481018308,24
248,4,1000,179,821,0,0,0,1.0,1,1.0,1,1.0,1,0.284250478057107,24
249,2,1002,179,823,0,0,0,1.0,1,1.0,1,1.0,1,0.21383761849417462,25
250,3,1005,179,826,0,0,0,1.0,1,1.0,1,1.0,1,0.19982789054162178,27
251,3,1008,179,829,0,0,0,1.0,1,1.0,1,1.0,1,0.21752155269818485,27
252,4,1012,180,832,0,0,0,1.0,1,1.0,1,1.0,1,0.26064206627711883,27
253,8,1020,180,840,0,0,0,1.0,1,1.0,1,1.0,1,0.2469790826030812,29
254,5,1025,181,844,0,0,0,1.0,1,1.0,1,1.0,1,0.22940310661141014,30
255,7,1032,182,850,0,0,0,1.0,1,1.0,1,1.0,1,0.22422905327031364,31
256,3,1035,182,853,0,0,0,1.0,1,1.0,1,1.0,1,0.19988463936854264,31
257,5,1040,182,858,0,0,0,1.0,1,1.0,1,1.0,1,0.22351415988862056,33
258,11,1051,184,867,0,0,0,1.0,1,1.0,1,1.0,1,0.25129239353106214,33
259,5,1056,184,872,0,0,0,1.0,1,1.0,1,1.0,1,0.22591105673898304,33
260,12,1068,185,883,0,0,0,1.0,1,1.0,1,1.0,1,0.24755873520278437,35
261,8,1076,185,891,0,0,0,1.0,1,1.0,1,1.0,1,0.12784335793882337,35
262,5,1081,187,894,0,0,0,1.0,1,1.0,1,1.0,1,0.17580364443842092,35
263,2,1083,187,896,0,0,0,1.0,1,1.0,1,1.0,1,0.10494571101961644,34
264,2,1085,188,897,0,0,0,1.0,1,1.0,1,1.0,1,0.1553766928458368,32
265,1,1086,189,897,0,0,0,1.0,1,1.0,1,1.0,1,0.12564363152585106,30
266,1,1087,190,897,0,0,0,1.0,1,1.0,1,1.0,1,0.09723246265819718,31
267,2,1089,191,898,0,0,0,1.0,1,1.0,1,1.0,1,0.11957336370108175,30
268,1,1090,191,899,0,0,0,1.0,1,1.0,1,1.0,1,0.1428104251311095,31
269,3,1093,192,901,0,0,0,1.0,1,1.0,1,1.0,1,0.16232353836362934,31
270,3,1096,193,903,0,0,0,1.0,1,1.0,1,1.0,1,0.23296795227815648,32
271,2,1098,194,904,0,0,0,1.0,1,1.0,1,1.0,1,0.2671955757441851,31
272,4,1102,195,907,0,0,0,1.0,1,1.0,1,1.0,1,0.3449430423411421,32
273,1,1103,195,908,0,0,0,1.0,1,1.0,1,1.0,1,0.3497138837765866,32
274,2,1105,195,910,0,0,0,1.0,1,1.0,1,1.0,1,0.3497138837765866,32
275,2,1107,195,912,0,0,0,1.0,1,1.0,1,1.0,1,0.3147668020262756,33
276,3,1110,195,915,0,0,0,1.0,1,1.0,1,1.0,1,0.28945334303289455,34
277,0,1110,195,915,0,0,0,1.0,1,1.0,1,1.0,1,0.285159717554368,32
278,2,1112,195,917,0,0,0,1.0,1,1.0,1,1.0,1,0.2874687554467179,31
279,2,1114,195,919,0,0,0,1.0,1,1.0,1,1.0,1,0.2924456479176209,31
280,2,1116,196,920,0,0,0,1.0,1,1.0,1,1.0,1,0.3073355857845635,30
281,5,1121,197,924,0,0,0,1.0,1,1.0,1,1.0,1,0.1975881946196515,31
282,3,1124,197,927,0,0,0,1.0,1,1.0,1,1.0,1,0.14894000869632606,30
283,3,1127,197,930,0,0,0,1.0,1,1.0,1,1.0,1,0.1591956757108392,31
284,5,1132,198,934,0,0,0,1.0,1,1.0,1,1.0,1,0.21865623008328833,31
285,6,1138,199,939,0,0,0,1.0,1,1.0,1,1.0,1,0.17540467222981515,31
286,3,1141,199,942,0,0,0,1.0,1,1.0,1,1.0,1,0.18571576017602937,31
287,6,1147,201,946,0,0,0,1.0,1,1.0,1,1.0,1,0.18836152927016428,33
288,6,1153,201,952,0,0,0,1.0,1,1.0,1,1.0,1,0.17113483240075494,32
289,3,1156,201,955,0,0,0,1.0,1,1.0,1,1.0,1,0.2247107105605898,32
290,6,1162,201,961,0,0,0,1.0,1,1.0,1,1.0,1,0.2087854764614024,31
291,5,1167,202,965,0,0,0,1.0,1,1.0,1,1.0,1,0.2187609079005162,30
292,3,1170,202,968,0,0,0,1.0,1,1.0,1,1.0,1,0.2051129106591546,32
293,2,1172,202,970,0,0,0,1.0,1,1.0,1,1.0,1,0.18825354593797775,32
294,6,1178,202,976,0,0,0,1.0,1,1.0,1,1.0,1,0.20833675761799594,32
295,9,1187,203,984,0,0,0,1.0,1,1.0,1,1.0,1,0.15505086106568575,34
296,5,1192,203,989,0,0,0,1.0,1,1.0,1,1.0,1,0.16202343542905331,34
297,7,1199,204,995,0,0,0,1.0,1,1.0,1,1.0,1,0.1968758373390964,34
298,4,1203,204,999,0,0,0,1.0,1,1.0,1,1.0,1,0.2181732910933464,35
299,4,1207,204,1003,0,0,0,1.0,1,1.0,1,1.0,1,0.23409667267909767,35
300,5,1212,204,1008,0,0,0,1.0,1,1.0,1,1.0,1,0.21030697616328436,35
301,8,1220,204,1016,0,0,0,1.0,1,1.0,1,1.0,1,0.1075548133660316,38
302,0,1220,204,1016,0,0,0,1.0,1,1.0,1,1.0,1,0.1075548133660316,38
303,2,1222,206,1016,0,0,0,1.0,1,1.0,1,1.0,1,0.19163159198711485,37
304,8,1230,210,1020,0,0,0,1.0,1,1.0,1,1.0,1,0.2191770876833015,37
305,6,1236,211,1025,0,0,0,1.0,1,1.0,1,1.0,1,0.22127417069972735,36
306,1,1237,212,1025,0,0,0,1.0,1,1.0,1,1.0,1,0.24835711793364756,36
307,1,1238,212,1026,0,0,0,1.0,1,1.0,1,1.0,1,0.2610527530415705,35
308,3,1241,212,1029,0,0,0,1.0,1,1.0,1,1.0,1,0.19684574565704033,37
309,1,1242,212,1030,0,0,0,1.0,1,1.0,1,1.0,1,0.20567903582298064,37
310,2,1244,212,1032,0,0,0,1.0,1,1.0,1,1.0,1,0.20567903582298064,37
311,4,1248,212,1036,0,0,0,1.0,1,1.0,1,1.0,1,0.21649325216416404,39
312,3,1251,213,1038,0,0,0,1.0,1,1.0,1,1.0,1,0.15623882232148797,40
313,2,1253,213,1040,0,0,0,1.0,1,1.0,1,1.0,1,0.19517357044999434,39
314,3,1256,213,1043,0,0,0,1.0,1,1.0,1,1.0,1,0.22287948383916373,40
315,5,1261,214,1047,0,0,0,1.0,1,1.0,1,1.0,1,0.1973965270211971,39
316,6,1267,214,1053,0,0,0,1.0,1,1.0,1,1.0,1,0.15867529207548173,39
317,7,1274,214,1060,0,0,0,1.0,1,1.0,1,1.0,1,0.20439973339714748,40
318,7,1281,214,1067,0,0,0,1.0,1,1.0,1,1.0,1,0.16974581366445746,41
319,3,1284,214,1070,0,0,0,1.0,1,1.0,1,1.0,1,0.18069693891305666,41
320,2,1286,215,1071,0,0,0,1.0,1,1.0,1,1.0,1,0.20821528819710705,41
321,4,1290,215,1075,0,0,0,1.0,1,1.0,1,1.0,1,0.1426116364999153,41
322,2,1292,216,1076,0,0,0,1.0,1,1.0,1,1.0,1,0.1273974086978959,41
323,1,1293,216,1077,0,0,0,1.0,1,1.0,1,1.0,1,0.12471990948303077,41
324,4,1297,219,1078,0,0,0,1.0,1,1.0,1,1.0,1,0.15498263226858558,42
325,0,1297,219,1078,0,0,0,1.0,1,1.0,1,1.0,1,0.15498263226858558,42
326,2,1299,220,1079,0,0,0,1.0,1,1.0,1,1.0,1,0.20474643767636888,42
327,3,1302,220,1082,0,0,0,1.0,1,1.0,1,1.0,1,0.17811777042038898,42
328,5,1307,220,1087,0,0,0,1.0,1,1.0,1,1.0,1,0.15628678251619926,43
329,5,1312,220,1092,0,0,0,1.0,1,1.0,1,1.0,1,0.15265755399873088,43
330,1,1313,220,1093,0,0,0,1.0,1,1.0,1,1.0,1,0.13392500565435475,45
331,1,1314,220,1094,0,0,0,1.0,1,1.0,1,1.0,1,0.13317332506519003,45
332,3,1317,220,1097,0,0,0,1.0,1,1.0,1,1.0,1,0.15690853235368687,45
333,4,1321,220,1101,0,0,0,1.0,1,1.0,1,1.0,1,0.163923847210861,46
334,3,1324,220,1104,0,0,0,1.0,1,1.0,1,1.0,1,0.14590929589158427,48
335,5,1329,221,1108,0,0,0,1.0,1,1.0,1,1.0,1,0.13544231449889219,48
336,4,1333,221,1112,0,0,0,1.0,1,1.0,1,1.0,1,0.1317030421842238,48
337,5,1338,221,1117,0,0,0,1.0,1,1.0,1,1.0,1,0.12346657187129484,49
338,4,1342,221,1121,0,0,0,1.0,1,1.0,1,1.0,1,0.13618863841497703,50
339,4,1346,221,1125,0,0,0,1.0,1,1.0,1,1.0,1,0.13618863841497703,50
340,2,1348,221,1127,0,0,0,1.0,1,1.0,1,1.0,1,0.135141671334341,50
341,3,1351,221,1130,0,0,0,1.0,1,1.0,1,1.0,1,0.07974959772402726,51
342,2,1353,222,1131,0,0,0,1.0,1,1.0,1,1.0,1,0.10264201513629702,51
343,4,1357,223,1134,0,0,0,1.0,1,1.0,1,1.0,1,0.12767640687418055,51
344,2,1359,223,1136,0,0,0,1.0,1,1.0,1,1.0,1,0.15010974974818314,50
345,5,1364,223,1141,0,0,0,1.0,1,1.0,1,1.0,1,0.09978015142126898,51
346,4,1368,223,1145,0,0,0,1.0,1,1.0,1,1.0,1,0.14558167523970586,51
347,7,1375,227,1148,0,0,0,1.0,1,1.0,1,1.0,1,0.1347755322883144,51
348,6,1381,228,1153,0,0,0,1.0,1,1.0,1,1.0,1,0.15809372036046143,53
349,5,1386,229,1157,0,0,0,1.0,1,1.0,1,1.0,1,0.17488973778693465,55
350,0,1386,229,1157,0,0,0,1.0,1,1.0,1,1.0,1,0.1912791238629579,54
351,7,1393,231,1162,0,0,0,1.0,1,1.0,1,1.0,1,0.145932847003358,54
352,5,1398,233,1165,0,0,0,1.0,1,1.0,1,1.0,1,0.18062537816590493,53
353,4,1402,233,1169,0,0,0,1.0,1,1.0,1,1.0,1,0.15149394130635693,53
354,2,1404,234,1170,0,0,0,1.0,1,1.0,1,1.0,1,0.19499831165542827,50
355,3,1407,234,1173,0,0,0,1.0,1,1.0,1,1.0,1,0.18658410038627174,51
356,2,1409,235,1174,0,0,0,1.0,1,1.0,1,1.0,1,0.18539305920957982,51
357,1,1410,236,1174,0,0,0,1.0,1,1.0,1,1.0,1,0.17247789292508225,50
358,4,1414,238,1176,0,0,0,1.0,1,1.0,1,1.0,1,0.20037583942460183,48
359,1,1415,239,1176,0,0,0,1.0,1,1.0,1,1.0,1,0.2089353601948628,47
360,0,1415,239,1176,0,0,0,1.0,1,1.0,1,1.0,1,0.21910910685329338,45
361,5,1420,239,1181,0,0,0,1.0,1,1.0,1,1.0,1,0.15380865265281266,44
362,0,1420,239,1181,0,0,0,1.0,1,1.0,1,1.0,1,0.18511378187533878,44
363,3,1423,241,1182,0,0,0,1.0,1,1.0,1,1.0,1,0.15510601735142648,44
364,2,1425,242,1183,0,0,0,1.0,1,1.0,1,1.0,1,0.14620229988963437,43
365,3,1428,243,1185,0,0,0,1.0,1,1.0,1,1.0,1,0.1333079632674608,43
366,3,1431,245,1186,0,0,0,1.0,1,1.0,1,1.0,1,0.1473948606144992,45
367,0,1431,245,1186,0,0,0,1.0,1,1.0,1,1.0,1,0.15818660229174353,44
368,1,1432,246,1186,0,0,0,1.0,1,1.0,1,1.0,1,0.15377502426310158,46
369,2,1434,247,1187,0,0,0,1.0,1,1.0,1,1.0,1,0.18502933228240434,45
370,3,1437,248,1189,0,0,0,1.0,1,1.0,1,1.0,1,0.22621087511430565,46
371,3,1440,248,1192,0,0,0,1.0,1,1.0,1,1.0,1,0.22446286362557089,47
372,4,1444,248,1196,0,0,0,1.0,1,1.0,1,1.0,1,0.20209935099317827,48
373,1,1445,249,1196,0,0,0,1.0,1,1.0,1,1.0,1,0.18774936508334064,48
374,3,1448,249,1199,0,0,0,1.0,1,1.0,1,1.0,1,0.16643235033759918,49
375,1,1449,249,1200,0,0,0,1.0,1,1.0,1,1.0,1,0.12641788061007503,49
376,4,1453,251,1202,0,0,0,1.0,1,1.0,1,1.0,1,0.13783418427925595,49
377,3,1456,251,1205,0,0,0,1.0,1,1.0,1,1.0,1,0.09613587993374283,49
378,0,1456,251,1205,0,0,0,1.0,1,1.0,1,1.0,1,0.09613587993374283,49
379,0,1456,251,1205,0,0,0,1.0,1,1.0,1,1.0,1,0.10802035653844272,50
380,2,1458,252,1206,0,0,0,1.0,1,1.0,1,1.0,1,0.12375968218393987,50
381,5,1463,254,1209,0,0,0,1.0,1,1.0,1,1.0,1,0.13060038390981066,51
382,1,1464,255,1209,0,0,0,1.0,1,1.0,1,1.0,1,0.12406861709632491,50
383,3,1467,256,1211,0,0,0,1.0,1,1.0,1,1.0,1,0.1391820202523293,51
384,4,1471,259,1212,0,0,0,1.0,1,1.0,1,1.0,1,0.13533340416210493,50
385,5,1476,260,1216,0,0,0,1.0,1,1.0,1,1.0,1,0.15023144718325165,50
386,1,1477,260,1217,0,0,0,1.0,1,1.0,1,1.0,1,0.14061945721328808,48
387,0,1477,260,1217,0,0,0,1.0,1,1.0,1,1.0,1,0.16254643343724648,47
388,0,1477,260,1217,0,0,0,1.0,1,1.0,1,1.0,1,0.1794286884040002,48
389,1,1478,261,1217,0,0,0,1.0,1,1.0,1,1.0,1,0.20835515932072776,47
390,4,1482,263,1219,0,0,0,1.0,1,1.0,1,1.0,1,0.18494814382591737,49
391,3,1485,264,1221,0,0,0,1.0,1,1.0,1,1.0,1,0.17141560329668046,46
392,3,1488,265,1223,0,0,0,1.0,1,1.0,1,1.0,1,0.19067198977164498,46
393,4,1492,267,1225,0,0,0,1.0,1,1.0,1,1.0,1,0.18127621498248828,44
394,2,1494,268,1226,0,0,0,1.0,1,1.0,1,1.0,1,0.19503170471315529,43
395,0,1494,268,1226,0,0,0,1.0,1,1.0,1,1.0,1,0.21331823093789404,42
396,2,1496,270,1226,0,0,0,1.0,1,1.0,1,1.0,1,0.28528005155845226,39
397,3,1499,272,1227,0,0,0,1.0,1,1.0,1,1.0,1,0.36184309958562155,39
398,1,1500,272,1228,0,0,0,1.0,1,1.0,1,1.0,1,0.34102515722559845,36
399,1,1501,273,1228,0,0,0,1.0,1,1.0,1,1.0,1,0.320758503933201,36
400,2,1503,275,1228,0,0,0,1.0,1,1.0,1,1.0,1,0.3496053945679428,34
401,4,1507,276,1231,0,0,0,1.0,1,1.0,1,1.0,1,0.2503126466295476,33
402,0,1507,276,1231,0,0,0,1.0,1,1.0,1,1.0,1,0.2517603122800734,34
403,0,1507,276,1231,0,0,0,1.0,1,1.0,1,1.0,1,0.2468876871648694,36
404,2,1509,278,1231,0,0,0,1.0,1,1.0,1,1.0,1,0.25138070245829325,36
405,1,1510,279,1231,0,0,0,1.0,1,1.0,1,1.0,1,0.24166749431913542,37
406,3,1513,279,1234,0,0,0,1.0,1,1.0,1,1.0,1,0.22588950865328294,37
407,6,1519,280,1239,0,0,0,1.0,1,1.0,1,1.0,1,0.21795322424736355,39
408,13,1532,282,1250,0,0,0,1.0,1,1.0,1,1.0,1,0.33498533065085834,40
409,15,1547,283,1264,0,0,0,1.0,1,1.0,1,1.0,1,0.3337934083028246,41
410,11,1558,285,1273,0,0,0,1.0,1,1.0,1,1.0,1,0.30547109677182827,42
411,16,1574,285,1289,0,0,0,1.0,1,1.0,1,1.0,1,0.29719576230279104,43
412,8,1582,286,1296,0,0,0,1.0,1,1.0,1,1.0,1,0.2968478370770591,44
413,10,1592,286,1306,0,0,0,1.0,1,1.0,1,1.0,1,0.2968478370770591,44
414,10,1602,286,1316,0,0,0,1.0,1,1.0,1,1.0,1,0.2983213772250716,45
415,8,1610,286,1324,0,0,0,1.0,1,1.0,1,1.0,1,0.29112129713908413,45
416,11,1621,286,1335,0,0,0,1.0,1,1.0,1,1.0,1,0.2843925248177831,46
417,11,1632,287,1345,0,0,0,1.0,1,1.0,1,1.0,1,0.28844330578047755,46
418,12,1644,287,1357,0,0,0,1.0,1,1.0,1,1.0,1,0.25354930765194056,47
419,5,1649,287,1362,0,0,0,1.0,1,1.0,1,1.0,1,0.23177044427845875,47
420,6,1655,287,1368,0,0,0,1.0,1,1.0,1,1.0,1,0.2340842876111085,47
421,2,1657,287,1370,0,0,0,1.0,1,1.0,1,1.0,1,0.19640723378420788,47
422,3,1660,289,1371,0,0,0,1.0,1,1.0,1,1.0,1,0.23059146592585866,49
423,2,1662,289,1373,0,0,0,1.0,1,1.0,1,1.0,1,0.2054153792317816,47
424,2,1664,289,1375,0,0,0,1.0,1,1.0,1,1.0,1,0.1655116896677037,45
425,1,1665,289,1376,0,0,0,1.0,1,1.0,1,1.0,1,0.17047101545760965,46
426,0,1665,289,1376,0,0,0,1.0,1,1.0,1,1.0,1,0.18691828332245314,46
427,6,1671,292,1379,0,0,0,1.0,1,1.0,1,1.0,1,0.17879236881972527,45
428,3,1674,293,1381,0,0,0,1.0,1,1.0,1,1.0,1,0.16401396270626398,45
429,3,1677,294,1383,0,0,0,1.0,1,1.0,1,1.0,1,0.12178397652225272,42
430,1,1678,295,1383,0,0,0,1.0,1,1.0,1,1.0,1,0.1313467837029831,40
431,3,1681,297,1384,0,0,0,1.0,1,1.0,1,1.0,1,0.1661873299647578,39
432,0,1681,297,1384,0,0,0,1.0,1,1.0,1,1.0,1,0.17054629889691966,37
433,3,1684,300,1384,0,0,0,1.0,1,1.0,1,1.0,1,0.18466171930628994,35
434,1,1685,300,1385,0,0,0,1.0,1,1.0,1,1.0,1,0.2248184159710601,33
435,0,1685,300,1385,0,0,0,1.0,1,1.0,1,1.0,1,0.2248184159710601,33
436,0,1685,300,1385,0,0,0,1.0,1,1.0,1,1.0,1,0.2248184159710601,33
437,1,1686,301,1385,0,0,0,1.0,1,1.0,1,1.0,1,0.21742089246824248,33
438,1,1687,302,1385,0,0,0,1.0,1,1.0,1,1.0,1,0.278905980103696,32
439,0,1687,302,1385,0,0,0,1.0,1,1.0,1,1.0,1,0.25281215557119713,34
440,2,1689,303,1386,0,0,0,1.0,1,1.0,1,1.0,1,0.23083907036065662,34
441,5,1694,304,1390,0,0,0,1.0,1,1.0,1,1.0,1,0.16681897466671497,35
442,8,1702,306,1396,0,0,0,1.0,1,1.0,1,1.0,1,0.2471908400065244,37
443,7,1709,308,1401,0,0,0,1.0,1,1.0,1,1.0,1,0.22862432539559382,37
444,3,1712,308,1404,0,0,0,1.0,1,1.0,1,1.0,1,0.21031900467638084,38
445,6,1718,308,1410,0,0,0,1.0,1,1.0,1,1.0,1,0.1837540924176238,39
446,3,1721,308,1413,0,0,0,1.0,1,1.0,1,1.0,1,0.1941557751963669,39
447,5,1726,308,1418,0,0,0,1.0,1,1.0,1,1.0,1,0.14874024367615185,41
448,6,1732,308,1424,0,0,0,1.0,1,1.0,1,1.0,1,0.14874024367615185,41
449,7,1739,309,1430,0,0,0,1.0,1,1.0,1,1.0,1,0.20456556374320817,40
450,8,1747,310,1437,0,0,0,1.0,1,1.0,1,1.0,1,0.22077665243558592,40
451,6,1753,310,1443,0,0,0,1.0,1,1.0,1,1.0,1,0.25991102041609876,41
452,7,1760,311,1449,0,0,0,1.0,1,1.0,1,1.0,1,0.2755869511458059,41
453,9,1769,313,1456,0,0,0,1.0,1,1.0,1,1.0,1,0.28033710912774573,40
454,9,1778,313,1465,0,0,0,1.0,1,1.0,1,1.0,1,0.2649042922119966,41
455,8,1786,314,1472,0,0,0,1.0,1,1.0,1,1.0,1,0.22129591235441773,41
456,11,1797,314,1483,0,0,0,1.0,1,1.0,1,1.0,1,0.18823454096605258,43
457,6,1803,315,1488,0,0,0,1.0,1,1.0,1,1.0,1,0.16963266563687437,43
458,5,1808,315,1493,0,0,0,1.0,1,1.0,1,1.0,1,0.179805759203479,43
459,3,1811,315,1496,0,0,0,1.0,1,1.0,1,1.0,1,0.1961819183015861,44
460,5,1816,315,1501,0,0,0,1.0,1,1.0,1,1.0,1,0.14838191882911708,47
461,3,1819,315,1504,0,0,0,1.0,1,1.0,1,1.0,1,0.10026990609635712,48
462,4,1823,317,1506,0,0,0,1.0,1,1.0,1,1.0,1,0.1007809436406249,49
463,1,1824,317,1507,0,0,0,1.0,1,1.0,1,1.0,1,0.06224757057350197,47
464,6,1830,320,1510,0,0,0,1.0,1,1.0,1,1.0,1,0.08030753220067377,48
465,3,1833,322,1511,0,0,0,1.0,1,1.0,1,1.0,1,0.103569992602687,47
466,0,1833,322,1511,0,0,0,1.0,1,1.0,1,1.0,1,0.11541282422398072,46
467,9,1842,325,1517,0,0,0,1.0,1,1.0,1,1.0,1,0.1253555501080823,44
468,2,1844,327,1517,0,0,0,1.0,1,1.0,1,1.0,1,0.18299067456545537,41
469,2,1846,329,1517,0,0,0,1.0,1,1.0,1,1.0,1,0.16211716124458797,40
470,3,1849,330,1519,0,0,0,1.0,1,1.0,1,1.0,1,0.20331277986838056,39
471,4,1853,334,1519,0,0,0,1.0,1,1.0,1,1.0,1,0.22967859475581576,38
472,5,1858,338,1520,0,0,0,1.0,1,1.0,1,1.0,1,0.2902590777900283,36
473,3,1861,340,1521,0,0,0,1.0,1,1.0,1,1.0,1,0.31896916798425173,36
474,2,1863,342,1521,0,0,0,1.0,1,1.0,1,1.0,1,0.3315763378361788,34
475,5,1868,343,1525,0,0,0,1.0,1,1.0,1,1.0,1,0.3197246426035609,34
476,0,1868,343,1525,0,0,0,1.0,1,1.0,1,1.0,1,0.30530566047173174,32
477,1,1869,344,1525,0,0,0,1.0,1,1.0,1,1.0,1,0.3209635465321006,32
478,0,1869,344,1525,0,0,0,1.0,1,1.0,1,1.0,1,0.3076550184269084,30
479,0,1869,344,1525,0,0,0,1.0,1,1.0,1,1.0,1,0.30781156228104617,31
480,0,1869,344,1525,0,0,0,1.0,1,1.0,1,1.0,1,0.33187981336742706,27
481,6,1875,346,1529,0,0,0,1.0,1,1.0,1,1.0,1,0.29726591387477214,28
482,3,1878,346,1532,0,0,0,1.0,1,1.0,1,1.0,1,0.2539429921850041,28
483,2,1880,346,1534,0,0,0,1.0,1,1.0,1,1.0,1,0.25812166186882424,29
484,2,1882,347,1535,0,0,0,1.0,1,1.0,1,1.0,1,0.23762432773458425,29
485,1,1883,347,1536,0,0,0,1.0,1,1.0,1,1.0,1,0.16225221126552578,29
486,3,1886,348,1538,0,0,0,1.0,1,1.0,1,1.0,1,0.16874847873723922,31
487,0,1886,348,1538,0,0,0,1.0,1,1.0,1,1.0,1,0.17025812692211154,33
488,5,1891,348,1543,0,0,0,1.0,1,1.0,1,1.0,1,0.1905462725555892,34
489,5,1896,350,1546,0,0,0,1.0,1,1.0,1,1.0,1,0.21672104790718602,34
490,2,1898,350,1548,0,0,0,1.0,1,1.0,1,1.0,1,0.21672104790718602,34
491,2,1900,351,1549,0,0,0,1.0,1,1.0,1,1.0,1,0.2363857077822804,34
492,4,1904,351,1553,0,0,0,1.0,1,1.0,1,1.0,1,0.247196693409604,34
493,4,1908,352,1556,0,0,0,1.0,1,1.0,1,1.0,1,0.25181065996828217,34
494,3,1911,352,1559,0,0,0,1.0,1,1.0,1,1.0,1,0.2377301488764683,36
495,4,1915,352,1563,0,0,0,1.0,1,1.0,1,1.0,1,0.260096861697708,36
496,7,1922,353,1569,0,0,0,1.0,1,1.0,1,1.0,1,0.19080670440228423,37
497,9,1931,353,1578,0,0,0,1.0,1,1.0,1,1.0,1,0.2119003866776408,39
498,4,1935,354,1581,0,0,0,1.0,1,1.0,1,1.0,1,0.23184740991190203,40
499,4,1939,354,1585,0,0,0,1.0,1,1.0,1,1.0,1,0.19808015995541822,40
500,7,1946,355,1591,0,0,0,1.0,1,1.0,1,1.0,1,0.23649158380573893,42
501,6,1952,355,1597,0,0,0,1.0,1,1.0,1,1.0,1,0.11322023428537266,42
502,1,1953,356,1597,0,0,0,1.0,1,1.0,1,1.0,1,0.1657368008579781,42
503,1,1954,357,1597,0,0,0,1.0,1,1.0,1,1.0,1,0.1730589384893546,41
504,4,1958,359,1599,0,0,0,1.0,1,1.0,1,1.0,1,0.23345176449844682,42
505,3,1961,360,1601,0,0,0,1.0,1,1.0,1,1.0,1,0.19958052265578266,38
506,3,1964,361,1603,0,0,0,1.0,1,1.0,1,1.0,1,0.2430298209786869,37
507,6,1970,362,1608,0,0,0,1.0,1,1.0,1,1.0,1,0.21608392183379072,35
508,4,1974,364,1610,0,0,0,1.0,1,1.0,1,1.0,1,0.25573827778105956,35
509,1,1975,365,1610,0,0,0,1.0,1,1.0,1,1.0,1,0.21234488364600398,34
510,1,1976,366,1610,0,0,0,1.0,1,1.0,1,1.0,1,0.26391358745667065,34
511,1,1977,367,1610,0,0,0,1.0,1,1.0,1,1.0,1,0.2853981913160725,32
512,1,1978,367,1611,0,0,0,1.0,1,1.0,1,1.0,1,0.31417207795738916,30
513,1,1979,368,1611,0,0,0,1.0,1,1.0,1,1.0,1,0.3130958257424935,31
514,3,1982,368,1614,0,0,0,1.0,1,1.0,1,1.0,1,0.2708556534892117,31
515,4,1986,369,1617,0,0,0,1.0,1,1.0,1,1.0,1,0.3009787781018177,32
516,1,1987,369,1618,0,0,0,1.0,1,1.0,1,1.0,1,0.2528637884763369,31
517,1,1988,369,1619,0,0,0,1.0,1,1.0,1,1.0,1,0.2586128364744042,32
518,0,1988,369,1619,0,0,0,1.0,1,1.0,1,1.0,1,0.2666218219419752,31
519,3,1991,370,1621,0,0,0,1.0,1,1.0,1,1.0,1,0.27767750127851953,31
520,2,1993,371,1622,0,0,0,1.0,1,1.0,1,1.0,1,0.301075025985387,33
521,9,2002,372,1630,0,0,0,1.0,1,1.0,1,1.0,1,0.1465344546187844,34
522,1,2003,372,1631,0,0,0,1.0,1,1.0,1,1.0,1,0.1361419403501444,34
523,1,2004,372,1632,0,0,0,1.0,1,1.0,1,1.0,1,0.16573204819477796,33
524,1,2005,372,1633,0,0,0,1.0,1,1.0,1,1.0,1,0.138523046667023,34
525,1,2006,372,1634,0,0,0,1.0,1,1.0,1,1.0,1,0.1408873940423699,32
526,1,2007,372,1635,0,0,0,1.0,1,1.0,1,1.0,1,0.15316580211635858,32
527,4,2011,373,1638,0,0,0,1.0,1,1.0,1,1.0,1,0.24759723062121375,31
528,6,2017,375,1642,0,0,0,1.0,1,1.0,1,1.0,1,0.2710222882648334,31
529,3,2020,375,1645,0,0,0,1.0,1,1.0,1,1.0,1,0.24439273642446083,30
530,2,2022,376,1646,0,0,0,1.0,1,1.0,1,1.0,1,0.25850958117149575,30
531,3,2025,376,1649,0,0,0,1.0,1,1.0,1,1.0,1,0.289737035373737,32
532,5,2030,377,1653,0,0,0,1.0,1,1.0,1,1.0,1,0.30860095577616287,32
533,3,2033,378,1655,0,0,0,1.0,1,1.0,1,1.0,1,0.33532880687890376,34
534,5,2038,379,1659,0,0,0,1.0,1,1.0,1,1.0,1,0.34232437878856103,34
535,12,2050,381,1669,0,0,0,1.0,1,1.0,1,1.0,1,0.382314115771405,37
536,8,2058,381,1677,0,0,0,1.0,1,1.0,1,1.0,1,0.3917183179945159,37
537,6,2064,382,1682,0,0,0,1.0,1,1.0,1,1.0,1,0.3864997599952362,37
538,3,2067,382,1685,0,0,0,1.0,1,1.0,1,1.0,1,0.37135776800257964,38
539,8,2075,382,1693,0,0,0,1.0,1,1.0,1,1.0,1,0.37135776800257964,38
540,7,2082,382,1700,0,0,0,1.0,1,1.0,1,1.0,1,0.3385534042164669,38
541,8,2090,382,1708,0,0,0,1.0,1,1.0,1,1.0,1,0.21698756437149955,39
542,3,2093,384,1709,0,0,0,1.0,1,1.0,1,1.0,1,0.19249527001137795,40
543,0,2093,384,1709,0,0,0,1.0,1,1.0,1,1.0,1,0.22253328190364582,37
544,5,2098,386,1712,0,0,0,1.0,1,1.0,1,1.0,1,0.17934810645255728,35
545,4,2102,387,1715,0,0,0,1.0,1,1.0,1,1.0,1,0.1719401351276204,35
546,5,2107,390,1717,0,0,0,1.0,1,1.0,1,1.0,1,0.18831077928194756,35
547,6,2113,391,1722,0,0,0,1.0,1,1.0,1,1.0,1,0.19902377896192397,34
548,3,2116,393,1723,0,0,0,1.0,1,1.0,1,1.0,1,0.2902114547909264,34
549,8,2124,394,1730,0,0,0,1.0,1,1.0,1,1.0,1,0.2972925535261736,31
550,3,2127,394,1733,0,0,0,1.0,1,1.0,1,1.0,1,0.25644076304857977,30
551,5,2132,395,1737,0,0,0,1.0,1,1.0,1,1.0,1,0.2878199464249856,31
552,6,2138,395,1743,0,0,0,1.0,1,1.0,1,1.0,1,0.23701538810584055,29
553,3,2141,395,1746,0,0,0,1.0,1,1.0,1,1.0,1,0.20446000942180947,30
554,1,2142,395,1747,0,0,0,1.0,1,1.0,1,1.0,1,0.2043219807146604,30
555,0,2142,395,1747,0,0,0,1.0,1,1.0,1,1.0,1,0.22328972643807374,30
556,4,2146,395,1751,0,0,0,1.0,1,1.0,1,1.0,1,0.270101773777906,31
557,1,2147,395,1752,0,0,0,1.0,1,1.0,1,1.0,1,0.2288224809292367,31
558,3,2150,395,1755,0,0,0,1.0,1,1.0,1,1.0,1,0.23261693385891852,31
559,2,2152,395,1757,0,0,0,1.0,1,1.0,1,1.0,1,0.2276725975873162,31
560,1,2153,395,1758,0,0,0,1.0,1,1.0,1,1.0,1,0.2510756020340138,32
561,8,2161,397,1764,0,0,0,1.0,1,1.0,1,1.0,1,0.14956519399398696,33
562,2,2163,397,1766,0,0,0,1.0,1,1.0,1,1.0,1,0.13587216116007958,33
563,4,2167,400,1767,0,0,0,1.0,1,1.0,1,1.0,1,0.20291672083926746,33
564,6,2173,403,1770,0,0,0,1.0,1,1.0,1,1.0,1,0.24875378542680088,34
565,3,2176,403,1773,0,0,0,1.0,1,1.0,1,1.0,1,0.19914288951373288,35
566,3,2179,403,1776,0,0,0,1.0,1,1.0,1,1.0,1,0.19931171150470386,36
567,8,2187,404,1783,0,0,0,1.0,1,1.0,1,1.0,1,0.2283953023589284,37
568,10,2197,405,1792,0,0,0,1.0,1,1.0,1,1.0,1,0.23781019705481116,36
569,7,2204,405,1799,0,0,0,1.0,1,1.0,1,1.0,1,0.2580412053926911,37
570,11,2215,405,1810,0,0,0,1.0,1,1.0,1,1.0,1,0.17957065969602168,38
571,4,2219,405,1814,0,0,0,1.0,1,1.0,1,1.0,1,0.18030604578165127,38
572,6,2225,405,1820,0,0,0,1.0,1,1.0,1,1.0,1,0.1849278341024314,39
573,10,2235,405,1830,0,0,0,1.0,1,1.0,1,1.0,1,0.1836450657626334,39
574,10,2245,405,1840,0,0,0,1.0,1,1.0,1,1.0,1,0.20190401757385754,41
575,10,2255,405,1850,0,0,0,1.0,1,1.0,1,1.0,1,0.1988322192639542,41
576,4,2259,405,1854,0,0,0,1.0,1,1.0,1,1.0,1,0.2150969915164698,42
577,8,2267,405,1862,0,0,0,1.0,1,1.0,1,1.0,1,0.22993885969430136,42
578,7,2274,405,1869,0,0,0,1.0,1,1.0,1,1.0,1,0.2173991942845185,41
579,10,2284,405,1879,0,0,0,1.0,1,1.0,1,1.0,1,0.19503811726123466,42
580,11,2295,406,1889,0,0,0,1.0,1,1.0,1,1.0,1,0.25641835459563,43
581,6,2301,406,1895,0,0,0,1.0,1,1.0,1,1.0,1,0.12350590198953001,42
582,4,2305,407,1898,0,0,0,1.0,1,1.0,1,1.0,1,0.0755215711894492,41
583,5,2310,408,1902,0,0,0,1.0,1,1.0,1,1.0,1,0.10051763360292734,40
584,5,2315,409,1906,0,0,0,1.0,1,1.0,1,1.0,1,0.17955189723992257,38
585,7,2322,412,1910,0,0,0,1.0,1,1.0,1,1.0,1,0.1902340111041781,38
586,3,2325,413,1912,0,0,0,1.0,1,1.0,1,1.0,1,0.19512379685231213,37
587,3,2328,416,1912,0,0,0,1.0,1,1.0,1,1.0,1,0.30661128334341353,35
588,3,2331,419,1912,0,0,0,1.0,1,1.0,1,1.0,1,0.28386645900605423,35
589,5,2336,421,1915,0,0,0,1.0,1,1.0,1,1.0,1,0.1947313057494735,34
590,1,2337,421,1916,0,0,0,1.0,1,1.0,1,1.0,1,0.1853558170742231,36
591,1,2338,422,1916,0,0,0,1.0,1,1.0,1,1.0,1,0.19229766526030972,35
592,0,2338,422,1916,0,0,0,1.0,1,1.0,1,1.0,1,0.20027794608593832,37
593,2,2340,424,1916,0,0,0,1.0,1,1.0,1,1.0,1,0.21452568567996608,36
594,3,2343,426,1917,0,0,0,1.0,1,1.0,1,1.0,1,0.2648949702920383,35
595,3,2346,427,1919,0,0,0,1.0,1,1.0,1,1.0,1,0.2537917215332012,34
596,2,2348,428,1920,0,0,0,1.0,1,1.0,1,1.0,1,0.2747965984608188,34
597,1,2349,429,1920,0,0,0,1.0,1,1.0,1,1.0,1,0.2903566399900891,33
598,0,2349,429,1920,0,0,0,1.0,1,1.0,1,1.0,1,0.3106991879307226,33
599,1,2350,430,1920,0,0,0,1.0,1,1.0,1,1.0,1,0.30391237412626704,33
600,3,2353,431,1922,0,0,0,1.0,1,1.0,1,1.0,1,0.3307598677717465,33
601,5,2358,431,1927,0,0,0,1.0,1,1.0,1,1.0,1,0.2261139399105181,34
602,3,2361,431,1930,0,0,0,1.0,1,1.0,1,1.0,1,0.21322172323471766,35
603,3,2364,431,1933,0,0,0,1.0,1,1.0,1,1.0,1,0.22662411576249442,35
604,2,2366,431,1935,0,0,0,1.0,1,1.0,1,1.0,1,0.1959336599159739,35
605,1,2367,431,1936,0,0,0,1.0,1,1.0,1,1.0,1,0.19411210995621175,35
606,1,2368,431,1937,0,0,0,1.0,1,1.0,1,1.0,1,0.20788861393179042,35
607,4,2372,432,1940,0,0,0,1.0,1,1.0,1,1.0,1,0.23208977533103273,35
608,4,2376,432,1944,0,0,0,1.0,1,1.0,1,1.0,1,0.188838249948279,36
609,6,2382,433,1949,0,0,0,1.0,1,1.0,1,1.0,1,0.2551499643452781,37
610,10,2392,434,1958,0,0,0,1.0,1,1.0,1,1.0,1,0.23496948005842877,37
611,9,2401,434,1967,0,0,0,1.0,1,1.0,1,1.0,1,0.261304157046669,39
612,10,2411,435,1976,0,0,0,1.0,1,1.0,1,1.0,1,0.24257554441188947,39
613,16,2427,437,1990,0,0,0,1.0,1,1.0,1,1.0,1,0.2746496435771169,39
614,13,2440,438,2002,0,0,0,1.0,1,1.0,1,1.0,1,0.3228536139289023,39
615,12,2452,438,2014,0,0,0,1.0,1,1.0,1,1.0,1,0.27041546222651075,39
616,15,2467,439,2028,0,0,0,1.0,1,1.0,1,1.0,1,0.32491594772723137,38
617,10,2477,440,2037,0,0,0,1.0,1,1.0,1,1.0,1,0.317516199771991,39
618,7,2484,441,2043,0,0,0,1.0,1,1.0,1,1.0,1,0.3216323834331513,40
619,8,2492,441,2051,0,0,0,1.0,1,1.0,1,1.0,1,0.30955452506756304,39
620,13,2505,442,2063,0,0,0,1.0,1,1.0,1,1.0,1,0.3454565828664664,38
621,15,2520,443,2077,0,0,0,1.0,1,1.0,1,1.0,1,0.1942653957902723,38
622,6,2526,443,2083,0,0,0,1.0,1,1.0,1,1.0,1,0.18621188970156502,38
623,5,2531,443,2088,0,0,0,1.0,1,1.0,1,1.0,1,0.20089704407693407,37
624,10,2541,446,2095,0,0,0,1.0,1,1.0,1,1.0,1,0.29419764751421723,33
625,2,2543,446,2097,0,0,0,1.0,1,1.0,1,1.0,1,0.30732962462749913,32
626,4,2547,448,2099,0,0,0,1.0,1,1.0,1,1.0,1,0.3099895571924931,31
627,3,2550,448,2102,0,0,0,1.0,1,1.0,1,1.0,1,0.24662973489963985,30
628,6,2556,450,2106,0,0,0,1.0,1,1.0,1,1.0,1,0.28024014089842675,32
629,9,2565,453,2112,0,0,0,1.0,1,1.0,1,1.0,1,0.41055273574540285,29
630,11,2576,455,2121,0,0,0,1.0,1,1.0,1,1.0,1,0.4215471822759744,29
631,10,2586,457,2129,0,0,0,1.0,1,1.0,1,1.0,1,0.4961499205989331,25
632,4,2590,458,2132,0,0,0,1.0,1,1.0,1,1.0,1,0.4759980708313339,24
633,5,2595,458,2137,0,0,0,1.0,1,1.0,1,1.0,1,0.490522017958458,23
634,6,2601,459,2142,0,0,0,1.0,1,1.0,1,1.0,1,0.4464402769912842,23
635,2,2603,459,2144,0,0,0,1.0,1,1.0,1,1.0,1,0.453667266217752,22
636,3,2606,459,2147,0,0,0,1.0,1,1.0,1,1.0,1,0.4958222443113445,22
637,5,2611,459,2152,0,0,0,1.0,1,1.0,1,1.0,1,0.49288669610065805,23
638,5,2616,459,2157,0,0,0,1.0,1,1.0,1,1.0,1,0.45461899142089446,23
639,3,2619,459,2160,0,0,0,1.0,1,1.0,1,1.0,1,0.4678939917504383,24
640,4,2623,460,2163,0,0,0,1.0,1,1.0,1,1.0,1,0.3946178221922129,24
641,7,2630,460,2170,0,0,0,1.0,1,1.0,1,1.0,1,0.22190238726623437,25
642,3,2633,460,2173,0,0,0,1.0,1,1.0,1,1.0,1,0.13138370095147883,26
643,3,2636,460,2176,0,0,0,1.0,1,1.0,1,1.0,1,0.16896450861214832,28
644,3,2639,460,2179,0,0,0,1.0,1,1.0,1,1.0,1,0.20908007769182113,28
645,6,2645,460,2185,0,0,0,1.0,1,1.0,1,1.0,1,0.2008067739931239,28
646,6,2651,460,2191,0,0,0,1.0,1,1.0,1,1.0,1,0.20187435908181356,29
647,4,2655,461,2194,0,0,0,1.0,1,1.0,1,1.0,1,0.261178607266173,30
648,5,2660,461,2199,0,0,0,1.0,1,1.0,1,1.0,1,0.26183072347292424,30
649,6,2666,461,2205,0,0,0,1.0,1,1.0,1,1.0,1,0.23993490594468073,31
650,6,2672,461,2211,0,0,0,1.0,1,1.0,1,1.0,1,0.2376638575435831,31
651,7,2679,462,2217,0,0,0,1.0,1,1.0,1,1.0,1,0.23104412086745643,32
652,7,2686,462,2224,0,0,0,1.0,1,1.0,1,1.0,1,0.2536138487002745,32
653,4,2690,462,2228,0,0,0,1.0,1,1.0,1,1.0,1,0.23663762868797772,33
654,4,2694,463,2231,0,0,0,1.0,1,1.0,1,1.0,1,0.2290241912704175,33
655,11,2705,465,2240,0,0,0,1.0,1,1.0,1,1.0,1,0.26538917171856596,36
656,11,2716,467,2249,0,0,0,1.0,1,1.0,1,1.0,1,0.2896080660330179,36
657,9,2725,467,2258,0,0,0,1.0,1,1.0,1,1.0,1,0.28502816365584804,35
658,10,2735,468,2267,0,0,0,1.0,1,1.0,1,1.0,1,0.3291941950030021,33
659,10,2745,468,2277,0,0,0,1.0,1,1.0,1,1.0,1,0.30170700651366983,35
660,9,2754,469,2285,0,0,0,1.0,1,1.0,1,1.0,1,0.2970608572352903,34
661,6,2760,469,2291,0,0,0,1.0,1,1.0,1,1.0,1,0.2355380197677497,33
662,3,2763,471,2292,0,0,0,1.0,1,1.0,1,1.0,1,0.24749105141152186,31
663,3,2766,471,2295,0,0,0,1.0,1,1.0,1,1.0,1,0.22223807825255273,29
664,1,2767,472,2295,0,0,0,1.0,1,1.0,1,1.0,1,0.28291588978283433,27
665,2,2769,472,2297,0,0,0,1.0,1,1.0,1,1.0,1,0.20873987661904864,27
666,7,2776,476,2300,0,0,0,1.0,1,1.0,1,1.0,1,0.23195909759494174,28
667,3,2779,476,2303,0,0,0,1.0,1,1.0,1,1.0,1,0.23542170302069992,26
668,6,2785,478,2307,0,0,0,1.0,1,1.0,1,1.0,1,0.29303106270432594,26
669,5,2790,480,2310,0,0,0,1.0,1,1.0,1,1.0,1,0.264501723910921,25
670,1,2791,480,2311,0,0,0,1.0,1,1.0,1,1.0,1,0.2298504047195208,24
671,1,2792,480,2312,0,0,0,1.0,1,1.0,1,1.0,1,0.2252562353451482,24
672,5,2797,480,2317,0,0,0,1.0,1,1.0,1,1.0,1,0.22794973260468382,25
673,3,2800,480,2320,0,0,0,1.0,1,1.0,1,1.0,1,0.23589402186304367,25
674,2,2802,480,2322,0,0,0,1.0,1,1.0,1,1.0,1,0.23589402186304367,25
675,2,2804,480,2324,0,0,0,1.0,1,1.0,1,1.0,1,0.268866788950725,26
676,2,2806,481,2325,0,0,0,1.0,1,1.0,1,1.0,1,0.29511212208658394,27
677,1,2807,481,2326,0,0,0,1.0,1,1.0,1,1.0,1,0.2731941138422943,28
678,1,2808,481,2327,0,0,0,1.0,1,1.0,1,1.0,1,0.29180679359716893,28
679,4,2812,482,2330,0,0,0,1.0,1,1.0,1,1.0,1,0.3371731378196701,30
680,4,2816,482,2334,0,0,0,1.0,1,1.0,1,1.0,1,0.2849433118899982,29
681,7,2823,483,2340,0,0,0,1.0,1,1.0,1,1.0,1,0.0982855141743406,29
682,4,2827,483,2344,0,0,0,1.0,1,1.0,1,1.0,1,0.11877524525981321,30
683,2,2829,483,2346,0,0,0,1.0,1,1.0,1,1.0,1,0.15090720276357386,30
684,6,2835,483,2352,0,0,0,1.0,1,1.0,1,1.0,1,0.14382730306164718,31
685,2,2837,483,2354,0,0,0,1.0,1,1.0,1,1.0,1,0.1279059850913434,30
686,7,2844,485,2359,0,0,0,1.0,1,1.0,1,1.0,1,0.23765163523225302,30
687,5,2849,485,2364,0,0,0,1.0,1,1.0,1,1.0,1,0.2039884204680615,30
688,2,2851,485,2366,0,0,0,1.0,1,1.0,1,1.0,1,0.21124311122045078,31
689,5,2856,486,2370,0,0,0,1.0,1,1.0,1,1.0,1,0.23921094642021756,32
690,5,2861,486,2375,0,0,0,1.0,1,1.0,1,1.0,1,0.23310008647507566,32
691,5,2866,488,2378,0,0,0,1.0,1,1.0,1,1.0,1,0.24339436835046982,32
692,3,2869,489,2380,0,0,0,1.0,1,1.0,1,1.0,1,0.2708989505613496,32
693,8,2877,491,2386,0,0,0,1.0,1,1.0,1,1.0,1,0.21229286764283423,34
694,3,2880,491,2389,0,0,0,1.0,1,1.0,1,1.0,1,0.24369775378758834,36
695,5,2885,492,2393,0,0,0,1.0,1,1.0,1,1.0,1,0.2560342225509371,34
696,8,2893,493,2400,0,0,0,1.0,1,1.0,1,1.0,1,0.2619886091655868,33
697,2,2895,493,2402,0,0,0,1.0,1,1.0,1,1.0,1,0.26024188542408194,33
698,3,2898,493,2405,0,0,0,1.0,1,1.0,1,1.0,1,0.25969295579713764,34
699,3,2901,493,2408,0,0,0,1.0,1,1.0,1,1.0,1,0.2320623571110545,33
700,1,2902,493,2409,0,0,0,1.0,1,1.0,1,1.0,1,0.22535937026388742,32
701,4,2906,493,2413,0,0,0,1.0,1,1.0,1,1.0,1,0.12007277039034753,33
702,5,2911,496,2415,0,0,0,1.0,1,1.0,1,1.0,1,0.20419606345698874,34
703,4,2915,496,2419,0,0,0,1.0,1,1.0,1,1.0,1,0.20469137319080719,32
704,3,2918,496,2422,0,0,0,1.0,1,1.0,1,1.0,1,0.16382595963438748,31
705,4,2922,499,2423,0,0,0,1.0,1,1.0,1,1.0,1,0.14143053385881033,33
706,0,2922,499,2423,0,0,0,1.0,1,1.0,1,1.0,1,0.1447047641967046,33
707,0,2922,499,2423,0,0,0,1.0,1,1.0,1,1.0,1,0.21328685096690658,31
708,2,2924,501,2423,0,0,0,1.0,1,1.0,1,1.0,1,0.2459565953420448,31
709,3,2927,502,2425,0,0,0,1.0,1,1.0,1,1.0,1,0.2695015698429956,30
710,1,2928,503,2425,0,0,0,1.0,1,1.0,1,1.0,1,0.2668619783538289,30
711,0,2928,503,2425,0,0,0,1.0,1,1.0,1,1.0,1,0.25114159576381845,30
712,0,2928,503,2425,0,0,0,1.0,1,1.0,1,1.0,1,0.23087656816493005,30
713,0,2928,503,2425,0,0,0,1.0,1,1.0,1,1.0,1,0.2461581738193247,31
714,1,2929,503,2426,0,0,0,1.0,1,1.0,1,1.0,1,0.23774912028178488,31
715,0,2929,503,2426,0,0,0,1.0,1,1.0,1,1.0,1,0.2410671452346509,30
716,2,2931,505,2426,0,0,0,1.0,1,1.0,1,1.0,1,0.24886210020364383,31
717,2,2933,505,2428,0,0,0,1.0,1,1.0,1,1.0,1,0.247069423343098,32
718,4,2937,506,2431,0,0,0,1.0,1,1.0,1,1.0,1,0.21921179988265518,32
719,0,2937,506,2431,0,0,0,1.0,1,1.0,1,1.0,1,0.21921179988265518,32
720,0,2937,506,2431,0,0,0,1.0,1,1.0,1,1.0,1,0.19482366368732507,34
721,0,2937,506,2431,0,0,0,1.0,1,1.0,1,1.0,1,0.19482366368732507,34
722,0,2937,506,2431,0,0,0,1.0,1,1.0,1,1.0,1,0.19482366368732507,34
723,1,2938,506,2432,0,0,0,1.0,1,1.0,1,1.0,1,0.1934674885152771,35
724,2,2940,508,2432,0,0,0,1.0,1,1.0,1,1.0,1,0.25175960962609084,36
725,2,2942,508,2434,0,0,0,1.0,1,1.0,1,1.0,1,0.22507493396102785,37
726,1,2943,508,2435,0,0,0,1.0,1,1.0,1,1.0,1,0.19970033488956798,37
727,1,2944,508,2436,0,0,0,1.0,1,1.0,1,1.0,1,0.21035836970829122,38
728,0,2944,508,2436,0,0,0,1.0,1,1.0,1,1.0,1,0.20361702311273785,39
729,0,2944,508,2436,0,0,0,1.0,1,1.0,1,1.0,1,0.20361702311273785,39
730,0,2944,508,2436,0,0,0,1.0,1,1.0,1,1.0,1,0.19804037362824384,40
731,0,2944,508,2436,0,0,0,1.0,1,1.0,1,1.0,1,0.19804037362824384,40
732,1,2945,508,2437,0,0,0,1.0,1,1.0,1,1.0,1,0.2121958576546285,41
733,3,2948,508,2440,0,0,0,1.0,1,1.0,1,1.0,1,0.16626872235083134,41
734,2,2950,508,2442,0,0,0,1.0,1,1.0,1,1.0,1,0.16262924211331942,42
735,2,2952,508,2444,0,0,0,1.0,1,1.0,1,1.0,1,0.14833243166146196,42
736,4,2956,508,2448,0,0,0,1.0,1,1.0,1,1.0,1,0.18938338616553427,41
737,3,2959,509,2450,0,0,0,1.0,1,1.0,1,1.0,1,0.2420395769470712,41
738,2,2961,509,2452,0,0,0,1.0,1,1.0,1,1.0,1,0.20532948802309534,39
739,3,2964,510,2454,0,0,0,1.0,1,1.0,1,1.0,1,0.22707680657543025,39
740,6,2970,510,2460,0,0,0,1.0,1,1.0,1,1.0,1,0.2396646351716241,39
741,4,2974,510,2464,0,0,0,1.0,1,1.0,1,1.0,1,0.1772618139555537,38
742,2,2976,510,2466,0,0,0,1.0,1,1.0,1,1.0,1,0.12205432170585633,39
743,4,2980,512,2468,0,0,0,1.0,1,1.0,1,1.0,1,0.11395278168752543,39
744,4,2984,515,2469,0,0,0,1.0,1,1.0,1,1.0,1,0.13823832063147823,39
745,4,2988,517,2471,0,0,0,1.0,1,1.0,1,1.0,1,0.10056718588885848,39
746,4,2992,519,2473,0,0,0,1.0,1,1.0,1,1.0,1,0.131770102280546,40
747,4,2996,520,2476,0,0,0,1.0,1,1.0,1,1.0,1,0.1502125097739528,41
748,2,2998,521,2477,0,0,0,1.0,1,1.0,1,1.0,1,0.1696660118245928,41
749,1,2999,521,2478,0,0,0,1.0,1,1.0,1,1.0,1,0.15548317316383542,41
750,5,3004,521,2483,0,0,0,1.0,1,1.0,1,1.0,1,0.12589888128418528,39
751,5,3009,522,2487,0,0,0,1.0,1,1.0,1,1.0,1,0.11213724716575832,41
752,6,3015,524,2491,0,0,0,1.0,1,1.0,1,1.0,1,0.1540783968243122,41
753,2,3017,524,2493,0,0,0,1.0,1,1.0,1,1.0,1,0.1689832419550204,41
754,8,3025,527,2498,0,0,0,1.0,1,1.0,1,1.0,1,0.20928216599606939,41
755,7,3032,527,2505,0,0,0,1.0,1,1.0,1,1.0,1,0.24523307178056028,41
756,6,3038,528,2510,0,0,0,1.0,1,1.0,1,1.0,1,0.2469408586961165,41
757,5,3043,530,2513,0,0,0,1.0,1,1.0,1,1.0,1,0.2921463908389843,39
758,5,3048,530,2518,0,0,0,1.0,1,1.0,1,1.0,1,0.24668351964919885,39
759,3,3051,530,2521,0,0,0,1.0,1,1.0,1,1.0,1,0.27129315719096386,39
760,5,3056,530,2526,0,0,0,1.0,1,1.0,1,1.0,1,0.26237654479117306,40
761,10,3066,530,2536,0,0,0,1.0,1,1.0,1,1.0,1,0.12834660930008826,41
762,4,3070,530,2540,0,0,0,1.0,1,1.0,1,1.0,1,0.14891868152341725,42
763,1,3071,530,2541,0,0,0,1.0,1,1.0,1,1.0,1,0.1550395597401607,43
764,2,3073,530,2543,0,0,0,1.0,1,1.0,1,1.0,1,0.1550395597401607,43
765,3,3076,530,2546,0,0,0,1.0,1,1.0,1,1.0,1,0.12608946958081074,45
766,1,3077,530,2547,0,0,0,1.0,1,1.0,1,1.0,1,0.1379068067599859,45
767,4,3081,530,2551,0,0,0,1.0,1,1.0,1,1.0,1,0.18438359615410022,46
768,4,3085,530,2555,0,0,0,1.0,1,1.0,1,1.0,1,0.14900574141781245,45
769,3,3088,530,2558,0,0,0,1.0,1,1.0,1,1.0,1,0.1521705518532352,46
770,3,3091,530,2561,0,0,0,1.0,1,1.0,1,1.0,1,0.16003462409488312,47
771,5,3096,533,2563,0,0,0,1.0,1,1.0,1,1.0,1,0.19145506897916953,47
772,2,3098,534,2564,0,0,0,1.0,1,1.0,1,1.0,1,0.20679609739705515,46
773,3,3101,536,2565,0,0,0,1.0,1,1.0,1,1.0,1,0.23899026983021734,45
774,2,3103,536,2567,0,0,0,1.0,1,1.0,1,1.0,1,0.2137551111548424,45
775,6,3109,538,2571,0,0,0,1.0,1,1.0,1,1.0,1,0.24717973695151568,45
776,5,3114,538,2576,0,0,0,1.0,1,1.0,1,1.0,1,0.15878283643635205,43
777,8,3122,538,2584,0,0,0,1.0,1,1.0,1,1.0,1,0.1701721963070638,44
778,11,3133,540,2593,0,0,0,1.0,1,1.0,1,1.0,1,0.1854957097724301,45
779,5,3138,540,2598,0,0,0,1.0,1,1.0,1,1.0,1,0.18441641430855513,45
780,4,3142,541,2601,0,0,0,1.0,1,1.0,1,1.0,1,0.18999329343841886,45
781,5,3147,541,2606,0,0,0,1.0,1,1.0,1,1.0,1,0.10605884833848574,46
782,1,3148,542,2606,0,0,0,1.0,1,1.0,1,1.0,1,0.18002237871710797,47
783,4,3152,542,2610,0,0,0,1.0,1,1.0,1,1.0,1,0.10986533745793083,46
784,1,3153,542,2611,0,0,0,1.0,1,1.0,1,1.0,1,0.10143164662336966,45
785,0,3153,542,2611,0,0,0,1.0,1,1.0,1,1.0,1,0.12230806130815874,43
786,0,3153,542,2611,0,0,0,1.0,1,1.0,1,1.0,1,0.12230806130815874,43
787,2,3155,543,2612,0,0,0,1.0,1,1.0,1,1.0,1,0.1316505808746681,43
788,1,3156,544,2612,0,0,0,1.0,1,1.0,1,1.0,1,0.1394166571044377,44
789,2,3158,545,2613,0,0,0,1.0,1,1.0,1,1.0,1,0.16662298624491564,46
790,4,3162,547,2615,0,0,0,1.0,1,1.0,1,1.0,1,0.16238695404486753,46
791,0,3162,547,2615,0,0,0,1.0,1,1.0,1,1.0,1,0.18756911635802054,46
792,1,3163,547,2616,0,0,0,1.0,1,1.0,1,1.0,1,0.19794917467291376,47
793,4,3167,547,2620,0,0,0,1.0,1,1.0,1,1.0,1,0.16783969236149185,48
794,0,3167,547,2620,0,0,0,1.0,1,1.0,1,1.0,1,0.18310246931653992,48
795,0,3167,547,2620,0,0,0,1.0,1,1.0,1,1.0,1,0.18596070535334253,47
796,2,3169,548,2621,0,0,0,1.0,1,1.0,1,1.0,1,0.2471214828865472,45
797,5,3174,548,2626,0,0,0,1.0,1,1.0,1,1.0,1,0.2326221572129475,47
798,4,3178,548,2630,0,0,0,1.0,1,1.0,1,1.0,1,0.21256241514652896,48
799,5,3183,548,2635,0,0,0,1.0,1,1.0,1,1.0,1,0.17673780063442482,48
800,2,3185,549,2636,0,0,0,1.0,1,1.0,1,1.0,1,0.18623159806504289,48
801,2,3187,550,2637,0,0,0,1.0,1,1.0,1,1.0,1,0.1606521243773098,49
802,3,3190,551,2639,0,0,0,1.0,1,1.0,1,1.0,1,0.16264873120417964,50
803,0,3190,551,2639,0,0,0,1.0,1,1.0,1,1.0,1,0.16264873120417964,50
804,0,3190,551,2639,0,0,0,1.0,1,1.0,1,1.0,1,0.16264873120417964,50
805,1,3191,552,2639,0,0,0,1.0,1,1.0,1,1.0,1,0.17785406747996205,50
806,0,3191,552,2639,0,0,0,1.0,1,1.0,1,1.0,1,0.16719383751812758,51
807,1,3192,553,2639,0,0,0,1.0,1,1.0,1,1.0,1,0.17198570658909787,51
808,2,3194,553,2641,0,0,0,1.0,1,1.0,1,1.0,1,0.15651010947401492,53
809,1,3195,554,2641,0,0,0,1.0,1,1.0,1,1.0,1,0.141496805808521,51
810,0,3195,554,2641,0,0,0,1.0,1,1.0,1,1.0,1,0.13436200826222325,52
811,1,3196,555,2641,0,0,0,1.0,1,1.0,1,1.0,1,0.1564591811276775,50
812,2,3198,555,2643,0,0,0,1.0,1,1.0,1,1.0,1,0.12779935209916227,51
813,3,3201,556,2645,0,0,0,1.0,1,1.0,1,1.0,1,0.15087755077915802,51
814,1,3202,557,2645,0,0,0,1.0,1,1.0,1,1.0,1,0.1847938707518823,52
815,2,3204,558,2646,0,0,0,1.0,1,1.0,1,1.0,1,0.19307659470315122,50
816,0,3204,558,2646,0,0,0,1.0,1,1.0,1,1.0,1,0.19307659470315122,50
817,0,3204,558,2646,0,0,0,1.0,1,1.0,1,1.0,1,0.19500496753304267,49
818,2,3206,560,2646,0,0,0,1.0,1,1.0,1,1.0,1,0.21957878998385366,49
819,2,3208,560,2648,0,0,0,1.0,1,1.0,1,1.0,1,0.19472708686126403,50
820,0,3208,560,2648,0,0,0,1.0,1,1.0,1,1.0,1,0.21420059580286835,49
821,4,3212,560,2652,0,0,0,1.0,1,1.0,1,1.0,1,0.17146817666989383,49
822,2,3214,562,2652,0,0,0,1.0,1,1.0,1,1.0,1,0.15953587727546756,49
823,5,3219,564,2655,0,0,0,1.0,1,1.0,1,1.0,1,0.1776301355213208,47
824,4,3223,567,2656,0,0,0,1.0,1,1.0,1,1.0,1,0.1733502532906353,45
825,2,3225,568,2657,0,0,0,1.0,1,1.0,1,1.0,1,0.17940215180196056,43
826,3,3228,571,2657,0,0,0,1.0,1,1.0,1,1.0,1,0.16213916824220959,44
827,2,3230,573,2657,0,0,0,1.0,1,1.0,1,1.0,1,0.19542100228365988,43
828,4,3234,575,2659,0,0,0,1.0,1,1.0,1,1.0,1,0.2504308889287958,43
829,3,3237,576,2661,0,0,0,1.0,1,1.0,1,1.0,1,0.2320179663671098,45
830,7,3244,576,2668,0,0,0,1.0,1,1.0,1,1.0,1,0.23161002372061032,46
831,6,3250,578,2672,0,0,0,1.0,1,1.0,1,1.0,1,0.19834261865150615,48
832,4,3254,579,2675,0,0,0,1.0,1,1.0,1,1.0,1,0.224558091685815,47
833,6,3260,580,2680,0,0,0,1.0,1,1.0,1,1.0,1,0.19552263429311725,47
834,1,3261,581,2680,0,0,0,1.0,1,1.0,1,1.0,1,0.18111784276196866,46
835,0,3261,581,2680,0,0,0,1.0,1,1.0,1,1.0,1,0.2004839021370086,45
836,3,3264,583,2681,0,0,0,1.0,1,1.0,1,1.0,1,0.20262028726740614,46
837,1,3265,583,2682,0,0,0,1.0,1,1.0,1,1.0,1,0.19897815627063806,46
838,1,3266,583,2683,0,0,0,1.0,1,1.0,1,1.0,1,0.22947815137975633,45
839,3,3269,586,2683,0,0,0,1.0,1,1.0,1,1.0,1,0.2684761327830744,46
840,2,3271,586,2685,0,0,0,1.0,1,1.0,1,1.0,1,0.2486931025443351,46
841,11,3282,587,2695,0,0,0,1.0,1,1.0,1,1.0,1,0.11736799326804281,46
842,2,3284,588,2696,0,0,0,1.0,1,1.0,1,1.0,1,0.14869498059892294,46
843,2,3286,588,2698,0,0,0,1.0,1,1.0,1,1.0,1,0.14869608576333457,46
844,4,3290,589,2701,0,0,0,1.0,1,1.0,1,1.0,1,0.1633125839297942,47
845,6,3296,590,2706,0,0,0,1.0,1,1.0,1,1.0,1,0.1544007978010484,48
846,1,3297,590,2707,0,0,0,1.0,1,1.0,1,1.0,1,0.14427066602065097,47
847,4,3301,590,2711,0,0,0,1.0,1,1.0,1,1.0,1,0.1324196201791407,48
848,3,3304,590,2714,0,0,0,1.0,1,1.0,1,1.0,1,0.15775656032881807,48
849,5,3309,591,2718,0,0,0,1.0,1,1.0,1,1.0,1,0.18487614177416284,48
850,2,3311,591,2720,0,0,0,1.0,1,1.0,1,1.0,1,0.1709063618432967,46
851,3,3314,591,2723,0,0,0,1.0,1,1.0,1,1.0,1,0.16489995962806386,45
852,3,3317,591,2726,0,0,0,1.0,1,1.0,1,1.0,1,0.17387094813817439,44
853,1,3318,591,2727,0,0,0,1.0,1,1.0,1,1.0,1,0.14638619914379758,44
854,5,3323,592,2731,0,0,0,1.0,1,1.0,1,1.0,1,0.1566425770526483,45
855,3,3326,592,2734,0,0,0,1.0,1,1.0,1,1.0,1,0.1321316001970118,46
856,3,3329,592,2737,0,0,0,1.0,1,1.0,1,1.0,1,0.1604937715055209,46
857,1,3330,592,2738,0,0,0,1.0,1,1.0,1,1.0,1,0.15699358309372619,47
858,8,3338,594,2744,0,0,0,1.0,1,1.0,1,1.0,1,0.16347468700252427,48
859,5,3343,594,2749,0,0,0,1.0,1,1.0,1,1.0,1,0.15972872903614838,48
860,6,3349,595,2754,0,0,0,1.0,1,1.0,1,1.0,1,0.18490598711080894,49
861,3,3352,596,2756,0,0,0,1.0,1,1.0,1,1.0,1,0.16115609696706892,49
862,6,3358,597,2761,0,0,0,1.0,1,1.0,1,1.0,1,0.12546193430485605,49
863,1,3359,598,2761,0,0,0,1.0,1,1.0,1,1.0,1,0.15220222997695237,48
864,4,3363,598,2765,0,0,0,1.0,1,1.0,1,1.0,1,0.11528603077258186,49
865,2,3365,599,2766,0,0,0,1.0,1,1.0,1,1.0,1,0.1289206198844128,48
866,2,3367,600,2767,0,0,0,1.0,1,1.0,1,1.0,1,0.0927260423032779,50
867,6,3373,600,2773,0,0,0,1.0,1,1.0,1,1.0,1,0.12095150313987886,50
868,9,3382,603,2779,0,0,0,1.0,1,1.0,1,1.0,1,0.09251162227525862,51
869,6,3388,604,2784,0,0,0,1.0,1,1.0,1,1.0,1,0.1609801052935131,49
870,4,3392,605,2787,0,0,0,1.0,1,1.0,1,1.0,1,0.10958593486094577,49
871,3,3395,606,2789,0,0,0,1.0,1,1.0,1,1.0,1,0.14883949626611004,49
872,2,3397,607,2790,0,0,0,1.0,1,1.0,1,1.0,1,0.1607752732037723,48
873,3,3400,609,2791,0,0,0,1.0,1,1.0,1,1.0,1,0.2030505637852022,49
874,2,3402,609,2793,0,0,0,1.0,1,1.0,1,1.0,1,0.20676786065089625,49
875,4,3406,611,2795,0,0,0,1.0,1,1.0,1,1.0,1,0.2617754191557598,50
876,5,3411,612,2799,0,0,0,1.0,1,1.0,1,1.0,1,0.2726575033423797,50
877,7,3418,615,2803,0,0,0,1.0,1,1.0,1,1.0,1,0.24221946771402558,50
878,6,3424,616,2808,0,0,0,1.0,1,1.0,1,1.0,1,0.23698511650771406,49
879,4,3428,618,2810,0,0,0,1.0,1,1.0,1,1.0,1,0.2841593352148384,49
880,7,3435,618,2817,0,0,0,1.0,1,1.0,1,1.0,1,0.3082486099927917,48
881,14,3449,619,2830,0,0,0,1.0,1,1.0,1,1.0,1,0.09914876145263628,49
882,5,3454,619,2835,0,0,0,1.0,1,1.0,1,1.0,1,0.13560731367054063,48
883,7,3461,619,2842,0,0,0,1.0,1,1.0,1,1.0,1,0.13610948600338754,50
884,7,3468,619,2849,0,0,0,1.0,1,1.0,1,1.0,1,0.1254934535003383,50
885,7,3475,619,2856,0,0,0,1.0,1,1.0,1,1.0,1,0.053098417368686215,49
886,4,3479,619,2860,0,0,0,1.0,1,1.0,1,1.0,1,0.08644739314975859,49
887,5,3484,620,2864,0,0,0,1.0,1,1.0,1,1.0,1,0.08070954771508071,49
888,3,3487,621,2866,0,0,0,1.0,1,1.0,1,1.0,1,0.0681121956260418,47
889,4,3491,621,2870,0,0,0,1.0,1,1.0,1,1.0,1,0.06613977158673381,46
890,4,3495,621,2874,0,0,0,1.0,1,1.0,1,1.0,1,0.10241676361894135,44
891,3,3498,622,2876,0,0,0,1.0,1,1.0,1,1.0,1,0.14447367829915234,45
892,5,3503,623,2880,0,0,0,1.0,1,1.0,1,1.0,1,0.16102382487054298,45
893,7,3510,624,2886,0,0,0,1.0,1,1.0,1,1.0,1,0.21678892996492413,45
894,5,3515,624,2891,0,0,0,1.0,1,1.0,1,1.0,1,0.18834116301571288,44
895,13,3528,626,2902,0,0,0,1.0,1,1.0,1,1.0,1,0.17302496012942042,45
896,10,3538,627,2911,0,0,0,1.0,1,1.0,1,1.0,1,0.18700435378897948,44
897,8,3546,627,2919,0,0,0,1.0,1,1.0,1,1.0,1,0.21998355747475284,44
898,7,3553,627,2926,0,0,0,1.0,1,1.0,1,1.0,1,0.2057632361874842,45
899,9,3562,627,2935,0,0,0,1.0,1,1.0,1,1.0,1,0.20806934504522578,44
900,7,3569,627,2942,0,0,0,1.0,1,1.0,1,1.0,1,0.2140004556889281,46
901,6,3575,627,2948,0,0,0,1.0,1,1.0,1,1.0,1,0.13971852654125844,45
902,2,3577,629,2948,0,0,0,1.0,1,1.0,1,1.0,1,0.132612753543566,45
903,2,3579,630,2949,0,0,0,1.0,1,1.0,1,1.0,1,0.16637267360784672,44
904,3,3582,631,2951,0,0,0,1.0,1,1.0,1,1.0,1,0.1813374955295469,45
905,3,3585,631,2954,0,0,0,1.0,1,1.0,1,1.0,1,0.1936922908838743,45
906,2,3587,631,2956,0,0,0,1.0,1,1.0,1,1.0,1,0.1936922908838743,45
907,4,3591,633,2958,0,0,0,1.0,1,1.0,1,1.0,1,0.1888807854442764,46
908,2,3593,633,2960,0,0,0,1.0,1,1.0,1,1.0,1,0.16612466117729632,46
909,4,3597,635,2962,0,0,0,1.0,1,1.0,1,1.0,1,0.17533581817062088,46
910,3,3600,635,2965,0,0,0,1.0,1,1.0,1,1.0,1,0.20921973848595896,44
911,10,3610,637,2973,0,0,0,1.0,1,1.0,1,1.0,1,0.21616144756456068,45
912,7,3617,637,2980,0,0,0,1.0,1,1.0,1,1.0,1,0.2455490609647816,44
913,5,3622,637,2985,0,0,0,1.0,1,1.0,1,1.0,1,0.24736723392459675,45
914,4,3626,638,2988,0,0,0,1.0,1,1.0,1,1.0,1,0.22730491744524323,45
915,8,3634,639,2995,0,0,0,1.0,1,1.0,1,1.0,1,0.2405949653239342,45
916,6,3640,639,3001,0,0,0,1.0,1,1.0,1,1.0,1,0.22257670609736432,45
917,7,3647,640,3007,0,0,0,1.0,1,1.0,1,1.0,1,0.22421362465472494,46
918,3,3650,641,3009,0,0,0,1.0,1,1.0,1,1.0,1,0.2512103095916019,47
919,6,3656,641,3015,0,0,0,1.0,1,1.0,1,1.0,1,0.20231899675192505,47
920,5,3661,641,3020,0,0,0,1.0,1,1.0,1,1.0,1,0.22853729426070538,47
921,8,3669,643,3026,0,0,0,1.0,1,1.0,1,1.0,1,0.10671835640708462,49
922,1,3670,643,3027,0,0,0,1.0,1,1.0,1,1.0,1,0.10611789219126708,49
923,2,3672,644,3028,0,0,0,1.0,1,1.0,1,1.0,1,0.09786735280945032,47
924,4,3676,645,3031,0,0,0,1.0,1,1.0,1,1.0,1,0.109885646835462,47
925,4,3680,646,3034,0,0,0,1.0,1,1.0,1,1.0,1,0.12954114423239232,47
926,5,3685,648,3037,0,0,0,1.0,1,1.0,1,1.0,1,0.14753020998023356,46
927,7,3692,649,3043,0,0,0,1.0,1,1.0,1,1.0,1,0.1991782696491074,45
928,3,3695,649,3046,0,0,0,1.0,1,1.0,1,1.0,1,0.19699355594961612,43
929,5,3700,649,3051,0,0,0,1.0,1,1.0,1,1.0,1,0.17880749776328023,42
930,4,3704,649,3055,0,0,0,1.0,1,1.0,1,1.0,1,0.21536252914507212,41
931,4,3708,649,3059,0,0,0,1.0,1,1.0,1,1.0,1,0.19484835581898657,40
932,1,3709,649,3060,0,0,0,1.0,1,1.0,1,1.0,1,0.20554242563777447,40
933,4,3713,651,3062,0,0,0,1.0,1,1.0,1,1.0,1,0.21584281303768993,39
934,6,3719,652,3067,0,0,0,1.0,1,1.0,1,1.0,1,0.19568460200399423,39
935,4,3723,655,3068,0,0,0,1.0,1,1.0,1,1.0,1,0.19195266412036222,41
936,2,3725,655,3070,0,0,0,1.0,1,1.0,1,1.0,1,0.2220521779757491,42
937,2,3727,655,3072,0,0,0,1.0,1,1.0,1,1.0,1,0.20277889411915362,43
938,3,3730,656,3074,0,0,0,1.0,1,1.0,1,1.0,1,0.2603657108364009,44
939,1,3731,656,3075,0,0,0,1.0,1,1.0,1,1.0,1,0.24629590153514147,46
940,5,3736,656,3080,0,0,0,1.0,1,1.0,1,1.0,1,0.2782812515515546,46
941,3,3739,656,3083,0,0,0,1.0,1,1.0,1,1.0,1,0.2269098938190182,46
942,2,3741,657,3084,0,0,0,1.0,1,1.0,1,1.0,1,0.1694479311145726,46
943,2,3743,657,3086,0,0,0,1.0,1,1.0,1,1.0,1,0.1707583425203417,45
944,1,3744,657,3087,0,0,0,1.0,1,1.0,1,1.0,1,0.164480691403675,45
945,4,3748,657,3091,0,0,0,1.0,1,1.0,1,1.0,1,0.19431069444308516,44
946,3,3751,659,3092,0,0,0,1.0,1,1.0,1,1.0,1,0.13156781322819294,46
947,4,3755,659,3096,0,0,0,1.0,1,1.0,1,1.0,1,0.1751061403665409,44
948,6,3761,661,3100,0,0,0,1.0,1,1.0,1,1.0,1,0.16982997138743258,44
949,4,3765,664,3101,0,0,0,1.0,1,1.0,1,1.0,1,0.21557132011491026,44
950,3,3768,664,3104,0,0,0,1.0,1,1.0,1,1.0,1,0.227558798916551,43
951,1,3769,664,3105,0,0,0,1.0,1,1.0,1,1.0,1,0.2764912909820972,42
952,2,3771,665,3106,0,0,0,1.0,1,1.0,1,1.0,1,0.25116277137824317,42
953,1,3772,665,3107,0,0,0,1.0,1,1.0,1,1.0,1,0.2603274968965987,41
954,1,3773,666,3107,0,0,0,1.0,1,1.0,1,1.0,1,0.2536411707665718,40
955,0,3773,666,3107,0,0,0,1.0,1,1.0,1,1.0,1,0.24651744376857912,42
956,1,3774,667,3107,0,0,0,1.0,1,1.0,1,1.0,1,0.23744991510735394,43
957,0,3774,667,3107,0,0,0,1.0,1,1.0,1,1.0,1,0.25115037922105515,42
958,0,3774,667,3107,0,0,0,1.0,1,1.0,1,1.0,1,0.28799525718811575,43
959,6,3780,669,3111,0,0,0,1.0,1,1.0,1,1.0,1,0.2614234818027817,45
960,3,3783,669,3114,0,0,0,1.0,1,1.0,1,1.0,1,0.21705025128539482,47
961,4,3787,669,3118,0,0,0,1.0,1,1.0,1,1.0,1,0.1526508686909027,45
962,0,3787,669,3118,0,0,0,1.0,1,1.0,1,1.0,1,0.13865749908104524,45
963,6,3793,672,3121,0,0,0,1.0,1,1.0,1,1.0,1,0.16380430796663092,44
964,4,3797,673,3124,0,0,0,1.0,1,1.0,1,1.0,1,0.14991277192239819,44
965,4,3801,673,3128,0,0,0,1.0,1,1.0,1,1.0,1,0.12904760572672996,45
966,6,3807,675,3132,0,0,0,1.0,1,1.0,1,1.0,1,0.158503906009655,43
967,7,3814,675,3139,0,0,0,1.0,1,1.0,1,1.0,1,0.175906749296425,43
968,7,3821,675,3146,0,0,0,1.0,1,1.0,1,1.0,1,0.19316011710684464,43
969,8,3829,676,3153,0,0,0,1.0,1,1.0,1,1.0,1,0.24976196603245135,42
970,5,3834,678,3156,0,0,0,1.0,1,1.0,1,1.0,1,0.19495582418272073,42
971,3,3837,678,3159,0,0,0,1.0,1,1.0,1,1.0,1,0.21269788648083704,42
972,5,3842,679,3163,0,0,0,1.0,1,1.0,1,1.0,1,0.18675486954392428,42
973,4,3846,679,3167,0,0,0,1.0,1,1.0,1,1.0,1,0.21117742806334672,43
974,10,3856,681,3175,0,0,0,1.0,1,1.0,1,1.0,1,0.24557685625167291,43
975,8,3864,681,3183,0,0,0,1.0,1,1.0,1,1.0,1,0.24292225335495213,43
976,4,3868,681,3187,0,0,0,1.0,1,1.0,1,1.0,1,0.2490992519333665,45
977,7,3875,681,3194,0,0,0,1.0,1,1.0,1,1.0,1,0.24582795639193408,44
978,6,3881,682,3199,0,0,0,1.0,1,1.0,1,1.0,1,0.27628921629930364,44
979,8,3889,682,3207,0,0,0,1.0,1,1.0,1,1.0,1,0.2509266687696706,45
980,7,3896,682,3214,0,0,0,1.0,1,1.0,1,1.0,1,0.24213833250077937,45
981,3,3899,682,3217,0,0,0,1.0,1,1.0,1,1.0,1,0.20177593762859128,45
982,4,3903,685,3218,0,0,0,1.0,1,1.0,1,1.0,1,0.24205158881754157,46
983,4,3907,686,3221,0,0,0,1.0,1,1.0,1,1.0,1,0.19285534543034147,45
984,3,3910,687,3223,0,0,0,1.0,1,1.0,1,1.0,1,0.17910307128893074,45
985,6,3916,691,3225,0,0,0,1.0,1,1.0,1,1.0,1,0.2477497328581671,45
986,5,3921,693,3228,0,0,0,1.0,1,1.0,1,1.0,1,0.28543632684009035,44
987,7,3928,694,3234,0,0,0,1.0,1,1.0,1,1.0,1,0.24022753544456665,45
988,6,3934,696,3238,0,0,0,1.0,1,1.0,1,1.0,1,0.28250443051410046,44
989,6,3940,696,3244,0,0,0,1.0,1,1.0,1,1.0,1,0.22178036452699731,43
990,4,3944,697,3247,0,0,0,1.0,1,1.0,1,1.0,1,0.20465655272735506,42
991,2,3946,697,3249,0,0,0,1.0,1,1.0,1,1.0,1,0.18419191161919626,42
992,1,3947,697,3250,0,0,0,1.0,1,1.0,1,1.0,1,0.17366322762539743,43
993,6,3953,699,3254,0,0,0,1.0,1,1.0,1,1.0,1,0.15603711626150998,43
994,2,3955,699,3256,0,0,0,1.0,1,1.0,1,1.0,1,0.17155847235179889,43
995,1,3956,699,3257,0,0,0,1.0,1,1.0,1,1.0,1,0.15211195362740268,43
996,1,3957,699,3258,0,0,0,1.0,1,1.0,1,1.0,1,0.16551549149074418,44
997,2,3959,699,3260,0,0,0,1.0,1,1.0,1,1.0,1,0.16551549149074418,44
998,5,3964,699,3265,0,0,0,1.0,1,1.0,1,1.0,1,0.15879657258284863,45
999,1,3965,699,3266,0,0,0,1.0,1,1.0,1,1.0,1,0.1718522659021652,42
1000,2,3967,699,3268,0,0,0,1.0,1,1.0,1,1.0,1,0.1591137215549217,43
1001,3,3970,699,3271,0,0,0,1.0,1,1.0,1,1.0,1,0.07818938682472072,42
1002,0,3970,699,3271,0,0,0,1.0,1,1.0,1,1.0,1,0.07786235345841822,43
1003,0,3970,699,3271,0,0,0,1.0,1,1.0,1,1.0,1,0.07786235345841822,43
1004,0,3970,699,3271,0,0,0,1.0,1,1.0,1,1.0,1,0.07786235345841822,43
1005,0,3970,699,3271,0,0,0,1.0,1,1.0,1,1.0,1,0.0964979615830569,44
1006,1,3971,699,3272,0,0,0,1.0,1,1.0,1,1.0,1,0.1284634428978554,46
1007,1,3972,699,3273,0,0,0,1.0,1,1.0,1,1.0,1,0.11315822692500539,46
1008,2,3974,699,3275,0,0,0,1.0,1,1.0,1,1.0,1,0.11276805818622535,47
1009,1,3975,700,3275,0,0,0,1.0,1,1.0,1,1.0,1,0.12329855316134561,48
1010,0,3975,700,3275,0,0,0,1.0,1,1.0,1,1.0,1,0.12329855316134561,48
1011,0,3975,700,3275,0,0,0,1.0,1,1.0,1,1.0,1,0.12329855316134561,48
1012,4,3979,702,3277,0,0,0,1.0,1,1.0,1,1.0,1,0.14821622776593557,49
1013,1,3980,703,3277,0,0,0,1.0,1,1.0,1,1.0,1,0.136198408273502,50
1014,0,3980,703,3277,0,0,0,1.0,1,1.0,1,1.0,1,0.136198408273502,50
1015,1,3981,703,3278,0,0,0,1.0,1,1.0,1,1.0,1,0.1440739633827501,51
1016,3,3984,704,3280,0,0,0,1.0,1,1.0,1,1.0,1,0.16863456407544822,51
1017,5,3989,704,3285,0,0,0,1.0,1,1.0,1,1.0,1,0.16404361029873357,52
1018,4,3993,705,3288,0,0,0,1.0,1,1.0,1,1.0,1,0.18089393271977705,52
1019,4,3997,705,3292,0,0,0,1.0,1,1.0,1,1.0,1,0.1555034404073406,52
1020,3,4000,706,3294,0,0,0,1.0,1,1.0,1,1.0,1,0.11070955020635193,53
1021,3,4003,706,3297,0,0,0,1.0,1,1.0,1,1.0,1,0.10012649967371572,53
1022,0,4003,706,3297,0,0,0,1.0,1,1.0,1,1.0,1,0.10325614669272304,54
1023,1,4004,707,3297,0,0,0,1.0,1,1.0,1,1.0,1,0.11851592774982939,55
1024,2,4006,708,3298,0,0,0,1.0,1,1.0,1,1.0,1,0.11793305150127906,55
1025,0,4006,708,3298,0,0,0,1.0,1,1.0,1,1.0,1,0.11207186481546062,56
1026,1,4007,709,3298,0,0,0,1.0,1,1.0,1,1.0,1,0.14193062850720906,57
1027,0,4007,709,3298,0,0,0,1.0,1,1.0,1,1.0,1,0.1426562327609393,58
1028,7,4014,712,3302,0,0,0,1.0,1,1.0,1,1.0,1,0.15261575418990178,58
1029,4,4018,714,3304,0,0,0,1.0,1,1.0,1,1.0,1,0.14504983709229896,59
1030,0,4018,714,3304,0,0,0,1.0,1,1.0,1,1.0,1,0.1523125854031121,60
1031,1,4019,715,3304,0,0,0,1.0,1,1.0,1,1.0,1,0.1780548577329732,60
1032,7,4026,715,3311,0,0,0,1.0,1,1.0,1,1.0,1,0.15668545948232093,61
1033,4,4030,716,3314,0,0,0,1.0,1,1.0,1,1.0,1,0.10051404500280117,60
1034,2,4032,718,3314,0,0,0,1.0,1,1.0,1,1.0,1,0.13802680185729876,60
1035,2,4034,719,3315,0,0,0,1.0,1,1.0,1,1.0,1,0.13098809784013388,59
1036,7,4041,721,3320,0,0,0,1.0,1,1.0,1,1.0,1,0.12553225999716394,60
1037,4,4045,722,3323,0,0,0,1.0,1,1.0,1,1.0,1,0.10290977228240561,59
1038,4,4049,725,3324,0,0,0,1.0,1,1.0,1,1.0,1,0.1237870538746581,60
1039,7,4056,729,3327,0,0,0,1.0,1,1.0,1,1.0,1,0.1707261714362883,60
1040,7,4063,730,3333,0,0,0,1.0,1,1.0,1,1.0,1,0.14918701266735615,58
1041,7,4070,731,3339,0,0,0,1.0,1,1.0,1,1.0,1,0.1128260298168979,56
1042,1,4071,731,3340,0,0,0,1.0,1,1.0,1,1.0,1,0.0918921306780781,55
1043,0,4071,731,3340,0,0,0,1.0,1,1.0,1,1.0,1,0.0918921306780781,55
1044,2,4073,732,3341,0,0,0,1.0,1,1.0,1,1.0,1,0.05569982714753089,52
1045,1,4074,732,3342,0,0,0,1.0,1,1.0,1,1.0,1,0.07806403920160165,52
1046,1,4075,732,3343,0,0,0,1.0,1,1.0,1,1.0,1,0.04242871350128167,53
1047,1,4076,732,3344,0,0,0,1.0,1,1.0,1,1.0,1,0.0771423718843349,54
1048,5,4081,734,3347,0,0,0,1.0,1,1.0,1,1.0,1,0.06077278456915626,56
1049,7,4088,737,3351,0,0,0,1.0,1,1.0,1,1.0,1,0.1286219816667924,55
1050,2,4090,737,3353,0,0,0,1.0,1,1.0,1,1.0,1,0.07512482627275933,56
1051,4,4094,737,3357,0,0,0,1.0,1,1.0,1,1.0,1,0.06641104326231315,55
1052,4,4098,737,3361,0,0,0,1.0,1,1.0,1,1.0,1,0.12651865364111847,56
1053,8,4106,739,3367,0,0,0,1.0,1,1.0,1,1.0,1,0.1302825578210556,56
1054,4,4110,740,3370,0,0,0,1.0,1,1.0,1,1.0,1,0.09891254425140333,57
1055,5,4115,741,3374,0,0,0,1.0,1,1.0,1,1.0,1,0.18720229260605586,58
1056,5,4120,741,3379,0,0,0,1.0,1,1.0,1,1.0,1,0.13000977665520994,59
1057,9,4129,741,3388,0,0,0,1.0,1,1.0,1,1.0,1,0.15211097474437915,60
1058,5,4134,742,3392,0,0,0,1.0,1,1.0,1,1.0,1,0.17584458575047415,60
1059,7,4141,742,3399,0,0,0,1.0,1,1.0,1,1.0,1,0.17400591886879133,60
1060,10,4151,744,3407,0,0,0,1.0,1,1.0,1,1.0,1,0.20713718789682956,60
1061,12,4163,746,3417,0,0,0,1.0,1,1.0,1,1.0,1,0.11742216958434858,59
1062,5,4168,747,3421,0,0,0,1.0,1,1.0,1,1.0,1,0.09137438991917818,59
1063,2,4170,747,3423,0,0,0,1.0,1,1.0,1,1.0,1,0.11733168164887119,58
1064,7,4177,751,3426,0,0,0,1.0,1,1.0,1,1.0,1,0.14718213968911603,58
1065,5,4182,752,3430,0,0,0,1.0,1,1.0,1,1.0,1,0.1638477181573742,60
1066,4,4186,753,3433,0,0,0,1.0,1,1.0,1,1.0,1,0.1605468915068113,58
1067,6,4192,754,3438,0,0,0,1.0,1,1.0,1,1.0,1,0.2154093425032453,59
1068,6,4198,756,3442,0,0,0,1.0,1,1.0,1,1.0,1,0.19302056241142648,59
1069,5,4203,757,3446,0,0,0,1.0,1,1.0,1,1.0,1,0.21719744178214376,58
1070,5,4208,759,3449,0,0,0,1.0,1,1.0,1,1.0,1,0.22022978179778974,58
1071,2,4210,760,3450,0,0,0,1.0,1,1.0,1,1.0,1,0.2334438578370369,57
1072,7,4217,762,3455,0,0,0,1.0,1,1.0,1,1.0,1,0.26601681805924376,56
1073,5,4222,763,3459,0,0,0,1.0,1,1.0,1,1.0,1,0.2818619675302785,54
1074,7,4229,764,3465,0,0,0,1.0,1,1.0,1,1.0,1,0.24572738692271745,54
1075,2,4231,764,3467,0,0,0,1.0,1,1.0,1,1.0,1,0.27188858344013433,51
1076,3,4234,764,3470,0,0,0,1.0,1,1.0,1,1.0,1,0.23230416721580566,51
1077,2,4236,764,3472,0,0,0,1.0,1,1.0,1,1.0,1,0.22349721375113232,51
1078,3,4239,765,3474,0,0,0,1.0,1,1.0,1,1.0,1,0.1921471399308046,52
1079,5,4244,767,3477,0,0,0,1.0,1,1.0,1,1.0,1,0.24135041828608642,51
1080,4,4248,769,3479,0,0,0,1.0,1,1.0,1,1.0,1,0.23188980343799087,51
1081,5,4253,769,3484,0,0,0,1.0,1,1.0,1,1.0,1,0.142664347970134,48
1082,1,4254,770,3484,0,0,0,1.0,1,1.0,1,1.0,1,0.16127181444688635,47
1083,2,4256,771,3485,0,0,0,1.0,1,1.0,1,1.0,1,0.21833343807156244,46
1084,3,4259,771,3488,0,0,0,1.0,1,1.0,1,1.0,1,0.17979126802557843,45
1085,5,4264,772,3492,0,0,0,1.0,1,1.0,1,1.0,1,0.19837184699725743,46
1086,4,4268,772,3496,0,0,0,1.0,1,1.0,1,1.0,1,0.18663174025856025,45
1087,1,4269,772,3497,0,0,0,1.0,1,1.0,1,1.0,1,0.19723663841650282,44
1088,4,4273,772,3501,0,0,0,1.0,1,1.0,1,1.0,1,0.19883388503085558,45
1089,1,4274,772,3502,0,0,0,1.0,1,1.0,1,1.0,1,0.19560916593006458,46
1090,1,4275,772,3503,0,0,0,1.0,1,1.0,1,1.0,1,0.20999875536130894,47
1091,2,4277,773,3504,0,0,0,1.0,1,1.0,1,1.0,1,0.17498177350766475,47
1092,2,4279,773,3506,0,0,0,1.0,1,1.0,1,1.0,1,0.17240051843739662,48
1093,3,4282,774,3508,0,0,0,1.0,1,1.0,1,1.0,1,0.1858956509905316,48
1094,3,4285,776,3509,0,0,0,1.0,1,1.0,1,1.0,1,0.22153750325612614,48
1095,5,4290,776,3514,0,0,0,1.0,1,1.0,1,1.0,1,0.2287901865617337,49
1096,7,4297,776,3521,0,0,0,1.0,1,1.0,1,1.0,1,0.17104129549713568,49
1097,7,4304,778,3526,0,0,0,1.0,1,1.0,1,1.0,1,0.18416599548572335,50
1098,4,4308,778,3530,0,0,0,1.0,1,1.0,1,1.0,1,0.21962177712485392,51
1099,7,4315,778,3537,0,0,0,1.0,1,1.0,1,1.0,1,0.16152089985259938,54
1100,6,4321,778,3543,0,0,0,1.0,1,1.0,1,1.0,1,0.18284365509767858,54
1101,6,4327,778,3549,0,0,0,1.0,1,1.0,1,1.0,1,0.1304790439413319,54
1102,1,4328,778,3550,0,0,0,1.0,1,1.0,1,1.0,1,0.11654196532131275,54
1103,2,4330,779,3551,0,0,0,1.0,1,1.0,1,1.0,1,0.09709294147459975,53
1104,1,4331,780,3551,0,0,0,1.0,1,1.0,1,1.0,1,0.09092146038637847,53
1105,3,4334,782,3552,0,0,0,1.0,1,1.0,1,1.0,1,0.06443007490493699,52
1106,0,4334,782,3552,0,0,0,1.0,1,1.0,1,1.0,1,0.10000255209214394,52
1107,2,4336,784,3552,0,0,0,1.0,1,1.0,1,1.0,1,0.14624543149845978,52
1108,2,4338,786,3552,0,0,0,1.0,1,1.0,1,1.0,1,0.1631824168610647,51
1109,5,4343,790,3553,0,0,0,1.0,1,1.0,1,1.0,1,0.16821349842722783,49
1110,1,4344,791,3553,0,0,0,1.0,1,1.0,1,1.0,1,0.17985425232482002,48
1111,5,4349,794,3555,0,0,0,1.0,1,1.0,1,1.0,1,0.2511645583620666,47
1112,2,4351,795,3556,0,0,0,1.0,1,1.0,1,1.0,1,0.2807515095720147,46
1113,2,4353,797,3556,0,0,0,1.0,1,1.0,1,1.0,1,0.29247004678902855,43
1114,1,4354,798,3556,0,0,0,1.0,1,1.0,1,1.0,1,0.3101435230654159,41
1115,2,4356,800,3556,0,0,0,1.0,1,1.0,1,1.0,1,0.31580371006577335,40
1116,4,4360,802,3558,0,0,0,1.0,1,1.0,1,1.0,1,0.30236897873571683,39
1117,3,4363,805,3558,0,0,0,1.0,1,1.0,1,1.0,1,0.3066841615374456,40
1118,1,4364,806,3558,0,0,0,1.0,1,1.0,1,1.0,1,0.26987294427612285,40
1119,0,4364,806,3558,0,0,0,1.0,1,1.0,1,1.0,1,0.26987294427612285,40
1120,0,4364,806,3558,0,0,0,1.0,1,1.0,1,1.0,1,0.26987294427612285,40
1121,9,4373,809,3564,0,0,0,1.0,1,1.0,1,1.0,1,0.2693219535634455,40
1122,3,4376,809,3567,0,0,0,1.0,1,1.0,1,1.0,1,0.238879585498764,41
1123,4,4380,811,3569,0,0,0,1.0,1,1.0,1,1.0,1,0.28194187130785686,41
1124,1,4381,812,3569,0,0,0,1.0,1,1.0,1,1.0,1,0.2546017144304974,41
1125,3,4384,812,3572,0,0,0,1.0,1,1.0,1,1.0,1,0.2730124978762457,41
1126,6,4390,812,3578,0,0,0,1.0,1,1.0,1,1.0,1,0.23878729115275396,41
1127,3,4393,812,3581,0,0,0,1.0,1,1.0,1,1.0,1,0.2392197306083228,41
1128,6,4399,812,3587,0,0,0,1.0,1,1.0,1,1.0,1,0.25753905376601793,42
1129,4,4403,813,3590,0,0,0,1.0,1,1.0,1,1.0,1,0.2659843821435906,42
1130,5,4408,813,3595,0,0,0,1.0,1,1.0,1,1.0,1,0.29179807529063545,42
1131,5,4413,814,3599,0,0,0,1.0,1,1.0,1,1.0,1,0.2410559947519985,42
1132,7,4420,814,3606,0,0,0,1.0,1,1.0,1,1.0,1,0.21709061462960505,43
1133,3,4423,814,3609,0,0,0,1.0,1,1.0,1,1.0,1,0.20721220876282131,45
1134,4,4427,814,3613,0,0,0,1.0,1,1.0,1,1.0,1,0.19081332845534335,46
1135,6,4433,814,3619,0,0,0,1.0,1,1.0,1,1.0,1,0.1963025577891614,45
1136,5,4438,814,3624,0,0,0,1.0,1,1.0,1,1.0,1,0.1873623114012871,48
1137,9,4447,814,3633,0,0,0,1.0,1,1.0,1,1.0,1,0.20390526852563567,49
1138,11,4458,814,3644,0,0,0,1.0,1,1.0,1,1.0,1,0.21810941331810144,49
1139,5,4463,814,3649,0,0,0,1.0,1,1.0,1,1.0,1,0.20613419599223198,49
1140,7,4470,815,3655,0,0,0,1.0,1,1.0,1,1.0,1,0.16011282511715785,49
1141,6,4476,817,3659,0,0,0,1.0,1,1.0,1,1.0,1,0.14464160835430917,48
1142,2,4478,817,3661,0,0,0,1.0,1,1.0,1,1.0,1,0.12111633804287855,48
1143,2,4480,819,3661,0,0,0,1.0,1,1.0,1,1.0,1,0.17110306487784335,48
1144,4,4484,820,3664,0,0,0,1.0,1,1.0,1,1.0,1,0.12769738827436597,48
1145,1,4485,820,3665,0,0,0,1.0,1,1.0,1,1.0,1,0.1304358068375374,48
1146,3,4488,821,3667,0,0,0,1.0,1,1.0,1,1.0,1,0.16673739330641044,48
1147,3,4491,822,3669,0,0,0,1.0,1,1.0,1,1.0,1,0.20462276958848213,46
1148,5,4496,825,3671,0,0,0,1.0,1,1.0,1,1.0,1,0.206510286447585,46
1149,1,4497,825,3672,0,0,0,1.0,1,1.0,1,1.0,1,0.24536230803654363,45
1150,3,4500,826,3674,0,0,0,1.0,1,1.0,1,1.0,1,0.24127196353440314,46
1151,1,4501,827,3674,0,0,0,1.0,1,1.0,1,1.0,1,0.241393090282016,44
1152,0,4501,827,3674,0,0,0,1.0,1,1.0,1,1.0,1,0.2281913911815651,44
1153,7,4508,831,3677,0,0,0,1.0,1,1.0,1,1.0,1,0.23290400656338509,43
1154,4,4512,832,3680,0,0,0,1.0,1,1.0,1,1.0,1,0.21186301792473633,43
1155,2,4514,833,3681,0,0,0,1.0,1,1.0,1,1.0,1,0.21163892314009466,43
1156,0,4514,833,3681,0,0,0,1.0,1,1.0,1,1.0,1,0.20310834988823875,42
1157,4,4518,835,3683,0,0,0,1.0,1,1.0,1,1.0,1,0.25466227036324524,42
1158,1,4519,835,3684,0,0,0,1.0,1,1.0,1,1.0,1,0.24276087995243475,41
1159,1,4520,835,3685,0,0,0,1.0,1,1.0,1,1.0,1,0.24680579646570372,41
1160,1,4521,835,3686,0,0,0,1.0,1,1.0,1,1.0,1,0.23934173947085555,41
1161,6,4527,835,3692,0,0,0,1.0,1,1.0,1,1.0,1,0.16710780152105204,42
1162,5,4532,835,3697,0,0,0,1.0,1,1.0,1,1.0,1,0.13691300052758987,43
1163,2,4534,835,3699,0,0,0,1.0,1,1.0,1,1.0,1,0.13071819383770758,43
1164,0,4534,835,3699,0,0,0,1.0,1,1.0,1,1.0,1,0.12155052539532607,44
1165,0,4534,835,3699,0,0,0,1.0,1,1.0,1,1.0,1,0.12155052539532607,44
1166,6,4540,836,3704,0,0,0,1.0,1,1.0,1,1.0,1,0.11191475293227639,46
1167,4,4544,836,3708,0,0,0,1.0,1,1.0,1,1.0,1,0.14385537337177576,46
1168,10,4554,837,3717,0,0,0,1.0,1,1.0,1,1.0,1,0.15545922937131718,47
1169,6,4560,837,3723,0,0,0,1.0,1,1.0,1,1.0,1,0.11906265476327776,46
1170,2,4562,837,3725,0,0,0,1.0,1,1.0,1,1.0,1,0.10618890361776702,48
1171,3,4565,838,3727,0,0,0,1.0,1,1.0,1,1.0,1,0.13244626433481918,49
1172,2,4567,838,3729,0,0,0,1.0,1,1.0,1,1.0,1,0.15683902894859045,49
1173,4,4571,838,3733,0,0,0,1.0,1,1.0,1,1.0,1,0.13244626433481918,49
1174,3,4574,839,3735,0,0,0,1.0,1,1.0,1,1.0,1,0.1756919936503367,49
1175,8,4582,839,3743,0,0,0,1.0,1,1.0,1,1.0,1,0.11588357110639104,50
1176,7,4589,839,3750,0,0,0,1.0,1,1.0,1,1.0,1,0.17273737339534312,52
1177,7,4596,840,3756,0,0,0,1.0,1,1.0,1,1.0,1,0.20516791934076906,52
1178,6,4602,840,3762,0,0,0,1.0,1,1.0,1,1.0,1,0.15967651744582695,52
1179,7,4609,840,3769,0,0,0,1.0,1,1.0,1,1.0,1,0.14132050005933822,53
1180,6,4615,840,3775,0,0,0,1.0,1,1.0,1,1.0,1,0.1413058033118727,54
1181,6,4621,841,3780,0,0,0,1.0,1,1.0,1,1.0,1,0.10848815919342844,55
1182,2,4623,841,3782,0,0,0,1.0,1,1.0,1,1.0,1,0.11696766257536279,55
1183,4,4627,842,3785,0,0,0,1.0,1,1.0,1,1.0,1,0.15538071956871682,53
1184,4,4631,843,3788,0,0,0,1.0,1,1.0,1,1.0,1,0.16922038819988391,54
1185,1,4632,843,3789,0,0,0,1.0,1,1.0,1,1.0,1,0.16767173159303175,53
1186,2,4634,843,3791,0,0,0,1.0,1,1.0,1,1.0,1,0.1710163871182319,54
1187,4,4638,844,3794,0,0,0,1.0,1,1.0,1,1.0,1,0.20582648642253792,55
1188,4,4642,844,3798,0,0,0,1.0,1,1.0,1,1.0,1,0.20309846663685813,55
1189,3,4645,844,3801,0,0,0,1.0,1,1.0,1,1.0,1,0.19285566554520878,54
1190,4,4649,844,3805,0,0,0,1.0,1,1.0,1,1.0,1,0.17061885664343876,55
1191,3,4652,844,3808,0,0,0,1.0,1,1.0,1,1.0,1,0.12809822092023893,54
1192,7,4659,846,3813,0,0,0,1.0,1,1.0,1,1.0,1,0.14712702039386888,52
1193,2,4661,846,3815,0,0,0,1.0,1,1.0,1,1.0,1,0.15783721929035346,53
1194,4,4665,849,3816,0,0,0,1.0,1,1.0,1,1.0,1,0.16785212202479236,53
1195,4,4669,849,3820,0,0,0,1.0,1,1.0,1,1.0,1,0.16184074854577374,54
1196,2,4671,849,3822,0,0,0,1.0,1,1.0,1,1.0,1,0.18450957647836985,56
1197,3,4674,850,3824,0,0,0,1.0,1,1.0,1,1.0,1,0.1909120559197046,56
1198,6,4680,851,3829,0,0,0,1.0,1,1.0,1,1.0,1,0.21626672794701318,58
1199,9,4689,852,3837,0,0,0,1.0,1,1.0,1,1.0,1,0.20698996869159367,58
1200,8,4697,852,3845,0,0,0,1.0,1,1.0,1,1.0,1,0.21493353979845722,58
1201,13,4710,854,3856,0,0,0,1.0,1,1.0,1,1.0,1,0.11630067325606266,58
1202,3,4713,854,3859,0,0,0,1.0,1,1.0,1,1.0,1,0.11075959209159818,60
1203,8,4721,854,3867,0,0,0,1.0,1,1.0,1,1.0,1,0.14918482280554657,58
1204,8,4729,854,3875,0,0,0,1.0,1,1.0,1,1.0,1,0.11274452725945805,59
1205,8,4737,855,3882,0,0,0,1.0,1,1.0,1,1.0,1,0.17277278527550397,59
1206,8,4745,855,3890,0,0,0,1.0,1,1.0,1,1.0,1,0.16745572836879347,58
1207,7,4752,855,3897,0,0,0,1.0,1,1.0,1,1.0,1,0.16994318539963857,60
1208,3,4755,855,3900,0,0,0,1.0,1,1.0,1,1.0,1,0.1572241133004413,60
1209,10,4765,855,3910,0,0,0,1.0,1,1.0,1,1.0,1,0.15523708521911664,61
1210,5,4770,855,3915,0,0,0,1.0,1,1.0,1,1.0,1,0.16675223429906602,61
1211,8,4778,855,3923,0,0,0,1.0,1,1.0,1,1.0,1,0.15871101075499844,63
1212,7,4785,855,3930,0,0,0,1.0,1,1.0,1,1.0,1,0.1488329435686915,63
1213,6,4791,856,3935,0,0,0,1.0,1,1.0,1,1.0,1,0.1418474345911252,63
1214,11,4802,858,3944,0,0,0,1.0,1,1.0,1,1.0,1,0.23554155434696253,62
1215,12,4814,858,3956,0,0,0,1.0,1,1.0,1,1.0,1,0.23596538366567227,63
1216,9,4823,858,3965,0,0,0,1.0,1,1.0,1,1.0,1,0.2007334757751339,64
1217,11,4834,858,3976,0,0,0,1.0,1,1.0,1,1.0,1,0.21088861155932065,65
1218,11,4845,858,3987,0,0,0,1.0,1,1.0,1,1.0,1,0.19138376725729883,64
1219,8,4853,858,3995,0,0,0,1.0,1,1.0,1,1.0,1,0.19861877903932212,65
1220,14,4867,858,4009,0,0,0,1.0,1,1.0,1,1.0,1,0.20821441454756492,64
1221,8,4875,858,4017,0,0,0,1.0,1,1.0,1,1.0,1,0.12793674718223036,65
1222,2,4877,858,4019,0,0,0,1.0,1,1.0,1,1.0,1,0.11987763544281664,66
1223,1,4878,859,4019,0,0,0,1.0,1,1.0,1,1.0,1,0.12542243438259432,64
1224,2,4880,860,4020,0,0,0,1.0,1,1.0,1,1.0,1,0.12469431504577844,66
1225,5,4885,864,4021,0,0,0,1.0,1,1.0,1,1.0,1,0.13771930392017298,66
1226,6,4891,865,4026,0,0,0,1.0,1,1.0,1,1.0,1,0.11167493844110198,68
1227,5,4896,867,4029,0,0,0,1.0,1,1.0,1,1.0,1,0.11344031201128905,64
1228,1,4897,867,4030,0,0,0,1.0,1,1.0,1,1.0,1,0.1093311663851402,62
1229,1,4898,867,4031,0,0,0,1.0,1,1.0,1,1.0,1,0.12535589823438886,61
1230,1,4899,868,4031,0,0,0,1.0,1,1.0,1,1.0,1,0.16549597879938058,58
1231,2,4901,869,4032,0,0,0,1.0,1,1.0,1,1.0,1,0.1567845250070893,57
1232,2,4903,870,4033,0,0,0,1.0,1,1.0,1,1.0,1,0.21486363693124644,53
1233,3,4906,873,4033,0,0,0,1.0,1,1.0,1,1.0,1,0.20802108083016194,53
1234,0,4906,873,4033,0,0,0,1.0,1,1.0,1,1.0,1,0.19660560616597036,54
1235,0,4906,873,4033,0,0,0,1.0,1,1.0,1,1.0,1,0.2271481206356868,55
1236,3,4909,874,4035,0,0,0,1.0,1,1.0,1,1.0,1,0.24268367643408684,55
1237,4,4913,875,4038,0,0,0,1.0,1,1.0,1,1.0,1,0.2511920660765373,55
1238,4,4917,876,4041,0,0,0,1.0,1,1.0,1,1.0,1,0.2760989806082799,54
1239,3,4920,876,4044,0,0,0,1.0,1,1.0,1,1.0,1,0.25651506637756516,55
1240,4,4924,877,4047,0,0,0,1.0,1,1.0,1,1.0,1,0.26371720546689653,55
1241,15,4939,877,4062,0,0,0,1.0,1,1.0,1,1.0,1,0.1371774341817598,54
1242,4,4943,878,4065,0,0,0,1.0,1,1.0,1,1.0,1,0.1648051249138408,54
1243,5,4948,879,4069,0,0,0,1.0,1,1.0,1,1.0,1,0.16060910090184863,55
1244,5,4953,879,4074,0,0,0,1.0,1,1.0,1,1.0,1,0.1890013524749438,55
1245,6,4959,880,4079,0,0,0,1.0,1,1.0,1,1.0,1,0.19278767204794386,55
1246,4,4963,881,4082,0,0,0,1.0,1,1.0,1,1.0,1,0.2289022494983771,55
1247,7,4970,881,4089,0,0,0,1.0,1,1.0,1,1.0,1,0.2506374987805335,57
1248,10,4980,881,4099,0,0,0,1.0,1,1.0,1,1.0,1,0.2909703873836518,56
1249,10,4990,883,4107,0,0,0,1.0,1,1.0,1,1.0,1,0.25813595978866133,56
1250,9,4999,883,4116,0,0,0,1.0,1,1.0,1,1.0,1,0.23220443393647838,56
1251,12,5011,883,4128,0,0,0,1.0,1,1.0,1,1.0,1,0.2551416389031509,58
1252,16,5027,885,4142,0,0,0,1.0,1,1.0,1,1.0,1,0.24471900866237634,58
1253,11,5038,887,4151,0,0,0,1.0,1,1.0,1,1.0,1,0.21142902848383488,58
1254,14,5052,887,4165,0,0,0,1.0,1,1.0,1,1.0,1,0.20731275684470726,60
1255,9,5061,887,4174,0,0,0,1.0,1,1.0,1,1.0,1,0.2676831478365267,61
1256,7,5068,887,4181,0,0,0,1.0,1,1.0,1,1.0,1,0.19587326507631755,61
1257,14,5082,889,4193,0,0,0,1.0,1,1.0,1,1.0,1,0.23185775286065669,62
1258,11,5093,889,4204,0,0,0,1.0,1,1.0,1,1.0,1,0.2145699580730743,63
1259,8,5101,889,4212,0,0,0,1.0,1,1.0,1,1.0,1,0.2145699580730743,63
1260,7,5108,889,4219,0,0,0,1.0,1,1.0,1,1.0,1,0.2235954763143482,63
1261,11,5119,889,4230,0,0,0,1.0,1,1.0,1,1.0,1,0.07464607511928115,63
1262,6,5125,889,4236,0,0,0,1.0,1,1.0,1,1.0,1,0.060572206072130215,64
1263,5,5130,890,4240,0,0,0,1.0,1,1.0,1,1.0,1,0.07892000559516414,63
1264,6,5136,891,4245,0,0,0,1.0,1,1.0,1,1.0,1,0.0769350018207136,63
1265,8,5144,893,4251,0,0,0,1.0,1,1.0,1,1.0,1,0.17028204729453772,60
1266,6,5150,894,4256,0,0,0,1.0,1,1.0,1,1.0,1,0.1716579793584395,61
1267,7,5157,895,4262,0,0,0,1.0,1,1.0,1,1.0,1,0.23720180649326458,58
1268,11,5168,897,4271,0,0,0,1.0,1,1.0,1,1.0,1,0.3135705616153825,54
1269,4,5172,898,4274,0,0,0,1.0,1,1.0,1,1.0,1,0.26370664209844485,54
1270,2,5174,898,4276,0,0,0,1.0,1,1.0,1,1.0,1,0.24018583008810956,51
1271,3,5177,899,4278,0,0,0,1.0,1,1.0,1,1.0,1,0.27717687066983787,50
1272,2,5179,899,4280,0,0,0,1.0,1,1.0,1,1.0,1,0.30178910976211104,47
1273,2,5181,900,4281,0,0,0,1.0,1,1.0,1,1.0,1,0.3066093902989736,47
1274,2,5183,901,4282,0,0,0,1.0,1,1.0,1,1.0,1,0.32885100859360056,49
1275,7,5190,903,4287,0,0,0,1.0,1,1.0,1,1.0,1,0.35807461777890587,48
1276,2,5192,904,4288,0,0,0,1.0,1,1.0,1,1.0,1,0.38845642197609204,49
1277,6,5198,905,4293,0,0,0,1.0,1,1.0,1,1.0,1,0.3423010074367308,50
1278,5,5203,905,4298,0,0,0,1.0,1,1.0,1,1.0,1,0.3732588226439349,51
1279,5,5208,906,4302,0,0,0,1.0,1,1.0,1,1.0,1,0.37462180533150385,51
1280,7,5215,907,4308,0,0,0,1.0,1,1.0,1,1.0,1,0.37062499291834783,52
1281,20,5235,907,4328,0,0,0,1.0,1,1.0,1,1.0,1,0.1660417913041201,52
1282,4,5239,907,4332,0,0,0,1.0,1,1.0,1,1.0,1,0.15186377042089585,52
1283,3,5242,907,4335,0,0,0,1.0,1,1.0,1,1.0,1,0.17058224505568378,52
1284,8,5250,909,4341,0,0,0,1.0,1,1.0,1,1.0,1,0.19008201122276336,52
1285,7,5257,909,4348,0,0,0,1.0,1,1.0,1,1.0,1,0.22078594779893418,51
1286,7,5264,909,4355,0,0,0,1.0,1,1.0,1,1.0,1,0.21058632959524892,52
1287,12,5276,909,4367,0,0,0,1.0,1,1.0,1,1.0,1,0.20488206258718564,54
1288,6,5282,909,4373,0,0,0,1.0,1,1.0,1,1.0,1,0.2156047368005067,55
1289,12,5294,909,4385,0,0,0,1.0,1,1.0,1,1.0,1,0.19767162753863823,56
1290,14,5308,909,4399,0,0,0,1.0,1,1.0,1,1.0,1,0.17560608306250636,57
1291,12,5320,909,4411,0,0,0,1.0,1,1.0,1,1.0,1,0.1971565092867777,58
1292,11,5331,911,4420,0,0,0,1.0,1,1.0,1,1.0,1,0.1738681658463868,59
1293,15,5346,911,4435,0,0,0,1.0,1,1.0,1,1.0,1,0.15873367099117175,59
1294,14,5360,912,4448,0,0,0,1.0,1,1.0,1,1.0,1,0.15877182155494593,59
1295,15,5375,913,4462,0,0,0,1.0,1,1.0,1,1.0,1,0.1807974489806815,59
1296,16,5391,913,4478,0,0,0,1.0,1,1.0,1,1.0,1,0.16428928663464568,59
1297,11,5402,914,4488,0,0,0,1.0,1,1.0,1,1.0,1,0.22720181076127993,61
1298,16,5418,914,4504,0,0,0,1.0,1,1.0,1,1.0,1,0.1979995592260118,61
1299,11,5429,914,4515,0,0,0,1.0,1,1.0,1,1.0,1,0.18402314644628517,60
1300,12,5441,914,4527,0,0,0,1.0,1,1.0,1,1.0,1,0.21845434582109796,59
1301,9,5450,914,4536,0,0,0,1.0,1,1.0,1,1.0,1,0.10164400599498452,59
1302,10,5460,917,4543,0,0,0,1.0,1,1.0,1,1.0,1,0.05699484196882104,59
1303,5,5465,920,4545,0,0,0,1.0,1,1.0,1,1.0,1,0.1314140961468574,55
1304,10,5475,923,4552,0,0,0,1.0,1,1.0,1,1.0,1,0.12394107281700852,56
1305,6,5481,926,4555,0,0,0,1.0,1,1.0,1,1.0,1,0.1393192087478811,54
1306,5,5486,927,4559,0,0,0,1.0,1,1.0,1,1.0,1,0.11895140361400783,53
1307,4,5490,929,4561,0,0,0,1.0,1,1.0,1,1.0,1,0.17004350442558944,52
1308,3,5493,930,4563,0,0,0,1.0,1,1.0,1,1.0,1,0.18660175319012112,52
1309,8,5501,931,4570,0,0,0,1.0,1,1.0,1,1.0,1,0.23802610210383396,54
1310,13,5514,932,4582,0,0,0,1.0,1,1.0,1,1.0,1,0.23867370338698526,52
1311,9,5523,934,4589,0,0,0,1.0,1,1.0,1,1.0,1,0.20568008331816803,51
1312,8,5531,936,4595,0,0,0,1.0,1,1.0,1,1.0,1,0.23026117913680422,49
1313,6,5537,936,4601,0,0,0,1.0,1,1.0,1,1.0,1,0.245614637980774,47
1314,7,5544,937,4607,0,0,0,1.0,1,1.0,1,1.0,1,0.23473001837270896,46
1315,6,5550,937,4613,0,0,0,1.0,1,1.0,1,1.0,1,0.2543704078263835,45
1316,8,5558,938,4620,0,0,0,1.0,1,1.0,1,1.0,1,0.23524870913132664,46
1317,3,5561,938,4623,0,0,0,1.0,1,1.0,1,1.0,1,0.2479440636635774,45
1318,4,5565,939,4626,0,0,0,1.0,1,1.0,1,1.0,1,0.22746304795135922,46
1319,4,5569,939,4630,0,0,0,1.0,1,1.0,1,1.0,1,0.1884383017352065,46
1320,5,5574,940,4634,0,0,0,1.0,1,1.0,1,1.0,1,0.20388653026808323,46
1321,7,5581,940,4641,0,0,0,1.0,1,1.0,1,1.0,1,0.10681344815487095,48
1322,1,5582,940,4642,0,0,0,1.0,1,1.0,1,1.0,1,0.12280321124732275,49
1323,1,5583,940,4643,0,0,0,1.0,1,1.0,1,1.0,1,0.10617195899092109,49
1324,3,5586,940,4646,0,0,0,1.0,1,1.0,1,1.0,1,0.09124040919297215,50
1325,5,5591,941,4650,0,0,0,1.0,1,1.0,1,1.0,1,0.12736936135662094,49
1326,5,5596,942,4654,0,0,0,1.0,1,1.0,1,1.0,1,0.1485677769571668,50
1327,6,5602,943,4659,0,0,0,1.0,1,1.0,1,1.0,1,0.16163543934902763,50
1328,6,5608,943,4665,0,0,0,1.0,1,1.0,1,1.0,1,0.20057107199511248,49
1329,7,5615,943,4672,0,0,0,1.0,1,1.0,1,1.0,1,0.20433328389723984,50
1330,8,5623,944,4679,0,0,0,1.0,1,1.0,1,1.0,1,0.17464331517131432,50
1331,6,5629,945,4684,0,0,0,1.0,1,1.0,1,1.0,1,0.23625518358244424,50
1332,7,5636,946,4690,0,0,0,1.0,1,1.0,1,1.0,1,0.17424601948958762,51
1333,6,5642,946,4696,0,0,0,1.0,1,1.0,1,1.0,1,0.20061444641317827,52
1334,8,5650,946,4704,0,0,0,1.0,1,1.0,1,1.0,1,0.18404723694223124,54
1335,6,5656,946,4710,0,0,0,1.0,1,1.0,1,1.0,1,0.20524584872037346,54
1336,9,5665,946,4719,0,0,0,1.0,1,1.0,1,1.0,1,0.18100437270568734,56
1337,20,5685,948,4737,0,0,0,1.0,1,1.0,1,1.0,1,0.2652055134895127,57
1338,12,5697,949,4748,0,0,0,1.0,1,1.0,1,1.0,1,0.18971171057511443,57
1339,11,5708,952,4756,0,0,0,1.0,1,1.0,1,1.0,1,0.33576981136460754,58
1340,22,5730,952,4778,0,0,0,1.0,1,1.0,1,1.0,1,0.3433677742393477,59
1341,16,5746,953,4793,0,0,0,1.0,1,1.0,1,1.0,1,0.18374221766082433,57
1342,6,5752,954,4798,0,0,0,1.0,1,1.0,1,1.0,1,0.17001208968737738,57
1343,3,5755,954,4801,0,0,0,1.0,1,1.0,1,1.0,1,0.1702855384259125,55
1344,9,5764,956,4808,0,0,0,1.0,1,1.0,1,1.0,1,0.16557759864404165,54
1345,4,5768,957,4811,0,0,0,1.0,1,1.0,1,1.0,1,0.15661929936142663,53
1346,7,5775,959,4816,0,0,0,1.0,1,1.0,1,1.0,1,0.17688392049738497,53
1347,6,5781,960,4821,0,0,0,1.0,1,1.0,1,1.0,1,0.13651858028241542,51
1348,7,5788,962,4826,0,0,0,1.0,1,1.0,1,1.0,1,0.18296921612486905,52
1349,4,5792,962,4830,0,0,0,1.0,1,1.0,1,1.0,1,0.21422666439997998,50
1350,5,5797,963,4834,0,0,0,1.0,1,1.0,1,1.0,1,0.19396665618751427,51
1351,5,5802,963,4839,0,0,0,1.0,1,1.0,1,1.0,1,0.1886019095152551,50
1352,4,5806,964,4842,0,0,0,1.0,1,1.0,1,1.0,1,0.22147921008152877,50
1353,6,5812,964,4848,0,0,0,1.0,1,1.0,1,1.0,1,0.18483130553227514,50
1354,7,5819,964,4855,0,0,0,1.0,1,1.0,1,1.0,1,0.2099851281743027,51
1355,5,5824,964,4860,0,0,0,1.0,1,1.0,1,1.0,1,0.19014111862036673,53
1356,6,5830,965,4865,0,0,0,1.0,1,1.0,1,1.0,1,0.20061362991764028,52
1357,4,5834,965,4869,0,0,0,1.0,1,1.0,1,1.0,1,0.19385931743069593,52
1358,4,5838,965,4873,0,0,0,1.0,1,1.0,1,1.0,1,0.21125094350780424,53
1359,9,5847,967,4880,0,0,0,1.0,1,1.0,1,1.0,1,0.2873685523291874,54
1360,8,5855,967,4888,0,0,0,1.0,1,1.0,1,1.0,1,0.19737094297730612,55
1361,10,5865,968,4897,0,0,0,1.0,1,1.0,1,1.0,1,0.14592616811451378,55
1362,3,5868,968,4900,0,0,0,1.0,1,1.0,1,1.0,1,0.10966267038221746,56
1363,4,5872,968,4904,0,0,0,1.0,1,1.0,1,1.0,1,0.10399144974615446,56
1364,4,5876,968,4908,0,0,0,1.0,1,1.0,1,1.0,1,0.0923040292722691,55
1365,2,5878,968,4910,0,0,0,1.0,1,1.0,1,1.0,1,0.0843497871917839,56
1366,6,5884,970,4914,0,0,0,1.0,1,1.0,1,1.0,1,0.0896145512653628,57
1367,4,5888,970,4918,0,0,0,1.0,1,1.0,1,1.0,1,0.0969165227537165,57
1368,7,5895,970,4925,0,0,0,1.0,1,1.0,1,1.0,1,0.11210141244681221,58
1369,8,5903,972,4931,0,0,0,1.0,1,1.0,1,1.0,1,0.14658162055938115,59
1370,9,5912,974,4938,0,0,0,1.0,1,1.0,1,1.0,1,0.12214085262126322,60
1371,11,5923,974,4949,0,0,0,1.0,1,1.0,1,1.0,1,0.16478092301131086,59
1372,15,5938,977,4961,0,0,0,1.0,1,1.0,1,1.0,1,0.196904750435156,59
1373,11,5949,977,4972,0,0,0,1.0,1,1.0,1,1.0,1,0.1829708790960507,59
1374,9,5958,978,4980,0,0,0,1.0,1,1.0,1,1.0,1,0.16296410298660932,59
1375,11,5969,978,4991,0,0,0,1.0,1,1.0,1,1.0,1,0.17983911731156016,62
1376,14,5983,980,5003,0,0,0,1.0,1,1.0,1,1.0,1,0.19749476162994528,61
1377,14,5997,981,5016,0,0,0,1.0,1,1.0,1,1.0,1,0.23982930173028247,63
1378,10,6007,981,5026,0,0,0,1.0,1,1.0,1,1.0,1,0.2063148993413354,62
1379,14,6021,984,5037,0,0,0,1.0,1,1.0,1,1.0,1,0.23817210528223565,61
1380,16,6037,984,5053,0,0,0,1.0,1,1.0,1,1.0,1,0.23654013267929586,60
1381,7,6044,985,5059,0,0,0,1.0,1,1.0,1,1.0,1,0.1787593117915041,58
1382,4,6048,986,5062,0,0,0,1.0,1,1.0,1,1.0,1,0.16937177753018756,56
1383,1,6049,986,5063,0,0,0,1.0,1,1.0,1,1.0,1,0.16602486061807586,57
1384,6,6055,988,5067,0,0,0,1.0,1,1.0,1,1.0,1,0.15068564082635194,55
1385,4,6059,989,5070,0,0,0,1.0,1,1.0,1,1.0,1,0.1971888831328551,55
1386,6,6065,991,5074,0,0,0,1.0,1,1.0,1,1.0,1,0.18669892311519706,54
1387,3,6068,992,5076,0,0,0,1.0,1,1.0,1,1.0,1,0.2236789745042202,53
1388,6,6074,995,5079,0,0,0,1.0,1,1.0,1,1.0,1,0.21301714881583708,52
1389,2,6076,996,5080,0,0,0,1.0,1,1.0,1,1.0,1,0.24912719479825368,52
1390,0,6076,996,5080,0,0,0,1.0,1,1.0,1,1.0,1,0.24928099619907979,51
1391,0,6076,996,5080,0,0,0,1.0,1,1.0,1,1.0,1,0.2613660656961408,52
1392,1,6077,997,5080,0,0,0,1.0,1,1.0,1,1.0,1,0.2656978806673802,51
1393,2,6079,998,5081,0,0,0,1.0,1,1.0,1,1.0,1,0.25356446825367923,51
1394,2,6081,998,5083,0,0,0,1.0,1,1.0,1,1.0,1,0.24234441161192236,52
1395,1,6082,998,5084,0,0,0,1.0,1,1.0,1,1.0,1,0.24722693292559525,52
1396,1,6083,998,5085,0,0,0,1.0,1,1.0,1,1.0,1,0.21480828133854257,53
1397,4,6087,998,5089,0,0,0,1.0,1,1.0,1,1.0,1,0.19859549393648115,56
1398,5,6092,999,5093,0,0,0,1.0,1,1.0,1,1.0,1,0.22015805440813013,56
1399,6,6098,1001,5097,0,0,0,1.0,1,1.0,1,1.0,1,0.2444894127864722,57
1400,7,6105,1002,5103,0,0,0,1.0,1,1.0,1,1.0,1,0.20824691285069105,57
1401,8,6113,1002,5111,0,0,0,1.0,1,1.0,1,1.0,1,0.08910531868093566,57
1402,3,6116,1004,5112,0,0,0,1.0,1,1.0,1,1.0,1,0.1623763870233444,57
1403,2,6118,1004,5114,0,0,0,1.0,1,1.0,1,1.0,1,0.17033659301300322,56
1404,5,6123,1004,5119,0,0,0,1.0,1,1.0,1,1.0,1,0.1385851506389627,58
1405,4,6127,1005,5122,0,0,0,1.0,1,1.0,1,1.0,1,0.2219505263487139,58
1406,9,6136,1005,5131,0,0,0,1.0,1,1.0,1,1.0,1,0.202387582767957,58
1407,5,6141,1005,5136,0,0,0,1.0,1,1.0,1,1.0,1,0.2104920733015689,57
1408,7,6148,1005,5143,0,0,0,1.0,1,1.0,1,1.0,1,0.22492761177588586,58
1409,4,6152,1005,5147,0,0,0,1.0,1,1.0,1,1.0,1,0.2323320027499879,57
1410,8,6160,1005,5155,0,0,0,1.0,1,1.0,1,1.0,1,0.23177879767037904,57
1411,7,6167,1006,5161,0,0,0,1.0,1,1.0,1,1.0,1,0.23411606251116662,56
1412,7,6174,1006,5168,0,0,0,1.0,1,1.0,1,1.0,1,0.2503574380567301,55
1413,6,6180,1006,5174,0,0,0,1.0,1,1.0,1,1.0,1,0.2406719426069707,57
1414,7,6187,1006,5181,0,0,0,1.0,1,1.0,1,1.0,1,0.24600787729996532,57
1415,9,6196,1007,5189,0,0,0,1.0,1,1.0,1,1.0,1,0.2729632571283056,60
1416,7,6203,1008,5195,0,0,0,1.0,1,1.0,1,1.0,1,0.26078781227108216,61
1417,13,6216,1009,5207,0,0,0,1.0,1,1.0,1,1.0,1,0.22341520139673032,59
1418,10,6226,1009,5217,0,0,0,1.0,1,1.0,1,1.0,1,0.2806153470947048,60
1419,16,6242,1010,5232,0,0,0,1.0,1,1.0,1,1.0,1,0.2347071892629028,59
1420,9,6251,1011,5240,0,0,0,1.0,1,1.0,1,1.0,1,0.2228498947868959,58
1421,6,6257,1011,5246,0,0,0,1.0,1,1.0,1,1.0,1,0.11377822850136739,57
1422,3,6260,1011,5249,0,0,0,1.0,1,1.0,1,1.0,1,0.09924191145116168,57
1423,1,6261,1011,5250,0,0,0,1.0,1,1.0,1,1.0,1,0.09082409619207399,56
1424,0,6261,1011,5250,0,0,0,1.0,1,1.0,1,1.0,1,0.08979192242208937,57
1425,2,6263,1013,5250,0,0,0,1.0,1,1.0,1,1.0,1,0.10762535719927571,54
1426,3,6266,1015,5251,0,0,0,1.0,1,1.0,1,1.0,1,0.14315740755842415,54
1427,6,6272,1018,5254,0,0,0,1.0,1,1.0,1,1.0,1,0.19953436522743903,53
1428,2,6274,1018,5256,0,0,0,1.0,1,1.0,1,1.0,1,0.19241598241076127,52
1429,1,6275,1018,5257,0,0,0,1.0,1,1.0,1,1.0,1,0.20086269883917304,52
1430,3,6278,1020,5258,0,0,0,1.0,1,1.0,1,1.0,1,0.19238307369653934,51
1431,6,6284,1020,5264,0,0,0,1.0,1,1.0,1,1.0,1,0.15158244287856593,51
1432,7,6291,1023,5268,0,0,0,1.0,1,1.0,1,1.0,1,0.17448329899715928,52
1433,3,6294,1024,5270,0,0,0,1.0,1,1.0,1,1.0,1,0.1894047986611228,52
1434,3,6297,1027,5270,0,0,0,1.0,1,1.0,1,1.0,1,0.2070036088115843,52
1435,2,6299,1028,5271,0,0,0,1.0,1,1.0,1,1.0,1,0.24389016566800747,50
1436,6,6305,1030,5275,0,0,0,1.0,1,1.0,1,1.0,1,0.25127346558449626,50
1437,3,6308,1030,5278,0,0,0,1.0,1,1.0,1,1.0,1,0.2580450187612283,49
1438,7,6315,1033,5282,0,0,0,1.0,1,1.0,1,1.0,1,0.29197862163243543,49
1439,7,6322,1035,5287,0,0,0,1.0,1,1.0,1,1.0,1,0.3100742858288626,50
1440,10,6332,1039,5293,0,0,0,1.0,1,1.0,1,1.0,1,0.3499097265601118,50
1441,12,6344,1039,5305,0,0,0,1.0,1,1.0,1,1.0,1,0.21084517863303714,51
1442,4,6348,1039,5309,0,0,0,1.0,1,1.0,1,1.0,1,0.20036618385461963,50
1443,2,6350,1039,5311,0,0,0,1.0,1,1.0,1,1.0,1,0.16977268877080112,51
1444,2,6352,1039,5313,0,0,0,1.0,1,1.0,1,1.0,1,0.20520679378028012,51
1445,3,6355,1039,5316,0,0,0,1.0,1,1.0,1,1.0,1,0.15516231167835176,51
1446,4,6359,1039,5320,0,0,0,1.0,1,1.0,1,1.0,1,0.20305099242565378,51
1447,3,6362,1039,5323,0,0,0,1.0,1,1.0,1,1.0,1,0.17306168354748577,51
1448,7,6369,1039,5330,0,0,0,1.0,1,1.0,1,1.0,1,0.16808507133491393,51
1449,3,6372,1039,5333,0,0,0,1.0,1,1.0,1,1.0,1,0.18844807050572113,51
1450,5,6377,1039,5338,0,0,0,1.0,1,1.0,1,1.0,1,0.16850860645529778,52
1451,3,6380,1039,5341,0,0,0,1.0,1,1.0,1,1.0,1,0.131249256197558,54
1452,6,6386,1040,5346,0,0,0,1.0,1,1.0,1,1.0,1,0.17406692656885295,56
1453,7,6393,1041,5352,0,0,0,1.0,1,1.0,1,1.0,1,0.18470166157600612,56
1454,8,6401,1042,5359,0,0,0,1.0,1,1.0,1,1.0,1,0.1801231653588421,58
1455,8,6409,1043,5366,0,0,0,1.0,1,1.0,1,1.0,1,0.19955326475681592,55
1456,8,6417,1043,5374,0,0,0,1.0,1,1.0,1,1.0,1,0.19976380362523857,56
1457,4,6421,1044,5377,0,0,0,1.0,1,1.0,1,1.0,1,0.2312551219062027,54
1458,7,6428,1047,5381,0,0,0,1.0,1,1.0,1,1.0,1,0.2637584114497092,52
1459,6,6434,1048,5386,0,0,0,1.0,1,1.0,1,1.0,1,0.2510607323248005,52
1460,5,6439,1048,5391,0,0,0,1.0,1,1.0,1,1.0,1,0.2406148327943591,50
1461,6,6445,1049,5396,0,0,0,1.0,1,1.0,1,1.0,1,0.17301535834228632,53
1462,6,6451,1052,5399,0,0,0,1.0,1,1.0,1,1.0,1,0.15796752251738333,51
1463,5,6456,1052,5404,0,0,0,1.0,1,1.0,1,1.0,1,0.18053259962262114,51
1464,2,6458,1054,5404,0,0,0,1.0,1,1.0,1,1.0,1,0.21799421517471454,51
1465,4,6462,1054,5408,0,0,0,1.0,1,1.0,1,1.0,1,0.21330978481272564,49
1466,5,6467,1055,5412,0,0,0,1.0,1,1.0,1,1.0,1,0.21818138626279593,49
1467,3,6470,1057,5413,0,0,0,1.0,1,1.0,1,1.0,1,0.2888308671504213,47
1468,5,6475,1058,5417,0,0,0,1.0,1,1.0,1,1.0,1,0.23188032080122686,48
1469,5,6480,1061,5419,0,0,0,1.0,1,1.0,1,1.0,1,0.27822837022677016,47
1470,4,6484,1062,5422,0,0,0,1.0,1,1.0,1,1.0,1,0.28274701085045834,49
1471,3,6487,1062,5425,0,0,0,1.0,1,1.0,1,1.0,1,0.29361953191870527,48
1472,2,6489,1062,5427,0,0,0,1.0,1,1.0,1,1.0,1,0.2673030089102943,48
1473,2,6491,1062,5429,0,0,0,1.0,1,1.0,1,1.0,1,0.27680759694858037,49
1474,2,6493,1062,5431,0,0,0,1.0,1,1.0,1,1.0,1,0.27680759694858037,49
1475,2,6495,1062,5433,0,0,0,1.0,1,1.0,1,1.0,1,0.225495340280371,49
1476,4,6499,1063,5436,0,0,0,1.0,1,1.0,1,1.0,1,0.24885568988041135,51
1477,5,6504,1063,5441,0,0,0,1.0,1,1.0,1,1.0,1,0.2085365641673396,51
1478,2,6506,1063,5443,0,0,0,1.0,1,1.0,1,1.0,1,0.19473505030371355,52
1479,3,6509,1063,5446,0,0,0,1.0,1,1.0,1,1.0,1,0.1960420465241401,53
1480,5,6514,1064,5450,0,0,0,1.0,1,1.0,1,1.0,1,0.22091868467718875,53
1481,8,6522,1064,5458,0,0,0,1.0,1,1.0,1,1.0,1,0.08391152470722556,53
1482,2,6524,1065,5459,0,0,0,1.0,1,1.0,1,1.0,1,0.12587724810028428,52
1483,1,6525,1065,5460,0,0,0,1.0,1,1.0,1,1.0,1,0.14801104094908263,52
1484,3,6528,1065,5463,0,0,0,1.0,1,1.0,1,1.0,1,0.1689414404584719,53
1485,5,6533,1065,5468,0,0,0,1.0,1,1.0,1,1.0,1,0.16184383267607752,53
1486,2,6535,1065,5470,0,0,0,1.0,1,1.0,1,1.0,1,0.1905421936049865,54
1487,5,6540,1066,5474,0,0,0,1.0,1,1.0,1,1.0,1,0.18210969665760307,55
1488,7,6547,1066,5481,0,0,0,1.0,1,1.0,1,1.0,1,0.19620248554577427,57
1489,11,6558,1068,5490,0,0,0,1.0,1,1.0,1,1.0,1,0.15780890031961745,58
1490,7,6565,1069,5496,0,0,0,1.0,1,1.0,1,1.0,1,0.14080994166083935,58
1491,5,6570,1070,5500,0,0,0,1.0,1,1.0,1,1.0,1,0.1824158577041144,59
1492,5,6575,1070,5505,0,0,0,1.0,1,1.0,1,1.0,1,0.17821212924037666,59
1493,5,6580,1070,5510,0,0,0,1.0,1,1.0,1,1.0,1,0.15133906030423802,58
1494,7,6587,1072,5515,0,0,0,1.0,1,1.0,1,1.0,1,0.19160091414658464,58
1495,5,6592,1073,5519,0,0,0,1.0,1,1.0,1,1.0,1,0.18854248021964856,57
1496,8,6600,1073,5527,0,0,0,1.0,1,1.0,1,1.0,1,0.1768865754839822,59
1497,6,6606,1074,5532,0,0,0,1.0,1,1.0,1,1.0,1,0.20553817616017586,58
1498,10,6616,1076,5540,0,0,0,1.0,1,1.0,1,1.0,1,0.20901543192099542,58
1499,7,6623,1076,5547,0,0,0,1.0,1,1.0,1,1.0,1,0.19070504245223832,56
1500,9,6632,1077,5555,0,0,0,1.0,1,1.0,1,1.0,1,0.19187879483799217,57
1501,3,6635,1077,5558,0,0,0,1.0,1,1.0,1,1.0,1,0.14761258062506358,55
1502,3,6638,1079,5559,0,0,0,1.0,1,1.0,1,1.0,1,0.13644041970179746,55
1503,2,6640,1080,5560,0,0,0,1.0,1,1.0,1,1.0,1,0.12311449118333985,54
1504,0,6640,1080,5560,0,0,0,1.0,1,1.0,1,1.0,1,0.0999931333453972,55
1505,0,6640,1080,5560,0,0,0,1.0,1,1.0,1,1.0,1,0.11450766040894353,53
1506,3,6643,1081,5562,0,0,0,1.0,1,1.0,1,1.0,1,0.11464385500744007,55
1507,1,6644,1082,5562,0,0,0,1.0,1,1.0,1,1.0,1,0.12564225915956573,53
1508,4,6648,1085,5563,0,0,0,1.0,1,1.0,1,1.0,1,0.15238452696059004,53
1509,3,6651,1086,5565,0,0,0,1.0,1,1.0,1,1.0,1,0.16199567249529856,52
1510,2,6653,1088,5565,0,0,0,1.0,1,1.0,1,1.0,1,0.19879669461856134,50
1511,0,6653,1088,5565,0,0,0,1.0,1,1.0,1,1.0,1,0.20092458343599504,49
1512,2,6655,1090,5565,0,0,0,1.0,1,1.0,1,1.0,1,0.237072017567043,48
1513,2,6657,1091,5566,0,0,0,1.0,1,1.0,1,1.0,1,0.28681706257034734,47
1514,2,6659,1092,5567,0,0,0,1.0,1,1.0,1,1.0,1,0.2696632468517298,48
1515,3,6662,1092,5570,0,0,0,1.0,1,1.0,1,1.0,1,0.25560952435401485,48
1516,3,6665,1093,5572,0,0,0,1.0,1,1.0,1,1.0,1,0.25469137325669566,47
1517,1,6666,1093,5573,0,0,0,1.0,1,1.0,1,1.0,1,0.2320494364251706,48
1518,0,6666,1093,5573,0,0,0,1.0,1,1.0,1,1.0,1,0.2320494364251706,48
1519,0,6666,1093,5573,0,0,0,1.0,1,1.0,1,1.0,1,0.2456613670977807,47
1520,4,6670,1096,5574,0,0,0,1.0,1,1.0,1,1.0,1,0.29039872608985573,48
1521,13,6683,1096,5587,0,0,0,1.0,1,1.0,1,1.0,1,0.13869147020718015,49
1522,4,6687,1097,5590,0,0,0,1.0,1,1.0,1,1.0,1,0.12962321983236103,48
1523,5,6692,1097,5595,0,0,0,1.0,1,1.0,1,1.0,1,0.22312546353101106,49
1524,7,6699,1098,5601,0,0,0,1.0,1,1.0,1,1.0,1,0.13370827317577105,49
1525,7,6706,1098,5608,0,0,0,1.0,1,1.0,1,1.0,1,0.16823790390858656,51
1526,7,6713,1098,5615,0,0,0,1.0,1,1.0,1,1.0,1,0.15691666456861303,52
1527,13,6726,1099,5627,0,0,0,1.0,1,1.0,1,1.0,1,0.20538797104546316,54
1528,16,6742,1100,5642,0,0,0,1.0,1,1.0,1,1.0,1,0.20609133755402756,54
1529,8,6750,1100,5650,0,0,0,1.0,1,1.0,1,1.0,1,0.25378534983478507,54
1530,9,6759,1101,5658,0,0,0,1.0,1,1.0,1,1.0,1,0.21146226595876802,54
1531,13,6772,1101,5671,0,0,0,1.0,1,1.0,1,1.0,1,0.22499856264415788,54
1532,15,6787,1102,5685,0,0,0,1.0,1,1.0,1,1.0,1,0.2474931266614821,54
1533,12,6799,1102,5697,0,0,0,1.0,1,1.0,1,1.0,1,0.22439123942698433,54
1534,11,6810,1102,5708,0,0,0,1.0,1,1.0,1,1.0,1,0.20675019908409167,54
1535,10,6820,1103,5717,0,0,0,1.0,1,1.0,1,1.0,1,0.2175835510675285,54
1536,6,6826,1103,5723,0,0,0,1.0,1,1.0,1,1.0,1,0.2062521291611757,55
1537,6,6832,1103,5729,0,0,0,1.0,1,1.0,1,1.0,1,0.23057081972809731,53
1538,10,6842,1103,5739,0,0,0,1.0,1,1.0,1,1.0,1,0.1560407744772128,54
1539,6,6848,1103,5745,0,0,0,1.0,1,1.0,1,1.0,1,0.1884114570509335,54
1540,10,6858,1104,5754,0,0,0,1.0,1,1.0,1,1.0,1,0.19186943269642392,54
1541,10,6868,1104,5764,0,0,0,1.0,1,1.0,1,1.0,1,0.07451997757865324,54
1542,10,6878,1106,5772,0,0,0,1.0,1,1.0,1,1.0,1,0.13409700825291965,57
1543,6,6884,1107,5777,0,0,0,1.0,1,1.0,1,1.0,1,0.12906971332361022,55
1544,9,6893,1108,5785,0,0,0,1.0,1,1.0,1,1.0,1,0.15920045632869098,54
1545,8,6901,1109,5792,0,0,0,1.0,1,1.0,1,1.0,1,0.17040841920854433,54
1546,8,6909,1110,5799,0,0,0,1.0,1,1.0,1,1.0,1,0.127969755062217,53
1547,8,6917,1113,5804,0,0,0,1.0,1,1.0,1,1.0,1,0.17833815549610813,53
1548,11,6928,1114,5814,0,0,0,1.0,1,1.0,1,1.0,1,0.17881662048752112,54
1549,5,6933,1114,5819,0,0,0,1.0,1,1.0,1,1.0,1,0.21162293406435423,52
1550,9,6942,1115,5827,0,0,0,1.0,1,1.0,1,1.0,1,0.20995313630777337,52
1551,10,6952,1117,5835,0,0,0,1.0,1,1.0,1,1.0,1,0.17667284702905073,52
1552,6,6958,1119,5839,0,0,0,1.0,1,1.0,1,1.0,1,0.16794165070302208,51
1553,7,6965,1122,5843,0,0,0,1.0,1,1.0,1,1.0,1,0.27130520936057856,51
1554,6,6971,1123,5848,0,0,0,1.0,1,1.0,1,1.0,1,0.21479369574673274,51
1555,8,6979,1125,5854,0,0,0,1.0,1,1.0,1,1.0,1,0.23527534852368262,50
1556,5,6984,1125,5859,0,0,0,1.0,1,1.0,1,1.0,1,0.24645818312785578,51
1557,9,6993,1126,5867,0,0,0,1.0,1,1.0,1,1.0,1,0.20014268169697344,51
1558,12,7005,1127,5878,0,0,0,1.0,1,1.0,1,1.0,1,0.1900793398802039,52
1559,6,7011,1129,5882,0,0,0,1.0,1,1.0,1,1.0,1,0.22023068846361443,53
1560,11,7022,1130,5892,0,0,0,1.0,1,1.0,1,1.0,1,0.252689565304963,51
1561,8,7030,1132,5898,0,0,0,1.0,1,1.0,1,1.0,1,0.14013310370959917,51
1562,6,7036,1132,5904,0,0,0,1.0,1,1.0,1,1.0,1,0.09936724167147377,52
1563,5,7041,1132,5909,0,0,0,1.0,1,1.0,1,1.0,1,0.10142625971539827,52
1564,3,7044,1132,5912,0,0,0,1.0,1,1.0,1,1.0,1,0.14456158136665262,51
1565,3,7047,1133,5914,0,0,0,1.0,1,1.0,1,1.0,1,0.11989199600192692,53
1566,3,7050,1133,5917,0,0,0,1.0,1,1.0,1,1.0,1,0.18798100281807653,53
1567,4,7054,1133,5921,0,0,0,1.0,1,1.0,1,1.0,1,0.17125146590121418,52
1568,2,7056,1133,5923,0,0,0,1.0,1,1.0,1,1.0,1,0.1405844337718334,52
1569,3,7059,1133,5926,0,0,0,1.0,1,1.0,1,1.0,1,0.17682409416376307,49
1570,4,7063,1133,5930,0,0,0,1.0,1,1.0,1,1.0,1,0.16990673450227636,48
1571,4,7067,1133,5934,0,0,0,1.0,1,1.0,1,1.0,1,0.1894027144401778,46
1572,6,7073,1136,5937,0,0,0,1.0,1,1.0,1,1.0,1,0.1668078192178332,47
1573,4,7077,1137,5940,0,0,0,1.0,1,1.0,1,1.0,1,0.2026623017132101,48
1574,4,7081,1138,5943,0,0,0,1.0,1,1.0,1,1.0,1,0.17633371348736698,46
1575,3,7084,1139,5945,0,0,0,1.0,1,1.0,1,1.0,1,0.2143413020456329,47
1576,4,7088,1141,5947,0,0,0,1.0,1,1.0,1,1.0,1,0.19273242173472596,46
1577,5,7093,1142,5951,0,0,0,1.0,1,1.0,1,1.0,1,0.16887875655472767,45
1578,2,7095,1142,5953,0,0,0,1.0,1,1.0,1,1.0,1,0.15813350383526967,44
1579,2,7097,1143,5954,0,0,0,1.0,1,1.0,1,1.0,1,0.21071311656315359,43
1580,1,7098,1143,5955,0,0,0,1.0,1,1.0,1,1.0,1,0.19337907712549757,43
1581,9,7107,1143,5964,0,0,0,1.0,1,1.0,1,1.0,1,0.17444000317241778,42
1582,1,7108,1144,5964,0,0,0,1.0,1,1.0,1,1.0,1,0.1802415713043506,42
1583,3,7111,1146,5965,0,0,0,1.0,1,1.0,1,1.0,1,0.1881815547875688,43
1584,3,7114,1149,5965,0,0,0,1.0,1,1.0,1,1.0,1,0.2313690522826847,41
1585,4,7118,1149,5969,0,0,0,1.0,1,1.0,1,1.0,1,0.16661589764312318,43
1586,1,7119,1149,5970,0,0,0,1.0,1,1.0,1,1.0,1,0.13250214869734261,42
1587,0,7119,1149,5970,0,0,0,1.0,1,1.0,1,1.0,1,0.12643221739669233,42
1588,4,7123,1151,5972,0,0,0,1.0,1,1.0,1,1.0,1,0.16237488131537328,42
1589,2,7125,1152,5973,0,0,0,1.0,1,1.0,1,1.0,1,0.13964159837659815,42
1590,1,7126,1153,5973,0,0,0,1.0,1,1.0,1,1.0,1,0.20621744188588512,41
1591,2,7128,1154,5974,0,0,0,1.0,1,1.0,1,1.0,1,0.22337381297337747,40
1592,2,7130,1155,5975,0,0,0,1.0,1,1.0,1,1.0,1,0.2747467120314368,39
1593,4,7134,1156,5978,0,0,0,1.0,1,1.0,1,1.0,1,0.3246980950721565,39
1594,8,7142,1156,5986,0,0,0,1.0,1,1.0,1,1.0,1,0.29963494472395624,39
1595,7,7149,1156,5993,0,0,0,1.0,1,1.0,1,1.0,1,0.2774451225670032,42
1596,2,7151,1156,5995,0,0,0,1.0,1,1.0,1,1.0,1,0.2886101275886617,41
1597,4,7155,1157,5998,0,0,0,1.0,1,1.0,1,1.0,1,0.30045350552426897,41
1598,5,7160,1157,6003,0,0,0,1.0,1,1.0,1,1.0,1,0.3008856164704025,39
1599,2,7162,1157,6005,0,0,0,1.0,1,1.0,1,1.0,1,0.34243678677231465,39
1600,6,7168,1158,6010,0,0,0,1.0,1,1.0,1,1.0,1,0.3532435295419032,40
1601,13,7181,1161,6020,0,0,0,1.0,1,1.0,1,1.0,1,0.22862873430037547,41
1602,4,7185,1162,6023,0,0,0,1.0,1,1.0,1,1.0,1,0.22457520464408662,41
1603,3,7188,1162,6026,0,0,0,1.0,1,1.0,1,1.0,1,0.23898828771220318,43
1604,3,7191,1162,6029,0,0,0,1.0,1,1.0,1,1.0,1,0.24249707675945345,43
1605,6,7197,1162,6035,0,0,0,1.0,1,1.0,1,1.0,1,0.16422219897345,44
1606,4,7201,1162,6039,0,0,0,1.0,1,1.0,1,1.0,1,0.16422219897345,44
1607,3,7204,1162,6042,0,0,0,1.0,1,1.0,1,1.0,1,0.16572365739778694,42
1608,2,7206,1162,6044,0,0,0,1.0,1,1.0,1,1.0,1,0.14629999216829578,41
1609,2,7208,1162,6046,0,0,0,1.0,1,1.0,1,1.0,1,0.1379263830673548,39
1610,3,7211,1163,6048,0,0,0,1.0,1,1.0,1,1.0,1,0.12842122978085965,39
1611,3,7214,1163,6051,0,0,0,1.0,1,1.0,1,1.0,1,0.142784044633487,40
1612,1,7215,1163,6052,0,0,0,1.0,1,1.0,1,1.0,1,0.14440908842695127,39
1613,2,7217,1164,6053,0,0,0,1.0,1,1.0,1,1.0,1,0.16517911572017,41
1614,6,7223,1164,6059,0,0,0,1.0,1,1.0,1,1.0,1,0.16659319959017563,41
1615,6,7229,1165,6064,0,0,0,1.0,1,1.0,1,1.0,1,0.19319139227493048,41
1616,8,7237,1166,6071,0,0,0,1.0,1,1.0,1,1.0,1,0.1868571243864401,43
1617,7,7244,1168,6076,0,0,0,1.0,1,1.0,1,1.0,1,0.20195391359996323,44
1618,6,7250,1169,6081,0,0,0,1.0,1,1.0,1,1.0,1,0.17301478076473806,44
1619,8,7258,1170,6088,0,0,0,1.0,1,1.0,1,1.0,1,0.17102015444269103,44
1620,6,7264,1170,6094,0,0,0,1.0,1,1.0,1,1.0,1,0.15042615743642668,45
1621,1,7265,1170,6095,0,0,0,1.0,1,1.0,1,1.0,1,0.14340188258263134,44
1622,3,7268,1172,6096,0,0,0,1.0,1,1.0,1,1.0,1,0.1727881541246444,44
1623,1,7269,1172,6097,0,0,0,1.0,1,1.0,1,1.0,1,0.17823341851541652,43
1624,0,7269,1172,6097,0,0,0,1.0,1,1.0,1,1.0,1,0.14143233212594225,43
1625,2,7271,1174,6097,0,0,0,1.0,1,1.0,1,1.0,1,0.1720743125486238,43
1626,2,7273,1175,6098,0,0,0,1.0,1,1.0,1,1.0,1,0.1772051861400146,42
1627,0,7273,1175,6098,0,0,0,1.0,1,1.0,1,1.0,1,0.17887158157943184,42
1628,3,7276,1177,6099,0,0,0,1.0,1,1.0,1,1.0,1,0.1968570780985829,42
1629,0,7276,1177,6099,0,0,0,1.0,1,1.0,1,1.0,1,0.19148243079561553,41
1630,5,7281,1180,6101,0,0,0,1.0,1,1.0,1,1.0,1,0.19704847027792294,41
1631,1,7282,1181,6101,0,0,0,1.0,1,1.0,1,1.0,1,0.2295600010507142,40
1632,2,7284,1182,6102,0,0,0,1.0,1,1.0,1,1.0,1,0.2076483602168062,39
1633,3,7287,1183,6104,0,0,0,1.0,1,1.0,1,1.0,1,0.21322480711717937,39
1634,0,7287,1183,6104,0,0,0,1.0,1,1.0,1,1.0,1,0.21322480711717937,39
1635,0,7287,1183,6104,0,0,0,1.0,1,1.0,1,1.0,1,0.22556580373197613,40
1636,1,7288,1183,6105,0,0,0,1.0,1,1.0,1,1.0,1,0.2210688324843612,41
1637,1,7289,1183,6106,0,0,0,1.0,1,1.0,1,1.0,1,0.20085808985766815,41
1638,6,7295,1185,6110,0,0,0,1.0,1,1.0,1,1.0,1,0.12266929149026834,42
1639,2,7297,1186,6111,0,0,0,1.0,1,1.0,1,1.0,1,0.1261407839090632,43
1640,0,7297,1186,6111,0,0,0,1.0,1,1.0,1,1.0,1,0.1261407839090632,43
1641,1,7298,1186,6112,0,0,0,1.0,1,1.0,1,1.0,1,0.12686634727384857,44
1642,4,7302,1188,6114,0,0,0,1.0,1,1.0,1,1.0,1,0.13760957009968544,45
1643,2,7304,1190,6114,0,0,0,1.0,1,1.0,1,1.0,1,0.20932158120580152,44
1644,6,7310,1192,6118,0,0,0,1.0,1,1.0,1,1.0,1,0.18777665650190115,45
1645,1,7311,1192,6119,0,0,0,1.0,1,1.0,1,1.0,1,0.15004788468317684,44
1646,2,7313,1193,6120,0,0,0,1.0,1,1.0,1,1.0,1,0.15224086495121486,43
1647,3,7316,1194,6122,0,0,0,1.0,1,1.0,1,1.0,1,0.17128511435114732,43
1648,2,7318,1194,6124,0,0,0,1.0,1,1.0,1,1.0,1,0.1852050641816292,42
1649,1,7319,1194,6125,0,0,0,1.0,1,1.0,1,1.0,1,0.2262933462440019,41
1650,2,7321,1194,6127,0,0,0,1.0,1,1.0,1,1.0,1,0.2262933462440019,41
1651,2,7323,1195,6128,0,0,0,1.0,1,1.0,1,1.0,1,0.2350694387092601,40
1652,1,7324,1195,6129,0,0,0,1.0,1,1.0,1,1.0,1,0.23456243721633546,39
1653,2,7326,1195,6131,0,0,0,1.0,1,1.0,1,1.0,1,0.26450260650261703,39
1654,3,7329,1195,6134,0,0,0,1.0,1,1.0,1,1.0,1,0.23671772831769336,39
1655,5,7334,1197,6137,0,0,0,1.0,1,1.0,1,1.0,1,0.28026195628181666,40
1656,2,7336,1197,6139,0,0,0,1.0,1,1.0,1,1.0,1,0.2820686876487375,40
1657,1,7337,1198,6139,0,0,0,1.0,1,1.0,1,1.0,1,0.27077078366503793,40
1658,2,7339,1199,6140,0,0,0,1.0,1,1.0,1,1.0,1,0.28487693556369476,40
1659,4,7343,1202,6141,0,0,0,1.0,1,1.0,1,1.0,1,0.2863931195670511,40
1660,5,7348,1203,6145,0,0,0,1.0,1,1.0,1,1.0,1,0.193794939520153,41
1661,4,7352,1205,6147,0,0,0,1.0,1,1.0,1,1.0,1,0.11226692015833381,42
1662,2,7354,1206,6148,0,0,0,1.0,1,1.0,1,1.0,1,0.12145527084615668,44
1663,1,7355,1207,6148,0,0,0,1.0,1,1.0,1,1.0,1,0.11319717894178373,43
1664,3,7358,1210,6148,0,0,0,1.0,1,1.0,1,1.0,1,0.2035096508207396,42
1665,2,7360,1211,6149,0,0,0,1.0,1,1.0,1,1.0,1,0.197618784168872,42
1666,7,7367,1214,6153,0,0,0,1.0,1,1.0,1,1.0,1,0.14977968430644828,43
1667,3,7370,1217,6153,0,0,0,1.0,1,1.0,1,1.0,1,0.18815193373832853,40
1668,0,7370,1217,6153,0,0,0,1.0,1,1.0,1,1.0,1,0.16539330998260446,40
1669,4,7374,1218,6156,0,0,0,1.0,1,1.0,1,1.0,1,0.15959671136209824,40
1670,3,7377,1220,6157,0,0,0,1.0,1,1.0,1,1.0,1,0.17467116310524997,39
1671,0,7377,1220,6157,0,0,0,1.0,1,1.0,1,1.0,1,0.1910200344471283,39
1672,3,7380,1222,6158,0,0,0,1.0,1,1.0,1,1.0,1,0.2220918145592803,38
1673,4,7384,1224,6160,0,0,0,1.0,1,1.0,1,1.0,1,0.2044259417716459,38
1674,2,7386,1224,6162,0,0,0,1.0,1,1.0,1,1.0,1,0.2232284203571397,38
1675,2,7388,1225,6163,0,0,0,1.0,1,1.0,1,1.0,1,0.25445889921304027,39
1676,1,7389,1225,6164,0,0,0,1.0,1,1.0,1,1.0,1,0.2229841141448908,39
1677,2,7391,1225,6166,0,0,0,1.0,1,1.0,1,1.0,1,0.20172056021836338,40
1678,2,7393,1225,6168,0,0,0,1.0,1,1.0,1,1.0,1,0.20536922812657843,39
1679,3,7396,1226,6170,0,0,0,1.0,1,1.0,1,1.0,1,0.22025592250915543,39
1680,5,7401,1226,6175,0,0,0,1.0,1,1.0,1,1.0,1,0.1624249486637872,40
1681,2,7403,1226,6177,0,0,0,1.0,1,1.0,1,1.0,1,0.11031424556575474,41
1682,1,7404,1227,6177,0,0,0,1.0,1,1.0,1,1.0,1,0.1270591704441073,40
1683,3,7407,1229,6178,0,0,0,1.0,1,1.0,1,1.0,1,0.12346247591701466,43
1684,4,7411,1230,6181,0,0,0,1.0,1,1.0,1,1.0,1,0.10130358224100476,42
1685,1,7412,1231,6181,0,0,0,1.0,1,1.0,1,1.0,1,0.08464812342670665,41
1686,1,7413,1231,6182,0,0,0,1.0,1,1.0,1,1.0,1,0.12329012768301849,39
1687,4,7417,1234,6183,0,0,0,1.0,1,1.0,1,1.0,1,0.19558476831801722,41
1688,6,7423,1236,6187,0,0,0,1.0,1,1.0,1,1.0,1,0.2813563913020127,39
1689,7,7430,1237,6193,0,0,0,1.0,1,1.0,1,1.0,1,0.2598966457157044,37
1690,2,7432,1238,6194,0,0,0,1.0,1,1.0,1,1.0,1,0.2808509611325932,36
1691,4,7436,1242,6194,0,0,0,1.0,1,1.0,1,1.0,1,0.35302506561142627,36
1692,2,7438,1242,6196,0,0,0,1.0,1,1.0,1,1.0,1,0.2729712650160505,34
1693,2,7440,1243,6197,0,0,0,1.0,1,1.0,1,1.0,1,0.27598709756835305,33
1694,1,7441,1243,6198,0,0,0,1.0,1,1.0,1,1.0,1,0.30574561079653695,32
1695,1,7442,1243,6199,0,0,0,1.0,1,1.0,1,1.0,1,0.32559082802377154,32
1696,4,7446,1244,6202,0,0,0,1.0,1,1.0,1,1.0,1,0.3137881133498371,34
1697,1,7447,1244,6203,0,0,0,1.0,1,1.0,1,1.0,1,0.32059549673567894,34
1698,2,7449,1245,6204,0,0,0,1.0,1,1.0,1,1.0,1,0.3420330954389244,36
1699,5,7454,1246,6208,0,0,0,1.0,1,1.0,1,1.0,1,0.34714805293695,36
1700,4,7458,1246,6212,0,0,0,1.0,1,1.0,1,1.0,1,0.35025745035650263,37
1701,8,7466,1246,6220,0,0,0,1.0,1,1.0,1,1.0,1,0.21222859991866835,39
1702,2,7468,1248,6220,0,0,0,1.0,1,1.0,1,1.0,1,0.23197666357071825,39
1703,3,7471,1249,6222,0,0,0,1.0,1,1.0,1,1.0,1,0.16090052128579374,38
1704,4,7475,1250,6225,0,0,0,1.0,1,1.0,1,1.0,1,0.16174744445992764,38
1705,1,7476,1250,6226,0,0,0,1.0,1,1.0,1,1.0,1,0.1315018411958292,37
1706,2,7478,1252,6226,0,0,0,1.0,1,1.0,1,1.0,1,0.09041156700611737,37
1707,3,7481,1255,6226,0,0,0,1.0,1,1.0,1,1.0,1,0.1065076007519305,36
1708,3,7484,1255,6229,0,0,0,1.0,1,1.0,1,1.0,1,0.14045108728886715,34
1709,6,7490,1258,6232,0,0,0,1.0,1,1.0,1,1.0,1,0.17231019575045498,34
1710,5,7495,1258,6237,0,0,0,1.0,1,1.0,1,1.0,1,0.21013901148173336,33
1711,6,7501,1259,6242,0,0,0,1.0,1,1.0,1,1.0,1,0.19031472403077057,32
1712,2,7503,1259,6244,0,0,0,1.0,1,1.0,1,1.0,1,0.22448818266747234,31
1713,4,7507,1259,6248,0,0,0,1.0,1,1.0,1,1.0,1,0.2485728667993264,32
1714,4,7511,1259,6252,0,0,0,1.0,1,1.0,1,1.0,1,0.2485728667993264,32
1715,3,7514,1260,6254,0,0,0,1.0,1,1.0,1,1.0,1,0.28117703843686137,32
1716,6,7520,1260,6260,0,0,0,1.0,1,1.0,1,1.0,1,0.26557217529177896,34
1717,3,7523,1261,6262,0,0,0,1.0,1,1.0,1,1.0,1,0.2756271442867094,34
1718,3,7526,1262,6264,0,0,0,1.0,1,1.0,1,1.0,1,0.32249254499795516,34
1719,5,7531,1262,6269,0,0,0,1.0,1,1.0,1,1.0,1,0.29629104811359325,34
1720,3,7534,1262,6272,0,0,0,1.0,1,1.0,1,1.0,1,0.27483674541119946,34
1721,3,7537,1262,6275,0,0,0,1.0,1,1.0,1,1.0,1,0.22726996415652378,35
1722,1,7538,1262,6276,0,0,0,1.0,1,1.0,1,1.0,1,0.21571152187706283,35
1723,1,7539,1262,6277,0,0,0,1.0,1,1.0,1,1.0,1,0.21994181914462116,34
1724,1,7540,1263,6277,0,0,0,1.0,1,1.0,1,1.0,1,0.19092226664470224,33
1725,4,7544,1263,6281,0,0,0,1.0,1,1.0,1,1.0,1,0.1100676848959841,35
1726,2,7546,1263,6283,0,0,0,1.0,1,1.0,1,1.0,1,0.120798392678267,34
1727,1,7547,1264,6283,0,0,0,1.0,1,1.0,1,1.0,1,0.1808674686794073,34
1728,0,7547,1264,6283,0,0,0,1.0,1,1.0,1,1.0,1,0.1649548807027394,35
1729,1,7548,1265,6283,0,0,0,1.0,1,1.0,1,1.0,1,0.1589045830147591,35
1730,2,7550,1266,6284,0,0,0,1.0,1,1.0,1,1.0,1,0.18032191268469952,35
1731,2,7552,1267,6285,0,0,0,1.0,1,1.0,1,1.0,1,0.19035447293512048,35
1732,2,7554,1267,6287,0,0,0,1.0,1,1.0,1,1.0,1,0.15907522204749966,35
1733,2,7556,1267,6289,0,0,0,1.0,1,1.0,1,1.0,1,0.1057883293054419,33
1734,2,7558,1268,6290,0,0,0,1.0,1,1.0,1,1.0,1,0.12152642893418573,34
1735,1,7559,1268,6291,0,0,0,1.0,1,1.0,1,1.0,1,0.1469515808003271,33
1736,4,7563,1270,6293,0,0,0,1.0,1,1.0,1,1.0,1,0.17629774442307838,33
1737,4,7567,1270,6297,0,0,0,1.0,1,1.0,1,1.0,1,0.19242994098434069,35
1738,11,7578,1274,6304,0,0,0,1.0,1,1.0,1,1.0,1,0.28035271118745486,36
1739,6,7584,1274,6310,0,0,0,1.0,1,1.0,1,1.0,1,0.27706803280336056,36
1740,7,7591,1275,6316,0,0,0,1.0,1,1.0,1,1.0,1,0.2672656165814169,37
1741,13,7604,1275,6329,0,0,0,1.0,1,1.0,1,1.0,1,0.18347102937544046,36
1742,3,7607,1275,6332,0,0,0,1.0,1,1.0,1,1.0,1,0.15248679583552985,36
1743,3,7610,1276,6334,0,0,0,1.0,1,1.0,1,1.0,1,0.15036379881701584,37
1744,0,7610,1276,6334,0,0,0,1.0,1,1.0,1,1.0,1,0.12181692851933383,37
1745,2,7612,1277,6335,0,0,0,1.0,1,1.0,1,1.0,1,0.19738629972668897,38
1746,3,7615,1278,6337,0,0,0,1.0,1,1.0,1,1.0,1,0.15137597912820835,38
1747,4,7619,1278,6341,0,0,0,1.0,1,1.0,1,1.0,1,0.13497194582292088,37
1748,5,7624,1279,6345,0,0,0,1.0,1,1.0,1,1.0,1,0.18184817621234542,38
1749,4,7628,1279,6349,0,0,0,1.0,1,1.0,1,1.0,1,0.18464811942517773,38
1750,7,7635,1279,6356,0,0,0,1.0,1,1.0,1,1.0,1,0.1865736982338322,39
1751,7,7642,1279,6363,0,0,0,1.0,1,1.0,1,1.0,1,0.17509120807922254,41
1752,2,7644,1279,6365,0,0,0,1.0,1,1.0,1,1.0,1,0.2014709468913988,41
1753,4,7648,1279,6369,0,0,0,1.0,1,1.0,1,1.0,1,0.17585681370023967,41
1754,1,7649,1279,6370,0,0,0,1.0,1,1.0,1,1.0,1,0.16980120560800296,40
1755,1,7650,1280,6370,0,0,0,1.0,1,1.0,1,1.0,1,0.17831487934998616,41
1756,3,7653,1280,6373,0,0,0,1.0,1,1.0,1,1.0,1,0.22143936523622262,41
1757,3,7656,1281,6375,0,0,0,1.0,1,1.0,1,1.0,1,0.22902151075233682,40
1758,3,7659,1281,6378,0,0,0,1.0,1,1.0,1,1.0,1,0.18940549100920434,41
1759,3,7662,1282,6380,0,0,0,1.0,1,1.0,1,1.0,1,0.28176477148139384,38
1760,5,7667,1283,6384,0,0,0,1.0,1,1.0,1,1.0,1,0.2682436439724969,38
1761,5,7672,1284,6388,0,0,0,1.0,1,1.0,1,1.0,1,0.18579369603204168,37
1762,5,7677,1286,6391,0,0,0,1.0,1,1.0,1,1.0,1,0.19886256981486217,37
1763,4,7681,1288,6393,0,0,0,1.0,1,1.0,1,1.0,1,0.24424133558821318,37
1764,3,7684,1289,6395,0,0,0,1.0,1,1.0,1,1.0,1,0.26998616043702606,36
1765,7,7691,1291,6400,0,0,0,1.0,1,1.0,1,1.0,1,0.3052975727255109,36
1766,7,7698,1293,6405,0,0,0,1.0,1,1.0,1,1.0,1,0.31231363342019314,37
1767,7,7705,1294,6411,0,0,0,1.0,1,1.0,1,1.0,1,0.3249686619488303,37
1768,5,7710,1294,6416,0,0,0,1.0,1,1.0,1,1.0,1,0.3553336138689001,37
1769,4,7714,1295,6419,0,0,0,1.0,1,1.0,1,1.0,1,0.29940307789595777,38
1770,5,7719,1296,6423,0,0,0,1.0,1,1.0,1,1.0,1,0.2837739643802261,39
1771,1,7720,1296,6424,0,0,0,1.0,1,1.0,1,1.0,1,0.27891432143314066,39
1772,2,7722,1296,6426,0,0,0,1.0,1,1.0,1,1.0,1,0.27891432143314066,39
1773,3,7725,1297,6428,0,0,0,1.0,1,1.0,1,1.0,1,0.26591151207261826,41
1774,2,7727,1298,6429,0,0,0,1.0,1,1.0,1,1.0,1,0.2872627407759655,41
1775,3,7730,1298,6432,0,0,0,1.0,1,1.0,1,1.0,1,0.2934460371805664,42
1776,9,7739,1299,6440,0,0,0,1.0,1,1.0,1,1.0,1,0.2240166789841043,43
1777,5,7744,1299,6445,0,0,0,1.0,1,1.0,1,1.0,1,0.21623476069085715,43
1778,4,7748,1299,6449,0,0,0,1.0,1,1.0,1,1.0,1,0.204979964199009,44
1779,3,7751,1299,6452,0,0,0,1.0,1,1.0,1,1.0,1,0.2099378017828802,46
1780,2,7753,1299,6454,0,0,0,1.0,1,1.0,1,1.0,1,0.21321137748686905,46
1781,5,7758,1300,6458,0,0,0,1.0,1,1.0,1,1.0,1,0.14751750050276907,46
1782,5,7763,1302,6461,0,0,0,1.0,1,1.0,1,1.0,1,0.20791034968147806,46
1783,3,7766,1303,6463,0,0,0,1.0,1,1.0,1,1.0,1,0.15481845508019673,44
1784,2,7768,1305,6463,0,0,0,1.0,1,1.0,1,1.0,1,0.18850836337308086,45
1785,1,7769,1306,6463,0,0,0,1.0,1,1.0,1,1.0,1,0.19088043831585277,42
1786,4,7773,1308,6465,0,0,0,1.0,1,1.0,1,1.0,1,0.18899908699922546,43
1787,3,7776,1310,6466,0,0,0,1.0,1,1.0,1,1.0,1,0.1949139302192342,41
1788,2,7778,1310,6468,0,0,0,1.0,1,1.0,1,1.0,1,0.17871704139610523,41
1789,5,7783,1313,6470,0,0,0,1.0,1,1.0,1,1.0,1,0.2432727113713741,41
1790,3,7786,1316,6470,0,0,0,1.0,1,1.0,1,1.0,1,0.2575787421783581,41
1791,3,7789,1318,6471,0,0,0,1.0,1,1.0,1,1.0,1,0.23851645603413857,40
1792,1,7790,1318,6472,0,0,0,1.0,1,1.0,1,1.0,1,0.2316731998879933,40
1793,3,7793,1319,6474,0,0,0,1.0,1,1.0,1,1.0,1,0.23795519683760816,41
1794,1,7794,1320,6474,0,0,0,1.0,1,1.0,1,1.0,1,0.2435153184266721,41
1795,1,7795,1321,6474,0,0,0,1.0,1,1.0,1,1.0,1,0.2635949537962489,40
1796,0,7795,1321,6474,0,0,0,1.0,1,1.0,1,1.0,1,0.2635949537962489,40
1797,3,7798,1324,6474,0,0,0,1.0,1,1.0,1,1.0,1,0.34346733745566255,37
1798,1,7799,1325,6474,0,0,0,1.0,1,1.0,1,1.0,1,0.36745642289835156,37
1799,0,7799,1325,6474,0,0,0,1.0,1,1.0,1,1.0,1,0.361019573715176,36
1800,2,7801,1326,6475,0,0,0,1.0,1,1.0,1,1.0,1,0.39651112815445555,36
1801,7,7808,1326,6482,0,0,0,1.0,1,1.0,1,1.0,1,0.1926644165435689,34
1802,0,7808,1326,6482,0,0,0,1.0,1,1.0,1,1.0,1,0.20266353574873483,33
1803,1,7809,1326,6483,0,0,0,1.0,1,1.0,1,1.0,1,0.16942535017368382,33
1804,5,7814,1328,6486,0,0,0,1.0,1,1.0,1,1.0,1,0.19675623304819065,33
1805,0,7814,1328,6486,0,0,0,1.0,1,1.0,1,1.0,1,0.18948722096381848,35
1806,3,7817,1329,6488,0,0,0,1.0,1,1.0,1,1.0,1,0.15578225323115927,35
1807,4,7821,1329,6492,0,0,0,1.0,1,1.0,1,1.0,1,0.15805304975297207,35
1808,6,7827,1329,6498,0,0,0,1.0,1,1.0,1,1.0,1,0.15624740013430766,36
1809,4,7831,1329,6502,0,0,0,1.0,1,1.0,1,1.0,1,0.21524027188745573,36
1810,2,7833,1329,6504,0,0,0,1.0,1,1.0,1,1.0,1,0.22294992249043033,35
1811,2,7835,1329,6506,0,0,0,1.0,1,1.0,1,1.0,1,0.22293124195814223,36
1812,3,7838,1329,6509,0,0,0,1.0,1,1.0,1,1.0,1,0.22978180814827043,36
1813,1,7839,1329,6510,0,0,0,1.0,1,1.0,1,1.0,1,0.21247946246996216,36
1814,2,7841,1329,6512,0,0,0,1.0,1,1.0,1,1.0,1,0.2510869669188572,34
1815,3,7844,1329,6515,0,0,0,1.0,1,1.0,1,1.0,1,0.2357668502972378,35
1816,4,7848,1330,6518,0,0,0,1.0,1,1.0,1,1.0,1,0.2964529721235237,34
1817,1,7849,1331,6518,0,0,0,1.0,1,1.0,1,1.0,1,0.2501412093303774,34
1818,1,7850,1331,6519,0,0,0,1.0,1,1.0,1,1.0,1,0.22295780726219272,34
1819,1,7851,1332,6519,0,0,0,1.0,1,1.0,1,1.0,1,0.2182456569123293,35
1820,1,7852,1332,6520,0,0,0,1.0,1,1.0,1,1.0,1,0.23840982237310304,36
1821,5,7857,1333,6524,0,0,0,1.0,1,1.0,1,1.0,1,0.10667243331150797,36
1822,4,7861,1335,6526,0,0,0,1.0,1,1.0,1,1.0,1,0.1548307177276319,37
1823,5,7866,1336,6530,0,0,0,1.0,1,1.0,1,1.0,1,0.11972773075653496,38
1824,3,7869,1338,6531,0,0,0,1.0,1,1.0,1,1.0,1,0.12746426998294139,37
1825,3,7872,1340,6532,0,0,0,1.0,1,1.0,1,1.0,1,0.1796984698831225,36
1826,0,7872,1340,6532,0,0,0,1.0,1,1.0,1,1.0,1,0.1589476032376864,35
1827,1,7873,1341,6532,0,0,0,1.0,1,1.0,1,1.0,1,0.1722102355484082,35
1828,2,7875,1343,6532,0,0,0,1.0,1,1.0,1,1.0,1,0.24306533942725983,33
1829,3,7878,1343,6535,0,0,0,1.0,1,1.0,1,1.0,1,0.21282727512611288,32
1830,4,7882,1344,6538,0,0,0,1.0,1,1.0,1,1.0,1,0.22209722520873346,32
1831,3,7885,1344,6541,0,0,0,1.0,1,1.0,1,1.0,1,0.280798060532266,30
1832,3,7888,1347,6541,0,0,0,1.0,1,1.0,1,1.0,1,0.27971366325831665,30
1833,3,7891,1347,6544,0,0,0,1.0,1,1.0,1,1.0,1,0.2892117903268318,29
1834,2,7893,1349,6544,0,0,0,1.0,1,1.0,1,1.0,1,0.3284902480227684,28
1835,3,7896,1350,6546,0,0,0,1.0,1,1.0,1,1.0,1,0.35551927732100197,28
1836,3,7899,1351,6548,0,0,0,1.0,1,1.0,1,1.0,1,0.38536158823307826,29
1837,5,7904,1352,6552,0,0,0,1.0,1,1.0,1,1.0,1,0.3075524697373412,28
1838,2,7906,1352,6554,0,0,0,1.0,1,1.0,1,1.0,1,0.3335862916165572,28
1839,4,7910,1352,6558,0,0,0,1.0,1,1.0,1,1.0,1,0.34941461552961245,27
1840,2,7912,1352,6560,0,0,0,1.0,1,1.0,1,1.0,1,0.4030975349852892,26
1841,6,7918,1352,6566,0,0,0,1.0,1,1.0,1,1.0,1,0.30884438441529477,25
1842,4,7922,1354,6568,0,0,0,1.0,1,1.0,1,1.0,1,0.24890819556822474,26
1843,3,7925,1354,6571,0,0,0,1.0,1,1.0,1,1.0,1,0.25121903145511004,26
1844,2,7927,1354,6573,0,0,0,1.0,1,1.0,1,1.0,1,0.24227143928081007,26
1845,2,7929,1354,6575,0,0,0,1.0,1,1.0,1,1.0,1,0.185766735440211,26
1846,3,7932,1355,6577,0,0,0,1.0,1,1.0,1,1.0,1,0.20605306681848157,26
1847,3,7935,1355,6580,0,0,0,1.0,1,1.0,1,1.0,1,0.17906267461573105,26
1848,2,7937,1355,6582,0,0,0,1.0,1,1.0,1,1.0,1,0.16600861866495992,27
1849,2,7939,1355,6584,0,0,0,1.0,1,1.0,1,1.0,1,0.16600861866495992,27
1850,1,7940,1355,6585,0,0,0,1.0,1,1.0,1,1.0,1,0.14840718843979905,28
1851,1,7941,1355,6586,0,0,0,1.0,1,1.0,1,1.0,1,0.1818452820392561,28
1852,3,7944,1355,6589,0,0,0,1.0,1,1.0,1,1.0,1,0.14840718843979905,28
1853,2,7946,1355,6591,0,0,0,1.0,1,1.0,1,1.0,1,0.20324122531268388,27
1854,4,7950,1355,6595,0,0,0,1.0,1,1.0,1,1.0,1,0.22389232306047963,28
1855,2,7952,1355,6597,0,0,0,1.0,1,1.0,1,1.0,1,0.19679802314108644,28
1856,7,7959,1357,6602,0,0,0,1.0,1,1.0,1,1.0,1,0.18373064026008215,30
1857,4,7963,1358,6605,0,0,0,1.0,1,1.0,1,1.0,1,0.17946103899140628,31
1858,4,7967,1360,6607,0,0,0,1.0,1,1.0,1,1.0,1,0.2143912072098048,31
1859,2,7969,1360,6609,0,0,0,1.0,1,1.0,1,1.0,1,0.19129351846636783,31
1860,2,7971,1360,6611,0,0,0,1.0,1,1.0,1,1.0,1,0.19129351846636783,31
1861,0,7971,1360,6611,0,0,0,1.0,1,1.0,1,1.0,1,0.19129351846636783,31
1862,1,7972,1361,6611,0,0,0,1.0,1,1.0,1,1.0,1,0.19645492835144315,31
1863,2,7974,1362,6612,0,0,0,1.0,1,1.0,1,1.0,1,0.24976211810137297,31
1864,5,7979,1364,6615,0,0,0,1.0,1,1.0,1,1.0,1,0.20683800226552276,30
1865,0,7979,1364,6615,0,0,0,1.0,1,1.0,1,1.0,1,0.2551374804492072,27
1866,3,7982,1366,6616,0,0,0,1.0,1,1.0,1,1.0,1,0.2351457683484203,28
1867,1,7983,1367,6616,0,0,0,1.0,1,1.0,1,1.0,1,0.2617457271068504,26
1868,1,7984,1368,6616,0,0,0,1.0,1,1.0,1,1.0,1,0.25067251836937327,26
1869,0,7984,1368,6616,0,0,0,1.0,1,1.0,1,1.0,1,0.27787726532303897,25
1870,1,7985,1369,6616,0,0,0,1.0,1,1.0,1,1.0,1,0.2523843659497472,25
1871,0,7985,1369,6616,0,0,0,1.0,1,1.0,1,1.0,1,0.2761441348290032,26
1872,0,7985,1369,6616,0,0,0,1.0,1,1.0,1,1.0,1,0.2598118236615088,25
1873,0,7985,1369,6616,0,0,0,1.0,1,1.0,1,1.0,1,0.32836156755712986,23
1874,0,7985,1369,6616,0,0,0,1.0,1,1.0,1,1.0,1,0.3074879728545544,23
1875,1,7986,1370,6616,0,0,0,1.0,1,1.0,1,1.0,1,0.40444312110747244,21
1876,3,7989,1371,6618,0,0,0,1.0,1,1.0,1,1.0,1,0.34614995014769656,24
1877,0,7989,1371,6618,0,0,0,1.0,1,1.0,1,1.0,1,0.34614995014769656,24
1878,2,7991,1373,6618,0,0,0,1.0,1,1.0,1,1.0,1,0.34365660973287476,26
1879,1,7992,1373,6619,0,0,0,1.0,1,1.0,1,1.0,1,0.30080074778984667,26
1880,0,7992,1373,6619,0,0,0,1.0,1,1.0,1,1.0,1,0.30080074778984667,26
1881,2,7994,1373,6621,0,0,0,1.0,1,1.0,1,1.0,1,0.2454968556288879,26
1882,0,7994,1373,6621,0,0,0,1.0,1,1.0,1,1.0,1,0.24613248317841657,25
1883,1,7995,1373,6622,0,0,0,1.0,1,1.0,1,1.0,1,0.21002518701119902,25
1884,0,7995,1373,6622,0,0,0,1.0,1,1.0,1,1.0,1,0.21002518701119902,25
1885,0,7995,1373,6622,0,0,0,1.0,1,1.0,1,1.0,1,0.21002518701119902,25
1886,1,7996,1373,6623,0,0,0,1.0,1,1.0,1,1.0,1,0.21322385125416324,26
1887,0,7996,1373,6623,0,0,0,1.0,1,1.0,1,1.0,1,0.21322385125416324,26
1888,1,7997,1374,6623,0,0,0,1.0,1,1.0,1,1.0,1,0.25495455912333875,27
1889,0,7997,1374,6623,0,0,0,1.0,1,1.0,1,1.0,1,0.28201675964371603,28
1890,0,7997,1374,6623,0,0,0,1.0,1,1.0,1,1.0,1,0.28201675964371603,28
1891,5,8002,1374,6628,0,0,0,1.0,1,1.0,1,1.0,1,0.24351618656909194,29
1892,3,8005,1374,6631,0,0,0,1.0,1,1.0,1,1.0,1,0.24906607123920346,29
1893,1,8006,1374,6632,0,0,0,1.0,1,1.0,1,1.0,1,0.25292403725090307,29
1894,2,8008,1374,6634,0,0,0,1.0,1,1.0,1,1.0,1,0.21950559658344307,29
1895,2,8010,1374,6636,0,0,0,1.0,1,1.0,1,1.0,1,0.21700164931377033,31
1896,0,8010,1374,6636,0,0,0,1.0,1,1.0,1,1.0,1,0.21700164931377033,31
1897,0,8010,1374,6636,0,0,0,1.0,1,1.0,1,1.0,1,0.21700164931377033,31
1898,0,8010,1374,6636,0,0,0,1.0,1,1.0,1,1.0,1,0.21700164931377033,31
1899,6,8016,1374,6642,0,0,0,1.0,1,1.0,1,1.0,1,0.24003352586222437,32
1900,3,8019,1374,6645,0,0,0,1.0,1,1.0,1,1.0,1,0.2287822966984759,32
1901,1,8020,1374,6646,0,0,0,1.0,1,1.0,1,1.0,1,0.2101861655258279,32
1902,2,8022,1374,6648,0,0,0,1.0,1,1.0,1,1.0,1,0.18523065337743078,32
1903,0,8022,1374,6648,0,0,0,1.0,1,1.0,1,1.0,1,0.18523065337743078,32
1904,1,8023,1374,6649,0,0,0,1.0,1,1.0,1,1.0,1,0.18192615720447394,34
1905,0,8023,1374,6649,0,0,0,1.0,1,1.0,1,1.0,1,0.18192615720447394,34
1906,2,8025,1375,6650,0,0,0,1.0,1,1.0,1,1.0,1,0.14958408672599594,35
1907,2,8027,1375,6652,0,0,0,1.0,1,1.0,1,1.0,1,0.17072838545435776,36
1908,3,8030,1375,6655,0,0,0,1.0,1,1.0,1,1.0,1,0.11918918495822019,36
1909,1,8031,1376,6655,0,0,0,1.0,1,1.0,1,1.0,1,0.13015005949406427,37
1910,3,8034,1377,6657,0,0,0,1.0,1,1.0,1,1.0,1,0.12995676706276382,38
1911,0,8034,1377,6657,0,0,0,1.0,1,1.0,1,1.0,1,0.12532783279987278,37
1912,1,8035,1378,6657,0,0,0,1.0,1,1.0,1,1.0,1,0.14706827333808217,37
1913,0,8035,1378,6657,0,0,0,1.0,1,1.0,1,1.0,1,0.14493998012996245,36
1914,1,8036,1378,6658,0,0,0,1.0,1,1.0,1,1.0,1,0.18365068054214057,37
1915,1,8037,1379,6658,0,0,0,1.0,1,1.0,1,1.0,1,0.2312781252758746,37
1916,3,8040,1380,6660,0,0,0,1.0,1,1.0,1,1.0,1,0.18260737374688418,39
1917,3,8043,1381,6662,0,0,0,1.0,1,1.0,1,1.0,1,0.15266691563229934,38
1918,0,8043,1381,6662,0,0,0,1.0,1,1.0,1,1.0,1,0.13400386637189604,38
1919,3,8046,1382,6664,0,0,0,1.0,1,1.0,1,1.0,1,0.188612758103966,38
1920,3,8049,1383,6666,0,0,0,1.0,1,1.0,1,1.0,1,0.17441569808809593,39
1921,1,8050,1383,6667,0,0,0,1.0,1,1.0,1,1.0,1,0.1438606961095663,38
1922,1,8051,1383,6668,0,0,0,1.0,1,1.0,1,1.0,1,0.09868021281100349,39
1923,1,8052,1384,6668,0,0,0,1.0,1,1.0,1,1.0,1,0.11405186038664984,40
1924,1,8053,1384,6669,0,0,0,1.0,1,1.0,1,1.0,1,0.11442008662600804,40
1925,3,8056,1385,6671,0,0,0,1.0,1,1.0,1,1.0,1,0.1402120836206309,40
1926,4,8060,1385,6675,0,0,0,1.0,1,1.0,1,1.0,1,0.13416472082205272,40
1927,4,8064,1386,6678,0,0,0,1.0,1,1.0,1,1.0,1,0.16240993763691042,41
1928,3,8067,1387,6680,0,0,0,1.0,1,1.0,1,1.0,1,0.16260363227435942,41
1929,2,8069,1387,6682,0,0,0,1.0,1,1.0,1,1.0,1,0.14245260006535387,40
1930,1,8070,1388,6682,0,0,0,1.0,1,1.0,1,1.0,1,0.17748240025285608,40
1931,0,8070,1388,6682,0,0,0,1.0,1,1.0,1,1.0,1,0.17748240025285608,40
1932,0,8070,1388,6682,0,0,0,1.0,1,1.0,1,1.0,1,0.17748240025285608,40
1933,2,8072,1388,6684,0,0,0,1.0,1,1.0,1,1.0,1,0.1956662877150247,42
1934,2,8074,1388,6686,0,0,0,1.0,1,1.0,1,1.0,1,0.20400648474932262,44
1935,4,8078,1388,6690,0,0,0,1.0,1,1.0,1,1.0,1,0.19195571753443638,44
1936,3,8081,1389,6692,0,0,0,1.0,1,1.0,1,1.0,1,0.20589735417559948,46
1937,3,8084,1390,6694,0,0,0,1.0,1,1.0,1,1.0,1,0.19956722571822266,47
1938,1,8085,1390,6695,0,0,0,1.0,1,1.0,1,1.0,1,0.21619270140848146,47
1939,5,8090,1390,6700,0,0,0,1.0,1,1.0,1,1.0,1,0.20708086752010962,47
1940,2,8092,1390,6702,0,0,0,1.0,1,1.0,1,1.0,1,0.1886606658858457,47
1941,10,8102,1393,6709,0,0,0,1.0,1,1.0,1,1.0,1,0.1321542990995449,47
1942,4,8106,1396,6710,0,0,0,1.0,1,1.0,1,1.0,1,0.18396636724848112,49
1943,3,8109,1397,6712,0,0,0,1.0,1,1.0,1,1.0,1,0.17838727281719424,47
1944,5,8114,1399,6715,0,0,0,1.0,1,1.0,1,1.0,1,0.18125553408707273,47
1945,4,8118,1400,6718,0,0,0,1.0,1,1.0,1,1.0,1,0.18241302825774408,45
1946,5,8123,1400,6723,0,0,0,1.0,1,1.0,1,1.0,1,0.17970567231585333,45
1947,7,8130,1403,6727,0,0,0,1.0,1,1.0,1,1.0,1,0.19062062431311166,45
1948,3,8133,1403,6730,0,0,0,1.0,1,1.0,1,1.0,1,0.2119007773193546,45
1949,3,8136,1406,6730,0,0,0,1.0,1,1.0,1,1.0,1,0.2277615453149597,42
1950,4,8140,1409,6731,0,0,0,1.0,1,1.0,1,1.0,1,0.2101870951825346,42
1951,4,8144,1411,6733,0,0,0,1.0,1,1.0,1,1.0,1,0.24233141369387332,38
1952,3,8147,1413,6734,0,0,0,1.0,1,1.0,1,1.0,1,0.24731694710931523,36
1953,2,8149,1415,6734,0,0,0,1.0,1,1.0,1,1.0,1,0.2284238096286515,35
1954,2,8151,1416,6735,0,0,0,1.0,1,1.0,1,1.0,1,0.2594728828784593,32
1955,1,8152,1417,6735,0,0,0,1.0,1,1.0,1,1.0,1,0.2265348007365825,33
1956,1,8153,1418,6735,0,0,0,1.0,1,1.0,1,1.0,1,0.29644463858725245,31
1957,2,8155,1419,6736,0,0,0,1.0,1,1.0,1,1.0,1,0.23287105103089717,33
1958,3,8158,1422,6736,0,0,0,1.0,1,1.0,1,1.0,1,0.3000640403556491,34
1959,1,8159,1422,6737,0,0,0,1.0,1,1.0,1,1.0,1,0.24953200292383634,35
1960,1,8160,1423,6737,0,0,0,1.0,1,1.0,1,1.0,1,0.2568037137388367,36
1961,4,8164,1423,6741,0,0,0,1.0,1,1.0,1,1.0,1,0.14786032576689973,36
1962,1,8165,1423,6742,0,0,0,1.0,1,1.0,1,1.0,1,0.14630813788712208,35
1963,2,8167,1424,6743,0,0,0,1.0,1,1.0,1,1.0,1,0.1793183033176215,36
1964,3,8170,1425,6745,0,0,0,1.0,1,1.0,1,1.0,1,0.15177142115950018,35
1965,5,8175,1425,6750,0,0,0,1.0,1,1.0,1,1.0,1,0.1307799502725995,36
1966,1,8176,1426,6750,0,0,0,1.0,1,1.0,1,1.0,1,0.13683124144772435,36
1967,2,8178,1427,6751,0,0,0,1.0,1,1.0,1,1.0,1,0.14479055939972013,36
1968,1,8179,1427,6752,0,0,0,1.0,1,1.0,1,1.0,1,0.12510462176175785,37
1969,0,8179,1427,6752,0,0,0,1.0,1,1.0,1,1.0,1,0.12510462176175785,37
1970,0,8179,1427,6752,0,0,0,1.0,1,1.0,1,1.0,1,0.13940034114529268,38
1971,0,8179,1427,6752,0,0,0,1.0,1,1.0,1,1.0,1,0.1527294084721373,37
1972,0,8179,1427,6752,0,0,0,1.0,1,1.0,1,1.0,1,0.1527294084721373,37
1973,1,8180,1428,6752,0,0,0,1.0,1,1.0,1,1.0,1,0.20022946461728322,37
1974,5,8185,1429,6756,0,0,0,1.0,1,1.0,1,1.0,1,0.2305620829718254,38
1975,2,8187,1429,6758,0,0,0,1.0,1,1.0,1,1.0,1,0.17990898310665127,37
1976,5,8192,1429,6763,0,0,0,1.0,1,1.0,1,1.0,1,0.20139454154866318,39
1977,2,8194,1429,6765,0,0,0,1.0,1,1.0,1,1.0,1,0.17686570423975548,42
1978,7,8201,1432,6769,0,0,0,1.0,1,1.0,1,1.0,1,0.20529083888554756,42
1979,3,8204,1432,6772,0,0,0,1.0,1,1.0,1,1.0,1,0.1860259484482492,42
1980,0,8204,1432,6772,0,0,0,1.0,1,1.0,1,1.0,1,0.20515877250661027,43
1981,7,8211,1432,6779,0,0,0,1.0,1,1.0,1,1.0,1,0.15747047710728945,44
1982,1,8212,1433,6779,0,0,0,1.0,1,1.0,1,1.0,1,0.16053895741053964,44
1983,2,8214,1434,6780,0,0,0,1.0,1,1.0,1,1.0,1,0.1721344754936686,44
1984,5,8219,1435,6784,0,0,0,1.0,1,1.0,1,1.0,1,0.1637332372931681,42
1985,4,8223,1435,6788,0,0,0,1.0,1,1.0,1,1.0,1,0.18152071187838367,41
1986,8,8231,1439,6792,0,0,0,1.0,1,1.0,1,1.0,1,0.13783798491927285,40
1987,6,8237,1442,6795,0,0,0,1.0,1,1.0,1,1.0,1,0.11629857831578674,37
1988,7,8244,1446,6798,0,0,0,1.0,1,1.0,1,1.0,1,0.16028128320113558,35
1989,0,8244,1446,6798,0,0,0,1.0,1,1.0,1,1.0,1,0.1669373716368706,32
1990,0,8244,1446,6798,0,0,0,1.0,1,1.0,1,1.0,1,0.2147433827919764,31
1991,1,8245,1447,6798,0,0,0,1.0,1,1.0,1,1.0,1,0.22557599791883073,32
1992,0,8245,1447,6798,0,0,0,1.0,1,1.0,1,1.0,1,0.22557599791883073,32
1993,2,8247,1449,6798,0,0,0,1.0,1,1.0,1,1.0,1,0.34956759378975205,32
1994,2,8249,1450,6799,0,0,0,1.0,1,1.0,1,1.0,1,0.33637271090306214,31
1995,2,8251,1450,6801,0,0,0,1.0,1,1.0,1,1.0,1,0.3357612530410216,32
1996,3,8254,1450,6804,0,0,0,1.0,1,1.0,1,1.0,1,0.3020407520505098,32
1997,3,8257,1450,6807,0,0,0,1.0,1,1.0,1,1.0,1,0.29822037567634563,31
1998,2,8259,1451,6808,0,0,0,1.0,1,1.0,1,1.0,1,0.2989270503982209,32
1999,1,8260,1451,6809,0,0,0,1.0,1,1.0,1,1.0,1,0.27642338068926997,31
2000,0,8260,1451,6809,0,0,0,1.0,1,1.0,1,1.0,1,0.2754976451529732,30
2001,6,8266,1451,6815,0,0,0,1.0,1,1.0,1,1.0,1,0.17631744515164352,29
2002,1,8267,1451,6816,0,0,0,1.0,1,1.0,1,1.0,1,0.15797274826234795,31
2003,3,8270,1452,6818,0,0,0,1.0,1,1.0,1,1.0,1,0.11094125739283353,33
2004,3,8273,1453,6820,0,0,0,1.0,1,1.0,1,1.0,1,0.21144501911945754,34
2005,4,8277,1453,6824,0,0,0,1.0,1,1.0,1,1.0,1,0.18809940286861973,35
2006,4,8281,1454,6827,0,0,0,1.0,1,1.0,1,1.0,1,0.19953397057184935,36
2007,4,8285,1455,6830,0,0,0,1.0,1,1.0,1,1.0,1,0.21466080379375577,36
2008,4,8289,1455,6834,0,0,0,1.0,1,1.0,1,1.0,1,0.21472932467390707,36
2009,1,8290,1455,6835,0,0,0,1.0,1,1.0,1,1.0,1,0.17713925793448046,37
2010,3,8293,1456,6837,0,0,0,1.0,1,1.0,1,1.0,1,0.20804089446610943,37
2011,0,8293,1456,6837,0,0,0,1.0,1,1.0,1,1.0,1,0.20804089446610943,37
2012,3,8296,1456,6840,0,0,0,1.0,1,1.0,1,1.0,1,0.21731952311776337,37
2013,5,8301,1456,6845,0,0,0,1.0,1,1.0,1,1.0,1,0.2333164379919173,39
2014,8,8309,1456,6853,0,0,0,1.0,1,1.0,1,1.0,1,0.24805915023904943,39
2015,7,8316,1456,6860,0,0,0,1.0,1,1.0,1,1.0,1,0.23961201466834883,39
2016,9,8325,1456,6869,0,0,0,1.0,1,1.0,1,1.0,1,0.23267085025390222,41
2017,6,8331,1456,6875,0,0,0,1.0,1,1.0,1,1.0,1,0.24000468433482586,41
2018,12,8343,1458,6885,0,0,0,1.0,1,1.0,1,1.0,1,0.303365903055297,42
2019,17,8360,1458,6902,0,0,0,1.0,1,1.0,1,1.0,1,0.20779642223242573,43
2020,12,8372,1459,6913,0,0,0,1.0,1,1.0,1,1.0,1,0.23773400044488954,43
2021,6,8378,1459,6919,0,0,0,1.0,1,1.0,1,1.0,1,0.1446861519583984,43
2022,3,8381,1460,6921,0,0,0,1.0,1,1.0,1,1.0,1,0.13395340410956422,44
2023,10,8391,1462,6929,0,0,0,1.0,1,1.0,1,1.0,1,0.24668835729504654,42
2024,8,8399,1464,6935,0,0,0,1.0,1,1.0,1,1.0,1,0.25808120908637283,41
2025,4,8403,1464,6939,0,0,0,1.0,1,1.0,1,1.0,1,0.1956410431526754,39
2026,4,8407,1465,6942,0,0,0,1.0,1,1.0,1,1.0,1,0.2341159337998924,39
2027,5,8412,1466,6946,0,0,0,1.0,1,1.0,1,1.0,1,0.2207945016504952,38
2028,8,8420,1467,6953,0,0,0,1.0,1,1.0,1,1.0,1,0.25453350860368307,37
2029,4,8424,1468,6956,0,0,0,1.0,1,1.0,1,1.0,1,0.21669467864370778,35
2030,3,8427,1468,6959,0,0,0,1.0,1,1.0,1,1.0,1,0.2104431700402708,32
2031,2,8429,1469,6960,0,0,0,1.0,1,1.0,1,1.0,1,0.2776985322067505,34
2032,6,8435,1471,6964,0,0,0,1.0,1,1.0,1,1.0,1,0.4098732114972622,35
2033,10,8445,1474,6971,0,0,0,1.0,1,1.0,1,1.0,1,0.3572370563633715,35
2034,7,8452,1474,6978,0,0,0,1.0,1,1.0,1,1.0,1,0.2949638738100219,35
2035,6,8458,1475,6983,0,0,0,1.0,1,1.0,1,1.0,1,0.33120364192710416,36
2036,3,8461,1475,6986,0,0,0,1.0,1,1.0,1,1.0,1,0.2869553006905832,35
2037,4,8465,1476,6989,0,0,0,1.0,1,1.0,1,1.0,1,0.30268390723524724,36
2038,7,8472,1478,6994,0,0,0,1.0,1,1.0,1,1.0,1,0.31469200675401476,38
2039,4,8476,1478,6998,0,0,0,1.0,1,1.0,1,1.0,1,0.30961488180267543,38
2040,2,8478,1478,7000,0,0,0,1.0,1,1.0,1,1.0,1,0.31853772080802173,37
2041,11,8489,1478,7011,0,0,0,1.0,1,1.0,1,1.0,1,0.172721291328855,38
2042,1,8490,1478,7012,0,0,0,1.0,1,1.0,1,1.0,1,0.16875962565182692,38
2043,0,8490,1478,7012,0,0,0,1.0,1,1.0,1,1.0,1,0.16875962565182692,38
2044,1,8491,1478,7013,0,0,0,1.0,1,1.0,1,1.0,1,0.1612804968967539,39
2045,1,8492,1478,7014,0,0,0,1.0,1,1.0,1,1.0,1,0.1600610505852075,40
2046,3,8495,1478,7017,0,0,0,1.0,1,1.0,1,1.0,1,0.13771188596635017,41
2047,3,8498,1479,7019,0,0,0,1.0,1,1.0,1,1.0,1,0.10595239021067947,41
2048,4,8502,1479,7023,0,0,0,1.0,1,1.0,1,1.0,1,0.14411880090732498,43
2049,5,8507,1481,7026,0,0,0,1.0,1,1.0,1,1.0,1,0.14010477035798602,43
2050,5,8512,1481,7031,0,0,0,1.0,1,1.0,1,1.0,1,0.1744858834976778,43
2051,5,8517,1481,7036,0,0,0,1.0,1,1.0,1,1.0,1,0.18853323372221467,43
2052,2,8519,1481,7038,0,0,0,1.0,1,1.0,1,1.0,1,0.19024793833659942,44
2053,9,8528,1481,7047,0,0,0,1.0,1,1.0,1,1.0,1,0.15732572061608,43
2054,6,8534,1481,7053,0,0,0,1.0,1,1.0,1,1.0,1,0.17571848135210713,44
2055,5,8539,1481,7058,0,0,0,1.0,1,1.0,1,1.0,1,0.16197262011640343,43
2056,6,8545,1482,7063,0,0,0,1.0,1,1.0,1,1.0,1,0.1647724873683386,44
2057,7,8552,1483,7069,0,0,0,1.0,1,1.0,1,1.0,1,0.20076398915873053,44
2058,10,8562,1485,7077,0,0,0,1.0,1,1.0,1,1.0,1,0.15800387283818149,44
2059,5,8567,1485,7082,0,0,0,1.0,1,1.0,1,1.0,1,0.16540118297248846,45
2060,6,8573,1485,7088,0,0,0,1.0,1,1.0,1,1.0,1,0.16847061500711907,46
2061,5,8578,1487,7091,0,0,0,1.0,1,1.0,1,1.0,1,0.08191837730609208,48
2062,2,8580,1489,7091,0,0,0,1.0,1,1.0,1,1.0,1,0.10499975403170984,48
2063,0,8580,1489,7091,0,0,0,1.0,1,1.0,1,1.0,1,0.15449417704184346,45
2064,1,8581,1490,7091,0,0,0,1.0,1,1.0,1,1.0,1,0.14716710641285666,44
2065,2,8583,1491,7092,0,0,0,1.0,1,1.0,1,1.0,1,0.17062770773475172,42
2066,5,8588,1495,7093,0,0,0,1.0,1,1.0,1,1.0,1,0.19789789662088866,42
2067,5,8593,1496,7097,0,0,0,1.0,1,1.0,1,1.0,1,0.12725208231888196,38
2068,1,8594,1497,7097,0,0,0,1.0,1,1.0,1,1.0,1,0.15970713112858276,37
2069,0,8594,1497,7097,0,0,0,1.0,1,1.0,1,1.0,1,0.1934225348676438,35
2070,1,8595,1498,7097,0,0,0,1.0,1,1.0,1,1.0,1,0.2022195208009741,35
2071,0,8595,1498,7097,0,0,0,1.0,1,1.0,1,1.0,1,0.2229888012869077,34
2072,0,8595,1498,7097,0,0,0,1.0,1,1.0,1,1.0,1,0.28127355810202687,35
2073,2,8597,1499,7098,0,0,0,1.0,1,1.0,1,1.0,1,0.2679538257190935,37
2074,1,8598,1499,7099,0,0,0,1.0,1,1.0,1,1.0,1,0.24878576612484288,36
2075,2,8600,1500,7100,0,0,0,1.0,1,1.0,1,1.0,1,0.22968093468708278,38
2076,0,8600,1500,7100,0,0,0,1.0,1,1.0,1,1.0,1,0.21333593607332804,37
2077,1,8601,1500,7101,0,0,0,1.0,1,1.0,1,1.0,1,0.19865255091727843,37
2078,0,8601,1500,7101,0,0,0,1.0,1,1.0,1,1.0,1,0.19865255091727843,37
2079,1,8602,1501,7101,0,0,0,1.0,1,1.0,1,1.0,1,0.20807273932930564,37
2080,2,8604,1502,7102,0,0,0,1.0,1,1.0,1,1.0,1,0.21391221026564886,36
2081,6,8610,1504,7106,0,0,0,1.0,1,1.0,1,1.0,1,0.23772865531616594,37
2082,5,8615,1506,7109,0,0,0,1.0,1,1.0,1,1.0,1,0.1858171389473933,38
2083,4,8619,1506,7113,0,0,0,1.0,1,1.0,1,1.0,1,0.1926291782916528,39
2084,7,8626,1507,7119,0,0,0,1.0,1,1.0,1,1.0,1,0.24493225768403942,41
2085,7,8633,1508,7125,0,0,0,1.0,1,1.0,1,1.0,1,0.24479753242956165,41
2086,5,8638,1508,7130,0,0,0,1.0,1,1.0,1,1.0,1,0.22031674299256898,44
2087,5,8643,1510,7133,0,0,0,1.0,1,1.0,1,1.0,1,0.25084444069401207,44
2088,10,8653,1510,7143,0,0,0,1.0,1,1.0,1,1.0,1,0.21803862686461606,45
2089,6,8659,1510,7149,0,0,0,1.0,1,1.0,1,1.0,1,0.15394395888826998,46
2090,6,8665,1510,7155,0,0,0,1.0,1,1.0,1,1.0,1,0.16907811486869395,47
2091,9,8674,1510,7164,0,0,0,1.0,1,1.0,1,1.0,1,0.14799278488490192,48
2092,7,8681,1512,7169,0,0,0,1.0,1,1.0,1,1.0,1,0.12203891058985657,48
2093,7,8688,1513,7175,0,0,0,1.0,1,1.0,1,1.0,1,0.1575036906162711,48
2094,10,8698,1513,7185,0,0,0,1.0,1,1.0,1,1.0,1,0.14763319137279274,47
2095,4,8702,1513,7189,0,0,0,1.0,1,1.0,1,1.0,1,0.1376082290695719,49
2096,4,8706,1513,7193,0,0,0,1.0,1,1.0,1,1.0,1,0.16854511574426861,50
2097,9,8715,1513,7202,0,0,0,1.0,1,1.0,1,1.0,1,0.17814011068245048,50
2098,13,8728,1513,7215,0,0,0,1.0,1,1.0,1,1.0,1,0.16158420115854735,51
2099,6,8734,1513,7221,0,0,0,1.0,1,1.0,1,1.0,1,0.1358094810170668,50
2100,7,8741,1515,7226,0,0,0,1.0,1,1.0,1,1.0,1,0.16167019048904166,49
2101,4,8745,1515,7230,0,0,0,1.0,1,1.0,1,1.0,1,0.152980360646659,48
2102,3,8748,1517,7231,0,0,0,1.0,1,1.0,1,1.0,1,0.1956313455644765,49
2103,0,8748,1517,7231,0,0,0,1.0,1,1.0,1,1.0,1,0.17145274426686838,44
2104,2,8750,1519,7231,0,0,0,1.0,1,1.0,1,1.0,1,0.263135426512362,42
2105,2,8752,1520,7232,0,0,0,1.0,1,1.0,1,1.0,1,0.21349573805981958,40
2106,4,8756,1523,7233,0,0,0,1.0,1,1.0,1,1.0,1,0.2692810319543152,39
2107,2,8758,1525,7233,0,0,0,1.0,1,1.0,1,1.0,1,0.26115401221158124,37
2108,4,8762,1527,7235,0,0,0,1.0,1,1.0,1,1.0,1,0.28616140192247275,37
2109,5,8767,1530,7237,0,0,0,1.0,1,1.0,1,1.0,1,0.3117839891140575,36
2110,1,8768,1530,7238,0,0,0,1.0,1,1.0,1,1.0,1,0.2569816833448897,35
2111,1,8769,1531,7238,0,0,0,1.0,1,1.0,1,1.0,1,0.246795825340912,35
2112,0,8769,1531,7238,0,0,0,1.0,1,1.0,1,1.0,1,0.246795825340912,35
2113,0,8769,1531,7238,0,0,0,1.0,1,1.0,1,1.0,1,0.24651298018785303,35
2114,4,8773,1531,7242,0,0,0,1.0,1,1.0,1,1.0,1,0.26052712611072193,36
2115,1,8774,1532,7242,0,0,0,1.0,1,1.0,1,1.0,1,0.22687380519865052,37
2116,4,8778,1533,7245,0,0,0,1.0,1,1.0,1,1.0,1,0.20890995063337675,39
2117,4,8782,1535,7247,0,0,0,1.0,1,1.0,1,1.0,1,0.18237232855369476,39
2118,1,8783,1536,7247,0,0,0,1.0,1,1.0,1,1.0,1,0.20616153361661865,41
2119,2,8785,1538,7247,0,0,0,1.0,1,1.0,1,1.0,1,0.16599722748567633,42
2120,1,8786,1538,7248,0,0,0,1.0,1,1.0,1,1.0,1,0.18154237767572803,42
2121,5,8791,1540,7251,0,0,0,1.0,1,1.0,1,1.0,1,0.11086928340307657,42
2122,2,8793,1540,7253,0,0,0,1.0,1,1.0,1,1.0,1,0.10279817053293416,43
2123,1,8794,1540,7254,0,0,0,1.0,1,1.0,1,1.0,1,0.13915546783729446,42
2124,1,8795,1540,7255,0,0,0,1.0,1,1.0,1,1.0,1,0.15006968785777577,42
2125,2,8797,1540,7257,0,0,0,1.0,1,1.0,1,1.0,1,0.14446822289762504,41
2126,1,8798,1540,7258,0,0,0,1.0,1,1.0,1,1.0,1,0.14392756982549418,41
2127,1,8799,1540,7259,0,0,0,1.0,1,1.0,1,1.0,1,0.14446822289762504,41
2128,0,8799,1540,7259,0,0,0,1.0,1,1.0,1,1.0,1,0.13966577848972447,42
2129,0,8799,1540,7259,0,0,0,1.0,1,1.0,1,1.0,1,0.1570887828768324,43
2130,2,8801,1540,7261,0,0,0,1.0,1,1.0,1,1.0,1,0.1619300637276581,45
2131,1,8802,1541,7261,0,0,0,1.0,1,1.0,1,1.0,1,0.20178708400152207,44
2132,1,8803,1541,7262,0,0,0,1.0,1,1.0,1,1.0,1,0.2032632633792247,44
2133,6,8809,1542,7267,0,0,0,1.0,1,1.0,1,1.0,1,0.1856792827976994,45
2134,2,8811,1543,7268,0,0,0,1.0,1,1.0,1,1.0,1,0.18525166530301498,45
2135,4,8815,1545,7270,0,0,0,1.0,1,1.0,1,1.0,1,0.14648182111185656,46
2136,4,8819,1546,7273,0,0,0,1.0,1,1.0,1,1.0,1,0.1327990853988544,47
2137,5,8824,1547,7277,0,0,0,1.0,1,1.0,1,1.0,1,0.11287474386655132,47
2138,5,8829,1548,7281,0,0,0,1.0,1,1.0,1,1.0,1,0.0920140679996414,45
2139,3,8832,1549,7283,0,0,0,1.0,1,1.0,1,1.0,1,0.1593778531532841,45
2140,3,8835,1550,7285,0,0,0,1.0,1,1.0,1,1.0,1,0.1320985360935604,44
2141,6,8841,1552,7289,0,0,0,1.0,1,1.0,1,1.0,1,0.10826555290104077,45
2142,3,8844,1554,7290,0,0,0,1.0,1,1.0,1,1.0,1,0.14150085379599686,46
2143,4,8848,1555,7293,0,0,0,1.0,1,1.0,1,1.0,1,0.17483227257359524,46
2144,7,8855,1555,7300,0,0,0,1.0,1,1.0,1,1.0,1,0.13044742003313184,48
2145,6,8861,1557,7304,0,0,0,1.0,1,1.0,1,1.0,1,0.13501275345809324,46
2146,10,8871,1558,7313,0,0,0,1.0,1,1.0,1,1.0,1,0.18403634884092945,45
2147,8,8879,1559,7320,0,0,0,1.0,1,1.0,1,1.0,1,0.22521680447106887,44
2148,16,8895,1563,7332,0,0,0,1.0,1,1.0,1,1.0,1,0.1947625628293281,44
2149,6,8901,1564,7337,0,0,0,1.0,1,1.0,1,1.0,1,0.2474546946504637,42
2150,5,8906,1565,7341,0,0,0,1.0,1,1.0,1,1.0,1,0.2364993208860052,40
2151,4,8910,1565,7345,0,0,0,1.0,1,1.0,1,1.0,1,0.2358359349979259,39
2152,7,8917,1566,7351,0,0,0,1.0,1,1.0,1,1.0,1,0.2945146457671079,40
2153,8,8925,1567,7358,0,0,0,1.0,1,1.0,1,1.0,1,0.3004607048722571,42
2154,12,8937,1568,7369,0,0,0,1.0,1,1.0,1,1.0,1,0.28098827355516337,42
2155,4,8941,1569,7372,0,0,0,1.0,1,1.0,1,1.0,1,0.2728022174298949,41
2156,8,8949,1569,7380,0,0,0,1.0,1,1.0,1,1.0,1,0.23055758410028804,40
2157,7,8956,1570,7386,0,0,0,1.0,1,1.0,1,1.0,1,0.23492563089971447,40
2158,6,8962,1570,7392,0,0,0,1.0,1,1.0,1,1.0,1,0.28153920054168435,38
2159,7,8969,1570,7399,0,0,0,1.0,1,1.0,1,1.0,1,0.2350945354501119,38
2160,3,8972,1570,7402,0,0,0,1.0,1,1.0,1,1.0,1,0.2488873648736446,38
2161,4,8976,1570,7406,0,0,0,1.0,1,1.0,1,1.0,1,0.14028339221790584,38
2162,3,8979,1571,7408,0,0,0,1.0,1,1.0,1,1.0,1,0.15020774186937905,38
2163,3,8982,1572,7410,0,0,0,1.0,1,1.0,1,1.0,1,0.16063986108091188,40
2164,4,8986,1574,7412,0,0,0,1.0,1,1.0,1,1.0,1,0.14746238765445732,41
2165,3,8989,1574,7415,0,0,0,1.0,1,1.0,1,1.0,1,0.18524894786192153,42
2166,3,8992,1574,7418,0,0,0,1.0,1,1.0,1,1.0,1,0.17251046003371223,42
2167,1,8993,1574,7419,0,0,0,1.0,1,1.0,1,1.0,1,0.1333903465055984,43
2168,2,8995,1574,7421,0,0,0,1.0,1,1.0,1,1.0,1,0.1427465194347512,43
2169,3,8998,1574,7424,0,0,0,1.0,1,1.0,1,1.0,1,0.15278700667825854,45
2170,1,8999,1574,7425,0,0,0,1.0,1,1.0,1,1.0,1,0.12467645255492993,46
2171,2,9001,1574,7427,0,0,0,1.0,1,1.0,1,1.0,1,0.12753116464378497,48
2172,3,9004,1574,7430,0,0,0,1.0,1,1.0,1,1.0,1,0.15871665019609724,49
2173,1,9005,1574,7431,0,0,0,1.0,1,1.0,1,1.0,1,0.15723973392352705,49
2174,3,9008,1575,7433,0,0,0,1.0,1,1.0,1,1.0,1,0.13349405323173827,49
2175,3,9011,1575,7436,0,0,0,1.0,1,1.0,1,1.0,1,0.12152264098555111,49
2176,5,9016,1576,7440,0,0,0,1.0,1,1.0,1,1.0,1,0.16254775594269763,51
2177,7,9023,1579,7444,0,0,0,1.0,1,1.0,1,1.0,1,0.11889962497711502,51
2178,2,9025,1580,7445,0,0,0,1.0,1,1.0,1,1.0,1,0.10297716891679455,50
2179,3,9028,1580,7448,0,0,0,1.0,1,1.0,1,1.0,1,0.08949845541007043,49
2180,3,9031,1580,7451,0,0,0,1.0,1,1.0,1,1.0,1,0.12143587779812275,47
2181,6,9037,1582,7455,0,0,0,1.0,1,1.0,1,1.0,1,0.0981753710591247,47
2182,2,9039,1583,7456,0,0,0,1.0,1,1.0,1,1.0,1,0.12109888791783205,45
2183,4,9043,1586,7457,0,0,0,1.0,1,1.0,1,1.0,1,0.12655785878699638,44
2184,3,9046,1588,7458,0,0,0,1.0,1,1.0,1,1.0,1,0.1620892189845298,43
2185,2,9048,1589,7459,0,0,0,1.0,1,1.0,1,1.0,1,0.18186265991876682,40
2186,5,9053,1593,7460,0,0,0,1.0,1,1.0,1,1.0,1,0.22722106104097967,38
2187,3,9056,1595,7461,0,0,0,1.0,1,1.0,1,1.0,1,0.19918528998313983,35
2188,3,9059,1598,7461,0,0,0,1.0,1,1.0,1,1.0,1,0.24354976111161394,34
2189,1,9060,1599,7461,0,0,0,1.0,1,1.0,1,1.0,1,0.24423562887491448,31
2190,4,9064,1603,7461,0,0,0,1.0,1,1.0,1,1.0,1,0.31441500024229063,29
2191,1,9065,1603,7462,0,0,0,1.0,1,1.0,1,1.0,1,0.32987627633302313,28
2192,5,9070,1606,7464,0,0,0,1.0,1,1.0,1,1.0,1,0.4201378367125224,29
2193,0,9070,1606,7464,0,0,0,1.0,1,1.0,1,1.0,1,0.44960637350903254,28
2194,0,9070,1606,7464,0,0,0,1.0,1,1.0,1,1.0,1,0.45547835883388416,27
2195,3,9073,1608,7465,0,0,0,1.0,1,1.0,1,1.0,1,0.49760985399407576,27
2196,3,9076,1609,7467,0,0,0,1.0,1,1.0,1,1.0,1,0.5340432151500293,27
2197,2,9078,1610,7468,0,0,0,1.0,1,1.0,1,1.0,1,0.5054478122355259,27
2198,2,9080,1610,7470,0,0,0,1.0,1,1.0,1,1.0,1,0.47492000073349355,28
2199,6,9086,1612,7474,0,0,0,1.0,1,1.0,1,1.0,1,0.4630196083150503,29
2200,5,9091,1612,7479,0,0,0,1.0,1,1.0,1,1.0,1,0.43245046502020873,31
2201,10,9101,1613,7488,0,0,0,1.0,1,1.0,1,1.0,1,0.22807768710599002,32
2202,2,9103,1613,7490,0,0,0,1.0,1,1.0,1,1.0,1,0.2676571713566408,31
2203,3,9106,1613,7493,0,0,0,1.0,1,1.0,1,1.0,1,0.2609369840691205,32
2204,4,9110,1613,7497,0,0,0,1.0,1,1.0,1,1.0,1,0.228699258403111,32
2205,5,9115,1613,7502,0,0,0,1.0,1,1.0,1,1.0,1,0.2908219261599233,33
2206,9,9124,1614,7510,0,0,0,1.0,1,1.0,1,1.0,1,0.34535306187029363,32
2207,6,9130,1614,7516,0,0,0,1.0,1,1.0,1,1.0,1,0.2806735386067049,33
2208,8,9138,1614,7524,0,0,0,1.0,1,1.0,1,1.0,1,0.2224636118002758,35
2209,8,9146,1615,7531,0,0,0,1.0,1,1.0,1,1.0,1,0.25385881040601027,36
2210,8,9154,1616,7538,0,0,0,1.0,1,1.0,1,1.0,1,0.24520395516649324,35
2211,11,9165,1616,7549,0,0,0,1.0,1,1.0,1,1.0,1,0.24409917016370422,36
2212,8,9173,1617,7556,0,0,0,1.0,1,1.0,1,1.0,1,0.2685685715023826,37
2213,9,9182,1618,7564,0,0,0,1.0,1,1.0,1,1.0,1,0.2032198502527012,37
2214,8,9190,1618,7572,0,0,0,1.0,1,1.0,1,1.0,1,0.22536566594181248,39
2215,9,9199,1618,7581,0,0,0,1.0,1,1.0,1,1.0,1,0.1975405135665285,36
2216,7,9206,1620,7586,0,0,0,1.0,1,1.0,1,1.0,1,0.1735144571255771,37
2217,4,9210,1622,7588,0,0,0,1.0,1,1.0,1,1.0,1,0.1854386335945419,35
2218,6,9216,1623,7593,0,0,0,1.0,1,1.0,1,1.0,1,0.19870942657628685,35
2219,3,9219,1623,7596,0,0,0,1.0,1,1.0,1,1.0,1,0.21056894230111275,33
2220,5,9224,1623,7601,0,0,0,1.0,1,1.0,1,1.0,1,0.24319493157968622,31
2221,4,9228,1624,7604,0,0,0,1.0,1,1.0,1,1.0,1,0.2094037184212502,31
2222,2,9230,1624,7606,0,0,0,1.0,1,1.0,1,1.0,1,0.19282681012033684,30
2223,3,9233,1627,7606,0,0,0,1.0,1,1.0,1,1.0,1,0.23019874487453876,28
2224,4,9237,1631,7606,0,0,0,1.0,1,1.0,1,1.0,1,0.3760038511844403,29
2225,4,9241,1632,7609,0,0,0,1.0,1,1.0,1,1.0,1,0.3448032003230296,28
2226,3,9244,1633,7611,0,0,0,1.0,1,1.0,1,1.0,1,0.2820881090799835,30
2227,0,9244,1633,7611,0,0,0,1.0,1,1.0,1,1.0,1,0.26412271481388594,28
2228,3,9247,1634,7613,0,0,0,1.0,1,1.0,1,1.0,1,0.28307877504757595,29
2229,5,9252,1636,7616,0,0,0,1.0,1,1.0,1,1.0,1,0.21528233102393968,28
2230,1,9253,1636,7617,0,0,0,1.0,1,1.0,1,1.0,1,0.22863666443612055,28
2231,0,9253,1636,7617,0,0,0,1.0,1,1.0,1,1.0,1,0.20542061139005258,27
2232,3,9256,1636,7620,0,0,0,1.0,1,1.0,1,1.0,1,0.2427880798621542,27
2233,2,9258,1637,7621,0,0,0,1.0,1,1.0,1,1.0,1,0.2571361973612332,28
2234,2,9260,1638,7622,0,0,0,1.0,1,1.0,1,1.0,1,0.24074799746858883,26
2235,2,9262,1640,7622,0,0,0,1.0,1,1.0,1,1.0,1,0.28672752926805267,26
2236,3,9265,1641,7624,0,0,0,1.0,1,1.0,1,1.0,1,0.3131423671973872,26
2237,4,9269,1642,7627,0,0,0,1.0,1,1.0,1,1.0,1,0.2965029795266166,26
2238,1,9270,1643,7627,0,0,0,1.0,1,1.0,1,1.0,1,0.28958583368542773,27
2239,1,9271,1644,7627,0,0,0,1.0,1,1.0,1,1.0,1,0.2977239169504065,28
2240,4,9275,1646,7629,0,0,0,1.0,1,1.0,1,1.0,1,0.3243884720879607,30
2241,10,9285,1649,7636,0,0,0,1.0,1,1.0,1,1.0,1,0.16062263932428242,29
2242,3,9288,1650,7638,0,0,0,1.0,1,1.0,1,1.0,1,0.1464387695739679,29
2243,1,9289,1650,7639,0,0,0,1.0,1,1.0,1,1.0,1,0.14410906937661616,29
2244,1,9290,1650,7640,0,0,0,1.0,1,1.0,1,1.0,1,0.10687244488281973,29
2245,3,9293,1651,7642,0,0,0,1.0,1,1.0,1,1.0,1,0.1265080126280937,30
2246,0,9293,1651,7642,0,0,0,1.0,1,1.0,1,1.0,1,0.13498131009361708,33
2247,2,9295,1651,7644,0,0,0,1.0,1,1.0,1,1.0,1,0.1381252899267326,34
2248,0,9295,1651,7644,0,0,0,1.0,1,1.0,1,1.0,1,0.1381252899267326,34
2249,0,9295,1651,7644,0,0,0,1.0,1,1.0,1,1.0,1,0.12977011525849305,35
2250,0,9295,1651,7644,0,0,0,1.0,1,1.0,1,1.0,1,0.12977011525849305,35
2251,2,9297,1651,7646,0,0,0,1.0,1,1.0,1,1.0,1,0.14441208491474639,36
2252,0,9297,1651,7646,0,0,0,1.0,1,1.0,1,1.0,1,0.15790077591694676,37
2253,1,9298,1652,7646,0,0,0,1.0,1,1.0,1,1.0,1,0.1690167036119096,35
2254,0,9298,1652,7646,0,0,0,1.0,1,1.0,1,1.0,1,0.1648247220765918,33
2255,2,9300,1652,7648,0,0,0,1.0,1,1.0,1,1.0,1,0.181967390609838,35
2256,4,9304,1653,7651,0,0,0,1.0,1,1.0,1,1.0,1,0.18652427774050795,34
2257,3,9307,1654,7653,0,0,0,1.0,1,1.0,1,1.0,1,0.24288271694783684,36
2258,3,9310,1655,7655,0,0,0,1.0,1,1.0,1,1.0,1,0.22326464904577142,35
2259,0,9310,1655,7655,0,0,0,1.0,1,1.0,1,1.0,1,0.21960817430106058,35
2260,4,9314,1656,7658,0,0,0,1.0,1,1.0,1,1.0,1,0.19462022601571008,33
2261,5,9319,1657,7662,0,0,0,1.0,1,1.0,1,1.0,1,0.1439647149780646,33
2262,2,9321,1657,7664,0,0,0,1.0,1,1.0,1,1.0,1,0.11390108280341102,32
2263,2,9323,1659,7664,0,0,0,1.0,1,1.0,1,1.0,1,0.13038132586165244,31
2264,2,9325,1660,7665,0,0,0,1.0,1,1.0,1,1.0,1,0.1377570430420931,30
2265,2,9327,1661,7666,0,0,0,1.0,1,1.0,1,1.0,1,0.15489569836289505,29
2266,4,9331,1664,7667,0,0,0,1.0,1,1.0,1,1.0,1,0.20553030323880406,30
2267,1,9332,1664,7668,0,0,0,1.0,1,1.0,1,1.0,1,0.16320649033518933,29
2268,3,9335,1665,7670,0,0,0,1.0,1,1.0,1,1.0,1,0.13907125662952668,30
2269,3,9338,1667,7671,0,0,0,1.0,1,1.0,1,1.0,1,0.18494913145899888,31
2270,5,9343,1668,7675,0,0,0,1.0,1,1.0,1,1.0,1,0.16449757242501295,31
2271,2,9345,1668,7677,0,0,0,1.0,1,1.0,1,1.0,1,0.12583415874352527,31
2272,4,9349,1669,7680,0,0,0,1.0,1,1.0,1,1.0,1,0.1572777680290625,31
2273,2,9351,1671,7680,0,0,0,1.0,1,1.0,1,1.0,1,0.1789079754784266,30
2274,1,9352,1671,7681,0,0,0,1.0,1,1.0,1,1.0,1,0.16831073481946554,31
2275,2,9354,1672,7682,0,0,0,1.0,1,1.0,1,1.0,1,0.1696859174554509,32
2276,1,9355,1673,7682,0,0,0,1.0,1,1.0,1,1.0,1,0.19804271491996955,31
2277,1,9356,1673,7683,0,0,0,1.0,1,1.0,1,1.0,1,0.2204347339748791,31
2278,2,9358,1675,7683,0,0,0,1.0,1,1.0,1,1.0,1,0.27355398436859873,32
2279,1,9359,1675,7684,0,0,0,1.0,1,1.0,1,1.0,1,0.2867890413781705,32
2280,0,9359,1675,7684,0,0,0,1.0,1,1.0,1,1.0,1,0.27563766876940415,33
2281,6,9365,1675,7690,0,0,0,1.0,1,1.0,1,1.0,1,0.14360685605835172,34
2282,0,9365,1675,7690,0,0,0,1.0,1,1.0,1,1.0,1,0.14360685605835172,34
2283,0,9365,1675,7690,0,0,0,1.0,1,1.0,1,1.0,1,0.14360685605835172,34
2284,0,9365,1675,7690,0,0,0,1.0,1,1.0,1,1.0,1,0.14360685605835172,34
2285,3,9368,1676,7692,0,0,0,1.0,1,1.0,1,1.0,1,0.11244540442776355,35
2286,0,9368,1676,7692,0,0,0,1.0,1,1.0,1,1.0,1,0.13933545232952452,34
2287,1,9369,1676,7693,0,0,0,1.0,1,1.0,1,1.0,1,0.11665935555042665,35
2288,0,9369,1676,7693,0,0,0,1.0,1,1.0,1,1.0,1,0.14794063792941534,35
2289,1,9370,1676,7694,0,0,0,1.0,1,1.0,1,1.0,1,0.15327964035285394,37
2290,5,9375,1677,7698,0,0,0,1.0,1,1.0,1,1.0,1,0.13692572966226121,37
2291,0,9375,1677,7698,0,0,0,1.0,1,1.0,1,1.0,1,0.12604421305048982,35
2292,3,9378,1678,7700,0,0,0,1.0,1,1.0,1,1.0,1,0.15305122680689712,35
2293,2,9380,1680,7700,0,0,0,1.0,1,1.0,1,1.0,1,0.16859111186932968,34
2294,0,9380,1680,7700,0,0,0,1.0,1,1.0,1,1.0,1,0.2016399035771305,33
2295,1,9381,1681,7700,0,0,0,1.0,1,1.0,1,1.0,1,0.22801401231548962,34
2296,1,9382,1681,7701,0,0,0,1.0,1,1.0,1,1.0,1,0.23469192764443728,33
2297,1,9383,1681,7702,0,0,0,1.0,1,1.0,1,1.0,1,0.26905789307338795,32
2298,2,9385,1681,7704,0,0,0,1.0,1,1.0,1,1.0,1,0.25750347362479703,32
2299,3,9388,1682,7706,0,0,0,1.0,1,1.0,1,1.0,1,0.3123778420344565,33
2300,6,9394,1682,7712,0,0,0,1.0,1,1.0,1,1.0,1,0.24936891064252334,33
2301,2,9396,1682,7714,0,0,0,1.0,1,1.0,1,1.0,1,0.19651607060089984,33
2302,2,9398,1683,7715,0,0,0,1.0,1,1.0,1,1.0,1,0.18820553807309617,34
2303,5,9403,1687,7716,0,0,0,1.0,1,1.0,1,1.0,1,0.1960586133444667,34
2304,4,9407,1688,7719,0,0,0,1.0,1,1.0,1,1.0,1,0.17059315678590828,33
2305,2,9409,1689,7720,0,0,0,1.0,1,1.0,1,1.0,1,0.1784021155987935,33
2306,3,9412,1690,7722,0,0,0,1.0,1,1.0,1,1.0,1,0.18260760367349851,33
2307,5,9417,1691,7726,0,0,0,1.0,1,1.0,1,1.0,1,0.17726776657118373,35
2308,3,9420,1691,7729,0,0,0,1.0,1,1.0,1,1.0,1,0.13242387091556562,34
2309,2,9422,1692,7730,0,0,0,1.0,1,1.0,1,1.0,1,0.14461498553110663,34
2310,0,9422,1692,7730,0,0,0,1.0,1,1.0,1,1.0,1,0.14425876541942267,34
2311,1,9423,1693,7730,0,0,0,1.0,1,1.0,1,1.0,1,0.1609908953998609,35
2312,3,9426,1695,7731,0,0,0,1.0,1,1.0,1,1.0,1,0.21160694590725662,34
2313,3,9429,1696,7733,0,0,0,1.0,1,1.0,1,1.0,1,0.19382954259114188,35
2314,3,9432,1697,7735,0,0,0,1.0,1,1.0,1,1.0,1,0.20000584893598833,35
2315,2,9434,1697,7737,0,0,0,1.0,1,1.0,1,1.0,1,0.1856594661315376,34
2316,4,9438,1698,7740,0,0,0,1.0,1,1.0,1,1.0,1,0.26214547737149446,35
2317,1,9439,1698,7741,0,0,0,1.0,1,1.0,1,1.0,1,0.3090026148733555,32
2318,1,9440,1698,7742,0,0,0,1.0,1,1.0,1,1.0,1,0.3089296687472464,32
2319,1,9441,1699,7742,0,0,0,1.0,1,1.0,1,1.0,1,0.3536542843077442,32
2320,3,9444,1699,7745,0,0,0,1.0,1,1.0,1,1.0,1,0.3750937302019099,32
2321,12,9456,1699,7757,0,0,0,1.0,1,1.0,1,1.0,1,0.19595400879235217,33
2322,4,9460,1699,7761,0,0,0,1.0,1,1.0,1,1.0,1,0.281938762852399,33
2323,2,9462,1699,7763,0,0,0,1.0,1,1.0,1,1.0,1,0.22648875133152258,33
2324,3,9465,1699,7766,0,0,0,1.0,1,1.0,1,1.0,1,0.27470884313381794,34
2325,4,9469,1699,7770,0,0,0,1.0,1,1.0,1,1.0,1,0.21145543714300435,35
2326,5,9474,1699,7775,0,0,0,1.0,1,1.0,1,1.0,1,0.23163090699295913,35
2327,4,9478,1699,7779,0,0,0,1.0,1,1.0,1,1.0,1,0.1758645891663465,36
2328,6,9484,1700,7784,0,0,0,1.0,1,1.0,1,1.0,1,0.2861640360734459,37
2329,6,9490,1700,7790,0,0,0,1.0,1,1.0,1,1.0,1,0.1989490090071983,37
2330,3,9493,1700,7793,0,0,0,1.0,1,1.0,1,1.0,1,0.14874498526696733,38
2331,4,9497,1700,7797,0,0,0,1.0,1,1.0,1,1.0,1,0.17406072243464996,40
2332,8,9505,1700,7805,0,0,0,1.0,1,1.0,1,1.0,1,0.17406072243464996,40
2333,6,9511,1700,7811,0,0,0,1.0,1,1.0,1,1.0,1,0.16687036144314066,41
2334,5,9516,1700,7816,0,0,0,1.0,1,1.0,1,1.0,1,0.1759396862429426,41
2335,4,9520,1700,7820,0,0,0,1.0,1,1.0,1,1.0,1,0.17669316174659921,41
2336,6,9526,1700,7826,0,0,0,1.0,1,1.0,1,1.0,1,0.18645610063998613,41
2337,7,9533,1700,7833,0,0,0,1.0,1,1.0,1,1.0,1,0.20221422657172575,42
2338,14,9547,1700,7847,0,0,0,1.0,1,1.0,1,1.0,1,0.2259763721741325,43
2339,9,9556,1700,7856,0,0,0,1.0,1,1.0,1,1.0,1,0.20960813951888455,43
2340,14,9570,1700,7870,0,0,0,1.0,1,1.0,1,1.0,1,0.17502968060912955,45
2341,10,9580,1700,7880,0,0,0,1.0,1,1.0,1,1.0,1,0.0985039900419904,45
2342,5,9585,1701,7884,0,0,0,1.0,1,1.0,1,1.0,1,0.13404008940232282,46
2343,10,9595,1702,7893,0,0,0,1.0,1,1.0,1,1.0,1,0.1525199461458291,45
2344,8,9603,1703,7900,0,0,0,1.0,1,1.0,1,1.0,1,0.16531947028273117,44
2345,3,9606,1703,7903,0,0,0,1.0,1,1.0,1,1.0,1,0.18204493462773547,44
2346,3,9609,1703,7906,0,0,0,1.0,1,1.0,1,1.0,1,0.16733455576090767,44
2347,1,9610,1703,7907,0,0,0,1.0,1,1.0,1,1.0,1,0.16992123935745038,44
2348,5,9615,1703,7912,0,0,0,1.0,1,1.0,1,1.0,1,0.16143594159994423,45
2349,9,9624,1703,7921,0,0,0,1.0,1,1.0,1,1.0,1,0.186873362252959,46
2350,8,9632,1703,7929,0,0,0,1.0,1,1.0,1,1.0,1,0.1960110280416955,47
2351,5,9637,1703,7934,0,0,0,1.0,1,1.0,1,1.0,1,0.20044675549314056,47
2352,11,9648,1703,7945,0,0,0,1.0,1,1.0,1,1.0,1,0.22236772280139552,47
2353,10,9658,1703,7955,0,0,0,1.0,1,1.0,1,1.0,1,0.22077792385646855,46
2354,5,9663,1704,7959,0,0,0,1.0,1,1.0,1,1.0,1,0.1930048727836665,47
2355,6,9669,1704,7965,0,0,0,1.0,1,1.0,1,1.0,1,0.16941134101735728,47
2356,6,9675,1705,7970,0,0,0,1.0,1,1.0,1,1.0,1,0.15956655550600113,47
2357,4,9679,1705,7974,0,0,0,1.0,1,1.0,1,1.0,1,0.1781660139698745,47
2358,7,9686,1705,7981,0,0,0,1.0,1,1.0,1,1.0,1,0.1610917876314339,48
2359,8,9694,1705,7989,0,0,0,1.0,1,1.0,1,1.0,1,0.15155658652082502,49
2360,10,9704,1705,7999,0,0,0,1.0,1,1.0,1,1.0,1,0.1510090673663693,49
2361,5,9709,1705,8004,0,0,0,1.0,1,1.0,1,1.0,1,0.07088207262544614,50
2362,2,9711,1705,8006,0,0,0,1.0,1,1.0,1,1.0,1,0.07316256106841236,51
2363,3,9714,1706,8008,0,0,0,1.0,1,1.0,1,1.0,1,0.11196188978416576,51
2364,5,9719,1706,8013,0,0,0,1.0,1,1.0,1,1.0,1,0.11319060919552783,52
2365,11,9730,1708,8022,0,0,0,1.0,1,1.0,1,1.0,1,0.12964504184632306,53
2366,9,9739,1710,8029,0,0,0,1.0,1,1.0,1,1.0,1,0.08019743601693109,54
2367,7,9746,1714,8032,0,0,0,1.0,1,1.0,1,1.0,1,0.06629521912686308,52
2368,3,9749,1714,8035,0,0,0,1.0,1,1.0,1,1.0,1,0.10322793335773998,51
2369,5,9754,1714,8040,0,0,0,1.0,1,1.0,1,1.0,1,0.1095283668611559,51
2370,8,9762,1717,8045,0,0,0,1.0,1,1.0,1,1.0,1,0.12967206482341076,52
2371,6,9768,1718,8050,0,0,0,1.0,1,1.0,1,1.0,1,0.18097334932548503,52
2372,3,9771,1719,8052,0,0,0,1.0,1,1.0,1,1.0,1,0.19459202186511637,49
2373,4,9775,1721,8054,0,0,0,1.0,1,1.0,1,1.0,1,0.23944890622926102,47
2374,3,9778,1721,8057,0,0,0,1.0,1,1.0,1,1.0,1,0.1925646222036508,45
2375,3,9781,1721,8060,0,0,0,1.0,1,1.0,1,1.0,1,0.17809546429600928,45
2376,3,9784,1721,8063,0,0,0,1.0,1,1.0,1,1.0,1,0.1927425440710674,43
2377,3,9787,1721,8066,0,0,0,1.0,1,1.0,1,1.0,1,0.203466026351185,44
2378,2,9789,1721,8068,0,0,0,1.0,1,1.0,1,1.0,1,0.21227929879654525,43
2379,1,9790,1721,8069,0,0,0,1.0,1,1.0,1,1.0,1,0.22542228540794731,43
2380,1,9791,1721,8070,0,0,0,1.0,1,1.0,1,1.0,1,0.21293955604424622,43
2381,12,9803,1723,8080,0,0,0,1.0,1,1.0,1,1.0,1,0.2366100076566615,44
2382,5,9808,1724,8084,0,0,0,1.0,1,1.0,1,1.0,1,0.22385453767254157,44
2383,9,9817,1726,8091,0,0,0,1.0,1,1.0,1,1.0,1,0.13519131030956613,45
2384,6,9823,1727,8096,0,0,0,1.0,1,1.0,1,1.0,1,0.16492003632743554,45
2385,6,9829,1727,8102,0,0,0,1.0,1,1.0,1,1.0,1,0.17526178224988398,45
2386,8,9837,1731,8106,0,0,0,1.0,1,1.0,1,1.0,1,0.22652969041651572,46
2387,8,9845,1733,8112,0,0,0,1.0,1,1.0,1,1.0,1,0.16336431368458135,44
2388,8,9853,1735,8118,0,0,0,1.0,1,1.0,1,1.0,1,0.23645192536369855,44
2389,10,9863,1736,8127,0,0,0,1.0,1,1.0,1,1.0,1,0.16261404015321676,43
2390,13,9876,1739,8137,0,0,0,1.0,1,1.0,1,1.0,1,0.18745799293235763,44
2391,6,9882,1740,8142,0,0,0,1.0,1,1.0,1,1.0,1,0.14903961707644642,43
2392,6,9888,1742,8146,0,0,0,1.0,1,1.0,1,1.0,1,0.21860883000212813,44
2393,7,9895,1742,8153,0,0,0,1.0,1,1.0,1,1.0,1,0.2172935670023525,45
2394,5,9900,1743,8157,0,0,0,1.0,1,1.0,1,1.0,1,0.16016798870387644,44
2395,8,9908,1743,8165,0,0,0,1.0,1,1.0,1,1.0,1,0.18790943599395601,44
2396,11,9919,1746,8173,0,0,0,1.0,1,1.0,1,1.0,1,0.291189241879354,45
2397,15,9934,1746,8188,0,0,0,1.0,1,1.0,1,1.0,1,0.26700722182679,44
2398,7,9941,1747,8194,0,0,0,1.0,1,1.0,1,1.0,1,0.22872621664792744,44
2399,6,9947,1747,8200,0,0,0,1.0,1,1.0,1,1.0,1,0.275791367746212,45
2400,7,9954,1747,8207,0,0,0,1.0,1,1.0,1,1.0,1,0.2664443129625392,45
2401,9,9963,1747,8216,0,0,0,1.0,1,1.0,1,1.0,1,0.14059806661988924,46
2402,0,9963,1747,8216,0,0,0,1.0,1,1.0,1,1.0,1,0.14214916898587154,47
2403,5,9968,1748,8220,0,0,0,1.0,1,1.0,1,1.0,1,0.16870227653333625,48
2404,3,9971,1748,8223,0,0,0,1.0,1,1.0,1,1.0,1,0.15544353637580424,47
2405,2,9973,1748,8225,0,0,0,1.0,1,1.0,1,1.0,1,0.15736864331142675,45
2406,3,9976,1749,8227,0,0,0,1.0,1,1.0,1,1.0,1,0.1110086917711369,45
2407,2,9978,1749,8229,0,0,0,1.0,1,1.0,1,1.0,1,0.11311521807799048,42
2408,2,9980,1749,8231,0,0,0,1.0,1,1.0,1,1.0,1,0.0818708017046497,41
2409,2,9982,1749,8233,0,0,0,1.0,1,1.0,1,1.0,1,0.10839349908097982,41
2410,1,9983,1749,8234,0,0,0,1.0,1,1.0,1,1.0,1,0.1172493103246058,40
2411,1,9984,1749,8235,0,0,0,1.0,1,1.0,1,1.0,1,0.10934437743283819,40
2412,2,9986,1749,8237,0,0,0,1.0,1,1.0,1,1.0,1,0.11306041888831139,38
2413,5,9991,1752,8239,0,0,0,1.0,1,1.0,1,1.0,1,0.18472450836387969,38
2414,4,9995,1752,8243,0,0,0,1.0,1,1.0,1,1.0,1,0.20060268331662096,36
2415,6,10001,1755,8246,0,0,0,1.0,1,1.0,1,1.0,1,0.2894453359456947,36
2416,4,10005,1756,8249,0,0,0,1.0,1,1.0,1,1.0,1,0.2945044039041056,35
2417,3,10008,1756,8252,0,0,0,1.0,1,1.0,1,1.0,1,0.3598717407340816,33
2418,3,10011,1756,8255,0,0,0,1.0,1,1.0,1,1.0,1,0.3524075982377323,33
2419,8,10019,1757,8262,0,0,0,1.0,1,1.0,1,1.0,1,0.3199534026591582,33
2420,4,10023,1758,8265,0,0,0,1.0,1,1.0,1,1.0,1,0.29733652359366247,34
2421,6,10029,1759,8270,0,0,0,1.0,1,1.0,1,1.0,1,0.2058628186860278,34
2422,2,10031,1760,8271,0,0,0,1.0,1,1.0,1,1.0,1,0.18906455005785058,35
2423,7,10038,1762,8276,0,0,0,1.0,1,1.0,1,1.0,1,0.20233219759901505,36
2424,4,10042,1764,8278,0,0,0,1.0,1,1.0,1,1.0,1,0.2518293683769001,35
2425,7,10049,1765,8284,0,0,0,1.0,1,1.0,1,1.0,1,0.2053091051114619,33
2426,2,10051,1766,8285,0,0,0,1.0,1,1.0,1,1.0,1,0.1867597512405553,34
2427,4,10055,1766,8289,0,0,0,1.0,1,1.0,1,1.0,1,0.15663051930571564,34
2428,0,10055,1766,8289,0,0,0,1.0,1,1.0,1,1.0,1,0.15663051930571564,34
2429,1,10056,1767,8289,0,0,0,1.0,1,1.0,1,1.0,1,0.19042617543887272,34
2430,0,10056,1767,8289,0,0,0,1.0,1,1.0,1,1.0,1,0.2172040549368138,33
2431,1,10057,1768,8289,0,0,0,1.0,1,1.0,1,1.0,1,0.20772857869030947,33
2432,0,10057,1768,8289,0,0,0,1.0,1,1.0,1,1.0,1,0.2594866408656916,33
2433,1,10058,1769,8289,0,0,0,1.0,1,1.0,1,1.0,1,0.19991940026075908,34
2434,1,10059,1770,8289,0,0,0,1.0,1,1.0,1,1.0,1,0.18330442568704705,34
2435,1,10060,1771,8289,0,0,0,1.0,1,1.0,1,1.0,1,0.18780550700802676,34
2436,1,10061,1772,8289,0,0,0,1.0,1,1.0,1,1.0,1,0.2057651696780519,33
2437,1,10062,1772,8290,0,0,0,1.0,1,1.0,1,1.0,1,0.17434058739185943,33
2438,2,10064,1773,8291,0,0,0,1.0,1,1.0,1,1.0,1,0.1801418006612534,34
2439,1,10065,1773,8292,0,0,0,1.0,1,1.0,1,1.0,1,0.21504222807703502,35
2440,2,10067,1774,8293,0,0,0,1.0,1,1.0,1,1.0,1,0.25537091959009683,35
2441,8,10075,1777,8298,0,0,0,1.0,1,1.0,1,1.0,1,0.09915102102809839,35
2442,0,10075,1777,8298,0,0,0,1.0,1,1.0,1,1.0,1,0.09846786116434816,35
2443,2,10077,1779,8298,0,0,0,1.0,1,1.0,1,1.0,1,0.12618538827072612,35
2444,3,10080,1780,8300,0,0,0,1.0,1,1.0,1,1.0,1,0.17954080620905816,34
2445,5,10085,1782,8303,0,0,0,1.0,1,1.0,1,1.0,1,0.24611277847181062,33
2446,1,10086,1782,8304,0,0,0,1.0,1,1.0,1,1.0,1,0.28827369186126584,30
2447,1,10087,1783,8304,0,0,0,1.0,1,1.0,1,1.0,1,0.2480366189744018,29
2448,2,10089,1785,8304,0,0,0,1.0,1,1.0,1,1.0,1,0.28931263750491554,27
2449,0,10089,1785,8304,0,0,0,1.0,1,1.0,1,1.0,1,0.2910612871198209,26
2450,5,10094,1787,8307,0,0,0,1.0,1,1.0,1,1.0,1,0.3589132829311736,28
2451,5,10099,1787,8312,0,0,0,1.0,1,1.0,1,1.0,1,0.37248648527772865,28
2452,3,10102,1787,8315,0,0,0,1.0,1,1.0,1,1.0,1,0.3565892978048786,29
2453,5,10107,1788,8319,0,0,0,1.0,1,1.0,1,1.0,1,0.37945176836902306,30
2454,2,10109,1788,8321,0,0,0,1.0,1,1.0,1,1.0,1,0.34332444665444495,32
2455,4,10113,1788,8325,0,0,0,1.0,1,1.0,1,1.0,1,0.3508190131980505,33
2456,4,10117,1789,8328,0,0,0,1.0,1,1.0,1,1.0,1,0.34524812487215567,34
2457,3,10120,1790,8330,0,0,0,1.0,1,1.0,1,1.0,1,0.3939723700962071,34
2458,12,10132,1791,8341,0,0,0,1.0,1,1.0,1,1.0,1,0.3959992163051398,36
2459,8,10140,1791,8349,0,0,0,1.0,1,1.0,1,1.0,1,0.3669105873790697,36
2460,6,10146,1791,8355,0,0,0,1.0,1,1.0,1,1.0,1,0.36342734892487677,37
2461,8,10154,1791,8363,0,0,0,1.0,1,1.0,1,1.0,1,0.14328785215843112,37
2462,3,10157,1792,8365,0,0,0,1.0,1,1.0,1,1.0,1,0.14841759352386596,38
2463,5,10162,1793,8369,0,0,0,1.0,1,1.0,1,1.0,1,0.1189267710037068,38
2464,5,10167,1795,8372,0,0,0,1.0,1,1.0,1,1.0,1,0.13414186746850845,37
2465,3,10170,1796,8374,0,0,0,1.0,1,1.0,1,1.0,1,0.14159391418645476,36
2466,2,10172,1798,8374,0,0,0,1.0,1,1.0,1,1.0,1,0.15857092219519828,36
2467,2,10174,1799,8375,0,0,0,1.0,1,1.0,1,1.0,1,0.20580418329677733,34
2468,1,10175,1800,8375,0,0,0,1.0,1,1.0,1,1.0,1,0.2241469214799417,33
2469,1,10176,1801,8375,0,0,0,1.0,1,1.0,1,1.0,1,0.2512872925651179,32
2470,3,10179,1802,8377,0,0,0,1.0,1,1.0,1,1.0,1,0.2802916123211449,33
2471,3,10182,1802,8380,0,0,0,1.0,1,1.0,1,1.0,1,0.33916396704700386,31
2472,5,10187,1803,8384,0,0,0,1.0,1,1.0,1,1.0,1,0.3540003251239506,32
2473,3,10190,1803,8387,0,0,0,1.0,1,1.0,1,1.0,1,0.3200048341235999,31
2474,3,10193,1803,8390,0,0,0,1.0,1,1.0,1,1.0,1,0.3076753704065735,33
2475,3,10196,1805,8391,0,0,0,1.0,1,1.0,1,1.0,1,0.2872444228291212,33
2476,2,10198,1806,8392,0,0,0,1.0,1,1.0,1,1.0,1,0.3027104104573898,33
2477,2,10200,1807,8393,0,0,0,1.0,1,1.0,1,1.0,1,0.29098444598076817,33
2478,2,10202,1808,8394,0,0,0,1.0,1,1.0,1,1.0,1,0.28349070593475334,33
2479,1,10203,1809,8394,0,0,0,1.0,1,1.0,1,1.0,1,0.29331358312919503,33
2480,2,10205,1810,8395,0,0,0,1.0,1,1.0,1,1.0,1,0.27145457873355644,34
2481,10,10215,1812,8403,0,0,0,1.0,1,1.0,1,1.0,1,0.15461890167077944,33
2482,4,10219,1812,8407,0,0,0,1.0,1,1.0,1,1.0,1,0.19093565152156358,34
2483,8,10227,1813,8414,0,0,0,1.0,1,1.0,1,1.0,1,0.17721571203691985,33
2484,4,10231,1813,8418,0,0,0,1.0,1,1.0,1,1.0,1,0.2236218790906046,32
2485,5,10236,1813,8423,0,0,0,1.0,1,1.0,1,1.0,1,0.19941785771217185,31
2486,5,10241,1813,8428,0,0,0,1.0,1,1.0,1,1.0,1,0.20828197484198596,29
2487,6,10247,1814,8433,0,0,0,1.0,1,1.0,1,1.0,1,0.2698690317446798,29
2488,8,10255,1816,8439,0,0,0,1.0,1,1.0,1,1.0,1,0.2830187701208246,30
2489,4,10259,1817,8442,0,0,0,1.0,1,1.0,1,1.0,1,0.2611489989170918,29
2490,5,10264,1818,8446,0,0,0,1.0,1,1.0,1,1.0,1,0.3444139733763214,30
2491,6,10270,1818,8452,0,0,0,1.0,1,1.0,1,1.0,1,0.34895645336420283,30
2492,7,10277,1819,8458,0,0,0,1.0,1,1.0,1,1.0,1,0.38146828696858254,29
2493,5,10282,1819,8463,0,0,0,1.0,1,1.0,1,1.0,1,0.32710133038831146,29
2494,5,10287,1819,8468,0,0,0,1.0,1,1.0,1,1.0,1,0.42511029393436267,28
2495,8,10295,1819,8476,0,0,0,1.0,1,1.0,1,1.0,1,0.3622139510143019,29
2496,7,10302,1819,8483,0,0,0,1.0,1,1.0,1,1.0,1,0.40184854320971,28
2497,4,10306,1819,8487,0,0,0,1.0,1,1.0,1,1.0,1,0.4042563418481445,28
2498,7,10313,1819,8494,0,0,0,1.0,1,1.0,1,1.0,1,0.4001772605516325,29
2499,3,10316,1819,8497,0,0,0,1.0,1,1.0,1,1.0,1,0.36960113730004235,30
2500,6,10322,1819,8503,0,0,0,1.0,1,1.0,1,1.0,1,0.4182287106924169,29
2501,12,10334,1819,8515,0,0,0,1.0,1,1.0,1,1.0,1,0.1372385362220667,33
2502,4,10338,1819,8519,0,0,0,1.0,1,1.0,1,1.0,1,0.12941117382027398,33
2503,1,10339,1819,8520,0,0,0,1.0,1,1.0,1,1.0,1,0.1810027686725965,31
2504,5,10344,1821,8523,0,0,0,1.0,1,1.0,1,1.0,1,0.19097706734272227,31
2505,2,10346,1822,8524,0,0,0,1.0,1,1.0,1,1.0,1,0.14750234698423303,32
2506,5,10351,1825,8526,0,0,0,1.0,1,1.0,1,1.0,1,0.17811798614606178,31
2507,4,10355,1826,8529,0,0,0,1.0,1,1.0,1,1.0,1,0.20627463189916814,29
2508,3,10358,1829,8529,0,0,0,1.0,1,1.0,1,1.0,1,0.18342350318330583,31
2509,0,10358,1829,8529,0,0,0,1.0,1,1.0,1,1.0,1,0.2113654991992051,30
2510,5,10363,1829,8534,0,0,0,1.0,1,1.0,1,1.0,1,0.19602577159238094,31
2511,2,10365,1831,8534,0,0,0,1.0,1,1.0,1,1.0,1,0.18272183202511486,32
2512,2,10367,1832,8535,0,0,0,1.0,1,1.0,1,1.0,1,0.24965157120275935,32
2513,4,10371,1833,8538,0,0,0,1.0,1,1.0,1,1.0,1,0.24461226599973582,34
2514,6,10377,1833,8544,0,0,0,1.0,1,1.0,1,1.0,1,0.23665667353753242,35
2515,7,10384,1834,8550,0,0,0,1.0,1,1.0,1,1.0,1,0.20955253000744345,35
2516,4,10388,1834,8554,0,0,0,1.0,1,1.0,1,1.0,1,0.23564833554047263,34
2517,7,10395,1836,8559,0,0,0,1.0,1,1.0,1,1.0,1,0.19060517766429352,34
2518,7,10402,1837,8565,0,0,0,1.0,1,1.0,1,1.0,1,0.19897082137112077,33
2519,2,10404,1837,8567,0,0,0,1.0,1,1.0,1,1.0,1,0.263597225725345,32
2520,1,10405,1837,8568,0,0,0,1.0,1,1.0,1,1.0,1,0.2149908295510609,31
2521,6,10411,1837,8574,0,0,0,1.0,1,1.0,1,1.0,1,0.1619949861180944,31
2522,6,10417,1838,8579,0,0,0,1.0,1,1.0,1,1.0,1,0.11125128471651362,30
2523,4,10421,1839,8582,0,0,0,1.0,1,1.0,1,1.0,1,0.20289599569086939,30
2524,7,10428,1839,8589,0,0,0,1.0,1,1.0,1,1.0,1,0.22952732026588216,29
2525,6,10434,1840,8594,0,0,0,1.0,1,1.0,1,1.0,1,0.32126208677616347,29
2526,7,10441,1840,8601,0,0,0,1.0,1,1.0,1,1.0,1,0.31618555315455504,27
2527,7,10448,1840,8608,0,0,0,1.0,1,1.0,1,1.0,1,0.3364860109576075,28
2528,4,10452,1840,8612,0,0,0,1.0,1,1.0,1,1.0,1,0.286668474767328,28
2529,5,10457,1840,8617,0,0,0,1.0,1,1.0,1,1.0,1,0.29236530822535645,28
2530,5,10462,1840,8622,0,0,0,1.0,1,1.0,1,1.0,1,0.2954604318882289,29
2531,4,10466,1840,8626,0,0,0,1.0,1,1.0,1,1.0,1,0.3524335103493031,30
2532,4,10470,1840,8630,0,0,0,1.0,1,1.0,1,1.0,1,0.32508611747973176,31
2533,9,10479,1840,8639,0,0,0,1.0,1,1.0,1,1.0,1,0.31725272980198743,31
2534,6,10485,1840,8645,0,0,0,1.0,1,1.0,1,1.0,1,0.3454023250770276,31
2535,7,10492,1841,8651,0,0,0,1.0,1,1.0,1,1.0,1,0.2692626233883309,31
2536,3,10495,1842,8653,0,0,0,1.0,1,1.0,1,1.0,1,0.34674441569371517,32
2537,3,10498,1842,8656,0,0,0,1.0,1,1.0,1,1.0,1,0.2894298974705266,33
2538,7,10505,1842,8663,0,0,0,1.0,1,1.0,1,1.0,1,0.344894999776371,35
2539,9,10514,1842,8672,0,0,0,1.0,1,1.0,1,1.0,1,0.2532501820825775,37
2540,12,10526,1844,8682,0,0,0,1.0,1,1.0,1,1.0,1,0.33177210682734265,38
2541,10,10536,1845,8691,0,0,0,1.0,1,1.0,1,1.0,1,0.15640860560833564,39
2542,4,10540,1846,8694,0,0,0,1.0,1,1.0,1,1.0,1,0.11580039273283663,38
2543,5,10545,1849,8696,0,0,0,1.0,1,1.0,1,1.0,1,0.1582975878986334,41
2544,7,10552,1850,8702,0,0,0,1.0,1,1.0,1,1.0,1,0.08991099315493782,39
2545,5,10557,1850,8707,0,0,0,1.0,1,1.0,1,1.0,1,0.09708322950692054,40
2546,2,10559,1850,8709,0,0,0,1.0,1,1.0,1,1.0,1,0.09586371058539779,38
2547,2,10561,1851,8710,0,0,0,1.0,1,1.0,1,1.0,1,0.10773380796842999,38
2548,1,10562,1851,8711,0,0,0,1.0,1,1.0,1,1.0,1,0.16023012113001006,35
2549,4,10566,1853,8713,0,0,0,1.0,1,1.0,1,1.0,1,0.1906662024010577,35
2550,2,10568,1854,8714,0,0,0,1.0,1,1.0,1,1.0,1,0.20665149243295547,33
2551,1,10569,1855,8714,0,0,0,1.0,1,1.0,1,1.0,1,0.25782424243893876,31
2552,0,10569,1855,8714,0,0,0,1.0,1,1.0,1,1.0,1,0.30912891339542115,30
2553,0,10569,1855,8714,0,0,0,1.0,1,1.0,1,1.0,1,0.30912891339542115,30
2554,0,10569,1855,8714,0,0,0,1.0,1,1.0,1,1.0,1,0.29941824141049145,32
2555,1,10570,1855,8715,0,0,0,1.0,1,1.0,1,1.0,1,0.29742605205667083,32
2556,4,10574,1857,8717,0,0,0,1.0,1,1.0,1,1.0,1,0.2798638570703099,32
2557,1,10575,1857,8718,0,0,0,1.0,1,1.0,1,1.0,1,0.27411754783582837,30
2558,0,10575,1857,8718,0,0,0,1.0,1,1.0,1,1.0,1,0.2391915422553623,31
2559,0,10575,1857,8718,0,0,0,1.0,1,1.0,1,1.0,1,0.26570864566303753,30
2560,0,10575,1857,8718,0,0,0,1.0,1,1.0,1,1.0,1,0.26570864566303753,30
2561,4,10579,1857,8722,0,0,0,1.0,1,1.0,1,1.0,1,0.17224368777230117,30
2562,3,10582,1857,8725,0,0,0,1.0,1,1.0,1,1.0,1,0.1728677007517655,33
2563,3,10585,1857,8728,0,0,0,1.0,1,1.0,1,1.0,1,0.17368591962791016,33
2564,3,10588,1857,8731,0,0,0,1.0,1,1.0,1,1.0,1,0.1581877611419843,33
2565,4,10592,1858,8734,0,0,0,1.0,1,1.0,1,1.0,1,0.13179254061615348,33
2566,5,10597,1858,8739,0,0,0,1.0,1,1.0,1,1.0,1,0.1360114000046372,35
2567,7,10604,1859,8745,0,0,0,1.0,1,1.0,1,1.0,1,0.13563167847546426,36
2568,9,10613,1860,8753,0,0,0,1.0,1,1.0,1,1.0,1,0.22247557979032406,37
2569,3,10616,1860,8756,0,0,0,1.0,1,1.0,1,1.0,1,0.19587056333608632,37
2570,5,10621,1860,8761,0,0,0,1.0,1,1.0,1,1.0,1,0.19172794907826404,37
2571,6,10627,1860,8767,0,0,0,1.0,1,1.0,1,1.0,1,0.19172794907826404,37
2572,6,10633,1860,8773,0,0,0,1.0,1,1.0,1,1.0,1,0.2074387081058155,39
2573,4,10637,1860,8777,0,0,0,1.0,1,1.0,1,1.0,1,0.1678520380600325,39
2574,2,10639,1860,8779,0,0,0,1.0,1,1.0,1,1.0,1,0.19284319464476093,38
2575,4,10643,1860,8783,0,0,0,1.0,1,1.0,1,1.0,1,0.19284319464476093,38
2576,3,10646,1860,8786,0,0,0,1.0,1,1.0,1,1.0,1,0.20395916506138312,37
2577,6,10652,1861,8791,0,0,0,1.0,1,1.0,1,1.0,1,0.2759217063202437,39
2578,10,10662,1861,8801,0,0,0,1.0,1,1.0,1,1.0,1,0.2627244266489545,40
2579,7,10669,1861,8808,0,0,0,1.0,1,1.0,1,1.0,1,0.2210161396369646,41
2580,6,10675,1861,8814,0,0,0,1.0,1,1.0,1,1.0,1,0.22457122485024328,42
2581,5,10680,1861,8819,0,0,0,1.0,1,1.0,1,1.0,1,0.15620367777722374,43
2582,3,10683,1862,8821,0,0,0,1.0,1,1.0,1,1.0,1,0.18036645965417417,43
2583,3,10686,1863,8823,0,0,0,1.0,1,1.0,1,1.0,1,0.1814300803863374,43
2584,5,10691,1864,8827,0,0,0,1.0,1,1.0,1,1.0,1,0.1537398150927993,43
2585,5,10696,1865,8831,0,0,0,1.0,1,1.0,1,1.0,1,0.12435408753142692,44
2586,5,10701,1866,8835,0,0,0,1.0,1,1.0,1,1.0,1,0.17888555511495757,43
2587,6,10707,1866,8841,0,0,0,1.0,1,1.0,1,1.0,1,0.14449447456207692,44
2588,5,10712,1866,8846,0,0,0,1.0,1,1.0,1,1.0,1,0.13067753513942995,44
2589,8,10720,1867,8853,0,0,0,1.0,1,1.0,1,1.0,1,0.12022263712771897,44
2590,4,10724,1867,8857,0,0,0,1.0,1,1.0,1,1.0,1,0.11380000282074347,44
2591,4,10728,1867,8861,0,0,0,1.0,1,1.0,1,1.0,1,0.10546011067285646,44
2592,6,10734,1869,8865,0,0,0,1.0,1,1.0,1,1.0,1,0.11545813304050287,44
2593,1,10735,1869,8866,0,0,0,1.0,1,1.0,1,1.0,1,0.0657493485390835,43
2594,7,10742,1870,8872,0,0,0,1.0,1,1.0,1,1.0,1,0.18093697369014422,48
2595,4,10746,1870,8876,0,0,0,1.0,1,1.0,1,1.0,1,0.1241382228551741,45
2596,9,10755,1871,8884,0,0,0,1.0,1,1.0,1,1.0,1,0.10949747655476416,46
2597,2,10757,1872,8885,0,0,0,1.0,1,1.0,1,1.0,1,0.14282901725769764,45
2598,5,10762,1873,8889,0,0,0,1.0,1,1.0,1,1.0,1,0.1332165803810578,45
2599,3,10765,1873,8892,0,0,0,1.0,1,1.0,1,1.0,1,0.12800352050884634,45
2600,3,10768,1874,8894,0,0,0,1.0,1,1.0,1,1.0,1,0.11310508851870342,48
2601,4,10772,1876,8896,0,0,0,1.0,1,1.0,1,1.0,1,0.11645967268126106,47
2602,1,10773,1876,8897,0,0,0,1.0,1,1.0,1,1.0,1,0.11741049588881071,48
2603,0,10773,1876,8897,0,0,0,1.0,1,1.0,1,1.0,1,0.11741049588881071,48
2604,0,10773,1876,8897,0,0,0,1.0,1,1.0,1,1.0,1,0.11627249069052649,47
2605,3,10776,1878,8898,0,0,0,1.0,1,1.0,1,1.0,1,0.15454076318122956,47
2606,0,10776,1878,8898,0,0,0,1.0,1,1.0,1,1.0,1,0.14801881662998237,46
2607,1,10777,1879,8898,0,0,0,1.0,1,1.0,1,1.0,1,0.19602996290663455,45
2608,3,10780,1880,8900,0,0,0,1.0,1,1.0,1,1.0,1,0.1256073109803804,45
2609,4,10784,1881,8903,0,0,0,1.0,1,1.0,1,1.0,1,0.1510756820015453,44
2610,3,10787,1882,8905,0,0,0,1.0,1,1.0,1,1.0,1,0.1279109939809787,45
2611,4,10791,1885,8906,0,0,0,1.0,1,1.0,1,1.0,1,0.1721264545767214,46
2612,2,10793,1886,8907,0,0,0,1.0,1,1.0,1,1.0,1,0.2115597202416817,47
2613,2,10795,1887,8908,0,0,0,1.0,1,1.0,1,1.0,1,0.22032131847099629,48
2614,12,10807,1890,8917,0,0,0,1.0,1,1.0,1,1.0,1,0.24950521944789608,48
2615,8,10815,1892,8923,0,0,0,1.0,1,1.0,1,1.0,1,0.2524914322284341,49
2616,6,10821,1893,8928,0,0,0,1.0,1,1.0,1,1.0,1,0.22200073127384337,49
2617,6,10827,1893,8934,0,0,0,1.0,1,1.0,1,1.0,1,0.2585476998769046,48
2618,5,10832,1893,8939,0,0,0,1.0,1,1.0,1,1.0,1,0.21048805124775066,47
2619,10,10842,1893,8949,0,0,0,1.0,1,1.0,1,1.0,1,0.1643585821907183,50
2620,10,10852,1894,8958,0,0,0,1.0,1,1.0,1,1.0,1,0.1769326657654897,51
2621,7,10859,1894,8965,0,0,0,1.0,1,1.0,1,1.0,1,0.09665372723634927,52
2622,2,10861,1895,8966,0,0,0,1.0,1,1.0,1,1.0,1,0.09708646368538158,52
2623,3,10864,1897,8967,0,0,0,1.0,1,1.0,1,1.0,1,0.09757304251464155,53
2624,2,10866,1898,8968,0,0,0,1.0,1,1.0,1,1.0,1,0.1060734089011576,51
2625,0,10866,1898,8968,0,0,0,1.0,1,1.0,1,1.0,1,0.10766121981876331,50
2626,1,10867,1899,8968,0,0,0,1.0,1,1.0,1,1.0,1,0.12374712372787071,49
2627,3,10870,1901,8969,0,0,0,1.0,1,1.0,1,1.0,1,0.11318250340964367,48
2628,6,10876,1904,8972,0,0,0,1.0,1,1.0,1,1.0,1,0.11998391306504302,48
2629,1,10877,1905,8972,0,0,0,1.0,1,1.0,1,1.0,1,0.1632813039449588,47
2630,2,10879,1906,8973,0,0,0,1.0,1,1.0,1,1.0,1,0.20075241579981293,47
2631,2,10881,1907,8974,0,0,0,1.0,1,1.0,1,1.0,1,0.2022991128623094,47
2632,1,10882,1907,8975,0,0,0,1.0,1,1.0,1,1.0,1,0.168296247672606,47
2633,5,10887,1908,8979,0,0,0,1.0,1,1.0,1,1.0,1,0.17389302483546895,44
2634,0,10887,1908,8979,0,0,0,1.0,1,1.0,1,1.0,1,0.17363926615554587,44
2635,3,10890,1910,8980,0,0,0,1.0,1,1.0,1,1.0,1,0.1729767041591475,45
2636,2,10892,1911,8981,0,0,0,1.0,1,1.0,1,1.0,1,0.17960782781421966,40
2637,2,10894,1913,8981,0,0,0,1.0,1,1.0,1,1.0,1,0.15304276100083386,41
2638,3,10897,1915,8982,0,0,0,1.0,1,1.0,1,1.0,1,0.20278146812097828,38
2639,0,10897,1915,8982,0,0,0,1.0,1,1.0,1,1.0,1,0.19724299855738087,39
2640,1,10898,1915,8983,0,0,0,1.0,1,1.0,1,1.0,1,0.1718411468797268,38
2641,4,10902,1917,8985,0,0,0,1.0,1,1.0,1,1.0,1,0.13799319872021026,37
2642,7,10909,1921,8988,0,0,0,1.0,1,1.0,1,1.0,1,0.19719108090182855,38
2643,3,10912,1921,8991,0,0,0,1.0,1,1.0,1,1.0,1,0.13446200416079346,37
2644,0,10912,1921,8991,0,0,0,1.0,1,1.0,1,1.0,1,0.12493938481524842,36
2645,4,10916,1922,8994,0,0,0,1.0,1,1.0,1,1.0,1,0.17443111137629042,35
2646,3,10919,1923,8996,0,0,0,1.0,1,1.0,1,1.0,1,0.15789013146924188,35
2647,5,10924,1926,8998,0,0,0,1.0,1,1.0,1,1.0,1,0.1854373548604816,35
2648,3,10927,1926,9001,0,0,0,1.0,1,1.0,1,1.0,1,0.1394988931118144,36
2649,1,10928,1926,9002,0,0,0,1.0,1,1.0,1,1.0,1,0.18111291033813604,37
2650,3,10931,1927,9004,0,0,0,1.0,1,1.0,1,1.0,1,0.18084805193663708,39
2651,1,10932,1927,9005,0,0,0,1.0,1,1.0,1,1.0,1,0.1499948344932835,39
2652,2,10934,1928,9006,0,0,0,1.0,1,1.0,1,1.0,1,0.1560325983455897,39
2653,1,10935,1928,9007,0,0,0,1.0,1,1.0,1,1.0,1,0.12968495588553516,39
2654,3,10938,1928,9010,0,0,0,1.0,1,1.0,1,1.0,1,0.1430473943232884,40
2655,2,10940,1928,9012,0,0,0,1.0,1,1.0,1,1.0,1,0.17685043497122824,40
2656,4,10944,1931,9013,0,0,0,1.0,1,1.0,1,1.0,1,0.2482373271824449,39
2657,5,10949,1931,9018,0,0,0,1.0,1,1.0,1,1.0,1,0.22791841154355225,40
2658,4,10953,1931,9022,0,0,0,1.0,1,1.0,1,1.0,1,0.23230326467414436,41
2659,6,10959,1931,9028,0,0,0,1.0,1,1.0,1,1.0,1,0.23230326467414436,41
2660,3,10962,1931,9031,0,0,0,1.0,1,1.0,1,1.0,1,0.24196923025510073,40
2661,6,10968,1931,9037,0,0,0,1.0,1,1.0,1,1.0,1,0.1628327046130834,40
2662,1,10969,1932,9037,0,0,0,1.0,1,1.0,1,1.0,1,0.11233136271399971,42
2663,3,10972,1932,9040,0,0,0,1.0,1,1.0,1,1.0,1,0.10118983803287647,41
2664,3,10975,1935,9040,0,0,0,1.0,1,1.0,1,1.0,1,0.1491305022455236,42
2665,4,10979,1936,9043,0,0,0,1.0,1,1.0,1,1.0,1,0.08129426105480128,43
2666,7,10986,1937,9049,0,0,0,1.0,1,1.0,1,1.0,1,0.12483180138050379,44
2667,4,10990,1939,9051,0,0,0,1.0,1,1.0,1,1.0,1,0.17183529764433036,42
2668,3,10993,1939,9054,0,0,0,1.0,1,1.0,1,1.0,1,0.22543260663838235,41
2669,6,10999,1940,9059,0,0,0,1.0,1,1.0,1,1.0,1,0.27100431335948116,42
2670,3,11002,1940,9062,0,0,0,1.0,1,1.0,1,1.0,1,0.29698586533495963,40
2671,5,11007,1941,9066,0,0,0,1.0,1,1.0,1,1.0,1,0.28051493848549264,39
2672,3,11010,1942,9068,0,0,0,1.0,1,1.0,1,1.0,1,0.3184767804639288,36
2673,8,11018,1944,9074,0,0,0,1.0,1,1.0,1,1.0,1,0.29747891596603365,35
2674,1,11019,1944,9075,0,0,0,1.0,1,1.0,1,1.0,1,0.31316854155324053,33
2675,3,11022,1944,9078,0,0,0,1.0,1,1.0,1,1.0,1,0.21517462102537918,34
2676,2,11024,1944,9080,0,0,0,1.0,1,1.0,1,1.0,1,0.2159429746666065,32
2677,3,11027,1946,9081,0,0,0,1.0,1,1.0,1,1.0,1,0.27325351861035463,33
2678,2,11029,1946,9083,0,0,0,1.0,1,1.0,1,1.0,1,0.23675861864641623,33
2679,2,11031,1946,9085,0,0,0,1.0,1,1.0,1,1.0,1,0.28692793344386014,32
2680,3,11034,1947,9087,0,0,0,1.0,1,1.0,1,1.0,1,0.25669798282350326,32
2681,3,11037,1947,9090,0,0,0,1.0,1,1.0,1,1.0,1,0.15897852490493444,32
2682,2,11039,1948,9091,0,0,0,1.0,1,1.0,1,1.0,1,0.1753454089236858,33
2683,3,11042,1949,9093,0,0,0,1.0,1,1.0,1,1.0,1,0.14940853436747004,32
2684,4,11046,1949,9097,0,0,0,1.0,1,1.0,1,1.0,1,0.18780747243886825,31
2685,6,11052,1949,9103,0,0,0,1.0,1,1.0,1,1.0,1,0.21087666755165557,31
2686,3,11055,1949,9106,0,0,0,1.0,1,1.0,1,1.0,1,0.24812130178054764,30
2687,3,11058,1950,9108,0,0,0,1.0,1,1.0,1,1.0,1,0.25246753417368073,30
2688,4,11062,1950,9112,0,0,0,1.0,1,1.0,1,1.0,1,0.25246753417368073,30
2689,4,11066,1952,9114,0,0,0,1.0,1,1.0,1,1.0,1,0.2338178651481886,31
2690,2,11068,1953,9115,0,0,0,1.0,1,1.0,1,1.0,1,0.23712147691309715,31
2691,4,11072,1955,9117,0,0,0,1.0,1,1.0,1,1.0,1,0.2783737133925382,32
2692,6,11078,1957,9121,0,0,0,1.0,1,1.0,1,1.0,1,0.3005105220117659,32
2693,7,11085,1959,9126,0,0,0,1.0,1,1.0,1,1.0,1,0.29615639010678213,33
2694,2,11087,1959,9128,0,0,0,1.0,1,1.0,1,1.0,1,0.3108444155441272,34
2695,7,11094,1960,9134,0,0,0,1.0,1,1.0,1,1.0,1,0.362101826031693,35
2696,10,11104,1960,9144,0,0,0,1.0,1,1.0,1,1.0,1,0.35483845292309635,35
2697,7,11111,1960,9151,0,0,0,1.0,1,1.0,1,1.0,1,0.33393701779724344,35
2698,8,11119,1960,9159,0,0,0,1.0,1,1.0,1,1.0,1,0.37464572181772604,36
2699,6,11125,1962,9163,0,0,0,1.0,1,1.0,1,1.0,1,0.2973000311893512,36
2700,4,11129,1962,9167,0,0,0,1.0,1,1.0,1,1.0,1,0.3277109669196747,37
2701,11,11140,1963,9177,0,0,0,1.0,1,1.0,1,1.0,1,0.218699806450906,37
2702,2,11142,1963,9179,0,0,0,1.0,1,1.0,1,1.0,1,0.18254919852918625,37
2703,1,11143,1963,9180,0,0,0,1.0,1,1.0,1,1.0,1,0.17582286064757652,38
2704,6,11149,1963,9186,0,0,0,1.0,1,1.0,1,1.0,1,0.23297574927244472,37
2705,6,11155,1963,9192,0,0,0,1.0,1,1.0,1,1.0,1,0.16849745544387343,36
2706,6,11161,1964,9197,0,0,0,1.0,1,1.0,1,1.0,1,0.14683158571602653,36
2707,3,11164,1964,9200,0,0,0,1.0,1,1.0,1,1.0,1,0.19550494159956663,35
2708,4,11168,1967,9201,0,0,0,1.0,1,1.0,1,1.0,1,0.22860989662598707,36
2709,0,11168,1967,9201,0,0,0,1.0,1,1.0,1,1.0,1,0.25523481635603423,32
2710,2,11170,1969,9201,0,0,0,1.0,1,1.0,1,1.0,1,0.30690325977183724,29
2711,3,11173,1971,9202,0,0,0,1.0,1,1.0,1,1.0,1,0.34123836636919613,29
2712,6,11179,1972,9207,0,0,0,1.0,1,1.0,1,1.0,1,0.32236680561791625,28
2713,1,11180,1972,9208,0,0,0,1.0,1,1.0,1,1.0,1,0.3012039109935075,28
2714,0,11180,1972,9208,0,0,0,1.0,1,1.0,1,1.0,1,0.3180983327095404,26
2715,1,11181,1973,9208,0,0,0,1.0,1,1.0,1,1.0,1,0.36863825910939,24
2716,5,11186,1974,9212,0,0,0,1.0,1,1.0,1,1.0,1,0.37427660101736354,24
2717,3,11189,1975,9214,0,0,0,1.0,1,1.0,1,1.0,1,0.3624842872855623,25
2718,2,11191,1975,9216,0,0,0,1.0,1,1.0,1,1.0,1,0.36281814247360866,25
2719,5,11196,1977,9219,0,0,0,1.0,1,1.0,1,1.0,1,0.44212093299222727,25
2720,4,11200,1979,9221,0,0,0,1.0,1,1.0,1,1.0,1,0.3762998025458371,25
2721,11,11211,1981,9230,0,0,0,1.0,1,1.0,1,1.0,1,0.1501940832756386,25
2722,5,11216,1982,9234,0,0,0,1.0,1,1.0,1,1.0,1,0.17357125389238034,26
2723,3,11219,1982,9237,0,0,0,1.0,1,1.0,1,1.0,1,0.19527660881534267,26
2724,4,11223,1983,9240,0,0,0,1.0,1,1.0,1,1.0,1,0.1452929763183333,27
2725,3,11226,1983,9243,0,0,0,1.0,1,1.0,1,1.0,1,0.14428648607774716,28
2726,2,11228,1984,9244,0,0,0,1.0,1,1.0,1,1.0,1,0.16373293346945178,28
2727,6,11234,1984,9250,0,0,0,1.0,1,1.0,1,1.0,1,0.19384021211867775,29
2728,5,11239,1985,9254,0,0,0,1.0,1,1.0,1,1.0,1,0.21818582612892284,29
2729,8,11247,1986,9261,0,0,0,1.0,1,1.0,1,1.0,1,0.2061277772274944,29
2730,4,11251,1986,9265,0,0,0,1.0,1,1.0,1,1.0,1,0.2150211301939935,29
2731,5,11256,1986,9270,0,0,0,1.0,1,1.0,1,1.0,1,0.20899260013822946,30
2732,9,11265,1986,9279,0,0,0,1.0,1,1.0,1,1.0,1,0.21261675844204458,29
2733,5,11270,1986,9284,0,0,0,1.0,1,1.0,1,1.0,1,0.2895157042856891,29
2734,8,11278,1986,9292,0,0,0,1.0,1,1.0,1,1.0,1,0.23540269748257314,29
2735,9,11287,1986,9301,0,0,0,1.0,1,1.0,1,1.0,1,0.2781557610491694,29
2736,7,11294,1987,9307,0,0,0,1.0,1,1.0,1,1.0,1,0.28212550716931484,30
2737,6,11300,1987,9313,0,0,0,1.0,1,1.0,1,1.0,1,0.33167465364211596,30
2738,10,11310,1989,9321,0,0,0,1.0,1,1.0,1,1.0,1,0.38998014415707294,30
2739,10,11320,1990,9330,0,0,0,1.0,1,1.0,1,1.0,1,0.3676997815864549,29
2740,12,11332,1992,9340,0,0,0,1.0,1,1.0,1,1.0,1,0.3536453723891893,29
2741,4,11336,1992,9344,0,0,0,1.0,1,1.0,1,1.0,1,0.2502723475862529,28
2742,2,11338,1992,9346,0,0,0,1.0,1,1.0,1,1.0,1,0.21606061303862778,28
2743,1,11339,1992,9347,0,0,0,1.0,1,1.0,1,1.0,1,0.2004799043547254,29
2744,2,11341,1993,9348,0,0,0,1.0,1,1.0,1,1.0,1,0.1737271949310535,27
2745,3,11344,1994,9350,0,0,0,1.0,1,1.0,1,1.0,1,0.21347529997901363,25
2746,4,11348,1996,9352,0,0,0,1.0,1,1.0,1,1.0,1,0.20107182489268496,25
2747,3,11351,1997,9354,0,0,0,1.0,1,1.0,1,1.0,1,0.22056605613164093,23
2748,3,11354,1998,9356,0,0,0,1.0,1,1.0,1,1.0,1,0.30937131948891633,22
2749,2,11356,1998,9358,0,0,0,1.0,1,1.0,1,1.0,1,0.3357289543935267,19
2750,2,11358,1999,9359,0,0,0,1.0,1,1.0,1,1.0,1,0.26656752593163235,18
2751,1,11359,1999,9360,0,0,0,1.0,1,1.0,1,1.0,1,0.3307553947963679,16
2752,1,11360,1999,9361,0,0,0,1.0,1,1.0,1,1.0,1,0.3268541033341068,15
2753,1,11361,1999,9362,0,0,0,1.0,1,1.0,1,1.0,1,0.3211935257341243,15
2754,2,11363,1999,9364,0,0,0,1.0,1,1.0,1,1.0,1,0.3211935257341243,15
2755,1,11364,1999,9365,0,0,0,1.0,1,1.0,1,1.0,1,0.3268541033341068,15
2756,1,11365,1999,9366,0,0,0,1.0,1,1.0,1,1.0,1,0.2982535209493858,16
2757,2,11367,1999,9368,0,0,0,1.0,1,1.0,1,1.0,1,0.3196381075406731,17
2758,3,11370,1999,9371,0,0,0,1.0,1,1.0,1,1.0,1,0.3412956249944676,17
2759,2,11372,1999,9373,0,0,0,1.0,1,1.0,1,1.0,1,0.27875859319025414,18
2760,2,11374,1999,9375,0,0,0,1.0,1,1.0,1,1.0,1,0.3054778683921471,18
2761,2,11376,1999,9377,0,0,0,1.0,1,1.0,1,1.0,1,0.20305689945550223,18
2762,2,11378,2000,9378,0,0,0,1.0,1,1.0,1,1.0,1,0.1946990753492018,18
2763,1,11379,2000,9379,0,0,0,1.0,1,1.0,1,1.0,1,0.20411540098568734,17
2764,2,11381,2002,9379,0,0,0,1.0,1,1.0,1,1.0,1,0.3028729244819219,17
2765,1,11382,2002,9380,0,0,0,1.0,1,1.0,1,1.0,1,0.2980668095413214,18
2766,2,11384,2002,9382,0,0,0,1.0,1,1.0,1,1.0,1,0.2980668095413214,18
2767,2,11386,2002,9384,0,0,0,1.0,1,1.0,1,1.0,1,0.2980668095413214,18
2768,1,11387,2002,9385,0,0,0,1.0,1,1.0,1,1.0,1,0.3248307598599931,18
2769,2,11389,2003,9386,0,0,0,1.0,1,1.0,1,1.0,1,0.3240758373246803,18
2770,3,11392,2004,9388,0,0,0,1.0,1,1.0,1,1.0,1,0.3789202559959402,18
2771,2,11394,2004,9390,0,0,0,1.0,1,1.0,1,1.0,1,0.38259969322880477,18
2772,2,11396,2004,9392,0,0,0,1.0,1,1.0,1,1.0,1,0.3022924698472979,18
2773,1,11397,2004,9393,0,0,0,1.0,1,1.0,1,1.0,1,0.33595098937752615,18
2774,1,11398,2004,9394,0,0,0,1.0,1,1.0,1,1.0,1,0.3531120854209111,20
2775,0,11398,2004,9394,0,0,0,1.0,1,1.0,1,1.0,1,0.30458799433571276,21
2776,1,11399,2005,9394,0,0,0,1.0,1,1.0,1,1.0,1,0.304989570766592,21
2777,3,11402,2005,9397,0,0,0,1.0,1,1.0,1,1.0,1,0.31267392302236957,22
2778,0,11402,2005,9397,0,0,0,1.0,1,1.0,1,1.0,1,0.31014158710591744,24
2779,4,11406,2006,9400,0,0,0,1.0,1,1.0,1,1.0,1,0.36151938524362326,24
2780,7,11413,2006,9407,0,0,0,1.0,1,1.0,1,1.0,1,0.38468713552097245,24
2781,5,11418,2006,9412,0,0,0,1.0,1,1.0,1,1.0,1,0.18363641690621615,24
2782,2,11420,2006,9414,0,0,0,1.0,1,1.0,1,1.0,1,0.13858233532573971,24
2783,1,11421,2007,9414,0,0,0,1.0,1,1.0,1,1.0,1,0.1487725923928618,24
2784,0,11421,2007,9414,0,0,0,1.0,1,1.0,1,1.0,1,0.14422005167703855,24
2785,0,11421,2007,9414,0,0,0,1.0,1,1.0,1,1.0,1,0.18190712416571758,22
2786,2,11423,2009,9414,0,0,0,1.0,1,1.0,1,1.0,1,0.2060219575395814,22
2787,1,11424,2009,9415,0,0,0,1.0,1,1.0,1,1.0,1,0.19432249159390355,21
2788,0,11424,2009,9415,0,0,0,1.0,1,1.0,1,1.0,1,0.24247246113959722,20
2789,1,11425,2010,9415,0,0,0,1.0,1,1.0,1,1.0,1,0.28826595692617873,20
2790,0,11425,2010,9415,0,0,0,1.0,1,1.0,1,1.0,1,0.31808102094718926,21
2791,1,11426,2011,9415,0,0,0,1.0,1,1.0,1,1.0,1,0.3282107405484141,21
2792,0,11426,2011,9415,0,0,0,1.0,1,1.0,1,1.0,1,0.3282107405484141,21
2793,0,11426,2011,9415,0,0,0,1.0,1,1.0,1,1.0,1,0.3847579601056981,18
2794,0,11426,2011,9415,0,0,0,1.0,1,1.0,1,1.0,1,0.3847579601056981,18
2795,0,11426,2011,9415,0,0,0,1.0,1,1.0,1,1.0,1,0.3642699926646153,20
2796,0,11426,2011,9415,0,0,0,1.0,1,1.0,1,1.0,1,0.34218607061059225,21
2797,1,11427,2011,9416,0,0,0,1.0,1,1.0,1,1.0,1,0.3099580663419027,21
2798,0,11427,2011,9416,0,0,0,1.0,1,1.0,1,1.0,1,0.3099580663419027,21
2799,2,11429,2011,9418,0,0,0,1.0,1,1.0,1,1.0,1,0.27716639641468366,22
2800,0,11429,2011,9418,0,0,0,1.0,1,1.0,1,1.0,1,0.27716639641468366,22
2801,2,11431,2012,9419,0,0,0,1.0,1,1.0,1,1.0,1,0.26506755319039554,22
2802,0,11431,2012,9419,0,0,0,1.0,1,1.0,1,1.0,1,0.26506755319039554,22
2803,0,11431,2012,9419,0,0,0,1.0,1,1.0,1,1.0,1,0.26506755319039554,22
2804,0,11431,2012,9419,0,0,0,1.0,1,1.0,1,1.0,1,0.26030250530513477,23
2805,0,11431,2012,9419,0,0,0,1.0,1,1.0,1,1.0,1,0.26030250530513477,23
2806,0,11431,2012,9419,0,0,0,1.0,1,1.0,1,1.0,1,0.26030250530513477,23
2807,1,11432,2012,9420,0,0,0,1.0,1,1.0,1,1.0,1,0.2545545976897162,24
2808,0,11432,2012,9420,0,0,0,1.0,1,1.0,1,1.0,1,0.2545545976897162,24
2809,1,11433,2013,9420,0,0,0,1.0,1,1.0,1,1.0,1,0.3090725703677268,25
2810,1,11434,2013,9421,0,0,0,1.0,1,1.0,1,1.0,1,0.25393912085463205,24
2811,1,11435,2013,9422,0,0,0,1.0,1,1.0,1,1.0,1,0.21874784463699484,26
2812,1,11436,2013,9423,0,0,0,1.0,1,1.0,1,1.0,1,0.18330596751179654,26
2813,0,11436,2013,9423,0,0,0,1.0,1,1.0,1,1.0,1,0.20186715252381876,27
2814,7,11443,2015,9428,0,0,0,1.0,1,1.0,1,1.0,1,0.1585107510563049,29
2815,1,11444,2015,9429,0,0,0,1.0,1,1.0,1,1.0,1,0.17261845090710978,29
2816,3,11447,2015,9432,0,0,0,1.0,1,1.0,1,1.0,1,0.21087018534837781,29
2817,3,11450,2015,9435,0,0,0,1.0,1,1.0,1,1.0,1,0.21014351387404662,29
2818,1,11451,2015,9436,0,0,0,1.0,1,1.0,1,1.0,1,0.2827224773758936,29
2819,5,11456,2015,9441,0,0,0,1.0,1,1.0,1,1.0,1,0.2994614108394929,30
2820,8,11464,2015,9449,0,0,0,1.0,1,1.0,1,1.0,1,0.33184724585333225,30
2821,4,11468,2016,9452,0,0,0,1.0,1,1.0,1,1.0,1,0.2292050578021506,31
2822,2,11470,2017,9453,0,0,0,1.0,1,1.0,1,1.0,1,0.24381484820576244,30
2823,1,11471,2018,9453,0,0,0,1.0,1,1.0,1,1.0,1,0.26503569823517953,27
2824,3,11474,2018,9456,0,0,0,1.0,1,1.0,1,1.0,1,0.21342596123366894,28
2825,3,11477,2020,9457,0,0,0,1.0,1,1.0,1,1.0,1,0.23548077930730485,28
2826,2,11479,2021,9458,0,0,0,1.0,1,1.0,1,1.0,1,0.21259960440481213,27
2827,1,11480,2022,9458,0,0,0,1.0,1,1.0,1,1.0,1,0.1934312660011839,28
2828,0,11480,2022,9458,0,0,0,1.0,1,1.0,1,1.0,1,0.2348599281200273,28
2829,1,11481,2022,9459,0,0,0,1.0,1,1.0,1,1.0,1,0.21122418505993684,27
2830,0,11481,2022,9459,0,0,0,1.0,1,1.0,1,1.0,1,0.21122418505993684,27
2831,4,11485,2024,9461,0,0,0,1.0,1,1.0,1,1.0,1,0.24731528454659757,27
2832,4,11489,2024,9465,0,0,0,1.0,1,1.0,1,1.0,1,0.1655988814750147,27
2833,3,11492,2025,9467,0,0,0,1.0,1,1.0,1,1.0,1,0.10587815959126702,26
2834,1,11493,2026,9467,0,0,0,1.0,1,1.0,1,1.0,1,0.1233696512101515,26
2835,0,11493,2026,9467,0,0,0,1.0,1,1.0,1,1.0,1,0.14385839442949555,25
2836,2,11495,2027,9468,0,0,0,1.0,1,1.0,1,1.0,1,0.13311766904669525,27
2837,1,11496,2028,9468,0,0,0,1.0,1,1.0,1,1.0,1,0.17270735440346616,27
2838,0,11496,2028,9468,0,0,0,1.0,1,1.0,1,1.0,1,0.17270735440346616,27
2839,0,11496,2028,9468,0,0,0,1.0,1,1.0,1,1.0,1,0.16922052910178415,29
2840,2,11498,2029,9469,0,0,0,1.0,1,1.0,1,1.0,1,0.1707351015023222,29
2841,1,11499,2029,9470,0,0,0,1.0,1,1.0,1,1.0,1,0.15297761294299375,31
2842,1,11500,2029,9471,0,0,0,1.0,1,1.0,1,1.0,1,0.12379418165967063,31
2843,0,11500,2029,9471,0,0,0,1.0,1,1.0,1,1.0,1,0.12551127239233045,32
2844,5,11505,2032,9473,0,0,0,1.0,1,1.0,1,1.0,1,0.25170607399778494,33
2845,3,11508,2032,9476,0,0,0,1.0,1,1.0,1,1.0,1,0.23956163469243189,32
2846,4,11512,2033,9479,0,0,0,1.0,1,1.0,1,1.0,1,0.2676060631427765,33
2847,4,11516,2033,9483,0,0,0,1.0,1,1.0,1,1.0,1,0.3447134980069484,32
2848,6,11522,2034,9488,0,0,0,1.0,1,1.0,1,1.0,1,0.3126062451436852,33
2849,5,11527,2034,9493,0,0,0,1.0,1,1.0,1,1.0,1,0.34651311350249514,34
2850,3,11530,2034,9496,0,0,0,1.0,1,1.0,1,1.0,1,0.2894548475431575,34
2851,4,11534,2034,9500,0,0,0,1.0,1,1.0,1,1.0,1,0.28856392033038075,34
2852,5,11539,2034,9505,0,0,0,1.0,1,1.0,1,1.0,1,0.32395393917253973,35
2853,6,11545,2035,9510,0,0,0,1.0,1,1.0,1,1.0,1,0.3309859916780593,36
2854,5,11550,2035,9515,0,0,0,1.0,1,1.0,1,1.0,1,0.3593458524305664,37
2855,9,11559,2036,9523,0,0,0,1.0,1,1.0,1,1.0,1,0.34218375321104605,38
2856,11,11570,2036,9534,0,0,0,1.0,1,1.0,1,1.0,1,0.32223568920847706,38
2857,5,11575,2036,9539,0,0,0,1.0,1,1.0,1,1.0,1,0.2944922447527271,39
2858,9,11584,2036,9548,0,0,0,1.0,1,1.0,1,1.0,1,0.31735716169657485,40
2859,9,11593,2036,9557,0,0,0,1.0,1,1.0,1,1.0,1,0.3035750694850513,40
2860,9,11602,2036,9566,0,0,0,1.0,1,1.0,1,1.0,1,0.28248157057629025,40
2861,5,11607,2036,9571,0,0,0,1.0,1,1.0,1,1.0,1,0.14142639468820437,38
2862,3,11610,2037,9573,0,0,0,1.0,1,1.0,1,1.0,1,0.16707068836391067,38
2863,2,11612,2037,9575,0,0,0,1.0,1,1.0,1,1.0,1,0.18494188427453556,38
2864,3,11615,2040,9575,0,0,0,1.0,1,1.0,1,1.0,1,0.21470474906856554,36
2865,3,11618,2042,9576,0,0,0,1.0,1,1.0,1,1.0,1,0.19859732161655844,34
2866,1,11619,2042,9577,0,0,0,1.0,1,1.0,1,1.0,1,0.2081979897151659,31
2867,2,11621,2044,9577,0,0,0,1.0,1,1.0,1,1.0,1,0.17546514036667635,30
2868,2,11623,2046,9577,0,0,0,1.0,1,1.0,1,1.0,1,0.15207682094364472,27
2869,1,11624,2047,9577,0,0,0,1.0,1,1.0,1,1.0,1,0.17480121701382353,27
2870,3,11627,2050,9577,0,0,0,1.0,1,1.0,1,1.0,1,0.1431600804551783,25
2871,3,11630,2051,9579,0,0,0,1.0,1,1.0,1,1.0,1,0.2116422611928251,25
2872,2,11632,2052,9580,0,0,0,1.0,1,1.0,1,1.0,1,0.21675336683597202,23
2873,2,11634,2054,9580,0,0,0,1.0,1,1.0,1,1.0,1,0.21685352525653406,24
2874,1,11635,2055,9580,0,0,0,1.0,1,1.0,1,1.0,1,0.2666196050994578,24
2875,1,11636,2055,9581,0,0,0,1.0,1,1.0,1,1.0,1,0.3126018593528813,23
2876,0,11636,2055,9581,0,0,0,1.0,1,1.0,1,1.0,1,0.2821838789715038,24
2877,1,11637,2056,9581,0,0,0,1.0,1,1.0,1,1.0,1,0.3183261500886311,24
2878,1,11638,2056,9582,0,0,0,1.0,1,1.0,1,1.0,1,0.30114159596186985,24
2879,4,11642,2058,9584,0,0,0,1.0,1,1.0,1,1.0,1,0.33078656488255703,25
2880,0,11642,2058,9584,0,0,0,1.0,1,1.0,1,1.0,1,0.32344963736555477,26
2881,4,11646,2058,9588,0,0,0,1.0,1,1.0,1,1.0,1,0.2435876264245315,26
2882,0,11646,2058,9588,0,0,0,1.0,1,1.0,1,1.0,1,0.21941214774089662,27
2883,1,11647,2058,9589,0,0,0,1.0,1,1.0,1,1.0,1,0.19558701684441013,28
2884,2,11649,2058,9591,0,0,0,1.0,1,1.0,1,1.0,1,0.18494109660474886,29
2885,0,11649,2058,9591,0,0,0,1.0,1,1.0,1,1.0,1,0.1836558436691137,31
2886,3,11652,2060,9592,0,0,0,1.0,1,1.0,1,1.0,1,0.25988616117438756,31
2887,2,11654,2060,9594,0,0,0,1.0,1,1.0,1,1.0,1,0.21580134408349233,33
2888,4,11658,2060,9598,0,0,0,1.0,1,1.0,1,1.0,1,0.18621364448200498,34
2889,3,11661,2060,9601,0,0,0,1.0,1,1.0,1,1.0,1,0.1635760059414656,35
2890,1,11662,2061,9601,0,0,0,1.0,1,1.0,1,1.0,1,0.17048535447841545,35
2891,0,11662,2061,9601,0,0,0,1.0,1,1.0,1,1.0,1,0.17048535447841545,35
2892,1,11663,2062,9601,0,0,0,1.0,1,1.0,1,1.0,1,0.187626023827599,35
2893,0,11663,2062,9601,0,0,0,1.0,1,1.0,1,1.0,1,0.20112797228287646,37
2894,0,11663,2062,9601,0,0,0,1.0,1,1.0,1,1.0,1,0.20112797228287646,37
2895,4,11667,2063,9604,0,0,0,1.0,1,1.0,1,1.0,1,0.2339590634942343,37
2896,1,11668,2063,9605,0,0,0,1.0,1,1.0,1,1.0,1,0.24353279477212283,38
2897,0,11668,2063,9605,0,0,0,1.0,1,1.0,1,1.0,1,0.28083969553952615,37
2898,7,11675,2064,9611,0,0,0,1.0,1,1.0,1,1.0,1,0.28583968547333977,38
2899,2,11677,2064,9613,0,0,0,1.0,1,1.0,1,1.0,1,0.26972691410977384,37
2900,0,11677,2064,9613,0,0,0,1.0,1,1.0,1,1.0,1,0.2638379453545016,36
2901,5,11682,2065,9617,0,0,0,1.0,1,1.0,1,1.0,1,0.2141442882596638,37
2902,3,11685,2066,9619,0,0,0,1.0,1,1.0,1,1.0,1,0.16295889295191895,35
2903,1,11686,2066,9620,0,0,0,1.0,1,1.0,1,1.0,1,0.17272248253576833,35
2904,0,11686,2066,9620,0,0,0,1.0,1,1.0,1,1.0,1,0.16556646522955168,33
2905,1,11687,2066,9621,0,0,0,1.0,1,1.0,1,1.0,1,0.1371731601159979,34
2906,2,11689,2068,9621,0,0,0,1.0,1,1.0,1,1.0,1,0.201826389944121,34
2907,2,11691,2068,9623,0,0,0,1.0,1,1.0,1,1.0,1,0.17022535148389412,35
2908,1,11692,2068,9624,0,0,0,1.0,1,1.0,1,1.0,1,0.18389297832053872,36
2909,1,11693,2068,9625,0,0,0,1.0,1,1.0,1,1.0,1,0.1477242535062835,38
2910,0,11693,2068,9625,0,0,0,1.0,1,1.0,1,1.0,1,0.1477242535062835,38
2911,1,11694,2069,9625,0,0,0,1.0,1,1.0,1,1.0,1,0.16969042593164965,37
2912,0,11694,2069,9625,0,0,0,1.0,1,1.0,1,1.0,1,0.16969042593164965,37
2913,1,11695,2069,9626,0,0,0,1.0,1,1.0,1,1.0,1,0.18031001408509104,38
2914,0,11695,2069,9626,0,0,0,1.0,1,1.0,1,1.0,1,0.18031001408509104,38
2915,2,11697,2069,9628,0,0,0,1.0,1,1.0,1,1.0,1,0.13981846571662113,39
2916,5,11702,2070,9632,0,0,0,1.0,1,1.0,1,1.0,1,0.1960809893165789,40
2917,2,11704,2070,9634,0,0,0,1.0,1,1.0,1,1.0,1,0.19144261389027592,41
2918,1,11705,2070,9635,0,0,0,1.0,1,1.0,1,1.0,1,0.19285299620356716,41
2919,1,11706,2070,9636,0,0,0,1.0,1,1.0,1,1.0,1,0.21032025495389972,41
2920,4,11710,2070,9640,0,0,0,1.0,1,1.0,1,1.0,1,0.19995728995458273,43
2921,4,11714,2070,9644,0,0,0,1.0,1,1.0,1,1.0,1,0.15683330363865966,42
2922,1,11715,2071,9644,0,0,0,1.0,1,1.0,1,1.0,1,0.14385003938630694,43
2923,0,11715,2071,9644,0,0,0,1.0,1,1.0,1,1.0,1,0.14527083179409397,44
2924,3,11718,2071,9647,0,0,0,1.0,1,1.0,1,1.0,1,0.1248756053568899,45
2925,1,11719,2071,9648,0,0,0,1.0,1,1.0,1,1.0,1,0.14949930246367202,45
2926,3,11722,2072,9650,0,0,0,1.0,1,1.0,1,1.0,1,0.14862194619700864,47
2927,2,11724,2072,9652,0,0,0,1.0,1,1.0,1,1.0,1,0.14862194619700864,47
2928,2,11726,2073,9653,0,0,0,1.0,1,1.0,1,1.0,1,0.13924624083576267,48
2929,5,11731,2075,9656,0,0,0,1.0,1,1.0,1,1.0,1,0.15005954180653372,48
2930,2,11733,2075,9658,0,0,0,1.0,1,1.0,1,1.0,1,0.18342918667424882,50
2931,3,11736,2075,9661,0,0,0,1.0,1,1.0,1,1.0,1,0.17116881941885861,51
2932,3,11739,2075,9664,0,0,0,1.0,1,1.0,1,1.0,1,0.18292665010682577,51
2933,5,11744,2076,9668,0,0,0,1.0,1,1.0,1,1.0,1,0.19206188611571193,52
2934,2,11746,2076,9670,0,0,0,1.0,1,1.0,1,1.0,1,0.1886259625380051,52
2935,3,11749,2077,9672,0,0,0,1.0,1,1.0,1,1.0,1,0.19273466405150527,51
2936,2,11751,2077,9674,0,0,0,1.0,1,1.0,1,1.0,1,0.19423225596491664,49
2937,2,11753,2077,9676,0,0,0,1.0,1,1.0,1,1.0,1,0.20904800632504647,50
2938,3,11756,2077,9679,0,0,0,1.0,1,1.0,1,1.0,1,0.1739674820728435,50
2939,2,11758,2077,9681,0,0,0,1.0,1,1.0,1,1.0,1,0.17358096967607145,51
2940,3,11761,2078,9683,0,0,0,1.0,1,1.0,1,1.0,1,0.19985722374762194,52
2941,12,11773,2079,9694,0,0,0,1.0,1,1.0,1,1.0,1,0.10122706721421283,53
2942,6,11779,2081,9698,0,0,0,1.0,1,1.0,1,1.0,1,0.07984588941375319,52
2943,0,11779,2081,9698,0,0,0,1.0,1,1.0,1,1.0,1,0.0696588037267556,51
2944,2,11781,2082,9699,0,0,0,1.0,1,1.0,1,1.0,1,0.0546339124733781,52
2945,2,11783,2083,9700,0,0,0,1.0,1,1.0,1,1.0,1,0.06925176731211602,50
2946,5,11788,2085,9703,0,0,0,1.0,1,1.0,1,1.0,1,0.14429038045134865,51
2947,7,11795,2087,9708,0,0,0,1.0,1,1.0,1,1.0,1,0.11784562872322912,50
2948,5,11800,2089,9711,0,0,0,1.0,1,1.0,1,1.0,1,0.12902489146070745,50
2949,0,11800,2089,9711,0,0,0,1.0,1,1.0,1,1.0,1,0.1445032703157444,49
2950,0,11800,2089,9711,0,0,0,1.0,1,1.0,1,1.0,1,0.15140856584912185,48
2951,3,11803,2090,9713,0,0,0,1.0,1,1.0,1,1.0,1,0.1693848109513099,48
2952,1,11804,2090,9714,0,0,0,1.0,1,1.0,1,1.0,1,0.19680556201894156,46
2953,3,11807,2091,9716,0,0,0,1.0,1,1.0,1,1.0,1,0.19233041090412278,46
2954,3,11810,2092,9718,0,0,0,1.0,1,1.0,1,1.0,1,0.18840901266785054,48
2955,4,11814,2092,9722,0,0,0,1.0,1,1.0,1,1.0,1,0.16133284275184648,48
2956,4,11818,2093,9725,0,0,0,1.0,1,1.0,1,1.0,1,0.189361767956882,47
2957,4,11822,2093,9729,0,0,0,1.0,1,1.0,1,1.0,1,0.20035123435967664,48
2958,4,11826,2094,9732,0,0,0,1.0,1,1.0,1,1.0,1,0.1303941260241105,49
2959,4,11830,2096,9734,0,0,0,1.0,1,1.0,1,1.0,1,0.15632328133198062,49
2960,6,11836,2097,9739,0,0,0,1.0,1,1.0,1,1.0,1,0.14467209632847675,49
2961,8,11844,2099,9745,0,0,0,1.0,1,1.0,1,1.0,1,0.08633144513476694,51
2962,1,11845,2099,9746,0,0,0,1.0,1,1.0,1,1.0,1,0.0949238611959446,51
2963,0,11845,2099,9746,0,0,0,1.0,1,1.0,1,1.0,1,0.0949238611959446,51
2964,0,11845,2099,9746,0,0,0,1.0,1,1.0,1,1.0,1,0.09633760214824935,52
2965,2,11847,2099,9748,0,0,0,1.0,1,1.0,1,1.0,1,0.10865625175258083,53
2966,1,11848,2100,9748,0,0,0,1.0,1,1.0,1,1.0,1,0.09898458326775177,53
2967,0,11848,2100,9748,0,0,0,1.0,1,1.0,1,1.0,1,0.11510674800057459,53
2968,0,11848,2100,9748,0,0,0,1.0,1,1.0,1,1.0,1,0.11544445809633325,54
2969,3,11851,2101,9750,0,0,0,1.0,1,1.0,1,1.0,1,0.14187376204029686,55
2970,4,11855,2101,9754,0,0,0,1.0,1,1.0,1,1.0,1,0.14107124092114393,55
2971,3,11858,2102,9756,0,0,0,1.0,1,1.0,1,1.0,1,0.12048829919814538,55
2972,1,11859,2102,9757,0,0,0,1.0,1,1.0,1,1.0,1,0.11688961476616737,55
2973,4,11863,2102,9761,0,0,0,1.0,1,1.0,1,1.0,1,0.1264218327073888,55
2974,6,11869,2102,9767,0,0,0,1.0,1,1.0,1,1.0,1,0.11965837669319652,56
2975,4,11873,2102,9771,0,0,0,1.0,1,1.0,1,1.0,1,0.12196569874017547,55
2976,6,11879,2102,9777,0,0,0,1.0,1,1.0,1,1.0,1,0.11206117628151238,57
2977,5,11884,2102,9782,0,0,0,1.0,1,1.0,1,1.0,1,0.14236108856776455,59
2978,9,11893,2103,9790,0,0,0,1.0,1,1.0,1,1.0,1,0.16327454201082303,59
2979,9,11902,2103,9799,0,0,0,1.0,1,1.0,1,1.0,1,0.15526993058744515,59
2980,12,11914,2104,9810,0,0,0,1.0,1,1.0,1,1.0,1,0.15722213854677622,59
2981,6,11920,2104,9816,0,0,0,1.0,1,1.0,1,1.0,1,0.07853112172460369,59
2982,4,11924,2105,9819,0,0,0,1.0,1,1.0,1,1.0,1,0.11394338927200899,61
2983,4,11928,2107,9821,0,0,0,1.0,1,1.0,1,1.0,1,0.07226563154383431,61
2984,3,11931,2108,9823,0,0,0,1.0,1,1.0,1,1.0,1,0.09494294894471611,61
2985,4,11935,2111,9824,0,0,0,1.0,1,1.0,1,1.0,1,0.10290115092918767,57
2986,7,11942,2113,9829,0,0,0,1.0,1,1.0,1,1.0,1,0.14169938905672172,58
2987,8,11950,2117,9833,0,0,0,1.0,1,1.0,1,1.0,1,0.18238356669947797,56
2988,3,11953,2117,9836,0,0,0,1.0,1,1.0,1,1.0,1,0.18134066593149256,55
2989,5,11958,2119,9839,0,0,0,1.0,1,1.0,1,1.0,1,0.2126532716408951,53
2990,5,11963,2120,9843,0,0,0,1.0,1,1.0,1,1.0,1,0.27558681319216977,52
2991,7,11970,2121,9849,0,0,0,1.0,1,1.0,1,1.0,1,0.21647539219667378,54
2992,3,11973,2122,9851,0,0,0,1.0,1,1.0,1,1.0,1,0.2246638884016644,55
2993,5,11978,2124,9854,0,0,0,1.0,1,1.0,1,1.0,1,0.2548500827204554,53
2994,6,11984,2125,9859,0,0,0,1.0,1,1.0,1,1.0,1,0.24722133452503167,53
2995,3,11987,2125,9862,0,0,0,1.0,1,1.0,1,1.0,1,0.27424778656501725,51
2996,3,11990,2125,9865,0,0,0,1.0,1,1.0,1,1.0,1,0.2667884879039831,52
2997,6,11996,2127,9869,0,0,0,1.0,1,1.0,1,1.0,1,0.30197345049412927,50
2998,4,12000,2128,9872,0,0,0,1.0,1,1.0,1,1.0,1,0.27431322678267767,51
2999,2,12002,2128,9874,0,0,0,1.0,1,1.0,1,1.0,1,0.30410004418653347,48
3000,2,12004,2128,9876,0,0,0,1.0,1,1.0,1,1.0,1,0.2972608578360209,48
3001,14,12018,2128,9890,0,0,0,1.0,1,1.0,1,1.0,1,0.16815913940077648,49
3002,14,12032,2129,9903,0,0,0,1.0,1,1.0,1,1.0,1,0.17115895298256467,50
3003,10,12042,2129,9913,0,0,0,1.0,1,1.0,1,1.0,1,0.12617607460911898,50
3004,16,12058,2129,9929,0,0,0,1.0,1,1.0,1,1.0,1,0.12267188127540152,51
3005,12,12070,2129,9941,0,0,0,1.0,1,1.0,1,1.0,1,0.17279744086361967,50
3006,12,12082,2129,9953,0,0,0,1.0,1,1.0,1,1.0,1,0.22041629132492338,51
3007,9,12091,2129,9962,0,0,0,1.0,1,1.0,1,1.0,1,0.17323282541361404,51
3008,17,12108,2130,9978,0,0,0,1.0,1,1.0,1,1.0,1,0.21539021139786624,53
3009,9,12117,2130,9987,0,0,0,1.0,1,1.0,1,1.0,1,0.20372190130633333,52
3010,7,12124,2130,9994,0,0,0,1.0,1,1.0,1,1.0,1,0.1902673433390048,52
3011,5,12129,2130,9999,0,0,0,1.0,1,1.0,1,1.0,1,0.22462212816121474,51
3012,5,12134,2131,10003,0,0,0,1.0,1,1.0,1,1.0,1,0.20709777563923729,54
3013,6,12140,2131,10009,0,0,0,1.0,1,1.0,1,1.0,1,0.20694883054250213,52
3014,11,12151,2132,10019,0,0,0,1.0,1,1.0,1,1.0,1,0.20239790634084892,51
3015,11,12162,2134,10028,0,0,0,1.0,1,1.0,1,1.0,1,0.23977040013594592,50
3016,14,12176,2137,10039,0,0,0,1.0,1,1.0,1,1.0,1,0.22586657329115017,50
3017,14,12190,2139,10051,0,0,0,1.0,1,1.0,1,1.0,1,0.24899389932168106,48
3018,9,12199,2140,10059,0,0,0,1.0,1,1.0,1,1.0,1,0.21995953256480089,48
3019,10,12209,2140,10069,0,0,0,1.0,1,1.0,1,1.0,1,0.19493466009765667,47
3020,9,12218,2141,10077,0,0,0,1.0,1,1.0,1,1.0,1,0.20514929409669633,47
3021,8,12226,2143,10083,0,0,0,1.0,1,1.0,1,1.0,1,0.13599823236399228,46
3022,5,12231,2146,10085,0,0,0,1.0,1,1.0,1,1.0,1,0.14028090071208335,45
3023,1,12232,2146,10086,0,0,0,1.0,1,1.0,1,1.0,1,0.136856484242859,41
3024,3,12235,2148,10087,0,0,0,1.0,1,1.0,1,1.0,1,0.1512328454464716,43
3025,2,12237,2149,10088,0,0,0,1.0,1,1.0,1,1.0,1,0.19124482360627976,39
3026,7,12244,2151,10093,0,0,0,1.0,1,1.0,1,1.0,1,0.35284457723067136,38
3027,5,12249,2152,10097,0,0,0,1.0,1,1.0,1,1.0,1,0.26714162734691405,38
3028,5,12254,2153,10101,0,0,0,1.0,1,1.0,1,1.0,1,0.3073595412146289,38
3029,2,12256,2153,10103,0,0,0,1.0,1,1.0,1,1.0,1,0.31580314855848735,37
3030,4,12260,2154,10106,0,0,0,1.0,1,1.0,1,1.0,1,0.34270386659482527,38
3031,5,12265,2155,10110,0,0,0,1.0,1,1.0,1,1.0,1,0.33408935033690174,39
3032,3,12268,2156,10112,0,0,0,1.0,1,1.0,1,1.0,1,0.3495032363122151,39
3033,3,12271,2156,10115,0,0,0,1.0,1,1.0,1,1.0,1,0.3734931011407421,39
3034,1,12272,2156,10116,0,0,0,1.0,1,1.0,1,1.0,1,0.3444625729089176,38
3035,1,12273,2156,10117,0,0,0,1.0,1,1.0,1,1.0,1,0.3476000821829256,39
3036,3,12276,2156,10120,0,0,0,1.0,1,1.0,1,1.0,1,0.33499828092143996,39
3037,2,12278,2156,10122,0,0,0,1.0,1,1.0,1,1.0,1,0.32352978921946557,39
3038,6,12284,2157,10127,0,0,0,1.0,1,1.0,1,1.0,1,0.3031114044570693,40
3039,4,12288,2157,10131,0,0,0,1.0,1,1.0,1,1.0,1,0.2688368091544585,41
3040,6,12294,2157,10137,0,0,0,1.0,1,1.0,1,1.0,1,0.19642398516562617,42
3041,6,12300,2157,10143,0,0,0,1.0,1,1.0,1,1.0,1,0.14253476284259897,43
3042,6,12306,2159,10147,0,0,0,1.0,1,1.0,1,1.0,1,0.18134240885049613,45
3043,5,12311,2161,10150,0,0,0,1.0,1,1.0,1,1.0,1,0.1453688825639294,45
3044,6,12317,2162,10155,0,0,0,1.0,1,1.0,1,1.0,1,0.16006060798050056,45
3045,5,12322,2163,10159,0,0,0,1.0,1,1.0,1,1.0,1,0.2275965313797507,45
3046,3,12325,2163,10162,0,0,0,1.0,1,1.0,1,1.0,1,0.1806235532127289,46
3047,5,12330,2164,10166,0,0,0,1.0,1,1.0,1,1.0,1,0.2409782889394179,46
3048,7,12337,2164,10173,0,0,0,1.0,1,1.0,1,1.0,1,0.20834467190113895,49
3049,6,12343,2165,10178,0,0,0,1.0,1,1.0,1,1.0,1,0.1963054299137525,50
3050,6,12349,2165,10184,0,0,0,1.0,1,1.0,1,1.0,1,0.18132133308325946,50
3051,2,12351,2165,10186,0,0,0,1.0,1,1.0,1,1.0,1,0.19721343221737878,50
3052,2,12353,2165,10188,0,0,0,1.0,1,1.0,1,1.0,1,0.19699941846428998,50
3053,5,12358,2166,10192,0,0,0,1.0,1,1.0,1,1.0,1,0.19789814936388977,49
3054,4,12362,2167,10195,0,0,0,1.0,1,1.0,1,1.0,1,0.21983151151586816,47
3055,8,12370,2169,10201,0,0,0,1.0,1,1.0,1,1.0,1,0.2458398137638337,48
3056,8,12378,2170,10208,0,0,0,1.0,1,1.0,1,1.0,1,0.2560771945226322,47
3057,12,12390,2171,10219,0,0,0,1.0,1,1.0,1,1.0,1,0.2983160268881348,48
3058,10,12400,2172,10228,0,0,0,1.0,1,1.0,1,1.0,1,0.3336263806329359,46
3059,7,12407,2172,10235,0,0,0,1.0,1,1.0,1,1.0,1,0.33723402280164916,44
3060,9,12416,2173,10243,0,0,0,1.0,1,1.0,1,1.0,1,0.3538654624565571,44
3061,11,12427,2173,10254,0,0,0,1.0,1,1.0,1,1.0,1,0.18509192490900378,42
3062,3,12430,2175,10255,0,0,0,1.0,1,1.0,1,1.0,1,0.1933386747610715,42
3063,6,12436,2175,10261,0,0,0,1.0,1,1.0,1,1.0,1,0.17352229404199726,41
3064,4,12440,2176,10264,0,0,0,1.0,1,1.0,1,1.0,1,0.15880171006830163,42
3065,1,12441,2176,10265,0,0,0,1.0,1,1.0,1,1.0,1,0.19127851528732207,40
3066,4,12445,2176,10269,0,0,0,1.0,1,1.0,1,1.0,1,0.1619073896796342,42
3067,6,12451,2180,10271,0,0,0,1.0,1,1.0,1,1.0,1,0.246255990143135,40
3068,6,12457,2181,10276,0,0,0,1.0,1,1.0,1,1.0,1,0.27428739136175606,39
3069,4,12461,2181,10280,0,0,0,1.0,1,1.0,1,1.0,1,0.2687002926022362,38
3070,7,12468,2182,10286,0,0,0,1.0,1,1.0,1,1.0,1,0.27216941629608854,39
3071,5,12473,2182,10291,0,0,0,1.0,1,1.0,1,1.0,1,0.2795445019772489,39
3072,5,12478,2183,10295,0,0,0,1.0,1,1.0,1,1.0,1,0.29431050167179496,40
3073,5,12483,2184,10299,0,0,0,1.0,1,1.0,1,1.0,1,0.32581117759095346,38
3074,3,12486,2184,10302,0,0,0,1.0,1,1.0,1,1.0,1,0.31171365647873583,38
3075,7,12493,2185,10308,0,0,0,1.0,1,1.0,1,1.0,1,0.2777309534765855,41
3076,8,12501,2186,10315,0,0,0,1.0,1,1.0,1,1.0,1,0.27089808217724987,42
3077,6,12507,2188,10319,0,0,0,1.0,1,1.0,1,1.0,1,0.1985029668433126,42
3078,6,12513,2188,10325,0,0,0,1.0,1,1.0,1,1.0,1,0.21349970154959289,42
3079,6,12519,2188,10331,0,0,0,1.0,1,1.0,1,1.0,1,0.21349970154959289,42
3080,5,12524,2188,10336,0,0,0,1.0,1,1.0,1,1.0,1,0.20586741542024373,43
3081,6,12530,2189,10341,0,0,0,1.0,1,1.0,1,1.0,1,0.15997713105794986,44
3082,2,12532,2189,10343,0,0,0,1.0,1,1.0,1,1.0,1,0.14260267376551578,45
3083,5,12537,2189,10348,0,0,0,1.0,1,1.0,1,1.0,1,0.17787401514199336,45
3084,7,12544,2190,10354,0,0,0,1.0,1,1.0,1,1.0,1,0.1857762072186221,45
3085,7,12551,2192,10359,0,0,0,1.0,1,1.0,1,1.0,1,0.1699738606177893,46
3086,5,12556,2192,10364,0,0,0,1.0,1,1.0,1,1.0,1,0.12923533995886807,46
3087,7,12563,2192,10371,0,0,0,1.0,1,1.0,1,1.0,1,0.19418151291897506,47
3088,7,12570,2192,10378,0,0,0,1.0,1,1.0,1,1.0,1,0.17390169264514094,48
3089,5,12575,2192,10383,0,0,0,1.0,1,1.0,1,1.0,1,0.167783236848727,46
3090,7,12582,2192,10390,0,0,0,1.0,1,1.0,1,1.0,1,0.19051123971642983,46
3091,7,12589,2192,10397,0,0,0,1.0,1,1.0,1,1.0,1,0.15723620284886078,46
3092,9,12598,2193,10405,0,0,0,1.0,1,1.0,1,1.0,1,0.2092811102969472,47
3093,12,12610,2194,10416,0,0,0,1.0,1,1.0,1,1.0,1,0.1925396602545135,47
3094,14,12624,2194,10430,0,0,0,1.0,1,1.0,1,1.0,1,0.2223530810816704,45
3095,10,12634,2194,10440,0,0,0,1.0,1,1.0,1,1.0,1,0.24788768500745428,46
3096,11,12645,2194,10451,0,0,0,1.0,1,1.0,1,1.0,1,0.23129366204489837,46
3097,10,12655,2194,10461,0,0,0,1.0,1,1.0,1,1.0,1,0.17861874659007612,47
3098,7,12662,2194,10468,0,0,0,1.0,1,1.0,1,1.0,1,0.18463993628333633,47
3099,9,12671,2194,10477,0,0,0,1.0,1,1.0,1,1.0,1,0.17142652334921976,47
3100,7,12678,2194,10484,0,0,0,1.0,1,1.0,1,1.0,1,0.18713788521361008,47
3101,5,12683,2194,10489,0,0,0,1.0,1,1.0,1,1.0,1,0.11991109883147662,48
3102,1,12684,2194,10490,0,0,0,1.0,1,1.0,1,1.0,1,0.11755187791085223,48
3103,4,12688,2195,10493,0,0,0,1.0,1,1.0,1,1.0,1,0.10807591863328682,49
3104,5,12693,2197,10496,0,0,0,1.0,1,1.0,1,1.0,1,0.12040541508073231,48
3105,5,12698,2200,10498,0,0,0,1.0,1,1.0,1,1.0,1,0.21203924979162914,45
3106,8,12706,2202,10504,0,0,0,1.0,1,1.0,1,1.0,1,0.24950630603058546,46
3107,3,12709,2202,10507,0,0,0,1.0,1,1.0,1,1.0,1,0.24333987064780818,44
3108,4,12713,2203,10510,0,0,0,1.0,1,1.0,1,1.0,1,0.2635492479519118,45
3109,4,12717,2203,10514,0,0,0,1.0,1,1.0,1,1.0,1,0.2334098722293735,44
3110,9,12726,2206,10520,0,0,0,1.0,1,1.0,1,1.0,1,0.24821776642530652,46
3111,10,12736,2207,10529,0,0,0,1.0,1,1.0,1,1.0,1,0.24267371001474597,46
3112,6,12742,2208,10534,0,0,0,1.0,1,1.0,1,1.0,1,0.2440490661362097,47
3113,8,12750,2208,10542,0,0,0,1.0,1,1.0,1,1.0,1,0.21389090418025017,48
3114,6,12756,2208,10548,0,0,0,1.0,1,1.0,1,1.0,1,0.2544064626925003,48
3115,5,12761,2208,10553,0,0,0,1.0,1,1.0,1,1.0,1,0.247372612518371,49
3116,5,12766,2208,10558,0,0,0,1.0,1,1.0,1,1.0,1,0.30114112239647717,48
3117,10,12776,2208,10568,0,0,0,1.0,1,1.0,1,1.0,1,0.30966716377650494,49
3118,11,12787,2208,10579,0,0,0,1.0,1,1.0,1,1.0,1,0.28191999676526797,50
3119,6,12793,2209,10584,0,0,0,1.0,1,1.0,1,1.0,1,0.2673137412732639,50
3120,6,12799,2209,10590,0,0,0,1.0,1,1.0,1,1.0,1,0.3099632930614315,50
3121,11,12810,2209,10601,0,0,0,1.0,1,1.0,1,1.0,1,0.15251710861615508,50
3122,1,12811,2209,10602,0,0,0,1.0,1,1.0,1,1.0,1,0.14882400766543263,50
3123,1,12812,2210,10602,0,0,0,1.0,1,1.0,1,1.0,1,0.1400439405959868,51
3124,1,12813,2211,10602,0,0,0,1.0,1,1.0,1,1.0,1,0.16146676604391164,51
3125,2,12815,2212,10603,0,0,0,1.0,1,1.0,1,1.0,1,0.15914650818237752,51
3126,1,12816,2212,10604,0,0,0,1.0,1,1.0,1,1.0,1,0.1346910583488437,54
3127,3,12819,2213,10606,0,0,0,1.0,1,1.0,1,1.0,1,0.1580104742653569,53
3128,1,12820,2213,10607,0,0,0,1.0,1,1.0,1,1.0,1,0.14654015038688648,52
3129,2,12822,2214,10608,0,0,0,1.0,1,1.0,1,1.0,1,0.14365353226134495,51
3130,1,12823,2214,10609,0,0,0,1.0,1,1.0,1,1.0,1,0.1622052565179211,50
3131,6,12829,2215,10614,0,0,0,1.0,1,1.0,1,1.0,1,0.17877440251455426,50
3132,4,12833,2215,10618,0,0,0,1.0,1,1.0,1,1.0,1,0.17327742576651384,49
3133,6,12839,2218,10621,0,0,0,1.0,1,1.0,1,1.0,1,0.17180208299979907,49
3134,4,12843,2218,10625,0,0,0,1.0,1,1.0,1,1.0,1,0.18470529673018696,46
3135,6,12849,2220,10629,0,0,0,1.0,1,1.0,1,1.0,1,0.18050836227416228,47
3136,6,12855,2221,10634,0,0,0,1.0,1,1.0,1,1.0,1,0.15167075036059602,46
3137,3,12858,2223,10635,0,0,0,1.0,1,1.0,1,1.0,1,0.1599812314937578,49
3138,4,12862,2224,10638,0,0,0,1.0,1,1.0,1,1.0,1,0.17289131942803587,49
3139,6,12868,2226,10642,0,0,0,1.0,1,1.0,1,1.0,1,0.18213617523105285,50
3140,9,12877,2227,10650,0,0,0,1.0,1,1.0,1,1.0,1,0.17298221637117467,51
3141,3,12880,2227,10653,0,0,0,1.0,1,1.0,1,1.0,1,0.13382858671544806,50
3142,0,12880,2227,10653,0,0,0,1.0,1,1.0,1,1.0,1,0.13382858671544806,50
3143,0,12880,2227,10653,0,0,0,1.0,1,1.0,1,1.0,1,0.1532841492223797,49
3144,2,12882,2228,10654,0,0,0,1.0,1,1.0,1,1.0,1,0.13941182172244418,49
3145,3,12885,2230,10655,0,0,0,1.0,1,1.0,1,1.0,1,0.1442417469178614,48
3146,4,12889,2231,10658,0,0,0,1.0,1,1.0,1,1.0,1,0.1489305312852579,49
3147,2,12891,2232,10659,0,0,0,1.0,1,1.0,1,1.0,1,0.14470074481368495,48
3148,2,12893,2233,10660,0,0,0,1.0,1,1.0,1,1.0,1,0.14478020168719594,48
3149,0,12893,2233,10660,0,0,0,1.0,1,1.0,1,1.0,1,0.15496284489564272,47
3150,1,12894,2234,10660,0,0,0,1.0,1,1.0,1,1.0,1,0.14796488147281678,47
3151,0,12894,2234,10660,0,0,0,1.0,1,1.0,1,1.0,1,0.16357767504627993,48
3152,1,12895,2235,10660,0,0,0,1.0,1,1.0,1,1.0,1,0.1859270765677067,47
3153,0,12895,2235,10660,0,0,0,1.0,1,1.0,1,1.0,1,0.1859270765677067,47
3154,6,12901,2238,10663,0,0,0,1.0,1,1.0,1,1.0,1,0.192601124292329,48
3155,0,12901,2238,10663,0,0,0,1.0,1,1.0,1,1.0,1,0.18822168313928958,48
3156,1,12902,2239,10663,0,0,0,1.0,1,1.0,1,1.0,1,0.19809118277493512,48
3157,1,12903,2240,10663,0,0,0,1.0,1,1.0,1,1.0,1,0.21017114472903284,48
3158,2,12905,2242,10663,0,0,0,1.0,1,1.0,1,1.0,1,0.2327965314461019,48
3159,4,12909,2242,10667,0,0,0,1.0,1,1.0,1,1.0,1,0.22776536472640452,49
3160,2,12911,2242,10669,0,0,0,1.0,1,1.0,1,1.0,1,0.23649816586787986,51
3161,8,12919,2242,10677,0,0,0,1.0,1,1.0,1,1.0,1,0.1022987502544614,52
3162,0,12919,2242,10677,0,0,0,1.0,1,1.0,1,1.0,1,0.10098388068421033,51
3163,1,12920,2242,10678,0,0,0,1.0,1,1.0,1,1.0,1,0.09732389576466628,51
3164,0,12920,2242,10678,0,0,0,1.0,1,1.0,1,1.0,1,0.11633183179536681,52
3165,2,12922,2243,10679,0,0,0,1.0,1,1.0,1,1.0,1,0.12648795866874385,50
3166,2,12924,2245,10679,0,0,0,1.0,1,1.0,1,1.0,1,0.17916929238480425,50
3167,4,12928,2246,10682,0,0,0,1.0,1,1.0,1,1.0,1,0.11501736279275891,49
3168,2,12930,2248,10682,0,0,0,1.0,1,1.0,1,1.0,1,0.1584089155384314,47
3169,1,12931,2249,10682,0,0,0,1.0,1,1.0,1,1.0,1,0.1802490952798692,48
3170,2,12933,2250,10683,0,0,0,1.0,1,1.0,1,1.0,1,0.21991873398778564,47
3171,5,12938,2252,10686,0,0,0,1.0,1,1.0,1,1.0,1,0.3034855045043525,47
3172,9,12947,2253,10694,0,0,0,1.0,1,1.0,1,1.0,1,0.2808832514760494,46
3173,4,12951,2254,10697,0,0,0,1.0,1,1.0,1,1.0,1,0.21573197750923376,45
3174,2,12953,2254,10699,0,0,0,1.0,1,1.0,1,1.0,1,0.2571587601246113,43
3175,1,12954,2254,10700,0,0,0,1.0,1,1.0,1,1.0,1,0.23767384453400867,43
3176,3,12957,2254,10703,0,0,0,1.0,1,1.0,1,1.0,1,0.20837521713076163,44
3177,2,12959,2254,10705,0,0,0,1.0,1,1.0,1,1.0,1,0.21431766485531628,44
3178,4,12963,2254,10709,0,0,0,1.0,1,1.0,1,1.0,1,0.20850372010981658,47
3179,2,12965,2254,10711,0,0,0,1.0,1,1.0,1,1.0,1,0.2156687357622909,48
3180,2,12967,2254,10713,0,0,0,1.0,1,1.0,1,1.0,1,0.17998587670358052,48
3181,5,12972,2254,10718,0,0,0,1.0,1,1.0,1,1.0,1,0.08375580281450053,48
3182,5,12977,2256,10721,0,0,0,1.0,1,1.0,1,1.0,1,0.1057545068995746,51
3183,5,12982,2257,10725,0,0,0,1.0,1,1.0,1,1.0,1,0.12188892614335035,50
3184,9,12991,2259,10732,0,0,0,1.0,1,1.0,1,1.0,1,0.16444617792011315,50
3185,6,12997,2259,10738,0,0,0,1.0,1,1.0,1,1.0,1,0.19686014353376832,48
3186,6,13003,2261,10742,0,0,0,1.0,1,1.0,1,1.0,1,0.16726845096773055,48
3187,7,13010,2261,10749,0,0,0,1.0,1,1.0,1,1.0,1,0.17147937534304228,48
3188,7,13017,2262,10755,0,0,0,1.0,1,1.0,1,1.0,1,0.17521837373089155,48
3189,5,13022,2262,10760,0,0,0,1.0,1,1.0,1,1.0,1,0.18005342053611503,49
3190,5,13027,2262,10765,0,0,0,1.0,1,1.0,1,1.0,1,0.22531406089488515,51
3191,6,13033,2263,10770,0,0,0,1.0,1,1.0,1,1.0,1,0.1972437969561806,52
3192,4,13037,2264,10773,0,0,0,1.0,1,1.0,1,1.0,1,0.22059724026193314,52
3193,6,13043,2264,10779,0,0,0,1.0,1,1.0,1,1.0,1,0.20100601650099198,52
3194,10,13053,2266,10787,0,0,0,1.0,1,1.0,1,1.0,1,0.17700991837661167,54
3195,7,13060,2266,10794,0,0,0,1.0,1,1.0,1,1.0,1,0.18320207996623697,54
3196,10,13070,2267,10803,0,0,0,1.0,1,1.0,1,1.0,1,0.21662790508827648,54
3197,7,13077,2267,10810,0,0,0,1.0,1,1.0,1,1.0,1,0.23811408808847134,54
3198,14,13091,2271,10820,0,0,0,1.0,1,1.0,1,1.0,1,0.3069670141738204,54
3199,15,13106,2273,10833,0,0,0,1.0,1,1.0,1,1.0,1,0.3082136409862593,56
3200,13,13119,2274,10845,0,0,0,1.0,1,1.0,1,1.0,1,0.2652033167221647,56
3201,12,13131,2274,10857,0,0,0,1.0,1,1.0,1,1.0,1,0.11920803464380422,56
3202,2,13133,2274,10859,0,0,0,1.0,1,1.0,1,1.0,1,0.11578396314775595,57
3203,3,13136,2275,10861,0,0,0,1.0,1,1.0,1,1.0,1,0.14409809157413378,56
3204,9,13145,2278,10867,0,0,0,1.0,1,1.0,1,1.0,1,0.15131159923105636,55
3205,3,13148,2278,10870,0,0,0,1.0,1,1.0,1,1.0,1,0.16082804964516753,54
3206,3,13151,2278,10873,0,0,0,1.0,1,1.0,1,1.0,1,0.15466896433813898,56
3207,4,13155,2278,10877,0,0,0,1.0,1,1.0,1,1.0,1,0.21300400926978597,54
3208,8,13163,2278,10885,0,0,0,1.0,1,1.0,1,1.0,1,0.22026568549839357,53
3209,4,13167,2278,10889,0,0,0,1.0,1,1.0,1,1.0,1,0.1781174590754036,54
3210,3,13170,2278,10892,0,0,0,1.0,1,1.0,1,1.0,1,0.2099639909485843,53
3211,4,13174,2279,10895,0,0,0,1.0,1,1.0,1,1.0,1,0.21869920513584412,53
3212,7,13181,2279,10902,0,0,0,1.0,1,1.0,1,1.0,1,0.22393913208923258,54
3213,10,13191,2279,10912,0,0,0,1.0,1,1.0,1,1.0,1,0.18153294423211452,54
3214,5,13196,2279,10917,0,0,0,1.0,1,1.0,1,1.0,1,0.2308548302047241,55
3215,4,13200,2279,10921,0,0,0,1.0,1,1.0,1,1.0,1,0.20191271441541625,55
3216,3,13203,2279,10924,0,0,0,1.0,1,1.0,1,1.0,1,0.2162788574142478,55
3217,5,13208,2280,10928,0,0,0,1.0,1,1.0,1,1.0,1,0.21277636646015066,54
3218,4,13212,2280,10932,0,0,0,1.0,1,1.0,1,1.0,1,0.21550729926277018,54
3219,2,13214,2280,10934,0,0,0,1.0,1,1.0,1,1.0,1,0.19235551865203265,55
3220,4,13218,2280,10938,0,0,0,1.0,1,1.0,1,1.0,1,0.1679932326244325,56
3221,3,13221,2280,10941,0,0,0,1.0,1,1.0,1,1.0,1,0.1512545078760679,57
3222,0,13221,2280,10941,0,0,0,1.0,1,1.0,1,1.0,1,0.1512545078760679,57
3223,2,13223,2281,10942,0,0,0,1.0,1,1.0,1,1.0,1,0.16481153225844716,56
3224,7,13230,2286,10944,0,0,0,1.0,1,1.0,1,1.0,1,0.18496813221395025,58
3225,3,13233,2286,10947,0,0,0,1.0,1,1.0,1,1.0,1,0.14358921792246657,55
3226,2,13235,2288,10947,0,0,0,1.0,1,1.0,1,1.0,1,0.1734185232264678,54
3227,1,13236,2289,10947,0,0,0,1.0,1,1.0,1,1.0,1,0.1782401544703181,53
3228,6,13242,2292,10950,0,0,0,1.0,1,1.0,1,1.0,1,0.20780360742726242,52
3229,6,13248,2295,10953,0,0,0,1.0,1,1.0,1,1.0,1,0.24656806910186463,52
3230,3,13251,2296,10955,0,0,0,1.0,1,1.0,1,1.0,1,0.2409445204687038,50
3231,2,13253,2298,10955,0,0,0,1.0,1,1.0,1,1.0,1,0.24765311195481388,50
3232,3,13256,2301,10955,0,0,0,1.0,1,1.0,1,1.0,1,0.2865664042604401,50
3233,3,13259,2302,10957,0,0,0,1.0,1,1.0,1,1.0,1,0.2393771075755708,50
3234,3,13262,2304,10958,0,0,0,1.0,1,1.0,1,1.0,1,0.23844392253580565,49
3235,4,13266,2306,10960,0,0,0,1.0,1,1.0,1,1.0,1,0.2751754669138761,49
3236,2,13268,2306,10962,0,0,0,1.0,1,1.0,1,1.0,1,0.2579642716684705,51
3237,3,13271,2307,10964,0,0,0,1.0,1,1.0,1,1.0,1,0.26445075343307656,53
3238,4,13275,2307,10968,0,0,0,1.0,1,1.0,1,1.0,1,0.27240363344616614,53
3239,1,13276,2307,10969,0,0,0,1.0,1,1.0,1,1.0,1,0.26848048811606434,53
3240,1,13277,2307,10970,0,0,0,1.0,1,1.0,1,1.0,1,0.29121088520061494,53
3241,13,13290,2307,10983,0,0,0,1.0,1,1.0,1,1.0,1,0.16477438630777755,53
3242,0,13290,2307,10983,0,0,0,1.0,1,1.0,1,1.0,1,0.16477438630777755,53
3243,4,13294,2307,10987,0,0,0,1.0,1,1.0,1,1.0,1,0.14555033099081513,56
3244,5,13299,2307,10992,0,0,0,1.0,1,1.0,1,1.0,1,0.13906453066500374,57
3245,9,13308,2307,11001,0,0,0,1.0,1,1.0,1,1.0,1,0.1282939449991788,59
3246,6,13314,2307,11007,0,0,0,1.0,1,1.0,1,1.0,1,0.11509306290487088,59
3247,8,13322,2308,11014,0,0,0,1.0,1,1.0,1,1.0,1,0.11768319542079525,59
3248,9,13331,2309,11022,0,0,0,1.0,1,1.0,1,1.0,1,0.1530044561503767,59
3249,13,13344,2309,11035,0,0,0,1.0,1,1.0,1,1.0,1,0.16574430803738865,58
3250,13,13357,2309,11048,0,0,0,1.0,1,1.0,1,1.0,1,0.15615405023403667,58
3251,11,13368,2309,11059,0,0,0,1.0,1,1.0,1,1.0,1,0.18025634939333735,57
3252,7,13375,2310,11065,0,0,0,1.0,1,1.0,1,1.0,1,0.21879896370215965,57
3253,8,13383,2310,11073,0,0,0,1.0,1,1.0,1,1.0,1,0.20571062681468277,56
3254,8,13391,2311,11080,0,0,0,1.0,1,1.0,1,1.0,1,0.20561859050720227,57
3255,11,13402,2312,11090,0,0,0,1.0,1,1.0,1,1.0,1,0.2261095574934847,57
3256,5,13407,2312,11095,0,0,0,1.0,1,1.0,1,1.0,1,0.22336155568259738,57
3257,12,13419,2312,11107,0,0,0,1.0,1,1.0,1,1.0,1,0.19331964809994315,57
3258,11,13430,2312,11118,0,0,0,1.0,1,1.0,1,1.0,1,0.23141361193009213,58
3259,8,13438,2313,11125,0,0,0,1.0,1,1.0,1,1.0,1,0.19868633677611192,59
3260,9,13447,2313,11134,0,0,0,1.0,1,1.0,1,1.0,1,0.2105477497542305,60
3261,16,13463,2316,11147,0,0,0,1.0,1,1.0,1,1.0,1,0.18292134077270594,60
3262,10,13473,2320,11153,0,0,0,1.0,1,1.0,1,1.0,1,0.1758100851317464,61
3263,7,13480,2321,11159,0,0,0,1.0,1,1.0,1,1.0,1,0.2127056887502121,62
3264,13,13493,2325,11168,0,0,0,1.0,1,1.0,1,1.0,1,0.1656564964942602,60
3265,3,13496,2325,11171,0,0,0,1.0,1,1.0,1,1.0,1,0.11090058512126544,58
3266,6,13502,2328,11174,0,0,0,1.0,1,1.0,1,1.0,1,0.16977986068654027,59
3267,11,13513,2329,11184,0,0,0,1.0,1,1.0,1,1.0,1,0.12095679724481599,60
3268,10,13523,2330,11193,0,0,0,1.0,1,1.0,1,1.0,1,0.14486123856983232,58
3269,5,13528,2332,11196,0,0,0,1.0,1,1.0,1,1.0,1,0.13691928417023994,57
3270,7,13535,2334,11201,0,0,0,1.0,1,1.0,1,1.0,1,0.1236418296857204,56
3271,6,13541,2335,11206,0,0,0,1.0,1,1.0,1,1.0,1,0.13693459705492125,55
3272,7,13548,2335,11213,0,0,0,1.0,1,1.0,1,1.0,1,0.14362107378836378,55
3273,11,13559,2339,11220,0,0,0,1.0,1,1.0,1,1.0,1,0.14861353983393577,55
3274,6,13565,2339,11226,0,0,0,1.0,1,1.0,1,1.0,1,0.19944975670679313,55
3275,8,13573,2340,11233,0,0,0,1.0,1,1.0,1,1.0,1,0.20846153237637993,55
3276,8,13581,2340,11241,0,0,0,1.0,1,1.0,1,1.0,1,0.24038191594031202,55
3277,5,13586,2340,11246,0,0,0,1.0,1,1.0,1,1.0,1,0.22325231969502973,57
3278,7,13593,2341,11252,0,0,0,1.0,1,1.0,1,1.0,1,0.23980748926743725,56
3279,6,13599,2341,11258,0,0,0,1.0,1,1.0,1,1.0,1,0.22425857366740823,54
3280,9,13608,2343,11265,0,0,0,1.0,1,1.0,1,1.0,1,0.23013477145533165,53
3281,8,13616,2344,11272,0,0,0,1.0,1,1.0,1,1.0,1,0.10601650103892393,52
3282,6,13622,2345,11277,0,0,0,1.0,1,1.0,1,1.0,1,0.12336491554010422,50
3283,4,13626,2347,11279,0,0,0,1.0,1,1.0,1,1.0,1,0.1243649535173494,50
3284,5,13631,2347,11284,0,0,0,1.0,1,1.0,1,1.0,1,0.16810168610990278,47
3285,4,13635,2347,11288,0,0,0,1.0,1,1.0,1,1.0,1,0.15040380081542995,48
3286,6,13641,2350,11291,0,0,0,1.0,1,1.0,1,1.0,1,0.16808020569887552,46
3287,8,13649,2353,11296,0,0,0,1.0,1,1.0,1,1.0,1,0.20905825812753315,46
3288,13,13662,2357,11305,0,0,0,1.0,1,1.0,1,1.0,1,0.16760442607446646,46
3289,7,13669,2357,11312,0,0,0,1.0,1,1.0,1,1.0,1,0.179785949046436,48
3290,7,13676,2359,11317,0,0,0,1.0,1,1.0,1,1.0,1,0.2030732666395685,48
3291,6,13682,2361,11321,0,0,0,1.0,1,1.0,1,1.0,1,0.19234063291388628,50
3292,9,13691,2362,11329,0,0,0,1.0,1,1.0,1,1.0,1,0.22296800377411036,50
3293,12,13703,2364,11339,0,0,0,1.0,1,1.0,1,1.0,1,0.19018697503375584,51
3294,9,13712,2366,11346,0,0,0,1.0,1,1.0,1,1.0,1,0.1985808427841028,50
3295,7,13719,2366,11353,0,0,0,1.0,1,1.0,1,1.0,1,0.1564150260598085,50
3296,8,13727,2366,11361,0,0,0,1.0,1,1.0,1,1.0,1,0.1564150260598085,50
3297,6,13733,2367,11366,0,0,0,1.0,1,1.0,1,1.0,1,0.18910441260728666,51
3298,9,13742,2370,11372,0,0,0,1.0,1,1.0,1,1.0,1,0.17700381594770012,52
3299,7,13749,2370,11379,0,0,0,1.0,1,1.0,1,1.0,1,0.16787611550075776,53
3300,10,13759,2372,11387,0,0,0,1.0,1,1.0,1,1.0,1,0.16738637346847487,53
3301,9,13768,2374,11394,0,0,0,1.0,1,1.0,1,1.0,1,0.11723037053692222,53
3302,2,13770,2375,11395,0,0,0,1.0,1,1.0,1,1.0,1,0.13060965283548837,53
3303,2,13772,2375,11397,0,0,0,1.0,1,1.0,1,1.0,1,0.10841701454368863,52
3304,4,13776,2375,11401,0,0,0,1.0,1,1.0,1,1.0,1,0.10665625212302753,52
3305,3,13779,2376,11403,0,0,0,1.0,1,1.0,1,1.0,1,0.17783381938484968,51
3306,5,13784,2377,11407,0,0,0,1.0,1,1.0,1,1.0,1,0.08556768699821438,51
3307,2,13786,2377,11409,0,0,0,1.0,1,1.0,1,1.0,1,0.10408472268150136,48
3308,3,13789,2380,11409,0,0,0,1.0,1,1.0,1,1.0,1,0.0948588703645073,48
3309,2,13791,2381,11410,0,0,0,1.0,1,1.0,1,1.0,1,0.09456706495733727,48
3310,1,13792,2381,11411,0,0,0,1.0,1,1.0,1,1.0,1,0.13712855835998425,47
3311,1,13793,2382,11411,0,0,0,1.0,1,1.0,1,1.0,1,0.16717288828734372,49
3312,1,13794,2383,11411,0,0,0,1.0,1,1.0,1,1.0,1,0.18293402811762086,48
3313,8,13802,2387,11415,0,0,0,1.0,1,1.0,1,1.0,1,0.2337093111893456,49
3314,8,13810,2388,11422,0,0,0,1.0,1,1.0,1,1.0,1,0.2845013181272229,47
3315,6,13816,2388,11428,0,0,0,1.0,1,1.0,1,1.0,1,0.28637600901772675,47
3316,7,13823,2388,11435,0,0,0,1.0,1,1.0,1,1.0,1,0.2880416442489037,47
3317,4,13827,2388,11439,0,0,0,1.0,1,1.0,1,1.0,1,0.25433606993617347,46
3318,4,13831,2390,11441,0,0,0,1.0,1,1.0,1,1.0,1,0.31625379079150473,45
3319,4,13835,2390,11445,0,0,0,1.0,1,1.0,1,1.0,1,0.27441173499031196,44
3320,1,13836,2391,11445,0,0,0,1.0,1,1.0,1,1.0,1,0.27795362879377344,43
3321,7,13843,2393,11450,0,0,0,1.0,1,1.0,1,1.0,1,0.13742012524237915,43
3322,3,13846,2393,11453,0,0,0,1.0,1,1.0,1,1.0,1,0.14361174372966765,40
3323,2,13848,2393,11455,0,0,0,1.0,1,1.0,1,1.0,1,0.13631879689399284,40
3324,4,13852,2393,11459,0,0,0,1.0,1,1.0,1,1.0,1,0.19943299317395347,40
3325,6,13858,2395,11463,0,0,0,1.0,1,1.0,1,1.0,1,0.15279707134632653,40
3326,1,13859,2395,11464,0,0,0,1.0,1,1.0,1,1.0,1,0.14549796035112544,41
3327,5,13864,2395,11469,0,0,0,1.0,1,1.0,1,1.0,1,0.13786963597809868,39
3328,7,13871,2398,11473,0,0,0,1.0,1,1.0,1,1.0,1,0.17453969645663908,41
3329,3,13874,2399,11475,0,0,0,1.0,1,1.0,1,1.0,1,0.13961489630898574,39
3330,5,13879,2402,11477,0,0,0,1.0,1,1.0,1,1.0,1,0.19814612478727214,40
3331,1,13880,2402,11478,0,0,0,1.0,1,1.0,1,1.0,1,0.2053961885729725,38
3332,1,13881,2402,11479,0,0,0,1.0,1,1.0,1,1.0,1,0.2033129784960127,38
3333,2,13883,2403,11480,0,0,0,1.0,1,1.0,1,1.0,1,0.22300539375827066,38
3334,1,13884,2403,11481,0,0,0,1.0,1,1.0,1,1.0,1,0.24590867365166624,40
3335,1,13885,2403,11482,0,0,0,1.0,1,1.0,1,1.0,1,0.25685303029361706,40
3336,2,13887,2403,11484,0,0,0,1.0,1,1.0,1,1.0,1,0.2946058733699979,39
3337,3,13890,2403,11487,0,0,0,1.0,1,1.0,1,1.0,1,0.2679540862109103,40
3338,7,13897,2405,11492,0,0,0,1.0,1,1.0,1,1.0,1,0.23808205484510536,41
3339,5,13902,2405,11497,0,0,0,1.0,1,1.0,1,1.0,1,0.2591751411469946,42
3340,7,13909,2407,11502,0,0,0,1.0,1,1.0,1,1.0,1,0.274456729185778,43
3341,8,13917,2407,11510,0,0,0,1.0,1,1.0,1,1.0,1,0.12005417359610458,43
3342,4,13921,2408,11513,0,0,0,1.0,1,1.0,1,1.0,1,0.16415479836445018,44
3343,5,13926,2410,11516,0,0,0,1.0,1,1.0,1,1.0,1,0.18803730290041976,44
3344,2,13928,2411,11517,0,0,0,1.0,1,1.0,1,1.0,1,0.20862236149684446,44
3345,1,13929,2411,11518,0,0,0,1.0,1,1.0,1,1.0,1,0.2150270500585648,43
3346,1,13930,2411,11519,0,0,0,1.0,1,1.0,1,1.0,1,0.24108800461107763,42
3347,3,13933,2411,11522,0,0,0,1.0,1,1.0,1,1.0,1,0.22967599847932207,44
3348,5,13938,2411,11527,0,0,0,1.0,1,1.0,1,1.0,1,0.24326554949827456,45
3349,6,13944,2411,11533,0,0,0,1.0,1,1.0,1,1.0,1,0.24157166945152353,45
3350,5,13949,2411,11538,0,0,0,1.0,1,1.0,1,1.0,1,0.19909986424034923,46
3351,6,13955,2412,11543,0,0,0,1.0,1,1.0,1,1.0,1,0.18005912249670145,47
3352,3,13958,2412,11546,0,0,0,1.0,1,1.0,1,1.0,1,0.17460553888072164,47
3353,6,13964,2412,11552,0,0,0,1.0,1,1.0,1,1.0,1,0.21546272454728022,48
3354,7,13971,2412,11559,0,0,0,1.0,1,1.0,1,1.0,1,0.20205848223032627,48
3355,5,13976,2412,11564,0,0,0,1.0,1,1.0,1,1.0,1,0.18950363235451412,48
3356,8,13984,2413,11571,0,0,0,1.0,1,1.0,1,1.0,1,0.1825233217693214,48
3357,7,13991,2414,11577,0,0,0,1.0,1,1.0,1,1.0,1,0.18375079527119198,47
3358,9,14000,2415,11585,0,0,0,1.0,1,1.0,1,1.0,1,0.22491975388441976,46
3359,6,14006,2416,11590,0,0,0,1.0,1,1.0,1,1.0,1,0.22134603511172635,45
3360,5,14011,2419,11592,0,0,0,1.0,1,1.0,1,1.0,1,0.285511394206757,44
3361,5,14016,2420,11596,0,0,0,1.0,1,1.0,1,1.0,1,0.18891870800608096,43
3362,3,14019,2421,11598,0,0,0,1.0,1,1.0,1,1.0,1,0.15675723050146662,42
3363,4,14023,2422,11601,0,0,0,1.0,1,1.0,1,1.0,1,0.17823046097115974,41
3364,4,14027,2422,11605,0,0,0,1.0,1,1.0,1,1.0,1,0.1391334238282681,41
3365,3,14030,2423,11607,0,0,0,1.0,1,1.0,1,1.0,1,0.21275777429789114,41
3366,4,14034,2424,11610,0,0,0,1.0,1,1.0,1,1.0,1,0.16061962702539676,40
3367,5,14039,2424,11615,0,0,0,1.0,1,1.0,1,1.0,1,0.14784447454387495,39
3368,5,14044,2425,11619,0,0,0,1.0,1,1.0,1,1.0,1,0.15318743859822445,39
3369,4,14048,2425,11623,0,0,0,1.0,1,1.0,1,1.0,1,0.14574717025241676,40
3370,9,14057,2427,11630,0,0,0,1.0,1,1.0,1,1.0,1,0.16895618768731585,41
3371,5,14062,2428,11634,0,0,0,1.0,1,1.0,1,1.0,1,0.21995526442650506,41
3372,7,14069,2430,11639,0,0,0,1.0,1,1.0,1,1.0,1,0.20377470148023646,40
3373,4,14073,2430,11643,0,0,0,1.0,1,1.0,1,1.0,1,0.20708118931096486,41
3374,5,14078,2430,11648,0,0,0,1.0,1,1.0,1,1.0,1,0.24925086000383612,42
3375,7,14085,2430,11655,0,0,0,1.0,1,1.0,1,1.0,1,0.19109372180435066,44
3376,14,14099,2430,11669,0,0,0,1.0,1,1.0,1,1.0,1,0.17629809389190765,46
3377,10,14109,2430,11679,0,0,0,1.0,1,1.0,1,1.0,1,0.23388890351633623,47
3378,12,14121,2432,11689,0,0,0,1.0,1,1.0,1,1.0,1,0.23764693823283875,48
3379,10,14131,2432,11699,0,0,0,1.0,1,1.0,1,1.0,1,0.2590015029795932,48
3380,11,14142,2432,11710,0,0,0,1.0,1,1.0,1,1.0,1,0.24588628278829333,48
3381,12,14154,2432,11722,0,0,0,1.0,1,1.0,1,1.0,1,0.0901155559886822,48
3382,5,14159,2434,11725,0,0,0,1.0,1,1.0,1,1.0,1,0.1355847994993587,49
3383,2,14161,2434,11727,0,0,0,1.0,1,1.0,1,1.0,1,0.12661648136774362,47
3384,11,14172,2436,11736,0,0,0,1.0,1,1.0,1,1.0,1,0.15294493360371586,48
3385,5,14177,2436,11741,0,0,0,1.0,1,1.0,1,1.0,1,0.16662180566491447,47
3386,9,14186,2436,11750,0,0,0,1.0,1,1.0,1,1.0,1,0.14513528379609963,49
3387,7,14193,2436,11757,0,0,0,1.0,1,1.0,1,1.0,1,0.1292070217625405,48
3388,11,14204,2437,11767,0,0,0,1.0,1,1.0,1,1.0,1,0.14903037000050148,48
3389,15,14219,2437,11782,0,0,0,1.0,1,1.0,1,1.0,1,0.175425834337738,50
3390,9,14228,2437,11791,0,0,0,1.0,1,1.0,1,1.0,1,0.17009149363689055,51
3391,10,14238,2438,11800,0,0,0,1.0,1,1.0,1,1.0,1,0.20965220149738203,51
3392,14,14252,2439,11813,0,0,0,1.0,1,1.0,1,1.0,1,0.2393123803476176,52
3393,15,14267,2440,11827,0,0,0,1.0,1,1.0,1,1.0,1,0.2870792940935956,52
3394,12,14279,2441,11838,0,0,0,1.0,1,1.0,1,1.0,1,0.2400803164574965,52
3395,5,14284,2441,11843,0,0,0,1.0,1,1.0,1,1.0,1,0.19909515253290788,50
3396,8,14292,2441,11851,0,0,0,1.0,1,1.0,1,1.0,1,0.1730851547149499,49
3397,6,14298,2441,11857,0,0,0,1.0,1,1.0,1,1.0,1,0.17536252734453708,49
3398,3,14301,2441,11860,0,0,0,1.0,1,1.0,1,1.0,1,0.20343979720119534,48
3399,4,14305,2441,11864,0,0,0,1.0,1,1.0,1,1.0,1,0.16577797361791435,49
3400,3,14308,2441,11867,0,0,0,1.0,1,1.0,1,1.0,1,0.19851814327290204,50
3401,6,14314,2441,11873,0,0,0,1.0,1,1.0,1,1.0,1,0.06400491835642824,51
3402,1,14315,2441,11874,0,0,0,1.0,1,1.0,1,1.0,1,0.07982840498056745,51
3403,3,14318,2442,11876,0,0,0,1.0,1,1.0,1,1.0,1,0.08528691433567505,51
3404,3,14321,2443,11878,0,0,0,1.0,1,1.0,1,1.0,1,0.06599825104671378,51
3405,1,14322,2444,11878,0,0,0,1.0,1,1.0,1,1.0,1,0.09687572095324536,51
3406,2,14324,2444,11880,0,0,0,1.0,1,1.0,1,1.0,1,0.11968471612018101,51
3407,1,14325,2444,11881,0,0,0,1.0,1,1.0,1,1.0,1,0.13492735250502635,52
3408,3,14328,2444,11884,0,0,0,1.0,1,1.0,1,1.0,1,0.14579395462460992,53
3409,3,14331,2444,11887,0,0,0,1.0,1,1.0,1,1.0,1,0.1324890995417298,54
3410,4,14335,2447,11888,0,0,0,1.0,1,1.0,1,1.0,1,0.10164010101034926,54
3411,4,14339,2449,11890,0,0,0,1.0,1,1.0,1,1.0,1,0.1216294288115009,54
3412,6,14345,2449,11896,0,0,0,1.0,1,1.0,1,1.0,1,0.13338620517743482,55
3413,5,14350,2449,11901,0,0,0,1.0,1,1.0,1,1.0,1,0.1150275239315171,55
3414,3,14353,2449,11904,0,0,0,1.0,1,1.0,1,1.0,1,0.11865230482022349,55
3415,4,14357,2450,11907,0,0,0,1.0,1,1.0,1,1.0,1,0.14958073245041875,56
3416,2,14359,2450,11909,0,0,0,1.0,1,1.0,1,1.0,1,0.15592126908178508,55
3417,8,14367,2450,11917,0,0,0,1.0,1,1.0,1,1.0,1,0.1660310383102225,56
3418,11,14378,2452,11926,0,0,0,1.0,1,1.0,1,1.0,1,0.2389758374444608,55
3419,13,14391,2454,11937,0,0,0,1.0,1,1.0,1,1.0,1,0.2447563708779591,56
3420,13,14404,2455,11949,0,0,0,1.0,1,1.0,1,1.0,1,0.23963787963715005,55
3421,14,14418,2456,11962,0,0,0,1.0,1,1.0,1,1.0,1,0.1679110795396004,57
3422,2,14420,2457,11963,0,0,0,1.0,1,1.0,1,1.0,1,0.1860591941928808,56
3423,6,14426,2459,11967,0,0,0,1.0,1,1.0,1,1.0,1,0.14499654899183445,56
3424,2,14428,2459,11969,0,0,0,1.0,1,1.0,1,1.0,1,0.15662058929007444,56
3425,2,14430,2460,11970,0,0,0,1.0,1,1.0,1,1.0,1,0.16595672549073223,56
3426,4,14434,2461,11973,0,0,0,1.0,1,1.0,1,1.0,1,0.14804267202198867,55
3427,3,14437,2462,11975,0,0,0,1.0,1,1.0,1,1.0,1,0.19166372994256772,55
3428,6,14443,2463,11980,0,0,0,1.0,1,1.0,1,1.0,1,0.20857635216028517,55
3429,5,14448,2463,11985,0,0,0,1.0,1,1.0,1,1.0,1,0.22149777157729453,54
3430,5,14453,2463,11990,0,0,0,1.0,1,1.0,1,1.0,1,0.18293757038993463,56
3431,2,14455,2463,11992,0,0,0,1.0,1,1.0,1,1.0,1,0.20340457098905385,54
3432,3,14458,2463,11995,0,0,0,1.0,1,1.0,1,1.0,1,0.18783983995058445,56
3433,6,14464,2464,12000,0,0,0,1.0,1,1.0,1,1.0,1,0.20525588986848564,53
3434,4,14468,2465,12003,0,0,0,1.0,1,1.0,1,1.0,1,0.18570950326835678,51
3435,9,14477,2466,12011,0,0,0,1.0,1,1.0,1,1.0,1,0.1777782290341291,51
3436,4,14481,2466,12015,0,0,0,1.0,1,1.0,1,1.0,1,0.20613425941576632,51
3437,3,14484,2466,12018,0,0,0,1.0,1,1.0,1,1.0,1,0.20931227708733882,53
3438,8,14492,2467,12025,0,0,0,1.0,1,1.0,1,1.0,1,0.26409480928929835,52
3439,5,14497,2467,12030,0,0,0,1.0,1,1.0,1,1.0,1,0.23724658613094365,54
3440,6,14503,2467,12036,0,0,0,1.0,1,1.0,1,1.0,1,0.20752399056173162,52
3441,11,14514,2467,12047,0,0,0,1.0,1,1.0,1,1.0,1,0.11716446463996512,53
3442,6,14520,2467,12053,0,0,0,1.0,1,1.0,1,1.0,1,0.1600430198503271,53
3443,6,14526,2467,12059,0,0,0,1.0,1,1.0,1,1.0,1,0.17481816744279746,53
3444,7,14533,2467,12066,0,0,0,1.0,1,1.0,1,1.0,1,0.16168924833269227,52
3445,9,14542,2468,12074,0,0,0,1.0,1,1.0,1,1.0,1,0.1976401509628432,53
3446,9,14551,2468,12083,0,0,0,1.0,1,1.0,1,1.0,1,0.22274558145557252,53
3447,11,14562,2471,12091,0,0,0,1.0,1,1.0,1,1.0,1,0.25726860064652646,53
3448,11,14573,2472,12101,0,0,0,1.0,1,1.0,1,1.0,1,0.2625072024025418,52
3449,11,14584,2474,12110,0,0,0,1.0,1,1.0,1,1.0,1,0.26615452665386957,52
3450,12,14596,2475,12121,0,0,0,1.0,1,1.0,1,1.0,1,0.26762276587249484,52
3451,12,14608,2479,12129,0,0,0,1.0,1,1.0,1,1.0,1,0.2887384021304426,54
3452,9,14617,2479,12138,0,0,0,1.0,1,1.0,1,1.0,1,0.21917216601334677,54
3453,8,14625,2480,12145,0,0,0,1.0,1,1.0,1,1.0,1,0.2116622322834368,54
3454,10,14635,2480,12155,0,0,0,1.0,1,1.0,1,1.0,1,0.2150462690739973,57
3455,12,14647,2481,12166,0,0,0,1.0,1,1.0,1,1.0,1,0.24974785336712013,57
3456,16,14663,2481,12182,0,0,0,1.0,1,1.0,1,1.0,1,0.2628681054405562,58
3457,12,14675,2481,12194,0,0,0,1.0,1,1.0,1,1.0,1,0.26209989706074915,57
3458,12,14687,2481,12206,0,0,0,1.0,1,1.0,1,1.0,1,0.3019958709876188,57
3459,14,14701,2481,12220,0,0,0,1.0,1,1.0,1,1.0,1,0.3019958709876188,57
3460,10,14711,2481,12230,0,0,0,1.0,1,1.0,1,1.0,1,0.2765902531566405,58
3461,12,14723,2482,12241,0,0,0,1.0,1,1.0,1,1.0,1,0.16426102889962912,59
3462,4,14727,2483,12244,0,0,0,1.0,1,1.0,1,1.0,1,0.1377057544247345,59
3463,7,14734,2484,12250,0,0,0,1.0,1,1.0,1,1.0,1,0.10451632574230078,59
3464,10,14744,2486,12258,0,0,0,1.0,1,1.0,1,1.0,1,0.13408763736050155,59
3465,5,14749,2486,12263,0,0,0,1.0,1,1.0,1,1.0,1,0.08992559352802508,57
3466,4,14753,2488,12265,0,0,0,1.0,1,1.0,1,1.0,1,0.15728926774438248,57
3467,11,14764,2491,12273,0,0,0,1.0,1,1.0,1,1.0,1,0.21626984258607954,57
3468,5,14769,2491,12278,0,0,0,1.0,1,1.0,1,1.0,1,0.13950146865564736,57
3469,7,14776,2492,12284,0,0,0,1.0,1,1.0,1,1.0,1,0.14764869978762066,53
3470,1,14777,2493,12284,0,0,0,1.0,1,1.0,1,1.0,1,0.1624335389194245,50
3471,5,14782,2495,12287,0,0,0,1.0,1,1.0,1,1.0,1,0.17681698471907586,49
3472,4,14786,2497,12289,0,0,0,1.0,1,1.0,1,1.0,1,0.20803221561603377,47
3473,6,14792,2499,12293,0,0,0,1.0,1,1.0,1,1.0,1,0.15810010307650457,45
3474,1,14793,2499,12294,0,0,0,1.0,1,1.0,1,1.0,1,0.17295054091978074,42
3475,8,14801,2502,12299,0,0,0,1.0,1,1.0,1,1.0,1,0.2589644465760444,43
3476,2,14803,2502,12301,0,0,0,1.0,1,1.0,1,1.0,1,0.24907629707589019,41
3477,5,14808,2505,12303,0,0,0,1.0,1,1.0,1,1.0,1,0.2561255361633206,42
3478,3,14811,2506,12305,0,0,0,1.0,1,1.0,1,1.0,1,0.2847819456910172,40
3479,3,14814,2507,12307,0,0,0,1.0,1,1.0,1,1.0,1,0.2865401845010184,40
3480,3,14817,2508,12309,0,0,0,1.0,1,1.0,1,1.0,1,0.2526312501087906,40
3481,6,14823,2508,12315,0,0,0,1.0,1,1.0,1,1.0,1,0.10473958219216453,40
3482,1,14824,2508,12316,0,0,0,1.0,1,1.0,1,1.0,1,0.10271628378885447,40
3483,0,14824,2508,12316,0,0,0,1.0,1,1.0,1,1.0,1,0.09554999947934659,39
3484,0,14824,2508,12316,0,0,0,1.0,1,1.0,1,1.0,1,0.09554999947934659,39
3485,2,14826,2509,12317,0,0,0,1.0,1,1.0,1,1.0,1,0.12259983342605284,40
3486,4,14830,2509,12321,0,0,0,1.0,1,1.0,1,1.0,1,0.10675288253212573,41
3487,1,14831,2509,12322,0,0,0,1.0,1,1.0,1,1.0,1,0.1425781994181861,41
3488,3,14834,2510,12324,0,0,0,1.0,1,1.0,1,1.0,1,0.1131169491129461,42
3489,6,14840,2510,12330,0,0,0,1.0,1,1.0,1,1.0,1,0.1397034466492488,44
3490,3,14843,2510,12333,0,0,0,1.0,1,1.0,1,1.0,1,0.1448320812639595,44
3491,6,14849,2511,12338,0,0,0,1.0,1,1.0,1,1.0,1,0.15125804517233538,45
3492,3,14852,2511,12341,0,0,0,1.0,1,1.0,1,1.0,1,0.1501805276106386,45
3493,3,14855,2511,12344,0,0,0,1.0,1,1.0,1,1.0,1,0.16569639967066835,45
3494,6,14861,2511,12350,0,0,0,1.0,1,1.0,1,1.0,1,0.16569639967066835,45
3495,3,14864,2511,12353,0,0,0,1.0,1,1.0,1,1.0,1,0.1501805276106386,45
3496,4,14868,2511,12357,0,0,0,1.0,1,1.0,1,1.0,1,0.21239663974997408,46
3497,7,14875,2513,12362,0,0,0,1.0,1,1.0,1,1.0,1,0.1789219371533512,47
3498,7,14882,2514,12368,0,0,0,1.0,1,1.0,1,1.0,1,0.22218711023172266,48
3499,10,14892,2514,12378,0,0,0,1.0,1,1.0,1,1.0,1,0.18755870480485912,47
3500,8,14900,2514,12386,0,0,0,1.0,1,1.0,1,1.0,1,0.21937899870396219,50
3501,5,14905,2515,12390,0,0,0,1.0,1,1.0,1,1.0,1,0.16949769220455463,50
3502,1,14906,2515,12391,0,0,0,1.0,1,1.0,1,1.0,1,0.15578071822141487,50
3503,1,14907,2516,12391,0,0,0,1.0,1,1.0,1,1.0,1,0.1658436237406036,50
3504,3,14910,2519,12391,0,0,0,1.0,1,1.0,1,1.0,1,0.2446143086037977,47
3505,4,14914,2520,12394,0,0,0,1.0,1,1.0,1,1.0,1,0.22055328508752378,48
3506,4,14918,2523,12395,0,0,0,1.0,1,1.0,1,1.0,1,0.2694181573007571,49
3507,0,14918,2523,12395,0,0,0,1.0,1,1.0,1,1.0,1,0.24745396340903983,46
3508,1,14919,2523,12396,0,0,0,1.0,1,1.0,1,1.0,1,0.24334233395535704,47
3509,1,14920,2524,12396,0,0,0,1.0,1,1.0,1,1.0,1,0.23053330076493803,44
3510,2,14922,2525,12397,0,0,0,1.0,1,1.0,1,1.0,1,0.2705368672222461,45
3511,1,14923,2526,12397,0,0,0,1.0,1,1.0,1,1.0,1,0.2789897606257897,44
3512,1,14924,2526,12398,0,0,0,1.0,1,1.0,1,1.0,1,0.23286293191973143,42
3513,0,14924,2526,12398,0,0,0,1.0,1,1.0,1,1.0,1,0.23286293191973143,42
3514,0,14924,2526,12398,0,0,0,1.0,1,1.0,1,1.0,1,0.23745788345712437,42
3515,3,14927,2528,12399,0,0,0,1.0,1,1.0,1,1.0,1,0.23589898045428478,42
3516,1,14928,2528,12400,0,0,0,1.0,1,1.0,1,1.0,1,0.22220622270335177,41
3517,1,14929,2529,12400,0,0,0,1.0,1,1.0,1,1.0,1,0.22146043777927293,44
3518,0,14929,2529,12400,0,0,0,1.0,1,1.0,1,1.0,1,0.2268072976032058,43
3519,1,14930,2530,12400,0,0,0,1.0,1,1.0,1,1.0,1,0.2447734862897002,44
3520,2,14932,2530,12402,0,0,0,1.0,1,1.0,1,1.0,1,0.22909454830911535,45
3521,7,14939,2530,12409,0,0,0,1.0,1,1.0,1,1.0,1,0.14808456423414626,45
3522,3,14942,2530,12412,0,0,0,1.0,1,1.0,1,1.0,1,0.14687963952656855,46
3523,1,14943,2530,12413,0,0,0,1.0,1,1.0,1,1.0,1,0.15020586631418498,46
3524,3,14946,2530,12416,0,0,0,1.0,1,1.0,1,1.0,1,0.12306171929039843,47
3525,2,14948,2530,12418,0,0,0,1.0,1,1.0,1,1.0,1,0.15703696920994484,48
3526,1,14949,2530,12419,0,0,0,1.0,1,1.0,1,1.0,1,0.12991746736698923,49
3527,2,14951,2531,12420,0,0,0,1.0,1,1.0,1,1.0,1,0.17304607621519652,49
3528,1,14952,2531,12421,0,0,0,1.0,1,1.0,1,1.0,1,0.16483177787103975,51
3529,0,14952,2531,12421,0,0,0,1.0,1,1.0,1,1.0,1,0.16483177787103975,51
3530,1,14953,2532,12421,0,0,0,1.0,1,1.0,1,1.0,1,0.18261792204058588,52
3531,3,14956,2534,12422,0,0,0,1.0,1,1.0,1,1.0,1,0.20847146539408473,52
3532,1,14957,2534,12423,0,0,0,1.0,1,1.0,1,1.0,1,0.19516917122787636,52
3533,1,14958,2534,12424,0,0,0,1.0,1,1.0,1,1.0,1,0.20542152272800152,52
3534,1,14959,2534,12425,0,0,0,1.0,1,1.0,1,1.0,1,0.19522334509098,52
3535,2,14961,2535,12426,0,0,0,1.0,1,1.0,1,1.0,1,0.22602192105101124,52
3536,3,14964,2536,12428,0,0,0,1.0,1,1.0,1,1.0,1,0.2623587971316432,54
3537,6,14970,2536,12434,0,0,0,1.0,1,1.0,1,1.0,1,0.22199583625521957,55
3538,12,14982,2536,12446,0,0,0,1.0,1,1.0,1,1.0,1,0.17735933198809653,55
3539,9,14991,2536,12455,0,0,0,1.0,1,1.0,1,1.0,1,0.1563662750351067,58
3540,5,14996,2536,12460,0,0,0,1.0,1,1.0,1,1.0,1,0.154898282586017,59
3541,2,14998,2536,12462,0,0,0,1.0,1,1.0,1,1.0,1,0.13657968251111682,59
3542,1,14999,2536,12463,0,0,0,1.0,1,1.0,1,1.0,1,0.13482779773378256,61
3543,7,15006,2539,12467,0,0,0,1.0,1,1.0,1,1.0,1,0.09815826825951873,62
3544,1,15007,2540,12467,0,0,0,1.0,1,1.0,1,1.0,1,0.09299218865127946,59
3545,3,15010,2543,12467,0,0,0,1.0,1,1.0,1,1.0,1,0.10446600818048493,59
3546,1,15011,2543,12468,0,0,0,1.0,1,1.0,1,1.0,1,0.05692751882772576,57
3547,2,15013,2545,12468,0,0,0,1.0,1,1.0,1,1.0,1,0.09665320830155624,53
3548,4,15017,2547,12470,0,0,0,1.0,1,1.0,1,1.0,1,0.09862999802444412,53
3549,1,15018,2548,12470,0,0,0,1.0,1,1.0,1,1.0,1,0.1314216407607165,52
3550,1,15019,2549,12470,0,0,0,1.0,1,1.0,1,1.0,1,0.12292170179629187,51
3551,0,15019,2549,12470,0,0,0,1.0,1,1.0,1,1.0,1,0.13261455441853692,51
3552,2,15021,2549,12472,0,0,0,1.0,1,1.0,1,1.0,1,0.13225495320279035,51
3553,0,15021,2549,12472,0,0,0,1.0,1,1.0,1,1.0,1,0.13760162958561967,49
3554,0,15021,2549,12472,0,0,0,1.0,1,1.0,1,1.0,1,0.13760162958561967,49
3555,2,15023,2549,12474,0,0,0,1.0,1,1.0,1,1.0,1,0.11393682341292742,51
3556,0,15023,2549,12474,0,0,0,1.0,1,1.0,1,1.0,1,0.11393682341292742,51
3557,1,15024,2550,12474,0,0,0,1.0,1,1.0,1,1.0,1,0.11163292934346428,52
3558,2,15026,2552,12474,0,0,0,1.0,1,1.0,1,1.0,1,0.12833881743654657,52
3559,3,15029,2553,12476,0,0,0,1.0,1,1.0,1,1.0,1,0.14354881277039172,52
3560,0,15029,2553,12476,0,0,0,1.0,1,1.0,1,1.0,1,0.12821160153911307,53
3561,4,15033,2553,12480,0,0,0,1.0,1,1.0,1,1.0,1,0.09845962602720869,54
3562,2,15035,2555,12480,0,0,0,1.0,1,1.0,1,1.0,1,0.13911569123802986,54
3563,0,15035,2555,12480,0,0,0,1.0,1,1.0,1,1.0,1,0.1481992152418227,55
3564,0,15035,2555,12480,0,0,0,1.0,1,1.0,1,1.0,1,0.12405685833914035,57
3565,0,15035,2555,12480,0,0,0,1.0,1,1.0,1,1.0,1,0.13061377260699794,56
3566,0,15035,2555,12480,0,0,0,1.0,1,1.0,1,1.0,1,0.14620207501027643,57
3567,1,15036,2556,12480,0,0,0,1.0,1,1.0,1,1.0,1,0.1613501872973959,57
3568,3,15039,2557,12482,0,0,0,1.0,1,1.0,1,1.0,1,0.15801168077837072,57
3569,1,15040,2557,12483,0,0,0,1.0,1,1.0,1,1.0,1,0.1359587352288872,57
3570,7,15047,2560,12487,0,0,0,1.0,1,1.0,1,1.0,1,0.15981188307197375,59
3571,5,15052,2560,12492,0,0,0,1.0,1,1.0,1,1.0,1,0.12263996658733678,60
3572,2,15054,2561,12493,0,0,0,1.0,1,1.0,1,1.0,1,0.13815748566484692,61
3573,3,15057,2562,12495,0,0,0,1.0,1,1.0,1,1.0,1,0.13392190362029044,62
3574,2,15059,2562,12497,0,0,0,1.0,1,1.0,1,1.0,1,0.12423312976879161,63
3575,2,15061,2563,12498,0,0,0,1.0,1,1.0,1,1.0,1,0.14260065936758914,63
3576,4,15065,2564,12501,0,0,0,1.0,1,1.0,1,1.0,1,0.16939702614386576,63
3577,2,15067,2564,12503,0,0,0,1.0,1,1.0,1,1.0,1,0.16746741311733754,64
3578,4,15071,2565,12506,0,0,0,1.0,1,1.0,1,1.0,1,0.17481523132774168,64
3579,2,15073,2565,12508,0,0,0,1.0,1,1.0,1,1.0,1,0.16558402733950514,64
3580,6,15079,2566,12513,0,0,0,1.0,1,1.0,1,1.0,1,0.1839748507038349,65
3581,7,15086,2566,12520,0,0,0,1.0,1,1.0,1,1.0,1,0.12343008746969945,68
3582,4,15090,2568,12522,0,0,0,1.0,1,1.0,1,1.0,1,0.11803271953919552,68
3583,2,15092,2570,12522,0,0,0,1.0,1,1.0,1,1.0,1,0.1220536904183987,65
3584,6,15098,2575,12523,0,0,0,1.0,1,1.0,1,1.0,1,0.20605279771543084,64
3585,3,15101,2576,12525,0,0,0,1.0,1,1.0,1,1.0,1,0.19310323564261805,64
3586,3,15104,2577,12527,0,0,0,1.0,1,1.0,1,1.0,1,0.18872535147706881,65
3587,5,15109,2577,12532,0,0,0,1.0,1,1.0,1,1.0,1,0.14909259331253313,64
3588,6,15115,2581,12534,0,0,0,1.0,1,1.0,1,1.0,1,0.1482483215998592,62
3589,5,15120,2584,12536,0,0,0,1.0,1,1.0,1,1.0,1,0.1751927579288081,63
3590,5,15125,2585,12540,0,0,0,1.0,1,1.0,1,1.0,1,0.1492364390747704,63
3591,1,15126,2585,12541,0,0,0,1.0,1,1.0,1,1.0,1,0.12859921521113857,62
3592,1,15127,2585,12542,0,0,0,1.0,1,1.0,1,1.0,1,0.14296695813657703,59
3593,7,15134,2588,12546,0,0,0,1.0,1,1.0,1,1.0,1,0.1505971519245143,58
3594,1,15135,2588,12547,0,0,0,1.0,1,1.0,1,1.0,1,0.16906407274232627,57
3595,1,15136,2589,12547,0,0,0,1.0,1,1.0,1,1.0,1,0.17949442583605316,59
3596,4,15140,2590,12550,0,0,0,1.0,1,1.0,1,1.0,1,0.16726018091827852,57
3597,5,15145,2593,12552,0,0,0,1.0,1,1.0,1,1.0,1,0.19127688063190498,57
3598,5,15150,2594,12556,0,0,0,1.0,1,1.0,1,1.0,1,0.17489536882042045,57
3599,8,15158,2598,12560,0,0,0,1.0,1,1.0,1,1.0,1,0.17155103248843168,58
3600,2,15160,2598,12562,0,0,0,1.0,1,1.0,1,1.0,1,0.19517373878543934,58
3601,11,15171,2600,12571,0,0,0,1.0,1,1.0,1,1.0,1,0.05882798321119808,58
3602,5,15176,2601,12575,0,0,0,1.0,1,1.0,1,1.0,1,0.07574189133789924,60
3603,5,15181,2601,12580,0,0,0,1.0,1,1.0,1,1.0,1,0.08476879451611188,60
3604,5,15186,2601,12585,0,0,0,1.0,1,1.0,1,1.0,1,0.07579666887783106,60
3605,4,15190,2601,12589,0,0,0,1.0,1,1.0,1,1.0,1,0.10398289952196775,61
3606,3,15193,2602,12591,0,0,0,1.0,1,1.0,1,1.0,1,0.06427291647067508,63
3607,4,15197,2603,12594,0,0,0,1.0,1,1.0,1,1.0,1,0.11505532385227396,63
3608,7,15204,2603,12601,0,0,0,1.0,1,1.0,1,1.0,1,0.09527999025690696,64
3609,9,15213,2603,12610,0,0,0,1.0,1,1.0,1,1.0,1,0.15230437876812886,66
3610,10,15223,2604,12619,0,0,0,1.0,1,1.0,1,1.0,1,0.11341259559621389,67
3611,11,15234,2606,12628,0,0,0,1.0,1,1.0,1,1.0,1,0.16179249730023806,67
3612,10,15244,2607,12637,0,0,0,1.0,1,1.0,1,1.0,1,0.20652092511603967,66
3613,8,15252,2608,12644,0,0,0,1.0,1,1.0,1,1.0,1,0.20391458292542133,66
3614,8,15260,2610,12650,0,0,0,1.0,1,1.0,1,1.0,1,0.20083470803459494,65
3615,8,15268,2610,12658,0,0,0,1.0,1,1.0,1,1.0,1,0.2213614901617478,65
3616,14,15282,2610,12672,0,0,0,1.0,1,1.0,1,1.0,1,0.21115174239536647,65
3617,12,15294,2611,12683,0,0,0,1.0,1,1.0,1,1.0,1,0.23222391898077313,66
3618,17,15311,2612,12699,0,0,0,1.0,1,1.0,1,1.0,1,0.24057594025473564,66
3619,12,15323,2613,12710,0,0,0,1.0,1,1.0,1,1.0,1,0.22620295429075185,65
3620,19,15342,2613,12729,0,0,0,1.0,1,1.0,1,1.0,1,0.241575394161783,66
3621,11,15353,2613,12740,0,0,0,1.0,1,1.0,1,1.0,1,0.1104498817632781,65
3622,4,15357,2614,12743,0,0,0,1.0,1,1.0,1,1.0,1,0.09936529064436493,65
3623,2,15359,2615,12744,0,0,0,1.0,1,1.0,1,1.0,1,0.10970476933242411,62
3624,9,15368,2619,12749,0,0,0,1.0,1,1.0,1,1.0,1,0.13730743992591896,62
3625,5,15373,2619,12754,0,0,0,1.0,1,1.0,1,1.0,1,0.14597884257651955,61
3626,2,15375,2619,12756,0,0,0,1.0,1,1.0,1,1.0,1,0.13870140351696938,58
3627,5,15380,2621,12759,0,0,0,1.0,1,1.0,1,1.0,1,0.1924752103747463,58
3628,8,15388,2624,12764,0,0,0,1.0,1,1.0,1,1.0,1,0.14259725979041837,57
3629,5,15393,2625,12768,0,0,0,1.0,1,1.0,1,1.0,1,0.19084622792277903,57
3630,7,15400,2627,12773,0,0,0,1.0,1,1.0,1,1.0,1,0.17635543034202605,56
3631,9,15409,2632,12777,0,0,0,1.0,1,1.0,1,1.0,1,0.16820344053555988,54
3632,3,15412,2632,12780,0,0,0,1.0,1,1.0,1,1.0,1,0.1951982050595384,52
3633,6,15418,2636,12782,0,0,0,1.0,1,1.0,1,1.0,1,0.18332006138340737,52
3634,7,15425,2638,12787,0,0,0,1.0,1,1.0,1,1.0,1,0.22214707702008835,49
3635,1,15426,2638,12788,0,0,0,1.0,1,1.0,1,1.0,1,0.23069891523787298,47
3636,5,15431,2639,12792,0,0,0,1.0,1,1.0,1,1.0,1,0.25308881847357834,48
3637,7,15438,2640,12798,0,0,0,1.0,1,1.0,1,1.0,1,0.32943061719713884,49
3638,6,15444,2640,12804,0,0,0,1.0,1,1.0,1,1.0,1,0.30709676932201546,50
3639,6,15450,2640,12810,0,0,0,1.0,1,1.0,1,1.0,1,0.28220698175069564,52
3640,4,15454,2641,12813,0,0,0,1.0,1,1.0,1,1.0,1,0.3091390624034456,52
3641,13,15467,2642,12825,0,0,0,1.0,1,1.0,1,1.0,1,0.14634252102582881,52
3642,3,15470,2642,12828,0,0,0,1.0,1,1.0,1,1.0,1,0.1388882994511297,52
3643,1,15471,2642,12829,0,0,0,1.0,1,1.0,1,1.0,1,0.11986899771005939,52
3644,2,15473,2642,12831,0,0,0,1.0,1,1.0,1,1.0,1,0.11986899771005939,52
3645,4,15477,2643,12834,0,0,0,1.0,1,1.0,1,1.0,1,0.14363706950373853,53
3646,4,15481,2643,12838,0,0,0,1.0,1,1.0,1,1.0,1,0.14363706950373853,53
3647,7,15488,2644,12844,0,0,0,1.0,1,1.0,1,1.0,1,0.1749066122426075,55
3648,7,15495,2644,12851,0,0,0,1.0,1,1.0,1,1.0,1,0.09212897625786877,57
3649,11,15506,2644,12862,0,0,0,1.0,1,1.0,1,1.0,1,0.10899575887025645,57
3650,13,15519,2644,12875,0,0,0,1.0,1,1.0,1,1.0,1,0.10426917196555947,59
3651,11,15530,2644,12886,0,0,0,1.0,1,1.0,1,1.0,1,0.1128037608609782,59
3652,6,15536,2644,12892,0,0,0,1.0,1,1.0,1,1.0,1,0.16061666654390602,59
3653,11,15547,2644,12903,0,0,0,1.0,1,1.0,1,1.0,1,0.19072554882281234,59
3654,7,15554,2644,12910,0,0,0,1.0,1,1.0,1,1.0,1,0.11134680649627257,59
3655,16,15570,2644,12926,0,0,0,1.0,1,1.0,1,1.0,1,0.1378773806921768,62
3656,10,15580,2644,12936,0,0,0,1.0,1,1.0,1,1.0,1,0.12572279749816131,62
3657,10,15590,2645,12945,0,0,0,1.0,1,1.0,1,1.0,1,0.1457114112646369,63
3658,15,15605,2645,12960,0,0,0,1.0,1,1.0,1,1.0,1,0.16701184872245653,63
3659,8,15613,2648,12965,0,0,0,1.0,1,1.0,1,1.0,1,0.19278623906532824,62
3660,6,15619,2649,12970,0,0,0,1.0,1,1.0,1,1.0,1,0.21146983816335782,62
3661,10,15629,2651,12978,0,0,0,1.0,1,1.0,1,1.0,1,0.10834790568594375,61
3662,2,15631,2652,12979,0,0,0,1.0,1,1.0,1,1.0,1,0.1450756141775272,60
3663,5,15636,2653,12983,0,0,0,1.0,1,1.0,1,1.0,1,0.09668878308116599,61
3664,2,15638,2653,12985,0,0,0,1.0,1,1.0,1,1.0,1,0.0928416960573036,58
3665,2,15640,2654,12986,0,0,0,1.0,1,1.0,1,1.0,1,0.10682878944727019,58
3666,2,15642,2654,12988,0,0,0,1.0,1,1.0,1,1.0,1,0.09098523731778918,58
3667,1,15643,2654,12989,0,0,0,1.0,1,1.0,1,1.0,1,0.09008288744926352,58
3668,1,15644,2654,12990,0,0,0,1.0,1,1.0,1,1.0,1,0.11603996501644717,58
3669,1,15645,2654,12991,0,0,0,1.0,1,1.0,1,1.0,1,0.1262008839871842,57
3670,2,15647,2655,12992,0,0,0,1.0,1,1.0,1,1.0,1,0.1670712878128181,56
3671,6,15653,2656,12997,0,0,0,1.0,1,1.0,1,1.0,1,0.17362002091590842,57
3672,4,15657,2657,13000,0,0,0,1.0,1,1.0,1,1.0,1,0.1860348842172878,57
3673,5,15662,2659,13003,0,0,0,1.0,1,1.0,1,1.0,1,0.2053428668322003,58
3674,2,15664,2660,13004,0,0,0,1.0,1,1.0,1,1.0,1,0.23912674062472133,57
3675,1,15665,2660,13005,0,0,0,1.0,1,1.0,1,1.0,1,0.24732642826466658,58
3676,1,15666,2660,13006,0,0,0,1.0,1,1.0,1,1.0,1,0.2455440749926037,59
3677,5,15671,2661,13010,0,0,0,1.0,1,1.0,1,1.0,1,0.2686807976980247,60
3678,5,15676,2661,13015,0,0,0,1.0,1,1.0,1,1.0,1,0.24666477433388445,62
3679,9,15685,2661,13024,0,0,0,1.0,1,1.0,1,1.0,1,0.24085758319293926,62
3680,12,15697,2661,13036,0,0,0,1.0,1,1.0,1,1.0,1,0.22664967511946593,63
3681,12,15709,2661,13048,0,0,0,1.0,1,1.0,1,1.0,1,0.16765267616034898,64
3682,6,15715,2661,13054,0,0,0,1.0,1,1.0,1,1.0,1,0.20027099768148315,64
3683,7,15722,2661,13061,0,0,0,1.0,1,1.0,1,1.0,1,0.18019004615903828,64
3684,9,15731,2661,13070,0,0,0,1.0,1,1.0,1,1.0,1,0.1723862602567145,64
3685,6,15737,2661,13076,0,0,0,1.0,1,1.0,1,1.0,1,0.20465303124985762,64
3686,9,15746,2661,13085,0,0,0,1.0,1,1.0,1,1.0,1,0.16156321964651812,65
3687,8,15754,2661,13093,0,0,0,1.0,1,1.0,1,1.0,1,0.1927399533255415,65
3688,11,15765,2661,13104,0,0,0,1.0,1,1.0,1,1.0,1,0.20311492226824393,66
3689,10,15775,2661,13114,0,0,0,1.0,1,1.0,1,1.0,1,0.17225403842612738,66
3690,10,15785,2661,13124,0,0,0,1.0,1,1.0,1,1.0,1,0.20337890391249408,67
3691,7,15792,2661,13131,0,0,0,1.0,1,1.0,1,1.0,1,0.15098411790191021,68
3692,6,15798,2661,13137,0,0,0,1.0,1,1.0,1,1.0,1,0.1794762483626549,69
3693,4,15802,2661,13141,0,0,0,1.0,1,1.0,1,1.0,1,0.1626189442109803,69
3694,6,15808,2662,13146,0,0,0,1.0,1,1.0,1,1.0,1,0.19833671351910373,70
3695,7,15815,2662,13153,0,0,0,1.0,1,1.0,1,1.0,1,0.1846651632598455,70
3696,10,15825,2662,13163,0,0,0,1.0,1,1.0,1,1.0,1,0.18555284584174497,71
3697,7,15832,2663,13169,0,0,0,1.0,1,1.0,1,1.0,1,0.18879754437150764,70
3698,7,15839,2663,13176,0,0,0,1.0,1,1.0,1,1.0,1,0.21536551266167264,70
3699,13,15852,2665,13187,0,0,0,1.0,1,1.0,1,1.0,1,0.2589591193245287,70
3700,12,15864,2668,13196,0,0,0,1.0,1,1.0,1,1.0,1,0.21553589506249338,68
3701,12,15876,2668,13208,0,0,0,1.0,1,1.0,1,1.0,1,0.13051213678880477,69
3702,1,15877,2668,13209,0,0,0,1.0,1,1.0,1,1.0,1,0.11745139963123152,69
3703,1,15878,2668,13210,0,0,0,1.0,1,1.0,1,1.0,1,0.12390309392911049,70
3704,8,15886,2670,13216,0,0,0,1.0,1,1.0,1,1.0,1,0.1600898658551266,69
3705,4,15890,2670,13220,0,0,0,1.0,1,1.0,1,1.0,1,0.12106954788321307,69
3706,3,15893,2671,13222,0,0,0,1.0,1,1.0,1,1.0,1,0.13057545808065704,69
3707,2,15895,2671,13224,0,0,0,1.0,1,1.0,1,1.0,1,0.129770118042032,67
3708,2,15897,2671,13226,0,0,0,1.0,1,1.0,1,1.0,1,0.1120194684248287,67
3709,1,15898,2671,13227,0,0,0,1.0,1,1.0,1,1.0,1,0.10613671966140882,67
3710,0,15898,2671,13227,0,0,0,1.0,1,1.0,1,1.0,1,0.10877273568639122,67
3711,0,15898,2671,13227,0,0,0,1.0,1,1.0,1,1.0,1,0.10217118512271052,68
3712,1,15899,2672,13227,0,0,0,1.0,1,1.0,1,1.0,1,0.09524937625089015,68
3713,3,15902,2673,13229,0,0,0,1.0,1,1.0,1,1.0,1,0.1044331313439473,68
3714,2,15904,2673,13231,0,0,0,1.0,1,1.0,1,1.0,1,0.1231375303669742,67
3715,3,15907,2674,13233,0,0,0,1.0,1,1.0,1,1.0,1,0.13162554908159516,68
3716,4,15911,2675,13236,0,0,0,1.0,1,1.0,1,1.0,1,0.13442445099064512,67
3717,4,15915,2675,13240,0,0,0,1.0,1,1.0,1,1.0,1,0.13326814537222548,68
3718,1,15916,2675,13241,0,0,0,1.0,1,1.0,1,1.0,1,0.1517682597758229,68
3719,3,15919,2676,13243,0,0,0,1.0,1,1.0,1,1.0,1,0.1994354840990436,68
3720,2,15921,2676,13245,0,0,0,1.0,1,1.0,1,1.0,1,0.1994354840990436,68
3721,9,15930,2680,13250,0,0,0,1.0,1,1.0,1,1.0,1,0.1468222302047161,70
3722,2,15932,2680,13252,0,0,0,1.0,1,1.0,1,1.0,1,0.15046609417331322,71
3723,2,15934,2681,13253,0,0,0,1.0,1,1.0,1,1.0,1,0.1425089813450153,71
3724,2,15936,2682,13254,0,0,0,1.0,1,1.0,1,1.0,1,0.15015885933038423,72
3725,3,15939,2683,13256,0,0,0,1.0,1,1.0,1,1.0,1,0.16889108879792772,72
3726,4,15943,2684,13259,0,0,0,1.0,1,1.0,1,1.0,1,0.158706247629919,71
3727,1,15944,2685,13259,0,0,0,1.0,1,1.0,1,1.0,1,0.18002067127738644,71
3728,2,15946,2686,13260,0,0,0,1.0,1,1.0,1,1.0,1,0.1848315619061737,70
3729,0,15946,2686,13260,0,0,0,1.0,1,1.0,1,1.0,1,0.1848315619061737,70
3730,3,15949,2687,13262,0,0,0,1.0,1,1.0,1,1.0,1,0.1980929255076474,71
3731,1,15950,2687,13263,0,0,0,1.0,1,1.0,1,1.0,1,0.20059238802111715,71
3732,3,15953,2687,13266,0,0,0,1.0,1,1.0,1,1.0,1,0.20297872095054853,72
3733,4,15957,2688,13269,0,0,0,1.0,1,1.0,1,1.0,1,0.2126259342154158,73
3734,7,15964,2689,13275,0,0,0,1.0,1,1.0,1,1.0,1,0.2215790441129002,74
3735,4,15968,2690,13278,0,0,0,1.0,1,1.0,1,1.0,1,0.20887153783383186,72
3736,1,15969,2690,13279,0,0,0,1.0,1,1.0,1,1.0,1,0.18137942915341476,72
3737,5,15974,2690,13284,0,0,0,1.0,1,1.0,1,1.0,1,0.16832919936636387,73
3738,2,15976,2690,13286,0,0,0,1.0,1,1.0,1,1.0,1,0.15589666044198175,72
3739,1,15977,2690,13287,0,0,0,1.0,1,1.0,1,1.0,1,0.14494875698347356,73
3740,2,15979,2690,13289,0,0,0,1.0,1,1.0,1,1.0,1,0.14592037971984806,70
3741,2,15981,2690,13291,0,0,0,1.0,1,1.0,1,1.0,1,0.12543627847362182,70
3742,2,15983,2692,13291,0,0,0,1.0,1,1.0,1,1.0,1,0.13301418949737526,70
3743,4,15987,2693,13294,0,0,0,1.0,1,1.0,1,1.0,1,0.13087632575403024,69
3744,4,15991,2695,13296,0,0,0,1.0,1,1.0,1,1.0,1,0.1671077453901551,69
3745,2,15993,2695,13298,0,0,0,1.0,1,1.0,1,1.0,1,0.14319998023795746,68
3746,1,15994,2695,13299,0,0,0,1.0,1,1.0,1,1.0,1,0.16404580176400554,66
3747,1,15995,2696,13299,0,0,0,1.0,1,1.0,1,1.0,1,0.16267423479950238,66
3748,1,15996,2696,13300,0,0,0,1.0,1,1.0,1,1.0,1,0.1420050993967396,65
3749,2,15998,2698,13300,0,0,0,1.0,1,1.0,1,1.0,1,0.1447542666691831,64
3750,1,15999,2699,13300,0,0,0,1.0,1,1.0,1,1.0,1,0.1517838530767693,63
3751,1,16000,2700,13300,0,0,0,1.0,1,1.0,1,1.0,1,0.15823340306390357,64
3752,3,16003,2703,13300,0,0,0,1.0,1,1.0,1,1.0,1,0.1808093076045746,64
3753,4,16007,2706,13301,0,0,0,1.0,1,1.0,1,1.0,1,0.21300932063780967,65
3754,5,16012,2708,13304,0,0,0,1.0,1,1.0,1,1.0,1,0.21269248192149434,65
3755,6,16018,2711,13307,0,0,0,1.0,1,1.0,1,1.0,1,0.22132984657832408,65
3756,2,16020,2711,13309,0,0,0,1.0,1,1.0,1,1.0,1,0.21292021267250302,65
3757,2,16022,2713,13309,0,0,0,1.0,1,1.0,1,1.0,1,0.22331742678566968,65
3758,0,16022,2713,13309,0,0,0,1.0,1,1.0,1,1.0,1,0.23466630455518203,64
3759,1,16023,2714,13309,0,0,0,1.0,1,1.0,1,1.0,1,0.23127826601456042,64
3760,2,16025,2714,13311,0,0,0,1.0,1,1.0,1,1.0,1,0.21672035985537105,63
3761,9,16034,2715,13319,0,0,0,1.0,1,1.0,1,1.0,1,0.140286370415923,63
3762,5,16039,2716,13323,0,0,0,1.0,1,1.0,1,1.0,1,0.11830968491345915,65
3763,4,16043,2717,13326,0,0,0,1.0,1,1.0,1,1.0,1,0.15968615774720785,65
3764,8,16051,2718,13333,0,0,0,1.0,1,1.0,1,1.0,1,0.14515238611604114,66
3765,9,16060,2718,13342,0,0,0,1.0,1,1.0,1,1.0,1,0.1463148674624755,67
3766,3,16063,2718,13345,0,0,0,1.0,1,1.0,1,1.0,1,0.11770166676659582,67
3767,5,16068,2719,13349,0,0,0,1.0,1,1.0,1,1.0,1,0.1411991728733921,68
3768,8,16076,2721,13355,0,0,0,1.0,1,1.0,1,1.0,1,0.18695082269441463,67
3769,3,16079,2721,13358,0,0,0,1.0,1,1.0,1,1.0,1,0.15287443008476617,69
3770,8,16087,2721,13366,0,0,0,1.0,1,1.0,1,1.0,1,0.15311840124305404,69
3771,5,16092,2721,13371,0,0,0,1.0,1,1.0,1,1.0,1,0.177554900841153,69
3772,9,16101,2721,13380,0,0,0,1.0,1,1.0,1,1.0,1,0.18212174999041106,70
3773,9,16110,2722,13388,0,0,0,1.0,1,1.0,1,1.0,1,0.18851900497860918,68
3774,7,16117,2724,13393,0,0,0,1.0,1,1.0,1,1.0,1,0.18347384845698886,68
3775,7,16124,2725,13399,0,0,0,1.0,1,1.0,1,1.0,1,0.21065812520364746,68
3776,4,16128,2726,13402,0,0,0,1.0,1,1.0,1,1.0,1,0.19490865075063202,66
3777,5,16133,2728,13405,0,0,0,1.0,1,1.0,1,1.0,1,0.138240626652875,65
3778,3,16136,2729,13407,0,0,0,1.0,1,1.0,1,1.0,1,0.14304840372091374,65
3779,6,16142,2733,13409,0,0,0,1.0,1,1.0,1,1.0,1,0.14532805512422448,65
3780,8,16150,2735,13415,0,0,0,1.0,1,1.0,1,1.0,1,0.1676235040327318,64
3781,6,16156,2735,13421,0,0,0,1.0,1,1.0,1,1.0,1,0.07417725079567208,64
3782,3,16159,2735,13424,0,0,0,1.0,1,1.0,1,1.0,1,0.08655951244549577,67
3783,3,16162,2737,13425,0,0,0,1.0,1,1.0,1,1.0,1,0.09551271294956563,65
3784,3,16165,2738,13427,0,0,0,1.0,1,1.0,1,1.0,1,0.09359967871721467,65
3785,5,16170,2741,13429,0,0,0,1.0,1,1.0,1,1.0,1,0.14725774345989662,63
3786,3,16173,2741,13432,0,0,0,1.0,1,1.0,1,1.0,1,0.14457395828667644,66
3787,2,16175,2741,13434,0,0,0,1.0,1,1.0,1,1.0,1,0.15462604399187257,65
3788,4,16179,2741,13438,0,0,0,1.0,1,1.0,1,1.0,1,0.1231419511468055,65
3789,4,16183,2743,13440,0,0,0,1.0,1,1.0,1,1.0,1,0.15177177280877585,65
3790,3,16186,2743,13443,0,0,0,1.0,1,1.0,1,1.0,1,0.15348721868826987,64
3791,4,16190,2744,13446,0,0,0,1.0,1,1.0,1,1.0,1,0.1724169304298146,64
3792,4,16194,2747,13447,0,0,0,1.0,1,1.0,1,1.0,1,0.19554950402889135,65
3793,4,16198,2747,13451,0,0,0,1.0,1,1.0,1,1.0,1,0.22126514714110443,68
3794,8,16206,2749,13457,0,0,0,1.0,1,1.0,1,1.0,1,0.2321263278320731,68
3795,11,16217,2750,13467,0,0,0,1.0,1,1.0,1,1.0,1,0.24828306792058058,69
3796,8,16225,2750,13475,0,0,0,1.0,1,1.0,1,1.0,1,0.22731085110509214,69
3797,9,16234,2751,13483,0,0,0,1.0,1,1.0,1,1.0,1,0.2234792138604213,70
3798,8,16242,2751,13491,0,0,0,1.0,1,1.0,1,1.0,1,0.20901485720760773,70
3799,4,16246,2752,13494,0,0,0,1.0,1,1.0,1,1.0,1,0.23669221294041468,69
3800,5,16251,2752,13499,0,0,0,1.0,1,1.0,1,1.0,1,0.21148311830186547,69
3801,13,16264,2752,13512,0,0,0,1.0,1,1.0,1,1.0,1,0.1288185143888849,67
3802,4,16268,2752,13516,0,0,0,1.0,1,1.0,1,1.0,1,0.11668863252677202,67
3803,2,16270,2752,13518,0,0,0,1.0,1,1.0,1,1.0,1,0.10382365252235658,69
3804,2,16272,2752,13520,0,0,0,1.0,1,1.0,1,1.0,1,0.0961729422658746,70
3805,2,16274,2753,13521,0,0,0,1.0,1,1.0,1,1.0,1,0.10781247728813259,71
3806,1,16275,2753,13522,0,0,0,1.0,1,1.0,1,1.0,1,0.10644380036020627,71
3807,4,16279,2754,13525,0,0,0,1.0,1,1.0,1,1.0,1,0.12793419674337186,72
3808,3,16282,2754,13528,0,0,0,1.0,1,1.0,1,1.0,1,0.11445798887575954,72
3809,3,16285,2755,13530,0,0,0,1.0,1,1.0,1,1.0,1,0.14121317595796953,72
3810,5,16290,2756,13534,0,0,0,1.0,1,1.0,1,1.0,1,0.16149029945740334,72
3811,6,16296,2756,13540,0,0,0,1.0,1,1.0,1,1.0,1,0.15174895722561357,71
3812,5,16301,2756,13545,0,0,0,1.0,1,1.0,1,1.0,1,0.16884813154733627,72
3813,8,16309,2757,13552,0,0,0,1.0,1,1.0,1,1.0,1,0.1960806756347418,71
3814,6,16315,2758,13557,0,0,0,1.0,1,1.0,1,1.0,1,0.22082256514524123,72
3815,11,16326,2758,13568,0,0,0,1.0,1,1.0,1,1.0,1,0.1785416621958035,71
3816,6,16332,2759,13573,0,0,0,1.0,1,1.0,1,1.0,1,0.24813766137651375,69
3817,11,16343,2760,13583,0,0,0,1.0,1,1.0,1,1.0,1,0.2364517390189696,72
3818,9,16352,2762,13590,0,0,0,1.0,1,1.0,1,1.0,1,0.24561631626586705,72
3819,14,16366,2762,13604,0,0,0,1.0,1,1.0,1,1.0,1,0.26205611413285085,72
3820,9,16375,2763,13612,0,0,0,1.0,1,1.0,1,1.0,1,0.2767361439005428,72
3821,20,16395,2764,13631,0,0,0,1.0,1,1.0,1,1.0,1,0.1700456801297875,72
3822,3,16398,2764,13634,0,0,0,1.0,1,1.0,1,1.0,1,0.19864408721981844,69
3823,5,16403,2766,13637,0,0,0,1.0,1,1.0,1,1.0,1,0.18027455934597428,69
3824,2,16405,2767,13638,0,0,0,1.0,1,1.0,1,1.0,1,0.20223651471293697,65
3825,0,16405,2767,13638,0,0,0,1.0,1,1.0,1,1.0,1,0.19990324244270274,64
3826,2,16407,2768,13639,0,0,0,1.0,1,1.0,1,1.0,1,0.20401002271481236,65
3827,2,16409,2769,13640,0,0,0,1.0,1,1.0,1,1.0,1,0.18884590987700903,64
3828,1,16410,2769,13641,0,0,0,1.0,1,1.0,1,1.0,1,0.16215091078948793,65
3829,2,16412,2770,13642,0,0,0,1.0,1,1.0,1,1.0,1,0.15540918224657346,65
3830,2,16414,2770,13644,0,0,0,1.0,1,1.0,1,1.0,1,0.15260645500487907,64
3831,3,16417,2772,13645,0,0,0,1.0,1,1.0,1,1.0,1,0.15249056996544735,63
3832,5,16422,2773,13649,0,0,0,1.0,1,1.0,1,1.0,1,0.17951908439092826,64
3833,2,16424,2773,13651,0,0,0,1.0,1,1.0,1,1.0,1,0.17951908439092826,64
3834,4,16428,2773,13655,0,0,0,1.0,1,1.0,1,1.0,1,0.19249937031363287,63
3835,2,16430,2773,13657,0,0,0,1.0,1,1.0,1,1.0,1,0.19150433590554897,63
3836,7,16437,2775,13662,0,0,0,1.0,1,1.0,1,1.0,1,0.20249131144721114,63
3837,7,16444,2777,13667,0,0,0,1.0,1,1.0,1,1.0,1,0.2056379492165677,62
3838,4,16448,2780,13668,0,0,0,1.0,1,1.0,1,1.0,1,0.2018128818903171,62
3839,3,16451,2783,13668,0,0,0,1.0,1,1.0,1,1.0,1,0.23173528238811933,60
3840,3,16454,2783,13671,0,0,0,1.0,1,1.0,1,1.0,1,0.2108645663413815,62
3841,8,16462,2785,13677,0,0,0,1.0,1,1.0,1,1.0,1,0.2088910743659855,62
3842,3,16465,2785,13680,0,0,0,1.0,1,1.0,1,1.0,1,0.16257237989451195,63
3843,5,16470,2785,13685,0,0,0,1.0,1,1.0,1,1.0,1,0.1534666176884954,64
3844,5,16475,2785,13690,0,0,0,1.0,1,1.0,1,1.0,1,0.13715113905818938,65
3845,7,16482,2785,13697,0,0,0,1.0,1,1.0,1,1.0,1,0.12665069733833734,66
3846,4,16486,2785,13701,0,0,0,1.0,1,1.0,1,1.0,1,0.1383668409763004,67
3847,6,16492,2785,13707,0,0,0,1.0,1,1.0,1,1.0,1,0.15466119165602174,67
3848,6,16498,2786,13712,0,0,0,1.0,1,1.0,1,1.0,1,0.13265845625523195,67
3849,4,16502,2786,13716,0,0,0,1.0,1,1.0,1,1.0,1,0.13408767110977526,67
3850,0,16502,2786,13716,0,0,0,1.0,1,1.0,1,1.0,1,0.12281697178521359,68
3851,4,16506,2788,13718,0,0,0,1.0,1,1.0,1,1.0,1,0.13074716664653874,68
3852,6,16512,2788,13724,0,0,0,1.0,1,1.0,1,1.0,1,0.13025780357417535,70
3853,8,16520,2790,13730,0,0,0,1.0,1,1.0,1,1.0,1,0.14466626874641145,70
3854,6,16526,2791,13735,0,0,0,1.0,1,1.0,1,1.0,1,0.16547529138706782,70
3855,4,16530,2792,13738,0,0,0,1.0,1,1.0,1,1.0,1,0.17328079185183845,69
3856,9,16539,2793,13746,0,0,0,1.0,1,1.0,1,1.0,1,0.1744750103401527,70
3857,6,16545,2795,13750,0,0,0,1.0,1,1.0,1,1.0,1,0.20238833472684697,68
3858,7,16552,2796,13756,0,0,0,1.0,1,1.0,1,1.0,1,0.2078832639285022,67
3859,10,16562,2797,13765,0,0,0,1.0,1,1.0,1,1.0,1,0.1742407049454461,66
3860,8,16570,2798,13772,0,0,0,1.0,1,1.0,1,1.0,1,0.1909948630604811,66
3861,3,16573,2798,13775,0,0,0,1.0,1,1.0,1,1.0,1,0.1503816617461544,66
3862,2,16575,2800,13775,0,0,0,1.0,1,1.0,1,1.0,1,0.18838625381047447,66
3863,0,16575,2800,13775,0,0,0,1.0,1,1.0,1,1.0,1,0.1644814708319591,63
3864,0,16575,2800,13775,0,0,0,1.0,1,1.0,1,1.0,1,0.1644814708319591,63
3865,1,16576,2801,13775,0,0,0,1.0,1,1.0,1,1.0,1,0.16744999406317573,61
3866,3,16579,2802,13777,0,0,0,1.0,1,1.0,1,1.0,1,0.15733058013556145,61
3867,1,16580,2803,13777,0,0,0,1.0,1,1.0,1,1.0,1,0.16174249058174825,60
3868,1,16581,2804,13777,0,0,0,1.0,1,1.0,1,1.0,1,0.15937508085433916,59
3869,2,16583,2805,13778,0,0,0,1.0,1,1.0,1,1.0,1,0.13016036645345727,61
3870,3,16586,2807,13779,0,0,0,1.0,1,1.0,1,1.0,1,0.12911282127302878,61
3871,2,16588,2808,13780,0,0,0,1.0,1,1.0,1,1.0,1,0.13866950119199373,64
3872,2,16590,2809,13781,0,0,0,1.0,1,1.0,1,1.0,1,0.1250733358697663,63
3873,0,16590,2809,13781,0,0,0,1.0,1,1.0,1,1.0,1,0.13707636432560727,62
3874,3,16593,2810,13783,0,0,0,1.0,1,1.0,1,1.0,1,0.12904545039637894,63
3875,2,16595,2811,13784,0,0,0,1.0,1,1.0,1,1.0,1,0.1458982156687232,61
3876,1,16596,2811,13785,0,0,0,1.0,1,1.0,1,1.0,1,0.12632137527277396,62
3877,6,16602,2813,13789,0,0,0,1.0,1,1.0,1,1.0,1,0.18332777383745222,63
3878,3,16605,2814,13791,0,0,0,1.0,1,1.0,1,1.0,1,0.1942679632424906,63
3879,2,16607,2815,13792,0,0,0,1.0,1,1.0,1,1.0,1,0.20549342758277206,63
3880,3,16610,2815,13795,0,0,0,1.0,1,1.0,1,1.0,1,0.18211051579236398,65
3881,11,16621,2816,13805,0,0,0,1.0,1,1.0,1,1.0,1,0.12800492066124725,65
3882,5,16626,2817,13809,0,0,0,1.0,1,1.0,1,1.0,1,0.14210938737089102,66
3883,4,16630,2817,13813,0,0,0,1.0,1,1.0,1,1.0,1,0.10786201969672556,66
3884,6,16636,2818,13818,0,0,0,1.0,1,1.0,1,1.0,1,0.12400971552197275,66
3885,7,16643,2820,13823,0,0,0,1.0,1,1.0,1,1.0,1,0.192767665006678,66
3886,9,16652,2822,13830,0,0,0,1.0,1,1.0,1,1.0,1,0.15673181892509444,65
3887,6,16658,2822,13836,0,0,0,1.0,1,1.0,1,1.0,1,0.1741539649693227,65
3888,6,16664,2823,13841,0,0,0,1.0,1,1.0,1,1.0,1,0.17871698229215593,66
3889,3,16667,2823,13844,0,0,0,1.0,1,1.0,1,1.0,1,0.17043770683692294,64
3890,5,16672,2824,13848,0,0,0,1.0,1,1.0,1,1.0,1,0.194173358766984,63
3891,9,16681,2825,13856,0,0,0,1.0,1,1.0,1,1.0,1,0.19565870639716693,66
3892,6,16687,2825,13862,0,0,0,1.0,1,1.0,1,1.0,1,0.19573019464211777,67
3893,4,16691,2825,13866,0,0,0,1.0,1,1.0,1,1.0,1,0.2025254285585999,66
3894,7,16698,2825,13873,0,0,0,1.0,1,1.0,1,1.0,1,0.21308149189517464,67
3895,11,16709,2825,13884,0,0,0,1.0,1,1.0,1,1.0,1,0.22163714409958063,66
3896,10,16719,2826,13893,0,0,0,1.0,1,1.0,1,1.0,1,0.20440362420162791,66
3897,11,16730,2826,13904,0,0,0,1.0,1,1.0,1,1.0,1,0.2141188589162442,65
3898,13,16743,2828,13915,0,0,0,1.0,1,1.0,1,1.0,1,0.2517841928982071,65
3899,9,16752,2830,13922,0,0,0,1.0,1,1.0,1,1.0,1,0.26744239355609567,64
3900,13,16765,2831,13934,0,0,0,1.0,1,1.0,1,1.0,1,0.29369756299159855,63
3901,11,16776,2834,13942,0,0,0,1.0,1,1.0,1,1.0,1,0.1907899584653316,63
3902,5,16781,2834,13947,0,0,0,1.0,1,1.0,1,1.0,1,0.16603809700656882,64
3903,3,16784,2834,13950,0,0,0,1.0,1,1.0,1,1.0,1,0.1636684166868769,64
3904,3,16787,2836,13951,0,0,0,1.0,1,1.0,1,1.0,1,0.13815841541612406,63
3905,2,16789,2836,13953,0,0,0,1.0,1,1.0,1,1.0,1,0.14768608564914237,63
3906,5,16794,2839,13955,0,0,0,1.0,1,1.0,1,1.0,1,0.1339722455291491,64
3907,3,16797,2840,13957,0,0,0,1.0,1,1.0,1,1.0,1,0.16789763832383925,64
3908,3,16800,2841,13959,0,0,0,1.0,1,1.0,1,1.0,1,0.14893778141081984,63
3909,4,16804,2842,13962,0,0,0,1.0,1,1.0,1,1.0,1,0.17581156507986392,62
3910,4,16808,2842,13966,0,0,0,1.0,1,1.0,1,1.0,1,0.19088688864764422,62
3911,3,16811,2842,13969,0,0,0,1.0,1,1.0,1,1.0,1,0.19688423425418847,64
3912,3,16814,2842,13972,0,0,0,1.0,1,1.0,1,1.0,1,0.18217445966182622,64
3913,2,16816,2842,13974,0,0,0,1.0,1,1.0,1,1.0,1,0.18105824730665332,65
3914,2,16818,2842,13976,0,0,0,1.0,1,1.0,1,1.0,1,0.20223516136476824,65
3915,4,16822,2842,13980,0,0,0,1.0,1,1.0,1,1.0,1,0.1991741119827648,66
3916,4,16826,2843,13983,0,0,0,1.0,1,1.0,1,1.0,1,0.19337468605518743,66
3917,2,16828,2843,13985,0,0,0,1.0,1,1.0,1,1.0,1,0.18540613315284799,66
3918,10,16838,2844,13994,0,0,0,1.0,1,1.0,1,1.0,1,0.1912783626178014,67
3919,8,16846,2845,14001,0,0,0,1.0,1,1.0,1,1.0,1,0.2067885687582068,68
3920,11,16857,2845,14012,0,0,0,1.0,1,1.0,1,1.0,1,0.19804166054318956,69
3921,9,16866,2845,14021,0,0,0,1.0,1,1.0,1,1.0,1,0.15820386383407645,68
3922,7,16873,2848,14025,0,0,0,1.0,1,1.0,1,1.0,1,0.13166560624883797,68
3923,5,16878,2848,14030,0,0,0,1.0,1,1.0,1,1.0,1,0.1331376953362394,69
3924,4,16882,2848,14034,0,0,0,1.0,1,1.0,1,1.0,1,0.13777797929527502,69
3925,3,16885,2849,14036,0,0,0,1.0,1,1.0,1,1.0,1,0.17804431703465307,67
3926,2,16887,2849,14038,0,0,0,1.0,1,1.0,1,1.0,1,0.16541635303263455,67
3927,4,16891,2849,14042,0,0,0,1.0,1,1.0,1,1.0,1,0.17288053024969569,65
3928,4,16895,2850,14045,0,0,0,1.0,1,1.0,1,1.0,1,0.20170768113033385,65
3929,5,16900,2852,14048,0,0,0,1.0,1,1.0,1,1.0,1,0.17796864697182926,64
3930,4,16904,2852,14052,0,0,0,1.0,1,1.0,1,1.0,1,0.17898591030800223,64
3931,5,16909,2853,14056,0,0,0,1.0,1,1.0,1,1.0,1,0.18213371220139987,62
3932,5,16914,2854,14060,0,0,0,1.0,1,1.0,1,1.0,1,0.20425217834739565,62
3933,5,16919,2855,14064,0,0,0,1.0,1,1.0,1,1.0,1,0.18738733638154065,62
3934,3,16922,2856,14066,0,0,0,1.0,1,1.0,1,1.0,1,0.18864785565974762,61
3935,5,16927,2857,14070,0,0,0,1.0,1,1.0,1,1.0,1,0.22309308907372788,64
3936,6,16933,2857,14076,0,0,0,1.0,1,1.0,1,1.0,1,0.21553446043505833,65
3937,5,16938,2857,14081,0,0,0,1.0,1,1.0,1,1.0,1,0.23665058545475828,66
3938,10,16948,2859,14089,0,0,0,1.0,1,1.0,1,1.0,1,0.2659324533803994,66
3939,10,16958,2859,14099,0,0,0,1.0,1,1.0,1,1.0,1,0.25242739424231736,67
3940,7,16965,2861,14104,0,0,0,1.0,1,1.0,1,1.0,1,0.24550364743072275,69
3941,12,16977,2861,14116,0,0,0,1.0,1,1.0,1,1.0,1,0.13108034058133958,69
3942,5,16982,2861,14121,0,0,0,1.0,1,1.0,1,1.0,1,0.11993039426714953,69
3943,3,16985,2863,14122,0,0,0,1.0,1,1.0,1,1.0,1,0.11851626854823513,68
3944,3,16988,2864,14124,0,0,0,1.0,1,1.0,1,1.0,1,0.12328156080124308,68
3945,2,16990,2865,14125,0,0,0,1.0,1,1.0,1,1.0,1,0.14895728476876458,67
3946,6,16996,2866,14130,0,0,0,1.0,1,1.0,1,1.0,1,0.12868583567176023,67
3947,2,16998,2866,14132,0,0,0,1.0,1,1.0,1,1.0,1,0.13702367960593628,66
3948,2,17000,2866,14134,0,0,0,1.0,1,1.0,1,1.0,1,0.13304246226972843,67
3949,8,17008,2868,14140,0,0,0,1.0,1,1.0,1,1.0,1,0.19543796515643402,66
3950,7,17015,2868,14147,0,0,0,1.0,1,1.0,1,1.0,1,0.21108687268044757,65
3951,10,17025,2868,14157,0,0,0,1.0,1,1.0,1,1.0,1,0.20321546446142286,65
3952,9,17034,2871,14163,0,0,0,1.0,1,1.0,1,1.0,1,0.202528113855446,65
3953,8,17042,2872,14170,0,0,0,1.0,1,1.0,1,1.0,1,0.2080551411722259,65
3954,4,17046,2873,14173,0,0,0,1.0,1,1.0,1,1.0,1,0.2008995050730666,64
3955,4,17050,2874,14176,0,0,0,1.0,1,1.0,1,1.0,1,0.23602793163662447,64
3956,4,17054,2875,14179,0,0,0,1.0,1,1.0,1,1.0,1,0.20790371734300692,63
3957,1,17055,2875,14180,0,0,0,1.0,1,1.0,1,1.0,1,0.2111919588286386,63
3958,1,17056,2876,14180,0,0,0,1.0,1,1.0,1,1.0,1,0.2524627725996193,63
3959,3,17059,2877,14182,0,0,0,1.0,1,1.0,1,1.0,1,0.23624843570217427,62
3960,1,17060,2877,14183,0,0,0,1.0,1,1.0,1,1.0,1,0.24204837137715188,62
3961,18,17078,2880,14198,0,0,0,1.0,1,1.0,1,1.0,1,0.1985705502017528,64
3962,3,17081,2880,14201,0,0,0,1.0,1,1.0,1,1.0,1,0.14876941414517386,64
3963,8,17089,2881,14208,0,0,0,1.0,1,1.0,1,1.0,1,0.1666691863481137,62
3964,11,17100,2883,14217,0,0,0,1.0,1,1.0,1,1.0,1,0.2352380341566808,63
3965,7,17107,2883,14224,0,0,0,1.0,1,1.0,1,1.0,1,0.18401993343642736,63
3966,7,17114,2884,14230,0,0,0,1.0,1,1.0,1,1.0,1,0.2293453183677926,62
3967,10,17124,2884,14240,0,0,0,1.0,1,1.0,1,1.0,1,0.19375294567102952,64
3968,10,17134,2885,14249,0,0,0,1.0,1,1.0,1,1.0,1,0.2579670279145962,63
3969,13,17147,2886,14261,0,0,0,1.0,1,1.0,1,1.0,1,0.27144910626875657,63
3970,9,17156,2886,14270,0,0,0,1.0,1,1.0,1,1.0,1,0.23185301830436136,65
3971,16,17172,2886,14286,0,0,0,1.0,1,1.0,1,1.0,1,0.23185301830436136,65
3972,18,17190,2887,14303,0,0,0,1.0,1,1.0,1,1.0,1,0.2620765935749652,66
3973,13,17203,2887,14316,0,0,0,1.0,1,1.0,1,1.0,1,0.2578246819321424,66
3974,18,17221,2889,14332,0,0,0,1.0,1,1.0,1,1.0,1,0.27917611940587567,66
3975,19,17240,2891,14349,0,0,0,1.0,1,1.0,1,1.0,1,0.29652597703079725,66
3976,11,17251,2891,14360,0,0,0,1.0,1,1.0,1,1.0,1,0.3625096481949305,66
3977,9,17260,2892,14368,0,0,0,1.0,1,1.0,1,1.0,1,0.29610330240647464,64
3978,17,17277,2894,14383,0,0,0,1.0,1,1.0,1,1.0,1,0.29939066768802197,63
3979,12,17289,2894,14395,0,0,0,1.0,1,1.0,1,1.0,1,0.3606080431789166,63
3980,13,17302,2894,14408,0,0,0,1.0,1,1.0,1,1.0,1,0.37415471837123504,63
3981,19,17321,2894,14427,0,0,0,1.0,1,1.0,1,1.0,1,0.27188660768882444,64
3982,9,17330,2894,14436,0,0,0,1.0,1,1.0,1,1.0,1,0.2255041584863213,65
3983,8,17338,2894,14444,0,0,0,1.0,1,1.0,1,1.0,1,0.1880367756698651,64
3984,7,17345,2895,14450,0,0,0,1.0,1,1.0,1,1.0,1,0.1576814906571268,65
3985,5,17350,2897,14453,0,0,0,1.0,1,1.0,1,1.0,1,0.19451698824955144,64
3986,2,17352,2897,14455,0,0,0,1.0,1,1.0,1,1.0,1,0.17253424085486416,63
3987,7,17359,2898,14461,0,0,0,1.0,1,1.0,1,1.0,1,0.21935364507335642,63
3988,9,17368,2898,14470,0,0,0,1.0,1,1.0,1,1.0,1,0.1908173896325845,63
3989,9,17377,2899,14478,0,0,0,1.0,1,1.0,1,1.0,1,0.23423246771253062,63
3990,12,17389,2900,14489,0,0,0,1.0,1,1.0,1,1.0,1,0.24252369136237187,62
3991,9,17398,2900,14498,0,0,0,1.0,1,1.0,1,1.0,1,0.22316697326169785,62
3992,9,17407,2900,14507,0,0,0,1.0,1,1.0,1,1.0,1,0.21751785434978854,65
3993,7,17414,2900,14514,0,0,0,1.0,1,1.0,1,1.0,1,0.2166719928700117,65
3994,9,17423,2900,14523,0,0,0,1.0,1,1.0,1,1.0,1,0.18122227969232838,64
3995,10,17433,2900,14533,0,0,0,1.0,1,1.0,1,1.0,1,0.1700287142325416,64
3996,14,17447,2900,14547,0,0,0,1.0,1,1.0,1,1.0,1,0.17195912975310212,67
3997,12,17459,2900,14559,0,0,0,1.0,1,1.0,1,1.0,1,0.1680112713069457,69
3998,11,17470,2900,14570,0,0,0,1.0,1,1.0,1,1.0,1,0.18202608402473686,69
3999,12,17482,2900,14582,0,0,0,1.0,1,1.0,1,1.0,1,0.20686546417126522,69
4000,13,17495,2900,14595,0,0,0,1.0,1,1.0,1,1.0,1,0.15144016161297563,69
4001,10,17505,2900,14605,0,0,0,1.0,1,1.0,1,1.0,1,0.11042673714380448,68
4002,3,17508,2900,14608,0,0,0,1.0,1,1.0,1,1.0,1,0.10395472859606232,68
4003,5,17513,2901,14612,0,0,0,1.0,1,1.0,1,1.0,1,0.13449105248720467,68
4004,5,17518,2902,14616,0,0,0,1.0,1,1.0,1,1.0,1,0.1326981028608194,67
4005,6,17524,2903,14621,0,0,0,1.0,1,1.0,1,1.0,1,0.1486253798337189,67
4006,7,17531,2904,14627,0,0,0,1.0,1,1.0,1,1.0,1,0.12913055525348796,67
4007,10,17541,2906,14635,0,0,0,1.0,1,1.0,1,1.0,1,0.1390609328245398,67
4008,7,17548,2908,14640,0,0,0,1.0,1,1.0,1,1.0,1,0.1735066555813478,67
4009,3,17551,2909,14642,0,0,0,1.0,1,1.0,1,1.0,1,0.2222919270591933,67
4010,4,17555,2909,14646,0,0,0,1.0,1,1.0,1,1.0,1,0.21990014120022555,66
4011,5,17560,2910,14650,0,0,0,1.0,1,1.0,1,1.0,1,0.2023043183826877,66
4012,2,17562,2910,14652,0,0,0,1.0,1,1.0,1,1.0,1,0.17771774577711916,66
4013,2,17564,2910,14654,0,0,0,1.0,1,1.0,1,1.0,1,0.1802523013836608,66
4014,3,17567,2911,14656,0,0,0,1.0,1,1.0,1,1.0,1,0.16829982414615885,66
4015,4,17571,2911,14660,0,0,0,1.0,1,1.0,1,1.0,1,0.2114813578713286,64
4016,11,17582,2914,14668,0,0,0,1.0,1,1.0,1,1.0,1,0.2431409793091674,64
4017,6,17588,2914,14674,0,0,0,1.0,1,1.0,1,1.0,1,0.25675690218147906,66
4018,5,17593,2914,14679,0,0,0,1.0,1,1.0,1,1.0,1,0.2610824177250782,67
4019,11,17604,2916,14688,0,0,0,1.0,1,1.0,1,1.0,1,0.28965769102868066,67
4020,7,17611,2916,14695,0,0,0,1.0,1,1.0,1,1.0,1,0.2940782695078544,66
4021,7,17618,2916,14702,0,0,0,1.0,1,1.0,1,1.0,1,0.22414161646155928,66
4022,1,17619,2916,14703,0,0,0,1.0,1,1.0,1,1.0,1,0.21504248809337986,66
4023,3,17622,2917,14705,0,0,0,1.0,1,1.0,1,1.0,1,0.19215824476602525,66
4024,6,17628,2919,14709,0,0,0,1.0,1,1.0,1,1.0,1,0.18935187048513016,66
4025,2,17630,2919,14711,0,0,0,1.0,1,1.0,1,1.0,1,0.16709202587821037,66
4026,2,17632,2919,14713,0,0,0,1.0,1,1.0,1,1.0,1,0.17023419598869177,66
4027,3,17635,2919,14716,0,0,0,1.0,1,1.0,1,1.0,1,0.15947702281629875,64
4028,5,17640,2921,14719,0,0,0,1.0,1,1.0,1,1.0,1,0.14226434244274003,63
4029,1,17641,2921,14720,0,0,0,1.0,1,1.0,1,1.0,1,0.15400358539010012,62
4030,5,17646,2923,14723,0,0,0,1.0,1,1.0,1,1.0,1,0.16352684830317243,63
4031,2,17648,2924,14724,0,0,0,1.0,1,1.0,1,1.0,1,0.16170801525048256,62
4032,4,17652,2927,14725,0,0,0,1.0,1,1.0,1,1.0,1,0.17938108405801326,62
4033,4,17656,2929,14727,0,0,0,1.0,1,1.0,1,1.0,1,0.1892438739781748,61
4034,3,17659,2930,14729,0,0,0,1.0,1,1.0,1,1.0,1,0.20387764169164105,60
4035,2,17661,2931,14730,0,0,0,1.0,1,1.0,1,1.0,1,0.20194050242948172,59
4036,3,17664,2933,14731,0,0,0,1.0,1,1.0,1,1.0,1,0.21740886667944717,58
4037,4,17668,2936,14732,0,0,0,1.0,1,1.0,1,1.0,1,0.20815640460292595,59
4038,0,17668,2936,14732,0,0,0,1.0,1,1.0,1,1.0,1,0.2201731921171348,58
4039,1,17669,2937,14732,0,0,0,1.0,1,1.0,1,1.0,1,0.23028321456448542,56
4040,0,17669,2937,14732,0,0,0,1.0,1,1.0,1,1.0,1,0.23260314397340665,55
4041,6,17675,2939,14736,0,0,0,1.0,1,1.0,1,1.0,1,0.24317869345519397,54
4042,7,17682,2941,14741,0,0,0,1.0,1,1.0,1,1.0,1,0.23491951176779338,56
4043,6,17688,2941,14747,0,0,0,1.0,1,1.0,1,1.0,1,0.23491951176779338,56
4044,6,17694,2942,14752,0,0,0,1.0,1,1.0,1,1.0,1,0.2716233077187,56
4045,8,17702,2944,14758,0,0,0,1.0,1,1.0,1,1.0,1,0.30192549855945805,57
4046,13,17715,2944,14771,0,0,0,1.0,1,1.0,1,1.0,1,0.30304785355132885,59
4047,15,17730,2946,14784,0,0,0,1.0,1,1.0,1,1.0,1,0.3340646495374947,59
4048,17,17747,2946,14801,0,0,0,1.0,1,1.0,1,1.0,1,0.32657441870133436,59
4049,15,17762,2946,14816,0,0,0,1.0,1,1.0,1,1.0,1,0.31832313918759464,60
4050,7,17769,2946,14823,0,0,0,1.0,1,1.0,1,1.0,1,0.290510282265468,60
4051,6,17775,2946,14829,0,0,0,1.0,1,1.0,1,1.0,1,0.30329026215179333,60
4052,12,17787,2946,14841,0,0,0,1.0,1,1.0,1,1.0,1,0.30329026215179333,60
4053,7,17794,2946,14848,0,0,0,1.0,1,1.0,1,1.0,1,0.29252187046503914,60
4054,12,17806,2947,14859,0,0,0,1.0,1,1.0,1,1.0,1,0.2950352244139881,61
4055,6,17812,2947,14865,0,0,0,1.0,1,1.0,1,1.0,1,0.3075920380434024,61
4056,12,17824,2947,14877,0,0,0,1.0,1,1.0,1,1.0,1,0.3142904550435046,62
4057,7,17831,2947,14884,0,0,0,1.0,1,1.0,1,1.0,1,0.3097470978271222,63
4058,13,17844,2947,14897,0,0,0,1.0,1,1.0,1,1.0,1,0.312232520929969,64
4059,10,17854,2948,14906,0,0,0,1.0,1,1.0,1,1.0,1,0.3353622353410548,63
4060,14,17868,2949,14919,0,0,0,1.0,1,1.0,1,1.0,1,0.33604962773192537,63
4061,11,17879,2949,14930,0,0,0,1.0,1,1.0,1,1.0,1,0.25858243975040784,63
4062,7,17886,2950,14936,0,0,0,1.0,1,1.0,1,1.0,1,0.22465364643439342,65
4063,5,17891,2950,14941,0,0,0,1.0,1,1.0,1,1.0,1,0.20822605551863183,64
4064,2,17893,2951,14942,0,0,0,1.0,1,1.0,1,1.0,1,0.17618041991833044,65
4065,3,17896,2951,14945,0,0,0,1.0,1,1.0,1,1.0,1,0.1636623107371609,64
4066,9,17905,2953,14952,0,0,0,1.0,1,1.0,1,1.0,1,0.14608255752907007,64
4067,7,17912,2955,14957,0,0,0,1.0,1,1.0,1,1.0,1,0.1880064991411292,63
4068,6,17918,2957,14961,0,0,0,1.0,1,1.0,1,1.0,1,0.18285534068514403,64
4069,3,17921,2959,14962,0,0,0,1.0,1,1.0,1,1.0,1,0.21436300077130888,62
4070,5,17926,2960,14966,0,0,0,1.0,1,1.0,1,1.0,1,0.20213809577310035,61
4071,11,17937,2963,14974,0,0,0,1.0,1,1.0,1,1.0,1,0.22502080542445718,61
4072,8,17945,2965,14980,0,0,0,1.0,1,1.0,1,1.0,1,0.2669969337395953,60
4073,6,17951,2967,14984,0,0,0,1.0,1,1.0,1,1.0,1,0.2891717572553781,60
4074,10,17961,2970,14991,0,0,0,1.0,1,1.0,1,1.0,1,0.31668120023249763,60
4075,4,17965,2971,14994,0,0,0,1.0,1,1.0,1,1.0,1,0.29833483915452813,59
4076,4,17969,2972,14997,0,0,0,1.0,1,1.0,1,1.0,1,0.3064836858039762,60
4077,5,17974,2973,15001,0,0,0,1.0,1,1.0,1,1.0,1,0.30975790828848415,61
4078,2,17976,2973,15003,0,0,0,1.0,1,1.0,1,1.0,1,0.30900022254758297,60
4079,2,17978,2973,15005,0,0,0,1.0,1,1.0,1,1.0,1,0.32657703943518773,58
4080,2,17980,2973,15007,0,0,0,1.0,1,1.0,1,1.0,1,0.3324888496023636,56
4081,25,18005,2973,15032,0,0,0,1.0,1,1.0,1,1.0,1,0.18684509767531193,56
4082,15,18020,2973,15047,0,0,0,1.0,1,1.0,1,1.0,1,0.23071316508840126,55
4083,13,18033,2975,15058,0,0,0,1.0,1,1.0,1,1.0,1,0.3314854400968227,55
4084,10,18043,2976,15067,0,0,0,1.0,1,1.0,1,1.0,1,0.291965045348909,55
4085,15,18058,2977,15081,0,0,0,1.0,1,1.0,1,1.0,1,0.27613988599068245,56
4086,13,18071,2978,15093,0,0,0,1.0,1,1.0,1,1.0,1,0.2903177995188198,57
4087,18,18089,2979,15110,0,0,0,1.0,1,1.0,1,1.0,1,0.28321484727322976,57
4088,18,18107,2979,15128,0,0,0,1.0,1,1.0,1,1.0,1,0.29176750783976596,57
4089,16,18123,2979,15144,0,0,0,1.0,1,1.0,1,1.0,1,0.2880067484745891,56
4090,17,18140,2980,15160,0,0,0,1.0,1,1.0,1,1.0,1,0.28151175102488146,56
4091,11,18151,2980,15171,0,0,0,1.0,1,1.0,1,1.0,1,0.3094667568222998,56
4092,12,18163,2980,15183,0,0,0,1.0,1,1.0,1,1.0,1,0.2704498877507053,57
4093,17,18180,2981,15199,0,0,0,1.0,1,1.0,1,1.0,1,0.3113295521089522,58
4094,19,18199,2981,15218,0,0,0,1.0,1,1.0,1,1.0,1,0.29924310524284814,57
4095,14,18213,2981,15232,0,0,0,1.0,1,1.0,1,1.0,1,0.2722908072010414,57
4096,20,18233,2984,15249,0,0,0,1.0,1,1.0,1,1.0,1,0.23457284147047716,59
4097,16,18249,2986,15263,0,0,0,1.0,1,1.0,1,1.0,1,0.2824993158469244,59
4098,11,18260,2987,15273,0,0,0,1.0,1,1.0,1,1.0,1,0.21586478883150284,59
4099,11,18271,2988,15283,0,0,0,1.0,1,1.0,1,1.0,1,0.2548676069691841,60
4100,16,18287,2989,15298,0,0,0,1.0,1,1.0,1,1.0,1,0.3225972195338331,60
4101,15,18302,2990,15312,0,0,0,1.0,1,1.0,1,1.0,1,0.1587603580986863,60
4102,6,18308,2992,15316,0,0,0,1.0,1,1.0,1,1.0,1,0.11560379796443569,60
4103,3,18311,2993,15318,0,0,0,1.0,1,1.0,1,1.0,1,0.11005136616507391,58
4104,4,18315,2994,15321,0,0,0,1.0,1,1.0,1,1.0,1,0.14553172259658562,60
4105,2,18317,2995,15322,0,0,0,1.0,1,1.0,1,1.0,1,0.14822161397006703,59
4106,9,18326,2995,15331,0,0,0,1.0,1,1.0,1,1.0,1,0.11059491403973044,61
4107,6,18332,2995,15337,0,0,0,1.0,1,1.0,1,1.0,1,0.10300892695844474,59
4108,5,18337,2995,15342,0,0,0,1.0,1,1.0,1,1.0,1,0.11124867492747297,60
4109,3,18340,2995,15345,0,0,0,1.0,1,1.0,1,1.0,1,0.07246073784890139,59
4110,5,18345,2995,15350,0,0,0,1.0,1,1.0,1,1.0,1,0.10120669416488391,60
4111,5,18350,2996,15354,0,0,0,1.0,1,1.0,1,1.0,1,0.10753729389210899,61
4112,1,18351,2996,15355,0,0,0,1.0,1,1.0,1,1.0,1,0.1110850075433449,60
4113,5,18356,2996,15360,0,0,0,1.0,1,1.0,1,1.0,1,0.1106159628447529,61
4114,7,18363,2996,15367,0,0,0,1.0,1,1.0,1,1.0,1,0.1032719015877492,62
4115,7,18370,2998,15372,0,0,0,1.0,1,1.0,1,1.0,1,0.14334433206957423,60
4116,6,18376,2998,15378,0,0,0,1.0,1,1.0,1,1.0,1,0.1496278364107159,59
4117,9,18385,3000,15385,0,0,0,1.0,1,1.0,1,1.0,1,0.16591368876853604,56
4118,4,18389,3001,15388,0,0,0,1.0,1,1.0,1,1.0,1,0.1676607385128529,55
4119,2,18391,3001,15390,0,0,0,1.0,1,1.0,1,1.0,1,0.17238344113778228,53
4120,3,18394,3002,15392,0,0,0,1.0,1,1.0,1,1.0,1,0.18132583971551802,52
4121,6,18400,3003,15397,0,0,0,1.0,1,1.0,1,1.0,1,0.09648015384245276,53
4122,2,18402,3003,15399,0,0,0,1.0,1,1.0,1,1.0,1,0.12608468338331094,52
4123,4,18406,3005,15401,0,0,0,1.0,1,1.0,1,1.0,1,0.12922924384590126,51
4124,3,18409,3006,15403,0,0,0,1.0,1,1.0,1,1.0,1,0.12314453846402368,51
4125,0,18409,3006,15403,0,0,0,1.0,1,1.0,1,1.0,1,0.1461140473314453,50
4126,3,18412,3007,15405,0,0,0,1.0,1,1.0,1,1.0,1,0.2087168814939686,50
4127,1,18413,3007,15406,0,0,0,1.0,1,1.0,1,1.0,1,0.17668569424662223,49
4128,1,18414,3008,15406,0,0,0,1.0,1,1.0,1,1.0,1,0.1930646997195593,49
4129,0,18414,3008,15406,0,0,0,1.0,1,1.0,1,1.0,1,0.1930646997195593,49
4130,0,18414,3008,15406,0,0,0,1.0,1,1.0,1,1.0,1,0.18108650524718153,50
4131,2,18416,3009,15407,0,0,0,1.0,1,1.0,1,1.0,1,0.18567249079890594,50
4132,0,18416,3009,15407,0,0,0,1.0,1,1.0,1,1.0,1,0.18567249079890594,50
4133,4,18420,3010,15410,0,0,0,1.0,1,1.0,1,1.0,1,0.20875699691985536,51
4134,3,18423,3011,15412,0,0,0,1.0,1,1.0,1,1.0,1,0.2296574377915239,53
4135,4,18427,3012,15415,0,0,0,1.0,1,1.0,1,1.0,1,0.20570260764014078,54
4136,3,18430,3012,15418,0,0,0,1.0,1,1.0,1,1.0,1,0.20066286370351427,54
4137,5,18435,3013,15422,0,0,0,1.0,1,1.0,1,1.0,1,0.2165949675022743,55
4138,7,18442,3014,15428,0,0,0,1.0,1,1.0,1,1.0,1,0.20225169550574454,54
4139,7,18449,3015,15434,0,0,0,1.0,1,1.0,1,1.0,1,0.21874336888594062,54
4140,3,18452,3016,15436,0,0,0,1.0,1,1.0,1,1.0,1,0.24367660682682746,55
4141,8,18460,3016,15444,0,0,0,1.0,1,1.0,1,1.0,1,0.1700688161953682,55
4142,4,18464,3017,15447,0,0,0,1.0,1,1.0,1,1.0,1,0.18432306191074002,55
4143,3,18467,3017,15450,0,0,0,1.0,1,1.0,1,1.0,1,0.20193584587172544,53
4144,3,18470,3018,15452,0,0,0,1.0,1,1.0,1,1.0,1,0.21657599276946063,52
4145,6,18476,3020,15456,0,0,0,1.0,1,1.0,1,1.0,1,0.21962752514021971,51
4146,4,18480,3021,15459,0,0,0,1.0,1,1.0,1,1.0,1,0.18180426266124292,51
4147,4,18484,3023,15461,0,0,0,1.0,1,1.0,1,1.0,1,0.21106646199676438,50
4148,6,18490,3025,15465,0,0,0,1.0,1,1.0,1,1.0,1,0.2040099445000082,52
4149,6,18496,3025,15471,0,0,0,1.0,1,1.0,1,1.0,1,0.20806662789311184,53
4150,6,18502,3026,15476,0,0,0,1.0,1,1.0,1,1.0,1,0.22938123177506622,53
4151,6,18508,3027,15481,0,0,0,1.0,1,1.0,1,1.0,1,0.2714491911650429,53
4152,8,18516,3028,15488,0,0,0,1.0,1,1.0,1,1.0,1,0.1913364735526561,54
4153,5,18521,3028,15493,0,0,0,1.0,1,1.0,1,1.0,1,0.1900057129701299,51
4154,4,18525,3029,15496,0,0,0,1.0,1,1.0,1,1.0,1,0.21288807780006105,51
4155,5,18530,3030,15500,0,0,0,1.0,1,1.0,1,1.0,1,0.22266382693079903,51
4156,5,18535,3031,15504,0,0,0,1.0,1,1.0,1,1.0,1,0.21804679123770151,52
4157,8,18543,3031,15512,0,0,0,1.0,1,1.0,1,1.0,1,0.21086502301177032,52
4158,4,18547,3031,15516,0,0,0,1.0,1,1.0,1,1.0,1,0.19742200221581813,52
4159,6,18553,3032,15521,0,0,0,1.0,1,1.0,1,1.0,1,0.2245343045044959,52
4160,5,18558,3034,15524,0,0,0,1.0,1,1.0,1,1.0,1,0.23310535680728972,50
4161,9,18567,3036,15531,0,0,0,1.0,1,1.0,1,1.0,1,0.17601555572858055,50
4162,5,18572,3037,15535,0,0,0,1.0,1,1.0,1,1.0,1,0.19844506550012714,51
4163,5,18577,3037,15540,0,0,0,1.0,1,1.0,1,1.0,1,0.1827545377156113,48
4164,5,18582,3037,15545,0,0,0,1.0,1,1.0,1,1.0,1,0.18461663117984364,50
4165,3,18585,3037,15548,0,0,0,1.0,1,1.0,1,1.0,1,0.19484532651011283,49
4166,4,18589,3037,15552,0,0,0,1.0,1,1.0,1,1.0,1,0.18943508412275056,50
4167,1,18590,3037,15553,0,0,0,1.0,1,1.0,1,1.0,1,0.1698061266037149,50
4168,2,18592,3038,15554,0,0,0,1.0,1,1.0,1,1.0,1,0.21324700158097923,50
4169,3,18595,3039,15556,0,0,0,1.0,1,1.0,1,1.0,1,0.20734372781223392,51
4170,4,18599,3040,15559,0,0,0,1.0,1,1.0,1,1.0,1,0.2587874322003937,50
4171,4,18603,3042,15561,0,0,0,1.0,1,1.0,1,1.0,1,0.2640476148193293,50
4172,5,18608,3042,15566,0,0,0,1.0,1,1.0,1,1.0,1,0.2699991567568013,49
4173,3,18611,3042,15569,0,0,0,1.0,1,1.0,1,1.0,1,0.2866414775712079,48
4174,6,18617,3043,15574,0,0,0,1.0,1,1.0,1,1.0,1,0.23810421732829634,48
4175,0,18617,3043,15574,0,0,0,1.0,1,1.0,1,1.0,1,0.23810421732829634,48
4176,2,18619,3043,15576,0,0,0,1.0,1,1.0,1,1.0,1,0.2533278490978238,50
4177,5,18624,3045,15579,0,0,0,1.0,1,1.0,1,1.0,1,0.24820554407749107,52
4178,5,18629,3047,15582,0,0,0,1.0,1,1.0,1,1.0,1,0.2519997556474846,53
4179,7,18636,3049,15587,0,0,0,1.0,1,1.0,1,1.0,1,0.25250669750724886,54
4180,5,18641,3050,15591,0,0,0,1.0,1,1.0,1,1.0,1,0.26449713402870423,55
4181,14,18655,3050,15605,0,0,0,1.0,1,1.0,1,1.0,1,0.16891448252206595,56
4182,5,18660,3051,15609,0,0,0,1.0,1,1.0,1,1.0,1,0.13204204767442665,56
4183,8,18668,3052,15616,0,0,0,1.0,1,1.0,1,1.0,1,0.1422583588124228,57
4184,8,18676,3053,15623,0,0,0,1.0,1,1.0,1,1.0,1,0.19262439260920863,57
4185,8,18684,3054,15630,0,0,0,1.0,1,1.0,1,1.0,1,0.14369472399710279,54
4186,9,18693,3056,15637,0,0,0,1.0,1,1.0,1,1.0,1,0.1482487780200713,55
4187,7,18700,3057,15643,0,0,0,1.0,1,1.0,1,1.0,1,0.1664331527803836,53
4188,6,18706,3058,15648,0,0,0,1.0,1,1.0,1,1.0,1,0.17926390060459754,53
4189,5,18711,3058,15653,0,0,0,1.0,1,1.0,1,1.0,1,0.17882177885038386,53
4190,6,18717,3058,15659,0,0,0,1.0,1,1.0,1,1.0,1,0.17882177885038386,53
4191,4,18721,3058,15663,0,0,0,1.0,1,1.0,1,1.0,1,0.21812723335600898,51
4192,8,18729,3062,15667,0,0,0,1.0,1,1.0,1,1.0,1,0.25016724260818096,51
4193,10,18739,3064,15675,0,0,0,1.0,1,1.0,1,1.0,1,0.26877439262543573,50
4194,5,18744,3064,15680,0,0,0,1.0,1,1.0,1,1.0,1,0.22420880316860062,50
4195,6,18750,3064,15686,0,0,0,1.0,1,1.0,1,1.0,1,0.22945153657996276,50
4196,5,18755,3064,15691,0,0,0,1.0,1,1.0,1,1.0,1,0.2021106088797272,51
4197,8,18763,3065,15698,0,0,0,1.0,1,1.0,1,1.0,1,0.21381395843584708,50
4198,5,18768,3066,15702,0,0,0,1.0,1,1.0,1,1.0,1,0.22821838660952978,48
4199,5,18773,3066,15707,0,0,0,1.0,1,1.0,1,1.0,1,0.25755557172725624,48
4200,4,18777,3066,15711,0,0,0,1.0,1,1.0,1,1.0,1,0.280691484579601,48
4201,8,18785,3066,15719,0,0,0,1.0,1,1.0,1,1.0,1,0.18566717552107936,47
4202,5,18790,3068,15722,0,0,0,1.0,1,1.0,1,1.0,1,0.20218949133358302,47
4203,8,18798,3069,15729,0,0,0,1.0,1,1.0,1,1.0,1,0.2343380535153313,47
4204,5,18803,3070,15733,0,0,0,1.0,1,1.0,1,1.0,1,0.23741158644468682,48
4205,4,18807,3071,15736,0,0,0,1.0,1,1.0,1,1.0,1,0.28203856167750857,49
4206,9,18816,3072,15744,0,0,0,1.0,1,1.0,1,1.0,1,0.30882963766458615,49
4207,5,18821,3072,15749,0,0,0,1.0,1,1.0,1,1.0,1,0.2859767943826267,48
4208,6,18827,3073,15754,0,0,0,1.0,1,1.0,1,1.0,1,0.31147449335977456,49
4209,13,18840,3074,15766,0,0,0,1.0,1,1.0,1,1.0,1,0.29604133397260257,51
4210,16,18856,3075,15781,0,0,0,1.0,1,1.0,1,1.0,1,0.2946332183535198,52
4211,9,18865,3075,15790,0,0,0,1.0,1,1.0,1,1.0,1,0.26947928759493484,53
4212,8,18873,3075,15798,0,0,0,1.0,1,1.0,1,1.0,1,0.2736489726913609,53
4213,10,18883,3075,15808,0,0,0,1.0,1,1.0,1,1.0,1,0.2722260269999725,54
4214,10,18893,3075,15818,0,0,0,1.0,1,1.0,1,1.0,1,0.30125970837076105,54
4215,12,18905,3075,15830,0,0,0,1.0,1,1.0,1,1.0,1,0.2617331766823897,54
4216,11,18916,3075,15841,0,0,0,1.0,1,1.0,1,1.0,1,0.28967084178104546,53
4217,15,18931,3076,15855,0,0,0,1.0,1,1.0,1,1.0,1,0.29372766835825315,54
4218,11,18942,3076,15866,0,0,0,1.0,1,1.0,1,1.0,1,0.34371459852513675,53
4219,16,18958,3076,15882,0,0,0,1.0,1,1.0,1,1.0,1,0.34371459852513675,53
4220,8,18966,3076,15890,0,0,0,1.0,1,1.0,1,1.0,1,0.3044689256616027,53
4221,11,18977,3077,15900,0,0,0,1.0,1,1.0,1,1.0,1,0.20119111435281062,54
4222,4,18981,3080,15901,0,0,0,1.0,1,1.0,1,1.0,1,0.23179861459300896,55
4223,4,18985,3081,15904,0,0,0,1.0,1,1.0,1,1.0,1,0.23847805048497978,56
4224,4,18989,3082,15907,0,0,0,1.0,1,1.0,1,1.0,1,0.2150542782764008,55
4225,0,18989,3082,15907,0,0,0,1.0,1,1.0,1,1.0,1,0.2047178212669742,53
4226,2,18991,3083,15908,0,0,0,1.0,1,1.0,1,1.0,1,0.2369872410863792,54
4227,1,18992,3084,15908,0,0,0,1.0,1,1.0,1,1.0,1,0.23540286414206205,52
4228,2,18994,3086,15908,0,0,0,1.0,1,1.0,1,1.0,1,0.2369116276770753,51
4229,3,18997,3088,15909,0,0,0,1.0,1,1.0,1,1.0,1,0.2596371103413651,48
4230,2,18999,3090,15909,0,0,0,1.0,1,1.0,1,1.0,1,0.28764377805975144,48
4231,5,19004,3091,15913,0,0,0,1.0,1,1.0,1,1.0,1,0.20408658824029965,48
4232,3,19007,3092,15915,0,0,0,1.0,1,1.0,1,1.0,1,0.19323338238049967,48
4233,7,19014,3092,15922,0,0,0,1.0,1,1.0,1,1.0,1,0.21128317512372355,48
4234,6,19020,3093,15927,0,0,0,1.0,1,1.0,1,1.0,1,0.19930821773526297,49
4235,5,19025,3093,15932,0,0,0,1.0,1,1.0,1,1.0,1,0.20269764135473795,47
4236,6,19031,3094,15937,0,0,0,1.0,1,1.0,1,1.0,1,0.19312738669469293,47
4237,3,19034,3094,15940,0,0,0,1.0,1,1.0,1,1.0,1,0.22226375915529395,48
4238,3,19037,3094,15943,0,0,0,1.0,1,1.0,1,1.0,1,0.2394943136635253,47
4239,7,19044,3094,15950,0,0,0,1.0,1,1.0,1,1.0,1,0.20973783173607422,48
4240,8,19052,3094,15958,0,0,0,1.0,1,1.0,1,1.0,1,0.1868464548326847,47
4241,4,19056,3094,15962,0,0,0,1.0,1,1.0,1,1.0,1,0.06375920201369623,49
4242,0,19056,3094,15962,0,0,0,1.0,1,1.0,1,1.0,1,0.06048333196241749,49
4243,0,19056,3094,15962,0,0,0,1.0,1,1.0,1,1.0,1,0.08226640460846434,50
4244,2,19058,3094,15964,0,0,0,1.0,1,1.0,1,1.0,1,0.10632348079993992,51
4245,4,19062,3094,15968,0,0,0,1.0,1,1.0,1,1.0,1,0.1255778281958711,51
4246,2,19064,3094,15970,0,0,0,1.0,1,1.0,1,1.0,1,0.1465385697194623,51
4247,3,19067,3094,15973,0,0,0,1.0,1,1.0,1,1.0,1,0.12875994376288077,52
4248,4,19071,3096,15975,0,0,0,1.0,1,1.0,1,1.0,1,0.17685295017040956,52
4249,6,19077,3096,15981,0,0,0,1.0,1,1.0,1,1.0,1,0.1777507137475563,52
4250,5,19082,3097,15985,0,0,0,1.0,1,1.0,1,1.0,1,0.20243493815191593,52
4251,10,19092,3097,15995,0,0,0,1.0,1,1.0,1,1.0,1,0.21021428262909744,53
4252,6,19098,3098,16000,0,0,0,1.0,1,1.0,1,1.0,1,0.24331115063031988,53
4253,11,19109,3101,16008,0,0,0,1.0,1,1.0,1,1.0,1,0.2540883332315651,54
4254,10,19119,3101,16018,0,0,0,1.0,1,1.0,1,1.0,1,0.26684128331089396,54
4255,6,19125,3101,16024,0,0,0,1.0,1,1.0,1,1.0,1,0.24009680425075686,55
4256,15,19140,3103,16037,0,0,0,1.0,1,1.0,1,1.0,1,0.24831779209415203,57
4257,7,19147,3103,16044,0,0,0,1.0,1,1.0,1,1.0,1,0.2648901489615662,57
4258,8,19155,3103,16052,0,0,0,1.0,1,1.0,1,1.0,1,0.242898566287489,57
4259,12,19167,3103,16064,0,0,0,1.0,1,1.0,1,1.0,1,0.24642240601287935,57
4260,14,19181,3103,16078,0,0,0,1.0,1,1.0,1,1.0,1,0.2546764045017005,58
4261,9,19190,3103,16087,0,0,0,1.0,1,1.0,1,1.0,1,0.12097636505411956,59
4262,4,19194,3104,16090,0,0,0,1.0,1,1.0,1,1.0,1,0.11123497908195516,60
4263,9,19203,3106,16097,0,0,0,1.0,1,1.0,1,1.0,1,0.10041401751120031,59
4264,8,19211,3107,16104,0,0,0,1.0,1,1.0,1,1.0,1,0.09442562833082929,58
4265,7,19218,3107,16111,0,0,0,1.0,1,1.0,1,1.0,1,0.10855338139449053,58
4266,3,19221,3107,16114,0,0,0,1.0,1,1.0,1,1.0,1,0.11789459825734343,58
4267,3,19224,3107,16117,0,0,0,1.0,1,1.0,1,1.0,1,0.1589301698634915,55
4268,4,19228,3109,16119,0,0,0,1.0,1,1.0,1,1.0,1,0.12675765965187066,55
4269,3,19231,3111,16120,0,0,0,1.0,1,1.0,1,1.0,1,0.11378636443190944,50
4270,1,19232,3112,16120,0,0,0,1.0,1,1.0,1,1.0,1,0.15024745451830762,47
4271,2,19234,3113,16121,0,0,0,1.0,1,1.0,1,1.0,1,0.16046455530457737,47
4272,1,19235,3113,16122,0,0,0,1.0,1,1.0,1,1.0,1,0.15489527325868793,46
4273,2,19237,3113,16124,0,0,0,1.0,1,1.0,1,1.0,1,0.1679317385645698,47
4274,5,19242,3114,16128,0,0,0,1.0,1,1.0,1,1.0,1,0.13818066010198357,45
4275,5,19247,3118,16129,0,0,0,1.0,1,1.0,1,1.0,1,0.18765209884816253,44
4276,5,19252,3120,16132,0,0,0,1.0,1,1.0,1,1.0,1,0.2161474365166807,43
4277,4,19256,3122,16134,0,0,0,1.0,1,1.0,1,1.0,1,0.31917797875482384,42
4278,4,19260,3123,16137,0,0,0,1.0,1,1.0,1,1.0,1,0.3421634473138172,43
4279,6,19266,3125,16141,0,0,0,1.0,1,1.0,1,1.0,1,0.353945780759609,42
4280,6,19272,3126,16146,0,0,0,1.0,1,1.0,1,1.0,1,0.36031819053395797,44
4281,14,19286,3126,16160,0,0,0,1.0,1,1.0,1,1.0,1,0.16906079041922994,44
4282,8,19294,3126,16168,0,0,0,1.0,1,1.0,1,1.0,1,0.16906079041922994,44
4283,8,19302,3126,16176,0,0,0,1.0,1,1.0,1,1.0,1,0.1531558800900469,45
4284,5,19307,3126,16181,0,0,0,1.0,1,1.0,1,1.0,1,0.1185657847929478,45
4285,9,19316,3126,16190,0,0,0,1.0,1,1.0,1,1.0,1,0.1980266808318765,47
4286,5,19321,3126,16195,0,0,0,1.0,1,1.0,1,1.0,1,0.10539949520525617,47
4287,12,19333,3126,16207,0,0,0,1.0,1,1.0,1,1.0,1,0.1956382383719735,49
4288,13,19346,3126,16220,0,0,0,1.0,1,1.0,1,1.0,1,0.19554735981442672,49
4289,10,19356,3126,16230,0,0,0,1.0,1,1.0,1,1.0,1,0.19132084849892114,50
4290,8,19364,3127,16237,0,0,0,1.0,1,1.0,1,1.0,1,0.14677182720815599,51
4291,10,19374,3127,16247,0,0,0,1.0,1,1.0,1,1.0,1,0.2635601415487758,50
4292,13,19387,3128,16259,0,0,0,1.0,1,1.0,1,1.0,1,0.25534450359682004,51
4293,14,19401,3128,16273,0,0,0,1.0,1,1.0,1,1.0,1,0.25050930743475047,51
4294,9,19410,3129,16281,0,0,0,1.0,1,1.0,1,1.0,1,0.2607941210648567,50
4295,11,19421,3131,16290,0,0,0,1.0,1,1.0,1,1.0,1,0.3026055728249137,50
4296,16,19437,3131,16306,0,0,0,1.0,1,1.0,1,1.0,1,0.2629728062287135,49
4297,8,19445,3131,16314,0,0,0,1.0,1,1.0,1,1.0,1,0.2902932810234748,49
4298,12,19457,3131,16326,0,0,0,1.0,1,1.0,1,1.0,1,0.29846678561762635,49
4299,11,19468,3131,16337,0,0,0,1.0,1,1.0,1,1.0,1,0.30908896291487625,48
4300,13,19481,3132,16349,0,0,0,1.0,1,1.0,1,1.0,1,0.2243317822567349,49
4301,13,19494,3135,16359,0,0,0,1.0,1,1.0,1,1.0,1,0.09913294620014727,50
4302,6,19500,3135,16365,0,0,0,1.0,1,1.0,1,1.0,1,0.11844761684214564,51
4303,7,19507,3136,16371,0,0,0,1.0,1,1.0,1,1.0,1,0.09629218919719705,51
4304,8,19515,3137,16378,0,0,0,1.0,1,1.0,1,1.0,1,0.11318204224635847,51
4305,9,19524,3137,16387,0,0,0,1.0,1,1.0,1,1.0,1,0.13644975941610493,49
4306,6,19530,3137,16393,0,0,0,1.0,1,1.0,1,1.0,1,0.1633528460145336,49
4307,12,19542,3139,16403,0,0,0,1.0,1,1.0,1,1.0,1,0.23884567221230782,46
4308,7,19549,3140,16409,0,0,0,1.0,1,1.0,1,1.0,1,0.18845403122577897,44
4309,6,19555,3142,16413,0,0,0,1.0,1,1.0,1,1.0,1,0.2601434701799825,44
4310,7,19562,3142,16420,0,0,0,1.0,1,1.0,1,1.0,1,0.30786507893375487,42
4311,13,19575,3147,16428,0,0,0,1.0,1,1.0,1,1.0,1,0.314458513286827,42
4312,10,19585,3149,16436,0,0,0,1.0,1,1.0,1,1.0,1,0.2835312241517579,40
4313,11,19596,3153,16443,0,0,0,1.0,1,1.0,1,1.0,1,0.270002929287222,40
4314,6,19602,3153,16449,0,0,0,1.0,1,1.0,1,1.0,1,0.3038807457980173,36
4315,9,19611,3153,16458,0,0,0,1.0,1,1.0,1,1.0,1,0.2980859266008276,37
4316,5,19616,3154,16462,0,0,0,1.0,1,1.0,1,1.0,1,0.2641499417266531,37
4317,8,19624,3155,16469,0,0,0,1.0,1,1.0,1,1.0,1,0.24500656976972682,36
4318,3,19627,3156,16471,0,0,0,1.0,1,1.0,1,1.0,1,0.29280073342215307,34
4319,3,19630,3156,16474,0,0,0,1.0,1,1.0,1,1.0,1,0.25390373097979585,34
4320,2,19632,3156,16476,0,0,0,1.0,1,1.0,1,1.0,1,0.27016057799451676,34
4321,4,19636,3156,16480,0,0,0,1.0,1,1.0,1,1.0,1,0.16542874932440252,35
4322,1,19637,3156,16481,0,0,0,1.0,1,1.0,1,1.0,1,0.13882101807171837,35
4323,2,19639,3156,16483,0,0,0,1.0,1,1.0,1,1.0,1,0.10607370795094713,35
4324,1,19640,3156,16484,0,0,0,1.0,1,1.0,1,1.0,1,0.13102436235380616,34
4325,5,19645,3156,16489,0,0,0,1.0,1,1.0,1,1.0,1,0.11484047516440779,34
4326,3,19648,3157,16491,0,0,0,1.0,1,1.0,1,1.0,1,0.13332414579530005,36
4327,3,19651,3157,16494,0,0,0,1.0,1,1.0,1,1.0,1,0.1602065997354137,35
4328,4,19655,3157,16498,0,0,0,1.0,1,1.0,1,1.0,1,0.1602065997354137,35
4329,6,19661,3158,16503,0,0,0,1.0,1,1.0,1,1.0,1,0.16406704110847137,38
4330,4,19665,3159,16506,0,0,0,1.0,1,1.0,1,1.0,1,0.16916897647238432,38
4331,6,19671,3159,16512,0,0,0,1.0,1,1.0,1,1.0,1,0.15684819460942992,39
4332,7,19678,3159,16519,0,0,0,1.0,1,1.0,1,1.0,1,0.16885931806125845,40
4333,3,19681,3159,16522,0,0,0,1.0,1,1.0,1,1.0,1,0.172506433355885,41
4334,4,19685,3160,16525,0,0,0,1.0,1,1.0,1,1.0,1,0.14548739247147494,41
4335,3,19688,3160,16528,0,0,0,1.0,1,1.0,1,1.0,1,0.1681356983610182,42
4336,3,19691,3160,16531,0,0,0,1.0,1,1.0,1,1.0,1,0.14932742496845103,43
4337,6,19697,3160,16537,0,0,0,1.0,1,1.0,1,1.0,1,0.15781112815479464,44
4338,6,19703,3160,16543,0,0,0,1.0,1,1.0,1,1.0,1,0.16318001855969191,44
4339,6,19709,3162,16547,0,0,0,1.0,1,1.0,1,1.0,1,0.15827838499986033,46
4340,7,19716,3162,16554,0,0,0,1.0,1,1.0,1,1.0,1,0.15159428110481832,47
4341,10,19726,3163,16563,0,0,0,1.0,1,1.0,1,1.0,1,0.1401500325468036,47
4342,11,19737,3167,16570,0,0,0,1.0,1,1.0,1,1.0,1,0.1930248285045646,47
4343,9,19746,3168,16578,0,0,0,1.0,1,1.0,1,1.0,1,0.14970668268396642,42
4344,7,19753,3171,16582,0,0,0,1.0,1,1.0,1,1.0,1,0.14125625001048145,42
4345,3,19756,3172,16584,0,0,0,1.0,1,1.0,1,1.0,1,0.16911986058378795,39
4346,1,19757,3173,16584,0,0,0,1.0,1,1.0,1,1.0,1,0.1925093234684201,37
4347,2,19759,3174,16585,0,0,0,1.0,1,1.0,1,1.0,1,0.20423299707019896,37
4348,5,19764,3178,16586,0,0,0,1.0,1,1.0,1,1.0,1,0.3118216459419216,38
4349,3,19767,3178,16589,0,0,0,1.0,1,1.0,1,1.0,1,0.2771221865883331,36
4350,6,19773,3180,16593,0,0,0,1.0,1,1.0,1,1.0,1,0.28868408656941513,37
4351,5,19778,3181,16597,0,0,0,1.0,1,1.0,1,1.0,1,0.2718743377361359,35
4352,2,19780,3181,16599,0,0,0,1.0,1,1.0,1,1.0,1,0.3553322173525106,34
4353,6,19786,3181,16605,0,0,0,1.0,1,1.0,1,1.0,1,0.35478946932968947,34
4354,3,19789,3181,16608,0,0,0,1.0,1,1.0,1,1.0,1,0.33758500627457244,32
4355,3,19792,3181,16611,0,0,0,1.0,1,1.0,1,1.0,1,0.29400964469917656,32
4356,1,19793,3181,16612,0,0,0,1.0,1,1.0,1,1.0,1,0.2896121470685906,34
4357,2,19795,3181,16614,0,0,0,1.0,1,1.0,1,1.0,1,0.21564907988781426,35
4358,1,19796,3181,16615,0,0,0,1.0,1,1.0,1,1.0,1,0.25718418466983384,35
4359,5,19801,3182,16619,0,0,0,1.0,1,1.0,1,1.0,1,0.23097293613396644,37
4360,5,19806,3182,16624,0,0,0,1.0,1,1.0,1,1.0,1,0.2439454652527891,38
4361,9,19815,3182,16633,0,0,0,1.0,1,1.0,1,1.0,1,0.10923399109548364,39
4362,7,19822,3182,16640,0,0,0,1.0,1,1.0,1,1.0,1,0.14903593679462046,38
4363,3,19825,3182,16643,0,0,0,1.0,1,1.0,1,1.0,1,0.14571374168790294,38
4364,7,19832,3183,16649,0,0,0,1.0,1,1.0,1,1.0,1,0.18026162702311566,39
4365,7,19839,3183,16656,0,0,0,1.0,1,1.0,1,1.0,1,0.17248682383361053,39
4366,7,19846,3183,16663,0,0,0,1.0,1,1.0,1,1.0,1,0.18122549531805943,39
4367,7,19853,3183,16670,0,0,0,1.0,1,1.0,1,1.0,1,0.1963382116118643,41
4368,9,19862,3184,16678,0,0,0,1.0,1,1.0,1,1.0,1,0.24070493491608844,41
4369,10,19872,3185,16687,0,0,0,1.0,1,1.0,1,1.0,1,0.2805970215604446,42
4370,8,19880,3185,16695,0,0,0,1.0,1,1.0,1,1.0,1,0.26813759118449,42
4371,6,19886,3185,16701,0,0,0,1.0,1,1.0,1,1.0,1,0.2649376925216764,43
4372,8,19894,3186,16708,0,0,0,1.0,1,1.0,1,1.0,1,0.3040863536099747,43
4373,6,19900,3187,16713,0,0,0,1.0,1,1.0,1,1.0,1,0.294401790895358,43
4374,14,19914,3188,16726,0,0,0,1.0,1,1.0,1,1.0,1,0.3186036816203641,44
4375,15,19929,3189,16740,0,0,0,1.0,1,1.0,1,1.0,1,0.31918836523935007,45
4376,11,19940,3190,16750,0,0,0,1.0,1,1.0,1,1.0,1,0.3574768328322273,46
4377,14,19954,3191,16763,0,0,0,1.0,1,1.0,1,1.0,1,0.3276338095022894,47
4378,12,19966,3192,16774,0,0,0,1.0,1,1.0,1,1.0,1,0.33327924207992615,49
4379,19,19985,3194,16791,0,0,0,1.0,1,1.0,1,1.0,1,0.3779588072992911,51
4380,15,20000,3194,16806,0,0,0,1.0,1,1.0,1,1.0,1,0.33400262017802906,50
4381,14,20014,3194,16820,0,0,0,1.0,1,1.0,1,1.0,1,0.1868668015474387,49
4382,5,20019,3196,16823,0,0,0,1.0,1,1.0,1,1.0,1,0.2221055496705855,47
4383,4,20023,3198,16825,0,0,0,1.0,1,1.0,1,1.0,1,0.22317750529155078,47
4384,4,20027,3199,16828,0,0,0,1.0,1,1.0,1,1.0,1,0.2623841899098637,44
4385,6,20033,3199,16834,0,0,0,1.0,1,1.0,1,1.0,1,0.2535325520642842,42
4386,7,20040,3201,16839,0,0,0,1.0,1,1.0,1,1.0,1,0.3110009146000272,41
4387,4,20044,3201,16843,0,0,0,1.0,1,1.0,1,1.0,1,0.25860411851366955,39
4388,6,20050,3202,16848,0,0,0,1.0,1,1.0,1,1.0,1,0.2486415022672368,39
4389,2,20052,3202,16850,0,0,0,1.0,1,1.0,1,1.0,1,0.26372985688836087,38
4390,4,20056,3202,16854,0,0,0,1.0,1,1.0,1,1.0,1,0.27719386009240304,38
4391,4,20060,3202,16858,0,0,0,1.0,1,1.0,1,1.0,1,0.22931305438120422,39
4392,7,20067,3202,16865,0,0,0,1.0,1,1.0,1,1.0,1,0.24614926098104858,39
4393,6,20073,3202,16871,0,0,0,1.0,1,1.0,1,1.0,1,0.23730812611777574,40
4394,4,20077,3202,16875,0,0,0,1.0,1,1.0,1,1.0,1,0.26005032794270544,39
4395,4,20081,3202,16879,0,0,0,1.0,1,1.0,1,1.0,1,0.2362832292504335,39
4396,2,20083,3202,16881,0,0,0,1.0,1,1.0,1,1.0,1,0.2305992031221585,39
4397,4,20087,3203,16884,0,0,0,1.0,1,1.0,1,1.0,1,0.2344501283311507,38
4398,1,20088,3203,16885,0,0,0,1.0,1,1.0,1,1.0,1,0.2694579847797767,39
4399,3,20091,3203,16888,0,0,0,1.0,1,1.0,1,1.0,1,0.27865393109580133,42
4400,3,20094,3203,16891,0,0,0,1.0,1,1.0,1,1.0,1,0.2407498116759516,43
4401,8,20102,3203,16899,0,0,0,1.0,1,1.0,1,1.0,1,0.11874407778980035,44
4402,0,20102,3203,16899,0,0,0,1.0,1,1.0,1,1.0,1,0.11874407778980035,44
4403,1,20103,3203,16900,0,0,0,1.0,1,1.0,1,1.0,1,0.11331943995281872,45
4404,1,20104,3203,16901,0,0,0,1.0,1,1.0,1,1.0,1,0.11248229266085834,45
4405,1,20105,3203,16902,0,0,0,1.0,1,1.0,1,1.0,1,0.10290450549933144,46
4406,2,20107,3203,16904,0,0,0,1.0,1,1.0,1,1.0,1,0.10009286207427605,46
4407,0,20107,3203,16904,0,0,0,1.0,1,1.0,1,1.0,1,0.10009286207427605,46
4408,0,20107,3203,16904,0,0,0,1.0,1,1.0,1,1.0,1,0.09937622373864692,47
4409,1,20108,3204,16904,0,0,0,1.0,1,1.0,1,1.0,1,0.13653615313967862,48
4410,0,20108,3204,16904,0,0,0,1.0,1,1.0,1,1.0,1,0.13653615313967862,48
4411,2,20110,3204,16906,0,0,0,1.0,1,1.0,1,1.0,1,0.13669319404854569,50
4412,2,20112,3204,16908,0,0,0,1.0,1,1.0,1,1.0,1,0.09787115992232244,50
4413,1,20113,3205,16908,0,0,0,1.0,1,1.0,1,1.0,1,0.09834729938714006,50
4414,0,20113,3205,16908,0,0,0,1.0,1,1.0,1,1.0,1,0.10716604293312941,51
4415,1,20114,3206,16908,0,0,0,1.0,1,1.0,1,1.0,1,0.09685453528560682,51
4416,2,20116,3206,16910,0,0,0,1.0,1,1.0,1,1.0,1,0.10484995252706848,51
4417,5,20121,3207,16914,0,0,0,1.0,1,1.0,1,1.0,1,0.1355309801884232,51
4418,4,20125,3207,16918,0,0,0,1.0,1,1.0,1,1.0,1,0.10956205785970768,51
4419,3,20128,3207,16921,0,0,0,1.0,1,1.0,1,1.0,1,0.11253330769142454,50
4420,2,20130,3207,16923,0,0,0,1.0,1,1.0,1,1.0,1,0.11741499154162288,50
4421,3,20133,3207,16926,0,0,0,1.0,1,1.0,1,1.0,1,0.09241486336423096,52
4422,0,20133,3207,16926,0,0,0,1.0,1,1.0,1,1.0,1,0.0898884447206664,51
4423,1,20134,3208,16926,0,0,0,1.0,1,1.0,1,1.0,1,0.10291726151534442,51
4424,0,20134,3208,16926,0,0,0,1.0,1,1.0,1,1.0,1,0.1252167005437723,53
4425,0,20134,3208,16926,0,0,0,1.0,1,1.0,1,1.0,1,0.14395455495608692,54
4426,1,20135,3208,16927,0,0,0,1.0,1,1.0,1,1.0,1,0.1015459514538264,55
4427,1,20136,3208,16928,0,0,0,1.0,1,1.0,1,1.0,1,0.07190860621022799,55
4428,0,20136,3208,16928,0,0,0,1.0,1,1.0,1,1.0,1,0.07190860621022799,55
4429,0,20136,3208,16928,0,0,0,1.0,1,1.0,1,1.0,1,0.0766035342850758,56
4430,3,20139,3208,16931,0,0,0,1.0,1,1.0,1,1.0,1,0.07141716932430484,55
4431,2,20141,3208,16933,0,0,0,1.0,1,1.0,1,1.0,1,0.08782943527602878,56
4432,3,20144,3209,16935,0,0,0,1.0,1,1.0,1,1.0,1,0.08784391630211864,56
4433,1,20145,3209,16936,0,0,0,1.0,1,1.0,1,1.0,1,0.06603693629699185,57
4434,1,20146,3209,16937,0,0,0,1.0,1,1.0,1,1.0,1,0.0857659978179438,56
4435,2,20148,3210,16938,0,0,0,1.0,1,1.0,1,1.0,1,0.08824289144730309,56
4436,4,20152,3211,16941,0,0,0,1.0,1,1.0,1,1.0,1,0.087609970109184,55
4437,3,20155,3211,16944,0,0,0,1.0,1,1.0,1,1.0,1,0.11994520581053521,54
4438,7,20162,3213,16949,0,0,0,1.0,1,1.0,1,1.0,1,0.17117302757149322,54
4439,7,20169,3213,16956,0,0,0,1.0,1,1.0,1,1.0,1,0.17602871169639905,55
4440,6,20175,3214,16961,0,0,0,1.0,1,1.0,1,1.0,1,0.159668074052753,55
4441,7,20182,3216,16966,0,0,0,1.0,1,1.0,1,1.0,1,0.10568971740161981,59
4442,6,20188,3216,16972,0,0,0,1.0,1,1.0,1,1.0,1,0.0751573102057853,61
4443,2,20190,3217,16973,0,0,0,1.0,1,1.0,1,1.0,1,0.0918097692399943,60
4444,4,20194,3218,16976,0,0,0,1.0,1,1.0,1,1.0,1,0.1154993617404039,61
4445,3,20197,3218,16979,0,0,0,1.0,1,1.0,1,1.0,1,0.10680001683918183,61
4446,7,20204,3219,16985,0,0,0,1.0,1,1.0,1,1.0,1,0.10925689720807123,62
4447,4,20208,3219,16989,0,0,0,1.0,1,1.0,1,1.0,1,0.1135507412475814,63
4448,8,20216,3221,16995,0,0,0,1.0,1,1.0,1,1.0,1,0.1683847044166009,63
4449,8,20224,3221,17003,0,0,0,1.0,1,1.0,1,1.0,1,0.13656017614190447,63
4450,8,20232,3221,17011,0,0,0,1.0,1,1.0,1,1.0,1,0.17889729912839963,62
4451,5,20237,3221,17016,0,0,0,1.0,1,1.0,1,1.0,1,0.16528072094294927,63
4452,5,20242,3221,17021,0,0,0,1.0,1,1.0,1,1.0,1,0.18075808423953177,64
4453,7,20249,3221,17028,0,0,0,1.0,1,1.0,1,1.0,1,0.15928203759467013,65
4454,6,20255,3221,17034,0,0,0,1.0,1,1.0,1,1.0,1,0.14837522284957816,66
4455,11,20266,3222,17044,0,0,0,1.0,1,1.0,1,1.0,1,0.12924742297723799,67
4456,8,20274,3224,17050,0,0,0,1.0,1,1.0,1,1.0,1,0.14592385590575863,67
4457,7,20281,3224,17057,0,0,0,1.0,1,1.0,1,1.0,1,0.1397957673575717,65
4458,6,20287,3224,17063,0,0,0,1.0,1,1.0,1,1.0,1,0.14571763785688158,65
4459,11,20298,3226,17072,0,0,0,1.0,1,1.0,1,1.0,1,0.16545848500361487,64
4460,4,20302,3226,17076,0,0,0,1.0,1,1.0,1,1.0,1,0.18878091247818976,63
4461,8,20310,3227,17083,0,0,0,1.0,1,1.0,1,1.0,1,0.16390434283002064,62
4462,4,20314,3231,17083,0,0,0,1.0,1,1.0,1,1.0,1,0.2195620431396233,61
4463,5,20319,3234,17085,0,0,0,1.0,1,1.0,1,1.0,1,0.2333349867525664,61
4464,4,20323,3236,17087,0,0,0,1.0,1,1.0,1,1.0,1,0.2311153330555655,58
4465,3,20326,3237,17089,0,0,0,1.0,1,1.0,1,1.0,1,0.2284693612534341,57
4466,4,20330,3240,17090,0,0,0,1.0,1,1.0,1,1.0,1,0.26191221117028807,54
4467,4,20334,3242,17092,0,0,0,1.0,1,1.0,1,1.0,1,0.2449572334061851,52
4468,4,20338,3244,17094,0,0,0,1.0,1,1.0,1,1.0,1,0.23185239605724,52
4469,2,20340,3245,17095,0,0,0,1.0,1,1.0,1,1.0,1,0.22747426586044495,51
4470,2,20342,3247,17095,0,0,0,1.0,1,1.0,1,1.0,1,0.26161415517344544,51
4471,3,20345,3249,17096,0,0,0,1.0,1,1.0,1,1.0,1,0.2503125575802165,50
4472,2,20347,3250,17097,0,0,0,1.0,1,1.0,1,1.0,1,0.24026501458943858,48
4473,0,20347,3250,17097,0,0,0,1.0,1,1.0,1,1.0,1,0.24044454096982332,47
4474,7,20354,3252,17102,0,0,0,1.0,1,1.0,1,1.0,1,0.22599839887278267,49
4475,0,20354,3252,17102,0,0,0,1.0,1,1.0,1,1.0,1,0.2614186954770771,47
4476,2,20356,3254,17102,0,0,0,1.0,1,1.0,1,1.0,1,0.26851761545557745,49
4477,2,20358,3255,17103,0,0,0,1.0,1,1.0,1,1.0,1,0.3124304894982892,48
4478,0,20358,3255,17103,0,0,0,1.0,1,1.0,1,1.0,1,0.3124304894982892,48
4479,0,20358,3255,17103,0,0,0,1.0,1,1.0,1,1.0,1,0.3124304894982892,48
4480,1,20359,3255,17104,0,0,0,1.0,1,1.0,1,1.0,1,0.2761039683499593,49
4481,8,20367,3255,17112,0,0,0,1.0,1,1.0,1,1.0,1,0.1611909452491261,49
4482,4,20371,3256,17115,0,0,0,1.0,1,1.0,1,1.0,1,0.17692711325535215,49
4483,1,20372,3256,17116,0,0,0,1.0,1,1.0,1,1.0,1,0.18798796387948272,50
4484,8,20380,3257,17123,0,0,0,1.0,1,1.0,1,1.0,1,0.14845563585538862,52
4485,6,20386,3257,17129,0,0,0,1.0,1,1.0,1,1.0,1,0.1788028045306022,53
4486,8,20394,3258,17136,0,0,0,1.0,1,1.0,1,1.0,1,0.16540775298014945,55
4487,8,20402,3260,17142,0,0,0,1.0,1,1.0,1,1.0,1,0.14625144761026457,55
4488,3,20405,3260,17145,0,0,0,1.0,1,1.0,1,1.0,1,0.12626063761146347,54
4489,7,20412,3261,17151,0,0,0,1.0,1,1.0,1,1.0,1,0.17074055343460084,53
4490,4,20416,3261,17155,0,0,0,1.0,1,1.0,1,1.0,1,0.1997923706384955,53
4491,9,20425,3262,17163,0,0,0,1.0,1,1.0,1,1.0,1,0.22689088765240373,52
4492,8,20433,3262,17171,0,0,0,1.0,1,1.0,1,1.0,1,0.22689088765240373,52
4493,9,20442,3263,17179,0,0,0,1.0,1,1.0,1,1.0,1,0.28355110201861683,52
4494,5,20447,3263,17184,0,0,0,1.0,1,1.0,1,1.0,1,0.25491694329889997,53
4495,8,20455,3265,17190,0,0,0,1.0,1,1.0,1,1.0,1,0.2550837741049786,50
4496,8,20463,3268,17195,0,0,0,1.0,1,1.0,1,1.0,1,0.26701477057555867,51
4497,10,20473,3269,17204,0,0,0,1.0,1,1.0,1,1.0,1,0.1856420929631836,50
4498,9,20482,3271,17211,0,0,0,1.0,1,1.0,1,1.0,1,0.18232512583735117,49
4499,4,20486,3271,17215,0,0,0,1.0,1,1.0,1,1.0,1,0.24502327823471431,48
4500,6,20492,3273,17219,0,0,0,1.0,1,1.0,1,1.0,1,0.2320085980292905,48
4501,7,20499,3275,17224,0,0,0,1.0,1,1.0,1,1.0,1,0.1467925722597793,48
4502,5,20504,3277,17227,0,0,0,1.0,1,1.0,1,1.0,1,0.15438964643724168,49
4503,3,20507,3278,17229,0,0,0,1.0,1,1.0,1,1.0,1,0.16743558755618754,49
4504,2,20509,3278,17231,0,0,0,1.0,1,1.0,1,1.0,1,0.19274013257471034,45
4505,3,20512,3279,17233,0,0,0,1.0,1,1.0,1,1.0,1,0.17369178679841954,46
4506,1,20513,3280,17233,0,0,0,1.0,1,1.0,1,1.0,1,0.217099667370869,45
4507,5,20518,3280,17238,0,0,0,1.0,1,1.0,1,1.0,1,0.2225993750326035,45
4508,7,20525,3283,17242,0,0,0,1.0,1,1.0,1,1.0,1,0.21395840289752005,43
4509,2,20527,3283,17244,0,0,0,1.0,1,1.0,1,1.0,1,0.29182326255101476,41
4510,4,20531,3285,17246,0,0,0,1.0,1,1.0,1,1.0,1,0.23382063807397788,42
4511,1,20532,3285,17247,0,0,0,1.0,1,1.0,1,1.0,1,0.2573892279307269,41
4512,2,20534,3285,17249,0,0,0,1.0,1,1.0,1,1.0,1,0.2573892279307269,41
4513,2,20536,3285,17251,0,0,0,1.0,1,1.0,1,1.0,1,0.2573892279307269,41
4514,0,20536,3285,17251,0,0,0,1.0,1,1.0,1,1.0,1,0.24587984723676043,42
4515,2,20538,3285,17253,0,0,0,1.0,1,1.0,1,1.0,1,0.2936661470538879,41
4516,6,20544,3286,17258,0,0,0,1.0,1,1.0,1,1.0,1,0.24095602590154247,42
4517,3,20547,3286,17261,0,0,0,1.0,1,1.0,1,1.0,1,0.19065807683613437,43
4518,3,20550,3286,17264,0,0,0,1.0,1,1.0,1,1.0,1,0.21996962628044003,42
4519,3,20553,3288,17265,0,0,0,1.0,1,1.0,1,1.0,1,0.2242314482863398,42
4520,3,20556,3288,17268,0,0,0,1.0,1,1.0,1,1.0,1,0.277273571064643,42
4521,9,20565,3289,17276,0,0,0,1.0,1,1.0,1,1.0,1,0.15234174432675798,42
4522,2,20567,3289,17278,0,0,0,1.0,1,1.0,1,1.0,1,0.14235798914913458,42
4523,2,20569,3289,17280,0,0,0,1.0,1,1.0,1,1.0,1,0.14235798914913458,42
4524,7,20576,3291,17285,0,0,0,1.0,1,1.0,1,1.0,1,0.11145335386179134,43
4525,7,20583,3291,17292,0,0,0,1.0,1,1.0,1,1.0,1,0.1514791663421514,46
4526,9,20592,3294,17298,0,0,0,1.0,1,1.0,1,1.0,1,0.17981977220659853,46
4527,7,20599,3294,17305,0,0,0,1.0,1,1.0,1,1.0,1,0.17997191918068037,47
4528,9,20608,3294,17314,0,0,0,1.0,1,1.0,1,1.0,1,0.136441791109367,49
4529,5,20613,3294,17319,0,0,0,1.0,1,1.0,1,1.0,1,0.15281683433806956,50
4530,5,20618,3294,17324,0,0,0,1.0,1,1.0,1,1.0,1,0.1356198545894395,51
4531,5,20623,3294,17329,0,0,0,1.0,1,1.0,1,1.0,1,0.1206962298563002,51
4532,5,20628,3295,17333,0,0,0,1.0,1,1.0,1,1.0,1,0.16524546415130972,51
4533,6,20634,3295,17339,0,0,0,1.0,1,1.0,1,1.0,1,0.16559400887101322,50
4534,10,20644,3295,17349,0,0,0,1.0,1,1.0,1,1.0,1,0.17251683380540375,51
4535,4,20648,3296,17352,0,0,0,1.0,1,1.0,1,1.0,1,0.18019992883798172,50
4536,2,20650,3296,17354,0,0,0,1.0,1,1.0,1,1.0,1,0.1609510404093979,48
4537,1,20651,3296,17355,0,0,0,1.0,1,1.0,1,1.0,1,0.17067000007218674,49
4538,5,20656,3297,17359,0,0,0,1.0,1,1.0,1,1.0,1,0.1591250951108529,48
4539,3,20659,3298,17361,0,0,0,1.0,1,1.0,1,1.0,1,0.19553718740323725,50
4540,6,20665,3298,17367,0,0,0,1.0,1,1.0,1,1.0,1,0.1815168513683517,49
4541,6,20671,3300,17371,0,0,0,1.0,1,1.0,1,1.0,1,0.1235229033340301,49
4542,4,20675,3301,17374,0,0,0,1.0,1,1.0,1,1.0,1,0.1306658837490026,47
4543,0,20675,3301,17374,0,0,0,1.0,1,1.0,1,1.0,1,0.14034261944368864,45
4544,1,20676,3302,17374,0,0,0,1.0,1,1.0,1,1.0,1,0.12849142523197776,45
4545,4,20680,3306,17374,0,0,0,1.0,1,1.0,1,1.0,1,0.17358874781173572,43
4546,1,20681,3307,17374,0,0,0,1.0,1,1.0,1,1.0,1,0.16004318765956835,43
4547,0,20681,3307,17374,0,0,0,1.0,1,1.0,1,1.0,1,0.1982704004544072,41
4548,6,20687,3311,17376,0,0,0,1.0,1,1.0,1,1.0,1,0.18840280199390294,42
4549,0,20687,3311,17376,0,0,0,1.0,1,1.0,1,1.0,1,0.15435748823492274,41
4550,6,20693,3314,17379,0,0,0,1.0,1,1.0,1,1.0,1,0.1754969281770191,41
4551,0,20693,3314,17379,0,0,0,1.0,1,1.0,1,1.0,1,0.19441159228872149,39
4552,0,20693,3314,17379,0,0,0,1.0,1,1.0,1,1.0,1,0.21933333301771246,38
4553,0,20693,3314,17379,0,0,0,1.0,1,1.0,1,1.0,1,0.22356542996988032,39
4554,2,20695,3316,17379,0,0,0,1.0,1,1.0,1,1.0,1,0.2411820806579679,38
4555,3,20698,3318,17380,0,0,0,1.0,1,1.0,1,1.0,1,0.22778415824479792,37
4556,1,20699,3319,17380,0,0,0,1.0,1,1.0,1,1.0,1,0.31478762888931533,36
4557,0,20699,3319,17380,0,0,0,1.0,1,1.0,1,1.0,1,0.26482443583955523,38
4558,5,20704,3322,17382,0,0,0,1.0,1,1.0,1,1.0,1,0.30927271977025156,39
4559,4,20708,3323,17385,0,0,0,1.0,1,1.0,1,1.0,1,0.30661104155581853,38
4560,2,20710,3324,17386,0,0,0,1.0,1,1.0,1,1.0,1,0.3005274897026751,41
4561,6,20716,3324,17392,0,0,0,1.0,1,1.0,1,1.0,1,0.23046719561475468,41
4562,0,20716,3324,17392,0,0,0,1.0,1,1.0,1,1.0,1,0.1986801175374688,43
4563,1,20717,3324,17393,0,0,0,1.0,1,1.0,1,1.0,1,0.16084182504753933,42
4564,0,20717,3324,17393,0,0,0,1.0,1,1.0,1,1.0,1,0.16879705069876,43
4565,4,20721,3324,17397,0,0,0,1.0,1,1.0,1,1.0,1,0.11925481877433165,44
4566,1,20722,3324,17398,0,0,0,1.0,1,1.0,1,1.0,1,0.1298950091102295,45
4567,3,20725,3324,17401,0,0,0,1.0,1,1.0,1,1.0,1,0.15976102833479147,47
4568,3,20728,3324,17404,0,0,0,1.0,1,1.0,1,1.0,1,0.19152953103845297,47
4569,7,20735,3325,17410,0,0,0,1.0,1,1.0,1,1.0,1,0.17995396340387562,49
4570,7,20742,3326,17416,0,0,0,1.0,1,1.0,1,1.0,1,0.15797803022909618,49
4571,5,20747,3326,17421,0,0,0,1.0,1,1.0,1,1.0,1,0.14965766817424503,48
4572,3,20750,3326,17424,0,0,0,1.0,1,1.0,1,1.0,1,0.16049155839536886,48
4573,4,20754,3326,17428,0,0,0,1.0,1,1.0,1,1.0,1,0.14896867208243433,48
4574,3,20757,3326,17431,0,0,0,1.0,1,1.0,1,1.0,1,0.16301919309600146,50
4575,6,20763,3328,17435,0,0,0,1.0,1,1.0,1,1.0,1,0.17857202435998012,51
4576,2,20765,3328,17437,0,0,0,1.0,1,1.0,1,1.0,1,0.18567362231437173,48
4577,0,20765,3328,17437,0,0,0,1.0,1,1.0,1,1.0,1,0.18675350481624545,47
4578,2,20767,3328,17439,0,0,0,1.0,1,1.0,1,1.0,1,0.20299440683194972,46
4579,3,20770,3328,17442,0,0,0,1.0,1,1.0,1,1.0,1,0.21424154500934225,46
4580,1,20771,3328,17443,0,0,0,1.0,1,1.0,1,1.0,1,0.19609637277896205,47
4581,3,20774,3329,17445,0,0,0,1.0,1,1.0,1,1.0,1,0.18952641252739627,47
4582,2,20776,3329,17447,0,0,0,1.0,1,1.0,1,1.0,1,0.1906722184016827,48
4583,0,20776,3329,17447,0,0,0,1.0,1,1.0,1,1.0,1,0.1906722184016827,48
4584,3,20779,3329,17450,0,0,0,1.0,1,1.0,1,1.0,1,0.18222720185495297,50
4585,3,20782,3330,17452,0,0,0,1.0,1,1.0,1,1.0,1,0.2013586866230301,50
4586,2,20784,3330,17454,0,0,0,1.0,1,1.0,1,1.0,1,0.20418638962700458,50
4587,1,20785,3330,17455,0,0,0,1.0,1,1.0,1,1.0,1,0.19218807545334904,50
4588,2,20787,3330,17457,0,0,0,1.0,1,1.0,1,1.0,1,0.19218807545334904,50
4589,3,20790,3330,17460,0,0,0,1.0,1,1.0,1,1.0,1,0.18336480138171887,52
4590,2,20792,3330,17462,0,0,0,1.0,1,1.0,1,1.0,1,0.18336480138171887,52
4591,4,20796,3330,17466,0,0,0,1.0,1,1.0,1,1.0,1,0.1832685495745786,53
4592,2,20798,3330,17468,0,0,0,1.0,1,1.0,1,1.0,1,0.17434818084469092,54
4593,0,20798,3330,17468,0,0,0,1.0,1,1.0,1,1.0,1,0.168404533552403,56
4594,2,20800,3330,17470,0,0,0,1.0,1,1.0,1,1.0,1,0.14675170493326212,57
4595,2,20802,3331,17471,0,0,0,1.0,1,1.0,1,1.0,1,0.1233655415350292,56
4596,0,20802,3331,17471,0,0,0,1.0,1,1.0,1,1.0,1,0.1233655415350292,56
4597,3,20805,3332,17473,0,0,0,1.0,1,1.0,1,1.0,1,0.1168618060888208,56
4598,4,20809,3335,17474,0,0,0,1.0,1,1.0,1,1.0,1,0.1536039717739487,57
4599,5,20814,3335,17479,0,0,0,1.0,1,1.0,1,1.0,1,0.1458114238526584,59
4600,4,20818,3335,17483,0,0,0,1.0,1,1.0,1,1.0,1,0.15521913089243208,60
4601,5,20823,3337,17486,0,0,0,1.0,1,1.0,1,1.0,1,0.15757244232942821,60
4602,2,20825,3337,17488,0,0,0,1.0,1,1.0,1,1.0,1,0.12889972709254818,62
4603,0,20825,3337,17488,0,0,0,1.0,1,1.0,1,1.0,1,0.12889972709254818,62
4604,0,20825,3337,17488,0,0,0,1.0,1,1.0,1,1.0,1,0.1174912068712806,63
4605,0,20825,3337,17488,0,0,0,1.0,1,1.0,1,1.0,1,0.1174912068712806,63
4606,2,20827,3337,17490,0,0,0,1.0,1,1.0,1,1.0,1,0.12370428223884802,64
4607,4,20831,3338,17493,0,0,0,1.0,1,1.0,1,1.0,1,0.1457666959102257,65
4608,3,20834,3339,17495,0,0,0,1.0,1,1.0,1,1.0,1,0.1834476065176244,66
4609,2,20836,3339,17497,0,0,0,1.0,1,1.0,1,1.0,1,0.154761503848401,65
4610,3,20839,3339,17500,0,0,0,1.0,1,1.0,1,1.0,1,0.1546869511517744,63
4611,2,20841,3339,17502,0,0,0,1.0,1,1.0,1,1.0,1,0.16145806260661683,64
4612,2,20843,3339,17504,0,0,0,1.0,1,1.0,1,1.0,1,0.1591820251831414,62
4613,6,20849,3340,17509,0,0,0,1.0,1,1.0,1,1.0,1,0.1892936399020463,63
4614,4,20853,3342,17511,0,0,0,1.0,1,1.0,1,1.0,1,0.18949376717923988,61
4615,5,20858,3343,17515,0,0,0,1.0,1,1.0,1,1.0,1,0.22147602253781248,59
4616,5,20863,3344,17519,0,0,0,1.0,1,1.0,1,1.0,1,0.21618627330226445,58
4617,3,20866,3344,17522,0,0,0,1.0,1,1.0,1,1.0,1,0.22296851410918575,58
4618,3,20869,3344,17525,0,0,0,1.0,1,1.0,1,1.0,1,0.21316456254327848,57
4619,2,20871,3345,17526,0,0,0,1.0,1,1.0,1,1.0,1,0.24405741798142358,57
4620,4,20875,3347,17528,0,0,0,1.0,1,1.0,1,1.0,1,0.25284078207453914,57
4621,8,20883,3348,17535,0,0,0,1.0,1,1.0,1,1.0,1,0.17748016572291772,59
4622,3,20886,3349,17537,0,0,0,1.0,1,1.0,1,1.0,1,0.1713730075846815,60
4623,1,20887,3350,17537,0,0,0,1.0,1,1.0,1,1.0,1,0.17491691964750666,59
4624,3,20890,3352,17538,0,0,0,1.0,1,1.0,1,1.0,1,0.20729488463681062,59
4625,2,20892,3353,17539,0,0,0,1.0,1,1.0,1,1.0,1,0.2138946839625986,57
4626,4,20896,3355,17541,0,0,0,1.0,1,1.0,1,1.0,1,0.23515175484185644,56
4627,4,20900,3357,17543,0,0,0,1.0,1,1.0,1,1.0,1,0.2541435372432037,56
4628,5,20905,3358,17547,0,0,0,1.0,1,1.0,1,1.0,1,0.29116184115028887,56
4629,5,20910,3359,17551,0,0,0,1.0,1,1.0,1,1.0,1,0.3065737700657641,56
4630,6,20916,3361,17555,0,0,0,1.0,1,1.0,1,1.0,1,0.2666593248421828,57
4631,2,20918,3361,17557,0,0,0,1.0,1,1.0,1,1.0,1,0.28679650507289306,56
4632,3,20921,3361,17560,0,0,0,1.0,1,1.0,1,1.0,1,0.29641762963691026,57
4633,6,20927,3361,17566,0,0,0,1.0,1,1.0,1,1.0,1,0.2715735347871606,58
4634,6,20933,3361,17572,0,0,0,1.0,1,1.0,1,1.0,1,0.2715735347871606,58
4635,9,20942,3361,17581,0,0,0,1.0,1,1.0,1,1.0,1,0.22326635053690752,59
4636,6,20948,3361,17587,0,0,0,1.0,1,1.0,1,1.0,1,0.20244335034378053,60
4637,6,20954,3361,17593,0,0,0,1.0,1,1.0,1,1.0,1,0.20244335034378053,60
4638,6,20960,3361,17599,0,0,0,1.0,1,1.0,1,1.0,1,0.20759301522655085,61
4639,7,20967,3362,17605,0,0,0,1.0,1,1.0,1,1.0,1,0.21648274120109887,62
4640,6,20973,3362,17611,0,0,0,1.0,1,1.0,1,1.0,1,0.23083152074702523,63
4641,10,20983,3365,17618,0,0,0,1.0,1,1.0,1,1.0,1,0.15063809526161542,63
4642,1,20984,3365,17619,0,0,0,1.0,1,1.0,1,1.0,1,0.16887100460645654,62
4643,7,20991,3367,17624,0,0,0,1.0,1,1.0,1,1.0,1,0.16581471890199556,63
4644,3,20994,3368,17626,0,0,0,1.0,1,1.0,1,1.0,1,0.18717905703084903,62
4645,6,21000,3368,17632,0,0,0,1.0,1,1.0,1,1.0,1,0.17357941751691564,63
4646,5,21005,3369,17636,0,0,0,1.0,1,1.0,1,1.0,1,0.15592386202414904,63
4647,4,21009,3371,17638,0,0,0,1.0,1,1.0,1,1.0,1,0.1737484196214675,62
4648,7,21016,3372,17644,0,0,0,1.0,1,1.0,1,1.0,1,0.1923609546126413,63
4649,5,21021,3372,17649,0,0,0,1.0,1,1.0,1,1.0,1,0.1659744580741309,61
4650,7,21028,3373,17655,0,0,0,1.0,1,1.0,1,1.0,1,0.15539249984726652,63
4651,5,21033,3374,17659,0,0,0,1.0,1,1.0,1,1.0,1,0.17460433063428382,62
4652,2,21035,3374,17661,0,0,0,1.0,1,1.0,1,1.0,1,0.16747117629969877,59
4653,5,21040,3375,17665,0,0,0,1.0,1,1.0,1,1.0,1,0.1881086078819656,60
4654,7,21047,3376,17671,0,0,0,1.0,1,1.0,1,1.0,1,0.17843816109070965,60
4655,2,21049,3376,17673,0,0,0,1.0,1,1.0,1,1.0,1,0.1602518920794447,60
4656,9,21058,3380,17678,0,0,0,1.0,1,1.0,1,1.0,1,0.2083889367210597,61
4657,7,21065,3381,17684,0,0,0,1.0,1,1.0,1,1.0,1,0.22069447521148483,62
4658,8,21073,3382,17691,0,0,0,1.0,1,1.0,1,1.0,1,0.21843548507190172,62
4659,8,21081,3383,17698,0,0,0,1.0,1,1.0,1,1.0,1,0.23125917251126685,61
4660,11,21092,3385,17707,0,0,0,1.0,1,1.0,1,1.0,1,0.23059315913489287,61
4661,6,21098,3385,17713,0,0,0,1.0,1,1.0,1,1.0,1,0.24393504215146605,61
4662,5,21103,3385,17718,0,0,0,1.0,1,1.0,1,1.0,1,0.21709543784209448,62
4663,2,21105,3385,17720,0,0,0,1.0,1,1.0,1,1.0,1,0.17541526591046666,61
4664,2,21107,3385,17722,0,0,0,1.0,1,1.0,1,1.0,1,0.17859090917412476,62
4665,5,21112,3387,17725,0,0,0,1.0,1,1.0,1,1.0,1,0.2224011707332704,61
4666,6,21118,3388,17730,0,0,0,1.0,1,1.0,1,1.0,1,0.19726051240361556,61
4667,3,21121,3389,17732,0,0,0,1.0,1,1.0,1,1.0,1,0.23221787771180505,59
4668,4,21125,3392,17733,0,0,0,1.0,1,1.0,1,1.0,1,0.20822310506084185,59
4669,5,21130,3393,17737,0,0,0,1.0,1,1.0,1,1.0,1,0.18790568268920782,58
4670,7,21137,3396,17741,0,0,0,1.0,1,1.0,1,1.0,1,0.19010648783576678,57
4671,1,21138,3396,17742,0,0,0,1.0,1,1.0,1,1.0,1,0.2248282044828199,55
4672,3,21141,3397,17744,0,0,0,1.0,1,1.0,1,1.0,1,0.22734296199111942,56
4673,1,21142,3397,17745,0,0,0,1.0,1,1.0,1,1.0,1,0.20289433224902748,58
4674,6,21148,3401,17747,0,0,0,1.0,1,1.0,1,1.0,1,0.18903329967527818,58
4675,2,21150,3401,17749,0,0,0,1.0,1,1.0,1,1.0,1,0.232620468386586,57
4676,4,21154,3403,17751,0,0,0,1.0,1,1.0,1,1.0,1,0.22141806083488333,58
4677,1,21155,3403,17752,0,0,0,1.0,1,1.0,1,1.0,1,0.2368164991381839,57
4678,1,21156,3404,17752,0,0,0,1.0,1,1.0,1,1.0,1,0.2457004331902515,57
4679,0,21156,3404,17752,0,0,0,1.0,1,1.0,1,1.0,1,0.2457004331902515,57
4680,2,21158,3404,17754,0,0,0,1.0,1,1.0,1,1.0,1,0.22497115144605184,59
4681,16,21174,3406,17768,0,0,0,1.0,1,1.0,1,1.0,1,0.1263405571457523,60
4682,4,21178,3406,17772,0,0,0,1.0,1,1.0,1,1.0,1,0.10894311921719356,60
4683,10,21188,3407,17781,0,0,0,1.0,1,1.0,1,1.0,1,0.14660979234492638,60
4684,6,21194,3410,17784,0,0,0,1.0,1,1.0,1,1.0,1,0.2032735412913591,60
4685,9,21203,3411,17792,0,0,0,1.0,1,1.0,1,1.0,1,0.2071098725503592,59
4686,12,21215,3414,17801,0,0,0,1.0,1,1.0,1,1.0,1,0.24245625698910964,60
4687,5,21220,3414,17806,0,0,0,1.0,1,1.0,1,1.0,1,0.24004185000927894,59
4688,13,21233,3415,17818,0,0,0,1.0,1,1.0,1,1.0,1,0.2084547326271977,59
4689,7,21240,3416,17824,0,0,0,1.0,1,1.0,1,1.0,1,0.20599547839149587,59
4690,13,21253,3417,17836,0,0,0,1.0,1,1.0,1,1.0,1,0.2525456499432813,58
4691,14,21267,3418,17849,0,0,0,1.0,1,1.0,1,1.0,1,0.24686525285126748,57
4692,12,21279,3418,17861,0,0,0,1.0,1,1.0,1,1.0,1,0.2448302105998606,58
4693,12,21291,3418,17873,0,0,0,1.0,1,1.0,1,1.0,1,0.2612252874108525,57
4694,7,21298,3418,17880,0,0,0,1.0,1,1.0,1,1.0,1,0.2614648312830229,57
4695,6,21304,3418,17886,0,0,0,1.0,1,1.0,1,1.0,1,0.2579197001095389,56
4696,8,21312,3420,17892,0,0,0,1.0,1,1.0,1,1.0,1,0.301397061802804,57
4697,14,21326,3420,17906,0,0,0,1.0,1,1.0,1,1.0,1,0.2591648742335073,58
4698,12,21338,3420,17918,0,0,0,1.0,1,1.0,1,1.0,1,0.25102490750786305,59
4699,6,21344,3420,17924,0,0,0,1.0,1,1.0,1,1.0,1,0.25331284119619757,58
4700,5,21349,3420,17929,0,0,0,1.0,1,1.0,1,1.0,1,0.22766164812156445,59
4701,9,21358,3420,17938,0,0,0,1.0,1,1.0,1,1.0,1,0.1805789502088409,60
4702,3,21361,3421,17940,0,0,0,1.0,1,1.0,1,1.0,1,0.1919300070014658,61
4703,3,21364,3422,17942,0,0,0,1.0,1,1.0,1,1.0,1,0.17248223736475662,59
4704,1,21365,3422,17943,0,0,0,1.0,1,1.0,1,1.0,1,0.16668488342211984,58
4705,3,21368,3424,17944,0,0,0,1.0,1,1.0,1,1.0,1,0.18048500508089887,58
4706,6,21374,3428,17946,0,0,0,1.0,1,1.0,1,1.0,1,0.22669982773957134,60
4707,6,21380,3429,17951,0,0,0,1.0,1,1.0,1,1.0,1,0.22015937802789934,57
4708,5,21385,3431,17954,0,0,0,1.0,1,1.0,1,1.0,1,0.2657742007294844,57
4709,8,21393,3433,17960,0,0,0,1.0,1,1.0,1,1.0,1,0.2946271880162106,55
4710,11,21404,3434,17970,0,0,0,1.0,1,1.0,1,1.0,1,0.2749234017524739,53
4711,7,21411,3435,17976,0,0,0,1.0,1,1.0,1,1.0,1,0.3081105495850863,52
4712,11,21422,3438,17984,0,0,0,1.0,1,1.0,1,1.0,1,0.35235438659323864,52
4713,12,21434,3439,17995,0,0,0,1.0,1,1.0,1,1.0,1,0.3593758054924086,51
4714,7,21441,3439,18002,0,0,0,1.0,1,1.0,1,1.0,1,0.3355836289955084,50
4715,6,21447,3439,18008,0,0,0,1.0,1,1.0,1,1.0,1,0.3355836289955084,50
4716,4,21451,3440,18011,0,0,0,1.0,1,1.0,1,1.0,1,0.3251682180172288,49
4717,5,21456,3441,18015,0,0,0,1.0,1,1.0,1,1.0,1,0.33380208600245503,49
4718,4,21460,3441,18019,0,0,0,1.0,1,1.0,1,1.0,1,0.3321938741699299,50
4719,5,21465,3441,18024,0,0,0,1.0,1,1.0,1,1.0,1,0.3220183137190161,49
4720,3,21468,3441,18027,0,0,0,1.0,1,1.0,1,1.0,1,0.3149185263145877,49
4721,13,21481,3441,18040,0,0,0,1.0,1,1.0,1,1.0,1,0.2629876575380239,50
4722,8,21489,3441,18048,0,0,0,1.0,1,1.0,1,1.0,1,0.20961548218198867,51
4723,9,21498,3441,18057,0,0,0,1.0,1,1.0,1,1.0,1,0.24435575881480776,50
4724,6,21504,3441,18063,0,0,0,1.0,1,1.0,1,1.0,1,0.2080164674204997,50
4725,13,21517,3442,18075,0,0,0,1.0,1,1.0,1,1.0,1,0.23029969141339932,52
4726,10,21527,3442,18085,0,0,0,1.0,1,1.0,1,1.0,1,0.2665856872708305,51
4727,10,21537,3442,18095,0,0,0,1.0,1,1.0,1,1.0,1,0.3154833930557345,52
4728,8,21545,3442,18103,0,0,0,1.0,1,1.0,1,1.0,1,0.21802251162546438,52
4729,8,21553,3443,18110,0,0,0,1.0,1,1.0,1,1.0,1,0.27455536883093407,52
4730,14,21567,3444,18123,0,0,0,1.0,1,1.0,1,1.0,1,0.34560139202393864,50
4731,13,21580,3445,18135,0,0,0,1.0,1,1.0,1,1.0,1,0.35060794560292646,51
4732,10,21590,3445,18145,0,0,0,1.0,1,1.0,1,1.0,1,0.30864122977405534,52
4733,9,21599,3445,18154,0,0,0,1.0,1,1.0,1,1.0,1,0.35811521130674445,53
4734,15,21614,3445,18169,0,0,0,1.0,1,1.0,1,1.0,1,0.3497799293674008,53
4735,15,21629,3446,18183,0,0,0,1.0,1,1.0,1,1.0,1,0.3709594056421438,53
4736,19,21648,3447,18201,0,0,0,1.0,1,1.0,1,1.0,1,0.38829886382096573,55
4737,9,21657,3447,18210,0,0,0,1.0,1,1.0,1,1.0,1,0.337770244225901,57
4738,18,21675,3447,18228,0,0,0,1.0,1,1.0,1,1.0,1,0.3411151481614613,57
4739,10,21685,3447,18238,0,0,0,1.0,1,1.0,1,1.0,1,0.35860171899652843,57
4740,11,21696,3447,18249,0,0,0,1.0,1,1.0,1,1.0,1,0.31359321561240266,57
4741,13,21709,3447,18262,0,0,0,1.0,1,1.0,1,1.0,1,0.21958968395211392,58
4742,6,21715,3449,18266,0,0,0,1.0,1,1.0,1,1.0,1,0.2127869992820131,58
4743,8,21723,3449,18274,0,0,0,1.0,1,1.0,1,1.0,1,0.19530926510456825,56
4744,8,21731,3451,18280,0,0,0,1.0,1,1.0,1,1.0,1,0.22258209635278853,57
4745,4,21735,3451,18284,0,0,0,1.0,1,1.0,1,1.0,1,0.2395943092314052,56
4746,4,21739,3452,18287,0,0,0,1.0,1,1.0,1,1.0,1,0.2148657814655407,56
4747,8,21747,3454,18293,0,0,0,1.0,1,1.0,1,1.0,1,0.2732487936690543,55
4748,6,21753,3454,18299,0,0,0,1.0,1,1.0,1,1.0,1,0.22105648675685963,55
4749,5,21758,3454,18304,0,0,0,1.0,1,1.0,1,1.0,1,0.2695479047038862,54
4750,7,21765,3455,18310,0,0,0,1.0,1,1.0,1,1.0,1,0.23042518553024977,53
4751,12,21777,3457,18320,0,0,0,1.0,1,1.0,1,1.0,1,0.22422069213315962,53
4752,6,21783,3457,18326,0,0,0,1.0,1,1.0,1,1.0,1,0.2549393320792498,53
4753,10,21793,3457,18336,0,0,0,1.0,1,1.0,1,1.0,1,0.2723412531879741,52
4754,10,21803,3457,18346,0,0,0,1.0,1,1.0,1,1.0,1,0.25780958163743034,52
4755,4,21807,3457,18350,0,0,0,1.0,1,1.0,1,1.0,1,0.23971436347570044,51
4756,8,21815,3458,18357,0,0,0,1.0,1,1.0,1,1.0,1,0.2891533395753988,52
4757,8,21823,3458,18365,0,0,0,1.0,1,1.0,1,1.0,1,0.24422044295989598,51
4758,6,21829,3458,18371,0,0,0,1.0,1,1.0,1,1.0,1,0.25981864503864055,51
4759,3,21832,3458,18374,0,0,0,1.0,1,1.0,1,1.0,1,0.23856288392491207,51
4760,4,21836,3459,18377,0,0,0,1.0,1,1.0,1,1.0,1,0.27627382962229213,52
4761,15,21851,3461,18390,0,0,0,1.0,1,1.0,1,1.0,1,0.19210786755407583,50
4762,8,21859,3462,18397,0,0,0,1.0,1,1.0,1,1.0,1,0.12622549543715533,51
4763,10,21869,3462,18407,0,0,0,1.0,1,1.0,1,1.0,1,0.21506640004817623,51
4764,13,21882,3462,18420,0,0,0,1.0,1,1.0,1,1.0,1,0.172167194431113,53
4765,13,21895,3462,18433,0,0,0,1.0,1,1.0,1,1.0,1,0.1820251962025677,53
4766,17,21912,3464,18448,0,0,0,1.0,1,1.0,1,1.0,1,0.20706883839812118,55
4767,18,21930,3464,18466,0,0,0,1.0,1,1.0,1,1.0,1,0.1981218646641795,56
4768,15,21945,3464,18481,0,0,0,1.0,1,1.0,1,1.0,1,0.1934960185235858,56
4769,15,21960,3464,18496,0,0,0,1.0,1,1.0,1,1.0,1,0.2260987706796838,56
4770,9,21969,3464,18505,0,0,0,1.0,1,1.0,1,1.0,1,0.18451610064994517,56
4771,9,21978,3464,18514,0,0,0,1.0,1,1.0,1,1.0,1,0.21992282302828853,55
4772,8,21986,3464,18522,0,0,0,1.0,1,1.0,1,1.0,1,0.18665569460462145,56
4773,11,21997,3464,18533,0,0,0,1.0,1,1.0,1,1.0,1,0.20127279927553904,56
4774,10,22007,3464,18543,0,0,0,1.0,1,1.0,1,1.0,1,0.19422008797013204,58
4775,11,22018,3464,18554,0,0,0,1.0,1,1.0,1,1.0,1,0.20228317031082008,59
4776,15,22033,3464,18569,0,0,0,1.0,1,1.0,1,1.0,1,0.21979617908449553,59
4777,16,22049,3465,18584,0,0,0,1.0,1,1.0,1,1.0,1,0.2166462188225847,60
4778,15,22064,3466,18598,0,0,0,1.0,1,1.0,1,1.0,1,0.2231004992895948,60
4779,18,22082,3466,18616,0,0,0,1.0,1,1.0,1,1.0,1,0.23249639243574274,61
4780,9,22091,3466,18625,0,0,0,1.0,1,1.0,1,1.0,1,0.22503776801592412,63
4781,17,22108,3466,18642,0,0,0,1.0,1,1.0,1,1.0,1,0.10645997557706409,62
4782,11,22119,3468,18651,0,0,0,1.0,1,1.0,1,1.0,1,0.15988077393102001,63
4783,6,22125,3468,18657,0,0,0,1.0,1,1.0,1,1.0,1,0.07407859963898906,62
4784,10,22135,3471,18664,0,0,0,1.0,1,1.0,1,1.0,1,0.18303255383341108,62
4785,12,22147,3472,18675,0,0,0,1.0,1,1.0,1,1.0,1,0.10142358637528814,62
4786,12,22159,3476,18683,0,0,0,1.0,1,1.0,1,1.0,1,0.191221988871158,63
4787,14,22173,3476,18697,0,0,0,1.0,1,1.0,1,1.0,1,0.21487370248648727,62
4788,14,22187,3479,18708,0,0,0,1.0,1,1.0,1,1.0,1,0.2136507460469919,62
4789,16,22203,3480,18723,0,0,0,1.0,1,1.0,1,1.0,1,0.14979056295574428,60
4790,15,22218,3481,18737,0,0,0,1.0,1,1.0,1,1.0,1,0.21184622002405828,61
4791,11,22229,3482,18747,0,0,0,1.0,1,1.0,1,1.0,1,0.1851111597030141,60
4792,15,22244,3484,18760,0,0,0,1.0,1,1.0,1,1.0,1,0.16664871328168104,60
4793,11,22255,3485,18770,0,0,0,1.0,1,1.0,1,1.0,1,0.24921616746219033,61
4794,15,22270,3485,18785,0,0,0,1.0,1,1.0,1,1.0,1,0.24233605254951648,59
4795,12,22282,3485,18797,0,0,0,1.0,1,1.0,1,1.0,1,0.19910567856561315,61
4796,8,22290,3485,18805,0,0,0,1.0,1,1.0,1,1.0,1,0.23168351921946484,59
4797,7,22297,3485,18812,0,0,0,1.0,1,1.0,1,1.0,1,0.19477019242535754,58
4798,6,22303,3485,18818,0,0,0,1.0,1,1.0,1,1.0,1,0.26066452998688094,59
4799,10,22313,3485,18828,0,0,0,1.0,1,1.0,1,1.0,1,0.23791332856770092,57
4800,8,22321,3486,18835,0,0,0,1.0,1,1.0,1,1.0,1,0.25558807419286783,58
4801,14,22335,3487,18848,0,0,0,1.0,1,1.0,1,1.0,1,0.08215613701981785,57
4802,8,22343,3489,18854,0,0,0,1.0,1,1.0,1,1.0,1,0.09878860113807159,57
4803,7,22350,3489,18861,0,0,0,1.0,1,1.0,1,1.0,1,0.09042543142837894,56
4804,7,22357,3489,18868,0,0,0,1.0,1,1.0,1,1.0,1,0.11795949933553984,54
4805,9,22366,3490,18876,0,0,0,1.0,1,1.0,1,1.0,1,0.14440163829891645,56
4806,13,22379,3490,18889,0,0,0,1.0,1,1.0,1,1.0,1,0.14472679441655237,55
4807,5,22384,3490,18894,0,0,0,1.0,1,1.0,1,1.0,1,0.15157042034466106,54
4808,7,22391,3490,18901,0,0,0,1.0,1,1.0,1,1.0,1,0.16027066166063042,53
4809,6,22397,3491,18906,0,0,0,1.0,1,1.0,1,1.0,1,0.19903966182439312,53
4810,10,22407,3492,18915,0,0,0,1.0,1,1.0,1,1.0,1,0.20596560569173558,51
4811,5,22412,3492,18920,0,0,0,1.0,1,1.0,1,1.0,1,0.1875864897205646,52
4812,5,22417,3493,18924,0,0,0,1.0,1,1.0,1,1.0,1,0.19705313812389197,52
4813,8,22425,3493,18932,0,0,0,1.0,1,1.0,1,1.0,1,0.19705313812389197,52
4814,12,22437,3494,18943,0,0,0,1.0,1,1.0,1,1.0,1,0.2128403950022355,53
4815,7,22444,3495,18949,0,0,0,1.0,1,1.0,1,1.0,1,0.20362168752492812,54
4816,7,22451,3495,18956,0,0,0,1.0,1,1.0,1,1.0,1,0.23787328810394728,54
4817,15,22466,3500,18966,0,0,0,1.0,1,1.0,1,1.0,1,0.33158972232140776,55
4818,8,22474,3501,18973,0,0,0,1.0,1,1.0,1,1.0,1,0.2501699664980181,55
4819,7,22481,3502,18979,0,0,0,1.0,1,1.0,1,1.0,1,0.3464944983016536,55
4820,14,22495,3502,18993,0,0,0,1.0,1,1.0,1,1.0,1,0.314646488150668,55
4821,15,22510,3504,19006,0,0,0,1.0,1,1.0,1,1.0,1,0.15615796970431595,55
4822,5,22515,3504,19011,0,0,0,1.0,1,1.0,1,1.0,1,0.11753714324158647,54
4823,5,22520,3504,19016,0,0,0,1.0,1,1.0,1,1.0,1,0.05494381106035648,54
4824,5,22525,3506,19019,0,0,0,1.0,1,1.0,1,1.0,1,0.12061816865419202,55
4825,2,22527,3507,19020,0,0,0,1.0,1,1.0,1,1.0,1,0.0845759783894646,53
4826,5,22532,3509,19023,0,0,0,1.0,1,1.0,1,1.0,1,0.1411291306565478,54
4827,9,22541,3509,19032,0,0,0,1.0,1,1.0,1,1.0,1,0.13767112876754006,53
4828,5,22546,3509,19037,0,0,0,1.0,1,1.0,1,1.0,1,0.14415122906449515,54
4829,6,22552,3509,19043,0,0,0,1.0,1,1.0,1,1.0,1,0.13155188391660377,54
4830,6,22558,3509,19049,0,0,0,1.0,1,1.0,1,1.0,1,0.13565712822539158,53
4831,9,22567,3509,19058,0,0,0,1.0,1,1.0,1,1.0,1,0.14922840419951203,52
4832,4,22571,3509,19062,0,0,0,1.0,1,1.0,1,1.0,1,0.186747507728586,50
4833,5,22576,3509,19067,0,0,0,1.0,1,1.0,1,1.0,1,0.17279995825671446,51
4834,8,22584,3510,19074,0,0,0,1.0,1,1.0,1,1.0,1,0.2169369283333444,51
4835,7,22591,3510,19081,0,0,0,1.0,1,1.0,1,1.0,1,0.2350040591491039,50
4836,8,22599,3511,19088,0,0,0,1.0,1,1.0,1,1.0,1,0.2665016056203503,50
4837,8,22607,3512,19095,0,0,0,1.0,1,1.0,1,1.0,1,0.2594222135086152,46
4838,7,22614,3512,19102,0,0,0,1.0,1,1.0,1,1.0,1,0.23648124004773538,47
4839,3,22617,3512,19105,0,0,0,1.0,1,1.0,1,1.0,1,0.2303733933913862,45
4840,4,22621,3513,19108,0,0,0,1.0,1,1.0,1,1.0,1,0.2614985743914866,45
4841,7,22628,3514,19114,0,0,0,1.0,1,1.0,1,1.0,1,0.19860063692595353,43
4842,1,22629,3514,19115,0,0,0,1.0,1,1.0,1,1.0,1,0.1627995444551018,43
4843,2,22631,3514,19117,0,0,0,1.0,1,1.0,1,1.0,1,0.14641148823840913,44
4844,1,22632,3515,19117,0,0,0,1.0,1,1.0,1,1.0,1,0.17141772104404088,43
4845,2,22634,3516,19118,0,0,0,1.0,1,1.0,1,1.0,1,0.18815116073993218,44
4846,1,22635,3517,19118,0,0,0,1.0,1,1.0,1,1.0,1,0.18983394065129758,43
4847,4,22639,3519,19120,0,0,0,1.0,1,1.0,1,1.0,1,0.2050571725052249,42
4848,4,22643,3521,19122,0,0,0,1.0,1,1.0,1,1.0,1,0.24779093854891446,41
4849,0,22643,3521,19122,0,0,0,1.0,1,1.0,1,1.0,1,0.18860118311689053,41
4850,2,22645,3521,19124,0,0,0,1.0,1,1.0,1,1.0,1,0.24508297862909012,41
4851,2,22647,3521,19126,0,0,0,1.0,1,1.0,1,1.0,1,0.24464261676084242,41
4852,4,22651,3521,19130,0,0,0,1.0,1,1.0,1,1.0,1,0.20626527105459208,43
4853,2,22653,3521,19132,0,0,0,1.0,1,1.0,1,1.0,1,0.2183812128747469,44
4854,2,22655,3522,19133,0,0,0,1.0,1,1.0,1,1.0,1,0.2632685892613915,45
4855,1,22656,3522,19134,0,0,0,1.0,1,1.0,1,1.0,1,0.25845613513359955,44
4856,3,22659,3522,19137,0,0,0,1.0,1,1.0,1,1.0,1,0.2506457722587514,44
4857,3,22662,3522,19140,0,0,0,1.0,1,1.0,1,1.0,1,0.23115632963368518,44
4858,1,22663,3522,19141,0,0,0,1.0,1,1.0,1,1.0,1,0.249218628784466,45
4859,3,22666,3522,19144,0,0,0,1.0,1,1.0,1,1.0,1,0.2402542994921707,46
4860,4,22670,3522,19148,0,0,0,1.0,1,1.0,1,1.0,1,0.25820671604782736,46
4861,6,22676,3522,19154,0,0,0,1.0,1,1.0,1,1.0,1,0.1526210141228764,46
4862,2,22678,3522,19156,0,0,0,1.0,1,1.0,1,1.0,1,0.11901227049090991,47
4863,2,22680,3522,19158,0,0,0,1.0,1,1.0,1,1.0,1,0.11572802988325553,47
4864,0,22680,3522,19158,0,0,0,1.0,1,1.0,1,1.0,1,0.11442270823304193,47
4865,4,22684,3522,19162,0,0,0,1.0,1,1.0,1,1.0,1,0.1307185623425628,48
4866,4,22688,3522,19166,0,0,0,1.0,1,1.0,1,1.0,1,0.12421698907761845,49
4867,3,22691,3522,19169,0,0,0,1.0,1,1.0,1,1.0,1,0.15739400536491507,50
4868,3,22694,3522,19172,0,0,0,1.0,1,1.0,1,1.0,1,0.13997550226645583,50
4869,1,22695,3522,19173,0,0,0,1.0,1,1.0,1,1.0,1,0.12456559350780654,50
4870,3,22698,3523,19175,0,0,0,1.0,1,1.0,1,1.0,1,0.1410559039823616,52
4871,1,22699,3523,19176,0,0,0,1.0,1,1.0,1,1.0,1,0.12430065922522794,52
4872,4,22703,3524,19179,0,0,0,1.0,1,1.0,1,1.0,1,0.12919479967634193,53
4873,6,22709,3524,19185,0,0,0,1.0,1,1.0,1,1.0,1,0.13567506043286406,55
4874,3,22712,3525,19187,0,0,0,1.0,1,1.0,1,1.0,1,0.15727262624613436,56
4875,6,22718,3526,19192,0,0,0,1.0,1,1.0,1,1.0,1,0.16665602707612767,55
4876,7,22725,3528,19197,0,0,0,1.0,1,1.0,1,1.0,1,0.20181619625578795,55
4877,8,22733,3530,19203,0,0,0,1.0,1,1.0,1,1.0,1,0.2384192860026379,54
4878,10,22743,3530,19213,0,0,0,1.0,1,1.0,1,1.0,1,0.2240262148238256,53
4879,10,22753,3533,19220,0,0,0,1.0,1,1.0,1,1.0,1,0.31616214801064596,54
4880,11,22764,3534,19230,0,0,0,1.0,1,1.0,1,1.0,1,0.28804552280602796,54
4881,5,22769,3534,19235,0,0,0,1.0,1,1.0,1,1.0,1,0.22534754048996566,53
4882,2,22771,3534,19237,0,0,0,1.0,1,1.0,1,1.0,1,0.1814087553666841,53
4883,1,22772,3534,19238,0,0,0,1.0,1,1.0,1,1.0,1,0.1703599474776774,53
4884,1,22773,3534,19239,0,0,0,1.0,1,1.0,1,1.0,1,0.15447345153429412,51
4885,3,22776,3535,19241,0,0,0,1.0,1,1.0,1,1.0,1,0.1457341671325093,50
4886,0,22776,3535,19241,0,0,0,1.0,1,1.0,1,1.0,1,0.16704575657335136,48
4887,0,22776,3535,19241,0,0,0,1.0,1,1.0,1,1.0,1,0.16704575657335136,48
4888,1,22777,3536,19241,0,0,0,1.0,1,1.0,1,1.0,1,0.19655143561457744,48
4889,2,22779,3536,19243,0,0,0,1.0,1,1.0,1,1.0,1,0.19338438875847047,48
4890,0,22779,3536,19243,0,0,0,1.0,1,1.0,1,1.0,1,0.1789219783645117,49
4891,1,22780,3537,19243,0,0,0,1.0,1,1.0,1,1.0,1,0.1994531175254048,50
4892,4,22784,3537,19247,0,0,0,1.0,1,1.0,1,1.0,1,0.18083912361292087,49
4893,0,22784,3537,19247,0,0,0,1.0,1,1.0,1,1.0,1,0.1721212946973023,50
4894,2,22786,3537,19249,0,0,0,1.0,1,1.0,1,1.0,1,0.1509536782166341,51
4895,1,22787,3537,19250,0,0,0,1.0,1,1.0,1,1.0,1,0.1290498741406064,52
4896,3,22790,3537,19253,0,0,0,1.0,1,1.0,1,1.0,1,0.14163471142773867,53
4897,3,22793,3537,19256,0,0,0,1.0,1,1.0,1,1.0,1,0.10732276869674442,53
4898,1,22794,3537,19257,0,0,0,1.0,1,1.0,1,1.0,1,0.11348614698405618,53
4899,2,22796,3539,19257,0,0,0,1.0,1,1.0,1,1.0,1,0.11051270501987064,55
4900,0,22796,3539,19257,0,0,0,1.0,1,1.0,1,1.0,1,0.11051270501987064,55
4901,1,22797,3540,19257,0,0,0,1.0,1,1.0,1,1.0,1,0.09988096123760229,56
4902,5,22802,3542,19260,0,0,0,1.0,1,1.0,1,1.0,1,0.14772921257937738,58
4903,4,22806,3543,19263,0,0,0,1.0,1,1.0,1,1.0,1,0.12909409260742766,58
4904,2,22808,3545,19263,0,0,0,1.0,1,1.0,1,1.0,1,0.12834393708389616,57
4905,6,22814,3547,19267,0,0,0,1.0,1,1.0,1,1.0,1,0.1456667490422733,54
4906,5,22819,3549,19270,0,0,0,1.0,1,1.0,1,1.0,1,0.15358089332304645,55
4907,1,22820,3549,19271,0,0,0,1.0,1,1.0,1,1.0,1,0.18259822122823718,52
4908,3,22823,3550,19273,0,0,0,1.0,1,1.0,1,1.0,1,0.1621474265566053,53
4909,2,22825,3550,19275,0,0,0,1.0,1,1.0,1,1.0,1,0.17738448125822673,52
4910,3,22828,3551,19277,0,0,0,1.0,1,1.0,1,1.0,1,0.1990137393474176,53
4911,4,22832,3551,19281,0,0,0,1.0,1,1.0,1,1.0,1,0.18448839935486808,55
4912,6,22838,3553,19285,0,0,0,1.0,1,1.0,1,1.0,1,0.2060901608989845,54
4913,4,22842,3554,19288,0,0,0,1.0,1,1.0,1,1.0,1,0.21272821995939123,53
4914,4,22846,3555,19291,0,0,0,1.0,1,1.0,1,1.0,1,0.22229008506346895,53
4915,3,22849,3556,19293,0,0,0,1.0,1,1.0,1,1.0,1,0.19939975938029803,54
4916,6,22855,3557,19298,0,0,0,1.0,1,1.0,1,1.0,1,0.18259864792721506,52
4917,0,22855,3557,19298,0,0,0,1.0,1,1.0,1,1.0,1,0.17050467537899702,52
4918,1,22856,3558,19298,0,0,0,1.0,1,1.0,1,1.0,1,0.19506007343384504,51
4919,0,22856,3558,19298,0,0,0,1.0,1,1.0,1,1.0,1,0.20954537618026833,50
4920,0,22856,3558,19298,0,0,0,1.0,1,1.0,1,1.0,1,0.2088651994689175,51
4921,3,22859,3558,19301,0,0,0,1.0,1,1.0,1,1.0,1,0.16785682759197812,51
4922,4,22863,3559,19304,0,0,0,1.0,1,1.0,1,1.0,1,0.15635306972108975,53
4923,2,22865,3559,19306,0,0,0,1.0,1,1.0,1,1.0,1,0.1288620545976926,53
4924,1,22866,3560,19306,0,0,0,1.0,1,1.0,1,1.0,1,0.12881398309646264,55
4925,5,22871,3561,19310,0,0,0,1.0,1,1.0,1,1.0,1,0.08034176943293495,56
4926,2,22873,3561,19312,0,0,0,1.0,1,1.0,1,1.0,1,0.08397307003949811,55
4927,2,22875,3563,19312,0,0,0,1.0,1,1.0,1,1.0,1,0.09978364388318452,55
4928,1,22876,3563,19313,0,0,0,1.0,1,1.0,1,1.0,1,0.10475116273755333,55
4929,4,22880,3563,19317,0,0,0,1.0,1,1.0,1,1.0,1,0.07603955586448935,56
4930,5,22885,3565,19320,0,0,0,1.0,1,1.0,1,1.0,1,0.12643205217485068,58
4931,3,22888,3565,19323,0,0,0,1.0,1,1.0,1,1.0,1,0.10149996091502937,59
4932,6,22894,3565,19329,0,0,0,1.0,1,1.0,1,1.0,1,0.11194143420682973,60
4933,4,22898,3565,19333,0,0,0,1.0,1,1.0,1,1.0,1,0.13090864406284752,60
4934,7,22905,3566,19339,0,0,0,1.0,1,1.0,1,1.0,1,0.15353132239707004,60
4935,6,22911,3566,19345,0,0,0,1.0,1,1.0,1,1.0,1,0.12084546931797628,60
4936,9,22920,3567,19353,0,0,0,1.0,1,1.0,1,1.0,1,0.14210519854651557,61
4937,6,22926,3567,19359,0,0,0,1.0,1,1.0,1,1.0,1,0.1736462813690978,62
4938,8,22934,3567,19367,0,0,0,1.0,1,1.0,1,1.0,1,0.1718266250213206,62
4939,12,22946,3572,19374,0,0,0,1.0,1,1.0,1,1.0,1,0.19547828484034666,64
4940,16,22962,3572,19390,0,0,0,1.0,1,1.0,1,1.0,1,0.12657433413476596,67
4941,4,22966,3572,19394,0,0,0,1.0,1,1.0,1,1.0,1,0.09797901241623673,66
4942,3,22969,3574,19395,0,0,0,1.0,1,1.0,1,1.0,1,0.11010622771467651,67
4943,1,22970,3574,19396,0,0,0,1.0,1,1.0,1,1.0,1,0.12252670548064755,65
4944,1,22971,3575,19396,0,0,0,1.0,1,1.0,1,1.0,1,0.12051499693159122,65
4945,1,22972,3576,19396,0,0,0,1.0,1,1.0,1,1.0,1,0.14805728314802546,62
4946,2,22974,3578,19396,0,0,0,1.0,1,1.0,1,1.0,1,0.1587966514740727,61
4947,3,22977,3580,19397,0,0,0,1.0,1,1.0,1,1.0,1,0.17371885516833213,59
4948,2,22979,3582,19397,0,0,0,1.0,1,1.0,1,1.0,1,0.15500442083324006,59
4949,1,22980,3583,19397,0,0,0,1.0,1,1.0,1,1.0,1,0.15210749310491253,57
4950,6,22986,3586,19400,0,0,0,1.0,1,1.0,1,1.0,1,0.17655841452314142,58
4951,5,22991,3589,19402,0,0,0,1.0,1,1.0,1,1.0,1,0.15923476335441508,55
4952,3,22994,3592,19402,0,0,0,1.0,1,1.0,1,1.0,1,0.1588315920311252,53
4953,4,22998,3596,19402,0,0,0,1.0,1,1.0,1,1.0,1,0.2041559860929966,54
4954,2,23000,3596,19404,0,0,0,1.0,1,1.0,1,1.0,1,0.19321561845839372,52
4955,2,23002,3598,19404,0,0,0,1.0,1,1.0,1,1.0,1,0.2157344041241762,51
4956,1,23003,3598,19405,0,0,0,1.0,1,1.0,1,1.0,1,0.2365729649576426,47
4957,0,23003,3598,19405,0,0,0,1.0,1,1.0,1,1.0,1,0.2351110953312464,48
4958,0,23003,3598,19405,0,0,0,1.0,1,1.0,1,1.0,1,0.22389306294441916,47
4959,0,23003,3598,19405,0,0,0,1.0,1,1.0,1,1.0,1,0.22389306294441916,47
4960,1,23004,3598,19406,0,0,0,1.0,1,1.0,1,1.0,1,0.24790291625226318,48
4961,11,23015,3598,19417,0,0,0,1.0,1,1.0,1,1.0,1,0.09595672820500314,49
4962,4,23019,3598,19421,0,0,0,1.0,1,1.0,1,1.0,1,0.10710893842053819,49
4963,6,23025,3598,19427,0,0,0,1.0,1,1.0,1,1.0,1,0.11108137852960785,51
4964,4,23029,3600,19429,0,0,0,1.0,1,1.0,1,1.0,1,0.10144811160010055,51
4965,6,23035,3602,19433,0,0,0,1.0,1,1.0,1,1.0,1,0.11849847117387151,51
4966,5,23040,3602,19438,0,0,0,1.0,1,1.0,1,1.0,1,0.1301444428472986,51
4967,5,23045,3604,19441,0,0,0,1.0,1,1.0,1,1.0,1,0.20390485427515914,51
4968,7,23052,3606,19446,0,0,0,1.0,1,1.0,1,1.0,1,0.2076289157889302,52
4969,6,23058,3607,19451,0,0,0,1.0,1,1.0,1,1.0,1,0.20680123580979096,53
4970,8,23066,3607,19459,0,0,0,1.0,1,1.0,1,1.0,1,0.2173165560413284,54
4971,14,23080,3607,19473,0,0,0,1.0,1,1.0,1,1.0,1,0.21779953550129416,55
4972,10,23090,3608,19482,0,0,0,1.0,1,1.0,1,1.0,1,0.2673029064107554,56
4973,16,23106,3609,19497,0,0,0,1.0,1,1.0,1,1.0,1,0.2093140608318099,57
4974,14,23120,3609,19511,0,0,0,1.0,1,1.0,1,1.0,1,0.2680792200474767,56
4975,8,23128,3609,19519,0,0,0,1.0,1,1.0,1,1.0,1,0.2880329164649309,57
4976,13,23141,3611,19530,0,0,0,1.0,1,1.0,1,1.0,1,0.23405777233644767,57
4977,8,23149,3612,19537,0,0,0,1.0,1,1.0,1,1.0,1,0.24636254533436178,57
4978,15,23164,3614,19550,0,0,0,1.0,1,1.0,1,1.0,1,0.1846003861942917,58
4979,10,23174,3615,19559,0,0,0,1.0,1,1.0,1,1.0,1,0.18711058579327208,58
4980,9,23183,3616,19567,0,0,0,1.0,1,1.0,1,1.0,1,0.1802565063627747,59
4981,11,23194,3616,19578,0,0,0,1.0,1,1.0,1,1.0,1,0.042440035664884634,60
4982,4,23198,3616,19582,0,0,0,1.0,1,1.0,1,1.0,1,0.08725804109187085,61
4983,5,23203,3618,19585,0,0,0,1.0,1,1.0,1,1.0,1,0.11049267723606665,61
4984,2,23205,3619,19586,0,0,0,1.0,1,1.0,1,1.0,1,0.09205915389732004,59
4985,7,23212,3619,19593,0,0,0,1.0,1,1.0,1,1.0,1,0.10126234700495104,58
4986,2,23214,3619,19595,0,0,0,1.0,1,1.0,1,1.0,1,0.09397390690766733,59
4987,2,23216,3619,19597,0,0,0,1.0,1,1.0,1,1.0,1,0.11252959238285137,58
4988,3,23219,3621,19598,0,0,0,1.0,1,1.0,1,1.0,1,0.10866462081752572,57
4989,2,23221,3622,19599,0,0,0,1.0,1,1.0,1,1.0,1,0.1300466260677655,54
4990,4,23225,3624,19601,0,0,0,1.0,1,1.0,1,1.0,1,0.15314729539312794,53
4991,8,23233,3630,19603,0,0,0,1.0,1,1.0,1,1.0,1,0.22053970792596006,52
4992,9,23242,3634,19608,0,0,0,1.0,1,1.0,1,1.0,1,0.2375973709134192,48
4993,4,23246,3635,19611,0,0,0,1.0,1,1.0,1,1.0,1,0.2572598327529738,48
4994,7,23253,3636,19617,0,0,0,1.0,1,1.0,1,1.0,1,0.23397087663155558,45
4995,3,23256,3637,19619,0,0,0,1.0,1,1.0,1,1.0,1,0.23370695779958697,45
4996,6,23262,3641,19621,0,0,0,1.0,1,1.0,1,1.0,1,0.3205273742519982,45
4997,9,23271,3642,19629,0,0,0,1.0,1,1.0,1,1.0,1,0.2694560131749343,42
4998,1,23272,3642,19630,0,0,0,1.0,1,1.0,1,1.0,1,0.25592913839544307,44
4999,3,23275,3643,19632,0,0,0,1.0,1,1.0,1,1.0,1,0.24992440211462358,44
5000,2,23277,3643,19634,0,0,0,1.0,1,1.0,1,1.0,1,0.25934030947888054,42
5001,4,23281,3643,19638,0,0,0,1.0,1,1.0,1,1.0,1,0.19251723222672296,42
5002,1,23282,3644,19638,0,0,0,1.0,1,1.0,1,1.0,1,0.20302331232422488,41
5003,3,23285,3645,19640,0,0,0,1.0,1,1.0,1,1.0,1,0.2454334965524107,41
5004,3,23288,3645,19643,0,0,0,1.0,1,1.0,1,1.0,1,0.23966836430810032,41
5005,2,23290,3645,19645,0,0,0,1.0,1,1.0,1,1.0,1,0.23966836430810032,41
5006,2,23292,3645,19647,0,0,0,1.0,1,1.0,1,1.0,1,0.20967887229929738,42
5007,0,23292,3645,19647,0,0,0,1.0,1,1.0,1,1.0,1,0.20276616643405782,43
5008,3,23295,3645,19650,0,0,0,1.0,1,1.0,1,1.0,1,0.19301202154793243,46
5009,2,23297,3646,19651,0,0,0,1.0,1,1.0,1,1.0,1,0.1887265501902247,46
5010,4,23301,3646,19655,0,0,0,1.0,1,1.0,1,1.0,1,0.1719632206421496,46
5011,3,23304,3646,19658,0,0,0,1.0,1,1.0,1,1.0,1,0.15878580150380237,47
5012,4,23308,3646,19662,0,0,0,1.0,1,1.0,1,1.0,1,0.1441387140764628,48
5013,5,23313,3646,19667,0,0,0,1.0,1,1.0,1,1.0,1,0.1437266263780785,48
5014,5,23318,3646,19672,0,0,0,1.0,1,1.0,1,1.0,1,0.14365590303633757,49
5015,8,23326,3647,19679,0,0,0,1.0,1,1.0,1,1.0,1,0.14971880803278065,50
5016,12,23338,3648,19690,0,0,0,1.0,1,1.0,1,1.0,1,0.1922829068746446,51
5017,11,23349,3648,19701,0,0,0,1.0,1,1.0,1,1.0,1,0.18221201404630274,51
5018,3,23352,3648,19704,0,0,0,1.0,1,1.0,1,1.0,1,0.1729721229119433,51
5019,7,23359,3650,19709,0,0,0,1.0,1,1.0,1,1.0,1,0.20405290600974652,51
5020,8,23367,3650,19717,0,0,0,1.0,1,1.0,1,1.0,1,0.1986411500623409,51
5021,7,23374,3650,19724,0,0,0,1.0,1,1.0,1,1.0,1,0.1456996544211752,52
5022,3,23377,3651,19726,0,0,0,1.0,1,1.0,1,1.0,1,0.1561363912238159,52
5023,4,23381,3653,19728,0,0,0,1.0,1,1.0,1,1.0,1,0.15473590935961487,52
5024,4,23385,3657,19728,0,0,0,1.0,1,1.0,1,1.0,1,0.18358547829122665,51
5025,1,23386,3657,19729,0,0,0,1.0,1,1.0,1,1.0,1,0.15051247058640568,50
5026,3,23389,3658,19731,0,0,0,1.0,1,1.0,1,1.0,1,0.18658597927105028,49
5027,0,23389,3658,19731,0,0,0,1.0,1,1.0,1,1.0,1,0.18036909389360134,47
5028,2,23391,3659,19732,0,0,0,1.0,1,1.0,1,1.0,1,0.21775355056714138,47
5029,1,23392,3659,19733,0,0,0,1.0,1,1.0,1,1.0,1,0.2036612123756207,46
5030,1,23393,3660,19733,0,0,0,1.0,1,1.0,1,1.0,1,0.17814705138216955,48
5031,1,23394,3661,19733,0,0,0,1.0,1,1.0,1,1.0,1,0.1892431076055739,46
5032,3,23397,3661,19736,0,0,0,1.0,1,1.0,1,1.0,1,0.18735371469220982,46
5033,6,23403,3664,19739,0,0,0,1.0,1,1.0,1,1.0,1,0.20136477714105822,47
5034,4,23407,3664,19743,0,0,0,1.0,1,1.0,1,1.0,1,0.21529154825740546,48
5035,2,23409,3664,19745,0,0,0,1.0,1,1.0,1,1.0,1,0.2079090403114136,47
5036,2,23411,3664,19747,0,0,0,1.0,1,1.0,1,1.0,1,0.2079090403114136,47
5037,3,23414,3664,19750,0,0,0,1.0,1,1.0,1,1.0,1,0.1897449289332601,47
5038,1,23415,3664,19751,0,0,0,1.0,1,1.0,1,1.0,1,0.1890379291403254,48
5039,3,23418,3664,19754,0,0,0,1.0,1,1.0,1,1.0,1,0.18263363847204156,47
5040,1,23419,3664,19755,0,0,0,1.0,1,1.0,1,1.0,1,0.1836405532227439,48
5041,4,23423,3664,19759,0,0,0,1.0,1,1.0,1,1.0,1,0.0922229161783636,49
5042,3,23426,3664,19762,0,0,0,1.0,1,1.0,1,1.0,1,0.07978573582076147,50
5043,0,23426,3664,19762,0,0,0,1.0,1,1.0,1,1.0,1,0.06091218408806786,51
5044,0,23426,3664,19762,0,0,0,1.0,1,1.0,1,1.0,1,0.06091218408806786,51
5045,1,23427,3664,19763,0,0,0,1.0,1,1.0,1,1.0,1,0.06830482518536068,51
5046,4,23431,3666,19765,0,0,0,1.0,1,1.0,1,1.0,1,0.07755867944708787,52
5047,4,23435,3666,19769,0,0,0,1.0,1,1.0,1,1.0,1,0.07617004385551848,52
5048,1,23436,3666,19770,0,0,0,1.0,1,1.0,1,1.0,1,0.069475823421931,52
5049,3,23439,3666,19773,0,0,0,1.0,1,1.0,1,1.0,1,0.1021635521082979,52
5050,5,23444,3666,19778,0,0,0,1.0,1,1.0,1,1.0,1,0.09656265477556637,55
5051,2,23446,3666,19780,0,0,0,1.0,1,1.0,1,1.0,1,0.10269171990635267,55
5052,3,23449,3666,19783,0,0,0,1.0,1,1.0,1,1.0,1,0.11660103520349291,55
5053,3,23452,3666,19786,0,0,0,1.0,1,1.0,1,1.0,1,0.11331208166969169,54
5054,6,23458,3667,19791,0,0,0,1.0,1,1.0,1,1.0,1,0.12453622352711018,54
5055,5,23463,3667,19796,0,0,0,1.0,1,1.0,1,1.0,1,0.12875437692561847,54
5056,5,23468,3667,19801,0,0,0,1.0,1,1.0,1,1.0,1,0.14972307783587244,55
5057,7,23475,3667,19808,0,0,0,1.0,1,1.0,1,1.0,1,0.11689886989949247,56
5058,5,23480,3668,19812,0,0,0,1.0,1,1.0,1,1.0,1,0.11288821820786821,58
5059,4,23484,3668,19816,0,0,0,1.0,1,1.0,1,1.0,1,0.08673119398753687,58
5060,8,23492,3669,19823,0,0,0,1.0,1,1.0,1,1.0,1,0.1261425160090205,59
5061,6,23498,3669,19829,0,0,0,1.0,1,1.0,1,1.0,1,0.0953227306130819,58
5062,6,23504,3671,19833,0,0,0,1.0,1,1.0,1,1.0,1,0.11263214047884659,58
5063,12,23516,3676,19840,0,0,0,1.0,1,1.0,1,1.0,1,0.19197688463589072,57
5064,7,23523,3677,19846,0,0,0,1.0,1,1.0,1,1.0,1,0.20230413150061266,57
5065,11,23534,3678,19856,0,0,0,1.0,1,1.0,1,1.0,1,0.23571132371971418,56
5066,11,23545,3680,19865,0,0,0,1.0,1,1.0,1,1.0,1,0.30556010005413664,55
5067,8,23553,3680,19873,0,0,0,1.0,1,1.0,1,1.0,1,0.28358804786602637,54
5068,11,23564,3681,19883,0,0,0,1.0,1,1.0,1,1.0,1,0.28448108494899843,54
5069,13,23577,3682,19895,0,0,0,1.0,1,1.0,1,1.0,1,0.27058409969906627,53
5070,7,23584,3682,19902,0,0,0,1.0,1,1.0,1,1.0,1,0.23227445508454897,53
5071,7,23591,3683,19908,0,0,0,1.0,1,1.0,1,1.0,1,0.23991624362948305,53
5072,4,23595,3684,19911,0,0,0,1.0,1,1.0,1,1.0,1,0.20489635688184535,53
5073,6,23601,3686,19915,0,0,0,1.0,1,1.0,1,1.0,1,0.2115389643829927,53
5074,4,23605,3686,19919,0,0,0,1.0,1,1.0,1,1.0,1,0.1385382931816787,52
5075,3,23608,3686,19922,0,0,0,1.0,1,1.0,1,1.0,1,0.14355058956129613,52
5076,4,23612,3686,19926,0,0,0,1.0,1,1.0,1,1.0,1,0.15628297453562318,55
5077,6,23618,3688,19930,0,0,0,1.0,1,1.0,1,1.0,1,0.17512205128226077,55
5078,2,23620,3688,19932,0,0,0,1.0,1,1.0,1,1.0,1,0.16651038378990407,55
5079,1,23621,3688,19933,0,0,0,1.0,1,1.0,1,1.0,1,0.16525989097752405,54
5080,2,23623,3688,19935,0,0,0,1.0,1,1.0,1,1.0,1,0.16134651989442292,55
5081,5,23628,3688,19940,0,0,0,1.0,1,1.0,1,1.0,1,0.096295770415891,57
5082,1,23629,3688,19941,0,0,0,1.0,1,1.0,1,1.0,1,0.08587738199918207,57
5083,1,23630,3688,19942,0,0,0,1.0,1,1.0,1,1.0,1,0.07261261190735023,58
5084,2,23632,3688,19944,0,0,0,1.0,1,1.0,1,1.0,1,0.08126356924535448,58
5085,6,23638,3689,19949,0,0,0,1.0,1,1.0,1,1.0,1,0.10046341402524836,59
5086,1,23639,3689,19950,0,0,0,1.0,1,1.0,1,1.0,1,0.08854641539458484,60
5087,1,23640,3689,19951,0,0,0,1.0,1,1.0,1,1.0,1,0.10534757916166997,61
5088,1,23641,3690,19951,0,0,0,1.0,1,1.0,1,1.0,1,0.1303032077959763,62
5089,1,23642,3691,19951,0,0,0,1.0,1,1.0,1,1.0,1,0.13214263509165972,63
5090,1,23643,3691,19952,0,0,0,1.0,1,1.0,1,1.0,1,0.13436807801040926,63
5091,6,23649,3693,19956,0,0,0,1.0,1,1.0,1,1.0,1,0.16755304898151724,63
5092,5,23654,3694,19960,0,0,0,1.0,1,1.0,1,1.0,1,0.19243273548553236,63
5093,5,23659,3695,19964,0,0,0,1.0,1,1.0,1,1.0,1,0.18149701545095018,63
5094,6,23665,3697,19968,0,0,0,1.0,1,1.0,1,1.0,1,0.1483112191483982,64
5095,1,23666,3697,19969,0,0,0,1.0,1,1.0,1,1.0,1,0.13988026200220818,64
5096,2,23668,3698,19970,0,0,0,1.0,1,1.0,1,1.0,1,0.15732390748794656,67
5097,6,23674,3698,19976,0,0,0,1.0,1,1.0,1,1.0,1,0.15760716204163394,67
5098,4,23678,3699,19979,0,0,0,1.0,1,1.0,1,1.0,1,0.14327614560900193,68
5099,3,23681,3699,19982,0,0,0,1.0,1,1.0,1,1.0,1,0.14336266972469253,70
5100,6,23687,3700,19987,0,0,0,1.0,1,1.0,1,1.0,1,0.14737394711032456,71
5101,4,23691,3701,19990,0,0,0,1.0,1,1.0,1,1.0,1,0.11009102167293505,71
5102,5,23696,3704,19992,0,0,0,1.0,1,1.0,1,1.0,1,0.13530382569181484,70
5103,2,23698,3704,19994,0,0,0,1.0,1,1.0,1,1.0,1,0.08389735546954288,67
5104,1,23699,3705,19994,0,0,0,1.0,1,1.0,1,1.0,1,0.10613822566829405,67
5105,3,23702,3707,19995,0,0,0,1.0,1,1.0,1,1.0,1,0.09298976661081106,63
5106,2,23704,3709,19995,0,0,0,1.0,1,1.0,1,1.0,1,0.1279248340957195,63
5107,4,23708,3713,19995,0,0,0,1.0,1,1.0,1,1.0,1,0.16796189070969614,60
5108,1,23709,3713,19996,0,0,0,1.0,1,1.0,1,1.0,1,0.1323756060769551,56
5109,3,23712,3715,19997,0,0,0,1.0,1,1.0,1,1.0,1,0.16686747003756058,56
5110,3,23715,3717,19998,0,0,0,1.0,1,1.0,1,1.0,1,0.1790776297271736,52
5111,4,23719,3721,19998,0,0,0,1.0,1,1.0,1,1.0,1,0.1867389158799162,51
5112,1,23720,3722,19998,0,0,0,1.0,1,1.0,1,1.0,1,0.21933868889134178,50
5113,2,23722,3724,19998,0,0,0,1.0,1,1.0,1,1.0,1,0.2732828017040189,48
5114,1,23723,3725,19998,0,0,0,1.0,1,1.0,1,1.0,1,0.2640348325360286,46
5115,1,23724,3726,19998,0,0,0,1.0,1,1.0,1,1.0,1,0.290716256806962,44
5116,2,23726,3728,19998,0,0,0,1.0,1,1.0,1,1.0,1,0.30257375611830295,44
5117,1,23727,3728,19999,0,0,0,1.0,1,1.0,1,1.0,1,0.27372646372484133,46
5118,2,23729,3730,19999,0,0,0,1.0,1,1.0,1,1.0,1,0.28685941454272323,46
5119,1,23730,3731,19999,0,0,0,1.0,1,1.0,1,1.0,1,0.2950563921052566,46
5120,3,23733,3733,20000,0,0,0,1.0,1,1.0,1,1.0,1,0.2730550506945922,46
5121,12,23745,3735,20010,0,0,0,1.0,1,1.0,1,1.0,1,0.2278369139728836,46
5122,7,23752,3737,20015,0,0,0,1.0,1,1.0,1,1.0,1,0.13458100070727394,46
5123,3,23755,3737,20018,0,0,0,1.0,1,1.0,1,1.0,1,0.22221515523806668,45
5124,3,23758,3737,20021,0,0,0,1.0,1,1.0,1,1.0,1,0.13992665929432851,47
5125,9,23767,3738,20029,0,0,0,1.0,1,1.0,1,1.0,1,0.1881425921046553,50
5126,9,23776,3739,20037,0,0,0,1.0,1,1.0,1,1.0,1,0.21015553279297067,50
5127,10,23786,3739,20047,0,0,0,1.0,1,1.0,1,1.0,1,0.21871421838951988,52
5128,12,23798,3739,20059,0,0,0,1.0,1,1.0,1,1.0,1,0.21000334533731652,53
5129,12,23810,3739,20071,0,0,0,1.0,1,1.0,1,1.0,1,0.21620266488658424,55
5130,14,23824,3740,20084,0,0,0,1.0,1,1.0,1,1.0,1,0.2369380710653547,55
5131,15,23839,3740,20099,0,0,0,1.0,1,1.0,1,1.0,1,0.22905493118124426,54
5132,9,23848,3740,20108,0,0,0,1.0,1,1.0,1,1.0,1,0.2502614454278879,54
5133,11,23859,3740,20119,0,0,0,1.0,1,1.0,1,1.0,1,0.2733470105143195,54
5134,11,23870,3740,20130,0,0,0,1.0,1,1.0,1,1.0,1,0.24665008623299797,53
5135,13,23883,3740,20143,0,0,0,1.0,1,1.0,1,1.0,1,0.22335683907490703,54
5136,10,23893,3740,20153,0,0,0,1.0,1,1.0,1,1.0,1,0.28395563101567367,54
5137,11,23904,3741,20163,0,0,0,1.0,1,1.0,1,1.0,1,0.23830839561893946,54
5138,14,23918,3743,20175,0,0,0,1.0,1,1.0,1,1.0,1,0.26231660042236077,54
5139,12,23930,3744,20186,0,0,0,1.0,1,1.0,1,1.0,1,0.27324008483632795,55
5140,11,23941,3746,20195,0,0,0,1.0,1,1.0,1,1.0,1,0.2522357718548182,55
5141,8,23949,3746,20203,0,0,0,1.0,1,1.0,1,1.0,1,0.08810611658015141,53
5142,4,23953,3746,20207,0,0,0,1.0,1,1.0,1,1.0,1,0.0804908900108192,54
5143,3,23956,3748,20208,0,0,0,1.0,1,1.0,1,1.0,1,0.09533079893885169,52
5144,2,23958,3750,20208,0,0,0,1.0,1,1.0,1,1.0,1,0.12084402445050561,50
5145,0,23958,3750,20208,0,0,0,1.0,1,1.0,1,1.0,1,0.10867835249883234,49
5146,5,23963,3750,20213,0,0,0,1.0,1,1.0,1,1.0,1,0.08836588353608599,49
5147,4,23967,3751,20216,0,0,0,1.0,1,1.0,1,1.0,1,0.12329893384898952,46
5148,2,23969,3752,20217,0,0,0,1.0,1,1.0,1,1.0,1,0.11440410080531316,46
5149,1,23970,3753,20217,0,0,0,1.0,1,1.0,1,1.0,1,0.09959580701788506,45
5150,2,23972,3754,20218,0,0,0,1.0,1,1.0,1,1.0,1,0.11394525100683425,47
5151,2,23974,3756,20218,0,0,0,1.0,1,1.0,1,1.0,1,0.12217001625743076,46
5152,1,23975,3757,20218,0,0,0,1.0,1,1.0,1,1.0,1,0.14304121332194356,46
5153,4,23979,3758,20221,0,0,0,1.0,1,1.0,1,1.0,1,0.15382913872789467,45
5154,3,23982,3759,20223,0,0,0,1.0,1,1.0,1,1.0,1,0.12503113123711698,47
5155,2,23984,3759,20225,0,0,0,1.0,1,1.0,1,1.0,1,0.16609328689928093,47
5156,4,23988,3761,20227,0,0,0,1.0,1,1.0,1,1.0,1,0.18969427433945518,47
5157,2,23990,3761,20229,0,0,0,1.0,1,1.0,1,1.0,1,0.2095584682073621,46
5158,2,23992,3761,20231,0,0,0,1.0,1,1.0,1,1.0,1,0.1975294153445887,47
5159,2,23994,3761,20233,0,0,0,1.0,1,1.0,1,1.0,1,0.2071048691550522,49
5160,0,23994,3761,20233,0,0,0,1.0,1,1.0,1,1.0,1,0.20687372992348776,48
5161,7,24001,3761,20240,0,0,0,1.0,1,1.0,1,1.0,1,0.06754035317098483,48
5162,0,24001,3761,20240,0,0,0,1.0,1,1.0,1,1.0,1,0.04625751613641322,49
5163,3,24004,3761,20243,0,0,0,1.0,1,1.0,1,1.0,1,0.0674551618368259,51
5164,2,24006,3761,20245,0,0,0,1.0,1,1.0,1,1.0,1,0.0674551618368259,51
5165,2,24008,3761,20247,0,0,0,1.0,1,1.0,1,1.0,1,0.05381977324543416,52
5166,3,24011,3762,20249,0,0,0,1.0,1,1.0,1,1.0,1,0.0688618016285691,52
5167,4,24015,3763,20252,0,0,0,1.0,1,1.0,1,1.0,1,0.13001780023179982,52
5168,2,24017,3763,20254,0,0,0,1.0,1,1.0,1,1.0,1,0.08677635065284832,52
5169,7,24024,3765,20259,0,0,0,1.0,1,1.0,1,1.0,1,0.12426653676569807,53
5170,4,24028,3765,20263,0,0,0,1.0,1,1.0,1,1.0,1,0.12426653676569807,53
5171,2,24030,3765,20265,0,0,0,1.0,1,1.0,1,1.0,1,0.09783844391522561,52
5172,8,24038,3766,20272,0,0,0,1.0,1,1.0,1,1.0,1,0.07692357036966994,53
5173,6,24044,3766,20278,0,0,0,1.0,1,1.0,1,1.0,1,0.09548943417941552,54
5174,11,24055,3766,20289,0,0,0,1.0,1,1.0,1,1.0,1,0.12702079729842947,56
5175,13,24068,3767,20301,0,0,0,1.0,1,1.0,1,1.0,1,0.12357077515098586,58
5176,14,24082,3769,20313,0,0,0,1.0,1,1.0,1,1.0,1,0.11195330680260883,58
5177,13,24095,3770,20325,0,0,0,1.0,1,1.0,1,1.0,1,0.1680490991798818,59
5178,13,24108,3771,20337,0,0,0,1.0,1,1.0,1,1.0,1,0.1523319112723243,57
5179,9,24117,3771,20346,0,0,0,1.0,1,1.0,1,1.0,1,0.18557183850441036,58
5180,9,24126,3772,20354,0,0,0,1.0,1,1.0,1,1.0,1,0.13671475824134763,56
5181,5,24131,3773,20358,0,0,0,1.0,1,1.0,1,1.0,1,0.11560998108435241,57
5182,3,24134,3774,20360,0,0,0,1.0,1,1.0,1,1.0,1,0.10492155995266693,56
5183,4,24138,3776,20362,0,0,0,1.0,1,1.0,1,1.0,1,0.10940275378995853,57
5184,2,24140,3777,20363,0,0,0,1.0,1,1.0,1,1.0,1,0.11705309871710884,56
5185,4,24144,3778,20366,0,0,0,1.0,1,1.0,1,1.0,1,0.12165368102117535,56
5186,1,24145,3779,20366,0,0,0,1.0,1,1.0,1,1.0,1,0.11830477590734659,54
5187,0,24145,3779,20366,0,0,0,1.0,1,1.0,1,1.0,1,0.127034023391781,51
5188,1,24146,3780,20366,0,0,0,1.0,1,1.0,1,1.0,1,0.13726979968902447,50
5189,1,24147,3780,20367,0,0,0,1.0,1,1.0,1,1.0,1,0.127200584768554,49
5190,3,24150,3781,20369,0,0,0,1.0,1,1.0,1,1.0,1,0.12309737369570581,50
5191,3,24153,3781,20372,0,0,0,1.0,1,1.0,1,1.0,1,0.11465799468702081,50
5192,2,24155,3782,20373,0,0,0,1.0,1,1.0,1,1.0,1,0.10300422414891613,49
5193,1,24156,3782,20374,0,0,0,1.0,1,1.0,1,1.0,1,0.1170975168517243,50
5194,4,24160,3783,20377,0,0,0,1.0,1,1.0,1,1.0,1,0.1406836877962987,51
5195,4,24164,3784,20380,0,0,0,1.0,1,1.0,1,1.0,1,0.1567945011690336,51
5196,3,24167,3784,20383,0,0,0,1.0,1,1.0,1,1.0,1,0.14304067691338002,51
5197,2,24169,3784,20385,0,0,0,1.0,1,1.0,1,1.0,1,0.16755613445105288,51
5198,2,24171,3784,20387,0,0,0,1.0,1,1.0,1,1.0,1,0.16370888040992687,51
5199,6,24177,3784,20393,0,0,0,1.0,1,1.0,1,1.0,1,0.12802078589302016,54
5200,6,24183,3785,20398,0,0,0,1.0,1,1.0,1,1.0,1,0.13151936422970514,54
5201,6,24189,3787,20402,0,0,0,1.0,1,1.0,1,1.0,1,0.09660273410291188,55
5202,3,24192,3787,20405,0,0,0,1.0,1,1.0,1,1.0,1,0.10768567810334047,56
5203,1,24193,3787,20406,0,0,0,1.0,1,1.0,1,1.0,1,0.09741347944162546,56
5204,4,24197,3787,20410,0,0,0,1.0,1,1.0,1,1.0,1,0.0929942090881577,58
5205,1,24198,3787,20411,0,0,0,1.0,1,1.0,1,1.0,1,0.09306307982562807,58
5206,2,24200,3787,20413,0,0,0,1.0,1,1.0,1,1.0,1,0.09306307982562807,58
5207,2,24202,3787,20415,0,0,0,1.0,1,1.0,1,1.0,1,0.0907949568692381,59
5208,3,24205,3788,20417,0,0,0,1.0,1,1.0,1,1.0,1,0.09156383140903615,58
5209,1,24206,3788,20418,0,0,0,1.0,1,1.0,1,1.0,1,0.09952126177801247,58
5210,1,24207,3788,20419,0,0,0,1.0,1,1.0,1,1.0,1,0.10067959482988026,57
5211,3,24210,3790,20420,0,0,0,1.0,1,1.0,1,1.0,1,0.14432580111621832,57
5212,3,24213,3790,20423,0,0,0,1.0,1,1.0,1,1.0,1,0.14033827664183005,59
5213,3,24216,3792,20424,0,0,0,1.0,1,1.0,1,1.0,1,0.16539641420172016,59
5214,7,24223,3792,20431,0,0,0,1.0,1,1.0,1,1.0,1,0.1632060450158627,59
5215,7,24230,3793,20437,0,0,0,1.0,1,1.0,1,1.0,1,0.2120660768848691,58
5216,5,24235,3793,20442,0,0,0,1.0,1,1.0,1,1.0,1,0.19475214886116615,59
5217,10,24245,3795,20450,0,0,0,1.0,1,1.0,1,1.0,1,0.17542163265093047,58
5218,9,24254,3799,20455,0,0,0,1.0,1,1.0,1,1.0,1,0.2147389574458132,58
5219,4,24258,3799,20459,0,0,0,1.0,1,1.0,1,1.0,1,0.1741230016897778,57
5220,4,24262,3799,20463,0,0,0,1.0,1,1.0,1,1.0,1,0.19136186148730452,56
5221,6,24268,3801,20467,0,0,0,1.0,1,1.0,1,1.0,1,0.14780638517549577,58
5222,3,24271,3802,20469,0,0,0,1.0,1,1.0,1,1.0,1,0.1477304722339147,56
5223,6,24277,3804,20473,0,0,0,1.0,1,1.0,1,1.0,1,0.19285488404160545,55
5224,2,24279,3805,20474,0,0,0,1.0,1,1.0,1,1.0,1,0.19855745282855197,56
5225,4,24283,3806,20477,0,0,0,1.0,1,1.0,1,1.0,1,0.21865870513755709,55
5226,2,24285,3807,20478,0,0,0,1.0,1,1.0,1,1.0,1,0.21292201473094782,55
5227,2,24287,3807,20480,0,0,0,1.0,1,1.0,1,1.0,1,0.2074703577199141,53
5228,3,24290,3808,20482,0,0,0,1.0,1,1.0,1,1.0,1,0.18880321334951097,51
5229,2,24292,3808,20484,0,0,0,1.0,1,1.0,1,1.0,1,0.16926345656942637,51
5230,1,24293,3808,20485,0,0,0,1.0,1,1.0,1,1.0,1,0.16806763173032954,51
5231,2,24295,3809,20486,0,0,0,1.0,1,1.0,1,1.0,1,0.19010533229159576,52
5232,3,24298,3811,20487,0,0,0,1.0,1,1.0,1,1.0,1,0.19309663122485865,52
5233,1,24299,3812,20487,0,0,0,1.0,1,1.0,1,1.0,1,0.20046314490885705,53
5234,1,24300,3812,20488,0,0,0,1.0,1,1.0,1,1.0,1,0.21638021519068454,53
5235,1,24301,3813,20488,0,0,0,1.0,1,1.0,1,1.0,1,0.2158512484740666,53
5236,3,24304,3815,20489,0,0,0,1.0,1,1.0,1,1.0,1,0.23456169195013812,52
5237,3,24307,3815,20492,0,0,0,1.0,1,1.0,1,1.0,1,0.21982701359698498,52
5238,4,24311,3817,20494,0,0,0,1.0,1,1.0,1,1.0,1,0.2284660744971815,52
5239,4,24315,3817,20498,0,0,0,1.0,1,1.0,1,1.0,1,0.24578854751895352,51
5240,5,24320,3818,20502,0,0,0,1.0,1,1.0,1,1.0,1,0.249308189669092,53
5241,8,24328,3818,20510,0,0,0,1.0,1,1.0,1,1.0,1,0.19050488718627934,53
5242,4,24332,3819,20513,0,0,0,1.0,1,1.0,1,1.0,1,0.16827818264598693,51
5243,4,24336,3820,20516,0,0,0,1.0,1,1.0,1,1.0,1,0.18519979144121104,51
5244,6,24342,3821,20521,0,0,0,1.0,1,1.0,1,1.0,1,0.1582382855556615,52
5245,9,24351,3822,20529,0,0,0,1.0,1,1.0,1,1.0,1,0.180362329054539,53
5246,8,24359,3823,20536,0,0,0,1.0,1,1.0,1,1.0,1,0.15667265514127499,53
5247,7,24366,3825,20541,0,0,0,1.0,1,1.0,1,1.0,1,0.21123468769709314,54
5248,10,24376,3827,20549,0,0,0,1.0,1,1.0,1,1.0,1,0.19678511569889426,54
5249,6,24382,3828,20554,0,0,0,1.0,1,1.0,1,1.0,1,0.22013223347902064,55
5250,9,24391,3828,20563,0,0,0,1.0,1,1.0,1,1.0,1,0.2371312740593117,57
5251,9,24400,3828,20572,0,0,0,1.0,1,1.0,1,1.0,1,0.1626489311281722,58
5252,11,24411,3828,20583,0,0,0,1.0,1,1.0,1,1.0,1,0.17474500430286405,58
5253,12,24423,3831,20592,0,0,0,1.0,1,1.0,1,1.0,1,0.22965608013878727,58
5254,14,24437,3832,20605,0,0,0,1.0,1,1.0,1,1.0,1,0.22393358844251177,59
5255,9,24446,3833,20613,0,0,0,1.0,1,1.0,1,1.0,1,0.27336853789017285,58
5256,15,24461,3833,20628,0,0,0,1.0,1,1.0,1,1.0,1,0.2869356864211431,58
5257,8,24469,3833,20636,0,0,0,1.0,1,1.0,1,1.0,1,0.21982310867346183,57
5258,14,24483,3833,20650,0,0,0,1.0,1,1.0,1,1.0,1,0.22559907453185277,55
5259,8,24491,3834,20657,0,0,0,1.0,1,1.0,1,1.0,1,0.27261563229729596,56
5260,7,24498,3834,20664,0,0,0,1.0,1,1.0,1,1.0,1,0.2664177831304895,55
5261,7,24505,3834,20671,0,0,0,1.0,1,1.0,1,1.0,1,0.17983843347859396,54
5262,0,24505,3834,20671,0,0,0,1.0,1,1.0,1,1.0,1,0.17983843347859396,54
5263,3,24508,3835,20673,0,0,0,1.0,1,1.0,1,1.0,1,0.15478739716807463,55
5264,2,24510,3836,20674,0,0,0,1.0,1,1.0,1,1.0,1,0.16379906220722365,53
5265,3,24513,3839,20674,0,0,0,1.0,1,1.0,1,1.0,1,0.16577828265164998,52
5266,0,24513,3839,20674,0,0,0,1.0,1,1.0,1,1.0,1,0.18428510582145188,49
5267,0,24513,3839,20674,0,0,0,1.0,1,1.0,1,1.0,1,0.19849018376643932,49
5268,2,24515,3840,20675,0,0,0,1.0,1,1.0,1,1.0,1,0.20548557355371805,46
5269,3,24518,3841,20677,0,0,0,1.0,1,1.0,1,1.0,1,0.20447816156776444,45
5270,3,24521,3843,20678,0,0,0,1.0,1,1.0,1,1.0,1,0.19872795853302844,46
5271,4,24525,3846,20679,0,0,0,1.0,1,1.0,1,1.0,1,0.20880675520417988,46
5272,0,24525,3846,20679,0,0,0,1.0,1,1.0,1,1.0,1,0.2371901750332481,45
5273,5,24530,3849,20681,0,0,0,1.0,1,1.0,1,1.0,1,0.21738547642835318,45
5274,2,24532,3850,20682,0,0,0,1.0,1,1.0,1,1.0,1,0.22449674872652384,45
5275,5,24537,3853,20684,0,0,0,1.0,1,1.0,1,1.0,1,0.2389930750782624,46
5276,5,24542,3857,20685,0,0,0,1.0,1,1.0,1,1.0,1,0.2700007116642416,45
5277,2,24544,3857,20687,0,0,0,1.0,1,1.0,1,1.0,1,0.2794616043585943,45
5278,3,24547,3859,20688,0,0,0,1.0,1,1.0,1,1.0,1,0.3257512816288632,44
5279,0,24547,3859,20688,0,0,0,1.0,1,1.0,1,1.0,1,0.3095572706284937,45
5280,1,24548,3860,20688,0,0,0,1.0,1,1.0,1,1.0,1,0.29005825915088684,46
5281,7,24555,3860,20695,0,0,0,1.0,1,1.0,1,1.0,1,0.20443793297946303,46
5282,5,24560,3861,20699,0,0,0,1.0,1,1.0,1,1.0,1,0.19742127093957576,47
5283,8,24568,3861,20707,0,0,0,1.0,1,1.0,1,1.0,1,0.19120676620014845,48
5284,6,24574,3861,20713,0,0,0,1.0,1,1.0,1,1.0,1,0.19120676620014845,48
5285,6,24580,3861,20719,0,0,0,1.0,1,1.0,1,1.0,1,0.16477312483497913,48
5286,3,24583,3861,20722,0,0,0,1.0,1,1.0,1,1.0,1,0.157075264907003,50
5287,2,24585,3861,20724,0,0,0,1.0,1,1.0,1,1.0,1,0.16367481692523608,50
5288,9,24594,3861,20733,0,0,0,1.0,1,1.0,1,1.0,1,0.19598881210470365,51
5289,4,24598,3861,20737,0,0,0,1.0,1,1.0,1,1.0,1,0.15178327074494508,51
5290,8,24606,3861,20745,0,0,0,1.0,1,1.0,1,1.0,1,0.1181820546073574,52
5291,5,24611,3862,20749,0,0,0,1.0,1,1.0,1,1.0,1,0.1999442790014874,52
5292,4,24615,3862,20753,0,0,0,1.0,1,1.0,1,1.0,1,0.15606105705467718,53
5293,9,24624,3863,20761,0,0,0,1.0,1,1.0,1,1.0,1,0.18416609112114493,51
5294,8,24632,3864,20768,0,0,0,1.0,1,1.0,1,1.0,1,0.2277406298629494,50
5295,8,24640,3864,20776,0,0,0,1.0,1,1.0,1,1.0,1,0.2622266867225386,49
5296,15,24655,3867,20788,0,0,0,1.0,1,1.0,1,1.0,1,0.28720589014908526,48
5297,10,24665,3867,20798,0,0,0,1.0,1,1.0,1,1.0,1,0.31788153252453205,46
5298,9,24674,3867,20807,0,0,0,1.0,1,1.0,1,1.0,1,0.30828765384874723,46
5299,8,24682,3867,20815,0,0,0,1.0,1,1.0,1,1.0,1,0.3152906773967178,47
5300,7,24689,3867,20822,0,0,0,1.0,1,1.0,1,1.0,1,0.27636439661586054,48
5301,6,24695,3867,20828,0,0,0,1.0,1,1.0,1,1.0,1,0.20614365971890802,48
5302,4,24699,3868,20831,0,0,0,1.0,1,1.0,1,1.0,1,0.20515179444093906,49
5303,3,24702,3868,20834,0,0,0,1.0,1,1.0,1,1.0,1,0.1832827867922984,48
5304,2,24704,3868,20836,0,0,0,1.0,1,1.0,1,1.0,1,0.17351033911428904,48
5305,2,24706,3868,20838,0,0,0,1.0,1,1.0,1,1.0,1,0.18387741980491584,47
5306,2,24708,3869,20839,0,0,0,1.0,1,1.0,1,1.0,1,0.17881070785384437,48
5307,2,24710,3869,20841,0,0,0,1.0,1,1.0,1,1.0,1,0.19865279152765913,48
5308,3,24713,3870,20843,0,0,0,1.0,1,1.0,1,1.0,1,0.18006789866171577,47
5309,5,24718,3871,20847,0,0,0,1.0,1,1.0,1,1.0,1,0.1969564562353937,46
5310,6,24724,3872,20852,0,0,0,1.0,1,1.0,1,1.0,1,0.17081660149953456,46
5311,6,24730,3873,20857,0,0,0,1.0,1,1.0,1,1.0,1,0.1697689804363852,46
5312,6,24736,3874,20862,0,0,0,1.0,1,1.0,1,1.0,1,0.18975504433614465,46
5313,6,24742,3874,20868,0,0,0,1.0,1,1.0,1,1.0,1,0.19817891292897136,46
5314,5,24747,3874,20873,0,0,0,1.0,1,1.0,1,1.0,1,0.19727840739553862,46
5315,7,24754,3876,20878,0,0,0,1.0,1,1.0,1,1.0,1,0.18896331843534075,47
5316,7,24761,3876,20885,0,0,0,1.0,1,1.0,1,1.0,1,0.17979086922076584,48
5317,8,24769,3878,20891,0,0,0,1.0,1,1.0,1,1.0,1,0.21300690674842127,49
5318,6,24775,3878,20897,0,0,0,1.0,1,1.0,1,1.0,1,0.2023363023577373,49
5319,8,24783,3880,20903,0,0,0,1.0,1,1.0,1,1.0,1,0.23846234866821436,50
5320,9,24792,3880,20912,0,0,0,1.0,1,1.0,1,1.0,1,0.22907356200316245,51
5321,13,24805,3880,20925,0,0,0,1.0,1,1.0,1,1.0,1,0.10531514749416056,52
5322,4,24809,3880,20929,0,0,0,1.0,1,1.0,1,1.0,1,0.10725294365815968,53
5323,4,24813,3880,20933,0,0,0,1.0,1,1.0,1,1.0,1,0.09137264628912241,53
5324,6,24819,3881,20938,0,0,0,1.0,1,1.0,1,1.0,1,0.08445902598110452,55
5325,8,24827,3882,20945,0,0,0,1.0,1,1.0,1,1.0,1,0.11289908039659528,55
5326,9,24836,3884,20952,0,0,0,1.0,1,1.0,1,1.0,1,0.1574604421415345,55
5327,8,24844,3884,20960,0,0,0,1.0,1,1.0,1,1.0,1,0.1595176889235559,56
5328,15,24859,3886,20973,0,0,0,1.0,1,1.0,1,1.0,1,0.1731859391094459,57
5329,9,24868,3886,20982,0,0,0,1.0,1,1.0,1,1.0,1,0.18235214614034423,57
5330,10,24878,3887,20991,0,0,0,1.0,1,1.0,1,1.0,1,0.22977372952194677,56
5331,10,24888,3887,21001,0,0,0,1.0,1,1.0,1,1.0,1,0.19343733982788142,57
5332,10,24898,3887,21011,0,0,0,1.0,1,1.0,1,1.0,1,0.2048868688056014,58
5333,20,24918,3887,21031,0,0,0,1.0,1,1.0,1,1.0,1,0.21269639336306911,59
5334,16,24934,3887,21047,0,0,0,1.0,1,1.0,1,1.0,1,0.19960579972033696,59
5335,16,24950,3888,21062,0,0,0,1.0,1,1.0,1,1.0,1,0.257154459464941,58
5336,17,24967,3888,21079,0,0,0,1.0,1,1.0,1,1.0,1,0.23503552580351064,59
5337,17,24984,3888,21096,0,0,0,1.0,1,1.0,1,1.0,1,0.22325893251183812,60
5338,13,24997,3888,21109,0,0,0,1.0,1,1.0,1,1.0,1,0.25618400650281076,60
5339,15,25012,3888,21124,0,0,0,1.0,1,1.0,1,1.0,1,0.25943165302451676,60
5340,20,25032,3889,21143,0,0,0,1.0,1,1.0,1,1.0,1,0.2485811402585475,60
5341,16,25048,3889,21159,0,0,0,1.0,1,1.0,1,1.0,1,0.15988687669268983,61
5342,9,25057,3890,21167,0,0,0,1.0,1,1.0,1,1.0,1,0.146730580282471,59
5343,10,25067,3891,21176,0,0,0,1.0,1,1.0,1,1.0,1,0.14738122054730018,58
5344,13,25080,3893,21187,0,0,0,1.0,1,1.0,1,1.0,1,0.18742092612150185,58
5345,10,25090,3893,21197,0,0,0,1.0,1,1.0,1,1.0,1,0.19200473531333695,54
5346,6,25096,3894,21202,0,0,0,1.0,1,1.0,1,1.0,1,0.1974355087753052,54
5347,6,25102,3895,21207,0,0,0,1.0,1,1.0,1,1.0,1,0.1875027756464013,54
5348,6,25108,3896,21212,0,0,0,1.0,1,1.0,1,1.0,1,0.21713560571243556,55
5349,14,25122,3898,21224,0,0,0,1.0,1,1.0,1,1.0,1,0.2441482499137605,56
5350,12,25134,3899,21235,0,0,0,1.0,1,1.0,1,1.0,1,0.227421455212068,56
5351,6,25140,3899,21241,0,0,0,1.0,1,1.0,1,1.0,1,0.23026092821887875,57
5352,13,25153,3901,21252,0,0,0,1.0,1,1.0,1,1.0,1,0.24069585857161188,57
5353,8,25161,3901,21260,0,0,0,1.0,1,1.0,1,1.0,1,0.2470649315343583,57
5354,14,25175,3902,21273,0,0,0,1.0,1,1.0,1,1.0,1,0.2530615359897305,56
5355,12,25187,3903,21284,0,0,0,1.0,1,1.0,1,1.0,1,0.2538618718876875,57
5356,9,25196,3903,21293,0,0,0,1.0,1,1.0,1,1.0,1,0.25043901473932473,56
5357,11,25207,3903,21304,0,0,0,1.0,1,1.0,1,1.0,1,0.2653429095874646,56
5358,7,25214,3903,21311,0,0,0,1.0,1,1.0,1,1.0,1,0.2619302790496178,57
5359,9,25223,3903,21320,0,0,0,1.0,1,1.0,1,1.0,1,0.27221080502652883,57
5360,7,25230,3903,21327,0,0,0,1.0,1,1.0,1,1.0,1,0.2782741796128414,55
5361,17,25247,3904,21343,0,0,0,1.0,1,1.0,1,1.0,1,0.22922263987670616,56
5362,9,25256,3905,21351,0,0,0,1.0,1,1.0,1,1.0,1,0.1693907088782573,57
5363,2,25258,3905,21353,0,0,0,1.0,1,1.0,1,1.0,1,0.18222073107785325,57
5364,3,25261,3905,21356,0,0,0,1.0,1,1.0,1,1.0,1,0.17682895320585426,58
5365,8,25269,3906,21363,0,0,0,1.0,1,1.0,1,1.0,1,0.18190339728956573,59
5366,12,25281,3907,21374,0,0,0,1.0,1,1.0,1,1.0,1,0.18100743750585632,60
5367,7,25288,3907,21381,0,0,0,1.0,1,1.0,1,1.0,1,0.19666651580579295,60
5368,10,25298,3908,21390,0,0,0,1.0,1,1.0,1,1.0,1,0.15455829277332803,58
5369,9,25307,3909,21398,0,0,0,1.0,1,1.0,1,1.0,1,0.1469491698980155,58
5370,7,25314,3909,21405,0,0,0,1.0,1,1.0,1,1.0,1,0.15733900100560624,57
5371,12,25326,3911,21415,0,0,0,1.0,1,1.0,1,1.0,1,0.21292932215403304,56
5372,11,25337,3913,21424,0,0,0,1.0,1,1.0,1,1.0,1,0.2537010117645115,55
5373,11,25348,3915,21433,0,0,0,1.0,1,1.0,1,1.0,1,0.24565623093255026,54
5374,9,25357,3915,21442,0,0,0,1.0,1,1.0,1,1.0,1,0.21568779570934202,53
5375,11,25368,3917,21451,0,0,0,1.0,1,1.0,1,1.0,1,0.24362559361904998,52
5376,9,25377,3918,21459,0,0,0,1.0,1,1.0,1,1.0,1,0.1829142159668085,52
5377,11,25388,3920,21468,0,0,0,1.0,1,1.0,1,1.0,1,0.261140633915536,51
5378,10,25398,3920,21478,0,0,0,1.0,1,1.0,1,1.0,1,0.2393565084841402,52
5379,11,25409,3920,21489,0,0,0,1.0,1,1.0,1,1.0,1,0.24442149056071055,50
5380,15,25424,3923,21501,0,0,0,1.0,1,1.0,1,1.0,1,0.28777378197313164,51
5381,11,25435,3924,21511,0,0,0,1.0,1,1.0,1,1.0,1,0.1321887077983649,50
5382,3,25438,3924,21514,0,0,0,1.0,1,1.0,1,1.0,1,0.1725801110082942,48
5383,5,25443,3924,21519,0,0,0,1.0,1,1.0,1,1.0,1,0.15707942296673102,48
5384,1,25444,3924,21520,0,0,0,1.0,1,1.0,1,1.0,1,0.1425418480967535,48
5385,1,25445,3924,21521,0,0,0,1.0,1,1.0,1,1.0,1,0.1763717682376774,47
5386,3,25448,3926,21522,0,0,0,1.0,1,1.0,1,1.0,1,0.1841882400879518,48
5387,2,25450,3927,21523,0,0,0,1.0,1,1.0,1,1.0,1,0.20547214787370272,48
5388,8,25458,3929,21529,0,0,0,1.0,1,1.0,1,1.0,1,0.13624946816291839,48
5389,5,25463,3930,21533,0,0,0,1.0,1,1.0,1,1.0,1,0.12973756744788836,50
5390,3,25466,3931,21535,0,0,0,1.0,1,1.0,1,1.0,1,0.1455363482503477,52
5391,3,25469,3932,21537,0,0,0,1.0,1,1.0,1,1.0,1,0.18018428289269053,52
5392,6,25475,3932,21543,0,0,0,1.0,1,1.0,1,1.0,1,0.1711827460932871,51
5393,1,25476,3932,21544,0,0,0,1.0,1,1.0,1,1.0,1,0.1478766958615942,50
5394,2,25478,3933,21545,0,0,0,1.0,1,1.0,1,1.0,1,0.1835785990084884,50
5395,0,25478,3933,21545,0,0,0,1.0,1,1.0,1,1.0,1,0.18799960544270758,49
5396,3,25481,3933,21548,0,0,0,1.0,1,1.0,1,1.0,1,0.13932054004686273,48
5397,3,25484,3936,21548,0,0,0,1.0,1,1.0,1,1.0,1,0.14870735233467416,48
5398,1,25485,3936,21549,0,0,0,1.0,1,1.0,1,1.0,1,0.18031292801777876,46
5399,1,25486,3937,21549,0,0,0,1.0,1,1.0,1,1.0,1,0.21002862575332173,46
5400,3,25489,3938,21551,0,0,0,1.0,1,1.0,1,1.0,1,0.16208930157326137,48
5401,5,25494,3939,21555,0,0,0,1.0,1,1.0,1,1.0,1,0.12441910507518031,49
5402,0,25494,3939,21555,0,0,0,1.0,1,1.0,1,1.0,1,0.0,0
