,SuccessfulHandoverCount,TotalSuccessfulHandoverCount,TotalSuccessfulHandoverCountRange,TotalSuccessfulHandoverCountLoadBalancing,TotalSuccessfulHandoverCountOverload,FailedHandoverCount,TotalFailedHandoverCount,AvgQoS,MinQoS,AvgQoS_LoadBased,MinQoS_LoadBased,AvgQoS_RangeBased,MinQoS_RangeBased,GiniLoad,VehicleCount
0,0,0,0,0,0,0,0,1.0,1,1.0,1,1.0,1,0.0,0
1,12,12,0,12,0,0,0,1.0,1,1.0,1,1.0,1,0.16716626098194126,26
2,13,25,0,25,0,0,0,1.0,1,1.0,1,1.0,1,0.10004041052502792,27
3,8,33,0,33,0,0,0,1.0,1,1.0,1,1.0,1,0.151262881615604,28
4,2,35,0,35,0,0,0,1.0,1,1.0,1,1.0,1,0.09176566528520241,29
5,0,35,0,35,0,0,0,1.0,1,1.0,1,1.0,1,0.09176566528520241,29
6,1,36,0,36,0,0,0,1.0,1,1.0,1,1.0,1,0.02324079744129333,32
7,1,37,1,36,0,0,0,1.0,1,1.0,1,1.0,1,0.06336090407921996,33
8,1,38,2,36,0,0,0,1.0,1,1.0,1,1.0,1,0.019155802441833084,35
9,1,39,3,36,0,0,0,1.0,1,1.0,1,1.0,1,0.04048622597889639,35
10,1,40,4,36,0,0,0,1.0,1,1.0,1,1.0,1,0.04761874902932385,35
11,2,42,6,36,0,0,0,1.0,1,1.0,1,1.0,1,0.05617493394523459,35
12,1,43,7,36,0,0,0,1.0,1,1.0,1,1.0,1,0.04590245059038388,34
13,0,43,7,36,0,0,0,1.0,1,1.0,1,1.0,1,0.04805272511189774,32
14,2,45,9,36,0,0,0,1.0,1,1.0,1,1.0,1,0.1343115397449255,31
15,1,46,10,36,0,0,0,1.0,1,1.0,1,1.0,1,0.10716516534831086,30
16,1,47,10,37,0,0,0,1.0,1,1.0,1,1.0,1,0.0968022484302564,30
17,0,47,10,37,0,0,0,1.0,1,1.0,1,1.0,1,0.08517446548421811,29
18,0,47,10,37,0,0,0,1.0,1,1.0,1,1.0,1,0.08517446548421811,29
19,0,47,10,37,0,0,0,1.0,1,1.0,1,1.0,1,0.09305293126448175,28
20,2,49,11,38,0,0,0,1.0,1,1.0,1,1.0,1,0.11844118609000667,28
21,1,50,12,38,0,0,0,1.0,1,1.0,1,1.0,1,0.07794440945573929,28
22,2,52,14,38,0,0,0,1.0,1,1.0,1,1.0,1,0.12253498851510582,28
23,2,54,16,38,0,0,0,1.0,1,1.0,1,1.0,1,0.2308807168735957,27
24,7,61,21,40,0,0,0,1.0,1,1.0,1,1.0,1,0.19704719775309407,28
25,4,65,22,43,0,0,0,1.0,1,1.0,1,1.0,1,0.12813963567957382,28
26,2,67,23,44,0,0,0,1.0,1,1.0,1,1.0,1,0.13147704742267982,30
27,2,69,23,46,0,0,0,1.0,1,1.0,1,1.0,1,0.11090198668109712,30
28,2,71,24,47,0,0,0,1.0,1,1.0,1,1.0,1,0.09045247229022417,31
29,0,71,24,47,0,0,0,1.0,1,1.0,1,1.0,1,0.10995463925352976,30
30,0,71,24,47,0,0,0,1.0,1,1.0,1,1.0,1,0.10995463925352976,30
31,2,73,25,48,0,0,0,1.0,1,1.0,1,1.0,1,0.07319180693785243,31
32,0,73,25,48,0,0,0,1.0,1,1.0,1,1.0,1,0.1005592953406348,31
33,0,73,25,48,0,0,0,1.0,1,1.0,1,1.0,1,0.07357350312780589,31
34,3,76,26,50,0,0,0,1.0,1,1.0,1,1.0,1,0.11777454341231362,29
35,0,76,26,50,0,0,0,1.0,1,1.0,1,1.0,1,0.0850223999315634,30
36,0,76,26,50,0,0,0,1.0,1,1.0,1,1.0,1,0.11892846835962974,30
37,1,77,27,50,0,0,0,1.0,1,1.0,1,1.0,1,0.1459752573905905,31
38,2,79,28,51,0,0,0,1.0,1,1.0,1,1.0,1,0.11362552344866836,32
39,2,81,28,53,0,0,0,1.0,1,1.0,1,1.0,1,0.04645159866960197,36
40,1,82,29,53,0,0,0,1.0,1,1.0,1,1.0,1,0.06598296767484589,37
41,0,82,29,53,0,0,0,1.0,1,1.0,1,1.0,1,0.06598296767484589,37
42,1,83,30,53,0,0,0,1.0,1,1.0,1,1.0,1,0.08777521326838186,38
43,2,85,31,54,0,0,0,1.0,1,1.0,1,1.0,1,0.12493687038472596,40
44,0,85,31,54,0,0,0,1.0,1,1.0,1,1.0,1,0.11758736207049833,39
45,0,85,31,54,0,0,0,1.0,1,1.0,1,1.0,1,0.09497365410320288,40
46,0,85,31,54,0,0,0,1.0,1,1.0,1,1.0,1,0.08982340192679657,39
47,1,86,32,54,0,0,0,1.0,1,1.0,1,1.0,1,0.10492766812571896,39
48,1,87,32,55,0,0,0,1.0,1,1.0,1,1.0,1,0.08892345251852322,39
49,0,87,32,55,0,0,0,1.0,1,1.0,1,1.0,1,0.06411748111335154,37
50,2,89,34,55,0,0,0,1.0,1,1.0,1,1.0,1,0.08284390809514018,35
51,0,89,34,55,0,0,0,1.0,1,1.0,1,1.0,1,0.06968959998775578,34
52,0,89,34,55,0,0,0,1.0,1,1.0,1,1.0,1,0.04691700891889136,34
53,0,89,34,55,0,0,0,1.0,1,1.0,1,1.0,1,0.05770159380884384,35
54,1,90,34,56,0,0,0,1.0,1,1.0,1,1.0,1,0.040582006948168124,36
55,1,91,35,56,0,0,0,1.0,1,1.0,1,1.0,1,0.0485418254909532,36
56,8,99,39,60,0,0,0,1.0,1,1.0,1,1.0,1,0.04859940591856833,36
57,0,99,39,60,0,0,0,1.0,1,1.0,1,1.0,1,0.06737200353712283,37
58,2,101,41,60,0,0,0,1.0,1,1.0,1,1.0,1,0.101940880695236,38
59,1,102,42,60,0,0,0,1.0,1,1.0,1,1.0,1,0.15061012100830778,37
60,0,102,42,60,0,0,0,1.0,1,1.0,1,1.0,1,0.134266695519798,38
61,7,109,46,63,0,0,0,1.0,1,1.0,1,1.0,1,0.10140348712782851,37
62,4,113,47,66,0,0,0,1.0,1,1.0,1,1.0,1,0.057539706671489284,39
63,0,113,47,66,0,0,0,1.0,1,1.0,1,1.0,1,0.057539706671489284,39
64,2,115,49,66,0,0,0,1.0,1,1.0,1,1.0,1,0.10161212360105884,38
65,1,116,50,66,0,0,0,1.0,1,1.0,1,1.0,1,0.11058780738903017,39
66,0,116,50,66,0,0,0,1.0,1,1.0,1,1.0,1,0.10960182943171896,39
67,2,118,51,67,0,0,0,1.0,1,1.0,1,1.0,1,0.11283183230600176,36
68,2,120,52,68,0,0,0,1.0,1,1.0,1,1.0,1,0.0942274800070983,36
69,1,121,53,68,0,0,0,1.0,1,1.0,1,1.0,1,0.13074589913459822,37
70,2,123,53,70,0,0,0,1.0,1,1.0,1,1.0,1,0.06471341667974723,36
71,1,124,53,71,0,0,0,1.0,1,1.0,1,1.0,1,0.019668948359274244,38
72,0,124,53,71,0,0,0,1.0,1,1.0,1,1.0,1,0.019668948359274244,38
73,0,124,53,71,0,0,0,1.0,1,1.0,1,1.0,1,0.019907317715541592,37
74,1,125,54,71,0,0,0,1.0,1,1.0,1,1.0,1,0.04073408892766612,38
75,0,125,54,71,0,0,0,1.0,1,1.0,1,1.0,1,0.04073408892766612,38
76,1,126,55,71,0,0,0,1.0,1,1.0,1,1.0,1,0.08763507470555604,39
77,0,126,55,71,0,0,0,1.0,1,1.0,1,1.0,1,0.08105212035119984,40
78,0,126,55,71,0,0,0,1.0,1,1.0,1,1.0,1,0.057178495657147325,41
79,1,127,56,71,0,0,0,1.0,1,1.0,1,1.0,1,0.054435131279747445,41
80,0,127,56,71,0,0,0,1.0,1,1.0,1,1.0,1,0.054435131279747445,41
81,0,127,56,71,0,0,0,1.0,1,1.0,1,1.0,1,0.04966285253607725,41
82,0,127,56,71,0,0,0,1.0,1,1.0,1,1.0,1,0.054895252668248386,44
83,0,127,56,71,0,0,0,1.0,1,1.0,1,1.0,1,0.054895252668248386,44
84,2,129,57,72,0,0,0,1.0,1,1.0,1,1.0,1,0.0920037108726787,45
85,1,130,58,72,0,0,0,1.0,1,1.0,1,1.0,1,0.12152438994622547,45
86,0,130,58,72,0,0,0,1.0,1,1.0,1,1.0,1,0.12152438994622547,45
87,2,132,59,73,0,0,0,1.0,1,1.0,1,1.0,1,0.12654405970088048,44
88,1,133,59,74,0,0,0,1.0,1,1.0,1,1.0,1,0.11523372429093512,44
89,0,133,59,74,0,0,0,1.0,1,1.0,1,1.0,1,0.07805782420678054,43
90,0,133,59,74,0,0,0,1.0,1,1.0,1,1.0,1,0.09545040473407032,44
91,1,134,60,74,0,0,0,1.0,1,1.0,1,1.0,1,0.11816824577844023,44
92,0,134,60,74,0,0,0,1.0,1,1.0,1,1.0,1,0.1145992126179383,43
93,0,134,60,74,0,0,0,1.0,1,1.0,1,1.0,1,0.131742058479305,44
94,0,134,60,74,0,0,0,1.0,1,1.0,1,1.0,1,0.131742058479305,44
95,1,135,60,75,0,0,0,1.0,1,1.0,1,1.0,1,0.11880119342409938,43
96,0,135,60,75,0,0,0,1.0,1,1.0,1,1.0,1,0.12138879382261682,44
97,1,136,61,75,0,0,0,1.0,1,1.0,1,1.0,1,0.13713521660100328,44
98,2,138,63,75,0,0,0,1.0,1,1.0,1,1.0,1,0.2095837266470095,43
99,0,138,63,75,0,0,0,1.0,1,1.0,1,1.0,1,0.2095837266470095,43
100,6,144,65,79,0,0,0,1.0,1,1.0,1,1.0,1,0.19838772124801482,47
101,0,144,65,79,0,0,0,1.0,1,1.0,1,1.0,1,0.19838772124801482,47
102,1,145,66,79,0,0,0,1.0,1,1.0,1,1.0,1,0.2225129940680036,47
103,3,148,67,81,0,0,0,1.0,1,1.0,1,1.0,1,0.1417239342355198,46
104,3,151,69,82,0,0,0,1.0,1,1.0,1,1.0,1,0.09787086352482831,45
105,5,156,71,85,0,0,0,1.0,1,1.0,1,1.0,1,0.08146520813368682,44
106,4,160,73,87,0,0,0,1.0,1,1.0,1,1.0,1,0.07790178728257903,45
107,1,161,74,87,0,0,0,1.0,1,1.0,1,1.0,1,0.0904269547305471,44
108,2,163,75,88,0,0,0,1.0,1,1.0,1,1.0,1,0.06411347579360316,46
109,4,167,79,88,0,0,0,1.0,1,1.0,1,1.0,1,0.09557404838457197,46
110,1,168,80,88,0,0,0,1.0,1,1.0,1,1.0,1,0.08515314096347067,46
111,3,171,82,89,0,0,0,1.0,1,1.0,1,1.0,1,0.049583130137813104,46
112,4,175,85,90,0,0,0,1.0,1,1.0,1,1.0,1,0.055914629263948065,46
113,1,176,86,90,0,0,0,1.0,1,1.0,1,1.0,1,0.06975515212667942,46
114,0,176,86,90,0,0,0,1.0,1,1.0,1,1.0,1,0.06975515212667942,46
115,0,176,86,90,0,0,0,1.0,1,1.0,1,1.0,1,0.054000257419519346,47
116,0,176,86,90,0,0,0,1.0,1,1.0,1,1.0,1,0.054000257419519346,47
117,2,178,87,91,0,0,0,1.0,1,1.0,1,1.0,1,0.04613081556928562,45
118,0,178,87,91,0,0,0,1.0,1,1.0,1,1.0,1,0.05521174814808807,46
119,0,178,87,91,0,0,0,1.0,1,1.0,1,1.0,1,0.07943757229074856,46
120,2,180,89,91,0,0,0,1.0,1,1.0,1,1.0,1,0.09313259938817532,47
121,1,181,90,91,0,0,0,1.0,1,1.0,1,1.0,1,0.12671535205878265,46
122,1,182,90,92,0,0,0,1.0,1,1.0,1,1.0,1,0.11526781436261233,46
123,0,182,90,92,0,0,0,1.0,1,1.0,1,1.0,1,0.12450391985394116,45
124,3,185,91,94,0,0,0,1.0,1,1.0,1,1.0,1,0.12140779944565726,46
125,0,185,91,94,0,0,0,1.0,1,1.0,1,1.0,1,0.11825059461975479,44
126,0,185,91,94,0,0,0,1.0,1,1.0,1,1.0,1,0.11852137387014854,45
127,2,187,91,96,0,0,0,1.0,1,1.0,1,1.0,1,0.09670095248385133,45
128,0,187,91,96,0,0,0,1.0,1,1.0,1,1.0,1,0.08420388536528396,46
129,1,188,92,96,0,0,0,1.0,1,1.0,1,1.0,1,0.08860984925307538,48
130,0,188,92,96,0,0,0,1.0,1,1.0,1,1.0,1,0.08860984925307538,48
131,1,189,93,96,0,0,0,1.0,1,1.0,1,1.0,1,0.07368528591824383,49
132,3,192,94,98,0,0,0,1.0,1,1.0,1,1.0,1,0.0495217951922384,51
133,3,195,96,99,0,0,0,1.0,1,1.0,1,1.0,1,0.09662900108731987,49
134,3,198,99,99,0,0,0,1.0,1,1.0,1,1.0,1,0.1558328509642277,49
135,0,198,99,99,0,0,0,1.0,1,1.0,1,1.0,1,0.1400693985982848,49
136,5,203,102,101,0,0,0,1.0,1,1.0,1,1.0,1,0.09643897982928103,48
137,1,204,102,102,0,0,0,1.0,1,1.0,1,1.0,1,0.08300750443055818,47
138,4,208,106,102,0,0,0,1.0,1,1.0,1,1.0,1,0.11157528393805967,48
139,7,215,110,105,0,0,0,1.0,1,1.0,1,1.0,1,0.10462746173562688,48
140,1,216,111,105,0,0,0,1.0,1,1.0,1,1.0,1,0.11926894062598366,49
141,1,217,111,106,0,0,0,1.0,1,1.0,1,1.0,1,0.0925938428496132,49
142,2,219,113,106,0,0,0,1.0,1,1.0,1,1.0,1,0.038570856958975025,49
143,0,219,113,106,0,0,0,1.0,1,1.0,1,1.0,1,0.045377113626013155,47
144,2,221,115,106,0,0,0,1.0,1,1.0,1,1.0,1,0.0425355122074258,46
145,1,222,116,106,0,0,0,1.0,1,1.0,1,1.0,1,0.08831921603475883,44
146,1,223,117,106,0,0,0,1.0,1,1.0,1,1.0,1,0.10314674492939806,44
147,0,223,117,106,0,0,0,1.0,1,1.0,1,1.0,1,0.11978850155909494,43
148,0,223,117,106,0,0,0,1.0,1,1.0,1,1.0,1,0.1500807022980054,43
149,2,225,118,107,0,0,0,1.0,1,1.0,1,1.0,1,0.14649873659126145,43
150,1,226,119,107,0,0,0,1.0,1,1.0,1,1.0,1,0.1590827014528775,42
151,2,228,120,108,0,0,0,1.0,1,1.0,1,1.0,1,0.16539243810869064,42
152,3,231,121,110,0,0,0,1.0,1,1.0,1,1.0,1,0.13325831968139976,42
153,0,231,121,110,0,0,0,1.0,1,1.0,1,1.0,1,0.10947539888581083,42
154,2,233,121,112,0,0,0,1.0,1,1.0,1,1.0,1,0.08575827701421575,43
155,0,233,121,112,0,0,0,1.0,1,1.0,1,1.0,1,0.05346770987147518,43
156,0,233,121,112,0,0,0,1.0,1,1.0,1,1.0,1,0.07404009553992799,42
157,0,233,121,112,0,0,0,1.0,1,1.0,1,1.0,1,0.09762976879556454,41
158,0,233,121,112,0,0,0,1.0,1,1.0,1,1.0,1,0.0906395149471791,42
159,0,233,121,112,0,0,0,1.0,1,1.0,1,1.0,1,0.09395108308273709,43
160,3,236,124,112,0,0,0,1.0,1,1.0,1,1.0,1,0.2069192491997527,44
161,2,238,125,113,0,0,0,1.0,1,1.0,1,1.0,1,0.23857569223343889,44
162,4,242,126,116,0,0,0,1.0,1,1.0,1,1.0,1,0.22259908709226375,45
163,5,247,127,120,0,0,0,1.0,1,1.0,1,1.0,1,0.22577974019683017,43
164,1,248,127,121,0,0,0,1.0,1,1.0,1,1.0,1,0.21665374541492788,42
165,3,251,130,121,0,0,0,1.0,1,1.0,1,1.0,1,0.2016903343946199,42
166,5,256,131,125,0,0,0,1.0,1,1.0,1,1.0,1,0.14686287803497342,42
167,1,257,131,126,0,0,0,1.0,1,1.0,1,1.0,1,0.12350230710716206,41
168,0,257,131,126,0,0,0,1.0,1,1.0,1,1.0,1,0.12072298002889788,40
169,2,259,133,126,0,0,0,1.0,1,1.0,1,1.0,1,0.072078456065625,40
170,0,259,133,126,0,0,0,1.0,1,1.0,1,1.0,1,0.05964915344212646,38
171,2,261,135,126,0,0,0,1.0,1,1.0,1,1.0,1,0.07617984716667622,37
172,5,266,139,127,0,0,0,1.0,1,1.0,1,1.0,1,0.07895975643090151,35
173,1,267,140,127,0,0,0,1.0,1,1.0,1,1.0,1,0.10101295424880842,36
174,2,269,142,127,0,0,0,1.0,1,1.0,1,1.0,1,0.11775220780446852,34
175,0,269,142,127,0,0,0,1.0,1,1.0,1,1.0,1,0.08376534126095203,33
176,2,271,144,127,0,0,0,1.0,1,1.0,1,1.0,1,0.09800856514192446,34
177,0,271,144,127,0,0,0,1.0,1,1.0,1,1.0,1,0.09429078812072578,36
178,1,272,145,127,0,0,0,1.0,1,1.0,1,1.0,1,0.09210809304823314,37
179,2,274,146,128,0,0,0,1.0,1,1.0,1,1.0,1,0.06464016141094771,37
180,0,274,146,128,0,0,0,1.0,1,1.0,1,1.0,1,0.07675757878232731,36
181,1,275,147,128,0,0,0,1.0,1,1.0,1,1.0,1,0.0667917171566158,36
182,0,275,147,128,0,0,0,1.0,1,1.0,1,1.0,1,0.06691825870041347,38
183,1,276,148,128,0,0,0,1.0,1,1.0,1,1.0,1,0.07161085556876551,37
184,0,276,148,128,0,0,0,1.0,1,1.0,1,1.0,1,0.08449424592407717,36
185,1,277,149,128,0,0,0,1.0,1,1.0,1,1.0,1,0.11419468176096932,35
186,1,278,149,129,0,0,0,1.0,1,1.0,1,1.0,1,0.09959375182149635,34
187,3,281,151,130,0,0,0,1.0,1,1.0,1,1.0,1,0.11541728242963042,33
188,1,282,152,130,0,0,0,1.0,1,1.0,1,1.0,1,0.14015577545870872,33
189,2,284,154,130,0,0,0,1.0,1,1.0,1,1.0,1,0.1160237270908389,33
190,1,285,154,131,0,0,0,1.0,1,1.0,1,1.0,1,0.12151908909772803,32
191,3,288,156,132,0,0,0,1.0,1,1.0,1,1.0,1,0.11419521232069517,34
192,1,289,156,133,0,0,0,1.0,1,1.0,1,1.0,1,0.10364639600868972,34
193,1,290,156,134,0,0,0,1.0,1,1.0,1,1.0,1,0.07931576099197715,35
194,1,291,156,135,0,0,0,1.0,1,1.0,1,1.0,1,0.07490786778937185,37
195,0,291,156,135,0,0,0,1.0,1,1.0,1,1.0,1,0.09426200194259308,36
196,0,291,156,135,0,0,0,1.0,1,1.0,1,1.0,1,0.09426200194259308,36
197,0,291,156,135,0,0,0,1.0,1,1.0,1,1.0,1,0.08669738346857563,37
198,3,294,159,135,0,0,0,1.0,1,1.0,1,1.0,1,0.12403371085596011,37
199,1,295,159,136,0,0,0,1.0,1,1.0,1,1.0,1,0.09390397751889898,37
200,1,296,160,136,0,0,0,1.0,1,1.0,1,1.0,1,0.1071489119695491,37
201,2,298,162,136,0,0,0,1.0,1,1.0,1,1.0,1,0.11500453550081827,36
202,0,298,162,136,0,0,0,1.0,1,1.0,1,1.0,1,0.0831007606046208,36
203,3,301,165,136,0,0,0,1.0,1,1.0,1,1.0,1,0.13667252954134398,35
204,0,301,165,136,0,0,0,1.0,1,1.0,1,1.0,1,0.1359720273942522,35
205,4,305,168,137,0,0,0,1.0,1,1.0,1,1.0,1,0.09700902704628284,35
206,1,306,169,137,0,0,0,1.0,1,1.0,1,1.0,1,0.09072431512107933,34
207,0,306,169,137,0,0,0,1.0,1,1.0,1,1.0,1,0.08295371210312108,34
208,3,309,171,138,0,0,0,1.0,1,1.0,1,1.0,1,0.11717056745723137,33
209,1,310,171,139,0,0,0,1.0,1,1.0,1,1.0,1,0.1425841236273087,33
210,2,312,172,140,0,0,0,1.0,1,1.0,1,1.0,1,0.11143138827069671,34
211,2,314,173,141,0,0,0,1.0,1,1.0,1,1.0,1,0.12777914767132997,33
212,0,314,173,141,0,0,0,1.0,1,1.0,1,1.0,1,0.12777914767132997,33
213,0,314,173,141,0,0,0,1.0,1,1.0,1,1.0,1,0.14420289958684163,35
214,3,317,175,142,0,0,0,1.0,1,1.0,1,1.0,1,0.12002553088439141,34
215,1,318,176,142,0,0,0,1.0,1,1.0,1,1.0,1,0.11517716524902531,35
216,1,319,177,142,0,0,0,1.0,1,1.0,1,1.0,1,0.12538186506978902,36
217,3,322,178,144,0,0,0,1.0,1,1.0,1,1.0,1,0.06446315806164996,36
218,1,323,179,144,0,0,0,1.0,1,1.0,1,1.0,1,0.11237728623034854,36
219,0,323,179,144,0,0,0,1.0,1,1.0,1,1.0,1,0.09338150297592211,37
220,0,323,179,144,0,0,0,1.0,1,1.0,1,1.0,1,0.09343786532783054,38
221,1,324,180,144,0,0,0,1.0,1,1.0,1,1.0,1,0.10266200395770389,37
222,2,326,182,144,0,0,0,1.0,1,1.0,1,1.0,1,0.0918594140578233,38
223,1,327,182,145,0,0,0,1.0,1,1.0,1,1.0,1,0.05855217775615347,38
224,3,330,183,147,0,0,0,1.0,1,1.0,1,1.0,1,0.12771873795444724,38
225,2,332,185,147,0,0,0,1.0,1,1.0,1,1.0,1,0.1357553544132317,36
226,2,334,186,148,0,0,0,1.0,1,1.0,1,1.0,1,0.10586306099408624,37
227,2,336,188,148,0,0,0,1.0,1,1.0,1,1.0,1,0.17416111416627245,35
228,2,338,190,148,0,0,0,1.0,1,1.0,1,1.0,1,0.13432225536229436,35
229,5,343,193,150,0,0,0,1.0,1,1.0,1,1.0,1,0.10938898246515666,35
230,0,343,193,150,0,0,0,1.0,1,1.0,1,1.0,1,0.10938898246515666,35
231,2,345,195,150,0,0,0,1.0,1,1.0,1,1.0,1,0.13519140798125548,35
232,2,347,197,150,0,0,0,1.0,1,1.0,1,1.0,1,0.10789369891173073,36
233,1,348,198,150,0,0,0,1.0,1,1.0,1,1.0,1,0.09185367230798959,36
234,0,348,198,150,0,0,0,1.0,1,1.0,1,1.0,1,0.12067162574855902,34
235,2,350,200,150,0,0,0,1.0,1,1.0,1,1.0,1,0.10787090531077648,33
236,1,351,201,150,0,0,0,1.0,1,1.0,1,1.0,1,0.09569264107247322,31
237,0,351,201,150,0,0,0,1.0,1,1.0,1,1.0,1,0.11921423915255194,32
238,2,353,202,151,0,0,0,1.0,1,1.0,1,1.0,1,0.11048748532483413,31
239,3,356,204,152,0,0,0,1.0,1,1.0,1,1.0,1,0.10055342965956544,30
240,1,357,205,152,0,0,0,1.0,1,1.0,1,1.0,1,0.11350939115001654,27
241,4,361,209,152,0,0,0,1.0,1,1.0,1,1.0,1,0.16621293177021706,27
242,0,361,209,152,0,0,0,1.0,1,1.0,1,1.0,1,0.1382176970054841,28
243,1,362,210,152,0,0,0,1.0,1,1.0,1,1.0,1,0.14770806188887536,28
244,2,364,211,153,0,0,0,1.0,1,1.0,1,1.0,1,0.08632441900067503,27
245,0,364,211,153,0,0,0,1.0,1,1.0,1,1.0,1,0.08632441900067503,27
246,1,365,212,153,0,0,0,1.0,1,1.0,1,1.0,1,0.0898476681894594,25
247,0,365,212,153,0,0,0,1.0,1,1.0,1,1.0,1,0.055708618589442184,24
248,0,365,212,153,0,0,0,1.0,1,1.0,1,1.0,1,0.06033253252956883,24
249,0,365,212,153,0,0,0,1.0,1,1.0,1,1.0,1,0.08865030604912207,25
250,0,365,212,153,0,0,0,1.0,1,1.0,1,1.0,1,0.0731342454970194,27
251,0,365,212,153,0,0,0,1.0,1,1.0,1,1.0,1,0.0731342454970194,27
252,2,367,214,153,0,0,0,1.0,1,1.0,1,1.0,1,0.07821577692552215,27
253,1,368,215,153,0,0,0,1.0,1,1.0,1,1.0,1,0.14237331860226438,29
254,4,372,218,154,0,0,0,1.0,1,1.0,1,1.0,1,0.12781498388151616,30
255,1,373,219,154,0,0,0,1.0,1,1.0,1,1.0,1,0.14840109831279183,31
256,4,377,221,156,0,0,0,1.0,1,1.0,1,1.0,1,0.08588236505527473,31
257,1,378,222,156,0,0,0,1.0,1,1.0,1,1.0,1,0.10831892694476013,33
258,0,378,222,156,0,0,0,1.0,1,1.0,1,1.0,1,0.10831892694476013,33
259,1,379,222,157,0,0,0,1.0,1,1.0,1,1.0,1,0.08347882023066568,33
260,1,380,223,157,0,0,0,1.0,1,1.0,1,1.0,1,0.09296880550694421,35
261,3,383,224,159,0,0,0,1.0,1,1.0,1,1.0,1,0.0919655785844983,35
262,1,384,224,160,0,0,0,1.0,1,1.0,1,1.0,1,0.0499287552864924,35
263,0,384,224,160,0,0,0,1.0,1,1.0,1,1.0,1,0.07958182514034001,34
264,0,384,224,160,0,0,0,1.0,1,1.0,1,1.0,1,0.10071752367791485,32
265,2,386,226,160,0,0,0,1.0,1,1.0,1,1.0,1,0.12002769741410382,30
266,2,388,227,161,0,0,0,1.0,1,1.0,1,1.0,1,0.09806423797660122,31
267,0,388,227,161,0,0,0,1.0,1,1.0,1,1.0,1,0.09463327949083984,30
268,2,390,228,162,0,0,0,1.0,1,1.0,1,1.0,1,0.08807504998138427,31
269,1,391,229,162,0,0,0,1.0,1,1.0,1,1.0,1,0.13075627197209871,31
270,2,393,230,163,0,0,0,1.0,1,1.0,1,1.0,1,0.175328716415659,32
271,1,394,230,164,0,0,0,1.0,1,1.0,1,1.0,1,0.18079947343508307,31
272,1,395,231,164,0,0,0,1.0,1,1.0,1,1.0,1,0.26584293671805936,32
273,1,396,231,165,0,0,0,1.0,1,1.0,1,1.0,1,0.24711856768822135,32
274,2,398,231,167,0,0,0,1.0,1,1.0,1,1.0,1,0.21935637810985031,32
275,4,402,232,170,0,0,0,1.0,1,1.0,1,1.0,1,0.11695680909438966,33
276,1,403,233,170,0,0,0,1.0,1,1.0,1,1.0,1,0.1417518022185584,34
277,1,404,234,170,0,0,0,1.0,1,1.0,1,1.0,1,0.09897018108709925,32
278,0,404,234,170,0,0,0,1.0,1,1.0,1,1.0,1,0.0691794173982517,31
279,0,404,234,170,0,0,0,1.0,1,1.0,1,1.0,1,0.06780870669495796,31
280,0,404,234,170,0,0,0,1.0,1,1.0,1,1.0,1,0.06666213418746533,30
281,0,404,234,170,0,0,0,1.0,1,1.0,1,1.0,1,0.044916842188278565,31
282,0,404,234,170,0,0,0,1.0,1,1.0,1,1.0,1,0.07508253089263138,30
283,1,405,235,170,0,0,0,1.0,1,1.0,1,1.0,1,0.10723865680428965,31
284,1,406,236,170,0,0,0,1.0,1,1.0,1,1.0,1,0.11902543488342188,31
285,2,408,238,170,0,0,0,1.0,1,1.0,1,1.0,1,0.1832604907590142,31
286,3,411,238,173,0,0,0,1.0,1,1.0,1,1.0,1,0.10719743374432301,31
287,1,412,239,173,0,0,0,1.0,1,1.0,1,1.0,1,0.1772264817203316,33
288,0,412,239,173,0,0,0,1.0,1,1.0,1,1.0,1,0.1252244893327234,32
289,1,413,239,174,0,0,0,1.0,1,1.0,1,1.0,1,0.10202616633891756,32
290,0,413,239,174,0,0,0,1.0,1,1.0,1,1.0,1,0.08506280343240412,31
291,1,414,240,174,0,0,0,1.0,1,1.0,1,1.0,1,0.15106662550679997,30
292,2,416,240,176,0,0,0,1.0,1,1.0,1,1.0,1,0.06718396216648088,32
293,0,416,240,176,0,0,0,1.0,1,1.0,1,1.0,1,0.06718396216648088,32
294,0,416,240,176,0,0,0,1.0,1,1.0,1,1.0,1,0.06718396216648088,32
295,0,416,240,176,0,0,0,1.0,1,1.0,1,1.0,1,0.0787843144663167,34
296,0,416,240,176,0,0,0,1.0,1,1.0,1,1.0,1,0.0787843144663167,34
297,0,416,240,176,0,0,0,1.0,1,1.0,1,1.0,1,0.0787843144663167,34
298,1,417,241,176,0,0,0,1.0,1,1.0,1,1.0,1,0.07891592566556685,35
299,0,417,241,176,0,0,0,1.0,1,1.0,1,1.0,1,0.11420152455377794,35
300,1,418,242,176,0,0,0,1.0,1,1.0,1,1.0,1,0.14475443214477834,35
301,5,423,243,180,0,0,0,1.0,1,1.0,1,1.0,1,0.056445645636102625,38
302,1,424,244,180,0,0,0,1.0,1,1.0,1,1.0,1,0.05149058107380435,38
303,1,425,245,180,0,0,0,1.0,1,1.0,1,1.0,1,0.0728748567922354,37
304,0,425,245,180,0,0,0,1.0,1,1.0,1,1.0,1,0.09630189123194684,37
305,2,427,246,181,0,0,0,1.0,1,1.0,1,1.0,1,0.14494015799304397,36
306,1,428,247,181,0,0,0,1.0,1,1.0,1,1.0,1,0.1592436670362529,36
307,1,429,247,182,0,0,0,1.0,1,1.0,1,1.0,1,0.1567142959563993,35
308,0,429,247,182,0,0,0,1.0,1,1.0,1,1.0,1,0.14646245438616642,37
309,0,429,247,182,0,0,0,1.0,1,1.0,1,1.0,1,0.14646245438616642,37
310,2,431,247,184,0,0,0,1.0,1,1.0,1,1.0,1,0.12204819483635482,37
311,1,432,248,184,0,0,0,1.0,1,1.0,1,1.0,1,0.09092235675409033,39
312,2,434,248,186,0,0,0,1.0,1,1.0,1,1.0,1,0.046053540675265354,40
313,0,434,248,186,0,0,0,1.0,1,1.0,1,1.0,1,0.047034305344906546,39
314,1,435,249,186,0,0,0,1.0,1,1.0,1,1.0,1,0.08646173607231496,40
315,2,437,251,186,0,0,0,1.0,1,1.0,1,1.0,1,0.08361643972282984,39
316,0,437,251,186,0,0,0,1.0,1,1.0,1,1.0,1,0.08361643972282984,39
317,1,438,251,187,0,0,0,1.0,1,1.0,1,1.0,1,0.06072086379911694,40
318,1,439,252,187,0,0,0,1.0,1,1.0,1,1.0,1,0.06195568331551982,41
319,0,439,252,187,0,0,0,1.0,1,1.0,1,1.0,1,0.05700190042912555,41
320,1,440,253,187,0,0,0,1.0,1,1.0,1,1.0,1,0.03079698443147261,41
321,1,441,254,187,0,0,0,1.0,1,1.0,1,1.0,1,0.06317939212211499,41
322,2,443,256,187,0,0,0,1.0,1,1.0,1,1.0,1,0.08885779262086783,41
323,0,443,256,187,0,0,0,1.0,1,1.0,1,1.0,1,0.08885779262086783,41
324,3,446,258,188,0,0,0,1.0,1,1.0,1,1.0,1,0.11088582865681448,42
325,3,449,259,190,0,0,0,1.0,1,1.0,1,1.0,1,0.10734027507909037,42
326,2,451,260,191,0,0,0,1.0,1,1.0,1,1.0,1,0.138202474095254,42
327,0,451,260,191,0,0,0,1.0,1,1.0,1,1.0,1,0.138202474095254,42
328,2,453,260,193,0,0,0,1.0,1,1.0,1,1.0,1,0.12196622344517724,43
329,1,454,260,194,0,0,0,1.0,1,1.0,1,1.0,1,0.1111381745399298,43
330,0,454,260,194,0,0,0,1.0,1,1.0,1,1.0,1,0.10304536867848024,45
331,1,455,260,195,0,0,0,1.0,1,1.0,1,1.0,1,0.09105483213145595,45
332,0,455,260,195,0,0,0,1.0,1,1.0,1,1.0,1,0.06951026946947787,45
333,0,455,260,195,0,0,0,1.0,1,1.0,1,1.0,1,0.07671028524202418,46
334,1,456,261,195,0,0,0,1.0,1,1.0,1,1.0,1,0.06508950544410536,48
335,1,457,262,195,0,0,0,1.0,1,1.0,1,1.0,1,0.08520999700164614,48
336,1,458,263,195,0,0,0,1.0,1,1.0,1,1.0,1,0.1097252194048343,48
337,2,460,263,197,0,0,0,1.0,1,1.0,1,1.0,1,0.08964431487009344,49
338,1,461,263,198,0,0,0,1.0,1,1.0,1,1.0,1,0.06939183626822591,50
339,1,462,264,198,0,0,0,1.0,1,1.0,1,1.0,1,0.09957483416348797,50
340,0,462,264,198,0,0,0,1.0,1,1.0,1,1.0,1,0.09957483416348797,50
341,1,463,264,199,0,0,0,1.0,1,1.0,1,1.0,1,0.0921899769727322,51
342,0,463,264,199,0,0,0,1.0,1,1.0,1,1.0,1,0.0921899769727322,51
343,1,464,265,199,0,0,0,1.0,1,1.0,1,1.0,1,0.08142963601687492,51
344,1,465,265,200,0,0,0,1.0,1,1.0,1,1.0,1,0.05459105541307951,50
345,0,465,265,200,0,0,0,1.0,1,1.0,1,1.0,1,0.06874253392718944,51
346,1,466,265,201,0,0,0,1.0,1,1.0,1,1.0,1,0.055256718314656776,51
347,4,470,269,201,0,0,0,1.0,1,1.0,1,1.0,1,0.09721892671670458,51
348,1,471,270,201,0,0,0,1.0,1,1.0,1,1.0,1,0.07593793241231499,53
349,2,473,271,202,0,0,0,1.0,1,1.0,1,1.0,1,0.08306475857246269,55
350,0,473,271,202,0,0,0,1.0,1,1.0,1,1.0,1,0.10243452260624562,54
351,2,475,273,202,0,0,0,1.0,1,1.0,1,1.0,1,0.09097391493014997,54
352,2,477,274,203,0,0,0,1.0,1,1.0,1,1.0,1,0.11382329362668131,53
353,3,480,277,203,0,0,0,1.0,1,1.0,1,1.0,1,0.09537796202574904,53
354,1,481,278,203,0,0,0,1.0,1,1.0,1,1.0,1,0.11701939502631623,50
355,2,483,279,204,0,0,0,1.0,1,1.0,1,1.0,1,0.11429294614394377,51
356,3,486,280,206,0,0,0,1.0,1,1.0,1,1.0,1,0.07274325454117203,51
357,3,489,283,206,0,0,0,1.0,1,1.0,1,1.0,1,0.0991211856448523,50
358,4,493,285,208,0,0,0,1.0,1,1.0,1,1.0,1,0.09200539179877823,48
359,1,494,286,208,0,0,0,1.0,1,1.0,1,1.0,1,0.10696652222120356,47
360,0,494,286,208,0,0,0,1.0,1,1.0,1,1.0,1,0.11377388649240533,45
361,1,495,286,209,0,0,0,1.0,1,1.0,1,1.0,1,0.09705232980633698,44
362,0,495,286,209,0,0,0,1.0,1,1.0,1,1.0,1,0.1276635893362521,44
363,5,500,289,211,0,0,0,1.0,1,1.0,1,1.0,1,0.08605794446814535,44
364,1,501,289,212,0,0,0,1.0,1,1.0,1,1.0,1,0.08412941051555577,43
365,3,504,292,212,0,0,0,1.0,1,1.0,1,1.0,1,0.10887953685722682,43
366,2,506,293,213,0,0,0,1.0,1,1.0,1,1.0,1,0.06000240922827881,45
367,2,508,294,214,0,0,0,1.0,1,1.0,1,1.0,1,0.08283039145133586,44
368,0,508,294,214,0,0,0,1.0,1,1.0,1,1.0,1,0.06231815284630245,46
369,2,510,295,215,0,0,0,1.0,1,1.0,1,1.0,1,0.10244460221835483,45
370,1,511,295,216,0,0,0,1.0,1,1.0,1,1.0,1,0.096240661812404,46
371,1,512,295,217,0,0,0,1.0,1,1.0,1,1.0,1,0.10177747523184406,47
372,1,513,295,218,0,0,0,1.0,1,1.0,1,1.0,1,0.0851029762060246,48
373,0,513,295,218,0,0,0,1.0,1,1.0,1,1.0,1,0.0851029762060246,48
374,2,515,296,219,0,0,0,1.0,1,1.0,1,1.0,1,0.07667050961400765,49
375,0,515,296,219,0,0,0,1.0,1,1.0,1,1.0,1,0.07667050961400765,49
376,3,518,298,220,0,0,0,1.0,1,1.0,1,1.0,1,0.08974991707333788,49
377,5,523,302,221,0,0,0,1.0,1,1.0,1,1.0,1,0.0951856288677404,49
378,1,524,303,221,0,0,0,1.0,1,1.0,1,1.0,1,0.06922883010284041,49
379,2,526,303,223,0,0,0,1.0,1,1.0,1,1.0,1,0.06308908544072617,50
380,1,527,304,223,0,0,0,1.0,1,1.0,1,1.0,1,0.05539928844766644,50
381,3,530,306,224,0,0,0,1.0,1,1.0,1,1.0,1,0.054762744533381785,51
382,1,531,307,224,0,0,0,1.0,1,1.0,1,1.0,1,0.05980201211276534,50
383,1,532,307,225,0,0,0,1.0,1,1.0,1,1.0,1,0.06376675581041678,51
384,1,533,308,225,0,0,0,1.0,1,1.0,1,1.0,1,0.07189095199876382,50
385,1,534,308,226,0,0,0,1.0,1,1.0,1,1.0,1,0.06952179479252489,50
386,0,534,308,226,0,0,0,1.0,1,1.0,1,1.0,1,0.06984382171878156,48
387,1,535,308,227,0,0,0,1.0,1,1.0,1,1.0,1,0.06798478042683323,47
388,2,537,308,229,0,0,0,1.0,1,1.0,1,1.0,1,0.034579611638439506,48
389,1,538,309,229,0,0,0,1.0,1,1.0,1,1.0,1,0.05861435305013565,47
390,1,539,310,229,0,0,0,1.0,1,1.0,1,1.0,1,0.09230320010586712,49
391,2,541,312,229,0,0,0,1.0,1,1.0,1,1.0,1,0.10424362672453677,46
392,0,541,312,229,0,0,0,1.0,1,1.0,1,1.0,1,0.13402770913743006,46
393,5,546,316,230,0,0,0,1.0,1,1.0,1,1.0,1,0.1680318102908104,44
394,2,548,316,232,0,0,0,1.0,1,1.0,1,1.0,1,0.1555936217981738,43
395,0,548,316,232,0,0,0,1.0,1,1.0,1,1.0,1,0.16095137169262322,42
396,1,549,317,232,0,0,0,1.0,1,1.0,1,1.0,1,0.2028839288437745,39
397,4,553,318,235,0,0,0,1.0,1,1.0,1,1.0,1,0.22098268534870227,39
398,1,554,318,236,0,0,0,1.0,1,1.0,1,1.0,1,0.2092148557611837,36
399,0,554,318,236,0,0,0,1.0,1,1.0,1,1.0,1,0.2092148557611837,36
400,2,556,319,237,0,0,0,1.0,1,1.0,1,1.0,1,0.20191540815489004,34
401,0,556,319,237,0,0,0,1.0,1,1.0,1,1.0,1,0.1857204022557734,33
402,0,556,319,237,0,0,0,1.0,1,1.0,1,1.0,1,0.15280296488718612,34
403,1,557,319,238,0,0,0,1.0,1,1.0,1,1.0,1,0.1472863092968021,36
404,0,557,319,238,0,0,0,1.0,1,1.0,1,1.0,1,0.1472863092968021,36
405,1,558,319,239,0,0,0,1.0,1,1.0,1,1.0,1,0.12200821724622186,37
406,0,558,319,239,0,0,0,1.0,1,1.0,1,1.0,1,0.12200821724622186,37
407,3,561,322,239,0,0,0,1.0,1,1.0,1,1.0,1,0.11116392751009656,39
408,3,564,325,239,0,0,0,1.0,1,1.0,1,1.0,1,0.16577616756069236,40
409,3,567,327,240,0,0,0,1.0,1,1.0,1,1.0,1,0.19195067599967217,41
410,4,571,329,242,0,0,0,1.0,1,1.0,1,1.0,1,0.18422568105352985,42
411,1,572,329,243,0,0,0,1.0,1,1.0,1,1.0,1,0.1884004698161316,43
412,2,574,330,244,0,0,0,1.0,1,1.0,1,1.0,1,0.18252364314833835,44
413,1,575,331,244,0,0,0,1.0,1,1.0,1,1.0,1,0.19973212940224933,44
414,1,576,331,245,0,0,0,1.0,1,1.0,1,1.0,1,0.1656220214016584,45
415,0,576,331,245,0,0,0,1.0,1,1.0,1,1.0,1,0.1656220214016584,45
416,1,577,331,246,0,0,0,1.0,1,1.0,1,1.0,1,0.136185514034759,46
417,1,578,332,246,0,0,0,1.0,1,1.0,1,1.0,1,0.15624148509460084,46
418,1,579,332,247,0,0,0,1.0,1,1.0,1,1.0,1,0.13582390421985363,47
419,0,579,332,247,0,0,0,1.0,1,1.0,1,1.0,1,0.13582390421985363,47
420,0,579,332,247,0,0,0,1.0,1,1.0,1,1.0,1,0.13582390421985363,47
421,0,579,332,247,0,0,0,1.0,1,1.0,1,1.0,1,0.13582390421985363,47
422,0,579,332,247,0,0,0,1.0,1,1.0,1,1.0,1,0.12857021146609576,49
423,0,579,332,247,0,0,0,1.0,1,1.0,1,1.0,1,0.14037846996970205,47
424,1,580,332,248,0,0,0,1.0,1,1.0,1,1.0,1,0.14029044231537915,45
425,3,583,334,249,0,0,0,1.0,1,1.0,1,1.0,1,0.11361258133580011,46
426,1,584,335,249,0,0,0,1.0,1,1.0,1,1.0,1,0.1400331266816003,46
427,4,588,337,251,0,0,0,1.0,1,1.0,1,1.0,1,0.11416680053125453,45
428,0,588,337,251,0,0,0,1.0,1,1.0,1,1.0,1,0.13486933665431985,45
429,2,590,338,252,0,0,0,1.0,1,1.0,1,1.0,1,0.0774857432710997,42
430,0,590,338,252,0,0,0,1.0,1,1.0,1,1.0,1,0.10877484211685817,40
431,3,593,340,253,0,0,0,1.0,1,1.0,1,1.0,1,0.0738015941497523,39
432,0,593,340,253,0,0,0,1.0,1,1.0,1,1.0,1,0.07858407675136089,37
433,3,596,342,254,0,0,0,1.0,1,1.0,1,1.0,1,0.1268968361914984,35
434,2,598,343,255,0,0,0,1.0,1,1.0,1,1.0,1,0.15438495005071406,33
435,0,598,343,255,0,0,0,1.0,1,1.0,1,1.0,1,0.15438495005071406,33
436,2,600,343,257,0,0,0,1.0,1,1.0,1,1.0,1,0.10058972878231609,33
437,1,601,344,257,0,0,0,1.0,1,1.0,1,1.0,1,0.09835095719748868,33
438,1,602,344,258,0,0,0,1.0,1,1.0,1,1.0,1,0.06551961869110913,32
439,3,605,347,258,0,0,0,1.0,1,1.0,1,1.0,1,0.0769444982886871,34
440,2,607,348,259,0,0,0,1.0,1,1.0,1,1.0,1,0.07313196908887783,34
441,2,609,349,260,0,0,0,1.0,1,1.0,1,1.0,1,0.09198582912865531,35
442,4,613,352,261,0,0,0,1.0,1,1.0,1,1.0,1,0.13127812704076042,37
443,4,617,355,262,0,0,0,1.0,1,1.0,1,1.0,1,0.16269700320830296,37
444,2,619,356,263,0,0,0,1.0,1,1.0,1,1.0,1,0.12196517035902484,38
445,1,620,356,264,0,0,0,1.0,1,1.0,1,1.0,1,0.07302073095392198,39
446,0,620,356,264,0,0,0,1.0,1,1.0,1,1.0,1,0.07302073095392198,39
447,0,620,356,264,0,0,0,1.0,1,1.0,1,1.0,1,0.06348611679303659,41
448,0,620,356,264,0,0,0,1.0,1,1.0,1,1.0,1,0.06348611679303659,41
449,0,620,356,264,0,0,0,1.0,1,1.0,1,1.0,1,0.08223408522641705,40
450,0,620,356,264,0,0,0,1.0,1,1.0,1,1.0,1,0.04786190755897426,40
451,0,620,356,264,0,0,0,1.0,1,1.0,1,1.0,1,0.08719797740611089,41
452,0,620,356,264,0,0,0,1.0,1,1.0,1,1.0,1,0.08719797740611089,41
453,2,622,358,264,0,0,0,1.0,1,1.0,1,1.0,1,0.1176180918915477,40
454,2,624,358,266,0,0,0,1.0,1,1.0,1,1.0,1,0.07318647798648392,41
455,2,626,360,266,0,0,0,1.0,1,1.0,1,1.0,1,0.07088602590558599,41
456,0,626,360,266,0,0,0,1.0,1,1.0,1,1.0,1,0.09352721972997825,43
457,2,628,361,267,0,0,0,1.0,1,1.0,1,1.0,1,0.08350489580630324,43
458,1,629,362,267,0,0,0,1.0,1,1.0,1,1.0,1,0.07367560699109227,43
459,0,629,362,267,0,0,0,1.0,1,1.0,1,1.0,1,0.05421818011233893,44
460,1,630,362,268,0,0,0,1.0,1,1.0,1,1.0,1,0.05537808233734016,47
461,1,631,363,268,0,0,0,1.0,1,1.0,1,1.0,1,0.04715741457171553,48
462,0,631,363,268,0,0,0,1.0,1,1.0,1,1.0,1,0.05088730312957798,49
463,1,632,363,269,0,0,0,1.0,1,1.0,1,1.0,1,0.052502228741562317,47
464,1,633,364,269,0,0,0,1.0,1,1.0,1,1.0,1,0.03377737905599612,48
465,5,638,367,271,0,0,0,1.0,1,1.0,1,1.0,1,0.043488276611579606,47
466,3,641,370,271,0,0,0,1.0,1,1.0,1,1.0,1,0.05581768903196904,46
467,3,644,373,271,0,0,0,1.0,1,1.0,1,1.0,1,0.06879265357601518,44
468,3,647,376,271,0,0,0,1.0,1,1.0,1,1.0,1,0.11787706717939608,41
469,4,651,379,272,0,0,0,1.0,1,1.0,1,1.0,1,0.06693926124173967,40
470,2,653,380,273,0,0,0,1.0,1,1.0,1,1.0,1,0.06839133763390313,39
471,3,656,383,273,0,0,0,1.0,1,1.0,1,1.0,1,0.06762449630075022,38
472,2,658,384,274,0,0,0,1.0,1,1.0,1,1.0,1,0.06672905124549337,36
473,1,659,385,274,0,0,0,1.0,1,1.0,1,1.0,1,0.06289231254618266,36
474,1,660,386,274,0,0,0,1.0,1,1.0,1,1.0,1,0.10042504840107347,34
475,2,662,387,275,0,0,0,1.0,1,1.0,1,1.0,1,0.1067591671418063,34
476,1,663,388,275,0,0,0,1.0,1,1.0,1,1.0,1,0.1494795997862725,32
477,0,663,388,275,0,0,0,1.0,1,1.0,1,1.0,1,0.14972144126303444,32
478,1,664,389,275,0,0,0,1.0,1,1.0,1,1.0,1,0.1587656774653753,30
479,0,664,389,275,0,0,0,1.0,1,1.0,1,1.0,1,0.1728714283109958,31
480,0,664,389,275,0,0,0,1.0,1,1.0,1,1.0,1,0.16782885127113154,27
481,1,665,390,275,0,0,0,1.0,1,1.0,1,1.0,1,0.14001439838758614,28
482,2,667,392,275,0,0,0,1.0,1,1.0,1,1.0,1,0.1613257363328211,28
483,3,670,394,276,0,0,0,1.0,1,1.0,1,1.0,1,0.09657178597733995,29
484,2,672,395,277,0,0,0,1.0,1,1.0,1,1.0,1,0.09499079487160741,29
485,0,672,395,277,0,0,0,1.0,1,1.0,1,1.0,1,0.09499079487160741,29
486,1,673,396,277,0,0,0,1.0,1,1.0,1,1.0,1,0.1043408500055318,31
487,2,675,396,279,0,0,0,1.0,1,1.0,1,1.0,1,0.07368281613100286,33
488,0,675,396,279,0,0,0,1.0,1,1.0,1,1.0,1,0.0797539597344846,34
489,3,678,398,280,0,0,0,1.0,1,1.0,1,1.0,1,0.1432950144613644,34
490,2,680,398,282,0,0,0,1.0,1,1.0,1,1.0,1,0.07231064519689064,34
491,0,680,398,282,0,0,0,1.0,1,1.0,1,1.0,1,0.07231064519689064,34
492,0,680,398,282,0,0,0,1.0,1,1.0,1,1.0,1,0.07231064519689064,34
493,2,682,400,282,0,0,0,1.0,1,1.0,1,1.0,1,0.08810162084704684,34
494,2,684,401,283,0,0,0,1.0,1,1.0,1,1.0,1,0.0869857307138601,36
495,0,684,401,283,0,0,0,1.0,1,1.0,1,1.0,1,0.0869857307138601,36
496,1,685,402,283,0,0,0,1.0,1,1.0,1,1.0,1,0.08069210982147705,37
497,1,686,402,284,0,0,0,1.0,1,1.0,1,1.0,1,0.049773555288908124,39
498,2,688,403,285,0,0,0,1.0,1,1.0,1,1.0,1,0.046351338245577724,40
499,0,688,403,285,0,0,0,1.0,1,1.0,1,1.0,1,0.046351338245577724,40
500,0,688,403,285,0,0,0,1.0,1,1.0,1,1.0,1,0.04513136872610152,42
501,4,692,406,286,0,0,0,1.0,1,1.0,1,1.0,1,0.05420887203287664,42
502,0,692,406,286,0,0,0,1.0,1,1.0,1,1.0,1,0.02524758857034427,42
503,3,695,409,286,0,0,0,1.0,1,1.0,1,1.0,1,0.08061014928347966,41
504,2,697,409,288,0,0,0,1.0,1,1.0,1,1.0,1,0.05905775656256611,42
505,2,699,411,288,0,0,0,1.0,1,1.0,1,1.0,1,0.1034665740348122,38
506,0,699,411,288,0,0,0,1.0,1,1.0,1,1.0,1,0.11973991901951477,37
507,1,700,412,288,0,0,0,1.0,1,1.0,1,1.0,1,0.12379397703619623,35
508,2,702,414,288,0,0,0,1.0,1,1.0,1,1.0,1,0.1694397655444854,35
509,1,703,415,288,0,0,0,1.0,1,1.0,1,1.0,1,0.19937490197046565,34
510,1,704,415,289,0,0,0,1.0,1,1.0,1,1.0,1,0.18764191669110272,34
511,2,706,416,290,0,0,0,1.0,1,1.0,1,1.0,1,0.11404821220861468,32
512,0,706,416,290,0,0,0,1.0,1,1.0,1,1.0,1,0.14105854514901886,30
513,2,708,417,291,0,0,0,1.0,1,1.0,1,1.0,1,0.08494625499516226,31
514,0,708,417,291,0,0,0,1.0,1,1.0,1,1.0,1,0.08494625499516226,31
515,1,709,417,292,0,0,0,1.0,1,1.0,1,1.0,1,0.06575166265086736,32
516,0,709,417,292,0,0,0,1.0,1,1.0,1,1.0,1,0.06067684094756308,31
517,3,712,420,292,0,0,0,1.0,1,1.0,1,1.0,1,0.016164328709114693,32
518,0,712,420,292,0,0,0,1.0,1,1.0,1,1.0,1,0.03423053151358446,31
519,2,714,422,292,0,0,0,1.0,1,1.0,1,1.0,1,0.09583531369102699,31
520,3,717,424,293,0,0,0,1.0,1,1.0,1,1.0,1,0.03146008914236786,33
521,1,718,425,293,0,0,0,1.0,1,1.0,1,1.0,1,0.03372908948612633,34
522,1,719,426,293,0,0,0,1.0,1,1.0,1,1.0,1,0.030621263314121093,34
523,0,719,426,293,0,0,0,1.0,1,1.0,1,1.0,1,0.021246946406705422,33
524,1,720,427,293,0,0,0,1.0,1,1.0,1,1.0,1,0.026727866600272793,34
525,0,720,427,293,0,0,0,1.0,1,1.0,1,1.0,1,0.024078611385584554,32
526,1,721,428,293,0,0,0,1.0,1,1.0,1,1.0,1,0.04776282590150351,32
527,0,721,428,293,0,0,0,1.0,1,1.0,1,1.0,1,0.04973412368201459,31
528,0,721,428,293,0,0,0,1.0,1,1.0,1,1.0,1,0.04973412368201459,31
529,0,721,428,293,0,0,0,1.0,1,1.0,1,1.0,1,0.07351790971287805,30
530,1,722,429,293,0,0,0,1.0,1,1.0,1,1.0,1,0.12297751951214606,30
531,1,723,430,293,0,0,0,1.0,1,1.0,1,1.0,1,0.13309202656429098,32
532,2,725,432,293,0,0,0,1.0,1,1.0,1,1.0,1,0.18827878262959752,32
533,5,730,435,295,0,0,0,1.0,1,1.0,1,1.0,1,0.16821526733236397,34
534,1,731,436,295,0,0,0,1.0,1,1.0,1,1.0,1,0.19176453664481485,34
535,2,733,437,296,0,0,0,1.0,1,1.0,1,1.0,1,0.2157805305121117,37
536,0,733,437,296,0,0,0,1.0,1,1.0,1,1.0,1,0.2157805305121117,37
537,1,734,438,296,0,0,0,1.0,1,1.0,1,1.0,1,0.25085062243240697,37
538,1,735,439,296,0,0,0,1.0,1,1.0,1,1.0,1,0.22345428878230622,38
539,0,735,439,296,0,0,0,1.0,1,1.0,1,1.0,1,0.22345428878230622,38
540,2,737,440,297,0,0,0,1.0,1,1.0,1,1.0,1,0.19248470777378346,38
541,0,737,440,297,0,0,0,1.0,1,1.0,1,1.0,1,0.17625285146261055,39
542,4,741,443,298,0,0,0,1.0,1,1.0,1,1.0,1,0.19464441717801426,40
543,1,742,444,298,0,0,0,1.0,1,1.0,1,1.0,1,0.22112172378023864,37
544,0,742,444,298,0,0,0,1.0,1,1.0,1,1.0,1,0.2223359485539295,35
545,2,744,446,298,0,0,0,1.0,1,1.0,1,1.0,1,0.18362354909564862,35
546,1,745,447,298,0,0,0,1.0,1,1.0,1,1.0,1,0.17815119010292116,35
547,2,747,449,298,0,0,0,1.0,1,1.0,1,1.0,1,0.1967460847843238,34
548,1,748,450,298,0,0,0,1.0,1,1.0,1,1.0,1,0.23347049720763488,34
549,1,749,451,298,0,0,0,1.0,1,1.0,1,1.0,1,0.26759195463034485,31
550,0,749,451,298,0,0,0,1.0,1,1.0,1,1.0,1,0.25382558933785204,30
551,2,751,453,298,0,0,0,1.0,1,1.0,1,1.0,1,0.22801935165494414,31
552,0,751,453,298,0,0,0,1.0,1,1.0,1,1.0,1,0.191299982456349,29
553,1,752,453,299,0,0,0,1.0,1,1.0,1,1.0,1,0.14785234173123843,30
554,0,752,453,299,0,0,0,1.0,1,1.0,1,1.0,1,0.13338222223234134,30
555,2,754,453,301,0,0,0,1.0,1,1.0,1,1.0,1,0.06464924118061795,30
556,0,754,453,301,0,0,0,1.0,1,1.0,1,1.0,1,0.048988800085576385,31
557,1,755,454,301,0,0,0,1.0,1,1.0,1,1.0,1,0.10120704450489443,31
558,2,757,455,302,0,0,0,1.0,1,1.0,1,1.0,1,0.09421157761097314,31
559,1,758,456,302,0,0,0,1.0,1,1.0,1,1.0,1,0.06882022965799532,31
560,1,759,457,302,0,0,0,1.0,1,1.0,1,1.0,1,0.10475818733737144,32
561,3,762,459,303,0,0,0,1.0,1,1.0,1,1.0,1,0.1544132224585911,33
562,2,764,460,304,0,0,0,1.0,1,1.0,1,1.0,1,0.18299197681582413,33
563,2,766,462,304,0,0,0,1.0,1,1.0,1,1.0,1,0.2651977667369537,33
564,1,767,463,304,0,0,0,1.0,1,1.0,1,1.0,1,0.24907373758934664,34
565,2,769,464,305,0,0,0,1.0,1,1.0,1,1.0,1,0.20123040836516667,35
566,3,772,467,305,0,0,0,1.0,1,1.0,1,1.0,1,0.15009230580271316,36
567,1,773,467,306,0,0,0,1.0,1,1.0,1,1.0,1,0.10500962717454186,37
568,4,777,470,307,0,0,0,1.0,1,1.0,1,1.0,1,0.07711946066803332,36
569,2,779,472,307,0,0,0,1.0,1,1.0,1,1.0,1,0.04466916173541908,37
570,0,779,472,307,0,0,0,1.0,1,1.0,1,1.0,1,0.03463975172561123,38
571,2,781,474,307,0,0,0,1.0,1,1.0,1,1.0,1,0.08053064032873923,38
572,0,781,474,307,0,0,0,1.0,1,1.0,1,1.0,1,0.06481330559691481,39
573,0,781,474,307,0,0,0,1.0,1,1.0,1,1.0,1,0.06481330559691481,39
574,0,781,474,307,0,0,0,1.0,1,1.0,1,1.0,1,0.04056822778387634,41
575,0,781,474,307,0,0,0,1.0,1,1.0,1,1.0,1,0.04056822778387634,41
576,0,781,474,307,0,0,0,1.0,1,1.0,1,1.0,1,0.030541340748621252,42
577,0,781,474,307,0,0,0,1.0,1,1.0,1,1.0,1,0.030541340748621252,42
578,1,782,475,307,0,0,0,1.0,1,1.0,1,1.0,1,0.029383173212835897,41
579,0,782,475,307,0,0,0,1.0,1,1.0,1,1.0,1,0.021358018801503422,42
580,2,784,477,307,0,0,0,1.0,1,1.0,1,1.0,1,0.0701450399378241,43
581,2,786,479,307,0,0,0,1.0,1,1.0,1,1.0,1,0.08390008524846836,42
582,0,786,479,307,0,0,0,1.0,1,1.0,1,1.0,1,0.07849906898749624,41
583,4,790,483,307,0,0,0,1.0,1,1.0,1,1.0,1,0.08016956048959922,40
584,0,790,483,307,0,0,0,1.0,1,1.0,1,1.0,1,0.08204357229158948,38
585,5,795,487,308,0,0,0,1.0,1,1.0,1,1.0,1,0.17795446178044028,38
586,5,800,490,310,0,0,0,1.0,1,1.0,1,1.0,1,0.120451824543623,37
587,1,801,491,310,0,0,0,1.0,1,1.0,1,1.0,1,0.14330065342002882,35
588,3,804,493,311,0,0,0,1.0,1,1.0,1,1.0,1,0.11859205227539735,35
589,3,807,493,314,0,0,0,1.0,1,1.0,1,1.0,1,0.05748611339687874,34
590,0,807,493,314,0,0,0,1.0,1,1.0,1,1.0,1,0.04802593624080981,36
591,1,808,494,314,0,0,0,1.0,1,1.0,1,1.0,1,0.03698914389227977,35
592,0,808,494,314,0,0,0,1.0,1,1.0,1,1.0,1,0.03945467616186205,37
593,0,808,494,314,0,0,0,1.0,1,1.0,1,1.0,1,0.01600377131875706,36
594,1,809,495,314,0,0,0,1.0,1,1.0,1,1.0,1,0.05098969530302824,35
595,2,811,497,314,0,0,0,1.0,1,1.0,1,1.0,1,0.13319677698644652,34
596,3,814,499,315,0,0,0,1.0,1,1.0,1,1.0,1,0.11900189027997084,34
597,2,816,501,315,0,0,0,1.0,1,1.0,1,1.0,1,0.15862902327024547,33
598,2,818,501,317,0,0,0,1.0,1,1.0,1,1.0,1,0.1710694822311589,33
599,2,820,503,317,0,0,0,1.0,1,1.0,1,1.0,1,0.19765495858980875,33
600,1,821,504,317,0,0,0,1.0,1,1.0,1,1.0,1,0.20885679243403218,33
601,1,822,504,318,0,0,0,1.0,1,1.0,1,1.0,1,0.1645121915507096,34
602,1,823,504,319,0,0,0,1.0,1,1.0,1,1.0,1,0.1754972452827586,35
603,3,826,504,322,0,0,0,1.0,1,1.0,1,1.0,1,0.13182858071828943,35
604,2,828,504,324,0,0,0,1.0,1,1.0,1,1.0,1,0.07966928467222434,35
605,0,828,504,324,0,0,0,1.0,1,1.0,1,1.0,1,0.08295408490975324,35
606,0,828,504,324,0,0,0,1.0,1,1.0,1,1.0,1,0.0611350494171784,35
607,0,828,504,324,0,0,0,1.0,1,1.0,1,1.0,1,0.0611350494171784,35
608,1,829,504,325,0,0,0,1.0,1,1.0,1,1.0,1,0.05418362889291473,36
609,0,829,504,325,0,0,0,1.0,1,1.0,1,1.0,1,0.06919123239038853,37
610,0,829,504,325,0,0,0,1.0,1,1.0,1,1.0,1,0.06919123239038853,37
611,2,831,506,325,0,0,0,1.0,1,1.0,1,1.0,1,0.05235646019839288,39
612,1,832,507,325,0,0,0,1.0,1,1.0,1,1.0,1,0.07962417257258031,39
613,2,834,508,326,0,0,0,1.0,1,1.0,1,1.0,1,0.10050991715797136,39
614,1,835,509,326,0,0,0,1.0,1,1.0,1,1.0,1,0.14348285978449626,39
615,0,835,509,326,0,0,0,1.0,1,1.0,1,1.0,1,0.14348285978449626,39
616,1,836,510,326,0,0,0,1.0,1,1.0,1,1.0,1,0.2043747758864074,38
617,2,838,512,326,0,0,0,1.0,1,1.0,1,1.0,1,0.18306929610280534,39
618,2,840,513,327,0,0,0,1.0,1,1.0,1,1.0,1,0.21282244393889888,40
619,4,844,515,329,0,0,0,1.0,1,1.0,1,1.0,1,0.14358190672237117,39
620,0,844,515,329,0,0,0,1.0,1,1.0,1,1.0,1,0.14165698555993295,38
621,2,846,517,329,0,0,0,1.0,1,1.0,1,1.0,1,0.11345044358741752,38
622,4,850,521,329,0,0,0,1.0,1,1.0,1,1.0,1,0.024505147871771802,38
623,1,851,522,329,0,0,0,1.0,1,1.0,1,1.0,1,0.04162790074942433,37
624,3,854,525,329,0,0,0,1.0,1,1.0,1,1.0,1,0.07463697873800873,33
625,2,856,527,329,0,0,0,1.0,1,1.0,1,1.0,1,0.058717569118181726,32
626,2,858,529,329,0,0,0,1.0,1,1.0,1,1.0,1,0.08388349353802446,31
627,2,860,531,329,0,0,0,1.0,1,1.0,1,1.0,1,0.15615979140854133,30
628,4,864,534,330,0,0,0,1.0,1,1.0,1,1.0,1,0.13389831998950055,32
629,1,865,534,331,0,0,0,1.0,1,1.0,1,1.0,1,0.10086657188342807,29
630,1,866,535,331,0,0,0,1.0,1,1.0,1,1.0,1,0.14010006030418695,29
631,3,869,537,332,0,0,0,1.0,1,1.0,1,1.0,1,0.19408086635402688,25
632,0,869,537,332,0,0,0,1.0,1,1.0,1,1.0,1,0.2116217320004324,24
633,1,870,538,332,0,0,0,1.0,1,1.0,1,1.0,1,0.27610082944866937,23
634,1,871,538,333,0,0,0,1.0,1,1.0,1,1.0,1,0.2544608691983938,23
635,1,872,538,334,0,0,0,1.0,1,1.0,1,1.0,1,0.271341609392066,22
636,1,873,539,334,0,0,0,1.0,1,1.0,1,1.0,1,0.2885403998961289,22
637,3,876,539,337,0,0,0,1.0,1,1.0,1,1.0,1,0.15663231504441336,23
638,2,878,541,337,0,0,0,1.0,1,1.0,1,1.0,1,0.17190865547479225,23
639,0,878,541,337,0,0,0,1.0,1,1.0,1,1.0,1,0.17343885687800786,24
640,2,880,543,337,0,0,0,1.0,1,1.0,1,1.0,1,0.18411583769388198,24
641,0,880,543,337,0,0,0,1.0,1,1.0,1,1.0,1,0.20232001772565558,25
642,0,880,543,337,0,0,0,1.0,1,1.0,1,1.0,1,0.16181789584433245,26
643,1,881,543,338,0,0,0,1.0,1,1.0,1,1.0,1,0.09209923447569121,28
644,2,883,544,339,0,0,0,1.0,1,1.0,1,1.0,1,0.04451062141516609,28
645,1,884,545,339,0,0,0,1.0,1,1.0,1,1.0,1,0.0745488220893676,28
646,0,884,545,339,0,0,0,1.0,1,1.0,1,1.0,1,0.06168487339355563,29
647,1,885,546,339,0,0,0,1.0,1,1.0,1,1.0,1,0.05642583351414826,30
648,0,885,546,339,0,0,0,1.0,1,1.0,1,1.0,1,0.05642583351414826,30
649,1,886,547,339,0,0,0,1.0,1,1.0,1,1.0,1,0.11099976504482388,31
650,1,887,548,339,0,0,0,1.0,1,1.0,1,1.0,1,0.11723939260198628,31
651,0,887,548,339,0,0,0,1.0,1,1.0,1,1.0,1,0.12166013907942924,32
652,1,888,549,339,0,0,0,1.0,1,1.0,1,1.0,1,0.11764742994749,32
653,1,889,549,340,0,0,0,1.0,1,1.0,1,1.0,1,0.09877850358968746,33
654,2,891,551,340,0,0,0,1.0,1,1.0,1,1.0,1,0.08603720353059015,33
655,1,892,552,340,0,0,0,1.0,1,1.0,1,1.0,1,0.09129286929015404,36
656,1,893,553,340,0,0,0,1.0,1,1.0,1,1.0,1,0.12209762361701418,36
657,2,895,554,341,0,0,0,1.0,1,1.0,1,1.0,1,0.10930897651806097,35
658,1,896,555,341,0,0,0,1.0,1,1.0,1,1.0,1,0.1516760553787584,33
659,2,898,557,341,0,0,0,1.0,1,1.0,1,1.0,1,0.20462414045011212,35
660,3,901,559,342,0,0,0,1.0,1,1.0,1,1.0,1,0.1388797550581609,34
661,2,903,560,343,0,0,0,1.0,1,1.0,1,1.0,1,0.14151819204054886,33
662,0,903,560,343,0,0,0,1.0,1,1.0,1,1.0,1,0.10464359862820277,31
663,2,905,561,344,0,0,0,1.0,1,1.0,1,1.0,1,0.12531553298529985,29
664,0,905,561,344,0,0,0,1.0,1,1.0,1,1.0,1,0.11392188840146467,27
665,1,906,562,344,0,0,0,1.0,1,1.0,1,1.0,1,0.13908831571334782,27
666,2,908,562,346,0,0,0,1.0,1,1.0,1,1.0,1,0.0866617144825373,28
667,0,908,562,346,0,0,0,1.0,1,1.0,1,1.0,1,0.07545821996000839,26
668,2,910,563,347,0,0,0,1.0,1,1.0,1,1.0,1,0.11765395248303974,26
669,3,913,566,347,0,0,0,1.0,1,1.0,1,1.0,1,0.12944293511625937,25
670,1,914,566,348,0,0,0,1.0,1,1.0,1,1.0,1,0.10163879472614387,24
671,0,914,566,348,0,0,0,1.0,1,1.0,1,1.0,1,0.10163879472614387,24
672,1,915,567,348,0,0,0,1.0,1,1.0,1,1.0,1,0.17660545980131923,25
673,2,917,568,349,0,0,0,1.0,1,1.0,1,1.0,1,0.15128626832820977,25
674,1,918,568,350,0,0,0,1.0,1,1.0,1,1.0,1,0.0898250319863964,25
675,2,920,569,351,0,0,0,1.0,1,1.0,1,1.0,1,0.09314330000388385,26
676,3,923,572,351,0,0,0,1.0,1,1.0,1,1.0,1,0.07026447036559694,27
677,1,924,573,351,0,0,0,1.0,1,1.0,1,1.0,1,0.12796731524897176,28
678,0,924,573,351,0,0,0,1.0,1,1.0,1,1.0,1,0.12796731524897176,28
679,2,926,575,351,0,0,0,1.0,1,1.0,1,1.0,1,0.11507216592263893,30
680,0,926,575,351,0,0,0,1.0,1,1.0,1,1.0,1,0.15225635834429627,29
681,0,926,575,351,0,0,0,1.0,1,1.0,1,1.0,1,0.15225635834429627,29
682,0,926,575,351,0,0,0,1.0,1,1.0,1,1.0,1,0.14332081210219297,30
683,0,926,575,351,0,0,0,1.0,1,1.0,1,1.0,1,0.14332081210219297,30
684,1,927,575,352,0,0,0,1.0,1,1.0,1,1.0,1,0.11512088661826299,31
685,0,927,575,352,0,0,0,1.0,1,1.0,1,1.0,1,0.09411409693911987,30
686,3,930,578,352,0,0,0,1.0,1,1.0,1,1.0,1,0.04468032747861836,30
687,1,931,579,352,0,0,0,1.0,1,1.0,1,1.0,1,0.02663999624003899,30
688,0,931,579,352,0,0,0,1.0,1,1.0,1,1.0,1,0.04792990060942354,31
689,1,932,580,352,0,0,0,1.0,1,1.0,1,1.0,1,0.07428181110698667,32
690,0,932,580,352,0,0,0,1.0,1,1.0,1,1.0,1,0.07428181110698667,32
691,1,933,581,352,0,0,0,1.0,1,1.0,1,1.0,1,0.1265920711044496,32
692,3,936,584,352,0,0,0,1.0,1,1.0,1,1.0,1,0.1581525633711796,32
693,1,937,585,352,0,0,0,1.0,1,1.0,1,1.0,1,0.145345257238511,34
694,2,939,587,352,0,0,0,1.0,1,1.0,1,1.0,1,0.2033912028921642,36
695,1,940,588,352,0,0,0,1.0,1,1.0,1,1.0,1,0.20580112188230304,34
696,1,941,588,353,0,0,0,1.0,1,1.0,1,1.0,1,0.17282461365962282,33
697,1,942,588,354,0,0,0,1.0,1,1.0,1,1.0,1,0.13744656695314217,33
698,2,944,590,354,0,0,0,1.0,1,1.0,1,1.0,1,0.19013721703722633,34
699,0,944,590,354,0,0,0,1.0,1,1.0,1,1.0,1,0.17299420565614174,33
700,0,944,590,354,0,0,0,1.0,1,1.0,1,1.0,1,0.15062388976311486,32
701,0,944,590,354,0,0,0,1.0,1,1.0,1,1.0,1,0.1393932827892999,33
702,3,947,592,355,0,0,0,1.0,1,1.0,1,1.0,1,0.14067163381756223,34
703,2,949,594,355,0,0,0,1.0,1,1.0,1,1.0,1,0.1475176471613171,32
704,1,950,594,356,0,0,0,1.0,1,1.0,1,1.0,1,0.09544868106577373,31
705,3,953,596,357,0,0,0,1.0,1,1.0,1,1.0,1,0.052045219873511905,33
706,2,955,597,358,0,0,0,1.0,1,1.0,1,1.0,1,0.07547470077733447,33
707,1,956,598,358,0,0,0,1.0,1,1.0,1,1.0,1,0.15304867210352047,31
708,1,957,599,358,0,0,0,1.0,1,1.0,1,1.0,1,0.17605061518659165,31
709,2,959,600,359,0,0,0,1.0,1,1.0,1,1.0,1,0.17974898127762465,30
710,0,959,600,359,0,0,0,1.0,1,1.0,1,1.0,1,0.17974898127762465,30
711,0,959,600,359,0,0,0,1.0,1,1.0,1,1.0,1,0.16338006751542772,30
712,1,960,600,360,0,0,0,1.0,1,1.0,1,1.0,1,0.1348031410545191,30
713,0,960,600,360,0,0,0,1.0,1,1.0,1,1.0,1,0.15582894499092187,31
714,1,961,601,360,0,0,0,1.0,1,1.0,1,1.0,1,0.15973844840415996,31
715,1,962,601,361,0,0,0,1.0,1,1.0,1,1.0,1,0.09828037020780327,30
716,0,962,601,361,0,0,0,1.0,1,1.0,1,1.0,1,0.06200496177619526,31
717,0,962,601,361,0,0,0,1.0,1,1.0,1,1.0,1,0.07784320586749212,32
718,2,964,603,361,0,0,0,1.0,1,1.0,1,1.0,1,0.1260627323302154,32
719,3,967,605,362,0,0,0,1.0,1,1.0,1,1.0,1,0.11515628047026572,32
720,0,967,605,362,0,0,0,1.0,1,1.0,1,1.0,1,0.08512307086652554,34
721,1,968,606,362,0,0,0,1.0,1,1.0,1,1.0,1,0.11646466225805964,34
722,0,968,606,362,0,0,0,1.0,1,1.0,1,1.0,1,0.11646466225805964,34
723,0,968,606,362,0,0,0,1.0,1,1.0,1,1.0,1,0.1291705999461676,35
724,2,970,607,363,0,0,0,1.0,1,1.0,1,1.0,1,0.1404185199379943,36
725,2,972,607,365,0,0,0,1.0,1,1.0,1,1.0,1,0.12517833596395353,37
726,1,973,607,366,0,0,0,1.0,1,1.0,1,1.0,1,0.10379095395919886,37
727,0,973,607,366,0,0,0,1.0,1,1.0,1,1.0,1,0.12041605511597335,38
728,0,973,607,366,0,0,0,1.0,1,1.0,1,1.0,1,0.12292455062526604,39
729,0,973,607,366,0,0,0,1.0,1,1.0,1,1.0,1,0.12292455062526604,39
730,0,973,607,366,0,0,0,1.0,1,1.0,1,1.0,1,0.11564260240557274,40
731,1,974,608,366,0,0,0,1.0,1,1.0,1,1.0,1,0.1415356521125529,40
732,1,975,608,367,0,0,0,1.0,1,1.0,1,1.0,1,0.15144761367017603,41
733,3,978,610,368,0,0,0,1.0,1,1.0,1,1.0,1,0.1627332474640849,41
734,0,978,610,368,0,0,0,1.0,1,1.0,1,1.0,1,0.154155381168874,42
735,1,979,611,368,0,0,0,1.0,1,1.0,1,1.0,1,0.13964073404416913,42
736,1,980,611,369,0,0,0,1.0,1,1.0,1,1.0,1,0.11829200484218041,41
737,1,981,612,369,0,0,0,1.0,1,1.0,1,1.0,1,0.16623836713460766,41
738,0,981,612,369,0,0,0,1.0,1,1.0,1,1.0,1,0.14821033627434907,39
739,1,982,613,369,0,0,0,1.0,1,1.0,1,1.0,1,0.1181011338092638,39
740,1,983,613,370,0,0,0,1.0,1,1.0,1,1.0,1,0.10778756754592365,39
741,0,983,613,370,0,0,0,1.0,1,1.0,1,1.0,1,0.10296245130113134,38
742,1,984,613,371,0,0,0,1.0,1,1.0,1,1.0,1,0.08863252373409843,39
743,1,985,614,371,0,0,0,1.0,1,1.0,1,1.0,1,0.07409579258950102,39
744,2,987,616,371,0,0,0,1.0,1,1.0,1,1.0,1,0.08752745290501607,39
745,3,990,619,371,0,0,0,1.0,1,1.0,1,1.0,1,0.11848466049885513,39
746,3,993,622,371,0,0,0,1.0,1,1.0,1,1.0,1,0.1298987885174998,40
747,1,994,623,371,0,0,0,1.0,1,1.0,1,1.0,1,0.13159024966512925,41
748,1,995,624,371,0,0,0,1.0,1,1.0,1,1.0,1,0.11496751548686528,41
749,0,995,624,371,0,0,0,1.0,1,1.0,1,1.0,1,0.11496751548686528,41
750,3,998,627,371,0,0,0,1.0,1,1.0,1,1.0,1,0.14378828608804822,39
751,3,1001,629,372,0,0,0,1.0,1,1.0,1,1.0,1,0.093267664146127,41
752,3,1004,632,372,0,0,0,1.0,1,1.0,1,1.0,1,0.16674919843015806,41
753,3,1007,632,375,0,0,0,1.0,1,1.0,1,1.0,1,0.16351564179464195,41
754,4,1011,634,377,0,0,0,1.0,1,1.0,1,1.0,1,0.18033160140191795,41
755,1,1012,634,378,0,0,0,1.0,1,1.0,1,1.0,1,0.1986306125161037,41
756,0,1012,634,378,0,0,0,1.0,1,1.0,1,1.0,1,0.1986306125161037,41
757,4,1016,635,381,0,0,0,1.0,1,1.0,1,1.0,1,0.2117543397635637,39
758,0,1016,635,381,0,0,0,1.0,1,1.0,1,1.0,1,0.19817778233245037,39
759,0,1016,635,381,0,0,0,1.0,1,1.0,1,1.0,1,0.19830393853515477,39
760,1,1017,635,382,0,0,0,1.0,1,1.0,1,1.0,1,0.19446549595788623,40
761,1,1018,635,383,0,0,0,1.0,1,1.0,1,1.0,1,0.16764164686277813,41
762,0,1018,635,383,0,0,0,1.0,1,1.0,1,1.0,1,0.16706585902502,42
763,0,1018,635,383,0,0,0,1.0,1,1.0,1,1.0,1,0.18177748653503598,43
764,3,1021,635,386,0,0,0,1.0,1,1.0,1,1.0,1,0.14979946506986835,43
765,1,1022,635,387,0,0,0,1.0,1,1.0,1,1.0,1,0.10176018043664153,45
766,1,1023,636,387,0,0,0,1.0,1,1.0,1,1.0,1,0.11090837315910176,45
767,1,1024,636,388,0,0,0,1.0,1,1.0,1,1.0,1,0.10021225599743487,46
768,0,1024,636,388,0,0,0,1.0,1,1.0,1,1.0,1,0.09157537397984261,45
769,1,1025,637,388,0,0,0,1.0,1,1.0,1,1.0,1,0.1313702659613825,46
770,0,1025,637,388,0,0,0,1.0,1,1.0,1,1.0,1,0.11766287149743823,47
771,3,1028,640,388,0,0,0,1.0,1,1.0,1,1.0,1,0.13281536689276405,47
772,0,1028,640,388,0,0,0,1.0,1,1.0,1,1.0,1,0.12230458659521447,46
773,2,1030,642,388,0,0,0,1.0,1,1.0,1,1.0,1,0.09723004051869406,45
774,0,1030,642,388,0,0,0,1.0,1,1.0,1,1.0,1,0.07438188361728347,45
775,2,1032,644,388,0,0,0,1.0,1,1.0,1,1.0,1,0.10887657731468973,45
776,0,1032,644,388,0,0,0,1.0,1,1.0,1,1.0,1,0.10367173528478883,43
777,0,1032,644,388,0,0,0,1.0,1,1.0,1,1.0,1,0.11675634242633254,44
778,3,1035,646,389,0,0,0,1.0,1,1.0,1,1.0,1,0.14225585245802147,45
779,0,1035,646,389,0,0,0,1.0,1,1.0,1,1.0,1,0.14225585245802147,45
780,2,1037,648,389,0,0,0,1.0,1,1.0,1,1.0,1,0.20542785878562708,45
781,0,1037,648,389,0,0,0,1.0,1,1.0,1,1.0,1,0.19144925856707448,46
782,1,1038,648,390,0,0,0,1.0,1,1.0,1,1.0,1,0.215747701379252,47
783,1,1039,648,391,0,0,0,1.0,1,1.0,1,1.0,1,0.19496374910336414,46
784,0,1039,648,391,0,0,0,1.0,1,1.0,1,1.0,1,0.20243073424814623,45
785,0,1039,648,391,0,0,0,1.0,1,1.0,1,1.0,1,0.20035059468199404,43
786,1,1040,648,392,0,0,0,1.0,1,1.0,1,1.0,1,0.17018500463230202,43
787,2,1042,649,393,0,0,0,1.0,1,1.0,1,1.0,1,0.13342514245415876,43
788,1,1043,649,394,0,0,0,1.0,1,1.0,1,1.0,1,0.11910793017870001,44
789,1,1044,650,394,0,0,0,1.0,1,1.0,1,1.0,1,0.08684427274237733,46
790,2,1046,652,394,0,0,0,1.0,1,1.0,1,1.0,1,0.14697972620369343,46
791,1,1047,652,395,0,0,0,1.0,1,1.0,1,1.0,1,0.16915237550924564,46
792,1,1048,653,395,0,0,0,1.0,1,1.0,1,1.0,1,0.1902832799599395,47
793,3,1051,653,398,0,0,0,1.0,1,1.0,1,1.0,1,0.17064074414238042,48
794,2,1053,653,400,0,0,0,1.0,1,1.0,1,1.0,1,0.1708328914673336,48
795,0,1053,653,400,0,0,0,1.0,1,1.0,1,1.0,1,0.17741746672175218,47
796,2,1055,653,402,0,0,0,1.0,1,1.0,1,1.0,1,0.19670455580659862,45
797,3,1058,653,405,0,0,0,1.0,1,1.0,1,1.0,1,0.16721690435601977,47
798,1,1059,653,406,0,0,0,1.0,1,1.0,1,1.0,1,0.1726075957190185,48
799,3,1062,653,409,0,0,0,1.0,1,1.0,1,1.0,1,0.14272472138321088,48
800,1,1063,654,409,0,0,0,1.0,1,1.0,1,1.0,1,0.16491042758422889,48
801,1,1064,655,409,0,0,0,1.0,1,1.0,1,1.0,1,0.14422105022637702,49
802,4,1068,657,411,0,0,0,1.0,1,1.0,1,1.0,1,0.18416642328927316,50
803,3,1071,657,414,0,0,0,1.0,1,1.0,1,1.0,1,0.15083428266819401,50
804,0,1071,657,414,0,0,0,1.0,1,1.0,1,1.0,1,0.15083428266819401,50
805,2,1073,658,415,0,0,0,1.0,1,1.0,1,1.0,1,0.1590434843459333,50
806,0,1073,658,415,0,0,0,1.0,1,1.0,1,1.0,1,0.149633301442728,51
807,0,1073,658,415,0,0,0,1.0,1,1.0,1,1.0,1,0.149633301442728,51
808,1,1074,658,416,0,0,0,1.0,1,1.0,1,1.0,1,0.15107816683435202,53
809,1,1075,658,417,0,0,0,1.0,1,1.0,1,1.0,1,0.09671623891156289,51
810,1,1076,658,418,0,0,0,1.0,1,1.0,1,1.0,1,0.09726800717769271,52
811,2,1078,660,418,0,0,0,1.0,1,1.0,1,1.0,1,0.145543690557844,50
812,1,1079,660,419,0,0,0,1.0,1,1.0,1,1.0,1,0.12585031794831272,51
813,4,1083,662,421,0,0,0,1.0,1,1.0,1,1.0,1,0.15992839227218925,51
814,2,1085,662,423,0,0,0,1.0,1,1.0,1,1.0,1,0.14233148829510717,52
815,1,1086,663,423,0,0,0,1.0,1,1.0,1,1.0,1,0.13926606578589684,50
816,1,1087,663,424,0,0,0,1.0,1,1.0,1,1.0,1,0.13011009319179745,50
817,1,1088,664,424,0,0,0,1.0,1,1.0,1,1.0,1,0.1519477433338819,49
818,0,1088,664,424,0,0,0,1.0,1,1.0,1,1.0,1,0.15138994558224872,49
819,0,1088,664,424,0,0,0,1.0,1,1.0,1,1.0,1,0.14611653977941116,50
820,1,1089,665,424,0,0,0,1.0,1,1.0,1,1.0,1,0.16409002175886245,49
821,2,1091,666,425,0,0,0,1.0,1,1.0,1,1.0,1,0.1762505076279606,49
822,1,1092,666,426,0,0,0,1.0,1,1.0,1,1.0,1,0.16620385006581043,49
823,3,1095,666,429,0,0,0,1.0,1,1.0,1,1.0,1,0.15330761104243948,47
824,0,1095,666,429,0,0,0,1.0,1,1.0,1,1.0,1,0.15625145247268032,45
825,1,1096,667,429,0,0,0,1.0,1,1.0,1,1.0,1,0.16207976413511693,43
826,1,1097,667,430,0,0,0,1.0,1,1.0,1,1.0,1,0.14624167125551815,44
827,0,1097,667,430,0,0,0,1.0,1,1.0,1,1.0,1,0.17225696088080886,43
828,3,1100,669,431,0,0,0,1.0,1,1.0,1,1.0,1,0.155263694181634,43
829,4,1104,670,434,0,0,0,1.0,1,1.0,1,1.0,1,0.1451038463390937,45
830,1,1105,670,435,0,0,0,1.0,1,1.0,1,1.0,1,0.13176616602280763,46
831,1,1106,670,436,0,0,0,1.0,1,1.0,1,1.0,1,0.11502758859120862,48
832,1,1107,670,437,0,0,0,1.0,1,1.0,1,1.0,1,0.11517501668883803,47
833,2,1109,670,439,0,0,0,1.0,1,1.0,1,1.0,1,0.10693080087885956,47
834,0,1109,670,439,0,0,0,1.0,1,1.0,1,1.0,1,0.1279134299330463,46
835,1,1110,670,440,0,0,0,1.0,1,1.0,1,1.0,1,0.12485842457648098,45
836,0,1110,670,440,0,0,0,1.0,1,1.0,1,1.0,1,0.13806214116108673,46
837,0,1110,670,440,0,0,0,1.0,1,1.0,1,1.0,1,0.13834366719516739,46
838,3,1113,670,443,0,0,0,1.0,1,1.0,1,1.0,1,0.10056912746641444,45
839,1,1114,671,443,0,0,0,1.0,1,1.0,1,1.0,1,0.11746350739911765,46
840,1,1115,671,444,0,0,0,1.0,1,1.0,1,1.0,1,0.11933633705683735,46
841,1,1116,671,445,0,0,0,1.0,1,1.0,1,1.0,1,0.10972749938402929,46
842,2,1118,673,445,0,0,0,1.0,1,1.0,1,1.0,1,0.14146729957033627,46
843,4,1122,674,448,0,0,0,1.0,1,1.0,1,1.0,1,0.12179427046169908,46
844,1,1123,674,449,0,0,0,1.0,1,1.0,1,1.0,1,0.11467486916054999,47
845,4,1127,676,451,0,0,0,1.0,1,1.0,1,1.0,1,0.1642797945179236,48
846,0,1127,676,451,0,0,0,1.0,1,1.0,1,1.0,1,0.15060589327243515,47
847,2,1129,676,453,0,0,0,1.0,1,1.0,1,1.0,1,0.12927443299798394,48
848,3,1132,677,455,0,0,0,1.0,1,1.0,1,1.0,1,0.11117142639551304,48
849,1,1133,677,456,0,0,0,1.0,1,1.0,1,1.0,1,0.10056815987950915,48
850,0,1133,677,456,0,0,0,1.0,1,1.0,1,1.0,1,0.10396298189240022,46
851,0,1133,677,456,0,0,0,1.0,1,1.0,1,1.0,1,0.09423853478302889,45
852,0,1133,677,456,0,0,0,1.0,1,1.0,1,1.0,1,0.08166851488343982,44
853,1,1134,678,456,0,0,0,1.0,1,1.0,1,1.0,1,0.07195972991371244,44
854,2,1136,680,456,0,0,0,1.0,1,1.0,1,1.0,1,0.09961073907027955,45
855,1,1137,680,457,0,0,0,1.0,1,1.0,1,1.0,1,0.04490260076182184,46
856,1,1138,681,457,0,0,0,1.0,1,1.0,1,1.0,1,0.0545702950177485,46
857,1,1139,682,457,0,0,0,1.0,1,1.0,1,1.0,1,0.06546599181704967,47
858,1,1140,682,458,0,0,0,1.0,1,1.0,1,1.0,1,0.028750349139369163,48
859,1,1141,683,458,0,0,0,1.0,1,1.0,1,1.0,1,0.06442778507948585,48
860,1,1142,683,459,0,0,0,1.0,1,1.0,1,1.0,1,0.0639141006839263,49
861,1,1143,684,459,0,0,0,1.0,1,1.0,1,1.0,1,0.06240833878542015,49
862,0,1143,684,459,0,0,0,1.0,1,1.0,1,1.0,1,0.06240833878542015,49
863,1,1144,685,459,0,0,0,1.0,1,1.0,1,1.0,1,0.07936199237624413,48
864,0,1144,685,459,0,0,0,1.0,1,1.0,1,1.0,1,0.08148665059055911,49
865,2,1146,686,460,0,0,0,1.0,1,1.0,1,1.0,1,0.09118918454868526,48
866,3,1149,687,462,0,0,0,1.0,1,1.0,1,1.0,1,0.05575345862819945,50
867,2,1151,687,464,0,0,0,1.0,1,1.0,1,1.0,1,0.036924730826135115,50
868,2,1153,689,464,0,0,0,1.0,1,1.0,1,1.0,1,0.03196495537806006,51
869,0,1153,689,464,0,0,0,1.0,1,1.0,1,1.0,1,0.06617560616615925,49
870,1,1154,690,464,0,0,0,1.0,1,1.0,1,1.0,1,0.06735577917563157,49
871,2,1156,690,466,0,0,0,1.0,1,1.0,1,1.0,1,0.06984483952631886,49
872,0,1156,690,466,0,0,0,1.0,1,1.0,1,1.0,1,0.0919559303199275,48
873,2,1158,692,466,0,0,0,1.0,1,1.0,1,1.0,1,0.1056010471288078,49
874,2,1160,693,467,0,0,0,1.0,1,1.0,1,1.0,1,0.09186668307297344,49
875,2,1162,693,469,0,0,0,1.0,1,1.0,1,1.0,1,0.06426122726418533,50
876,2,1164,695,469,0,0,0,1.0,1,1.0,1,1.0,1,0.09521826230987492,50
877,2,1166,696,470,0,0,0,1.0,1,1.0,1,1.0,1,0.0990924147287254,50
878,2,1168,697,471,0,0,0,1.0,1,1.0,1,1.0,1,0.1094891098836177,49
879,1,1169,698,471,0,0,0,1.0,1,1.0,1,1.0,1,0.12174873527859799,49
880,3,1172,699,473,0,0,0,1.0,1,1.0,1,1.0,1,0.10264780238214263,48
881,3,1175,701,474,0,0,0,1.0,1,1.0,1,1.0,1,0.10626963764842669,49
882,0,1175,701,474,0,0,0,1.0,1,1.0,1,1.0,1,0.1024244386610531,48
883,3,1178,702,476,0,0,0,1.0,1,1.0,1,1.0,1,0.08786198283275995,50
884,1,1179,702,477,0,0,0,1.0,1,1.0,1,1.0,1,0.07993617636300387,50
885,2,1181,704,477,0,0,0,1.0,1,1.0,1,1.0,1,0.09345553717525079,49
886,1,1182,704,478,0,0,0,1.0,1,1.0,1,1.0,1,0.08249217016022446,49
887,3,1185,706,479,0,0,0,1.0,1,1.0,1,1.0,1,0.13118223575814153,49
888,0,1185,706,479,0,0,0,1.0,1,1.0,1,1.0,1,0.1019762745193448,47
889,2,1187,707,480,0,0,0,1.0,1,1.0,1,1.0,1,0.13398041449028253,46
890,0,1187,707,480,0,0,0,1.0,1,1.0,1,1.0,1,0.10228780821132459,44
891,1,1188,707,481,0,0,0,1.0,1,1.0,1,1.0,1,0.08059928661015234,45
892,1,1189,708,481,0,0,0,1.0,1,1.0,1,1.0,1,0.10204355993957578,45
893,0,1189,708,481,0,0,0,1.0,1,1.0,1,1.0,1,0.10204355993957578,45
894,0,1189,708,481,0,0,0,1.0,1,1.0,1,1.0,1,0.091786428234212,44
895,2,1191,710,481,0,0,0,1.0,1,1.0,1,1.0,1,0.09169013707033524,45
896,1,1192,711,481,0,0,0,1.0,1,1.0,1,1.0,1,0.10332074787471703,44
897,0,1192,711,481,0,0,0,1.0,1,1.0,1,1.0,1,0.10332074787471703,44
898,2,1194,712,482,0,0,0,1.0,1,1.0,1,1.0,1,0.059006544172828954,45
899,0,1194,712,482,0,0,0,1.0,1,1.0,1,1.0,1,0.07569680169852758,44
900,1,1195,712,483,0,0,0,1.0,1,1.0,1,1.0,1,0.07159527969085512,46
901,1,1196,712,484,0,0,0,1.0,1,1.0,1,1.0,1,0.08531405742671125,45
902,2,1198,714,484,0,0,0,1.0,1,1.0,1,1.0,1,0.13951446260648503,45
903,2,1200,716,484,0,0,0,1.0,1,1.0,1,1.0,1,0.17767610274497792,44
904,4,1204,717,487,0,0,0,1.0,1,1.0,1,1.0,1,0.1793395137460037,45
905,1,1205,717,488,0,0,0,1.0,1,1.0,1,1.0,1,0.2087086242655173,45
906,2,1207,718,489,0,0,0,1.0,1,1.0,1,1.0,1,0.22543227276976952,45
907,5,1212,719,493,0,0,0,1.0,1,1.0,1,1.0,1,0.15434647002219404,46
908,0,1212,719,493,0,0,0,1.0,1,1.0,1,1.0,1,0.17093261948849595,46
909,0,1212,719,493,0,0,0,1.0,1,1.0,1,1.0,1,0.17656124502032816,46
910,4,1216,719,497,0,0,0,1.0,1,1.0,1,1.0,1,0.1425184604894851,44
911,1,1217,719,498,0,0,0,1.0,1,1.0,1,1.0,1,0.1439916829005906,45
912,0,1217,719,498,0,0,0,1.0,1,1.0,1,1.0,1,0.1651686092472385,44
913,2,1219,719,500,0,0,0,1.0,1,1.0,1,1.0,1,0.1576899783621751,45
914,2,1221,720,501,0,0,0,1.0,1,1.0,1,1.0,1,0.14649355665238958,45
915,1,1222,720,502,0,0,0,1.0,1,1.0,1,1.0,1,0.12873208688177148,45
916,2,1224,720,504,0,0,0,1.0,1,1.0,1,1.0,1,0.10280869865498514,45
917,0,1224,720,504,0,0,0,1.0,1,1.0,1,1.0,1,0.11824676484158628,46
918,0,1224,720,504,0,0,0,1.0,1,1.0,1,1.0,1,0.12058651498109123,47
919,2,1226,720,506,0,0,0,1.0,1,1.0,1,1.0,1,0.09988466167113594,47
920,1,1227,721,506,0,0,0,1.0,1,1.0,1,1.0,1,0.09043718674960151,47
921,2,1229,723,506,0,0,0,1.0,1,1.0,1,1.0,1,0.11954172896746124,49
922,4,1233,724,509,0,0,0,1.0,1,1.0,1,1.0,1,0.08560461366930106,49
923,2,1235,726,509,0,0,0,1.0,1,1.0,1,1.0,1,0.09738352313533007,47
924,1,1236,727,509,0,0,0,1.0,1,1.0,1,1.0,1,0.10054759995987035,47
925,3,1239,729,510,0,0,0,1.0,1,1.0,1,1.0,1,0.11820783380587811,47
926,2,1241,731,510,0,0,0,1.0,1,1.0,1,1.0,1,0.15657639735108173,46
927,2,1243,732,511,0,0,0,1.0,1,1.0,1,1.0,1,0.12964945453251508,45
928,2,1245,732,513,0,0,0,1.0,1,1.0,1,1.0,1,0.06782059109786943,43
929,1,1246,732,514,0,0,0,1.0,1,1.0,1,1.0,1,0.07901498707999062,42
930,0,1246,732,514,0,0,0,1.0,1,1.0,1,1.0,1,0.06191242270835228,41
931,0,1246,732,514,0,0,0,1.0,1,1.0,1,1.0,1,0.07626536113918427,40
932,1,1247,733,514,0,0,0,1.0,1,1.0,1,1.0,1,0.06233027679456699,40
933,0,1247,733,514,0,0,0,1.0,1,1.0,1,1.0,1,0.07522947071830216,39
934,0,1247,733,514,0,0,0,1.0,1,1.0,1,1.0,1,0.07522947071830216,39
935,4,1251,737,514,0,0,0,1.0,1,1.0,1,1.0,1,0.1632925567178346,41
936,2,1253,737,516,0,0,0,1.0,1,1.0,1,1.0,1,0.10377709471931955,42
937,4,1257,739,518,0,0,0,1.0,1,1.0,1,1.0,1,0.17627437285313463,43
938,1,1258,739,519,0,0,0,1.0,1,1.0,1,1.0,1,0.1821412225428895,44
939,2,1260,739,521,0,0,0,1.0,1,1.0,1,1.0,1,0.1718212624961659,46
940,1,1261,739,522,0,0,0,1.0,1,1.0,1,1.0,1,0.15074816469586474,46
941,1,1262,740,522,0,0,0,1.0,1,1.0,1,1.0,1,0.17275412408990048,46
942,1,1263,740,523,0,0,0,1.0,1,1.0,1,1.0,1,0.16029822816521144,46
943,1,1264,740,524,0,0,0,1.0,1,1.0,1,1.0,1,0.1579287271476353,45
944,1,1265,740,525,0,0,0,1.0,1,1.0,1,1.0,1,0.12935400182416767,45
945,1,1266,740,526,0,0,0,1.0,1,1.0,1,1.0,1,0.16163166177357502,44
946,2,1268,740,528,0,0,0,1.0,1,1.0,1,1.0,1,0.10716538757977424,46
947,0,1268,740,528,0,0,0,1.0,1,1.0,1,1.0,1,0.13110129249793254,44
948,1,1269,740,529,0,0,0,1.0,1,1.0,1,1.0,1,0.10765743923194816,44
949,5,1274,741,533,0,0,0,1.0,1,1.0,1,1.0,1,0.10030883472490325,44
950,1,1275,742,533,0,0,0,1.0,1,1.0,1,1.0,1,0.11817130984754665,43
951,0,1275,742,533,0,0,0,1.0,1,1.0,1,1.0,1,0.14345097951867278,42
952,2,1277,742,535,0,0,0,1.0,1,1.0,1,1.0,1,0.11461926296378222,42
953,0,1277,742,535,0,0,0,1.0,1,1.0,1,1.0,1,0.11837163706252173,41
954,1,1278,743,535,0,0,0,1.0,1,1.0,1,1.0,1,0.13813443681284596,40
955,0,1278,743,535,0,0,0,1.0,1,1.0,1,1.0,1,0.13231632724399023,42
956,1,1279,744,535,0,0,0,1.0,1,1.0,1,1.0,1,0.13497911888735234,43
957,0,1279,744,535,0,0,0,1.0,1,1.0,1,1.0,1,0.1472509172558227,42
958,1,1280,744,536,0,0,0,1.0,1,1.0,1,1.0,1,0.16571909542007798,43
959,3,1283,745,538,0,0,0,1.0,1,1.0,1,1.0,1,0.18853851788507853,45
960,1,1284,746,538,0,0,0,1.0,1,1.0,1,1.0,1,0.2039024167232092,47
961,1,1285,747,538,0,0,0,1.0,1,1.0,1,1.0,1,0.21218473806181648,45
962,0,1285,747,538,0,0,0,1.0,1,1.0,1,1.0,1,0.20262450476486965,45
963,2,1287,748,539,0,0,0,1.0,1,1.0,1,1.0,1,0.22047105017401866,44
964,0,1287,748,539,0,0,0,1.0,1,1.0,1,1.0,1,0.2132976816285143,44
965,1,1288,748,540,0,0,0,1.0,1,1.0,1,1.0,1,0.18718701525759734,45
966,1,1289,749,540,0,0,0,1.0,1,1.0,1,1.0,1,0.19340163442969635,43
967,1,1290,749,541,0,0,0,1.0,1,1.0,1,1.0,1,0.18447639854159484,43
968,0,1290,749,541,0,0,0,1.0,1,1.0,1,1.0,1,0.18367276316841563,43
969,1,1291,749,542,0,0,0,1.0,1,1.0,1,1.0,1,0.18458256587457017,42
970,2,1293,749,544,0,0,0,1.0,1,1.0,1,1.0,1,0.14721750530201239,42
971,1,1294,749,545,0,0,0,1.0,1,1.0,1,1.0,1,0.12274935157020742,42
972,1,1295,749,546,0,0,0,1.0,1,1.0,1,1.0,1,0.10738298298265936,42
973,1,1296,749,547,0,0,0,1.0,1,1.0,1,1.0,1,0.08471039793231293,43
974,0,1296,749,547,0,0,0,1.0,1,1.0,1,1.0,1,0.08471039793231293,43
975,0,1296,749,547,0,0,0,1.0,1,1.0,1,1.0,1,0.08884099377563065,43
976,0,1296,749,547,0,0,0,1.0,1,1.0,1,1.0,1,0.10329643958522652,45
977,0,1296,749,547,0,0,0,1.0,1,1.0,1,1.0,1,0.11844305166719625,44
978,0,1296,749,547,0,0,0,1.0,1,1.0,1,1.0,1,0.11844305166719625,44
979,1,1297,749,548,0,0,0,1.0,1,1.0,1,1.0,1,0.11916286098772472,45
980,1,1298,749,549,0,0,0,1.0,1,1.0,1,1.0,1,0.10522577814285797,45
981,0,1298,749,549,0,0,0,1.0,1,1.0,1,1.0,1,0.10522577814285797,45
982,3,1301,751,550,0,0,0,1.0,1,1.0,1,1.0,1,0.15994090816090614,46
983,1,1302,752,550,0,0,0,1.0,1,1.0,1,1.0,1,0.1754754491633213,45
984,1,1303,753,550,0,0,0,1.0,1,1.0,1,1.0,1,0.17654406875933434,45
985,6,1309,757,552,0,0,0,1.0,1,1.0,1,1.0,1,0.20202678104863184,45
986,1,1310,757,553,0,0,0,1.0,1,1.0,1,1.0,1,0.17647687135092724,44
987,2,1312,758,554,0,0,0,1.0,1,1.0,1,1.0,1,0.18847797572881067,45
988,3,1315,760,555,0,0,0,1.0,1,1.0,1,1.0,1,0.20802647131297072,44
989,1,1316,760,556,0,0,0,1.0,1,1.0,1,1.0,1,0.181669478899955,43
990,1,1317,761,556,0,0,0,1.0,1,1.0,1,1.0,1,0.1907164588345009,42
991,1,1318,761,557,0,0,0,1.0,1,1.0,1,1.0,1,0.15308937466104552,42
992,0,1318,761,557,0,0,0,1.0,1,1.0,1,1.0,1,0.151976618399258,43
993,0,1318,761,557,0,0,0,1.0,1,1.0,1,1.0,1,0.151976618399258,43
994,0,1318,761,557,0,0,0,1.0,1,1.0,1,1.0,1,0.1693764027823132,43
995,0,1318,761,557,0,0,0,1.0,1,1.0,1,1.0,1,0.12283834985692994,43
996,0,1318,761,557,0,0,0,1.0,1,1.0,1,1.0,1,0.13261553263154344,44
997,1,1319,762,557,0,0,0,1.0,1,1.0,1,1.0,1,0.17347172919617151,44
998,0,1319,762,557,0,0,0,1.0,1,1.0,1,1.0,1,0.18718117846382415,45
999,0,1319,762,557,0,0,0,1.0,1,1.0,1,1.0,1,0.1894708498139564,42
1000,0,1319,762,557,0,0,0,1.0,1,1.0,1,1.0,1,0.17880047233485344,43
1001,1,1320,762,558,0,0,0,1.0,1,1.0,1,1.0,1,0.14314506233492277,42
1002,0,1320,762,558,0,0,0,1.0,1,1.0,1,1.0,1,0.14178404270797162,43
1003,1,1321,762,559,0,0,0,1.0,1,1.0,1,1.0,1,0.1310390516270783,43
1004,1,1322,762,560,0,0,0,1.0,1,1.0,1,1.0,1,0.10751179038150234,43
1005,1,1323,762,561,0,0,0,1.0,1,1.0,1,1.0,1,0.10965231976993514,44
1006,1,1324,762,562,0,0,0,1.0,1,1.0,1,1.0,1,0.09166388473903428,46
1007,0,1324,762,562,0,0,0,1.0,1,1.0,1,1.0,1,0.09166388473903428,46
1008,0,1324,762,562,0,0,0,1.0,1,1.0,1,1.0,1,0.10382787250992614,47
1009,2,1326,764,562,0,0,0,1.0,1,1.0,1,1.0,1,0.10269646350902183,48
1010,1,1327,765,562,0,0,0,1.0,1,1.0,1,1.0,1,0.11840385011453355,48
1011,1,1328,766,562,0,0,0,1.0,1,1.0,1,1.0,1,0.13348494561912122,48
1012,3,1331,768,563,0,0,0,1.0,1,1.0,1,1.0,1,0.15936961815124404,49
1013,1,1332,769,563,0,0,0,1.0,1,1.0,1,1.0,1,0.16312194366607458,50
1014,1,1333,770,563,0,0,0,1.0,1,1.0,1,1.0,1,0.18455770296377877,50
1015,1,1334,770,564,0,0,0,1.0,1,1.0,1,1.0,1,0.17366096023591657,51
1016,2,1336,771,565,0,0,0,1.0,1,1.0,1,1.0,1,0.1572291860174549,51
1017,0,1336,771,565,0,0,0,1.0,1,1.0,1,1.0,1,0.16688598520887393,52
1018,1,1337,772,565,0,0,0,1.0,1,1.0,1,1.0,1,0.18383945263290397,52
1019,1,1338,772,566,0,0,0,1.0,1,1.0,1,1.0,1,0.18654582701630892,52
1020,0,1338,772,566,0,0,0,1.0,1,1.0,1,1.0,1,0.16223554808401622,53
1021,0,1338,772,566,0,0,0,1.0,1,1.0,1,1.0,1,0.16833364363888267,53
1022,0,1338,772,566,0,0,0,1.0,1,1.0,1,1.0,1,0.1603534514978437,54
1023,2,1340,772,568,0,0,0,1.0,1,1.0,1,1.0,1,0.10926221952357938,55
1024,1,1341,772,569,0,0,0,1.0,1,1.0,1,1.0,1,0.10853383187370562,55
1025,1,1342,772,570,0,0,0,1.0,1,1.0,1,1.0,1,0.09370306155539772,56
1026,0,1342,772,570,0,0,0,1.0,1,1.0,1,1.0,1,0.10284099765435616,57
1027,0,1342,772,570,0,0,0,1.0,1,1.0,1,1.0,1,0.0825334882824449,58
1028,3,1345,774,571,0,0,0,1.0,1,1.0,1,1.0,1,0.10847600956560298,58
1029,3,1348,775,573,0,0,0,1.0,1,1.0,1,1.0,1,0.1053081243323817,59
1030,0,1348,775,573,0,0,0,1.0,1,1.0,1,1.0,1,0.10037469392271176,60
1031,1,1349,776,573,0,0,0,1.0,1,1.0,1,1.0,1,0.12557087712990458,60
1032,0,1349,776,573,0,0,0,1.0,1,1.0,1,1.0,1,0.1329028679518437,61
1033,0,1349,776,573,0,0,0,1.0,1,1.0,1,1.0,1,0.13894996341153512,60
1034,4,1353,779,574,0,0,0,1.0,1,1.0,1,1.0,1,0.12617851371759709,60
1035,2,1355,781,574,0,0,0,1.0,1,1.0,1,1.0,1,0.1657504333055672,59
1036,5,1360,783,577,0,0,0,1.0,1,1.0,1,1.0,1,0.12866021884812878,60
1037,4,1364,786,578,0,0,0,1.0,1,1.0,1,1.0,1,0.15340568709904184,59
1038,2,1366,787,579,0,0,0,1.0,1,1.0,1,1.0,1,0.1451775776945822,60
1039,7,1373,790,583,0,0,0,1.0,1,1.0,1,1.0,1,0.12705138399341012,60
1040,1,1374,791,583,0,0,0,1.0,1,1.0,1,1.0,1,0.13746837987903943,58
1041,2,1376,792,584,0,0,0,1.0,1,1.0,1,1.0,1,0.12345831618891799,56
1042,1,1377,792,585,0,0,0,1.0,1,1.0,1,1.0,1,0.10799219838384427,55
1043,1,1378,792,586,0,0,0,1.0,1,1.0,1,1.0,1,0.08461702084997834,55
1044,0,1378,792,586,0,0,0,1.0,1,1.0,1,1.0,1,0.06296523110410968,52
1045,0,1378,792,586,0,0,0,1.0,1,1.0,1,1.0,1,0.04230844352300639,52
1046,3,1381,793,588,0,0,0,1.0,1,1.0,1,1.0,1,0.056203645457927096,53
1047,1,1382,794,588,0,0,0,1.0,1,1.0,1,1.0,1,0.04372542411802993,54
1048,2,1384,795,589,0,0,0,1.0,1,1.0,1,1.0,1,0.059719266098628515,56
1049,2,1386,797,589,0,0,0,1.0,1,1.0,1,1.0,1,0.06766903938070666,55
1050,0,1386,797,589,0,0,0,1.0,1,1.0,1,1.0,1,0.06716843069969862,56
1051,0,1386,797,589,0,0,0,1.0,1,1.0,1,1.0,1,0.054521093889192296,55
1052,0,1386,797,589,0,0,0,1.0,1,1.0,1,1.0,1,0.07132258121686595,56
1053,1,1387,798,589,0,0,0,1.0,1,1.0,1,1.0,1,0.08593770873068281,56
1054,2,1389,799,590,0,0,0,1.0,1,1.0,1,1.0,1,0.05871482319130041,57
1055,1,1390,799,591,0,0,0,1.0,1,1.0,1,1.0,1,0.0218819781767749,58
1056,0,1390,799,591,0,0,0,1.0,1,1.0,1,1.0,1,0.03336288372217313,59
1057,1,1391,799,592,0,0,0,1.0,1,1.0,1,1.0,1,0.041286793934907355,60
1058,1,1392,800,592,0,0,0,1.0,1,1.0,1,1.0,1,0.07374965171425525,60
1059,1,1393,801,592,0,0,0,1.0,1,1.0,1,1.0,1,0.08660401167287503,60
1060,1,1394,802,592,0,0,0,1.0,1,1.0,1,1.0,1,0.10518100320577749,60
1061,5,1399,806,593,0,0,0,1.0,1,1.0,1,1.0,1,0.1009934379886758,59
1062,0,1399,806,593,0,0,0,1.0,1,1.0,1,1.0,1,0.10163184913674503,59
1063,3,1402,807,595,0,0,0,1.0,1,1.0,1,1.0,1,0.10176213810855696,58
1064,3,1405,809,596,0,0,0,1.0,1,1.0,1,1.0,1,0.14755139963337896,58
1065,2,1407,809,598,0,0,0,1.0,1,1.0,1,1.0,1,0.10875350182645893,60
1066,2,1409,809,600,0,0,0,1.0,1,1.0,1,1.0,1,0.10867182120901975,58
1067,0,1409,809,600,0,0,0,1.0,1,1.0,1,1.0,1,0.16208793237784086,59
1068,0,1409,809,600,0,0,0,1.0,1,1.0,1,1.0,1,0.16208793237784086,59
1069,3,1412,809,603,0,0,0,1.0,1,1.0,1,1.0,1,0.16009996596300077,58
1070,3,1415,809,606,0,0,0,1.0,1,1.0,1,1.0,1,0.12210179369831115,58
1071,0,1415,809,606,0,0,0,1.0,1,1.0,1,1.0,1,0.13639864608218302,57
1072,4,1419,810,609,0,0,0,1.0,1,1.0,1,1.0,1,0.1198645727382753,56
1073,1,1420,811,609,0,0,0,1.0,1,1.0,1,1.0,1,0.1393775915038169,54
1074,2,1422,812,610,0,0,0,1.0,1,1.0,1,1.0,1,0.1446748517324012,54
1075,3,1425,813,612,0,0,0,1.0,1,1.0,1,1.0,1,0.10497024087639714,51
1076,3,1428,815,613,0,0,0,1.0,1,1.0,1,1.0,1,0.1228646495668271,51
1077,2,1430,817,613,0,0,0,1.0,1,1.0,1,1.0,1,0.1346548213984546,51
1078,1,1431,817,614,0,0,0,1.0,1,1.0,1,1.0,1,0.1365697044178122,52
1079,4,1435,821,614,0,0,0,1.0,1,1.0,1,1.0,1,0.17773655930645493,51
1080,2,1437,823,614,0,0,0,1.0,1,1.0,1,1.0,1,0.20503590288243154,51
1081,2,1439,824,615,0,0,0,1.0,1,1.0,1,1.0,1,0.22028035003515462,48
1082,1,1440,825,615,0,0,0,1.0,1,1.0,1,1.0,1,0.2371535150755796,47
1083,4,1444,826,618,0,0,0,1.0,1,1.0,1,1.0,1,0.23250616028063875,46
1084,1,1445,826,619,0,0,0,1.0,1,1.0,1,1.0,1,0.21258115446474818,45
1085,1,1446,826,620,0,0,0,1.0,1,1.0,1,1.0,1,0.18319497883678237,46
1086,1,1447,826,621,0,0,0,1.0,1,1.0,1,1.0,1,0.16610679373377019,45
1087,1,1448,826,622,0,0,0,1.0,1,1.0,1,1.0,1,0.18258759220026616,44
1088,1,1449,826,623,0,0,0,1.0,1,1.0,1,1.0,1,0.16320447438341815,45
1089,0,1449,826,623,0,0,0,1.0,1,1.0,1,1.0,1,0.181081244746644,46
1090,0,1449,826,623,0,0,0,1.0,1,1.0,1,1.0,1,0.18207017460228858,47
1091,1,1450,827,623,0,0,0,1.0,1,1.0,1,1.0,1,0.17138093758088555,47
1092,0,1450,827,623,0,0,0,1.0,1,1.0,1,1.0,1,0.16187156014153847,48
1093,2,1452,828,624,0,0,0,1.0,1,1.0,1,1.0,1,0.14975980085240737,48
1094,4,1456,830,626,0,0,0,1.0,1,1.0,1,1.0,1,0.18035795274265584,48
1095,1,1457,830,627,0,0,0,1.0,1,1.0,1,1.0,1,0.18953732351684696,49
1096,3,1460,831,629,0,0,0,1.0,1,1.0,1,1.0,1,0.19072428457846854,49
1097,3,1463,832,631,0,0,0,1.0,1,1.0,1,1.0,1,0.19091950212344366,50
1098,1,1464,832,632,0,0,0,1.0,1,1.0,1,1.0,1,0.18647552083776633,51
1099,3,1467,832,635,0,0,0,1.0,1,1.0,1,1.0,1,0.13490002635604398,54
1100,0,1467,832,635,0,0,0,1.0,1,1.0,1,1.0,1,0.13490002635604398,54
1101,0,1467,832,635,0,0,0,1.0,1,1.0,1,1.0,1,0.13490002635604398,54
1102,2,1469,832,637,0,0,0,1.0,1,1.0,1,1.0,1,0.09600380294928744,54
1103,0,1469,832,637,0,0,0,1.0,1,1.0,1,1.0,1,0.10566581636789982,53
1104,2,1471,833,638,0,0,0,1.0,1,1.0,1,1.0,1,0.11299125360353045,53
1105,2,1473,833,640,0,0,0,1.0,1,1.0,1,1.0,1,0.08929613564150188,52
1106,1,1474,833,641,0,0,0,1.0,1,1.0,1,1.0,1,0.11482505728703941,52
1107,0,1474,833,641,0,0,0,1.0,1,1.0,1,1.0,1,0.13772407120924374,52
1108,3,1477,833,644,0,0,0,1.0,1,1.0,1,1.0,1,0.10173926598769881,51
1109,1,1478,834,644,0,0,0,1.0,1,1.0,1,1.0,1,0.14539165260172884,49
1110,0,1478,834,644,0,0,0,1.0,1,1.0,1,1.0,1,0.15621975634665128,48
1111,2,1480,835,645,0,0,0,1.0,1,1.0,1,1.0,1,0.2082445762941171,47
1112,4,1484,836,648,0,0,0,1.0,1,1.0,1,1.0,1,0.23712177792838324,46
1113,2,1486,837,649,0,0,0,1.0,1,1.0,1,1.0,1,0.25368902069855365,43
1114,1,1487,837,650,0,0,0,1.0,1,1.0,1,1.0,1,0.25744436686289857,41
1115,1,1488,838,650,0,0,0,1.0,1,1.0,1,1.0,1,0.24097648688384746,40
1116,1,1489,838,651,0,0,0,1.0,1,1.0,1,1.0,1,0.2184046951417793,39
1117,2,1491,840,651,0,0,0,1.0,1,1.0,1,1.0,1,0.21515078489313894,40
1118,0,1491,840,651,0,0,0,1.0,1,1.0,1,1.0,1,0.2171855480418305,40
1119,0,1491,840,651,0,0,0,1.0,1,1.0,1,1.0,1,0.2171855480418305,40
1120,0,1491,840,651,0,0,0,1.0,1,1.0,1,1.0,1,0.2171855480418305,40
1121,2,1493,842,651,0,0,0,1.0,1,1.0,1,1.0,1,0.25395900035343727,40
1122,0,1493,842,651,0,0,0,1.0,1,1.0,1,1.0,1,0.258293875414581,41
1123,3,1496,844,652,0,0,0,1.0,1,1.0,1,1.0,1,0.31208082739485504,41
1124,2,1498,844,654,0,0,0,1.0,1,1.0,1,1.0,1,0.28087110886376415,41
1125,2,1500,845,655,0,0,0,1.0,1,1.0,1,1.0,1,0.3108997029630415,41
1126,4,1504,845,659,0,0,0,1.0,1,1.0,1,1.0,1,0.23664628321050638,41
1127,1,1505,845,660,0,0,0,1.0,1,1.0,1,1.0,1,0.2283724660017412,41
1128,0,1505,845,660,0,0,0,1.0,1,1.0,1,1.0,1,0.24301004539881416,42
1129,2,1507,846,661,0,0,0,1.0,1,1.0,1,1.0,1,0.24747351467524142,42
1130,0,1507,846,661,0,0,0,1.0,1,1.0,1,1.0,1,0.24747351467524142,42
1131,0,1507,846,661,0,0,0,1.0,1,1.0,1,1.0,1,0.24747351467524142,42
1132,2,1509,846,663,0,0,0,1.0,1,1.0,1,1.0,1,0.1886894344463547,43
1133,1,1510,846,664,0,0,0,1.0,1,1.0,1,1.0,1,0.17292295447286243,45
1134,0,1510,846,664,0,0,0,1.0,1,1.0,1,1.0,1,0.18107039014032042,46
1135,0,1510,846,664,0,0,0,1.0,1,1.0,1,1.0,1,0.19468284799994115,45
1136,0,1510,846,664,0,0,0,1.0,1,1.0,1,1.0,1,0.19625113994438254,48
1137,0,1510,846,664,0,0,0,1.0,1,1.0,1,1.0,1,0.2055607462034161,49
1138,4,1514,846,668,0,0,0,1.0,1,1.0,1,1.0,1,0.1527435328448429,49
1139,1,1515,846,669,0,0,0,1.0,1,1.0,1,1.0,1,0.17696706149438643,49
1140,0,1515,846,669,0,0,0,1.0,1,1.0,1,1.0,1,0.17696706149438643,49
1141,4,1519,847,672,0,0,0,1.0,1,1.0,1,1.0,1,0.19064068620035934,48
1142,1,1520,848,672,0,0,0,1.0,1,1.0,1,1.0,1,0.17769739172279228,48
1143,5,1525,850,675,0,0,0,1.0,1,1.0,1,1.0,1,0.1760393309543981,48
1144,2,1527,850,677,0,0,0,1.0,1,1.0,1,1.0,1,0.14413551924085294,48
1145,2,1529,850,679,0,0,0,1.0,1,1.0,1,1.0,1,0.1506566657295142,48
1146,0,1529,850,679,0,0,0,1.0,1,1.0,1,1.0,1,0.16906265291253106,48
1147,3,1532,850,682,0,0,0,1.0,1,1.0,1,1.0,1,0.1545800960781584,46
1148,0,1532,850,682,0,0,0,1.0,1,1.0,1,1.0,1,0.1545800960781584,46
1149,1,1533,850,683,0,0,0,1.0,1,1.0,1,1.0,1,0.18119052923119822,45
1150,2,1535,850,685,0,0,0,1.0,1,1.0,1,1.0,1,0.1776583200838806,46
1151,2,1537,852,685,0,0,0,1.0,1,1.0,1,1.0,1,0.21308308127880554,44
1152,0,1537,852,685,0,0,0,1.0,1,1.0,1,1.0,1,0.18773467174965672,44
1153,3,1540,855,685,0,0,0,1.0,1,1.0,1,1.0,1,0.26234648164115776,43
1154,2,1542,855,687,0,0,0,1.0,1,1.0,1,1.0,1,0.228425276655651,43
1155,2,1544,856,688,0,0,0,1.0,1,1.0,1,1.0,1,0.25294722799348757,43
1156,2,1546,856,690,0,0,0,1.0,1,1.0,1,1.0,1,0.21385421591630935,42
1157,0,1546,856,690,0,0,0,1.0,1,1.0,1,1.0,1,0.21515894239679123,42
1158,0,1546,856,690,0,0,0,1.0,1,1.0,1,1.0,1,0.202244030283797,41
1159,0,1546,856,690,0,0,0,1.0,1,1.0,1,1.0,1,0.2016365925438717,41
1160,0,1546,856,690,0,0,0,1.0,1,1.0,1,1.0,1,0.2016365925438717,41
1161,1,1547,856,691,0,0,0,1.0,1,1.0,1,1.0,1,0.18988543305594313,42
1162,0,1547,856,691,0,0,0,1.0,1,1.0,1,1.0,1,0.17940049808771777,43
1163,0,1547,856,691,0,0,0,1.0,1,1.0,1,1.0,1,0.17940049808771777,43
1164,0,1547,856,691,0,0,0,1.0,1,1.0,1,1.0,1,0.1645030042090087,44
1165,0,1547,856,691,0,0,0,1.0,1,1.0,1,1.0,1,0.1645030042090087,44
1166,3,1550,857,693,0,0,0,1.0,1,1.0,1,1.0,1,0.13521160433485296,46
1167,2,1552,858,694,0,0,0,1.0,1,1.0,1,1.0,1,0.13639029158822136,46
1168,2,1554,858,696,0,0,0,1.0,1,1.0,1,1.0,1,0.10712304923282227,47
1169,0,1554,858,696,0,0,0,1.0,1,1.0,1,1.0,1,0.08973091986277765,46
1170,0,1554,858,696,0,0,0,1.0,1,1.0,1,1.0,1,0.09390605650123182,48
1171,1,1555,859,696,0,0,0,1.0,1,1.0,1,1.0,1,0.1211716568150538,49
1172,0,1555,859,696,0,0,0,1.0,1,1.0,1,1.0,1,0.1211716568150538,49
1173,0,1555,859,696,0,0,0,1.0,1,1.0,1,1.0,1,0.1211716568150538,49
1174,1,1556,860,696,0,0,0,1.0,1,1.0,1,1.0,1,0.14272988008734336,49
1175,0,1556,860,696,0,0,0,1.0,1,1.0,1,1.0,1,0.1506452923805236,50
1176,3,1559,860,699,0,0,0,1.0,1,1.0,1,1.0,1,0.13762672204974524,52
1177,4,1563,862,701,0,0,0,1.0,1,1.0,1,1.0,1,0.14930310928079799,52
1178,0,1563,862,701,0,0,0,1.0,1,1.0,1,1.0,1,0.14930310928079799,52
1179,0,1563,862,701,0,0,0,1.0,1,1.0,1,1.0,1,0.1300402395326287,53
1180,1,1564,863,701,0,0,0,1.0,1,1.0,1,1.0,1,0.1398257693251717,54
1181,0,1564,863,701,0,0,0,1.0,1,1.0,1,1.0,1,0.14986565499007468,55
1182,0,1564,863,701,0,0,0,1.0,1,1.0,1,1.0,1,0.14986565499007468,55
1183,1,1565,864,701,0,0,0,1.0,1,1.0,1,1.0,1,0.18386024247490795,53
1184,2,1567,865,702,0,0,0,1.0,1,1.0,1,1.0,1,0.17935261267064798,54
1185,0,1567,865,702,0,0,0,1.0,1,1.0,1,1.0,1,0.18861487745483957,53
1186,4,1571,866,705,0,0,0,1.0,1,1.0,1,1.0,1,0.19349934537208852,54
1187,2,1573,867,706,0,0,0,1.0,1,1.0,1,1.0,1,0.22602670443105866,55
1188,1,1574,867,707,0,0,0,1.0,1,1.0,1,1.0,1,0.21422764680151724,55
1189,0,1574,867,707,0,0,0,1.0,1,1.0,1,1.0,1,0.2142312616096745,54
1190,0,1574,867,707,0,0,0,1.0,1,1.0,1,1.0,1,0.20329896295679958,55
1191,2,1576,867,709,0,0,0,1.0,1,1.0,1,1.0,1,0.18248051768694162,54
1192,2,1578,867,711,0,0,0,1.0,1,1.0,1,1.0,1,0.15593166638438824,52
1193,0,1578,867,711,0,0,0,1.0,1,1.0,1,1.0,1,0.15750734682375844,53
1194,2,1580,867,713,0,0,0,1.0,1,1.0,1,1.0,1,0.13628838108108568,53
1195,1,1581,867,714,0,0,0,1.0,1,1.0,1,1.0,1,0.11194788489940483,54
1196,1,1582,867,715,0,0,0,1.0,1,1.0,1,1.0,1,0.11831244499816806,56
1197,2,1584,868,716,0,0,0,1.0,1,1.0,1,1.0,1,0.1049311326249404,56
1198,2,1586,869,717,0,0,0,1.0,1,1.0,1,1.0,1,0.08394114522544358,58
1199,1,1587,870,717,0,0,0,1.0,1,1.0,1,1.0,1,0.08732114550894922,58
1200,0,1587,870,717,0,0,0,1.0,1,1.0,1,1.0,1,0.08732114550894922,58
1201,1,1588,871,717,0,0,0,1.0,1,1.0,1,1.0,1,0.10695834131015808,58
1202,0,1588,871,717,0,0,0,1.0,1,1.0,1,1.0,1,0.08774307799740146,60
1203,0,1588,871,717,0,0,0,1.0,1,1.0,1,1.0,1,0.09339781282612855,58
1204,2,1590,872,718,0,0,0,1.0,1,1.0,1,1.0,1,0.10805314079497075,59
1205,2,1592,873,719,0,0,0,1.0,1,1.0,1,1.0,1,0.12001054949259825,59
1206,1,1593,873,720,0,0,0,1.0,1,1.0,1,1.0,1,0.12520237508215568,58
1207,2,1595,873,722,0,0,0,1.0,1,1.0,1,1.0,1,0.1140050110896098,60
1208,0,1595,873,722,0,0,0,1.0,1,1.0,1,1.0,1,0.1140050110896098,60
1209,1,1596,873,723,0,0,0,1.0,1,1.0,1,1.0,1,0.11447426638871043,61
1210,1,1597,873,724,0,0,0,1.0,1,1.0,1,1.0,1,0.10734021289303179,61
1211,1,1598,873,725,0,0,0,1.0,1,1.0,1,1.0,1,0.08635033395587915,63
1212,0,1598,873,725,0,0,0,1.0,1,1.0,1,1.0,1,0.08635033395587915,63
1213,0,1598,873,725,0,0,0,1.0,1,1.0,1,1.0,1,0.08635033395587915,63
1214,3,1601,875,726,0,0,0,1.0,1,1.0,1,1.0,1,0.1526626450937901,62
1215,1,1602,875,727,0,0,0,1.0,1,1.0,1,1.0,1,0.1410677477465439,63
1216,4,1606,876,730,0,0,0,1.0,1,1.0,1,1.0,1,0.16194499749953822,64
1217,1,1607,876,731,0,0,0,1.0,1,1.0,1,1.0,1,0.1539389658122025,65
1218,1,1608,876,732,0,0,0,1.0,1,1.0,1,1.0,1,0.16084999664308022,64
1219,3,1611,876,735,0,0,0,1.0,1,1.0,1,1.0,1,0.14697427857944245,65
1220,1,1612,876,736,0,0,0,1.0,1,1.0,1,1.0,1,0.14847937348387247,64
1221,1,1613,876,737,0,0,0,1.0,1,1.0,1,1.0,1,0.1423195474770137,65
1222,2,1615,876,739,0,0,0,1.0,1,1.0,1,1.0,1,0.11856408818907316,66
1223,0,1615,876,739,0,0,0,1.0,1,1.0,1,1.0,1,0.12805766806999797,64
1224,1,1616,877,739,0,0,0,1.0,1,1.0,1,1.0,1,0.11567791565513802,66
1225,3,1619,878,741,0,0,0,1.0,1,1.0,1,1.0,1,0.1312537065530494,66
1226,3,1622,879,743,0,0,0,1.0,1,1.0,1,1.0,1,0.14624189634276788,68
1227,1,1623,880,743,0,0,0,1.0,1,1.0,1,1.0,1,0.14171414421440975,64
1228,3,1626,880,746,0,0,0,1.0,1,1.0,1,1.0,1,0.1328252249776341,62
1229,1,1627,880,747,0,0,0,1.0,1,1.0,1,1.0,1,0.11243972635916602,61
1230,0,1627,880,747,0,0,0,1.0,1,1.0,1,1.0,1,0.12092741217529818,58
1231,0,1627,880,747,0,0,0,1.0,1,1.0,1,1.0,1,0.1123447192192666,57
1232,1,1628,881,747,0,0,0,1.0,1,1.0,1,1.0,1,0.16398960176317268,53
1233,1,1629,882,747,0,0,0,1.0,1,1.0,1,1.0,1,0.171403122224837,53
1234,1,1630,882,748,0,0,0,1.0,1,1.0,1,1.0,1,0.13616120732381176,54
1235,0,1630,882,748,0,0,0,1.0,1,1.0,1,1.0,1,0.15959186581169038,55
1236,2,1632,884,748,0,0,0,1.0,1,1.0,1,1.0,1,0.18641293566317194,55
1237,2,1634,884,750,0,0,0,1.0,1,1.0,1,1.0,1,0.16093603086776317,55
1238,1,1635,885,750,0,0,0,1.0,1,1.0,1,1.0,1,0.1638291790371221,54
1239,1,1636,885,751,0,0,0,1.0,1,1.0,1,1.0,1,0.15494341633805345,55
1240,2,1638,886,752,0,0,0,1.0,1,1.0,1,1.0,1,0.14252565746021453,55
1241,0,1638,886,752,0,0,0,1.0,1,1.0,1,1.0,1,0.1279880240677201,54
1242,0,1638,886,752,0,0,0,1.0,1,1.0,1,1.0,1,0.13173656764993547,54
1243,0,1638,886,752,0,0,0,1.0,1,1.0,1,1.0,1,0.13444285294890562,55
1244,2,1640,886,754,0,0,0,1.0,1,1.0,1,1.0,1,0.12650899783455763,55
1245,1,1641,887,754,0,0,0,1.0,1,1.0,1,1.0,1,0.14901198408643654,55
1246,2,1643,887,756,0,0,0,1.0,1,1.0,1,1.0,1,0.15109910763586415,55
1247,3,1646,888,758,0,0,0,1.0,1,1.0,1,1.0,1,0.17162322208245176,57
1248,1,1647,888,759,0,0,0,1.0,1,1.0,1,1.0,1,0.17137075604155774,56
1249,6,1653,890,763,0,0,0,1.0,1,1.0,1,1.0,1,0.20126480528981588,56
1250,1,1654,891,763,0,0,0,1.0,1,1.0,1,1.0,1,0.19231675697326328,56
1251,3,1657,891,766,0,0,0,1.0,1,1.0,1,1.0,1,0.16646056279153684,58
1252,4,1661,891,770,0,0,0,1.0,1,1.0,1,1.0,1,0.13014436426249495,58
1253,3,1664,893,771,0,0,0,1.0,1,1.0,1,1.0,1,0.14775329435617954,58
1254,0,1664,893,771,0,0,0,1.0,1,1.0,1,1.0,1,0.12322340978259025,60
1255,0,1664,893,771,0,0,0,1.0,1,1.0,1,1.0,1,0.1320317932335946,61
1256,0,1664,893,771,0,0,0,1.0,1,1.0,1,1.0,1,0.1320317932335946,61
1257,1,1665,894,771,0,0,0,1.0,1,1.0,1,1.0,1,0.1590978753330132,62
1258,3,1668,894,774,0,0,0,1.0,1,1.0,1,1.0,1,0.14685660271982862,63
1259,0,1668,894,774,0,0,0,1.0,1,1.0,1,1.0,1,0.14685660271982862,63
1260,1,1669,894,775,0,0,0,1.0,1,1.0,1,1.0,1,0.13078364431439266,63
1261,0,1669,894,775,0,0,0,1.0,1,1.0,1,1.0,1,0.13078364431439266,63
1262,2,1671,894,777,0,0,0,1.0,1,1.0,1,1.0,1,0.12309500750400104,64
1263,2,1673,895,778,0,0,0,1.0,1,1.0,1,1.0,1,0.14945592436925023,63
1264,3,1676,895,781,0,0,0,1.0,1,1.0,1,1.0,1,0.11073775922192367,63
1265,2,1678,897,781,0,0,0,1.0,1,1.0,1,1.0,1,0.15789960585853371,60
1266,1,1679,897,782,0,0,0,1.0,1,1.0,1,1.0,1,0.1531230169826156,61
1267,3,1682,898,784,0,0,0,1.0,1,1.0,1,1.0,1,0.1280185217181626,58
1268,1,1683,899,784,0,0,0,1.0,1,1.0,1,1.0,1,0.1667013045716607,54
1269,1,1684,899,785,0,0,0,1.0,1,1.0,1,1.0,1,0.13434372372834658,54
1270,1,1685,899,786,0,0,0,1.0,1,1.0,1,1.0,1,0.11003579332996266,51
1271,0,1685,899,786,0,0,0,1.0,1,1.0,1,1.0,1,0.12623501484794802,50
1272,0,1685,899,786,0,0,0,1.0,1,1.0,1,1.0,1,0.14254601508995202,47
1273,0,1685,899,786,0,0,0,1.0,1,1.0,1,1.0,1,0.14254601508995202,47
1274,1,1686,899,787,0,0,0,1.0,1,1.0,1,1.0,1,0.1529545941994037,49
1275,3,1689,901,788,0,0,0,1.0,1,1.0,1,1.0,1,0.1728404810619799,48
1276,4,1693,902,791,0,0,0,1.0,1,1.0,1,1.0,1,0.18090570041781395,49
1277,4,1697,905,792,0,0,0,1.0,1,1.0,1,1.0,1,0.18516363306614633,50
1278,1,1698,905,793,0,0,0,1.0,1,1.0,1,1.0,1,0.18250033065928578,51
1279,3,1701,905,796,0,0,0,1.0,1,1.0,1,1.0,1,0.1548351517234751,51
1280,2,1703,905,798,0,0,0,1.0,1,1.0,1,1.0,1,0.1278404789192703,52
1281,1,1704,906,798,0,0,0,1.0,1,1.0,1,1.0,1,0.1373494960689402,52
1282,1,1705,906,799,0,0,0,1.0,1,1.0,1,1.0,1,0.12996368752055817,52
1283,1,1706,907,799,0,0,0,1.0,1,1.0,1,1.0,1,0.1664858152272948,52
1284,3,1709,908,801,0,0,0,1.0,1,1.0,1,1.0,1,0.17536453687917675,52
1285,3,1712,908,804,0,0,0,1.0,1,1.0,1,1.0,1,0.1759086465067947,51
1286,1,1713,908,805,0,0,0,1.0,1,1.0,1,1.0,1,0.17575532825565615,52
1287,2,1715,909,806,0,0,0,1.0,1,1.0,1,1.0,1,0.19190292145607143,54
1288,4,1719,909,810,0,0,0,1.0,1,1.0,1,1.0,1,0.15737199750510464,55
1289,2,1721,909,812,0,0,0,1.0,1,1.0,1,1.0,1,0.13072287552347361,56
1290,0,1721,909,812,0,0,0,1.0,1,1.0,1,1.0,1,0.11065936912098744,57
1291,1,1722,909,813,0,0,0,1.0,1,1.0,1,1.0,1,0.1149749382347577,58
1292,0,1722,909,813,0,0,0,1.0,1,1.0,1,1.0,1,0.1086327137783557,59
1293,1,1723,909,814,0,0,0,1.0,1,1.0,1,1.0,1,0.10156463239054564,59
1294,2,1725,910,815,0,0,0,1.0,1,1.0,1,1.0,1,0.08218672295407303,59
1295,0,1725,910,815,0,0,0,1.0,1,1.0,1,1.0,1,0.08218672295407303,59
1296,0,1725,910,815,0,0,0,1.0,1,1.0,1,1.0,1,0.11029142748827145,59
1297,1,1726,910,816,0,0,0,1.0,1,1.0,1,1.0,1,0.10523075454535397,61
1298,1,1727,910,817,0,0,0,1.0,1,1.0,1,1.0,1,0.11680587595892589,61
1299,1,1728,910,818,0,0,0,1.0,1,1.0,1,1.0,1,0.11976190210631997,60
1300,2,1730,910,820,0,0,0,1.0,1,1.0,1,1.0,1,0.1022789705714751,59
1301,3,1733,911,822,0,0,0,1.0,1,1.0,1,1.0,1,0.1311762611165625,59
1302,0,1733,911,822,0,0,0,1.0,1,1.0,1,1.0,1,0.1311762611165625,59
1303,3,1736,913,823,0,0,0,1.0,1,1.0,1,1.0,1,0.16298626896427154,55
1304,1,1737,914,823,0,0,0,1.0,1,1.0,1,1.0,1,0.13899998645456238,56
1305,1,1738,915,823,0,0,0,1.0,1,1.0,1,1.0,1,0.16650043883849241,54
1306,2,1740,916,824,0,0,0,1.0,1,1.0,1,1.0,1,0.13547049723285765,53
1307,3,1743,918,825,0,0,0,1.0,1,1.0,1,1.0,1,0.14234725404029416,52
1308,2,1745,920,825,0,0,0,1.0,1,1.0,1,1.0,1,0.20347286980245127,52
1309,6,1751,921,830,0,0,0,1.0,1,1.0,1,1.0,1,0.1813552881118264,54
1310,1,1752,922,830,0,0,0,1.0,1,1.0,1,1.0,1,0.2019644702775817,52
1311,1,1753,922,831,0,0,0,1.0,1,1.0,1,1.0,1,0.1808980114839561,51
1312,2,1755,923,832,0,0,0,1.0,1,1.0,1,1.0,1,0.21378140340456897,49
1313,0,1755,923,832,0,0,0,1.0,1,1.0,1,1.0,1,0.21455948008503917,47
1314,1,1756,923,833,0,0,0,1.0,1,1.0,1,1.0,1,0.18986710970243348,46
1315,0,1756,923,833,0,0,0,1.0,1,1.0,1,1.0,1,0.20088935764928467,45
1316,1,1757,923,834,0,0,0,1.0,1,1.0,1,1.0,1,0.17827487214648566,46
1317,1,1758,923,835,0,0,0,1.0,1,1.0,1,1.0,1,0.1530278701564725,45
1318,1,1759,923,836,0,0,0,1.0,1,1.0,1,1.0,1,0.15416214421127258,46
1319,1,1760,923,837,0,0,0,1.0,1,1.0,1,1.0,1,0.14327287320787166,46
1320,0,1760,923,837,0,0,0,1.0,1,1.0,1,1.0,1,0.14327287320787166,46
1321,1,1761,923,838,0,0,0,1.0,1,1.0,1,1.0,1,0.10910545146401873,48
1322,0,1761,923,838,0,0,0,1.0,1,1.0,1,1.0,1,0.12299329438901598,49
1323,1,1762,923,839,0,0,0,1.0,1,1.0,1,1.0,1,0.1178759106179325,49
1324,1,1763,923,840,0,0,0,1.0,1,1.0,1,1.0,1,0.12258666994644356,50
1325,1,1764,923,841,0,0,0,1.0,1,1.0,1,1.0,1,0.12969687714470332,49
1326,2,1766,924,842,0,0,0,1.0,1,1.0,1,1.0,1,0.17531379384338278,50
1327,5,1771,925,846,0,0,0,1.0,1,1.0,1,1.0,1,0.15756684257792253,50
1328,0,1771,925,846,0,0,0,1.0,1,1.0,1,1.0,1,0.17564856882056434,49
1329,1,1772,925,847,0,0,0,1.0,1,1.0,1,1.0,1,0.16412840258757883,50
1330,2,1774,925,849,0,0,0,1.0,1,1.0,1,1.0,1,0.14312129950430075,50
1331,1,1775,926,849,0,0,0,1.0,1,1.0,1,1.0,1,0.17134226194456337,50
1332,0,1775,926,849,0,0,0,1.0,1,1.0,1,1.0,1,0.16502056326826728,51
1333,2,1777,926,851,0,0,0,1.0,1,1.0,1,1.0,1,0.15052422502332183,52
1334,3,1780,926,854,0,0,0,1.0,1,1.0,1,1.0,1,0.12902405911363432,54
1335,1,1781,926,855,0,0,0,1.0,1,1.0,1,1.0,1,0.12079121725075442,54
1336,1,1782,926,856,0,0,0,1.0,1,1.0,1,1.0,1,0.09985651674944408,56
1337,3,1785,928,857,0,0,0,1.0,1,1.0,1,1.0,1,0.1682304698460935,57
1338,1,1786,928,858,0,0,0,1.0,1,1.0,1,1.0,1,0.1603513687351103,57
1339,5,1791,930,861,0,0,0,1.0,1,1.0,1,1.0,1,0.1819581926158033,58
1340,1,1792,930,862,0,0,0,1.0,1,1.0,1,1.0,1,0.18639820290280723,59
1341,0,1792,930,862,0,0,0,1.0,1,1.0,1,1.0,1,0.16385286172954808,57
1342,0,1792,930,862,0,0,0,1.0,1,1.0,1,1.0,1,0.1498396660464949,57
1343,0,1792,930,862,0,0,0,1.0,1,1.0,1,1.0,1,0.1395819933793537,55
1344,0,1792,930,862,0,0,0,1.0,1,1.0,1,1.0,1,0.12804605063398333,54
1345,1,1793,930,863,0,0,0,1.0,1,1.0,1,1.0,1,0.1208194473722722,53
1346,0,1793,930,863,0,0,0,1.0,1,1.0,1,1.0,1,0.12670051107444627,53
1347,0,1793,930,863,0,0,0,1.0,1,1.0,1,1.0,1,0.1376151724602584,51
1348,1,1794,930,864,0,0,0,1.0,1,1.0,1,1.0,1,0.14632553988089864,52
1349,2,1796,932,864,0,0,0,1.0,1,1.0,1,1.0,1,0.18100646834242864,50
1350,1,1797,933,864,0,0,0,1.0,1,1.0,1,1.0,1,0.16653993572168035,51
1351,1,1798,933,865,0,0,0,1.0,1,1.0,1,1.0,1,0.16764838205633537,50
1352,2,1800,934,866,0,0,0,1.0,1,1.0,1,1.0,1,0.14414530724941885,50
1353,0,1800,934,866,0,0,0,1.0,1,1.0,1,1.0,1,0.14414530724941885,50
1354,3,1803,934,869,0,0,0,1.0,1,1.0,1,1.0,1,0.13748206127556128,51
1355,1,1804,935,869,0,0,0,1.0,1,1.0,1,1.0,1,0.10482047822989278,53
1356,2,1806,936,870,0,0,0,1.0,1,1.0,1,1.0,1,0.13692713327506814,52
1357,0,1806,936,870,0,0,0,1.0,1,1.0,1,1.0,1,0.1451739814566405,52
1358,2,1808,937,871,0,0,0,1.0,1,1.0,1,1.0,1,0.11242747784786017,53
1359,3,1811,939,872,0,0,0,1.0,1,1.0,1,1.0,1,0.1304120362276129,54
1360,1,1812,940,872,0,0,0,1.0,1,1.0,1,1.0,1,0.12477874102182338,55
1361,1,1813,941,872,0,0,0,1.0,1,1.0,1,1.0,1,0.13741706613852733,55
1362,0,1813,941,872,0,0,0,1.0,1,1.0,1,1.0,1,0.11959676982030075,56
1363,0,1813,941,872,0,0,0,1.0,1,1.0,1,1.0,1,0.11959676982030075,56
1364,1,1814,941,873,0,0,0,1.0,1,1.0,1,1.0,1,0.11120088128609554,55
1365,1,1815,941,874,0,0,0,1.0,1,1.0,1,1.0,1,0.1092885887463397,56
1366,2,1817,941,876,0,0,0,1.0,1,1.0,1,1.0,1,0.10359218724021886,57
1367,0,1817,941,876,0,0,0,1.0,1,1.0,1,1.0,1,0.10359218724021886,57
1368,1,1818,941,877,0,0,0,1.0,1,1.0,1,1.0,1,0.10861100972979144,58
1369,3,1821,943,878,0,0,0,1.0,1,1.0,1,1.0,1,0.1211423565681645,59
1370,4,1825,945,880,0,0,0,1.0,1,1.0,1,1.0,1,0.1004284114392126,60
1371,0,1825,945,880,0,0,0,1.0,1,1.0,1,1.0,1,0.09781622391411886,59
1372,3,1828,946,882,0,0,0,1.0,1,1.0,1,1.0,1,0.08161407272862992,59
1373,1,1829,947,882,0,0,0,1.0,1,1.0,1,1.0,1,0.095186204810538,59
1374,1,1830,948,882,0,0,0,1.0,1,1.0,1,1.0,1,0.10148282552176946,59
1375,4,1834,948,886,0,0,0,1.0,1,1.0,1,1.0,1,0.07769080512239117,62
1376,2,1836,949,887,0,0,0,1.0,1,1.0,1,1.0,1,0.10237357974391278,61
1377,1,1837,949,888,0,0,0,1.0,1,1.0,1,1.0,1,0.09976990481307293,63
1378,4,1841,951,890,0,0,0,1.0,1,1.0,1,1.0,1,0.13891019124764092,62
1379,6,1847,954,893,0,0,0,1.0,1,1.0,1,1.0,1,0.17481753818316417,61
1380,0,1847,954,893,0,0,0,1.0,1,1.0,1,1.0,1,0.1667634338283525,60
1381,4,1851,955,896,0,0,0,1.0,1,1.0,1,1.0,1,0.16988591442422415,58
1382,0,1851,955,896,0,0,0,1.0,1,1.0,1,1.0,1,0.15586969800857203,56
1383,1,1852,955,897,0,0,0,1.0,1,1.0,1,1.0,1,0.14411383504455044,57
1384,3,1855,955,900,0,0,0,1.0,1,1.0,1,1.0,1,0.09551199048312958,55
1385,0,1855,955,900,0,0,0,1.0,1,1.0,1,1.0,1,0.10644443593955465,55
1386,0,1855,955,900,0,0,0,1.0,1,1.0,1,1.0,1,0.09563259231938767,54
1387,0,1855,955,900,0,0,0,1.0,1,1.0,1,1.0,1,0.10200012142836982,53
1388,3,1858,957,901,0,0,0,1.0,1,1.0,1,1.0,1,0.12255085457817118,52
1389,0,1858,957,901,0,0,0,1.0,1,1.0,1,1.0,1,0.14688775794755868,52
1390,1,1859,957,902,0,0,0,1.0,1,1.0,1,1.0,1,0.14949899580506926,51
1391,1,1860,957,903,0,0,0,1.0,1,1.0,1,1.0,1,0.15064313529318712,52
1392,0,1860,957,903,0,0,0,1.0,1,1.0,1,1.0,1,0.14041157626233786,51
1393,1,1861,958,903,0,0,0,1.0,1,1.0,1,1.0,1,0.1618409101087176,51
1394,2,1863,958,905,0,0,0,1.0,1,1.0,1,1.0,1,0.1547017526719395,52
1395,0,1863,958,905,0,0,0,1.0,1,1.0,1,1.0,1,0.1547017526719395,52
1396,1,1864,958,906,0,0,0,1.0,1,1.0,1,1.0,1,0.1417271592430392,53
1397,0,1864,958,906,0,0,0,1.0,1,1.0,1,1.0,1,0.1453674841444762,56
1398,1,1865,959,906,0,0,0,1.0,1,1.0,1,1.0,1,0.13845173126380175,56
1399,3,1868,960,908,0,0,0,1.0,1,1.0,1,1.0,1,0.1241493013189103,57
1400,2,1870,962,908,0,0,0,1.0,1,1.0,1,1.0,1,0.13851006941346194,57
1401,0,1870,962,908,0,0,0,1.0,1,1.0,1,1.0,1,0.13851006941346194,57
1402,5,1875,966,909,0,0,0,1.0,1,1.0,1,1.0,1,0.18301173737709203,57
1403,3,1878,966,912,0,0,0,1.0,1,1.0,1,1.0,1,0.17194964751068267,56
1404,3,1881,968,913,0,0,0,1.0,1,1.0,1,1.0,1,0.16531916922647322,58
1405,5,1886,969,917,0,0,0,1.0,1,1.0,1,1.0,1,0.18867059756167284,58
1406,0,1886,969,917,0,0,0,1.0,1,1.0,1,1.0,1,0.18867059756167284,58
1407,0,1886,969,917,0,0,0,1.0,1,1.0,1,1.0,1,0.20890155323676274,57
1408,1,1887,969,918,0,0,0,1.0,1,1.0,1,1.0,1,0.2109925721440899,58
1409,0,1887,969,918,0,0,0,1.0,1,1.0,1,1.0,1,0.20559631711098864,57
1410,1,1888,970,918,0,0,0,1.0,1,1.0,1,1.0,1,0.21134508338361,57
1411,0,1888,970,918,0,0,0,1.0,1,1.0,1,1.0,1,0.22729372861735261,56
1412,0,1888,970,918,0,0,0,1.0,1,1.0,1,1.0,1,0.22699276050283837,55
1413,0,1888,970,918,0,0,0,1.0,1,1.0,1,1.0,1,0.22947958299829105,57
1414,0,1888,970,918,0,0,0,1.0,1,1.0,1,1.0,1,0.22947958299829105,57
1415,1,1889,971,918,0,0,0,1.0,1,1.0,1,1.0,1,0.24745409924411815,60
1416,1,1890,971,919,0,0,0,1.0,1,1.0,1,1.0,1,0.23598776572704308,61
1417,2,1892,971,921,0,0,0,1.0,1,1.0,1,1.0,1,0.19957924977191216,59
1418,2,1894,971,923,0,0,0,1.0,1,1.0,1,1.0,1,0.1827480467279825,60
1419,2,1896,972,924,0,0,0,1.0,1,1.0,1,1.0,1,0.1853840596028006,59
1420,1,1897,972,925,0,0,0,1.0,1,1.0,1,1.0,1,0.16556499957205692,58
1421,1,1898,972,926,0,0,0,1.0,1,1.0,1,1.0,1,0.14374202697731434,57
1422,0,1898,972,926,0,0,0,1.0,1,1.0,1,1.0,1,0.14374202697731434,57
1423,1,1899,972,927,0,0,0,1.0,1,1.0,1,1.0,1,0.12159185718663149,56
1424,0,1899,972,927,0,0,0,1.0,1,1.0,1,1.0,1,0.12913082267379827,57
1425,1,1900,972,928,0,0,0,1.0,1,1.0,1,1.0,1,0.13497529052037963,54
1426,1,1901,972,929,0,0,0,1.0,1,1.0,1,1.0,1,0.14494240373953007,54
1427,1,1902,973,929,0,0,0,1.0,1,1.0,1,1.0,1,0.20152428042867632,53
1428,0,1902,973,929,0,0,0,1.0,1,1.0,1,1.0,1,0.20968287528263163,52
1429,2,1904,973,931,0,0,0,1.0,1,1.0,1,1.0,1,0.1908475089612775,52
1430,2,1906,975,931,0,0,0,1.0,1,1.0,1,1.0,1,0.21648190417610105,51
1431,0,1906,975,931,0,0,0,1.0,1,1.0,1,1.0,1,0.21634649288016494,51
1432,4,1910,977,933,0,0,0,1.0,1,1.0,1,1.0,1,0.19842972947308138,52
1433,0,1910,977,933,0,0,0,1.0,1,1.0,1,1.0,1,0.19842972947308138,52
1434,2,1912,979,933,0,0,0,1.0,1,1.0,1,1.0,1,0.20198401553279705,52
1435,1,1913,980,933,0,0,0,1.0,1,1.0,1,1.0,1,0.22801534275996543,50
1436,2,1915,981,934,0,0,0,1.0,1,1.0,1,1.0,1,0.2308437041255033,50
1437,1,1916,982,934,0,0,0,1.0,1,1.0,1,1.0,1,0.26359159682350175,49
1438,4,1920,983,937,0,0,0,1.0,1,1.0,1,1.0,1,0.2326631085064905,49
1439,1,1921,984,937,0,0,0,1.0,1,1.0,1,1.0,1,0.2529219921618958,50
1440,2,1923,986,937,0,0,0,1.0,1,1.0,1,1.0,1,0.281700633553234,50
1441,1,1924,987,937,0,0,0,1.0,1,1.0,1,1.0,1,0.28597047819517446,51
1442,0,1924,987,937,0,0,0,1.0,1,1.0,1,1.0,1,0.2980800332897296,50
1443,1,1925,987,938,0,0,0,1.0,1,1.0,1,1.0,1,0.28151413872020203,51
1444,3,1928,987,941,0,0,0,1.0,1,1.0,1,1.0,1,0.2396560643608407,51
1445,4,1932,988,944,0,0,0,1.0,1,1.0,1,1.0,1,0.2465245549883243,51
1446,3,1935,989,946,0,0,0,1.0,1,1.0,1,1.0,1,0.21685086065628803,51
1447,2,1937,989,948,0,0,0,1.0,1,1.0,1,1.0,1,0.1916025952214,51
1448,4,1941,990,951,0,0,0,1.0,1,1.0,1,1.0,1,0.13321746484271618,51
1449,0,1941,990,951,0,0,0,1.0,1,1.0,1,1.0,1,0.13321746484271618,51
1450,3,1944,990,954,0,0,0,1.0,1,1.0,1,1.0,1,0.09919983134062561,52
1451,1,1945,991,954,0,0,0,1.0,1,1.0,1,1.0,1,0.10085252756927428,54
1452,2,1947,991,956,0,0,0,1.0,1,1.0,1,1.0,1,0.10799445805397126,56
1453,5,1952,993,959,0,0,0,1.0,1,1.0,1,1.0,1,0.12211213989837948,56
1454,1,1953,993,960,0,0,0,1.0,1,1.0,1,1.0,1,0.13719821266010707,58
1455,4,1957,995,962,0,0,0,1.0,1,1.0,1,1.0,1,0.1536389146747042,55
1456,3,1960,995,965,0,0,0,1.0,1,1.0,1,1.0,1,0.13907755409180517,56
1457,2,1962,996,966,0,0,0,1.0,1,1.0,1,1.0,1,0.17058614726970292,54
1458,2,1964,997,967,0,0,0,1.0,1,1.0,1,1.0,1,0.16485256657436098,52
1459,1,1965,997,968,0,0,0,1.0,1,1.0,1,1.0,1,0.1612261646092281,52
1460,1,1966,997,969,0,0,0,1.0,1,1.0,1,1.0,1,0.12956547202156096,50
1461,1,1967,998,969,0,0,0,1.0,1,1.0,1,1.0,1,0.15206606315165672,53
1462,2,1969,999,970,0,0,0,1.0,1,1.0,1,1.0,1,0.15483303328986497,51
1463,0,1969,999,970,0,0,0,1.0,1,1.0,1,1.0,1,0.16611479197036952,51
1464,0,1969,999,970,0,0,0,1.0,1,1.0,1,1.0,1,0.16611479197036952,51
1465,2,1971,999,972,0,0,0,1.0,1,1.0,1,1.0,1,0.12781353583971913,49
1466,2,1973,1000,973,0,0,0,1.0,1,1.0,1,1.0,1,0.14451383584947985,49
1467,1,1974,1001,973,0,0,0,1.0,1,1.0,1,1.0,1,0.1882981993832324,47
1468,2,1976,1002,974,0,0,0,1.0,1,1.0,1,1.0,1,0.20602371086291557,48
1469,1,1977,1003,974,0,0,0,1.0,1,1.0,1,1.0,1,0.2381885274120336,47
1470,1,1978,1003,975,0,0,0,1.0,1,1.0,1,1.0,1,0.2183334158693622,49
1471,1,1979,1003,976,0,0,0,1.0,1,1.0,1,1.0,1,0.23425135725660012,48
1472,0,1979,1003,976,0,0,0,1.0,1,1.0,1,1.0,1,0.22631262737893484,48
1473,0,1979,1003,976,0,0,0,1.0,1,1.0,1,1.0,1,0.23463846209125996,49
1474,1,1980,1003,977,0,0,0,1.0,1,1.0,1,1.0,1,0.22143181313879592,49
1475,0,1980,1003,977,0,0,0,1.0,1,1.0,1,1.0,1,0.22143181313879592,49
1476,1,1981,1003,978,0,0,0,1.0,1,1.0,1,1.0,1,0.2124440131129525,51
1477,0,1981,1003,978,0,0,0,1.0,1,1.0,1,1.0,1,0.2124440131129525,51
1478,2,1983,1003,980,0,0,0,1.0,1,1.0,1,1.0,1,0.17626308589227327,52
1479,2,1985,1003,982,0,0,0,1.0,1,1.0,1,1.0,1,0.1647322188189564,53
1480,4,1989,1004,985,0,0,0,1.0,1,1.0,1,1.0,1,0.15637544917140997,53
1481,1,1990,1004,986,0,0,0,1.0,1,1.0,1,1.0,1,0.1464822221931166,53
1482,1,1991,1005,986,0,0,0,1.0,1,1.0,1,1.0,1,0.18685995741862482,52
1483,1,1992,1005,987,0,0,0,1.0,1,1.0,1,1.0,1,0.17587892921892972,52
1484,2,1994,1005,989,0,0,0,1.0,1,1.0,1,1.0,1,0.1851601750347591,53
1485,2,1996,1005,991,0,0,0,1.0,1,1.0,1,1.0,1,0.16728879946536937,53
1486,5,2001,1005,996,0,0,0,1.0,1,1.0,1,1.0,1,0.15420384886297425,54
1487,1,2002,1005,997,0,0,0,1.0,1,1.0,1,1.0,1,0.15234170667673358,55
1488,1,2003,1005,998,0,0,0,1.0,1,1.0,1,1.0,1,0.15322969536925002,57
1489,2,2005,1005,1000,0,0,0,1.0,1,1.0,1,1.0,1,0.12694566361965226,58
1490,0,2005,1005,1000,0,0,0,1.0,1,1.0,1,1.0,1,0.12694566361965226,58
1491,1,2006,1006,1000,0,0,0,1.0,1,1.0,1,1.0,1,0.15399605532868632,59
1492,2,2008,1006,1002,0,0,0,1.0,1,1.0,1,1.0,1,0.13088969481735166,59
1493,1,2009,1007,1002,0,0,0,1.0,1,1.0,1,1.0,1,0.13264499275757977,58
1494,1,2010,1008,1002,0,0,0,1.0,1,1.0,1,1.0,1,0.1624388578845121,58
1495,1,2011,1009,1002,0,0,0,1.0,1,1.0,1,1.0,1,0.17784352471536186,57
1496,0,2011,1009,1002,0,0,0,1.0,1,1.0,1,1.0,1,0.16957405811403248,59
1497,1,2012,1010,1002,0,0,0,1.0,1,1.0,1,1.0,1,0.18594126688280596,58
1498,3,2015,1011,1004,0,0,0,1.0,1,1.0,1,1.0,1,0.1835162374345347,58
1499,0,2015,1011,1004,0,0,0,1.0,1,1.0,1,1.0,1,0.1649407812640701,56
1500,1,2016,1011,1005,0,0,0,1.0,1,1.0,1,1.0,1,0.16642793814663326,57
1501,0,2016,1011,1005,0,0,0,1.0,1,1.0,1,1.0,1,0.1549940493465361,55
1502,0,2016,1011,1005,0,0,0,1.0,1,1.0,1,1.0,1,0.15515530586410642,55
1503,1,2017,1012,1005,0,0,0,1.0,1,1.0,1,1.0,1,0.187252757510695,54
1504,2,2019,1012,1007,0,0,0,1.0,1,1.0,1,1.0,1,0.12358208671187958,55
1505,1,2020,1012,1008,0,0,0,1.0,1,1.0,1,1.0,1,0.12887734831629524,53
1506,0,2020,1012,1008,0,0,0,1.0,1,1.0,1,1.0,1,0.1450014124874243,55
1507,3,2023,1012,1011,0,0,0,1.0,1,1.0,1,1.0,1,0.13634329339276596,53
1508,1,2024,1012,1012,0,0,0,1.0,1,1.0,1,1.0,1,0.12452042650501852,53
1509,0,2024,1012,1012,0,0,0,1.0,1,1.0,1,1.0,1,0.16083151924949413,52
1510,2,2026,1012,1014,0,0,0,1.0,1,1.0,1,1.0,1,0.1646353619748191,50
1511,0,2026,1012,1014,0,0,0,1.0,1,1.0,1,1.0,1,0.17380400262782658,49
1512,2,2028,1014,1014,0,0,0,1.0,1,1.0,1,1.0,1,0.2308263675467965,48
1513,1,2029,1014,1015,0,0,0,1.0,1,1.0,1,1.0,1,0.25991462541126314,47
1514,2,2031,1014,1017,0,0,0,1.0,1,1.0,1,1.0,1,0.21965149814440602,48
1515,1,2032,1014,1018,0,0,0,1.0,1,1.0,1,1.0,1,0.21171833821699707,48
1516,3,2035,1014,1021,0,0,0,1.0,1,1.0,1,1.0,1,0.18753218380287248,47
1517,2,2037,1014,1023,0,0,0,1.0,1,1.0,1,1.0,1,0.1795795971353497,48
1518,1,2038,1014,1024,0,0,0,1.0,1,1.0,1,1.0,1,0.16761022489120145,48
1519,2,2040,1014,1026,0,0,0,1.0,1,1.0,1,1.0,1,0.1575896216230494,47
1520,0,2040,1014,1026,0,0,0,1.0,1,1.0,1,1.0,1,0.16668268600616484,48
1521,0,2040,1014,1026,0,0,0,1.0,1,1.0,1,1.0,1,0.15896407573212848,49
1522,1,2041,1014,1027,0,0,0,1.0,1,1.0,1,1.0,1,0.14834926445986232,48
1523,1,2042,1014,1028,0,0,0,1.0,1,1.0,1,1.0,1,0.14976564358285,49
1524,1,2043,1015,1028,0,0,0,1.0,1,1.0,1,1.0,1,0.168799098080032,49
1525,0,2043,1015,1028,0,0,0,1.0,1,1.0,1,1.0,1,0.17329858001827728,51
1526,0,2043,1015,1028,0,0,0,1.0,1,1.0,1,1.0,1,0.154450135398736,52
1527,1,2044,1015,1029,0,0,0,1.0,1,1.0,1,1.0,1,0.14807459374803006,54
1528,1,2045,1015,1030,0,0,0,1.0,1,1.0,1,1.0,1,0.12634729428132913,54
1529,0,2045,1015,1030,0,0,0,1.0,1,1.0,1,1.0,1,0.12634729428132913,54
1530,1,2046,1016,1030,0,0,0,1.0,1,1.0,1,1.0,1,0.15388491451428216,54
1531,2,2048,1016,1032,0,0,0,1.0,1,1.0,1,1.0,1,0.11419317338871462,54
1532,2,2050,1017,1033,0,0,0,1.0,1,1.0,1,1.0,1,0.08856941123145315,54
1533,0,2050,1017,1033,0,0,0,1.0,1,1.0,1,1.0,1,0.09221557274000933,54
1534,1,2051,1017,1034,0,0,0,1.0,1,1.0,1,1.0,1,0.06995421570599514,54
1535,0,2051,1017,1034,0,0,0,1.0,1,1.0,1,1.0,1,0.06995421570599514,54
1536,0,2051,1017,1034,0,0,0,1.0,1,1.0,1,1.0,1,0.07997921553377725,55
1537,0,2051,1017,1034,0,0,0,1.0,1,1.0,1,1.0,1,0.08825185465743703,53
1538,1,2052,1017,1035,0,0,0,1.0,1,1.0,1,1.0,1,0.09038477503457219,54
1539,0,2052,1017,1035,0,0,0,1.0,1,1.0,1,1.0,1,0.11184389671578311,54
1540,2,2054,1018,1036,0,0,0,1.0,1,1.0,1,1.0,1,0.10801668123587066,54
1541,1,2055,1018,1037,0,0,0,1.0,1,1.0,1,1.0,1,0.09535189918547637,54
1542,3,2058,1019,1039,0,0,0,1.0,1,1.0,1,1.0,1,0.09027617494864934,57
1543,2,2060,1020,1040,0,0,0,1.0,1,1.0,1,1.0,1,0.11738763830715587,55
1544,4,2064,1022,1042,0,0,0,1.0,1,1.0,1,1.0,1,0.11396281696004426,54
1545,1,2065,1022,1043,0,0,0,1.0,1,1.0,1,1.0,1,0.12052746455613039,54
1546,3,2068,1024,1044,0,0,0,1.0,1,1.0,1,1.0,1,0.10116968976762088,53
1547,2,2070,1026,1044,0,0,0,1.0,1,1.0,1,1.0,1,0.08492541572019531,53
1548,3,2073,1029,1044,0,0,0,1.0,1,1.0,1,1.0,1,0.08907587610304715,54
1549,5,2078,1031,1047,0,0,0,1.0,1,1.0,1,1.0,1,0.08631524581577127,52
1550,3,2081,1034,1047,0,0,0,1.0,1,1.0,1,1.0,1,0.1130755134472404,52
1551,3,2084,1036,1048,0,0,0,1.0,1,1.0,1,1.0,1,0.13179803058279882,52
1552,4,2088,1037,1051,0,0,0,1.0,1,1.0,1,1.0,1,0.13080355248622627,51
1553,2,2090,1037,1053,0,0,0,1.0,1,1.0,1,1.0,1,0.1504922796496395,51
1554,4,2094,1039,1055,0,0,0,1.0,1,1.0,1,1.0,1,0.09889185555736978,51
1555,2,2096,1040,1056,0,0,0,1.0,1,1.0,1,1.0,1,0.11703917387931895,50
1556,2,2098,1042,1056,0,0,0,1.0,1,1.0,1,1.0,1,0.11052993353654474,51
1557,2,2100,1044,1056,0,0,0,1.0,1,1.0,1,1.0,1,0.12063888119168575,51
1558,2,2102,1044,1058,0,0,0,1.0,1,1.0,1,1.0,1,0.09864034403735131,52
1559,0,2102,1044,1058,0,0,0,1.0,1,1.0,1,1.0,1,0.08277251478618879,53
1560,2,2104,1046,1058,0,0,0,1.0,1,1.0,1,1.0,1,0.1023121399487436,51
1561,1,2105,1047,1058,0,0,0,1.0,1,1.0,1,1.0,1,0.12376156993728757,51
1562,1,2106,1047,1059,0,0,0,1.0,1,1.0,1,1.0,1,0.11632509040558749,52
1563,0,2106,1047,1059,0,0,0,1.0,1,1.0,1,1.0,1,0.11632509040558749,52
1564,0,2106,1047,1059,0,0,0,1.0,1,1.0,1,1.0,1,0.1014285289648897,51
1565,1,2107,1047,1060,0,0,0,1.0,1,1.0,1,1.0,1,0.09749836409093193,53
1566,1,2108,1047,1061,0,0,0,1.0,1,1.0,1,1.0,1,0.08348783365749934,53
1567,2,2110,1048,1062,0,0,0,1.0,1,1.0,1,1.0,1,0.058100897216827374,52
1568,2,2112,1049,1063,0,0,0,1.0,1,1.0,1,1.0,1,0.06587716958255836,52
1569,2,2114,1050,1064,0,0,0,1.0,1,1.0,1,1.0,1,0.08229626213115228,49
1570,3,2117,1051,1066,0,0,0,1.0,1,1.0,1,1.0,1,0.06524888074542444,48
1571,1,2118,1052,1066,0,0,0,1.0,1,1.0,1,1.0,1,0.09510736876041635,46
1572,4,2122,1055,1067,0,0,0,1.0,1,1.0,1,1.0,1,0.07436415775519686,47
1573,2,2124,1056,1068,0,0,0,1.0,1,1.0,1,1.0,1,0.07783141550910039,48
1574,2,2126,1058,1068,0,0,0,1.0,1,1.0,1,1.0,1,0.0706191977724741,46
1575,1,2127,1059,1068,0,0,0,1.0,1,1.0,1,1.0,1,0.09707144427820437,47
1576,2,2129,1061,1068,0,0,0,1.0,1,1.0,1,1.0,1,0.07756901141853857,46
1577,0,2129,1061,1068,0,0,0,1.0,1,1.0,1,1.0,1,0.06417087852534499,45
1578,1,2130,1062,1068,0,0,0,1.0,1,1.0,1,1.0,1,0.05761570870862061,44
1579,0,2130,1062,1068,0,0,0,1.0,1,1.0,1,1.0,1,0.05587403688724394,43
1580,0,2130,1062,1068,0,0,0,1.0,1,1.0,1,1.0,1,0.05587403688724394,43
1581,1,2131,1062,1069,0,0,0,1.0,1,1.0,1,1.0,1,0.07420423058371971,42
1582,0,2131,1062,1069,0,0,0,1.0,1,1.0,1,1.0,1,0.07420423058371971,42
1583,0,2131,1062,1069,0,0,0,1.0,1,1.0,1,1.0,1,0.06511459343360992,43
1584,1,2132,1062,1070,0,0,0,1.0,1,1.0,1,1.0,1,0.05522810126939064,41
1585,4,2136,1066,1070,0,0,0,1.0,1,1.0,1,1.0,1,0.09107836609464637,43
1586,2,2138,1067,1071,0,0,0,1.0,1,1.0,1,1.0,1,0.10154425381214105,42
1587,2,2140,1068,1072,0,0,0,1.0,1,1.0,1,1.0,1,0.15825484064639256,42
1588,3,2143,1070,1073,0,0,0,1.0,1,1.0,1,1.0,1,0.1771908470848722,42
1589,1,2144,1071,1073,0,0,0,1.0,1,1.0,1,1.0,1,0.14096534797764307,42
1590,1,2145,1071,1074,0,0,0,1.0,1,1.0,1,1.0,1,0.19558151618957617,41
1591,3,2148,1072,1076,0,0,0,1.0,1,1.0,1,1.0,1,0.13840779500617928,40
1592,1,2149,1072,1077,0,0,0,1.0,1,1.0,1,1.0,1,0.15587522103194926,39
1593,0,2149,1072,1077,0,0,0,1.0,1,1.0,1,1.0,1,0.15965827899314378,39
1594,3,2152,1072,1080,0,0,0,1.0,1,1.0,1,1.0,1,0.14891610482896198,39
1595,2,2154,1072,1082,0,0,0,1.0,1,1.0,1,1.0,1,0.11235273429246254,42
1596,1,2155,1072,1083,0,0,0,1.0,1,1.0,1,1.0,1,0.1315907628942048,41
1597,1,2156,1072,1084,0,0,0,1.0,1,1.0,1,1.0,1,0.12366527031312452,41
1598,0,2156,1072,1084,0,0,0,1.0,1,1.0,1,1.0,1,0.1634993142786303,39
1599,2,2158,1074,1084,0,0,0,1.0,1,1.0,1,1.0,1,0.16658378978650165,39
1600,3,2161,1074,1087,0,0,0,1.0,1,1.0,1,1.0,1,0.12146633059665962,40
1601,2,2163,1076,1087,0,0,0,1.0,1,1.0,1,1.0,1,0.16395129283676277,41
1602,0,2163,1076,1087,0,0,0,1.0,1,1.0,1,1.0,1,0.14482257964755582,41
1603,3,2166,1077,1089,0,0,0,1.0,1,1.0,1,1.0,1,0.12338819341806752,43
1604,2,2168,1078,1090,0,0,0,1.0,1,1.0,1,1.0,1,0.12203697342925258,43
1605,2,2170,1079,1091,0,0,0,1.0,1,1.0,1,1.0,1,0.13135788227351958,44
1606,2,2172,1080,1092,0,0,0,1.0,1,1.0,1,1.0,1,0.12888892519418554,44
1607,1,2173,1081,1092,0,0,0,1.0,1,1.0,1,1.0,1,0.10728427283478971,42
1608,0,2173,1081,1092,0,0,0,1.0,1,1.0,1,1.0,1,0.11133822509863033,41
1609,0,2173,1081,1092,0,0,0,1.0,1,1.0,1,1.0,1,0.06919004795205716,39
1610,0,2173,1081,1092,0,0,0,1.0,1,1.0,1,1.0,1,0.02440195464084457,39
1611,0,2173,1081,1092,0,0,0,1.0,1,1.0,1,1.0,1,0.04003129532430896,40
1612,0,2173,1081,1092,0,0,0,1.0,1,1.0,1,1.0,1,0.03630080773734512,39
1613,0,2173,1081,1092,0,0,0,1.0,1,1.0,1,1.0,1,0.03178966372768617,41
1614,2,2175,1083,1092,0,0,0,1.0,1,1.0,1,1.0,1,0.036132439139970676,41
1615,1,2176,1084,1092,0,0,0,1.0,1,1.0,1,1.0,1,0.047886517444065274,41
1616,1,2177,1085,1092,0,0,0,1.0,1,1.0,1,1.0,1,0.04429817101018057,43
1617,1,2178,1086,1092,0,0,0,1.0,1,1.0,1,1.0,1,0.07734768660652065,44
1618,0,2178,1086,1092,0,0,0,1.0,1,1.0,1,1.0,1,0.07734768660652065,44
1619,2,2180,1088,1092,0,0,0,1.0,1,1.0,1,1.0,1,0.127751906327464,44
1620,2,2182,1088,1094,0,0,0,1.0,1,1.0,1,1.0,1,0.12178586993716013,45
1621,1,2183,1088,1095,0,0,0,1.0,1,1.0,1,1.0,1,0.10470204477066576,44
1622,2,2185,1090,1095,0,0,0,1.0,1,1.0,1,1.0,1,0.1282667786777528,44
1623,1,2186,1091,1095,0,0,0,1.0,1,1.0,1,1.0,1,0.14414452378111192,43
1624,2,2188,1092,1096,0,0,0,1.0,1,1.0,1,1.0,1,0.11556600503064501,43
1625,1,2189,1093,1096,0,0,0,1.0,1,1.0,1,1.0,1,0.12320167689952036,43
1626,1,2190,1093,1097,0,0,0,1.0,1,1.0,1,1.0,1,0.1199699842976411,42
1627,2,2192,1094,1098,0,0,0,1.0,1,1.0,1,1.0,1,0.10174458411334539,42
1628,0,2192,1094,1098,0,0,0,1.0,1,1.0,1,1.0,1,0.11597726906045405,42
1629,1,2193,1095,1098,0,0,0,1.0,1,1.0,1,1.0,1,0.11829477100965081,41
1630,2,2195,1096,1099,0,0,0,1.0,1,1.0,1,1.0,1,0.10150819256048152,41
1631,0,2195,1096,1099,0,0,0,1.0,1,1.0,1,1.0,1,0.12656647703115306,40
1632,0,2195,1096,1099,0,0,0,1.0,1,1.0,1,1.0,1,0.1338144363092399,39
1633,1,2196,1096,1100,0,0,0,1.0,1,1.0,1,1.0,1,0.11864365712042271,39
1634,0,2196,1096,1100,0,0,0,1.0,1,1.0,1,1.0,1,0.11864365712042271,39
1635,1,2197,1096,1101,0,0,0,1.0,1,1.0,1,1.0,1,0.11465103726666509,40
1636,1,2198,1096,1102,0,0,0,1.0,1,1.0,1,1.0,1,0.11990420099609568,41
1637,1,2199,1096,1103,0,0,0,1.0,1,1.0,1,1.0,1,0.12371613010031006,41
1638,2,2201,1097,1104,0,0,0,1.0,1,1.0,1,1.0,1,0.13507945144223724,42
1639,2,2203,1098,1105,0,0,0,1.0,1,1.0,1,1.0,1,0.10129535336095853,43
1640,2,2205,1100,1105,0,0,0,1.0,1,1.0,1,1.0,1,0.06561597779899589,43
1641,1,2206,1101,1105,0,0,0,1.0,1,1.0,1,1.0,1,0.05100800267181851,44
1642,6,2212,1105,1107,0,0,0,1.0,1,1.0,1,1.0,1,0.09820853036913331,45
1643,1,2213,1106,1107,0,0,0,1.0,1,1.0,1,1.0,1,0.12755943097912867,44
1644,2,2215,1107,1108,0,0,0,1.0,1,1.0,1,1.0,1,0.10920652202104598,45
1645,0,2215,1107,1108,0,0,0,1.0,1,1.0,1,1.0,1,0.09607344218582675,44
1646,1,2216,1107,1109,0,0,0,1.0,1,1.0,1,1.0,1,0.06705505419841942,43
1647,1,2217,1108,1109,0,0,0,1.0,1,1.0,1,1.0,1,0.10659658334926839,43
1648,0,2217,1108,1109,0,0,0,1.0,1,1.0,1,1.0,1,0.1273872827677049,42
1649,0,2217,1108,1109,0,0,0,1.0,1,1.0,1,1.0,1,0.15311333328080773,41
1650,0,2217,1108,1109,0,0,0,1.0,1,1.0,1,1.0,1,0.15311333328080773,41
1651,1,2218,1108,1110,0,0,0,1.0,1,1.0,1,1.0,1,0.11879538444718526,40
1652,1,2219,1108,1111,0,0,0,1.0,1,1.0,1,1.0,1,0.0768931283455129,39
1653,1,2220,1108,1112,0,0,0,1.0,1,1.0,1,1.0,1,0.08021642137619496,39
1654,1,2221,1108,1113,0,0,0,1.0,1,1.0,1,1.0,1,0.03550173165291225,39
1655,2,2223,1110,1113,0,0,0,1.0,1,1.0,1,1.0,1,0.07979397323583085,40
1656,1,2224,1111,1113,0,0,0,1.0,1,1.0,1,1.0,1,0.1258807358141605,40
1657,1,2225,1112,1113,0,0,0,1.0,1,1.0,1,1.0,1,0.11538401227228418,40
1658,1,2226,1113,1113,0,0,0,1.0,1,1.0,1,1.0,1,0.10889835329748929,40
1659,3,2229,1116,1113,0,0,0,1.0,1,1.0,1,1.0,1,0.18124767984451481,40
1660,5,2234,1118,1116,0,0,0,1.0,1,1.0,1,1.0,1,0.07200711056432316,41
1661,3,2237,1119,1118,0,0,0,1.0,1,1.0,1,1.0,1,0.06785076587479245,42
1662,1,2238,1120,1118,0,0,0,1.0,1,1.0,1,1.0,1,0.02041492460238188,44
1663,1,2239,1121,1118,0,0,0,1.0,1,1.0,1,1.0,1,0.06969135806225323,43
1664,1,2240,1122,1118,0,0,0,1.0,1,1.0,1,1.0,1,0.058807262792630224,42
1665,1,2241,1123,1118,0,0,0,1.0,1,1.0,1,1.0,1,0.08488451349713928,42
1666,3,2244,1126,1118,0,0,0,1.0,1,1.0,1,1.0,1,0.05148862418225012,43
1667,2,2246,1128,1118,0,0,0,1.0,1,1.0,1,1.0,1,0.0659067274741084,40
1668,0,2246,1128,1118,0,0,0,1.0,1,1.0,1,1.0,1,0.07406200560648628,40
1669,3,2249,1131,1118,0,0,0,1.0,1,1.0,1,1.0,1,0.08899008813547722,40
1670,1,2250,1132,1118,0,0,0,1.0,1,1.0,1,1.0,1,0.10076479785532452,39
1671,1,2251,1133,1118,0,0,0,1.0,1,1.0,1,1.0,1,0.11626266189707647,39
1672,2,2253,1135,1118,0,0,0,1.0,1,1.0,1,1.0,1,0.15949089553003473,38
1673,2,2255,1137,1118,0,0,0,1.0,1,1.0,1,1.0,1,0.18779648973708915,38
1674,2,2257,1138,1119,0,0,0,1.0,1,1.0,1,1.0,1,0.1730859021683281,38
1675,0,2257,1138,1119,0,0,0,1.0,1,1.0,1,1.0,1,0.1516199550515252,39
1676,1,2258,1138,1120,0,0,0,1.0,1,1.0,1,1.0,1,0.1565389154355378,39
1677,0,2258,1138,1120,0,0,0,1.0,1,1.0,1,1.0,1,0.13932715486193242,40
1678,1,2259,1139,1120,0,0,0,1.0,1,1.0,1,1.0,1,0.1799484032471994,39
1679,0,2259,1139,1120,0,0,0,1.0,1,1.0,1,1.0,1,0.1799484032471994,39
1680,0,2259,1139,1120,0,0,0,1.0,1,1.0,1,1.0,1,0.1822004171853327,40
1681,1,2260,1140,1120,0,0,0,1.0,1,1.0,1,1.0,1,0.16818398945211957,41
1682,2,2262,1140,1122,0,0,0,1.0,1,1.0,1,1.0,1,0.12038228207738415,40
1683,5,2267,1144,1123,0,0,0,1.0,1,1.0,1,1.0,1,0.13442378697076357,43
1684,1,2268,1145,1123,0,0,0,1.0,1,1.0,1,1.0,1,0.17287386372752594,42
1685,3,2271,1147,1124,0,0,0,1.0,1,1.0,1,1.0,1,0.13314601979723192,41
1686,1,2272,1147,1125,0,0,0,1.0,1,1.0,1,1.0,1,0.11279972566095005,39
1687,6,2278,1151,1127,0,0,0,1.0,1,1.0,1,1.0,1,0.12665220973399208,41
1688,0,2278,1151,1127,0,0,0,1.0,1,1.0,1,1.0,1,0.11520727547371945,39
1689,3,2281,1154,1127,0,0,0,1.0,1,1.0,1,1.0,1,0.1036956087438459,37
1690,2,2283,1154,1129,0,0,0,1.0,1,1.0,1,1.0,1,0.08221917968159095,36
1691,1,2284,1155,1129,0,0,0,1.0,1,1.0,1,1.0,1,0.11504215195076548,36
1692,0,2284,1155,1129,0,0,0,1.0,1,1.0,1,1.0,1,0.11369095997914297,34
1693,1,2285,1156,1129,0,0,0,1.0,1,1.0,1,1.0,1,0.08493309720060993,33
1694,0,2285,1156,1129,0,0,0,1.0,1,1.0,1,1.0,1,0.12125203819748445,32
1695,0,2285,1156,1129,0,0,0,1.0,1,1.0,1,1.0,1,0.11368869630993438,32
1696,2,2287,1157,1130,0,0,0,1.0,1,1.0,1,1.0,1,0.12379565410155471,34
1697,1,2288,1158,1130,0,0,0,1.0,1,1.0,1,1.0,1,0.15729679199546323,34
1698,3,2291,1160,1131,0,0,0,1.0,1,1.0,1,1.0,1,0.16812606778246134,36
1699,3,2294,1162,1132,0,0,0,1.0,1,1.0,1,1.0,1,0.17357371409096925,36
1700,0,2294,1162,1132,0,0,0,1.0,1,1.0,1,1.0,1,0.1762416148582596,37
1701,1,2295,1162,1133,0,0,0,1.0,1,1.0,1,1.0,1,0.16975880111270095,39
1702,1,2296,1162,1134,0,0,0,1.0,1,1.0,1,1.0,1,0.1436649481152099,39
1703,1,2297,1163,1134,0,0,0,1.0,1,1.0,1,1.0,1,0.15485544748396615,38
1704,0,2297,1163,1134,0,0,0,1.0,1,1.0,1,1.0,1,0.11849073272829165,38
1705,3,2300,1165,1135,0,0,0,1.0,1,1.0,1,1.0,1,0.12636539614176678,37
1706,3,2303,1166,1137,0,0,0,1.0,1,1.0,1,1.0,1,0.08277341238935419,37
1707,1,2304,1167,1137,0,0,0,1.0,1,1.0,1,1.0,1,0.1174240735253393,36
1708,2,2306,1167,1139,0,0,0,1.0,1,1.0,1,1.0,1,0.1132498185020642,34
1709,1,2307,1167,1140,0,0,0,1.0,1,1.0,1,1.0,1,0.07356773910588142,34
1710,4,2311,1170,1141,0,0,0,1.0,1,1.0,1,1.0,1,0.20942249036538,33
1711,1,2312,1170,1142,0,0,0,1.0,1,1.0,1,1.0,1,0.16019018244646627,32
1712,1,2313,1171,1142,0,0,0,1.0,1,1.0,1,1.0,1,0.20527660383395627,31
1713,0,2313,1171,1142,0,0,0,1.0,1,1.0,1,1.0,1,0.20698783661889114,32
1714,1,2314,1171,1143,0,0,0,1.0,1,1.0,1,1.0,1,0.1909976091383488,32
1715,0,2314,1171,1143,0,0,0,1.0,1,1.0,1,1.0,1,0.1909976091383488,32
1716,3,2317,1172,1145,0,0,0,1.0,1,1.0,1,1.0,1,0.12748586239926513,34
1717,1,2318,1172,1146,0,0,0,1.0,1,1.0,1,1.0,1,0.08986821862208737,34
1718,1,2319,1172,1147,0,0,0,1.0,1,1.0,1,1.0,1,0.10223542721764858,34
1719,1,2320,1173,1147,0,0,0,1.0,1,1.0,1,1.0,1,0.1475058846582013,34
1720,2,2322,1174,1148,0,0,0,1.0,1,1.0,1,1.0,1,0.1489276240860547,34
1721,3,2325,1175,1150,0,0,0,1.0,1,1.0,1,1.0,1,0.1464458208972333,35
1722,0,2325,1175,1150,0,0,0,1.0,1,1.0,1,1.0,1,0.12127446182028478,35
1723,0,2325,1175,1150,0,0,0,1.0,1,1.0,1,1.0,1,0.10408321365826671,34
1724,0,2325,1175,1150,0,0,0,1.0,1,1.0,1,1.0,1,0.1101132709047191,33
1725,1,2326,1176,1150,0,0,0,1.0,1,1.0,1,1.0,1,0.08462662361708173,35
1726,2,2328,1176,1152,0,0,0,1.0,1,1.0,1,1.0,1,0.06822126120454783,34
1727,0,2328,1176,1152,0,0,0,1.0,1,1.0,1,1.0,1,0.06822126120454783,34
1728,1,2329,1177,1152,0,0,0,1.0,1,1.0,1,1.0,1,0.053283365221344886,35
1729,1,2330,1178,1152,0,0,0,1.0,1,1.0,1,1.0,1,0.06095432773552869,35
1730,0,2330,1178,1152,0,0,0,1.0,1,1.0,1,1.0,1,0.06095432773552869,35
1731,1,2331,1179,1152,0,0,0,1.0,1,1.0,1,1.0,1,0.13667307490710182,35
1732,1,2332,1179,1153,0,0,0,1.0,1,1.0,1,1.0,1,0.10593989140691758,35
1733,0,2332,1179,1153,0,0,0,1.0,1,1.0,1,1.0,1,0.12075062457308536,33
1734,1,2333,1180,1153,0,0,0,1.0,1,1.0,1,1.0,1,0.12652996735994965,34
1735,0,2333,1180,1153,0,0,0,1.0,1,1.0,1,1.0,1,0.155309791775204,33
1736,3,2336,1183,1153,0,0,0,1.0,1,1.0,1,1.0,1,0.18034101378006925,33
1737,1,2337,1183,1154,0,0,0,1.0,1,1.0,1,1.0,1,0.15531876385422216,35
1738,2,2339,1184,1155,0,0,0,1.0,1,1.0,1,1.0,1,0.11464807232608837,36
1739,3,2342,1186,1156,0,0,0,1.0,1,1.0,1,1.0,1,0.0860874518880933,36
1740,1,2343,1187,1156,0,0,0,1.0,1,1.0,1,1.0,1,0.09008082099927986,37
1741,0,2343,1187,1156,0,0,0,1.0,1,1.0,1,1.0,1,0.09740414724491672,36
1742,0,2343,1187,1156,0,0,0,1.0,1,1.0,1,1.0,1,0.09740414724491672,36
1743,3,2346,1189,1157,0,0,0,1.0,1,1.0,1,1.0,1,0.13173015301666544,37
1744,2,2348,1189,1159,0,0,0,1.0,1,1.0,1,1.0,1,0.10560433508653722,37
1745,4,2352,1193,1159,0,0,0,1.0,1,1.0,1,1.0,1,0.2286479575413359,38
1746,3,2355,1193,1162,0,0,0,1.0,1,1.0,1,1.0,1,0.18976569054532344,38
1747,4,2359,1194,1165,0,0,0,1.0,1,1.0,1,1.0,1,0.17903710537835815,37
1748,1,2360,1194,1166,0,0,0,1.0,1,1.0,1,1.0,1,0.1707504777445608,38
1749,0,2360,1194,1166,0,0,0,1.0,1,1.0,1,1.0,1,0.1707504777445608,38
1750,1,2361,1194,1167,0,0,0,1.0,1,1.0,1,1.0,1,0.17749685937022416,39
1751,0,2361,1194,1167,0,0,0,1.0,1,1.0,1,1.0,1,0.16997439435420003,41
1752,1,2362,1195,1167,0,0,0,1.0,1,1.0,1,1.0,1,0.16032592764334405,41
1753,1,2363,1195,1168,0,0,0,1.0,1,1.0,1,1.0,1,0.1590972455430606,41
1754,2,2365,1196,1169,0,0,0,1.0,1,1.0,1,1.0,1,0.1387987896091381,40
1755,0,2365,1196,1169,0,0,0,1.0,1,1.0,1,1.0,1,0.14087165194233534,41
1756,2,2367,1196,1171,0,0,0,1.0,1,1.0,1,1.0,1,0.15262576625124116,41
1757,0,2367,1196,1171,0,0,0,1.0,1,1.0,1,1.0,1,0.16891015184606267,40
1758,1,2368,1196,1172,0,0,0,1.0,1,1.0,1,1.0,1,0.14621350051078,41
1759,1,2369,1197,1172,0,0,0,1.0,1,1.0,1,1.0,1,0.18169870964900844,38
1760,3,2372,1198,1174,0,0,0,1.0,1,1.0,1,1.0,1,0.1489231220376478,38
1761,1,2373,1199,1174,0,0,0,1.0,1,1.0,1,1.0,1,0.1739945514023983,37
1762,2,2375,1200,1175,0,0,0,1.0,1,1.0,1,1.0,1,0.16308553285120073,37
1763,3,2378,1202,1176,0,0,0,1.0,1,1.0,1,1.0,1,0.15184343201988582,37
1764,2,2380,1203,1177,0,0,0,1.0,1,1.0,1,1.0,1,0.16797952463589594,36
1765,5,2385,1206,1179,0,0,0,1.0,1,1.0,1,1.0,1,0.20001869808941167,36
1766,2,2387,1207,1180,0,0,0,1.0,1,1.0,1,1.0,1,0.18335905715107226,37
1767,1,2388,1208,1180,0,0,0,1.0,1,1.0,1,1.0,1,0.22067215521991826,37
1768,1,2389,1208,1181,0,0,0,1.0,1,1.0,1,1.0,1,0.16152920870362325,37
1769,3,2392,1209,1183,0,0,0,1.0,1,1.0,1,1.0,1,0.12522963078091442,38
1770,1,2393,1210,1183,0,0,0,1.0,1,1.0,1,1.0,1,0.1584603730201699,39
1771,1,2394,1210,1184,0,0,0,1.0,1,1.0,1,1.0,1,0.1364624009503172,39
1772,0,2394,1210,1184,0,0,0,1.0,1,1.0,1,1.0,1,0.1364624009503172,39
1773,2,2396,1211,1185,0,0,0,1.0,1,1.0,1,1.0,1,0.10380972316563897,41
1774,1,2397,1212,1185,0,0,0,1.0,1,1.0,1,1.0,1,0.13017054783877818,41
1775,0,2397,1212,1185,0,0,0,1.0,1,1.0,1,1.0,1,0.13385599430953074,42
1776,1,2398,1213,1185,0,0,0,1.0,1,1.0,1,1.0,1,0.1458568531653106,43
1777,2,2400,1214,1186,0,0,0,1.0,1,1.0,1,1.0,1,0.10993538492566632,43
1778,0,2400,1214,1186,0,0,0,1.0,1,1.0,1,1.0,1,0.12481818723201808,44
1779,1,2401,1214,1187,0,0,0,1.0,1,1.0,1,1.0,1,0.11388457443706977,46
1780,1,2402,1214,1188,0,0,0,1.0,1,1.0,1,1.0,1,0.10449365707391411,46
1781,0,2402,1214,1188,0,0,0,1.0,1,1.0,1,1.0,1,0.10449365707391411,46
1782,0,2402,1214,1188,0,0,0,1.0,1,1.0,1,1.0,1,0.11187288553848888,46
1783,1,2403,1214,1189,0,0,0,1.0,1,1.0,1,1.0,1,0.11859224778497303,44
1784,0,2403,1214,1189,0,0,0,1.0,1,1.0,1,1.0,1,0.09886844749939085,45
1785,1,2404,1215,1189,0,0,0,1.0,1,1.0,1,1.0,1,0.12456420224262815,42
1786,3,2407,1217,1190,0,0,0,1.0,1,1.0,1,1.0,1,0.10834537088623515,43
1787,0,2407,1217,1190,0,0,0,1.0,1,1.0,1,1.0,1,0.1367492262697681,41
1788,2,2409,1218,1191,0,0,0,1.0,1,1.0,1,1.0,1,0.16089560433293595,41
1789,3,2412,1218,1194,0,0,0,1.0,1,1.0,1,1.0,1,0.13688706064272224,41
1790,1,2413,1219,1194,0,0,0,1.0,1,1.0,1,1.0,1,0.1486134450624487,41
1791,2,2415,1220,1195,0,0,0,1.0,1,1.0,1,1.0,1,0.12289358756640688,40
1792,4,2419,1224,1195,0,0,0,1.0,1,1.0,1,1.0,1,0.10595900244369144,40
1793,2,2421,1225,1196,0,0,0,1.0,1,1.0,1,1.0,1,0.08682100939437032,41
1794,0,2421,1225,1196,0,0,0,1.0,1,1.0,1,1.0,1,0.08682100939437032,41
1795,6,2427,1229,1198,0,0,0,1.0,1,1.0,1,1.0,1,0.11300387846431038,40
1796,2,2429,1230,1199,0,0,0,1.0,1,1.0,1,1.0,1,0.10004332202485841,40
1797,1,2430,1231,1199,0,0,0,1.0,1,1.0,1,1.0,1,0.11660220829508518,37
1798,2,2432,1232,1200,0,0,0,1.0,1,1.0,1,1.0,1,0.13145185505787468,37
1799,0,2432,1232,1200,0,0,0,1.0,1,1.0,1,1.0,1,0.11567721903729707,36
1800,0,2432,1232,1200,0,0,0,1.0,1,1.0,1,1.0,1,0.11567721903729707,36
1801,0,2432,1232,1200,0,0,0,1.0,1,1.0,1,1.0,1,0.09230384443768734,34
1802,1,2433,1233,1200,0,0,0,1.0,1,1.0,1,1.0,1,0.07524833803033067,33
1803,2,2435,1235,1200,0,0,0,1.0,1,1.0,1,1.0,1,0.09634717788700771,33
1804,1,2436,1236,1200,0,0,0,1.0,1,1.0,1,1.0,1,0.1389548243477045,33
1805,3,2439,1238,1201,0,0,0,1.0,1,1.0,1,1.0,1,0.12387994441361011,35
1806,1,2440,1239,1201,0,0,0,1.0,1,1.0,1,1.0,1,0.15249231020960685,35
1807,2,2442,1239,1203,0,0,0,1.0,1,1.0,1,1.0,1,0.07111115637171106,35
1808,0,2442,1239,1203,0,0,0,1.0,1,1.0,1,1.0,1,0.03671330994318742,36
1809,0,2442,1239,1203,0,0,0,1.0,1,1.0,1,1.0,1,0.03465641165155875,36
1810,3,2445,1241,1204,0,0,0,1.0,1,1.0,1,1.0,1,0.11262710588850351,35
1811,5,2450,1242,1208,0,0,0,1.0,1,1.0,1,1.0,1,0.14673211908931774,36
1812,0,2450,1242,1208,0,0,0,1.0,1,1.0,1,1.0,1,0.13454462933923272,36
1813,0,2450,1242,1208,0,0,0,1.0,1,1.0,1,1.0,1,0.13454462933923272,36
1814,0,2450,1242,1208,0,0,0,1.0,1,1.0,1,1.0,1,0.13295198805621675,34
1815,0,2450,1242,1208,0,0,0,1.0,1,1.0,1,1.0,1,0.14101749090204416,35
1816,1,2451,1242,1209,0,0,0,1.0,1,1.0,1,1.0,1,0.13306237237507126,34
1817,1,2452,1243,1209,0,0,0,1.0,1,1.0,1,1.0,1,0.11973642200031491,34
1818,0,2452,1243,1209,0,0,0,1.0,1,1.0,1,1.0,1,0.11973642200031491,34
1819,3,2455,1245,1210,0,0,0,1.0,1,1.0,1,1.0,1,0.11412110324746183,35
1820,0,2455,1245,1210,0,0,0,1.0,1,1.0,1,1.0,1,0.09125274112881455,36
1821,0,2455,1245,1210,0,0,0,1.0,1,1.0,1,1.0,1,0.09125274112881455,36
1822,2,2457,1247,1210,0,0,0,1.0,1,1.0,1,1.0,1,0.036035704282371794,37
1823,1,2458,1248,1210,0,0,0,1.0,1,1.0,1,1.0,1,0.10213894166517119,38
1824,1,2459,1249,1210,0,0,0,1.0,1,1.0,1,1.0,1,0.10104865802955892,37
1825,2,2461,1251,1210,0,0,0,1.0,1,1.0,1,1.0,1,0.12204768149315508,36
1826,1,2462,1252,1210,0,0,0,1.0,1,1.0,1,1.0,1,0.12796063004863384,35
1827,2,2464,1253,1211,0,0,0,1.0,1,1.0,1,1.0,1,0.11919343051136547,35
1828,3,2467,1253,1214,0,0,0,1.0,1,1.0,1,1.0,1,0.058264517030414964,33
1829,0,2467,1253,1214,0,0,0,1.0,1,1.0,1,1.0,1,0.10814681290137583,32
1830,1,2468,1254,1214,0,0,0,1.0,1,1.0,1,1.0,1,0.10286431036957835,32
1831,2,2470,1255,1215,0,0,0,1.0,1,1.0,1,1.0,1,0.15200400850790227,30
1832,0,2470,1255,1215,0,0,0,1.0,1,1.0,1,1.0,1,0.15200400850790227,30
1833,2,2472,1256,1216,0,0,0,1.0,1,1.0,1,1.0,1,0.19323543450992473,29
1834,2,2474,1257,1217,0,0,0,1.0,1,1.0,1,1.0,1,0.16523448471186977,28
1835,4,2478,1259,1219,0,0,0,1.0,1,1.0,1,1.0,1,0.17817358814359513,28
1836,1,2479,1259,1220,0,0,0,1.0,1,1.0,1,1.0,1,0.16875607583358182,29
1837,2,2481,1260,1221,0,0,0,1.0,1,1.0,1,1.0,1,0.1925053929504832,28
1838,1,2482,1260,1222,0,0,0,1.0,1,1.0,1,1.0,1,0.13559149468034434,28
1839,0,2482,1260,1222,0,0,0,1.0,1,1.0,1,1.0,1,0.14857513250125098,27
1840,1,2483,1260,1223,0,0,0,1.0,1,1.0,1,1.0,1,0.20005533681201249,26
1841,0,2483,1260,1223,0,0,0,1.0,1,1.0,1,1.0,1,0.19851750333969978,25
1842,2,2485,1261,1224,0,0,0,1.0,1,1.0,1,1.0,1,0.13014822024008835,26
1843,1,2486,1261,1225,0,0,0,1.0,1,1.0,1,1.0,1,0.10492048494616031,26
1844,0,2486,1261,1225,0,0,0,1.0,1,1.0,1,1.0,1,0.10492048494616031,26
1845,0,2486,1261,1225,0,0,0,1.0,1,1.0,1,1.0,1,0.10492048494616031,26
1846,2,2488,1263,1225,0,0,0,1.0,1,1.0,1,1.0,1,0.12991342183846175,26
1847,1,2489,1263,1226,0,0,0,1.0,1,1.0,1,1.0,1,0.11023231661219092,26
1848,0,2489,1263,1226,0,0,0,1.0,1,1.0,1,1.0,1,0.1156028548995758,27
1849,1,2490,1263,1227,0,0,0,1.0,1,1.0,1,1.0,1,0.07251985675309901,27
1850,0,2490,1263,1227,0,0,0,1.0,1,1.0,1,1.0,1,0.09662214844184307,28
1851,0,2490,1263,1227,0,0,0,1.0,1,1.0,1,1.0,1,0.09662214844184307,28
1852,0,2490,1263,1227,0,0,0,1.0,1,1.0,1,1.0,1,0.09662214844184307,28
1853,0,2490,1263,1227,0,0,0,1.0,1,1.0,1,1.0,1,0.1265539620947804,27
1854,0,2490,1263,1227,0,0,0,1.0,1,1.0,1,1.0,1,0.13166396489691862,28
1855,0,2490,1263,1227,0,0,0,1.0,1,1.0,1,1.0,1,0.13166396489691862,28
1856,6,2496,1266,1230,0,0,0,1.0,1,1.0,1,1.0,1,0.15292754380319387,30
1857,3,2499,1266,1233,0,0,0,1.0,1,1.0,1,1.0,1,0.1340241608414113,31
1858,2,2501,1268,1233,0,0,0,1.0,1,1.0,1,1.0,1,0.23038628736187639,31
1859,0,2501,1268,1233,0,0,0,1.0,1,1.0,1,1.0,1,0.23038628736187639,31
1860,1,2502,1269,1233,0,0,0,1.0,1,1.0,1,1.0,1,0.21534621888734373,31
1861,0,2502,1269,1233,0,0,0,1.0,1,1.0,1,1.0,1,0.21534621888734373,31
1862,1,2503,1270,1233,0,0,0,1.0,1,1.0,1,1.0,1,0.21994238544435016,31
1863,1,2504,1270,1234,0,0,0,1.0,1,1.0,1,1.0,1,0.19374655541561847,31
1864,2,2506,1272,1234,0,0,0,1.0,1,1.0,1,1.0,1,0.17724307284550692,30
1865,1,2507,1273,1234,0,0,0,1.0,1,1.0,1,1.0,1,0.14890007780838244,27
1866,1,2508,1274,1234,0,0,0,1.0,1,1.0,1,1.0,1,0.15449623055264872,28
1867,1,2509,1274,1235,0,0,0,1.0,1,1.0,1,1.0,1,0.13149003836619877,26
1868,2,2511,1275,1236,0,0,0,1.0,1,1.0,1,1.0,1,0.16229226485006057,26
1869,0,2511,1275,1236,0,0,0,1.0,1,1.0,1,1.0,1,0.17524609133058874,25
1870,1,2512,1276,1236,0,0,0,1.0,1,1.0,1,1.0,1,0.15227816788312293,25
1871,0,2512,1276,1236,0,0,0,1.0,1,1.0,1,1.0,1,0.15597683262622025,26
1872,0,2512,1276,1236,0,0,0,1.0,1,1.0,1,1.0,1,0.1414440828795119,25
1873,0,2512,1276,1236,0,0,0,1.0,1,1.0,1,1.0,1,0.15865847599810456,23
1874,1,2513,1277,1236,0,0,0,1.0,1,1.0,1,1.0,1,0.1453723840160557,23
1875,1,2514,1277,1237,0,0,0,1.0,1,1.0,1,1.0,1,0.14461562004017137,21
1876,1,2515,1278,1237,0,0,0,1.0,1,1.0,1,1.0,1,0.18401644736975217,24
1877,2,2517,1279,1238,0,0,0,1.0,1,1.0,1,1.0,1,0.17946227947658355,24
1878,2,2519,1280,1239,0,0,0,1.0,1,1.0,1,1.0,1,0.09652353531066052,26
1879,0,2519,1280,1239,0,0,0,1.0,1,1.0,1,1.0,1,0.09652353531066052,26
1880,0,2519,1280,1239,0,0,0,1.0,1,1.0,1,1.0,1,0.09652353531066052,26
1881,0,2519,1280,1239,0,0,0,1.0,1,1.0,1,1.0,1,0.09652353531066052,26
1882,0,2519,1280,1239,0,0,0,1.0,1,1.0,1,1.0,1,0.11998987998746834,25
1883,0,2519,1280,1239,0,0,0,1.0,1,1.0,1,1.0,1,0.11998987998746834,25
1884,0,2519,1280,1239,0,0,0,1.0,1,1.0,1,1.0,1,0.11998987998746834,25
1885,0,2519,1280,1239,0,0,0,1.0,1,1.0,1,1.0,1,0.11998987998746834,25
1886,0,2519,1280,1239,0,0,0,1.0,1,1.0,1,1.0,1,0.07907489998089698,26
1887,0,2519,1280,1239,0,0,0,1.0,1,1.0,1,1.0,1,0.07907489998089698,26
1888,1,2520,1281,1239,0,0,0,1.0,1,1.0,1,1.0,1,0.10740691902712408,27
1889,0,2520,1281,1239,0,0,0,1.0,1,1.0,1,1.0,1,0.1361604967646164,28
1890,0,2520,1281,1239,0,0,0,1.0,1,1.0,1,1.0,1,0.1361604967646164,28
1891,1,2521,1281,1240,0,0,0,1.0,1,1.0,1,1.0,1,0.13084228750868476,29
1892,0,2521,1281,1240,0,0,0,1.0,1,1.0,1,1.0,1,0.13084228750868476,29
1893,0,2521,1281,1240,0,0,0,1.0,1,1.0,1,1.0,1,0.13084228750868476,29
1894,0,2521,1281,1240,0,0,0,1.0,1,1.0,1,1.0,1,0.13084228750868476,29
1895,2,2523,1282,1241,0,0,0,1.0,1,1.0,1,1.0,1,0.10533214911706251,31
1896,2,2525,1283,1242,0,0,0,1.0,1,1.0,1,1.0,1,0.08127696493691473,31
1897,0,2525,1283,1242,0,0,0,1.0,1,1.0,1,1.0,1,0.08127696493691473,31
1898,0,2525,1283,1242,0,0,0,1.0,1,1.0,1,1.0,1,0.08127696493691473,31
1899,0,2525,1283,1242,0,0,0,1.0,1,1.0,1,1.0,1,0.08062122469960403,32
1900,0,2525,1283,1242,0,0,0,1.0,1,1.0,1,1.0,1,0.08062122469960403,32
1901,0,2525,1283,1242,0,0,0,1.0,1,1.0,1,1.0,1,0.08062122469960403,32
1902,1,2526,1284,1242,0,0,0,1.0,1,1.0,1,1.0,1,0.10295707182191596,32
1903,0,2526,1284,1242,0,0,0,1.0,1,1.0,1,1.0,1,0.10295707182191596,32
1904,0,2526,1284,1242,0,0,0,1.0,1,1.0,1,1.0,1,0.06904989634339213,34
1905,0,2526,1284,1242,0,0,0,1.0,1,1.0,1,1.0,1,0.06904989634339213,34
1906,0,2526,1284,1242,0,0,0,1.0,1,1.0,1,1.0,1,0.08226524340603258,35
1907,0,2526,1284,1242,0,0,0,1.0,1,1.0,1,1.0,1,0.08083092833517817,36
1908,0,2526,1284,1242,0,0,0,1.0,1,1.0,1,1.0,1,0.08083092833517817,36
1909,0,2526,1284,1242,0,0,0,1.0,1,1.0,1,1.0,1,0.08348419694767842,37
1910,1,2527,1284,1243,0,0,0,1.0,1,1.0,1,1.0,1,0.055443769087220506,38
1911,0,2527,1284,1243,0,0,0,1.0,1,1.0,1,1.0,1,0.049792590532484894,37
1912,2,2529,1286,1243,0,0,0,1.0,1,1.0,1,1.0,1,0.05746015007171087,37
1913,0,2529,1286,1243,0,0,0,1.0,1,1.0,1,1.0,1,0.07322761335915927,36
1914,3,2532,1289,1243,0,0,0,1.0,1,1.0,1,1.0,1,0.11799371325582875,37
1915,2,2534,1290,1244,0,0,0,1.0,1,1.0,1,1.0,1,0.09559341260469204,37
1916,2,2536,1291,1245,0,0,0,1.0,1,1.0,1,1.0,1,0.13222363721067087,39
1917,2,2538,1293,1245,0,0,0,1.0,1,1.0,1,1.0,1,0.2292399404671636,38
1918,6,2544,1295,1249,0,0,0,1.0,1,1.0,1,1.0,1,0.19771827890772112,38
1919,1,2545,1295,1250,0,0,0,1.0,1,1.0,1,1.0,1,0.22025114262385648,38
1920,2,2547,1296,1251,0,0,0,1.0,1,1.0,1,1.0,1,0.18811367542480603,39
1921,1,2548,1296,1252,0,0,0,1.0,1,1.0,1,1.0,1,0.15431567315483763,38
1922,2,2550,1297,1253,0,0,0,1.0,1,1.0,1,1.0,1,0.14335087420548956,39
1923,2,2552,1299,1253,0,0,0,1.0,1,1.0,1,1.0,1,0.15645269485644325,40
1924,3,2555,1299,1256,0,0,0,1.0,1,1.0,1,1.0,1,0.07815415509853221,40
1925,0,2555,1299,1256,0,0,0,1.0,1,1.0,1,1.0,1,0.044039000160551234,40
1926,1,2556,1300,1256,0,0,0,1.0,1,1.0,1,1.0,1,0.04990431634950935,40
1927,1,2557,1300,1257,0,0,0,1.0,1,1.0,1,1.0,1,0.0409151765436342,41
1928,0,2557,1300,1257,0,0,0,1.0,1,1.0,1,1.0,1,0.0409151765436342,41
1929,1,2558,1301,1257,0,0,0,1.0,1,1.0,1,1.0,1,0.07424004417272391,40
1930,2,2560,1302,1258,0,0,0,1.0,1,1.0,1,1.0,1,0.09910216061367438,40
1931,0,2560,1302,1258,0,0,0,1.0,1,1.0,1,1.0,1,0.09910216061367438,40
1932,0,2560,1302,1258,0,0,0,1.0,1,1.0,1,1.0,1,0.09910216061367438,40
1933,1,2561,1302,1259,0,0,0,1.0,1,1.0,1,1.0,1,0.09270537613259171,42
1934,2,2563,1302,1261,0,0,0,1.0,1,1.0,1,1.0,1,0.06999578026785389,44
1935,0,2563,1302,1261,0,0,0,1.0,1,1.0,1,1.0,1,0.06999578026785389,44
1936,1,2564,1303,1261,0,0,0,1.0,1,1.0,1,1.0,1,0.10683190547456921,46
1937,1,2565,1304,1261,0,0,0,1.0,1,1.0,1,1.0,1,0.08126163137075652,47
1938,1,2566,1304,1262,0,0,0,1.0,1,1.0,1,1.0,1,0.07307807311236114,47
1939,1,2567,1305,1262,0,0,0,1.0,1,1.0,1,1.0,1,0.06542136665229609,47
1940,1,2568,1306,1262,0,0,0,1.0,1,1.0,1,1.0,1,0.062055741782413326,47
1941,1,2569,1307,1262,0,0,0,1.0,1,1.0,1,1.0,1,0.06849888952059016,47
1942,3,2572,1308,1264,0,0,0,1.0,1,1.0,1,1.0,1,0.05176264576721792,49
1943,2,2574,1310,1264,0,0,0,1.0,1,1.0,1,1.0,1,0.1032477427117093,47
1944,1,2575,1310,1265,0,0,0,1.0,1,1.0,1,1.0,1,0.08180529652705815,47
1945,2,2577,1311,1266,0,0,0,1.0,1,1.0,1,1.0,1,0.1321192912023513,45
1946,2,2579,1311,1268,0,0,0,1.0,1,1.0,1,1.0,1,0.09861698068857995,45
1947,5,2584,1314,1270,0,0,0,1.0,1,1.0,1,1.0,1,0.14568885667969547,45
1948,4,2588,1314,1274,0,0,0,1.0,1,1.0,1,1.0,1,0.11615443299233452,45
1949,2,2590,1316,1274,0,0,0,1.0,1,1.0,1,1.0,1,0.1533001768380263,42
1950,0,2590,1316,1274,0,0,0,1.0,1,1.0,1,1.0,1,0.14196193312286856,42
1951,1,2591,1316,1275,0,0,0,1.0,1,1.0,1,1.0,1,0.13572889142532155,38
1952,2,2593,1317,1276,0,0,0,1.0,1,1.0,1,1.0,1,0.10809857807065101,36
1953,2,2595,1317,1278,0,0,0,1.0,1,1.0,1,1.0,1,0.0932233377641496,35
1954,0,2595,1317,1278,0,0,0,1.0,1,1.0,1,1.0,1,0.1284828983583593,32
1955,1,2596,1317,1279,0,0,0,1.0,1,1.0,1,1.0,1,0.07385437483785032,33
1956,2,2598,1319,1279,0,0,0,1.0,1,1.0,1,1.0,1,0.12677547020466462,31
1957,2,2600,1319,1281,0,0,0,1.0,1,1.0,1,1.0,1,0.049817915445667,33
1958,2,2602,1321,1281,0,0,0,1.0,1,1.0,1,1.0,1,0.1277090788498558,34
1959,0,2602,1321,1281,0,0,0,1.0,1,1.0,1,1.0,1,0.10122806960971859,35
1960,3,2605,1323,1282,0,0,0,1.0,1,1.0,1,1.0,1,0.11030040160592888,36
1961,1,2606,1324,1282,0,0,0,1.0,1,1.0,1,1.0,1,0.13468467728515116,36
1962,0,2606,1324,1282,0,0,0,1.0,1,1.0,1,1.0,1,0.11285996159486986,35
1963,1,2607,1324,1283,0,0,0,1.0,1,1.0,1,1.0,1,0.11190863926524859,36
1964,2,2609,1326,1283,0,0,0,1.0,1,1.0,1,1.0,1,0.12927203864476255,35
1965,3,2612,1328,1284,0,0,0,1.0,1,1.0,1,1.0,1,0.08090987702766904,36
1966,4,2616,1330,1286,0,0,0,1.0,1,1.0,1,1.0,1,0.10992110965436938,36
1967,1,2617,1331,1286,0,0,0,1.0,1,1.0,1,1.0,1,0.09307654939693963,36
1968,1,2618,1332,1286,0,0,0,1.0,1,1.0,1,1.0,1,0.08608913765185473,37
1969,0,2618,1332,1286,0,0,0,1.0,1,1.0,1,1.0,1,0.08608913765185473,37
1970,1,2619,1333,1286,0,0,0,1.0,1,1.0,1,1.0,1,0.1319746488641417,38
1971,0,2619,1333,1286,0,0,0,1.0,1,1.0,1,1.0,1,0.14721656354788393,37
1972,1,2620,1333,1287,0,0,0,1.0,1,1.0,1,1.0,1,0.13027877957763975,37
1973,1,2621,1333,1288,0,0,0,1.0,1,1.0,1,1.0,1,0.13915622902450495,37
1974,1,2622,1333,1289,0,0,0,1.0,1,1.0,1,1.0,1,0.11327560270923573,38
1975,1,2623,1333,1290,0,0,0,1.0,1,1.0,1,1.0,1,0.1293613337017999,37
1976,2,2625,1333,1292,0,0,0,1.0,1,1.0,1,1.0,1,0.120259320350047,39
1977,1,2626,1333,1293,0,0,0,1.0,1,1.0,1,1.0,1,0.09385371563885525,42
1978,0,2626,1333,1293,0,0,0,1.0,1,1.0,1,1.0,1,0.09385371563885525,42
1979,0,2626,1333,1293,0,0,0,1.0,1,1.0,1,1.0,1,0.09385371563885525,42
1980,0,2626,1333,1293,0,0,0,1.0,1,1.0,1,1.0,1,0.10655900603836181,43
1981,0,2626,1333,1293,0,0,0,1.0,1,1.0,1,1.0,1,0.11779996543570977,44
1982,3,2629,1335,1294,0,0,0,1.0,1,1.0,1,1.0,1,0.08140997217775432,44
1983,1,2630,1336,1294,0,0,0,1.0,1,1.0,1,1.0,1,0.0859911062025301,44
1984,2,2632,1337,1295,0,0,0,1.0,1,1.0,1,1.0,1,0.09825641080448706,42
1985,0,2632,1337,1295,0,0,0,1.0,1,1.0,1,1.0,1,0.09463629946791209,41
1986,0,2632,1337,1295,0,0,0,1.0,1,1.0,1,1.0,1,0.1053245274071442,40
1987,1,2633,1337,1296,0,0,0,1.0,1,1.0,1,1.0,1,0.06689333275099649,37
1988,2,2635,1339,1296,0,0,0,1.0,1,1.0,1,1.0,1,0.10614280030349287,35
1989,2,2637,1341,1296,0,0,0,1.0,1,1.0,1,1.0,1,0.14834274676817272,32
1990,3,2640,1343,1297,0,0,0,1.0,1,1.0,1,1.0,1,0.10762684663164204,31
1991,0,2640,1343,1297,0,0,0,1.0,1,1.0,1,1.0,1,0.13275557744194302,32
1992,2,2642,1345,1297,0,0,0,1.0,1,1.0,1,1.0,1,0.1604698239214623,32
1993,4,2646,1348,1298,0,0,0,1.0,1,1.0,1,1.0,1,0.14132346473035215,32
1994,0,2646,1348,1298,0,0,0,1.0,1,1.0,1,1.0,1,0.12797476502680027,31
1995,0,2646,1348,1298,0,0,0,1.0,1,1.0,1,1.0,1,0.11343064556496234,32
1996,1,2647,1348,1299,0,0,0,1.0,1,1.0,1,1.0,1,0.10778416786927228,32
1997,0,2647,1348,1299,0,0,0,1.0,1,1.0,1,1.0,1,0.1418344696478263,31
1998,0,2647,1348,1299,0,0,0,1.0,1,1.0,1,1.0,1,0.11343759711309961,32
1999,1,2648,1348,1300,0,0,0,1.0,1,1.0,1,1.0,1,0.12323331688651064,31
2000,0,2648,1348,1300,0,0,0,1.0,1,1.0,1,1.0,1,0.11835042272246739,30
2001,1,2649,1348,1301,0,0,0,1.0,1,1.0,1,1.0,1,0.14304878558551193,29
2002,1,2650,1348,1302,0,0,0,1.0,1,1.0,1,1.0,1,0.08420562295436752,31
2003,0,2650,1348,1302,0,0,0,1.0,1,1.0,1,1.0,1,0.11244556031142001,33
2004,2,2652,1349,1303,0,0,0,1.0,1,1.0,1,1.0,1,0.13608840418309737,34
2005,1,2653,1349,1304,0,0,0,1.0,1,1.0,1,1.0,1,0.12473254364894837,35
2006,1,2654,1350,1304,0,0,0,1.0,1,1.0,1,1.0,1,0.11398732458605874,36
2007,1,2655,1351,1304,0,0,0,1.0,1,1.0,1,1.0,1,0.10421271324044235,36
2008,4,2659,1353,1306,0,0,0,1.0,1,1.0,1,1.0,1,0.12921505226831087,36
2009,1,2660,1354,1306,0,0,0,1.0,1,1.0,1,1.0,1,0.1094780137467539,37
2010,1,2661,1355,1306,0,0,0,1.0,1,1.0,1,1.0,1,0.09880500911502299,37
2011,0,2661,1355,1306,0,0,0,1.0,1,1.0,1,1.0,1,0.09880500911502299,37
2012,1,2662,1356,1306,0,0,0,1.0,1,1.0,1,1.0,1,0.09779885440604448,37
2013,1,2663,1356,1307,0,0,0,1.0,1,1.0,1,1.0,1,0.09218822282253278,39
2014,0,2663,1356,1307,0,0,0,1.0,1,1.0,1,1.0,1,0.1311500276531289,39
2015,0,2663,1356,1307,0,0,0,1.0,1,1.0,1,1.0,1,0.1311500276531289,39
2016,2,2665,1358,1307,0,0,0,1.0,1,1.0,1,1.0,1,0.10640804032315307,41
2017,1,2666,1358,1308,0,0,0,1.0,1,1.0,1,1.0,1,0.08581686891711544,41
2018,5,2671,1361,1310,0,0,0,1.0,1,1.0,1,1.0,1,0.09548431554930117,42
2019,1,2672,1362,1310,0,0,0,1.0,1,1.0,1,1.0,1,0.10002036913537721,43
2020,3,2675,1364,1311,0,0,0,1.0,1,1.0,1,1.0,1,0.11836540229199306,43
2021,0,2675,1364,1311,0,0,0,1.0,1,1.0,1,1.0,1,0.11836540229199306,43
2022,0,2675,1364,1311,0,0,0,1.0,1,1.0,1,1.0,1,0.10113643379312773,44
2023,2,2677,1366,1311,0,0,0,1.0,1,1.0,1,1.0,1,0.20385731700134682,42
2024,3,2680,1368,1312,0,0,0,1.0,1,1.0,1,1.0,1,0.17396288229906215,41
2025,2,2682,1370,1312,0,0,0,1.0,1,1.0,1,1.0,1,0.2467120461168533,39
2026,4,2686,1370,1316,0,0,0,1.0,1,1.0,1,1.0,1,0.1783278780827518,39
2027,3,2689,1371,1318,0,0,0,1.0,1,1.0,1,1.0,1,0.23816253974721707,38
2028,0,2689,1371,1318,0,0,0,1.0,1,1.0,1,1.0,1,0.22018413656586047,37
2029,2,2691,1372,1319,0,0,0,1.0,1,1.0,1,1.0,1,0.18903716007233207,35
2030,2,2693,1372,1321,0,0,0,1.0,1,1.0,1,1.0,1,0.1371782774256726,32
2031,0,2693,1372,1321,0,0,0,1.0,1,1.0,1,1.0,1,0.15814680879943654,34
2032,1,2694,1372,1322,0,0,0,1.0,1,1.0,1,1.0,1,0.12162426751748902,35
2033,3,2697,1375,1322,0,0,0,1.0,1,1.0,1,1.0,1,0.10888474928085164,35
2034,2,2699,1376,1323,0,0,0,1.0,1,1.0,1,1.0,1,0.10969406981918428,35
2035,3,2702,1378,1324,0,0,0,1.0,1,1.0,1,1.0,1,0.0830122669436882,36
2036,3,2705,1380,1325,0,0,0,1.0,1,1.0,1,1.0,1,0.1447159098043855,35
2037,2,2707,1381,1326,0,0,0,1.0,1,1.0,1,1.0,1,0.12673924726512675,36
2038,2,2709,1382,1327,0,0,0,1.0,1,1.0,1,1.0,1,0.1369734409126195,38
2039,2,2711,1383,1328,0,0,0,1.0,1,1.0,1,1.0,1,0.10169984933438046,38
2040,0,2711,1383,1328,0,0,0,1.0,1,1.0,1,1.0,1,0.08747969233562845,37
2041,0,2711,1383,1328,0,0,0,1.0,1,1.0,1,1.0,1,0.09177917974711446,38
2042,0,2711,1383,1328,0,0,0,1.0,1,1.0,1,1.0,1,0.09177917974711446,38
2043,2,2713,1385,1328,0,0,0,1.0,1,1.0,1,1.0,1,0.09697864122712901,38
2044,0,2713,1385,1328,0,0,0,1.0,1,1.0,1,1.0,1,0.090736658013686,39
2045,0,2713,1385,1328,0,0,0,1.0,1,1.0,1,1.0,1,0.10855543791367614,40
2046,1,2714,1386,1328,0,0,0,1.0,1,1.0,1,1.0,1,0.08156457042062143,41
2047,1,2715,1387,1328,0,0,0,1.0,1,1.0,1,1.0,1,0.08716999741836005,41
2048,1,2716,1388,1328,0,0,0,1.0,1,1.0,1,1.0,1,0.053149906698429644,43
2049,1,2717,1388,1329,0,0,0,1.0,1,1.0,1,1.0,1,0.026409089549864276,43
2050,0,2717,1388,1329,0,0,0,1.0,1,1.0,1,1.0,1,0.028438359277771594,43
2051,1,2718,1389,1329,0,0,0,1.0,1,1.0,1,1.0,1,0.08597462340510531,43
2052,0,2718,1389,1329,0,0,0,1.0,1,1.0,1,1.0,1,0.09075390137946444,44
2053,1,2719,1390,1329,0,0,0,1.0,1,1.0,1,1.0,1,0.1391671890824672,43
2054,3,2722,1392,1330,0,0,0,1.0,1,1.0,1,1.0,1,0.13018427593405307,44
2055,2,2724,1392,1332,0,0,0,1.0,1,1.0,1,1.0,1,0.09779040195353637,43
2056,1,2725,1392,1333,0,0,0,1.0,1,1.0,1,1.0,1,0.07320667498702563,44
2057,2,2727,1394,1333,0,0,0,1.0,1,1.0,1,1.0,1,0.09237212325086169,44
2058,2,2729,1396,1333,0,0,0,1.0,1,1.0,1,1.0,1,0.0944618168727514,44
2059,1,2730,1396,1334,0,0,0,1.0,1,1.0,1,1.0,1,0.07263480348734425,45
2060,2,2732,1397,1335,0,0,0,1.0,1,1.0,1,1.0,1,0.09618676470232244,46
2061,1,2733,1398,1335,0,0,0,1.0,1,1.0,1,1.0,1,0.09878814571338608,48
2062,2,2735,1398,1337,0,0,0,1.0,1,1.0,1,1.0,1,0.0677155129068668,48
2063,0,2735,1398,1337,0,0,0,1.0,1,1.0,1,1.0,1,0.09908029393554685,45
2064,1,2736,1399,1337,0,0,0,1.0,1,1.0,1,1.0,1,0.09784700860361151,44
2065,1,2737,1399,1338,0,0,0,1.0,1,1.0,1,1.0,1,0.09224598285932635,42
2066,2,2739,1401,1338,0,0,0,1.0,1,1.0,1,1.0,1,0.04085849047239723,42
2067,0,2739,1401,1338,0,0,0,1.0,1,1.0,1,1.0,1,0.05519447453903389,38
2068,1,2740,1402,1338,0,0,0,1.0,1,1.0,1,1.0,1,0.11047535432773788,37
2069,0,2740,1402,1338,0,0,0,1.0,1,1.0,1,1.0,1,0.13266502555154447,35
2070,3,2743,1404,1339,0,0,0,1.0,1,1.0,1,1.0,1,0.11730527228376632,35
2071,0,2743,1404,1339,0,0,0,1.0,1,1.0,1,1.0,1,0.14499943843014573,34
2072,4,2747,1406,1341,0,0,0,1.0,1,1.0,1,1.0,1,0.13664006885512547,35
2073,2,2749,1406,1343,0,0,0,1.0,1,1.0,1,1.0,1,0.10177843787803047,37
2074,0,2749,1406,1343,0,0,0,1.0,1,1.0,1,1.0,1,0.08462176970649223,36
2075,1,2750,1406,1344,0,0,0,1.0,1,1.0,1,1.0,1,0.05742133047374582,38
2076,0,2750,1406,1344,0,0,0,1.0,1,1.0,1,1.0,1,0.03756490613711274,37
2077,0,2750,1406,1344,0,0,0,1.0,1,1.0,1,1.0,1,0.03756490613711274,37
2078,0,2750,1406,1344,0,0,0,1.0,1,1.0,1,1.0,1,0.03756490613711274,37
2079,0,2750,1406,1344,0,0,0,1.0,1,1.0,1,1.0,1,0.03756490613711274,37
2080,0,2750,1406,1344,0,0,0,1.0,1,1.0,1,1.0,1,0.03543097216232545,36
2081,1,2751,1407,1344,0,0,0,1.0,1,1.0,1,1.0,1,0.055812285092197364,37
2082,1,2752,1408,1344,0,0,0,1.0,1,1.0,1,1.0,1,0.09826104531279518,38
2083,1,2753,1409,1344,0,0,0,1.0,1,1.0,1,1.0,1,0.09270376125139151,39
2084,1,2754,1410,1344,0,0,0,1.0,1,1.0,1,1.0,1,0.14035788631364862,41
2085,3,2757,1413,1344,0,0,0,1.0,1,1.0,1,1.0,1,0.16414146194124157,41
2086,3,2760,1413,1347,0,0,0,1.0,1,1.0,1,1.0,1,0.09700614456306618,44
2087,2,2762,1415,1347,0,0,0,1.0,1,1.0,1,1.0,1,0.11051682711381916,44
2088,1,2763,1415,1348,0,0,0,1.0,1,1.0,1,1.0,1,0.10341156038455754,45
2089,2,2765,1416,1349,0,0,0,1.0,1,1.0,1,1.0,1,0.06852145109134096,46
2090,1,2766,1416,1350,0,0,0,1.0,1,1.0,1,1.0,1,0.049732064961065,47
2091,3,2769,1418,1351,0,0,0,1.0,1,1.0,1,1.0,1,0.06184591913194096,48
2092,2,2771,1419,1352,0,0,0,1.0,1,1.0,1,1.0,1,0.06600697118736387,48
2093,1,2772,1419,1353,0,0,0,1.0,1,1.0,1,1.0,1,0.041379360298938406,48
2094,0,2772,1419,1353,0,0,0,1.0,1,1.0,1,1.0,1,0.0445201374937539,47
2095,1,2773,1420,1353,0,0,0,1.0,1,1.0,1,1.0,1,0.04390375529489565,49
2096,0,2773,1420,1353,0,0,0,1.0,1,1.0,1,1.0,1,0.03794808565582424,50
2097,0,2773,1420,1353,0,0,0,1.0,1,1.0,1,1.0,1,0.03794808565582424,50
2098,1,2774,1421,1353,0,0,0,1.0,1,1.0,1,1.0,1,0.0554726634112487,51
2099,2,2776,1422,1354,0,0,0,1.0,1,1.0,1,1.0,1,0.07468572023007525,50
2100,1,2777,1423,1354,0,0,0,1.0,1,1.0,1,1.0,1,0.07797733068484773,49
2101,2,2779,1423,1356,0,0,0,1.0,1,1.0,1,1.0,1,0.0746228513596597,48
2102,4,2783,1426,1357,0,0,0,1.0,1,1.0,1,1.0,1,0.12209239329054052,49
2103,1,2784,1427,1357,0,0,0,1.0,1,1.0,1,1.0,1,0.11083705728613155,44
2104,0,2784,1427,1357,0,0,0,1.0,1,1.0,1,1.0,1,0.12841869232541941,42
2105,2,2786,1429,1357,0,0,0,1.0,1,1.0,1,1.0,1,0.14667747740277384,40
2106,0,2786,1429,1357,0,0,0,1.0,1,1.0,1,1.0,1,0.17371405806242177,39
2107,1,2787,1430,1357,0,0,0,1.0,1,1.0,1,1.0,1,0.1560572427066954,37
2108,1,2788,1431,1357,0,0,0,1.0,1,1.0,1,1.0,1,0.1466008621580901,37
2109,0,2788,1431,1357,0,0,0,1.0,1,1.0,1,1.0,1,0.1284372498756176,36
2110,0,2788,1431,1357,0,0,0,1.0,1,1.0,1,1.0,1,0.0980185074159027,35
2111,3,2791,1433,1358,0,0,0,1.0,1,1.0,1,1.0,1,0.08764560982984482,35
2112,0,2791,1433,1358,0,0,0,1.0,1,1.0,1,1.0,1,0.08764560982984482,35
2113,1,2792,1434,1358,0,0,0,1.0,1,1.0,1,1.0,1,0.11603445371848133,35
2114,1,2793,1435,1358,0,0,0,1.0,1,1.0,1,1.0,1,0.10816453612013863,36
2115,0,2793,1435,1358,0,0,0,1.0,1,1.0,1,1.0,1,0.10970018848400793,37
2116,3,2796,1437,1359,0,0,0,1.0,1,1.0,1,1.0,1,0.10890814742695556,39
2117,0,2796,1437,1359,0,0,0,1.0,1,1.0,1,1.0,1,0.07882079599739243,39
2118,1,2797,1437,1360,0,0,0,1.0,1,1.0,1,1.0,1,0.06916898451288864,41
2119,1,2798,1438,1360,0,0,0,1.0,1,1.0,1,1.0,1,0.09098913945150602,42
2120,1,2799,1438,1361,0,0,0,1.0,1,1.0,1,1.0,1,0.06017034901078009,42
2121,1,2800,1439,1361,0,0,0,1.0,1,1.0,1,1.0,1,0.07405235872426376,42
2122,1,2801,1439,1362,0,0,0,1.0,1,1.0,1,1.0,1,0.06533990413690374,43
2123,0,2801,1439,1362,0,0,0,1.0,1,1.0,1,1.0,1,0.08785074634999832,42
2124,0,2801,1439,1362,0,0,0,1.0,1,1.0,1,1.0,1,0.08785074634999832,42
2125,0,2801,1439,1362,0,0,0,1.0,1,1.0,1,1.0,1,0.09396349913152101,41
2126,0,2801,1439,1362,0,0,0,1.0,1,1.0,1,1.0,1,0.09396349913152101,41
2127,0,2801,1439,1362,0,0,0,1.0,1,1.0,1,1.0,1,0.09396349913152101,41
2128,1,2802,1439,1363,0,0,0,1.0,1,1.0,1,1.0,1,0.0503759073218922,42
2129,0,2802,1439,1363,0,0,0,1.0,1,1.0,1,1.0,1,0.0629969726102348,43
2130,1,2803,1439,1364,0,0,0,1.0,1,1.0,1,1.0,1,0.042025465551431065,45
2131,2,2805,1440,1365,0,0,0,1.0,1,1.0,1,1.0,1,0.03391575966553904,44
2132,0,2805,1440,1365,0,0,0,1.0,1,1.0,1,1.0,1,0.03391575966553904,44
2133,1,2806,1441,1365,0,0,0,1.0,1,1.0,1,1.0,1,0.03234712345669487,45
2134,2,2808,1443,1365,0,0,0,1.0,1,1.0,1,1.0,1,0.059364598355064024,45
2135,2,2810,1445,1365,0,0,0,1.0,1,1.0,1,1.0,1,0.04224662942233049,46
2136,3,2813,1447,1366,0,0,0,1.0,1,1.0,1,1.0,1,0.07938992656880209,47
2137,5,2818,1451,1367,0,0,0,1.0,1,1.0,1,1.0,1,0.14274111103196985,47
2138,3,2821,1453,1368,0,0,0,1.0,1,1.0,1,1.0,1,0.13849989470694096,45
2139,2,2823,1454,1369,0,0,0,1.0,1,1.0,1,1.0,1,0.14051377456770597,45
2140,4,2827,1456,1371,0,0,0,1.0,1,1.0,1,1.0,1,0.06507090010722218,44
2141,2,2829,1458,1371,0,0,0,1.0,1,1.0,1,1.0,1,0.06343946440806814,45
2142,2,2831,1459,1372,0,0,0,1.0,1,1.0,1,1.0,1,0.0553442261193376,46
2143,4,2835,1460,1375,0,0,0,1.0,1,1.0,1,1.0,1,0.03985819003965712,46
2144,1,2836,1461,1375,0,0,0,1.0,1,1.0,1,1.0,1,0.0541516047216101,48
2145,2,2838,1463,1375,0,0,0,1.0,1,1.0,1,1.0,1,0.04906952590364585,46
2146,1,2839,1464,1375,0,0,0,1.0,1,1.0,1,1.0,1,0.050203110362243536,45
2147,2,2841,1466,1375,0,0,0,1.0,1,1.0,1,1.0,1,0.07735649848655524,44
2148,1,2842,1467,1375,0,0,0,1.0,1,1.0,1,1.0,1,0.042676992926304495,44
2149,3,2845,1470,1375,0,0,0,1.0,1,1.0,1,1.0,1,0.07007016057508103,42
2150,2,2847,1472,1375,0,0,0,1.0,1,1.0,1,1.0,1,0.05110727046086677,40
2151,1,2848,1473,1375,0,0,0,1.0,1,1.0,1,1.0,1,0.05762502176381449,39
2152,1,2849,1474,1375,0,0,0,1.0,1,1.0,1,1.0,1,0.04117451007578859,40
2153,2,2851,1476,1375,0,0,0,1.0,1,1.0,1,1.0,1,0.08888958913813262,42
2154,2,2853,1476,1377,0,0,0,1.0,1,1.0,1,1.0,1,0.08419738582204299,42
2155,0,2853,1476,1377,0,0,0,1.0,1,1.0,1,1.0,1,0.08376740177687196,41
2156,1,2854,1476,1378,0,0,0,1.0,1,1.0,1,1.0,1,0.10966150205291678,40
2157,0,2854,1476,1378,0,0,0,1.0,1,1.0,1,1.0,1,0.10966150205291678,40
2158,2,2856,1477,1379,0,0,0,1.0,1,1.0,1,1.0,1,0.09895097213390647,38
2159,0,2856,1477,1379,0,0,0,1.0,1,1.0,1,1.0,1,0.10329172765538222,38
2160,1,2857,1478,1379,0,0,0,1.0,1,1.0,1,1.0,1,0.1121191918616631,38
2161,3,2860,1480,1380,0,0,0,1.0,1,1.0,1,1.0,1,0.12323651749148622,38
2162,1,2861,1481,1380,0,0,0,1.0,1,1.0,1,1.0,1,0.15478956698938698,38
2163,2,2863,1483,1380,0,0,0,1.0,1,1.0,1,1.0,1,0.2082203222324651,40
2164,4,2867,1484,1383,0,0,0,1.0,1,1.0,1,1.0,1,0.23361346827178386,41
2165,3,2870,1486,1384,0,0,0,1.0,1,1.0,1,1.0,1,0.20447775777775187,42
2166,0,2870,1486,1384,0,0,0,1.0,1,1.0,1,1.0,1,0.20447775777775187,42
2167,2,2872,1486,1386,0,0,0,1.0,1,1.0,1,1.0,1,0.15435379608266528,43
2168,0,2872,1486,1386,0,0,0,1.0,1,1.0,1,1.0,1,0.1351152927446961,43
2169,2,2874,1486,1388,0,0,0,1.0,1,1.0,1,1.0,1,0.11081191777599267,45
2170,5,2879,1488,1391,0,0,0,1.0,1,1.0,1,1.0,1,0.09188320372748829,46
2171,0,2879,1488,1391,0,0,0,1.0,1,1.0,1,1.0,1,0.09949617716471153,48
2172,1,2880,1489,1391,0,0,0,1.0,1,1.0,1,1.0,1,0.10807696440827899,49
2173,2,2882,1490,1392,0,0,0,1.0,1,1.0,1,1.0,1,0.07861753711964499,49
2174,2,2884,1491,1393,0,0,0,1.0,1,1.0,1,1.0,1,0.06453495396478279,49
2175,0,2884,1491,1393,0,0,0,1.0,1,1.0,1,1.0,1,0.06453495396478279,49
2176,0,2884,1491,1393,0,0,0,1.0,1,1.0,1,1.0,1,0.06578798530295357,51
2177,1,2885,1492,1393,0,0,0,1.0,1,1.0,1,1.0,1,0.04499805585621555,51
2178,2,2887,1494,1393,0,0,0,1.0,1,1.0,1,1.0,1,0.06437244792723334,50
2179,3,2890,1497,1393,0,0,0,1.0,1,1.0,1,1.0,1,0.0691428342258747,49
2180,0,2890,1497,1393,0,0,0,1.0,1,1.0,1,1.0,1,0.08122459599070916,47
2181,2,2892,1499,1393,0,0,0,1.0,1,1.0,1,1.0,1,0.040781679850333194,47
2182,1,2893,1500,1393,0,0,0,1.0,1,1.0,1,1.0,1,0.011432524135200487,45
2183,2,2895,1502,1393,0,0,0,1.0,1,1.0,1,1.0,1,0.035640387940200004,44
2184,2,2897,1504,1393,0,0,0,1.0,1,1.0,1,1.0,1,0.07499200515506475,43
2185,4,2901,1508,1393,0,0,0,1.0,1,1.0,1,1.0,1,0.13459035280758858,40
2186,4,2905,1512,1393,0,0,0,1.0,1,1.0,1,1.0,1,0.1139174208729509,38
2187,3,2908,1515,1393,0,0,0,1.0,1,1.0,1,1.0,1,0.10974861462857481,35
2188,1,2909,1516,1393,0,0,0,1.0,1,1.0,1,1.0,1,0.13457274699248292,34
2189,0,2909,1516,1393,0,0,0,1.0,1,1.0,1,1.0,1,0.09704273217210674,31
2190,1,2910,1517,1393,0,0,0,1.0,1,1.0,1,1.0,1,0.1514698017979191,29
2191,1,2911,1518,1393,0,0,0,1.0,1,1.0,1,1.0,1,0.17537893307264604,28
2192,2,2913,1519,1394,0,0,0,1.0,1,1.0,1,1.0,1,0.20952358824982184,29
2193,1,2914,1520,1394,0,0,0,1.0,1,1.0,1,1.0,1,0.23415575208762363,28
2194,1,2915,1520,1395,0,0,0,1.0,1,1.0,1,1.0,1,0.20872247210151407,27
2195,2,2917,1522,1395,0,0,0,1.0,1,1.0,1,1.0,1,0.19167742278719047,27
2196,4,2921,1523,1398,0,0,0,1.0,1,1.0,1,1.0,1,0.2050783801026902,27
2197,2,2923,1524,1399,0,0,0,1.0,1,1.0,1,1.0,1,0.16467654765813222,27
2198,0,2923,1524,1399,0,0,0,1.0,1,1.0,1,1.0,1,0.13461093188311765,28
2199,2,2925,1525,1400,0,0,0,1.0,1,1.0,1,1.0,1,0.13071913274035782,29
2200,2,2927,1525,1402,0,0,0,1.0,1,1.0,1,1.0,1,0.10243995369425513,31
2201,1,2928,1526,1402,0,0,0,1.0,1,1.0,1,1.0,1,0.11038635176130746,32
2202,1,2929,1527,1402,0,0,0,1.0,1,1.0,1,1.0,1,0.14907056035608265,31
2203,0,2929,1527,1402,0,0,0,1.0,1,1.0,1,1.0,1,0.11497141168241197,32
2204,0,2929,1527,1402,0,0,0,1.0,1,1.0,1,1.0,1,0.11497141168241197,32
2205,0,2929,1527,1402,0,0,0,1.0,1,1.0,1,1.0,1,0.12747960182879528,33
2206,1,2930,1528,1402,0,0,0,1.0,1,1.0,1,1.0,1,0.12689979506891993,32
2207,1,2931,1528,1403,0,0,0,1.0,1,1.0,1,1.0,1,0.09547627685270306,33
2208,1,2932,1528,1404,0,0,0,1.0,1,1.0,1,1.0,1,0.05451263207921995,35
2209,1,2933,1529,1404,0,0,0,1.0,1,1.0,1,1.0,1,0.09638132136902139,36
2210,0,2933,1529,1404,0,0,0,1.0,1,1.0,1,1.0,1,0.11459925641769592,35
2211,0,2933,1529,1404,0,0,0,1.0,1,1.0,1,1.0,1,0.12928865691758754,36
2212,1,2934,1530,1404,0,0,0,1.0,1,1.0,1,1.0,1,0.12360680053795546,37
2213,4,2938,1534,1404,0,0,0,1.0,1,1.0,1,1.0,1,0.12157573899015982,37
2214,1,2939,1534,1405,0,0,0,1.0,1,1.0,1,1.0,1,0.07793403583637358,39
2215,4,2943,1538,1405,0,0,0,1.0,1,1.0,1,1.0,1,0.09160801699102196,36
2216,2,2945,1540,1405,0,0,0,1.0,1,1.0,1,1.0,1,0.08358567400615291,37
2217,2,2947,1542,1405,0,0,0,1.0,1,1.0,1,1.0,1,0.10914121209370414,35
2218,1,2948,1542,1406,0,0,0,1.0,1,1.0,1,1.0,1,0.09323111052641046,35
2219,0,2948,1542,1406,0,0,0,1.0,1,1.0,1,1.0,1,0.059672131847461514,33
2220,0,2948,1542,1406,0,0,0,1.0,1,1.0,1,1.0,1,0.05249251064003613,31
2221,0,2948,1542,1406,0,0,0,1.0,1,1.0,1,1.0,1,0.05249251064003613,31
2222,1,2949,1543,1406,0,0,0,1.0,1,1.0,1,1.0,1,0.0860803611985692,30
2223,0,2949,1543,1406,0,0,0,1.0,1,1.0,1,1.0,1,0.08218387352608443,28
2224,3,2952,1546,1406,0,0,0,1.0,1,1.0,1,1.0,1,0.1124920401160622,29
2225,2,2954,1548,1406,0,0,0,1.0,1,1.0,1,1.0,1,0.12333888152690521,28
2226,1,2955,1549,1406,0,0,0,1.0,1,1.0,1,1.0,1,0.0834530134009647,30
2227,0,2955,1549,1406,0,0,0,1.0,1,1.0,1,1.0,1,0.1290685219021603,28
2228,2,2957,1551,1406,0,0,0,1.0,1,1.0,1,1.0,1,0.10127187664007987,29
2229,1,2958,1552,1406,0,0,0,1.0,1,1.0,1,1.0,1,0.10409779688566856,28
2230,0,2958,1552,1406,0,0,0,1.0,1,1.0,1,1.0,1,0.10143687569982657,28
2231,1,2959,1553,1406,0,0,0,1.0,1,1.0,1,1.0,1,0.19161568155415573,27
2232,1,2960,1553,1407,0,0,0,1.0,1,1.0,1,1.0,1,0.1479671087119663,27
2233,1,2961,1553,1408,0,0,0,1.0,1,1.0,1,1.0,1,0.0918579896949208,28
2234,2,2963,1555,1408,0,0,0,1.0,1,1.0,1,1.0,1,0.08027339579301251,26
2235,0,2963,1555,1408,0,0,0,1.0,1,1.0,1,1.0,1,0.08027339579301251,26
2236,1,2964,1556,1408,0,0,0,1.0,1,1.0,1,1.0,1,0.017525396528723626,26
2237,4,2968,1560,1408,0,0,0,1.0,1,1.0,1,1.0,1,0.10005849170227163,26
2238,1,2969,1561,1408,0,0,0,1.0,1,1.0,1,1.0,1,0.13078709841855024,27
2239,3,2972,1563,1409,0,0,0,1.0,1,1.0,1,1.0,1,0.13920720405081163,28
2240,4,2976,1566,1410,0,0,0,1.0,1,1.0,1,1.0,1,0.13119651808167165,30
2241,1,2977,1567,1410,0,0,0,1.0,1,1.0,1,1.0,1,0.17244967068678788,29
2242,3,2980,1569,1411,0,0,0,1.0,1,1.0,1,1.0,1,0.1378184202443965,29
2243,1,2981,1570,1411,0,0,0,1.0,1,1.0,1,1.0,1,0.15209703106734615,29
2244,0,2981,1570,1411,0,0,0,1.0,1,1.0,1,1.0,1,0.15209703106734615,29
2245,1,2982,1570,1412,0,0,0,1.0,1,1.0,1,1.0,1,0.1265046414327475,30
2246,1,2983,1570,1413,0,0,0,1.0,1,1.0,1,1.0,1,0.09242978450752791,33
2247,0,2983,1570,1413,0,0,0,1.0,1,1.0,1,1.0,1,0.07494737364730822,34
2248,0,2983,1570,1413,0,0,0,1.0,1,1.0,1,1.0,1,0.07494737364730822,34
2249,0,2983,1570,1413,0,0,0,1.0,1,1.0,1,1.0,1,0.07387832198995191,35
2250,1,2984,1571,1413,0,0,0,1.0,1,1.0,1,1.0,1,0.10847470508715583,35
2251,1,2985,1572,1413,0,0,0,1.0,1,1.0,1,1.0,1,0.11913832816953532,36
2252,1,2986,1573,1413,0,0,0,1.0,1,1.0,1,1.0,1,0.1690966251909107,37
2253,2,2988,1575,1413,0,0,0,1.0,1,1.0,1,1.0,1,0.19915120523307012,35
2254,0,2988,1575,1413,0,0,0,1.0,1,1.0,1,1.0,1,0.16705614957336123,33
2255,1,2989,1576,1413,0,0,0,1.0,1,1.0,1,1.0,1,0.19819685060415068,35
2256,5,2994,1578,1416,0,0,0,1.0,1,1.0,1,1.0,1,0.1568344211497056,34
2257,3,2997,1580,1417,0,0,0,1.0,1,1.0,1,1.0,1,0.12979445184023147,36
2258,1,2998,1581,1417,0,0,0,1.0,1,1.0,1,1.0,1,0.1300161382830033,35
2259,0,2998,1581,1417,0,0,0,1.0,1,1.0,1,1.0,1,0.13397250569433528,35
2260,2,3000,1582,1418,0,0,0,1.0,1,1.0,1,1.0,1,0.09361633994040561,33
2261,1,3001,1583,1418,0,0,0,1.0,1,1.0,1,1.0,1,0.11596791759199342,33
2262,1,3002,1583,1419,0,0,0,1.0,1,1.0,1,1.0,1,0.12186903914629597,32
2263,2,3004,1585,1419,0,0,0,1.0,1,1.0,1,1.0,1,0.16675583927704152,31
2264,1,3005,1585,1420,0,0,0,1.0,1,1.0,1,1.0,1,0.14980719282805555,30
2265,1,3006,1586,1420,0,0,0,1.0,1,1.0,1,1.0,1,0.15108173663074168,29
2266,2,3008,1588,1420,0,0,0,1.0,1,1.0,1,1.0,1,0.05290237349672942,30
2267,1,3009,1589,1420,0,0,0,1.0,1,1.0,1,1.0,1,0.05593503381347058,29
2268,4,3013,1593,1420,0,0,0,1.0,1,1.0,1,1.0,1,0.09755477617822561,30
2269,1,3014,1594,1420,0,0,0,1.0,1,1.0,1,1.0,1,0.0956275334919348,31
2270,4,3018,1597,1421,0,0,0,1.0,1,1.0,1,1.0,1,0.14296284798810807,31
2271,2,3020,1599,1421,0,0,0,1.0,1,1.0,1,1.0,1,0.15276777672589023,31
2272,4,3024,1600,1424,0,0,0,1.0,1,1.0,1,1.0,1,0.09694947238797977,31
2273,0,3024,1600,1424,0,0,0,1.0,1,1.0,1,1.0,1,0.09813736285452207,30
2274,1,3025,1601,1424,0,0,0,1.0,1,1.0,1,1.0,1,0.0590575283853981,31
2275,0,3025,1601,1424,0,0,0,1.0,1,1.0,1,1.0,1,0.07266445268332908,32
2276,0,3025,1601,1424,0,0,0,1.0,1,1.0,1,1.0,1,0.10080128269935688,31
2277,0,3025,1601,1424,0,0,0,1.0,1,1.0,1,1.0,1,0.11127458108226963,31
2278,2,3027,1603,1424,0,0,0,1.0,1,1.0,1,1.0,1,0.14611818341901697,32
2279,2,3029,1604,1425,0,0,0,1.0,1,1.0,1,1.0,1,0.15469011975497424,32
2280,0,3029,1604,1425,0,0,0,1.0,1,1.0,1,1.0,1,0.12901122746574728,33
2281,2,3031,1604,1427,0,0,0,1.0,1,1.0,1,1.0,1,0.07645361230670325,34
2282,1,3032,1605,1427,0,0,0,1.0,1,1.0,1,1.0,1,0.11364653718034555,34
2283,0,3032,1605,1427,0,0,0,1.0,1,1.0,1,1.0,1,0.11364653718034555,34
2284,0,3032,1605,1427,0,0,0,1.0,1,1.0,1,1.0,1,0.11364653718034555,34
2285,1,3033,1605,1428,0,0,0,1.0,1,1.0,1,1.0,1,0.09585525474878771,35
2286,0,3033,1605,1428,0,0,0,1.0,1,1.0,1,1.0,1,0.09125179254067746,34
2287,1,3034,1606,1428,0,0,0,1.0,1,1.0,1,1.0,1,0.10450167236275527,35
2288,0,3034,1606,1428,0,0,0,1.0,1,1.0,1,1.0,1,0.06674094423823591,35
2289,3,3037,1608,1429,0,0,0,1.0,1,1.0,1,1.0,1,0.10874915376508584,37
2290,0,3037,1608,1429,0,0,0,1.0,1,1.0,1,1.0,1,0.10591170999694165,37
2291,2,3039,1610,1429,0,0,0,1.0,1,1.0,1,1.0,1,0.16213945293960744,35
2292,0,3039,1610,1429,0,0,0,1.0,1,1.0,1,1.0,1,0.16801976310935096,35
2293,1,3040,1611,1429,0,0,0,1.0,1,1.0,1,1.0,1,0.18370013071888402,34
2294,1,3041,1611,1430,0,0,0,1.0,1,1.0,1,1.0,1,0.13699012409848052,33
2295,0,3041,1611,1430,0,0,0,1.0,1,1.0,1,1.0,1,0.13974631759877876,34
2296,2,3043,1612,1431,0,0,0,1.0,1,1.0,1,1.0,1,0.07252997416801792,33
2297,0,3043,1612,1431,0,0,0,1.0,1,1.0,1,1.0,1,0.09850909173942532,32
2298,1,3044,1613,1431,0,0,0,1.0,1,1.0,1,1.0,1,0.15450698787501937,32
2299,1,3045,1614,1431,0,0,0,1.0,1,1.0,1,1.0,1,0.15942620322570267,33
2300,1,3046,1615,1431,0,0,0,1.0,1,1.0,1,1.0,1,0.15579972755949867,33
2301,2,3048,1617,1431,0,0,0,1.0,1,1.0,1,1.0,1,0.18689830511269254,33
2302,2,3050,1619,1431,0,0,0,1.0,1,1.0,1,1.0,1,0.20597648921450137,34
2303,4,3054,1621,1433,0,0,0,1.0,1,1.0,1,1.0,1,0.20814972911748877,34
2304,1,3055,1621,1434,0,0,0,1.0,1,1.0,1,1.0,1,0.16004031977004102,33
2305,1,3056,1622,1434,0,0,0,1.0,1,1.0,1,1.0,1,0.16240223599919507,33
2306,4,3060,1625,1435,0,0,0,1.0,1,1.0,1,1.0,1,0.23312048836688568,33
2307,0,3060,1625,1435,0,0,0,1.0,1,1.0,1,1.0,1,0.2148347368820066,35
2308,3,3063,1627,1436,0,0,0,1.0,1,1.0,1,1.0,1,0.22364050711097125,34
2309,2,3065,1628,1437,0,0,0,1.0,1,1.0,1,1.0,1,0.1653821508276789,34
2310,1,3066,1629,1437,0,0,0,1.0,1,1.0,1,1.0,1,0.1743141183938018,34
2311,0,3066,1629,1437,0,0,0,1.0,1,1.0,1,1.0,1,0.14429324533598992,35
2312,1,3067,1630,1437,0,0,0,1.0,1,1.0,1,1.0,1,0.13649255728509668,34
2313,0,3067,1630,1437,0,0,0,1.0,1,1.0,1,1.0,1,0.08340943012172744,35
2314,1,3068,1631,1437,0,0,0,1.0,1,1.0,1,1.0,1,0.12782080233719686,35
2315,0,3068,1631,1437,0,0,0,1.0,1,1.0,1,1.0,1,0.14788981041194244,34
2316,1,3069,1631,1438,0,0,0,1.0,1,1.0,1,1.0,1,0.1088645019383864,35
2317,1,3070,1632,1438,0,0,0,1.0,1,1.0,1,1.0,1,0.1443320211699872,32
2318,0,3070,1632,1438,0,0,0,1.0,1,1.0,1,1.0,1,0.1443320211699872,32
2319,1,3071,1633,1438,0,0,0,1.0,1,1.0,1,1.0,1,0.16365262619930926,32
2320,1,3072,1633,1439,0,0,0,1.0,1,1.0,1,1.0,1,0.13590625730430253,32
2321,0,3072,1633,1439,0,0,0,1.0,1,1.0,1,1.0,1,0.12452312518134724,33
2322,0,3072,1633,1439,0,0,0,1.0,1,1.0,1,1.0,1,0.12452312518134724,33
2323,1,3073,1633,1440,0,0,0,1.0,1,1.0,1,1.0,1,0.10248299954939517,33
2324,0,3073,1633,1440,0,0,0,1.0,1,1.0,1,1.0,1,0.10693533035803172,34
2325,0,3073,1633,1440,0,0,0,1.0,1,1.0,1,1.0,1,0.09776678608214218,35
2326,0,3073,1633,1440,0,0,0,1.0,1,1.0,1,1.0,1,0.09776678608214218,35
2327,0,3073,1633,1440,0,0,0,1.0,1,1.0,1,1.0,1,0.11888242952580556,36
2328,0,3073,1633,1440,0,0,0,1.0,1,1.0,1,1.0,1,0.12329157487217733,37
2329,0,3073,1633,1440,0,0,0,1.0,1,1.0,1,1.0,1,0.1032898357405673,37
2330,0,3073,1633,1440,0,0,0,1.0,1,1.0,1,1.0,1,0.10337058594231811,38
2331,0,3073,1633,1440,0,0,0,1.0,1,1.0,1,1.0,1,0.103220207956776,40
2332,0,3073,1633,1440,0,0,0,1.0,1,1.0,1,1.0,1,0.103220207956776,40
2333,1,3074,1634,1440,0,0,0,1.0,1,1.0,1,1.0,1,0.1204702928026918,41
2334,0,3074,1634,1440,0,0,0,1.0,1,1.0,1,1.0,1,0.1204702928026918,41
2335,0,3074,1634,1440,0,0,0,1.0,1,1.0,1,1.0,1,0.1204702928026918,41
2336,1,3075,1634,1441,0,0,0,1.0,1,1.0,1,1.0,1,0.09091961886995034,41
2337,1,3076,1634,1442,0,0,0,1.0,1,1.0,1,1.0,1,0.06982019729023069,42
2338,5,3081,1637,1444,0,0,0,1.0,1,1.0,1,1.0,1,0.09492182019766479,43
2339,2,3083,1637,1446,0,0,0,1.0,1,1.0,1,1.0,1,0.0644926312881411,43
2340,3,3086,1639,1447,0,0,0,1.0,1,1.0,1,1.0,1,0.07739213079785379,45
2341,0,3086,1639,1447,0,0,0,1.0,1,1.0,1,1.0,1,0.06995680278360566,45
2342,4,3090,1641,1449,0,0,0,1.0,1,1.0,1,1.0,1,0.0962340024940915,46
2343,0,3090,1641,1449,0,0,0,1.0,1,1.0,1,1.0,1,0.0846510619450002,45
2344,4,3094,1643,1451,0,0,0,1.0,1,1.0,1,1.0,1,0.0890066936189706,44
2345,1,3095,1644,1451,0,0,0,1.0,1,1.0,1,1.0,1,0.13503024148474627,44
2346,0,3095,1644,1451,0,0,0,1.0,1,1.0,1,1.0,1,0.13503024148474627,44
2347,5,3100,1645,1455,0,0,0,1.0,1,1.0,1,1.0,1,0.08950579410201534,44
2348,0,3100,1645,1455,0,0,0,1.0,1,1.0,1,1.0,1,0.08284441087920509,45
2349,0,3100,1645,1455,0,0,0,1.0,1,1.0,1,1.0,1,0.0914301252541718,46
2350,2,3102,1646,1456,0,0,0,1.0,1,1.0,1,1.0,1,0.10191900634418373,47
2351,0,3102,1646,1456,0,0,0,1.0,1,1.0,1,1.0,1,0.10191900634418373,47
2352,0,3102,1646,1456,0,0,0,1.0,1,1.0,1,1.0,1,0.10191900634418373,47
2353,1,3103,1647,1456,0,0,0,1.0,1,1.0,1,1.0,1,0.1370892955310572,46
2354,3,3106,1650,1456,0,0,0,1.0,1,1.0,1,1.0,1,0.12889358202868062,47
2355,1,3107,1650,1457,0,0,0,1.0,1,1.0,1,1.0,1,0.12151699370437202,47
2356,3,3110,1652,1458,0,0,0,1.0,1,1.0,1,1.0,1,0.09907142258148217,47
2357,1,3111,1653,1458,0,0,0,1.0,1,1.0,1,1.0,1,0.11123237995638385,47
2358,1,3112,1653,1459,0,0,0,1.0,1,1.0,1,1.0,1,0.07870276782842538,48
2359,2,3114,1653,1461,0,0,0,1.0,1,1.0,1,1.0,1,0.049186579886415664,49
2360,1,3115,1654,1461,0,0,0,1.0,1,1.0,1,1.0,1,0.037474896176566144,49
2361,0,3115,1654,1461,0,0,0,1.0,1,1.0,1,1.0,1,0.0346891545129251,50
2362,0,3115,1654,1461,0,0,0,1.0,1,1.0,1,1.0,1,0.026992356772786146,51
2363,0,3115,1654,1461,0,0,0,1.0,1,1.0,1,1.0,1,0.026992356772786146,51
2364,1,3116,1655,1461,0,0,0,1.0,1,1.0,1,1.0,1,0.03722385467321843,52
2365,2,3118,1657,1461,0,0,0,1.0,1,1.0,1,1.0,1,0.043985775580832706,53
2366,4,3122,1659,1463,0,0,0,1.0,1,1.0,1,1.0,1,0.04712660725385187,54
2367,3,3125,1662,1463,0,0,0,1.0,1,1.0,1,1.0,1,0.06863364554757176,52
2368,5,3130,1665,1465,0,0,0,1.0,1,1.0,1,1.0,1,0.07282713075377888,51
2369,2,3132,1667,1465,0,0,0,1.0,1,1.0,1,1.0,1,0.07799877327030842,51
2370,3,3135,1670,1465,0,0,0,1.0,1,1.0,1,1.0,1,0.11825733615699163,52
2371,5,3140,1673,1467,0,0,0,1.0,1,1.0,1,1.0,1,0.10471478276352994,52
2372,1,3141,1674,1467,0,0,0,1.0,1,1.0,1,1.0,1,0.1291027438255984,49
2373,1,3142,1675,1467,0,0,0,1.0,1,1.0,1,1.0,1,0.12795733275896626,47
2374,1,3143,1675,1468,0,0,0,1.0,1,1.0,1,1.0,1,0.08156305559536503,45
2375,0,3143,1675,1468,0,0,0,1.0,1,1.0,1,1.0,1,0.058399220358694694,45
2376,0,3143,1675,1468,0,0,0,1.0,1,1.0,1,1.0,1,0.05900446843988601,43
2377,2,3145,1676,1469,0,0,0,1.0,1,1.0,1,1.0,1,0.059377103129867444,44
2378,2,3147,1678,1469,0,0,0,1.0,1,1.0,1,1.0,1,0.07092557580259709,43
2379,2,3149,1679,1470,0,0,0,1.0,1,1.0,1,1.0,1,0.07434971115927004,43
2380,1,3150,1679,1471,0,0,0,1.0,1,1.0,1,1.0,1,0.045035543829668796,43
2381,2,3152,1681,1471,0,0,0,1.0,1,1.0,1,1.0,1,0.06750122423361735,44
2382,1,3153,1681,1472,0,0,0,1.0,1,1.0,1,1.0,1,0.04383449915282672,44
2383,2,3155,1683,1472,0,0,0,1.0,1,1.0,1,1.0,1,0.04305291612744815,45
2384,2,3157,1684,1473,0,0,0,1.0,1,1.0,1,1.0,1,0.05146935821380219,45
2385,1,3158,1685,1473,0,0,0,1.0,1,1.0,1,1.0,1,0.050161906049507723,45
2386,2,3160,1687,1473,0,0,0,1.0,1,1.0,1,1.0,1,0.02303843427571608,46
2387,1,3161,1688,1473,0,0,0,1.0,1,1.0,1,1.0,1,0.0646088942187707,44
2388,1,3162,1689,1473,0,0,0,1.0,1,1.0,1,1.0,1,0.04593649223892249,44
2389,1,3163,1690,1473,0,0,0,1.0,1,1.0,1,1.0,1,0.05366248496489463,43
2390,3,3166,1692,1474,0,0,0,1.0,1,1.0,1,1.0,1,0.04942876200318803,44
2391,0,3166,1692,1474,0,0,0,1.0,1,1.0,1,1.0,1,0.05572991010120425,43
2392,1,3167,1693,1474,0,0,0,1.0,1,1.0,1,1.0,1,0.09084388321024105,44
2393,2,3169,1695,1474,0,0,0,1.0,1,1.0,1,1.0,1,0.14213925418540715,45
2394,1,3170,1696,1474,0,0,0,1.0,1,1.0,1,1.0,1,0.15490222126297712,44
2395,1,3171,1697,1474,0,0,0,1.0,1,1.0,1,1.0,1,0.19328116940590673,44
2396,5,3176,1698,1478,0,0,0,1.0,1,1.0,1,1.0,1,0.17987805647444796,45
2397,1,3177,1698,1479,0,0,0,1.0,1,1.0,1,1.0,1,0.19352837894054334,44
2398,4,3181,1699,1482,0,0,0,1.0,1,1.0,1,1.0,1,0.19967623135173812,44
2399,1,3182,1699,1483,0,0,0,1.0,1,1.0,1,1.0,1,0.19344744258055302,45
2400,1,3183,1699,1484,0,0,0,1.0,1,1.0,1,1.0,1,0.18368101044118093,45
2401,3,3186,1699,1487,0,0,0,1.0,1,1.0,1,1.0,1,0.13997063901291731,46
2402,0,3186,1699,1487,0,0,0,1.0,1,1.0,1,1.0,1,0.10776274731499494,47
2403,0,3186,1699,1487,0,0,0,1.0,1,1.0,1,1.0,1,0.10051570181715773,48
2404,2,3188,1701,1487,0,0,0,1.0,1,1.0,1,1.0,1,0.08873152484783929,47
2405,0,3188,1701,1487,0,0,0,1.0,1,1.0,1,1.0,1,0.06791496564890913,45
2406,1,3189,1702,1487,0,0,0,1.0,1,1.0,1,1.0,1,0.10479832530175034,45
2407,2,3191,1704,1487,0,0,0,1.0,1,1.0,1,1.0,1,0.040205515358369706,42
2408,1,3192,1705,1487,0,0,0,1.0,1,1.0,1,1.0,1,0.05989111416877595,41
2409,3,3195,1708,1487,0,0,0,1.0,1,1.0,1,1.0,1,0.059507992142452115,41
2410,0,3195,1708,1487,0,0,0,1.0,1,1.0,1,1.0,1,0.04858687589629539,40
2411,3,3198,1711,1487,0,0,0,1.0,1,1.0,1,1.0,1,0.07965276902884175,40
2412,1,3199,1712,1487,0,0,0,1.0,1,1.0,1,1.0,1,0.06991051653019308,38
2413,2,3201,1714,1487,0,0,0,1.0,1,1.0,1,1.0,1,0.14536301966813597,38
2414,2,3203,1716,1487,0,0,0,1.0,1,1.0,1,1.0,1,0.13117415622701623,36
2415,2,3205,1717,1488,0,0,0,1.0,1,1.0,1,1.0,1,0.1752286263988574,36
2416,3,3208,1717,1491,0,0,0,1.0,1,1.0,1,1.0,1,0.07417154854871932,35
2417,0,3208,1717,1491,0,0,0,1.0,1,1.0,1,1.0,1,0.1463619865331331,33
2418,0,3208,1717,1491,0,0,0,1.0,1,1.0,1,1.0,1,0.1463619865331331,33
2419,1,3209,1718,1491,0,0,0,1.0,1,1.0,1,1.0,1,0.23347252582945685,33
2420,2,3211,1720,1491,0,0,0,1.0,1,1.0,1,1.0,1,0.1251533635047989,34
2421,1,3212,1720,1492,0,0,0,1.0,1,1.0,1,1.0,1,0.11563498330586695,34
2422,4,3216,1723,1493,0,0,0,1.0,1,1.0,1,1.0,1,0.03964435300145493,35
2423,1,3217,1724,1493,0,0,0,1.0,1,1.0,1,1.0,1,0.04186105461043809,36
2424,1,3218,1725,1493,0,0,0,1.0,1,1.0,1,1.0,1,0.04935495918530391,35
2425,3,3221,1728,1493,0,0,0,1.0,1,1.0,1,1.0,1,0.14445527832676774,33
2426,1,3222,1728,1494,0,0,0,1.0,1,1.0,1,1.0,1,0.1350185534302548,34
2427,1,3223,1729,1494,0,0,0,1.0,1,1.0,1,1.0,1,0.12203382938350119,34
2428,1,3224,1729,1495,0,0,0,1.0,1,1.0,1,1.0,1,0.10973114504445486,34
2429,1,3225,1730,1495,0,0,0,1.0,1,1.0,1,1.0,1,0.16575943794801037,34
2430,0,3225,1730,1495,0,0,0,1.0,1,1.0,1,1.0,1,0.19906926315059967,33
2431,3,3228,1730,1498,0,0,0,1.0,1,1.0,1,1.0,1,0.1340253727774898,33
2432,0,3228,1730,1498,0,0,0,1.0,1,1.0,1,1.0,1,0.18187684266712736,33
2433,3,3231,1732,1499,0,0,0,1.0,1,1.0,1,1.0,1,0.14929193544242936,34
2434,1,3232,1732,1500,0,0,0,1.0,1,1.0,1,1.0,1,0.11690856655923702,34
2435,0,3232,1732,1500,0,0,0,1.0,1,1.0,1,1.0,1,0.11690856655923702,34
2436,0,3232,1732,1500,0,0,0,1.0,1,1.0,1,1.0,1,0.1392211150268281,33
2437,2,3234,1734,1500,0,0,0,1.0,1,1.0,1,1.0,1,0.20902264101245804,33
2438,2,3236,1735,1501,0,0,0,1.0,1,1.0,1,1.0,1,0.15203951226428833,34
2439,1,3237,1735,1502,0,0,0,1.0,1,1.0,1,1.0,1,0.13265259168856253,35
2440,1,3238,1735,1503,0,0,0,1.0,1,1.0,1,1.0,1,0.12282648084308162,35
2441,2,3240,1737,1503,0,0,0,1.0,1,1.0,1,1.0,1,0.12928598580414763,35
2442,0,3240,1737,1503,0,0,0,1.0,1,1.0,1,1.0,1,0.11217283778050184,35
2443,3,3243,1740,1503,0,0,0,1.0,1,1.0,1,1.0,1,0.20831551317925875,35
2444,2,3245,1740,1505,0,0,0,1.0,1,1.0,1,1.0,1,0.21045359637736716,34
2445,1,3246,1741,1505,0,0,0,1.0,1,1.0,1,1.0,1,0.2500234766125743,33
2446,5,3251,1741,1510,0,0,0,1.0,1,1.0,1,1.0,1,0.15892893537288524,30
2447,0,3251,1741,1510,0,0,0,1.0,1,1.0,1,1.0,1,0.13702815625864717,29
2448,1,3252,1742,1510,0,0,0,1.0,1,1.0,1,1.0,1,0.11752291593203575,27
2449,1,3253,1742,1511,0,0,0,1.0,1,1.0,1,1.0,1,0.08981332732914915,26
2450,1,3254,1743,1511,0,0,0,1.0,1,1.0,1,1.0,1,0.12242087586057568,28
2451,0,3254,1743,1511,0,0,0,1.0,1,1.0,1,1.0,1,0.12242087586057568,28
2452,1,3255,1744,1511,0,0,0,1.0,1,1.0,1,1.0,1,0.11533295445024172,29
2453,1,3256,1745,1511,0,0,0,1.0,1,1.0,1,1.0,1,0.11957286603789948,30
2454,3,3259,1747,1512,0,0,0,1.0,1,1.0,1,1.0,1,0.1014779101835248,32
2455,2,3261,1748,1513,0,0,0,1.0,1,1.0,1,1.0,1,0.027874893519229598,33
2456,2,3263,1750,1513,0,0,0,1.0,1,1.0,1,1.0,1,0.0713645001726284,34
2457,2,3265,1751,1514,0,0,0,1.0,1,1.0,1,1.0,1,0.0859816032379468,34
2458,1,3266,1751,1515,0,0,0,1.0,1,1.0,1,1.0,1,0.08546490738331505,36
2459,0,3266,1751,1515,0,0,0,1.0,1,1.0,1,1.0,1,0.08546490738331505,36
2460,1,3267,1752,1515,0,0,0,1.0,1,1.0,1,1.0,1,0.07947235973521045,37
2461,1,3268,1753,1515,0,0,0,1.0,1,1.0,1,1.0,1,0.12569071486074948,37
2462,1,3269,1754,1515,0,0,0,1.0,1,1.0,1,1.0,1,0.16667964832794582,38
2463,1,3270,1755,1515,0,0,0,1.0,1,1.0,1,1.0,1,0.12939705761545983,38
2464,3,3273,1756,1517,0,0,0,1.0,1,1.0,1,1.0,1,0.06233719164505006,37
2465,1,3274,1757,1517,0,0,0,1.0,1,1.0,1,1.0,1,0.07687888026825387,36
2466,1,3275,1758,1517,0,0,0,1.0,1,1.0,1,1.0,1,0.09477515633475339,36
2467,2,3277,1758,1519,0,0,0,1.0,1,1.0,1,1.0,1,0.08950138869309628,34
2468,1,3278,1759,1519,0,0,0,1.0,1,1.0,1,1.0,1,0.0940593598157992,33
2469,1,3279,1760,1519,0,0,0,1.0,1,1.0,1,1.0,1,0.10352662700786519,32
2470,1,3280,1760,1520,0,0,0,1.0,1,1.0,1,1.0,1,0.05235656270528914,33
2471,0,3280,1760,1520,0,0,0,1.0,1,1.0,1,1.0,1,0.11804652423595623,31
2472,0,3280,1760,1520,0,0,0,1.0,1,1.0,1,1.0,1,0.1106904007878581,32
2473,1,3281,1761,1520,0,0,0,1.0,1,1.0,1,1.0,1,0.15376043901894595,31
2474,1,3282,1761,1521,0,0,0,1.0,1,1.0,1,1.0,1,0.12811836657949352,33
2475,2,3284,1762,1522,0,0,0,1.0,1,1.0,1,1.0,1,0.15919578059759243,33
2476,2,3286,1763,1523,0,0,0,1.0,1,1.0,1,1.0,1,0.19730548279937188,33
2477,1,3287,1764,1523,0,0,0,1.0,1,1.0,1,1.0,1,0.22834289953885958,33
2478,0,3287,1764,1523,0,0,0,1.0,1,1.0,1,1.0,1,0.22834289953885958,33
2479,4,3291,1766,1525,0,0,0,1.0,1,1.0,1,1.0,1,0.2270974462883485,33
2480,1,3292,1766,1526,0,0,0,1.0,1,1.0,1,1.0,1,0.2121197554560552,34
2481,5,3297,1769,1528,0,0,0,1.0,1,1.0,1,1.0,1,0.14079276374970284,33
2482,3,3300,1770,1530,0,0,0,1.0,1,1.0,1,1.0,1,0.07531248522501231,34
2483,0,3300,1770,1530,0,0,0,1.0,1,1.0,1,1.0,1,0.05857666932175529,33
2484,1,3301,1771,1530,0,0,0,1.0,1,1.0,1,1.0,1,0.04816304884242689,32
2485,2,3303,1773,1530,0,0,0,1.0,1,1.0,1,1.0,1,0.01859006868123775,31
2486,2,3305,1775,1530,0,0,0,1.0,1,1.0,1,1.0,1,0.05421285005885158,29
2487,0,3305,1775,1530,0,0,0,1.0,1,1.0,1,1.0,1,0.05421285005885158,29
2488,2,3307,1777,1530,0,0,0,1.0,1,1.0,1,1.0,1,0.08734185157392609,30
2489,1,3308,1778,1530,0,0,0,1.0,1,1.0,1,1.0,1,0.05039065477937595,29
2490,0,3308,1778,1530,0,0,0,1.0,1,1.0,1,1.0,1,0.043301227607412396,30
2491,0,3308,1778,1530,0,0,0,1.0,1,1.0,1,1.0,1,0.05095799958132956,30
2492,1,3309,1779,1530,0,0,0,1.0,1,1.0,1,1.0,1,0.06830326813575553,29
2493,0,3309,1779,1530,0,0,0,1.0,1,1.0,1,1.0,1,0.06830326813575553,29
2494,1,3310,1780,1530,0,0,0,1.0,1,1.0,1,1.0,1,0.04022451165486219,28
2495,0,3310,1780,1530,0,0,0,1.0,1,1.0,1,1.0,1,0.029828215055073035,29
2496,0,3310,1780,1530,0,0,0,1.0,1,1.0,1,1.0,1,0.033076848155265896,28
2497,0,3310,1780,1530,0,0,0,1.0,1,1.0,1,1.0,1,0.05878164335871114,28
2498,0,3310,1780,1530,0,0,0,1.0,1,1.0,1,1.0,1,0.08478437870983369,29
2499,1,3311,1780,1531,0,0,0,1.0,1,1.0,1,1.0,1,0.06674280836038995,30
2500,0,3311,1780,1531,0,0,0,1.0,1,1.0,1,1.0,1,0.09923730334986529,29
2501,4,3315,1783,1532,0,0,0,1.0,1,1.0,1,1.0,1,0.05746010598457203,33
2502,1,3316,1784,1532,0,0,0,1.0,1,1.0,1,1.0,1,0.07159299729106468,33
2503,2,3318,1786,1532,0,0,0,1.0,1,1.0,1,1.0,1,0.09668757514734316,31
2504,2,3320,1788,1532,0,0,0,1.0,1,1.0,1,1.0,1,0.0671418377733161,31
2505,2,3322,1790,1532,0,0,0,1.0,1,1.0,1,1.0,1,0.040050598006908585,32
2506,2,3324,1792,1532,0,0,0,1.0,1,1.0,1,1.0,1,0.10099991900342248,31
2507,3,3327,1795,1532,0,0,0,1.0,1,1.0,1,1.0,1,0.1868321489676863,29
2508,3,3330,1797,1533,0,0,0,1.0,1,1.0,1,1.0,1,0.1553485531048425,31
2509,2,3332,1797,1535,0,0,0,1.0,1,1.0,1,1.0,1,0.10343961382532763,30
2510,1,3333,1797,1536,0,0,0,1.0,1,1.0,1,1.0,1,0.09764063983215493,31
2511,0,3333,1797,1536,0,0,0,1.0,1,1.0,1,1.0,1,0.09060297901543414,32
2512,3,3336,1799,1537,0,0,0,1.0,1,1.0,1,1.0,1,0.09305695066669617,32
2513,1,3337,1800,1537,0,0,0,1.0,1,1.0,1,1.0,1,0.07782078499960435,34
2514,3,3340,1801,1539,0,0,0,1.0,1,1.0,1,1.0,1,0.029664806392067287,35
2515,0,3340,1801,1539,0,0,0,1.0,1,1.0,1,1.0,1,0.029664806392067287,35
2516,1,3341,1802,1539,0,0,0,1.0,1,1.0,1,1.0,1,0.14129084704760725,34
2517,2,3343,1803,1540,0,0,0,1.0,1,1.0,1,1.0,1,0.14221491273525708,34
2518,1,3344,1804,1540,0,0,0,1.0,1,1.0,1,1.0,1,0.18808072476621868,33
2519,1,3345,1805,1540,0,0,0,1.0,1,1.0,1,1.0,1,0.14125419200373537,32
2520,3,3348,1806,1542,0,0,0,1.0,1,1.0,1,1.0,1,0.031982524067868286,31
2521,1,3349,1807,1542,0,0,0,1.0,1,1.0,1,1.0,1,0.07552156279616781,31
2522,0,3349,1807,1542,0,0,0,1.0,1,1.0,1,1.0,1,0.06497023004781655,30
2523,0,3349,1807,1542,0,0,0,1.0,1,1.0,1,1.0,1,0.08143651562806038,30
2524,1,3350,1807,1543,0,0,0,1.0,1,1.0,1,1.0,1,0.11329661609851724,29
2525,0,3350,1807,1543,0,0,0,1.0,1,1.0,1,1.0,1,0.11329661609851724,29
2526,0,3350,1807,1543,0,0,0,1.0,1,1.0,1,1.0,1,0.14543547576812577,27
2527,0,3350,1807,1543,0,0,0,1.0,1,1.0,1,1.0,1,0.13480189568696918,28
2528,0,3350,1807,1543,0,0,0,1.0,1,1.0,1,1.0,1,0.13480189568696918,28
2529,0,3350,1807,1543,0,0,0,1.0,1,1.0,1,1.0,1,0.13480189568696918,28
2530,0,3350,1807,1543,0,0,0,1.0,1,1.0,1,1.0,1,0.13182214841627882,29
2531,0,3350,1807,1543,0,0,0,1.0,1,1.0,1,1.0,1,0.13598224507332668,30
2532,0,3350,1807,1543,0,0,0,1.0,1,1.0,1,1.0,1,0.12647726827664058,31
2533,0,3350,1807,1543,0,0,0,1.0,1,1.0,1,1.0,1,0.12647726827664058,31
2534,0,3350,1807,1543,0,0,0,1.0,1,1.0,1,1.0,1,0.12647726827664058,31
2535,1,3351,1808,1543,0,0,0,1.0,1,1.0,1,1.0,1,0.15954465322451722,31
2536,0,3351,1808,1543,0,0,0,1.0,1,1.0,1,1.0,1,0.1549668553479814,32
2537,3,3354,1810,1544,0,0,0,1.0,1,1.0,1,1.0,1,0.1705609599464868,33
2538,1,3355,1810,1545,0,0,0,1.0,1,1.0,1,1.0,1,0.13114419125612142,35
2539,3,3358,1813,1545,0,0,0,1.0,1,1.0,1,1.0,1,0.15293863709709551,37
2540,6,3364,1817,1547,0,0,0,1.0,1,1.0,1,1.0,1,0.17336361176602957,38
2541,1,3365,1817,1548,0,0,0,1.0,1,1.0,1,1.0,1,0.15143880609513302,39
2542,3,3368,1820,1548,0,0,0,1.0,1,1.0,1,1.0,1,0.1987698504114088,38
2543,2,3370,1822,1548,0,0,0,1.0,1,1.0,1,1.0,1,0.179597751340392,41
2544,1,3371,1823,1548,0,0,0,1.0,1,1.0,1,1.0,1,0.16648279533138532,39
2545,1,3372,1824,1548,0,0,0,1.0,1,1.0,1,1.0,1,0.196475271632427,40
2546,1,3373,1825,1548,0,0,0,1.0,1,1.0,1,1.0,1,0.17352886073866058,38
2547,3,3376,1828,1548,0,0,0,1.0,1,1.0,1,1.0,1,0.16413852779077404,38
2548,0,3376,1828,1548,0,0,0,1.0,1,1.0,1,1.0,1,0.1441280650490825,35
2549,0,3376,1828,1548,0,0,0,1.0,1,1.0,1,1.0,1,0.1315037844999947,35
2550,0,3376,1828,1548,0,0,0,1.0,1,1.0,1,1.0,1,0.13444710234582258,33
2551,1,3377,1829,1548,0,0,0,1.0,1,1.0,1,1.0,1,0.1930622171648777,31
2552,0,3377,1829,1548,0,0,0,1.0,1,1.0,1,1.0,1,0.20084654989971032,30
2553,1,3378,1830,1548,0,0,0,1.0,1,1.0,1,1.0,1,0.23718506834716704,30
2554,2,3380,1830,1550,0,0,0,1.0,1,1.0,1,1.0,1,0.18061776964904036,32
2555,0,3380,1830,1550,0,0,0,1.0,1,1.0,1,1.0,1,0.22837104634374256,32
2556,1,3381,1831,1550,0,0,0,1.0,1,1.0,1,1.0,1,0.1956465577574992,32
2557,0,3381,1831,1550,0,0,0,1.0,1,1.0,1,1.0,1,0.20778737403151906,30
2558,0,3381,1831,1550,0,0,0,1.0,1,1.0,1,1.0,1,0.17170207553857939,31
2559,0,3381,1831,1550,0,0,0,1.0,1,1.0,1,1.0,1,0.1595474999675855,30
2560,0,3381,1831,1550,0,0,0,1.0,1,1.0,1,1.0,1,0.1595474999675855,30
2561,0,3381,1831,1550,0,0,0,1.0,1,1.0,1,1.0,1,0.1595474999675855,30
2562,0,3381,1831,1550,0,0,0,1.0,1,1.0,1,1.0,1,0.16646281755435033,33
2563,0,3381,1831,1550,0,0,0,1.0,1,1.0,1,1.0,1,0.16646281755435033,33
2564,0,3381,1831,1550,0,0,0,1.0,1,1.0,1,1.0,1,0.16646281755435033,33
2565,1,3382,1832,1550,0,0,0,1.0,1,1.0,1,1.0,1,0.14100361077970172,33
2566,1,3383,1833,1550,0,0,0,1.0,1,1.0,1,1.0,1,0.14074670059277647,35
2567,2,3385,1835,1550,0,0,0,1.0,1,1.0,1,1.0,1,0.16460750718361275,36
2568,2,3387,1836,1551,0,0,0,1.0,1,1.0,1,1.0,1,0.1858120066218728,37
2569,0,3387,1836,1551,0,0,0,1.0,1,1.0,1,1.0,1,0.1858120066218728,37
2570,0,3387,1836,1551,0,0,0,1.0,1,1.0,1,1.0,1,0.19714952747264086,37
2571,0,3387,1836,1551,0,0,0,1.0,1,1.0,1,1.0,1,0.19714952747264086,37
2572,0,3387,1836,1551,0,0,0,1.0,1,1.0,1,1.0,1,0.17665533703049527,39
2573,0,3387,1836,1551,0,0,0,1.0,1,1.0,1,1.0,1,0.17665533703049527,39
2574,0,3387,1836,1551,0,0,0,1.0,1,1.0,1,1.0,1,0.1747157693032323,38
2575,0,3387,1836,1551,0,0,0,1.0,1,1.0,1,1.0,1,0.1747157693032323,38
2576,0,3387,1836,1551,0,0,0,1.0,1,1.0,1,1.0,1,0.20317421156107257,37
2577,1,3388,1837,1551,0,0,0,1.0,1,1.0,1,1.0,1,0.21699654663107437,39
2578,3,3391,1839,1552,0,0,0,1.0,1,1.0,1,1.0,1,0.23844143493313097,40
2579,1,3392,1839,1553,0,0,0,1.0,1,1.0,1,1.0,1,0.20763351767686727,41
2580,4,3396,1840,1556,0,0,0,1.0,1,1.0,1,1.0,1,0.16638330730014808,42
2581,2,3398,1840,1558,0,0,0,1.0,1,1.0,1,1.0,1,0.11153904723466976,43
2582,2,3400,1840,1560,0,0,0,1.0,1,1.0,1,1.0,1,0.05868263513630504,43
2583,3,3403,1841,1562,0,0,0,1.0,1,1.0,1,1.0,1,0.042171559814851635,43
2584,0,3403,1841,1562,0,0,0,1.0,1,1.0,1,1.0,1,0.04022888194771428,43
2585,1,3404,1842,1562,0,0,0,1.0,1,1.0,1,1.0,1,0.049624861700188594,44
2586,0,3404,1842,1562,0,0,0,1.0,1,1.0,1,1.0,1,0.0427596592992876,43
2587,4,3408,1846,1562,0,0,0,1.0,1,1.0,1,1.0,1,0.10235409234533491,44
2588,0,3408,1846,1562,0,0,0,1.0,1,1.0,1,1.0,1,0.10235409234533491,44
2589,3,3411,1848,1563,0,0,0,1.0,1,1.0,1,1.0,1,0.07736712932087778,44
2590,2,3413,1849,1564,0,0,0,1.0,1,1.0,1,1.0,1,0.032350025382823895,44
2591,1,3414,1850,1564,0,0,0,1.0,1,1.0,1,1.0,1,0.04761976178822729,44
2592,2,3416,1851,1565,0,0,0,1.0,1,1.0,1,1.0,1,0.05686768989392054,44
2593,2,3418,1853,1565,0,0,0,1.0,1,1.0,1,1.0,1,0.07244718685014861,43
2594,1,3419,1854,1565,0,0,0,1.0,1,1.0,1,1.0,1,0.03800667440718489,48
2595,1,3420,1855,1565,0,0,0,1.0,1,1.0,1,1.0,1,0.05134122794972759,45
2596,1,3421,1856,1565,0,0,0,1.0,1,1.0,1,1.0,1,0.0754682691896138,46
2597,1,3422,1857,1565,0,0,0,1.0,1,1.0,1,1.0,1,0.06429263447078537,45
2598,0,3422,1857,1565,0,0,0,1.0,1,1.0,1,1.0,1,0.06429263447078537,45
2599,4,3426,1860,1566,0,0,0,1.0,1,1.0,1,1.0,1,0.07096797528655348,45
2600,1,3427,1861,1566,0,0,0,1.0,1,1.0,1,1.0,1,0.04913014317527308,48
2601,2,3429,1861,1568,0,0,0,1.0,1,1.0,1,1.0,1,0.023659909886550312,47
2602,0,3429,1861,1568,0,0,0,1.0,1,1.0,1,1.0,1,0.02261474475498307,48
2603,0,3429,1861,1568,0,0,0,1.0,1,1.0,1,1.0,1,0.02261474475498307,48
2604,0,3429,1861,1568,0,0,0,1.0,1,1.0,1,1.0,1,0.026984118962477287,47
2605,0,3429,1861,1568,0,0,0,1.0,1,1.0,1,1.0,1,0.026984118962477287,47
2606,0,3429,1861,1568,0,0,0,1.0,1,1.0,1,1.0,1,0.02294385680124885,46
2607,0,3429,1861,1568,0,0,0,1.0,1,1.0,1,1.0,1,0.04150444678550185,45
2608,1,3430,1862,1568,0,0,0,1.0,1,1.0,1,1.0,1,0.026112340669698697,45
2609,1,3431,1863,1568,0,0,0,1.0,1,1.0,1,1.0,1,0.030791684104769432,44
2610,2,3433,1865,1568,0,0,0,1.0,1,1.0,1,1.0,1,0.09669314275680867,45
2611,6,3439,1870,1569,0,0,0,1.0,1,1.0,1,1.0,1,0.11514706136141671,46
2612,2,3441,1872,1569,0,0,0,1.0,1,1.0,1,1.0,1,0.1261523141306599,47
2613,1,3442,1873,1569,0,0,0,1.0,1,1.0,1,1.0,1,0.15904906771568614,48
2614,4,3446,1875,1571,0,0,0,1.0,1,1.0,1,1.0,1,0.20109184877649927,48
2615,4,3450,1878,1572,0,0,0,1.0,1,1.0,1,1.0,1,0.1749462796802865,49
2616,0,3450,1878,1572,0,0,0,1.0,1,1.0,1,1.0,1,0.1749462796802865,49
2617,1,3451,1878,1573,0,0,0,1.0,1,1.0,1,1.0,1,0.14725528804310323,48
2618,1,3452,1878,1574,0,0,0,1.0,1,1.0,1,1.0,1,0.14611427982962977,47
2619,0,3452,1878,1574,0,0,0,1.0,1,1.0,1,1.0,1,0.12274225601117443,50
2620,4,3456,1881,1575,0,0,0,1.0,1,1.0,1,1.0,1,0.12218374546733435,51
2621,3,3459,1882,1577,0,0,0,1.0,1,1.0,1,1.0,1,0.12927584902615322,52
2622,2,3461,1884,1577,0,0,0,1.0,1,1.0,1,1.0,1,0.1242715903347701,52
2623,2,3463,1884,1579,0,0,0,1.0,1,1.0,1,1.0,1,0.08931671339833915,53
2624,0,3463,1884,1579,0,0,0,1.0,1,1.0,1,1.0,1,0.1275604986575018,51
2625,2,3465,1886,1579,0,0,0,1.0,1,1.0,1,1.0,1,0.1291107812954348,50
2626,2,3467,1886,1581,0,0,0,1.0,1,1.0,1,1.0,1,0.12312155332951213,49
2627,1,3468,1887,1581,0,0,0,1.0,1,1.0,1,1.0,1,0.12523307198141295,48
2628,1,3469,1888,1581,0,0,0,1.0,1,1.0,1,1.0,1,0.141669279880822,48
2629,2,3471,1888,1583,0,0,0,1.0,1,1.0,1,1.0,1,0.1169423969018668,47
2630,0,3471,1888,1583,0,0,0,1.0,1,1.0,1,1.0,1,0.13259493557963498,47
2631,1,3472,1889,1583,0,0,0,1.0,1,1.0,1,1.0,1,0.12379691936519148,47
2632,1,3473,1889,1584,0,0,0,1.0,1,1.0,1,1.0,1,0.11951558981081156,47
2633,1,3474,1890,1584,0,0,0,1.0,1,1.0,1,1.0,1,0.11314436925016745,44
2634,2,3476,1890,1586,0,0,0,1.0,1,1.0,1,1.0,1,0.0707077621817153,44
2635,3,3479,1892,1587,0,0,0,1.0,1,1.0,1,1.0,1,0.0488386471482507,45
2636,3,3482,1895,1587,0,0,0,1.0,1,1.0,1,1.0,1,0.12469758590277097,40
2637,3,3485,1898,1587,0,0,0,1.0,1,1.0,1,1.0,1,0.11948309668783598,41
2638,4,3489,1901,1588,0,0,0,1.0,1,1.0,1,1.0,1,0.1541094380970011,38
2639,1,3490,1901,1589,0,0,0,1.0,1,1.0,1,1.0,1,0.13170758008113698,39
2640,2,3492,1903,1589,0,0,0,1.0,1,1.0,1,1.0,1,0.15362802637411244,38
2641,1,3493,1904,1589,0,0,0,1.0,1,1.0,1,1.0,1,0.14508385215380126,37
2642,3,3496,1906,1590,0,0,0,1.0,1,1.0,1,1.0,1,0.1383516335840146,38
2643,1,3497,1906,1591,0,0,0,1.0,1,1.0,1,1.0,1,0.07500647364456653,37
2644,2,3499,1908,1591,0,0,0,1.0,1,1.0,1,1.0,1,0.09366066491974004,36
2645,0,3499,1908,1591,0,0,0,1.0,1,1.0,1,1.0,1,0.07075566758530195,35
2646,1,3500,1909,1591,0,0,0,1.0,1,1.0,1,1.0,1,0.10593396365649797,35
2647,3,3503,1912,1591,0,0,0,1.0,1,1.0,1,1.0,1,0.09870435247507826,35
2648,0,3503,1912,1591,0,0,0,1.0,1,1.0,1,1.0,1,0.07089021385654987,36
2649,0,3503,1912,1591,0,0,0,1.0,1,1.0,1,1.0,1,0.08334268957381762,37
2650,3,3506,1914,1592,0,0,0,1.0,1,1.0,1,1.0,1,0.06843952925597192,39
2651,1,3507,1915,1592,0,0,0,1.0,1,1.0,1,1.0,1,0.05685320296484193,39
2652,0,3507,1915,1592,0,0,0,1.0,1,1.0,1,1.0,1,0.05685320296484193,39
2653,0,3507,1915,1592,0,0,0,1.0,1,1.0,1,1.0,1,0.05685320296484193,39
2654,1,3508,1916,1592,0,0,0,1.0,1,1.0,1,1.0,1,0.062199920262769624,40
2655,0,3508,1916,1592,0,0,0,1.0,1,1.0,1,1.0,1,0.062199920262769624,40
2656,1,3509,1917,1592,0,0,0,1.0,1,1.0,1,1.0,1,0.0695231142995982,39
2657,1,3510,1917,1593,0,0,0,1.0,1,1.0,1,1.0,1,0.0644355213428827,40
2658,0,3510,1917,1593,0,0,0,1.0,1,1.0,1,1.0,1,0.08012620606378393,41
2659,0,3510,1917,1593,0,0,0,1.0,1,1.0,1,1.0,1,0.08012620606378393,41
2660,3,3513,1919,1594,0,0,0,1.0,1,1.0,1,1.0,1,0.0720908913304562,40
2661,2,3515,1921,1594,0,0,0,1.0,1,1.0,1,1.0,1,0.08228040223118306,40
2662,2,3517,1922,1595,0,0,0,1.0,1,1.0,1,1.0,1,0.03514421422574119,42
2663,2,3519,1924,1595,0,0,0,1.0,1,1.0,1,1.0,1,0.02574552569045914,41
2664,1,3520,1925,1595,0,0,0,1.0,1,1.0,1,1.0,1,0.06261765662793813,42
2665,4,3524,1928,1596,0,0,0,1.0,1,1.0,1,1.0,1,0.10813290584511304,43
2666,2,3526,1930,1596,0,0,0,1.0,1,1.0,1,1.0,1,0.13168625498565195,44
2667,3,3529,1931,1598,0,0,0,1.0,1,1.0,1,1.0,1,0.16899474213274426,42
2668,5,3534,1931,1603,0,0,0,1.0,1,1.0,1,1.0,1,0.11502498523730349,41
2669,1,3535,1931,1604,0,0,0,1.0,1,1.0,1,1.0,1,0.10032187913125945,42
2670,0,3535,1931,1604,0,0,0,1.0,1,1.0,1,1.0,1,0.12390965243818021,40
2671,1,3536,1932,1604,0,0,0,1.0,1,1.0,1,1.0,1,0.10624385911861706,39
2672,0,3536,1932,1604,0,0,0,1.0,1,1.0,1,1.0,1,0.10144444653709435,36
2673,3,3539,1934,1605,0,0,0,1.0,1,1.0,1,1.0,1,0.09957455995981983,35
2674,2,3541,1936,1605,0,0,0,1.0,1,1.0,1,1.0,1,0.07208560196679713,33
2675,2,3543,1938,1605,0,0,0,1.0,1,1.0,1,1.0,1,0.14230647195397325,34
2676,1,3544,1939,1605,0,0,0,1.0,1,1.0,1,1.0,1,0.07333185572342794,32
2677,4,3548,1942,1606,0,0,0,1.0,1,1.0,1,1.0,1,0.1474298558803803,33
2678,0,3548,1942,1606,0,0,0,1.0,1,1.0,1,1.0,1,0.1366667207018781,33
2679,2,3550,1944,1606,0,0,0,1.0,1,1.0,1,1.0,1,0.1528784724842605,32
2680,2,3552,1945,1607,0,0,0,1.0,1,1.0,1,1.0,1,0.08090044040724705,32
2681,0,3552,1945,1607,0,0,0,1.0,1,1.0,1,1.0,1,0.04057996080872327,32
2682,1,3553,1945,1608,0,0,0,1.0,1,1.0,1,1.0,1,0.04590342407223928,33
2683,0,3553,1945,1608,0,0,0,1.0,1,1.0,1,1.0,1,0.05171728099380525,32
2684,0,3553,1945,1608,0,0,0,1.0,1,1.0,1,1.0,1,0.030056980142442135,31
2685,0,3553,1945,1608,0,0,0,1.0,1,1.0,1,1.0,1,0.030056980142442135,31
2686,0,3553,1945,1608,0,0,0,1.0,1,1.0,1,1.0,1,0.006720179976051781,30
2687,0,3553,1945,1608,0,0,0,1.0,1,1.0,1,1.0,1,0.006720179976051781,30
2688,1,3554,1946,1608,0,0,0,1.0,1,1.0,1,1.0,1,0.02721167896039919,30
2689,2,3556,1948,1608,0,0,0,1.0,1,1.0,1,1.0,1,0.06022651613154908,31
2690,5,3561,1952,1609,0,0,0,1.0,1,1.0,1,1.0,1,0.12025102487771665,31
2691,1,3562,1953,1609,0,0,0,1.0,1,1.0,1,1.0,1,0.13378135632757054,32
2692,4,3566,1955,1611,0,0,0,1.0,1,1.0,1,1.0,1,0.12811151710159546,32
2693,2,3568,1957,1611,0,0,0,1.0,1,1.0,1,1.0,1,0.10632183674591078,33
2694,0,3568,1957,1611,0,0,0,1.0,1,1.0,1,1.0,1,0.1266865553526915,34
2695,1,3569,1957,1612,0,0,0,1.0,1,1.0,1,1.0,1,0.075214200539225,35
2696,0,3569,1957,1612,0,0,0,1.0,1,1.0,1,1.0,1,0.075214200539225,35
2697,2,3571,1959,1612,0,0,0,1.0,1,1.0,1,1.0,1,0.07046112888535223,35
2698,1,3572,1959,1613,0,0,0,1.0,1,1.0,1,1.0,1,0.02679302866540808,36
2699,0,3572,1959,1613,0,0,0,1.0,1,1.0,1,1.0,1,0.05645319749584189,36
2700,0,3572,1959,1613,0,0,0,1.0,1,1.0,1,1.0,1,0.06958712276537535,37
2701,1,3573,1960,1613,0,0,0,1.0,1,1.0,1,1.0,1,0.042829504586145324,37
2702,3,3576,1963,1613,0,0,0,1.0,1,1.0,1,1.0,1,0.14152913219069138,37
2703,1,3577,1964,1613,0,0,0,1.0,1,1.0,1,1.0,1,0.11979279968675213,38
2704,4,3581,1965,1616,0,0,0,1.0,1,1.0,1,1.0,1,0.10583335733260898,37
2705,1,3582,1966,1616,0,0,0,1.0,1,1.0,1,1.0,1,0.10389494533789069,36
2706,2,3584,1968,1616,0,0,0,1.0,1,1.0,1,1.0,1,0.12528920963164308,36
2707,3,3587,1969,1618,0,0,0,1.0,1,1.0,1,1.0,1,0.1253030997847012,35
2708,3,3590,1970,1620,0,0,0,1.0,1,1.0,1,1.0,1,0.09724180165601691,36
2709,2,3592,1972,1620,0,0,0,1.0,1,1.0,1,1.0,1,0.11697173657473396,32
2710,0,3592,1972,1620,0,0,0,1.0,1,1.0,1,1.0,1,0.1128189177420825,29
2711,0,3592,1972,1620,0,0,0,1.0,1,1.0,1,1.0,1,0.05566511410042899,29
2712,0,3592,1972,1620,0,0,0,1.0,1,1.0,1,1.0,1,0.07906636126269709,28
2713,0,3592,1972,1620,0,0,0,1.0,1,1.0,1,1.0,1,0.0486495948217273,28
2714,1,3593,1973,1620,0,0,0,1.0,1,1.0,1,1.0,1,0.08054501961468567,26
2715,0,3593,1973,1620,0,0,0,1.0,1,1.0,1,1.0,1,0.11104676720929507,24
2716,2,3595,1974,1621,0,0,0,1.0,1,1.0,1,1.0,1,0.11749126983940511,24
2717,4,3599,1978,1621,0,0,0,1.0,1,1.0,1,1.0,1,0.1473221740674721,25
2718,1,3600,1978,1622,0,0,0,1.0,1,1.0,1,1.0,1,0.15359379156386113,25
2719,3,3603,1980,1623,0,0,0,1.0,1,1.0,1,1.0,1,0.150645848821484,25
2720,4,3607,1982,1625,0,0,0,1.0,1,1.0,1,1.0,1,0.20319455458099334,25
2721,2,3609,1984,1625,0,0,0,1.0,1,1.0,1,1.0,1,0.2388761916022136,25
2722,3,3612,1985,1627,0,0,0,1.0,1,1.0,1,1.0,1,0.20800067238647307,26
2723,0,3612,1985,1627,0,0,0,1.0,1,1.0,1,1.0,1,0.20800067238647307,26
2724,1,3613,1986,1627,0,0,0,1.0,1,1.0,1,1.0,1,0.15066259515506505,27
2725,0,3613,1986,1627,0,0,0,1.0,1,1.0,1,1.0,1,0.12219490900475985,28
2726,0,3613,1986,1627,0,0,0,1.0,1,1.0,1,1.0,1,0.12219490900475985,28
2727,1,3614,1986,1628,0,0,0,1.0,1,1.0,1,1.0,1,0.10139761706713385,29
2728,0,3614,1986,1628,0,0,0,1.0,1,1.0,1,1.0,1,0.10139761706713385,29
2729,0,3614,1986,1628,0,0,0,1.0,1,1.0,1,1.0,1,0.1073980239866419,29
2730,1,3615,1987,1628,0,0,0,1.0,1,1.0,1,1.0,1,0.1090789578469521,29
2731,0,3615,1987,1628,0,0,0,1.0,1,1.0,1,1.0,1,0.07904700823741419,30
2732,2,3617,1989,1628,0,0,0,1.0,1,1.0,1,1.0,1,0.09108363341272128,29
2733,1,3618,1990,1628,0,0,0,1.0,1,1.0,1,1.0,1,0.10847205681759882,29
2734,0,3618,1990,1628,0,0,0,1.0,1,1.0,1,1.0,1,0.10847205681759882,29
2735,1,3619,1991,1628,0,0,0,1.0,1,1.0,1,1.0,1,0.14158712661470618,29
2736,1,3620,1991,1629,0,0,0,1.0,1,1.0,1,1.0,1,0.13801698415406294,30
2737,1,3621,1991,1630,0,0,0,1.0,1,1.0,1,1.0,1,0.12344777834178816,30
2738,2,3623,1992,1631,0,0,0,1.0,1,1.0,1,1.0,1,0.11823674436041923,30
2739,1,3624,1993,1631,0,0,0,1.0,1,1.0,1,1.0,1,0.11505116580720173,29
2740,1,3625,1993,1632,0,0,0,1.0,1,1.0,1,1.0,1,0.08259238291326787,29
2741,0,3625,1993,1632,0,0,0,1.0,1,1.0,1,1.0,1,0.11040668851873003,28
2742,1,3626,1994,1632,0,0,0,1.0,1,1.0,1,1.0,1,0.1458024578052284,28
2743,2,3628,1995,1633,0,0,0,1.0,1,1.0,1,1.0,1,0.16371939848349978,29
2744,0,3628,1995,1633,0,0,0,1.0,1,1.0,1,1.0,1,0.12241738403985579,27
2745,2,3630,1997,1633,0,0,0,1.0,1,1.0,1,1.0,1,0.16867419473633882,25
2746,1,3631,1997,1634,0,0,0,1.0,1,1.0,1,1.0,1,0.13180316246095025,25
2747,1,3632,1998,1634,0,0,0,1.0,1,1.0,1,1.0,1,0.16752897556994073,23
2748,0,3632,1998,1634,0,0,0,1.0,1,1.0,1,1.0,1,0.13748943986301956,22
2749,0,3632,1998,1634,0,0,0,1.0,1,1.0,1,1.0,1,0.16410228806954535,19
2750,0,3632,1998,1634,0,0,0,1.0,1,1.0,1,1.0,1,0.1399667735536144,18
2751,0,3632,1998,1634,0,0,0,1.0,1,1.0,1,1.0,1,0.19284238150732766,16
2752,1,3633,1999,1634,0,0,0,1.0,1,1.0,1,1.0,1,0.16211197192662555,15
2753,0,3633,1999,1634,0,0,0,1.0,1,1.0,1,1.0,1,0.16211197192662555,15
2754,0,3633,1999,1634,0,0,0,1.0,1,1.0,1,1.0,1,0.16211197192662555,15
2755,0,3633,1999,1634,0,0,0,1.0,1,1.0,1,1.0,1,0.16211197192662555,15
2756,1,3634,1999,1635,0,0,0,1.0,1,1.0,1,1.0,1,0.12824181003637292,16
2757,0,3634,1999,1635,0,0,0,1.0,1,1.0,1,1.0,1,0.07752912745878869,17
2758,0,3634,1999,1635,0,0,0,1.0,1,1.0,1,1.0,1,0.07752912745878869,17
2759,0,3634,1999,1635,0,0,0,1.0,1,1.0,1,1.0,1,0.07271764144740467,18
2760,0,3634,1999,1635,0,0,0,1.0,1,1.0,1,1.0,1,0.07271764144740467,18
2761,0,3634,1999,1635,0,0,0,1.0,1,1.0,1,1.0,1,0.07271764144740467,18
2762,0,3634,1999,1635,0,0,0,1.0,1,1.0,1,1.0,1,0.07271764144740467,18
2763,0,3634,1999,1635,0,0,0,1.0,1,1.0,1,1.0,1,0.07803407698530493,17
2764,2,3636,2001,1635,0,0,0,1.0,1,1.0,1,1.0,1,0.22142659950642857,17
2765,1,3637,2002,1635,0,0,0,1.0,1,1.0,1,1.0,1,0.22437664581283776,18
2766,0,3637,2002,1635,0,0,0,1.0,1,1.0,1,1.0,1,0.22437664581283776,18
2767,0,3637,2002,1635,0,0,0,1.0,1,1.0,1,1.0,1,0.22437664581283776,18
2768,1,3638,2003,1635,0,0,0,1.0,1,1.0,1,1.0,1,0.20204142109463616,18
2769,1,3639,2004,1635,0,0,0,1.0,1,1.0,1,1.0,1,0.21161662738528297,18
2770,2,3641,2005,1636,0,0,0,1.0,1,1.0,1,1.0,1,0.19177299674587006,18
2771,0,3641,2005,1636,0,0,0,1.0,1,1.0,1,1.0,1,0.19177299674587006,18
2772,0,3641,2005,1636,0,0,0,1.0,1,1.0,1,1.0,1,0.19177299674587006,18
2773,1,3642,2005,1637,0,0,0,1.0,1,1.0,1,1.0,1,0.12170346312783929,18
2774,0,3642,2005,1637,0,0,0,1.0,1,1.0,1,1.0,1,0.16369000276792972,20
2775,2,3644,2007,1637,0,0,0,1.0,1,1.0,1,1.0,1,0.18023390168458714,21
2776,1,3645,2008,1637,0,0,0,1.0,1,1.0,1,1.0,1,0.1499257838172298,21
2777,0,3645,2008,1637,0,0,0,1.0,1,1.0,1,1.0,1,0.13345876851046934,22
2778,1,3646,2009,1637,0,0,0,1.0,1,1.0,1,1.0,1,0.16499181790978731,24
2779,2,3648,2011,1637,0,0,0,1.0,1,1.0,1,1.0,1,0.17382921115678518,24
2780,1,3649,2012,1637,0,0,0,1.0,1,1.0,1,1.0,1,0.12449927996116282,24
2781,0,3649,2012,1637,0,0,0,1.0,1,1.0,1,1.0,1,0.12449927996116282,24
2782,0,3649,2012,1637,0,0,0,1.0,1,1.0,1,1.0,1,0.12449927996116282,24
2783,0,3649,2012,1637,0,0,0,1.0,1,1.0,1,1.0,1,0.12449927996116282,24
2784,1,3650,2012,1638,0,0,0,1.0,1,1.0,1,1.0,1,0.1587825377280115,24
2785,0,3650,2012,1638,0,0,0,1.0,1,1.0,1,1.0,1,0.11784952233341055,22
2786,0,3650,2012,1638,0,0,0,1.0,1,1.0,1,1.0,1,0.18084619089830892,22
2787,1,3651,2013,1638,0,0,0,1.0,1,1.0,1,1.0,1,0.11249262848623257,21
2788,0,3651,2013,1638,0,0,0,1.0,1,1.0,1,1.0,1,0.10839858953758204,20
2789,1,3652,2014,1638,0,0,0,1.0,1,1.0,1,1.0,1,0.1455554761474988,20
2790,1,3653,2014,1639,0,0,0,1.0,1,1.0,1,1.0,1,0.15056160328725132,21
2791,0,3653,2014,1639,0,0,0,1.0,1,1.0,1,1.0,1,0.15056160328725132,21
2792,0,3653,2014,1639,0,0,0,1.0,1,1.0,1,1.0,1,0.15056160328725132,21
2793,0,3653,2014,1639,0,0,0,1.0,1,1.0,1,1.0,1,0.18815474621588812,18
2794,1,3654,2014,1640,0,0,0,1.0,1,1.0,1,1.0,1,0.10751684895364381,18
2795,1,3655,2015,1640,0,0,0,1.0,1,1.0,1,1.0,1,0.11395124570121017,20
2796,1,3656,2016,1640,0,0,0,1.0,1,1.0,1,1.0,1,0.09388491422126025,21
2797,0,3656,2016,1640,0,0,0,1.0,1,1.0,1,1.0,1,0.09388491422126025,21
2798,0,3656,2016,1640,0,0,0,1.0,1,1.0,1,1.0,1,0.09388491422126025,21
2799,0,3656,2016,1640,0,0,0,1.0,1,1.0,1,1.0,1,0.10825353471282835,22
2800,0,3656,2016,1640,0,0,0,1.0,1,1.0,1,1.0,1,0.10825353471282835,22
2801,3,3659,2018,1641,0,0,0,1.0,1,1.0,1,1.0,1,0.16492792471398118,22
2802,0,3659,2018,1641,0,0,0,1.0,1,1.0,1,1.0,1,0.16492792471398118,22
2803,1,3660,2019,1641,0,0,0,1.0,1,1.0,1,1.0,1,0.20275982439908993,22
2804,0,3660,2019,1641,0,0,0,1.0,1,1.0,1,1.0,1,0.21361142227685342,23
2805,0,3660,2019,1641,0,0,0,1.0,1,1.0,1,1.0,1,0.21361142227685342,23
2806,0,3660,2019,1641,0,0,0,1.0,1,1.0,1,1.0,1,0.21361142227685342,23
2807,1,3661,2019,1642,0,0,0,1.0,1,1.0,1,1.0,1,0.17149219489467024,24
2808,0,3661,2019,1642,0,0,0,1.0,1,1.0,1,1.0,1,0.17149219489467024,24
2809,0,3661,2019,1642,0,0,0,1.0,1,1.0,1,1.0,1,0.18718986898858064,25
2810,0,3661,2019,1642,0,0,0,1.0,1,1.0,1,1.0,1,0.18488652047894955,24
2811,1,3662,2020,1642,0,0,0,1.0,1,1.0,1,1.0,1,0.16084623633360545,26
2812,0,3662,2020,1642,0,0,0,1.0,1,1.0,1,1.0,1,0.16084623633360545,26
2813,1,3663,2021,1642,0,0,0,1.0,1,1.0,1,1.0,1,0.14274206963588118,27
2814,3,3666,2022,1644,0,0,0,1.0,1,1.0,1,1.0,1,0.17451718060497826,29
2815,1,3667,2023,1644,0,0,0,1.0,1,1.0,1,1.0,1,0.16267980833772366,29
2816,0,3667,2023,1644,0,0,0,1.0,1,1.0,1,1.0,1,0.16638044183191597,29
2817,1,3668,2024,1644,0,0,0,1.0,1,1.0,1,1.0,1,0.14310066672136693,29
2818,2,3670,2026,1644,0,0,0,1.0,1,1.0,1,1.0,1,0.15942509111083214,29
2819,2,3672,2027,1645,0,0,0,1.0,1,1.0,1,1.0,1,0.12435405075342978,30
2820,1,3673,2028,1645,0,0,0,1.0,1,1.0,1,1.0,1,0.18372341766200234,30
2821,2,3675,2029,1646,0,0,0,1.0,1,1.0,1,1.0,1,0.14392815336527456,31
2822,0,3675,2029,1646,0,0,0,1.0,1,1.0,1,1.0,1,0.1622552770504677,30
2823,2,3677,2030,1647,0,0,0,1.0,1,1.0,1,1.0,1,0.05920023717877746,27
2824,0,3677,2030,1647,0,0,0,1.0,1,1.0,1,1.0,1,0.04418046661165506,28
2825,3,3680,2033,1647,0,0,0,1.0,1,1.0,1,1.0,1,0.11507051457279191,28
2826,1,3681,2034,1647,0,0,0,1.0,1,1.0,1,1.0,1,0.18059785059232908,27
2827,1,3682,2034,1648,0,0,0,1.0,1,1.0,1,1.0,1,0.18433507940796048,28
2828,0,3682,2034,1648,0,0,0,1.0,1,1.0,1,1.0,1,0.21145380847025502,28
2829,1,3683,2035,1648,0,0,0,1.0,1,1.0,1,1.0,1,0.2030364915662262,27
2830,3,3686,2036,1650,0,0,0,1.0,1,1.0,1,1.0,1,0.16943723255193271,27
2831,3,3689,2038,1651,0,0,0,1.0,1,1.0,1,1.0,1,0.1677169093189557,27
2832,1,3690,2038,1652,0,0,0,1.0,1,1.0,1,1.0,1,0.19993218419420147,27
2833,1,3691,2039,1652,0,0,0,1.0,1,1.0,1,1.0,1,0.2139302380734393,26
2834,1,3692,2040,1652,0,0,0,1.0,1,1.0,1,1.0,1,0.12093632291065715,26
2835,1,3693,2041,1652,0,0,0,1.0,1,1.0,1,1.0,1,0.08254139288728934,25
2836,0,3693,2041,1652,0,0,0,1.0,1,1.0,1,1.0,1,0.11561825842509717,27
2837,1,3694,2042,1652,0,0,0,1.0,1,1.0,1,1.0,1,0.1577849798175198,27
2838,0,3694,2042,1652,0,0,0,1.0,1,1.0,1,1.0,1,0.1577849798175198,27
2839,2,3696,2043,1653,0,0,0,1.0,1,1.0,1,1.0,1,0.18425833376744408,29
2840,1,3697,2043,1654,0,0,0,1.0,1,1.0,1,1.0,1,0.17095264634700502,29
2841,2,3699,2044,1655,0,0,0,1.0,1,1.0,1,1.0,1,0.17926464250489618,31
2842,1,3700,2044,1656,0,0,0,1.0,1,1.0,1,1.0,1,0.15774780168117544,31
2843,1,3701,2044,1657,0,0,0,1.0,1,1.0,1,1.0,1,0.07100301002604595,32
2844,3,3704,2046,1658,0,0,0,1.0,1,1.0,1,1.0,1,0.05651029443333781,33
2845,0,3704,2046,1658,0,0,0,1.0,1,1.0,1,1.0,1,0.07364575905711127,32
2846,2,3706,2048,1658,0,0,0,1.0,1,1.0,1,1.0,1,0.07570533843848272,33
2847,2,3708,2049,1659,0,0,0,1.0,1,1.0,1,1.0,1,0.13671508635531615,32
2848,3,3711,2051,1660,0,0,0,1.0,1,1.0,1,1.0,1,0.1413329125349566,33
2849,1,3712,2051,1661,0,0,0,1.0,1,1.0,1,1.0,1,0.11522544650003476,34
2850,0,3712,2051,1661,0,0,0,1.0,1,1.0,1,1.0,1,0.11522544650003476,34
2851,0,3712,2051,1661,0,0,0,1.0,1,1.0,1,1.0,1,0.11522544650003476,34
2852,7,3719,2056,1663,0,0,0,1.0,1,1.0,1,1.0,1,0.10288065962560386,35
2853,0,3719,2056,1663,0,0,0,1.0,1,1.0,1,1.0,1,0.10699690212531665,36
2854,1,3720,2056,1664,0,0,0,1.0,1,1.0,1,1.0,1,0.08553916061093775,37
2855,1,3721,2057,1664,0,0,0,1.0,1,1.0,1,1.0,1,0.058414450599432295,38
2856,0,3721,2057,1664,0,0,0,1.0,1,1.0,1,1.0,1,0.058414450599432295,38
2857,2,3723,2059,1664,0,0,0,1.0,1,1.0,1,1.0,1,0.061471179106030005,39
2858,1,3724,2060,1664,0,0,0,1.0,1,1.0,1,1.0,1,0.06471817400743765,40
2859,2,3726,2062,1664,0,0,0,1.0,1,1.0,1,1.0,1,0.1379039645020745,40
2860,3,3729,2063,1666,0,0,0,1.0,1,1.0,1,1.0,1,0.06927228913195636,40
2861,1,3730,2064,1666,0,0,0,1.0,1,1.0,1,1.0,1,0.07863136778521407,38
2862,1,3731,2065,1666,0,0,0,1.0,1,1.0,1,1.0,1,0.1369978239516245,38
2863,3,3734,2067,1667,0,0,0,1.0,1,1.0,1,1.0,1,0.11109971970481128,38
2864,1,3735,2068,1667,0,0,0,1.0,1,1.0,1,1.0,1,0.1516327842817368,36
2865,3,3738,2071,1667,0,0,0,1.0,1,1.0,1,1.0,1,0.14004071260032647,34
2866,0,3738,2071,1667,0,0,0,1.0,1,1.0,1,1.0,1,0.11232955919568242,31
2867,1,3739,2072,1667,0,0,0,1.0,1,1.0,1,1.0,1,0.1508038414308864,30
2868,2,3741,2074,1667,0,0,0,1.0,1,1.0,1,1.0,1,0.17323856175893468,27
2869,0,3741,2074,1667,0,0,0,1.0,1,1.0,1,1.0,1,0.20403898872567164,27
2870,1,3742,2075,1667,0,0,0,1.0,1,1.0,1,1.0,1,0.20586338418468744,25
2871,0,3742,2075,1667,0,0,0,1.0,1,1.0,1,1.0,1,0.20560687060772517,25
2872,3,3745,2076,1669,0,0,0,1.0,1,1.0,1,1.0,1,0.12664598452969494,23
2873,0,3745,2076,1669,0,0,0,1.0,1,1.0,1,1.0,1,0.15230229257007954,24
2874,1,3746,2076,1670,0,0,0,1.0,1,1.0,1,1.0,1,0.11548195577403356,24
2875,1,3747,2076,1671,0,0,0,1.0,1,1.0,1,1.0,1,0.1587883483355293,23
2876,1,3748,2077,1671,0,0,0,1.0,1,1.0,1,1.0,1,0.1977788293759255,24
2877,1,3749,2078,1671,0,0,0,1.0,1,1.0,1,1.0,1,0.18370735993011975,24
2878,2,3751,2079,1672,0,0,0,1.0,1,1.0,1,1.0,1,0.16929876776088726,24
2879,2,3753,2081,1672,0,0,0,1.0,1,1.0,1,1.0,1,0.24225249373306296,25
2880,0,3753,2081,1672,0,0,0,1.0,1,1.0,1,1.0,1,0.24255129000201223,26
2881,1,3754,2081,1673,0,0,0,1.0,1,1.0,1,1.0,1,0.19230792950004974,26
2882,0,3754,2081,1673,0,0,0,1.0,1,1.0,1,1.0,1,0.1673446394254028,27
2883,1,3755,2081,1674,0,0,0,1.0,1,1.0,1,1.0,1,0.13956105228389715,28
2884,0,3755,2081,1674,0,0,0,1.0,1,1.0,1,1.0,1,0.16711107411947404,29
2885,1,3756,2081,1675,0,0,0,1.0,1,1.0,1,1.0,1,0.14414640600091166,31
2886,1,3757,2082,1675,0,0,0,1.0,1,1.0,1,1.0,1,0.17207401151327537,31
2887,0,3757,2082,1675,0,0,0,1.0,1,1.0,1,1.0,1,0.14610165694157426,33
2888,5,3762,2084,1678,0,0,0,1.0,1,1.0,1,1.0,1,0.1339732385813255,34
2889,2,3764,2086,1678,0,0,0,1.0,1,1.0,1,1.0,1,0.16674712492198576,35
2890,0,3764,2086,1678,0,0,0,1.0,1,1.0,1,1.0,1,0.16674712492198576,35
2891,1,3765,2086,1679,0,0,0,1.0,1,1.0,1,1.0,1,0.14591842516309378,35
2892,2,3767,2088,1679,0,0,0,1.0,1,1.0,1,1.0,1,0.18426784471380733,35
2893,2,3769,2088,1681,0,0,0,1.0,1,1.0,1,1.0,1,0.15545301300454922,37
2894,0,3769,2088,1681,0,0,0,1.0,1,1.0,1,1.0,1,0.15545301300454922,37
2895,0,3769,2088,1681,0,0,0,1.0,1,1.0,1,1.0,1,0.15545301300454922,37
2896,2,3771,2089,1682,0,0,0,1.0,1,1.0,1,1.0,1,0.1944687041915965,38
2897,0,3771,2089,1682,0,0,0,1.0,1,1.0,1,1.0,1,0.22552684765572062,37
2898,0,3771,2089,1682,0,0,0,1.0,1,1.0,1,1.0,1,0.23956818138393227,38
2899,2,3773,2091,1682,0,0,0,1.0,1,1.0,1,1.0,1,0.2637599412668856,37
2900,0,3773,2091,1682,0,0,0,1.0,1,1.0,1,1.0,1,0.24574324839374434,36
2901,1,3774,2091,1683,0,0,0,1.0,1,1.0,1,1.0,1,0.1867277526095517,37
2902,0,3774,2091,1683,0,0,0,1.0,1,1.0,1,1.0,1,0.17461439810879043,35
2903,0,3774,2091,1683,0,0,0,1.0,1,1.0,1,1.0,1,0.1847763087437797,35
2904,0,3774,2091,1683,0,0,0,1.0,1,1.0,1,1.0,1,0.18146453180778005,33
2905,1,3775,2091,1684,0,0,0,1.0,1,1.0,1,1.0,1,0.18267768223474987,34
2906,3,3778,2093,1685,0,0,0,1.0,1,1.0,1,1.0,1,0.2611137855327822,34
2907,0,3778,2093,1685,0,0,0,1.0,1,1.0,1,1.0,1,0.2496556050495641,35
2908,0,3778,2093,1685,0,0,0,1.0,1,1.0,1,1.0,1,0.2570372184795021,36
2909,0,3778,2093,1685,0,0,0,1.0,1,1.0,1,1.0,1,0.26131494492387825,38
2910,0,3778,2093,1685,0,0,0,1.0,1,1.0,1,1.0,1,0.26131494492387825,38
2911,1,3779,2094,1685,0,0,0,1.0,1,1.0,1,1.0,1,0.2794929201923003,37
2912,0,3779,2094,1685,0,0,0,1.0,1,1.0,1,1.0,1,0.2794929201923003,37
2913,1,3780,2094,1686,0,0,0,1.0,1,1.0,1,1.0,1,0.277105515822941,38
2914,2,3782,2094,1688,0,0,0,1.0,1,1.0,1,1.0,1,0.2575557356710472,38
2915,1,3783,2094,1689,0,0,0,1.0,1,1.0,1,1.0,1,0.2334198577640673,39
2916,1,3784,2094,1690,0,0,0,1.0,1,1.0,1,1.0,1,0.23513005444884835,40
2917,2,3786,2094,1692,0,0,0,1.0,1,1.0,1,1.0,1,0.18700412242014564,41
2918,0,3786,2094,1692,0,0,0,1.0,1,1.0,1,1.0,1,0.20820877152623177,41
2919,0,3786,2094,1692,0,0,0,1.0,1,1.0,1,1.0,1,0.20820877152623177,41
2920,1,3787,2094,1693,0,0,0,1.0,1,1.0,1,1.0,1,0.19111708905426353,43
2921,0,3787,2094,1693,0,0,0,1.0,1,1.0,1,1.0,1,0.18942870807789067,42
2922,0,3787,2094,1693,0,0,0,1.0,1,1.0,1,1.0,1,0.1665067351548762,43
2923,1,3788,2094,1694,0,0,0,1.0,1,1.0,1,1.0,1,0.16759736304655898,44
2924,0,3788,2094,1694,0,0,0,1.0,1,1.0,1,1.0,1,0.14147846572568665,45
2925,1,3789,2095,1694,0,0,0,1.0,1,1.0,1,1.0,1,0.18350347667713063,45
2926,1,3790,2096,1694,0,0,0,1.0,1,1.0,1,1.0,1,0.14116551940459193,47
2927,0,3790,2096,1694,0,0,0,1.0,1,1.0,1,1.0,1,0.14116551940459193,47
2928,2,3792,2097,1695,0,0,0,1.0,1,1.0,1,1.0,1,0.1516234059863705,48
2929,0,3792,2097,1695,0,0,0,1.0,1,1.0,1,1.0,1,0.1516234059863705,48
2930,0,3792,2097,1695,0,0,0,1.0,1,1.0,1,1.0,1,0.151907962976671,50
2931,0,3792,2097,1695,0,0,0,1.0,1,1.0,1,1.0,1,0.14601580372845369,51
2932,0,3792,2097,1695,0,0,0,1.0,1,1.0,1,1.0,1,0.14601580372845369,51
2933,1,3793,2097,1696,0,0,0,1.0,1,1.0,1,1.0,1,0.15075186148599665,52
2934,0,3793,2097,1696,0,0,0,1.0,1,1.0,1,1.0,1,0.15075186148599665,52
2935,0,3793,2097,1696,0,0,0,1.0,1,1.0,1,1.0,1,0.17033495187000225,51
2936,1,3794,2098,1696,0,0,0,1.0,1,1.0,1,1.0,1,0.1841367630299358,49
2937,0,3794,2098,1696,0,0,0,1.0,1,1.0,1,1.0,1,0.18757627075240485,50
2938,3,3797,2100,1697,0,0,0,1.0,1,1.0,1,1.0,1,0.19285193866969289,50
2939,0,3797,2100,1697,0,0,0,1.0,1,1.0,1,1.0,1,0.1941282285157348,51
2940,3,3800,2102,1698,0,0,0,1.0,1,1.0,1,1.0,1,0.20030154536517544,52
2941,5,3805,2104,1701,0,0,0,1.0,1,1.0,1,1.0,1,0.21233835516507457,53
2942,0,3805,2104,1701,0,0,0,1.0,1,1.0,1,1.0,1,0.21166373459200752,52
2943,2,3807,2106,1701,0,0,0,1.0,1,1.0,1,1.0,1,0.2481761150099534,51
2944,2,3809,2106,1703,0,0,0,1.0,1,1.0,1,1.0,1,0.20740052657550628,52
2945,2,3811,2107,1704,0,0,0,1.0,1,1.0,1,1.0,1,0.19776131039095113,50
2946,0,3811,2107,1704,0,0,0,1.0,1,1.0,1,1.0,1,0.20870100024513505,51
2947,1,3812,2108,1704,0,0,0,1.0,1,1.0,1,1.0,1,0.2045784242023535,50
2948,2,3814,2109,1705,0,0,0,1.0,1,1.0,1,1.0,1,0.16856112041581814,50
2949,0,3814,2109,1705,0,0,0,1.0,1,1.0,1,1.0,1,0.1571866689122736,49
2950,1,3815,2109,1706,0,0,0,1.0,1,1.0,1,1.0,1,0.16401204007155837,48
2951,0,3815,2109,1706,0,0,0,1.0,1,1.0,1,1.0,1,0.14906688549241479,48
2952,0,3815,2109,1706,0,0,0,1.0,1,1.0,1,1.0,1,0.14467013105519816,46
2953,0,3815,2109,1706,0,0,0,1.0,1,1.0,1,1.0,1,0.14467013105519816,46
2954,1,3816,2110,1706,0,0,0,1.0,1,1.0,1,1.0,1,0.17717382715488655,48
2955,4,3820,2110,1710,0,0,0,1.0,1,1.0,1,1.0,1,0.10685043995090274,48
2956,1,3821,2110,1711,0,0,0,1.0,1,1.0,1,1.0,1,0.11013031788587135,47
2957,2,3823,2110,1713,0,0,0,1.0,1,1.0,1,1.0,1,0.09227462211767415,48
2958,1,3824,2110,1714,0,0,0,1.0,1,1.0,1,1.0,1,0.06665448374484885,49
2959,1,3825,2111,1714,0,0,0,1.0,1,1.0,1,1.0,1,0.049866898083360665,49
2960,0,3825,2111,1714,0,0,0,1.0,1,1.0,1,1.0,1,0.049866898083360665,49
2961,2,3827,2113,1714,0,0,0,1.0,1,1.0,1,1.0,1,0.03627164776975905,51
2962,2,3829,2115,1714,0,0,0,1.0,1,1.0,1,1.0,1,0.050197447297743045,51
2963,2,3831,2117,1714,0,0,0,1.0,1,1.0,1,1.0,1,0.08111546969659959,51
2964,1,3832,2118,1714,0,0,0,1.0,1,1.0,1,1.0,1,0.10255397145017861,52
2965,3,3835,2120,1715,0,0,0,1.0,1,1.0,1,1.0,1,0.09036409097577379,53
2966,4,3839,2122,1717,0,0,0,1.0,1,1.0,1,1.0,1,0.049030781877492643,53
2967,1,3840,2122,1718,0,0,0,1.0,1,1.0,1,1.0,1,0.016421885158220663,53
2968,0,3840,2122,1718,0,0,0,1.0,1,1.0,1,1.0,1,0.02168022514881732,54
2969,2,3842,2124,1718,0,0,0,1.0,1,1.0,1,1.0,1,0.011177257791553602,55
2970,0,3842,2124,1718,0,0,0,1.0,1,1.0,1,1.0,1,0.011177257791553602,55
2971,1,3843,2125,1718,0,0,0,1.0,1,1.0,1,1.0,1,0.02569623712637432,55
2972,1,3844,2126,1718,0,0,0,1.0,1,1.0,1,1.0,1,0.057672281093369256,55
2973,0,3844,2126,1718,0,0,0,1.0,1,1.0,1,1.0,1,0.07419346298166482,55
2974,1,3845,2126,1719,0,0,0,1.0,1,1.0,1,1.0,1,0.0783094685230784,56
2975,0,3845,2126,1719,0,0,0,1.0,1,1.0,1,1.0,1,0.08250314171025454,55
2976,0,3845,2126,1719,0,0,0,1.0,1,1.0,1,1.0,1,0.07770115341000673,57
2977,2,3847,2126,1721,0,0,0,1.0,1,1.0,1,1.0,1,0.057120654662247194,59
2978,2,3849,2128,1721,0,0,0,1.0,1,1.0,1,1.0,1,0.10368986212781814,59
2979,0,3849,2128,1721,0,0,0,1.0,1,1.0,1,1.0,1,0.10368986212781814,59
2980,2,3851,2129,1722,0,0,0,1.0,1,1.0,1,1.0,1,0.12949353258670582,59
2981,4,3855,2131,1724,0,0,0,1.0,1,1.0,1,1.0,1,0.1157804918239039,59
2982,2,3857,2132,1725,0,0,0,1.0,1,1.0,1,1.0,1,0.10334686568455105,61
2983,2,3859,2134,1725,0,0,0,1.0,1,1.0,1,1.0,1,0.08089015082719837,61
2984,3,3862,2135,1727,0,0,0,1.0,1,1.0,1,1.0,1,0.05068004829885912,61
2985,4,3866,2139,1727,0,0,0,1.0,1,1.0,1,1.0,1,0.07581332885649772,57
2986,3,3869,2142,1727,0,0,0,1.0,1,1.0,1,1.0,1,0.04518921129642619,58
2987,3,3872,2144,1728,0,0,0,1.0,1,1.0,1,1.0,1,0.03900910864249864,56
2988,3,3875,2147,1728,0,0,0,1.0,1,1.0,1,1.0,1,0.047943836178253985,55
2989,3,3878,2150,1728,0,0,0,1.0,1,1.0,1,1.0,1,0.09047052880818544,53
2990,3,3881,2153,1728,0,0,0,1.0,1,1.0,1,1.0,1,0.08352478796818996,52
2991,2,3883,2155,1728,0,0,0,1.0,1,1.0,1,1.0,1,0.08647003010559534,54
2992,2,3885,2156,1729,0,0,0,1.0,1,1.0,1,1.0,1,0.07604323836320971,55
2993,2,3887,2158,1729,0,0,0,1.0,1,1.0,1,1.0,1,0.06814462607493181,53
2994,1,3888,2158,1730,0,0,0,1.0,1,1.0,1,1.0,1,0.08467795393411003,53
2995,2,3890,2158,1732,0,0,0,1.0,1,1.0,1,1.0,1,0.06995790691917335,51
2996,1,3891,2159,1732,0,0,0,1.0,1,1.0,1,1.0,1,0.09647787756929656,52
2997,1,3892,2160,1732,0,0,0,1.0,1,1.0,1,1.0,1,0.11489734541212039,50
2998,4,3896,2161,1735,0,0,0,1.0,1,1.0,1,1.0,1,0.05283494906759189,51
2999,0,3896,2161,1735,0,0,0,1.0,1,1.0,1,1.0,1,0.07194741637688928,48
3000,1,3897,2162,1735,0,0,0,1.0,1,1.0,1,1.0,1,0.08871445710304393,48
3001,0,3897,2162,1735,0,0,0,1.0,1,1.0,1,1.0,1,0.07652544164836071,49
3002,1,3898,2163,1735,0,0,0,1.0,1,1.0,1,1.0,1,0.09539923808914624,50
3003,0,3898,2163,1735,0,0,0,1.0,1,1.0,1,1.0,1,0.09539923808914624,50
3004,0,3898,2163,1735,0,0,0,1.0,1,1.0,1,1.0,1,0.08425024884101003,51
3005,0,3898,2163,1735,0,0,0,1.0,1,1.0,1,1.0,1,0.08124543972986616,50
3006,0,3898,2163,1735,0,0,0,1.0,1,1.0,1,1.0,1,0.09692289359785618,51
3007,0,3898,2163,1735,0,0,0,1.0,1,1.0,1,1.0,1,0.0848275748366017,51
3008,3,3901,2163,1738,0,0,0,1.0,1,1.0,1,1.0,1,0.05080320452981345,53
3009,1,3902,2163,1739,0,0,0,1.0,1,1.0,1,1.0,1,0.04930343381994305,52
3010,0,3902,2163,1739,0,0,0,1.0,1,1.0,1,1.0,1,0.04930343381994305,52
3011,1,3903,2164,1739,0,0,0,1.0,1,1.0,1,1.0,1,0.08547209309113935,51
3012,3,3906,2166,1740,0,0,0,1.0,1,1.0,1,1.0,1,0.10178629884581121,54
3013,4,3910,2170,1740,0,0,0,1.0,1,1.0,1,1.0,1,0.09524510958924251,52
3014,2,3912,2172,1740,0,0,0,1.0,1,1.0,1,1.0,1,0.12100570903657488,51
3015,2,3914,2174,1740,0,0,0,1.0,1,1.0,1,1.0,1,0.13163344881415684,50
3016,4,3918,2176,1742,0,0,0,1.0,1,1.0,1,1.0,1,0.10759665345179781,50
3017,3,3921,2179,1742,0,0,0,1.0,1,1.0,1,1.0,1,0.15028757770543205,48
3018,2,3923,2181,1742,0,0,0,1.0,1,1.0,1,1.0,1,0.14349957943828662,48
3019,3,3926,2182,1744,0,0,0,1.0,1,1.0,1,1.0,1,0.10367900562945313,47
3020,2,3928,2184,1744,0,0,0,1.0,1,1.0,1,1.0,1,0.1078470180195447,47
3021,3,3931,2186,1745,0,0,0,1.0,1,1.0,1,1.0,1,0.09483561053107357,46
3022,2,3933,2188,1745,0,0,0,1.0,1,1.0,1,1.0,1,0.13932163376626716,45
3023,2,3935,2190,1745,0,0,0,1.0,1,1.0,1,1.0,1,0.11350062601083852,41
3024,4,3939,2193,1746,0,0,0,1.0,1,1.0,1,1.0,1,0.09588494493786656,43
3025,3,3942,2194,1748,0,0,0,1.0,1,1.0,1,1.0,1,0.08284744310921585,39
3026,1,3943,2195,1748,0,0,0,1.0,1,1.0,1,1.0,1,0.13570809097943112,38
3027,1,3944,2196,1748,0,0,0,1.0,1,1.0,1,1.0,1,0.12602307604530516,38
3028,2,3946,2197,1749,0,0,0,1.0,1,1.0,1,1.0,1,0.12390828134185476,38
3029,1,3947,2198,1749,0,0,0,1.0,1,1.0,1,1.0,1,0.15220142665151212,37
3030,0,3947,2198,1749,0,0,0,1.0,1,1.0,1,1.0,1,0.15512970281759234,38
3031,2,3949,2199,1750,0,0,0,1.0,1,1.0,1,1.0,1,0.15837973773630126,39
3032,1,3950,2199,1751,0,0,0,1.0,1,1.0,1,1.0,1,0.1362113509337143,39
3033,1,3951,2199,1752,0,0,0,1.0,1,1.0,1,1.0,1,0.13568320518255594,39
3034,0,3951,2199,1752,0,0,0,1.0,1,1.0,1,1.0,1,0.14435323032820657,38
3035,0,3951,2199,1752,0,0,0,1.0,1,1.0,1,1.0,1,0.12328729391485643,39
3036,0,3951,2199,1752,0,0,0,1.0,1,1.0,1,1.0,1,0.13471995233637457,39
3037,1,3952,2199,1753,0,0,0,1.0,1,1.0,1,1.0,1,0.14706574521075388,39
3038,2,3954,2200,1754,0,0,0,1.0,1,1.0,1,1.0,1,0.11066187550244166,40
3039,1,3955,2201,1754,0,0,0,1.0,1,1.0,1,1.0,1,0.14157685594579555,41
3040,3,3958,2203,1755,0,0,0,1.0,1,1.0,1,1.0,1,0.12905538920132037,42
3041,0,3958,2203,1755,0,0,0,1.0,1,1.0,1,1.0,1,0.11841380068850454,43
3042,2,3960,2205,1755,0,0,0,1.0,1,1.0,1,1.0,1,0.13677454124660743,45
3043,2,3962,2206,1756,0,0,0,1.0,1,1.0,1,1.0,1,0.1531372129262144,45
3044,3,3965,2207,1758,0,0,0,1.0,1,1.0,1,1.0,1,0.09055823725686768,45
3045,0,3965,2207,1758,0,0,0,1.0,1,1.0,1,1.0,1,0.09055823725686768,45
3046,1,3966,2207,1759,0,0,0,1.0,1,1.0,1,1.0,1,0.0826975032194731,46
3047,0,3966,2207,1759,0,0,0,1.0,1,1.0,1,1.0,1,0.0826975032194731,46
3048,1,3967,2207,1760,0,0,0,1.0,1,1.0,1,1.0,1,0.07909493257259201,49
3049,1,3968,2208,1760,0,0,0,1.0,1,1.0,1,1.0,1,0.0897589554284775,50
3050,1,3969,2208,1761,0,0,0,1.0,1,1.0,1,1.0,1,0.07636354443306986,50
3051,2,3971,2210,1761,0,0,0,1.0,1,1.0,1,1.0,1,0.08107523806238484,50
3052,1,3972,2210,1762,0,0,0,1.0,1,1.0,1,1.0,1,0.07159161762096578,50
3053,2,3974,2212,1762,0,0,0,1.0,1,1.0,1,1.0,1,0.09112744773053973,49
3054,1,3975,2213,1762,0,0,0,1.0,1,1.0,1,1.0,1,0.10392328827683116,47
3055,2,3977,2214,1763,0,0,0,1.0,1,1.0,1,1.0,1,0.10685655986762475,48
3056,1,3978,2215,1763,0,0,0,1.0,1,1.0,1,1.0,1,0.11916683351429334,47
3057,1,3979,2216,1763,0,0,0,1.0,1,1.0,1,1.0,1,0.14180772242226664,48
3058,4,3983,2217,1766,0,0,0,1.0,1,1.0,1,1.0,1,0.09491656486859022,46
3059,0,3983,2217,1766,0,0,0,1.0,1,1.0,1,1.0,1,0.10163088119953977,44
3060,1,3984,2218,1766,0,0,0,1.0,1,1.0,1,1.0,1,0.07280161613873859,44
3061,1,3985,2219,1766,0,0,0,1.0,1,1.0,1,1.0,1,0.07547473099301236,42
3062,3,3988,2221,1767,0,0,0,1.0,1,1.0,1,1.0,1,0.07023944628828863,42
3063,3,3991,2224,1767,0,0,0,1.0,1,1.0,1,1.0,1,0.12801107856538788,41
3064,2,3993,2225,1768,0,0,0,1.0,1,1.0,1,1.0,1,0.06892101872131288,42
3065,1,3994,2226,1768,0,0,0,1.0,1,1.0,1,1.0,1,0.07085270458545756,40
3066,3,3997,2228,1769,0,0,0,1.0,1,1.0,1,1.0,1,0.07284730219834708,42
3067,5,4002,2231,1771,0,0,0,1.0,1,1.0,1,1.0,1,0.08528969065449106,40
3068,1,4003,2232,1771,0,0,0,1.0,1,1.0,1,1.0,1,0.11334773120932252,39
3069,0,4003,2232,1771,0,0,0,1.0,1,1.0,1,1.0,1,0.14470825818034613,38
3070,1,4004,2232,1772,0,0,0,1.0,1,1.0,1,1.0,1,0.13122587497635305,39
3071,0,4004,2232,1772,0,0,0,1.0,1,1.0,1,1.0,1,0.1476182541928853,39
3072,4,4008,2233,1775,0,0,0,1.0,1,1.0,1,1.0,1,0.1464312189854716,40
3073,3,4011,2234,1777,0,0,0,1.0,1,1.0,1,1.0,1,0.17089503531156694,38
3074,0,4011,2234,1777,0,0,0,1.0,1,1.0,1,1.0,1,0.1543226071025919,38
3075,3,4014,2235,1779,0,0,0,1.0,1,1.0,1,1.0,1,0.17706607072719718,41
3076,4,4018,2236,1782,0,0,0,1.0,1,1.0,1,1.0,1,0.12167776098410976,42
3077,1,4019,2236,1783,0,0,0,1.0,1,1.0,1,1.0,1,0.10630307893453256,42
3078,0,4019,2236,1783,0,0,0,1.0,1,1.0,1,1.0,1,0.10630307893453256,42
3079,0,4019,2236,1783,0,0,0,1.0,1,1.0,1,1.0,1,0.10630307893453256,42
3080,0,4019,2236,1783,0,0,0,1.0,1,1.0,1,1.0,1,0.09991592896048355,43
3081,0,4019,2236,1783,0,0,0,1.0,1,1.0,1,1.0,1,0.09405281705331467,44
3082,0,4019,2236,1783,0,0,0,1.0,1,1.0,1,1.0,1,0.11420770786238868,45
3083,0,4019,2236,1783,0,0,0,1.0,1,1.0,1,1.0,1,0.11420770786238868,45
3084,1,4020,2237,1783,0,0,0,1.0,1,1.0,1,1.0,1,0.10109852856434416,45
3085,1,4021,2237,1784,0,0,0,1.0,1,1.0,1,1.0,1,0.1179151584026072,46
3086,1,4022,2238,1784,0,0,0,1.0,1,1.0,1,1.0,1,0.10879695107125502,46
3087,2,4024,2239,1785,0,0,0,1.0,1,1.0,1,1.0,1,0.12147480769750478,47
3088,1,4025,2240,1785,0,0,0,1.0,1,1.0,1,1.0,1,0.15314585572544723,48
3089,0,4025,2240,1785,0,0,0,1.0,1,1.0,1,1.0,1,0.12887609167689162,46
3090,1,4026,2240,1786,0,0,0,1.0,1,1.0,1,1.0,1,0.12129316105808381,46
3091,1,4027,2240,1787,0,0,0,1.0,1,1.0,1,1.0,1,0.10929074354047082,46
3092,3,4030,2242,1788,0,0,0,1.0,1,1.0,1,1.0,1,0.0862612814876892,47
3093,0,4030,2242,1788,0,0,0,1.0,1,1.0,1,1.0,1,0.07025030255031949,47
3094,0,4030,2242,1788,0,0,0,1.0,1,1.0,1,1.0,1,0.06254946862973128,45
3095,1,4031,2243,1788,0,0,0,1.0,1,1.0,1,1.0,1,0.04958507514674307,46
3096,0,4031,2243,1788,0,0,0,1.0,1,1.0,1,1.0,1,0.0480143796136587,46
3097,2,4033,2245,1788,0,0,0,1.0,1,1.0,1,1.0,1,0.08020458284316442,47
3098,0,4033,2245,1788,0,0,0,1.0,1,1.0,1,1.0,1,0.08020458284316442,47
3099,0,4033,2245,1788,0,0,0,1.0,1,1.0,1,1.0,1,0.08020458284316442,47
3100,2,4035,2246,1789,0,0,0,1.0,1,1.0,1,1.0,1,0.028097767843201067,47
3101,0,4035,2246,1789,0,0,0,1.0,1,1.0,1,1.0,1,0.023509481221386953,48
3102,0,4035,2246,1789,0,0,0,1.0,1,1.0,1,1.0,1,0.023509481221386953,48
3103,1,4036,2247,1789,0,0,0,1.0,1,1.0,1,1.0,1,0.033306237167551184,49
3104,1,4037,2248,1789,0,0,0,1.0,1,1.0,1,1.0,1,0.05856353146962324,48
3105,1,4038,2249,1789,0,0,0,1.0,1,1.0,1,1.0,1,0.1161653977103353,45
3106,3,4041,2250,1791,0,0,0,1.0,1,1.0,1,1.0,1,0.14238359638209985,46
3107,2,4043,2251,1792,0,0,0,1.0,1,1.0,1,1.0,1,0.15312051928425915,44
3108,2,4045,2253,1792,0,0,0,1.0,1,1.0,1,1.0,1,0.16828172511609357,45
3109,3,4048,2253,1795,0,0,0,1.0,1,1.0,1,1.0,1,0.12928661803666466,44
3110,4,4052,2256,1796,0,0,0,1.0,1,1.0,1,1.0,1,0.08422974736641406,46
3111,1,4053,2257,1796,0,0,0,1.0,1,1.0,1,1.0,1,0.10329968191860991,46
3112,1,4054,2257,1797,0,0,0,1.0,1,1.0,1,1.0,1,0.09115238747109274,47
3113,1,4055,2258,1797,0,0,0,1.0,1,1.0,1,1.0,1,0.0817406647589457,48
3114,0,4055,2258,1797,0,0,0,1.0,1,1.0,1,1.0,1,0.08114126363309358,48
3115,1,4056,2258,1798,0,0,0,1.0,1,1.0,1,1.0,1,0.08794899113197632,49
3116,0,4056,2258,1798,0,0,0,1.0,1,1.0,1,1.0,1,0.09659850578876432,48
3117,4,4060,2260,1800,0,0,0,1.0,1,1.0,1,1.0,1,0.12698531126942034,49
3118,4,4064,2260,1804,0,0,0,1.0,1,1.0,1,1.0,1,0.0961970142720997,50
3119,0,4064,2260,1804,0,0,0,1.0,1,1.0,1,1.0,1,0.0961970142720997,50
3120,0,4064,2260,1804,0,0,0,1.0,1,1.0,1,1.0,1,0.11935239188452458,50
3121,2,4066,2261,1805,0,0,0,1.0,1,1.0,1,1.0,1,0.10042736032793477,50
3122,0,4066,2261,1805,0,0,0,1.0,1,1.0,1,1.0,1,0.10042736032793477,50
3123,2,4068,2263,1805,0,0,0,1.0,1,1.0,1,1.0,1,0.09719433878667491,51
3124,1,4069,2264,1805,0,0,0,1.0,1,1.0,1,1.0,1,0.11217705148890762,51
3125,3,4072,2265,1807,0,0,0,1.0,1,1.0,1,1.0,1,0.08538077852396542,51
3126,1,4073,2266,1807,0,0,0,1.0,1,1.0,1,1.0,1,0.0884983522604836,54
3127,4,4077,2268,1809,0,0,0,1.0,1,1.0,1,1.0,1,0.07475270570652677,53
3128,0,4077,2268,1809,0,0,0,1.0,1,1.0,1,1.0,1,0.05725425436466393,52
3129,2,4079,2270,1809,0,0,0,1.0,1,1.0,1,1.0,1,0.08367715705777241,51
3130,0,4079,2270,1809,0,0,0,1.0,1,1.0,1,1.0,1,0.06829352309376478,50
3131,2,4081,2272,1809,0,0,0,1.0,1,1.0,1,1.0,1,0.11694153032459971,50
3132,0,4081,2272,1809,0,0,0,1.0,1,1.0,1,1.0,1,0.09150537675979285,49
3133,0,4081,2272,1809,0,0,0,1.0,1,1.0,1,1.0,1,0.09150537675979285,49
3134,0,4081,2272,1809,0,0,0,1.0,1,1.0,1,1.0,1,0.0928846138119721,46
3135,2,4083,2274,1809,0,0,0,1.0,1,1.0,1,1.0,1,0.1282256107292799,47
3136,1,4084,2275,1809,0,0,0,1.0,1,1.0,1,1.0,1,0.09936255473913491,46
3137,2,4086,2277,1809,0,0,0,1.0,1,1.0,1,1.0,1,0.13355486032534064,49
3138,1,4087,2278,1809,0,0,0,1.0,1,1.0,1,1.0,1,0.16091580246360335,49
3139,3,4090,2280,1810,0,0,0,1.0,1,1.0,1,1.0,1,0.1649005013690174,50
3140,2,4092,2281,1811,0,0,0,1.0,1,1.0,1,1.0,1,0.17946225365922544,51
3141,2,4094,2281,1813,0,0,0,1.0,1,1.0,1,1.0,1,0.17580288169512684,50
3142,1,4095,2281,1814,0,0,0,1.0,1,1.0,1,1.0,1,0.16871524388204656,50
3143,0,4095,2281,1814,0,0,0,1.0,1,1.0,1,1.0,1,0.18642381877266725,49
3144,1,4096,2281,1815,0,0,0,1.0,1,1.0,1,1.0,1,0.1771435216735715,49
3145,3,4099,2282,1817,0,0,0,1.0,1,1.0,1,1.0,1,0.19016147292326757,48
3146,2,4101,2282,1819,0,0,0,1.0,1,1.0,1,1.0,1,0.1601468432760257,49
3147,1,4102,2282,1820,0,0,0,1.0,1,1.0,1,1.0,1,0.19292187812454634,48
3148,3,4105,2282,1823,0,0,0,1.0,1,1.0,1,1.0,1,0.16414457203654928,48
3149,2,4107,2283,1824,0,0,0,1.0,1,1.0,1,1.0,1,0.154141285070432,47
3150,0,4107,2283,1824,0,0,0,1.0,1,1.0,1,1.0,1,0.154141285070432,47
3151,2,4109,2283,1826,0,0,0,1.0,1,1.0,1,1.0,1,0.14319029275841447,48
3152,0,4109,2283,1826,0,0,0,1.0,1,1.0,1,1.0,1,0.15353094436920942,47
3153,0,4109,2283,1826,0,0,0,1.0,1,1.0,1,1.0,1,0.15353094436920942,47
3154,5,4114,2284,1830,0,0,0,1.0,1,1.0,1,1.0,1,0.11435355664466022,48
3155,0,4114,2284,1830,0,0,0,1.0,1,1.0,1,1.0,1,0.1125007872750468,48
3156,0,4114,2284,1830,0,0,0,1.0,1,1.0,1,1.0,1,0.11027504912396247,48
3157,3,4117,2284,1833,0,0,0,1.0,1,1.0,1,1.0,1,0.0918573001379392,48
3158,0,4117,2284,1833,0,0,0,1.0,1,1.0,1,1.0,1,0.0918573001379392,48
3159,0,4117,2284,1833,0,0,0,1.0,1,1.0,1,1.0,1,0.08028592623079588,49
3160,1,4118,2284,1834,0,0,0,1.0,1,1.0,1,1.0,1,0.08838204112538019,51
3161,0,4118,2284,1834,0,0,0,1.0,1,1.0,1,1.0,1,0.07996903279320758,52
3162,2,4120,2285,1835,0,0,0,1.0,1,1.0,1,1.0,1,0.08977321080640752,51
3163,1,4121,2286,1835,0,0,0,1.0,1,1.0,1,1.0,1,0.08333326026627753,51
3164,1,4122,2287,1835,0,0,0,1.0,1,1.0,1,1.0,1,0.10984273925678785,52
3165,0,4122,2287,1835,0,0,0,1.0,1,1.0,1,1.0,1,0.08495396600366385,50
3166,1,4123,2287,1836,0,0,0,1.0,1,1.0,1,1.0,1,0.062410058244588694,50
3167,4,4127,2291,1836,0,0,0,1.0,1,1.0,1,1.0,1,0.07665846126344347,49
3168,1,4128,2292,1836,0,0,0,1.0,1,1.0,1,1.0,1,0.10511999254786109,47
3169,2,4130,2293,1837,0,0,0,1.0,1,1.0,1,1.0,1,0.1399404319342516,48
3170,1,4131,2294,1837,0,0,0,1.0,1,1.0,1,1.0,1,0.20285800554916256,47
3171,4,4135,2295,1840,0,0,0,1.0,1,1.0,1,1.0,1,0.18078710603773937,47
3172,4,4139,2295,1844,0,0,0,1.0,1,1.0,1,1.0,1,0.15634592604705463,46
3173,0,4139,2295,1844,0,0,0,1.0,1,1.0,1,1.0,1,0.11539719068252983,45
3174,0,4139,2295,1844,0,0,0,1.0,1,1.0,1,1.0,1,0.1302707885862021,43
3175,1,4140,2295,1845,0,0,0,1.0,1,1.0,1,1.0,1,0.11281307308814251,43
3176,0,4140,2295,1845,0,0,0,1.0,1,1.0,1,1.0,1,0.09754959680966582,44
3177,2,4142,2297,1845,0,0,0,1.0,1,1.0,1,1.0,1,0.10402307325542168,44
3178,1,4143,2297,1846,0,0,0,1.0,1,1.0,1,1.0,1,0.07053714526638304,47
3179,1,4144,2298,1846,0,0,0,1.0,1,1.0,1,1.0,1,0.10660038181497274,48
3180,0,4144,2298,1846,0,0,0,1.0,1,1.0,1,1.0,1,0.10660038181497274,48
3181,1,4145,2298,1847,0,0,0,1.0,1,1.0,1,1.0,1,0.09266905873035518,48
3182,2,4147,2298,1849,0,0,0,1.0,1,1.0,1,1.0,1,0.04786602151879458,51
3183,1,4148,2299,1849,0,0,0,1.0,1,1.0,1,1.0,1,0.05039774768970715,50
3184,3,4151,2300,1851,0,0,0,1.0,1,1.0,1,1.0,1,0.029763988514759653,50
3185,0,4151,2300,1851,0,0,0,1.0,1,1.0,1,1.0,1,0.060619438998439884,48
3186,1,4152,2301,1851,0,0,0,1.0,1,1.0,1,1.0,1,0.07324400166145154,48
3187,1,4153,2301,1852,0,0,0,1.0,1,1.0,1,1.0,1,0.06371590505993369,48
3188,1,4154,2302,1852,0,0,0,1.0,1,1.0,1,1.0,1,0.08485584527747081,48
3189,0,4154,2302,1852,0,0,0,1.0,1,1.0,1,1.0,1,0.0952775481754825,49
3190,4,4158,2303,1855,0,0,0,1.0,1,1.0,1,1.0,1,0.07248996885272901,51
3191,1,4159,2304,1855,0,0,0,1.0,1,1.0,1,1.0,1,0.061744187366644006,52
3192,1,4160,2305,1855,0,0,0,1.0,1,1.0,1,1.0,1,0.049235896154294155,52
3193,2,4162,2306,1856,0,0,0,1.0,1,1.0,1,1.0,1,0.054992578004954495,52
3194,0,4162,2306,1856,0,0,0,1.0,1,1.0,1,1.0,1,0.055993984599369814,54
3195,0,4162,2306,1856,0,0,0,1.0,1,1.0,1,1.0,1,0.055993984599369814,54
3196,1,4163,2307,1856,0,0,0,1.0,1,1.0,1,1.0,1,0.04755383168547795,54
3197,0,4163,2307,1856,0,0,0,1.0,1,1.0,1,1.0,1,0.04568238770669103,54
3198,2,4165,2309,1856,0,0,0,1.0,1,1.0,1,1.0,1,0.06733586835127131,54
3199,3,4168,2311,1857,0,0,0,1.0,1,1.0,1,1.0,1,0.044926925536005455,56
3200,1,4169,2312,1857,0,0,0,1.0,1,1.0,1,1.0,1,0.06967962367060544,56
3201,0,4169,2312,1857,0,0,0,1.0,1,1.0,1,1.0,1,0.06967962367060544,56
3202,3,4172,2314,1858,0,0,0,1.0,1,1.0,1,1.0,1,0.08909615514684711,57
3203,2,4174,2315,1859,0,0,0,1.0,1,1.0,1,1.0,1,0.08459933509345872,56
3204,0,4174,2315,1859,0,0,0,1.0,1,1.0,1,1.0,1,0.07858113203185471,55
3205,2,4176,2315,1861,0,0,0,1.0,1,1.0,1,1.0,1,0.05090188624721935,54
3206,4,4180,2319,1861,0,0,0,1.0,1,1.0,1,1.0,1,0.10491845831454855,56
3207,0,4180,2319,1861,0,0,0,1.0,1,1.0,1,1.0,1,0.13279322715905859,54
3208,3,4183,2321,1862,0,0,0,1.0,1,1.0,1,1.0,1,0.16483466179402395,53
3209,0,4183,2321,1862,0,0,0,1.0,1,1.0,1,1.0,1,0.15732369030685292,54
3210,2,4185,2323,1862,0,0,0,1.0,1,1.0,1,1.0,1,0.19942097602177375,53
3211,1,4186,2324,1862,0,0,0,1.0,1,1.0,1,1.0,1,0.21397978719673144,53
3212,1,4187,2324,1863,0,0,0,1.0,1,1.0,1,1.0,1,0.202357672765123,54
3213,0,4187,2324,1863,0,0,0,1.0,1,1.0,1,1.0,1,0.18820099523384953,54
3214,1,4188,2324,1864,0,0,0,1.0,1,1.0,1,1.0,1,0.18206591176650347,55
3215,2,4190,2325,1865,0,0,0,1.0,1,1.0,1,1.0,1,0.16265118325946154,55
3216,1,4191,2326,1865,0,0,0,1.0,1,1.0,1,1.0,1,0.1719829361589098,55
3217,4,4195,2329,1866,0,0,0,1.0,1,1.0,1,1.0,1,0.20187414499876435,54
3218,0,4195,2329,1866,0,0,0,1.0,1,1.0,1,1.0,1,0.20187414499876435,54
3219,1,4196,2330,1866,0,0,0,1.0,1,1.0,1,1.0,1,0.21118482716049417,55
3220,0,4196,2330,1866,0,0,0,1.0,1,1.0,1,1.0,1,0.18940770597370346,56
3221,0,4196,2330,1866,0,0,0,1.0,1,1.0,1,1.0,1,0.19789552468971985,57
3222,0,4196,2330,1866,0,0,0,1.0,1,1.0,1,1.0,1,0.19789552468971985,57
3223,0,4196,2330,1866,0,0,0,1.0,1,1.0,1,1.0,1,0.20455910068065714,56
3224,2,4198,2331,1867,0,0,0,1.0,1,1.0,1,1.0,1,0.1772982661942878,58
3225,3,4201,2334,1867,0,0,0,1.0,1,1.0,1,1.0,1,0.18882306105413887,55
3226,1,4202,2335,1867,0,0,0,1.0,1,1.0,1,1.0,1,0.19581458689921474,54
3227,1,4203,2336,1867,0,0,0,1.0,1,1.0,1,1.0,1,0.17406961875854918,53
3228,2,4205,2337,1868,0,0,0,1.0,1,1.0,1,1.0,1,0.14294752317030118,52
3229,0,4205,2337,1868,0,0,0,1.0,1,1.0,1,1.0,1,0.12515837694901819,52
3230,2,4207,2339,1868,0,0,0,1.0,1,1.0,1,1.0,1,0.12357074621288282,50
3231,1,4208,2340,1868,0,0,0,1.0,1,1.0,1,1.0,1,0.14513861783435722,50
3232,3,4211,2343,1868,0,0,0,1.0,1,1.0,1,1.0,1,0.16486407190909985,50
3233,0,4211,2343,1868,0,0,0,1.0,1,1.0,1,1.0,1,0.17385280199610068,50
3234,2,4213,2344,1869,0,0,0,1.0,1,1.0,1,1.0,1,0.19236347541250434,49
3235,3,4216,2346,1870,0,0,0,1.0,1,1.0,1,1.0,1,0.22211502888177687,49
3236,1,4217,2346,1871,0,0,0,1.0,1,1.0,1,1.0,1,0.20052305051635227,51
3237,0,4217,2346,1871,0,0,0,1.0,1,1.0,1,1.0,1,0.20991993439189766,53
3238,1,4218,2347,1871,0,0,0,1.0,1,1.0,1,1.0,1,0.23446843297824782,53
3239,0,4218,2347,1871,0,0,0,1.0,1,1.0,1,1.0,1,0.23446843297824782,53
3240,1,4219,2347,1872,0,0,0,1.0,1,1.0,1,1.0,1,0.21533091093965934,53
3241,0,4219,2347,1872,0,0,0,1.0,1,1.0,1,1.0,1,0.20910702268949544,53
3242,1,4220,2348,1872,0,0,0,1.0,1,1.0,1,1.0,1,0.21864344594730997,53
3243,1,4221,2348,1873,0,0,0,1.0,1,1.0,1,1.0,1,0.1775210702661836,56
3244,0,4221,2348,1873,0,0,0,1.0,1,1.0,1,1.0,1,0.18520434632524543,57
3245,1,4222,2348,1874,0,0,0,1.0,1,1.0,1,1.0,1,0.16612304521677218,59
3246,0,4222,2348,1874,0,0,0,1.0,1,1.0,1,1.0,1,0.16612304521677218,59
3247,1,4223,2349,1874,0,0,0,1.0,1,1.0,1,1.0,1,0.17731791321888649,59
3248,1,4224,2349,1875,0,0,0,1.0,1,1.0,1,1.0,1,0.1565003290367718,59
3249,1,4225,2349,1876,0,0,0,1.0,1,1.0,1,1.0,1,0.1556782332894544,58
3250,0,4225,2349,1876,0,0,0,1.0,1,1.0,1,1.0,1,0.1556782332894544,58
3251,1,4226,2350,1876,0,0,0,1.0,1,1.0,1,1.0,1,0.1754234367297311,57
3252,1,4227,2350,1877,0,0,0,1.0,1,1.0,1,1.0,1,0.18928760495754637,57
3253,1,4228,2350,1878,0,0,0,1.0,1,1.0,1,1.0,1,0.18000327230247765,56
3254,1,4229,2350,1879,0,0,0,1.0,1,1.0,1,1.0,1,0.15478958529968445,57
3255,2,4231,2351,1880,0,0,0,1.0,1,1.0,1,1.0,1,0.14008583142598494,57
3256,2,4233,2351,1882,0,0,0,1.0,1,1.0,1,1.0,1,0.11266584350164278,57
3257,1,4234,2351,1883,0,0,0,1.0,1,1.0,1,1.0,1,0.09208217566470246,57
3258,3,4237,2352,1885,0,0,0,1.0,1,1.0,1,1.0,1,0.037051338209222705,58
3259,0,4237,2352,1885,0,0,0,1.0,1,1.0,1,1.0,1,0.033598358131839645,59
3260,2,4239,2354,1885,0,0,0,1.0,1,1.0,1,1.0,1,0.02063101648993007,60
3261,3,4242,2357,1885,0,0,0,1.0,1,1.0,1,1.0,1,0.07847714333285516,60
3262,6,4248,2361,1887,0,0,0,1.0,1,1.0,1,1.0,1,0.06353961992192687,61
3263,3,4251,2364,1887,0,0,0,1.0,1,1.0,1,1.0,1,0.06020594063332939,62
3264,2,4253,2366,1887,0,0,0,1.0,1,1.0,1,1.0,1,0.0754761935799248,60
3265,4,4257,2369,1888,0,0,0,1.0,1,1.0,1,1.0,1,0.06942123578405929,58
3266,3,4260,2371,1889,0,0,0,1.0,1,1.0,1,1.0,1,0.08911314423548454,59
3267,2,4262,2372,1890,0,0,0,1.0,1,1.0,1,1.0,1,0.1143794538661365,60
3268,3,4265,2373,1892,0,0,0,1.0,1,1.0,1,1.0,1,0.13123489054590634,58
3269,1,4266,2374,1892,0,0,0,1.0,1,1.0,1,1.0,1,0.08671737973790469,57
3270,2,4268,2375,1893,0,0,0,1.0,1,1.0,1,1.0,1,0.06436908350368598,56
3271,2,4270,2377,1893,0,0,0,1.0,1,1.0,1,1.0,1,0.059643262561816325,55
3272,1,4271,2378,1893,0,0,0,1.0,1,1.0,1,1.0,1,0.07608490973076247,55
3273,1,4272,2379,1893,0,0,0,1.0,1,1.0,1,1.0,1,0.062254289926025275,55
3274,1,4273,2379,1894,0,0,0,1.0,1,1.0,1,1.0,1,0.03923185671910223,55
3275,1,4274,2380,1894,0,0,0,1.0,1,1.0,1,1.0,1,0.038485813677454794,55
3276,1,4275,2380,1895,0,0,0,1.0,1,1.0,1,1.0,1,0.04415544092317489,55
3277,0,4275,2380,1895,0,0,0,1.0,1,1.0,1,1.0,1,0.026126597853413584,57
3278,0,4275,2380,1895,0,0,0,1.0,1,1.0,1,1.0,1,0.017505682821852,56
3279,1,4276,2381,1895,0,0,0,1.0,1,1.0,1,1.0,1,0.017468966032762934,54
3280,0,4276,2381,1895,0,0,0,1.0,1,1.0,1,1.0,1,0.03610627954976828,53
3281,2,4278,2383,1895,0,0,0,1.0,1,1.0,1,1.0,1,0.08277405305531142,52
3282,0,4278,2383,1895,0,0,0,1.0,1,1.0,1,1.0,1,0.0829033614904058,50
3283,4,4282,2384,1898,0,0,0,1.0,1,1.0,1,1.0,1,0.07756625214986027,50
3284,3,4285,2387,1898,0,0,0,1.0,1,1.0,1,1.0,1,0.09426641745105137,47
3285,0,4285,2387,1898,0,0,0,1.0,1,1.0,1,1.0,1,0.07655169117965403,48
3286,5,4290,2392,1898,0,0,0,1.0,1,1.0,1,1.0,1,0.08738309896300056,46
3287,3,4293,2394,1899,0,0,0,1.0,1,1.0,1,1.0,1,0.13539771696841998,46
3288,4,4297,2397,1900,0,0,0,1.0,1,1.0,1,1.0,1,0.1844832208761417,46
3289,9,4306,2399,1907,0,0,0,1.0,1,1.0,1,1.0,1,0.05652563753420872,48
3290,4,4310,2401,1909,0,0,0,1.0,1,1.0,1,1.0,1,0.0490677908788992,48
3291,1,4311,2402,1909,0,0,0,1.0,1,1.0,1,1.0,1,0.06504542920702,50
3292,3,4314,2403,1911,0,0,0,1.0,1,1.0,1,1.0,1,0.05828494959048538,50
3293,0,4314,2403,1911,0,0,0,1.0,1,1.0,1,1.0,1,0.04039819339983555,51
3294,1,4315,2404,1911,0,0,0,1.0,1,1.0,1,1.0,1,0.06897407035155813,50
3295,3,4318,2407,1911,0,0,0,1.0,1,1.0,1,1.0,1,0.0775449784354668,50
3296,1,4319,2407,1912,0,0,0,1.0,1,1.0,1,1.0,1,0.060490108835924324,50
3297,2,4321,2409,1912,0,0,0,1.0,1,1.0,1,1.0,1,0.03722699260717513,51
3298,1,4322,2410,1912,0,0,0,1.0,1,1.0,1,1.0,1,0.04423169224660321,52
3299,1,4323,2411,1912,0,0,0,1.0,1,1.0,1,1.0,1,0.04264804025698515,53
3300,2,4325,2412,1913,0,0,0,1.0,1,1.0,1,1.0,1,0.021506413208827853,53
3301,0,4325,2412,1913,0,0,0,1.0,1,1.0,1,1.0,1,0.021506413208827853,53
3302,2,4327,2414,1913,0,0,0,1.0,1,1.0,1,1.0,1,0.05333332050674194,53
3303,0,4327,2414,1913,0,0,0,1.0,1,1.0,1,1.0,1,0.05004858030087566,52
3304,0,4327,2414,1913,0,0,0,1.0,1,1.0,1,1.0,1,0.029547825548731282,52
3305,2,4329,2415,1914,0,0,0,1.0,1,1.0,1,1.0,1,0.058607483096768775,51
3306,0,4329,2415,1914,0,0,0,1.0,1,1.0,1,1.0,1,0.04183427102716669,51
3307,1,4330,2416,1914,0,0,0,1.0,1,1.0,1,1.0,1,0.06362721668441691,48
3308,1,4331,2417,1914,0,0,0,1.0,1,1.0,1,1.0,1,0.08340936825143591,48
3309,1,4332,2418,1914,0,0,0,1.0,1,1.0,1,1.0,1,0.0920922757147349,48
3310,0,4332,2418,1914,0,0,0,1.0,1,1.0,1,1.0,1,0.11748337371970186,47
3311,5,4337,2421,1916,0,0,0,1.0,1,1.0,1,1.0,1,0.11370311066838468,49
3312,1,4338,2422,1916,0,0,0,1.0,1,1.0,1,1.0,1,0.15234511446260598,48
3313,3,4341,2425,1916,0,0,0,1.0,1,1.0,1,1.0,1,0.1907178340495251,49
3314,3,4344,2426,1918,0,0,0,1.0,1,1.0,1,1.0,1,0.20670253928360988,47
3315,1,4345,2427,1918,0,0,0,1.0,1,1.0,1,1.0,1,0.2331107100809566,47
3316,4,4349,2427,1922,0,0,0,1.0,1,1.0,1,1.0,1,0.19154510362439173,47
3317,1,4350,2427,1923,0,0,0,1.0,1,1.0,1,1.0,1,0.15035981165453705,46
3318,0,4350,2427,1923,0,0,0,1.0,1,1.0,1,1.0,1,0.1339744360519401,45
3319,3,4353,2429,1924,0,0,0,1.0,1,1.0,1,1.0,1,0.10927456003144599,44
3320,0,4353,2429,1924,0,0,0,1.0,1,1.0,1,1.0,1,0.10574759515690281,43
3321,2,4355,2431,1924,0,0,0,1.0,1,1.0,1,1.0,1,0.09884919259006061,43
3322,1,4356,2432,1924,0,0,0,1.0,1,1.0,1,1.0,1,0.09327693649080254,40
3323,4,4360,2436,1924,0,0,0,1.0,1,1.0,1,1.0,1,0.15677177592336344,40
3324,1,4361,2437,1924,0,0,0,1.0,1,1.0,1,1.0,1,0.15677748409750175,40
3325,4,4365,2439,1926,0,0,0,1.0,1,1.0,1,1.0,1,0.15588505249437276,40
3326,4,4369,2442,1927,0,0,0,1.0,1,1.0,1,1.0,1,0.12935567031492468,41
3327,1,4370,2443,1927,0,0,0,1.0,1,1.0,1,1.0,1,0.13825794470545896,39
3328,3,4373,2445,1928,0,0,0,1.0,1,1.0,1,1.0,1,0.1279696132425768,41
3329,0,4373,2445,1928,0,0,0,1.0,1,1.0,1,1.0,1,0.10320051213691321,39
3330,2,4375,2446,1929,0,0,0,1.0,1,1.0,1,1.0,1,0.08578110597100931,40
3331,1,4376,2446,1930,0,0,0,1.0,1,1.0,1,1.0,1,0.040231814973548885,38
3332,0,4376,2446,1930,0,0,0,1.0,1,1.0,1,1.0,1,0.050578471750992615,38
3333,1,4377,2447,1930,0,0,0,1.0,1,1.0,1,1.0,1,0.08366837208055382,38
3334,1,4378,2447,1931,0,0,0,1.0,1,1.0,1,1.0,1,0.08925427514569452,40
3335,0,4378,2447,1931,0,0,0,1.0,1,1.0,1,1.0,1,0.08925427514569452,40
3336,0,4378,2447,1931,0,0,0,1.0,1,1.0,1,1.0,1,0.11620118050633112,39
3337,0,4378,2447,1931,0,0,0,1.0,1,1.0,1,1.0,1,0.11766240902745077,40
3338,4,4382,2450,1932,0,0,0,1.0,1,1.0,1,1.0,1,0.1152354221480244,41
3339,1,4383,2451,1932,0,0,0,1.0,1,1.0,1,1.0,1,0.10519834851218654,42
3340,4,4387,2454,1933,0,0,0,1.0,1,1.0,1,1.0,1,0.1030766480383855,43
3341,0,4387,2454,1933,0,0,0,1.0,1,1.0,1,1.0,1,0.1030766480383855,43
3342,3,4390,2455,1935,0,0,0,1.0,1,1.0,1,1.0,1,0.09763092974389403,44
3343,0,4390,2455,1935,0,0,0,1.0,1,1.0,1,1.0,1,0.09763092974389403,44
3344,1,4391,2455,1936,0,0,0,1.0,1,1.0,1,1.0,1,0.12067560036973707,44
3345,0,4391,2455,1936,0,0,0,1.0,1,1.0,1,1.0,1,0.13474332665306524,43
3346,0,4391,2455,1936,0,0,0,1.0,1,1.0,1,1.0,1,0.1590919459528196,42
3347,0,4391,2455,1936,0,0,0,1.0,1,1.0,1,1.0,1,0.13495888698717098,44
3348,1,4392,2455,1937,0,0,0,1.0,1,1.0,1,1.0,1,0.13169765727928465,45
3349,2,4394,2457,1937,0,0,0,1.0,1,1.0,1,1.0,1,0.1432656743693454,45
3350,0,4394,2457,1937,0,0,0,1.0,1,1.0,1,1.0,1,0.12285072295309503,46
3351,0,4394,2457,1937,0,0,0,1.0,1,1.0,1,1.0,1,0.1344216937344335,47
3352,0,4394,2457,1937,0,0,0,1.0,1,1.0,1,1.0,1,0.1344216937344335,47
3353,1,4395,2457,1938,0,0,0,1.0,1,1.0,1,1.0,1,0.10830193590999487,48
3354,1,4396,2458,1938,0,0,0,1.0,1,1.0,1,1.0,1,0.13441365331530394,48
3355,2,4398,2459,1939,0,0,0,1.0,1,1.0,1,1.0,1,0.13051484192573531,48
3356,0,4398,2459,1939,0,0,0,1.0,1,1.0,1,1.0,1,0.10689673639883134,48
3357,1,4399,2460,1939,0,0,0,1.0,1,1.0,1,1.0,1,0.11339954059706392,47
3358,2,4401,2461,1940,0,0,0,1.0,1,1.0,1,1.0,1,0.11448976783020541,46
3359,1,4402,2462,1940,0,0,0,1.0,1,1.0,1,1.0,1,0.13041691333475122,45
3360,2,4404,2464,1940,0,0,0,1.0,1,1.0,1,1.0,1,0.18094732360795768,44
3361,3,4407,2465,1942,0,0,0,1.0,1,1.0,1,1.0,1,0.16128952244102748,43
3362,1,4408,2466,1942,0,0,0,1.0,1,1.0,1,1.0,1,0.20078150989829652,42
3363,2,4410,2467,1943,0,0,0,1.0,1,1.0,1,1.0,1,0.21966548273897257,41
3364,1,4411,2467,1944,0,0,0,1.0,1,1.0,1,1.0,1,0.17958115571532965,41
3365,0,4411,2467,1944,0,0,0,1.0,1,1.0,1,1.0,1,0.180437237870564,41
3366,0,4411,2467,1944,0,0,0,1.0,1,1.0,1,1.0,1,0.1651235441080321,40
3367,1,4412,2467,1945,0,0,0,1.0,1,1.0,1,1.0,1,0.13590551591615682,39
3368,1,4413,2468,1945,0,0,0,1.0,1,1.0,1,1.0,1,0.12246319554446222,39
3369,0,4413,2468,1945,0,0,0,1.0,1,1.0,1,1.0,1,0.10715121306938234,40
3370,2,4415,2470,1945,0,0,0,1.0,1,1.0,1,1.0,1,0.09392300417130615,41
3371,1,4416,2471,1945,0,0,0,1.0,1,1.0,1,1.0,1,0.12387427708935385,41
3372,2,4418,2473,1945,0,0,0,1.0,1,1.0,1,1.0,1,0.14337169196382712,40
3373,3,4421,2473,1948,0,0,0,1.0,1,1.0,1,1.0,1,0.10092737969537524,41
3374,1,4422,2473,1949,0,0,0,1.0,1,1.0,1,1.0,1,0.08292434059948467,42
3375,0,4422,2473,1949,0,0,0,1.0,1,1.0,1,1.0,1,0.09846778689662948,44
3376,3,4425,2473,1952,0,0,0,1.0,1,1.0,1,1.0,1,0.04510264760803457,46
3377,0,4425,2473,1952,0,0,0,1.0,1,1.0,1,1.0,1,0.06020353661298778,47
3378,2,4427,2474,1953,0,0,0,1.0,1,1.0,1,1.0,1,0.05091032130030161,48
3379,0,4427,2474,1953,0,0,0,1.0,1,1.0,1,1.0,1,0.05091032130030161,48
3380,0,4427,2474,1953,0,0,0,1.0,1,1.0,1,1.0,1,0.05091032130030161,48
3381,0,4427,2474,1953,0,0,0,1.0,1,1.0,1,1.0,1,0.05091032130030161,48
3382,2,4429,2475,1954,0,0,0,1.0,1,1.0,1,1.0,1,0.05307251386530116,49
3383,0,4429,2475,1954,0,0,0,1.0,1,1.0,1,1.0,1,0.06305457439451265,47
3384,3,4432,2477,1955,0,0,0,1.0,1,1.0,1,1.0,1,0.10917760963802074,48
3385,2,4434,2477,1957,0,0,0,1.0,1,1.0,1,1.0,1,0.11117662345645472,47
3386,4,4438,2478,1960,0,0,0,1.0,1,1.0,1,1.0,1,0.12620277336337438,49
3387,0,4438,2478,1960,0,0,0,1.0,1,1.0,1,1.0,1,0.1338324225474929,48
3388,3,4441,2479,1962,0,0,0,1.0,1,1.0,1,1.0,1,0.14383818407086976,48
3389,0,4441,2479,1962,0,0,0,1.0,1,1.0,1,1.0,1,0.16217774772386653,50
3390,1,4442,2480,1962,0,0,0,1.0,1,1.0,1,1.0,1,0.1563590525587783,51
3391,3,4445,2481,1964,0,0,0,1.0,1,1.0,1,1.0,1,0.16762790429533392,51
3392,2,4447,2481,1966,0,0,0,1.0,1,1.0,1,1.0,1,0.1364043570459447,52
3393,3,4450,2482,1968,0,0,0,1.0,1,1.0,1,1.0,1,0.09901413773702901,52
3394,0,4450,2482,1968,0,0,0,1.0,1,1.0,1,1.0,1,0.09901413773702901,52
3395,0,4450,2482,1968,0,0,0,1.0,1,1.0,1,1.0,1,0.09087012840288577,50
3396,0,4450,2482,1968,0,0,0,1.0,1,1.0,1,1.0,1,0.09052661292348473,49
3397,2,4452,2483,1969,0,0,0,1.0,1,1.0,1,1.0,1,0.0670751454201704,49
3398,0,4452,2483,1969,0,0,0,1.0,1,1.0,1,1.0,1,0.06433791789619277,48
3399,1,4453,2484,1969,0,0,0,1.0,1,1.0,1,1.0,1,0.07078922391273075,49
3400,2,4455,2485,1970,0,0,0,1.0,1,1.0,1,1.0,1,0.043107287945623324,50
3401,0,4455,2485,1970,0,0,0,1.0,1,1.0,1,1.0,1,0.04748713621847214,51
3402,1,4456,2486,1970,0,0,0,1.0,1,1.0,1,1.0,1,0.06634734177825892,51
3403,2,4458,2488,1970,0,0,0,1.0,1,1.0,1,1.0,1,0.09060447296571068,51
3404,1,4459,2489,1970,0,0,0,1.0,1,1.0,1,1.0,1,0.10420130461452208,51
3405,1,4460,2490,1970,0,0,0,1.0,1,1.0,1,1.0,1,0.1146417071081049,51
3406,0,4460,2490,1970,0,0,0,1.0,1,1.0,1,1.0,1,0.11971108463325486,51
3407,1,4461,2491,1970,0,0,0,1.0,1,1.0,1,1.0,1,0.12472811955772824,52
3408,0,4461,2491,1970,0,0,0,1.0,1,1.0,1,1.0,1,0.13586381269088452,53
3409,1,4462,2492,1970,0,0,0,1.0,1,1.0,1,1.0,1,0.12513347546329923,54
3410,1,4463,2493,1970,0,0,0,1.0,1,1.0,1,1.0,1,0.13360917050336094,54
3411,1,4464,2494,1970,0,0,0,1.0,1,1.0,1,1.0,1,0.13249578391871308,54
3412,3,4467,2495,1972,0,0,0,1.0,1,1.0,1,1.0,1,0.13312471212953278,55
3413,0,4467,2495,1972,0,0,0,1.0,1,1.0,1,1.0,1,0.13312471212953278,55
3414,0,4467,2495,1972,0,0,0,1.0,1,1.0,1,1.0,1,0.13886029033745778,55
3415,3,4470,2497,1973,0,0,0,1.0,1,1.0,1,1.0,1,0.13694661809201572,56
3416,2,4472,2497,1975,0,0,0,1.0,1,1.0,1,1.0,1,0.12078024842631861,55
3417,2,4474,2497,1977,0,0,0,1.0,1,1.0,1,1.0,1,0.1182862757701084,56
3418,2,4476,2498,1978,0,0,0,1.0,1,1.0,1,1.0,1,0.15047835503345197,55
3419,2,4478,2498,1980,0,0,0,1.0,1,1.0,1,1.0,1,0.1463008700627723,56
3420,1,4479,2498,1981,0,0,0,1.0,1,1.0,1,1.0,1,0.1573271523359712,55
3421,2,4481,2498,1983,0,0,0,1.0,1,1.0,1,1.0,1,0.1406190218886559,57
3422,0,4481,2498,1983,0,0,0,1.0,1,1.0,1,1.0,1,0.1462346389547064,56
3423,2,4483,2499,1984,0,0,0,1.0,1,1.0,1,1.0,1,0.12638071835627096,56
3424,4,4487,2500,1987,0,0,0,1.0,1,1.0,1,1.0,1,0.09252826892599504,56
3425,0,4487,2500,1987,0,0,0,1.0,1,1.0,1,1.0,1,0.09252826892599504,56
3426,0,4487,2500,1987,0,0,0,1.0,1,1.0,1,1.0,1,0.11601885292330666,55
3427,3,4490,2500,1990,0,0,0,1.0,1,1.0,1,1.0,1,0.09980563427766254,55
3428,0,4490,2500,1990,0,0,0,1.0,1,1.0,1,1.0,1,0.10320885556276663,55
3429,1,4491,2501,1990,0,0,0,1.0,1,1.0,1,1.0,1,0.13879770521960894,54
3430,2,4493,2501,1992,0,0,0,1.0,1,1.0,1,1.0,1,0.11245272338351267,56
3431,1,4494,2502,1992,0,0,0,1.0,1,1.0,1,1.0,1,0.10852990506615125,54
3432,2,4496,2503,1993,0,0,0,1.0,1,1.0,1,1.0,1,0.12368425841976591,56
3433,2,4498,2504,1994,0,0,0,1.0,1,1.0,1,1.0,1,0.12501196002931228,53
3434,3,4501,2506,1995,0,0,0,1.0,1,1.0,1,1.0,1,0.10710699124128574,51
3435,3,4504,2509,1995,0,0,0,1.0,1,1.0,1,1.0,1,0.12929035192705685,51
3436,3,4507,2510,1997,0,0,0,1.0,1,1.0,1,1.0,1,0.10540660470499219,51
3437,3,4510,2512,1998,0,0,0,1.0,1,1.0,1,1.0,1,0.10271394698093024,53
3438,1,4511,2512,1999,0,0,0,1.0,1,1.0,1,1.0,1,0.05416137285718501,52
3439,2,4513,2513,2000,0,0,0,1.0,1,1.0,1,1.0,1,0.05409551909249892,54
3440,1,4514,2514,2000,0,0,0,1.0,1,1.0,1,1.0,1,0.059251670132858314,52
3441,0,4514,2514,2000,0,0,0,1.0,1,1.0,1,1.0,1,0.05801657160774128,53
3442,1,4515,2514,2001,0,0,0,1.0,1,1.0,1,1.0,1,0.02837437480842155,53
3443,0,4515,2514,2001,0,0,0,1.0,1,1.0,1,1.0,1,0.03459477512242409,53
3444,0,4515,2514,2001,0,0,0,1.0,1,1.0,1,1.0,1,0.038465065037387655,52
3445,2,4517,2516,2001,0,0,0,1.0,1,1.0,1,1.0,1,0.05199817730414605,53
3446,1,4518,2517,2001,0,0,0,1.0,1,1.0,1,1.0,1,0.10916902906122798,53
3447,0,4518,2517,2001,0,0,0,1.0,1,1.0,1,1.0,1,0.10916902906122798,53
3448,4,4522,2519,2003,0,0,0,1.0,1,1.0,1,1.0,1,0.17482814792877172,52
3449,2,4524,2520,2004,0,0,0,1.0,1,1.0,1,1.0,1,0.15505596705702507,52
3450,2,4526,2522,2004,0,0,0,1.0,1,1.0,1,1.0,1,0.16383376437057942,52
3451,8,4534,2526,2008,0,0,0,1.0,1,1.0,1,1.0,1,0.15165950849178658,54
3452,1,4535,2527,2008,0,0,0,1.0,1,1.0,1,1.0,1,0.14277765596413888,54
3453,1,4536,2528,2008,0,0,0,1.0,1,1.0,1,1.0,1,0.13650784741951022,54
3454,2,4538,2528,2010,0,0,0,1.0,1,1.0,1,1.0,1,0.11054271191885513,57
3455,0,4538,2528,2010,0,0,0,1.0,1,1.0,1,1.0,1,0.11054271191885513,57
3456,2,4540,2528,2012,0,0,0,1.0,1,1.0,1,1.0,1,0.101768593514781,58
3457,1,4541,2528,2013,0,0,0,1.0,1,1.0,1,1.0,1,0.11278811982051515,57
3458,0,4541,2528,2013,0,0,0,1.0,1,1.0,1,1.0,1,0.11328714197656645,57
3459,0,4541,2528,2013,0,0,0,1.0,1,1.0,1,1.0,1,0.11328714197656645,57
3460,1,4542,2528,2014,0,0,0,1.0,1,1.0,1,1.0,1,0.09613050398091241,58
3461,2,4544,2528,2016,0,0,0,1.0,1,1.0,1,1.0,1,0.08814597604357852,59
3462,3,4547,2529,2018,0,0,0,1.0,1,1.0,1,1.0,1,0.06721597200233073,59
3463,1,4548,2529,2019,0,0,0,1.0,1,1.0,1,1.0,1,0.053810542965357255,59
3464,1,4549,2529,2020,0,0,0,1.0,1,1.0,1,1.0,1,0.06177781454159193,59
3465,1,4550,2530,2020,0,0,0,1.0,1,1.0,1,1.0,1,0.062456580241717824,57
3466,0,4550,2530,2020,0,0,0,1.0,1,1.0,1,1.0,1,0.062456580241717824,57
3467,4,4554,2532,2022,0,0,0,1.0,1,1.0,1,1.0,1,0.10299226626163081,57
3468,0,4554,2532,2022,0,0,0,1.0,1,1.0,1,1.0,1,0.10713210614721692,57
3469,4,4558,2536,2022,0,0,0,1.0,1,1.0,1,1.0,1,0.10758103124636688,53
3470,1,4559,2537,2022,0,0,0,1.0,1,1.0,1,1.0,1,0.1279682344213465,50
3471,2,4561,2539,2022,0,0,0,1.0,1,1.0,1,1.0,1,0.1741702878143241,49
3472,3,4564,2540,2024,0,0,0,1.0,1,1.0,1,1.0,1,0.13711959145522604,47
3473,2,4566,2542,2024,0,0,0,1.0,1,1.0,1,1.0,1,0.1869624130168903,45
3474,2,4568,2543,2025,0,0,0,1.0,1,1.0,1,1.0,1,0.16956071154753122,42
3475,6,4574,2545,2029,0,0,0,1.0,1,1.0,1,1.0,1,0.20066362320296702,43
3476,2,4576,2547,2029,0,0,0,1.0,1,1.0,1,1.0,1,0.2109141160708632,41
3477,3,4579,2549,2030,0,0,0,1.0,1,1.0,1,1.0,1,0.17221917065833667,42
3478,3,4582,2551,2031,0,0,0,1.0,1,1.0,1,1.0,1,0.15877279570887887,40
3479,0,4582,2551,2031,0,0,0,1.0,1,1.0,1,1.0,1,0.12553458746969917,40
3480,1,4583,2552,2031,0,0,0,1.0,1,1.0,1,1.0,1,0.12923293891080645,40
3481,1,4584,2552,2032,0,0,0,1.0,1,1.0,1,1.0,1,0.10704885898710147,40
3482,0,4584,2552,2032,0,0,0,1.0,1,1.0,1,1.0,1,0.10704885898710147,40
3483,2,4586,2554,2032,0,0,0,1.0,1,1.0,1,1.0,1,0.15530336951958432,39
3484,2,4588,2554,2034,0,0,0,1.0,1,1.0,1,1.0,1,0.12734726858366083,39
3485,3,4591,2556,2035,0,0,0,1.0,1,1.0,1,1.0,1,0.20270239297628156,40
3486,2,4593,2556,2037,0,0,0,1.0,1,1.0,1,1.0,1,0.18229625518592593,41
3487,4,4597,2556,2041,0,0,0,1.0,1,1.0,1,1.0,1,0.14399217640359535,41
3488,0,4597,2556,2041,0,0,0,1.0,1,1.0,1,1.0,1,0.13177491569681582,42
3489,1,4598,2556,2042,0,0,0,1.0,1,1.0,1,1.0,1,0.10954954235885908,44
3490,2,4600,2556,2044,0,0,0,1.0,1,1.0,1,1.0,1,0.08532815327427172,44
3491,0,4600,2556,2044,0,0,0,1.0,1,1.0,1,1.0,1,0.10130570673268254,45
3492,1,4601,2557,2044,0,0,0,1.0,1,1.0,1,1.0,1,0.0959246405157409,45
3493,1,4602,2558,2044,0,0,0,1.0,1,1.0,1,1.0,1,0.09140698840455888,45
3494,0,4602,2558,2044,0,0,0,1.0,1,1.0,1,1.0,1,0.09140698840455888,45
3495,0,4602,2558,2044,0,0,0,1.0,1,1.0,1,1.0,1,0.09140698840455888,45
3496,2,4604,2558,2046,0,0,0,1.0,1,1.0,1,1.0,1,0.07205829212334174,46
3497,1,4605,2559,2046,0,0,0,1.0,1,1.0,1,1.0,1,0.07336202170608633,47
3498,1,4606,2560,2046,0,0,0,1.0,1,1.0,1,1.0,1,0.10009988452254952,48
3499,0,4606,2560,2046,0,0,0,1.0,1,1.0,1,1.0,1,0.11588332050190561,47
3500,2,4608,2560,2048,0,0,0,1.0,1,1.0,1,1.0,1,0.09576316748500041,50
3501,1,4609,2561,2048,0,0,0,1.0,1,1.0,1,1.0,1,0.1117017977995536,50
3502,1,4610,2562,2048,0,0,0,1.0,1,1.0,1,1.0,1,0.14073426949841533,50
3503,0,4610,2562,2048,0,0,0,1.0,1,1.0,1,1.0,1,0.14073426949841533,50
3504,1,4611,2563,2048,0,0,0,1.0,1,1.0,1,1.0,1,0.20297659919310093,47
3505,0,4611,2563,2048,0,0,0,1.0,1,1.0,1,1.0,1,0.2148011192339431,48
3506,0,4611,2563,2048,0,0,0,1.0,1,1.0,1,1.0,1,0.22000980764724398,49
3507,1,4612,2563,2049,0,0,0,1.0,1,1.0,1,1.0,1,0.1954615668837216,46
3508,2,4614,2565,2049,0,0,0,1.0,1,1.0,1,1.0,1,0.2620626699167696,47
3509,0,4614,2565,2049,0,0,0,1.0,1,1.0,1,1.0,1,0.23695766957154463,44
3510,2,4616,2566,2050,0,0,0,1.0,1,1.0,1,1.0,1,0.2568171770074352,45
3511,0,4616,2566,2050,0,0,0,1.0,1,1.0,1,1.0,1,0.2456130559246988,44
3512,0,4616,2566,2050,0,0,0,1.0,1,1.0,1,1.0,1,0.23418338790722232,42
3513,0,4616,2566,2050,0,0,0,1.0,1,1.0,1,1.0,1,0.23418338790722232,42
3514,0,4616,2566,2050,0,0,0,1.0,1,1.0,1,1.0,1,0.22719131176868715,42
3515,2,4618,2566,2052,0,0,0,1.0,1,1.0,1,1.0,1,0.17873613707956656,42
3516,0,4618,2566,2052,0,0,0,1.0,1,1.0,1,1.0,1,0.19222570147854506,41
3517,1,4619,2566,2053,0,0,0,1.0,1,1.0,1,1.0,1,0.16873500774677402,44
3518,0,4619,2566,2053,0,0,0,1.0,1,1.0,1,1.0,1,0.17855967529163352,43
3519,0,4619,2566,2053,0,0,0,1.0,1,1.0,1,1.0,1,0.1679995777415385,44
3520,1,4620,2566,2054,0,0,0,1.0,1,1.0,1,1.0,1,0.17442789809859527,45
3521,0,4620,2566,2054,0,0,0,1.0,1,1.0,1,1.0,1,0.17442789809859527,45
3522,1,4621,2566,2055,0,0,0,1.0,1,1.0,1,1.0,1,0.1671847581208301,46
3523,0,4621,2566,2055,0,0,0,1.0,1,1.0,1,1.0,1,0.1671847581208301,46
3524,0,4621,2566,2055,0,0,0,1.0,1,1.0,1,1.0,1,0.14534477229648457,47
3525,0,4621,2566,2055,0,0,0,1.0,1,1.0,1,1.0,1,0.16151937662601001,48
3526,0,4621,2566,2055,0,0,0,1.0,1,1.0,1,1.0,1,0.14206916310518772,49
3527,3,4624,2568,2056,0,0,0,1.0,1,1.0,1,1.0,1,0.19308211458108768,49
3528,1,4625,2568,2057,0,0,0,1.0,1,1.0,1,1.0,1,0.18543886332882867,51
3529,0,4625,2568,2057,0,0,0,1.0,1,1.0,1,1.0,1,0.18543886332882867,51
3530,1,4626,2568,2058,0,0,0,1.0,1,1.0,1,1.0,1,0.17897151026750843,52
3531,0,4626,2568,2058,0,0,0,1.0,1,1.0,1,1.0,1,0.17897151026750843,52
3532,0,4626,2568,2058,0,0,0,1.0,1,1.0,1,1.0,1,0.17897151026750843,52
3533,0,4626,2568,2058,0,0,0,1.0,1,1.0,1,1.0,1,0.17897151026750843,52
3534,0,4626,2568,2058,0,0,0,1.0,1,1.0,1,1.0,1,0.17897151026750843,52
3535,0,4626,2568,2058,0,0,0,1.0,1,1.0,1,1.0,1,0.17897151026750843,52
3536,1,4627,2568,2059,0,0,0,1.0,1,1.0,1,1.0,1,0.17536373606964,54
3537,0,4627,2568,2059,0,0,0,1.0,1,1.0,1,1.0,1,0.17664888831061396,55
3538,1,4628,2569,2059,0,0,0,1.0,1,1.0,1,1.0,1,0.16802227325123312,55
3539,1,4629,2569,2060,0,0,0,1.0,1,1.0,1,1.0,1,0.14963597495208994,58
3540,5,4634,2573,2061,0,0,0,1.0,1,1.0,1,1.0,1,0.1862458186815924,59
3541,3,4637,2573,2064,0,0,0,1.0,1,1.0,1,1.0,1,0.15067982969038957,59
3542,3,4640,2575,2065,0,0,0,1.0,1,1.0,1,1.0,1,0.16892994789049795,61
3543,1,4641,2575,2066,0,0,0,1.0,1,1.0,1,1.0,1,0.15325352313325916,62
3544,2,4643,2577,2066,0,0,0,1.0,1,1.0,1,1.0,1,0.1694065428247592,59
3545,2,4645,2578,2067,0,0,0,1.0,1,1.0,1,1.0,1,0.17692474196121974,59
3546,0,4645,2578,2067,0,0,0,1.0,1,1.0,1,1.0,1,0.16692712895446632,57
3547,2,4647,2579,2068,0,0,0,1.0,1,1.0,1,1.0,1,0.1670766791937845,53
3548,0,4647,2579,2068,0,0,0,1.0,1,1.0,1,1.0,1,0.1670766791937845,53
3549,0,4647,2579,2068,0,0,0,1.0,1,1.0,1,1.0,1,0.1531454863773536,52
3550,2,4649,2579,2070,0,0,0,1.0,1,1.0,1,1.0,1,0.1560024100470302,51
3551,1,4650,2579,2071,0,0,0,1.0,1,1.0,1,1.0,1,0.13867264389165507,51
3552,1,4651,2579,2072,0,0,0,1.0,1,1.0,1,1.0,1,0.12110106562758953,51
3553,2,4653,2579,2074,0,0,0,1.0,1,1.0,1,1.0,1,0.11106579776785329,49
3554,2,4655,2579,2076,0,0,0,1.0,1,1.0,1,1.0,1,0.07238992871638124,49
3555,1,4656,2579,2077,0,0,0,1.0,1,1.0,1,1.0,1,0.07706697113980025,51
3556,1,4657,2579,2078,0,0,0,1.0,1,1.0,1,1.0,1,0.05734485860440448,51
3557,2,4659,2580,2079,0,0,0,1.0,1,1.0,1,1.0,1,0.05078711153696734,52
3558,1,4660,2581,2079,0,0,0,1.0,1,1.0,1,1.0,1,0.07568148519837195,52
3559,2,4662,2582,2080,0,0,0,1.0,1,1.0,1,1.0,1,0.07864494495698156,52
3560,1,4663,2583,2080,0,0,0,1.0,1,1.0,1,1.0,1,0.05902084883793072,53
3561,1,4664,2584,2080,0,0,0,1.0,1,1.0,1,1.0,1,0.08092630034821156,54
3562,2,4666,2586,2080,0,0,0,1.0,1,1.0,1,1.0,1,0.11251510307339127,54
3563,1,4667,2587,2080,0,0,0,1.0,1,1.0,1,1.0,1,0.13970160598465856,55
3564,1,4668,2587,2081,0,0,0,1.0,1,1.0,1,1.0,1,0.10572581836865785,57
3565,0,4668,2587,2081,0,0,0,1.0,1,1.0,1,1.0,1,0.1123510333301294,56
3566,0,4668,2587,2081,0,0,0,1.0,1,1.0,1,1.0,1,0.12524871355794626,57
3567,0,4668,2587,2081,0,0,0,1.0,1,1.0,1,1.0,1,0.12524871355794626,57
3568,0,4668,2587,2081,0,0,0,1.0,1,1.0,1,1.0,1,0.12524871355794626,57
3569,1,4669,2587,2082,0,0,0,1.0,1,1.0,1,1.0,1,0.10297417233668239,57
3570,2,4671,2589,2082,0,0,0,1.0,1,1.0,1,1.0,1,0.14413917286794484,59
3571,2,4673,2589,2084,0,0,0,1.0,1,1.0,1,1.0,1,0.10992769480973803,60
3572,0,4673,2589,2084,0,0,0,1.0,1,1.0,1,1.0,1,0.10057799841621486,61
3573,2,4675,2590,2085,0,0,0,1.0,1,1.0,1,1.0,1,0.10197199614929996,62
3574,0,4675,2590,2085,0,0,0,1.0,1,1.0,1,1.0,1,0.09583105724193479,63
3575,0,4675,2590,2085,0,0,0,1.0,1,1.0,1,1.0,1,0.09583105724193479,63
3576,1,4676,2591,2085,0,0,0,1.0,1,1.0,1,1.0,1,0.11295474397495073,63
3577,0,4676,2591,2085,0,0,0,1.0,1,1.0,1,1.0,1,0.10539605505593858,64
3578,0,4676,2591,2085,0,0,0,1.0,1,1.0,1,1.0,1,0.09617771964080457,64
3579,0,4676,2591,2085,0,0,0,1.0,1,1.0,1,1.0,1,0.09617771964080457,64
3580,0,4676,2591,2085,0,0,0,1.0,1,1.0,1,1.0,1,0.10654251039851274,65
3581,1,4677,2592,2085,0,0,0,1.0,1,1.0,1,1.0,1,0.11443758340242197,68
3582,0,4677,2592,2085,0,0,0,1.0,1,1.0,1,1.0,1,0.13924131825348132,68
3583,4,4681,2596,2085,0,0,0,1.0,1,1.0,1,1.0,1,0.17321067190523412,65
3584,3,4684,2599,2085,0,0,0,1.0,1,1.0,1,1.0,1,0.21570274016218854,64
3585,2,4686,2601,2085,0,0,0,1.0,1,1.0,1,1.0,1,0.19900641734782246,64
3586,10,4696,2605,2091,0,0,0,1.0,1,1.0,1,1.0,1,0.16116689667473177,65
3587,2,4698,2606,2092,0,0,0,1.0,1,1.0,1,1.0,1,0.11872217797493065,64
3588,2,4700,2608,2092,0,0,0,1.0,1,1.0,1,1.0,1,0.12226217501720481,62
3589,6,4706,2611,2095,0,0,0,1.0,1,1.0,1,1.0,1,0.1282356373066428,63
3590,3,4709,2612,2097,0,0,0,1.0,1,1.0,1,1.0,1,0.12081633939368898,63
3591,2,4711,2613,2098,0,0,0,1.0,1,1.0,1,1.0,1,0.109454760754715,62
3592,3,4714,2614,2100,0,0,0,1.0,1,1.0,1,1.0,1,0.0792572676570619,59
3593,0,4714,2614,2100,0,0,0,1.0,1,1.0,1,1.0,1,0.06735193101424884,58
3594,0,4714,2614,2100,0,0,0,1.0,1,1.0,1,1.0,1,0.08328157108220721,57
3595,1,4715,2614,2101,0,0,0,1.0,1,1.0,1,1.0,1,0.06929835427988752,59
3596,1,4716,2615,2101,0,0,0,1.0,1,1.0,1,1.0,1,0.05691970284334147,57
3597,0,4716,2615,2101,0,0,0,1.0,1,1.0,1,1.0,1,0.08145163952923198,57
3598,2,4718,2616,2102,0,0,0,1.0,1,1.0,1,1.0,1,0.08867879237104809,57
3599,0,4718,2616,2102,0,0,0,1.0,1,1.0,1,1.0,1,0.09876268309116695,58
3600,2,4720,2617,2103,0,0,0,1.0,1,1.0,1,1.0,1,0.0851573802142562,58
3601,3,4723,2618,2105,0,0,0,1.0,1,1.0,1,1.0,1,0.06868353632199709,58
3602,0,4723,2618,2105,0,0,0,1.0,1,1.0,1,1.0,1,0.05535464392116095,60
3603,2,4725,2619,2106,0,0,0,1.0,1,1.0,1,1.0,1,0.06275124130147493,60
3604,1,4726,2620,2106,0,0,0,1.0,1,1.0,1,1.0,1,0.09247750642550322,60
3605,3,4729,2622,2107,0,0,0,1.0,1,1.0,1,1.0,1,0.10610454912738963,61
3606,4,4733,2624,2109,0,0,0,1.0,1,1.0,1,1.0,1,0.07987777714643715,63
3607,1,4734,2625,2109,0,0,0,1.0,1,1.0,1,1.0,1,0.09015208470638289,63
3608,0,4734,2625,2109,0,0,0,1.0,1,1.0,1,1.0,1,0.09768314902491534,64
3609,1,4735,2625,2110,0,0,0,1.0,1,1.0,1,1.0,1,0.10666648617398011,66
3610,3,4738,2627,2111,0,0,0,1.0,1,1.0,1,1.0,1,0.11554123643791717,67
3611,2,4740,2629,2111,0,0,0,1.0,1,1.0,1,1.0,1,0.13920099689341542,67
3612,1,4741,2630,2111,0,0,0,1.0,1,1.0,1,1.0,1,0.1569637138816275,66
3613,3,4744,2630,2114,0,0,0,1.0,1,1.0,1,1.0,1,0.13129810895179111,66
3614,2,4746,2631,2115,0,0,0,1.0,1,1.0,1,1.0,1,0.1362401429288515,65
3615,0,4746,2631,2115,0,0,0,1.0,1,1.0,1,1.0,1,0.12109111230728388,65
3616,0,4746,2631,2115,0,0,0,1.0,1,1.0,1,1.0,1,0.12109111230728388,65
3617,0,4746,2631,2115,0,0,0,1.0,1,1.0,1,1.0,1,0.11381993961799984,66
3618,0,4746,2631,2115,0,0,0,1.0,1,1.0,1,1.0,1,0.11381993961799984,66
3619,1,4747,2632,2115,0,0,0,1.0,1,1.0,1,1.0,1,0.1212647529939434,65
3620,4,4751,2633,2118,0,0,0,1.0,1,1.0,1,1.0,1,0.1337427955871492,66
3621,2,4753,2634,2119,0,0,0,1.0,1,1.0,1,1.0,1,0.11912800992596015,65
3622,3,4756,2635,2121,0,0,0,1.0,1,1.0,1,1.0,1,0.09417993444420777,65
3623,2,4758,2636,2122,0,0,0,1.0,1,1.0,1,1.0,1,0.08907422398492869,62
3624,3,4761,2639,2122,0,0,0,1.0,1,1.0,1,1.0,1,0.121175593416305,62
3625,4,4765,2641,2124,0,0,0,1.0,1,1.0,1,1.0,1,0.1287576112060479,61
3626,2,4767,2641,2126,0,0,0,1.0,1,1.0,1,1.0,1,0.08181385915758502,58
3627,1,4768,2642,2126,0,0,0,1.0,1,1.0,1,1.0,1,0.12789528161936575,58
3628,3,4771,2642,2129,0,0,0,1.0,1,1.0,1,1.0,1,0.068996138081234,57
3629,1,4772,2642,2130,0,0,0,1.0,1,1.0,1,1.0,1,0.09862258604716001,57
3630,1,4773,2643,2130,0,0,0,1.0,1,1.0,1,1.0,1,0.052114438996197956,56
3631,1,4774,2644,2130,0,0,0,1.0,1,1.0,1,1.0,1,0.07147978567581412,54
3632,0,4774,2644,2130,0,0,0,1.0,1,1.0,1,1.0,1,0.06713354169446677,52
3633,2,4776,2645,2131,0,0,0,1.0,1,1.0,1,1.0,1,0.0843419514691434,52
3634,2,4778,2646,2132,0,0,0,1.0,1,1.0,1,1.0,1,0.08480022849023025,49
3635,1,4779,2647,2132,0,0,0,1.0,1,1.0,1,1.0,1,0.1362928018973504,47
3636,3,4782,2647,2135,0,0,0,1.0,1,1.0,1,1.0,1,0.1144605443266969,48
3637,6,4788,2650,2138,0,0,0,1.0,1,1.0,1,1.0,1,0.14383939340915314,49
3638,3,4791,2650,2141,0,0,0,1.0,1,1.0,1,1.0,1,0.10630953735280205,50
3639,2,4793,2652,2141,0,0,0,1.0,1,1.0,1,1.0,1,0.14402848210089172,52
3640,3,4796,2653,2143,0,0,0,1.0,1,1.0,1,1.0,1,0.12479941650873,52
3641,0,4796,2653,2143,0,0,0,1.0,1,1.0,1,1.0,1,0.12479941650873,52
3642,0,4796,2653,2143,0,0,0,1.0,1,1.0,1,1.0,1,0.12479941650873,52
3643,0,4796,2653,2143,0,0,0,1.0,1,1.0,1,1.0,1,0.12479941650873,52
3644,2,4798,2653,2145,0,0,0,1.0,1,1.0,1,1.0,1,0.09217891650262862,52
3645,1,4799,2654,2145,0,0,0,1.0,1,1.0,1,1.0,1,0.08023715107947728,53
3646,0,4799,2654,2145,0,0,0,1.0,1,1.0,1,1.0,1,0.08023715107947728,53
3647,0,4799,2654,2145,0,0,0,1.0,1,1.0,1,1.0,1,0.08387846789952652,55
3648,0,4799,2654,2145,0,0,0,1.0,1,1.0,1,1.0,1,0.09653867446174876,57
3649,0,4799,2654,2145,0,0,0,1.0,1,1.0,1,1.0,1,0.09653867446174876,57
3650,0,4799,2654,2145,0,0,0,1.0,1,1.0,1,1.0,1,0.1027683769833702,59
3651,0,4799,2654,2145,0,0,0,1.0,1,1.0,1,1.0,1,0.1027683769833702,59
3652,0,4799,2654,2145,0,0,0,1.0,1,1.0,1,1.0,1,0.1027683769833702,59
3653,0,4799,2654,2145,0,0,0,1.0,1,1.0,1,1.0,1,0.1027683769833702,59
3654,2,4801,2654,2147,0,0,0,1.0,1,1.0,1,1.0,1,0.08610839013919795,59
3655,1,4802,2654,2148,0,0,0,1.0,1,1.0,1,1.0,1,0.0590833546884471,62
3656,0,4802,2654,2148,0,0,0,1.0,1,1.0,1,1.0,1,0.0590833546884471,62
3657,2,4804,2655,2149,0,0,0,1.0,1,1.0,1,1.0,1,0.07761077902151421,63
3658,1,4805,2656,2149,0,0,0,1.0,1,1.0,1,1.0,1,0.10338120424315808,63
3659,3,4808,2657,2151,0,0,0,1.0,1,1.0,1,1.0,1,0.10516702775512975,62
3660,2,4810,2659,2151,0,0,0,1.0,1,1.0,1,1.0,1,0.14257724689233842,62
3661,5,4815,2660,2155,0,0,0,1.0,1,1.0,1,1.0,1,0.10712921821251592,61
3662,1,4816,2661,2155,0,0,0,1.0,1,1.0,1,1.0,1,0.13704531954207777,60
3663,3,4819,2662,2157,0,0,0,1.0,1,1.0,1,1.0,1,0.12808104306863827,61
3664,3,4822,2663,2159,0,0,0,1.0,1,1.0,1,1.0,1,0.10760719793039979,58
3665,1,4823,2664,2159,0,0,0,1.0,1,1.0,1,1.0,1,0.13003551675668454,58
3666,1,4824,2664,2160,0,0,0,1.0,1,1.0,1,1.0,1,0.11427888993268441,58
3667,1,4825,2665,2160,0,0,0,1.0,1,1.0,1,1.0,1,0.10074404516621449,58
3668,0,4825,2665,2160,0,0,0,1.0,1,1.0,1,1.0,1,0.10255878154456921,58
3669,1,4826,2666,2160,0,0,0,1.0,1,1.0,1,1.0,1,0.10390765739679818,57
3670,1,4827,2667,2160,0,0,0,1.0,1,1.0,1,1.0,1,0.11690856409457721,56
3671,1,4828,2668,2160,0,0,0,1.0,1,1.0,1,1.0,1,0.1537489632547623,57
3672,1,4829,2669,2160,0,0,0,1.0,1,1.0,1,1.0,1,0.18623032464051875,57
3673,1,4830,2669,2161,0,0,0,1.0,1,1.0,1,1.0,1,0.16249507461969476,58
3674,0,4830,2669,2161,0,0,0,1.0,1,1.0,1,1.0,1,0.17338858499409227,57
3675,0,4830,2669,2161,0,0,0,1.0,1,1.0,1,1.0,1,0.17501204834133957,58
3676,3,4833,2671,2162,0,0,0,1.0,1,1.0,1,1.0,1,0.185143266767671,59
3677,0,4833,2671,2162,0,0,0,1.0,1,1.0,1,1.0,1,0.17668588413562122,60
3678,1,4834,2671,2163,0,0,0,1.0,1,1.0,1,1.0,1,0.19013285669146213,62
3679,0,4834,2671,2163,0,0,0,1.0,1,1.0,1,1.0,1,0.19013285669146213,62
3680,0,4834,2671,2163,0,0,0,1.0,1,1.0,1,1.0,1,0.1709143694675472,63
3681,1,4835,2671,2164,0,0,0,1.0,1,1.0,1,1.0,1,0.17239291971098494,64
3682,0,4835,2671,2164,0,0,0,1.0,1,1.0,1,1.0,1,0.17239291971098494,64
3683,0,4835,2671,2164,0,0,0,1.0,1,1.0,1,1.0,1,0.17239291971098494,64
3684,1,4836,2672,2164,0,0,0,1.0,1,1.0,1,1.0,1,0.19141380204479222,64
3685,0,4836,2672,2164,0,0,0,1.0,1,1.0,1,1.0,1,0.19141380204479222,64
3686,2,4838,2673,2165,0,0,0,1.0,1,1.0,1,1.0,1,0.19528093669575508,65
3687,0,4838,2673,2165,0,0,0,1.0,1,1.0,1,1.0,1,0.19528093669575508,65
3688,0,4838,2673,2165,0,0,0,1.0,1,1.0,1,1.0,1,0.20465827697152528,66
3689,0,4838,2673,2165,0,0,0,1.0,1,1.0,1,1.0,1,0.20465827697152528,66
3690,2,4840,2673,2167,0,0,0,1.0,1,1.0,1,1.0,1,0.19616516637951684,67
3691,1,4841,2673,2168,0,0,0,1.0,1,1.0,1,1.0,1,0.17959730955532144,68
3692,0,4841,2673,2168,0,0,0,1.0,1,1.0,1,1.0,1,0.17413265748510148,69
3693,0,4841,2673,2168,0,0,0,1.0,1,1.0,1,1.0,1,0.1715305848332227,69
3694,1,4842,2674,2168,0,0,0,1.0,1,1.0,1,1.0,1,0.18812040822308995,70
3695,0,4842,2674,2168,0,0,0,1.0,1,1.0,1,1.0,1,0.18812040822308995,70
3696,2,4844,2676,2168,0,0,0,1.0,1,1.0,1,1.0,1,0.17350225877707856,71
3697,3,4847,2678,2169,0,0,0,1.0,1,1.0,1,1.0,1,0.18976718015336724,70
3698,0,4847,2678,2169,0,0,0,1.0,1,1.0,1,1.0,1,0.1894830268640837,70
3699,2,4849,2679,2170,0,0,0,1.0,1,1.0,1,1.0,1,0.17717816545706566,70
3700,3,4852,2682,2170,0,0,0,1.0,1,1.0,1,1.0,1,0.19737870777196287,68
3701,1,4853,2683,2170,0,0,0,1.0,1,1.0,1,1.0,1,0.20653755767622953,69
3702,1,4854,2684,2170,0,0,0,1.0,1,1.0,1,1.0,1,0.21097524379295474,69
3703,1,4855,2685,2170,0,0,0,1.0,1,1.0,1,1.0,1,0.24141126320689768,70
3704,2,4857,2687,2170,0,0,0,1.0,1,1.0,1,1.0,1,0.2649328396750262,69
3705,1,4858,2687,2171,0,0,0,1.0,1,1.0,1,1.0,1,0.23383084020077613,69
3706,3,4861,2689,2172,0,0,0,1.0,1,1.0,1,1.0,1,0.23038246896988027,69
3707,0,4861,2689,2172,0,0,0,1.0,1,1.0,1,1.0,1,0.21380320414288548,67
3708,1,4862,2690,2172,0,0,0,1.0,1,1.0,1,1.0,1,0.19859565861823922,67
3709,0,4862,2690,2172,0,0,0,1.0,1,1.0,1,1.0,1,0.19859565861823922,67
3710,2,4864,2692,2172,0,0,0,1.0,1,1.0,1,1.0,1,0.1912811449249392,67
3711,0,4864,2692,2172,0,0,0,1.0,1,1.0,1,1.0,1,0.1921874613343657,68
3712,1,4865,2693,2172,0,0,0,1.0,1,1.0,1,1.0,1,0.19993359760145135,68
3713,3,4868,2694,2174,0,0,0,1.0,1,1.0,1,1.0,1,0.17659677901849974,68
3714,0,4868,2694,2174,0,0,0,1.0,1,1.0,1,1.0,1,0.1932204037411118,67
3715,2,4870,2694,2176,0,0,0,1.0,1,1.0,1,1.0,1,0.18005536507323092,68
3716,2,4872,2694,2178,0,0,0,1.0,1,1.0,1,1.0,1,0.17702452738051752,67
3717,1,4873,2695,2178,0,0,0,1.0,1,1.0,1,1.0,1,0.20884917795719585,68
3718,2,4875,2695,2180,0,0,0,1.0,1,1.0,1,1.0,1,0.20337035884746776,68
3719,2,4877,2696,2181,0,0,0,1.0,1,1.0,1,1.0,1,0.2413921772360768,68
3720,0,4877,2696,2181,0,0,0,1.0,1,1.0,1,1.0,1,0.2413921772360768,68
3721,2,4879,2697,2182,0,0,0,1.0,1,1.0,1,1.0,1,0.20628775922229284,70
3722,0,4879,2697,2182,0,0,0,1.0,1,1.0,1,1.0,1,0.21308402536905388,71
3723,4,4883,2697,2186,0,0,0,1.0,1,1.0,1,1.0,1,0.1867944869631086,71
3724,1,4884,2697,2187,0,0,0,1.0,1,1.0,1,1.0,1,0.17632923064224984,72
3725,5,4889,2699,2190,0,0,0,1.0,1,1.0,1,1.0,1,0.1994909850423568,72
3726,1,4890,2699,2191,0,0,0,1.0,1,1.0,1,1.0,1,0.18994668113372973,71
3727,3,4893,2700,2193,0,0,0,1.0,1,1.0,1,1.0,1,0.19783270069235015,71
3728,3,4896,2700,2196,0,0,0,1.0,1,1.0,1,1.0,1,0.18901690172205915,70
3729,0,4896,2700,2196,0,0,0,1.0,1,1.0,1,1.0,1,0.18901690172205915,70
3730,2,4898,2701,2197,0,0,0,1.0,1,1.0,1,1.0,1,0.21268105865471082,71
3731,0,4898,2701,2197,0,0,0,1.0,1,1.0,1,1.0,1,0.21268105865471082,71
3732,1,4899,2701,2198,0,0,0,1.0,1,1.0,1,1.0,1,0.20158322375673035,72
3733,1,4900,2702,2198,0,0,0,1.0,1,1.0,1,1.0,1,0.21608946761089243,73
3734,2,4902,2703,2199,0,0,0,1.0,1,1.0,1,1.0,1,0.2338112205286269,74
3735,2,4904,2704,2200,0,0,0,1.0,1,1.0,1,1.0,1,0.2328751218758705,72
3736,1,4905,2704,2201,0,0,0,1.0,1,1.0,1,1.0,1,0.20269256672922503,72
3737,1,4906,2704,2202,0,0,0,1.0,1,1.0,1,1.0,1,0.19202933870660466,73
3738,0,4906,2704,2202,0,0,0,1.0,1,1.0,1,1.0,1,0.1795520725401275,72
3739,0,4906,2704,2202,0,0,0,1.0,1,1.0,1,1.0,1,0.17379990349219399,73
3740,1,4907,2704,2203,0,0,0,1.0,1,1.0,1,1.0,1,0.1734361042626664,70
3741,0,4907,2704,2203,0,0,0,1.0,1,1.0,1,1.0,1,0.1734361042626664,70
3742,0,4907,2704,2203,0,0,0,1.0,1,1.0,1,1.0,1,0.1734361042626664,70
3743,0,4907,2704,2203,0,0,0,1.0,1,1.0,1,1.0,1,0.20118147015828516,69
3744,5,4912,2706,2206,0,0,0,1.0,1,1.0,1,1.0,1,0.2219830133652214,69
3745,4,4916,2706,2210,0,0,0,1.0,1,1.0,1,1.0,1,0.1887233909726459,68
3746,1,4917,2706,2211,0,0,0,1.0,1,1.0,1,1.0,1,0.20069364551130126,66
3747,2,4919,2706,2213,0,0,0,1.0,1,1.0,1,1.0,1,0.18920975847729607,66
3748,2,4921,2706,2215,0,0,0,1.0,1,1.0,1,1.0,1,0.15717272515850556,65
3749,0,4921,2706,2215,0,0,0,1.0,1,1.0,1,1.0,1,0.16191839386187457,64
3750,0,4921,2706,2215,0,0,0,1.0,1,1.0,1,1.0,1,0.16810415479986537,63
3751,1,4922,2706,2216,0,0,0,1.0,1,1.0,1,1.0,1,0.15272216915724468,64
3752,1,4923,2707,2216,0,0,0,1.0,1,1.0,1,1.0,1,0.1433332201240113,64
3753,2,4925,2707,2218,0,0,0,1.0,1,1.0,1,1.0,1,0.13305649142194695,65
3754,2,4927,2708,2219,0,0,0,1.0,1,1.0,1,1.0,1,0.146664036980063,65
3755,3,4930,2709,2221,0,0,0,1.0,1,1.0,1,1.0,1,0.16471050106387508,65
3756,0,4930,2709,2221,0,0,0,1.0,1,1.0,1,1.0,1,0.1731011371597108,65
3757,5,4935,2711,2224,0,0,0,1.0,1,1.0,1,1.0,1,0.18632276736402653,65
3758,0,4935,2711,2224,0,0,0,1.0,1,1.0,1,1.0,1,0.1946975448823744,64
3759,2,4937,2712,2225,0,0,0,1.0,1,1.0,1,1.0,1,0.20426431297717818,64
3760,1,4938,2712,2226,0,0,0,1.0,1,1.0,1,1.0,1,0.21979633258689238,63
3761,0,4938,2712,2226,0,0,0,1.0,1,1.0,1,1.0,1,0.21979633258689238,63
3762,1,4939,2712,2227,0,0,0,1.0,1,1.0,1,1.0,1,0.21174553669361684,65
3763,0,4939,2712,2227,0,0,0,1.0,1,1.0,1,1.0,1,0.21174553669361684,65
3764,3,4942,2713,2229,0,0,0,1.0,1,1.0,1,1.0,1,0.19500002101988065,66
3765,2,4944,2713,2231,0,0,0,1.0,1,1.0,1,1.0,1,0.19369536776377894,67
3766,3,4947,2713,2234,0,0,0,1.0,1,1.0,1,1.0,1,0.17548439048941145,67
3767,0,4947,2713,2234,0,0,0,1.0,1,1.0,1,1.0,1,0.1706932536548368,68
3768,4,4951,2715,2236,0,0,0,1.0,1,1.0,1,1.0,1,0.20057738340887507,67
3769,3,4954,2715,2239,0,0,0,1.0,1,1.0,1,1.0,1,0.1579577046307583,69
3770,0,4954,2715,2239,0,0,0,1.0,1,1.0,1,1.0,1,0.1579577046307583,69
3771,4,4958,2716,2242,0,0,0,1.0,1,1.0,1,1.0,1,0.16777465273522202,69
3772,2,4960,2716,2244,0,0,0,1.0,1,1.0,1,1.0,1,0.15788444340839683,70
3773,4,4964,2717,2247,0,0,0,1.0,1,1.0,1,1.0,1,0.15346472718973375,68
3774,0,4964,2717,2247,0,0,0,1.0,1,1.0,1,1.0,1,0.15287445585870982,68
3775,3,4967,2718,2249,0,0,0,1.0,1,1.0,1,1.0,1,0.17117631612852097,68
3776,2,4969,2718,2251,0,0,0,1.0,1,1.0,1,1.0,1,0.1471282312329527,66
3777,1,4970,2718,2252,0,0,0,1.0,1,1.0,1,1.0,1,0.1308599428179339,65
3778,0,4970,2718,2252,0,0,0,1.0,1,1.0,1,1.0,1,0.11501134424689465,65
3779,1,4971,2719,2252,0,0,0,1.0,1,1.0,1,1.0,1,0.13913299080685945,65
3780,0,4971,2719,2252,0,0,0,1.0,1,1.0,1,1.0,1,0.12687730221813245,64
3781,0,4971,2719,2252,0,0,0,1.0,1,1.0,1,1.0,1,0.12687730221813245,64
3782,0,4971,2719,2252,0,0,0,1.0,1,1.0,1,1.0,1,0.13712828813479688,67
3783,0,4971,2719,2252,0,0,0,1.0,1,1.0,1,1.0,1,0.1327206528019147,65
3784,1,4972,2719,2253,0,0,0,1.0,1,1.0,1,1.0,1,0.12625269069245412,65
3785,2,4974,2721,2253,0,0,0,1.0,1,1.0,1,1.0,1,0.16394135872346882,63
3786,2,4976,2721,2255,0,0,0,1.0,1,1.0,1,1.0,1,0.14312106899503207,66
3787,1,4977,2722,2255,0,0,0,1.0,1,1.0,1,1.0,1,0.17492026796114712,65
3788,2,4979,2722,2257,0,0,0,1.0,1,1.0,1,1.0,1,0.1570387612120915,65
3789,2,4981,2724,2257,0,0,0,1.0,1,1.0,1,1.0,1,0.17708185961457146,65
3790,2,4983,2725,2258,0,0,0,1.0,1,1.0,1,1.0,1,0.20221575282756798,64
3791,1,4984,2726,2258,0,0,0,1.0,1,1.0,1,1.0,1,0.19895809160085443,64
3792,3,4987,2729,2258,0,0,0,1.0,1,1.0,1,1.0,1,0.21743120115694856,65
3793,3,4990,2730,2260,0,0,0,1.0,1,1.0,1,1.0,1,0.21441896763198848,68
3794,2,4992,2731,2261,0,0,0,1.0,1,1.0,1,1.0,1,0.20764301374979066,68
3795,2,4994,2731,2263,0,0,0,1.0,1,1.0,1,1.0,1,0.18620152686229471,69
3796,2,4996,2731,2265,0,0,0,1.0,1,1.0,1,1.0,1,0.1717568479953735,69
3797,3,4999,2731,2268,0,0,0,1.0,1,1.0,1,1.0,1,0.1684894753001354,70
3798,1,5000,2731,2269,0,0,0,1.0,1,1.0,1,1.0,1,0.161259350697799,70
3799,2,5002,2731,2271,0,0,0,1.0,1,1.0,1,1.0,1,0.1571072075252157,69
3800,2,5004,2731,2273,0,0,0,1.0,1,1.0,1,1.0,1,0.14551625892241832,69
3801,1,5005,2731,2274,0,0,0,1.0,1,1.0,1,1.0,1,0.1504532486433889,67
3802,4,5009,2731,2278,0,0,0,1.0,1,1.0,1,1.0,1,0.12238772397101383,67
3803,1,5010,2731,2279,0,0,0,1.0,1,1.0,1,1.0,1,0.12017761587992999,69
3804,1,5011,2731,2280,0,0,0,1.0,1,1.0,1,1.0,1,0.1163740035343167,70
3805,2,5013,2731,2282,0,0,0,1.0,1,1.0,1,1.0,1,0.11231633661680199,71
3806,0,5013,2731,2282,0,0,0,1.0,1,1.0,1,1.0,1,0.11231633661680199,71
3807,0,5013,2731,2282,0,0,0,1.0,1,1.0,1,1.0,1,0.11904151220613582,72
3808,1,5014,2731,2283,0,0,0,1.0,1,1.0,1,1.0,1,0.11129531219537275,72
3809,1,5015,2732,2283,0,0,0,1.0,1,1.0,1,1.0,1,0.13719574166188894,72
3810,3,5018,2733,2285,0,0,0,1.0,1,1.0,1,1.0,1,0.14375498851366497,72
3811,1,5019,2734,2285,0,0,0,1.0,1,1.0,1,1.0,1,0.14324396540451906,71
3812,0,5019,2734,2285,0,0,0,1.0,1,1.0,1,1.0,1,0.15272678606275764,72
3813,2,5021,2735,2286,0,0,0,1.0,1,1.0,1,1.0,1,0.1591615436891553,71
3814,0,5021,2735,2286,0,0,0,1.0,1,1.0,1,1.0,1,0.16786318481199822,72
3815,0,5021,2735,2286,0,0,0,1.0,1,1.0,1,1.0,1,0.15373377582518122,71
3816,0,5021,2735,2286,0,0,0,1.0,1,1.0,1,1.0,1,0.15082178204656546,69
3817,1,5022,2736,2286,0,0,0,1.0,1,1.0,1,1.0,1,0.17773016062174152,72
3818,1,5023,2737,2286,0,0,0,1.0,1,1.0,1,1.0,1,0.17743913803192915,72
3819,1,5024,2738,2286,0,0,0,1.0,1,1.0,1,1.0,1,0.18634505833803594,72
3820,2,5026,2739,2287,0,0,0,1.0,1,1.0,1,1.0,1,0.18192620474215096,72
3821,1,5027,2740,2287,0,0,0,1.0,1,1.0,1,1.0,1,0.1946871804828287,72
3822,0,5027,2740,2287,0,0,0,1.0,1,1.0,1,1.0,1,0.20610073496669049,69
3823,0,5027,2740,2287,0,0,0,1.0,1,1.0,1,1.0,1,0.20610073496669049,69
3824,3,5030,2740,2290,0,0,0,1.0,1,1.0,1,1.0,1,0.20079415204061785,65
3825,0,5030,2740,2290,0,0,0,1.0,1,1.0,1,1.0,1,0.2115048713011268,64
3826,1,5031,2740,2291,0,0,0,1.0,1,1.0,1,1.0,1,0.19772542121957998,65
3827,1,5032,2740,2292,0,0,0,1.0,1,1.0,1,1.0,1,0.19753801724337372,64
3828,2,5034,2741,2293,0,0,0,1.0,1,1.0,1,1.0,1,0.17726896956906538,65
3829,2,5036,2742,2294,0,0,0,1.0,1,1.0,1,1.0,1,0.1871993544514955,65
3830,1,5037,2742,2295,0,0,0,1.0,1,1.0,1,1.0,1,0.1834484850620085,64
3831,1,5038,2743,2295,0,0,0,1.0,1,1.0,1,1.0,1,0.1837772991121933,63
3832,2,5040,2743,2297,0,0,0,1.0,1,1.0,1,1.0,1,0.18198438221642485,64
3833,0,5040,2743,2297,0,0,0,1.0,1,1.0,1,1.0,1,0.18198438221642485,64
3834,0,5040,2743,2297,0,0,0,1.0,1,1.0,1,1.0,1,0.20426231447672566,63
3835,1,5041,2743,2298,0,0,0,1.0,1,1.0,1,1.0,1,0.1965716896302478,63
3836,3,5044,2745,2299,0,0,0,1.0,1,1.0,1,1.0,1,0.18352415734485314,63
3837,2,5046,2746,2300,0,0,0,1.0,1,1.0,1,1.0,1,0.1908457498478832,62
3838,1,5047,2747,2300,0,0,0,1.0,1,1.0,1,1.0,1,0.19407894427221067,62
3839,1,5048,2748,2300,0,0,0,1.0,1,1.0,1,1.0,1,0.21795897129155437,60
3840,1,5049,2748,2301,0,0,0,1.0,1,1.0,1,1.0,1,0.19945438115599673,62
3841,1,5050,2748,2302,0,0,0,1.0,1,1.0,1,1.0,1,0.18477916995431856,62
3842,2,5052,2748,2304,0,0,0,1.0,1,1.0,1,1.0,1,0.15023235597412615,63
3843,1,5053,2748,2305,0,0,0,1.0,1,1.0,1,1.0,1,0.13758610277430178,64
3844,3,5056,2748,2308,0,0,0,1.0,1,1.0,1,1.0,1,0.09803736137969492,65
3845,1,5057,2748,2309,0,0,0,1.0,1,1.0,1,1.0,1,0.09423718504403576,66
3846,1,5058,2748,2310,0,0,0,1.0,1,1.0,1,1.0,1,0.08533707237198014,67
3847,1,5059,2748,2311,0,0,0,1.0,1,1.0,1,1.0,1,0.07547649310462072,67
3848,2,5061,2749,2312,0,0,0,1.0,1,1.0,1,1.0,1,0.06352905368886805,67
3849,1,5062,2749,2313,0,0,0,1.0,1,1.0,1,1.0,1,0.03932691296255267,67
3850,2,5064,2751,2313,0,0,0,1.0,1,1.0,1,1.0,1,0.0535212543973913,68
3851,2,5066,2753,2313,0,0,0,1.0,1,1.0,1,1.0,1,0.08637887427275472,68
3852,1,5067,2753,2314,0,0,0,1.0,1,1.0,1,1.0,1,0.08937819700035553,70
3853,5,5072,2755,2317,0,0,0,1.0,1,1.0,1,1.0,1,0.11341504943343227,70
3854,3,5075,2757,2318,0,0,0,1.0,1,1.0,1,1.0,1,0.12170193250491261,70
3855,1,5076,2758,2318,0,0,0,1.0,1,1.0,1,1.0,1,0.13378267524599335,69
3856,2,5078,2759,2319,0,0,0,1.0,1,1.0,1,1.0,1,0.14509298605037357,70
3857,3,5081,2760,2321,0,0,0,1.0,1,1.0,1,1.0,1,0.16246276177816016,68
3858,0,5081,2760,2321,0,0,0,1.0,1,1.0,1,1.0,1,0.15201633753415789,67
3859,1,5082,2760,2322,0,0,0,1.0,1,1.0,1,1.0,1,0.12838301640016597,66
3860,0,5082,2760,2322,0,0,0,1.0,1,1.0,1,1.0,1,0.1316871719631404,66
3861,0,5082,2760,2322,0,0,0,1.0,1,1.0,1,1.0,1,0.13290677022763117,66
3862,0,5082,2760,2322,0,0,0,1.0,1,1.0,1,1.0,1,0.13290677022763117,66
3863,1,5083,2761,2322,0,0,0,1.0,1,1.0,1,1.0,1,0.13518573274449047,63
3864,1,5084,2762,2322,0,0,0,1.0,1,1.0,1,1.0,1,0.14688508134090544,63
3865,1,5085,2762,2323,0,0,0,1.0,1,1.0,1,1.0,1,0.13322165260537142,61
3866,0,5085,2762,2323,0,0,0,1.0,1,1.0,1,1.0,1,0.14152565166629757,61
3867,0,5085,2762,2323,0,0,0,1.0,1,1.0,1,1.0,1,0.14892280754973583,60
3868,4,5089,2764,2325,0,0,0,1.0,1,1.0,1,1.0,1,0.17042039611662713,59
3869,0,5089,2764,2325,0,0,0,1.0,1,1.0,1,1.0,1,0.16713253359035807,61
3870,1,5090,2764,2326,0,0,0,1.0,1,1.0,1,1.0,1,0.1686427752512662,61
3871,2,5092,2764,2328,0,0,0,1.0,1,1.0,1,1.0,1,0.1571636980761824,64
3872,1,5093,2764,2329,0,0,0,1.0,1,1.0,1,1.0,1,0.15436703881942332,63
3873,1,5094,2764,2330,0,0,0,1.0,1,1.0,1,1.0,1,0.15441144776934068,62
3874,0,5094,2764,2330,0,0,0,1.0,1,1.0,1,1.0,1,0.1491912806192402,63
3875,0,5094,2764,2330,0,0,0,1.0,1,1.0,1,1.0,1,0.1462700647513839,61
3876,0,5094,2764,2330,0,0,0,1.0,1,1.0,1,1.0,1,0.1388280196213793,62
3877,2,5096,2766,2330,0,0,0,1.0,1,1.0,1,1.0,1,0.1613246471608449,63
3878,0,5096,2766,2330,0,0,0,1.0,1,1.0,1,1.0,1,0.1613246471608449,63
3879,1,5097,2767,2330,0,0,0,1.0,1,1.0,1,1.0,1,0.16711809901512517,63
3880,0,5097,2767,2330,0,0,0,1.0,1,1.0,1,1.0,1,0.15671108857473176,65
3881,1,5098,2768,2330,0,0,0,1.0,1,1.0,1,1.0,1,0.17514897986647385,65
3882,3,5101,2770,2331,0,0,0,1.0,1,1.0,1,1.0,1,0.1682029212558179,66
3883,1,5102,2771,2331,0,0,0,1.0,1,1.0,1,1.0,1,0.17857911504205892,66
3884,2,5104,2772,2332,0,0,0,1.0,1,1.0,1,1.0,1,0.20062449450514985,66
3885,2,5106,2773,2333,0,0,0,1.0,1,1.0,1,1.0,1,0.210143638479916,66
3886,1,5107,2774,2333,0,0,0,1.0,1,1.0,1,1.0,1,0.21695943969323359,65
3887,1,5108,2774,2334,0,0,0,1.0,1,1.0,1,1.0,1,0.19751903307862984,65
3888,1,5109,2774,2335,0,0,0,1.0,1,1.0,1,1.0,1,0.2035601835109535,66
3889,1,5110,2775,2335,0,0,0,1.0,1,1.0,1,1.0,1,0.20394299974553598,64
3890,3,5113,2777,2336,0,0,0,1.0,1,1.0,1,1.0,1,0.2064850940211893,63
3891,2,5115,2777,2338,0,0,0,1.0,1,1.0,1,1.0,1,0.1703871092259984,66
3892,3,5118,2778,2340,0,0,0,1.0,1,1.0,1,1.0,1,0.14285395865730177,67
3893,0,5118,2778,2340,0,0,0,1.0,1,1.0,1,1.0,1,0.14156734945121868,66
3894,3,5121,2779,2342,0,0,0,1.0,1,1.0,1,1.0,1,0.13684465136948076,67
3895,1,5122,2779,2343,0,0,0,1.0,1,1.0,1,1.0,1,0.12890769145849973,66
3896,2,5124,2780,2344,0,0,0,1.0,1,1.0,1,1.0,1,0.1326451043469793,66
3897,2,5126,2780,2346,0,0,0,1.0,1,1.0,1,1.0,1,0.11905954280913586,65
3898,6,5132,2782,2350,0,0,0,1.0,1,1.0,1,1.0,1,0.14851564123406247,65
3899,2,5134,2784,2350,0,0,0,1.0,1,1.0,1,1.0,1,0.17143768897316672,64
3900,1,5135,2785,2350,0,0,0,1.0,1,1.0,1,1.0,1,0.2027698988489062,63
3901,3,5138,2787,2351,0,0,0,1.0,1,1.0,1,1.0,1,0.20415251716045624,63
3902,2,5140,2788,2352,0,0,0,1.0,1,1.0,1,1.0,1,0.21418691105998894,64
3903,3,5143,2788,2355,0,0,0,1.0,1,1.0,1,1.0,1,0.17467851212578206,64
3904,0,5143,2788,2355,0,0,0,1.0,1,1.0,1,1.0,1,0.18064615453407004,63
3905,1,5144,2788,2356,0,0,0,1.0,1,1.0,1,1.0,1,0.15874961874882407,63
3906,0,5144,2788,2356,0,0,0,1.0,1,1.0,1,1.0,1,0.1463783742353878,64
3907,2,5146,2788,2358,0,0,0,1.0,1,1.0,1,1.0,1,0.14956067302383294,64
3908,1,5147,2789,2358,0,0,0,1.0,1,1.0,1,1.0,1,0.16176838859414178,63
3909,1,5148,2789,2359,0,0,0,1.0,1,1.0,1,1.0,1,0.17366858331239637,62
3910,1,5149,2789,2360,0,0,0,1.0,1,1.0,1,1.0,1,0.1758381846471934,62
3911,1,5150,2790,2360,0,0,0,1.0,1,1.0,1,1.0,1,0.17764386153186598,64
3912,1,5151,2791,2360,0,0,0,1.0,1,1.0,1,1.0,1,0.20421005135862086,64
3913,1,5152,2791,2361,0,0,0,1.0,1,1.0,1,1.0,1,0.20843466520319903,65
3914,1,5153,2791,2362,0,0,0,1.0,1,1.0,1,1.0,1,0.2064172369518545,65
3915,1,5154,2792,2362,0,0,0,1.0,1,1.0,1,1.0,1,0.18962735258688806,66
3916,2,5156,2793,2363,0,0,0,1.0,1,1.0,1,1.0,1,0.20998146139578805,66
3917,1,5157,2793,2364,0,0,0,1.0,1,1.0,1,1.0,1,0.20307285664093097,66
3918,3,5160,2795,2365,0,0,0,1.0,1,1.0,1,1.0,1,0.1891806757123784,67
3919,0,5160,2795,2365,0,0,0,1.0,1,1.0,1,1.0,1,0.1836482252279612,68
3920,1,5161,2796,2365,0,0,0,1.0,1,1.0,1,1.0,1,0.16824014466638187,69
3921,1,5162,2796,2366,0,0,0,1.0,1,1.0,1,1.0,1,0.17239429562073197,68
3922,3,5165,2798,2367,0,0,0,1.0,1,1.0,1,1.0,1,0.1972942926276315,68
3923,1,5166,2798,2368,0,0,0,1.0,1,1.0,1,1.0,1,0.19959433612292676,69
3924,3,5169,2799,2370,0,0,0,1.0,1,1.0,1,1.0,1,0.1808417244374267,69
3925,4,5173,2801,2372,0,0,0,1.0,1,1.0,1,1.0,1,0.1968269955955101,67
3926,1,5174,2801,2373,0,0,0,1.0,1,1.0,1,1.0,1,0.19817360082023702,67
3927,1,5175,2801,2374,0,0,0,1.0,1,1.0,1,1.0,1,0.2017994895093514,65
3928,3,5178,2801,2377,0,0,0,1.0,1,1.0,1,1.0,1,0.17856448080925721,65
3929,1,5179,2802,2377,0,0,0,1.0,1,1.0,1,1.0,1,0.18388089474546943,64
3930,0,5179,2802,2377,0,0,0,1.0,1,1.0,1,1.0,1,0.17825760030441176,64
3931,0,5179,2802,2377,0,0,0,1.0,1,1.0,1,1.0,1,0.16558818043419707,62
3932,0,5179,2802,2377,0,0,0,1.0,1,1.0,1,1.0,1,0.16558818043419707,62
3933,1,5180,2803,2377,0,0,0,1.0,1,1.0,1,1.0,1,0.15494151040589263,62
3934,2,5182,2804,2378,0,0,0,1.0,1,1.0,1,1.0,1,0.12988534375643357,61
3935,0,5182,2804,2378,0,0,0,1.0,1,1.0,1,1.0,1,0.13527581727550858,64
3936,0,5182,2804,2378,0,0,0,1.0,1,1.0,1,1.0,1,0.14286621125857935,65
3937,1,5183,2804,2379,0,0,0,1.0,1,1.0,1,1.0,1,0.11918823814877422,66
3938,0,5183,2804,2379,0,0,0,1.0,1,1.0,1,1.0,1,0.11918823814877422,66
3939,0,5183,2804,2379,0,0,0,1.0,1,1.0,1,1.0,1,0.1301631281547459,67
3940,1,5184,2804,2380,0,0,0,1.0,1,1.0,1,1.0,1,0.10946697416550094,69
3941,0,5184,2804,2380,0,0,0,1.0,1,1.0,1,1.0,1,0.10946697416550094,69
3942,2,5186,2805,2381,0,0,0,1.0,1,1.0,1,1.0,1,0.11935294822789001,69
3943,1,5187,2806,2381,0,0,0,1.0,1,1.0,1,1.0,1,0.14979396134457626,68
3944,2,5189,2806,2383,0,0,0,1.0,1,1.0,1,1.0,1,0.14799679131534266,68
3945,4,5193,2809,2384,0,0,0,1.0,1,1.0,1,1.0,1,0.1484040147181708,67
3946,4,5197,2811,2386,0,0,0,1.0,1,1.0,1,1.0,1,0.16950039797781952,67
3947,2,5199,2812,2387,0,0,0,1.0,1,1.0,1,1.0,1,0.1629499445723424,66
3948,3,5202,2814,2388,0,0,0,1.0,1,1.0,1,1.0,1,0.1414116913857305,67
3949,5,5207,2818,2389,0,0,0,1.0,1,1.0,1,1.0,1,0.2300126580401594,66
3950,0,5207,2818,2389,0,0,0,1.0,1,1.0,1,1.0,1,0.23873682418713305,65
3951,1,5208,2818,2390,0,0,0,1.0,1,1.0,1,1.0,1,0.22597424753576995,65
3952,4,5212,2819,2393,0,0,0,1.0,1,1.0,1,1.0,1,0.19804266424016603,65
3953,1,5213,2819,2394,0,0,0,1.0,1,1.0,1,1.0,1,0.20145175061334233,65
3954,1,5214,2819,2395,0,0,0,1.0,1,1.0,1,1.0,1,0.20115910048452762,64
3955,2,5216,2819,2397,0,0,0,1.0,1,1.0,1,1.0,1,0.2046453361923038,64
3956,1,5217,2819,2398,0,0,0,1.0,1,1.0,1,1.0,1,0.19051842454765425,63
3957,1,5218,2819,2399,0,0,0,1.0,1,1.0,1,1.0,1,0.1839447374347815,63
3958,1,5219,2819,2400,0,0,0,1.0,1,1.0,1,1.0,1,0.18564925071072483,63
3959,0,5219,2819,2400,0,0,0,1.0,1,1.0,1,1.0,1,0.1847494311133862,62
3960,0,5219,2819,2400,0,0,0,1.0,1,1.0,1,1.0,1,0.1847494311133862,62
3961,2,5221,2821,2400,0,0,0,1.0,1,1.0,1,1.0,1,0.19432676551897904,64
3962,1,5222,2821,2401,0,0,0,1.0,1,1.0,1,1.0,1,0.18525288787049773,64
3963,5,5227,2825,2402,0,0,0,1.0,1,1.0,1,1.0,1,0.2142427787040579,62
3964,1,5228,2825,2403,0,0,0,1.0,1,1.0,1,1.0,1,0.18704382979708362,63
3965,4,5232,2825,2407,0,0,0,1.0,1,1.0,1,1.0,1,0.13071025374549136,63
3966,0,5232,2825,2407,0,0,0,1.0,1,1.0,1,1.0,1,0.12878891927826341,62
3967,3,5235,2825,2410,0,0,0,1.0,1,1.0,1,1.0,1,0.10160263678280851,64
3968,0,5235,2825,2410,0,0,0,1.0,1,1.0,1,1.0,1,0.09971652570922107,63
3969,1,5236,2825,2411,0,0,0,1.0,1,1.0,1,1.0,1,0.09947295400061307,63
3970,0,5236,2825,2411,0,0,0,1.0,1,1.0,1,1.0,1,0.09719156221875655,65
3971,0,5236,2825,2411,0,0,0,1.0,1,1.0,1,1.0,1,0.09719156221875655,65
3972,3,5239,2827,2412,0,0,0,1.0,1,1.0,1,1.0,1,0.12276692507901218,66
3973,2,5241,2827,2414,0,0,0,1.0,1,1.0,1,1.0,1,0.09879216624801407,66
3974,1,5242,2828,2414,0,0,0,1.0,1,1.0,1,1.0,1,0.11952695795597615,66
3975,3,5245,2830,2415,0,0,0,1.0,1,1.0,1,1.0,1,0.12490254154305078,66
3976,3,5248,2831,2417,0,0,0,1.0,1,1.0,1,1.0,1,0.12373591623781838,66
3977,2,5250,2833,2417,0,0,0,1.0,1,1.0,1,1.0,1,0.13110177455306987,64
3978,3,5253,2835,2418,0,0,0,1.0,1,1.0,1,1.0,1,0.14592192415946767,63
3979,2,5255,2835,2420,0,0,0,1.0,1,1.0,1,1.0,1,0.14418313830791663,63
3980,1,5256,2835,2421,0,0,0,1.0,1,1.0,1,1.0,1,0.13647041576650693,63
3981,1,5257,2835,2422,0,0,0,1.0,1,1.0,1,1.0,1,0.1374101280353757,64
3982,1,5258,2835,2423,0,0,0,1.0,1,1.0,1,1.0,1,0.1231892795598369,65
3983,0,5258,2835,2423,0,0,0,1.0,1,1.0,1,1.0,1,0.1272909470631266,64
3984,1,5259,2835,2424,0,0,0,1.0,1,1.0,1,1.0,1,0.126172679678905,65
3985,2,5261,2836,2425,0,0,0,1.0,1,1.0,1,1.0,1,0.13106649455672023,64
3986,1,5262,2836,2426,0,0,0,1.0,1,1.0,1,1.0,1,0.12778661462691954,63
3987,0,5262,2836,2426,0,0,0,1.0,1,1.0,1,1.0,1,0.14316823824349803,63
3988,0,5262,2836,2426,0,0,0,1.0,1,1.0,1,1.0,1,0.14117975241432343,63
3989,0,5262,2836,2426,0,0,0,1.0,1,1.0,1,1.0,1,0.15750260417593923,63
3990,1,5263,2837,2426,0,0,0,1.0,1,1.0,1,1.0,1,0.18730697180734474,62
3991,1,5264,2837,2427,0,0,0,1.0,1,1.0,1,1.0,1,0.17483355069663417,62
3992,0,5264,2837,2427,0,0,0,1.0,1,1.0,1,1.0,1,0.16576820160755412,65
3993,0,5264,2837,2427,0,0,0,1.0,1,1.0,1,1.0,1,0.16576820160755412,65
3994,1,5265,2837,2428,0,0,0,1.0,1,1.0,1,1.0,1,0.1525562967965456,64
3995,0,5265,2837,2428,0,0,0,1.0,1,1.0,1,1.0,1,0.1525562967965456,64
3996,1,5266,2837,2429,0,0,0,1.0,1,1.0,1,1.0,1,0.13281306276502655,67
3997,3,5269,2838,2431,0,0,0,1.0,1,1.0,1,1.0,1,0.12314806660975838,69
3998,2,5271,2839,2432,0,0,0,1.0,1,1.0,1,1.0,1,0.12914804985025197,69
3999,2,5273,2841,2432,0,0,0,1.0,1,1.0,1,1.0,1,0.1332150266720942,69
4000,0,5273,2841,2432,0,0,0,1.0,1,1.0,1,1.0,1,0.11362649386245105,69
4001,0,5273,2841,2432,0,0,0,1.0,1,1.0,1,1.0,1,0.10493436563175368,68
4002,1,5274,2842,2432,0,0,0,1.0,1,1.0,1,1.0,1,0.08948006972176234,68
4003,2,5276,2844,2432,0,0,0,1.0,1,1.0,1,1.0,1,0.12393261296601596,68
4004,5,5281,2847,2434,0,0,0,1.0,1,1.0,1,1.0,1,0.08993611945716225,67
4005,1,5282,2848,2434,0,0,0,1.0,1,1.0,1,1.0,1,0.09745218790050214,67
4006,4,5286,2850,2436,0,0,0,1.0,1,1.0,1,1.0,1,0.09420585439669944,67
4007,1,5287,2851,2436,0,0,0,1.0,1,1.0,1,1.0,1,0.11347188327982384,67
4008,4,5291,2853,2438,0,0,0,1.0,1,1.0,1,1.0,1,0.11038705809389644,67
4009,3,5294,2854,2440,0,0,0,1.0,1,1.0,1,1.0,1,0.1200307132502573,67
4010,2,5296,2855,2441,0,0,0,1.0,1,1.0,1,1.0,1,0.11931910622700816,66
4011,1,5297,2856,2441,0,0,0,1.0,1,1.0,1,1.0,1,0.11524722253346323,66
4012,4,5301,2858,2443,0,0,0,1.0,1,1.0,1,1.0,1,0.10288335077383576,66
4013,1,5302,2858,2444,0,0,0,1.0,1,1.0,1,1.0,1,0.07673944372165487,66
4014,1,5303,2859,2444,0,0,0,1.0,1,1.0,1,1.0,1,0.08742307530099222,66
4015,0,5303,2859,2444,0,0,0,1.0,1,1.0,1,1.0,1,0.10944741993965493,64
4016,1,5304,2860,2444,0,0,0,1.0,1,1.0,1,1.0,1,0.150932324840994,64
4017,3,5307,2862,2445,0,0,0,1.0,1,1.0,1,1.0,1,0.1666213936713884,66
4018,0,5307,2862,2445,0,0,0,1.0,1,1.0,1,1.0,1,0.17405351529790697,67
4019,1,5308,2863,2445,0,0,0,1.0,1,1.0,1,1.0,1,0.18531213363914656,67
4020,0,5308,2863,2445,0,0,0,1.0,1,1.0,1,1.0,1,0.20444903491212923,66
4021,1,5309,2864,2445,0,0,0,1.0,1,1.0,1,1.0,1,0.2151980186485495,66
4022,0,5309,2864,2445,0,0,0,1.0,1,1.0,1,1.0,1,0.2151980186485495,66
4023,1,5310,2865,2445,0,0,0,1.0,1,1.0,1,1.0,1,0.21496618376912605,66
4024,3,5313,2866,2447,0,0,0,1.0,1,1.0,1,1.0,1,0.20036581260145214,66
4025,1,5314,2866,2448,0,0,0,1.0,1,1.0,1,1.0,1,0.17333768129175753,66
4026,0,5314,2866,2448,0,0,0,1.0,1,1.0,1,1.0,1,0.17382540935386898,66
4027,2,5316,2867,2449,0,0,0,1.0,1,1.0,1,1.0,1,0.1800229015508365,64
4028,3,5319,2869,2450,0,0,0,1.0,1,1.0,1,1.0,1,0.19779477140286877,63
4029,0,5319,2869,2450,0,0,0,1.0,1,1.0,1,1.0,1,0.2077187174708677,62
4030,2,5321,2869,2452,0,0,0,1.0,1,1.0,1,1.0,1,0.15482413316602772,63
4031,0,5321,2869,2452,0,0,0,1.0,1,1.0,1,1.0,1,0.1619933039743254,62
4032,1,5322,2870,2452,0,0,0,1.0,1,1.0,1,1.0,1,0.17975309695180544,62
4033,0,5322,2870,2452,0,0,0,1.0,1,1.0,1,1.0,1,0.1919136192862349,61
4034,4,5326,2872,2454,0,0,0,1.0,1,1.0,1,1.0,1,0.20281701323545895,60
4035,1,5327,2872,2455,0,0,0,1.0,1,1.0,1,1.0,1,0.19689359244334462,59
4036,3,5330,2874,2456,0,0,0,1.0,1,1.0,1,1.0,1,0.21630822917658374,58
4037,3,5333,2876,2457,0,0,0,1.0,1,1.0,1,1.0,1,0.21595476480895964,59
4038,2,5335,2876,2459,0,0,0,1.0,1,1.0,1,1.0,1,0.18852514949168755,58
4039,1,5336,2876,2460,0,0,0,1.0,1,1.0,1,1.0,1,0.20600927534788585,56
4040,0,5336,2876,2460,0,0,0,1.0,1,1.0,1,1.0,1,0.21517548002066395,55
4041,3,5339,2878,2461,0,0,0,1.0,1,1.0,1,1.0,1,0.24699255912032672,54
4042,1,5340,2879,2461,0,0,0,1.0,1,1.0,1,1.0,1,0.2558855737118287,56
4043,2,5342,2880,2462,0,0,0,1.0,1,1.0,1,1.0,1,0.2743752138749383,56
4044,1,5343,2881,2462,0,0,0,1.0,1,1.0,1,1.0,1,0.28876340867668315,56
4045,2,5345,2883,2462,0,0,0,1.0,1,1.0,1,1.0,1,0.31434607488713256,57
4046,0,5345,2883,2462,0,0,0,1.0,1,1.0,1,1.0,1,0.3204482737237431,59
4047,2,5347,2885,2462,0,0,0,1.0,1,1.0,1,1.0,1,0.3546163056839728,59
4048,1,5348,2885,2463,0,0,0,1.0,1,1.0,1,1.0,1,0.347561446434737,59
4049,0,5348,2885,2463,0,0,0,1.0,1,1.0,1,1.0,1,0.3316322867168137,60
4050,1,5349,2885,2464,0,0,0,1.0,1,1.0,1,1.0,1,0.3098738856596713,60
4051,1,5350,2886,2464,0,0,0,1.0,1,1.0,1,1.0,1,0.3188175309365573,60
4052,0,5350,2886,2464,0,0,0,1.0,1,1.0,1,1.0,1,0.3188175309365573,60
4053,0,5350,2886,2464,0,0,0,1.0,1,1.0,1,1.0,1,0.3188175309365573,60
4054,1,5351,2887,2464,0,0,0,1.0,1,1.0,1,1.0,1,0.31669632594238717,61
4055,0,5351,2887,2464,0,0,0,1.0,1,1.0,1,1.0,1,0.31669632594238717,61
4056,0,5351,2887,2464,0,0,0,1.0,1,1.0,1,1.0,1,0.3195194838835633,62
4057,0,5351,2887,2464,0,0,0,1.0,1,1.0,1,1.0,1,0.32078126802445434,63
4058,0,5351,2887,2464,0,0,0,1.0,1,1.0,1,1.0,1,0.336944994403603,64
4059,0,5351,2887,2464,0,0,0,1.0,1,1.0,1,1.0,1,0.35424905616941627,63
4060,0,5351,2887,2464,0,0,0,1.0,1,1.0,1,1.0,1,0.35424905616941627,63
4061,0,5351,2887,2464,0,0,0,1.0,1,1.0,1,1.0,1,0.3598354193708247,63
4062,0,5351,2887,2464,0,0,0,1.0,1,1.0,1,1.0,1,0.34719187970030446,65
4063,1,5352,2887,2465,0,0,0,1.0,1,1.0,1,1.0,1,0.3197555945385082,64
4064,1,5353,2887,2466,0,0,0,1.0,1,1.0,1,1.0,1,0.3085269172471208,65
4065,5,5358,2890,2468,0,0,0,1.0,1,1.0,1,1.0,1,0.2581492142189423,64
4066,1,5359,2890,2469,0,0,0,1.0,1,1.0,1,1.0,1,0.24587263293924388,64
4067,4,5363,2892,2471,0,0,0,1.0,1,1.0,1,1.0,1,0.21416330475685721,63
4068,1,5364,2892,2472,0,0,0,1.0,1,1.0,1,1.0,1,0.202237942120413,64
4069,8,5372,2895,2477,0,0,0,1.0,1,1.0,1,1.0,1,0.22273543285073202,62
4070,2,5374,2895,2479,0,0,0,1.0,1,1.0,1,1.0,1,0.20337967630565726,61
4071,4,5378,2898,2480,0,0,0,1.0,1,1.0,1,1.0,1,0.26557180746621734,61
4072,7,5385,2899,2486,0,0,0,1.0,1,1.0,1,1.0,1,0.2409596081616924,60
4073,3,5388,2899,2489,0,0,0,1.0,1,1.0,1,1.0,1,0.2101856165969186,60
4074,2,5390,2901,2489,0,0,0,1.0,1,1.0,1,1.0,1,0.26178041206974056,60
4075,5,5395,2901,2494,0,0,0,1.0,1,1.0,1,1.0,1,0.2048248118241788,59
4076,1,5396,2901,2495,0,0,0,1.0,1,1.0,1,1.0,1,0.19573129394633784,60
4077,0,5396,2901,2495,0,0,0,1.0,1,1.0,1,1.0,1,0.20370180587937592,61
4078,2,5398,2901,2497,0,0,0,1.0,1,1.0,1,1.0,1,0.20138908446151826,60
4079,0,5398,2901,2497,0,0,0,1.0,1,1.0,1,1.0,1,0.21778008019070727,58
4080,1,5399,2902,2497,0,0,0,1.0,1,1.0,1,1.0,1,0.2234570324641551,56
4081,2,5401,2903,2498,0,0,0,1.0,1,1.0,1,1.0,1,0.20895880438250194,56
4082,1,5402,2903,2499,0,0,0,1.0,1,1.0,1,1.0,1,0.21716305034645242,55
4083,0,5402,2903,2499,0,0,0,1.0,1,1.0,1,1.0,1,0.21716305034645242,55
4084,2,5404,2904,2500,0,0,0,1.0,1,1.0,1,1.0,1,0.22248778889877757,55
4085,3,5407,2906,2501,0,0,0,1.0,1,1.0,1,1.0,1,0.22400366295383187,56
4086,2,5409,2907,2502,0,0,0,1.0,1,1.0,1,1.0,1,0.22157681825307426,57
4087,2,5411,2908,2503,0,0,0,1.0,1,1.0,1,1.0,1,0.2263869287312645,57
4088,1,5412,2908,2504,0,0,0,1.0,1,1.0,1,1.0,1,0.21517390684914753,57
4089,0,5412,2908,2504,0,0,0,1.0,1,1.0,1,1.0,1,0.23561925770858475,56
4090,1,5413,2909,2504,0,0,0,1.0,1,1.0,1,1.0,1,0.2577029823449096,56
4091,2,5415,2909,2506,0,0,0,1.0,1,1.0,1,1.0,1,0.25196516114047657,56
4092,1,5416,2909,2507,0,0,0,1.0,1,1.0,1,1.0,1,0.23989573535639908,57
4093,6,5422,2909,2513,0,0,0,1.0,1,1.0,1,1.0,1,0.17257167604974832,58
4094,1,5423,2909,2514,0,0,0,1.0,1,1.0,1,1.0,1,0.15488457146379608,57
4095,1,5424,2909,2515,0,0,0,1.0,1,1.0,1,1.0,1,0.14681649805228691,57
4096,5,5429,2909,2520,0,0,0,1.0,1,1.0,1,1.0,1,0.11001553323013542,59
4097,0,5429,2909,2520,0,0,0,1.0,1,1.0,1,1.0,1,0.11001553323013542,59
4098,0,5429,2909,2520,0,0,0,1.0,1,1.0,1,1.0,1,0.11001553323013542,59
4099,1,5430,2910,2520,0,0,0,1.0,1,1.0,1,1.0,1,0.08995838676517773,60
4100,0,5430,2910,2520,0,0,0,1.0,1,1.0,1,1.0,1,0.08995838676517773,60
4101,1,5431,2911,2520,0,0,0,1.0,1,1.0,1,1.0,1,0.10929062784842399,60
4102,3,5434,2914,2520,0,0,0,1.0,1,1.0,1,1.0,1,0.16741393816946898,60
4103,2,5436,2915,2521,0,0,0,1.0,1,1.0,1,1.0,1,0.19893511621777724,58
4104,3,5439,2916,2523,0,0,0,1.0,1,1.0,1,1.0,1,0.16454983920655467,60
4105,2,5441,2916,2525,0,0,0,1.0,1,1.0,1,1.0,1,0.1428672171435822,59
4106,2,5443,2917,2526,0,0,0,1.0,1,1.0,1,1.0,1,0.14843342451793623,61
4107,0,5443,2917,2526,0,0,0,1.0,1,1.0,1,1.0,1,0.15122221624468835,59
4108,1,5444,2918,2526,0,0,0,1.0,1,1.0,1,1.0,1,0.1456088530634565,60
4109,1,5445,2918,2527,0,0,0,1.0,1,1.0,1,1.0,1,0.13354754273035363,59
4110,1,5446,2919,2527,0,0,0,1.0,1,1.0,1,1.0,1,0.12785450208815616,60
4111,0,5446,2919,2527,0,0,0,1.0,1,1.0,1,1.0,1,0.14838713199921394,61
4112,1,5447,2920,2527,0,0,0,1.0,1,1.0,1,1.0,1,0.159748062253719,60
4113,3,5450,2920,2530,0,0,0,1.0,1,1.0,1,1.0,1,0.09534492460046352,61
4114,0,5450,2920,2530,0,0,0,1.0,1,1.0,1,1.0,1,0.0833554065948589,62
4115,2,5452,2920,2532,0,0,0,1.0,1,1.0,1,1.0,1,0.1013755518716109,60
4116,0,5452,2920,2532,0,0,0,1.0,1,1.0,1,1.0,1,0.09865308560802181,59
4117,4,5456,2922,2534,0,0,0,1.0,1,1.0,1,1.0,1,0.09433866038230922,56
4118,0,5456,2922,2534,0,0,0,1.0,1,1.0,1,1.0,1,0.11364950286218727,55
4119,1,5457,2923,2534,0,0,0,1.0,1,1.0,1,1.0,1,0.14163212658510257,53
4120,3,5460,2925,2535,0,0,0,1.0,1,1.0,1,1.0,1,0.1296708578015312,52
4121,5,5465,2930,2535,0,0,0,1.0,1,1.0,1,1.0,1,0.11526336294662909,53
4122,1,5466,2931,2535,0,0,0,1.0,1,1.0,1,1.0,1,0.14659528685882608,52
4123,4,5470,2934,2536,0,0,0,1.0,1,1.0,1,1.0,1,0.1596703990464763,51
4124,1,5471,2934,2537,0,0,0,1.0,1,1.0,1,1.0,1,0.1487619008418714,51
4125,1,5472,2935,2537,0,0,0,1.0,1,1.0,1,1.0,1,0.15729493375985892,50
4126,3,5475,2936,2539,0,0,0,1.0,1,1.0,1,1.0,1,0.16549719153342157,50
4127,1,5476,2937,2539,0,0,0,1.0,1,1.0,1,1.0,1,0.17297932989366105,49
4128,0,5476,2937,2539,0,0,0,1.0,1,1.0,1,1.0,1,0.17297932989366105,49
4129,1,5477,2937,2540,0,0,0,1.0,1,1.0,1,1.0,1,0.16433657900732263,49
4130,1,5478,2938,2540,0,0,0,1.0,1,1.0,1,1.0,1,0.14288531295491,50
4131,2,5480,2940,2540,0,0,0,1.0,1,1.0,1,1.0,1,0.17915891388064753,50
4132,1,5481,2940,2541,0,0,0,1.0,1,1.0,1,1.0,1,0.16415982729808562,50
4133,2,5483,2942,2541,0,0,0,1.0,1,1.0,1,1.0,1,0.17755504678778986,51
4134,1,5484,2943,2541,0,0,0,1.0,1,1.0,1,1.0,1,0.14876341132438134,53
4135,1,5485,2944,2541,0,0,0,1.0,1,1.0,1,1.0,1,0.16716421377761914,54
4136,0,5485,2944,2541,0,0,0,1.0,1,1.0,1,1.0,1,0.16716421377761914,54
4137,1,5486,2945,2541,0,0,0,1.0,1,1.0,1,1.0,1,0.14319996521986447,55
4138,1,5487,2946,2541,0,0,0,1.0,1,1.0,1,1.0,1,0.15921500870963576,54
4139,1,5488,2947,2541,0,0,0,1.0,1,1.0,1,1.0,1,0.17701873756558367,54
4140,0,5488,2947,2541,0,0,0,1.0,1,1.0,1,1.0,1,0.159698089520946,55
4141,0,5488,2947,2541,0,0,0,1.0,1,1.0,1,1.0,1,0.1600205110020513,55
4142,0,5488,2947,2541,0,0,0,1.0,1,1.0,1,1.0,1,0.1600205110020513,55
4143,2,5490,2947,2543,0,0,0,1.0,1,1.0,1,1.0,1,0.1346194404495955,53
4144,0,5490,2947,2543,0,0,0,1.0,1,1.0,1,1.0,1,0.15418421963663445,52
4145,2,5492,2947,2545,0,0,0,1.0,1,1.0,1,1.0,1,0.1344463217072255,51
4146,4,5496,2950,2546,0,0,0,1.0,1,1.0,1,1.0,1,0.15077546080274146,51
4147,2,5498,2951,2547,0,0,0,1.0,1,1.0,1,1.0,1,0.14800147544206502,50
4148,1,5499,2952,2547,0,0,0,1.0,1,1.0,1,1.0,1,0.1754288959761611,52
4149,0,5499,2952,2547,0,0,0,1.0,1,1.0,1,1.0,1,0.15542069688766727,53
4150,2,5501,2954,2547,0,0,0,1.0,1,1.0,1,1.0,1,0.17516333444976306,53
4151,1,5502,2955,2547,0,0,0,1.0,1,1.0,1,1.0,1,0.18184240588865502,53
4152,1,5503,2956,2547,0,0,0,1.0,1,1.0,1,1.0,1,0.16983842159484902,54
4153,2,5505,2958,2547,0,0,0,1.0,1,1.0,1,1.0,1,0.1962609789233358,51
4154,2,5507,2958,2549,0,0,0,1.0,1,1.0,1,1.0,1,0.1468817101556902,51
4155,2,5509,2960,2549,0,0,0,1.0,1,1.0,1,1.0,1,0.1706649649425517,51
4156,7,5516,2964,2552,0,0,0,1.0,1,1.0,1,1.0,1,0.18677463887733536,52
4157,1,5517,2964,2553,0,0,0,1.0,1,1.0,1,1.0,1,0.16441501071373635,52
4158,1,5518,2965,2553,0,0,0,1.0,1,1.0,1,1.0,1,0.18342752237609392,52
4159,3,5521,2967,2554,0,0,0,1.0,1,1.0,1,1.0,1,0.18107998356711988,52
4160,3,5524,2970,2554,0,0,0,1.0,1,1.0,1,1.0,1,0.22794583761195505,50
4161,1,5525,2971,2554,0,0,0,1.0,1,1.0,1,1.0,1,0.24954570012401442,50
4162,2,5527,2973,2554,0,0,0,1.0,1,1.0,1,1.0,1,0.2599096003976378,51
4163,3,5530,2974,2556,0,0,0,1.0,1,1.0,1,1.0,1,0.2331815239464562,48
4164,2,5532,2975,2557,0,0,0,1.0,1,1.0,1,1.0,1,0.2509069028485018,50
4165,3,5535,2975,2560,0,0,0,1.0,1,1.0,1,1.0,1,0.2085312160540062,49
4166,2,5537,2976,2561,0,0,0,1.0,1,1.0,1,1.0,1,0.2053457486254978,50
4167,0,5537,2976,2561,0,0,0,1.0,1,1.0,1,1.0,1,0.20555844396860665,50
4168,1,5538,2976,2562,0,0,0,1.0,1,1.0,1,1.0,1,0.20338631264853366,50
4169,1,5539,2976,2563,0,0,0,1.0,1,1.0,1,1.0,1,0.19233497426826565,51
4170,0,5539,2976,2563,0,0,0,1.0,1,1.0,1,1.0,1,0.21040521139358442,50
4171,3,5542,2978,2564,0,0,0,1.0,1,1.0,1,1.0,1,0.22411449015842239,50
4172,1,5543,2978,2565,0,0,0,1.0,1,1.0,1,1.0,1,0.23037225564094485,49
4173,3,5546,2978,2568,0,0,0,1.0,1,1.0,1,1.0,1,0.20012846413397925,48
4174,2,5548,2979,2569,0,0,0,1.0,1,1.0,1,1.0,1,0.20700499877379003,48
4175,2,5550,2979,2571,0,0,0,1.0,1,1.0,1,1.0,1,0.18066122500743764,48
4176,1,5551,2979,2572,0,0,0,1.0,1,1.0,1,1.0,1,0.16973867276758758,50
4177,2,5553,2979,2574,0,0,0,1.0,1,1.0,1,1.0,1,0.13682941153675485,52
4178,1,5554,2980,2574,0,0,0,1.0,1,1.0,1,1.0,1,0.14518465101889866,53
4179,1,5555,2980,2575,0,0,0,1.0,1,1.0,1,1.0,1,0.1326045610536509,54
4180,1,5556,2980,2576,0,0,0,1.0,1,1.0,1,1.0,1,0.12392755889840142,55
4181,1,5557,2980,2577,0,0,0,1.0,1,1.0,1,1.0,1,0.09725042122555465,56
4182,0,5557,2980,2577,0,0,0,1.0,1,1.0,1,1.0,1,0.09725042122555465,56
4183,2,5559,2981,2578,0,0,0,1.0,1,1.0,1,1.0,1,0.08963105376282607,57
4184,1,5560,2981,2579,0,0,0,1.0,1,1.0,1,1.0,1,0.09162659881277378,57
4185,0,5560,2981,2579,0,0,0,1.0,1,1.0,1,1.0,1,0.0980316802822135,54
4186,2,5562,2982,2580,0,0,0,1.0,1,1.0,1,1.0,1,0.11019540962125748,55
4187,1,5563,2983,2580,0,0,0,1.0,1,1.0,1,1.0,1,0.10853085236673651,53
4188,1,5564,2983,2581,0,0,0,1.0,1,1.0,1,1.0,1,0.09027496752172366,53
4189,1,5565,2983,2582,0,0,0,1.0,1,1.0,1,1.0,1,0.05790339622667133,53
4190,3,5568,2986,2582,0,0,0,1.0,1,1.0,1,1.0,1,0.0887767735063511,53
4191,1,5569,2987,2582,0,0,0,1.0,1,1.0,1,1.0,1,0.09717677872961711,51
4192,4,5573,2990,2583,0,0,0,1.0,1,1.0,1,1.0,1,0.09427411488285697,51
4193,2,5575,2992,2583,0,0,0,1.0,1,1.0,1,1.0,1,0.09494643330750284,50
4194,1,5576,2993,2583,0,0,0,1.0,1,1.0,1,1.0,1,0.10770378187989824,50
4195,3,5579,2994,2585,0,0,0,1.0,1,1.0,1,1.0,1,0.08933066830272574,50
4196,4,5583,2996,2587,0,0,0,1.0,1,1.0,1,1.0,1,0.06774938449041265,51
4197,1,5584,2997,2587,0,0,0,1.0,1,1.0,1,1.0,1,0.09319734624512852,50
4198,2,5586,2998,2588,0,0,0,1.0,1,1.0,1,1.0,1,0.10906720303464223,48
4199,1,5587,2998,2589,0,0,0,1.0,1,1.0,1,1.0,1,0.14133187701484032,48
4200,0,5587,2998,2589,0,0,0,1.0,1,1.0,1,1.0,1,0.15871971126853054,48
4201,1,5588,2999,2589,0,0,0,1.0,1,1.0,1,1.0,1,0.2111850835934755,47
4202,0,5588,2999,2589,0,0,0,1.0,1,1.0,1,1.0,1,0.2111850835934755,47
4203,0,5588,2999,2589,0,0,0,1.0,1,1.0,1,1.0,1,0.2111850835934755,47
4204,2,5590,3001,2589,0,0,0,1.0,1,1.0,1,1.0,1,0.23789148581520625,48
4205,1,5591,3001,2590,0,0,0,1.0,1,1.0,1,1.0,1,0.20401485691753807,49
4206,1,5592,3002,2590,0,0,0,1.0,1,1.0,1,1.0,1,0.23617987601850374,49
4207,0,5592,3002,2590,0,0,0,1.0,1,1.0,1,1.0,1,0.22547098350774045,48
4208,3,5595,3004,2591,0,0,0,1.0,1,1.0,1,1.0,1,0.20426683287114536,49
4209,3,5598,3006,2592,0,0,0,1.0,1,1.0,1,1.0,1,0.21274597542664536,51
4210,2,5600,3007,2593,0,0,0,1.0,1,1.0,1,1.0,1,0.22913864086587082,52
4211,2,5602,3008,2594,0,0,0,1.0,1,1.0,1,1.0,1,0.22407536683514834,53
4212,1,5603,3008,2595,0,0,0,1.0,1,1.0,1,1.0,1,0.18690819771645956,53
4213,0,5603,3008,2595,0,0,0,1.0,1,1.0,1,1.0,1,0.18775938996708752,54
4214,1,5604,3009,2595,0,0,0,1.0,1,1.0,1,1.0,1,0.19489159103685005,54
4215,0,5604,3009,2595,0,0,0,1.0,1,1.0,1,1.0,1,0.19489159103685005,54
4216,1,5605,3009,2596,0,0,0,1.0,1,1.0,1,1.0,1,0.19100220177079358,53
4217,1,5606,3010,2596,0,0,0,1.0,1,1.0,1,1.0,1,0.21657113747349752,54
4218,2,5608,3011,2597,0,0,0,1.0,1,1.0,1,1.0,1,0.23391293260184823,53
4219,0,5608,3011,2597,0,0,0,1.0,1,1.0,1,1.0,1,0.23391293260184823,53
4220,0,5608,3011,2597,0,0,0,1.0,1,1.0,1,1.0,1,0.24125882092549739,53
4221,2,5610,3012,2598,0,0,0,1.0,1,1.0,1,1.0,1,0.25389815847018726,54
4222,3,5613,3014,2599,0,0,0,1.0,1,1.0,1,1.0,1,0.2733720594064731,55
4223,1,5614,3015,2599,0,0,0,1.0,1,1.0,1,1.0,1,0.2736832875317814,56
4224,0,5614,3015,2599,0,0,0,1.0,1,1.0,1,1.0,1,0.26913126736415033,55
4225,1,5615,3016,2599,0,0,0,1.0,1,1.0,1,1.0,1,0.25925499657553785,53
4226,1,5616,3017,2599,0,0,0,1.0,1,1.0,1,1.0,1,0.2809661709374582,54
4227,0,5616,3017,2599,0,0,0,1.0,1,1.0,1,1.0,1,0.28195362622913367,52
4228,1,5617,3018,2599,0,0,0,1.0,1,1.0,1,1.0,1,0.27027861698320776,51
4229,1,5618,3019,2599,0,0,0,1.0,1,1.0,1,1.0,1,0.2831492775834385,48
4230,2,5620,3020,2600,0,0,0,1.0,1,1.0,1,1.0,1,0.2654858799657198,48
4231,1,5621,3021,2600,0,0,0,1.0,1,1.0,1,1.0,1,0.2530577276724904,48
4232,1,5622,3022,2600,0,0,0,1.0,1,1.0,1,1.0,1,0.231362280718993,48
4233,1,5623,3022,2601,0,0,0,1.0,1,1.0,1,1.0,1,0.18084365149477338,48
4234,0,5623,3022,2601,0,0,0,1.0,1,1.0,1,1.0,1,0.1739549687518739,49
4235,0,5623,3022,2601,0,0,0,1.0,1,1.0,1,1.0,1,0.1695618480972013,47
4236,1,5624,3022,2602,0,0,0,1.0,1,1.0,1,1.0,1,0.12662985687410905,47
4237,1,5625,3022,2603,0,0,0,1.0,1,1.0,1,1.0,1,0.10150718259042434,48
4238,0,5625,3022,2603,0,0,0,1.0,1,1.0,1,1.0,1,0.11711008313874376,47
4239,0,5625,3022,2603,0,0,0,1.0,1,1.0,1,1.0,1,0.1207323574089493,48
4240,2,5627,3023,2604,0,0,0,1.0,1,1.0,1,1.0,1,0.10552552463653152,47
4241,0,5627,3023,2604,0,0,0,1.0,1,1.0,1,1.0,1,0.10471058580705839,49
4242,0,5627,3023,2604,0,0,0,1.0,1,1.0,1,1.0,1,0.10062473915534778,49
4243,3,5630,3024,2606,0,0,0,1.0,1,1.0,1,1.0,1,0.056901492459090396,50
4244,1,5631,3024,2607,0,0,0,1.0,1,1.0,1,1.0,1,0.05967100704529208,51
4245,0,5631,3024,2607,0,0,0,1.0,1,1.0,1,1.0,1,0.0853399088861419,51
4246,1,5632,3024,2608,0,0,0,1.0,1,1.0,1,1.0,1,0.06472135110300954,51
4247,1,5633,3024,2609,0,0,0,1.0,1,1.0,1,1.0,1,0.04692802642387226,52
4248,0,5633,3024,2609,0,0,0,1.0,1,1.0,1,1.0,1,0.04692802642387226,52
4249,0,5633,3024,2609,0,0,0,1.0,1,1.0,1,1.0,1,0.04692802642387226,52
4250,3,5636,3027,2609,0,0,0,1.0,1,1.0,1,1.0,1,0.1077422438058248,52
4251,5,5641,3031,2610,0,0,0,1.0,1,1.0,1,1.0,1,0.09761152078865797,53
4252,6,5647,3035,2612,0,0,0,1.0,1,1.0,1,1.0,1,0.12394615986330526,53
4253,3,5650,3037,2613,0,0,0,1.0,1,1.0,1,1.0,1,0.09570838005323679,54
4254,2,5652,3039,2613,0,0,0,1.0,1,1.0,1,1.0,1,0.12439449291545682,54
4255,4,5656,3040,2616,0,0,0,1.0,1,1.0,1,1.0,1,0.10644674601743644,55
4256,2,5658,3040,2618,0,0,0,1.0,1,1.0,1,1.0,1,0.06850925260475689,57
4257,0,5658,3040,2618,0,0,0,1.0,1,1.0,1,1.0,1,0.06850925260475689,57
4258,1,5659,3040,2619,0,0,0,1.0,1,1.0,1,1.0,1,0.06914505054425775,57
4259,0,5659,3040,2619,0,0,0,1.0,1,1.0,1,1.0,1,0.06914505054425775,57
4260,3,5662,3041,2621,0,0,0,1.0,1,1.0,1,1.0,1,0.06985879425962112,58
4261,2,5664,3042,2622,0,0,0,1.0,1,1.0,1,1.0,1,0.06650139462617319,59
4262,0,5664,3042,2622,0,0,0,1.0,1,1.0,1,1.0,1,0.0557908583887115,60
4263,0,5664,3042,2622,0,0,0,1.0,1,1.0,1,1.0,1,0.052180696411590226,59
4264,0,5664,3042,2622,0,0,0,1.0,1,1.0,1,1.0,1,0.0487693248073688,58
4265,1,5665,3043,2622,0,0,0,1.0,1,1.0,1,1.0,1,0.04055828933995865,58
4266,1,5666,3044,2622,0,0,0,1.0,1,1.0,1,1.0,1,0.040165213764511015,58
4267,0,5666,3044,2622,0,0,0,1.0,1,1.0,1,1.0,1,0.049156773242707015,55
4268,0,5666,3044,2622,0,0,0,1.0,1,1.0,1,1.0,1,0.049156773242707015,55
4269,2,5668,3046,2622,0,0,0,1.0,1,1.0,1,1.0,1,0.08404687821483274,50
4270,2,5670,3047,2623,0,0,0,1.0,1,1.0,1,1.0,1,0.05134702309799245,47
4271,2,5672,3049,2623,0,0,0,1.0,1,1.0,1,1.0,1,0.10464385637153988,47
4272,1,5673,3049,2624,0,0,0,1.0,1,1.0,1,1.0,1,0.07255282440052718,46
4273,2,5675,3051,2624,0,0,0,1.0,1,1.0,1,1.0,1,0.13567280338949905,47
4274,3,5678,3054,2624,0,0,0,1.0,1,1.0,1,1.0,1,0.11301151414317634,45
4275,6,5684,3058,2626,0,0,0,1.0,1,1.0,1,1.0,1,0.10290525087271998,44
4276,5,5689,3061,2628,0,0,0,1.0,1,1.0,1,1.0,1,0.13491290563250774,43
4277,4,5693,3064,2629,0,0,0,1.0,1,1.0,1,1.0,1,0.1934155366305009,42
4278,3,5696,3065,2631,0,0,0,1.0,1,1.0,1,1.0,1,0.1900913503455321,43
4279,6,5702,3067,2635,0,0,0,1.0,1,1.0,1,1.0,1,0.178582721345947,42
4280,4,5706,3069,2637,0,0,0,1.0,1,1.0,1,1.0,1,0.18347374864604846,44
4281,2,5708,3070,2638,0,0,0,1.0,1,1.0,1,1.0,1,0.161746150938786,44
4282,2,5710,3070,2640,0,0,0,1.0,1,1.0,1,1.0,1,0.11132045023491839,44
4283,2,5712,3070,2642,0,0,0,1.0,1,1.0,1,1.0,1,0.041473371290580055,45
4284,0,5712,3070,2642,0,0,0,1.0,1,1.0,1,1.0,1,0.041473371290580055,45
4285,2,5714,3071,2643,0,0,0,1.0,1,1.0,1,1.0,1,0.033678885941426,47
4286,1,5715,3072,2643,0,0,0,1.0,1,1.0,1,1.0,1,0.06752413595792084,47
4287,1,5716,3073,2643,0,0,0,1.0,1,1.0,1,1.0,1,0.052088403882783685,49
4288,1,5717,3073,2644,0,0,0,1.0,1,1.0,1,1.0,1,0.03824562505869856,49
4289,0,5717,3073,2644,0,0,0,1.0,1,1.0,1,1.0,1,0.04185819479015281,50
4290,0,5717,3073,2644,0,0,0,1.0,1,1.0,1,1.0,1,0.03592925970136136,51
4291,2,5719,3074,2645,0,0,0,1.0,1,1.0,1,1.0,1,0.028218979490064553,50
4292,2,5721,3075,2646,0,0,0,1.0,1,1.0,1,1.0,1,0.024997769683537,51
4293,0,5721,3075,2646,0,0,0,1.0,1,1.0,1,1.0,1,0.013297632531693122,51
4294,0,5721,3075,2646,0,0,0,1.0,1,1.0,1,1.0,1,0.0286285059636136,50
4295,0,5721,3075,2646,0,0,0,1.0,1,1.0,1,1.0,1,0.04642537889828508,50
4296,0,5721,3075,2646,0,0,0,1.0,1,1.0,1,1.0,1,0.06403773380730089,49
4297,1,5722,3075,2647,0,0,0,1.0,1,1.0,1,1.0,1,0.04683776670492651,49
4298,0,5722,3075,2647,0,0,0,1.0,1,1.0,1,1.0,1,0.04683776670492651,49
4299,0,5722,3075,2647,0,0,0,1.0,1,1.0,1,1.0,1,0.0583780222497388,48
4300,1,5723,3076,2647,0,0,0,1.0,1,1.0,1,1.0,1,0.04504055906104365,49
4301,0,5723,3076,2647,0,0,0,1.0,1,1.0,1,1.0,1,0.027354979503301267,50
4302,0,5723,3076,2647,0,0,0,1.0,1,1.0,1,1.0,1,0.029535982944800258,51
4303,1,5724,3077,2647,0,0,0,1.0,1,1.0,1,1.0,1,0.04963468160745528,51
4304,0,5724,3077,2647,0,0,0,1.0,1,1.0,1,1.0,1,0.07789710525631575,51
4305,4,5728,3081,2647,0,0,0,1.0,1,1.0,1,1.0,1,0.09705473364665902,49
4306,3,5731,3082,2649,0,0,0,1.0,1,1.0,1,1.0,1,0.06759172910246884,49
4307,4,5735,3086,2649,0,0,0,1.0,1,1.0,1,1.0,1,0.11893041384743681,46
4308,3,5738,3087,2651,0,0,0,1.0,1,1.0,1,1.0,1,0.09883746903303528,44
4309,6,5744,3090,2654,0,0,0,1.0,1,1.0,1,1.0,1,0.06868559326576537,44
4310,0,5744,3090,2654,0,0,0,1.0,1,1.0,1,1.0,1,0.09049644713815803,42
4311,3,5747,3092,2655,0,0,0,1.0,1,1.0,1,1.0,1,0.08876436203944361,42
4312,1,5748,3092,2656,0,0,0,1.0,1,1.0,1,1.0,1,0.09731854983699346,40
4313,1,5749,3093,2656,0,0,0,1.0,1,1.0,1,1.0,1,0.0841993690355974,40
4314,2,5751,3095,2656,0,0,0,1.0,1,1.0,1,1.0,1,0.10128423602717848,36
4315,1,5752,3096,2656,0,0,0,1.0,1,1.0,1,1.0,1,0.08935216344199498,37
4316,2,5754,3098,2656,0,0,0,1.0,1,1.0,1,1.0,1,0.07610282710653127,37
4317,0,5754,3098,2656,0,0,0,1.0,1,1.0,1,1.0,1,0.08659595119212339,36
4318,2,5756,3099,2657,0,0,0,1.0,1,1.0,1,1.0,1,0.08205854468373423,34
4319,1,5757,3100,2657,0,0,0,1.0,1,1.0,1,1.0,1,0.08792759235106712,34
4320,0,5757,3100,2657,0,0,0,1.0,1,1.0,1,1.0,1,0.08792759235106712,34
4321,2,5759,3101,2658,0,0,0,1.0,1,1.0,1,1.0,1,0.10316245313915552,35
4322,0,5759,3101,2658,0,0,0,1.0,1,1.0,1,1.0,1,0.10316245313915552,35
4323,2,5761,3102,2659,0,0,0,1.0,1,1.0,1,1.0,1,0.14957415462183624,35
4324,2,5763,3102,2661,0,0,0,1.0,1,1.0,1,1.0,1,0.1454046904415174,34
4325,1,5764,3103,2661,0,0,0,1.0,1,1.0,1,1.0,1,0.13387265992289496,34
4326,2,5766,3104,2662,0,0,0,1.0,1,1.0,1,1.0,1,0.1362597756953802,36
4327,1,5767,3104,2663,0,0,0,1.0,1,1.0,1,1.0,1,0.1405681199049973,35
4328,1,5768,3105,2663,0,0,0,1.0,1,1.0,1,1.0,1,0.12837610276430395,35
4329,2,5770,3106,2664,0,0,0,1.0,1,1.0,1,1.0,1,0.10468028211615815,38
4330,2,5772,3108,2664,0,0,0,1.0,1,1.0,1,1.0,1,0.15076290181513924,38
4331,0,5772,3108,2664,0,0,0,1.0,1,1.0,1,1.0,1,0.13974235173574887,39
4332,0,5772,3108,2664,0,0,0,1.0,1,1.0,1,1.0,1,0.15643623047591104,40
4333,1,5773,3108,2665,0,0,0,1.0,1,1.0,1,1.0,1,0.12600865828613472,41
4334,1,5774,3108,2666,0,0,0,1.0,1,1.0,1,1.0,1,0.09509496991214755,41
4335,4,5778,3110,2668,0,0,0,1.0,1,1.0,1,1.0,1,0.05304508575131867,42
4336,0,5778,3110,2668,0,0,0,1.0,1,1.0,1,1.0,1,0.06536470329080482,43
4337,0,5778,3110,2668,0,0,0,1.0,1,1.0,1,1.0,1,0.07072371572985023,44
4338,0,5778,3110,2668,0,0,0,1.0,1,1.0,1,1.0,1,0.07072371572985023,44
4339,2,5780,3111,2669,0,0,0,1.0,1,1.0,1,1.0,1,0.05239987096171435,46
4340,1,5781,3111,2670,0,0,0,1.0,1,1.0,1,1.0,1,0.02537034241128359,47
4341,1,5782,3112,2670,0,0,0,1.0,1,1.0,1,1.0,1,0.05571929864074665,47
4342,0,5782,3112,2670,0,0,0,1.0,1,1.0,1,1.0,1,0.05571929864074665,47
4343,0,5782,3112,2670,0,0,0,1.0,1,1.0,1,1.0,1,0.03927426434748331,42
4344,3,5785,3115,2670,0,0,0,1.0,1,1.0,1,1.0,1,0.08830220409428356,42
4345,0,5785,3115,2670,0,0,0,1.0,1,1.0,1,1.0,1,0.07725639398979157,39
4346,2,5787,3117,2670,0,0,0,1.0,1,1.0,1,1.0,1,0.06675611965450369,37
4347,1,5788,3118,2670,0,0,0,1.0,1,1.0,1,1.0,1,0.12614371089897938,37
4348,3,5791,3120,2671,0,0,0,1.0,1,1.0,1,1.0,1,0.20224602537299016,38
4349,1,5792,3120,2672,0,0,0,1.0,1,1.0,1,1.0,1,0.18529140358754212,36
4350,2,5794,3122,2672,0,0,0,1.0,1,1.0,1,1.0,1,0.24615753402078763,37
4351,0,5794,3122,2672,0,0,0,1.0,1,1.0,1,1.0,1,0.22290711507444444,35
4352,1,5795,3122,2673,0,0,0,1.0,1,1.0,1,1.0,1,0.23864299571983272,34
4353,2,5797,3122,2675,0,0,0,1.0,1,1.0,1,1.0,1,0.16928310215478523,34
4354,1,5798,3122,2676,0,0,0,1.0,1,1.0,1,1.0,1,0.14484396875554453,32
4355,1,5799,3123,2676,0,0,0,1.0,1,1.0,1,1.0,1,0.16414622531318313,32
4356,3,5802,3125,2677,0,0,0,1.0,1,1.0,1,1.0,1,0.13786993556352806,34
4357,2,5804,3125,2679,0,0,0,1.0,1,1.0,1,1.0,1,0.06887148794866524,35
4358,2,5806,3127,2679,0,0,0,1.0,1,1.0,1,1.0,1,0.08503695496197779,35
4359,2,5808,3128,2680,0,0,0,1.0,1,1.0,1,1.0,1,0.12212493035801107,37
4360,0,5808,3128,2680,0,0,0,1.0,1,1.0,1,1.0,1,0.1406490985339979,38
4361,0,5808,3128,2680,0,0,0,1.0,1,1.0,1,1.0,1,0.11116390315829631,39
4362,3,5811,3130,2681,0,0,0,1.0,1,1.0,1,1.0,1,0.12199487919948049,38
4363,0,5811,3130,2681,0,0,0,1.0,1,1.0,1,1.0,1,0.12199487919948049,38
4364,4,5815,3132,2683,0,0,0,1.0,1,1.0,1,1.0,1,0.023692079242935166,39
4365,0,5815,3132,2683,0,0,0,1.0,1,1.0,1,1.0,1,0.023692079242935166,39
4366,1,5816,3133,2683,0,0,0,1.0,1,1.0,1,1.0,1,0.020433334591876847,39
4367,1,5817,3134,2683,0,0,0,1.0,1,1.0,1,1.0,1,0.02302900075956313,41
4368,1,5818,3135,2683,0,0,0,1.0,1,1.0,1,1.0,1,0.06833436734144963,41
4369,0,5818,3135,2683,0,0,0,1.0,1,1.0,1,1.0,1,0.055235331360419145,42
4370,0,5818,3135,2683,0,0,0,1.0,1,1.0,1,1.0,1,0.055235331360419145,42
4371,0,5818,3135,2683,0,0,0,1.0,1,1.0,1,1.0,1,0.04795240634234964,43
4372,0,5818,3135,2683,0,0,0,1.0,1,1.0,1,1.0,1,0.04795240634234964,43
4373,0,5818,3135,2683,0,0,0,1.0,1,1.0,1,1.0,1,0.04795240634234964,43
4374,0,5818,3135,2683,0,0,0,1.0,1,1.0,1,1.0,1,0.047082911036258786,44
4375,5,5823,3138,2685,0,0,0,1.0,1,1.0,1,1.0,1,0.13571564259890373,45
4376,1,5824,3138,2686,0,0,0,1.0,1,1.0,1,1.0,1,0.12319283410690883,46
4377,6,5830,3143,2687,0,0,0,1.0,1,1.0,1,1.0,1,0.1787138975934143,47
4378,1,5831,3143,2688,0,0,0,1.0,1,1.0,1,1.0,1,0.1518192036151744,49
4379,4,5835,3146,2689,0,0,0,1.0,1,1.0,1,1.0,1,0.14004687483864495,51
4380,0,5835,3146,2689,0,0,0,1.0,1,1.0,1,1.0,1,0.1282589331709217,50
4381,2,5837,3147,2690,0,0,0,1.0,1,1.0,1,1.0,1,0.12595432235098522,49
4382,3,5840,3150,2690,0,0,0,1.0,1,1.0,1,1.0,1,0.1768809686871704,47
4383,1,5841,3150,2691,0,0,0,1.0,1,1.0,1,1.0,1,0.1701810394187336,47
4384,2,5843,3150,2693,0,0,0,1.0,1,1.0,1,1.0,1,0.17710852632954474,44
4385,2,5845,3151,2694,0,0,0,1.0,1,1.0,1,1.0,1,0.15269270134743934,42
4386,0,5845,3151,2694,0,0,0,1.0,1,1.0,1,1.0,1,0.20980739310425514,41
4387,3,5848,3152,2696,0,0,0,1.0,1,1.0,1,1.0,1,0.15552776888386471,39
4388,0,5848,3152,2696,0,0,0,1.0,1,1.0,1,1.0,1,0.15552776888386471,39
4389,2,5850,3154,2696,0,0,0,1.0,1,1.0,1,1.0,1,0.14762160458876863,38
4390,2,5852,3154,2698,0,0,0,1.0,1,1.0,1,1.0,1,0.0674006968263113,38
4391,1,5853,3155,2698,0,0,0,1.0,1,1.0,1,1.0,1,0.07464269475529993,39
4392,1,5854,3155,2699,0,0,0,1.0,1,1.0,1,1.0,1,0.06090213549685481,39
4393,1,5855,3156,2699,0,0,0,1.0,1,1.0,1,1.0,1,0.11228742436758903,40
4394,0,5855,3156,2699,0,0,0,1.0,1,1.0,1,1.0,1,0.09836620921738247,39
4395,0,5855,3156,2699,0,0,0,1.0,1,1.0,1,1.0,1,0.09836620921738247,39
4396,1,5856,3157,2699,0,0,0,1.0,1,1.0,1,1.0,1,0.09598463362671888,39
4397,1,5857,3157,2700,0,0,0,1.0,1,1.0,1,1.0,1,0.0799907089796037,38
4398,0,5857,3157,2700,0,0,0,1.0,1,1.0,1,1.0,1,0.0851665068659877,39
4399,1,5858,3157,2701,0,0,0,1.0,1,1.0,1,1.0,1,0.07259766005523133,42
4400,0,5858,3157,2701,0,0,0,1.0,1,1.0,1,1.0,1,0.05568171119056638,43
4401,0,5858,3157,2701,0,0,0,1.0,1,1.0,1,1.0,1,0.050809188487621774,44
4402,0,5858,3157,2701,0,0,0,1.0,1,1.0,1,1.0,1,0.050809188487621774,44
4403,0,5858,3157,2701,0,0,0,1.0,1,1.0,1,1.0,1,0.04915942579826209,45
4404,0,5858,3157,2701,0,0,0,1.0,1,1.0,1,1.0,1,0.04915942579826209,45
4405,0,5858,3157,2701,0,0,0,1.0,1,1.0,1,1.0,1,0.026355147790557597,46
4406,1,5859,3158,2701,0,0,0,1.0,1,1.0,1,1.0,1,0.04507823074329306,46
4407,1,5860,3159,2701,0,0,0,1.0,1,1.0,1,1.0,1,0.07424061830824355,46
4408,0,5860,3159,2701,0,0,0,1.0,1,1.0,1,1.0,1,0.0681806003521674,47
4409,1,5861,3160,2701,0,0,0,1.0,1,1.0,1,1.0,1,0.10635727359030712,48
4410,1,5862,3160,2702,0,0,0,1.0,1,1.0,1,1.0,1,0.09011719934775034,48
4411,1,5863,3160,2703,0,0,0,1.0,1,1.0,1,1.0,1,0.0684241622704376,50
4412,2,5865,3161,2704,0,0,0,1.0,1,1.0,1,1.0,1,0.08315646837416067,50
4413,0,5865,3161,2704,0,0,0,1.0,1,1.0,1,1.0,1,0.08939899677289515,50
4414,0,5865,3161,2704,0,0,0,1.0,1,1.0,1,1.0,1,0.08230483292460329,51
4415,1,5866,3162,2704,0,0,0,1.0,1,1.0,1,1.0,1,0.07186961716659393,51
4416,2,5868,3163,2705,0,0,0,1.0,1,1.0,1,1.0,1,0.09015808059867111,51
4417,2,5870,3165,2705,0,0,0,1.0,1,1.0,1,1.0,1,0.09677129837645934,51
4418,1,5871,3165,2706,0,0,0,1.0,1,1.0,1,1.0,1,0.06068157237685453,51
4419,0,5871,3165,2706,0,0,0,1.0,1,1.0,1,1.0,1,0.05118581481043419,50
4420,0,5871,3165,2706,0,0,0,1.0,1,1.0,1,1.0,1,0.06294822106270154,50
4421,1,5872,3165,2707,0,0,0,1.0,1,1.0,1,1.0,1,0.04967440786801653,52
4422,0,5872,3165,2707,0,0,0,1.0,1,1.0,1,1.0,1,0.05131721231819974,51
4423,0,5872,3165,2707,0,0,0,1.0,1,1.0,1,1.0,1,0.05131721231819974,51
4424,0,5872,3165,2707,0,0,0,1.0,1,1.0,1,1.0,1,0.03730896256363009,53
4425,0,5872,3165,2707,0,0,0,1.0,1,1.0,1,1.0,1,0.036392639523790814,54
4426,1,5873,3166,2707,0,0,0,1.0,1,1.0,1,1.0,1,0.026634947606647405,55
4427,0,5873,3166,2707,0,0,0,1.0,1,1.0,1,1.0,1,0.026634947606647405,55
4428,1,5874,3167,2707,0,0,0,1.0,1,1.0,1,1.0,1,0.02527242291803239,55
4429,0,5874,3167,2707,0,0,0,1.0,1,1.0,1,1.0,1,0.015976606146655036,56
4430,2,5876,3169,2707,0,0,0,1.0,1,1.0,1,1.0,1,0.07342486171816552,55
4431,0,5876,3169,2707,0,0,0,1.0,1,1.0,1,1.0,1,0.06621098040780744,56
4432,2,5878,3170,2708,0,0,0,1.0,1,1.0,1,1.0,1,0.08643689871745822,56
4433,0,5878,3170,2708,0,0,0,1.0,1,1.0,1,1.0,1,0.08900696786878018,57
4434,1,5879,3171,2708,0,0,0,1.0,1,1.0,1,1.0,1,0.07043561444271693,56
4435,3,5882,3173,2709,0,0,0,1.0,1,1.0,1,1.0,1,0.07407949472537959,56
4436,6,5888,3175,2713,0,0,0,1.0,1,1.0,1,1.0,1,0.048329213528066746,55
4437,1,5889,3176,2713,0,0,0,1.0,1,1.0,1,1.0,1,0.0767411841418348,54
4438,1,5890,3177,2713,0,0,0,1.0,1,1.0,1,1.0,1,0.07563584847258234,54
4439,5,5895,3180,2715,0,0,0,1.0,1,1.0,1,1.0,1,0.10288310942783986,55
4440,0,5895,3180,2715,0,0,0,1.0,1,1.0,1,1.0,1,0.10288310942783986,55
4441,3,5898,3183,2715,0,0,0,1.0,1,1.0,1,1.0,1,0.09421291936197847,59
4442,1,5899,3184,2715,0,0,0,1.0,1,1.0,1,1.0,1,0.080514455264954,61
4443,2,5901,3186,2715,0,0,0,1.0,1,1.0,1,1.0,1,0.07692967178379817,60
4444,1,5902,3186,2716,0,0,0,1.0,1,1.0,1,1.0,1,0.08263020672367499,61
4445,0,5902,3186,2716,0,0,0,1.0,1,1.0,1,1.0,1,0.08263020672367499,61
4446,2,5904,3187,2717,0,0,0,1.0,1,1.0,1,1.0,1,0.07514896158607598,62
4447,0,5904,3187,2717,0,0,0,1.0,1,1.0,1,1.0,1,0.07122384900719676,63
4448,0,5904,3187,2717,0,0,0,1.0,1,1.0,1,1.0,1,0.07122384900719676,63
4449,0,5904,3187,2717,0,0,0,1.0,1,1.0,1,1.0,1,0.07122384900719676,63
4450,0,5904,3187,2717,0,0,0,1.0,1,1.0,1,1.0,1,0.08169947177330732,62
4451,0,5904,3187,2717,0,0,0,1.0,1,1.0,1,1.0,1,0.07027702027081988,63
4452,0,5904,3187,2717,0,0,0,1.0,1,1.0,1,1.0,1,0.07877187518275809,64
4453,0,5904,3187,2717,0,0,0,1.0,1,1.0,1,1.0,1,0.08579791493370509,65
4454,1,5905,3188,2717,0,0,0,1.0,1,1.0,1,1.0,1,0.07428936945739527,66
4455,3,5908,3190,2718,0,0,0,1.0,1,1.0,1,1.0,1,0.08148618774526259,67
4456,4,5912,3191,2721,0,0,0,1.0,1,1.0,1,1.0,1,0.07547595519096784,67
4457,2,5914,3193,2721,0,0,0,1.0,1,1.0,1,1.0,1,0.07484505023483512,65
4458,0,5914,3193,2721,0,0,0,1.0,1,1.0,1,1.0,1,0.06971381555921559,65
4459,3,5917,3196,2721,0,0,0,1.0,1,1.0,1,1.0,1,0.09994305400298013,64
4460,1,5918,3196,2722,0,0,0,1.0,1,1.0,1,1.0,1,0.08450005836425216,63
4461,3,5921,3198,2723,0,0,0,1.0,1,1.0,1,1.0,1,0.12026258560970124,62
4462,3,5924,3200,2724,0,0,0,1.0,1,1.0,1,1.0,1,0.12848995034436853,61
4463,3,5927,3202,2725,0,0,0,1.0,1,1.0,1,1.0,1,0.16939327027022763,61
4464,0,5927,3202,2725,0,0,0,1.0,1,1.0,1,1.0,1,0.17503031287673057,58
4465,5,5932,3203,2729,0,0,0,1.0,1,1.0,1,1.0,1,0.14993534006219394,57
4466,3,5935,3204,2731,0,0,0,1.0,1,1.0,1,1.0,1,0.18067844763801427,54
4467,1,5936,3204,2732,0,0,0,1.0,1,1.0,1,1.0,1,0.14067935214948923,52
4468,4,5940,3205,2735,0,0,0,1.0,1,1.0,1,1.0,1,0.10586512029548258,52
4469,1,5941,3206,2735,0,0,0,1.0,1,1.0,1,1.0,1,0.11026508557697803,51
4470,0,5941,3206,2735,0,0,0,1.0,1,1.0,1,1.0,1,0.1112222870754807,51
4471,1,5942,3207,2735,0,0,0,1.0,1,1.0,1,1.0,1,0.13191944720253773,50
4472,0,5942,3207,2735,0,0,0,1.0,1,1.0,1,1.0,1,0.14763714818873755,48
4473,1,5943,3207,2736,0,0,0,1.0,1,1.0,1,1.0,1,0.13029705184387264,47
4474,2,5945,3208,2737,0,0,0,1.0,1,1.0,1,1.0,1,0.11656154216489613,49
4475,1,5946,3208,2738,0,0,0,1.0,1,1.0,1,1.0,1,0.14073449504861776,47
4476,0,5946,3208,2738,0,0,0,1.0,1,1.0,1,1.0,1,0.12270444657948128,49
4477,4,5950,3209,2741,0,0,0,1.0,1,1.0,1,1.0,1,0.1298870583926756,48
4478,1,5951,3209,2742,0,0,0,1.0,1,1.0,1,1.0,1,0.12131291781652381,48
4479,1,5952,3210,2742,0,0,0,1.0,1,1.0,1,1.0,1,0.15156950682302878,48
4480,2,5954,3210,2744,0,0,0,1.0,1,1.0,1,1.0,1,0.13662758501732455,49
4481,0,5954,3210,2744,0,0,0,1.0,1,1.0,1,1.0,1,0.1738426661838089,49
4482,1,5955,3211,2744,0,0,0,1.0,1,1.0,1,1.0,1,0.1663458794892212,49
4483,1,5956,3211,2745,0,0,0,1.0,1,1.0,1,1.0,1,0.1302866541919134,50
4484,2,5958,3213,2745,0,0,0,1.0,1,1.0,1,1.0,1,0.12781120177479835,52
4485,1,5959,3213,2746,0,0,0,1.0,1,1.0,1,1.0,1,0.11579456202303837,53
4486,5,5964,3216,2748,0,0,0,1.0,1,1.0,1,1.0,1,0.09509611720000033,55
4487,3,5967,3218,2749,0,0,0,1.0,1,1.0,1,1.0,1,0.09453486738098689,55
4488,2,5969,3219,2750,0,0,0,1.0,1,1.0,1,1.0,1,0.12454462499185018,54
4489,2,5971,3219,2752,0,0,0,1.0,1,1.0,1,1.0,1,0.11457161860947378,53
4490,0,5971,3219,2752,0,0,0,1.0,1,1.0,1,1.0,1,0.11457161860947378,53
4491,0,5971,3219,2752,0,0,0,1.0,1,1.0,1,1.0,1,0.1302046064947382,52
4492,2,5973,3219,2754,0,0,0,1.0,1,1.0,1,1.0,1,0.1049487756892802,52
4493,1,5974,3220,2754,0,0,0,1.0,1,1.0,1,1.0,1,0.11968273204512858,52
4494,0,5974,3220,2754,0,0,0,1.0,1,1.0,1,1.0,1,0.1303722291746224,53
4495,3,5977,3223,2754,0,0,0,1.0,1,1.0,1,1.0,1,0.1566924145523075,50
4496,3,5980,3224,2756,0,0,0,1.0,1,1.0,1,1.0,1,0.14067712871823357,51
4497,2,5982,3226,2756,0,0,0,1.0,1,1.0,1,1.0,1,0.13128245647794726,50
4498,2,5984,3226,2758,0,0,0,1.0,1,1.0,1,1.0,1,0.09299594838898109,49
4499,1,5985,3227,2758,0,0,0,1.0,1,1.0,1,1.0,1,0.10315390504400711,48
4500,3,5988,3229,2759,0,0,0,1.0,1,1.0,1,1.0,1,0.07979332598772856,48
4501,0,5988,3229,2759,0,0,0,1.0,1,1.0,1,1.0,1,0.07979332598772856,48
4502,3,5991,3231,2760,0,0,0,1.0,1,1.0,1,1.0,1,0.11187044079127804,49
4503,2,5993,3233,2760,0,0,0,1.0,1,1.0,1,1.0,1,0.16078023917811057,49
4504,1,5994,3233,2761,0,0,0,1.0,1,1.0,1,1.0,1,0.1428729055328818,45
4505,0,5994,3233,2761,0,0,0,1.0,1,1.0,1,1.0,1,0.1399011591254169,46
4506,2,5996,3235,2761,0,0,0,1.0,1,1.0,1,1.0,1,0.19914803146044227,45
4507,4,6000,3235,2765,0,0,0,1.0,1,1.0,1,1.0,1,0.14988961385300897,45
4508,2,6002,3236,2766,0,0,0,1.0,1,1.0,1,1.0,1,0.13823348907908595,43
4509,3,6005,3237,2768,0,0,0,1.0,1,1.0,1,1.0,1,0.11057527893225438,41
4510,2,6007,3238,2769,0,0,0,1.0,1,1.0,1,1.0,1,0.10932411772272332,42
4511,1,6008,3239,2769,0,0,0,1.0,1,1.0,1,1.0,1,0.14125774908276423,41
4512,0,6008,3239,2769,0,0,0,1.0,1,1.0,1,1.0,1,0.14125774908276423,41
4513,1,6009,3239,2770,0,0,0,1.0,1,1.0,1,1.0,1,0.12281844021428352,41
4514,3,6012,3241,2771,0,0,0,1.0,1,1.0,1,1.0,1,0.09315976745602168,42
4515,1,6013,3241,2772,0,0,0,1.0,1,1.0,1,1.0,1,0.12577735047307065,41
4516,3,6016,3243,2773,0,0,0,1.0,1,1.0,1,1.0,1,0.10034715310275422,42
4517,1,6017,3243,2774,0,0,0,1.0,1,1.0,1,1.0,1,0.08910463449410232,43
4518,0,6017,3243,2774,0,0,0,1.0,1,1.0,1,1.0,1,0.11139671953022594,42
4519,1,6018,3244,2774,0,0,0,1.0,1,1.0,1,1.0,1,0.1567501417180511,42
4520,1,6019,3244,2775,0,0,0,1.0,1,1.0,1,1.0,1,0.18145203657469927,42
4521,0,6019,3244,2775,0,0,0,1.0,1,1.0,1,1.0,1,0.18145203657469927,42
4522,2,6021,3246,2775,0,0,0,1.0,1,1.0,1,1.0,1,0.1584691775137229,42
4523,0,6021,3246,2775,0,0,0,1.0,1,1.0,1,1.0,1,0.1584691775137229,42
4524,2,6023,3248,2775,0,0,0,1.0,1,1.0,1,1.0,1,0.14538594398128246,43
4525,4,6027,3250,2777,0,0,0,1.0,1,1.0,1,1.0,1,0.06892040916909499,46
4526,3,6030,3253,2777,0,0,0,1.0,1,1.0,1,1.0,1,0.04983268107331473,46
4527,1,6031,3254,2777,0,0,0,1.0,1,1.0,1,1.0,1,0.05276910815322662,47
4528,1,6032,3254,2778,0,0,0,1.0,1,1.0,1,1.0,1,0.04724712273128341,49
4529,1,6033,3255,2778,0,0,0,1.0,1,1.0,1,1.0,1,0.047333610885259135,50
4530,2,6035,3256,2779,0,0,0,1.0,1,1.0,1,1.0,1,0.03210135174104018,51
4531,2,6037,3258,2779,0,0,0,1.0,1,1.0,1,1.0,1,0.05784493498498702,51
4532,0,6037,3258,2779,0,0,0,1.0,1,1.0,1,1.0,1,0.05784493498498702,51
4533,2,6039,3260,2779,0,0,0,1.0,1,1.0,1,1.0,1,0.09542646531132526,50
4534,2,6041,3261,2780,0,0,0,1.0,1,1.0,1,1.0,1,0.07512660265012232,51
4535,3,6044,3263,2781,0,0,0,1.0,1,1.0,1,1.0,1,0.08865184379764801,50
4536,0,6044,3263,2781,0,0,0,1.0,1,1.0,1,1.0,1,0.09079160325937612,48
4537,2,6046,3264,2782,0,0,0,1.0,1,1.0,1,1.0,1,0.12032889316623008,49
4538,0,6046,3264,2782,0,0,0,1.0,1,1.0,1,1.0,1,0.11555430249331997,48
4539,1,6047,3264,2783,0,0,0,1.0,1,1.0,1,1.0,1,0.11865476293884944,50
4540,2,6049,3265,2784,0,0,0,1.0,1,1.0,1,1.0,1,0.08524474339188562,49
4541,1,6050,3265,2785,0,0,0,1.0,1,1.0,1,1.0,1,0.06329110746933567,49
4542,0,6050,3265,2785,0,0,0,1.0,1,1.0,1,1.0,1,0.09075004625336368,47
4543,1,6051,3265,2786,0,0,0,1.0,1,1.0,1,1.0,1,0.09003864572985484,45
4544,1,6052,3266,2786,0,0,0,1.0,1,1.0,1,1.0,1,0.10449218987707809,45
4545,1,6053,3267,2786,0,0,0,1.0,1,1.0,1,1.0,1,0.10673867748210268,43
4546,1,6054,3268,2786,0,0,0,1.0,1,1.0,1,1.0,1,0.09624852391671375,43
4547,0,6054,3268,2786,0,0,0,1.0,1,1.0,1,1.0,1,0.11603253295507021,41
4548,0,6054,3268,2786,0,0,0,1.0,1,1.0,1,1.0,1,0.10968704157224353,42
4549,2,6056,3270,2786,0,0,0,1.0,1,1.0,1,1.0,1,0.09382498507370826,41
4550,3,6059,3273,2786,0,0,0,1.0,1,1.0,1,1.0,1,0.12049768208130611,41
4551,0,6059,3273,2786,0,0,0,1.0,1,1.0,1,1.0,1,0.09874099753651636,39
4552,0,6059,3273,2786,0,0,0,1.0,1,1.0,1,1.0,1,0.1042784041777388,38
4553,0,6059,3273,2786,0,0,0,1.0,1,1.0,1,1.0,1,0.11636702436777681,39
4554,0,6059,3273,2786,0,0,0,1.0,1,1.0,1,1.0,1,0.12363328877623224,38
4555,0,6059,3273,2786,0,0,0,1.0,1,1.0,1,1.0,1,0.13184687708177104,37
4556,5,6064,3276,2788,0,0,0,1.0,1,1.0,1,1.0,1,0.11125819140113877,36
4557,0,6064,3276,2788,0,0,0,1.0,1,1.0,1,1.0,1,0.1154435261504082,38
4558,1,6065,3277,2788,0,0,0,1.0,1,1.0,1,1.0,1,0.13125945845715345,39
4559,3,6068,3279,2789,0,0,0,1.0,1,1.0,1,1.0,1,0.17584445671200588,38
4560,2,6070,3280,2790,0,0,0,1.0,1,1.0,1,1.0,1,0.18104675163106929,41
4561,0,6070,3280,2790,0,0,0,1.0,1,1.0,1,1.0,1,0.18104675163106929,41
4562,3,6073,3281,2792,0,0,0,1.0,1,1.0,1,1.0,1,0.16749881930865373,43
4563,0,6073,3281,2792,0,0,0,1.0,1,1.0,1,1.0,1,0.15253399490532227,42
4564,1,6074,3281,2793,0,0,0,1.0,1,1.0,1,1.0,1,0.14692188362865988,43
4565,1,6075,3281,2794,0,0,0,1.0,1,1.0,1,1.0,1,0.1524556017342726,44
4566,1,6076,3282,2794,0,0,0,1.0,1,1.0,1,1.0,1,0.11418061629712115,45
4567,4,6080,3285,2795,0,0,0,1.0,1,1.0,1,1.0,1,0.13835410781660462,47
4568,2,6082,3286,2796,0,0,0,1.0,1,1.0,1,1.0,1,0.09269155874544122,47
4569,1,6083,3287,2796,0,0,0,1.0,1,1.0,1,1.0,1,0.08521335138170014,49
4570,1,6084,3288,2796,0,0,0,1.0,1,1.0,1,1.0,1,0.10373640190300089,49
4571,2,6086,3290,2796,0,0,0,1.0,1,1.0,1,1.0,1,0.11000480584191197,48
4572,1,6087,3291,2796,0,0,0,1.0,1,1.0,1,1.0,1,0.12292343570724236,48
4573,2,6089,3293,2796,0,0,0,1.0,1,1.0,1,1.0,1,0.15095450719192827,48
4574,2,6091,3295,2796,0,0,0,1.0,1,1.0,1,1.0,1,0.1800528515336816,50
4575,1,6092,3295,2797,0,0,0,1.0,1,1.0,1,1.0,1,0.14539026592839366,51
4576,1,6093,3295,2798,0,0,0,1.0,1,1.0,1,1.0,1,0.13148014357617435,48
4577,0,6093,3295,2798,0,0,0,1.0,1,1.0,1,1.0,1,0.1270683071194664,47
4578,1,6094,3296,2798,0,0,0,1.0,1,1.0,1,1.0,1,0.11984981313938703,46
4579,0,6094,3296,2798,0,0,0,1.0,1,1.0,1,1.0,1,0.11820690555114498,46
4580,0,6094,3296,2798,0,0,0,1.0,1,1.0,1,1.0,1,0.10324518320731627,47
4581,1,6095,3297,2798,0,0,0,1.0,1,1.0,1,1.0,1,0.12846295887896253,47
4582,0,6095,3297,2798,0,0,0,1.0,1,1.0,1,1.0,1,0.131347532850399,48
4583,0,6095,3297,2798,0,0,0,1.0,1,1.0,1,1.0,1,0.131347532850399,48
4584,1,6096,3297,2799,0,0,0,1.0,1,1.0,1,1.0,1,0.12788629418411024,50
4585,1,6097,3298,2799,0,0,0,1.0,1,1.0,1,1.0,1,0.15100396504114053,50
4586,0,6097,3298,2799,0,0,0,1.0,1,1.0,1,1.0,1,0.15100396504114053,50
4587,0,6097,3298,2799,0,0,0,1.0,1,1.0,1,1.0,1,0.15100396504114053,50
4588,0,6097,3298,2799,0,0,0,1.0,1,1.0,1,1.0,1,0.15100396504114053,50
4589,0,6097,3298,2799,0,0,0,1.0,1,1.0,1,1.0,1,0.1472176107803206,52
4590,0,6097,3298,2799,0,0,0,1.0,1,1.0,1,1.0,1,0.1472176107803206,52
4591,1,6098,3298,2800,0,0,0,1.0,1,1.0,1,1.0,1,0.1385361662434742,53
4592,0,6098,3298,2800,0,0,0,1.0,1,1.0,1,1.0,1,0.15213214659568583,54
4593,2,6100,3300,2800,0,0,0,1.0,1,1.0,1,1.0,1,0.1808539150225688,56
4594,1,6101,3300,2801,0,0,0,1.0,1,1.0,1,1.0,1,0.18315481435086878,57
4595,0,6101,3300,2801,0,0,0,1.0,1,1.0,1,1.0,1,0.17285115715943242,56
4596,0,6101,3300,2801,0,0,0,1.0,1,1.0,1,1.0,1,0.17285115715943242,56
4597,2,6103,3302,2801,0,0,0,1.0,1,1.0,1,1.0,1,0.17221465103221045,56
4598,2,6105,3304,2801,0,0,0,1.0,1,1.0,1,1.0,1,0.20232917760415609,57
4599,0,6105,3304,2801,0,0,0,1.0,1,1.0,1,1.0,1,0.17494598089222696,59
4600,0,6105,3304,2801,0,0,0,1.0,1,1.0,1,1.0,1,0.17620748741905845,60
4601,1,6106,3305,2801,0,0,0,1.0,1,1.0,1,1.0,1,0.18521961167324633,60
4602,1,6107,3305,2802,0,0,0,1.0,1,1.0,1,1.0,1,0.16514899038322622,62
4603,0,6107,3305,2802,0,0,0,1.0,1,1.0,1,1.0,1,0.16514899038322622,62
4604,1,6108,3306,2802,0,0,0,1.0,1,1.0,1,1.0,1,0.1664053122264871,63
4605,0,6108,3306,2802,0,0,0,1.0,1,1.0,1,1.0,1,0.1664053122264871,63
4606,0,6108,3306,2802,0,0,0,1.0,1,1.0,1,1.0,1,0.17414139858830338,64
4607,2,6110,3307,2803,0,0,0,1.0,1,1.0,1,1.0,1,0.16761432432206053,65
4608,1,6111,3308,2803,0,0,0,1.0,1,1.0,1,1.0,1,0.18579365358563524,66
4609,1,6112,3309,2803,0,0,0,1.0,1,1.0,1,1.0,1,0.19816218284478104,65
4610,1,6113,3309,2804,0,0,0,1.0,1,1.0,1,1.0,1,0.17066467124619472,63
4611,5,6118,3313,2805,0,0,0,1.0,1,1.0,1,1.0,1,0.19751320355559124,64
4612,2,6120,3313,2807,0,0,0,1.0,1,1.0,1,1.0,1,0.16503701661427433,62
4613,1,6121,3314,2807,0,0,0,1.0,1,1.0,1,1.0,1,0.1853663135625341,63
4614,3,6124,3314,2810,0,0,0,1.0,1,1.0,1,1.0,1,0.1336348350082337,61
4615,2,6126,3315,2811,0,0,0,1.0,1,1.0,1,1.0,1,0.11918038572554043,59
4616,1,6127,3315,2812,0,0,0,1.0,1,1.0,1,1.0,1,0.10330376929111829,58
4617,1,6128,3316,2812,0,0,0,1.0,1,1.0,1,1.0,1,0.12143794296575858,58
4618,3,6131,3317,2814,0,0,0,1.0,1,1.0,1,1.0,1,0.14138990326628295,57
4619,4,6135,3319,2816,0,0,0,1.0,1,1.0,1,1.0,1,0.17097147686856204,57
4620,0,6135,3319,2816,0,0,0,1.0,1,1.0,1,1.0,1,0.17097147686856204,57
4621,4,6139,3320,2819,0,0,0,1.0,1,1.0,1,1.0,1,0.15948826428017507,59
4622,1,6140,3320,2820,0,0,0,1.0,1,1.0,1,1.0,1,0.15300670903073196,60
4623,1,6141,3320,2821,0,0,0,1.0,1,1.0,1,1.0,1,0.16389966974986794,59
4624,2,6143,3322,2821,0,0,0,1.0,1,1.0,1,1.0,1,0.20604262046884325,59
4625,2,6145,3323,2822,0,0,0,1.0,1,1.0,1,1.0,1,0.19544636108644522,57
4626,2,6147,3325,2822,0,0,0,1.0,1,1.0,1,1.0,1,0.21780607528311718,56
4627,2,6149,3325,2824,0,0,0,1.0,1,1.0,1,1.0,1,0.20224786468750824,56
4628,0,6149,3325,2824,0,0,0,1.0,1,1.0,1,1.0,1,0.19565898777093693,56
4629,2,6151,3326,2825,0,0,0,1.0,1,1.0,1,1.0,1,0.23498828473780625,56
4630,1,6152,3326,2826,0,0,0,1.0,1,1.0,1,1.0,1,0.21791981132806257,57
4631,0,6152,3326,2826,0,0,0,1.0,1,1.0,1,1.0,1,0.2544018061523677,56
4632,2,6154,3327,2827,0,0,0,1.0,1,1.0,1,1.0,1,0.2852757133438632,57
4633,1,6155,3327,2828,0,0,0,1.0,1,1.0,1,1.0,1,0.26234986855139003,58
4634,0,6155,3327,2828,0,0,0,1.0,1,1.0,1,1.0,1,0.26234986855139003,58
4635,0,6155,3327,2828,0,0,0,1.0,1,1.0,1,1.0,1,0.25135755924883246,59
4636,0,6155,3327,2828,0,0,0,1.0,1,1.0,1,1.0,1,0.2327155250821293,60
4637,3,6158,3329,2829,0,0,0,1.0,1,1.0,1,1.0,1,0.20558331481213502,60
4638,1,6159,3329,2830,0,0,0,1.0,1,1.0,1,1.0,1,0.2110151056894488,61
4639,3,6162,3331,2831,0,0,0,1.0,1,1.0,1,1.0,1,0.19310592033155766,62
4640,0,6162,3331,2831,0,0,0,1.0,1,1.0,1,1.0,1,0.20448222584221654,63
4641,4,6166,3333,2833,0,0,0,1.0,1,1.0,1,1.0,1,0.17063185744830361,63
4642,1,6167,3333,2834,0,0,0,1.0,1,1.0,1,1.0,1,0.17642781600938007,62
4643,3,6170,3334,2836,0,0,0,1.0,1,1.0,1,1.0,1,0.17102833687461405,63
4644,2,6172,3334,2838,0,0,0,1.0,1,1.0,1,1.0,1,0.17262916242154638,62
4645,4,6176,3335,2841,0,0,0,1.0,1,1.0,1,1.0,1,0.16582673720387428,63
4646,3,6179,3337,2842,0,0,0,1.0,1,1.0,1,1.0,1,0.19108672980924057,63
4647,3,6182,3338,2844,0,0,0,1.0,1,1.0,1,1.0,1,0.18654140102646352,62
4648,3,6185,3339,2846,0,0,0,1.0,1,1.0,1,1.0,1,0.19602957210211863,63
4649,2,6187,3339,2848,0,0,0,1.0,1,1.0,1,1.0,1,0.16390275581287556,61
4650,0,6187,3339,2848,0,0,0,1.0,1,1.0,1,1.0,1,0.14039473000898683,63
4651,1,6188,3339,2849,0,0,0,1.0,1,1.0,1,1.0,1,0.1320761471030076,62
4652,0,6188,3339,2849,0,0,0,1.0,1,1.0,1,1.0,1,0.11768994017837099,59
4653,1,6189,3339,2850,0,0,0,1.0,1,1.0,1,1.0,1,0.11170695756389525,60
4654,0,6189,3339,2850,0,0,0,1.0,1,1.0,1,1.0,1,0.11270188798269451,60
4655,1,6190,3340,2850,0,0,0,1.0,1,1.0,1,1.0,1,0.12999446745852977,60
4656,4,6194,3342,2852,0,0,0,1.0,1,1.0,1,1.0,1,0.1678637676891255,61
4657,1,6195,3342,2853,0,0,0,1.0,1,1.0,1,1.0,1,0.1553989734751459,62
4658,2,6197,3344,2853,0,0,0,1.0,1,1.0,1,1.0,1,0.18050700991906285,62
4659,0,6197,3344,2853,0,0,0,1.0,1,1.0,1,1.0,1,0.17106084762052906,61
4660,3,6200,3346,2854,0,0,0,1.0,1,1.0,1,1.0,1,0.22269120835826767,61
4661,0,6200,3346,2854,0,0,0,1.0,1,1.0,1,1.0,1,0.22206041197748713,61
4662,0,6200,3346,2854,0,0,0,1.0,1,1.0,1,1.0,1,0.210548765544529,62
4663,1,6201,3346,2855,0,0,0,1.0,1,1.0,1,1.0,1,0.20778380267415444,61
4664,2,6203,3346,2857,0,0,0,1.0,1,1.0,1,1.0,1,0.2017034724681697,62
4665,0,6203,3346,2857,0,0,0,1.0,1,1.0,1,1.0,1,0.21171762329560098,61
4666,3,6206,3347,2859,0,0,0,1.0,1,1.0,1,1.0,1,0.2048457947759336,61
4667,1,6207,3348,2859,0,0,0,1.0,1,1.0,1,1.0,1,0.2121415015533743,59
4668,3,6210,3349,2861,0,0,0,1.0,1,1.0,1,1.0,1,0.21222679745200881,59
4669,3,6213,3349,2864,0,0,0,1.0,1,1.0,1,1.0,1,0.20917378851777643,58
4670,2,6215,3350,2865,0,0,0,1.0,1,1.0,1,1.0,1,0.20844642977711056,57
4671,0,6215,3350,2865,0,0,0,1.0,1,1.0,1,1.0,1,0.22681631059489413,55
4672,4,6219,3352,2867,0,0,0,1.0,1,1.0,1,1.0,1,0.22280379015468743,56
4673,2,6221,3352,2869,0,0,0,1.0,1,1.0,1,1.0,1,0.18691271038347382,58
4674,2,6223,3353,2870,0,0,0,1.0,1,1.0,1,1.0,1,0.20187811551507873,58
4675,3,6226,3353,2873,0,0,0,1.0,1,1.0,1,1.0,1,0.20673100464582297,57
4676,0,6226,3353,2873,0,0,0,1.0,1,1.0,1,1.0,1,0.21528870148415333,58
4677,1,6227,3353,2874,0,0,0,1.0,1,1.0,1,1.0,1,0.22031479678458993,57
4678,2,6229,3353,2876,0,0,0,1.0,1,1.0,1,1.0,1,0.20246196728343638,57
4679,0,6229,3353,2876,0,0,0,1.0,1,1.0,1,1.0,1,0.20246196728343638,57
4680,1,6230,3353,2877,0,0,0,1.0,1,1.0,1,1.0,1,0.19695543825673167,59
4681,1,6231,3353,2878,0,0,0,1.0,1,1.0,1,1.0,1,0.18862117838440504,60
4682,0,6231,3353,2878,0,0,0,1.0,1,1.0,1,1.0,1,0.18862117838440504,60
4683,4,6235,3354,2881,0,0,0,1.0,1,1.0,1,1.0,1,0.1562285938631283,60
4684,1,6236,3355,2881,0,0,0,1.0,1,1.0,1,1.0,1,0.17577036857158873,60
4685,2,6238,3356,2882,0,0,0,1.0,1,1.0,1,1.0,1,0.17817798207228397,59
4686,3,6241,3358,2883,0,0,0,1.0,1,1.0,1,1.0,1,0.17780889088017057,60
4687,2,6243,3359,2884,0,0,0,1.0,1,1.0,1,1.0,1,0.18151904792185092,59
4688,1,6244,3360,2884,0,0,0,1.0,1,1.0,1,1.0,1,0.20517953671521608,59
4689,3,6247,3361,2886,0,0,0,1.0,1,1.0,1,1.0,1,0.21379961938625922,59
4690,3,6250,3362,2888,0,0,0,1.0,1,1.0,1,1.0,1,0.18326516607687368,58
4691,0,6250,3362,2888,0,0,0,1.0,1,1.0,1,1.0,1,0.1822473429821209,57
4692,0,6250,3362,2888,0,0,0,1.0,1,1.0,1,1.0,1,0.1775646942531707,58
4693,1,6251,3362,2889,0,0,0,1.0,1,1.0,1,1.0,1,0.1685432952193574,57
4694,2,6253,3362,2891,0,0,0,1.0,1,1.0,1,1.0,1,0.14162720219443561,57
4695,1,6254,3362,2892,0,0,0,1.0,1,1.0,1,1.0,1,0.1413321531997143,56
4696,1,6255,3363,2892,0,0,0,1.0,1,1.0,1,1.0,1,0.15586750769738744,57
4697,1,6256,3363,2893,0,0,0,1.0,1,1.0,1,1.0,1,0.13837166417820035,58
4698,2,6258,3363,2895,0,0,0,1.0,1,1.0,1,1.0,1,0.08727149366662697,59
4699,0,6258,3363,2895,0,0,0,1.0,1,1.0,1,1.0,1,0.10054820231400123,58
4700,0,6258,3363,2895,0,0,0,1.0,1,1.0,1,1.0,1,0.08167590810719873,59
4701,0,6258,3363,2895,0,0,0,1.0,1,1.0,1,1.0,1,0.09071773337243258,60
4702,0,6258,3363,2895,0,0,0,1.0,1,1.0,1,1.0,1,0.09912287966395165,61
4703,1,6259,3364,2895,0,0,0,1.0,1,1.0,1,1.0,1,0.12859377589076126,59
4704,1,6260,3364,2896,0,0,0,1.0,1,1.0,1,1.0,1,0.12384496367456992,58
4705,5,6265,3367,2898,0,0,0,1.0,1,1.0,1,1.0,1,0.12307529349702942,58
4706,3,6268,3369,2899,0,0,0,1.0,1,1.0,1,1.0,1,0.1552283074274634,60
4707,0,6268,3369,2899,0,0,0,1.0,1,1.0,1,1.0,1,0.16503585390168493,57
4708,3,6271,3371,2900,0,0,0,1.0,1,1.0,1,1.0,1,0.19373037616852024,57
4709,2,6273,3373,2900,0,0,0,1.0,1,1.0,1,1.0,1,0.23173521270803477,55
4710,1,6274,3374,2900,0,0,0,1.0,1,1.0,1,1.0,1,0.24308633165410215,53
4711,1,6275,3374,2901,0,0,0,1.0,1,1.0,1,1.0,1,0.22010750738807813,52
4712,0,6275,3374,2901,0,0,0,1.0,1,1.0,1,1.0,1,0.21983038279892572,52
4713,2,6277,3375,2902,0,0,0,1.0,1,1.0,1,1.0,1,0.23063516643083692,51
4714,1,6278,3375,2903,0,0,0,1.0,1,1.0,1,1.0,1,0.22216065919029937,50
4715,2,6280,3375,2905,0,0,0,1.0,1,1.0,1,1.0,1,0.16260840923250736,50
4716,1,6281,3376,2905,0,0,0,1.0,1,1.0,1,1.0,1,0.19525138576250678,49
4717,4,6285,3377,2908,0,0,0,1.0,1,1.0,1,1.0,1,0.17851565436454755,49
4718,0,6285,3377,2908,0,0,0,1.0,1,1.0,1,1.0,1,0.17924042457668987,50
4719,1,6286,3377,2909,0,0,0,1.0,1,1.0,1,1.0,1,0.17460896757997296,49
4720,2,6288,3377,2911,0,0,0,1.0,1,1.0,1,1.0,1,0.12995540419513715,49
4721,0,6288,3377,2911,0,0,0,1.0,1,1.0,1,1.0,1,0.12386965066924684,50
4722,1,6289,3377,2912,0,0,0,1.0,1,1.0,1,1.0,1,0.12849206463012755,51
4723,0,6289,3377,2912,0,0,0,1.0,1,1.0,1,1.0,1,0.0965967459064286,50
4724,2,6291,3379,2912,0,0,0,1.0,1,1.0,1,1.0,1,0.13426590339777225,50
4725,2,6293,3379,2914,0,0,0,1.0,1,1.0,1,1.0,1,0.11964960730076873,52
4726,1,6294,3380,2914,0,0,0,1.0,1,1.0,1,1.0,1,0.15180601219751524,51
4727,1,6295,3381,2914,0,0,0,1.0,1,1.0,1,1.0,1,0.16493400910217568,52
4728,1,6296,3382,2914,0,0,0,1.0,1,1.0,1,1.0,1,0.17499016686041877,52
4729,0,6296,3382,2914,0,0,0,1.0,1,1.0,1,1.0,1,0.17499016686041877,52
4730,1,6297,3382,2915,0,0,0,1.0,1,1.0,1,1.0,1,0.18133297194228687,50
4731,3,6300,3385,2915,0,0,0,1.0,1,1.0,1,1.0,1,0.21062765047016357,51
4732,1,6301,3385,2916,0,0,0,1.0,1,1.0,1,1.0,1,0.1989758480896249,52
4733,7,6308,3388,2920,0,0,0,1.0,1,1.0,1,1.0,1,0.2593773937408451,53
4734,2,6310,3388,2922,0,0,0,1.0,1,1.0,1,1.0,1,0.2596384056875028,53
4735,2,6312,3389,2923,0,0,0,1.0,1,1.0,1,1.0,1,0.26020442522675824,53
4736,1,6313,3390,2923,0,0,0,1.0,1,1.0,1,1.0,1,0.27786134738351476,55
4737,0,6313,3390,2923,0,0,0,1.0,1,1.0,1,1.0,1,0.26659325474038303,57
4738,0,6313,3390,2923,0,0,0,1.0,1,1.0,1,1.0,1,0.26659325474038303,57
4739,0,6313,3390,2923,0,0,0,1.0,1,1.0,1,1.0,1,0.26659325474038303,57
4740,1,6314,3390,2924,0,0,0,1.0,1,1.0,1,1.0,1,0.2386523528079779,57
4741,0,6314,3390,2924,0,0,0,1.0,1,1.0,1,1.0,1,0.24489389742409484,58
4742,1,6315,3391,2924,0,0,0,1.0,1,1.0,1,1.0,1,0.2534291176422298,58
4743,1,6316,3391,2925,0,0,0,1.0,1,1.0,1,1.0,1,0.21507528209055374,56
4744,0,6316,3391,2925,0,0,0,1.0,1,1.0,1,1.0,1,0.2048253968084863,57
4745,3,6319,3393,2926,0,0,0,1.0,1,1.0,1,1.0,1,0.19905916319231096,56
4746,1,6320,3394,2926,0,0,0,1.0,1,1.0,1,1.0,1,0.20938240325307514,56
4747,1,6321,3395,2926,0,0,0,1.0,1,1.0,1,1.0,1,0.189693639014463,55
4748,1,6322,3396,2926,0,0,0,1.0,1,1.0,1,1.0,1,0.19845429431421266,55
4749,1,6323,3396,2927,0,0,0,1.0,1,1.0,1,1.0,1,0.1771613454763247,54
4750,1,6324,3397,2927,0,0,0,1.0,1,1.0,1,1.0,1,0.1633598748310553,53
4751,0,6324,3397,2927,0,0,0,1.0,1,1.0,1,1.0,1,0.19389221231771117,53
4752,1,6325,3398,2927,0,0,0,1.0,1,1.0,1,1.0,1,0.1824073820875526,53
4753,0,6325,3398,2927,0,0,0,1.0,1,1.0,1,1.0,1,0.20517835888967842,52
4754,2,6327,3398,2929,0,0,0,1.0,1,1.0,1,1.0,1,0.15477192470778026,52
4755,2,6329,3398,2931,0,0,0,1.0,1,1.0,1,1.0,1,0.11085040275523919,51
4756,2,6331,3398,2933,0,0,0,1.0,1,1.0,1,1.0,1,0.09987787333199555,52
4757,1,6332,3398,2934,0,0,0,1.0,1,1.0,1,1.0,1,0.0833569932811827,51
4758,1,6333,3398,2935,0,0,0,1.0,1,1.0,1,1.0,1,0.07367029421316347,51
4759,0,6333,3398,2935,0,0,0,1.0,1,1.0,1,1.0,1,0.07367029421316347,51
4760,1,6334,3399,2935,0,0,0,1.0,1,1.0,1,1.0,1,0.05763316568918759,52
4761,2,6336,3401,2935,0,0,0,1.0,1,1.0,1,1.0,1,0.060211524217214846,50
4762,8,6344,3406,2938,0,0,0,1.0,1,1.0,1,1.0,1,0.10906383616833595,51
4763,0,6344,3406,2938,0,0,0,1.0,1,1.0,1,1.0,1,0.10906383616833595,51
4764,5,6349,3410,2939,0,0,0,1.0,1,1.0,1,1.0,1,0.14761290396294935,53
4765,5,6354,3410,2944,0,0,0,1.0,1,1.0,1,1.0,1,0.05800533853696095,53
4766,1,6355,3411,2944,0,0,0,1.0,1,1.0,1,1.0,1,0.09244518483500926,55
4767,0,6355,3411,2944,0,0,0,1.0,1,1.0,1,1.0,1,0.07357345963351004,56
4768,0,6355,3411,2944,0,0,0,1.0,1,1.0,1,1.0,1,0.05943175841228887,56
4769,1,6356,3412,2944,0,0,0,1.0,1,1.0,1,1.0,1,0.07864639090417355,56
4770,1,6357,3413,2944,0,0,0,1.0,1,1.0,1,1.0,1,0.06095045716972465,56
4771,0,6357,3413,2944,0,0,0,1.0,1,1.0,1,1.0,1,0.07137458751731787,55
4772,1,6358,3414,2944,0,0,0,1.0,1,1.0,1,1.0,1,0.10572495802854347,56
4773,1,6359,3414,2945,0,0,0,1.0,1,1.0,1,1.0,1,0.09561992944869405,56
4774,2,6361,3414,2947,0,0,0,1.0,1,1.0,1,1.0,1,0.05599169163092698,58
4775,0,6361,3414,2947,0,0,0,1.0,1,1.0,1,1.0,1,0.05845531385832596,59
4776,0,6361,3414,2947,0,0,0,1.0,1,1.0,1,1.0,1,0.05845531385832596,59
4777,1,6362,3415,2947,0,0,0,1.0,1,1.0,1,1.0,1,0.0700038505974853,60
4778,0,6362,3415,2947,0,0,0,1.0,1,1.0,1,1.0,1,0.0700038505974853,60
4779,1,6363,3415,2948,0,0,0,1.0,1,1.0,1,1.0,1,0.06446901722100981,61
4780,2,6365,3416,2949,0,0,0,1.0,1,1.0,1,1.0,1,0.05291953622606919,63
4781,1,6366,3417,2949,0,0,0,1.0,1,1.0,1,1.0,1,0.05398370334208634,62
4782,1,6367,3418,2949,0,0,0,1.0,1,1.0,1,1.0,1,0.06900069639337596,63
4783,3,6370,3419,2951,0,0,0,1.0,1,1.0,1,1.0,1,0.03897716272816687,62
4784,0,6370,3419,2951,0,0,0,1.0,1,1.0,1,1.0,1,0.04831383681058977,62
4785,2,6372,3421,2951,0,0,0,1.0,1,1.0,1,1.0,1,0.04848490677484046,62
4786,4,6376,3425,2951,0,0,0,1.0,1,1.0,1,1.0,1,0.0625150037146569,63
4787,2,6378,3427,2951,0,0,0,1.0,1,1.0,1,1.0,1,0.07189166951469012,62
4788,3,6381,3430,2951,0,0,0,1.0,1,1.0,1,1.0,1,0.1233292012087668,62
4789,7,6388,3434,2954,0,0,0,1.0,1,1.0,1,1.0,1,0.09300364760885546,60
4790,4,6392,3437,2955,0,0,0,1.0,1,1.0,1,1.0,1,0.11550155390842341,61
4791,2,6394,3438,2956,0,0,0,1.0,1,1.0,1,1.0,1,0.11272081110047759,60
4792,4,6398,3441,2957,0,0,0,1.0,1,1.0,1,1.0,1,0.09337151157739212,60
4793,3,6401,3442,2959,0,0,0,1.0,1,1.0,1,1.0,1,0.0561250024675393,61
4794,2,6403,3443,2960,0,0,0,1.0,1,1.0,1,1.0,1,0.06962931294086895,59
4795,3,6406,3444,2962,0,0,0,1.0,1,1.0,1,1.0,1,0.029772505810694395,61
4796,0,6406,3444,2962,0,0,0,1.0,1,1.0,1,1.0,1,0.06408495187981449,59
4797,2,6408,3446,2962,0,0,0,1.0,1,1.0,1,1.0,1,0.10002061268677508,58
4798,2,6410,3446,2964,0,0,0,1.0,1,1.0,1,1.0,1,0.08002420697317769,59
4799,0,6410,3446,2964,0,0,0,1.0,1,1.0,1,1.0,1,0.0745852082048764,57
4800,1,6411,3447,2964,0,0,0,1.0,1,1.0,1,1.0,1,0.10855781461730281,58
4801,4,6415,3449,2966,0,0,0,1.0,1,1.0,1,1.0,1,0.08318459036817132,57
4802,0,6415,3449,2966,0,0,0,1.0,1,1.0,1,1.0,1,0.08318459036817132,57
4803,0,6415,3449,2966,0,0,0,1.0,1,1.0,1,1.0,1,0.08152762972869664,56
4804,1,6416,3449,2967,0,0,0,1.0,1,1.0,1,1.0,1,0.07572506550249071,54
4805,1,6417,3449,2968,0,0,0,1.0,1,1.0,1,1.0,1,0.06931938659926183,56
4806,0,6417,3449,2968,0,0,0,1.0,1,1.0,1,1.0,1,0.06670168643730708,55
4807,1,6418,3449,2969,0,0,0,1.0,1,1.0,1,1.0,1,0.05661625594995302,54
4808,0,6418,3449,2969,0,0,0,1.0,1,1.0,1,1.0,1,0.07341951466308778,53
4809,0,6418,3449,2969,0,0,0,1.0,1,1.0,1,1.0,1,0.07341951466308778,53
4810,2,6420,3450,2970,0,0,0,1.0,1,1.0,1,1.0,1,0.04063676839599925,51
4811,3,6423,3452,2971,0,0,0,1.0,1,1.0,1,1.0,1,0.04626211474480895,52
4812,1,6424,3453,2971,0,0,0,1.0,1,1.0,1,1.0,1,0.06196213046855189,52
4813,0,6424,3453,2971,0,0,0,1.0,1,1.0,1,1.0,1,0.06196213046855189,52
4814,2,6426,3455,2971,0,0,0,1.0,1,1.0,1,1.0,1,0.11899704081470432,53
4815,6,6432,3460,2972,0,0,0,1.0,1,1.0,1,1.0,1,0.14087270562910228,54
4816,4,6436,3461,2975,0,0,0,1.0,1,1.0,1,1.0,1,0.09725488827536698,54
4817,4,6440,3463,2977,0,0,0,1.0,1,1.0,1,1.0,1,0.131077103882011,55
4818,3,6443,3466,2977,0,0,0,1.0,1,1.0,1,1.0,1,0.1330305263291363,55
4819,6,6449,3467,2982,0,0,0,1.0,1,1.0,1,1.0,1,0.059766369114468615,55
4820,1,6450,3467,2983,0,0,0,1.0,1,1.0,1,1.0,1,0.04645480326821496,55
4821,1,6451,3468,2983,0,0,0,1.0,1,1.0,1,1.0,1,0.06206017458832632,55
4822,2,6453,3469,2984,0,0,0,1.0,1,1.0,1,1.0,1,0.032909154558751576,54
4823,0,6453,3469,2984,0,0,0,1.0,1,1.0,1,1.0,1,0.029561825661766537,54
4824,1,6454,3470,2984,0,0,0,1.0,1,1.0,1,1.0,1,0.028085556095528645,55
4825,1,6455,3471,2984,0,0,0,1.0,1,1.0,1,1.0,1,0.06534099128357944,53
4826,1,6456,3471,2985,0,0,0,1.0,1,1.0,1,1.0,1,0.0449824099974122,54
4827,2,6458,3473,2985,0,0,0,1.0,1,1.0,1,1.0,1,0.1271874822335362,53
4828,1,6459,3473,2986,0,0,0,1.0,1,1.0,1,1.0,1,0.09803790011000807,54
4829,0,6459,3473,2986,0,0,0,1.0,1,1.0,1,1.0,1,0.09553432326447403,54
4830,0,6459,3473,2986,0,0,0,1.0,1,1.0,1,1.0,1,0.07927407654460593,53
4831,3,6462,3474,2988,0,0,0,1.0,1,1.0,1,1.0,1,0.048977813482178896,52
4832,0,6462,3474,2988,0,0,0,1.0,1,1.0,1,1.0,1,0.047702061797835184,50
4833,0,6462,3474,2988,0,0,0,1.0,1,1.0,1,1.0,1,0.06197635311538038,51
4834,1,6463,3474,2989,0,0,0,1.0,1,1.0,1,1.0,1,0.061974692926407116,51
4835,0,6463,3474,2989,0,0,0,1.0,1,1.0,1,1.0,1,0.09748303513107501,50
4836,0,6463,3474,2989,0,0,0,1.0,1,1.0,1,1.0,1,0.07942978064998231,50
4837,3,6466,3475,2991,0,0,0,1.0,1,1.0,1,1.0,1,0.08658520625015234,46
4838,3,6469,3478,2991,0,0,0,1.0,1,1.0,1,1.0,1,0.11834800681830006,47
4839,2,6471,3480,2991,0,0,0,1.0,1,1.0,1,1.0,1,0.1425408605677122,45
4840,2,6473,3480,2993,0,0,0,1.0,1,1.0,1,1.0,1,0.11906482030737359,45
4841,2,6475,3481,2994,0,0,0,1.0,1,1.0,1,1.0,1,0.14434442241753162,43
4842,0,6475,3481,2994,0,0,0,1.0,1,1.0,1,1.0,1,0.1300285014918841,43
4843,3,6478,3482,2996,0,0,0,1.0,1,1.0,1,1.0,1,0.07643566981855615,44
4844,0,6478,3482,2996,0,0,0,1.0,1,1.0,1,1.0,1,0.07224560643220966,43
4845,1,6479,3483,2996,0,0,0,1.0,1,1.0,1,1.0,1,0.0736275848916279,44
4846,1,6480,3484,2996,0,0,0,1.0,1,1.0,1,1.0,1,0.05479689866833639,43
4847,1,6481,3485,2996,0,0,0,1.0,1,1.0,1,1.0,1,0.0684771525923124,42
4848,4,6485,3487,2998,0,0,0,1.0,1,1.0,1,1.0,1,0.08062169669854077,41
4849,3,6488,3489,2999,0,0,0,1.0,1,1.0,1,1.0,1,0.07719668426041472,41
4850,0,6488,3489,2999,0,0,0,1.0,1,1.0,1,1.0,1,0.1179194311858869,41
4851,0,6488,3489,2999,0,0,0,1.0,1,1.0,1,1.0,1,0.1179194311858869,41
4852,2,6490,3490,3000,0,0,0,1.0,1,1.0,1,1.0,1,0.13344976848829707,43
4853,0,6490,3490,3000,0,0,0,1.0,1,1.0,1,1.0,1,0.15038974555878817,44
4854,0,6490,3490,3000,0,0,0,1.0,1,1.0,1,1.0,1,0.1413405976391124,45
4855,0,6490,3490,3000,0,0,0,1.0,1,1.0,1,1.0,1,0.14357004333477216,44
4856,0,6490,3490,3000,0,0,0,1.0,1,1.0,1,1.0,1,0.14357004333477216,44
4857,0,6490,3490,3000,0,0,0,1.0,1,1.0,1,1.0,1,0.15607920118431867,44
4858,2,6492,3490,3002,0,0,0,1.0,1,1.0,1,1.0,1,0.13057586221823067,45
4859,1,6493,3490,3003,0,0,0,1.0,1,1.0,1,1.0,1,0.13155006105856698,46
4860,0,6493,3490,3003,0,0,0,1.0,1,1.0,1,1.0,1,0.13155006105856698,46
4861,0,6493,3490,3003,0,0,0,1.0,1,1.0,1,1.0,1,0.11941812959265334,46
4862,1,6494,3490,3004,0,0,0,1.0,1,1.0,1,1.0,1,0.11595157573896331,47
4863,2,6496,3491,3005,0,0,0,1.0,1,1.0,1,1.0,1,0.0803946192865323,47
4864,0,6496,3491,3005,0,0,0,1.0,1,1.0,1,1.0,1,0.07963325460548819,47
4865,0,6496,3491,3005,0,0,0,1.0,1,1.0,1,1.0,1,0.09404436368977526,48
4866,0,6496,3491,3005,0,0,0,1.0,1,1.0,1,1.0,1,0.08961715647560846,49
4867,0,6496,3491,3005,0,0,0,1.0,1,1.0,1,1.0,1,0.09353468466705622,50
4868,2,6498,3493,3005,0,0,0,1.0,1,1.0,1,1.0,1,0.09591798798982074,50
4869,0,6498,3493,3005,0,0,0,1.0,1,1.0,1,1.0,1,0.09591798798982074,50
4870,3,6501,3495,3006,0,0,0,1.0,1,1.0,1,1.0,1,0.0969082690140048,52
4871,0,6501,3495,3006,0,0,0,1.0,1,1.0,1,1.0,1,0.0969082690140048,52
4872,0,6501,3495,3006,0,0,0,1.0,1,1.0,1,1.0,1,0.0778182341804112,53
4873,5,6506,3497,3009,0,0,0,1.0,1,1.0,1,1.0,1,0.08511674492326472,55
4874,2,6508,3498,3010,0,0,0,1.0,1,1.0,1,1.0,1,0.08432396625747637,56
4875,2,6510,3500,3010,0,0,0,1.0,1,1.0,1,1.0,1,0.09354070394247849,55
4876,2,6512,3501,3011,0,0,0,1.0,1,1.0,1,1.0,1,0.09622613832615176,55
4877,3,6515,3503,3012,0,0,0,1.0,1,1.0,1,1.0,1,0.1264467491562569,54
4878,2,6517,3505,3012,0,0,0,1.0,1,1.0,1,1.0,1,0.14994691528115606,53
4879,4,6521,3506,3015,0,0,0,1.0,1,1.0,1,1.0,1,0.14026392034847868,54
4880,3,6524,3508,3016,0,0,0,1.0,1,1.0,1,1.0,1,0.1462679272846017,54
4881,2,6526,3509,3017,0,0,0,1.0,1,1.0,1,1.0,1,0.14352379786775207,53
4882,2,6528,3510,3018,0,0,0,1.0,1,1.0,1,1.0,1,0.14301736715317379,53
4883,0,6528,3510,3018,0,0,0,1.0,1,1.0,1,1.0,1,0.14308825521232152,53
4884,0,6528,3510,3018,0,0,0,1.0,1,1.0,1,1.0,1,0.12710802972338311,51
4885,0,6528,3510,3018,0,0,0,1.0,1,1.0,1,1.0,1,0.12964184406551815,50
4886,0,6528,3510,3018,0,0,0,1.0,1,1.0,1,1.0,1,0.1458194002356404,48
4887,0,6528,3510,3018,0,0,0,1.0,1,1.0,1,1.0,1,0.1458194002356404,48
4888,1,6529,3510,3019,0,0,0,1.0,1,1.0,1,1.0,1,0.12230988176203117,48
4889,0,6529,3510,3019,0,0,0,1.0,1,1.0,1,1.0,1,0.12230988176203117,48
4890,0,6529,3510,3019,0,0,0,1.0,1,1.0,1,1.0,1,0.11306438081237866,49
4891,1,6530,3511,3019,0,0,0,1.0,1,1.0,1,1.0,1,0.14846771785650512,50
4892,1,6531,3511,3020,0,0,0,1.0,1,1.0,1,1.0,1,0.13863296538493974,49
4893,1,6532,3511,3021,0,0,0,1.0,1,1.0,1,1.0,1,0.12947470191499735,50
4894,1,6533,3511,3022,0,0,0,1.0,1,1.0,1,1.0,1,0.107720024588665,51
4895,1,6534,3511,3023,0,0,0,1.0,1,1.0,1,1.0,1,0.11153700884745119,52
4896,1,6535,3511,3024,0,0,0,1.0,1,1.0,1,1.0,1,0.09274859678238419,53
4897,1,6536,3511,3025,0,0,0,1.0,1,1.0,1,1.0,1,0.08477971549994083,53
4898,0,6536,3511,3025,0,0,0,1.0,1,1.0,1,1.0,1,0.08477971549994083,53
4899,2,6538,3512,3026,0,0,0,1.0,1,1.0,1,1.0,1,0.06671471849108773,55
4900,2,6540,3513,3027,0,0,0,1.0,1,1.0,1,1.0,1,0.0801840046277754,55
4901,0,6540,3513,3027,0,0,0,1.0,1,1.0,1,1.0,1,0.0937336561322769,56
4902,3,6543,3514,3029,0,0,0,1.0,1,1.0,1,1.0,1,0.11233935000177213,58
4903,2,6545,3515,3030,0,0,0,1.0,1,1.0,1,1.0,1,0.11953915069013828,58
4904,0,6545,3515,3030,0,0,0,1.0,1,1.0,1,1.0,1,0.11660144589504434,57
4905,1,6546,3516,3030,0,0,0,1.0,1,1.0,1,1.0,1,0.1613947518291673,54
4906,3,6549,3516,3033,0,0,0,1.0,1,1.0,1,1.0,1,0.14937095933818476,55
4907,0,6549,3516,3033,0,0,0,1.0,1,1.0,1,1.0,1,0.164325313028122,52
4908,1,6550,3517,3033,0,0,0,1.0,1,1.0,1,1.0,1,0.1853560675646774,53
4909,2,6552,3517,3035,0,0,0,1.0,1,1.0,1,1.0,1,0.17471478098285426,52
4910,3,6555,3519,3036,0,0,0,1.0,1,1.0,1,1.0,1,0.1958877067527595,53
4911,0,6555,3519,3036,0,0,0,1.0,1,1.0,1,1.0,1,0.1957406378689662,55
4912,3,6558,3521,3037,0,0,0,1.0,1,1.0,1,1.0,1,0.2073862687821716,54
4913,0,6558,3521,3037,0,0,0,1.0,1,1.0,1,1.0,1,0.19559351941196995,53
4914,2,6560,3522,3038,0,0,0,1.0,1,1.0,1,1.0,1,0.16794619208974554,53
4915,1,6561,3522,3039,0,0,0,1.0,1,1.0,1,1.0,1,0.1599114564037554,54
4916,2,6563,3522,3041,0,0,0,1.0,1,1.0,1,1.0,1,0.13013650227733317,52
4917,1,6564,3523,3041,0,0,0,1.0,1,1.0,1,1.0,1,0.131284577873819,52
4918,2,6566,3523,3043,0,0,0,1.0,1,1.0,1,1.0,1,0.08769837033734046,51
4919,1,6567,3524,3043,0,0,0,1.0,1,1.0,1,1.0,1,0.1267295315634687,50
4920,1,6568,3524,3044,0,0,0,1.0,1,1.0,1,1.0,1,0.10794841276847933,51
4921,0,6568,3524,3044,0,0,0,1.0,1,1.0,1,1.0,1,0.10794841276847933,51
4922,2,6570,3525,3045,0,0,0,1.0,1,1.0,1,1.0,1,0.13561056046064077,53
4923,1,6571,3525,3046,0,0,0,1.0,1,1.0,1,1.0,1,0.12315569789653492,53
4924,2,6573,3525,3048,0,0,0,1.0,1,1.0,1,1.0,1,0.10815913019450221,55
4925,1,6574,3526,3048,0,0,0,1.0,1,1.0,1,1.0,1,0.0926164580256965,56
4926,0,6574,3526,3048,0,0,0,1.0,1,1.0,1,1.0,1,0.07737553616276341,55
4927,3,6577,3528,3049,0,0,0,1.0,1,1.0,1,1.0,1,0.08161839310545806,55
4928,0,6577,3528,3049,0,0,0,1.0,1,1.0,1,1.0,1,0.08161839310545806,55
4929,0,6577,3528,3049,0,0,0,1.0,1,1.0,1,1.0,1,0.07691683431541023,56
4930,2,6579,3528,3051,0,0,0,1.0,1,1.0,1,1.0,1,0.06768746044704121,58
4931,0,6579,3528,3051,0,0,0,1.0,1,1.0,1,1.0,1,0.06309909346661181,59
4932,0,6579,3528,3051,0,0,0,1.0,1,1.0,1,1.0,1,0.0775339739983055,60
4933,2,6581,3529,3052,0,0,0,1.0,1,1.0,1,1.0,1,0.09124994037546555,60
4934,1,6582,3530,3052,0,0,0,1.0,1,1.0,1,1.0,1,0.10947045510066186,60
4935,0,6582,3530,3052,0,0,0,1.0,1,1.0,1,1.0,1,0.10947045510066186,60
4936,2,6584,3531,3053,0,0,0,1.0,1,1.0,1,1.0,1,0.12932463684297724,61
4937,3,6587,3532,3055,0,0,0,1.0,1,1.0,1,1.0,1,0.15512072911812788,62
4938,1,6588,3532,3056,0,0,0,1.0,1,1.0,1,1.0,1,0.14690170910572797,62
4939,5,6593,3535,3058,0,0,0,1.0,1,1.0,1,1.0,1,0.12272561867056506,64
4940,2,6595,3535,3060,0,0,0,1.0,1,1.0,1,1.0,1,0.11574791214452773,67
4941,0,6595,3535,3060,0,0,0,1.0,1,1.0,1,1.0,1,0.12541988501631862,66
4942,1,6596,3535,3061,0,0,0,1.0,1,1.0,1,1.0,1,0.12300944887356172,67
4943,0,6596,3535,3061,0,0,0,1.0,1,1.0,1,1.0,1,0.1402733919556379,65
4944,0,6596,3535,3061,0,0,0,1.0,1,1.0,1,1.0,1,0.1402733919556379,65
4945,2,6598,3535,3063,0,0,0,1.0,1,1.0,1,1.0,1,0.14966891490156883,62
4946,1,6599,3535,3064,0,0,0,1.0,1,1.0,1,1.0,1,0.14679044096141755,61
4947,1,6600,3536,3064,0,0,0,1.0,1,1.0,1,1.0,1,0.16082104579064893,59
4948,5,6605,3537,3068,0,0,0,1.0,1,1.0,1,1.0,1,0.1499528493639282,59
4949,1,6606,3537,3069,0,0,0,1.0,1,1.0,1,1.0,1,0.14784606545273724,57
4950,4,6610,3540,3070,0,0,0,1.0,1,1.0,1,1.0,1,0.17610503375719447,58
4951,6,6616,3545,3071,0,0,0,1.0,1,1.0,1,1.0,1,0.17292378900498095,55
4952,1,6617,3546,3071,0,0,0,1.0,1,1.0,1,1.0,1,0.16743357333299932,53
4953,3,6620,3548,3072,0,0,0,1.0,1,1.0,1,1.0,1,0.1831062972812482,54
4954,1,6621,3548,3073,0,0,0,1.0,1,1.0,1,1.0,1,0.14089756987331192,52
4955,2,6623,3548,3075,0,0,0,1.0,1,1.0,1,1.0,1,0.11749903676927949,51
4956,0,6623,3548,3075,0,0,0,1.0,1,1.0,1,1.0,1,0.124719623718581,47
4957,3,6626,3548,3078,0,0,0,1.0,1,1.0,1,1.0,1,0.07942556110263357,48
4958,0,6626,3548,3078,0,0,0,1.0,1,1.0,1,1.0,1,0.06649809997436804,47
4959,0,6626,3548,3078,0,0,0,1.0,1,1.0,1,1.0,1,0.06649809997436804,47
4960,0,6626,3548,3078,0,0,0,1.0,1,1.0,1,1.0,1,0.0815685040270356,48
4961,0,6626,3548,3078,0,0,0,1.0,1,1.0,1,1.0,1,0.07491439786104269,49
4962,1,6627,3549,3078,0,0,0,1.0,1,1.0,1,1.0,1,0.07239784390275548,49
4963,1,6628,3549,3079,0,0,0,1.0,1,1.0,1,1.0,1,0.07830079226564396,51
4964,2,6630,3550,3080,0,0,0,1.0,1,1.0,1,1.0,1,0.09574407574841597,51
4965,3,6633,3552,3081,0,0,0,1.0,1,1.0,1,1.0,1,0.11771330401231146,51
4966,2,6635,3553,3082,0,0,0,1.0,1,1.0,1,1.0,1,0.10979542837590069,51
4967,3,6638,3555,3083,0,0,0,1.0,1,1.0,1,1.0,1,0.1450945760843127,51
4968,2,6640,3556,3084,0,0,0,1.0,1,1.0,1,1.0,1,0.11629992931620539,52
4969,2,6642,3556,3086,0,0,0,1.0,1,1.0,1,1.0,1,0.10742341028121892,53
4970,2,6644,3557,3087,0,0,0,1.0,1,1.0,1,1.0,1,0.11748013712770117,54
4971,2,6646,3557,3089,0,0,0,1.0,1,1.0,1,1.0,1,0.10497943095649882,55
4972,2,6648,3558,3090,0,0,0,1.0,1,1.0,1,1.0,1,0.11077931169417587,56
4973,1,6649,3558,3091,0,0,0,1.0,1,1.0,1,1.0,1,0.08436890475795282,57
4974,0,6649,3558,3091,0,0,0,1.0,1,1.0,1,1.0,1,0.10843871435322028,56
4975,2,6651,3559,3092,0,0,0,1.0,1,1.0,1,1.0,1,0.1267273498443756,57
4976,2,6653,3560,3093,0,0,0,1.0,1,1.0,1,1.0,1,0.11018756296156564,57
4977,0,6653,3560,3093,0,0,0,1.0,1,1.0,1,1.0,1,0.11018756296156564,57
4978,2,6655,3561,3094,0,0,0,1.0,1,1.0,1,1.0,1,0.09511174246938141,58
4979,1,6656,3562,3094,0,0,0,1.0,1,1.0,1,1.0,1,0.10622670887256805,58
4980,2,6658,3563,3095,0,0,0,1.0,1,1.0,1,1.0,1,0.11962011944309323,59
4981,4,6662,3564,3098,0,0,0,1.0,1,1.0,1,1.0,1,0.10906037991691837,60
4982,0,6662,3564,3098,0,0,0,1.0,1,1.0,1,1.0,1,0.09651449235184922,61
4983,1,6663,3565,3098,0,0,0,1.0,1,1.0,1,1.0,1,0.07499407189466417,61
4984,2,6665,3565,3100,0,0,0,1.0,1,1.0,1,1.0,1,0.07602866904919675,59
4985,0,6665,3565,3100,0,0,0,1.0,1,1.0,1,1.0,1,0.10882568813560342,58
4986,0,6665,3565,3100,0,0,0,1.0,1,1.0,1,1.0,1,0.0924775331202571,59
4987,5,6670,3566,3104,0,0,0,1.0,1,1.0,1,1.0,1,0.08760349578134527,58
4988,1,6671,3566,3105,0,0,0,1.0,1,1.0,1,1.0,1,0.07672454169274116,57
4989,2,6673,3568,3105,0,0,0,1.0,1,1.0,1,1.0,1,0.12322653276630023,54
4990,3,6676,3569,3107,0,0,0,1.0,1,1.0,1,1.0,1,0.08978972036985247,53
4991,4,6680,3572,3108,0,0,0,1.0,1,1.0,1,1.0,1,0.10715383348576171,52
4992,1,6681,3573,3108,0,0,0,1.0,1,1.0,1,1.0,1,0.1345562782224514,48
4993,2,6683,3574,3109,0,0,0,1.0,1,1.0,1,1.0,1,0.12309184264237698,48
4994,2,6685,3575,3110,0,0,0,1.0,1,1.0,1,1.0,1,0.09749171046948282,45
4995,2,6687,3577,3110,0,0,0,1.0,1,1.0,1,1.0,1,0.1424683869622165,45
4996,2,6689,3578,3111,0,0,0,1.0,1,1.0,1,1.0,1,0.06521567353886858,45
4997,4,6693,3580,3113,0,0,0,1.0,1,1.0,1,1.0,1,0.09142337388989738,42
4998,1,6694,3581,3113,0,0,0,1.0,1,1.0,1,1.0,1,0.12852847194865896,44
4999,3,6697,3582,3115,0,0,0,1.0,1,1.0,1,1.0,1,0.13588002818836736,44
5000,1,6698,3583,3115,0,0,0,1.0,1,1.0,1,1.0,1,0.18388070346589536,42
5001,0,6698,3583,3115,0,0,0,1.0,1,1.0,1,1.0,1,0.1775047199585277,42
5002,1,6699,3584,3115,0,0,0,1.0,1,1.0,1,1.0,1,0.18136667586772756,41
5003,2,6701,3585,3116,0,0,0,1.0,1,1.0,1,1.0,1,0.2306909437676113,41
5004,0,6701,3585,3116,0,0,0,1.0,1,1.0,1,1.0,1,0.23818792465648705,41
5005,0,6701,3585,3116,0,0,0,1.0,1,1.0,1,1.0,1,0.23818792465648705,41
5006,0,6701,3585,3116,0,0,0,1.0,1,1.0,1,1.0,1,0.22451188431840705,42
5007,0,6701,3585,3116,0,0,0,1.0,1,1.0,1,1.0,1,0.21881094604451976,43
5008,0,6701,3585,3116,0,0,0,1.0,1,1.0,1,1.0,1,0.19780085905980663,46
5009,0,6701,3585,3116,0,0,0,1.0,1,1.0,1,1.0,1,0.19780085905980663,46
5010,1,6702,3585,3117,0,0,0,1.0,1,1.0,1,1.0,1,0.2027673751434912,46
5011,0,6702,3585,3117,0,0,0,1.0,1,1.0,1,1.0,1,0.1917983617094943,47
5012,0,6702,3585,3117,0,0,0,1.0,1,1.0,1,1.0,1,0.19290433949240013,48
5013,0,6702,3585,3117,0,0,0,1.0,1,1.0,1,1.0,1,0.19290433949240013,48
5014,0,6702,3585,3117,0,0,0,1.0,1,1.0,1,1.0,1,0.18556435233900997,49
5015,2,6704,3585,3119,0,0,0,1.0,1,1.0,1,1.0,1,0.15120950418708137,50
5016,1,6705,3586,3119,0,0,0,1.0,1,1.0,1,1.0,1,0.1905814358869895,51
5017,3,6708,3586,3122,0,0,0,1.0,1,1.0,1,1.0,1,0.14869034191474856,51
5018,0,6708,3586,3122,0,0,0,1.0,1,1.0,1,1.0,1,0.14869034191474856,51
5019,0,6708,3586,3122,0,0,0,1.0,1,1.0,1,1.0,1,0.15556236014491628,51
5020,2,6710,3586,3124,0,0,0,1.0,1,1.0,1,1.0,1,0.12712303679420853,51
5021,0,6710,3586,3124,0,0,0,1.0,1,1.0,1,1.0,1,0.14229852278814414,52
5022,1,6711,3587,3124,0,0,0,1.0,1,1.0,1,1.0,1,0.14329223792046408,52
5023,2,6713,3588,3125,0,0,0,1.0,1,1.0,1,1.0,1,0.1329257698213935,52
5024,0,6713,3588,3125,0,0,0,1.0,1,1.0,1,1.0,1,0.11813007504128621,51
5025,0,6713,3588,3125,0,0,0,1.0,1,1.0,1,1.0,1,0.12372621994375622,50
5026,2,6715,3589,3126,0,0,0,1.0,1,1.0,1,1.0,1,0.16877604423997009,49
5027,1,6716,3590,3126,0,0,0,1.0,1,1.0,1,1.0,1,0.17976345855657772,47
5028,1,6717,3591,3126,0,0,0,1.0,1,1.0,1,1.0,1,0.22197485290658775,47
5029,2,6719,3592,3127,0,0,0,1.0,1,1.0,1,1.0,1,0.16918272005607438,46
5030,1,6720,3593,3127,0,0,0,1.0,1,1.0,1,1.0,1,0.15593418680347904,48
5031,1,6721,3594,3127,0,0,0,1.0,1,1.0,1,1.0,1,0.16841396119378954,46
5032,0,6721,3594,3127,0,0,0,1.0,1,1.0,1,1.0,1,0.16841396119378954,46
5033,2,6723,3595,3128,0,0,0,1.0,1,1.0,1,1.0,1,0.17225389368203417,47
5034,0,6723,3595,3128,0,0,0,1.0,1,1.0,1,1.0,1,0.15572450885200756,48
5035,0,6723,3595,3128,0,0,0,1.0,1,1.0,1,1.0,1,0.1539702549119006,47
5036,0,6723,3595,3128,0,0,0,1.0,1,1.0,1,1.0,1,0.1539702549119006,47
5037,0,6723,3595,3128,0,0,0,1.0,1,1.0,1,1.0,1,0.16209941625027866,47
5038,0,6723,3595,3128,0,0,0,1.0,1,1.0,1,1.0,1,0.17225783200190833,48
5039,1,6724,3596,3128,0,0,0,1.0,1,1.0,1,1.0,1,0.2229441983642565,47
5040,0,6724,3596,3128,0,0,0,1.0,1,1.0,1,1.0,1,0.2155031069545424,48
5041,1,6725,3596,3129,0,0,0,1.0,1,1.0,1,1.0,1,0.1960885780825645,49
5042,0,6725,3596,3129,0,0,0,1.0,1,1.0,1,1.0,1,0.18428231906428208,50
5043,1,6726,3596,3130,0,0,0,1.0,1,1.0,1,1.0,1,0.14945494929839537,51
5044,0,6726,3596,3130,0,0,0,1.0,1,1.0,1,1.0,1,0.14945494929839537,51
5045,1,6727,3596,3131,0,0,0,1.0,1,1.0,1,1.0,1,0.13764222535165538,51
5046,1,6728,3597,3131,0,0,0,1.0,1,1.0,1,1.0,1,0.15799110525844698,52
5047,1,6729,3597,3132,0,0,0,1.0,1,1.0,1,1.0,1,0.13852290886959764,52
5048,1,6730,3597,3133,0,0,0,1.0,1,1.0,1,1.0,1,0.13036982348939863,52
5049,1,6731,3597,3134,0,0,0,1.0,1,1.0,1,1.0,1,0.14996585463229467,52
5050,1,6732,3597,3135,0,0,0,1.0,1,1.0,1,1.0,1,0.13319019754279918,55
5051,1,6733,3597,3136,0,0,0,1.0,1,1.0,1,1.0,1,0.14466956402678202,55
5052,0,6733,3597,3136,0,0,0,1.0,1,1.0,1,1.0,1,0.14466956402678202,55
5053,1,6734,3597,3137,0,0,0,1.0,1,1.0,1,1.0,1,0.14782005872708256,54
5054,2,6736,3598,3138,0,0,0,1.0,1,1.0,1,1.0,1,0.1413946166746446,54
5055,1,6737,3598,3139,0,0,0,1.0,1,1.0,1,1.0,1,0.13557189324899582,54
5056,2,6739,3598,3141,0,0,0,1.0,1,1.0,1,1.0,1,0.12287055253382055,55
5057,1,6740,3598,3142,0,0,0,1.0,1,1.0,1,1.0,1,0.12023441633158904,56
5058,4,6744,3600,3144,0,0,0,1.0,1,1.0,1,1.0,1,0.08314041246321989,58
5059,0,6744,3600,3144,0,0,0,1.0,1,1.0,1,1.0,1,0.08314041246321989,58
5060,4,6748,3603,3145,0,0,0,1.0,1,1.0,1,1.0,1,0.06671544953703605,59
5061,0,6748,3603,3145,0,0,0,1.0,1,1.0,1,1.0,1,0.07885826263019936,58
5062,3,6751,3604,3147,0,0,0,1.0,1,1.0,1,1.0,1,0.016255390051786934,58
5063,3,6754,3607,3147,0,0,0,1.0,1,1.0,1,1.0,1,0.07487633629118408,57
5064,2,6756,3608,3148,0,0,0,1.0,1,1.0,1,1.0,1,0.10428687550560575,57
5065,3,6759,3609,3150,0,0,0,1.0,1,1.0,1,1.0,1,0.10285529852089641,56
5066,2,6761,3611,3150,0,0,0,1.0,1,1.0,1,1.0,1,0.15756557415791944,55
5067,0,6761,3611,3150,0,0,0,1.0,1,1.0,1,1.0,1,0.14472257459621163,54
5068,2,6763,3612,3151,0,0,0,1.0,1,1.0,1,1.0,1,0.1621604114227689,54
5069,2,6765,3613,3152,0,0,0,1.0,1,1.0,1,1.0,1,0.1734266354349293,53
5070,2,6767,3614,3153,0,0,0,1.0,1,1.0,1,1.0,1,0.201080469282409,53
5071,1,6768,3615,3153,0,0,0,1.0,1,1.0,1,1.0,1,0.18355767875379225,53
5072,2,6770,3615,3155,0,0,0,1.0,1,1.0,1,1.0,1,0.14995810356808773,53
5073,2,6772,3615,3157,0,0,0,1.0,1,1.0,1,1.0,1,0.12290427990061226,53
5074,0,6772,3615,3157,0,0,0,1.0,1,1.0,1,1.0,1,0.09984029178495737,52
5075,0,6772,3615,3157,0,0,0,1.0,1,1.0,1,1.0,1,0.09984029178495737,52
5076,1,6773,3615,3158,0,0,0,1.0,1,1.0,1,1.0,1,0.059075559147608474,55
5077,2,6775,3617,3158,0,0,0,1.0,1,1.0,1,1.0,1,0.10983912537359522,55
5078,0,6775,3617,3158,0,0,0,1.0,1,1.0,1,1.0,1,0.10983912537359522,55
5079,0,6775,3617,3158,0,0,0,1.0,1,1.0,1,1.0,1,0.12394367145407434,54
5080,2,6777,3618,3159,0,0,0,1.0,1,1.0,1,1.0,1,0.1303028235287558,55
5081,0,6777,3618,3159,0,0,0,1.0,1,1.0,1,1.0,1,0.1413811084082251,57
5082,0,6777,3618,3159,0,0,0,1.0,1,1.0,1,1.0,1,0.1413811084082251,57
5083,2,6779,3618,3161,0,0,0,1.0,1,1.0,1,1.0,1,0.11696010794432186,58
5084,1,6780,3618,3162,0,0,0,1.0,1,1.0,1,1.0,1,0.10757519513421232,58
5085,0,6780,3618,3162,0,0,0,1.0,1,1.0,1,1.0,1,0.10229296517991703,59
5086,2,6782,3620,3162,0,0,0,1.0,1,1.0,1,1.0,1,0.09429452179630013,60
5087,1,6783,3621,3162,0,0,0,1.0,1,1.0,1,1.0,1,0.11086131641827167,61
5088,3,6786,3623,3163,0,0,0,1.0,1,1.0,1,1.0,1,0.1428758805742623,62
5089,5,6791,3626,3165,0,0,0,1.0,1,1.0,1,1.0,1,0.12102119466844405,63
5090,2,6793,3626,3167,0,0,0,1.0,1,1.0,1,1.0,1,0.0997460638399148,63
5091,3,6796,3629,3167,0,0,0,1.0,1,1.0,1,1.0,1,0.14487615764576195,63
5092,4,6800,3629,3171,0,0,0,1.0,1,1.0,1,1.0,1,0.10001210120302773,63
5093,1,6801,3629,3172,0,0,0,1.0,1,1.0,1,1.0,1,0.0929707758396894,63
5094,1,6802,3630,3172,0,0,0,1.0,1,1.0,1,1.0,1,0.0920575119044722,64
5095,3,6805,3630,3175,0,0,0,1.0,1,1.0,1,1.0,1,0.05394882627417498,64
5096,0,6805,3630,3175,0,0,0,1.0,1,1.0,1,1.0,1,0.049153072602575586,67
5097,1,6806,3631,3175,0,0,0,1.0,1,1.0,1,1.0,1,0.07050962693154166,67
5098,1,6807,3631,3176,0,0,0,1.0,1,1.0,1,1.0,1,0.060408836810053115,68
5099,2,6809,3632,3177,0,0,0,1.0,1,1.0,1,1.0,1,0.06786824254373326,70
5100,0,6809,3632,3177,0,0,0,1.0,1,1.0,1,1.0,1,0.05445309670055814,71
5101,2,6811,3633,3178,0,0,0,1.0,1,1.0,1,1.0,1,0.056985010537571205,71
5102,1,6812,3634,3178,0,0,0,1.0,1,1.0,1,1.0,1,0.06641898035020342,70
5103,1,6813,3635,3178,0,0,0,1.0,1,1.0,1,1.0,1,0.07366636826920356,67
5104,3,6816,3637,3179,0,0,0,1.0,1,1.0,1,1.0,1,0.0726393821789036,67
5105,3,6819,3640,3179,0,0,0,1.0,1,1.0,1,1.0,1,0.09340478312652178,63
5106,1,6820,3641,3179,0,0,0,1.0,1,1.0,1,1.0,1,0.1318069355067482,63
5107,4,6824,3644,3180,0,0,0,1.0,1,1.0,1,1.0,1,0.15853596482252852,60
5108,2,6826,3646,3180,0,0,0,1.0,1,1.0,1,1.0,1,0.1974303538397478,56
5109,2,6828,3647,3181,0,0,0,1.0,1,1.0,1,1.0,1,0.19465459676013253,56
5110,4,6832,3649,3183,0,0,0,1.0,1,1.0,1,1.0,1,0.19003444941801736,52
5111,4,6836,3653,3183,0,0,0,1.0,1,1.0,1,1.0,1,0.2166369364509496,51
5112,2,6838,3654,3184,0,0,0,1.0,1,1.0,1,1.0,1,0.22627153482923854,50
5113,6,6844,3656,3188,0,0,0,1.0,1,1.0,1,1.0,1,0.19903962237552392,48
5114,3,6847,3657,3190,0,0,0,1.0,1,1.0,1,1.0,1,0.14905744791307687,46
5115,0,6847,3657,3190,0,0,0,1.0,1,1.0,1,1.0,1,0.12520890775160712,44
5116,1,6848,3657,3191,0,0,0,1.0,1,1.0,1,1.0,1,0.11538781106199296,44
5117,2,6850,3657,3193,0,0,0,1.0,1,1.0,1,1.0,1,0.08953506627522603,46
5118,0,6850,3657,3193,0,0,0,1.0,1,1.0,1,1.0,1,0.08953506627522603,46
5119,2,6852,3658,3194,0,0,0,1.0,1,1.0,1,1.0,1,0.1036523375102232,46
5120,1,6853,3659,3194,0,0,0,1.0,1,1.0,1,1.0,1,0.13557671695678908,46
5121,2,6855,3660,3195,0,0,0,1.0,1,1.0,1,1.0,1,0.1697229532042272,46
5122,2,6857,3661,3196,0,0,0,1.0,1,1.0,1,1.0,1,0.18392930505355973,46
5123,3,6860,3663,3197,0,0,0,1.0,1,1.0,1,1.0,1,0.1670426933291473,45
5124,2,6862,3664,3198,0,0,0,1.0,1,1.0,1,1.0,1,0.17917471195230872,47
5125,4,6866,3665,3201,0,0,0,1.0,1,1.0,1,1.0,1,0.147961334011481,50
5126,3,6869,3665,3204,0,0,0,1.0,1,1.0,1,1.0,1,0.10765515649069396,50
5127,0,6869,3665,3204,0,0,0,1.0,1,1.0,1,1.0,1,0.11315199417614538,52
5128,2,6871,3665,3206,0,0,0,1.0,1,1.0,1,1.0,1,0.09703120481829403,53
5129,0,6871,3665,3206,0,0,0,1.0,1,1.0,1,1.0,1,0.10009804141145791,55
5130,0,6871,3665,3206,0,0,0,1.0,1,1.0,1,1.0,1,0.10009804141145791,55
5131,1,6872,3665,3207,0,0,0,1.0,1,1.0,1,1.0,1,0.10904347752859851,54
5132,0,6872,3665,3207,0,0,0,1.0,1,1.0,1,1.0,1,0.11732351900905325,54
5133,0,6872,3665,3207,0,0,0,1.0,1,1.0,1,1.0,1,0.11732351900905325,54
5134,1,6873,3665,3208,0,0,0,1.0,1,1.0,1,1.0,1,0.12124583242248681,53
5135,1,6874,3665,3209,0,0,0,1.0,1,1.0,1,1.0,1,0.12373408239671023,54
5136,0,6874,3665,3209,0,0,0,1.0,1,1.0,1,1.0,1,0.15861376393622245,54
5137,2,6876,3666,3210,0,0,0,1.0,1,1.0,1,1.0,1,0.13667664088143194,54
5138,2,6878,3667,3211,0,0,0,1.0,1,1.0,1,1.0,1,0.16510483528979494,54
5139,1,6879,3668,3211,0,0,0,1.0,1,1.0,1,1.0,1,0.14727287808150266,55
5140,5,6884,3671,3213,0,0,0,1.0,1,1.0,1,1.0,1,0.13419222174249457,55
5141,2,6886,3672,3214,0,0,0,1.0,1,1.0,1,1.0,1,0.12630017798237408,53
5142,0,6886,3672,3214,0,0,0,1.0,1,1.0,1,1.0,1,0.11093240793040522,54
5143,3,6889,3674,3215,0,0,0,1.0,1,1.0,1,1.0,1,0.1460366401995728,52
5144,0,6889,3674,3215,0,0,0,1.0,1,1.0,1,1.0,1,0.11899929163579816,50
5145,0,6889,3674,3215,0,0,0,1.0,1,1.0,1,1.0,1,0.12996847789886015,49
5146,1,6890,3674,3216,0,0,0,1.0,1,1.0,1,1.0,1,0.1224083897666263,49
5147,0,6890,3674,3216,0,0,0,1.0,1,1.0,1,1.0,1,0.12774080691077833,46
5148,1,6891,3675,3216,0,0,0,1.0,1,1.0,1,1.0,1,0.08393223466205996,46
5149,0,6891,3675,3216,0,0,0,1.0,1,1.0,1,1.0,1,0.10035423816992523,45
5150,4,6895,3677,3218,0,0,0,1.0,1,1.0,1,1.0,1,0.10380067254357783,47
5151,1,6896,3678,3218,0,0,0,1.0,1,1.0,1,1.0,1,0.15082381404632667,46
5152,4,6900,3680,3220,0,0,0,1.0,1,1.0,1,1.0,1,0.17018412376838005,46
5153,0,6900,3680,3220,0,0,0,1.0,1,1.0,1,1.0,1,0.17967825433877208,45
5154,2,6902,3681,3221,0,0,0,1.0,1,1.0,1,1.0,1,0.19836715786702272,47
5155,4,6906,3682,3224,0,0,0,1.0,1,1.0,1,1.0,1,0.20580182760137786,47
5156,1,6907,3682,3225,0,0,0,1.0,1,1.0,1,1.0,1,0.17927839757966005,47
5157,0,6907,3682,3225,0,0,0,1.0,1,1.0,1,1.0,1,0.19065696940878138,46
5158,3,6910,3682,3228,0,0,0,1.0,1,1.0,1,1.0,1,0.156213912510767,47
5159,1,6911,3682,3229,0,0,0,1.0,1,1.0,1,1.0,1,0.16137632916248001,49
5160,0,6911,3682,3229,0,0,0,1.0,1,1.0,1,1.0,1,0.16918051493964004,48
5161,1,6912,3682,3230,0,0,0,1.0,1,1.0,1,1.0,1,0.15486319218665348,48
5162,1,6913,3682,3231,0,0,0,1.0,1,1.0,1,1.0,1,0.13546148149952178,49
5163,2,6915,3682,3233,0,0,0,1.0,1,1.0,1,1.0,1,0.1243780810315303,51
5164,1,6916,3682,3234,0,0,0,1.0,1,1.0,1,1.0,1,0.11727059499481353,51
5165,0,6916,3682,3234,0,0,0,1.0,1,1.0,1,1.0,1,0.13361816323528775,52
5166,2,6918,3684,3234,0,0,0,1.0,1,1.0,1,1.0,1,0.13601272123031624,52
5167,3,6921,3685,3236,0,0,0,1.0,1,1.0,1,1.0,1,0.10907109573188935,52
5168,1,6922,3685,3237,0,0,0,1.0,1,1.0,1,1.0,1,0.09234858324763744,52
5169,1,6923,3686,3237,0,0,0,1.0,1,1.0,1,1.0,1,0.09430029484464393,53
5170,2,6925,3686,3239,0,0,0,1.0,1,1.0,1,1.0,1,0.07308587699521424,53
5171,0,6925,3686,3239,0,0,0,1.0,1,1.0,1,1.0,1,0.06917605160944354,52
5172,1,6926,3687,3239,0,0,0,1.0,1,1.0,1,1.0,1,0.06376152590805034,53
5173,2,6928,3687,3241,0,0,0,1.0,1,1.0,1,1.0,1,0.06434157808309723,54
5174,0,6928,3687,3241,0,0,0,1.0,1,1.0,1,1.0,1,0.06925360019127805,56
5175,3,6931,3688,3243,0,0,0,1.0,1,1.0,1,1.0,1,0.04640826200619641,58
5176,1,6932,3689,3243,0,0,0,1.0,1,1.0,1,1.0,1,0.07299679844208357,58
5177,1,6933,3689,3244,0,0,0,1.0,1,1.0,1,1.0,1,0.0809709638010936,59
5178,3,6936,3691,3245,0,0,0,1.0,1,1.0,1,1.0,1,0.0825954900491836,57
5179,1,6937,3691,3246,0,0,0,1.0,1,1.0,1,1.0,1,0.08571232504813027,58
5180,0,6937,3691,3246,0,0,0,1.0,1,1.0,1,1.0,1,0.0639607949916646,56
5181,2,6939,3693,3246,0,0,0,1.0,1,1.0,1,1.0,1,0.09951646201385994,57
5182,0,6939,3693,3246,0,0,0,1.0,1,1.0,1,1.0,1,0.09096697027928048,56
5183,3,6942,3695,3247,0,0,0,1.0,1,1.0,1,1.0,1,0.13888044323267773,57
5184,0,6942,3695,3247,0,0,0,1.0,1,1.0,1,1.0,1,0.14385828696218567,56
5185,2,6944,3695,3249,0,0,0,1.0,1,1.0,1,1.0,1,0.14340001002203576,56
5186,2,6946,3696,3250,0,0,0,1.0,1,1.0,1,1.0,1,0.14221786535909944,54
5187,0,6946,3696,3250,0,0,0,1.0,1,1.0,1,1.0,1,0.13401214257904048,51
5188,1,6947,3696,3251,0,0,0,1.0,1,1.0,1,1.0,1,0.10744532546419475,50
5189,0,6947,3696,3251,0,0,0,1.0,1,1.0,1,1.0,1,0.12875286940184333,49
5190,1,6948,3697,3251,0,0,0,1.0,1,1.0,1,1.0,1,0.12327406560973338,50
5191,1,6949,3697,3252,0,0,0,1.0,1,1.0,1,1.0,1,0.11302497500047405,50
5192,2,6951,3699,3252,0,0,0,1.0,1,1.0,1,1.0,1,0.1097505814216884,49
5193,0,6951,3699,3252,0,0,0,1.0,1,1.0,1,1.0,1,0.12588377304546894,50
5194,4,6955,3700,3255,0,0,0,1.0,1,1.0,1,1.0,1,0.11910038573506189,51
5195,2,6957,3701,3256,0,0,0,1.0,1,1.0,1,1.0,1,0.12045649390066344,51
5196,0,6957,3701,3256,0,0,0,1.0,1,1.0,1,1.0,1,0.12045649390066344,51
5197,0,6957,3701,3256,0,0,0,1.0,1,1.0,1,1.0,1,0.12045649390066344,51
5198,0,6957,3701,3256,0,0,0,1.0,1,1.0,1,1.0,1,0.12045649390066344,51
5199,0,6957,3701,3256,0,0,0,1.0,1,1.0,1,1.0,1,0.10149794718570565,54
5200,1,6958,3702,3256,0,0,0,1.0,1,1.0,1,1.0,1,0.10051417716708026,54
5201,3,6961,3704,3257,0,0,0,1.0,1,1.0,1,1.0,1,0.12272737825214622,55
5202,0,6961,3704,3257,0,0,0,1.0,1,1.0,1,1.0,1,0.1206719720836328,56
5203,0,6961,3704,3257,0,0,0,1.0,1,1.0,1,1.0,1,0.1206719720836328,56
5204,1,6962,3705,3257,0,0,0,1.0,1,1.0,1,1.0,1,0.11925886658160086,58
5205,1,6963,3705,3258,0,0,0,1.0,1,1.0,1,1.0,1,0.10513416318673845,58
5206,3,6966,3706,3260,0,0,0,1.0,1,1.0,1,1.0,1,0.08981694181004768,58
5207,0,6966,3706,3260,0,0,0,1.0,1,1.0,1,1.0,1,0.09836660056834719,59
5208,1,6967,3707,3260,0,0,0,1.0,1,1.0,1,1.0,1,0.10552632929972598,58
5209,1,6968,3707,3261,0,0,0,1.0,1,1.0,1,1.0,1,0.09207744618406649,58
5210,1,6969,3707,3262,0,0,0,1.0,1,1.0,1,1.0,1,0.0774532961835046,57
5211,0,6969,3707,3262,0,0,0,1.0,1,1.0,1,1.0,1,0.0774532961835046,57
5212,2,6971,3707,3264,0,0,0,1.0,1,1.0,1,1.0,1,0.07150657627479111,59
5213,3,6974,3709,3265,0,0,0,1.0,1,1.0,1,1.0,1,0.11475456759615697,59
5214,4,6978,3710,3268,0,0,0,1.0,1,1.0,1,1.0,1,0.14356137336744976,59
5215,5,6983,3711,3272,0,0,0,1.0,1,1.0,1,1.0,1,0.14516067458676638,58
5216,1,6984,3712,3272,0,0,0,1.0,1,1.0,1,1.0,1,0.14669755021379446,59
5217,1,6985,3713,3272,0,0,0,1.0,1,1.0,1,1.0,1,0.14087372447533306,58
5218,3,6988,3715,3273,0,0,0,1.0,1,1.0,1,1.0,1,0.15680513526126402,58
5219,3,6991,3716,3275,0,0,0,1.0,1,1.0,1,1.0,1,0.1417680093460295,57
5220,0,6991,3716,3275,0,0,0,1.0,1,1.0,1,1.0,1,0.12298953052005406,56
5221,1,6992,3716,3276,0,0,0,1.0,1,1.0,1,1.0,1,0.12706850739077996,58
5222,0,6992,3716,3276,0,0,0,1.0,1,1.0,1,1.0,1,0.11137433076466072,56
5223,3,6995,3718,3277,0,0,0,1.0,1,1.0,1,1.0,1,0.1567294530131054,55
5224,0,6995,3718,3277,0,0,0,1.0,1,1.0,1,1.0,1,0.16273653273087368,56
5225,2,6997,3719,3278,0,0,0,1.0,1,1.0,1,1.0,1,0.19548622482139133,55
5226,0,6997,3719,3278,0,0,0,1.0,1,1.0,1,1.0,1,0.19548622482139133,55
5227,1,6998,3719,3279,0,0,0,1.0,1,1.0,1,1.0,1,0.1791039985962098,53
5228,1,6999,3719,3280,0,0,0,1.0,1,1.0,1,1.0,1,0.16477180665789526,51
5229,0,6999,3719,3280,0,0,0,1.0,1,1.0,1,1.0,1,0.14342536503837688,51
5230,0,6999,3719,3280,0,0,0,1.0,1,1.0,1,1.0,1,0.1450186726040135,51
5231,1,7000,3720,3280,0,0,0,1.0,1,1.0,1,1.0,1,0.17447855308650953,52
5232,1,7001,3721,3280,0,0,0,1.0,1,1.0,1,1.0,1,0.21680952867615005,52
5233,2,7003,3722,3281,0,0,0,1.0,1,1.0,1,1.0,1,0.2082871664269362,53
5234,3,7006,3723,3283,0,0,0,1.0,1,1.0,1,1.0,1,0.21612078633106638,53
5235,1,7007,3724,3283,0,0,0,1.0,1,1.0,1,1.0,1,0.20890434866749805,53
5236,4,7011,3724,3287,0,0,0,1.0,1,1.0,1,1.0,1,0.1846640821228395,52
5237,1,7012,3724,3288,0,0,0,1.0,1,1.0,1,1.0,1,0.1967243418931376,52
5238,1,7013,3724,3289,0,0,0,1.0,1,1.0,1,1.0,1,0.1867873574100704,52
5239,1,7014,3724,3290,0,0,0,1.0,1,1.0,1,1.0,1,0.18972745504401908,51
5240,2,7016,3724,3292,0,0,0,1.0,1,1.0,1,1.0,1,0.17625987828498535,53
5241,1,7017,3724,3293,0,0,0,1.0,1,1.0,1,1.0,1,0.18076872444836592,53
5242,2,7019,3725,3294,0,0,0,1.0,1,1.0,1,1.0,1,0.16963744081757412,51
5243,3,7022,3726,3296,0,0,0,1.0,1,1.0,1,1.0,1,0.17681906314866092,51
5244,1,7023,3727,3296,0,0,0,1.0,1,1.0,1,1.0,1,0.1787198896716495,52
5245,5,7028,3729,3299,0,0,0,1.0,1,1.0,1,1.0,1,0.1480332301324236,53
5246,0,7028,3729,3299,0,0,0,1.0,1,1.0,1,1.0,1,0.1480332301324236,53
5247,2,7030,3730,3300,0,0,0,1.0,1,1.0,1,1.0,1,0.1311625745966978,54
5248,1,7031,3730,3301,0,0,0,1.0,1,1.0,1,1.0,1,0.11500268636565279,54
5249,0,7031,3730,3301,0,0,0,1.0,1,1.0,1,1.0,1,0.09805896522478233,55
5250,2,7033,3730,3303,0,0,0,1.0,1,1.0,1,1.0,1,0.09890304789222218,57
5251,1,7034,3730,3304,0,0,0,1.0,1,1.0,1,1.0,1,0.07435216994341393,58
5252,2,7036,3732,3304,0,0,0,1.0,1,1.0,1,1.0,1,0.09930574975671896,58
5253,3,7039,3734,3305,0,0,0,1.0,1,1.0,1,1.0,1,0.12981067149333678,58
5254,1,7040,3735,3305,0,0,0,1.0,1,1.0,1,1.0,1,0.1548331421024068,59
5255,3,7043,3737,3306,0,0,0,1.0,1,1.0,1,1.0,1,0.1586966164435422,58
5256,0,7043,3737,3306,0,0,0,1.0,1,1.0,1,1.0,1,0.16527728434643446,58
5257,1,7044,3738,3306,0,0,0,1.0,1,1.0,1,1.0,1,0.18223007468133073,57
5258,1,7045,3738,3307,0,0,0,1.0,1,1.0,1,1.0,1,0.1490714701038466,55
5259,0,7045,3738,3307,0,0,0,1.0,1,1.0,1,1.0,1,0.14425344636132495,56
5260,1,7046,3738,3308,0,0,0,1.0,1,1.0,1,1.0,1,0.12437477070462187,55
5261,0,7046,3738,3308,0,0,0,1.0,1,1.0,1,1.0,1,0.11945045284954417,54
5262,1,7047,3739,3308,0,0,0,1.0,1,1.0,1,1.0,1,0.14277187563327207,54
5263,0,7047,3739,3308,0,0,0,1.0,1,1.0,1,1.0,1,0.15685862853582636,55
5264,2,7049,3740,3309,0,0,0,1.0,1,1.0,1,1.0,1,0.14905715571314732,53
5265,1,7050,3741,3309,0,0,0,1.0,1,1.0,1,1.0,1,0.1580886281126366,52
5266,2,7052,3741,3311,0,0,0,1.0,1,1.0,1,1.0,1,0.13885171221520679,49
5267,4,7056,3742,3314,0,0,0,1.0,1,1.0,1,1.0,1,0.13115440985358906,49
5268,1,7057,3743,3314,0,0,0,1.0,1,1.0,1,1.0,1,0.1617004110080456,46
5269,4,7061,3744,3317,0,0,0,1.0,1,1.0,1,1.0,1,0.12160882862168727,45
5270,3,7064,3745,3319,0,0,0,1.0,1,1.0,1,1.0,1,0.09049725676264302,46
5271,2,7066,3747,3319,0,0,0,1.0,1,1.0,1,1.0,1,0.14890748031671688,46
5272,4,7070,3747,3323,0,0,0,1.0,1,1.0,1,1.0,1,0.08070915342360206,45
5273,0,7070,3747,3323,0,0,0,1.0,1,1.0,1,1.0,1,0.099312228660261,45
5274,0,7070,3747,3323,0,0,0,1.0,1,1.0,1,1.0,1,0.09859707666977101,45
5275,5,7075,3750,3325,0,0,0,1.0,1,1.0,1,1.0,1,0.1257763428637009,46
5276,4,7079,3753,3326,0,0,0,1.0,1,1.0,1,1.0,1,0.15745376377910086,45
5277,0,7079,3753,3326,0,0,0,1.0,1,1.0,1,1.0,1,0.15883502003747343,45
5278,4,7083,3755,3328,0,0,0,1.0,1,1.0,1,1.0,1,0.17246963617381167,44
5279,1,7084,3756,3328,0,0,0,1.0,1,1.0,1,1.0,1,0.20152140554540637,45
5280,1,7085,3757,3328,0,0,0,1.0,1,1.0,1,1.0,1,0.19939633461723222,46
5281,1,7086,3757,3329,0,0,0,1.0,1,1.0,1,1.0,1,0.18273277220416903,46
5282,2,7088,3758,3330,0,0,0,1.0,1,1.0,1,1.0,1,0.1975480014953933,47
5283,0,7088,3758,3330,0,0,0,1.0,1,1.0,1,1.0,1,0.20934686008095788,48
5284,1,7089,3758,3331,0,0,0,1.0,1,1.0,1,1.0,1,0.19903918608986698,48
5285,0,7089,3758,3331,0,0,0,1.0,1,1.0,1,1.0,1,0.1762062073581814,48
5286,1,7090,3758,3332,0,0,0,1.0,1,1.0,1,1.0,1,0.17186590462108997,50
5287,2,7092,3758,3334,0,0,0,1.0,1,1.0,1,1.0,1,0.1529813639169159,50
5288,0,7092,3758,3334,0,0,0,1.0,1,1.0,1,1.0,1,0.1457079852817558,51
5289,0,7092,3758,3334,0,0,0,1.0,1,1.0,1,1.0,1,0.1457079852817558,51
5290,1,7093,3758,3335,0,0,0,1.0,1,1.0,1,1.0,1,0.13163704122599187,52
5291,2,7095,3760,3335,0,0,0,1.0,1,1.0,1,1.0,1,0.14458687287467994,52
5292,1,7096,3760,3336,0,0,0,1.0,1,1.0,1,1.0,1,0.1406715957153159,53
5293,1,7097,3761,3336,0,0,0,1.0,1,1.0,1,1.0,1,0.1611191493169958,51
5294,0,7097,3761,3336,0,0,0,1.0,1,1.0,1,1.0,1,0.14780636331162084,50
5295,0,7097,3761,3336,0,0,0,1.0,1,1.0,1,1.0,1,0.17209570130919982,49
5296,0,7097,3761,3336,0,0,0,1.0,1,1.0,1,1.0,1,0.1709687820743816,48
5297,0,7097,3761,3336,0,0,0,1.0,1,1.0,1,1.0,1,0.1951708991799946,46
5298,0,7097,3761,3336,0,0,0,1.0,1,1.0,1,1.0,1,0.195904883564313,46
5299,1,7098,3762,3336,0,0,0,1.0,1,1.0,1,1.0,1,0.220834113175591,47
5300,0,7098,3762,3336,0,0,0,1.0,1,1.0,1,1.0,1,0.1984644154327774,48
5301,0,7098,3762,3336,0,0,0,1.0,1,1.0,1,1.0,1,0.1984644154327774,48
5302,1,7099,3763,3336,0,0,0,1.0,1,1.0,1,1.0,1,0.22211518326257346,49
5303,0,7099,3763,3336,0,0,0,1.0,1,1.0,1,1.0,1,0.22137083905823052,48
5304,1,7100,3764,3336,0,0,0,1.0,1,1.0,1,1.0,1,0.20294403336970485,48
5305,0,7100,3764,3336,0,0,0,1.0,1,1.0,1,1.0,1,0.21035302016425977,47
5306,2,7102,3766,3336,0,0,0,1.0,1,1.0,1,1.0,1,0.21265121357857553,48
5307,1,7103,3767,3336,0,0,0,1.0,1,1.0,1,1.0,1,0.22570067732895283,48
5308,1,7104,3767,3337,0,0,0,1.0,1,1.0,1,1.0,1,0.20540886358907012,47
5309,1,7105,3767,3338,0,0,0,1.0,1,1.0,1,1.0,1,0.2063500786065111,46
5310,1,7106,3767,3339,0,0,0,1.0,1,1.0,1,1.0,1,0.19724058312363008,46
5311,2,7108,3768,3340,0,0,0,1.0,1,1.0,1,1.0,1,0.15535567864456024,46
5312,0,7108,3768,3340,0,0,0,1.0,1,1.0,1,1.0,1,0.17927746031714983,46
5313,2,7110,3768,3342,0,0,0,1.0,1,1.0,1,1.0,1,0.17303096952807137,46
5314,2,7112,3768,3344,0,0,0,1.0,1,1.0,1,1.0,1,0.15450256989631264,46
5315,1,7113,3768,3345,0,0,0,1.0,1,1.0,1,1.0,1,0.13765076605973953,47
5316,3,7116,3768,3348,0,0,0,1.0,1,1.0,1,1.0,1,0.1291353971940754,48
5317,2,7118,3768,3350,0,0,0,1.0,1,1.0,1,1.0,1,0.10233213777073348,49
5318,3,7121,3771,3350,0,0,0,1.0,1,1.0,1,1.0,1,0.09634484860179722,49
5319,2,7123,3772,3351,0,0,0,1.0,1,1.0,1,1.0,1,0.08714328399935936,50
5320,2,7125,3773,3352,0,0,0,1.0,1,1.0,1,1.0,1,0.09043353300262118,51
5321,0,7125,3773,3352,0,0,0,1.0,1,1.0,1,1.0,1,0.07164807338866172,52
5322,0,7125,3773,3352,0,0,0,1.0,1,1.0,1,1.0,1,0.08488469803503845,53
5323,1,7126,3773,3353,0,0,0,1.0,1,1.0,1,1.0,1,0.053692006332742216,53
5324,1,7127,3773,3354,0,0,0,1.0,1,1.0,1,1.0,1,0.035716277680581214,55
5325,1,7128,3774,3354,0,0,0,1.0,1,1.0,1,1.0,1,0.04798537010781222,55
5326,3,7131,3776,3355,0,0,0,1.0,1,1.0,1,1.0,1,0.023766021272535968,55
5327,2,7133,3777,3356,0,0,0,1.0,1,1.0,1,1.0,1,0.025723273623265517,56
5328,1,7134,3778,3356,0,0,0,1.0,1,1.0,1,1.0,1,0.04559207871140007,57
5329,1,7135,3779,3356,0,0,0,1.0,1,1.0,1,1.0,1,0.06842160254981783,57
5330,2,7137,3780,3357,0,0,0,1.0,1,1.0,1,1.0,1,0.07093293128336281,56
5331,1,7138,3781,3357,0,0,0,1.0,1,1.0,1,1.0,1,0.07637126171490126,57
5332,1,7139,3781,3358,0,0,0,1.0,1,1.0,1,1.0,1,0.05967805557143585,58
5333,2,7141,3782,3359,0,0,0,1.0,1,1.0,1,1.0,1,0.05871274642528198,59
5334,1,7142,3783,3359,0,0,0,1.0,1,1.0,1,1.0,1,0.0720933077871341,59
5335,0,7142,3783,3359,0,0,0,1.0,1,1.0,1,1.0,1,0.061349767079629414,58
5336,2,7144,3784,3360,0,0,0,1.0,1,1.0,1,1.0,1,0.05683869234973199,59
5337,0,7144,3784,3360,0,0,0,1.0,1,1.0,1,1.0,1,0.051941166792726964,60
5338,2,7146,3786,3360,0,0,0,1.0,1,1.0,1,1.0,1,0.07248723733377785,60
5339,0,7146,3786,3360,0,0,0,1.0,1,1.0,1,1.0,1,0.07248723733377785,60
5340,3,7149,3789,3360,0,0,0,1.0,1,1.0,1,1.0,1,0.11864992116610694,60
5341,4,7153,3790,3363,0,0,0,1.0,1,1.0,1,1.0,1,0.11227976726457722,61
5342,2,7155,3791,3364,0,0,0,1.0,1,1.0,1,1.0,1,0.07981801010398264,59
5343,1,7156,3792,3364,0,0,0,1.0,1,1.0,1,1.0,1,0.11319087443855652,58
5344,1,7157,3792,3365,0,0,0,1.0,1,1.0,1,1.0,1,0.0991222309984352,58
5345,2,7159,3794,3365,0,0,0,1.0,1,1.0,1,1.0,1,0.09796873949731129,54
5346,0,7159,3794,3365,0,0,0,1.0,1,1.0,1,1.0,1,0.09796873949731129,54
5347,4,7163,3798,3365,0,0,0,1.0,1,1.0,1,1.0,1,0.10379288797186341,54
5348,2,7165,3798,3367,0,0,0,1.0,1,1.0,1,1.0,1,0.09865972903842445,55
5349,1,7166,3799,3367,0,0,0,1.0,1,1.0,1,1.0,1,0.13046547834116115,56
5350,3,7169,3800,3369,0,0,0,1.0,1,1.0,1,1.0,1,0.12275979923253197,56
5351,1,7170,3800,3370,0,0,0,1.0,1,1.0,1,1.0,1,0.09325664621356251,57
5352,1,7171,3801,3370,0,0,0,1.0,1,1.0,1,1.0,1,0.11710272332845587,57
5353,3,7174,3802,3372,0,0,0,1.0,1,1.0,1,1.0,1,0.08516956614020357,57
5354,0,7174,3802,3372,0,0,0,1.0,1,1.0,1,1.0,1,0.0920890741792485,56
5355,0,7174,3802,3372,0,0,0,1.0,1,1.0,1,1.0,1,0.08524262144567098,57
5356,0,7174,3802,3372,0,0,0,1.0,1,1.0,1,1.0,1,0.09764263784263308,56
5357,1,7175,3802,3373,0,0,0,1.0,1,1.0,1,1.0,1,0.1104086792194683,56
5358,1,7176,3802,3374,0,0,0,1.0,1,1.0,1,1.0,1,0.08399210310795967,57
5359,1,7177,3803,3374,0,0,0,1.0,1,1.0,1,1.0,1,0.09584226606137114,57
5360,0,7177,3803,3374,0,0,0,1.0,1,1.0,1,1.0,1,0.11793118505265333,55
5361,4,7181,3806,3375,0,0,0,1.0,1,1.0,1,1.0,1,0.1576833543967751,56
5362,1,7182,3806,3376,0,0,0,1.0,1,1.0,1,1.0,1,0.12294910099134009,57
5363,1,7183,3807,3376,0,0,0,1.0,1,1.0,1,1.0,1,0.14429435223761786,57
5364,0,7183,3807,3376,0,0,0,1.0,1,1.0,1,1.0,1,0.1537309133395822,58
5365,0,7183,3807,3376,0,0,0,1.0,1,1.0,1,1.0,1,0.13770363077768094,59
5366,2,7185,3808,3377,0,0,0,1.0,1,1.0,1,1.0,1,0.14563661273277573,60
5367,1,7186,3809,3377,0,0,0,1.0,1,1.0,1,1.0,1,0.16788858221558922,60
5368,0,7186,3809,3377,0,0,0,1.0,1,1.0,1,1.0,1,0.1618477117783179,58
5369,2,7188,3811,3377,0,0,0,1.0,1,1.0,1,1.0,1,0.1705650689900877,58
5370,0,7188,3811,3377,0,0,0,1.0,1,1.0,1,1.0,1,0.16490914302863985,57
5371,3,7191,3814,3377,0,0,0,1.0,1,1.0,1,1.0,1,0.2225607727444991,56
5372,1,7192,3815,3377,0,0,0,1.0,1,1.0,1,1.0,1,0.1957112250597198,55
5373,6,7198,3819,3379,0,0,0,1.0,1,1.0,1,1.0,1,0.22116797897306442,54
5374,1,7199,3820,3379,0,0,0,1.0,1,1.0,1,1.0,1,0.21079678387654394,53
5375,4,7203,3822,3381,0,0,0,1.0,1,1.0,1,1.0,1,0.18423010244229,52
5376,2,7205,3824,3381,0,0,0,1.0,1,1.0,1,1.0,1,0.20630399204487576,52
5377,4,7209,3825,3384,0,0,0,1.0,1,1.0,1,1.0,1,0.15388704631947203,51
5378,3,7212,3827,3385,0,0,0,1.0,1,1.0,1,1.0,1,0.20817392914827854,52
5379,0,7212,3827,3385,0,0,0,1.0,1,1.0,1,1.0,1,0.18846017587678815,50
5380,2,7214,3828,3386,0,0,0,1.0,1,1.0,1,1.0,1,0.2125742967280578,51
5381,2,7216,3829,3387,0,0,0,1.0,1,1.0,1,1.0,1,0.19781203483852614,50
5382,0,7216,3829,3387,0,0,0,1.0,1,1.0,1,1.0,1,0.21565591190657526,48
5383,2,7218,3829,3389,0,0,0,1.0,1,1.0,1,1.0,1,0.19469364628271318,48
5384,2,7220,3829,3391,0,0,0,1.0,1,1.0,1,1.0,1,0.16523787909341658,48
5385,0,7220,3829,3391,0,0,0,1.0,1,1.0,1,1.0,1,0.172995605663811,47
5386,5,7225,3832,3393,0,0,0,1.0,1,1.0,1,1.0,1,0.17511112623483463,48
5387,2,7227,3833,3394,0,0,0,1.0,1,1.0,1,1.0,1,0.17177271671145608,48
5388,0,7227,3833,3394,0,0,0,1.0,1,1.0,1,1.0,1,0.17177271671145608,48
5389,3,7230,3834,3396,0,0,0,1.0,1,1.0,1,1.0,1,0.1156824777631277,50
5390,2,7232,3835,3397,0,0,0,1.0,1,1.0,1,1.0,1,0.10923526706341669,52
5391,0,7232,3835,3397,0,0,0,1.0,1,1.0,1,1.0,1,0.10923526706341669,52
5392,1,7233,3835,3398,0,0,0,1.0,1,1.0,1,1.0,1,0.11630688924091238,51
5393,1,7234,3836,3398,0,0,0,1.0,1,1.0,1,1.0,1,0.12684607313849647,50
5394,1,7235,3836,3399,0,0,0,1.0,1,1.0,1,1.0,1,0.11184408365320503,50
5395,1,7236,3837,3399,0,0,0,1.0,1,1.0,1,1.0,1,0.13615085551421055,49
5396,2,7238,3837,3401,0,0,0,1.0,1,1.0,1,1.0,1,0.11043816541138628,48
5397,2,7240,3838,3402,0,0,0,1.0,1,1.0,1,1.0,1,0.08914714522811897,48
5398,3,7243,3839,3404,0,0,0,1.0,1,1.0,1,1.0,1,0.1080734121881605,46
5399,3,7246,3842,3404,0,0,0,1.0,1,1.0,1,1.0,1,0.11096339479171985,46
5400,2,7248,3844,3404,0,0,0,1.0,1,1.0,1,1.0,1,0.12833461993700693,48
5401,2,7250,3844,3406,0,0,0,1.0,1,1.0,1,1.0,1,0.0667130984848645,49
5402,0,7250,3844,3406,0,0,0,1.0,1,1.0,1,1.0,1,0.0,0
