,SuccessfulHandoverCount,TotalSuccessfulHandoverCount,TotalSuccessfulHandoverCountRange,TotalSuccessfulHandoverCountLoadBalancing,TotalSuccessfulHandoverCountOverload,FailedHandoverCount,TotalFailedHandoverCount,AvgQoS,MinQoS,AvgQoS_LoadBased,MinQoS_LoadBased,AvgQoS_RangeBased,MinQoS_RangeBased,GiniLoad,VehicleCount
0,0,0,0,0,0,0,0,1.0,1,1.0,1,1.0,1,0.0,0
1,16,16,0,16,0,0,0,1.0,1,1.0,1,1.0,1,0.2981687554246577,30
2,13,29,0,29,0,0,0,1.0,1,1.0,1,1.0,1,0.31202009050008755,32
3,12,41,0,41,0,0,0,1.0,1,1.0,1,1.0,1,0.29758167576404887,33
4,14,55,0,55,0,0,0,1.0,1,1.0,1,1.0,1,0.24429859528530384,34
5,14,69,0,69,0,0,0,1.0,1,1.0,1,1.0,1,0.23627451426125218,36
6,14,83,0,83,0,0,0,1.0,1,1.0,1,1.0,1,0.18702334984215796,38
7,14,97,0,97,0,0,0,1.0,1,1.0,1,1.0,1,0.2206237628079196,40
8,18,115,0,115,0,0,0,1.0,1,1.0,1,1.0,1,0.21212141986447103,40
9,10,125,0,125,0,0,0,1.0,1,1.0,1,1.0,1,0.22193539453176214,40
10,13,138,0,138,0,0,0,1.0,1,1.0,1,1.0,1,0.19367833711591895,41
11,15,153,0,153,0,0,0,1.0,1,1.0,1,1.0,1,0.18344442531478367,40
12,14,167,0,167,0,0,0,1.0,1,1.0,1,1.0,1,0.18576308354601956,39
13,12,179,1,178,0,0,0,1.0,1,1.0,1,1.0,1,0.23053542032477742,37
14,12,191,1,190,0,0,0,1.0,1,1.0,1,1.0,1,0.26158274733917625,35
15,12,203,1,202,0,0,0,1.0,1,1.0,1,1.0,1,0.17948940775518424,36
16,6,209,1,208,0,0,0,1.0,1,1.0,1,1.0,1,0.2675565793615137,34
17,10,219,1,218,0,0,0,1.0,1,1.0,1,1.0,1,0.2985784970655457,33
18,9,228,1,227,0,0,0,1.0,1,1.0,1,1.0,1,0.2894396612208956,34
19,9,237,2,235,0,0,0,1.0,1,1.0,1,1.0,1,0.2815085835915967,34
20,6,243,2,241,0,0,0,1.0,1,1.0,1,1.0,1,0.28129632359124707,34
21,1,244,2,242,0,0,0,1.0,1,1.0,1,1.0,1,0.2743846633223472,36
22,0,244,2,242,0,0,0,1.0,1,1.0,1,1.0,1,0.3011316734664562,35
23,2,246,3,243,0,0,0,1.0,1,1.0,1,1.0,1,0.3205166791839542,35
24,0,246,3,243,0,0,0,1.0,1,1.0,1,1.0,1,0.27832784950886263,35
25,3,249,5,244,0,0,0,1.0,1,1.0,1,1.0,1,0.2911993573013723,35
26,1,250,5,245,0,0,0,1.0,1,1.0,1,1.0,1,0.25952327436918793,36
27,0,250,5,245,0,0,0,1.0,1,1.0,1,1.0,1,0.24917224949662417,34
28,4,254,8,246,0,0,0,1.0,1,1.0,1,1.0,1,0.30214031089299964,35
29,1,255,8,247,0,0,0,1.0,1,1.0,1,1.0,1,0.25777156875391166,33
30,1,256,9,247,0,0,0,1.0,1,1.0,1,1.0,1,0.303139794404755,33
31,2,258,11,247,0,0,0,1.0,1,1.0,1,1.0,1,0.369616582611467,33
32,2,260,12,248,0,0,0,1.0,1,1.0,1,1.0,1,0.3876945060383034,32
33,2,262,13,249,0,0,0,1.0,1,1.0,1,1.0,1,0.3307272933574544,33
34,1,263,14,249,0,0,0,1.0,1,1.0,1,1.0,1,0.3308135028194549,33
35,0,263,14,249,0,0,0,1.0,1,1.0,1,1.0,1,0.32248889847171835,35
36,0,263,14,249,0,0,0,1.0,1,1.0,1,1.0,1,0.3401704132909905,36
37,1,264,14,250,0,0,0,1.0,1,1.0,1,1.0,1,0.29550323808397205,37
38,0,264,14,250,0,0,0,1.0,1,1.0,1,1.0,1,0.3014969606557353,36
39,2,266,14,252,0,0,0,1.0,1,1.0,1,1.0,1,0.2769529203272589,38
40,1,267,15,252,0,0,0,1.0,1,1.0,1,1.0,1,0.29935662315330125,40
41,0,267,15,252,0,0,0,1.0,1,1.0,1,1.0,1,0.29935662315330125,40
42,3,270,17,253,0,0,0,1.0,1,1.0,1,1.0,1,0.29996566807158254,40
43,4,274,19,255,0,0,0,1.0,1,1.0,1,1.0,1,0.33901426297548665,43
44,1,275,19,256,0,0,0,1.0,1,1.0,1,1.0,1,0.3297333621841998,43
45,0,275,19,256,0,0,0,1.0,1,1.0,1,1.0,1,0.317783305455599,44
46,2,277,20,257,0,0,0,1.0,1,1.0,1,1.0,1,0.31922901817607996,44
47,0,277,20,257,0,0,0,1.0,1,1.0,1,1.0,1,0.31922901817607996,44
48,0,277,20,257,0,0,0,1.0,1,1.0,1,1.0,1,0.31922901817607996,44
49,0,277,20,257,0,0,0,1.0,1,1.0,1,1.0,1,0.313592346685796,41
50,3,280,22,258,0,0,0,1.0,1,1.0,1,1.0,1,0.31621466350998934,40
51,0,280,22,258,0,0,0,1.0,1,1.0,1,1.0,1,0.3205361123370288,38
52,1,281,23,258,0,0,0,1.0,1,1.0,1,1.0,1,0.350824806563834,37
53,1,282,23,259,0,0,0,1.0,1,1.0,1,1.0,1,0.35301435646037477,38
54,2,284,23,261,0,0,0,1.0,1,1.0,1,1.0,1,0.3191400508484044,38
55,2,286,24,262,0,0,0,1.0,1,1.0,1,1.0,1,0.31538740935873133,38
56,0,286,24,262,0,0,0,1.0,1,1.0,1,1.0,1,0.3433320774597519,38
57,1,287,25,262,0,0,0,1.0,1,1.0,1,1.0,1,0.3269518551220403,38
58,3,290,28,262,0,0,0,1.0,1,1.0,1,1.0,1,0.38644833703712544,38
59,2,292,28,264,0,0,0,1.0,1,1.0,1,1.0,1,0.3549097359245095,40
60,2,294,29,265,0,0,0,1.0,1,1.0,1,1.0,1,0.32749977233574146,40
61,1,295,29,266,0,0,0,1.0,1,1.0,1,1.0,1,0.30575107420489483,40
62,2,297,30,267,0,0,0,1.0,1,1.0,1,1.0,1,0.3078265894940182,42
63,2,299,31,268,0,0,0,1.0,1,1.0,1,1.0,1,0.3017715032193101,40
64,0,299,31,268,0,0,0,1.0,1,1.0,1,1.0,1,0.2926167617874727,41
65,1,300,32,268,0,0,0,1.0,1,1.0,1,1.0,1,0.3159033318238363,41
66,2,302,33,269,0,0,0,1.0,1,1.0,1,1.0,1,0.3297388703323325,41
67,1,303,33,270,0,0,0,1.0,1,1.0,1,1.0,1,0.2949873468472794,41
68,1,304,34,270,0,0,0,1.0,1,1.0,1,1.0,1,0.30332486517125407,41
69,3,307,35,272,0,0,0,1.0,1,1.0,1,1.0,1,0.26350294973032123,41
70,0,307,35,272,0,0,0,1.0,1,1.0,1,1.0,1,0.27851284452726016,42
71,1,308,36,272,0,0,0,1.0,1,1.0,1,1.0,1,0.276449820642905,44
72,3,311,37,274,0,0,0,1.0,1,1.0,1,1.0,1,0.23277541748923986,44
73,1,312,37,275,0,0,0,1.0,1,1.0,1,1.0,1,0.2313686754318256,46
74,0,312,37,275,0,0,0,1.0,1,1.0,1,1.0,1,0.24651773669686988,44
75,0,312,37,275,0,0,0,1.0,1,1.0,1,1.0,1,0.24651773669686988,44
76,1,313,38,275,0,0,0,1.0,1,1.0,1,1.0,1,0.29179181477560967,45
77,0,313,38,275,0,0,0,1.0,1,1.0,1,1.0,1,0.276301691898479,44
78,1,314,39,275,0,0,0,1.0,1,1.0,1,1.0,1,0.31219353253525,44
79,0,314,39,275,0,0,0,1.0,1,1.0,1,1.0,1,0.33491961144426363,43
80,1,315,40,275,0,0,0,1.0,1,1.0,1,1.0,1,0.32203302846794213,43
81,6,321,43,278,0,0,0,1.0,1,1.0,1,1.0,1,0.3055224112619509,44
82,2,323,44,279,0,0,0,1.0,1,1.0,1,1.0,1,0.27671750945643003,45
83,2,325,46,279,0,0,0,1.0,1,1.0,1,1.0,1,0.3271266316432008,45
84,0,325,46,279,0,0,0,1.0,1,1.0,1,1.0,1,0.3271266316432008,45
85,2,327,47,280,0,0,0,1.0,1,1.0,1,1.0,1,0.31068898317963334,45
86,1,328,47,281,0,0,0,1.0,1,1.0,1,1.0,1,0.28149126167517974,45
87,0,328,47,281,0,0,0,1.0,1,1.0,1,1.0,1,0.30335355226797156,44
88,0,328,47,281,0,0,0,1.0,1,1.0,1,1.0,1,0.29383176136584743,45
89,0,328,47,281,0,0,0,1.0,1,1.0,1,1.0,1,0.3003717876740674,46
90,0,328,47,281,0,0,0,1.0,1,1.0,1,1.0,1,0.3324638266200891,44
91,1,329,48,281,0,0,0,1.0,1,1.0,1,1.0,1,0.32935279705707915,45
92,0,329,48,281,0,0,0,1.0,1,1.0,1,1.0,1,0.3434265519153939,46
93,0,329,48,281,0,0,0,1.0,1,1.0,1,1.0,1,0.3434265519153939,46
94,1,330,49,281,0,0,0,1.0,1,1.0,1,1.0,1,0.33074231197749543,46
95,2,332,49,283,0,0,0,1.0,1,1.0,1,1.0,1,0.3036565292219008,46
96,2,334,50,284,0,0,0,1.0,1,1.0,1,1.0,1,0.30299409949548733,46
97,1,335,50,285,0,0,0,1.0,1,1.0,1,1.0,1,0.2914385828617915,47
98,1,336,51,285,0,0,0,1.0,1,1.0,1,1.0,1,0.31178119931114456,47
99,1,337,51,286,0,0,0,1.0,1,1.0,1,1.0,1,0.3040461024813344,46
100,2,339,53,286,0,0,0,1.0,1,1.0,1,1.0,1,0.35375775184743197,48
101,7,346,54,292,0,0,0,1.0,1,1.0,1,1.0,1,0.3222086483498943,49
102,4,350,56,294,0,0,0,1.0,1,1.0,1,1.0,1,0.2698595991638722,49
103,5,355,56,299,0,0,0,1.0,1,1.0,1,1.0,1,0.18010379528892562,48
104,2,357,57,300,0,0,0,1.0,1,1.0,1,1.0,1,0.2417207879881967,49
105,4,361,57,304,0,0,0,1.0,1,1.0,1,1.0,1,0.2068584874784674,48
106,2,363,58,305,0,0,0,1.0,1,1.0,1,1.0,1,0.20368949631610275,48
107,1,364,59,305,0,0,0,1.0,1,1.0,1,1.0,1,0.22390922128467983,47
108,3,367,60,307,0,0,0,1.0,1,1.0,1,1.0,1,0.2013883190435942,47
109,2,369,62,307,0,0,0,1.0,1,1.0,1,1.0,1,0.275927684346438,47
110,3,372,64,308,0,0,0,1.0,1,1.0,1,1.0,1,0.28276098812674155,47
111,8,380,66,314,0,0,0,1.0,1,1.0,1,1.0,1,0.19659422452748862,46
112,2,382,67,315,0,0,0,1.0,1,1.0,1,1.0,1,0.19335542870859804,46
113,1,383,68,315,0,0,0,1.0,1,1.0,1,1.0,1,0.1883402317871381,45
114,0,383,68,315,0,0,0,1.0,1,1.0,1,1.0,1,0.18189902778635264,46
115,3,386,70,316,0,0,0,1.0,1,1.0,1,1.0,1,0.18643313138915926,47
116,0,386,70,316,0,0,0,1.0,1,1.0,1,1.0,1,0.17044210230068588,48
117,5,391,73,318,0,0,0,1.0,1,1.0,1,1.0,1,0.23196955262472788,48
118,2,393,73,320,0,0,0,1.0,1,1.0,1,1.0,1,0.23089518035754147,49
119,2,395,73,322,0,0,0,1.0,1,1.0,1,1.0,1,0.2215375666408948,50
120,1,396,73,323,0,0,0,1.0,1,1.0,1,1.0,1,0.20081461874166306,51
121,4,400,73,327,0,0,0,1.0,1,1.0,1,1.0,1,0.12111780197765531,51
122,0,400,73,327,0,0,0,1.0,1,1.0,1,1.0,1,0.12111780197765531,51
123,0,400,73,327,0,0,0,1.0,1,1.0,1,1.0,1,0.12111780197765531,51
124,0,400,73,327,0,0,0,1.0,1,1.0,1,1.0,1,0.12111780197765531,51
125,0,400,73,327,0,0,0,1.0,1,1.0,1,1.0,1,0.15947364309083586,50
126,1,401,73,328,0,0,0,1.0,1,1.0,1,1.0,1,0.13923297846697671,52
127,0,401,73,328,0,0,0,1.0,1,1.0,1,1.0,1,0.16262775711770588,50
128,1,402,73,329,0,0,0,1.0,1,1.0,1,1.0,1,0.13954364430903538,50
129,1,403,73,330,0,0,0,1.0,1,1.0,1,1.0,1,0.14753672236358847,52
130,1,404,74,330,0,0,0,1.0,1,1.0,1,1.0,1,0.1774312735928866,52
131,0,404,74,330,0,0,0,1.0,1,1.0,1,1.0,1,0.18569486084679862,54
132,2,406,75,331,0,0,0,1.0,1,1.0,1,1.0,1,0.18039907951864825,54
133,0,406,75,331,0,0,0,1.0,1,1.0,1,1.0,1,0.1939781670801616,52
134,2,408,77,331,0,0,0,1.0,1,1.0,1,1.0,1,0.1969461771720251,52
135,5,413,82,331,0,0,0,1.0,1,1.0,1,1.0,1,0.28539098315134037,51
136,3,416,83,333,0,0,0,1.0,1,1.0,1,1.0,1,0.2593006346702327,51
137,3,419,84,335,0,0,0,1.0,1,1.0,1,1.0,1,0.25334028426681554,50
138,2,421,85,336,0,0,0,1.0,1,1.0,1,1.0,1,0.3078384431366326,52
139,3,424,87,337,0,0,0,1.0,1,1.0,1,1.0,1,0.3555663944453337,51
140,4,428,89,339,0,0,0,1.0,1,1.0,1,1.0,1,0.3686409221568698,51
141,11,439,91,348,0,0,0,1.0,1,1.0,1,1.0,1,0.188789729681551,50
142,2,441,93,348,0,0,0,1.0,1,1.0,1,1.0,1,0.2009852524844517,51
143,0,441,93,348,0,0,0,1.0,1,1.0,1,1.0,1,0.20593430010568584,48
144,3,444,95,349,0,0,0,1.0,1,1.0,1,1.0,1,0.22153163522487948,49
145,2,446,96,350,0,0,0,1.0,1,1.0,1,1.0,1,0.20918315049062905,47
146,4,450,98,352,0,0,0,1.0,1,1.0,1,1.0,1,0.25959693335009437,49
147,0,450,98,352,0,0,0,1.0,1,1.0,1,1.0,1,0.26608425736524,46
148,3,453,100,353,0,0,0,1.0,1,1.0,1,1.0,1,0.2909303620637318,47
149,1,454,101,353,0,0,0,1.0,1,1.0,1,1.0,1,0.29471589841348583,46
150,1,455,102,353,0,0,0,1.0,1,1.0,1,1.0,1,0.3023820405074114,47
151,0,455,102,353,0,0,0,1.0,1,1.0,1,1.0,1,0.30411390218109186,46
152,1,456,103,353,0,0,0,1.0,1,1.0,1,1.0,1,0.327961024101025,45
153,0,456,103,353,0,0,0,1.0,1,1.0,1,1.0,1,0.33867424126383855,46
154,2,458,103,355,0,0,0,1.0,1,1.0,1,1.0,1,0.3367166970759936,44
155,3,461,105,356,0,0,0,1.0,1,1.0,1,1.0,1,0.3500213419459367,45
156,3,464,106,358,0,0,0,1.0,1,1.0,1,1.0,1,0.3282569610271696,43
157,1,465,107,358,0,0,0,1.0,1,1.0,1,1.0,1,0.3515328304554489,42
158,0,465,107,358,0,0,0,1.0,1,1.0,1,1.0,1,0.36699445097906325,43
159,3,468,107,361,0,0,0,1.0,1,1.0,1,1.0,1,0.3235286181664235,44
160,0,468,107,361,0,0,0,1.0,1,1.0,1,1.0,1,0.3367773177244839,44
161,13,481,109,372,0,0,0,1.0,1,1.0,1,1.0,1,0.2013433792032302,44
162,0,481,109,372,0,0,0,1.0,1,1.0,1,1.0,1,0.2013433792032302,44
163,6,487,114,373,0,0,0,1.0,1,1.0,1,1.0,1,0.29017161427357185,44
164,0,487,114,373,0,0,0,1.0,1,1.0,1,1.0,1,0.29017161427357185,44
165,1,488,115,373,0,0,0,1.0,1,1.0,1,1.0,1,0.24995941024487542,43
166,0,488,115,373,0,0,0,1.0,1,1.0,1,1.0,1,0.2596269482486587,43
167,2,490,116,374,0,0,0,1.0,1,1.0,1,1.0,1,0.2408955847102118,42
168,0,490,116,374,0,0,0,1.0,1,1.0,1,1.0,1,0.27195435495671505,40
169,1,491,116,375,0,0,0,1.0,1,1.0,1,1.0,1,0.2656332010053244,41
170,0,491,116,375,0,0,0,1.0,1,1.0,1,1.0,1,0.27089534651671615,39
171,3,494,118,376,0,0,0,1.0,1,1.0,1,1.0,1,0.2926396436309103,39
172,0,494,118,376,0,0,0,1.0,1,1.0,1,1.0,1,0.2926216879274846,38
173,2,496,120,376,0,0,0,1.0,1,1.0,1,1.0,1,0.2748011084730103,38
174,2,498,121,377,0,0,0,1.0,1,1.0,1,1.0,1,0.26271161183519515,37
175,2,500,123,377,0,0,0,1.0,1,1.0,1,1.0,1,0.338522963572454,36
176,1,501,124,377,0,0,0,1.0,1,1.0,1,1.0,1,0.3321925791340139,36
177,0,501,124,377,0,0,0,1.0,1,1.0,1,1.0,1,0.32295033373236065,38
178,1,502,125,377,0,0,0,1.0,1,1.0,1,1.0,1,0.33245750646986477,39
179,1,503,125,378,0,0,0,1.0,1,1.0,1,1.0,1,0.33833825701345144,40
180,0,503,125,378,0,0,0,1.0,1,1.0,1,1.0,1,0.33833825701345144,40
181,2,505,125,380,0,0,0,1.0,1,1.0,1,1.0,1,0.2964419586131565,39
182,3,508,127,381,0,0,0,1.0,1,1.0,1,1.0,1,0.2710423228997993,40
183,2,510,128,382,0,0,0,1.0,1,1.0,1,1.0,1,0.3058170991997607,40
184,1,511,129,382,0,0,0,1.0,1,1.0,1,1.0,1,0.3447193654316489,38
185,4,515,130,385,0,0,0,1.0,1,1.0,1,1.0,1,0.2970453171789107,38
186,3,518,132,386,0,0,0,1.0,1,1.0,1,1.0,1,0.30237207545093936,37
187,0,518,132,386,0,0,0,1.0,1,1.0,1,1.0,1,0.2978084830020855,36
188,2,520,134,386,0,0,0,1.0,1,1.0,1,1.0,1,0.257370541306288,36
189,0,520,134,386,0,0,0,1.0,1,1.0,1,1.0,1,0.2585158774840243,36
190,2,522,135,387,0,0,0,1.0,1,1.0,1,1.0,1,0.2870545120872931,36
191,2,524,136,388,0,0,0,1.0,1,1.0,1,1.0,1,0.28767274067308246,37
192,3,527,137,390,0,0,0,1.0,1,1.0,1,1.0,1,0.24822201135431857,37
193,0,527,137,390,0,0,0,1.0,1,1.0,1,1.0,1,0.25063398144729904,38
194,0,527,137,390,0,0,0,1.0,1,1.0,1,1.0,1,0.26609391571938823,39
195,4,531,139,392,0,0,0,1.0,1,1.0,1,1.0,1,0.25479668650565634,40
196,1,532,140,392,0,0,0,1.0,1,1.0,1,1.0,1,0.2195532265467971,40
197,0,532,140,392,0,0,0,1.0,1,1.0,1,1.0,1,0.24796613314229446,40
198,2,534,142,392,0,0,0,1.0,1,1.0,1,1.0,1,0.22212323128421882,40
199,3,537,143,394,0,0,0,1.0,1,1.0,1,1.0,1,0.1998059736854602,40
200,2,539,145,394,0,0,0,1.0,1,1.0,1,1.0,1,0.19912203677096404,40
201,1,540,146,394,0,0,0,1.0,1,1.0,1,1.0,1,0.1609626183467192,39
202,0,540,146,394,0,0,0,1.0,1,1.0,1,1.0,1,0.1344426748225445,40
203,1,541,147,394,0,0,0,1.0,1,1.0,1,1.0,1,0.123003579035584,39
204,1,542,148,394,0,0,0,1.0,1,1.0,1,1.0,1,0.14510904109059877,38
205,1,543,149,394,0,0,0,1.0,1,1.0,1,1.0,1,0.166871753967572,37
206,0,543,149,394,0,0,0,1.0,1,1.0,1,1.0,1,0.18862804492577204,36
207,2,545,151,394,0,0,0,1.0,1,1.0,1,1.0,1,0.19887256679882254,37
208,0,545,151,394,0,0,0,1.0,1,1.0,1,1.0,1,0.2140695068193548,36
209,2,547,153,394,0,0,0,1.0,1,1.0,1,1.0,1,0.2784536057767518,36
210,2,549,154,395,0,0,0,1.0,1,1.0,1,1.0,1,0.3170752571543559,36
211,1,550,154,396,0,0,0,1.0,1,1.0,1,1.0,1,0.2658921807225828,34
212,2,552,155,397,0,0,0,1.0,1,1.0,1,1.0,1,0.2854989386187268,34
213,0,552,155,397,0,0,0,1.0,1,1.0,1,1.0,1,0.31002275557784653,36
214,1,553,156,397,0,0,0,1.0,1,1.0,1,1.0,1,0.2780059067653618,35
215,2,555,158,397,0,0,0,1.0,1,1.0,1,1.0,1,0.28568909177088764,35
216,1,556,158,398,0,0,0,1.0,1,1.0,1,1.0,1,0.3044138644912214,37
217,2,558,159,399,0,0,0,1.0,1,1.0,1,1.0,1,0.3063580660825511,37
218,7,565,164,401,0,0,0,1.0,1,1.0,1,1.0,1,0.35616161561638826,37
219,3,568,165,403,0,0,0,1.0,1,1.0,1,1.0,1,0.356690728854534,37
220,1,569,166,403,0,0,0,1.0,1,1.0,1,1.0,1,0.3548867359681738,38
221,8,577,168,409,0,0,0,1.0,1,1.0,1,1.0,1,0.19651950917789662,39
222,1,578,169,409,0,0,0,1.0,1,1.0,1,1.0,1,0.20618300486231123,39
223,1,579,169,410,0,0,0,1.0,1,1.0,1,1.0,1,0.2000911484993461,40
224,3,582,170,412,0,0,0,1.0,1,1.0,1,1.0,1,0.1738984595351808,40
225,2,584,171,413,0,0,0,1.0,1,1.0,1,1.0,1,0.20867858425239974,39
226,3,587,174,413,0,0,0,1.0,1,1.0,1,1.0,1,0.2158533270840377,39
227,2,589,175,414,0,0,0,1.0,1,1.0,1,1.0,1,0.21553130042329563,39
228,1,590,176,414,0,0,0,1.0,1,1.0,1,1.0,1,0.23012199993532192,38
229,3,593,177,416,0,0,0,1.0,1,1.0,1,1.0,1,0.262825700229024,39
230,3,596,179,417,0,0,0,1.0,1,1.0,1,1.0,1,0.2792838417629952,38
231,2,598,181,417,0,0,0,1.0,1,1.0,1,1.0,1,0.26016431953505786,38
232,2,600,182,418,0,0,0,1.0,1,1.0,1,1.0,1,0.29361015924239653,37
233,2,602,183,419,0,0,0,1.0,1,1.0,1,1.0,1,0.3331052043765108,36
234,0,602,183,419,0,0,0,1.0,1,1.0,1,1.0,1,0.34300794809995366,34
235,0,602,183,419,0,0,0,1.0,1,1.0,1,1.0,1,0.3772423118912765,34
236,0,602,183,419,0,0,0,1.0,1,1.0,1,1.0,1,0.4373868115108883,33
237,1,603,184,419,0,0,0,1.0,1,1.0,1,1.0,1,0.4383264944211534,32
238,1,604,185,419,0,0,0,1.0,1,1.0,1,1.0,1,0.450745977423506,32
239,3,607,187,420,0,0,0,1.0,1,1.0,1,1.0,1,0.41470227681572824,31
240,0,607,187,420,0,0,0,1.0,1,1.0,1,1.0,1,0.5025438434035108,28
241,5,612,188,424,0,0,0,1.0,1,1.0,1,1.0,1,0.3160330534933436,27
242,1,613,188,425,0,0,0,1.0,1,1.0,1,1.0,1,0.28470760882415735,29
243,0,613,188,425,0,0,0,1.0,1,1.0,1,1.0,1,0.29317909232752726,28
244,0,613,188,425,0,0,0,1.0,1,1.0,1,1.0,1,0.29210065245468003,28
245,1,614,189,425,0,0,0,1.0,1,1.0,1,1.0,1,0.3017856953948411,27
246,2,616,191,425,0,0,0,1.0,1,1.0,1,1.0,1,0.34633704511967933,25
247,1,617,191,426,0,0,0,1.0,1,1.0,1,1.0,1,0.3169878259119909,26
248,0,617,191,426,0,0,0,1.0,1,1.0,1,1.0,1,0.34191099166190314,27
249,1,618,192,426,0,0,0,1.0,1,1.0,1,1.0,1,0.367886502313731,26
250,1,619,192,427,0,0,0,1.0,1,1.0,1,1.0,1,0.3742370091113673,27
251,1,620,192,428,0,0,0,1.0,1,1.0,1,1.0,1,0.35636395164420437,28
252,3,623,193,430,0,0,0,1.0,1,1.0,1,1.0,1,0.3354226659194943,28
253,1,624,193,431,0,0,0,1.0,1,1.0,1,1.0,1,0.29514430503974176,28
254,0,624,193,431,0,0,0,1.0,1,1.0,1,1.0,1,0.3214798905560788,29
255,0,624,193,431,0,0,0,1.0,1,1.0,1,1.0,1,0.3252930644833942,30
256,0,624,193,431,0,0,0,1.0,1,1.0,1,1.0,1,0.3252930644833942,30
257,2,626,194,432,0,0,0,1.0,1,1.0,1,1.0,1,0.3758584598260478,32
258,3,629,196,433,0,0,0,1.0,1,1.0,1,1.0,1,0.37332775872622553,32
259,2,631,196,435,0,0,0,1.0,1,1.0,1,1.0,1,0.37332775872622553,32
260,0,631,196,435,0,0,0,1.0,1,1.0,1,1.0,1,0.3467419793281646,34
261,3,634,196,438,0,0,0,1.0,1,1.0,1,1.0,1,0.30454294952593053,35
262,4,638,198,440,0,0,0,1.0,1,1.0,1,1.0,1,0.3732101924140296,36
263,0,638,198,440,0,0,0,1.0,1,1.0,1,1.0,1,0.37762821523415824,34
264,1,639,199,440,0,0,0,1.0,1,1.0,1,1.0,1,0.39288250064101415,34
265,0,639,199,440,0,0,0,1.0,1,1.0,1,1.0,1,0.430452212102097,33
266,1,640,200,440,0,0,0,1.0,1,1.0,1,1.0,1,0.43978365638439787,34
267,0,640,200,440,0,0,0,1.0,1,1.0,1,1.0,1,0.44721881444879596,33
268,1,641,200,441,0,0,0,1.0,1,1.0,1,1.0,1,0.43116401690272416,34
269,2,643,200,443,0,0,0,1.0,1,1.0,1,1.0,1,0.3960097808817255,34
270,1,644,200,444,0,0,0,1.0,1,1.0,1,1.0,1,0.4026533847539487,36
271,0,644,200,444,0,0,0,1.0,1,1.0,1,1.0,1,0.4026533847539487,36
272,2,646,200,446,0,0,0,1.0,1,1.0,1,1.0,1,0.3740972116568816,38
273,0,646,200,446,0,0,0,1.0,1,1.0,1,1.0,1,0.3740972116568816,38
274,2,648,201,447,0,0,0,1.0,1,1.0,1,1.0,1,0.40451671819713597,38
275,4,652,202,450,0,0,0,1.0,1,1.0,1,1.0,1,0.3412022070793157,38
276,1,653,202,451,0,0,0,1.0,1,1.0,1,1.0,1,0.32875492040271787,39
277,2,655,203,452,0,0,0,1.0,1,1.0,1,1.0,1,0.34439441690564304,38
278,3,658,204,454,0,0,0,1.0,1,1.0,1,1.0,1,0.3467991457082985,38
279,2,660,204,456,0,0,0,1.0,1,1.0,1,1.0,1,0.33239372092098013,38
280,1,661,204,457,0,0,0,1.0,1,1.0,1,1.0,1,0.35072515029966156,38
281,3,664,204,460,0,0,0,1.0,1,1.0,1,1.0,1,0.27191625688294846,38
282,0,664,204,460,0,0,0,1.0,1,1.0,1,1.0,1,0.2732081499542966,38
283,0,664,204,460,0,0,0,1.0,1,1.0,1,1.0,1,0.2732081499542966,38
284,1,665,204,461,0,0,0,1.0,1,1.0,1,1.0,1,0.24045895031084252,39
285,1,666,205,461,0,0,0,1.0,1,1.0,1,1.0,1,0.28202821431240577,39
286,0,666,205,461,0,0,0,1.0,1,1.0,1,1.0,1,0.28202821431240577,39
287,2,668,206,462,0,0,0,1.0,1,1.0,1,1.0,1,0.3491055746261415,39
288,1,669,206,463,0,0,0,1.0,1,1.0,1,1.0,1,0.3000016440273643,39
289,1,670,206,464,0,0,0,1.0,1,1.0,1,1.0,1,0.3138673526659354,39
290,0,670,206,464,0,0,0,1.0,1,1.0,1,1.0,1,0.3141229709263963,39
291,4,674,206,468,0,0,0,1.0,1,1.0,1,1.0,1,0.272888239189111,39
292,2,676,206,470,0,0,0,1.0,1,1.0,1,1.0,1,0.27308188615767204,40
293,2,678,206,472,0,0,0,1.0,1,1.0,1,1.0,1,0.23413648971704062,41
294,1,679,207,472,0,0,0,1.0,1,1.0,1,1.0,1,0.2396557106177197,40
295,6,685,209,476,0,0,0,1.0,1,1.0,1,1.0,1,0.2544375939646195,42
296,5,690,212,478,0,0,0,1.0,1,1.0,1,1.0,1,0.24150839538976698,42
297,8,698,212,486,0,0,0,1.0,1,1.0,1,1.0,1,0.24840398478715653,43
298,8,706,213,493,0,0,0,1.0,1,1.0,1,1.0,1,0.25205310995000035,44
299,7,713,214,499,0,0,0,1.0,1,1.0,1,1.0,1,0.28179726994864673,44
300,7,720,214,506,0,0,0,1.0,1,1.0,1,1.0,1,0.23855381664167521,45
301,5,725,214,511,0,0,0,1.0,1,1.0,1,1.0,1,0.1783003688601268,47
302,3,728,216,512,0,0,0,1.0,1,1.0,1,1.0,1,0.192238540501506,46
303,1,729,217,512,0,0,0,1.0,1,1.0,1,1.0,1,0.20353114387888596,45
304,3,732,219,513,0,0,0,1.0,1,1.0,1,1.0,1,0.23704924109520034,45
305,1,733,220,513,0,0,0,1.0,1,1.0,1,1.0,1,0.24289741621335256,43
306,4,737,221,516,0,0,0,1.0,1,1.0,1,1.0,1,0.2556589446004363,44
307,2,739,222,517,0,0,0,1.0,1,1.0,1,1.0,1,0.23917225605503778,42
308,1,740,223,517,0,0,0,1.0,1,1.0,1,1.0,1,0.26330345391833715,41
309,1,741,223,518,0,0,0,1.0,1,1.0,1,1.0,1,0.26215835881562927,42
310,0,741,223,518,0,0,0,1.0,1,1.0,1,1.0,1,0.26763808027894476,41
311,0,741,223,518,0,0,0,1.0,1,1.0,1,1.0,1,0.26763808027894476,41
312,2,743,223,520,0,0,0,1.0,1,1.0,1,1.0,1,0.24179724458764082,44
313,1,744,223,521,0,0,0,1.0,1,1.0,1,1.0,1,0.24256897691773951,43
314,0,744,223,521,0,0,0,1.0,1,1.0,1,1.0,1,0.24256897691773951,43
315,1,745,224,521,0,0,0,1.0,1,1.0,1,1.0,1,0.26022871226114075,43
316,0,745,224,521,0,0,0,1.0,1,1.0,1,1.0,1,0.26022871226114075,43
317,0,745,224,521,0,0,0,1.0,1,1.0,1,1.0,1,0.2701188896179038,44
318,3,748,226,522,0,0,0,1.0,1,1.0,1,1.0,1,0.3361977502150206,45
319,3,751,226,525,0,0,0,1.0,1,1.0,1,1.0,1,0.33304172065955284,46
320,5,756,228,528,0,0,0,1.0,1,1.0,1,1.0,1,0.362039125271401,45
321,6,762,228,534,0,0,0,1.0,1,1.0,1,1.0,1,0.20662031320865823,44
322,1,763,228,535,0,0,0,1.0,1,1.0,1,1.0,1,0.17628853274415707,42
323,3,766,230,536,0,0,0,1.0,1,1.0,1,1.0,1,0.16447335687704456,42
324,1,767,230,537,0,0,0,1.0,1,1.0,1,1.0,1,0.16513991315172358,43
325,2,769,232,537,0,0,0,1.0,1,1.0,1,1.0,1,0.20337908147243325,43
326,2,771,232,539,0,0,0,1.0,1,1.0,1,1.0,1,0.19757619757187134,43
327,4,775,234,541,0,0,0,1.0,1,1.0,1,1.0,1,0.23454269101716185,44
328,0,775,234,541,0,0,0,1.0,1,1.0,1,1.0,1,0.23454269101716185,44
329,0,775,234,541,0,0,0,1.0,1,1.0,1,1.0,1,0.21685584655002366,45
330,0,775,234,541,0,0,0,1.0,1,1.0,1,1.0,1,0.2093233295754729,46
331,0,775,234,541,0,0,0,1.0,1,1.0,1,1.0,1,0.2093233295754729,46
332,1,776,234,542,0,0,0,1.0,1,1.0,1,1.0,1,0.17127265942929276,47
333,0,776,234,542,0,0,0,1.0,1,1.0,1,1.0,1,0.1847188291039793,48
334,0,776,234,542,0,0,0,1.0,1,1.0,1,1.0,1,0.1847188291039793,48
335,3,779,235,544,0,0,0,1.0,1,1.0,1,1.0,1,0.15260584466184487,49
336,0,779,235,544,0,0,0,1.0,1,1.0,1,1.0,1,0.15488684323226326,50
337,0,779,235,544,0,0,0,1.0,1,1.0,1,1.0,1,0.1732660057276719,51
338,0,779,235,544,0,0,0,1.0,1,1.0,1,1.0,1,0.1732660057276719,51
339,2,781,236,545,0,0,0,1.0,1,1.0,1,1.0,1,0.16880083859301123,51
340,1,782,237,545,0,0,0,1.0,1,1.0,1,1.0,1,0.19435042818171802,51
341,1,783,237,546,0,0,0,1.0,1,1.0,1,1.0,1,0.16185292372546606,51
342,1,784,238,546,0,0,0,1.0,1,1.0,1,1.0,1,0.1935685178456524,51
343,1,785,238,547,0,0,0,1.0,1,1.0,1,1.0,1,0.19030369421147628,51
344,1,786,239,547,0,0,0,1.0,1,1.0,1,1.0,1,0.16764192092138888,50
345,0,786,239,547,0,0,0,1.0,1,1.0,1,1.0,1,0.16764192092138888,50
346,4,790,241,549,0,0,0,1.0,1,1.0,1,1.0,1,0.19982050285468864,50
347,2,792,241,551,0,0,0,1.0,1,1.0,1,1.0,1,0.17260637268152268,51
348,2,794,243,551,0,0,0,1.0,1,1.0,1,1.0,1,0.1998131265182899,52
349,2,796,245,551,0,0,0,1.0,1,1.0,1,1.0,1,0.2254610996449994,54
350,2,798,245,553,0,0,0,1.0,1,1.0,1,1.0,1,0.2260438578611419,54
351,2,800,247,553,0,0,0,1.0,1,1.0,1,1.0,1,0.23501271684863967,54
352,3,803,248,555,0,0,0,1.0,1,1.0,1,1.0,1,0.23760002956930207,56
353,1,804,249,555,0,0,0,1.0,1,1.0,1,1.0,1,0.20112471410738716,54
354,1,805,249,556,0,0,0,1.0,1,1.0,1,1.0,1,0.18026292778462719,53
355,3,808,252,556,0,0,0,1.0,1,1.0,1,1.0,1,0.1843570053405979,54
356,1,809,253,556,0,0,0,1.0,1,1.0,1,1.0,1,0.2101473925219071,54
357,3,812,256,556,0,0,0,1.0,1,1.0,1,1.0,1,0.25734506728178336,53
358,2,814,256,558,0,0,0,1.0,1,1.0,1,1.0,1,0.24937119104767783,49
359,0,814,256,558,0,0,0,1.0,1,1.0,1,1.0,1,0.23982294534714052,48
360,2,816,257,559,0,0,0,1.0,1,1.0,1,1.0,1,0.21572121210673528,47
361,1,817,257,560,0,0,0,1.0,1,1.0,1,1.0,1,0.19053898761606988,46
362,0,817,257,560,0,0,0,1.0,1,1.0,1,1.0,1,0.19305235237588864,46
363,0,817,257,560,0,0,0,1.0,1,1.0,1,1.0,1,0.20706091846216132,47
364,2,819,257,562,0,0,0,1.0,1,1.0,1,1.0,1,0.16065858272851413,47
365,1,820,258,562,0,0,0,1.0,1,1.0,1,1.0,1,0.19641938641284337,47
366,3,823,259,564,0,0,0,1.0,1,1.0,1,1.0,1,0.2453987024447118,50
367,4,827,260,567,0,0,0,1.0,1,1.0,1,1.0,1,0.1968316068957578,50
368,1,828,260,568,0,0,0,1.0,1,1.0,1,1.0,1,0.16000789296217457,51
369,0,828,260,568,0,0,0,1.0,1,1.0,1,1.0,1,0.18423172425114906,51
370,0,828,260,568,0,0,0,1.0,1,1.0,1,1.0,1,0.18423172425114906,51
371,2,830,261,569,0,0,0,1.0,1,1.0,1,1.0,1,0.2083147210216451,52
372,1,831,261,570,0,0,0,1.0,1,1.0,1,1.0,1,0.2117371404724167,53
373,2,833,263,570,0,0,0,1.0,1,1.0,1,1.0,1,0.22211086109188882,53
374,0,833,263,570,0,0,0,1.0,1,1.0,1,1.0,1,0.24755528059001944,53
375,4,837,267,570,0,0,0,1.0,1,1.0,1,1.0,1,0.2309601928028455,53
376,2,839,268,571,0,0,0,1.0,1,1.0,1,1.0,1,0.2400222763246022,53
377,3,842,271,571,0,0,0,1.0,1,1.0,1,1.0,1,0.23246475501836597,53
378,1,843,272,571,0,0,0,1.0,1,1.0,1,1.0,1,0.227369537189982,53
379,2,845,273,572,0,0,0,1.0,1,1.0,1,1.0,1,0.23182424900636903,54
380,1,846,274,572,0,0,0,1.0,1,1.0,1,1.0,1,0.24693479565115137,54
381,5,851,275,576,0,0,0,1.0,1,1.0,1,1.0,1,0.16968299089589192,54
382,2,853,275,578,0,0,0,1.0,1,1.0,1,1.0,1,0.14505562311581913,55
383,1,854,276,578,0,0,0,1.0,1,1.0,1,1.0,1,0.14737557487931552,55
384,1,855,277,578,0,0,0,1.0,1,1.0,1,1.0,1,0.15967341267228166,54
385,1,856,278,578,0,0,0,1.0,1,1.0,1,1.0,1,0.1636477655264673,52
386,3,859,280,579,0,0,0,1.0,1,1.0,1,1.0,1,0.16343514963931188,52
387,1,860,281,579,0,0,0,1.0,1,1.0,1,1.0,1,0.18323075722496437,50
388,4,864,283,581,0,0,0,1.0,1,1.0,1,1.0,1,0.14611355373178048,52
389,1,865,284,581,0,0,0,1.0,1,1.0,1,1.0,1,0.17340090085752233,51
390,2,867,286,581,0,0,0,1.0,1,1.0,1,1.0,1,0.1846602956644054,50
391,2,869,288,581,0,0,0,1.0,1,1.0,1,1.0,1,0.21946775824085007,49
392,2,871,289,582,0,0,0,1.0,1,1.0,1,1.0,1,0.19148868716600587,47
393,2,873,291,582,0,0,0,1.0,1,1.0,1,1.0,1,0.27199914815115456,47
394,1,874,292,582,0,0,0,1.0,1,1.0,1,1.0,1,0.29312628127519363,48
395,6,880,293,587,0,0,0,1.0,1,1.0,1,1.0,1,0.2665463110696952,46
396,1,881,294,587,0,0,0,1.0,1,1.0,1,1.0,1,0.29759525184419694,43
397,0,881,294,587,0,0,0,1.0,1,1.0,1,1.0,1,0.3627217137801739,42
398,2,883,296,587,0,0,0,1.0,1,1.0,1,1.0,1,0.4380683200765834,40
399,1,884,296,588,0,0,0,1.0,1,1.0,1,1.0,1,0.4123479657247332,39
400,0,884,296,588,0,0,0,1.0,1,1.0,1,1.0,1,0.39373167608957615,38
401,7,891,296,595,0,0,0,1.0,1,1.0,1,1.0,1,0.3261278496884922,37
402,3,894,298,596,0,0,0,1.0,1,1.0,1,1.0,1,0.27460839583125857,36
403,1,895,299,596,0,0,0,1.0,1,1.0,1,1.0,1,0.23790594262668885,38
404,4,899,301,598,0,0,0,1.0,1,1.0,1,1.0,1,0.22518127860030196,39
405,0,899,301,598,0,0,0,1.0,1,1.0,1,1.0,1,0.20109266150711658,40
406,0,899,301,598,0,0,0,1.0,1,1.0,1,1.0,1,0.21008996452713716,41
407,1,900,301,599,0,0,0,1.0,1,1.0,1,1.0,1,0.19290391373316515,42
408,2,902,301,601,0,0,0,1.0,1,1.0,1,1.0,1,0.18436354029873156,43
409,3,905,302,603,0,0,0,1.0,1,1.0,1,1.0,1,0.22711646717361966,44
410,4,909,302,607,0,0,0,1.0,1,1.0,1,1.0,1,0.2314389406134264,46
411,4,913,302,611,0,0,0,1.0,1,1.0,1,1.0,1,0.2569041789017392,46
412,3,916,302,614,0,0,0,1.0,1,1.0,1,1.0,1,0.24190008254292186,47
413,3,919,302,617,0,0,0,1.0,1,1.0,1,1.0,1,0.26685312412932527,47
414,6,925,302,623,0,0,0,1.0,1,1.0,1,1.0,1,0.26685312412932527,47
415,7,932,303,629,0,0,0,1.0,1,1.0,1,1.0,1,0.2162288348102328,48
416,7,939,303,636,0,0,0,1.0,1,1.0,1,1.0,1,0.20667255621818828,49
417,5,944,304,640,0,0,0,1.0,1,1.0,1,1.0,1,0.22781955348246863,49
418,7,951,304,647,0,0,0,1.0,1,1.0,1,1.0,1,0.23792306930660315,50
419,5,956,304,652,0,0,0,1.0,1,1.0,1,1.0,1,0.23704562598496573,50
420,8,964,304,660,0,0,0,1.0,1,1.0,1,1.0,1,0.24107051882071392,50
421,3,967,304,663,0,0,0,1.0,1,1.0,1,1.0,1,0.16659000236787158,50
422,1,968,304,664,0,0,0,1.0,1,1.0,1,1.0,1,0.16337094130277433,50
423,2,970,306,664,0,0,0,1.0,1,1.0,1,1.0,1,0.16878528249629168,51
424,1,971,307,664,0,0,0,1.0,1,1.0,1,1.0,1,0.16904412067340907,49
425,4,975,309,666,0,0,0,1.0,1,1.0,1,1.0,1,0.18401411684908647,48
426,1,976,309,667,0,0,0,1.0,1,1.0,1,1.0,1,0.18564731085881234,50
427,3,979,311,668,0,0,0,1.0,1,1.0,1,1.0,1,0.21481837355791092,48
428,6,985,315,670,0,0,0,1.0,1,1.0,1,1.0,1,0.2915179280176542,49
429,1,986,315,671,0,0,0,1.0,1,1.0,1,1.0,1,0.2826399882255286,45
430,5,991,316,675,0,0,0,1.0,1,1.0,1,1.0,1,0.30804333484639623,44
431,1,992,317,675,0,0,0,1.0,1,1.0,1,1.0,1,0.29794752897425253,42
432,2,994,318,676,0,0,0,1.0,1,1.0,1,1.0,1,0.28918668801148584,40
433,1,995,319,676,0,0,0,1.0,1,1.0,1,1.0,1,0.2895456482236674,39
434,0,995,319,676,0,0,0,1.0,1,1.0,1,1.0,1,0.2895456482236674,39
435,2,997,321,676,0,0,0,1.0,1,1.0,1,1.0,1,0.294893719455216,38
436,1,998,322,676,0,0,0,1.0,1,1.0,1,1.0,1,0.2826750556246692,38
437,1,999,323,676,0,0,0,1.0,1,1.0,1,1.0,1,0.2985749993469645,39
438,2,1001,324,677,0,0,0,1.0,1,1.0,1,1.0,1,0.2740750655666119,38
439,1,1002,325,677,0,0,0,1.0,1,1.0,1,1.0,1,0.3182323997260861,39
440,0,1002,325,677,0,0,0,1.0,1,1.0,1,1.0,1,0.3182323997260861,39
441,8,1010,326,684,0,0,0,1.0,1,1.0,1,1.0,1,0.21866274625881227,41
442,1,1011,326,685,0,0,0,1.0,1,1.0,1,1.0,1,0.23515893680647712,42
443,0,1011,326,685,0,0,0,1.0,1,1.0,1,1.0,1,0.23515893680647712,42
444,4,1015,326,689,0,0,0,1.0,1,1.0,1,1.0,1,0.22099171014790747,43
445,5,1020,327,693,0,0,0,1.0,1,1.0,1,1.0,1,0.2166691447669194,44
446,5,1025,327,698,0,0,0,1.0,1,1.0,1,1.0,1,0.18732196818352725,44
447,5,1030,328,702,0,0,0,1.0,1,1.0,1,1.0,1,0.2636048925566153,47
448,9,1039,329,710,0,0,0,1.0,1,1.0,1,1.0,1,0.2903550996747662,46
449,3,1042,329,713,0,0,0,1.0,1,1.0,1,1.0,1,0.2656831768723079,46
450,3,1045,329,716,0,0,0,1.0,1,1.0,1,1.0,1,0.3154437933352535,46
451,6,1051,329,722,0,0,0,1.0,1,1.0,1,1.0,1,0.32254381747901195,47
452,3,1054,329,725,0,0,0,1.0,1,1.0,1,1.0,1,0.3166620123166229,47
453,3,1057,329,728,0,0,0,1.0,1,1.0,1,1.0,1,0.33391561413905385,47
454,5,1062,329,733,0,0,0,1.0,1,1.0,1,1.0,1,0.2957752320425165,46
455,7,1069,330,739,0,0,0,1.0,1,1.0,1,1.0,1,0.2692785102637367,47
456,4,1073,331,742,0,0,0,1.0,1,1.0,1,1.0,1,0.2728100658387234,49
457,7,1080,332,748,0,0,0,1.0,1,1.0,1,1.0,1,0.22833459115472862,50
458,5,1085,332,753,0,0,0,1.0,1,1.0,1,1.0,1,0.23904608095071106,50
459,4,1089,332,757,0,0,0,1.0,1,1.0,1,1.0,1,0.22319405609146167,52
460,8,1097,332,765,0,0,0,1.0,1,1.0,1,1.0,1,0.20482287061992774,53
461,3,1100,332,768,0,0,0,1.0,1,1.0,1,1.0,1,0.18589953512793164,54
462,0,1100,332,768,0,0,0,1.0,1,1.0,1,1.0,1,0.18589953512793164,54
463,2,1102,332,770,0,0,0,1.0,1,1.0,1,1.0,1,0.17058429525636098,55
464,3,1105,334,771,0,0,0,1.0,1,1.0,1,1.0,1,0.19129452731926888,56
465,0,1105,334,771,0,0,0,1.0,1,1.0,1,1.0,1,0.17799753192187492,54
466,3,1108,336,772,0,0,0,1.0,1,1.0,1,1.0,1,0.15012630921189515,54
467,2,1110,338,772,0,0,0,1.0,1,1.0,1,1.0,1,0.16202593029400822,51
468,3,1113,340,773,0,0,0,1.0,1,1.0,1,1.0,1,0.14696920551555542,51
469,0,1113,340,773,0,0,0,1.0,1,1.0,1,1.0,1,0.1332394349677795,48
470,3,1116,343,773,0,0,0,1.0,1,1.0,1,1.0,1,0.09499420641412194,47
471,2,1118,345,773,0,0,0,1.0,1,1.0,1,1.0,1,0.1751552405244852,44
472,3,1121,348,773,0,0,0,1.0,1,1.0,1,1.0,1,0.18257803753382168,43
473,2,1123,350,773,0,0,0,1.0,1,1.0,1,1.0,1,0.20967313332469417,41
474,1,1124,351,773,0,0,0,1.0,1,1.0,1,1.0,1,0.21478795880537524,39
475,4,1128,354,774,0,0,0,1.0,1,1.0,1,1.0,1,0.2282910054581751,40
476,3,1131,357,774,0,0,0,1.0,1,1.0,1,1.0,1,0.2894537608899542,38
477,1,1132,358,774,0,0,0,1.0,1,1.0,1,1.0,1,0.3300834304945041,35
478,0,1132,358,774,0,0,0,1.0,1,1.0,1,1.0,1,0.33466917212272157,35
479,1,1133,359,774,0,0,0,1.0,1,1.0,1,1.0,1,0.40443343940291254,32
480,0,1133,359,774,0,0,0,1.0,1,1.0,1,1.0,1,0.40552723704595883,32
481,3,1136,359,777,0,0,0,1.0,1,1.0,1,1.0,1,0.32425991863382286,33
482,2,1138,360,778,0,0,0,1.0,1,1.0,1,1.0,1,0.3471010952478451,34
483,1,1139,361,778,0,0,0,1.0,1,1.0,1,1.0,1,0.3233764252681535,32
484,2,1141,361,780,0,0,0,1.0,1,1.0,1,1.0,1,0.2595515768932512,33
485,2,1143,362,781,0,0,0,1.0,1,1.0,1,1.0,1,0.2466217384112556,34
486,1,1144,362,782,0,0,0,1.0,1,1.0,1,1.0,1,0.24549769203990524,36
487,1,1145,362,783,0,0,0,1.0,1,1.0,1,1.0,1,0.23230859516888389,36
488,1,1146,363,783,0,0,0,1.0,1,1.0,1,1.0,1,0.25268205151460765,37
489,4,1150,365,785,0,0,0,1.0,1,1.0,1,1.0,1,0.27087380987012366,38
490,0,1150,365,785,0,0,0,1.0,1,1.0,1,1.0,1,0.27087380987012366,38
491,0,1150,365,785,0,0,0,1.0,1,1.0,1,1.0,1,0.2739117948078089,37
492,1,1151,366,785,0,0,0,1.0,1,1.0,1,1.0,1,0.2946251092003981,37
493,0,1151,366,785,0,0,0,1.0,1,1.0,1,1.0,1,0.2946251092003981,37
494,3,1154,367,787,0,0,0,1.0,1,1.0,1,1.0,1,0.300703062102407,39
495,0,1154,367,787,0,0,0,1.0,1,1.0,1,1.0,1,0.30236925687695615,40
496,1,1155,367,788,0,0,0,1.0,1,1.0,1,1.0,1,0.29328891210039837,40
497,2,1157,367,790,0,0,0,1.0,1,1.0,1,1.0,1,0.23626558379903903,43
498,0,1157,367,790,0,0,0,1.0,1,1.0,1,1.0,1,0.23626558379903903,43
499,1,1158,368,790,0,0,0,1.0,1,1.0,1,1.0,1,0.24292233988835712,44
500,2,1160,369,791,0,0,0,1.0,1,1.0,1,1.0,1,0.20753442469203573,45
501,3,1163,370,793,0,0,0,1.0,1,1.0,1,1.0,1,0.20412162889712526,45
502,2,1165,371,794,0,0,0,1.0,1,1.0,1,1.0,1,0.1862996414472049,45
503,3,1168,373,795,0,0,0,1.0,1,1.0,1,1.0,1,0.19576310619930862,46
504,3,1171,375,796,0,0,0,1.0,1,1.0,1,1.0,1,0.22788077318760383,47
505,0,1171,375,796,0,0,0,1.0,1,1.0,1,1.0,1,0.24067866208269087,42
506,3,1174,378,796,0,0,0,1.0,1,1.0,1,1.0,1,0.32691705452449815,41
507,0,1174,378,796,0,0,0,1.0,1,1.0,1,1.0,1,0.33579665698590344,38
508,1,1175,379,796,0,0,0,1.0,1,1.0,1,1.0,1,0.37967533923832947,38
509,3,1178,381,797,0,0,0,1.0,1,1.0,1,1.0,1,0.4131054255543897,37
510,2,1180,381,799,0,0,0,1.0,1,1.0,1,1.0,1,0.3895793656344712,36
511,0,1180,381,799,0,0,0,1.0,1,1.0,1,1.0,1,0.3690206954862758,34
512,0,1180,381,799,0,0,0,1.0,1,1.0,1,1.0,1,0.35322778857843845,32
513,0,1180,381,799,0,0,0,1.0,1,1.0,1,1.0,1,0.35322778857843845,32
514,0,1180,381,799,0,0,0,1.0,1,1.0,1,1.0,1,0.37922240712010913,35
515,0,1180,381,799,0,0,0,1.0,1,1.0,1,1.0,1,0.37922240712010913,35
516,1,1181,381,800,0,0,0,1.0,1,1.0,1,1.0,1,0.37888419574896526,36
517,0,1181,381,800,0,0,0,1.0,1,1.0,1,1.0,1,0.37888419574896526,36
518,0,1181,381,800,0,0,0,1.0,1,1.0,1,1.0,1,0.4029144024774034,39
519,1,1182,382,800,0,0,0,1.0,1,1.0,1,1.0,1,0.38098705557247375,39
520,1,1183,383,800,0,0,0,1.0,1,1.0,1,1.0,1,0.4189837700348503,39
521,9,1192,384,808,0,0,0,1.0,1,1.0,1,1.0,1,0.2751660363521671,40
522,2,1194,385,809,0,0,0,1.0,1,1.0,1,1.0,1,0.26995664935431407,40
523,0,1194,385,809,0,0,0,1.0,1,1.0,1,1.0,1,0.2740825103005943,41
524,2,1196,387,809,0,0,0,1.0,1,1.0,1,1.0,1,0.27232274149146557,41
525,1,1197,388,809,0,0,0,1.0,1,1.0,1,1.0,1,0.29172425365003885,40
526,0,1197,388,809,0,0,0,1.0,1,1.0,1,1.0,1,0.30031537514923645,40
527,0,1197,388,809,0,0,0,1.0,1,1.0,1,1.0,1,0.30031537514923645,40
528,3,1200,389,811,0,0,0,1.0,1,1.0,1,1.0,1,0.31680264474708875,40
529,0,1200,389,811,0,0,0,1.0,1,1.0,1,1.0,1,0.33270739662875704,39
530,1,1201,389,812,0,0,0,1.0,1,1.0,1,1.0,1,0.30438727864834336,39
531,1,1202,390,812,0,0,0,1.0,1,1.0,1,1.0,1,0.28354758782409556,39
532,1,1203,390,813,0,0,0,1.0,1,1.0,1,1.0,1,0.3080109991857145,40
533,2,1205,391,814,0,0,0,1.0,1,1.0,1,1.0,1,0.3430512105814666,40
534,1,1206,391,815,0,0,0,1.0,1,1.0,1,1.0,1,0.3411587676645179,42
535,3,1209,392,817,0,0,0,1.0,1,1.0,1,1.0,1,0.37984494565753824,42
536,2,1211,392,819,0,0,0,1.0,1,1.0,1,1.0,1,0.38759211826576523,43
537,2,1213,392,821,0,0,0,1.0,1,1.0,1,1.0,1,0.39835925325766,43
538,0,1213,392,821,0,0,0,1.0,1,1.0,1,1.0,1,0.3990277615997211,44
539,1,1214,392,822,0,0,0,1.0,1,1.0,1,1.0,1,0.3853133683060607,44
540,3,1217,393,824,0,0,0,1.0,1,1.0,1,1.0,1,0.3780556627500813,44
541,4,1221,393,828,0,0,0,1.0,1,1.0,1,1.0,1,0.30191388142856296,45
542,1,1222,394,828,0,0,0,1.0,1,1.0,1,1.0,1,0.3068753059433118,46
543,1,1223,395,828,0,0,0,1.0,1,1.0,1,1.0,1,0.3229796489126532,43
544,2,1225,397,828,0,0,0,1.0,1,1.0,1,1.0,1,0.33024251358265283,42
545,6,1231,398,833,0,0,0,1.0,1,1.0,1,1.0,1,0.25571794433141803,43
546,2,1233,400,833,0,0,0,1.0,1,1.0,1,1.0,1,0.2986544791929221,41
547,1,1234,400,834,0,0,0,1.0,1,1.0,1,1.0,1,0.25302600656291035,40
548,5,1239,403,836,0,0,0,1.0,1,1.0,1,1.0,1,0.3357450857244252,40
549,2,1241,405,836,0,0,0,1.0,1,1.0,1,1.0,1,0.37380523628073264,39
550,0,1241,405,836,0,0,0,1.0,1,1.0,1,1.0,1,0.35559805819663726,38
551,2,1243,407,836,0,0,0,1.0,1,1.0,1,1.0,1,0.38688908543808864,38
552,1,1244,408,836,0,0,0,1.0,1,1.0,1,1.0,1,0.4114262693424269,39
553,2,1246,408,838,0,0,0,1.0,1,1.0,1,1.0,1,0.37872225992916464,38
554,1,1247,409,838,0,0,0,1.0,1,1.0,1,1.0,1,0.4032530576119468,39
555,0,1247,409,838,0,0,0,1.0,1,1.0,1,1.0,1,0.39187621024173835,39
556,2,1249,410,839,0,0,0,1.0,1,1.0,1,1.0,1,0.39492750999652193,40
557,1,1250,410,840,0,0,0,1.0,1,1.0,1,1.0,1,0.39957754683336166,40
558,1,1251,410,841,0,0,0,1.0,1,1.0,1,1.0,1,0.37607542745673833,40
559,2,1253,411,842,0,0,0,1.0,1,1.0,1,1.0,1,0.36123139120766584,40
560,1,1254,411,843,0,0,0,1.0,1,1.0,1,1.0,1,0.353524068061342,41
561,7,1261,412,849,0,0,0,1.0,1,1.0,1,1.0,1,0.27283723420237854,42
562,1,1262,413,849,0,0,0,1.0,1,1.0,1,1.0,1,0.2714349028088137,42
563,3,1265,415,850,0,0,0,1.0,1,1.0,1,1.0,1,0.3191783173311912,42
564,2,1267,415,852,0,0,0,1.0,1,1.0,1,1.0,1,0.28488516937055836,43
565,1,1268,415,853,0,0,0,1.0,1,1.0,1,1.0,1,0.2744153510736371,44
566,1,1269,415,854,0,0,0,1.0,1,1.0,1,1.0,1,0.2785922178474048,45
567,1,1270,416,854,0,0,0,1.0,1,1.0,1,1.0,1,0.30624997374628454,45
568,4,1274,416,858,0,0,0,1.0,1,1.0,1,1.0,1,0.22114629857104984,46
569,0,1274,416,858,0,0,0,1.0,1,1.0,1,1.0,1,0.2059215666630436,47
570,3,1277,417,860,0,0,0,1.0,1,1.0,1,1.0,1,0.2391524914244888,48
571,2,1279,418,861,0,0,0,1.0,1,1.0,1,1.0,1,0.23415557275678012,48
572,0,1279,418,861,0,0,0,1.0,1,1.0,1,1.0,1,0.24351925848200637,47
573,0,1279,418,861,0,0,0,1.0,1,1.0,1,1.0,1,0.24793530326505106,49
574,0,1279,418,861,0,0,0,1.0,1,1.0,1,1.0,1,0.24793530326505106,49
575,0,1279,418,861,0,0,0,1.0,1,1.0,1,1.0,1,0.24205349839295415,50
576,2,1281,418,863,0,0,0,1.0,1,1.0,1,1.0,1,0.241483928716694,51
577,3,1284,418,866,0,0,0,1.0,1,1.0,1,1.0,1,0.2129244750878874,51
578,5,1289,419,870,0,0,0,1.0,1,1.0,1,1.0,1,0.21051705795909373,51
579,2,1291,419,872,0,0,0,1.0,1,1.0,1,1.0,1,0.20658700094877647,52
580,8,1299,420,879,0,0,0,1.0,1,1.0,1,1.0,1,0.18995594883151834,52
581,4,1303,421,882,0,0,0,1.0,1,1.0,1,1.0,1,0.1216424055308384,52
582,0,1303,421,882,0,0,0,1.0,1,1.0,1,1.0,1,0.1326951416082741,53
583,1,1304,422,882,0,0,0,1.0,1,1.0,1,1.0,1,0.13089868459787982,51
584,3,1307,425,882,0,0,0,1.0,1,1.0,1,1.0,1,0.12758085641911165,51
585,3,1310,428,882,0,0,0,1.0,1,1.0,1,1.0,1,0.1949243422432159,49
586,1,1311,429,882,0,0,0,1.0,1,1.0,1,1.0,1,0.18857402841735216,49
587,1,1312,430,882,0,0,0,1.0,1,1.0,1,1.0,1,0.24096324652697607,48
588,2,1314,432,882,0,0,0,1.0,1,1.0,1,1.0,1,0.28369869690603156,46
589,3,1317,433,884,0,0,0,1.0,1,1.0,1,1.0,1,0.26735948064335874,48
590,1,1318,434,884,0,0,0,1.0,1,1.0,1,1.0,1,0.2491824368289082,47
591,2,1320,436,884,0,0,0,1.0,1,1.0,1,1.0,1,0.23981964356926194,48
592,0,1320,436,884,0,0,0,1.0,1,1.0,1,1.0,1,0.25032588703418895,47
593,3,1323,439,884,0,0,0,1.0,1,1.0,1,1.0,1,0.29216479232849557,45
594,2,1325,440,885,0,0,0,1.0,1,1.0,1,1.0,1,0.2857748722383106,44
595,3,1328,443,885,0,0,0,1.0,1,1.0,1,1.0,1,0.3045716678539217,43
596,2,1330,444,886,0,0,0,1.0,1,1.0,1,1.0,1,0.33688601631288123,44
597,0,1330,444,886,0,0,0,1.0,1,1.0,1,1.0,1,0.34128176063086374,43
598,3,1333,445,888,0,0,0,1.0,1,1.0,1,1.0,1,0.30429676881950335,45
599,3,1336,447,889,0,0,0,1.0,1,1.0,1,1.0,1,0.33474712614509916,44
600,1,1337,447,890,0,0,0,1.0,1,1.0,1,1.0,1,0.31499876997164566,44
601,5,1342,447,895,0,0,0,1.0,1,1.0,1,1.0,1,0.24272614793448452,45
602,2,1344,448,896,0,0,0,1.0,1,1.0,1,1.0,1,0.27638760335690793,46
603,0,1344,448,896,0,0,0,1.0,1,1.0,1,1.0,1,0.28237290661036996,46
604,1,1345,448,897,0,0,0,1.0,1,1.0,1,1.0,1,0.2595253966764465,47
605,1,1346,449,897,0,0,0,1.0,1,1.0,1,1.0,1,0.2544825903013687,47
606,0,1346,449,897,0,0,0,1.0,1,1.0,1,1.0,1,0.2672773272540898,47
607,2,1348,449,899,0,0,0,1.0,1,1.0,1,1.0,1,0.2777403268111558,48
608,2,1350,449,901,0,0,0,1.0,1,1.0,1,1.0,1,0.30648526967130685,47
609,6,1356,449,907,0,0,0,1.0,1,1.0,1,1.0,1,0.2896999717029328,48
610,1,1357,449,908,0,0,0,1.0,1,1.0,1,1.0,1,0.31082431322130744,48
611,5,1362,451,911,0,0,0,1.0,1,1.0,1,1.0,1,0.2705864331485657,49
612,4,1366,451,915,0,0,0,1.0,1,1.0,1,1.0,1,0.24242536002582526,50
613,4,1370,452,918,0,0,0,1.0,1,1.0,1,1.0,1,0.2430103601210021,50
614,0,1370,452,918,0,0,0,1.0,1,1.0,1,1.0,1,0.2430103601210021,50
615,3,1373,453,920,0,0,0,1.0,1,1.0,1,1.0,1,0.219954858697461,50
616,2,1375,453,922,0,0,0,1.0,1,1.0,1,1.0,1,0.219954858697461,50
617,3,1378,453,925,0,0,0,1.0,1,1.0,1,1.0,1,0.22155789078751523,52
618,1,1379,453,926,0,0,0,1.0,1,1.0,1,1.0,1,0.22746279681861004,52
619,1,1380,453,927,0,0,0,1.0,1,1.0,1,1.0,1,0.20131014704332834,50
620,1,1381,453,928,0,0,0,1.0,1,1.0,1,1.0,1,0.19979359021975193,50
621,3,1384,455,929,0,0,0,1.0,1,1.0,1,1.0,1,0.2196003534548318,49
622,1,1385,455,930,0,0,0,1.0,1,1.0,1,1.0,1,0.20171234021597442,49
623,2,1387,456,931,0,0,0,1.0,1,1.0,1,1.0,1,0.1701915128588897,48
624,3,1390,459,931,0,0,0,1.0,1,1.0,1,1.0,1,0.24597760453189327,46
625,1,1391,460,931,0,0,0,1.0,1,1.0,1,1.0,1,0.23420438864283924,45
626,6,1397,463,934,0,0,0,1.0,1,1.0,1,1.0,1,0.24335016461523654,44
627,2,1399,465,934,0,0,0,1.0,1,1.0,1,1.0,1,0.3025544065197282,44
628,3,1402,467,935,0,0,0,1.0,1,1.0,1,1.0,1,0.3101174327239545,44
629,1,1403,467,936,0,0,0,1.0,1,1.0,1,1.0,1,0.25810494865350603,41
630,4,1407,470,937,0,0,0,1.0,1,1.0,1,1.0,1,0.2890748215529774,40
631,2,1409,472,937,0,0,0,1.0,1,1.0,1,1.0,1,0.3888946271294444,38
632,2,1411,473,938,0,0,0,1.0,1,1.0,1,1.0,1,0.3896036936063938,38
633,0,1411,473,938,0,0,0,1.0,1,1.0,1,1.0,1,0.392300291944351,36
634,0,1411,473,938,0,0,0,1.0,1,1.0,1,1.0,1,0.3858558083259768,35
635,1,1412,474,938,0,0,0,1.0,1,1.0,1,1.0,1,0.3978488553142322,35
636,1,1413,475,938,0,0,0,1.0,1,1.0,1,1.0,1,0.4514061392661844,36
637,1,1414,475,939,0,0,0,1.0,1,1.0,1,1.0,1,0.41665466530265954,35
638,1,1415,476,939,0,0,0,1.0,1,1.0,1,1.0,1,0.4357291906313777,34
639,1,1416,477,939,0,0,0,1.0,1,1.0,1,1.0,1,0.4222024159407389,36
640,3,1419,478,941,0,0,0,1.0,1,1.0,1,1.0,1,0.41696102922741113,37
641,7,1426,478,948,0,0,0,1.0,1,1.0,1,1.0,1,0.2617864570976226,37
642,1,1427,478,949,0,0,0,1.0,1,1.0,1,1.0,1,0.22098303476373804,38
643,4,1431,479,952,0,0,0,1.0,1,1.0,1,1.0,1,0.1955958907454309,39
644,3,1434,480,954,0,0,0,1.0,1,1.0,1,1.0,1,0.24036898600746584,39
645,5,1439,480,959,0,0,0,1.0,1,1.0,1,1.0,1,0.21796987353954075,39
646,5,1444,481,963,0,0,0,1.0,1,1.0,1,1.0,1,0.2649255952692642,40
647,4,1448,481,967,0,0,0,1.0,1,1.0,1,1.0,1,0.2643466257334771,40
648,4,1452,481,971,0,0,0,1.0,1,1.0,1,1.0,1,0.2617325843806786,40
649,6,1458,481,977,0,0,0,1.0,1,1.0,1,1.0,1,0.2746335674798615,40
650,5,1463,481,982,0,0,0,1.0,1,1.0,1,1.0,1,0.2942997575865093,41
651,7,1470,482,988,0,0,0,1.0,1,1.0,1,1.0,1,0.30204144076116846,42
652,8,1478,482,996,0,0,0,1.0,1,1.0,1,1.0,1,0.3121799178699755,41
653,6,1484,482,1002,0,0,0,1.0,1,1.0,1,1.0,1,0.3121799178699755,41
654,6,1490,482,1008,0,0,0,1.0,1,1.0,1,1.0,1,0.3162642038011804,42
655,7,1497,482,1015,0,0,0,1.0,1,1.0,1,1.0,1,0.279233118389076,45
656,9,1506,485,1021,0,0,0,1.0,1,1.0,1,1.0,1,0.33642114419573066,45
657,4,1510,485,1025,0,0,0,1.0,1,1.0,1,1.0,1,0.29867475922509334,43
658,5,1515,486,1029,0,0,0,1.0,1,1.0,1,1.0,1,0.30313240400833996,43
659,1,1516,487,1029,0,0,0,1.0,1,1.0,1,1.0,1,0.25791331766720305,43
660,3,1519,488,1031,0,0,0,1.0,1,1.0,1,1.0,1,0.27825885908467424,43
661,1,1520,489,1031,0,0,0,1.0,1,1.0,1,1.0,1,0.2924638369665265,41
662,0,1520,489,1031,0,0,0,1.0,1,1.0,1,1.0,1,0.3406142900814051,40
663,2,1522,490,1032,0,0,0,1.0,1,1.0,1,1.0,1,0.3186074970433182,39
664,1,1523,491,1032,0,0,0,1.0,1,1.0,1,1.0,1,0.3359492237985488,36
665,1,1524,491,1033,0,0,0,1.0,1,1.0,1,1.0,1,0.3099832445749506,36
666,3,1527,494,1033,0,0,0,1.0,1,1.0,1,1.0,1,0.3090875167682242,36
667,2,1529,494,1035,0,0,0,1.0,1,1.0,1,1.0,1,0.2645694925410794,35
668,2,1531,496,1035,0,0,0,1.0,1,1.0,1,1.0,1,0.3021669841015711,34
669,3,1534,499,1035,0,0,0,1.0,1,1.0,1,1.0,1,0.3381641649614549,34
670,1,1535,500,1035,0,0,0,1.0,1,1.0,1,1.0,1,0.37713192411715457,32
671,1,1536,501,1035,0,0,0,1.0,1,1.0,1,1.0,1,0.38071488942129594,33
672,0,1536,501,1035,0,0,0,1.0,1,1.0,1,1.0,1,0.40835127232119994,32
673,0,1536,501,1035,0,0,0,1.0,1,1.0,1,1.0,1,0.40835127232119994,32
674,3,1539,503,1036,0,0,0,1.0,1,1.0,1,1.0,1,0.4405626860964038,32
675,3,1542,505,1037,0,0,0,1.0,1,1.0,1,1.0,1,0.4651596160008754,34
676,4,1546,506,1040,0,0,0,1.0,1,1.0,1,1.0,1,0.3477351205810851,35
677,0,1546,506,1040,0,0,0,1.0,1,1.0,1,1.0,1,0.3477351205810851,35
678,2,1548,508,1040,0,0,0,1.0,1,1.0,1,1.0,1,0.30364168592983415,35
679,3,1551,509,1042,0,0,0,1.0,1,1.0,1,1.0,1,0.2780132123271876,36
680,2,1553,510,1043,0,0,0,1.0,1,1.0,1,1.0,1,0.23903942975037293,37
681,3,1556,510,1046,0,0,0,1.0,1,1.0,1,1.0,1,0.17087372750053295,37
682,1,1557,511,1046,0,0,0,1.0,1,1.0,1,1.0,1,0.16332624894207434,37
683,0,1557,511,1046,0,0,0,1.0,1,1.0,1,1.0,1,0.1482403159828547,38
684,2,1559,512,1047,0,0,0,1.0,1,1.0,1,1.0,1,0.15923874078535383,39
685,0,1559,512,1047,0,0,0,1.0,1,1.0,1,1.0,1,0.14606545319693934,38
686,0,1559,512,1047,0,0,0,1.0,1,1.0,1,1.0,1,0.13635970103376666,37
687,2,1561,513,1048,0,0,0,1.0,1,1.0,1,1.0,1,0.19299153169231742,38
688,0,1561,513,1048,0,0,0,1.0,1,1.0,1,1.0,1,0.1873955254202014,37
689,3,1564,515,1049,0,0,0,1.0,1,1.0,1,1.0,1,0.2543227311750587,39
690,1,1565,515,1050,0,0,0,1.0,1,1.0,1,1.0,1,0.2507721250399417,38
691,1,1566,516,1050,0,0,0,1.0,1,1.0,1,1.0,1,0.24480147566270816,38
692,1,1567,517,1050,0,0,0,1.0,1,1.0,1,1.0,1,0.24359212628139124,38
693,3,1570,519,1051,0,0,0,1.0,1,1.0,1,1.0,1,0.26694051261472707,40
694,4,1574,521,1053,0,0,0,1.0,1,1.0,1,1.0,1,0.31133857638331,42
695,1,1575,521,1054,0,0,0,1.0,1,1.0,1,1.0,1,0.2612244348916159,40
696,1,1576,522,1054,0,0,0,1.0,1,1.0,1,1.0,1,0.2798124403435108,39
697,0,1576,522,1054,0,0,0,1.0,1,1.0,1,1.0,1,0.28342493186223816,39
698,2,1578,523,1055,0,0,0,1.0,1,1.0,1,1.0,1,0.2563621578058536,37
699,0,1578,523,1055,0,0,0,1.0,1,1.0,1,1.0,1,0.2462716076632541,37
700,4,1582,525,1057,0,0,0,1.0,1,1.0,1,1.0,1,0.2511151445296488,37
701,4,1586,527,1059,0,0,0,1.0,1,1.0,1,1.0,1,0.2144821011760818,37
702,0,1586,527,1059,0,0,0,1.0,1,1.0,1,1.0,1,0.222618553631066,38
703,7,1593,531,1062,0,0,0,1.0,1,1.0,1,1.0,1,0.21295554894901983,36
704,2,1595,532,1063,0,0,0,1.0,1,1.0,1,1.0,1,0.1845419760142652,36
705,1,1596,533,1063,0,0,0,1.0,1,1.0,1,1.0,1,0.16571029973645066,36
706,3,1599,536,1063,0,0,0,1.0,1,1.0,1,1.0,1,0.23340006898568708,35
707,2,1601,538,1063,0,0,0,1.0,1,1.0,1,1.0,1,0.2578215684135661,36
708,4,1605,540,1065,0,0,0,1.0,1,1.0,1,1.0,1,0.24899082544619328,36
709,2,1607,541,1066,0,0,0,1.0,1,1.0,1,1.0,1,0.24255491349467606,34
710,1,1608,542,1066,0,0,0,1.0,1,1.0,1,1.0,1,0.25472220908943777,34
711,0,1608,542,1066,0,0,0,1.0,1,1.0,1,1.0,1,0.25751117021306447,34
712,2,1610,544,1066,0,0,0,1.0,1,1.0,1,1.0,1,0.2812103562107475,35
713,4,1614,546,1068,0,0,0,1.0,1,1.0,1,1.0,1,0.2814423553447693,34
714,0,1614,546,1068,0,0,0,1.0,1,1.0,1,1.0,1,0.26171033113523995,34
715,1,1615,546,1069,0,0,0,1.0,1,1.0,1,1.0,1,0.27040984529786966,35
716,0,1615,546,1069,0,0,0,1.0,1,1.0,1,1.0,1,0.29329268285815296,33
717,1,1616,547,1069,0,0,0,1.0,1,1.0,1,1.0,1,0.36075085757130654,33
718,1,1617,548,1069,0,0,0,1.0,1,1.0,1,1.0,1,0.40098669993614083,32
719,3,1620,549,1071,0,0,0,1.0,1,1.0,1,1.0,1,0.40917363806525053,32
720,3,1623,549,1074,0,0,0,1.0,1,1.0,1,1.0,1,0.39865972854187476,33
721,3,1626,549,1077,0,0,0,1.0,1,1.0,1,1.0,1,0.33111216389786907,33
722,2,1628,550,1078,0,0,0,1.0,1,1.0,1,1.0,1,0.32052521808776574,34
723,0,1628,550,1078,0,0,0,1.0,1,1.0,1,1.0,1,0.32052521808776574,34
724,2,1630,550,1080,0,0,0,1.0,1,1.0,1,1.0,1,0.28535512453087536,36
725,0,1630,550,1080,0,0,0,1.0,1,1.0,1,1.0,1,0.28535512453087536,36
726,3,1633,551,1082,0,0,0,1.0,1,1.0,1,1.0,1,0.2582374708565972,36
727,1,1634,551,1083,0,0,0,1.0,1,1.0,1,1.0,1,0.22469413354597903,36
728,1,1635,551,1084,0,0,0,1.0,1,1.0,1,1.0,1,0.23232963415288763,37
729,0,1635,551,1084,0,0,0,1.0,1,1.0,1,1.0,1,0.24909275516013246,37
730,0,1635,551,1084,0,0,0,1.0,1,1.0,1,1.0,1,0.25794414193324483,38
731,0,1635,551,1084,0,0,0,1.0,1,1.0,1,1.0,1,0.27591540309243945,39
732,1,1636,551,1085,0,0,0,1.0,1,1.0,1,1.0,1,0.24833481499153745,41
733,1,1637,552,1085,0,0,0,1.0,1,1.0,1,1.0,1,0.23481034621212987,39
734,2,1639,554,1085,0,0,0,1.0,1,1.0,1,1.0,1,0.2615509786285734,39
735,0,1639,554,1085,0,0,0,1.0,1,1.0,1,1.0,1,0.267452135426261,39
736,1,1640,554,1086,0,0,0,1.0,1,1.0,1,1.0,1,0.29041223083133966,38
737,1,1641,555,1086,0,0,0,1.0,1,1.0,1,1.0,1,0.32685598077650857,39
738,0,1641,555,1086,0,0,0,1.0,1,1.0,1,1.0,1,0.30049994581931394,37
739,2,1643,557,1086,0,0,0,1.0,1,1.0,1,1.0,1,0.35592171488870294,37
740,0,1643,557,1086,0,0,0,1.0,1,1.0,1,1.0,1,0.3353502370930478,35
741,3,1646,557,1089,0,0,0,1.0,1,1.0,1,1.0,1,0.2379751790270569,33
742,2,1648,558,1090,0,0,0,1.0,1,1.0,1,1.0,1,0.2794921511466761,35
743,3,1651,561,1090,0,0,0,1.0,1,1.0,1,1.0,1,0.3526237484147368,35
744,4,1655,564,1091,0,0,0,1.0,1,1.0,1,1.0,1,0.26843656062690024,34
745,4,1659,566,1093,0,0,0,1.0,1,1.0,1,1.0,1,0.26090953332556943,34
746,1,1660,567,1093,0,0,0,1.0,1,1.0,1,1.0,1,0.23352560984885523,33
747,0,1660,567,1093,0,0,0,1.0,1,1.0,1,1.0,1,0.22810627884522333,32
748,1,1661,567,1094,0,0,0,1.0,1,1.0,1,1.0,1,0.2038527880444818,33
749,1,1662,568,1094,0,0,0,1.0,1,1.0,1,1.0,1,0.19525125780991343,33
750,2,1664,569,1095,0,0,0,1.0,1,1.0,1,1.0,1,0.2165030015930083,34
751,1,1665,570,1095,0,0,0,1.0,1,1.0,1,1.0,1,0.2178278872255756,36
752,3,1668,572,1096,0,0,0,1.0,1,1.0,1,1.0,1,0.27423462163006623,35
753,0,1668,572,1096,0,0,0,1.0,1,1.0,1,1.0,1,0.28524847172487805,37
754,2,1670,573,1097,0,0,0,1.0,1,1.0,1,1.0,1,0.28641791741720146,37
755,2,1672,574,1098,0,0,0,1.0,1,1.0,1,1.0,1,0.28891789510732163,35
756,4,1676,575,1101,0,0,0,1.0,1,1.0,1,1.0,1,0.3249215580369362,36
757,1,1677,575,1102,0,0,0,1.0,1,1.0,1,1.0,1,0.3474337625947099,35
758,1,1678,575,1103,0,0,0,1.0,1,1.0,1,1.0,1,0.32460088921333746,36
759,1,1679,575,1104,0,0,0,1.0,1,1.0,1,1.0,1,0.3455849010286178,37
760,2,1681,575,1106,0,0,0,1.0,1,1.0,1,1.0,1,0.3713447985428057,36
761,7,1688,575,1113,0,0,0,1.0,1,1.0,1,1.0,1,0.2033425651470123,36
762,0,1688,575,1113,0,0,0,1.0,1,1.0,1,1.0,1,0.21570561192514867,37
763,0,1688,575,1113,0,0,0,1.0,1,1.0,1,1.0,1,0.2280851949209555,38
764,0,1688,575,1113,0,0,0,1.0,1,1.0,1,1.0,1,0.2280851949209555,38
765,0,1688,575,1113,0,0,0,1.0,1,1.0,1,1.0,1,0.2280851949209555,38
766,0,1688,575,1113,0,0,0,1.0,1,1.0,1,1.0,1,0.21863181424037648,40
767,2,1690,575,1115,0,0,0,1.0,1,1.0,1,1.0,1,0.18874513897074852,41
768,1,1691,576,1115,0,0,0,1.0,1,1.0,1,1.0,1,0.21267443719151913,41
769,0,1691,576,1115,0,0,0,1.0,1,1.0,1,1.0,1,0.22474306298340369,42
770,0,1691,576,1115,0,0,0,1.0,1,1.0,1,1.0,1,0.266813737995684,41
771,0,1691,576,1115,0,0,0,1.0,1,1.0,1,1.0,1,0.24915522475760732,41
772,2,1693,578,1115,0,0,0,1.0,1,1.0,1,1.0,1,0.26231148798795884,41
773,1,1694,578,1116,0,0,0,1.0,1,1.0,1,1.0,1,0.2525510199766123,41
774,2,1696,580,1116,0,0,0,1.0,1,1.0,1,1.0,1,0.2773255165590292,42
775,3,1699,580,1119,0,0,0,1.0,1,1.0,1,1.0,1,0.2439288324710322,42
776,2,1701,580,1121,0,0,0,1.0,1,1.0,1,1.0,1,0.26475218793225075,42
777,2,1703,580,1123,0,0,0,1.0,1,1.0,1,1.0,1,0.25253665905220946,42
778,2,1705,580,1125,0,0,0,1.0,1,1.0,1,1.0,1,0.275055703110846,44
779,1,1706,581,1125,0,0,0,1.0,1,1.0,1,1.0,1,0.28798256511823356,44
780,5,1711,582,1129,0,0,0,1.0,1,1.0,1,1.0,1,0.24051644587977716,44
781,3,1714,582,1132,0,0,0,1.0,1,1.0,1,1.0,1,0.219253908492486,46
782,2,1716,583,1133,0,0,0,1.0,1,1.0,1,1.0,1,0.18140055342549066,45
783,0,1716,583,1133,0,0,0,1.0,1,1.0,1,1.0,1,0.1603175407407275,44
784,1,1717,584,1133,0,0,0,1.0,1,1.0,1,1.0,1,0.19536903262630712,44
785,1,1718,585,1133,0,0,0,1.0,1,1.0,1,1.0,1,0.20436398488084792,43
786,0,1718,585,1133,0,0,0,1.0,1,1.0,1,1.0,1,0.20436398488084792,43
787,0,1718,585,1133,0,0,0,1.0,1,1.0,1,1.0,1,0.20436398488084792,43
788,3,1721,587,1134,0,0,0,1.0,1,1.0,1,1.0,1,0.21086188496774524,45
789,2,1723,588,1135,0,0,0,1.0,1,1.0,1,1.0,1,0.20809836610913351,46
790,1,1724,589,1135,0,0,0,1.0,1,1.0,1,1.0,1,0.2426046063130297,45
791,3,1727,590,1137,0,0,0,1.0,1,1.0,1,1.0,1,0.24193930816930206,46
792,1,1728,590,1138,0,0,0,1.0,1,1.0,1,1.0,1,0.2799040586736216,46
793,0,1728,590,1138,0,0,0,1.0,1,1.0,1,1.0,1,0.2799040586736216,46
794,1,1729,590,1139,0,0,0,1.0,1,1.0,1,1.0,1,0.2756313770767608,47
795,0,1729,590,1139,0,0,0,1.0,1,1.0,1,1.0,1,0.2756313770767608,47
796,1,1730,591,1139,0,0,0,1.0,1,1.0,1,1.0,1,0.29615666109432726,46
797,2,1732,593,1139,0,0,0,1.0,1,1.0,1,1.0,1,0.3041199869670641,47
798,6,1738,594,1144,0,0,0,1.0,1,1.0,1,1.0,1,0.2684450013571001,48
799,3,1741,594,1147,0,0,0,1.0,1,1.0,1,1.0,1,0.2218489056308635,48
800,3,1744,595,1149,0,0,0,1.0,1,1.0,1,1.0,1,0.20441145400662944,48
801,4,1748,596,1152,0,0,0,1.0,1,1.0,1,1.0,1,0.1767895551930342,49
802,0,1748,596,1152,0,0,0,1.0,1,1.0,1,1.0,1,0.17522083203671057,50
803,0,1748,596,1152,0,0,0,1.0,1,1.0,1,1.0,1,0.18386989833924308,49
804,3,1751,599,1152,0,0,0,1.0,1,1.0,1,1.0,1,0.20606245095352396,50
805,0,1751,599,1152,0,0,0,1.0,1,1.0,1,1.0,1,0.20606245095352396,50
806,0,1751,599,1152,0,0,0,1.0,1,1.0,1,1.0,1,0.20606245095352396,50
807,2,1753,599,1154,0,0,0,1.0,1,1.0,1,1.0,1,0.18794366717797847,51
808,1,1754,600,1154,0,0,0,1.0,1,1.0,1,1.0,1,0.21820823918055302,51
809,5,1759,601,1158,0,0,0,1.0,1,1.0,1,1.0,1,0.17837613323720516,51
810,1,1760,601,1159,0,0,0,1.0,1,1.0,1,1.0,1,0.1790815502776022,52
811,1,1761,601,1160,0,0,0,1.0,1,1.0,1,1.0,1,0.14266730890385465,50
812,1,1762,602,1160,0,0,0,1.0,1,1.0,1,1.0,1,0.18593784353669965,48
813,2,1764,603,1161,0,0,0,1.0,1,1.0,1,1.0,1,0.2036315843504432,49
814,0,1764,603,1161,0,0,0,1.0,1,1.0,1,1.0,1,0.19176231418895415,48
815,3,1767,606,1161,0,0,0,1.0,1,1.0,1,1.0,1,0.30343201507318085,48
816,2,1769,607,1162,0,0,0,1.0,1,1.0,1,1.0,1,0.26244558376508276,46
817,0,1769,607,1162,0,0,0,1.0,1,1.0,1,1.0,1,0.30980745688581784,44
818,0,1769,607,1162,0,0,0,1.0,1,1.0,1,1.0,1,0.3075462610784045,46
819,0,1769,607,1162,0,0,0,1.0,1,1.0,1,1.0,1,0.3102833344826737,44
820,0,1769,607,1162,0,0,0,1.0,1,1.0,1,1.0,1,0.31490273183805,44
821,3,1772,607,1165,0,0,0,1.0,1,1.0,1,1.0,1,0.2564517643017535,44
822,2,1774,609,1165,0,0,0,1.0,1,1.0,1,1.0,1,0.3105350234685953,44
823,2,1776,610,1166,0,0,0,1.0,1,1.0,1,1.0,1,0.27700556946024474,42
824,4,1780,614,1166,0,0,0,1.0,1,1.0,1,1.0,1,0.2612650023455497,42
825,3,1783,615,1168,0,0,0,1.0,1,1.0,1,1.0,1,0.19831334608175433,40
826,2,1785,617,1168,0,0,0,1.0,1,1.0,1,1.0,1,0.20146129238157853,41
827,1,1786,618,1168,0,0,0,1.0,1,1.0,1,1.0,1,0.18059261580374564,40
828,3,1789,621,1168,0,0,0,1.0,1,1.0,1,1.0,1,0.20156809308142384,40
829,3,1792,623,1169,0,0,0,1.0,1,1.0,1,1.0,1,0.2183132242365561,42
830,2,1794,625,1169,0,0,0,1.0,1,1.0,1,1.0,1,0.258539010296689,42
831,4,1798,627,1171,0,0,0,1.0,1,1.0,1,1.0,1,0.24584181780196082,43
832,4,1802,629,1173,0,0,0,1.0,1,1.0,1,1.0,1,0.2581072125507526,42
833,0,1802,629,1173,0,0,0,1.0,1,1.0,1,1.0,1,0.2819169813769542,41
834,2,1804,630,1174,0,0,0,1.0,1,1.0,1,1.0,1,0.29733855947423393,41
835,0,1804,630,1174,0,0,0,1.0,1,1.0,1,1.0,1,0.3071961388347976,41
836,0,1804,630,1174,0,0,0,1.0,1,1.0,1,1.0,1,0.33079091327273913,40
837,0,1804,630,1174,0,0,0,1.0,1,1.0,1,1.0,1,0.3126491853549638,41
838,1,1805,630,1175,0,0,0,1.0,1,1.0,1,1.0,1,0.3118284182340576,41
839,1,1806,631,1175,0,0,0,1.0,1,1.0,1,1.0,1,0.2833830790754537,41
840,2,1808,631,1177,0,0,0,1.0,1,1.0,1,1.0,1,0.3056344419175806,42
841,3,1811,631,1180,0,0,0,1.0,1,1.0,1,1.0,1,0.2695191584960719,42
842,1,1812,632,1180,0,0,0,1.0,1,1.0,1,1.0,1,0.2943616750810652,42
843,2,1814,633,1181,0,0,0,1.0,1,1.0,1,1.0,1,0.2908872358066919,42
844,5,1819,634,1185,0,0,0,1.0,1,1.0,1,1.0,1,0.23674374263264963,42
845,4,1823,635,1188,0,0,0,1.0,1,1.0,1,1.0,1,0.18135964554537337,44
846,1,1824,636,1188,0,0,0,1.0,1,1.0,1,1.0,1,0.21786116179152593,44
847,1,1825,637,1188,0,0,0,1.0,1,1.0,1,1.0,1,0.20255658004654528,42
848,0,1825,637,1188,0,0,0,1.0,1,1.0,1,1.0,1,0.24137677554550924,43
849,1,1826,637,1189,0,0,0,1.0,1,1.0,1,1.0,1,0.23178345956700766,43
850,4,1830,639,1191,0,0,0,1.0,1,1.0,1,1.0,1,0.22497378883104113,41
851,0,1830,639,1191,0,0,0,1.0,1,1.0,1,1.0,1,0.21139487602433352,40
852,0,1830,639,1191,0,0,0,1.0,1,1.0,1,1.0,1,0.21139487602433352,40
853,1,1831,640,1191,0,0,0,1.0,1,1.0,1,1.0,1,0.21185835825571256,40
854,1,1832,641,1191,0,0,0,1.0,1,1.0,1,1.0,1,0.228068341724984,40
855,1,1833,642,1191,0,0,0,1.0,1,1.0,1,1.0,1,0.24154715769953927,41
856,2,1835,643,1192,0,0,0,1.0,1,1.0,1,1.0,1,0.25939168841453214,41
857,1,1836,644,1192,0,0,0,1.0,1,1.0,1,1.0,1,0.26132798572868204,42
858,2,1838,644,1194,0,0,0,1.0,1,1.0,1,1.0,1,0.2522608159720407,43
859,1,1839,644,1195,0,0,0,1.0,1,1.0,1,1.0,1,0.24776693187275858,43
860,2,1841,644,1197,0,0,0,1.0,1,1.0,1,1.0,1,0.24545329111945818,44
861,4,1845,645,1200,0,0,0,1.0,1,1.0,1,1.0,1,0.21750432707444872,44
862,1,1846,645,1201,0,0,0,1.0,1,1.0,1,1.0,1,0.20638266716600948,44
863,2,1848,646,1202,0,0,0,1.0,1,1.0,1,1.0,1,0.21247640225205144,44
864,2,1850,647,1203,0,0,0,1.0,1,1.0,1,1.0,1,0.22262625982942522,44
865,1,1851,648,1203,0,0,0,1.0,1,1.0,1,1.0,1,0.19064597478056441,43
866,5,1856,651,1205,0,0,0,1.0,1,1.0,1,1.0,1,0.22595334899941713,45
867,1,1857,651,1206,0,0,0,1.0,1,1.0,1,1.0,1,0.17203084944114994,44
868,2,1859,652,1207,0,0,0,1.0,1,1.0,1,1.0,1,0.13689781636684392,45
869,3,1862,655,1207,0,0,0,1.0,1,1.0,1,1.0,1,0.15795132739884013,44
870,1,1863,656,1207,0,0,0,1.0,1,1.0,1,1.0,1,0.17540173589725444,44
871,2,1865,657,1208,0,0,0,1.0,1,1.0,1,1.0,1,0.17319275312900095,43
872,1,1866,657,1209,0,0,0,1.0,1,1.0,1,1.0,1,0.1846164402800681,43
873,3,1869,659,1210,0,0,0,1.0,1,1.0,1,1.0,1,0.22739677147325463,43
874,7,1876,661,1215,0,0,0,1.0,1,1.0,1,1.0,1,0.18529701160902323,46
875,0,1876,661,1215,0,0,0,1.0,1,1.0,1,1.0,1,0.19801322122918402,43
876,0,1876,661,1215,0,0,0,1.0,1,1.0,1,1.0,1,0.20048793631630973,44
877,1,1877,662,1215,0,0,0,1.0,1,1.0,1,1.0,1,0.22293322845651503,44
878,2,1879,662,1217,0,0,0,1.0,1,1.0,1,1.0,1,0.22626370674394697,44
879,2,1881,663,1218,0,0,0,1.0,1,1.0,1,1.0,1,0.23601299642109955,44
880,3,1884,665,1219,0,0,0,1.0,1,1.0,1,1.0,1,0.27762886725950897,44
881,3,1887,665,1222,0,0,0,1.0,1,1.0,1,1.0,1,0.21986900696641254,43
882,2,1889,667,1222,0,0,0,1.0,1,1.0,1,1.0,1,0.24347462014633273,45
883,0,1889,667,1222,0,0,0,1.0,1,1.0,1,1.0,1,0.2506695629836106,45
884,4,1893,669,1224,0,0,0,1.0,1,1.0,1,1.0,1,0.24272285164126012,45
885,1,1894,670,1224,0,0,0,1.0,1,1.0,1,1.0,1,0.23827162668621,43
886,3,1897,672,1225,0,0,0,1.0,1,1.0,1,1.0,1,0.26579573894586533,43
887,4,1901,673,1228,0,0,0,1.0,1,1.0,1,1.0,1,0.27635834726060693,41
888,2,1903,673,1230,0,0,0,1.0,1,1.0,1,1.0,1,0.2922945091258204,40
889,6,1909,677,1232,0,0,0,1.0,1,1.0,1,1.0,1,0.27486589395693917,40
890,1,1910,677,1233,0,0,0,1.0,1,1.0,1,1.0,1,0.24169198529331778,38
891,2,1912,678,1234,0,0,0,1.0,1,1.0,1,1.0,1,0.21940829452905927,39
892,4,1916,679,1237,0,0,0,1.0,1,1.0,1,1.0,1,0.21949341256692786,39
893,5,1921,679,1242,0,0,0,1.0,1,1.0,1,1.0,1,0.2707358234713272,37
894,8,1929,681,1248,0,0,0,1.0,1,1.0,1,1.0,1,0.29546197298766824,36
895,3,1932,681,1251,0,0,0,1.0,1,1.0,1,1.0,1,0.28765262333433644,37
896,8,1940,683,1257,0,0,0,1.0,1,1.0,1,1.0,1,0.2901638259417383,36
897,6,1946,685,1261,0,0,0,1.0,1,1.0,1,1.0,1,0.3232915871905704,36
898,10,1956,686,1270,0,0,0,1.0,1,1.0,1,1.0,1,0.3127916332096784,35
899,3,1959,687,1272,0,0,0,1.0,1,1.0,1,1.0,1,0.3503950854932479,35
900,2,1961,687,1274,0,0,0,1.0,1,1.0,1,1.0,1,0.33825088889191784,36
901,2,1963,687,1276,0,0,0,1.0,1,1.0,1,1.0,1,0.31583608970954247,36
902,1,1964,688,1276,0,0,0,1.0,1,1.0,1,1.0,1,0.33787725874277574,36
903,2,1966,689,1277,0,0,0,1.0,1,1.0,1,1.0,1,0.28875249474729536,35
904,3,1969,691,1278,0,0,0,1.0,1,1.0,1,1.0,1,0.2896015944703212,37
905,2,1971,693,1278,0,0,0,1.0,1,1.0,1,1.0,1,0.30260487805779235,36
906,1,1972,694,1278,0,0,0,1.0,1,1.0,1,1.0,1,0.3448011029247657,37
907,4,1976,697,1279,0,0,0,1.0,1,1.0,1,1.0,1,0.2897471213360241,37
908,2,1978,698,1280,0,0,0,1.0,1,1.0,1,1.0,1,0.3167484867496184,36
909,2,1980,699,1281,0,0,0,1.0,1,1.0,1,1.0,1,0.2775944479594903,36
910,2,1982,701,1281,0,0,0,1.0,1,1.0,1,1.0,1,0.28753498905505304,37
911,1,1983,702,1281,0,0,0,1.0,1,1.0,1,1.0,1,0.3315136888457799,36
912,2,1985,704,1281,0,0,0,1.0,1,1.0,1,1.0,1,0.3083217980942371,34
913,3,1988,705,1283,0,0,0,1.0,1,1.0,1,1.0,1,0.3132578055281819,34
914,0,1988,705,1283,0,0,0,1.0,1,1.0,1,1.0,1,0.3366091756278719,33
915,1,1989,705,1284,0,0,0,1.0,1,1.0,1,1.0,1,0.3092534134338976,33
916,1,1990,706,1284,0,0,0,1.0,1,1.0,1,1.0,1,0.30088216429907855,34
917,0,1990,706,1284,0,0,0,1.0,1,1.0,1,1.0,1,0.30088216429907855,34
918,2,1992,706,1286,0,0,0,1.0,1,1.0,1,1.0,1,0.27849944510981944,36
919,0,1992,706,1286,0,0,0,1.0,1,1.0,1,1.0,1,0.27849944510981944,36
920,0,1992,706,1286,0,0,0,1.0,1,1.0,1,1.0,1,0.27176202265353316,37
921,3,1995,706,1289,0,0,0,1.0,1,1.0,1,1.0,1,0.20533010267255267,37
922,2,1997,707,1290,0,0,0,1.0,1,1.0,1,1.0,1,0.17851944801085676,38
923,1,1998,708,1290,0,0,0,1.0,1,1.0,1,1.0,1,0.15977701663961047,36
924,1,1999,709,1290,0,0,0,1.0,1,1.0,1,1.0,1,0.12667821044182237,35
925,3,2002,710,1292,0,0,0,1.0,1,1.0,1,1.0,1,0.15618926911007755,35
926,1,2003,711,1292,0,0,0,1.0,1,1.0,1,1.0,1,0.1318654458197768,34
927,1,2004,712,1292,0,0,0,1.0,1,1.0,1,1.0,1,0.13808738229634898,32
928,1,2005,713,1292,0,0,0,1.0,1,1.0,1,1.0,1,0.21197672925961444,32
929,1,2006,714,1292,0,0,0,1.0,1,1.0,1,1.0,1,0.2114642855855061,31
930,1,2007,715,1292,0,0,0,1.0,1,1.0,1,1.0,1,0.2887737880065967,30
931,3,2010,717,1293,0,0,0,1.0,1,1.0,1,1.0,1,0.2946512120680957,29
932,2,2012,719,1293,0,0,0,1.0,1,1.0,1,1.0,1,0.29001116175594877,29
933,1,2013,720,1293,0,0,0,1.0,1,1.0,1,1.0,1,0.3617678141428183,29
934,1,2014,721,1293,0,0,0,1.0,1,1.0,1,1.0,1,0.3746583986788105,29
935,1,2015,722,1293,0,0,0,1.0,1,1.0,1,1.0,1,0.40760002063465917,31
936,1,2016,723,1293,0,0,0,1.0,1,1.0,1,1.0,1,0.42434370866854887,31
937,1,2017,723,1294,0,0,0,1.0,1,1.0,1,1.0,1,0.4087672838938214,34
938,0,2017,723,1294,0,0,0,1.0,1,1.0,1,1.0,1,0.4274687906822744,33
939,5,2022,724,1298,0,0,0,1.0,1,1.0,1,1.0,1,0.43897632682153287,36
940,1,2023,724,1299,0,0,0,1.0,1,1.0,1,1.0,1,0.4165370356056424,36
941,9,2032,726,1306,0,0,0,1.0,1,1.0,1,1.0,1,0.2708380677149944,36
942,4,2036,728,1308,0,0,0,1.0,1,1.0,1,1.0,1,0.26452057103838506,36
943,0,2036,728,1308,0,0,0,1.0,1,1.0,1,1.0,1,0.2589830170301857,35
944,3,2039,731,1308,0,0,0,1.0,1,1.0,1,1.0,1,0.273519349264111,35
945,1,2040,732,1308,0,0,0,1.0,1,1.0,1,1.0,1,0.22545656189721258,33
946,1,2041,733,1308,0,0,0,1.0,1,1.0,1,1.0,1,0.30112965112755874,36
947,1,2042,733,1309,0,0,0,1.0,1,1.0,1,1.0,1,0.25686657513460864,34
948,2,2044,735,1309,0,0,0,1.0,1,1.0,1,1.0,1,0.3064691205924322,33
949,3,2047,735,1312,0,0,0,1.0,1,1.0,1,1.0,1,0.2898168330282149,34
950,2,2049,735,1314,0,0,0,1.0,1,1.0,1,1.0,1,0.2971385073155997,33
951,0,2049,735,1314,0,0,0,1.0,1,1.0,1,1.0,1,0.2971385073155997,33
952,0,2049,735,1314,0,0,0,1.0,1,1.0,1,1.0,1,0.31362503033788486,32
953,0,2049,735,1314,0,0,0,1.0,1,1.0,1,1.0,1,0.31362503033788486,32
954,1,2050,736,1314,0,0,0,1.0,1,1.0,1,1.0,1,0.3090359021243717,31
955,0,2050,736,1314,0,0,0,1.0,1,1.0,1,1.0,1,0.33121810148912323,32
956,1,2051,737,1314,0,0,0,1.0,1,1.0,1,1.0,1,0.35304465694223447,32
957,1,2052,737,1315,0,0,0,1.0,1,1.0,1,1.0,1,0.33003683577599735,33
958,1,2053,737,1316,0,0,0,1.0,1,1.0,1,1.0,1,0.3321832389583336,35
959,2,2055,738,1317,0,0,0,1.0,1,1.0,1,1.0,1,0.30871724295914055,36
960,1,2056,739,1317,0,0,0,1.0,1,1.0,1,1.0,1,0.3411210279357955,38
961,3,2059,740,1319,0,0,0,1.0,1,1.0,1,1.0,1,0.3420182631764434,37
962,2,2061,742,1319,0,0,0,1.0,1,1.0,1,1.0,1,0.3459822476896322,35
963,1,2062,742,1320,0,0,0,1.0,1,1.0,1,1.0,1,0.33487351557780765,35
964,0,2062,742,1320,0,0,0,1.0,1,1.0,1,1.0,1,0.3417006850195662,34
965,2,2064,742,1322,0,0,0,1.0,1,1.0,1,1.0,1,0.3054674137240192,35
966,1,2065,743,1322,0,0,0,1.0,1,1.0,1,1.0,1,0.2967660906613645,34
967,3,2068,744,1324,0,0,0,1.0,1,1.0,1,1.0,1,0.29490322357780696,35
968,2,2070,745,1325,0,0,0,1.0,1,1.0,1,1.0,1,0.2975962513408484,36
969,1,2071,746,1325,0,0,0,1.0,1,1.0,1,1.0,1,0.28244465561350013,35
970,0,2071,746,1325,0,0,0,1.0,1,1.0,1,1.0,1,0.31829307256616074,34
971,0,2071,746,1325,0,0,0,1.0,1,1.0,1,1.0,1,0.32835647977979543,35
972,1,2072,747,1325,0,0,0,1.0,1,1.0,1,1.0,1,0.3237806409494142,35
973,0,2072,747,1325,0,0,0,1.0,1,1.0,1,1.0,1,0.3387071899229272,36
974,2,2074,747,1327,0,0,0,1.0,1,1.0,1,1.0,1,0.36046583374509933,35
975,0,2074,747,1327,0,0,0,1.0,1,1.0,1,1.0,1,0.346210649333975,36
976,1,2075,748,1327,0,0,0,1.0,1,1.0,1,1.0,1,0.38921131378397306,38
977,1,2076,749,1327,0,0,0,1.0,1,1.0,1,1.0,1,0.4084317301775597,38
978,1,2077,749,1328,0,0,0,1.0,1,1.0,1,1.0,1,0.3995565576648353,38
979,1,2078,749,1329,0,0,0,1.0,1,1.0,1,1.0,1,0.41181378464222357,39
980,2,2080,751,1329,0,0,0,1.0,1,1.0,1,1.0,1,0.44498821476265327,39
981,7,2087,751,1336,0,0,0,1.0,1,1.0,1,1.0,1,0.32339682083940147,40
982,6,2093,754,1339,0,0,0,1.0,1,1.0,1,1.0,1,0.3338287963671549,40
983,1,2094,754,1340,0,0,0,1.0,1,1.0,1,1.0,1,0.2830130680338327,38
984,1,2095,755,1340,0,0,0,1.0,1,1.0,1,1.0,1,0.29304996117877863,39
985,3,2098,758,1340,0,0,0,1.0,1,1.0,1,1.0,1,0.3536154135635292,38
986,6,2104,761,1343,0,0,0,1.0,1,1.0,1,1.0,1,0.3713837165392277,38
987,2,2106,762,1344,0,0,0,1.0,1,1.0,1,1.0,1,0.36446843992778866,38
988,2,2108,763,1345,0,0,0,1.0,1,1.0,1,1.0,1,0.3790734134656232,38
989,1,2109,763,1346,0,0,0,1.0,1,1.0,1,1.0,1,0.36384371114602454,38
990,0,2109,763,1346,0,0,0,1.0,1,1.0,1,1.0,1,0.36384371114602454,38
991,1,2110,764,1346,0,0,0,1.0,1,1.0,1,1.0,1,0.40242113868601287,40
992,0,2110,764,1346,0,0,0,1.0,1,1.0,1,1.0,1,0.38762585153262125,39
993,0,2110,764,1346,0,0,0,1.0,1,1.0,1,1.0,1,0.37944467916743635,38
994,2,2112,764,1348,0,0,0,1.0,1,1.0,1,1.0,1,0.3679767372979551,39
995,0,2112,764,1348,0,0,0,1.0,1,1.0,1,1.0,1,0.3596572867175876,41
996,1,2113,764,1349,0,0,0,1.0,1,1.0,1,1.0,1,0.36009406746104966,40
997,0,2113,764,1349,0,0,0,1.0,1,1.0,1,1.0,1,0.3751361540241999,41
998,1,2114,764,1350,0,0,0,1.0,1,1.0,1,1.0,1,0.3802903328292229,40
999,0,2114,764,1350,0,0,0,1.0,1,1.0,1,1.0,1,0.38276587142674773,40
1000,1,2115,765,1350,0,0,0,1.0,1,1.0,1,1.0,1,0.3875144746684807,40
1001,2,2117,765,1352,0,0,0,1.0,1,1.0,1,1.0,1,0.3643811839785696,39
1002,0,2117,765,1352,0,0,0,1.0,1,1.0,1,1.0,1,0.3643811839785696,39
1003,1,2118,765,1353,0,0,0,1.0,1,1.0,1,1.0,1,0.3427589724531008,39
1004,0,2118,765,1353,0,0,0,1.0,1,1.0,1,1.0,1,0.3427589724531008,39
1005,0,2118,765,1353,0,0,0,1.0,1,1.0,1,1.0,1,0.3497112266534147,40
1006,0,2118,765,1353,0,0,0,1.0,1,1.0,1,1.0,1,0.34087462145131503,41
1007,2,2120,765,1355,0,0,0,1.0,1,1.0,1,1.0,1,0.3254932962664208,42
1008,1,2121,765,1356,0,0,0,1.0,1,1.0,1,1.0,1,0.31690414434645897,43
1009,2,2123,765,1358,0,0,0,1.0,1,1.0,1,1.0,1,0.2945743226064237,44
1010,0,2123,765,1358,0,0,0,1.0,1,1.0,1,1.0,1,0.2945743226064237,44
1011,2,2125,765,1360,0,0,0,1.0,1,1.0,1,1.0,1,0.2523888578569172,44
1012,4,2129,767,1362,0,0,0,1.0,1,1.0,1,1.0,1,0.2695326048664538,46
1013,1,2130,767,1363,0,0,0,1.0,1,1.0,1,1.0,1,0.2603128337120443,46
1014,4,2134,768,1366,0,0,0,1.0,1,1.0,1,1.0,1,0.26239783024941016,46
1015,1,2135,768,1367,0,0,0,1.0,1,1.0,1,1.0,1,0.27208594602247915,46
1016,2,2137,769,1368,0,0,0,1.0,1,1.0,1,1.0,1,0.27425701396718205,47
1017,2,2139,769,1370,0,0,0,1.0,1,1.0,1,1.0,1,0.23948398887682118,47
1018,2,2141,769,1372,0,0,0,1.0,1,1.0,1,1.0,1,0.20337899629877798,48
1019,2,2143,769,1374,0,0,0,1.0,1,1.0,1,1.0,1,0.18095935257054416,49
1020,1,2144,769,1375,0,0,0,1.0,1,1.0,1,1.0,1,0.1639897748689859,51
1021,1,2145,770,1375,0,0,0,1.0,1,1.0,1,1.0,1,0.1774885941320182,51
1022,1,2146,771,1375,0,0,0,1.0,1,1.0,1,1.0,1,0.18694272899117886,52
1023,0,2146,771,1375,0,0,0,1.0,1,1.0,1,1.0,1,0.19721010444298123,52
1024,1,2147,772,1375,0,0,0,1.0,1,1.0,1,1.0,1,0.21546904746625886,52
1025,2,2149,772,1377,0,0,0,1.0,1,1.0,1,1.0,1,0.20527576488206167,54
1026,1,2150,772,1378,0,0,0,1.0,1,1.0,1,1.0,1,0.17633799784761248,54
1027,0,2150,772,1378,0,0,0,1.0,1,1.0,1,1.0,1,0.17595232008277642,55
1028,0,2150,772,1378,0,0,0,1.0,1,1.0,1,1.0,1,0.18711067781698698,56
1029,0,2150,772,1378,0,0,0,1.0,1,1.0,1,1.0,1,0.18711067781698698,56
1030,1,2151,772,1379,0,0,0,1.0,1,1.0,1,1.0,1,0.19750162260259232,57
1031,0,2151,772,1379,0,0,0,1.0,1,1.0,1,1.0,1,0.19900460147100785,58
1032,2,2153,774,1379,0,0,0,1.0,1,1.0,1,1.0,1,0.2212635637432294,58
1033,0,2153,774,1379,0,0,0,1.0,1,1.0,1,1.0,1,0.21761011699225186,57
1034,5,2158,779,1379,0,0,0,1.0,1,1.0,1,1.0,1,0.27018789357932504,57
1035,8,2166,781,1385,0,0,0,1.0,1,1.0,1,1.0,1,0.24476753780994384,57
1036,4,2170,782,1388,0,0,0,1.0,1,1.0,1,1.0,1,0.21965070736772735,59
1037,2,2172,784,1388,0,0,0,1.0,1,1.0,1,1.0,1,0.2509023760461219,57
1038,7,2179,786,1393,0,0,0,1.0,1,1.0,1,1.0,1,0.2813162794052278,59
1039,6,2185,790,1395,0,0,0,1.0,1,1.0,1,1.0,1,0.25550467438857905,57
1040,3,2188,790,1398,0,0,0,1.0,1,1.0,1,1.0,1,0.2696199718621772,56
1041,4,2192,791,1401,0,0,0,1.0,1,1.0,1,1.0,1,0.23005409641397598,54
1042,1,2193,791,1402,0,0,0,1.0,1,1.0,1,1.0,1,0.18400923707497222,52
1043,1,2194,791,1403,0,0,0,1.0,1,1.0,1,1.0,1,0.17396685925056865,52
1044,0,2194,791,1403,0,0,0,1.0,1,1.0,1,1.0,1,0.15294889937629008,50
1045,1,2195,792,1403,0,0,0,1.0,1,1.0,1,1.0,1,0.13411988871899874,51
1046,1,2196,793,1403,0,0,0,1.0,1,1.0,1,1.0,1,0.14338038888473129,50
1047,0,2196,793,1403,0,0,0,1.0,1,1.0,1,1.0,1,0.12246198620338357,50
1048,1,2197,794,1403,0,0,0,1.0,1,1.0,1,1.0,1,0.1476371034773998,50
1049,3,2200,796,1404,0,0,0,1.0,1,1.0,1,1.0,1,0.16083323518555384,50
1050,0,2200,796,1404,0,0,0,1.0,1,1.0,1,1.0,1,0.16083323518555384,50
1051,0,2200,796,1404,0,0,0,1.0,1,1.0,1,1.0,1,0.1419602433156974,50
1052,0,2200,796,1404,0,0,0,1.0,1,1.0,1,1.0,1,0.16049149567828813,51
1053,0,2200,796,1404,0,0,0,1.0,1,1.0,1,1.0,1,0.16049149567828813,51
1054,0,2200,796,1404,0,0,0,1.0,1,1.0,1,1.0,1,0.14941643669791388,53
1055,1,2201,796,1405,0,0,0,1.0,1,1.0,1,1.0,1,0.14942247434051256,54
1056,0,2201,796,1405,0,0,0,1.0,1,1.0,1,1.0,1,0.16965484959786992,54
1057,1,2202,797,1405,0,0,0,1.0,1,1.0,1,1.0,1,0.19708105422506225,55
1058,0,2202,797,1405,0,0,0,1.0,1,1.0,1,1.0,1,0.20075329783761703,54
1059,3,2205,799,1406,0,0,0,1.0,1,1.0,1,1.0,1,0.24906049446250267,53
1060,1,2206,799,1407,0,0,0,1.0,1,1.0,1,1.0,1,0.2191944014009961,53
1061,3,2209,801,1408,0,0,0,1.0,1,1.0,1,1.0,1,0.2067465639090248,53
1062,4,2213,805,1408,0,0,0,1.0,1,1.0,1,1.0,1,0.23298882529311987,54
1063,4,2217,806,1411,0,0,0,1.0,1,1.0,1,1.0,1,0.22788935882020978,53
1064,5,2222,810,1412,0,0,0,1.0,1,1.0,1,1.0,1,0.2673240556110079,55
1065,3,2225,810,1415,0,0,0,1.0,1,1.0,1,1.0,1,0.2534400795060895,54
1066,2,2227,811,1416,0,0,0,1.0,1,1.0,1,1.0,1,0.2769318943147292,55
1067,2,2229,811,1418,0,0,0,1.0,1,1.0,1,1.0,1,0.2907974614815285,55
1068,1,2230,811,1419,0,0,0,1.0,1,1.0,1,1.0,1,0.28518463790736354,55
1069,2,2232,812,1420,0,0,0,1.0,1,1.0,1,1.0,1,0.27679554193727574,55
1070,2,2234,812,1422,0,0,0,1.0,1,1.0,1,1.0,1,0.29388525661204323,54
1071,0,2234,812,1422,0,0,0,1.0,1,1.0,1,1.0,1,0.2777949848612551,55
1072,2,2236,814,1422,0,0,0,1.0,1,1.0,1,1.0,1,0.24602308185537275,54
1073,2,2238,816,1422,0,0,0,1.0,1,1.0,1,1.0,1,0.2542808957469183,54
1074,3,2241,818,1423,0,0,0,1.0,1,1.0,1,1.0,1,0.26125266947815823,52
1075,2,2243,819,1424,0,0,0,1.0,1,1.0,1,1.0,1,0.2720993272038265,51
1076,3,2246,820,1426,0,0,0,1.0,1,1.0,1,1.0,1,0.25024770414610986,52
1077,2,2248,822,1426,0,0,0,1.0,1,1.0,1,1.0,1,0.2278992593741987,49
1078,1,2249,823,1426,0,0,0,1.0,1,1.0,1,1.0,1,0.27337495330939415,48
1079,1,2250,824,1426,0,0,0,1.0,1,1.0,1,1.0,1,0.28028131280164337,47
1080,1,2251,825,1426,0,0,0,1.0,1,1.0,1,1.0,1,0.3153093406771708,47
1081,6,2257,827,1430,0,0,0,1.0,1,1.0,1,1.0,1,0.3109074555538459,45
1082,4,2261,829,1432,0,0,0,1.0,1,1.0,1,1.0,1,0.3221411036589221,42
1083,2,2263,831,1432,0,0,0,1.0,1,1.0,1,1.0,1,0.37929726828065574,42
1084,0,2263,831,1432,0,0,0,1.0,1,1.0,1,1.0,1,0.36346456952307443,40
1085,2,2265,832,1433,0,0,0,1.0,1,1.0,1,1.0,1,0.31089460225736065,43
1086,0,2265,832,1433,0,0,0,1.0,1,1.0,1,1.0,1,0.31337545018781443,41
1087,2,2267,833,1434,0,0,0,1.0,1,1.0,1,1.0,1,0.2943308430562099,41
1088,0,2267,833,1434,0,0,0,1.0,1,1.0,1,1.0,1,0.2943308430562099,41
1089,3,2270,835,1435,0,0,0,1.0,1,1.0,1,1.0,1,0.278323742128191,42
1090,1,2271,835,1436,0,0,0,1.0,1,1.0,1,1.0,1,0.2420195852466022,43
1091,1,2272,836,1436,0,0,0,1.0,1,1.0,1,1.0,1,0.24196109624108897,43
1092,1,2273,837,1436,0,0,0,1.0,1,1.0,1,1.0,1,0.22963635883298714,43
1093,1,2274,838,1436,0,0,0,1.0,1,1.0,1,1.0,1,0.23725801999553794,43
1094,1,2275,838,1437,0,0,0,1.0,1,1.0,1,1.0,1,0.228926236086993,43
1095,0,2275,838,1437,0,0,0,1.0,1,1.0,1,1.0,1,0.2448633630487129,44
1096,2,2277,840,1437,0,0,0,1.0,1,1.0,1,1.0,1,0.26387746332204015,44
1097,3,2280,842,1438,0,0,0,1.0,1,1.0,1,1.0,1,0.33218123099210306,45
1098,0,2280,842,1438,0,0,0,1.0,1,1.0,1,1.0,1,0.330821908896053,46
1099,2,2282,842,1440,0,0,0,1.0,1,1.0,1,1.0,1,0.30154556382742587,48
1100,3,2285,843,1442,0,0,0,1.0,1,1.0,1,1.0,1,0.3064279963370875,49
1101,5,2290,844,1446,0,0,0,1.0,1,1.0,1,1.0,1,0.23944435352063956,49
1102,5,2295,847,1448,0,0,0,1.0,1,1.0,1,1.0,1,0.24238164197522843,50
1103,3,2298,848,1450,0,0,0,1.0,1,1.0,1,1.0,1,0.19809611124156945,48
1104,2,2300,850,1450,0,0,0,1.0,1,1.0,1,1.0,1,0.17271291644292258,50
1105,3,2303,851,1452,0,0,0,1.0,1,1.0,1,1.0,1,0.18576577618462864,48
1106,2,2305,852,1453,0,0,0,1.0,1,1.0,1,1.0,1,0.18208556944169962,48
1107,2,2307,853,1454,0,0,0,1.0,1,1.0,1,1.0,1,0.1728305472034759,47
1108,1,2308,854,1454,0,0,0,1.0,1,1.0,1,1.0,1,0.1841612955535583,47
1109,3,2311,857,1454,0,0,0,1.0,1,1.0,1,1.0,1,0.2260235512570232,46
1110,2,2313,858,1455,0,0,0,1.0,1,1.0,1,1.0,1,0.2630723829263987,43
1111,3,2316,859,1457,0,0,0,1.0,1,1.0,1,1.0,1,0.22378862659836582,44
1112,3,2319,862,1457,0,0,0,1.0,1,1.0,1,1.0,1,0.28674649630468735,43
1113,2,2321,863,1458,0,0,0,1.0,1,1.0,1,1.0,1,0.32099515672066886,39
1114,0,2321,863,1458,0,0,0,1.0,1,1.0,1,1.0,1,0.32099515672066886,39
1115,2,2323,865,1458,0,0,0,1.0,1,1.0,1,1.0,1,0.3042494431302965,37
1116,2,2325,867,1458,0,0,0,1.0,1,1.0,1,1.0,1,0.3124225850346169,37
1117,5,2330,870,1460,0,0,0,1.0,1,1.0,1,1.0,1,0.3556405232335004,36
1118,0,2330,870,1460,0,0,0,1.0,1,1.0,1,1.0,1,0.356664242536751,36
1119,0,2330,870,1460,0,0,0,1.0,1,1.0,1,1.0,1,0.356664242536751,36
1120,0,2330,870,1460,0,0,0,1.0,1,1.0,1,1.0,1,0.356664242536751,36
1121,4,2334,870,1464,0,0,0,1.0,1,1.0,1,1.0,1,0.2919055109228033,36
1122,1,2335,870,1465,0,0,0,1.0,1,1.0,1,1.0,1,0.25961899061066035,37
1123,1,2336,871,1465,0,0,0,1.0,1,1.0,1,1.0,1,0.29642832814206577,37
1124,1,2337,871,1466,0,0,0,1.0,1,1.0,1,1.0,1,0.29179470559834686,37
1125,6,2343,873,1470,0,0,0,1.0,1,1.0,1,1.0,1,0.331234403141314,38
1126,0,2343,873,1470,0,0,0,1.0,1,1.0,1,1.0,1,0.331234403141314,38
1127,2,2345,874,1471,0,0,0,1.0,1,1.0,1,1.0,1,0.3549576064612953,39
1128,3,2348,874,1474,0,0,0,1.0,1,1.0,1,1.0,1,0.3396048687152619,39
1129,1,2349,874,1475,0,0,0,1.0,1,1.0,1,1.0,1,0.34315652066922103,39
1130,3,2352,874,1478,0,0,0,1.0,1,1.0,1,1.0,1,0.3396048687152619,39
1131,2,2354,874,1480,0,0,0,1.0,1,1.0,1,1.0,1,0.3486088343703815,39
1132,6,2360,874,1486,0,0,0,1.0,1,1.0,1,1.0,1,0.3486088343703815,39
1133,5,2365,875,1490,0,0,0,1.0,1,1.0,1,1.0,1,0.3141328569246976,42
1134,3,2368,875,1493,0,0,0,1.0,1,1.0,1,1.0,1,0.31414535806793253,42
1135,6,2374,876,1498,0,0,0,1.0,1,1.0,1,1.0,1,0.31723282654774265,44
1136,7,2381,877,1504,0,0,0,1.0,1,1.0,1,1.0,1,0.3397570190792205,46
1137,3,2384,877,1507,0,0,0,1.0,1,1.0,1,1.0,1,0.3379420579177558,45
1138,3,2387,877,1510,0,0,0,1.0,1,1.0,1,1.0,1,0.3243984566901156,46
1139,3,2390,878,1512,0,0,0,1.0,1,1.0,1,1.0,1,0.33359597976260186,47
1140,5,2395,878,1517,0,0,0,1.0,1,1.0,1,1.0,1,0.3668382637413114,46
1141,7,2402,878,1524,0,0,0,1.0,1,1.0,1,1.0,1,0.28442034754678125,45
1142,4,2406,881,1525,0,0,0,1.0,1,1.0,1,1.0,1,0.33325552267397607,45
1143,4,2410,882,1528,0,0,0,1.0,1,1.0,1,1.0,1,0.26050819128300584,43
1144,3,2413,883,1530,0,0,0,1.0,1,1.0,1,1.0,1,0.22970035945725287,45
1145,0,2413,883,1530,0,0,0,1.0,1,1.0,1,1.0,1,0.22874948046981047,44
1146,4,2417,883,1534,0,0,0,1.0,1,1.0,1,1.0,1,0.18555721316372367,45
1147,3,2420,884,1536,0,0,0,1.0,1,1.0,1,1.0,1,0.19061743631252517,44
1148,4,2424,887,1537,0,0,0,1.0,1,1.0,1,1.0,1,0.17808930103967663,43
1149,2,2426,888,1538,0,0,0,1.0,1,1.0,1,1.0,1,0.2058992456018751,42
1150,2,2428,889,1539,0,0,0,1.0,1,1.0,1,1.0,1,0.22037774181641798,45
1151,1,2429,890,1539,0,0,0,1.0,1,1.0,1,1.0,1,0.28202304393594735,40
1152,3,2432,893,1539,0,0,0,1.0,1,1.0,1,1.0,1,0.320523834099155,41
1153,2,2434,894,1540,0,0,0,1.0,1,1.0,1,1.0,1,0.327693403872574,38
1154,1,2435,895,1540,0,0,0,1.0,1,1.0,1,1.0,1,0.33355472147709403,37
1155,0,2435,895,1540,0,0,0,1.0,1,1.0,1,1.0,1,0.31915446741168874,38
1156,1,2436,896,1540,0,0,0,1.0,1,1.0,1,1.0,1,0.30245649208069764,38
1157,0,2436,896,1540,0,0,0,1.0,1,1.0,1,1.0,1,0.3166180436664907,37
1158,0,2436,896,1540,0,0,0,1.0,1,1.0,1,1.0,1,0.34034099941433216,36
1159,0,2436,896,1540,0,0,0,1.0,1,1.0,1,1.0,1,0.34823199991954373,35
1160,0,2436,896,1540,0,0,0,1.0,1,1.0,1,1.0,1,0.34823199991954373,35
1161,6,2442,896,1546,0,0,0,1.0,1,1.0,1,1.0,1,0.2687106952479866,36
1162,0,2442,896,1546,0,0,0,1.0,1,1.0,1,1.0,1,0.2576412319642698,37
1163,0,2442,896,1546,0,0,0,1.0,1,1.0,1,1.0,1,0.2576412319642698,37
1164,0,2442,896,1546,0,0,0,1.0,1,1.0,1,1.0,1,0.24548971142699316,38
1165,1,2443,896,1547,0,0,0,1.0,1,1.0,1,1.0,1,0.23382701358618685,38
1166,0,2443,896,1547,0,0,0,1.0,1,1.0,1,1.0,1,0.26399284053549,40
1167,4,2447,898,1549,0,0,0,1.0,1,1.0,1,1.0,1,0.2621852713090265,40
1168,2,2449,900,1549,0,0,0,1.0,1,1.0,1,1.0,1,0.24136019872364703,40
1169,1,2450,900,1550,0,0,0,1.0,1,1.0,1,1.0,1,0.2307002366135448,41
1170,2,2452,902,1550,0,0,0,1.0,1,1.0,1,1.0,1,0.24725358755557203,41
1171,0,2452,902,1550,0,0,0,1.0,1,1.0,1,1.0,1,0.2257353398261619,43
1172,1,2453,903,1550,0,0,0,1.0,1,1.0,1,1.0,1,0.2401063300172202,43
1173,1,2454,903,1551,0,0,0,1.0,1,1.0,1,1.0,1,0.2420466645427959,43
1174,1,2455,903,1552,0,0,0,1.0,1,1.0,1,1.0,1,0.24262897329501132,43
1175,0,2455,903,1552,0,0,0,1.0,1,1.0,1,1.0,1,0.2560057617097688,44
1176,2,2457,904,1553,0,0,0,1.0,1,1.0,1,1.0,1,0.28126147470308394,45
1177,3,2460,905,1555,0,0,0,1.0,1,1.0,1,1.0,1,0.28985896363112285,45
1178,0,2460,905,1555,0,0,0,1.0,1,1.0,1,1.0,1,0.28985896363112285,45
1179,1,2461,905,1556,0,0,0,1.0,1,1.0,1,1.0,1,0.29856880657028106,46
1180,2,2463,905,1558,0,0,0,1.0,1,1.0,1,1.0,1,0.2752252343144432,47
1181,5,2468,905,1563,0,0,0,1.0,1,1.0,1,1.0,1,0.2068523777904293,48
1182,3,2471,907,1564,0,0,0,1.0,1,1.0,1,1.0,1,0.19708883500029675,48
1183,0,2471,907,1564,0,0,0,1.0,1,1.0,1,1.0,1,0.1947576572875357,46
1184,3,2474,909,1565,0,0,0,1.0,1,1.0,1,1.0,1,0.1904184610610358,47
1185,1,2475,910,1565,0,0,0,1.0,1,1.0,1,1.0,1,0.23315883834554108,44
1186,2,2477,910,1567,0,0,0,1.0,1,1.0,1,1.0,1,0.22631134753293308,47
1187,0,2477,910,1567,0,0,0,1.0,1,1.0,1,1.0,1,0.239664794449131,49
1188,1,2478,910,1568,0,0,0,1.0,1,1.0,1,1.0,1,0.2178488353576822,50
1189,0,2478,910,1568,0,0,0,1.0,1,1.0,1,1.0,1,0.2331311039739534,48
1190,1,2479,911,1568,0,0,0,1.0,1,1.0,1,1.0,1,0.27774804787941776,48
1191,0,2479,911,1568,0,0,0,1.0,1,1.0,1,1.0,1,0.28958641331061863,46
1192,1,2480,912,1568,0,0,0,1.0,1,1.0,1,1.0,1,0.31048363777539445,46
1193,0,2480,912,1568,0,0,0,1.0,1,1.0,1,1.0,1,0.34098723257027197,45
1194,1,2481,912,1569,0,0,0,1.0,1,1.0,1,1.0,1,0.32737012960618833,45
1195,2,2483,912,1571,0,0,0,1.0,1,1.0,1,1.0,1,0.3011751656456446,47
1196,0,2483,912,1571,0,0,0,1.0,1,1.0,1,1.0,1,0.30999988852879834,48
1197,1,2484,912,1572,0,0,0,1.0,1,1.0,1,1.0,1,0.31031371728273466,49
1198,3,2487,914,1573,0,0,0,1.0,1,1.0,1,1.0,1,0.3262227150043691,49
1199,3,2490,914,1576,0,0,0,1.0,1,1.0,1,1.0,1,0.33089161802416894,50
1200,1,2491,915,1576,0,0,0,1.0,1,1.0,1,1.0,1,0.33743787765844074,50
1201,9,2500,915,1585,0,0,0,1.0,1,1.0,1,1.0,1,0.20430296620309665,50
1202,0,2500,915,1585,0,0,0,1.0,1,1.0,1,1.0,1,0.19625277802225402,51
1203,0,2500,915,1585,0,0,0,1.0,1,1.0,1,1.0,1,0.1830884457639022,52
1204,0,2500,915,1585,0,0,0,1.0,1,1.0,1,1.0,1,0.1830884457639022,52
1205,2,2502,916,1586,0,0,0,1.0,1,1.0,1,1.0,1,0.20357982779279116,53
1206,0,2502,916,1586,0,0,0,1.0,1,1.0,1,1.0,1,0.20357982779279116,53
1207,1,2503,916,1587,0,0,0,1.0,1,1.0,1,1.0,1,0.18381872128306107,55
1208,1,2504,916,1588,0,0,0,1.0,1,1.0,1,1.0,1,0.18519581061802443,56
1209,0,2504,916,1588,0,0,0,1.0,1,1.0,1,1.0,1,0.19707571831834655,55
1210,1,2505,916,1589,0,0,0,1.0,1,1.0,1,1.0,1,0.18994706300112413,55
1211,4,2509,916,1593,0,0,0,1.0,1,1.0,1,1.0,1,0.18298028228829494,57
1212,2,2511,916,1595,0,0,0,1.0,1,1.0,1,1.0,1,0.18298028228829494,57
1213,1,2512,916,1596,0,0,0,1.0,1,1.0,1,1.0,1,0.18996734983766794,57
1214,5,2517,917,1600,0,0,0,1.0,1,1.0,1,1.0,1,0.18913404915204293,57
1215,1,2518,917,1601,0,0,0,1.0,1,1.0,1,1.0,1,0.21297045820868118,59
1216,2,2520,917,1603,0,0,0,1.0,1,1.0,1,1.0,1,0.20015721030231004,61
1217,2,2522,917,1605,0,0,0,1.0,1,1.0,1,1.0,1,0.20023585127488158,61
1218,4,2526,918,1608,0,0,0,1.0,1,1.0,1,1.0,1,0.23230620739342525,61
1219,6,2532,919,1613,0,0,0,1.0,1,1.0,1,1.0,1,0.21771980603265373,61
1220,2,2534,919,1615,0,0,0,1.0,1,1.0,1,1.0,1,0.24220231896215452,60
1221,9,2543,921,1622,0,0,0,1.0,1,1.0,1,1.0,1,0.1881883882903296,61
1222,2,2545,921,1624,0,0,0,1.0,1,1.0,1,1.0,1,0.16892732195331817,61
1223,2,2547,923,1624,0,0,0,1.0,1,1.0,1,1.0,1,0.18816491072882574,59
1224,4,2551,926,1625,0,0,0,1.0,1,1.0,1,1.0,1,0.16978485855638334,60
1225,2,2553,927,1626,0,0,0,1.0,1,1.0,1,1.0,1,0.17374263311139773,60
1226,3,2556,928,1628,0,0,0,1.0,1,1.0,1,1.0,1,0.17521180458165544,61
1227,2,2558,929,1629,0,0,0,1.0,1,1.0,1,1.0,1,0.19609387117838986,59
1228,2,2560,930,1630,0,0,0,1.0,1,1.0,1,1.0,1,0.220759539296944,58
1229,4,2564,931,1633,0,0,0,1.0,1,1.0,1,1.0,1,0.2279279502983241,57
1230,5,2569,934,1635,0,0,0,1.0,1,1.0,1,1.0,1,0.1651670655276436,55
1231,2,2571,936,1635,0,0,0,1.0,1,1.0,1,1.0,1,0.20969961344164811,54
1232,2,2573,938,1635,0,0,0,1.0,1,1.0,1,1.0,1,0.25462939845105964,51
1233,1,2574,939,1635,0,0,0,1.0,1,1.0,1,1.0,1,0.26151332800181926,49
1234,2,2576,941,1635,0,0,0,1.0,1,1.0,1,1.0,1,0.28514488644851627,49
1235,3,2579,942,1637,0,0,0,1.0,1,1.0,1,1.0,1,0.3134838822216899,48
1236,0,2579,942,1637,0,0,0,1.0,1,1.0,1,1.0,1,0.32843002123980514,49
1237,4,2583,943,1640,0,0,0,1.0,1,1.0,1,1.0,1,0.30822505794289573,48
1238,2,2585,943,1642,0,0,0,1.0,1,1.0,1,1.0,1,0.2394897340785184,47
1239,1,2586,943,1643,0,0,0,1.0,1,1.0,1,1.0,1,0.22321505100771438,48
1240,1,2587,943,1644,0,0,0,1.0,1,1.0,1,1.0,1,0.23095386074146268,49
1241,3,2590,944,1646,0,0,0,1.0,1,1.0,1,1.0,1,0.17162622734872138,49
1242,1,2591,944,1647,0,0,0,1.0,1,1.0,1,1.0,1,0.1479500688303316,49
1243,1,2592,944,1648,0,0,0,1.0,1,1.0,1,1.0,1,0.14338574096030954,50
1244,0,2592,944,1648,0,0,0,1.0,1,1.0,1,1.0,1,0.14409181259983556,50
1245,1,2593,945,1648,0,0,0,1.0,1,1.0,1,1.0,1,0.1772402200794098,51
1246,4,2597,946,1651,0,0,0,1.0,1,1.0,1,1.0,1,0.18686397825743795,52
1247,0,2597,946,1651,0,0,0,1.0,1,1.0,1,1.0,1,0.18686397825743795,52
1248,1,2598,947,1651,0,0,0,1.0,1,1.0,1,1.0,1,0.2436897760077729,51
1249,2,2600,949,1651,0,0,0,1.0,1,1.0,1,1.0,1,0.23774798775333156,51
1250,5,2605,952,1653,0,0,0,1.0,1,1.0,1,1.0,1,0.2299456038559455,51
1251,2,2607,952,1655,0,0,0,1.0,1,1.0,1,1.0,1,0.20736670616652375,53
1252,2,2609,954,1655,0,0,0,1.0,1,1.0,1,1.0,1,0.26370557243564857,52
1253,2,2611,955,1656,0,0,0,1.0,1,1.0,1,1.0,1,0.24410095910448354,52
1254,0,2611,955,1656,0,0,0,1.0,1,1.0,1,1.0,1,0.2234357916367781,53
1255,0,2611,955,1656,0,0,0,1.0,1,1.0,1,1.0,1,0.22140956268477877,55
1256,0,2611,955,1656,0,0,0,1.0,1,1.0,1,1.0,1,0.22140956268477877,55
1257,0,2611,955,1656,0,0,0,1.0,1,1.0,1,1.0,1,0.22549876486487722,57
1258,0,2611,955,1656,0,0,0,1.0,1,1.0,1,1.0,1,0.22598849905326263,57
1259,0,2611,955,1656,0,0,0,1.0,1,1.0,1,1.0,1,0.22598849905326263,57
1260,1,2612,956,1656,0,0,0,1.0,1,1.0,1,1.0,1,0.21967183260955414,56
1261,3,2615,956,1659,0,0,0,1.0,1,1.0,1,1.0,1,0.17438601431396766,57
1262,2,2617,957,1660,0,0,0,1.0,1,1.0,1,1.0,1,0.17129254183039044,58
1263,5,2622,960,1662,0,0,0,1.0,1,1.0,1,1.0,1,0.18412202728755303,58
1264,0,2622,960,1662,0,0,0,1.0,1,1.0,1,1.0,1,0.17268163121737043,57
1265,3,2625,963,1662,0,0,0,1.0,1,1.0,1,1.0,1,0.1777561558521212,56
1266,1,2626,964,1662,0,0,0,1.0,1,1.0,1,1.0,1,0.19178195495893913,55
1267,4,2630,966,1664,0,0,0,1.0,1,1.0,1,1.0,1,0.17352302104333212,53
1268,4,2634,970,1664,0,0,0,1.0,1,1.0,1,1.0,1,0.2392065732254939,52
1269,4,2638,972,1666,0,0,0,1.0,1,1.0,1,1.0,1,0.2452049687225368,51
1270,0,2638,972,1666,0,0,0,1.0,1,1.0,1,1.0,1,0.2512132739927752,47
1271,0,2638,972,1666,0,0,0,1.0,1,1.0,1,1.0,1,0.25987323417121133,46
1272,0,2638,972,1666,0,0,0,1.0,1,1.0,1,1.0,1,0.24536729190308057,43
1273,2,2640,974,1666,0,0,0,1.0,1,1.0,1,1.0,1,0.2878904016786467,44
1274,4,2644,975,1669,0,0,0,1.0,1,1.0,1,1.0,1,0.27337049376574,44
1275,0,2644,975,1669,0,0,0,1.0,1,1.0,1,1.0,1,0.277554599780444,45
1276,1,2645,976,1669,0,0,0,1.0,1,1.0,1,1.0,1,0.30374921559094026,43
1277,3,2648,978,1670,0,0,0,1.0,1,1.0,1,1.0,1,0.31256828471846565,44
1278,3,2651,981,1670,0,0,0,1.0,1,1.0,1,1.0,1,0.3436917138136243,45
1279,0,2651,981,1670,0,0,0,1.0,1,1.0,1,1.0,1,0.33676564922197955,47
1280,0,2651,981,1670,0,0,0,1.0,1,1.0,1,1.0,1,0.33676564922197955,47
1281,7,2658,981,1677,0,0,0,1.0,1,1.0,1,1.0,1,0.1968829536782641,47
1282,3,2661,982,1679,0,0,0,1.0,1,1.0,1,1.0,1,0.24290180399853037,46
1283,1,2662,983,1679,0,0,0,1.0,1,1.0,1,1.0,1,0.24642037688387408,46
1284,1,2663,983,1680,0,0,0,1.0,1,1.0,1,1.0,1,0.21543391383580243,46
1285,1,2664,983,1681,0,0,0,1.0,1,1.0,1,1.0,1,0.2368300606576384,46
1286,0,2664,983,1681,0,0,0,1.0,1,1.0,1,1.0,1,0.2435242454646161,45
1287,6,2670,983,1687,0,0,0,1.0,1,1.0,1,1.0,1,0.1496044163719934,49
1288,1,2671,983,1688,0,0,0,1.0,1,1.0,1,1.0,1,0.14728049580917718,49
1289,0,2671,983,1688,0,0,0,1.0,1,1.0,1,1.0,1,0.1291443671176739,52
1290,0,2671,983,1688,0,0,0,1.0,1,1.0,1,1.0,1,0.1291443671176739,52
1291,3,2674,983,1691,0,0,0,1.0,1,1.0,1,1.0,1,0.13969271316897136,52
1292,4,2678,983,1695,0,0,0,1.0,1,1.0,1,1.0,1,0.1368490204828331,53
1293,3,2681,983,1698,0,0,0,1.0,1,1.0,1,1.0,1,0.14042443937886023,53
1294,6,2687,984,1703,0,0,0,1.0,1,1.0,1,1.0,1,0.15306561192557963,53
1295,7,2694,984,1710,0,0,0,1.0,1,1.0,1,1.0,1,0.1478437978987757,54
1296,4,2698,984,1714,0,0,0,1.0,1,1.0,1,1.0,1,0.15766491817257125,55
1297,4,2702,984,1718,0,0,0,1.0,1,1.0,1,1.0,1,0.15686512641971034,54
1298,1,2703,984,1719,0,0,0,1.0,1,1.0,1,1.0,1,0.16952075510847875,55
1299,1,2704,984,1720,0,0,0,1.0,1,1.0,1,1.0,1,0.1951153929483667,54
1300,3,2707,985,1722,0,0,0,1.0,1,1.0,1,1.0,1,0.18318228255189978,55
1301,3,2710,986,1724,0,0,0,1.0,1,1.0,1,1.0,1,0.18259396464429153,54
1302,5,2715,990,1725,0,0,0,1.0,1,1.0,1,1.0,1,0.1841651040780935,54
1303,6,2721,994,1727,0,0,0,1.0,1,1.0,1,1.0,1,0.20905333685183902,50
1304,3,2724,996,1728,0,0,0,1.0,1,1.0,1,1.0,1,0.16498870645981648,51
1305,3,2727,999,1728,0,0,0,1.0,1,1.0,1,1.0,1,0.1883116219466669,48
1306,5,2732,1004,1728,0,0,0,1.0,1,1.0,1,1.0,1,0.24543143266593687,48
1307,0,2732,1004,1728,0,0,0,1.0,1,1.0,1,1.0,1,0.2182597535587839,48
1308,1,2733,1005,1728,0,0,0,1.0,1,1.0,1,1.0,1,0.2633170915744742,46
1309,1,2734,1006,1728,0,0,0,1.0,1,1.0,1,1.0,1,0.2805750598014564,47
1310,1,2735,1007,1728,0,0,0,1.0,1,1.0,1,1.0,1,0.24424717919850825,46
1311,2,2737,1009,1728,0,0,0,1.0,1,1.0,1,1.0,1,0.27700941427045045,46
1312,2,2739,1011,1728,0,0,0,1.0,1,1.0,1,1.0,1,0.30365680097036524,45
1313,0,2739,1011,1728,0,0,0,1.0,1,1.0,1,1.0,1,0.31836864377910906,44
1314,0,2739,1011,1728,0,0,0,1.0,1,1.0,1,1.0,1,0.31787343897428166,42
1315,2,2741,1012,1729,0,0,0,1.0,1,1.0,1,1.0,1,0.31705119370819007,40
1316,0,2741,1012,1729,0,0,0,1.0,1,1.0,1,1.0,1,0.3039462063044613,42
1317,2,2743,1013,1730,0,0,0,1.0,1,1.0,1,1.0,1,0.338124678484272,42
1318,0,2743,1013,1730,0,0,0,1.0,1,1.0,1,1.0,1,0.338124678484272,42
1319,3,2746,1015,1731,0,0,0,1.0,1,1.0,1,1.0,1,0.34388791741439056,42
1320,0,2746,1015,1731,0,0,0,1.0,1,1.0,1,1.0,1,0.34388791741439056,42
1321,7,2753,1015,1738,0,0,0,1.0,1,1.0,1,1.0,1,0.2438309413037116,45
1322,3,2756,1015,1741,0,0,0,1.0,1,1.0,1,1.0,1,0.237882925651856,45
1323,2,2758,1016,1742,0,0,0,1.0,1,1.0,1,1.0,1,0.24261518112362096,46
1324,1,2759,1016,1743,0,0,0,1.0,1,1.0,1,1.0,1,0.2563464501808938,45
1325,8,2767,1017,1750,0,0,0,1.0,1,1.0,1,1.0,1,0.17518862507617108,46
1326,4,2771,1018,1753,0,0,0,1.0,1,1.0,1,1.0,1,0.2482381155229229,45
1327,2,2773,1018,1755,0,0,0,1.0,1,1.0,1,1.0,1,0.27924097414356175,46
1328,2,2775,1018,1757,0,0,0,1.0,1,1.0,1,1.0,1,0.2604781510610073,47
1329,3,2778,1019,1759,0,0,0,1.0,1,1.0,1,1.0,1,0.23910577824672877,47
1330,2,2780,1019,1761,0,0,0,1.0,1,1.0,1,1.0,1,0.26308611623282757,46
1331,3,2783,1020,1763,0,0,0,1.0,1,1.0,1,1.0,1,0.25240579599472196,46
1332,3,2786,1021,1765,0,0,0,1.0,1,1.0,1,1.0,1,0.270613363813686,49
1333,5,2791,1021,1770,0,0,0,1.0,1,1.0,1,1.0,1,0.24784208247673054,50
1334,3,2794,1021,1773,0,0,0,1.0,1,1.0,1,1.0,1,0.24368492079656492,50
1335,1,2795,1021,1774,0,0,0,1.0,1,1.0,1,1.0,1,0.27507521086939657,52
1336,2,2797,1022,1775,0,0,0,1.0,1,1.0,1,1.0,1,0.26689861889041744,53
1337,5,2802,1024,1778,0,0,0,1.0,1,1.0,1,1.0,1,0.2975183071577552,54
1338,3,2805,1024,1781,0,0,0,1.0,1,1.0,1,1.0,1,0.27990239516403737,54
1339,5,2810,1025,1785,0,0,0,1.0,1,1.0,1,1.0,1,0.30043659971665665,54
1340,2,2812,1025,1787,0,0,0,1.0,1,1.0,1,1.0,1,0.3043504859420418,53
1341,2,2814,1025,1789,0,0,0,1.0,1,1.0,1,1.0,1,0.2655864883530308,53
1342,1,2815,1026,1789,0,0,0,1.0,1,1.0,1,1.0,1,0.26213474628379385,52
1343,0,2815,1026,1789,0,0,0,1.0,1,1.0,1,1.0,1,0.2681719614410961,50
1344,1,2816,1027,1789,0,0,0,1.0,1,1.0,1,1.0,1,0.27318708652064344,51
1345,0,2816,1027,1789,0,0,0,1.0,1,1.0,1,1.0,1,0.2667899824139677,50
1346,3,2819,1030,1789,0,0,0,1.0,1,1.0,1,1.0,1,0.30098256346700025,50
1347,1,2820,1031,1789,0,0,0,1.0,1,1.0,1,1.0,1,0.29994059734162504,48
1348,5,2825,1032,1793,0,0,0,1.0,1,1.0,1,1.0,1,0.2758596372627132,49
1349,1,2826,1033,1793,0,0,0,1.0,1,1.0,1,1.0,1,0.2765657821526183,48
1350,2,2828,1034,1794,0,0,0,1.0,1,1.0,1,1.0,1,0.32105713290438564,49
1351,1,2829,1034,1795,0,0,0,1.0,1,1.0,1,1.0,1,0.28835247141096026,48
1352,1,2830,1034,1796,0,0,0,1.0,1,1.0,1,1.0,1,0.2727689864242337,49
1353,0,2830,1034,1796,0,0,0,1.0,1,1.0,1,1.0,1,0.27519863258508187,49
1354,2,2832,1034,1798,0,0,0,1.0,1,1.0,1,1.0,1,0.27859724611357106,49
1355,0,2832,1034,1798,0,0,0,1.0,1,1.0,1,1.0,1,0.27691932236957295,50
1356,3,2835,1035,1800,0,0,0,1.0,1,1.0,1,1.0,1,0.2798295123748628,50
1357,6,2841,1038,1803,0,0,0,1.0,1,1.0,1,1.0,1,0.29261426753772796,50
1358,4,2845,1039,1806,0,0,0,1.0,1,1.0,1,1.0,1,0.29219004019816247,51
1359,3,2848,1040,1808,0,0,0,1.0,1,1.0,1,1.0,1,0.31887560797917547,53
1360,2,2850,1040,1810,0,0,0,1.0,1,1.0,1,1.0,1,0.3268701404759694,54
1361,10,2860,1040,1820,0,0,0,1.0,1,1.0,1,1.0,1,0.2063462058106124,54
1362,3,2863,1041,1822,0,0,0,1.0,1,1.0,1,1.0,1,0.19469201001230801,55
1363,1,2864,1041,1823,0,0,0,1.0,1,1.0,1,1.0,1,0.1710634872688017,55
1364,3,2867,1041,1826,0,0,0,1.0,1,1.0,1,1.0,1,0.1584435666605586,55
1365,6,2873,1043,1830,0,0,0,1.0,1,1.0,1,1.0,1,0.1965007344146711,56
1366,2,2875,1043,1832,0,0,0,1.0,1,1.0,1,1.0,1,0.1965007344146711,56
1367,2,2877,1043,1834,0,0,0,1.0,1,1.0,1,1.0,1,0.1965007344146711,56
1368,4,2881,1043,1838,0,0,0,1.0,1,1.0,1,1.0,1,0.1686093723143135,58
1369,3,2884,1043,1841,0,0,0,1.0,1,1.0,1,1.0,1,0.1684790123267451,59
1370,2,2886,1043,1843,0,0,0,1.0,1,1.0,1,1.0,1,0.18049103666483954,59
1371,2,2888,1044,1844,0,0,0,1.0,1,1.0,1,1.0,1,0.19260241945445628,59
1372,3,2891,1045,1846,0,0,0,1.0,1,1.0,1,1.0,1,0.20762207469755664,59
1373,4,2895,1045,1850,0,0,0,1.0,1,1.0,1,1.0,1,0.20762207469755664,59
1374,8,2903,1047,1856,0,0,0,1.0,1,1.0,1,1.0,1,0.2152906714469001,60
1375,7,2910,1047,1863,0,0,0,1.0,1,1.0,1,1.0,1,0.20169274104909854,61
1376,6,2916,1047,1869,0,0,0,1.0,1,1.0,1,1.0,1,0.21902786982522351,61
1377,5,2921,1047,1874,0,0,0,1.0,1,1.0,1,1.0,1,0.24212992952437173,61
1378,9,2930,1049,1881,0,0,0,1.0,1,1.0,1,1.0,1,0.2550774218607265,61
1379,8,2938,1050,1888,0,0,0,1.0,1,1.0,1,1.0,1,0.26465508927661724,60
1380,8,2946,1051,1895,0,0,0,1.0,1,1.0,1,1.0,1,0.2801775558437068,60
1381,9,2955,1052,1903,0,0,0,1.0,1,1.0,1,1.0,1,0.19260486135518948,58
1382,2,2957,1054,1903,0,0,0,1.0,1,1.0,1,1.0,1,0.21929677858970822,58
1383,1,2958,1055,1903,0,0,0,1.0,1,1.0,1,1.0,1,0.16982909152726466,57
1384,3,2961,1058,1903,0,0,0,1.0,1,1.0,1,1.0,1,0.2125147417591529,54
1385,1,2962,1058,1904,0,0,0,1.0,1,1.0,1,1.0,1,0.20100581143699128,52
1386,3,2965,1060,1905,0,0,0,1.0,1,1.0,1,1.0,1,0.18065198139212152,51
1387,2,2967,1062,1905,0,0,0,1.0,1,1.0,1,1.0,1,0.20437057975596626,51
1388,3,2970,1065,1905,0,0,0,1.0,1,1.0,1,1.0,1,0.1872473571344723,52
1389,0,2970,1065,1905,0,0,0,1.0,1,1.0,1,1.0,1,0.2464162265823732,50
1390,3,2973,1067,1906,0,0,0,1.0,1,1.0,1,1.0,1,0.2122509321175857,51
1391,0,2973,1067,1906,0,0,0,1.0,1,1.0,1,1.0,1,0.2169326069735111,50
1392,2,2975,1068,1907,0,0,0,1.0,1,1.0,1,1.0,1,0.2109865871789566,50
1393,0,2975,1068,1907,0,0,0,1.0,1,1.0,1,1.0,1,0.22944317509237414,49
1394,6,2981,1069,1912,0,0,0,1.0,1,1.0,1,1.0,1,0.1543672763822001,50
1395,1,2982,1069,1913,0,0,0,1.0,1,1.0,1,1.0,1,0.1723520067266149,51
1396,2,2984,1070,1914,0,0,0,1.0,1,1.0,1,1.0,1,0.1552181261690232,52
1397,0,2984,1070,1914,0,0,0,1.0,1,1.0,1,1.0,1,0.1552181261690232,52
1398,0,2984,1070,1914,0,0,0,1.0,1,1.0,1,1.0,1,0.13525659817758978,53
1399,3,2987,1072,1915,0,0,0,1.0,1,1.0,1,1.0,1,0.17233091292419633,54
1400,1,2988,1072,1916,0,0,0,1.0,1,1.0,1,1.0,1,0.1942273013049864,54
1401,2,2990,1073,1917,0,0,0,1.0,1,1.0,1,1.0,1,0.19203406545520466,54
1402,4,2994,1075,1919,0,0,0,1.0,1,1.0,1,1.0,1,0.18621064404990587,53
1403,0,2994,1075,1919,0,0,0,1.0,1,1.0,1,1.0,1,0.18973852244826228,52
1404,2,2996,1075,1921,0,0,0,1.0,1,1.0,1,1.0,1,0.18737990758810516,53
1405,1,2997,1076,1921,0,0,0,1.0,1,1.0,1,1.0,1,0.2263172839579331,52
1406,1,2998,1076,1922,0,0,0,1.0,1,1.0,1,1.0,1,0.20612938416820858,53
1407,1,2999,1077,1922,0,0,0,1.0,1,1.0,1,1.0,1,0.22076182043697865,54
1408,0,2999,1077,1922,0,0,0,1.0,1,1.0,1,1.0,1,0.24247741382584406,53
1409,0,2999,1077,1922,0,0,0,1.0,1,1.0,1,1.0,1,0.2358367040813872,55
1410,0,2999,1077,1922,0,0,0,1.0,1,1.0,1,1.0,1,0.24245103537269524,54
1411,0,2999,1077,1922,0,0,0,1.0,1,1.0,1,1.0,1,0.24245103537269524,54
1412,0,2999,1077,1922,0,0,0,1.0,1,1.0,1,1.0,1,0.2622791750463719,53
1413,0,2999,1077,1922,0,0,0,1.0,1,1.0,1,1.0,1,0.25756210556755776,54
1414,1,3000,1077,1923,0,0,0,1.0,1,1.0,1,1.0,1,0.26486446730275987,55
1415,2,3002,1079,1923,0,0,0,1.0,1,1.0,1,1.0,1,0.2348146493543885,57
1416,2,3004,1080,1924,0,0,0,1.0,1,1.0,1,1.0,1,0.24500971252919418,59
1417,2,3006,1081,1925,0,0,0,1.0,1,1.0,1,1.0,1,0.23648189371806833,58
1418,5,3011,1083,1928,0,0,0,1.0,1,1.0,1,1.0,1,0.2164864907042708,57
1419,4,3015,1084,1931,0,0,0,1.0,1,1.0,1,1.0,1,0.19149157459712024,56
1420,5,3020,1085,1935,0,0,0,1.0,1,1.0,1,1.0,1,0.2081863660820455,54
1421,2,3022,1086,1936,0,0,0,1.0,1,1.0,1,1.0,1,0.19032954151760692,55
1422,0,3022,1086,1936,0,0,0,1.0,1,1.0,1,1.0,1,0.1717383596113202,52
1423,3,3025,1088,1937,0,0,0,1.0,1,1.0,1,1.0,1,0.22654317434962778,52
1424,3,3028,1091,1937,0,0,0,1.0,1,1.0,1,1.0,1,0.26644794658087273,51
1425,0,3028,1091,1937,0,0,0,1.0,1,1.0,1,1.0,1,0.24722007055948028,50
1426,2,3030,1091,1939,0,0,0,1.0,1,1.0,1,1.0,1,0.18988460826000433,50
1427,0,3030,1091,1939,0,0,0,1.0,1,1.0,1,1.0,1,0.19999485864332284,48
1428,4,3034,1095,1939,0,0,0,1.0,1,1.0,1,1.0,1,0.26484191004179336,48
1429,0,3034,1095,1939,0,0,0,1.0,1,1.0,1,1.0,1,0.26114899577189077,48
1430,1,3035,1096,1939,0,0,0,1.0,1,1.0,1,1.0,1,0.27653390120721333,48
1431,0,3035,1096,1939,0,0,0,1.0,1,1.0,1,1.0,1,0.27653390120721333,48
1432,2,3037,1096,1941,0,0,0,1.0,1,1.0,1,1.0,1,0.22370121984644503,50
1433,1,3038,1096,1942,0,0,0,1.0,1,1.0,1,1.0,1,0.2241015164390674,51
1434,5,3043,1099,1944,0,0,0,1.0,1,1.0,1,1.0,1,0.20903254796522835,51
1435,2,3045,1100,1945,0,0,0,1.0,1,1.0,1,1.0,1,0.2131328510962801,50
1436,1,3046,1101,1945,0,0,0,1.0,1,1.0,1,1.0,1,0.1994462423197542,51
1437,1,3047,1101,1946,0,0,0,1.0,1,1.0,1,1.0,1,0.18579407689151706,51
1438,1,3048,1102,1946,0,0,0,1.0,1,1.0,1,1.0,1,0.19378777053501528,51
1439,4,3052,1105,1947,0,0,0,1.0,1,1.0,1,1.0,1,0.24535928411304309,50
1440,2,3054,1106,1948,0,0,0,1.0,1,1.0,1,1.0,1,0.28609435780670056,51
1441,7,3061,1106,1955,0,0,0,1.0,1,1.0,1,1.0,1,0.15329524251601614,51
1442,2,3063,1107,1956,0,0,0,1.0,1,1.0,1,1.0,1,0.17358103653854653,52
1443,4,3067,1107,1960,0,0,0,1.0,1,1.0,1,1.0,1,0.1894426971098667,53
1444,4,3071,1108,1963,0,0,0,1.0,1,1.0,1,1.0,1,0.20415655692527174,54
1445,4,3075,1108,1967,0,0,0,1.0,1,1.0,1,1.0,1,0.20399957691730802,54
1446,7,3082,1108,1974,0,0,0,1.0,1,1.0,1,1.0,1,0.20847861695871261,54
1447,6,3088,1108,1980,0,0,0,1.0,1,1.0,1,1.0,1,0.19940542480577186,55
1448,4,3092,1108,1984,0,0,0,1.0,1,1.0,1,1.0,1,0.15558654975076047,55
1449,4,3096,1108,1988,0,0,0,1.0,1,1.0,1,1.0,1,0.15558654975076047,55
1450,5,3101,1109,1992,0,0,0,1.0,1,1.0,1,1.0,1,0.16495725620766463,57
1451,3,3104,1109,1995,0,0,0,1.0,1,1.0,1,1.0,1,0.14595613132546148,57
1452,3,3107,1109,1998,0,0,0,1.0,1,1.0,1,1.0,1,0.139243684086735,57
1453,5,3112,1110,2002,0,0,0,1.0,1,1.0,1,1.0,1,0.15730630478800942,57
1454,8,3120,1112,2008,0,0,0,1.0,1,1.0,1,1.0,1,0.1703792904518665,58
1455,4,3124,1112,2012,0,0,0,1.0,1,1.0,1,1.0,1,0.16458485276046478,56
1456,5,3129,1113,2016,0,0,0,1.0,1,1.0,1,1.0,1,0.16637230207057027,55
1457,2,3131,1113,2018,0,0,0,1.0,1,1.0,1,1.0,1,0.21406773319616818,54
1458,4,3135,1114,2021,0,0,0,1.0,1,1.0,1,1.0,1,0.22956683990665167,53
1459,3,3138,1114,2024,0,0,0,1.0,1,1.0,1,1.0,1,0.23761393467595612,52
1460,3,3141,1115,2026,0,0,0,1.0,1,1.0,1,1.0,1,0.1807343597617105,51
1461,4,3145,1117,2028,0,0,0,1.0,1,1.0,1,1.0,1,0.1517445630122621,51
1462,3,3148,1120,2028,0,0,0,1.0,1,1.0,1,1.0,1,0.123289409074242,51
1463,3,3151,1122,2029,0,0,0,1.0,1,1.0,1,1.0,1,0.18246394826296145,52
1464,3,3154,1125,2029,0,0,0,1.0,1,1.0,1,1.0,1,0.1951010549981852,52
1465,2,3156,1126,2030,0,0,0,1.0,1,1.0,1,1.0,1,0.20098499304663092,51
1466,4,3160,1129,2031,0,0,0,1.0,1,1.0,1,1.0,1,0.21960009251026574,50
1467,2,3162,1131,2031,0,0,0,1.0,1,1.0,1,1.0,1,0.2508777920772461,48
1468,7,3169,1136,2033,0,0,0,1.0,1,1.0,1,1.0,1,0.22275065185964202,48
1469,2,3171,1137,2034,0,0,0,1.0,1,1.0,1,1.0,1,0.25422781706041403,48
1470,1,3172,1138,2034,0,0,0,1.0,1,1.0,1,1.0,1,0.2641465215992687,48
1471,2,3174,1140,2034,0,0,0,1.0,1,1.0,1,1.0,1,0.29827650788348387,45
1472,1,3175,1141,2034,0,0,0,1.0,1,1.0,1,1.0,1,0.2935884560528329,45
1473,2,3177,1142,2035,0,0,0,1.0,1,1.0,1,1.0,1,0.29568289816098087,46
1474,0,3177,1142,2035,0,0,0,1.0,1,1.0,1,1.0,1,0.31847560826137866,46
1475,0,3177,1142,2035,0,0,0,1.0,1,1.0,1,1.0,1,0.31847560826137866,46
1476,1,3178,1142,2036,0,0,0,1.0,1,1.0,1,1.0,1,0.31447381760086884,47
1477,3,3181,1143,2038,0,0,0,1.0,1,1.0,1,1.0,1,0.30486402623978215,47
1478,5,3186,1143,2043,0,0,0,1.0,1,1.0,1,1.0,1,0.32403062384242415,47
1479,1,3187,1143,2044,0,0,0,1.0,1,1.0,1,1.0,1,0.2986596067632248,48
1480,3,3190,1144,2046,0,0,0,1.0,1,1.0,1,1.0,1,0.3343905024175804,47
1481,12,3202,1145,2057,0,0,0,1.0,1,1.0,1,1.0,1,0.16298866542802376,47
1482,3,3205,1147,2058,0,0,0,1.0,1,1.0,1,1.0,1,0.21974856339342555,46
1483,5,3210,1148,2062,0,0,0,1.0,1,1.0,1,1.0,1,0.22591237824237642,47
1484,2,3212,1149,2063,0,0,0,1.0,1,1.0,1,1.0,1,0.25123959244076144,47
1485,8,3220,1149,2071,0,0,0,1.0,1,1.0,1,1.0,1,0.2777777892410081,47
1486,3,3223,1149,2074,0,0,0,1.0,1,1.0,1,1.0,1,0.22781782603824544,49
1487,8,3231,1152,2079,0,0,0,1.0,1,1.0,1,1.0,1,0.2099884391991685,49
1488,2,3233,1153,2080,0,0,0,1.0,1,1.0,1,1.0,1,0.1863540917704426,51
1489,3,3236,1154,2082,0,0,0,1.0,1,1.0,1,1.0,1,0.24850163741067904,52
1490,2,3238,1154,2084,0,0,0,1.0,1,1.0,1,1.0,1,0.2111467805349739,52
1491,7,3245,1156,2089,0,0,0,1.0,1,1.0,1,1.0,1,0.22202186322419395,53
1492,6,3251,1158,2093,0,0,0,1.0,1,1.0,1,1.0,1,0.30816089026805715,53
1493,7,3258,1158,2100,0,0,0,1.0,1,1.0,1,1.0,1,0.3004463011169151,52
1494,8,3266,1159,2107,0,0,0,1.0,1,1.0,1,1.0,1,0.26057972403716134,50
1495,10,3276,1161,2115,0,0,0,1.0,1,1.0,1,1.0,1,0.30234320915230967,50
1496,9,3285,1162,2123,0,0,0,1.0,1,1.0,1,1.0,1,0.3031218062776445,52
1497,6,3291,1163,2128,0,0,0,1.0,1,1.0,1,1.0,1,0.3074869856478758,51
1498,7,3298,1164,2134,0,0,0,1.0,1,1.0,1,1.0,1,0.3122880897353775,50
1499,4,3302,1164,2138,0,0,0,1.0,1,1.0,1,1.0,1,0.3115018293476141,50
1500,6,3308,1165,2143,0,0,0,1.0,1,1.0,1,1.0,1,0.3240399766280209,49
1501,2,3310,1165,2145,0,0,0,1.0,1,1.0,1,1.0,1,0.28860301448842,47
1502,2,3312,1166,2146,0,0,0,1.0,1,1.0,1,1.0,1,0.2694436142473636,47
1503,0,3312,1166,2146,0,0,0,1.0,1,1.0,1,1.0,1,0.26211578932239293,47
1504,5,3317,1169,2148,0,0,0,1.0,1,1.0,1,1.0,1,0.2165611872353822,48
1505,4,3321,1172,2149,0,0,0,1.0,1,1.0,1,1.0,1,0.20453116782844954,47
1506,2,3323,1173,2150,0,0,0,1.0,1,1.0,1,1.0,1,0.19118472613450252,47
1507,1,3324,1174,2150,0,0,0,1.0,1,1.0,1,1.0,1,0.2245960068608279,45
1508,3,3327,1177,2150,0,0,0,1.0,1,1.0,1,1.0,1,0.25293087522894836,45
1509,2,3329,1179,2150,0,0,0,1.0,1,1.0,1,1.0,1,0.28549008216084615,44
1510,2,3331,1180,2151,0,0,0,1.0,1,1.0,1,1.0,1,0.28289826588870143,42
1511,1,3332,1181,2151,0,0,0,1.0,1,1.0,1,1.0,1,0.34142231290590236,40
1512,2,3334,1183,2151,0,0,0,1.0,1,1.0,1,1.0,1,0.38385856378635164,39
1513,1,3335,1183,2152,0,0,0,1.0,1,1.0,1,1.0,1,0.35612067142034814,39
1514,0,3335,1183,2152,0,0,0,1.0,1,1.0,1,1.0,1,0.35402692085869625,38
1515,0,3335,1183,2152,0,0,0,1.0,1,1.0,1,1.0,1,0.36981608922796866,39
1516,1,3336,1183,2153,0,0,0,1.0,1,1.0,1,1.0,1,0.3411111402844953,39
1517,2,3338,1185,2153,0,0,0,1.0,1,1.0,1,1.0,1,0.331342583833558,39
1518,2,3340,1187,2153,0,0,0,1.0,1,1.0,1,1.0,1,0.36523170252772047,39
1519,1,3341,1188,2153,0,0,0,1.0,1,1.0,1,1.0,1,0.39373358990873114,39
1520,5,3346,1190,2156,0,0,0,1.0,1,1.0,1,1.0,1,0.403294225859635,39
1521,9,3355,1190,2165,0,0,0,1.0,1,1.0,1,1.0,1,0.19630131048569685,40
1522,2,3357,1191,2166,0,0,0,1.0,1,1.0,1,1.0,1,0.21100289653444781,40
1523,0,3357,1191,2166,0,0,0,1.0,1,1.0,1,1.0,1,0.23316218730418534,41
1524,0,3357,1191,2166,0,0,0,1.0,1,1.0,1,1.0,1,0.2434782890461083,42
1525,1,3358,1191,2167,0,0,0,1.0,1,1.0,1,1.0,1,0.2519045875553294,45
1526,0,3358,1191,2167,0,0,0,1.0,1,1.0,1,1.0,1,0.25964999619852736,46
1527,0,3358,1191,2167,0,0,0,1.0,1,1.0,1,1.0,1,0.25964999619852736,46
1528,1,3359,1191,2168,0,0,0,1.0,1,1.0,1,1.0,1,0.2580522821873963,47
1529,1,3360,1191,2169,0,0,0,1.0,1,1.0,1,1.0,1,0.22384193124478421,47
1530,0,3360,1191,2169,0,0,0,1.0,1,1.0,1,1.0,1,0.23247836498780167,48
1531,0,3360,1191,2169,0,0,0,1.0,1,1.0,1,1.0,1,0.2397783764802587,46
1532,4,3364,1192,2172,0,0,0,1.0,1,1.0,1,1.0,1,0.23605858752905692,47
1533,0,3364,1192,2172,0,0,0,1.0,1,1.0,1,1.0,1,0.22318648944477093,46
1534,0,3364,1192,2172,0,0,0,1.0,1,1.0,1,1.0,1,0.23880828861557843,47
1535,2,3366,1193,2173,0,0,0,1.0,1,1.0,1,1.0,1,0.23499410233323278,47
1536,0,3366,1193,2173,0,0,0,1.0,1,1.0,1,1.0,1,0.24700159198320087,48
1537,0,3366,1193,2173,0,0,0,1.0,1,1.0,1,1.0,1,0.26450261985777074,46
1538,1,3367,1193,2174,0,0,0,1.0,1,1.0,1,1.0,1,0.24637333900298736,47
1539,0,3367,1193,2174,0,0,0,1.0,1,1.0,1,1.0,1,0.26140025308794884,47
1540,1,3368,1194,2174,0,0,0,1.0,1,1.0,1,1.0,1,0.27431648533041225,47
1541,4,3372,1194,2178,0,0,0,1.0,1,1.0,1,1.0,1,0.20873342144182075,47
1542,5,3377,1197,2180,0,0,0,1.0,1,1.0,1,1.0,1,0.2727374090003738,50
1543,4,3381,1200,2181,0,0,0,1.0,1,1.0,1,1.0,1,0.28309706179669425,47
1544,5,3386,1203,2183,0,0,0,1.0,1,1.0,1,1.0,1,0.3035621466466313,48
1545,4,3390,1203,2187,0,0,0,1.0,1,1.0,1,1.0,1,0.25815433007887184,47
1546,3,3393,1204,2189,0,0,0,1.0,1,1.0,1,1.0,1,0.2671152599741651,47
1547,3,3396,1205,2191,0,0,0,1.0,1,1.0,1,1.0,1,0.2777537659390763,47
1548,6,3402,1208,2194,0,0,0,1.0,1,1.0,1,1.0,1,0.23856263814233403,47
1549,6,3408,1213,2195,0,0,0,1.0,1,1.0,1,1.0,1,0.2674037892086262,46
1550,5,3413,1214,2199,0,0,0,1.0,1,1.0,1,1.0,1,0.25599138158544554,44
1551,3,3416,1215,2201,0,0,0,1.0,1,1.0,1,1.0,1,0.20603821662212002,45
1552,4,3420,1217,2203,0,0,0,1.0,1,1.0,1,1.0,1,0.26959768008766144,43
1553,5,3425,1219,2206,0,0,0,1.0,1,1.0,1,1.0,1,0.31038949983459474,43
1554,2,3427,1220,2207,0,0,0,1.0,1,1.0,1,1.0,1,0.3118690636535658,41
1555,4,3431,1222,2209,0,0,0,1.0,1,1.0,1,1.0,1,0.21942067443940366,44
1556,1,3432,1223,2209,0,0,0,1.0,1,1.0,1,1.0,1,0.23492501347874387,45
1557,0,3432,1223,2209,0,0,0,1.0,1,1.0,1,1.0,1,0.23492501347874387,45
1558,3,3435,1223,2212,0,0,0,1.0,1,1.0,1,1.0,1,0.20540710588710157,46
1559,2,3437,1224,2213,0,0,0,1.0,1,1.0,1,1.0,1,0.18080907364690274,47
1560,4,3441,1226,2215,0,0,0,1.0,1,1.0,1,1.0,1,0.20670495894036964,46
1561,2,3443,1226,2217,0,0,0,1.0,1,1.0,1,1.0,1,0.14069878218898388,47
1562,1,3444,1226,2218,0,0,0,1.0,1,1.0,1,1.0,1,0.1356399004165204,47
1563,0,3444,1226,2218,0,0,0,1.0,1,1.0,1,1.0,1,0.1356399004165204,47
1564,0,3444,1226,2218,0,0,0,1.0,1,1.0,1,1.0,1,0.1356399004165204,47
1565,0,3444,1226,2218,0,0,0,1.0,1,1.0,1,1.0,1,0.17584944479182302,48
1566,0,3444,1226,2218,0,0,0,1.0,1,1.0,1,1.0,1,0.17584944479182302,48
1567,0,3444,1226,2218,0,0,0,1.0,1,1.0,1,1.0,1,0.19814672681312798,48
1568,1,3445,1227,2218,0,0,0,1.0,1,1.0,1,1.0,1,0.21199317893499595,48
1569,0,3445,1227,2218,0,0,0,1.0,1,1.0,1,1.0,1,0.20838339317074353,45
1570,0,3445,1227,2218,0,0,0,1.0,1,1.0,1,1.0,1,0.20452227118071672,44
1571,2,3447,1229,2218,0,0,0,1.0,1,1.0,1,1.0,1,0.25197403541717944,42
1572,4,3451,1231,2220,0,0,0,1.0,1,1.0,1,1.0,1,0.2782112523597625,43
1573,2,3453,1232,2221,0,0,0,1.0,1,1.0,1,1.0,1,0.2951990434731241,43
1574,6,3459,1235,2224,0,0,0,1.0,1,1.0,1,1.0,1,0.2860566471178666,42
1575,2,3461,1235,2226,0,0,0,1.0,1,1.0,1,1.0,1,0.26773710658627986,43
1576,5,3466,1238,2228,0,0,0,1.0,1,1.0,1,1.0,1,0.30722514672389467,41
1577,2,3468,1239,2229,0,0,0,1.0,1,1.0,1,1.0,1,0.3162130560975502,40
1578,5,3473,1241,2232,0,0,0,1.0,1,1.0,1,1.0,1,0.3423839776365071,40
1579,1,3474,1241,2233,0,0,0,1.0,1,1.0,1,1.0,1,0.3308467877694866,40
1580,0,3474,1241,2233,0,0,0,1.0,1,1.0,1,1.0,1,0.3308467877694866,40
1581,7,3481,1242,2239,0,0,0,1.0,1,1.0,1,1.0,1,0.23802937218151557,40
1582,3,3484,1244,2240,0,0,0,1.0,1,1.0,1,1.0,1,0.22071621242132655,40
1583,1,3485,1244,2241,0,0,0,1.0,1,1.0,1,1.0,1,0.20372580393868367,38
1584,2,3487,1244,2243,0,0,0,1.0,1,1.0,1,1.0,1,0.17769890385920234,39
1585,3,3490,1246,2244,0,0,0,1.0,1,1.0,1,1.0,1,0.18398741543418762,38
1586,3,3493,1249,2244,0,0,0,1.0,1,1.0,1,1.0,1,0.19957677792777956,38
1587,3,3496,1252,2244,0,0,0,1.0,1,1.0,1,1.0,1,0.268993078601609,37
1588,2,3498,1254,2244,0,0,0,1.0,1,1.0,1,1.0,1,0.24304975793667666,39
1589,2,3500,1256,2244,0,0,0,1.0,1,1.0,1,1.0,1,0.2774896605007763,37
1590,2,3502,1258,2244,0,0,0,1.0,1,1.0,1,1.0,1,0.3311552136482672,37
1591,1,3503,1259,2244,0,0,0,1.0,1,1.0,1,1.0,1,0.382364082364384,36
1592,2,3505,1259,2246,0,0,0,1.0,1,1.0,1,1.0,1,0.36516603096936945,34
1593,0,3505,1259,2246,0,0,0,1.0,1,1.0,1,1.0,1,0.3830984067243126,33
1594,0,3505,1259,2246,0,0,0,1.0,1,1.0,1,1.0,1,0.38038341182048874,31
1595,0,3505,1259,2246,0,0,0,1.0,1,1.0,1,1.0,1,0.38848606830415167,34
1596,3,3508,1259,2249,0,0,0,1.0,1,1.0,1,1.0,1,0.30636422547195336,33
1597,0,3508,1259,2249,0,0,0,1.0,1,1.0,1,1.0,1,0.30636422547195336,33
1598,0,3508,1259,2249,0,0,0,1.0,1,1.0,1,1.0,1,0.3146235604282896,33
1599,2,3510,1260,2250,0,0,0,1.0,1,1.0,1,1.0,1,0.312086778596945,33
1600,1,3511,1260,2251,0,0,0,1.0,1,1.0,1,1.0,1,0.31427613767199136,34
1601,4,3515,1261,2254,0,0,0,1.0,1,1.0,1,1.0,1,0.2496975311614911,35
1602,1,3516,1261,2255,0,0,0,1.0,1,1.0,1,1.0,1,0.2131087163673697,36
1603,3,3519,1262,2257,0,0,0,1.0,1,1.0,1,1.0,1,0.2210253560396995,38
1604,1,3520,1263,2257,0,0,0,1.0,1,1.0,1,1.0,1,0.2126125978262696,38
1605,0,3520,1263,2257,0,0,0,1.0,1,1.0,1,1.0,1,0.2126125978262696,38
1606,4,3524,1265,2259,0,0,0,1.0,1,1.0,1,1.0,1,0.247252025419769,39
1607,1,3525,1266,2259,0,0,0,1.0,1,1.0,1,1.0,1,0.24631265389964865,37
1608,4,3529,1268,2261,0,0,0,1.0,1,1.0,1,1.0,1,0.2842585787246217,36
1609,1,3530,1268,2262,0,0,0,1.0,1,1.0,1,1.0,1,0.2779174491465908,34
1610,6,3536,1269,2267,0,0,0,1.0,1,1.0,1,1.0,1,0.2485229705835174,34
1611,4,3540,1270,2270,0,0,0,1.0,1,1.0,1,1.0,1,0.3359923883030307,35
1612,4,3544,1270,2274,0,0,0,1.0,1,1.0,1,1.0,1,0.28659059937555986,33
1613,4,3548,1270,2278,0,0,0,1.0,1,1.0,1,1.0,1,0.27750753530991484,34
1614,4,3552,1270,2282,0,0,0,1.0,1,1.0,1,1.0,1,0.29542736422924437,35
1615,3,3555,1270,2285,0,0,0,1.0,1,1.0,1,1.0,1,0.27547173079897747,35
1616,4,3559,1271,2288,0,0,0,1.0,1,1.0,1,1.0,1,0.2219781681107341,37
1617,7,3566,1274,2292,0,0,0,1.0,1,1.0,1,1.0,1,0.264763429867764,38
1618,1,3567,1274,2293,0,0,0,1.0,1,1.0,1,1.0,1,0.2728371302035006,38
1619,1,3568,1275,2293,0,0,0,1.0,1,1.0,1,1.0,1,0.2997247422971059,38
1620,0,3568,1275,2293,0,0,0,1.0,1,1.0,1,1.0,1,0.2975030284651993,39
1621,3,3571,1276,2295,0,0,0,1.0,1,1.0,1,1.0,1,0.2802081318373645,37
1622,0,3571,1276,2295,0,0,0,1.0,1,1.0,1,1.0,1,0.3064303039996413,37
1623,3,3574,1278,2296,0,0,0,1.0,1,1.0,1,1.0,1,0.30710994178076456,37
1624,2,3576,1280,2296,0,0,0,1.0,1,1.0,1,1.0,1,0.3357267146617312,37
1625,4,3580,1281,2299,0,0,0,1.0,1,1.0,1,1.0,1,0.2934880585350136,35
1626,2,3582,1283,2299,0,0,0,1.0,1,1.0,1,1.0,1,0.3683908400507154,35
1627,1,3583,1283,2300,0,0,0,1.0,1,1.0,1,1.0,1,0.3552847108192176,34
1628,4,3587,1285,2302,0,0,0,1.0,1,1.0,1,1.0,1,0.36015189751049015,35
1629,2,3589,1287,2302,0,0,0,1.0,1,1.0,1,1.0,1,0.41803039998846864,34
1630,0,3589,1287,2302,0,0,0,1.0,1,1.0,1,1.0,1,0.4084785604452951,32
1631,0,3589,1287,2302,0,0,0,1.0,1,1.0,1,1.0,1,0.4125917306557025,33
1632,0,3589,1287,2302,0,0,0,1.0,1,1.0,1,1.0,1,0.4435696734355567,32
1633,1,3590,1287,2303,0,0,0,1.0,1,1.0,1,1.0,1,0.4360336377796507,31
1634,1,3591,1287,2304,0,0,0,1.0,1,1.0,1,1.0,1,0.41586609380877504,31
1635,0,3591,1287,2304,0,0,0,1.0,1,1.0,1,1.0,1,0.43036778052749786,31
1636,1,3592,1288,2304,0,0,0,1.0,1,1.0,1,1.0,1,0.4274381725179172,33
1637,0,3592,1288,2304,0,0,0,1.0,1,1.0,1,1.0,1,0.4274381725179172,33
1638,1,3593,1288,2305,0,0,0,1.0,1,1.0,1,1.0,1,0.4164157440462657,36
1639,1,3594,1289,2305,0,0,0,1.0,1,1.0,1,1.0,1,0.4011986352824739,36
1640,0,3594,1289,2305,0,0,0,1.0,1,1.0,1,1.0,1,0.4011986352824739,36
1641,4,3598,1290,2308,0,0,0,1.0,1,1.0,1,1.0,1,0.2824347944635047,38
1642,3,3601,1292,2309,0,0,0,1.0,1,1.0,1,1.0,1,0.3040632672678289,37
1643,2,3603,1294,2309,0,0,0,1.0,1,1.0,1,1.0,1,0.3116985916382265,37
1644,4,3607,1296,2311,0,0,0,1.0,1,1.0,1,1.0,1,0.3580357772025407,38
1645,1,3608,1296,2312,0,0,0,1.0,1,1.0,1,1.0,1,0.30061549091610873,36
1646,0,3608,1296,2312,0,0,0,1.0,1,1.0,1,1.0,1,0.31334708822229,37
1647,3,3611,1297,2314,0,0,0,1.0,1,1.0,1,1.0,1,0.2979346873867459,35
1648,0,3611,1297,2314,0,0,0,1.0,1,1.0,1,1.0,1,0.3312181326271114,38
1649,1,3612,1298,2314,0,0,0,1.0,1,1.0,1,1.0,1,0.38781100751458175,35
1650,0,3612,1298,2314,0,0,0,1.0,1,1.0,1,1.0,1,0.4020249011053884,34
1651,0,3612,1298,2314,0,0,0,1.0,1,1.0,1,1.0,1,0.39029150891341363,32
1652,0,3612,1298,2314,0,0,0,1.0,1,1.0,1,1.0,1,0.39850532990985144,33
1653,0,3612,1298,2314,0,0,0,1.0,1,1.0,1,1.0,1,0.39850532990985144,33
1654,1,3613,1298,2315,0,0,0,1.0,1,1.0,1,1.0,1,0.42444676133175424,34
1655,3,3616,1298,2318,0,0,0,1.0,1,1.0,1,1.0,1,0.40150345109277286,35
1656,2,3618,1298,2320,0,0,0,1.0,1,1.0,1,1.0,1,0.40150345109277286,35
1657,5,3623,1298,2325,0,0,0,1.0,1,1.0,1,1.0,1,0.27952340286585686,36
1658,2,3625,1299,2326,0,0,0,1.0,1,1.0,1,1.0,1,0.25822368147975794,36
1659,1,3626,1299,2327,0,0,0,1.0,1,1.0,1,1.0,1,0.25612643196330953,36
1660,8,3634,1302,2332,0,0,0,1.0,1,1.0,1,1.0,1,0.22584117385499597,38
1661,2,3636,1302,2334,0,0,0,1.0,1,1.0,1,1.0,1,0.16643724880413202,38
1662,5,3641,1305,2336,0,0,0,1.0,1,1.0,1,1.0,1,0.1465563988740162,39
1663,1,3642,1306,2336,0,0,0,1.0,1,1.0,1,1.0,1,0.19320369336491158,40
1664,2,3644,1307,2337,0,0,0,1.0,1,1.0,1,1.0,1,0.19401085402075746,39
1665,0,3644,1307,2337,0,0,0,1.0,1,1.0,1,1.0,1,0.21388218521244506,40
1666,0,3644,1307,2337,0,0,0,1.0,1,1.0,1,1.0,1,0.2514950722931756,40
1667,2,3646,1309,2337,0,0,0,1.0,1,1.0,1,1.0,1,0.2558643188189729,40
1668,5,3651,1312,2339,0,0,0,1.0,1,1.0,1,1.0,1,0.17812303078121206,41
1669,2,3653,1312,2341,0,0,0,1.0,1,1.0,1,1.0,1,0.14228979847666204,40
1670,2,3655,1314,2341,0,0,0,1.0,1,1.0,1,1.0,1,0.20105062149450778,40
1671,1,3656,1314,2342,0,0,0,1.0,1,1.0,1,1.0,1,0.21539230817243754,41
1672,0,3656,1314,2342,0,0,0,1.0,1,1.0,1,1.0,1,0.2303319869545448,40
1673,0,3656,1314,2342,0,0,0,1.0,1,1.0,1,1.0,1,0.2243667779265901,39
1674,0,3656,1314,2342,0,0,0,1.0,1,1.0,1,1.0,1,0.23885952897465978,40
1675,0,3656,1314,2342,0,0,0,1.0,1,1.0,1,1.0,1,0.24576568762315373,38
1676,2,3658,1315,2343,0,0,0,1.0,1,1.0,1,1.0,1,0.27189220475929476,39
1677,0,3658,1315,2343,0,0,0,1.0,1,1.0,1,1.0,1,0.27221231256589445,39
1678,0,3658,1315,2343,0,0,0,1.0,1,1.0,1,1.0,1,0.27221231256589445,39
1679,1,3659,1316,2343,0,0,0,1.0,1,1.0,1,1.0,1,0.2969762417458505,39
1680,1,3660,1316,2344,0,0,0,1.0,1,1.0,1,1.0,1,0.27962630350237117,41
1681,5,3665,1317,2348,0,0,0,1.0,1,1.0,1,1.0,1,0.1552394572478138,41
1682,3,3668,1318,2350,0,0,0,1.0,1,1.0,1,1.0,1,0.1532228195349384,43
1683,2,3670,1320,2350,0,0,0,1.0,1,1.0,1,1.0,1,0.19163004125286867,43
1684,4,3674,1322,2352,0,0,0,1.0,1,1.0,1,1.0,1,0.21299883855597226,42
1685,3,3677,1322,2355,0,0,0,1.0,1,1.0,1,1.0,1,0.21035469726799388,41
1686,7,3684,1325,2359,0,0,0,1.0,1,1.0,1,1.0,1,0.2810328201204493,41
1687,5,3689,1326,2363,0,0,0,1.0,1,1.0,1,1.0,1,0.30219897292119624,40
1688,6,3695,1329,2366,0,0,0,1.0,1,1.0,1,1.0,1,0.34663966283285436,39
1689,3,3698,1329,2369,0,0,0,1.0,1,1.0,1,1.0,1,0.39222421589950573,38
1690,3,3701,1329,2372,0,0,0,1.0,1,1.0,1,1.0,1,0.39848360824518014,38
1691,8,3709,1331,2378,0,0,0,1.0,1,1.0,1,1.0,1,0.4464623477884287,36
1692,6,3715,1331,2384,0,0,0,1.0,1,1.0,1,1.0,1,0.4290222916569976,36
1693,4,3719,1332,2387,0,0,0,1.0,1,1.0,1,1.0,1,0.41452726026212144,35
1694,2,3721,1332,2389,0,0,0,1.0,1,1.0,1,1.0,1,0.4209692603927191,33
1695,4,3725,1332,2393,0,0,0,1.0,1,1.0,1,1.0,1,0.4224581453498769,34
1696,6,3731,1332,2399,0,0,0,1.0,1,1.0,1,1.0,1,0.4135192137035582,35
1697,3,3734,1332,2402,0,0,0,1.0,1,1.0,1,1.0,1,0.40390387488166785,36
1698,7,3741,1334,2407,0,0,0,1.0,1,1.0,1,1.0,1,0.40304690292267786,38
1699,4,3745,1336,2409,0,0,0,1.0,1,1.0,1,1.0,1,0.4072253201439318,38
1700,3,3748,1336,2412,0,0,0,1.0,1,1.0,1,1.0,1,0.3673483094887055,39
1701,5,3753,1336,2417,0,0,0,1.0,1,1.0,1,1.0,1,0.2762068039469425,40
1702,3,3756,1338,2418,0,0,0,1.0,1,1.0,1,1.0,1,0.2960795149726913,41
1703,3,3759,1339,2420,0,0,0,1.0,1,1.0,1,1.0,1,0.28129837363204435,41
1704,6,3765,1341,2424,0,0,0,1.0,1,1.0,1,1.0,1,0.2017036007636203,41
1705,1,3766,1342,2424,0,0,0,1.0,1,1.0,1,1.0,1,0.18611402862563903,40
1706,1,3767,1342,2425,0,0,0,1.0,1,1.0,1,1.0,1,0.14414261187597366,40
1707,0,3767,1342,2425,0,0,0,1.0,1,1.0,1,1.0,1,0.14067120297557711,39
1708,0,3767,1342,2425,0,0,0,1.0,1,1.0,1,1.0,1,0.14067120297557711,39
1709,1,3768,1343,2425,0,0,0,1.0,1,1.0,1,1.0,1,0.1549985405087631,38
1710,5,3773,1346,2427,0,0,0,1.0,1,1.0,1,1.0,1,0.23743429300822752,39
1711,1,3774,1347,2427,0,0,0,1.0,1,1.0,1,1.0,1,0.2553448755664907,38
1712,2,3776,1349,2427,0,0,0,1.0,1,1.0,1,1.0,1,0.23277271167246877,38
1713,0,3776,1349,2427,0,0,0,1.0,1,1.0,1,1.0,1,0.24745411076101653,37
1714,0,3776,1349,2427,0,0,0,1.0,1,1.0,1,1.0,1,0.25457676894379516,38
1715,1,3777,1349,2428,0,0,0,1.0,1,1.0,1,1.0,1,0.23698600298629266,40
1716,0,3777,1349,2428,0,0,0,1.0,1,1.0,1,1.0,1,0.2479981734411948,39
1717,1,3778,1350,2428,0,0,0,1.0,1,1.0,1,1.0,1,0.23343826730865705,38
1718,2,3780,1350,2430,0,0,0,1.0,1,1.0,1,1.0,1,0.2383719345366965,38
1719,0,3780,1350,2430,0,0,0,1.0,1,1.0,1,1.0,1,0.2383719345366965,38
1720,0,3780,1350,2430,0,0,0,1.0,1,1.0,1,1.0,1,0.2332401813667495,41
1721,0,3780,1350,2430,0,0,0,1.0,1,1.0,1,1.0,1,0.2039362977040228,39
1722,2,3782,1351,2431,0,0,0,1.0,1,1.0,1,1.0,1,0.15384988741620925,40
1723,1,3783,1352,2431,0,0,0,1.0,1,1.0,1,1.0,1,0.14951548019388555,38
1724,1,3784,1353,2431,0,0,0,1.0,1,1.0,1,1.0,1,0.1899880622126168,37
1725,1,3785,1353,2432,0,0,0,1.0,1,1.0,1,1.0,1,0.18056595938351233,38
1726,1,3786,1354,2432,0,0,0,1.0,1,1.0,1,1.0,1,0.23465499374847804,37
1727,0,3786,1354,2432,0,0,0,1.0,1,1.0,1,1.0,1,0.23465499374847804,37
1728,0,3786,1354,2432,0,0,0,1.0,1,1.0,1,1.0,1,0.23291621197995377,35
1729,1,3787,1355,2432,0,0,0,1.0,1,1.0,1,1.0,1,0.23884869917143203,37
1730,1,3788,1356,2432,0,0,0,1.0,1,1.0,1,1.0,1,0.2991811755708008,37
1731,0,3788,1356,2432,0,0,0,1.0,1,1.0,1,1.0,1,0.2991811755708008,37
1732,2,3790,1356,2434,0,0,0,1.0,1,1.0,1,1.0,1,0.32389145650714596,37
1733,3,3793,1358,2435,0,0,0,1.0,1,1.0,1,1.0,1,0.3181858937273697,36
1734,0,3793,1358,2435,0,0,0,1.0,1,1.0,1,1.0,1,0.340210385677344,35
1735,2,3795,1360,2435,0,0,0,1.0,1,1.0,1,1.0,1,0.34092439225189247,34
1736,0,3795,1360,2435,0,0,0,1.0,1,1.0,1,1.0,1,0.3552829250418644,35
1737,2,3797,1362,2435,0,0,0,1.0,1,1.0,1,1.0,1,0.3877272993316705,36
1738,2,3799,1362,2437,0,0,0,1.0,1,1.0,1,1.0,1,0.3756194652727083,37
1739,2,3801,1364,2437,0,0,0,1.0,1,1.0,1,1.0,1,0.36435876591521416,38
1740,0,3801,1364,2437,0,0,0,1.0,1,1.0,1,1.0,1,0.37222805737975473,37
1741,3,3804,1365,2439,0,0,0,1.0,1,1.0,1,1.0,1,0.35025472002671576,38
1742,6,3810,1368,2442,0,0,0,1.0,1,1.0,1,1.0,1,0.3552122066950173,39
1743,3,3813,1371,2442,0,0,0,1.0,1,1.0,1,1.0,1,0.396249936938328,37
1744,1,3814,1371,2443,0,0,0,1.0,1,1.0,1,1.0,1,0.35795450482925095,38
1745,4,3818,1372,2446,0,0,0,1.0,1,1.0,1,1.0,1,0.3423753461544214,37
1746,0,3818,1372,2446,0,0,0,1.0,1,1.0,1,1.0,1,0.3369975679394448,38
1747,2,3820,1372,2448,0,0,0,1.0,1,1.0,1,1.0,1,0.27371055598530586,38
1748,1,3821,1372,2449,0,0,0,1.0,1,1.0,1,1.0,1,0.2668773568994635,38
1749,0,3821,1372,2449,0,0,0,1.0,1,1.0,1,1.0,1,0.2768001258808617,37
1750,2,3823,1372,2451,0,0,0,1.0,1,1.0,1,1.0,1,0.2557770328372011,39
1751,0,3823,1372,2451,0,0,0,1.0,1,1.0,1,1.0,1,0.24648721189810247,38
1752,1,3824,1373,2451,0,0,0,1.0,1,1.0,1,1.0,1,0.2205630657291086,39
1753,0,3824,1373,2451,0,0,0,1.0,1,1.0,1,1.0,1,0.21556765784627605,40
1754,2,3826,1375,2451,0,0,0,1.0,1,1.0,1,1.0,1,0.24743026631565246,41
1755,1,3827,1375,2452,0,0,0,1.0,1,1.0,1,1.0,1,0.2647595380130509,41
1756,3,3830,1376,2454,0,0,0,1.0,1,1.0,1,1.0,1,0.2628815983394677,42
1757,1,3831,1376,2455,0,0,0,1.0,1,1.0,1,1.0,1,0.24421609027924476,42
1758,2,3833,1377,2456,0,0,0,1.0,1,1.0,1,1.0,1,0.24713396431882717,42
1759,0,3833,1377,2456,0,0,0,1.0,1,1.0,1,1.0,1,0.2420219924592472,39
1760,2,3835,1378,2457,0,0,0,1.0,1,1.0,1,1.0,1,0.3267388281119644,39
1761,7,3842,1381,2461,0,0,0,1.0,1,1.0,1,1.0,1,0.2057362912958369,38
1762,2,3844,1383,2461,0,0,0,1.0,1,1.0,1,1.0,1,0.20447223868550232,37
1763,0,3844,1383,2461,0,0,0,1.0,1,1.0,1,1.0,1,0.20447223868550232,37
1764,2,3846,1385,2461,0,0,0,1.0,1,1.0,1,1.0,1,0.2280087221887094,36
1765,3,3849,1387,2462,0,0,0,1.0,1,1.0,1,1.0,1,0.2334765779460608,37
1766,1,3850,1387,2463,0,0,0,1.0,1,1.0,1,1.0,1,0.2117561710097559,36
1767,0,3850,1387,2463,0,0,0,1.0,1,1.0,1,1.0,1,0.2117561710097559,36
1768,0,3850,1387,2463,0,0,0,1.0,1,1.0,1,1.0,1,0.2117561710097559,36
1769,1,3851,1388,2463,0,0,0,1.0,1,1.0,1,1.0,1,0.23105112418939644,38
1770,3,3854,1391,2463,0,0,0,1.0,1,1.0,1,1.0,1,0.2400705810972434,38
1771,0,3854,1391,2463,0,0,0,1.0,1,1.0,1,1.0,1,0.2400705810972434,38
1772,1,3855,1392,2463,0,0,0,1.0,1,1.0,1,1.0,1,0.239441383694512,40
1773,1,3856,1393,2463,0,0,0,1.0,1,1.0,1,1.0,1,0.2594794903621515,40
1774,0,3856,1393,2463,0,0,0,1.0,1,1.0,1,1.0,1,0.2594794903621515,40
1775,1,3857,1393,2464,0,0,0,1.0,1,1.0,1,1.0,1,0.25753228865722744,41
1776,1,3858,1393,2465,0,0,0,1.0,1,1.0,1,1.0,1,0.21705179714708805,43
1777,1,3859,1394,2465,0,0,0,1.0,1,1.0,1,1.0,1,0.20909008216626782,44
1778,3,3862,1397,2465,0,0,0,1.0,1,1.0,1,1.0,1,0.2566477218339374,44
1779,1,3863,1397,2466,0,0,0,1.0,1,1.0,1,1.0,1,0.22402458176910825,44
1780,1,3864,1397,2467,0,0,0,1.0,1,1.0,1,1.0,1,0.24030242615402025,46
1781,2,3866,1399,2467,0,0,0,1.0,1,1.0,1,1.0,1,0.24902552112919632,46
1782,3,3869,1400,2469,0,0,0,1.0,1,1.0,1,1.0,1,0.24282282633042085,45
1783,1,3870,1401,2469,0,0,0,1.0,1,1.0,1,1.0,1,0.2608458816027455,44
1784,2,3872,1403,2469,0,0,0,1.0,1,1.0,1,1.0,1,0.30966574082511733,44
1785,5,3877,1405,2472,0,0,0,1.0,1,1.0,1,1.0,1,0.2780807162069024,42
1786,3,3880,1407,2473,0,0,0,1.0,1,1.0,1,1.0,1,0.31313773742207024,42
1787,2,3882,1408,2474,0,0,0,1.0,1,1.0,1,1.0,1,0.35599883567163926,41
1788,2,3884,1408,2476,0,0,0,1.0,1,1.0,1,1.0,1,0.3328330160735833,41
1789,3,3887,1410,2477,0,0,0,1.0,1,1.0,1,1.0,1,0.33632967098912664,41
1790,1,3888,1410,2478,0,0,0,1.0,1,1.0,1,1.0,1,0.32432513033184307,41
1791,2,3890,1412,2478,0,0,0,1.0,1,1.0,1,1.0,1,0.31420633489023925,41
1792,2,3892,1413,2479,0,0,0,1.0,1,1.0,1,1.0,1,0.3343514240650161,43
1793,3,3895,1415,2480,0,0,0,1.0,1,1.0,1,1.0,1,0.2545537814905965,43
1794,3,3898,1418,2480,0,0,0,1.0,1,1.0,1,1.0,1,0.2567001034871269,41
1795,1,3899,1419,2480,0,0,0,1.0,1,1.0,1,1.0,1,0.2599694863428717,41
1796,2,3901,1420,2481,0,0,0,1.0,1,1.0,1,1.0,1,0.2966197168996353,40
1797,1,3902,1421,2481,0,0,0,1.0,1,1.0,1,1.0,1,0.33431966385717954,38
1798,0,3902,1421,2481,0,0,0,1.0,1,1.0,1,1.0,1,0.33431966385717954,38
1799,0,3902,1421,2481,0,0,0,1.0,1,1.0,1,1.0,1,0.31743543083837344,37
1800,2,3904,1422,2482,0,0,0,1.0,1,1.0,1,1.0,1,0.34807820724027555,35
1801,1,3905,1422,2483,0,0,0,1.0,1,1.0,1,1.0,1,0.3091858649615362,34
1802,0,3905,1422,2483,0,0,0,1.0,1,1.0,1,1.0,1,0.2941285257656455,33
1803,1,3906,1422,2484,0,0,0,1.0,1,1.0,1,1.0,1,0.26564072235194586,33
1804,2,3908,1423,2485,0,0,0,1.0,1,1.0,1,1.0,1,0.2577385601848879,33
1805,2,3910,1424,2486,0,0,0,1.0,1,1.0,1,1.0,1,0.27684250437805397,35
1806,5,3915,1426,2489,0,0,0,1.0,1,1.0,1,1.0,1,0.25883016832359484,36
1807,1,3916,1426,2490,0,0,0,1.0,1,1.0,1,1.0,1,0.24899860918331046,35
1808,0,3916,1426,2490,0,0,0,1.0,1,1.0,1,1.0,1,0.249299258295576,37
1809,0,3916,1426,2490,0,0,0,1.0,1,1.0,1,1.0,1,0.30995736495073944,35
1810,1,3917,1426,2491,0,0,0,1.0,1,1.0,1,1.0,1,0.29598486095824117,36
1811,0,3917,1426,2491,0,0,0,1.0,1,1.0,1,1.0,1,0.2860825184055518,34
1812,1,3918,1426,2492,0,0,0,1.0,1,1.0,1,1.0,1,0.2915380604611108,36
1813,2,3920,1426,2494,0,0,0,1.0,1,1.0,1,1.0,1,0.30932845219315075,35
1814,2,3922,1426,2496,0,0,0,1.0,1,1.0,1,1.0,1,0.3235209010468492,36
1815,2,3924,1426,2498,0,0,0,1.0,1,1.0,1,1.0,1,0.3293620616317455,35
1816,3,3927,1427,2500,0,0,0,1.0,1,1.0,1,1.0,1,0.2995103958948812,35
1817,3,3930,1428,2502,0,0,0,1.0,1,1.0,1,1.0,1,0.2915569000695641,35
1818,4,3934,1432,2502,0,0,0,1.0,1,1.0,1,1.0,1,0.2611983871303362,36
1819,6,3940,1434,2506,0,0,0,1.0,1,1.0,1,1.0,1,0.26762314829588285,37
1820,2,3942,1434,2508,0,0,0,1.0,1,1.0,1,1.0,1,0.2614453329075251,37
1821,5,3947,1435,2512,0,0,0,1.0,1,1.0,1,1.0,1,0.18970950767341238,38
1822,2,3949,1436,2513,0,0,0,1.0,1,1.0,1,1.0,1,0.21033655227138326,37
1823,2,3951,1437,2514,0,0,0,1.0,1,1.0,1,1.0,1,0.21163100338628169,36
1824,3,3954,1440,2514,0,0,0,1.0,1,1.0,1,1.0,1,0.2503964188485952,36
1825,1,3955,1441,2514,0,0,0,1.0,1,1.0,1,1.0,1,0.255992893846349,34
1826,2,3957,1442,2515,0,0,0,1.0,1,1.0,1,1.0,1,0.22398313289444732,35
1827,3,3960,1445,2515,0,0,0,1.0,1,1.0,1,1.0,1,0.23765680399176625,34
1828,4,3964,1448,2516,0,0,0,1.0,1,1.0,1,1.0,1,0.23956111039933162,33
1829,3,3967,1449,2518,0,0,0,1.0,1,1.0,1,1.0,1,0.23845604758077377,31
1830,2,3969,1450,2519,0,0,0,1.0,1,1.0,1,1.0,1,0.24257869412112004,31
1831,1,3970,1451,2519,0,0,0,1.0,1,1.0,1,1.0,1,0.2665211389915055,30
1832,0,3970,1451,2519,0,0,0,1.0,1,1.0,1,1.0,1,0.2704101927804965,29
1833,2,3972,1453,2519,0,0,0,1.0,1,1.0,1,1.0,1,0.3643812576864294,28
1834,3,3975,1453,2522,0,0,0,1.0,1,1.0,1,1.0,1,0.36212796187458046,27
1835,4,3979,1455,2524,0,0,0,1.0,1,1.0,1,1.0,1,0.3557841044270134,26
1836,0,3979,1455,2524,0,0,0,1.0,1,1.0,1,1.0,1,0.43204152326029566,26
1837,0,3979,1455,2524,0,0,0,1.0,1,1.0,1,1.0,1,0.4757192569817914,25
1838,1,3980,1455,2525,0,0,0,1.0,1,1.0,1,1.0,1,0.4359329348339367,25
1839,0,3980,1455,2525,0,0,0,1.0,1,1.0,1,1.0,1,0.4541332499714433,24
1840,1,3981,1456,2525,0,0,0,1.0,1,1.0,1,1.0,1,0.5384676214150386,23
1841,3,3984,1456,2528,0,0,0,1.0,1,1.0,1,1.0,1,0.39117873972318207,22
1842,3,3987,1458,2529,0,0,0,1.0,1,1.0,1,1.0,1,0.34682127317040223,23
1843,0,3987,1458,2529,0,0,0,1.0,1,1.0,1,1.0,1,0.34682127317040223,23
1844,2,3989,1459,2530,0,0,0,1.0,1,1.0,1,1.0,1,0.37876928025506285,23
1845,1,3990,1459,2531,0,0,0,1.0,1,1.0,1,1.0,1,0.3430789463298212,23
1846,0,3990,1459,2531,0,0,0,1.0,1,1.0,1,1.0,1,0.3430789463298212,23
1847,0,3990,1459,2531,0,0,0,1.0,1,1.0,1,1.0,1,0.36351885328463607,24
1848,0,3990,1459,2531,0,0,0,1.0,1,1.0,1,1.0,1,0.36351885328463607,24
1849,0,3990,1459,2531,0,0,0,1.0,1,1.0,1,1.0,1,0.38592415512485584,25
1850,1,3991,1460,2531,0,0,0,1.0,1,1.0,1,1.0,1,0.3795691666580826,25
1851,0,3991,1460,2531,0,0,0,1.0,1,1.0,1,1.0,1,0.3795691666580826,25
1852,0,3991,1460,2531,0,0,0,1.0,1,1.0,1,1.0,1,0.3795691666580826,25
1853,0,3991,1460,2531,0,0,0,1.0,1,1.0,1,1.0,1,0.3916744797626376,25
1854,0,3991,1460,2531,0,0,0,1.0,1,1.0,1,1.0,1,0.3916744797626376,25
1855,3,3994,1460,2534,0,0,0,1.0,1,1.0,1,1.0,1,0.3477899213615522,26
1856,1,3995,1460,2535,0,0,0,1.0,1,1.0,1,1.0,1,0.351226474299313,27
1857,1,3996,1460,2536,0,0,0,1.0,1,1.0,1,1.0,1,0.35273181653022817,28
1858,4,4000,1462,2538,0,0,0,1.0,1,1.0,1,1.0,1,0.37829846160377695,28
1859,5,4005,1464,2541,0,0,0,1.0,1,1.0,1,1.0,1,0.3907457685849325,28
1860,5,4010,1464,2546,0,0,0,1.0,1,1.0,1,1.0,1,0.35710672140706956,28
1861,2,4012,1464,2548,0,0,0,1.0,1,1.0,1,1.0,1,0.3274219648218627,28
1862,0,4012,1464,2548,0,0,0,1.0,1,1.0,1,1.0,1,0.3274219648218627,28
1863,0,4012,1464,2548,0,0,0,1.0,1,1.0,1,1.0,1,0.3361399406155995,29
1864,2,4014,1466,2548,0,0,0,1.0,1,1.0,1,1.0,1,0.3425631520560921,27
1865,1,4015,1466,2549,0,0,0,1.0,1,1.0,1,1.0,1,0.3566396857785925,26
1866,1,4016,1467,2549,0,0,0,1.0,1,1.0,1,1.0,1,0.3709022884552453,26
1867,1,4017,1468,2549,0,0,0,1.0,1,1.0,1,1.0,1,0.422377861816358,26
1868,0,4017,1468,2549,0,0,0,1.0,1,1.0,1,1.0,1,0.422377861816358,26
1869,0,4017,1468,2549,0,0,0,1.0,1,1.0,1,1.0,1,0.422377861816358,26
1870,1,4018,1468,2550,0,0,0,1.0,1,1.0,1,1.0,1,0.4211056097820213,27
1871,0,4018,1468,2550,0,0,0,1.0,1,1.0,1,1.0,1,0.4211056097820213,27
1872,0,4018,1468,2550,0,0,0,1.0,1,1.0,1,1.0,1,0.4600576080988062,25
1873,1,4019,1468,2551,0,0,0,1.0,1,1.0,1,1.0,1,0.42148762650043803,25
1874,0,4019,1468,2551,0,0,0,1.0,1,1.0,1,1.0,1,0.38063850050582854,25
1875,0,4019,1468,2551,0,0,0,1.0,1,1.0,1,1.0,1,0.38063850050582854,25
1876,0,4019,1468,2551,0,0,0,1.0,1,1.0,1,1.0,1,0.3763176236697184,26
1877,0,4019,1468,2551,0,0,0,1.0,1,1.0,1,1.0,1,0.349054120999594,27
1878,1,4020,1469,2551,0,0,0,1.0,1,1.0,1,1.0,1,0.33051250535650534,28
1879,0,4020,1469,2551,0,0,0,1.0,1,1.0,1,1.0,1,0.3224838763954574,29
1880,1,4021,1469,2552,0,0,0,1.0,1,1.0,1,1.0,1,0.2904637168556935,29
1881,2,4023,1469,2554,0,0,0,1.0,1,1.0,1,1.0,1,0.23212729682817984,29
1882,0,4023,1469,2554,0,0,0,1.0,1,1.0,1,1.0,1,0.27008641297055686,28
1883,0,4023,1469,2554,0,0,0,1.0,1,1.0,1,1.0,1,0.27008641297055686,28
1884,1,4024,1470,2554,0,0,0,1.0,1,1.0,1,1.0,1,0.2843869899103434,28
1885,0,4024,1470,2554,0,0,0,1.0,1,1.0,1,1.0,1,0.2843869899103434,28
1886,0,4024,1470,2554,0,0,0,1.0,1,1.0,1,1.0,1,0.2826456988412746,29
1887,0,4024,1470,2554,0,0,0,1.0,1,1.0,1,1.0,1,0.2826456988412746,29
1888,1,4025,1470,2555,0,0,0,1.0,1,1.0,1,1.0,1,0.27789379280186505,31
1889,0,4025,1470,2555,0,0,0,1.0,1,1.0,1,1.0,1,0.27789379280186505,31
1890,1,4026,1471,2555,0,0,0,1.0,1,1.0,1,1.0,1,0.29649921293199366,31
1891,1,4027,1471,2556,0,0,0,1.0,1,1.0,1,1.0,1,0.29682595574882475,32
1892,0,4027,1471,2556,0,0,0,1.0,1,1.0,1,1.0,1,0.29682595574882475,32
1893,0,4027,1471,2556,0,0,0,1.0,1,1.0,1,1.0,1,0.29682595574882475,32
1894,0,4027,1471,2556,0,0,0,1.0,1,1.0,1,1.0,1,0.2848742371465385,33
1895,1,4028,1472,2556,0,0,0,1.0,1,1.0,1,1.0,1,0.2971050864967813,35
1896,1,4029,1472,2557,0,0,0,1.0,1,1.0,1,1.0,1,0.2926203558146572,34
1897,0,4029,1472,2557,0,0,0,1.0,1,1.0,1,1.0,1,0.2926203558146572,34
1898,0,4029,1472,2557,0,0,0,1.0,1,1.0,1,1.0,1,0.2926203558146572,34
1899,0,4029,1472,2557,0,0,0,1.0,1,1.0,1,1.0,1,0.2926203558146572,34
1900,1,4030,1472,2558,0,0,0,1.0,1,1.0,1,1.0,1,0.29996701294981826,35
1901,0,4030,1472,2558,0,0,0,1.0,1,1.0,1,1.0,1,0.29996701294981826,35
1902,0,4030,1472,2558,0,0,0,1.0,1,1.0,1,1.0,1,0.29996701294981826,35
1903,0,4030,1472,2558,0,0,0,1.0,1,1.0,1,1.0,1,0.29996701294981826,35
1904,0,4030,1472,2558,0,0,0,1.0,1,1.0,1,1.0,1,0.29996701294981826,35
1905,1,4031,1472,2559,0,0,0,1.0,1,1.0,1,1.0,1,0.24030102698176606,37
1906,1,4032,1472,2560,0,0,0,1.0,1,1.0,1,1.0,1,0.2078718429157815,37
1907,1,4033,1472,2561,0,0,0,1.0,1,1.0,1,1.0,1,0.21123792540798844,39
1908,0,4033,1472,2561,0,0,0,1.0,1,1.0,1,1.0,1,0.21123792540798844,39
1909,2,4035,1472,2563,0,0,0,1.0,1,1.0,1,1.0,1,0.21003060955956973,41
1910,0,4035,1472,2563,0,0,0,1.0,1,1.0,1,1.0,1,0.21003060955956973,41
1911,2,4037,1472,2565,0,0,0,1.0,1,1.0,1,1.0,1,0.2436825150155342,40
1912,4,4041,1475,2566,0,0,0,1.0,1,1.0,1,1.0,1,0.24612152471832624,39
1913,4,4045,1476,2569,0,0,0,1.0,1,1.0,1,1.0,1,0.28854429425080064,40
1914,5,4050,1477,2573,0,0,0,1.0,1,1.0,1,1.0,1,0.29912068331898684,41
1915,5,4055,1478,2577,0,0,0,1.0,1,1.0,1,1.0,1,0.3129115602185188,42
1916,10,4065,1481,2584,0,0,0,1.0,1,1.0,1,1.0,1,0.3009991406407852,42
1917,5,4070,1482,2588,0,0,0,1.0,1,1.0,1,1.0,1,0.30981243040562956,41
1918,4,4074,1483,2591,0,0,0,1.0,1,1.0,1,1.0,1,0.2956142856940862,38
1919,5,4079,1484,2595,0,0,0,1.0,1,1.0,1,1.0,1,0.3644968027324806,38
1920,4,4083,1485,2598,0,0,0,1.0,1,1.0,1,1.0,1,0.35762216970844474,38
1921,4,4087,1485,2602,0,0,0,1.0,1,1.0,1,1.0,1,0.25837269638088334,39
1922,0,4087,1485,2602,0,0,0,1.0,1,1.0,1,1.0,1,0.23906852378878773,40
1923,0,4087,1485,2602,0,0,0,1.0,1,1.0,1,1.0,1,0.22315557727102722,41
1924,6,4093,1488,2605,0,0,0,1.0,1,1.0,1,1.0,1,0.23142569969115928,41
1925,3,4096,1488,2608,0,0,0,1.0,1,1.0,1,1.0,1,0.20668223693924911,41
1926,0,4096,1488,2608,0,0,0,1.0,1,1.0,1,1.0,1,0.20668223693924911,41
1927,0,4096,1488,2608,0,0,0,1.0,1,1.0,1,1.0,1,0.20668223693924911,41
1928,2,4098,1489,2609,0,0,0,1.0,1,1.0,1,1.0,1,0.19943950661287066,42
1929,0,4098,1489,2609,0,0,0,1.0,1,1.0,1,1.0,1,0.22110664011221381,41
1930,0,4098,1489,2609,0,0,0,1.0,1,1.0,1,1.0,1,0.22110664011221381,41
1931,0,4098,1489,2609,0,0,0,1.0,1,1.0,1,1.0,1,0.22110664011221381,41
1932,0,4098,1489,2609,0,0,0,1.0,1,1.0,1,1.0,1,0.22110664011221381,41
1933,1,4099,1490,2609,0,0,0,1.0,1,1.0,1,1.0,1,0.2702258923226103,43
1934,0,4099,1490,2609,0,0,0,1.0,1,1.0,1,1.0,1,0.27799478763096713,44
1935,1,4100,1490,2610,0,0,0,1.0,1,1.0,1,1.0,1,0.22475346572380606,45
1936,0,4100,1490,2610,0,0,0,1.0,1,1.0,1,1.0,1,0.2159356217970075,48
1937,3,4103,1491,2612,0,0,0,1.0,1,1.0,1,1.0,1,0.24155140323151658,48
1938,2,4105,1492,2613,0,0,0,1.0,1,1.0,1,1.0,1,0.20470501756144813,48
1939,0,4105,1492,2613,0,0,0,1.0,1,1.0,1,1.0,1,0.20470501756144813,48
1940,0,4105,1492,2613,0,0,0,1.0,1,1.0,1,1.0,1,0.20470501756144813,48
1941,1,4106,1493,2613,0,0,0,1.0,1,1.0,1,1.0,1,0.23698944454116794,48
1942,3,4109,1495,2614,0,0,0,1.0,1,1.0,1,1.0,1,0.3063083815542281,49
1943,2,4111,1495,2616,0,0,0,1.0,1,1.0,1,1.0,1,0.2831164982624434,48
1944,6,4117,1499,2618,0,0,0,1.0,1,1.0,1,1.0,1,0.3141902309525334,47
1945,3,4120,1501,2619,0,0,0,1.0,1,1.0,1,1.0,1,0.2927323025773235,46
1946,0,4120,1501,2619,0,0,0,1.0,1,1.0,1,1.0,1,0.30544632705421076,46
1947,4,4124,1504,2620,0,0,0,1.0,1,1.0,1,1.0,1,0.38974774958967073,45
1948,5,4129,1506,2623,0,0,0,1.0,1,1.0,1,1.0,1,0.32958229605431905,46
1949,3,4132,1509,2623,0,0,0,1.0,1,1.0,1,1.0,1,0.3612884702240624,42
1950,1,4133,1509,2624,0,0,0,1.0,1,1.0,1,1.0,1,0.31454017598627404,40
1951,2,4135,1511,2624,0,0,0,1.0,1,1.0,1,1.0,1,0.33530465715759605,39
1952,1,4136,1512,2624,0,0,0,1.0,1,1.0,1,1.0,1,0.36054697683463877,35
1953,1,4137,1513,2624,0,0,0,1.0,1,1.0,1,1.0,1,0.3525145105065228,36
1954,2,4139,1514,2625,0,0,0,1.0,1,1.0,1,1.0,1,0.3319483691304615,34
1955,0,4139,1514,2625,0,0,0,1.0,1,1.0,1,1.0,1,0.34111371864916945,35
1956,1,4140,1515,2625,0,0,0,1.0,1,1.0,1,1.0,1,0.3697512069827424,37
1957,1,4141,1516,2625,0,0,0,1.0,1,1.0,1,1.0,1,0.3753438631058118,37
1958,1,4142,1516,2626,0,0,0,1.0,1,1.0,1,1.0,1,0.3408249706829232,39
1959,1,4143,1516,2627,0,0,0,1.0,1,1.0,1,1.0,1,0.3371992917797709,41
1960,2,4145,1518,2627,0,0,0,1.0,1,1.0,1,1.0,1,0.38791598014499623,40
1961,4,4149,1518,2631,0,0,0,1.0,1,1.0,1,1.0,1,0.34328552070608015,41
1962,2,4151,1518,2633,0,0,0,1.0,1,1.0,1,1.0,1,0.35575260760107413,40
1963,3,4154,1518,2636,0,0,0,1.0,1,1.0,1,1.0,1,0.31789915711160965,41
1964,0,4154,1518,2636,0,0,0,1.0,1,1.0,1,1.0,1,0.342945496762465,40
1965,1,4155,1518,2637,0,0,0,1.0,1,1.0,1,1.0,1,0.30681220822939487,41
1966,1,4156,1518,2638,0,0,0,1.0,1,1.0,1,1.0,1,0.28893712140347033,41
1967,1,4157,1518,2639,0,0,0,1.0,1,1.0,1,1.0,1,0.28709510396869187,42
1968,0,4157,1518,2639,0,0,0,1.0,1,1.0,1,1.0,1,0.30091083487638903,42
1969,1,4158,1519,2639,0,0,0,1.0,1,1.0,1,1.0,1,0.2979106800676789,43
1970,1,4159,1519,2640,0,0,0,1.0,1,1.0,1,1.0,1,0.322983804840585,42
1971,1,4160,1519,2641,0,0,0,1.0,1,1.0,1,1.0,1,0.328231157265296,42
1972,1,4161,1519,2642,0,0,0,1.0,1,1.0,1,1.0,1,0.3233820202288114,42
1973,4,4165,1519,2646,0,0,0,1.0,1,1.0,1,1.0,1,0.32640077104625315,43
1974,2,4167,1519,2648,0,0,0,1.0,1,1.0,1,1.0,1,0.33918178603648574,43
1975,2,4169,1519,2650,0,0,0,1.0,1,1.0,1,1.0,1,0.34048680756916533,43
1976,4,4173,1521,2652,0,0,0,1.0,1,1.0,1,1.0,1,0.30462142056024966,43
1977,4,4177,1521,2656,0,0,0,1.0,1,1.0,1,1.0,1,0.3164328306518915,48
1978,6,4183,1525,2658,0,0,0,1.0,1,1.0,1,1.0,1,0.29698213828716596,48
1979,2,4185,1525,2660,0,0,0,1.0,1,1.0,1,1.0,1,0.30397903482077765,49
1980,3,4188,1525,2663,0,0,0,1.0,1,1.0,1,1.0,1,0.29932732911854104,50
1981,4,4192,1527,2665,0,0,0,1.0,1,1.0,1,1.0,1,0.27588910311633685,50
1982,1,4193,1528,2665,0,0,0,1.0,1,1.0,1,1.0,1,0.28082058776819807,50
1983,3,4196,1528,2668,0,0,0,1.0,1,1.0,1,1.0,1,0.24289233919752734,49
1984,2,4198,1530,2668,0,0,0,1.0,1,1.0,1,1.0,1,0.21309291687916185,48
1985,0,4198,1530,2668,0,0,0,1.0,1,1.0,1,1.0,1,0.22953952779153217,46
1986,1,4199,1531,2668,0,0,0,1.0,1,1.0,1,1.0,1,0.22161753962806754,46
1987,3,4202,1534,2668,0,0,0,1.0,1,1.0,1,1.0,1,0.21806377621209627,42
1988,0,4202,1534,2668,0,0,0,1.0,1,1.0,1,1.0,1,0.23169607914237333,40
1989,3,4205,1536,2669,0,0,0,1.0,1,1.0,1,1.0,1,0.26145900187411597,38
1990,1,4206,1536,2670,0,0,0,1.0,1,1.0,1,1.0,1,0.1956393991829026,38
1991,1,4207,1537,2670,0,0,0,1.0,1,1.0,1,1.0,1,0.21772472556730335,38
1992,1,4208,1538,2670,0,0,0,1.0,1,1.0,1,1.0,1,0.2565386615128165,39
1993,3,4211,1541,2670,0,0,0,1.0,1,1.0,1,1.0,1,0.3822402895827448,38
1994,2,4213,1543,2670,0,0,0,1.0,1,1.0,1,1.0,1,0.34419687966408186,37
1995,2,4215,1544,2671,0,0,0,1.0,1,1.0,1,1.0,1,0.38607348902184824,37
1996,1,4216,1545,2671,0,0,0,1.0,1,1.0,1,1.0,1,0.3719692286961792,37
1997,1,4217,1546,2671,0,0,0,1.0,1,1.0,1,1.0,1,0.3898934807331682,35
1998,1,4218,1546,2672,0,0,0,1.0,1,1.0,1,1.0,1,0.40150280322737203,34
1999,2,4220,1548,2672,0,0,0,1.0,1,1.0,1,1.0,1,0.38382085982633235,35
2000,0,4220,1548,2672,0,0,0,1.0,1,1.0,1,1.0,1,0.41913953164046863,34
2001,4,4224,1548,2676,0,0,0,1.0,1,1.0,1,1.0,1,0.327426265960366,35
2002,2,4226,1548,2678,0,0,0,1.0,1,1.0,1,1.0,1,0.2939832910087998,36
2003,0,4226,1548,2678,0,0,0,1.0,1,1.0,1,1.0,1,0.30671981538104326,37
2004,7,4233,1550,2683,0,0,0,1.0,1,1.0,1,1.0,1,0.21357744857247332,38
2005,0,4233,1550,2683,0,0,0,1.0,1,1.0,1,1.0,1,0.21357744857247332,38
2006,0,4233,1550,2683,0,0,0,1.0,1,1.0,1,1.0,1,0.21357744857247332,38
2007,1,4234,1551,2683,0,0,0,1.0,1,1.0,1,1.0,1,0.23041548193855296,40
2008,1,4235,1552,2683,0,0,0,1.0,1,1.0,1,1.0,1,0.2347728928329144,40
2009,2,4237,1554,2683,0,0,0,1.0,1,1.0,1,1.0,1,0.24078004965366634,41
2010,0,4237,1554,2683,0,0,0,1.0,1,1.0,1,1.0,1,0.24078004965366634,41
2011,0,4237,1554,2683,0,0,0,1.0,1,1.0,1,1.0,1,0.24078004965366634,41
2012,1,4238,1554,2684,0,0,0,1.0,1,1.0,1,1.0,1,0.22631649132346518,41
2013,1,4239,1554,2685,0,0,0,1.0,1,1.0,1,1.0,1,0.24414814369753832,43
2014,1,4240,1554,2686,0,0,0,1.0,1,1.0,1,1.0,1,0.2700697515251,43
2015,0,4240,1554,2686,0,0,0,1.0,1,1.0,1,1.0,1,0.2700697515251,43
2016,1,4241,1554,2687,0,0,0,1.0,1,1.0,1,1.0,1,0.27210941590594173,44
2017,4,4245,1554,2691,0,0,0,1.0,1,1.0,1,1.0,1,0.23663601710121335,45
2018,4,4249,1557,2692,0,0,0,1.0,1,1.0,1,1.0,1,0.22854442411039025,46
2019,1,4250,1557,2693,0,0,0,1.0,1,1.0,1,1.0,1,0.1880668571270326,47
2020,1,4251,1557,2694,0,0,0,1.0,1,1.0,1,1.0,1,0.20959030507116422,47
2021,3,4254,1558,2696,0,0,0,1.0,1,1.0,1,1.0,1,0.1760612619507736,47
2022,0,4254,1558,2696,0,0,0,1.0,1,1.0,1,1.0,1,0.18244752021280863,48
2023,2,4256,1560,2696,0,0,0,1.0,1,1.0,1,1.0,1,0.18485047266038665,48
2024,4,4260,1563,2697,0,0,0,1.0,1,1.0,1,1.0,1,0.23124489058877062,45
2025,3,4263,1565,2698,0,0,0,1.0,1,1.0,1,1.0,1,0.2867486096548149,42
2026,5,4268,1567,2701,0,0,0,1.0,1,1.0,1,1.0,1,0.2694691653419823,44
2027,1,4269,1567,2702,0,0,0,1.0,1,1.0,1,1.0,1,0.2525519419552757,40
2028,1,4270,1568,2702,0,0,0,1.0,1,1.0,1,1.0,1,0.3199848201104741,39
2029,1,4271,1568,2703,0,0,0,1.0,1,1.0,1,1.0,1,0.3156104552405495,37
2030,3,4274,1570,2704,0,0,0,1.0,1,1.0,1,1.0,1,0.34263943279070935,34
2031,0,4274,1570,2704,0,0,0,1.0,1,1.0,1,1.0,1,0.35808003075069006,35
2032,4,4278,1572,2706,0,0,0,1.0,1,1.0,1,1.0,1,0.3933967953929038,34
2033,4,4282,1575,2707,0,0,0,1.0,1,1.0,1,1.0,1,0.37925750900105987,36
2034,0,4282,1575,2707,0,0,0,1.0,1,1.0,1,1.0,1,0.3832824237666291,34
2035,0,4282,1575,2707,0,0,0,1.0,1,1.0,1,1.0,1,0.3784340032765227,35
2036,1,4283,1576,2707,0,0,0,1.0,1,1.0,1,1.0,1,0.4112235244596235,34
2037,0,4283,1576,2707,0,0,0,1.0,1,1.0,1,1.0,1,0.4062454154757428,35
2038,0,4283,1576,2707,0,0,0,1.0,1,1.0,1,1.0,1,0.3878380316069378,36
2039,1,4284,1577,2707,0,0,0,1.0,1,1.0,1,1.0,1,0.3887427685061325,38
2040,0,4284,1577,2707,0,0,0,1.0,1,1.0,1,1.0,1,0.3887427685061325,38
2041,7,4291,1577,2714,0,0,0,1.0,1,1.0,1,1.0,1,0.2211792659924099,39
2042,1,4292,1577,2715,0,0,0,1.0,1,1.0,1,1.0,1,0.17304701578904252,39
2043,0,4292,1577,2715,0,0,0,1.0,1,1.0,1,1.0,1,0.17304701578904252,39
2044,0,4292,1577,2715,0,0,0,1.0,1,1.0,1,1.0,1,0.17304701578904252,39
2045,1,4293,1577,2716,0,0,0,1.0,1,1.0,1,1.0,1,0.1666891440572217,41
2046,0,4293,1577,2716,0,0,0,1.0,1,1.0,1,1.0,1,0.18844797483222137,42
2047,1,4294,1577,2717,0,0,0,1.0,1,1.0,1,1.0,1,0.21541562030886763,42
2048,2,4296,1578,2718,0,0,0,1.0,1,1.0,1,1.0,1,0.22100532900495926,43
2049,2,4298,1579,2719,0,0,0,1.0,1,1.0,1,1.0,1,0.2490957504347079,44
2050,1,4299,1579,2720,0,0,0,1.0,1,1.0,1,1.0,1,0.24691877045310065,44
2051,3,4302,1579,2723,0,0,0,1.0,1,1.0,1,1.0,1,0.2329456029205438,45
2052,0,4302,1579,2723,0,0,0,1.0,1,1.0,1,1.0,1,0.2329456029205438,45
2053,0,4302,1579,2723,0,0,0,1.0,1,1.0,1,1.0,1,0.2329456029205438,45
2054,1,4303,1580,2723,0,0,0,1.0,1,1.0,1,1.0,1,0.2430099221701901,46
2055,0,4303,1580,2723,0,0,0,1.0,1,1.0,1,1.0,1,0.2430099221701901,46
2056,1,4304,1580,2724,0,0,0,1.0,1,1.0,1,1.0,1,0.21911905702847184,46
2057,5,4309,1584,2725,0,0,0,1.0,1,1.0,1,1.0,1,0.14542972318364458,47
2058,2,4311,1585,2726,0,0,0,1.0,1,1.0,1,1.0,1,0.1463506867002359,47
2059,3,4314,1587,2727,0,0,0,1.0,1,1.0,1,1.0,1,0.159379147554484,48
2060,5,4319,1590,2729,0,0,0,1.0,1,1.0,1,1.0,1,0.1610283183139217,50
2061,3,4322,1591,2731,0,0,0,1.0,1,1.0,1,1.0,1,0.1211829567701195,51
2062,1,4323,1592,2731,0,0,0,1.0,1,1.0,1,1.0,1,0.11729735435305857,49
2063,1,4324,1593,2731,0,0,0,1.0,1,1.0,1,1.0,1,0.11881580719780648,48
2064,1,4325,1594,2731,0,0,0,1.0,1,1.0,1,1.0,1,0.1752395140838602,45
2065,0,4325,1594,2731,0,0,0,1.0,1,1.0,1,1.0,1,0.16847590593057205,44
2066,1,4326,1595,2731,0,0,0,1.0,1,1.0,1,1.0,1,0.16991337962273936,42
2067,1,4327,1596,2731,0,0,0,1.0,1,1.0,1,1.0,1,0.19993468724671812,41
2068,1,4328,1597,2731,0,0,0,1.0,1,1.0,1,1.0,1,0.22309218792275423,40
2069,3,4331,1598,2733,0,0,0,1.0,1,1.0,1,1.0,1,0.22165185202212906,40
2070,1,4332,1599,2733,0,0,0,1.0,1,1.0,1,1.0,1,0.24548716700791604,40
2071,2,4334,1601,2733,0,0,0,1.0,1,1.0,1,1.0,1,0.26231464993001885,40
2072,1,4335,1601,2734,0,0,0,1.0,1,1.0,1,1.0,1,0.284910904855549,41
2073,0,4335,1601,2734,0,0,0,1.0,1,1.0,1,1.0,1,0.284910904855549,41
2074,0,4335,1601,2734,0,0,0,1.0,1,1.0,1,1.0,1,0.2838673129291887,41
2075,1,4336,1602,2734,0,0,0,1.0,1,1.0,1,1.0,1,0.2981246962237141,41
2076,2,4338,1604,2734,0,0,0,1.0,1,1.0,1,1.0,1,0.30123070825298087,41
2077,0,4338,1604,2734,0,0,0,1.0,1,1.0,1,1.0,1,0.30471515511572417,40
2078,0,4338,1604,2734,0,0,0,1.0,1,1.0,1,1.0,1,0.30471515511572417,40
2079,0,4338,1604,2734,0,0,0,1.0,1,1.0,1,1.0,1,0.3155194793130139,39
2080,1,4339,1605,2734,0,0,0,1.0,1,1.0,1,1.0,1,0.3406507676780869,38
2081,5,4344,1605,2739,0,0,0,1.0,1,1.0,1,1.0,1,0.19189483009740002,40
2082,2,4346,1606,2740,0,0,0,1.0,1,1.0,1,1.0,1,0.17918357106720784,41
2083,2,4348,1607,2741,0,0,0,1.0,1,1.0,1,1.0,1,0.20099067029393797,40
2084,4,4352,1609,2743,0,0,0,1.0,1,1.0,1,1.0,1,0.2448974008976824,42
2085,3,4355,1610,2745,0,0,0,1.0,1,1.0,1,1.0,1,0.24733923825539011,42
2086,5,4360,1611,2749,0,0,0,1.0,1,1.0,1,1.0,1,0.2337868043314733,43
2087,3,4363,1612,2751,0,0,0,1.0,1,1.0,1,1.0,1,0.2741782157467456,45
2088,4,4367,1613,2754,0,0,0,1.0,1,1.0,1,1.0,1,0.3020717964727551,46
2089,7,4374,1613,2761,0,0,0,1.0,1,1.0,1,1.0,1,0.27286210836044694,47
2090,9,4383,1614,2769,0,0,0,1.0,1,1.0,1,1.0,1,0.27864646516883246,49
2091,7,4390,1614,2776,0,0,0,1.0,1,1.0,1,1.0,1,0.2603500537219848,49
2092,3,4393,1614,2779,0,0,0,1.0,1,1.0,1,1.0,1,0.2554577018798615,49
2093,8,4401,1615,2786,0,0,0,1.0,1,1.0,1,1.0,1,0.25320707287288796,49
2094,3,4404,1615,2789,0,0,0,1.0,1,1.0,1,1.0,1,0.25340909372171055,49
2095,5,4409,1615,2794,0,0,0,1.0,1,1.0,1,1.0,1,0.22043752855894894,49
2096,8,4417,1615,2802,0,0,0,1.0,1,1.0,1,1.0,1,0.18723417074101106,51
2097,3,4420,1615,2805,0,0,0,1.0,1,1.0,1,1.0,1,0.18506831091912057,51
2098,4,4424,1615,2809,0,0,0,1.0,1,1.0,1,1.0,1,0.16375244838754097,52
2099,4,4428,1615,2813,0,0,0,1.0,1,1.0,1,1.0,1,0.19110613920773448,51
2100,2,4430,1615,2815,0,0,0,1.0,1,1.0,1,1.0,1,0.19277040039423426,51
2101,3,4433,1616,2817,0,0,0,1.0,1,1.0,1,1.0,1,0.21029183014942207,48
2102,3,4436,1618,2818,0,0,0,1.0,1,1.0,1,1.0,1,0.2519228533048186,49
2103,2,4438,1620,2818,0,0,0,1.0,1,1.0,1,1.0,1,0.2627428094774765,48
2104,0,4438,1620,2818,0,0,0,1.0,1,1.0,1,1.0,1,0.27977248732641763,43
2105,1,4439,1621,2818,0,0,0,1.0,1,1.0,1,1.0,1,0.3068367801726493,42
2106,0,4439,1621,2818,0,0,0,1.0,1,1.0,1,1.0,1,0.32025836436548316,40
2107,1,4440,1622,2818,0,0,0,1.0,1,1.0,1,1.0,1,0.34679292849963067,39
2108,3,4443,1624,2819,0,0,0,1.0,1,1.0,1,1.0,1,0.31408422568445776,38
2109,1,4444,1625,2819,0,0,0,1.0,1,1.0,1,1.0,1,0.3421756541322921,37
2110,3,4447,1627,2820,0,0,0,1.0,1,1.0,1,1.0,1,0.3626389502712981,38
2111,1,4448,1628,2820,0,0,0,1.0,1,1.0,1,1.0,1,0.39086587763612207,37
2112,2,4450,1630,2820,0,0,0,1.0,1,1.0,1,1.0,1,0.4278167722604671,36
2113,3,4453,1631,2822,0,0,0,1.0,1,1.0,1,1.0,1,0.46505639272992366,36
2114,1,4454,1631,2823,0,0,0,1.0,1,1.0,1,1.0,1,0.4042322334198892,36
2115,0,4454,1631,2823,0,0,0,1.0,1,1.0,1,1.0,1,0.39151691046385445,35
2116,0,4454,1631,2823,0,0,0,1.0,1,1.0,1,1.0,1,0.39786121526923146,37
2117,6,4460,1632,2828,0,0,0,1.0,1,1.0,1,1.0,1,0.3020216534872258,38
2118,0,4460,1632,2828,0,0,0,1.0,1,1.0,1,1.0,1,0.3083799562805543,40
2119,1,4461,1633,2828,0,0,0,1.0,1,1.0,1,1.0,1,0.30606954012088017,40
2120,0,4461,1633,2828,0,0,0,1.0,1,1.0,1,1.0,1,0.3117600169843069,41
2121,1,4462,1633,2829,0,0,0,1.0,1,1.0,1,1.0,1,0.2982764883002164,41
2122,0,4462,1633,2829,0,0,0,1.0,1,1.0,1,1.0,1,0.3085861586382014,42
2123,3,4465,1635,2830,0,0,0,1.0,1,1.0,1,1.0,1,0.3196892025244691,43
2124,0,4465,1635,2830,0,0,0,1.0,1,1.0,1,1.0,1,0.33039388494088234,41
2125,0,4465,1635,2830,0,0,0,1.0,1,1.0,1,1.0,1,0.33039388494088234,41
2126,0,4465,1635,2830,0,0,0,1.0,1,1.0,1,1.0,1,0.34463722007238357,40
2127,0,4465,1635,2830,0,0,0,1.0,1,1.0,1,1.0,1,0.34463722007238357,40
2128,1,4466,1635,2831,0,0,0,1.0,1,1.0,1,1.0,1,0.3523510425543625,41
2129,0,4466,1635,2831,0,0,0,1.0,1,1.0,1,1.0,1,0.3402018718597148,42
2130,2,4468,1635,2833,0,0,0,1.0,1,1.0,1,1.0,1,0.3107075537030647,45
2131,0,4468,1635,2833,0,0,0,1.0,1,1.0,1,1.0,1,0.3107075537030647,45
2132,2,4470,1635,2835,0,0,0,1.0,1,1.0,1,1.0,1,0.28129036417386794,46
2133,1,4471,1636,2835,0,0,0,1.0,1,1.0,1,1.0,1,0.3022680768979966,46
2134,2,4473,1637,2836,0,0,0,1.0,1,1.0,1,1.0,1,0.26719782422042704,47
2135,4,4477,1638,2839,0,0,0,1.0,1,1.0,1,1.0,1,0.19530150278743214,47
2136,3,4480,1638,2842,0,0,0,1.0,1,1.0,1,1.0,1,0.1494505874465214,47
2137,3,4483,1639,2844,0,0,0,1.0,1,1.0,1,1.0,1,0.1395878085225894,49
2138,3,4486,1640,2846,0,0,0,1.0,1,1.0,1,1.0,1,0.18101196448394968,49
2139,2,4488,1641,2847,0,0,0,1.0,1,1.0,1,1.0,1,0.1298439545351917,47
2140,2,4490,1642,2848,0,0,0,1.0,1,1.0,1,1.0,1,0.17025869030298335,48
2141,3,4493,1643,2850,0,0,0,1.0,1,1.0,1,1.0,1,0.09472216827662716,47
2142,0,4493,1643,2850,0,0,0,1.0,1,1.0,1,1.0,1,0.09472216827662716,47
2143,0,4493,1643,2850,0,0,0,1.0,1,1.0,1,1.0,1,0.11652302829981982,48
2144,2,4495,1645,2850,0,0,0,1.0,1,1.0,1,1.0,1,0.13799618733037874,48
2145,3,4498,1647,2851,0,0,0,1.0,1,1.0,1,1.0,1,0.16833991363403486,46
2146,2,4500,1648,2852,0,0,0,1.0,1,1.0,1,1.0,1,0.12192264698574526,47
2147,6,4506,1653,2853,0,0,0,1.0,1,1.0,1,1.0,1,0.17665937019711825,48
2148,1,4507,1653,2854,0,0,0,1.0,1,1.0,1,1.0,1,0.11526536521022242,46
2149,4,4511,1657,2854,0,0,0,1.0,1,1.0,1,1.0,1,0.17237181489363143,46
2150,1,4512,1658,2854,0,0,0,1.0,1,1.0,1,1.0,1,0.17595270784187805,46
2151,1,4513,1658,2855,0,0,0,1.0,1,1.0,1,1.0,1,0.20832171757612925,44
2152,3,4516,1659,2857,0,0,0,1.0,1,1.0,1,1.0,1,0.23939267731737868,45
2153,3,4519,1660,2859,0,0,0,1.0,1,1.0,1,1.0,1,0.2687763699251122,48
2154,2,4521,1661,2860,0,0,0,1.0,1,1.0,1,1.0,1,0.2802739173890597,47
2155,5,4526,1663,2863,0,0,0,1.0,1,1.0,1,1.0,1,0.33188163580153185,48
2156,4,4530,1664,2866,0,0,0,1.0,1,1.0,1,1.0,1,0.34910113565808704,45
2157,3,4533,1664,2869,0,0,0,1.0,1,1.0,1,1.0,1,0.3400782306810734,43
2158,3,4536,1665,2871,0,0,0,1.0,1,1.0,1,1.0,1,0.3493392410639002,43
2159,3,4539,1666,2873,0,0,0,1.0,1,1.0,1,1.0,1,0.38146010882773485,43
2160,3,4542,1666,2876,0,0,0,1.0,1,1.0,1,1.0,1,0.3416594089905904,41
2161,9,4551,1666,2885,0,0,0,1.0,1,1.0,1,1.0,1,0.18093116515377294,41
2162,1,4552,1666,2886,0,0,0,1.0,1,1.0,1,1.0,1,0.16673865438680135,42
2163,1,4553,1666,2887,0,0,0,1.0,1,1.0,1,1.0,1,0.17266733450066254,43
2164,4,4557,1668,2889,0,0,0,1.0,1,1.0,1,1.0,1,0.1977497615853462,44
2165,0,4557,1668,2889,0,0,0,1.0,1,1.0,1,1.0,1,0.1977497615853462,44
2166,1,4558,1668,2890,0,0,0,1.0,1,1.0,1,1.0,1,0.19486186078463824,46
2167,1,4559,1668,2891,0,0,0,1.0,1,1.0,1,1.0,1,0.20206815654868376,46
2168,0,4559,1668,2891,0,0,0,1.0,1,1.0,1,1.0,1,0.20164416856410716,45
2169,3,4562,1668,2894,0,0,0,1.0,1,1.0,1,1.0,1,0.1650536090320342,49
2170,0,4562,1668,2894,0,0,0,1.0,1,1.0,1,1.0,1,0.1650536090320342,49
2171,0,4562,1668,2894,0,0,0,1.0,1,1.0,1,1.0,1,0.1591643972939233,51
2172,1,4563,1669,2894,0,0,0,1.0,1,1.0,1,1.0,1,0.1460442368611384,52
2173,0,4563,1669,2894,0,0,0,1.0,1,1.0,1,1.0,1,0.1460442368611384,52
2174,1,4564,1670,2894,0,0,0,1.0,1,1.0,1,1.0,1,0.164206805818441,52
2175,3,4567,1671,2896,0,0,0,1.0,1,1.0,1,1.0,1,0.1690188646831991,53
2176,2,4569,1671,2898,0,0,0,1.0,1,1.0,1,1.0,1,0.13682615712050353,54
2177,2,4571,1673,2898,0,0,0,1.0,1,1.0,1,1.0,1,0.16141069177018452,55
2178,2,4573,1674,2899,0,0,0,1.0,1,1.0,1,1.0,1,0.18156785342553877,54
2179,1,4574,1675,2899,0,0,0,1.0,1,1.0,1,1.0,1,0.21388793591068647,52
2180,2,4576,1676,2900,0,0,0,1.0,1,1.0,1,1.0,1,0.19887768976853798,51
2181,3,4579,1677,2902,0,0,0,1.0,1,1.0,1,1.0,1,0.15461955254412113,49
2182,3,4582,1679,2903,0,0,0,1.0,1,1.0,1,1.0,1,0.1751781859825892,49
2183,5,4587,1682,2905,0,0,0,1.0,1,1.0,1,1.0,1,0.2119835488590396,46
2184,2,4589,1683,2906,0,0,0,1.0,1,1.0,1,1.0,1,0.22867076498707303,45
2185,2,4591,1684,2907,0,0,0,1.0,1,1.0,1,1.0,1,0.2042474613722207,44
2186,1,4592,1685,2907,0,0,0,1.0,1,1.0,1,1.0,1,0.284274135452008,42
2187,1,4593,1686,2907,0,0,0,1.0,1,1.0,1,1.0,1,0.299205695798873,40
2188,3,4596,1689,2907,0,0,0,1.0,1,1.0,1,1.0,1,0.3001557839433665,38
2189,0,4596,1689,2907,0,0,0,1.0,1,1.0,1,1.0,1,0.33413514711782744,36
2190,3,4599,1692,2907,0,0,0,1.0,1,1.0,1,1.0,1,0.40394099317214177,34
2191,3,4602,1694,2908,0,0,0,1.0,1,1.0,1,1.0,1,0.37070949674196,34
2192,3,4605,1697,2908,0,0,0,1.0,1,1.0,1,1.0,1,0.41367940233758965,33
2193,0,4605,1697,2908,0,0,0,1.0,1,1.0,1,1.0,1,0.4067285342894641,32
2194,1,4606,1698,2908,0,0,0,1.0,1,1.0,1,1.0,1,0.410349600716947,32
2195,0,4606,1698,2908,0,0,0,1.0,1,1.0,1,1.0,1,0.4260813049599948,31
2196,0,4606,1698,2908,0,0,0,1.0,1,1.0,1,1.0,1,0.43215863426142465,32
2197,2,4608,1700,2908,0,0,0,1.0,1,1.0,1,1.0,1,0.45729903973905184,31
2198,0,4608,1700,2908,0,0,0,1.0,1,1.0,1,1.0,1,0.45729903973905184,31
2199,2,4610,1702,2908,0,0,0,1.0,1,1.0,1,1.0,1,0.4470526423588321,32
2200,3,4613,1702,2911,0,0,0,1.0,1,1.0,1,1.0,1,0.4404285535668829,35
2201,12,4625,1702,2923,0,0,0,1.0,1,1.0,1,1.0,1,0.15199900266005179,36
2202,1,4626,1702,2924,0,0,0,1.0,1,1.0,1,1.0,1,0.1703260927173873,36
2203,2,4628,1702,2926,0,0,0,1.0,1,1.0,1,1.0,1,0.1585722487134408,37
2204,2,4630,1703,2927,0,0,0,1.0,1,1.0,1,1.0,1,0.210198272274393,36
2205,5,4635,1703,2932,0,0,0,1.0,1,1.0,1,1.0,1,0.21668509821611381,37
2206,7,4642,1706,2936,0,0,0,1.0,1,1.0,1,1.0,1,0.29726969887830396,35
2207,4,4646,1706,2940,0,0,0,1.0,1,1.0,1,1.0,1,0.2600583202783552,37
2208,2,4648,1706,2942,0,0,0,1.0,1,1.0,1,1.0,1,0.28978326686714345,36
2209,2,4650,1706,2944,0,0,0,1.0,1,1.0,1,1.0,1,0.3000270414995138,35
2210,3,4653,1706,2947,0,0,0,1.0,1,1.0,1,1.0,1,0.2667717654213517,38
2211,2,4655,1706,2949,0,0,0,1.0,1,1.0,1,1.0,1,0.3133533849021275,37
2212,6,4661,1707,2954,0,0,0,1.0,1,1.0,1,1.0,1,0.3018828580780377,38
2213,6,4667,1708,2959,0,0,0,1.0,1,1.0,1,1.0,1,0.2719944609611215,38
2214,2,4669,1709,2960,0,0,0,1.0,1,1.0,1,1.0,1,0.27730260133753387,39
2215,2,4671,1710,2961,0,0,0,1.0,1,1.0,1,1.0,1,0.2823171980269622,39
2216,4,4675,1711,2964,0,0,0,1.0,1,1.0,1,1.0,1,0.2735187760547121,39
2217,4,4679,1712,2967,0,0,0,1.0,1,1.0,1,1.0,1,0.2873123170542979,38
2218,3,4682,1713,2969,0,0,0,1.0,1,1.0,1,1.0,1,0.302987541630645,37
2219,5,4687,1714,2973,0,0,0,1.0,1,1.0,1,1.0,1,0.2597921194425421,36
2220,3,4690,1714,2976,0,0,0,1.0,1,1.0,1,1.0,1,0.2464188993968723,34
2221,1,4691,1714,2977,0,0,0,1.0,1,1.0,1,1.0,1,0.22788151312776855,35
2222,1,4692,1714,2978,0,0,0,1.0,1,1.0,1,1.0,1,0.21748695769286722,33
2223,3,4695,1716,2979,0,0,0,1.0,1,1.0,1,1.0,1,0.2178917318552796,34
2224,1,4696,1717,2979,0,0,0,1.0,1,1.0,1,1.0,1,0.24108956650687588,32
2225,4,4700,1720,2980,0,0,0,1.0,1,1.0,1,1.0,1,0.2903994559818959,33
2226,2,4702,1722,2980,0,0,0,1.0,1,1.0,1,1.0,1,0.32575917747285466,32
2227,1,4703,1722,2981,0,0,0,1.0,1,1.0,1,1.0,1,0.2477571957120625,31
2228,1,4704,1723,2981,0,0,0,1.0,1,1.0,1,1.0,1,0.24062363581673965,32
2229,2,4706,1724,2982,0,0,0,1.0,1,1.0,1,1.0,1,0.20290562141424082,32
2230,0,4706,1724,2982,0,0,0,1.0,1,1.0,1,1.0,1,0.19404761869919884,31
2231,1,4707,1724,2983,0,0,0,1.0,1,1.0,1,1.0,1,0.18003959568121347,32
2232,2,4709,1726,2983,0,0,0,1.0,1,1.0,1,1.0,1,0.21628561490932255,32
2233,1,4710,1727,2983,0,0,0,1.0,1,1.0,1,1.0,1,0.2617847277169233,31
2234,2,4712,1728,2984,0,0,0,1.0,1,1.0,1,1.0,1,0.20883780533105253,32
2235,0,4712,1728,2984,0,0,0,1.0,1,1.0,1,1.0,1,0.24452804209472123,31
2236,0,4712,1728,2984,0,0,0,1.0,1,1.0,1,1.0,1,0.24452804209472123,31
2237,1,4713,1729,2984,0,0,0,1.0,1,1.0,1,1.0,1,0.2755085333477939,31
2238,1,4714,1729,2985,0,0,0,1.0,1,1.0,1,1.0,1,0.25810323558427944,31
2239,1,4715,1730,2985,0,0,0,1.0,1,1.0,1,1.0,1,0.24275808412680705,31
2240,3,4718,1732,2986,0,0,0,1.0,1,1.0,1,1.0,1,0.22428706907746462,32
2241,1,4719,1733,2986,0,0,0,1.0,1,1.0,1,1.0,1,0.24571473011439166,32
2242,2,4721,1735,2986,0,0,0,1.0,1,1.0,1,1.0,1,0.23015472748762034,34
2243,1,4722,1736,2986,0,0,0,1.0,1,1.0,1,1.0,1,0.24921540869257594,34
2244,0,4722,1736,2986,0,0,0,1.0,1,1.0,1,1.0,1,0.2608363787671228,36
2245,0,4722,1736,2986,0,0,0,1.0,1,1.0,1,1.0,1,0.2608363787671228,36
2246,1,4723,1736,2987,0,0,0,1.0,1,1.0,1,1.0,1,0.267770815456618,39
2247,0,4723,1736,2987,0,0,0,1.0,1,1.0,1,1.0,1,0.27807318459943614,40
2248,1,4724,1736,2988,0,0,0,1.0,1,1.0,1,1.0,1,0.26439816844811653,40
2249,2,4726,1736,2990,0,0,0,1.0,1,1.0,1,1.0,1,0.24226436109317184,41
2250,0,4726,1736,2990,0,0,0,1.0,1,1.0,1,1.0,1,0.24226436109317184,41
2251,0,4726,1736,2990,0,0,0,1.0,1,1.0,1,1.0,1,0.26020039486340685,42
2252,2,4728,1737,2991,0,0,0,1.0,1,1.0,1,1.0,1,0.281039434255709,41
2253,1,4729,1737,2992,0,0,0,1.0,1,1.0,1,1.0,1,0.24866366782278365,40
2254,1,4730,1738,2992,0,0,0,1.0,1,1.0,1,1.0,1,0.2746770133625336,39
2255,1,4731,1738,2993,0,0,0,1.0,1,1.0,1,1.0,1,0.3069264576884211,39
2256,3,4734,1741,2993,0,0,0,1.0,1,1.0,1,1.0,1,0.35948769313589796,40
2257,4,4738,1742,2996,0,0,0,1.0,1,1.0,1,1.0,1,0.3404218342665171,40
2258,5,4743,1744,2999,0,0,0,1.0,1,1.0,1,1.0,1,0.26567296390340683,39
2259,2,4745,1745,3000,0,0,0,1.0,1,1.0,1,1.0,1,0.2562089996849875,41
2260,1,4746,1746,3000,0,0,0,1.0,1,1.0,1,1.0,1,0.262524446000374,38
2261,1,4747,1746,3001,0,0,0,1.0,1,1.0,1,1.0,1,0.2420086604299774,38
2262,2,4749,1747,3002,0,0,0,1.0,1,1.0,1,1.0,1,0.2856961689524376,36
2263,1,4750,1748,3002,0,0,0,1.0,1,1.0,1,1.0,1,0.29982876184896373,35
2264,2,4752,1750,3002,0,0,0,1.0,1,1.0,1,1.0,1,0.35695587688853087,33
2265,3,4755,1751,3004,0,0,0,1.0,1,1.0,1,1.0,1,0.336594640877155,33
2266,4,4759,1753,3006,0,0,0,1.0,1,1.0,1,1.0,1,0.3243058823010878,33
2267,3,4762,1756,3006,0,0,0,1.0,1,1.0,1,1.0,1,0.35337567176900087,33
2268,4,4766,1758,3008,0,0,0,1.0,1,1.0,1,1.0,1,0.317322273112225,35
2269,3,4769,1759,3010,0,0,0,1.0,1,1.0,1,1.0,1,0.3061179651898476,36
2270,0,4769,1759,3010,0,0,0,1.0,1,1.0,1,1.0,1,0.30630525806700215,34
2271,4,4773,1762,3011,0,0,0,1.0,1,1.0,1,1.0,1,0.28570975752365585,34
2272,2,4775,1763,3012,0,0,0,1.0,1,1.0,1,1.0,1,0.25331846525572,33
2273,1,4776,1764,3012,0,0,0,1.0,1,1.0,1,1.0,1,0.2224672890362542,32
2274,0,4776,1764,3012,0,0,0,1.0,1,1.0,1,1.0,1,0.2224672890362542,32
2275,0,4776,1764,3012,0,0,0,1.0,1,1.0,1,1.0,1,0.23429427689314225,32
2276,0,4776,1764,3012,0,0,0,1.0,1,1.0,1,1.0,1,0.2736836521166693,31
2277,1,4777,1765,3012,0,0,0,1.0,1,1.0,1,1.0,1,0.2892863466913274,30
2278,1,4778,1766,3012,0,0,0,1.0,1,1.0,1,1.0,1,0.29995519599385706,33
2279,0,4778,1766,3012,0,0,0,1.0,1,1.0,1,1.0,1,0.29995519599385706,33
2280,1,4779,1767,3012,0,0,0,1.0,1,1.0,1,1.0,1,0.27450319967964293,35
2281,2,4781,1767,3014,0,0,0,1.0,1,1.0,1,1.0,1,0.24499425327805302,36
2282,0,4781,1767,3014,0,0,0,1.0,1,1.0,1,1.0,1,0.24499425327805302,36
2283,1,4782,1768,3014,0,0,0,1.0,1,1.0,1,1.0,1,0.259510501789802,36
2284,1,4783,1769,3014,0,0,0,1.0,1,1.0,1,1.0,1,0.2596084750332241,36
2285,0,4783,1769,3014,0,0,0,1.0,1,1.0,1,1.0,1,0.24851046252167905,37
2286,0,4783,1769,3014,0,0,0,1.0,1,1.0,1,1.0,1,0.2349191730070812,38
2287,3,4786,1769,3017,0,0,0,1.0,1,1.0,1,1.0,1,0.1740541493331063,38
2288,1,4787,1770,3017,0,0,0,1.0,1,1.0,1,1.0,1,0.21543206288087607,40
2289,2,4789,1770,3019,0,0,0,1.0,1,1.0,1,1.0,1,0.18950680945502482,40
2290,2,4791,1771,3020,0,0,0,1.0,1,1.0,1,1.0,1,0.21924591073079205,39
2291,1,4792,1772,3020,0,0,0,1.0,1,1.0,1,1.0,1,0.2411551706005091,37
2292,1,4793,1773,3020,0,0,0,1.0,1,1.0,1,1.0,1,0.3130680477414093,35
2293,2,4795,1775,3020,0,0,0,1.0,1,1.0,1,1.0,1,0.3551546533565404,35
2294,3,4798,1775,3023,0,0,0,1.0,1,1.0,1,1.0,1,0.4051661284918985,35
2295,5,4803,1775,3028,0,0,0,1.0,1,1.0,1,1.0,1,0.38047657946622027,36
2296,1,4804,1775,3029,0,0,0,1.0,1,1.0,1,1.0,1,0.3576703811325431,34
2297,2,4806,1775,3031,0,0,0,1.0,1,1.0,1,1.0,1,0.35970973793317074,35
2298,1,4807,1776,3031,0,0,0,1.0,1,1.0,1,1.0,1,0.3754475715183202,34
2299,3,4810,1777,3033,0,0,0,1.0,1,1.0,1,1.0,1,0.3595235428016129,35
2300,4,4814,1777,3037,0,0,0,1.0,1,1.0,1,1.0,1,0.3553530762784588,35
2301,3,4817,1777,3040,0,0,0,1.0,1,1.0,1,1.0,1,0.29380408618349596,35
2302,2,4819,1779,3040,0,0,0,1.0,1,1.0,1,1.0,1,0.3463161495168371,37
2303,0,4819,1779,3040,0,0,0,1.0,1,1.0,1,1.0,1,0.3163173677379513,35
2304,3,4822,1781,3041,0,0,0,1.0,1,1.0,1,1.0,1,0.3802259439304746,36
2305,0,4822,1781,3041,0,0,0,1.0,1,1.0,1,1.0,1,0.36851952058920423,34
2306,1,4823,1782,3041,0,0,0,1.0,1,1.0,1,1.0,1,0.4233855948473285,35
2307,0,4823,1782,3041,0,0,0,1.0,1,1.0,1,1.0,1,0.4358864859201905,35
2308,2,4825,1783,3042,0,0,0,1.0,1,1.0,1,1.0,1,0.43022243346821715,35
2309,0,4825,1783,3042,0,0,0,1.0,1,1.0,1,1.0,1,0.4494794440720615,34
2310,0,4825,1783,3042,0,0,0,1.0,1,1.0,1,1.0,1,0.4456057211285714,36
2311,4,4829,1783,3046,0,0,0,1.0,1,1.0,1,1.0,1,0.38830428954772733,38
2312,2,4831,1783,3048,0,0,0,1.0,1,1.0,1,1.0,1,0.3600751482032981,39
2313,3,4834,1783,3051,0,0,0,1.0,1,1.0,1,1.0,1,0.3374770926289153,39
2314,2,4836,1783,3053,0,0,0,1.0,1,1.0,1,1.0,1,0.3021799464309758,39
2315,5,4841,1784,3057,0,0,0,1.0,1,1.0,1,1.0,1,0.2970397304671884,40
2316,1,4842,1784,3058,0,0,0,1.0,1,1.0,1,1.0,1,0.30874756195993963,40
2317,5,4847,1785,3062,0,0,0,1.0,1,1.0,1,1.0,1,0.2726959626427004,41
2318,3,4850,1786,3064,0,0,0,1.0,1,1.0,1,1.0,1,0.2762935327144538,41
2319,1,4851,1786,3065,0,0,0,1.0,1,1.0,1,1.0,1,0.2777295137809466,41
2320,0,4851,1786,3065,0,0,0,1.0,1,1.0,1,1.0,1,0.2962338426411369,42
2321,4,4855,1786,3069,0,0,0,1.0,1,1.0,1,1.0,1,0.18101676466978212,43
2322,2,4857,1787,3070,0,0,0,1.0,1,1.0,1,1.0,1,0.2309919721335257,42
2323,1,4858,1787,3071,0,0,0,1.0,1,1.0,1,1.0,1,0.24137180186733148,43
2324,3,4861,1788,3073,0,0,0,1.0,1,1.0,1,1.0,1,0.25972518884974993,44
2325,3,4864,1788,3076,0,0,0,1.0,1,1.0,1,1.0,1,0.2595926447250286,44
2326,4,4868,1788,3080,0,0,0,1.0,1,1.0,1,1.0,1,0.2258675822708668,45
2327,3,4871,1788,3083,0,0,0,1.0,1,1.0,1,1.0,1,0.2707660014866998,45
2328,4,4875,1788,3087,0,0,0,1.0,1,1.0,1,1.0,1,0.2389505980765123,46
2329,2,4877,1788,3089,0,0,0,1.0,1,1.0,1,1.0,1,0.268729159707612,45
2330,5,4882,1788,3094,0,0,0,1.0,1,1.0,1,1.0,1,0.2787663239216105,47
2331,3,4885,1788,3097,0,0,0,1.0,1,1.0,1,1.0,1,0.24539776971113655,48
2332,2,4887,1788,3099,0,0,0,1.0,1,1.0,1,1.0,1,0.26074711097483855,48
2333,5,4892,1789,3103,0,0,0,1.0,1,1.0,1,1.0,1,0.2620664073882233,49
2334,3,4895,1790,3105,0,0,0,1.0,1,1.0,1,1.0,1,0.33103698332175,47
2335,5,4900,1791,3109,0,0,0,1.0,1,1.0,1,1.0,1,0.3754090515129475,46
2336,12,4912,1791,3121,0,0,0,1.0,1,1.0,1,1.0,1,0.3582426763886686,46
2337,8,4920,1792,3128,0,0,0,1.0,1,1.0,1,1.0,1,0.31707874048093865,45
2338,4,4924,1794,3130,0,0,0,1.0,1,1.0,1,1.0,1,0.27560084046790373,44
2339,6,4930,1795,3135,0,0,0,1.0,1,1.0,1,1.0,1,0.23613627273596885,45
2340,1,4931,1795,3136,0,0,0,1.0,1,1.0,1,1.0,1,0.25458905234304724,44
2341,3,4934,1795,3139,0,0,0,1.0,1,1.0,1,1.0,1,0.21213333610911628,45
2342,3,4937,1796,3141,0,0,0,1.0,1,1.0,1,1.0,1,0.1647248027861063,47
2343,1,4938,1797,3141,0,0,0,1.0,1,1.0,1,1.0,1,0.1597483750209124,46
2344,0,4938,1797,3141,0,0,0,1.0,1,1.0,1,1.0,1,0.18815029267236458,46
2345,1,4939,1797,3142,0,0,0,1.0,1,1.0,1,1.0,1,0.20767141925993698,45
2346,0,4939,1797,3142,0,0,0,1.0,1,1.0,1,1.0,1,0.19246414839662623,46
2347,0,4939,1797,3142,0,0,0,1.0,1,1.0,1,1.0,1,0.20393639352901244,47
2348,4,4943,1799,3144,0,0,0,1.0,1,1.0,1,1.0,1,0.20829685948789567,49
2349,1,4944,1800,3144,0,0,0,1.0,1,1.0,1,1.0,1,0.235178016497051,49
2350,0,4944,1800,3144,0,0,0,1.0,1,1.0,1,1.0,1,0.21731548339534126,50
2351,1,4945,1801,3144,0,0,0,1.0,1,1.0,1,1.0,1,0.24097376690419264,50
2352,0,4945,1801,3144,0,0,0,1.0,1,1.0,1,1.0,1,0.24771041842553285,51
2353,2,4947,1801,3146,0,0,0,1.0,1,1.0,1,1.0,1,0.1917162012753194,51
2354,0,4947,1801,3146,0,0,0,1.0,1,1.0,1,1.0,1,0.21088624629642455,51
2355,1,4948,1802,3146,0,0,0,1.0,1,1.0,1,1.0,1,0.22764820944817163,50
2356,1,4949,1803,3146,0,0,0,1.0,1,1.0,1,1.0,1,0.20165248745748204,50
2357,0,4949,1803,3146,0,0,0,1.0,1,1.0,1,1.0,1,0.22339993086351984,49
2358,2,4951,1803,3148,0,0,0,1.0,1,1.0,1,1.0,1,0.23197541260332846,51
2359,0,4951,1803,3148,0,0,0,1.0,1,1.0,1,1.0,1,0.21445642401273127,51
2360,1,4952,1803,3149,0,0,0,1.0,1,1.0,1,1.0,1,0.1939884027696546,51
2361,2,4954,1804,3150,0,0,0,1.0,1,1.0,1,1.0,1,0.2129288777618,52
2362,2,4956,1805,3151,0,0,0,1.0,1,1.0,1,1.0,1,0.21031651788014752,53
2363,0,4956,1805,3151,0,0,0,1.0,1,1.0,1,1.0,1,0.2198339814287359,54
2364,1,4957,1806,3151,0,0,0,1.0,1,1.0,1,1.0,1,0.2077686113608181,55
2365,3,4960,1808,3152,0,0,0,1.0,1,1.0,1,1.0,1,0.1908780487691073,53
2366,3,4963,1810,3153,0,0,0,1.0,1,1.0,1,1.0,1,0.1579386812524256,53
2367,3,4966,1812,3154,0,0,0,1.0,1,1.0,1,1.0,1,0.16661638642911766,51
2368,3,4969,1815,3154,0,0,0,1.0,1,1.0,1,1.0,1,0.21907284653559642,50
2369,2,4971,1816,3155,0,0,0,1.0,1,1.0,1,1.0,1,0.24687644023946362,47
2370,1,4972,1816,3156,0,0,0,1.0,1,1.0,1,1.0,1,0.25822438510291695,48
2371,1,4973,1817,3156,0,0,0,1.0,1,1.0,1,1.0,1,0.25311174812519144,49
2372,0,4973,1817,3156,0,0,0,1.0,1,1.0,1,1.0,1,0.2715217847433442,48
2373,0,4973,1817,3156,0,0,0,1.0,1,1.0,1,1.0,1,0.2623337277646591,49
2374,0,4973,1817,3156,0,0,0,1.0,1,1.0,1,1.0,1,0.26232870841342637,50
2375,2,4975,1819,3156,0,0,0,1.0,1,1.0,1,1.0,1,0.2762708074747992,50
2376,0,4975,1819,3156,0,0,0,1.0,1,1.0,1,1.0,1,0.2703538319180714,50
2377,0,4975,1819,3156,0,0,0,1.0,1,1.0,1,1.0,1,0.2801379593575408,49
2378,0,4975,1819,3156,0,0,0,1.0,1,1.0,1,1.0,1,0.2801379593575408,49
2379,1,4976,1820,3156,0,0,0,1.0,1,1.0,1,1.0,1,0.2909888975447301,50
2380,2,4978,1821,3157,0,0,0,1.0,1,1.0,1,1.0,1,0.29896834274307993,50
2381,4,4982,1822,3160,0,0,0,1.0,1,1.0,1,1.0,1,0.2767249170341891,51
2382,0,4982,1822,3160,0,0,0,1.0,1,1.0,1,1.0,1,0.2767249170341891,51
2383,3,4985,1823,3162,0,0,0,1.0,1,1.0,1,1.0,1,0.26612394357734764,52
2384,3,4988,1825,3163,0,0,0,1.0,1,1.0,1,1.0,1,0.231568140745636,52
2385,2,4990,1827,3163,0,0,0,1.0,1,1.0,1,1.0,1,0.25786799114454917,51
2386,0,4990,1827,3163,0,0,0,1.0,1,1.0,1,1.0,1,0.27392026398087027,52
2387,1,4991,1828,3163,0,0,0,1.0,1,1.0,1,1.0,1,0.2949079357843203,49
2388,2,4993,1830,3163,0,0,0,1.0,1,1.0,1,1.0,1,0.331164832624055,48
2389,3,4996,1832,3164,0,0,0,1.0,1,1.0,1,1.0,1,0.3361803057932256,48
2390,2,4998,1834,3164,0,0,0,1.0,1,1.0,1,1.0,1,0.34557960663141574,49
2391,5,5003,1836,3167,0,0,0,1.0,1,1.0,1,1.0,1,0.2925309108625919,48
2392,3,5006,1838,3168,0,0,0,1.0,1,1.0,1,1.0,1,0.28748580701214693,49
2393,2,5008,1840,3168,0,0,0,1.0,1,1.0,1,1.0,1,0.29599806922165417,50
2394,4,5012,1843,3169,0,0,0,1.0,1,1.0,1,1.0,1,0.33026639413029746,50
2395,2,5014,1845,3169,0,0,0,1.0,1,1.0,1,1.0,1,0.33669737847724823,49
2396,1,5015,1845,3170,0,0,0,1.0,1,1.0,1,1.0,1,0.31116769257085924,50
2397,4,5019,1848,3171,0,0,0,1.0,1,1.0,1,1.0,1,0.32897262021206175,51
2398,2,5021,1850,3171,0,0,0,1.0,1,1.0,1,1.0,1,0.3172918058870241,49
2399,1,5022,1850,3172,0,0,0,1.0,1,1.0,1,1.0,1,0.29499680626277136,50
2400,1,5023,1851,3172,0,0,0,1.0,1,1.0,1,1.0,1,0.31289200112944976,51
2401,3,5026,1852,3174,0,0,0,1.0,1,1.0,1,1.0,1,0.27783618524911835,50
2402,1,5027,1852,3175,0,0,0,1.0,1,1.0,1,1.0,1,0.2543145622027114,51
2403,1,5028,1852,3176,0,0,0,1.0,1,1.0,1,1.0,1,0.23342552024236393,52
2404,1,5029,1852,3177,0,0,0,1.0,1,1.0,1,1.0,1,0.23365148398740845,53
2405,0,5029,1852,3177,0,0,0,1.0,1,1.0,1,1.0,1,0.22859322497274673,52
2406,0,5029,1852,3177,0,0,0,1.0,1,1.0,1,1.0,1,0.22859322497274673,52
2407,1,5030,1853,3177,0,0,0,1.0,1,1.0,1,1.0,1,0.26191703780124526,51
2408,0,5030,1853,3177,0,0,0,1.0,1,1.0,1,1.0,1,0.262837461696234,50
2409,1,5031,1853,3178,0,0,0,1.0,1,1.0,1,1.0,1,0.2711634625538103,50
2410,3,5034,1855,3179,0,0,0,1.0,1,1.0,1,1.0,1,0.3071479629375914,49
2411,1,5035,1855,3180,0,0,0,1.0,1,1.0,1,1.0,1,0.3196376829082688,48
2412,0,5035,1855,3180,0,0,0,1.0,1,1.0,1,1.0,1,0.3219341393460276,47
2413,0,5035,1855,3180,0,0,0,1.0,1,1.0,1,1.0,1,0.3249783189280903,47
2414,4,5039,1856,3183,0,0,0,1.0,1,1.0,1,1.0,1,0.33429107381497886,47
2415,3,5042,1856,3186,0,0,0,1.0,1,1.0,1,1.0,1,0.3276111665756019,46
2416,2,5044,1856,3188,0,0,0,1.0,1,1.0,1,1.0,1,0.3180043667697443,47
2417,2,5046,1858,3188,0,0,0,1.0,1,1.0,1,1.0,1,0.3400757415655813,46
2418,5,5051,1859,3192,0,0,0,1.0,1,1.0,1,1.0,1,0.33222933491084833,48
2419,4,5055,1861,3194,0,0,0,1.0,1,1.0,1,1.0,1,0.2924011745985474,47
2420,1,5056,1861,3195,0,0,0,1.0,1,1.0,1,1.0,1,0.2789431948173753,49
2421,5,5061,1862,3199,0,0,0,1.0,1,1.0,1,1.0,1,0.21331219323854375,50
2422,3,5064,1864,3200,0,0,0,1.0,1,1.0,1,1.0,1,0.20131531649722129,50
2423,2,5066,1865,3201,0,0,0,1.0,1,1.0,1,1.0,1,0.2095179984134398,51
2424,1,5067,1866,3201,0,0,0,1.0,1,1.0,1,1.0,1,0.22589236498547222,50
2425,1,5068,1866,3202,0,0,0,1.0,1,1.0,1,1.0,1,0.19358062088585778,48
2426,3,5071,1869,3202,0,0,0,1.0,1,1.0,1,1.0,1,0.19605319332823556,51
2427,1,5072,1870,3202,0,0,0,1.0,1,1.0,1,1.0,1,0.21978184888054192,50
2428,1,5073,1871,3202,0,0,0,1.0,1,1.0,1,1.0,1,0.2161599329766291,49
2429,2,5075,1873,3202,0,0,0,1.0,1,1.0,1,1.0,1,0.2673454697169082,49
2430,1,5076,1873,3203,0,0,0,1.0,1,1.0,1,1.0,1,0.280225675584206,46
2431,1,5077,1874,3203,0,0,0,1.0,1,1.0,1,1.0,1,0.29292567323761426,45
2432,1,5078,1875,3203,0,0,0,1.0,1,1.0,1,1.0,1,0.37816801235209574,44
2433,1,5079,1876,3203,0,0,0,1.0,1,1.0,1,1.0,1,0.34583514566641316,45
2434,0,5079,1876,3203,0,0,0,1.0,1,1.0,1,1.0,1,0.3586898933856674,44
2435,0,5079,1876,3203,0,0,0,1.0,1,1.0,1,1.0,1,0.3586898933856674,44
2436,0,5079,1876,3203,0,0,0,1.0,1,1.0,1,1.0,1,0.3586898933856674,44
2437,4,5083,1876,3207,0,0,0,1.0,1,1.0,1,1.0,1,0.29250700344892483,45
2438,2,5085,1877,3208,0,0,0,1.0,1,1.0,1,1.0,1,0.3175316300319632,45
2439,0,5085,1877,3208,0,0,0,1.0,1,1.0,1,1.0,1,0.3107142820463886,46
2440,0,5085,1877,3208,0,0,0,1.0,1,1.0,1,1.0,1,0.3247149235708433,45
2441,8,5093,1877,3216,0,0,0,1.0,1,1.0,1,1.0,1,0.1609093417703731,45
2442,2,5095,1877,3218,0,0,0,1.0,1,1.0,1,1.0,1,0.1565642172816769,46
2443,1,5096,1877,3219,0,0,0,1.0,1,1.0,1,1.0,1,0.18954205743322972,45
2444,11,5107,1882,3225,0,0,0,1.0,1,1.0,1,1.0,1,0.26396298515985894,46
2445,4,5111,1883,3228,0,0,0,1.0,1,1.0,1,1.0,1,0.2588871048195935,44
2446,10,5121,1886,3235,0,0,0,1.0,1,1.0,1,1.0,1,0.2786222818011954,44
2447,4,5125,1888,3237,0,0,0,1.0,1,1.0,1,1.0,1,0.29281611890173626,42
2448,3,5128,1890,3238,0,0,0,1.0,1,1.0,1,1.0,1,0.2843446763283049,41
2449,1,5129,1891,3238,0,0,0,1.0,1,1.0,1,1.0,1,0.2810363190990202,40
2450,3,5132,1893,3239,0,0,0,1.0,1,1.0,1,1.0,1,0.28808336612767654,42
2451,1,5133,1893,3240,0,0,0,1.0,1,1.0,1,1.0,1,0.2747615087401833,43
2452,2,5135,1894,3241,0,0,0,1.0,1,1.0,1,1.0,1,0.274605062126488,43
2453,1,5136,1894,3242,0,0,0,1.0,1,1.0,1,1.0,1,0.28252256608363624,45
2454,2,5138,1896,3242,0,0,0,1.0,1,1.0,1,1.0,1,0.3208468181017011,47
2455,3,5141,1896,3245,0,0,0,1.0,1,1.0,1,1.0,1,0.3258083478885952,48
2456,3,5144,1897,3247,0,0,0,1.0,1,1.0,1,1.0,1,0.3258093431568401,49
2457,5,5149,1899,3250,0,0,0,1.0,1,1.0,1,1.0,1,0.3914013529600252,48
2458,5,5154,1899,3255,0,0,0,1.0,1,1.0,1,1.0,1,0.37262878786494225,49
2459,2,5156,1899,3257,0,0,0,1.0,1,1.0,1,1.0,1,0.34987457935121186,49
2460,4,5160,1900,3260,0,0,0,1.0,1,1.0,1,1.0,1,0.35622024178207584,50
2461,3,5163,1900,3263,0,0,0,1.0,1,1.0,1,1.0,1,0.2997548244624432,50
2462,3,5166,1902,3264,0,0,0,1.0,1,1.0,1,1.0,1,0.2742196316208103,51
2463,0,5166,1902,3264,0,0,0,1.0,1,1.0,1,1.0,1,0.28242089612186877,51
2464,2,5168,1904,3264,0,0,0,1.0,1,1.0,1,1.0,1,0.2762048148437643,50
2465,0,5168,1904,3264,0,0,0,1.0,1,1.0,1,1.0,1,0.28061973940504964,49
2466,3,5171,1906,3265,0,0,0,1.0,1,1.0,1,1.0,1,0.26420247093469146,49
2467,1,5172,1906,3266,0,0,0,1.0,1,1.0,1,1.0,1,0.25076331337027924,48
2468,3,5175,1909,3266,0,0,0,1.0,1,1.0,1,1.0,1,0.297934844723111,47
2469,1,5176,1910,3266,0,0,0,1.0,1,1.0,1,1.0,1,0.2854264820809805,46
2470,0,5176,1910,3266,0,0,0,1.0,1,1.0,1,1.0,1,0.29468034638201346,44
2471,4,5180,1911,3269,0,0,0,1.0,1,1.0,1,1.0,1,0.30431856161463683,44
2472,1,5181,1911,3270,0,0,0,1.0,1,1.0,1,1.0,1,0.3314283201888463,44
2473,2,5183,1912,3271,0,0,0,1.0,1,1.0,1,1.0,1,0.3316344914699027,43
2474,2,5185,1914,3271,0,0,0,1.0,1,1.0,1,1.0,1,0.30837834250515156,44
2475,5,5190,1915,3275,0,0,0,1.0,1,1.0,1,1.0,1,0.27536109117649604,46
2476,2,5192,1915,3277,0,0,0,1.0,1,1.0,1,1.0,1,0.27536109117649604,46
2477,1,5193,1915,3278,0,0,0,1.0,1,1.0,1,1.0,1,0.2769716082044834,46
2478,2,5195,1915,3280,0,0,0,1.0,1,1.0,1,1.0,1,0.2769716082044834,46
2479,3,5198,1916,3282,0,0,0,1.0,1,1.0,1,1.0,1,0.2932276588358394,46
2480,3,5201,1917,3284,0,0,0,1.0,1,1.0,1,1.0,1,0.30114627687447776,47
2481,6,5207,1918,3289,0,0,0,1.0,1,1.0,1,1.0,1,0.20030707131698006,47
2482,1,5208,1918,3290,0,0,0,1.0,1,1.0,1,1.0,1,0.19504334772789492,45
2483,1,5209,1919,3290,0,0,0,1.0,1,1.0,1,1.0,1,0.2073321808648441,45
2484,1,5210,1920,3290,0,0,0,1.0,1,1.0,1,1.0,1,0.2136825195533584,46
2485,2,5212,1920,3292,0,0,0,1.0,1,1.0,1,1.0,1,0.1969090524213359,44
2486,0,5212,1920,3292,0,0,0,1.0,1,1.0,1,1.0,1,0.22321010589777995,43
2487,2,5214,1922,3292,0,0,0,1.0,1,1.0,1,1.0,1,0.17185719985204811,44
2488,3,5217,1924,3293,0,0,0,1.0,1,1.0,1,1.0,1,0.18459476373880737,45
2489,0,5217,1924,3293,0,0,0,1.0,1,1.0,1,1.0,1,0.24068226697536974,44
2490,4,5221,1926,3295,0,0,0,1.0,1,1.0,1,1.0,1,0.26698683612538177,44
2491,5,5226,1928,3298,0,0,0,1.0,1,1.0,1,1.0,1,0.25204558566133783,44
2492,2,5228,1928,3300,0,0,0,1.0,1,1.0,1,1.0,1,0.25204558566133783,44
2493,1,5229,1928,3301,0,0,0,1.0,1,1.0,1,1.0,1,0.24323115038179896,42
2494,3,5232,1929,3303,0,0,0,1.0,1,1.0,1,1.0,1,0.2669080436918979,42
2495,3,5235,1929,3306,0,0,0,1.0,1,1.0,1,1.0,1,0.24953946144304856,42
2496,3,5238,1930,3308,0,0,0,1.0,1,1.0,1,1.0,1,0.2894571267260314,42
2497,3,5241,1930,3311,0,0,0,1.0,1,1.0,1,1.0,1,0.2748314610459297,44
2498,2,5243,1930,3313,0,0,0,1.0,1,1.0,1,1.0,1,0.2943383401929902,43
2499,2,5245,1931,3314,0,0,0,1.0,1,1.0,1,1.0,1,0.26666584326322,43
2500,3,5248,1934,3314,0,0,0,1.0,1,1.0,1,1.0,1,0.2869540178241183,44
2501,11,5259,1935,3324,0,0,0,1.0,1,1.0,1,1.0,1,0.19855834688393556,46
2502,6,5265,1937,3328,0,0,0,1.0,1,1.0,1,1.0,1,0.20770752683756463,47
2503,3,5268,1938,3330,0,0,0,1.0,1,1.0,1,1.0,1,0.2476642856357081,47
2504,4,5272,1939,3333,0,0,0,1.0,1,1.0,1,1.0,1,0.26452322720444765,46
2505,9,5281,1941,3340,0,0,0,1.0,1,1.0,1,1.0,1,0.2608982364933372,46
2506,5,5286,1941,3345,0,0,0,1.0,1,1.0,1,1.0,1,0.27929269532765416,45
2507,6,5292,1942,3350,0,0,0,1.0,1,1.0,1,1.0,1,0.3428941718049032,45
2508,7,5299,1944,3355,0,0,0,1.0,1,1.0,1,1.0,1,0.3466350651448209,46
2509,6,5305,1946,3359,0,0,0,1.0,1,1.0,1,1.0,1,0.3174211954754974,45
2510,8,5313,1947,3366,0,0,0,1.0,1,1.0,1,1.0,1,0.3240444525765467,46
2511,10,5323,1948,3375,0,0,0,1.0,1,1.0,1,1.0,1,0.3465859112595046,47
2512,9,5332,1948,3384,0,0,0,1.0,1,1.0,1,1.0,1,0.3504410373956885,47
2513,8,5340,1948,3392,0,0,0,1.0,1,1.0,1,1.0,1,0.2982074532777092,48
2514,4,5344,1949,3395,0,0,0,1.0,1,1.0,1,1.0,1,0.3034378489502426,48
2515,9,5353,1949,3404,0,0,0,1.0,1,1.0,1,1.0,1,0.21448477402309346,49
2516,4,5357,1951,3406,0,0,0,1.0,1,1.0,1,1.0,1,0.2653328808403227,49
2517,8,5365,1952,3413,0,0,0,1.0,1,1.0,1,1.0,1,0.2388520647425885,49
2518,6,5371,1952,3419,0,0,0,1.0,1,1.0,1,1.0,1,0.2135512596063975,48
2519,2,5373,1952,3421,0,0,0,1.0,1,1.0,1,1.0,1,0.21644248971115215,48
2520,1,5374,1952,3422,0,0,0,1.0,1,1.0,1,1.0,1,0.2124596509191479,46
2521,2,5376,1954,3422,0,0,0,1.0,1,1.0,1,1.0,1,0.2404672265896306,47
2522,1,5377,1955,3422,0,0,0,1.0,1,1.0,1,1.0,1,0.2721279354770591,45
2523,4,5381,1956,3425,0,0,0,1.0,1,1.0,1,1.0,1,0.27158902570757737,44
2524,0,5381,1956,3425,0,0,0,1.0,1,1.0,1,1.0,1,0.29819805477220934,42
2525,2,5383,1957,3426,0,0,0,1.0,1,1.0,1,1.0,1,0.32351133952851346,42
2526,0,5383,1957,3426,0,0,0,1.0,1,1.0,1,1.0,1,0.32526354694656134,41
2527,0,5383,1957,3426,0,0,0,1.0,1,1.0,1,1.0,1,0.32526354694656134,41
2528,0,5383,1957,3426,0,0,0,1.0,1,1.0,1,1.0,1,0.3529553002426176,41
2529,0,5383,1957,3426,0,0,0,1.0,1,1.0,1,1.0,1,0.35875914996936004,42
2530,1,5384,1957,3427,0,0,0,1.0,1,1.0,1,1.0,1,0.3135871756840622,41
2531,0,5384,1957,3427,0,0,0,1.0,1,1.0,1,1.0,1,0.3135871756840622,41
2532,3,5387,1957,3430,0,0,0,1.0,1,1.0,1,1.0,1,0.2574585807959327,43
2533,0,5387,1957,3430,0,0,0,1.0,1,1.0,1,1.0,1,0.2574585807959327,43
2534,0,5387,1957,3430,0,0,0,1.0,1,1.0,1,1.0,1,0.2574585807959327,43
2535,2,5389,1959,3430,0,0,0,1.0,1,1.0,1,1.0,1,0.2968934954530167,44
2536,0,5389,1959,3430,0,0,0,1.0,1,1.0,1,1.0,1,0.2968934954530167,44
2537,0,5389,1959,3430,0,0,0,1.0,1,1.0,1,1.0,1,0.3000075464534389,45
2538,2,5391,1959,3432,0,0,0,1.0,1,1.0,1,1.0,1,0.28933959203407833,48
2539,2,5393,1960,3433,0,0,0,1.0,1,1.0,1,1.0,1,0.30332714035353936,48
2540,4,5397,1962,3435,0,0,0,1.0,1,1.0,1,1.0,1,0.32563850714397885,50
2541,5,5402,1963,3439,0,0,0,1.0,1,1.0,1,1.0,1,0.2773072410879865,52
2542,4,5406,1965,3441,0,0,0,1.0,1,1.0,1,1.0,1,0.263831575826617,52
2543,7,5413,1968,3445,0,0,0,1.0,1,1.0,1,1.0,1,0.2399832416871077,51
2544,3,5416,1970,3446,0,0,0,1.0,1,1.0,1,1.0,1,0.26012406456707887,51
2545,1,5417,1970,3447,0,0,0,1.0,1,1.0,1,1.0,1,0.21567641290830325,50
2546,1,5418,1971,3447,0,0,0,1.0,1,1.0,1,1.0,1,0.22678858674368488,50
2547,0,5418,1971,3447,0,0,0,1.0,1,1.0,1,1.0,1,0.24982110904851645,47
2548,1,5419,1972,3447,0,0,0,1.0,1,1.0,1,1.0,1,0.24036820278379042,46
2549,4,5423,1976,3447,0,0,0,1.0,1,1.0,1,1.0,1,0.26705575540549104,46
2550,2,5425,1978,3447,0,0,0,1.0,1,1.0,1,1.0,1,0.28412643347685224,44
2551,0,5425,1978,3447,0,0,0,1.0,1,1.0,1,1.0,1,0.2753076212678082,43
2552,0,5425,1978,3447,0,0,0,1.0,1,1.0,1,1.0,1,0.3039555944937594,43
2553,2,5427,1978,3449,0,0,0,1.0,1,1.0,1,1.0,1,0.2876608555794397,44
2554,2,5429,1980,3449,0,0,0,1.0,1,1.0,1,1.0,1,0.3110756835318412,45
2555,2,5431,1981,3450,0,0,0,1.0,1,1.0,1,1.0,1,0.34756124026382623,44
2556,1,5432,1981,3451,0,0,0,1.0,1,1.0,1,1.0,1,0.3058300935549146,44
2557,1,5433,1982,3451,0,0,0,1.0,1,1.0,1,1.0,1,0.3493174042283654,41
2558,0,5433,1982,3451,0,0,0,1.0,1,1.0,1,1.0,1,0.3486331575088457,40
2559,3,5436,1982,3454,0,0,0,1.0,1,1.0,1,1.0,1,0.28210457788548704,41
2560,0,5436,1982,3454,0,0,0,1.0,1,1.0,1,1.0,1,0.28210457788548704,41
2561,3,5439,1982,3457,0,0,0,1.0,1,1.0,1,1.0,1,0.23876208126434934,43
2562,2,5441,1982,3459,0,0,0,1.0,1,1.0,1,1.0,1,0.23116820494716722,44
2563,1,5442,1982,3460,0,0,0,1.0,1,1.0,1,1.0,1,0.21442803180730594,44
2564,2,5444,1984,3460,0,0,0,1.0,1,1.0,1,1.0,1,0.2543205115904505,44
2565,5,5449,1986,3463,0,0,0,1.0,1,1.0,1,1.0,1,0.25541198853568414,45
2566,2,5451,1987,3464,0,0,0,1.0,1,1.0,1,1.0,1,0.2878672728741952,46
2567,3,5454,1988,3466,0,0,0,1.0,1,1.0,1,1.0,1,0.2908212103068794,48
2568,3,5457,1989,3468,0,0,0,1.0,1,1.0,1,1.0,1,0.2946175991403312,48
2569,2,5459,1989,3470,0,0,0,1.0,1,1.0,1,1.0,1,0.2929960827362857,49
2570,1,5460,1989,3471,0,0,0,1.0,1,1.0,1,1.0,1,0.27943783048066373,48
2571,1,5461,1989,3472,0,0,0,1.0,1,1.0,1,1.0,1,0.2849326989886013,48
2572,1,5462,1989,3473,0,0,0,1.0,1,1.0,1,1.0,1,0.2603967344832528,49
2573,5,5467,1989,3478,0,0,0,1.0,1,1.0,1,1.0,1,0.25247122109506376,50
2574,1,5468,1989,3479,0,0,0,1.0,1,1.0,1,1.0,1,0.2602663323819937,49
2575,1,5469,1989,3480,0,0,0,1.0,1,1.0,1,1.0,1,0.2746025754601103,48
2576,2,5471,1989,3482,0,0,0,1.0,1,1.0,1,1.0,1,0.2746025754601103,48
2577,3,5474,1989,3485,0,0,0,1.0,1,1.0,1,1.0,1,0.2762879907906413,50
2578,0,5474,1989,3485,0,0,0,1.0,1,1.0,1,1.0,1,0.2762879907906413,50
2579,2,5476,1990,3486,0,0,0,1.0,1,1.0,1,1.0,1,0.25363401479822006,51
2580,0,5476,1990,3486,0,0,0,1.0,1,1.0,1,1.0,1,0.27113808200059225,52
2581,3,5479,1990,3489,0,0,0,1.0,1,1.0,1,1.0,1,0.23624275218030324,51
2582,2,5481,1991,3490,0,0,0,1.0,1,1.0,1,1.0,1,0.2370037032858218,51
2583,2,5483,1992,3491,0,0,0,1.0,1,1.0,1,1.0,1,0.23686282356734556,51
2584,3,5486,1994,3492,0,0,0,1.0,1,1.0,1,1.0,1,0.2549103592236301,51
2585,1,5487,1994,3493,0,0,0,1.0,1,1.0,1,1.0,1,0.23551017401328578,50
2586,4,5491,1997,3494,0,0,0,1.0,1,1.0,1,1.0,1,0.25728620548292014,50
2587,2,5493,1998,3495,0,0,0,1.0,1,1.0,1,1.0,1,0.2134772611014225,48
2588,5,5498,2001,3497,0,0,0,1.0,1,1.0,1,1.0,1,0.24857477599537353,50
2589,3,5501,2002,3499,0,0,0,1.0,1,1.0,1,1.0,1,0.18918969991464185,48
2590,1,5502,2003,3499,0,0,0,1.0,1,1.0,1,1.0,1,0.2201281569518686,47
2591,2,5504,2004,3500,0,0,0,1.0,1,1.0,1,1.0,1,0.2329519059625735,47
2592,1,5505,2005,3500,0,0,0,1.0,1,1.0,1,1.0,1,0.2601837783484481,47
2593,2,5507,2006,3501,0,0,0,1.0,1,1.0,1,1.0,1,0.2908047308562559,47
2594,6,5513,2009,3504,0,0,0,1.0,1,1.0,1,1.0,1,0.20178887852727595,49
2595,0,5513,2009,3504,0,0,0,1.0,1,1.0,1,1.0,1,0.1912232951848546,48
2596,2,5515,2011,3504,0,0,0,1.0,1,1.0,1,1.0,1,0.17021570660280091,47
2597,4,5519,2014,3505,0,0,0,1.0,1,1.0,1,1.0,1,0.18859288114633274,48
2598,3,5522,2015,3507,0,0,0,1.0,1,1.0,1,1.0,1,0.17573882339572983,48
2599,2,5524,2016,3508,0,0,0,1.0,1,1.0,1,1.0,1,0.1642599982889357,49
2600,1,5525,2017,3508,0,0,0,1.0,1,1.0,1,1.0,1,0.17106031438901592,52
2601,5,5530,2018,3512,0,0,0,1.0,1,1.0,1,1.0,1,0.10731150054030084,51
2602,3,5533,2019,3514,0,0,0,1.0,1,1.0,1,1.0,1,0.10945957170334027,52
2603,1,5534,2020,3514,0,0,0,1.0,1,1.0,1,1.0,1,0.14984017269182265,53
2604,0,5534,2020,3514,0,0,0,1.0,1,1.0,1,1.0,1,0.14984017269182265,53
2605,0,5534,2020,3514,0,0,0,1.0,1,1.0,1,1.0,1,0.1767657603614729,52
2606,0,5534,2020,3514,0,0,0,1.0,1,1.0,1,1.0,1,0.1767657603614729,52
2607,0,5534,2020,3514,0,0,0,1.0,1,1.0,1,1.0,1,0.19048125573704697,52
2608,0,5534,2020,3514,0,0,0,1.0,1,1.0,1,1.0,1,0.19048125573704697,52
2609,0,5534,2020,3514,0,0,0,1.0,1,1.0,1,1.0,1,0.18370437655125033,53
2610,3,5537,2021,3516,0,0,0,1.0,1,1.0,1,1.0,1,0.20407976687317753,54
2611,2,5539,2021,3518,0,0,0,1.0,1,1.0,1,1.0,1,0.18964092031201096,54
2612,1,5540,2022,3518,0,0,0,1.0,1,1.0,1,1.0,1,0.19627221897194094,56
2613,3,5543,2024,3519,0,0,0,1.0,1,1.0,1,1.0,1,0.21146476388282148,56
2614,3,5546,2025,3521,0,0,0,1.0,1,1.0,1,1.0,1,0.21301010259815,56
2615,3,5549,2026,3523,0,0,0,1.0,1,1.0,1,1.0,1,0.20442330926907834,57
2616,0,5549,2026,3523,0,0,0,1.0,1,1.0,1,1.0,1,0.20442330926907834,57
2617,2,5551,2027,3524,0,0,0,1.0,1,1.0,1,1.0,1,0.20487081431130683,58
2618,2,5553,2027,3526,0,0,0,1.0,1,1.0,1,1.0,1,0.2163971217705485,58
2619,2,5555,2027,3528,0,0,0,1.0,1,1.0,1,1.0,1,0.2527358847544967,58
2620,4,5559,2028,3531,0,0,0,1.0,1,1.0,1,1.0,1,0.23153409448058235,60
2621,7,5566,2028,3538,0,0,0,1.0,1,1.0,1,1.0,1,0.10867517520906156,59
2622,3,5569,2030,3539,0,0,0,1.0,1,1.0,1,1.0,1,0.13566209210003566,60
2623,2,5571,2031,3540,0,0,0,1.0,1,1.0,1,1.0,1,0.14446034228830149,59
2624,1,5572,2032,3540,0,0,0,1.0,1,1.0,1,1.0,1,0.14460626662302786,58
2625,3,5575,2034,3541,0,0,0,1.0,1,1.0,1,1.0,1,0.19388759553508902,58
2626,4,5579,2036,3543,0,0,0,1.0,1,1.0,1,1.0,1,0.20804546801148505,57
2627,1,5580,2037,3543,0,0,0,1.0,1,1.0,1,1.0,1,0.1955606054034032,55
2628,3,5583,2039,3544,0,0,0,1.0,1,1.0,1,1.0,1,0.23641758514672934,55
2629,0,5583,2039,3544,0,0,0,1.0,1,1.0,1,1.0,1,0.22558008262483684,54
2630,2,5585,2040,3545,0,0,0,1.0,1,1.0,1,1.0,1,0.239582621844053,55
2631,1,5586,2040,3546,0,0,0,1.0,1,1.0,1,1.0,1,0.19962475911932115,55
2632,0,5586,2040,3546,0,0,0,1.0,1,1.0,1,1.0,1,0.19962475911932115,55
2633,1,5587,2041,3546,0,0,0,1.0,1,1.0,1,1.0,1,0.20117682440277052,53
2634,1,5588,2042,3546,0,0,0,1.0,1,1.0,1,1.0,1,0.20372132749670943,52
2635,0,5588,2042,3546,0,0,0,1.0,1,1.0,1,1.0,1,0.21674852831381106,52
2636,5,5593,2045,3548,0,0,0,1.0,1,1.0,1,1.0,1,0.2113745344007785,51
2637,0,5593,2045,3548,0,0,0,1.0,1,1.0,1,1.0,1,0.21713080522444986,50
2638,5,5598,2049,3549,0,0,0,1.0,1,1.0,1,1.0,1,0.18740351596593055,48
2639,2,5600,2050,3550,0,0,0,1.0,1,1.0,1,1.0,1,0.17906709808503876,48
2640,3,5603,2052,3551,0,0,0,1.0,1,1.0,1,1.0,1,0.19026219355924465,46
2641,5,5608,2054,3554,0,0,0,1.0,1,1.0,1,1.0,1,0.1242075202604793,46
2642,5,5613,2059,3554,0,0,0,1.0,1,1.0,1,1.0,1,0.15363222761564443,47
2643,1,5614,2060,3554,0,0,0,1.0,1,1.0,1,1.0,1,0.14830779545846878,45
2644,4,5618,2062,3556,0,0,0,1.0,1,1.0,1,1.0,1,0.22401720852412238,44
2645,1,5619,2063,3556,0,0,0,1.0,1,1.0,1,1.0,1,0.21672484050970575,42
2646,2,5621,2064,3557,0,0,0,1.0,1,1.0,1,1.0,1,0.22668259809787408,43
2647,2,5623,2066,3557,0,0,0,1.0,1,1.0,1,1.0,1,0.24917980458669053,40
2648,3,5626,2068,3558,0,0,0,1.0,1,1.0,1,1.0,1,0.21122938302703737,41
2649,1,5627,2068,3559,0,0,0,1.0,1,1.0,1,1.0,1,0.2209733185975023,43
2650,0,5627,2068,3559,0,0,0,1.0,1,1.0,1,1.0,1,0.23277061443577038,43
2651,1,5628,2069,3559,0,0,0,1.0,1,1.0,1,1.0,1,0.21168456587600443,44
2652,1,5629,2070,3559,0,0,0,1.0,1,1.0,1,1.0,1,0.17392827158326138,44
2653,0,5629,2070,3559,0,0,0,1.0,1,1.0,1,1.0,1,0.17392827158326138,44
2654,1,5630,2071,3559,0,0,0,1.0,1,1.0,1,1.0,1,0.19839269476271698,45
2655,1,5631,2072,3559,0,0,0,1.0,1,1.0,1,1.0,1,0.20507960618568763,45
2656,1,5632,2073,3559,0,0,0,1.0,1,1.0,1,1.0,1,0.22580250180680564,45
2657,0,5632,2073,3559,0,0,0,1.0,1,1.0,1,1.0,1,0.2482058382228483,45
2658,2,5634,2074,3560,0,0,0,1.0,1,1.0,1,1.0,1,0.24022521276559075,47
2659,1,5635,2074,3561,0,0,0,1.0,1,1.0,1,1.0,1,0.24472381450893768,46
2660,1,5636,2074,3562,0,0,0,1.0,1,1.0,1,1.0,1,0.24075258928241994,46
2661,5,5641,2076,3565,0,0,0,1.0,1,1.0,1,1.0,1,0.16373922930103346,46
2662,3,5644,2078,3566,0,0,0,1.0,1,1.0,1,1.0,1,0.19740621068041425,47
2663,4,5648,2081,3567,0,0,0,1.0,1,1.0,1,1.0,1,0.17214029274810802,46
2664,5,5653,2085,3568,0,0,0,1.0,1,1.0,1,1.0,1,0.2009423432726832,45
2665,3,5656,2087,3569,0,0,0,1.0,1,1.0,1,1.0,1,0.1917436098803323,47
2666,5,5661,2091,3570,0,0,0,1.0,1,1.0,1,1.0,1,0.2100169668754556,47
2667,3,5664,2091,3573,0,0,0,1.0,1,1.0,1,1.0,1,0.2131385807318763,45
2668,4,5668,2094,3574,0,0,0,1.0,1,1.0,1,1.0,1,0.22167701221999203,45
2669,3,5671,2095,3576,0,0,0,1.0,1,1.0,1,1.0,1,0.189808638400807,45
2670,4,5675,2098,3577,0,0,0,1.0,1,1.0,1,1.0,1,0.18447214291111194,45
2671,1,5676,2099,3577,0,0,0,1.0,1,1.0,1,1.0,1,0.15494708977779864,41
2672,0,5676,2099,3577,0,0,0,1.0,1,1.0,1,1.0,1,0.17312418697577409,40
2673,2,5678,2100,3578,0,0,0,1.0,1,1.0,1,1.0,1,0.20006218391105532,39
2674,1,5679,2101,3578,0,0,0,1.0,1,1.0,1,1.0,1,0.22892470003099702,37
2675,3,5682,2104,3578,0,0,0,1.0,1,1.0,1,1.0,1,0.2713605085955959,35
2676,2,5684,2104,3580,0,0,0,1.0,1,1.0,1,1.0,1,0.28650683431436147,34
2677,2,5686,2105,3581,0,0,0,1.0,1,1.0,1,1.0,1,0.31523247824785217,32
2678,3,5689,2107,3582,0,0,0,1.0,1,1.0,1,1.0,1,0.37693130129614993,33
2679,0,5689,2107,3582,0,0,0,1.0,1,1.0,1,1.0,1,0.38724773188857065,33
2680,5,5694,2109,3585,0,0,0,1.0,1,1.0,1,1.0,1,0.3934268924563827,33
2681,5,5699,2110,3589,0,0,0,1.0,1,1.0,1,1.0,1,0.28838091857496173,32
2682,1,5700,2110,3590,0,0,0,1.0,1,1.0,1,1.0,1,0.25383259744906467,32
2683,1,5701,2111,3590,0,0,0,1.0,1,1.0,1,1.0,1,0.23610420578732896,32
2684,1,5702,2111,3591,0,0,0,1.0,1,1.0,1,1.0,1,0.17924901956261088,31
2685,0,5702,2111,3591,0,0,0,1.0,1,1.0,1,1.0,1,0.1937627095924651,30
2686,0,5702,2111,3591,0,0,0,1.0,1,1.0,1,1.0,1,0.1925721928739913,29
2687,0,5702,2111,3591,0,0,0,1.0,1,1.0,1,1.0,1,0.2062895093498591,28
2688,1,5703,2112,3591,0,0,0,1.0,1,1.0,1,1.0,1,0.23687874213149954,28
2689,1,5704,2112,3592,0,0,0,1.0,1,1.0,1,1.0,1,0.2634183110258307,29
2690,1,5705,2112,3593,0,0,0,1.0,1,1.0,1,1.0,1,0.2586258506091464,29
2691,2,5707,2113,3594,0,0,0,1.0,1,1.0,1,1.0,1,0.25459193307452443,29
2692,2,5709,2113,3596,0,0,0,1.0,1,1.0,1,1.0,1,0.2229798805771455,31
2693,2,5711,2115,3596,0,0,0,1.0,1,1.0,1,1.0,1,0.3008616228760359,32
2694,3,5714,2116,3598,0,0,0,1.0,1,1.0,1,1.0,1,0.252108680380347,32
2695,0,5714,2116,3598,0,0,0,1.0,1,1.0,1,1.0,1,0.22862131243098105,33
2696,0,5714,2116,3598,0,0,0,1.0,1,1.0,1,1.0,1,0.22862131243098105,33
2697,2,5716,2117,3599,0,0,0,1.0,1,1.0,1,1.0,1,0.21393847100949684,34
2698,1,5717,2118,3599,0,0,0,1.0,1,1.0,1,1.0,1,0.23548306575367178,34
2699,0,5717,2118,3599,0,0,0,1.0,1,1.0,1,1.0,1,0.22253644777518725,36
2700,1,5718,2119,3599,0,0,0,1.0,1,1.0,1,1.0,1,0.2527207766707407,36
2701,3,5721,2119,3602,0,0,0,1.0,1,1.0,1,1.0,1,0.19140366859067257,36
2702,1,5722,2119,3603,0,0,0,1.0,1,1.0,1,1.0,1,0.15810299540371017,36
2703,4,5726,2121,3605,0,0,0,1.0,1,1.0,1,1.0,1,0.17544887149732188,38
2704,2,5728,2122,3606,0,0,0,1.0,1,1.0,1,1.0,1,0.2044941084607745,37
2705,0,5728,2122,3606,0,0,0,1.0,1,1.0,1,1.0,1,0.20836915388490995,36
2706,4,5732,2125,3607,0,0,0,1.0,1,1.0,1,1.0,1,0.24791745441976898,34
2707,0,5732,2125,3607,0,0,0,1.0,1,1.0,1,1.0,1,0.25305191833185015,36
2708,3,5735,2127,3608,0,0,0,1.0,1,1.0,1,1.0,1,0.2856869401038076,36
2709,3,5738,2128,3610,0,0,0,1.0,1,1.0,1,1.0,1,0.31292538680637794,33
2710,3,5741,2131,3610,0,0,0,1.0,1,1.0,1,1.0,1,0.39597229206809054,32
2711,1,5742,2132,3610,0,0,0,1.0,1,1.0,1,1.0,1,0.39309090345654263,29
2712,0,5742,2132,3610,0,0,0,1.0,1,1.0,1,1.0,1,0.41305907632552796,28
2713,2,5744,2133,3611,0,0,0,1.0,1,1.0,1,1.0,1,0.4767006804399041,28
2714,2,5746,2133,3613,0,0,0,1.0,1,1.0,1,1.0,1,0.4146841589678127,25
2715,2,5748,2134,3614,0,0,0,1.0,1,1.0,1,1.0,1,0.4155532119869308,24
2716,0,5748,2134,3614,0,0,0,1.0,1,1.0,1,1.0,1,0.39270913135708596,23
2717,1,5749,2135,3614,0,0,0,1.0,1,1.0,1,1.0,1,0.3896098846139889,24
2718,0,5749,2135,3614,0,0,0,1.0,1,1.0,1,1.0,1,0.3896098846139889,24
2719,1,5750,2136,3614,0,0,0,1.0,1,1.0,1,1.0,1,0.3291160210944028,25
2720,2,5752,2138,3614,0,0,0,1.0,1,1.0,1,1.0,1,0.3723326480878998,25
2721,3,5755,2139,3616,0,0,0,1.0,1,1.0,1,1.0,1,0.26218683523093206,26
2722,0,5755,2139,3616,0,0,0,1.0,1,1.0,1,1.0,1,0.26218683523093206,26
2723,1,5756,2140,3616,0,0,0,1.0,1,1.0,1,1.0,1,0.2862343546739871,26
2724,2,5758,2141,3617,0,0,0,1.0,1,1.0,1,1.0,1,0.31884865458515166,27
2725,0,5758,2141,3617,0,0,0,1.0,1,1.0,1,1.0,1,0.31884865458515166,27
2726,1,5759,2141,3618,0,0,0,1.0,1,1.0,1,1.0,1,0.30477499666739866,28
2727,0,5759,2141,3618,0,0,0,1.0,1,1.0,1,1.0,1,0.27489588935927833,29
2728,0,5759,2141,3618,0,0,0,1.0,1,1.0,1,1.0,1,0.2822572444194975,28
2729,1,5760,2141,3619,0,0,0,1.0,1,1.0,1,1.0,1,0.26208228498507813,28
2730,1,5761,2141,3620,0,0,0,1.0,1,1.0,1,1.0,1,0.23091117234923367,29
2731,1,5762,2142,3620,0,0,0,1.0,1,1.0,1,1.0,1,0.23044311564650835,30
2732,0,5762,2142,3620,0,0,0,1.0,1,1.0,1,1.0,1,0.24435655081886345,29
2733,0,5762,2142,3620,0,0,0,1.0,1,1.0,1,1.0,1,0.24435655081886345,29
2734,0,5762,2142,3620,0,0,0,1.0,1,1.0,1,1.0,1,0.24435655081886345,29
2735,2,5764,2144,3620,0,0,0,1.0,1,1.0,1,1.0,1,0.3160182631742458,29
2736,3,5767,2144,3623,0,0,0,1.0,1,1.0,1,1.0,1,0.27433086642191146,30
2737,0,5767,2144,3623,0,0,0,1.0,1,1.0,1,1.0,1,0.27433086642191146,30
2738,2,5769,2146,3623,0,0,0,1.0,1,1.0,1,1.0,1,0.2970034043726408,29
2739,1,5770,2146,3624,0,0,0,1.0,1,1.0,1,1.0,1,0.2994394875590129,30
2740,0,5770,2146,3624,0,0,0,1.0,1,1.0,1,1.0,1,0.3229430375734134,29
2741,3,5773,2147,3626,0,0,0,1.0,1,1.0,1,1.0,1,0.26801802978841494,29
2742,1,5774,2148,3626,0,0,0,1.0,1,1.0,1,1.0,1,0.2724120043764185,29
2743,1,5775,2148,3627,0,0,0,1.0,1,1.0,1,1.0,1,0.28058741482199034,30
2744,4,5779,2151,3628,0,0,0,1.0,1,1.0,1,1.0,1,0.374753948882665,28
2745,0,5779,2151,3628,0,0,0,1.0,1,1.0,1,1.0,1,0.35486487654686133,27
2746,1,5780,2152,3628,0,0,0,1.0,1,1.0,1,1.0,1,0.44054998891073205,26
2747,1,5781,2153,3628,0,0,0,1.0,1,1.0,1,1.0,1,0.49492781966784133,22
2748,0,5781,2153,3628,0,0,0,1.0,1,1.0,1,1.0,1,0.4898875865815758,22
2749,1,5782,2153,3629,0,0,0,1.0,1,1.0,1,1.0,1,0.45910307414966817,20
2750,0,5782,2153,3629,0,0,0,1.0,1,1.0,1,1.0,1,0.565299374083627,17
2751,0,5782,2153,3629,0,0,0,1.0,1,1.0,1,1.0,1,0.565299374083627,17
2752,2,5784,2155,3629,0,0,0,1.0,1,1.0,1,1.0,1,0.5350273281635963,16
2753,1,5785,2155,3630,0,0,0,1.0,1,1.0,1,1.0,1,0.49856120316876296,16
2754,1,5786,2156,3630,0,0,0,1.0,1,1.0,1,1.0,1,0.49765889213065734,16
2755,0,5786,2156,3630,0,0,0,1.0,1,1.0,1,1.0,1,0.49765889213065734,16
2756,0,5786,2156,3630,0,0,0,1.0,1,1.0,1,1.0,1,0.5203613208005377,17
2757,0,5786,2156,3630,0,0,0,1.0,1,1.0,1,1.0,1,0.4932824231146686,18
2758,0,5786,2156,3630,0,0,0,1.0,1,1.0,1,1.0,1,0.4932824231146686,18
2759,2,5788,2157,3631,0,0,0,1.0,1,1.0,1,1.0,1,0.4774752591438249,19
2760,0,5788,2157,3631,0,0,0,1.0,1,1.0,1,1.0,1,0.4470652310432281,18
2761,0,5788,2157,3631,0,0,0,1.0,1,1.0,1,1.0,1,0.4470652310432281,18
2762,1,5789,2158,3631,0,0,0,1.0,1,1.0,1,1.0,1,0.42400925810571616,18
2763,0,5789,2158,3631,0,0,0,1.0,1,1.0,1,1.0,1,0.42400925810571616,18
2764,0,5789,2158,3631,0,0,0,1.0,1,1.0,1,1.0,1,0.42400925810571616,18
2765,1,5790,2159,3631,0,0,0,1.0,1,1.0,1,1.0,1,0.4488700001170428,18
2766,0,5790,2159,3631,0,0,0,1.0,1,1.0,1,1.0,1,0.4488700001170428,18
2767,0,5790,2159,3631,0,0,0,1.0,1,1.0,1,1.0,1,0.47939583990760193,17
2768,0,5790,2159,3631,0,0,0,1.0,1,1.0,1,1.0,1,0.47939583990760193,17
2769,1,5791,2160,3631,0,0,0,1.0,1,1.0,1,1.0,1,0.47939583990760193,17
2770,0,5791,2160,3631,0,0,0,1.0,1,1.0,1,1.0,1,0.47939583990760193,17
2771,0,5791,2160,3631,0,0,0,1.0,1,1.0,1,1.0,1,0.47939583990760193,17
2772,0,5791,2160,3631,0,0,0,1.0,1,1.0,1,1.0,1,0.47939583990760193,17
2773,0,5791,2160,3631,0,0,0,1.0,1,1.0,1,1.0,1,0.47939583990760193,17
2774,0,5791,2160,3631,0,0,0,1.0,1,1.0,1,1.0,1,0.4404023908163831,18
2775,3,5794,2163,3631,0,0,0,1.0,1,1.0,1,1.0,1,0.46885629057520756,20
2776,0,5794,2163,3631,0,0,0,1.0,1,1.0,1,1.0,1,0.45501766341217176,21
2777,1,5795,2164,3631,0,0,0,1.0,1,1.0,1,1.0,1,0.48855283964458857,21
2778,4,5799,2166,3633,0,0,0,1.0,1,1.0,1,1.0,1,0.46680965225642584,21
2779,0,5799,2166,3633,0,0,0,1.0,1,1.0,1,1.0,1,0.46547900598781605,22
2780,0,5799,2166,3633,0,0,0,1.0,1,1.0,1,1.0,1,0.46547900598781605,22
2781,2,5801,2166,3635,0,0,0,1.0,1,1.0,1,1.0,1,0.4047874548083048,22
2782,2,5803,2166,3637,0,0,0,1.0,1,1.0,1,1.0,1,0.2550657475064632,23
2783,0,5803,2166,3637,0,0,0,1.0,1,1.0,1,1.0,1,0.22650340716465,22
2784,2,5805,2168,3637,0,0,0,1.0,1,1.0,1,1.0,1,0.27529890933025947,21
2785,0,5805,2168,3637,0,0,0,1.0,1,1.0,1,1.0,1,0.2591017880716663,19
2786,2,5807,2169,3638,0,0,0,1.0,1,1.0,1,1.0,1,0.27454546480700337,19
2787,0,5807,2169,3638,0,0,0,1.0,1,1.0,1,1.0,1,0.28099970727668305,20
2788,1,5808,2170,3638,0,0,0,1.0,1,1.0,1,1.0,1,0.32720804487437793,20
2789,0,5808,2170,3638,0,0,0,1.0,1,1.0,1,1.0,1,0.31480550969700677,19
2790,1,5809,2170,3639,0,0,0,1.0,1,1.0,1,1.0,1,0.308056210604785,20
2791,0,5809,2170,3639,0,0,0,1.0,1,1.0,1,1.0,1,0.308056210604785,20
2792,0,5809,2170,3639,0,0,0,1.0,1,1.0,1,1.0,1,0.308056210604785,20
2793,0,5809,2170,3639,0,0,0,1.0,1,1.0,1,1.0,1,0.3139138700007286,19
2794,0,5809,2170,3639,0,0,0,1.0,1,1.0,1,1.0,1,0.3355727669951306,20
2795,0,5809,2170,3639,0,0,0,1.0,1,1.0,1,1.0,1,0.32726998070933283,21
2796,0,5809,2170,3639,0,0,0,1.0,1,1.0,1,1.0,1,0.3373710150085484,22
2797,0,5809,2170,3639,0,0,0,1.0,1,1.0,1,1.0,1,0.3887035869053925,21
2798,1,5810,2171,3639,0,0,0,1.0,1,1.0,1,1.0,1,0.4299934277758231,21
2799,0,5810,2171,3639,0,0,0,1.0,1,1.0,1,1.0,1,0.42646423002825573,20
2800,0,5810,2171,3639,0,0,0,1.0,1,1.0,1,1.0,1,0.42646423002825573,20
2801,0,5810,2171,3639,0,0,0,1.0,1,1.0,1,1.0,1,0.42646423002825573,20
2802,1,5811,2171,3640,0,0,0,1.0,1,1.0,1,1.0,1,0.37524907917088485,20
2803,1,5812,2171,3641,0,0,0,1.0,1,1.0,1,1.0,1,0.33643491949221704,21
2804,1,5813,2171,3642,0,0,0,1.0,1,1.0,1,1.0,1,0.30604519446775963,22
2805,1,5814,2172,3642,0,0,0,1.0,1,1.0,1,1.0,1,0.30249120364708826,22
2806,3,5817,2173,3644,0,0,0,1.0,1,1.0,1,1.0,1,0.20452542593892156,23
2807,3,5820,2176,3644,0,0,0,1.0,1,1.0,1,1.0,1,0.3177677543134697,24
2808,2,5822,2178,3644,0,0,0,1.0,1,1.0,1,1.0,1,0.3537914179689018,24
2809,1,5823,2178,3645,0,0,0,1.0,1,1.0,1,1.0,1,0.2830840987203297,26
2810,0,5823,2178,3645,0,0,0,1.0,1,1.0,1,1.0,1,0.23920602102793176,26
2811,0,5823,2178,3645,0,0,0,1.0,1,1.0,1,1.0,1,0.2139725468173677,27
2812,0,5823,2178,3645,0,0,0,1.0,1,1.0,1,1.0,1,0.2139725468173677,27
2813,0,5823,2178,3645,0,0,0,1.0,1,1.0,1,1.0,1,0.18605527299514282,28
2814,2,5825,2180,3645,0,0,0,1.0,1,1.0,1,1.0,1,0.24826355335980654,29
2815,1,5826,2180,3646,0,0,0,1.0,1,1.0,1,1.0,1,0.21951228694484345,30
2816,0,5826,2180,3646,0,0,0,1.0,1,1.0,1,1.0,1,0.2027031140942748,31
2817,0,5826,2180,3646,0,0,0,1.0,1,1.0,1,1.0,1,0.2027031140942748,31
2818,1,5827,2181,3646,0,0,0,1.0,1,1.0,1,1.0,1,0.19639904658305,32
2819,0,5827,2181,3646,0,0,0,1.0,1,1.0,1,1.0,1,0.19639904658305,32
2820,0,5827,2181,3646,0,0,0,1.0,1,1.0,1,1.0,1,0.20233966575440598,33
2821,1,5828,2181,3647,0,0,0,1.0,1,1.0,1,1.0,1,0.2070481419223392,34
2822,1,5829,2182,3647,0,0,0,1.0,1,1.0,1,1.0,1,0.2102349034502585,35
2823,1,5830,2183,3647,0,0,0,1.0,1,1.0,1,1.0,1,0.21129197235005173,31
2824,3,5833,2185,3648,0,0,0,1.0,1,1.0,1,1.0,1,0.3009299047809242,33
2825,0,5833,2185,3648,0,0,0,1.0,1,1.0,1,1.0,1,0.267486174274539,31
2826,1,5834,2186,3648,0,0,0,1.0,1,1.0,1,1.0,1,0.3070423417342586,31
2827,4,5838,2189,3649,0,0,0,1.0,1,1.0,1,1.0,1,0.3086097438895886,32
2828,2,5840,2190,3650,0,0,0,1.0,1,1.0,1,1.0,1,0.362673286745385,33
2829,1,5841,2190,3651,0,0,0,1.0,1,1.0,1,1.0,1,0.3175507619169876,33
2830,0,5841,2190,3651,0,0,0,1.0,1,1.0,1,1.0,1,0.3150470420758872,32
2831,4,5845,2192,3653,0,0,0,1.0,1,1.0,1,1.0,1,0.35195163195411217,31
2832,1,5846,2193,3653,0,0,0,1.0,1,1.0,1,1.0,1,0.37491409237264484,30
2833,1,5847,2194,3653,0,0,0,1.0,1,1.0,1,1.0,1,0.42173343197946833,29
2834,3,5850,2197,3653,0,0,0,1.0,1,1.0,1,1.0,1,0.4568227332750425,29
2835,1,5851,2198,3653,0,0,0,1.0,1,1.0,1,1.0,1,0.536481685963127,27
2836,1,5852,2199,3653,0,0,0,1.0,1,1.0,1,1.0,1,0.5127237537210736,27
2837,0,5852,2199,3653,0,0,0,1.0,1,1.0,1,1.0,1,0.5178190465111742,28
2838,0,5852,2199,3653,0,0,0,1.0,1,1.0,1,1.0,1,0.5113657310847531,29
2839,0,5852,2199,3653,0,0,0,1.0,1,1.0,1,1.0,1,0.4841127681863685,29
2840,1,5853,2200,3653,0,0,0,1.0,1,1.0,1,1.0,1,0.48871735748400147,29
2841,9,5862,2201,3661,0,0,0,1.0,1,1.0,1,1.0,1,0.2055803174103848,31
2842,3,5865,2201,3664,0,0,0,1.0,1,1.0,1,1.0,1,0.131128256783035,32
2843,0,5865,2201,3664,0,0,0,1.0,1,1.0,1,1.0,1,0.131128256783035,32
2844,0,5865,2201,3664,0,0,0,1.0,1,1.0,1,1.0,1,0.15580445913385432,33
2845,2,5867,2202,3665,0,0,0,1.0,1,1.0,1,1.0,1,0.185973360581904,34
2846,1,5868,2203,3665,0,0,0,1.0,1,1.0,1,1.0,1,0.2106164374991556,34
2847,2,5870,2204,3666,0,0,0,1.0,1,1.0,1,1.0,1,0.19368070093109874,35
2848,3,5873,2205,3668,0,0,0,1.0,1,1.0,1,1.0,1,0.22796116855042045,37
2849,2,5875,2206,3669,0,0,0,1.0,1,1.0,1,1.0,1,0.2631356830823942,37
2850,1,5876,2206,3670,0,0,0,1.0,1,1.0,1,1.0,1,0.27155617027014034,37
2851,3,5879,2207,3672,0,0,0,1.0,1,1.0,1,1.0,1,0.25244282552676284,38
2852,2,5881,2207,3674,0,0,0,1.0,1,1.0,1,1.0,1,0.24415752570381588,36
2853,2,5883,2207,3676,0,0,0,1.0,1,1.0,1,1.0,1,0.28588028827478495,36
2854,4,5887,2207,3680,0,0,0,1.0,1,1.0,1,1.0,1,0.27026943140720416,37
2855,2,5889,2207,3682,0,0,0,1.0,1,1.0,1,1.0,1,0.3260232216833528,37
2856,2,5891,2207,3684,0,0,0,1.0,1,1.0,1,1.0,1,0.3007338563751815,38
2857,3,5894,2208,3686,0,0,0,1.0,1,1.0,1,1.0,1,0.3050605710397841,39
2858,3,5897,2208,3689,0,0,0,1.0,1,1.0,1,1.0,1,0.23660655938806863,39
2859,2,5899,2208,3691,0,0,0,1.0,1,1.0,1,1.0,1,0.25867834772799314,39
2860,2,5901,2210,3691,0,0,0,1.0,1,1.0,1,1.0,1,0.3029869007006875,40
2861,5,5906,2211,3695,0,0,0,1.0,1,1.0,1,1.0,1,0.07924902416957781,38
2862,5,5911,2215,3696,0,0,0,1.0,1,1.0,1,1.0,1,0.1935047554393258,38
2863,5,5916,2216,3700,0,0,0,1.0,1,1.0,1,1.0,1,0.21863302580478702,37
2864,3,5919,2218,3701,0,0,0,1.0,1,1.0,1,1.0,1,0.2427766516080446,35
2865,1,5920,2218,3702,0,0,0,1.0,1,1.0,1,1.0,1,0.2817980691342319,33
2866,4,5924,2220,3704,0,0,0,1.0,1,1.0,1,1.0,1,0.29413167347637464,31
2867,3,5927,2222,3705,0,0,0,1.0,1,1.0,1,1.0,1,0.28419377749916014,30
2868,4,5931,2223,3708,0,0,0,1.0,1,1.0,1,1.0,1,0.3085381711434519,31
2869,6,5937,2226,3711,0,0,0,1.0,1,1.0,1,1.0,1,0.4219160367570434,30
2870,1,5938,2226,3712,0,0,0,1.0,1,1.0,1,1.0,1,0.4361137011286061,26
2871,4,5942,2227,3715,0,0,0,1.0,1,1.0,1,1.0,1,0.33464819159759734,27
2872,1,5943,2228,3715,0,0,0,1.0,1,1.0,1,1.0,1,0.2848595967655005,25
2873,0,5943,2228,3715,0,0,0,1.0,1,1.0,1,1.0,1,0.27276191828791835,24
2874,0,5943,2228,3715,0,0,0,1.0,1,1.0,1,1.0,1,0.2686237608645214,25
2875,0,5943,2228,3715,0,0,0,1.0,1,1.0,1,1.0,1,0.29246216194388003,26
2876,2,5945,2229,3716,0,0,0,1.0,1,1.0,1,1.0,1,0.3109124739480504,28
2877,1,5946,2229,3717,0,0,0,1.0,1,1.0,1,1.0,1,0.31923301285409905,29
2878,1,5947,2229,3718,0,0,0,1.0,1,1.0,1,1.0,1,0.3137695123697065,31
2879,0,5947,2229,3718,0,0,0,1.0,1,1.0,1,1.0,1,0.3137695123697065,31
2880,4,5951,2230,3721,0,0,0,1.0,1,1.0,1,1.0,1,0.35372588500091506,32
2881,3,5954,2230,3724,0,0,0,1.0,1,1.0,1,1.0,1,0.2908163973136129,31
2882,0,5954,2230,3724,0,0,0,1.0,1,1.0,1,1.0,1,0.2908163973136129,31
2883,2,5956,2230,3726,0,0,0,1.0,1,1.0,1,1.0,1,0.30966686906915325,32
2884,0,5956,2230,3726,0,0,0,1.0,1,1.0,1,1.0,1,0.30966686906915325,32
2885,4,5960,2230,3730,0,0,0,1.0,1,1.0,1,1.0,1,0.22511751511868539,33
2886,2,5962,2232,3730,0,0,0,1.0,1,1.0,1,1.0,1,0.22600123031764308,34
2887,1,5963,2232,3731,0,0,0,1.0,1,1.0,1,1.0,1,0.21501474293596085,34
2888,4,5967,2235,3732,0,0,0,1.0,1,1.0,1,1.0,1,0.20461949541337135,34
2889,2,5969,2236,3733,0,0,0,1.0,1,1.0,1,1.0,1,0.250763548308331,37
2890,0,5969,2236,3733,0,0,0,1.0,1,1.0,1,1.0,1,0.250763548308331,37
2891,1,5970,2237,3733,0,0,0,1.0,1,1.0,1,1.0,1,0.2591095723500927,37
2892,0,5970,2237,3733,0,0,0,1.0,1,1.0,1,1.0,1,0.2591095723500927,37
2893,2,5972,2238,3734,0,0,0,1.0,1,1.0,1,1.0,1,0.2974365403792738,38
2894,3,5975,2238,3737,0,0,0,1.0,1,1.0,1,1.0,1,0.3061661333132032,39
2895,2,5977,2238,3739,0,0,0,1.0,1,1.0,1,1.0,1,0.29457230771713566,40
2896,3,5980,2238,3742,0,0,0,1.0,1,1.0,1,1.0,1,0.2717295702397316,41
2897,2,5982,2238,3744,0,0,0,1.0,1,1.0,1,1.0,1,0.2998274044201846,41
2898,1,5983,2238,3745,0,0,0,1.0,1,1.0,1,1.0,1,0.2675108488495004,41
2899,3,5986,2239,3747,0,0,0,1.0,1,1.0,1,1.0,1,0.30372982624597467,39
2900,5,5991,2242,3749,0,0,0,1.0,1,1.0,1,1.0,1,0.37229422743071877,40
2901,2,5993,2242,3751,0,0,0,1.0,1,1.0,1,1.0,1,0.28660261072912796,40
2902,2,5995,2244,3751,0,0,0,1.0,1,1.0,1,1.0,1,0.3671615348385263,38
2903,0,5995,2244,3751,0,0,0,1.0,1,1.0,1,1.0,1,0.34763877432534324,36
2904,3,5998,2246,3752,0,0,0,1.0,1,1.0,1,1.0,1,0.3748487787609694,36
2905,2,6000,2246,3754,0,0,0,1.0,1,1.0,1,1.0,1,0.31570147582182506,35
2906,1,6001,2246,3755,0,0,0,1.0,1,1.0,1,1.0,1,0.3096313597665083,36
2907,2,6003,2247,3756,0,0,0,1.0,1,1.0,1,1.0,1,0.3447798760174327,37
2908,0,6003,2247,3756,0,0,0,1.0,1,1.0,1,1.0,1,0.3525998719297574,38
2909,1,6004,2248,3756,0,0,0,1.0,1,1.0,1,1.0,1,0.36442218095016715,37
2910,2,6006,2248,3758,0,0,0,1.0,1,1.0,1,1.0,1,0.32522641095974364,37
2911,1,6007,2248,3759,0,0,0,1.0,1,1.0,1,1.0,1,0.3171004558869682,36
2912,4,6011,2251,3760,0,0,0,1.0,1,1.0,1,1.0,1,0.38050302742226216,36
2913,1,6012,2252,3760,0,0,0,1.0,1,1.0,1,1.0,1,0.3754466483150715,36
2914,3,6015,2253,3762,0,0,0,1.0,1,1.0,1,1.0,1,0.3884561407736086,38
2915,1,6016,2253,3763,0,0,0,1.0,1,1.0,1,1.0,1,0.3629848127638113,37
2916,1,6017,2253,3764,0,0,0,1.0,1,1.0,1,1.0,1,0.35561079717634136,39
2917,0,6017,2253,3764,0,0,0,1.0,1,1.0,1,1.0,1,0.3680066142141356,40
2918,3,6020,2255,3765,0,0,0,1.0,1,1.0,1,1.0,1,0.38233900303665264,40
2919,2,6022,2256,3766,0,0,0,1.0,1,1.0,1,1.0,1,0.35698833407941644,42
2920,0,6022,2256,3766,0,0,0,1.0,1,1.0,1,1.0,1,0.35698833407941644,42
2921,7,6029,2256,3773,0,0,0,1.0,1,1.0,1,1.0,1,0.2677521759492379,42
2922,2,6031,2257,3774,0,0,0,1.0,1,1.0,1,1.0,1,0.2585489680857333,43
2923,1,6032,2257,3775,0,0,0,1.0,1,1.0,1,1.0,1,0.24773293227144583,45
2924,1,6033,2257,3776,0,0,0,1.0,1,1.0,1,1.0,1,0.2150017051994924,46
2925,2,6035,2257,3778,0,0,0,1.0,1,1.0,1,1.0,1,0.2150017051994924,46
2926,1,6036,2257,3779,0,0,0,1.0,1,1.0,1,1.0,1,0.2274955768251968,46
2927,4,6040,2258,3782,0,0,0,1.0,1,1.0,1,1.0,1,0.21474231337605332,48
2928,3,6043,2258,3785,0,0,0,1.0,1,1.0,1,1.0,1,0.23470239437547563,48
2929,1,6044,2258,3786,0,0,0,1.0,1,1.0,1,1.0,1,0.25330333418741496,48
2930,5,6049,2258,3791,0,0,0,1.0,1,1.0,1,1.0,1,0.23605334984945295,50
2931,6,6055,2259,3796,0,0,0,1.0,1,1.0,1,1.0,1,0.2611602233728011,51
2932,6,6061,2259,3802,0,0,0,1.0,1,1.0,1,1.0,1,0.25638090464675395,52
2933,5,6066,2259,3807,0,0,0,1.0,1,1.0,1,1.0,1,0.2758859221976582,53
2934,9,6075,2260,3815,0,0,0,1.0,1,1.0,1,1.0,1,0.2498650528638299,54
2935,5,6080,2261,3819,0,0,0,1.0,1,1.0,1,1.0,1,0.2874445252633395,53
2936,7,6087,2261,3826,0,0,0,1.0,1,1.0,1,1.0,1,0.2772138122398643,53
2937,3,6090,2262,3828,0,0,0,1.0,1,1.0,1,1.0,1,0.2708903131309876,51
2938,4,6094,2263,3831,0,0,0,1.0,1,1.0,1,1.0,1,0.29968101109056483,53
2939,3,6097,2263,3834,0,0,0,1.0,1,1.0,1,1.0,1,0.31737978438819925,52
2940,8,6105,2264,3841,0,0,0,1.0,1,1.0,1,1.0,1,0.35171923260647403,52
2941,6,6111,2264,3847,0,0,0,1.0,1,1.0,1,1.0,1,0.264401560637151,50
2942,1,6112,2264,3848,0,0,0,1.0,1,1.0,1,1.0,1,0.26114888989447893,50
2943,1,6113,2265,3848,0,0,0,1.0,1,1.0,1,1.0,1,0.24736258784475196,49
2944,3,6116,2266,3850,0,0,0,1.0,1,1.0,1,1.0,1,0.22735930013757602,48
2945,2,6118,2267,3851,0,0,0,1.0,1,1.0,1,1.0,1,0.1991514124430289,48
2946,3,6121,2270,3851,0,0,0,1.0,1,1.0,1,1.0,1,0.18168346524455156,47
2947,4,6125,2271,3854,0,0,0,1.0,1,1.0,1,1.0,1,0.12839568601067014,47
2948,1,6126,2272,3854,0,0,0,1.0,1,1.0,1,1.0,1,0.13035537424918195,48
2949,2,6128,2272,3856,0,0,0,1.0,1,1.0,1,1.0,1,0.1358614796870969,48
2950,1,6129,2273,3856,0,0,0,1.0,1,1.0,1,1.0,1,0.14872061362143896,48
2951,0,6129,2273,3856,0,0,0,1.0,1,1.0,1,1.0,1,0.17200555450697952,50
2952,0,6129,2273,3856,0,0,0,1.0,1,1.0,1,1.0,1,0.17200555450697952,50
2953,0,6129,2273,3856,0,0,0,1.0,1,1.0,1,1.0,1,0.1965919012497202,51
2954,0,6129,2273,3856,0,0,0,1.0,1,1.0,1,1.0,1,0.1965919012497202,51
2955,0,6129,2273,3856,0,0,0,1.0,1,1.0,1,1.0,1,0.1965919012497202,51
2956,0,6129,2273,3856,0,0,0,1.0,1,1.0,1,1.0,1,0.1965919012497202,51
2957,0,6129,2273,3856,0,0,0,1.0,1,1.0,1,1.0,1,0.20420969435865566,52
2958,0,6129,2273,3856,0,0,0,1.0,1,1.0,1,1.0,1,0.20420969435865566,52
2959,3,6132,2275,3857,0,0,0,1.0,1,1.0,1,1.0,1,0.24224332158688838,53
2960,1,6133,2276,3857,0,0,0,1.0,1,1.0,1,1.0,1,0.2232636202176024,52
2961,5,6138,2276,3862,0,0,0,1.0,1,1.0,1,1.0,1,0.1764224348232885,53
2962,2,6140,2276,3864,0,0,0,1.0,1,1.0,1,1.0,1,0.18395684726748665,54
2963,1,6141,2277,3864,0,0,0,1.0,1,1.0,1,1.0,1,0.18226644505562445,55
2964,2,6143,2277,3866,0,0,0,1.0,1,1.0,1,1.0,1,0.19790147505688424,55
2965,0,6143,2277,3866,0,0,0,1.0,1,1.0,1,1.0,1,0.20451838452887067,55
2966,0,6143,2277,3866,0,0,0,1.0,1,1.0,1,1.0,1,0.20451838452887067,55
2967,2,6145,2277,3868,0,0,0,1.0,1,1.0,1,1.0,1,0.23919927930695042,56
2968,1,6146,2277,3869,0,0,0,1.0,1,1.0,1,1.0,1,0.20905072102129343,56
2969,2,6148,2278,3870,0,0,0,1.0,1,1.0,1,1.0,1,0.19500072198016663,55
2970,7,6155,2280,3875,0,0,0,1.0,1,1.0,1,1.0,1,0.22965137849067951,57
2971,4,6159,2281,3878,0,0,0,1.0,1,1.0,1,1.0,1,0.17543102951616765,56
2972,3,6162,2282,3880,0,0,0,1.0,1,1.0,1,1.0,1,0.1911004579981306,57
2973,3,6165,2284,3881,0,0,0,1.0,1,1.0,1,1.0,1,0.18830704624580416,59
2974,3,6168,2285,3883,0,0,0,1.0,1,1.0,1,1.0,1,0.20676429815639752,60
2975,4,6172,2287,3885,0,0,0,1.0,1,1.0,1,1.0,1,0.22770044527187164,58
2976,2,6174,2288,3886,0,0,0,1.0,1,1.0,1,1.0,1,0.24923645421988816,59
2977,6,6180,2289,3891,0,0,0,1.0,1,1.0,1,1.0,1,0.22359389517215886,59
2978,3,6183,2291,3892,0,0,0,1.0,1,1.0,1,1.0,1,0.22918341904565703,58
2979,1,6184,2292,3892,0,0,0,1.0,1,1.0,1,1.0,1,0.23525534781741025,57
2980,0,6184,2292,3892,0,0,0,1.0,1,1.0,1,1.0,1,0.22744910119864836,56
2981,2,6186,2293,3893,0,0,0,1.0,1,1.0,1,1.0,1,0.24727164412017613,56
2982,1,6187,2294,3893,0,0,0,1.0,1,1.0,1,1.0,1,0.24470946611705097,57
2983,3,6190,2295,3895,0,0,0,1.0,1,1.0,1,1.0,1,0.2097817012884329,57
2984,1,6191,2296,3895,0,0,0,1.0,1,1.0,1,1.0,1,0.21014114077091867,56
2985,2,6193,2297,3896,0,0,0,1.0,1,1.0,1,1.0,1,0.2430111372739921,55
2986,6,6199,2300,3899,0,0,0,1.0,1,1.0,1,1.0,1,0.25410973173288637,55
2987,1,6200,2300,3900,0,0,0,1.0,1,1.0,1,1.0,1,0.28953641066913394,51
2988,0,6200,2300,3900,0,0,0,1.0,1,1.0,1,1.0,1,0.28417536011616584,52
2989,1,6201,2300,3901,0,0,0,1.0,1,1.0,1,1.0,1,0.2760385612747509,50
2990,1,6202,2301,3901,0,0,0,1.0,1,1.0,1,1.0,1,0.26346464388304675,50
2991,1,6203,2301,3902,0,0,0,1.0,1,1.0,1,1.0,1,0.25836827476584334,50
2992,0,6203,2301,3902,0,0,0,1.0,1,1.0,1,1.0,1,0.25836827476584334,50
2993,1,6204,2301,3903,0,0,0,1.0,1,1.0,1,1.0,1,0.2745240298057309,51
2994,2,6206,2303,3903,0,0,0,1.0,1,1.0,1,1.0,1,0.2805405967554737,51
2995,0,6206,2303,3903,0,0,0,1.0,1,1.0,1,1.0,1,0.30206197196793955,51
2996,1,6207,2304,3903,0,0,0,1.0,1,1.0,1,1.0,1,0.3166889218153975,52
2997,3,6210,2305,3905,0,0,0,1.0,1,1.0,1,1.0,1,0.33250480817757505,52
2998,5,6215,2310,3905,0,0,0,1.0,1,1.0,1,1.0,1,0.33405807207777755,51
2999,0,6215,2310,3905,0,0,0,1.0,1,1.0,1,1.0,1,0.33405807207777755,51
3000,2,6217,2312,3905,0,0,0,1.0,1,1.0,1,1.0,1,0.31924770751626513,52
3001,5,6222,2312,3910,0,0,0,1.0,1,1.0,1,1.0,1,0.2563836641567421,52
3002,2,6224,2313,3911,0,0,0,1.0,1,1.0,1,1.0,1,0.2747460316698835,53
3003,0,6224,2313,3911,0,0,0,1.0,1,1.0,1,1.0,1,0.26161119832083696,54
3004,2,6226,2313,3913,0,0,0,1.0,1,1.0,1,1.0,1,0.25399396221834325,55
3005,3,6229,2313,3916,0,0,0,1.0,1,1.0,1,1.0,1,0.22447075165493294,56
3006,2,6231,2313,3918,0,0,0,1.0,1,1.0,1,1.0,1,0.2044261097766781,57
3007,4,6235,2313,3922,0,0,0,1.0,1,1.0,1,1.0,1,0.21641007722095626,58
3008,3,6238,2314,3924,0,0,0,1.0,1,1.0,1,1.0,1,0.19923795287727195,59
3009,2,6240,2314,3926,0,0,0,1.0,1,1.0,1,1.0,1,0.2120089714158286,59
3010,4,6244,2314,3930,0,0,0,1.0,1,1.0,1,1.0,1,0.2120089714158286,59
3011,5,6249,2314,3935,0,0,0,1.0,1,1.0,1,1.0,1,0.17715799104991975,59
3012,5,6254,2314,3940,0,0,0,1.0,1,1.0,1,1.0,1,0.18868448856643344,61
3013,4,6258,2314,3944,0,0,0,1.0,1,1.0,1,1.0,1,0.1714174156197307,59
3014,6,6264,2314,3950,0,0,0,1.0,1,1.0,1,1.0,1,0.18256952927359793,60
3015,6,6270,2315,3955,0,0,0,1.0,1,1.0,1,1.0,1,0.19259647950067516,58
3016,5,6275,2317,3958,0,0,0,1.0,1,1.0,1,1.0,1,0.25432655841401824,57
3017,7,6282,2320,3962,0,0,0,1.0,1,1.0,1,1.0,1,0.26987887175788317,58
3018,3,6285,2320,3965,0,0,0,1.0,1,1.0,1,1.0,1,0.30538201866634906,55
3019,3,6288,2320,3968,0,0,0,1.0,1,1.0,1,1.0,1,0.3036384908712669,56
3020,3,6291,2320,3971,0,0,0,1.0,1,1.0,1,1.0,1,0.3175053702403867,55
3021,2,6293,2321,3972,0,0,0,1.0,1,1.0,1,1.0,1,0.31302305685361853,55
3022,2,6295,2321,3974,0,0,0,1.0,1,1.0,1,1.0,1,0.3115144975380203,55
3023,3,6298,2322,3976,0,0,0,1.0,1,1.0,1,1.0,1,0.2804917236606805,54
3024,2,6300,2323,3977,0,0,0,1.0,1,1.0,1,1.0,1,0.2685349722385949,54
3025,4,6304,2324,3980,0,0,0,1.0,1,1.0,1,1.0,1,0.2470375005634302,54
3026,4,6308,2324,3984,0,0,0,1.0,1,1.0,1,1.0,1,0.1853901393554392,53
3027,3,6311,2324,3987,0,0,0,1.0,1,1.0,1,1.0,1,0.18158974772741288,53
3028,4,6315,2327,3988,0,0,0,1.0,1,1.0,1,1.0,1,0.15840996375100386,51
3029,2,6317,2328,3989,0,0,0,1.0,1,1.0,1,1.0,1,0.1953624435077046,51
3030,5,6322,2330,3992,0,0,0,1.0,1,1.0,1,1.0,1,0.21080921953194182,52
3031,6,6328,2332,3996,0,0,0,1.0,1,1.0,1,1.0,1,0.22038778718672666,51
3032,4,6332,2332,4000,0,0,0,1.0,1,1.0,1,1.0,1,0.21463879853440299,50
3033,2,6334,2332,4002,0,0,0,1.0,1,1.0,1,1.0,1,0.1981169568636766,52
3034,2,6336,2332,4004,0,0,0,1.0,1,1.0,1,1.0,1,0.21426263026967207,51
3035,2,6338,2332,4006,0,0,0,1.0,1,1.0,1,1.0,1,0.21193651397349528,51
3036,4,6342,2332,4010,0,0,0,1.0,1,1.0,1,1.0,1,0.1832182031962712,53
3037,3,6345,2332,4013,0,0,0,1.0,1,1.0,1,1.0,1,0.17786515985793425,52
3038,1,6346,2332,4014,0,0,0,1.0,1,1.0,1,1.0,1,0.1724572501777321,52
3039,1,6347,2332,4015,0,0,0,1.0,1,1.0,1,1.0,1,0.16602180398321004,54
3040,1,6348,2333,4015,0,0,0,1.0,1,1.0,1,1.0,1,0.16057557542776804,55
3041,2,6350,2333,4017,0,0,0,1.0,1,1.0,1,1.0,1,0.14650222856390718,56
3042,3,6353,2335,4018,0,0,0,1.0,1,1.0,1,1.0,1,0.17778604656911903,56
3043,2,6355,2336,4019,0,0,0,1.0,1,1.0,1,1.0,1,0.13742293078602782,57
3044,1,6356,2337,4019,0,0,0,1.0,1,1.0,1,1.0,1,0.15485811914725459,57
3045,0,6356,2337,4019,0,0,0,1.0,1,1.0,1,1.0,1,0.1682091427547546,56
3046,3,6359,2339,4020,0,0,0,1.0,1,1.0,1,1.0,1,0.19117664840190238,57
3047,0,6359,2339,4020,0,0,0,1.0,1,1.0,1,1.0,1,0.208846465303073,56
3048,2,6361,2339,4022,0,0,0,1.0,1,1.0,1,1.0,1,0.19865623987590764,58
3049,1,6362,2340,4022,0,0,0,1.0,1,1.0,1,1.0,1,0.22926391789812617,59
3050,1,6363,2340,4023,0,0,0,1.0,1,1.0,1,1.0,1,0.2269266003800108,60
3051,2,6365,2342,4023,0,0,0,1.0,1,1.0,1,1.0,1,0.27803921727486436,59
3052,4,6369,2343,4026,0,0,0,1.0,1,1.0,1,1.0,1,0.28142084787996485,58
3053,7,6376,2346,4030,0,0,0,1.0,1,1.0,1,1.0,1,0.32903222465247933,57
3054,6,6382,2348,4034,0,0,0,1.0,1,1.0,1,1.0,1,0.36055099283241704,55
3055,2,6384,2348,4036,0,0,0,1.0,1,1.0,1,1.0,1,0.34394993291968434,54
3056,3,6387,2349,4038,0,0,0,1.0,1,1.0,1,1.0,1,0.3586520981283862,55
3057,7,6394,2349,4045,0,0,0,1.0,1,1.0,1,1.0,1,0.38415221235364794,54
3058,9,6403,2349,4054,0,0,0,1.0,1,1.0,1,1.0,1,0.364640157798334,55
3059,11,6414,2349,4065,0,0,0,1.0,1,1.0,1,1.0,1,0.34973439724015903,56
3060,5,6419,2349,4070,0,0,0,1.0,1,1.0,1,1.0,1,0.35570285358748155,56
3061,7,6426,2349,4077,0,0,0,1.0,1,1.0,1,1.0,1,0.2556956359089885,56
3062,3,6429,2351,4078,0,0,0,1.0,1,1.0,1,1.0,1,0.2781836458404725,57
3063,0,6429,2351,4078,0,0,0,1.0,1,1.0,1,1.0,1,0.2596119121292308,55
3064,2,6431,2352,4079,0,0,0,1.0,1,1.0,1,1.0,1,0.28399027340999383,56
3065,0,6431,2352,4079,0,0,0,1.0,1,1.0,1,1.0,1,0.29293627363523095,55
3066,2,6433,2352,4081,0,0,0,1.0,1,1.0,1,1.0,1,0.27741667960172206,55
3067,2,6435,2353,4082,0,0,0,1.0,1,1.0,1,1.0,1,0.27611311675922307,54
3068,4,6439,2356,4083,0,0,0,1.0,1,1.0,1,1.0,1,0.2653217933774877,53
3069,2,6441,2358,4083,0,0,0,1.0,1,1.0,1,1.0,1,0.2673825347373627,51
3070,0,6441,2358,4083,0,0,0,1.0,1,1.0,1,1.0,1,0.27762291903320685,50
3071,1,6442,2359,4083,0,0,0,1.0,1,1.0,1,1.0,1,0.25271049499488213,51
3072,3,6445,2361,4084,0,0,0,1.0,1,1.0,1,1.0,1,0.24644175392833464,53
3073,0,6445,2361,4084,0,0,0,1.0,1,1.0,1,1.0,1,0.2629373510085502,51
3074,2,6447,2362,4085,0,0,0,1.0,1,1.0,1,1.0,1,0.2445791139400091,50
3075,2,6449,2364,4085,0,0,0,1.0,1,1.0,1,1.0,1,0.24852484089798094,52
3076,2,6451,2364,4087,0,0,0,1.0,1,1.0,1,1.0,1,0.25875222237877854,53
3077,2,6453,2365,4088,0,0,0,1.0,1,1.0,1,1.0,1,0.2503358955591193,52
3078,0,6453,2365,4088,0,0,0,1.0,1,1.0,1,1.0,1,0.2806323066120256,53
3079,0,6453,2365,4088,0,0,0,1.0,1,1.0,1,1.0,1,0.2806323066120256,53
3080,0,6453,2365,4088,0,0,0,1.0,1,1.0,1,1.0,1,0.3021635602867065,52
3081,12,6465,2367,4098,0,0,0,1.0,1,1.0,1,1.0,1,0.2330896494671363,54
3082,4,6469,2369,4100,0,0,0,1.0,1,1.0,1,1.0,1,0.26530418467506484,54
3083,4,6473,2369,4104,0,0,0,1.0,1,1.0,1,1.0,1,0.255352922266969,54
3084,2,6475,2370,4105,0,0,0,1.0,1,1.0,1,1.0,1,0.2769551961256736,55
3085,2,6477,2371,4106,0,0,0,1.0,1,1.0,1,1.0,1,0.27160437384260105,55
3086,4,6481,2371,4110,0,0,0,1.0,1,1.0,1,1.0,1,0.28208699453138025,56
3087,2,6483,2371,4112,0,0,0,1.0,1,1.0,1,1.0,1,0.2924580363733265,57
3088,2,6485,2371,4114,0,0,0,1.0,1,1.0,1,1.0,1,0.2843389716212479,56
3089,5,6490,2372,4118,0,0,0,1.0,1,1.0,1,1.0,1,0.3048677402465606,55
3090,4,6494,2372,4122,0,0,0,1.0,1,1.0,1,1.0,1,0.30201829777141337,54
3091,6,6500,2373,4127,0,0,0,1.0,1,1.0,1,1.0,1,0.292832427081486,53
3092,8,6508,2373,4135,0,0,0,1.0,1,1.0,1,1.0,1,0.2711021865663149,56
3093,5,6513,2374,4139,0,0,0,1.0,1,1.0,1,1.0,1,0.27970576268241415,56
3094,7,6520,2374,4146,0,0,0,1.0,1,1.0,1,1.0,1,0.27730182441702284,58
3095,9,6529,2374,4155,0,0,0,1.0,1,1.0,1,1.0,1,0.25005522130572067,59
3096,8,6537,2374,4163,0,0,0,1.0,1,1.0,1,1.0,1,0.2421732658543221,60
3097,12,6549,2375,4174,0,0,0,1.0,1,1.0,1,1.0,1,0.2314068771157148,60
3098,3,6552,2375,4177,0,0,0,1.0,1,1.0,1,1.0,1,0.2542359923939186,58
3099,2,6554,2375,4179,0,0,0,1.0,1,1.0,1,1.0,1,0.26301640738375753,57
3100,5,6559,2375,4184,0,0,0,1.0,1,1.0,1,1.0,1,0.2780035685886811,57
3101,5,6564,2376,4188,0,0,0,1.0,1,1.0,1,1.0,1,0.23376205462793284,58
3102,3,6567,2377,4190,0,0,0,1.0,1,1.0,1,1.0,1,0.24122377573046602,59
3103,2,6569,2377,4192,0,0,0,1.0,1,1.0,1,1.0,1,0.20065614057498282,58
3104,5,6574,2379,4195,0,0,0,1.0,1,1.0,1,1.0,1,0.1660763523965542,58
3105,0,6574,2379,4195,0,0,0,1.0,1,1.0,1,1.0,1,0.14584592120864878,56
3106,2,6576,2381,4195,0,0,0,1.0,1,1.0,1,1.0,1,0.1875982563006286,57
3107,2,6578,2383,4195,0,0,0,1.0,1,1.0,1,1.0,1,0.1832071176530318,55
3108,3,6581,2386,4195,0,0,0,1.0,1,1.0,1,1.0,1,0.24688860366291177,55
3109,3,6584,2387,4197,0,0,0,1.0,1,1.0,1,1.0,1,0.22240083154683732,54
3110,4,6588,2389,4199,0,0,0,1.0,1,1.0,1,1.0,1,0.19384024422045235,54
3111,2,6590,2389,4201,0,0,0,1.0,1,1.0,1,1.0,1,0.16533354044760726,54
3112,4,6594,2392,4202,0,0,0,1.0,1,1.0,1,1.0,1,0.1831255397853998,56
3113,4,6598,2395,4203,0,0,0,1.0,1,1.0,1,1.0,1,0.2256354403217327,55
3114,1,6599,2396,4203,0,0,0,1.0,1,1.0,1,1.0,1,0.23964211586984513,54
3115,1,6600,2396,4204,0,0,0,1.0,1,1.0,1,1.0,1,0.22932087884605307,56
3116,2,6602,2397,4205,0,0,0,1.0,1,1.0,1,1.0,1,0.22977968526274484,56
3117,0,6602,2397,4205,0,0,0,1.0,1,1.0,1,1.0,1,0.27262409461522774,58
3118,1,6603,2398,4205,0,0,0,1.0,1,1.0,1,1.0,1,0.27973070872539607,57
3119,1,6604,2399,4205,0,0,0,1.0,1,1.0,1,1.0,1,0.3027277914877005,57
3120,1,6605,2399,4206,0,0,0,1.0,1,1.0,1,1.0,1,0.27260392223752117,56
3121,8,6613,2400,4213,0,0,0,1.0,1,1.0,1,1.0,1,0.1535700398695697,57
3122,1,6614,2400,4214,0,0,0,1.0,1,1.0,1,1.0,1,0.162492625823958,57
3123,2,6616,2401,4215,0,0,0,1.0,1,1.0,1,1.0,1,0.15440612381370977,57
3124,2,6618,2401,4217,0,0,0,1.0,1,1.0,1,1.0,1,0.16975678667490446,59
3125,6,6624,2403,4221,0,0,0,1.0,1,1.0,1,1.0,1,0.1374394457918921,61
3126,1,6625,2404,4221,0,0,0,1.0,1,1.0,1,1.0,1,0.15446851767217484,60
3127,0,6625,2404,4221,0,0,0,1.0,1,1.0,1,1.0,1,0.16902181014199408,58
3128,2,6627,2405,4222,0,0,0,1.0,1,1.0,1,1.0,1,0.18921774151599313,58
3129,0,6627,2405,4222,0,0,0,1.0,1,1.0,1,1.0,1,0.19816011397593347,56
3130,2,6629,2405,4224,0,0,0,1.0,1,1.0,1,1.0,1,0.20292805708857906,56
3131,2,6631,2406,4225,0,0,0,1.0,1,1.0,1,1.0,1,0.2455920346707687,55
3132,0,6631,2406,4225,0,0,0,1.0,1,1.0,1,1.0,1,0.272874992390751,53
3133,1,6632,2407,4225,0,0,0,1.0,1,1.0,1,1.0,1,0.2890065763662276,52
3134,3,6635,2409,4226,0,0,0,1.0,1,1.0,1,1.0,1,0.2924996185073416,52
3135,5,6640,2411,4229,0,0,0,1.0,1,1.0,1,1.0,1,0.2625677478170871,53
3136,7,6647,2415,4232,0,0,0,1.0,1,1.0,1,1.0,1,0.3073278802442219,54
3137,4,6651,2417,4234,0,0,0,1.0,1,1.0,1,1.0,1,0.29726632466888714,55
3138,10,6661,2419,4242,0,0,0,1.0,1,1.0,1,1.0,1,0.3295153828079741,57
3139,6,6667,2419,4248,0,0,0,1.0,1,1.0,1,1.0,1,0.3565902182638679,56
3140,8,6675,2419,4256,0,0,0,1.0,1,1.0,1,1.0,1,0.34312096202742043,56
3141,11,6686,2420,4266,0,0,0,1.0,1,1.0,1,1.0,1,0.18569350652310931,56
3142,1,6687,2421,4266,0,0,0,1.0,1,1.0,1,1.0,1,0.18622361560683537,56
3143,1,6688,2422,4266,0,0,0,1.0,1,1.0,1,1.0,1,0.19337964489331072,56
3144,1,6689,2423,4266,0,0,0,1.0,1,1.0,1,1.0,1,0.18178193393596714,54
3145,2,6691,2424,4267,0,0,0,1.0,1,1.0,1,1.0,1,0.1803804550781201,55
3146,0,6691,2424,4267,0,0,0,1.0,1,1.0,1,1.0,1,0.1721278041612451,53
3147,0,6691,2424,4267,0,0,0,1.0,1,1.0,1,1.0,1,0.18077087364455835,54
3148,0,6691,2424,4267,0,0,0,1.0,1,1.0,1,1.0,1,0.18077087364455835,54
3149,0,6691,2424,4267,0,0,0,1.0,1,1.0,1,1.0,1,0.18017583629676656,53
3150,2,6693,2424,4269,0,0,0,1.0,1,1.0,1,1.0,1,0.13368153626449478,53
3151,0,6693,2424,4269,0,0,0,1.0,1,1.0,1,1.0,1,0.13943315284343022,53
3152,4,6697,2425,4272,0,0,0,1.0,1,1.0,1,1.0,1,0.13729464249731385,54
3153,1,6698,2426,4272,0,0,0,1.0,1,1.0,1,1.0,1,0.14910120683385816,53
3154,2,6700,2427,4273,0,0,0,1.0,1,1.0,1,1.0,1,0.17021213149289927,55
3155,0,6700,2427,4273,0,0,0,1.0,1,1.0,1,1.0,1,0.17456114199098838,56
3156,0,6700,2427,4273,0,0,0,1.0,1,1.0,1,1.0,1,0.19242253969096876,56
3157,0,6700,2427,4273,0,0,0,1.0,1,1.0,1,1.0,1,0.19242253969096876,56
3158,2,6702,2428,4274,0,0,0,1.0,1,1.0,1,1.0,1,0.163705895626692,57
3159,0,6702,2428,4274,0,0,0,1.0,1,1.0,1,1.0,1,0.16268323216050085,56
3160,4,6706,2429,4277,0,0,0,1.0,1,1.0,1,1.0,1,0.17096094337710865,58
3161,3,6709,2429,4280,0,0,0,1.0,1,1.0,1,1.0,1,0.08641566932535186,59
3162,1,6710,2430,4280,0,0,0,1.0,1,1.0,1,1.0,1,0.09722002789811512,59
3163,2,6712,2432,4280,0,0,0,1.0,1,1.0,1,1.0,1,0.16283391188754992,59
3164,3,6715,2433,4282,0,0,0,1.0,1,1.0,1,1.0,1,0.16603576727225158,60
3165,2,6717,2435,4282,0,0,0,1.0,1,1.0,1,1.0,1,0.16235823243693628,58
3166,5,6722,2438,4284,0,0,0,1.0,1,1.0,1,1.0,1,0.18049938885988534,59
3167,2,6724,2440,4284,0,0,0,1.0,1,1.0,1,1.0,1,0.2035914877714572,57
3168,2,6726,2440,4286,0,0,0,1.0,1,1.0,1,1.0,1,0.15828218613046832,58
3169,0,6726,2440,4286,0,0,0,1.0,1,1.0,1,1.0,1,0.14827493865510405,57
3170,1,6727,2441,4286,0,0,0,1.0,1,1.0,1,1.0,1,0.1552870549606974,55
3171,3,6730,2443,4287,0,0,0,1.0,1,1.0,1,1.0,1,0.15269662932863678,56
3172,1,6731,2444,4287,0,0,0,1.0,1,1.0,1,1.0,1,0.14607749393294014,54
3173,2,6733,2445,4288,0,0,0,1.0,1,1.0,1,1.0,1,0.17331330377772988,53
3174,1,6734,2446,4288,0,0,0,1.0,1,1.0,1,1.0,1,0.18676390356463302,53
3175,2,6736,2446,4290,0,0,0,1.0,1,1.0,1,1.0,1,0.17298747742156628,52
3176,4,6740,2449,4291,0,0,0,1.0,1,1.0,1,1.0,1,0.22249221885137144,53
3177,6,6746,2451,4295,0,0,0,1.0,1,1.0,1,1.0,1,0.26275164836835435,52
3178,1,6747,2451,4296,0,0,0,1.0,1,1.0,1,1.0,1,0.2749903840026578,53
3179,1,6748,2452,4296,0,0,0,1.0,1,1.0,1,1.0,1,0.2321156722406667,54
3180,0,6748,2452,4296,0,0,0,1.0,1,1.0,1,1.0,1,0.2670181320504947,54
3181,3,6751,2452,4299,0,0,0,1.0,1,1.0,1,1.0,1,0.21536823119916534,55
3182,0,6751,2452,4299,0,0,0,1.0,1,1.0,1,1.0,1,0.230200480625122,54
3183,2,6753,2454,4299,0,0,0,1.0,1,1.0,1,1.0,1,0.22431013815975798,56
3184,4,6757,2456,4301,0,0,0,1.0,1,1.0,1,1.0,1,0.19421095517232173,54
3185,3,6760,2458,4302,0,0,0,1.0,1,1.0,1,1.0,1,0.21356258819979937,53
3186,4,6764,2460,4304,0,0,0,1.0,1,1.0,1,1.0,1,0.2294803858284956,52
3187,2,6766,2462,4304,0,0,0,1.0,1,1.0,1,1.0,1,0.18246297730930305,50
3188,2,6768,2464,4304,0,0,0,1.0,1,1.0,1,1.0,1,0.22583761636933294,50
3189,4,6772,2467,4305,0,0,0,1.0,1,1.0,1,1.0,1,0.24761528654549775,49
3190,2,6774,2467,4307,0,0,0,1.0,1,1.0,1,1.0,1,0.22731589140191796,50
3191,2,6776,2468,4308,0,0,0,1.0,1,1.0,1,1.0,1,0.24087503083662487,49
3192,1,6777,2468,4309,0,0,0,1.0,1,1.0,1,1.0,1,0.2404801025929824,49
3193,1,6778,2468,4310,0,0,0,1.0,1,1.0,1,1.0,1,0.23299530449382594,49
3194,2,6780,2469,4311,0,0,0,1.0,1,1.0,1,1.0,1,0.2464903130389038,50
3195,1,6781,2469,4312,0,0,0,1.0,1,1.0,1,1.0,1,0.2556134607465038,49
3196,0,6781,2469,4312,0,0,0,1.0,1,1.0,1,1.0,1,0.2556134607465038,49
3197,1,6782,2470,4312,0,0,0,1.0,1,1.0,1,1.0,1,0.23684215350776947,50
3198,0,6782,2470,4312,0,0,0,1.0,1,1.0,1,1.0,1,0.23684215350776947,50
3199,1,6783,2471,4312,0,0,0,1.0,1,1.0,1,1.0,1,0.25221893346726104,52
3200,2,6785,2473,4312,0,0,0,1.0,1,1.0,1,1.0,1,0.2159574244808447,53
3201,7,6792,2474,4318,0,0,0,1.0,1,1.0,1,1.0,1,0.1505732895106184,55
3202,2,6794,2475,4319,0,0,0,1.0,1,1.0,1,1.0,1,0.15942081259273125,55
3203,1,6795,2475,4320,0,0,0,1.0,1,1.0,1,1.0,1,0.09521538002787418,53
3204,0,6795,2475,4320,0,0,0,1.0,1,1.0,1,1.0,1,0.10034824610984136,53
3205,0,6795,2475,4320,0,0,0,1.0,1,1.0,1,1.0,1,0.10034824610984136,53
3206,0,6795,2475,4320,0,0,0,1.0,1,1.0,1,1.0,1,0.10965705163209548,52
3207,2,6797,2477,4320,0,0,0,1.0,1,1.0,1,1.0,1,0.15070289222565025,53
3208,0,6797,2477,4320,0,0,0,1.0,1,1.0,1,1.0,1,0.18967774755675743,51
3209,2,6799,2478,4321,0,0,0,1.0,1,1.0,1,1.0,1,0.2207029895863468,52
3210,0,6799,2478,4321,0,0,0,1.0,1,1.0,1,1.0,1,0.24286132996653437,49
3211,2,6801,2480,4321,0,0,0,1.0,1,1.0,1,1.0,1,0.29362599321342403,48
3212,2,6803,2480,4323,0,0,0,1.0,1,1.0,1,1.0,1,0.28156842605600707,48
3213,2,6805,2482,4323,0,0,0,1.0,1,1.0,1,1.0,1,0.2302575225645658,49
3214,3,6808,2484,4324,0,0,0,1.0,1,1.0,1,1.0,1,0.2228481861644265,51
3215,0,6808,2484,4324,0,0,0,1.0,1,1.0,1,1.0,1,0.2228481861644265,51
3216,2,6810,2486,4324,0,0,0,1.0,1,1.0,1,1.0,1,0.239153649274994,51
3217,1,6811,2487,4324,0,0,0,1.0,1,1.0,1,1.0,1,0.25008103468612575,51
3218,0,6811,2487,4324,0,0,0,1.0,1,1.0,1,1.0,1,0.25008103468612575,51
3219,0,6811,2487,4324,0,0,0,1.0,1,1.0,1,1.0,1,0.2645832236376391,52
3220,0,6811,2487,4324,0,0,0,1.0,1,1.0,1,1.0,1,0.2645832236376391,52
3221,4,6815,2487,4328,0,0,0,1.0,1,1.0,1,1.0,1,0.19107480532110385,54
3222,0,6815,2487,4328,0,0,0,1.0,1,1.0,1,1.0,1,0.1900364163885923,54
3223,2,6817,2487,4330,0,0,0,1.0,1,1.0,1,1.0,1,0.2007454399745725,56
3224,1,6818,2488,4330,0,0,0,1.0,1,1.0,1,1.0,1,0.192307337260084,57
3225,1,6819,2488,4331,0,0,0,1.0,1,1.0,1,1.0,1,0.20009782892425843,58
3226,0,6819,2488,4331,0,0,0,1.0,1,1.0,1,1.0,1,0.20009782892425843,58
3227,0,6819,2488,4331,0,0,0,1.0,1,1.0,1,1.0,1,0.20009782892425843,58
3228,0,6819,2488,4331,0,0,0,1.0,1,1.0,1,1.0,1,0.20009782892425843,58
3229,5,6824,2490,4334,0,0,0,1.0,1,1.0,1,1.0,1,0.21849217281760677,60
3230,1,6825,2490,4335,0,0,0,1.0,1,1.0,1,1.0,1,0.20792937922234433,61
3231,0,6825,2490,4335,0,0,0,1.0,1,1.0,1,1.0,1,0.20792937922234433,61
3232,0,6825,2490,4335,0,0,0,1.0,1,1.0,1,1.0,1,0.20792937922234433,61
3233,0,6825,2490,4335,0,0,0,1.0,1,1.0,1,1.0,1,0.22665575373608174,63
3234,3,6828,2490,4338,0,0,0,1.0,1,1.0,1,1.0,1,0.2108881031764461,64
3235,1,6829,2490,4339,0,0,0,1.0,1,1.0,1,1.0,1,0.2123297198737634,65
3236,1,6830,2490,4340,0,0,0,1.0,1,1.0,1,1.0,1,0.20984663205115744,66
3237,2,6832,2490,4342,0,0,0,1.0,1,1.0,1,1.0,1,0.2196380559340165,67
3238,1,6833,2490,4343,0,0,0,1.0,1,1.0,1,1.0,1,0.1897907583643427,67
3239,3,6836,2490,4346,0,0,0,1.0,1,1.0,1,1.0,1,0.1680247139156369,69
3240,1,6837,2490,4347,0,0,0,1.0,1,1.0,1,1.0,1,0.15899168527507415,69
3241,3,6840,2493,4347,0,0,0,1.0,1,1.0,1,1.0,1,0.0992745589750061,68
3242,1,6841,2494,4347,0,0,0,1.0,1,1.0,1,1.0,1,0.1162068885617844,67
3243,2,6843,2496,4347,0,0,0,1.0,1,1.0,1,1.0,1,0.11291439219839185,68
3244,0,6843,2496,4347,0,0,0,1.0,1,1.0,1,1.0,1,0.14805501545921473,68
3245,1,6844,2496,4348,0,0,0,1.0,1,1.0,1,1.0,1,0.14571567396879032,69
3246,0,6844,2496,4348,0,0,0,1.0,1,1.0,1,1.0,1,0.13788377576134658,68
3247,0,6844,2496,4348,0,0,0,1.0,1,1.0,1,1.0,1,0.13788377576134658,68
3248,2,6846,2497,4349,0,0,0,1.0,1,1.0,1,1.0,1,0.14779284641659535,68
3249,0,6846,2497,4349,0,0,0,1.0,1,1.0,1,1.0,1,0.1554009450713363,69
3250,1,6847,2497,4350,0,0,0,1.0,1,1.0,1,1.0,1,0.14822634259129921,69
3251,2,6849,2498,4351,0,0,0,1.0,1,1.0,1,1.0,1,0.1730649117797581,68
3252,1,6850,2498,4352,0,0,0,1.0,1,1.0,1,1.0,1,0.16381776328347156,68
3253,2,6852,2498,4354,0,0,0,1.0,1,1.0,1,1.0,1,0.17772419493957836,69
3254,2,6854,2499,4355,0,0,0,1.0,1,1.0,1,1.0,1,0.15983716479669383,69
3255,1,6855,2499,4356,0,0,0,1.0,1,1.0,1,1.0,1,0.16433936096886725,70
3256,1,6856,2499,4357,0,0,0,1.0,1,1.0,1,1.0,1,0.15479396962187733,70
3257,0,6856,2499,4357,0,0,0,1.0,1,1.0,1,1.0,1,0.1580940594358522,71
3258,3,6859,2502,4357,0,0,0,1.0,1,1.0,1,1.0,1,0.16135994764546852,72
3259,2,6861,2503,4358,0,0,0,1.0,1,1.0,1,1.0,1,0.1640734216297132,71
3260,1,6862,2504,4358,0,0,0,1.0,1,1.0,1,1.0,1,0.20057344593412985,72
3261,3,6865,2505,4360,0,0,0,1.0,1,1.0,1,1.0,1,0.2025745465813454,74
3262,3,6868,2507,4361,0,0,0,1.0,1,1.0,1,1.0,1,0.19567394060309562,73
3263,3,6871,2510,4361,0,0,0,1.0,1,1.0,1,1.0,1,0.21689240170682614,73
3264,5,6876,2512,4364,0,0,0,1.0,1,1.0,1,1.0,1,0.22323830151944693,71
3265,1,6877,2513,4364,0,0,0,1.0,1,1.0,1,1.0,1,0.23380377090028256,70
3266,4,6881,2517,4364,0,0,0,1.0,1,1.0,1,1.0,1,0.2286658103472915,69
3267,0,6881,2517,4364,0,0,0,1.0,1,1.0,1,1.0,1,0.24217167667094075,69
3268,3,6884,2520,4364,0,0,0,1.0,1,1.0,1,1.0,1,0.2668093291756411,68
3269,1,6885,2521,4364,0,0,0,1.0,1,1.0,1,1.0,1,0.2899176324076957,68
3270,1,6886,2522,4364,0,0,0,1.0,1,1.0,1,1.0,1,0.2812743796686772,67
3271,1,6887,2523,4364,0,0,0,1.0,1,1.0,1,1.0,1,0.27777441281062176,66
3272,0,6887,2523,4364,0,0,0,1.0,1,1.0,1,1.0,1,0.26567503968552303,67
3273,0,6887,2523,4364,0,0,0,1.0,1,1.0,1,1.0,1,0.28872454422375493,66
3274,2,6889,2523,4366,0,0,0,1.0,1,1.0,1,1.0,1,0.29116157896884703,68
3275,1,6890,2523,4367,0,0,0,1.0,1,1.0,1,1.0,1,0.2841709507686205,68
3276,0,6890,2523,4367,0,0,0,1.0,1,1.0,1,1.0,1,0.2871635118692058,69
3277,1,6891,2524,4367,0,0,0,1.0,1,1.0,1,1.0,1,0.3112831450775741,68
3278,1,6892,2524,4368,0,0,0,1.0,1,1.0,1,1.0,1,0.28725533586113927,69
3279,1,6893,2525,4368,0,0,0,1.0,1,1.0,1,1.0,1,0.29594288155200915,67
3280,1,6894,2526,4368,0,0,0,1.0,1,1.0,1,1.0,1,0.2997581483337729,66
3281,9,6903,2527,4376,0,0,0,1.0,1,1.0,1,1.0,1,0.21863364708612365,67
3282,3,6906,2528,4378,0,0,0,1.0,1,1.0,1,1.0,1,0.1956559842282759,66
3283,3,6909,2530,4379,0,0,0,1.0,1,1.0,1,1.0,1,0.24991262570713577,67
3284,1,6910,2530,4380,0,0,0,1.0,1,1.0,1,1.0,1,0.20479185482837733,66
3285,0,6910,2530,4380,0,0,0,1.0,1,1.0,1,1.0,1,0.20479185482837733,66
3286,0,6910,2530,4380,0,0,0,1.0,1,1.0,1,1.0,1,0.20853126718738435,63
3287,1,6911,2531,4380,0,0,0,1.0,1,1.0,1,1.0,1,0.22458266867307816,61
3288,2,6913,2531,4382,0,0,0,1.0,1,1.0,1,1.0,1,0.22984084250684853,63
3289,3,6916,2532,4384,0,0,0,1.0,1,1.0,1,1.0,1,0.25930422021670707,62
3290,1,6917,2532,4385,0,0,0,1.0,1,1.0,1,1.0,1,0.26457927052299596,63
3291,4,6921,2532,4389,0,0,0,1.0,1,1.0,1,1.0,1,0.2766880028671055,62
3292,2,6923,2532,4391,0,0,0,1.0,1,1.0,1,1.0,1,0.28778550919545626,63
3293,6,6929,2535,4394,0,0,0,1.0,1,1.0,1,1.0,1,0.255338223043146,65
3294,2,6931,2535,4396,0,0,0,1.0,1,1.0,1,1.0,1,0.255338223043146,65
3295,2,6933,2537,4396,0,0,0,1.0,1,1.0,1,1.0,1,0.24659059363302868,65
3296,0,6933,2537,4396,0,0,0,1.0,1,1.0,1,1.0,1,0.24659059363302868,65
3297,1,6934,2538,4396,0,0,0,1.0,1,1.0,1,1.0,1,0.2432360191927673,66
3298,1,6935,2539,4396,0,0,0,1.0,1,1.0,1,1.0,1,0.253330751713665,66
3299,0,6935,2539,4396,0,0,0,1.0,1,1.0,1,1.0,1,0.2610984603790389,67
3300,2,6937,2541,4396,0,0,0,1.0,1,1.0,1,1.0,1,0.2784684034911684,67
3301,7,6944,2541,4403,0,0,0,1.0,1,1.0,1,1.0,1,0.22846162054480718,68
3302,2,6946,2541,4405,0,0,0,1.0,1,1.0,1,1.0,1,0.2165212983065056,67
3303,1,6947,2541,4406,0,0,0,1.0,1,1.0,1,1.0,1,0.2109987821428308,67
3304,3,6950,2542,4408,0,0,0,1.0,1,1.0,1,1.0,1,0.2193828129157303,67
3305,3,6953,2542,4411,0,0,0,1.0,1,1.0,1,1.0,1,0.21586825928268907,69
3306,0,6953,2542,4411,0,0,0,1.0,1,1.0,1,1.0,1,0.20388267886963074,70
3307,0,6953,2542,4411,0,0,0,1.0,1,1.0,1,1.0,1,0.20388267886963074,70
3308,0,6953,2542,4411,0,0,0,1.0,1,1.0,1,1.0,1,0.20388267886963074,70
3309,1,6954,2542,4412,0,0,0,1.0,1,1.0,1,1.0,1,0.2160750477921024,72
3310,2,6956,2542,4414,0,0,0,1.0,1,1.0,1,1.0,1,0.21921992853900277,74
3311,2,6958,2542,4416,0,0,0,1.0,1,1.0,1,1.0,1,0.19608199457925268,74
3312,0,6958,2542,4416,0,0,0,1.0,1,1.0,1,1.0,1,0.19608199457925268,74
3313,0,6958,2542,4416,0,0,0,1.0,1,1.0,1,1.0,1,0.20505624336758516,75
3314,0,6958,2542,4416,0,0,0,1.0,1,1.0,1,1.0,1,0.21342872497369403,76
3315,2,6960,2543,4417,0,0,0,1.0,1,1.0,1,1.0,1,0.23759697208994865,75
3316,6,6966,2546,4420,0,0,0,1.0,1,1.0,1,1.0,1,0.2599892983232243,76
3317,2,6968,2547,4421,0,0,0,1.0,1,1.0,1,1.0,1,0.2608635927606778,73
3318,3,6971,2550,4421,0,0,0,1.0,1,1.0,1,1.0,1,0.28448628792099734,72
3319,4,6975,2551,4424,0,0,0,1.0,1,1.0,1,1.0,1,0.26605706882155356,71
3320,3,6978,2553,4425,0,0,0,1.0,1,1.0,1,1.0,1,0.2444037266366953,70
3321,3,6981,2555,4426,0,0,0,1.0,1,1.0,1,1.0,1,0.26914287827872535,69
3322,2,6983,2557,4426,0,0,0,1.0,1,1.0,1,1.0,1,0.2495706918749776,68
3323,0,6983,2557,4426,0,0,0,1.0,1,1.0,1,1.0,1,0.25453776092403946,69
3324,2,6985,2559,4426,0,0,0,1.0,1,1.0,1,1.0,1,0.2559365808801218,69
3325,1,6986,2559,4427,0,0,0,1.0,1,1.0,1,1.0,1,0.2555975480508518,70
3326,6,6992,2562,4430,0,0,0,1.0,1,1.0,1,1.0,1,0.26270581878831006,69
3327,0,6992,2562,4430,0,0,0,1.0,1,1.0,1,1.0,1,0.2531529766729403,70
3328,3,6995,2562,4433,0,0,0,1.0,1,1.0,1,1.0,1,0.24155594657025842,73
3329,2,6997,2563,4434,0,0,0,1.0,1,1.0,1,1.0,1,0.27132669820920907,72
3330,1,6998,2564,4434,0,0,0,1.0,1,1.0,1,1.0,1,0.2765983214257094,72
3331,3,7001,2566,4435,0,0,0,1.0,1,1.0,1,1.0,1,0.28069717149995793,72
3332,1,7002,2566,4436,0,0,0,1.0,1,1.0,1,1.0,1,0.27196390686944233,73
3333,0,7002,2566,4436,0,0,0,1.0,1,1.0,1,1.0,1,0.27582740344676704,72
3334,0,7002,2566,4436,0,0,0,1.0,1,1.0,1,1.0,1,0.27090916865978026,73
3335,0,7002,2566,4436,0,0,0,1.0,1,1.0,1,1.0,1,0.2802142305801409,74
3336,0,7002,2566,4436,0,0,0,1.0,1,1.0,1,1.0,1,0.2802142305801409,74
3337,0,7002,2566,4436,0,0,0,1.0,1,1.0,1,1.0,1,0.2802142305801409,74
3338,1,7003,2567,4436,0,0,0,1.0,1,1.0,1,1.0,1,0.27394680177373315,74
3339,4,7007,2568,4439,0,0,0,1.0,1,1.0,1,1.0,1,0.26419085900649625,75
3340,0,7007,2568,4439,0,0,0,1.0,1,1.0,1,1.0,1,0.2704341532527613,75
3341,2,7009,2568,4441,0,0,0,1.0,1,1.0,1,1.0,1,0.26409051496499153,76
3342,4,7013,2569,4444,0,0,0,1.0,1,1.0,1,1.0,1,0.2505033851243371,76
3343,4,7017,2572,4445,0,0,0,1.0,1,1.0,1,1.0,1,0.22448655546873222,75
3344,5,7022,2575,4447,0,0,0,1.0,1,1.0,1,1.0,1,0.23171820054253167,75
3345,1,7023,2576,4447,0,0,0,1.0,1,1.0,1,1.0,1,0.248007816519131,72
3346,3,7026,2577,4449,0,0,0,1.0,1,1.0,1,1.0,1,0.25591513956086137,73
3347,1,7027,2578,4449,0,0,0,1.0,1,1.0,1,1.0,1,0.24745804074528713,73
3348,0,7027,2578,4449,0,0,0,1.0,1,1.0,1,1.0,1,0.25337631896365065,73
3349,2,7029,2579,4450,0,0,0,1.0,1,1.0,1,1.0,1,0.26040606936675303,74
3350,3,7032,2581,4451,0,0,0,1.0,1,1.0,1,1.0,1,0.27047313236724685,73
3351,1,7033,2582,4451,0,0,0,1.0,1,1.0,1,1.0,1,0.27881199068839213,72
3352,1,7034,2583,4451,0,0,0,1.0,1,1.0,1,1.0,1,0.29330039627407817,72
3353,2,7036,2585,4451,0,0,0,1.0,1,1.0,1,1.0,1,0.3258001819588724,72
3354,1,7037,2586,4451,0,0,0,1.0,1,1.0,1,1.0,1,0.3243610527407403,70
3355,3,7040,2587,4453,0,0,0,1.0,1,1.0,1,1.0,1,0.32714865646991786,69
3356,2,7042,2588,4454,0,0,0,1.0,1,1.0,1,1.0,1,0.31725847342084784,69
3357,3,7045,2589,4456,0,0,0,1.0,1,1.0,1,1.0,1,0.292619266024657,68
3358,2,7047,2591,4456,0,0,0,1.0,1,1.0,1,1.0,1,0.27435648850099476,68
3359,0,7047,2591,4456,0,0,0,1.0,1,1.0,1,1.0,1,0.27741295178016545,66
3360,2,7049,2593,4456,0,0,0,1.0,1,1.0,1,1.0,1,0.31317630642080585,65
3361,3,7052,2593,4459,0,0,0,1.0,1,1.0,1,1.0,1,0.2801198535240919,64
3362,0,7052,2593,4459,0,0,0,1.0,1,1.0,1,1.0,1,0.2801198535240919,64
3363,0,7052,2593,4459,0,0,0,1.0,1,1.0,1,1.0,1,0.2813249086135839,65
3364,0,7052,2593,4459,0,0,0,1.0,1,1.0,1,1.0,1,0.2767864315165006,66
3365,6,7058,2593,4465,0,0,0,1.0,1,1.0,1,1.0,1,0.24558022295000229,68
3366,1,7059,2594,4465,0,0,0,1.0,1,1.0,1,1.0,1,0.26375463588152925,66
3367,0,7059,2594,4465,0,0,0,1.0,1,1.0,1,1.0,1,0.2796271267722091,68
3368,2,7061,2595,4466,0,0,0,1.0,1,1.0,1,1.0,1,0.277795485287087,68
3369,0,7061,2595,4466,0,0,0,1.0,1,1.0,1,1.0,1,0.28837252650668327,69
3370,2,7063,2595,4468,0,0,0,1.0,1,1.0,1,1.0,1,0.24807090114493843,71
3371,0,7063,2595,4468,0,0,0,1.0,1,1.0,1,1.0,1,0.24807090114493843,71
3372,3,7066,2597,4469,0,0,0,1.0,1,1.0,1,1.0,1,0.24652138776772708,71
3373,2,7068,2597,4471,0,0,0,1.0,1,1.0,1,1.0,1,0.22553456627570717,72
3374,1,7069,2597,4472,0,0,0,1.0,1,1.0,1,1.0,1,0.21746695405065047,72
3375,1,7070,2598,4472,0,0,0,1.0,1,1.0,1,1.0,1,0.22453493575470929,73
3376,0,7070,2598,4472,0,0,0,1.0,1,1.0,1,1.0,1,0.224696017247937,75
3377,4,7074,2599,4475,0,0,0,1.0,1,1.0,1,1.0,1,0.2167502401563499,77
3378,0,7074,2599,4475,0,0,0,1.0,1,1.0,1,1.0,1,0.2167502401563499,77
3379,2,7076,2601,4475,0,0,0,1.0,1,1.0,1,1.0,1,0.23047058892686428,77
3380,5,7081,2601,4480,0,0,0,1.0,1,1.0,1,1.0,1,0.2221962609246808,76
3381,3,7084,2602,4482,0,0,0,1.0,1,1.0,1,1.0,1,0.21255341672468897,76
3382,3,7087,2604,4483,0,0,0,1.0,1,1.0,1,1.0,1,0.21857505898705323,78
3383,0,7087,2604,4483,0,0,0,1.0,1,1.0,1,1.0,1,0.21154585258755956,77
3384,4,7091,2608,4483,0,0,0,1.0,1,1.0,1,1.0,1,0.2619411349585197,77
3385,1,7092,2609,4483,0,0,0,1.0,1,1.0,1,1.0,1,0.2726355330364565,75
3386,1,7093,2610,4483,0,0,0,1.0,1,1.0,1,1.0,1,0.2648154912591581,76
3387,1,7094,2610,4484,0,0,0,1.0,1,1.0,1,1.0,1,0.2555638308475595,75
3388,1,7095,2611,4484,0,0,0,1.0,1,1.0,1,1.0,1,0.2622428972893364,76
3389,1,7096,2611,4485,0,0,0,1.0,1,1.0,1,1.0,1,0.2691260549083984,77
3390,0,7096,2611,4485,0,0,0,1.0,1,1.0,1,1.0,1,0.27003994322363445,76
3391,1,7097,2612,4485,0,0,0,1.0,1,1.0,1,1.0,1,0.25817939075572244,77
3392,2,7099,2612,4487,0,0,0,1.0,1,1.0,1,1.0,1,0.2502432176663873,78
3393,1,7100,2612,4488,0,0,0,1.0,1,1.0,1,1.0,1,0.22879016799390345,76
3394,0,7100,2612,4488,0,0,0,1.0,1,1.0,1,1.0,1,0.2493772098340328,75
3395,1,7101,2612,4489,0,0,0,1.0,1,1.0,1,1.0,1,0.2475582992954429,73
3396,1,7102,2612,4490,0,0,0,1.0,1,1.0,1,1.0,1,0.23593771720748682,73
3397,1,7103,2613,4490,0,0,0,1.0,1,1.0,1,1.0,1,0.23989520494590852,74
3398,1,7104,2614,4490,0,0,0,1.0,1,1.0,1,1.0,1,0.2449411917193128,74
3399,3,7107,2616,4491,0,0,0,1.0,1,1.0,1,1.0,1,0.2721370671483501,75
3400,4,7111,2617,4494,0,0,0,1.0,1,1.0,1,1.0,1,0.27184208787675906,75
3401,9,7120,2618,4502,0,0,0,1.0,1,1.0,1,1.0,1,0.1925868208066847,77
3402,2,7122,2619,4503,0,0,0,1.0,1,1.0,1,1.0,1,0.17979718374342288,77
3403,4,7126,2620,4506,0,0,0,1.0,1,1.0,1,1.0,1,0.16411291811299963,78
3404,1,7127,2621,4506,0,0,0,1.0,1,1.0,1,1.0,1,0.1819749641227959,78
3405,0,7127,2621,4506,0,0,0,1.0,1,1.0,1,1.0,1,0.1819749641227959,78
3406,2,7129,2622,4507,0,0,0,1.0,1,1.0,1,1.0,1,0.18278427661459692,78
3407,0,7129,2622,4507,0,0,0,1.0,1,1.0,1,1.0,1,0.19641880366108674,78
3408,2,7131,2622,4509,0,0,0,1.0,1,1.0,1,1.0,1,0.18466020064224484,79
3409,1,7132,2622,4510,0,0,0,1.0,1,1.0,1,1.0,1,0.17685366514597428,81
3410,3,7135,2622,4513,0,0,0,1.0,1,1.0,1,1.0,1,0.15719552973420994,82
3411,2,7137,2622,4515,0,0,0,1.0,1,1.0,1,1.0,1,0.13917699614234097,84
3412,2,7139,2622,4517,0,0,0,1.0,1,1.0,1,1.0,1,0.13383517229208577,84
3413,1,7140,2622,4518,0,0,0,1.0,1,1.0,1,1.0,1,0.13623097558313144,84
3414,1,7141,2622,4519,0,0,0,1.0,1,1.0,1,1.0,1,0.13383517229208577,84
3415,5,7146,2624,4522,0,0,0,1.0,1,1.0,1,1.0,1,0.15862515960907322,85
3416,2,7148,2624,4524,0,0,0,1.0,1,1.0,1,1.0,1,0.15862515960907322,85
3417,3,7151,2624,4527,0,0,0,1.0,1,1.0,1,1.0,1,0.15788282804886936,86
3418,3,7154,2625,4529,0,0,0,1.0,1,1.0,1,1.0,1,0.17904593707028088,86
3419,1,7155,2626,4529,0,0,0,1.0,1,1.0,1,1.0,1,0.20267286404399762,87
3420,2,7157,2626,4531,0,0,0,1.0,1,1.0,1,1.0,1,0.1939649646045393,88
3421,6,7163,2627,4536,0,0,0,1.0,1,1.0,1,1.0,1,0.17094221585925157,89
3422,1,7164,2627,4537,0,0,0,1.0,1,1.0,1,1.0,1,0.17388009559021422,90
3423,1,7165,2627,4538,0,0,0,1.0,1,1.0,1,1.0,1,0.16780935828702334,90
3424,2,7167,2627,4540,0,0,0,1.0,1,1.0,1,1.0,1,0.15760741148750143,91
3425,0,7167,2627,4540,0,0,0,1.0,1,1.0,1,1.0,1,0.15758846436374535,90
3426,2,7169,2629,4540,0,0,0,1.0,1,1.0,1,1.0,1,0.16252996129507175,92
3427,1,7170,2629,4541,0,0,0,1.0,1,1.0,1,1.0,1,0.1707322846608763,92
3428,0,7170,2629,4541,0,0,0,1.0,1,1.0,1,1.0,1,0.17354730997116627,91
3429,0,7170,2629,4541,0,0,0,1.0,1,1.0,1,1.0,1,0.17354730997116627,91
3430,3,7173,2632,4541,0,0,0,1.0,1,1.0,1,1.0,1,0.19883773279231148,91
3431,0,7173,2632,4541,0,0,0,1.0,1,1.0,1,1.0,1,0.1857969579763812,90
3432,0,7173,2632,4541,0,0,0,1.0,1,1.0,1,1.0,1,0.18015914504476171,91
3433,0,7173,2632,4541,0,0,0,1.0,1,1.0,1,1.0,1,0.18991451151119115,90
3434,0,7173,2632,4541,0,0,0,1.0,1,1.0,1,1.0,1,0.18308049230406032,89
3435,1,7174,2633,4541,0,0,0,1.0,1,1.0,1,1.0,1,0.19855588718689499,88
3436,0,7174,2633,4541,0,0,0,1.0,1,1.0,1,1.0,1,0.2027066639390173,86
3437,2,7176,2634,4542,0,0,0,1.0,1,1.0,1,1.0,1,0.2145104667865037,86
3438,3,7179,2635,4544,0,0,0,1.0,1,1.0,1,1.0,1,0.2308016983825669,87
3439,1,7180,2636,4544,0,0,0,1.0,1,1.0,1,1.0,1,0.2515991373158145,86
3440,1,7181,2636,4545,0,0,0,1.0,1,1.0,1,1.0,1,0.2476294892937632,86
3441,8,7189,2638,4551,0,0,0,1.0,1,1.0,1,1.0,1,0.166796506801725,85
3442,2,7191,2639,4552,0,0,0,1.0,1,1.0,1,1.0,1,0.16982461565832196,85
3443,1,7192,2639,4553,0,0,0,1.0,1,1.0,1,1.0,1,0.17111378403635685,85
3444,2,7194,2640,4554,0,0,0,1.0,1,1.0,1,1.0,1,0.17994925708810736,85
3445,1,7195,2641,4554,0,0,0,1.0,1,1.0,1,1.0,1,0.19095832010600194,84
3446,3,7198,2643,4555,0,0,0,1.0,1,1.0,1,1.0,1,0.20976608747640063,85
3447,1,7199,2644,4555,0,0,0,1.0,1,1.0,1,1.0,1,0.22566021734854438,85
3448,3,7202,2645,4557,0,0,0,1.0,1,1.0,1,1.0,1,0.2192617126943066,85
3449,0,7202,2645,4557,0,0,0,1.0,1,1.0,1,1.0,1,0.23085054601621874,84
3450,3,7205,2647,4558,0,0,0,1.0,1,1.0,1,1.0,1,0.21531840441264555,84
3451,1,7206,2648,4558,0,0,0,1.0,1,1.0,1,1.0,1,0.21334599596403478,85
3452,3,7209,2651,4558,0,0,0,1.0,1,1.0,1,1.0,1,0.22816723892856303,86
3453,1,7210,2651,4559,0,0,0,1.0,1,1.0,1,1.0,1,0.21786891556486437,85
3454,1,7211,2651,4560,0,0,0,1.0,1,1.0,1,1.0,1,0.21988133653005662,88
3455,6,7217,2652,4565,0,0,0,1.0,1,1.0,1,1.0,1,0.22372123127038848,88
3456,2,7219,2653,4566,0,0,0,1.0,1,1.0,1,1.0,1,0.23419417341814977,88
3457,0,7219,2653,4566,0,0,0,1.0,1,1.0,1,1.0,1,0.23896531064352639,89
3458,0,7219,2653,4566,0,0,0,1.0,1,1.0,1,1.0,1,0.24652404956929075,88
3459,0,7219,2653,4566,0,0,0,1.0,1,1.0,1,1.0,1,0.24652404956929075,88
3460,0,7219,2653,4566,0,0,0,1.0,1,1.0,1,1.0,1,0.23842168499971853,89
3461,4,7223,2653,4570,0,0,0,1.0,1,1.0,1,1.0,1,0.19927274119013877,89
3462,0,7223,2653,4570,0,0,0,1.0,1,1.0,1,1.0,1,0.20544198021089807,90
3463,2,7225,2653,4572,0,0,0,1.0,1,1.0,1,1.0,1,0.19517654163064224,89
3464,1,7226,2654,4572,0,0,0,1.0,1,1.0,1,1.0,1,0.19647165603478903,88
3465,0,7226,2654,4572,0,0,0,1.0,1,1.0,1,1.0,1,0.22396755594795206,87
3466,0,7226,2654,4572,0,0,0,1.0,1,1.0,1,1.0,1,0.22396755594795206,87
3467,0,7226,2654,4572,0,0,0,1.0,1,1.0,1,1.0,1,0.22200593241441915,87
3468,7,7233,2656,4577,0,0,0,1.0,1,1.0,1,1.0,1,0.1898538901106228,88
3469,3,7236,2657,4579,0,0,0,1.0,1,1.0,1,1.0,1,0.19756817267123325,85
3470,1,7237,2658,4579,0,0,0,1.0,1,1.0,1,1.0,1,0.21014832039395812,86
3471,2,7239,2660,4579,0,0,0,1.0,1,1.0,1,1.0,1,0.23816429702754935,84
3472,1,7240,2661,4579,0,0,0,1.0,1,1.0,1,1.0,1,0.25421522943166563,83
3473,0,7240,2661,4579,0,0,0,1.0,1,1.0,1,1.0,1,0.2577076051024792,81
3474,2,7242,2662,4580,0,0,0,1.0,1,1.0,1,1.0,1,0.21462421527424472,80
3475,4,7246,2663,4583,0,0,0,1.0,1,1.0,1,1.0,1,0.23150917051079717,82
3476,1,7247,2663,4584,0,0,0,1.0,1,1.0,1,1.0,1,0.19863691800849165,81
3477,2,7249,2665,4584,0,0,0,1.0,1,1.0,1,1.0,1,0.19263843587830193,83
3478,2,7251,2667,4584,0,0,0,1.0,1,1.0,1,1.0,1,0.219097276749562,83
3479,3,7254,2669,4585,0,0,0,1.0,1,1.0,1,1.0,1,0.2365514158591827,83
3480,1,7255,2669,4586,0,0,0,1.0,1,1.0,1,1.0,1,0.2293317773457718,83
3481,10,7265,2671,4594,0,0,0,1.0,1,1.0,1,1.0,1,0.20434220574047657,83
3482,4,7269,2672,4597,0,0,0,1.0,1,1.0,1,1.0,1,0.19670546710470327,83
3483,6,7275,2673,4602,0,0,0,1.0,1,1.0,1,1.0,1,0.1517468663432166,82
3484,2,7277,2674,4603,0,0,0,1.0,1,1.0,1,1.0,1,0.1776198510143707,82
3485,4,7281,2676,4605,0,0,0,1.0,1,1.0,1,1.0,1,0.19090311126346754,83
3486,3,7284,2676,4608,0,0,0,1.0,1,1.0,1,1.0,1,0.17978056067035753,83
3487,1,7285,2676,4609,0,0,0,1.0,1,1.0,1,1.0,1,0.19304765668901278,84
3488,3,7288,2676,4612,0,0,0,1.0,1,1.0,1,1.0,1,0.1847600715085554,84
3489,3,7291,2676,4615,0,0,0,1.0,1,1.0,1,1.0,1,0.18738630779393442,84
3490,4,7295,2676,4619,0,0,0,1.0,1,1.0,1,1.0,1,0.18738630779393442,84
3491,4,7299,2676,4623,0,0,0,1.0,1,1.0,1,1.0,1,0.17724572876196168,86
3492,4,7303,2677,4626,0,0,0,1.0,1,1.0,1,1.0,1,0.18550043522842882,86
3493,5,7308,2677,4631,0,0,0,1.0,1,1.0,1,1.0,1,0.1778884733999433,86
3494,2,7310,2677,4633,0,0,0,1.0,1,1.0,1,1.0,1,0.16942476625962297,86
3495,4,7314,2677,4637,0,0,0,1.0,1,1.0,1,1.0,1,0.18098239872502964,87
3496,6,7320,2678,4642,0,0,0,1.0,1,1.0,1,1.0,1,0.17537785532855635,88
3497,7,7327,2679,4648,0,0,0,1.0,1,1.0,1,1.0,1,0.15535831471165182,89
3498,3,7330,2679,4651,0,0,0,1.0,1,1.0,1,1.0,1,0.1627575643631881,89
3499,8,7338,2680,4658,0,0,0,1.0,1,1.0,1,1.0,1,0.15473355468108616,91
3500,4,7342,2681,4661,0,0,0,1.0,1,1.0,1,1.0,1,0.17140942809341272,90
3501,6,7348,2681,4667,0,0,0,1.0,1,1.0,1,1.0,1,0.1260384968355012,90
3502,0,7348,2681,4667,0,0,0,1.0,1,1.0,1,1.0,1,0.1269365339447245,91
3503,2,7350,2682,4668,0,0,0,1.0,1,1.0,1,1.0,1,0.13223278085844664,91
3504,3,7353,2685,4668,0,0,0,1.0,1,1.0,1,1.0,1,0.17918484333866877,89
3505,0,7353,2685,4668,0,0,0,1.0,1,1.0,1,1.0,1,0.19498912557206416,87
3506,4,7357,2689,4668,0,0,0,1.0,1,1.0,1,1.0,1,0.19906988143088516,87
3507,1,7358,2690,4668,0,0,0,1.0,1,1.0,1,1.0,1,0.19803256658768206,84
3508,3,7361,2693,4668,0,0,0,1.0,1,1.0,1,1.0,1,0.24445640269654775,83
3509,2,7363,2695,4668,0,0,0,1.0,1,1.0,1,1.0,1,0.253606485143915,80
3510,1,7364,2696,4668,0,0,0,1.0,1,1.0,1,1.0,1,0.26667623780897715,78
3511,1,7365,2697,4668,0,0,0,1.0,1,1.0,1,1.0,1,0.2737116956456322,77
3512,1,7366,2698,4668,0,0,0,1.0,1,1.0,1,1.0,1,0.2878355359435813,74
3513,4,7370,2700,4670,0,0,0,1.0,1,1.0,1,1.0,1,0.31351693725827595,76
3514,0,7370,2700,4670,0,0,0,1.0,1,1.0,1,1.0,1,0.3131594250119289,76
3515,2,7372,2701,4671,0,0,0,1.0,1,1.0,1,1.0,1,0.30246841942973623,75
3516,3,7375,2702,4673,0,0,0,1.0,1,1.0,1,1.0,1,0.3019508168376659,73
3517,4,7379,2704,4675,0,0,0,1.0,1,1.0,1,1.0,1,0.3173304037945107,74
3518,0,7379,2704,4675,0,0,0,1.0,1,1.0,1,1.0,1,0.33169433196718207,74
3519,0,7379,2704,4675,0,0,0,1.0,1,1.0,1,1.0,1,0.34333198263568915,73
3520,1,7380,2704,4676,0,0,0,1.0,1,1.0,1,1.0,1,0.32276623191502773,74
3521,13,7393,2704,4689,0,0,0,1.0,1,1.0,1,1.0,1,0.17792984883631255,75
3522,1,7394,2704,4690,0,0,0,1.0,1,1.0,1,1.0,1,0.1808289824084739,75
3523,0,7394,2704,4690,0,0,0,1.0,1,1.0,1,1.0,1,0.1808289824084739,75
3524,3,7397,2705,4692,0,0,0,1.0,1,1.0,1,1.0,1,0.18166359067418372,75
3525,0,7397,2705,4692,0,0,0,1.0,1,1.0,1,1.0,1,0.19036184521941685,75
3526,2,7399,2705,4694,0,0,0,1.0,1,1.0,1,1.0,1,0.19923873881962406,76
3527,3,7402,2707,4695,0,0,0,1.0,1,1.0,1,1.0,1,0.24062058509267512,77
3528,2,7404,2707,4697,0,0,0,1.0,1,1.0,1,1.0,1,0.24657948392415535,77
3529,0,7404,2707,4697,0,0,0,1.0,1,1.0,1,1.0,1,0.25530994628934955,78
3530,3,7407,2707,4700,0,0,0,1.0,1,1.0,1,1.0,1,0.24877373997643717,78
3531,3,7410,2708,4702,0,0,0,1.0,1,1.0,1,1.0,1,0.26291676969876104,79
3532,3,7413,2709,4704,0,0,0,1.0,1,1.0,1,1.0,1,0.29107925074884955,79
3533,7,7420,2710,4710,0,0,0,1.0,1,1.0,1,1.0,1,0.2823017535498046,79
3534,11,7431,2712,4719,0,0,0,1.0,1,1.0,1,1.0,1,0.29103541049526394,80
3535,4,7435,2712,4723,0,0,0,1.0,1,1.0,1,1.0,1,0.30891006411863403,81
3536,7,7442,2712,4730,0,0,0,1.0,1,1.0,1,1.0,1,0.3122490269052559,82
3537,5,7447,2712,4735,0,0,0,1.0,1,1.0,1,1.0,1,0.2989216021334134,82
3538,9,7456,2712,4744,0,0,0,1.0,1,1.0,1,1.0,1,0.3205805522496735,83
3539,5,7461,2712,4749,0,0,0,1.0,1,1.0,1,1.0,1,0.3031509043897004,83
3540,8,7469,2713,4756,0,0,0,1.0,1,1.0,1,1.0,1,0.3111176653641688,85
3541,9,7478,2713,4765,0,0,0,1.0,1,1.0,1,1.0,1,0.24213912738078622,85
3542,3,7481,2714,4767,0,0,0,1.0,1,1.0,1,1.0,1,0.20145025538150635,88
3543,1,7482,2715,4767,0,0,0,1.0,1,1.0,1,1.0,1,0.19674519831219733,87
3544,1,7483,2716,4767,0,0,0,1.0,1,1.0,1,1.0,1,0.19683649265818004,87
3545,1,7484,2717,4767,0,0,0,1.0,1,1.0,1,1.0,1,0.1956765658362878,85
3546,1,7485,2718,4767,0,0,0,1.0,1,1.0,1,1.0,1,0.19478568160796172,83
3547,1,7486,2718,4768,0,0,0,1.0,1,1.0,1,1.0,1,0.1840740799157413,82
3548,2,7488,2720,4768,0,0,0,1.0,1,1.0,1,1.0,1,0.1964166041544702,82
3549,1,7489,2720,4769,0,0,0,1.0,1,1.0,1,1.0,1,0.1807194861118452,81
3550,2,7491,2721,4770,0,0,0,1.0,1,1.0,1,1.0,1,0.1962904291092438,79
3551,1,7492,2722,4770,0,0,0,1.0,1,1.0,1,1.0,1,0.19591144590052506,80
3552,3,7495,2723,4772,0,0,0,1.0,1,1.0,1,1.0,1,0.19630390027045178,78
3553,0,7495,2723,4772,0,0,0,1.0,1,1.0,1,1.0,1,0.20215147042792755,79
3554,0,7495,2723,4772,0,0,0,1.0,1,1.0,1,1.0,1,0.21278259755255552,77
3555,1,7496,2724,4772,0,0,0,1.0,1,1.0,1,1.0,1,0.2198137838236909,77
3556,0,7496,2724,4772,0,0,0,1.0,1,1.0,1,1.0,1,0.22935327669143443,76
3557,0,7496,2724,4772,0,0,0,1.0,1,1.0,1,1.0,1,0.22955981194395955,76
3558,2,7498,2725,4773,0,0,0,1.0,1,1.0,1,1.0,1,0.2421293174130073,76
3559,2,7500,2725,4775,0,0,0,1.0,1,1.0,1,1.0,1,0.21975565964338886,76
3560,5,7505,2726,4779,0,0,0,1.0,1,1.0,1,1.0,1,0.20281831613401732,78
3561,6,7511,2727,4784,0,0,0,1.0,1,1.0,1,1.0,1,0.17673219754257274,79
3562,6,7517,2728,4789,0,0,0,1.0,1,1.0,1,1.0,1,0.14993842803174418,79
3563,3,7520,2729,4791,0,0,0,1.0,1,1.0,1,1.0,1,0.1531160482983999,79
3564,5,7525,2732,4793,0,0,0,1.0,1,1.0,1,1.0,1,0.1772258607191911,80
3565,2,7527,2733,4794,0,0,0,1.0,1,1.0,1,1.0,1,0.18219046633524721,83
3566,7,7534,2735,4799,0,0,0,1.0,1,1.0,1,1.0,1,0.20944204112536444,84
3567,4,7538,2735,4803,0,0,0,1.0,1,1.0,1,1.0,1,0.19602421973744677,84
3568,7,7545,2736,4809,0,0,0,1.0,1,1.0,1,1.0,1,0.2132209697087548,84
3569,5,7550,2736,4814,0,0,0,1.0,1,1.0,1,1.0,1,0.20622956214272323,84
3570,14,7564,2739,4825,0,0,0,1.0,1,1.0,1,1.0,1,0.20011562075849074,87
3571,5,7569,2739,4830,0,0,0,1.0,1,1.0,1,1.0,1,0.18239006699783647,86
3572,5,7574,2740,4834,0,0,0,1.0,1,1.0,1,1.0,1,0.19688713885508394,87
3573,6,7580,2741,4839,0,0,0,1.0,1,1.0,1,1.0,1,0.17728083632925393,87
3574,5,7585,2742,4843,0,0,0,1.0,1,1.0,1,1.0,1,0.1811242382538924,88
3575,5,7590,2742,4848,0,0,0,1.0,1,1.0,1,1.0,1,0.16133647649047786,88
3576,5,7595,2743,4852,0,0,0,1.0,1,1.0,1,1.0,1,0.14177129158464324,90
3577,3,7598,2743,4855,0,0,0,1.0,1,1.0,1,1.0,1,0.1287491279451744,90
3578,2,7600,2743,4857,0,0,0,1.0,1,1.0,1,1.0,1,0.130112932207446,91
3579,1,7601,2744,4857,0,0,0,1.0,1,1.0,1,1.0,1,0.1326844682110598,91
3580,5,7606,2744,4862,0,0,0,1.0,1,1.0,1,1.0,1,0.15779665005927723,91
3581,3,7609,2745,4864,0,0,0,1.0,1,1.0,1,1.0,1,0.13531298215104123,91
3582,5,7614,2748,4866,0,0,0,1.0,1,1.0,1,1.0,1,0.1418588448410835,92
3583,1,7615,2748,4867,0,0,0,1.0,1,1.0,1,1.0,1,0.1402021803486933,88
3584,5,7620,2751,4869,0,0,0,1.0,1,1.0,1,1.0,1,0.15209705775669077,87
3585,7,7627,2754,4873,0,0,0,1.0,1,1.0,1,1.0,1,0.12364983594821664,84
3586,2,7629,2756,4873,0,0,0,1.0,1,1.0,1,1.0,1,0.15310297025361738,83
3587,1,7630,2757,4873,0,0,0,1.0,1,1.0,1,1.0,1,0.1709734346396662,82
3588,3,7633,2760,4873,0,0,0,1.0,1,1.0,1,1.0,1,0.17084982693937026,81
3589,2,7635,2762,4873,0,0,0,1.0,1,1.0,1,1.0,1,0.17705376895904987,80
3590,3,7638,2764,4874,0,0,0,1.0,1,1.0,1,1.0,1,0.18602043346433636,78
3591,3,7641,2767,4874,0,0,0,1.0,1,1.0,1,1.0,1,0.1751478167620272,77
3592,1,7642,2768,4874,0,0,0,1.0,1,1.0,1,1.0,1,0.18330757416304755,75
3593,0,7642,2768,4874,0,0,0,1.0,1,1.0,1,1.0,1,0.19840248554749448,76
3594,1,7643,2769,4874,0,0,0,1.0,1,1.0,1,1.0,1,0.20945393696720152,74
3595,2,7645,2771,4874,0,0,0,1.0,1,1.0,1,1.0,1,0.22318562569961203,74
3596,2,7647,2772,4875,0,0,0,1.0,1,1.0,1,1.0,1,0.21504230229060214,73
3597,2,7649,2774,4875,0,0,0,1.0,1,1.0,1,1.0,1,0.2207317423656597,73
3598,2,7651,2776,4875,0,0,0,1.0,1,1.0,1,1.0,1,0.2376309388298528,73
3599,1,7652,2777,4875,0,0,0,1.0,1,1.0,1,1.0,1,0.23850871410191576,73
3600,0,7652,2777,4875,0,0,0,1.0,1,1.0,1,1.0,1,0.2332177136060983,74
3601,8,7660,2779,4881,0,0,0,1.0,1,1.0,1,1.0,1,0.20454007567061255,75
3602,2,7662,2779,4883,0,0,0,1.0,1,1.0,1,1.0,1,0.15559104189500164,76
3603,1,7663,2779,4884,0,0,0,1.0,1,1.0,1,1.0,1,0.14465417551379134,77
3604,2,7665,2780,4885,0,0,0,1.0,1,1.0,1,1.0,1,0.1598420440654285,78
3605,1,7666,2781,4885,0,0,0,1.0,1,1.0,1,1.0,1,0.1633944843210449,77
3606,2,7668,2781,4887,0,0,0,1.0,1,1.0,1,1.0,1,0.16161125522767497,79
3607,6,7674,2782,4892,0,0,0,1.0,1,1.0,1,1.0,1,0.12013704245207264,79
3608,1,7675,2782,4893,0,0,0,1.0,1,1.0,1,1.0,1,0.10785967008468514,79
3609,0,7675,2782,4893,0,0,0,1.0,1,1.0,1,1.0,1,0.10785967008468514,79
3610,3,7678,2784,4894,0,0,0,1.0,1,1.0,1,1.0,1,0.11301417711134416,80
3611,1,7679,2785,4894,0,0,0,1.0,1,1.0,1,1.0,1,0.11139271391278406,80
3612,2,7681,2787,4894,0,0,0,1.0,1,1.0,1,1.0,1,0.14840773896621914,79
3613,3,7684,2789,4895,0,0,0,1.0,1,1.0,1,1.0,1,0.15121488847494968,79
3614,3,7687,2792,4895,0,0,0,1.0,1,1.0,1,1.0,1,0.1575277898356931,78
3615,0,7687,2792,4895,0,0,0,1.0,1,1.0,1,1.0,1,0.14681904422750114,79
3616,1,7688,2793,4895,0,0,0,1.0,1,1.0,1,1.0,1,0.16511299158947634,79
3617,3,7691,2795,4896,0,0,0,1.0,1,1.0,1,1.0,1,0.18267124725617295,80
3618,2,7693,2796,4897,0,0,0,1.0,1,1.0,1,1.0,1,0.2016834110889055,82
3619,5,7698,2797,4901,0,0,0,1.0,1,1.0,1,1.0,1,0.18252327888022318,82
3620,2,7700,2798,4902,0,0,0,1.0,1,1.0,1,1.0,1,0.19128771944388162,81
3621,6,7706,2799,4907,0,0,0,1.0,1,1.0,1,1.0,1,0.17841289498830912,83
3622,1,7707,2800,4907,0,0,0,1.0,1,1.0,1,1.0,1,0.18760415579942394,81
3623,2,7709,2802,4907,0,0,0,1.0,1,1.0,1,1.0,1,0.2117579119448975,81
3624,1,7710,2803,4907,0,0,0,1.0,1,1.0,1,1.0,1,0.21031277624826256,79
3625,5,7715,2806,4909,0,0,0,1.0,1,1.0,1,1.0,1,0.226453772299696,80
3626,1,7716,2806,4910,0,0,0,1.0,1,1.0,1,1.0,1,0.19819009439695282,78
3627,2,7718,2806,4912,0,0,0,1.0,1,1.0,1,1.0,1,0.20327692341957185,78
3628,0,7718,2806,4912,0,0,0,1.0,1,1.0,1,1.0,1,0.18783818235106503,77
3629,1,7719,2806,4913,0,0,0,1.0,1,1.0,1,1.0,1,0.17486413593582065,76
3630,0,7719,2806,4913,0,0,0,1.0,1,1.0,1,1.0,1,0.17438200911887392,77
3631,1,7720,2807,4913,0,0,0,1.0,1,1.0,1,1.0,1,0.18199073097795973,75
3632,2,7722,2809,4913,0,0,0,1.0,1,1.0,1,1.0,1,0.18702284794065385,74
3633,3,7725,2811,4914,0,0,0,1.0,1,1.0,1,1.0,1,0.19257953357812457,75
3634,0,7725,2811,4914,0,0,0,1.0,1,1.0,1,1.0,1,0.1946284592103246,74
3635,2,7727,2812,4915,0,0,0,1.0,1,1.0,1,1.0,1,0.1865989047787094,74
3636,0,7727,2812,4915,0,0,0,1.0,1,1.0,1,1.0,1,0.19411253261480327,74
3637,1,7728,2812,4916,0,0,0,1.0,1,1.0,1,1.0,1,0.19440534445565932,74
3638,1,7729,2812,4917,0,0,0,1.0,1,1.0,1,1.0,1,0.19043841205965933,75
3639,4,7733,2816,4917,0,0,0,1.0,1,1.0,1,1.0,1,0.20145520006952494,76
3640,0,7733,2816,4917,0,0,0,1.0,1,1.0,1,1.0,1,0.20145520006952494,76
3641,10,7743,2818,4925,0,0,0,1.0,1,1.0,1,1.0,1,0.19434028043389723,75
3642,8,7751,2820,4931,0,0,0,1.0,1,1.0,1,1.0,1,0.18494436796440733,75
3643,2,7753,2820,4933,0,0,0,1.0,1,1.0,1,1.0,1,0.16724937136476428,74
3644,0,7753,2820,4933,0,0,0,1.0,1,1.0,1,1.0,1,0.16724937136476428,74
3645,0,7753,2820,4933,0,0,0,1.0,1,1.0,1,1.0,1,0.16724937136476428,74
3646,0,7753,2820,4933,0,0,0,1.0,1,1.0,1,1.0,1,0.1584529470052044,75
3647,2,7755,2820,4935,0,0,0,1.0,1,1.0,1,1.0,1,0.13139295967386186,77
3648,0,7755,2820,4935,0,0,0,1.0,1,1.0,1,1.0,1,0.13300420715142436,78
3649,0,7755,2820,4935,0,0,0,1.0,1,1.0,1,1.0,1,0.14785861714472018,80
3650,1,7756,2821,4935,0,0,0,1.0,1,1.0,1,1.0,1,0.1618965215097087,81
3651,1,7757,2821,4936,0,0,0,1.0,1,1.0,1,1.0,1,0.15701766443444012,81
3652,1,7758,2822,4936,0,0,0,1.0,1,1.0,1,1.0,1,0.17364016498379742,83
3653,1,7759,2822,4937,0,0,0,1.0,1,1.0,1,1.0,1,0.1705043282626158,83
3654,0,7759,2822,4937,0,0,0,1.0,1,1.0,1,1.0,1,0.1705043282626158,83
3655,1,7760,2822,4938,0,0,0,1.0,1,1.0,1,1.0,1,0.1722336317235076,84
3656,6,7766,2822,4944,0,0,0,1.0,1,1.0,1,1.0,1,0.13425191165785585,85
3657,3,7769,2823,4946,0,0,0,1.0,1,1.0,1,1.0,1,0.16486701411609803,86
3658,7,7776,2825,4951,0,0,0,1.0,1,1.0,1,1.0,1,0.17670292927917594,87
3659,5,7781,2825,4956,0,0,0,1.0,1,1.0,1,1.0,1,0.17353243195704063,87
3660,3,7784,2825,4959,0,0,0,1.0,1,1.0,1,1.0,1,0.1739160310580295,86
3661,4,7788,2826,4962,0,0,0,1.0,1,1.0,1,1.0,1,0.18276690939127757,86
3662,0,7788,2826,4962,0,0,0,1.0,1,1.0,1,1.0,1,0.1790382016822697,83
3663,3,7791,2829,4962,0,0,0,1.0,1,1.0,1,1.0,1,0.22833730066311772,85
3664,2,7793,2830,4963,0,0,0,1.0,1,1.0,1,1.0,1,0.2225866339085019,82
3665,2,7795,2831,4964,0,0,0,1.0,1,1.0,1,1.0,1,0.21557233508228577,81
3666,4,7799,2834,4965,0,0,0,1.0,1,1.0,1,1.0,1,0.2289142485096479,79
3667,2,7801,2835,4966,0,0,0,1.0,1,1.0,1,1.0,1,0.23035702588144866,79
3668,3,7804,2837,4967,0,0,0,1.0,1,1.0,1,1.0,1,0.2098434367043575,77
3669,1,7805,2838,4967,0,0,0,1.0,1,1.0,1,1.0,1,0.2185477849810362,75
3670,3,7808,2841,4967,0,0,0,1.0,1,1.0,1,1.0,1,0.24343967331076796,76
3671,1,7809,2842,4967,0,0,0,1.0,1,1.0,1,1.0,1,0.22042534963356034,74
3672,1,7810,2843,4967,0,0,0,1.0,1,1.0,1,1.0,1,0.21826148582195265,75
3673,0,7810,2843,4967,0,0,0,1.0,1,1.0,1,1.0,1,0.21826148582195265,75
3674,2,7812,2845,4967,0,0,0,1.0,1,1.0,1,1.0,1,0.2355061620781537,75
3675,0,7812,2845,4967,0,0,0,1.0,1,1.0,1,1.0,1,0.23664859613188902,75
3676,1,7813,2846,4967,0,0,0,1.0,1,1.0,1,1.0,1,0.2270647621658897,75
3677,0,7813,2846,4967,0,0,0,1.0,1,1.0,1,1.0,1,0.23341102675027442,75
3678,3,7816,2847,4969,0,0,0,1.0,1,1.0,1,1.0,1,0.23831696576179426,77
3679,0,7816,2847,4969,0,0,0,1.0,1,1.0,1,1.0,1,0.24107020111241578,78
3680,1,7817,2847,4970,0,0,0,1.0,1,1.0,1,1.0,1,0.2419587626321783,80
3681,12,7829,2847,4982,0,0,0,1.0,1,1.0,1,1.0,1,0.17185182633442206,81
3682,1,7830,2847,4983,0,0,0,1.0,1,1.0,1,1.0,1,0.1597189108728607,81
3683,1,7831,2848,4983,0,0,0,1.0,1,1.0,1,1.0,1,0.17108887271022313,81
3684,0,7831,2848,4983,0,0,0,1.0,1,1.0,1,1.0,1,0.17108887271022313,81
3685,0,7831,2848,4983,0,0,0,1.0,1,1.0,1,1.0,1,0.17108887271022313,81
3686,0,7831,2848,4983,0,0,0,1.0,1,1.0,1,1.0,1,0.17108887271022313,81
3687,0,7831,2848,4983,0,0,0,1.0,1,1.0,1,1.0,1,0.16271736497476408,82
3688,2,7833,2848,4985,0,0,0,1.0,1,1.0,1,1.0,1,0.17204323285822926,84
3689,0,7833,2848,4985,0,0,0,1.0,1,1.0,1,1.0,1,0.17204323285822926,84
3690,1,7834,2849,4985,0,0,0,1.0,1,1.0,1,1.0,1,0.18012525669471657,85
3691,1,7835,2849,4986,0,0,0,1.0,1,1.0,1,1.0,1,0.1709392066044784,86
3692,2,7837,2849,4988,0,0,0,1.0,1,1.0,1,1.0,1,0.16684978551161236,86
3693,0,7837,2849,4988,0,0,0,1.0,1,1.0,1,1.0,1,0.16684978551161236,86
3694,0,7837,2849,4988,0,0,0,1.0,1,1.0,1,1.0,1,0.16684978551161236,86
3695,3,7840,2852,4988,0,0,0,1.0,1,1.0,1,1.0,1,0.20183069631404282,86
3696,2,7842,2852,4990,0,0,0,1.0,1,1.0,1,1.0,1,0.17407446265140286,87
3697,1,7843,2853,4990,0,0,0,1.0,1,1.0,1,1.0,1,0.17983160340336046,85
3698,1,7844,2854,4990,0,0,0,1.0,1,1.0,1,1.0,1,0.1862989965330782,85
3699,1,7845,2855,4990,0,0,0,1.0,1,1.0,1,1.0,1,0.17751709908754368,85
3700,4,7849,2858,4991,0,0,0,1.0,1,1.0,1,1.0,1,0.18580466585303607,84
3701,2,7851,2858,4993,0,0,0,1.0,1,1.0,1,1.0,1,0.17948359580489992,85
3702,3,7854,2860,4994,0,0,0,1.0,1,1.0,1,1.0,1,0.18489012327894683,85
3703,0,7854,2860,4994,0,0,0,1.0,1,1.0,1,1.0,1,0.18489012327894683,85
3704,1,7855,2860,4995,0,0,0,1.0,1,1.0,1,1.0,1,0.1724879409564354,85
3705,0,7855,2860,4995,0,0,0,1.0,1,1.0,1,1.0,1,0.16328822190454242,86
3706,1,7856,2861,4995,0,0,0,1.0,1,1.0,1,1.0,1,0.1715416290585516,86
3707,1,7857,2862,4995,0,0,0,1.0,1,1.0,1,1.0,1,0.18026164858643642,85
3708,2,7859,2862,4997,0,0,0,1.0,1,1.0,1,1.0,1,0.17466290252534977,84
3709,0,7859,2862,4997,0,0,0,1.0,1,1.0,1,1.0,1,0.18088589821504478,85
3710,0,7859,2862,4997,0,0,0,1.0,1,1.0,1,1.0,1,0.16984160849989705,84
3711,1,7860,2862,4998,0,0,0,1.0,1,1.0,1,1.0,1,0.17605625677541048,85
3712,2,7862,2863,4999,0,0,0,1.0,1,1.0,1,1.0,1,0.17077063003216789,85
3713,0,7862,2863,4999,0,0,0,1.0,1,1.0,1,1.0,1,0.17077063003216789,85
3714,3,7865,2864,5001,0,0,0,1.0,1,1.0,1,1.0,1,0.18998941299427433,85
3715,2,7867,2865,5002,0,0,0,1.0,1,1.0,1,1.0,1,0.18955135594706043,85
3716,3,7870,2865,5005,0,0,0,1.0,1,1.0,1,1.0,1,0.20805092698904742,84
3717,2,7872,2865,5007,0,0,0,1.0,1,1.0,1,1.0,1,0.2083150587915027,86
3718,0,7872,2865,5007,0,0,0,1.0,1,1.0,1,1.0,1,0.22009575081141813,85
3719,1,7873,2866,5007,0,0,0,1.0,1,1.0,1,1.0,1,0.2167561381334829,84
3720,0,7873,2866,5007,0,0,0,1.0,1,1.0,1,1.0,1,0.23769249732800946,84
3721,7,7880,2869,5011,0,0,0,1.0,1,1.0,1,1.0,1,0.1942418422679969,85
3722,1,7881,2869,5012,0,0,0,1.0,1,1.0,1,1.0,1,0.18934952107995534,85
3723,4,7885,2869,5016,0,0,0,1.0,1,1.0,1,1.0,1,0.17835100313114782,85
3724,2,7887,2869,5018,0,0,0,1.0,1,1.0,1,1.0,1,0.16721739550472206,86
3725,1,7888,2869,5019,0,0,0,1.0,1,1.0,1,1.0,1,0.16188668709741585,86
3726,0,7888,2869,5019,0,0,0,1.0,1,1.0,1,1.0,1,0.16188668709741585,86
3727,0,7888,2869,5019,0,0,0,1.0,1,1.0,1,1.0,1,0.16188668709741585,86
3728,0,7888,2869,5019,0,0,0,1.0,1,1.0,1,1.0,1,0.16188668709741585,86
3729,1,7889,2869,5020,0,0,0,1.0,1,1.0,1,1.0,1,0.15840218052786934,86
3730,0,7889,2869,5020,0,0,0,1.0,1,1.0,1,1.0,1,0.16545235719855353,85
3731,2,7891,2869,5022,0,0,0,1.0,1,1.0,1,1.0,1,0.15439945581672593,86
3732,1,7892,2870,5022,0,0,0,1.0,1,1.0,1,1.0,1,0.16383648875871104,87
3733,1,7893,2871,5022,0,0,0,1.0,1,1.0,1,1.0,1,0.1794276865730939,87
3734,0,7893,2871,5022,0,0,0,1.0,1,1.0,1,1.0,1,0.1794276865730939,87
3735,3,7896,2873,5023,0,0,0,1.0,1,1.0,1,1.0,1,0.19827750227624083,86
3736,2,7898,2873,5025,0,0,0,1.0,1,1.0,1,1.0,1,0.18450467978470927,87
3737,2,7900,2874,5026,0,0,0,1.0,1,1.0,1,1.0,1,0.19026847939268723,87
3738,0,7900,2874,5026,0,0,0,1.0,1,1.0,1,1.0,1,0.1960854719817301,87
3739,2,7902,2875,5027,0,0,0,1.0,1,1.0,1,1.0,1,0.17529606077056337,88
3740,3,7905,2877,5028,0,0,0,1.0,1,1.0,1,1.0,1,0.17302393157198134,87
3741,1,7906,2877,5029,0,0,0,1.0,1,1.0,1,1.0,1,0.1653344053839204,87
3742,2,7908,2878,5030,0,0,0,1.0,1,1.0,1,1.0,1,0.15151982335481765,86
3743,0,7908,2878,5030,0,0,0,1.0,1,1.0,1,1.0,1,0.16873684405785855,84
3744,1,7909,2879,5030,0,0,0,1.0,1,1.0,1,1.0,1,0.20219550977681947,83
3745,1,7910,2880,5030,0,0,0,1.0,1,1.0,1,1.0,1,0.19180809292764653,83
3746,3,7913,2881,5032,0,0,0,1.0,1,1.0,1,1.0,1,0.20313772255766543,83
3747,1,7914,2882,5032,0,0,0,1.0,1,1.0,1,1.0,1,0.19687159928123754,81
3748,4,7918,2884,5034,0,0,0,1.0,1,1.0,1,1.0,1,0.1728299903988028,81
3749,1,7919,2884,5035,0,0,0,1.0,1,1.0,1,1.0,1,0.16733902470293902,80
3750,1,7920,2885,5035,0,0,0,1.0,1,1.0,1,1.0,1,0.16671372908482512,79
3751,4,7924,2889,5035,0,0,0,1.0,1,1.0,1,1.0,1,0.17791005955749892,80
3752,3,7927,2891,5036,0,0,0,1.0,1,1.0,1,1.0,1,0.20143633690630658,80
3753,5,7932,2895,5037,0,0,0,1.0,1,1.0,1,1.0,1,0.22555449633921928,81
3754,2,7934,2895,5039,0,0,0,1.0,1,1.0,1,1.0,1,0.24274952853367063,81
3755,2,7936,2896,5040,0,0,0,1.0,1,1.0,1,1.0,1,0.23354128836576502,80
3756,1,7937,2897,5040,0,0,0,1.0,1,1.0,1,1.0,1,0.2487935934125188,79
3757,2,7939,2898,5041,0,0,0,1.0,1,1.0,1,1.0,1,0.24433502862667106,80
3758,1,7940,2899,5041,0,0,0,1.0,1,1.0,1,1.0,1,0.26312633381732586,79
3759,1,7941,2900,5041,0,0,0,1.0,1,1.0,1,1.0,1,0.2780237608564754,79
3760,2,7943,2900,5043,0,0,0,1.0,1,1.0,1,1.0,1,0.2587880569279341,79
3761,5,7948,2900,5048,0,0,0,1.0,1,1.0,1,1.0,1,0.23259278902877234,78
3762,0,7948,2900,5048,0,0,0,1.0,1,1.0,1,1.0,1,0.22952215999492667,80
3763,2,7950,2900,5050,0,0,0,1.0,1,1.0,1,1.0,1,0.21900688458946677,80
3764,2,7952,2902,5050,0,0,0,1.0,1,1.0,1,1.0,1,0.2457065131650944,80
3765,3,7955,2902,5053,0,0,0,1.0,1,1.0,1,1.0,1,0.23279305441576137,81
3766,5,7960,2903,5057,0,0,0,1.0,1,1.0,1,1.0,1,0.2137046989183291,83
3767,1,7961,2903,5058,0,0,0,1.0,1,1.0,1,1.0,1,0.21252591721248287,83
3768,4,7965,2904,5061,0,0,0,1.0,1,1.0,1,1.0,1,0.20910648500224843,84
3769,7,7972,2904,5068,0,0,0,1.0,1,1.0,1,1.0,1,0.17083687284938645,86
3770,2,7974,2904,5070,0,0,0,1.0,1,1.0,1,1.0,1,0.1802240101030477,87
3771,5,7979,2905,5074,0,0,0,1.0,1,1.0,1,1.0,1,0.17979850704101685,87
3772,2,7981,2905,5076,0,0,0,1.0,1,1.0,1,1.0,1,0.19449051164040193,88
3773,2,7983,2905,5078,0,0,0,1.0,1,1.0,1,1.0,1,0.21248163732469214,85
3774,4,7987,2905,5082,0,0,0,1.0,1,1.0,1,1.0,1,0.21221201425113886,85
3775,7,7994,2906,5088,0,0,0,1.0,1,1.0,1,1.0,1,0.22470990193347107,83
3776,8,8002,2907,5095,0,0,0,1.0,1,1.0,1,1.0,1,0.22523134930773606,82
3777,6,8008,2907,5101,0,0,0,1.0,1,1.0,1,1.0,1,0.20230604186611598,81
3778,6,8014,2907,5107,0,0,0,1.0,1,1.0,1,1.0,1,0.19795651058566627,81
3779,7,8021,2909,5112,0,0,0,1.0,1,1.0,1,1.0,1,0.2183108288728378,80
3780,4,8025,2909,5116,0,0,0,1.0,1,1.0,1,1.0,1,0.21737301149887747,80
3781,3,8028,2909,5119,0,0,0,1.0,1,1.0,1,1.0,1,0.19047104405433893,80
3782,2,8030,2910,5120,0,0,0,1.0,1,1.0,1,1.0,1,0.1986257691500825,80
3783,1,8031,2911,5120,0,0,0,1.0,1,1.0,1,1.0,1,0.20692809367059328,80
3784,0,8031,2911,5120,0,0,0,1.0,1,1.0,1,1.0,1,0.21459079881228652,79
3785,0,8031,2911,5120,0,0,0,1.0,1,1.0,1,1.0,1,0.23414851530869935,77
3786,2,8033,2913,5120,0,0,0,1.0,1,1.0,1,1.0,1,0.2105517634583784,78
3787,1,8034,2914,5120,0,0,0,1.0,1,1.0,1,1.0,1,0.20903673895223931,77
3788,3,8037,2916,5121,0,0,0,1.0,1,1.0,1,1.0,1,0.2145692957804107,78
3789,2,8039,2917,5122,0,0,0,1.0,1,1.0,1,1.0,1,0.20871768006777813,77
3790,3,8042,2918,5124,0,0,0,1.0,1,1.0,1,1.0,1,0.20680332874198934,77
3791,2,8044,2920,5124,0,0,0,1.0,1,1.0,1,1.0,1,0.23239250586689678,77
3792,0,8044,2920,5124,0,0,0,1.0,1,1.0,1,1.0,1,0.2200008421294577,78
3793,3,8047,2922,5125,0,0,0,1.0,1,1.0,1,1.0,1,0.20718267879891433,80
3794,2,8049,2923,5126,0,0,0,1.0,1,1.0,1,1.0,1,0.1926389885198952,82
3795,2,8051,2923,5128,0,0,0,1.0,1,1.0,1,1.0,1,0.1892605870464304,83
3796,0,8051,2923,5128,0,0,0,1.0,1,1.0,1,1.0,1,0.1892605870464304,83
3797,0,8051,2923,5128,0,0,0,1.0,1,1.0,1,1.0,1,0.19838266013668407,82
3798,1,8052,2924,5128,0,0,0,1.0,1,1.0,1,1.0,1,0.20675301432230264,82
3799,3,8055,2924,5131,0,0,0,1.0,1,1.0,1,1.0,1,0.18920899686908377,83
3800,1,8056,2925,5131,0,0,0,1.0,1,1.0,1,1.0,1,0.2168028698335467,83
3801,7,8063,2926,5137,0,0,0,1.0,1,1.0,1,1.0,1,0.1748796806534783,83
3802,0,8063,2926,5137,0,0,0,1.0,1,1.0,1,1.0,1,0.19132215607017866,82
3803,1,8064,2926,5138,0,0,0,1.0,1,1.0,1,1.0,1,0.18475342262517017,84
3804,0,8064,2926,5138,0,0,0,1.0,1,1.0,1,1.0,1,0.18475342262517017,84
3805,4,8068,2927,5141,0,0,0,1.0,1,1.0,1,1.0,1,0.19770503838382283,86
3806,2,8070,2928,5142,0,0,0,1.0,1,1.0,1,1.0,1,0.18372993836036106,86
3807,1,8071,2929,5142,0,0,0,1.0,1,1.0,1,1.0,1,0.19695627698438958,86
3808,1,8072,2930,5142,0,0,0,1.0,1,1.0,1,1.0,1,0.19224015873611044,85
3809,1,8073,2931,5142,0,0,0,1.0,1,1.0,1,1.0,1,0.2025420916286427,85
3810,0,8073,2931,5142,0,0,0,1.0,1,1.0,1,1.0,1,0.2025420916286427,85
3811,2,8075,2933,5142,0,0,0,1.0,1,1.0,1,1.0,1,0.20645617579883682,84
3812,0,8075,2933,5142,0,0,0,1.0,1,1.0,1,1.0,1,0.20466920836268576,83
3813,0,8075,2933,5142,0,0,0,1.0,1,1.0,1,1.0,1,0.1958189558299207,82
3814,1,8076,2934,5142,0,0,0,1.0,1,1.0,1,1.0,1,0.20506632790810805,81
3815,1,8077,2934,5143,0,0,0,1.0,1,1.0,1,1.0,1,0.17679067548451752,82
3816,3,8080,2935,5145,0,0,0,1.0,1,1.0,1,1.0,1,0.1499015556104492,81
3817,2,8082,2936,5146,0,0,0,1.0,1,1.0,1,1.0,1,0.16285678142613122,81
3818,2,8084,2938,5146,0,0,0,1.0,1,1.0,1,1.0,1,0.19698634380474297,81
3819,2,8086,2939,5147,0,0,0,1.0,1,1.0,1,1.0,1,0.21915122247348273,82
3820,4,8090,2939,5151,0,0,0,1.0,1,1.0,1,1.0,1,0.20407387302843663,84
3821,6,8096,2940,5156,0,0,0,1.0,1,1.0,1,1.0,1,0.20323819857899006,84
3822,1,8097,2940,5157,0,0,0,1.0,1,1.0,1,1.0,1,0.17588416297007894,82
3823,3,8100,2943,5157,0,0,0,1.0,1,1.0,1,1.0,1,0.17229800572254092,81
3824,0,8100,2943,5157,0,0,0,1.0,1,1.0,1,1.0,1,0.18065435632170973,78
3825,0,8100,2943,5157,0,0,0,1.0,1,1.0,1,1.0,1,0.19325807558944677,76
3826,1,8101,2944,5157,0,0,0,1.0,1,1.0,1,1.0,1,0.2158838807463399,76
3827,1,8102,2945,5157,0,0,0,1.0,1,1.0,1,1.0,1,0.2123385320697408,75
3828,1,8103,2946,5157,0,0,0,1.0,1,1.0,1,1.0,1,0.24029510240737328,74
3829,2,8105,2946,5159,0,0,0,1.0,1,1.0,1,1.0,1,0.23912301988173634,74
3830,0,8105,2946,5159,0,0,0,1.0,1,1.0,1,1.0,1,0.23912301988173634,74
3831,4,8109,2948,5161,0,0,0,1.0,1,1.0,1,1.0,1,0.2533704590743687,74
3832,0,8109,2948,5161,0,0,0,1.0,1,1.0,1,1.0,1,0.2572819164592598,73
3833,4,8113,2951,5162,0,0,0,1.0,1,1.0,1,1.0,1,0.24340242091607844,73
3834,0,8113,2951,5162,0,0,0,1.0,1,1.0,1,1.0,1,0.24058171271686346,74
3835,2,8115,2953,5162,0,0,0,1.0,1,1.0,1,1.0,1,0.26195728271052166,75
3836,3,8118,2953,5165,0,0,0,1.0,1,1.0,1,1.0,1,0.25083493847336813,75
3837,2,8120,2954,5166,0,0,0,1.0,1,1.0,1,1.0,1,0.28392272454078366,78
3838,3,8123,2956,5167,0,0,0,1.0,1,1.0,1,1.0,1,0.2648336282664598,78
3839,0,8123,2956,5167,0,0,0,1.0,1,1.0,1,1.0,1,0.2703742064996816,79
3840,3,8126,2957,5169,0,0,0,1.0,1,1.0,1,1.0,1,0.27820641349050745,82
3841,8,8134,2957,5177,0,0,0,1.0,1,1.0,1,1.0,1,0.1991374076440096,82
3842,0,8134,2957,5177,0,0,0,1.0,1,1.0,1,1.0,1,0.1970500248857844,82
3843,1,8135,2957,5178,0,0,0,1.0,1,1.0,1,1.0,1,0.18164764623060092,82
3844,0,8135,2957,5178,0,0,0,1.0,1,1.0,1,1.0,1,0.177707755836035,83
3845,0,8135,2957,5178,0,0,0,1.0,1,1.0,1,1.0,1,0.17846279071175114,84
3846,3,8138,2958,5180,0,0,0,1.0,1,1.0,1,1.0,1,0.16433180074090256,85
3847,0,8138,2958,5180,0,0,0,1.0,1,1.0,1,1.0,1,0.176114161112758,84
3848,2,8140,2960,5180,0,0,0,1.0,1,1.0,1,1.0,1,0.19514113228100347,84
3849,1,8141,2960,5181,0,0,0,1.0,1,1.0,1,1.0,1,0.17844480500289792,83
3850,0,8141,2960,5181,0,0,0,1.0,1,1.0,1,1.0,1,0.19946644852430945,80
3851,1,8142,2960,5182,0,0,0,1.0,1,1.0,1,1.0,1,0.19473671019652639,80
3852,0,8142,2960,5182,0,0,0,1.0,1,1.0,1,1.0,1,0.20649832908704965,79
3853,1,8143,2961,5182,0,0,0,1.0,1,1.0,1,1.0,1,0.21166981371305743,79
3854,2,8145,2963,5182,0,0,0,1.0,1,1.0,1,1.0,1,0.24002432388871614,78
3855,1,8146,2964,5182,0,0,0,1.0,1,1.0,1,1.0,1,0.26102865047103446,78
3856,1,8147,2965,5182,0,0,0,1.0,1,1.0,1,1.0,1,0.2817897963877204,80
3857,3,8150,2966,5184,0,0,0,1.0,1,1.0,1,1.0,1,0.26304297521728837,81
3858,1,8151,2967,5184,0,0,0,1.0,1,1.0,1,1.0,1,0.27073672011660993,81
3859,0,8151,2967,5184,0,0,0,1.0,1,1.0,1,1.0,1,0.28007837390463647,83
3860,2,8153,2969,5184,0,0,0,1.0,1,1.0,1,1.0,1,0.3117531498369215,82
3861,12,8165,2970,5195,0,0,0,1.0,1,1.0,1,1.0,1,0.26736017365697895,84
3862,5,8170,2971,5199,0,0,0,1.0,1,1.0,1,1.0,1,0.2558352150968198,85
3863,2,8172,2971,5201,0,0,0,1.0,1,1.0,1,1.0,1,0.25248381579335116,84
3864,1,8173,2972,5201,0,0,0,1.0,1,1.0,1,1.0,1,0.24884384757077127,83
3865,1,8174,2973,5201,0,0,0,1.0,1,1.0,1,1.0,1,0.2446434507552558,82
3866,0,8174,2973,5201,0,0,0,1.0,1,1.0,1,1.0,1,0.2448701355536063,81
3867,4,8178,2977,5201,0,0,0,1.0,1,1.0,1,1.0,1,0.23874353703481116,81
3868,1,8179,2978,5201,0,0,0,1.0,1,1.0,1,1.0,1,0.2510268558471046,81
3869,6,8185,2982,5203,0,0,0,1.0,1,1.0,1,1.0,1,0.23864343939833468,81
3870,0,8185,2982,5203,0,0,0,1.0,1,1.0,1,1.0,1,0.22950404655435247,80
3871,2,8187,2984,5203,0,0,0,1.0,1,1.0,1,1.0,1,0.23192265158109657,82
3872,2,8189,2985,5204,0,0,0,1.0,1,1.0,1,1.0,1,0.23784086373606125,81
3873,4,8193,2987,5206,0,0,0,1.0,1,1.0,1,1.0,1,0.23455351142684205,81
3874,3,8196,2989,5207,0,0,0,1.0,1,1.0,1,1.0,1,0.23732233878696377,78
3875,0,8196,2989,5207,0,0,0,1.0,1,1.0,1,1.0,1,0.23620926946451526,77
3876,9,8205,2992,5213,0,0,0,1.0,1,1.0,1,1.0,1,0.19292576916942974,78
3877,1,8206,2992,5214,0,0,0,1.0,1,1.0,1,1.0,1,0.18543316816544,75
3878,3,8209,2994,5215,0,0,0,1.0,1,1.0,1,1.0,1,0.18186067232127592,75
3879,0,8209,2994,5215,0,0,0,1.0,1,1.0,1,1.0,1,0.1954090842229093,73
3880,0,8209,2994,5215,0,0,0,1.0,1,1.0,1,1.0,1,0.19950212759122823,74
3881,3,8212,2995,5217,0,0,0,1.0,1,1.0,1,1.0,1,0.20382640118177775,75
3882,4,8216,2995,5221,0,0,0,1.0,1,1.0,1,1.0,1,0.18032844520603078,76
3883,2,8218,2995,5223,0,0,0,1.0,1,1.0,1,1.0,1,0.16520498661856595,77
3884,2,8220,2996,5224,0,0,0,1.0,1,1.0,1,1.0,1,0.16950100365533172,78
3885,2,8222,2996,5226,0,0,0,1.0,1,1.0,1,1.0,1,0.14582410883045938,78
3886,1,8223,2997,5226,0,0,0,1.0,1,1.0,1,1.0,1,0.16420394910373204,79
3887,1,8224,2997,5227,0,0,0,1.0,1,1.0,1,1.0,1,0.14477029214826737,78
3888,6,8230,2998,5232,0,0,0,1.0,1,1.0,1,1.0,1,0.17734224002004498,80
3889,3,8233,2998,5235,0,0,0,1.0,1,1.0,1,1.0,1,0.17997216210442393,82
3890,9,8242,3001,5241,0,0,0,1.0,1,1.0,1,1.0,1,0.1958500311498208,82
3891,7,8249,3004,5245,0,0,0,1.0,1,1.0,1,1.0,1,0.19441634193641302,85
3892,3,8252,3005,5247,0,0,0,1.0,1,1.0,1,1.0,1,0.21545639954468754,87
3893,5,8257,3005,5252,0,0,0,1.0,1,1.0,1,1.0,1,0.18721958645430425,86
3894,2,8259,3005,5254,0,0,0,1.0,1,1.0,1,1.0,1,0.18303177847886967,87
3895,2,8261,3006,5255,0,0,0,1.0,1,1.0,1,1.0,1,0.1855506020869585,87
3896,3,8264,3007,5257,0,0,0,1.0,1,1.0,1,1.0,1,0.17707362708693872,85
3897,2,8266,3009,5257,0,0,0,1.0,1,1.0,1,1.0,1,0.1749983294037275,85
3898,2,8268,3009,5259,0,0,0,1.0,1,1.0,1,1.0,1,0.1816605810461033,86
3899,3,8271,3009,5262,0,0,0,1.0,1,1.0,1,1.0,1,0.18347198215611954,86
3900,2,8273,3009,5264,0,0,0,1.0,1,1.0,1,1.0,1,0.18556619896072432,86
3901,3,8276,3010,5266,0,0,0,1.0,1,1.0,1,1.0,1,0.17982798831601676,86
3902,1,8277,3011,5266,0,0,0,1.0,1,1.0,1,1.0,1,0.1714538406291116,87
3903,2,8279,3012,5267,0,0,0,1.0,1,1.0,1,1.0,1,0.16861990160388537,87
3904,1,8280,3013,5267,0,0,0,1.0,1,1.0,1,1.0,1,0.17916802502396564,85
3905,0,8280,3013,5267,0,0,0,1.0,1,1.0,1,1.0,1,0.1738441907542403,84
3906,3,8283,3014,5269,0,0,0,1.0,1,1.0,1,1.0,1,0.17040601640682204,86
3907,2,8285,3016,5269,0,0,0,1.0,1,1.0,1,1.0,1,0.17464572657468896,84
3908,1,8286,3017,5269,0,0,0,1.0,1,1.0,1,1.0,1,0.17835503347695572,83
3909,0,8286,3017,5269,0,0,0,1.0,1,1.0,1,1.0,1,0.18345785560438804,81
3910,8,8294,3021,5273,0,0,0,1.0,1,1.0,1,1.0,1,0.17808578740520742,82
3911,3,8297,3022,5275,0,0,0,1.0,1,1.0,1,1.0,1,0.161103696640708,81
3912,1,8298,3022,5276,0,0,0,1.0,1,1.0,1,1.0,1,0.1540269594940798,80
3913,3,8301,3025,5276,0,0,0,1.0,1,1.0,1,1.0,1,0.18141537926637696,80
3914,2,8303,3026,5277,0,0,0,1.0,1,1.0,1,1.0,1,0.19118341225261268,81
3915,2,8305,3028,5277,0,0,0,1.0,1,1.0,1,1.0,1,0.20724049858935664,81
3916,4,8309,3029,5280,0,0,0,1.0,1,1.0,1,1.0,1,0.2375910122921353,81
3917,3,8312,3031,5281,0,0,0,1.0,1,1.0,1,1.0,1,0.24461893243068267,82
3918,12,8324,3033,5291,0,0,0,1.0,1,1.0,1,1.0,1,0.2643007215264933,85
3919,5,8329,3035,5294,0,0,0,1.0,1,1.0,1,1.0,1,0.27683098518708776,85
3920,3,8332,3036,5296,0,0,0,1.0,1,1.0,1,1.0,1,0.26518425351877706,85
3921,9,8341,3036,5305,0,0,0,1.0,1,1.0,1,1.0,1,0.19294817367170566,88
3922,2,8343,3036,5307,0,0,0,1.0,1,1.0,1,1.0,1,0.18168808415769225,88
3923,1,8344,3036,5308,0,0,0,1.0,1,1.0,1,1.0,1,0.1698391538635569,89
3924,0,8344,3036,5308,0,0,0,1.0,1,1.0,1,1.0,1,0.17340441439161228,90
3925,1,8345,3037,5308,0,0,0,1.0,1,1.0,1,1.0,1,0.17061895569605937,88
3926,2,8347,3037,5310,0,0,0,1.0,1,1.0,1,1.0,1,0.14311826009873918,89
3927,2,8349,3037,5312,0,0,0,1.0,1,1.0,1,1.0,1,0.15275181735635884,89
3928,3,8352,3037,5315,0,0,0,1.0,1,1.0,1,1.0,1,0.13864264302855642,88
3929,2,8354,3037,5317,0,0,0,1.0,1,1.0,1,1.0,1,0.14921617890521865,88
3930,1,8355,3037,5318,0,0,0,1.0,1,1.0,1,1.0,1,0.1354596240244122,87
3931,3,8358,3038,5320,0,0,0,1.0,1,1.0,1,1.0,1,0.14220546244174653,86
3932,3,8361,3039,5322,0,0,0,1.0,1,1.0,1,1.0,1,0.16104149960164615,85
3933,3,8364,3039,5325,0,0,0,1.0,1,1.0,1,1.0,1,0.18212015935979958,84
3934,6,8370,3040,5330,0,0,0,1.0,1,1.0,1,1.0,1,0.21002054450939198,85
3935,6,8376,3041,5335,0,0,0,1.0,1,1.0,1,1.0,1,0.20641360099339273,84
3936,4,8380,3041,5339,0,0,0,1.0,1,1.0,1,1.0,1,0.20378831568679787,84
3937,4,8384,3041,5343,0,0,0,1.0,1,1.0,1,1.0,1,0.19284100285618974,82
3938,2,8386,3041,5345,0,0,0,1.0,1,1.0,1,1.0,1,0.1945133753513913,82
3939,6,8392,3041,5351,0,0,0,1.0,1,1.0,1,1.0,1,0.18265274830291506,84
3940,2,8394,3041,5353,0,0,0,1.0,1,1.0,1,1.0,1,0.19013387202792675,84
3941,6,8400,3042,5358,0,0,0,1.0,1,1.0,1,1.0,1,0.14240105303364003,85
3942,2,8402,3043,5359,0,0,0,1.0,1,1.0,1,1.0,1,0.13884059777353322,85
3943,1,8403,3044,5359,0,0,0,1.0,1,1.0,1,1.0,1,0.13883848703205884,84
3944,4,8407,3046,5361,0,0,0,1.0,1,1.0,1,1.0,1,0.17050720521085272,83
3945,1,8408,3047,5361,0,0,0,1.0,1,1.0,1,1.0,1,0.1794760505209752,83
3946,2,8410,3049,5361,0,0,0,1.0,1,1.0,1,1.0,1,0.21448550057372484,83
3947,1,8411,3050,5361,0,0,0,1.0,1,1.0,1,1.0,1,0.1992992947734746,83
3948,4,8415,3053,5362,0,0,0,1.0,1,1.0,1,1.0,1,0.21893500136291638,84
3949,5,8420,3054,5366,0,0,0,1.0,1,1.0,1,1.0,1,0.20316023413692785,84
3950,3,8423,3055,5368,0,0,0,1.0,1,1.0,1,1.0,1,0.18899467849538876,86
3951,2,8425,3055,5370,0,0,0,1.0,1,1.0,1,1.0,1,0.17389440785749513,87
3952,0,8425,3055,5370,0,0,0,1.0,1,1.0,1,1.0,1,0.17974587756519314,86
3953,1,8426,3056,5370,0,0,0,1.0,1,1.0,1,1.0,1,0.19348918922672323,86
3954,2,8428,3057,5371,0,0,0,1.0,1,1.0,1,1.0,1,0.18146232412960567,85
3955,4,8432,3058,5374,0,0,0,1.0,1,1.0,1,1.0,1,0.17178440647208001,85
3956,0,8432,3058,5374,0,0,0,1.0,1,1.0,1,1.0,1,0.1813867656613754,84
3957,2,8434,3059,5375,0,0,0,1.0,1,1.0,1,1.0,1,0.17957879220762105,85
3958,1,8435,3060,5375,0,0,0,1.0,1,1.0,1,1.0,1,0.18384919932282742,84
3959,0,8435,3060,5375,0,0,0,1.0,1,1.0,1,1.0,1,0.19599738491977606,83
3960,1,8436,3061,5375,0,0,0,1.0,1,1.0,1,1.0,1,0.1975284068986976,84
3961,5,8441,3061,5380,0,0,0,1.0,1,1.0,1,1.0,1,0.16144599800209875,83
3962,0,8441,3061,5380,0,0,0,1.0,1,1.0,1,1.0,1,0.1463349704056534,84
3963,1,8442,3062,5380,0,0,0,1.0,1,1.0,1,1.0,1,0.16986504862760743,81
3964,2,8444,3063,5381,0,0,0,1.0,1,1.0,1,1.0,1,0.15491858915357903,81
3965,3,8447,3063,5384,0,0,0,1.0,1,1.0,1,1.0,1,0.12709308580755058,81
3966,1,8448,3064,5384,0,0,0,1.0,1,1.0,1,1.0,1,0.13761889613097628,79
3967,3,8451,3065,5386,0,0,0,1.0,1,1.0,1,1.0,1,0.14268753446632715,81
3968,2,8453,3067,5386,0,0,0,1.0,1,1.0,1,1.0,1,0.14042866242793053,79
3969,4,8457,3070,5387,0,0,0,1.0,1,1.0,1,1.0,1,0.19181011245278423,79
3970,3,8460,3072,5388,0,0,0,1.0,1,1.0,1,1.0,1,0.20709539262705698,78
3971,0,8460,3072,5388,0,0,0,1.0,1,1.0,1,1.0,1,0.2247799795882077,77
3972,1,8461,3073,5388,0,0,0,1.0,1,1.0,1,1.0,1,0.22267909767725125,78
3973,0,8461,3073,5388,0,0,0,1.0,1,1.0,1,1.0,1,0.22069996163122946,77
3974,1,8462,3074,5388,0,0,0,1.0,1,1.0,1,1.0,1,0.2165343986740426,77
3975,2,8464,3076,5388,0,0,0,1.0,1,1.0,1,1.0,1,0.25046043009702773,76
3976,0,8464,3076,5388,0,0,0,1.0,1,1.0,1,1.0,1,0.2608572712050802,77
3977,0,8464,3076,5388,0,0,0,1.0,1,1.0,1,1.0,1,0.2651291010490667,78
3978,2,8466,3077,5389,0,0,0,1.0,1,1.0,1,1.0,1,0.28337549347585256,79
3979,2,8468,3078,5390,0,0,0,1.0,1,1.0,1,1.0,1,0.2924267544149303,79
3980,2,8470,3078,5392,0,0,0,1.0,1,1.0,1,1.0,1,0.2924267544149303,79
3981,15,8485,3080,5405,0,0,0,1.0,1,1.0,1,1.0,1,0.23736969409060898,83
3982,8,8493,3082,5411,0,0,0,1.0,1,1.0,1,1.0,1,0.19934988350857072,83
3983,1,8494,3083,5411,0,0,0,1.0,1,1.0,1,1.0,1,0.19411900722915734,82
3984,2,8496,3083,5413,0,0,0,1.0,1,1.0,1,1.0,1,0.19374017093230417,83
3985,2,8498,3084,5414,0,0,0,1.0,1,1.0,1,1.0,1,0.20453146632752608,84
3986,5,8503,3086,5417,0,0,0,1.0,1,1.0,1,1.0,1,0.22138482130628429,83
3987,4,8507,3087,5420,0,0,0,1.0,1,1.0,1,1.0,1,0.22334378294408191,82
3988,4,8511,3088,5423,0,0,0,1.0,1,1.0,1,1.0,1,0.22639476328380181,83
3989,2,8513,3088,5425,0,0,0,1.0,1,1.0,1,1.0,1,0.23940706323042138,81
3990,3,8516,3089,5427,0,0,0,1.0,1,1.0,1,1.0,1,0.22957089633619868,81
3991,4,8520,3090,5430,0,0,0,1.0,1,1.0,1,1.0,1,0.23582619260984186,79
3992,4,8524,3090,5434,0,0,0,1.0,1,1.0,1,1.0,1,0.20968479510686103,81
3993,0,8524,3090,5434,0,0,0,1.0,1,1.0,1,1.0,1,0.22119803260715568,80
3994,3,8527,3091,5436,0,0,0,1.0,1,1.0,1,1.0,1,0.22930904512860764,80
3995,7,8534,3094,5440,0,0,0,1.0,1,1.0,1,1.0,1,0.23408514961196208,81
3996,5,8539,3094,5445,0,0,0,1.0,1,1.0,1,1.0,1,0.2702134496060192,80
3997,9,8548,3095,5453,0,0,0,1.0,1,1.0,1,1.0,1,0.27421664906878096,81
3998,5,8553,3096,5457,0,0,0,1.0,1,1.0,1,1.0,1,0.26869808185465566,82
3999,3,8556,3096,5460,0,0,0,1.0,1,1.0,1,1.0,1,0.240155233011694,82
4000,5,8561,3098,5463,0,0,0,1.0,1,1.0,1,1.0,1,0.2762025596082062,82
4001,11,8572,3099,5473,0,0,0,1.0,1,1.0,1,1.0,1,0.16659514453660884,81
4002,3,8575,3101,5474,0,0,0,1.0,1,1.0,1,1.0,1,0.1648475807238824,81
4003,0,8575,3101,5474,0,0,0,1.0,1,1.0,1,1.0,1,0.165791795846909,81
4004,2,8577,3102,5475,0,0,0,1.0,1,1.0,1,1.0,1,0.16470754665980356,80
4005,4,8581,3104,5477,0,0,0,1.0,1,1.0,1,1.0,1,0.19007844533362767,78
4006,6,8587,3105,5482,0,0,0,1.0,1,1.0,1,1.0,1,0.17932362302241528,76
4007,6,8593,3106,5487,0,0,0,1.0,1,1.0,1,1.0,1,0.17838033550724497,75
4008,4,8597,3107,5490,0,0,0,1.0,1,1.0,1,1.0,1,0.20325259454785755,74
4009,4,8601,3108,5493,0,0,0,1.0,1,1.0,1,1.0,1,0.22818265170246285,75
4010,2,8603,3108,5495,0,0,0,1.0,1,1.0,1,1.0,1,0.22302648938115732,75
4011,3,8606,3109,5497,0,0,0,1.0,1,1.0,1,1.0,1,0.23937446926006026,74
4012,5,8611,3110,5501,0,0,0,1.0,1,1.0,1,1.0,1,0.23378144616874827,74
4013,7,8618,3111,5507,0,0,0,1.0,1,1.0,1,1.0,1,0.261408333427805,74
4014,7,8625,3112,5513,0,0,0,1.0,1,1.0,1,1.0,1,0.285383323542424,73
4015,6,8631,3112,5519,0,0,0,1.0,1,1.0,1,1.0,1,0.2929221915266807,74
4016,10,8641,3113,5528,0,0,0,1.0,1,1.0,1,1.0,1,0.2870884727709864,74
4017,15,8656,3114,5542,0,0,0,1.0,1,1.0,1,1.0,1,0.28289708606942954,78
4018,11,8667,3114,5553,0,0,0,1.0,1,1.0,1,1.0,1,0.2939226432724359,78
4019,11,8678,3114,5564,0,0,0,1.0,1,1.0,1,1.0,1,0.30138921897258936,78
4020,5,8683,3114,5569,0,0,0,1.0,1,1.0,1,1.0,1,0.28433210711969525,78
4021,5,8688,3114,5574,0,0,0,1.0,1,1.0,1,1.0,1,0.22854467027242412,78
4022,3,8691,3116,5575,0,0,0,1.0,1,1.0,1,1.0,1,0.2468761053923703,79
4023,0,8691,3116,5575,0,0,0,1.0,1,1.0,1,1.0,1,0.250492513099246,78
4024,1,8692,3117,5575,0,0,0,1.0,1,1.0,1,1.0,1,0.2818382058118972,77
4025,1,8693,3118,5575,0,0,0,1.0,1,1.0,1,1.0,1,0.30249290192621153,76
4026,2,8695,3120,5575,0,0,0,1.0,1,1.0,1,1.0,1,0.2969198664191417,76
4027,3,8698,3122,5576,0,0,0,1.0,1,1.0,1,1.0,1,0.2914688509017912,75
4028,4,8702,3124,5578,0,0,0,1.0,1,1.0,1,1.0,1,0.27048251772475784,76
4029,3,8705,3126,5579,0,0,0,1.0,1,1.0,1,1.0,1,0.2823854123967648,75
4030,1,8706,3127,5579,0,0,0,1.0,1,1.0,1,1.0,1,0.29469867790755894,74
4031,2,8708,3129,5579,0,0,0,1.0,1,1.0,1,1.0,1,0.307155632801357,73
4032,0,8708,3129,5579,0,0,0,1.0,1,1.0,1,1.0,1,0.3096714766723619,71
4033,3,8711,3129,5582,0,0,0,1.0,1,1.0,1,1.0,1,0.27052251066087785,73
4034,3,8714,3132,5582,0,0,0,1.0,1,1.0,1,1.0,1,0.26917901506991926,72
4035,1,8715,3133,5582,0,0,0,1.0,1,1.0,1,1.0,1,0.2730282908593605,71
4036,4,8719,3135,5584,0,0,0,1.0,1,1.0,1,1.0,1,0.2593816948181544,71
4037,1,8720,3136,5584,0,0,0,1.0,1,1.0,1,1.0,1,0.2448883873826316,70
4038,0,8720,3136,5584,0,0,0,1.0,1,1.0,1,1.0,1,0.26458916398286286,69
4039,2,8722,3136,5586,0,0,0,1.0,1,1.0,1,1.0,1,0.2567108632316383,68
4040,2,8724,3138,5586,0,0,0,1.0,1,1.0,1,1.0,1,0.27834091083074514,69
4041,12,8736,3139,5597,0,0,0,1.0,1,1.0,1,1.0,1,0.2594375808368362,67
4042,5,8741,3139,5602,0,0,0,1.0,1,1.0,1,1.0,1,0.30098247976810066,67
4043,5,8746,3140,5606,0,0,0,1.0,1,1.0,1,1.0,1,0.31876078535471064,66
4044,5,8751,3141,5610,0,0,0,1.0,1,1.0,1,1.0,1,0.32043370280933337,65
4045,5,8756,3141,5615,0,0,0,1.0,1,1.0,1,1.0,1,0.3354105245248679,66
4046,2,8758,3141,5617,0,0,0,1.0,1,1.0,1,1.0,1,0.3591898725571411,68
4047,5,8763,3141,5622,0,0,0,1.0,1,1.0,1,1.0,1,0.3696628294830707,68
4048,3,8766,3141,5625,0,0,0,1.0,1,1.0,1,1.0,1,0.3569431101848941,69
4049,4,8770,3141,5629,0,0,0,1.0,1,1.0,1,1.0,1,0.3656923671183612,69
4050,2,8772,3141,5631,0,0,0,1.0,1,1.0,1,1.0,1,0.3620524305602254,69
4051,4,8776,3141,5635,0,0,0,1.0,1,1.0,1,1.0,1,0.3620524305602254,69
4052,3,8779,3141,5638,0,0,0,1.0,1,1.0,1,1.0,1,0.3636163484854392,69
4053,4,8783,3141,5642,0,0,0,1.0,1,1.0,1,1.0,1,0.3636163484854392,69
4054,6,8789,3142,5647,0,0,0,1.0,1,1.0,1,1.0,1,0.3793832700177793,70
4055,6,8795,3142,5653,0,0,0,1.0,1,1.0,1,1.0,1,0.36459555874042604,70
4056,8,8803,3142,5661,0,0,0,1.0,1,1.0,1,1.0,1,0.36459555874042604,70
4057,5,8808,3142,5666,0,0,0,1.0,1,1.0,1,1.0,1,0.36258465422412045,71
4058,8,8816,3142,5674,0,0,0,1.0,1,1.0,1,1.0,1,0.36258465422412045,71
4059,9,8825,3143,5682,0,0,0,1.0,1,1.0,1,1.0,1,0.3597060434466629,72
4060,7,8832,3143,5689,0,0,0,1.0,1,1.0,1,1.0,1,0.3651780626160597,71
4061,11,8843,3144,5699,0,0,0,1.0,1,1.0,1,1.0,1,0.3081966054672486,72
4062,4,8847,3145,5702,0,0,0,1.0,1,1.0,1,1.0,1,0.3027545041495742,72
4063,3,8850,3146,5704,0,0,0,1.0,1,1.0,1,1.0,1,0.291250182454334,72
4064,5,8855,3148,5707,0,0,0,1.0,1,1.0,1,1.0,1,0.28729267249050683,71
4065,3,8858,3149,5709,0,0,0,1.0,1,1.0,1,1.0,1,0.27681840852231254,70
4066,3,8861,3151,5710,0,0,0,1.0,1,1.0,1,1.0,1,0.286427787910025,70
4067,6,8867,3152,5715,0,0,0,1.0,1,1.0,1,1.0,1,0.28123586517807014,68
4068,8,8875,3153,5722,0,0,0,1.0,1,1.0,1,1.0,1,0.288117221554995,70
4069,6,8881,3154,5727,0,0,0,1.0,1,1.0,1,1.0,1,0.25960618277321923,68
4070,4,8885,3155,5730,0,0,0,1.0,1,1.0,1,1.0,1,0.2412722828337374,67
4071,3,8888,3155,5733,0,0,0,1.0,1,1.0,1,1.0,1,0.2506286912116933,68
4072,6,8894,3157,5737,0,0,0,1.0,1,1.0,1,1.0,1,0.23942272629206324,70
4073,5,8899,3161,5738,0,0,0,1.0,1,1.0,1,1.0,1,0.24580677192074757,70
4074,7,8906,3164,5742,0,0,0,1.0,1,1.0,1,1.0,1,0.24635823243761856,71
4075,4,8910,3166,5744,0,0,0,1.0,1,1.0,1,1.0,1,0.2296210495130429,72
4076,5,8915,3169,5746,0,0,0,1.0,1,1.0,1,1.0,1,0.2420612714641432,73
4077,2,8917,3169,5748,0,0,0,1.0,1,1.0,1,1.0,1,0.26140673634083766,72
4078,4,8921,3171,5750,0,0,0,1.0,1,1.0,1,1.0,1,0.2833591131794593,71
4079,6,8927,3173,5754,0,0,0,1.0,1,1.0,1,1.0,1,0.26147799550498674,69
4080,2,8929,3173,5756,0,0,0,1.0,1,1.0,1,1.0,1,0.25808651250695125,67
4081,7,8936,3173,5763,0,0,0,1.0,1,1.0,1,1.0,1,0.21413417225947054,66
4082,1,8937,3173,5764,0,0,0,1.0,1,1.0,1,1.0,1,0.23404362681013416,65
4083,1,8938,3173,5765,0,0,0,1.0,1,1.0,1,1.0,1,0.2173850164269033,64
4084,1,8939,3174,5765,0,0,0,1.0,1,1.0,1,1.0,1,0.22478305715618815,64
4085,1,8940,3174,5766,0,0,0,1.0,1,1.0,1,1.0,1,0.20695703980169622,65
4086,1,8941,3175,5766,0,0,0,1.0,1,1.0,1,1.0,1,0.20069229733150354,66
4087,1,8942,3176,5766,0,0,0,1.0,1,1.0,1,1.0,1,0.19974911022558833,66
4088,3,8945,3176,5769,0,0,0,1.0,1,1.0,1,1.0,1,0.23148280196633098,65
4089,1,8946,3176,5770,0,0,0,1.0,1,1.0,1,1.0,1,0.23196089064032543,65
4090,5,8951,3176,5775,0,0,0,1.0,1,1.0,1,1.0,1,0.21208116682898712,65
4091,1,8952,3176,5776,0,0,0,1.0,1,1.0,1,1.0,1,0.21658356142992266,65
4092,1,8953,3176,5777,0,0,0,1.0,1,1.0,1,1.0,1,0.22569077543220895,64
4093,2,8955,3176,5779,0,0,0,1.0,1,1.0,1,1.0,1,0.22245967556767074,66
4094,3,8958,3177,5781,0,0,0,1.0,1,1.0,1,1.0,1,0.2501083340674189,65
4095,6,8964,3180,5784,0,0,0,1.0,1,1.0,1,1.0,1,0.2514910630134422,65
4096,4,8968,3181,5787,0,0,0,1.0,1,1.0,1,1.0,1,0.22885567715478022,67
4097,6,8974,3185,5789,0,0,0,1.0,1,1.0,1,1.0,1,0.22379444986134128,67
4098,2,8976,3186,5790,0,0,0,1.0,1,1.0,1,1.0,1,0.22158636391351966,68
4099,3,8979,3188,5791,0,0,0,1.0,1,1.0,1,1.0,1,0.25166704630300246,69
4100,3,8982,3189,5793,0,0,0,1.0,1,1.0,1,1.0,1,0.24815474913139227,70
4101,9,8991,3190,5801,0,0,0,1.0,1,1.0,1,1.0,1,0.18904472853885634,71
4102,2,8993,3191,5802,0,0,0,1.0,1,1.0,1,1.0,1,0.18425132382498402,71
4103,1,8994,3192,5802,0,0,0,1.0,1,1.0,1,1.0,1,0.18974605863433083,71
4104,2,8996,3194,5802,0,0,0,1.0,1,1.0,1,1.0,1,0.22409983354548899,69
4105,1,8997,3195,5802,0,0,0,1.0,1,1.0,1,1.0,1,0.23224308894056012,67
4106,1,8998,3195,5803,0,0,0,1.0,1,1.0,1,1.0,1,0.23517573656979024,68
4107,3,9001,3195,5806,0,0,0,1.0,1,1.0,1,1.0,1,0.20854471823510765,70
4108,1,9002,3196,5806,0,0,0,1.0,1,1.0,1,1.0,1,0.20103273437222005,70
4109,1,9003,3197,5806,0,0,0,1.0,1,1.0,1,1.0,1,0.19949117050604365,69
4110,3,9006,3198,5808,0,0,0,1.0,1,1.0,1,1.0,1,0.18917536798970458,71
4111,1,9007,3198,5809,0,0,0,1.0,1,1.0,1,1.0,1,0.17443412528824662,70
4112,0,9007,3198,5809,0,0,0,1.0,1,1.0,1,1.0,1,0.17787780537361836,72
4113,0,9007,3198,5809,0,0,0,1.0,1,1.0,1,1.0,1,0.17787780537361836,72
4114,2,9009,3200,5809,0,0,0,1.0,1,1.0,1,1.0,1,0.1807459031891262,72
4115,1,9010,3201,5809,0,0,0,1.0,1,1.0,1,1.0,1,0.19782627627089386,70
4116,1,9011,3202,5809,0,0,0,1.0,1,1.0,1,1.0,1,0.2111170841229532,67
4117,1,9012,3203,5809,0,0,0,1.0,1,1.0,1,1.0,1,0.23999453660113768,67
4118,0,9012,3203,5809,0,0,0,1.0,1,1.0,1,1.0,1,0.25337431606891364,66
4119,1,9013,3204,5809,0,0,0,1.0,1,1.0,1,1.0,1,0.27688847945435385,67
4120,1,9014,3204,5810,0,0,0,1.0,1,1.0,1,1.0,1,0.293847193568173,64
4121,7,9021,3205,5816,0,0,0,1.0,1,1.0,1,1.0,1,0.23243636308256352,63
4122,1,9022,3206,5816,0,0,0,1.0,1,1.0,1,1.0,1,0.243293286209197,63
4123,2,9024,3208,5816,0,0,0,1.0,1,1.0,1,1.0,1,0.25463411809848974,61
4124,3,9027,3210,5817,0,0,0,1.0,1,1.0,1,1.0,1,0.25285457765497016,62
4125,1,9028,3211,5817,0,0,0,1.0,1,1.0,1,1.0,1,0.28453092246290024,60
4126,2,9030,3213,5817,0,0,0,1.0,1,1.0,1,1.0,1,0.3064072477851501,59
4127,3,9033,3215,5818,0,0,0,1.0,1,1.0,1,1.0,1,0.34478449478239315,60
4128,2,9035,3216,5819,0,0,0,1.0,1,1.0,1,1.0,1,0.33889493549290794,60
4129,0,9035,3216,5819,0,0,0,1.0,1,1.0,1,1.0,1,0.3462329524147126,60
4130,2,9037,3218,5819,0,0,0,1.0,1,1.0,1,1.0,1,0.34702839036977706,61
4131,1,9038,3218,5820,0,0,0,1.0,1,1.0,1,1.0,1,0.3383197303571927,60
4132,1,9039,3219,5820,0,0,0,1.0,1,1.0,1,1.0,1,0.3332225845143856,60
4133,3,9042,3220,5822,0,0,0,1.0,1,1.0,1,1.0,1,0.31183016771341754,62
4134,1,9043,3221,5822,0,0,0,1.0,1,1.0,1,1.0,1,0.30081097149596403,63
4135,6,9049,3223,5826,0,0,0,1.0,1,1.0,1,1.0,1,0.28019275202148197,65
4136,1,9050,3223,5827,0,0,0,1.0,1,1.0,1,1.0,1,0.2712750618848056,65
4137,1,9051,3224,5827,0,0,0,1.0,1,1.0,1,1.0,1,0.27116845003616163,66
4138,1,9052,3225,5827,0,0,0,1.0,1,1.0,1,1.0,1,0.27136996106733624,67
4139,2,9054,3227,5827,0,0,0,1.0,1,1.0,1,1.0,1,0.28960570908887184,67
4140,1,9055,3228,5827,0,0,0,1.0,1,1.0,1,1.0,1,0.27961480098089386,66
4141,4,9059,3228,5831,0,0,0,1.0,1,1.0,1,1.0,1,0.24421591269331636,67
4142,0,9059,3228,5831,0,0,0,1.0,1,1.0,1,1.0,1,0.24421591269331636,67
4143,2,9061,3229,5832,0,0,0,1.0,1,1.0,1,1.0,1,0.22731809736181874,66
4144,0,9061,3229,5832,0,0,0,1.0,1,1.0,1,1.0,1,0.24728296280392853,64
4145,2,9063,3231,5832,0,0,0,1.0,1,1.0,1,1.0,1,0.25070534271812667,63
4146,5,9068,3233,5835,0,0,0,1.0,1,1.0,1,1.0,1,0.23821231793725706,62
4147,2,9070,3233,5837,0,0,0,1.0,1,1.0,1,1.0,1,0.21312765659681324,60
4148,5,9075,3234,5841,0,0,0,1.0,1,1.0,1,1.0,1,0.16428678223678364,62
4149,2,9077,3235,5842,0,0,0,1.0,1,1.0,1,1.0,1,0.17263460812736073,61
4150,3,9080,3237,5843,0,0,0,1.0,1,1.0,1,1.0,1,0.1667714390739599,60
4151,1,9081,3238,5843,0,0,0,1.0,1,1.0,1,1.0,1,0.19767462937177238,60
4152,2,9083,3240,5843,0,0,0,1.0,1,1.0,1,1.0,1,0.2210663556229066,60
4153,1,9084,3241,5843,0,0,0,1.0,1,1.0,1,1.0,1,0.21107721030401227,58
4154,0,9084,3241,5843,0,0,0,1.0,1,1.0,1,1.0,1,0.21477581600858897,57
4155,1,9085,3242,5843,0,0,0,1.0,1,1.0,1,1.0,1,0.1851182065342747,57
4156,3,9088,3244,5844,0,0,0,1.0,1,1.0,1,1.0,1,0.20230494090190812,58
4157,2,9090,3245,5845,0,0,0,1.0,1,1.0,1,1.0,1,0.21554566458863914,57
4158,1,9091,3246,5845,0,0,0,1.0,1,1.0,1,1.0,1,0.2483064990822762,55
4159,1,9092,3247,5845,0,0,0,1.0,1,1.0,1,1.0,1,0.25458989143912614,57
4160,0,9092,3247,5845,0,0,0,1.0,1,1.0,1,1.0,1,0.25076534376018933,58
4161,4,9096,3247,5849,0,0,0,1.0,1,1.0,1,1.0,1,0.17112735803600956,58
4162,1,9097,3247,5850,0,0,0,1.0,1,1.0,1,1.0,1,0.1718013510524624,57
4163,1,9098,3248,5850,0,0,0,1.0,1,1.0,1,1.0,1,0.19612606074278152,58
4164,5,9103,3251,5852,0,0,0,1.0,1,1.0,1,1.0,1,0.24482044339086,56
4165,3,9106,3252,5854,0,0,0,1.0,1,1.0,1,1.0,1,0.26231099218938664,58
4166,1,9107,3252,5855,0,0,0,1.0,1,1.0,1,1.0,1,0.2372772742472326,57
4167,1,9108,3253,5855,0,0,0,1.0,1,1.0,1,1.0,1,0.2469173622421703,57
4168,0,9108,3253,5855,0,0,0,1.0,1,1.0,1,1.0,1,0.24888495425601145,58
4169,1,9109,3254,5855,0,0,0,1.0,1,1.0,1,1.0,1,0.24470346938434656,58
4170,2,9111,3255,5856,0,0,0,1.0,1,1.0,1,1.0,1,0.2677326401078702,58
4171,0,9111,3255,5856,0,0,0,1.0,1,1.0,1,1.0,1,0.28225151472558513,57
4172,0,9111,3255,5856,0,0,0,1.0,1,1.0,1,1.0,1,0.28225151472558513,57
4173,0,9111,3255,5856,0,0,0,1.0,1,1.0,1,1.0,1,0.29703102898190725,56
4174,2,9113,3257,5856,0,0,0,1.0,1,1.0,1,1.0,1,0.31814198176670994,56
4175,4,9117,3258,5859,0,0,0,1.0,1,1.0,1,1.0,1,0.31583452128539924,55
4176,3,9120,3260,5860,0,0,0,1.0,1,1.0,1,1.0,1,0.312231933071183,57
4177,1,9121,3261,5860,0,0,0,1.0,1,1.0,1,1.0,1,0.33315352476349347,58
4178,6,9127,3263,5864,0,0,0,1.0,1,1.0,1,1.0,1,0.304474463272601,60
4179,1,9128,3264,5864,0,0,0,1.0,1,1.0,1,1.0,1,0.29560942631126425,61
4180,2,9130,3264,5866,0,0,0,1.0,1,1.0,1,1.0,1,0.29235830629059006,62
4181,6,9136,3264,5872,0,0,0,1.0,1,1.0,1,1.0,1,0.23198829319445344,63
4182,1,9137,3265,5872,0,0,0,1.0,1,1.0,1,1.0,1,0.24900638399320668,63
4183,0,9137,3265,5872,0,0,0,1.0,1,1.0,1,1.0,1,0.2451668848194811,63
4184,3,9140,3267,5873,0,0,0,1.0,1,1.0,1,1.0,1,0.2547513733057265,63
4185,1,9141,3267,5874,0,0,0,1.0,1,1.0,1,1.0,1,0.2511757661317327,61
4186,3,9144,3268,5876,0,0,0,1.0,1,1.0,1,1.0,1,0.23569262722320639,62
4187,2,9146,3270,5876,0,0,0,1.0,1,1.0,1,1.0,1,0.2631686494915428,60
4188,2,9148,3270,5878,0,0,0,1.0,1,1.0,1,1.0,1,0.23838043451682212,60
4189,1,9149,3271,5878,0,0,0,1.0,1,1.0,1,1.0,1,0.26376051995927113,60
4190,1,9150,3272,5878,0,0,0,1.0,1,1.0,1,1.0,1,0.2801563552949664,61
4191,1,9151,3273,5878,0,0,0,1.0,1,1.0,1,1.0,1,0.28927283220219313,59
4192,1,9152,3274,5878,0,0,0,1.0,1,1.0,1,1.0,1,0.29876642033679346,58
4193,1,9153,3274,5879,0,0,0,1.0,1,1.0,1,1.0,1,0.28123421026399426,57
4194,0,9153,3274,5879,0,0,0,1.0,1,1.0,1,1.0,1,0.29081561304179165,54
4195,1,9154,3275,5879,0,0,0,1.0,1,1.0,1,1.0,1,0.28696583440874907,55
4196,1,9155,3275,5880,0,0,0,1.0,1,1.0,1,1.0,1,0.2756170923711909,56
4197,1,9156,3276,5880,0,0,0,1.0,1,1.0,1,1.0,1,0.3034226085164427,55
4198,2,9158,3276,5882,0,0,0,1.0,1,1.0,1,1.0,1,0.3008718565292998,56
4199,3,9161,3278,5883,0,0,0,1.0,1,1.0,1,1.0,1,0.3156202645470965,55
4200,0,9161,3278,5883,0,0,0,1.0,1,1.0,1,1.0,1,0.3155883836699093,55
4201,5,9166,3278,5888,0,0,0,1.0,1,1.0,1,1.0,1,0.24725925260487303,56
4202,1,9167,3278,5889,0,0,0,1.0,1,1.0,1,1.0,1,0.23477786360755215,56
4203,0,9167,3278,5889,0,0,0,1.0,1,1.0,1,1.0,1,0.24470355061683055,57
4204,0,9167,3278,5889,0,0,0,1.0,1,1.0,1,1.0,1,0.24470355061683055,57
4205,1,9168,3279,5889,0,0,0,1.0,1,1.0,1,1.0,1,0.2320864329625784,58
4206,2,9170,3280,5890,0,0,0,1.0,1,1.0,1,1.0,1,0.22457092234963277,58
4207,4,9174,3282,5892,0,0,0,1.0,1,1.0,1,1.0,1,0.22098813332394884,58
4208,3,9177,3283,5894,0,0,0,1.0,1,1.0,1,1.0,1,0.22031503471415328,60
4209,3,9180,3285,5895,0,0,0,1.0,1,1.0,1,1.0,1,0.2436215007832534,61
4210,3,9183,3286,5897,0,0,0,1.0,1,1.0,1,1.0,1,0.2293936553781638,62
4211,2,9185,3286,5899,0,0,0,1.0,1,1.0,1,1.0,1,0.22059710567576768,63
4212,2,9187,3286,5901,0,0,0,1.0,1,1.0,1,1.0,1,0.2007891607850352,64
4213,3,9190,3286,5904,0,0,0,1.0,1,1.0,1,1.0,1,0.18698858304946075,65
4214,5,9195,3286,5909,0,0,0,1.0,1,1.0,1,1.0,1,0.17703335189283265,65
4215,4,9199,3286,5913,0,0,0,1.0,1,1.0,1,1.0,1,0.17703335189283265,65
4216,2,9201,3286,5915,0,0,0,1.0,1,1.0,1,1.0,1,0.20324216401133868,64
4217,1,9202,3287,5915,0,0,0,1.0,1,1.0,1,1.0,1,0.20887375362889965,65
4218,2,9204,3287,5917,0,0,0,1.0,1,1.0,1,1.0,1,0.19128802439246428,65
4219,5,9209,3288,5921,0,0,0,1.0,1,1.0,1,1.0,1,0.20905410328194193,65
4220,5,9214,3290,5924,0,0,0,1.0,1,1.0,1,1.0,1,0.2088165721224846,65
4221,6,9220,3292,5928,0,0,0,1.0,1,1.0,1,1.0,1,0.22448774234299243,67
4222,4,9224,3295,5929,0,0,0,1.0,1,1.0,1,1.0,1,0.24939296723945575,68
4223,3,9227,3296,5931,0,0,0,1.0,1,1.0,1,1.0,1,0.2594441203776075,68
4224,1,9228,3296,5932,0,0,0,1.0,1,1.0,1,1.0,1,0.26202106779992623,68
4225,0,9228,3296,5932,0,0,0,1.0,1,1.0,1,1.0,1,0.2528398364833256,66
4226,1,9229,3297,5932,0,0,0,1.0,1,1.0,1,1.0,1,0.2678802026619761,66
4227,0,9229,3297,5932,0,0,0,1.0,1,1.0,1,1.0,1,0.2678802026619761,66
4228,0,9229,3297,5932,0,0,0,1.0,1,1.0,1,1.0,1,0.2643247569045726,65
4229,1,9230,3298,5932,0,0,0,1.0,1,1.0,1,1.0,1,0.2733575203077686,65
4230,1,9231,3299,5932,0,0,0,1.0,1,1.0,1,1.0,1,0.301396414370713,64
4231,0,9231,3299,5932,0,0,0,1.0,1,1.0,1,1.0,1,0.3022682838860505,64
4232,3,9234,3300,5934,0,0,0,1.0,1,1.0,1,1.0,1,0.3057403709716956,65
4233,0,9234,3300,5934,0,0,0,1.0,1,1.0,1,1.0,1,0.3033420041053835,64
4234,2,9236,3302,5934,0,0,0,1.0,1,1.0,1,1.0,1,0.30331281747705635,63
4235,2,9238,3304,5934,0,0,0,1.0,1,1.0,1,1.0,1,0.3252145743405614,63
4236,1,9239,3304,5935,0,0,0,1.0,1,1.0,1,1.0,1,0.3059418530396194,63
4237,3,9242,3306,5936,0,0,0,1.0,1,1.0,1,1.0,1,0.33334941779864646,65
4238,2,9244,3306,5938,0,0,0,1.0,1,1.0,1,1.0,1,0.32561061330091345,65
4239,2,9246,3306,5940,0,0,0,1.0,1,1.0,1,1.0,1,0.32561061330091345,65
4240,3,9249,3307,5942,0,0,0,1.0,1,1.0,1,1.0,1,0.3091901618589676,66
4241,10,9259,3307,5952,0,0,0,1.0,1,1.0,1,1.0,1,0.20402067215036854,66
4242,3,9262,3308,5954,0,0,0,1.0,1,1.0,1,1.0,1,0.18692891033278353,69
4243,1,9263,3308,5955,0,0,0,1.0,1,1.0,1,1.0,1,0.19258938464435543,71
4244,0,9263,3308,5955,0,0,0,1.0,1,1.0,1,1.0,1,0.19258938464435543,71
4245,1,9264,3308,5956,0,0,0,1.0,1,1.0,1,1.0,1,0.1900932867548788,73
4246,0,9264,3308,5956,0,0,0,1.0,1,1.0,1,1.0,1,0.18798298305584468,74
4247,1,9265,3308,5957,0,0,0,1.0,1,1.0,1,1.0,1,0.18422065559249343,74
4248,0,9265,3308,5957,0,0,0,1.0,1,1.0,1,1.0,1,0.18422065559249343,74
4249,1,9266,3308,5958,0,0,0,1.0,1,1.0,1,1.0,1,0.18254478070026556,74
4250,2,9268,3308,5960,0,0,0,1.0,1,1.0,1,1.0,1,0.1812257253971517,74
4251,3,9271,3308,5963,0,0,0,1.0,1,1.0,1,1.0,1,0.16007997232582066,75
4252,4,9275,3310,5965,0,0,0,1.0,1,1.0,1,1.0,1,0.20392989487484336,75
4253,7,9282,3312,5970,0,0,0,1.0,1,1.0,1,1.0,1,0.21024070914549986,76
4254,4,9286,3313,5973,0,0,0,1.0,1,1.0,1,1.0,1,0.20437526721876248,75
4255,5,9291,3314,5977,0,0,0,1.0,1,1.0,1,1.0,1,0.2069856209610398,76
4256,6,9297,3315,5982,0,0,0,1.0,1,1.0,1,1.0,1,0.215863251689212,78
4257,3,9300,3316,5984,0,0,0,1.0,1,1.0,1,1.0,1,0.20911937063514632,78
4258,7,9307,3317,5990,0,0,0,1.0,1,1.0,1,1.0,1,0.21697097926598033,77
4259,4,9311,3318,5993,0,0,0,1.0,1,1.0,1,1.0,1,0.2467439552032765,78
4260,7,9318,3318,6000,0,0,0,1.0,1,1.0,1,1.0,1,0.2433414973246449,77
4261,3,9321,3320,6001,0,0,0,1.0,1,1.0,1,1.0,1,0.2108662334159645,76
4262,2,9323,3320,6003,0,0,0,1.0,1,1.0,1,1.0,1,0.20079640833831391,75
4263,4,9327,3323,6004,0,0,0,1.0,1,1.0,1,1.0,1,0.21102429117068053,74
4264,2,9329,3323,6006,0,0,0,1.0,1,1.0,1,1.0,1,0.22223100984967672,74
4265,0,9329,3323,6006,0,0,0,1.0,1,1.0,1,1.0,1,0.23150860140017368,73
4266,0,9329,3323,6006,0,0,0,1.0,1,1.0,1,1.0,1,0.252616672041579,71
4267,2,9331,3325,6006,0,0,0,1.0,1,1.0,1,1.0,1,0.2609035971467491,69
4268,4,9335,3327,6008,0,0,0,1.0,1,1.0,1,1.0,1,0.28396700427668625,67
4269,0,9335,3327,6008,0,0,0,1.0,1,1.0,1,1.0,1,0.2959181541199354,64
4270,3,9338,3329,6009,0,0,0,1.0,1,1.0,1,1.0,1,0.26628027652933545,63
4271,1,9339,3330,6009,0,0,0,1.0,1,1.0,1,1.0,1,0.271390820502377,63
4272,0,9339,3330,6009,0,0,0,1.0,1,1.0,1,1.0,1,0.26921660665440805,62
4273,1,9340,3331,6009,0,0,0,1.0,1,1.0,1,1.0,1,0.2821223505137745,62
4274,1,9341,3331,6010,0,0,0,1.0,1,1.0,1,1.0,1,0.26083919518460597,62
4275,3,9344,3333,6011,0,0,0,1.0,1,1.0,1,1.0,1,0.23548080221613873,61
4276,1,9345,3333,6012,0,0,0,1.0,1,1.0,1,1.0,1,0.2301021103592804,62
4277,0,9345,3333,6012,0,0,0,1.0,1,1.0,1,1.0,1,0.24156167313155233,63
4278,1,9346,3334,6012,0,0,0,1.0,1,1.0,1,1.0,1,0.2359477045820578,64
4279,0,9346,3334,6012,0,0,0,1.0,1,1.0,1,1.0,1,0.24727020739934646,65
4280,1,9347,3335,6012,0,0,0,1.0,1,1.0,1,1.0,1,0.2532042629108551,65
4281,10,9357,3336,6021,0,0,0,1.0,1,1.0,1,1.0,1,0.17061938902601004,65
4282,2,9359,3338,6021,0,0,0,1.0,1,1.0,1,1.0,1,0.17788622372493224,66
4283,4,9363,3341,6022,0,0,0,1.0,1,1.0,1,1.0,1,0.22708408366007213,66
4284,3,9366,3343,6023,0,0,0,1.0,1,1.0,1,1.0,1,0.2520734863280748,66
4285,2,9368,3344,6024,0,0,0,1.0,1,1.0,1,1.0,1,0.2474142193413042,67
4286,3,9371,3345,6026,0,0,0,1.0,1,1.0,1,1.0,1,0.298122411224544,67
4287,1,9372,3345,6027,0,0,0,1.0,1,1.0,1,1.0,1,0.2990105267515193,67
4288,2,9374,3347,6027,0,0,0,1.0,1,1.0,1,1.0,1,0.2743090086858931,68
4289,1,9375,3348,6027,0,0,0,1.0,1,1.0,1,1.0,1,0.29573587383687916,68
4290,2,9377,3348,6029,0,0,0,1.0,1,1.0,1,1.0,1,0.27378708538506324,70
4291,0,9377,3348,6029,0,0,0,1.0,1,1.0,1,1.0,1,0.2755995722791585,71
4292,0,9377,3348,6029,0,0,0,1.0,1,1.0,1,1.0,1,0.2755995722791585,71
4293,0,9377,3348,6029,0,0,0,1.0,1,1.0,1,1.0,1,0.2755995722791585,71
4294,1,9378,3349,6029,0,0,0,1.0,1,1.0,1,1.0,1,0.2690435094602436,71
4295,0,9378,3349,6029,0,0,0,1.0,1,1.0,1,1.0,1,0.27545986424375457,72
4296,2,9380,3350,6030,0,0,0,1.0,1,1.0,1,1.0,1,0.289004806701603,73
4297,0,9380,3350,6030,0,0,0,1.0,1,1.0,1,1.0,1,0.289004806701603,73
4298,4,9384,3351,6033,0,0,0,1.0,1,1.0,1,1.0,1,0.2891936990438982,74
4299,1,9385,3351,6034,0,0,0,1.0,1,1.0,1,1.0,1,0.266965878746867,75
4300,1,9386,3351,6035,0,0,0,1.0,1,1.0,1,1.0,1,0.2515795627235825,75
4301,6,9392,3351,6041,0,0,0,1.0,1,1.0,1,1.0,1,0.2005234288768369,76
4302,0,9392,3351,6041,0,0,0,1.0,1,1.0,1,1.0,1,0.2005234288768369,76
4303,2,9394,3351,6043,0,0,0,1.0,1,1.0,1,1.0,1,0.17789438361549256,75
4304,0,9394,3351,6043,0,0,0,1.0,1,1.0,1,1.0,1,0.17789438361549256,75
4305,0,9394,3351,6043,0,0,0,1.0,1,1.0,1,1.0,1,0.18577173060036545,73
4306,2,9396,3353,6043,0,0,0,1.0,1,1.0,1,1.0,1,0.19276769415027112,74
4307,4,9400,3355,6045,0,0,0,1.0,1,1.0,1,1.0,1,0.19446546264315134,73
4308,1,9401,3356,6045,0,0,0,1.0,1,1.0,1,1.0,1,0.18649329586811433,71
4309,1,9402,3357,6045,0,0,0,1.0,1,1.0,1,1.0,1,0.19343478690787447,70
4310,0,9402,3357,6045,0,0,0,1.0,1,1.0,1,1.0,1,0.22232077878201686,69
4311,1,9403,3358,6045,0,0,0,1.0,1,1.0,1,1.0,1,0.22726463483449835,69
4312,8,9411,3362,6049,0,0,0,1.0,1,1.0,1,1.0,1,0.20598945163759821,66
4313,1,9412,3362,6050,0,0,0,1.0,1,1.0,1,1.0,1,0.21376838546668905,64
4314,0,9412,3362,6050,0,0,0,1.0,1,1.0,1,1.0,1,0.24027658988280765,61
4315,1,9413,3363,6050,0,0,0,1.0,1,1.0,1,1.0,1,0.2458335521552617,61
4316,1,9414,3364,6050,0,0,0,1.0,1,1.0,1,1.0,1,0.2991602087045065,60
4317,1,9415,3365,6050,0,0,0,1.0,1,1.0,1,1.0,1,0.2624828492239589,62
4318,1,9416,3365,6051,0,0,0,1.0,1,1.0,1,1.0,1,0.2904678347498876,59
4319,2,9418,3367,6051,0,0,0,1.0,1,1.0,1,1.0,1,0.32016368493151975,60
4320,1,9419,3367,6052,0,0,0,1.0,1,1.0,1,1.0,1,0.30799323241533527,60
4321,8,9427,3370,6057,0,0,0,1.0,1,1.0,1,1.0,1,0.2411265910899292,61
4322,1,9428,3371,6057,0,0,0,1.0,1,1.0,1,1.0,1,0.25900081958277443,61
4323,1,9429,3371,6058,0,0,0,1.0,1,1.0,1,1.0,1,0.26537187336571416,61
4324,1,9430,3372,6058,0,0,0,1.0,1,1.0,1,1.0,1,0.2907151644210886,60
4325,1,9431,3372,6059,0,0,0,1.0,1,1.0,1,1.0,1,0.2826821592625078,60
4326,1,9432,3372,6060,0,0,0,1.0,1,1.0,1,1.0,1,0.27346931655749535,61
4327,1,9433,3372,6061,0,0,0,1.0,1,1.0,1,1.0,1,0.2534978010343053,62
4328,1,9434,3372,6062,0,0,0,1.0,1,1.0,1,1.0,1,0.24047160451442726,62
4329,2,9436,3372,6064,0,0,0,1.0,1,1.0,1,1.0,1,0.240886338755233,65
4330,2,9438,3372,6066,0,0,0,1.0,1,1.0,1,1.0,1,0.22391347447598767,65
4331,2,9440,3372,6068,0,0,0,1.0,1,1.0,1,1.0,1,0.22391347447598767,65
4332,3,9443,3373,6070,0,0,0,1.0,1,1.0,1,1.0,1,0.24202821563738344,66
4333,2,9445,3373,6072,0,0,0,1.0,1,1.0,1,1.0,1,0.24202821563738344,66
4334,2,9447,3374,6073,0,0,0,1.0,1,1.0,1,1.0,1,0.26538917621465075,66
4335,1,9448,3374,6074,0,0,0,1.0,1,1.0,1,1.0,1,0.2750083114536397,65
4336,10,9458,3378,6080,0,0,0,1.0,1,1.0,1,1.0,1,0.25743604362384964,67
4337,5,9463,3379,6084,0,0,0,1.0,1,1.0,1,1.0,1,0.29587462284753446,69
4338,4,9467,3379,6088,0,0,0,1.0,1,1.0,1,1.0,1,0.27479155723079957,70
4339,7,9474,3379,6095,0,0,0,1.0,1,1.0,1,1.0,1,0.2799089247163482,70
4340,9,9483,3379,6104,0,0,0,1.0,1,1.0,1,1.0,1,0.28014399078695107,71
4341,7,9490,3380,6110,0,0,0,1.0,1,1.0,1,1.0,1,0.23162791080154113,70
4342,2,9492,3380,6112,0,0,0,1.0,1,1.0,1,1.0,1,0.22653960173014753,71
4343,4,9496,3383,6113,0,0,0,1.0,1,1.0,1,1.0,1,0.24489599280441837,67
4344,5,9501,3387,6114,0,0,0,1.0,1,1.0,1,1.0,1,0.25393059754296593,67
4345,4,9505,3389,6116,0,0,0,1.0,1,1.0,1,1.0,1,0.2372304539657592,64
4346,6,9511,3394,6117,0,0,0,1.0,1,1.0,1,1.0,1,0.24800694559968275,64
4347,3,9514,3396,6118,0,0,0,1.0,1,1.0,1,1.0,1,0.2898394868628654,62
4348,2,9516,3398,6118,0,0,0,1.0,1,1.0,1,1.0,1,0.2914073309895031,62
4349,2,9518,3400,6118,0,0,0,1.0,1,1.0,1,1.0,1,0.3129705995870442,61
4350,3,9521,3403,6118,0,0,0,1.0,1,1.0,1,1.0,1,0.3401224526854968,60
4351,1,9522,3404,6118,0,0,0,1.0,1,1.0,1,1.0,1,0.34158297746573024,60
4352,0,9522,3404,6118,0,0,0,1.0,1,1.0,1,1.0,1,0.382577398114304,57
4353,2,9524,3406,6118,0,0,0,1.0,1,1.0,1,1.0,1,0.36495817333318,55
4354,3,9527,3406,6121,0,0,0,1.0,1,1.0,1,1.0,1,0.3196426706054746,55
4355,1,9528,3406,6122,0,0,0,1.0,1,1.0,1,1.0,1,0.32355077602510435,53
4356,1,9529,3407,6122,0,0,0,1.0,1,1.0,1,1.0,1,0.2838897515323713,55
4357,1,9530,3408,6122,0,0,0,1.0,1,1.0,1,1.0,1,0.3272179243039972,55
4358,3,9533,3409,6124,0,0,0,1.0,1,1.0,1,1.0,1,0.3306702452009893,55
4359,0,9533,3409,6124,0,0,0,1.0,1,1.0,1,1.0,1,0.34844877310034594,54
4360,0,9533,3409,6124,0,0,0,1.0,1,1.0,1,1.0,1,0.3463848173228628,55
4361,10,9543,3410,6133,0,0,0,1.0,1,1.0,1,1.0,1,0.21559937277630414,54
4362,0,9543,3410,6133,0,0,0,1.0,1,1.0,1,1.0,1,0.20904270127606636,55
4363,1,9544,3410,6134,0,0,0,1.0,1,1.0,1,1.0,1,0.22742399289417875,55
4364,1,9545,3411,6134,0,0,0,1.0,1,1.0,1,1.0,1,0.2492354249589471,55
4365,1,9546,3412,6134,0,0,0,1.0,1,1.0,1,1.0,1,0.2781661594703924,54
4366,4,9550,3413,6137,0,0,0,1.0,1,1.0,1,1.0,1,0.25435984004696727,54
4367,8,9558,3414,6144,0,0,0,1.0,1,1.0,1,1.0,1,0.2551316255545826,57
4368,5,9563,3414,6149,0,0,0,1.0,1,1.0,1,1.0,1,0.28349108603688794,57
4369,5,9568,3414,6154,0,0,0,1.0,1,1.0,1,1.0,1,0.26631377070712703,58
4370,3,9571,3414,6157,0,0,0,1.0,1,1.0,1,1.0,1,0.26937765786888473,59
4371,2,9573,3414,6159,0,0,0,1.0,1,1.0,1,1.0,1,0.27237412232734337,60
4372,5,9578,3415,6163,0,0,0,1.0,1,1.0,1,1.0,1,0.2958028275392904,60
4373,6,9584,3415,6169,0,0,0,1.0,1,1.0,1,1.0,1,0.290214675218964,60
4374,4,9588,3416,6172,0,0,0,1.0,1,1.0,1,1.0,1,0.31980577160036805,59
4375,7,9595,3417,6178,0,0,0,1.0,1,1.0,1,1.0,1,0.31163594962995794,60
4376,6,9601,3417,6184,0,0,0,1.0,1,1.0,1,1.0,1,0.33115260461736973,60
4377,5,9606,3418,6188,0,0,0,1.0,1,1.0,1,1.0,1,0.34271281562763334,61
4378,7,9613,3418,6195,0,0,0,1.0,1,1.0,1,1.0,1,0.32068205894134316,64
4379,7,9620,3419,6201,0,0,0,1.0,1,1.0,1,1.0,1,0.3221425493226868,64
4380,9,9629,3421,6208,0,0,0,1.0,1,1.0,1,1.0,1,0.3130969115472113,65
4381,4,9633,3421,6212,0,0,0,1.0,1,1.0,1,1.0,1,0.25859649193222145,64
4382,6,9639,3422,6217,0,0,0,1.0,1,1.0,1,1.0,1,0.22791255000653957,64
4383,0,9639,3422,6217,0,0,0,1.0,1,1.0,1,1.0,1,0.23571896912236845,64
4384,1,9640,3423,6217,0,0,0,1.0,1,1.0,1,1.0,1,0.3131091431345282,60
4385,1,9641,3423,6218,0,0,0,1.0,1,1.0,1,1.0,1,0.30428833062009963,58
4386,1,9642,3424,6218,0,0,0,1.0,1,1.0,1,1.0,1,0.2985755433909273,58
4387,3,9645,3425,6220,0,0,0,1.0,1,1.0,1,1.0,1,0.30563678053618576,55
4388,5,9650,3428,6222,0,0,0,1.0,1,1.0,1,1.0,1,0.2545563101181199,56
4389,0,9650,3428,6222,0,0,0,1.0,1,1.0,1,1.0,1,0.2605232316134545,55
4390,0,9650,3428,6222,0,0,0,1.0,1,1.0,1,1.0,1,0.2605232316134545,55
4391,2,9652,3430,6222,0,0,0,1.0,1,1.0,1,1.0,1,0.25257318878119467,56
4392,0,9652,3430,6222,0,0,0,1.0,1,1.0,1,1.0,1,0.2540896262142133,56
4393,1,9653,3431,6222,0,0,0,1.0,1,1.0,1,1.0,1,0.29243375719748116,55
4394,1,9654,3432,6222,0,0,0,1.0,1,1.0,1,1.0,1,0.2998452928378287,53
4395,2,9656,3434,6222,0,0,0,1.0,1,1.0,1,1.0,1,0.3335577970312725,53
4396,4,9660,3438,6222,0,0,0,1.0,1,1.0,1,1.0,1,0.3232190888501869,53
4397,1,9661,3439,6222,0,0,0,1.0,1,1.0,1,1.0,1,0.3665627057711536,50
4398,0,9661,3439,6222,0,0,0,1.0,1,1.0,1,1.0,1,0.36105942296808596,50
4399,0,9661,3439,6222,0,0,0,1.0,1,1.0,1,1.0,1,0.3619198197407904,52
4400,2,9663,3440,6223,0,0,0,1.0,1,1.0,1,1.0,1,0.3720641272721197,55
4401,6,9669,3440,6229,0,0,0,1.0,1,1.0,1,1.0,1,0.29475363377472596,56
4402,0,9669,3440,6229,0,0,0,1.0,1,1.0,1,1.0,1,0.29475363377472596,56
4403,2,9671,3441,6230,0,0,0,1.0,1,1.0,1,1.0,1,0.2774655104357677,57
4404,2,9673,3443,6230,0,0,0,1.0,1,1.0,1,1.0,1,0.2984349416805968,57
4405,1,9674,3443,6231,0,0,0,1.0,1,1.0,1,1.0,1,0.29020545958400007,58
4406,0,9674,3443,6231,0,0,0,1.0,1,1.0,1,1.0,1,0.29020545958400007,58
4407,0,9674,3443,6231,0,0,0,1.0,1,1.0,1,1.0,1,0.29020545958400007,58
4408,1,9675,3443,6232,0,0,0,1.0,1,1.0,1,1.0,1,0.2975492964646813,59
4409,1,9676,3443,6233,0,0,0,1.0,1,1.0,1,1.0,1,0.29308029299816263,59
4410,1,9677,3443,6234,0,0,0,1.0,1,1.0,1,1.0,1,0.29781374266550115,59
4411,1,9678,3443,6235,0,0,0,1.0,1,1.0,1,1.0,1,0.2895444593967174,62
4412,1,9679,3443,6236,0,0,0,1.0,1,1.0,1,1.0,1,0.28250818815027656,63
4413,1,9680,3444,6236,0,0,0,1.0,1,1.0,1,1.0,1,0.29753028752599797,63
4414,1,9681,3444,6237,0,0,0,1.0,1,1.0,1,1.0,1,0.269627132486678,64
4415,2,9683,3444,6239,0,0,0,1.0,1,1.0,1,1.0,1,0.2588944706195463,64
4416,0,9683,3444,6239,0,0,0,1.0,1,1.0,1,1.0,1,0.2588944706195463,64
4417,2,9685,3444,6241,0,0,0,1.0,1,1.0,1,1.0,1,0.24760234818001572,65
4418,4,9689,3445,6244,0,0,0,1.0,1,1.0,1,1.0,1,0.27016703372481154,65
4419,3,9692,3445,6247,0,0,0,1.0,1,1.0,1,1.0,1,0.31490789617388076,62
4420,2,9694,3445,6249,0,0,0,1.0,1,1.0,1,1.0,1,0.33464041994989835,62
4421,10,9704,3445,6259,0,0,0,1.0,1,1.0,1,1.0,1,0.22135108761228203,65
4422,2,9706,3446,6260,0,0,0,1.0,1,1.0,1,1.0,1,0.22845337744829125,64
4423,1,9707,3447,6260,0,0,0,1.0,1,1.0,1,1.0,1,0.22901830727029507,63
4424,4,9711,3448,6263,0,0,0,1.0,1,1.0,1,1.0,1,0.19071356126172773,63
4425,5,9716,3449,6267,0,0,0,1.0,1,1.0,1,1.0,1,0.18639497607706917,63
4426,4,9720,3450,6270,0,0,0,1.0,1,1.0,1,1.0,1,0.170638008920299,63
4427,3,9723,3451,6272,0,0,0,1.0,1,1.0,1,1.0,1,0.17860183234133,62
4428,3,9726,3451,6275,0,0,0,1.0,1,1.0,1,1.0,1,0.15518571142931495,61
4429,4,9730,3452,6278,0,0,0,1.0,1,1.0,1,1.0,1,0.1569292811757606,62
4430,3,9733,3453,6280,0,0,0,1.0,1,1.0,1,1.0,1,0.17641126513472216,60
4431,1,9734,3453,6281,0,0,0,1.0,1,1.0,1,1.0,1,0.17180242391128486,59
4432,5,9739,3456,6283,0,0,0,1.0,1,1.0,1,1.0,1,0.14643662174172162,60
4433,2,9741,3458,6283,0,0,0,1.0,1,1.0,1,1.0,1,0.12273984020884138,61
4434,3,9744,3459,6285,0,0,0,1.0,1,1.0,1,1.0,1,0.1345709517964826,61
4435,3,9747,3461,6286,0,0,0,1.0,1,1.0,1,1.0,1,0.18631831797718312,61
4436,0,9747,3461,6286,0,0,0,1.0,1,1.0,1,1.0,1,0.18631831797718312,61
4437,4,9751,3464,6287,0,0,0,1.0,1,1.0,1,1.0,1,0.25400934595025415,61
4438,1,9752,3464,6288,0,0,0,1.0,1,1.0,1,1.0,1,0.23188460819858242,62
4439,0,9752,3464,6288,0,0,0,1.0,1,1.0,1,1.0,1,0.2423501198133265,63
4440,1,9753,3464,6289,0,0,0,1.0,1,1.0,1,1.0,1,0.23071579393419142,64
4441,7,9760,3464,6296,0,0,0,1.0,1,1.0,1,1.0,1,0.14748363441746953,64
4442,4,9764,3466,6298,0,0,0,1.0,1,1.0,1,1.0,1,0.17195809980256982,67
4443,3,9767,3467,6300,0,0,0,1.0,1,1.0,1,1.0,1,0.17375500883660033,68
4444,6,9773,3468,6305,0,0,0,1.0,1,1.0,1,1.0,1,0.1874134913282081,69
4445,9,9782,3469,6313,0,0,0,1.0,1,1.0,1,1.0,1,0.22097834791345972,71
4446,11,9793,3469,6324,0,0,0,1.0,1,1.0,1,1.0,1,0.22615158953915365,71
4447,4,9797,3469,6328,0,0,0,1.0,1,1.0,1,1.0,1,0.21384199705085505,72
4448,8,9805,3469,6336,0,0,0,1.0,1,1.0,1,1.0,1,0.20997725847391496,71
4449,5,9810,3470,6340,0,0,0,1.0,1,1.0,1,1.0,1,0.2237848373913388,70
4450,5,9815,3470,6345,0,0,0,1.0,1,1.0,1,1.0,1,0.21876737246720643,69
4451,8,9823,3470,6353,0,0,0,1.0,1,1.0,1,1.0,1,0.22424799946219412,69
4452,6,9829,3470,6359,0,0,0,1.0,1,1.0,1,1.0,1,0.24103455225096804,70
4453,6,9835,3470,6365,0,0,0,1.0,1,1.0,1,1.0,1,0.23998412654396184,70
4454,7,9842,3470,6372,0,0,0,1.0,1,1.0,1,1.0,1,0.21163175193344314,71
4455,5,9847,3470,6377,0,0,0,1.0,1,1.0,1,1.0,1,0.20645022259379753,71
4456,5,9852,3472,6380,0,0,0,1.0,1,1.0,1,1.0,1,0.23757647450626795,71
4457,6,9858,3472,6386,0,0,0,1.0,1,1.0,1,1.0,1,0.23570608801182988,69
4458,7,9865,3475,6390,0,0,0,1.0,1,1.0,1,1.0,1,0.2519225478685707,70
4459,4,9869,3475,6394,0,0,0,1.0,1,1.0,1,1.0,1,0.24316276406188125,68
4460,6,9875,3478,6397,0,0,0,1.0,1,1.0,1,1.0,1,0.23627946448839438,68
4461,5,9880,3478,6402,0,0,0,1.0,1,1.0,1,1.0,1,0.17721231335765808,67
4462,1,9881,3479,6402,0,0,0,1.0,1,1.0,1,1.0,1,0.19695648418801479,66
4463,0,9881,3479,6402,0,0,0,1.0,1,1.0,1,1.0,1,0.21665775780745525,65
4464,2,9883,3481,6402,0,0,0,1.0,1,1.0,1,1.0,1,0.2332642167764434,62
4465,3,9886,3483,6403,0,0,0,1.0,1,1.0,1,1.0,1,0.22955525531682583,61
4466,1,9887,3484,6403,0,0,0,1.0,1,1.0,1,1.0,1,0.2593867975914027,60
4467,3,9890,3486,6404,0,0,0,1.0,1,1.0,1,1.0,1,0.25911294349258346,58
4468,2,9892,3488,6404,0,0,0,1.0,1,1.0,1,1.0,1,0.24554677321919108,57
4469,2,9894,3489,6405,0,0,0,1.0,1,1.0,1,1.0,1,0.2523186290273048,56
4470,4,9898,3491,6407,0,0,0,1.0,1,1.0,1,1.0,1,0.21473065963169882,55
4471,1,9899,3492,6407,0,0,0,1.0,1,1.0,1,1.0,1,0.20322063331981902,55
4472,3,9902,3495,6407,0,0,0,1.0,1,1.0,1,1.0,1,0.22399543075161107,55
4473,1,9903,3496,6407,0,0,0,1.0,1,1.0,1,1.0,1,0.23774074129072537,55
4474,3,9906,3498,6408,0,0,0,1.0,1,1.0,1,1.0,1,0.2549693624310572,55
4475,2,9908,3500,6408,0,0,0,1.0,1,1.0,1,1.0,1,0.27341228492548225,56
4476,1,9909,3500,6409,0,0,0,1.0,1,1.0,1,1.0,1,0.2565997806601838,56
4477,0,9909,3500,6409,0,0,0,1.0,1,1.0,1,1.0,1,0.2666315593149623,57
4478,0,9909,3500,6409,0,0,0,1.0,1,1.0,1,1.0,1,0.2757230102759479,55
4479,1,9910,3501,6409,0,0,0,1.0,1,1.0,1,1.0,1,0.2940121373853735,55
4480,0,9910,3501,6409,0,0,0,1.0,1,1.0,1,1.0,1,0.29521359096410366,54
4481,7,9917,3501,6416,0,0,0,1.0,1,1.0,1,1.0,1,0.23072499196387167,53
4482,5,9922,3503,6419,0,0,0,1.0,1,1.0,1,1.0,1,0.20930038889864863,54
4483,1,9923,3503,6420,0,0,0,1.0,1,1.0,1,1.0,1,0.19151419623526544,55
4484,2,9925,3505,6420,0,0,0,1.0,1,1.0,1,1.0,1,0.20096102181967485,57
4485,5,9930,3507,6423,0,0,0,1.0,1,1.0,1,1.0,1,0.21244663849495907,60
4486,3,9933,3508,6425,0,0,0,1.0,1,1.0,1,1.0,1,0.2186142110606938,60
4487,2,9935,3508,6427,0,0,0,1.0,1,1.0,1,1.0,1,0.21707053566873508,60
4488,0,9935,3508,6427,0,0,0,1.0,1,1.0,1,1.0,1,0.21707053566873508,60
4489,1,9936,3509,6427,0,0,0,1.0,1,1.0,1,1.0,1,0.22409215498860446,60
4490,1,9937,3509,6428,0,0,0,1.0,1,1.0,1,1.0,1,0.22157410764880398,60
4491,0,9937,3509,6428,0,0,0,1.0,1,1.0,1,1.0,1,0.20656503287207398,61
4492,1,9938,3510,6428,0,0,0,1.0,1,1.0,1,1.0,1,0.18637867449073098,61
4493,2,9940,3512,6428,0,0,0,1.0,1,1.0,1,1.0,1,0.20135883854420894,60
4494,6,9946,3514,6432,0,0,0,1.0,1,1.0,1,1.0,1,0.1787904589596903,61
4495,2,9948,3515,6433,0,0,0,1.0,1,1.0,1,1.0,1,0.19953583206219447,59
4496,2,9950,3515,6435,0,0,0,1.0,1,1.0,1,1.0,1,0.1933901300796891,60
4497,4,9954,3516,6438,0,0,0,1.0,1,1.0,1,1.0,1,0.22420477658725282,59
4498,1,9955,3516,6439,0,0,0,1.0,1,1.0,1,1.0,1,0.20455310078271577,57
4499,6,9961,3519,6442,0,0,0,1.0,1,1.0,1,1.0,1,0.2345639027498987,58
4500,2,9963,3520,6443,0,0,0,1.0,1,1.0,1,1.0,1,0.20608764035149071,56
4501,3,9966,3520,6446,0,0,0,1.0,1,1.0,1,1.0,1,0.18657900603085853,57
4502,5,9971,3525,6446,0,0,0,1.0,1,1.0,1,1.0,1,0.2427377954493116,56
4503,1,9972,3525,6447,0,0,0,1.0,1,1.0,1,1.0,1,0.2307580022036493,54
4504,1,9973,3526,6447,0,0,0,1.0,1,1.0,1,1.0,1,0.21459836008727254,54
4505,4,9977,3530,6447,0,0,0,1.0,1,1.0,1,1.0,1,0.24575804210664887,51
4506,2,9979,3531,6448,0,0,0,1.0,1,1.0,1,1.0,1,0.23991826596180857,49
4507,4,9983,3534,6449,0,0,0,1.0,1,1.0,1,1.0,1,0.3000883586949019,48
4508,4,9987,3534,6453,0,0,0,1.0,1,1.0,1,1.0,1,0.2762520653848838,48
4509,2,9989,3534,6455,0,0,0,1.0,1,1.0,1,1.0,1,0.2973711404188185,46
4510,1,9990,3534,6456,0,0,0,1.0,1,1.0,1,1.0,1,0.28569506426549834,44
4511,0,9990,3534,6456,0,0,0,1.0,1,1.0,1,1.0,1,0.30061848799759666,45
4512,1,9991,3535,6456,0,0,0,1.0,1,1.0,1,1.0,1,0.30370832371010886,46
4513,0,9991,3535,6456,0,0,0,1.0,1,1.0,1,1.0,1,0.31316623222574874,45
4514,1,9992,3536,6456,0,0,0,1.0,1,1.0,1,1.0,1,0.2746279001946611,46
4515,2,9994,3536,6458,0,0,0,1.0,1,1.0,1,1.0,1,0.25588414665337594,48
4516,0,9994,3536,6458,0,0,0,1.0,1,1.0,1,1.0,1,0.25006707936817213,49
4517,1,9995,3537,6458,0,0,0,1.0,1,1.0,1,1.0,1,0.2654506018130048,50
4518,1,9996,3538,6458,0,0,0,1.0,1,1.0,1,1.0,1,0.2592607461403152,50
4519,3,9999,3540,6459,0,0,0,1.0,1,1.0,1,1.0,1,0.26488238696830296,49
4520,0,9999,3540,6459,0,0,0,1.0,1,1.0,1,1.0,1,0.2766077835824569,50
4521,1,10000,3540,6460,0,0,0,1.0,1,1.0,1,1.0,1,0.25237942838600014,50
4522,2,10002,3540,6462,0,0,0,1.0,1,1.0,1,1.0,1,0.22036618973119107,50
4523,1,10003,3540,6463,0,0,0,1.0,1,1.0,1,1.0,1,0.21185531768010804,51
4524,1,10004,3541,6463,0,0,0,1.0,1,1.0,1,1.0,1,0.23074170353523002,52
4525,3,10007,3543,6464,0,0,0,1.0,1,1.0,1,1.0,1,0.2506315326709344,53
4526,2,10009,3543,6466,0,0,0,1.0,1,1.0,1,1.0,1,0.23161317195561745,54
4527,2,10011,3543,6468,0,0,0,1.0,1,1.0,1,1.0,1,0.2150411725457869,55
4528,0,10011,3543,6468,0,0,0,1.0,1,1.0,1,1.0,1,0.2150411725457869,55
4529,3,10014,3543,6471,0,0,0,1.0,1,1.0,1,1.0,1,0.17897239102920798,55
4530,0,10014,3543,6471,0,0,0,1.0,1,1.0,1,1.0,1,0.1775072471269836,56
4531,2,10016,3545,6471,0,0,0,1.0,1,1.0,1,1.0,1,0.24888423325104972,56
4532,2,10018,3546,6472,0,0,0,1.0,1,1.0,1,1.0,1,0.29844287490604526,55
4533,1,10019,3547,6472,0,0,0,1.0,1,1.0,1,1.0,1,0.3167163892774371,54
4534,1,10020,3547,6473,0,0,0,1.0,1,1.0,1,1.0,1,0.314176784903683,55
4535,0,10020,3547,6473,0,0,0,1.0,1,1.0,1,1.0,1,0.3074214830030462,52
4536,2,10022,3549,6473,0,0,0,1.0,1,1.0,1,1.0,1,0.29887168430628447,53
4537,1,10023,3550,6473,0,0,0,1.0,1,1.0,1,1.0,1,0.28299204875117695,52
4538,1,10024,3551,6473,0,0,0,1.0,1,1.0,1,1.0,1,0.3027773943734185,52
4539,1,10025,3552,6473,0,0,0,1.0,1,1.0,1,1.0,1,0.3316462708092808,53
4540,3,10028,3553,6475,0,0,0,1.0,1,1.0,1,1.0,1,0.3091346415555123,54
4541,6,10034,3553,6481,0,0,0,1.0,1,1.0,1,1.0,1,0.22481251811004513,53
4542,4,10038,3557,6481,0,0,0,1.0,1,1.0,1,1.0,1,0.22975003966183352,53
4543,3,10041,3559,6482,0,0,0,1.0,1,1.0,1,1.0,1,0.23317073890958742,53
4544,2,10043,3561,6482,0,0,0,1.0,1,1.0,1,1.0,1,0.2517168567330698,52
4545,0,10043,3561,6482,0,0,0,1.0,1,1.0,1,1.0,1,0.25758182876152835,50
4546,1,10044,3562,6482,0,0,0,1.0,1,1.0,1,1.0,1,0.23024008000726756,49
4547,1,10045,3563,6482,0,0,0,1.0,1,1.0,1,1.0,1,0.2324232823118723,49
4548,0,10045,3563,6482,0,0,0,1.0,1,1.0,1,1.0,1,0.2324232823118723,49
4549,2,10047,3564,6483,0,0,0,1.0,1,1.0,1,1.0,1,0.21863520289131783,50
4550,0,10047,3564,6483,0,0,0,1.0,1,1.0,1,1.0,1,0.2138882077307136,49
4551,1,10048,3565,6483,0,0,0,1.0,1,1.0,1,1.0,1,0.20138504434601412,49
4552,0,10048,3565,6483,0,0,0,1.0,1,1.0,1,1.0,1,0.20138504434601412,49
4553,1,10049,3565,6484,0,0,0,1.0,1,1.0,1,1.0,1,0.19264115924512976,49
4554,0,10049,3565,6484,0,0,0,1.0,1,1.0,1,1.0,1,0.19264115924512976,49
4555,1,10050,3566,6484,0,0,0,1.0,1,1.0,1,1.0,1,0.21141771792286546,48
4556,3,10053,3569,6484,0,0,0,1.0,1,1.0,1,1.0,1,0.1609746264267472,48
4557,1,10054,3570,6484,0,0,0,1.0,1,1.0,1,1.0,1,0.17713658192122944,49
4558,1,10055,3571,6484,0,0,0,1.0,1,1.0,1,1.0,1,0.1639412889766942,49
4559,0,10055,3571,6484,0,0,0,1.0,1,1.0,1,1.0,1,0.18720013467581736,50
4560,0,10055,3571,6484,0,0,0,1.0,1,1.0,1,1.0,1,0.19331583268210212,51
4561,0,10055,3571,6484,0,0,0,1.0,1,1.0,1,1.0,1,0.19373023966042574,52
4562,1,10056,3572,6484,0,0,0,1.0,1,1.0,1,1.0,1,0.23434198024130026,53
4563,2,10058,3573,6485,0,0,0,1.0,1,1.0,1,1.0,1,0.2067961890233573,52
4564,0,10058,3573,6485,0,0,0,1.0,1,1.0,1,1.0,1,0.21254258902078704,54
4565,4,10062,3576,6486,0,0,0,1.0,1,1.0,1,1.0,1,0.21629789322870852,55
4566,3,10065,3577,6488,0,0,0,1.0,1,1.0,1,1.0,1,0.1805232122118377,55
4567,1,10066,3578,6488,0,0,0,1.0,1,1.0,1,1.0,1,0.17369081562786026,56
4568,1,10067,3579,6488,0,0,0,1.0,1,1.0,1,1.0,1,0.20749094180373898,58
4569,1,10068,3579,6489,0,0,0,1.0,1,1.0,1,1.0,1,0.18824004634735977,59
4570,1,10069,3580,6489,0,0,0,1.0,1,1.0,1,1.0,1,0.18616595040269554,59
4571,0,10069,3580,6489,0,0,0,1.0,1,1.0,1,1.0,1,0.1872258929217538,57
4572,3,10072,3583,6489,0,0,0,1.0,1,1.0,1,1.0,1,0.23215337075682319,56
4573,3,10075,3584,6491,0,0,0,1.0,1,1.0,1,1.0,1,0.22797441337656119,56
4574,0,10075,3584,6491,0,0,0,1.0,1,1.0,1,1.0,1,0.24741566757050193,55
4575,0,10075,3584,6491,0,0,0,1.0,1,1.0,1,1.0,1,0.24741566757050193,55
4576,0,10075,3584,6491,0,0,0,1.0,1,1.0,1,1.0,1,0.2392125794689589,55
4577,0,10075,3584,6491,0,0,0,1.0,1,1.0,1,1.0,1,0.2540538519884475,54
4578,1,10076,3585,6491,0,0,0,1.0,1,1.0,1,1.0,1,0.2619630205488549,54
4579,1,10077,3585,6492,0,0,0,1.0,1,1.0,1,1.0,1,0.2451496715583295,54
4580,0,10077,3585,6492,0,0,0,1.0,1,1.0,1,1.0,1,0.23792859048200588,55
4581,3,10080,3586,6494,0,0,0,1.0,1,1.0,1,1.0,1,0.24901884586377024,56
4582,0,10080,3586,6494,0,0,0,1.0,1,1.0,1,1.0,1,0.24901884586377024,56
4583,1,10081,3587,6494,0,0,0,1.0,1,1.0,1,1.0,1,0.2486036447823606,57
4584,1,10082,3588,6494,0,0,0,1.0,1,1.0,1,1.0,1,0.2715335278572345,57
4585,0,10082,3588,6494,0,0,0,1.0,1,1.0,1,1.0,1,0.2715335278572345,57
4586,0,10082,3588,6494,0,0,0,1.0,1,1.0,1,1.0,1,0.2715335278572345,57
4587,0,10082,3588,6494,0,0,0,1.0,1,1.0,1,1.0,1,0.2715335278572345,57
4588,1,10083,3588,6495,0,0,0,1.0,1,1.0,1,1.0,1,0.2751212677991776,58
4589,1,10084,3588,6496,0,0,0,1.0,1,1.0,1,1.0,1,0.26870468099176914,59
4590,0,10084,3588,6496,0,0,0,1.0,1,1.0,1,1.0,1,0.2779040801347525,60
4591,0,10084,3588,6496,0,0,0,1.0,1,1.0,1,1.0,1,0.2846561751608522,61
4592,0,10084,3588,6496,0,0,0,1.0,1,1.0,1,1.0,1,0.28619723351527243,62
4593,4,10088,3589,6499,0,0,0,1.0,1,1.0,1,1.0,1,0.2972914189848857,64
4594,1,10089,3589,6500,0,0,0,1.0,1,1.0,1,1.0,1,0.2747753956143968,64
4595,1,10090,3590,6500,0,0,0,1.0,1,1.0,1,1.0,1,0.2781175312595379,63
4596,1,10091,3591,6500,0,0,0,1.0,1,1.0,1,1.0,1,0.27536573013203414,63
4597,2,10093,3592,6501,0,0,0,1.0,1,1.0,1,1.0,1,0.26054379106844894,63
4598,2,10095,3593,6502,0,0,0,1.0,1,1.0,1,1.0,1,0.23464840019304062,65
4599,2,10097,3594,6503,0,0,0,1.0,1,1.0,1,1.0,1,0.22811509597651083,66
4600,2,10099,3595,6504,0,0,0,1.0,1,1.0,1,1.0,1,0.24596984852232787,67
4601,4,10103,3595,6508,0,0,0,1.0,1,1.0,1,1.0,1,0.18594082083356664,67
4602,2,10105,3595,6510,0,0,0,1.0,1,1.0,1,1.0,1,0.1702781802092146,69
4603,1,10106,3596,6510,0,0,0,1.0,1,1.0,1,1.0,1,0.19135480845957595,69
4604,0,10106,3596,6510,0,0,0,1.0,1,1.0,1,1.0,1,0.19135480845957595,69
4605,0,10106,3596,6510,0,0,0,1.0,1,1.0,1,1.0,1,0.19397781253553928,70
4606,0,10106,3596,6510,0,0,0,1.0,1,1.0,1,1.0,1,0.19397781253553928,70
4607,1,10107,3596,6511,0,0,0,1.0,1,1.0,1,1.0,1,0.19044184024709018,72
4608,1,10108,3596,6512,0,0,0,1.0,1,1.0,1,1.0,1,0.18449234932936637,73
4609,1,10109,3597,6512,0,0,0,1.0,1,1.0,1,1.0,1,0.20273734576189023,72
4610,3,10112,3598,6514,0,0,0,1.0,1,1.0,1,1.0,1,0.18665868424796647,72
4611,0,10112,3598,6514,0,0,0,1.0,1,1.0,1,1.0,1,0.1804228443498839,71
4612,2,10114,3600,6514,0,0,0,1.0,1,1.0,1,1.0,1,0.22133912670486033,70
4613,0,10114,3600,6514,0,0,0,1.0,1,1.0,1,1.0,1,0.21231816849977783,69
4614,1,10115,3600,6515,0,0,0,1.0,1,1.0,1,1.0,1,0.22372760524033497,68
4615,3,10118,3602,6516,0,0,0,1.0,1,1.0,1,1.0,1,0.22086257414897562,68
4616,5,10123,3602,6521,0,0,0,1.0,1,1.0,1,1.0,1,0.23648213806603144,65
4617,1,10124,3603,6521,0,0,0,1.0,1,1.0,1,1.0,1,0.23377674154153172,66
4618,2,10126,3604,6522,0,0,0,1.0,1,1.0,1,1.0,1,0.25217412905424863,66
4619,1,10127,3604,6523,0,0,0,1.0,1,1.0,1,1.0,1,0.2688356077659847,65
4620,3,10130,3604,6526,0,0,0,1.0,1,1.0,1,1.0,1,0.26301250665905707,65
4621,10,10140,3608,6532,0,0,0,1.0,1,1.0,1,1.0,1,0.229335530176334,67
4622,1,10141,3609,6532,0,0,0,1.0,1,1.0,1,1.0,1,0.24472181305214563,65
4623,2,10143,3611,6532,0,0,0,1.0,1,1.0,1,1.0,1,0.25153925136438304,66
4624,2,10145,3613,6532,0,0,0,1.0,1,1.0,1,1.0,1,0.24002250387803042,65
4625,1,10146,3613,6533,0,0,0,1.0,1,1.0,1,1.0,1,0.23428184041409011,64
4626,2,10148,3615,6533,0,0,0,1.0,1,1.0,1,1.0,1,0.23984864906257478,63
4627,2,10150,3616,6534,0,0,0,1.0,1,1.0,1,1.0,1,0.2235389227827082,65
4628,0,10150,3616,6534,0,0,0,1.0,1,1.0,1,1.0,1,0.23865045795894893,64
4629,2,10152,3618,6534,0,0,0,1.0,1,1.0,1,1.0,1,0.2516682259569361,64
4630,3,10155,3619,6536,0,0,0,1.0,1,1.0,1,1.0,1,0.22686986432788467,64
4631,4,10159,3620,6539,0,0,0,1.0,1,1.0,1,1.0,1,0.23313420573443885,66
4632,0,10159,3620,6539,0,0,0,1.0,1,1.0,1,1.0,1,0.24197531134932268,65
4633,0,10159,3620,6539,0,0,0,1.0,1,1.0,1,1.0,1,0.22960042927827543,66
4634,0,10159,3620,6539,0,0,0,1.0,1,1.0,1,1.0,1,0.22960042927827543,66
4635,0,10159,3620,6539,0,0,0,1.0,1,1.0,1,1.0,1,0.23100353457471018,66
4636,0,10159,3620,6539,0,0,0,1.0,1,1.0,1,1.0,1,0.23100353457471018,66
4637,2,10161,3620,6541,0,0,0,1.0,1,1.0,1,1.0,1,0.21598491369863573,68
4638,0,10161,3620,6541,0,0,0,1.0,1,1.0,1,1.0,1,0.21598491369863573,68
4639,3,10164,3621,6543,0,0,0,1.0,1,1.0,1,1.0,1,0.2009753245719979,69
4640,0,10164,3621,6543,0,0,0,1.0,1,1.0,1,1.0,1,0.2009753245719979,69
4641,7,10171,3622,6549,0,0,0,1.0,1,1.0,1,1.0,1,0.12240891734036038,70
4642,0,10171,3622,6549,0,0,0,1.0,1,1.0,1,1.0,1,0.12534373220694917,69
4643,1,10172,3623,6549,0,0,0,1.0,1,1.0,1,1.0,1,0.14570704248526326,70
4644,1,10173,3624,6549,0,0,0,1.0,1,1.0,1,1.0,1,0.18007397275150624,69
4645,1,10174,3624,6550,0,0,0,1.0,1,1.0,1,1.0,1,0.1725311132428936,70
4646,2,10176,3626,6550,0,0,0,1.0,1,1.0,1,1.0,1,0.2150285305934866,68
4647,2,10178,3628,6550,0,0,0,1.0,1,1.0,1,1.0,1,0.2581156363749366,68
4648,2,10180,3628,6552,0,0,0,1.0,1,1.0,1,1.0,1,0.286468803403433,67
4649,7,10187,3630,6557,0,0,0,1.0,1,1.0,1,1.0,1,0.29993213578075745,67
4650,3,10190,3631,6559,0,0,0,1.0,1,1.0,1,1.0,1,0.2617980043189257,67
4651,6,10196,3634,6562,0,0,0,1.0,1,1.0,1,1.0,1,0.2699014278535179,68
4652,5,10201,3636,6565,0,0,0,1.0,1,1.0,1,1.0,1,0.2775677974717456,66
4653,2,10203,3637,6566,0,0,0,1.0,1,1.0,1,1.0,1,0.2542928430851716,64
4654,2,10205,3638,6567,0,0,0,1.0,1,1.0,1,1.0,1,0.28418634417509636,65
4655,0,10205,3638,6567,0,0,0,1.0,1,1.0,1,1.0,1,0.28140716668765015,64
4656,1,10206,3638,6568,0,0,0,1.0,1,1.0,1,1.0,1,0.2791675433544769,65
4657,2,10208,3640,6568,0,0,0,1.0,1,1.0,1,1.0,1,0.27464869941735937,66
4658,3,10211,3641,6570,0,0,0,1.0,1,1.0,1,1.0,1,0.2941358703536183,65
4659,1,10212,3641,6571,0,0,0,1.0,1,1.0,1,1.0,1,0.298558260178581,65
4660,1,10213,3642,6571,0,0,0,1.0,1,1.0,1,1.0,1,0.31837036258180446,66
4661,5,10218,3642,6576,0,0,0,1.0,1,1.0,1,1.0,1,0.28186184724440555,66
4662,2,10220,3642,6578,0,0,0,1.0,1,1.0,1,1.0,1,0.26058950204125453,68
4663,4,10224,3643,6581,0,0,0,1.0,1,1.0,1,1.0,1,0.2376030710388933,67
4664,2,10226,3644,6582,0,0,0,1.0,1,1.0,1,1.0,1,0.24353456477028232,67
4665,1,10227,3645,6582,0,0,0,1.0,1,1.0,1,1.0,1,0.24219700107833764,67
4666,2,10229,3646,6583,0,0,0,1.0,1,1.0,1,1.0,1,0.2539485723450979,67
4667,1,10230,3647,6583,0,0,0,1.0,1,1.0,1,1.0,1,0.2569351647431458,66
4668,1,10231,3648,6583,0,0,0,1.0,1,1.0,1,1.0,1,0.27114340270100584,66
4669,3,10234,3650,6584,0,0,0,1.0,1,1.0,1,1.0,1,0.26129758137665915,66
4670,0,10234,3650,6584,0,0,0,1.0,1,1.0,1,1.0,1,0.27287114038384735,64
4671,0,10234,3650,6584,0,0,0,1.0,1,1.0,1,1.0,1,0.27287114038384735,64
4672,1,10235,3651,6584,0,0,0,1.0,1,1.0,1,1.0,1,0.30408041449154816,64
4673,1,10236,3652,6584,0,0,0,1.0,1,1.0,1,1.0,1,0.30670613705131344,65
4674,6,10242,3654,6588,0,0,0,1.0,1,1.0,1,1.0,1,0.2878125238149909,66
4675,2,10244,3654,6590,0,0,0,1.0,1,1.0,1,1.0,1,0.2962749236765498,65
4676,2,10246,3654,6592,0,0,0,1.0,1,1.0,1,1.0,1,0.30048368078492477,65
4677,2,10248,3656,6592,0,0,0,1.0,1,1.0,1,1.0,1,0.2937095675664947,65
4678,0,10248,3656,6592,0,0,0,1.0,1,1.0,1,1.0,1,0.3093180432608735,64
4679,4,10252,3657,6595,0,0,0,1.0,1,1.0,1,1.0,1,0.3034985276899749,66
4680,3,10255,3657,6598,0,0,0,1.0,1,1.0,1,1.0,1,0.3076952155685717,67
4681,13,10268,3658,6610,0,0,0,1.0,1,1.0,1,1.0,1,0.19072101901867933,67
4682,5,10273,3660,6613,0,0,0,1.0,1,1.0,1,1.0,1,0.20065508963886117,67
4683,3,10276,3661,6615,0,0,0,1.0,1,1.0,1,1.0,1,0.20869132939208296,67
4684,2,10278,3661,6617,0,0,0,1.0,1,1.0,1,1.0,1,0.20841968056798815,66
4685,2,10280,3661,6619,0,0,0,1.0,1,1.0,1,1.0,1,0.17884380450736317,65
4686,2,10282,3661,6621,0,0,0,1.0,1,1.0,1,1.0,1,0.18478755323305765,65
4687,4,10286,3661,6625,0,0,0,1.0,1,1.0,1,1.0,1,0.1821726093047342,65
4688,5,10291,3663,6628,0,0,0,1.0,1,1.0,1,1.0,1,0.2355301781690805,64
4689,8,10299,3665,6634,0,0,0,1.0,1,1.0,1,1.0,1,0.2569619406452842,65
4690,3,10302,3665,6637,0,0,0,1.0,1,1.0,1,1.0,1,0.26231653428025037,63
4691,11,10313,3668,6645,0,0,0,1.0,1,1.0,1,1.0,1,0.2738843348666786,64
4692,2,10315,3668,6647,0,0,0,1.0,1,1.0,1,1.0,1,0.2705123829970807,63
4693,2,10317,3668,6649,0,0,0,1.0,1,1.0,1,1.0,1,0.2562626439526829,64
4694,3,10320,3669,6651,0,0,0,1.0,1,1.0,1,1.0,1,0.25803629373257775,63
4695,4,10324,3669,6655,0,0,0,1.0,1,1.0,1,1.0,1,0.25876758422580154,62
4696,3,10327,3669,6658,0,0,0,1.0,1,1.0,1,1.0,1,0.23618065506674357,61
4697,6,10333,3669,6664,0,0,0,1.0,1,1.0,1,1.0,1,0.2200675204347927,63
4698,6,10339,3669,6670,0,0,0,1.0,1,1.0,1,1.0,1,0.2307151519705692,63
4699,5,10344,3669,6675,0,0,0,1.0,1,1.0,1,1.0,1,0.24464973749422778,65
4700,6,10350,3669,6681,0,0,0,1.0,1,1.0,1,1.0,1,0.25871578150737434,64
4701,6,10356,3669,6687,0,0,0,1.0,1,1.0,1,1.0,1,0.20178641814753343,64
4702,0,10356,3669,6687,0,0,0,1.0,1,1.0,1,1.0,1,0.20159795439142342,66
4703,0,10356,3669,6687,0,0,0,1.0,1,1.0,1,1.0,1,0.20046805020868871,65
4704,6,10362,3672,6690,0,0,0,1.0,1,1.0,1,1.0,1,0.1694842231942224,64
4705,4,10366,3674,6692,0,0,0,1.0,1,1.0,1,1.0,1,0.232692805761646,65
4706,3,10369,3676,6693,0,0,0,1.0,1,1.0,1,1.0,1,0.2509202523157853,65
4707,5,10374,3679,6695,0,0,0,1.0,1,1.0,1,1.0,1,0.284105132563818,63
4708,2,10376,3680,6696,0,0,0,1.0,1,1.0,1,1.0,1,0.2647471137189921,62
4709,3,10379,3683,6696,0,0,0,1.0,1,1.0,1,1.0,1,0.3243907549059921,61
4710,0,10379,3683,6696,0,0,0,1.0,1,1.0,1,1.0,1,0.3258433713348006,60
4711,3,10382,3685,6697,0,0,0,1.0,1,1.0,1,1.0,1,0.33627193513626435,59
4712,0,10382,3685,6697,0,0,0,1.0,1,1.0,1,1.0,1,0.33765081093575455,58
4713,2,10384,3686,6698,0,0,0,1.0,1,1.0,1,1.0,1,0.3566474536998636,58
4714,3,10387,3686,6701,0,0,0,1.0,1,1.0,1,1.0,1,0.34244776617447487,57
4715,3,10390,3686,6704,0,0,0,1.0,1,1.0,1,1.0,1,0.34135030928715693,57
4716,3,10393,3687,6706,0,0,0,1.0,1,1.0,1,1.0,1,0.3230572963034229,55
4717,2,10395,3688,6707,0,0,0,1.0,1,1.0,1,1.0,1,0.338060645216079,57
4718,1,10396,3688,6708,0,0,0,1.0,1,1.0,1,1.0,1,0.33324895304003116,56
4719,3,10399,3689,6710,0,0,0,1.0,1,1.0,1,1.0,1,0.3607937726794165,56
4720,0,10399,3689,6710,0,0,0,1.0,1,1.0,1,1.0,1,0.3531184220919259,57
4721,12,10411,3689,6722,0,0,0,1.0,1,1.0,1,1.0,1,0.19941342717409213,57
4722,0,10411,3689,6722,0,0,0,1.0,1,1.0,1,1.0,1,0.19941342717409213,57
4723,2,10413,3691,6722,0,0,0,1.0,1,1.0,1,1.0,1,0.19903852935032063,57
4724,0,10413,3691,6722,0,0,0,1.0,1,1.0,1,1.0,1,0.20059635403979395,57
4725,2,10415,3692,6723,0,0,0,1.0,1,1.0,1,1.0,1,0.23333920817330106,57
4726,0,10415,3692,6723,0,0,0,1.0,1,1.0,1,1.0,1,0.23333920817330106,57
4727,0,10415,3692,6723,0,0,0,1.0,1,1.0,1,1.0,1,0.24880493373618226,56
4728,0,10415,3692,6723,0,0,0,1.0,1,1.0,1,1.0,1,0.2562464575167843,57
4729,1,10416,3692,6724,0,0,0,1.0,1,1.0,1,1.0,1,0.25532359321817827,56
4730,2,10418,3694,6724,0,0,0,1.0,1,1.0,1,1.0,1,0.3159521602142634,54
4731,1,10419,3694,6725,0,0,0,1.0,1,1.0,1,1.0,1,0.31836053782906826,54
4732,2,10421,3695,6726,0,0,0,1.0,1,1.0,1,1.0,1,0.3500488516128259,54
4733,2,10423,3696,6727,0,0,0,1.0,1,1.0,1,1.0,1,0.3579411706086822,55
4734,5,10428,3697,6731,0,0,0,1.0,1,1.0,1,1.0,1,0.3735950652358572,56
4735,3,10431,3698,6733,0,0,0,1.0,1,1.0,1,1.0,1,0.3951152582382599,56
4736,3,10434,3699,6735,0,0,0,1.0,1,1.0,1,1.0,1,0.3879485215944103,58
4737,8,10442,3699,6743,0,0,0,1.0,1,1.0,1,1.0,1,0.373198706334152,59
4738,3,10445,3699,6746,0,0,0,1.0,1,1.0,1,1.0,1,0.38684319078939877,60
4739,3,10448,3699,6749,0,0,0,1.0,1,1.0,1,1.0,1,0.38163554106526465,60
4740,0,10448,3699,6749,0,0,0,1.0,1,1.0,1,1.0,1,0.38163554106526465,60
4741,10,10458,3700,6758,0,0,0,1.0,1,1.0,1,1.0,1,0.29241307783948917,61
4742,2,10460,3701,6759,0,0,0,1.0,1,1.0,1,1.0,1,0.28352041841841336,61
4743,0,10460,3701,6759,0,0,0,1.0,1,1.0,1,1.0,1,0.27374874097050167,60
4744,1,10461,3702,6759,0,0,0,1.0,1,1.0,1,1.0,1,0.26682809329959684,60
4745,2,10463,3702,6761,0,0,0,1.0,1,1.0,1,1.0,1,0.2434650475259472,59
4746,2,10465,3704,6761,0,0,0,1.0,1,1.0,1,1.0,1,0.2812957269071528,59
4747,4,10469,3706,6763,0,0,0,1.0,1,1.0,1,1.0,1,0.2734467808692439,58
4748,5,10474,3708,6766,0,0,0,1.0,1,1.0,1,1.0,1,0.2617158836188028,58
4749,5,10479,3710,6769,0,0,0,1.0,1,1.0,1,1.0,1,0.25655429028515925,58
4750,1,10480,3711,6769,0,0,0,1.0,1,1.0,1,1.0,1,0.26798938717893356,56
4751,8,10488,3713,6775,0,0,0,1.0,1,1.0,1,1.0,1,0.23099029617390252,58
4752,3,10491,3714,6777,0,0,0,1.0,1,1.0,1,1.0,1,0.22807740517315447,55
4753,1,10492,3714,6778,0,0,0,1.0,1,1.0,1,1.0,1,0.22456443974352222,55
4754,4,10496,3715,6781,0,0,0,1.0,1,1.0,1,1.0,1,0.22976111475460181,54
4755,3,10499,3716,6783,0,0,0,1.0,1,1.0,1,1.0,1,0.20348685700275618,54
4756,4,10503,3719,6784,0,0,0,1.0,1,1.0,1,1.0,1,0.2404570435421893,54
4757,1,10504,3719,6785,0,0,0,1.0,1,1.0,1,1.0,1,0.24972534265492807,53
4758,1,10505,3719,6786,0,0,0,1.0,1,1.0,1,1.0,1,0.2369800356231196,53
4759,3,10508,3719,6789,0,0,0,1.0,1,1.0,1,1.0,1,0.2305057769008417,53
4760,2,10510,3720,6790,0,0,0,1.0,1,1.0,1,1.0,1,0.25820739244769975,53
4761,5,10515,3722,6793,0,0,0,1.0,1,1.0,1,1.0,1,0.19646056555717845,52
4762,3,10518,3724,6794,0,0,0,1.0,1,1.0,1,1.0,1,0.2400490951626784,54
4763,3,10521,3725,6796,0,0,0,1.0,1,1.0,1,1.0,1,0.2557949120547342,54
4764,3,10524,3725,6799,0,0,0,1.0,1,1.0,1,1.0,1,0.2332339409162318,55
4765,6,10530,3728,6802,0,0,0,1.0,1,1.0,1,1.0,1,0.27609199696333725,56
4766,4,10534,3729,6805,0,0,0,1.0,1,1.0,1,1.0,1,0.2730472831908748,58
4767,7,10541,3730,6811,0,0,0,1.0,1,1.0,1,1.0,1,0.2627731894721634,59
4768,6,10547,3731,6816,0,0,0,1.0,1,1.0,1,1.0,1,0.23574274272341425,60
4769,5,10552,3731,6821,0,0,0,1.0,1,1.0,1,1.0,1,0.23277816406185067,59
4770,5,10557,3731,6826,0,0,0,1.0,1,1.0,1,1.0,1,0.23549984467873689,60
4771,2,10559,3731,6828,0,0,0,1.0,1,1.0,1,1.0,1,0.2447340221905095,59
4772,5,10564,3731,6833,0,0,0,1.0,1,1.0,1,1.0,1,0.23713436401094687,59
4773,4,10568,3731,6837,0,0,0,1.0,1,1.0,1,1.0,1,0.22477645562367446,60
4774,3,10571,3732,6839,0,0,0,1.0,1,1.0,1,1.0,1,0.2615588088612659,60
4775,2,10573,3732,6841,0,0,0,1.0,1,1.0,1,1.0,1,0.2505409038974432,62
4776,5,10578,3732,6846,0,0,0,1.0,1,1.0,1,1.0,1,0.2287639603534825,63
4777,1,10579,3732,6847,0,0,0,1.0,1,1.0,1,1.0,1,0.2232193411408424,63
4778,2,10581,3732,6849,0,0,0,1.0,1,1.0,1,1.0,1,0.2232193411408424,63
4779,4,10585,3732,6853,0,0,0,1.0,1,1.0,1,1.0,1,0.2232193411408424,63
4780,5,10590,3733,6857,0,0,0,1.0,1,1.0,1,1.0,1,0.21854367969625568,65
4781,4,10594,3734,6860,0,0,0,1.0,1,1.0,1,1.0,1,0.20183974270745725,64
4782,2,10596,3734,6862,0,0,0,1.0,1,1.0,1,1.0,1,0.2029726769283131,65
4783,4,10600,3735,6865,0,0,0,1.0,1,1.0,1,1.0,1,0.18377046059426083,66
4784,4,10604,3738,6866,0,0,0,1.0,1,1.0,1,1.0,1,0.19858016205166765,64
4785,3,10607,3739,6868,0,0,0,1.0,1,1.0,1,1.0,1,0.18390575473400952,65
4786,3,10610,3741,6869,0,0,0,1.0,1,1.0,1,1.0,1,0.2158725232739463,66
4787,3,10613,3742,6871,0,0,0,1.0,1,1.0,1,1.0,1,0.18260310249424067,63
4788,9,10622,3747,6875,0,0,0,1.0,1,1.0,1,1.0,1,0.18150332516620105,63
4789,3,10625,3750,6875,0,0,0,1.0,1,1.0,1,1.0,1,0.19549575778570705,60
4790,4,10629,3754,6875,0,0,0,1.0,1,1.0,1,1.0,1,0.21150536272853554,61
4791,8,10637,3758,6879,0,0,0,1.0,1,1.0,1,1.0,1,0.20342069145114855,59
4792,3,10640,3761,6879,0,0,0,1.0,1,1.0,1,1.0,1,0.2163234893423237,59
4793,1,10641,3761,6880,0,0,0,1.0,1,1.0,1,1.0,1,0.20059513907960566,61
4794,3,10644,3763,6881,0,0,0,1.0,1,1.0,1,1.0,1,0.1869114606762843,60
4795,0,10644,3763,6881,0,0,0,1.0,1,1.0,1,1.0,1,0.19579138531658272,61
4796,1,10645,3764,6881,0,0,0,1.0,1,1.0,1,1.0,1,0.18633112790236828,60
4797,3,10648,3766,6882,0,0,0,1.0,1,1.0,1,1.0,1,0.21273420790051545,61
4798,0,10648,3766,6882,0,0,0,1.0,1,1.0,1,1.0,1,0.22220879584690026,61
4799,0,10648,3766,6882,0,0,0,1.0,1,1.0,1,1.0,1,0.21827387145195884,59
4800,1,10649,3767,6882,0,0,0,1.0,1,1.0,1,1.0,1,0.22124634315388575,57
4801,4,10653,3767,6886,0,0,0,1.0,1,1.0,1,1.0,1,0.15727533400742214,58
4802,0,10653,3767,6886,0,0,0,1.0,1,1.0,1,1.0,1,0.16116603723167028,56
4803,3,10656,3769,6887,0,0,0,1.0,1,1.0,1,1.0,1,0.17322111108157406,57
4804,0,10656,3769,6887,0,0,0,1.0,1,1.0,1,1.0,1,0.15737900685883327,55
4805,2,10658,3771,6887,0,0,0,1.0,1,1.0,1,1.0,1,0.19919889083081438,56
4806,1,10659,3771,6888,0,0,0,1.0,1,1.0,1,1.0,1,0.16248720758222848,55
4807,0,10659,3771,6888,0,0,0,1.0,1,1.0,1,1.0,1,0.1799598590148825,53
4808,0,10659,3771,6888,0,0,0,1.0,1,1.0,1,1.0,1,0.18355069988879688,54
4809,0,10659,3771,6888,0,0,0,1.0,1,1.0,1,1.0,1,0.20532869214261862,53
4810,0,10659,3771,6888,0,0,0,1.0,1,1.0,1,1.0,1,0.20532869214261862,53
4811,2,10661,3771,6890,0,0,0,1.0,1,1.0,1,1.0,1,0.16511668984336084,54
4812,2,10663,3773,6890,0,0,0,1.0,1,1.0,1,1.0,1,0.1803870373762001,54
4813,0,10663,3773,6890,0,0,0,1.0,1,1.0,1,1.0,1,0.18477279722168038,55
4814,2,10665,3775,6890,0,0,0,1.0,1,1.0,1,1.0,1,0.21181210450132718,55
4815,1,10666,3775,6891,0,0,0,1.0,1,1.0,1,1.0,1,0.19448839924442893,56
4816,4,10670,3779,6891,0,0,0,1.0,1,1.0,1,1.0,1,0.22107898378436586,56
4817,2,10672,3781,6891,0,0,0,1.0,1,1.0,1,1.0,1,0.27481675269093364,58
4818,7,10679,3785,6894,0,0,0,1.0,1,1.0,1,1.0,1,0.29531544835651125,58
4819,0,10679,3785,6894,0,0,0,1.0,1,1.0,1,1.0,1,0.26974009681835526,58
4820,1,10680,3785,6895,0,0,0,1.0,1,1.0,1,1.0,1,0.25578812545390744,58
4821,8,10688,3786,6902,0,0,0,1.0,1,1.0,1,1.0,1,0.1704507893923124,58
4822,2,10690,3787,6903,0,0,0,1.0,1,1.0,1,1.0,1,0.17451000355130997,58
4823,1,10691,3788,6903,0,0,0,1.0,1,1.0,1,1.0,1,0.1849883193526044,57
4824,2,10693,3790,6903,0,0,0,1.0,1,1.0,1,1.0,1,0.2240247384055221,56
4825,3,10696,3790,6906,0,0,0,1.0,1,1.0,1,1.0,1,0.20444453096581128,57
4826,2,10698,3791,6907,0,0,0,1.0,1,1.0,1,1.0,1,0.20598571552563502,57
4827,0,10698,3791,6907,0,0,0,1.0,1,1.0,1,1.0,1,0.23147523231126485,56
4828,2,10700,3793,6907,0,0,0,1.0,1,1.0,1,1.0,1,0.19816028579511435,57
4829,0,10700,3793,6907,0,0,0,1.0,1,1.0,1,1.0,1,0.20512416671628766,56
4830,0,10700,3793,6907,0,0,0,1.0,1,1.0,1,1.0,1,0.19091997281757123,57
4831,5,10705,3796,6909,0,0,0,1.0,1,1.0,1,1.0,1,0.23937654208780493,57
4832,3,10708,3796,6912,0,0,0,1.0,1,1.0,1,1.0,1,0.2511603115677768,55
4833,6,10714,3797,6917,0,0,0,1.0,1,1.0,1,1.0,1,0.2734505282989997,55
4834,5,10719,3798,6921,0,0,0,1.0,1,1.0,1,1.0,1,0.29378348096805335,55
4835,5,10724,3798,6926,0,0,0,1.0,1,1.0,1,1.0,1,0.2816324654509137,55
4836,2,10726,3798,6928,0,0,0,1.0,1,1.0,1,1.0,1,0.2741441112132846,55
4837,3,10729,3799,6930,0,0,0,1.0,1,1.0,1,1.0,1,0.28202960903335345,53
4838,1,10730,3799,6931,0,0,0,1.0,1,1.0,1,1.0,1,0.2695778016758369,54
4839,3,10733,3800,6933,0,0,0,1.0,1,1.0,1,1.0,1,0.2770289876169918,53
4840,5,10738,3801,6937,0,0,0,1.0,1,1.0,1,1.0,1,0.2282839195952095,52
4841,4,10742,3803,6939,0,0,0,1.0,1,1.0,1,1.0,1,0.19705047178554383,51
4842,4,10746,3804,6942,0,0,0,1.0,1,1.0,1,1.0,1,0.1904830635600702,50
4843,3,10749,3806,6943,0,0,0,1.0,1,1.0,1,1.0,1,0.19353054233656677,51
4844,1,10750,3806,6944,0,0,0,1.0,1,1.0,1,1.0,1,0.16751392309582946,50
4845,2,10752,3808,6944,0,0,0,1.0,1,1.0,1,1.0,1,0.1912181289450881,49
4846,2,10754,3809,6945,0,0,0,1.0,1,1.0,1,1.0,1,0.177633089463687,49
4847,0,10754,3809,6945,0,0,0,1.0,1,1.0,1,1.0,1,0.18351545331774302,48
4848,2,10756,3811,6945,0,0,0,1.0,1,1.0,1,1.0,1,0.2298210118580069,48
4849,3,10759,3812,6947,0,0,0,1.0,1,1.0,1,1.0,1,0.19994710708546257,48
4850,1,10760,3812,6948,0,0,0,1.0,1,1.0,1,1.0,1,0.1876847139222816,49
4851,1,10761,3813,6948,0,0,0,1.0,1,1.0,1,1.0,1,0.17471801941066104,49
4852,1,10762,3813,6949,0,0,0,1.0,1,1.0,1,1.0,1,0.1923828410827248,49
4853,0,10762,3813,6949,0,0,0,1.0,1,1.0,1,1.0,1,0.19123850422664987,50
4854,1,10763,3814,6949,0,0,0,1.0,1,1.0,1,1.0,1,0.2078339256429506,51
4855,1,10764,3814,6950,0,0,0,1.0,1,1.0,1,1.0,1,0.20153893404416323,51
4856,0,10764,3814,6950,0,0,0,1.0,1,1.0,1,1.0,1,0.2048146621236938,50
4857,1,10765,3814,6951,0,0,0,1.0,1,1.0,1,1.0,1,0.1891293363954855,51
4858,0,10765,3814,6951,0,0,0,1.0,1,1.0,1,1.0,1,0.1883770772312243,51
4859,0,10765,3814,6951,0,0,0,1.0,1,1.0,1,1.0,1,0.20291125447297864,52
4860,0,10765,3814,6951,0,0,0,1.0,1,1.0,1,1.0,1,0.20291125447297864,52
4861,5,10770,3814,6956,0,0,0,1.0,1,1.0,1,1.0,1,0.155000506934524,53
4862,2,10772,3816,6956,0,0,0,1.0,1,1.0,1,1.0,1,0.17835819070053957,53
4863,0,10772,3816,6956,0,0,0,1.0,1,1.0,1,1.0,1,0.1811915047068763,51
4864,1,10773,3817,6956,0,0,0,1.0,1,1.0,1,1.0,1,0.20697422031373053,53
4865,0,10773,3817,6956,0,0,0,1.0,1,1.0,1,1.0,1,0.20716690089421277,52
4866,1,10774,3818,6956,0,0,0,1.0,1,1.0,1,1.0,1,0.2322314129023345,53
4867,1,10775,3819,6956,0,0,0,1.0,1,1.0,1,1.0,1,0.23284083868087532,51
4868,3,10778,3820,6958,0,0,0,1.0,1,1.0,1,1.0,1,0.1972999222267236,53
4869,0,10778,3820,6958,0,0,0,1.0,1,1.0,1,1.0,1,0.1972999222267236,53
4870,3,10781,3822,6959,0,0,0,1.0,1,1.0,1,1.0,1,0.207848691563905,55
4871,2,10783,3823,6960,0,0,0,1.0,1,1.0,1,1.0,1,0.23252376803206867,55
4872,4,10787,3825,6962,0,0,0,1.0,1,1.0,1,1.0,1,0.2186454764465685,56
4873,1,10788,3825,6963,0,0,0,1.0,1,1.0,1,1.0,1,0.21118771523554752,56
4874,3,10791,3826,6965,0,0,0,1.0,1,1.0,1,1.0,1,0.19161858360932416,58
4875,1,10792,3827,6965,0,0,0,1.0,1,1.0,1,1.0,1,0.20108491329405526,56
4876,2,10794,3828,6966,0,0,0,1.0,1,1.0,1,1.0,1,0.20650309621604018,56
4877,1,10795,3829,6966,0,0,0,1.0,1,1.0,1,1.0,1,0.24779996196711282,54
4878,6,10801,3832,6969,0,0,0,1.0,1,1.0,1,1.0,1,0.2755491968985672,54
4879,3,10804,3835,6969,0,0,0,1.0,1,1.0,1,1.0,1,0.27057907737962056,54
4880,0,10804,3835,6969,0,0,0,1.0,1,1.0,1,1.0,1,0.24207026934739423,53
4881,6,10810,3837,6973,0,0,0,1.0,1,1.0,1,1.0,1,0.20900183573944792,54
4882,2,10812,3838,6974,0,0,0,1.0,1,1.0,1,1.0,1,0.20643191954948387,52
4883,2,10814,3839,6975,0,0,0,1.0,1,1.0,1,1.0,1,0.2223392958357045,54
4884,0,10814,3839,6975,0,0,0,1.0,1,1.0,1,1.0,1,0.19522426249554634,52
4885,1,10815,3840,6975,0,0,0,1.0,1,1.0,1,1.0,1,0.2141343710435902,51
4886,0,10815,3840,6975,0,0,0,1.0,1,1.0,1,1.0,1,0.2019270609002067,50
4887,1,10816,3840,6976,0,0,0,1.0,1,1.0,1,1.0,1,0.20036526067500554,49
4888,0,10816,3840,6976,0,0,0,1.0,1,1.0,1,1.0,1,0.2155470226048845,48
4889,0,10816,3840,6976,0,0,0,1.0,1,1.0,1,1.0,1,0.2155470226048845,48
4890,0,10816,3840,6976,0,0,0,1.0,1,1.0,1,1.0,1,0.2155470226048845,48
4891,2,10818,3842,6976,0,0,0,1.0,1,1.0,1,1.0,1,0.27876191843939363,49
4892,2,10820,3842,6978,0,0,0,1.0,1,1.0,1,1.0,1,0.29021834329862384,51
4893,1,10821,3842,6979,0,0,0,1.0,1,1.0,1,1.0,1,0.2818286258141693,51
4894,0,10821,3842,6979,0,0,0,1.0,1,1.0,1,1.0,1,0.27543251850816874,52
4895,2,10823,3843,6980,0,0,0,1.0,1,1.0,1,1.0,1,0.24637697822910173,52
4896,3,10826,3845,6981,0,0,0,1.0,1,1.0,1,1.0,1,0.2218067055479049,51
4897,2,10828,3845,6983,0,0,0,1.0,1,1.0,1,1.0,1,0.21233003581941437,52
4898,4,10832,3848,6984,0,0,0,1.0,1,1.0,1,1.0,1,0.18701423390540187,52
4899,2,10834,3848,6986,0,0,0,1.0,1,1.0,1,1.0,1,0.18710038992050645,53
4900,3,10837,3850,6987,0,0,0,1.0,1,1.0,1,1.0,1,0.15365396289639863,54
4901,7,10844,3854,6990,0,0,0,1.0,1,1.0,1,1.0,1,0.13455613312977738,54
4902,1,10845,3854,6991,0,0,0,1.0,1,1.0,1,1.0,1,0.1399868173328349,55
4903,1,10846,3855,6991,0,0,0,1.0,1,1.0,1,1.0,1,0.1671274964990452,56
4904,2,10848,3856,6992,0,0,0,1.0,1,1.0,1,1.0,1,0.19536627831033093,55
4905,0,10848,3856,6992,0,0,0,1.0,1,1.0,1,1.0,1,0.2018702056113121,54
4906,0,10848,3856,6992,0,0,0,1.0,1,1.0,1,1.0,1,0.22998143621332706,54
4907,0,10848,3856,6992,0,0,0,1.0,1,1.0,1,1.0,1,0.22968818218315154,54
4908,0,10848,3856,6992,0,0,0,1.0,1,1.0,1,1.0,1,0.22659754561443712,53
4909,4,10852,3857,6995,0,0,0,1.0,1,1.0,1,1.0,1,0.23120692077573823,54
4910,3,10855,3857,6998,0,0,0,1.0,1,1.0,1,1.0,1,0.23529656865499152,55
4911,5,10860,3860,7000,0,0,0,1.0,1,1.0,1,1.0,1,0.22911359514991808,57
4912,6,10866,3864,7002,0,0,0,1.0,1,1.0,1,1.0,1,0.23809136332048925,57
4913,4,10870,3864,7006,0,0,0,1.0,1,1.0,1,1.0,1,0.21363825679551196,56
4914,3,10873,3865,7008,0,0,0,1.0,1,1.0,1,1.0,1,0.23941740349920634,56
4915,3,10876,3866,7010,0,0,0,1.0,1,1.0,1,1.0,1,0.22487100388306597,56
4916,2,10878,3866,7012,0,0,0,1.0,1,1.0,1,1.0,1,0.23036312874011872,54
4917,0,10878,3866,7012,0,0,0,1.0,1,1.0,1,1.0,1,0.23682469034662948,53
4918,1,10879,3866,7013,0,0,0,1.0,1,1.0,1,1.0,1,0.24810740005027387,52
4919,0,10879,3866,7013,0,0,0,1.0,1,1.0,1,1.0,1,0.27608482098357123,49
4920,0,10879,3866,7013,0,0,0,1.0,1,1.0,1,1.0,1,0.27608482098357123,49
4921,5,10884,3868,7016,0,0,0,1.0,1,1.0,1,1.0,1,0.31859735279575274,50
4922,3,10887,3868,7019,0,0,0,1.0,1,1.0,1,1.0,1,0.2902677306019132,50
4923,2,10889,3868,7021,0,0,0,1.0,1,1.0,1,1.0,1,0.2696252005077288,52
4924,3,10892,3869,7023,0,0,0,1.0,1,1.0,1,1.0,1,0.23866252200949273,53
4925,3,10895,3870,7025,0,0,0,1.0,1,1.0,1,1.0,1,0.18195598739817592,54
4926,0,10895,3870,7025,0,0,0,1.0,1,1.0,1,1.0,1,0.18195598739817592,54
4927,2,10897,3872,7025,0,0,0,1.0,1,1.0,1,1.0,1,0.20170625393343636,54
4928,0,10897,3872,7025,0,0,0,1.0,1,1.0,1,1.0,1,0.20170625393343636,54
4929,0,10897,3872,7025,0,0,0,1.0,1,1.0,1,1.0,1,0.17749268781995414,55
4930,1,10898,3873,7025,0,0,0,1.0,1,1.0,1,1.0,1,0.21281748395944017,58
4931,2,10900,3874,7026,0,0,0,1.0,1,1.0,1,1.0,1,0.2076148940126263,58
4932,0,10900,3874,7026,0,0,0,1.0,1,1.0,1,1.0,1,0.22086249116631743,59
4933,0,10900,3874,7026,0,0,0,1.0,1,1.0,1,1.0,1,0.22086249116631743,59
4934,0,10900,3874,7026,0,0,0,1.0,1,1.0,1,1.0,1,0.22086249116631743,59
4935,2,10902,3875,7027,0,0,0,1.0,1,1.0,1,1.0,1,0.22661307841679224,59
4936,0,10902,3875,7027,0,0,0,1.0,1,1.0,1,1.0,1,0.22661307841679224,59
4937,1,10903,3875,7028,0,0,0,1.0,1,1.0,1,1.0,1,0.2141230554169559,61
4938,2,10905,3876,7029,0,0,0,1.0,1,1.0,1,1.0,1,0.21056363576116818,62
4939,1,10906,3876,7030,0,0,0,1.0,1,1.0,1,1.0,1,0.19676082095786185,63
4940,3,10909,3877,7032,0,0,0,1.0,1,1.0,1,1.0,1,0.1940552423095081,65
4941,6,10915,3878,7037,0,0,0,1.0,1,1.0,1,1.0,1,0.1418018045183223,65
4942,5,10920,3881,7039,0,0,0,1.0,1,1.0,1,1.0,1,0.15842543617593194,67
4943,3,10923,3882,7041,0,0,0,1.0,1,1.0,1,1.0,1,0.1731693996745156,66
4944,4,10927,3884,7043,0,0,0,1.0,1,1.0,1,1.0,1,0.21341866424506026,63
4945,2,10929,3885,7044,0,0,0,1.0,1,1.0,1,1.0,1,0.21314954263638763,61
4946,3,10932,3887,7045,0,0,0,1.0,1,1.0,1,1.0,1,0.2540494053821547,60
4947,0,10932,3887,7045,0,0,0,1.0,1,1.0,1,1.0,1,0.25205414510040086,58
4948,4,10936,3889,7047,0,0,0,1.0,1,1.0,1,1.0,1,0.2679679192299835,57
4949,2,10938,3890,7048,0,0,0,1.0,1,1.0,1,1.0,1,0.27479721169547605,56
4950,3,10941,3892,7049,0,0,0,1.0,1,1.0,1,1.0,1,0.2649775925021986,57
4951,2,10943,3894,7049,0,0,0,1.0,1,1.0,1,1.0,1,0.3043311202418298,55
4952,5,10948,3898,7050,0,0,0,1.0,1,1.0,1,1.0,1,0.3610988482751295,55
4953,4,10952,3901,7051,0,0,0,1.0,1,1.0,1,1.0,1,0.3786404847606791,54
4954,1,10953,3902,7051,0,0,0,1.0,1,1.0,1,1.0,1,0.39608028770445947,54
4955,1,10954,3902,7052,0,0,0,1.0,1,1.0,1,1.0,1,0.34278487211161723,52
4956,0,10954,3902,7052,0,0,0,1.0,1,1.0,1,1.0,1,0.34278487211161723,52
4957,2,10956,3903,7053,0,0,0,1.0,1,1.0,1,1.0,1,0.31854905060862154,53
4958,0,10956,3903,7053,0,0,0,1.0,1,1.0,1,1.0,1,0.327790936522297,52
4959,0,10956,3903,7053,0,0,0,1.0,1,1.0,1,1.0,1,0.33738906087269727,51
4960,0,10956,3903,7053,0,0,0,1.0,1,1.0,1,1.0,1,0.33076578267903844,53
4961,14,10970,3905,7065,0,0,0,1.0,1,1.0,1,1.0,1,0.11813160644179119,53
4962,3,10973,3905,7068,0,0,0,1.0,1,1.0,1,1.0,1,0.10596779395669347,55
4963,1,10974,3905,7069,0,0,0,1.0,1,1.0,1,1.0,1,0.07186346039208062,54
4964,3,10977,3906,7071,0,0,0,1.0,1,1.0,1,1.0,1,0.05999378951782513,54
4965,1,10978,3907,7071,0,0,0,1.0,1,1.0,1,1.0,1,0.08485725360066715,54
4966,1,10979,3908,7071,0,0,0,1.0,1,1.0,1,1.0,1,0.12639667344196984,54
4967,2,10981,3910,7071,0,0,0,1.0,1,1.0,1,1.0,1,0.14864681963981535,55
4968,2,10983,3911,7072,0,0,0,1.0,1,1.0,1,1.0,1,0.16370893737604345,55
4969,7,10990,3912,7078,0,0,0,1.0,1,1.0,1,1.0,1,0.18966139591769315,57
4970,1,10991,3913,7078,0,0,0,1.0,1,1.0,1,1.0,1,0.213432622294973,56
4971,4,10995,3914,7081,0,0,0,1.0,1,1.0,1,1.0,1,0.2042025390899789,57
4972,6,11001,3915,7086,0,0,0,1.0,1,1.0,1,1.0,1,0.2496199159707101,57
4973,7,11008,3917,7091,0,0,0,1.0,1,1.0,1,1.0,1,0.27443667407756384,60
4974,3,11011,3917,7094,0,0,0,1.0,1,1.0,1,1.0,1,0.2825267101726456,58
4975,5,11016,3918,7098,0,0,0,1.0,1,1.0,1,1.0,1,0.288700109502642,59
4976,6,11022,3920,7102,0,0,0,1.0,1,1.0,1,1.0,1,0.24658903895838125,59
4977,5,11027,3923,7104,0,0,0,1.0,1,1.0,1,1.0,1,0.2507128536734052,59
4978,5,11032,3924,7108,0,0,0,1.0,1,1.0,1,1.0,1,0.24829821870893018,59
4979,8,11040,3925,7115,0,0,0,1.0,1,1.0,1,1.0,1,0.2207127399982133,61
4980,3,11043,3926,7117,0,0,0,1.0,1,1.0,1,1.0,1,0.20218622059643918,62
4981,4,11047,3927,7120,0,0,0,1.0,1,1.0,1,1.0,1,0.17901752180856403,62
4982,1,11048,3928,7120,0,0,0,1.0,1,1.0,1,1.0,1,0.17687200215084442,63
4983,1,11049,3929,7120,0,0,0,1.0,1,1.0,1,1.0,1,0.18053435923300942,63
4984,1,11050,3930,7120,0,0,0,1.0,1,1.0,1,1.0,1,0.18616102899398718,61
4985,1,11051,3931,7120,0,0,0,1.0,1,1.0,1,1.0,1,0.1873176274336189,59
4986,3,11054,3932,7122,0,0,0,1.0,1,1.0,1,1.0,1,0.18645210332055379,62
4987,0,11054,3932,7122,0,0,0,1.0,1,1.0,1,1.0,1,0.18016155870598402,60
4988,1,11055,3933,7122,0,0,0,1.0,1,1.0,1,1.0,1,0.18987256494099505,59
4989,4,11059,3935,7124,0,0,0,1.0,1,1.0,1,1.0,1,0.1751236922645043,57
4990,1,11060,3935,7125,0,0,0,1.0,1,1.0,1,1.0,1,0.17585083299706425,55
4991,2,11062,3937,7125,0,0,0,1.0,1,1.0,1,1.0,1,0.18492106312440526,54
4992,0,11062,3937,7125,0,0,0,1.0,1,1.0,1,1.0,1,0.20155475027424838,52
4993,0,11062,3937,7125,0,0,0,1.0,1,1.0,1,1.0,1,0.189208223070237,51
4994,1,11063,3938,7125,0,0,0,1.0,1,1.0,1,1.0,1,0.221756453986334,49
4995,3,11066,3940,7126,0,0,0,1.0,1,1.0,1,1.0,1,0.26995076199948786,48
4996,4,11070,3944,7126,0,0,0,1.0,1,1.0,1,1.0,1,0.2208927565396279,48
4997,0,11070,3944,7126,0,0,0,1.0,1,1.0,1,1.0,1,0.22596113657198524,46
4998,1,11071,3945,7126,0,0,0,1.0,1,1.0,1,1.0,1,0.25337178514194725,48
4999,5,11076,3949,7127,0,0,0,1.0,1,1.0,1,1.0,1,0.31307526533035224,48
5000,2,11078,3950,7128,0,0,0,1.0,1,1.0,1,1.0,1,0.2670021953855867,47
5001,8,11086,3951,7135,0,0,0,1.0,1,1.0,1,1.0,1,0.18680634184096526,45
5002,3,11089,3953,7136,0,0,0,1.0,1,1.0,1,1.0,1,0.22563661967170942,46
5003,2,11091,3953,7138,0,0,0,1.0,1,1.0,1,1.0,1,0.2401090576329378,46
5004,4,11095,3954,7141,0,0,0,1.0,1,1.0,1,1.0,1,0.19350203442734396,46
5005,0,11095,3954,7141,0,0,0,1.0,1,1.0,1,1.0,1,0.22386921266135387,45
5006,0,11095,3954,7141,0,0,0,1.0,1,1.0,1,1.0,1,0.23843984206005528,45
5007,1,11096,3954,7142,0,0,0,1.0,1,1.0,1,1.0,1,0.22063565268714258,46
5008,0,11096,3954,7142,0,0,0,1.0,1,1.0,1,1.0,1,0.21989798582312053,49
5009,0,11096,3954,7142,0,0,0,1.0,1,1.0,1,1.0,1,0.21853967201544372,49
5010,0,11096,3954,7142,0,0,0,1.0,1,1.0,1,1.0,1,0.22601055735296333,50
5011,1,11097,3954,7143,0,0,0,1.0,1,1.0,1,1.0,1,0.22514137996339958,51
5012,0,11097,3954,7143,0,0,0,1.0,1,1.0,1,1.0,1,0.2351200209113274,52
5013,0,11097,3954,7143,0,0,0,1.0,1,1.0,1,1.0,1,0.2351200209113274,52
5014,0,11097,3954,7143,0,0,0,1.0,1,1.0,1,1.0,1,0.2317904805920384,53
5015,2,11099,3955,7144,0,0,0,1.0,1,1.0,1,1.0,1,0.26508978101541586,54
5016,3,11102,3956,7146,0,0,0,1.0,1,1.0,1,1.0,1,0.2772040600167508,55
5017,3,11105,3956,7149,0,0,0,1.0,1,1.0,1,1.0,1,0.27826608800636965,55
5018,2,11107,3956,7151,0,0,0,1.0,1,1.0,1,1.0,1,0.2851647306386074,56
5019,2,11109,3956,7153,0,0,0,1.0,1,1.0,1,1.0,1,0.2712534077621078,56
5020,5,11114,3956,7158,0,0,0,1.0,1,1.0,1,1.0,1,0.27924060348533725,55
5021,4,11118,3956,7162,0,0,0,1.0,1,1.0,1,1.0,1,0.2292328385290567,56
5022,2,11120,3958,7162,0,0,0,1.0,1,1.0,1,1.0,1,0.25078815976950963,56
5023,0,11120,3958,7162,0,0,0,1.0,1,1.0,1,1.0,1,0.23918793071671146,55
5024,3,11123,3961,7162,0,0,0,1.0,1,1.0,1,1.0,1,0.2844806317525979,55
5025,1,11124,3962,7162,0,0,0,1.0,1,1.0,1,1.0,1,0.2715156976669502,53
5026,3,11127,3965,7162,0,0,0,1.0,1,1.0,1,1.0,1,0.26592318164338685,52
5027,2,11129,3967,7162,0,0,0,1.0,1,1.0,1,1.0,1,0.2848458642945287,51
5028,3,11132,3969,7163,0,0,0,1.0,1,1.0,1,1.0,1,0.2895259672283146,51
5029,1,11133,3970,7163,0,0,0,1.0,1,1.0,1,1.0,1,0.31991220062344666,50
5030,1,11134,3971,7163,0,0,0,1.0,1,1.0,1,1.0,1,0.30479454237577913,49
5031,2,11136,3972,7164,0,0,0,1.0,1,1.0,1,1.0,1,0.2999130056701218,49
5032,1,11137,3973,7164,0,0,0,1.0,1,1.0,1,1.0,1,0.3368554538004388,48
5033,2,11139,3975,7164,0,0,0,1.0,1,1.0,1,1.0,1,0.3598171865418601,50
5034,4,11143,3977,7166,0,0,0,1.0,1,1.0,1,1.0,1,0.3282604429360501,49
5035,3,11146,3979,7167,0,0,0,1.0,1,1.0,1,1.0,1,0.34723085118941305,49
5036,2,11148,3981,7167,0,0,0,1.0,1,1.0,1,1.0,1,0.3495746684637547,47
5037,2,11150,3982,7168,0,0,0,1.0,1,1.0,1,1.0,1,0.3486000122602299,47
5038,1,11151,3982,7169,0,0,0,1.0,1,1.0,1,1.0,1,0.34659745599636355,47
5039,0,11151,3982,7169,0,0,0,1.0,1,1.0,1,1.0,1,0.35060322401644356,48
5040,2,11153,3982,7171,0,0,0,1.0,1,1.0,1,1.0,1,0.3336682573678119,48
5041,6,11159,3982,7177,0,0,0,1.0,1,1.0,1,1.0,1,0.22567903650586943,48
5042,0,11159,3982,7177,0,0,0,1.0,1,1.0,1,1.0,1,0.21992171203190675,50
5043,0,11159,3982,7177,0,0,0,1.0,1,1.0,1,1.0,1,0.2119742873886182,51
5044,0,11159,3982,7177,0,0,0,1.0,1,1.0,1,1.0,1,0.2119742873886182,51
5045,1,11160,3982,7178,0,0,0,1.0,1,1.0,1,1.0,1,0.21772585389751578,52
5046,1,11161,3983,7178,0,0,0,1.0,1,1.0,1,1.0,1,0.24064497489698827,51
5047,1,11162,3983,7179,0,0,0,1.0,1,1.0,1,1.0,1,0.248560445998955,51
5048,1,11163,3983,7180,0,0,0,1.0,1,1.0,1,1.0,1,0.24023806635685258,52
5049,1,11164,3984,7180,0,0,0,1.0,1,1.0,1,1.0,1,0.25584268357551854,54
5050,0,11164,3984,7180,0,0,0,1.0,1,1.0,1,1.0,1,0.27611091591166126,56
5051,1,11165,3984,7181,0,0,0,1.0,1,1.0,1,1.0,1,0.26038906009851925,55
5052,0,11165,3984,7181,0,0,0,1.0,1,1.0,1,1.0,1,0.26038906009851925,55
5053,1,11166,3985,7181,0,0,0,1.0,1,1.0,1,1.0,1,0.26933134683828375,55
5054,1,11167,3986,7181,0,0,0,1.0,1,1.0,1,1.0,1,0.26898533573308603,55
5055,0,11167,3986,7181,0,0,0,1.0,1,1.0,1,1.0,1,0.2929525661160441,55
5056,0,11167,3986,7181,0,0,0,1.0,1,1.0,1,1.0,1,0.30431705313594615,56
5057,7,11174,3986,7188,0,0,0,1.0,1,1.0,1,1.0,1,0.18242838202641232,58
5058,5,11179,3987,7192,0,0,0,1.0,1,1.0,1,1.0,1,0.14604486227275496,59
5059,3,11182,3987,7195,0,0,0,1.0,1,1.0,1,1.0,1,0.1401788194515064,59
5060,0,11182,3987,7195,0,0,0,1.0,1,1.0,1,1.0,1,0.1401788194515064,59
5061,3,11185,3988,7197,0,0,0,1.0,1,1.0,1,1.0,1,0.12217159216320068,59
5062,4,11189,3991,7198,0,0,0,1.0,1,1.0,1,1.0,1,0.19649122545318323,59
5063,2,11191,3992,7199,0,0,0,1.0,1,1.0,1,1.0,1,0.19743939918605283,59
5064,3,11194,3995,7199,0,0,0,1.0,1,1.0,1,1.0,1,0.22291893373289695,57
5065,2,11196,3996,7200,0,0,0,1.0,1,1.0,1,1.0,1,0.2170972450664311,55
5066,4,11200,3997,7203,0,0,0,1.0,1,1.0,1,1.0,1,0.21769346667234937,55
5067,3,11203,3999,7204,0,0,0,1.0,1,1.0,1,1.0,1,0.2358552371183034,54
5068,1,11204,4000,7204,0,0,0,1.0,1,1.0,1,1.0,1,0.241542839575313,54
5069,2,11206,4001,7205,0,0,0,1.0,1,1.0,1,1.0,1,0.2496590760359104,54
5070,0,11206,4001,7205,0,0,0,1.0,1,1.0,1,1.0,1,0.24488329839277792,52
5071,1,11207,4002,7205,0,0,0,1.0,1,1.0,1,1.0,1,0.26731051088294755,54
5072,0,11207,4002,7205,0,0,0,1.0,1,1.0,1,1.0,1,0.24329571649303758,52
5073,0,11207,4002,7205,0,0,0,1.0,1,1.0,1,1.0,1,0.24804521918806482,51
5074,0,11207,4002,7205,0,0,0,1.0,1,1.0,1,1.0,1,0.24118817720552063,52
5075,0,11207,4002,7205,0,0,0,1.0,1,1.0,1,1.0,1,0.2448009822818867,53
5076,0,11207,4002,7205,0,0,0,1.0,1,1.0,1,1.0,1,0.2448009822818867,53
5077,4,11211,4004,7207,0,0,0,1.0,1,1.0,1,1.0,1,0.28314343658344465,56
5078,1,11212,4004,7208,0,0,0,1.0,1,1.0,1,1.0,1,0.2803059308917306,55
5079,0,11212,4004,7208,0,0,0,1.0,1,1.0,1,1.0,1,0.28893979292672506,56
5080,1,11213,4004,7209,0,0,0,1.0,1,1.0,1,1.0,1,0.25920573655351986,57
5081,3,11216,4004,7212,0,0,0,1.0,1,1.0,1,1.0,1,0.22938707467802233,58
5082,2,11218,4004,7214,0,0,0,1.0,1,1.0,1,1.0,1,0.1934434841104956,58
5083,1,11219,4004,7215,0,0,0,1.0,1,1.0,1,1.0,1,0.18481222258635002,59
5084,3,11222,4006,7216,0,0,0,1.0,1,1.0,1,1.0,1,0.1853889705445812,59
5085,2,11224,4007,7217,0,0,0,1.0,1,1.0,1,1.0,1,0.20804304644631774,60
5086,3,11227,4008,7219,0,0,0,1.0,1,1.0,1,1.0,1,0.186964135767818,61
5087,3,11230,4010,7220,0,0,0,1.0,1,1.0,1,1.0,1,0.18583943205851747,62
5088,4,11234,4011,7223,0,0,0,1.0,1,1.0,1,1.0,1,0.16888175327291147,64
5089,3,11237,4014,7223,0,0,0,1.0,1,1.0,1,1.0,1,0.1939094934245059,64
5090,4,11241,4014,7227,0,0,0,1.0,1,1.0,1,1.0,1,0.14487767723349484,64
5091,5,11246,4016,7230,0,0,0,1.0,1,1.0,1,1.0,1,0.17366685401725407,64
5092,3,11249,4017,7232,0,0,0,1.0,1,1.0,1,1.0,1,0.1978486021870904,64
5093,1,11250,4017,7233,0,0,0,1.0,1,1.0,1,1.0,1,0.19169277155351414,64
5094,1,11251,4018,7233,0,0,0,1.0,1,1.0,1,1.0,1,0.19962593995983094,65
5095,2,11253,4019,7234,0,0,0,1.0,1,1.0,1,1.0,1,0.2054814151873893,66
5096,1,11254,4019,7235,0,0,0,1.0,1,1.0,1,1.0,1,0.21362734964806257,66
5097,0,11254,4019,7235,0,0,0,1.0,1,1.0,1,1.0,1,0.22310953140161158,67
5098,2,11256,4020,7236,0,0,0,1.0,1,1.0,1,1.0,1,0.19210467566327327,67
5099,2,11258,4020,7238,0,0,0,1.0,1,1.0,1,1.0,1,0.164368913547433,70
5100,4,11262,4022,7240,0,0,0,1.0,1,1.0,1,1.0,1,0.15485530857238616,71
5101,0,11262,4022,7240,0,0,0,1.0,1,1.0,1,1.0,1,0.15352630612371257,72
5102,5,11267,4026,7241,0,0,0,1.0,1,1.0,1,1.0,1,0.18042744373139993,72
5103,1,11268,4027,7241,0,0,0,1.0,1,1.0,1,1.0,1,0.17381214884383103,70
5104,2,11270,4029,7241,0,0,0,1.0,1,1.0,1,1.0,1,0.19731895447681824,67
5105,7,11277,4032,7245,0,0,0,1.0,1,1.0,1,1.0,1,0.20942028725553266,66
5106,6,11283,4036,7247,0,0,0,1.0,1,1.0,1,1.0,1,0.2597327947101204,64
5107,2,11285,4038,7247,0,0,0,1.0,1,1.0,1,1.0,1,0.2603774330783058,61
5108,1,11286,4039,7247,0,0,0,1.0,1,1.0,1,1.0,1,0.290307405799941,57
5109,3,11289,4042,7247,0,0,0,1.0,1,1.0,1,1.0,1,0.3264659531821474,55
5110,1,11290,4043,7247,0,0,0,1.0,1,1.0,1,1.0,1,0.32472428934656616,53
5111,5,11295,4046,7249,0,0,0,1.0,1,1.0,1,1.0,1,0.3422978602990354,52
5112,2,11297,4048,7249,0,0,0,1.0,1,1.0,1,1.0,1,0.3187478684331027,52
5113,2,11299,4048,7251,0,0,0,1.0,1,1.0,1,1.0,1,0.32045797781050006,49
5114,5,11304,4053,7251,0,0,0,1.0,1,1.0,1,1.0,1,0.3133713550123902,49
5115,0,11304,4053,7251,0,0,0,1.0,1,1.0,1,1.0,1,0.3074036414373997,48
5116,4,11308,4055,7253,0,0,0,1.0,1,1.0,1,1.0,1,0.2701267433317178,47
5117,0,11308,4055,7253,0,0,0,1.0,1,1.0,1,1.0,1,0.27715225035413305,48
5118,0,11308,4055,7253,0,0,0,1.0,1,1.0,1,1.0,1,0.2669659919113618,49
5119,2,11310,4056,7254,0,0,0,1.0,1,1.0,1,1.0,1,0.265338882522031,49
5120,2,11312,4058,7254,0,0,0,1.0,1,1.0,1,1.0,1,0.34439707030762906,48
5121,8,11320,4059,7261,0,0,0,1.0,1,1.0,1,1.0,1,0.2635791930966814,48
5122,2,11322,4060,7262,0,0,0,1.0,1,1.0,1,1.0,1,0.26012773502750985,46
5123,1,11323,4060,7263,0,0,0,1.0,1,1.0,1,1.0,1,0.25497357096552103,46
5124,1,11324,4060,7264,0,0,0,1.0,1,1.0,1,1.0,1,0.24751445165176994,47
5125,4,11328,4061,7267,0,0,0,1.0,1,1.0,1,1.0,1,0.23109747038535894,49
5126,3,11331,4061,7270,0,0,0,1.0,1,1.0,1,1.0,1,0.21730658453611176,49
5127,4,11335,4062,7273,0,0,0,1.0,1,1.0,1,1.0,1,0.1932364474774359,51
5128,7,11342,4063,7279,0,0,0,1.0,1,1.0,1,1.0,1,0.18914544164170458,53
5129,6,11348,4065,7283,0,0,0,1.0,1,1.0,1,1.0,1,0.2070635124376219,55
5130,5,11353,4065,7288,0,0,0,1.0,1,1.0,1,1.0,1,0.20987634178392903,55
5131,6,11359,4065,7294,0,0,0,1.0,1,1.0,1,1.0,1,0.20987634178392903,55
5132,7,11366,4065,7301,0,0,0,1.0,1,1.0,1,1.0,1,0.2021676119755092,55
5133,6,11372,4065,7307,0,0,0,1.0,1,1.0,1,1.0,1,0.2011236147851415,56
5134,5,11377,4065,7312,0,0,0,1.0,1,1.0,1,1.0,1,0.22888403337917507,56
5135,9,11386,4066,7320,0,0,0,1.0,1,1.0,1,1.0,1,0.2325989026979087,56
5136,4,11390,4066,7324,0,0,0,1.0,1,1.0,1,1.0,1,0.25128464046668236,55
5137,6,11396,4067,7329,0,0,0,1.0,1,1.0,1,1.0,1,0.2628423353341955,55
5138,6,11402,4067,7335,0,0,0,1.0,1,1.0,1,1.0,1,0.2294965025379985,54
5139,4,11406,4068,7338,0,0,0,1.0,1,1.0,1,1.0,1,0.20348491924668508,54
5140,6,11412,4070,7342,0,0,0,1.0,1,1.0,1,1.0,1,0.18570372428917145,54
5141,4,11416,4072,7344,0,0,0,1.0,1,1.0,1,1.0,1,0.17436069732424012,53
5142,4,11420,4074,7346,0,0,0,1.0,1,1.0,1,1.0,1,0.20532869501962359,55
5143,2,11422,4076,7346,0,0,0,1.0,1,1.0,1,1.0,1,0.1825648701141984,54
5144,4,11426,4078,7348,0,0,0,1.0,1,1.0,1,1.0,1,0.20272774925994988,50
5145,0,11426,4078,7348,0,0,0,1.0,1,1.0,1,1.0,1,0.21294230783352477,51
5146,2,11428,4080,7348,0,0,0,1.0,1,1.0,1,1.0,1,0.23308709290812413,48
5147,3,11431,4082,7349,0,0,0,1.0,1,1.0,1,1.0,1,0.23106244057723102,49
5148,3,11434,4084,7350,0,0,0,1.0,1,1.0,1,1.0,1,0.2508795731752439,47
5149,1,11435,4085,7350,0,0,0,1.0,1,1.0,1,1.0,1,0.26809686673264743,46
5150,4,11439,4088,7351,0,0,0,1.0,1,1.0,1,1.0,1,0.30056909674705384,46
5151,0,11439,4088,7351,0,0,0,1.0,1,1.0,1,1.0,1,0.2932545065459518,45
5152,5,11444,4093,7351,0,0,0,1.0,1,1.0,1,1.0,1,0.31210927435880453,45
5153,7,11451,4095,7356,0,0,0,1.0,1,1.0,1,1.0,1,0.2650757002774606,45
5154,2,11453,4097,7356,0,0,0,1.0,1,1.0,1,1.0,1,0.3054441989275945,45
5155,0,11453,4097,7356,0,0,0,1.0,1,1.0,1,1.0,1,0.32824495564900197,44
5156,0,11453,4097,7356,0,0,0,1.0,1,1.0,1,1.0,1,0.3285300718728891,44
5157,1,11454,4098,7356,0,0,0,1.0,1,1.0,1,1.0,1,0.3255353467303306,42
5158,2,11456,4099,7357,0,0,0,1.0,1,1.0,1,1.0,1,0.31034324979413164,43
5159,0,11456,4099,7357,0,0,0,1.0,1,1.0,1,1.0,1,0.34439251506824103,43
5160,0,11456,4099,7357,0,0,0,1.0,1,1.0,1,1.0,1,0.34439251506824103,43
5161,5,11461,4099,7362,0,0,0,1.0,1,1.0,1,1.0,1,0.27336947238164344,43
5162,0,11461,4099,7362,0,0,0,1.0,1,1.0,1,1.0,1,0.26360355188466417,44
5163,1,11462,4099,7363,0,0,0,1.0,1,1.0,1,1.0,1,0.2719344232572393,46
5164,2,11464,4099,7365,0,0,0,1.0,1,1.0,1,1.0,1,0.22850306971160944,46
5165,1,11465,4100,7365,0,0,0,1.0,1,1.0,1,1.0,1,0.2218368281328992,46
5166,5,11470,4102,7368,0,0,0,1.0,1,1.0,1,1.0,1,0.1909534231894664,47
5167,2,11472,4102,7370,0,0,0,1.0,1,1.0,1,1.0,1,0.1909534231894664,47
5168,4,11476,4103,7373,0,0,0,1.0,1,1.0,1,1.0,1,0.19364943651308764,47
5169,3,11479,4103,7376,0,0,0,1.0,1,1.0,1,1.0,1,0.19256883641604103,47
5170,2,11481,4104,7377,0,0,0,1.0,1,1.0,1,1.0,1,0.20407671390246634,48
5171,3,11484,4105,7379,0,0,0,1.0,1,1.0,1,1.0,1,0.22093813289653494,48
5172,4,11488,4105,7383,0,0,0,1.0,1,1.0,1,1.0,1,0.19226562766883498,49
5173,3,11491,4105,7386,0,0,0,1.0,1,1.0,1,1.0,1,0.19862810474795925,49
5174,5,11496,4105,7391,0,0,0,1.0,1,1.0,1,1.0,1,0.14331154945298094,52
5175,6,11502,4106,7396,0,0,0,1.0,1,1.0,1,1.0,1,0.14843623404254186,53
5176,5,11507,4106,7401,0,0,0,1.0,1,1.0,1,1.0,1,0.1717375971037352,54
5177,5,11512,4109,7403,0,0,0,1.0,1,1.0,1,1.0,1,0.19608094305704146,54
5178,3,11515,4111,7404,0,0,0,1.0,1,1.0,1,1.0,1,0.20905930390323424,55
5179,0,11515,4111,7404,0,0,0,1.0,1,1.0,1,1.0,1,0.18019621572959457,53
5180,0,11515,4111,7404,0,0,0,1.0,1,1.0,1,1.0,1,0.17912182647737948,52
5181,2,11517,4112,7405,0,0,0,1.0,1,1.0,1,1.0,1,0.1480538760205593,52
5182,1,11518,4113,7405,0,0,0,1.0,1,1.0,1,1.0,1,0.14141820050801382,52
5183,2,11520,4115,7405,0,0,0,1.0,1,1.0,1,1.0,1,0.2004417506018023,52
5184,3,11523,4116,7407,0,0,0,1.0,1,1.0,1,1.0,1,0.20667226964453017,52
5185,3,11526,4118,7408,0,0,0,1.0,1,1.0,1,1.0,1,0.2349869546432667,50
5186,1,11527,4119,7408,0,0,0,1.0,1,1.0,1,1.0,1,0.2717851766965967,48
5187,0,11527,4119,7408,0,0,0,1.0,1,1.0,1,1.0,1,0.28054441775293865,46
5188,0,11527,4119,7408,0,0,0,1.0,1,1.0,1,1.0,1,0.2798957491466365,44
5189,0,11527,4119,7408,0,0,0,1.0,1,1.0,1,1.0,1,0.26464619658400745,44
5190,1,11528,4120,7408,0,0,0,1.0,1,1.0,1,1.0,1,0.29921556638089547,45
5191,0,11528,4120,7408,0,0,0,1.0,1,1.0,1,1.0,1,0.2977747370394398,45
5192,0,11528,4120,7408,0,0,0,1.0,1,1.0,1,1.0,1,0.2977747370394398,45
5193,0,11528,4120,7408,0,0,0,1.0,1,1.0,1,1.0,1,0.2977747370394398,45
5194,3,11531,4120,7411,0,0,0,1.0,1,1.0,1,1.0,1,0.26671941791354453,45
5195,1,11532,4121,7411,0,0,0,1.0,1,1.0,1,1.0,1,0.2705607265839768,46
5196,0,11532,4121,7411,0,0,0,1.0,1,1.0,1,1.0,1,0.2705607265839768,46
5197,2,11534,4123,7411,0,0,0,1.0,1,1.0,1,1.0,1,0.2849359524936625,46
5198,0,11534,4123,7411,0,0,0,1.0,1,1.0,1,1.0,1,0.27547921277289167,47
5199,2,11536,4124,7412,0,0,0,1.0,1,1.0,1,1.0,1,0.28867459642314697,49
5200,1,11537,4125,7412,0,0,0,1.0,1,1.0,1,1.0,1,0.2939297949596471,49
5201,8,11545,4126,7419,0,0,0,1.0,1,1.0,1,1.0,1,0.17269818695642736,50
5202,2,11547,4126,7421,0,0,0,1.0,1,1.0,1,1.0,1,0.15613517324558812,52
5203,1,11548,4126,7422,0,0,0,1.0,1,1.0,1,1.0,1,0.14930648380535885,52
5204,0,11548,4126,7422,0,0,0,1.0,1,1.0,1,1.0,1,0.16578699125818117,54
5205,0,11548,4126,7422,0,0,0,1.0,1,1.0,1,1.0,1,0.16578699125818117,54
5206,1,11549,4126,7423,0,0,0,1.0,1,1.0,1,1.0,1,0.14699664374710583,55
5207,0,11549,4126,7423,0,0,0,1.0,1,1.0,1,1.0,1,0.13874023296100474,54
5208,0,11549,4126,7423,0,0,0,1.0,1,1.0,1,1.0,1,0.13874023296100474,54
5209,1,11550,4126,7424,0,0,0,1.0,1,1.0,1,1.0,1,0.15444693392450193,54
5210,1,11551,4126,7425,0,0,0,1.0,1,1.0,1,1.0,1,0.13874023296100474,54
5211,6,11557,4127,7430,0,0,0,1.0,1,1.0,1,1.0,1,0.10294095706112723,56
5212,1,11558,4127,7431,0,0,0,1.0,1,1.0,1,1.0,1,0.08936484466809361,57
5213,5,11563,4130,7433,0,0,0,1.0,1,1.0,1,1.0,1,0.14859314404555138,57
5214,4,11567,4132,7435,0,0,0,1.0,1,1.0,1,1.0,1,0.21010226748159472,58
5215,3,11570,4132,7438,0,0,0,1.0,1,1.0,1,1.0,1,0.22574434291132037,57
5216,4,11574,4132,7442,0,0,0,1.0,1,1.0,1,1.0,1,0.22404257513856674,57
5217,3,11577,4133,7444,0,0,0,1.0,1,1.0,1,1.0,1,0.23088642501650944,56
5218,8,11585,4135,7450,0,0,0,1.0,1,1.0,1,1.0,1,0.24015267709017546,56
5219,3,11588,4135,7453,0,0,0,1.0,1,1.0,1,1.0,1,0.21882122017995556,54
5220,2,11590,4136,7454,0,0,0,1.0,1,1.0,1,1.0,1,0.24630688485617538,53
5221,4,11594,4136,7458,0,0,0,1.0,1,1.0,1,1.0,1,0.16794759001912854,52
5222,2,11596,4137,7459,0,0,0,1.0,1,1.0,1,1.0,1,0.19111701038258097,52
5223,2,11598,4138,7460,0,0,0,1.0,1,1.0,1,1.0,1,0.20627598246513607,52
5224,2,11600,4140,7460,0,0,0,1.0,1,1.0,1,1.0,1,0.2210615823814677,52
5225,0,11600,4140,7460,0,0,0,1.0,1,1.0,1,1.0,1,0.22252169220153004,50
5226,4,11604,4142,7462,0,0,0,1.0,1,1.0,1,1.0,1,0.2169793427547604,51
5227,3,11607,4145,7462,0,0,0,1.0,1,1.0,1,1.0,1,0.24692999261790854,49
5228,0,11607,4145,7462,0,0,0,1.0,1,1.0,1,1.0,1,0.27088877355594615,48
5229,2,11609,4146,7463,0,0,0,1.0,1,1.0,1,1.0,1,0.20664995279675172,49
5230,1,11610,4146,7464,0,0,0,1.0,1,1.0,1,1.0,1,0.22907705423679467,49
5231,2,11612,4147,7465,0,0,0,1.0,1,1.0,1,1.0,1,0.19987993311862604,49
5232,1,11613,4148,7465,0,0,0,1.0,1,1.0,1,1.0,1,0.1936376036137255,51
5233,1,11614,4149,7465,0,0,0,1.0,1,1.0,1,1.0,1,0.21785757445578777,51
5234,5,11619,4151,7468,0,0,0,1.0,1,1.0,1,1.0,1,0.2055944711747176,52
5235,0,11619,4151,7468,0,0,0,1.0,1,1.0,1,1.0,1,0.20738943639876287,52
5236,0,11619,4151,7468,0,0,0,1.0,1,1.0,1,1.0,1,0.20738943639876287,52
5237,1,11620,4152,7468,0,0,0,1.0,1,1.0,1,1.0,1,0.22721233305217464,53
5238,0,11620,4152,7468,0,0,0,1.0,1,1.0,1,1.0,1,0.22721233305217464,53
5239,1,11621,4152,7469,0,0,0,1.0,1,1.0,1,1.0,1,0.22953834127229206,53
5240,6,11627,4154,7473,0,0,0,1.0,1,1.0,1,1.0,1,0.19537053288035416,55
5241,2,11629,4154,7475,0,0,0,1.0,1,1.0,1,1.0,1,0.1605565778169271,56
5242,2,11631,4155,7476,0,0,0,1.0,1,1.0,1,1.0,1,0.18682841659805313,54
5243,2,11633,4156,7477,0,0,0,1.0,1,1.0,1,1.0,1,0.17684322663989763,55
5244,1,11634,4157,7477,0,0,0,1.0,1,1.0,1,1.0,1,0.19835528289884127,55
5245,1,11635,4157,7478,0,0,0,1.0,1,1.0,1,1.0,1,0.19344145265641807,55
5246,3,11638,4159,7479,0,0,0,1.0,1,1.0,1,1.0,1,0.2608937245866013,55
5247,7,11645,4160,7485,0,0,0,1.0,1,1.0,1,1.0,1,0.2002924884901799,54
5248,6,11651,4160,7491,0,0,0,1.0,1,1.0,1,1.0,1,0.2192339854372287,53
5249,7,11658,4164,7494,0,0,0,1.0,1,1.0,1,1.0,1,0.19832244136335803,55
5250,5,11663,4166,7497,0,0,0,1.0,1,1.0,1,1.0,1,0.20307165803539837,55
5251,3,11666,4167,7499,0,0,0,1.0,1,1.0,1,1.0,1,0.21900058834436245,57
5252,2,11668,4167,7501,0,0,0,1.0,1,1.0,1,1.0,1,0.20885620864554813,58
5253,4,11672,4168,7504,0,0,0,1.0,1,1.0,1,1.0,1,0.20829337353528202,59
5254,3,11675,4169,7506,0,0,0,1.0,1,1.0,1,1.0,1,0.21761510718140392,59
5255,3,11678,4170,7508,0,0,0,1.0,1,1.0,1,1.0,1,0.22638561703241586,58
5256,4,11682,4172,7510,0,0,0,1.0,1,1.0,1,1.0,1,0.25630757718492964,59
5257,2,11684,4173,7511,0,0,0,1.0,1,1.0,1,1.0,1,0.23237862041018886,58
5258,2,11686,4173,7513,0,0,0,1.0,1,1.0,1,1.0,1,0.23547723809568974,56
5259,0,11686,4173,7513,0,0,0,1.0,1,1.0,1,1.0,1,0.22496472995582587,56
5260,4,11690,4173,7517,0,0,0,1.0,1,1.0,1,1.0,1,0.19426585415732553,55
5261,1,11691,4173,7518,0,0,0,1.0,1,1.0,1,1.0,1,0.1516705311354888,54
5262,1,11692,4174,7518,0,0,0,1.0,1,1.0,1,1.0,1,0.16455733877862216,54
5263,4,11696,4177,7519,0,0,0,1.0,1,1.0,1,1.0,1,0.19330660834892935,53
5264,1,11697,4178,7519,0,0,0,1.0,1,1.0,1,1.0,1,0.19338731592768832,51
5265,2,11699,4180,7519,0,0,0,1.0,1,1.0,1,1.0,1,0.22534396738895163,50
5266,5,11704,4183,7521,0,0,0,1.0,1,1.0,1,1.0,1,0.19985496735120062,49
5267,0,11704,4183,7521,0,0,0,1.0,1,1.0,1,1.0,1,0.191326208000951,48
5268,1,11705,4184,7521,0,0,0,1.0,1,1.0,1,1.0,1,0.18390517228921036,47
5269,0,11705,4184,7521,0,0,0,1.0,1,1.0,1,1.0,1,0.19922426266572235,45
5270,0,11705,4184,7521,0,0,0,1.0,1,1.0,1,1.0,1,0.20463881081582394,47
5271,1,11706,4184,7522,0,0,0,1.0,1,1.0,1,1.0,1,0.20066057711878518,45
5272,5,11711,4188,7523,0,0,0,1.0,1,1.0,1,1.0,1,0.321302453630053,46
5273,1,11712,4188,7524,0,0,0,1.0,1,1.0,1,1.0,1,0.3342728875522631,44
5274,3,11715,4190,7525,0,0,0,1.0,1,1.0,1,1.0,1,0.3504419012019627,44
5275,3,11718,4191,7527,0,0,0,1.0,1,1.0,1,1.0,1,0.3183386271208732,46
5276,1,11719,4192,7527,0,0,0,1.0,1,1.0,1,1.0,1,0.28112757051446713,46
5277,3,11722,4194,7528,0,0,0,1.0,1,1.0,1,1.0,1,0.3044368572668044,46
5278,4,11726,4198,7528,0,0,0,1.0,1,1.0,1,1.0,1,0.2946646692125756,46
5279,2,11728,4199,7529,0,0,0,1.0,1,1.0,1,1.0,1,0.3267408396220974,47
5280,2,11730,4200,7530,0,0,0,1.0,1,1.0,1,1.0,1,0.31565696211797306,47
5281,6,11736,4200,7536,0,0,0,1.0,1,1.0,1,1.0,1,0.23515373791864325,48
5282,1,11737,4201,7536,0,0,0,1.0,1,1.0,1,1.0,1,0.22315171093262895,48
5283,0,11737,4201,7536,0,0,0,1.0,1,1.0,1,1.0,1,0.2384480452782839,49
5284,0,11737,4201,7536,0,0,0,1.0,1,1.0,1,1.0,1,0.2384480452782839,49
5285,0,11737,4201,7536,0,0,0,1.0,1,1.0,1,1.0,1,0.2296094350337992,50
5286,4,11741,4201,7540,0,0,0,1.0,1,1.0,1,1.0,1,0.19909158803703172,51
5287,0,11741,4201,7540,0,0,0,1.0,1,1.0,1,1.0,1,0.19909158803703172,51
5288,1,11742,4201,7541,0,0,0,1.0,1,1.0,1,1.0,1,0.17901667825206705,51
5289,0,11742,4201,7541,0,0,0,1.0,1,1.0,1,1.0,1,0.1967357332394591,53
5290,1,11743,4201,7542,0,0,0,1.0,1,1.0,1,1.0,1,0.18356151535706264,53
5291,4,11747,4202,7545,0,0,0,1.0,1,1.0,1,1.0,1,0.20627205016274636,53
5292,8,11755,4204,7551,0,0,0,1.0,1,1.0,1,1.0,1,0.22678930148105764,53
5293,4,11759,4205,7554,0,0,0,1.0,1,1.0,1,1.0,1,0.2537713057062398,53
5294,2,11761,4205,7556,0,0,0,1.0,1,1.0,1,1.0,1,0.2532143564738198,54
5295,5,11766,4208,7558,0,0,0,1.0,1,1.0,1,1.0,1,0.2496449747617549,52
5296,3,11769,4208,7561,0,0,0,1.0,1,1.0,1,1.0,1,0.25795660340557075,49
5297,3,11772,4209,7563,0,0,0,1.0,1,1.0,1,1.0,1,0.2834478576334167,49
5298,0,11772,4209,7563,0,0,0,1.0,1,1.0,1,1.0,1,0.2802945358964197,49
5299,1,11773,4210,7563,0,0,0,1.0,1,1.0,1,1.0,1,0.248512152363505,50
5300,0,11773,4210,7563,0,0,0,1.0,1,1.0,1,1.0,1,0.24827411155781628,48
5301,1,11774,4211,7563,0,0,0,1.0,1,1.0,1,1.0,1,0.2632087988171549,46
5302,0,11774,4211,7563,0,0,0,1.0,1,1.0,1,1.0,1,0.26759638960135174,47
5303,2,11776,4213,7563,0,0,0,1.0,1,1.0,1,1.0,1,0.27646418162416825,46
5304,3,11779,4215,7564,0,0,0,1.0,1,1.0,1,1.0,1,0.3055366848496875,45
5305,1,11780,4215,7565,0,0,0,1.0,1,1.0,1,1.0,1,0.2873967454250331,44
5306,3,11783,4218,7565,0,0,0,1.0,1,1.0,1,1.0,1,0.37151672047312473,42
5307,5,11788,4220,7568,0,0,0,1.0,1,1.0,1,1.0,1,0.37269269439892105,42
5308,3,11791,4221,7570,0,0,0,1.0,1,1.0,1,1.0,1,0.39258529500728806,43
5309,1,11792,4222,7570,0,0,0,1.0,1,1.0,1,1.0,1,0.4047542602831729,41
5310,1,11793,4223,7570,0,0,0,1.0,1,1.0,1,1.0,1,0.44722382151929835,41
5311,2,11795,4224,7571,0,0,0,1.0,1,1.0,1,1.0,1,0.4281366094674416,42
5312,4,11799,4224,7575,0,0,0,1.0,1,1.0,1,1.0,1,0.419362828146019,43
5313,2,11801,4224,7577,0,0,0,1.0,1,1.0,1,1.0,1,0.41566018207442257,44
5314,1,11802,4224,7578,0,0,0,1.0,1,1.0,1,1.0,1,0.41124400164561065,44
5315,1,11803,4224,7579,0,0,0,1.0,1,1.0,1,1.0,1,0.4187913818536445,45
5316,4,11807,4224,7583,0,0,0,1.0,1,1.0,1,1.0,1,0.40238272854971424,46
5317,3,11810,4225,7585,0,0,0,1.0,1,1.0,1,1.0,1,0.4241195996482745,46
5318,1,11811,4226,7585,0,0,0,1.0,1,1.0,1,1.0,1,0.4134736850652075,46
5319,1,11812,4226,7586,0,0,0,1.0,1,1.0,1,1.0,1,0.4234126302706716,47
5320,3,11815,4227,7588,0,0,0,1.0,1,1.0,1,1.0,1,0.38375082213595074,48
5321,12,11827,4227,7600,0,0,0,1.0,1,1.0,1,1.0,1,0.2003596221049898,49
5322,3,11830,4227,7603,0,0,0,1.0,1,1.0,1,1.0,1,0.20334740392702585,49
5323,4,11834,4227,7607,0,0,0,1.0,1,1.0,1,1.0,1,0.23888708983643517,51
5324,4,11838,4227,7611,0,0,0,1.0,1,1.0,1,1.0,1,0.22070097090254445,53
5325,6,11844,4228,7616,0,0,0,1.0,1,1.0,1,1.0,1,0.24308408355255848,53
5326,6,11850,4228,7622,0,0,0,1.0,1,1.0,1,1.0,1,0.22190405847131794,53
5327,6,11856,4228,7628,0,0,0,1.0,1,1.0,1,1.0,1,0.24428803166273463,53
5328,7,11863,4228,7635,0,0,0,1.0,1,1.0,1,1.0,1,0.22666582722093492,54
5329,7,11870,4229,7641,0,0,0,1.0,1,1.0,1,1.0,1,0.24774754327734608,53
5330,4,11874,4229,7645,0,0,0,1.0,1,1.0,1,1.0,1,0.23927905237713418,52
5331,7,11881,4229,7652,0,0,0,1.0,1,1.0,1,1.0,1,0.2252161732463022,51
5332,3,11884,4230,7654,0,0,0,1.0,1,1.0,1,1.0,1,0.26971253399444345,52
5333,7,11891,4231,7660,0,0,0,1.0,1,1.0,1,1.0,1,0.2225034248685281,53
5334,4,11895,4231,7664,0,0,0,1.0,1,1.0,1,1.0,1,0.2472930366288024,54
5335,5,11900,4231,7669,0,0,0,1.0,1,1.0,1,1.0,1,0.24534429223328155,55
5336,3,11903,4231,7672,0,0,0,1.0,1,1.0,1,1.0,1,0.2401946698471409,54
5337,5,11908,4231,7677,0,0,0,1.0,1,1.0,1,1.0,1,0.23672338309096747,55
5338,2,11910,4231,7679,0,0,0,1.0,1,1.0,1,1.0,1,0.2581858103821003,55
5339,6,11916,4231,7685,0,0,0,1.0,1,1.0,1,1.0,1,0.2581858103821003,55
5340,7,11923,4231,7692,0,0,0,1.0,1,1.0,1,1.0,1,0.271924023963703,55
5341,4,11927,4231,7696,0,0,0,1.0,1,1.0,1,1.0,1,0.2892419249193414,54
5342,1,11928,4231,7697,0,0,0,1.0,1,1.0,1,1.0,1,0.27063608370702263,55
5343,1,11929,4232,7697,0,0,0,1.0,1,1.0,1,1.0,1,0.2616121263291346,54
5344,2,11931,4234,7697,0,0,0,1.0,1,1.0,1,1.0,1,0.2598725713750677,55
5345,0,11931,4234,7697,0,0,0,1.0,1,1.0,1,1.0,1,0.2481999832667331,53
5346,3,11934,4236,7698,0,0,0,1.0,1,1.0,1,1.0,1,0.2581139208223399,53
5347,2,11936,4237,7699,0,0,0,1.0,1,1.0,1,1.0,1,0.2675660419329612,51
5348,2,11938,4238,7700,0,0,0,1.0,1,1.0,1,1.0,1,0.23886915067418474,53
5349,3,11941,4241,7700,0,0,0,1.0,1,1.0,1,1.0,1,0.2717511080614712,52
5350,1,11942,4242,7700,0,0,0,1.0,1,1.0,1,1.0,1,0.28052942708312634,50
5351,5,11947,4243,7704,0,0,0,1.0,1,1.0,1,1.0,1,0.2703136798140716,52
5352,2,11949,4245,7704,0,0,0,1.0,1,1.0,1,1.0,1,0.2891867642321082,49
5353,0,11949,4245,7704,0,0,0,1.0,1,1.0,1,1.0,1,0.2891867642321082,49
5354,2,11951,4245,7706,0,0,0,1.0,1,1.0,1,1.0,1,0.24525780982048728,49
5355,0,11951,4245,7706,0,0,0,1.0,1,1.0,1,1.0,1,0.23186676872983245,48
5356,2,11953,4246,7707,0,0,0,1.0,1,1.0,1,1.0,1,0.242263378255876,49
5357,0,11953,4246,7707,0,0,0,1.0,1,1.0,1,1.0,1,0.24161646985567267,47
5358,1,11954,4247,7707,0,0,0,1.0,1,1.0,1,1.0,1,0.2668693436858859,48
5359,3,11957,4247,7710,0,0,0,1.0,1,1.0,1,1.0,1,0.24047988869905856,48
5360,2,11959,4247,7712,0,0,0,1.0,1,1.0,1,1.0,1,0.2171229632353721,48
5361,2,11961,4247,7714,0,0,0,1.0,1,1.0,1,1.0,1,0.20235476277712328,50
5362,0,11961,4247,7714,0,0,0,1.0,1,1.0,1,1.0,1,0.20235476277712328,50
5363,0,11961,4247,7714,0,0,0,1.0,1,1.0,1,1.0,1,0.20235476277712328,50
5364,1,11962,4248,7714,0,0,0,1.0,1,1.0,1,1.0,1,0.2089616458459091,51
5365,1,11963,4248,7715,0,0,0,1.0,1,1.0,1,1.0,1,0.21643047830045312,52
5366,0,11963,4248,7715,0,0,0,1.0,1,1.0,1,1.0,1,0.21643047830045312,52
5367,2,11965,4249,7716,0,0,0,1.0,1,1.0,1,1.0,1,0.20715884854411934,54
5368,3,11968,4249,7719,0,0,0,1.0,1,1.0,1,1.0,1,0.1820980559228707,55
5369,1,11969,4249,7720,0,0,0,1.0,1,1.0,1,1.0,1,0.1470331633249646,53
5370,2,11971,4251,7720,0,0,0,1.0,1,1.0,1,1.0,1,0.18597544538427505,54
5371,3,11974,4254,7720,0,0,0,1.0,1,1.0,1,1.0,1,0.23533696600743653,53
5372,4,11978,4257,7721,0,0,0,1.0,1,1.0,1,1.0,1,0.3467018870102629,53
5373,5,11983,4257,7726,0,0,0,1.0,1,1.0,1,1.0,1,0.30642287847949257,52
5374,3,11986,4258,7728,0,0,0,1.0,1,1.0,1,1.0,1,0.3262368370964096,51
5375,1,11987,4258,7729,0,0,0,1.0,1,1.0,1,1.0,1,0.29280735942251,52
5376,3,11990,4259,7731,0,0,0,1.0,1,1.0,1,1.0,1,0.27920631249092903,51
5377,2,11992,4261,7731,0,0,0,1.0,1,1.0,1,1.0,1,0.26948815928501496,52
5378,1,11993,4262,7731,0,0,0,1.0,1,1.0,1,1.0,1,0.2732507842438381,50
5379,1,11994,4262,7732,0,0,0,1.0,1,1.0,1,1.0,1,0.271005333375563,50
5380,0,11994,4262,7732,0,0,0,1.0,1,1.0,1,1.0,1,0.2766776125347099,52
5381,0,11994,4262,7732,0,0,0,1.0,1,1.0,1,1.0,1,0.2766776125347099,52
5382,2,11996,4262,7734,0,0,0,1.0,1,1.0,1,1.0,1,0.2659753650811981,52
5383,0,11996,4262,7734,0,0,0,1.0,1,1.0,1,1.0,1,0.25223197356940413,51
5384,4,12000,4263,7737,0,0,0,1.0,1,1.0,1,1.0,1,0.2005240700128343,52
5385,3,12003,4264,7739,0,0,0,1.0,1,1.0,1,1.0,1,0.21010040294801663,51
5386,0,12003,4264,7739,0,0,0,1.0,1,1.0,1,1.0,1,0.22273216047688607,52
5387,3,12006,4265,7741,0,0,0,1.0,1,1.0,1,1.0,1,0.19004034124134975,53
5388,2,12008,4266,7742,0,0,0,1.0,1,1.0,1,1.0,1,0.17571730837544616,54
5389,2,12010,4266,7744,0,0,0,1.0,1,1.0,1,1.0,1,0.14841023570507736,55
5390,3,12013,4267,7746,0,0,0,1.0,1,1.0,1,1.0,1,0.11052103432165221,56
5391,1,12014,4268,7746,0,0,0,1.0,1,1.0,1,1.0,1,0.12402488406803015,56
5392,3,12017,4270,7747,0,0,0,1.0,1,1.0,1,1.0,1,0.13203206512258958,56
5393,1,12018,4271,7747,0,0,0,1.0,1,1.0,1,1.0,1,0.16779133454004147,54
5394,2,12020,4272,7748,0,0,0,1.0,1,1.0,1,1.0,1,0.15856770384704727,53
5395,1,12021,4273,7748,0,0,0,1.0,1,1.0,1,1.0,1,0.15508040537351275,53
5396,1,12022,4273,7749,0,0,0,1.0,1,1.0,1,1.0,1,0.1355323821865054,54
5397,1,12023,4274,7749,0,0,0,1.0,1,1.0,1,1.0,1,0.14766906950519942,53
5398,1,12024,4274,7750,0,0,0,1.0,1,1.0,1,1.0,1,0.14063965273430531,53
5399,4,12028,4278,7750,0,0,0,1.0,1,1.0,1,1.0,1,0.23195848621985077,55
5400,5,12033,4279,7754,0,0,0,1.0,1,1.0,1,1.0,1,0.17774277658280113,55
5401,5,12038,4280,7758,0,0,0,1.0,1,1.0,1,1.0,1,0.12525720236794943,56
5402,0,12038,4280,7758,0,0,0,1.0,1,1.0,1,1.0,1,0.0,0
