,SuccessfulHandoverCount,TotalSuccessfulHandoverCount,TotalSuccessfulHandoverCountRange,TotalSuccessfulHandoverCountLoadBalancing,TotalSuccessfulHandoverCountOverload,FailedHandoverCount,TotalFailedHandoverCount,AvgQoS,MinQoS,AvgQoS_LoadBased,MinQoS_LoadBased,AvgQoS_RangeBased,MinQoS_RangeBased,GiniLoad,VehicleCount
0,0,0,0,0,0,0,0,1.0,1,1.0,1,1.0,1,0.0,0
1,22,22,0,22,0,0,0,1.0,1,1.0,1,1.0,1,0.2666439998729147,30
2,23,45,0,45,0,0,0,1.0,1,1.0,1,1.0,1,0.2713985427960271,32
3,23,68,0,68,0,0,0,1.0,1,1.0,1,1.0,1,0.2399327401436092,33
4,28,96,0,96,0,0,0,1.0,1,1.0,1,1.0,1,0.27141421236761243,34
5,3,99,0,99,0,0,0,1.0,1,1.0,1,1.0,1,0.1577630703038302,36
6,4,103,0,103,0,0,0,1.0,1,1.0,1,1.0,1,0.13174862270346963,38
7,1,104,0,104,0,0,0,1.0,1,1.0,1,1.0,1,0.1469643633904132,40
8,0,104,0,104,0,0,0,1.0,1,1.0,1,1.0,1,0.1469643633904132,40
9,0,104,0,104,0,0,0,1.0,1,1.0,1,1.0,1,0.1469643633904132,40
10,0,104,0,104,0,0,0,1.0,1,1.0,1,1.0,1,0.15820551262075733,41
11,0,104,0,104,0,0,0,1.0,1,1.0,1,1.0,1,0.19183945754413761,40
12,2,106,1,105,0,0,0,1.0,1,1.0,1,1.0,1,0.14714513730299214,39
13,5,111,4,107,0,0,0,1.0,1,1.0,1,1.0,1,0.16788604004555455,37
14,0,111,4,107,0,0,0,1.0,1,1.0,1,1.0,1,0.21402742639688122,35
15,2,113,5,108,0,0,0,1.0,1,1.0,1,1.0,1,0.22149300354074625,36
16,1,114,5,109,0,0,0,1.0,1,1.0,1,1.0,1,0.22069816214693327,34
17,1,115,5,110,0,0,0,1.0,1,1.0,1,1.0,1,0.20661715671128258,33
18,1,116,5,111,0,0,0,1.0,1,1.0,1,1.0,1,0.2084334716893906,34
19,1,117,6,111,0,0,0,1.0,1,1.0,1,1.0,1,0.2337631726978973,34
20,1,118,6,112,0,0,0,1.0,1,1.0,1,1.0,1,0.1919562877147641,34
21,3,121,7,114,0,0,0,1.0,1,1.0,1,1.0,1,0.1786670552401233,36
22,1,122,7,115,0,0,0,1.0,1,1.0,1,1.0,1,0.1768752143478056,35
23,3,125,9,116,0,0,0,1.0,1,1.0,1,1.0,1,0.2123068682777348,35
24,2,127,10,117,0,0,0,1.0,1,1.0,1,1.0,1,0.16842682463817957,35
25,8,135,15,120,0,0,0,1.0,1,1.0,1,1.0,1,0.24050565424897266,35
26,5,140,17,123,0,0,0,1.0,1,1.0,1,1.0,1,0.14635611490496997,36
27,1,141,18,123,0,0,0,1.0,1,1.0,1,1.0,1,0.1133268874394039,34
28,1,142,18,124,0,0,0,1.0,1,1.0,1,1.0,1,0.10638546606375286,35
29,2,144,18,126,0,0,0,1.0,1,1.0,1,1.0,1,0.08915576240830325,33
30,2,146,20,126,0,0,0,1.0,1,1.0,1,1.0,1,0.14984219276906952,33
31,1,147,20,127,0,0,0,1.0,1,1.0,1,1.0,1,0.17782541146690292,33
32,0,147,20,127,0,0,0,1.0,1,1.0,1,1.0,1,0.19705544202684785,32
33,3,150,20,130,0,0,0,1.0,1,1.0,1,1.0,1,0.1394604641517989,33
34,3,153,22,131,0,0,0,1.0,1,1.0,1,1.0,1,0.18646888832206235,33
35,4,157,22,135,0,0,0,1.0,1,1.0,1,1.0,1,0.19130620908371088,35
36,3,160,23,137,0,0,0,1.0,1,1.0,1,1.0,1,0.22733352655005873,36
37,3,163,23,140,0,0,0,1.0,1,1.0,1,1.0,1,0.1371281190176606,37
38,1,164,23,141,0,0,0,1.0,1,1.0,1,1.0,1,0.14215473350271746,36
39,1,165,23,142,0,0,0,1.0,1,1.0,1,1.0,1,0.14440901944747261,38
40,1,166,23,143,0,0,0,1.0,1,1.0,1,1.0,1,0.13253831198730665,40
41,1,167,23,144,0,0,0,1.0,1,1.0,1,1.0,1,0.1254247711920106,40
42,2,169,25,144,0,0,0,1.0,1,1.0,1,1.0,1,0.15132656795493088,40
43,2,171,26,145,0,0,0,1.0,1,1.0,1,1.0,1,0.17041204428604506,43
44,3,174,26,148,0,0,0,1.0,1,1.0,1,1.0,1,0.1668335576032312,43
45,1,175,27,148,0,0,0,1.0,1,1.0,1,1.0,1,0.16862988308649662,44
46,0,175,27,148,0,0,0,1.0,1,1.0,1,1.0,1,0.16862988308649662,44
47,1,176,28,148,0,0,0,1.0,1,1.0,1,1.0,1,0.1938767743600247,44
48,2,178,29,149,0,0,0,1.0,1,1.0,1,1.0,1,0.2164319338996355,44
49,2,180,29,151,0,0,0,1.0,1,1.0,1,1.0,1,0.20570715356026023,41
50,3,183,30,153,0,0,0,1.0,1,1.0,1,1.0,1,0.25950507617254304,40
51,0,183,30,153,0,0,0,1.0,1,1.0,1,1.0,1,0.22772033411104967,38
52,0,183,30,153,0,0,0,1.0,1,1.0,1,1.0,1,0.2290567836505761,37
53,2,185,30,155,0,0,0,1.0,1,1.0,1,1.0,1,0.2180066987782448,38
54,2,187,30,157,0,0,0,1.0,1,1.0,1,1.0,1,0.18916049327958795,38
55,4,191,30,161,0,0,0,1.0,1,1.0,1,1.0,1,0.18643989706004105,38
56,4,195,30,165,0,0,0,1.0,1,1.0,1,1.0,1,0.18084331648473453,38
57,3,198,32,166,0,0,0,1.0,1,1.0,1,1.0,1,0.15851570846565852,38
58,1,199,32,167,0,0,0,1.0,1,1.0,1,1.0,1,0.18552473999967609,38
59,4,203,33,170,0,0,0,1.0,1,1.0,1,1.0,1,0.16464966975889375,40
60,1,204,34,170,0,0,0,1.0,1,1.0,1,1.0,1,0.17175350791889266,40
61,0,204,34,170,0,0,0,1.0,1,1.0,1,1.0,1,0.16788740760526408,40
62,0,204,34,170,0,0,0,1.0,1,1.0,1,1.0,1,0.17154225870964798,42
63,1,205,34,171,0,0,0,1.0,1,1.0,1,1.0,1,0.17056351037282863,40
64,0,205,34,171,0,0,0,1.0,1,1.0,1,1.0,1,0.16883833891148273,41
65,2,207,35,172,0,0,0,1.0,1,1.0,1,1.0,1,0.17645881632288296,41
66,2,209,36,173,0,0,0,1.0,1,1.0,1,1.0,1,0.1794892426941934,41
67,0,209,36,173,0,0,0,1.0,1,1.0,1,1.0,1,0.1794892426941934,41
68,3,212,36,176,0,0,0,1.0,1,1.0,1,1.0,1,0.1035091822546613,41
69,4,216,37,179,0,0,0,1.0,1,1.0,1,1.0,1,0.1348964870053354,41
70,0,216,37,179,0,0,0,1.0,1,1.0,1,1.0,1,0.149517627804852,42
71,4,220,38,182,0,0,0,1.0,1,1.0,1,1.0,1,0.11754474607149275,44
72,1,221,38,183,0,0,0,1.0,1,1.0,1,1.0,1,0.11341956602470411,44
73,2,223,38,185,0,0,0,1.0,1,1.0,1,1.0,1,0.09119293610517766,46
74,0,223,38,185,0,0,0,1.0,1,1.0,1,1.0,1,0.11070227406447382,44
75,3,226,40,186,0,0,0,1.0,1,1.0,1,1.0,1,0.10808681001948449,44
76,3,229,43,186,0,0,0,1.0,1,1.0,1,1.0,1,0.22856662055504878,45
77,4,233,43,190,0,0,0,1.0,1,1.0,1,1.0,1,0.13012961131035092,44
78,2,235,44,191,0,0,0,1.0,1,1.0,1,1.0,1,0.16771621872153641,44
79,3,238,45,193,0,0,0,1.0,1,1.0,1,1.0,1,0.2108082652958897,43
80,2,240,45,195,0,0,0,1.0,1,1.0,1,1.0,1,0.2108082652958897,43
81,4,244,47,197,0,0,0,1.0,1,1.0,1,1.0,1,0.24690995645421832,44
82,4,248,49,199,0,0,0,1.0,1,1.0,1,1.0,1,0.230124537773101,45
83,3,251,51,200,0,0,0,1.0,1,1.0,1,1.0,1,0.2640103942838472,45
84,0,251,51,200,0,0,0,1.0,1,1.0,1,1.0,1,0.2640103942838472,45
85,1,252,51,201,0,0,0,1.0,1,1.0,1,1.0,1,0.25481499771544147,45
86,1,253,51,202,0,0,0,1.0,1,1.0,1,1.0,1,0.23879887862712304,45
87,0,253,51,202,0,0,0,1.0,1,1.0,1,1.0,1,0.25156162419092665,44
88,0,253,51,202,0,0,0,1.0,1,1.0,1,1.0,1,0.23672788720859816,45
89,4,257,52,205,0,0,0,1.0,1,1.0,1,1.0,1,0.21116400423806028,46
90,0,257,52,205,0,0,0,1.0,1,1.0,1,1.0,1,0.2425910844174523,44
91,1,258,53,205,0,0,0,1.0,1,1.0,1,1.0,1,0.23135185168442068,45
92,0,258,53,205,0,0,0,1.0,1,1.0,1,1.0,1,0.2401121274610867,46
93,1,259,53,206,0,0,0,1.0,1,1.0,1,1.0,1,0.22072637469603976,46
94,0,259,53,206,0,0,0,1.0,1,1.0,1,1.0,1,0.22072637469603976,46
95,2,261,53,208,0,0,0,1.0,1,1.0,1,1.0,1,0.2043476596367446,46
96,0,261,53,208,0,0,0,1.0,1,1.0,1,1.0,1,0.2043476596367446,46
97,0,261,53,208,0,0,0,1.0,1,1.0,1,1.0,1,0.1975336056771956,47
98,0,261,53,208,0,0,0,1.0,1,1.0,1,1.0,1,0.1975336056771956,47
99,1,262,54,208,0,0,0,1.0,1,1.0,1,1.0,1,0.23549298262849183,46
100,1,263,54,209,0,0,0,1.0,1,1.0,1,1.0,1,0.24667228614596512,48
101,3,266,55,211,0,0,0,1.0,1,1.0,1,1.0,1,0.23464329491388264,49
102,2,268,57,211,0,0,0,1.0,1,1.0,1,1.0,1,0.24523917295170333,49
103,3,271,58,213,0,0,0,1.0,1,1.0,1,1.0,1,0.2010336227451281,48
104,7,278,61,217,0,0,0,1.0,1,1.0,1,1.0,1,0.20099879789243516,49
105,7,285,63,222,0,0,0,1.0,1,1.0,1,1.0,1,0.12588665035202382,48
106,5,290,64,226,0,0,0,1.0,1,1.0,1,1.0,1,0.16011659208217835,48
107,6,296,66,230,0,0,0,1.0,1,1.0,1,1.0,1,0.20568624059283264,47
108,2,298,66,232,0,0,0,1.0,1,1.0,1,1.0,1,0.18224410886123374,47
109,8,306,68,238,0,0,0,1.0,1,1.0,1,1.0,1,0.10947655333987238,47
110,3,309,69,240,0,0,0,1.0,1,1.0,1,1.0,1,0.1107423005635025,47
111,3,312,69,243,0,0,0,1.0,1,1.0,1,1.0,1,0.08082777573216962,46
112,1,313,70,243,0,0,0,1.0,1,1.0,1,1.0,1,0.09853267784234407,46
113,4,317,72,245,0,0,0,1.0,1,1.0,1,1.0,1,0.13337025229342062,45
114,2,319,73,246,0,0,0,1.0,1,1.0,1,1.0,1,0.10296127012159936,46
115,5,324,74,250,0,0,0,1.0,1,1.0,1,1.0,1,0.10781704659228654,47
116,2,326,74,252,0,0,0,1.0,1,1.0,1,1.0,1,0.09502829756317885,48
117,4,330,77,253,0,0,0,1.0,1,1.0,1,1.0,1,0.12614911133819812,48
118,0,330,77,253,0,0,0,1.0,1,1.0,1,1.0,1,0.1376055945223838,49
119,1,331,78,253,0,0,0,1.0,1,1.0,1,1.0,1,0.1469511984020427,50
120,0,331,78,253,0,0,0,1.0,1,1.0,1,1.0,1,0.1446484249629854,51
121,2,333,78,255,0,0,0,1.0,1,1.0,1,1.0,1,0.13392371097534989,51
122,1,334,79,255,0,0,0,1.0,1,1.0,1,1.0,1,0.1279453131379955,51
123,0,334,79,255,0,0,0,1.0,1,1.0,1,1.0,1,0.1279453131379955,51
124,0,334,79,255,0,0,0,1.0,1,1.0,1,1.0,1,0.1279453131379955,51
125,4,338,79,259,0,0,0,1.0,1,1.0,1,1.0,1,0.12234542758856926,50
126,4,342,81,261,0,0,0,1.0,1,1.0,1,1.0,1,0.0904179413384377,52
127,3,345,81,264,0,0,0,1.0,1,1.0,1,1.0,1,0.10456986360728543,50
128,1,346,81,265,0,0,0,1.0,1,1.0,1,1.0,1,0.12080968664521931,50
129,5,351,81,270,0,0,0,1.0,1,1.0,1,1.0,1,0.10106898657134643,52
130,3,354,82,272,0,0,0,1.0,1,1.0,1,1.0,1,0.12719739897947557,52
131,3,357,82,275,0,0,0,1.0,1,1.0,1,1.0,1,0.1268442156764384,54
132,3,360,83,277,0,0,0,1.0,1,1.0,1,1.0,1,0.11365749590506449,54
133,1,361,83,278,0,0,0,1.0,1,1.0,1,1.0,1,0.10695292776442043,52
134,1,362,83,279,0,0,0,1.0,1,1.0,1,1.0,1,0.09558018837082023,52
135,5,367,87,280,0,0,0,1.0,1,1.0,1,1.0,1,0.14476602459732513,51
136,3,370,88,282,0,0,0,1.0,1,1.0,1,1.0,1,0.13787883797169984,51
137,4,374,88,286,0,0,0,1.0,1,1.0,1,1.0,1,0.08676069979492708,50
138,3,377,89,288,0,0,0,1.0,1,1.0,1,1.0,1,0.09560655030264906,52
139,4,381,90,291,0,0,0,1.0,1,1.0,1,1.0,1,0.11207897566865585,51
140,1,382,91,291,0,0,0,1.0,1,1.0,1,1.0,1,0.10613669747347368,51
141,0,382,91,291,0,0,0,1.0,1,1.0,1,1.0,1,0.10346943551345117,50
142,4,386,93,293,0,0,0,1.0,1,1.0,1,1.0,1,0.10444862983410728,51
143,2,388,94,294,0,0,0,1.0,1,1.0,1,1.0,1,0.10707362328329292,48
144,1,389,94,295,0,0,0,1.0,1,1.0,1,1.0,1,0.09238817942166774,49
145,3,392,97,295,0,0,0,1.0,1,1.0,1,1.0,1,0.11825233242776942,47
146,6,398,99,299,0,0,0,1.0,1,1.0,1,1.0,1,0.07131270907980744,49
147,2,400,100,300,0,0,0,1.0,1,1.0,1,1.0,1,0.07558251404592707,46
148,1,401,101,300,0,0,0,1.0,1,1.0,1,1.0,1,0.06576957639497198,47
149,3,404,103,301,0,0,0,1.0,1,1.0,1,1.0,1,0.073116500501021,46
150,0,404,103,301,0,0,0,1.0,1,1.0,1,1.0,1,0.058317340108238525,47
151,1,405,104,301,0,0,0,1.0,1,1.0,1,1.0,1,0.085081837292905,46
152,0,405,104,301,0,0,0,1.0,1,1.0,1,1.0,1,0.10966257845000653,45
153,1,406,104,302,0,0,0,1.0,1,1.0,1,1.0,1,0.09402597239567853,46
154,1,407,105,302,0,0,0,1.0,1,1.0,1,1.0,1,0.14055138890570493,44
155,3,410,107,303,0,0,0,1.0,1,1.0,1,1.0,1,0.1337370494478117,45
156,1,411,108,303,0,0,0,1.0,1,1.0,1,1.0,1,0.17408461692073438,43
157,2,413,108,305,0,0,0,1.0,1,1.0,1,1.0,1,0.1213839467042995,42
158,1,414,108,306,0,0,0,1.0,1,1.0,1,1.0,1,0.12406595010884282,43
159,4,418,109,309,0,0,0,1.0,1,1.0,1,1.0,1,0.15279083819436504,44
160,4,422,109,313,0,0,0,1.0,1,1.0,1,1.0,1,0.11360688302709882,44
161,4,426,112,314,0,0,0,1.0,1,1.0,1,1.0,1,0.1644745302606478,44
162,3,429,113,316,0,0,0,1.0,1,1.0,1,1.0,1,0.13678269524328054,44
163,7,436,118,318,0,0,0,1.0,1,1.0,1,1.0,1,0.22703284061243562,44
164,7,443,121,322,0,0,0,1.0,1,1.0,1,1.0,1,0.235904433309541,44
165,6,449,123,326,0,0,0,1.0,1,1.0,1,1.0,1,0.15634063015257008,43
166,2,451,123,328,0,0,0,1.0,1,1.0,1,1.0,1,0.16838729692277019,43
167,2,453,124,329,0,0,0,1.0,1,1.0,1,1.0,1,0.14941807377492855,42
168,0,453,124,329,0,0,0,1.0,1,1.0,1,1.0,1,0.1431769333616727,40
169,1,454,124,330,0,0,0,1.0,1,1.0,1,1.0,1,0.13473934875714844,41
170,0,454,124,330,0,0,0,1.0,1,1.0,1,1.0,1,0.12167779621167019,39
171,0,454,124,330,0,0,0,1.0,1,1.0,1,1.0,1,0.12167779621167019,39
172,2,456,124,332,0,0,0,1.0,1,1.0,1,1.0,1,0.11654789038261788,38
173,2,458,126,332,0,0,0,1.0,1,1.0,1,1.0,1,0.16189576177093878,38
174,2,460,127,333,0,0,0,1.0,1,1.0,1,1.0,1,0.1506623456505313,37
175,2,462,128,334,0,0,0,1.0,1,1.0,1,1.0,1,0.1571458483347343,36
176,2,464,129,335,0,0,0,1.0,1,1.0,1,1.0,1,0.16691731347770486,36
177,2,466,130,336,0,0,0,1.0,1,1.0,1,1.0,1,0.13113157140780807,38
178,1,467,131,336,0,0,0,1.0,1,1.0,1,1.0,1,0.1686960993482139,39
179,1,468,131,337,0,0,0,1.0,1,1.0,1,1.0,1,0.1799209268944341,40
180,0,468,131,337,0,0,0,1.0,1,1.0,1,1.0,1,0.1799209268944341,40
181,2,470,131,339,0,0,0,1.0,1,1.0,1,1.0,1,0.18823861535442402,39
182,4,474,133,341,0,0,0,1.0,1,1.0,1,1.0,1,0.17598375721780937,40
183,1,475,134,341,0,0,0,1.0,1,1.0,1,1.0,1,0.2309894263838593,40
184,1,476,135,341,0,0,0,1.0,1,1.0,1,1.0,1,0.2569027555177165,38
185,6,482,136,346,0,0,0,1.0,1,1.0,1,1.0,1,0.126086363089813,38
186,1,483,137,346,0,0,0,1.0,1,1.0,1,1.0,1,0.141557426997277,37
187,6,489,138,351,0,0,0,1.0,1,1.0,1,1.0,1,0.09610202379201781,36
188,0,489,138,351,0,0,0,1.0,1,1.0,1,1.0,1,0.09610202379201781,36
189,2,491,139,352,0,0,0,1.0,1,1.0,1,1.0,1,0.09969414785267425,36
190,2,493,140,353,0,0,0,1.0,1,1.0,1,1.0,1,0.13509988385529617,36
191,2,495,141,354,0,0,0,1.0,1,1.0,1,1.0,1,0.12734804902412414,37
192,2,497,143,354,0,0,0,1.0,1,1.0,1,1.0,1,0.12152375341529073,37
193,0,497,143,354,0,0,0,1.0,1,1.0,1,1.0,1,0.11537738297694933,38
194,2,499,144,355,0,0,0,1.0,1,1.0,1,1.0,1,0.11036094386677531,39
195,5,504,146,358,0,0,0,1.0,1,1.0,1,1.0,1,0.10658583519178493,40
196,1,505,146,359,0,0,0,1.0,1,1.0,1,1.0,1,0.09063252308458529,40
197,2,507,146,361,0,0,0,1.0,1,1.0,1,1.0,1,0.1216765457116921,40
198,1,508,147,361,0,0,0,1.0,1,1.0,1,1.0,1,0.1504112302564056,40
199,2,510,148,362,0,0,0,1.0,1,1.0,1,1.0,1,0.12121541192849108,40
200,4,514,149,365,0,0,0,1.0,1,1.0,1,1.0,1,0.07011003385469579,40
201,3,517,151,366,0,0,0,1.0,1,1.0,1,1.0,1,0.10133723764293041,39
202,1,518,151,367,0,0,0,1.0,1,1.0,1,1.0,1,0.1130033657746784,40
203,2,520,152,368,0,0,0,1.0,1,1.0,1,1.0,1,0.09775333905485492,39
204,2,522,154,368,0,0,0,1.0,1,1.0,1,1.0,1,0.0993589617402942,38
205,1,523,155,368,0,0,0,1.0,1,1.0,1,1.0,1,0.09363954058891683,37
206,0,523,155,368,0,0,0,1.0,1,1.0,1,1.0,1,0.11472388264807891,36
207,1,524,155,369,0,0,0,1.0,1,1.0,1,1.0,1,0.0961076080963607,37
208,2,526,155,371,0,0,0,1.0,1,1.0,1,1.0,1,0.14543380099283393,36
209,2,528,156,372,0,0,0,1.0,1,1.0,1,1.0,1,0.1511911703218237,36
210,1,529,156,373,0,0,0,1.0,1,1.0,1,1.0,1,0.18870552934483856,36
211,0,529,156,373,0,0,0,1.0,1,1.0,1,1.0,1,0.21832611146805017,34
212,1,530,157,373,0,0,0,1.0,1,1.0,1,1.0,1,0.24560809350070775,34
213,4,534,157,377,0,0,0,1.0,1,1.0,1,1.0,1,0.1800340634078385,36
214,3,537,157,380,0,0,0,1.0,1,1.0,1,1.0,1,0.19308015640442577,35
215,2,539,157,382,0,0,0,1.0,1,1.0,1,1.0,1,0.14057427530733455,35
216,1,540,157,383,0,0,0,1.0,1,1.0,1,1.0,1,0.1503603986152763,37
217,3,543,158,385,0,0,0,1.0,1,1.0,1,1.0,1,0.12973394315215553,37
218,5,548,161,387,0,0,0,1.0,1,1.0,1,1.0,1,0.1437496448652629,37
219,2,550,162,388,0,0,0,1.0,1,1.0,1,1.0,1,0.15906501081488855,37
220,1,551,162,389,0,0,0,1.0,1,1.0,1,1.0,1,0.14291743733223594,38
221,3,554,163,391,0,0,0,1.0,1,1.0,1,1.0,1,0.10037438389060234,39
222,1,555,164,391,0,0,0,1.0,1,1.0,1,1.0,1,0.11546141235955128,39
223,2,557,165,392,0,0,0,1.0,1,1.0,1,1.0,1,0.11759640910646711,40
224,5,562,168,394,0,0,0,1.0,1,1.0,1,1.0,1,0.22038523731405624,40
225,7,569,169,400,0,0,0,1.0,1,1.0,1,1.0,1,0.17946432984318558,39
226,4,573,170,403,0,0,0,1.0,1,1.0,1,1.0,1,0.1390587366562496,39
227,2,575,171,404,0,0,0,1.0,1,1.0,1,1.0,1,0.18177355636817236,39
228,1,576,172,404,0,0,0,1.0,1,1.0,1,1.0,1,0.1768045085971741,38
229,3,579,173,406,0,0,0,1.0,1,1.0,1,1.0,1,0.1260541832952282,39
230,1,580,174,406,0,0,0,1.0,1,1.0,1,1.0,1,0.1328948423016888,38
231,0,580,174,406,0,0,0,1.0,1,1.0,1,1.0,1,0.1328948423016888,38
232,6,586,177,409,0,0,0,1.0,1,1.0,1,1.0,1,0.1461849770329322,37
233,2,588,178,410,0,0,0,1.0,1,1.0,1,1.0,1,0.15535876885378033,36
234,2,590,179,411,0,0,0,1.0,1,1.0,1,1.0,1,0.16503284186544837,34
235,3,593,181,412,0,0,0,1.0,1,1.0,1,1.0,1,0.2536622358252209,34
236,0,593,181,412,0,0,0,1.0,1,1.0,1,1.0,1,0.2755342907223114,33
237,1,594,181,413,0,0,0,1.0,1,1.0,1,1.0,1,0.2615313608341387,32
238,1,595,181,414,0,0,0,1.0,1,1.0,1,1.0,1,0.2601930898814904,32
239,4,599,183,416,0,0,0,1.0,1,1.0,1,1.0,1,0.2472775665958089,31
240,0,599,183,416,0,0,0,1.0,1,1.0,1,1.0,1,0.32271431987762494,28
241,2,601,183,418,0,0,0,1.0,1,1.0,1,1.0,1,0.22381709675306025,27
242,1,602,183,419,0,0,0,1.0,1,1.0,1,1.0,1,0.2212976513466146,29
243,5,607,185,422,0,0,0,1.0,1,1.0,1,1.0,1,0.22111588906009247,28
244,1,608,185,423,0,0,0,1.0,1,1.0,1,1.0,1,0.18447401706295494,28
245,3,611,186,425,0,0,0,1.0,1,1.0,1,1.0,1,0.14430738403517876,27
246,2,613,188,425,0,0,0,1.0,1,1.0,1,1.0,1,0.12766053540647102,25
247,1,614,188,426,0,0,0,1.0,1,1.0,1,1.0,1,0.13827829564233576,26
248,0,614,188,426,0,0,0,1.0,1,1.0,1,1.0,1,0.15079043988193097,27
249,1,615,189,426,0,0,0,1.0,1,1.0,1,1.0,1,0.16118789618320167,26
250,0,615,189,426,0,0,0,1.0,1,1.0,1,1.0,1,0.1841633105835298,27
251,2,617,190,427,0,0,0,1.0,1,1.0,1,1.0,1,0.2609183325041099,28
252,2,619,190,429,0,0,0,1.0,1,1.0,1,1.0,1,0.2609183325041099,28
253,1,620,190,430,0,0,0,1.0,1,1.0,1,1.0,1,0.17195549918224223,28
254,1,621,191,430,0,0,0,1.0,1,1.0,1,1.0,1,0.21669173725510316,29
255,2,623,192,431,0,0,0,1.0,1,1.0,1,1.0,1,0.22167600022027478,30
256,0,623,192,431,0,0,0,1.0,1,1.0,1,1.0,1,0.22167600022027478,30
257,7,630,194,436,0,0,0,1.0,1,1.0,1,1.0,1,0.16994776698302583,32
258,0,630,194,436,0,0,0,1.0,1,1.0,1,1.0,1,0.16994776698302583,32
259,0,630,194,436,0,0,0,1.0,1,1.0,1,1.0,1,0.16994776698302583,32
260,0,630,194,436,0,0,0,1.0,1,1.0,1,1.0,1,0.14185540580631004,34
261,0,630,194,436,0,0,0,1.0,1,1.0,1,1.0,1,0.1599295045129148,35
262,4,634,196,438,0,0,0,1.0,1,1.0,1,1.0,1,0.20228854437122257,36
263,0,634,196,438,0,0,0,1.0,1,1.0,1,1.0,1,0.20442896313663012,34
264,1,635,196,439,0,0,0,1.0,1,1.0,1,1.0,1,0.16408608723755877,34
265,1,636,196,440,0,0,0,1.0,1,1.0,1,1.0,1,0.16337049003095394,33
266,1,637,197,440,0,0,0,1.0,1,1.0,1,1.0,1,0.18968305555856096,34
267,0,637,197,440,0,0,0,1.0,1,1.0,1,1.0,1,0.20347153383470304,33
268,1,638,197,441,0,0,0,1.0,1,1.0,1,1.0,1,0.21295214140483562,34
269,0,638,197,441,0,0,0,1.0,1,1.0,1,1.0,1,0.21295214140483562,34
270,3,641,197,444,0,0,0,1.0,1,1.0,1,1.0,1,0.1709331518984137,36
271,0,641,197,444,0,0,0,1.0,1,1.0,1,1.0,1,0.1709331518984137,36
272,1,642,197,445,0,0,0,1.0,1,1.0,1,1.0,1,0.18640437034568103,38
273,1,643,197,446,0,0,0,1.0,1,1.0,1,1.0,1,0.1633408668820962,38
274,3,646,199,447,0,0,0,1.0,1,1.0,1,1.0,1,0.2196517728447786,38
275,1,647,199,448,0,0,0,1.0,1,1.0,1,1.0,1,0.21600863505138956,38
276,0,647,199,448,0,0,0,1.0,1,1.0,1,1.0,1,0.23258861787647395,39
277,7,654,200,454,0,0,0,1.0,1,1.0,1,1.0,1,0.18927428815419098,38
278,3,657,200,457,0,0,0,1.0,1,1.0,1,1.0,1,0.195175081995806,38
279,1,658,200,458,0,0,0,1.0,1,1.0,1,1.0,1,0.1640127310074388,38
280,1,659,201,458,0,0,0,1.0,1,1.0,1,1.0,1,0.14862864411443305,38
281,4,663,201,462,0,0,0,1.0,1,1.0,1,1.0,1,0.12214433808169302,38
282,3,666,202,464,0,0,0,1.0,1,1.0,1,1.0,1,0.15686754062255706,38
283,1,667,202,465,0,0,0,1.0,1,1.0,1,1.0,1,0.14715890502472556,38
284,2,669,202,467,0,0,0,1.0,1,1.0,1,1.0,1,0.15022827348291384,39
285,0,669,202,467,0,0,0,1.0,1,1.0,1,1.0,1,0.15022827348291384,39
286,0,669,202,467,0,0,0,1.0,1,1.0,1,1.0,1,0.15022827348291384,39
287,1,670,203,467,0,0,0,1.0,1,1.0,1,1.0,1,0.2506408441636396,39
288,1,671,203,468,0,0,0,1.0,1,1.0,1,1.0,1,0.2034016773124484,39
289,1,672,203,469,0,0,0,1.0,1,1.0,1,1.0,1,0.19241160961307638,39
290,1,673,204,469,0,0,0,1.0,1,1.0,1,1.0,1,0.22105033896392992,39
291,1,674,204,470,0,0,0,1.0,1,1.0,1,1.0,1,0.20483299482960782,39
292,2,676,204,472,0,0,0,1.0,1,1.0,1,1.0,1,0.18521421421334303,40
293,3,679,204,475,0,0,0,1.0,1,1.0,1,1.0,1,0.11767368837325344,41
294,0,679,204,475,0,0,0,1.0,1,1.0,1,1.0,1,0.11627402923813536,40
295,3,682,206,476,0,0,0,1.0,1,1.0,1,1.0,1,0.13558470637039233,42
296,7,689,209,480,0,0,0,1.0,1,1.0,1,1.0,1,0.10342096692273832,42
297,3,692,210,482,0,0,0,1.0,1,1.0,1,1.0,1,0.0845073784419199,43
298,1,693,211,482,0,0,0,1.0,1,1.0,1,1.0,1,0.14997369706360597,44
299,1,694,211,483,0,0,0,1.0,1,1.0,1,1.0,1,0.13746710792494365,44
300,1,695,211,484,0,0,0,1.0,1,1.0,1,1.0,1,0.10328967899743911,45
301,3,698,213,485,0,0,0,1.0,1,1.0,1,1.0,1,0.11455522862316787,47
302,5,703,215,488,0,0,0,1.0,1,1.0,1,1.0,1,0.09541283747926889,46
303,2,705,217,488,0,0,0,1.0,1,1.0,1,1.0,1,0.09590534773865937,45
304,2,707,219,488,0,0,0,1.0,1,1.0,1,1.0,1,0.13026415495946816,45
305,3,710,219,491,0,0,0,1.0,1,1.0,1,1.0,1,0.08448391534953144,43
306,2,712,219,493,0,0,0,1.0,1,1.0,1,1.0,1,0.12113449635146874,44
307,2,714,221,493,0,0,0,1.0,1,1.0,1,1.0,1,0.12752736218055347,42
308,3,717,223,494,0,0,0,1.0,1,1.0,1,1.0,1,0.1537736414541584,41
309,1,718,223,495,0,0,0,1.0,1,1.0,1,1.0,1,0.1413238669850461,42
310,0,718,223,495,0,0,0,1.0,1,1.0,1,1.0,1,0.15971452396800187,41
311,0,718,223,495,0,0,0,1.0,1,1.0,1,1.0,1,0.15971452396800187,41
312,2,720,223,497,0,0,0,1.0,1,1.0,1,1.0,1,0.11588418165374484,44
313,2,722,223,499,0,0,0,1.0,1,1.0,1,1.0,1,0.10434344196186777,43
314,1,723,223,500,0,0,0,1.0,1,1.0,1,1.0,1,0.07322723195260447,43
315,0,723,223,500,0,0,0,1.0,1,1.0,1,1.0,1,0.0728648900612098,43
316,2,725,225,500,0,0,0,1.0,1,1.0,1,1.0,1,0.06675737398251622,43
317,0,725,225,500,0,0,0,1.0,1,1.0,1,1.0,1,0.08696204188243169,44
318,3,728,227,501,0,0,0,1.0,1,1.0,1,1.0,1,0.1565591817171913,45
319,1,729,227,502,0,0,0,1.0,1,1.0,1,1.0,1,0.1623174527086798,46
320,0,729,227,502,0,0,0,1.0,1,1.0,1,1.0,1,0.14817332029320404,45
321,1,730,227,503,0,0,0,1.0,1,1.0,1,1.0,1,0.12185488314230979,44
322,0,730,227,503,0,0,0,1.0,1,1.0,1,1.0,1,0.12641472379182106,42
323,2,732,229,503,0,0,0,1.0,1,1.0,1,1.0,1,0.15121306453928857,42
324,1,733,229,504,0,0,0,1.0,1,1.0,1,1.0,1,0.11956124866479512,43
325,5,738,231,507,0,0,0,1.0,1,1.0,1,1.0,1,0.14481515962680305,43
326,0,738,231,507,0,0,0,1.0,1,1.0,1,1.0,1,0.14481515962680305,43
327,3,741,233,508,0,0,0,1.0,1,1.0,1,1.0,1,0.20342845525286446,44
328,3,744,234,510,0,0,0,1.0,1,1.0,1,1.0,1,0.22000754947102596,44
329,5,749,234,515,0,0,0,1.0,1,1.0,1,1.0,1,0.130994260350162,45
330,0,749,234,515,0,0,0,1.0,1,1.0,1,1.0,1,0.11458089990701212,46
331,0,749,234,515,0,0,0,1.0,1,1.0,1,1.0,1,0.11458089990701212,46
332,2,751,234,517,0,0,0,1.0,1,1.0,1,1.0,1,0.11693334901671416,47
333,3,754,234,520,0,0,0,1.0,1,1.0,1,1.0,1,0.08378016041910193,48
334,0,754,234,520,0,0,0,1.0,1,1.0,1,1.0,1,0.08378016041910193,48
335,1,755,235,520,0,0,0,1.0,1,1.0,1,1.0,1,0.12130058151486299,49
336,0,755,235,520,0,0,0,1.0,1,1.0,1,1.0,1,0.12889075672715927,50
337,3,758,235,523,0,0,0,1.0,1,1.0,1,1.0,1,0.1096080707879333,51
338,0,758,235,523,0,0,0,1.0,1,1.0,1,1.0,1,0.1096080707879333,51
339,1,759,236,523,0,0,0,1.0,1,1.0,1,1.0,1,0.11306214528570628,51
340,1,760,237,523,0,0,0,1.0,1,1.0,1,1.0,1,0.11733793472986159,51
341,3,763,238,525,0,0,0,1.0,1,1.0,1,1.0,1,0.11134231862436306,51
342,1,764,239,525,0,0,0,1.0,1,1.0,1,1.0,1,0.12226907874722424,51
343,0,764,239,525,0,0,0,1.0,1,1.0,1,1.0,1,0.1332713202499271,51
344,0,764,239,525,0,0,0,1.0,1,1.0,1,1.0,1,0.14882279049722527,50
345,1,765,239,526,0,0,0,1.0,1,1.0,1,1.0,1,0.13731912033588922,50
346,2,767,241,526,0,0,0,1.0,1,1.0,1,1.0,1,0.17701734211987954,50
347,0,767,241,526,0,0,0,1.0,1,1.0,1,1.0,1,0.18607513074307325,51
348,3,770,243,527,0,0,0,1.0,1,1.0,1,1.0,1,0.204877687617905,52
349,7,777,246,531,0,0,0,1.0,1,1.0,1,1.0,1,0.13668282761629152,54
350,4,781,246,535,0,0,0,1.0,1,1.0,1,1.0,1,0.14650160784952782,54
351,1,782,247,535,0,0,0,1.0,1,1.0,1,1.0,1,0.1616885015541548,54
352,1,783,247,536,0,0,0,1.0,1,1.0,1,1.0,1,0.15412390990950803,56
353,3,786,249,537,0,0,0,1.0,1,1.0,1,1.0,1,0.1527336695492252,54
354,2,788,249,539,0,0,0,1.0,1,1.0,1,1.0,1,0.14025976613061136,53
355,2,790,250,540,0,0,0,1.0,1,1.0,1,1.0,1,0.13052182494744832,54
356,1,791,251,540,0,0,0,1.0,1,1.0,1,1.0,1,0.15622294363113381,54
357,3,794,252,542,0,0,0,1.0,1,1.0,1,1.0,1,0.13970597699015078,53
358,0,794,252,542,0,0,0,1.0,1,1.0,1,1.0,1,0.18087500697691342,49
359,0,794,252,542,0,0,0,1.0,1,1.0,1,1.0,1,0.1765830384168114,48
360,0,794,252,542,0,0,0,1.0,1,1.0,1,1.0,1,0.19363583502906234,47
361,3,797,252,545,0,0,0,1.0,1,1.0,1,1.0,1,0.14480238302549156,46
362,3,800,252,548,0,0,0,1.0,1,1.0,1,1.0,1,0.15065567150376322,46
363,0,800,252,548,0,0,0,1.0,1,1.0,1,1.0,1,0.1661697374272275,47
364,1,801,252,549,0,0,0,1.0,1,1.0,1,1.0,1,0.14661847560294267,47
365,3,804,253,551,0,0,0,1.0,1,1.0,1,1.0,1,0.1229311112334489,47
366,1,805,254,551,0,0,0,1.0,1,1.0,1,1.0,1,0.13681702454849073,50
367,0,805,254,551,0,0,0,1.0,1,1.0,1,1.0,1,0.13681702454849073,50
368,0,805,254,551,0,0,0,1.0,1,1.0,1,1.0,1,0.11226712034294306,51
369,1,806,254,552,0,0,0,1.0,1,1.0,1,1.0,1,0.11150966685648957,51
370,1,807,254,553,0,0,0,1.0,1,1.0,1,1.0,1,0.09675475807005272,51
371,2,809,255,554,0,0,0,1.0,1,1.0,1,1.0,1,0.12676266079327336,52
372,0,809,255,554,0,0,0,1.0,1,1.0,1,1.0,1,0.12965428127396122,53
373,3,812,256,556,0,0,0,1.0,1,1.0,1,1.0,1,0.09722120801448038,53
374,3,815,258,557,0,0,0,1.0,1,1.0,1,1.0,1,0.11374097218262115,53
375,2,817,260,557,0,0,0,1.0,1,1.0,1,1.0,1,0.1340568064254063,53
376,1,818,261,557,0,0,0,1.0,1,1.0,1,1.0,1,0.13117015055827286,53
377,5,823,264,559,0,0,0,1.0,1,1.0,1,1.0,1,0.09505769013525545,53
378,2,825,265,560,0,0,0,1.0,1,1.0,1,1.0,1,0.07349092019699731,53
379,0,825,265,560,0,0,0,1.0,1,1.0,1,1.0,1,0.08134527200747843,54
380,1,826,266,560,0,0,0,1.0,1,1.0,1,1.0,1,0.07581238426410265,54
381,2,828,268,560,0,0,0,1.0,1,1.0,1,1.0,1,0.07950727503160766,54
382,2,830,270,560,0,0,0,1.0,1,1.0,1,1.0,1,0.10690180007397025,55
383,2,832,271,561,0,0,0,1.0,1,1.0,1,1.0,1,0.0992181072138953,55
384,1,833,272,561,0,0,0,1.0,1,1.0,1,1.0,1,0.12073798132863568,54
385,2,835,273,562,0,0,0,1.0,1,1.0,1,1.0,1,0.1282804905729895,52
386,1,836,273,563,0,0,0,1.0,1,1.0,1,1.0,1,0.11742118986622307,52
387,2,838,274,564,0,0,0,1.0,1,1.0,1,1.0,1,0.13510348308307715,50
388,5,843,277,566,0,0,0,1.0,1,1.0,1,1.0,1,0.12311467701351853,52
389,4,847,279,568,0,0,0,1.0,1,1.0,1,1.0,1,0.10648486524441696,51
390,2,849,281,568,0,0,0,1.0,1,1.0,1,1.0,1,0.13923835451597905,50
391,5,854,284,570,0,0,0,1.0,1,1.0,1,1.0,1,0.17999924069171078,49
392,4,858,286,572,0,0,0,1.0,1,1.0,1,1.0,1,0.1980057759350722,47
393,10,868,288,580,0,0,0,1.0,1,1.0,1,1.0,1,0.15499252221686283,47
394,4,872,289,583,0,0,0,1.0,1,1.0,1,1.0,1,0.13680975771294143,48
395,2,874,290,584,0,0,0,1.0,1,1.0,1,1.0,1,0.17282644488610932,46
396,1,875,291,584,0,0,0,1.0,1,1.0,1,1.0,1,0.21832782877306156,43
397,7,882,291,591,0,0,0,1.0,1,1.0,1,1.0,1,0.15664676600515992,42
398,2,884,293,591,0,0,0,1.0,1,1.0,1,1.0,1,0.2154462776061451,40
399,3,887,294,593,0,0,0,1.0,1,1.0,1,1.0,1,0.20792284515049023,39
400,1,888,294,594,0,0,0,1.0,1,1.0,1,1.0,1,0.1715348187057385,38
401,2,890,294,596,0,0,0,1.0,1,1.0,1,1.0,1,0.1504565468073701,37
402,2,892,295,597,0,0,0,1.0,1,1.0,1,1.0,1,0.1124416912640978,36
403,1,893,295,598,0,0,0,1.0,1,1.0,1,1.0,1,0.08197474471658375,38
404,1,894,296,598,0,0,0,1.0,1,1.0,1,1.0,1,0.09746110995796199,39
405,1,895,296,599,0,0,0,1.0,1,1.0,1,1.0,1,0.09692773400483934,40
406,0,895,296,599,0,0,0,1.0,1,1.0,1,1.0,1,0.09902868506990575,41
407,0,895,296,599,0,0,0,1.0,1,1.0,1,1.0,1,0.08856577125197963,42
408,0,895,296,599,0,0,0,1.0,1,1.0,1,1.0,1,0.10514970068914906,43
409,3,898,297,601,0,0,0,1.0,1,1.0,1,1.0,1,0.12254174666250736,44
410,1,899,297,602,0,0,0,1.0,1,1.0,1,1.0,1,0.12882717205808292,46
411,0,899,297,602,0,0,0,1.0,1,1.0,1,1.0,1,0.12882717205808292,46
412,0,899,297,602,0,0,0,1.0,1,1.0,1,1.0,1,0.13400798840306444,47
413,1,900,298,602,0,0,0,1.0,1,1.0,1,1.0,1,0.16382618371144525,47
414,1,901,298,603,0,0,0,1.0,1,1.0,1,1.0,1,0.14769115557907722,47
415,2,903,298,605,0,0,0,1.0,1,1.0,1,1.0,1,0.14691492181206695,48
416,0,903,298,605,0,0,0,1.0,1,1.0,1,1.0,1,0.15139936174103952,49
417,2,905,298,607,0,0,0,1.0,1,1.0,1,1.0,1,0.12778884326717432,49
418,3,908,299,609,0,0,0,1.0,1,1.0,1,1.0,1,0.1289637072532976,50
419,1,909,299,610,0,0,0,1.0,1,1.0,1,1.0,1,0.11380177327085754,50
420,1,910,299,611,0,0,0,1.0,1,1.0,1,1.0,1,0.0970743074797003,50
421,1,911,300,611,0,0,0,1.0,1,1.0,1,1.0,1,0.10960887888434423,50
422,0,911,300,611,0,0,0,1.0,1,1.0,1,1.0,1,0.1355160318888471,50
423,2,913,302,611,0,0,0,1.0,1,1.0,1,1.0,1,0.17195958361156313,51
424,1,914,303,611,0,0,0,1.0,1,1.0,1,1.0,1,0.1819745860908553,49
425,2,916,304,612,0,0,0,1.0,1,1.0,1,1.0,1,0.17605336260883603,48
426,4,920,305,615,0,0,0,1.0,1,1.0,1,1.0,1,0.1387688103073525,50
427,5,925,307,618,0,0,0,1.0,1,1.0,1,1.0,1,0.14900809697191744,48
428,7,932,310,622,0,0,0,1.0,1,1.0,1,1.0,1,0.1545619611567552,49
429,2,934,310,624,0,0,0,1.0,1,1.0,1,1.0,1,0.1540578083995658,45
430,3,937,312,625,0,0,0,1.0,1,1.0,1,1.0,1,0.16744837631740953,44
431,3,940,314,626,0,0,0,1.0,1,1.0,1,1.0,1,0.18565045440020214,42
432,1,941,314,627,0,0,0,1.0,1,1.0,1,1.0,1,0.18537401628119068,40
433,7,948,315,633,0,0,0,1.0,1,1.0,1,1.0,1,0.1452352471503651,39
434,1,949,316,633,0,0,0,1.0,1,1.0,1,1.0,1,0.11314851861859644,39
435,2,951,318,633,0,0,0,1.0,1,1.0,1,1.0,1,0.22931543654608288,38
436,1,952,318,634,0,0,0,1.0,1,1.0,1,1.0,1,0.2095555477344407,38
437,4,956,318,638,0,0,0,1.0,1,1.0,1,1.0,1,0.14315080476305556,39
438,1,957,318,639,0,0,0,1.0,1,1.0,1,1.0,1,0.13886443620294384,38
439,2,959,318,641,0,0,0,1.0,1,1.0,1,1.0,1,0.13985689843083893,39
440,0,959,318,641,0,0,0,1.0,1,1.0,1,1.0,1,0.13985689843083893,39
441,5,964,319,645,0,0,0,1.0,1,1.0,1,1.0,1,0.13274154589603712,41
442,3,967,319,648,0,0,0,1.0,1,1.0,1,1.0,1,0.1266979652551529,42
443,1,968,320,648,0,0,0,1.0,1,1.0,1,1.0,1,0.14586742502121922,42
444,1,969,320,649,0,0,0,1.0,1,1.0,1,1.0,1,0.12787723504681234,43
445,3,972,321,651,0,0,0,1.0,1,1.0,1,1.0,1,0.09867654523142855,44
446,0,972,321,651,0,0,0,1.0,1,1.0,1,1.0,1,0.1090241942161949,44
447,1,973,322,651,0,0,0,1.0,1,1.0,1,1.0,1,0.15156798622379392,47
448,1,974,322,652,0,0,0,1.0,1,1.0,1,1.0,1,0.1410476697366715,46
449,0,974,322,652,0,0,0,1.0,1,1.0,1,1.0,1,0.1410476697366715,46
450,1,975,322,653,0,0,0,1.0,1,1.0,1,1.0,1,0.15551082549306006,46
451,1,976,322,654,0,0,0,1.0,1,1.0,1,1.0,1,0.13498851059782627,47
452,0,976,322,654,0,0,0,1.0,1,1.0,1,1.0,1,0.14796595157558262,47
453,0,976,322,654,0,0,0,1.0,1,1.0,1,1.0,1,0.14796595157558262,47
454,2,978,322,656,0,0,0,1.0,1,1.0,1,1.0,1,0.11796440415461153,46
455,2,980,323,657,0,0,0,1.0,1,1.0,1,1.0,1,0.11849752794565263,47
456,3,983,324,659,0,0,0,1.0,1,1.0,1,1.0,1,0.10475067828623745,49
457,2,985,325,660,0,0,0,1.0,1,1.0,1,1.0,1,0.10234714895878161,50
458,1,986,325,661,0,0,0,1.0,1,1.0,1,1.0,1,0.09071281869937767,50
459,2,988,325,663,0,0,0,1.0,1,1.0,1,1.0,1,0.06479056790427165,52
460,1,989,325,664,0,0,0,1.0,1,1.0,1,1.0,1,0.07146551198780976,53
461,1,990,325,665,0,0,0,1.0,1,1.0,1,1.0,1,0.06285138423462719,54
462,0,990,325,665,0,0,0,1.0,1,1.0,1,1.0,1,0.06285138423462719,54
463,5,995,328,667,0,0,0,1.0,1,1.0,1,1.0,1,0.09732511648224715,55
464,2,997,329,668,0,0,0,1.0,1,1.0,1,1.0,1,0.1441066246594832,56
465,5,1002,330,672,0,0,0,1.0,1,1.0,1,1.0,1,0.10030753176142823,54
466,4,1006,331,675,0,0,0,1.0,1,1.0,1,1.0,1,0.09939400621779543,54
467,3,1009,333,676,0,0,0,1.0,1,1.0,1,1.0,1,0.16238809387052805,51
468,5,1014,337,677,0,0,0,1.0,1,1.0,1,1.0,1,0.16914168903875546,51
469,5,1019,338,681,0,0,0,1.0,1,1.0,1,1.0,1,0.1465170529644666,48
470,2,1021,340,681,0,0,0,1.0,1,1.0,1,1.0,1,0.1808255440652628,47
471,3,1024,342,682,0,0,0,1.0,1,1.0,1,1.0,1,0.1720248704011536,44
472,4,1028,345,683,0,0,0,1.0,1,1.0,1,1.0,1,0.23878526617790297,43
473,6,1034,345,689,0,0,0,1.0,1,1.0,1,1.0,1,0.12773939991170158,41
474,2,1036,345,691,0,0,0,1.0,1,1.0,1,1.0,1,0.1608138619245089,39
475,3,1039,346,693,0,0,0,1.0,1,1.0,1,1.0,1,0.14594576899858602,40
476,1,1040,347,693,0,0,0,1.0,1,1.0,1,1.0,1,0.15915875634755755,38
477,4,1044,348,696,0,0,0,1.0,1,1.0,1,1.0,1,0.16173636235164346,35
478,1,1045,348,697,0,0,0,1.0,1,1.0,1,1.0,1,0.15824158382180242,35
479,1,1046,349,697,0,0,0,1.0,1,1.0,1,1.0,1,0.26034185994479975,32
480,0,1046,349,697,0,0,0,1.0,1,1.0,1,1.0,1,0.2579111039288103,32
481,3,1049,349,700,0,0,0,1.0,1,1.0,1,1.0,1,0.194026684717096,33
482,4,1053,351,702,0,0,0,1.0,1,1.0,1,1.0,1,0.26526947142173607,34
483,3,1056,353,703,0,0,0,1.0,1,1.0,1,1.0,1,0.25379729144110297,32
484,4,1060,353,707,0,0,0,1.0,1,1.0,1,1.0,1,0.1787611820173723,33
485,2,1062,354,708,0,0,0,1.0,1,1.0,1,1.0,1,0.18768407098558082,34
486,3,1065,354,711,0,0,0,1.0,1,1.0,1,1.0,1,0.14077325099237212,36
487,0,1065,354,711,0,0,0,1.0,1,1.0,1,1.0,1,0.14077325099237212,36
488,2,1067,354,713,0,0,0,1.0,1,1.0,1,1.0,1,0.11923745682780655,37
489,3,1070,355,715,0,0,0,1.0,1,1.0,1,1.0,1,0.10555524728403692,38
490,1,1071,356,715,0,0,0,1.0,1,1.0,1,1.0,1,0.12640073333405968,38
491,0,1071,356,715,0,0,0,1.0,1,1.0,1,1.0,1,0.12068943598453824,37
492,2,1073,357,716,0,0,0,1.0,1,1.0,1,1.0,1,0.1178047927220947,37
493,2,1075,357,718,0,0,0,1.0,1,1.0,1,1.0,1,0.08571011033150958,37
494,3,1078,358,720,0,0,0,1.0,1,1.0,1,1.0,1,0.0949883238780445,39
495,0,1078,358,720,0,0,0,1.0,1,1.0,1,1.0,1,0.09485521074928618,40
496,0,1078,358,720,0,0,0,1.0,1,1.0,1,1.0,1,0.09485521074928618,40
497,1,1079,358,721,0,0,0,1.0,1,1.0,1,1.0,1,0.0927198134476205,43
498,1,1080,359,721,0,0,0,1.0,1,1.0,1,1.0,1,0.10543379398878844,43
499,2,1082,360,722,0,0,0,1.0,1,1.0,1,1.0,1,0.1390952921265337,44
500,1,1083,361,722,0,0,0,1.0,1,1.0,1,1.0,1,0.15896227074841496,45
501,6,1089,362,727,0,0,0,1.0,1,1.0,1,1.0,1,0.06982492014713984,45
502,1,1090,363,727,0,0,0,1.0,1,1.0,1,1.0,1,0.05423826480327547,45
503,2,1092,365,727,0,0,0,1.0,1,1.0,1,1.0,1,0.09944972629613788,46
504,4,1096,368,728,0,0,0,1.0,1,1.0,1,1.0,1,0.17447216914275468,47
505,1,1097,368,729,0,0,0,1.0,1,1.0,1,1.0,1,0.14357978832241297,42
506,2,1099,369,730,0,0,0,1.0,1,1.0,1,1.0,1,0.13421794148247043,41
507,1,1100,369,731,0,0,0,1.0,1,1.0,1,1.0,1,0.09394039127403911,38
508,2,1102,371,731,0,0,0,1.0,1,1.0,1,1.0,1,0.14235663647589672,38
509,0,1102,371,731,0,0,0,1.0,1,1.0,1,1.0,1,0.18094460138737017,37
510,0,1102,371,731,0,0,0,1.0,1,1.0,1,1.0,1,0.19944820467909544,36
511,2,1104,372,732,0,0,0,1.0,1,1.0,1,1.0,1,0.2439811925774666,34
512,0,1104,372,732,0,0,0,1.0,1,1.0,1,1.0,1,0.21194464662498352,32
513,3,1107,372,735,0,0,0,1.0,1,1.0,1,1.0,1,0.08106722800985987,32
514,1,1108,372,736,0,0,0,1.0,1,1.0,1,1.0,1,0.10710250436139591,35
515,5,1113,372,741,0,0,0,1.0,1,1.0,1,1.0,1,0.12478074157494351,35
516,4,1117,372,745,0,0,0,1.0,1,1.0,1,1.0,1,0.13335058506108644,36
517,2,1119,373,746,0,0,0,1.0,1,1.0,1,1.0,1,0.17068259173262604,36
518,2,1121,373,748,0,0,0,1.0,1,1.0,1,1.0,1,0.1847231331995919,39
519,4,1125,374,751,0,0,0,1.0,1,1.0,1,1.0,1,0.1696779980770668,39
520,4,1129,375,754,0,0,0,1.0,1,1.0,1,1.0,1,0.19058856390133636,39
521,2,1131,376,755,0,0,0,1.0,1,1.0,1,1.0,1,0.15963050895645844,40
522,1,1132,376,756,0,0,0,1.0,1,1.0,1,1.0,1,0.1434635558847174,40
523,1,1133,376,757,0,0,0,1.0,1,1.0,1,1.0,1,0.15673802837543324,41
524,2,1135,376,759,0,0,0,1.0,1,1.0,1,1.0,1,0.14069231648688607,41
525,4,1139,377,762,0,0,0,1.0,1,1.0,1,1.0,1,0.11678050857974695,40
526,1,1140,377,763,0,0,0,1.0,1,1.0,1,1.0,1,0.11882163976918361,40
527,3,1143,378,765,0,0,0,1.0,1,1.0,1,1.0,1,0.16517411675310442,40
528,0,1143,378,765,0,0,0,1.0,1,1.0,1,1.0,1,0.16517411675310442,40
529,0,1143,378,765,0,0,0,1.0,1,1.0,1,1.0,1,0.18290410418463796,39
530,0,1143,378,765,0,0,0,1.0,1,1.0,1,1.0,1,0.18290410418463796,39
531,0,1143,378,765,0,0,0,1.0,1,1.0,1,1.0,1,0.20372932973881377,39
532,3,1146,379,767,0,0,0,1.0,1,1.0,1,1.0,1,0.20056398075317086,40
533,6,1152,380,772,0,0,0,1.0,1,1.0,1,1.0,1,0.1810095771788775,40
534,3,1155,380,775,0,0,0,1.0,1,1.0,1,1.0,1,0.1981792903243417,42
535,1,1156,380,776,0,0,0,1.0,1,1.0,1,1.0,1,0.17508606970522686,42
536,1,1157,380,777,0,0,0,1.0,1,1.0,1,1.0,1,0.19506879602629154,43
537,1,1158,380,778,0,0,0,1.0,1,1.0,1,1.0,1,0.17888361612645534,43
538,2,1160,381,779,0,0,0,1.0,1,1.0,1,1.0,1,0.19919025483468406,44
539,1,1161,381,780,0,0,0,1.0,1,1.0,1,1.0,1,0.18769818311392955,44
540,0,1161,381,780,0,0,0,1.0,1,1.0,1,1.0,1,0.18769818311392955,44
541,1,1162,381,781,0,0,0,1.0,1,1.0,1,1.0,1,0.1586181380636544,45
542,4,1166,383,783,0,0,0,1.0,1,1.0,1,1.0,1,0.14995564536377326,46
543,2,1168,385,783,0,0,0,1.0,1,1.0,1,1.0,1,0.216395075447646,43
544,5,1173,387,786,0,0,0,1.0,1,1.0,1,1.0,1,0.27213522487082903,42
545,6,1179,388,791,0,0,0,1.0,1,1.0,1,1.0,1,0.14705353927584805,43
546,1,1180,389,791,0,0,0,1.0,1,1.0,1,1.0,1,0.1890929640320378,41
547,0,1180,389,791,0,0,0,1.0,1,1.0,1,1.0,1,0.13695732396379115,40
548,2,1182,391,791,0,0,0,1.0,1,1.0,1,1.0,1,0.13365934024572115,40
549,4,1186,393,793,0,0,0,1.0,1,1.0,1,1.0,1,0.12806560310939918,39
550,2,1188,394,794,0,0,0,1.0,1,1.0,1,1.0,1,0.12784373483401074,38
551,1,1189,395,794,0,0,0,1.0,1,1.0,1,1.0,1,0.16709436158316254,38
552,2,1191,397,794,0,0,0,1.0,1,1.0,1,1.0,1,0.20785237226049538,39
553,2,1193,397,796,0,0,0,1.0,1,1.0,1,1.0,1,0.16424814077303376,38
554,1,1194,398,796,0,0,0,1.0,1,1.0,1,1.0,1,0.18005426516521744,39
555,1,1195,398,797,0,0,0,1.0,1,1.0,1,1.0,1,0.16920783219118585,39
556,1,1196,398,798,0,0,0,1.0,1,1.0,1,1.0,1,0.15465444585372523,40
557,1,1197,399,798,0,0,0,1.0,1,1.0,1,1.0,1,0.15125791584858944,40
558,1,1198,399,799,0,0,0,1.0,1,1.0,1,1.0,1,0.15079204742956562,40
559,3,1201,401,800,0,0,0,1.0,1,1.0,1,1.0,1,0.17129866248534745,40
560,2,1203,401,802,0,0,0,1.0,1,1.0,1,1.0,1,0.15658186261403617,41
561,0,1203,401,802,0,0,0,1.0,1,1.0,1,1.0,1,0.17563914608755796,42
562,1,1204,402,802,0,0,0,1.0,1,1.0,1,1.0,1,0.20420551435589523,42
563,2,1206,403,803,0,0,0,1.0,1,1.0,1,1.0,1,0.19251205201609145,42
564,1,1207,403,804,0,0,0,1.0,1,1.0,1,1.0,1,0.2032124215456381,43
565,1,1208,403,805,0,0,0,1.0,1,1.0,1,1.0,1,0.1882279336809221,44
566,1,1209,403,806,0,0,0,1.0,1,1.0,1,1.0,1,0.16728548578066502,45
567,1,1210,404,806,0,0,0,1.0,1,1.0,1,1.0,1,0.18783938785164808,45
568,4,1214,406,808,0,0,0,1.0,1,1.0,1,1.0,1,0.19878086140840046,46
569,4,1218,409,809,0,0,0,1.0,1,1.0,1,1.0,1,0.174693444438808,47
570,1,1219,410,809,0,0,0,1.0,1,1.0,1,1.0,1,0.19727165502971133,48
571,2,1221,411,810,0,0,0,1.0,1,1.0,1,1.0,1,0.21495173556194694,48
572,1,1222,411,811,0,0,0,1.0,1,1.0,1,1.0,1,0.21806817331322575,47
573,5,1227,411,816,0,0,0,1.0,1,1.0,1,1.0,1,0.17374100688958607,49
574,0,1227,411,816,0,0,0,1.0,1,1.0,1,1.0,1,0.17374100688958607,49
575,7,1234,411,823,0,0,0,1.0,1,1.0,1,1.0,1,0.1477577443600021,50
576,2,1236,411,825,0,0,0,1.0,1,1.0,1,1.0,1,0.1403594663641542,51
577,5,1241,411,830,0,0,0,1.0,1,1.0,1,1.0,1,0.09717270503815635,51
578,1,1242,411,831,0,0,0,1.0,1,1.0,1,1.0,1,0.08832691126128919,51
579,2,1244,412,832,0,0,0,1.0,1,1.0,1,1.0,1,0.12685792866299872,52
580,4,1248,413,835,0,0,0,1.0,1,1.0,1,1.0,1,0.12327482801813429,52
581,2,1250,413,837,0,0,0,1.0,1,1.0,1,1.0,1,0.10780858799996153,52
582,2,1252,414,838,0,0,0,1.0,1,1.0,1,1.0,1,0.1456491717645294,53
583,2,1254,415,839,0,0,0,1.0,1,1.0,1,1.0,1,0.17021871493158713,51
584,3,1257,417,840,0,0,0,1.0,1,1.0,1,1.0,1,0.18550638544219886,51
585,4,1261,418,843,0,0,0,1.0,1,1.0,1,1.0,1,0.12293665756521702,49
586,0,1261,418,843,0,0,0,1.0,1,1.0,1,1.0,1,0.11272458574583494,49
587,3,1264,419,845,0,0,0,1.0,1,1.0,1,1.0,1,0.09262994235748628,48
588,1,1265,419,846,0,0,0,1.0,1,1.0,1,1.0,1,0.10497911995254801,46
589,3,1268,420,848,0,0,0,1.0,1,1.0,1,1.0,1,0.11733492650024417,48
590,4,1272,422,850,0,0,0,1.0,1,1.0,1,1.0,1,0.13842919701462614,47
591,3,1275,424,851,0,0,0,1.0,1,1.0,1,1.0,1,0.18767493290295634,48
592,2,1277,424,853,0,0,0,1.0,1,1.0,1,1.0,1,0.16928514398908842,47
593,5,1282,427,855,0,0,0,1.0,1,1.0,1,1.0,1,0.16905415379636995,45
594,2,1284,429,855,0,0,0,1.0,1,1.0,1,1.0,1,0.19019091186115777,44
595,5,1289,431,858,0,0,0,1.0,1,1.0,1,1.0,1,0.20707080026163407,43
596,7,1296,435,861,0,0,0,1.0,1,1.0,1,1.0,1,0.2986834208227852,44
597,7,1303,435,868,0,0,0,1.0,1,1.0,1,1.0,1,0.16056490491161188,43
598,6,1309,436,873,0,0,0,1.0,1,1.0,1,1.0,1,0.13638507236554437,45
599,3,1312,437,875,0,0,0,1.0,1,1.0,1,1.0,1,0.15237271052804463,44
600,2,1314,437,877,0,0,0,1.0,1,1.0,1,1.0,1,0.15237271052804463,44
601,2,1316,437,879,0,0,0,1.0,1,1.0,1,1.0,1,0.12127997309192211,45
602,2,1318,438,880,0,0,0,1.0,1,1.0,1,1.0,1,0.1475531835193565,46
603,0,1318,438,880,0,0,0,1.0,1,1.0,1,1.0,1,0.14524280469932857,46
604,1,1319,438,881,0,0,0,1.0,1,1.0,1,1.0,1,0.12488259338688919,47
605,0,1319,438,881,0,0,0,1.0,1,1.0,1,1.0,1,0.12488259338688919,47
606,0,1319,438,881,0,0,0,1.0,1,1.0,1,1.0,1,0.1321654142367993,47
607,1,1320,438,882,0,0,0,1.0,1,1.0,1,1.0,1,0.1327786277939996,48
608,1,1321,438,883,0,0,0,1.0,1,1.0,1,1.0,1,0.1388887677016261,47
609,2,1323,438,885,0,0,0,1.0,1,1.0,1,1.0,1,0.11139083897789648,48
610,2,1325,438,887,0,0,0,1.0,1,1.0,1,1.0,1,0.09258652495990076,48
611,0,1325,438,887,0,0,0,1.0,1,1.0,1,1.0,1,0.10280424493910936,49
612,2,1327,438,889,0,0,0,1.0,1,1.0,1,1.0,1,0.08906056537649902,50
613,1,1328,439,889,0,0,0,1.0,1,1.0,1,1.0,1,0.0967475368486633,50
614,0,1328,439,889,0,0,0,1.0,1,1.0,1,1.0,1,0.0967475368486633,50
615,1,1329,440,889,0,0,0,1.0,1,1.0,1,1.0,1,0.08431238703220931,50
616,0,1329,440,889,0,0,0,1.0,1,1.0,1,1.0,1,0.08431238703220931,50
617,3,1332,440,892,0,0,0,1.0,1,1.0,1,1.0,1,0.05239082015033787,52
618,0,1332,440,892,0,0,0,1.0,1,1.0,1,1.0,1,0.05239082015033787,52
619,0,1332,440,892,0,0,0,1.0,1,1.0,1,1.0,1,0.07222951604204302,50
620,2,1334,442,892,0,0,0,1.0,1,1.0,1,1.0,1,0.12383525289800974,50
621,3,1337,444,893,0,0,0,1.0,1,1.0,1,1.0,1,0.11209675334885648,49
622,1,1338,444,894,0,0,0,1.0,1,1.0,1,1.0,1,0.13378553263673734,49
623,2,1340,446,894,0,0,0,1.0,1,1.0,1,1.0,1,0.13984322307260375,48
624,5,1345,448,897,0,0,0,1.0,1,1.0,1,1.0,1,0.20228666768076894,46
625,4,1349,449,900,0,0,0,1.0,1,1.0,1,1.0,1,0.14868405137702653,45
626,0,1349,449,900,0,0,0,1.0,1,1.0,1,1.0,1,0.14147389624847068,44
627,8,1357,452,905,0,0,0,1.0,1,1.0,1,1.0,1,0.16383296240735687,44
628,3,1360,453,907,0,0,0,1.0,1,1.0,1,1.0,1,0.15151417333342593,44
629,4,1364,454,910,0,0,0,1.0,1,1.0,1,1.0,1,0.10060384686766569,41
630,0,1364,454,910,0,0,0,1.0,1,1.0,1,1.0,1,0.08191466352295051,40
631,4,1368,457,911,0,0,0,1.0,1,1.0,1,1.0,1,0.18508346227675193,38
632,1,1369,458,911,0,0,0,1.0,1,1.0,1,1.0,1,0.175820695026178,38
633,3,1372,459,913,0,0,0,1.0,1,1.0,1,1.0,1,0.19374260904845425,36
634,0,1372,459,913,0,0,0,1.0,1,1.0,1,1.0,1,0.18372816377711657,35
635,1,1373,459,914,0,0,0,1.0,1,1.0,1,1.0,1,0.1621737321769815,35
636,1,1374,460,914,0,0,0,1.0,1,1.0,1,1.0,1,0.23066775953178528,36
637,5,1379,460,919,0,0,0,1.0,1,1.0,1,1.0,1,0.1451071617658375,35
638,1,1380,461,919,0,0,0,1.0,1,1.0,1,1.0,1,0.19816957281727896,34
639,3,1383,462,921,0,0,0,1.0,1,1.0,1,1.0,1,0.21784334573464878,36
640,2,1385,462,923,0,0,0,1.0,1,1.0,1,1.0,1,0.19068621511439407,37
641,2,1387,462,925,0,0,0,1.0,1,1.0,1,1.0,1,0.11762031405836205,37
642,0,1387,462,925,0,0,0,1.0,1,1.0,1,1.0,1,0.09623533028047664,38
643,2,1389,462,927,0,0,0,1.0,1,1.0,1,1.0,1,0.0888901396002483,39
644,1,1390,462,928,0,0,0,1.0,1,1.0,1,1.0,1,0.11286668551753683,39
645,2,1392,462,930,0,0,0,1.0,1,1.0,1,1.0,1,0.09187598437824701,39
646,3,1395,463,932,0,0,0,1.0,1,1.0,1,1.0,1,0.11639965689747717,40
647,0,1395,463,932,0,0,0,1.0,1,1.0,1,1.0,1,0.11639965689747717,40
648,1,1396,464,932,0,0,0,1.0,1,1.0,1,1.0,1,0.1530191645407073,40
649,2,1398,464,934,0,0,0,1.0,1,1.0,1,1.0,1,0.095423469965559,40
650,3,1401,465,936,0,0,0,1.0,1,1.0,1,1.0,1,0.07537126954304812,41
651,0,1401,465,936,0,0,0,1.0,1,1.0,1,1.0,1,0.09726255024966525,42
652,0,1401,465,936,0,0,0,1.0,1,1.0,1,1.0,1,0.11330977722553985,41
653,1,1402,466,936,0,0,0,1.0,1,1.0,1,1.0,1,0.10024089116907839,41
654,1,1403,467,936,0,0,0,1.0,1,1.0,1,1.0,1,0.12384010915185631,42
655,0,1403,467,936,0,0,0,1.0,1,1.0,1,1.0,1,0.14024166326203552,45
656,5,1408,472,936,0,0,0,1.0,1,1.0,1,1.0,1,0.2612174367364718,45
657,6,1414,472,942,0,0,0,1.0,1,1.0,1,1.0,1,0.21006327513325962,43
658,5,1419,473,946,0,0,0,1.0,1,1.0,1,1.0,1,0.17446112164784533,43
659,2,1421,474,947,0,0,0,1.0,1,1.0,1,1.0,1,0.14898087090103315,43
660,2,1423,475,948,0,0,0,1.0,1,1.0,1,1.0,1,0.16673427793920656,43
661,3,1426,475,951,0,0,0,1.0,1,1.0,1,1.0,1,0.1323584453159545,41
662,1,1427,476,951,0,0,0,1.0,1,1.0,1,1.0,1,0.1611669014412628,40
663,1,1428,476,952,0,0,0,1.0,1,1.0,1,1.0,1,0.12336207114683878,39
664,3,1431,477,954,0,0,0,1.0,1,1.0,1,1.0,1,0.1368014983945266,36
665,4,1435,478,957,0,0,0,1.0,1,1.0,1,1.0,1,0.14387991676098047,36
666,4,1439,480,959,0,0,0,1.0,1,1.0,1,1.0,1,0.16856486124608713,36
667,2,1441,482,959,0,0,0,1.0,1,1.0,1,1.0,1,0.24398348870247583,35
668,2,1443,482,961,0,0,0,1.0,1,1.0,1,1.0,1,0.1856362620157252,34
669,2,1445,482,963,0,0,0,1.0,1,1.0,1,1.0,1,0.16871735824311995,34
670,3,1448,483,965,0,0,0,1.0,1,1.0,1,1.0,1,0.18848634151878776,32
671,4,1452,485,967,0,0,0,1.0,1,1.0,1,1.0,1,0.1616104737665056,33
672,0,1452,485,967,0,0,0,1.0,1,1.0,1,1.0,1,0.1968241889714207,32
673,3,1455,486,969,0,0,0,1.0,1,1.0,1,1.0,1,0.0955151023920341,32
674,2,1457,487,970,0,0,0,1.0,1,1.0,1,1.0,1,0.13860110086469832,32
675,2,1459,489,970,0,0,0,1.0,1,1.0,1,1.0,1,0.1904775091266233,34
676,1,1460,489,971,0,0,0,1.0,1,1.0,1,1.0,1,0.19005103878494473,35
677,4,1464,489,975,0,0,0,1.0,1,1.0,1,1.0,1,0.09751902456217154,35
678,0,1464,489,975,0,0,0,1.0,1,1.0,1,1.0,1,0.09751902456217154,35
679,1,1465,490,975,0,0,0,1.0,1,1.0,1,1.0,1,0.1319286364947597,36
680,0,1465,490,975,0,0,0,1.0,1,1.0,1,1.0,1,0.13118854168138588,37
681,1,1466,491,975,0,0,0,1.0,1,1.0,1,1.0,1,0.11923709855150706,37
682,1,1467,492,975,0,0,0,1.0,1,1.0,1,1.0,1,0.11666010470910919,37
683,2,1469,492,977,0,0,0,1.0,1,1.0,1,1.0,1,0.06371617471838362,38
684,1,1470,493,977,0,0,0,1.0,1,1.0,1,1.0,1,0.09497646662286667,39
685,0,1470,493,977,0,0,0,1.0,1,1.0,1,1.0,1,0.08045999965204301,38
686,1,1471,494,977,0,0,0,1.0,1,1.0,1,1.0,1,0.13735640056847856,37
687,4,1475,496,979,0,0,0,1.0,1,1.0,1,1.0,1,0.24057683852937725,38
688,1,1476,496,980,0,0,0,1.0,1,1.0,1,1.0,1,0.20673502426980178,37
689,1,1477,496,981,0,0,0,1.0,1,1.0,1,1.0,1,0.20877391911928217,39
690,0,1477,496,981,0,0,0,1.0,1,1.0,1,1.0,1,0.23228556507560186,38
691,3,1480,497,983,0,0,0,1.0,1,1.0,1,1.0,1,0.20736847668319544,38
692,3,1483,498,985,0,0,0,1.0,1,1.0,1,1.0,1,0.2168253198085248,38
693,5,1488,499,989,0,0,0,1.0,1,1.0,1,1.0,1,0.18219607807250682,40
694,2,1490,500,990,0,0,0,1.0,1,1.0,1,1.0,1,0.1638334242214523,42
695,2,1492,501,991,0,0,0,1.0,1,1.0,1,1.0,1,0.13495518472776444,40
696,1,1493,502,991,0,0,0,1.0,1,1.0,1,1.0,1,0.15910284516467038,39
697,0,1493,502,991,0,0,0,1.0,1,1.0,1,1.0,1,0.1621132554420137,39
698,2,1495,503,992,0,0,0,1.0,1,1.0,1,1.0,1,0.17372461603874306,37
699,0,1495,503,992,0,0,0,1.0,1,1.0,1,1.0,1,0.19545855499249812,37
700,3,1498,504,994,0,0,0,1.0,1,1.0,1,1.0,1,0.2039592906180363,37
701,5,1503,505,998,0,0,0,1.0,1,1.0,1,1.0,1,0.13905838010632224,37
702,1,1504,505,999,0,0,0,1.0,1,1.0,1,1.0,1,0.13717361302835282,38
703,2,1506,507,999,0,0,0,1.0,1,1.0,1,1.0,1,0.2150096102137934,36
704,5,1511,508,1003,0,0,0,1.0,1,1.0,1,1.0,1,0.1596499975257752,36
705,4,1515,509,1006,0,0,0,1.0,1,1.0,1,1.0,1,0.12171604457763338,36
706,5,1520,513,1007,0,0,0,1.0,1,1.0,1,1.0,1,0.16238146861862865,35
707,4,1524,514,1010,0,0,0,1.0,1,1.0,1,1.0,1,0.186123279292305,36
708,1,1525,515,1010,0,0,0,1.0,1,1.0,1,1.0,1,0.18086115535913874,36
709,1,1526,515,1011,0,0,0,1.0,1,1.0,1,1.0,1,0.14945915503457965,34
710,1,1527,516,1011,0,0,0,1.0,1,1.0,1,1.0,1,0.1449991492411609,34
711,1,1528,517,1011,0,0,0,1.0,1,1.0,1,1.0,1,0.13803410134312555,34
712,2,1530,518,1012,0,0,0,1.0,1,1.0,1,1.0,1,0.15184324537893917,35
713,1,1531,519,1012,0,0,0,1.0,1,1.0,1,1.0,1,0.1420172755681591,34
714,1,1532,520,1012,0,0,0,1.0,1,1.0,1,1.0,1,0.15110835066909917,34
715,2,1534,520,1014,0,0,0,1.0,1,1.0,1,1.0,1,0.13757458102699066,35
716,1,1535,521,1014,0,0,0,1.0,1,1.0,1,1.0,1,0.16690893125189613,33
717,4,1539,523,1016,0,0,0,1.0,1,1.0,1,1.0,1,0.21680910425908637,33
718,2,1541,525,1016,0,0,0,1.0,1,1.0,1,1.0,1,0.2588342525674333,32
719,1,1542,525,1017,0,0,0,1.0,1,1.0,1,1.0,1,0.2452576662250767,32
720,2,1544,525,1019,0,0,0,1.0,1,1.0,1,1.0,1,0.18059154439341835,33
721,1,1545,525,1020,0,0,0,1.0,1,1.0,1,1.0,1,0.15430268362811925,33
722,2,1547,526,1021,0,0,0,1.0,1,1.0,1,1.0,1,0.19403541532515234,34
723,1,1548,526,1022,0,0,0,1.0,1,1.0,1,1.0,1,0.18604284756593908,34
724,3,1551,526,1025,0,0,0,1.0,1,1.0,1,1.0,1,0.1411598258667288,36
725,2,1553,527,1026,0,0,0,1.0,1,1.0,1,1.0,1,0.16918499474789978,36
726,1,1554,527,1027,0,0,0,1.0,1,1.0,1,1.0,1,0.12779863867193098,36
727,0,1554,527,1027,0,0,0,1.0,1,1.0,1,1.0,1,0.12779863867193098,36
728,1,1555,527,1028,0,0,0,1.0,1,1.0,1,1.0,1,0.13420704882620926,37
729,0,1555,527,1028,0,0,0,1.0,1,1.0,1,1.0,1,0.11419001993117314,37
730,1,1556,527,1029,0,0,0,1.0,1,1.0,1,1.0,1,0.08530654621791933,38
731,1,1557,528,1029,0,0,0,1.0,1,1.0,1,1.0,1,0.16112681118594824,39
732,3,1560,528,1032,0,0,0,1.0,1,1.0,1,1.0,1,0.10585610351471138,41
733,1,1561,529,1032,0,0,0,1.0,1,1.0,1,1.0,1,0.11008268166053976,39
734,3,1564,530,1034,0,0,0,1.0,1,1.0,1,1.0,1,0.09106524935822762,39
735,1,1565,531,1034,0,0,0,1.0,1,1.0,1,1.0,1,0.12558474530588223,39
736,0,1565,531,1034,0,0,0,1.0,1,1.0,1,1.0,1,0.13332443106991634,38
737,4,1569,532,1037,0,0,0,1.0,1,1.0,1,1.0,1,0.10887381611734963,39
738,0,1569,532,1037,0,0,0,1.0,1,1.0,1,1.0,1,0.1488153167114012,37
739,0,1569,532,1037,0,0,0,1.0,1,1.0,1,1.0,1,0.1488153167114012,37
740,0,1569,532,1037,0,0,0,1.0,1,1.0,1,1.0,1,0.19004151781491685,35
741,4,1573,533,1040,0,0,0,1.0,1,1.0,1,1.0,1,0.19698867134570375,33
742,1,1574,533,1041,0,0,0,1.0,1,1.0,1,1.0,1,0.18456579730198183,35
743,2,1576,535,1041,0,0,0,1.0,1,1.0,1,1.0,1,0.2412825444302885,35
744,4,1580,537,1043,0,0,0,1.0,1,1.0,1,1.0,1,0.20539635027334843,34
745,6,1586,539,1047,0,0,0,1.0,1,1.0,1,1.0,1,0.17974152532475934,34
746,4,1590,541,1049,0,0,0,1.0,1,1.0,1,1.0,1,0.12029200517458591,33
747,0,1590,541,1049,0,0,0,1.0,1,1.0,1,1.0,1,0.11978319329101329,32
748,0,1590,541,1049,0,0,0,1.0,1,1.0,1,1.0,1,0.10648249601072356,33
749,1,1591,541,1050,0,0,0,1.0,1,1.0,1,1.0,1,0.09042824584528669,33
750,1,1592,541,1051,0,0,0,1.0,1,1.0,1,1.0,1,0.06665921306583619,34
751,1,1593,542,1051,0,0,0,1.0,1,1.0,1,1.0,1,0.060413287031157455,36
752,1,1594,543,1051,0,0,0,1.0,1,1.0,1,1.0,1,0.08633202140710465,35
753,2,1596,545,1051,0,0,0,1.0,1,1.0,1,1.0,1,0.11334169150175992,37
754,3,1599,548,1051,0,0,0,1.0,1,1.0,1,1.0,1,0.20822941676557052,37
755,3,1602,549,1053,0,0,0,1.0,1,1.0,1,1.0,1,0.20166676182797383,35
756,1,1603,550,1053,0,0,0,1.0,1,1.0,1,1.0,1,0.2813105564719387,36
757,6,1609,550,1059,0,0,0,1.0,1,1.0,1,1.0,1,0.15508406036993208,35
758,0,1609,550,1059,0,0,0,1.0,1,1.0,1,1.0,1,0.16748215502492667,36
759,1,1610,550,1060,0,0,0,1.0,1,1.0,1,1.0,1,0.17643726482060368,37
760,4,1614,550,1064,0,0,0,1.0,1,1.0,1,1.0,1,0.12320714556638596,36
761,1,1615,550,1065,0,0,0,1.0,1,1.0,1,1.0,1,0.09996528872662098,36
762,0,1615,550,1065,0,0,0,1.0,1,1.0,1,1.0,1,0.11287736738620244,37
763,0,1615,550,1065,0,0,0,1.0,1,1.0,1,1.0,1,0.12541435171842125,38
764,0,1615,550,1065,0,0,0,1.0,1,1.0,1,1.0,1,0.12541435171842125,38
765,0,1615,550,1065,0,0,0,1.0,1,1.0,1,1.0,1,0.12541435171842125,38
766,0,1615,550,1065,0,0,0,1.0,1,1.0,1,1.0,1,0.126150816211761,40
767,1,1616,550,1066,0,0,0,1.0,1,1.0,1,1.0,1,0.12748884780294006,41
768,4,1620,552,1068,0,0,0,1.0,1,1.0,1,1.0,1,0.11158809584309441,41
769,1,1621,552,1069,0,0,0,1.0,1,1.0,1,1.0,1,0.10263609235929025,42
770,1,1622,553,1069,0,0,0,1.0,1,1.0,1,1.0,1,0.13145389196161106,41
771,2,1624,554,1070,0,0,0,1.0,1,1.0,1,1.0,1,0.13000182673030847,41
772,2,1626,555,1071,0,0,0,1.0,1,1.0,1,1.0,1,0.1367765655031146,41
773,2,1628,555,1073,0,0,0,1.0,1,1.0,1,1.0,1,0.08422070185208981,41
774,4,1632,557,1075,0,0,0,1.0,1,1.0,1,1.0,1,0.10229277522793881,42
775,0,1632,557,1075,0,0,0,1.0,1,1.0,1,1.0,1,0.10229277522793881,42
776,0,1632,557,1075,0,0,0,1.0,1,1.0,1,1.0,1,0.10229277522793881,42
777,0,1632,557,1075,0,0,0,1.0,1,1.0,1,1.0,1,0.10229277522793881,42
778,0,1632,557,1075,0,0,0,1.0,1,1.0,1,1.0,1,0.13245146092835616,44
779,0,1632,557,1075,0,0,0,1.0,1,1.0,1,1.0,1,0.13245146092835616,44
780,0,1632,557,1075,0,0,0,1.0,1,1.0,1,1.0,1,0.13245146092835616,44
781,1,1633,557,1076,0,0,0,1.0,1,1.0,1,1.0,1,0.12718549035314827,46
782,3,1636,559,1077,0,0,0,1.0,1,1.0,1,1.0,1,0.1325386681466956,45
783,2,1638,560,1078,0,0,0,1.0,1,1.0,1,1.0,1,0.16217601236461804,44
784,3,1641,561,1080,0,0,0,1.0,1,1.0,1,1.0,1,0.1837597303810127,44
785,6,1647,562,1085,0,0,0,1.0,1,1.0,1,1.0,1,0.08682894810643668,43
786,2,1649,563,1086,0,0,0,1.0,1,1.0,1,1.0,1,0.10694205008200422,43
787,1,1650,563,1087,0,0,0,1.0,1,1.0,1,1.0,1,0.10880577874946909,43
788,4,1654,565,1089,0,0,0,1.0,1,1.0,1,1.0,1,0.22221057047089934,45
789,7,1661,565,1096,0,0,0,1.0,1,1.0,1,1.0,1,0.1060890171234054,46
790,2,1663,565,1098,0,0,0,1.0,1,1.0,1,1.0,1,0.10698492384036642,45
791,0,1663,565,1098,0,0,0,1.0,1,1.0,1,1.0,1,0.12000084335757802,46
792,4,1667,566,1101,0,0,0,1.0,1,1.0,1,1.0,1,0.11583832481649611,46
793,0,1667,566,1101,0,0,0,1.0,1,1.0,1,1.0,1,0.11583832481649611,46
794,4,1671,567,1104,0,0,0,1.0,1,1.0,1,1.0,1,0.15834336623010375,47
795,1,1672,567,1105,0,0,0,1.0,1,1.0,1,1.0,1,0.14974685076728228,47
796,2,1674,568,1106,0,0,0,1.0,1,1.0,1,1.0,1,0.1451581918278685,46
797,6,1680,570,1110,0,0,0,1.0,1,1.0,1,1.0,1,0.12132593748157658,47
798,0,1680,570,1110,0,0,0,1.0,1,1.0,1,1.0,1,0.12622751120662656,48
799,2,1682,571,1111,0,0,0,1.0,1,1.0,1,1.0,1,0.11531788883137872,48
800,1,1683,572,1111,0,0,0,1.0,1,1.0,1,1.0,1,0.13962497158966045,48
801,4,1687,572,1115,0,0,0,1.0,1,1.0,1,1.0,1,0.08723131671140656,49
802,0,1687,572,1115,0,0,0,1.0,1,1.0,1,1.0,1,0.08425278739264722,50
803,2,1689,572,1117,0,0,0,1.0,1,1.0,1,1.0,1,0.09772030897563547,49
804,4,1693,573,1120,0,0,0,1.0,1,1.0,1,1.0,1,0.1296313996234164,50
805,3,1696,573,1123,0,0,0,1.0,1,1.0,1,1.0,1,0.07823699934314667,50
806,0,1696,573,1123,0,0,0,1.0,1,1.0,1,1.0,1,0.07823699934314667,50
807,0,1696,573,1123,0,0,0,1.0,1,1.0,1,1.0,1,0.0958956799996405,51
808,0,1696,573,1123,0,0,0,1.0,1,1.0,1,1.0,1,0.0958956799996405,51
809,4,1700,575,1125,0,0,0,1.0,1,1.0,1,1.0,1,0.08782329202268559,51
810,1,1701,575,1126,0,0,0,1.0,1,1.0,1,1.0,1,0.09083581466840475,52
811,4,1705,578,1127,0,0,0,1.0,1,1.0,1,1.0,1,0.14052068201314466,50
812,2,1707,580,1127,0,0,0,1.0,1,1.0,1,1.0,1,0.16804260457166695,48
813,4,1711,581,1130,0,0,0,1.0,1,1.0,1,1.0,1,0.15453488858266165,49
814,0,1711,581,1130,0,0,0,1.0,1,1.0,1,1.0,1,0.14554945467330238,48
815,0,1711,581,1130,0,0,0,1.0,1,1.0,1,1.0,1,0.14554945467330238,48
816,1,1712,582,1130,0,0,0,1.0,1,1.0,1,1.0,1,0.1806437031250449,46
817,5,1717,582,1135,0,0,0,1.0,1,1.0,1,1.0,1,0.14839021686600756,44
818,1,1718,582,1136,0,0,0,1.0,1,1.0,1,1.0,1,0.14158079165628784,46
819,4,1722,583,1139,0,0,0,1.0,1,1.0,1,1.0,1,0.1926109286193119,44
820,4,1726,584,1142,0,0,0,1.0,1,1.0,1,1.0,1,0.19909398830507416,44
821,2,1728,584,1144,0,0,0,1.0,1,1.0,1,1.0,1,0.1690922310521537,44
822,5,1733,586,1147,0,0,0,1.0,1,1.0,1,1.0,1,0.18021310304584126,44
823,2,1735,587,1148,0,0,0,1.0,1,1.0,1,1.0,1,0.16713394136553095,42
824,6,1741,592,1149,0,0,0,1.0,1,1.0,1,1.0,1,0.1837338771801575,42
825,5,1746,594,1152,0,0,0,1.0,1,1.0,1,1.0,1,0.13283760526698116,40
826,4,1750,597,1153,0,0,0,1.0,1,1.0,1,1.0,1,0.16299113970617646,41
827,4,1754,598,1156,0,0,0,1.0,1,1.0,1,1.0,1,0.15729120053342951,40
828,3,1757,599,1158,0,0,0,1.0,1,1.0,1,1.0,1,0.12291470920994146,40
829,8,1765,601,1164,0,0,0,1.0,1,1.0,1,1.0,1,0.17262839853416714,42
830,2,1767,602,1165,0,0,0,1.0,1,1.0,1,1.0,1,0.17477507025015426,42
831,5,1772,603,1169,0,0,0,1.0,1,1.0,1,1.0,1,0.12866150966286216,43
832,1,1773,603,1170,0,0,0,1.0,1,1.0,1,1.0,1,0.1426981842841249,42
833,1,1774,603,1171,0,0,0,1.0,1,1.0,1,1.0,1,0.1458460895393906,41
834,2,1776,604,1172,0,0,0,1.0,1,1.0,1,1.0,1,0.1625632052755285,41
835,0,1776,604,1172,0,0,0,1.0,1,1.0,1,1.0,1,0.1719431738852123,41
836,1,1777,604,1173,0,0,0,1.0,1,1.0,1,1.0,1,0.14609204036451914,40
837,1,1778,604,1174,0,0,0,1.0,1,1.0,1,1.0,1,0.1147807037390451,41
838,0,1778,604,1174,0,0,0,1.0,1,1.0,1,1.0,1,0.1147807037390451,41
839,2,1780,605,1175,0,0,0,1.0,1,1.0,1,1.0,1,0.10635131190351446,41
840,2,1782,606,1176,0,0,0,1.0,1,1.0,1,1.0,1,0.10825927270967464,42
841,1,1783,606,1177,0,0,0,1.0,1,1.0,1,1.0,1,0.08989107817828548,42
842,2,1785,607,1178,0,0,0,1.0,1,1.0,1,1.0,1,0.12515005448974126,42
843,3,1788,608,1180,0,0,0,1.0,1,1.0,1,1.0,1,0.13528313239390563,42
844,2,1790,608,1182,0,0,0,1.0,1,1.0,1,1.0,1,0.1525182142862657,42
845,3,1793,609,1184,0,0,0,1.0,1,1.0,1,1.0,1,0.21452633275460695,44
846,1,1794,609,1185,0,0,0,1.0,1,1.0,1,1.0,1,0.1926388958815795,44
847,1,1795,610,1185,0,0,0,1.0,1,1.0,1,1.0,1,0.1851287271640873,42
848,2,1797,610,1187,0,0,0,1.0,1,1.0,1,1.0,1,0.2271805125904944,43
849,5,1802,610,1192,0,0,0,1.0,1,1.0,1,1.0,1,0.16001895480063386,43
850,5,1807,611,1196,0,0,0,1.0,1,1.0,1,1.0,1,0.1454624632605185,41
851,1,1808,611,1197,0,0,0,1.0,1,1.0,1,1.0,1,0.1430057301258065,40
852,4,1812,611,1201,0,0,0,1.0,1,1.0,1,1.0,1,0.11134680633931966,40
853,3,1815,611,1204,0,0,0,1.0,1,1.0,1,1.0,1,0.10236829360260875,40
854,4,1819,613,1206,0,0,0,1.0,1,1.0,1,1.0,1,0.1501545651800966,40
855,2,1821,613,1208,0,0,0,1.0,1,1.0,1,1.0,1,0.1390384299200494,41
856,1,1822,613,1209,0,0,0,1.0,1,1.0,1,1.0,1,0.13125992021358018,41
857,0,1822,613,1209,0,0,0,1.0,1,1.0,1,1.0,1,0.14904677578234096,42
858,3,1825,613,1212,0,0,0,1.0,1,1.0,1,1.0,1,0.08728844854757578,43
859,0,1825,613,1212,0,0,0,1.0,1,1.0,1,1.0,1,0.08728844854757578,43
860,0,1825,613,1212,0,0,0,1.0,1,1.0,1,1.0,1,0.0832972957791511,44
861,1,1826,614,1212,0,0,0,1.0,1,1.0,1,1.0,1,0.11431371574569854,44
862,1,1827,615,1212,0,0,0,1.0,1,1.0,1,1.0,1,0.11949997195771252,44
863,1,1828,616,1212,0,0,0,1.0,1,1.0,1,1.0,1,0.15745185991684066,44
864,4,1832,617,1215,0,0,0,1.0,1,1.0,1,1.0,1,0.11337065438007334,44
865,4,1836,620,1216,0,0,0,1.0,1,1.0,1,1.0,1,0.0816931554799964,43
866,7,1843,624,1219,0,0,0,1.0,1,1.0,1,1.0,1,0.10440423001507211,45
867,1,1844,624,1220,0,0,0,1.0,1,1.0,1,1.0,1,0.08141813015660988,44
868,2,1846,625,1221,0,0,0,1.0,1,1.0,1,1.0,1,0.10998097972956543,45
869,7,1853,628,1225,0,0,0,1.0,1,1.0,1,1.0,1,0.10980021301640472,44
870,2,1855,630,1225,0,0,0,1.0,1,1.0,1,1.0,1,0.11366247936587973,44
871,3,1858,631,1227,0,0,0,1.0,1,1.0,1,1.0,1,0.16088569555751178,43
872,1,1859,632,1227,0,0,0,1.0,1,1.0,1,1.0,1,0.16845589724183752,43
873,6,1865,634,1231,0,0,0,1.0,1,1.0,1,1.0,1,0.14113551064372215,43
874,4,1869,634,1235,0,0,0,1.0,1,1.0,1,1.0,1,0.12720955658786276,46
875,4,1873,635,1238,0,0,0,1.0,1,1.0,1,1.0,1,0.15191223027159473,43
876,2,1875,635,1240,0,0,0,1.0,1,1.0,1,1.0,1,0.13330650853926387,44
877,4,1879,635,1244,0,0,0,1.0,1,1.0,1,1.0,1,0.1106350664665364,44
878,0,1879,635,1244,0,0,0,1.0,1,1.0,1,1.0,1,0.1106350664665364,44
879,1,1880,635,1245,0,0,0,1.0,1,1.0,1,1.0,1,0.08014128307156766,44
880,2,1882,637,1245,0,0,0,1.0,1,1.0,1,1.0,1,0.13794328396199082,44
881,0,1882,637,1245,0,0,0,1.0,1,1.0,1,1.0,1,0.12251012543210105,43
882,1,1883,638,1245,0,0,0,1.0,1,1.0,1,1.0,1,0.13319644659819757,45
883,0,1883,638,1245,0,0,0,1.0,1,1.0,1,1.0,1,0.13215069484958503,45
884,3,1886,640,1246,0,0,0,1.0,1,1.0,1,1.0,1,0.12871908339443502,45
885,3,1889,642,1247,0,0,0,1.0,1,1.0,1,1.0,1,0.10542416662580599,43
886,3,1892,643,1249,0,0,0,1.0,1,1.0,1,1.0,1,0.1400303745866246,43
887,1,1893,644,1249,0,0,0,1.0,1,1.0,1,1.0,1,0.14432820830496088,41
888,0,1893,644,1249,0,0,0,1.0,1,1.0,1,1.0,1,0.21987402513479082,40
889,4,1897,644,1253,0,0,0,1.0,1,1.0,1,1.0,1,0.12344929723645678,40
890,3,1900,645,1255,0,0,0,1.0,1,1.0,1,1.0,1,0.1279367974947987,38
891,4,1904,646,1258,0,0,0,1.0,1,1.0,1,1.0,1,0.1720005375437559,39
892,2,1906,646,1260,0,0,0,1.0,1,1.0,1,1.0,1,0.14592630940781612,39
893,3,1909,646,1263,0,0,0,1.0,1,1.0,1,1.0,1,0.0983645436721199,37
894,2,1911,648,1263,0,0,0,1.0,1,1.0,1,1.0,1,0.180928178539167,36
895,2,1913,648,1265,0,0,0,1.0,1,1.0,1,1.0,1,0.1510336324429678,37
896,2,1915,649,1266,0,0,0,1.0,1,1.0,1,1.0,1,0.20666930238877412,36
897,2,1917,651,1266,0,0,0,1.0,1,1.0,1,1.0,1,0.2093113448693171,36
898,0,1917,651,1266,0,0,0,1.0,1,1.0,1,1.0,1,0.22316980042158907,35
899,2,1919,652,1267,0,0,0,1.0,1,1.0,1,1.0,1,0.2240866477747253,35
900,1,1920,652,1268,0,0,0,1.0,1,1.0,1,1.0,1,0.22776847905930134,36
901,4,1924,653,1271,0,0,0,1.0,1,1.0,1,1.0,1,0.1702966458671512,36
902,5,1929,657,1272,0,0,0,1.0,1,1.0,1,1.0,1,0.2568030659176656,36
903,2,1931,657,1274,0,0,0,1.0,1,1.0,1,1.0,1,0.21251673921445172,35
904,2,1933,658,1275,0,0,0,1.0,1,1.0,1,1.0,1,0.2048090363561458,37
905,2,1935,660,1275,0,0,0,1.0,1,1.0,1,1.0,1,0.23032263344511814,36
906,3,1938,661,1277,0,0,0,1.0,1,1.0,1,1.0,1,0.21047654937890284,37
907,6,1944,663,1281,0,0,0,1.0,1,1.0,1,1.0,1,0.12539673463847453,37
908,2,1946,664,1282,0,0,0,1.0,1,1.0,1,1.0,1,0.1251963826951342,36
909,1,1947,664,1283,0,0,0,1.0,1,1.0,1,1.0,1,0.10320323169597015,36
910,2,1949,665,1284,0,0,0,1.0,1,1.0,1,1.0,1,0.14467656910072124,37
911,3,1952,666,1286,0,0,0,1.0,1,1.0,1,1.0,1,0.1914868534488121,36
912,1,1953,667,1286,0,0,0,1.0,1,1.0,1,1.0,1,0.1805220636542297,34
913,6,1959,669,1290,0,0,0,1.0,1,1.0,1,1.0,1,0.14803326674447487,34
914,1,1960,669,1291,0,0,0,1.0,1,1.0,1,1.0,1,0.14952095380934707,33
915,0,1960,669,1291,0,0,0,1.0,1,1.0,1,1.0,1,0.14952095380934707,33
916,1,1961,669,1292,0,0,0,1.0,1,1.0,1,1.0,1,0.1582986805109332,34
917,3,1964,670,1294,0,0,0,1.0,1,1.0,1,1.0,1,0.09850323363777383,34
918,0,1964,670,1294,0,0,0,1.0,1,1.0,1,1.0,1,0.09370396671356437,36
919,0,1964,670,1294,0,0,0,1.0,1,1.0,1,1.0,1,0.09370396671356437,36
920,1,1965,671,1294,0,0,0,1.0,1,1.0,1,1.0,1,0.10259941071882753,37
921,0,1965,671,1294,0,0,0,1.0,1,1.0,1,1.0,1,0.10259941071882753,37
922,0,1965,671,1294,0,0,0,1.0,1,1.0,1,1.0,1,0.11728813560301707,38
923,1,1966,672,1294,0,0,0,1.0,1,1.0,1,1.0,1,0.09615741911404892,36
924,1,1967,673,1294,0,0,0,1.0,1,1.0,1,1.0,1,0.07937205147049958,35
925,3,1970,675,1295,0,0,0,1.0,1,1.0,1,1.0,1,0.20003512787068561,35
926,2,1972,676,1296,0,0,0,1.0,1,1.0,1,1.0,1,0.16061020063365058,34
927,0,1972,676,1296,0,0,0,1.0,1,1.0,1,1.0,1,0.18650287331674442,32
928,2,1974,677,1297,0,0,0,1.0,1,1.0,1,1.0,1,0.20820259943919342,32
929,3,1977,678,1299,0,0,0,1.0,1,1.0,1,1.0,1,0.18170191323429868,31
930,1,1978,679,1299,0,0,0,1.0,1,1.0,1,1.0,1,0.23432319733706747,30
931,3,1981,681,1300,0,0,0,1.0,1,1.0,1,1.0,1,0.21073122013852005,29
932,1,1982,682,1300,0,0,0,1.0,1,1.0,1,1.0,1,0.2055006648756112,29
933,1,1983,682,1301,0,0,0,1.0,1,1.0,1,1.0,1,0.19303755036435802,29
934,1,1984,683,1301,0,0,0,1.0,1,1.0,1,1.0,1,0.17415710791676306,29
935,2,1986,683,1303,0,0,0,1.0,1,1.0,1,1.0,1,0.1655255558669303,31
936,3,1989,685,1304,0,0,0,1.0,1,1.0,1,1.0,1,0.14288828444690166,31
937,2,1991,686,1305,0,0,0,1.0,1,1.0,1,1.0,1,0.16791737412973548,34
938,1,1992,686,1306,0,0,0,1.0,1,1.0,1,1.0,1,0.16351878515579765,33
939,6,1998,686,1312,0,0,0,1.0,1,1.0,1,1.0,1,0.14710594328461707,36
940,4,2002,686,1316,0,0,0,1.0,1,1.0,1,1.0,1,0.20370723903976126,36
941,3,2005,687,1318,0,0,0,1.0,1,1.0,1,1.0,1,0.21531647385714128,36
942,1,2006,688,1318,0,0,0,1.0,1,1.0,1,1.0,1,0.22322106050167692,36
943,2,2008,689,1319,0,0,0,1.0,1,1.0,1,1.0,1,0.20134346383674165,35
944,3,2011,691,1320,0,0,0,1.0,1,1.0,1,1.0,1,0.17190963006428917,35
945,1,2012,691,1321,0,0,0,1.0,1,1.0,1,1.0,1,0.12736444671585054,33
946,1,2013,691,1322,0,0,0,1.0,1,1.0,1,1.0,1,0.13445537315829711,36
947,1,2014,692,1322,0,0,0,1.0,1,1.0,1,1.0,1,0.1621343155927611,34
948,2,2016,694,1322,0,0,0,1.0,1,1.0,1,1.0,1,0.23264229880340268,33
949,5,2021,695,1326,0,0,0,1.0,1,1.0,1,1.0,1,0.24249026468722643,34
950,1,2022,695,1327,0,0,0,1.0,1,1.0,1,1.0,1,0.24788867369975212,33
951,0,2022,695,1327,0,0,0,1.0,1,1.0,1,1.0,1,0.24788867369975212,33
952,1,2023,695,1328,0,0,0,1.0,1,1.0,1,1.0,1,0.24121334393355665,32
953,0,2023,695,1328,0,0,0,1.0,1,1.0,1,1.0,1,0.24121334393355665,32
954,0,2023,695,1328,0,0,0,1.0,1,1.0,1,1.0,1,0.26766582465034894,31
955,3,2026,695,1331,0,0,0,1.0,1,1.0,1,1.0,1,0.21083668311781997,32
956,1,2027,696,1331,0,0,0,1.0,1,1.0,1,1.0,1,0.21121748352379546,32
957,2,2029,696,1333,0,0,0,1.0,1,1.0,1,1.0,1,0.16766724016977824,33
958,0,2029,696,1333,0,0,0,1.0,1,1.0,1,1.0,1,0.16940047494197336,35
959,2,2031,697,1334,0,0,0,1.0,1,1.0,1,1.0,1,0.1743765232095765,36
960,1,2032,697,1335,0,0,0,1.0,1,1.0,1,1.0,1,0.17307765625748725,38
961,2,2034,698,1336,0,0,0,1.0,1,1.0,1,1.0,1,0.19580851760898443,37
962,1,2035,699,1336,0,0,0,1.0,1,1.0,1,1.0,1,0.20704381222195703,35
963,0,2035,699,1336,0,0,0,1.0,1,1.0,1,1.0,1,0.22447259720458812,35
964,3,2038,699,1339,0,0,0,1.0,1,1.0,1,1.0,1,0.21623550397888797,34
965,3,2041,699,1342,0,0,0,1.0,1,1.0,1,1.0,1,0.1453440724429927,35
966,1,2042,699,1343,0,0,0,1.0,1,1.0,1,1.0,1,0.15336647404727238,34
967,2,2044,700,1344,0,0,0,1.0,1,1.0,1,1.0,1,0.22046872426989267,35
968,4,2048,701,1347,0,0,0,1.0,1,1.0,1,1.0,1,0.19025886317214744,36
969,3,2051,702,1349,0,0,0,1.0,1,1.0,1,1.0,1,0.1999854972217082,35
970,1,2052,702,1350,0,0,0,1.0,1,1.0,1,1.0,1,0.24993683155640015,34
971,1,2053,702,1351,0,0,0,1.0,1,1.0,1,1.0,1,0.2192808244574405,35
972,0,2053,702,1351,0,0,0,1.0,1,1.0,1,1.0,1,0.2192808244574405,35
973,2,2055,702,1353,0,0,0,1.0,1,1.0,1,1.0,1,0.2062583063151063,36
974,2,2057,703,1354,0,0,0,1.0,1,1.0,1,1.0,1,0.26430378965642637,35
975,0,2057,703,1354,0,0,0,1.0,1,1.0,1,1.0,1,0.2469646033204475,36
976,0,2057,703,1354,0,0,0,1.0,1,1.0,1,1.0,1,0.2583371459646453,38
977,3,2060,703,1357,0,0,0,1.0,1,1.0,1,1.0,1,0.17811445638451617,38
978,1,2061,703,1358,0,0,0,1.0,1,1.0,1,1.0,1,0.15740143594104972,38
979,1,2062,703,1359,0,0,0,1.0,1,1.0,1,1.0,1,0.14128672554640687,39
980,1,2063,703,1360,0,0,0,1.0,1,1.0,1,1.0,1,0.16750966820666857,39
981,3,2066,705,1361,0,0,0,1.0,1,1.0,1,1.0,1,0.1526476727137738,40
982,3,2069,707,1362,0,0,0,1.0,1,1.0,1,1.0,1,0.1954906390331441,40
983,0,2069,707,1362,0,0,0,1.0,1,1.0,1,1.0,1,0.1586759483294525,38
984,5,2074,710,1364,0,0,0,1.0,1,1.0,1,1.0,1,0.1802807168751785,39
985,6,2080,713,1367,0,0,0,1.0,1,1.0,1,1.0,1,0.17312356136988236,38
986,0,2080,713,1367,0,0,0,1.0,1,1.0,1,1.0,1,0.17312356136988236,38
987,2,2082,714,1368,0,0,0,1.0,1,1.0,1,1.0,1,0.1892265698715461,38
988,1,2083,714,1369,0,0,0,1.0,1,1.0,1,1.0,1,0.18677545710936425,38
989,5,2088,714,1374,0,0,0,1.0,1,1.0,1,1.0,1,0.1114441033124131,38
990,2,2090,715,1375,0,0,0,1.0,1,1.0,1,1.0,1,0.107191989869875,38
991,3,2093,715,1378,0,0,0,1.0,1,1.0,1,1.0,1,0.16553792927584823,40
992,2,2095,716,1379,0,0,0,1.0,1,1.0,1,1.0,1,0.17377928951144156,39
993,0,2095,716,1379,0,0,0,1.0,1,1.0,1,1.0,1,0.17822841713774296,38
994,1,2096,716,1380,0,0,0,1.0,1,1.0,1,1.0,1,0.16191867310179903,39
995,0,2096,716,1380,0,0,0,1.0,1,1.0,1,1.0,1,0.16434229956453614,41
996,0,2096,716,1380,0,0,0,1.0,1,1.0,1,1.0,1,0.17653577902373935,40
997,2,2098,716,1382,0,0,0,1.0,1,1.0,1,1.0,1,0.15440592995422286,41
998,1,2099,716,1383,0,0,0,1.0,1,1.0,1,1.0,1,0.13031282849739848,40
999,0,2099,716,1383,0,0,0,1.0,1,1.0,1,1.0,1,0.167357442071482,40
1000,0,2099,716,1383,0,0,0,1.0,1,1.0,1,1.0,1,0.167357442071482,40
1001,1,2100,716,1384,0,0,0,1.0,1,1.0,1,1.0,1,0.15310714032385575,39
1002,0,2100,716,1384,0,0,0,1.0,1,1.0,1,1.0,1,0.15310714032385575,39
1003,0,2100,716,1384,0,0,0,1.0,1,1.0,1,1.0,1,0.15310714032385575,39
1004,0,2100,716,1384,0,0,0,1.0,1,1.0,1,1.0,1,0.15310714032385575,39
1005,0,2100,716,1384,0,0,0,1.0,1,1.0,1,1.0,1,0.1600993715644837,40
1006,1,2101,716,1385,0,0,0,1.0,1,1.0,1,1.0,1,0.13359323046066826,41
1007,2,2103,716,1387,0,0,0,1.0,1,1.0,1,1.0,1,0.09213808329333811,42
1008,1,2104,716,1388,0,0,0,1.0,1,1.0,1,1.0,1,0.09536262061453496,43
1009,1,2105,716,1389,0,0,0,1.0,1,1.0,1,1.0,1,0.08050359447126297,44
1010,0,2105,716,1389,0,0,0,1.0,1,1.0,1,1.0,1,0.08050359447126297,44
1011,1,2106,717,1389,0,0,0,1.0,1,1.0,1,1.0,1,0.11549408299101943,44
1012,2,2108,719,1389,0,0,0,1.0,1,1.0,1,1.0,1,0.17404240980519425,46
1013,2,2110,719,1391,0,0,0,1.0,1,1.0,1,1.0,1,0.13701052542764125,46
1014,1,2111,720,1391,0,0,0,1.0,1,1.0,1,1.0,1,0.1685936759919158,46
1015,1,2112,720,1392,0,0,0,1.0,1,1.0,1,1.0,1,0.1511141829739424,46
1016,1,2113,721,1392,0,0,0,1.0,1,1.0,1,1.0,1,0.16679898280352007,47
1017,1,2114,721,1393,0,0,0,1.0,1,1.0,1,1.0,1,0.14707341855447706,47
1018,3,2117,721,1396,0,0,0,1.0,1,1.0,1,1.0,1,0.1349299486745383,48
1019,2,2119,721,1398,0,0,0,1.0,1,1.0,1,1.0,1,0.11688005184722773,49
1020,2,2121,721,1400,0,0,0,1.0,1,1.0,1,1.0,1,0.11448294306372801,51
1021,1,2122,722,1400,0,0,0,1.0,1,1.0,1,1.0,1,0.13454575808864655,51
1022,0,2122,722,1400,0,0,0,1.0,1,1.0,1,1.0,1,0.13577777257094414,52
1023,0,2122,722,1400,0,0,0,1.0,1,1.0,1,1.0,1,0.15433415202216397,52
1024,0,2122,722,1400,0,0,0,1.0,1,1.0,1,1.0,1,0.15433415202216397,52
1025,7,2129,722,1407,0,0,0,1.0,1,1.0,1,1.0,1,0.06069932058604834,54
1026,0,2129,722,1407,0,0,0,1.0,1,1.0,1,1.0,1,0.06069932058604834,54
1027,0,2129,722,1407,0,0,0,1.0,1,1.0,1,1.0,1,0.07156870830586153,55
1028,3,2132,724,1408,0,0,0,1.0,1,1.0,1,1.0,1,0.08876713347720418,56
1029,3,2135,725,1410,0,0,0,1.0,1,1.0,1,1.0,1,0.08188412125795912,56
1030,0,2135,725,1410,0,0,0,1.0,1,1.0,1,1.0,1,0.0978179641840248,57
1031,0,2135,725,1410,0,0,0,1.0,1,1.0,1,1.0,1,0.09713242094797955,58
1032,4,2139,727,1412,0,0,0,1.0,1,1.0,1,1.0,1,0.11024968072769088,58
1033,1,2140,728,1412,0,0,0,1.0,1,1.0,1,1.0,1,0.1056533540613994,57
1034,2,2142,730,1412,0,0,0,1.0,1,1.0,1,1.0,1,0.12743452643132003,57
1035,2,2144,732,1412,0,0,0,1.0,1,1.0,1,1.0,1,0.14815695605849122,57
1036,3,2147,734,1413,0,0,0,1.0,1,1.0,1,1.0,1,0.16781507662862694,59
1037,10,2157,735,1422,0,0,0,1.0,1,1.0,1,1.0,1,0.1008411941807643,57
1038,4,2161,735,1426,0,0,0,1.0,1,1.0,1,1.0,1,0.11443400611362348,59
1039,6,2167,738,1429,0,0,0,1.0,1,1.0,1,1.0,1,0.11360456818463971,57
1040,3,2170,739,1431,0,0,0,1.0,1,1.0,1,1.0,1,0.14218810544740765,56
1041,3,2173,739,1434,0,0,0,1.0,1,1.0,1,1.0,1,0.0954074061738691,54
1042,0,2173,739,1434,0,0,0,1.0,1,1.0,1,1.0,1,0.12316702804424473,52
1043,2,2175,741,1434,0,0,0,1.0,1,1.0,1,1.0,1,0.17041396423206945,52
1044,3,2178,743,1435,0,0,0,1.0,1,1.0,1,1.0,1,0.14362208254737163,50
1045,3,2181,744,1437,0,0,0,1.0,1,1.0,1,1.0,1,0.15238866946000437,51
1046,4,2185,746,1439,0,0,0,1.0,1,1.0,1,1.0,1,0.13474101338118386,50
1047,2,2187,747,1440,0,0,0,1.0,1,1.0,1,1.0,1,0.10486383238990692,50
1048,1,2188,747,1441,0,0,0,1.0,1,1.0,1,1.0,1,0.10526009850801124,50
1049,1,2189,748,1441,0,0,0,1.0,1,1.0,1,1.0,1,0.1328939620849549,50
1050,0,2189,748,1441,0,0,0,1.0,1,1.0,1,1.0,1,0.1328939620849549,50
1051,1,2190,749,1441,0,0,0,1.0,1,1.0,1,1.0,1,0.13122076672212807,50
1052,0,2190,749,1441,0,0,0,1.0,1,1.0,1,1.0,1,0.1474224636454405,51
1053,1,2191,749,1442,0,0,0,1.0,1,1.0,1,1.0,1,0.13068237587660428,51
1054,1,2192,749,1443,0,0,0,1.0,1,1.0,1,1.0,1,0.10853802310498566,53
1055,2,2194,749,1445,0,0,0,1.0,1,1.0,1,1.0,1,0.0773053307634163,54
1056,1,2195,749,1446,0,0,0,1.0,1,1.0,1,1.0,1,0.09273673505195199,54
1057,2,2197,750,1447,0,0,0,1.0,1,1.0,1,1.0,1,0.08818075311963301,55
1058,2,2199,751,1448,0,0,0,1.0,1,1.0,1,1.0,1,0.09975029729348757,54
1059,3,2202,753,1449,0,0,0,1.0,1,1.0,1,1.0,1,0.1774812853544955,53
1060,1,2203,753,1450,0,0,0,1.0,1,1.0,1,1.0,1,0.16507568654892074,53
1061,3,2206,756,1450,0,0,0,1.0,1,1.0,1,1.0,1,0.1818130775705671,53
1062,5,2211,761,1450,0,0,0,1.0,1,1.0,1,1.0,1,0.16834994458480942,54
1063,1,2212,761,1451,0,0,0,1.0,1,1.0,1,1.0,1,0.16563975200242462,53
1064,4,2216,764,1452,0,0,0,1.0,1,1.0,1,1.0,1,0.15256430728122927,55
1065,2,2218,764,1454,0,0,0,1.0,1,1.0,1,1.0,1,0.17306759287366283,54
1066,5,2223,766,1457,0,0,0,1.0,1,1.0,1,1.0,1,0.14711915633767939,55
1067,1,2224,767,1457,0,0,0,1.0,1,1.0,1,1.0,1,0.176464778089101,55
1068,1,2225,767,1458,0,0,0,1.0,1,1.0,1,1.0,1,0.18165830106538738,55
1069,6,2231,768,1463,0,0,0,1.0,1,1.0,1,1.0,1,0.156896286722437,55
1070,0,2231,768,1463,0,0,0,1.0,1,1.0,1,1.0,1,0.16123367588535772,54
1071,2,2233,768,1465,0,0,0,1.0,1,1.0,1,1.0,1,0.14525418719286642,55
1072,1,2234,768,1466,0,0,0,1.0,1,1.0,1,1.0,1,0.14047869269722965,54
1073,4,2238,770,1468,0,0,0,1.0,1,1.0,1,1.0,1,0.1500895787350588,54
1074,3,2241,771,1470,0,0,0,1.0,1,1.0,1,1.0,1,0.11787696124199663,52
1075,3,2244,772,1472,0,0,0,1.0,1,1.0,1,1.0,1,0.11247369656386662,51
1076,2,2246,773,1473,0,0,0,1.0,1,1.0,1,1.0,1,0.14446858401812557,52
1077,2,2248,775,1473,0,0,0,1.0,1,1.0,1,1.0,1,0.11912402792955397,49
1078,4,2252,778,1474,0,0,0,1.0,1,1.0,1,1.0,1,0.16955995364246867,48
1079,7,2259,781,1478,0,0,0,1.0,1,1.0,1,1.0,1,0.13432028017331693,47
1080,2,2261,783,1478,0,0,0,1.0,1,1.0,1,1.0,1,0.16292466843585018,47
1081,1,2262,784,1478,0,0,0,1.0,1,1.0,1,1.0,1,0.20728233056527193,45
1082,0,2262,784,1478,0,0,0,1.0,1,1.0,1,1.0,1,0.19231181913572737,42
1083,1,2263,785,1478,0,0,0,1.0,1,1.0,1,1.0,1,0.24366069259353548,42
1084,0,2263,785,1478,0,0,0,1.0,1,1.0,1,1.0,1,0.2687198984270331,40
1085,2,2265,785,1480,0,0,0,1.0,1,1.0,1,1.0,1,0.20870884948110613,43
1086,2,2267,785,1482,0,0,0,1.0,1,1.0,1,1.0,1,0.1522323385629277,41
1087,2,2269,785,1484,0,0,0,1.0,1,1.0,1,1.0,1,0.15010184859857278,41
1088,2,2271,785,1486,0,0,0,1.0,1,1.0,1,1.0,1,0.1508438997103039,41
1089,1,2272,785,1487,0,0,0,1.0,1,1.0,1,1.0,1,0.15324987205688234,42
1090,0,2272,785,1487,0,0,0,1.0,1,1.0,1,1.0,1,0.15653472914876923,43
1091,2,2274,786,1488,0,0,0,1.0,1,1.0,1,1.0,1,0.17857575627068625,43
1092,2,2276,786,1490,0,0,0,1.0,1,1.0,1,1.0,1,0.17811887721627126,43
1093,1,2277,787,1490,0,0,0,1.0,1,1.0,1,1.0,1,0.1663031810458635,43
1094,1,2278,787,1491,0,0,0,1.0,1,1.0,1,1.0,1,0.1430939957547428,43
1095,4,2282,788,1494,0,0,0,1.0,1,1.0,1,1.0,1,0.1392257226807971,44
1096,1,2283,789,1494,0,0,0,1.0,1,1.0,1,1.0,1,0.1407826035910842,44
1097,2,2285,790,1495,0,0,0,1.0,1,1.0,1,1.0,1,0.1948346929002369,45
1098,0,2285,790,1495,0,0,0,1.0,1,1.0,1,1.0,1,0.20044996200712042,46
1099,3,2288,791,1497,0,0,0,1.0,1,1.0,1,1.0,1,0.21002096340157908,48
1100,2,2290,791,1499,0,0,0,1.0,1,1.0,1,1.0,1,0.16456133010896715,49
1101,0,2290,791,1499,0,0,0,1.0,1,1.0,1,1.0,1,0.16456133010896715,49
1102,7,2297,794,1503,0,0,0,1.0,1,1.0,1,1.0,1,0.1003239169179538,50
1103,3,2300,794,1506,0,0,0,1.0,1,1.0,1,1.0,1,0.05699486677823454,48
1104,4,2304,798,1506,0,0,0,1.0,1,1.0,1,1.0,1,0.07765808013275573,50
1105,2,2306,800,1506,0,0,0,1.0,1,1.0,1,1.0,1,0.08564695921283365,48
1106,1,2307,801,1506,0,0,0,1.0,1,1.0,1,1.0,1,0.09726211809049681,48
1107,2,2309,802,1507,0,0,0,1.0,1,1.0,1,1.0,1,0.08603971604867391,47
1108,2,2311,803,1508,0,0,0,1.0,1,1.0,1,1.0,1,0.08846631063382476,47
1109,5,2316,805,1511,0,0,0,1.0,1,1.0,1,1.0,1,0.0456383249550522,46
1110,2,2318,806,1512,0,0,0,1.0,1,1.0,1,1.0,1,0.10802536745061933,43
1111,3,2321,808,1513,0,0,0,1.0,1,1.0,1,1.0,1,0.14396162862109313,44
1112,2,2323,809,1514,0,0,0,1.0,1,1.0,1,1.0,1,0.13639397104482684,43
1113,2,2325,809,1516,0,0,0,1.0,1,1.0,1,1.0,1,0.12145155507703194,39
1114,1,2326,810,1516,0,0,0,1.0,1,1.0,1,1.0,1,0.13967472984758267,39
1115,1,2327,811,1516,0,0,0,1.0,1,1.0,1,1.0,1,0.1513324048821705,37
1116,1,2328,812,1516,0,0,0,1.0,1,1.0,1,1.0,1,0.17478621059573524,37
1117,3,2331,813,1518,0,0,0,1.0,1,1.0,1,1.0,1,0.1867118659996027,36
1118,3,2334,814,1520,0,0,0,1.0,1,1.0,1,1.0,1,0.17618581663239216,36
1119,3,2337,814,1523,0,0,0,1.0,1,1.0,1,1.0,1,0.13138921502481316,36
1120,0,2337,814,1523,0,0,0,1.0,1,1.0,1,1.0,1,0.13138921502481316,36
1121,2,2339,815,1524,0,0,0,1.0,1,1.0,1,1.0,1,0.13239940629995847,36
1122,0,2339,815,1524,0,0,0,1.0,1,1.0,1,1.0,1,0.1449405563369535,37
1123,2,2341,816,1525,0,0,0,1.0,1,1.0,1,1.0,1,0.16429948188241333,37
1124,1,2342,817,1525,0,0,0,1.0,1,1.0,1,1.0,1,0.17220996891074156,37
1125,3,2345,818,1527,0,0,0,1.0,1,1.0,1,1.0,1,0.24391176759966227,38
1126,4,2349,818,1531,0,0,0,1.0,1,1.0,1,1.0,1,0.19101039995422836,38
1127,3,2352,819,1533,0,0,0,1.0,1,1.0,1,1.0,1,0.2031665504111308,39
1128,0,2352,819,1533,0,0,0,1.0,1,1.0,1,1.0,1,0.2031665504111308,39
1129,2,2354,819,1535,0,0,0,1.0,1,1.0,1,1.0,1,0.15374796899709142,39
1130,2,2356,819,1537,0,0,0,1.0,1,1.0,1,1.0,1,0.12897758032247444,39
1131,0,2356,819,1537,0,0,0,1.0,1,1.0,1,1.0,1,0.12897758032247444,39
1132,0,2356,819,1537,0,0,0,1.0,1,1.0,1,1.0,1,0.12897758032247444,39
1133,0,2356,819,1537,0,0,0,1.0,1,1.0,1,1.0,1,0.10659346817785205,42
1134,0,2356,819,1537,0,0,0,1.0,1,1.0,1,1.0,1,0.10659346817785205,42
1135,4,2360,820,1540,0,0,0,1.0,1,1.0,1,1.0,1,0.14582997635216757,44
1136,7,2367,821,1546,0,0,0,1.0,1,1.0,1,1.0,1,0.15701427983290606,46
1137,4,2371,821,1550,0,0,0,1.0,1,1.0,1,1.0,1,0.12526575194136458,45
1138,0,2371,821,1550,0,0,0,1.0,1,1.0,1,1.0,1,0.12998655802603354,46
1139,1,2372,822,1550,0,0,0,1.0,1,1.0,1,1.0,1,0.1479248940945641,47
1140,1,2373,823,1550,0,0,0,1.0,1,1.0,1,1.0,1,0.1800789919165851,46
1141,4,2377,823,1554,0,0,0,1.0,1,1.0,1,1.0,1,0.18044702460155465,45
1142,8,2385,826,1559,0,0,0,1.0,1,1.0,1,1.0,1,0.1410019725657698,45
1143,4,2389,827,1562,0,0,0,1.0,1,1.0,1,1.0,1,0.1538042734035447,43
1144,8,2397,829,1568,0,0,0,1.0,1,1.0,1,1.0,1,0.14342774415847173,45
1145,8,2405,830,1575,0,0,0,1.0,1,1.0,1,1.0,1,0.11205817946671123,44
1146,4,2409,830,1579,0,0,0,1.0,1,1.0,1,1.0,1,0.12689946449677614,45
1147,6,2415,832,1583,0,0,0,1.0,1,1.0,1,1.0,1,0.1628554209586618,44
1148,6,2421,834,1587,0,0,0,1.0,1,1.0,1,1.0,1,0.16508841809371352,43
1149,6,2427,835,1592,0,0,0,1.0,1,1.0,1,1.0,1,0.1475678701203131,42
1150,6,2433,836,1597,0,0,0,1.0,1,1.0,1,1.0,1,0.13819750765920563,45
1151,1,2434,836,1598,0,0,0,1.0,1,1.0,1,1.0,1,0.15765466885259577,40
1152,3,2437,839,1598,0,0,0,1.0,1,1.0,1,1.0,1,0.2636268768820463,41
1153,8,2445,842,1603,0,0,0,1.0,1,1.0,1,1.0,1,0.22393986988195896,38
1154,0,2445,842,1603,0,0,0,1.0,1,1.0,1,1.0,1,0.2072398284086133,37
1155,3,2448,843,1605,0,0,0,1.0,1,1.0,1,1.0,1,0.2321873477878703,38
1156,2,2450,843,1607,0,0,0,1.0,1,1.0,1,1.0,1,0.20680661403414055,38
1157,0,2450,843,1607,0,0,0,1.0,1,1.0,1,1.0,1,0.19528341765718682,37
1158,0,2450,843,1607,0,0,0,1.0,1,1.0,1,1.0,1,0.18853369572005402,36
1159,0,2450,843,1607,0,0,0,1.0,1,1.0,1,1.0,1,0.18483521754485274,35
1160,0,2450,843,1607,0,0,0,1.0,1,1.0,1,1.0,1,0.18483521754485274,35
1161,0,2450,843,1607,0,0,0,1.0,1,1.0,1,1.0,1,0.1895993721828717,36
1162,0,2450,843,1607,0,0,0,1.0,1,1.0,1,1.0,1,0.19738087699712964,37
1163,1,2451,843,1608,0,0,0,1.0,1,1.0,1,1.0,1,0.19827591938133735,37
1164,0,2451,843,1608,0,0,0,1.0,1,1.0,1,1.0,1,0.1827994971966152,38
1165,0,2451,843,1608,0,0,0,1.0,1,1.0,1,1.0,1,0.1827994971966152,38
1166,0,2451,843,1608,0,0,0,1.0,1,1.0,1,1.0,1,0.1973394591253326,40
1167,4,2455,845,1610,0,0,0,1.0,1,1.0,1,1.0,1,0.182815243154121,40
1168,2,2457,845,1612,0,0,0,1.0,1,1.0,1,1.0,1,0.15941745941660662,40
1169,4,2461,845,1616,0,0,0,1.0,1,1.0,1,1.0,1,0.11715922949840181,41
1170,4,2465,847,1618,0,0,0,1.0,1,1.0,1,1.0,1,0.13886841328398547,41
1171,6,2471,847,1624,0,0,0,1.0,1,1.0,1,1.0,1,0.09735876942417114,43
1172,1,2472,847,1625,0,0,0,1.0,1,1.0,1,1.0,1,0.0896915359628912,43
1173,1,2473,847,1626,0,0,0,1.0,1,1.0,1,1.0,1,0.06371327315102987,43
1174,0,2473,847,1626,0,0,0,1.0,1,1.0,1,1.0,1,0.06371327315102987,43
1175,0,2473,847,1626,0,0,0,1.0,1,1.0,1,1.0,1,0.07430091704845683,44
1176,0,2473,847,1626,0,0,0,1.0,1,1.0,1,1.0,1,0.0898750618751808,45
1177,1,2474,848,1626,0,0,0,1.0,1,1.0,1,1.0,1,0.12393331871343342,45
1178,1,2475,849,1626,0,0,0,1.0,1,1.0,1,1.0,1,0.1067262339947447,45
1179,1,2476,850,1626,0,0,0,1.0,1,1.0,1,1.0,1,0.1801261101891724,46
1180,1,2477,850,1627,0,0,0,1.0,1,1.0,1,1.0,1,0.15118021634369994,47
1181,2,2479,850,1629,0,0,0,1.0,1,1.0,1,1.0,1,0.12244486141467507,48
1182,0,2479,850,1629,0,0,0,1.0,1,1.0,1,1.0,1,0.12244486141467507,48
1183,0,2479,850,1629,0,0,0,1.0,1,1.0,1,1.0,1,0.1369820748338053,46
1184,1,2480,851,1629,0,0,0,1.0,1,1.0,1,1.0,1,0.12310232185363479,47
1185,3,2483,852,1631,0,0,0,1.0,1,1.0,1,1.0,1,0.1355744313960406,44
1186,2,2485,852,1633,0,0,0,1.0,1,1.0,1,1.0,1,0.1394998331953745,47
1187,2,2487,853,1634,0,0,0,1.0,1,1.0,1,1.0,1,0.17676124286931338,49
1188,0,2487,853,1634,0,0,0,1.0,1,1.0,1,1.0,1,0.17074068547109147,50
1189,1,2488,853,1635,0,0,0,1.0,1,1.0,1,1.0,1,0.15208324692999714,48
1190,3,2491,854,1637,0,0,0,1.0,1,1.0,1,1.0,1,0.15830199027233777,48
1191,1,2492,854,1638,0,0,0,1.0,1,1.0,1,1.0,1,0.15447298861091197,46
1192,1,2493,855,1638,0,0,0,1.0,1,1.0,1,1.0,1,0.16658184270082385,46
1193,3,2496,855,1641,0,0,0,1.0,1,1.0,1,1.0,1,0.1589678411388092,45
1194,0,2496,855,1641,0,0,0,1.0,1,1.0,1,1.0,1,0.1589678411388092,45
1195,2,2498,856,1642,0,0,0,1.0,1,1.0,1,1.0,1,0.18281197491264306,47
1196,4,2502,857,1645,0,0,0,1.0,1,1.0,1,1.0,1,0.1364768452862314,48
1197,2,2504,857,1647,0,0,0,1.0,1,1.0,1,1.0,1,0.10344345517767707,49
1198,1,2505,858,1647,0,0,0,1.0,1,1.0,1,1.0,1,0.11717924257955428,49
1199,2,2507,858,1649,0,0,0,1.0,1,1.0,1,1.0,1,0.10722358635488317,50
1200,1,2508,859,1649,0,0,0,1.0,1,1.0,1,1.0,1,0.12410385601247984,50
1201,0,2508,859,1649,0,0,0,1.0,1,1.0,1,1.0,1,0.12410385601247984,50
1202,1,2509,860,1649,0,0,0,1.0,1,1.0,1,1.0,1,0.12180649839770812,51
1203,0,2509,860,1649,0,0,0,1.0,1,1.0,1,1.0,1,0.10977788693740713,52
1204,0,2509,860,1649,0,0,0,1.0,1,1.0,1,1.0,1,0.10977788693740713,52
1205,1,2510,861,1649,0,0,0,1.0,1,1.0,1,1.0,1,0.12786290441052753,53
1206,0,2510,861,1649,0,0,0,1.0,1,1.0,1,1.0,1,0.12786290441052753,53
1207,3,2513,861,1652,0,0,0,1.0,1,1.0,1,1.0,1,0.11113818452806341,55
1208,3,2516,861,1655,0,0,0,1.0,1,1.0,1,1.0,1,0.10647647458277554,56
1209,1,2517,861,1656,0,0,0,1.0,1,1.0,1,1.0,1,0.10420989914841582,55
1210,0,2517,861,1656,0,0,0,1.0,1,1.0,1,1.0,1,0.10420989914841582,55
1211,0,2517,861,1656,0,0,0,1.0,1,1.0,1,1.0,1,0.0895293606341428,57
1212,1,2518,862,1656,0,0,0,1.0,1,1.0,1,1.0,1,0.09535411307949765,57
1213,2,2520,862,1658,0,0,0,1.0,1,1.0,1,1.0,1,0.073482028227327,57
1214,4,2524,865,1659,0,0,0,1.0,1,1.0,1,1.0,1,0.15080383119606558,57
1215,2,2526,865,1661,0,0,0,1.0,1,1.0,1,1.0,1,0.13428738164054116,59
1216,5,2531,865,1666,0,0,0,1.0,1,1.0,1,1.0,1,0.11295208687648853,61
1217,1,2532,866,1666,0,0,0,1.0,1,1.0,1,1.0,1,0.14707734949543563,61
1218,3,2535,868,1667,0,0,0,1.0,1,1.0,1,1.0,1,0.15697475927328172,61
1219,1,2536,869,1667,0,0,0,1.0,1,1.0,1,1.0,1,0.15783660601018235,61
1220,2,2538,870,1668,0,0,0,1.0,1,1.0,1,1.0,1,0.16381618857408148,60
1221,5,2543,870,1673,0,0,0,1.0,1,1.0,1,1.0,1,0.11041800155182328,61
1222,2,2545,870,1675,0,0,0,1.0,1,1.0,1,1.0,1,0.10855992620031726,61
1223,4,2549,872,1677,0,0,0,1.0,1,1.0,1,1.0,1,0.10397150036843607,59
1224,2,2551,874,1677,0,0,0,1.0,1,1.0,1,1.0,1,0.1201821727064575,60
1225,5,2556,875,1681,0,0,0,1.0,1,1.0,1,1.0,1,0.11165358515293564,60
1226,5,2561,876,1685,0,0,0,1.0,1,1.0,1,1.0,1,0.09918713481880996,61
1227,2,2563,877,1686,0,0,0,1.0,1,1.0,1,1.0,1,0.0902637120524616,59
1228,6,2569,878,1691,0,0,0,1.0,1,1.0,1,1.0,1,0.09188927277736109,58
1229,2,2571,879,1692,0,0,0,1.0,1,1.0,1,1.0,1,0.09069441222548648,57
1230,2,2573,880,1693,0,0,0,1.0,1,1.0,1,1.0,1,0.09085017939758923,55
1231,2,2575,882,1693,0,0,0,1.0,1,1.0,1,1.0,1,0.09050903065708003,54
1232,3,2578,885,1693,0,0,0,1.0,1,1.0,1,1.0,1,0.12201673696608022,51
1233,3,2581,886,1695,0,0,0,1.0,1,1.0,1,1.0,1,0.10633132931485967,49
1234,4,2585,889,1696,0,0,0,1.0,1,1.0,1,1.0,1,0.14611542160346827,49
1235,2,2587,890,1697,0,0,0,1.0,1,1.0,1,1.0,1,0.17496659602496242,48
1236,4,2591,890,1701,0,0,0,1.0,1,1.0,1,1.0,1,0.17689075414878772,49
1237,5,2596,891,1705,0,0,0,1.0,1,1.0,1,1.0,1,0.1598707722852702,48
1238,2,2598,891,1707,0,0,0,1.0,1,1.0,1,1.0,1,0.12179835118968235,47
1239,0,2598,891,1707,0,0,0,1.0,1,1.0,1,1.0,1,0.12341698335130075,48
1240,1,2599,891,1708,0,0,0,1.0,1,1.0,1,1.0,1,0.11144706139689695,49
1241,3,2602,893,1709,0,0,0,1.0,1,1.0,1,1.0,1,0.10861693253037989,49
1242,0,2602,893,1709,0,0,0,1.0,1,1.0,1,1.0,1,0.11111653431367191,49
1243,1,2603,894,1709,0,0,0,1.0,1,1.0,1,1.0,1,0.11978593157136218,50
1244,0,2603,894,1709,0,0,0,1.0,1,1.0,1,1.0,1,0.14060078299662324,50
1245,7,2610,896,1714,0,0,0,1.0,1,1.0,1,1.0,1,0.10081249689468219,51
1246,3,2613,897,1716,0,0,0,1.0,1,1.0,1,1.0,1,0.15918315879740552,52
1247,1,2614,897,1717,0,0,0,1.0,1,1.0,1,1.0,1,0.15358079059109037,52
1248,2,2616,899,1717,0,0,0,1.0,1,1.0,1,1.0,1,0.21159105660698696,51
1249,4,2620,901,1719,0,0,0,1.0,1,1.0,1,1.0,1,0.17338473424531992,51
1250,2,2622,903,1719,0,0,0,1.0,1,1.0,1,1.0,1,0.17544986846923877,51
1251,1,2623,903,1720,0,0,0,1.0,1,1.0,1,1.0,1,0.15389248473579512,53
1252,3,2626,905,1721,0,0,0,1.0,1,1.0,1,1.0,1,0.1640502872713943,52
1253,7,2633,906,1727,0,0,0,1.0,1,1.0,1,1.0,1,0.14523089846985232,52
1254,4,2637,906,1731,0,0,0,1.0,1,1.0,1,1.0,1,0.14913119094184943,53
1255,4,2641,906,1735,0,0,0,1.0,1,1.0,1,1.0,1,0.1631325577833605,55
1256,5,2646,906,1740,0,0,0,1.0,1,1.0,1,1.0,1,0.15606995851398367,55
1257,3,2649,906,1743,0,0,0,1.0,1,1.0,1,1.0,1,0.12795471149838772,57
1258,2,2651,906,1745,0,0,0,1.0,1,1.0,1,1.0,1,0.1263280335468485,57
1259,3,2654,906,1748,0,0,0,1.0,1,1.0,1,1.0,1,0.11785384054250818,57
1260,2,2656,906,1750,0,0,0,1.0,1,1.0,1,1.0,1,0.12451857488154978,56
1261,3,2659,906,1753,0,0,0,1.0,1,1.0,1,1.0,1,0.07207675664917035,57
1262,1,2660,906,1754,0,0,0,1.0,1,1.0,1,1.0,1,0.06952952989311192,58
1263,1,2661,907,1754,0,0,0,1.0,1,1.0,1,1.0,1,0.062399573255040856,58
1264,2,2663,908,1755,0,0,0,1.0,1,1.0,1,1.0,1,0.08448346780530397,57
1265,5,2668,911,1757,0,0,0,1.0,1,1.0,1,1.0,1,0.10375569977650065,56
1266,2,2670,913,1757,0,0,0,1.0,1,1.0,1,1.0,1,0.14984357214312272,55
1267,4,2674,915,1759,0,0,0,1.0,1,1.0,1,1.0,1,0.13130658298084177,53
1268,4,2678,919,1759,0,0,0,1.0,1,1.0,1,1.0,1,0.1869394606521378,52
1269,4,2682,920,1762,0,0,0,1.0,1,1.0,1,1.0,1,0.09980813219054349,51
1270,1,2683,920,1763,0,0,0,1.0,1,1.0,1,1.0,1,0.11566506354031371,47
1271,1,2684,921,1763,0,0,0,1.0,1,1.0,1,1.0,1,0.11543521937026674,46
1272,0,2684,921,1763,0,0,0,1.0,1,1.0,1,1.0,1,0.13840039176920452,43
1273,3,2687,923,1764,0,0,0,1.0,1,1.0,1,1.0,1,0.14611645145065275,44
1274,3,2690,925,1765,0,0,0,1.0,1,1.0,1,1.0,1,0.132571372177073,44
1275,4,2694,926,1768,0,0,0,1.0,1,1.0,1,1.0,1,0.10363104330110959,45
1276,2,2696,927,1769,0,0,0,1.0,1,1.0,1,1.0,1,0.13253501631319176,43
1277,2,2698,928,1770,0,0,0,1.0,1,1.0,1,1.0,1,0.12962669564655896,44
1278,2,2700,929,1771,0,0,0,1.0,1,1.0,1,1.0,1,0.13931944506917746,45
1279,2,2702,929,1773,0,0,0,1.0,1,1.0,1,1.0,1,0.11738137342005893,47
1280,1,2703,930,1773,0,0,0,1.0,1,1.0,1,1.0,1,0.1492425083201518,47
1281,4,2707,931,1776,0,0,0,1.0,1,1.0,1,1.0,1,0.142482953052067,47
1282,1,2708,932,1776,0,0,0,1.0,1,1.0,1,1.0,1,0.16004365544857735,46
1283,5,2713,933,1780,0,0,0,1.0,1,1.0,1,1.0,1,0.13277565672886776,46
1284,1,2714,933,1781,0,0,0,1.0,1,1.0,1,1.0,1,0.1352978988567388,46
1285,3,2717,933,1784,0,0,0,1.0,1,1.0,1,1.0,1,0.12185642847417183,46
1286,0,2717,933,1784,0,0,0,1.0,1,1.0,1,1.0,1,0.12544000422706436,45
1287,3,2720,934,1786,0,0,0,1.0,1,1.0,1,1.0,1,0.16647506989441432,49
1288,2,2722,934,1788,0,0,0,1.0,1,1.0,1,1.0,1,0.13765794768535633,49
1289,1,2723,934,1789,0,0,0,1.0,1,1.0,1,1.0,1,0.11259277339060163,52
1290,2,2725,935,1790,0,0,0,1.0,1,1.0,1,1.0,1,0.10258254743813233,52
1291,0,2725,935,1790,0,0,0,1.0,1,1.0,1,1.0,1,0.10258254743813233,52
1292,4,2729,936,1793,0,0,0,1.0,1,1.0,1,1.0,1,0.11053874574570373,53
1293,0,2729,936,1793,0,0,0,1.0,1,1.0,1,1.0,1,0.11053874574570373,53
1294,1,2730,937,1793,0,0,0,1.0,1,1.0,1,1.0,1,0.10228150743030187,53
1295,2,2732,937,1795,0,0,0,1.0,1,1.0,1,1.0,1,0.07947280832483992,54
1296,1,2733,937,1796,0,0,0,1.0,1,1.0,1,1.0,1,0.07210735994738168,55
1297,0,2733,937,1796,0,0,0,1.0,1,1.0,1,1.0,1,0.08222584984575129,54
1298,2,2735,937,1798,0,0,0,1.0,1,1.0,1,1.0,1,0.07234336771462879,55
1299,0,2735,937,1798,0,0,0,1.0,1,1.0,1,1.0,1,0.09033469626236239,54
1300,1,2736,938,1798,0,0,0,1.0,1,1.0,1,1.0,1,0.12605168149250476,55
1301,4,2740,940,1800,0,0,0,1.0,1,1.0,1,1.0,1,0.13140940787008612,54
1302,2,2742,941,1801,0,0,0,1.0,1,1.0,1,1.0,1,0.11587656723015963,54
1303,2,2744,943,1801,0,0,0,1.0,1,1.0,1,1.0,1,0.1710762035227161,50
1304,2,2746,945,1801,0,0,0,1.0,1,1.0,1,1.0,1,0.145675653123234,51
1305,5,2751,947,1804,0,0,0,1.0,1,1.0,1,1.0,1,0.12449133493289495,48
1306,4,2755,950,1805,0,0,0,1.0,1,1.0,1,1.0,1,0.17703605809275713,48
1307,3,2758,951,1807,0,0,0,1.0,1,1.0,1,1.0,1,0.11232682871767599,48
1308,1,2759,952,1807,0,0,0,1.0,1,1.0,1,1.0,1,0.12945029232732777,46
1309,3,2762,953,1809,0,0,0,1.0,1,1.0,1,1.0,1,0.12907956830818498,47
1310,0,2762,953,1809,0,0,0,1.0,1,1.0,1,1.0,1,0.10533671847892777,46
1311,2,2764,955,1809,0,0,0,1.0,1,1.0,1,1.0,1,0.17184890407644707,46
1312,3,2767,957,1810,0,0,0,1.0,1,1.0,1,1.0,1,0.18264794568689466,45
1313,4,2771,957,1814,0,0,0,1.0,1,1.0,1,1.0,1,0.15026837477770122,44
1314,2,2773,958,1815,0,0,0,1.0,1,1.0,1,1.0,1,0.15099225626644291,42
1315,1,2774,959,1815,0,0,0,1.0,1,1.0,1,1.0,1,0.205747766409778,40
1316,2,2776,959,1817,0,0,0,1.0,1,1.0,1,1.0,1,0.1444243717385807,42
1317,3,2779,960,1819,0,0,0,1.0,1,1.0,1,1.0,1,0.1586645670959366,42
1318,0,2779,960,1819,0,0,0,1.0,1,1.0,1,1.0,1,0.1586645670959366,42
1319,1,2780,961,1819,0,0,0,1.0,1,1.0,1,1.0,1,0.2035695922395115,42
1320,1,2781,961,1820,0,0,0,1.0,1,1.0,1,1.0,1,0.1990609915439135,42
1321,5,2786,961,1825,0,0,0,1.0,1,1.0,1,1.0,1,0.1282501870280489,45
1322,1,2787,961,1826,0,0,0,1.0,1,1.0,1,1.0,1,0.12363881624660092,45
1323,2,2789,962,1827,0,0,0,1.0,1,1.0,1,1.0,1,0.1292364794369204,46
1324,1,2790,962,1828,0,0,0,1.0,1,1.0,1,1.0,1,0.1451527220918125,45
1325,1,2791,963,1828,0,0,0,1.0,1,1.0,1,1.0,1,0.14090617785061363,46
1326,0,2791,963,1828,0,0,0,1.0,1,1.0,1,1.0,1,0.1624367107505025,45
1327,1,2792,963,1829,0,0,0,1.0,1,1.0,1,1.0,1,0.18079629722234183,46
1328,1,2793,963,1830,0,0,0,1.0,1,1.0,1,1.0,1,0.16371965262994667,47
1329,3,2796,964,1832,0,0,0,1.0,1,1.0,1,1.0,1,0.12602938940533842,47
1330,2,2798,964,1834,0,0,0,1.0,1,1.0,1,1.0,1,0.14629050121164786,46
1331,1,2799,964,1835,0,0,0,1.0,1,1.0,1,1.0,1,0.140876307093824,46
1332,3,2802,965,1837,0,0,0,1.0,1,1.0,1,1.0,1,0.18613849279692693,49
1333,3,2805,965,1840,0,0,0,1.0,1,1.0,1,1.0,1,0.1751274356529406,50
1334,2,2807,967,1840,0,0,0,1.0,1,1.0,1,1.0,1,0.2112069621239305,50
1335,4,2811,967,1844,0,0,0,1.0,1,1.0,1,1.0,1,0.19961648709256558,52
1336,1,2812,967,1845,0,0,0,1.0,1,1.0,1,1.0,1,0.1725780651580204,53
1337,5,2817,968,1849,0,0,0,1.0,1,1.0,1,1.0,1,0.17274541894803128,54
1338,0,2817,968,1849,0,0,0,1.0,1,1.0,1,1.0,1,0.17274541894803128,54
1339,1,2818,969,1849,0,0,0,1.0,1,1.0,1,1.0,1,0.19477263564804195,54
1340,0,2818,969,1849,0,0,0,1.0,1,1.0,1,1.0,1,0.17910166853188111,53
1341,1,2819,969,1850,0,0,0,1.0,1,1.0,1,1.0,1,0.1665293870366722,53
1342,2,2821,971,1850,0,0,0,1.0,1,1.0,1,1.0,1,0.20088890670011528,52
1343,0,2821,971,1850,0,0,0,1.0,1,1.0,1,1.0,1,0.1815068821540911,50
1344,1,2822,972,1850,0,0,0,1.0,1,1.0,1,1.0,1,0.20166855829606625,51
1345,1,2823,972,1851,0,0,0,1.0,1,1.0,1,1.0,1,0.18041500054595266,50
1346,7,2830,976,1854,0,0,0,1.0,1,1.0,1,1.0,1,0.1674556662862352,50
1347,1,2831,976,1855,0,0,0,1.0,1,1.0,1,1.0,1,0.17844629959533423,48
1348,7,2838,977,1861,0,0,0,1.0,1,1.0,1,1.0,1,0.11289232236659792,49
1349,2,2840,978,1862,0,0,0,1.0,1,1.0,1,1.0,1,0.07978424040863401,48
1350,0,2840,978,1862,0,0,0,1.0,1,1.0,1,1.0,1,0.09359989145739132,49
1351,1,2841,978,1863,0,0,0,1.0,1,1.0,1,1.0,1,0.061261596017446865,48
1352,2,2843,980,1863,0,0,0,1.0,1,1.0,1,1.0,1,0.07236028106658036,49
1353,1,2844,980,1864,0,0,0,1.0,1,1.0,1,1.0,1,0.061375902249091015,49
1354,3,2847,980,1867,0,0,0,1.0,1,1.0,1,1.0,1,0.04730152629082169,49
1355,3,2850,981,1869,0,0,0,1.0,1,1.0,1,1.0,1,0.08633384937464185,50
1356,5,2855,983,1872,0,0,0,1.0,1,1.0,1,1.0,1,0.09277904832690792,50
1357,1,2856,984,1872,0,0,0,1.0,1,1.0,1,1.0,1,0.11819803393009147,50
1358,2,2858,985,1873,0,0,0,1.0,1,1.0,1,1.0,1,0.1448794236285741,51
1359,5,2863,986,1877,0,0,0,1.0,1,1.0,1,1.0,1,0.12227248654805357,53
1360,4,2867,986,1881,0,0,0,1.0,1,1.0,1,1.0,1,0.10350701990637827,54
1361,1,2868,986,1882,0,0,0,1.0,1,1.0,1,1.0,1,0.09341722273107175,54
1362,1,2869,987,1882,0,0,0,1.0,1,1.0,1,1.0,1,0.08563650478087323,55
1363,0,2869,987,1882,0,0,0,1.0,1,1.0,1,1.0,1,0.08563650478087323,55
1364,2,2871,987,1884,0,0,0,1.0,1,1.0,1,1.0,1,0.08657680460974577,55
1365,4,2875,989,1886,0,0,0,1.0,1,1.0,1,1.0,1,0.10852077483173896,56
1366,2,2877,990,1887,0,0,0,1.0,1,1.0,1,1.0,1,0.1374103441745406,56
1367,3,2880,990,1890,0,0,0,1.0,1,1.0,1,1.0,1,0.10861029159253996,56
1368,2,2882,990,1892,0,0,0,1.0,1,1.0,1,1.0,1,0.11538718031258781,58
1369,3,2885,990,1895,0,0,0,1.0,1,1.0,1,1.0,1,0.08868638040153783,59
1370,2,2887,992,1895,0,0,0,1.0,1,1.0,1,1.0,1,0.09014146759543123,59
1371,2,2889,992,1897,0,0,0,1.0,1,1.0,1,1.0,1,0.06633017371197023,59
1372,1,2890,992,1898,0,0,0,1.0,1,1.0,1,1.0,1,0.06382886119446432,59
1373,0,2890,992,1898,0,0,0,1.0,1,1.0,1,1.0,1,0.06382886119446432,59
1374,2,2892,994,1898,0,0,0,1.0,1,1.0,1,1.0,1,0.10358045731460741,60
1375,2,2894,994,1900,0,0,0,1.0,1,1.0,1,1.0,1,0.08983477239612779,61
1376,1,2895,994,1901,0,0,0,1.0,1,1.0,1,1.0,1,0.11355449987588237,61
1377,3,2898,996,1902,0,0,0,1.0,1,1.0,1,1.0,1,0.11501944505432479,61
1378,2,2900,997,1903,0,0,0,1.0,1,1.0,1,1.0,1,0.15500495814267773,61
1379,2,2902,998,1904,0,0,0,1.0,1,1.0,1,1.0,1,0.1344777852738288,60
1380,4,2906,1000,1906,0,0,0,1.0,1,1.0,1,1.0,1,0.14572945312821498,60
1381,1,2907,1000,1907,0,0,0,1.0,1,1.0,1,1.0,1,0.12832108926727795,58
1382,3,2910,1002,1908,0,0,0,1.0,1,1.0,1,1.0,1,0.16076911198968477,58
1383,4,2914,1005,1909,0,0,0,1.0,1,1.0,1,1.0,1,0.13069516226769498,57
1384,5,2919,1009,1910,0,0,0,1.0,1,1.0,1,1.0,1,0.14106154955564898,54
1385,6,2925,1010,1915,0,0,0,1.0,1,1.0,1,1.0,1,0.12085693062404362,52
1386,2,2927,1010,1917,0,0,0,1.0,1,1.0,1,1.0,1,0.10943396700433997,51
1387,1,2928,1010,1918,0,0,0,1.0,1,1.0,1,1.0,1,0.1269441699981848,51
1388,2,2930,1012,1918,0,0,0,1.0,1,1.0,1,1.0,1,0.12007321591984185,52
1389,4,2934,1012,1922,0,0,0,1.0,1,1.0,1,1.0,1,0.1063381811442885,50
1390,3,2937,1013,1924,0,0,0,1.0,1,1.0,1,1.0,1,0.09270307507004122,51
1391,2,2939,1013,1926,0,0,0,1.0,1,1.0,1,1.0,1,0.12486816497844928,50
1392,2,2941,1014,1927,0,0,0,1.0,1,1.0,1,1.0,1,0.11984095657001811,50
1393,2,2943,1014,1929,0,0,0,1.0,1,1.0,1,1.0,1,0.09383254557777675,49
1394,2,2945,1015,1930,0,0,0,1.0,1,1.0,1,1.0,1,0.10727299468864242,50
1395,1,2946,1015,1931,0,0,0,1.0,1,1.0,1,1.0,1,0.11140996810272309,51
1396,2,2948,1015,1933,0,0,0,1.0,1,1.0,1,1.0,1,0.1121467030254241,52
1397,2,2950,1016,1934,0,0,0,1.0,1,1.0,1,1.0,1,0.12307898330090089,52
1398,2,2952,1017,1935,0,0,0,1.0,1,1.0,1,1.0,1,0.09717443953903832,53
1399,3,2955,1019,1936,0,0,0,1.0,1,1.0,1,1.0,1,0.14013630817699183,54
1400,1,2956,1019,1937,0,0,0,1.0,1,1.0,1,1.0,1,0.12866574444772866,54
1401,1,2957,1019,1938,0,0,0,1.0,1,1.0,1,1.0,1,0.11760731328188746,54
1402,4,2961,1022,1939,0,0,0,1.0,1,1.0,1,1.0,1,0.15883908003055222,53
1403,2,2963,1022,1941,0,0,0,1.0,1,1.0,1,1.0,1,0.15768575440589655,52
1404,0,2963,1022,1941,0,0,0,1.0,1,1.0,1,1.0,1,0.16665500098990077,53
1405,1,2964,1022,1942,0,0,0,1.0,1,1.0,1,1.0,1,0.17127160769376568,52
1406,0,2964,1022,1942,0,0,0,1.0,1,1.0,1,1.0,1,0.16290832167196911,53
1407,2,2966,1023,1943,0,0,0,1.0,1,1.0,1,1.0,1,0.17654707997555072,54
1408,0,2966,1023,1943,0,0,0,1.0,1,1.0,1,1.0,1,0.19283243793941,53
1409,1,2967,1023,1944,0,0,0,1.0,1,1.0,1,1.0,1,0.1864781241604811,55
1410,0,2967,1023,1944,0,0,0,1.0,1,1.0,1,1.0,1,0.1901488661810411,54
1411,1,2968,1023,1945,0,0,0,1.0,1,1.0,1,1.0,1,0.17708151169899178,54
1412,0,2968,1023,1945,0,0,0,1.0,1,1.0,1,1.0,1,0.18237713656965188,53
1413,4,2972,1023,1949,0,0,0,1.0,1,1.0,1,1.0,1,0.15464596772731998,54
1414,2,2974,1023,1951,0,0,0,1.0,1,1.0,1,1.0,1,0.14732320627754333,55
1415,2,2976,1023,1953,0,0,0,1.0,1,1.0,1,1.0,1,0.1119110211781967,57
1416,5,2981,1024,1957,0,0,0,1.0,1,1.0,1,1.0,1,0.14418337172938575,59
1417,6,2987,1027,1960,0,0,0,1.0,1,1.0,1,1.0,1,0.16213113976145643,58
1418,2,2989,1028,1961,0,0,0,1.0,1,1.0,1,1.0,1,0.17831870509715747,57
1419,1,2990,1029,1961,0,0,0,1.0,1,1.0,1,1.0,1,0.20521723197444006,56
1420,2,2992,1029,1963,0,0,0,1.0,1,1.0,1,1.0,1,0.21533072279475168,54
1421,4,2996,1029,1967,0,0,0,1.0,1,1.0,1,1.0,1,0.1547200892925945,55
1422,3,2999,1029,1970,0,0,0,1.0,1,1.0,1,1.0,1,0.1396394531287085,52
1423,4,3003,1030,1973,0,0,0,1.0,1,1.0,1,1.0,1,0.14811938492097287,52
1424,3,3006,1033,1973,0,0,0,1.0,1,1.0,1,1.0,1,0.14693432872948253,51
1425,4,3010,1033,1977,0,0,0,1.0,1,1.0,1,1.0,1,0.12399863964851777,50
1426,5,3015,1034,1981,0,0,0,1.0,1,1.0,1,1.0,1,0.1194940658277393,50
1427,2,3017,1034,1983,0,0,0,1.0,1,1.0,1,1.0,1,0.14661153975099903,48
1428,5,3022,1037,1985,0,0,0,1.0,1,1.0,1,1.0,1,0.1847302452041258,48
1429,4,3026,1037,1989,0,0,0,1.0,1,1.0,1,1.0,1,0.14937884506400143,48
1430,2,3028,1037,1991,0,0,0,1.0,1,1.0,1,1.0,1,0.11993916700303871,48
1431,0,3028,1037,1991,0,0,0,1.0,1,1.0,1,1.0,1,0.11993916700303871,48
1432,3,3031,1037,1994,0,0,0,1.0,1,1.0,1,1.0,1,0.09565171056737447,50
1433,1,3032,1037,1995,0,0,0,1.0,1,1.0,1,1.0,1,0.07953264995981252,51
1434,4,3036,1040,1996,0,0,0,1.0,1,1.0,1,1.0,1,0.10342998090488624,51
1435,2,3038,1041,1997,0,0,0,1.0,1,1.0,1,1.0,1,0.1280166913509631,50
1436,1,3039,1042,1997,0,0,0,1.0,1,1.0,1,1.0,1,0.10634579464119581,51
1437,0,3039,1042,1997,0,0,0,1.0,1,1.0,1,1.0,1,0.10634579464119581,51
1438,3,3042,1044,1998,0,0,0,1.0,1,1.0,1,1.0,1,0.1298191440589368,51
1439,8,3050,1048,2002,0,0,0,1.0,1,1.0,1,1.0,1,0.16787716968696456,50
1440,6,3056,1049,2007,0,0,0,1.0,1,1.0,1,1.0,1,0.17148821823675453,51
1441,3,3059,1049,2010,0,0,0,1.0,1,1.0,1,1.0,1,0.13854484954928115,51
1442,3,3062,1050,2012,0,0,0,1.0,1,1.0,1,1.0,1,0.12093610200672789,52
1443,2,3064,1050,2014,0,0,0,1.0,1,1.0,1,1.0,1,0.1250863251921538,53
1444,3,3067,1051,2016,0,0,0,1.0,1,1.0,1,1.0,1,0.12401862672548745,54
1445,2,3069,1051,2018,0,0,0,1.0,1,1.0,1,1.0,1,0.0792951286265903,54
1446,1,3070,1051,2019,0,0,0,1.0,1,1.0,1,1.0,1,0.09960138228941717,54
1447,0,3070,1051,2019,0,0,0,1.0,1,1.0,1,1.0,1,0.08869017278702022,55
1448,0,3070,1051,2019,0,0,0,1.0,1,1.0,1,1.0,1,0.08869017278702022,55
1449,0,3070,1051,2019,0,0,0,1.0,1,1.0,1,1.0,1,0.08869017278702022,55
1450,2,3072,1051,2021,0,0,0,1.0,1,1.0,1,1.0,1,0.08112789145754666,57
1451,0,3072,1051,2021,0,0,0,1.0,1,1.0,1,1.0,1,0.08112789145754666,57
1452,0,3072,1051,2021,0,0,0,1.0,1,1.0,1,1.0,1,0.08112789145754666,57
1453,2,3074,1053,2021,0,0,0,1.0,1,1.0,1,1.0,1,0.1348334225027316,57
1454,4,3078,1053,2025,0,0,0,1.0,1,1.0,1,1.0,1,0.10833062968613762,58
1455,0,3078,1053,2025,0,0,0,1.0,1,1.0,1,1.0,1,0.11860989546812818,56
1456,2,3080,1054,2026,0,0,0,1.0,1,1.0,1,1.0,1,0.14889721338773187,55
1457,5,3085,1054,2031,0,0,0,1.0,1,1.0,1,1.0,1,0.08086374442428618,54
1458,1,3086,1055,2031,0,0,0,1.0,1,1.0,1,1.0,1,0.10908919364344297,53
1459,1,3087,1055,2032,0,0,0,1.0,1,1.0,1,1.0,1,0.08781610830086674,52
1460,1,3088,1055,2033,0,0,0,1.0,1,1.0,1,1.0,1,0.07483989491136128,51
1461,1,3089,1056,2033,0,0,0,1.0,1,1.0,1,1.0,1,0.09459549589100946,51
1462,3,3092,1059,2033,0,0,0,1.0,1,1.0,1,1.0,1,0.09998047980054926,51
1463,5,3097,1063,2034,0,0,0,1.0,1,1.0,1,1.0,1,0.14066912826808733,52
1464,4,3101,1066,2035,0,0,0,1.0,1,1.0,1,1.0,1,0.20025681397354217,52
1465,8,3109,1067,2042,0,0,0,1.0,1,1.0,1,1.0,1,0.14843344759850438,51
1466,3,3112,1068,2044,0,0,0,1.0,1,1.0,1,1.0,1,0.1471228785958426,50
1467,3,3115,1069,2046,0,0,0,1.0,1,1.0,1,1.0,1,0.17054956899258955,48
1468,3,3118,1071,2047,0,0,0,1.0,1,1.0,1,1.0,1,0.15216626736019268,48
1469,11,3129,1074,2055,0,0,0,1.0,1,1.0,1,1.0,1,0.15870259846570636,48
1470,7,3136,1075,2061,0,0,0,1.0,1,1.0,1,1.0,1,0.104070895376621,48
1471,3,3139,1077,2062,0,0,0,1.0,1,1.0,1,1.0,1,0.14152526614777863,45
1472,5,3144,1077,2067,0,0,0,1.0,1,1.0,1,1.0,1,0.1070537032348158,45
1473,2,3146,1077,2069,0,0,0,1.0,1,1.0,1,1.0,1,0.07485471389273975,46
1474,0,3146,1077,2069,0,0,0,1.0,1,1.0,1,1.0,1,0.09270972033975287,46
1475,0,3146,1077,2069,0,0,0,1.0,1,1.0,1,1.0,1,0.09270972033975287,46
1476,0,3146,1077,2069,0,0,0,1.0,1,1.0,1,1.0,1,0.10414476687766461,47
1477,2,3148,1079,2069,0,0,0,1.0,1,1.0,1,1.0,1,0.12881957362977195,47
1478,1,3149,1079,2070,0,0,0,1.0,1,1.0,1,1.0,1,0.14382920275191607,47
1479,0,3149,1079,2070,0,0,0,1.0,1,1.0,1,1.0,1,0.14425524388007155,48
1480,1,3150,1080,2070,0,0,0,1.0,1,1.0,1,1.0,1,0.17849944050045888,47
1481,6,3156,1081,2075,0,0,0,1.0,1,1.0,1,1.0,1,0.1365631312265398,47
1482,2,3158,1083,2075,0,0,0,1.0,1,1.0,1,1.0,1,0.16749697546816616,46
1483,3,3161,1084,2077,0,0,0,1.0,1,1.0,1,1.0,1,0.1494566501784195,47
1484,3,3164,1084,2080,0,0,0,1.0,1,1.0,1,1.0,1,0.14129056225220843,47
1485,3,3167,1084,2083,0,0,0,1.0,1,1.0,1,1.0,1,0.16056375253745322,47
1486,1,3168,1084,2084,0,0,0,1.0,1,1.0,1,1.0,1,0.15244098369431194,49
1487,1,3169,1085,2084,0,0,0,1.0,1,1.0,1,1.0,1,0.15230626475497466,49
1488,3,3172,1086,2086,0,0,0,1.0,1,1.0,1,1.0,1,0.1335064993113929,51
1489,3,3175,1087,2088,0,0,0,1.0,1,1.0,1,1.0,1,0.1479181692626661,52
1490,1,3176,1087,2089,0,0,0,1.0,1,1.0,1,1.0,1,0.13951869992789007,52
1491,8,3184,1090,2094,0,0,0,1.0,1,1.0,1,1.0,1,0.14811130184338125,53
1492,6,3190,1093,2097,0,0,0,1.0,1,1.0,1,1.0,1,0.16014355581471212,53
1493,3,3193,1093,2100,0,0,0,1.0,1,1.0,1,1.0,1,0.09219161704819102,52
1494,2,3195,1095,2100,0,0,0,1.0,1,1.0,1,1.0,1,0.1126881273322295,50
1495,1,3196,1096,2100,0,0,0,1.0,1,1.0,1,1.0,1,0.13673159610185306,50
1496,3,3199,1097,2102,0,0,0,1.0,1,1.0,1,1.0,1,0.13331790129469442,52
1497,2,3201,1098,2103,0,0,0,1.0,1,1.0,1,1.0,1,0.14178819578804389,51
1498,2,3203,1099,2104,0,0,0,1.0,1,1.0,1,1.0,1,0.1271159107512941,50
1499,1,3204,1099,2105,0,0,0,1.0,1,1.0,1,1.0,1,0.1337840750166609,50
1500,0,3204,1099,2105,0,0,0,1.0,1,1.0,1,1.0,1,0.1435025654277339,49
1501,6,3210,1100,2110,0,0,0,1.0,1,1.0,1,1.0,1,0.11033566679633405,47
1502,4,3214,1103,2111,0,0,0,1.0,1,1.0,1,1.0,1,0.1493270783669883,47
1503,0,3214,1103,2111,0,0,0,1.0,1,1.0,1,1.0,1,0.13326805947133108,47
1504,2,3216,1104,2112,0,0,0,1.0,1,1.0,1,1.0,1,0.13187447226102164,48
1505,5,3221,1106,2115,0,0,0,1.0,1,1.0,1,1.0,1,0.1039221977245584,47
1506,1,3222,1107,2115,0,0,0,1.0,1,1.0,1,1.0,1,0.10990717536699635,47
1507,1,3223,1108,2115,0,0,0,1.0,1,1.0,1,1.0,1,0.1274573901143984,45
1508,3,3226,1110,2116,0,0,0,1.0,1,1.0,1,1.0,1,0.13572054636576542,45
1509,4,3230,1112,2118,0,0,0,1.0,1,1.0,1,1.0,1,0.11962124265297631,44
1510,1,3231,1113,2118,0,0,0,1.0,1,1.0,1,1.0,1,0.1533075994112413,42
1511,1,3232,1114,2118,0,0,0,1.0,1,1.0,1,1.0,1,0.17085191588547471,40
1512,6,3238,1118,2120,0,0,0,1.0,1,1.0,1,1.0,1,0.21511997431472873,39
1513,6,3244,1119,2125,0,0,0,1.0,1,1.0,1,1.0,1,0.13475655977841883,39
1514,1,3245,1119,2126,0,0,0,1.0,1,1.0,1,1.0,1,0.14936393178968285,38
1515,2,3247,1119,2128,0,0,0,1.0,1,1.0,1,1.0,1,0.17119476807800754,39
1516,1,3248,1119,2129,0,0,0,1.0,1,1.0,1,1.0,1,0.14048821221164612,39
1517,2,3250,1120,2130,0,0,0,1.0,1,1.0,1,1.0,1,0.13631721475535605,39
1518,0,3250,1120,2130,0,0,0,1.0,1,1.0,1,1.0,1,0.13631721475535605,39
1519,2,3252,1120,2132,0,0,0,1.0,1,1.0,1,1.0,1,0.10714283691042488,39
1520,3,3255,1122,2133,0,0,0,1.0,1,1.0,1,1.0,1,0.16212586108104668,39
1521,2,3257,1124,2133,0,0,0,1.0,1,1.0,1,1.0,1,0.20847527037713112,40
1522,1,3258,1125,2133,0,0,0,1.0,1,1.0,1,1.0,1,0.2373491365115647,40
1523,2,3260,1125,2135,0,0,0,1.0,1,1.0,1,1.0,1,0.18629811944959554,41
1524,1,3261,1126,2135,0,0,0,1.0,1,1.0,1,1.0,1,0.2182244269186548,42
1525,3,3264,1126,2138,0,0,0,1.0,1,1.0,1,1.0,1,0.17250952919327742,45
1526,2,3266,1126,2140,0,0,0,1.0,1,1.0,1,1.0,1,0.13328928536327123,46
1527,1,3267,1126,2141,0,0,0,1.0,1,1.0,1,1.0,1,0.12661287071836924,46
1528,2,3269,1126,2143,0,0,0,1.0,1,1.0,1,1.0,1,0.10827808331451305,47
1529,1,3270,1126,2144,0,0,0,1.0,1,1.0,1,1.0,1,0.08673498877315723,47
1530,0,3270,1126,2144,0,0,0,1.0,1,1.0,1,1.0,1,0.10146815097456416,48
1531,0,3270,1126,2144,0,0,0,1.0,1,1.0,1,1.0,1,0.13007529382489652,46
1532,1,3271,1126,2145,0,0,0,1.0,1,1.0,1,1.0,1,0.10448540954690176,47
1533,1,3272,1126,2146,0,0,0,1.0,1,1.0,1,1.0,1,0.08156745552650788,46
1534,0,3272,1126,2146,0,0,0,1.0,1,1.0,1,1.0,1,0.07340650812001488,47
1535,1,3273,1127,2146,0,0,0,1.0,1,1.0,1,1.0,1,0.07570983378488166,47
1536,0,3273,1127,2146,0,0,0,1.0,1,1.0,1,1.0,1,0.08181061413413142,48
1537,0,3273,1127,2146,0,0,0,1.0,1,1.0,1,1.0,1,0.06797763178936485,46
1538,0,3273,1127,2146,0,0,0,1.0,1,1.0,1,1.0,1,0.07570776024186679,47
1539,2,3275,1128,2147,0,0,0,1.0,1,1.0,1,1.0,1,0.07795372700089996,47
1540,1,3276,1129,2147,0,0,0,1.0,1,1.0,1,1.0,1,0.10563200382999785,47
1541,2,3278,1129,2149,0,0,0,1.0,1,1.0,1,1.0,1,0.057380141617993936,47
1542,3,3281,1131,2150,0,0,0,1.0,1,1.0,1,1.0,1,0.11136677383823901,50
1543,6,3287,1134,2153,0,0,0,1.0,1,1.0,1,1.0,1,0.08577222520530019,47
1544,5,3292,1137,2155,0,0,0,1.0,1,1.0,1,1.0,1,0.17616392643196477,48
1545,5,3297,1139,2158,0,0,0,1.0,1,1.0,1,1.0,1,0.10875439124403684,47
1546,2,3299,1141,2158,0,0,0,1.0,1,1.0,1,1.0,1,0.11509621639546491,47
1547,2,3301,1142,2159,0,0,0,1.0,1,1.0,1,1.0,1,0.09594091463103384,47
1548,1,3302,1143,2159,0,0,0,1.0,1,1.0,1,1.0,1,0.11416647870409169,47
1549,6,3308,1147,2161,0,0,0,1.0,1,1.0,1,1.0,1,0.09487693141246885,46
1550,2,3310,1149,2161,0,0,0,1.0,1,1.0,1,1.0,1,0.13102919799652052,44
1551,6,3316,1152,2164,0,0,0,1.0,1,1.0,1,1.0,1,0.12804151720206217,45
1552,5,3321,1154,2167,0,0,0,1.0,1,1.0,1,1.0,1,0.12655330338757462,43
1553,4,3325,1156,2169,0,0,0,1.0,1,1.0,1,1.0,1,0.09761809779321455,43
1554,0,3325,1156,2169,0,0,0,1.0,1,1.0,1,1.0,1,0.12194315723492394,41
1555,1,3326,1156,2170,0,0,0,1.0,1,1.0,1,1.0,1,0.13837399411457435,44
1556,2,3328,1157,2171,0,0,0,1.0,1,1.0,1,1.0,1,0.13274162632557912,45
1557,5,3333,1158,2175,0,0,0,1.0,1,1.0,1,1.0,1,0.08684740682793499,45
1558,1,3334,1158,2176,0,0,0,1.0,1,1.0,1,1.0,1,0.10210353869510533,46
1559,4,3338,1160,2178,0,0,0,1.0,1,1.0,1,1.0,1,0.11663475403257739,47
1560,1,3339,1161,2178,0,0,0,1.0,1,1.0,1,1.0,1,0.11160061029579572,46
1561,2,3341,1161,2180,0,0,0,1.0,1,1.0,1,1.0,1,0.06947462241554704,47
1562,1,3342,1161,2181,0,0,0,1.0,1,1.0,1,1.0,1,0.08811852593380388,47
1563,0,3342,1161,2181,0,0,0,1.0,1,1.0,1,1.0,1,0.08811852593380388,47
1564,0,3342,1161,2181,0,0,0,1.0,1,1.0,1,1.0,1,0.08811852593380388,47
1565,0,3342,1161,2181,0,0,0,1.0,1,1.0,1,1.0,1,0.09845822535158813,48
1566,1,3343,1162,2181,0,0,0,1.0,1,1.0,1,1.0,1,0.09763222265588199,48
1567,1,3344,1162,2182,0,0,0,1.0,1,1.0,1,1.0,1,0.11464764599938658,48
1568,4,3348,1164,2184,0,0,0,1.0,1,1.0,1,1.0,1,0.13712203206904136,48
1569,3,3351,1165,2186,0,0,0,1.0,1,1.0,1,1.0,1,0.13884923673997127,45
1570,1,3352,1166,2186,0,0,0,1.0,1,1.0,1,1.0,1,0.13671410430422493,44
1571,1,3353,1167,2186,0,0,0,1.0,1,1.0,1,1.0,1,0.12840495786161635,42
1572,1,3354,1168,2186,0,0,0,1.0,1,1.0,1,1.0,1,0.1411235776873796,43
1573,2,3356,1168,2188,0,0,0,1.0,1,1.0,1,1.0,1,0.09913035100053406,43
1574,5,3361,1172,2189,0,0,0,1.0,1,1.0,1,1.0,1,0.07855269092680826,42
1575,4,3365,1174,2191,0,0,0,1.0,1,1.0,1,1.0,1,0.10333468560810284,43
1576,3,3368,1176,2192,0,0,0,1.0,1,1.0,1,1.0,1,0.12972950250160792,41
1577,2,3370,1177,2193,0,0,0,1.0,1,1.0,1,1.0,1,0.12374275253581084,40
1578,0,3370,1177,2193,0,0,0,1.0,1,1.0,1,1.0,1,0.11657819864162447,40
1579,0,3370,1177,2193,0,0,0,1.0,1,1.0,1,1.0,1,0.11635047119082034,40
1580,1,3371,1178,2193,0,0,0,1.0,1,1.0,1,1.0,1,0.14543260406967887,40
1581,1,3372,1178,2194,0,0,0,1.0,1,1.0,1,1.0,1,0.1300491425488055,40
1582,5,3377,1181,2196,0,0,0,1.0,1,1.0,1,1.0,1,0.18000620102017756,40
1583,2,3379,1182,2197,0,0,0,1.0,1,1.0,1,1.0,1,0.16707273881390264,38
1584,3,3382,1185,2197,0,0,0,1.0,1,1.0,1,1.0,1,0.1767743521393492,39
1585,3,3385,1187,2198,0,0,0,1.0,1,1.0,1,1.0,1,0.1739459088040634,38
1586,3,3388,1189,2199,0,0,0,1.0,1,1.0,1,1.0,1,0.15689938140982432,38
1587,2,3390,1191,2199,0,0,0,1.0,1,1.0,1,1.0,1,0.20481314288412888,37
1588,1,3391,1192,2199,0,0,0,1.0,1,1.0,1,1.0,1,0.1782161809527226,39
1589,2,3393,1193,2200,0,0,0,1.0,1,1.0,1,1.0,1,0.12645208932792937,37
1590,5,3398,1195,2203,0,0,0,1.0,1,1.0,1,1.0,1,0.09963548546424009,37
1591,1,3399,1196,2203,0,0,0,1.0,1,1.0,1,1.0,1,0.1483033793324479,36
1592,0,3399,1196,2203,0,0,0,1.0,1,1.0,1,1.0,1,0.1734000013225746,34
1593,3,3402,1198,2204,0,0,0,1.0,1,1.0,1,1.0,1,0.27556265302083954,33
1594,0,3402,1198,2204,0,0,0,1.0,1,1.0,1,1.0,1,0.27213340824877125,31
1595,3,3405,1199,2206,0,0,0,1.0,1,1.0,1,1.0,1,0.20388672302661434,34
1596,0,3405,1199,2206,0,0,0,1.0,1,1.0,1,1.0,1,0.2113075734772967,33
1597,1,3406,1199,2207,0,0,0,1.0,1,1.0,1,1.0,1,0.19068448607775826,33
1598,2,3408,1199,2209,0,0,0,1.0,1,1.0,1,1.0,1,0.11611213597266817,33
1599,0,3408,1199,2209,0,0,0,1.0,1,1.0,1,1.0,1,0.11611213597266817,33
1600,1,3409,1199,2210,0,0,0,1.0,1,1.0,1,1.0,1,0.10686439872123224,34
1601,3,3412,1201,2211,0,0,0,1.0,1,1.0,1,1.0,1,0.1578394401716671,35
1602,0,3412,1201,2211,0,0,0,1.0,1,1.0,1,1.0,1,0.13086561233399793,36
1603,3,3415,1202,2213,0,0,0,1.0,1,1.0,1,1.0,1,0.17315517141012363,38
1604,3,3418,1202,2216,0,0,0,1.0,1,1.0,1,1.0,1,0.16483064266598219,38
1605,1,3419,1202,2217,0,0,0,1.0,1,1.0,1,1.0,1,0.13858457391776038,38
1606,4,3423,1205,2218,0,0,0,1.0,1,1.0,1,1.0,1,0.19747811939129886,39
1607,2,3425,1206,2219,0,0,0,1.0,1,1.0,1,1.0,1,0.21188240514523254,37
1608,5,3430,1208,2222,0,0,0,1.0,1,1.0,1,1.0,1,0.2151578400792167,36
1609,2,3432,1208,2224,0,0,0,1.0,1,1.0,1,1.0,1,0.1932137154295737,34
1610,1,3433,1209,2224,0,0,0,1.0,1,1.0,1,1.0,1,0.22106019920575373,34
1611,3,3436,1209,2227,0,0,0,1.0,1,1.0,1,1.0,1,0.17186903665893813,35
1612,0,3436,1209,2227,0,0,0,1.0,1,1.0,1,1.0,1,0.19479182873485104,33
1613,1,3437,1209,2228,0,0,0,1.0,1,1.0,1,1.0,1,0.2053749740636706,34
1614,0,3437,1209,2228,0,0,0,1.0,1,1.0,1,1.0,1,0.20563797680671142,35
1615,3,3440,1209,2231,0,0,0,1.0,1,1.0,1,1.0,1,0.14178341495932265,35
1616,3,3443,1209,2234,0,0,0,1.0,1,1.0,1,1.0,1,0.12731823850608096,37
1617,1,3444,1210,2234,0,0,0,1.0,1,1.0,1,1.0,1,0.152559631026726,38
1618,0,3444,1210,2234,0,0,0,1.0,1,1.0,1,1.0,1,0.152559631026726,38
1619,0,3444,1210,2234,0,0,0,1.0,1,1.0,1,1.0,1,0.1356403537783489,38
1620,1,3445,1211,2234,0,0,0,1.0,1,1.0,1,1.0,1,0.15818564498362156,39
1621,1,3446,1211,2235,0,0,0,1.0,1,1.0,1,1.0,1,0.15711884527497366,37
1622,3,3449,1212,2237,0,0,0,1.0,1,1.0,1,1.0,1,0.16982733010807474,37
1623,5,3454,1216,2238,0,0,0,1.0,1,1.0,1,1.0,1,0.19462715446138967,37
1624,1,3455,1217,2238,0,0,0,1.0,1,1.0,1,1.0,1,0.19096556387292138,37
1625,2,3457,1217,2240,0,0,0,1.0,1,1.0,1,1.0,1,0.14248680723324642,35
1626,3,3460,1219,2241,0,0,0,1.0,1,1.0,1,1.0,1,0.19150957204010485,35
1627,0,3460,1219,2241,0,0,0,1.0,1,1.0,1,1.0,1,0.16993541612941815,34
1628,4,3464,1219,2245,0,0,0,1.0,1,1.0,1,1.0,1,0.09986404770578261,35
1629,3,3467,1222,2245,0,0,0,1.0,1,1.0,1,1.0,1,0.1788204267516871,34
1630,0,3467,1222,2245,0,0,0,1.0,1,1.0,1,1.0,1,0.15196149958289917,32
1631,1,3468,1222,2246,0,0,0,1.0,1,1.0,1,1.0,1,0.13184210868859353,33
1632,1,3469,1223,2246,0,0,0,1.0,1,1.0,1,1.0,1,0.1947237680687763,32
1633,0,3469,1223,2246,0,0,0,1.0,1,1.0,1,1.0,1,0.1810417360545895,31
1634,0,3469,1223,2246,0,0,0,1.0,1,1.0,1,1.0,1,0.1810417360545895,31
1635,0,3469,1223,2246,0,0,0,1.0,1,1.0,1,1.0,1,0.2031192659939172,31
1636,2,3471,1224,2247,0,0,0,1.0,1,1.0,1,1.0,1,0.19945237853917816,33
1637,0,3471,1224,2247,0,0,0,1.0,1,1.0,1,1.0,1,0.19945237853917816,33
1638,2,3473,1224,2249,0,0,0,1.0,1,1.0,1,1.0,1,0.1666331275562625,36
1639,1,3474,1224,2250,0,0,0,1.0,1,1.0,1,1.0,1,0.1404558659944966,36
1640,1,3475,1225,2250,0,0,0,1.0,1,1.0,1,1.0,1,0.16071334470509047,36
1641,1,3476,1225,2251,0,0,0,1.0,1,1.0,1,1.0,1,0.15575890784415997,38
1642,5,3481,1227,2254,0,0,0,1.0,1,1.0,1,1.0,1,0.1660543295718957,37
1643,3,3484,1229,2255,0,0,0,1.0,1,1.0,1,1.0,1,0.1476569956729544,37
1644,2,3486,1231,2255,0,0,0,1.0,1,1.0,1,1.0,1,0.21954405532902613,38
1645,0,3486,1231,2255,0,0,0,1.0,1,1.0,1,1.0,1,0.215200912545465,36
1646,0,3486,1231,2255,0,0,0,1.0,1,1.0,1,1.0,1,0.2297810789347286,37
1647,1,3487,1232,2255,0,0,0,1.0,1,1.0,1,1.0,1,0.2925334641960659,35
1648,4,3491,1232,2259,0,0,0,1.0,1,1.0,1,1.0,1,0.2803589987895031,38
1649,2,3493,1233,2260,0,0,0,1.0,1,1.0,1,1.0,1,0.29604461786027164,35
1650,0,3493,1233,2260,0,0,0,1.0,1,1.0,1,1.0,1,0.31788492133206914,34
1651,0,3493,1233,2260,0,0,0,1.0,1,1.0,1,1.0,1,0.3655809845000204,32
1652,2,3495,1233,2262,0,0,0,1.0,1,1.0,1,1.0,1,0.32715505186463756,33
1653,1,3496,1233,2263,0,0,0,1.0,1,1.0,1,1.0,1,0.312581303427714,33
1654,2,3498,1233,2265,0,0,0,1.0,1,1.0,1,1.0,1,0.2878735720731826,34
1655,5,3503,1233,2270,0,0,0,1.0,1,1.0,1,1.0,1,0.14738389619716188,35
1656,0,3503,1233,2270,0,0,0,1.0,1,1.0,1,1.0,1,0.14738389619716188,35
1657,0,3503,1233,2270,0,0,0,1.0,1,1.0,1,1.0,1,0.14881240080868235,36
1658,2,3505,1235,2270,0,0,0,1.0,1,1.0,1,1.0,1,0.14547930293887038,36
1659,2,3507,1236,2271,0,0,0,1.0,1,1.0,1,1.0,1,0.11886990704707276,36
1660,4,3511,1239,2272,0,0,0,1.0,1,1.0,1,1.0,1,0.1614401108571335,38
1661,1,3512,1239,2273,0,0,0,1.0,1,1.0,1,1.0,1,0.13571825690440575,38
1662,3,3515,1241,2274,0,0,0,1.0,1,1.0,1,1.0,1,0.1271990359199015,39
1663,1,3516,1242,2274,0,0,0,1.0,1,1.0,1,1.0,1,0.16417858529296644,40
1664,2,3518,1243,2275,0,0,0,1.0,1,1.0,1,1.0,1,0.1663181347474538,39
1665,5,3523,1244,2279,0,0,0,1.0,1,1.0,1,1.0,1,0.09859161768312455,40
1666,2,3525,1245,2280,0,0,0,1.0,1,1.0,1,1.0,1,0.15874664593195031,40
1667,1,3526,1245,2281,0,0,0,1.0,1,1.0,1,1.0,1,0.1432034175862558,40
1668,4,3530,1245,2285,0,0,0,1.0,1,1.0,1,1.0,1,0.14093050094535117,41
1669,0,3530,1245,2285,0,0,0,1.0,1,1.0,1,1.0,1,0.12311663335706116,40
1670,1,3531,1246,2285,0,0,0,1.0,1,1.0,1,1.0,1,0.1322804876261512,40
1671,1,3532,1246,2286,0,0,0,1.0,1,1.0,1,1.0,1,0.13415511681780007,41
1672,4,3536,1248,2288,0,0,0,1.0,1,1.0,1,1.0,1,0.16108213441445193,40
1673,3,3539,1249,2290,0,0,0,1.0,1,1.0,1,1.0,1,0.14065384920033883,39
1674,4,3543,1251,2292,0,0,0,1.0,1,1.0,1,1.0,1,0.16533608618030946,40
1675,1,3544,1252,2292,0,0,0,1.0,1,1.0,1,1.0,1,0.18376231219906083,38
1676,0,3544,1252,2292,0,0,0,1.0,1,1.0,1,1.0,1,0.18725890696654643,39
1677,1,3545,1252,2293,0,0,0,1.0,1,1.0,1,1.0,1,0.15474533107398195,39
1678,0,3545,1252,2293,0,0,0,1.0,1,1.0,1,1.0,1,0.15474533107398195,39
1679,0,3545,1252,2293,0,0,0,1.0,1,1.0,1,1.0,1,0.15474533107398195,39
1680,4,3549,1254,2295,0,0,0,1.0,1,1.0,1,1.0,1,0.18527849817080613,41
1681,3,3552,1255,2297,0,0,0,1.0,1,1.0,1,1.0,1,0.128428117474234,41
1682,4,3556,1256,2300,0,0,0,1.0,1,1.0,1,1.0,1,0.15804097757515695,43
1683,6,3562,1259,2303,0,0,0,1.0,1,1.0,1,1.0,1,0.18326541769532564,43
1684,4,3566,1260,2306,0,0,0,1.0,1,1.0,1,1.0,1,0.12326377731547297,42
1685,1,3567,1260,2307,0,0,0,1.0,1,1.0,1,1.0,1,0.12646886038131389,41
1686,2,3569,1262,2307,0,0,0,1.0,1,1.0,1,1.0,1,0.16085152650184653,41
1687,1,3570,1263,2307,0,0,0,1.0,1,1.0,1,1.0,1,0.14663110681427732,40
1688,3,3573,1265,2308,0,0,0,1.0,1,1.0,1,1.0,1,0.12398489001606289,39
1689,2,3575,1265,2310,0,0,0,1.0,1,1.0,1,1.0,1,0.11814607991920756,38
1690,0,3575,1265,2310,0,0,0,1.0,1,1.0,1,1.0,1,0.11093221533493997,38
1691,1,3576,1266,2310,0,0,0,1.0,1,1.0,1,1.0,1,0.1804831040302252,36
1692,0,3576,1266,2310,0,0,0,1.0,1,1.0,1,1.0,1,0.19050946226519525,36
1693,2,3578,1267,2311,0,0,0,1.0,1,1.0,1,1.0,1,0.17505417712300878,35
1694,0,3578,1267,2311,0,0,0,1.0,1,1.0,1,1.0,1,0.15292626286516392,33
1695,0,3578,1267,2311,0,0,0,1.0,1,1.0,1,1.0,1,0.16809480707949492,34
1696,0,3578,1267,2311,0,0,0,1.0,1,1.0,1,1.0,1,0.18995145677742595,35
1697,0,3578,1267,2311,0,0,0,1.0,1,1.0,1,1.0,1,0.19056416674151735,36
1698,4,3582,1269,2313,0,0,0,1.0,1,1.0,1,1.0,1,0.18551261251891282,38
1699,2,3584,1270,2314,0,0,0,1.0,1,1.0,1,1.0,1,0.2105486955131844,38
1700,2,3586,1270,2316,0,0,0,1.0,1,1.0,1,1.0,1,0.1983776824159548,39
1701,1,3587,1271,2316,0,0,0,1.0,1,1.0,1,1.0,1,0.2270054779731096,40
1702,3,3590,1273,2317,0,0,0,1.0,1,1.0,1,1.0,1,0.2677655863276733,41
1703,3,3593,1274,2319,0,0,0,1.0,1,1.0,1,1.0,1,0.2560747808042035,41
1704,2,3595,1275,2320,0,0,0,1.0,1,1.0,1,1.0,1,0.23208129748776515,41
1705,5,3600,1276,2324,0,0,0,1.0,1,1.0,1,1.0,1,0.12112709923477427,40
1706,3,3603,1277,2326,0,0,0,1.0,1,1.0,1,1.0,1,0.09002322425494423,40
1707,3,3606,1278,2328,0,0,0,1.0,1,1.0,1,1.0,1,0.11621367965404766,39
1708,1,3607,1279,2328,0,0,0,1.0,1,1.0,1,1.0,1,0.09908331824094098,39
1709,0,3607,1279,2328,0,0,0,1.0,1,1.0,1,1.0,1,0.11008644359584971,38
1710,5,3612,1283,2329,0,0,0,1.0,1,1.0,1,1.0,1,0.13925015457568848,39
1711,1,3613,1284,2329,0,0,0,1.0,1,1.0,1,1.0,1,0.15620973647838027,38
1712,0,3613,1284,2329,0,0,0,1.0,1,1.0,1,1.0,1,0.15620973647838027,38
1713,0,3613,1284,2329,0,0,0,1.0,1,1.0,1,1.0,1,0.1743837709735805,37
1714,1,3614,1284,2330,0,0,0,1.0,1,1.0,1,1.0,1,0.1734758249076097,38
1715,2,3616,1284,2332,0,0,0,1.0,1,1.0,1,1.0,1,0.15062830020643111,40
1716,1,3617,1285,2332,0,0,0,1.0,1,1.0,1,1.0,1,0.1920593451260744,39
1717,1,3618,1286,2332,0,0,0,1.0,1,1.0,1,1.0,1,0.1882108587673574,38
1718,1,3619,1286,2333,0,0,0,1.0,1,1.0,1,1.0,1,0.19953631346093076,38
1719,0,3619,1286,2333,0,0,0,1.0,1,1.0,1,1.0,1,0.19953631346093076,38
1720,0,3619,1286,2333,0,0,0,1.0,1,1.0,1,1.0,1,0.20662498654255043,41
1721,2,3621,1287,2334,0,0,0,1.0,1,1.0,1,1.0,1,0.16438264107328485,39
1722,2,3623,1288,2335,0,0,0,1.0,1,1.0,1,1.0,1,0.15939874505782228,40
1723,3,3626,1290,2336,0,0,0,1.0,1,1.0,1,1.0,1,0.15519344864762724,38
1724,0,3626,1290,2336,0,0,0,1.0,1,1.0,1,1.0,1,0.19019596607705555,37
1725,4,3630,1290,2340,0,0,0,1.0,1,1.0,1,1.0,1,0.1316216859502161,38
1726,1,3631,1290,2341,0,0,0,1.0,1,1.0,1,1.0,1,0.10362436178079208,37
1727,0,3631,1290,2341,0,0,0,1.0,1,1.0,1,1.0,1,0.10362436178079208,37
1728,0,3631,1290,2341,0,0,0,1.0,1,1.0,1,1.0,1,0.1549180652318652,35
1729,4,3635,1290,2345,0,0,0,1.0,1,1.0,1,1.0,1,0.13362759867024743,37
1730,2,3637,1290,2347,0,0,0,1.0,1,1.0,1,1.0,1,0.1814242600804961,37
1731,1,3638,1290,2348,0,0,0,1.0,1,1.0,1,1.0,1,0.17095660305906674,37
1732,2,3640,1290,2350,0,0,0,1.0,1,1.0,1,1.0,1,0.2090014432378025,37
1733,5,3645,1292,2353,0,0,0,1.0,1,1.0,1,1.0,1,0.1779001058174848,36
1734,2,3647,1293,2354,0,0,0,1.0,1,1.0,1,1.0,1,0.16994869503065663,35
1735,2,3649,1294,2355,0,0,0,1.0,1,1.0,1,1.0,1,0.14286773164805938,34
1736,2,3651,1295,2356,0,0,0,1.0,1,1.0,1,1.0,1,0.10205823006752762,35
1737,3,3654,1297,2357,0,0,0,1.0,1,1.0,1,1.0,1,0.12669040816511898,36
1738,2,3656,1298,2358,0,0,0,1.0,1,1.0,1,1.0,1,0.15419982828418594,37
1739,1,3657,1298,2359,0,0,0,1.0,1,1.0,1,1.0,1,0.09997771097070601,38
1740,1,3658,1298,2360,0,0,0,1.0,1,1.0,1,1.0,1,0.09231737019051722,37
1741,1,3659,1298,2361,0,0,0,1.0,1,1.0,1,1.0,1,0.09978983285188309,38
1742,2,3661,1300,2361,0,0,0,1.0,1,1.0,1,1.0,1,0.1975012569732834,39
1743,2,3663,1302,2361,0,0,0,1.0,1,1.0,1,1.0,1,0.17670314949657553,37
1744,6,3669,1304,2365,0,0,0,1.0,1,1.0,1,1.0,1,0.20633796856210185,38
1745,7,3676,1305,2371,0,0,0,1.0,1,1.0,1,1.0,1,0.17281731404273987,37
1746,3,3679,1305,2374,0,0,0,1.0,1,1.0,1,1.0,1,0.14077421752967875,38
1747,2,3681,1305,2376,0,0,0,1.0,1,1.0,1,1.0,1,0.15111446354427266,38
1748,4,3685,1306,2379,0,0,0,1.0,1,1.0,1,1.0,1,0.13416512410866224,38
1749,1,3686,1306,2380,0,0,0,1.0,1,1.0,1,1.0,1,0.14098654213822887,37
1750,2,3688,1306,2382,0,0,0,1.0,1,1.0,1,1.0,1,0.11402564118487621,39
1751,0,3688,1306,2382,0,0,0,1.0,1,1.0,1,1.0,1,0.1268622663831208,38
1752,1,3689,1307,2382,0,0,0,1.0,1,1.0,1,1.0,1,0.13122506358046837,39
1753,0,3689,1307,2382,0,0,0,1.0,1,1.0,1,1.0,1,0.1260927172977351,40
1754,2,3691,1307,2384,0,0,0,1.0,1,1.0,1,1.0,1,0.09864000045399977,41
1755,2,3693,1307,2386,0,0,0,1.0,1,1.0,1,1.0,1,0.1067341042610718,41
1756,1,3694,1308,2386,0,0,0,1.0,1,1.0,1,1.0,1,0.15614324368385246,42
1757,3,3697,1309,2388,0,0,0,1.0,1,1.0,1,1.0,1,0.1113485479521659,42
1758,5,3702,1312,2390,0,0,0,1.0,1,1.0,1,1.0,1,0.1473566493118341,42
1759,0,3702,1312,2390,0,0,0,1.0,1,1.0,1,1.0,1,0.1654824751603052,39
1760,3,3705,1314,2391,0,0,0,1.0,1,1.0,1,1.0,1,0.19367549429906844,39
1761,2,3707,1315,2392,0,0,0,1.0,1,1.0,1,1.0,1,0.16601192386826877,38
1762,2,3709,1315,2394,0,0,0,1.0,1,1.0,1,1.0,1,0.14510785985251456,37
1763,1,3710,1316,2394,0,0,0,1.0,1,1.0,1,1.0,1,0.16020546682752895,37
1764,3,3713,1318,2395,0,0,0,1.0,1,1.0,1,1.0,1,0.15814309084548395,36
1765,4,3717,1320,2397,0,0,0,1.0,1,1.0,1,1.0,1,0.13784377710968837,37
1766,1,3718,1320,2398,0,0,0,1.0,1,1.0,1,1.0,1,0.12440300089253986,36
1767,0,3718,1320,2398,0,0,0,1.0,1,1.0,1,1.0,1,0.12440300089253986,36
1768,0,3718,1320,2398,0,0,0,1.0,1,1.0,1,1.0,1,0.12440300089253986,36
1769,4,3722,1321,2401,0,0,0,1.0,1,1.0,1,1.0,1,0.11065981173626345,38
1770,0,3722,1321,2401,0,0,0,1.0,1,1.0,1,1.0,1,0.11065981173626345,38
1771,0,3722,1321,2401,0,0,0,1.0,1,1.0,1,1.0,1,0.11065981173626345,38
1772,0,3722,1321,2401,0,0,0,1.0,1,1.0,1,1.0,1,0.10739397202510406,40
1773,1,3723,1322,2401,0,0,0,1.0,1,1.0,1,1.0,1,0.15458382720281147,40
1774,0,3723,1322,2401,0,0,0,1.0,1,1.0,1,1.0,1,0.15458382720281147,40
1775,1,3724,1322,2402,0,0,0,1.0,1,1.0,1,1.0,1,0.13940803489394324,41
1776,0,3724,1322,2402,0,0,0,1.0,1,1.0,1,1.0,1,0.105192664598618,43
1777,1,3725,1322,2403,0,0,0,1.0,1,1.0,1,1.0,1,0.1126943099288264,44
1778,2,3727,1324,2403,0,0,0,1.0,1,1.0,1,1.0,1,0.15262424516497825,44
1779,0,3727,1324,2403,0,0,0,1.0,1,1.0,1,1.0,1,0.15262424516497825,44
1780,4,3731,1326,2405,0,0,0,1.0,1,1.0,1,1.0,1,0.13253497118262472,46
1781,3,3734,1327,2407,0,0,0,1.0,1,1.0,1,1.0,1,0.10024421023506204,46
1782,3,3737,1329,2408,0,0,0,1.0,1,1.0,1,1.0,1,0.12028369147355392,45
1783,1,3738,1330,2408,0,0,0,1.0,1,1.0,1,1.0,1,0.12187569778734239,44
1784,2,3740,1332,2408,0,0,0,1.0,1,1.0,1,1.0,1,0.16108693201308638,44
1785,2,3742,1333,2409,0,0,0,1.0,1,1.0,1,1.0,1,0.16858192581039652,42
1786,7,3749,1337,2412,0,0,0,1.0,1,1.0,1,1.0,1,0.20526994735069595,42
1787,3,3752,1338,2414,0,0,0,1.0,1,1.0,1,1.0,1,0.21265362875703944,41
1788,7,3759,1340,2419,0,0,0,1.0,1,1.0,1,1.0,1,0.18072028209138313,41
1789,3,3762,1341,2421,0,0,0,1.0,1,1.0,1,1.0,1,0.13785114771656534,41
1790,2,3764,1342,2422,0,0,0,1.0,1,1.0,1,1.0,1,0.1434874864078876,41
1791,2,3766,1342,2424,0,0,0,1.0,1,1.0,1,1.0,1,0.10337277913020866,41
1792,2,3768,1343,2425,0,0,0,1.0,1,1.0,1,1.0,1,0.15729363358019022,43
1793,4,3772,1345,2427,0,0,0,1.0,1,1.0,1,1.0,1,0.1170150333022183,43
1794,2,3774,1347,2427,0,0,0,1.0,1,1.0,1,1.0,1,0.1462926153965636,41
1795,2,3776,1349,2427,0,0,0,1.0,1,1.0,1,1.0,1,0.08687388854906264,41
1796,2,3778,1350,2428,0,0,0,1.0,1,1.0,1,1.0,1,0.16342612635000597,40
1797,2,3780,1350,2430,0,0,0,1.0,1,1.0,1,1.0,1,0.13911210824803705,38
1798,0,3780,1350,2430,0,0,0,1.0,1,1.0,1,1.0,1,0.13911210824803705,38
1799,3,3783,1352,2431,0,0,0,1.0,1,1.0,1,1.0,1,0.11781511922953493,37
1800,1,3784,1353,2431,0,0,0,1.0,1,1.0,1,1.0,1,0.17559437662191144,35
1801,2,3786,1354,2432,0,0,0,1.0,1,1.0,1,1.0,1,0.13835499988734815,34
1802,2,3788,1355,2433,0,0,0,1.0,1,1.0,1,1.0,1,0.1368174519866104,33
1803,0,3788,1355,2433,0,0,0,1.0,1,1.0,1,1.0,1,0.1368174519866104,33
1804,1,3789,1356,2433,0,0,0,1.0,1,1.0,1,1.0,1,0.18399496642552007,33
1805,2,3791,1356,2435,0,0,0,1.0,1,1.0,1,1.0,1,0.14881868598148515,35
1806,2,3793,1356,2437,0,0,0,1.0,1,1.0,1,1.0,1,0.09319160267437729,36
1807,0,3793,1356,2437,0,0,0,1.0,1,1.0,1,1.0,1,0.1413125929296299,35
1808,0,3793,1356,2437,0,0,0,1.0,1,1.0,1,1.0,1,0.11564182643085535,37
1809,1,3794,1356,2438,0,0,0,1.0,1,1.0,1,1.0,1,0.13522917721668407,35
1810,1,3795,1356,2439,0,0,0,1.0,1,1.0,1,1.0,1,0.1368774036204667,36
1811,0,3795,1356,2439,0,0,0,1.0,1,1.0,1,1.0,1,0.194363318407499,34
1812,1,3796,1356,2440,0,0,0,1.0,1,1.0,1,1.0,1,0.18181758131081285,36
1813,2,3798,1356,2442,0,0,0,1.0,1,1.0,1,1.0,1,0.1620750806156341,35
1814,1,3799,1357,2442,0,0,0,1.0,1,1.0,1,1.0,1,0.22612004555020912,36
1815,0,3799,1357,2442,0,0,0,1.0,1,1.0,1,1.0,1,0.23875277819004445,35
1816,1,3800,1358,2442,0,0,0,1.0,1,1.0,1,1.0,1,0.22633172293789225,35
1817,2,3802,1359,2443,0,0,0,1.0,1,1.0,1,1.0,1,0.2203375666011301,35
1818,7,3809,1363,2446,0,0,0,1.0,1,1.0,1,1.0,1,0.16186567676898841,36
1819,3,3812,1365,2447,0,0,0,1.0,1,1.0,1,1.0,1,0.1653347579199566,37
1820,3,3815,1365,2450,0,0,0,1.0,1,1.0,1,1.0,1,0.15344902424127244,37
1821,2,3817,1366,2451,0,0,0,1.0,1,1.0,1,1.0,1,0.12907131210467862,38
1822,4,3821,1368,2453,0,0,0,1.0,1,1.0,1,1.0,1,0.15529803561202024,37
1823,3,3824,1371,2453,0,0,0,1.0,1,1.0,1,1.0,1,0.18583747717145732,36
1824,4,3828,1373,2455,0,0,0,1.0,1,1.0,1,1.0,1,0.21802236009621728,36
1825,2,3830,1374,2456,0,0,0,1.0,1,1.0,1,1.0,1,0.15438026352930995,34
1826,4,3834,1377,2457,0,0,0,1.0,1,1.0,1,1.0,1,0.18877925610956775,35
1827,3,3837,1378,2459,0,0,0,1.0,1,1.0,1,1.0,1,0.13451007987816357,34
1828,1,3838,1379,2459,0,0,0,1.0,1,1.0,1,1.0,1,0.14128786620890374,33
1829,2,3840,1380,2460,0,0,0,1.0,1,1.0,1,1.0,1,0.13219144487624396,31
1830,1,3841,1381,2460,0,0,0,1.0,1,1.0,1,1.0,1,0.12125512443998494,31
1831,1,3842,1382,2460,0,0,0,1.0,1,1.0,1,1.0,1,0.13180719844627983,30
1832,0,3842,1382,2460,0,0,0,1.0,1,1.0,1,1.0,1,0.12152056970975142,29
1833,4,3846,1385,2461,0,0,0,1.0,1,1.0,1,1.0,1,0.18580353880051753,28
1834,2,3848,1386,2462,0,0,0,1.0,1,1.0,1,1.0,1,0.1706398555061599,27
1835,2,3850,1388,2462,0,0,0,1.0,1,1.0,1,1.0,1,0.22506797491523542,26
1836,1,3851,1389,2462,0,0,0,1.0,1,1.0,1,1.0,1,0.24385710956884382,26
1837,3,3854,1389,2465,0,0,0,1.0,1,1.0,1,1.0,1,0.18239103970493165,25
1838,1,3855,1389,2466,0,0,0,1.0,1,1.0,1,1.0,1,0.15748613220714136,25
1839,0,3855,1389,2466,0,0,0,1.0,1,1.0,1,1.0,1,0.20630455991690727,24
1840,1,3856,1390,2466,0,0,0,1.0,1,1.0,1,1.0,1,0.2672689187396016,23
1841,1,3857,1390,2467,0,0,0,1.0,1,1.0,1,1.0,1,0.21845570065732103,22
1842,2,3859,1391,2468,0,0,0,1.0,1,1.0,1,1.0,1,0.23287276212147334,23
1843,0,3859,1391,2468,0,0,0,1.0,1,1.0,1,1.0,1,0.23287276212147334,23
1844,0,3859,1391,2468,0,0,0,1.0,1,1.0,1,1.0,1,0.23287276212147334,23
1845,2,3861,1393,2468,0,0,0,1.0,1,1.0,1,1.0,1,0.27717392448311434,23
1846,1,3862,1393,2469,0,0,0,1.0,1,1.0,1,1.0,1,0.2319559906787229,23
1847,0,3862,1393,2469,0,0,0,1.0,1,1.0,1,1.0,1,0.24173164865336336,24
1848,0,3862,1393,2469,0,0,0,1.0,1,1.0,1,1.0,1,0.24173164865336336,24
1849,1,3863,1393,2470,0,0,0,1.0,1,1.0,1,1.0,1,0.23992808800580973,25
1850,0,3863,1393,2470,0,0,0,1.0,1,1.0,1,1.0,1,0.23992808800580973,25
1851,0,3863,1393,2470,0,0,0,1.0,1,1.0,1,1.0,1,0.23992808800580973,25
1852,0,3863,1393,2470,0,0,0,1.0,1,1.0,1,1.0,1,0.23992808800580973,25
1853,0,3863,1393,2470,0,0,0,1.0,1,1.0,1,1.0,1,0.25234438834036055,25
1854,2,3865,1394,2471,0,0,0,1.0,1,1.0,1,1.0,1,0.2925741793918425,25
1855,3,3868,1394,2474,0,0,0,1.0,1,1.0,1,1.0,1,0.2643543944420286,26
1856,1,3869,1394,2475,0,0,0,1.0,1,1.0,1,1.0,1,0.2653063810541082,27
1857,2,3871,1394,2477,0,0,0,1.0,1,1.0,1,1.0,1,0.21830007803214851,28
1858,3,3874,1396,2478,0,0,0,1.0,1,1.0,1,1.0,1,0.2637438029641207,28
1859,2,3876,1397,2479,0,0,0,1.0,1,1.0,1,1.0,1,0.24222648378559983,28
1860,0,3876,1397,2479,0,0,0,1.0,1,1.0,1,1.0,1,0.24222648378559983,28
1861,1,3877,1397,2480,0,0,0,1.0,1,1.0,1,1.0,1,0.22169838898161598,28
1862,0,3877,1397,2480,0,0,0,1.0,1,1.0,1,1.0,1,0.22169838898161598,28
1863,0,3877,1397,2480,0,0,0,1.0,1,1.0,1,1.0,1,0.2381901657869286,29
1864,1,3878,1398,2480,0,0,0,1.0,1,1.0,1,1.0,1,0.25859393919894386,27
1865,4,3882,1399,2483,0,0,0,1.0,1,1.0,1,1.0,1,0.257961210783782,26
1866,2,3884,1400,2484,0,0,0,1.0,1,1.0,1,1.0,1,0.267433582988023,26
1867,0,3884,1400,2484,0,0,0,1.0,1,1.0,1,1.0,1,0.267433582988023,26
1868,0,3884,1400,2484,0,0,0,1.0,1,1.0,1,1.0,1,0.267433582988023,26
1869,2,3886,1400,2486,0,0,0,1.0,1,1.0,1,1.0,1,0.21557751076157444,26
1870,1,3887,1400,2487,0,0,0,1.0,1,1.0,1,1.0,1,0.19550199188869732,27
1871,0,3887,1400,2487,0,0,0,1.0,1,1.0,1,1.0,1,0.19550199188869732,27
1872,0,3887,1400,2487,0,0,0,1.0,1,1.0,1,1.0,1,0.1780504080256426,25
1873,0,3887,1400,2487,0,0,0,1.0,1,1.0,1,1.0,1,0.1780504080256426,25
1874,2,3889,1400,2489,0,0,0,1.0,1,1.0,1,1.0,1,0.17580209242699898,25
1875,0,3889,1400,2489,0,0,0,1.0,1,1.0,1,1.0,1,0.17580209242699898,25
1876,0,3889,1400,2489,0,0,0,1.0,1,1.0,1,1.0,1,0.1497474078923187,26
1877,0,3889,1400,2489,0,0,0,1.0,1,1.0,1,1.0,1,0.14371997931810684,27
1878,2,3891,1402,2489,0,0,0,1.0,1,1.0,1,1.0,1,0.1894008536073136,28
1879,0,3891,1402,2489,0,0,0,1.0,1,1.0,1,1.0,1,0.17662966562806975,29
1880,1,3892,1402,2490,0,0,0,1.0,1,1.0,1,1.0,1,0.16320762910082212,29
1881,0,3892,1402,2490,0,0,0,1.0,1,1.0,1,1.0,1,0.16320762910082212,29
1882,0,3892,1402,2490,0,0,0,1.0,1,1.0,1,1.0,1,0.16877140902843665,28
1883,0,3892,1402,2490,0,0,0,1.0,1,1.0,1,1.0,1,0.16877140902843665,28
1884,1,3893,1403,2490,0,0,0,1.0,1,1.0,1,1.0,1,0.19199348848687686,28
1885,1,3894,1403,2491,0,0,0,1.0,1,1.0,1,1.0,1,0.17021269718348567,28
1886,0,3894,1403,2491,0,0,0,1.0,1,1.0,1,1.0,1,0.16608635764167856,29
1887,0,3894,1403,2491,0,0,0,1.0,1,1.0,1,1.0,1,0.16608635764167856,29
1888,2,3896,1403,2493,0,0,0,1.0,1,1.0,1,1.0,1,0.15277017074415392,31
1889,0,3896,1403,2493,0,0,0,1.0,1,1.0,1,1.0,1,0.15277017074415392,31
1890,0,3896,1403,2493,0,0,0,1.0,1,1.0,1,1.0,1,0.15277017074415392,31
1891,1,3897,1403,2494,0,0,0,1.0,1,1.0,1,1.0,1,0.15706300671499981,32
1892,0,3897,1403,2494,0,0,0,1.0,1,1.0,1,1.0,1,0.15706300671499981,32
1893,0,3897,1403,2494,0,0,0,1.0,1,1.0,1,1.0,1,0.15706300671499981,32
1894,0,3897,1403,2494,0,0,0,1.0,1,1.0,1,1.0,1,0.13873576612004662,33
1895,2,3899,1404,2495,0,0,0,1.0,1,1.0,1,1.0,1,0.12191615706057787,35
1896,0,3899,1404,2495,0,0,0,1.0,1,1.0,1,1.0,1,0.13250361944416597,34
1897,0,3899,1404,2495,0,0,0,1.0,1,1.0,1,1.0,1,0.13250361944416597,34
1898,0,3899,1404,2495,0,0,0,1.0,1,1.0,1,1.0,1,0.13250361944416597,34
1899,0,3899,1404,2495,0,0,0,1.0,1,1.0,1,1.0,1,0.13250361944416597,34
1900,1,3900,1404,2496,0,0,0,1.0,1,1.0,1,1.0,1,0.13220667798337338,35
1901,0,3900,1404,2496,0,0,0,1.0,1,1.0,1,1.0,1,0.13220667798337338,35
1902,1,3901,1405,2496,0,0,0,1.0,1,1.0,1,1.0,1,0.17425286061358083,35
1903,0,3901,1405,2496,0,0,0,1.0,1,1.0,1,1.0,1,0.17425286061358083,35
1904,0,3901,1405,2496,0,0,0,1.0,1,1.0,1,1.0,1,0.17425286061358083,35
1905,0,3901,1405,2496,0,0,0,1.0,1,1.0,1,1.0,1,0.1656266386095581,37
1906,1,3902,1405,2497,0,0,0,1.0,1,1.0,1,1.0,1,0.139054996662722,37
1907,1,3903,1405,2498,0,0,0,1.0,1,1.0,1,1.0,1,0.15491313268250786,39
1908,0,3903,1405,2498,0,0,0,1.0,1,1.0,1,1.0,1,0.15491313268250786,39
1909,2,3905,1405,2500,0,0,0,1.0,1,1.0,1,1.0,1,0.15181182583493116,41
1910,0,3905,1405,2500,0,0,0,1.0,1,1.0,1,1.0,1,0.15181182583493116,41
1911,3,3908,1406,2502,0,0,0,1.0,1,1.0,1,1.0,1,0.21878532957665667,40
1912,3,3911,1407,2504,0,0,0,1.0,1,1.0,1,1.0,1,0.20897265005243346,39
1913,4,3915,1407,2508,0,0,0,1.0,1,1.0,1,1.0,1,0.18836379472372516,40
1914,2,3917,1408,2509,0,0,0,1.0,1,1.0,1,1.0,1,0.18619121877032066,41
1915,1,3918,1409,2509,0,0,0,1.0,1,1.0,1,1.0,1,0.22435115211247428,42
1916,2,3920,1411,2509,0,0,0,1.0,1,1.0,1,1.0,1,0.23134835946771845,42
1917,2,3922,1412,2510,0,0,0,1.0,1,1.0,1,1.0,1,0.22647474325042757,41
1918,1,3923,1413,2510,0,0,0,1.0,1,1.0,1,1.0,1,0.22335637923944993,38
1919,4,3927,1415,2512,0,0,0,1.0,1,1.0,1,1.0,1,0.2728641613279272,38
1920,1,3928,1415,2513,0,0,0,1.0,1,1.0,1,1.0,1,0.277493328921571,38
1921,1,3929,1415,2514,0,0,0,1.0,1,1.0,1,1.0,1,0.2447427781451239,39
1922,2,3931,1415,2516,0,0,0,1.0,1,1.0,1,1.0,1,0.2271308852441564,40
1923,3,3934,1416,2518,0,0,0,1.0,1,1.0,1,1.0,1,0.20438431799567947,41
1924,6,3940,1419,2521,0,0,0,1.0,1,1.0,1,1.0,1,0.25929005536844163,41
1925,5,3945,1419,2526,0,0,0,1.0,1,1.0,1,1.0,1,0.17283895515702713,41
1926,1,3946,1419,2527,0,0,0,1.0,1,1.0,1,1.0,1,0.1428144220645094,41
1927,0,3946,1419,2527,0,0,0,1.0,1,1.0,1,1.0,1,0.1428144220645094,41
1928,1,3947,1420,2527,0,0,0,1.0,1,1.0,1,1.0,1,0.15260209145494485,42
1929,0,3947,1420,2527,0,0,0,1.0,1,1.0,1,1.0,1,0.1432414518738206,41
1930,0,3947,1420,2527,0,0,0,1.0,1,1.0,1,1.0,1,0.1432414518738206,41
1931,0,3947,1420,2527,0,0,0,1.0,1,1.0,1,1.0,1,0.1432414518738206,41
1932,0,3947,1420,2527,0,0,0,1.0,1,1.0,1,1.0,1,0.1432414518738206,41
1933,2,3949,1421,2528,0,0,0,1.0,1,1.0,1,1.0,1,0.15816685218042148,43
1934,2,3951,1422,2529,0,0,0,1.0,1,1.0,1,1.0,1,0.1366789851167595,44
1935,1,3952,1422,2530,0,0,0,1.0,1,1.0,1,1.0,1,0.12285299615184078,45
1936,2,3954,1422,2532,0,0,0,1.0,1,1.0,1,1.0,1,0.10167015903057802,48
1937,2,3956,1423,2533,0,0,0,1.0,1,1.0,1,1.0,1,0.10723246523894052,48
1938,1,3957,1424,2533,0,0,0,1.0,1,1.0,1,1.0,1,0.12717588242820202,48
1939,2,3959,1424,2535,0,0,0,1.0,1,1.0,1,1.0,1,0.12717588242820202,48
1940,1,3960,1424,2536,0,0,0,1.0,1,1.0,1,1.0,1,0.11922561367079683,48
1941,0,3960,1424,2536,0,0,0,1.0,1,1.0,1,1.0,1,0.11922561367079683,48
1942,1,3961,1425,2536,0,0,0,1.0,1,1.0,1,1.0,1,0.16332640793146322,49
1943,1,3962,1425,2537,0,0,0,1.0,1,1.0,1,1.0,1,0.12352724762191165,48
1944,2,3964,1427,2537,0,0,0,1.0,1,1.0,1,1.0,1,0.18135085189808536,47
1945,4,3968,1430,2538,0,0,0,1.0,1,1.0,1,1.0,1,0.15354520130035038,46
1946,0,3968,1430,2538,0,0,0,1.0,1,1.0,1,1.0,1,0.16572552190004605,46
1947,7,3975,1434,2541,0,0,0,1.0,1,1.0,1,1.0,1,0.2420095773244497,45
1948,5,3980,1438,2542,0,0,0,1.0,1,1.0,1,1.0,1,0.17065018343134417,46
1949,6,3986,1441,2545,0,0,0,1.0,1,1.0,1,1.0,1,0.20544591113510172,42
1950,0,3986,1441,2545,0,0,0,1.0,1,1.0,1,1.0,1,0.1984231087323103,40
1951,2,3988,1443,2545,0,0,0,1.0,1,1.0,1,1.0,1,0.23195367490971427,39
1952,1,3989,1444,2545,0,0,0,1.0,1,1.0,1,1.0,1,0.2576979961715895,35
1953,7,3996,1446,2550,0,0,0,1.0,1,1.0,1,1.0,1,0.16397028474383318,36
1954,0,3996,1446,2550,0,0,0,1.0,1,1.0,1,1.0,1,0.18290282670367494,34
1955,4,4000,1447,2553,0,0,0,1.0,1,1.0,1,1.0,1,0.14890476181607104,35
1956,2,4002,1449,2553,0,0,0,1.0,1,1.0,1,1.0,1,0.17438053056988903,37
1957,2,4004,1449,2555,0,0,0,1.0,1,1.0,1,1.0,1,0.14091276550836304,37
1958,1,4005,1449,2556,0,0,0,1.0,1,1.0,1,1.0,1,0.14540734687314227,39
1959,1,4006,1449,2557,0,0,0,1.0,1,1.0,1,1.0,1,0.15285129177926393,41
1960,4,4010,1450,2560,0,0,0,1.0,1,1.0,1,1.0,1,0.15510703075983628,40
1961,3,4013,1451,2562,0,0,0,1.0,1,1.0,1,1.0,1,0.12905349194967322,41
1962,1,4014,1452,2562,0,0,0,1.0,1,1.0,1,1.0,1,0.1798050778328942,40
1963,1,4015,1452,2563,0,0,0,1.0,1,1.0,1,1.0,1,0.16969109830488427,41
1964,0,4015,1452,2563,0,0,0,1.0,1,1.0,1,1.0,1,0.19464117576297013,40
1965,2,4017,1452,2565,0,0,0,1.0,1,1.0,1,1.0,1,0.12039859035810349,41
1966,1,4018,1452,2566,0,0,0,1.0,1,1.0,1,1.0,1,0.10834551790920147,41
1967,1,4019,1453,2566,0,0,0,1.0,1,1.0,1,1.0,1,0.12172069330242606,42
1968,3,4022,1453,2569,0,0,0,1.0,1,1.0,1,1.0,1,0.10219526552120839,42
1969,1,4023,1454,2569,0,0,0,1.0,1,1.0,1,1.0,1,0.13069548721784588,43
1970,0,4023,1454,2569,0,0,0,1.0,1,1.0,1,1.0,1,0.15856693357799667,42
1971,1,4024,1455,2569,0,0,0,1.0,1,1.0,1,1.0,1,0.19531899224631727,42
1972,0,4024,1455,2569,0,0,0,1.0,1,1.0,1,1.0,1,0.19531899224631727,42
1973,3,4027,1455,2572,0,0,0,1.0,1,1.0,1,1.0,1,0.13977058468563602,43
1974,2,4029,1455,2574,0,0,0,1.0,1,1.0,1,1.0,1,0.1626018638079472,43
1975,1,4030,1455,2575,0,0,0,1.0,1,1.0,1,1.0,1,0.1361479959056667,43
1976,0,4030,1455,2575,0,0,0,1.0,1,1.0,1,1.0,1,0.1361479959056667,43
1977,5,4035,1455,2580,0,0,0,1.0,1,1.0,1,1.0,1,0.1311237913307093,48
1978,2,4037,1457,2580,0,0,0,1.0,1,1.0,1,1.0,1,0.14392015159128416,48
1979,3,4040,1458,2582,0,0,0,1.0,1,1.0,1,1.0,1,0.18560091389698405,49
1980,2,4042,1459,2583,0,0,0,1.0,1,1.0,1,1.0,1,0.21211297369017837,50
1981,5,4047,1459,2588,0,0,0,1.0,1,1.0,1,1.0,1,0.14559717588355367,50
1982,3,4050,1461,2589,0,0,0,1.0,1,1.0,1,1.0,1,0.13357812558677332,50
1983,0,4050,1461,2589,0,0,0,1.0,1,1.0,1,1.0,1,0.12022962864668496,49
1984,2,4052,1463,2589,0,0,0,1.0,1,1.0,1,1.0,1,0.18380650131629667,48
1985,5,4057,1464,2593,0,0,0,1.0,1,1.0,1,1.0,1,0.12497927583802473,46
1986,4,4061,1467,2594,0,0,0,1.0,1,1.0,1,1.0,1,0.1618395847421057,46
1987,1,4062,1467,2595,0,0,0,1.0,1,1.0,1,1.0,1,0.19894645722496038,42
1988,2,4064,1467,2597,0,0,0,1.0,1,1.0,1,1.0,1,0.22889536939851923,40
1989,4,4068,1470,2598,0,0,0,1.0,1,1.0,1,1.0,1,0.1967813063396894,38
1990,1,4069,1470,2599,0,0,0,1.0,1,1.0,1,1.0,1,0.16651111403297933,38
1991,4,4073,1471,2602,0,0,0,1.0,1,1.0,1,1.0,1,0.1907847962836747,38
1992,2,4075,1473,2602,0,0,0,1.0,1,1.0,1,1.0,1,0.21424137220281528,39
1993,3,4078,1474,2604,0,0,0,1.0,1,1.0,1,1.0,1,0.21105212177349789,38
1994,4,4082,1476,2606,0,0,0,1.0,1,1.0,1,1.0,1,0.1663664047468337,37
1995,7,4089,1478,2611,0,0,0,1.0,1,1.0,1,1.0,1,0.21557583925389373,37
1996,1,4090,1478,2612,0,0,0,1.0,1,1.0,1,1.0,1,0.22644485112581245,37
1997,3,4093,1479,2614,0,0,0,1.0,1,1.0,1,1.0,1,0.1711760078925571,35
1998,1,4094,1480,2614,0,0,0,1.0,1,1.0,1,1.0,1,0.20101875961502344,34
1999,0,4094,1480,2614,0,0,0,1.0,1,1.0,1,1.0,1,0.18293993225729,35
2000,0,4094,1480,2614,0,0,0,1.0,1,1.0,1,1.0,1,0.20299949016639526,34
2001,3,4097,1480,2617,0,0,0,1.0,1,1.0,1,1.0,1,0.20421080337808062,35
2002,2,4099,1481,2618,0,0,0,1.0,1,1.0,1,1.0,1,0.2527243237607719,36
2003,3,4102,1481,2621,0,0,0,1.0,1,1.0,1,1.0,1,0.2212909140194826,37
2004,3,4105,1483,2622,0,0,0,1.0,1,1.0,1,1.0,1,0.21644892550940664,38
2005,2,4107,1484,2623,0,0,0,1.0,1,1.0,1,1.0,1,0.1956743554497501,38
2006,3,4110,1484,2626,0,0,0,1.0,1,1.0,1,1.0,1,0.1556378901628364,38
2007,0,4110,1484,2626,0,0,0,1.0,1,1.0,1,1.0,1,0.13151226092651574,40
2008,0,4110,1484,2626,0,0,0,1.0,1,1.0,1,1.0,1,0.13151226092651574,40
2009,3,4113,1486,2627,0,0,0,1.0,1,1.0,1,1.0,1,0.11248772643346867,41
2010,0,4113,1486,2627,0,0,0,1.0,1,1.0,1,1.0,1,0.11248772643346867,41
2011,0,4113,1486,2627,0,0,0,1.0,1,1.0,1,1.0,1,0.11248772643346867,41
2012,0,4113,1486,2627,0,0,0,1.0,1,1.0,1,1.0,1,0.11248772643346867,41
2013,1,4114,1486,2628,0,0,0,1.0,1,1.0,1,1.0,1,0.11453335967325692,43
2014,1,4115,1487,2628,0,0,0,1.0,1,1.0,1,1.0,1,0.19016733411360745,43
2015,2,4117,1488,2629,0,0,0,1.0,1,1.0,1,1.0,1,0.18141484625799356,43
2016,3,4120,1488,2632,0,0,0,1.0,1,1.0,1,1.0,1,0.17249727255778893,44
2017,5,4125,1488,2637,0,0,0,1.0,1,1.0,1,1.0,1,0.1378829802362582,45
2018,1,4126,1488,2638,0,0,0,1.0,1,1.0,1,1.0,1,0.13004578690217802,46
2019,0,4126,1488,2638,0,0,0,1.0,1,1.0,1,1.0,1,0.12003459059463376,47
2020,3,4129,1489,2640,0,0,0,1.0,1,1.0,1,1.0,1,0.11990330749879112,47
2021,1,4130,1489,2641,0,0,0,1.0,1,1.0,1,1.0,1,0.10646745040407556,47
2022,1,4131,1489,2642,0,0,0,1.0,1,1.0,1,1.0,1,0.11699884341497521,48
2023,2,4133,1491,2642,0,0,0,1.0,1,1.0,1,1.0,1,0.14494347812810665,48
2024,4,4137,1495,2642,0,0,0,1.0,1,1.0,1,1.0,1,0.172102731378213,45
2025,6,4143,1498,2645,0,0,0,1.0,1,1.0,1,1.0,1,0.2250644017405132,42
2026,6,4149,1501,2648,0,0,0,1.0,1,1.0,1,1.0,1,0.16487819473802745,44
2027,1,4150,1502,2648,0,0,0,1.0,1,1.0,1,1.0,1,0.19774231793947422,40
2028,0,4150,1502,2648,0,0,0,1.0,1,1.0,1,1.0,1,0.21857474290874712,39
2029,4,4154,1502,2652,0,0,0,1.0,1,1.0,1,1.0,1,0.19140516532599935,37
2030,2,4156,1503,2653,0,0,0,1.0,1,1.0,1,1.0,1,0.18588437763206153,34
2031,2,4158,1505,2653,0,0,0,1.0,1,1.0,1,1.0,1,0.18175018462306197,35
2032,4,4162,1506,2656,0,0,0,1.0,1,1.0,1,1.0,1,0.2582026724308882,34
2033,6,4168,1509,2659,0,0,0,1.0,1,1.0,1,1.0,1,0.23208753077629957,36
2034,0,4168,1509,2659,0,0,0,1.0,1,1.0,1,1.0,1,0.2150137768553491,34
2035,3,4171,1510,2661,0,0,0,1.0,1,1.0,1,1.0,1,0.22074706530415147,35
2036,1,4172,1511,2661,0,0,0,1.0,1,1.0,1,1.0,1,0.2075966711208209,34
2037,3,4175,1511,2664,0,0,0,1.0,1,1.0,1,1.0,1,0.16225030722779313,35
2038,0,4175,1511,2664,0,0,0,1.0,1,1.0,1,1.0,1,0.17097489138077454,36
2039,2,4177,1511,2666,0,0,0,1.0,1,1.0,1,1.0,1,0.15663988003273432,38
2040,1,4178,1511,2667,0,0,0,1.0,1,1.0,1,1.0,1,0.1435006380205804,38
2041,1,4179,1511,2668,0,0,0,1.0,1,1.0,1,1.0,1,0.14125102505729006,39
2042,0,4179,1511,2668,0,0,0,1.0,1,1.0,1,1.0,1,0.14125102505729006,39
2043,0,4179,1511,2668,0,0,0,1.0,1,1.0,1,1.0,1,0.14125102505729006,39
2044,0,4179,1511,2668,0,0,0,1.0,1,1.0,1,1.0,1,0.14125102505729006,39
2045,1,4180,1511,2669,0,0,0,1.0,1,1.0,1,1.0,1,0.1173170626307578,41
2046,1,4181,1511,2670,0,0,0,1.0,1,1.0,1,1.0,1,0.13477575778779866,42
2047,1,4182,1511,2671,0,0,0,1.0,1,1.0,1,1.0,1,0.10834696345531333,42
2048,2,4184,1512,2672,0,0,0,1.0,1,1.0,1,1.0,1,0.13318560554419376,43
2049,4,4188,1514,2674,0,0,0,1.0,1,1.0,1,1.0,1,0.17001308143194774,44
2050,1,4189,1514,2675,0,0,0,1.0,1,1.0,1,1.0,1,0.1330299306420436,44
2051,2,4191,1514,2677,0,0,0,1.0,1,1.0,1,1.0,1,0.14742542282109608,45
2052,1,4192,1514,2678,0,0,0,1.0,1,1.0,1,1.0,1,0.12208829025126122,45
2053,2,4194,1514,2680,0,0,0,1.0,1,1.0,1,1.0,1,0.08274725859723425,45
2054,1,4195,1515,2680,0,0,0,1.0,1,1.0,1,1.0,1,0.1003864494645948,46
2055,1,4196,1516,2680,0,0,0,1.0,1,1.0,1,1.0,1,0.11539157566092874,46
2056,2,4198,1516,2682,0,0,0,1.0,1,1.0,1,1.0,1,0.09580244433544967,46
2057,4,4202,1517,2685,0,0,0,1.0,1,1.0,1,1.0,1,0.07875037519764667,47
2058,7,4209,1520,2689,0,0,0,1.0,1,1.0,1,1.0,1,0.11913395565804409,47
2059,4,4213,1522,2691,0,0,0,1.0,1,1.0,1,1.0,1,0.14478245268692183,48
2060,7,4220,1525,2695,0,0,0,1.0,1,1.0,1,1.0,1,0.14585088998352336,50
2061,5,4225,1525,2700,0,0,0,1.0,1,1.0,1,1.0,1,0.0946140427532885,51
2062,2,4227,1527,2700,0,0,0,1.0,1,1.0,1,1.0,1,0.08489162479638865,49
2063,1,4228,1528,2700,0,0,0,1.0,1,1.0,1,1.0,1,0.07617302043504831,48
2064,4,4232,1530,2702,0,0,0,1.0,1,1.0,1,1.0,1,0.10604764265942618,45
2065,3,4235,1530,2705,0,0,0,1.0,1,1.0,1,1.0,1,0.05356899897948611,44
2066,1,4236,1531,2705,0,0,0,1.0,1,1.0,1,1.0,1,0.10695586147340537,42
2067,1,4237,1532,2705,0,0,0,1.0,1,1.0,1,1.0,1,0.10747757166937465,41
2068,0,4237,1532,2705,0,0,0,1.0,1,1.0,1,1.0,1,0.13692045879285572,40
2069,3,4240,1533,2707,0,0,0,1.0,1,1.0,1,1.0,1,0.1642393423456732,40
2070,0,4240,1533,2707,0,0,0,1.0,1,1.0,1,1.0,1,0.15079407466222428,40
2071,4,4244,1535,2709,0,0,0,1.0,1,1.0,1,1.0,1,0.17087703193537454,40
2072,1,4245,1535,2710,0,0,0,1.0,1,1.0,1,1.0,1,0.14483579576016514,41
2073,3,4248,1535,2713,0,0,0,1.0,1,1.0,1,1.0,1,0.051892579029980124,41
2074,0,4248,1535,2713,0,0,0,1.0,1,1.0,1,1.0,1,0.050016026125251065,41
2075,1,4249,1536,2713,0,0,0,1.0,1,1.0,1,1.0,1,0.07458102947227736,41
2076,2,4251,1538,2713,0,0,0,1.0,1,1.0,1,1.0,1,0.12833957603818222,41
2077,0,4251,1538,2713,0,0,0,1.0,1,1.0,1,1.0,1,0.11445208035245849,40
2078,1,4252,1539,2713,0,0,0,1.0,1,1.0,1,1.0,1,0.15038535594178076,40
2079,2,4254,1539,2715,0,0,0,1.0,1,1.0,1,1.0,1,0.10315949480555615,39
2080,0,4254,1539,2715,0,0,0,1.0,1,1.0,1,1.0,1,0.12959609911491335,38
2081,4,4258,1540,2718,0,0,0,1.0,1,1.0,1,1.0,1,0.09276302954349683,40
2082,1,4259,1541,2718,0,0,0,1.0,1,1.0,1,1.0,1,0.13740810455854505,41
2083,3,4262,1542,2720,0,0,0,1.0,1,1.0,1,1.0,1,0.11722227234251545,40
2084,5,4267,1544,2723,0,0,0,1.0,1,1.0,1,1.0,1,0.15202812997948506,42
2085,5,4272,1545,2727,0,0,0,1.0,1,1.0,1,1.0,1,0.12233814852466735,42
2086,0,4272,1545,2727,0,0,0,1.0,1,1.0,1,1.0,1,0.09787889685919005,43
2087,1,4273,1546,2727,0,0,0,1.0,1,1.0,1,1.0,1,0.12475316515569691,45
2088,7,4280,1548,2732,0,0,0,1.0,1,1.0,1,1.0,1,0.18341856202133838,46
2089,2,4282,1548,2734,0,0,0,1.0,1,1.0,1,1.0,1,0.1453451287331246,47
2090,4,4286,1549,2737,0,0,0,1.0,1,1.0,1,1.0,1,0.18139676048081405,49
2091,3,4289,1549,2740,0,0,0,1.0,1,1.0,1,1.0,1,0.17278598109359788,49
2092,5,4294,1549,2745,0,0,0,1.0,1,1.0,1,1.0,1,0.16529666390517944,49
2093,3,4297,1550,2747,0,0,0,1.0,1,1.0,1,1.0,1,0.13692705224408275,49
2094,1,4298,1551,2747,0,0,0,1.0,1,1.0,1,1.0,1,0.1775396034058803,49
2095,3,4301,1552,2749,0,0,0,1.0,1,1.0,1,1.0,1,0.14009311488103535,49
2096,5,4306,1552,2754,0,0,0,1.0,1,1.0,1,1.0,1,0.13083608942847366,51
2097,1,4307,1552,2755,0,0,0,1.0,1,1.0,1,1.0,1,0.09631485855362884,51
2098,3,4310,1552,2758,0,0,0,1.0,1,1.0,1,1.0,1,0.06549315550036605,52
2099,1,4311,1552,2759,0,0,0,1.0,1,1.0,1,1.0,1,0.10916604308463863,51
2100,0,4311,1552,2759,0,0,0,1.0,1,1.0,1,1.0,1,0.11947018139387518,51
2101,3,4314,1552,2762,0,0,0,1.0,1,1.0,1,1.0,1,0.10061454249883026,48
2102,1,4315,1553,2762,0,0,0,1.0,1,1.0,1,1.0,1,0.13265801440875846,49
2103,5,4320,1555,2765,0,0,0,1.0,1,1.0,1,1.0,1,0.14259261429576844,48
2104,1,4321,1556,2765,0,0,0,1.0,1,1.0,1,1.0,1,0.17584810310034818,43
2105,3,4324,1557,2767,0,0,0,1.0,1,1.0,1,1.0,1,0.16114662930388118,42
2106,2,4326,1558,2768,0,0,0,1.0,1,1.0,1,1.0,1,0.18991887315699207,40
2107,4,4330,1561,2769,0,0,0,1.0,1,1.0,1,1.0,1,0.21159639127488386,39
2108,4,4334,1562,2772,0,0,0,1.0,1,1.0,1,1.0,1,0.198035080850919,38
2109,1,4335,1562,2773,0,0,0,1.0,1,1.0,1,1.0,1,0.1548230692387483,37
2110,2,4337,1564,2773,0,0,0,1.0,1,1.0,1,1.0,1,0.2187714652917452,38
2111,2,4339,1565,2774,0,0,0,1.0,1,1.0,1,1.0,1,0.24348500176289903,37
2112,2,4341,1567,2774,0,0,0,1.0,1,1.0,1,1.0,1,0.23080864741353363,36
2113,3,4344,1567,2777,0,0,0,1.0,1,1.0,1,1.0,1,0.186496179198881,36
2114,2,4346,1567,2779,0,0,0,1.0,1,1.0,1,1.0,1,0.12174648811270561,36
2115,1,4347,1567,2780,0,0,0,1.0,1,1.0,1,1.0,1,0.11175700849371521,35
2116,1,4348,1568,2780,0,0,0,1.0,1,1.0,1,1.0,1,0.17549316079654326,37
2117,0,4348,1568,2780,0,0,0,1.0,1,1.0,1,1.0,1,0.161982908852535,38
2118,2,4350,1568,2782,0,0,0,1.0,1,1.0,1,1.0,1,0.17646622007419707,40
2119,1,4351,1569,2782,0,0,0,1.0,1,1.0,1,1.0,1,0.17173073126392643,40
2120,1,4352,1570,2782,0,0,0,1.0,1,1.0,1,1.0,1,0.19541753179910054,41
2121,3,4355,1570,2785,0,0,0,1.0,1,1.0,1,1.0,1,0.1315940278321311,41
2122,0,4355,1570,2785,0,0,0,1.0,1,1.0,1,1.0,1,0.13111235783661446,42
2123,1,4356,1570,2786,0,0,0,1.0,1,1.0,1,1.0,1,0.11885324828512281,43
2124,1,4357,1570,2787,0,0,0,1.0,1,1.0,1,1.0,1,0.13044787850672612,41
2125,0,4357,1570,2787,0,0,0,1.0,1,1.0,1,1.0,1,0.13044787850672612,41
2126,0,4357,1570,2787,0,0,0,1.0,1,1.0,1,1.0,1,0.15672064725465493,40
2127,0,4357,1570,2787,0,0,0,1.0,1,1.0,1,1.0,1,0.15672064725465493,40
2128,1,4358,1570,2788,0,0,0,1.0,1,1.0,1,1.0,1,0.14501254077646916,41
2129,2,4360,1570,2790,0,0,0,1.0,1,1.0,1,1.0,1,0.10849624959459558,42
2130,1,4361,1570,2791,0,0,0,1.0,1,1.0,1,1.0,1,0.10865699300688496,45
2131,2,4363,1570,2793,0,0,0,1.0,1,1.0,1,1.0,1,0.1078473926227786,45
2132,0,4363,1570,2793,0,0,0,1.0,1,1.0,1,1.0,1,0.12296456385362352,46
2133,3,4366,1571,2795,0,0,0,1.0,1,1.0,1,1.0,1,0.1137672322023896,46
2134,1,4367,1571,2796,0,0,0,1.0,1,1.0,1,1.0,1,0.09931133101049855,47
2135,4,4371,1573,2798,0,0,0,1.0,1,1.0,1,1.0,1,0.08134956376376745,47
2136,2,4373,1574,2799,0,0,0,1.0,1,1.0,1,1.0,1,0.07587272973234137,47
2137,2,4375,1575,2800,0,0,0,1.0,1,1.0,1,1.0,1,0.062785808251495,49
2138,0,4375,1575,2800,0,0,0,1.0,1,1.0,1,1.0,1,0.062785808251495,49
2139,2,4377,1577,2800,0,0,0,1.0,1,1.0,1,1.0,1,0.11480313314677354,47
2140,4,4381,1578,2803,0,0,0,1.0,1,1.0,1,1.0,1,0.12021367308473198,48
2141,4,4385,1579,2806,0,0,0,1.0,1,1.0,1,1.0,1,0.07219724292847354,47
2142,0,4385,1579,2806,0,0,0,1.0,1,1.0,1,1.0,1,0.07219724292847354,47
2143,3,4388,1580,2808,0,0,0,1.0,1,1.0,1,1.0,1,0.0975254528827755,48
2144,7,4395,1583,2812,0,0,0,1.0,1,1.0,1,1.0,1,0.1213276795860575,48
2145,3,4398,1584,2814,0,0,0,1.0,1,1.0,1,1.0,1,0.06431816214096686,46
2146,2,4400,1585,2815,0,0,0,1.0,1,1.0,1,1.0,1,0.05385381466205626,47
2147,2,4402,1587,2815,0,0,0,1.0,1,1.0,1,1.0,1,0.1017988319605156,48
2148,1,4403,1588,2815,0,0,0,1.0,1,1.0,1,1.0,1,0.09273242687999363,46
2149,3,4406,1590,2816,0,0,0,1.0,1,1.0,1,1.0,1,0.06553974669081883,46
2150,1,4407,1590,2817,0,0,0,1.0,1,1.0,1,1.0,1,0.07047879057174025,46
2151,1,4408,1591,2817,0,0,0,1.0,1,1.0,1,1.0,1,0.097848644456295,44
2152,2,4410,1593,2817,0,0,0,1.0,1,1.0,1,1.0,1,0.16991245874322314,45
2153,6,4416,1594,2822,0,0,0,1.0,1,1.0,1,1.0,1,0.15959164411915178,48
2154,2,4418,1595,2823,0,0,0,1.0,1,1.0,1,1.0,1,0.17497566273212675,47
2155,5,4423,1597,2826,0,0,0,1.0,1,1.0,1,1.0,1,0.1822929608769149,48
2156,1,4424,1597,2827,0,0,0,1.0,1,1.0,1,1.0,1,0.17035197965126422,45
2157,2,4426,1597,2829,0,0,0,1.0,1,1.0,1,1.0,1,0.1318440993175217,43
2158,2,4428,1598,2830,0,0,0,1.0,1,1.0,1,1.0,1,0.12363632758095015,43
2159,5,4433,1600,2833,0,0,0,1.0,1,1.0,1,1.0,1,0.17774056269073663,43
2160,1,4434,1600,2834,0,0,0,1.0,1,1.0,1,1.0,1,0.1727823087927307,41
2161,4,4438,1600,2838,0,0,0,1.0,1,1.0,1,1.0,1,0.09207379826356028,41
2162,1,4439,1601,2838,0,0,0,1.0,1,1.0,1,1.0,1,0.11190407284321474,42
2163,2,4441,1602,2839,0,0,0,1.0,1,1.0,1,1.0,1,0.11321743431059743,43
2164,4,4445,1604,2841,0,0,0,1.0,1,1.0,1,1.0,1,0.18445192839960903,44
2165,6,4451,1604,2847,0,0,0,1.0,1,1.0,1,1.0,1,0.08890334375631537,44
2166,1,4452,1604,2848,0,0,0,1.0,1,1.0,1,1.0,1,0.09835990043907425,46
2167,0,4452,1604,2848,0,0,0,1.0,1,1.0,1,1.0,1,0.09835990043907425,46
2168,0,4452,1604,2848,0,0,0,1.0,1,1.0,1,1.0,1,0.08991501494905037,45
2169,4,4456,1605,2851,0,0,0,1.0,1,1.0,1,1.0,1,0.08620183469099275,49
2170,0,4456,1605,2851,0,0,0,1.0,1,1.0,1,1.0,1,0.08620183469099275,49
2171,2,4458,1607,2851,0,0,0,1.0,1,1.0,1,1.0,1,0.13714314129629518,51
2172,2,4460,1608,2852,0,0,0,1.0,1,1.0,1,1.0,1,0.09031746070325572,52
2173,0,4460,1608,2852,0,0,0,1.0,1,1.0,1,1.0,1,0.09031746070325572,52
2174,0,4460,1608,2852,0,0,0,1.0,1,1.0,1,1.0,1,0.09031746070325572,52
2175,1,4461,1608,2853,0,0,0,1.0,1,1.0,1,1.0,1,0.09640484996183729,53
2176,2,4463,1609,2854,0,0,0,1.0,1,1.0,1,1.0,1,0.09873057989255354,54
2177,6,4469,1612,2857,0,0,0,1.0,1,1.0,1,1.0,1,0.13821033155292373,55
2178,2,4471,1613,2858,0,0,0,1.0,1,1.0,1,1.0,1,0.14007800431474376,54
2179,1,4472,1613,2859,0,0,0,1.0,1,1.0,1,1.0,1,0.11746924476137728,52
2180,0,4472,1613,2859,0,0,0,1.0,1,1.0,1,1.0,1,0.130279858977543,51
2181,3,4475,1614,2861,0,0,0,1.0,1,1.0,1,1.0,1,0.09916226823493146,49
2182,3,4478,1617,2861,0,0,0,1.0,1,1.0,1,1.0,1,0.16315629158752315,49
2183,3,4481,1620,2861,0,0,0,1.0,1,1.0,1,1.0,1,0.20819321413287992,46
2184,5,4486,1622,2864,0,0,0,1.0,1,1.0,1,1.0,1,0.14422379039081537,45
2185,5,4491,1624,2867,0,0,0,1.0,1,1.0,1,1.0,1,0.09939892587025075,44
2186,4,4495,1626,2869,0,0,0,1.0,1,1.0,1,1.0,1,0.1291968163928809,42
2187,4,4499,1630,2869,0,0,0,1.0,1,1.0,1,1.0,1,0.16314174934937584,40
2188,4,4503,1634,2869,0,0,0,1.0,1,1.0,1,1.0,1,0.184325489445255,38
2189,6,4509,1635,2874,0,0,0,1.0,1,1.0,1,1.0,1,0.145727024700343,36
2190,5,4514,1637,2877,0,0,0,1.0,1,1.0,1,1.0,1,0.1671643402574462,34
2191,3,4517,1638,2879,0,0,0,1.0,1,1.0,1,1.0,1,0.14425054999203937,34
2192,3,4520,1640,2880,0,0,0,1.0,1,1.0,1,1.0,1,0.17186355318765506,33
2193,4,4524,1640,2884,0,0,0,1.0,1,1.0,1,1.0,1,0.1716063829046872,32
2194,0,4524,1640,2884,0,0,0,1.0,1,1.0,1,1.0,1,0.1716063829046872,32
2195,0,4524,1640,2884,0,0,0,1.0,1,1.0,1,1.0,1,0.16036587954840675,31
2196,2,4526,1641,2885,0,0,0,1.0,1,1.0,1,1.0,1,0.16002715762848507,32
2197,1,4527,1641,2886,0,0,0,1.0,1,1.0,1,1.0,1,0.12644839470612956,31
2198,1,4528,1641,2887,0,0,0,1.0,1,1.0,1,1.0,1,0.09659514534119316,31
2199,1,4529,1642,2887,0,0,0,1.0,1,1.0,1,1.0,1,0.13856448190959764,32
2200,4,4533,1642,2891,0,0,0,1.0,1,1.0,1,1.0,1,0.13392158809505883,35
2201,1,4534,1642,2892,0,0,0,1.0,1,1.0,1,1.0,1,0.10280325258403439,36
2202,0,4534,1642,2892,0,0,0,1.0,1,1.0,1,1.0,1,0.10280325258403439,36
2203,1,4535,1642,2893,0,0,0,1.0,1,1.0,1,1.0,1,0.0867379322926292,37
2204,3,4538,1643,2895,0,0,0,1.0,1,1.0,1,1.0,1,0.17768888047340498,36
2205,3,4541,1643,2898,0,0,0,1.0,1,1.0,1,1.0,1,0.08793519032343945,37
2206,1,4542,1644,2898,0,0,0,1.0,1,1.0,1,1.0,1,0.18031920497358936,35
2207,3,4545,1645,2900,0,0,0,1.0,1,1.0,1,1.0,1,0.1563074787053797,37
2208,1,4546,1645,2901,0,0,0,1.0,1,1.0,1,1.0,1,0.15602985084904913,36
2209,0,4546,1645,2901,0,0,0,1.0,1,1.0,1,1.0,1,0.17963235820134707,35
2210,4,4550,1645,2905,0,0,0,1.0,1,1.0,1,1.0,1,0.17795821886100502,38
2211,3,4553,1645,2908,0,0,0,1.0,1,1.0,1,1.0,1,0.17057690171582995,37
2212,2,4555,1645,2910,0,0,0,1.0,1,1.0,1,1.0,1,0.13205307666395016,38
2213,1,4556,1645,2911,0,0,0,1.0,1,1.0,1,1.0,1,0.10838173812007001,38
2214,2,4558,1645,2913,0,0,0,1.0,1,1.0,1,1.0,1,0.09845954768838586,39
2215,0,4558,1645,2913,0,0,0,1.0,1,1.0,1,1.0,1,0.08430543946055265,39
2216,1,4559,1646,2913,0,0,0,1.0,1,1.0,1,1.0,1,0.1261338054823827,39
2217,3,4562,1648,2914,0,0,0,1.0,1,1.0,1,1.0,1,0.07172610119304923,38
2218,1,4563,1649,2914,0,0,0,1.0,1,1.0,1,1.0,1,0.09917059387276032,37
2219,1,4564,1650,2914,0,0,0,1.0,1,1.0,1,1.0,1,0.16212975396199555,36
2220,3,4567,1651,2916,0,0,0,1.0,1,1.0,1,1.0,1,0.1970826400685706,34
2221,3,4570,1652,2918,0,0,0,1.0,1,1.0,1,1.0,1,0.1536866290194713,35
2222,0,4570,1652,2918,0,0,0,1.0,1,1.0,1,1.0,1,0.164833382572072,33
2223,1,4571,1653,2918,0,0,0,1.0,1,1.0,1,1.0,1,0.1572210422496911,34
2224,2,4573,1655,2918,0,0,0,1.0,1,1.0,1,1.0,1,0.188268438979555,32
2225,3,4576,1656,2920,0,0,0,1.0,1,1.0,1,1.0,1,0.14204745088088067,33
2226,1,4577,1657,2920,0,0,0,1.0,1,1.0,1,1.0,1,0.1718698164105427,32
2227,3,4580,1658,2922,0,0,0,1.0,1,1.0,1,1.0,1,0.14198931083374636,31
2228,2,4582,1658,2924,0,0,0,1.0,1,1.0,1,1.0,1,0.1511379752574664,32
2229,2,4584,1658,2926,0,0,0,1.0,1,1.0,1,1.0,1,0.11257245755781738,32
2230,0,4584,1658,2926,0,0,0,1.0,1,1.0,1,1.0,1,0.12589716530866377,31
2231,0,4584,1658,2926,0,0,0,1.0,1,1.0,1,1.0,1,0.11322205985503044,32
2232,0,4584,1658,2926,0,0,0,1.0,1,1.0,1,1.0,1,0.14709337227571306,32
2233,2,4586,1658,2928,0,0,0,1.0,1,1.0,1,1.0,1,0.1093577198871864,31
2234,3,4589,1660,2929,0,0,0,1.0,1,1.0,1,1.0,1,0.18820057797021983,32
2235,4,4593,1662,2931,0,0,0,1.0,1,1.0,1,1.0,1,0.257357293368357,31
2236,1,4594,1662,2932,0,0,0,1.0,1,1.0,1,1.0,1,0.24447796882918124,31
2237,3,4597,1664,2933,0,0,0,1.0,1,1.0,1,1.0,1,0.25459739861573505,31
2238,3,4600,1665,2935,0,0,0,1.0,1,1.0,1,1.0,1,0.2273552448789602,31
2239,2,4602,1665,2937,0,0,0,1.0,1,1.0,1,1.0,1,0.1563631795108642,31
2240,2,4604,1666,2938,0,0,0,1.0,1,1.0,1,1.0,1,0.1889796272841288,32
2241,4,4608,1667,2941,0,0,0,1.0,1,1.0,1,1.0,1,0.12670708071713074,32
2242,2,4610,1668,2942,0,0,0,1.0,1,1.0,1,1.0,1,0.12331494522344051,34
2243,4,4614,1671,2943,0,0,0,1.0,1,1.0,1,1.0,1,0.14951953156783104,34
2244,2,4616,1671,2945,0,0,0,1.0,1,1.0,1,1.0,1,0.1559970431044291,36
2245,1,4617,1671,2946,0,0,0,1.0,1,1.0,1,1.0,1,0.13758159621197016,36
2246,1,4618,1671,2947,0,0,0,1.0,1,1.0,1,1.0,1,0.12149767847269315,39
2247,0,4618,1671,2947,0,0,0,1.0,1,1.0,1,1.0,1,0.09945232930236889,40
2248,0,4618,1671,2947,0,0,0,1.0,1,1.0,1,1.0,1,0.09945232930236889,40
2249,0,4618,1671,2947,0,0,0,1.0,1,1.0,1,1.0,1,0.10509127350891433,41
2250,0,4618,1671,2947,0,0,0,1.0,1,1.0,1,1.0,1,0.10509127350891433,41
2251,0,4618,1671,2947,0,0,0,1.0,1,1.0,1,1.0,1,0.12683220645250068,42
2252,1,4619,1671,2948,0,0,0,1.0,1,1.0,1,1.0,1,0.13189195019121497,41
2253,0,4619,1671,2948,0,0,0,1.0,1,1.0,1,1.0,1,0.11668977426198932,40
2254,1,4620,1672,2948,0,0,0,1.0,1,1.0,1,1.0,1,0.15169274913233083,39
2255,1,4621,1672,2949,0,0,0,1.0,1,1.0,1,1.0,1,0.13006400749700456,39
2256,2,4623,1673,2950,0,0,0,1.0,1,1.0,1,1.0,1,0.1279180201566318,40
2257,2,4625,1674,2951,0,0,0,1.0,1,1.0,1,1.0,1,0.1245342424787949,40
2258,2,4627,1675,2952,0,0,0,1.0,1,1.0,1,1.0,1,0.1748118713091168,39
2259,3,4630,1676,2954,0,0,0,1.0,1,1.0,1,1.0,1,0.15614800979471863,41
2260,3,4633,1677,2956,0,0,0,1.0,1,1.0,1,1.0,1,0.18207084638788182,38
2261,3,4636,1679,2957,0,0,0,1.0,1,1.0,1,1.0,1,0.21945931174635244,38
2262,3,4639,1680,2959,0,0,0,1.0,1,1.0,1,1.0,1,0.22491642682712007,36
2263,4,4643,1682,2961,0,0,0,1.0,1,1.0,1,1.0,1,0.22594768286442896,35
2264,3,4646,1684,2962,0,0,0,1.0,1,1.0,1,1.0,1,0.23553309528377397,33
2265,2,4648,1685,2963,0,0,0,1.0,1,1.0,1,1.0,1,0.18912270850406232,33
2266,2,4650,1687,2963,0,0,0,1.0,1,1.0,1,1.0,1,0.23256546901937752,33
2267,5,4655,1690,2965,0,0,0,1.0,1,1.0,1,1.0,1,0.3231774221121656,33
2268,7,4662,1692,2970,0,0,0,1.0,1,1.0,1,1.0,1,0.21468881307184748,35
2269,5,4667,1693,2974,0,0,0,1.0,1,1.0,1,1.0,1,0.1315910201003505,36
2270,1,4668,1694,2974,0,0,0,1.0,1,1.0,1,1.0,1,0.11345030205294158,34
2271,0,4668,1694,2974,0,0,0,1.0,1,1.0,1,1.0,1,0.11345030205294158,34
2272,2,4670,1695,2975,0,0,0,1.0,1,1.0,1,1.0,1,0.09514279438177928,33
2273,0,4670,1695,2975,0,0,0,1.0,1,1.0,1,1.0,1,0.09045762533368253,32
2274,1,4671,1696,2975,0,0,0,1.0,1,1.0,1,1.0,1,0.1274773924116805,32
2275,2,4673,1696,2977,0,0,0,1.0,1,1.0,1,1.0,1,0.12187959117155117,32
2276,2,4675,1697,2978,0,0,0,1.0,1,1.0,1,1.0,1,0.16135310467075836,31
2277,2,4677,1698,2979,0,0,0,1.0,1,1.0,1,1.0,1,0.15531357353159608,30
2278,0,4677,1698,2979,0,0,0,1.0,1,1.0,1,1.0,1,0.1627439730996157,33
2279,0,4677,1698,2979,0,0,0,1.0,1,1.0,1,1.0,1,0.1627439730996157,33
2280,3,4680,1699,2981,0,0,0,1.0,1,1.0,1,1.0,1,0.1647351398633489,35
2281,3,4683,1699,2984,0,0,0,1.0,1,1.0,1,1.0,1,0.10782291426037764,36
2282,0,4683,1699,2984,0,0,0,1.0,1,1.0,1,1.0,1,0.10782291426037764,36
2283,0,4683,1699,2984,0,0,0,1.0,1,1.0,1,1.0,1,0.10782291426037764,36
2284,0,4683,1699,2984,0,0,0,1.0,1,1.0,1,1.0,1,0.10782291426037764,36
2285,2,4685,1699,2986,0,0,0,1.0,1,1.0,1,1.0,1,0.08105736382765043,37
2286,1,4686,1700,2986,0,0,0,1.0,1,1.0,1,1.0,1,0.11807045404497743,38
2287,2,4688,1700,2988,0,0,0,1.0,1,1.0,1,1.0,1,0.1006944294102276,38
2288,7,4695,1702,2993,0,0,0,1.0,1,1.0,1,1.0,1,0.17335899250806835,40
2289,3,4698,1703,2995,0,0,0,1.0,1,1.0,1,1.0,1,0.16829537793888738,40
2290,1,4699,1704,2995,0,0,0,1.0,1,1.0,1,1.0,1,0.22287056005088882,39
2291,0,4699,1704,2995,0,0,0,1.0,1,1.0,1,1.0,1,0.2329291722233618,37
2292,1,4700,1705,2995,0,0,0,1.0,1,1.0,1,1.0,1,0.30868919584260496,35
2293,5,4705,1706,2999,0,0,0,1.0,1,1.0,1,1.0,1,0.24618403183267612,35
2294,3,4708,1707,3001,0,0,0,1.0,1,1.0,1,1.0,1,0.2000143545769002,35
2295,1,4709,1707,3002,0,0,0,1.0,1,1.0,1,1.0,1,0.15530215177051215,36
2296,0,4709,1707,3002,0,0,0,1.0,1,1.0,1,1.0,1,0.17480183225348078,34
2297,2,4711,1707,3004,0,0,0,1.0,1,1.0,1,1.0,1,0.16873047768776855,35
2298,0,4711,1707,3004,0,0,0,1.0,1,1.0,1,1.0,1,0.19519931902023216,34
2299,1,4712,1708,3004,0,0,0,1.0,1,1.0,1,1.0,1,0.19986035787835565,35
2300,1,4713,1708,3005,0,0,0,1.0,1,1.0,1,1.0,1,0.1864875280628841,35
2301,1,4714,1708,3006,0,0,0,1.0,1,1.0,1,1.0,1,0.1694166366044274,35
2302,3,4717,1710,3007,0,0,0,1.0,1,1.0,1,1.0,1,0.21135397201091247,37
2303,1,4718,1711,3007,0,0,0,1.0,1,1.0,1,1.0,1,0.18730275004888736,35
2304,3,4721,1713,3008,0,0,0,1.0,1,1.0,1,1.0,1,0.27792217650498374,36
2305,4,4725,1713,3012,0,0,0,1.0,1,1.0,1,1.0,1,0.16080248242927336,34
2306,4,4729,1714,3015,0,0,0,1.0,1,1.0,1,1.0,1,0.11267110681285211,35
2307,1,4730,1714,3016,0,0,0,1.0,1,1.0,1,1.0,1,0.07478970219056533,35
2308,0,4730,1714,3016,0,0,0,1.0,1,1.0,1,1.0,1,0.07478970219056533,35
2309,0,4730,1714,3016,0,0,0,1.0,1,1.0,1,1.0,1,0.0939430067453381,34
2310,0,4730,1714,3016,0,0,0,1.0,1,1.0,1,1.0,1,0.09503118140146732,36
2311,2,4732,1715,3017,0,0,0,1.0,1,1.0,1,1.0,1,0.11067278518667306,38
2312,3,4735,1717,3018,0,0,0,1.0,1,1.0,1,1.0,1,0.12356310430132952,39
2313,4,4739,1718,3021,0,0,0,1.0,1,1.0,1,1.0,1,0.0967489241598691,39
2314,0,4739,1718,3021,0,0,0,1.0,1,1.0,1,1.0,1,0.0967489241598691,39
2315,1,4740,1719,3021,0,0,0,1.0,1,1.0,1,1.0,1,0.1615482612932676,40
2316,4,4744,1720,3024,0,0,0,1.0,1,1.0,1,1.0,1,0.16909612787943207,40
2317,3,4747,1720,3027,0,0,0,1.0,1,1.0,1,1.0,1,0.11125344994278756,41
2318,2,4749,1720,3029,0,0,0,1.0,1,1.0,1,1.0,1,0.10986293704399391,41
2319,2,4751,1720,3031,0,0,0,1.0,1,1.0,1,1.0,1,0.10986293704399391,41
2320,2,4753,1720,3033,0,0,0,1.0,1,1.0,1,1.0,1,0.12026348527301424,42
2321,1,4754,1720,3034,0,0,0,1.0,1,1.0,1,1.0,1,0.09842076015790699,43
2322,1,4755,1721,3034,0,0,0,1.0,1,1.0,1,1.0,1,0.1331322060951294,42
2323,2,4757,1722,3035,0,0,0,1.0,1,1.0,1,1.0,1,0.16591925544020175,43
2324,4,4761,1722,3039,0,0,0,1.0,1,1.0,1,1.0,1,0.16430270457719004,44
2325,2,4763,1723,3040,0,0,0,1.0,1,1.0,1,1.0,1,0.1395721660713611,44
2326,4,4767,1724,3043,0,0,0,1.0,1,1.0,1,1.0,1,0.07575136465493387,45
2327,0,4767,1724,3043,0,0,0,1.0,1,1.0,1,1.0,1,0.07575136465493387,45
2328,1,4768,1724,3044,0,0,0,1.0,1,1.0,1,1.0,1,0.07962965824539732,46
2329,1,4769,1725,3044,0,0,0,1.0,1,1.0,1,1.0,1,0.07127811284103377,45
2330,0,4769,1725,3044,0,0,0,1.0,1,1.0,1,1.0,1,0.049850587578898625,47
2331,0,4769,1725,3044,0,0,0,1.0,1,1.0,1,1.0,1,0.06211691570204811,48
2332,0,4769,1725,3044,0,0,0,1.0,1,1.0,1,1.0,1,0.06211691570204811,48
2333,2,4771,1726,3045,0,0,0,1.0,1,1.0,1,1.0,1,0.08466541728707039,49
2334,1,4772,1727,3045,0,0,0,1.0,1,1.0,1,1.0,1,0.1261151722298126,47
2335,1,4773,1728,3045,0,0,0,1.0,1,1.0,1,1.0,1,0.18096092861409724,46
2336,5,4778,1728,3050,0,0,0,1.0,1,1.0,1,1.0,1,0.21951680997483417,46
2337,5,4783,1729,3054,0,0,0,1.0,1,1.0,1,1.0,1,0.12108348108702671,45
2338,2,4785,1730,3055,0,0,0,1.0,1,1.0,1,1.0,1,0.10406359042054761,44
2339,3,4788,1731,3057,0,0,0,1.0,1,1.0,1,1.0,1,0.11936171433163129,45
2340,4,4792,1731,3061,0,0,0,1.0,1,1.0,1,1.0,1,0.12414194172416063,44
2341,4,4796,1731,3065,0,0,0,1.0,1,1.0,1,1.0,1,0.07673681348408913,45
2342,2,4798,1733,3065,0,0,0,1.0,1,1.0,1,1.0,1,0.12228753198697966,47
2343,2,4800,1734,3066,0,0,0,1.0,1,1.0,1,1.0,1,0.12910803361033213,46
2344,0,4800,1734,3066,0,0,0,1.0,1,1.0,1,1.0,1,0.1375373844430615,46
2345,1,4801,1734,3067,0,0,0,1.0,1,1.0,1,1.0,1,0.12196286476582821,45
2346,0,4801,1734,3067,0,0,0,1.0,1,1.0,1,1.0,1,0.11609122467066464,46
2347,0,4801,1734,3067,0,0,0,1.0,1,1.0,1,1.0,1,0.12687628653709382,47
2348,4,4805,1735,3070,0,0,0,1.0,1,1.0,1,1.0,1,0.10179850463182634,49
2349,0,4805,1735,3070,0,0,0,1.0,1,1.0,1,1.0,1,0.10179850463182634,49
2350,1,4806,1736,3070,0,0,0,1.0,1,1.0,1,1.0,1,0.11489637771892854,50
2351,2,4808,1737,3071,0,0,0,1.0,1,1.0,1,1.0,1,0.09948182305486365,50
2352,1,4809,1737,3072,0,0,0,1.0,1,1.0,1,1.0,1,0.10107027306269059,51
2353,1,4810,1737,3073,0,0,0,1.0,1,1.0,1,1.0,1,0.0731267872034063,51
2354,1,4811,1737,3074,0,0,0,1.0,1,1.0,1,1.0,1,0.09242300910652348,51
2355,1,4812,1738,3074,0,0,0,1.0,1,1.0,1,1.0,1,0.10871537736817374,50
2356,0,4812,1738,3074,0,0,0,1.0,1,1.0,1,1.0,1,0.10871537736817374,50
2357,6,4818,1739,3079,0,0,0,1.0,1,1.0,1,1.0,1,0.06138275633894974,49
2358,0,4818,1739,3079,0,0,0,1.0,1,1.0,1,1.0,1,0.07473019505374283,51
2359,0,4818,1739,3079,0,0,0,1.0,1,1.0,1,1.0,1,0.0708111460211163,51
2360,4,4822,1741,3081,0,0,0,1.0,1,1.0,1,1.0,1,0.09669619496468118,51
2361,4,4826,1742,3084,0,0,0,1.0,1,1.0,1,1.0,1,0.09679304343822345,52
2362,5,4831,1744,3087,0,0,0,1.0,1,1.0,1,1.0,1,0.13058743488081614,53
2363,3,4834,1744,3090,0,0,0,1.0,1,1.0,1,1.0,1,0.13782540503309368,54
2364,6,4840,1746,3094,0,0,0,1.0,1,1.0,1,1.0,1,0.15943705947323564,55
2365,6,4846,1749,3097,0,0,0,1.0,1,1.0,1,1.0,1,0.1728145917718688,53
2366,6,4852,1752,3100,0,0,0,1.0,1,1.0,1,1.0,1,0.14568600556304837,53
2367,4,4856,1754,3102,0,0,0,1.0,1,1.0,1,1.0,1,0.19255808998273918,51
2368,3,4859,1756,3103,0,0,0,1.0,1,1.0,1,1.0,1,0.21550045956829303,50
2369,5,4864,1757,3107,0,0,0,1.0,1,1.0,1,1.0,1,0.20228418428634845,47
2370,2,4866,1757,3109,0,0,0,1.0,1,1.0,1,1.0,1,0.20291933533894377,48
2371,0,4866,1757,3109,0,0,0,1.0,1,1.0,1,1.0,1,0.2159900872203023,49
2372,0,4866,1757,3109,0,0,0,1.0,1,1.0,1,1.0,1,0.22591942772951423,48
2373,3,4869,1757,3112,0,0,0,1.0,1,1.0,1,1.0,1,0.17510990519613104,49
2374,0,4869,1757,3112,0,0,0,1.0,1,1.0,1,1.0,1,0.16525635560951374,50
2375,1,4870,1758,3112,0,0,0,1.0,1,1.0,1,1.0,1,0.1782499626400969,50
2376,1,4871,1758,3113,0,0,0,1.0,1,1.0,1,1.0,1,0.17314623175225738,50
2377,0,4871,1758,3113,0,0,0,1.0,1,1.0,1,1.0,1,0.18608290235904662,49
2378,1,4872,1758,3114,0,0,0,1.0,1,1.0,1,1.0,1,0.1720092634141324,49
2379,2,4874,1759,3115,0,0,0,1.0,1,1.0,1,1.0,1,0.18340613401457295,50
2380,1,4875,1760,3115,0,0,0,1.0,1,1.0,1,1.0,1,0.2013217960286187,50
2381,1,4876,1761,3115,0,0,0,1.0,1,1.0,1,1.0,1,0.2129449793650578,51
2382,2,4878,1762,3116,0,0,0,1.0,1,1.0,1,1.0,1,0.22289333744206433,51
2383,7,4885,1763,3122,0,0,0,1.0,1,1.0,1,1.0,1,0.1626491010195071,52
2384,4,4889,1765,3124,0,0,0,1.0,1,1.0,1,1.0,1,0.1251759140468546,52
2385,1,4890,1766,3124,0,0,0,1.0,1,1.0,1,1.0,1,0.15010606985116415,51
2386,4,4894,1768,3126,0,0,0,1.0,1,1.0,1,1.0,1,0.1710043083432268,52
2387,1,4895,1769,3126,0,0,0,1.0,1,1.0,1,1.0,1,0.1871639645344881,49
2388,2,4897,1771,3126,0,0,0,1.0,1,1.0,1,1.0,1,0.19852874305040286,48
2389,7,4904,1773,3131,0,0,0,1.0,1,1.0,1,1.0,1,0.1292168174743139,48
2390,1,4905,1774,3131,0,0,0,1.0,1,1.0,1,1.0,1,0.14368604280219913,49
2391,4,4909,1777,3132,0,0,0,1.0,1,1.0,1,1.0,1,0.19391253944548387,48
2392,1,4910,1777,3133,0,0,0,1.0,1,1.0,1,1.0,1,0.21042030125883124,49
2393,6,4916,1778,3138,0,0,0,1.0,1,1.0,1,1.0,1,0.14676991454963115,50
2394,5,4921,1781,3140,0,0,0,1.0,1,1.0,1,1.0,1,0.16420068232255308,50
2395,0,4921,1781,3140,0,0,0,1.0,1,1.0,1,1.0,1,0.15835804032599493,49
2396,1,4922,1781,3141,0,0,0,1.0,1,1.0,1,1.0,1,0.16459400520044834,50
2397,6,4928,1784,3144,0,0,0,1.0,1,1.0,1,1.0,1,0.15313112013267097,51
2398,3,4931,1785,3146,0,0,0,1.0,1,1.0,1,1.0,1,0.12071851307319591,49
2399,1,4932,1785,3147,0,0,0,1.0,1,1.0,1,1.0,1,0.11594788426650487,50
2400,2,4934,1787,3147,0,0,0,1.0,1,1.0,1,1.0,1,0.12375141260202889,51
2401,1,4935,1787,3148,0,0,0,1.0,1,1.0,1,1.0,1,0.11816418885264884,50
2402,0,4935,1787,3148,0,0,0,1.0,1,1.0,1,1.0,1,0.11653888233968046,51
2403,0,4935,1787,3148,0,0,0,1.0,1,1.0,1,1.0,1,0.11654261371893723,52
2404,1,4936,1787,3149,0,0,0,1.0,1,1.0,1,1.0,1,0.10620752530834077,53
2405,1,4937,1787,3150,0,0,0,1.0,1,1.0,1,1.0,1,0.0965250580196637,52
2406,1,4938,1788,3150,0,0,0,1.0,1,1.0,1,1.0,1,0.11033826145380247,52
2407,2,4940,1789,3151,0,0,0,1.0,1,1.0,1,1.0,1,0.13718698436529428,51
2408,0,4940,1789,3151,0,0,0,1.0,1,1.0,1,1.0,1,0.14259058789564655,50
2409,2,4942,1789,3153,0,0,0,1.0,1,1.0,1,1.0,1,0.13568969433244524,50
2410,1,4943,1790,3153,0,0,0,1.0,1,1.0,1,1.0,1,0.1744181026036825,49
2411,0,4943,1790,3153,0,0,0,1.0,1,1.0,1,1.0,1,0.18355113714604865,48
2412,0,4943,1790,3153,0,0,0,1.0,1,1.0,1,1.0,1,0.1878781421983111,47
2413,2,4945,1790,3155,0,0,0,1.0,1,1.0,1,1.0,1,0.15525986511012654,47
2414,0,4945,1790,3155,0,0,0,1.0,1,1.0,1,1.0,1,0.18458674717220822,47
2415,2,4947,1790,3157,0,0,0,1.0,1,1.0,1,1.0,1,0.16148128376116322,46
2416,1,4948,1791,3157,0,0,0,1.0,1,1.0,1,1.0,1,0.18113809591888116,47
2417,4,4952,1792,3160,0,0,0,1.0,1,1.0,1,1.0,1,0.16477371860321716,46
2418,3,4955,1793,3162,0,0,0,1.0,1,1.0,1,1.0,1,0.153900003394603,48
2419,2,4957,1793,3164,0,0,0,1.0,1,1.0,1,1.0,1,0.16065685845826924,47
2420,3,4960,1793,3167,0,0,0,1.0,1,1.0,1,1.0,1,0.12426444051992135,49
2421,1,4961,1793,3168,0,0,0,1.0,1,1.0,1,1.0,1,0.10138243187355721,50
2422,1,4962,1794,3168,0,0,0,1.0,1,1.0,1,1.0,1,0.10030329366473291,50
2423,0,4962,1794,3168,0,0,0,1.0,1,1.0,1,1.0,1,0.11458503447470228,51
2424,6,4968,1799,3169,0,0,0,1.0,1,1.0,1,1.0,1,0.16885553263701225,50
2425,3,4971,1799,3172,0,0,0,1.0,1,1.0,1,1.0,1,0.10637678507704841,48
2426,4,4975,1801,3174,0,0,0,1.0,1,1.0,1,1.0,1,0.10749714312712842,51
2427,2,4977,1802,3175,0,0,0,1.0,1,1.0,1,1.0,1,0.11178203052633406,50
2428,3,4980,1803,3177,0,0,0,1.0,1,1.0,1,1.0,1,0.11513455782368157,49
2429,6,4986,1804,3182,0,0,0,1.0,1,1.0,1,1.0,1,0.1240309047068528,49
2430,0,4986,1804,3182,0,0,0,1.0,1,1.0,1,1.0,1,0.17985793938900024,46
2431,2,4988,1806,3182,0,0,0,1.0,1,1.0,1,1.0,1,0.1607717077148639,45
2432,1,4989,1807,3182,0,0,0,1.0,1,1.0,1,1.0,1,0.24184999828464102,44
2433,6,4995,1808,3187,0,0,0,1.0,1,1.0,1,1.0,1,0.14394726857405193,45
2434,0,4995,1808,3187,0,0,0,1.0,1,1.0,1,1.0,1,0.1301957717951318,44
2435,3,4998,1808,3190,0,0,0,1.0,1,1.0,1,1.0,1,0.08133572112983954,44
2436,4,5002,1809,3193,0,0,0,1.0,1,1.0,1,1.0,1,0.09071841206408032,44
2437,3,5005,1811,3194,0,0,0,1.0,1,1.0,1,1.0,1,0.1404285870283486,45
2438,3,5008,1812,3196,0,0,0,1.0,1,1.0,1,1.0,1,0.16963785052875938,45
2439,4,5012,1812,3200,0,0,0,1.0,1,1.0,1,1.0,1,0.17561831246653217,46
2440,1,5013,1812,3201,0,0,0,1.0,1,1.0,1,1.0,1,0.18661777625531706,45
2441,4,5017,1813,3204,0,0,0,1.0,1,1.0,1,1.0,1,0.13046300017165033,45
2442,1,5018,1814,3204,0,0,0,1.0,1,1.0,1,1.0,1,0.139867205653417,46
2443,1,5019,1814,3205,0,0,0,1.0,1,1.0,1,1.0,1,0.1708632916067841,45
2444,5,5024,1818,3206,0,0,0,1.0,1,1.0,1,1.0,1,0.24700338246607714,46
2445,6,5030,1819,3211,0,0,0,1.0,1,1.0,1,1.0,1,0.18108440294080883,44
2446,9,5039,1822,3217,0,0,0,1.0,1,1.0,1,1.0,1,0.2029485331757877,44
2447,4,5043,1823,3220,0,0,0,1.0,1,1.0,1,1.0,1,0.28177099967903046,42
2448,7,5050,1826,3224,0,0,0,1.0,1,1.0,1,1.0,1,0.2800659197825163,41
2449,12,5062,1827,3235,0,0,0,1.0,1,1.0,1,1.0,1,0.1560723049591652,40
2450,5,5067,1828,3239,0,0,0,1.0,1,1.0,1,1.0,1,0.168088700016024,42
2451,4,5071,1828,3243,0,0,0,1.0,1,1.0,1,1.0,1,0.14525055985031346,43
2452,4,5075,1828,3247,0,0,0,1.0,1,1.0,1,1.0,1,0.17754726645738128,43
2453,3,5078,1828,3250,0,0,0,1.0,1,1.0,1,1.0,1,0.15350817440558645,45
2454,3,5081,1829,3252,0,0,0,1.0,1,1.0,1,1.0,1,0.16969058095866169,47
2455,3,5084,1829,3255,0,0,0,1.0,1,1.0,1,1.0,1,0.17453584860728413,48
2456,6,5090,1831,3259,0,0,0,1.0,1,1.0,1,1.0,1,0.22855221064784323,49
2457,5,5095,1832,3263,0,0,0,1.0,1,1.0,1,1.0,1,0.21207358449091526,48
2458,1,5096,1832,3264,0,0,0,1.0,1,1.0,1,1.0,1,0.1974538799823593,49
2459,2,5098,1832,3266,0,0,0,1.0,1,1.0,1,1.0,1,0.1632140889948401,49
2460,3,5101,1833,3268,0,0,0,1.0,1,1.0,1,1.0,1,0.16672383509294175,50
2461,1,5102,1833,3269,0,0,0,1.0,1,1.0,1,1.0,1,0.15553642210346003,50
2462,4,5106,1835,3271,0,0,0,1.0,1,1.0,1,1.0,1,0.16463411930136915,51
2463,1,5107,1835,3272,0,0,0,1.0,1,1.0,1,1.0,1,0.17512330185131358,51
2464,3,5110,1837,3273,0,0,0,1.0,1,1.0,1,1.0,1,0.1496188708473939,50
2465,5,5115,1839,3276,0,0,0,1.0,1,1.0,1,1.0,1,0.12947183381656008,49
2466,4,5119,1840,3279,0,0,0,1.0,1,1.0,1,1.0,1,0.1031020100654539,49
2467,2,5121,1840,3281,0,0,0,1.0,1,1.0,1,1.0,1,0.09006791236903151,48
2468,4,5125,1842,3283,0,0,0,1.0,1,1.0,1,1.0,1,0.11566474215383807,47
2469,3,5128,1842,3286,0,0,0,1.0,1,1.0,1,1.0,1,0.07481225425160865,46
2470,0,5128,1842,3286,0,0,0,1.0,1,1.0,1,1.0,1,0.10372499820216347,44
2471,2,5130,1843,3287,0,0,0,1.0,1,1.0,1,1.0,1,0.10444780826922158,44
2472,1,5131,1844,3287,0,0,0,1.0,1,1.0,1,1.0,1,0.11536940071483295,44
2473,1,5132,1844,3288,0,0,0,1.0,1,1.0,1,1.0,1,0.09980214737643374,43
2474,4,5136,1847,3289,0,0,0,1.0,1,1.0,1,1.0,1,0.10068265071705963,44
2475,2,5138,1848,3290,0,0,0,1.0,1,1.0,1,1.0,1,0.11804904137843854,46
2476,1,5139,1848,3291,0,0,0,1.0,1,1.0,1,1.0,1,0.11124721853242857,46
2477,2,5141,1848,3293,0,0,0,1.0,1,1.0,1,1.0,1,0.06885299594068643,46
2478,0,5141,1848,3293,0,0,0,1.0,1,1.0,1,1.0,1,0.06885299594068643,46
2479,0,5141,1848,3293,0,0,0,1.0,1,1.0,1,1.0,1,0.06885299594068643,46
2480,2,5143,1850,3293,0,0,0,1.0,1,1.0,1,1.0,1,0.13208908271329808,47
2481,8,5151,1852,3299,0,0,0,1.0,1,1.0,1,1.0,1,0.09574921426856378,47
2482,2,5153,1853,3300,0,0,0,1.0,1,1.0,1,1.0,1,0.12321957249050196,45
2483,0,5153,1853,3300,0,0,0,1.0,1,1.0,1,1.0,1,0.14793148451176868,45
2484,1,5154,1854,3300,0,0,0,1.0,1,1.0,1,1.0,1,0.13978093128426175,46
2485,3,5157,1855,3302,0,0,0,1.0,1,1.0,1,1.0,1,0.1258869262058869,44
2486,0,5157,1855,3302,0,0,0,1.0,1,1.0,1,1.0,1,0.13720280551510602,43
2487,0,5157,1855,3302,0,0,0,1.0,1,1.0,1,1.0,1,0.1272856886945181,44
2488,2,5159,1857,3302,0,0,0,1.0,1,1.0,1,1.0,1,0.1673731060609971,45
2489,3,5162,1857,3305,0,0,0,1.0,1,1.0,1,1.0,1,0.1349153640998535,44
2490,1,5163,1858,3305,0,0,0,1.0,1,1.0,1,1.0,1,0.12234432473970522,44
2491,2,5165,1859,3306,0,0,0,1.0,1,1.0,1,1.0,1,0.19591621843137644,44
2492,2,5167,1860,3307,0,0,0,1.0,1,1.0,1,1.0,1,0.21514832316110535,44
2493,3,5170,1861,3309,0,0,0,1.0,1,1.0,1,1.0,1,0.23891087433585093,42
2494,2,5172,1862,3310,0,0,0,1.0,1,1.0,1,1.0,1,0.23127728187847374,42
2495,1,5173,1862,3311,0,0,0,1.0,1,1.0,1,1.0,1,0.20682386478118586,42
2496,5,5178,1863,3315,0,0,0,1.0,1,1.0,1,1.0,1,0.1909377290488379,42
2497,5,5183,1864,3319,0,0,0,1.0,1,1.0,1,1.0,1,0.1536991905936007,44
2498,1,5184,1864,3320,0,0,0,1.0,1,1.0,1,1.0,1,0.14263518108280643,43
2499,0,5184,1864,3320,0,0,0,1.0,1,1.0,1,1.0,1,0.14263518108280643,43
2500,3,5187,1865,3322,0,0,0,1.0,1,1.0,1,1.0,1,0.1563387689719745,44
2501,3,5190,1865,3325,0,0,0,1.0,1,1.0,1,1.0,1,0.11960707485809458,46
2502,1,5191,1865,3326,0,0,0,1.0,1,1.0,1,1.0,1,0.13586266693700694,47
2503,3,5194,1866,3328,0,0,0,1.0,1,1.0,1,1.0,1,0.16126615232273614,47
2504,1,5195,1866,3329,0,0,0,1.0,1,1.0,1,1.0,1,0.15270041509117477,46
2505,2,5197,1867,3330,0,0,0,1.0,1,1.0,1,1.0,1,0.13871443375170653,46
2506,2,5199,1869,3330,0,0,0,1.0,1,1.0,1,1.0,1,0.19303544480681292,45
2507,6,5205,1871,3334,0,0,0,1.0,1,1.0,1,1.0,1,0.15330413607990856,45
2508,2,5207,1872,3335,0,0,0,1.0,1,1.0,1,1.0,1,0.14889726509820925,46
2509,1,5208,1872,3336,0,0,0,1.0,1,1.0,1,1.0,1,0.1263303163885876,45
2510,4,5212,1874,3338,0,0,0,1.0,1,1.0,1,1.0,1,0.13955289582738536,46
2511,0,5212,1874,3338,0,0,0,1.0,1,1.0,1,1.0,1,0.1285558691298518,47
2512,1,5213,1875,3338,0,0,0,1.0,1,1.0,1,1.0,1,0.1674819534513695,47
2513,4,5217,1875,3342,0,0,0,1.0,1,1.0,1,1.0,1,0.0904943296048367,48
2514,3,5220,1878,3342,0,0,0,1.0,1,1.0,1,1.0,1,0.1553025511235515,48
2515,3,5223,1879,3344,0,0,0,1.0,1,1.0,1,1.0,1,0.1047522062234483,49
2516,3,5226,1880,3346,0,0,0,1.0,1,1.0,1,1.0,1,0.10809672374356505,49
2517,3,5229,1883,3346,0,0,0,1.0,1,1.0,1,1.0,1,0.1636452367307713,49
2518,3,5232,1884,3348,0,0,0,1.0,1,1.0,1,1.0,1,0.1297879394628097,48
2519,3,5235,1884,3351,0,0,0,1.0,1,1.0,1,1.0,1,0.1178074169384469,48
2520,2,5237,1884,3353,0,0,0,1.0,1,1.0,1,1.0,1,0.1367693956172727,46
2521,4,5241,1887,3354,0,0,0,1.0,1,1.0,1,1.0,1,0.1459571690844984,47
2522,0,5241,1887,3354,0,0,0,1.0,1,1.0,1,1.0,1,0.16077438648819092,45
2523,1,5242,1888,3354,0,0,0,1.0,1,1.0,1,1.0,1,0.19658115990932026,44
2524,1,5243,1888,3355,0,0,0,1.0,1,1.0,1,1.0,1,0.19287422116270495,42
2525,4,5247,1888,3359,0,0,0,1.0,1,1.0,1,1.0,1,0.15832022005575438,42
2526,0,5247,1888,3359,0,0,0,1.0,1,1.0,1,1.0,1,0.1652660314935845,41
2527,0,5247,1888,3359,0,0,0,1.0,1,1.0,1,1.0,1,0.1652660314935845,41
2528,3,5250,1888,3362,0,0,0,1.0,1,1.0,1,1.0,1,0.15726057516226782,41
2529,3,5253,1889,3364,0,0,0,1.0,1,1.0,1,1.0,1,0.10665389344262576,42
2530,0,5253,1889,3364,0,0,0,1.0,1,1.0,1,1.0,1,0.12494982897526874,41
2531,0,5253,1889,3364,0,0,0,1.0,1,1.0,1,1.0,1,0.12494982897526874,41
2532,0,5253,1889,3364,0,0,0,1.0,1,1.0,1,1.0,1,0.1349843215313957,43
2533,2,5255,1889,3366,0,0,0,1.0,1,1.0,1,1.0,1,0.09988448670266965,43
2534,0,5255,1889,3366,0,0,0,1.0,1,1.0,1,1.0,1,0.09988448670266965,43
2535,1,5256,1889,3367,0,0,0,1.0,1,1.0,1,1.0,1,0.11735202801276433,44
2536,0,5256,1889,3367,0,0,0,1.0,1,1.0,1,1.0,1,0.11735202801276433,44
2537,1,5257,1890,3367,0,0,0,1.0,1,1.0,1,1.0,1,0.14177944876048876,45
2538,2,5259,1890,3369,0,0,0,1.0,1,1.0,1,1.0,1,0.14357588003447444,48
2539,2,5261,1891,3370,0,0,0,1.0,1,1.0,1,1.0,1,0.15562618933835792,48
2540,4,5265,1893,3372,0,0,0,1.0,1,1.0,1,1.0,1,0.20656826909929177,50
2541,7,5272,1893,3379,0,0,0,1.0,1,1.0,1,1.0,1,0.15535222998829115,52
2542,5,5277,1895,3382,0,0,0,1.0,1,1.0,1,1.0,1,0.15648476864097696,52
2543,4,5281,1898,3383,0,0,0,1.0,1,1.0,1,1.0,1,0.2075228409317475,51
2544,6,5287,1902,3385,0,0,0,1.0,1,1.0,1,1.0,1,0.23822700432795454,51
2545,6,5293,1902,3391,0,0,0,1.0,1,1.0,1,1.0,1,0.13896768910719615,50
2546,2,5295,1904,3391,0,0,0,1.0,1,1.0,1,1.0,1,0.11938229586466818,50
2547,0,5295,1904,3391,0,0,0,1.0,1,1.0,1,1.0,1,0.14739132277862937,47
2548,0,5295,1904,3391,0,0,0,1.0,1,1.0,1,1.0,1,0.15432195132667564,46
2549,4,5299,1906,3393,0,0,0,1.0,1,1.0,1,1.0,1,0.15987081735837352,46
2550,2,5301,1907,3394,0,0,0,1.0,1,1.0,1,1.0,1,0.14083287259050853,44
2551,0,5301,1907,3394,0,0,0,1.0,1,1.0,1,1.0,1,0.14043314507096516,43
2552,0,5301,1907,3394,0,0,0,1.0,1,1.0,1,1.0,1,0.15080246183007387,43
2553,1,5302,1907,3395,0,0,0,1.0,1,1.0,1,1.0,1,0.13939293770639505,44
2554,1,5303,1908,3395,0,0,0,1.0,1,1.0,1,1.0,1,0.15354182702979446,45
2555,4,5307,1909,3398,0,0,0,1.0,1,1.0,1,1.0,1,0.11464436743430062,44
2556,1,5308,1909,3399,0,0,0,1.0,1,1.0,1,1.0,1,0.10180645373147142,44
2557,1,5309,1910,3399,0,0,0,1.0,1,1.0,1,1.0,1,0.13516126028741732,41
2558,0,5309,1910,3399,0,0,0,1.0,1,1.0,1,1.0,1,0.10237308090460641,40
2559,1,5310,1910,3400,0,0,0,1.0,1,1.0,1,1.0,1,0.1079141903273795,41
2560,0,5310,1910,3400,0,0,0,1.0,1,1.0,1,1.0,1,0.1079141903273795,41
2561,0,5310,1910,3400,0,0,0,1.0,1,1.0,1,1.0,1,0.1326061180015591,43
2562,1,5311,1911,3400,0,0,0,1.0,1,1.0,1,1.0,1,0.14206860482113687,44
2563,2,5313,1912,3401,0,0,0,1.0,1,1.0,1,1.0,1,0.17495232942523606,44
2564,2,5315,1913,3402,0,0,0,1.0,1,1.0,1,1.0,1,0.2053468210835515,44
2565,3,5318,1914,3404,0,0,0,1.0,1,1.0,1,1.0,1,0.1913969786225536,45
2566,4,5322,1916,3406,0,0,0,1.0,1,1.0,1,1.0,1,0.1989722294097713,46
2567,4,5326,1917,3409,0,0,0,1.0,1,1.0,1,1.0,1,0.2219657823811975,48
2568,5,5331,1918,3413,0,0,0,1.0,1,1.0,1,1.0,1,0.21341687566420792,48
2569,2,5333,1918,3415,0,0,0,1.0,1,1.0,1,1.0,1,0.19849927427084457,49
2570,2,5335,1918,3417,0,0,0,1.0,1,1.0,1,1.0,1,0.18820086913427334,48
2571,2,5337,1918,3419,0,0,0,1.0,1,1.0,1,1.0,1,0.18822964313261192,48
2572,3,5340,1918,3422,0,0,0,1.0,1,1.0,1,1.0,1,0.18685355405830784,49
2573,3,5343,1918,3425,0,0,0,1.0,1,1.0,1,1.0,1,0.11846229792942557,50
2574,1,5344,1919,3425,0,0,0,1.0,1,1.0,1,1.0,1,0.14690572506801022,49
2575,1,5345,1919,3426,0,0,0,1.0,1,1.0,1,1.0,1,0.13119993788828377,48
2576,0,5345,1919,3426,0,0,0,1.0,1,1.0,1,1.0,1,0.13119993788828377,48
2577,1,5346,1919,3427,0,0,0,1.0,1,1.0,1,1.0,1,0.14180741997093535,50
2578,0,5346,1919,3427,0,0,0,1.0,1,1.0,1,1.0,1,0.14180741997093535,50
2579,1,5347,1920,3427,0,0,0,1.0,1,1.0,1,1.0,1,0.15229466356917473,51
2580,3,5350,1920,3430,0,0,0,1.0,1,1.0,1,1.0,1,0.13126910528503527,52
2581,0,5350,1920,3430,0,0,0,1.0,1,1.0,1,1.0,1,0.14376185845077527,51
2582,0,5350,1920,3430,0,0,0,1.0,1,1.0,1,1.0,1,0.14376185845077527,51
2583,3,5353,1921,3432,0,0,0,1.0,1,1.0,1,1.0,1,0.12559021647910273,51
2584,4,5357,1924,3433,0,0,0,1.0,1,1.0,1,1.0,1,0.13744469363176645,51
2585,1,5358,1925,3433,0,0,0,1.0,1,1.0,1,1.0,1,0.12496020345201574,50
2586,3,5361,1927,3434,0,0,0,1.0,1,1.0,1,1.0,1,0.17443644255051893,50
2587,1,5362,1928,3434,0,0,0,1.0,1,1.0,1,1.0,1,0.12897725693601733,48
2588,3,5365,1929,3436,0,0,0,1.0,1,1.0,1,1.0,1,0.12741142435663214,50
2589,3,5368,1930,3438,0,0,0,1.0,1,1.0,1,1.0,1,0.07528848574355168,48
2590,1,5369,1931,3438,0,0,0,1.0,1,1.0,1,1.0,1,0.12288741275779339,47
2591,1,5370,1932,3438,0,0,0,1.0,1,1.0,1,1.0,1,0.14682325322773906,47
2592,2,5372,1933,3439,0,0,0,1.0,1,1.0,1,1.0,1,0.12420910868053653,47
2593,4,5376,1934,3442,0,0,0,1.0,1,1.0,1,1.0,1,0.08239589373993178,47
2594,9,5385,1937,3448,0,0,0,1.0,1,1.0,1,1.0,1,0.12932454295871235,49
2595,6,5391,1939,3452,0,0,0,1.0,1,1.0,1,1.0,1,0.10293649933581889,48
2596,4,5395,1940,3455,0,0,0,1.0,1,1.0,1,1.0,1,0.1716890795998621,47
2597,4,5399,1942,3457,0,0,0,1.0,1,1.0,1,1.0,1,0.09274152752042696,48
2598,3,5402,1943,3459,0,0,0,1.0,1,1.0,1,1.0,1,0.08821472000847096,48
2599,5,5407,1944,3463,0,0,0,1.0,1,1.0,1,1.0,1,0.0592289355490352,49
2600,5,5412,1946,3466,0,0,0,1.0,1,1.0,1,1.0,1,0.10825598288338902,52
2601,4,5416,1949,3467,0,0,0,1.0,1,1.0,1,1.0,1,0.17508776629972211,51
2602,2,5418,1949,3469,0,0,0,1.0,1,1.0,1,1.0,1,0.14270468871568576,52
2603,2,5420,1949,3471,0,0,0,1.0,1,1.0,1,1.0,1,0.16575020666687781,53
2604,3,5423,1949,3474,0,0,0,1.0,1,1.0,1,1.0,1,0.14890639135370196,53
2605,2,5425,1949,3476,0,0,0,1.0,1,1.0,1,1.0,1,0.14647292801950276,52
2606,1,5426,1949,3477,0,0,0,1.0,1,1.0,1,1.0,1,0.1462063251315649,52
2607,0,5426,1949,3477,0,0,0,1.0,1,1.0,1,1.0,1,0.15030281848812688,52
2608,0,5426,1949,3477,0,0,0,1.0,1,1.0,1,1.0,1,0.15030281848812688,52
2609,1,5427,1949,3478,0,0,0,1.0,1,1.0,1,1.0,1,0.13043369438799107,53
2610,3,5430,1951,3479,0,0,0,1.0,1,1.0,1,1.0,1,0.12164314100698077,54
2611,6,5436,1953,3483,0,0,0,1.0,1,1.0,1,1.0,1,0.14672581299746457,54
2612,3,5439,1953,3486,0,0,0,1.0,1,1.0,1,1.0,1,0.17291041886776795,56
2613,10,5449,1955,3494,0,0,0,1.0,1,1.0,1,1.0,1,0.07113272344147421,56
2614,1,5450,1955,3495,0,0,0,1.0,1,1.0,1,1.0,1,0.0732925256688208,56
2615,1,5451,1956,3495,0,0,0,1.0,1,1.0,1,1.0,1,0.06554603042243612,57
2616,1,5452,1956,3496,0,0,0,1.0,1,1.0,1,1.0,1,0.06406381835333277,57
2617,2,5454,1957,3497,0,0,0,1.0,1,1.0,1,1.0,1,0.04969342689075678,58
2618,0,5454,1957,3497,0,0,0,1.0,1,1.0,1,1.0,1,0.04969342689075678,58
2619,2,5456,1958,3498,0,0,0,1.0,1,1.0,1,1.0,1,0.0902866814084534,58
2620,1,5457,1958,3499,0,0,0,1.0,1,1.0,1,1.0,1,0.0955105857915154,60
2621,2,5459,1958,3501,0,0,0,1.0,1,1.0,1,1.0,1,0.056832425002227474,59
2622,1,5460,1959,3501,0,0,0,1.0,1,1.0,1,1.0,1,0.07305577765808446,60
2623,2,5462,1960,3502,0,0,0,1.0,1,1.0,1,1.0,1,0.09039558826237741,59
2624,5,5467,1965,3502,0,0,0,1.0,1,1.0,1,1.0,1,0.17390361535521887,58
2625,10,5477,1966,3511,0,0,0,1.0,1,1.0,1,1.0,1,0.10177529326523313,58
2626,3,5480,1967,3513,0,0,0,1.0,1,1.0,1,1.0,1,0.07004010667453611,57
2627,1,5481,1967,3514,0,0,0,1.0,1,1.0,1,1.0,1,0.0761032931005488,55
2628,1,5482,1968,3514,0,0,0,1.0,1,1.0,1,1.0,1,0.07940259264284925,55
2629,0,5482,1968,3514,0,0,0,1.0,1,1.0,1,1.0,1,0.09819525909250143,54
2630,4,5486,1970,3516,0,0,0,1.0,1,1.0,1,1.0,1,0.10805766830882597,55
2631,0,5486,1970,3516,0,0,0,1.0,1,1.0,1,1.0,1,0.12812667550410364,55
2632,0,5486,1970,3516,0,0,0,1.0,1,1.0,1,1.0,1,0.12812667550410364,55
2633,1,5487,1971,3516,0,0,0,1.0,1,1.0,1,1.0,1,0.11350529074462132,53
2634,3,5490,1972,3518,0,0,0,1.0,1,1.0,1,1.0,1,0.1257492655125803,52
2635,1,5491,1972,3519,0,0,0,1.0,1,1.0,1,1.0,1,0.10716918662825599,52
2636,2,5493,1974,3519,0,0,0,1.0,1,1.0,1,1.0,1,0.18462341080691466,51
2637,5,5498,1975,3523,0,0,0,1.0,1,1.0,1,1.0,1,0.10988193557115128,50
2638,3,5501,1977,3524,0,0,0,1.0,1,1.0,1,1.0,1,0.14265959017605162,48
2639,3,5504,1979,3525,0,0,0,1.0,1,1.0,1,1.0,1,0.12946319612559085,48
2640,3,5507,1981,3526,0,0,0,1.0,1,1.0,1,1.0,1,0.15073102744776498,46
2641,7,5514,1984,3530,0,0,0,1.0,1,1.0,1,1.0,1,0.12231470879398665,46
2642,9,5523,1990,3533,0,0,0,1.0,1,1.0,1,1.0,1,0.12373574647713663,47
2643,3,5526,1991,3535,0,0,0,1.0,1,1.0,1,1.0,1,0.1465138497442335,45
2644,5,5531,1992,3539,0,0,0,1.0,1,1.0,1,1.0,1,0.11860284212216601,44
2645,6,5537,1993,3544,0,0,0,1.0,1,1.0,1,1.0,1,0.1262499731123319,42
2646,4,5541,1994,3547,0,0,0,1.0,1,1.0,1,1.0,1,0.157323787578462,43
2647,0,5541,1994,3547,0,0,0,1.0,1,1.0,1,1.0,1,0.12542335662539597,40
2648,1,5542,1995,3547,0,0,0,1.0,1,1.0,1,1.0,1,0.09421210114958328,41
2649,0,5542,1995,3547,0,0,0,1.0,1,1.0,1,1.0,1,0.09561843591131265,43
2650,1,5543,1995,3548,0,0,0,1.0,1,1.0,1,1.0,1,0.09873648931518551,43
2651,1,5544,1996,3548,0,0,0,1.0,1,1.0,1,1.0,1,0.13049530723341068,44
2652,0,5544,1996,3548,0,0,0,1.0,1,1.0,1,1.0,1,0.13049530723341068,44
2653,0,5544,1996,3548,0,0,0,1.0,1,1.0,1,1.0,1,0.13049530723341068,44
2654,4,5548,1997,3551,0,0,0,1.0,1,1.0,1,1.0,1,0.10051825838074416,45
2655,1,5549,1997,3552,0,0,0,1.0,1,1.0,1,1.0,1,0.08324853669562934,45
2656,0,5549,1997,3552,0,0,0,1.0,1,1.0,1,1.0,1,0.08324853669562934,45
2657,0,5549,1997,3552,0,0,0,1.0,1,1.0,1,1.0,1,0.11481711997518915,45
2658,1,5550,1998,3552,0,0,0,1.0,1,1.0,1,1.0,1,0.1409638601222742,47
2659,2,5552,1999,3553,0,0,0,1.0,1,1.0,1,1.0,1,0.18842037193783595,46
2660,1,5553,1999,3554,0,0,0,1.0,1,1.0,1,1.0,1,0.16532614363247353,46
2661,5,5558,2001,3557,0,0,0,1.0,1,1.0,1,1.0,1,0.1446197929235777,46
2662,4,5562,2003,3559,0,0,0,1.0,1,1.0,1,1.0,1,0.13988792472277886,47
2663,6,5568,2004,3564,0,0,0,1.0,1,1.0,1,1.0,1,0.11704746026808051,46
2664,3,5571,2006,3565,0,0,0,1.0,1,1.0,1,1.0,1,0.11143880925538534,45
2665,6,5577,2008,3569,0,0,0,1.0,1,1.0,1,1.0,1,0.11541114252098246,47
2666,8,5585,2012,3573,0,0,0,1.0,1,1.0,1,1.0,1,0.16276359894364545,47
2667,7,5592,2013,3579,0,0,0,1.0,1,1.0,1,1.0,1,0.16540308114667085,45
2668,8,5600,2015,3585,0,0,0,1.0,1,1.0,1,1.0,1,0.1119157329563109,45
2669,5,5605,2016,3589,0,0,0,1.0,1,1.0,1,1.0,1,0.052399367163977056,45
2670,6,5611,2018,3593,0,0,0,1.0,1,1.0,1,1.0,1,0.08006421095925426,45
2671,4,5615,2020,3595,0,0,0,1.0,1,1.0,1,1.0,1,0.17358633034421836,41
2672,2,5617,2021,3596,0,0,0,1.0,1,1.0,1,1.0,1,0.20786043726531342,40
2673,7,5624,2021,3603,0,0,0,1.0,1,1.0,1,1.0,1,0.14452822292627052,39
2674,2,5626,2022,3604,0,0,0,1.0,1,1.0,1,1.0,1,0.1481851003470676,37
2675,1,5627,2023,3604,0,0,0,1.0,1,1.0,1,1.0,1,0.2147921121602479,35
2676,1,5628,2023,3605,0,0,0,1.0,1,1.0,1,1.0,1,0.18115533815719487,34
2677,2,5630,2023,3607,0,0,0,1.0,1,1.0,1,1.0,1,0.127166966559379,32
2678,2,5632,2024,3608,0,0,0,1.0,1,1.0,1,1.0,1,0.1812603296985604,33
2679,3,5635,2025,3610,0,0,0,1.0,1,1.0,1,1.0,1,0.21906298796011323,33
2680,4,5639,2029,3610,0,0,0,1.0,1,1.0,1,1.0,1,0.2599642325527626,33
2681,5,5644,2030,3614,0,0,0,1.0,1,1.0,1,1.0,1,0.13091251248044214,32
2682,3,5647,2032,3615,0,0,0,1.0,1,1.0,1,1.0,1,0.15103181223416517,32
2683,2,5649,2033,3616,0,0,0,1.0,1,1.0,1,1.0,1,0.21732206926215403,32
2684,4,5653,2033,3620,0,0,0,1.0,1,1.0,1,1.0,1,0.19593208675030346,31
2685,6,5659,2034,3625,0,0,0,1.0,1,1.0,1,1.0,1,0.13023200588487122,30
2686,1,5660,2035,3625,0,0,0,1.0,1,1.0,1,1.0,1,0.1749774761234206,29
2687,0,5660,2035,3625,0,0,0,1.0,1,1.0,1,1.0,1,0.16025276502354166,28
2688,1,5661,2035,3626,0,0,0,1.0,1,1.0,1,1.0,1,0.17578327927843487,28
2689,3,5664,2035,3629,0,0,0,1.0,1,1.0,1,1.0,1,0.14722018016904187,29
2690,2,5666,2035,3631,0,0,0,1.0,1,1.0,1,1.0,1,0.11263097232516738,29
2691,0,5666,2035,3631,0,0,0,1.0,1,1.0,1,1.0,1,0.11263097232516738,29
2692,3,5669,2035,3634,0,0,0,1.0,1,1.0,1,1.0,1,0.09407518725971102,31
2693,2,5671,2037,3634,0,0,0,1.0,1,1.0,1,1.0,1,0.16899260257340515,32
2694,2,5673,2038,3635,0,0,0,1.0,1,1.0,1,1.0,1,0.1493339883664503,32
2695,1,5674,2038,3636,0,0,0,1.0,1,1.0,1,1.0,1,0.11554676247752681,33
2696,0,5674,2038,3636,0,0,0,1.0,1,1.0,1,1.0,1,0.11554676247752681,33
2697,1,5675,2038,3637,0,0,0,1.0,1,1.0,1,1.0,1,0.11470253611448693,34
2698,2,5677,2039,3638,0,0,0,1.0,1,1.0,1,1.0,1,0.12317053614123837,34
2699,0,5677,2039,3638,0,0,0,1.0,1,1.0,1,1.0,1,0.11310095016980033,36
2700,1,5678,2039,3639,0,0,0,1.0,1,1.0,1,1.0,1,0.10566731087349004,36
2701,1,5679,2039,3640,0,0,0,1.0,1,1.0,1,1.0,1,0.09346134227057147,36
2702,1,5680,2040,3640,0,0,0,1.0,1,1.0,1,1.0,1,0.14185752766613724,36
2703,3,5683,2042,3641,0,0,0,1.0,1,1.0,1,1.0,1,0.14703901537329508,38
2704,1,5684,2043,3641,0,0,0,1.0,1,1.0,1,1.0,1,0.16296923973679875,37
2705,3,5687,2045,3642,0,0,0,1.0,1,1.0,1,1.0,1,0.19869853408361762,36
2706,3,5690,2047,3643,0,0,0,1.0,1,1.0,1,1.0,1,0.23643336979436583,34
2707,3,5693,2049,3644,0,0,0,1.0,1,1.0,1,1.0,1,0.23432565878754455,36
2708,3,5696,2052,3644,0,0,0,1.0,1,1.0,1,1.0,1,0.25615519106308976,36
2709,4,5700,2053,3647,0,0,0,1.0,1,1.0,1,1.0,1,0.1771931464418422,33
2710,3,5703,2055,3648,0,0,0,1.0,1,1.0,1,1.0,1,0.22673058058953346,32
2711,2,5705,2056,3649,0,0,0,1.0,1,1.0,1,1.0,1,0.15953496654684005,29
2712,2,5707,2056,3651,0,0,0,1.0,1,1.0,1,1.0,1,0.1822271899912991,28
2713,2,5709,2056,3653,0,0,0,1.0,1,1.0,1,1.0,1,0.15852739429423382,28
2714,0,5709,2056,3653,0,0,0,1.0,1,1.0,1,1.0,1,0.15279047763497317,25
2715,2,5711,2058,3653,0,0,0,1.0,1,1.0,1,1.0,1,0.23143196858303658,24
2716,4,5715,2060,3655,0,0,0,1.0,1,1.0,1,1.0,1,0.361096377074083,23
2717,5,5720,2062,3658,0,0,0,1.0,1,1.0,1,1.0,1,0.2639677181910614,24
2718,2,5722,2062,3660,0,0,0,1.0,1,1.0,1,1.0,1,0.16545339166700213,24
2719,1,5723,2063,3660,0,0,0,1.0,1,1.0,1,1.0,1,0.2244580199439545,25
2720,2,5725,2064,3661,0,0,0,1.0,1,1.0,1,1.0,1,0.21381154800200153,25
2721,3,5728,2064,3664,0,0,0,1.0,1,1.0,1,1.0,1,0.15462857181557743,26
2722,2,5730,2065,3665,0,0,0,1.0,1,1.0,1,1.0,1,0.11058852894153974,26
2723,1,5731,2066,3665,0,0,0,1.0,1,1.0,1,1.0,1,0.12175015800168869,26
2724,1,5732,2067,3665,0,0,0,1.0,1,1.0,1,1.0,1,0.18401339682772216,27
2725,3,5735,2068,3667,0,0,0,1.0,1,1.0,1,1.0,1,0.1303606705291787,27
2726,0,5735,2068,3667,0,0,0,1.0,1,1.0,1,1.0,1,0.1601719422791673,28
2727,0,5735,2068,3667,0,0,0,1.0,1,1.0,1,1.0,1,0.15673646791402512,29
2728,0,5735,2068,3667,0,0,0,1.0,1,1.0,1,1.0,1,0.18473695758789827,28
2729,0,5735,2068,3667,0,0,0,1.0,1,1.0,1,1.0,1,0.18473695758789827,28
2730,1,5736,2068,3668,0,0,0,1.0,1,1.0,1,1.0,1,0.16235762311079294,29
2731,2,5738,2069,3669,0,0,0,1.0,1,1.0,1,1.0,1,0.17334022860435402,30
2732,1,5739,2069,3670,0,0,0,1.0,1,1.0,1,1.0,1,0.18297967546374072,29
2733,0,5739,2069,3670,0,0,0,1.0,1,1.0,1,1.0,1,0.18297967546374072,29
2734,0,5739,2069,3670,0,0,0,1.0,1,1.0,1,1.0,1,0.18297967546374072,29
2735,2,5741,2071,3670,0,0,0,1.0,1,1.0,1,1.0,1,0.21417881317477652,29
2736,2,5743,2071,3672,0,0,0,1.0,1,1.0,1,1.0,1,0.18645563625117023,30
2737,0,5743,2071,3672,0,0,0,1.0,1,1.0,1,1.0,1,0.18645563625117023,30
2738,1,5744,2072,3672,0,0,0,1.0,1,1.0,1,1.0,1,0.2353385348648888,29
2739,0,5744,2072,3672,0,0,0,1.0,1,1.0,1,1.0,1,0.24690377348480472,30
2740,0,5744,2072,3672,0,0,0,1.0,1,1.0,1,1.0,1,0.26333127386371913,29
2741,4,5748,2073,3675,0,0,0,1.0,1,1.0,1,1.0,1,0.22412796289791184,29
2742,1,5749,2074,3675,0,0,0,1.0,1,1.0,1,1.0,1,0.23924660261230246,29
2743,6,5755,2075,3680,0,0,0,1.0,1,1.0,1,1.0,1,0.10892181569404204,30
2744,2,5757,2077,3680,0,0,0,1.0,1,1.0,1,1.0,1,0.13746958630305536,28
2745,0,5757,2077,3680,0,0,0,1.0,1,1.0,1,1.0,1,0.14772752699888952,27
2746,2,5759,2079,3680,0,0,0,1.0,1,1.0,1,1.0,1,0.2593123304908134,26
2747,1,5760,2080,3680,0,0,0,1.0,1,1.0,1,1.0,1,0.31769043721307805,22
2748,1,5761,2081,3680,0,0,0,1.0,1,1.0,1,1.0,1,0.3322128544246452,22
2749,3,5764,2081,3683,0,0,0,1.0,1,1.0,1,1.0,1,0.29127915071694793,20
2750,4,5768,2081,3687,0,0,0,1.0,1,1.0,1,1.0,1,0.31472241448646476,17
2751,0,5768,2081,3687,0,0,0,1.0,1,1.0,1,1.0,1,0.31472241448646476,17
2752,2,5770,2081,3689,0,0,0,1.0,1,1.0,1,1.0,1,0.3134931469635918,16
2753,1,5771,2081,3690,0,0,0,1.0,1,1.0,1,1.0,1,0.25590138019046305,16
2754,1,5772,2082,3690,0,0,0,1.0,1,1.0,1,1.0,1,0.2300062507159409,16
2755,0,5772,2082,3690,0,0,0,1.0,1,1.0,1,1.0,1,0.2300062507159409,16
2756,0,5772,2082,3690,0,0,0,1.0,1,1.0,1,1.0,1,0.26130320979712407,17
2757,0,5772,2082,3690,0,0,0,1.0,1,1.0,1,1.0,1,0.2778814134220884,18
2758,1,5773,2082,3691,0,0,0,1.0,1,1.0,1,1.0,1,0.22451271740128056,18
2759,1,5774,2082,3692,0,0,0,1.0,1,1.0,1,1.0,1,0.20397578229107194,19
2760,0,5774,2082,3692,0,0,0,1.0,1,1.0,1,1.0,1,0.19239273969658466,18
2761,0,5774,2082,3692,0,0,0,1.0,1,1.0,1,1.0,1,0.19239273969658466,18
2762,0,5774,2082,3692,0,0,0,1.0,1,1.0,1,1.0,1,0.19239273969658466,18
2763,0,5774,2082,3692,0,0,0,1.0,1,1.0,1,1.0,1,0.19239273969658466,18
2764,0,5774,2082,3692,0,0,0,1.0,1,1.0,1,1.0,1,0.19239273969658466,18
2765,1,5775,2083,3692,0,0,0,1.0,1,1.0,1,1.0,1,0.20485568162825485,18
2766,0,5775,2083,3692,0,0,0,1.0,1,1.0,1,1.0,1,0.20485568162825485,18
2767,0,5775,2083,3692,0,0,0,1.0,1,1.0,1,1.0,1,0.24250595585530194,17
2768,0,5775,2083,3692,0,0,0,1.0,1,1.0,1,1.0,1,0.24250595585530194,17
2769,1,5776,2084,3692,0,0,0,1.0,1,1.0,1,1.0,1,0.21687339384744977,17
2770,0,5776,2084,3692,0,0,0,1.0,1,1.0,1,1.0,1,0.21687339384744977,17
2771,0,5776,2084,3692,0,0,0,1.0,1,1.0,1,1.0,1,0.21687339384744977,17
2772,0,5776,2084,3692,0,0,0,1.0,1,1.0,1,1.0,1,0.21687339384744977,17
2773,1,5777,2085,3692,0,0,0,1.0,1,1.0,1,1.0,1,0.22233711415300514,17
2774,0,5777,2085,3692,0,0,0,1.0,1,1.0,1,1.0,1,0.17928964018284013,18
2775,1,5778,2086,3692,0,0,0,1.0,1,1.0,1,1.0,1,0.21680211375250183,20
2776,1,5779,2087,3692,0,0,0,1.0,1,1.0,1,1.0,1,0.31710535262936385,21
2777,1,5780,2088,3692,0,0,0,1.0,1,1.0,1,1.0,1,0.3470276941530151,21
2778,0,5780,2088,3692,0,0,0,1.0,1,1.0,1,1.0,1,0.3470276941530151,21
2779,1,5781,2089,3692,0,0,0,1.0,1,1.0,1,1.0,1,0.34427288597430117,22
2780,2,5783,2090,3693,0,0,0,1.0,1,1.0,1,1.0,1,0.3493944779246447,22
2781,2,5785,2090,3695,0,0,0,1.0,1,1.0,1,1.0,1,0.286894707996863,22
2782,3,5788,2092,3696,0,0,0,1.0,1,1.0,1,1.0,1,0.23216175969233863,23
2783,4,5792,2093,3699,0,0,0,1.0,1,1.0,1,1.0,1,0.21726138743431192,22
2784,2,5794,2094,3700,0,0,0,1.0,1,1.0,1,1.0,1,0.24106998429232018,21
2785,0,5794,2094,3700,0,0,0,1.0,1,1.0,1,1.0,1,0.29534508279652777,19
2786,1,5795,2095,3700,0,0,0,1.0,1,1.0,1,1.0,1,0.3107228842983884,19
2787,0,5795,2095,3700,0,0,0,1.0,1,1.0,1,1.0,1,0.3297446228151356,20
2788,0,5795,2095,3700,0,0,0,1.0,1,1.0,1,1.0,1,0.3297446228151356,20
2789,0,5795,2095,3700,0,0,0,1.0,1,1.0,1,1.0,1,0.35736202421648217,19
2790,2,5797,2095,3702,0,0,0,1.0,1,1.0,1,1.0,1,0.26358858037611177,20
2791,0,5797,2095,3702,0,0,0,1.0,1,1.0,1,1.0,1,0.26358858037611177,20
2792,0,5797,2095,3702,0,0,0,1.0,1,1.0,1,1.0,1,0.26358858037611177,20
2793,1,5798,2095,3703,0,0,0,1.0,1,1.0,1,1.0,1,0.25269442594585895,19
2794,0,5798,2095,3703,0,0,0,1.0,1,1.0,1,1.0,1,0.2766594155343409,20
2795,1,5799,2095,3704,0,0,0,1.0,1,1.0,1,1.0,1,0.2559847679662981,21
2796,2,5801,2096,3705,0,0,0,1.0,1,1.0,1,1.0,1,0.2374872154993997,22
2797,0,5801,2096,3705,0,0,0,1.0,1,1.0,1,1.0,1,0.2214195092690477,21
2798,1,5802,2097,3705,0,0,0,1.0,1,1.0,1,1.0,1,0.2579929102049567,21
2799,0,5802,2097,3705,0,0,0,1.0,1,1.0,1,1.0,1,0.2503337979151011,20
2800,0,5802,2097,3705,0,0,0,1.0,1,1.0,1,1.0,1,0.2503337979151011,20
2801,1,5803,2097,3706,0,0,0,1.0,1,1.0,1,1.0,1,0.22503736619008083,20
2802,0,5803,2097,3706,0,0,0,1.0,1,1.0,1,1.0,1,0.22503736619008083,20
2803,1,5804,2097,3707,0,0,0,1.0,1,1.0,1,1.0,1,0.18877104774828876,21
2804,2,5806,2098,3708,0,0,0,1.0,1,1.0,1,1.0,1,0.19368830907671997,22
2805,1,5807,2099,3708,0,0,0,1.0,1,1.0,1,1.0,1,0.18974804648214924,22
2806,2,5809,2099,3710,0,0,0,1.0,1,1.0,1,1.0,1,0.061563359426442844,23
2807,2,5811,2101,3710,0,0,0,1.0,1,1.0,1,1.0,1,0.19064851911338468,24
2808,2,5813,2103,3710,0,0,0,1.0,1,1.0,1,1.0,1,0.22368841904828485,24
2809,5,5818,2103,3715,0,0,0,1.0,1,1.0,1,1.0,1,0.09970676911145157,26
2810,1,5819,2103,3716,0,0,0,1.0,1,1.0,1,1.0,1,0.1040717600204496,26
2811,2,5821,2103,3718,0,0,0,1.0,1,1.0,1,1.0,1,0.107998581430672,27
2812,0,5821,2103,3718,0,0,0,1.0,1,1.0,1,1.0,1,0.107998581430672,27
2813,0,5821,2103,3718,0,0,0,1.0,1,1.0,1,1.0,1,0.1336716083649447,28
2814,3,5824,2104,3720,0,0,0,1.0,1,1.0,1,1.0,1,0.18610708138279428,29
2815,0,5824,2104,3720,0,0,0,1.0,1,1.0,1,1.0,1,0.20336009186805712,30
2816,3,5827,2104,3723,0,0,0,1.0,1,1.0,1,1.0,1,0.17465424434332577,31
2817,1,5828,2104,3724,0,0,0,1.0,1,1.0,1,1.0,1,0.15139921358697309,31
2818,1,5829,2104,3725,0,0,0,1.0,1,1.0,1,1.0,1,0.12757020299594587,32
2819,1,5830,2105,3725,0,0,0,1.0,1,1.0,1,1.0,1,0.14144168809730834,32
2820,0,5830,2105,3725,0,0,0,1.0,1,1.0,1,1.0,1,0.14855897234985513,33
2821,0,5830,2105,3725,0,0,0,1.0,1,1.0,1,1.0,1,0.16480224922559483,34
2822,2,5832,2106,3726,0,0,0,1.0,1,1.0,1,1.0,1,0.15791081845777818,35
2823,0,5832,2106,3726,0,0,0,1.0,1,1.0,1,1.0,1,0.12837529978135542,31
2824,2,5834,2108,3726,0,0,0,1.0,1,1.0,1,1.0,1,0.23514344751445754,33
2825,3,5837,2108,3729,0,0,0,1.0,1,1.0,1,1.0,1,0.14834526242497664,31
2826,1,5838,2109,3729,0,0,0,1.0,1,1.0,1,1.0,1,0.18534770057521557,31
2827,0,5838,2109,3729,0,0,0,1.0,1,1.0,1,1.0,1,0.16996545624894874,32
2828,6,5844,2111,3733,0,0,0,1.0,1,1.0,1,1.0,1,0.23052274399605113,33
2829,4,5848,2113,3735,0,0,0,1.0,1,1.0,1,1.0,1,0.21799636433138866,33
2830,5,5853,2113,3740,0,0,0,1.0,1,1.0,1,1.0,1,0.09678713628472174,32
2831,3,5856,2114,3742,0,0,0,1.0,1,1.0,1,1.0,1,0.13057257607681944,31
2832,0,5856,2114,3742,0,0,0,1.0,1,1.0,1,1.0,1,0.13914677651946258,30
2833,1,5857,2115,3742,0,0,0,1.0,1,1.0,1,1.0,1,0.17007152873093836,29
2834,4,5861,2118,3743,0,0,0,1.0,1,1.0,1,1.0,1,0.25535456490005565,29
2835,2,5863,2119,3744,0,0,0,1.0,1,1.0,1,1.0,1,0.27317361622350905,27
2836,2,5865,2119,3746,0,0,0,1.0,1,1.0,1,1.0,1,0.20526415436571427,27
2837,6,5871,2120,3751,0,0,0,1.0,1,1.0,1,1.0,1,0.17532638688369512,28
2838,1,5872,2120,3752,0,0,0,1.0,1,1.0,1,1.0,1,0.15542361053072665,29
2839,1,5873,2120,3753,0,0,0,1.0,1,1.0,1,1.0,1,0.19141085579916936,29
2840,1,5874,2120,3754,0,0,0,1.0,1,1.0,1,1.0,1,0.21073725796005083,29
2841,3,5877,2120,3757,0,0,0,1.0,1,1.0,1,1.0,1,0.13930223876746062,31
2842,4,5881,2121,3760,0,0,0,1.0,1,1.0,1,1.0,1,0.1477865295157497,32
2843,0,5881,2121,3760,0,0,0,1.0,1,1.0,1,1.0,1,0.1477865295157497,32
2844,2,5883,2122,3761,0,0,0,1.0,1,1.0,1,1.0,1,0.1935559383473204,33
2845,2,5885,2123,3762,0,0,0,1.0,1,1.0,1,1.0,1,0.17561446044709653,34
2846,3,5888,2124,3764,0,0,0,1.0,1,1.0,1,1.0,1,0.14138091320972426,34
2847,0,5888,2124,3764,0,0,0,1.0,1,1.0,1,1.0,1,0.14742683033491696,35
2848,3,5891,2125,3766,0,0,0,1.0,1,1.0,1,1.0,1,0.12293283103355974,37
2849,3,5894,2125,3769,0,0,0,1.0,1,1.0,1,1.0,1,0.10749567065584437,37
2850,0,5894,2125,3769,0,0,0,1.0,1,1.0,1,1.0,1,0.10749567065584437,37
2851,1,5895,2126,3769,0,0,0,1.0,1,1.0,1,1.0,1,0.14346070525272578,38
2852,0,5895,2126,3769,0,0,0,1.0,1,1.0,1,1.0,1,0.1508691712594786,36
2853,1,5896,2126,3770,0,0,0,1.0,1,1.0,1,1.0,1,0.15502415601719868,36
2854,1,5897,2126,3771,0,0,0,1.0,1,1.0,1,1.0,1,0.17229159874093064,37
2855,2,5899,2126,3773,0,0,0,1.0,1,1.0,1,1.0,1,0.1712799186725038,37
2856,0,5899,2126,3773,0,0,0,1.0,1,1.0,1,1.0,1,0.1625792798703495,38
2857,4,5903,2127,3776,0,0,0,1.0,1,1.0,1,1.0,1,0.10724519618938079,39
2858,0,5903,2127,3776,0,0,0,1.0,1,1.0,1,1.0,1,0.14977166843986833,39
2859,0,5903,2127,3776,0,0,0,1.0,1,1.0,1,1.0,1,0.14977166843986833,39
2860,1,5904,2127,3777,0,0,0,1.0,1,1.0,1,1.0,1,0.13191475793042562,40
2861,3,5907,2128,3779,0,0,0,1.0,1,1.0,1,1.0,1,0.10375860724674861,38
2862,5,5912,2133,3779,0,0,0,1.0,1,1.0,1,1.0,1,0.13069393866319096,38
2863,2,5914,2135,3779,0,0,0,1.0,1,1.0,1,1.0,1,0.13130572500124435,37
2864,6,5920,2139,3781,0,0,0,1.0,1,1.0,1,1.0,1,0.1759007452925532,35
2865,3,5923,2141,3782,0,0,0,1.0,1,1.0,1,1.0,1,0.20996028032869657,33
2866,2,5925,2142,3783,0,0,0,1.0,1,1.0,1,1.0,1,0.12171071172826911,31
2867,3,5928,2144,3784,0,0,0,1.0,1,1.0,1,1.0,1,0.18505125457809254,30
2868,2,5930,2146,3784,0,0,0,1.0,1,1.0,1,1.0,1,0.22646065263319476,31
2869,7,5937,2148,3789,0,0,0,1.0,1,1.0,1,1.0,1,0.1978142956595058,30
2870,0,5937,2148,3789,0,0,0,1.0,1,1.0,1,1.0,1,0.2273855040763803,26
2871,0,5937,2148,3789,0,0,0,1.0,1,1.0,1,1.0,1,0.22607622270259162,27
2872,0,5937,2148,3789,0,0,0,1.0,1,1.0,1,1.0,1,0.2350433640728178,25
2873,2,5939,2148,3791,0,0,0,1.0,1,1.0,1,1.0,1,0.20057139472293684,24
2874,1,5940,2148,3792,0,0,0,1.0,1,1.0,1,1.0,1,0.1514456430403304,25
2875,0,5940,2148,3792,0,0,0,1.0,1,1.0,1,1.0,1,0.17978750376010852,26
2876,3,5943,2149,3794,0,0,0,1.0,1,1.0,1,1.0,1,0.20834090182203824,28
2877,1,5944,2149,3795,0,0,0,1.0,1,1.0,1,1.0,1,0.17068372877872628,29
2878,3,5947,2149,3798,0,0,0,1.0,1,1.0,1,1.0,1,0.12599695826279952,31
2879,0,5947,2149,3798,0,0,0,1.0,1,1.0,1,1.0,1,0.12599695826279952,31
2880,1,5948,2150,3798,0,0,0,1.0,1,1.0,1,1.0,1,0.15720666955956958,32
2881,1,5949,2150,3799,0,0,0,1.0,1,1.0,1,1.0,1,0.15660884956404175,31
2882,0,5949,2150,3799,0,0,0,1.0,1,1.0,1,1.0,1,0.15660884956404175,31
2883,3,5952,2150,3802,0,0,0,1.0,1,1.0,1,1.0,1,0.15270986105239542,32
2884,1,5953,2151,3802,0,0,0,1.0,1,1.0,1,1.0,1,0.2047030156132407,32
2885,4,5957,2152,3805,0,0,0,1.0,1,1.0,1,1.0,1,0.10171019688302403,33
2886,2,5959,2152,3807,0,0,0,1.0,1,1.0,1,1.0,1,0.08516795806556539,34
2887,2,5961,2152,3809,0,0,0,1.0,1,1.0,1,1.0,1,0.11274001707264275,34
2888,2,5963,2153,3810,0,0,0,1.0,1,1.0,1,1.0,1,0.1371814954904205,34
2889,2,5965,2155,3810,0,0,0,1.0,1,1.0,1,1.0,1,0.1377231599699357,37
2890,1,5966,2155,3811,0,0,0,1.0,1,1.0,1,1.0,1,0.12514132951592224,37
2891,1,5967,2156,3811,0,0,0,1.0,1,1.0,1,1.0,1,0.17189466416536534,37
2892,0,5967,2156,3811,0,0,0,1.0,1,1.0,1,1.0,1,0.17189466416536534,37
2893,4,5971,2157,3814,0,0,0,1.0,1,1.0,1,1.0,1,0.1447931828416434,38
2894,2,5973,2157,3816,0,0,0,1.0,1,1.0,1,1.0,1,0.12420251787069457,39
2895,1,5974,2158,3816,0,0,0,1.0,1,1.0,1,1.0,1,0.11602117781140453,40
2896,2,5976,2159,3817,0,0,0,1.0,1,1.0,1,1.0,1,0.1398270850571143,41
2897,1,5977,2159,3818,0,0,0,1.0,1,1.0,1,1.0,1,0.09411440569951249,41
2898,3,5980,2161,3819,0,0,0,1.0,1,1.0,1,1.0,1,0.12702333274984143,41
2899,1,5981,2162,3819,0,0,0,1.0,1,1.0,1,1.0,1,0.1417423618096704,39
2900,3,5984,2165,3819,0,0,0,1.0,1,1.0,1,1.0,1,0.23972232953104877,40
2901,2,5986,2165,3821,0,0,0,1.0,1,1.0,1,1.0,1,0.16957134035682273,40
2902,2,5988,2166,3822,0,0,0,1.0,1,1.0,1,1.0,1,0.14471474400052325,38
2903,0,5988,2166,3822,0,0,0,1.0,1,1.0,1,1.0,1,0.11940456926318412,36
2904,2,5990,2167,3823,0,0,0,1.0,1,1.0,1,1.0,1,0.1264908107728317,36
2905,0,5990,2167,3823,0,0,0,1.0,1,1.0,1,1.0,1,0.11486733154461347,35
2906,3,5993,2168,3825,0,0,0,1.0,1,1.0,1,1.0,1,0.1043594565523801,36
2907,1,5994,2169,3825,0,0,0,1.0,1,1.0,1,1.0,1,0.15378763642957016,37
2908,1,5995,2170,3825,0,0,0,1.0,1,1.0,1,1.0,1,0.16945944984506514,38
2909,1,5996,2171,3825,0,0,0,1.0,1,1.0,1,1.0,1,0.16487189119157167,37
2910,0,5996,2171,3825,0,0,0,1.0,1,1.0,1,1.0,1,0.1545388718410999,37
2911,0,5996,2171,3825,0,0,0,1.0,1,1.0,1,1.0,1,0.1705483472650361,36
2912,4,6000,2173,3827,0,0,0,1.0,1,1.0,1,1.0,1,0.1838318497893997,36
2913,1,6001,2174,3827,0,0,0,1.0,1,1.0,1,1.0,1,0.1714246410728442,36
2914,2,6003,2175,3828,0,0,0,1.0,1,1.0,1,1.0,1,0.19157283580922735,38
2915,0,6003,2175,3828,0,0,0,1.0,1,1.0,1,1.0,1,0.17564068222737228,37
2916,3,6006,2175,3831,0,0,0,1.0,1,1.0,1,1.0,1,0.15734600270859853,39
2917,4,6010,2175,3835,0,0,0,1.0,1,1.0,1,1.0,1,0.11811353509635031,40
2918,2,6012,2177,3835,0,0,0,1.0,1,1.0,1,1.0,1,0.19757936971949924,40
2919,4,6016,2177,3839,0,0,0,1.0,1,1.0,1,1.0,1,0.17516083531616516,42
2920,0,6016,2177,3839,0,0,0,1.0,1,1.0,1,1.0,1,0.17516083531616516,42
2921,1,6017,2177,3840,0,0,0,1.0,1,1.0,1,1.0,1,0.16122924785454334,42
2922,0,6017,2177,3840,0,0,0,1.0,1,1.0,1,1.0,1,0.14620913994270845,43
2923,1,6018,2177,3841,0,0,0,1.0,1,1.0,1,1.0,1,0.11303628002035006,45
2924,3,6021,2178,3843,0,0,0,1.0,1,1.0,1,1.0,1,0.10192190107698913,46
2925,2,6023,2179,3844,0,0,0,1.0,1,1.0,1,1.0,1,0.0866868527892642,46
2926,0,6023,2179,3844,0,0,0,1.0,1,1.0,1,1.0,1,0.0866868527892642,46
2927,0,6023,2179,3844,0,0,0,1.0,1,1.0,1,1.0,1,0.09354053217203359,48
2928,1,6024,2180,3844,0,0,0,1.0,1,1.0,1,1.0,1,0.1174442724305521,48
2929,2,6026,2180,3846,0,0,0,1.0,1,1.0,1,1.0,1,0.08854819869034095,48
2930,1,6027,2180,3847,0,0,0,1.0,1,1.0,1,1.0,1,0.09698661732883193,50
2931,1,6028,2181,3847,0,0,0,1.0,1,1.0,1,1.0,1,0.11918145735127227,51
2932,1,6029,2181,3848,0,0,0,1.0,1,1.0,1,1.0,1,0.12054806122806096,52
2933,2,6031,2181,3850,0,0,0,1.0,1,1.0,1,1.0,1,0.11327253988419365,53
2934,3,6034,2182,3852,0,0,0,1.0,1,1.0,1,1.0,1,0.14827465151081085,54
2935,2,6036,2183,3853,0,0,0,1.0,1,1.0,1,1.0,1,0.15390003775500097,53
2936,3,6039,2184,3855,0,0,0,1.0,1,1.0,1,1.0,1,0.14294860848533103,53
2937,1,6040,2184,3856,0,0,0,1.0,1,1.0,1,1.0,1,0.1733673170380671,51
2938,2,6042,2185,3857,0,0,0,1.0,1,1.0,1,1.0,1,0.18111970507499642,53
2939,0,6042,2185,3857,0,0,0,1.0,1,1.0,1,1.0,1,0.18346240049741455,52
2940,4,6046,2187,3859,0,0,0,1.0,1,1.0,1,1.0,1,0.1852987856120588,52
2941,0,6046,2187,3859,0,0,0,1.0,1,1.0,1,1.0,1,0.18412526199278936,50
2942,2,6048,2188,3860,0,0,0,1.0,1,1.0,1,1.0,1,0.18244263102041786,50
2943,2,6050,2189,3861,0,0,0,1.0,1,1.0,1,1.0,1,0.16853034629008273,49
2944,3,6053,2190,3863,0,0,0,1.0,1,1.0,1,1.0,1,0.1527393989403262,48
2945,3,6056,2191,3865,0,0,0,1.0,1,1.0,1,1.0,1,0.13791673720150055,48
2946,4,6060,2194,3866,0,0,0,1.0,1,1.0,1,1.0,1,0.12889385905392892,47
2947,2,6062,2195,3867,0,0,0,1.0,1,1.0,1,1.0,1,0.10639467535892269,47
2948,3,6065,2196,3869,0,0,0,1.0,1,1.0,1,1.0,1,0.13461693249588264,48
2949,3,6068,2196,3872,0,0,0,1.0,1,1.0,1,1.0,1,0.05824400620712421,48
2950,0,6068,2196,3872,0,0,0,1.0,1,1.0,1,1.0,1,0.05824400620712421,48
2951,0,6068,2196,3872,0,0,0,1.0,1,1.0,1,1.0,1,0.07161903631743291,50
2952,0,6068,2196,3872,0,0,0,1.0,1,1.0,1,1.0,1,0.07161903631743291,50
2953,2,6070,2197,3873,0,0,0,1.0,1,1.0,1,1.0,1,0.10485461354143988,51
2954,0,6070,2197,3873,0,0,0,1.0,1,1.0,1,1.0,1,0.10485461354143988,51
2955,0,6070,2197,3873,0,0,0,1.0,1,1.0,1,1.0,1,0.10485461354143988,51
2956,1,6071,2198,3873,0,0,0,1.0,1,1.0,1,1.0,1,0.13579857213241597,51
2957,3,6074,2198,3876,0,0,0,1.0,1,1.0,1,1.0,1,0.10573641002109305,52
2958,0,6074,2198,3876,0,0,0,1.0,1,1.0,1,1.0,1,0.10573641002109305,52
2959,1,6075,2199,3876,0,0,0,1.0,1,1.0,1,1.0,1,0.11054959416224387,53
2960,1,6076,2200,3876,0,0,0,1.0,1,1.0,1,1.0,1,0.11910548424780609,52
2961,4,6080,2201,3879,0,0,0,1.0,1,1.0,1,1.0,1,0.05349227414742329,53
2962,1,6081,2201,3880,0,0,0,1.0,1,1.0,1,1.0,1,0.06988087682000406,54
2963,3,6084,2203,3881,0,0,0,1.0,1,1.0,1,1.0,1,0.1222699843127349,55
2964,0,6084,2203,3881,0,0,0,1.0,1,1.0,1,1.0,1,0.13400044596142405,55
2965,4,6088,2203,3885,0,0,0,1.0,1,1.0,1,1.0,1,0.09276755705208227,55
2966,0,6088,2203,3885,0,0,0,1.0,1,1.0,1,1.0,1,0.09276755705208227,55
2967,0,6088,2203,3885,0,0,0,1.0,1,1.0,1,1.0,1,0.10787708286953225,56
2968,0,6088,2203,3885,0,0,0,1.0,1,1.0,1,1.0,1,0.10787708286953225,56
2969,1,6089,2203,3886,0,0,0,1.0,1,1.0,1,1.0,1,0.10515864253695792,55
2970,2,6091,2204,3887,0,0,0,1.0,1,1.0,1,1.0,1,0.1115592919981462,57
2971,0,6091,2204,3887,0,0,0,1.0,1,1.0,1,1.0,1,0.12008580263960655,56
2972,2,6093,2205,3888,0,0,0,1.0,1,1.0,1,1.0,1,0.12515707048912944,57
2973,3,6096,2207,3889,0,0,0,1.0,1,1.0,1,1.0,1,0.1422570695607669,59
2974,6,6102,2208,3894,0,0,0,1.0,1,1.0,1,1.0,1,0.09632383578928097,60
2975,2,6104,2209,3895,0,0,0,1.0,1,1.0,1,1.0,1,0.10861490553514296,58
2976,1,6105,2209,3896,0,0,0,1.0,1,1.0,1,1.0,1,0.07851274971341288,59
2977,4,6109,2210,3899,0,0,0,1.0,1,1.0,1,1.0,1,0.10016948758524263,59
2978,1,6110,2211,3899,0,0,0,1.0,1,1.0,1,1.0,1,0.09515147621592998,58
2979,4,6114,2215,3899,0,0,0,1.0,1,1.0,1,1.0,1,0.13316465447744572,57
2980,1,6115,2215,3900,0,0,0,1.0,1,1.0,1,1.0,1,0.12601602968662742,56
2981,2,6117,2216,3901,0,0,0,1.0,1,1.0,1,1.0,1,0.12486037916683397,56
2982,4,6121,2219,3902,0,0,0,1.0,1,1.0,1,1.0,1,0.13903551780112866,57
2983,3,6124,2221,3903,0,0,0,1.0,1,1.0,1,1.0,1,0.1629531030571039,57
2984,2,6126,2221,3905,0,0,0,1.0,1,1.0,1,1.0,1,0.12618594935674324,56
2985,5,6131,2223,3908,0,0,0,1.0,1,1.0,1,1.0,1,0.10108113994895765,55
2986,5,6136,2226,3910,0,0,0,1.0,1,1.0,1,1.0,1,0.12736184099155964,55
2987,1,6137,2226,3911,0,0,0,1.0,1,1.0,1,1.0,1,0.13452494962968828,51
2988,3,6140,2228,3912,0,0,0,1.0,1,1.0,1,1.0,1,0.12249874061168974,52
2989,3,6143,2228,3915,0,0,0,1.0,1,1.0,1,1.0,1,0.0842426658405817,50
2990,1,6144,2229,3915,0,0,0,1.0,1,1.0,1,1.0,1,0.10865736182826638,50
2991,1,6145,2229,3916,0,0,0,1.0,1,1.0,1,1.0,1,0.11553652940634965,50
2992,0,6145,2229,3916,0,0,0,1.0,1,1.0,1,1.0,1,0.11553652940634965,50
2993,4,6149,2229,3920,0,0,0,1.0,1,1.0,1,1.0,1,0.09259005131273505,51
2994,2,6151,2231,3920,0,0,0,1.0,1,1.0,1,1.0,1,0.13411771073604203,51
2995,3,6154,2232,3922,0,0,0,1.0,1,1.0,1,1.0,1,0.140338728924959,51
2996,0,6154,2232,3922,0,0,0,1.0,1,1.0,1,1.0,1,0.14760931093816798,52
2997,2,6156,2232,3924,0,0,0,1.0,1,1.0,1,1.0,1,0.13026248301696292,52
2998,2,6158,2234,3924,0,0,0,1.0,1,1.0,1,1.0,1,0.1572269004256043,51
2999,0,6158,2234,3924,0,0,0,1.0,1,1.0,1,1.0,1,0.1572269004256043,51
3000,2,6160,2235,3925,0,0,0,1.0,1,1.0,1,1.0,1,0.14374244301095035,52
3001,3,6163,2235,3928,0,0,0,1.0,1,1.0,1,1.0,1,0.1172543153633511,52
3002,3,6166,2236,3930,0,0,0,1.0,1,1.0,1,1.0,1,0.12886378759086184,53
3003,2,6168,2236,3932,0,0,0,1.0,1,1.0,1,1.0,1,0.13005560828348733,54
3004,1,6169,2236,3933,0,0,0,1.0,1,1.0,1,1.0,1,0.13686370714067095,55
3005,3,6172,2236,3936,0,0,0,1.0,1,1.0,1,1.0,1,0.10473628844395813,56
3006,2,6174,2237,3937,0,0,0,1.0,1,1.0,1,1.0,1,0.1308835810134893,57
3007,1,6175,2237,3938,0,0,0,1.0,1,1.0,1,1.0,1,0.12244573309775583,58
3008,2,6177,2239,3938,0,0,0,1.0,1,1.0,1,1.0,1,0.1486836946600433,59
3009,1,6178,2239,3939,0,0,0,1.0,1,1.0,1,1.0,1,0.1440277161483406,59
3010,2,6180,2239,3941,0,0,0,1.0,1,1.0,1,1.0,1,0.1061856383489993,59
3011,2,6182,2240,3942,0,0,0,1.0,1,1.0,1,1.0,1,0.12893442693660115,59
3012,4,6186,2242,3944,0,0,0,1.0,1,1.0,1,1.0,1,0.14683296724863665,61
3013,1,6187,2243,3944,0,0,0,1.0,1,1.0,1,1.0,1,0.16324669663088529,59
3014,1,6188,2243,3945,0,0,0,1.0,1,1.0,1,1.0,1,0.16188420673468448,60
3015,2,6190,2243,3947,0,0,0,1.0,1,1.0,1,1.0,1,0.15408137470965788,58
3016,0,6190,2243,3947,0,0,0,1.0,1,1.0,1,1.0,1,0.1635790405228828,57
3017,4,6194,2244,3950,0,0,0,1.0,1,1.0,1,1.0,1,0.15810462068892214,58
3018,1,6195,2244,3951,0,0,0,1.0,1,1.0,1,1.0,1,0.17326679112337773,55
3019,1,6196,2245,3951,0,0,0,1.0,1,1.0,1,1.0,1,0.1829317662672701,56
3020,1,6197,2245,3952,0,0,0,1.0,1,1.0,1,1.0,1,0.2358631885732955,55
3021,7,6204,2246,3958,0,0,0,1.0,1,1.0,1,1.0,1,0.15646280725960188,55
3022,4,6208,2248,3960,0,0,0,1.0,1,1.0,1,1.0,1,0.17139564059464069,55
3023,1,6209,2249,3960,0,0,0,1.0,1,1.0,1,1.0,1,0.1638177374345344,54
3024,5,6214,2250,3964,0,0,0,1.0,1,1.0,1,1.0,1,0.14256700421922963,54
3025,9,6223,2255,3968,0,0,0,1.0,1,1.0,1,1.0,1,0.1631355837175505,54
3026,1,6224,2255,3969,0,0,0,1.0,1,1.0,1,1.0,1,0.14329468676914733,53
3027,5,6229,2257,3972,0,0,0,1.0,1,1.0,1,1.0,1,0.10259213696080427,53
3028,0,6229,2257,3972,0,0,0,1.0,1,1.0,1,1.0,1,0.1286343022553211,51
3029,4,6233,2257,3976,0,0,0,1.0,1,1.0,1,1.0,1,0.07372500143895606,51
3030,3,6236,2259,3977,0,0,0,1.0,1,1.0,1,1.0,1,0.1083420454105304,52
3031,0,6236,2259,3977,0,0,0,1.0,1,1.0,1,1.0,1,0.12558668362421538,51
3032,1,6237,2259,3978,0,0,0,1.0,1,1.0,1,1.0,1,0.10736485804947472,50
3033,2,6239,2260,3979,0,0,0,1.0,1,1.0,1,1.0,1,0.05323369958663246,52
3034,2,6241,2261,3980,0,0,0,1.0,1,1.0,1,1.0,1,0.07108110441412598,51
3035,1,6242,2261,3981,0,0,0,1.0,1,1.0,1,1.0,1,0.06333416484185171,51
3036,0,6242,2261,3981,0,0,0,1.0,1,1.0,1,1.0,1,0.07356666428415742,53
3037,0,6242,2261,3981,0,0,0,1.0,1,1.0,1,1.0,1,0.07034299717000667,52
3038,1,6243,2262,3981,0,0,0,1.0,1,1.0,1,1.0,1,0.07579838734931481,52
3039,3,6246,2264,3982,0,0,0,1.0,1,1.0,1,1.0,1,0.11146572426277086,54
3040,1,6247,2264,3983,0,0,0,1.0,1,1.0,1,1.0,1,0.11369274977267471,55
3041,4,6251,2265,3986,0,0,0,1.0,1,1.0,1,1.0,1,0.11717300553834278,56
3042,3,6254,2266,3988,0,0,0,1.0,1,1.0,1,1.0,1,0.13171371713019286,56
3043,3,6257,2266,3991,0,0,0,1.0,1,1.0,1,1.0,1,0.07033624964672051,57
3044,1,6258,2267,3991,0,0,0,1.0,1,1.0,1,1.0,1,0.08318624483733822,57
3045,1,6259,2267,3992,0,0,0,1.0,1,1.0,1,1.0,1,0.07656103510112182,56
3046,1,6260,2268,3992,0,0,0,1.0,1,1.0,1,1.0,1,0.08287674387034169,57
3047,0,6260,2268,3992,0,0,0,1.0,1,1.0,1,1.0,1,0.09679622966838332,56
3048,2,6262,2269,3993,0,0,0,1.0,1,1.0,1,1.0,1,0.12319392213049365,58
3049,8,6270,2269,4001,0,0,0,1.0,1,1.0,1,1.0,1,0.07701042698980508,59
3050,1,6271,2269,4002,0,0,0,1.0,1,1.0,1,1.0,1,0.05823692011362463,60
3051,2,6273,2270,4003,0,0,0,1.0,1,1.0,1,1.0,1,0.11178779393555166,59
3052,1,6274,2270,4004,0,0,0,1.0,1,1.0,1,1.0,1,0.11184506672418268,58
3053,2,6276,2270,4006,0,0,0,1.0,1,1.0,1,1.0,1,0.09865526390416977,57
3054,3,6279,2272,4007,0,0,0,1.0,1,1.0,1,1.0,1,0.1391344055293885,55
3055,3,6282,2273,4009,0,0,0,1.0,1,1.0,1,1.0,1,0.14255083688672374,54
3056,2,6284,2275,4009,0,0,0,1.0,1,1.0,1,1.0,1,0.2103571699267581,55
3057,4,6288,2275,4013,0,0,0,1.0,1,1.0,1,1.0,1,0.1581216734310832,54
3058,4,6292,2275,4017,0,0,0,1.0,1,1.0,1,1.0,1,0.15246323663211078,55
3059,0,6292,2275,4017,0,0,0,1.0,1,1.0,1,1.0,1,0.14228095373218097,56
3060,0,6292,2275,4017,0,0,0,1.0,1,1.0,1,1.0,1,0.14228095373218097,56
3061,4,6296,2275,4021,0,0,0,1.0,1,1.0,1,1.0,1,0.13026361097187758,56
3062,3,6299,2278,4021,0,0,0,1.0,1,1.0,1,1.0,1,0.181465641889091,57
3063,3,6302,2279,4023,0,0,0,1.0,1,1.0,1,1.0,1,0.11978952234726457,55
3064,4,6306,2282,4024,0,0,0,1.0,1,1.0,1,1.0,1,0.18035973286411786,56
3065,4,6310,2283,4027,0,0,0,1.0,1,1.0,1,1.0,1,0.1313826310091883,55
3066,3,6313,2284,4029,0,0,0,1.0,1,1.0,1,1.0,1,0.122632306466931,55
3067,3,6316,2285,4031,0,0,0,1.0,1,1.0,1,1.0,1,0.10598947620714665,54
3068,3,6319,2287,4032,0,0,0,1.0,1,1.0,1,1.0,1,0.15647802737130606,53
3069,5,6324,2289,4035,0,0,0,1.0,1,1.0,1,1.0,1,0.1205665167707601,51
3070,0,6324,2289,4035,0,0,0,1.0,1,1.0,1,1.0,1,0.11704642108479833,50
3071,1,6325,2290,4035,0,0,0,1.0,1,1.0,1,1.0,1,0.10958965443268619,51
3072,3,6328,2291,4037,0,0,0,1.0,1,1.0,1,1.0,1,0.11932214502452565,53
3073,1,6329,2291,4038,0,0,0,1.0,1,1.0,1,1.0,1,0.09355013534660113,51
3074,1,6330,2292,4038,0,0,0,1.0,1,1.0,1,1.0,1,0.10242636539968668,50
3075,3,6333,2292,4041,0,0,0,1.0,1,1.0,1,1.0,1,0.11570141251534283,52
3076,5,6338,2293,4045,0,0,0,1.0,1,1.0,1,1.0,1,0.16373573585969273,53
3077,3,6341,2293,4048,0,0,0,1.0,1,1.0,1,1.0,1,0.10925486832268608,52
3078,5,6346,2294,4052,0,0,0,1.0,1,1.0,1,1.0,1,0.10728426300285375,53
3079,3,6349,2295,4054,0,0,0,1.0,1,1.0,1,1.0,1,0.09571282193959986,53
3080,2,6351,2296,4055,0,0,0,1.0,1,1.0,1,1.0,1,0.12651681424742686,52
3081,2,6353,2297,4056,0,0,0,1.0,1,1.0,1,1.0,1,0.14230684057656387,54
3082,5,6358,2300,4058,0,0,0,1.0,1,1.0,1,1.0,1,0.1753980748385263,54
3083,0,6358,2300,4058,0,0,0,1.0,1,1.0,1,1.0,1,0.1753980748385263,54
3084,1,6359,2301,4058,0,0,0,1.0,1,1.0,1,1.0,1,0.18536248607547848,55
3085,3,6362,2302,4060,0,0,0,1.0,1,1.0,1,1.0,1,0.21155489608697306,55
3086,1,6363,2302,4061,0,0,0,1.0,1,1.0,1,1.0,1,0.18636446553514768,56
3087,3,6366,2303,4063,0,0,0,1.0,1,1.0,1,1.0,1,0.2054642659644658,57
3088,0,6366,2303,4063,0,0,0,1.0,1,1.0,1,1.0,1,0.2159629124696817,56
3089,1,6367,2304,4063,0,0,0,1.0,1,1.0,1,1.0,1,0.23988477879879297,55
3090,1,6368,2304,4064,0,0,0,1.0,1,1.0,1,1.0,1,0.26131141132252583,54
3091,0,6368,2304,4064,0,0,0,1.0,1,1.0,1,1.0,1,0.2797059378534262,53
3092,0,6368,2304,4064,0,0,0,1.0,1,1.0,1,1.0,1,0.22641693714588215,56
3093,1,6369,2305,4064,0,0,0,1.0,1,1.0,1,1.0,1,0.22752922093319958,56
3094,0,6369,2305,4064,0,0,0,1.0,1,1.0,1,1.0,1,0.24105614735241285,58
3095,1,6370,2305,4065,0,0,0,1.0,1,1.0,1,1.0,1,0.23132711425306277,59
3096,2,6372,2305,4067,0,0,0,1.0,1,1.0,1,1.0,1,0.21758691319281426,60
3097,2,6374,2306,4068,0,0,0,1.0,1,1.0,1,1.0,1,0.20666042772805043,60
3098,1,6375,2306,4069,0,0,0,1.0,1,1.0,1,1.0,1,0.21607222287087904,58
3099,0,6375,2306,4069,0,0,0,1.0,1,1.0,1,1.0,1,0.21929001363059408,57
3100,0,6375,2306,4069,0,0,0,1.0,1,1.0,1,1.0,1,0.21929001363059408,57
3101,5,6380,2308,4072,0,0,0,1.0,1,1.0,1,1.0,1,0.18675400986201032,58
3102,4,6384,2310,4074,0,0,0,1.0,1,1.0,1,1.0,1,0.2043494192529289,59
3103,4,6388,2311,4077,0,0,0,1.0,1,1.0,1,1.0,1,0.1801117737434027,58
3104,3,6391,2312,4079,0,0,0,1.0,1,1.0,1,1.0,1,0.14851621142167734,58
3105,2,6393,2313,4080,0,0,0,1.0,1,1.0,1,1.0,1,0.11676383624456306,56
3106,5,6398,2315,4083,0,0,0,1.0,1,1.0,1,1.0,1,0.10570155408176182,57
3107,1,6399,2316,4083,0,0,0,1.0,1,1.0,1,1.0,1,0.09420883055497467,55
3108,2,6401,2317,4084,0,0,0,1.0,1,1.0,1,1.0,1,0.09096149697894355,55
3109,2,6403,2318,4085,0,0,0,1.0,1,1.0,1,1.0,1,0.07057675375935568,54
3110,2,6405,2320,4085,0,0,0,1.0,1,1.0,1,1.0,1,0.10608702863588976,54
3111,4,6409,2323,4086,0,0,0,1.0,1,1.0,1,1.0,1,0.14524445639711528,54
3112,4,6413,2326,4087,0,0,0,1.0,1,1.0,1,1.0,1,0.15101828000756495,56
3113,7,6420,2330,4090,0,0,0,1.0,1,1.0,1,1.0,1,0.15501517705356196,55
3114,4,6424,2332,4092,0,0,0,1.0,1,1.0,1,1.0,1,0.1311502853643526,54
3115,3,6427,2332,4095,0,0,0,1.0,1,1.0,1,1.0,1,0.10287369414958743,56
3116,3,6430,2334,4096,0,0,0,1.0,1,1.0,1,1.0,1,0.10067897272699024,56
3117,2,6432,2334,4098,0,0,0,1.0,1,1.0,1,1.0,1,0.10280305256049156,58
3118,1,6433,2334,4099,0,0,0,1.0,1,1.0,1,1.0,1,0.08015294949734501,57
3119,0,6433,2334,4099,0,0,0,1.0,1,1.0,1,1.0,1,0.08015294949734501,57
3120,0,6433,2334,4099,0,0,0,1.0,1,1.0,1,1.0,1,0.07870106530281355,56
3121,1,6434,2335,4099,0,0,0,1.0,1,1.0,1,1.0,1,0.08400998124199285,57
3122,0,6434,2335,4099,0,0,0,1.0,1,1.0,1,1.0,1,0.08400998124199285,57
3123,0,6434,2335,4099,0,0,0,1.0,1,1.0,1,1.0,1,0.08400998124199285,57
3124,0,6434,2335,4099,0,0,0,1.0,1,1.0,1,1.0,1,0.08433235153149446,59
3125,7,6441,2336,4105,0,0,0,1.0,1,1.0,1,1.0,1,0.04064716220685437,61
3126,0,6441,2336,4105,0,0,0,1.0,1,1.0,1,1.0,1,0.04418246104010115,60
3127,1,6442,2337,4105,0,0,0,1.0,1,1.0,1,1.0,1,0.0584113025972409,58
3128,2,6444,2338,4106,0,0,0,1.0,1,1.0,1,1.0,1,0.10903417773739828,58
3129,4,6448,2339,4109,0,0,0,1.0,1,1.0,1,1.0,1,0.08966659527059606,56
3130,1,6449,2339,4110,0,0,0,1.0,1,1.0,1,1.0,1,0.10907876735703724,56
3131,2,6451,2340,4111,0,0,0,1.0,1,1.0,1,1.0,1,0.149333809950714,55
3132,1,6452,2341,4111,0,0,0,1.0,1,1.0,1,1.0,1,0.16158906594520636,53
3133,5,6457,2341,4116,0,0,0,1.0,1,1.0,1,1.0,1,0.12217519647550723,52
3134,3,6460,2342,4118,0,0,0,1.0,1,1.0,1,1.0,1,0.1117089600107216,52
3135,2,6462,2342,4120,0,0,0,1.0,1,1.0,1,1.0,1,0.09545898162558328,53
3136,2,6464,2343,4121,0,0,0,1.0,1,1.0,1,1.0,1,0.07867404745306633,54
3137,2,6466,2344,4122,0,0,0,1.0,1,1.0,1,1.0,1,0.06286964804497662,55
3138,8,6474,2346,4128,0,0,0,1.0,1,1.0,1,1.0,1,0.11846275721044407,57
3139,4,6478,2347,4131,0,0,0,1.0,1,1.0,1,1.0,1,0.1577555562383883,56
3140,4,6482,2347,4135,0,0,0,1.0,1,1.0,1,1.0,1,0.09729278041272753,56
3141,2,6484,2348,4136,0,0,0,1.0,1,1.0,1,1.0,1,0.10339493053224207,56
3142,1,6485,2349,4136,0,0,0,1.0,1,1.0,1,1.0,1,0.11035632408274151,56
3143,2,6487,2350,4137,0,0,0,1.0,1,1.0,1,1.0,1,0.1157681979162378,56
3144,0,6487,2350,4137,0,0,0,1.0,1,1.0,1,1.0,1,0.11300815119854804,54
3145,7,6494,2352,4142,0,0,0,1.0,1,1.0,1,1.0,1,0.06715372422473341,55
3146,2,6496,2353,4143,0,0,0,1.0,1,1.0,1,1.0,1,0.08320526195043478,53
3147,0,6496,2353,4143,0,0,0,1.0,1,1.0,1,1.0,1,0.09564891073952504,54
3148,2,6498,2355,4143,0,0,0,1.0,1,1.0,1,1.0,1,0.09783130682981774,54
3149,2,6500,2355,4145,0,0,0,1.0,1,1.0,1,1.0,1,0.06748855063541763,53
3150,0,6500,2355,4145,0,0,0,1.0,1,1.0,1,1.0,1,0.06748855063541763,53
3151,0,6500,2355,4145,0,0,0,1.0,1,1.0,1,1.0,1,0.09182759967095581,53
3152,2,6502,2355,4147,0,0,0,1.0,1,1.0,1,1.0,1,0.06652623052627786,54
3153,0,6502,2355,4147,0,0,0,1.0,1,1.0,1,1.0,1,0.07341542302735848,53
3154,2,6504,2356,4148,0,0,0,1.0,1,1.0,1,1.0,1,0.07867583768592841,55
3155,1,6505,2356,4149,0,0,0,1.0,1,1.0,1,1.0,1,0.06431241853996796,56
3156,3,6508,2357,4151,0,0,0,1.0,1,1.0,1,1.0,1,0.06792263062009038,56
3157,0,6508,2357,4151,0,0,0,1.0,1,1.0,1,1.0,1,0.06792263062009038,56
3158,2,6510,2357,4153,0,0,0,1.0,1,1.0,1,1.0,1,0.06535977801924575,57
3159,0,6510,2357,4153,0,0,0,1.0,1,1.0,1,1.0,1,0.08203675188423043,56
3160,2,6512,2358,4154,0,0,0,1.0,1,1.0,1,1.0,1,0.10893875477259904,58
3161,2,6514,2359,4155,0,0,0,1.0,1,1.0,1,1.0,1,0.09154403810434449,59
3162,1,6515,2359,4156,0,0,0,1.0,1,1.0,1,1.0,1,0.08531587194009771,59
3163,4,6519,2362,4157,0,0,0,1.0,1,1.0,1,1.0,1,0.12928284203526388,59
3164,2,6521,2363,4158,0,0,0,1.0,1,1.0,1,1.0,1,0.13479803926918585,60
3165,4,6525,2364,4161,0,0,0,1.0,1,1.0,1,1.0,1,0.1157035828127975,58
3166,2,6527,2364,4163,0,0,0,1.0,1,1.0,1,1.0,1,0.07254995643397971,59
3167,2,6529,2365,4164,0,0,0,1.0,1,1.0,1,1.0,1,0.11868160558539637,57
3168,5,6534,2366,4168,0,0,0,1.0,1,1.0,1,1.0,1,0.14385093933910612,58
3169,7,6541,2369,4172,0,0,0,1.0,1,1.0,1,1.0,1,0.14238116348283184,57
3170,0,6541,2369,4172,0,0,0,1.0,1,1.0,1,1.0,1,0.12274530089550147,55
3171,2,6543,2371,4172,0,0,0,1.0,1,1.0,1,1.0,1,0.14512441385547997,56
3172,3,6546,2372,4174,0,0,0,1.0,1,1.0,1,1.0,1,0.16025940338795944,54
3173,5,6551,2372,4179,0,0,0,1.0,1,1.0,1,1.0,1,0.08368091012350194,53
3174,3,6554,2373,4181,0,0,0,1.0,1,1.0,1,1.0,1,0.10880308943576918,53
3175,4,6558,2373,4185,0,0,0,1.0,1,1.0,1,1.0,1,0.12176473837331359,52
3176,6,6564,2377,4187,0,0,0,1.0,1,1.0,1,1.0,1,0.12335423439228292,53
3177,2,6566,2377,4189,0,0,0,1.0,1,1.0,1,1.0,1,0.11658892487640884,52
3178,4,6570,2378,4192,0,0,0,1.0,1,1.0,1,1.0,1,0.13847026019687197,53
3179,1,6571,2378,4193,0,0,0,1.0,1,1.0,1,1.0,1,0.13250929207841025,54
3180,4,6575,2378,4197,0,0,0,1.0,1,1.0,1,1.0,1,0.10964316618446952,54
3181,1,6576,2378,4198,0,0,0,1.0,1,1.0,1,1.0,1,0.10119383759354138,55
3182,0,6576,2378,4198,0,0,0,1.0,1,1.0,1,1.0,1,0.11476268846922093,54
3183,1,6577,2379,4198,0,0,0,1.0,1,1.0,1,1.0,1,0.15506266912062838,56
3184,7,6584,2382,4202,0,0,0,1.0,1,1.0,1,1.0,1,0.15506126029000636,54
3185,4,6588,2382,4206,0,0,0,1.0,1,1.0,1,1.0,1,0.07694273258610156,53
3186,4,6592,2383,4209,0,0,0,1.0,1,1.0,1,1.0,1,0.07155794008143207,52
3187,1,6593,2383,4210,0,0,0,1.0,1,1.0,1,1.0,1,0.10080273700321292,50
3188,2,6595,2385,4210,0,0,0,1.0,1,1.0,1,1.0,1,0.07980024476032703,50
3189,4,6599,2388,4211,0,0,0,1.0,1,1.0,1,1.0,1,0.10878953902116939,49
3190,1,6600,2389,4211,0,0,0,1.0,1,1.0,1,1.0,1,0.1400235234061448,50
3191,3,6603,2391,4212,0,0,0,1.0,1,1.0,1,1.0,1,0.14755044320320704,49
3192,3,6606,2391,4215,0,0,0,1.0,1,1.0,1,1.0,1,0.13264162905201182,49
3193,0,6606,2391,4215,0,0,0,1.0,1,1.0,1,1.0,1,0.13596671192039125,49
3194,1,6607,2391,4216,0,0,0,1.0,1,1.0,1,1.0,1,0.13598102107439106,50
3195,0,6607,2391,4216,0,0,0,1.0,1,1.0,1,1.0,1,0.13030674429460656,49
3196,3,6610,2393,4217,0,0,0,1.0,1,1.0,1,1.0,1,0.15683734142077266,49
3197,4,6614,2393,4221,0,0,0,1.0,1,1.0,1,1.0,1,0.08961906442468626,50
3198,4,6618,2394,4224,0,0,0,1.0,1,1.0,1,1.0,1,0.09310554654711298,50
3199,2,6620,2394,4226,0,0,0,1.0,1,1.0,1,1.0,1,0.09288404078997546,52
3200,3,6623,2395,4228,0,0,0,1.0,1,1.0,1,1.0,1,0.10534229180413872,53
3201,5,6628,2396,4232,0,0,0,1.0,1,1.0,1,1.0,1,0.05944793806039307,55
3202,4,6632,2397,4235,0,0,0,1.0,1,1.0,1,1.0,1,0.06549775681641773,55
3203,2,6634,2397,4237,0,0,0,1.0,1,1.0,1,1.0,1,0.07354271757064063,53
3204,2,6636,2397,4239,0,0,0,1.0,1,1.0,1,1.0,1,0.09056352970751198,53
3205,1,6637,2397,4240,0,0,0,1.0,1,1.0,1,1.0,1,0.07904672529887856,53
3206,0,6637,2397,4240,0,0,0,1.0,1,1.0,1,1.0,1,0.10035926916786399,52
3207,2,6639,2398,4241,0,0,0,1.0,1,1.0,1,1.0,1,0.08791427516852565,53
3208,1,6640,2398,4242,0,0,0,1.0,1,1.0,1,1.0,1,0.1445592555734584,51
3209,1,6641,2399,4242,0,0,0,1.0,1,1.0,1,1.0,1,0.16545435084338908,52
3210,0,6641,2399,4242,0,0,0,1.0,1,1.0,1,1.0,1,0.16696741930000403,49
3211,4,6645,2402,4243,0,0,0,1.0,1,1.0,1,1.0,1,0.2647990369576859,48
3212,3,6648,2403,4245,0,0,0,1.0,1,1.0,1,1.0,1,0.21300302465987458,48
3213,6,6654,2404,4250,0,0,0,1.0,1,1.0,1,1.0,1,0.16741908417488527,49
3214,4,6658,2404,4254,0,0,0,1.0,1,1.0,1,1.0,1,0.14993221136740226,51
3215,5,6663,2404,4259,0,0,0,1.0,1,1.0,1,1.0,1,0.10789120497330915,51
3216,2,6665,2406,4259,0,0,0,1.0,1,1.0,1,1.0,1,0.12711458912043475,51
3217,2,6667,2406,4261,0,0,0,1.0,1,1.0,1,1.0,1,0.09888442674611865,51
3218,0,6667,2406,4261,0,0,0,1.0,1,1.0,1,1.0,1,0.09888442674611865,51
3219,0,6667,2406,4261,0,0,0,1.0,1,1.0,1,1.0,1,0.09618711084559187,52
3220,0,6667,2406,4261,0,0,0,1.0,1,1.0,1,1.0,1,0.09618711084559187,52
3221,2,6669,2406,4263,0,0,0,1.0,1,1.0,1,1.0,1,0.09531921919036472,54
3222,0,6669,2406,4263,0,0,0,1.0,1,1.0,1,1.0,1,0.08095407123439115,54
3223,2,6671,2406,4265,0,0,0,1.0,1,1.0,1,1.0,1,0.06454440514582026,56
3224,2,6673,2407,4266,0,0,0,1.0,1,1.0,1,1.0,1,0.09971178615399277,57
3225,2,6675,2407,4268,0,0,0,1.0,1,1.0,1,1.0,1,0.08352962740985835,58
3226,0,6675,2407,4268,0,0,0,1.0,1,1.0,1,1.0,1,0.08352962740985835,58
3227,0,6675,2407,4268,0,0,0,1.0,1,1.0,1,1.0,1,0.08352962740985835,58
3228,0,6675,2407,4268,0,0,0,1.0,1,1.0,1,1.0,1,0.08352962740985835,58
3229,3,6678,2409,4269,0,0,0,1.0,1,1.0,1,1.0,1,0.16977850631360455,60
3230,3,6681,2409,4272,0,0,0,1.0,1,1.0,1,1.0,1,0.1490194121826753,61
3231,0,6681,2409,4272,0,0,0,1.0,1,1.0,1,1.0,1,0.1490194121826753,61
3232,0,6681,2409,4272,0,0,0,1.0,1,1.0,1,1.0,1,0.1490194121826753,61
3233,2,6683,2409,4274,0,0,0,1.0,1,1.0,1,1.0,1,0.1291826368268288,63
3234,4,6687,2410,4277,0,0,0,1.0,1,1.0,1,1.0,1,0.13168754814314884,64
3235,5,6692,2410,4282,0,0,0,1.0,1,1.0,1,1.0,1,0.10362199918614132,65
3236,0,6692,2410,4282,0,0,0,1.0,1,1.0,1,1.0,1,0.11213219440133426,66
3237,1,6693,2410,4283,0,0,0,1.0,1,1.0,1,1.0,1,0.0997495704953834,67
3238,0,6693,2410,4283,0,0,0,1.0,1,1.0,1,1.0,1,0.0997495704953834,67
3239,0,6693,2410,4283,0,0,0,1.0,1,1.0,1,1.0,1,0.11829080949484032,69
3240,1,6694,2411,4283,0,0,0,1.0,1,1.0,1,1.0,1,0.12077503455698374,69
3241,4,6698,2413,4285,0,0,0,1.0,1,1.0,1,1.0,1,0.09178887838332281,68
3242,1,6699,2414,4285,0,0,0,1.0,1,1.0,1,1.0,1,0.10215749881222572,67
3243,2,6701,2415,4286,0,0,0,1.0,1,1.0,1,1.0,1,0.08318486845672748,68
3244,0,6701,2415,4286,0,0,0,1.0,1,1.0,1,1.0,1,0.08378147853194039,68
3245,1,6702,2415,4287,0,0,0,1.0,1,1.0,1,1.0,1,0.07786762919603467,69
3246,1,6703,2416,4287,0,0,0,1.0,1,1.0,1,1.0,1,0.10143982146014248,68
3247,1,6704,2416,4288,0,0,0,1.0,1,1.0,1,1.0,1,0.09248859529845818,68
3248,3,6707,2418,4289,0,0,0,1.0,1,1.0,1,1.0,1,0.12138138767668147,68
3249,6,6713,2418,4295,0,0,0,1.0,1,1.0,1,1.0,1,0.052596893152360415,69
3250,3,6716,2419,4297,0,0,0,1.0,1,1.0,1,1.0,1,0.055732974799234045,69
3251,3,6719,2420,4299,0,0,0,1.0,1,1.0,1,1.0,1,0.08680455589962065,68
3252,5,6724,2420,4304,0,0,0,1.0,1,1.0,1,1.0,1,0.0692999925998159,68
3253,0,6724,2420,4304,0,0,0,1.0,1,1.0,1,1.0,1,0.07573794063973524,69
3254,0,6724,2420,4304,0,0,0,1.0,1,1.0,1,1.0,1,0.07573794063973524,69
3255,2,6726,2421,4305,0,0,0,1.0,1,1.0,1,1.0,1,0.08399594935861981,70
3256,1,6727,2421,4306,0,0,0,1.0,1,1.0,1,1.0,1,0.08851145587052574,70
3257,0,6727,2421,4306,0,0,0,1.0,1,1.0,1,1.0,1,0.09282046868986825,71
3258,3,6730,2423,4307,0,0,0,1.0,1,1.0,1,1.0,1,0.09694975483067145,72
3259,1,6731,2424,4307,0,0,0,1.0,1,1.0,1,1.0,1,0.11608138508575466,71
3260,4,6735,2424,4311,0,0,0,1.0,1,1.0,1,1.0,1,0.09882223666425352,72
3261,6,6741,2426,4315,0,0,0,1.0,1,1.0,1,1.0,1,0.0886652036247568,74
3262,2,6743,2427,4316,0,0,0,1.0,1,1.0,1,1.0,1,0.09211902564698786,73
3263,2,6745,2429,4316,0,0,0,1.0,1,1.0,1,1.0,1,0.13182957472703047,73
3264,4,6749,2431,4318,0,0,0,1.0,1,1.0,1,1.0,1,0.1257483502849608,71
3265,4,6753,2433,4320,0,0,0,1.0,1,1.0,1,1.0,1,0.11282640408036172,70
3266,1,6754,2434,4320,0,0,0,1.0,1,1.0,1,1.0,1,0.11359675968046729,69
3267,3,6757,2436,4321,0,0,0,1.0,1,1.0,1,1.0,1,0.1388707771543706,69
3268,4,6761,2439,4322,0,0,0,1.0,1,1.0,1,1.0,1,0.13322297896929797,68
3269,5,6766,2440,4326,0,0,0,1.0,1,1.0,1,1.0,1,0.12497898434851619,68
3270,2,6768,2440,4328,0,0,0,1.0,1,1.0,1,1.0,1,0.13552480607931705,67
3271,1,6769,2440,4329,0,0,0,1.0,1,1.0,1,1.0,1,0.13036222539558498,66
3272,2,6771,2440,4331,0,0,0,1.0,1,1.0,1,1.0,1,0.11775793441572922,67
3273,3,6774,2440,4334,0,0,0,1.0,1,1.0,1,1.0,1,0.10870224874014567,66
3274,2,6776,2441,4335,0,0,0,1.0,1,1.0,1,1.0,1,0.11767663165208717,68
3275,1,6777,2441,4336,0,0,0,1.0,1,1.0,1,1.0,1,0.10654627386909896,68
3276,2,6779,2441,4338,0,0,0,1.0,1,1.0,1,1.0,1,0.09400790361109851,69
3277,3,6782,2442,4340,0,0,0,1.0,1,1.0,1,1.0,1,0.10349014731234724,68
3278,1,6783,2442,4341,0,0,0,1.0,1,1.0,1,1.0,1,0.10541855972754023,69
3279,1,6784,2443,4341,0,0,0,1.0,1,1.0,1,1.0,1,0.11830274308203224,67
3280,3,6787,2446,4341,0,0,0,1.0,1,1.0,1,1.0,1,0.1594508358319473,66
3281,10,6797,2449,4348,0,0,0,1.0,1,1.0,1,1.0,1,0.16426992291931233,67
3282,2,6799,2449,4350,0,0,0,1.0,1,1.0,1,1.0,1,0.13636571202780925,66
3283,1,6800,2449,4351,0,0,0,1.0,1,1.0,1,1.0,1,0.15449267880935638,67
3284,0,6800,2449,4351,0,0,0,1.0,1,1.0,1,1.0,1,0.14621955874455989,66
3285,3,6803,2449,4354,0,0,0,1.0,1,1.0,1,1.0,1,0.12082833232074526,66
3286,0,6803,2449,4354,0,0,0,1.0,1,1.0,1,1.0,1,0.11822418160748635,63
3287,2,6805,2451,4354,0,0,0,1.0,1,1.0,1,1.0,1,0.17379272482185212,61
3288,3,6808,2451,4357,0,0,0,1.0,1,1.0,1,1.0,1,0.18159586321640533,63
3289,4,6812,2451,4361,0,0,0,1.0,1,1.0,1,1.0,1,0.168171422814305,62
3290,1,6813,2452,4361,0,0,0,1.0,1,1.0,1,1.0,1,0.17912810388468273,63
3291,3,6816,2453,4363,0,0,0,1.0,1,1.0,1,1.0,1,0.16730810405160915,62
3292,2,6818,2454,4364,0,0,0,1.0,1,1.0,1,1.0,1,0.17739168574895456,63
3293,5,6823,2454,4369,0,0,0,1.0,1,1.0,1,1.0,1,0.15069307646838764,65
3294,1,6824,2454,4370,0,0,0,1.0,1,1.0,1,1.0,1,0.14510695645449959,65
3295,0,6824,2454,4370,0,0,0,1.0,1,1.0,1,1.0,1,0.14510695645449959,65
3296,2,6826,2455,4371,0,0,0,1.0,1,1.0,1,1.0,1,0.16334141099237162,65
3297,3,6829,2456,4373,0,0,0,1.0,1,1.0,1,1.0,1,0.15596586929141315,66
3298,0,6829,2456,4373,0,0,0,1.0,1,1.0,1,1.0,1,0.15596586929141315,66
3299,1,6830,2456,4374,0,0,0,1.0,1,1.0,1,1.0,1,0.15543737940888827,67
3300,3,6833,2457,4376,0,0,0,1.0,1,1.0,1,1.0,1,0.15422197530958753,67
3301,3,6836,2459,4377,0,0,0,1.0,1,1.0,1,1.0,1,0.16414930384256285,68
3302,2,6838,2459,4379,0,0,0,1.0,1,1.0,1,1.0,1,0.15085134046032508,67
3303,1,6839,2460,4379,0,0,0,1.0,1,1.0,1,1.0,1,0.16473121013461442,67
3304,2,6841,2461,4380,0,0,0,1.0,1,1.0,1,1.0,1,0.16322099152665753,67
3305,4,6845,2461,4384,0,0,0,1.0,1,1.0,1,1.0,1,0.15041662167600064,69
3306,0,6845,2461,4384,0,0,0,1.0,1,1.0,1,1.0,1,0.1360312190924657,70
3307,0,6845,2461,4384,0,0,0,1.0,1,1.0,1,1.0,1,0.1360312190924657,70
3308,0,6845,2461,4384,0,0,0,1.0,1,1.0,1,1.0,1,0.1360312190924657,70
3309,2,6847,2461,4386,0,0,0,1.0,1,1.0,1,1.0,1,0.14360764694917177,72
3310,6,6853,2461,4392,0,0,0,1.0,1,1.0,1,1.0,1,0.11648751472110301,74
3311,1,6854,2461,4393,0,0,0,1.0,1,1.0,1,1.0,1,0.10584994026260834,74
3312,0,6854,2461,4393,0,0,0,1.0,1,1.0,1,1.0,1,0.10584994026260834,74
3313,2,6856,2461,4395,0,0,0,1.0,1,1.0,1,1.0,1,0.10659902594860929,75
3314,1,6857,2461,4396,0,0,0,1.0,1,1.0,1,1.0,1,0.10516896009870642,76
3315,0,6857,2461,4396,0,0,0,1.0,1,1.0,1,1.0,1,0.11426843964180958,75
3316,2,6859,2463,4396,0,0,0,1.0,1,1.0,1,1.0,1,0.1480076971261598,76
3317,4,6863,2465,4398,0,0,0,1.0,1,1.0,1,1.0,1,0.13480944918096932,73
3318,2,6865,2467,4398,0,0,0,1.0,1,1.0,1,1.0,1,0.17432783305892932,72
3319,2,6867,2468,4399,0,0,0,1.0,1,1.0,1,1.0,1,0.1658886931602259,71
3320,1,6868,2468,4400,0,0,0,1.0,1,1.0,1,1.0,1,0.14333697506482196,70
3321,4,6872,2470,4402,0,0,0,1.0,1,1.0,1,1.0,1,0.18197082609304163,69
3322,2,6874,2471,4403,0,0,0,1.0,1,1.0,1,1.0,1,0.16264721499322898,68
3323,4,6878,2472,4406,0,0,0,1.0,1,1.0,1,1.0,1,0.16732859938018785,69
3324,1,6879,2473,4406,0,0,0,1.0,1,1.0,1,1.0,1,0.163112856655589,69
3325,3,6882,2473,4409,0,0,0,1.0,1,1.0,1,1.0,1,0.14154243471444256,70
3326,3,6885,2475,4410,0,0,0,1.0,1,1.0,1,1.0,1,0.17901096165017397,69
3327,0,6885,2475,4410,0,0,0,1.0,1,1.0,1,1.0,1,0.16934894310083431,70
3328,2,6887,2476,4411,0,0,0,1.0,1,1.0,1,1.0,1,0.18183104963036892,73
3329,2,6889,2476,4413,0,0,0,1.0,1,1.0,1,1.0,1,0.17473289499603567,72
3330,2,6891,2477,4414,0,0,0,1.0,1,1.0,1,1.0,1,0.16781178737986704,72
3331,3,6894,2479,4415,0,0,0,1.0,1,1.0,1,1.0,1,0.2067680124006338,72
3332,5,6899,2479,4420,0,0,0,1.0,1,1.0,1,1.0,1,0.18195777749020534,73
3333,4,6903,2479,4424,0,0,0,1.0,1,1.0,1,1.0,1,0.15866413879543664,72
3334,2,6905,2479,4426,0,0,0,1.0,1,1.0,1,1.0,1,0.14622272760347807,73
3335,1,6906,2480,4426,0,0,0,1.0,1,1.0,1,1.0,1,0.15990453076675074,74
3336,0,6906,2480,4426,0,0,0,1.0,1,1.0,1,1.0,1,0.15990453076675074,74
3337,3,6909,2480,4429,0,0,0,1.0,1,1.0,1,1.0,1,0.13495145212815815,74
3338,1,6910,2480,4430,0,0,0,1.0,1,1.0,1,1.0,1,0.12743575746015434,74
3339,3,6913,2481,4432,0,0,0,1.0,1,1.0,1,1.0,1,0.1343837283738736,75
3340,2,6915,2481,4434,0,0,0,1.0,1,1.0,1,1.0,1,0.12636900763063974,75
3341,0,6915,2481,4434,0,0,0,1.0,1,1.0,1,1.0,1,0.1350524227683127,76
3342,0,6915,2481,4434,0,0,0,1.0,1,1.0,1,1.0,1,0.15399307660677466,76
3343,3,6918,2483,4435,0,0,0,1.0,1,1.0,1,1.0,1,0.14800373387224589,75
3344,3,6921,2484,4437,0,0,0,1.0,1,1.0,1,1.0,1,0.14579291228367985,75
3345,3,6924,2485,4439,0,0,0,1.0,1,1.0,1,1.0,1,0.13962158423225135,72
3346,1,6925,2486,4439,0,0,0,1.0,1,1.0,1,1.0,1,0.16669615429550996,73
3347,2,6927,2487,4440,0,0,0,1.0,1,1.0,1,1.0,1,0.14490227090875626,73
3348,1,6928,2487,4441,0,0,0,1.0,1,1.0,1,1.0,1,0.1525199106645846,73
3349,5,6933,2487,4446,0,0,0,1.0,1,1.0,1,1.0,1,0.11229552927843132,74
3350,4,6937,2490,4447,0,0,0,1.0,1,1.0,1,1.0,1,0.15739431547842497,73
3351,2,6939,2491,4448,0,0,0,1.0,1,1.0,1,1.0,1,0.1565301717003212,72
3352,2,6941,2491,4450,0,0,0,1.0,1,1.0,1,1.0,1,0.15654249660491837,72
3353,3,6944,2492,4452,0,0,0,1.0,1,1.0,1,1.0,1,0.16885537617653923,72
3354,3,6947,2493,4454,0,0,0,1.0,1,1.0,1,1.0,1,0.19457401502242852,70
3355,1,6948,2493,4455,0,0,0,1.0,1,1.0,1,1.0,1,0.18954891268086066,69
3356,7,6955,2496,4459,0,0,0,1.0,1,1.0,1,1.0,1,0.20556615768546033,69
3357,4,6959,2496,4463,0,0,0,1.0,1,1.0,1,1.0,1,0.15451365590848806,68
3358,4,6963,2498,4465,0,0,0,1.0,1,1.0,1,1.0,1,0.15847625734586185,68
3359,1,6964,2499,4465,0,0,0,1.0,1,1.0,1,1.0,1,0.1767088984519182,66
3360,3,6967,2501,4466,0,0,0,1.0,1,1.0,1,1.0,1,0.19278906383460687,65
3361,4,6971,2501,4470,0,0,0,1.0,1,1.0,1,1.0,1,0.19375988885164566,64
3362,0,6971,2501,4470,0,0,0,1.0,1,1.0,1,1.0,1,0.19375988885164566,64
3363,1,6972,2501,4471,0,0,0,1.0,1,1.0,1,1.0,1,0.18103282121557637,65
3364,3,6975,2501,4474,0,0,0,1.0,1,1.0,1,1.0,1,0.17251322174796602,66
3365,2,6977,2501,4476,0,0,0,1.0,1,1.0,1,1.0,1,0.1652142689217946,68
3366,1,6978,2501,4477,0,0,0,1.0,1,1.0,1,1.0,1,0.16359179146567784,66
3367,0,6978,2501,4477,0,0,0,1.0,1,1.0,1,1.0,1,0.16967191849069113,68
3368,2,6980,2502,4478,0,0,0,1.0,1,1.0,1,1.0,1,0.16194292802560123,68
3369,6,6986,2502,4484,0,0,0,1.0,1,1.0,1,1.0,1,0.1333042297174464,69
3370,2,6988,2502,4486,0,0,0,1.0,1,1.0,1,1.0,1,0.11939473990371904,71
3371,0,6988,2502,4486,0,0,0,1.0,1,1.0,1,1.0,1,0.11939473990371904,71
3372,5,6993,2503,4490,0,0,0,1.0,1,1.0,1,1.0,1,0.10802055153843372,71
3373,0,6993,2503,4490,0,0,0,1.0,1,1.0,1,1.0,1,0.10314985342648361,72
3374,0,6993,2503,4490,0,0,0,1.0,1,1.0,1,1.0,1,0.09562143522550044,72
3375,1,6994,2503,4491,0,0,0,1.0,1,1.0,1,1.0,1,0.0864720043161038,73
3376,0,6994,2503,4491,0,0,0,1.0,1,1.0,1,1.0,1,0.0829556290398287,75
3377,1,6995,2504,4491,0,0,0,1.0,1,1.0,1,1.0,1,0.09319012851667074,77
3378,0,6995,2504,4491,0,0,0,1.0,1,1.0,1,1.0,1,0.09319012851667074,77
3379,3,6998,2507,4491,0,0,0,1.0,1,1.0,1,1.0,1,0.12842435074458478,77
3380,1,6999,2507,4492,0,0,0,1.0,1,1.0,1,1.0,1,0.14088241708755858,76
3381,7,7006,2509,4497,0,0,0,1.0,1,1.0,1,1.0,1,0.12168251158505991,76
3382,4,7010,2510,4500,0,0,0,1.0,1,1.0,1,1.0,1,0.11618083607798882,78
3383,0,7010,2510,4500,0,0,0,1.0,1,1.0,1,1.0,1,0.1107132744476926,77
3384,5,7015,2514,4501,0,0,0,1.0,1,1.0,1,1.0,1,0.11946259557288333,77
3385,3,7018,2515,4503,0,0,0,1.0,1,1.0,1,1.0,1,0.10948775524878761,75
3386,4,7022,2517,4505,0,0,0,1.0,1,1.0,1,1.0,1,0.14616131328325296,76
3387,2,7024,2518,4506,0,0,0,1.0,1,1.0,1,1.0,1,0.1273015589003397,75
3388,0,7024,2518,4506,0,0,0,1.0,1,1.0,1,1.0,1,0.13723271477312377,76
3389,1,7025,2518,4507,0,0,0,1.0,1,1.0,1,1.0,1,0.13150525285702216,77
3390,0,7025,2518,4507,0,0,0,1.0,1,1.0,1,1.0,1,0.1243768489735763,76
3391,1,7026,2518,4508,0,0,0,1.0,1,1.0,1,1.0,1,0.09510447630688068,77
3392,1,7027,2518,4509,0,0,0,1.0,1,1.0,1,1.0,1,0.10090145638552982,78
3393,0,7027,2518,4509,0,0,0,1.0,1,1.0,1,1.0,1,0.09432647955350001,76
3394,2,7029,2519,4510,0,0,0,1.0,1,1.0,1,1.0,1,0.10981465226819417,75
3395,0,7029,2519,4510,0,0,0,1.0,1,1.0,1,1.0,1,0.10576863782192891,73
3396,1,7030,2520,4510,0,0,0,1.0,1,1.0,1,1.0,1,0.09917147895806049,73
3397,5,7035,2521,4514,0,0,0,1.0,1,1.0,1,1.0,1,0.06213897845530608,74
3398,2,7037,2521,4516,0,0,0,1.0,1,1.0,1,1.0,1,0.04451411672232475,74
3399,1,7038,2522,4516,0,0,0,1.0,1,1.0,1,1.0,1,0.05719804496375447,75
3400,3,7041,2523,4518,0,0,0,1.0,1,1.0,1,1.0,1,0.06717947494534951,75
3401,2,7043,2523,4520,0,0,0,1.0,1,1.0,1,1.0,1,0.04932919581189634,77
3402,1,7044,2524,4520,0,0,0,1.0,1,1.0,1,1.0,1,0.062380829478920576,77
3403,1,7045,2524,4521,0,0,0,1.0,1,1.0,1,1.0,1,0.06406439842435016,78
3404,1,7046,2525,4521,0,0,0,1.0,1,1.0,1,1.0,1,0.07590370270285893,78
3405,2,7048,2525,4523,0,0,0,1.0,1,1.0,1,1.0,1,0.0522928044915383,78
3406,2,7050,2527,4523,0,0,0,1.0,1,1.0,1,1.0,1,0.079344125944654,78
3407,0,7050,2527,4523,0,0,0,1.0,1,1.0,1,1.0,1,0.08151500308517813,78
3408,1,7051,2528,4523,0,0,0,1.0,1,1.0,1,1.0,1,0.11226610384172482,79
3409,6,7057,2528,4529,0,0,0,1.0,1,1.0,1,1.0,1,0.06977328987485842,81
3410,0,7057,2528,4529,0,0,0,1.0,1,1.0,1,1.0,1,0.07653964970364022,82
3411,0,7057,2528,4529,0,0,0,1.0,1,1.0,1,1.0,1,0.06933844699629275,84
3412,0,7057,2528,4529,0,0,0,1.0,1,1.0,1,1.0,1,0.06933844699629275,84
3413,0,7057,2528,4529,0,0,0,1.0,1,1.0,1,1.0,1,0.06933844699629275,84
3414,1,7058,2529,4529,0,0,0,1.0,1,1.0,1,1.0,1,0.06848713159075509,84
3415,3,7061,2531,4530,0,0,0,1.0,1,1.0,1,1.0,1,0.0763755596441982,85
3416,1,7062,2531,4531,0,0,0,1.0,1,1.0,1,1.0,1,0.0710506472919621,85
3417,1,7063,2532,4531,0,0,0,1.0,1,1.0,1,1.0,1,0.08779483899071128,86
3418,3,7066,2535,4531,0,0,0,1.0,1,1.0,1,1.0,1,0.14230529585714907,86
3419,5,7071,2537,4534,0,0,0,1.0,1,1.0,1,1.0,1,0.1520756402828042,87
3420,6,7077,2537,4540,0,0,0,1.0,1,1.0,1,1.0,1,0.1455244403348337,88
3421,6,7083,2538,4545,0,0,0,1.0,1,1.0,1,1.0,1,0.13250556963630464,89
3422,2,7085,2538,4547,0,0,0,1.0,1,1.0,1,1.0,1,0.12901424005565898,90
3423,1,7086,2538,4548,0,0,0,1.0,1,1.0,1,1.0,1,0.12742325628965773,90
3424,2,7088,2538,4550,0,0,0,1.0,1,1.0,1,1.0,1,0.11793204947438715,91
3425,2,7090,2539,4551,0,0,0,1.0,1,1.0,1,1.0,1,0.1096344603333298,90
3426,2,7092,2540,4552,0,0,0,1.0,1,1.0,1,1.0,1,0.09706198643954254,92
3427,1,7093,2540,4553,0,0,0,1.0,1,1.0,1,1.0,1,0.10552271073967139,92
3428,0,7093,2540,4553,0,0,0,1.0,1,1.0,1,1.0,1,0.11002674453134109,91
3429,0,7093,2540,4553,0,0,0,1.0,1,1.0,1,1.0,1,0.11002674453134109,91
3430,6,7099,2544,4555,0,0,0,1.0,1,1.0,1,1.0,1,0.13124319630659173,91
3431,2,7101,2544,4557,0,0,0,1.0,1,1.0,1,1.0,1,0.11255913712212275,90
3432,4,7105,2547,4558,0,0,0,1.0,1,1.0,1,1.0,1,0.11728167448739314,91
3433,2,7107,2547,4560,0,0,0,1.0,1,1.0,1,1.0,1,0.11258380577713505,90
3434,1,7108,2547,4561,0,0,0,1.0,1,1.0,1,1.0,1,0.1103858359572958,89
3435,0,7108,2547,4561,0,0,0,1.0,1,1.0,1,1.0,1,0.11124091539942818,88
3436,0,7108,2547,4561,0,0,0,1.0,1,1.0,1,1.0,1,0.11653366727970829,86
3437,4,7112,2549,4563,0,0,0,1.0,1,1.0,1,1.0,1,0.1138492223582051,86
3438,1,7113,2549,4564,0,0,0,1.0,1,1.0,1,1.0,1,0.1056082923746894,87
3439,4,7117,2550,4567,0,0,0,1.0,1,1.0,1,1.0,1,0.11394982975577227,86
3440,4,7121,2550,4571,0,0,0,1.0,1,1.0,1,1.0,1,0.1245649461642949,86
3441,2,7123,2550,4573,0,0,0,1.0,1,1.0,1,1.0,1,0.11245599282842288,85
3442,0,7123,2550,4573,0,0,0,1.0,1,1.0,1,1.0,1,0.11244957324401932,85
3443,2,7125,2550,4575,0,0,0,1.0,1,1.0,1,1.0,1,0.10753566143845567,85
3444,3,7128,2553,4575,0,0,0,1.0,1,1.0,1,1.0,1,0.12125984887344107,85
3445,4,7132,2554,4578,0,0,0,1.0,1,1.0,1,1.0,1,0.1311182905324941,84
3446,3,7135,2556,4579,0,0,0,1.0,1,1.0,1,1.0,1,0.1737214673367145,85
3447,5,7140,2557,4583,0,0,0,1.0,1,1.0,1,1.0,1,0.145006310089447,85
3448,2,7142,2558,4584,0,0,0,1.0,1,1.0,1,1.0,1,0.1431416937049457,85
3449,4,7146,2558,4588,0,0,0,1.0,1,1.0,1,1.0,1,0.13319816557307632,84
3450,1,7147,2559,4588,0,0,0,1.0,1,1.0,1,1.0,1,0.13981794461166452,84
3451,2,7149,2560,4589,0,0,0,1.0,1,1.0,1,1.0,1,0.15047238846569302,85
3452,2,7151,2560,4591,0,0,0,1.0,1,1.0,1,1.0,1,0.13545764977266728,86
3453,2,7153,2561,4592,0,0,0,1.0,1,1.0,1,1.0,1,0.1448948134801637,85
3454,2,7155,2561,4594,0,0,0,1.0,1,1.0,1,1.0,1,0.12332700664986514,88
3455,0,7155,2561,4594,0,0,0,1.0,1,1.0,1,1.0,1,0.12332700664986514,88
3456,1,7156,2562,4594,0,0,0,1.0,1,1.0,1,1.0,1,0.13216251333964635,88
3457,4,7160,2563,4597,0,0,0,1.0,1,1.0,1,1.0,1,0.118105588383229,89
3458,2,7162,2563,4599,0,0,0,1.0,1,1.0,1,1.0,1,0.11303366455913991,88
3459,0,7162,2563,4599,0,0,0,1.0,1,1.0,1,1.0,1,0.11303366455913991,88
3460,0,7162,2563,4599,0,0,0,1.0,1,1.0,1,1.0,1,0.10649662138302524,89
3461,0,7162,2563,4599,0,0,0,1.0,1,1.0,1,1.0,1,0.10649662138302524,89
3462,1,7163,2563,4600,0,0,0,1.0,1,1.0,1,1.0,1,0.11091333813325263,90
3463,1,7164,2563,4601,0,0,0,1.0,1,1.0,1,1.0,1,0.11132858315799796,89
3464,1,7165,2563,4602,0,0,0,1.0,1,1.0,1,1.0,1,0.1147833117967405,88
3465,3,7168,2563,4605,0,0,0,1.0,1,1.0,1,1.0,1,0.1228139117978734,87
3466,2,7170,2563,4607,0,0,0,1.0,1,1.0,1,1.0,1,0.10619055204907736,87
3467,1,7171,2564,4607,0,0,0,1.0,1,1.0,1,1.0,1,0.11864060150143539,87
3468,2,7173,2564,4609,0,0,0,1.0,1,1.0,1,1.0,1,0.11765300221360464,88
3469,3,7176,2565,4611,0,0,0,1.0,1,1.0,1,1.0,1,0.12201171455109998,85
3470,3,7179,2567,4612,0,0,0,1.0,1,1.0,1,1.0,1,0.12921036448662748,86
3471,5,7184,2569,4615,0,0,0,1.0,1,1.0,1,1.0,1,0.13728418661077174,84
3472,3,7187,2569,4618,0,0,0,1.0,1,1.0,1,1.0,1,0.12480351610019647,83
3473,3,7190,2569,4621,0,0,0,1.0,1,1.0,1,1.0,1,0.11988816394274894,81
3474,2,7192,2569,4623,0,0,0,1.0,1,1.0,1,1.0,1,0.09833364915658498,80
3475,2,7194,2570,4624,0,0,0,1.0,1,1.0,1,1.0,1,0.12992994153489856,82
3476,2,7196,2570,4626,0,0,0,1.0,1,1.0,1,1.0,1,0.11770492156072787,81
3477,4,7200,2571,4629,0,0,0,1.0,1,1.0,1,1.0,1,0.13888923932232447,83
3478,1,7201,2572,4629,0,0,0,1.0,1,1.0,1,1.0,1,0.15477228331311108,83
3479,4,7205,2572,4633,0,0,0,1.0,1,1.0,1,1.0,1,0.13062900172834624,83
3480,0,7205,2572,4633,0,0,0,1.0,1,1.0,1,1.0,1,0.13062900172834624,83
3481,8,7213,2574,4639,0,0,0,1.0,1,1.0,1,1.0,1,0.09555735740184085,83
3482,7,7220,2576,4644,0,0,0,1.0,1,1.0,1,1.0,1,0.11764443263829105,83
3483,7,7227,2578,4649,0,0,0,1.0,1,1.0,1,1.0,1,0.1129265803243797,82
3484,5,7232,2579,4653,0,0,0,1.0,1,1.0,1,1.0,1,0.13726674943896094,82
3485,3,7235,2580,4655,0,0,0,1.0,1,1.0,1,1.0,1,0.1342759613941499,83
3486,2,7237,2580,4657,0,0,0,1.0,1,1.0,1,1.0,1,0.13230815137327062,83
3487,1,7238,2580,4658,0,0,0,1.0,1,1.0,1,1.0,1,0.12569016213277434,84
3488,1,7239,2580,4659,0,0,0,1.0,1,1.0,1,1.0,1,0.12296336749901111,84
3489,2,7241,2580,4661,0,0,0,1.0,1,1.0,1,1.0,1,0.1137775396332665,84
3490,1,7242,2580,4662,0,0,0,1.0,1,1.0,1,1.0,1,0.10110660200142281,84
3491,1,7243,2580,4663,0,0,0,1.0,1,1.0,1,1.0,1,0.09083985938750885,86
3492,1,7244,2580,4664,0,0,0,1.0,1,1.0,1,1.0,1,0.0925131936194724,86
3493,2,7246,2580,4666,0,0,0,1.0,1,1.0,1,1.0,1,0.07885137425154178,86
3494,2,7248,2580,4668,0,0,0,1.0,1,1.0,1,1.0,1,0.07256099252108911,86
3495,0,7248,2580,4668,0,0,0,1.0,1,1.0,1,1.0,1,0.06808406843315729,87
3496,0,7248,2580,4668,0,0,0,1.0,1,1.0,1,1.0,1,0.07475511966242152,88
3497,2,7250,2581,4669,0,0,0,1.0,1,1.0,1,1.0,1,0.09861171873068728,89
3498,2,7252,2581,4671,0,0,0,1.0,1,1.0,1,1.0,1,0.10079618263254991,89
3499,2,7254,2581,4673,0,0,0,1.0,1,1.0,1,1.0,1,0.10142187276314077,91
3500,2,7256,2581,4675,0,0,0,1.0,1,1.0,1,1.0,1,0.09175411645571889,90
3501,1,7257,2581,4676,0,0,0,1.0,1,1.0,1,1.0,1,0.08913438571221974,90
3502,1,7258,2581,4677,0,0,0,1.0,1,1.0,1,1.0,1,0.09212866857149518,91
3503,4,7262,2583,4679,0,0,0,1.0,1,1.0,1,1.0,1,0.07805976442191552,91
3504,2,7264,2585,4679,0,0,0,1.0,1,1.0,1,1.0,1,0.10940051777062938,89
3505,4,7268,2585,4683,0,0,0,1.0,1,1.0,1,1.0,1,0.1028883419773432,87
3506,3,7271,2587,4684,0,0,0,1.0,1,1.0,1,1.0,1,0.12232173149765158,87
3507,3,7274,2588,4686,0,0,0,1.0,1,1.0,1,1.0,1,0.08493999697753528,84
3508,2,7276,2590,4686,0,0,0,1.0,1,1.0,1,1.0,1,0.12056774835025537,83
3509,3,7279,2592,4687,0,0,0,1.0,1,1.0,1,1.0,1,0.11643655492717345,80
3510,1,7280,2593,4687,0,0,0,1.0,1,1.0,1,1.0,1,0.12095000303262719,78
3511,1,7281,2594,4687,0,0,0,1.0,1,1.0,1,1.0,1,0.12493080103152944,77
3512,0,7281,2594,4687,0,0,0,1.0,1,1.0,1,1.0,1,0.12078168301781925,74
3513,8,7289,2596,4693,0,0,0,1.0,1,1.0,1,1.0,1,0.10211351730899625,76
3514,3,7292,2598,4694,0,0,0,1.0,1,1.0,1,1.0,1,0.11624964406933648,76
3515,0,7292,2598,4694,0,0,0,1.0,1,1.0,1,1.0,1,0.11376541169929971,75
3516,1,7293,2599,4694,0,0,0,1.0,1,1.0,1,1.0,1,0.14743825355331425,73
3517,6,7299,2601,4698,0,0,0,1.0,1,1.0,1,1.0,1,0.13456895044072542,74
3518,1,7300,2601,4699,0,0,0,1.0,1,1.0,1,1.0,1,0.14223256787362346,74
3519,0,7300,2601,4699,0,0,0,1.0,1,1.0,1,1.0,1,0.15436143838454627,73
3520,2,7302,2601,4701,0,0,0,1.0,1,1.0,1,1.0,1,0.12073441381544832,74
3521,4,7306,2601,4705,0,0,0,1.0,1,1.0,1,1.0,1,0.08701309164534324,75
3522,2,7308,2602,4706,0,0,0,1.0,1,1.0,1,1.0,1,0.08697853419543614,75
3523,0,7308,2602,4706,0,0,0,1.0,1,1.0,1,1.0,1,0.08697853419543614,75
3524,0,7308,2602,4706,0,0,0,1.0,1,1.0,1,1.0,1,0.0774167563755186,75
3525,0,7308,2602,4706,0,0,0,1.0,1,1.0,1,1.0,1,0.08334160217757203,75
3526,1,7309,2603,4706,0,0,0,1.0,1,1.0,1,1.0,1,0.08948652855812365,76
3527,5,7314,2605,4709,0,0,0,1.0,1,1.0,1,1.0,1,0.1162526165220681,77
3528,5,7319,2606,4713,0,0,0,1.0,1,1.0,1,1.0,1,0.11183211422062361,77
3529,4,7323,2609,4714,0,0,0,1.0,1,1.0,1,1.0,1,0.12630280138925074,78
3530,3,7326,2609,4717,0,0,0,1.0,1,1.0,1,1.0,1,0.13876302117485323,78
3531,4,7330,2610,4720,0,0,0,1.0,1,1.0,1,1.0,1,0.15874523982246633,79
3532,2,7332,2611,4721,0,0,0,1.0,1,1.0,1,1.0,1,0.18320271326974505,79
3533,6,7338,2614,4724,0,0,0,1.0,1,1.0,1,1.0,1,0.19724867628709494,79
3534,8,7346,2616,4730,0,0,0,1.0,1,1.0,1,1.0,1,0.16531028516473326,80
3535,0,7346,2616,4730,0,0,0,1.0,1,1.0,1,1.0,1,0.17167622443969346,81
3536,1,7347,2616,4731,0,0,0,1.0,1,1.0,1,1.0,1,0.16617306333212342,82
3537,3,7350,2616,4734,0,0,0,1.0,1,1.0,1,1.0,1,0.13973960488421924,82
3538,2,7352,2616,4736,0,0,0,1.0,1,1.0,1,1.0,1,0.13885458544594428,83
3539,0,7352,2616,4736,0,0,0,1.0,1,1.0,1,1.0,1,0.13885458544594428,83
3540,1,7353,2617,4736,0,0,0,1.0,1,1.0,1,1.0,1,0.13539146403001104,85
3541,1,7354,2617,4737,0,0,0,1.0,1,1.0,1,1.0,1,0.12679765731691361,85
3542,4,7358,2617,4741,0,0,0,1.0,1,1.0,1,1.0,1,0.09533520859934097,88
3543,1,7359,2618,4741,0,0,0,1.0,1,1.0,1,1.0,1,0.0913780978253334,87
3544,2,7361,2619,4742,0,0,0,1.0,1,1.0,1,1.0,1,0.07995542574215656,87
3545,1,7362,2620,4742,0,0,0,1.0,1,1.0,1,1.0,1,0.07590767476806948,85
3546,1,7363,2621,4742,0,0,0,1.0,1,1.0,1,1.0,1,0.06889181183873648,83
3547,0,7363,2621,4742,0,0,0,1.0,1,1.0,1,1.0,1,0.07484362353005226,82
3548,1,7364,2622,4742,0,0,0,1.0,1,1.0,1,1.0,1,0.07476617168889212,82
3549,1,7365,2622,4743,0,0,0,1.0,1,1.0,1,1.0,1,0.06264685697241627,81
3550,3,7368,2624,4744,0,0,0,1.0,1,1.0,1,1.0,1,0.07164614018045574,79
3551,1,7369,2625,4744,0,0,0,1.0,1,1.0,1,1.0,1,0.07563346594289591,80
3552,2,7371,2626,4745,0,0,0,1.0,1,1.0,1,1.0,1,0.07958297824592958,78
3553,3,7374,2627,4747,0,0,0,1.0,1,1.0,1,1.0,1,0.07519001405359281,79
3554,0,7374,2627,4747,0,0,0,1.0,1,1.0,1,1.0,1,0.0901828996755505,77
3555,3,7377,2628,4749,0,0,0,1.0,1,1.0,1,1.0,1,0.09395095915281865,77
3556,0,7377,2628,4749,0,0,0,1.0,1,1.0,1,1.0,1,0.1046017406447199,76
3557,5,7382,2628,4754,0,0,0,1.0,1,1.0,1,1.0,1,0.07383780133934685,76
3558,4,7386,2629,4757,0,0,0,1.0,1,1.0,1,1.0,1,0.09550679623241447,76
3559,3,7389,2629,4760,0,0,0,1.0,1,1.0,1,1.0,1,0.08464472428922026,76
3560,2,7391,2630,4761,0,0,0,1.0,1,1.0,1,1.0,1,0.09608139042452872,78
3561,4,7395,2631,4764,0,0,0,1.0,1,1.0,1,1.0,1,0.09901148037604571,79
3562,2,7397,2632,4765,0,0,0,1.0,1,1.0,1,1.0,1,0.10669077368644782,79
3563,2,7399,2633,4766,0,0,0,1.0,1,1.0,1,1.0,1,0.09435840867310256,79
3564,8,7407,2636,4771,0,0,0,1.0,1,1.0,1,1.0,1,0.12454654861969278,80
3565,6,7413,2636,4777,0,0,0,1.0,1,1.0,1,1.0,1,0.11814804422858535,83
3566,4,7417,2637,4780,0,0,0,1.0,1,1.0,1,1.0,1,0.1203571540007196,84
3567,1,7418,2637,4781,0,0,0,1.0,1,1.0,1,1.0,1,0.1208716726122025,84
3568,3,7421,2638,4783,0,0,0,1.0,1,1.0,1,1.0,1,0.12983911732574038,84
3569,7,7428,2639,4789,0,0,0,1.0,1,1.0,1,1.0,1,0.08331937889197279,84
3570,8,7436,2642,4794,0,0,0,1.0,1,1.0,1,1.0,1,0.11402080644344136,87
3571,8,7444,2643,4801,0,0,0,1.0,1,1.0,1,1.0,1,0.14503598222065306,86
3572,9,7453,2645,4808,0,0,0,1.0,1,1.0,1,1.0,1,0.1810905390367701,87
3573,12,7465,2647,4818,0,0,0,1.0,1,1.0,1,1.0,1,0.17053206103001065,87
3574,4,7469,2649,4820,0,0,0,1.0,1,1.0,1,1.0,1,0.18162773106828967,88
3575,11,7480,2649,4831,0,0,0,1.0,1,1.0,1,1.0,1,0.1648367198230742,88
3576,6,7486,2650,4836,0,0,0,1.0,1,1.0,1,1.0,1,0.18164798035410604,90
3577,9,7495,2650,4845,0,0,0,1.0,1,1.0,1,1.0,1,0.12116408693486735,90
3578,4,7499,2650,4849,0,0,0,1.0,1,1.0,1,1.0,1,0.12027089880035814,91
3579,2,7501,2650,4851,0,0,0,1.0,1,1.0,1,1.0,1,0.11603601437950027,91
3580,3,7504,2650,4854,0,0,0,1.0,1,1.0,1,1.0,1,0.12192629476824944,91
3581,3,7507,2650,4857,0,0,0,1.0,1,1.0,1,1.0,1,0.10613193530558424,91
3582,5,7512,2651,4861,0,0,0,1.0,1,1.0,1,1.0,1,0.10289159791128857,92
3583,1,7513,2651,4862,0,0,0,1.0,1,1.0,1,1.0,1,0.10980707783182542,88
3584,2,7515,2653,4862,0,0,0,1.0,1,1.0,1,1.0,1,0.10862831496835043,87
3585,4,7519,2654,4865,0,0,0,1.0,1,1.0,1,1.0,1,0.09663995096322771,84
3586,1,7520,2654,4866,0,0,0,1.0,1,1.0,1,1.0,1,0.07914872949650772,83
3587,0,7520,2654,4866,0,0,0,1.0,1,1.0,1,1.0,1,0.08253660138881691,82
3588,3,7523,2656,4867,0,0,0,1.0,1,1.0,1,1.0,1,0.08208438704048408,81
3589,6,7529,2659,4870,0,0,0,1.0,1,1.0,1,1.0,1,0.092157389390982,80
3590,2,7531,2660,4871,0,0,0,1.0,1,1.0,1,1.0,1,0.11620430527598312,78
3591,5,7536,2663,4873,0,0,0,1.0,1,1.0,1,1.0,1,0.12799717779081116,77
3592,2,7538,2664,4874,0,0,0,1.0,1,1.0,1,1.0,1,0.1494071032450091,75
3593,9,7547,2664,4883,0,0,0,1.0,1,1.0,1,1.0,1,0.12266456880435349,76
3594,4,7551,2664,4887,0,0,0,1.0,1,1.0,1,1.0,1,0.10467070508583663,74
3595,6,7557,2665,4892,0,0,0,1.0,1,1.0,1,1.0,1,0.10720918605531585,74
3596,3,7560,2666,4894,0,0,0,1.0,1,1.0,1,1.0,1,0.111816874686939,73
3597,5,7565,2668,4897,0,0,0,1.0,1,1.0,1,1.0,1,0.09150452487190477,73
3598,2,7567,2670,4897,0,0,0,1.0,1,1.0,1,1.0,1,0.11460814181106628,73
3599,1,7568,2671,4897,0,0,0,1.0,1,1.0,1,1.0,1,0.1181849282061589,73
3600,0,7568,2671,4897,0,0,0,1.0,1,1.0,1,1.0,1,0.11705864171852833,74
3601,4,7572,2672,4900,0,0,0,1.0,1,1.0,1,1.0,1,0.09967936652766117,75
3602,5,7577,2672,4905,0,0,0,1.0,1,1.0,1,1.0,1,0.06270374765253951,76
3603,5,7582,2676,4906,0,0,0,1.0,1,1.0,1,1.0,1,0.09837105138305399,77
3604,2,7584,2677,4907,0,0,0,1.0,1,1.0,1,1.0,1,0.1034796439437432,78
3605,4,7588,2679,4909,0,0,0,1.0,1,1.0,1,1.0,1,0.09773843007367404,77
3606,4,7592,2680,4912,0,0,0,1.0,1,1.0,1,1.0,1,0.06646680764981615,79
3607,1,7593,2680,4913,0,0,0,1.0,1,1.0,1,1.0,1,0.06227151614904926,79
3608,0,7593,2680,4913,0,0,0,1.0,1,1.0,1,1.0,1,0.06227151614904926,79
3609,0,7593,2680,4913,0,0,0,1.0,1,1.0,1,1.0,1,0.06227151614904926,79
3610,2,7595,2681,4914,0,0,0,1.0,1,1.0,1,1.0,1,0.06449253154337169,80
3611,4,7599,2682,4917,0,0,0,1.0,1,1.0,1,1.0,1,0.03271209704198958,80
3612,2,7601,2683,4918,0,0,0,1.0,1,1.0,1,1.0,1,0.06278015399080117,79
3613,1,7602,2683,4919,0,0,0,1.0,1,1.0,1,1.0,1,0.05158649582647137,79
3614,2,7604,2685,4919,0,0,0,1.0,1,1.0,1,1.0,1,0.06194910369254427,78
3615,0,7604,2685,4919,0,0,0,1.0,1,1.0,1,1.0,1,0.04902688737105271,79
3616,2,7606,2686,4920,0,0,0,1.0,1,1.0,1,1.0,1,0.07296149149017044,79
3617,3,7609,2688,4921,0,0,0,1.0,1,1.0,1,1.0,1,0.07491794526243871,80
3618,4,7613,2689,4924,0,0,0,1.0,1,1.0,1,1.0,1,0.06957928122986569,82
3619,0,7613,2689,4924,0,0,0,1.0,1,1.0,1,1.0,1,0.09108653260857826,82
3620,3,7616,2690,4926,0,0,0,1.0,1,1.0,1,1.0,1,0.09335514128638414,81
3621,4,7620,2692,4928,0,0,0,1.0,1,1.0,1,1.0,1,0.10127287330057255,83
3622,1,7621,2692,4929,0,0,0,1.0,1,1.0,1,1.0,1,0.10293304045816716,81
3623,2,7623,2694,4929,0,0,0,1.0,1,1.0,1,1.0,1,0.12280588498453722,81
3624,0,7623,2694,4929,0,0,0,1.0,1,1.0,1,1.0,1,0.10958209217882624,79
3625,5,7628,2696,4932,0,0,0,1.0,1,1.0,1,1.0,1,0.12113029518925982,80
3626,3,7631,2696,4935,0,0,0,1.0,1,1.0,1,1.0,1,0.07872832148272596,78
3627,0,7631,2696,4935,0,0,0,1.0,1,1.0,1,1.0,1,0.12000308162311835,78
3628,2,7633,2697,4936,0,0,0,1.0,1,1.0,1,1.0,1,0.10619132448909348,77
3629,5,7638,2697,4941,0,0,0,1.0,1,1.0,1,1.0,1,0.05875934901006191,76
3630,1,7639,2697,4942,0,0,0,1.0,1,1.0,1,1.0,1,0.0532133703199997,77
3631,2,7641,2699,4942,0,0,0,1.0,1,1.0,1,1.0,1,0.06205886217857039,75
3632,3,7644,2702,4942,0,0,0,1.0,1,1.0,1,1.0,1,0.1117323642702757,74
3633,3,7647,2703,4944,0,0,0,1.0,1,1.0,1,1.0,1,0.09534424851980981,75
3634,2,7649,2705,4944,0,0,0,1.0,1,1.0,1,1.0,1,0.12991871070230002,74
3635,2,7651,2706,4945,0,0,0,1.0,1,1.0,1,1.0,1,0.12703667172805702,74
3636,2,7653,2706,4947,0,0,0,1.0,1,1.0,1,1.0,1,0.13250240106455305,74
3637,9,7662,2706,4956,0,0,0,1.0,1,1.0,1,1.0,1,0.10320253844471959,74
3638,3,7665,2706,4959,0,0,0,1.0,1,1.0,1,1.0,1,0.10361981431663495,75
3639,3,7668,2706,4962,0,0,0,1.0,1,1.0,1,1.0,1,0.10150862179177862,76
3640,2,7670,2706,4964,0,0,0,1.0,1,1.0,1,1.0,1,0.09719833305257626,76
3641,5,7675,2707,4968,0,0,0,1.0,1,1.0,1,1.0,1,0.07095479951661982,75
3642,3,7678,2709,4969,0,0,0,1.0,1,1.0,1,1.0,1,0.07327362623136513,75
3643,0,7678,2709,4969,0,0,0,1.0,1,1.0,1,1.0,1,0.08282791940575371,74
3644,0,7678,2709,4969,0,0,0,1.0,1,1.0,1,1.0,1,0.08282791940575371,74
3645,1,7679,2709,4970,0,0,0,1.0,1,1.0,1,1.0,1,0.07074859785827346,74
3646,0,7679,2709,4970,0,0,0,1.0,1,1.0,1,1.0,1,0.06177325876290183,75
3647,1,7680,2709,4971,0,0,0,1.0,1,1.0,1,1.0,1,0.06817302592350227,77
3648,0,7680,2709,4971,0,0,0,1.0,1,1.0,1,1.0,1,0.07851518995438658,78
3649,1,7681,2709,4972,0,0,0,1.0,1,1.0,1,1.0,1,0.07062295977640623,80
3650,2,7683,2710,4973,0,0,0,1.0,1,1.0,1,1.0,1,0.09374361812412561,81
3651,1,7684,2710,4974,0,0,0,1.0,1,1.0,1,1.0,1,0.09840704461184528,81
3652,4,7688,2711,4977,0,0,0,1.0,1,1.0,1,1.0,1,0.11518834852628786,83
3653,4,7692,2711,4981,0,0,0,1.0,1,1.0,1,1.0,1,0.09217986411079397,83
3654,1,7693,2711,4982,0,0,0,1.0,1,1.0,1,1.0,1,0.08259474420332924,83
3655,0,7693,2711,4982,0,0,0,1.0,1,1.0,1,1.0,1,0.07667599427670356,84
3656,0,7693,2711,4982,0,0,0,1.0,1,1.0,1,1.0,1,0.08650180072245695,85
3657,1,7694,2711,4983,0,0,0,1.0,1,1.0,1,1.0,1,0.07835867839687137,86
3658,0,7694,2711,4983,0,0,0,1.0,1,1.0,1,1.0,1,0.07307037889523553,87
3659,1,7695,2712,4983,0,0,0,1.0,1,1.0,1,1.0,1,0.08445639461804177,87
3660,0,7695,2712,4983,0,0,0,1.0,1,1.0,1,1.0,1,0.08970099687805172,86
3661,3,7698,2713,4985,0,0,0,1.0,1,1.0,1,1.0,1,0.09418287350795619,86
3662,1,7699,2713,4986,0,0,0,1.0,1,1.0,1,1.0,1,0.1032218385318049,83
3663,4,7703,2716,4987,0,0,0,1.0,1,1.0,1,1.0,1,0.1507602320764214,85
3664,4,7707,2718,4989,0,0,0,1.0,1,1.0,1,1.0,1,0.18475484018887195,82
3665,13,7720,2718,5002,0,0,0,1.0,1,1.0,1,1.0,1,0.11424311305200592,81
3666,4,7724,2720,5004,0,0,0,1.0,1,1.0,1,1.0,1,0.13751162784491486,79
3667,3,7727,2720,5007,0,0,0,1.0,1,1.0,1,1.0,1,0.1339474394007512,79
3668,2,7729,2721,5008,0,0,0,1.0,1,1.0,1,1.0,1,0.11340062105717888,77
3669,4,7733,2722,5011,0,0,0,1.0,1,1.0,1,1.0,1,0.088818610052469,75
3670,2,7735,2724,5011,0,0,0,1.0,1,1.0,1,1.0,1,0.11866698368015326,76
3671,2,7737,2725,5012,0,0,0,1.0,1,1.0,1,1.0,1,0.08509507499508552,74
3672,2,7739,2726,5013,0,0,0,1.0,1,1.0,1,1.0,1,0.08222031066507479,75
3673,1,7740,2726,5014,0,0,0,1.0,1,1.0,1,1.0,1,0.07409176115845338,75
3674,2,7742,2728,5014,0,0,0,1.0,1,1.0,1,1.0,1,0.09326303203659447,75
3675,0,7742,2728,5014,0,0,0,1.0,1,1.0,1,1.0,1,0.09560622088753151,75
3676,1,7743,2729,5014,0,0,0,1.0,1,1.0,1,1.0,1,0.11892514988005061,75
3677,6,7749,2729,5020,0,0,0,1.0,1,1.0,1,1.0,1,0.09735100378098847,75
3678,3,7752,2729,5023,0,0,0,1.0,1,1.0,1,1.0,1,0.09413718385016635,77
3679,1,7753,2730,5023,0,0,0,1.0,1,1.0,1,1.0,1,0.12117699674484261,78
3680,5,7758,2730,5028,0,0,0,1.0,1,1.0,1,1.0,1,0.1292217449286865,80
3681,3,7761,2730,5031,0,0,0,1.0,1,1.0,1,1.0,1,0.11807787181218456,81
3682,0,7761,2730,5031,0,0,0,1.0,1,1.0,1,1.0,1,0.11807787181218456,81
3683,2,7763,2731,5032,0,0,0,1.0,1,1.0,1,1.0,1,0.12339796937850504,81
3684,0,7763,2731,5032,0,0,0,1.0,1,1.0,1,1.0,1,0.12339796937850504,81
3685,0,7763,2731,5032,0,0,0,1.0,1,1.0,1,1.0,1,0.12339796937850504,81
3686,0,7763,2731,5032,0,0,0,1.0,1,1.0,1,1.0,1,0.12339796937850504,81
3687,1,7764,2731,5033,0,0,0,1.0,1,1.0,1,1.0,1,0.11053462610120687,82
3688,1,7765,2731,5034,0,0,0,1.0,1,1.0,1,1.0,1,0.11215687934599901,84
3689,0,7765,2731,5034,0,0,0,1.0,1,1.0,1,1.0,1,0.11215687934599901,84
3690,1,7766,2732,5034,0,0,0,1.0,1,1.0,1,1.0,1,0.13525322295440498,85
3691,1,7767,2732,5035,0,0,0,1.0,1,1.0,1,1.0,1,0.12259099278812123,86
3692,0,7767,2732,5035,0,0,0,1.0,1,1.0,1,1.0,1,0.11695105862296865,86
3693,1,7768,2732,5036,0,0,0,1.0,1,1.0,1,1.0,1,0.11490368248697075,86
3694,0,7768,2732,5036,0,0,0,1.0,1,1.0,1,1.0,1,0.11490368248697075,86
3695,2,7770,2734,5036,0,0,0,1.0,1,1.0,1,1.0,1,0.15750967022430676,86
3696,1,7771,2734,5037,0,0,0,1.0,1,1.0,1,1.0,1,0.13233062794037764,87
3697,2,7773,2736,5037,0,0,0,1.0,1,1.0,1,1.0,1,0.13190579392143903,85
3698,0,7773,2736,5037,0,0,0,1.0,1,1.0,1,1.0,1,0.13438154200211555,85
3699,1,7774,2737,5037,0,0,0,1.0,1,1.0,1,1.0,1,0.11829476826398784,85
3700,3,7777,2739,5038,0,0,0,1.0,1,1.0,1,1.0,1,0.12444039881938153,84
3701,3,7780,2740,5040,0,0,0,1.0,1,1.0,1,1.0,1,0.15424502751808192,85
3702,3,7783,2742,5041,0,0,0,1.0,1,1.0,1,1.0,1,0.16188684303960138,85
3703,7,7790,2742,5048,0,0,0,1.0,1,1.0,1,1.0,1,0.15512943322589096,85
3704,8,7798,2743,5055,0,0,0,1.0,1,1.0,1,1.0,1,0.17604246702785067,85
3705,8,7806,2743,5063,0,0,0,1.0,1,1.0,1,1.0,1,0.1342936163800184,86
3706,2,7808,2744,5064,0,0,0,1.0,1,1.0,1,1.0,1,0.13793210980753867,86
3707,7,7815,2746,5069,0,0,0,1.0,1,1.0,1,1.0,1,0.1636946280812689,85
3708,3,7818,2746,5072,0,0,0,1.0,1,1.0,1,1.0,1,0.1592670226693394,84
3709,6,7824,2746,5078,0,0,0,1.0,1,1.0,1,1.0,1,0.1497420880865655,85
3710,2,7826,2746,5080,0,0,0,1.0,1,1.0,1,1.0,1,0.1552050016091617,84
3711,4,7830,2746,5084,0,0,0,1.0,1,1.0,1,1.0,1,0.16444472901391272,85
3712,8,7838,2747,5091,0,0,0,1.0,1,1.0,1,1.0,1,0.13568859221664192,85
3713,3,7841,2747,5094,0,0,0,1.0,1,1.0,1,1.0,1,0.11433750435534629,85
3714,3,7844,2748,5096,0,0,0,1.0,1,1.0,1,1.0,1,0.12245424374818151,85
3715,1,7845,2748,5097,0,0,0,1.0,1,1.0,1,1.0,1,0.12079301610665055,85
3716,1,7846,2749,5097,0,0,0,1.0,1,1.0,1,1.0,1,0.12721003781454146,84
3717,3,7849,2749,5100,0,0,0,1.0,1,1.0,1,1.0,1,0.11599785102453776,86
3718,1,7850,2750,5100,0,0,0,1.0,1,1.0,1,1.0,1,0.13362077037243975,85
3719,3,7853,2751,5102,0,0,0,1.0,1,1.0,1,1.0,1,0.13687921187027782,84
3720,0,7853,2751,5102,0,0,0,1.0,1,1.0,1,1.0,1,0.15522490410509068,84
3721,4,7857,2754,5103,0,0,0,1.0,1,1.0,1,1.0,1,0.16021369067975025,85
3722,1,7858,2754,5104,0,0,0,1.0,1,1.0,1,1.0,1,0.15479501261475898,85
3723,5,7863,2754,5109,0,0,0,1.0,1,1.0,1,1.0,1,0.14072435470283495,85
3724,2,7865,2754,5111,0,0,0,1.0,1,1.0,1,1.0,1,0.13880064422332075,86
3725,4,7869,2755,5114,0,0,0,1.0,1,1.0,1,1.0,1,0.12196366483999638,86
3726,1,7870,2755,5115,0,0,0,1.0,1,1.0,1,1.0,1,0.11847880317536638,86
3727,0,7870,2755,5115,0,0,0,1.0,1,1.0,1,1.0,1,0.11847880317536638,86
3728,1,7871,2756,5115,0,0,0,1.0,1,1.0,1,1.0,1,0.1333876763023253,86
3729,2,7873,2757,5116,0,0,0,1.0,1,1.0,1,1.0,1,0.13830587629130756,86
3730,1,7874,2757,5117,0,0,0,1.0,1,1.0,1,1.0,1,0.1433727683103085,85
3731,1,7875,2757,5118,0,0,0,1.0,1,1.0,1,1.0,1,0.14743461501416139,86
3732,0,7875,2757,5118,0,0,0,1.0,1,1.0,1,1.0,1,0.14312641373648746,87
3733,1,7876,2758,5118,0,0,0,1.0,1,1.0,1,1.0,1,0.16810283786919084,87
3734,2,7878,2758,5120,0,0,0,1.0,1,1.0,1,1.0,1,0.15696761687847258,87
3735,3,7881,2759,5122,0,0,0,1.0,1,1.0,1,1.0,1,0.1596133338780544,86
3736,3,7884,2760,5124,0,0,0,1.0,1,1.0,1,1.0,1,0.14369136336512678,87
3737,5,7889,2761,5128,0,0,0,1.0,1,1.0,1,1.0,1,0.12676610509750422,87
3738,2,7891,2761,5130,0,0,0,1.0,1,1.0,1,1.0,1,0.12579299426139198,87
3739,3,7894,2761,5133,0,0,0,1.0,1,1.0,1,1.0,1,0.11948048241520219,88
3740,4,7898,2763,5135,0,0,0,1.0,1,1.0,1,1.0,1,0.14713465893501912,87
3741,4,7902,2763,5139,0,0,0,1.0,1,1.0,1,1.0,1,0.1216934255029455,87
3742,2,7904,2764,5140,0,0,0,1.0,1,1.0,1,1.0,1,0.11465540123228074,86
3743,0,7904,2764,5140,0,0,0,1.0,1,1.0,1,1.0,1,0.1289955726337085,84
3744,1,7905,2765,5140,0,0,0,1.0,1,1.0,1,1.0,1,0.1562220195926504,83
3745,6,7911,2765,5146,0,0,0,1.0,1,1.0,1,1.0,1,0.11354339507302051,83
3746,2,7913,2766,5147,0,0,0,1.0,1,1.0,1,1.0,1,0.13525754730418743,83
3747,3,7916,2767,5149,0,0,0,1.0,1,1.0,1,1.0,1,0.13280446718697433,81
3748,0,7916,2767,5149,0,0,0,1.0,1,1.0,1,1.0,1,0.13431401706245433,81
3749,1,7917,2767,5150,0,0,0,1.0,1,1.0,1,1.0,1,0.12695474020044037,80
3750,1,7918,2767,5151,0,0,0,1.0,1,1.0,1,1.0,1,0.12532454776728236,79
3751,2,7920,2769,5151,0,0,0,1.0,1,1.0,1,1.0,1,0.15166368814890174,80
3752,3,7923,2769,5154,0,0,0,1.0,1,1.0,1,1.0,1,0.15490630239314399,80
3753,6,7929,2771,5158,0,0,0,1.0,1,1.0,1,1.0,1,0.15153616956969948,81
3754,2,7931,2772,5159,0,0,0,1.0,1,1.0,1,1.0,1,0.16617547863822077,81
3755,6,7937,2774,5163,0,0,0,1.0,1,1.0,1,1.0,1,0.17471246552706116,80
3756,3,7940,2775,5165,0,0,0,1.0,1,1.0,1,1.0,1,0.1955566058962691,79
3757,6,7946,2775,5171,0,0,0,1.0,1,1.0,1,1.0,1,0.17951214532288176,80
3758,1,7947,2775,5172,0,0,0,1.0,1,1.0,1,1.0,1,0.17694058698809859,79
3759,1,7948,2776,5172,0,0,0,1.0,1,1.0,1,1.0,1,0.1744609755713472,79
3760,2,7950,2777,5173,0,0,0,1.0,1,1.0,1,1.0,1,0.1749363555142994,79
3761,0,7950,2777,5173,0,0,0,1.0,1,1.0,1,1.0,1,0.190386829816277,78
3762,1,7951,2777,5174,0,0,0,1.0,1,1.0,1,1.0,1,0.18456133341883368,80
3763,0,7951,2777,5174,0,0,0,1.0,1,1.0,1,1.0,1,0.18456133341883368,80
3764,2,7953,2779,5174,0,0,0,1.0,1,1.0,1,1.0,1,0.20927577494335525,80
3765,6,7959,2779,5180,0,0,0,1.0,1,1.0,1,1.0,1,0.1801550438176663,81
3766,4,7963,2781,5182,0,0,0,1.0,1,1.0,1,1.0,1,0.1872356980409421,83
3767,2,7965,2781,5184,0,0,0,1.0,1,1.0,1,1.0,1,0.18022108565285228,83
3768,0,7965,2781,5184,0,0,0,1.0,1,1.0,1,1.0,1,0.18591943652884785,84
3769,8,7973,2781,5192,0,0,0,1.0,1,1.0,1,1.0,1,0.11721868605149634,86
3770,3,7976,2781,5195,0,0,0,1.0,1,1.0,1,1.0,1,0.12990501624330955,87
3771,2,7978,2781,5197,0,0,0,1.0,1,1.0,1,1.0,1,0.12990501624330955,87
3772,4,7982,2781,5201,0,0,0,1.0,1,1.0,1,1.0,1,0.13241317725108756,88
3773,1,7983,2781,5202,0,0,0,1.0,1,1.0,1,1.0,1,0.13824908419857382,85
3774,5,7988,2782,5206,0,0,0,1.0,1,1.0,1,1.0,1,0.12186088953896936,85
3775,3,7991,2784,5207,0,0,0,1.0,1,1.0,1,1.0,1,0.16074593763399955,83
3776,2,7993,2785,5208,0,0,0,1.0,1,1.0,1,1.0,1,0.15829672263758177,82
3777,2,7995,2785,5210,0,0,0,1.0,1,1.0,1,1.0,1,0.14332617118602506,81
3778,0,7995,2785,5210,0,0,0,1.0,1,1.0,1,1.0,1,0.13098389760029816,81
3779,2,7997,2787,5210,0,0,0,1.0,1,1.0,1,1.0,1,0.1660744880140766,80
3780,0,7997,2787,5210,0,0,0,1.0,1,1.0,1,1.0,1,0.1660744880140766,80
3781,3,8000,2787,5213,0,0,0,1.0,1,1.0,1,1.0,1,0.15825567889207362,80
3782,2,8002,2788,5214,0,0,0,1.0,1,1.0,1,1.0,1,0.16210279474326042,80
3783,1,8003,2789,5214,0,0,0,1.0,1,1.0,1,1.0,1,0.1692601633923122,80
3784,0,8003,2789,5214,0,0,0,1.0,1,1.0,1,1.0,1,0.1764797453961225,79
3785,3,8006,2789,5217,0,0,0,1.0,1,1.0,1,1.0,1,0.17593093975684318,77
3786,1,8007,2789,5218,0,0,0,1.0,1,1.0,1,1.0,1,0.1665449568377123,78
3787,1,8008,2789,5219,0,0,0,1.0,1,1.0,1,1.0,1,0.16345427442210742,77
3788,2,8010,2790,5220,0,0,0,1.0,1,1.0,1,1.0,1,0.16386081798790383,78
3789,8,8018,2792,5226,0,0,0,1.0,1,1.0,1,1.0,1,0.1556640601880638,77
3790,3,8021,2793,5228,0,0,0,1.0,1,1.0,1,1.0,1,0.17584157524392793,77
3791,3,8024,2793,5231,0,0,0,1.0,1,1.0,1,1.0,1,0.16761430107804734,77
3792,1,8025,2793,5232,0,0,0,1.0,1,1.0,1,1.0,1,0.14810648354209954,78
3793,2,8027,2793,5234,0,0,0,1.0,1,1.0,1,1.0,1,0.13649448885491275,80
3794,3,8030,2793,5237,0,0,0,1.0,1,1.0,1,1.0,1,0.12223178995222297,82
3795,1,8031,2793,5238,0,0,0,1.0,1,1.0,1,1.0,1,0.13143220101653713,83
3796,1,8032,2793,5239,0,0,0,1.0,1,1.0,1,1.0,1,0.13103512926078842,83
3797,4,8036,2793,5243,0,0,0,1.0,1,1.0,1,1.0,1,0.12223100733650205,82
3798,1,8037,2794,5243,0,0,0,1.0,1,1.0,1,1.0,1,0.1167037885128516,82
3799,1,8038,2794,5244,0,0,0,1.0,1,1.0,1,1.0,1,0.1200858658880251,83
3800,2,8040,2795,5245,0,0,0,1.0,1,1.0,1,1.0,1,0.13259846189537883,83
3801,7,8047,2797,5250,0,0,0,1.0,1,1.0,1,1.0,1,0.12667358117910826,83
3802,1,8048,2798,5250,0,0,0,1.0,1,1.0,1,1.0,1,0.12435762702634057,82
3803,0,8048,2798,5250,0,0,0,1.0,1,1.0,1,1.0,1,0.12117429022515502,84
3804,1,8049,2798,5251,0,0,0,1.0,1,1.0,1,1.0,1,0.11511145599456479,84
3805,6,8055,2799,5256,0,0,0,1.0,1,1.0,1,1.0,1,0.13663525139779562,86
3806,0,8055,2799,5256,0,0,0,1.0,1,1.0,1,1.0,1,0.13663525139779562,86
3807,2,8057,2800,5257,0,0,0,1.0,1,1.0,1,1.0,1,0.15881603439013886,86
3808,3,8060,2800,5260,0,0,0,1.0,1,1.0,1,1.0,1,0.15576534013468607,85
3809,3,8063,2801,5262,0,0,0,1.0,1,1.0,1,1.0,1,0.1630607858501377,85
3810,0,8063,2801,5262,0,0,0,1.0,1,1.0,1,1.0,1,0.1630607858501377,85
3811,0,8063,2801,5262,0,0,0,1.0,1,1.0,1,1.0,1,0.16501059342099558,84
3812,1,8064,2802,5262,0,0,0,1.0,1,1.0,1,1.0,1,0.16348614892023464,83
3813,3,8067,2802,5265,0,0,0,1.0,1,1.0,1,1.0,1,0.10534729343827895,82
3814,1,8068,2803,5265,0,0,0,1.0,1,1.0,1,1.0,1,0.1248657752799676,81
3815,2,8070,2803,5267,0,0,0,1.0,1,1.0,1,1.0,1,0.12354989031323836,82
3816,3,8073,2803,5270,0,0,0,1.0,1,1.0,1,1.0,1,0.0965769640354702,81
3817,2,8075,2804,5271,0,0,0,1.0,1,1.0,1,1.0,1,0.09304930471970789,81
3818,2,8077,2806,5271,0,0,0,1.0,1,1.0,1,1.0,1,0.12031696288386129,81
3819,4,8081,2808,5273,0,0,0,1.0,1,1.0,1,1.0,1,0.15003492202834356,82
3820,6,8087,2808,5279,0,0,0,1.0,1,1.0,1,1.0,1,0.14819658663846266,84
3821,3,8090,2809,5281,0,0,0,1.0,1,1.0,1,1.0,1,0.16626046935257005,84
3822,1,8091,2809,5282,0,0,0,1.0,1,1.0,1,1.0,1,0.14656057618930401,82
3823,3,8094,2812,5282,0,0,0,1.0,1,1.0,1,1.0,1,0.1354584874200908,81
3824,0,8094,2812,5282,0,0,0,1.0,1,1.0,1,1.0,1,0.15005622189419998,78
3825,4,8098,2812,5286,0,0,0,1.0,1,1.0,1,1.0,1,0.14767800998102762,76
3826,1,8099,2813,5286,0,0,0,1.0,1,1.0,1,1.0,1,0.16634322558062425,76
3827,3,8102,2814,5288,0,0,0,1.0,1,1.0,1,1.0,1,0.17580927663153514,75
3828,1,8103,2815,5288,0,0,0,1.0,1,1.0,1,1.0,1,0.18841758838101066,74
3829,9,8112,2817,5295,0,0,0,1.0,1,1.0,1,1.0,1,0.18752837438101208,74
3830,3,8115,2817,5298,0,0,0,1.0,1,1.0,1,1.0,1,0.17070563444335016,74
3831,5,8120,2819,5301,0,0,0,1.0,1,1.0,1,1.0,1,0.22117433302636935,74
3832,5,8125,2820,5305,0,0,0,1.0,1,1.0,1,1.0,1,0.18773319152447537,73
3833,6,8131,2822,5309,0,0,0,1.0,1,1.0,1,1.0,1,0.1683083942496336,73
3834,2,8133,2822,5311,0,0,0,1.0,1,1.0,1,1.0,1,0.17216954251475847,74
3835,5,8138,2823,5315,0,0,0,1.0,1,1.0,1,1.0,1,0.1873486479426614,75
3836,8,8146,2824,5322,0,0,0,1.0,1,1.0,1,1.0,1,0.17535265166455405,75
3837,7,8153,2825,5328,0,0,0,1.0,1,1.0,1,1.0,1,0.1684158610157318,78
3838,5,8158,2826,5332,0,0,0,1.0,1,1.0,1,1.0,1,0.14493643998581215,78
3839,3,8161,2826,5335,0,0,0,1.0,1,1.0,1,1.0,1,0.11364174794938658,79
3840,6,8167,2827,5340,0,0,0,1.0,1,1.0,1,1.0,1,0.13024498705875243,82
3841,3,8170,2827,5343,0,0,0,1.0,1,1.0,1,1.0,1,0.115089378172189,82
3842,0,8170,2827,5343,0,0,0,1.0,1,1.0,1,1.0,1,0.11048223203112509,82
3843,0,8170,2827,5343,0,0,0,1.0,1,1.0,1,1.0,1,0.11048223203112509,82
3844,1,8171,2827,5344,0,0,0,1.0,1,1.0,1,1.0,1,0.09795984764883989,83
3845,3,8174,2827,5347,0,0,0,1.0,1,1.0,1,1.0,1,0.08254334470188769,84
3846,1,8175,2827,5348,0,0,0,1.0,1,1.0,1,1.0,1,0.07678025935962467,85
3847,0,8175,2827,5348,0,0,0,1.0,1,1.0,1,1.0,1,0.08726877116202983,84
3848,2,8177,2829,5348,0,0,0,1.0,1,1.0,1,1.0,1,0.10706082429934174,84
3849,2,8179,2829,5350,0,0,0,1.0,1,1.0,1,1.0,1,0.0891814631257319,83
3850,1,8180,2829,5351,0,0,0,1.0,1,1.0,1,1.0,1,0.10034808050618717,80
3851,0,8180,2829,5351,0,0,0,1.0,1,1.0,1,1.0,1,0.10034808050618717,80
3852,1,8181,2830,5351,0,0,0,1.0,1,1.0,1,1.0,1,0.12106727775436413,79
3853,7,8188,2831,5357,0,0,0,1.0,1,1.0,1,1.0,1,0.08931304574907138,79
3854,2,8190,2831,5359,0,0,0,1.0,1,1.0,1,1.0,1,0.10336190751483768,78
3855,4,8194,2832,5362,0,0,0,1.0,1,1.0,1,1.0,1,0.12361811099700128,78
3856,3,8197,2833,5364,0,0,0,1.0,1,1.0,1,1.0,1,0.15020297348200704,80
3857,4,8201,2834,5367,0,0,0,1.0,1,1.0,1,1.0,1,0.12095749484747169,81
3858,3,8204,2836,5368,0,0,0,1.0,1,1.0,1,1.0,1,0.1354344430862271,81
3859,5,8209,2836,5373,0,0,0,1.0,1,1.0,1,1.0,1,0.1387783164010652,83
3860,3,8212,2837,5375,0,0,0,1.0,1,1.0,1,1.0,1,0.1664408895490509,82
3861,6,8218,2837,5381,0,0,0,1.0,1,1.0,1,1.0,1,0.12066443124560315,84
3862,2,8220,2838,5382,0,0,0,1.0,1,1.0,1,1.0,1,0.11492216561197578,85
3863,0,8220,2838,5382,0,0,0,1.0,1,1.0,1,1.0,1,0.11143634548324534,84
3864,1,8221,2839,5382,0,0,0,1.0,1,1.0,1,1.0,1,0.1081357596374156,83
3865,3,8224,2840,5384,0,0,0,1.0,1,1.0,1,1.0,1,0.10423961355412806,82
3866,0,8224,2840,5384,0,0,0,1.0,1,1.0,1,1.0,1,0.10409557926657682,81
3867,3,8227,2843,5384,0,0,0,1.0,1,1.0,1,1.0,1,0.10621417989720369,81
3868,2,8229,2844,5385,0,0,0,1.0,1,1.0,1,1.0,1,0.11689808656998599,81
3869,2,8231,2845,5386,0,0,0,1.0,1,1.0,1,1.0,1,0.10500905547369571,81
3870,0,8231,2845,5386,0,0,0,1.0,1,1.0,1,1.0,1,0.09511598158501483,80
3871,0,8231,2845,5386,0,0,0,1.0,1,1.0,1,1.0,1,0.09932661982704084,82
3872,4,8235,2846,5389,0,0,0,1.0,1,1.0,1,1.0,1,0.08473487048324098,81
3873,1,8236,2846,5390,0,0,0,1.0,1,1.0,1,1.0,1,0.0773546862136363,81
3874,0,8236,2846,5390,0,0,0,1.0,1,1.0,1,1.0,1,0.09754838694675282,78
3875,1,8237,2846,5391,0,0,0,1.0,1,1.0,1,1.0,1,0.08779800403706063,77
3876,2,8239,2848,5391,0,0,0,1.0,1,1.0,1,1.0,1,0.07985163685175013,78
3877,2,8241,2848,5393,0,0,0,1.0,1,1.0,1,1.0,1,0.09261644412951418,75
3878,1,8242,2849,5393,0,0,0,1.0,1,1.0,1,1.0,1,0.0923239568277766,75
3879,0,8242,2849,5393,0,0,0,1.0,1,1.0,1,1.0,1,0.11583530383096405,73
3880,0,8242,2849,5393,0,0,0,1.0,1,1.0,1,1.0,1,0.10582212919441886,74
3881,6,8248,2849,5399,0,0,0,1.0,1,1.0,1,1.0,1,0.06920490561527336,75
3882,4,8252,2849,5403,0,0,0,1.0,1,1.0,1,1.0,1,0.06139625846291728,76
3883,0,8252,2849,5403,0,0,0,1.0,1,1.0,1,1.0,1,0.054548837258656446,77
3884,8,8260,2851,5409,0,0,0,1.0,1,1.0,1,1.0,1,0.0601502554471668,78
3885,0,8260,2851,5409,0,0,0,1.0,1,1.0,1,1.0,1,0.0601502554471668,78
3886,1,8261,2851,5410,0,0,0,1.0,1,1.0,1,1.0,1,0.0613934673835798,79
3887,2,8263,2852,5411,0,0,0,1.0,1,1.0,1,1.0,1,0.05421889608104887,78
3888,2,8265,2853,5412,0,0,0,1.0,1,1.0,1,1.0,1,0.06968813889085608,80
3889,3,8268,2854,5414,0,0,0,1.0,1,1.0,1,1.0,1,0.08385805678752538,82
3890,2,8270,2855,5415,0,0,0,1.0,1,1.0,1,1.0,1,0.08814440071422217,82
3891,5,8275,2857,5418,0,0,0,1.0,1,1.0,1,1.0,1,0.08849335727621527,85
3892,9,8284,2859,5425,0,0,0,1.0,1,1.0,1,1.0,1,0.08334626645794828,87
3893,3,8287,2859,5428,0,0,0,1.0,1,1.0,1,1.0,1,0.05964821580933514,86
3894,0,8287,2859,5428,0,0,0,1.0,1,1.0,1,1.0,1,0.06433354268234917,87
3895,1,8288,2860,5428,0,0,0,1.0,1,1.0,1,1.0,1,0.08065186544456558,87
3896,1,8289,2861,5428,0,0,0,1.0,1,1.0,1,1.0,1,0.09792279919952518,85
3897,2,8291,2862,5429,0,0,0,1.0,1,1.0,1,1.0,1,0.09587770742116282,85
3898,3,8294,2863,5431,0,0,0,1.0,1,1.0,1,1.0,1,0.10907832395043292,86
3899,5,8299,2864,5435,0,0,0,1.0,1,1.0,1,1.0,1,0.11310663191088927,86
3900,2,8301,2864,5437,0,0,0,1.0,1,1.0,1,1.0,1,0.10806117767607984,86
3901,5,8306,2865,5441,0,0,0,1.0,1,1.0,1,1.0,1,0.09862278620637,86
3902,1,8307,2866,5441,0,0,0,1.0,1,1.0,1,1.0,1,0.09318364156188048,87
3903,2,8309,2867,5442,0,0,0,1.0,1,1.0,1,1.0,1,0.08712523348049606,87
3904,2,8311,2869,5442,0,0,0,1.0,1,1.0,1,1.0,1,0.10313096968334773,85
3905,6,8317,2870,5447,0,0,0,1.0,1,1.0,1,1.0,1,0.09231778885957222,84
3906,6,8323,2872,5451,0,0,0,1.0,1,1.0,1,1.0,1,0.08483489769053516,86
3907,2,8325,2872,5453,0,0,0,1.0,1,1.0,1,1.0,1,0.08376539262279785,84
3908,4,8329,2873,5456,0,0,0,1.0,1,1.0,1,1.0,1,0.08150523239756871,83
3909,6,8335,2876,5459,0,0,0,1.0,1,1.0,1,1.0,1,0.07284622729876836,81
3910,6,8341,2880,5461,0,0,0,1.0,1,1.0,1,1.0,1,0.09222933436765536,82
3911,6,8347,2884,5463,0,0,0,1.0,1,1.0,1,1.0,1,0.10680568039769203,81
3912,2,8349,2886,5463,0,0,0,1.0,1,1.0,1,1.0,1,0.11447672496156232,80
3913,5,8354,2887,5467,0,0,0,1.0,1,1.0,1,1.0,1,0.0913868518271021,80
3914,6,8360,2889,5471,0,0,0,1.0,1,1.0,1,1.0,1,0.10835398039667603,81
3915,1,8361,2889,5472,0,0,0,1.0,1,1.0,1,1.0,1,0.10016774093953301,81
3916,4,8365,2891,5474,0,0,0,1.0,1,1.0,1,1.0,1,0.14149688106930317,81
3917,10,8375,2892,5483,0,0,0,1.0,1,1.0,1,1.0,1,0.09245459615662521,82
3918,5,8380,2892,5488,0,0,0,1.0,1,1.0,1,1.0,1,0.08545438889721427,85
3919,3,8383,2894,5489,0,0,0,1.0,1,1.0,1,1.0,1,0.10867742740136964,85
3920,2,8385,2895,5490,0,0,0,1.0,1,1.0,1,1.0,1,0.10258974368707684,85
3921,5,8390,2896,5494,0,0,0,1.0,1,1.0,1,1.0,1,0.08395186007467872,88
3922,0,8390,2896,5494,0,0,0,1.0,1,1.0,1,1.0,1,0.08395186007467872,88
3923,0,8390,2896,5494,0,0,0,1.0,1,1.0,1,1.0,1,0.07593954057175792,89
3924,1,8391,2896,5495,0,0,0,1.0,1,1.0,1,1.0,1,0.08148025227037159,90
3925,2,8393,2897,5496,0,0,0,1.0,1,1.0,1,1.0,1,0.08858047371533036,88
3926,1,8394,2897,5497,0,0,0,1.0,1,1.0,1,1.0,1,0.07869170896580738,89
3927,4,8398,2899,5499,0,0,0,1.0,1,1.0,1,1.0,1,0.09727027740768036,89
3928,2,8400,2899,5501,0,0,0,1.0,1,1.0,1,1.0,1,0.11286899741174668,88
3929,3,8403,2899,5504,0,0,0,1.0,1,1.0,1,1.0,1,0.09051967771339565,88
3930,1,8404,2900,5504,0,0,0,1.0,1,1.0,1,1.0,1,0.09783487912159894,87
3931,2,8406,2900,5506,0,0,0,1.0,1,1.0,1,1.0,1,0.07881269332852611,86
3932,2,8408,2901,5507,0,0,0,1.0,1,1.0,1,1.0,1,0.07726251744560404,85
3933,0,8408,2901,5507,0,0,0,1.0,1,1.0,1,1.0,1,0.08217584653258528,84
3934,1,8409,2901,5508,0,0,0,1.0,1,1.0,1,1.0,1,0.06834121305675607,85
3935,2,8411,2903,5508,0,0,0,1.0,1,1.0,1,1.0,1,0.09115513803108637,84
3936,4,8415,2904,5511,0,0,0,1.0,1,1.0,1,1.0,1,0.11536039015832954,84
3937,10,8425,2904,5521,0,0,0,1.0,1,1.0,1,1.0,1,0.07866031982332554,82
3938,2,8427,2904,5523,0,0,0,1.0,1,1.0,1,1.0,1,0.07866031982332554,82
3939,4,8431,2904,5527,0,0,0,1.0,1,1.0,1,1.0,1,0.06694001511308965,84
3940,7,8438,2905,5533,0,0,0,1.0,1,1.0,1,1.0,1,0.09839721220592024,84
3941,5,8443,2905,5538,0,0,0,1.0,1,1.0,1,1.0,1,0.05195392160188057,85
3942,5,8448,2907,5541,0,0,0,1.0,1,1.0,1,1.0,1,0.048249741101375684,85
3943,0,8448,2907,5541,0,0,0,1.0,1,1.0,1,1.0,1,0.04233404128415797,84
3944,2,8450,2909,5541,0,0,0,1.0,1,1.0,1,1.0,1,0.1072146558537209,83
3945,4,8454,2910,5544,0,0,0,1.0,1,1.0,1,1.0,1,0.08605661801825192,83
3946,3,8457,2911,5546,0,0,0,1.0,1,1.0,1,1.0,1,0.114595430720359,83
3947,0,8457,2911,5546,0,0,0,1.0,1,1.0,1,1.0,1,0.114595430720359,83
3948,3,8460,2912,5548,0,0,0,1.0,1,1.0,1,1.0,1,0.12958859195518607,84
3949,4,8464,2912,5552,0,0,0,1.0,1,1.0,1,1.0,1,0.12166924165608564,84
3950,3,8467,2913,5554,0,0,0,1.0,1,1.0,1,1.0,1,0.1295609865710158,86
3951,2,8469,2913,5556,0,0,0,1.0,1,1.0,1,1.0,1,0.12606765351032936,87
3952,0,8469,2913,5556,0,0,0,1.0,1,1.0,1,1.0,1,0.1259972611465203,86
3953,7,8476,2915,5561,0,0,0,1.0,1,1.0,1,1.0,1,0.10022341761482978,86
3954,2,8478,2915,5563,0,0,0,1.0,1,1.0,1,1.0,1,0.08986661928274407,85
3955,0,8478,2915,5563,0,0,0,1.0,1,1.0,1,1.0,1,0.10605877048207554,85
3956,0,8478,2915,5563,0,0,0,1.0,1,1.0,1,1.0,1,0.11626667545957202,84
3957,4,8482,2916,5566,0,0,0,1.0,1,1.0,1,1.0,1,0.09544640912727666,85
3958,0,8482,2916,5566,0,0,0,1.0,1,1.0,1,1.0,1,0.1003462607679541,84
3959,1,8483,2917,5566,0,0,0,1.0,1,1.0,1,1.0,1,0.11334966784466058,83
3960,1,8484,2917,5567,0,0,0,1.0,1,1.0,1,1.0,1,0.11657931233990267,84
3961,5,8489,2917,5572,0,0,0,1.0,1,1.0,1,1.0,1,0.09299330134553932,83
3962,3,8492,2919,5573,0,0,0,1.0,1,1.0,1,1.0,1,0.10284596819782946,84
3963,4,8496,2922,5574,0,0,0,1.0,1,1.0,1,1.0,1,0.10906126948167703,81
3964,8,8504,2925,5579,0,0,0,1.0,1,1.0,1,1.0,1,0.11500204069665428,81
3965,5,8509,2925,5584,0,0,0,1.0,1,1.0,1,1.0,1,0.08364509933947686,81
3966,1,8510,2926,5584,0,0,0,1.0,1,1.0,1,1.0,1,0.11099785530305989,79
3967,4,8514,2929,5585,0,0,0,1.0,1,1.0,1,1.0,1,0.14786678266265574,81
3968,2,8516,2930,5586,0,0,0,1.0,1,1.0,1,1.0,1,0.10895643853748646,79
3969,6,8522,2933,5589,0,0,0,1.0,1,1.0,1,1.0,1,0.11471114007329836,79
3970,1,8523,2934,5589,0,0,0,1.0,1,1.0,1,1.0,1,0.14122316305853774,78
3971,0,8523,2934,5589,0,0,0,1.0,1,1.0,1,1.0,1,0.14519373960371304,77
3972,2,8525,2935,5590,0,0,0,1.0,1,1.0,1,1.0,1,0.1423742970371641,78
3973,6,8531,2935,5596,0,0,0,1.0,1,1.0,1,1.0,1,0.1229444826604416,77
3974,1,8532,2935,5597,0,0,0,1.0,1,1.0,1,1.0,1,0.11606501759281515,77
3975,1,8533,2936,5597,0,0,0,1.0,1,1.0,1,1.0,1,0.14532694334951307,76
3976,3,8536,2936,5600,0,0,0,1.0,1,1.0,1,1.0,1,0.14453055361721975,77
3977,4,8540,2936,5604,0,0,0,1.0,1,1.0,1,1.0,1,0.12433230170718901,78
3978,5,8545,2937,5608,0,0,0,1.0,1,1.0,1,1.0,1,0.12322643321983426,79
3979,0,8545,2937,5608,0,0,0,1.0,1,1.0,1,1.0,1,0.12322643321983426,79
3980,2,8547,2938,5609,0,0,0,1.0,1,1.0,1,1.0,1,0.12406413702516766,79
3981,3,8550,2939,5611,0,0,0,1.0,1,1.0,1,1.0,1,0.1324165392648502,83
3982,2,8552,2940,5612,0,0,0,1.0,1,1.0,1,1.0,1,0.13933246931222595,83
3983,2,8554,2940,5614,0,0,0,1.0,1,1.0,1,1.0,1,0.13494273741921936,82
3984,0,8554,2940,5614,0,0,0,1.0,1,1.0,1,1.0,1,0.13606393501716382,83
3985,7,8561,2942,5619,0,0,0,1.0,1,1.0,1,1.0,1,0.11044716219227375,84
3986,2,8563,2943,5620,0,0,0,1.0,1,1.0,1,1.0,1,0.11975889331629425,83
3987,1,8564,2943,5621,0,0,0,1.0,1,1.0,1,1.0,1,0.1370182575701924,82
3988,2,8566,2944,5622,0,0,0,1.0,1,1.0,1,1.0,1,0.14208029556477242,83
3989,4,8570,2944,5626,0,0,0,1.0,1,1.0,1,1.0,1,0.13136863404423627,81
3990,3,8573,2945,5628,0,0,0,1.0,1,1.0,1,1.0,1,0.12076034972336144,81
3991,1,8574,2946,5628,0,0,0,1.0,1,1.0,1,1.0,1,0.1347427278377339,79
3992,0,8574,2946,5628,0,0,0,1.0,1,1.0,1,1.0,1,0.12764486182226434,81
3993,7,8581,2948,5633,0,0,0,1.0,1,1.0,1,1.0,1,0.09546329944386801,80
3994,0,8581,2948,5633,0,0,0,1.0,1,1.0,1,1.0,1,0.09546329944386801,80
3995,1,8582,2949,5633,0,0,0,1.0,1,1.0,1,1.0,1,0.09185848259226709,81
3996,1,8583,2949,5634,0,0,0,1.0,1,1.0,1,1.0,1,0.126161363758959,80
3997,4,8587,2950,5637,0,0,0,1.0,1,1.0,1,1.0,1,0.08976632249315775,81
3998,4,8591,2951,5640,0,0,0,1.0,1,1.0,1,1.0,1,0.09051048876630753,82
3999,4,8595,2952,5643,0,0,0,1.0,1,1.0,1,1.0,1,0.09135988921744223,82
4000,2,8597,2954,5643,0,0,0,1.0,1,1.0,1,1.0,1,0.11116509779597021,82
4001,4,8601,2955,5646,0,0,0,1.0,1,1.0,1,1.0,1,0.09500026978984406,81
4002,2,8603,2957,5646,0,0,0,1.0,1,1.0,1,1.0,1,0.11037514971230644,81
4003,3,8606,2958,5648,0,0,0,1.0,1,1.0,1,1.0,1,0.10135201456745295,81
4004,3,8609,2960,5649,0,0,0,1.0,1,1.0,1,1.0,1,0.10825069236336071,80
4005,4,8613,2962,5651,0,0,0,1.0,1,1.0,1,1.0,1,0.11726397833491134,78
4006,2,8615,2963,5652,0,0,0,1.0,1,1.0,1,1.0,1,0.1093982884268208,76
4007,1,8616,2964,5652,0,0,0,1.0,1,1.0,1,1.0,1,0.12645123156051835,75
4008,1,8617,2965,5652,0,0,0,1.0,1,1.0,1,1.0,1,0.1253113093249041,74
4009,6,8623,2967,5656,0,0,0,1.0,1,1.0,1,1.0,1,0.1381851790365348,75
4010,3,8626,2967,5659,0,0,0,1.0,1,1.0,1,1.0,1,0.12397536737757177,75
4011,2,8628,2969,5659,0,0,0,1.0,1,1.0,1,1.0,1,0.1236402942174591,74
4012,1,8629,2970,5659,0,0,0,1.0,1,1.0,1,1.0,1,0.1301334659623775,74
4013,4,8633,2971,5662,0,0,0,1.0,1,1.0,1,1.0,1,0.11824723257226492,74
4014,4,8637,2973,5664,0,0,0,1.0,1,1.0,1,1.0,1,0.1421530558342625,73
4015,1,8638,2973,5665,0,0,0,1.0,1,1.0,1,1.0,1,0.1465178357322422,74
4016,5,8643,2974,5669,0,0,0,1.0,1,1.0,1,1.0,1,0.1444778015497436,74
4017,7,8650,2976,5674,0,0,0,1.0,1,1.0,1,1.0,1,0.14648411633271177,78
4018,1,8651,2977,5674,0,0,0,1.0,1,1.0,1,1.0,1,0.1684305210927133,78
4019,0,8651,2977,5674,0,0,0,1.0,1,1.0,1,1.0,1,0.1684305210927133,78
4020,0,8651,2977,5674,0,0,0,1.0,1,1.0,1,1.0,1,0.1684305210927133,78
4021,4,8655,2977,5678,0,0,0,1.0,1,1.0,1,1.0,1,0.13533930116428083,78
4022,2,8657,2978,5679,0,0,0,1.0,1,1.0,1,1.0,1,0.1378420619708211,79
4023,1,8658,2978,5680,0,0,0,1.0,1,1.0,1,1.0,1,0.14064696186260212,78
4024,2,8660,2980,5680,0,0,0,1.0,1,1.0,1,1.0,1,0.12303269881523259,77
4025,5,8665,2982,5683,0,0,0,1.0,1,1.0,1,1.0,1,0.10819294381340312,76
4026,3,8668,2983,5685,0,0,0,1.0,1,1.0,1,1.0,1,0.10852216268974516,76
4027,3,8671,2985,5686,0,0,0,1.0,1,1.0,1,1.0,1,0.11611923249996924,75
4028,2,8673,2985,5688,0,0,0,1.0,1,1.0,1,1.0,1,0.10352590989646791,76
4029,2,8675,2985,5690,0,0,0,1.0,1,1.0,1,1.0,1,0.10000639830490374,75
4030,2,8677,2986,5691,0,0,0,1.0,1,1.0,1,1.0,1,0.09591410670215327,74
4031,2,8679,2987,5692,0,0,0,1.0,1,1.0,1,1.0,1,0.10220907235676903,73
4032,0,8679,2987,5692,0,0,0,1.0,1,1.0,1,1.0,1,0.11599432755834883,71
4033,2,8681,2987,5694,0,0,0,1.0,1,1.0,1,1.0,1,0.09936309482802104,73
4034,2,8683,2988,5695,0,0,0,1.0,1,1.0,1,1.0,1,0.08731992989599954,72
4035,1,8684,2989,5695,0,0,0,1.0,1,1.0,1,1.0,1,0.09223344231559967,71
4036,2,8686,2990,5696,0,0,0,1.0,1,1.0,1,1.0,1,0.07749244749936146,71
4037,1,8687,2990,5697,0,0,0,1.0,1,1.0,1,1.0,1,0.078113924735646,70
4038,1,8688,2991,5697,0,0,0,1.0,1,1.0,1,1.0,1,0.1080876598584002,69
4039,3,8691,2992,5699,0,0,0,1.0,1,1.0,1,1.0,1,0.12745045010031616,68
4040,2,8693,2993,5700,0,0,0,1.0,1,1.0,1,1.0,1,0.15573156769579521,69
4041,4,8697,2994,5703,0,0,0,1.0,1,1.0,1,1.0,1,0.1675033464317253,67
4042,2,8699,2994,5705,0,0,0,1.0,1,1.0,1,1.0,1,0.18008285643419056,67
4043,3,8702,2995,5707,0,0,0,1.0,1,1.0,1,1.0,1,0.2125302540215736,66
4044,3,8705,2997,5708,0,0,0,1.0,1,1.0,1,1.0,1,0.2324624881223857,65
4045,8,8713,2997,5716,0,0,0,1.0,1,1.0,1,1.0,1,0.16184858657156026,66
4046,1,8714,2997,5717,0,0,0,1.0,1,1.0,1,1.0,1,0.15543741792282073,68
4047,0,8714,2997,5717,0,0,0,1.0,1,1.0,1,1.0,1,0.15543741792282073,68
4048,0,8714,2997,5717,0,0,0,1.0,1,1.0,1,1.0,1,0.16387465089538839,69
4049,3,8717,2998,5719,0,0,0,1.0,1,1.0,1,1.0,1,0.1661475252658254,69
4050,0,8717,2998,5719,0,0,0,1.0,1,1.0,1,1.0,1,0.16295572790001617,69
4051,1,8718,2998,5720,0,0,0,1.0,1,1.0,1,1.0,1,0.15647127925810092,69
4052,2,8720,2998,5722,0,0,0,1.0,1,1.0,1,1.0,1,0.14131789921221513,69
4053,1,8721,2999,5722,0,0,0,1.0,1,1.0,1,1.0,1,0.15352267145494497,69
4054,3,8724,3000,5724,0,0,0,1.0,1,1.0,1,1.0,1,0.14560613787829618,70
4055,1,8725,3000,5725,0,0,0,1.0,1,1.0,1,1.0,1,0.12686135907928733,70
4056,1,8726,3000,5726,0,0,0,1.0,1,1.0,1,1.0,1,0.11612391437176091,70
4057,2,8728,3000,5728,0,0,0,1.0,1,1.0,1,1.0,1,0.10611872105634547,71
4058,0,8728,3000,5728,0,0,0,1.0,1,1.0,1,1.0,1,0.10611872105634547,71
4059,1,8729,3000,5729,0,0,0,1.0,1,1.0,1,1.0,1,0.10706450520323879,72
4060,1,8730,3000,5730,0,0,0,1.0,1,1.0,1,1.0,1,0.11512504671328974,71
4061,4,8734,3001,5733,0,0,0,1.0,1,1.0,1,1.0,1,0.10553793999614368,72
4062,3,8737,3002,5735,0,0,0,1.0,1,1.0,1,1.0,1,0.10984456380074101,72
4063,2,8739,3004,5735,0,0,0,1.0,1,1.0,1,1.0,1,0.14574591664019937,72
4064,3,8742,3006,5736,0,0,0,1.0,1,1.0,1,1.0,1,0.11034034478799044,71
4065,3,8745,3006,5739,0,0,0,1.0,1,1.0,1,1.0,1,0.06987775701719139,70
4066,1,8746,3007,5739,0,0,0,1.0,1,1.0,1,1.0,1,0.09032464445463095,70
4067,1,8747,3008,5739,0,0,0,1.0,1,1.0,1,1.0,1,0.08183721681013555,68
4068,5,8752,3012,5740,0,0,0,1.0,1,1.0,1,1.0,1,0.11485917432904648,70
4069,4,8756,3013,5743,0,0,0,1.0,1,1.0,1,1.0,1,0.06155498506077666,68
4070,4,8760,3016,5744,0,0,0,1.0,1,1.0,1,1.0,1,0.09288520547554864,67
4071,2,8762,3017,5745,0,0,0,1.0,1,1.0,1,1.0,1,0.10955469042226068,68
4072,4,8766,3019,5747,0,0,0,1.0,1,1.0,1,1.0,1,0.13385730373307758,70
4073,12,8778,3023,5755,0,0,0,1.0,1,1.0,1,1.0,1,0.1287741039046858,70
4074,9,8787,3028,5759,0,0,0,1.0,1,1.0,1,1.0,1,0.13249817058527108,71
4075,8,8795,3029,5766,0,0,0,1.0,1,1.0,1,1.0,1,0.11597573512102706,72
4076,2,8797,3029,5768,0,0,0,1.0,1,1.0,1,1.0,1,0.12514031577987997,73
4077,2,8799,3030,5769,0,0,0,1.0,1,1.0,1,1.0,1,0.12419466648607738,72
4078,3,8802,3032,5770,0,0,0,1.0,1,1.0,1,1.0,1,0.1405465235891359,71
4079,3,8805,3033,5772,0,0,0,1.0,1,1.0,1,1.0,1,0.15679295471628787,69
4080,1,8806,3034,5772,0,0,0,1.0,1,1.0,1,1.0,1,0.16350202109327433,67
4081,4,8810,3034,5776,0,0,0,1.0,1,1.0,1,1.0,1,0.12386410239912338,66
4082,3,8813,3034,5779,0,0,0,1.0,1,1.0,1,1.0,1,0.1161469708091445,65
4083,2,8815,3036,5779,0,0,0,1.0,1,1.0,1,1.0,1,0.16737897526492326,64
4084,3,8818,3038,5780,0,0,0,1.0,1,1.0,1,1.0,1,0.18921457060401717,64
4085,7,8825,3038,5787,0,0,0,1.0,1,1.0,1,1.0,1,0.13436668529848528,65
4086,1,8826,3039,5787,0,0,0,1.0,1,1.0,1,1.0,1,0.14190552160897665,66
4087,3,8829,3040,5789,0,0,0,1.0,1,1.0,1,1.0,1,0.1384363197260228,66
4088,2,8831,3040,5791,0,0,0,1.0,1,1.0,1,1.0,1,0.14973325470897098,65
4089,4,8835,3041,5794,0,0,0,1.0,1,1.0,1,1.0,1,0.12381436005440838,65
4090,1,8836,3041,5795,0,0,0,1.0,1,1.0,1,1.0,1,0.13650105029059628,65
4091,0,8836,3041,5795,0,0,0,1.0,1,1.0,1,1.0,1,0.13650105029059628,65
4092,0,8836,3041,5795,0,0,0,1.0,1,1.0,1,1.0,1,0.14505807853679054,64
4093,1,8837,3041,5796,0,0,0,1.0,1,1.0,1,1.0,1,0.12459918543531516,66
4094,1,8838,3042,5796,0,0,0,1.0,1,1.0,1,1.0,1,0.15353305890257776,65
4095,2,8840,3042,5798,0,0,0,1.0,1,1.0,1,1.0,1,0.13816113487564025,65
4096,1,8841,3042,5799,0,0,0,1.0,1,1.0,1,1.0,1,0.1316068310686179,67
4097,5,8846,3044,5802,0,0,0,1.0,1,1.0,1,1.0,1,0.1141299828986677,67
4098,3,8849,3046,5803,0,0,0,1.0,1,1.0,1,1.0,1,0.13203300040612165,68
4099,3,8852,3047,5805,0,0,0,1.0,1,1.0,1,1.0,1,0.1255400539267118,69
4100,1,8853,3047,5806,0,0,0,1.0,1,1.0,1,1.0,1,0.11808884774773314,70
4101,5,8858,3048,5810,0,0,0,1.0,1,1.0,1,1.0,1,0.0925932987681581,71
4102,1,8859,3049,5810,0,0,0,1.0,1,1.0,1,1.0,1,0.0932767377691087,71
4103,1,8860,3049,5811,0,0,0,1.0,1,1.0,1,1.0,1,0.08946713832935517,71
4104,2,8862,3051,5811,0,0,0,1.0,1,1.0,1,1.0,1,0.12806662535333066,69
4105,2,8864,3051,5813,0,0,0,1.0,1,1.0,1,1.0,1,0.13156743166720963,67
4106,3,8867,3052,5815,0,0,0,1.0,1,1.0,1,1.0,1,0.12891960138584707,68
4107,1,8868,3052,5816,0,0,0,1.0,1,1.0,1,1.0,1,0.10802380296248426,70
4108,1,8869,3052,5817,0,0,0,1.0,1,1.0,1,1.0,1,0.10247625737733497,70
4109,4,8873,3052,5821,0,0,0,1.0,1,1.0,1,1.0,1,0.08289766282169873,69
4110,3,8876,3053,5823,0,0,0,1.0,1,1.0,1,1.0,1,0.0773511103131927,71
4111,0,8876,3053,5823,0,0,0,1.0,1,1.0,1,1.0,1,0.07925059706482343,70
4112,1,8877,3053,5824,0,0,0,1.0,1,1.0,1,1.0,1,0.07178768596198373,72
4113,1,8878,3053,5825,0,0,0,1.0,1,1.0,1,1.0,1,0.055259852456809845,72
4114,5,8883,3056,5827,0,0,0,1.0,1,1.0,1,1.0,1,0.11173387210946488,72
4115,2,8885,3057,5828,0,0,0,1.0,1,1.0,1,1.0,1,0.08351099276858981,70
4116,1,8886,3058,5828,0,0,0,1.0,1,1.0,1,1.0,1,0.12015294360781634,67
4117,5,8891,3061,5830,0,0,0,1.0,1,1.0,1,1.0,1,0.11367585538161011,67
4118,1,8892,3061,5831,0,0,0,1.0,1,1.0,1,1.0,1,0.13208330152295797,66
4119,5,8897,3063,5834,0,0,0,1.0,1,1.0,1,1.0,1,0.1775838567667417,67
4120,2,8899,3064,5835,0,0,0,1.0,1,1.0,1,1.0,1,0.19318478385650278,64
4121,5,8904,3065,5839,0,0,0,1.0,1,1.0,1,1.0,1,0.15441450595457376,63
4122,3,8907,3066,5841,0,0,0,1.0,1,1.0,1,1.0,1,0.12085229035589591,63
4123,0,8907,3066,5841,0,0,0,1.0,1,1.0,1,1.0,1,0.11488376897900038,61
4124,2,8909,3068,5841,0,0,0,1.0,1,1.0,1,1.0,1,0.13574317589369378,62
4125,2,8911,3068,5843,0,0,0,1.0,1,1.0,1,1.0,1,0.10128155504306853,60
4126,1,8912,3069,5843,0,0,0,1.0,1,1.0,1,1.0,1,0.13529687151508224,59
4127,3,8915,3071,5844,0,0,0,1.0,1,1.0,1,1.0,1,0.17107712710647485,60
4128,2,8917,3073,5844,0,0,0,1.0,1,1.0,1,1.0,1,0.18723449555554217,60
4129,4,8921,3073,5848,0,0,0,1.0,1,1.0,1,1.0,1,0.12996313829561196,60
4130,4,8925,3076,5849,0,0,0,1.0,1,1.0,1,1.0,1,0.1471618670761676,61
4131,1,8926,3076,5850,0,0,0,1.0,1,1.0,1,1.0,1,0.14568331416070043,60
4132,4,8930,3078,5852,0,0,0,1.0,1,1.0,1,1.0,1,0.1650417232568563,60
4133,3,8933,3079,5854,0,0,0,1.0,1,1.0,1,1.0,1,0.1626920432815282,62
4134,1,8934,3080,5854,0,0,0,1.0,1,1.0,1,1.0,1,0.15561776288791188,63
4135,3,8937,3080,5857,0,0,0,1.0,1,1.0,1,1.0,1,0.12096379798328251,65
4136,0,8937,3080,5857,0,0,0,1.0,1,1.0,1,1.0,1,0.12096379798328251,65
4137,1,8938,3081,5857,0,0,0,1.0,1,1.0,1,1.0,1,0.1270133852389943,66
4138,0,8938,3081,5857,0,0,0,1.0,1,1.0,1,1.0,1,0.13040046370915911,67
4139,4,8942,3083,5859,0,0,0,1.0,1,1.0,1,1.0,1,0.14490850523301818,67
4140,0,8942,3083,5859,0,0,0,1.0,1,1.0,1,1.0,1,0.1417228694019898,66
4141,2,8944,3083,5861,0,0,0,1.0,1,1.0,1,1.0,1,0.10749770356541911,67
4142,0,8944,3083,5861,0,0,0,1.0,1,1.0,1,1.0,1,0.10749770356541911,67
4143,2,8946,3084,5862,0,0,0,1.0,1,1.0,1,1.0,1,0.09174883934278494,66
4144,0,8946,3084,5862,0,0,0,1.0,1,1.0,1,1.0,1,0.1055386117561588,64
4145,6,8952,3088,5864,0,0,0,1.0,1,1.0,1,1.0,1,0.14920644516593795,63
4146,5,8957,3091,5866,0,0,0,1.0,1,1.0,1,1.0,1,0.1685323544241079,62
4147,0,8957,3091,5866,0,0,0,1.0,1,1.0,1,1.0,1,0.1736324498508775,60
4148,5,8962,3093,5869,0,0,0,1.0,1,1.0,1,1.0,1,0.20216378659604817,62
4149,9,8971,3095,5876,0,0,0,1.0,1,1.0,1,1.0,1,0.1380972901861974,61
4150,3,8974,3096,5878,0,0,0,1.0,1,1.0,1,1.0,1,0.11069024835080536,60
4151,2,8976,3097,5879,0,0,0,1.0,1,1.0,1,1.0,1,0.13748434960581948,60
4152,1,8977,3098,5879,0,0,0,1.0,1,1.0,1,1.0,1,0.1642954984138189,60
4153,3,8980,3098,5882,0,0,0,1.0,1,1.0,1,1.0,1,0.14606064509711744,58
4154,3,8983,3098,5885,0,0,0,1.0,1,1.0,1,1.0,1,0.11810898316216678,57
4155,1,8984,3098,5886,0,0,0,1.0,1,1.0,1,1.0,1,0.09807779440436767,57
4156,1,8985,3099,5886,0,0,0,1.0,1,1.0,1,1.0,1,0.12432579843593447,58
4157,2,8987,3099,5888,0,0,0,1.0,1,1.0,1,1.0,1,0.11291263753586285,57
4158,0,8987,3099,5888,0,0,0,1.0,1,1.0,1,1.0,1,0.15570629104394096,55
4159,2,8989,3100,5889,0,0,0,1.0,1,1.0,1,1.0,1,0.1571356736894873,57
4160,1,8990,3101,5889,0,0,0,1.0,1,1.0,1,1.0,1,0.1696041063280133,58
4161,4,8994,3102,5892,0,0,0,1.0,1,1.0,1,1.0,1,0.12888109087379554,58
4162,1,8995,3103,5892,0,0,0,1.0,1,1.0,1,1.0,1,0.16695989978277026,57
4163,0,8995,3103,5892,0,0,0,1.0,1,1.0,1,1.0,1,0.15917126276853485,58
4164,4,8999,3106,5893,0,0,0,1.0,1,1.0,1,1.0,1,0.17996434522896862,56
4165,4,9003,3106,5897,0,0,0,1.0,1,1.0,1,1.0,1,0.1422187807623802,58
4166,0,9003,3106,5897,0,0,0,1.0,1,1.0,1,1.0,1,0.13870156426776833,57
4167,2,9005,3107,5898,0,0,0,1.0,1,1.0,1,1.0,1,0.13871463914145657,57
4168,1,9006,3107,5899,0,0,0,1.0,1,1.0,1,1.0,1,0.1425330796282823,58
4169,0,9006,3107,5899,0,0,0,1.0,1,1.0,1,1.0,1,0.1425330796282823,58
4170,2,9008,3108,5900,0,0,0,1.0,1,1.0,1,1.0,1,0.1479710026674575,58
4171,0,9008,3108,5900,0,0,0,1.0,1,1.0,1,1.0,1,0.16703425433946917,57
4172,0,9008,3108,5900,0,0,0,1.0,1,1.0,1,1.0,1,0.16703425433946917,57
4173,6,9014,3109,5905,0,0,0,1.0,1,1.0,1,1.0,1,0.14797254981973543,56
4174,1,9015,3110,5905,0,0,0,1.0,1,1.0,1,1.0,1,0.16964968762771374,56
4175,2,9017,3110,5907,0,0,0,1.0,1,1.0,1,1.0,1,0.17326043420122778,55
4176,2,9019,3110,5909,0,0,0,1.0,1,1.0,1,1.0,1,0.16225121668564504,57
4177,5,9024,3111,5913,0,0,0,1.0,1,1.0,1,1.0,1,0.13563352329919082,58
4178,3,9027,3113,5914,0,0,0,1.0,1,1.0,1,1.0,1,0.1546413378662044,60
4179,3,9030,3113,5917,0,0,0,1.0,1,1.0,1,1.0,1,0.13595826481544915,61
4180,4,9034,3113,5921,0,0,0,1.0,1,1.0,1,1.0,1,0.11769191966614943,62
4181,1,9035,3113,5922,0,0,0,1.0,1,1.0,1,1.0,1,0.11225132356214541,63
4182,1,9036,3114,5922,0,0,0,1.0,1,1.0,1,1.0,1,0.1295148526405077,63
4183,2,9038,3115,5923,0,0,0,1.0,1,1.0,1,1.0,1,0.10685006799739105,63
4184,1,9039,3115,5924,0,0,0,1.0,1,1.0,1,1.0,1,0.11525894619028862,63
4185,3,9042,3115,5927,0,0,0,1.0,1,1.0,1,1.0,1,0.09878491160839988,61
4186,2,9044,3117,5927,0,0,0,1.0,1,1.0,1,1.0,1,0.10056143353803271,62
4187,3,9047,3119,5928,0,0,0,1.0,1,1.0,1,1.0,1,0.10857393931922855,60
4188,2,9049,3120,5929,0,0,0,1.0,1,1.0,1,1.0,1,0.09304841912345083,60
4189,3,9052,3121,5931,0,0,0,1.0,1,1.0,1,1.0,1,0.09064771603740458,60
4190,5,9057,3125,5932,0,0,0,1.0,1,1.0,1,1.0,1,0.15323498658344897,61
4191,2,9059,3126,5933,0,0,0,1.0,1,1.0,1,1.0,1,0.1691683144441348,59
4192,3,9062,3128,5934,0,0,0,1.0,1,1.0,1,1.0,1,0.1712263368124073,58
4193,1,9063,3128,5935,0,0,0,1.0,1,1.0,1,1.0,1,0.14241764500200843,57
4194,3,9066,3131,5935,0,0,0,1.0,1,1.0,1,1.0,1,0.18296195005823604,54
4195,1,9067,3131,5936,0,0,0,1.0,1,1.0,1,1.0,1,0.18527119483120244,55
4196,2,9069,3132,5937,0,0,0,1.0,1,1.0,1,1.0,1,0.16154290625880935,56
4197,7,9076,3134,5942,0,0,0,1.0,1,1.0,1,1.0,1,0.13036074481749294,55
4198,1,9077,3135,5942,0,0,0,1.0,1,1.0,1,1.0,1,0.1844768239642499,56
4199,2,9079,3137,5942,0,0,0,1.0,1,1.0,1,1.0,1,0.21392755236124425,55
4200,0,9079,3137,5942,0,0,0,1.0,1,1.0,1,1.0,1,0.21392549963052743,55
4201,4,9083,3137,5946,0,0,0,1.0,1,1.0,1,1.0,1,0.15964694219233155,56
4202,0,9083,3137,5946,0,0,0,1.0,1,1.0,1,1.0,1,0.15964694219233155,56
4203,0,9083,3137,5946,0,0,0,1.0,1,1.0,1,1.0,1,0.16868933121465254,57
4204,4,9087,3138,5949,0,0,0,1.0,1,1.0,1,1.0,1,0.16568221094096214,57
4205,4,9091,3138,5953,0,0,0,1.0,1,1.0,1,1.0,1,0.14156911722948573,58
4206,3,9094,3139,5955,0,0,0,1.0,1,1.0,1,1.0,1,0.1133601739248377,58
4207,0,9094,3139,5955,0,0,0,1.0,1,1.0,1,1.0,1,0.1133601739248377,58
4208,3,9097,3139,5958,0,0,0,1.0,1,1.0,1,1.0,1,0.08045343019315487,60
4209,4,9101,3142,5959,0,0,0,1.0,1,1.0,1,1.0,1,0.08845047679670072,61
4210,0,9101,3142,5959,0,0,0,1.0,1,1.0,1,1.0,1,0.07163883534764057,62
4211,4,9105,3144,5961,0,0,0,1.0,1,1.0,1,1.0,1,0.08659720769568648,63
4212,0,9105,3144,5961,0,0,0,1.0,1,1.0,1,1.0,1,0.08108377329546078,64
4213,0,9105,3144,5961,0,0,0,1.0,1,1.0,1,1.0,1,0.08719067557912795,65
4214,0,9105,3144,5961,0,0,0,1.0,1,1.0,1,1.0,1,0.08879316209980366,65
4215,0,9105,3144,5961,0,0,0,1.0,1,1.0,1,1.0,1,0.08879316209980366,65
4216,0,9105,3144,5961,0,0,0,1.0,1,1.0,1,1.0,1,0.10456651240855726,64
4217,2,9107,3145,5962,0,0,0,1.0,1,1.0,1,1.0,1,0.10277333026473187,65
4218,0,9107,3145,5962,0,0,0,1.0,1,1.0,1,1.0,1,0.10277333026473187,65
4219,0,9107,3145,5962,0,0,0,1.0,1,1.0,1,1.0,1,0.10277333026473187,65
4220,1,9108,3146,5962,0,0,0,1.0,1,1.0,1,1.0,1,0.11447150733298145,65
4221,6,9114,3150,5964,0,0,0,1.0,1,1.0,1,1.0,1,0.1520579202737906,67
4222,3,9117,3151,5966,0,0,0,1.0,1,1.0,1,1.0,1,0.1621525961961406,68
4223,6,9123,3153,5970,0,0,0,1.0,1,1.0,1,1.0,1,0.18731926224991854,68
4224,1,9124,3153,5971,0,0,0,1.0,1,1.0,1,1.0,1,0.19572150434188718,68
4225,4,9128,3153,5975,0,0,0,1.0,1,1.0,1,1.0,1,0.14470589395241606,66
4226,1,9129,3154,5975,0,0,0,1.0,1,1.0,1,1.0,1,0.149519273204242,66
4227,0,9129,3154,5975,0,0,0,1.0,1,1.0,1,1.0,1,0.149519273204242,66
4228,0,9129,3154,5975,0,0,0,1.0,1,1.0,1,1.0,1,0.13933495479046965,65
4229,1,9130,3154,5976,0,0,0,1.0,1,1.0,1,1.0,1,0.14264646303309997,65
4230,2,9132,3155,5977,0,0,0,1.0,1,1.0,1,1.0,1,0.12752573626754243,64
4231,1,9133,3156,5977,0,0,0,1.0,1,1.0,1,1.0,1,0.12984229213330514,64
4232,6,9139,3158,5981,0,0,0,1.0,1,1.0,1,1.0,1,0.10815980170223762,65
4233,1,9140,3158,5982,0,0,0,1.0,1,1.0,1,1.0,1,0.10467150576342871,64
4234,0,9140,3158,5982,0,0,0,1.0,1,1.0,1,1.0,1,0.11593278213798565,63
4235,2,9142,3159,5983,0,0,0,1.0,1,1.0,1,1.0,1,0.10421756101691956,63
4236,0,9142,3159,5983,0,0,0,1.0,1,1.0,1,1.0,1,0.10421756101691956,63
4237,3,9145,3161,5984,0,0,0,1.0,1,1.0,1,1.0,1,0.14924513007598195,65
4238,2,9147,3161,5986,0,0,0,1.0,1,1.0,1,1.0,1,0.12601490889405392,65
4239,0,9147,3161,5986,0,0,0,1.0,1,1.0,1,1.0,1,0.12601490889405392,65
4240,0,9147,3161,5986,0,0,0,1.0,1,1.0,1,1.0,1,0.10795972811726393,66
4241,1,9148,3161,5987,0,0,0,1.0,1,1.0,1,1.0,1,0.0893693145269567,66
4242,1,9149,3162,5987,0,0,0,1.0,1,1.0,1,1.0,1,0.08995059185577736,69
4243,2,9151,3162,5989,0,0,0,1.0,1,1.0,1,1.0,1,0.09785560669325623,71
4244,0,9151,3162,5989,0,0,0,1.0,1,1.0,1,1.0,1,0.09785560669325623,71
4245,1,9152,3162,5990,0,0,0,1.0,1,1.0,1,1.0,1,0.08814261795655817,73
4246,2,9154,3162,5992,0,0,0,1.0,1,1.0,1,1.0,1,0.06616746520403803,74
4247,0,9154,3162,5992,0,0,0,1.0,1,1.0,1,1.0,1,0.06616746520403803,74
4248,1,9155,3163,5992,0,0,0,1.0,1,1.0,1,1.0,1,0.07642896401230166,74
4249,0,9155,3163,5992,0,0,0,1.0,1,1.0,1,1.0,1,0.07642896401230166,74
4250,0,9155,3163,5992,0,0,0,1.0,1,1.0,1,1.0,1,0.07642896401230166,74
4251,1,9156,3164,5992,0,0,0,1.0,1,1.0,1,1.0,1,0.07958330178129737,75
4252,3,9159,3166,5993,0,0,0,1.0,1,1.0,1,1.0,1,0.12230261807730301,75
4253,2,9161,3166,5995,0,0,0,1.0,1,1.0,1,1.0,1,0.11749542503804547,76
4254,1,9162,3167,5995,0,0,0,1.0,1,1.0,1,1.0,1,0.12206890482678903,75
4255,5,9167,3170,5997,0,0,0,1.0,1,1.0,1,1.0,1,0.1271993473519231,76
4256,5,9172,3170,6002,0,0,0,1.0,1,1.0,1,1.0,1,0.1018074842247898,78
4257,2,9174,3171,6003,0,0,0,1.0,1,1.0,1,1.0,1,0.09334706123106168,78
4258,1,9175,3171,6004,0,0,0,1.0,1,1.0,1,1.0,1,0.10193766822644504,77
4259,2,9177,3172,6005,0,0,0,1.0,1,1.0,1,1.0,1,0.09513343901835064,78
4260,1,9178,3172,6006,0,0,0,1.0,1,1.0,1,1.0,1,0.09746050363748832,77
4261,3,9181,3174,6007,0,0,0,1.0,1,1.0,1,1.0,1,0.10306643288688674,76
4262,2,9183,3174,6009,0,0,0,1.0,1,1.0,1,1.0,1,0.11545474105399303,75
4263,1,9184,3175,6009,0,0,0,1.0,1,1.0,1,1.0,1,0.11028316519821901,74
4264,0,9184,3175,6009,0,0,0,1.0,1,1.0,1,1.0,1,0.14376173873766407,74
4265,8,9192,3178,6014,0,0,0,1.0,1,1.0,1,1.0,1,0.09464558554305429,73
4266,1,9193,3179,6014,0,0,0,1.0,1,1.0,1,1.0,1,0.1047910249363855,71
4267,2,9195,3181,6014,0,0,0,1.0,1,1.0,1,1.0,1,0.10368197122734055,69
4268,2,9197,3183,6014,0,0,0,1.0,1,1.0,1,1.0,1,0.13251108426396957,67
4269,4,9201,3185,6016,0,0,0,1.0,1,1.0,1,1.0,1,0.1128392826630648,64
4270,4,9205,3187,6018,0,0,0,1.0,1,1.0,1,1.0,1,0.11159508216154558,63
4271,2,9207,3188,6019,0,0,0,1.0,1,1.0,1,1.0,1,0.1483235151154515,63
4272,4,9211,3190,6021,0,0,0,1.0,1,1.0,1,1.0,1,0.17333056747963643,62
4273,4,9215,3191,6024,0,0,0,1.0,1,1.0,1,1.0,1,0.17650618387989922,62
4274,1,9216,3191,6025,0,0,0,1.0,1,1.0,1,1.0,1,0.1865397100760812,62
4275,2,9218,3191,6027,0,0,0,1.0,1,1.0,1,1.0,1,0.17453372676498102,61
4276,2,9220,3191,6029,0,0,0,1.0,1,1.0,1,1.0,1,0.1561579795612775,62
4277,2,9222,3191,6031,0,0,0,1.0,1,1.0,1,1.0,1,0.14232733884025103,63
4278,1,9223,3191,6032,0,0,0,1.0,1,1.0,1,1.0,1,0.1309095887253174,64
4279,2,9225,3192,6033,0,0,0,1.0,1,1.0,1,1.0,1,0.14914462240254706,65
4280,0,9225,3192,6033,0,0,0,1.0,1,1.0,1,1.0,1,0.14914462240254706,65
4281,6,9231,3193,6038,0,0,0,1.0,1,1.0,1,1.0,1,0.11354786630675062,65
4282,6,9237,3196,6041,0,0,0,1.0,1,1.0,1,1.0,1,0.16403872377060535,66
4283,4,9241,3197,6044,0,0,0,1.0,1,1.0,1,1.0,1,0.18391065420252461,66
4284,6,9247,3198,6049,0,0,0,1.0,1,1.0,1,1.0,1,0.21188951232731965,66
4285,4,9251,3198,6053,0,0,0,1.0,1,1.0,1,1.0,1,0.1999271803142158,67
4286,2,9253,3198,6055,0,0,0,1.0,1,1.0,1,1.0,1,0.19389329505617175,67
4287,1,9254,3198,6056,0,0,0,1.0,1,1.0,1,1.0,1,0.18332492349804083,67
4288,2,9256,3198,6058,0,0,0,1.0,1,1.0,1,1.0,1,0.1504754482511243,68
4289,1,9257,3198,6059,0,0,0,1.0,1,1.0,1,1.0,1,0.14583181460174116,68
4290,1,9258,3198,6060,0,0,0,1.0,1,1.0,1,1.0,1,0.13944100571997403,70
4291,2,9260,3199,6061,0,0,0,1.0,1,1.0,1,1.0,1,0.13895591276420913,71
4292,0,9260,3199,6061,0,0,0,1.0,1,1.0,1,1.0,1,0.13895591276420913,71
4293,2,9262,3199,6063,0,0,0,1.0,1,1.0,1,1.0,1,0.13189942105543181,71
4294,1,9263,3200,6063,0,0,0,1.0,1,1.0,1,1.0,1,0.14844890955591794,71
4295,1,9264,3200,6064,0,0,0,1.0,1,1.0,1,1.0,1,0.15324075121392156,72
4296,2,9266,3201,6065,0,0,0,1.0,1,1.0,1,1.0,1,0.15544492190601464,73
4297,3,9269,3201,6068,0,0,0,1.0,1,1.0,1,1.0,1,0.13355028570966576,73
4298,4,9273,3203,6070,0,0,0,1.0,1,1.0,1,1.0,1,0.15611051771352194,74
4299,0,9273,3203,6070,0,0,0,1.0,1,1.0,1,1.0,1,0.1417837318002762,75
4300,1,9274,3204,6070,0,0,0,1.0,1,1.0,1,1.0,1,0.16184696755381467,75
4301,4,9278,3204,6074,0,0,0,1.0,1,1.0,1,1.0,1,0.13582507877929126,76
4302,1,9279,3204,6075,0,0,0,1.0,1,1.0,1,1.0,1,0.12631829119497365,76
4303,1,9280,3204,6076,0,0,0,1.0,1,1.0,1,1.0,1,0.1130280644767018,75
4304,4,9284,3206,6078,0,0,0,1.0,1,1.0,1,1.0,1,0.13032493439612503,75
4305,3,9287,3207,6080,0,0,0,1.0,1,1.0,1,1.0,1,0.11813583570583061,73
4306,2,9289,3208,6081,0,0,0,1.0,1,1.0,1,1.0,1,0.11122521024970763,74
4307,1,9290,3208,6082,0,0,0,1.0,1,1.0,1,1.0,1,0.0832583936503648,73
4308,0,9290,3208,6082,0,0,0,1.0,1,1.0,1,1.0,1,0.09199387757611478,71
4309,2,9292,3209,6083,0,0,0,1.0,1,1.0,1,1.0,1,0.10255496628797334,70
4310,3,9295,3211,6084,0,0,0,1.0,1,1.0,1,1.0,1,0.12113887724262681,69
4311,2,9297,3212,6085,0,0,0,1.0,1,1.0,1,1.0,1,0.11232946848174452,69
4312,2,9299,3213,6086,0,0,0,1.0,1,1.0,1,1.0,1,0.1525274334510202,66
4313,3,9302,3214,6088,0,0,0,1.0,1,1.0,1,1.0,1,0.15201984788800216,64
4314,2,9304,3215,6089,0,0,0,1.0,1,1.0,1,1.0,1,0.16955436306373853,61
4315,2,9306,3217,6089,0,0,0,1.0,1,1.0,1,1.0,1,0.15522718750478098,61
4316,1,9307,3218,6089,0,0,0,1.0,1,1.0,1,1.0,1,0.17182923092046024,60
4317,2,9309,3218,6091,0,0,0,1.0,1,1.0,1,1.0,1,0.14810111890980684,62
4318,1,9310,3219,6091,0,0,0,1.0,1,1.0,1,1.0,1,0.16238859059293675,59
4319,1,9311,3220,6091,0,0,0,1.0,1,1.0,1,1.0,1,0.1799977918570422,60
4320,2,9313,3220,6093,0,0,0,1.0,1,1.0,1,1.0,1,0.16359887262419132,60
4321,5,9318,3222,6096,0,0,0,1.0,1,1.0,1,1.0,1,0.16967971058252138,61
4322,4,9322,3224,6098,0,0,0,1.0,1,1.0,1,1.0,1,0.18978919762679405,61
4323,3,9325,3226,6099,0,0,0,1.0,1,1.0,1,1.0,1,0.21784710117309505,61
4324,3,9328,3227,6101,0,0,0,1.0,1,1.0,1,1.0,1,0.24790247169806465,60
4325,6,9334,3228,6106,0,0,0,1.0,1,1.0,1,1.0,1,0.2241869938807193,60
4326,1,9335,3228,6107,0,0,0,1.0,1,1.0,1,1.0,1,0.21475319726433725,61
4327,2,9337,3228,6109,0,0,0,1.0,1,1.0,1,1.0,1,0.17252676081128776,62
4328,0,9337,3228,6109,0,0,0,1.0,1,1.0,1,1.0,1,0.17252676081128776,62
4329,3,9340,3228,6112,0,0,0,1.0,1,1.0,1,1.0,1,0.15340443962374783,65
4330,3,9343,3228,6115,0,0,0,1.0,1,1.0,1,1.0,1,0.12196288142294207,65
4331,0,9343,3228,6115,0,0,0,1.0,1,1.0,1,1.0,1,0.12196288142294207,65
4332,3,9346,3229,6117,0,0,0,1.0,1,1.0,1,1.0,1,0.13467372659045215,66
4333,3,9349,3229,6120,0,0,0,1.0,1,1.0,1,1.0,1,0.11645047733712352,66
4334,2,9351,3230,6121,0,0,0,1.0,1,1.0,1,1.0,1,0.11693843707368796,66
4335,0,9351,3230,6121,0,0,0,1.0,1,1.0,1,1.0,1,0.12438347575244495,65
4336,2,9353,3232,6121,0,0,0,1.0,1,1.0,1,1.0,1,0.14274084628560477,67
4337,3,9356,3233,6123,0,0,0,1.0,1,1.0,1,1.0,1,0.1580824880927233,69
4338,0,9356,3233,6123,0,0,0,1.0,1,1.0,1,1.0,1,0.16325396998792793,70
4339,2,9358,3233,6125,0,0,0,1.0,1,1.0,1,1.0,1,0.14614905607179768,70
4340,2,9360,3233,6127,0,0,0,1.0,1,1.0,1,1.0,1,0.14856833716419976,71
4341,4,9364,3235,6129,0,0,0,1.0,1,1.0,1,1.0,1,0.1405111022821685,70
4342,2,9366,3235,6131,0,0,0,1.0,1,1.0,1,1.0,1,0.13890270523687964,71
4343,1,9367,3236,6131,0,0,0,1.0,1,1.0,1,1.0,1,0.1720141055368678,67
4344,4,9371,3239,6132,0,0,0,1.0,1,1.0,1,1.0,1,0.19427542586495616,67
4345,10,9381,3242,6139,0,0,0,1.0,1,1.0,1,1.0,1,0.12678083123912723,64
4346,3,9384,3245,6139,0,0,0,1.0,1,1.0,1,1.0,1,0.1284573407290955,64
4347,2,9386,3247,6139,0,0,0,1.0,1,1.0,1,1.0,1,0.16256789605496186,62
4348,5,9391,3249,6142,0,0,0,1.0,1,1.0,1,1.0,1,0.16014983862445784,62
4349,3,9394,3250,6144,0,0,0,1.0,1,1.0,1,1.0,1,0.18039632444273712,61
4350,2,9396,3251,6145,0,0,0,1.0,1,1.0,1,1.0,1,0.19291828199423533,60
4351,0,9396,3251,6145,0,0,0,1.0,1,1.0,1,1.0,1,0.2014929934999653,60
4352,0,9396,3251,6145,0,0,0,1.0,1,1.0,1,1.0,1,0.21759765735969488,57
4353,5,9401,3253,6148,0,0,0,1.0,1,1.0,1,1.0,1,0.22248688414320422,55
4354,4,9405,3254,6151,0,0,0,1.0,1,1.0,1,1.0,1,0.20060997522946244,55
4355,3,9408,3255,6153,0,0,0,1.0,1,1.0,1,1.0,1,0.17828663175611795,53
4356,3,9411,3256,6155,0,0,0,1.0,1,1.0,1,1.0,1,0.1911764451570451,55
4357,9,9420,3257,6163,0,0,0,1.0,1,1.0,1,1.0,1,0.11592029185690793,55
4358,7,9427,3257,6170,0,0,0,1.0,1,1.0,1,1.0,1,0.10310613823323274,55
4359,3,9430,3257,6173,0,0,0,1.0,1,1.0,1,1.0,1,0.11002653716249139,54
4360,4,9434,3257,6177,0,0,0,1.0,1,1.0,1,1.0,1,0.08511200287872549,55
4361,1,9435,3258,6177,0,0,0,1.0,1,1.0,1,1.0,1,0.11125566162141211,54
4362,1,9436,3258,6178,0,0,0,1.0,1,1.0,1,1.0,1,0.06842815341414367,55
4363,3,9439,3259,6180,0,0,0,1.0,1,1.0,1,1.0,1,0.12163659163767782,55
4364,1,9440,3259,6181,0,0,0,1.0,1,1.0,1,1.0,1,0.1262203689398034,55
4365,2,9442,3259,6183,0,0,0,1.0,1,1.0,1,1.0,1,0.07735208020812112,54
4366,0,9442,3259,6183,0,0,0,1.0,1,1.0,1,1.0,1,0.07735208020812112,54
4367,2,9444,3260,6184,0,0,0,1.0,1,1.0,1,1.0,1,0.09931089476787383,57
4368,1,9445,3260,6185,0,0,0,1.0,1,1.0,1,1.0,1,0.11467764520869701,57
4369,2,9447,3260,6187,0,0,0,1.0,1,1.0,1,1.0,1,0.09752539183448956,58
4370,2,9449,3262,6187,0,0,0,1.0,1,1.0,1,1.0,1,0.14444523802874046,59
4371,1,9450,3262,6188,0,0,0,1.0,1,1.0,1,1.0,1,0.12534961521499774,60
4372,1,9451,3263,6188,0,0,0,1.0,1,1.0,1,1.0,1,0.1420926417268586,60
4373,4,9455,3263,6192,0,0,0,1.0,1,1.0,1,1.0,1,0.10293523498403746,60
4374,0,9455,3263,6192,0,0,0,1.0,1,1.0,1,1.0,1,0.11517074101737541,59
4375,0,9455,3263,6192,0,0,0,1.0,1,1.0,1,1.0,1,0.11904749674929009,60
4376,1,9456,3263,6193,0,0,0,1.0,1,1.0,1,1.0,1,0.1494514120172141,60
4377,4,9460,3266,6194,0,0,0,1.0,1,1.0,1,1.0,1,0.21289815036310653,61
4378,1,9461,3267,6194,0,0,0,1.0,1,1.0,1,1.0,1,0.21157169555640334,64
4379,0,9461,3267,6194,0,0,0,1.0,1,1.0,1,1.0,1,0.21157169555640334,64
4380,0,9461,3267,6194,0,0,0,1.0,1,1.0,1,1.0,1,0.20892370797576099,65
4381,5,9466,3267,6199,0,0,0,1.0,1,1.0,1,1.0,1,0.17303892377972,64
4382,4,9470,3268,6202,0,0,0,1.0,1,1.0,1,1.0,1,0.17728065157660064,64
4383,1,9471,3269,6202,0,0,0,1.0,1,1.0,1,1.0,1,0.1827132408986042,64
4384,5,9476,3272,6204,0,0,0,1.0,1,1.0,1,1.0,1,0.1947758630457871,60
4385,3,9479,3273,6206,0,0,0,1.0,1,1.0,1,1.0,1,0.1850295315233865,58
4386,4,9483,3276,6207,0,0,0,1.0,1,1.0,1,1.0,1,0.16907814766513993,58
4387,3,9486,3277,6209,0,0,0,1.0,1,1.0,1,1.0,1,0.130311510697502,55
4388,2,9488,3279,6209,0,0,0,1.0,1,1.0,1,1.0,1,0.15117033066450544,56
4389,4,9492,3279,6213,0,0,0,1.0,1,1.0,1,1.0,1,0.10488490121072372,55
4390,2,9494,3280,6214,0,0,0,1.0,1,1.0,1,1.0,1,0.10056759614241363,55
4391,3,9497,3282,6215,0,0,0,1.0,1,1.0,1,1.0,1,0.08656834577620849,56
4392,2,9499,3282,6217,0,0,0,1.0,1,1.0,1,1.0,1,0.09569132029311378,56
4393,1,9500,3283,6217,0,0,0,1.0,1,1.0,1,1.0,1,0.12496912614886664,55
4394,2,9502,3285,6217,0,0,0,1.0,1,1.0,1,1.0,1,0.14971087796820381,53
4395,0,9502,3285,6217,0,0,0,1.0,1,1.0,1,1.0,1,0.14971087796820381,53
4396,1,9503,3286,6217,0,0,0,1.0,1,1.0,1,1.0,1,0.15988703004723073,53
4397,5,9508,3287,6221,0,0,0,1.0,1,1.0,1,1.0,1,0.15935205743662711,50
4398,0,9508,3287,6221,0,0,0,1.0,1,1.0,1,1.0,1,0.17900709289375985,50
4399,0,9508,3287,6221,0,0,0,1.0,1,1.0,1,1.0,1,0.16975216166902873,52
4400,1,9509,3287,6222,0,0,0,1.0,1,1.0,1,1.0,1,0.1886854328357124,55
4401,3,9512,3287,6225,0,0,0,1.0,1,1.0,1,1.0,1,0.14575704071600898,56
4402,1,9513,3288,6225,0,0,0,1.0,1,1.0,1,1.0,1,0.16521099494929378,56
4403,2,9515,3289,6226,0,0,0,1.0,1,1.0,1,1.0,1,0.15661627204457312,57
4404,0,9515,3289,6226,0,0,0,1.0,1,1.0,1,1.0,1,0.15661627204457312,57
4405,1,9516,3289,6227,0,0,0,1.0,1,1.0,1,1.0,1,0.1463418017845469,58
4406,0,9516,3289,6227,0,0,0,1.0,1,1.0,1,1.0,1,0.1463418017845469,58
4407,0,9516,3289,6227,0,0,0,1.0,1,1.0,1,1.0,1,0.1463418017845469,58
4408,2,9518,3290,6228,0,0,0,1.0,1,1.0,1,1.0,1,0.1597878631482063,59
4409,0,9518,3290,6228,0,0,0,1.0,1,1.0,1,1.0,1,0.1597878631482063,59
4410,0,9518,3290,6228,0,0,0,1.0,1,1.0,1,1.0,1,0.1597878631482063,59
4411,2,9520,3290,6230,0,0,0,1.0,1,1.0,1,1.0,1,0.13508902983879095,62
4412,1,9521,3290,6231,0,0,0,1.0,1,1.0,1,1.0,1,0.14404902721298954,63
4413,1,9522,3290,6232,0,0,0,1.0,1,1.0,1,1.0,1,0.12355255382564963,63
4414,0,9522,3290,6232,0,0,0,1.0,1,1.0,1,1.0,1,0.13343646734046036,64
4415,2,9524,3290,6234,0,0,0,1.0,1,1.0,1,1.0,1,0.11119221831417582,64
4416,0,9524,3290,6234,0,0,0,1.0,1,1.0,1,1.0,1,0.11119221831417582,64
4417,4,9528,3291,6237,0,0,0,1.0,1,1.0,1,1.0,1,0.1211896529020082,65
4418,3,9531,3293,6238,0,0,0,1.0,1,1.0,1,1.0,1,0.14694911758529242,65
4419,4,9535,3293,6242,0,0,0,1.0,1,1.0,1,1.0,1,0.1876150380657722,62
4420,1,9536,3293,6243,0,0,0,1.0,1,1.0,1,1.0,1,0.1856161683032816,62
4421,7,9543,3294,6249,0,0,0,1.0,1,1.0,1,1.0,1,0.13833339313941947,65
4422,4,9547,3295,6252,0,0,0,1.0,1,1.0,1,1.0,1,0.1325225757798268,64
4423,1,9548,3296,6252,0,0,0,1.0,1,1.0,1,1.0,1,0.12399008099689186,63
4424,1,9549,3297,6252,0,0,0,1.0,1,1.0,1,1.0,1,0.1344859867582016,63
4425,5,9554,3299,6255,0,0,0,1.0,1,1.0,1,1.0,1,0.12349201780975655,63
4426,3,9557,3301,6256,0,0,0,1.0,1,1.0,1,1.0,1,0.10914637135715426,63
4427,1,9558,3302,6256,0,0,0,1.0,1,1.0,1,1.0,1,0.11350835419507704,62
4428,1,9559,3302,6257,0,0,0,1.0,1,1.0,1,1.0,1,0.09908112313336902,61
4429,4,9563,3305,6258,0,0,0,1.0,1,1.0,1,1.0,1,0.13624961440808908,62
4430,2,9565,3306,6259,0,0,0,1.0,1,1.0,1,1.0,1,0.12762939684345054,60
4431,3,9568,3308,6260,0,0,0,1.0,1,1.0,1,1.0,1,0.11577178175660197,59
4432,2,9570,3309,6261,0,0,0,1.0,1,1.0,1,1.0,1,0.07977421327669731,60
4433,7,9577,3312,6265,0,0,0,1.0,1,1.0,1,1.0,1,0.1022035415911122,61
4434,3,9580,3312,6268,0,0,0,1.0,1,1.0,1,1.0,1,0.08234798722140792,61
4435,6,9586,3314,6272,0,0,0,1.0,1,1.0,1,1.0,1,0.08710420689594463,61
4436,1,9587,3314,6273,0,0,0,1.0,1,1.0,1,1.0,1,0.0883746868045706,61
4437,4,9591,3317,6274,0,0,0,1.0,1,1.0,1,1.0,1,0.10224757192685767,61
4438,3,9594,3318,6276,0,0,0,1.0,1,1.0,1,1.0,1,0.07037288505318125,62
4439,0,9594,3318,6276,0,0,0,1.0,1,1.0,1,1.0,1,0.08533274687544525,63
4440,1,9595,3319,6276,0,0,0,1.0,1,1.0,1,1.0,1,0.09387613192774504,64
4441,3,9598,3320,6278,0,0,0,1.0,1,1.0,1,1.0,1,0.08644857392926554,64
4442,7,9605,3323,6282,0,0,0,1.0,1,1.0,1,1.0,1,0.12592946831661278,67
4443,2,9607,3324,6283,0,0,0,1.0,1,1.0,1,1.0,1,0.11605267270696767,68
4444,1,9608,3324,6284,0,0,0,1.0,1,1.0,1,1.0,1,0.10940408960953986,69
4445,4,9612,3325,6287,0,0,0,1.0,1,1.0,1,1.0,1,0.1069602473953642,71
4446,0,9612,3325,6287,0,0,0,1.0,1,1.0,1,1.0,1,0.1069602473953642,71
4447,2,9614,3325,6289,0,0,0,1.0,1,1.0,1,1.0,1,0.09912331050644842,72
4448,0,9614,3325,6289,0,0,0,1.0,1,1.0,1,1.0,1,0.10788563765996353,71
4449,3,9617,3326,6291,0,0,0,1.0,1,1.0,1,1.0,1,0.08565753289811669,70
4450,0,9617,3326,6291,0,0,0,1.0,1,1.0,1,1.0,1,0.09613507365219766,69
4451,0,9617,3326,6291,0,0,0,1.0,1,1.0,1,1.0,1,0.09661334883207759,69
4452,2,9619,3326,6293,0,0,0,1.0,1,1.0,1,1.0,1,0.08389216639037163,70
4453,1,9620,3326,6294,0,0,0,1.0,1,1.0,1,1.0,1,0.0958242642790369,70
4454,4,9624,3329,6295,0,0,0,1.0,1,1.0,1,1.0,1,0.11685877256734653,71
4455,2,9626,3329,6297,0,0,0,1.0,1,1.0,1,1.0,1,0.10424040605742897,71
4456,4,9630,3331,6299,0,0,0,1.0,1,1.0,1,1.0,1,0.12044468115295158,71
4457,3,9633,3331,6302,0,0,0,1.0,1,1.0,1,1.0,1,0.10941414125557625,69
4458,3,9636,3332,6304,0,0,0,1.0,1,1.0,1,1.0,1,0.10529252924551753,70
4459,1,9637,3333,6304,0,0,0,1.0,1,1.0,1,1.0,1,0.11930626386990392,68
4460,4,9641,3336,6305,0,0,0,1.0,1,1.0,1,1.0,1,0.1437138282649128,68
4461,5,9646,3336,6310,0,0,0,1.0,1,1.0,1,1.0,1,0.09326982859539998,67
4462,3,9649,3338,6311,0,0,0,1.0,1,1.0,1,1.0,1,0.1159222448143079,66
4463,3,9652,3341,6311,0,0,0,1.0,1,1.0,1,1.0,1,0.12484922614803508,65
4464,5,9657,3344,6313,0,0,0,1.0,1,1.0,1,1.0,1,0.16260456907558976,62
4465,7,9664,3347,6317,0,0,0,1.0,1,1.0,1,1.0,1,0.1519006074214783,61
4466,2,9666,3347,6319,0,0,0,1.0,1,1.0,1,1.0,1,0.15040071948249872,60
4467,4,9670,3350,6320,0,0,0,1.0,1,1.0,1,1.0,1,0.1658451281293435,58
4468,2,9672,3351,6321,0,0,0,1.0,1,1.0,1,1.0,1,0.18206208907236993,57
4469,8,9680,3352,6328,0,0,0,1.0,1,1.0,1,1.0,1,0.14252401780091165,56
4470,5,9685,3354,6331,0,0,0,1.0,1,1.0,1,1.0,1,0.13597403538139136,55
4471,2,9687,3354,6333,0,0,0,1.0,1,1.0,1,1.0,1,0.1278740827028354,55
4472,3,9690,3356,6334,0,0,0,1.0,1,1.0,1,1.0,1,0.13804889047888827,55
4473,2,9692,3357,6335,0,0,0,1.0,1,1.0,1,1.0,1,0.1419775304576713,55
4474,5,9697,3359,6338,0,0,0,1.0,1,1.0,1,1.0,1,0.16081425156836401,55
4475,4,9701,3360,6341,0,0,0,1.0,1,1.0,1,1.0,1,0.11723211044345194,56
4476,0,9701,3360,6341,0,0,0,1.0,1,1.0,1,1.0,1,0.11826964501219771,56
4477,2,9703,3361,6342,0,0,0,1.0,1,1.0,1,1.0,1,0.13029551651972593,57
4478,0,9703,3361,6342,0,0,0,1.0,1,1.0,1,1.0,1,0.14607979780740446,55
4479,1,9704,3362,6342,0,0,0,1.0,1,1.0,1,1.0,1,0.1539416199029939,55
4480,2,9706,3363,6343,0,0,0,1.0,1,1.0,1,1.0,1,0.16245667533661604,54
4481,3,9709,3363,6346,0,0,0,1.0,1,1.0,1,1.0,1,0.13811139997776767,53
4482,3,9712,3364,6348,0,0,0,1.0,1,1.0,1,1.0,1,0.1427343299784008,54
4483,1,9713,3364,6349,0,0,0,1.0,1,1.0,1,1.0,1,0.135376705790714,55
4484,3,9716,3365,6351,0,0,0,1.0,1,1.0,1,1.0,1,0.11596259093449074,57
4485,5,9721,3367,6354,0,0,0,1.0,1,1.0,1,1.0,1,0.11857746014500291,60
4486,2,9723,3368,6355,0,0,0,1.0,1,1.0,1,1.0,1,0.10401375712578924,60
4487,0,9723,3368,6355,0,0,0,1.0,1,1.0,1,1.0,1,0.10401375712578924,60
4488,0,9723,3368,6355,0,0,0,1.0,1,1.0,1,1.0,1,0.10401375712578924,60
4489,1,9724,3369,6355,0,0,0,1.0,1,1.0,1,1.0,1,0.10417826763398011,60
4490,0,9724,3369,6355,0,0,0,1.0,1,1.0,1,1.0,1,0.10417826763398011,60
4491,1,9725,3370,6355,0,0,0,1.0,1,1.0,1,1.0,1,0.10512040259289988,61
4492,2,9727,3371,6356,0,0,0,1.0,1,1.0,1,1.0,1,0.09112648443928238,61
4493,1,9728,3372,6356,0,0,0,1.0,1,1.0,1,1.0,1,0.12200390448081117,60
4494,1,9729,3372,6357,0,0,0,1.0,1,1.0,1,1.0,1,0.09620485339923446,61
4495,1,9730,3373,6357,0,0,0,1.0,1,1.0,1,1.0,1,0.10856001773525753,59
4496,2,9732,3375,6357,0,0,0,1.0,1,1.0,1,1.0,1,0.16523424885728027,60
4497,4,9736,3375,6361,0,0,0,1.0,1,1.0,1,1.0,1,0.14566214297972505,59
4498,1,9737,3375,6362,0,0,0,1.0,1,1.0,1,1.0,1,0.13428286181259766,57
4499,5,9742,3377,6365,0,0,0,1.0,1,1.0,1,1.0,1,0.12175820261906518,58
4500,0,9742,3377,6365,0,0,0,1.0,1,1.0,1,1.0,1,0.11122574093676285,56
4501,2,9744,3378,6366,0,0,0,1.0,1,1.0,1,1.0,1,0.13542370380411115,57
4502,3,9747,3380,6367,0,0,0,1.0,1,1.0,1,1.0,1,0.14699484429728757,56
4503,2,9749,3381,6368,0,0,0,1.0,1,1.0,1,1.0,1,0.16128595895627942,54
4504,1,9750,3382,6368,0,0,0,1.0,1,1.0,1,1.0,1,0.1647716336818394,54
4505,4,9754,3383,6371,0,0,0,1.0,1,1.0,1,1.0,1,0.1228949026602584,51
4506,2,9756,3384,6372,0,0,0,1.0,1,1.0,1,1.0,1,0.12690726760240004,49
4507,3,9759,3385,6374,0,0,0,1.0,1,1.0,1,1.0,1,0.13667668506979333,48
4508,0,9759,3385,6374,0,0,0,1.0,1,1.0,1,1.0,1,0.15087565422321414,48
4509,4,9763,3388,6375,0,0,0,1.0,1,1.0,1,1.0,1,0.11903129034720021,46
4510,0,9763,3388,6375,0,0,0,1.0,1,1.0,1,1.0,1,0.14090478933728928,44
4511,1,9764,3389,6375,0,0,0,1.0,1,1.0,1,1.0,1,0.1769447906029081,45
4512,0,9764,3389,6375,0,0,0,1.0,1,1.0,1,1.0,1,0.1614392264082918,46
4513,4,9768,3390,6378,0,0,0,1.0,1,1.0,1,1.0,1,0.1154069520870286,45
4514,1,9769,3390,6379,0,0,0,1.0,1,1.0,1,1.0,1,0.10581699226234073,46
4515,1,9770,3390,6380,0,0,0,1.0,1,1.0,1,1.0,1,0.12830535362840903,48
4516,0,9770,3390,6380,0,0,0,1.0,1,1.0,1,1.0,1,0.13099956212541777,49
4517,2,9772,3391,6381,0,0,0,1.0,1,1.0,1,1.0,1,0.13716110630701744,50
4518,0,9772,3391,6381,0,0,0,1.0,1,1.0,1,1.0,1,0.13716110630701744,50
4519,3,9775,3393,6382,0,0,0,1.0,1,1.0,1,1.0,1,0.1795482653817191,49
4520,2,9777,3394,6383,0,0,0,1.0,1,1.0,1,1.0,1,0.18814255684604178,50
4521,5,9782,3394,6388,0,0,0,1.0,1,1.0,1,1.0,1,0.10732896127891216,50
4522,1,9783,3394,6389,0,0,0,1.0,1,1.0,1,1.0,1,0.10507000297139987,50
4523,1,9784,3395,6389,0,0,0,1.0,1,1.0,1,1.0,1,0.10948989625125206,51
4524,1,9785,3396,6389,0,0,0,1.0,1,1.0,1,1.0,1,0.12444635883316119,52
4525,2,9787,3396,6391,0,0,0,1.0,1,1.0,1,1.0,1,0.09090140620118611,53
4526,1,9788,3396,6392,0,0,0,1.0,1,1.0,1,1.0,1,0.07748441868679266,54
4527,0,9788,3396,6392,0,0,0,1.0,1,1.0,1,1.0,1,0.0923505277051297,55
4528,0,9788,3396,6392,0,0,0,1.0,1,1.0,1,1.0,1,0.0923505277051297,55
4529,2,9790,3397,6393,0,0,0,1.0,1,1.0,1,1.0,1,0.12134726216211973,55
4530,1,9791,3397,6394,0,0,0,1.0,1,1.0,1,1.0,1,0.13043772797587455,56
4531,7,9798,3401,6397,0,0,0,1.0,1,1.0,1,1.0,1,0.1541605040869058,56
4532,2,9800,3401,6399,0,0,0,1.0,1,1.0,1,1.0,1,0.1500767627563047,55
4533,5,9805,3403,6402,0,0,0,1.0,1,1.0,1,1.0,1,0.1411723184748028,54
4534,3,9808,3403,6405,0,0,0,1.0,1,1.0,1,1.0,1,0.10477532391885891,55
4535,0,9808,3403,6405,0,0,0,1.0,1,1.0,1,1.0,1,0.14282142403801393,52
4536,4,9812,3405,6407,0,0,0,1.0,1,1.0,1,1.0,1,0.12720281747255163,53
4537,6,9818,3405,6413,0,0,0,1.0,1,1.0,1,1.0,1,0.11753246869231314,52
4538,2,9820,3405,6415,0,0,0,1.0,1,1.0,1,1.0,1,0.09077280898807637,52
4539,1,9821,3405,6416,0,0,0,1.0,1,1.0,1,1.0,1,0.09616926439872264,53
4540,1,9822,3406,6416,0,0,0,1.0,1,1.0,1,1.0,1,0.11469557360310491,54
4541,4,9826,3406,6420,0,0,0,1.0,1,1.0,1,1.0,1,0.10702748073391823,53
4542,4,9830,3409,6421,0,0,0,1.0,1,1.0,1,1.0,1,0.16542403489522922,53
4543,1,9831,3409,6422,0,0,0,1.0,1,1.0,1,1.0,1,0.14115298954898184,53
4544,1,9832,3410,6422,0,0,0,1.0,1,1.0,1,1.0,1,0.13177653464611597,52
4545,3,9835,3410,6425,0,0,0,1.0,1,1.0,1,1.0,1,0.1318472038740856,50
4546,0,9835,3410,6425,0,0,0,1.0,1,1.0,1,1.0,1,0.13593170749585104,49
4547,1,9836,3411,6425,0,0,0,1.0,1,1.0,1,1.0,1,0.1484185826292581,49
4548,1,9837,3412,6425,0,0,0,1.0,1,1.0,1,1.0,1,0.18681413303132266,49
4549,4,9841,3413,6428,0,0,0,1.0,1,1.0,1,1.0,1,0.1316321436196989,50
4550,2,9843,3414,6429,0,0,0,1.0,1,1.0,1,1.0,1,0.12348482447194284,49
4551,0,9843,3414,6429,0,0,0,1.0,1,1.0,1,1.0,1,0.12348482447194284,49
4552,0,9843,3414,6429,0,0,0,1.0,1,1.0,1,1.0,1,0.12348482447194284,49
4553,2,9845,3415,6430,0,0,0,1.0,1,1.0,1,1.0,1,0.10386857336892057,49
4554,3,9848,3416,6432,0,0,0,1.0,1,1.0,1,1.0,1,0.09380831429699006,49
4555,1,9849,3417,6432,0,0,0,1.0,1,1.0,1,1.0,1,0.1184954167903546,48
4556,3,9852,3420,6432,0,0,0,1.0,1,1.0,1,1.0,1,0.11869954510143388,48
4557,6,9858,3422,6436,0,0,0,1.0,1,1.0,1,1.0,1,0.12871412043056893,49
4558,1,9859,3423,6436,0,0,0,1.0,1,1.0,1,1.0,1,0.15068759467539866,49
4559,1,9860,3424,6436,0,0,0,1.0,1,1.0,1,1.0,1,0.19437274015186207,50
4560,3,9863,3424,6439,0,0,0,1.0,1,1.0,1,1.0,1,0.17706935876072444,51
4561,2,9865,3424,6441,0,0,0,1.0,1,1.0,1,1.0,1,0.1599384691736395,52
4562,1,9866,3424,6442,0,0,0,1.0,1,1.0,1,1.0,1,0.14894127997914988,53
4563,2,9868,3425,6443,0,0,0,1.0,1,1.0,1,1.0,1,0.13261302875835157,52
4564,1,9869,3425,6444,0,0,0,1.0,1,1.0,1,1.0,1,0.11957017027357321,54
4565,1,9870,3426,6444,0,0,0,1.0,1,1.0,1,1.0,1,0.1268530628451713,55
4566,1,9871,3427,6444,0,0,0,1.0,1,1.0,1,1.0,1,0.11265440757555822,55
4567,2,9873,3429,6444,0,0,0,1.0,1,1.0,1,1.0,1,0.11262768093634709,56
4568,3,9876,3430,6446,0,0,0,1.0,1,1.0,1,1.0,1,0.1163722248663804,58
4569,2,9878,3430,6448,0,0,0,1.0,1,1.0,1,1.0,1,0.08196393161030112,59
4570,4,9882,3433,6449,0,0,0,1.0,1,1.0,1,1.0,1,0.09138519472987086,59
4571,0,9882,3433,6449,0,0,0,1.0,1,1.0,1,1.0,1,0.08999328710103446,57
4572,3,9885,3436,6449,0,0,0,1.0,1,1.0,1,1.0,1,0.12511343515748932,56
4573,2,9887,3436,6451,0,0,0,1.0,1,1.0,1,1.0,1,0.11123488370731957,56
4574,0,9887,3436,6451,0,0,0,1.0,1,1.0,1,1.0,1,0.1320813679300485,55
4575,1,9888,3436,6452,0,0,0,1.0,1,1.0,1,1.0,1,0.11843603814014313,55
4576,1,9889,3436,6453,0,0,0,1.0,1,1.0,1,1.0,1,0.12893945569438658,55
4577,2,9891,3436,6455,0,0,0,1.0,1,1.0,1,1.0,1,0.11931536149127336,54
4578,0,9891,3436,6455,0,0,0,1.0,1,1.0,1,1.0,1,0.13310978410447655,54
4579,1,9892,3437,6455,0,0,0,1.0,1,1.0,1,1.0,1,0.1433444158929043,54
4580,0,9892,3437,6455,0,0,0,1.0,1,1.0,1,1.0,1,0.13923491281351463,55
4581,2,9894,3439,6455,0,0,0,1.0,1,1.0,1,1.0,1,0.18701710300898436,56
4582,1,9895,3439,6456,0,0,0,1.0,1,1.0,1,1.0,1,0.18336457337184356,56
4583,2,9897,3440,6457,0,0,0,1.0,1,1.0,1,1.0,1,0.17573153618357373,57
4584,3,9900,3442,6458,0,0,0,1.0,1,1.0,1,1.0,1,0.18417032275088874,57
4585,1,9901,3442,6459,0,0,0,1.0,1,1.0,1,1.0,1,0.1716337627722883,57
4586,0,9901,3442,6459,0,0,0,1.0,1,1.0,1,1.0,1,0.1716337627722883,57
4587,0,9901,3442,6459,0,0,0,1.0,1,1.0,1,1.0,1,0.1716337627722883,57
4588,0,9901,3442,6459,0,0,0,1.0,1,1.0,1,1.0,1,0.17617055832740697,58
4589,1,9902,3442,6460,0,0,0,1.0,1,1.0,1,1.0,1,0.14965913906597886,59
4590,2,9904,3442,6462,0,0,0,1.0,1,1.0,1,1.0,1,0.15293413254622834,60
4591,1,9905,3442,6463,0,0,0,1.0,1,1.0,1,1.0,1,0.1387312607668999,61
4592,1,9906,3442,6464,0,0,0,1.0,1,1.0,1,1.0,1,0.11690728396019658,62
4593,1,9907,3443,6464,0,0,0,1.0,1,1.0,1,1.0,1,0.14197618638979034,64
4594,0,9907,3443,6464,0,0,0,1.0,1,1.0,1,1.0,1,0.14197618638979034,64
4595,1,9908,3444,6464,0,0,0,1.0,1,1.0,1,1.0,1,0.1344822375575853,63
4596,0,9908,3444,6464,0,0,0,1.0,1,1.0,1,1.0,1,0.1344822375575853,63
4597,1,9909,3444,6465,0,0,0,1.0,1,1.0,1,1.0,1,0.13078942483411024,63
4598,2,9911,3445,6466,0,0,0,1.0,1,1.0,1,1.0,1,0.1188190308955949,65
4599,3,9914,3446,6468,0,0,0,1.0,1,1.0,1,1.0,1,0.11011357367851526,66
4600,1,9915,3447,6468,0,0,0,1.0,1,1.0,1,1.0,1,0.13313801439514866,67
4601,4,9919,3448,6471,0,0,0,1.0,1,1.0,1,1.0,1,0.11446004061939168,67
4602,0,9919,3448,6471,0,0,0,1.0,1,1.0,1,1.0,1,0.12070628097851008,69
4603,3,9922,3449,6473,0,0,0,1.0,1,1.0,1,1.0,1,0.11111733658169733,69
4604,1,9923,3449,6474,0,0,0,1.0,1,1.0,1,1.0,1,0.11575166653109528,69
4605,4,9927,3449,6478,0,0,0,1.0,1,1.0,1,1.0,1,0.06794061264464983,70
4606,0,9927,3449,6478,0,0,0,1.0,1,1.0,1,1.0,1,0.06794061264464983,70
4607,3,9930,3450,6480,0,0,0,1.0,1,1.0,1,1.0,1,0.09252846140123479,72
4608,1,9931,3450,6481,0,0,0,1.0,1,1.0,1,1.0,1,0.08959827518566336,73
4609,1,9932,3451,6481,0,0,0,1.0,1,1.0,1,1.0,1,0.10787639004728929,72
4610,1,9933,3452,6481,0,0,0,1.0,1,1.0,1,1.0,1,0.12179836741997159,72
4611,2,9935,3453,6482,0,0,0,1.0,1,1.0,1,1.0,1,0.11253425444339864,71
4612,2,9937,3454,6483,0,0,0,1.0,1,1.0,1,1.0,1,0.12032836125536535,70
4613,1,9938,3454,6484,0,0,0,1.0,1,1.0,1,1.0,1,0.10915226716659421,69
4614,0,9938,3454,6484,0,0,0,1.0,1,1.0,1,1.0,1,0.1257400460858332,68
4615,3,9941,3456,6485,0,0,0,1.0,1,1.0,1,1.0,1,0.120275186261813,68
4616,0,9941,3456,6485,0,0,0,1.0,1,1.0,1,1.0,1,0.1550873195301099,65
4617,4,9945,3457,6488,0,0,0,1.0,1,1.0,1,1.0,1,0.1315180169745887,66
4618,0,9945,3457,6488,0,0,0,1.0,1,1.0,1,1.0,1,0.1480763816715233,66
4619,1,9946,3457,6489,0,0,0,1.0,1,1.0,1,1.0,1,0.13797456140984443,65
4620,1,9947,3457,6490,0,0,0,1.0,1,1.0,1,1.0,1,0.12820377068425728,65
4621,7,9954,3461,6493,0,0,0,1.0,1,1.0,1,1.0,1,0.15239792581536807,67
4622,4,9958,3461,6497,0,0,0,1.0,1,1.0,1,1.0,1,0.1413752304021846,65
4623,6,9964,3462,6502,0,0,0,1.0,1,1.0,1,1.0,1,0.16433473449335823,66
4624,3,9967,3463,6504,0,0,0,1.0,1,1.0,1,1.0,1,0.18277880964168342,65
4625,8,9975,3464,6511,0,0,0,1.0,1,1.0,1,1.0,1,0.11687033817309292,64
4626,2,9977,3466,6511,0,0,0,1.0,1,1.0,1,1.0,1,0.11878647475817303,63
4627,4,9981,3467,6514,0,0,0,1.0,1,1.0,1,1.0,1,0.09825123736515376,65
4628,0,9981,3467,6514,0,0,0,1.0,1,1.0,1,1.0,1,0.10906818571213983,64
4629,4,9985,3467,6518,0,0,0,1.0,1,1.0,1,1.0,1,0.08001794555944917,64
4630,4,9989,3468,6521,0,0,0,1.0,1,1.0,1,1.0,1,0.08856210330685611,64
4631,3,9992,3470,6522,0,0,0,1.0,1,1.0,1,1.0,1,0.14519045154978594,66
4632,3,9995,3470,6525,0,0,0,1.0,1,1.0,1,1.0,1,0.1271119727182769,65
4633,2,9997,3470,6527,0,0,0,1.0,1,1.0,1,1.0,1,0.09636239876497092,66
4634,1,9998,3471,6527,0,0,0,1.0,1,1.0,1,1.0,1,0.09770521151492934,66
4635,0,9998,3471,6527,0,0,0,1.0,1,1.0,1,1.0,1,0.09675635186290765,66
4636,1,9999,3471,6528,0,0,0,1.0,1,1.0,1,1.0,1,0.07902961291826723,66
4637,1,10000,3471,6529,0,0,0,1.0,1,1.0,1,1.0,1,0.07191581234927037,68
4638,0,10000,3471,6529,0,0,0,1.0,1,1.0,1,1.0,1,0.07191581234927037,68
4639,1,10001,3472,6529,0,0,0,1.0,1,1.0,1,1.0,1,0.08037889491657317,69
4640,0,10001,3472,6529,0,0,0,1.0,1,1.0,1,1.0,1,0.08037889491657317,69
4641,1,10002,3472,6530,0,0,0,1.0,1,1.0,1,1.0,1,0.07573700446835901,70
4642,0,10002,3472,6530,0,0,0,1.0,1,1.0,1,1.0,1,0.08749193603120628,69
4643,2,10004,3473,6531,0,0,0,1.0,1,1.0,1,1.0,1,0.09146276983808165,70
4644,0,10004,3473,6531,0,0,0,1.0,1,1.0,1,1.0,1,0.1042675236246611,69
4645,3,10007,3474,6533,0,0,0,1.0,1,1.0,1,1.0,1,0.08229017683625689,70
4646,1,10008,3475,6533,0,0,0,1.0,1,1.0,1,1.0,1,0.10482264603220663,68
4647,3,10011,3478,6533,0,0,0,1.0,1,1.0,1,1.0,1,0.1402511539038,68
4648,0,10011,3478,6533,0,0,0,1.0,1,1.0,1,1.0,1,0.17847428553037242,67
4649,7,10018,3481,6537,0,0,0,1.0,1,1.0,1,1.0,1,0.16033153610791692,67
4650,0,10018,3481,6537,0,0,0,1.0,1,1.0,1,1.0,1,0.14570705065417583,67
4651,5,10023,3483,6540,0,0,0,1.0,1,1.0,1,1.0,1,0.15678900745513333,68
4652,0,10023,3483,6540,0,0,0,1.0,1,1.0,1,1.0,1,0.16442809966268765,66
4653,7,10030,3485,6545,0,0,0,1.0,1,1.0,1,1.0,1,0.1343407145526945,64
4654,1,10031,3485,6546,0,0,0,1.0,1,1.0,1,1.0,1,0.16400592651056325,65
4655,1,10032,3485,6547,0,0,0,1.0,1,1.0,1,1.0,1,0.15423307087404128,64
4656,2,10034,3486,6548,0,0,0,1.0,1,1.0,1,1.0,1,0.18052127734279244,65
4657,4,10038,3487,6551,0,0,0,1.0,1,1.0,1,1.0,1,0.14490131308002324,66
4658,3,10041,3489,6552,0,0,0,1.0,1,1.0,1,1.0,1,0.20497778444823328,65
4659,1,10042,3489,6553,0,0,0,1.0,1,1.0,1,1.0,1,0.19315406716764674,65
4660,4,10046,3490,6556,0,0,0,1.0,1,1.0,1,1.0,1,0.17804864111729327,66
4661,2,10048,3490,6558,0,0,0,1.0,1,1.0,1,1.0,1,0.16474322351441065,66
4662,2,10050,3491,6559,0,0,0,1.0,1,1.0,1,1.0,1,0.15674850338528135,68
4663,0,10050,3491,6559,0,0,0,1.0,1,1.0,1,1.0,1,0.16097495987034355,67
4664,3,10053,3492,6561,0,0,0,1.0,1,1.0,1,1.0,1,0.15489307405760372,67
4665,6,10059,3493,6566,0,0,0,1.0,1,1.0,1,1.0,1,0.11206286801213658,67
4666,3,10062,3493,6569,0,0,0,1.0,1,1.0,1,1.0,1,0.1238294918895747,67
4667,3,10065,3494,6571,0,0,0,1.0,1,1.0,1,1.0,1,0.10010613369063377,66
4668,2,10067,3496,6571,0,0,0,1.0,1,1.0,1,1.0,1,0.1018315305240208,66
4669,2,10069,3497,6572,0,0,0,1.0,1,1.0,1,1.0,1,0.11133436808409067,66
4670,0,10069,3497,6572,0,0,0,1.0,1,1.0,1,1.0,1,0.13093578021207045,64
4671,0,10069,3497,6572,0,0,0,1.0,1,1.0,1,1.0,1,0.13093578021207045,64
4672,2,10071,3498,6573,0,0,0,1.0,1,1.0,1,1.0,1,0.1601684940242727,64
4673,4,10075,3498,6577,0,0,0,1.0,1,1.0,1,1.0,1,0.13239998201489622,65
4674,2,10077,3500,6577,0,0,0,1.0,1,1.0,1,1.0,1,0.14188144608653638,66
4675,2,10079,3500,6579,0,0,0,1.0,1,1.0,1,1.0,1,0.15420204251880038,65
4676,1,10080,3500,6580,0,0,0,1.0,1,1.0,1,1.0,1,0.17033927705925178,65
4677,4,10084,3500,6584,0,0,0,1.0,1,1.0,1,1.0,1,0.1444256887129561,65
4678,0,10084,3500,6584,0,0,0,1.0,1,1.0,1,1.0,1,0.15812257960739456,64
4679,2,10086,3501,6585,0,0,0,1.0,1,1.0,1,1.0,1,0.15372938780331288,66
4680,6,10092,3503,6589,0,0,0,1.0,1,1.0,1,1.0,1,0.17006529879144106,67
4681,4,10096,3503,6593,0,0,0,1.0,1,1.0,1,1.0,1,0.13631946338171266,67
4682,3,10099,3506,6593,0,0,0,1.0,1,1.0,1,1.0,1,0.17261705904655045,67
4683,3,10102,3507,6595,0,0,0,1.0,1,1.0,1,1.0,1,0.1493484224431207,67
4684,1,10103,3508,6595,0,0,0,1.0,1,1.0,1,1.0,1,0.1417009008982013,66
4685,2,10105,3508,6597,0,0,0,1.0,1,1.0,1,1.0,1,0.11439060954631407,65
4686,2,10107,3510,6597,0,0,0,1.0,1,1.0,1,1.0,1,0.1418032807353378,65
4687,0,10107,3510,6597,0,0,0,1.0,1,1.0,1,1.0,1,0.1276907357784521,65
4688,3,10110,3513,6597,0,0,0,1.0,1,1.0,1,1.0,1,0.1839976309106277,64
4689,3,10113,3514,6599,0,0,0,1.0,1,1.0,1,1.0,1,0.21383419939215378,65
4690,4,10117,3514,6603,0,0,0,1.0,1,1.0,1,1.0,1,0.18055595005227829,63
4691,5,10122,3516,6606,0,0,0,1.0,1,1.0,1,1.0,1,0.1751490360587021,64
4692,2,10124,3516,6608,0,0,0,1.0,1,1.0,1,1.0,1,0.12041019965465301,63
4693,1,10125,3516,6609,0,0,0,1.0,1,1.0,1,1.0,1,0.13012096724904315,64
4694,0,10125,3516,6609,0,0,0,1.0,1,1.0,1,1.0,1,0.1423805737622873,63
4695,0,10125,3516,6609,0,0,0,1.0,1,1.0,1,1.0,1,0.14348730885455613,62
4696,2,10127,3517,6610,0,0,0,1.0,1,1.0,1,1.0,1,0.15036573764721023,61
4697,3,10130,3517,6613,0,0,0,1.0,1,1.0,1,1.0,1,0.12540238662990097,63
4698,1,10131,3517,6614,0,0,0,1.0,1,1.0,1,1.0,1,0.11269367374248407,63
4699,0,10131,3517,6614,0,0,0,1.0,1,1.0,1,1.0,1,0.11301901245221599,65
4700,0,10131,3517,6614,0,0,0,1.0,1,1.0,1,1.0,1,0.11696667888389421,64
4701,1,10132,3518,6614,0,0,0,1.0,1,1.0,1,1.0,1,0.13309407688638464,64
4702,2,10134,3518,6616,0,0,0,1.0,1,1.0,1,1.0,1,0.12539056597934664,66
4703,3,10137,3519,6618,0,0,0,1.0,1,1.0,1,1.0,1,0.10054663933703899,65
4704,4,10141,3522,6619,0,0,0,1.0,1,1.0,1,1.0,1,0.10369063514069954,64
4705,5,10146,3525,6621,0,0,0,1.0,1,1.0,1,1.0,1,0.15192955389593887,65
4706,5,10151,3527,6624,0,0,0,1.0,1,1.0,1,1.0,1,0.17965385277220733,65
4707,6,10157,3528,6629,0,0,0,1.0,1,1.0,1,1.0,1,0.18896920962466662,63
4708,3,10160,3528,6632,0,0,0,1.0,1,1.0,1,1.0,1,0.18552541787411506,62
4709,8,10168,3530,6638,0,0,0,1.0,1,1.0,1,1.0,1,0.16625437264359874,61
4710,0,10168,3530,6638,0,0,0,1.0,1,1.0,1,1.0,1,0.16805950306587136,60
4711,2,10170,3532,6638,0,0,0,1.0,1,1.0,1,1.0,1,0.16706479989477502,59
4712,0,10170,3532,6638,0,0,0,1.0,1,1.0,1,1.0,1,0.16443825906103365,58
4713,6,10176,3534,6642,0,0,0,1.0,1,1.0,1,1.0,1,0.12448050187713733,58
4714,1,10177,3534,6643,0,0,0,1.0,1,1.0,1,1.0,1,0.11764260769963779,57
4715,2,10179,3534,6645,0,0,0,1.0,1,1.0,1,1.0,1,0.09463898326604492,57
4716,3,10182,3535,6647,0,0,0,1.0,1,1.0,1,1.0,1,0.10122663437934572,55
4717,2,10184,3535,6649,0,0,0,1.0,1,1.0,1,1.0,1,0.06492266676562794,57
4718,1,10185,3535,6650,0,0,0,1.0,1,1.0,1,1.0,1,0.06655951176368517,56
4719,3,10188,3536,6652,0,0,0,1.0,1,1.0,1,1.0,1,0.11566015429399382,56
4720,1,10189,3536,6653,0,0,0,1.0,1,1.0,1,1.0,1,0.10625111071286036,57
4721,2,10191,3537,6654,0,0,0,1.0,1,1.0,1,1.0,1,0.0841879337475716,57
4722,1,10192,3537,6655,0,0,0,1.0,1,1.0,1,1.0,1,0.07588282301442996,57
4723,1,10193,3537,6656,0,0,0,1.0,1,1.0,1,1.0,1,0.07664636908042904,57
4724,0,10193,3537,6656,0,0,0,1.0,1,1.0,1,1.0,1,0.07736990783654207,57
4725,1,10194,3538,6656,0,0,0,1.0,1,1.0,1,1.0,1,0.08275658189602701,57
4726,2,10196,3540,6656,0,0,0,1.0,1,1.0,1,1.0,1,0.11114438698792452,57
4727,1,10197,3540,6657,0,0,0,1.0,1,1.0,1,1.0,1,0.11962050512129763,56
4728,1,10198,3541,6657,0,0,0,1.0,1,1.0,1,1.0,1,0.14526170218057016,57
4729,2,10200,3541,6659,0,0,0,1.0,1,1.0,1,1.0,1,0.12472567329552539,56
4730,2,10202,3543,6659,0,0,0,1.0,1,1.0,1,1.0,1,0.15681392332335928,54
4731,0,10202,3543,6659,0,0,0,1.0,1,1.0,1,1.0,1,0.15757045809787232,54
4732,3,10205,3546,6659,0,0,0,1.0,1,1.0,1,1.0,1,0.22459091399553388,54
4733,5,10210,3547,6663,0,0,0,1.0,1,1.0,1,1.0,1,0.19124023880860191,55
4734,3,10213,3549,6664,0,0,0,1.0,1,1.0,1,1.0,1,0.2431069172680512,56
4735,1,10214,3550,6664,0,0,0,1.0,1,1.0,1,1.0,1,0.25282612031265445,56
4736,6,10220,3552,6668,0,0,0,1.0,1,1.0,1,1.0,1,0.2739201230601407,58
4737,4,10224,3552,6672,0,0,0,1.0,1,1.0,1,1.0,1,0.22655239604841607,59
4738,7,10231,3554,6677,0,0,0,1.0,1,1.0,1,1.0,1,0.27315191965183405,60
4739,3,10234,3554,6680,0,0,0,1.0,1,1.0,1,1.0,1,0.28356975353767117,60
4740,1,10235,3554,6681,0,0,0,1.0,1,1.0,1,1.0,1,0.27200959715025097,60
4741,5,10240,3554,6686,0,0,0,1.0,1,1.0,1,1.0,1,0.22219199645518378,61
4742,2,10242,3555,6687,0,0,0,1.0,1,1.0,1,1.0,1,0.20986529824032132,61
4743,0,10242,3555,6687,0,0,0,1.0,1,1.0,1,1.0,1,0.20197093076358755,60
4744,3,10245,3557,6688,0,0,0,1.0,1,1.0,1,1.0,1,0.17952514136305667,60
4745,4,10249,3559,6690,0,0,0,1.0,1,1.0,1,1.0,1,0.1723768626060115,59
4746,3,10252,3561,6691,0,0,0,1.0,1,1.0,1,1.0,1,0.19128045841640096,59
4747,3,10255,3562,6693,0,0,0,1.0,1,1.0,1,1.0,1,0.1425575812777058,58
4748,4,10259,3564,6695,0,0,0,1.0,1,1.0,1,1.0,1,0.11909326342504618,58
4749,3,10262,3564,6698,0,0,0,1.0,1,1.0,1,1.0,1,0.08014857648328402,58
4750,0,10262,3564,6698,0,0,0,1.0,1,1.0,1,1.0,1,0.07712841353510363,56
4751,2,10264,3566,6698,0,0,0,1.0,1,1.0,1,1.0,1,0.0996683143191354,58
4752,1,10265,3567,6698,0,0,0,1.0,1,1.0,1,1.0,1,0.07967528401695088,55
4753,0,10265,3567,6698,0,0,0,1.0,1,1.0,1,1.0,1,0.07967528401695088,55
4754,1,10266,3568,6698,0,0,0,1.0,1,1.0,1,1.0,1,0.09199787052285331,54
4755,2,10268,3569,6699,0,0,0,1.0,1,1.0,1,1.0,1,0.09840920727258343,54
4756,1,10269,3570,6699,0,0,0,1.0,1,1.0,1,1.0,1,0.12995793898856486,54
4757,3,10272,3570,6702,0,0,0,1.0,1,1.0,1,1.0,1,0.06595450205971773,53
4758,0,10272,3570,6702,0,0,0,1.0,1,1.0,1,1.0,1,0.06595450205971773,53
4759,1,10273,3570,6703,0,0,0,1.0,1,1.0,1,1.0,1,0.04883217860256172,53
4760,2,10275,3571,6704,0,0,0,1.0,1,1.0,1,1.0,1,0.091066352037548,53
4761,3,10278,3573,6705,0,0,0,1.0,1,1.0,1,1.0,1,0.1417028071425183,52
4762,5,10283,3574,6709,0,0,0,1.0,1,1.0,1,1.0,1,0.12980927644649867,54
4763,4,10287,3576,6711,0,0,0,1.0,1,1.0,1,1.0,1,0.16056458781501198,54
4764,2,10289,3577,6712,0,0,0,1.0,1,1.0,1,1.0,1,0.15520186829303587,55
4765,4,10293,3579,6714,0,0,0,1.0,1,1.0,1,1.0,1,0.15736229875179014,56
4766,1,10294,3580,6714,0,0,0,1.0,1,1.0,1,1.0,1,0.15087287927867116,58
4767,2,10296,3580,6716,0,0,0,1.0,1,1.0,1,1.0,1,0.1550836376512812,59
4768,2,10298,3581,6717,0,0,0,1.0,1,1.0,1,1.0,1,0.15069211555534331,60
4769,3,10301,3581,6720,0,0,0,1.0,1,1.0,1,1.0,1,0.1336279730881704,59
4770,2,10303,3581,6722,0,0,0,1.0,1,1.0,1,1.0,1,0.12997973440299646,60
4771,0,10303,3581,6722,0,0,0,1.0,1,1.0,1,1.0,1,0.1516206470835646,59
4772,1,10304,3582,6722,0,0,0,1.0,1,1.0,1,1.0,1,0.1512959935205452,59
4773,3,10307,3583,6724,0,0,0,1.0,1,1.0,1,1.0,1,0.1332768573357459,60
4774,0,10307,3583,6724,0,0,0,1.0,1,1.0,1,1.0,1,0.1332768573357459,60
4775,1,10308,3583,6725,0,0,0,1.0,1,1.0,1,1.0,1,0.13598743700980132,62
4776,1,10309,3583,6726,0,0,0,1.0,1,1.0,1,1.0,1,0.1257931562344704,63
4777,1,10310,3583,6727,0,0,0,1.0,1,1.0,1,1.0,1,0.12070174177141753,63
4778,1,10311,3583,6728,0,0,0,1.0,1,1.0,1,1.0,1,0.11167718664079006,63
4779,1,10312,3584,6728,0,0,0,1.0,1,1.0,1,1.0,1,0.1088721139281257,63
4780,2,10314,3585,6729,0,0,0,1.0,1,1.0,1,1.0,1,0.12708672298861504,65
4781,5,10319,3585,6734,0,0,0,1.0,1,1.0,1,1.0,1,0.09788211745246987,64
4782,1,10320,3585,6735,0,0,0,1.0,1,1.0,1,1.0,1,0.11027934771148319,65
4783,7,10327,3587,6740,0,0,0,1.0,1,1.0,1,1.0,1,0.08533876106666391,66
4784,2,10329,3589,6740,0,0,0,1.0,1,1.0,1,1.0,1,0.10545532368400612,64
4785,3,10332,3591,6741,0,0,0,1.0,1,1.0,1,1.0,1,0.08661669133698063,65
4786,6,10338,3595,6743,0,0,0,1.0,1,1.0,1,1.0,1,0.11584970993766672,66
4787,2,10340,3595,6745,0,0,0,1.0,1,1.0,1,1.0,1,0.07845066319646289,63
4788,5,10345,3598,6747,0,0,0,1.0,1,1.0,1,1.0,1,0.10306822848567747,63
4789,4,10349,3600,6749,0,0,0,1.0,1,1.0,1,1.0,1,0.07606933417656873,60
4790,1,10350,3601,6749,0,0,0,1.0,1,1.0,1,1.0,1,0.08125647725476387,61
4791,2,10352,3603,6749,0,0,0,1.0,1,1.0,1,1.0,1,0.143606289924977,59
4792,2,10354,3605,6749,0,0,0,1.0,1,1.0,1,1.0,1,0.1303228933895687,59
4793,9,10363,3607,6756,0,0,0,1.0,1,1.0,1,1.0,1,0.1149198713135619,61
4794,4,10367,3609,6758,0,0,0,1.0,1,1.0,1,1.0,1,0.09275845475466771,60
4795,6,10373,3610,6763,0,0,0,1.0,1,1.0,1,1.0,1,0.09817831171523901,61
4796,3,10376,3611,6765,0,0,0,1.0,1,1.0,1,1.0,1,0.08032417657391594,60
4797,4,10380,3613,6767,0,0,0,1.0,1,1.0,1,1.0,1,0.09532743196783304,61
4798,3,10383,3614,6769,0,0,0,1.0,1,1.0,1,1.0,1,0.1172621504835525,61
4799,2,10385,3614,6771,0,0,0,1.0,1,1.0,1,1.0,1,0.09048915590309282,59
4800,1,10386,3614,6772,0,0,0,1.0,1,1.0,1,1.0,1,0.09027156570618765,57
4801,2,10388,3614,6774,0,0,0,1.0,1,1.0,1,1.0,1,0.07807122925160688,58
4802,0,10388,3614,6774,0,0,0,1.0,1,1.0,1,1.0,1,0.10098799703476341,56
4803,2,10390,3615,6775,0,0,0,1.0,1,1.0,1,1.0,1,0.11665779360515496,57
4804,3,10393,3616,6777,0,0,0,1.0,1,1.0,1,1.0,1,0.10512425411638678,55
4805,11,10404,3620,6784,0,0,0,1.0,1,1.0,1,1.0,1,0.13199520426358657,56
4806,1,10405,3620,6785,0,0,0,1.0,1,1.0,1,1.0,1,0.1287319367594459,55
4807,2,10407,3620,6787,0,0,0,1.0,1,1.0,1,1.0,1,0.12392720823560623,53
4808,3,10410,3621,6789,0,0,0,1.0,1,1.0,1,1.0,1,0.15156964074644805,54
4809,3,10413,3621,6792,0,0,0,1.0,1,1.0,1,1.0,1,0.11677842825511213,53
4810,2,10415,3621,6794,0,0,0,1.0,1,1.0,1,1.0,1,0.10754038617257144,53
4811,5,10420,3622,6798,0,0,0,1.0,1,1.0,1,1.0,1,0.11229416179780959,54
4812,2,10422,3622,6800,0,0,0,1.0,1,1.0,1,1.0,1,0.11229416179780959,54
4813,2,10424,3622,6802,0,0,0,1.0,1,1.0,1,1.0,1,0.07899117503061125,55
4814,2,10426,3624,6802,0,0,0,1.0,1,1.0,1,1.0,1,0.10128893639407557,55
4815,3,10429,3624,6805,0,0,0,1.0,1,1.0,1,1.0,1,0.08732955706160184,56
4816,3,10432,3627,6805,0,0,0,1.0,1,1.0,1,1.0,1,0.1249811551681558,56
4817,6,10438,3629,6809,0,0,0,1.0,1,1.0,1,1.0,1,0.11011740115626563,58
4818,5,10443,3631,6812,0,0,0,1.0,1,1.0,1,1.0,1,0.12115416659645453,58
4819,0,10443,3631,6812,0,0,0,1.0,1,1.0,1,1.0,1,0.11918973329469473,58
4820,0,10443,3631,6812,0,0,0,1.0,1,1.0,1,1.0,1,0.11918973329469473,58
4821,4,10447,3631,6816,0,0,0,1.0,1,1.0,1,1.0,1,0.10203694601833938,58
4822,1,10448,3632,6816,0,0,0,1.0,1,1.0,1,1.0,1,0.10071238610588033,58
4823,1,10449,3633,6816,0,0,0,1.0,1,1.0,1,1.0,1,0.11963629249022834,57
4824,1,10450,3634,6816,0,0,0,1.0,1,1.0,1,1.0,1,0.13444994874223073,56
4825,3,10453,3635,6818,0,0,0,1.0,1,1.0,1,1.0,1,0.1284393461176013,57
4826,1,10454,3636,6818,0,0,0,1.0,1,1.0,1,1.0,1,0.13556596007596747,57
4827,2,10456,3637,6819,0,0,0,1.0,1,1.0,1,1.0,1,0.15092953489041647,56
4828,1,10457,3638,6819,0,0,0,1.0,1,1.0,1,1.0,1,0.1429352147058049,57
4829,1,10458,3638,6820,0,0,0,1.0,1,1.0,1,1.0,1,0.1360909129452101,56
4830,0,10458,3638,6820,0,0,0,1.0,1,1.0,1,1.0,1,0.12196599257428468,57
4831,2,10460,3640,6820,0,0,0,1.0,1,1.0,1,1.0,1,0.16990153347631443,57
4832,1,10461,3640,6821,0,0,0,1.0,1,1.0,1,1.0,1,0.17264592039809057,55
4833,7,10468,3642,6826,0,0,0,1.0,1,1.0,1,1.0,1,0.15964077980408148,55
4834,3,10471,3642,6829,0,0,0,1.0,1,1.0,1,1.0,1,0.15353863615400226,55
4835,1,10472,3642,6830,0,0,0,1.0,1,1.0,1,1.0,1,0.17517354869770052,55
4836,3,10475,3642,6833,0,0,0,1.0,1,1.0,1,1.0,1,0.15538200511214728,55
4837,4,10479,3642,6837,0,0,0,1.0,1,1.0,1,1.0,1,0.10946196469835247,53
4838,5,10484,3642,6842,0,0,0,1.0,1,1.0,1,1.0,1,0.09046656376560783,54
4839,2,10486,3643,6843,0,0,0,1.0,1,1.0,1,1.0,1,0.10901063406353509,53
4840,3,10489,3644,6845,0,0,0,1.0,1,1.0,1,1.0,1,0.08541616333173642,52
4841,4,10493,3647,6846,0,0,0,1.0,1,1.0,1,1.0,1,0.15349524869803102,51
4842,6,10499,3649,6850,0,0,0,1.0,1,1.0,1,1.0,1,0.19588083950265592,50
4843,6,10505,3652,6853,0,0,0,1.0,1,1.0,1,1.0,1,0.2410650182726915,51
4844,7,10512,3652,6860,0,0,0,1.0,1,1.0,1,1.0,1,0.18115548304374704,50
4845,8,10520,3654,6866,0,0,0,1.0,1,1.0,1,1.0,1,0.1704264316159829,49
4846,2,10522,3655,6867,0,0,0,1.0,1,1.0,1,1.0,1,0.1738527010819505,49
4847,3,10525,3655,6870,0,0,0,1.0,1,1.0,1,1.0,1,0.19137087751314721,48
4848,2,10527,3655,6872,0,0,0,1.0,1,1.0,1,1.0,1,0.19793236297062905,48
4849,7,10534,3656,6878,0,0,0,1.0,1,1.0,1,1.0,1,0.13354508203777057,48
4850,2,10536,3656,6880,0,0,0,1.0,1,1.0,1,1.0,1,0.11664319208835532,49
4851,5,10541,3656,6885,0,0,0,1.0,1,1.0,1,1.0,1,0.11121311661068513,49
4852,4,10545,3656,6889,0,0,0,1.0,1,1.0,1,1.0,1,0.13567451473192582,49
4853,2,10547,3656,6891,0,0,0,1.0,1,1.0,1,1.0,1,0.1159140213187223,50
4854,0,10547,3656,6891,0,0,0,1.0,1,1.0,1,1.0,1,0.12208397036418438,51
4855,0,10547,3656,6891,0,0,0,1.0,1,1.0,1,1.0,1,0.12208397036418438,51
4856,0,10547,3656,6891,0,0,0,1.0,1,1.0,1,1.0,1,0.11244160164174496,50
4857,2,10549,3656,6893,0,0,0,1.0,1,1.0,1,1.0,1,0.08361824975532967,51
4858,0,10549,3656,6893,0,0,0,1.0,1,1.0,1,1.0,1,0.09510025615566985,51
4859,1,10550,3656,6894,0,0,0,1.0,1,1.0,1,1.0,1,0.10540788560616796,52
4860,2,10552,3656,6896,0,0,0,1.0,1,1.0,1,1.0,1,0.09758063961613615,52
4861,1,10553,3656,6897,0,0,0,1.0,1,1.0,1,1.0,1,0.09888308074369019,53
4862,3,10556,3659,6897,0,0,0,1.0,1,1.0,1,1.0,1,0.16871396270899616,53
4863,0,10556,3659,6897,0,0,0,1.0,1,1.0,1,1.0,1,0.14980176235702186,51
4864,3,10559,3661,6898,0,0,0,1.0,1,1.0,1,1.0,1,0.14718886540875994,53
4865,4,10563,3661,6902,0,0,0,1.0,1,1.0,1,1.0,1,0.08055189892325197,52
4866,2,10565,3661,6904,0,0,0,1.0,1,1.0,1,1.0,1,0.07221624605055753,53
4867,3,10568,3662,6906,0,0,0,1.0,1,1.0,1,1.0,1,0.14067799997778052,51
4868,5,10573,3663,6910,0,0,0,1.0,1,1.0,1,1.0,1,0.1377008341343565,53
4869,5,10578,3664,6914,0,0,0,1.0,1,1.0,1,1.0,1,0.08316544921385637,53
4870,5,10583,3665,6918,0,0,0,1.0,1,1.0,1,1.0,1,0.06540584402953384,55
4871,1,10584,3666,6918,0,0,0,1.0,1,1.0,1,1.0,1,0.05587320835864467,55
4872,0,10584,3666,6918,0,0,0,1.0,1,1.0,1,1.0,1,0.06417200657231766,56
4873,1,10585,3666,6919,0,0,0,1.0,1,1.0,1,1.0,1,0.05178755082644309,56
4874,1,10586,3666,6920,0,0,0,1.0,1,1.0,1,1.0,1,0.050679644370870136,58
4875,2,10588,3668,6920,0,0,0,1.0,1,1.0,1,1.0,1,0.08183077843668007,56
4876,2,10590,3669,6921,0,0,0,1.0,1,1.0,1,1.0,1,0.08851523300196833,56
4877,2,10592,3670,6922,0,0,0,1.0,1,1.0,1,1.0,1,0.08960931726322428,54
4878,4,10596,3672,6924,0,0,0,1.0,1,1.0,1,1.0,1,0.08764334803881901,54
4879,3,10599,3675,6924,0,0,0,1.0,1,1.0,1,1.0,1,0.14050285124476253,54
4880,1,10600,3675,6925,0,0,0,1.0,1,1.0,1,1.0,1,0.16001917892348683,53
4881,5,10605,3677,6928,0,0,0,1.0,1,1.0,1,1.0,1,0.14706754776249598,54
4882,0,10605,3677,6928,0,0,0,1.0,1,1.0,1,1.0,1,0.147425000651629,52
4883,0,10605,3677,6928,0,0,0,1.0,1,1.0,1,1.0,1,0.15890847312295447,54
4884,1,10606,3678,6928,0,0,0,1.0,1,1.0,1,1.0,1,0.14902618921227445,52
4885,2,10608,3680,6928,0,0,0,1.0,1,1.0,1,1.0,1,0.17457933120100652,51
4886,2,10610,3680,6930,0,0,0,1.0,1,1.0,1,1.0,1,0.14812007324337595,50
4887,0,10610,3680,6930,0,0,0,1.0,1,1.0,1,1.0,1,0.15565872852835289,49
4888,0,10610,3680,6930,0,0,0,1.0,1,1.0,1,1.0,1,0.16527684221446698,48
4889,4,10614,3680,6934,0,0,0,1.0,1,1.0,1,1.0,1,0.12497791138206223,48
4890,0,10614,3680,6934,0,0,0,1.0,1,1.0,1,1.0,1,0.12497791138206223,48
4891,2,10616,3681,6935,0,0,0,1.0,1,1.0,1,1.0,1,0.16509503417784743,49
4892,4,10620,3681,6939,0,0,0,1.0,1,1.0,1,1.0,1,0.17095980086980206,51
4893,3,10623,3681,6942,0,0,0,1.0,1,1.0,1,1.0,1,0.12247167284071053,51
4894,1,10624,3681,6943,0,0,0,1.0,1,1.0,1,1.0,1,0.11198307082386631,52
4895,0,10624,3681,6943,0,0,0,1.0,1,1.0,1,1.0,1,0.11198307082386631,52
4896,0,10624,3681,6943,0,0,0,1.0,1,1.0,1,1.0,1,0.10587047069842762,51
4897,0,10624,3681,6943,0,0,0,1.0,1,1.0,1,1.0,1,0.10947872366515726,52
4898,2,10626,3683,6943,0,0,0,1.0,1,1.0,1,1.0,1,0.10564744582989273,52
4899,2,10628,3683,6945,0,0,0,1.0,1,1.0,1,1.0,1,0.0897181298888035,53
4900,1,10629,3684,6945,0,0,0,1.0,1,1.0,1,1.0,1,0.09411488314993624,54
4901,1,10630,3685,6945,0,0,0,1.0,1,1.0,1,1.0,1,0.09471908988806194,54
4902,2,10632,3685,6947,0,0,0,1.0,1,1.0,1,1.0,1,0.08280869120972881,55
4903,6,10638,3688,6950,0,0,0,1.0,1,1.0,1,1.0,1,0.12724707550065037,56
4904,2,10640,3689,6951,0,0,0,1.0,1,1.0,1,1.0,1,0.16490019214532392,55
4905,4,10644,3689,6955,0,0,0,1.0,1,1.0,1,1.0,1,0.11746309843555365,54
4906,2,10646,3691,6955,0,0,0,1.0,1,1.0,1,1.0,1,0.1735172632936838,54
4907,2,10648,3691,6957,0,0,0,1.0,1,1.0,1,1.0,1,0.1567927225093963,54
4908,1,10649,3691,6958,0,0,0,1.0,1,1.0,1,1.0,1,0.14029600843163162,53
4909,2,10651,3691,6960,0,0,0,1.0,1,1.0,1,1.0,1,0.12172727172588962,54
4910,1,10652,3691,6961,0,0,0,1.0,1,1.0,1,1.0,1,0.10616557751462774,55
4911,3,10655,3692,6963,0,0,0,1.0,1,1.0,1,1.0,1,0.119230798534523,57
4912,2,10657,3694,6963,0,0,0,1.0,1,1.0,1,1.0,1,0.16496699692593292,57
4913,3,10660,3694,6966,0,0,0,1.0,1,1.0,1,1.0,1,0.13484493361751923,56
4914,0,10660,3694,6966,0,0,0,1.0,1,1.0,1,1.0,1,0.13484493361751923,56
4915,1,10661,3695,6966,0,0,0,1.0,1,1.0,1,1.0,1,0.13423795097635413,56
4916,2,10663,3696,6967,0,0,0,1.0,1,1.0,1,1.0,1,0.1434824674426963,54
4917,5,10668,3698,6970,0,0,0,1.0,1,1.0,1,1.0,1,0.11125008740961961,53
4918,0,10668,3698,6970,0,0,0,1.0,1,1.0,1,1.0,1,0.10822398016641631,52
4919,1,10669,3699,6970,0,0,0,1.0,1,1.0,1,1.0,1,0.16173474689536563,49
4920,0,10669,3699,6970,0,0,0,1.0,1,1.0,1,1.0,1,0.16173474689536563,49
4921,3,10672,3700,6972,0,0,0,1.0,1,1.0,1,1.0,1,0.16940817656307977,50
4922,2,10674,3700,6974,0,0,0,1.0,1,1.0,1,1.0,1,0.14551109555029984,50
4923,1,10675,3701,6974,0,0,0,1.0,1,1.0,1,1.0,1,0.14485017154022897,52
4924,4,10679,3702,6977,0,0,0,1.0,1,1.0,1,1.0,1,0.15837387716340273,53
4925,7,10686,3702,6984,0,0,0,1.0,1,1.0,1,1.0,1,0.06408333243300854,54
4926,3,10689,3702,6987,0,0,0,1.0,1,1.0,1,1.0,1,0.08504763941624023,54
4927,4,10693,3703,6990,0,0,0,1.0,1,1.0,1,1.0,1,0.08138687710296164,54
4928,3,10696,3703,6993,0,0,0,1.0,1,1.0,1,1.0,1,0.11823450333591275,54
4929,2,10698,3703,6995,0,0,0,1.0,1,1.0,1,1.0,1,0.0888333179951424,55
4930,1,10699,3703,6996,0,0,0,1.0,1,1.0,1,1.0,1,0.09159483040977466,58
4931,0,10699,3703,6996,0,0,0,1.0,1,1.0,1,1.0,1,0.09159483040977466,58
4932,2,10701,3704,6997,0,0,0,1.0,1,1.0,1,1.0,1,0.11069699302804135,59
4933,2,10703,3705,6998,0,0,0,1.0,1,1.0,1,1.0,1,0.11930426674993963,59
4934,3,10706,3706,7000,0,0,0,1.0,1,1.0,1,1.0,1,0.10693995564455198,59
4935,2,10708,3706,7002,0,0,0,1.0,1,1.0,1,1.0,1,0.08103267940959635,59
4936,1,10709,3707,7002,0,0,0,1.0,1,1.0,1,1.0,1,0.11146832496927411,59
4937,1,10710,3707,7003,0,0,0,1.0,1,1.0,1,1.0,1,0.11525746788930377,61
4938,2,10712,3707,7005,0,0,0,1.0,1,1.0,1,1.0,1,0.10888361236185733,62
4939,4,10716,3708,7008,0,0,0,1.0,1,1.0,1,1.0,1,0.09812376489202866,63
4940,2,10718,3708,7010,0,0,0,1.0,1,1.0,1,1.0,1,0.11338557062664267,65
4941,1,10719,3709,7010,0,0,0,1.0,1,1.0,1,1.0,1,0.12372123414071894,65
4942,7,10726,3712,7014,0,0,0,1.0,1,1.0,1,1.0,1,0.1279382186785653,67
4943,3,10729,3713,7016,0,0,0,1.0,1,1.0,1,1.0,1,0.14160502313318432,66
4944,1,10730,3714,7016,0,0,0,1.0,1,1.0,1,1.0,1,0.1517477854493892,63
4945,4,10734,3715,7019,0,0,0,1.0,1,1.0,1,1.0,1,0.09598725621149484,61
4946,2,10736,3716,7020,0,0,0,1.0,1,1.0,1,1.0,1,0.09889907813222401,60
4947,0,10736,3716,7020,0,0,0,1.0,1,1.0,1,1.0,1,0.0912334281801842,58
4948,3,10739,3718,7021,0,0,0,1.0,1,1.0,1,1.0,1,0.110060835835504,57
4949,5,10744,3719,7025,0,0,0,1.0,1,1.0,1,1.0,1,0.07476898909190856,56
4950,1,10745,3719,7026,0,0,0,1.0,1,1.0,1,1.0,1,0.0788166166671874,57
4951,1,10746,3720,7026,0,0,0,1.0,1,1.0,1,1.0,1,0.07624980681122429,55
4952,3,10749,3723,7026,0,0,0,1.0,1,1.0,1,1.0,1,0.1394358487790212,55
4953,7,10756,3725,7031,0,0,0,1.0,1,1.0,1,1.0,1,0.1140933261361173,54
4954,1,10757,3726,7031,0,0,0,1.0,1,1.0,1,1.0,1,0.13366592877387098,54
4955,2,10759,3726,7033,0,0,0,1.0,1,1.0,1,1.0,1,0.09270944238161455,52
4956,1,10760,3726,7034,0,0,0,1.0,1,1.0,1,1.0,1,0.08093525493540998,52
4957,2,10762,3727,7035,0,0,0,1.0,1,1.0,1,1.0,1,0.07832708385744923,53
4958,0,10762,3727,7035,0,0,0,1.0,1,1.0,1,1.0,1,0.06499094850635648,52
4959,1,10763,3728,7035,0,0,0,1.0,1,1.0,1,1.0,1,0.08618528907557947,51
4960,1,10764,3728,7036,0,0,0,1.0,1,1.0,1,1.0,1,0.06501094363688578,53
4961,3,10767,3728,7039,0,0,0,1.0,1,1.0,1,1.0,1,0.06596490879376618,53
4962,0,10767,3728,7039,0,0,0,1.0,1,1.0,1,1.0,1,0.06963205344161758,55
4963,2,10769,3730,7039,0,0,0,1.0,1,1.0,1,1.0,1,0.05738026395166277,54
4964,2,10771,3732,7039,0,0,0,1.0,1,1.0,1,1.0,1,0.07555435336613314,54
4965,4,10775,3734,7041,0,0,0,1.0,1,1.0,1,1.0,1,0.10272577079708195,54
4966,2,10777,3736,7041,0,0,0,1.0,1,1.0,1,1.0,1,0.11371085624458047,54
4967,5,10782,3738,7044,0,0,0,1.0,1,1.0,1,1.0,1,0.18265749209509072,55
4968,4,10786,3739,7047,0,0,0,1.0,1,1.0,1,1.0,1,0.1532384518053146,55
4969,5,10791,3739,7052,0,0,0,1.0,1,1.0,1,1.0,1,0.10578521594281036,57
4970,0,10791,3739,7052,0,0,0,1.0,1,1.0,1,1.0,1,0.12299676550498267,56
4971,2,10793,3740,7053,0,0,0,1.0,1,1.0,1,1.0,1,0.13152479033842507,57
4972,2,10795,3742,7053,0,0,0,1.0,1,1.0,1,1.0,1,0.18113656832897737,57
4973,10,10805,3743,7062,0,0,0,1.0,1,1.0,1,1.0,1,0.1400665790460595,60
4974,2,10807,3743,7064,0,0,0,1.0,1,1.0,1,1.0,1,0.1256238424713045,58
4975,1,10808,3744,7064,0,0,0,1.0,1,1.0,1,1.0,1,0.13602279338695358,59
4976,5,10813,3746,7067,0,0,0,1.0,1,1.0,1,1.0,1,0.1336665296895697,59
4977,7,10820,3749,7071,0,0,0,1.0,1,1.0,1,1.0,1,0.11031869609364071,59
4978,1,10821,3750,7071,0,0,0,1.0,1,1.0,1,1.0,1,0.09843798107561387,59
4979,1,10822,3750,7072,0,0,0,1.0,1,1.0,1,1.0,1,0.08809562910591333,61
4980,3,10825,3751,7074,0,0,0,1.0,1,1.0,1,1.0,1,0.09454558492081323,62
4981,2,10827,3751,7076,0,0,0,1.0,1,1.0,1,1.0,1,0.0735899031261266,62
4982,0,10827,3751,7076,0,0,0,1.0,1,1.0,1,1.0,1,0.07082997717642033,63
4983,0,10827,3751,7076,0,0,0,1.0,1,1.0,1,1.0,1,0.07026043579779033,63
4984,3,10830,3754,7076,0,0,0,1.0,1,1.0,1,1.0,1,0.1157211382175102,61
4985,2,10832,3754,7078,0,0,0,1.0,1,1.0,1,1.0,1,0.06899975238490795,59
4986,6,10838,3756,7082,0,0,0,1.0,1,1.0,1,1.0,1,0.06851109056237038,62
4987,1,10839,3757,7082,0,0,0,1.0,1,1.0,1,1.0,1,0.07785134763493974,60
4988,0,10839,3757,7082,0,0,0,1.0,1,1.0,1,1.0,1,0.08477090203467262,59
4989,4,10843,3758,7085,0,0,0,1.0,1,1.0,1,1.0,1,0.07925153783398062,57
4990,0,10843,3758,7085,0,0,0,1.0,1,1.0,1,1.0,1,0.1222440328700591,55
4991,2,10845,3760,7085,0,0,0,1.0,1,1.0,1,1.0,1,0.11910426047852615,54
4992,0,10845,3760,7085,0,0,0,1.0,1,1.0,1,1.0,1,0.13916527097421474,52
4993,4,10849,3761,7088,0,0,0,1.0,1,1.0,1,1.0,1,0.08778252229040853,51
4994,4,10853,3764,7089,0,0,0,1.0,1,1.0,1,1.0,1,0.14986254183689462,49
4995,3,10856,3767,7089,0,0,0,1.0,1,1.0,1,1.0,1,0.164797420805693,48
4996,5,10861,3771,7090,0,0,0,1.0,1,1.0,1,1.0,1,0.19249568537367875,48
4997,3,10864,3772,7092,0,0,0,1.0,1,1.0,1,1.0,1,0.15851285754462982,46
4998,3,10867,3773,7094,0,0,0,1.0,1,1.0,1,1.0,1,0.13301111852394837,48
4999,2,10869,3775,7094,0,0,0,1.0,1,1.0,1,1.0,1,0.19905782685288295,48
5000,1,10870,3775,7095,0,0,0,1.0,1,1.0,1,1.0,1,0.16280784307151047,47
5001,1,10871,3776,7095,0,0,0,1.0,1,1.0,1,1.0,1,0.1687304527020043,45
5002,3,10874,3777,7097,0,0,0,1.0,1,1.0,1,1.0,1,0.15037934476709122,46
5003,0,10874,3777,7097,0,0,0,1.0,1,1.0,1,1.0,1,0.1734343781559956,46
5004,3,10877,3778,7099,0,0,0,1.0,1,1.0,1,1.0,1,0.17024489642137325,46
5005,1,10878,3778,7100,0,0,0,1.0,1,1.0,1,1.0,1,0.19119636758550945,45
5006,0,10878,3778,7100,0,0,0,1.0,1,1.0,1,1.0,1,0.20505510231016066,45
5007,1,10879,3778,7101,0,0,0,1.0,1,1.0,1,1.0,1,0.18881719889663118,46
5008,0,10879,3778,7101,0,0,0,1.0,1,1.0,1,1.0,1,0.18120441077727653,49
5009,0,10879,3778,7101,0,0,0,1.0,1,1.0,1,1.0,1,0.18371064119325542,49
5010,0,10879,3778,7101,0,0,0,1.0,1,1.0,1,1.0,1,0.19479018347138072,50
5011,0,10879,3778,7101,0,0,0,1.0,1,1.0,1,1.0,1,0.20545505188733718,51
5012,0,10879,3778,7101,0,0,0,1.0,1,1.0,1,1.0,1,0.21595045205667615,52
5013,0,10879,3778,7101,0,0,0,1.0,1,1.0,1,1.0,1,0.21595045205667615,52
5014,2,10881,3778,7103,0,0,0,1.0,1,1.0,1,1.0,1,0.1785428053232869,53
5015,9,10890,3780,7110,0,0,0,1.0,1,1.0,1,1.0,1,0.17464983511378782,54
5016,0,10890,3780,7110,0,0,0,1.0,1,1.0,1,1.0,1,0.18500520602060785,55
5017,2,10892,3780,7112,0,0,0,1.0,1,1.0,1,1.0,1,0.1577442881673861,55
5018,1,10893,3780,7113,0,0,0,1.0,1,1.0,1,1.0,1,0.1635039709065715,56
5019,2,10895,3780,7115,0,0,0,1.0,1,1.0,1,1.0,1,0.13688722034238007,56
5020,0,10895,3780,7115,0,0,0,1.0,1,1.0,1,1.0,1,0.15376980053633865,55
5021,4,10899,3780,7119,0,0,0,1.0,1,1.0,1,1.0,1,0.1096793078280221,56
5022,2,10901,3782,7119,0,0,0,1.0,1,1.0,1,1.0,1,0.14699425710330866,56
5023,1,10902,3783,7119,0,0,0,1.0,1,1.0,1,1.0,1,0.11934643791059905,55
5024,3,10905,3786,7119,0,0,0,1.0,1,1.0,1,1.0,1,0.1510291945020116,55
5025,5,10910,3788,7122,0,0,0,1.0,1,1.0,1,1.0,1,0.10393466755510573,53
5026,5,10915,3792,7123,0,0,0,1.0,1,1.0,1,1.0,1,0.13650885508687152,52
5027,3,10918,3794,7124,0,0,0,1.0,1,1.0,1,1.0,1,0.16271780987729567,51
5028,6,10924,3798,7126,0,0,0,1.0,1,1.0,1,1.0,1,0.2138105637071042,51
5029,6,10930,3800,7130,0,0,0,1.0,1,1.0,1,1.0,1,0.18433260796705023,50
5030,1,10931,3800,7131,0,0,0,1.0,1,1.0,1,1.0,1,0.12211513571180627,49
5031,3,10934,3802,7132,0,0,0,1.0,1,1.0,1,1.0,1,0.14515581125253088,49
5032,1,10935,3802,7133,0,0,0,1.0,1,1.0,1,1.0,1,0.14508883257930144,48
5033,7,10942,3805,7137,0,0,0,1.0,1,1.0,1,1.0,1,0.11472236768720336,50
5034,2,10944,3806,7138,0,0,0,1.0,1,1.0,1,1.0,1,0.11380583875401185,49
5035,2,10946,3807,7139,0,0,0,1.0,1,1.0,1,1.0,1,0.1371682327264057,49
5036,1,10947,3808,7139,0,0,0,1.0,1,1.0,1,1.0,1,0.14574705597493462,47
5037,5,10952,3809,7143,0,0,0,1.0,1,1.0,1,1.0,1,0.09117352314231315,47
5038,0,10952,3809,7143,0,0,0,1.0,1,1.0,1,1.0,1,0.11532729604608533,47
5039,1,10953,3809,7144,0,0,0,1.0,1,1.0,1,1.0,1,0.10935156126673737,48
5040,0,10953,3809,7144,0,0,0,1.0,1,1.0,1,1.0,1,0.10935156126673737,48
5041,0,10953,3809,7144,0,0,0,1.0,1,1.0,1,1.0,1,0.10935156126673737,48
5042,1,10954,3809,7145,0,0,0,1.0,1,1.0,1,1.0,1,0.06110658647103146,50
5043,1,10955,3809,7146,0,0,0,1.0,1,1.0,1,1.0,1,0.06170346662773464,51
5044,0,10955,3809,7146,0,0,0,1.0,1,1.0,1,1.0,1,0.06170346662773464,51
5045,0,10955,3809,7146,0,0,0,1.0,1,1.0,1,1.0,1,0.0755193726112689,52
5046,2,10957,3810,7147,0,0,0,1.0,1,1.0,1,1.0,1,0.09215771836857237,51
5047,1,10958,3811,7147,0,0,0,1.0,1,1.0,1,1.0,1,0.08741427146053515,51
5048,1,10959,3812,7147,0,0,0,1.0,1,1.0,1,1.0,1,0.12506393144965133,52
5049,6,10965,3813,7152,0,0,0,1.0,1,1.0,1,1.0,1,0.09222624096733739,54
5050,3,10968,3813,7155,0,0,0,1.0,1,1.0,1,1.0,1,0.08941368545340667,56
5051,1,10969,3813,7156,0,0,0,1.0,1,1.0,1,1.0,1,0.08378596923453022,55
5052,1,10970,3813,7157,0,0,0,1.0,1,1.0,1,1.0,1,0.10754183675525503,55
5053,3,10973,3814,7159,0,0,0,1.0,1,1.0,1,1.0,1,0.10414112271272986,55
5054,0,10973,3814,7159,0,0,0,1.0,1,1.0,1,1.0,1,0.10414112271272986,55
5055,0,10973,3814,7159,0,0,0,1.0,1,1.0,1,1.0,1,0.13045903674765066,55
5056,1,10974,3814,7160,0,0,0,1.0,1,1.0,1,1.0,1,0.13374055735108994,56
5057,2,10976,3814,7162,0,0,0,1.0,1,1.0,1,1.0,1,0.11283796581747045,58
5058,1,10977,3814,7163,0,0,0,1.0,1,1.0,1,1.0,1,0.09493801965439176,59
5059,0,10977,3814,7163,0,0,0,1.0,1,1.0,1,1.0,1,0.09493801965439176,59
5060,1,10978,3814,7164,0,0,0,1.0,1,1.0,1,1.0,1,0.08203019550052093,59
5061,1,10979,3814,7165,0,0,0,1.0,1,1.0,1,1.0,1,0.06621949149513161,59
5062,6,10985,3816,7169,0,0,0,1.0,1,1.0,1,1.0,1,0.09421249369884016,59
5063,2,10987,3818,7169,0,0,0,1.0,1,1.0,1,1.0,1,0.15249107191148106,59
5064,6,10993,3822,7171,0,0,0,1.0,1,1.0,1,1.0,1,0.17417522037730343,57
5065,1,10994,3822,7172,0,0,0,1.0,1,1.0,1,1.0,1,0.1325259140927687,55
5066,4,10998,3825,7173,0,0,0,1.0,1,1.0,1,1.0,1,0.16847912397965237,55
5067,4,11002,3826,7176,0,0,0,1.0,1,1.0,1,1.0,1,0.12240028676416459,54
5068,2,11004,3827,7177,0,0,0,1.0,1,1.0,1,1.0,1,0.12760967957341438,54
5069,3,11007,3829,7178,0,0,0,1.0,1,1.0,1,1.0,1,0.11608943685933269,54
5070,0,11007,3829,7178,0,0,0,1.0,1,1.0,1,1.0,1,0.11945314262377382,52
5071,3,11010,3830,7180,0,0,0,1.0,1,1.0,1,1.0,1,0.1520988977496083,54
5072,2,11012,3830,7182,0,0,0,1.0,1,1.0,1,1.0,1,0.13567974563773297,52
5073,3,11015,3830,7185,0,0,0,1.0,1,1.0,1,1.0,1,0.11788612165711161,51
5074,3,11018,3831,7187,0,0,0,1.0,1,1.0,1,1.0,1,0.09405711921748496,52
5075,0,11018,3831,7187,0,0,0,1.0,1,1.0,1,1.0,1,0.10073561087337843,53
5076,0,11018,3831,7187,0,0,0,1.0,1,1.0,1,1.0,1,0.10073561087337843,53
5077,2,11020,3832,7188,0,0,0,1.0,1,1.0,1,1.0,1,0.10111441083983659,56
5078,2,11022,3833,7189,0,0,0,1.0,1,1.0,1,1.0,1,0.10606207232460783,55
5079,3,11025,3833,7192,0,0,0,1.0,1,1.0,1,1.0,1,0.1083694702337594,56
5080,2,11027,3833,7194,0,0,0,1.0,1,1.0,1,1.0,1,0.10255444162695791,57
5081,2,11029,3833,7196,0,0,0,1.0,1,1.0,1,1.0,1,0.08500531903728538,58
5082,0,11029,3833,7196,0,0,0,1.0,1,1.0,1,1.0,1,0.08500531903728538,58
5083,1,11030,3833,7197,0,0,0,1.0,1,1.0,1,1.0,1,0.08002573764974656,59
5084,2,11032,3833,7199,0,0,0,1.0,1,1.0,1,1.0,1,0.06346819328154701,59
5085,1,11033,3834,7199,0,0,0,1.0,1,1.0,1,1.0,1,0.0830580945003094,60
5086,0,11033,3834,7199,0,0,0,1.0,1,1.0,1,1.0,1,0.08932535331430327,61
5087,3,11036,3837,7199,0,0,0,1.0,1,1.0,1,1.0,1,0.11993170489337934,62
5088,6,11042,3839,7203,0,0,0,1.0,1,1.0,1,1.0,1,0.11488236660911656,64
5089,7,11049,3842,7207,0,0,0,1.0,1,1.0,1,1.0,1,0.09474485371260348,64
5090,0,11049,3842,7207,0,0,0,1.0,1,1.0,1,1.0,1,0.09474485371260348,64
5091,3,11052,3845,7207,0,0,0,1.0,1,1.0,1,1.0,1,0.14024034238120706,64
5092,3,11055,3846,7209,0,0,0,1.0,1,1.0,1,1.0,1,0.14862701472989756,64
5093,7,11062,3846,7216,0,0,0,1.0,1,1.0,1,1.0,1,0.10893772876222554,64
5094,5,11067,3848,7219,0,0,0,1.0,1,1.0,1,1.0,1,0.14011616000226548,65
5095,4,11071,3849,7222,0,0,0,1.0,1,1.0,1,1.0,1,0.15642081366038962,66
5096,4,11075,3849,7226,0,0,0,1.0,1,1.0,1,1.0,1,0.15093362301278848,66
5097,4,11079,3849,7230,0,0,0,1.0,1,1.0,1,1.0,1,0.11008167357638965,67
5098,0,11079,3849,7230,0,0,0,1.0,1,1.0,1,1.0,1,0.11008167357638965,67
5099,5,11084,3850,7234,0,0,0,1.0,1,1.0,1,1.0,1,0.07921568117816058,70
5100,3,11087,3850,7237,0,0,0,1.0,1,1.0,1,1.0,1,0.06877272612005564,71
5101,0,11087,3850,7237,0,0,0,1.0,1,1.0,1,1.0,1,0.07417011975071662,72
5102,3,11090,3852,7238,0,0,0,1.0,1,1.0,1,1.0,1,0.09116792354006574,72
5103,0,11090,3852,7238,0,0,0,1.0,1,1.0,1,1.0,1,0.1028489169764597,70
5104,3,11093,3855,7238,0,0,0,1.0,1,1.0,1,1.0,1,0.1265650069981908,67
5105,10,11103,3859,7244,0,0,0,1.0,1,1.0,1,1.0,1,0.11069293050554596,66
5106,4,11107,3861,7246,0,0,0,1.0,1,1.0,1,1.0,1,0.1587749377133604,64
5107,4,11111,3863,7248,0,0,0,1.0,1,1.0,1,1.0,1,0.1456936195053732,61
5108,2,11113,3863,7250,0,0,0,1.0,1,1.0,1,1.0,1,0.11861693500064223,57
5109,5,11118,3865,7253,0,0,0,1.0,1,1.0,1,1.0,1,0.0890783864506562,55
5110,2,11120,3867,7253,0,0,0,1.0,1,1.0,1,1.0,1,0.10838967601698273,53
5111,4,11124,3870,7254,0,0,0,1.0,1,1.0,1,1.0,1,0.16539066402809413,52
5112,4,11128,3874,7254,0,0,0,1.0,1,1.0,1,1.0,1,0.1751121279446258,52
5113,7,11135,3875,7260,0,0,0,1.0,1,1.0,1,1.0,1,0.07723117096292857,49
5114,4,11139,3878,7261,0,0,0,1.0,1,1.0,1,1.0,1,0.11010884873865046,49
5115,3,11142,3878,7264,0,0,0,1.0,1,1.0,1,1.0,1,0.10240244571832366,48
5116,2,11144,3878,7266,0,0,0,1.0,1,1.0,1,1.0,1,0.10622981931087586,47
5117,2,11146,3878,7268,0,0,0,1.0,1,1.0,1,1.0,1,0.08017598414956821,48
5118,1,11147,3879,7268,0,0,0,1.0,1,1.0,1,1.0,1,0.10615520299541727,49
5119,3,11150,3881,7269,0,0,0,1.0,1,1.0,1,1.0,1,0.10536585571440218,49
5120,0,11150,3881,7269,0,0,0,1.0,1,1.0,1,1.0,1,0.0939863223733078,48
5121,3,11153,3883,7270,0,0,0,1.0,1,1.0,1,1.0,1,0.0973960384428757,48
5122,2,11155,3884,7271,0,0,0,1.0,1,1.0,1,1.0,1,0.12038930558218547,46
5123,0,11155,3884,7271,0,0,0,1.0,1,1.0,1,1.0,1,0.12038930558218547,46
5124,0,11155,3884,7271,0,0,0,1.0,1,1.0,1,1.0,1,0.12219544816021499,47
5125,6,11161,3885,7276,0,0,0,1.0,1,1.0,1,1.0,1,0.11550281160175462,49
5126,2,11163,3885,7278,0,0,0,1.0,1,1.0,1,1.0,1,0.11511115732473816,49
5127,2,11165,3886,7279,0,0,0,1.0,1,1.0,1,1.0,1,0.13061673427218534,51
5128,5,11170,3887,7283,0,0,0,1.0,1,1.0,1,1.0,1,0.1420050259013309,53
5129,6,11176,3888,7288,0,0,0,1.0,1,1.0,1,1.0,1,0.11928247932173347,55
5130,1,11177,3888,7289,0,0,0,1.0,1,1.0,1,1.0,1,0.11867537932478352,55
5131,1,11178,3888,7290,0,0,0,1.0,1,1.0,1,1.0,1,0.09628047347202802,55
5132,0,11178,3888,7290,0,0,0,1.0,1,1.0,1,1.0,1,0.09628047347202802,55
5133,1,11179,3888,7291,0,0,0,1.0,1,1.0,1,1.0,1,0.0753753405577026,56
5134,0,11179,3888,7291,0,0,0,1.0,1,1.0,1,1.0,1,0.10539686141398465,56
5135,1,11180,3889,7291,0,0,0,1.0,1,1.0,1,1.0,1,0.10911173073271828,56
5136,0,11180,3889,7291,0,0,0,1.0,1,1.0,1,1.0,1,0.12230083090871201,55
5137,3,11183,3890,7293,0,0,0,1.0,1,1.0,1,1.0,1,0.12978810301773083,55
5138,2,11185,3890,7295,0,0,0,1.0,1,1.0,1,1.0,1,0.12699385827007387,54
5139,1,11186,3891,7295,0,0,0,1.0,1,1.0,1,1.0,1,0.1201597382678712,54
5140,2,11188,3892,7296,0,0,0,1.0,1,1.0,1,1.0,1,0.1266771427437374,54
5141,6,11194,3894,7300,0,0,0,1.0,1,1.0,1,1.0,1,0.09284816878097434,53
5142,7,11201,3899,7302,0,0,0,1.0,1,1.0,1,1.0,1,0.12246748011840249,55
5143,5,11206,3903,7303,0,0,0,1.0,1,1.0,1,1.0,1,0.14949417990696778,54
5144,3,11209,3905,7304,0,0,0,1.0,1,1.0,1,1.0,1,0.1467340126597962,50
5145,6,11215,3906,7309,0,0,0,1.0,1,1.0,1,1.0,1,0.0785590122288415,51
5146,1,11216,3907,7309,0,0,0,1.0,1,1.0,1,1.0,1,0.056989411373065776,48
5147,3,11219,3909,7310,0,0,0,1.0,1,1.0,1,1.0,1,0.0908802409341497,49
5148,0,11219,3909,7310,0,0,0,1.0,1,1.0,1,1.0,1,0.06288092705382874,47
5149,4,11223,3911,7312,0,0,0,1.0,1,1.0,1,1.0,1,0.14531875340952002,46
5150,3,11226,3914,7312,0,0,0,1.0,1,1.0,1,1.0,1,0.18264217624294787,46
5151,3,11229,3915,7314,0,0,0,1.0,1,1.0,1,1.0,1,0.1530282777734124,45
5152,6,11235,3918,7317,0,0,0,1.0,1,1.0,1,1.0,1,0.18882857027907163,45
5153,4,11239,3918,7321,0,0,0,1.0,1,1.0,1,1.0,1,0.16234030328038526,45
5154,3,11242,3919,7323,0,0,0,1.0,1,1.0,1,1.0,1,0.20378328838824825,45
5155,2,11244,3919,7325,0,0,0,1.0,1,1.0,1,1.0,1,0.1801874694784105,44
5156,2,11246,3921,7325,0,0,0,1.0,1,1.0,1,1.0,1,0.16662747084242982,44
5157,4,11250,3921,7329,0,0,0,1.0,1,1.0,1,1.0,1,0.1364013806960337,42
5158,2,11252,3922,7330,0,0,0,1.0,1,1.0,1,1.0,1,0.1378994797606042,43
5159,2,11254,3922,7332,0,0,0,1.0,1,1.0,1,1.0,1,0.1478793395559066,43
5160,0,11254,3922,7332,0,0,0,1.0,1,1.0,1,1.0,1,0.1478793395559066,43
5161,1,11255,3922,7333,0,0,0,1.0,1,1.0,1,1.0,1,0.13410638567203328,43
5162,0,11255,3922,7333,0,0,0,1.0,1,1.0,1,1.0,1,0.12931534144913803,44
5163,3,11258,3923,7335,0,0,0,1.0,1,1.0,1,1.0,1,0.13075580476052673,46
5164,0,11258,3923,7335,0,0,0,1.0,1,1.0,1,1.0,1,0.13075580476052673,46
5165,2,11260,3924,7336,0,0,0,1.0,1,1.0,1,1.0,1,0.10907357747766804,46
5166,3,11263,3926,7337,0,0,0,1.0,1,1.0,1,1.0,1,0.09915349050679023,47
5167,1,11264,3926,7338,0,0,0,1.0,1,1.0,1,1.0,1,0.08308284672442522,47
5168,3,11267,3928,7339,0,0,0,1.0,1,1.0,1,1.0,1,0.1249860719608492,47
5169,4,11271,3929,7342,0,0,0,1.0,1,1.0,1,1.0,1,0.101371437204437,47
5170,1,11272,3930,7342,0,0,0,1.0,1,1.0,1,1.0,1,0.1078548504330882,48
5171,2,11274,3931,7343,0,0,0,1.0,1,1.0,1,1.0,1,0.1196281907642224,48
5172,0,11274,3931,7343,0,0,0,1.0,1,1.0,1,1.0,1,0.09289378440852852,49
5173,1,11275,3931,7344,0,0,0,1.0,1,1.0,1,1.0,1,0.10229703642019096,49
5174,0,11275,3931,7344,0,0,0,1.0,1,1.0,1,1.0,1,0.104716461903647,52
5175,2,11277,3931,7346,0,0,0,1.0,1,1.0,1,1.0,1,0.09187843518342631,53
5176,2,11279,3931,7348,0,0,0,1.0,1,1.0,1,1.0,1,0.10552056420766333,54
5177,2,11281,3933,7348,0,0,0,1.0,1,1.0,1,1.0,1,0.1327985162131025,54
5178,5,11286,3935,7351,0,0,0,1.0,1,1.0,1,1.0,1,0.15688022757134765,55
5179,3,11289,3935,7354,0,0,0,1.0,1,1.0,1,1.0,1,0.13371686588802564,53
5180,0,11289,3935,7354,0,0,0,1.0,1,1.0,1,1.0,1,0.14091898816497733,52
5181,3,11292,3936,7356,0,0,0,1.0,1,1.0,1,1.0,1,0.13081826866183743,52
5182,2,11294,3938,7356,0,0,0,1.0,1,1.0,1,1.0,1,0.10279189748874164,52
5183,5,11299,3941,7358,0,0,0,1.0,1,1.0,1,1.0,1,0.16313968517358343,52
5184,2,11301,3942,7359,0,0,0,1.0,1,1.0,1,1.0,1,0.17147309016049725,52
5185,2,11303,3943,7360,0,0,0,1.0,1,1.0,1,1.0,1,0.15232934671459003,50
5186,3,11306,3944,7362,0,0,0,1.0,1,1.0,1,1.0,1,0.19376221672068625,48
5187,3,11309,3944,7365,0,0,0,1.0,1,1.0,1,1.0,1,0.17666191023220545,46
5188,0,11309,3944,7365,0,0,0,1.0,1,1.0,1,1.0,1,0.17226795289540206,44
5189,0,11309,3944,7365,0,0,0,1.0,1,1.0,1,1.0,1,0.14716422324980363,44
5190,1,11310,3945,7365,0,0,0,1.0,1,1.0,1,1.0,1,0.18461277119654973,45
5191,0,11310,3945,7365,0,0,0,1.0,1,1.0,1,1.0,1,0.1818512018501293,45
5192,2,11312,3946,7366,0,0,0,1.0,1,1.0,1,1.0,1,0.15097570509612762,45
5193,2,11314,3946,7368,0,0,0,1.0,1,1.0,1,1.0,1,0.12334158873832622,45
5194,1,11315,3946,7369,0,0,0,1.0,1,1.0,1,1.0,1,0.1157574471919143,45
5195,2,11317,3946,7371,0,0,0,1.0,1,1.0,1,1.0,1,0.10697782997674261,46
5196,0,11317,3946,7371,0,0,0,1.0,1,1.0,1,1.0,1,0.10697782997674261,46
5197,1,11318,3947,7371,0,0,0,1.0,1,1.0,1,1.0,1,0.11648431657125265,46
5198,0,11318,3947,7371,0,0,0,1.0,1,1.0,1,1.0,1,0.1065238597742653,47
5199,2,11320,3948,7372,0,0,0,1.0,1,1.0,1,1.0,1,0.12074296114775362,49
5200,1,11321,3949,7372,0,0,0,1.0,1,1.0,1,1.0,1,0.14241965735223447,49
5201,4,11325,3951,7374,0,0,0,1.0,1,1.0,1,1.0,1,0.1251010318802842,50
5202,1,11326,3951,7375,0,0,0,1.0,1,1.0,1,1.0,1,0.1083418424522226,52
5203,0,11326,3951,7375,0,0,0,1.0,1,1.0,1,1.0,1,0.1083418424522226,52
5204,0,11326,3951,7375,0,0,0,1.0,1,1.0,1,1.0,1,0.11712801968902588,54
5205,1,11327,3951,7376,0,0,0,1.0,1,1.0,1,1.0,1,0.10384858369535126,54
5206,2,11329,3951,7378,0,0,0,1.0,1,1.0,1,1.0,1,0.08504272976283174,55
5207,0,11329,3951,7378,0,0,0,1.0,1,1.0,1,1.0,1,0.08633440788851433,54
5208,0,11329,3951,7378,0,0,0,1.0,1,1.0,1,1.0,1,0.08633440788851433,54
5209,0,11329,3951,7378,0,0,0,1.0,1,1.0,1,1.0,1,0.08633440788851433,54
5210,0,11329,3951,7378,0,0,0,1.0,1,1.0,1,1.0,1,0.08633440788851433,54
5211,3,11332,3952,7380,0,0,0,1.0,1,1.0,1,1.0,1,0.09218733403863838,56
5212,0,11332,3952,7380,0,0,0,1.0,1,1.0,1,1.0,1,0.08750597219593913,57
5213,4,11336,3956,7380,0,0,0,1.0,1,1.0,1,1.0,1,0.13340494273657652,57
5214,3,11339,3958,7381,0,0,0,1.0,1,1.0,1,1.0,1,0.19086782341258446,58
5215,4,11343,3958,7385,0,0,0,1.0,1,1.0,1,1.0,1,0.1936361634982098,57
5216,5,11348,3959,7389,0,0,0,1.0,1,1.0,1,1.0,1,0.1501348169415474,57
5217,4,11352,3960,7392,0,0,0,1.0,1,1.0,1,1.0,1,0.10023581769039634,56
5218,5,11357,3963,7394,0,0,0,1.0,1,1.0,1,1.0,1,0.09853839636057897,56
5219,0,11357,3963,7394,0,0,0,1.0,1,1.0,1,1.0,1,0.11302551779731582,54
5220,1,11358,3964,7394,0,0,0,1.0,1,1.0,1,1.0,1,0.14681212650410386,53
5221,4,11362,3965,7397,0,0,0,1.0,1,1.0,1,1.0,1,0.11889015680740112,52
5222,2,11364,3965,7399,0,0,0,1.0,1,1.0,1,1.0,1,0.08674262288835713,52
5223,1,11365,3966,7399,0,0,0,1.0,1,1.0,1,1.0,1,0.09411744956744304,52
5224,1,11366,3967,7399,0,0,0,1.0,1,1.0,1,1.0,1,0.10753147949123829,52
5225,2,11368,3967,7401,0,0,0,1.0,1,1.0,1,1.0,1,0.0583607017487938,50
5226,1,11369,3968,7401,0,0,0,1.0,1,1.0,1,1.0,1,0.08368059224155844,51
5227,2,11371,3970,7401,0,0,0,1.0,1,1.0,1,1.0,1,0.14642604845750065,49
5228,1,11372,3970,7402,0,0,0,1.0,1,1.0,1,1.0,1,0.15774226860241383,48
5229,3,11375,3970,7405,0,0,0,1.0,1,1.0,1,1.0,1,0.11830555291344381,49
5230,1,11376,3971,7405,0,0,0,1.0,1,1.0,1,1.0,1,0.15452082534529096,49
5231,1,11377,3972,7405,0,0,0,1.0,1,1.0,1,1.0,1,0.1328629016583284,49
5232,5,11382,3973,7409,0,0,0,1.0,1,1.0,1,1.0,1,0.10587233352012718,51
5233,3,11385,3975,7410,0,0,0,1.0,1,1.0,1,1.0,1,0.11543475830917348,51
5234,4,11389,3977,7412,0,0,0,1.0,1,1.0,1,1.0,1,0.10873296337962338,52
5235,0,11389,3977,7412,0,0,0,1.0,1,1.0,1,1.0,1,0.11012153249822387,52
5236,3,11392,3979,7413,0,0,0,1.0,1,1.0,1,1.0,1,0.14540756088963613,52
5237,2,11394,3979,7415,0,0,0,1.0,1,1.0,1,1.0,1,0.09769433543894399,53
5238,0,11394,3979,7415,0,0,0,1.0,1,1.0,1,1.0,1,0.09769433543894399,53
5239,0,11394,3979,7415,0,0,0,1.0,1,1.0,1,1.0,1,0.09769433543894399,53
5240,4,11398,3981,7417,0,0,0,1.0,1,1.0,1,1.0,1,0.10577456567066378,55
5241,1,11399,3981,7418,0,0,0,1.0,1,1.0,1,1.0,1,0.08787068714689608,56
5242,1,11400,3981,7419,0,0,0,1.0,1,1.0,1,1.0,1,0.10152414334833847,54
5243,2,11402,3982,7420,0,0,0,1.0,1,1.0,1,1.0,1,0.12640368856604825,55
5244,6,11408,3984,7424,0,0,0,1.0,1,1.0,1,1.0,1,0.1376641790623878,55
5245,4,11412,3984,7428,0,0,0,1.0,1,1.0,1,1.0,1,0.0783043976729478,55
5246,3,11415,3986,7429,0,0,0,1.0,1,1.0,1,1.0,1,0.15313496939807703,55
5247,2,11417,3987,7430,0,0,0,1.0,1,1.0,1,1.0,1,0.1350878812513388,54
5248,1,11418,3987,7431,0,0,0,1.0,1,1.0,1,1.0,1,0.13376037457276743,53
5249,3,11421,3988,7433,0,0,0,1.0,1,1.0,1,1.0,1,0.12085816845548646,55
5250,1,11422,3989,7433,0,0,0,1.0,1,1.0,1,1.0,1,0.1246897746171851,55
5251,3,11425,3990,7435,0,0,0,1.0,1,1.0,1,1.0,1,0.13179571129111706,57
5252,0,11425,3990,7435,0,0,0,1.0,1,1.0,1,1.0,1,0.14178077531620803,58
5253,5,11430,3991,7439,0,0,0,1.0,1,1.0,1,1.0,1,0.10554156884926616,59
5254,1,11431,3992,7439,0,0,0,1.0,1,1.0,1,1.0,1,0.10838521000276588,59
5255,1,11432,3993,7439,0,0,0,1.0,1,1.0,1,1.0,1,0.10266663964190166,58
5256,1,11433,3994,7439,0,0,0,1.0,1,1.0,1,1.0,1,0.12236533208428248,59
5257,3,11436,3995,7441,0,0,0,1.0,1,1.0,1,1.0,1,0.08945051514717327,58
5258,0,11436,3995,7441,0,0,0,1.0,1,1.0,1,1.0,1,0.09497996029502166,56
5259,2,11438,3996,7442,0,0,0,1.0,1,1.0,1,1.0,1,0.11656293861259542,56
5260,0,11438,3996,7442,0,0,0,1.0,1,1.0,1,1.0,1,0.11850610093198304,55
5261,3,11441,3997,7444,0,0,0,1.0,1,1.0,1,1.0,1,0.08589005884551276,54
5262,1,11442,3998,7444,0,0,0,1.0,1,1.0,1,1.0,1,0.10455464009249865,54
5263,3,11445,4000,7445,0,0,0,1.0,1,1.0,1,1.0,1,0.16265837353524326,53
5264,3,11448,4001,7447,0,0,0,1.0,1,1.0,1,1.0,1,0.14358916045699988,51
5265,5,11453,4003,7450,0,0,0,1.0,1,1.0,1,1.0,1,0.12145345863869335,50
5266,2,11455,4005,7450,0,0,0,1.0,1,1.0,1,1.0,1,0.1201769600136121,49
5267,5,11460,4008,7452,0,0,0,1.0,1,1.0,1,1.0,1,0.15214841565728998,48
5268,3,11463,4010,7453,0,0,0,1.0,1,1.0,1,1.0,1,0.12718593301040287,47
5269,2,11465,4011,7454,0,0,0,1.0,1,1.0,1,1.0,1,0.15135286104882623,45
5270,1,11466,4011,7455,0,0,0,1.0,1,1.0,1,1.0,1,0.14732728255803623,47
5271,0,11466,4011,7455,0,0,0,1.0,1,1.0,1,1.0,1,0.17201956056370993,45
5272,3,11469,4014,7455,0,0,0,1.0,1,1.0,1,1.0,1,0.19108473891452224,46
5273,5,11474,4014,7460,0,0,0,1.0,1,1.0,1,1.0,1,0.16382422476266176,44
5274,3,11477,4015,7462,0,0,0,1.0,1,1.0,1,1.0,1,0.21371728423758837,44
5275,4,11481,4016,7465,0,0,0,1.0,1,1.0,1,1.0,1,0.19861225993458553,46
5276,2,11483,4016,7467,0,0,0,1.0,1,1.0,1,1.0,1,0.16742887742856982,46
5277,4,11487,4017,7470,0,0,0,1.0,1,1.0,1,1.0,1,0.11752951821124025,46
5278,2,11489,4019,7470,0,0,0,1.0,1,1.0,1,1.0,1,0.16073996894598377,46
5279,5,11494,4020,7474,0,0,0,1.0,1,1.0,1,1.0,1,0.1305618251246778,47
5280,2,11496,4021,7475,0,0,0,1.0,1,1.0,1,1.0,1,0.1269574255027277,47
5281,2,11498,4022,7476,0,0,0,1.0,1,1.0,1,1.0,1,0.14921560253100122,48
5282,1,11499,4023,7476,0,0,0,1.0,1,1.0,1,1.0,1,0.18437329559049467,48
5283,1,11500,4023,7477,0,0,0,1.0,1,1.0,1,1.0,1,0.190027339035077,49
5284,3,11503,4023,7480,0,0,0,1.0,1,1.0,1,1.0,1,0.16876020938197375,49
5285,2,11505,4023,7482,0,0,0,1.0,1,1.0,1,1.0,1,0.12132804960334705,50
5286,0,11505,4023,7482,0,0,0,1.0,1,1.0,1,1.0,1,0.1364639363821446,51
5287,0,11505,4023,7482,0,0,0,1.0,1,1.0,1,1.0,1,0.1364639363821446,51
5288,1,11506,4023,7483,0,0,0,1.0,1,1.0,1,1.0,1,0.11713207470523954,51
5289,2,11508,4023,7485,0,0,0,1.0,1,1.0,1,1.0,1,0.09151449664181516,53
5290,0,11508,4023,7485,0,0,0,1.0,1,1.0,1,1.0,1,0.09151449664181516,53
5291,2,11510,4024,7486,0,0,0,1.0,1,1.0,1,1.0,1,0.10872884165924972,53
5292,3,11513,4025,7488,0,0,0,1.0,1,1.0,1,1.0,1,0.09232051977142262,53
5293,3,11516,4026,7490,0,0,0,1.0,1,1.0,1,1.0,1,0.07725485420988998,53
5294,4,11520,4028,7492,0,0,0,1.0,1,1.0,1,1.0,1,0.1280347348276044,54
5295,3,11523,4029,7494,0,0,0,1.0,1,1.0,1,1.0,1,0.13894904679718353,52
5296,1,11524,4029,7495,0,0,0,1.0,1,1.0,1,1.0,1,0.14632070984211684,49
5297,8,11532,4032,7500,0,0,0,1.0,1,1.0,1,1.0,1,0.10067390021877737,49
5298,2,11534,4034,7500,0,0,0,1.0,1,1.0,1,1.0,1,0.1111703184660236,49
5299,3,11537,4036,7501,0,0,0,1.0,1,1.0,1,1.0,1,0.14104410183751276,50
5300,0,11537,4036,7501,0,0,0,1.0,1,1.0,1,1.0,1,0.14397781469675586,48
5301,3,11540,4037,7503,0,0,0,1.0,1,1.0,1,1.0,1,0.1502377905155801,46
5302,0,11540,4037,7503,0,0,0,1.0,1,1.0,1,1.0,1,0.14389715345965884,47
5303,2,11542,4039,7503,0,0,0,1.0,1,1.0,1,1.0,1,0.1440731274959706,46
5304,2,11544,4041,7503,0,0,0,1.0,1,1.0,1,1.0,1,0.1895148863823594,45
5305,2,11546,4042,7504,0,0,0,1.0,1,1.0,1,1.0,1,0.1726151817293315,44
5306,1,11547,4043,7504,0,0,0,1.0,1,1.0,1,1.0,1,0.18184493364951987,42
5307,1,11548,4043,7505,0,0,0,1.0,1,1.0,1,1.0,1,0.17320007847947422,42
5308,2,11550,4045,7505,0,0,0,1.0,1,1.0,1,1.0,1,0.18976086917959858,43
5309,2,11552,4046,7506,0,0,0,1.0,1,1.0,1,1.0,1,0.17558549753432653,41
5310,1,11553,4047,7506,0,0,0,1.0,1,1.0,1,1.0,1,0.21996826198325017,41
5311,1,11554,4048,7506,0,0,0,1.0,1,1.0,1,1.0,1,0.22025605066681067,42
5312,2,11556,4048,7508,0,0,0,1.0,1,1.0,1,1.0,1,0.19224632864019545,43
5313,5,11561,4048,7513,0,0,0,1.0,1,1.0,1,1.0,1,0.11772994007385751,44
5314,0,11561,4048,7513,0,0,0,1.0,1,1.0,1,1.0,1,0.11772994007385751,44
5315,4,11565,4049,7516,0,0,0,1.0,1,1.0,1,1.0,1,0.15981235944059954,45
5316,3,11568,4049,7519,0,0,0,1.0,1,1.0,1,1.0,1,0.13673059674951632,46
5317,4,11572,4050,7522,0,0,0,1.0,1,1.0,1,1.0,1,0.10987107280177315,46
5318,1,11573,4051,7522,0,0,0,1.0,1,1.0,1,1.0,1,0.08236815472072549,46
5319,0,11573,4051,7522,0,0,0,1.0,1,1.0,1,1.0,1,0.0964427598376204,47
5320,1,11574,4052,7522,0,0,0,1.0,1,1.0,1,1.0,1,0.10272779813601512,48
5321,1,11575,4052,7523,0,0,0,1.0,1,1.0,1,1.0,1,0.08643514677376989,49
5322,0,11575,4052,7523,0,0,0,1.0,1,1.0,1,1.0,1,0.08643514677376989,49
5323,1,11576,4052,7524,0,0,0,1.0,1,1.0,1,1.0,1,0.11002052709425103,51
5324,0,11576,4052,7524,0,0,0,1.0,1,1.0,1,1.0,1,0.10018029807090742,53
5325,1,11577,4053,7524,0,0,0,1.0,1,1.0,1,1.0,1,0.11498706783931444,53
5326,6,11583,4056,7527,0,0,0,1.0,1,1.0,1,1.0,1,0.15371001732304948,53
5327,4,11587,4057,7530,0,0,0,1.0,1,1.0,1,1.0,1,0.15336191569093865,53
5328,4,11591,4057,7534,0,0,0,1.0,1,1.0,1,1.0,1,0.11614546070633784,54
5329,3,11594,4059,7535,0,0,0,1.0,1,1.0,1,1.0,1,0.15031677379020925,53
5330,1,11595,4060,7535,0,0,0,1.0,1,1.0,1,1.0,1,0.18408539517990757,52
5331,0,11595,4060,7535,0,0,0,1.0,1,1.0,1,1.0,1,0.20046350941915952,51
5332,0,11595,4060,7535,0,0,0,1.0,1,1.0,1,1.0,1,0.1899032533333607,52
5333,2,11597,4061,7536,0,0,0,1.0,1,1.0,1,1.0,1,0.21526605075922917,53
5334,4,11601,4062,7539,0,0,0,1.0,1,1.0,1,1.0,1,0.20835390998925735,54
5335,2,11603,4062,7541,0,0,0,1.0,1,1.0,1,1.0,1,0.20595283571263928,55
5336,1,11604,4062,7542,0,0,0,1.0,1,1.0,1,1.0,1,0.2239899722089189,54
5337,8,11612,4062,7550,0,0,0,1.0,1,1.0,1,1.0,1,0.1633445412397494,55
5338,4,11616,4063,7553,0,0,0,1.0,1,1.0,1,1.0,1,0.12100227978140925,55
5339,2,11618,4063,7555,0,0,0,1.0,1,1.0,1,1.0,1,0.12534078852942304,55
5340,6,11624,4063,7561,0,0,0,1.0,1,1.0,1,1.0,1,0.11593608942228223,55
5341,4,11628,4064,7564,0,0,0,1.0,1,1.0,1,1.0,1,0.10775386646935058,54
5342,0,11628,4064,7564,0,0,0,1.0,1,1.0,1,1.0,1,0.10086365066563564,55
5343,3,11631,4066,7565,0,0,0,1.0,1,1.0,1,1.0,1,0.11084190402951878,54
5344,3,11634,4068,7566,0,0,0,1.0,1,1.0,1,1.0,1,0.14125670088384143,55
5345,2,11636,4070,7566,0,0,0,1.0,1,1.0,1,1.0,1,0.12108630611667513,53
5346,4,11640,4073,7567,0,0,0,1.0,1,1.0,1,1.0,1,0.13815352513192097,53
5347,2,11642,4074,7568,0,0,0,1.0,1,1.0,1,1.0,1,0.1345119268935736,51
5348,6,11648,4076,7572,0,0,0,1.0,1,1.0,1,1.0,1,0.12756334319868756,53
5349,7,11655,4078,7577,0,0,0,1.0,1,1.0,1,1.0,1,0.09907074999000154,52
5350,1,11656,4079,7577,0,0,0,1.0,1,1.0,1,1.0,1,0.09958597775280636,50
5351,2,11658,4081,7577,0,0,0,1.0,1,1.0,1,1.0,1,0.18787796744849464,52
5352,2,11660,4082,7578,0,0,0,1.0,1,1.0,1,1.0,1,0.1329128979326513,49
5353,0,11660,4082,7578,0,0,0,1.0,1,1.0,1,1.0,1,0.1329128979326513,49
5354,1,11661,4082,7579,0,0,0,1.0,1,1.0,1,1.0,1,0.10311245439275377,49
5355,1,11662,4082,7580,0,0,0,1.0,1,1.0,1,1.0,1,0.11268451709775713,48
5356,1,11663,4083,7580,0,0,0,1.0,1,1.0,1,1.0,1,0.1309923909301879,49
5357,4,11667,4083,7584,0,0,0,1.0,1,1.0,1,1.0,1,0.07577475863000521,47
5358,1,11668,4084,7584,0,0,0,1.0,1,1.0,1,1.0,1,0.0984595073389074,48
5359,0,11668,4084,7584,0,0,0,1.0,1,1.0,1,1.0,1,0.0984595073389074,48
5360,0,11668,4084,7584,0,0,0,1.0,1,1.0,1,1.0,1,0.0984595073389074,48
5361,0,11668,4084,7584,0,0,0,1.0,1,1.0,1,1.0,1,0.11808425142765971,50
5362,1,11669,4084,7585,0,0,0,1.0,1,1.0,1,1.0,1,0.10103361021079665,50
5363,0,11669,4084,7585,0,0,0,1.0,1,1.0,1,1.0,1,0.10103361021079665,50
5364,1,11670,4085,7585,0,0,0,1.0,1,1.0,1,1.0,1,0.11070683388313148,51
5365,3,11673,4085,7588,0,0,0,1.0,1,1.0,1,1.0,1,0.09575338557797042,52
5366,0,11673,4085,7588,0,0,0,1.0,1,1.0,1,1.0,1,0.09575338557797042,52
5367,2,11675,4087,7588,0,0,0,1.0,1,1.0,1,1.0,1,0.1250004816212922,54
5368,4,11679,4087,7592,0,0,0,1.0,1,1.0,1,1.0,1,0.09437513191266962,55
5369,2,11681,4089,7592,0,0,0,1.0,1,1.0,1,1.0,1,0.10192159592704665,53
5370,3,11684,4091,7593,0,0,0,1.0,1,1.0,1,1.0,1,0.1381940067823562,54
5371,4,11688,4094,7594,0,0,0,1.0,1,1.0,1,1.0,1,0.17765963491773784,53
5372,5,11693,4096,7597,0,0,0,1.0,1,1.0,1,1.0,1,0.21611910165114218,53
5373,3,11696,4096,7600,0,0,0,1.0,1,1.0,1,1.0,1,0.1488957558418214,52
5374,3,11699,4098,7601,0,0,0,1.0,1,1.0,1,1.0,1,0.14722193229961367,51
5375,1,11700,4098,7602,0,0,0,1.0,1,1.0,1,1.0,1,0.10945175782544975,52
5376,3,11703,4100,7603,0,0,0,1.0,1,1.0,1,1.0,1,0.12247852147143935,51
5377,0,11703,4100,7603,0,0,0,1.0,1,1.0,1,1.0,1,0.11838113988118662,52
5378,2,11705,4102,7603,0,0,0,1.0,1,1.0,1,1.0,1,0.1686928553816763,50
5379,0,11705,4102,7603,0,0,0,1.0,1,1.0,1,1.0,1,0.1686928553816763,50
5380,1,11706,4102,7604,0,0,0,1.0,1,1.0,1,1.0,1,0.18322211244769512,52
5381,4,11710,4102,7608,0,0,0,1.0,1,1.0,1,1.0,1,0.12962569943667476,52
5382,3,11713,4103,7610,0,0,0,1.0,1,1.0,1,1.0,1,0.14747600596159913,52
5383,0,11713,4103,7610,0,0,0,1.0,1,1.0,1,1.0,1,0.12994227507592454,51
5384,2,11715,4104,7611,0,0,0,1.0,1,1.0,1,1.0,1,0.09736273849046016,52
5385,0,11715,4104,7611,0,0,0,1.0,1,1.0,1,1.0,1,0.11677225976250924,51
5386,2,11717,4105,7612,0,0,0,1.0,1,1.0,1,1.0,1,0.11321611823504205,52
5387,3,11720,4106,7614,0,0,0,1.0,1,1.0,1,1.0,1,0.11212356076750019,53
5388,3,11723,4106,7617,0,0,0,1.0,1,1.0,1,1.0,1,0.14210132351302032,54
5389,4,11727,4106,7621,0,0,0,1.0,1,1.0,1,1.0,1,0.07358138370143964,55
5390,1,11728,4107,7621,0,0,0,1.0,1,1.0,1,1.0,1,0.07963196688266032,56
5391,1,11729,4108,7621,0,0,0,1.0,1,1.0,1,1.0,1,0.10610143440775872,56
5392,2,11731,4109,7622,0,0,0,1.0,1,1.0,1,1.0,1,0.09067634715341732,56
5393,3,11734,4110,7624,0,0,0,1.0,1,1.0,1,1.0,1,0.08804267659698885,54
5394,2,11736,4111,7625,0,0,0,1.0,1,1.0,1,1.0,1,0.09340454843131879,53
5395,4,11740,4114,7626,0,0,0,1.0,1,1.0,1,1.0,1,0.12842802192048763,53
5396,4,11744,4115,7629,0,0,0,1.0,1,1.0,1,1.0,1,0.1313138058681959,54
5397,8,11752,4117,7635,0,0,0,1.0,1,1.0,1,1.0,1,0.06881976158824775,53
5398,3,11755,4119,7636,0,0,0,1.0,1,1.0,1,1.0,1,0.07524142362772918,53
5399,7,11762,4122,7640,0,0,0,1.0,1,1.0,1,1.0,1,0.12056139673239752,55
5400,3,11765,4122,7643,0,0,0,1.0,1,1.0,1,1.0,1,0.11040155928206057,55
5401,7,11772,4124,7648,0,0,0,1.0,1,1.0,1,1.0,1,0.07729905491769208,56
5402,0,11772,4124,7648,0,0,0,1.0,1,1.0,1,1.0,1,0.0,0
