,SuccessfulHandoverCount,TotalSuccessfulHandoverCount,TotalSuccessfulHandoverCountRange,TotalSuccessfulHandoverCountLoadBalancing,TotalSuccessfulHandoverCountOverload,FailedHandoverCount,TotalFailedHandoverCount,AvgQoS,MinQoS,AvgQoS_LoadBased,MinQoS_LoadBased,AvgQoS_RangeBased,MinQoS_RangeBased,GiniLoad,VehicleCount
0,0,0,0,0,0,0,0,1.0,1,1.0,1,1.0,1,0.0,0
1,12,12,0,12,0,0,0,1.0,1,1.0,1,1.0,1,0.16716626098194126,26
2,13,25,0,25,0,0,0,1.0,1,1.0,1,1.0,1,0.10004041052502792,27
3,8,33,0,33,0,0,0,1.0,1,1.0,1,1.0,1,0.151262881615604,28
4,11,44,0,44,0,0,0,1.0,1,1.0,1,1.0,1,0.09196237625275874,29
5,0,44,0,44,0,0,0,1.0,1,1.0,1,1.0,1,0.09196237625275874,29
6,0,44,0,44,0,0,0,1.0,1,1.0,1,1.0,1,0.05782365435287169,32
7,1,45,1,44,0,0,0,1.0,1,1.0,1,1.0,1,0.07881052316829971,33
8,1,46,1,45,0,0,0,1.0,1,1.0,1,1.0,1,0.04915891213002922,35
9,1,47,2,45,0,0,0,1.0,1,1.0,1,1.0,1,0.05094674422111718,35
10,1,48,3,45,0,0,0,1.0,1,1.0,1,1.0,1,0.0529824850761023,35
11,2,50,5,45,0,0,0,1.0,1,1.0,1,1.0,1,0.05512911063313271,35
12,0,50,5,45,0,0,0,1.0,1,1.0,1,1.0,1,0.04160539460637805,34
13,1,51,6,45,0,0,0,1.0,1,1.0,1,1.0,1,0.09571126881474065,32
14,2,53,8,45,0,0,0,1.0,1,1.0,1,1.0,1,0.1435086167088997,31
15,1,54,9,45,0,0,0,1.0,1,1.0,1,1.0,1,0.12092015886235803,30
16,0,54,9,45,0,0,0,1.0,1,1.0,1,1.0,1,0.1151452426526282,30
17,0,54,9,45,0,0,0,1.0,1,1.0,1,1.0,1,0.08954332942061417,29
18,0,54,9,45,0,0,0,1.0,1,1.0,1,1.0,1,0.08954332942061417,29
19,0,54,9,45,0,0,0,1.0,1,1.0,1,1.0,1,0.06654065583863158,28
20,2,56,11,45,0,0,0,1.0,1,1.0,1,1.0,1,0.15012175340900982,28
21,1,57,12,45,0,0,0,1.0,1,1.0,1,1.0,1,0.13064685915004526,28
22,1,58,13,45,0,0,0,1.0,1,1.0,1,1.0,1,0.14646179296462541,28
23,2,60,15,45,0,0,0,1.0,1,1.0,1,1.0,1,0.2449389377875467,27
24,5,65,20,45,0,0,0,1.0,1,1.0,1,1.0,1,0.22652708732608318,28
25,5,70,22,48,0,0,0,1.0,1,1.0,1,1.0,1,0.07148798007875468,28
26,2,72,23,49,0,0,0,1.0,1,1.0,1,1.0,1,0.11282321489788258,30
27,3,75,24,51,0,0,0,1.0,1,1.0,1,1.0,1,0.054020515870712535,30
28,2,77,25,52,0,0,0,1.0,1,1.0,1,1.0,1,0.07708880998563293,31
29,1,78,25,53,0,0,0,1.0,1,1.0,1,1.0,1,0.05374938799727928,30
30,0,78,25,53,0,0,0,1.0,1,1.0,1,1.0,1,0.05374938799727928,30
31,0,78,25,53,0,0,0,1.0,1,1.0,1,1.0,1,0.07117625487958586,31
32,0,78,25,53,0,0,0,1.0,1,1.0,1,1.0,1,0.09852769346128976,31
33,1,79,25,54,0,0,0,1.0,1,1.0,1,1.0,1,0.04251900350046627,31
34,2,81,26,55,0,0,0,1.0,1,1.0,1,1.0,1,0.11211891372827253,29
35,1,82,27,55,0,0,0,1.0,1,1.0,1,1.0,1,0.11681676084408811,30
36,0,82,27,55,0,0,0,1.0,1,1.0,1,1.0,1,0.15054783618277723,30
37,1,83,28,55,0,0,0,1.0,1,1.0,1,1.0,1,0.17636930609528975,31
38,4,87,29,58,0,0,0,1.0,1,1.0,1,1.0,1,0.11928036408335005,32
39,4,91,29,62,0,0,0,1.0,1,1.0,1,1.0,1,0.04683138509976195,36
40,1,92,30,62,0,0,0,1.0,1,1.0,1,1.0,1,0.026498890441465018,37
41,1,93,31,62,0,0,0,1.0,1,1.0,1,1.0,1,0.042495086083965905,37
42,0,93,31,62,0,0,0,1.0,1,1.0,1,1.0,1,0.034356250088545925,38
43,1,94,32,62,0,0,0,1.0,1,1.0,1,1.0,1,0.08555156250481363,40
44,0,94,32,62,0,0,0,1.0,1,1.0,1,1.0,1,0.06666467073827732,39
45,0,94,32,62,0,0,0,1.0,1,1.0,1,1.0,1,0.05637888797928737,40
46,0,94,32,62,0,0,0,1.0,1,1.0,1,1.0,1,0.04502351875216648,39
47,2,96,34,62,0,0,0,1.0,1,1.0,1,1.0,1,0.08894350349570534,39
48,1,97,34,63,0,0,0,1.0,1,1.0,1,1.0,1,0.06623220533617527,39
49,0,97,34,63,0,0,0,1.0,1,1.0,1,1.0,1,0.029334876817434748,37
50,1,98,35,63,0,0,0,1.0,1,1.0,1,1.0,1,0.06095239735641828,35
51,0,98,35,63,0,0,0,1.0,1,1.0,1,1.0,1,0.051383384850896434,34
52,0,98,35,63,0,0,0,1.0,1,1.0,1,1.0,1,0.02866810594459837,34
53,0,98,35,63,0,0,0,1.0,1,1.0,1,1.0,1,0.027368858439991307,35
54,0,98,35,63,0,0,0,1.0,1,1.0,1,1.0,1,0.06327775401374605,36
55,1,99,36,63,0,0,0,1.0,1,1.0,1,1.0,1,0.0657552738014415,36
56,7,106,40,66,0,0,0,1.0,1,1.0,1,1.0,1,0.1054798932223882,36
57,2,108,40,68,0,0,0,1.0,1,1.0,1,1.0,1,0.07058840980665794,37
58,2,110,42,68,0,0,0,1.0,1,1.0,1,1.0,1,0.10954318003774062,38
59,2,112,43,69,0,0,0,1.0,1,1.0,1,1.0,1,0.13547188439082158,37
60,0,112,43,69,0,0,0,1.0,1,1.0,1,1.0,1,0.11940317338354409,38
61,4,116,46,70,0,0,0,1.0,1,1.0,1,1.0,1,0.12185821761677226,37
62,5,121,48,73,0,0,0,1.0,1,1.0,1,1.0,1,0.0800699668455324,39
63,0,121,48,73,0,0,0,1.0,1,1.0,1,1.0,1,0.0800699668455324,39
64,2,123,50,73,0,0,0,1.0,1,1.0,1,1.0,1,0.13617068915977287,38
65,0,123,50,73,0,0,0,1.0,1,1.0,1,1.0,1,0.11058780738903017,39
66,0,123,50,73,0,0,0,1.0,1,1.0,1,1.0,1,0.10960182943171896,39
67,1,124,51,73,0,0,0,1.0,1,1.0,1,1.0,1,0.12978034814080858,36
68,3,127,53,74,0,0,0,1.0,1,1.0,1,1.0,1,0.0942274800070983,36
69,2,129,54,75,0,0,0,1.0,1,1.0,1,1.0,1,0.09622638611922422,37
70,1,130,54,76,0,0,0,1.0,1,1.0,1,1.0,1,0.06471341667974723,36
71,1,131,54,77,0,0,0,1.0,1,1.0,1,1.0,1,0.019668948359274244,38
72,0,131,54,77,0,0,0,1.0,1,1.0,1,1.0,1,0.019668948359274244,38
73,0,131,54,77,0,0,0,1.0,1,1.0,1,1.0,1,0.019907317715541592,37
74,1,132,55,77,0,0,0,1.0,1,1.0,1,1.0,1,0.04073408892766612,38
75,0,132,55,77,0,0,0,1.0,1,1.0,1,1.0,1,0.04073408892766612,38
76,2,134,56,78,0,0,0,1.0,1,1.0,1,1.0,1,0.06472566586237384,39
77,0,134,56,78,0,0,0,1.0,1,1.0,1,1.0,1,0.06325034211863614,40
78,0,134,56,78,0,0,0,1.0,1,1.0,1,1.0,1,0.03988810890293201,41
79,1,135,57,78,0,0,0,1.0,1,1.0,1,1.0,1,0.038516426714232076,41
80,0,135,57,78,0,0,0,1.0,1,1.0,1,1.0,1,0.038516426714232076,41
81,0,135,57,78,0,0,0,1.0,1,1.0,1,1.0,1,0.03383858503884845,41
82,0,135,57,78,0,0,0,1.0,1,1.0,1,1.0,1,0.05076398016349255,44
83,0,135,57,78,0,0,0,1.0,1,1.0,1,1.0,1,0.05076398016349255,44
84,1,136,58,78,0,0,0,1.0,1,1.0,1,1.0,1,0.0920037108726787,45
85,1,137,59,78,0,0,0,1.0,1,1.0,1,1.0,1,0.12152438994622547,45
86,0,137,59,78,0,0,0,1.0,1,1.0,1,1.0,1,0.12152438994622547,45
87,2,139,60,79,0,0,0,1.0,1,1.0,1,1.0,1,0.12654405970088048,44
88,0,139,60,79,0,0,0,1.0,1,1.0,1,1.0,1,0.12654405970088048,44
89,1,140,61,79,0,0,0,1.0,1,1.0,1,1.0,1,0.07805782420678054,43
90,0,140,61,79,0,0,0,1.0,1,1.0,1,1.0,1,0.09545040473407032,44
91,1,141,62,79,0,0,0,1.0,1,1.0,1,1.0,1,0.11816824577844023,44
92,0,141,62,79,0,0,0,1.0,1,1.0,1,1.0,1,0.1145992126179383,43
93,0,141,62,79,0,0,0,1.0,1,1.0,1,1.0,1,0.131742058479305,44
94,0,141,62,79,0,0,0,1.0,1,1.0,1,1.0,1,0.131742058479305,44
95,1,142,62,80,0,0,0,1.0,1,1.0,1,1.0,1,0.11880119342409938,43
96,0,142,62,80,0,0,0,1.0,1,1.0,1,1.0,1,0.12138879382261682,44
97,1,143,63,80,0,0,0,1.0,1,1.0,1,1.0,1,0.13713521660100328,44
98,2,145,65,80,0,0,0,1.0,1,1.0,1,1.0,1,0.2095837266470095,43
99,0,145,65,80,0,0,0,1.0,1,1.0,1,1.0,1,0.2095837266470095,43
100,3,148,67,81,0,0,0,1.0,1,1.0,1,1.0,1,0.22395208701088481,47
101,2,150,67,83,0,0,0,1.0,1,1.0,1,1.0,1,0.2066857904585979,47
102,1,151,68,83,0,0,0,1.0,1,1.0,1,1.0,1,0.22938290260928162,47
103,4,155,69,86,0,0,0,1.0,1,1.0,1,1.0,1,0.13853924341286827,46
104,3,158,71,87,0,0,0,1.0,1,1.0,1,1.0,1,0.10113497159613904,45
105,2,160,72,88,0,0,0,1.0,1,1.0,1,1.0,1,0.07649942536649726,44
106,5,165,74,91,0,0,0,1.0,1,1.0,1,1.0,1,0.060752439358865706,45
107,2,167,75,92,0,0,0,1.0,1,1.0,1,1.0,1,0.09623044088750218,44
108,3,170,76,94,0,0,0,1.0,1,1.0,1,1.0,1,0.056149190245549145,46
109,3,173,79,94,0,0,0,1.0,1,1.0,1,1.0,1,0.10228580116015348,46
110,2,175,80,95,0,0,0,1.0,1,1.0,1,1.0,1,0.06581080332623658,46
111,2,177,82,95,0,0,0,1.0,1,1.0,1,1.0,1,0.05742715307594609,46
112,5,182,85,97,0,0,0,1.0,1,1.0,1,1.0,1,0.03239864492089249,46
113,1,183,86,97,0,0,0,1.0,1,1.0,1,1.0,1,0.04106415167578342,46
114,0,183,86,97,0,0,0,1.0,1,1.0,1,1.0,1,0.04106415167578342,46
115,0,183,86,97,0,0,0,1.0,1,1.0,1,1.0,1,0.03461837035545223,47
116,0,183,86,97,0,0,0,1.0,1,1.0,1,1.0,1,0.03461837035545223,47
117,2,185,88,97,0,0,0,1.0,1,1.0,1,1.0,1,0.062056634908636055,45
118,0,185,88,97,0,0,0,1.0,1,1.0,1,1.0,1,0.06599938658506257,46
119,1,186,89,97,0,0,0,1.0,1,1.0,1,1.0,1,0.07943757229074856,46
120,3,189,91,98,0,0,0,1.0,1,1.0,1,1.0,1,0.08396383962706414,47
121,1,190,92,98,0,0,0,1.0,1,1.0,1,1.0,1,0.12621718314858196,46
122,1,191,92,99,0,0,0,1.0,1,1.0,1,1.0,1,0.11476964545241161,46
123,1,192,92,100,0,0,0,1.0,1,1.0,1,1.0,1,0.11549810903138437,45
124,1,193,93,100,0,0,0,1.0,1,1.0,1,1.0,1,0.13033540352870943,46
125,1,194,93,101,0,0,0,1.0,1,1.0,1,1.0,1,0.11277821162187997,44
126,1,195,93,102,0,0,0,1.0,1,1.0,1,1.0,1,0.08978808734522349,45
127,0,195,93,102,0,0,0,1.0,1,1.0,1,1.0,1,0.08970256033193497,45
128,0,195,93,102,0,0,0,1.0,1,1.0,1,1.0,1,0.08111967441845556,46
129,2,197,94,103,0,0,0,1.0,1,1.0,1,1.0,1,0.07345101384642923,48
130,0,197,94,103,0,0,0,1.0,1,1.0,1,1.0,1,0.07345101384642923,48
131,1,198,95,103,0,0,0,1.0,1,1.0,1,1.0,1,0.05876114799176924,49
132,2,200,96,104,0,0,0,1.0,1,1.0,1,1.0,1,0.041155021538604016,51
133,3,203,98,105,0,0,0,1.0,1,1.0,1,1.0,1,0.0967070857888771,49
134,2,205,100,105,0,0,0,1.0,1,1.0,1,1.0,1,0.14836472089838554,49
135,1,206,100,106,0,0,0,1.0,1,1.0,1,1.0,1,0.11091557767015107,49
136,3,209,103,106,0,0,0,1.0,1,1.0,1,1.0,1,0.14341387535403827,48
137,3,212,103,109,0,0,0,1.0,1,1.0,1,1.0,1,0.08983068173746485,47
138,5,217,107,110,0,0,0,1.0,1,1.0,1,1.0,1,0.107900253484756,48
139,5,222,110,112,0,0,0,1.0,1,1.0,1,1.0,1,0.11984673415205349,48
140,1,223,111,112,0,0,0,1.0,1,1.0,1,1.0,1,0.1341493440402851,49
141,3,226,111,115,0,0,0,1.0,1,1.0,1,1.0,1,0.06434420634880644,49
142,1,227,112,115,0,0,0,1.0,1,1.0,1,1.0,1,0.038570856958975025,49
143,0,227,112,115,0,0,0,1.0,1,1.0,1,1.0,1,0.045377113626013155,47
144,2,229,114,115,0,0,0,1.0,1,1.0,1,1.0,1,0.0425355122074258,46
145,1,230,115,115,0,0,0,1.0,1,1.0,1,1.0,1,0.08831921603475883,44
146,1,231,116,115,0,0,0,1.0,1,1.0,1,1.0,1,0.10314674492939806,44
147,0,231,116,115,0,0,0,1.0,1,1.0,1,1.0,1,0.11978850155909494,43
148,0,231,116,115,0,0,0,1.0,1,1.0,1,1.0,1,0.1500807022980054,43
149,3,234,117,117,0,0,0,1.0,1,1.0,1,1.0,1,0.1341935557304329,43
150,1,235,118,117,0,0,0,1.0,1,1.0,1,1.0,1,0.14642240975844473,42
151,1,236,119,117,0,0,0,1.0,1,1.0,1,1.0,1,0.16539243810869064,42
152,3,239,120,119,0,0,0,1.0,1,1.0,1,1.0,1,0.13325831968139976,42
153,1,240,120,120,0,0,0,1.0,1,1.0,1,1.0,1,0.09191381751389557,42
154,1,241,120,121,0,0,0,1.0,1,1.0,1,1.0,1,0.08575827701421575,43
155,0,241,120,121,0,0,0,1.0,1,1.0,1,1.0,1,0.05346770987147518,43
156,0,241,120,121,0,0,0,1.0,1,1.0,1,1.0,1,0.07404009553992799,42
157,0,241,120,121,0,0,0,1.0,1,1.0,1,1.0,1,0.09762976879556454,41
158,0,241,120,121,0,0,0,1.0,1,1.0,1,1.0,1,0.0906395149471791,42
159,0,241,120,121,0,0,0,1.0,1,1.0,1,1.0,1,0.09395108308273709,43
160,4,245,123,122,0,0,0,1.0,1,1.0,1,1.0,1,0.1947167274747255,44
161,5,250,124,126,0,0,0,1.0,1,1.0,1,1.0,1,0.19531614567860817,44
162,2,252,125,127,0,0,0,1.0,1,1.0,1,1.0,1,0.20727410634414065,45
163,1,253,126,127,0,0,0,1.0,1,1.0,1,1.0,1,0.25159329760948423,43
164,0,253,126,127,0,0,0,1.0,1,1.0,1,1.0,1,0.2516310013488051,42
165,6,259,129,130,0,0,0,1.0,1,1.0,1,1.0,1,0.20146558783419444,42
166,2,261,130,131,0,0,0,1.0,1,1.0,1,1.0,1,0.17794646328312547,42
167,2,263,132,131,0,0,0,1.0,1,1.0,1,1.0,1,0.14381169948856182,41
168,0,263,132,131,0,0,0,1.0,1,1.0,1,1.0,1,0.14147859749865982,40
169,3,266,134,132,0,0,0,1.0,1,1.0,1,1.0,1,0.0838883457248813,40
170,1,267,134,133,0,0,0,1.0,1,1.0,1,1.0,1,0.05780345404479354,38
171,2,269,136,133,0,0,0,1.0,1,1.0,1,1.0,1,0.07807639690261835,37
172,4,273,140,133,0,0,0,1.0,1,1.0,1,1.0,1,0.14218779666874423,35
173,3,276,141,135,0,0,0,1.0,1,1.0,1,1.0,1,0.05082591325677561,36
174,2,278,143,135,0,0,0,1.0,1,1.0,1,1.0,1,0.08452556953397541,34
175,0,278,143,135,0,0,0,1.0,1,1.0,1,1.0,1,0.05913468390259617,33
176,1,279,144,135,0,0,0,1.0,1,1.0,1,1.0,1,0.06303874556964459,34
177,0,279,144,135,0,0,0,1.0,1,1.0,1,1.0,1,0.05485636243375181,36
178,2,281,145,136,0,0,0,1.0,1,1.0,1,1.0,1,0.06281569822130247,37
179,1,282,146,136,0,0,0,1.0,1,1.0,1,1.0,1,0.07497079627391771,37
180,0,282,146,136,0,0,0,1.0,1,1.0,1,1.0,1,0.08390679305286214,36
181,1,283,147,136,0,0,0,1.0,1,1.0,1,1.0,1,0.0667917171566158,36
182,0,283,147,136,0,0,0,1.0,1,1.0,1,1.0,1,0.06691825870041347,38
183,1,284,148,136,0,0,0,1.0,1,1.0,1,1.0,1,0.07161085556876551,37
184,0,284,148,136,0,0,0,1.0,1,1.0,1,1.0,1,0.08449424592407717,36
185,1,285,149,136,0,0,0,1.0,1,1.0,1,1.0,1,0.11419468176096932,35
186,1,286,149,137,0,0,0,1.0,1,1.0,1,1.0,1,0.09959375182149635,34
187,2,288,151,137,0,0,0,1.0,1,1.0,1,1.0,1,0.13537511854333792,33
188,1,289,152,137,0,0,0,1.0,1,1.0,1,1.0,1,0.16017878581815967,33
189,3,292,154,138,0,0,0,1.0,1,1.0,1,1.0,1,0.1160237270908389,33
190,0,292,154,138,0,0,0,1.0,1,1.0,1,1.0,1,0.1418344407275984,32
191,3,295,156,139,0,0,0,1.0,1,1.0,1,1.0,1,0.15050074890608994,34
192,1,296,156,140,0,0,0,1.0,1,1.0,1,1.0,1,0.11419521232069517,34
193,1,297,156,141,0,0,0,1.0,1,1.0,1,1.0,1,0.09130813882614806,35
194,1,298,156,142,0,0,0,1.0,1,1.0,1,1.0,1,0.0944651971298137,37
195,0,298,156,142,0,0,0,1.0,1,1.0,1,1.0,1,0.11427818879975125,36
196,0,298,156,142,0,0,0,1.0,1,1.0,1,1.0,1,0.11427818879975125,36
197,1,299,156,143,0,0,0,1.0,1,1.0,1,1.0,1,0.0863858974285312,37
198,3,302,159,143,0,0,0,1.0,1,1.0,1,1.0,1,0.12372222481591569,37
199,0,302,159,143,0,0,0,1.0,1,1.0,1,1.0,1,0.12372222481591569,37
200,2,304,161,143,0,0,0,1.0,1,1.0,1,1.0,1,0.14662311642886672,37
201,3,307,162,145,0,0,0,1.0,1,1.0,1,1.0,1,0.08227169167898443,36
202,0,307,162,145,0,0,0,1.0,1,1.0,1,1.0,1,0.051356040304816844,36
203,3,310,165,145,0,0,0,1.0,1,1.0,1,1.0,1,0.10373884581476071,35
204,0,310,165,145,0,0,0,1.0,1,1.0,1,1.0,1,0.10300072898827935,35
205,3,313,168,145,0,0,0,1.0,1,1.0,1,1.0,1,0.0893423211627494,35
206,2,315,169,146,0,0,0,1.0,1,1.0,1,1.0,1,0.06780255239231206,34
207,0,315,169,146,0,0,0,1.0,1,1.0,1,1.0,1,0.06580958074780388,34
208,2,317,170,147,0,0,0,1.0,1,1.0,1,1.0,1,0.10458700299399208,33
209,0,317,170,147,0,0,0,1.0,1,1.0,1,1.0,1,0.14653526336203612,33
210,1,318,171,147,0,0,0,1.0,1,1.0,1,1.0,1,0.1490593283266937,34
211,1,319,172,147,0,0,0,1.0,1,1.0,1,1.0,1,0.20275326570188687,33
212,0,319,172,147,0,0,0,1.0,1,1.0,1,1.0,1,0.20275326570188687,33
213,3,322,173,149,0,0,0,1.0,1,1.0,1,1.0,1,0.10352121504872575,35
214,2,324,175,149,0,0,0,1.0,1,1.0,1,1.0,1,0.12603973863145787,34
215,1,325,176,149,0,0,0,1.0,1,1.0,1,1.0,1,0.1571323492389402,35
216,1,326,177,149,0,0,0,1.0,1,1.0,1,1.0,1,0.16244996612129187,36
217,3,329,178,151,0,0,0,1.0,1,1.0,1,1.0,1,0.10775151306729802,36
218,1,330,179,151,0,0,0,1.0,1,1.0,1,1.0,1,0.1556656412359966,36
219,0,330,179,151,0,0,0,1.0,1,1.0,1,1.0,1,0.13571633540826306,37
220,2,332,180,152,0,0,0,1.0,1,1.0,1,1.0,1,0.11400390932144452,38
221,1,333,180,153,0,0,0,1.0,1,1.0,1,1.0,1,0.1090228826610775,37
222,2,335,182,153,0,0,0,1.0,1,1.0,1,1.0,1,0.08823418824767128,38
223,0,335,182,153,0,0,0,1.0,1,1.0,1,1.0,1,0.08823418824767128,38
224,3,338,183,155,0,0,0,1.0,1,1.0,1,1.0,1,0.11284402768928661,38
225,1,339,184,155,0,0,0,1.0,1,1.0,1,1.0,1,0.1357553544132317,36
226,1,340,185,155,0,0,0,1.0,1,1.0,1,1.0,1,0.13763574889143604,37
227,3,343,188,155,0,0,0,1.0,1,1.0,1,1.0,1,0.17416111416627245,35
228,2,345,190,155,0,0,0,1.0,1,1.0,1,1.0,1,0.13432225536229436,35
229,5,350,193,157,0,0,0,1.0,1,1.0,1,1.0,1,0.10938898246515666,35
230,0,350,193,157,0,0,0,1.0,1,1.0,1,1.0,1,0.10938898246515666,35
231,2,352,195,157,0,0,0,1.0,1,1.0,1,1.0,1,0.13519140798125548,35
232,3,355,197,158,0,0,0,1.0,1,1.0,1,1.0,1,0.09823678528283938,36
233,1,356,198,158,0,0,0,1.0,1,1.0,1,1.0,1,0.06988447085359077,36
234,0,356,198,158,0,0,0,1.0,1,1.0,1,1.0,1,0.08443867029923358,34
235,2,358,200,158,0,0,0,1.0,1,1.0,1,1.0,1,0.08812061425079033,33
236,1,359,201,158,0,0,0,1.0,1,1.0,1,1.0,1,0.09491482844847864,31
237,1,360,201,159,0,0,0,1.0,1,1.0,1,1.0,1,0.06690388268793294,32
238,1,361,202,159,0,0,0,1.0,1,1.0,1,1.0,1,0.08921128687281124,31
239,1,362,203,159,0,0,0,1.0,1,1.0,1,1.0,1,0.12603136002589002,30
240,1,363,204,159,0,0,0,1.0,1,1.0,1,1.0,1,0.1642782165888526,27
241,5,368,208,160,0,0,0,1.0,1,1.0,1,1.0,1,0.16621293177021706,27
242,0,368,208,160,0,0,0,1.0,1,1.0,1,1.0,1,0.1382176970054841,28
243,1,369,209,160,0,0,0,1.0,1,1.0,1,1.0,1,0.14770806188887536,28
244,1,370,210,160,0,0,0,1.0,1,1.0,1,1.0,1,0.13120525922155177,27
245,1,371,210,161,0,0,0,1.0,1,1.0,1,1.0,1,0.10293555756140205,27
246,1,372,211,161,0,0,0,1.0,1,1.0,1,1.0,1,0.11203090377221656,25
247,0,372,211,161,0,0,0,1.0,1,1.0,1,1.0,1,0.07903903572917664,24
248,0,372,211,161,0,0,0,1.0,1,1.0,1,1.0,1,0.08092737122547251,24
249,1,373,211,162,0,0,0,1.0,1,1.0,1,1.0,1,0.08030529680349593,25
250,0,373,211,162,0,0,0,1.0,1,1.0,1,1.0,1,0.06164808103898265,27
251,0,373,211,162,0,0,0,1.0,1,1.0,1,1.0,1,0.06164808103898265,27
252,2,375,213,162,0,0,0,1.0,1,1.0,1,1.0,1,0.07055833395349763,27
253,1,376,214,162,0,0,0,1.0,1,1.0,1,1.0,1,0.1352509063840013,29
254,4,380,217,163,0,0,0,1.0,1,1.0,1,1.0,1,0.12212757494670902,30
255,2,382,218,164,0,0,0,1.0,1,1.0,1,1.0,1,0.13985759761169508,31
256,2,384,220,164,0,0,0,1.0,1,1.0,1,1.0,1,0.1188971704147137,31
257,3,387,221,166,0,0,0,1.0,1,1.0,1,1.0,1,0.09359452836833079,33
258,1,388,222,166,0,0,0,1.0,1,1.0,1,1.0,1,0.08611931770373475,33
259,0,388,222,166,0,0,0,1.0,1,1.0,1,1.0,1,0.08611931770373475,33
260,1,389,223,166,0,0,0,1.0,1,1.0,1,1.0,1,0.11247852520964895,35
261,3,392,223,169,0,0,0,1.0,1,1.0,1,1.0,1,0.0499287552864924,35
262,0,392,223,169,0,0,0,1.0,1,1.0,1,1.0,1,0.0499287552864924,35
263,0,392,223,169,0,0,0,1.0,1,1.0,1,1.0,1,0.07958182514034001,34
264,0,392,223,169,0,0,0,1.0,1,1.0,1,1.0,1,0.10071752367791485,32
265,2,394,225,169,0,0,0,1.0,1,1.0,1,1.0,1,0.12002769741410382,30
266,2,396,226,170,0,0,0,1.0,1,1.0,1,1.0,1,0.09806423797660122,31
267,0,396,226,170,0,0,0,1.0,1,1.0,1,1.0,1,0.09463327949083984,30
268,1,397,227,170,0,0,0,1.0,1,1.0,1,1.0,1,0.11195696053631711,31
269,2,399,228,171,0,0,0,1.0,1,1.0,1,1.0,1,0.13075627197209871,31
270,2,401,229,172,0,0,0,1.0,1,1.0,1,1.0,1,0.175328716415659,32
271,0,401,229,172,0,0,0,1.0,1,1.0,1,1.0,1,0.19810759526706964,31
272,2,403,230,173,0,0,0,1.0,1,1.0,1,1.0,1,0.2710680212408894,32
273,3,406,230,176,0,0,0,1.0,1,1.0,1,1.0,1,0.21935637810985031,32
274,0,406,230,176,0,0,0,1.0,1,1.0,1,1.0,1,0.21935637810985031,32
275,2,408,231,177,0,0,0,1.0,1,1.0,1,1.0,1,0.16647224870616922,33
276,1,409,232,177,0,0,0,1.0,1,1.0,1,1.0,1,0.19019162492338784,34
277,2,411,233,178,0,0,0,1.0,1,1.0,1,1.0,1,0.10200617047141226,32
278,0,411,233,178,0,0,0,1.0,1,1.0,1,1.0,1,0.0723543319741342,31
279,0,411,233,178,0,0,0,1.0,1,1.0,1,1.0,1,0.043184878621508334,31
280,0,411,233,178,0,0,0,1.0,1,1.0,1,1.0,1,0.0407143682080801,30
281,0,411,233,178,0,0,0,1.0,1,1.0,1,1.0,1,0.012764055911040975,31
282,0,411,233,178,0,0,0,1.0,1,1.0,1,1.0,1,0.06248105073254423,30
283,1,412,234,178,0,0,0,1.0,1,1.0,1,1.0,1,0.06273795006550036,31
284,1,413,235,178,0,0,0,1.0,1,1.0,1,1.0,1,0.07452472814463262,31
285,2,415,237,178,0,0,0,1.0,1,1.0,1,1.0,1,0.1535933529331547,31
286,0,415,237,178,0,0,0,1.0,1,1.0,1,1.0,1,0.1535933529331547,31
287,1,416,238,178,0,0,0,1.0,1,1.0,1,1.0,1,0.2224008337455282,33
288,0,416,238,178,0,0,0,1.0,1,1.0,1,1.0,1,0.1720925400758504,32
289,2,418,238,180,0,0,0,1.0,1,1.0,1,1.0,1,0.10288037325695067,32
290,0,418,238,180,0,0,0,1.0,1,1.0,1,1.0,1,0.08593937270705582,31
291,1,419,239,180,0,0,0,1.0,1,1.0,1,1.0,1,0.14878553266902844,30
292,2,421,240,181,0,0,0,1.0,1,1.0,1,1.0,1,0.13093804782710702,32
293,1,422,240,182,0,0,0,1.0,1,1.0,1,1.0,1,0.10805758673052805,32
294,0,422,240,182,0,0,0,1.0,1,1.0,1,1.0,1,0.10805758673052805,32
295,0,422,240,182,0,0,0,1.0,1,1.0,1,1.0,1,0.10671925655034187,34
296,0,422,240,182,0,0,0,1.0,1,1.0,1,1.0,1,0.10671925655034187,34
297,0,422,240,182,0,0,0,1.0,1,1.0,1,1.0,1,0.10671925655034187,34
298,2,424,241,183,0,0,0,1.0,1,1.0,1,1.0,1,0.07141199742764352,35
299,0,424,241,183,0,0,0,1.0,1,1.0,1,1.0,1,0.10671135831532269,35
300,2,426,243,183,0,0,0,1.0,1,1.0,1,1.0,1,0.1462054383094719,35
301,5,431,244,187,0,0,0,1.0,1,1.0,1,1.0,1,0.056445645636102625,38
302,1,432,245,187,0,0,0,1.0,1,1.0,1,1.0,1,0.05149058107380435,38
303,1,433,246,187,0,0,0,1.0,1,1.0,1,1.0,1,0.0728748567922354,37
304,2,435,246,189,0,0,0,1.0,1,1.0,1,1.0,1,0.10673918459166824,37
305,3,438,247,191,0,0,0,1.0,1,1.0,1,1.0,1,0.12934263337918978,36
306,1,439,248,191,0,0,0,1.0,1,1.0,1,1.0,1,0.14386931863373986,36
307,0,439,248,191,0,0,0,1.0,1,1.0,1,1.0,1,0.15392678660954012,35
308,0,439,248,191,0,0,0,1.0,1,1.0,1,1.0,1,0.14380573953480819,37
309,1,440,248,192,0,0,0,1.0,1,1.0,1,1.0,1,0.13098269012214991,37
310,0,440,248,192,0,0,0,1.0,1,1.0,1,1.0,1,0.13098269012214991,37
311,1,441,249,192,0,0,0,1.0,1,1.0,1,1.0,1,0.09252976801476431,39
312,2,443,249,194,0,0,0,1.0,1,1.0,1,1.0,1,0.05846123752955679,40
313,0,443,249,194,0,0,0,1.0,1,1.0,1,1.0,1,0.05595096177587137,39
314,2,445,251,194,0,0,0,1.0,1,1.0,1,1.0,1,0.0864477625074724,40
315,1,446,252,194,0,0,0,1.0,1,1.0,1,1.0,1,0.09429512668651,39
316,0,446,252,194,0,0,0,1.0,1,1.0,1,1.0,1,0.09429512668651,39
317,2,448,252,196,0,0,0,1.0,1,1.0,1,1.0,1,0.02688682623608568,40
318,1,449,253,196,0,0,0,1.0,1,1.0,1,1.0,1,0.07377689845213772,41
319,1,450,254,196,0,0,0,1.0,1,1.0,1,1.0,1,0.034072343071700886,41
320,0,450,254,196,0,0,0,1.0,1,1.0,1,1.0,1,0.03402774844506852,41
321,1,451,255,196,0,0,0,1.0,1,1.0,1,1.0,1,0.051933830728016175,41
322,2,453,257,196,0,0,0,1.0,1,1.0,1,1.0,1,0.05520742023513512,41
323,0,453,257,196,0,0,0,1.0,1,1.0,1,1.0,1,0.05520742023513512,41
324,3,456,259,197,0,0,0,1.0,1,1.0,1,1.0,1,0.10557025601351633,42
325,3,459,260,199,0,0,0,1.0,1,1.0,1,1.0,1,0.0945292043038998,42
326,1,460,261,199,0,0,0,1.0,1,1.0,1,1.0,1,0.1380629558241673,42
327,0,460,261,199,0,0,0,1.0,1,1.0,1,1.0,1,0.1380629558241673,42
328,0,460,261,199,0,0,0,1.0,1,1.0,1,1.0,1,0.13884483131413827,43
329,2,462,261,201,0,0,0,1.0,1,1.0,1,1.0,1,0.11851526091721341,43
330,0,462,261,201,0,0,0,1.0,1,1.0,1,1.0,1,0.1150591081183696,45
331,0,462,261,201,0,0,0,1.0,1,1.0,1,1.0,1,0.1150591081183696,45
332,0,462,261,201,0,0,0,1.0,1,1.0,1,1.0,1,0.09375857366301928,45
333,0,462,261,201,0,0,0,1.0,1,1.0,1,1.0,1,0.09612784401174777,46
334,2,464,262,202,0,0,0,1.0,1,1.0,1,1.0,1,0.047940055876459164,48
335,1,465,263,202,0,0,0,1.0,1,1.0,1,1.0,1,0.07593418384863668,48
336,1,466,264,202,0,0,0,1.0,1,1.0,1,1.0,1,0.1127070174534189,48
337,1,467,264,203,0,0,0,1.0,1,1.0,1,1.0,1,0.10792123511653914,49
338,1,468,264,204,0,0,0,1.0,1,1.0,1,1.0,1,0.08724453983777453,50
339,1,469,265,204,0,0,0,1.0,1,1.0,1,1.0,1,0.12166714869563484,50
340,1,470,265,205,0,0,0,1.0,1,1.0,1,1.0,1,0.10178712652225234,50
341,0,470,265,205,0,0,0,1.0,1,1.0,1,1.0,1,0.11387046847282581,51
342,0,470,265,205,0,0,0,1.0,1,1.0,1,1.0,1,0.11387046847282581,51
343,1,471,266,205,0,0,0,1.0,1,1.0,1,1.0,1,0.0905688694958307,51
344,1,472,266,206,0,0,0,1.0,1,1.0,1,1.0,1,0.061422350604747405,50
345,0,472,266,206,0,0,0,1.0,1,1.0,1,1.0,1,0.07543481318027771,51
346,2,474,267,207,0,0,0,1.0,1,1.0,1,1.0,1,0.08315106144639155,51
347,6,480,272,208,0,0,0,1.0,1,1.0,1,1.0,1,0.08892901213916714,51
348,1,481,273,208,0,0,0,1.0,1,1.0,1,1.0,1,0.06839565415230027,53
349,2,483,274,209,0,0,0,1.0,1,1.0,1,1.0,1,0.07532414187814446,55
350,0,483,274,209,0,0,0,1.0,1,1.0,1,1.0,1,0.09451392720402738,54
351,2,485,276,209,0,0,0,1.0,1,1.0,1,1.0,1,0.08298517265426202,54
352,1,486,277,209,0,0,0,1.0,1,1.0,1,1.0,1,0.11633111475835914,53
353,3,489,279,210,0,0,0,1.0,1,1.0,1,1.0,1,0.09537796202574904,53
354,1,490,280,210,0,0,0,1.0,1,1.0,1,1.0,1,0.11701939502631623,50
355,1,491,281,210,0,0,0,1.0,1,1.0,1,1.0,1,0.1250162124115008,51
356,1,492,282,210,0,0,0,1.0,1,1.0,1,1.0,1,0.12235611273679775,51
357,5,497,285,212,0,0,0,1.0,1,1.0,1,1.0,1,0.12110306382637905,50
358,3,500,287,213,0,0,0,1.0,1,1.0,1,1.0,1,0.12702352667443875,48
359,1,501,288,213,0,0,0,1.0,1,1.0,1,1.0,1,0.14253392926921596,47
360,0,501,288,213,0,0,0,1.0,1,1.0,1,1.0,1,0.13720137060950496,45
361,2,503,288,215,0,0,0,1.0,1,1.0,1,1.0,1,0.10575525908552505,44
362,1,504,288,216,0,0,0,1.0,1,1.0,1,1.0,1,0.12488364792283813,44
363,5,509,291,218,0,0,0,1.0,1,1.0,1,1.0,1,0.08605794446814535,44
364,0,509,291,218,0,0,0,1.0,1,1.0,1,1.0,1,0.10195272411786392,43
365,4,513,294,219,0,0,0,1.0,1,1.0,1,1.0,1,0.10953199336311369,43
366,2,515,295,220,0,0,0,1.0,1,1.0,1,1.0,1,0.05633319798987513,45
367,1,516,296,220,0,0,0,1.0,1,1.0,1,1.0,1,0.12505144270137894,44
368,0,516,296,220,0,0,0,1.0,1,1.0,1,1.0,1,0.10379882196487361,46
369,2,518,297,221,0,0,0,1.0,1,1.0,1,1.0,1,0.11013636185350507,45
370,1,519,297,222,0,0,0,1.0,1,1.0,1,1.0,1,0.096240661812404,46
371,1,520,297,223,0,0,0,1.0,1,1.0,1,1.0,1,0.10177747523184406,47
372,1,521,297,224,0,0,0,1.0,1,1.0,1,1.0,1,0.0851029762060246,48
373,0,521,297,224,0,0,0,1.0,1,1.0,1,1.0,1,0.0851029762060246,48
374,2,523,298,225,0,0,0,1.0,1,1.0,1,1.0,1,0.07667050961400765,49
375,0,523,298,225,0,0,0,1.0,1,1.0,1,1.0,1,0.07667050961400765,49
376,3,526,300,226,0,0,0,1.0,1,1.0,1,1.0,1,0.08974991707333788,49
377,5,531,304,227,0,0,0,1.0,1,1.0,1,1.0,1,0.0951856288677404,49
378,1,532,305,227,0,0,0,1.0,1,1.0,1,1.0,1,0.06922883010284041,49
379,0,532,305,227,0,0,0,1.0,1,1.0,1,1.0,1,0.07959511026494466,50
380,1,533,306,227,0,0,0,1.0,1,1.0,1,1.0,1,0.09765972620556888,50
381,5,538,308,230,0,0,0,1.0,1,1.0,1,1.0,1,0.054762744533381785,51
382,1,539,309,230,0,0,0,1.0,1,1.0,1,1.0,1,0.05980201211276534,50
383,1,540,309,231,0,0,0,1.0,1,1.0,1,1.0,1,0.06376675581041678,51
384,1,541,310,231,0,0,0,1.0,1,1.0,1,1.0,1,0.07189095199876382,50
385,1,542,310,232,0,0,0,1.0,1,1.0,1,1.0,1,0.06952179479252489,50
386,0,542,310,232,0,0,0,1.0,1,1.0,1,1.0,1,0.06984382171878156,48
387,1,543,310,233,0,0,0,1.0,1,1.0,1,1.0,1,0.06798478042683323,47
388,0,543,310,233,0,0,0,1.0,1,1.0,1,1.0,1,0.08406928017753958,48
389,4,547,311,236,0,0,0,1.0,1,1.0,1,1.0,1,0.0353568366198412,47
390,1,548,312,236,0,0,0,1.0,1,1.0,1,1.0,1,0.08449226507674491,49
391,2,550,314,236,0,0,0,1.0,1,1.0,1,1.0,1,0.08071895538048085,46
392,0,550,314,236,0,0,0,1.0,1,1.0,1,1.0,1,0.11053968486035479,46
393,7,557,318,239,0,0,0,1.0,1,1.0,1,1.0,1,0.13335849538163025,44
394,0,557,318,239,0,0,0,1.0,1,1.0,1,1.0,1,0.13980931596596877,43
395,0,557,318,239,0,0,0,1.0,1,1.0,1,1.0,1,0.14463103729146806,42
396,1,558,319,239,0,0,0,1.0,1,1.0,1,1.0,1,0.19193310067105582,39
397,4,562,320,242,0,0,0,1.0,1,1.0,1,1.0,1,0.212411764253032,39
398,0,562,320,242,0,0,0,1.0,1,1.0,1,1.0,1,0.21059417046816448,36
399,1,563,320,243,0,0,0,1.0,1,1.0,1,1.0,1,0.18803400298316614,36
400,1,564,321,243,0,0,0,1.0,1,1.0,1,1.0,1,0.19445660056093303,34
401,1,565,322,243,0,0,0,1.0,1,1.0,1,1.0,1,0.16237361365611241,33
402,0,565,322,243,0,0,0,1.0,1,1.0,1,1.0,1,0.13535423308125458,34
403,0,565,322,243,0,0,0,1.0,1,1.0,1,1.0,1,0.14462905479727794,36
404,0,565,322,243,0,0,0,1.0,1,1.0,1,1.0,1,0.14462905479727794,36
405,0,565,322,243,0,0,0,1.0,1,1.0,1,1.0,1,0.13027583310898888,37
406,0,565,322,243,0,0,0,1.0,1,1.0,1,1.0,1,0.13027583310898888,37
407,4,569,325,244,0,0,0,1.0,1,1.0,1,1.0,1,0.10561283642345193,39
408,3,572,328,244,0,0,0,1.0,1,1.0,1,1.0,1,0.15481877890309592,40
409,3,575,330,245,0,0,0,1.0,1,1.0,1,1.0,1,0.18343445773912415,41
410,3,578,332,246,0,0,0,1.0,1,1.0,1,1.0,1,0.18775753664492859,42
411,1,579,332,247,0,0,0,1.0,1,1.0,1,1.0,1,0.1918302783521917,43
412,2,581,333,248,0,0,0,1.0,1,1.0,1,1.0,1,0.18587212408737358,44
413,2,583,334,249,0,0,0,1.0,1,1.0,1,1.0,1,0.19187690592067844,44
414,1,584,334,250,0,0,0,1.0,1,1.0,1,1.0,1,0.1656220214016584,45
415,0,584,334,250,0,0,0,1.0,1,1.0,1,1.0,1,0.1656220214016584,45
416,1,585,334,251,0,0,0,1.0,1,1.0,1,1.0,1,0.136185514034759,46
417,1,586,335,251,0,0,0,1.0,1,1.0,1,1.0,1,0.15624148509460084,46
418,1,587,335,252,0,0,0,1.0,1,1.0,1,1.0,1,0.13582390421985363,47
419,0,587,335,252,0,0,0,1.0,1,1.0,1,1.0,1,0.13582390421985363,47
420,0,587,335,252,0,0,0,1.0,1,1.0,1,1.0,1,0.13582390421985363,47
421,0,587,335,252,0,0,0,1.0,1,1.0,1,1.0,1,0.13582390421985363,47
422,0,587,335,252,0,0,0,1.0,1,1.0,1,1.0,1,0.12857021146609576,49
423,0,587,335,252,0,0,0,1.0,1,1.0,1,1.0,1,0.14037846996970205,47
424,1,588,335,253,0,0,0,1.0,1,1.0,1,1.0,1,0.14029044231537915,45
425,3,591,337,254,0,0,0,1.0,1,1.0,1,1.0,1,0.11361258133580011,46
426,1,592,338,254,0,0,0,1.0,1,1.0,1,1.0,1,0.1400331266816003,46
427,4,596,340,256,0,0,0,1.0,1,1.0,1,1.0,1,0.11416680053125453,45
428,0,596,340,256,0,0,0,1.0,1,1.0,1,1.0,1,0.13486933665431985,45
429,1,597,341,256,0,0,0,1.0,1,1.0,1,1.0,1,0.10723840167865696,42
430,0,597,341,256,0,0,0,1.0,1,1.0,1,1.0,1,0.12435484824954751,40
431,2,599,343,256,0,0,0,1.0,1,1.0,1,1.0,1,0.1265911001425845,39
432,0,599,343,256,0,0,0,1.0,1,1.0,1,1.0,1,0.14747398526282093,37
433,5,604,346,258,0,0,0,1.0,1,1.0,1,1.0,1,0.09033566839817442,35
434,2,606,347,259,0,0,0,1.0,1,1.0,1,1.0,1,0.11095929597320808,33
435,0,606,347,259,0,0,0,1.0,1,1.0,1,1.0,1,0.11095929597320808,33
436,0,606,347,259,0,0,0,1.0,1,1.0,1,1.0,1,0.11095929597320808,33
437,3,609,349,260,0,0,0,1.0,1,1.0,1,1.0,1,0.05931478508925374,33
438,0,609,349,260,0,0,0,1.0,1,1.0,1,1.0,1,0.08522025723858562,32
439,4,613,353,260,0,0,0,1.0,1,1.0,1,1.0,1,0.07329989696548253,34
440,2,615,354,261,0,0,0,1.0,1,1.0,1,1.0,1,0.06959119297008562,34
441,1,616,355,261,0,0,0,1.0,1,1.0,1,1.0,1,0.11454250603482699,35
442,4,620,358,262,0,0,0,1.0,1,1.0,1,1.0,1,0.14959680462905448,37
443,5,625,361,264,0,0,0,1.0,1,1.0,1,1.0,1,0.16269700320830296,37
444,2,627,362,265,0,0,0,1.0,1,1.0,1,1.0,1,0.12196517035902484,38
445,1,628,362,266,0,0,0,1.0,1,1.0,1,1.0,1,0.07302073095392198,39
446,0,628,362,266,0,0,0,1.0,1,1.0,1,1.0,1,0.07302073095392198,39
447,0,628,362,266,0,0,0,1.0,1,1.0,1,1.0,1,0.06348611679303659,41
448,0,628,362,266,0,0,0,1.0,1,1.0,1,1.0,1,0.06348611679303659,41
449,0,628,362,266,0,0,0,1.0,1,1.0,1,1.0,1,0.08223408522641705,40
450,0,628,362,266,0,0,0,1.0,1,1.0,1,1.0,1,0.04786190755897426,40
451,0,628,362,266,0,0,0,1.0,1,1.0,1,1.0,1,0.08719797740611089,41
452,0,628,362,266,0,0,0,1.0,1,1.0,1,1.0,1,0.08719797740611089,41
453,2,630,364,266,0,0,0,1.0,1,1.0,1,1.0,1,0.1176180918915477,40
454,0,630,364,266,0,0,0,1.0,1,1.0,1,1.0,1,0.10870280236059546,41
455,3,633,367,266,0,0,0,1.0,1,1.0,1,1.0,1,0.10462596060588328,41
456,2,635,367,268,0,0,0,1.0,1,1.0,1,1.0,1,0.08330229765057413,43
457,2,637,368,269,0,0,0,1.0,1,1.0,1,1.0,1,0.0937298178857074,43
458,1,638,369,269,0,0,0,1.0,1,1.0,1,1.0,1,0.08001513747204023,43
459,0,638,369,269,0,0,0,1.0,1,1.0,1,1.0,1,0.060407953881139884,44
460,1,639,369,270,0,0,0,1.0,1,1.0,1,1.0,1,0.05593454274615602,47
461,1,640,370,270,0,0,0,1.0,1,1.0,1,1.0,1,0.06570540906167771,48
462,0,640,370,270,0,0,0,1.0,1,1.0,1,1.0,1,0.05995459494762732,49
463,0,640,370,270,0,0,0,1.0,1,1.0,1,1.0,1,0.0730680830205019,47
464,1,641,371,270,0,0,0,1.0,1,1.0,1,1.0,1,0.029863155140118978,48
465,4,645,374,271,0,0,0,1.0,1,1.0,1,1.0,1,0.041977980432528574,47
466,4,649,377,272,0,0,0,1.0,1,1.0,1,1.0,1,0.07593117063522638,46
467,2,651,379,272,0,0,0,1.0,1,1.0,1,1.0,1,0.07478457353581264,44
468,2,653,381,272,0,0,0,1.0,1,1.0,1,1.0,1,0.12737948401643961,41
469,5,658,385,273,0,0,0,1.0,1,1.0,1,1.0,1,0.09409514539499991,40
470,3,661,387,274,0,0,0,1.0,1,1.0,1,1.0,1,0.07613158746643242,39
471,2,663,389,274,0,0,0,1.0,1,1.0,1,1.0,1,0.06762449630075022,38
472,1,664,390,274,0,0,0,1.0,1,1.0,1,1.0,1,0.0966509605377981,36
473,2,666,392,274,0,0,0,1.0,1,1.0,1,1.0,1,0.06289231254618266,36
474,1,667,393,274,0,0,0,1.0,1,1.0,1,1.0,1,0.10042504840107347,34
475,1,668,394,274,0,0,0,1.0,1,1.0,1,1.0,1,0.12405063421644037,34
476,1,669,395,274,0,0,0,1.0,1,1.0,1,1.0,1,0.16797121794237535,32
477,1,670,395,275,0,0,0,1.0,1,1.0,1,1.0,1,0.15226495580322014,32
478,1,671,396,275,0,0,0,1.0,1,1.0,1,1.0,1,0.16147293002919852,30
479,0,671,396,275,0,0,0,1.0,1,1.0,1,1.0,1,0.1755140908659411,31
480,0,671,396,275,0,0,0,1.0,1,1.0,1,1.0,1,0.17087989923586905,27
481,1,672,397,275,0,0,0,1.0,1,1.0,1,1.0,1,0.1429843977504343,28
482,2,674,399,275,0,0,0,1.0,1,1.0,1,1.0,1,0.16724543765416808,28
483,3,677,401,276,0,0,0,1.0,1,1.0,1,1.0,1,0.09657178597733995,29
484,1,678,402,276,0,0,0,1.0,1,1.0,1,1.0,1,0.1314692293293967,29
485,2,680,402,278,0,0,0,1.0,1,1.0,1,1.0,1,0.05883419590006576,29
486,1,681,403,278,0,0,0,1.0,1,1.0,1,1.0,1,0.07061079404639974,31
487,0,681,403,278,0,0,0,1.0,1,1.0,1,1.0,1,0.10261726865022719,33
488,1,682,403,279,0,0,0,1.0,1,1.0,1,1.0,1,0.07970006477721191,34
489,3,685,405,280,0,0,0,1.0,1,1.0,1,1.0,1,0.13250903131659805,34
490,0,685,405,280,0,0,0,1.0,1,1.0,1,1.0,1,0.13250903131659805,34
491,1,686,406,280,0,0,0,1.0,1,1.0,1,1.0,1,0.09840985469765244,34
492,0,686,406,280,0,0,0,1.0,1,1.0,1,1.0,1,0.09840985469765244,34
493,3,689,409,280,0,0,0,1.0,1,1.0,1,1.0,1,0.09679027254826711,34
494,1,690,410,280,0,0,0,1.0,1,1.0,1,1.0,1,0.12474755827304193,36
495,0,690,410,280,0,0,0,1.0,1,1.0,1,1.0,1,0.12474755827304193,36
496,1,691,411,280,0,0,0,1.0,1,1.0,1,1.0,1,0.1173128552979716,37
497,1,692,411,281,0,0,0,1.0,1,1.0,1,1.0,1,0.07893500219165586,39
498,0,692,411,281,0,0,0,1.0,1,1.0,1,1.0,1,0.09837436228159299,40
499,1,693,412,281,0,0,0,1.0,1,1.0,1,1.0,1,0.11590858997375578,40
500,2,695,413,282,0,0,0,1.0,1,1.0,1,1.0,1,0.10158382634907619,42
501,3,698,415,283,0,0,0,1.0,1,1.0,1,1.0,1,0.07073385845289527,42
502,0,698,415,283,0,0,0,1.0,1,1.0,1,1.0,1,0.05734267126144313,42
503,3,701,418,283,0,0,0,1.0,1,1.0,1,1.0,1,0.10513521836136946,41
504,1,702,418,284,0,0,0,1.0,1,1.0,1,1.0,1,0.0898110851378546,42
505,3,705,420,285,0,0,0,1.0,1,1.0,1,1.0,1,0.13006229639421305,38
506,1,706,421,285,0,0,0,1.0,1,1.0,1,1.0,1,0.13530924789949625,37
507,2,708,422,286,0,0,0,1.0,1,1.0,1,1.0,1,0.12976401324829392,35
508,2,710,424,286,0,0,0,1.0,1,1.0,1,1.0,1,0.18139512141189576,35
509,6,716,426,290,0,0,0,1.0,1,1.0,1,1.0,1,0.12264742076717763,34
510,0,716,426,290,0,0,0,1.0,1,1.0,1,1.0,1,0.13738502082924042,34
511,0,716,426,290,0,0,0,1.0,1,1.0,1,1.0,1,0.12455887334407056,32
512,0,716,426,290,0,0,0,1.0,1,1.0,1,1.0,1,0.15234903831543048,30
513,0,716,426,290,0,0,0,1.0,1,1.0,1,1.0,1,0.14140900507346574,31
514,0,716,426,290,0,0,0,1.0,1,1.0,1,1.0,1,0.14140900507346574,31
515,1,717,426,291,0,0,0,1.0,1,1.0,1,1.0,1,0.10820933783512725,32
516,2,719,426,293,0,0,0,1.0,1,1.0,1,1.0,1,0.0397448607379285,31
517,0,719,426,293,0,0,0,1.0,1,1.0,1,1.0,1,0.016164328709114693,32
518,0,719,426,293,0,0,0,1.0,1,1.0,1,1.0,1,0.03423053151358446,31
519,2,721,428,293,0,0,0,1.0,1,1.0,1,1.0,1,0.09583531369102699,31
520,2,723,430,293,0,0,0,1.0,1,1.0,1,1.0,1,0.0680764627579957,33
521,1,724,431,293,0,0,0,1.0,1,1.0,1,1.0,1,0.07750585051804972,34
522,1,725,432,293,0,0,0,1.0,1,1.0,1,1.0,1,0.05244912454900468,34
523,0,725,432,293,0,0,0,1.0,1,1.0,1,1.0,1,0.053636843731326364,33
524,2,727,433,294,0,0,0,1.0,1,1.0,1,1.0,1,0.026727866600272793,34
525,0,727,433,294,0,0,0,1.0,1,1.0,1,1.0,1,0.024078611385584554,32
526,1,728,434,294,0,0,0,1.0,1,1.0,1,1.0,1,0.04776282590150351,32
527,0,728,434,294,0,0,0,1.0,1,1.0,1,1.0,1,0.04973412368201459,31
528,0,728,434,294,0,0,0,1.0,1,1.0,1,1.0,1,0.04973412368201459,31
529,0,728,434,294,0,0,0,1.0,1,1.0,1,1.0,1,0.07351790971287805,30
530,1,729,435,294,0,0,0,1.0,1,1.0,1,1.0,1,0.12297751951214606,30
531,1,730,436,294,0,0,0,1.0,1,1.0,1,1.0,1,0.13309202656429098,32
532,2,732,438,294,0,0,0,1.0,1,1.0,1,1.0,1,0.18827878262959752,32
533,5,737,441,296,0,0,0,1.0,1,1.0,1,1.0,1,0.16821526733236397,34
534,1,738,442,296,0,0,0,1.0,1,1.0,1,1.0,1,0.19176453664481485,34
535,2,740,443,297,0,0,0,1.0,1,1.0,1,1.0,1,0.2157805305121117,37
536,1,741,443,298,0,0,0,1.0,1,1.0,1,1.0,1,0.2030443668267564,37
537,1,742,444,298,0,0,0,1.0,1,1.0,1,1.0,1,0.2381144587470515,37
538,0,742,444,298,0,0,0,1.0,1,1.0,1,1.0,1,0.22345428878230622,38
539,0,742,444,298,0,0,0,1.0,1,1.0,1,1.0,1,0.22345428878230622,38
540,2,744,445,299,0,0,0,1.0,1,1.0,1,1.0,1,0.19248470777378346,38
541,0,744,445,299,0,0,0,1.0,1,1.0,1,1.0,1,0.17625285146261055,39
542,4,748,448,300,0,0,0,1.0,1,1.0,1,1.0,1,0.19464441717801426,40
543,1,749,449,300,0,0,0,1.0,1,1.0,1,1.0,1,0.22112172378023864,37
544,0,749,449,300,0,0,0,1.0,1,1.0,1,1.0,1,0.2223359485539295,35
545,2,751,451,300,0,0,0,1.0,1,1.0,1,1.0,1,0.18362354909564862,35
546,1,752,452,300,0,0,0,1.0,1,1.0,1,1.0,1,0.17815119010292116,35
547,2,754,454,300,0,0,0,1.0,1,1.0,1,1.0,1,0.1967460847843238,34
548,1,755,455,300,0,0,0,1.0,1,1.0,1,1.0,1,0.23347049720763488,34
549,1,756,456,300,0,0,0,1.0,1,1.0,1,1.0,1,0.26759195463034485,31
550,0,756,456,300,0,0,0,1.0,1,1.0,1,1.0,1,0.25382558933785204,30
551,2,758,458,300,0,0,0,1.0,1,1.0,1,1.0,1,0.22801935165494414,31
552,0,758,458,300,0,0,0,1.0,1,1.0,1,1.0,1,0.191299982456349,29
553,1,759,458,301,0,0,0,1.0,1,1.0,1,1.0,1,0.14785234173123843,30
554,0,759,458,301,0,0,0,1.0,1,1.0,1,1.0,1,0.13338222223234134,30
555,2,761,458,303,0,0,0,1.0,1,1.0,1,1.0,1,0.06464924118061795,30
556,0,761,458,303,0,0,0,1.0,1,1.0,1,1.0,1,0.048988800085576385,31
557,1,762,459,303,0,0,0,1.0,1,1.0,1,1.0,1,0.10120704450489443,31
558,2,764,460,304,0,0,0,1.0,1,1.0,1,1.0,1,0.09421157761097314,31
559,1,765,461,304,0,0,0,1.0,1,1.0,1,1.0,1,0.06882022965799532,31
560,1,766,462,304,0,0,0,1.0,1,1.0,1,1.0,1,0.10475818733737144,32
561,3,769,464,305,0,0,0,1.0,1,1.0,1,1.0,1,0.1544132224585911,33
562,2,771,465,306,0,0,0,1.0,1,1.0,1,1.0,1,0.18299197681582413,33
563,3,774,467,307,0,0,0,1.0,1,1.0,1,1.0,1,0.24905229803934906,33
564,1,775,467,308,0,0,0,1.0,1,1.0,1,1.0,1,0.23736154060517525,34
565,2,777,468,309,0,0,0,1.0,1,1.0,1,1.0,1,0.1897596092168012,35
566,2,779,470,309,0,0,0,1.0,1,1.0,1,1.0,1,0.15009230580271316,36
567,1,780,470,310,0,0,0,1.0,1,1.0,1,1.0,1,0.10500962717454186,37
568,4,784,473,311,0,0,0,1.0,1,1.0,1,1.0,1,0.07711946066803332,36
569,2,786,475,311,0,0,0,1.0,1,1.0,1,1.0,1,0.04466916173541908,37
570,0,786,475,311,0,0,0,1.0,1,1.0,1,1.0,1,0.03463975172561123,38
571,2,788,477,311,0,0,0,1.0,1,1.0,1,1.0,1,0.08053064032873923,38
572,0,788,477,311,0,0,0,1.0,1,1.0,1,1.0,1,0.06481330559691481,39
573,0,788,477,311,0,0,0,1.0,1,1.0,1,1.0,1,0.06481330559691481,39
574,0,788,477,311,0,0,0,1.0,1,1.0,1,1.0,1,0.04056822778387634,41
575,0,788,477,311,0,0,0,1.0,1,1.0,1,1.0,1,0.04056822778387634,41
576,0,788,477,311,0,0,0,1.0,1,1.0,1,1.0,1,0.030541340748621252,42
577,0,788,477,311,0,0,0,1.0,1,1.0,1,1.0,1,0.030541340748621252,42
578,1,789,478,311,0,0,0,1.0,1,1.0,1,1.0,1,0.029383173212835897,41
579,0,789,478,311,0,0,0,1.0,1,1.0,1,1.0,1,0.021358018801503422,42
580,2,791,480,311,0,0,0,1.0,1,1.0,1,1.0,1,0.0701450399378241,43
581,2,793,482,311,0,0,0,1.0,1,1.0,1,1.0,1,0.08390008524846836,42
582,0,793,482,311,0,0,0,1.0,1,1.0,1,1.0,1,0.07849906898749624,41
583,4,797,486,311,0,0,0,1.0,1,1.0,1,1.0,1,0.08016956048959922,40
584,0,797,486,311,0,0,0,1.0,1,1.0,1,1.0,1,0.08204357229158948,38
585,5,802,490,312,0,0,0,1.0,1,1.0,1,1.0,1,0.15676552602722899,38
586,3,805,493,312,0,0,0,1.0,1,1.0,1,1.0,1,0.15319621492928037,37
587,2,807,495,312,0,0,0,1.0,1,1.0,1,1.0,1,0.17284836431223044,35
588,3,810,497,313,0,0,0,1.0,1,1.0,1,1.0,1,0.14669681898443948,35
589,4,814,497,317,0,0,0,1.0,1,1.0,1,1.0,1,0.05748611339687874,34
590,0,814,497,317,0,0,0,1.0,1,1.0,1,1.0,1,0.04802593624080981,36
591,1,815,498,317,0,0,0,1.0,1,1.0,1,1.0,1,0.03698914389227977,35
592,0,815,498,317,0,0,0,1.0,1,1.0,1,1.0,1,0.03945467616186205,37
593,0,815,498,317,0,0,0,1.0,1,1.0,1,1.0,1,0.01600377131875706,36
594,1,816,499,317,0,0,0,1.0,1,1.0,1,1.0,1,0.05098969530302824,35
595,2,818,501,317,0,0,0,1.0,1,1.0,1,1.0,1,0.13319677698644652,34
596,3,821,503,318,0,0,0,1.0,1,1.0,1,1.0,1,0.11900189027997084,34
597,3,824,505,319,0,0,0,1.0,1,1.0,1,1.0,1,0.13763279611018178,33
598,1,825,505,320,0,0,0,1.0,1,1.0,1,1.0,1,0.1710694822311589,33
599,2,827,507,320,0,0,0,1.0,1,1.0,1,1.0,1,0.19765495858980875,33
600,1,828,508,320,0,0,0,1.0,1,1.0,1,1.0,1,0.20885679243403218,33
601,1,829,508,321,0,0,0,1.0,1,1.0,1,1.0,1,0.1645121915507096,34
602,1,830,508,322,0,0,0,1.0,1,1.0,1,1.0,1,0.1754972452827586,35
603,3,833,508,325,0,0,0,1.0,1,1.0,1,1.0,1,0.13182858071828943,35
604,0,833,508,325,0,0,0,1.0,1,1.0,1,1.0,1,0.10723497327245474,35
605,2,835,508,327,0,0,0,1.0,1,1.0,1,1.0,1,0.08295408490975324,35
606,0,835,508,327,0,0,0,1.0,1,1.0,1,1.0,1,0.0611350494171784,35
607,0,835,508,327,0,0,0,1.0,1,1.0,1,1.0,1,0.0611350494171784,35
608,1,836,508,328,0,0,0,1.0,1,1.0,1,1.0,1,0.05418362889291473,36
609,0,836,508,328,0,0,0,1.0,1,1.0,1,1.0,1,0.06919123239038853,37
610,0,836,508,328,0,0,0,1.0,1,1.0,1,1.0,1,0.06919123239038853,37
611,2,838,510,328,0,0,0,1.0,1,1.0,1,1.0,1,0.05235646019839288,39
612,1,839,511,328,0,0,0,1.0,1,1.0,1,1.0,1,0.07962417257258031,39
613,2,841,512,329,0,0,0,1.0,1,1.0,1,1.0,1,0.10050991715797136,39
614,1,842,513,329,0,0,0,1.0,1,1.0,1,1.0,1,0.14348285978449626,39
615,0,842,513,329,0,0,0,1.0,1,1.0,1,1.0,1,0.14348285978449626,39
616,1,843,514,329,0,0,0,1.0,1,1.0,1,1.0,1,0.2043747758864074,38
617,3,846,516,330,0,0,0,1.0,1,1.0,1,1.0,1,0.1729345599995592,39
618,2,848,517,331,0,0,0,1.0,1,1.0,1,1.0,1,0.19689136760684178,40
619,3,851,519,332,0,0,0,1.0,1,1.0,1,1.0,1,0.13310655849711084,39
620,0,851,519,332,0,0,0,1.0,1,1.0,1,1.0,1,0.12603318476162806,38
621,3,854,521,333,0,0,0,1.0,1,1.0,1,1.0,1,0.10021079224050063,38
622,3,857,524,333,0,0,0,1.0,1,1.0,1,1.0,1,0.024505147871771802,38
623,1,858,525,333,0,0,0,1.0,1,1.0,1,1.0,1,0.04162790074942433,37
624,3,861,528,333,0,0,0,1.0,1,1.0,1,1.0,1,0.07463697873800873,33
625,2,863,530,333,0,0,0,1.0,1,1.0,1,1.0,1,0.058717569118181726,32
626,2,865,532,333,0,0,0,1.0,1,1.0,1,1.0,1,0.08388349353802446,31
627,2,867,534,333,0,0,0,1.0,1,1.0,1,1.0,1,0.15615979140854133,30
628,3,870,537,333,0,0,0,1.0,1,1.0,1,1.0,1,0.16281396897490302,32
629,2,872,537,335,0,0,0,1.0,1,1.0,1,1.0,1,0.10086657188342807,29
630,1,873,538,335,0,0,0,1.0,1,1.0,1,1.0,1,0.14010006030418695,29
631,2,875,540,335,0,0,0,1.0,1,1.0,1,1.0,1,0.20980734596950232,25
632,0,875,540,335,0,0,0,1.0,1,1.0,1,1.0,1,0.22818644853035602,24
633,2,877,541,336,0,0,0,1.0,1,1.0,1,1.0,1,0.2626271590699441,23
634,0,877,541,336,0,0,0,1.0,1,1.0,1,1.0,1,0.2626271590699441,23
635,0,877,541,336,0,0,0,1.0,1,1.0,1,1.0,1,0.29901441326458844,22
636,0,877,541,336,0,0,0,1.0,1,1.0,1,1.0,1,0.34798576494519956,22
637,3,880,541,339,0,0,0,1.0,1,1.0,1,1.0,1,0.21346923324372785,23
638,2,882,543,339,0,0,0,1.0,1,1.0,1,1.0,1,0.2658963336171614,23
639,0,882,543,339,0,0,0,1.0,1,1.0,1,1.0,1,0.26532878090389367,24
640,2,884,545,339,0,0,0,1.0,1,1.0,1,1.0,1,0.2686301109981075,24
641,2,886,545,341,0,0,0,1.0,1,1.0,1,1.0,1,0.23629373054213884,25
642,0,886,545,341,0,0,0,1.0,1,1.0,1,1.0,1,0.19434670838397342,26
643,2,888,546,342,0,0,0,1.0,1,1.0,1,1.0,1,0.09441200419874345,28
644,2,890,547,343,0,0,0,1.0,1,1.0,1,1.0,1,0.04411150980332491,28
645,1,891,548,343,0,0,0,1.0,1,1.0,1,1.0,1,0.07223605236631556,28
646,0,891,548,343,0,0,0,1.0,1,1.0,1,1.0,1,0.05946377354892441,29
647,1,892,549,343,0,0,0,1.0,1,1.0,1,1.0,1,0.05750293707383935,30
648,1,893,550,343,0,0,0,1.0,1,1.0,1,1.0,1,0.06988256180244888,30
649,2,895,551,344,0,0,0,1.0,1,1.0,1,1.0,1,0.08860401217157324,31
650,0,895,551,344,0,0,0,1.0,1,1.0,1,1.0,1,0.08860401217157324,31
651,0,895,551,344,0,0,0,1.0,1,1.0,1,1.0,1,0.10445400396340027,32
652,1,896,552,344,0,0,0,1.0,1,1.0,1,1.0,1,0.09161349602997117,32
653,1,897,552,345,0,0,0,1.0,1,1.0,1,1.0,1,0.0817778632785282,33
654,2,899,554,345,0,0,0,1.0,1,1.0,1,1.0,1,0.06740821969344168,33
655,1,900,555,345,0,0,0,1.0,1,1.0,1,1.0,1,0.07787939127521767,36
656,1,901,556,345,0,0,0,1.0,1,1.0,1,1.0,1,0.10527085161340495,36
657,1,902,557,345,0,0,0,1.0,1,1.0,1,1.0,1,0.10943848776534401,35
658,1,903,558,345,0,0,0,1.0,1,1.0,1,1.0,1,0.15181384737586587,33
659,2,905,560,345,0,0,0,1.0,1,1.0,1,1.0,1,0.20475143191558653,35
660,1,906,561,345,0,0,0,1.0,1,1.0,1,1.0,1,0.15698547291228315,34
661,3,909,562,347,0,0,0,1.0,1,1.0,1,1.0,1,0.12833124283038572,33
662,0,909,562,347,0,0,0,1.0,1,1.0,1,1.0,1,0.0906575073827096,31
663,3,912,564,348,0,0,0,1.0,1,1.0,1,1.0,1,0.12531553298529985,29
664,0,912,564,348,0,0,0,1.0,1,1.0,1,1.0,1,0.11392188840146467,27
665,1,913,565,348,0,0,0,1.0,1,1.0,1,1.0,1,0.13908831571334782,27
666,2,915,565,350,0,0,0,1.0,1,1.0,1,1.0,1,0.0866617144825373,28
667,0,915,565,350,0,0,0,1.0,1,1.0,1,1.0,1,0.07545821996000839,26
668,1,916,566,350,0,0,0,1.0,1,1.0,1,1.0,1,0.15926651808436446,26
669,3,919,569,350,0,0,0,1.0,1,1.0,1,1.0,1,0.09046120522668415,25
670,0,919,569,350,0,0,0,1.0,1,1.0,1,1.0,1,0.11751794171965141,24
671,0,919,569,350,0,0,0,1.0,1,1.0,1,1.0,1,0.11751794171965141,24
672,2,921,570,351,0,0,0,1.0,1,1.0,1,1.0,1,0.1582478714545967,25
673,3,924,572,352,0,0,0,1.0,1,1.0,1,1.0,1,0.15128626832820977,25
674,1,925,572,353,0,0,0,1.0,1,1.0,1,1.0,1,0.0898250319863964,25
675,2,927,573,354,0,0,0,1.0,1,1.0,1,1.0,1,0.09314330000388385,26
676,3,930,576,354,0,0,0,1.0,1,1.0,1,1.0,1,0.07026447036559694,27
677,1,931,577,354,0,0,0,1.0,1,1.0,1,1.0,1,0.12796731524897176,28
678,0,931,577,354,0,0,0,1.0,1,1.0,1,1.0,1,0.12796731524897176,28
679,3,934,579,355,0,0,0,1.0,1,1.0,1,1.0,1,0.09764262593718749,30
680,0,934,579,355,0,0,0,1.0,1,1.0,1,1.0,1,0.13405348101376152,29
681,1,935,579,356,0,0,0,1.0,1,1.0,1,1.0,1,0.09942682544004185,29
682,0,935,579,356,0,0,0,1.0,1,1.0,1,1.0,1,0.09166481126131652,30
683,0,935,579,356,0,0,0,1.0,1,1.0,1,1.0,1,0.09166481126131652,30
684,0,935,579,356,0,0,0,1.0,1,1.0,1,1.0,1,0.09803887078791639,31
685,0,935,579,356,0,0,0,1.0,1,1.0,1,1.0,1,0.08237208503645647,30
686,2,937,581,356,0,0,0,1.0,1,1.0,1,1.0,1,0.04468032747861836,30
687,1,938,582,356,0,0,0,1.0,1,1.0,1,1.0,1,0.02663999624003899,30
688,0,938,582,356,0,0,0,1.0,1,1.0,1,1.0,1,0.04792990060942354,31
689,1,939,583,356,0,0,0,1.0,1,1.0,1,1.0,1,0.07428181110698667,32
690,0,939,583,356,0,0,0,1.0,1,1.0,1,1.0,1,0.07428181110698667,32
691,1,940,584,356,0,0,0,1.0,1,1.0,1,1.0,1,0.1265920711044496,32
692,3,943,587,356,0,0,0,1.0,1,1.0,1,1.0,1,0.1581525633711796,32
693,1,944,588,356,0,0,0,1.0,1,1.0,1,1.0,1,0.145345257238511,34
694,2,946,590,356,0,0,0,1.0,1,1.0,1,1.0,1,0.2033912028921642,36
695,1,947,591,356,0,0,0,1.0,1,1.0,1,1.0,1,0.20580112188230304,34
696,1,948,591,357,0,0,0,1.0,1,1.0,1,1.0,1,0.17282461365962282,33
697,1,949,591,358,0,0,0,1.0,1,1.0,1,1.0,1,0.13744656695314217,33
698,2,951,593,358,0,0,0,1.0,1,1.0,1,1.0,1,0.19013721703722633,34
699,0,951,593,358,0,0,0,1.0,1,1.0,1,1.0,1,0.17299420565614174,33
700,0,951,593,358,0,0,0,1.0,1,1.0,1,1.0,1,0.15062388976311486,32
701,0,951,593,358,0,0,0,1.0,1,1.0,1,1.0,1,0.1393932827892999,33
702,3,954,595,359,0,0,0,1.0,1,1.0,1,1.0,1,0.14067163381756223,34
703,2,956,597,359,0,0,0,1.0,1,1.0,1,1.0,1,0.1475176471613171,32
704,0,956,597,359,0,0,0,1.0,1,1.0,1,1.0,1,0.13286816742941512,31
705,6,962,599,363,0,0,0,1.0,1,1.0,1,1.0,1,0.033104252231960854,33
706,2,964,600,364,0,0,0,1.0,1,1.0,1,1.0,1,0.09743661978353291,33
707,1,965,601,364,0,0,0,1.0,1,1.0,1,1.0,1,0.1351503031576494,31
708,1,966,602,364,0,0,0,1.0,1,1.0,1,1.0,1,0.16966314234002827,31
709,1,967,603,364,0,0,0,1.0,1,1.0,1,1.0,1,0.17882756678121106,30
710,0,967,603,364,0,0,0,1.0,1,1.0,1,1.0,1,0.17882756678121106,30
711,0,967,603,364,0,0,0,1.0,1,1.0,1,1.0,1,0.16247487519804815,30
712,0,967,603,364,0,0,0,1.0,1,1.0,1,1.0,1,0.1580639691657563,30
713,0,967,603,364,0,0,0,1.0,1,1.0,1,1.0,1,0.17829477942793326,31
714,1,968,604,364,0,0,0,1.0,1,1.0,1,1.0,1,0.14672409981141352,31
715,1,969,604,365,0,0,0,1.0,1,1.0,1,1.0,1,0.12428500047297829,30
716,0,969,604,365,0,0,0,1.0,1,1.0,1,1.0,1,0.08689754392955189,31
717,0,969,604,365,0,0,0,1.0,1,1.0,1,1.0,1,0.10216273913197105,32
718,2,971,606,365,0,0,0,1.0,1,1.0,1,1.0,1,0.17829959711375365,32
719,3,974,608,366,0,0,0,1.0,1,1.0,1,1.0,1,0.14195693256069225,32
720,0,974,608,366,0,0,0,1.0,1,1.0,1,1.0,1,0.12092282616170473,34
721,1,975,609,366,0,0,0,1.0,1,1.0,1,1.0,1,0.15649366661655964,34
722,1,976,609,367,0,0,0,1.0,1,1.0,1,1.0,1,0.13903463899736904,34
723,1,977,609,368,0,0,0,1.0,1,1.0,1,1.0,1,0.13994011111297483,35
724,1,978,609,369,0,0,0,1.0,1,1.0,1,1.0,1,0.12944251542508917,36
725,1,979,609,370,0,0,0,1.0,1,1.0,1,1.0,1,0.1274846200950815,37
726,0,979,609,370,0,0,0,1.0,1,1.0,1,1.0,1,0.1274846200950815,37
727,0,979,609,370,0,0,0,1.0,1,1.0,1,1.0,1,0.14350015133218788,38
728,1,980,609,371,0,0,0,1.0,1,1.0,1,1.0,1,0.13314144019663465,39
729,1,981,609,372,0,0,0,1.0,1,1.0,1,1.0,1,0.12334192299145733,39
730,0,981,609,372,0,0,0,1.0,1,1.0,1,1.0,1,0.11605182490886592,40
731,1,982,610,372,0,0,0,1.0,1,1.0,1,1.0,1,0.14194487461584604,40
732,1,983,610,373,0,0,0,1.0,1,1.0,1,1.0,1,0.1518438995181898,41
733,3,986,612,374,0,0,0,1.0,1,1.0,1,1.0,1,0.1627332474640849,41
734,0,986,612,374,0,0,0,1.0,1,1.0,1,1.0,1,0.154155381168874,42
735,1,987,613,374,0,0,0,1.0,1,1.0,1,1.0,1,0.13964073404416913,42
736,0,987,613,374,0,0,0,1.0,1,1.0,1,1.0,1,0.13087815245377515,41
737,2,989,614,375,0,0,0,1.0,1,1.0,1,1.0,1,0.16623836713460766,41
738,0,989,614,375,0,0,0,1.0,1,1.0,1,1.0,1,0.14821033627434907,39
739,1,990,615,375,0,0,0,1.0,1,1.0,1,1.0,1,0.1181011338092638,39
740,0,990,615,375,0,0,0,1.0,1,1.0,1,1.0,1,0.1256223676761415,39
741,1,991,615,376,0,0,0,1.0,1,1.0,1,1.0,1,0.10296245130113134,38
742,0,991,615,376,0,0,0,1.0,1,1.0,1,1.0,1,0.10779969227779959,39
743,1,992,616,376,0,0,0,1.0,1,1.0,1,1.0,1,0.10105270822819618,39
744,3,995,619,376,0,0,0,1.0,1,1.0,1,1.0,1,0.08752745290501607,39
745,3,998,622,376,0,0,0,1.0,1,1.0,1,1.0,1,0.11848466049885513,39
746,3,1001,625,376,0,0,0,1.0,1,1.0,1,1.0,1,0.1298987885174998,40
747,1,1002,626,376,0,0,0,1.0,1,1.0,1,1.0,1,0.13159024966512925,41
748,1,1003,627,376,0,0,0,1.0,1,1.0,1,1.0,1,0.11496751548686528,41
749,0,1003,627,376,0,0,0,1.0,1,1.0,1,1.0,1,0.11496751548686528,41
750,3,1006,630,376,0,0,0,1.0,1,1.0,1,1.0,1,0.14378828608804822,39
751,2,1008,632,376,0,0,0,1.0,1,1.0,1,1.0,1,0.11346418595234109,41
752,4,1012,636,376,0,0,0,1.0,1,1.0,1,1.0,1,0.16674919843015806,41
753,4,1016,636,380,0,0,0,1.0,1,1.0,1,1.0,1,0.15100754505628391,41
754,2,1018,638,380,0,0,0,1.0,1,1.0,1,1.0,1,0.19037664887106776,41
755,2,1020,638,382,0,0,0,1.0,1,1.0,1,1.0,1,0.1986306125161037,41
756,0,1020,638,382,0,0,0,1.0,1,1.0,1,1.0,1,0.1986306125161037,41
757,4,1024,639,385,0,0,0,1.0,1,1.0,1,1.0,1,0.2117543397635637,39
758,0,1024,639,385,0,0,0,1.0,1,1.0,1,1.0,1,0.19817778233245037,39
759,0,1024,639,385,0,0,0,1.0,1,1.0,1,1.0,1,0.19830393853515477,39
760,0,1024,639,385,0,0,0,1.0,1,1.0,1,1.0,1,0.21612949640715726,40
761,2,1026,639,387,0,0,0,1.0,1,1.0,1,1.0,1,0.16764164686277813,41
762,0,1026,639,387,0,0,0,1.0,1,1.0,1,1.0,1,0.16706585902502,42
763,0,1026,639,387,0,0,0,1.0,1,1.0,1,1.0,1,0.18177748653503598,43
764,3,1029,639,390,0,0,0,1.0,1,1.0,1,1.0,1,0.14979946506986835,43
765,1,1030,639,391,0,0,0,1.0,1,1.0,1,1.0,1,0.10176018043664153,45
766,1,1031,640,391,0,0,0,1.0,1,1.0,1,1.0,1,0.11090837315910176,45
767,1,1032,640,392,0,0,0,1.0,1,1.0,1,1.0,1,0.10021225599743487,46
768,0,1032,640,392,0,0,0,1.0,1,1.0,1,1.0,1,0.09157537397984261,45
769,1,1033,641,392,0,0,0,1.0,1,1.0,1,1.0,1,0.1313702659613825,46
770,0,1033,641,392,0,0,0,1.0,1,1.0,1,1.0,1,0.11766287149743823,47
771,3,1036,644,392,0,0,0,1.0,1,1.0,1,1.0,1,0.13281536689276405,47
772,0,1036,644,392,0,0,0,1.0,1,1.0,1,1.0,1,0.12230458659521447,46
773,2,1038,646,392,0,0,0,1.0,1,1.0,1,1.0,1,0.09723004051869406,45
774,0,1038,646,392,0,0,0,1.0,1,1.0,1,1.0,1,0.07438188361728347,45
775,2,1040,648,392,0,0,0,1.0,1,1.0,1,1.0,1,0.10887657731468973,45
776,0,1040,648,392,0,0,0,1.0,1,1.0,1,1.0,1,0.10367173528478883,43
777,1,1041,648,393,0,0,0,1.0,1,1.0,1,1.0,1,0.10251008427061717,44
778,2,1043,650,393,0,0,0,1.0,1,1.0,1,1.0,1,0.14225585245802147,45
779,0,1043,650,393,0,0,0,1.0,1,1.0,1,1.0,1,0.14225585245802147,45
780,2,1045,652,393,0,0,0,1.0,1,1.0,1,1.0,1,0.20542785878562708,45
781,0,1045,652,393,0,0,0,1.0,1,1.0,1,1.0,1,0.19144925856707448,46
782,1,1046,652,394,0,0,0,1.0,1,1.0,1,1.0,1,0.215747701379252,47
783,1,1047,652,395,0,0,0,1.0,1,1.0,1,1.0,1,0.19496374910336414,46
784,0,1047,652,395,0,0,0,1.0,1,1.0,1,1.0,1,0.20243073424814623,45
785,1,1048,652,396,0,0,0,1.0,1,1.0,1,1.0,1,0.1858176148776567,43
786,1,1049,652,397,0,0,0,1.0,1,1.0,1,1.0,1,0.1556520248279646,43
787,2,1051,653,398,0,0,0,1.0,1,1.0,1,1.0,1,0.12954056032029312,43
788,0,1051,653,398,0,0,0,1.0,1,1.0,1,1.0,1,0.14466185160494288,44
789,2,1053,654,399,0,0,0,1.0,1,1.0,1,1.0,1,0.10055795756564442,46
790,3,1056,656,400,0,0,0,1.0,1,1.0,1,1.0,1,0.14697972620369343,46
791,0,1056,656,400,0,0,0,1.0,1,1.0,1,1.0,1,0.1821949450452569,46
792,2,1058,657,401,0,0,0,1.0,1,1.0,1,1.0,1,0.1902832799599395,47
793,3,1061,657,404,0,0,0,1.0,1,1.0,1,1.0,1,0.17064074414238042,48
794,2,1063,657,406,0,0,0,1.0,1,1.0,1,1.0,1,0.1708328914673336,48
795,0,1063,657,406,0,0,0,1.0,1,1.0,1,1.0,1,0.17741746672175218,47
796,0,1063,657,406,0,0,0,1.0,1,1.0,1,1.0,1,0.2140008976833421,45
797,5,1068,657,411,0,0,0,1.0,1,1.0,1,1.0,1,0.16721690435601977,47
798,1,1069,657,412,0,0,0,1.0,1,1.0,1,1.0,1,0.1726075957190185,48
799,0,1069,657,412,0,0,0,1.0,1,1.0,1,1.0,1,0.1726075957190185,48
800,2,1071,659,412,0,0,0,1.0,1,1.0,1,1.0,1,0.1861247182189724,48
801,3,1074,660,414,0,0,0,1.0,1,1.0,1,1.0,1,0.14379333534361177,49
802,3,1077,662,415,0,0,0,1.0,1,1.0,1,1.0,1,0.18838643115509474,50
803,3,1080,662,418,0,0,0,1.0,1,1.0,1,1.0,1,0.15942711693373227,50
804,0,1080,662,418,0,0,0,1.0,1,1.0,1,1.0,1,0.15942711693373227,50
805,3,1083,663,420,0,0,0,1.0,1,1.0,1,1.0,1,0.15761687894371637,50
806,0,1083,663,420,0,0,0,1.0,1,1.0,1,1.0,1,0.1483623632173287,51
807,0,1083,663,420,0,0,0,1.0,1,1.0,1,1.0,1,0.1483623632173287,51
808,1,1084,663,421,0,0,0,1.0,1,1.0,1,1.0,1,0.1497354516209879,53
809,1,1085,663,422,0,0,0,1.0,1,1.0,1,1.0,1,0.09580288415340134,51
810,2,1087,663,424,0,0,0,1.0,1,1.0,1,1.0,1,0.08592984560258557,52
811,2,1089,665,424,0,0,0,1.0,1,1.0,1,1.0,1,0.1338360594563855,50
812,1,1090,665,425,0,0,0,1.0,1,1.0,1,1.0,1,0.11677084776762336,51
813,4,1094,667,427,0,0,0,1.0,1,1.0,1,1.0,1,0.1521918587204891,51
814,0,1094,667,427,0,0,0,1.0,1,1.0,1,1.0,1,0.15459238111002546,52
815,1,1095,668,427,0,0,0,1.0,1,1.0,1,1.0,1,0.15209057053544603,50
816,1,1096,668,428,0,0,0,1.0,1,1.0,1,1.0,1,0.13377862534724733,50
817,1,1097,669,428,0,0,0,1.0,1,1.0,1,1.0,1,0.15565841808238035,49
818,1,1098,669,429,0,0,0,1.0,1,1.0,1,1.0,1,0.14454818430298036,49
819,0,1098,669,429,0,0,0,1.0,1,1.0,1,1.0,1,0.14075867862880123,50
820,1,1099,670,429,0,0,0,1.0,1,1.0,1,1.0,1,0.14791155891659713,49
821,2,1101,671,430,0,0,0,1.0,1,1.0,1,1.0,1,0.16871765418092932,49
822,1,1102,671,431,0,0,0,1.0,1,1.0,1,1.0,1,0.15867099661877915,49
823,1,1103,671,432,0,0,0,1.0,1,1.0,1,1.0,1,0.16808082409740635,47
824,1,1104,672,432,0,0,0,1.0,1,1.0,1,1.0,1,0.15923399124128326,45
825,2,1106,672,434,0,0,0,1.0,1,1.0,1,1.0,1,0.14860803160682565,43
826,1,1107,672,435,0,0,0,1.0,1,1.0,1,1.0,1,0.1299730968579056,44
827,0,1107,672,435,0,0,0,1.0,1,1.0,1,1.0,1,0.15552470893515183,43
828,2,1109,673,436,0,0,0,1.0,1,1.0,1,1.0,1,0.15539508804165444,43
829,4,1113,674,439,0,0,0,1.0,1,1.0,1,1.0,1,0.1451038463390937,45
830,1,1114,674,440,0,0,0,1.0,1,1.0,1,1.0,1,0.13176616602280763,46
831,1,1115,674,441,0,0,0,1.0,1,1.0,1,1.0,1,0.11502758859120862,48
832,0,1115,674,441,0,0,0,1.0,1,1.0,1,1.0,1,0.12440882395075825,47
833,3,1118,674,444,0,0,0,1.0,1,1.0,1,1.0,1,0.10693080087885956,47
834,0,1118,674,444,0,0,0,1.0,1,1.0,1,1.0,1,0.1279134299330463,46
835,0,1118,674,444,0,0,0,1.0,1,1.0,1,1.0,1,0.13485185916750336,45
836,0,1118,674,444,0,0,0,1.0,1,1.0,1,1.0,1,0.14784450279962266,46
837,2,1120,674,446,0,0,0,1.0,1,1.0,1,1.0,1,0.1304174365312494,46
838,1,1121,674,447,0,0,0,1.0,1,1.0,1,1.0,1,0.11168987619999662,45
839,2,1123,675,448,0,0,0,1.0,1,1.0,1,1.0,1,0.11746350739911765,46
840,0,1123,675,448,0,0,0,1.0,1,1.0,1,1.0,1,0.13083056752188946,46
841,2,1125,675,450,0,0,0,1.0,1,1.0,1,1.0,1,0.10972749938402929,46
842,2,1127,677,450,0,0,0,1.0,1,1.0,1,1.0,1,0.14146729957033627,46
843,4,1131,678,453,0,0,0,1.0,1,1.0,1,1.0,1,0.12179427046169908,46
844,0,1131,678,453,0,0,0,1.0,1,1.0,1,1.0,1,0.12349409513044664,47
845,4,1135,680,455,0,0,0,1.0,1,1.0,1,1.0,1,0.17588900043184708,48
846,1,1136,680,456,0,0,0,1.0,1,1.0,1,1.0,1,0.15060589327243515,47
847,2,1138,680,458,0,0,0,1.0,1,1.0,1,1.0,1,0.12927443299798394,48
848,3,1141,681,460,0,0,0,1.0,1,1.0,1,1.0,1,0.11117142639551304,48
849,1,1142,681,461,0,0,0,1.0,1,1.0,1,1.0,1,0.10056815987950915,48
850,0,1142,681,461,0,0,0,1.0,1,1.0,1,1.0,1,0.10396298189240022,46
851,0,1142,681,461,0,0,0,1.0,1,1.0,1,1.0,1,0.09423853478302889,45
852,0,1142,681,461,0,0,0,1.0,1,1.0,1,1.0,1,0.08166851488343982,44
853,1,1143,682,461,0,0,0,1.0,1,1.0,1,1.0,1,0.07195972991371244,44
854,2,1145,684,461,0,0,0,1.0,1,1.0,1,1.0,1,0.09961073907027955,45
855,1,1146,684,462,0,0,0,1.0,1,1.0,1,1.0,1,0.04490260076182184,46
856,1,1147,685,462,0,0,0,1.0,1,1.0,1,1.0,1,0.0545702950177485,46
857,2,1149,686,463,0,0,0,1.0,1,1.0,1,1.0,1,0.03614068894859302,47
858,0,1149,686,463,0,0,0,1.0,1,1.0,1,1.0,1,0.026540406985507796,48
859,1,1150,687,463,0,0,0,1.0,1,1.0,1,1.0,1,0.06295449031024494,48
860,1,1151,687,464,0,0,0,1.0,1,1.0,1,1.0,1,0.0639141006839263,49
861,1,1152,688,464,0,0,0,1.0,1,1.0,1,1.0,1,0.06240833878542015,49
862,0,1152,688,464,0,0,0,1.0,1,1.0,1,1.0,1,0.06240833878542015,49
863,1,1153,689,464,0,0,0,1.0,1,1.0,1,1.0,1,0.07936199237624413,48
864,0,1153,689,464,0,0,0,1.0,1,1.0,1,1.0,1,0.08148665059055911,49
865,2,1155,690,465,0,0,0,1.0,1,1.0,1,1.0,1,0.09118918454868526,48
866,3,1158,691,467,0,0,0,1.0,1,1.0,1,1.0,1,0.05575345862819945,50
867,2,1160,691,469,0,0,0,1.0,1,1.0,1,1.0,1,0.036924730826135115,50
868,2,1162,693,469,0,0,0,1.0,1,1.0,1,1.0,1,0.03196495537806006,51
869,1,1163,693,470,0,0,0,1.0,1,1.0,1,1.0,1,0.059661804752555836,49
870,1,1164,694,470,0,0,0,1.0,1,1.0,1,1.0,1,0.0543281763484247,49
871,0,1164,694,470,0,0,0,1.0,1,1.0,1,1.0,1,0.0833241300561848,49
872,0,1164,694,470,0,0,0,1.0,1,1.0,1,1.0,1,0.10579875526797859,48
873,4,1168,696,472,0,0,0,1.0,1,1.0,1,1.0,1,0.09644583330277973,49
874,1,1169,697,472,0,0,0,1.0,1,1.0,1,1.0,1,0.08956605968546358,49
875,1,1170,697,473,0,0,0,1.0,1,1.0,1,1.0,1,0.0746174084089912,50
876,2,1172,699,473,0,0,0,1.0,1,1.0,1,1.0,1,0.1161040942288946,50
877,2,1174,700,474,0,0,0,1.0,1,1.0,1,1.0,1,0.10176220680948517,50
878,3,1177,701,476,0,0,0,1.0,1,1.0,1,1.0,1,0.10426477197059689,49
879,1,1178,702,476,0,0,0,1.0,1,1.0,1,1.0,1,0.1165243973655772,49
880,1,1179,703,476,0,0,0,1.0,1,1.0,1,1.0,1,0.13655822598031034,48
881,5,1184,705,479,0,0,0,1.0,1,1.0,1,1.0,1,0.10810716847205827,49
882,0,1184,705,479,0,0,0,1.0,1,1.0,1,1.0,1,0.10431112869883188,48
883,1,1185,706,479,0,0,0,1.0,1,1.0,1,1.0,1,0.12160137735967644,50
884,2,1187,706,481,0,0,0,1.0,1,1.0,1,1.0,1,0.08706897885330704,50
885,3,1190,708,482,0,0,0,1.0,1,1.0,1,1.0,1,0.09345553717525079,49
886,1,1191,708,483,0,0,0,1.0,1,1.0,1,1.0,1,0.08249217016022446,49
887,3,1194,710,484,0,0,0,1.0,1,1.0,1,1.0,1,0.13118223575814153,49
888,0,1194,710,484,0,0,0,1.0,1,1.0,1,1.0,1,0.1019762745193448,47
889,2,1196,711,485,0,0,0,1.0,1,1.0,1,1.0,1,0.13398041449028253,46
890,0,1196,711,485,0,0,0,1.0,1,1.0,1,1.0,1,0.10228780821132459,44
891,1,1197,711,486,0,0,0,1.0,1,1.0,1,1.0,1,0.08059928661015234,45
892,1,1198,712,486,0,0,0,1.0,1,1.0,1,1.0,1,0.10204355993957578,45
893,1,1199,712,487,0,0,0,1.0,1,1.0,1,1.0,1,0.09203253486214422,45
894,0,1199,712,487,0,0,0,1.0,1,1.0,1,1.0,1,0.08157015604057267,44
895,2,1201,714,487,0,0,0,1.0,1,1.0,1,1.0,1,0.08903763555381637,45
896,1,1202,715,487,0,0,0,1.0,1,1.0,1,1.0,1,0.09306093938898347,44
897,1,1203,715,488,0,0,0,1.0,1,1.0,1,1.0,1,0.06419130984351885,44
898,1,1204,716,488,0,0,0,1.0,1,1.0,1,1.0,1,0.048912322625327305,45
899,0,1204,716,488,0,0,0,1.0,1,1.0,1,1.0,1,0.06539433071427815,44
900,0,1204,716,488,0,0,0,1.0,1,1.0,1,1.0,1,0.07159527969085512,46
901,1,1205,716,489,0,0,0,1.0,1,1.0,1,1.0,1,0.08531405742671125,45
902,2,1207,718,489,0,0,0,1.0,1,1.0,1,1.0,1,0.13951446260648503,45
903,2,1209,720,489,0,0,0,1.0,1,1.0,1,1.0,1,0.17767610274497792,44
904,1,1210,721,489,0,0,0,1.0,1,1.0,1,1.0,1,0.20723331885070853,45
905,6,1216,722,494,0,0,0,1.0,1,1.0,1,1.0,1,0.185377936030175,45
906,1,1217,723,494,0,0,0,1.0,1,1.0,1,1.0,1,0.2141997776225648,45
907,1,1218,723,495,0,0,0,1.0,1,1.0,1,1.0,1,0.18888558678739087,46
908,0,1218,723,495,0,0,0,1.0,1,1.0,1,1.0,1,0.19004599788508997,46
909,4,1222,724,498,0,0,0,1.0,1,1.0,1,1.0,1,0.15670537711665095,46
910,1,1223,724,499,0,0,0,1.0,1,1.0,1,1.0,1,0.1840323973035228,44
911,1,1224,724,500,0,0,0,1.0,1,1.0,1,1.0,1,0.17925730976551757,45
912,0,1224,724,500,0,0,0,1.0,1,1.0,1,1.0,1,0.20126961030744195,44
913,3,1227,724,503,0,0,0,1.0,1,1.0,1,1.0,1,0.1705700651202195,45
914,2,1229,725,504,0,0,0,1.0,1,1.0,1,1.0,1,0.15937364341043392,45
915,2,1231,725,506,0,0,0,1.0,1,1.0,1,1.0,1,0.12873208688177148,45
916,0,1231,725,506,0,0,0,1.0,1,1.0,1,1.0,1,0.12873208688177148,45
917,1,1232,725,507,0,0,0,1.0,1,1.0,1,1.0,1,0.1319684982062928,46
918,1,1233,725,508,0,0,0,1.0,1,1.0,1,1.0,1,0.12058651498109123,47
919,0,1233,725,508,0,0,0,1.0,1,1.0,1,1.0,1,0.12058651498109123,47
920,1,1234,726,508,0,0,0,1.0,1,1.0,1,1.0,1,0.11822424835469822,47
921,4,1238,728,510,0,0,0,1.0,1,1.0,1,1.0,1,0.11909339544855943,49
922,3,1241,730,511,0,0,0,1.0,1,1.0,1,1.0,1,0.09905512704675067,49
923,3,1244,732,512,0,0,0,1.0,1,1.0,1,1.0,1,0.09935843521444601,47
924,1,1245,733,512,0,0,0,1.0,1,1.0,1,1.0,1,0.10754476089033459,47
925,2,1247,734,513,0,0,0,1.0,1,1.0,1,1.0,1,0.11820783380587811,47
926,2,1249,736,513,0,0,0,1.0,1,1.0,1,1.0,1,0.15657639735108173,46
927,2,1251,737,514,0,0,0,1.0,1,1.0,1,1.0,1,0.12964945453251508,45
928,0,1251,737,514,0,0,0,1.0,1,1.0,1,1.0,1,0.11022473402866247,43
929,3,1254,737,517,0,0,0,1.0,1,1.0,1,1.0,1,0.07901498707999062,42
930,0,1254,737,517,0,0,0,1.0,1,1.0,1,1.0,1,0.06191242270835228,41
931,0,1254,737,517,0,0,0,1.0,1,1.0,1,1.0,1,0.07626536113918427,40
932,1,1255,738,517,0,0,0,1.0,1,1.0,1,1.0,1,0.06233027679456699,40
933,0,1255,738,517,0,0,0,1.0,1,1.0,1,1.0,1,0.07522947071830216,39
934,0,1255,738,517,0,0,0,1.0,1,1.0,1,1.0,1,0.07522947071830216,39
935,4,1259,742,517,0,0,0,1.0,1,1.0,1,1.0,1,0.1632925567178346,41
936,2,1261,742,519,0,0,0,1.0,1,1.0,1,1.0,1,0.10377709471931955,42
937,4,1265,744,521,0,0,0,1.0,1,1.0,1,1.0,1,0.17627437285313463,43
938,1,1266,744,522,0,0,0,1.0,1,1.0,1,1.0,1,0.1821412225428895,44
939,2,1268,744,524,0,0,0,1.0,1,1.0,1,1.0,1,0.1718212624961659,46
940,1,1269,744,525,0,0,0,1.0,1,1.0,1,1.0,1,0.15074816469586474,46
941,1,1270,745,525,0,0,0,1.0,1,1.0,1,1.0,1,0.17275412408990048,46
942,1,1271,745,526,0,0,0,1.0,1,1.0,1,1.0,1,0.16029822816521144,46
943,0,1271,745,526,0,0,0,1.0,1,1.0,1,1.0,1,0.17158820930434304,45
944,1,1272,745,527,0,0,0,1.0,1,1.0,1,1.0,1,0.1495618334741232,45
945,5,1277,746,531,0,0,0,1.0,1,1.0,1,1.0,1,0.11763903098203908,44
946,0,1277,746,531,0,0,0,1.0,1,1.0,1,1.0,1,0.09673394105562938,46
947,0,1277,746,531,0,0,0,1.0,1,1.0,1,1.0,1,0.10375470049820457,44
948,0,1277,746,531,0,0,0,1.0,1,1.0,1,1.0,1,0.10375470049820457,44
949,5,1282,747,535,0,0,0,1.0,1,1.0,1,1.0,1,0.10253118442182822,44
950,1,1283,748,535,0,0,0,1.0,1,1.0,1,1.0,1,0.11931189155546959,43
951,0,1283,748,535,0,0,0,1.0,1,1.0,1,1.0,1,0.14462477302302593,42
952,0,1283,748,535,0,0,0,1.0,1,1.0,1,1.0,1,0.14462477302302593,42
953,1,1284,748,536,0,0,0,1.0,1,1.0,1,1.0,1,0.13963445945716974,41
954,1,1285,749,536,0,0,0,1.0,1,1.0,1,1.0,1,0.16000222972719402,40
955,0,1285,749,536,0,0,0,1.0,1,1.0,1,1.0,1,0.15318758398666024,42
956,1,1286,750,536,0,0,0,1.0,1,1.0,1,1.0,1,0.14509305804976957,43
957,1,1287,750,537,0,0,0,1.0,1,1.0,1,1.0,1,0.15274483783828716,42
958,1,1288,750,538,0,0,0,1.0,1,1.0,1,1.0,1,0.15559125256003944,43
959,2,1290,751,539,0,0,0,1.0,1,1.0,1,1.0,1,0.18853851788507853,45
960,1,1291,752,539,0,0,0,1.0,1,1.0,1,1.0,1,0.2039024167232092,47
961,1,1292,753,539,0,0,0,1.0,1,1.0,1,1.0,1,0.21218473806181648,45
962,0,1292,753,539,0,0,0,1.0,1,1.0,1,1.0,1,0.20262450476486965,45
963,2,1294,754,540,0,0,0,1.0,1,1.0,1,1.0,1,0.22047105017401866,44
964,1,1295,754,541,0,0,0,1.0,1,1.0,1,1.0,1,0.19911061279989478,44
965,1,1296,754,542,0,0,0,1.0,1,1.0,1,1.0,1,0.17323921677299886,45
966,1,1297,755,542,0,0,0,1.0,1,1.0,1,1.0,1,0.16924738439259793,43
967,1,1298,755,543,0,0,0,1.0,1,1.0,1,1.0,1,0.16032214850449633,43
968,0,1298,755,543,0,0,0,1.0,1,1.0,1,1.0,1,0.15400910981673988,43
969,1,1299,755,544,0,0,0,1.0,1,1.0,1,1.0,1,0.15420111866246178,42
970,0,1299,755,544,0,0,0,1.0,1,1.0,1,1.0,1,0.1614184778579281,42
971,1,1300,755,545,0,0,0,1.0,1,1.0,1,1.0,1,0.13533622635243578,42
972,1,1301,755,546,0,0,0,1.0,1,1.0,1,1.0,1,0.10460348917733962,42
973,0,1301,755,546,0,0,0,1.0,1,1.0,1,1.0,1,0.09880834180057203,43
974,0,1301,755,546,0,0,0,1.0,1,1.0,1,1.0,1,0.09880834180057203,43
975,0,1301,755,546,0,0,0,1.0,1,1.0,1,1.0,1,0.1030087018501172,43
976,1,1302,755,547,0,0,0,1.0,1,1.0,1,1.0,1,0.09755282345077397,45
977,1,1303,756,547,0,0,0,1.0,1,1.0,1,1.0,1,0.10636957319766178,44
978,0,1303,756,547,0,0,0,1.0,1,1.0,1,1.0,1,0.10636957319766178,44
979,0,1303,756,547,0,0,0,1.0,1,1.0,1,1.0,1,0.139072238231066,45
980,1,1304,757,547,0,0,0,1.0,1,1.0,1,1.0,1,0.11916286098772472,45
981,1,1305,757,548,0,0,0,1.0,1,1.0,1,1.0,1,0.10522577814285797,45
982,3,1308,759,549,0,0,0,1.0,1,1.0,1,1.0,1,0.15994090816090614,46
983,1,1309,760,549,0,0,0,1.0,1,1.0,1,1.0,1,0.1754754491633213,45
984,1,1310,761,549,0,0,0,1.0,1,1.0,1,1.0,1,0.17654406875933434,45
985,6,1316,765,551,0,0,0,1.0,1,1.0,1,1.0,1,0.20202678104863184,45
986,1,1317,765,552,0,0,0,1.0,1,1.0,1,1.0,1,0.17647687135092724,44
987,2,1319,766,553,0,0,0,1.0,1,1.0,1,1.0,1,0.18847797572881067,45
988,2,1321,768,553,0,0,0,1.0,1,1.0,1,1.0,1,0.22703732179094716,44
989,2,1323,768,555,0,0,0,1.0,1,1.0,1,1.0,1,0.181669478899955,43
990,1,1324,769,555,0,0,0,1.0,1,1.0,1,1.0,1,0.1907164588345009,42
991,0,1324,769,555,0,0,0,1.0,1,1.0,1,1.0,1,0.16969104316084832,42
992,0,1324,769,555,0,0,0,1.0,1,1.0,1,1.0,1,0.16012194618334996,43
993,0,1324,769,555,0,0,0,1.0,1,1.0,1,1.0,1,0.16012194618334996,43
994,1,1325,769,556,0,0,0,1.0,1,1.0,1,1.0,1,0.1693764027823132,43
995,0,1325,769,556,0,0,0,1.0,1,1.0,1,1.0,1,0.12283834985692994,43
996,0,1325,769,556,0,0,0,1.0,1,1.0,1,1.0,1,0.13261553263154344,44
997,1,1326,770,556,0,0,0,1.0,1,1.0,1,1.0,1,0.17347172919617151,44
998,0,1326,770,556,0,0,0,1.0,1,1.0,1,1.0,1,0.18718117846382415,45
999,0,1326,770,556,0,0,0,1.0,1,1.0,1,1.0,1,0.1894708498139564,42
1000,0,1326,770,556,0,0,0,1.0,1,1.0,1,1.0,1,0.17880047233485344,43
1001,1,1327,770,557,0,0,0,1.0,1,1.0,1,1.0,1,0.14314506233492277,42
1002,0,1327,770,557,0,0,0,1.0,1,1.0,1,1.0,1,0.14178404270797162,43
1003,1,1328,770,558,0,0,0,1.0,1,1.0,1,1.0,1,0.1310390516270783,43
1004,1,1329,770,559,0,0,0,1.0,1,1.0,1,1.0,1,0.10751179038150234,43
1005,1,1330,770,560,0,0,0,1.0,1,1.0,1,1.0,1,0.10965231976993514,44
1006,1,1331,770,561,0,0,0,1.0,1,1.0,1,1.0,1,0.09166388473903428,46
1007,0,1331,770,561,0,0,0,1.0,1,1.0,1,1.0,1,0.09166388473903428,46
1008,0,1331,770,561,0,0,0,1.0,1,1.0,1,1.0,1,0.10382787250992614,47
1009,2,1333,772,561,0,0,0,1.0,1,1.0,1,1.0,1,0.10269646350902183,48
1010,1,1334,773,561,0,0,0,1.0,1,1.0,1,1.0,1,0.11840385011453355,48
1011,1,1335,774,561,0,0,0,1.0,1,1.0,1,1.0,1,0.13348494561912122,48
1012,3,1338,776,562,0,0,0,1.0,1,1.0,1,1.0,1,0.15936961815124404,49
1013,1,1339,777,562,0,0,0,1.0,1,1.0,1,1.0,1,0.16312194366607458,50
1014,1,1340,778,562,0,0,0,1.0,1,1.0,1,1.0,1,0.18455770296377877,50
1015,1,1341,778,563,0,0,0,1.0,1,1.0,1,1.0,1,0.17366096023591657,51
1016,2,1343,779,564,0,0,0,1.0,1,1.0,1,1.0,1,0.1572291860174549,51
1017,0,1343,779,564,0,0,0,1.0,1,1.0,1,1.0,1,0.16688598520887393,52
1018,1,1344,780,564,0,0,0,1.0,1,1.0,1,1.0,1,0.18383945263290397,52
1019,1,1345,780,565,0,0,0,1.0,1,1.0,1,1.0,1,0.18654582701630892,52
1020,0,1345,780,565,0,0,0,1.0,1,1.0,1,1.0,1,0.16223554808401622,53
1021,0,1345,780,565,0,0,0,1.0,1,1.0,1,1.0,1,0.16833364363888267,53
1022,0,1345,780,565,0,0,0,1.0,1,1.0,1,1.0,1,0.1603534514978437,54
1023,2,1347,780,567,0,0,0,1.0,1,1.0,1,1.0,1,0.10926221952357938,55
1024,0,1347,780,567,0,0,0,1.0,1,1.0,1,1.0,1,0.1280640734419057,55
1025,2,1349,780,569,0,0,0,1.0,1,1.0,1,1.0,1,0.09370306155539772,56
1026,0,1349,780,569,0,0,0,1.0,1,1.0,1,1.0,1,0.10284099765435616,57
1027,0,1349,780,569,0,0,0,1.0,1,1.0,1,1.0,1,0.0825334882824449,58
1028,3,1352,782,570,0,0,0,1.0,1,1.0,1,1.0,1,0.10847600956560298,58
1029,3,1355,783,572,0,0,0,1.0,1,1.0,1,1.0,1,0.1053081243323817,59
1030,0,1355,783,572,0,0,0,1.0,1,1.0,1,1.0,1,0.10037469392271176,60
1031,1,1356,784,572,0,0,0,1.0,1,1.0,1,1.0,1,0.12557087712990458,60
1032,0,1356,784,572,0,0,0,1.0,1,1.0,1,1.0,1,0.1329028679518437,61
1033,0,1356,784,572,0,0,0,1.0,1,1.0,1,1.0,1,0.13894996341153512,60
1034,4,1360,787,573,0,0,0,1.0,1,1.0,1,1.0,1,0.12617851371759709,60
1035,2,1362,789,573,0,0,0,1.0,1,1.0,1,1.0,1,0.1657504333055672,59
1036,3,1365,791,574,0,0,0,1.0,1,1.0,1,1.0,1,0.16278637504940424,60
1037,7,1372,794,578,0,0,0,1.0,1,1.0,1,1.0,1,0.12885541797849195,59
1038,1,1373,795,578,0,0,0,1.0,1,1.0,1,1.0,1,0.14081972111813026,60
1039,4,1377,798,579,0,0,0,1.0,1,1.0,1,1.0,1,0.16353307601094902,60
1040,2,1379,799,580,0,0,0,1.0,1,1.0,1,1.0,1,0.16181278026695076,58
1041,6,1385,800,585,0,0,0,1.0,1,1.0,1,1.0,1,0.09602000802119844,56
1042,0,1385,800,585,0,0,0,1.0,1,1.0,1,1.0,1,0.090029707086158,55
1043,0,1385,800,585,0,0,0,1.0,1,1.0,1,1.0,1,0.090029707086158,55
1044,0,1385,800,585,0,0,0,1.0,1,1.0,1,1.0,1,0.07136024848265775,52
1045,1,1386,800,586,0,0,0,1.0,1,1.0,1,1.0,1,0.03307247352134468,52
1046,1,1387,801,586,0,0,0,1.0,1,1.0,1,1.0,1,0.0692928275316721,53
1047,1,1388,802,586,0,0,0,1.0,1,1.0,1,1.0,1,0.060824067435786056,54
1048,2,1390,803,587,0,0,0,1.0,1,1.0,1,1.0,1,0.07398984633000408,56
1049,2,1392,804,588,0,0,0,1.0,1,1.0,1,1.0,1,0.07387352005697496,55
1050,1,1393,805,588,0,0,0,1.0,1,1.0,1,1.0,1,0.08697027418139093,56
1051,0,1393,805,588,0,0,0,1.0,1,1.0,1,1.0,1,0.07468970509991404,55
1052,0,1393,805,588,0,0,0,1.0,1,1.0,1,1.0,1,0.09100395598850046,56
1053,2,1395,806,589,0,0,0,1.0,1,1.0,1,1.0,1,0.08663831663507318,56
1054,1,1396,807,589,0,0,0,1.0,1,1.0,1,1.0,1,0.06874804643299515,57
1055,0,1396,807,589,0,0,0,1.0,1,1.0,1,1.0,1,0.04915246974133966,58
1056,0,1396,807,589,0,0,0,1.0,1,1.0,1,1.0,1,0.06020337640133005,59
1057,1,1397,807,590,0,0,0,1.0,1,1.0,1,1.0,1,0.06651847829971094,60
1058,1,1398,808,590,0,0,0,1.0,1,1.0,1,1.0,1,0.08991527753554401,60
1059,3,1401,809,592,0,0,0,1.0,1,1.0,1,1.0,1,0.0853177615659144,60
1060,1,1402,810,592,0,0,0,1.0,1,1.0,1,1.0,1,0.10389475309881692,60
1061,6,1408,814,594,0,0,0,1.0,1,1.0,1,1.0,1,0.0927284805725664,59
1062,0,1408,814,594,0,0,0,1.0,1,1.0,1,1.0,1,0.09468042651423904,59
1063,1,1409,815,594,0,0,0,1.0,1,1.0,1,1.0,1,0.11373399105259865,58
1064,3,1412,817,595,0,0,0,1.0,1,1.0,1,1.0,1,0.16512506624266854,58
1065,4,1416,818,598,0,0,0,1.0,1,1.0,1,1.0,1,0.09234687655416256,60
1066,0,1416,818,598,0,0,0,1.0,1,1.0,1,1.0,1,0.12342114815060971,58
1067,0,1416,818,598,0,0,0,1.0,1,1.0,1,1.0,1,0.17683332658961673,59
1068,0,1416,818,598,0,0,0,1.0,1,1.0,1,1.0,1,0.17683332658961673,59
1069,3,1419,818,601,0,0,0,1.0,1,1.0,1,1.0,1,0.16761522098421755,58
1070,4,1423,818,605,0,0,0,1.0,1,1.0,1,1.0,1,0.11921144936609196,58
1071,0,1423,818,605,0,0,0,1.0,1,1.0,1,1.0,1,0.13346091871904373,57
1072,2,1425,819,606,0,0,0,1.0,1,1.0,1,1.0,1,0.14564671273726176,56
1073,4,1429,820,609,0,0,0,1.0,1,1.0,1,1.0,1,0.12239897299934575,54
1074,1,1430,821,609,0,0,0,1.0,1,1.0,1,1.0,1,0.13844137314110352,54
1075,3,1433,823,610,0,0,0,1.0,1,1.0,1,1.0,1,0.11852549709887322,51
1076,1,1434,824,610,0,0,0,1.0,1,1.0,1,1.0,1,0.13400182897040555,51
1077,3,1437,826,611,0,0,0,1.0,1,1.0,1,1.0,1,0.1346548213984546,51
1078,1,1438,826,612,0,0,0,1.0,1,1.0,1,1.0,1,0.1365697044178122,52
1079,4,1442,830,612,0,0,0,1.0,1,1.0,1,1.0,1,0.17773655930645493,51
1080,2,1444,832,612,0,0,0,1.0,1,1.0,1,1.0,1,0.20503590288243154,51
1081,2,1446,833,613,0,0,0,1.0,1,1.0,1,1.0,1,0.22028035003515462,48
1082,1,1447,834,613,0,0,0,1.0,1,1.0,1,1.0,1,0.2371535150755796,47
1083,4,1451,835,616,0,0,0,1.0,1,1.0,1,1.0,1,0.23250616028063875,46
1084,0,1451,835,616,0,0,0,1.0,1,1.0,1,1.0,1,0.22342725747250566,45
1085,2,1453,835,618,0,0,0,1.0,1,1.0,1,1.0,1,0.18319497883678237,46
1086,1,1454,835,619,0,0,0,1.0,1,1.0,1,1.0,1,0.16610679373377019,45
1087,1,1455,835,620,0,0,0,1.0,1,1.0,1,1.0,1,0.18258759220026616,44
1088,1,1456,835,621,0,0,0,1.0,1,1.0,1,1.0,1,0.16320447438341815,45
1089,0,1456,835,621,0,0,0,1.0,1,1.0,1,1.0,1,0.181081244746644,46
1090,0,1456,835,621,0,0,0,1.0,1,1.0,1,1.0,1,0.18207017460228858,47
1091,1,1457,836,621,0,0,0,1.0,1,1.0,1,1.0,1,0.17138093758088555,47
1092,0,1457,836,621,0,0,0,1.0,1,1.0,1,1.0,1,0.16187156014153847,48
1093,2,1459,837,622,0,0,0,1.0,1,1.0,1,1.0,1,0.14975980085240737,48
1094,4,1463,839,624,0,0,0,1.0,1,1.0,1,1.0,1,0.18035795274265584,48
1095,1,1464,839,625,0,0,0,1.0,1,1.0,1,1.0,1,0.18953732351684696,49
1096,1,1465,840,625,0,0,0,1.0,1,1.0,1,1.0,1,0.21048471303891997,49
1097,5,1470,841,629,0,0,0,1.0,1,1.0,1,1.0,1,0.19091950212344366,50
1098,1,1471,841,630,0,0,0,1.0,1,1.0,1,1.0,1,0.18647552083776633,51
1099,2,1473,841,632,0,0,0,1.0,1,1.0,1,1.0,1,0.14685444868382624,54
1100,0,1473,841,632,0,0,0,1.0,1,1.0,1,1.0,1,0.14685444868382624,54
1101,1,1474,841,633,0,0,0,1.0,1,1.0,1,1.0,1,0.13517417774857104,54
1102,1,1475,841,634,0,0,0,1.0,1,1.0,1,1.0,1,0.10798291433793114,54
1103,0,1475,841,634,0,0,0,1.0,1,1.0,1,1.0,1,0.1179123658309271,53
1104,2,1477,842,635,0,0,0,1.0,1,1.0,1,1.0,1,0.12523560710135986,53
1105,4,1481,842,639,0,0,0,1.0,1,1.0,1,1.0,1,0.08519581656933281,52
1106,0,1481,842,639,0,0,0,1.0,1,1.0,1,1.0,1,0.1183450058906354,52
1107,1,1482,842,640,0,0,0,1.0,1,1.0,1,1.0,1,0.12975994397822818,52
1108,1,1483,842,641,0,0,0,1.0,1,1.0,1,1.0,1,0.11209165312678068,51
1109,3,1486,843,643,0,0,0,1.0,1,1.0,1,1.0,1,0.1420923074613663,49
1110,0,1486,843,643,0,0,0,1.0,1,1.0,1,1.0,1,0.15283760211454767,48
1111,2,1488,844,644,0,0,0,1.0,1,1.0,1,1.0,1,0.20104244991388656,47
1112,2,1490,845,645,0,0,0,1.0,1,1.0,1,1.0,1,0.24998992838396197,46
1113,2,1492,846,646,0,0,0,1.0,1,1.0,1,1.0,1,0.26732171983694686,43
1114,0,1492,846,646,0,0,0,1.0,1,1.0,1,1.0,1,0.2794525827057814,41
1115,2,1494,848,646,0,0,0,1.0,1,1.0,1,1.0,1,0.25556008713878714,40
1116,1,1495,848,647,0,0,0,1.0,1,1.0,1,1.0,1,0.2333943399049511,39
1117,3,1498,850,648,0,0,0,1.0,1,1.0,1,1.0,1,0.2204776341530488,40
1118,0,1498,850,648,0,0,0,1.0,1,1.0,1,1.0,1,0.21185485231156134,40
1119,0,1498,850,648,0,0,0,1.0,1,1.0,1,1.0,1,0.21185485231156134,40
1120,0,1498,850,648,0,0,0,1.0,1,1.0,1,1.0,1,0.21185485231156134,40
1121,2,1500,852,648,0,0,0,1.0,1,1.0,1,1.0,1,0.25928969608370633,40
1122,0,1500,852,648,0,0,0,1.0,1,1.0,1,1.0,1,0.2634880515492537,41
1123,3,1503,854,649,0,0,0,1.0,1,1.0,1,1.0,1,0.31575640626208606,41
1124,2,1505,854,651,0,0,0,1.0,1,1.0,1,1.0,1,0.2845466877309952,41
1125,5,1510,855,655,0,0,0,1.0,1,1.0,1,1.0,1,0.278130306306568,41
1126,1,1511,855,656,0,0,0,1.0,1,1.0,1,1.0,1,0.23664628321050638,41
1127,1,1512,855,657,0,0,0,1.0,1,1.0,1,1.0,1,0.2283724660017412,41
1128,0,1512,855,657,0,0,0,1.0,1,1.0,1,1.0,1,0.24301004539881416,42
1129,2,1514,856,658,0,0,0,1.0,1,1.0,1,1.0,1,0.24747351467524142,42
1130,0,1514,856,658,0,0,0,1.0,1,1.0,1,1.0,1,0.24747351467524142,42
1131,0,1514,856,658,0,0,0,1.0,1,1.0,1,1.0,1,0.24747351467524142,42
1132,0,1514,856,658,0,0,0,1.0,1,1.0,1,1.0,1,0.21666737989771534,43
1133,3,1517,857,660,0,0,0,1.0,1,1.0,1,1.0,1,0.17292295447286243,45
1134,0,1517,857,660,0,0,0,1.0,1,1.0,1,1.0,1,0.18107039014032042,46
1135,0,1517,857,660,0,0,0,1.0,1,1.0,1,1.0,1,0.19468284799994115,45
1136,0,1517,857,660,0,0,0,1.0,1,1.0,1,1.0,1,0.19625113994438254,48
1137,0,1517,857,660,0,0,0,1.0,1,1.0,1,1.0,1,0.2055607462034161,49
1138,5,1522,857,665,0,0,0,1.0,1,1.0,1,1.0,1,0.14124989872195426,49
1139,1,1523,857,666,0,0,0,1.0,1,1.0,1,1.0,1,0.165386720749074,49
1140,1,1524,857,667,0,0,0,1.0,1,1.0,1,1.0,1,0.15605264230857777,49
1141,3,1527,858,669,0,0,0,1.0,1,1.0,1,1.0,1,0.1785715373816773,48
1142,1,1528,858,670,0,0,0,1.0,1,1.0,1,1.0,1,0.1681291489244281,48
1143,4,1532,860,672,0,0,0,1.0,1,1.0,1,1.0,1,0.1760393309543981,48
1144,0,1532,860,672,0,0,0,1.0,1,1.0,1,1.0,1,0.1675688338209592,48
1145,5,1537,860,677,0,0,0,1.0,1,1.0,1,1.0,1,0.14006984198227618,48
1146,0,1537,860,677,0,0,0,1.0,1,1.0,1,1.0,1,0.15840726892314635,48
1147,0,1537,860,677,0,0,0,1.0,1,1.0,1,1.0,1,0.18100187654717906,46
1148,0,1537,860,677,0,0,0,1.0,1,1.0,1,1.0,1,0.18100187654717906,46
1149,4,1541,860,681,0,0,0,1.0,1,1.0,1,1.0,1,0.1693709993969585,45
1150,1,1542,860,682,0,0,0,1.0,1,1.0,1,1.0,1,0.1776583200838806,46
1151,2,1544,862,682,0,0,0,1.0,1,1.0,1,1.0,1,0.21308308127880554,44
1152,0,1544,862,682,0,0,0,1.0,1,1.0,1,1.0,1,0.18773467174965672,44
1153,3,1547,865,682,0,0,0,1.0,1,1.0,1,1.0,1,0.26234648164115776,43
1154,2,1549,865,684,0,0,0,1.0,1,1.0,1,1.0,1,0.228425276655651,43
1155,2,1551,866,685,0,0,0,1.0,1,1.0,1,1.0,1,0.25294722799348757,43
1156,2,1553,866,687,0,0,0,1.0,1,1.0,1,1.0,1,0.21385421591630935,42
1157,1,1554,866,688,0,0,0,1.0,1,1.0,1,1.0,1,0.2025684046292501,42
1158,1,1555,866,689,0,0,0,1.0,1,1.0,1,1.0,1,0.17969388143571205,41
1159,0,1555,866,689,0,0,0,1.0,1,1.0,1,1.0,1,0.17906143655353995,41
1160,0,1555,866,689,0,0,0,1.0,1,1.0,1,1.0,1,0.17906143655353995,41
1161,0,1555,866,689,0,0,0,1.0,1,1.0,1,1.0,1,0.18104461426322124,42
1162,0,1555,866,689,0,0,0,1.0,1,1.0,1,1.0,1,0.17077040555038375,43
1163,0,1555,866,689,0,0,0,1.0,1,1.0,1,1.0,1,0.17077040555038375,43
1164,0,1555,866,689,0,0,0,1.0,1,1.0,1,1.0,1,0.1560112446626857,44
1165,1,1556,866,690,0,0,0,1.0,1,1.0,1,1.0,1,0.12625509323410994,44
1166,1,1557,866,691,0,0,0,1.0,1,1.0,1,1.0,1,0.13858052353030711,46
1167,2,1559,867,692,0,0,0,1.0,1,1.0,1,1.0,1,0.1397592107836755,46
1168,2,1561,867,694,0,0,0,1.0,1,1.0,1,1.0,1,0.11040776779950465,47
1169,0,1561,867,694,0,0,0,1.0,1,1.0,1,1.0,1,0.09310450185843776,46
1170,0,1561,867,694,0,0,0,1.0,1,1.0,1,1.0,1,0.09717563536357295,48
1171,2,1563,868,695,0,0,0,1.0,1,1.0,1,1.0,1,0.11307953658057009,49
1172,0,1563,868,695,0,0,0,1.0,1,1.0,1,1.0,1,0.11307953658057009,49
1173,1,1564,868,696,0,0,0,1.0,1,1.0,1,1.0,1,0.10393039290543235,49
1174,1,1565,869,696,0,0,0,1.0,1,1.0,1,1.0,1,0.12548861617772183,49
1175,1,1566,869,697,0,0,0,1.0,1,1.0,1,1.0,1,0.12360218065626778,50
1176,1,1567,869,698,0,0,0,1.0,1,1.0,1,1.0,1,0.12483208994255961,52
1177,3,1570,871,699,0,0,0,1.0,1,1.0,1,1.0,1,0.14930310928079799,52
1178,0,1570,871,699,0,0,0,1.0,1,1.0,1,1.0,1,0.14930310928079799,52
1179,0,1570,871,699,0,0,0,1.0,1,1.0,1,1.0,1,0.1300402395326287,53
1180,1,1571,872,699,0,0,0,1.0,1,1.0,1,1.0,1,0.1398257693251717,54
1181,0,1571,872,699,0,0,0,1.0,1,1.0,1,1.0,1,0.14986565499007468,55
1182,0,1571,872,699,0,0,0,1.0,1,1.0,1,1.0,1,0.14986565499007468,55
1183,1,1572,873,699,0,0,0,1.0,1,1.0,1,1.0,1,0.18386024247490795,53
1184,2,1574,874,700,0,0,0,1.0,1,1.0,1,1.0,1,0.17935261267064798,54
1185,1,1575,874,701,0,0,0,1.0,1,1.0,1,1.0,1,0.1815519887275095,53
1186,3,1578,875,703,0,0,0,1.0,1,1.0,1,1.0,1,0.1929909949452858,54
1187,2,1580,876,704,0,0,0,1.0,1,1.0,1,1.0,1,0.22602670443105866,55
1188,0,1580,876,704,0,0,0,1.0,1,1.0,1,1.0,1,0.22602670443105866,55
1189,1,1581,876,705,0,0,0,1.0,1,1.0,1,1.0,1,0.21552827303680755,54
1190,0,1581,876,705,0,0,0,1.0,1,1.0,1,1.0,1,0.20201821640906947,55
1191,2,1583,876,707,0,0,0,1.0,1,1.0,1,1.0,1,0.1811815538347906,54
1192,1,1584,876,708,0,0,0,1.0,1,1.0,1,1.0,1,0.16630788747444647,52
1193,0,1584,876,708,0,0,0,1.0,1,1.0,1,1.0,1,0.1677097622559744,53
1194,2,1586,876,710,0,0,0,1.0,1,1.0,1,1.0,1,0.1291370017292215,53
1195,1,1587,876,711,0,0,0,1.0,1,1.0,1,1.0,1,0.10491585343457117,54
1196,2,1589,876,713,0,0,0,1.0,1,1.0,1,1.0,1,0.10557509323420855,56
1197,0,1589,876,713,0,0,0,1.0,1,1.0,1,1.0,1,0.10557509323420855,56
1198,2,1591,877,714,0,0,0,1.0,1,1.0,1,1.0,1,0.08456305226417685,58
1199,1,1592,878,714,0,0,0,1.0,1,1.0,1,1.0,1,0.0879430525476825,58
1200,0,1592,878,714,0,0,0,1.0,1,1.0,1,1.0,1,0.0879430525476825,58
1201,1,1593,879,714,0,0,0,1.0,1,1.0,1,1.0,1,0.10758024834889136,58
1202,0,1593,879,714,0,0,0,1.0,1,1.0,1,1.0,1,0.08834316447171639,60
1203,0,1593,879,714,0,0,0,1.0,1,1.0,1,1.0,1,0.09401747142732557,58
1204,2,1595,880,715,0,0,0,1.0,1,1.0,1,1.0,1,0.10866540929494889,59
1205,2,1597,881,716,0,0,0,1.0,1,1.0,1,1.0,1,0.1206228179925764,59
1206,0,1597,881,716,0,0,0,1.0,1,1.0,1,1.0,1,0.13651770520824086,58
1207,2,1599,881,718,0,0,0,1.0,1,1.0,1,1.0,1,0.12429648714998591,60
1208,0,1599,881,718,0,0,0,1.0,1,1.0,1,1.0,1,0.12429648714998591,60
1209,2,1601,881,720,0,0,0,1.0,1,1.0,1,1.0,1,0.11480565812100435,61
1210,1,1602,881,721,0,0,0,1.0,1,1.0,1,1.0,1,0.10767160462532573,61
1211,1,1603,881,722,0,0,0,1.0,1,1.0,1,1.0,1,0.0866735845461427,63
1212,0,1603,881,722,0,0,0,1.0,1,1.0,1,1.0,1,0.0866735845461427,63
1213,0,1603,881,722,0,0,0,1.0,1,1.0,1,1.0,1,0.0866735845461427,63
1214,4,1607,883,724,0,0,0,1.0,1,1.0,1,1.0,1,0.14693664163028566,62
1215,3,1610,883,727,0,0,0,1.0,1,1.0,1,1.0,1,0.11713653698754864,63
1216,2,1612,884,728,0,0,0,1.0,1,1.0,1,1.0,1,0.1535698191893276,64
1217,1,1613,884,729,0,0,0,1.0,1,1.0,1,1.0,1,0.1456506442608874,65
1218,1,1614,884,730,0,0,0,1.0,1,1.0,1,1.0,1,0.15243993550524162,64
1219,2,1616,884,732,0,0,0,1.0,1,1.0,1,1.0,1,0.14844134840432419,65
1220,1,1617,884,733,0,0,0,1.0,1,1.0,1,1.0,1,0.14996390833482928,64
1221,2,1619,884,735,0,0,0,1.0,1,1.0,1,1.0,1,0.13251396904714946,65
1222,1,1620,884,736,0,0,0,1.0,1,1.0,1,1.0,1,0.11856408818907316,66
1223,0,1620,884,736,0,0,0,1.0,1,1.0,1,1.0,1,0.12805766806999797,64
1224,1,1621,885,736,0,0,0,1.0,1,1.0,1,1.0,1,0.11567791565513802,66
1225,3,1624,886,738,0,0,0,1.0,1,1.0,1,1.0,1,0.1312537065530494,66
1226,3,1627,887,740,0,0,0,1.0,1,1.0,1,1.0,1,0.14624189634276788,68
1227,1,1628,888,740,0,0,0,1.0,1,1.0,1,1.0,1,0.14171414421440975,64
1228,0,1628,888,740,0,0,0,1.0,1,1.0,1,1.0,1,0.15309023658270182,62
1229,2,1630,888,742,0,0,0,1.0,1,1.0,1,1.0,1,0.12763834953405917,61
1230,0,1630,888,742,0,0,0,1.0,1,1.0,1,1.0,1,0.13498690612730968,58
1231,0,1630,888,742,0,0,0,1.0,1,1.0,1,1.0,1,0.1265960325607138,57
1232,1,1631,889,742,0,0,0,1.0,1,1.0,1,1.0,1,0.15270223237263042,53
1233,1,1632,890,742,0,0,0,1.0,1,1.0,1,1.0,1,0.1678408430761579,53
1234,1,1633,890,743,0,0,0,1.0,1,1.0,1,1.0,1,0.1485479450020611,54
1235,0,1633,890,743,0,0,0,1.0,1,1.0,1,1.0,1,0.17649122394368058,55
1236,2,1635,892,743,0,0,0,1.0,1,1.0,1,1.0,1,0.20107501494876576,55
1237,4,1639,892,747,0,0,0,1.0,1,1.0,1,1.0,1,0.1650506354634596,55
1238,0,1639,892,747,0,0,0,1.0,1,1.0,1,1.0,1,0.17318245781438651,54
1239,2,1641,892,749,0,0,0,1.0,1,1.0,1,1.0,1,0.1585281093254595,55
1240,0,1641,892,749,0,0,0,1.0,1,1.0,1,1.0,1,0.1585281093254595,55
1241,1,1642,892,750,0,0,0,1.0,1,1.0,1,1.0,1,0.13218371764288486,54
1242,0,1642,892,750,0,0,0,1.0,1,1.0,1,1.0,1,0.1409324184020197,54
1243,0,1642,892,750,0,0,0,1.0,1,1.0,1,1.0,1,0.14342827013579257,55
1244,2,1644,892,752,0,0,0,1.0,1,1.0,1,1.0,1,0.13669216725801844,55
1245,3,1647,893,754,0,0,0,1.0,1,1.0,1,1.0,1,0.1373583136801276,55
1246,1,1648,893,755,0,0,0,1.0,1,1.0,1,1.0,1,0.15109910763586415,55
1247,3,1651,894,757,0,0,0,1.0,1,1.0,1,1.0,1,0.17162322208245176,57
1248,0,1651,894,757,0,0,0,1.0,1,1.0,1,1.0,1,0.18344057251779142,56
1249,6,1657,897,760,0,0,0,1.0,1,1.0,1,1.0,1,0.20718401944902565,56
1250,1,1658,898,760,0,0,0,1.0,1,1.0,1,1.0,1,0.19823597113247307,56
1251,2,1660,898,762,0,0,0,1.0,1,1.0,1,1.0,1,0.18156070440151395,58
1252,1,1661,899,762,0,0,0,1.0,1,1.0,1,1.0,1,0.17217373441466044,58
1253,5,1666,901,765,0,0,0,1.0,1,1.0,1,1.0,1,0.17689689562349994,58
1254,1,1667,901,766,0,0,0,1.0,1,1.0,1,1.0,1,0.14272560008307789,60
1255,2,1669,901,768,0,0,0,1.0,1,1.0,1,1.0,1,0.13411150390597087,61
1256,0,1669,901,768,0,0,0,1.0,1,1.0,1,1.0,1,0.13411150390597087,61
1257,1,1670,902,768,0,0,0,1.0,1,1.0,1,1.0,1,0.16114697793831065,62
1258,4,1674,902,772,0,0,0,1.0,1,1.0,1,1.0,1,0.14273790365261366,63
1259,0,1674,902,772,0,0,0,1.0,1,1.0,1,1.0,1,0.14273790365261366,63
1260,1,1675,902,773,0,0,0,1.0,1,1.0,1,1.0,1,0.12669223418939196,63
1261,1,1676,902,774,0,0,0,1.0,1,1.0,1,1.0,1,0.11889011668599883,63
1262,1,1677,902,775,0,0,0,1.0,1,1.0,1,1.0,1,0.11905411536544892,64
1263,1,1678,903,775,0,0,0,1.0,1,1.0,1,1.0,1,0.15340081167095213,63
1264,0,1678,903,775,0,0,0,1.0,1,1.0,1,1.0,1,0.1420934335622408,63
1265,5,1683,906,777,0,0,0,1.0,1,1.0,1,1.0,1,0.1619974946822384,60
1266,2,1685,906,779,0,0,0,1.0,1,1.0,1,1.0,1,0.1467806621125601,61
1267,1,1686,907,779,0,0,0,1.0,1,1.0,1,1.0,1,0.1377122707164904,58
1268,1,1687,908,779,0,0,0,1.0,1,1.0,1,1.0,1,0.17673972202057256,54
1269,3,1690,908,782,0,0,0,1.0,1,1.0,1,1.0,1,0.11652843990474865,54
1270,0,1690,908,782,0,0,0,1.0,1,1.0,1,1.0,1,0.1089719658018637,51
1271,0,1690,908,782,0,0,0,1.0,1,1.0,1,1.0,1,0.11573338949826102,50
1272,0,1690,908,782,0,0,0,1.0,1,1.0,1,1.0,1,0.1344140663917001,47
1273,0,1690,908,782,0,0,0,1.0,1,1.0,1,1.0,1,0.1344140663917001,47
1274,2,1692,908,784,0,0,0,1.0,1,1.0,1,1.0,1,0.13095466031195072,49
1275,3,1695,910,785,0,0,0,1.0,1,1.0,1,1.0,1,0.15235458863677512,48
1276,1,1696,911,785,0,0,0,1.0,1,1.0,1,1.0,1,0.18777009192465918,49
1277,7,1703,915,788,0,0,0,1.0,1,1.0,1,1.0,1,0.17309033301230345,50
1278,4,1707,915,792,0,0,0,1.0,1,1.0,1,1.0,1,0.1548351517234751,51
1279,0,1707,915,792,0,0,0,1.0,1,1.0,1,1.0,1,0.1548351517234751,51
1280,0,1707,915,792,0,0,0,1.0,1,1.0,1,1.0,1,0.14485079963356157,52
1281,1,1708,915,793,0,0,0,1.0,1,1.0,1,1.0,1,0.1373494960689402,52
1282,0,1708,915,793,0,0,0,1.0,1,1.0,1,1.0,1,0.1373494960689402,52
1283,1,1709,916,793,0,0,0,1.0,1,1.0,1,1.0,1,0.17387162377567686,52
1284,3,1712,917,795,0,0,0,1.0,1,1.0,1,1.0,1,0.1827503454275588,52
1285,4,1716,917,799,0,0,0,1.0,1,1.0,1,1.0,1,0.1759086465067947,51
1286,1,1717,917,800,0,0,0,1.0,1,1.0,1,1.0,1,0.17575532825565615,52
1287,2,1719,918,801,0,0,0,1.0,1,1.0,1,1.0,1,0.19190292145607143,54
1288,1,1720,918,802,0,0,0,1.0,1,1.0,1,1.0,1,0.1835865753046072,55
1289,4,1724,918,806,0,0,0,1.0,1,1.0,1,1.0,1,0.13435777783262376,56
1290,1,1725,918,807,0,0,0,1.0,1,1.0,1,1.0,1,0.10819025089128839,57
1291,1,1726,918,808,0,0,0,1.0,1,1.0,1,1.0,1,0.10986507272342665,58
1292,0,1726,918,808,0,0,0,1.0,1,1.0,1,1.0,1,0.10361164316941339,59
1293,1,1727,918,809,0,0,0,1.0,1,1.0,1,1.0,1,0.09654356178160335,59
1294,1,1728,919,809,0,0,0,1.0,1,1.0,1,1.0,1,0.08871581152469685,59
1295,0,1728,919,809,0,0,0,1.0,1,1.0,1,1.0,1,0.08871581152469685,59
1296,0,1728,919,809,0,0,0,1.0,1,1.0,1,1.0,1,0.11683982269651483,59
1297,1,1729,919,810,0,0,0,1.0,1,1.0,1,1.0,1,0.11155625148213193,61
1298,2,1731,919,812,0,0,0,1.0,1,1.0,1,1.0,1,0.11680587595892589,61
1299,1,1732,919,813,0,0,0,1.0,1,1.0,1,1.0,1,0.11976190210631997,60
1300,0,1732,919,813,0,0,0,1.0,1,1.0,1,1.0,1,0.11812321604614369,59
1301,6,1738,920,818,0,0,0,1.0,1,1.0,1,1.0,1,0.11998875226183643,59
1302,0,1738,920,818,0,0,0,1.0,1,1.0,1,1.0,1,0.11998875226183643,59
1303,2,1740,922,818,0,0,0,1.0,1,1.0,1,1.0,1,0.1597771437741026,55
1304,0,1740,922,818,0,0,0,1.0,1,1.0,1,1.0,1,0.1477205326690705,56
1305,5,1745,923,822,0,0,0,1.0,1,1.0,1,1.0,1,0.1379203171067237,54
1306,0,1745,923,822,0,0,0,1.0,1,1.0,1,1.0,1,0.12737242894036413,53
1307,2,1747,925,822,0,0,0,1.0,1,1.0,1,1.0,1,0.14234725404029416,52
1308,2,1749,927,822,0,0,0,1.0,1,1.0,1,1.0,1,0.20347286980245127,52
1309,6,1755,928,827,0,0,0,1.0,1,1.0,1,1.0,1,0.1813552881118264,54
1310,1,1756,929,827,0,0,0,1.0,1,1.0,1,1.0,1,0.2019644702775817,52
1311,1,1757,929,828,0,0,0,1.0,1,1.0,1,1.0,1,0.1808980114839561,51
1312,1,1758,930,828,0,0,0,1.0,1,1.0,1,1.0,1,0.22466108278037453,49
1313,1,1759,930,829,0,0,0,1.0,1,1.0,1,1.0,1,0.21455948008503917,47
1314,1,1760,930,830,0,0,0,1.0,1,1.0,1,1.0,1,0.18986710970243348,46
1315,0,1760,930,830,0,0,0,1.0,1,1.0,1,1.0,1,0.20088935764928467,45
1316,1,1761,930,831,0,0,0,1.0,1,1.0,1,1.0,1,0.17827487214648566,46
1317,1,1762,930,832,0,0,0,1.0,1,1.0,1,1.0,1,0.1530278701564725,45
1318,1,1763,930,833,0,0,0,1.0,1,1.0,1,1.0,1,0.15416214421127258,46
1319,1,1764,930,834,0,0,0,1.0,1,1.0,1,1.0,1,0.14327287320787166,46
1320,0,1764,930,834,0,0,0,1.0,1,1.0,1,1.0,1,0.14327287320787166,46
1321,1,1765,930,835,0,0,0,1.0,1,1.0,1,1.0,1,0.10910545146401873,48
1322,0,1765,930,835,0,0,0,1.0,1,1.0,1,1.0,1,0.12299329438901598,49
1323,1,1766,930,836,0,0,0,1.0,1,1.0,1,1.0,1,0.1178759106179325,49
1324,1,1767,930,837,0,0,0,1.0,1,1.0,1,1.0,1,0.12258666994644356,50
1325,1,1768,930,838,0,0,0,1.0,1,1.0,1,1.0,1,0.12969687714470332,49
1326,2,1770,931,839,0,0,0,1.0,1,1.0,1,1.0,1,0.17531379384338278,50
1327,3,1773,932,841,0,0,0,1.0,1,1.0,1,1.0,1,0.1795122723016407,50
1328,0,1773,932,841,0,0,0,1.0,1,1.0,1,1.0,1,0.198031223918685,49
1329,4,1777,932,845,0,0,0,1.0,1,1.0,1,1.0,1,0.15098598737880156,50
1330,0,1777,932,845,0,0,0,1.0,1,1.0,1,1.0,1,0.15098598737880156,50
1331,1,1778,933,845,0,0,0,1.0,1,1.0,1,1.0,1,0.17920694981906427,50
1332,1,1779,934,845,0,0,0,1.0,1,1.0,1,1.0,1,0.16502056326826728,51
1333,2,1781,934,847,0,0,0,1.0,1,1.0,1,1.0,1,0.15052422502332183,52
1334,3,1784,934,850,0,0,0,1.0,1,1.0,1,1.0,1,0.12902405911363432,54
1335,1,1785,934,851,0,0,0,1.0,1,1.0,1,1.0,1,0.12079121725075442,54
1336,0,1785,934,851,0,0,0,1.0,1,1.0,1,1.0,1,0.11179541955564076,56
1337,4,1789,936,853,0,0,0,1.0,1,1.0,1,1.0,1,0.1682304698460935,57
1338,1,1790,936,854,0,0,0,1.0,1,1.0,1,1.0,1,0.1603513687351103,57
1339,4,1794,938,856,0,0,0,1.0,1,1.0,1,1.0,1,0.19090353291071027,58
1340,1,1795,938,857,0,0,0,1.0,1,1.0,1,1.0,1,0.19369191900452223,59
1341,0,1795,938,857,0,0,0,1.0,1,1.0,1,1.0,1,0.17143834290153256,57
1342,0,1795,938,857,0,0,0,1.0,1,1.0,1,1.0,1,0.15474813341035437,57
1343,0,1795,938,857,0,0,0,1.0,1,1.0,1,1.0,1,0.15529686025226766,55
1344,0,1795,938,857,0,0,0,1.0,1,1.0,1,1.0,1,0.14413826667723406,54
1345,2,1797,938,859,0,0,0,1.0,1,1.0,1,1.0,1,0.12172213857299517,53
1346,0,1797,938,859,0,0,0,1.0,1,1.0,1,1.0,1,0.12760577038398035,53
1347,0,1797,938,859,0,0,0,1.0,1,1.0,1,1.0,1,0.13854666109133426,51
1348,0,1797,938,859,0,0,0,1.0,1,1.0,1,1.0,1,0.15461220650070112,52
1349,3,1800,939,861,0,0,0,1.0,1,1.0,1,1.0,1,0.1822722130477126,50
1350,1,1801,939,862,0,0,0,1.0,1,1.0,1,1.0,1,0.167928235341658,51
1351,0,1801,939,862,0,0,0,1.0,1,1.0,1,1.0,1,0.17914444465845605,50
1352,1,1802,939,863,0,0,0,1.0,1,1.0,1,1.0,1,0.16306341721538836,50
1353,2,1804,939,865,0,0,0,1.0,1,1.0,1,1.0,1,0.14414530724941885,50
1354,1,1805,939,866,0,0,0,1.0,1,1.0,1,1.0,1,0.15375300019060337,51
1355,1,1806,940,866,0,0,0,1.0,1,1.0,1,1.0,1,0.1205076905482216,53
1356,2,1808,941,867,0,0,0,1.0,1,1.0,1,1.0,1,0.15504344293849098,52
1357,2,1810,941,869,0,0,0,1.0,1,1.0,1,1.0,1,0.1451739814566405,52
1358,2,1812,942,870,0,0,0,1.0,1,1.0,1,1.0,1,0.11242747784786017,53
1359,2,1814,944,870,0,0,0,1.0,1,1.0,1,1.0,1,0.1416300898619607,54
1360,1,1815,945,870,0,0,0,1.0,1,1.0,1,1.0,1,0.13579621202360048,55
1361,2,1817,946,871,0,0,0,1.0,1,1.0,1,1.0,1,0.13741706613852733,55
1362,0,1817,946,871,0,0,0,1.0,1,1.0,1,1.0,1,0.11959676982030075,56
1363,0,1817,946,871,0,0,0,1.0,1,1.0,1,1.0,1,0.11959676982030075,56
1364,1,1818,946,872,0,0,0,1.0,1,1.0,1,1.0,1,0.11120088128609554,55
1365,2,1820,946,874,0,0,0,1.0,1,1.0,1,1.0,1,0.09959839723589313,56
1366,0,1820,946,874,0,0,0,1.0,1,1.0,1,1.0,1,0.11087330407261328,57
1367,0,1820,946,874,0,0,0,1.0,1,1.0,1,1.0,1,0.11087330407261328,57
1368,2,1822,946,876,0,0,0,1.0,1,1.0,1,1.0,1,0.10861100972979144,58
1369,3,1825,948,877,0,0,0,1.0,1,1.0,1,1.0,1,0.1211423565681645,59
1370,4,1829,950,879,0,0,0,1.0,1,1.0,1,1.0,1,0.1004284114392126,60
1371,0,1829,950,879,0,0,0,1.0,1,1.0,1,1.0,1,0.09781622391411886,59
1372,1,1830,951,879,0,0,0,1.0,1,1.0,1,1.0,1,0.10616952439162705,59
1373,4,1834,952,882,0,0,0,1.0,1,1.0,1,1.0,1,0.08005946880318848,59
1374,1,1835,953,882,0,0,0,1.0,1,1.0,1,1.0,1,0.08635608951441995,59
1375,1,1836,953,883,0,0,0,1.0,1,1.0,1,1.0,1,0.10354943379398031,62
1376,3,1839,954,885,0,0,0,1.0,1,1.0,1,1.0,1,0.10841654584943013,61
1377,3,1842,954,888,0,0,0,1.0,1,1.0,1,1.0,1,0.08684950389507273,63
1378,2,1844,956,888,0,0,0,1.0,1,1.0,1,1.0,1,0.14467067203475703,62
1379,6,1850,959,891,0,0,0,1.0,1,1.0,1,1.0,1,0.18277584302980343,61
1380,1,1851,959,892,0,0,0,1.0,1,1.0,1,1.0,1,0.16488838271852957,60
1381,4,1855,960,895,0,0,0,1.0,1,1.0,1,1.0,1,0.16988591442422415,58
1382,0,1855,960,895,0,0,0,1.0,1,1.0,1,1.0,1,0.15586969800857203,56
1383,1,1856,960,896,0,0,0,1.0,1,1.0,1,1.0,1,0.14411383504455044,57
1384,0,1856,960,896,0,0,0,1.0,1,1.0,1,1.0,1,0.1472329645554628,55
1385,3,1859,960,899,0,0,0,1.0,1,1.0,1,1.0,1,0.10644443593955465,55
1386,0,1859,960,899,0,0,0,1.0,1,1.0,1,1.0,1,0.09563259231938767,54
1387,0,1859,960,899,0,0,0,1.0,1,1.0,1,1.0,1,0.10200012142836982,53
1388,3,1862,962,900,0,0,0,1.0,1,1.0,1,1.0,1,0.12255085457817118,52
1389,0,1862,962,900,0,0,0,1.0,1,1.0,1,1.0,1,0.14688775794755868,52
1390,1,1863,962,901,0,0,0,1.0,1,1.0,1,1.0,1,0.14949899580506926,51
1391,1,1864,962,902,0,0,0,1.0,1,1.0,1,1.0,1,0.15064313529318712,52
1392,0,1864,962,902,0,0,0,1.0,1,1.0,1,1.0,1,0.14041157626233786,51
1393,1,1865,963,902,0,0,0,1.0,1,1.0,1,1.0,1,0.1618409101087176,51
1394,2,1867,963,904,0,0,0,1.0,1,1.0,1,1.0,1,0.1547017526719395,52
1395,0,1867,963,904,0,0,0,1.0,1,1.0,1,1.0,1,0.1547017526719395,52
1396,0,1867,963,904,0,0,0,1.0,1,1.0,1,1.0,1,0.14766937485874995,53
1397,1,1868,963,905,0,0,0,1.0,1,1.0,1,1.0,1,0.1453674841444762,56
1398,1,1869,964,905,0,0,0,1.0,1,1.0,1,1.0,1,0.13845173126380175,56
1399,3,1872,965,907,0,0,0,1.0,1,1.0,1,1.0,1,0.1241493013189103,57
1400,3,1875,967,908,0,0,0,1.0,1,1.0,1,1.0,1,0.12730213212696487,57
1401,1,1876,967,909,0,0,0,1.0,1,1.0,1,1.0,1,0.11847380034989255,57
1402,4,1880,971,909,0,0,0,1.0,1,1.0,1,1.0,1,0.17418340560001974,57
1403,2,1882,971,911,0,0,0,1.0,1,1.0,1,1.0,1,0.17194964751068267,56
1404,3,1885,973,912,0,0,0,1.0,1,1.0,1,1.0,1,0.16531916922647322,58
1405,5,1890,974,916,0,0,0,1.0,1,1.0,1,1.0,1,0.18867059756167284,58
1406,0,1890,974,916,0,0,0,1.0,1,1.0,1,1.0,1,0.18867059756167284,58
1407,0,1890,974,916,0,0,0,1.0,1,1.0,1,1.0,1,0.20890155323676274,57
1408,1,1891,974,917,0,0,0,1.0,1,1.0,1,1.0,1,0.2109925721440899,58
1409,0,1891,974,917,0,0,0,1.0,1,1.0,1,1.0,1,0.20559631711098864,57
1410,1,1892,975,917,0,0,0,1.0,1,1.0,1,1.0,1,0.21134508338361,57
1411,0,1892,975,917,0,0,0,1.0,1,1.0,1,1.0,1,0.22729372861735261,56
1412,0,1892,975,917,0,0,0,1.0,1,1.0,1,1.0,1,0.22699276050283837,55
1413,0,1892,975,917,0,0,0,1.0,1,1.0,1,1.0,1,0.22947958299829105,57
1414,0,1892,975,917,0,0,0,1.0,1,1.0,1,1.0,1,0.22947958299829105,57
1415,1,1893,976,917,0,0,0,1.0,1,1.0,1,1.0,1,0.24745409924411815,60
1416,2,1895,976,919,0,0,0,1.0,1,1.0,1,1.0,1,0.2343111328795882,61
1417,2,1897,976,921,0,0,0,1.0,1,1.0,1,1.0,1,0.18865796969689566,59
1418,1,1898,976,922,0,0,0,1.0,1,1.0,1,1.0,1,0.1827480467279825,60
1419,2,1900,977,923,0,0,0,1.0,1,1.0,1,1.0,1,0.1853840596028006,59
1420,0,1900,977,923,0,0,0,1.0,1,1.0,1,1.0,1,0.1734832919818637,58
1421,2,1902,977,925,0,0,0,1.0,1,1.0,1,1.0,1,0.14374202697731434,57
1422,0,1902,977,925,0,0,0,1.0,1,1.0,1,1.0,1,0.14374202697731434,57
1423,0,1902,977,925,0,0,0,1.0,1,1.0,1,1.0,1,0.13783466215043022,56
1424,0,1902,977,925,0,0,0,1.0,1,1.0,1,1.0,1,0.1408623317728315,57
1425,2,1904,977,927,0,0,0,1.0,1,1.0,1,1.0,1,0.1374657934516237,54
1426,0,1904,977,927,0,0,0,1.0,1,1.0,1,1.0,1,0.15718510000524683,54
1427,1,1905,978,927,0,0,0,1.0,1,1.0,1,1.0,1,0.21405036067097732,53
1428,1,1906,979,927,0,0,0,1.0,1,1.0,1,1.0,1,0.20968287528263163,52
1429,2,1908,979,929,0,0,0,1.0,1,1.0,1,1.0,1,0.1908475089612775,52
1430,2,1910,981,929,0,0,0,1.0,1,1.0,1,1.0,1,0.21648190417610105,51
1431,0,1910,981,929,0,0,0,1.0,1,1.0,1,1.0,1,0.21634649288016494,51
1432,4,1914,983,931,0,0,0,1.0,1,1.0,1,1.0,1,0.19842972947308138,52
1433,1,1915,983,932,0,0,0,1.0,1,1.0,1,1.0,1,0.18658994589684105,52
1434,2,1917,985,932,0,0,0,1.0,1,1.0,1,1.0,1,0.2058651350995449,52
1435,0,1917,985,932,0,0,0,1.0,1,1.0,1,1.0,1,0.22801534275996543,50
1436,1,1918,986,932,0,0,0,1.0,1,1.0,1,1.0,1,0.25198104730273885,50
1437,3,1921,987,934,0,0,0,1.0,1,1.0,1,1.0,1,0.25142323858627713,49
1438,2,1923,988,935,0,0,0,1.0,1,1.0,1,1.0,1,0.2417614209414407,49
1439,1,1924,989,935,0,0,0,1.0,1,1.0,1,1.0,1,0.26182514413194263,50
1440,2,1926,991,935,0,0,0,1.0,1,1.0,1,1.0,1,0.29056412976978396,50
1441,2,1928,992,936,0,0,0,1.0,1,1.0,1,1.0,1,0.28597047819517446,51
1442,0,1928,992,936,0,0,0,1.0,1,1.0,1,1.0,1,0.2980800332897296,50
1443,1,1929,992,937,0,0,0,1.0,1,1.0,1,1.0,1,0.28151413872020203,51
1444,3,1932,992,940,0,0,0,1.0,1,1.0,1,1.0,1,0.2396560643608407,51
1445,4,1936,993,943,0,0,0,1.0,1,1.0,1,1.0,1,0.2465245549883243,51
1446,3,1939,994,945,0,0,0,1.0,1,1.0,1,1.0,1,0.21685086065628803,51
1447,2,1941,994,947,0,0,0,1.0,1,1.0,1,1.0,1,0.1916025952214,51
1448,4,1945,995,950,0,0,0,1.0,1,1.0,1,1.0,1,0.13321746484271618,51
1449,2,1947,995,952,0,0,0,1.0,1,1.0,1,1.0,1,0.11244514449925445,51
1450,1,1948,995,953,0,0,0,1.0,1,1.0,1,1.0,1,0.09919983134062561,52
1451,1,1949,996,953,0,0,0,1.0,1,1.0,1,1.0,1,0.10085252756927428,54
1452,2,1951,996,955,0,0,0,1.0,1,1.0,1,1.0,1,0.10799445805397126,56
1453,5,1956,998,958,0,0,0,1.0,1,1.0,1,1.0,1,0.12211213989837948,56
1454,1,1957,998,959,0,0,0,1.0,1,1.0,1,1.0,1,0.13719821266010707,58
1455,4,1961,1000,961,0,0,0,1.0,1,1.0,1,1.0,1,0.1536389146747042,55
1456,0,1961,1000,961,0,0,0,1.0,1,1.0,1,1.0,1,0.16427716231753553,56
1457,3,1964,1001,963,0,0,0,1.0,1,1.0,1,1.0,1,0.1890003673189599,54
1458,2,1966,1002,964,0,0,0,1.0,1,1.0,1,1.0,1,0.18395190727198488,52
1459,0,1966,1002,964,0,0,0,1.0,1,1.0,1,1.0,1,0.18934584146478814,52
1460,0,1966,1002,964,0,0,0,1.0,1,1.0,1,1.0,1,0.17118543862909752,50
1461,3,1969,1003,966,0,0,0,1.0,1,1.0,1,1.0,1,0.17113466272990777,53
1462,1,1970,1004,966,0,0,0,1.0,1,1.0,1,1.0,1,0.18254038797710445,51
1463,1,1971,1004,967,0,0,0,1.0,1,1.0,1,1.0,1,0.18329341784541286,51
1464,0,1971,1004,967,0,0,0,1.0,1,1.0,1,1.0,1,0.18329341784541286,51
1465,4,1975,1004,971,0,0,0,1.0,1,1.0,1,1.0,1,0.12781353583971913,49
1466,2,1977,1005,972,0,0,0,1.0,1,1.0,1,1.0,1,0.14451383584947985,49
1467,1,1978,1006,972,0,0,0,1.0,1,1.0,1,1.0,1,0.1882981993832324,47
1468,1,1979,1007,972,0,0,0,1.0,1,1.0,1,1.0,1,0.2144291502701559,48
1469,2,1981,1008,973,0,0,0,1.0,1,1.0,1,1.0,1,0.2381885274120336,47
1470,1,1982,1008,974,0,0,0,1.0,1,1.0,1,1.0,1,0.2183334158693622,49
1471,1,1983,1008,975,0,0,0,1.0,1,1.0,1,1.0,1,0.23425135725660012,48
1472,0,1983,1008,975,0,0,0,1.0,1,1.0,1,1.0,1,0.22631262737893484,48
1473,0,1983,1008,975,0,0,0,1.0,1,1.0,1,1.0,1,0.23463846209125996,49
1474,1,1984,1008,976,0,0,0,1.0,1,1.0,1,1.0,1,0.22143181313879592,49
1475,0,1984,1008,976,0,0,0,1.0,1,1.0,1,1.0,1,0.22143181313879592,49
1476,1,1985,1008,977,0,0,0,1.0,1,1.0,1,1.0,1,0.2124440131129525,51
1477,0,1985,1008,977,0,0,0,1.0,1,1.0,1,1.0,1,0.2124440131129525,51
1478,2,1987,1008,979,0,0,0,1.0,1,1.0,1,1.0,1,0.17626308589227327,52
1479,2,1989,1008,981,0,0,0,1.0,1,1.0,1,1.0,1,0.1647322188189564,53
1480,4,1993,1009,984,0,0,0,1.0,1,1.0,1,1.0,1,0.15637544917140997,53
1481,1,1994,1009,985,0,0,0,1.0,1,1.0,1,1.0,1,0.1464822221931166,53
1482,1,1995,1010,985,0,0,0,1.0,1,1.0,1,1.0,1,0.18685995741862482,52
1483,0,1995,1010,985,0,0,0,1.0,1,1.0,1,1.0,1,0.18685995741862482,52
1484,2,1997,1010,987,0,0,0,1.0,1,1.0,1,1.0,1,0.19602946366447474,53
1485,3,2000,1010,990,0,0,0,1.0,1,1.0,1,1.0,1,0.16728879946536937,53
1486,3,2003,1010,993,0,0,0,1.0,1,1.0,1,1.0,1,0.17041347732215928,54
1487,0,2003,1010,993,0,0,0,1.0,1,1.0,1,1.0,1,0.17821992596013017,55
1488,1,2004,1010,994,0,0,0,1.0,1,1.0,1,1.0,1,0.1784265436504317,57
1489,3,2007,1010,997,0,0,0,1.0,1,1.0,1,1.0,1,0.1450660096229848,58
1490,0,2007,1010,997,0,0,0,1.0,1,1.0,1,1.0,1,0.1450660096229848,58
1491,1,2008,1011,997,0,0,0,1.0,1,1.0,1,1.0,1,0.16921089636920184,59
1492,1,2009,1011,998,0,0,0,1.0,1,1.0,1,1.0,1,0.159098750238014,59
1493,2,2011,1012,999,0,0,0,1.0,1,1.0,1,1.0,1,0.15061460295515391,58
1494,3,2014,1013,1001,0,0,0,1.0,1,1.0,1,1.0,1,0.16262682707971512,58
1495,1,2015,1014,1001,0,0,0,1.0,1,1.0,1,1.0,1,0.1780355269941327,57
1496,0,2015,1014,1001,0,0,0,1.0,1,1.0,1,1.0,1,0.16647288575154245,59
1497,1,2016,1015,1001,0,0,0,1.0,1,1.0,1,1.0,1,0.18279711743611105,58
1498,3,2019,1016,1003,0,0,0,1.0,1,1.0,1,1.0,1,0.18556146076266122,58
1499,0,2019,1016,1003,0,0,0,1.0,1,1.0,1,1.0,1,0.1691943712870966,56
1500,1,2020,1016,1004,0,0,0,1.0,1,1.0,1,1.0,1,0.1706263227678195,57
1501,0,2020,1016,1004,0,0,0,1.0,1,1.0,1,1.0,1,0.1593368438553323,55
1502,0,2020,1016,1004,0,0,0,1.0,1,1.0,1,1.0,1,0.1594907292144205,55
1503,1,2021,1017,1004,0,0,0,1.0,1,1.0,1,1.0,1,0.19164609310412303,54
1504,1,2022,1017,1005,0,0,0,1.0,1,1.0,1,1.0,1,0.14331445211979812,55
1505,3,2025,1018,1007,0,0,0,1.0,1,1.0,1,1.0,1,0.11658556879050978,53
1506,0,2025,1018,1007,0,0,0,1.0,1,1.0,1,1.0,1,0.1274353056180208,55
1507,0,2025,1018,1007,0,0,0,1.0,1,1.0,1,1.0,1,0.15049688282245005,53
1508,1,2026,1018,1008,0,0,0,1.0,1,1.0,1,1.0,1,0.1386740159347026,53
1509,2,2028,1018,1010,0,0,0,1.0,1,1.0,1,1.0,1,0.16083151924949413,52
1510,1,2029,1018,1011,0,0,0,1.0,1,1.0,1,1.0,1,0.17306973866469585,50
1511,0,2029,1018,1011,0,0,0,1.0,1,1.0,1,1.0,1,0.182424884802024,49
1512,2,2031,1020,1011,0,0,0,1.0,1,1.0,1,1.0,1,0.23964066761736202,48
1513,2,2033,1020,1013,0,0,0,1.0,1,1.0,1,1.0,1,0.25991462541126314,47
1514,2,2035,1020,1015,0,0,0,1.0,1,1.0,1,1.0,1,0.21965149814440602,48
1515,1,2036,1020,1016,0,0,0,1.0,1,1.0,1,1.0,1,0.21171833821699707,48
1516,0,2036,1020,1016,0,0,0,1.0,1,1.0,1,1.0,1,0.21927430405959422,47
1517,5,2041,1020,1021,0,0,0,1.0,1,1.0,1,1.0,1,0.1795795971353497,48
1518,1,2042,1020,1022,0,0,0,1.0,1,1.0,1,1.0,1,0.16761022489120145,48
1519,0,2042,1020,1022,0,0,0,1.0,1,1.0,1,1.0,1,0.18161683883646346,47
1520,0,2042,1020,1022,0,0,0,1.0,1,1.0,1,1.0,1,0.190341103075214,48
1521,1,2043,1020,1023,0,0,0,1.0,1,1.0,1,1.0,1,0.16998426707013,49
1522,0,2043,1020,1023,0,0,0,1.0,1,1.0,1,1.0,1,0.16840763256211969,48
1523,0,2043,1020,1023,0,0,0,1.0,1,1.0,1,1.0,1,0.18021673754078532,49
1524,3,2046,1021,1025,0,0,0,1.0,1,1.0,1,1.0,1,0.1774410232142151,49
1525,1,2047,1021,1026,0,0,0,1.0,1,1.0,1,1.0,1,0.17329858001827728,51
1526,0,2047,1021,1026,0,0,0,1.0,1,1.0,1,1.0,1,0.154450135398736,52
1527,1,2048,1021,1027,0,0,0,1.0,1,1.0,1,1.0,1,0.14807459374803006,54
1528,1,2049,1021,1028,0,0,0,1.0,1,1.0,1,1.0,1,0.12634729428132913,54
1529,0,2049,1021,1028,0,0,0,1.0,1,1.0,1,1.0,1,0.12634729428132913,54
1530,1,2050,1022,1028,0,0,0,1.0,1,1.0,1,1.0,1,0.15388491451428216,54
1531,1,2051,1022,1029,0,0,0,1.0,1,1.0,1,1.0,1,0.12441588660605417,54
1532,2,2053,1023,1030,0,0,0,1.0,1,1.0,1,1.0,1,0.09451491018880406,54
1533,0,2053,1023,1030,0,0,0,1.0,1,1.0,1,1.0,1,0.1023166133589107,54
1534,1,2054,1023,1031,0,0,0,1.0,1,1.0,1,1.0,1,0.08822333229939566,54
1535,0,2054,1023,1031,0,0,0,1.0,1,1.0,1,1.0,1,0.08822333229939566,54
1536,1,2055,1023,1032,0,0,0,1.0,1,1.0,1,1.0,1,0.07997921553377725,55
1537,0,2055,1023,1032,0,0,0,1.0,1,1.0,1,1.0,1,0.08825185465743703,53
1538,1,2056,1023,1033,0,0,0,1.0,1,1.0,1,1.0,1,0.09038477503457219,54
1539,0,2056,1023,1033,0,0,0,1.0,1,1.0,1,1.0,1,0.11184389671578311,54
1540,1,2057,1024,1033,0,0,0,1.0,1,1.0,1,1.0,1,0.12119410744370782,54
1541,2,2059,1024,1035,0,0,0,1.0,1,1.0,1,1.0,1,0.09535189918547637,54
1542,4,2063,1025,1038,0,0,0,1.0,1,1.0,1,1.0,1,0.07426039433100866,57
1543,2,2065,1026,1039,0,0,0,1.0,1,1.0,1,1.0,1,0.10822147569759433,55
1544,3,2068,1028,1040,0,0,0,1.0,1,1.0,1,1.0,1,0.11396281696004426,54
1545,1,2069,1028,1041,0,0,0,1.0,1,1.0,1,1.0,1,0.12052746455613039,54
1546,3,2072,1030,1042,0,0,0,1.0,1,1.0,1,1.0,1,0.10116968976762088,53
1547,2,2074,1032,1042,0,0,0,1.0,1,1.0,1,1.0,1,0.08492541572019531,53
1548,3,2077,1035,1042,0,0,0,1.0,1,1.0,1,1.0,1,0.08907587610304715,54
1549,5,2082,1037,1045,0,0,0,1.0,1,1.0,1,1.0,1,0.08631524581577127,52
1550,3,2085,1040,1045,0,0,0,1.0,1,1.0,1,1.0,1,0.1130755134472404,52
1551,3,2088,1042,1046,0,0,0,1.0,1,1.0,1,1.0,1,0.13179803058279882,52
1552,2,2090,1043,1047,0,0,0,1.0,1,1.0,1,1.0,1,0.1478282005282692,51
1553,6,2096,1043,1053,0,0,0,1.0,1,1.0,1,1.0,1,0.1266420227129191,51
1554,2,2098,1045,1053,0,0,0,1.0,1,1.0,1,1.0,1,0.08830185983604681,51
1555,1,2099,1046,1053,0,0,0,1.0,1,1.0,1,1.0,1,0.1176299111309305,50
1556,2,2101,1048,1053,0,0,0,1.0,1,1.0,1,1.0,1,0.11110935932031768,51
1557,4,2105,1050,1055,0,0,0,1.0,1,1.0,1,1.0,1,0.09243925553118447,51
1558,1,2106,1050,1056,0,0,0,1.0,1,1.0,1,1.0,1,0.09013352270851077,52
1559,0,2106,1050,1056,0,0,0,1.0,1,1.0,1,1.0,1,0.07442475352238599,53
1560,1,2107,1051,1056,0,0,0,1.0,1,1.0,1,1.0,1,0.11563590964326545,51
1561,2,2109,1051,1058,0,0,0,1.0,1,1.0,1,1.0,1,0.08270303356882067,51
1562,0,2109,1051,1058,0,0,0,1.0,1,1.0,1,1.0,1,0.08634580629654082,52
1563,1,2110,1052,1058,0,0,0,1.0,1,1.0,1,1.0,1,0.12278090616609696,52
1564,0,2110,1052,1058,0,0,0,1.0,1,1.0,1,1.0,1,0.10805119776627235,51
1565,1,2111,1052,1059,0,0,0,1.0,1,1.0,1,1.0,1,0.10698877808398718,53
1566,2,2113,1052,1061,0,0,0,1.0,1,1.0,1,1.0,1,0.08348783365749934,53
1567,1,2114,1053,1061,0,0,0,1.0,1,1.0,1,1.0,1,0.07810139052196967,52
1568,2,2116,1054,1062,0,0,0,1.0,1,1.0,1,1.0,1,0.07725468911112313,52
1569,1,2117,1055,1062,0,0,0,1.0,1,1.0,1,1.0,1,0.10628620467279747,49
1570,1,2118,1056,1062,0,0,0,1.0,1,1.0,1,1.0,1,0.1232359325693372,48
1571,2,2120,1058,1062,0,0,0,1.0,1,1.0,1,1.0,1,0.14524491528083158,46
1572,3,2123,1061,1062,0,0,0,1.0,1,1.0,1,1.0,1,0.13256614552871723,47
1573,4,2127,1062,1065,0,0,0,1.0,1,1.0,1,1.0,1,0.10664097910178673,48
1574,2,2129,1064,1065,0,0,0,1.0,1,1.0,1,1.0,1,0.09408034032362816,46
1575,1,2130,1065,1065,0,0,0,1.0,1,1.0,1,1.0,1,0.1267215000622132,47
1576,3,2133,1068,1065,0,0,0,1.0,1,1.0,1,1.0,1,0.0905146613463958,46
1577,0,2133,1068,1065,0,0,0,1.0,1,1.0,1,1.0,1,0.07737446947773487,45
1578,1,2134,1069,1065,0,0,0,1.0,1,1.0,1,1.0,1,0.07987056594262391,44
1579,1,2135,1069,1066,0,0,0,1.0,1,1.0,1,1.0,1,0.05519439808995494,43
1580,0,2135,1069,1066,0,0,0,1.0,1,1.0,1,1.0,1,0.05519439808995494,43
1581,2,2137,1069,1068,0,0,0,1.0,1,1.0,1,1.0,1,0.056284839155396164,42
1582,0,2137,1069,1068,0,0,0,1.0,1,1.0,1,1.0,1,0.056284839155396164,42
1583,0,2137,1069,1068,0,0,0,1.0,1,1.0,1,1.0,1,0.055408044932369005,43
1584,1,2138,1069,1069,0,0,0,1.0,1,1.0,1,1.0,1,0.0643841183081837,41
1585,5,2143,1073,1070,0,0,0,1.0,1,1.0,1,1.0,1,0.06780033945177465,43
1586,1,2144,1074,1070,0,0,0,1.0,1,1.0,1,1.0,1,0.10593031543948182,42
1587,3,2147,1076,1071,0,0,0,1.0,1,1.0,1,1.0,1,0.13438987588402182,42
1588,1,2148,1077,1071,0,0,0,1.0,1,1.0,1,1.0,1,0.17698903804986804,42
1589,3,2151,1078,1073,0,0,0,1.0,1,1.0,1,1.0,1,0.1369194175325356,42
1590,2,2153,1078,1075,0,0,0,1.0,1,1.0,1,1.0,1,0.16489226034036708,41
1591,0,2153,1078,1075,0,0,0,1.0,1,1.0,1,1.0,1,0.18096656631469962,40
1592,0,2153,1078,1075,0,0,0,1.0,1,1.0,1,1.0,1,0.20195037464498317,39
1593,5,2158,1079,1079,0,0,0,1.0,1,1.0,1,1.0,1,0.11377353610663414,39
1594,0,2158,1079,1079,0,0,0,1.0,1,1.0,1,1.0,1,0.13831062833094085,39
1595,0,2158,1079,1079,0,0,0,1.0,1,1.0,1,1.0,1,0.14622645350870686,42
1596,0,2158,1079,1079,0,0,0,1.0,1,1.0,1,1.0,1,0.17615005959810418,41
1597,2,2160,1079,1081,0,0,0,1.0,1,1.0,1,1.0,1,0.15683179620215987,41
1598,0,2160,1079,1081,0,0,0,1.0,1,1.0,1,1.0,1,0.19884627204104163,39
1599,1,2161,1080,1081,0,0,0,1.0,1,1.0,1,1.0,1,0.20059355306441135,39
1600,2,2163,1080,1083,0,0,0,1.0,1,1.0,1,1.0,1,0.1786010335013456,40
1601,5,2168,1082,1086,0,0,0,1.0,1,1.0,1,1.0,1,0.16395129283676277,41
1602,0,2168,1082,1086,0,0,0,1.0,1,1.0,1,1.0,1,0.14482257964755582,41
1603,1,2169,1083,1086,0,0,0,1.0,1,1.0,1,1.0,1,0.17869382586352742,43
1604,1,2170,1084,1086,0,0,0,1.0,1,1.0,1,1.0,1,0.19198378593771706,43
1605,4,2174,1085,1089,0,0,0,1.0,1,1.0,1,1.0,1,0.14878801532244582,44
1606,3,2177,1086,1091,0,0,0,1.0,1,1.0,1,1.0,1,0.1346059589910225,44
1607,1,2178,1087,1091,0,0,0,1.0,1,1.0,1,1.0,1,0.1132750705181263,42
1608,0,2178,1087,1091,0,0,0,1.0,1,1.0,1,1.0,1,0.1236746995177984,41
1609,0,2178,1087,1091,0,0,0,1.0,1,1.0,1,1.0,1,0.08234066207649186,39
1610,0,2178,1087,1091,0,0,0,1.0,1,1.0,1,1.0,1,0.042440353781849044,39
1611,1,2179,1087,1092,0,0,0,1.0,1,1.0,1,1.0,1,0.0273375811037498,40
1612,0,2179,1087,1092,0,0,0,1.0,1,1.0,1,1.0,1,0.02461222432459141,39
1613,0,2179,1087,1092,0,0,0,1.0,1,1.0,1,1.0,1,0.028211891033969604,41
1614,1,2180,1088,1092,0,0,0,1.0,1,1.0,1,1.0,1,0.01988009223307639,41
1615,1,2181,1089,1092,0,0,0,1.0,1,1.0,1,1.0,1,0.04572794085096514,41
1616,2,2183,1091,1092,0,0,0,1.0,1,1.0,1,1.0,1,0.05357417369830042,43
1617,2,2185,1092,1093,0,0,0,1.0,1,1.0,1,1.0,1,0.0647485777376036,44
1618,0,2185,1092,1093,0,0,0,1.0,1,1.0,1,1.0,1,0.0647485777376036,44
1619,2,2187,1094,1093,0,0,0,1.0,1,1.0,1,1.0,1,0.11908398487523042,44
1620,2,2189,1095,1094,0,0,0,1.0,1,1.0,1,1.0,1,0.11114798548563236,45
1621,1,2190,1095,1095,0,0,0,1.0,1,1.0,1,1.0,1,0.09313560947601464,44
1622,2,2192,1097,1095,0,0,0,1.0,1,1.0,1,1.0,1,0.13277774231354514,44
1623,1,2193,1097,1096,0,0,0,1.0,1,1.0,1,1.0,1,0.13157343262374507,43
1624,0,2193,1097,1096,0,0,0,1.0,1,1.0,1,1.0,1,0.10957918323061568,43
1625,2,2195,1099,1096,0,0,0,1.0,1,1.0,1,1.0,1,0.12320167689952036,43
1626,1,2196,1099,1097,0,0,0,1.0,1,1.0,1,1.0,1,0.1199699842976411,42
1627,1,2197,1100,1097,0,0,0,1.0,1,1.0,1,1.0,1,0.1253736574855711,42
1628,0,2197,1100,1097,0,0,0,1.0,1,1.0,1,1.0,1,0.1333126670536813,42
1629,2,2199,1101,1098,0,0,0,1.0,1,1.0,1,1.0,1,0.11829477100965081,41
1630,2,2201,1102,1099,0,0,0,1.0,1,1.0,1,1.0,1,0.10150819256048152,41
1631,0,2201,1102,1099,0,0,0,1.0,1,1.0,1,1.0,1,0.12656647703115306,40
1632,0,2201,1102,1099,0,0,0,1.0,1,1.0,1,1.0,1,0.1338144363092399,39
1633,1,2202,1102,1100,0,0,0,1.0,1,1.0,1,1.0,1,0.11864365712042271,39
1634,0,2202,1102,1100,0,0,0,1.0,1,1.0,1,1.0,1,0.11864365712042271,39
1635,1,2203,1102,1101,0,0,0,1.0,1,1.0,1,1.0,1,0.11465103726666509,40
1636,1,2204,1102,1102,0,0,0,1.0,1,1.0,1,1.0,1,0.11990420099609568,41
1637,1,2205,1102,1103,0,0,0,1.0,1,1.0,1,1.0,1,0.12371613010031006,41
1638,3,2208,1103,1105,0,0,0,1.0,1,1.0,1,1.0,1,0.12014657420527096,42
1639,1,2209,1104,1105,0,0,0,1.0,1,1.0,1,1.0,1,0.10129535336095853,43
1640,2,2211,1106,1105,0,0,0,1.0,1,1.0,1,1.0,1,0.06561597779899589,43
1641,1,2212,1107,1105,0,0,0,1.0,1,1.0,1,1.0,1,0.05100800267181851,44
1642,6,2218,1111,1107,0,0,0,1.0,1,1.0,1,1.0,1,0.09820853036913331,45
1643,1,2219,1112,1107,0,0,0,1.0,1,1.0,1,1.0,1,0.12755943097912867,44
1644,2,2221,1113,1108,0,0,0,1.0,1,1.0,1,1.0,1,0.10920652202104598,45
1645,0,2221,1113,1108,0,0,0,1.0,1,1.0,1,1.0,1,0.09607344218582675,44
1646,1,2222,1113,1109,0,0,0,1.0,1,1.0,1,1.0,1,0.06705505419841942,43
1647,1,2223,1114,1109,0,0,0,1.0,1,1.0,1,1.0,1,0.10659658334926839,43
1648,0,2223,1114,1109,0,0,0,1.0,1,1.0,1,1.0,1,0.1273872827677049,42
1649,1,2224,1114,1110,0,0,0,1.0,1,1.0,1,1.0,1,0.10974945879745411,41
1650,0,2224,1114,1110,0,0,0,1.0,1,1.0,1,1.0,1,0.10974945879745411,41
1651,0,2224,1114,1110,0,0,0,1.0,1,1.0,1,1.0,1,0.11879538444718526,40
1652,1,2225,1114,1111,0,0,0,1.0,1,1.0,1,1.0,1,0.0768931283455129,39
1653,1,2226,1114,1112,0,0,0,1.0,1,1.0,1,1.0,1,0.08021642137619496,39
1654,1,2227,1114,1113,0,0,0,1.0,1,1.0,1,1.0,1,0.03550173165291225,39
1655,2,2229,1116,1113,0,0,0,1.0,1,1.0,1,1.0,1,0.07979397323583085,40
1656,1,2230,1117,1113,0,0,0,1.0,1,1.0,1,1.0,1,0.1258807358141605,40
1657,1,2231,1118,1113,0,0,0,1.0,1,1.0,1,1.0,1,0.11538401227228418,40
1658,1,2232,1119,1113,0,0,0,1.0,1,1.0,1,1.0,1,0.10889835329748929,40
1659,3,2235,1122,1113,0,0,0,1.0,1,1.0,1,1.0,1,0.18124767984451481,40
1660,3,2238,1124,1114,0,0,0,1.0,1,1.0,1,1.0,1,0.13773557099721656,41
1661,5,2243,1126,1117,0,0,0,1.0,1,1.0,1,1.0,1,0.06785076587479245,42
1662,1,2244,1127,1117,0,0,0,1.0,1,1.0,1,1.0,1,0.02041492460238188,44
1663,1,2245,1128,1117,0,0,0,1.0,1,1.0,1,1.0,1,0.06969135806225323,43
1664,1,2246,1129,1117,0,0,0,1.0,1,1.0,1,1.0,1,0.058807262792630224,42
1665,1,2247,1130,1117,0,0,0,1.0,1,1.0,1,1.0,1,0.08488451349713928,42
1666,3,2250,1133,1117,0,0,0,1.0,1,1.0,1,1.0,1,0.05148862418225012,43
1667,2,2252,1135,1117,0,0,0,1.0,1,1.0,1,1.0,1,0.0659067274741084,40
1668,0,2252,1135,1117,0,0,0,1.0,1,1.0,1,1.0,1,0.07406200560648628,40
1669,3,2255,1138,1117,0,0,0,1.0,1,1.0,1,1.0,1,0.08899008813547722,40
1670,1,2256,1139,1117,0,0,0,1.0,1,1.0,1,1.0,1,0.10076479785532452,39
1671,1,2257,1140,1117,0,0,0,1.0,1,1.0,1,1.0,1,0.11626266189707647,39
1672,2,2259,1142,1117,0,0,0,1.0,1,1.0,1,1.0,1,0.15949089553003473,38
1673,2,2261,1144,1117,0,0,0,1.0,1,1.0,1,1.0,1,0.18779648973708915,38
1674,2,2263,1145,1118,0,0,0,1.0,1,1.0,1,1.0,1,0.1730859021683281,38
1675,0,2263,1145,1118,0,0,0,1.0,1,1.0,1,1.0,1,0.1516199550515252,39
1676,1,2264,1145,1119,0,0,0,1.0,1,1.0,1,1.0,1,0.1565389154355378,39
1677,0,2264,1145,1119,0,0,0,1.0,1,1.0,1,1.0,1,0.13932715486193242,40
1678,1,2265,1146,1119,0,0,0,1.0,1,1.0,1,1.0,1,0.1799484032471994,39
1679,0,2265,1146,1119,0,0,0,1.0,1,1.0,1,1.0,1,0.1799484032471994,39
1680,0,2265,1146,1119,0,0,0,1.0,1,1.0,1,1.0,1,0.1822004171853327,40
1681,1,2266,1147,1119,0,0,0,1.0,1,1.0,1,1.0,1,0.16818398945211957,41
1682,2,2268,1147,1121,0,0,0,1.0,1,1.0,1,1.0,1,0.12038228207738415,40
1683,5,2273,1151,1122,0,0,0,1.0,1,1.0,1,1.0,1,0.13442378697076357,43
1684,3,2276,1152,1124,0,0,0,1.0,1,1.0,1,1.0,1,0.13291849537211203,42
1685,4,2280,1154,1126,0,0,0,1.0,1,1.0,1,1.0,1,0.09529429046862818,41
1686,0,2280,1154,1126,0,0,0,1.0,1,1.0,1,1.0,1,0.0696932940918909,39
1687,5,2285,1158,1127,0,0,0,1.0,1,1.0,1,1.0,1,0.12665220973399208,41
1688,0,2285,1158,1127,0,0,0,1.0,1,1.0,1,1.0,1,0.11520727547371945,39
1689,4,2289,1161,1128,0,0,0,1.0,1,1.0,1,1.0,1,0.09376437449013006,37
1690,0,2289,1161,1128,0,0,0,1.0,1,1.0,1,1.0,1,0.09420399880802248,36
1691,1,2290,1162,1128,0,0,0,1.0,1,1.0,1,1.0,1,0.13843837078174706,36
1692,0,2290,1162,1128,0,0,0,1.0,1,1.0,1,1.0,1,0.13181959478382696,34
1693,2,2292,1163,1129,0,0,0,1.0,1,1.0,1,1.0,1,0.08493309720060993,33
1694,0,2292,1163,1129,0,0,0,1.0,1,1.0,1,1.0,1,0.12125203819748445,32
1695,0,2292,1163,1129,0,0,0,1.0,1,1.0,1,1.0,1,0.11368869630993438,32
1696,2,2294,1164,1130,0,0,0,1.0,1,1.0,1,1.0,1,0.12379565410155471,34
1697,1,2295,1165,1130,0,0,0,1.0,1,1.0,1,1.0,1,0.15729679199546323,34
1698,3,2298,1167,1131,0,0,0,1.0,1,1.0,1,1.0,1,0.16812606778246134,36
1699,3,2301,1169,1132,0,0,0,1.0,1,1.0,1,1.0,1,0.17357371409096925,36
1700,1,2302,1169,1133,0,0,0,1.0,1,1.0,1,1.0,1,0.1825776586309879,37
1701,1,2303,1169,1134,0,0,0,1.0,1,1.0,1,1.0,1,0.1436649481152099,39
1702,0,2303,1169,1134,0,0,0,1.0,1,1.0,1,1.0,1,0.1436649481152099,39
1703,1,2304,1170,1134,0,0,0,1.0,1,1.0,1,1.0,1,0.15485544748396615,38
1704,0,2304,1170,1134,0,0,0,1.0,1,1.0,1,1.0,1,0.11849073272829165,38
1705,3,2307,1172,1135,0,0,0,1.0,1,1.0,1,1.0,1,0.12636539614176678,37
1706,3,2310,1173,1137,0,0,0,1.0,1,1.0,1,1.0,1,0.08277341238935419,37
1707,1,2311,1174,1137,0,0,0,1.0,1,1.0,1,1.0,1,0.1174240735253393,36
1708,0,2311,1174,1137,0,0,0,1.0,1,1.0,1,1.0,1,0.15789936851183817,34
1709,2,2313,1174,1139,0,0,0,1.0,1,1.0,1,1.0,1,0.1132498185020642,34
1710,5,2318,1177,1141,0,0,0,1.0,1,1.0,1,1.0,1,0.20942249036538,33
1711,0,2318,1177,1141,0,0,0,1.0,1,1.0,1,1.0,1,0.19654778594004937,32
1712,1,2319,1178,1141,0,0,0,1.0,1,1.0,1,1.0,1,0.2289317700528335,31
1713,2,2321,1178,1143,0,0,0,1.0,1,1.0,1,1.0,1,0.19166990746650253,32
1714,0,2321,1178,1143,0,0,0,1.0,1,1.0,1,1.0,1,0.19166990746650253,32
1715,0,2321,1178,1143,0,0,0,1.0,1,1.0,1,1.0,1,0.19166990746650253,32
1716,3,2324,1179,1145,0,0,0,1.0,1,1.0,1,1.0,1,0.12811645761300022,34
1717,1,2325,1179,1146,0,0,0,1.0,1,1.0,1,1.0,1,0.09049881383582245,34
1718,1,2326,1179,1147,0,0,0,1.0,1,1.0,1,1.0,1,0.10349959175847306,34
1719,1,2327,1180,1147,0,0,0,1.0,1,1.0,1,1.0,1,0.14813796692861356,34
1720,2,2329,1181,1148,0,0,0,1.0,1,1.0,1,1.0,1,0.14955789506127082,34
1721,3,2332,1182,1150,0,0,0,1.0,1,1.0,1,1.0,1,0.14704997562204614,35
1722,0,2332,1182,1150,0,0,0,1.0,1,1.0,1,1.0,1,0.12187767894520701,35
1723,0,2332,1182,1150,0,0,0,1.0,1,1.0,1,1.0,1,0.1047029245545731,34
1724,1,2333,1183,1150,0,0,0,1.0,1,1.0,1,1.0,1,0.06017833652528533,33
1725,0,2333,1183,1150,0,0,0,1.0,1,1.0,1,1.0,1,0.056438593913342376,35
1726,0,2333,1183,1150,0,0,0,1.0,1,1.0,1,1.0,1,0.0899674123472973,34
1727,0,2333,1183,1150,0,0,0,1.0,1,1.0,1,1.0,1,0.0899674123472973,34
1728,1,2334,1184,1150,0,0,0,1.0,1,1.0,1,1.0,1,0.07352100467744133,35
1729,2,2336,1185,1151,0,0,0,1.0,1,1.0,1,1.0,1,0.03882338791115526,35
1730,0,2336,1185,1151,0,0,0,1.0,1,1.0,1,1.0,1,0.03882338791115526,35
1731,1,2337,1186,1151,0,0,0,1.0,1,1.0,1,1.0,1,0.1101282618562651,35
1732,0,2337,1186,1151,0,0,0,1.0,1,1.0,1,1.0,1,0.1101282618562651,35
1733,1,2338,1186,1152,0,0,0,1.0,1,1.0,1,1.0,1,0.11419808610335876,33
1734,0,2338,1186,1152,0,0,0,1.0,1,1.0,1,1.0,1,0.13083526321397562,34
1735,0,2338,1186,1152,0,0,0,1.0,1,1.0,1,1.0,1,0.15982023647450286,33
1736,3,2341,1189,1152,0,0,0,1.0,1,1.0,1,1.0,1,0.15175497709420704,33
1737,1,2342,1189,1153,0,0,0,1.0,1,1.0,1,1.0,1,0.10365475023144445,35
1738,1,2343,1190,1153,0,0,0,1.0,1,1.0,1,1.0,1,0.08549313305693705,36
1739,3,2346,1192,1154,0,0,0,1.0,1,1.0,1,1.0,1,0.05605926075281191,36
1740,1,2347,1193,1154,0,0,0,1.0,1,1.0,1,1.0,1,0.06110216541326797,37
1741,0,2347,1193,1154,0,0,0,1.0,1,1.0,1,1.0,1,0.06780146308712963,36
1742,0,2347,1193,1154,0,0,0,1.0,1,1.0,1,1.0,1,0.06780146308712963,36
1743,3,2350,1195,1155,0,0,0,1.0,1,1.0,1,1.0,1,0.12694358294951866,37
1744,1,2351,1195,1156,0,0,0,1.0,1,1.0,1,1.0,1,0.11443663975542732,37
1745,5,2356,1199,1157,0,0,0,1.0,1,1.0,1,1.0,1,0.24395607944616654,38
1746,2,2358,1199,1159,0,0,0,1.0,1,1.0,1,1.0,1,0.21778568043880445,38
1747,3,2361,1200,1161,0,0,0,1.0,1,1.0,1,1.0,1,0.21864717702748906,37
1748,2,2363,1202,1161,0,0,0,1.0,1,1.0,1,1.0,1,0.19200402590248072,38
1749,2,2365,1202,1163,0,0,0,1.0,1,1.0,1,1.0,1,0.16039417799931763,38
1750,0,2365,1202,1163,0,0,0,1.0,1,1.0,1,1.0,1,0.17601405610168913,39
1751,0,2365,1202,1163,0,0,0,1.0,1,1.0,1,1.0,1,0.16855534424449473,41
1752,0,2365,1202,1163,0,0,0,1.0,1,1.0,1,1.0,1,0.16855534424449473,41
1753,2,2367,1202,1165,0,0,0,1.0,1,1.0,1,1.0,1,0.1590972455430606,41
1754,2,2369,1203,1166,0,0,0,1.0,1,1.0,1,1.0,1,0.1387987896091381,40
1755,0,2369,1203,1166,0,0,0,1.0,1,1.0,1,1.0,1,0.14087165194233534,41
1756,0,2369,1203,1166,0,0,0,1.0,1,1.0,1,1.0,1,0.18175613173812186,41
1757,2,2371,1203,1168,0,0,0,1.0,1,1.0,1,1.0,1,0.17063704749762354,40
1758,1,2372,1203,1169,0,0,0,1.0,1,1.0,1,1.0,1,0.14790172618157307,41
1759,1,2373,1204,1169,0,0,0,1.0,1,1.0,1,1.0,1,0.18351262288751066,38
1760,2,2375,1205,1170,0,0,0,1.0,1,1.0,1,1.0,1,0.16212884835520824,38
1761,3,2378,1206,1172,0,0,0,1.0,1,1.0,1,1.0,1,0.15836859145193186,37
1762,1,2379,1207,1172,0,0,0,1.0,1,1.0,1,1.0,1,0.16680678821803582,37
1763,3,2382,1209,1173,0,0,0,1.0,1,1.0,1,1.0,1,0.15556468738672102,37
1764,2,2384,1210,1174,0,0,0,1.0,1,1.0,1,1.0,1,0.16971723507537761,36
1765,4,2388,1213,1175,0,0,0,1.0,1,1.0,1,1.0,1,0.2054536667348268,36
1766,1,2389,1214,1175,0,0,0,1.0,1,1.0,1,1.0,1,0.19822098335123872,37
1767,3,2392,1216,1176,0,0,0,1.0,1,1.0,1,1.0,1,0.21686234604921753,37
1768,0,2392,1216,1176,0,0,0,1.0,1,1.0,1,1.0,1,0.17137807738129637,37
1769,2,2394,1217,1177,0,0,0,1.0,1,1.0,1,1.0,1,0.15135826866883767,38
1770,1,2395,1218,1177,0,0,0,1.0,1,1.0,1,1.0,1,0.1677386810574869,39
1771,0,2395,1218,1177,0,0,0,1.0,1,1.0,1,1.0,1,0.1677386810574869,39
1772,1,2396,1219,1177,0,0,0,1.0,1,1.0,1,1.0,1,0.1805540662144605,39
1773,3,2399,1220,1179,0,0,0,1.0,1,1.0,1,1.0,1,0.11757353172539,41
1774,1,2400,1221,1179,0,0,0,1.0,1,1.0,1,1.0,1,0.1407384601307179,41
1775,0,2400,1221,1179,0,0,0,1.0,1,1.0,1,1.0,1,0.14409888237447865,42
1776,2,2402,1222,1180,0,0,0,1.0,1,1.0,1,1.0,1,0.13564448233192372,43
1777,1,2403,1222,1181,0,0,0,1.0,1,1.0,1,1.0,1,0.10004230707971695,43
1778,0,2403,1222,1181,0,0,0,1.0,1,1.0,1,1.0,1,0.11515514353936356,44
1779,2,2405,1222,1183,0,0,0,1.0,1,1.0,1,1.0,1,0.09000404273737529,46
1780,0,2405,1222,1183,0,0,0,1.0,1,1.0,1,1.0,1,0.09000404273737529,46
1781,1,2406,1222,1184,0,0,0,1.0,1,1.0,1,1.0,1,0.08023626766594819,46
1782,0,2406,1222,1184,0,0,0,1.0,1,1.0,1,1.0,1,0.08774690243061736,46
1783,0,2406,1222,1184,0,0,0,1.0,1,1.0,1,1.0,1,0.10307052290361858,44
1784,0,2406,1222,1184,0,0,0,1.0,1,1.0,1,1.0,1,0.0836991865070802,45
1785,1,2407,1222,1185,0,0,0,1.0,1,1.0,1,1.0,1,0.11184712892803442,42
1786,1,2408,1223,1185,0,0,0,1.0,1,1.0,1,1.0,1,0.11841057199324467,43
1787,1,2409,1224,1185,0,0,0,1.0,1,1.0,1,1.0,1,0.14085977656705123,41
1788,2,2411,1225,1186,0,0,0,1.0,1,1.0,1,1.0,1,0.16233689399141363,41
1789,3,2414,1225,1189,0,0,0,1.0,1,1.0,1,1.0,1,0.1360008830398929,41
1790,2,2416,1227,1189,0,0,0,1.0,1,1.0,1,1.0,1,0.13359919057338981,41
1791,2,2418,1228,1190,0,0,0,1.0,1,1.0,1,1.0,1,0.1075296894378604,40
1792,3,2421,1231,1190,0,0,0,1.0,1,1.0,1,1.0,1,0.10595900244369144,40
1793,3,2424,1232,1192,0,0,0,1.0,1,1.0,1,1.0,1,0.07278960556896552,41
1794,0,2424,1232,1192,0,0,0,1.0,1,1.0,1,1.0,1,0.07278960556896552,41
1795,4,2428,1236,1192,0,0,0,1.0,1,1.0,1,1.0,1,0.14360552280813152,40
1796,2,2430,1237,1193,0,0,0,1.0,1,1.0,1,1.0,1,0.1259643569860234,40
1797,3,2433,1238,1195,0,0,0,1.0,1,1.0,1,1.0,1,0.09919258982690794,37
1798,1,2434,1239,1195,0,0,0,1.0,1,1.0,1,1.0,1,0.13145185505787468,37
1799,0,2434,1239,1195,0,0,0,1.0,1,1.0,1,1.0,1,0.11567721903729707,36
1800,0,2434,1239,1195,0,0,0,1.0,1,1.0,1,1.0,1,0.11567721903729707,36
1801,0,2434,1239,1195,0,0,0,1.0,1,1.0,1,1.0,1,0.09230384443768734,34
1802,1,2435,1240,1195,0,0,0,1.0,1,1.0,1,1.0,1,0.07524833803033067,33
1803,2,2437,1242,1195,0,0,0,1.0,1,1.0,1,1.0,1,0.09634717788700771,33
1804,1,2438,1243,1195,0,0,0,1.0,1,1.0,1,1.0,1,0.1389548243477045,33
1805,4,2442,1245,1197,0,0,0,1.0,1,1.0,1,1.0,1,0.10982123479090006,35
1806,1,2443,1246,1197,0,0,0,1.0,1,1.0,1,1.0,1,0.13843360058689685,35
1807,1,2444,1246,1198,0,0,0,1.0,1,1.0,1,1.0,1,0.07111115637171106,35
1808,0,2444,1246,1198,0,0,0,1.0,1,1.0,1,1.0,1,0.03671330994318742,36
1809,0,2444,1246,1198,0,0,0,1.0,1,1.0,1,1.0,1,0.03465641165155875,36
1810,3,2447,1248,1199,0,0,0,1.0,1,1.0,1,1.0,1,0.11262710588850351,35
1811,4,2451,1249,1202,0,0,0,1.0,1,1.0,1,1.0,1,0.17061706990672923,36
1812,0,2451,1249,1202,0,0,0,1.0,1,1.0,1,1.0,1,0.15843147114172573,36
1813,1,2452,1249,1203,0,0,0,1.0,1,1.0,1,1.0,1,0.1422607484333432,36
1814,1,2453,1249,1204,0,0,0,1.0,1,1.0,1,1.0,1,0.1115308721374551,34
1815,0,2453,1249,1204,0,0,0,1.0,1,1.0,1,1.0,1,0.12424393639476813,35
1816,0,2453,1249,1204,0,0,0,1.0,1,1.0,1,1.0,1,0.13306237237507126,34
1817,1,2454,1250,1204,0,0,0,1.0,1,1.0,1,1.0,1,0.11973642200031491,34
1818,0,2454,1250,1204,0,0,0,1.0,1,1.0,1,1.0,1,0.11973642200031491,34
1819,3,2457,1252,1205,0,0,0,1.0,1,1.0,1,1.0,1,0.11412110324746183,35
1820,0,2457,1252,1205,0,0,0,1.0,1,1.0,1,1.0,1,0.09125274112881455,36
1821,1,2458,1252,1206,0,0,0,1.0,1,1.0,1,1.0,1,0.047753617146434016,36
1822,1,2459,1253,1206,0,0,0,1.0,1,1.0,1,1.0,1,0.036035704282371794,37
1823,1,2460,1254,1206,0,0,0,1.0,1,1.0,1,1.0,1,0.10213894166517119,38
1824,1,2461,1255,1206,0,0,0,1.0,1,1.0,1,1.0,1,0.10104865802955892,37
1825,2,2463,1257,1206,0,0,0,1.0,1,1.0,1,1.0,1,0.12204768149315508,36
1826,1,2464,1258,1206,0,0,0,1.0,1,1.0,1,1.0,1,0.12796063004863384,35
1827,2,2466,1259,1207,0,0,0,1.0,1,1.0,1,1.0,1,0.11919343051136547,35
1828,0,2466,1259,1207,0,0,0,1.0,1,1.0,1,1.0,1,0.14554031918715743,33
1829,3,2469,1259,1210,0,0,0,1.0,1,1.0,1,1.0,1,0.10814681290137583,32
1830,1,2470,1260,1210,0,0,0,1.0,1,1.0,1,1.0,1,0.10286431036957835,32
1831,2,2472,1261,1211,0,0,0,1.0,1,1.0,1,1.0,1,0.16493129804412401,30
1832,0,2472,1261,1211,0,0,0,1.0,1,1.0,1,1.0,1,0.16493129804412401,30
1833,5,2477,1263,1214,0,0,0,1.0,1,1.0,1,1.0,1,0.19050879977146953,29
1834,0,2477,1263,1214,0,0,0,1.0,1,1.0,1,1.0,1,0.16523448471186977,28
1835,3,2480,1265,1215,0,0,0,1.0,1,1.0,1,1.0,1,0.20037608599026444,28
1836,0,2480,1265,1215,0,0,0,1.0,1,1.0,1,1.0,1,0.20246679745462792,29
1837,2,2482,1266,1216,0,0,0,1.0,1,1.0,1,1.0,1,0.2371181341580488,28
1838,0,2482,1266,1216,0,0,0,1.0,1,1.0,1,1.0,1,0.19951719847393148,28
1839,0,2482,1266,1216,0,0,0,1.0,1,1.0,1,1.0,1,0.21512625723465426,27
1840,2,2484,1266,1218,0,0,0,1.0,1,1.0,1,1.0,1,0.2043139507785579,26
1841,1,2485,1266,1219,0,0,0,1.0,1,1.0,1,1.0,1,0.17340592360309504,25
1842,2,2487,1267,1220,0,0,0,1.0,1,1.0,1,1.0,1,0.10392569053311779,26
1843,0,2487,1267,1220,0,0,0,1.0,1,1.0,1,1.0,1,0.10392569053311779,26
1844,0,2487,1267,1220,0,0,0,1.0,1,1.0,1,1.0,1,0.10392569053311779,26
1845,0,2487,1267,1220,0,0,0,1.0,1,1.0,1,1.0,1,0.10392569053311779,26
1846,1,2488,1268,1220,0,0,0,1.0,1,1.0,1,1.0,1,0.10866384135120608,26
1847,0,2488,1268,1220,0,0,0,1.0,1,1.0,1,1.0,1,0.10866384135120608,26
1848,0,2488,1268,1220,0,0,0,1.0,1,1.0,1,1.0,1,0.11409464790832083,27
1849,1,2489,1268,1221,0,0,0,1.0,1,1.0,1,1.0,1,0.07101164976184404,27
1850,0,2489,1268,1221,0,0,0,1.0,1,1.0,1,1.0,1,0.09516759799711949,28
1851,0,2489,1268,1221,0,0,0,1.0,1,1.0,1,1.0,1,0.09516759799711949,28
1852,0,2489,1268,1221,0,0,0,1.0,1,1.0,1,1.0,1,0.09516759799711949,28
1853,0,2489,1268,1221,0,0,0,1.0,1,1.0,1,1.0,1,0.12806804794856003,27
1854,0,2489,1268,1221,0,0,0,1.0,1,1.0,1,1.0,1,0.13311537573020518,28
1855,1,2490,1269,1221,0,0,0,1.0,1,1.0,1,1.0,1,0.15036149398485815,28
1856,7,2497,1272,1225,0,0,0,1.0,1,1.0,1,1.0,1,0.1654140950956031,30
1857,1,2498,1272,1226,0,0,0,1.0,1,1.0,1,1.0,1,0.1340241608414113,31
1858,2,2500,1274,1226,0,0,0,1.0,1,1.0,1,1.0,1,0.23038628736187639,31
1859,0,2500,1274,1226,0,0,0,1.0,1,1.0,1,1.0,1,0.23038628736187639,31
1860,1,2501,1275,1226,0,0,0,1.0,1,1.0,1,1.0,1,0.21534621888734373,31
1861,0,2501,1275,1226,0,0,0,1.0,1,1.0,1,1.0,1,0.21534621888734373,31
1862,1,2502,1276,1226,0,0,0,1.0,1,1.0,1,1.0,1,0.21994238544435016,31
1863,1,2503,1276,1227,0,0,0,1.0,1,1.0,1,1.0,1,0.19374655541561847,31
1864,2,2505,1278,1227,0,0,0,1.0,1,1.0,1,1.0,1,0.17724307284550692,30
1865,1,2506,1279,1227,0,0,0,1.0,1,1.0,1,1.0,1,0.14890007780838244,27
1866,1,2507,1280,1227,0,0,0,1.0,1,1.0,1,1.0,1,0.15449623055264872,28
1867,0,2507,1280,1227,0,0,0,1.0,1,1.0,1,1.0,1,0.18016031890564085,26
1868,2,2509,1282,1227,0,0,0,1.0,1,1.0,1,1.0,1,0.1771840960841734,26
1869,1,2510,1282,1228,0,0,0,1.0,1,1.0,1,1.0,1,0.17524609133058874,25
1870,1,2511,1283,1228,0,0,0,1.0,1,1.0,1,1.0,1,0.15227816788312293,25
1871,0,2511,1283,1228,0,0,0,1.0,1,1.0,1,1.0,1,0.15597683262622025,26
1872,0,2511,1283,1228,0,0,0,1.0,1,1.0,1,1.0,1,0.1414440828795119,25
1873,0,2511,1283,1228,0,0,0,1.0,1,1.0,1,1.0,1,0.15865847599810456,23
1874,1,2512,1284,1228,0,0,0,1.0,1,1.0,1,1.0,1,0.1453723840160557,23
1875,1,2513,1284,1229,0,0,0,1.0,1,1.0,1,1.0,1,0.14461562004017137,21
1876,1,2514,1285,1229,0,0,0,1.0,1,1.0,1,1.0,1,0.18401644736975217,24
1877,2,2516,1286,1230,0,0,0,1.0,1,1.0,1,1.0,1,0.17946227947658355,24
1878,2,2518,1287,1231,0,0,0,1.0,1,1.0,1,1.0,1,0.09652353531066052,26
1879,0,2518,1287,1231,0,0,0,1.0,1,1.0,1,1.0,1,0.09652353531066052,26
1880,0,2518,1287,1231,0,0,0,1.0,1,1.0,1,1.0,1,0.09652353531066052,26
1881,0,2518,1287,1231,0,0,0,1.0,1,1.0,1,1.0,1,0.09652353531066052,26
1882,0,2518,1287,1231,0,0,0,1.0,1,1.0,1,1.0,1,0.11998987998746834,25
1883,0,2518,1287,1231,0,0,0,1.0,1,1.0,1,1.0,1,0.11998987998746834,25
1884,0,2518,1287,1231,0,0,0,1.0,1,1.0,1,1.0,1,0.11998987998746834,25
1885,0,2518,1287,1231,0,0,0,1.0,1,1.0,1,1.0,1,0.11998987998746834,25
1886,0,2518,1287,1231,0,0,0,1.0,1,1.0,1,1.0,1,0.07907489998089698,26
1887,0,2518,1287,1231,0,0,0,1.0,1,1.0,1,1.0,1,0.07907489998089698,26
1888,1,2519,1288,1231,0,0,0,1.0,1,1.0,1,1.0,1,0.10740691902712408,27
1889,0,2519,1288,1231,0,0,0,1.0,1,1.0,1,1.0,1,0.1361604967646164,28
1890,0,2519,1288,1231,0,0,0,1.0,1,1.0,1,1.0,1,0.1361604967646164,28
1891,1,2520,1288,1232,0,0,0,1.0,1,1.0,1,1.0,1,0.13084228750868476,29
1892,0,2520,1288,1232,0,0,0,1.0,1,1.0,1,1.0,1,0.13084228750868476,29
1893,0,2520,1288,1232,0,0,0,1.0,1,1.0,1,1.0,1,0.13084228750868476,29
1894,0,2520,1288,1232,0,0,0,1.0,1,1.0,1,1.0,1,0.13084228750868476,29
1895,2,2522,1289,1233,0,0,0,1.0,1,1.0,1,1.0,1,0.10533214911706251,31
1896,2,2524,1290,1234,0,0,0,1.0,1,1.0,1,1.0,1,0.08127696493691473,31
1897,0,2524,1290,1234,0,0,0,1.0,1,1.0,1,1.0,1,0.08127696493691473,31
1898,0,2524,1290,1234,0,0,0,1.0,1,1.0,1,1.0,1,0.08127696493691473,31
1899,0,2524,1290,1234,0,0,0,1.0,1,1.0,1,1.0,1,0.08062122469960403,32
1900,0,2524,1290,1234,0,0,0,1.0,1,1.0,1,1.0,1,0.08062122469960403,32
1901,0,2524,1290,1234,0,0,0,1.0,1,1.0,1,1.0,1,0.08062122469960403,32
1902,1,2525,1291,1234,0,0,0,1.0,1,1.0,1,1.0,1,0.10295707182191596,32
1903,0,2525,1291,1234,0,0,0,1.0,1,1.0,1,1.0,1,0.10295707182191596,32
1904,0,2525,1291,1234,0,0,0,1.0,1,1.0,1,1.0,1,0.06904989634339213,34
1905,0,2525,1291,1234,0,0,0,1.0,1,1.0,1,1.0,1,0.06904989634339213,34
1906,0,2525,1291,1234,0,0,0,1.0,1,1.0,1,1.0,1,0.08226524340603258,35
1907,0,2525,1291,1234,0,0,0,1.0,1,1.0,1,1.0,1,0.08083092833517817,36
1908,0,2525,1291,1234,0,0,0,1.0,1,1.0,1,1.0,1,0.08083092833517817,36
1909,0,2525,1291,1234,0,0,0,1.0,1,1.0,1,1.0,1,0.08348419694767842,37
1910,1,2526,1291,1235,0,0,0,1.0,1,1.0,1,1.0,1,0.055443769087220506,38
1911,0,2526,1291,1235,0,0,0,1.0,1,1.0,1,1.0,1,0.049792590532484894,37
1912,2,2528,1293,1235,0,0,0,1.0,1,1.0,1,1.0,1,0.05746015007171087,37
1913,0,2528,1293,1235,0,0,0,1.0,1,1.0,1,1.0,1,0.07322761335915927,36
1914,4,2532,1296,1236,0,0,0,1.0,1,1.0,1,1.0,1,0.10497190440346674,37
1915,1,2533,1297,1236,0,0,0,1.0,1,1.0,1,1.0,1,0.09559341260469204,37
1916,2,2535,1298,1237,0,0,0,1.0,1,1.0,1,1.0,1,0.13222363721067087,39
1917,2,2537,1300,1237,0,0,0,1.0,1,1.0,1,1.0,1,0.2292399404671636,38
1918,9,2546,1302,1244,0,0,0,1.0,1,1.0,1,1.0,1,0.14490270821642154,38
1919,0,2546,1302,1244,0,0,0,1.0,1,1.0,1,1.0,1,0.18023439011597644,38
1920,1,2547,1303,1244,0,0,0,1.0,1,1.0,1,1.0,1,0.2005507276396459,39
1921,2,2549,1303,1246,0,0,0,1.0,1,1.0,1,1.0,1,0.1507518773424206,38
1922,1,2550,1304,1246,0,0,0,1.0,1,1.0,1,1.0,1,0.15271841456045965,39
1923,3,2553,1306,1247,0,0,0,1.0,1,1.0,1,1.0,1,0.1539758116858122,40
1924,1,2554,1306,1248,0,0,0,1.0,1,1.0,1,1.0,1,0.12395733041475035,40
1925,1,2555,1306,1249,0,0,0,1.0,1,1.0,1,1.0,1,0.0628350230235731,40
1926,1,2556,1307,1249,0,0,0,1.0,1,1.0,1,1.0,1,0.0762075876825113,40
1927,0,2556,1307,1249,0,0,0,1.0,1,1.0,1,1.0,1,0.07127867387276753,41
1928,1,2557,1308,1249,0,0,0,1.0,1,1.0,1,1.0,1,0.057415961233687744,41
1929,1,2558,1309,1249,0,0,0,1.0,1,1.0,1,1.0,1,0.1032822439809625,40
1930,1,2559,1310,1249,0,0,0,1.0,1,1.0,1,1.0,1,0.13132515058906646,40
1931,1,2560,1310,1250,0,0,0,1.0,1,1.0,1,1.0,1,0.09847730376560053,40
1932,0,2560,1310,1250,0,0,0,1.0,1,1.0,1,1.0,1,0.09847730376560053,40
1933,0,2560,1310,1250,0,0,0,1.0,1,1.0,1,1.0,1,0.11767931884268652,42
1934,2,2562,1310,1252,0,0,0,1.0,1,1.0,1,1.0,1,0.08190919495438671,44
1935,0,2562,1310,1252,0,0,0,1.0,1,1.0,1,1.0,1,0.08190919495438671,44
1936,2,2564,1311,1253,0,0,0,1.0,1,1.0,1,1.0,1,0.10721673156951757,46
1937,2,2566,1313,1253,0,0,0,1.0,1,1.0,1,1.0,1,0.09069316261283741,47
1938,1,2567,1313,1254,0,0,0,1.0,1,1.0,1,1.0,1,0.06499581309298808,47
1939,1,2568,1314,1254,0,0,0,1.0,1,1.0,1,1.0,1,0.057339106632923006,47
1940,0,2568,1314,1254,0,0,0,1.0,1,1.0,1,1.0,1,0.057339106632923006,47
1941,2,2570,1316,1254,0,0,0,1.0,1,1.0,1,1.0,1,0.0695828642600647,47
1942,2,2572,1317,1255,0,0,0,1.0,1,1.0,1,1.0,1,0.07795005534389189,49
1943,2,2574,1318,1256,0,0,0,1.0,1,1.0,1,1.0,1,0.09844956875083336,47
1944,0,2574,1318,1256,0,0,0,1.0,1,1.0,1,1.0,1,0.09844956875083336,47
1945,3,2577,1319,1258,0,0,0,1.0,1,1.0,1,1.0,1,0.1322409180000092,45
1946,2,2579,1319,1260,0,0,0,1.0,1,1.0,1,1.0,1,0.11041011986848838,45
1947,5,2584,1322,1262,0,0,0,1.0,1,1.0,1,1.0,1,0.15733907270895603,45
1948,2,2586,1322,1264,0,0,0,1.0,1,1.0,1,1.0,1,0.15343051637479638,45
1949,5,2591,1324,1267,0,0,0,1.0,1,1.0,1,1.0,1,0.1533001768380263,42
1950,0,2591,1324,1267,0,0,0,1.0,1,1.0,1,1.0,1,0.14196193312286856,42
1951,0,2591,1324,1267,0,0,0,1.0,1,1.0,1,1.0,1,0.15279917341182392,38
1952,1,2592,1325,1267,0,0,0,1.0,1,1.0,1,1.0,1,0.15094525849188994,36
1953,4,2596,1326,1270,0,0,0,1.0,1,1.0,1,1.0,1,0.0932233377641496,35
1954,0,2596,1326,1270,0,0,0,1.0,1,1.0,1,1.0,1,0.1284828983583593,32
1955,0,2596,1326,1270,0,0,0,1.0,1,1.0,1,1.0,1,0.10287982042482828,33
1956,2,2598,1328,1270,0,0,0,1.0,1,1.0,1,1.0,1,0.18455486913841798,31
1957,3,2601,1328,1273,0,0,0,1.0,1,1.0,1,1.0,1,0.049817915445667,33
1958,2,2603,1330,1273,0,0,0,1.0,1,1.0,1,1.0,1,0.1277090788498558,34
1959,0,2603,1330,1273,0,0,0,1.0,1,1.0,1,1.0,1,0.10122806960971859,35
1960,2,2605,1332,1273,0,0,0,1.0,1,1.0,1,1.0,1,0.11940974553584827,36
1961,2,2607,1333,1274,0,0,0,1.0,1,1.0,1,1.0,1,0.12669442447879906,36
1962,0,2607,1333,1274,0,0,0,1.0,1,1.0,1,1.0,1,0.10458630125850095,35
1963,0,2607,1333,1274,0,0,0,1.0,1,1.0,1,1.0,1,0.11992309060978718,36
1964,2,2609,1335,1274,0,0,0,1.0,1,1.0,1,1.0,1,0.12928414154650336,35
1965,1,2610,1336,1274,0,0,0,1.0,1,1.0,1,1.0,1,0.10191719328488122,36
1966,4,2614,1338,1276,0,0,0,1.0,1,1.0,1,1.0,1,0.07632894039677232,36
1967,1,2615,1339,1276,0,0,0,1.0,1,1.0,1,1.0,1,0.07468291799058112,36
1968,1,2616,1340,1276,0,0,0,1.0,1,1.0,1,1.0,1,0.09617973673814209,37
1969,1,2617,1340,1277,0,0,0,1.0,1,1.0,1,1.0,1,0.08279304130043963,37
1970,1,2618,1341,1277,0,0,0,1.0,1,1.0,1,1.0,1,0.15136842718056967,38
1971,1,2619,1342,1277,0,0,0,1.0,1,1.0,1,1.0,1,0.1578095722658572,37
1972,0,2619,1342,1277,0,0,0,1.0,1,1.0,1,1.0,1,0.1578095722658572,37
1973,2,2621,1343,1278,0,0,0,1.0,1,1.0,1,1.0,1,0.17354893716209946,37
1974,2,2623,1343,1280,0,0,0,1.0,1,1.0,1,1.0,1,0.11834095630735951,38
1975,0,2623,1343,1280,0,0,0,1.0,1,1.0,1,1.0,1,0.1470153252390027,37
1976,1,2624,1343,1281,0,0,0,1.0,1,1.0,1,1.0,1,0.16464374097491155,39
1977,3,2627,1344,1283,0,0,0,1.0,1,1.0,1,1.0,1,0.09385371563885525,42
1978,0,2627,1344,1283,0,0,0,1.0,1,1.0,1,1.0,1,0.09385371563885525,42
1979,0,2627,1344,1283,0,0,0,1.0,1,1.0,1,1.0,1,0.09385371563885525,42
1980,0,2627,1344,1283,0,0,0,1.0,1,1.0,1,1.0,1,0.10655900603836181,43
1981,0,2627,1344,1283,0,0,0,1.0,1,1.0,1,1.0,1,0.11779996543570977,44
1982,3,2630,1346,1284,0,0,0,1.0,1,1.0,1,1.0,1,0.08140997217775432,44
1983,1,2631,1347,1284,0,0,0,1.0,1,1.0,1,1.0,1,0.0859911062025301,44
1984,1,2632,1348,1284,0,0,0,1.0,1,1.0,1,1.0,1,0.12004243611775399,42
1985,1,2633,1348,1285,0,0,0,1.0,1,1.0,1,1.0,1,0.09463629946791209,41
1986,0,2633,1348,1285,0,0,0,1.0,1,1.0,1,1.0,1,0.1053245274071442,40
1987,1,2634,1348,1286,0,0,0,1.0,1,1.0,1,1.0,1,0.05490877924571845,37
1988,2,2636,1350,1286,0,0,0,1.0,1,1.0,1,1.0,1,0.10924536763063515,35
1989,3,2639,1351,1288,0,0,0,1.0,1,1.0,1,1.0,1,0.11171778809336624,32
1990,2,2641,1353,1288,0,0,0,1.0,1,1.0,1,1.0,1,0.10762684663164204,31
1991,0,2641,1353,1288,0,0,0,1.0,1,1.0,1,1.0,1,0.13275557744194302,32
1992,2,2643,1355,1288,0,0,0,1.0,1,1.0,1,1.0,1,0.1604698239214623,32
1993,4,2647,1358,1289,0,0,0,1.0,1,1.0,1,1.0,1,0.14132346473035215,32
1994,0,2647,1358,1289,0,0,0,1.0,1,1.0,1,1.0,1,0.12797476502680027,31
1995,0,2647,1358,1289,0,0,0,1.0,1,1.0,1,1.0,1,0.11343064556496234,32
1996,1,2648,1358,1290,0,0,0,1.0,1,1.0,1,1.0,1,0.08711261135385151,32
1997,1,2649,1358,1291,0,0,0,1.0,1,1.0,1,1.0,1,0.10964243552440522,31
1998,0,2649,1358,1291,0,0,0,1.0,1,1.0,1,1.0,1,0.08227058850814423,32
1999,0,2649,1358,1291,0,0,0,1.0,1,1.0,1,1.0,1,0.1182159493880609,31
2000,0,2649,1358,1291,0,0,0,1.0,1,1.0,1,1.0,1,0.11680931423087165,30
2001,1,2650,1358,1292,0,0,0,1.0,1,1.0,1,1.0,1,0.13761076696975108,29
2002,1,2651,1358,1293,0,0,0,1.0,1,1.0,1,1.0,1,0.079103456141313,31
2003,0,2651,1358,1293,0,0,0,1.0,1,1.0,1,1.0,1,0.10770217497749919,33
2004,2,2653,1359,1294,0,0,0,1.0,1,1.0,1,1.0,1,0.12695373209896854,34
2005,1,2654,1359,1295,0,0,0,1.0,1,1.0,1,1.0,1,0.12473254364894837,35
2006,1,2655,1360,1295,0,0,0,1.0,1,1.0,1,1.0,1,0.11398732458605874,36
2007,1,2656,1361,1295,0,0,0,1.0,1,1.0,1,1.0,1,0.10421271324044235,36
2008,3,2659,1363,1296,0,0,0,1.0,1,1.0,1,1.0,1,0.1401359144691289,36
2009,1,2660,1364,1296,0,0,0,1.0,1,1.0,1,1.0,1,0.12018930383677817,37
2010,1,2661,1365,1296,0,0,0,1.0,1,1.0,1,1.0,1,0.10951629920504727,37
2011,0,2661,1365,1296,0,0,0,1.0,1,1.0,1,1.0,1,0.10951629920504727,37
2012,1,2662,1366,1296,0,0,0,1.0,1,1.0,1,1.0,1,0.09868020677212284,37
2013,1,2663,1366,1297,0,0,0,1.0,1,1.0,1,1.0,1,0.10241155738032642,39
2014,1,2664,1366,1298,0,0,0,1.0,1,1.0,1,1.0,1,0.13087154339410373,39
2015,0,2664,1366,1298,0,0,0,1.0,1,1.0,1,1.0,1,0.13087154339410373,39
2016,2,2666,1368,1298,0,0,0,1.0,1,1.0,1,1.0,1,0.10614376917776756,41
2017,1,2667,1368,1299,0,0,0,1.0,1,1.0,1,1.0,1,0.08555259777172995,41
2018,5,2672,1371,1301,0,0,0,1.0,1,1.0,1,1.0,1,0.09522647222388272,42
2019,1,2673,1372,1301,0,0,0,1.0,1,1.0,1,1.0,1,0.099513941752799,43
2020,2,2675,1374,1301,0,0,0,1.0,1,1.0,1,1.0,1,0.12753379856513405,43
2021,1,2676,1374,1302,0,0,0,1.0,1,1.0,1,1.0,1,0.11196991832202492,43
2022,0,2676,1374,1302,0,0,0,1.0,1,1.0,1,1.0,1,0.09486784063613159,44
2023,2,2678,1376,1302,0,0,0,1.0,1,1.0,1,1.0,1,0.19734655114496513,42
2024,5,2683,1379,1304,0,0,0,1.0,1,1.0,1,1.0,1,0.14905131975622674,41
2025,5,2688,1381,1307,0,0,0,1.0,1,1.0,1,1.0,1,0.1809438984849195,39
2026,0,2688,1381,1307,0,0,0,1.0,1,1.0,1,1.0,1,0.1598812347443859,39
2027,1,2689,1382,1307,0,0,0,1.0,1,1.0,1,1.0,1,0.24232667142350361,38
2028,0,2689,1382,1307,0,0,0,1.0,1,1.0,1,1.0,1,0.2244945342816424,37
2029,2,2691,1382,1309,0,0,0,1.0,1,1.0,1,1.0,1,0.20258673677681624,35
2030,0,2691,1382,1309,0,0,0,1.0,1,1.0,1,1.0,1,0.18625843278339163,32
2031,3,2694,1384,1310,0,0,0,1.0,1,1.0,1,1.0,1,0.15625090755540372,34
2032,0,2694,1384,1310,0,0,0,1.0,1,1.0,1,1.0,1,0.1332589375081596,35
2033,3,2697,1387,1310,0,0,0,1.0,1,1.0,1,1.0,1,0.1437887592528635,35
2034,3,2700,1388,1312,0,0,0,1.0,1,1.0,1,1.0,1,0.10407318915385236,35
2035,2,2702,1390,1312,0,0,0,1.0,1,1.0,1,1.0,1,0.12298028973107128,36
2036,1,2703,1391,1312,0,0,0,1.0,1,1.0,1,1.0,1,0.17972489211949838,35
2037,4,2707,1392,1315,0,0,0,1.0,1,1.0,1,1.0,1,0.10636432234750777,36
2038,1,2708,1393,1315,0,0,0,1.0,1,1.0,1,1.0,1,0.12693196270775453,38
2039,1,2709,1394,1315,0,0,0,1.0,1,1.0,1,1.0,1,0.10236853506310309,38
2040,0,2709,1394,1315,0,0,0,1.0,1,1.0,1,1.0,1,0.08816304536935707,37
2041,0,2709,1394,1315,0,0,0,1.0,1,1.0,1,1.0,1,0.09221615004933424,38
2042,0,2709,1394,1315,0,0,0,1.0,1,1.0,1,1.0,1,0.09221615004933424,38
2043,1,2710,1395,1315,0,0,0,1.0,1,1.0,1,1.0,1,0.12201803749238306,38
2044,2,2712,1397,1315,0,0,0,1.0,1,1.0,1,1.0,1,0.08278249387430782,39
2045,0,2712,1397,1315,0,0,0,1.0,1,1.0,1,1.0,1,0.10081626145988802,40
2046,1,2713,1398,1315,0,0,0,1.0,1,1.0,1,1.0,1,0.07145955680589168,41
2047,1,2714,1398,1316,0,0,0,1.0,1,1.0,1,1.0,1,0.052559053459207375,41
2048,1,2715,1399,1316,0,0,0,1.0,1,1.0,1,1.0,1,0.015222242748839565,43
2049,0,2715,1399,1316,0,0,0,1.0,1,1.0,1,1.0,1,0.015222242748839565,43
2050,0,2715,1399,1316,0,0,0,1.0,1,1.0,1,1.0,1,0.021902438454948204,43
2051,1,2716,1400,1316,0,0,0,1.0,1,1.0,1,1.0,1,0.0799561942865126,43
2052,0,2716,1400,1316,0,0,0,1.0,1,1.0,1,1.0,1,0.08357384193723043,44
2053,1,2717,1401,1316,0,0,0,1.0,1,1.0,1,1.0,1,0.13185602035148425,43
2054,3,2720,1403,1317,0,0,0,1.0,1,1.0,1,1.0,1,0.11588669912790076,44
2055,2,2722,1403,1319,0,0,0,1.0,1,1.0,1,1.0,1,0.08449178121733308,43
2056,0,2722,1403,1319,0,0,0,1.0,1,1.0,1,1.0,1,0.07151563497780972,44
2057,3,2725,1406,1319,0,0,0,1.0,1,1.0,1,1.0,1,0.0780989073405825,44
2058,2,2727,1408,1319,0,0,0,1.0,1,1.0,1,1.0,1,0.07305199300733257,44
2059,2,2729,1409,1320,0,0,0,1.0,1,1.0,1,1.0,1,0.07059585399154017,45
2060,1,2730,1410,1320,0,0,0,1.0,1,1.0,1,1.0,1,0.08977533371505886,46
2061,2,2732,1411,1321,0,0,0,1.0,1,1.0,1,1.0,1,0.0967926488174957,48
2062,1,2733,1411,1322,0,0,0,1.0,1,1.0,1,1.0,1,0.08648953051836092,48
2063,1,2734,1412,1322,0,0,0,1.0,1,1.0,1,1.0,1,0.10680553106224797,45
2064,1,2735,1413,1322,0,0,0,1.0,1,1.0,1,1.0,1,0.0810503959066814,44
2065,1,2736,1413,1323,0,0,0,1.0,1,1.0,1,1.0,1,0.0830993586135073,42
2066,2,2738,1415,1323,0,0,0,1.0,1,1.0,1,1.0,1,0.0669396221003096,42
2067,1,2739,1415,1324,0,0,0,1.0,1,1.0,1,1.0,1,0.036390933172549836,38
2068,0,2739,1415,1324,0,0,0,1.0,1,1.0,1,1.0,1,0.057613186624156994,37
2069,0,2739,1415,1324,0,0,0,1.0,1,1.0,1,1.0,1,0.07683319103475829,35
2070,2,2741,1417,1324,0,0,0,1.0,1,1.0,1,1.0,1,0.0808062800711934,35
2071,0,2741,1417,1324,0,0,0,1.0,1,1.0,1,1.0,1,0.10733498673425988,34
2072,3,2744,1419,1325,0,0,0,1.0,1,1.0,1,1.0,1,0.14015475965850563,35
2073,1,2745,1419,1326,0,0,0,1.0,1,1.0,1,1.0,1,0.12082495216099144,37
2074,0,2745,1419,1326,0,0,0,1.0,1,1.0,1,1.0,1,0.10417239360948423,36
2075,0,2745,1419,1326,0,0,0,1.0,1,1.0,1,1.0,1,0.09412225344904983,38
2076,0,2745,1419,1326,0,0,0,1.0,1,1.0,1,1.0,1,0.07531805484821978,37
2077,0,2745,1419,1326,0,0,0,1.0,1,1.0,1,1.0,1,0.07531805484821978,37
2078,0,2745,1419,1326,0,0,0,1.0,1,1.0,1,1.0,1,0.07531805484821978,37
2079,0,2745,1419,1326,0,0,0,1.0,1,1.0,1,1.0,1,0.07531805484821978,37
2080,0,2745,1419,1326,0,0,0,1.0,1,1.0,1,1.0,1,0.0715729397497026,36
2081,2,2747,1421,1326,0,0,0,1.0,1,1.0,1,1.0,1,0.04482187926571864,37
2082,1,2748,1422,1326,0,0,0,1.0,1,1.0,1,1.0,1,0.07970878650687815,38
2083,1,2749,1423,1326,0,0,0,1.0,1,1.0,1,1.0,1,0.08293674468997592,39
2084,2,2751,1424,1327,0,0,0,1.0,1,1.0,1,1.0,1,0.12630972141748834,41
2085,4,2755,1427,1328,0,0,0,1.0,1,1.0,1,1.0,1,0.12981868157933338,41
2086,0,2755,1427,1328,0,0,0,1.0,1,1.0,1,1.0,1,0.11636178877737374,44
2087,2,2757,1429,1328,0,0,0,1.0,1,1.0,1,1.0,1,0.131509682061661,44
2088,1,2758,1429,1329,0,0,0,1.0,1,1.0,1,1.0,1,0.10769350896312602,45
2089,2,2760,1430,1330,0,0,0,1.0,1,1.0,1,1.0,1,0.07273761752557123,46
2090,1,2761,1430,1331,0,0,0,1.0,1,1.0,1,1.0,1,0.05339025433384269,47
2091,3,2764,1432,1332,0,0,0,1.0,1,1.0,1,1.0,1,0.06619064990610093,48
2092,5,2769,1434,1335,0,0,0,1.0,1,1.0,1,1.0,1,0.052012947815764494,48
2093,0,2769,1434,1335,0,0,0,1.0,1,1.0,1,1.0,1,0.052012947815764494,48
2094,0,2769,1434,1335,0,0,0,1.0,1,1.0,1,1.0,1,0.06058361287384258,47
2095,1,2770,1435,1335,0,0,0,1.0,1,1.0,1,1.0,1,0.05898979566956922,49
2096,0,2770,1435,1335,0,0,0,1.0,1,1.0,1,1.0,1,0.04552461729977565,50
2097,0,2770,1435,1335,0,0,0,1.0,1,1.0,1,1.0,1,0.04552461729977565,50
2098,2,2772,1437,1335,0,0,0,1.0,1,1.0,1,1.0,1,0.0554726634112487,51
2099,1,2773,1438,1335,0,0,0,1.0,1,1.0,1,1.0,1,0.09620681148309386,50
2100,1,2774,1439,1335,0,0,0,1.0,1,1.0,1,1.0,1,0.1023255917320681,49
2101,3,2777,1439,1338,0,0,0,1.0,1,1.0,1,1.0,1,0.0746228513596597,48
2102,4,2781,1442,1339,0,0,0,1.0,1,1.0,1,1.0,1,0.12209239329054052,49
2103,1,2782,1443,1339,0,0,0,1.0,1,1.0,1,1.0,1,0.11083705728613155,44
2104,0,2782,1443,1339,0,0,0,1.0,1,1.0,1,1.0,1,0.12841869232541941,42
2105,2,2784,1445,1339,0,0,0,1.0,1,1.0,1,1.0,1,0.14667747740277384,40
2106,0,2784,1445,1339,0,0,0,1.0,1,1.0,1,1.0,1,0.17371405806242177,39
2107,1,2785,1446,1339,0,0,0,1.0,1,1.0,1,1.0,1,0.1560572427066954,37
2108,1,2786,1447,1339,0,0,0,1.0,1,1.0,1,1.0,1,0.1466008621580901,37
2109,0,2786,1447,1339,0,0,0,1.0,1,1.0,1,1.0,1,0.1284372498756176,36
2110,0,2786,1447,1339,0,0,0,1.0,1,1.0,1,1.0,1,0.0980185074159027,35
2111,3,2789,1449,1340,0,0,0,1.0,1,1.0,1,1.0,1,0.08764560982984482,35
2112,0,2789,1449,1340,0,0,0,1.0,1,1.0,1,1.0,1,0.08764560982984482,35
2113,1,2790,1450,1340,0,0,0,1.0,1,1.0,1,1.0,1,0.11603445371848133,35
2114,1,2791,1451,1340,0,0,0,1.0,1,1.0,1,1.0,1,0.10816453612013863,36
2115,0,2791,1451,1340,0,0,0,1.0,1,1.0,1,1.0,1,0.10970018848400793,37
2116,3,2794,1453,1341,0,0,0,1.0,1,1.0,1,1.0,1,0.10890814742695556,39
2117,0,2794,1453,1341,0,0,0,1.0,1,1.0,1,1.0,1,0.07882079599739243,39
2118,1,2795,1453,1342,0,0,0,1.0,1,1.0,1,1.0,1,0.06916898451288864,41
2119,1,2796,1454,1342,0,0,0,1.0,1,1.0,1,1.0,1,0.09098913945150602,42
2120,1,2797,1454,1343,0,0,0,1.0,1,1.0,1,1.0,1,0.06017034901078009,42
2121,1,2798,1455,1343,0,0,0,1.0,1,1.0,1,1.0,1,0.07405235872426376,42
2122,1,2799,1455,1344,0,0,0,1.0,1,1.0,1,1.0,1,0.06533990413690374,43
2123,0,2799,1455,1344,0,0,0,1.0,1,1.0,1,1.0,1,0.08785074634999832,42
2124,0,2799,1455,1344,0,0,0,1.0,1,1.0,1,1.0,1,0.08785074634999832,42
2125,0,2799,1455,1344,0,0,0,1.0,1,1.0,1,1.0,1,0.09396349913152101,41
2126,0,2799,1455,1344,0,0,0,1.0,1,1.0,1,1.0,1,0.09396349913152101,41
2127,0,2799,1455,1344,0,0,0,1.0,1,1.0,1,1.0,1,0.09396349913152101,41
2128,1,2800,1455,1345,0,0,0,1.0,1,1.0,1,1.0,1,0.0503759073218922,42
2129,0,2800,1455,1345,0,0,0,1.0,1,1.0,1,1.0,1,0.0629969726102348,43
2130,1,2801,1455,1346,0,0,0,1.0,1,1.0,1,1.0,1,0.03011862147993308,45
2131,2,2803,1457,1346,0,0,0,1.0,1,1.0,1,1.0,1,0.03391575966553904,44
2132,0,2803,1457,1346,0,0,0,1.0,1,1.0,1,1.0,1,0.03391575966553904,44
2133,1,2804,1458,1346,0,0,0,1.0,1,1.0,1,1.0,1,0.03234712345669487,45
2134,2,2806,1460,1346,0,0,0,1.0,1,1.0,1,1.0,1,0.059364598355064024,45
2135,2,2808,1462,1346,0,0,0,1.0,1,1.0,1,1.0,1,0.04224662942233049,46
2136,2,2810,1464,1346,0,0,0,1.0,1,1.0,1,1.0,1,0.10309341023886125,47
2137,6,2816,1468,1348,0,0,0,1.0,1,1.0,1,1.0,1,0.14274111103196985,47
2138,3,2819,1470,1349,0,0,0,1.0,1,1.0,1,1.0,1,0.13849989470694096,45
2139,2,2821,1471,1350,0,0,0,1.0,1,1.0,1,1.0,1,0.14051377456770597,45
2140,2,2823,1473,1350,0,0,0,1.0,1,1.0,1,1.0,1,0.12977277228695056,44
2141,4,2827,1475,1352,0,0,0,1.0,1,1.0,1,1.0,1,0.06343946440806814,45
2142,1,2828,1476,1352,0,0,0,1.0,1,1.0,1,1.0,1,0.07675742938311957,46
2143,3,2831,1477,1354,0,0,0,1.0,1,1.0,1,1.0,1,0.08193965552621328,46
2144,1,2832,1478,1354,0,0,0,1.0,1,1.0,1,1.0,1,0.033351545129346155,48
2145,2,2834,1480,1354,0,0,0,1.0,1,1.0,1,1.0,1,0.07882127395847094,46
2146,2,2836,1482,1354,0,0,0,1.0,1,1.0,1,1.0,1,0.040759451489607135,45
2147,2,2838,1484,1354,0,0,0,1.0,1,1.0,1,1.0,1,0.08274403479133019,44
2148,1,2839,1485,1354,0,0,0,1.0,1,1.0,1,1.0,1,0.045870260386401754,44
2149,4,2843,1489,1354,0,0,0,1.0,1,1.0,1,1.0,1,0.07007016057508103,42
2150,2,2845,1491,1354,0,0,0,1.0,1,1.0,1,1.0,1,0.05110727046086677,40
2151,1,2846,1492,1354,0,0,0,1.0,1,1.0,1,1.0,1,0.05762502176381449,39
2152,1,2847,1493,1354,0,0,0,1.0,1,1.0,1,1.0,1,0.04117451007578859,40
2153,3,2850,1495,1355,0,0,0,1.0,1,1.0,1,1.0,1,0.07148934820740083,42
2154,1,2851,1495,1356,0,0,0,1.0,1,1.0,1,1.0,1,0.08419738582204299,42
2155,0,2851,1495,1356,0,0,0,1.0,1,1.0,1,1.0,1,0.08376740177687196,41
2156,0,2851,1495,1356,0,0,0,1.0,1,1.0,1,1.0,1,0.12863333756074546,40
2157,1,2852,1495,1357,0,0,0,1.0,1,1.0,1,1.0,1,0.10966150205291678,40
2158,1,2853,1496,1357,0,0,0,1.0,1,1.0,1,1.0,1,0.11416818551513604,38
2159,0,2853,1496,1357,0,0,0,1.0,1,1.0,1,1.0,1,0.1186982346860953,38
2160,1,2854,1497,1357,0,0,0,1.0,1,1.0,1,1.0,1,0.12752569889237617,38
2161,4,2858,1499,1359,0,0,0,1.0,1,1.0,1,1.0,1,0.12323651749148622,38
2162,1,2859,1500,1359,0,0,0,1.0,1,1.0,1,1.0,1,0.15478956698938698,38
2163,2,2861,1502,1359,0,0,0,1.0,1,1.0,1,1.0,1,0.2082203222324651,40
2164,1,2862,1503,1359,0,0,0,1.0,1,1.0,1,1.0,1,0.2676711340553493,41
2165,5,2867,1505,1362,0,0,0,1.0,1,1.0,1,1.0,1,0.21474173755032053,42
2166,1,2868,1505,1363,0,0,0,1.0,1,1.0,1,1.0,1,0.19947091428456978,42
2167,0,2868,1505,1363,0,0,0,1.0,1,1.0,1,1.0,1,0.17626473635103065,43
2168,0,2868,1505,1363,0,0,0,1.0,1,1.0,1,1.0,1,0.15685173517693074,43
2169,1,2869,1505,1364,0,0,0,1.0,1,1.0,1,1.0,1,0.14660500092465822,45
2170,6,2875,1507,1368,0,0,0,1.0,1,1.0,1,1.0,1,0.11595718751590219,46
2171,1,2876,1507,1369,0,0,0,1.0,1,1.0,1,1.0,1,0.1083593666829465,48
2172,1,2877,1508,1369,0,0,0,1.0,1,1.0,1,1.0,1,0.11669940394788454,49
2173,1,2878,1509,1369,0,0,0,1.0,1,1.0,1,1.0,1,0.09458003269451347,49
2174,2,2880,1510,1370,0,0,0,1.0,1,1.0,1,1.0,1,0.07314441617015106,49
2175,0,2880,1510,1370,0,0,0,1.0,1,1.0,1,1.0,1,0.07314441617015106,49
2176,0,2880,1510,1370,0,0,0,1.0,1,1.0,1,1.0,1,0.08173822237285562,51
2177,2,2882,1512,1370,0,0,0,1.0,1,1.0,1,1.0,1,0.05369252234522826,51
2178,2,2884,1514,1370,0,0,0,1.0,1,1.0,1,1.0,1,0.05635067256070232,50
2179,4,2888,1518,1370,0,0,0,1.0,1,1.0,1,1.0,1,0.0691428342258747,49
2180,0,2888,1518,1370,0,0,0,1.0,1,1.0,1,1.0,1,0.08122459599070916,47
2181,2,2890,1520,1370,0,0,0,1.0,1,1.0,1,1.0,1,0.040781679850333194,47
2182,1,2891,1521,1370,0,0,0,1.0,1,1.0,1,1.0,1,0.011432524135200487,45
2183,2,2893,1523,1370,0,0,0,1.0,1,1.0,1,1.0,1,0.035640387940200004,44
2184,2,2895,1525,1370,0,0,0,1.0,1,1.0,1,1.0,1,0.07499200515506475,43
2185,4,2899,1529,1370,0,0,0,1.0,1,1.0,1,1.0,1,0.13459035280758858,40
2186,4,2903,1533,1370,0,0,0,1.0,1,1.0,1,1.0,1,0.1139174208729509,38
2187,3,2906,1536,1370,0,0,0,1.0,1,1.0,1,1.0,1,0.10974861462857481,35
2188,1,2907,1537,1370,0,0,0,1.0,1,1.0,1,1.0,1,0.13457274699248292,34
2189,0,2907,1537,1370,0,0,0,1.0,1,1.0,1,1.0,1,0.09704273217210674,31
2190,1,2908,1538,1370,0,0,0,1.0,1,1.0,1,1.0,1,0.1514698017979191,29
2191,1,2909,1539,1370,0,0,0,1.0,1,1.0,1,1.0,1,0.17537893307264604,28
2192,2,2911,1540,1371,0,0,0,1.0,1,1.0,1,1.0,1,0.20952358824982184,29
2193,3,2914,1541,1373,0,0,0,1.0,1,1.0,1,1.0,1,0.19107252218991483,28
2194,0,2914,1541,1373,0,0,0,1.0,1,1.0,1,1.0,1,0.1895454830467858,27
2195,2,2916,1543,1373,0,0,0,1.0,1,1.0,1,1.0,1,0.15332344467773396,27
2196,3,2919,1544,1375,0,0,0,1.0,1,1.0,1,1.0,1,0.19510392758380748,27
2197,2,2921,1545,1376,0,0,0,1.0,1,1.0,1,1.0,1,0.15540203265632208,27
2198,0,2921,1545,1376,0,0,0,1.0,1,1.0,1,1.0,1,0.1256412721935574,28
2199,1,2922,1545,1377,0,0,0,1.0,1,1.0,1,1.0,1,0.12953123503512687,29
2200,2,2924,1546,1378,0,0,0,1.0,1,1.0,1,1.0,1,0.14085841724540296,31
2201,2,2926,1548,1378,0,0,0,1.0,1,1.0,1,1.0,1,0.16168167388610907,32
2202,0,2926,1548,1378,0,0,0,1.0,1,1.0,1,1.0,1,0.1777311472144437,31
2203,0,2926,1548,1378,0,0,0,1.0,1,1.0,1,1.0,1,0.14254498529014356,32
2204,0,2926,1548,1378,0,0,0,1.0,1,1.0,1,1.0,1,0.14254498529014356,32
2205,1,2927,1548,1379,0,0,0,1.0,1,1.0,1,1.0,1,0.12177517546763811,33
2206,1,2928,1549,1379,0,0,0,1.0,1,1.0,1,1.0,1,0.11514546529934022,32
2207,1,2929,1549,1380,0,0,0,1.0,1,1.0,1,1.0,1,0.08655783116352221,33
2208,0,2929,1549,1380,0,0,0,1.0,1,1.0,1,1.0,1,0.05851243483539213,35
2209,1,2930,1550,1380,0,0,0,1.0,1,1.0,1,1.0,1,0.10863864848929579,36
2210,0,2930,1550,1380,0,0,0,1.0,1,1.0,1,1.0,1,0.12712041637986993,35
2211,1,2931,1550,1381,0,0,0,1.0,1,1.0,1,1.0,1,0.12976372996724408,36
2212,1,2932,1551,1381,0,0,0,1.0,1,1.0,1,1.0,1,0.12406507902429749,37
2213,4,2936,1555,1381,0,0,0,1.0,1,1.0,1,1.0,1,0.12157573899015982,37
2214,0,2936,1555,1381,0,0,0,1.0,1,1.0,1,1.0,1,0.09275627373316787,39
2215,4,2940,1559,1381,0,0,0,1.0,1,1.0,1,1.0,1,0.10669127157692311,36
2216,2,2942,1561,1381,0,0,0,1.0,1,1.0,1,1.0,1,0.11093074081925429,37
2217,3,2945,1563,1382,0,0,0,1.0,1,1.0,1,1.0,1,0.10914121209370414,35
2218,1,2946,1563,1383,0,0,0,1.0,1,1.0,1,1.0,1,0.09323111052641046,35
2219,0,2946,1563,1383,0,0,0,1.0,1,1.0,1,1.0,1,0.059672131847461514,33
2220,0,2946,1563,1383,0,0,0,1.0,1,1.0,1,1.0,1,0.05249251064003613,31
2221,0,2946,1563,1383,0,0,0,1.0,1,1.0,1,1.0,1,0.05249251064003613,31
2222,1,2947,1564,1383,0,0,0,1.0,1,1.0,1,1.0,1,0.0860803611985692,30
2223,0,2947,1564,1383,0,0,0,1.0,1,1.0,1,1.0,1,0.08218387352608443,28
2224,3,2950,1567,1383,0,0,0,1.0,1,1.0,1,1.0,1,0.1124920401160622,29
2225,2,2952,1569,1383,0,0,0,1.0,1,1.0,1,1.0,1,0.12333888152690521,28
2226,1,2953,1570,1383,0,0,0,1.0,1,1.0,1,1.0,1,0.0834530134009647,30
2227,0,2953,1570,1383,0,0,0,1.0,1,1.0,1,1.0,1,0.1290685219021603,28
2228,2,2955,1572,1383,0,0,0,1.0,1,1.0,1,1.0,1,0.10127187664007987,29
2229,1,2956,1573,1383,0,0,0,1.0,1,1.0,1,1.0,1,0.10409779688566856,28
2230,0,2956,1573,1383,0,0,0,1.0,1,1.0,1,1.0,1,0.10143687569982657,28
2231,1,2957,1574,1383,0,0,0,1.0,1,1.0,1,1.0,1,0.19161568155415573,27
2232,0,2957,1574,1383,0,0,0,1.0,1,1.0,1,1.0,1,0.17922803784601374,27
2233,2,2959,1574,1385,0,0,0,1.0,1,1.0,1,1.0,1,0.0918579896949208,28
2234,2,2961,1576,1385,0,0,0,1.0,1,1.0,1,1.0,1,0.08027339579301251,26
2235,0,2961,1576,1385,0,0,0,1.0,1,1.0,1,1.0,1,0.08027339579301251,26
2236,1,2962,1577,1385,0,0,0,1.0,1,1.0,1,1.0,1,0.017525396528723626,26
2237,4,2966,1581,1385,0,0,0,1.0,1,1.0,1,1.0,1,0.10005849170227163,26
2238,1,2967,1582,1385,0,0,0,1.0,1,1.0,1,1.0,1,0.13078709841855024,27
2239,3,2970,1584,1386,0,0,0,1.0,1,1.0,1,1.0,1,0.13920720405081163,28
2240,4,2974,1587,1387,0,0,0,1.0,1,1.0,1,1.0,1,0.13119651808167165,30
2241,2,2976,1588,1388,0,0,0,1.0,1,1.0,1,1.0,1,0.10540757578321984,29
2242,2,2978,1590,1388,0,0,0,1.0,1,1.0,1,1.0,1,0.1422594390899852,29
2243,1,2979,1591,1388,0,0,0,1.0,1,1.0,1,1.0,1,0.15653804991293488,29
2244,0,2979,1591,1388,0,0,0,1.0,1,1.0,1,1.0,1,0.15653804991293488,29
2245,1,2980,1591,1389,0,0,0,1.0,1,1.0,1,1.0,1,0.12977373972535833,30
2246,1,2981,1591,1390,0,0,0,1.0,1,1.0,1,1.0,1,0.09242978450752791,33
2247,0,2981,1591,1390,0,0,0,1.0,1,1.0,1,1.0,1,0.07494737364730822,34
2248,0,2981,1591,1390,0,0,0,1.0,1,1.0,1,1.0,1,0.07494737364730822,34
2249,0,2981,1591,1390,0,0,0,1.0,1,1.0,1,1.0,1,0.07387832198995191,35
2250,1,2982,1592,1390,0,0,0,1.0,1,1.0,1,1.0,1,0.10847470508715583,35
2251,1,2983,1593,1390,0,0,0,1.0,1,1.0,1,1.0,1,0.11913832816953532,36
2252,1,2984,1594,1390,0,0,0,1.0,1,1.0,1,1.0,1,0.1690966251909107,37
2253,2,2986,1596,1390,0,0,0,1.0,1,1.0,1,1.0,1,0.19915120523307012,35
2254,0,2986,1596,1390,0,0,0,1.0,1,1.0,1,1.0,1,0.16705614957336123,33
2255,1,2987,1597,1390,0,0,0,1.0,1,1.0,1,1.0,1,0.19819685060415068,35
2256,5,2992,1599,1393,0,0,0,1.0,1,1.0,1,1.0,1,0.1568344211497056,34
2257,3,2995,1601,1394,0,0,0,1.0,1,1.0,1,1.0,1,0.12979445184023147,36
2258,1,2996,1602,1394,0,0,0,1.0,1,1.0,1,1.0,1,0.1300161382830033,35
2259,0,2996,1602,1394,0,0,0,1.0,1,1.0,1,1.0,1,0.13397250569433528,35
2260,3,2999,1603,1396,0,0,0,1.0,1,1.0,1,1.0,1,0.07404085798881843,33
2261,1,3000,1604,1396,0,0,0,1.0,1,1.0,1,1.0,1,0.09927270274631556,33
2262,1,3001,1604,1397,0,0,0,1.0,1,1.0,1,1.0,1,0.12491039236611469,32
2263,2,3003,1606,1397,0,0,0,1.0,1,1.0,1,1.0,1,0.14979728266388867,31
2264,1,3004,1606,1398,0,0,0,1.0,1,1.0,1,1.0,1,0.13225684180175945,30
2265,1,3005,1607,1398,0,0,0,1.0,1,1.0,1,1.0,1,0.09829988536535682,29
2266,1,3006,1608,1398,0,0,0,1.0,1,1.0,1,1.0,1,0.05290237349672942,30
2267,1,3007,1609,1398,0,0,0,1.0,1,1.0,1,1.0,1,0.05593503381347058,29
2268,4,3011,1613,1398,0,0,0,1.0,1,1.0,1,1.0,1,0.09755477617822561,30
2269,1,3012,1614,1398,0,0,0,1.0,1,1.0,1,1.0,1,0.0956275334919348,31
2270,4,3016,1617,1399,0,0,0,1.0,1,1.0,1,1.0,1,0.14296284798810807,31
2271,2,3018,1619,1399,0,0,0,1.0,1,1.0,1,1.0,1,0.15276777672589023,31
2272,1,3019,1620,1399,0,0,0,1.0,1,1.0,1,1.0,1,0.1918656671445504,31
2273,2,3021,1622,1399,0,0,0,1.0,1,1.0,1,1.0,1,0.11773526734858393,30
2274,1,3022,1623,1399,0,0,0,1.0,1,1.0,1,1.0,1,0.07217711213927151,31
2275,0,3022,1623,1399,0,0,0,1.0,1,1.0,1,1.0,1,0.08543094218723929,32
2276,0,3022,1623,1399,0,0,0,1.0,1,1.0,1,1.0,1,0.11400441261467821,31
2277,1,3023,1623,1400,0,0,0,1.0,1,1.0,1,1.0,1,0.10867316178176656,31
2278,2,3025,1625,1400,0,0,0,1.0,1,1.0,1,1.0,1,0.1436393853691098,32
2279,2,3027,1626,1401,0,0,0,1.0,1,1.0,1,1.0,1,0.15218458316697026,32
2280,0,3027,1626,1401,0,0,0,1.0,1,1.0,1,1.0,1,0.1314193399264434,33
2281,2,3029,1626,1403,0,0,0,1.0,1,1.0,1,1.0,1,0.07411318966995346,34
2282,1,3030,1627,1403,0,0,0,1.0,1,1.0,1,1.0,1,0.11130611454359572,34
2283,0,3030,1627,1403,0,0,0,1.0,1,1.0,1,1.0,1,0.11130611454359572,34
2284,0,3030,1627,1403,0,0,0,1.0,1,1.0,1,1.0,1,0.11130611454359572,34
2285,1,3031,1627,1404,0,0,0,1.0,1,1.0,1,1.0,1,0.09356124444579429,35
2286,0,3031,1627,1404,0,0,0,1.0,1,1.0,1,1.0,1,0.0888922292714042,34
2287,1,3032,1628,1404,0,0,0,1.0,1,1.0,1,1.0,1,0.10219552819634443,35
2288,0,3032,1628,1404,0,0,0,1.0,1,1.0,1,1.0,1,0.06441777569874424,35
2289,2,3034,1630,1404,0,0,0,1.0,1,1.0,1,1.0,1,0.13291236488924227,37
2290,0,3034,1630,1404,0,0,0,1.0,1,1.0,1,1.0,1,0.12060679429956046,37
2291,2,3036,1632,1404,0,0,0,1.0,1,1.0,1,1.0,1,0.15068571103201847,35
2292,0,3036,1632,1404,0,0,0,1.0,1,1.0,1,1.0,1,0.15668059183481028,35
2293,1,3037,1633,1404,0,0,0,1.0,1,1.0,1,1.0,1,0.17191255182293622,34
2294,1,3038,1633,1405,0,0,0,1.0,1,1.0,1,1.0,1,0.12135964781174716,33
2295,0,3038,1633,1405,0,0,0,1.0,1,1.0,1,1.0,1,0.11230257169864952,34
2296,1,3039,1634,1405,0,0,0,1.0,1,1.0,1,1.0,1,0.11648744539149919,33
2297,1,3040,1634,1406,0,0,0,1.0,1,1.0,1,1.0,1,0.08493725711591885,32
2298,3,3043,1636,1407,0,0,0,1.0,1,1.0,1,1.0,1,0.12967737370206245,32
2299,0,3043,1636,1407,0,0,0,1.0,1,1.0,1,1.0,1,0.10608717124938745,33
2300,1,3044,1637,1407,0,0,0,1.0,1,1.0,1,1.0,1,0.10739035515258898,33
2301,2,3046,1639,1407,0,0,0,1.0,1,1.0,1,1.0,1,0.1384889327057828,33
2302,2,3048,1641,1407,0,0,0,1.0,1,1.0,1,1.0,1,0.19138900012202523,34
2303,2,3050,1643,1407,0,0,0,1.0,1,1.0,1,1.0,1,0.22216028727945833,34
2304,1,3051,1643,1408,0,0,0,1.0,1,1.0,1,1.0,1,0.1744789609391058,33
2305,2,3053,1644,1409,0,0,0,1.0,1,1.0,1,1.0,1,0.16412078798933866,33
2306,4,3057,1647,1410,0,0,0,1.0,1,1.0,1,1.0,1,0.2348077577653693,33
2307,0,3057,1647,1410,0,0,0,1.0,1,1.0,1,1.0,1,0.21642106191513014,35
2308,2,3059,1649,1410,0,0,0,1.0,1,1.0,1,1.0,1,0.23704913697950905,34
2309,4,3063,1651,1412,0,0,0,1.0,1,1.0,1,1.0,1,0.1653821508276789,34
2310,1,3064,1652,1412,0,0,0,1.0,1,1.0,1,1.0,1,0.1743141183938018,34
2311,0,3064,1652,1412,0,0,0,1.0,1,1.0,1,1.0,1,0.14429324533598992,35
2312,1,3065,1653,1412,0,0,0,1.0,1,1.0,1,1.0,1,0.13649255728509668,34
2313,0,3065,1653,1412,0,0,0,1.0,1,1.0,1,1.0,1,0.08340943012172744,35
2314,1,3066,1654,1412,0,0,0,1.0,1,1.0,1,1.0,1,0.12782080233719686,35
2315,0,3066,1654,1412,0,0,0,1.0,1,1.0,1,1.0,1,0.14788981041194244,34
2316,1,3067,1654,1413,0,0,0,1.0,1,1.0,1,1.0,1,0.1088645019383864,35
2317,1,3068,1655,1413,0,0,0,1.0,1,1.0,1,1.0,1,0.1443320211699872,32
2318,0,3068,1655,1413,0,0,0,1.0,1,1.0,1,1.0,1,0.1443320211699872,32
2319,1,3069,1656,1413,0,0,0,1.0,1,1.0,1,1.0,1,0.16365262619930926,32
2320,0,3069,1656,1413,0,0,0,1.0,1,1.0,1,1.0,1,0.1561311901556045,32
2321,2,3071,1656,1415,0,0,0,1.0,1,1.0,1,1.0,1,0.10248299954939517,33
2322,0,3071,1656,1415,0,0,0,1.0,1,1.0,1,1.0,1,0.10248299954939517,33
2323,0,3071,1656,1415,0,0,0,1.0,1,1.0,1,1.0,1,0.10248299954939517,33
2324,0,3071,1656,1415,0,0,0,1.0,1,1.0,1,1.0,1,0.10693533035803172,34
2325,0,3071,1656,1415,0,0,0,1.0,1,1.0,1,1.0,1,0.09776678608214218,35
2326,0,3071,1656,1415,0,0,0,1.0,1,1.0,1,1.0,1,0.09776678608214218,35
2327,0,3071,1656,1415,0,0,0,1.0,1,1.0,1,1.0,1,0.11888242952580556,36
2328,1,3072,1656,1416,0,0,0,1.0,1,1.0,1,1.0,1,0.10920638325205703,37
2329,0,3072,1656,1416,0,0,0,1.0,1,1.0,1,1.0,1,0.11318356656463059,37
2330,0,3072,1656,1416,0,0,0,1.0,1,1.0,1,1.0,1,0.1170810691005437,38
2331,0,3072,1656,1416,0,0,0,1.0,1,1.0,1,1.0,1,0.11633599211284928,40
2332,0,3072,1656,1416,0,0,0,1.0,1,1.0,1,1.0,1,0.11633599211284928,40
2333,1,3073,1657,1416,0,0,0,1.0,1,1.0,1,1.0,1,0.11716799389029187,41
2334,0,3073,1657,1416,0,0,0,1.0,1,1.0,1,1.0,1,0.11716799389029187,41
2335,0,3073,1657,1416,0,0,0,1.0,1,1.0,1,1.0,1,0.11716799389029187,41
2336,1,3074,1657,1417,0,0,0,1.0,1,1.0,1,1.0,1,0.08761731995755041,41
2337,2,3076,1657,1419,0,0,0,1.0,1,1.0,1,1.0,1,0.03497906142858316,42
2338,4,3080,1659,1421,0,0,0,1.0,1,1.0,1,1.0,1,0.06776237116957647,43
2339,0,3080,1659,1421,0,0,0,1.0,1,1.0,1,1.0,1,0.06776237116957647,43
2340,3,3083,1661,1422,0,0,0,1.0,1,1.0,1,1.0,1,0.09944083224066735,45
2341,3,3086,1661,1425,0,0,0,1.0,1,1.0,1,1.0,1,0.05342485987513091,45
2342,1,3087,1662,1425,0,0,0,1.0,1,1.0,1,1.0,1,0.09476171240284176,46
2343,1,3088,1663,1425,0,0,0,1.0,1,1.0,1,1.0,1,0.07250718005230805,45
2344,3,3091,1665,1426,0,0,0,1.0,1,1.0,1,1.0,1,0.0890066936189706,44
2345,3,3094,1666,1428,0,0,0,1.0,1,1.0,1,1.0,1,0.11893191405145348,44
2346,1,3095,1666,1429,0,0,0,1.0,1,1.0,1,1.0,1,0.10693152400751761,44
2347,1,3096,1666,1430,0,0,0,1.0,1,1.0,1,1.0,1,0.09938084070307103,44
2348,1,3097,1666,1431,0,0,0,1.0,1,1.0,1,1.0,1,0.08284441087920509,45
2349,0,3097,1666,1431,0,0,0,1.0,1,1.0,1,1.0,1,0.0914301252541718,46
2350,2,3099,1667,1432,0,0,0,1.0,1,1.0,1,1.0,1,0.10191900634418373,47
2351,0,3099,1667,1432,0,0,0,1.0,1,1.0,1,1.0,1,0.10191900634418373,47
2352,0,3099,1667,1432,0,0,0,1.0,1,1.0,1,1.0,1,0.10191900634418373,47
2353,1,3100,1668,1432,0,0,0,1.0,1,1.0,1,1.0,1,0.1370892955310572,46
2354,3,3103,1671,1432,0,0,0,1.0,1,1.0,1,1.0,1,0.12889358202868062,47
2355,1,3104,1671,1433,0,0,0,1.0,1,1.0,1,1.0,1,0.12151699370437202,47
2356,2,3106,1673,1433,0,0,0,1.0,1,1.0,1,1.0,1,0.12413134234842207,47
2357,3,3109,1674,1435,0,0,0,1.0,1,1.0,1,1.0,1,0.09326890055283597,47
2358,1,3110,1674,1436,0,0,0,1.0,1,1.0,1,1.0,1,0.06121108315475039,48
2359,1,3111,1674,1437,0,0,0,1.0,1,1.0,1,1.0,1,0.05324410155110857,49
2360,1,3112,1675,1437,0,0,0,1.0,1,1.0,1,1.0,1,0.04737618698468637,49
2361,0,3112,1675,1437,0,0,0,1.0,1,1.0,1,1.0,1,0.04658915583756285,50
2362,0,3112,1675,1437,0,0,0,1.0,1,1.0,1,1.0,1,0.03479628576287261,51
2363,0,3112,1675,1437,0,0,0,1.0,1,1.0,1,1.0,1,0.03479628576287261,51
2364,1,3113,1676,1437,0,0,0,1.0,1,1.0,1,1.0,1,0.03339789595606691,52
2365,2,3115,1678,1437,0,0,0,1.0,1,1.0,1,1.0,1,0.051921021508828075,53
2366,3,3118,1680,1438,0,0,0,1.0,1,1.0,1,1.0,1,0.07564159796774476,54
2367,3,3121,1683,1438,0,0,0,1.0,1,1.0,1,1.0,1,0.09245200159048483,52
2368,3,3124,1686,1438,0,0,0,1.0,1,1.0,1,1.0,1,0.12211949662214736,51
2369,6,3130,1688,1442,0,0,0,1.0,1,1.0,1,1.0,1,0.07862177327424034,51
2370,4,3134,1692,1442,0,0,0,1.0,1,1.0,1,1.0,1,0.10867677902434471,52
2371,3,3137,1695,1442,0,0,0,1.0,1,1.0,1,1.0,1,0.11453563864414319,52
2372,1,3138,1696,1442,0,0,0,1.0,1,1.0,1,1.0,1,0.13953822266624563,49
2373,3,3141,1697,1444,0,0,0,1.0,1,1.0,1,1.0,1,0.11360465549183085,47
2374,0,3141,1697,1444,0,0,0,1.0,1,1.0,1,1.0,1,0.0949953885973344,45
2375,0,3141,1697,1444,0,0,0,1.0,1,1.0,1,1.0,1,0.06517359779252874,45
2376,0,3141,1697,1444,0,0,0,1.0,1,1.0,1,1.0,1,0.0661107620504109,43
2377,3,3144,1699,1445,0,0,0,1.0,1,1.0,1,1.0,1,0.051164742743287445,44
2378,3,3147,1701,1446,0,0,0,1.0,1,1.0,1,1.0,1,0.07634629851243599,43
2379,2,3149,1702,1447,0,0,0,1.0,1,1.0,1,1.0,1,0.08113848967010753,43
2380,0,3149,1702,1447,0,0,0,1.0,1,1.0,1,1.0,1,0.08113848967010753,43
2381,3,3152,1705,1447,0,0,0,1.0,1,1.0,1,1.0,1,0.07282235238620659,44
2382,1,3153,1705,1448,0,0,0,1.0,1,1.0,1,1.0,1,0.04875947718215517,44
2383,1,3154,1706,1448,0,0,0,1.0,1,1.0,1,1.0,1,0.058291451248672375,45
2384,1,3155,1706,1449,0,0,0,1.0,1,1.0,1,1.0,1,0.05146935821380219,45
2385,1,3156,1707,1449,0,0,0,1.0,1,1.0,1,1.0,1,0.050161906049507723,45
2386,2,3158,1709,1449,0,0,0,1.0,1,1.0,1,1.0,1,0.02303843427571608,46
2387,1,3159,1710,1449,0,0,0,1.0,1,1.0,1,1.0,1,0.0646088942187707,44
2388,1,3160,1711,1449,0,0,0,1.0,1,1.0,1,1.0,1,0.04593649223892249,44
2389,1,3161,1712,1449,0,0,0,1.0,1,1.0,1,1.0,1,0.05366248496489463,43
2390,3,3164,1714,1450,0,0,0,1.0,1,1.0,1,1.0,1,0.04942876200318803,44
2391,0,3164,1714,1450,0,0,0,1.0,1,1.0,1,1.0,1,0.05572991010120425,43
2392,1,3165,1715,1450,0,0,0,1.0,1,1.0,1,1.0,1,0.09084388321024105,44
2393,2,3167,1717,1450,0,0,0,1.0,1,1.0,1,1.0,1,0.14213925418540715,45
2394,1,3168,1718,1450,0,0,0,1.0,1,1.0,1,1.0,1,0.15490222126297712,44
2395,2,3170,1719,1451,0,0,0,1.0,1,1.0,1,1.0,1,0.1828881879237962,44
2396,3,3173,1720,1453,0,0,0,1.0,1,1.0,1,1.0,1,0.19172566730564575,45
2397,4,3177,1720,1457,0,0,0,1.0,1,1.0,1,1.0,1,0.17242872617779179,44
2398,1,3178,1721,1457,0,0,0,1.0,1,1.0,1,1.0,1,0.2072184904369907,44
2399,0,3178,1721,1457,0,0,0,1.0,1,1.0,1,1.0,1,0.20830625056450278,45
2400,0,3178,1721,1457,0,0,0,1.0,1,1.0,1,1.0,1,0.20830625056450278,45
2401,4,3182,1721,1461,0,0,0,1.0,1,1.0,1,1.0,1,0.16575171317421242,46
2402,1,3183,1721,1462,0,0,0,1.0,1,1.0,1,1.0,1,0.12314570048362943,47
2403,1,3184,1721,1463,0,0,0,1.0,1,1.0,1,1.0,1,0.10706707144654627,48
2404,2,3186,1723,1463,0,0,0,1.0,1,1.0,1,1.0,1,0.13382330843704066,47
2405,1,3187,1723,1464,0,0,0,1.0,1,1.0,1,1.0,1,0.09705217730529725,45
2406,0,3187,1723,1464,0,0,0,1.0,1,1.0,1,1.0,1,0.09705217730529725,45
2407,2,3189,1725,1464,0,0,0,1.0,1,1.0,1,1.0,1,0.04945157158622977,42
2408,1,3190,1726,1464,0,0,0,1.0,1,1.0,1,1.0,1,0.059261729450020756,41
2409,3,3193,1729,1464,0,0,0,1.0,1,1.0,1,1.0,1,0.05922822370447378,41
2410,0,3193,1729,1464,0,0,0,1.0,1,1.0,1,1.0,1,0.048302682521317926,40
2411,3,3196,1732,1464,0,0,0,1.0,1,1.0,1,1.0,1,0.05903802282157965,40
2412,2,3198,1734,1464,0,0,0,1.0,1,1.0,1,1.0,1,0.05484372849918395,38
2413,2,3200,1736,1464,0,0,0,1.0,1,1.0,1,1.0,1,0.1303393297797711,38
2414,1,3201,1737,1464,0,0,0,1.0,1,1.0,1,1.0,1,0.13117415622701623,36
2415,2,3203,1738,1465,0,0,0,1.0,1,1.0,1,1.0,1,0.1752286263988574,36
2416,0,3203,1738,1465,0,0,0,1.0,1,1.0,1,1.0,1,0.18287059889426974,35
2417,4,3207,1738,1469,0,0,0,1.0,1,1.0,1,1.0,1,0.12870085947169477,33
2418,0,3207,1738,1469,0,0,0,1.0,1,1.0,1,1.0,1,0.12870085947169477,33
2419,1,3208,1739,1469,0,0,0,1.0,1,1.0,1,1.0,1,0.21582789818426037,33
2420,1,3209,1740,1469,0,0,0,1.0,1,1.0,1,1.0,1,0.1251533635047989,34
2421,1,3210,1740,1470,0,0,0,1.0,1,1.0,1,1.0,1,0.11563498330586695,34
2422,4,3214,1743,1471,0,0,0,1.0,1,1.0,1,1.0,1,0.03964435300145493,35
2423,1,3215,1744,1471,0,0,0,1.0,1,1.0,1,1.0,1,0.04186105461043809,36
2424,1,3216,1745,1471,0,0,0,1.0,1,1.0,1,1.0,1,0.04935495918530391,35
2425,3,3219,1748,1471,0,0,0,1.0,1,1.0,1,1.0,1,0.14445527832676774,33
2426,1,3220,1748,1472,0,0,0,1.0,1,1.0,1,1.0,1,0.1350185534302548,34
2427,1,3221,1749,1472,0,0,0,1.0,1,1.0,1,1.0,1,0.12203382938350119,34
2428,0,3221,1749,1472,0,0,0,1.0,1,1.0,1,1.0,1,0.12203382938350119,34
2429,2,3223,1750,1473,0,0,0,1.0,1,1.0,1,1.0,1,0.16575943794801037,34
2430,1,3224,1750,1474,0,0,0,1.0,1,1.0,1,1.0,1,0.18647847297852627,33
2431,0,3224,1750,1474,0,0,0,1.0,1,1.0,1,1.0,1,0.18647847297852627,33
2432,1,3225,1750,1475,0,0,0,1.0,1,1.0,1,1.0,1,0.20230750600605052,33
2433,5,3230,1752,1478,0,0,0,1.0,1,1.0,1,1.0,1,0.1482399271582506,34
2434,0,3230,1752,1478,0,0,0,1.0,1,1.0,1,1.0,1,0.1482399271582506,34
2435,2,3232,1753,1479,0,0,0,1.0,1,1.0,1,1.0,1,0.15764128432322513,34
2436,1,3233,1754,1479,0,0,0,1.0,1,1.0,1,1.0,1,0.14778535998635914,33
2437,1,3234,1754,1480,0,0,0,1.0,1,1.0,1,1.0,1,0.13520309276982592,33
2438,2,3236,1755,1481,0,0,0,1.0,1,1.0,1,1.0,1,0.13120154307955303,34
2439,0,3236,1755,1481,0,0,0,1.0,1,1.0,1,1.0,1,0.12282648084308162,35
2440,0,3236,1755,1481,0,0,0,1.0,1,1.0,1,1.0,1,0.12282648084308162,35
2441,2,3238,1757,1481,0,0,0,1.0,1,1.0,1,1.0,1,0.12928598580414763,35
2442,1,3239,1757,1482,0,0,0,1.0,1,1.0,1,1.0,1,0.09412550478310805,35
2443,3,3242,1760,1482,0,0,0,1.0,1,1.0,1,1.0,1,0.19398917689165474,35
2444,2,3244,1760,1484,0,0,0,1.0,1,1.0,1,1.0,1,0.19486998603043285,34
2445,5,3249,1761,1488,0,0,0,1.0,1,1.0,1,1.0,1,0.14701527194558422,33
2446,0,3249,1761,1488,0,0,0,1.0,1,1.0,1,1.0,1,0.15579277241185382,30
2447,0,3249,1761,1488,0,0,0,1.0,1,1.0,1,1.0,1,0.13377578999079487,29
2448,2,3251,1763,1488,0,0,0,1.0,1,1.0,1,1.0,1,0.07946905583349438,27
2449,0,3251,1763,1488,0,0,0,1.0,1,1.0,1,1.0,1,0.08810464741965315,26
2450,1,3252,1764,1488,0,0,0,1.0,1,1.0,1,1.0,1,0.12079633179088932,28
2451,0,3252,1764,1488,0,0,0,1.0,1,1.0,1,1.0,1,0.12079633179088932,28
2452,1,3253,1765,1488,0,0,0,1.0,1,1.0,1,1.0,1,0.11377494604007947,29
2453,1,3254,1766,1488,0,0,0,1.0,1,1.0,1,1.0,1,0.11654178100466307,30
2454,4,3258,1768,1490,0,0,0,1.0,1,1.0,1,1.0,1,0.05301244183836974,32
2455,1,3259,1769,1490,0,0,0,1.0,1,1.0,1,1.0,1,0.02088869468485311,33
2456,2,3261,1771,1490,0,0,0,1.0,1,1.0,1,1.0,1,0.06620403483635681,34
2457,1,3262,1772,1490,0,0,0,1.0,1,1.0,1,1.0,1,0.09847336729234775,34
2458,0,3262,1772,1490,0,0,0,1.0,1,1.0,1,1.0,1,0.1067179769608589,36
2459,0,3262,1772,1490,0,0,0,1.0,1,1.0,1,1.0,1,0.1067179769608589,36
2460,1,3263,1773,1490,0,0,0,1.0,1,1.0,1,1.0,1,0.11906632458080349,37
2461,2,3265,1775,1490,0,0,0,1.0,1,1.0,1,1.0,1,0.14012268748027984,37
2462,1,3266,1776,1490,0,0,0,1.0,1,1.0,1,1.0,1,0.175653487468145,38
2463,1,3267,1777,1490,0,0,0,1.0,1,1.0,1,1.0,1,0.13637363421087148,38
2464,3,3270,1779,1491,0,0,0,1.0,1,1.0,1,1.0,1,0.10583735375559608,37
2465,2,3272,1780,1492,0,0,0,1.0,1,1.0,1,1.0,1,0.08415693922024643,36
2466,1,3273,1781,1492,0,0,0,1.0,1,1.0,1,1.0,1,0.11392261744110001,36
2467,1,3274,1781,1493,0,0,0,1.0,1,1.0,1,1.0,1,0.10142565254861562,34
2468,1,3275,1782,1493,0,0,0,1.0,1,1.0,1,1.0,1,0.14667562055410593,33
2469,4,3279,1783,1496,0,0,0,1.0,1,1.0,1,1.0,1,0.07419787570049727,32
2470,0,3279,1783,1496,0,0,0,1.0,1,1.0,1,1.0,1,0.05235656270528914,33
2471,0,3279,1783,1496,0,0,0,1.0,1,1.0,1,1.0,1,0.11804652423595623,31
2472,0,3279,1783,1496,0,0,0,1.0,1,1.0,1,1.0,1,0.1106904007878581,32
2473,1,3280,1784,1496,0,0,0,1.0,1,1.0,1,1.0,1,0.15376043901894595,31
2474,1,3281,1784,1497,0,0,0,1.0,1,1.0,1,1.0,1,0.12811836657949352,33
2475,2,3283,1785,1498,0,0,0,1.0,1,1.0,1,1.0,1,0.15919578059759243,33
2476,1,3284,1786,1498,0,0,0,1.0,1,1.0,1,1.0,1,0.21008414837872508,33
2477,2,3286,1787,1499,0,0,0,1.0,1,1.0,1,1.0,1,0.22834289953885958,33
2478,1,3287,1787,1500,0,0,0,1.0,1,1.0,1,1.0,1,0.21127791790816694,33
2479,2,3289,1789,1500,0,0,0,1.0,1,1.0,1,1.0,1,0.24224155337355455,33
2480,1,3290,1790,1500,0,0,0,1.0,1,1.0,1,1.0,1,0.22509269212756583,34
2481,5,3295,1793,1502,0,0,0,1.0,1,1.0,1,1.0,1,0.15912955679561758,33
2482,2,3297,1794,1503,0,0,0,1.0,1,1.0,1,1.0,1,0.11346282811750451,34
2483,0,3297,1794,1503,0,0,0,1.0,1,1.0,1,1.0,1,0.09216540196589387,33
2484,1,3298,1795,1503,0,0,0,1.0,1,1.0,1,1.0,1,0.07887437905129405,32
2485,2,3300,1797,1503,0,0,0,1.0,1,1.0,1,1.0,1,0.05437526745293675,31
2486,2,3302,1799,1503,0,0,0,1.0,1,1.0,1,1.0,1,0.03198302917388084,29
2487,0,3302,1799,1503,0,0,0,1.0,1,1.0,1,1.0,1,0.03198302917388084,29
2488,3,3305,1802,1503,0,0,0,1.0,1,1.0,1,1.0,1,0.0939601823162569,30
2489,0,3305,1802,1503,0,0,0,1.0,1,1.0,1,1.0,1,0.07236576627239695,29
2490,1,3306,1803,1503,0,0,0,1.0,1,1.0,1,1.0,1,0.06352592501026269,30
2491,1,3307,1804,1503,0,0,0,1.0,1,1.0,1,1.0,1,0.04872447236704521,30
2492,0,3307,1804,1503,0,0,0,1.0,1,1.0,1,1.0,1,0.07710895915039423,29
2493,0,3307,1804,1503,0,0,0,1.0,1,1.0,1,1.0,1,0.07710895915039423,29
2494,1,3308,1805,1503,0,0,0,1.0,1,1.0,1,1.0,1,0.049357032011795116,28
2495,0,3308,1805,1503,0,0,0,1.0,1,1.0,1,1.0,1,0.04734229056632182,29
2496,0,3308,1805,1503,0,0,0,1.0,1,1.0,1,1.0,1,0.04210679513803087,28
2497,0,3308,1805,1503,0,0,0,1.0,1,1.0,1,1.0,1,0.0770659852148305,28
2498,0,3308,1805,1503,0,0,0,1.0,1,1.0,1,1.0,1,0.09353126034363639,29
2499,0,3308,1805,1503,0,0,0,1.0,1,1.0,1,1.0,1,0.08154902462681288,30
2500,2,3310,1807,1503,0,0,0,1.0,1,1.0,1,1.0,1,0.09923730334986529,29
2501,4,3314,1810,1504,0,0,0,1.0,1,1.0,1,1.0,1,0.05746010598457203,33
2502,1,3315,1811,1504,0,0,0,1.0,1,1.0,1,1.0,1,0.07159299729106468,33
2503,2,3317,1813,1504,0,0,0,1.0,1,1.0,1,1.0,1,0.09668757514734316,31
2504,2,3319,1815,1504,0,0,0,1.0,1,1.0,1,1.0,1,0.0671418377733161,31
2505,2,3321,1817,1504,0,0,0,1.0,1,1.0,1,1.0,1,0.040050598006908585,32
2506,2,3323,1819,1504,0,0,0,1.0,1,1.0,1,1.0,1,0.10099991900342248,31
2507,3,3326,1822,1504,0,0,0,1.0,1,1.0,1,1.0,1,0.1868321489676863,29
2508,3,3329,1824,1505,0,0,0,1.0,1,1.0,1,1.0,1,0.1553485531048425,31
2509,2,3331,1824,1507,0,0,0,1.0,1,1.0,1,1.0,1,0.10343961382532763,30
2510,1,3332,1824,1508,0,0,0,1.0,1,1.0,1,1.0,1,0.09764063983215493,31
2511,0,3332,1824,1508,0,0,0,1.0,1,1.0,1,1.0,1,0.09060297901543414,32
2512,3,3335,1826,1509,0,0,0,1.0,1,1.0,1,1.0,1,0.09305695066669617,32
2513,2,3337,1827,1510,0,0,0,1.0,1,1.0,1,1.0,1,0.028825629305121527,34
2514,2,3339,1828,1511,0,0,0,1.0,1,1.0,1,1.0,1,0.0583923563553134,35
2515,0,3339,1828,1511,0,0,0,1.0,1,1.0,1,1.0,1,0.0583923563553134,35
2516,2,3341,1829,1512,0,0,0,1.0,1,1.0,1,1.0,1,0.16194384315102997,34
2517,3,3344,1829,1515,0,0,0,1.0,1,1.0,1,1.0,1,0.09478115658634464,34
2518,1,3345,1830,1515,0,0,0,1.0,1,1.0,1,1.0,1,0.134600633928313,33
2519,0,3345,1830,1515,0,0,0,1.0,1,1.0,1,1.0,1,0.10201027779303627,32
2520,1,3346,1831,1515,0,0,0,1.0,1,1.0,1,1.0,1,0.07971269165883062,31
2521,1,3347,1832,1515,0,0,0,1.0,1,1.0,1,1.0,1,0.07628159874934914,31
2522,0,3347,1832,1515,0,0,0,1.0,1,1.0,1,1.0,1,0.043125921033748967,30
2523,0,3347,1832,1515,0,0,0,1.0,1,1.0,1,1.0,1,0.06457265667452859,30
2524,1,3348,1832,1516,0,0,0,1.0,1,1.0,1,1.0,1,0.10052011099792726,29
2525,0,3348,1832,1516,0,0,0,1.0,1,1.0,1,1.0,1,0.10052011099792726,29
2526,0,3348,1832,1516,0,0,0,1.0,1,1.0,1,1.0,1,0.13728913715923458,27
2527,0,3348,1832,1516,0,0,0,1.0,1,1.0,1,1.0,1,0.12121489697875974,28
2528,0,3348,1832,1516,0,0,0,1.0,1,1.0,1,1.0,1,0.12121489697875974,28
2529,0,3348,1832,1516,0,0,0,1.0,1,1.0,1,1.0,1,0.12121489697875974,28
2530,1,3349,1832,1517,0,0,0,1.0,1,1.0,1,1.0,1,0.08298130962738211,29
2531,0,3349,1832,1517,0,0,0,1.0,1,1.0,1,1.0,1,0.08886070146072751,30
2532,0,3349,1832,1517,0,0,0,1.0,1,1.0,1,1.0,1,0.08051611269840994,31
2533,1,3350,1833,1517,0,0,0,1.0,1,1.0,1,1.0,1,0.12090996731964715,31
2534,0,3350,1833,1517,0,0,0,1.0,1,1.0,1,1.0,1,0.12090996731964715,31
2535,1,3351,1834,1517,0,0,0,1.0,1,1.0,1,1.0,1,0.14841005131053042,31
2536,0,3351,1834,1517,0,0,0,1.0,1,1.0,1,1.0,1,0.173213570027954,32
2537,4,3355,1836,1519,0,0,0,1.0,1,1.0,1,1.0,1,0.12732548699905658,33
2538,0,3355,1836,1519,0,0,0,1.0,1,1.0,1,1.0,1,0.12164387106483458,35
2539,3,3358,1838,1520,0,0,0,1.0,1,1.0,1,1.0,1,0.13117823944994128,37
2540,6,3364,1842,1522,0,0,0,1.0,1,1.0,1,1.0,1,0.1600049371609664,38
2541,0,3364,1842,1522,0,0,0,1.0,1,1.0,1,1.0,1,0.15143880609513302,39
2542,3,3367,1845,1522,0,0,0,1.0,1,1.0,1,1.0,1,0.1987698504114088,38
2543,2,3369,1847,1522,0,0,0,1.0,1,1.0,1,1.0,1,0.179597751340392,41
2544,1,3370,1848,1522,0,0,0,1.0,1,1.0,1,1.0,1,0.16648279533138532,39
2545,1,3371,1849,1522,0,0,0,1.0,1,1.0,1,1.0,1,0.196475271632427,40
2546,1,3372,1850,1522,0,0,0,1.0,1,1.0,1,1.0,1,0.17352886073866058,38
2547,3,3375,1853,1522,0,0,0,1.0,1,1.0,1,1.0,1,0.16413852779077404,38
2548,0,3375,1853,1522,0,0,0,1.0,1,1.0,1,1.0,1,0.1441280650490825,35
2549,0,3375,1853,1522,0,0,0,1.0,1,1.0,1,1.0,1,0.1315037844999947,35
2550,0,3375,1853,1522,0,0,0,1.0,1,1.0,1,1.0,1,0.13444710234582258,33
2551,1,3376,1854,1522,0,0,0,1.0,1,1.0,1,1.0,1,0.1930622171648777,31
2552,0,3376,1854,1522,0,0,0,1.0,1,1.0,1,1.0,1,0.20084654989971032,30
2553,2,3378,1855,1523,0,0,0,1.0,1,1.0,1,1.0,1,0.21583554583817346,30
2554,0,3378,1855,1523,0,0,0,1.0,1,1.0,1,1.0,1,0.2042991768129922,32
2555,0,3378,1855,1523,0,0,0,1.0,1,1.0,1,1.0,1,0.240347977442407,32
2556,1,3379,1856,1523,0,0,0,1.0,1,1.0,1,1.0,1,0.20766583614205536,32
2557,1,3380,1857,1523,0,0,0,1.0,1,1.0,1,1.0,1,0.20778737403151906,30
2558,0,3380,1857,1523,0,0,0,1.0,1,1.0,1,1.0,1,0.17170207553857939,31
2559,0,3380,1857,1523,0,0,0,1.0,1,1.0,1,1.0,1,0.1595474999675855,30
2560,0,3380,1857,1523,0,0,0,1.0,1,1.0,1,1.0,1,0.1595474999675855,30
2561,0,3380,1857,1523,0,0,0,1.0,1,1.0,1,1.0,1,0.1595474999675855,30
2562,0,3380,1857,1523,0,0,0,1.0,1,1.0,1,1.0,1,0.16646281755435033,33
2563,0,3380,1857,1523,0,0,0,1.0,1,1.0,1,1.0,1,0.16646281755435033,33
2564,0,3380,1857,1523,0,0,0,1.0,1,1.0,1,1.0,1,0.16646281755435033,33
2565,1,3381,1858,1523,0,0,0,1.0,1,1.0,1,1.0,1,0.14100361077970172,33
2566,1,3382,1859,1523,0,0,0,1.0,1,1.0,1,1.0,1,0.14074670059277647,35
2567,2,3384,1861,1523,0,0,0,1.0,1,1.0,1,1.0,1,0.16460750718361275,36
2568,2,3386,1862,1524,0,0,0,1.0,1,1.0,1,1.0,1,0.1858120066218728,37
2569,0,3386,1862,1524,0,0,0,1.0,1,1.0,1,1.0,1,0.1858120066218728,37
2570,0,3386,1862,1524,0,0,0,1.0,1,1.0,1,1.0,1,0.19714952747264086,37
2571,0,3386,1862,1524,0,0,0,1.0,1,1.0,1,1.0,1,0.19714952747264086,37
2572,0,3386,1862,1524,0,0,0,1.0,1,1.0,1,1.0,1,0.17665533703049527,39
2573,0,3386,1862,1524,0,0,0,1.0,1,1.0,1,1.0,1,0.17665533703049527,39
2574,0,3386,1862,1524,0,0,0,1.0,1,1.0,1,1.0,1,0.1747157693032323,38
2575,0,3386,1862,1524,0,0,0,1.0,1,1.0,1,1.0,1,0.1747157693032323,38
2576,0,3386,1862,1524,0,0,0,1.0,1,1.0,1,1.0,1,0.20317421156107257,37
2577,1,3387,1863,1524,0,0,0,1.0,1,1.0,1,1.0,1,0.21699654663107437,39
2578,4,3391,1865,1526,0,0,0,1.0,1,1.0,1,1.0,1,0.22874415259953712,40
2579,1,3392,1865,1527,0,0,0,1.0,1,1.0,1,1.0,1,0.19812367225523647,41
2580,3,3395,1866,1529,0,0,0,1.0,1,1.0,1,1.0,1,0.16638330730014808,42
2581,2,3397,1866,1531,0,0,0,1.0,1,1.0,1,1.0,1,0.11153904723466976,43
2582,2,3399,1866,1533,0,0,0,1.0,1,1.0,1,1.0,1,0.05868263513630504,43
2583,3,3402,1867,1535,0,0,0,1.0,1,1.0,1,1.0,1,0.042171559814851635,43
2584,2,3404,1867,1537,0,0,0,1.0,1,1.0,1,1.0,1,0.01037059955232538,43
2585,0,3404,1867,1537,0,0,0,1.0,1,1.0,1,1.0,1,0.02782857016524148,44
2586,0,3404,1867,1537,0,0,0,1.0,1,1.0,1,1.0,1,0.013965091733885606,43
2587,4,3408,1871,1537,0,0,0,1.0,1,1.0,1,1.0,1,0.07322429690193129,44
2588,1,3409,1871,1538,0,0,0,1.0,1,1.0,1,1.0,1,0.06254844770779919,44
2589,1,3410,1872,1538,0,0,0,1.0,1,1.0,1,1.0,1,0.07354677303754327,44
2590,1,3411,1873,1538,0,0,0,1.0,1,1.0,1,1.0,1,0.04174195865500963,44
2591,1,3412,1874,1538,0,0,0,1.0,1,1.0,1,1.0,1,0.0529049929437048,44
2592,1,3413,1875,1538,0,0,0,1.0,1,1.0,1,1.0,1,0.07595099867756662,44
2593,5,3418,1877,1541,0,0,0,1.0,1,1.0,1,1.0,1,0.04020717382312392,43
2594,1,3419,1878,1541,0,0,0,1.0,1,1.0,1,1.0,1,0.048465650066571025,48
2595,1,3420,1879,1541,0,0,0,1.0,1,1.0,1,1.0,1,0.041546083065991044,45
2596,1,3421,1879,1542,0,0,0,1.0,1,1.0,1,1.0,1,0.05600645962446789,46
2597,2,3423,1880,1543,0,0,0,1.0,1,1.0,1,1.0,1,0.019891983118659712,45
2598,1,3424,1881,1543,0,0,0,1.0,1,1.0,1,1.0,1,0.054380734458993316,45
2599,1,3425,1882,1543,0,0,0,1.0,1,1.0,1,1.0,1,0.0773660782886697,45
2600,1,3426,1883,1543,0,0,0,1.0,1,1.0,1,1.0,1,0.0675254523728996,48
2601,2,3428,1883,1545,0,0,0,1.0,1,1.0,1,1.0,1,0.021252085638660465,47
2602,0,3428,1883,1545,0,0,0,1.0,1,1.0,1,1.0,1,0.027353097822965893,48
2603,0,3428,1883,1545,0,0,0,1.0,1,1.0,1,1.0,1,0.027353097822965893,48
2604,0,3428,1883,1545,0,0,0,1.0,1,1.0,1,1.0,1,0.029404701728396595,47
2605,0,3428,1883,1545,0,0,0,1.0,1,1.0,1,1.0,1,0.029404701728396595,47
2606,0,3428,1883,1545,0,0,0,1.0,1,1.0,1,1.0,1,0.027459261249953706,46
2607,0,3428,1883,1545,0,0,0,1.0,1,1.0,1,1.0,1,0.04905814225425087,45
2608,1,3429,1884,1545,0,0,0,1.0,1,1.0,1,1.0,1,0.031148137648864732,45
2609,1,3430,1885,1545,0,0,0,1.0,1,1.0,1,1.0,1,0.033371605264176575,44
2610,2,3432,1887,1545,0,0,0,1.0,1,1.0,1,1.0,1,0.09415239722517223,45
2611,5,3437,1892,1545,0,0,0,1.0,1,1.0,1,1.0,1,0.13091246835975748,46
2612,2,3439,1894,1545,0,0,0,1.0,1,1.0,1,1.0,1,0.1338580033780969,47
2613,3,3442,1895,1547,0,0,0,1.0,1,1.0,1,1.0,1,0.14838642054266804,48
2614,2,3444,1897,1547,0,0,0,1.0,1,1.0,1,1.0,1,0.21217054361396678,48
2615,4,3448,1900,1548,0,0,0,1.0,1,1.0,1,1.0,1,0.18574277195968456,49
2616,1,3449,1900,1549,0,0,0,1.0,1,1.0,1,1.0,1,0.17259137599065585,49
2617,3,3452,1900,1552,0,0,0,1.0,1,1.0,1,1.0,1,0.1279661758233815,48
2618,0,3452,1900,1552,0,0,0,1.0,1,1.0,1,1.0,1,0.13503891228957743,47
2619,0,3452,1900,1552,0,0,0,1.0,1,1.0,1,1.0,1,0.11228789021200321,50
2620,3,3455,1903,1552,0,0,0,1.0,1,1.0,1,1.0,1,0.14602611758911102,51
2621,5,3460,1904,1556,0,0,0,1.0,1,1.0,1,1.0,1,0.11036353556091065,52
2622,2,3462,1905,1557,0,0,0,1.0,1,1.0,1,1.0,1,0.0853363073314751,52
2623,1,3463,1905,1558,0,0,0,1.0,1,1.0,1,1.0,1,0.06558976279244381,53
2624,0,3463,1905,1558,0,0,0,1.0,1,1.0,1,1.0,1,0.10275242052329527,51
2625,3,3466,1907,1559,0,0,0,1.0,1,1.0,1,1.0,1,0.09694560512938652,50
2626,1,3467,1907,1560,0,0,0,1.0,1,1.0,1,1.0,1,0.09856941437293498,49
2627,1,3468,1908,1560,0,0,0,1.0,1,1.0,1,1.0,1,0.10005002685518034,48
2628,1,3469,1909,1560,0,0,0,1.0,1,1.0,1,1.0,1,0.11648623475458944,48
2629,1,3470,1909,1561,0,0,0,1.0,1,1.0,1,1.0,1,0.09664092444008848,47
2630,0,3470,1909,1561,0,0,0,1.0,1,1.0,1,1.0,1,0.10100905019372608,47
2631,0,3470,1909,1561,0,0,0,1.0,1,1.0,1,1.0,1,0.09819667258703789,47
2632,0,3470,1909,1561,0,0,0,1.0,1,1.0,1,1.0,1,0.11257240267341549,47
2633,3,3473,1912,1561,0,0,0,1.0,1,1.0,1,1.0,1,0.10982136177818845,44
2634,1,3474,1912,1562,0,0,0,1.0,1,1.0,1,1.0,1,0.08602655629800122,44
2635,3,3477,1914,1563,0,0,0,1.0,1,1.0,1,1.0,1,0.07907980843844353,45
2636,3,3480,1917,1563,0,0,0,1.0,1,1.0,1,1.0,1,0.1330535851251387,40
2637,6,3486,1921,1565,0,0,0,1.0,1,1.0,1,1.0,1,0.12493759411708834,41
2638,2,3488,1923,1565,0,0,0,1.0,1,1.0,1,1.0,1,0.17431476010100783,38
2639,2,3490,1923,1567,0,0,0,1.0,1,1.0,1,1.0,1,0.1327190967604669,39
2640,2,3492,1925,1567,0,0,0,1.0,1,1.0,1,1.0,1,0.15466765377938835,38
2641,2,3494,1926,1568,0,0,0,1.0,1,1.0,1,1.0,1,0.1215622320018487,37
2642,2,3496,1928,1568,0,0,0,1.0,1,1.0,1,1.0,1,0.1468522843048628,38
2643,1,3497,1928,1569,0,0,0,1.0,1,1.0,1,1.0,1,0.08156790517758879,37
2644,2,3499,1930,1569,0,0,0,1.0,1,1.0,1,1.0,1,0.09821651824515276,36
2645,0,3499,1930,1569,0,0,0,1.0,1,1.0,1,1.0,1,0.07547051154665137,35
2646,1,3500,1931,1569,0,0,0,1.0,1,1.0,1,1.0,1,0.11065137068124566,35
2647,3,3503,1934,1569,0,0,0,1.0,1,1.0,1,1.0,1,0.11284590510795078,35
2648,0,3503,1934,1569,0,0,0,1.0,1,1.0,1,1.0,1,0.08456831286854152,36
2649,1,3504,1934,1570,0,0,0,1.0,1,1.0,1,1.0,1,0.060585327141862697,37
2650,2,3506,1936,1570,0,0,0,1.0,1,1.0,1,1.0,1,0.07277411031257366,39
2651,1,3507,1937,1570,0,0,0,1.0,1,1.0,1,1.0,1,0.06552236507804536,39
2652,0,3507,1937,1570,0,0,0,1.0,1,1.0,1,1.0,1,0.06552236507804536,39
2653,0,3507,1937,1570,0,0,0,1.0,1,1.0,1,1.0,1,0.06552236507804536,39
2654,1,3508,1937,1571,0,0,0,1.0,1,1.0,1,1.0,1,0.06863432496152251,40
2655,0,3508,1937,1571,0,0,0,1.0,1,1.0,1,1.0,1,0.06863432496152251,40
2656,2,3510,1939,1571,0,0,0,1.0,1,1.0,1,1.0,1,0.07987585805819199,39
2657,1,3511,1939,1572,0,0,0,1.0,1,1.0,1,1.0,1,0.0630434342662326,40
2658,1,3512,1939,1573,0,0,0,1.0,1,1.0,1,1.0,1,0.07488449789162735,41
2659,0,3512,1939,1573,0,0,0,1.0,1,1.0,1,1.0,1,0.07488449789162735,41
2660,2,3514,1940,1574,0,0,0,1.0,1,1.0,1,1.0,1,0.05636075226254309,40
2661,2,3516,1941,1575,0,0,0,1.0,1,1.0,1,1.0,1,0.06213326080335005,40
2662,1,3517,1942,1575,0,0,0,1.0,1,1.0,1,1.0,1,0.03514421422574119,42
2663,2,3519,1944,1575,0,0,0,1.0,1,1.0,1,1.0,1,0.02574552569045914,41
2664,1,3520,1945,1575,0,0,0,1.0,1,1.0,1,1.0,1,0.06261765662793813,42
2665,4,3524,1948,1576,0,0,0,1.0,1,1.0,1,1.0,1,0.10813290584511304,43
2666,2,3526,1950,1576,0,0,0,1.0,1,1.0,1,1.0,1,0.13168625498565195,44
2667,3,3529,1951,1578,0,0,0,1.0,1,1.0,1,1.0,1,0.16899474213274426,42
2668,2,3531,1951,1580,0,0,0,1.0,1,1.0,1,1.0,1,0.1610266080072605,41
2669,3,3534,1951,1583,0,0,0,1.0,1,1.0,1,1.0,1,0.12135208018395434,42
2670,0,3534,1951,1583,0,0,0,1.0,1,1.0,1,1.0,1,0.14633200460510792,40
2671,1,3535,1952,1583,0,0,0,1.0,1,1.0,1,1.0,1,0.1293289051707012,39
2672,1,3536,1953,1583,0,0,0,1.0,1,1.0,1,1.0,1,0.10144444653709435,36
2673,3,3539,1955,1584,0,0,0,1.0,1,1.0,1,1.0,1,0.09957455995981983,35
2674,2,3541,1957,1584,0,0,0,1.0,1,1.0,1,1.0,1,0.07208560196679713,33
2675,2,3543,1959,1584,0,0,0,1.0,1,1.0,1,1.0,1,0.14230647195397325,34
2676,1,3544,1960,1584,0,0,0,1.0,1,1.0,1,1.0,1,0.07333185572342794,32
2677,4,3548,1963,1585,0,0,0,1.0,1,1.0,1,1.0,1,0.1474298558803803,33
2678,0,3548,1963,1585,0,0,0,1.0,1,1.0,1,1.0,1,0.1366667207018781,33
2679,2,3550,1965,1585,0,0,0,1.0,1,1.0,1,1.0,1,0.1528784724842605,32
2680,1,3551,1966,1585,0,0,0,1.0,1,1.0,1,1.0,1,0.11139023352333587,32
2681,0,3551,1966,1585,0,0,0,1.0,1,1.0,1,1.0,1,0.06310652610521279,32
2682,0,3551,1966,1585,0,0,0,1.0,1,1.0,1,1.0,1,0.030074824482201046,33
2683,0,3551,1966,1585,0,0,0,1.0,1,1.0,1,1.0,1,0.025301122924339853,32
2684,0,3551,1966,1585,0,0,0,1.0,1,1.0,1,1.0,1,0.01983311476707806,31
2685,0,3551,1966,1585,0,0,0,1.0,1,1.0,1,1.0,1,0.01983311476707806,31
2686,0,3551,1966,1585,0,0,0,1.0,1,1.0,1,1.0,1,0.0481697778118943,30
2687,0,3551,1966,1585,0,0,0,1.0,1,1.0,1,1.0,1,0.0481697778118943,30
2688,1,3552,1967,1585,0,0,0,1.0,1,1.0,1,1.0,1,0.07014195575591671,30
2689,2,3554,1969,1585,0,0,0,1.0,1,1.0,1,1.0,1,0.10441692375529064,31
2690,7,3561,1974,1587,0,0,0,1.0,1,1.0,1,1.0,1,0.12732443414517766,31
2691,1,3562,1975,1587,0,0,0,1.0,1,1.0,1,1.0,1,0.14397751073153237,32
2692,2,3564,1977,1587,0,0,0,1.0,1,1.0,1,1.0,1,0.20748032210545195,32
2693,5,3569,1979,1590,0,0,0,1.0,1,1.0,1,1.0,1,0.08072393471319743,33
2694,0,3569,1979,1590,0,0,0,1.0,1,1.0,1,1.0,1,0.10189852089290427,34
2695,0,3569,1979,1590,0,0,0,1.0,1,1.0,1,1.0,1,0.075214200539225,35
2696,0,3569,1979,1590,0,0,0,1.0,1,1.0,1,1.0,1,0.075214200539225,35
2697,2,3571,1981,1590,0,0,0,1.0,1,1.0,1,1.0,1,0.07046112888535223,35
2698,1,3572,1981,1591,0,0,0,1.0,1,1.0,1,1.0,1,0.02679302866540808,36
2699,0,3572,1981,1591,0,0,0,1.0,1,1.0,1,1.0,1,0.05645319749584189,36
2700,0,3572,1981,1591,0,0,0,1.0,1,1.0,1,1.0,1,0.06958712276537535,37
2701,1,3573,1982,1591,0,0,0,1.0,1,1.0,1,1.0,1,0.042829504586145324,37
2702,3,3576,1985,1591,0,0,0,1.0,1,1.0,1,1.0,1,0.14152913219069138,37
2703,1,3577,1986,1591,0,0,0,1.0,1,1.0,1,1.0,1,0.11979279968675213,38
2704,2,3579,1987,1592,0,0,0,1.0,1,1.0,1,1.0,1,0.1357967412464019,37
2705,3,3582,1988,1594,0,0,0,1.0,1,1.0,1,1.0,1,0.10600630125656128,36
2706,3,3585,1990,1595,0,0,0,1.0,1,1.0,1,1.0,1,0.11090167209498948,36
2707,1,3586,1991,1595,0,0,0,1.0,1,1.0,1,1.0,1,0.14385171454388931,35
2708,1,3587,1992,1595,0,0,0,1.0,1,1.0,1,1.0,1,0.16886960026140158,36
2709,3,3590,1994,1596,0,0,0,1.0,1,1.0,1,1.0,1,0.1609906701341147,32
2710,0,3590,1994,1596,0,0,0,1.0,1,1.0,1,1.0,1,0.15427381884246635,29
2711,1,3591,1995,1596,0,0,0,1.0,1,1.0,1,1.0,1,0.08663370410887389,29
2712,0,3591,1995,1596,0,0,0,1.0,1,1.0,1,1.0,1,0.09930877913345347,28
2713,0,3591,1995,1596,0,0,0,1.0,1,1.0,1,1.0,1,0.08224429451850898,28
2714,1,3592,1996,1596,0,0,0,1.0,1,1.0,1,1.0,1,0.09544658935304433,26
2715,0,3592,1996,1596,0,0,0,1.0,1,1.0,1,1.0,1,0.11910068700499901,24
2716,1,3593,1997,1596,0,0,0,1.0,1,1.0,1,1.0,1,0.11135830845170147,24
2717,5,3598,2001,1597,0,0,0,1.0,1,1.0,1,1.0,1,0.1178058604995856,25
2718,1,3599,2002,1597,0,0,0,1.0,1,1.0,1,1.0,1,0.19432009597020952,25
2719,3,3602,2004,1598,0,0,0,1.0,1,1.0,1,1.0,1,0.20189018333549483,25
2720,3,3605,2006,1599,0,0,0,1.0,1,1.0,1,1.0,1,0.3052289177492978,25
2721,6,3611,2009,1602,0,0,0,1.0,1,1.0,1,1.0,1,0.17504185676122946,25
2722,2,3613,2010,1603,0,0,0,1.0,1,1.0,1,1.0,1,0.17766348678451094,26
2723,0,3613,2010,1603,0,0,0,1.0,1,1.0,1,1.0,1,0.17766348678451094,26
2724,1,3614,2011,1603,0,0,0,1.0,1,1.0,1,1.0,1,0.12168848306953364,27
2725,0,3614,2011,1603,0,0,0,1.0,1,1.0,1,1.0,1,0.10104657136290257,28
2726,0,3614,2011,1603,0,0,0,1.0,1,1.0,1,1.0,1,0.10104657136290257,28
2727,0,3614,2011,1603,0,0,0,1.0,1,1.0,1,1.0,1,0.10723087192365678,29
2728,1,3615,2011,1604,0,0,0,1.0,1,1.0,1,1.0,1,0.09140671448537074,29
2729,0,3615,2011,1604,0,0,0,1.0,1,1.0,1,1.0,1,0.10400889434519091,29
2730,1,3616,2012,1604,0,0,0,1.0,1,1.0,1,1.0,1,0.08896981033070357,29
2731,0,3616,2012,1604,0,0,0,1.0,1,1.0,1,1.0,1,0.07924375505209673,30
2732,1,3617,2013,1604,0,0,0,1.0,1,1.0,1,1.0,1,0.10416784347644842,29
2733,2,3619,2014,1605,0,0,0,1.0,1,1.0,1,1.0,1,0.07309678980575772,29
2734,0,3619,2014,1605,0,0,0,1.0,1,1.0,1,1.0,1,0.07309678980575772,29
2735,1,3620,2015,1605,0,0,0,1.0,1,1.0,1,1.0,1,0.12881432698186282,29
2736,3,3623,2015,1608,0,0,0,1.0,1,1.0,1,1.0,1,0.11278078946519725,30
2737,1,3624,2015,1609,0,0,0,1.0,1,1.0,1,1.0,1,0.09824386452538517,30
2738,2,3626,2017,1609,0,0,0,1.0,1,1.0,1,1.0,1,0.14767176397311893,30
2739,1,3627,2018,1609,0,0,0,1.0,1,1.0,1,1.0,1,0.1395088355698235,29
2740,1,3628,2018,1610,0,0,0,1.0,1,1.0,1,1.0,1,0.11324054571182102,29
2741,0,3628,2018,1610,0,0,0,1.0,1,1.0,1,1.0,1,0.14207871051155319,28
2742,2,3630,2020,1610,0,0,0,1.0,1,1.0,1,1.0,1,0.19811627943313972,28
2743,1,3631,2020,1611,0,0,0,1.0,1,1.0,1,1.0,1,0.18571629832726974,29
2744,0,3631,2020,1611,0,0,0,1.0,1,1.0,1,1.0,1,0.15790626062066565,27
2745,4,3635,2022,1613,0,0,0,1.0,1,1.0,1,1.0,1,0.12033863304190559,25
2746,0,3635,2022,1613,0,0,0,1.0,1,1.0,1,1.0,1,0.13180316246095025,25
2747,1,3636,2023,1613,0,0,0,1.0,1,1.0,1,1.0,1,0.16752897556994073,23
2748,0,3636,2023,1613,0,0,0,1.0,1,1.0,1,1.0,1,0.13748943986301956,22
2749,0,3636,2023,1613,0,0,0,1.0,1,1.0,1,1.0,1,0.16410228806954535,19
2750,0,3636,2023,1613,0,0,0,1.0,1,1.0,1,1.0,1,0.1399667735536144,18
2751,0,3636,2023,1613,0,0,0,1.0,1,1.0,1,1.0,1,0.19284238150732766,16
2752,1,3637,2024,1613,0,0,0,1.0,1,1.0,1,1.0,1,0.16211197192662555,15
2753,0,3637,2024,1613,0,0,0,1.0,1,1.0,1,1.0,1,0.16211197192662555,15
2754,0,3637,2024,1613,0,0,0,1.0,1,1.0,1,1.0,1,0.16211197192662555,15
2755,0,3637,2024,1613,0,0,0,1.0,1,1.0,1,1.0,1,0.16211197192662555,15
2756,1,3638,2024,1614,0,0,0,1.0,1,1.0,1,1.0,1,0.12824181003637292,16
2757,0,3638,2024,1614,0,0,0,1.0,1,1.0,1,1.0,1,0.07752912745878869,17
2758,0,3638,2024,1614,0,0,0,1.0,1,1.0,1,1.0,1,0.07752912745878869,17
2759,0,3638,2024,1614,0,0,0,1.0,1,1.0,1,1.0,1,0.07271764144740467,18
2760,0,3638,2024,1614,0,0,0,1.0,1,1.0,1,1.0,1,0.07271764144740467,18
2761,0,3638,2024,1614,0,0,0,1.0,1,1.0,1,1.0,1,0.07271764144740467,18
2762,0,3638,2024,1614,0,0,0,1.0,1,1.0,1,1.0,1,0.07271764144740467,18
2763,0,3638,2024,1614,0,0,0,1.0,1,1.0,1,1.0,1,0.07803407698530493,17
2764,2,3640,2026,1614,0,0,0,1.0,1,1.0,1,1.0,1,0.22142659950642857,17
2765,1,3641,2027,1614,0,0,0,1.0,1,1.0,1,1.0,1,0.22437664581283776,18
2766,0,3641,2027,1614,0,0,0,1.0,1,1.0,1,1.0,1,0.22437664581283776,18
2767,0,3641,2027,1614,0,0,0,1.0,1,1.0,1,1.0,1,0.22437664581283776,18
2768,1,3642,2028,1614,0,0,0,1.0,1,1.0,1,1.0,1,0.20204142109463616,18
2769,2,3644,2029,1615,0,0,0,1.0,1,1.0,1,1.0,1,0.16104620044219164,18
2770,1,3645,2030,1615,0,0,0,1.0,1,1.0,1,1.0,1,0.19177299674587006,18
2771,0,3645,2030,1615,0,0,0,1.0,1,1.0,1,1.0,1,0.19177299674587006,18
2772,0,3645,2030,1615,0,0,0,1.0,1,1.0,1,1.0,1,0.19177299674587006,18
2773,1,3646,2030,1616,0,0,0,1.0,1,1.0,1,1.0,1,0.12170346312783929,18
2774,0,3646,2030,1616,0,0,0,1.0,1,1.0,1,1.0,1,0.16369000276792972,20
2775,2,3648,2032,1616,0,0,0,1.0,1,1.0,1,1.0,1,0.18023390168458714,21
2776,1,3649,2033,1616,0,0,0,1.0,1,1.0,1,1.0,1,0.1499257838172298,21
2777,0,3649,2033,1616,0,0,0,1.0,1,1.0,1,1.0,1,0.13345876851046934,22
2778,1,3650,2034,1616,0,0,0,1.0,1,1.0,1,1.0,1,0.16499181790978731,24
2779,2,3652,2036,1616,0,0,0,1.0,1,1.0,1,1.0,1,0.17382921115678518,24
2780,1,3653,2037,1616,0,0,0,1.0,1,1.0,1,1.0,1,0.12449927996116282,24
2781,0,3653,2037,1616,0,0,0,1.0,1,1.0,1,1.0,1,0.12449927996116282,24
2782,0,3653,2037,1616,0,0,0,1.0,1,1.0,1,1.0,1,0.12449927996116282,24
2783,0,3653,2037,1616,0,0,0,1.0,1,1.0,1,1.0,1,0.12449927996116282,24
2784,1,3654,2037,1617,0,0,0,1.0,1,1.0,1,1.0,1,0.1587825377280115,24
2785,0,3654,2037,1617,0,0,0,1.0,1,1.0,1,1.0,1,0.11784952233341055,22
2786,0,3654,2037,1617,0,0,0,1.0,1,1.0,1,1.0,1,0.18084619089830892,22
2787,1,3655,2038,1617,0,0,0,1.0,1,1.0,1,1.0,1,0.11249262848623257,21
2788,0,3655,2038,1617,0,0,0,1.0,1,1.0,1,1.0,1,0.10839858953758204,20
2789,1,3656,2039,1617,0,0,0,1.0,1,1.0,1,1.0,1,0.1455554761474988,20
2790,1,3657,2039,1618,0,0,0,1.0,1,1.0,1,1.0,1,0.15056160328725132,21
2791,0,3657,2039,1618,0,0,0,1.0,1,1.0,1,1.0,1,0.15056160328725132,21
2792,0,3657,2039,1618,0,0,0,1.0,1,1.0,1,1.0,1,0.15056160328725132,21
2793,1,3658,2039,1619,0,0,0,1.0,1,1.0,1,1.0,1,0.10751684895364381,18
2794,0,3658,2039,1619,0,0,0,1.0,1,1.0,1,1.0,1,0.10751684895364381,18
2795,1,3659,2040,1619,0,0,0,1.0,1,1.0,1,1.0,1,0.11395124570121017,20
2796,1,3660,2041,1619,0,0,0,1.0,1,1.0,1,1.0,1,0.09388491422126025,21
2797,0,3660,2041,1619,0,0,0,1.0,1,1.0,1,1.0,1,0.09388491422126025,21
2798,0,3660,2041,1619,0,0,0,1.0,1,1.0,1,1.0,1,0.09388491422126025,21
2799,0,3660,2041,1619,0,0,0,1.0,1,1.0,1,1.0,1,0.10825353471282835,22
2800,0,3660,2041,1619,0,0,0,1.0,1,1.0,1,1.0,1,0.10825353471282835,22
2801,3,3663,2043,1620,0,0,0,1.0,1,1.0,1,1.0,1,0.16492792471398118,22
2802,0,3663,2043,1620,0,0,0,1.0,1,1.0,1,1.0,1,0.16492792471398118,22
2803,1,3664,2044,1620,0,0,0,1.0,1,1.0,1,1.0,1,0.20275982439908993,22
2804,0,3664,2044,1620,0,0,0,1.0,1,1.0,1,1.0,1,0.21361142227685342,23
2805,0,3664,2044,1620,0,0,0,1.0,1,1.0,1,1.0,1,0.21361142227685342,23
2806,0,3664,2044,1620,0,0,0,1.0,1,1.0,1,1.0,1,0.21361142227685342,23
2807,1,3665,2044,1621,0,0,0,1.0,1,1.0,1,1.0,1,0.17149219489467024,24
2808,0,3665,2044,1621,0,0,0,1.0,1,1.0,1,1.0,1,0.17149219489467024,24
2809,0,3665,2044,1621,0,0,0,1.0,1,1.0,1,1.0,1,0.18718986898858064,25
2810,0,3665,2044,1621,0,0,0,1.0,1,1.0,1,1.0,1,0.18488652047894955,24
2811,1,3666,2045,1621,0,0,0,1.0,1,1.0,1,1.0,1,0.16084623633360545,26
2812,0,3666,2045,1621,0,0,0,1.0,1,1.0,1,1.0,1,0.16084623633360545,26
2813,1,3667,2046,1621,0,0,0,1.0,1,1.0,1,1.0,1,0.14274206963588118,27
2814,3,3670,2047,1623,0,0,0,1.0,1,1.0,1,1.0,1,0.17451718060497826,29
2815,1,3671,2048,1623,0,0,0,1.0,1,1.0,1,1.0,1,0.16267980833772366,29
2816,0,3671,2048,1623,0,0,0,1.0,1,1.0,1,1.0,1,0.16638044183191597,29
2817,1,3672,2049,1623,0,0,0,1.0,1,1.0,1,1.0,1,0.14310066672136693,29
2818,2,3674,2051,1623,0,0,0,1.0,1,1.0,1,1.0,1,0.15942509111083214,29
2819,1,3675,2052,1623,0,0,0,1.0,1,1.0,1,1.0,1,0.13904873510706575,30
2820,2,3677,2053,1624,0,0,0,1.0,1,1.0,1,1.0,1,0.18372341766200234,30
2821,2,3679,2054,1625,0,0,0,1.0,1,1.0,1,1.0,1,0.14392815336527456,31
2822,0,3679,2054,1625,0,0,0,1.0,1,1.0,1,1.0,1,0.1622552770504677,30
2823,2,3681,2055,1626,0,0,0,1.0,1,1.0,1,1.0,1,0.05920023717877746,27
2824,0,3681,2055,1626,0,0,0,1.0,1,1.0,1,1.0,1,0.04418046661165506,28
2825,3,3684,2058,1626,0,0,0,1.0,1,1.0,1,1.0,1,0.11507051457279191,28
2826,1,3685,2059,1626,0,0,0,1.0,1,1.0,1,1.0,1,0.18059785059232908,27
2827,0,3685,2059,1626,0,0,0,1.0,1,1.0,1,1.0,1,0.20189227473689036,28
2828,0,3685,2059,1626,0,0,0,1.0,1,1.0,1,1.0,1,0.22885612589823515,28
2829,2,3687,2060,1627,0,0,0,1.0,1,1.0,1,1.0,1,0.2030364915662262,27
2830,1,3688,2061,1627,0,0,0,1.0,1,1.0,1,1.0,1,0.22254436034561417,27
2831,4,3692,2063,1629,0,0,0,1.0,1,1.0,1,1.0,1,0.1824986379132309,27
2832,1,3693,2063,1630,0,0,0,1.0,1,1.0,1,1.0,1,0.214148280653111,27
2833,2,3695,2064,1631,0,0,0,1.0,1,1.0,1,1.0,1,0.2139302380734393,26
2834,1,3696,2065,1631,0,0,0,1.0,1,1.0,1,1.0,1,0.12093632291065715,26
2835,1,3697,2066,1631,0,0,0,1.0,1,1.0,1,1.0,1,0.08254139288728934,25
2836,0,3697,2066,1631,0,0,0,1.0,1,1.0,1,1.0,1,0.11561825842509717,27
2837,1,3698,2067,1631,0,0,0,1.0,1,1.0,1,1.0,1,0.1577849798175198,27
2838,0,3698,2067,1631,0,0,0,1.0,1,1.0,1,1.0,1,0.1577849798175198,27
2839,2,3700,2068,1632,0,0,0,1.0,1,1.0,1,1.0,1,0.18425833376744408,29
2840,0,3700,2068,1632,0,0,0,1.0,1,1.0,1,1.0,1,0.18425833376744408,29
2841,3,3703,2069,1634,0,0,0,1.0,1,1.0,1,1.0,1,0.17695930542069133,31
2842,0,3703,2069,1634,0,0,0,1.0,1,1.0,1,1.0,1,0.17695930542069133,31
2843,0,3703,2069,1634,0,0,0,1.0,1,1.0,1,1.0,1,0.11813653018750983,32
2844,5,3708,2072,1636,0,0,0,1.0,1,1.0,1,1.0,1,0.05651029443333781,33
2845,0,3708,2072,1636,0,0,0,1.0,1,1.0,1,1.0,1,0.07364575905711127,32
2846,2,3710,2074,1636,0,0,0,1.0,1,1.0,1,1.0,1,0.07570533843848272,33
2847,2,3712,2075,1637,0,0,0,1.0,1,1.0,1,1.0,1,0.13671508635531615,32
2848,2,3714,2077,1637,0,0,0,1.0,1,1.0,1,1.0,1,0.1626684122486119,33
2849,2,3716,2077,1639,0,0,0,1.0,1,1.0,1,1.0,1,0.11522544650003476,34
2850,0,3716,2077,1639,0,0,0,1.0,1,1.0,1,1.0,1,0.11522544650003476,34
2851,0,3716,2077,1639,0,0,0,1.0,1,1.0,1,1.0,1,0.11522544650003476,34
2852,6,3722,2082,1640,0,0,0,1.0,1,1.0,1,1.0,1,0.13488454897602725,35
2853,2,3724,2082,1642,0,0,0,1.0,1,1.0,1,1.0,1,0.0791702813306317,36
2854,0,3724,2082,1642,0,0,0,1.0,1,1.0,1,1.0,1,0.08553916061093775,37
2855,1,3725,2083,1642,0,0,0,1.0,1,1.0,1,1.0,1,0.058414450599432295,38
2856,0,3725,2083,1642,0,0,0,1.0,1,1.0,1,1.0,1,0.058414450599432295,38
2857,2,3727,2085,1642,0,0,0,1.0,1,1.0,1,1.0,1,0.061471179106030005,39
2858,1,3728,2086,1642,0,0,0,1.0,1,1.0,1,1.0,1,0.06471817400743765,40
2859,2,3730,2088,1642,0,0,0,1.0,1,1.0,1,1.0,1,0.1379039645020745,40
2860,2,3732,2089,1643,0,0,0,1.0,1,1.0,1,1.0,1,0.1020165316802269,40
2861,2,3734,2090,1644,0,0,0,1.0,1,1.0,1,1.0,1,0.07863136778521407,38
2862,1,3735,2091,1644,0,0,0,1.0,1,1.0,1,1.0,1,0.1369978239516245,38
2863,2,3737,2093,1644,0,0,0,1.0,1,1.0,1,1.0,1,0.14733160727165887,38
2864,1,3738,2094,1644,0,0,0,1.0,1,1.0,1,1.0,1,0.17132808288719986,36
2865,3,3741,2097,1644,0,0,0,1.0,1,1.0,1,1.0,1,0.18085544172036014,34
2866,0,3741,2097,1644,0,0,0,1.0,1,1.0,1,1.0,1,0.14444869107281824,31
2867,1,3742,2098,1644,0,0,0,1.0,1,1.0,1,1.0,1,0.13555983534926744,30
2868,2,3744,2100,1644,0,0,0,1.0,1,1.0,1,1.0,1,0.18377895424696572,27
2869,0,3744,2100,1644,0,0,0,1.0,1,1.0,1,1.0,1,0.20234387179107882,27
2870,1,3745,2101,1644,0,0,0,1.0,1,1.0,1,1.0,1,0.2321751811276038,25
2871,0,3745,2101,1644,0,0,0,1.0,1,1.0,1,1.0,1,0.23207158668649863,25
2872,3,3748,2102,1646,0,0,0,1.0,1,1.0,1,1.0,1,0.1930688468019395,23
2873,2,3750,2102,1648,0,0,0,1.0,1,1.0,1,1.0,1,0.10659314369052007,24
2874,0,3750,2102,1648,0,0,0,1.0,1,1.0,1,1.0,1,0.11548195577403356,24
2875,1,3751,2102,1649,0,0,0,1.0,1,1.0,1,1.0,1,0.1587883483355293,23
2876,2,3753,2103,1650,0,0,0,1.0,1,1.0,1,1.0,1,0.14670105701160463,24
2877,2,3755,2104,1651,0,0,0,1.0,1,1.0,1,1.0,1,0.14212870256297683,24
2878,2,3757,2105,1652,0,0,0,1.0,1,1.0,1,1.0,1,0.13332850994177106,24
2879,2,3759,2107,1652,0,0,0,1.0,1,1.0,1,1.0,1,0.20277648127514877,25
2880,0,3759,2107,1652,0,0,0,1.0,1,1.0,1,1.0,1,0.20459773971825035,26
2881,1,3760,2107,1653,0,0,0,1.0,1,1.0,1,1.0,1,0.19074472923508218,26
2882,0,3760,2107,1653,0,0,0,1.0,1,1.0,1,1.0,1,0.16582285091177207,27
2883,1,3761,2107,1654,0,0,0,1.0,1,1.0,1,1.0,1,0.13809128602340892,28
2884,1,3762,2107,1655,0,0,0,1.0,1,1.0,1,1.0,1,0.12059939855011582,29
2885,1,3763,2107,1656,0,0,0,1.0,1,1.0,1,1.0,1,0.08977510766844998,31
2886,1,3764,2108,1656,0,0,0,1.0,1,1.0,1,1.0,1,0.11770271318081374,31
2887,0,3764,2108,1656,0,0,0,1.0,1,1.0,1,1.0,1,0.09473492885303818,33
2888,4,3768,2109,1659,0,0,0,1.0,1,1.0,1,1.0,1,0.13346223798314774,34
2889,2,3770,2111,1659,0,0,0,1.0,1,1.0,1,1.0,1,0.1546212433867157,35
2890,1,3771,2112,1659,0,0,0,1.0,1,1.0,1,1.0,1,0.15749138015259348,35
2891,1,3772,2112,1660,0,0,0,1.0,1,1.0,1,1.0,1,0.1366626803937015,35
2892,2,3774,2114,1660,0,0,0,1.0,1,1.0,1,1.0,1,0.17501209994441505,35
2893,1,3775,2114,1661,0,0,0,1.0,1,1.0,1,1.0,1,0.15545301300454922,37
2894,0,3775,2114,1661,0,0,0,1.0,1,1.0,1,1.0,1,0.15545301300454922,37
2895,0,3775,2114,1661,0,0,0,1.0,1,1.0,1,1.0,1,0.15545301300454922,37
2896,2,3777,2115,1662,0,0,0,1.0,1,1.0,1,1.0,1,0.1944687041915965,38
2897,0,3777,2115,1662,0,0,0,1.0,1,1.0,1,1.0,1,0.22552684765572062,37
2898,0,3777,2115,1662,0,0,0,1.0,1,1.0,1,1.0,1,0.23956818138393227,38
2899,2,3779,2117,1662,0,0,0,1.0,1,1.0,1,1.0,1,0.2637599412668856,37
2900,0,3779,2117,1662,0,0,0,1.0,1,1.0,1,1.0,1,0.24574324839374434,36
2901,1,3780,2117,1663,0,0,0,1.0,1,1.0,1,1.0,1,0.1867277526095517,37
2902,0,3780,2117,1663,0,0,0,1.0,1,1.0,1,1.0,1,0.17461439810879043,35
2903,0,3780,2117,1663,0,0,0,1.0,1,1.0,1,1.0,1,0.1847763087437797,35
2904,0,3780,2117,1663,0,0,0,1.0,1,1.0,1,1.0,1,0.18146453180778005,33
2905,1,3781,2117,1664,0,0,0,1.0,1,1.0,1,1.0,1,0.18267768223474987,34
2906,3,3784,2119,1665,0,0,0,1.0,1,1.0,1,1.0,1,0.2611137855327822,34
2907,0,3784,2119,1665,0,0,0,1.0,1,1.0,1,1.0,1,0.2496556050495641,35
2908,0,3784,2119,1665,0,0,0,1.0,1,1.0,1,1.0,1,0.2570372184795021,36
2909,0,3784,2119,1665,0,0,0,1.0,1,1.0,1,1.0,1,0.26131494492387825,38
2910,0,3784,2119,1665,0,0,0,1.0,1,1.0,1,1.0,1,0.26131494492387825,38
2911,1,3785,2120,1665,0,0,0,1.0,1,1.0,1,1.0,1,0.2794929201923003,37
2912,0,3785,2120,1665,0,0,0,1.0,1,1.0,1,1.0,1,0.2794929201923003,37
2913,1,3786,2120,1666,0,0,0,1.0,1,1.0,1,1.0,1,0.277105515822941,38
2914,0,3786,2120,1666,0,0,0,1.0,1,1.0,1,1.0,1,0.277105515822941,38
2915,1,3787,2120,1667,0,0,0,1.0,1,1.0,1,1.0,1,0.2525179392758197,39
2916,2,3789,2120,1669,0,0,0,1.0,1,1.0,1,1.0,1,0.24555584745427642,40
2917,2,3791,2120,1671,0,0,0,1.0,1,1.0,1,1.0,1,0.19882836256402417,41
2918,1,3792,2120,1672,0,0,0,1.0,1,1.0,1,1.0,1,0.20820877152623177,41
2919,0,3792,2120,1672,0,0,0,1.0,1,1.0,1,1.0,1,0.20820877152623177,41
2920,0,3792,2120,1672,0,0,0,1.0,1,1.0,1,1.0,1,0.20623151516696073,43
2921,2,3794,2120,1674,0,0,0,1.0,1,1.0,1,1.0,1,0.17952447952071968,42
2922,0,3794,2120,1674,0,0,0,1.0,1,1.0,1,1.0,1,0.15684416885143318,43
2923,0,3794,2120,1674,0,0,0,1.0,1,1.0,1,1.0,1,0.16759736304655898,44
2924,0,3794,2120,1674,0,0,0,1.0,1,1.0,1,1.0,1,0.14147846572568665,45
2925,1,3795,2121,1674,0,0,0,1.0,1,1.0,1,1.0,1,0.18350347667713063,45
2926,1,3796,2122,1674,0,0,0,1.0,1,1.0,1,1.0,1,0.14116551940459193,47
2927,0,3796,2122,1674,0,0,0,1.0,1,1.0,1,1.0,1,0.14116551940459193,47
2928,3,3799,2123,1676,0,0,0,1.0,1,1.0,1,1.0,1,0.14468821061450135,48
2929,0,3799,2123,1676,0,0,0,1.0,1,1.0,1,1.0,1,0.14468821061450135,48
2930,0,3799,2123,1676,0,0,0,1.0,1,1.0,1,1.0,1,0.1452516247444503,50
2931,0,3799,2123,1676,0,0,0,1.0,1,1.0,1,1.0,1,0.14563845099909048,51
2932,0,3799,2123,1676,0,0,0,1.0,1,1.0,1,1.0,1,0.14563845099909048,51
2933,1,3800,2123,1677,0,0,0,1.0,1,1.0,1,1.0,1,0.1443485675298081,52
2934,0,3800,2123,1677,0,0,0,1.0,1,1.0,1,1.0,1,0.1443485675298081,52
2935,0,3800,2123,1677,0,0,0,1.0,1,1.0,1,1.0,1,0.16379244500772816,51
2936,1,3801,2124,1677,0,0,0,1.0,1,1.0,1,1.0,1,0.18062195809214715,49
2937,0,3801,2124,1677,0,0,0,1.0,1,1.0,1,1.0,1,0.18103500720854507,50
2938,3,3804,2125,1679,0,0,0,1.0,1,1.0,1,1.0,1,0.17958076666393916,50
2939,0,3804,2125,1679,0,0,0,1.0,1,1.0,1,1.0,1,0.18532092487347815,51
2940,3,3807,2127,1680,0,0,0,1.0,1,1.0,1,1.0,1,0.18219981923570006,52
2941,3,3810,2129,1681,0,0,0,1.0,1,1.0,1,1.0,1,0.217730351261009,53
2942,0,3810,2129,1681,0,0,0,1.0,1,1.0,1,1.0,1,0.21715231572856242,52
2943,2,3812,2131,1681,0,0,0,1.0,1,1.0,1,1.0,1,0.2537336974977236,51
2944,0,3812,2131,1681,0,0,0,1.0,1,1.0,1,1.0,1,0.2340225030882585,52
2945,3,3815,2132,1683,0,0,0,1.0,1,1.0,1,1.0,1,0.21347580472192143,50
2946,1,3816,2133,1683,0,0,0,1.0,1,1.0,1,1.0,1,0.21761512665357924,51
2947,1,3817,2134,1683,0,0,0,1.0,1,1.0,1,1.0,1,0.21373795467571358,50
2948,2,3819,2135,1684,0,0,0,1.0,1,1.0,1,1.0,1,0.17983171968769646,50
2949,2,3821,2135,1686,0,0,0,1.0,1,1.0,1,1.0,1,0.1457335667491278,49
2950,0,3821,2135,1686,0,0,0,1.0,1,1.0,1,1.0,1,0.16401204007155837,48
2951,0,3821,2135,1686,0,0,0,1.0,1,1.0,1,1.0,1,0.14906688549241479,48
2952,0,3821,2135,1686,0,0,0,1.0,1,1.0,1,1.0,1,0.14467013105519816,46
2953,0,3821,2135,1686,0,0,0,1.0,1,1.0,1,1.0,1,0.14467013105519816,46
2954,1,3822,2136,1686,0,0,0,1.0,1,1.0,1,1.0,1,0.17717382715488655,48
2955,4,3826,2136,1690,0,0,0,1.0,1,1.0,1,1.0,1,0.10685043995090274,48
2956,1,3827,2136,1691,0,0,0,1.0,1,1.0,1,1.0,1,0.11013031788587135,47
2957,2,3829,2136,1693,0,0,0,1.0,1,1.0,1,1.0,1,0.09227462211767415,48
2958,1,3830,2136,1694,0,0,0,1.0,1,1.0,1,1.0,1,0.06665448374484885,49
2959,1,3831,2137,1694,0,0,0,1.0,1,1.0,1,1.0,1,0.049866898083360665,49
2960,0,3831,2137,1694,0,0,0,1.0,1,1.0,1,1.0,1,0.049866898083360665,49
2961,2,3833,2139,1694,0,0,0,1.0,1,1.0,1,1.0,1,0.03627164776975905,51
2962,2,3835,2141,1694,0,0,0,1.0,1,1.0,1,1.0,1,0.050197447297743045,51
2963,2,3837,2143,1694,0,0,0,1.0,1,1.0,1,1.0,1,0.08111546969659959,51
2964,1,3838,2144,1694,0,0,0,1.0,1,1.0,1,1.0,1,0.10255397145017861,52
2965,3,3841,2146,1695,0,0,0,1.0,1,1.0,1,1.0,1,0.09036409097577379,53
2966,4,3845,2148,1697,0,0,0,1.0,1,1.0,1,1.0,1,0.049030781877492643,53
2967,1,3846,2148,1698,0,0,0,1.0,1,1.0,1,1.0,1,0.016421885158220663,53
2968,0,3846,2148,1698,0,0,0,1.0,1,1.0,1,1.0,1,0.02168022514881732,54
2969,2,3848,2150,1698,0,0,0,1.0,1,1.0,1,1.0,1,0.011177257791553602,55
2970,0,3848,2150,1698,0,0,0,1.0,1,1.0,1,1.0,1,0.011177257791553602,55
2971,1,3849,2151,1698,0,0,0,1.0,1,1.0,1,1.0,1,0.02569623712637432,55
2972,1,3850,2152,1698,0,0,0,1.0,1,1.0,1,1.0,1,0.057672281093369256,55
2973,0,3850,2152,1698,0,0,0,1.0,1,1.0,1,1.0,1,0.07419346298166482,55
2974,1,3851,2152,1699,0,0,0,1.0,1,1.0,1,1.0,1,0.0783094685230784,56
2975,0,3851,2152,1699,0,0,0,1.0,1,1.0,1,1.0,1,0.08250314171025454,55
2976,0,3851,2152,1699,0,0,0,1.0,1,1.0,1,1.0,1,0.07770115341000673,57
2977,2,3853,2152,1701,0,0,0,1.0,1,1.0,1,1.0,1,0.057120654662247194,59
2978,2,3855,2154,1701,0,0,0,1.0,1,1.0,1,1.0,1,0.10368986212781814,59
2979,0,3855,2154,1701,0,0,0,1.0,1,1.0,1,1.0,1,0.10368986212781814,59
2980,1,3856,2155,1701,0,0,0,1.0,1,1.0,1,1.0,1,0.13661002970817865,59
2981,5,3861,2157,1704,0,0,0,1.0,1,1.0,1,1.0,1,0.1157804918239039,59
2982,3,3864,2158,1706,0,0,0,1.0,1,1.0,1,1.0,1,0.09585181571966792,61
2983,5,3869,2160,1709,0,0,0,1.0,1,1.0,1,1.0,1,0.05041686603932256,61
2984,3,3872,2161,1711,0,0,0,1.0,1,1.0,1,1.0,1,0.04615330382652495,61
2985,4,3876,2165,1711,0,0,0,1.0,1,1.0,1,1.0,1,0.04501913644822741,57
2986,2,3878,2167,1711,0,0,0,1.0,1,1.0,1,1.0,1,0.060330635715322226,58
2987,1,3879,2168,1711,0,0,0,1.0,1,1.0,1,1.0,1,0.05118030937545385,56
2988,4,3883,2172,1711,0,0,0,1.0,1,1.0,1,1.0,1,0.047943836178253985,55
2989,3,3886,2175,1711,0,0,0,1.0,1,1.0,1,1.0,1,0.09047052880818544,53
2990,3,3889,2178,1711,0,0,0,1.0,1,1.0,1,1.0,1,0.08352478796818996,52
2991,2,3891,2180,1711,0,0,0,1.0,1,1.0,1,1.0,1,0.08647003010559534,54
2992,1,3892,2181,1711,0,0,0,1.0,1,1.0,1,1.0,1,0.09062425604528229,55
2993,3,3895,2183,1712,0,0,0,1.0,1,1.0,1,1.0,1,0.06814462607493181,53
2994,1,3896,2183,1713,0,0,0,1.0,1,1.0,1,1.0,1,0.08467795393411003,53
2995,0,3896,2183,1713,0,0,0,1.0,1,1.0,1,1.0,1,0.09949802844535924,51
2996,1,3897,2184,1713,0,0,0,1.0,1,1.0,1,1.0,1,0.1252446243145904,52
2997,3,3900,2185,1715,0,0,0,1.0,1,1.0,1,1.0,1,0.10878973024197232,50
2998,3,3903,2186,1717,0,0,0,1.0,1,1.0,1,1.0,1,0.07773796193768594,51
2999,0,3903,2186,1717,0,0,0,1.0,1,1.0,1,1.0,1,0.09997729596029363,48
3000,1,3904,2187,1717,0,0,0,1.0,1,1.0,1,1.0,1,0.11402874926025865,48
3001,3,3907,2187,1720,0,0,0,1.0,1,1.0,1,1.0,1,0.04936013625022566,49
3002,1,3908,2188,1720,0,0,0,1.0,1,1.0,1,1.0,1,0.07188345611015073,50
3003,0,3908,2188,1720,0,0,0,1.0,1,1.0,1,1.0,1,0.07188345611015073,50
3004,0,3908,2188,1720,0,0,0,1.0,1,1.0,1,1.0,1,0.06763850883596528,51
3005,0,3908,2188,1720,0,0,0,1.0,1,1.0,1,1.0,1,0.06433255231814307,50
3006,0,3908,2188,1720,0,0,0,1.0,1,1.0,1,1.0,1,0.08040649097730176,51
3007,0,3908,2188,1720,0,0,0,1.0,1,1.0,1,1.0,1,0.0812009081085582,51
3008,2,3910,2188,1722,0,0,0,1.0,1,1.0,1,1.0,1,0.030645973821748326,53
3009,0,3910,2188,1722,0,0,0,1.0,1,1.0,1,1.0,1,0.0499255779362503,52
3010,0,3910,2188,1722,0,0,0,1.0,1,1.0,1,1.0,1,0.0499255779362503,52
3011,1,3911,2189,1722,0,0,0,1.0,1,1.0,1,1.0,1,0.08610210781142355,51
3012,3,3914,2191,1723,0,0,0,1.0,1,1.0,1,1.0,1,0.10365038202570112,54
3013,4,3918,2195,1723,0,0,0,1.0,1,1.0,1,1.0,1,0.0991333923990519,52
3014,2,3920,2197,1723,0,0,0,1.0,1,1.0,1,1.0,1,0.12495275809182808,51
3015,2,3922,2199,1723,0,0,0,1.0,1,1.0,1,1.0,1,0.13567175307646484,50
3016,2,3924,2201,1723,0,0,0,1.0,1,1.0,1,1.0,1,0.14919702984736744,50
3017,6,3930,2204,1726,0,0,0,1.0,1,1.0,1,1.0,1,0.13979853146955457,48
3018,3,3933,2206,1727,0,0,0,1.0,1,1.0,1,1.0,1,0.11130307859844578,48
3019,1,3934,2207,1727,0,0,0,1.0,1,1.0,1,1.0,1,0.10367900562945313,47
3020,2,3936,2209,1727,0,0,0,1.0,1,1.0,1,1.0,1,0.1078470180195447,47
3021,3,3939,2211,1728,0,0,0,1.0,1,1.0,1,1.0,1,0.09483561053107357,46
3022,2,3941,2213,1728,0,0,0,1.0,1,1.0,1,1.0,1,0.13932163376626716,45
3023,2,3943,2215,1728,0,0,0,1.0,1,1.0,1,1.0,1,0.11350062601083852,41
3024,3,3946,2218,1728,0,0,0,1.0,1,1.0,1,1.0,1,0.12484428705906499,43
3025,4,3950,2219,1731,0,0,0,1.0,1,1.0,1,1.0,1,0.08284744310921585,39
3026,1,3951,2220,1731,0,0,0,1.0,1,1.0,1,1.0,1,0.13570809097943112,38
3027,1,3952,2221,1731,0,0,0,1.0,1,1.0,1,1.0,1,0.12602307604530516,38
3028,2,3954,2222,1732,0,0,0,1.0,1,1.0,1,1.0,1,0.14703217379860356,38
3029,2,3956,2223,1733,0,0,0,1.0,1,1.0,1,1.0,1,0.13681765682266953,37
3030,2,3958,2224,1734,0,0,0,1.0,1,1.0,1,1.0,1,0.16055651874923949,38
3031,1,3959,2224,1735,0,0,0,1.0,1,1.0,1,1.0,1,0.1468053948064899,39
3032,0,3959,2224,1735,0,0,0,1.0,1,1.0,1,1.0,1,0.1468053948064899,39
3033,2,3961,2224,1737,0,0,0,1.0,1,1.0,1,1.0,1,0.12412239008723475,39
3034,0,3961,2224,1737,0,0,0,1.0,1,1.0,1,1.0,1,0.12119133329650798,38
3035,0,3961,2224,1737,0,0,0,1.0,1,1.0,1,1.0,1,0.10067096102217628,39
3036,0,3961,2224,1737,0,0,0,1.0,1,1.0,1,1.0,1,0.11175787266877575,39
3037,0,3961,2224,1737,0,0,0,1.0,1,1.0,1,1.0,1,0.13560588378561858,39
3038,2,3963,2225,1738,0,0,0,1.0,1,1.0,1,1.0,1,0.09955926886050713,40
3039,1,3964,2226,1738,0,0,0,1.0,1,1.0,1,1.0,1,0.12320590703541912,41
3040,2,3966,2228,1738,0,0,0,1.0,1,1.0,1,1.0,1,0.13663807378475643,42
3041,1,3967,2228,1739,0,0,0,1.0,1,1.0,1,1.0,1,0.10736324486757538,43
3042,2,3969,2230,1739,0,0,0,1.0,1,1.0,1,1.0,1,0.10782128584538862,45
3043,2,3971,2231,1740,0,0,0,1.0,1,1.0,1,1.0,1,0.12418395752499568,45
3044,2,3973,2232,1741,0,0,0,1.0,1,1.0,1,1.0,1,0.0830645263351719,45
3045,0,3973,2232,1741,0,0,0,1.0,1,1.0,1,1.0,1,0.0830645263351719,45
3046,0,3973,2232,1741,0,0,0,1.0,1,1.0,1,1.0,1,0.09381364659748717,46
3047,0,3973,2232,1741,0,0,0,1.0,1,1.0,1,1.0,1,0.09381364659748717,46
3048,3,3976,2232,1744,0,0,0,1.0,1,1.0,1,1.0,1,0.06008742005716537,49
3049,1,3977,2233,1744,0,0,0,1.0,1,1.0,1,1.0,1,0.07115240258702908,50
3050,1,3978,2233,1745,0,0,0,1.0,1,1.0,1,1.0,1,0.05775699159162143,50
3051,2,3980,2235,1745,0,0,0,1.0,1,1.0,1,1.0,1,0.086235633809561,50
3052,1,3981,2235,1746,0,0,0,1.0,1,1.0,1,1.0,1,0.0767520133681419,50
3053,2,3983,2237,1746,0,0,0,1.0,1,1.0,1,1.0,1,0.09887980408436732,49
3054,1,3984,2238,1746,0,0,0,1.0,1,1.0,1,1.0,1,0.11070118252467054,47
3055,1,3985,2239,1746,0,0,0,1.0,1,1.0,1,1.0,1,0.12733904564800666,48
3056,1,3986,2240,1746,0,0,0,1.0,1,1.0,1,1.0,1,0.14018802943219164,47
3057,4,3990,2241,1749,0,0,0,1.0,1,1.0,1,1.0,1,0.13449727553569032,48
3058,2,3992,2243,1749,0,0,0,1.0,1,1.0,1,1.0,1,0.10437683950456676,46
3059,0,3992,2243,1749,0,0,0,1.0,1,1.0,1,1.0,1,0.11156698186777408,44
3060,2,3994,2244,1750,0,0,0,1.0,1,1.0,1,1.0,1,0.07280161613873859,44
3061,1,3995,2245,1750,0,0,0,1.0,1,1.0,1,1.0,1,0.07547473099301236,42
3062,3,3998,2247,1751,0,0,0,1.0,1,1.0,1,1.0,1,0.07023944628828863,42
3063,3,4001,2250,1751,0,0,0,1.0,1,1.0,1,1.0,1,0.12801107856538788,41
3064,1,4002,2251,1751,0,0,0,1.0,1,1.0,1,1.0,1,0.10278793886929444,42
3065,2,4004,2252,1752,0,0,0,1.0,1,1.0,1,1.0,1,0.07085270458545756,40
3066,3,4007,2254,1753,0,0,0,1.0,1,1.0,1,1.0,1,0.07284730219834708,42
3067,3,4010,2257,1753,0,0,0,1.0,1,1.0,1,1.0,1,0.13409558410865174,40
3068,2,4012,2259,1753,0,0,0,1.0,1,1.0,1,1.0,1,0.13078675605087944,39
3069,2,4014,2259,1755,0,0,0,1.0,1,1.0,1,1.0,1,0.1124021859930841,38
3070,0,4014,2259,1755,0,0,0,1.0,1,1.0,1,1.0,1,0.13095526220238213,39
3071,0,4014,2259,1755,0,0,0,1.0,1,1.0,1,1.0,1,0.1474821125325649,39
3072,3,4017,2260,1757,0,0,0,1.0,1,1.0,1,1.0,1,0.15690512617146232,40
3073,4,4021,2261,1760,0,0,0,1.0,1,1.0,1,1.0,1,0.17089503531156694,38
3074,0,4021,2261,1760,0,0,0,1.0,1,1.0,1,1.0,1,0.1543226071025919,38
3075,3,4024,2262,1762,0,0,0,1.0,1,1.0,1,1.0,1,0.17706607072719718,41
3076,1,4025,2263,1762,0,0,0,1.0,1,1.0,1,1.0,1,0.15241514314423352,42
3077,1,4026,2263,1763,0,0,0,1.0,1,1.0,1,1.0,1,0.14236257186328788,42
3078,0,4026,2263,1763,0,0,0,1.0,1,1.0,1,1.0,1,0.14236257186328788,42
3079,0,4026,2263,1763,0,0,0,1.0,1,1.0,1,1.0,1,0.14236257186328788,42
3080,0,4026,2263,1763,0,0,0,1.0,1,1.0,1,1.0,1,0.1353290132474364,43
3081,1,4027,2263,1764,0,0,0,1.0,1,1.0,1,1.0,1,0.12080020585901946,44
3082,2,4029,2264,1765,0,0,0,1.0,1,1.0,1,1.0,1,0.1201702362027954,45
3083,0,4029,2264,1765,0,0,0,1.0,1,1.0,1,1.0,1,0.1201702362027954,45
3084,1,4030,2265,1765,0,0,0,1.0,1,1.0,1,1.0,1,0.1070610569047509,45
3085,1,4031,2265,1766,0,0,0,1.0,1,1.0,1,1.0,1,0.12371800144207873,46
3086,1,4032,2266,1766,0,0,0,1.0,1,1.0,1,1.0,1,0.11971612526619409,46
3087,2,4034,2267,1767,0,0,0,1.0,1,1.0,1,1.0,1,0.12715407297437165,47
3088,1,4035,2268,1767,0,0,0,1.0,1,1.0,1,1.0,1,0.1556034625948876,48
3089,0,4035,2268,1767,0,0,0,1.0,1,1.0,1,1.0,1,0.1339938812208304,46
3090,1,4036,2268,1768,0,0,0,1.0,1,1.0,1,1.0,1,0.12902169709774197,46
3091,1,4037,2268,1769,0,0,0,1.0,1,1.0,1,1.0,1,0.1209648968867763,46
3092,3,4040,2270,1770,0,0,0,1.0,1,1.0,1,1.0,1,0.09193246039806478,47
3093,1,4041,2270,1771,0,0,0,1.0,1,1.0,1,1.0,1,0.06702286619975112,47
3094,0,4041,2270,1771,0,0,0,1.0,1,1.0,1,1.0,1,0.05915628620359291,45
3095,1,4042,2271,1771,0,0,0,1.0,1,1.0,1,1.0,1,0.04625914573409001,46
3096,0,4042,2271,1771,0,0,0,1.0,1,1.0,1,1.0,1,0.04470588772678779,46
3097,2,4044,2273,1771,0,0,0,1.0,1,1.0,1,1.0,1,0.07048015261536328,47
3098,1,4045,2274,1771,0,0,0,1.0,1,1.0,1,1.0,1,0.03048089843008617,47
3099,0,4045,2274,1771,0,0,0,1.0,1,1.0,1,1.0,1,0.03048089843008617,47
3100,0,4045,2274,1771,0,0,0,1.0,1,1.0,1,1.0,1,0.03048089843008617,47
3101,0,4045,2274,1771,0,0,0,1.0,1,1.0,1,1.0,1,0.025853292951904975,48
3102,1,4046,2275,1771,0,0,0,1.0,1,1.0,1,1.0,1,0.017417716913040598,48
3103,0,4046,2275,1771,0,0,0,1.0,1,1.0,1,1.0,1,0.033306237167551184,49
3104,1,4047,2276,1771,0,0,0,1.0,1,1.0,1,1.0,1,0.05856353146962324,48
3105,3,4050,2277,1773,0,0,0,1.0,1,1.0,1,1.0,1,0.08645669313343253,45
3106,1,4051,2278,1773,0,0,0,1.0,1,1.0,1,1.0,1,0.14238359638209985,46
3107,2,4053,2279,1774,0,0,0,1.0,1,1.0,1,1.0,1,0.15312051928425915,44
3108,2,4055,2281,1774,0,0,0,1.0,1,1.0,1,1.0,1,0.16828172511609357,45
3109,3,4058,2281,1777,0,0,0,1.0,1,1.0,1,1.0,1,0.12928661803666466,44
3110,4,4062,2284,1778,0,0,0,1.0,1,1.0,1,1.0,1,0.08422974736641406,46
3111,1,4063,2285,1778,0,0,0,1.0,1,1.0,1,1.0,1,0.10329968191860991,46
3112,0,4063,2285,1778,0,0,0,1.0,1,1.0,1,1.0,1,0.11575381601838534,47
3113,2,4065,2286,1779,0,0,0,1.0,1,1.0,1,1.0,1,0.0817406647589457,48
3114,0,4065,2286,1779,0,0,0,1.0,1,1.0,1,1.0,1,0.08114126363309358,48
3115,1,4066,2286,1780,0,0,0,1.0,1,1.0,1,1.0,1,0.08794899113197632,49
3116,1,4067,2286,1781,0,0,0,1.0,1,1.0,1,1.0,1,0.07364014786883195,48
3117,4,4071,2288,1783,0,0,0,1.0,1,1.0,1,1.0,1,0.11747127787629687,49
3118,2,4073,2288,1785,0,0,0,1.0,1,1.0,1,1.0,1,0.10341878276858724,50
3119,0,4073,2288,1785,0,0,0,1.0,1,1.0,1,1.0,1,0.10341878276858724,50
3120,1,4074,2289,1785,0,0,0,1.0,1,1.0,1,1.0,1,0.11952581949286493,50
3121,2,4076,2291,1785,0,0,0,1.0,1,1.0,1,1.0,1,0.10160039762772179,50
3122,0,4076,2291,1785,0,0,0,1.0,1,1.0,1,1.0,1,0.10160039762772179,50
3123,2,4078,2293,1785,0,0,0,1.0,1,1.0,1,1.0,1,0.09949800231150967,51
3124,1,4079,2294,1785,0,0,0,1.0,1,1.0,1,1.0,1,0.11448666963768726,51
3125,3,4082,2295,1787,0,0,0,1.0,1,1.0,1,1.0,1,0.08538077852396542,51
3126,1,4083,2296,1787,0,0,0,1.0,1,1.0,1,1.0,1,0.0884983522604836,54
3127,2,4085,2298,1787,0,0,0,1.0,1,1.0,1,1.0,1,0.10709158766637199,53
3128,0,4085,2298,1787,0,0,0,1.0,1,1.0,1,1.0,1,0.09043117056353069,52
3129,4,4089,2300,1789,0,0,0,1.0,1,1.0,1,1.0,1,0.08367715705777241,51
3130,0,4089,2300,1789,0,0,0,1.0,1,1.0,1,1.0,1,0.06829352309376478,50
3131,2,4091,2302,1789,0,0,0,1.0,1,1.0,1,1.0,1,0.11694153032459971,50
3132,0,4091,2302,1789,0,0,0,1.0,1,1.0,1,1.0,1,0.09150537675979285,49
3133,0,4091,2302,1789,0,0,0,1.0,1,1.0,1,1.0,1,0.09150537675979285,49
3134,0,4091,2302,1789,0,0,0,1.0,1,1.0,1,1.0,1,0.0928846138119721,46
3135,2,4093,2304,1789,0,0,0,1.0,1,1.0,1,1.0,1,0.1282256107292799,47
3136,1,4094,2305,1789,0,0,0,1.0,1,1.0,1,1.0,1,0.09936255473913491,46
3137,2,4096,2307,1789,0,0,0,1.0,1,1.0,1,1.0,1,0.13355486032534064,49
3138,1,4097,2308,1789,0,0,0,1.0,1,1.0,1,1.0,1,0.16091580246360335,49
3139,4,4101,2310,1791,0,0,0,1.0,1,1.0,1,1.0,1,0.1569166842812841,50
3140,2,4103,2311,1792,0,0,0,1.0,1,1.0,1,1.0,1,0.1717507086250968,51
3141,2,4105,2311,1794,0,0,0,1.0,1,1.0,1,1.0,1,0.16871524388204656,50
3142,0,4105,2311,1794,0,0,0,1.0,1,1.0,1,1.0,1,0.16871524388204656,50
3143,0,4105,2311,1794,0,0,0,1.0,1,1.0,1,1.0,1,0.18642381877266725,49
3144,1,4106,2311,1795,0,0,0,1.0,1,1.0,1,1.0,1,0.1771435216735715,49
3145,3,4109,2312,1797,0,0,0,1.0,1,1.0,1,1.0,1,0.19016147292326757,48
3146,2,4111,2312,1799,0,0,0,1.0,1,1.0,1,1.0,1,0.1601468432760257,49
3147,1,4112,2312,1800,0,0,0,1.0,1,1.0,1,1.0,1,0.19292187812454634,48
3148,1,4113,2312,1801,0,0,0,1.0,1,1.0,1,1.0,1,0.18543650650260793,48
3149,4,4117,2313,1804,0,0,0,1.0,1,1.0,1,1.0,1,0.154141285070432,47
3150,0,4117,2313,1804,0,0,0,1.0,1,1.0,1,1.0,1,0.154141285070432,47
3151,0,4117,2313,1804,0,0,0,1.0,1,1.0,1,1.0,1,0.16203379366786455,48
3152,0,4117,2313,1804,0,0,0,1.0,1,1.0,1,1.0,1,0.17287001722339226,47
3153,2,4119,2313,1806,0,0,0,1.0,1,1.0,1,1.0,1,0.14859078209357462,47
3154,3,4122,2314,1808,0,0,0,1.0,1,1.0,1,1.0,1,0.1356872331164295,48
3155,0,4122,2314,1808,0,0,0,1.0,1,1.0,1,1.0,1,0.13171648772293335,48
3156,0,4122,2314,1808,0,0,0,1.0,1,1.0,1,1.0,1,0.13973799738041506,48
3157,3,4125,2314,1811,0,0,0,1.0,1,1.0,1,1.0,1,0.12130985873058997,48
3158,0,4125,2314,1811,0,0,0,1.0,1,1.0,1,1.0,1,0.12130985873058997,48
3159,0,4125,2314,1811,0,0,0,1.0,1,1.0,1,1.0,1,0.11576648464689672,49
3160,2,4127,2314,1813,0,0,0,1.0,1,1.0,1,1.0,1,0.09687648105905668,51
3161,1,4128,2314,1814,0,0,0,1.0,1,1.0,1,1.0,1,0.07996903279320758,52
3162,1,4129,2315,1814,0,0,0,1.0,1,1.0,1,1.0,1,0.10118863528406759,51
3163,1,4130,2316,1814,0,0,0,1.0,1,1.0,1,1.0,1,0.09474868474393762,51
3164,2,4132,2317,1815,0,0,0,1.0,1,1.0,1,1.0,1,0.11318147265439688,52
3165,1,4133,2317,1816,0,0,0,1.0,1,1.0,1,1.0,1,0.06352966466057418,50
3166,0,4133,2317,1816,0,0,0,1.0,1,1.0,1,1.0,1,0.06352966466057418,50
3167,4,4137,2321,1816,0,0,0,1.0,1,1.0,1,1.0,1,0.07780053213773055,49
3168,1,4138,2322,1816,0,0,0,1.0,1,1.0,1,1.0,1,0.10753444831990136,47
3169,3,4141,2323,1818,0,0,0,1.0,1,1.0,1,1.0,1,0.13038546137327675,48
3170,1,4142,2324,1818,0,0,0,1.0,1,1.0,1,1.0,1,0.19305963230289658,47
3171,2,4144,2325,1819,0,0,0,1.0,1,1.0,1,1.0,1,0.18755789296986922,47
3172,0,4144,2325,1819,0,0,0,1.0,1,1.0,1,1.0,1,0.2095659145129033,46
3173,2,4146,2325,1821,0,0,0,1.0,1,1.0,1,1.0,1,0.13825261516379314,45
3174,0,4146,2325,1821,0,0,0,1.0,1,1.0,1,1.0,1,0.16311289036274743,43
3175,0,4146,2325,1821,0,0,0,1.0,1,1.0,1,1.0,1,0.1582448691236575,43
3176,0,4146,2325,1821,0,0,0,1.0,1,1.0,1,1.0,1,0.14217768789134336,44
3177,3,4149,2327,1822,0,0,0,1.0,1,1.0,1,1.0,1,0.12176441779495964,44
3178,0,4149,2327,1822,0,0,0,1.0,1,1.0,1,1.0,1,0.11091627827476215,47
3179,2,4151,2328,1823,0,0,0,1.0,1,1.0,1,1.0,1,0.1201220178527592,48
3180,0,4151,2328,1823,0,0,0,1.0,1,1.0,1,1.0,1,0.1201220178527592,48
3181,2,4153,2328,1825,0,0,0,1.0,1,1.0,1,1.0,1,0.08747498669379838,48
3182,1,4154,2328,1826,0,0,0,1.0,1,1.0,1,1.0,1,0.07517503548371841,51
3183,1,4155,2329,1826,0,0,0,1.0,1,1.0,1,1.0,1,0.07220890531694682,50
3184,2,4157,2330,1827,0,0,0,1.0,1,1.0,1,1.0,1,0.06383920890573046,50
3185,1,4158,2330,1828,0,0,0,1.0,1,1.0,1,1.0,1,0.07552953583257886,48
3186,1,4159,2331,1828,0,0,0,1.0,1,1.0,1,1.0,1,0.0900188976832277,48
3187,1,4160,2331,1829,0,0,0,1.0,1,1.0,1,1.0,1,0.09322142147068357,48
3188,2,4162,2333,1829,0,0,0,1.0,1,1.0,1,1.0,1,0.1218541423842728,48
3189,2,4164,2333,1831,0,0,0,1.0,1,1.0,1,1.0,1,0.10511855242299119,49
3190,2,4166,2334,1832,0,0,0,1.0,1,1.0,1,1.0,1,0.10655313419635432,51
3191,1,4167,2335,1832,0,0,0,1.0,1,1.0,1,1.0,1,0.09507563520424944,52
3192,1,4168,2336,1832,0,0,0,1.0,1,1.0,1,1.0,1,0.08256734399189956,52
3193,2,4170,2337,1833,0,0,0,1.0,1,1.0,1,1.0,1,0.0883240258425599,52
3194,1,4171,2338,1833,0,0,0,1.0,1,1.0,1,1.0,1,0.07724240770127101,54
3195,1,4172,2338,1834,0,0,0,1.0,1,1.0,1,1.0,1,0.055993984599369814,54
3196,1,4173,2339,1834,0,0,0,1.0,1,1.0,1,1.0,1,0.04755383168547795,54
3197,0,4173,2339,1834,0,0,0,1.0,1,1.0,1,1.0,1,0.04568238770669103,54
3198,2,4175,2341,1834,0,0,0,1.0,1,1.0,1,1.0,1,0.06733586835127131,54
3199,3,4178,2343,1835,0,0,0,1.0,1,1.0,1,1.0,1,0.044926925536005455,56
3200,1,4179,2344,1835,0,0,0,1.0,1,1.0,1,1.0,1,0.06967962367060544,56
3201,0,4179,2344,1835,0,0,0,1.0,1,1.0,1,1.0,1,0.06967962367060544,56
3202,3,4182,2346,1836,0,0,0,1.0,1,1.0,1,1.0,1,0.08909615514684711,57
3203,2,4184,2347,1837,0,0,0,1.0,1,1.0,1,1.0,1,0.08459933509345872,56
3204,0,4184,2347,1837,0,0,0,1.0,1,1.0,1,1.0,1,0.07858113203185471,55
3205,2,4186,2347,1839,0,0,0,1.0,1,1.0,1,1.0,1,0.05090188624721935,54
3206,4,4190,2351,1839,0,0,0,1.0,1,1.0,1,1.0,1,0.10491845831454855,56
3207,0,4190,2351,1839,0,0,0,1.0,1,1.0,1,1.0,1,0.13279322715905859,54
3208,3,4193,2353,1840,0,0,0,1.0,1,1.0,1,1.0,1,0.16483466179402395,53
3209,0,4193,2353,1840,0,0,0,1.0,1,1.0,1,1.0,1,0.15732369030685292,54
3210,2,4195,2355,1840,0,0,0,1.0,1,1.0,1,1.0,1,0.19942097602177375,53
3211,1,4196,2356,1840,0,0,0,1.0,1,1.0,1,1.0,1,0.21397978719673144,53
3212,1,4197,2356,1841,0,0,0,1.0,1,1.0,1,1.0,1,0.202357672765123,54
3213,0,4197,2356,1841,0,0,0,1.0,1,1.0,1,1.0,1,0.18820099523384953,54
3214,1,4198,2356,1842,0,0,0,1.0,1,1.0,1,1.0,1,0.18206591176650347,55
3215,2,4200,2357,1843,0,0,0,1.0,1,1.0,1,1.0,1,0.16265118325946154,55
3216,1,4201,2358,1843,0,0,0,1.0,1,1.0,1,1.0,1,0.1719829361589098,55
3217,4,4205,2361,1844,0,0,0,1.0,1,1.0,1,1.0,1,0.20187414499876435,54
3218,0,4205,2361,1844,0,0,0,1.0,1,1.0,1,1.0,1,0.20187414499876435,54
3219,1,4206,2362,1844,0,0,0,1.0,1,1.0,1,1.0,1,0.21118482716049417,55
3220,0,4206,2362,1844,0,0,0,1.0,1,1.0,1,1.0,1,0.18940770597370346,56
3221,0,4206,2362,1844,0,0,0,1.0,1,1.0,1,1.0,1,0.19789552468971985,57
3222,0,4206,2362,1844,0,0,0,1.0,1,1.0,1,1.0,1,0.19789552468971985,57
3223,0,4206,2362,1844,0,0,0,1.0,1,1.0,1,1.0,1,0.20455910068065714,56
3224,2,4208,2363,1845,0,0,0,1.0,1,1.0,1,1.0,1,0.1772982661942878,58
3225,3,4211,2366,1845,0,0,0,1.0,1,1.0,1,1.0,1,0.18882306105413887,55
3226,2,4213,2367,1846,0,0,0,1.0,1,1.0,1,1.0,1,0.1878912723424381,54
3227,1,4214,2368,1846,0,0,0,1.0,1,1.0,1,1.0,1,0.18226895576181448,53
3228,2,4216,2369,1847,0,0,0,1.0,1,1.0,1,1.0,1,0.14408254789631122,52
3229,0,4216,2369,1847,0,0,0,1.0,1,1.0,1,1.0,1,0.13341744496907398,52
3230,2,4218,2371,1847,0,0,0,1.0,1,1.0,1,1.0,1,0.13219226118168306,50
3231,1,4219,2372,1847,0,0,0,1.0,1,1.0,1,1.0,1,0.15376013280315748,50
3232,3,4222,2375,1847,0,0,0,1.0,1,1.0,1,1.0,1,0.17353175873707818,50
3233,1,4223,2375,1848,0,0,0,1.0,1,1.0,1,1.0,1,0.17459075902886126,50
3234,2,4225,2376,1849,0,0,0,1.0,1,1.0,1,1.0,1,0.19311711707914628,49
3235,2,4227,2378,1849,0,0,0,1.0,1,1.0,1,1.0,1,0.23102198499558024,49
3236,1,4228,2378,1850,0,0,0,1.0,1,1.0,1,1.0,1,0.20914138858859052,51
3237,0,4228,2378,1850,0,0,0,1.0,1,1.0,1,1.0,1,0.21714225254110958,53
3238,2,4230,2379,1851,0,0,0,1.0,1,1.0,1,1.0,1,0.23238392349324105,53
3239,0,4230,2379,1851,0,0,0,1.0,1,1.0,1,1.0,1,0.23238392349324105,53
3240,1,4231,2379,1852,0,0,0,1.0,1,1.0,1,1.0,1,0.2132313884164826,53
3241,0,4231,2379,1852,0,0,0,1.0,1,1.0,1,1.0,1,0.20700113455864927,53
3242,1,4232,2380,1852,0,0,0,1.0,1,1.0,1,1.0,1,0.21653755781646383,53
3243,1,4233,2380,1853,0,0,0,1.0,1,1.0,1,1.0,1,0.17773531300592005,56
3244,0,4233,2380,1853,0,0,0,1.0,1,1.0,1,1.0,1,0.18715737225584206,57
3245,1,4234,2380,1854,0,0,0,1.0,1,1.0,1,1.0,1,0.16800882192229766,59
3246,0,4234,2380,1854,0,0,0,1.0,1,1.0,1,1.0,1,0.16800882192229766,59
3247,1,4235,2381,1854,0,0,0,1.0,1,1.0,1,1.0,1,0.1792036899244119,59
3248,1,4236,2381,1855,0,0,0,1.0,1,1.0,1,1.0,1,0.1583861057422973,59
3249,1,4237,2381,1856,0,0,0,1.0,1,1.0,1,1.0,1,0.15760003038315368,58
3250,0,4237,2381,1856,0,0,0,1.0,1,1.0,1,1.0,1,0.15760003038315368,58
3251,1,4238,2382,1856,0,0,0,1.0,1,1.0,1,1.0,1,0.17737214073949975,57
3252,0,4238,2382,1856,0,0,0,1.0,1,1.0,1,1.0,1,0.1990318648980609,57
3253,1,4239,2382,1857,0,0,0,1.0,1,1.0,1,1.0,1,0.18990396478872792,56
3254,2,4241,2382,1859,0,0,0,1.0,1,1.0,1,1.0,1,0.15842400577557672,57
3255,2,4243,2383,1860,0,0,0,1.0,1,1.0,1,1.0,1,0.14042067270467834,57
3256,2,4245,2383,1862,0,0,0,1.0,1,1.0,1,1.0,1,0.10532669157070512,57
3257,1,4246,2383,1863,0,0,0,1.0,1,1.0,1,1.0,1,0.08241534842842409,57
3258,4,4250,2384,1866,0,0,0,1.0,1,1.0,1,1.0,1,0.022494145852368,58
3259,0,4250,2384,1866,0,0,0,1.0,1,1.0,1,1.0,1,0.014149525776004564,59
3260,2,4252,2385,1867,0,0,0,1.0,1,1.0,1,1.0,1,0.02898352660477443,60
3261,3,4255,2388,1867,0,0,0,1.0,1,1.0,1,1.0,1,0.06104215119819193,60
3262,3,4258,2391,1867,0,0,0,1.0,1,1.0,1,1.0,1,0.08247577780779486,61
3263,4,4262,2395,1867,0,0,0,1.0,1,1.0,1,1.0,1,0.06020594063332939,62
3264,2,4264,2397,1867,0,0,0,1.0,1,1.0,1,1.0,1,0.0754761935799248,60
3265,4,4268,2400,1868,0,0,0,1.0,1,1.0,1,1.0,1,0.06942123578405929,58
3266,3,4271,2402,1869,0,0,0,1.0,1,1.0,1,1.0,1,0.08911314423548454,59
3267,2,4273,2403,1870,0,0,0,1.0,1,1.0,1,1.0,1,0.1143794538661365,60
3268,1,4274,2404,1870,0,0,0,1.0,1,1.0,1,1.0,1,0.1467477084708901,58
3269,4,4278,2406,1872,0,0,0,1.0,1,1.0,1,1.0,1,0.07896142696706669,57
3270,1,4279,2407,1872,0,0,0,1.0,1,1.0,1,1.0,1,0.06436908350368598,56
3271,2,4281,2409,1872,0,0,0,1.0,1,1.0,1,1.0,1,0.059643262561816325,55
3272,1,4282,2410,1872,0,0,0,1.0,1,1.0,1,1.0,1,0.07608490973076247,55
3273,1,4283,2411,1872,0,0,0,1.0,1,1.0,1,1.0,1,0.062254289926025275,55
3274,0,4283,2411,1872,0,0,0,1.0,1,1.0,1,1.0,1,0.068988324296993,55
3275,1,4284,2412,1872,0,0,0,1.0,1,1.0,1,1.0,1,0.06234426082764426,55
3276,1,4285,2412,1873,0,0,0,1.0,1,1.0,1,1.0,1,0.0695016004239102,55
3277,1,4286,2412,1874,0,0,0,1.0,1,1.0,1,1.0,1,0.026126597853413584,57
3278,0,4286,2412,1874,0,0,0,1.0,1,1.0,1,1.0,1,0.017505682821852,56
3279,1,4287,2413,1874,0,0,0,1.0,1,1.0,1,1.0,1,0.017468966032762934,54
3280,0,4287,2413,1874,0,0,0,1.0,1,1.0,1,1.0,1,0.03610627954976828,53
3281,2,4289,2415,1874,0,0,0,1.0,1,1.0,1,1.0,1,0.08277405305531142,52
3282,0,4289,2415,1874,0,0,0,1.0,1,1.0,1,1.0,1,0.0829033614904058,50
3283,1,4290,2416,1874,0,0,0,1.0,1,1.0,1,1.0,1,0.11992244723808002,50
3284,5,4295,2421,1874,0,0,0,1.0,1,1.0,1,1.0,1,0.11919998919785799,47
3285,1,4296,2421,1875,0,0,0,1.0,1,1.0,1,1.0,1,0.09139912671489835,48
3286,4,4300,2425,1875,0,0,0,1.0,1,1.0,1,1.0,1,0.10018152448589213,46
3287,4,4304,2427,1877,0,0,0,1.0,1,1.0,1,1.0,1,0.13539771696841998,46
3288,3,4307,2430,1877,0,0,0,1.0,1,1.0,1,1.0,1,0.19968570856574352,46
3289,9,4316,2432,1884,0,0,0,1.0,1,1.0,1,1.0,1,0.07102359617345776,48
3290,4,4320,2434,1886,0,0,0,1.0,1,1.0,1,1.0,1,0.06356574951814824,48
3291,1,4321,2435,1886,0,0,0,1.0,1,1.0,1,1.0,1,0.07322945410379687,50
3292,3,4324,2436,1888,0,0,0,1.0,1,1.0,1,1.0,1,0.06926016935666247,50
3293,1,4325,2436,1889,0,0,0,1.0,1,1.0,1,1.0,1,0.0335549599094952,51
3294,1,4326,2437,1889,0,0,0,1.0,1,1.0,1,1.0,1,0.06543265912673439,50
3295,3,4329,2440,1889,0,0,0,1.0,1,1.0,1,1.0,1,0.06985285418903268,50
3296,1,4330,2440,1890,0,0,0,1.0,1,1.0,1,1.0,1,0.053407286386276794,50
3297,3,4333,2442,1891,0,0,0,1.0,1,1.0,1,1.0,1,0.03397025977324654,51
3298,1,4334,2443,1891,0,0,0,1.0,1,1.0,1,1.0,1,0.05583750548159887,52
3299,1,4335,2444,1891,0,0,0,1.0,1,1.0,1,1.0,1,0.04159818726196001,53
3300,1,4336,2445,1891,0,0,0,1.0,1,1.0,1,1.0,1,0.028000541940181995,53
3301,0,4336,2445,1891,0,0,0,1.0,1,1.0,1,1.0,1,0.028000541940181995,53
3302,1,4337,2446,1891,0,0,0,1.0,1,1.0,1,1.0,1,0.05333332050674194,53
3303,1,4338,2446,1892,0,0,0,1.0,1,1.0,1,1.0,1,0.03282571594398995,52
3304,0,4338,2446,1892,0,0,0,1.0,1,1.0,1,1.0,1,0.02395110135580405,52
3305,1,4339,2447,1892,0,0,0,1.0,1,1.0,1,1.0,1,0.058607483096768775,51
3306,0,4339,2447,1892,0,0,0,1.0,1,1.0,1,1.0,1,0.04183427102716669,51
3307,1,4340,2448,1892,0,0,0,1.0,1,1.0,1,1.0,1,0.06362721668441691,48
3308,1,4341,2449,1892,0,0,0,1.0,1,1.0,1,1.0,1,0.08340936825143591,48
3309,2,4343,2450,1893,0,0,0,1.0,1,1.0,1,1.0,1,0.08491509391153546,48
3310,0,4343,2450,1893,0,0,0,1.0,1,1.0,1,1.0,1,0.11019263046526485,47
3311,4,4347,2453,1894,0,0,0,1.0,1,1.0,1,1.0,1,0.11370311066838468,49
3312,1,4348,2454,1894,0,0,0,1.0,1,1.0,1,1.0,1,0.15234511446260598,48
3313,3,4351,2457,1894,0,0,0,1.0,1,1.0,1,1.0,1,0.1907178340495251,49
3314,3,4354,2458,1896,0,0,0,1.0,1,1.0,1,1.0,1,0.20670253928360988,47
3315,1,4355,2459,1896,0,0,0,1.0,1,1.0,1,1.0,1,0.2331107100809566,47
3316,0,4355,2459,1896,0,0,0,1.0,1,1.0,1,1.0,1,0.2331107100809566,47
3317,4,4359,2459,1900,0,0,0,1.0,1,1.0,1,1.0,1,0.16385602815042397,46
3318,0,4359,2459,1900,0,0,0,1.0,1,1.0,1,1.0,1,0.1478086133761285,45
3319,1,4360,2460,1900,0,0,0,1.0,1,1.0,1,1.0,1,0.15411822918219345,44
3320,1,4361,2461,1900,0,0,0,1.0,1,1.0,1,1.0,1,0.1308686373368054,43
3321,4,4365,2463,1902,0,0,0,1.0,1,1.0,1,1.0,1,0.09793201759115916,43
3322,1,4366,2464,1902,0,0,0,1.0,1,1.0,1,1.0,1,0.0913355668561444,40
3323,4,4370,2468,1902,0,0,0,1.0,1,1.0,1,1.0,1,0.14091157962074435,40
3324,1,4371,2469,1902,0,0,0,1.0,1,1.0,1,1.0,1,0.14102856571262967,40
3325,4,4375,2471,1904,0,0,0,1.0,1,1.0,1,1.0,1,0.13152268432291017,40
3326,4,4379,2474,1905,0,0,0,1.0,1,1.0,1,1.0,1,0.09646177331143924,41
3327,1,4380,2474,1906,0,0,0,1.0,1,1.0,1,1.0,1,0.08070902107988515,39
3328,3,4383,2477,1906,0,0,0,1.0,1,1.0,1,1.0,1,0.13339162748277103,41
3329,1,4384,2477,1907,0,0,0,1.0,1,1.0,1,1.0,1,0.09427106095159613,39
3330,1,4385,2478,1907,0,0,0,1.0,1,1.0,1,1.0,1,0.09147759092265079,40
3331,0,4385,2478,1907,0,0,0,1.0,1,1.0,1,1.0,1,0.06592726276515433,38
3332,0,4385,2478,1907,0,0,0,1.0,1,1.0,1,1.0,1,0.07385653895142162,38
3333,2,4387,2479,1908,0,0,0,1.0,1,1.0,1,1.0,1,0.08968719381643053,38
3334,1,4388,2479,1909,0,0,0,1.0,1,1.0,1,1.0,1,0.09356880267554538,40
3335,0,4388,2479,1909,0,0,0,1.0,1,1.0,1,1.0,1,0.09356880267554538,40
3336,0,4388,2479,1909,0,0,0,1.0,1,1.0,1,1.0,1,0.12065423954977189,39
3337,0,4388,2479,1909,0,0,0,1.0,1,1.0,1,1.0,1,0.1233736925045816,40
3338,4,4392,2482,1910,0,0,0,1.0,1,1.0,1,1.0,1,0.126436352165896,41
3339,3,4395,2483,1912,0,0,0,1.0,1,1.0,1,1.0,1,0.08512451646317694,42
3340,2,4397,2485,1912,0,0,0,1.0,1,1.0,1,1.0,1,0.1387773908737666,43
3341,2,4399,2485,1914,0,0,0,1.0,1,1.0,1,1.0,1,0.11290500441925003,43
3342,1,4400,2486,1914,0,0,0,1.0,1,1.0,1,1.0,1,0.15361913273719682,44
3343,0,4400,2486,1914,0,0,0,1.0,1,1.0,1,1.0,1,0.15361913273719682,44
3344,1,4401,2486,1915,0,0,0,1.0,1,1.0,1,1.0,1,0.1720356060723655,44
3345,1,4402,2486,1916,0,0,0,1.0,1,1.0,1,1.0,1,0.14543031191465078,43
3346,0,4402,2486,1916,0,0,0,1.0,1,1.0,1,1.0,1,0.17007304288245334,42
3347,0,4402,2486,1916,0,0,0,1.0,1,1.0,1,1.0,1,0.1531428976189496,44
3348,1,4403,2486,1917,0,0,0,1.0,1,1.0,1,1.0,1,0.14762955176801668,45
3349,2,4405,2488,1917,0,0,0,1.0,1,1.0,1,1.0,1,0.12951571857994904,45
3350,0,4405,2488,1917,0,0,0,1.0,1,1.0,1,1.0,1,0.10941501261997266,46
3351,0,4405,2488,1917,0,0,0,1.0,1,1.0,1,1.0,1,0.11492944137365595,47
3352,0,4405,2488,1917,0,0,0,1.0,1,1.0,1,1.0,1,0.11492944137365595,47
3353,1,4406,2488,1918,0,0,0,1.0,1,1.0,1,1.0,1,0.09873705397191847,48
3354,1,4407,2489,1918,0,0,0,1.0,1,1.0,1,1.0,1,0.12484877137722747,48
3355,1,4408,2490,1918,0,0,0,1.0,1,1.0,1,1.0,1,0.12208814274784432,48
3356,0,4408,2490,1918,0,0,0,1.0,1,1.0,1,1.0,1,0.09516939260630027,48
3357,1,4409,2491,1918,0,0,0,1.0,1,1.0,1,1.0,1,0.100451547748558,47
3358,1,4410,2492,1918,0,0,0,1.0,1,1.0,1,1.0,1,0.12177649006181644,46
3359,1,4411,2493,1918,0,0,0,1.0,1,1.0,1,1.0,1,0.13786142286458164,45
3360,2,4413,2495,1918,0,0,0,1.0,1,1.0,1,1.0,1,0.18859952539368757,44
3361,4,4417,2496,1921,0,0,0,1.0,1,1.0,1,1.0,1,0.16128952244102748,43
3362,1,4418,2497,1921,0,0,0,1.0,1,1.0,1,1.0,1,0.20078150989829652,42
3363,2,4420,2498,1922,0,0,0,1.0,1,1.0,1,1.0,1,0.21966548273897257,41
3364,1,4421,2498,1923,0,0,0,1.0,1,1.0,1,1.0,1,0.17958115571532965,41
3365,2,4423,2498,1925,0,0,0,1.0,1,1.0,1,1.0,1,0.1576598973121505,41
3366,0,4423,2498,1925,0,0,0,1.0,1,1.0,1,1.0,1,0.14173379480166542,40
3367,0,4423,2498,1925,0,0,0,1.0,1,1.0,1,1.0,1,0.12246319554446222,39
3368,0,4423,2498,1925,0,0,0,1.0,1,1.0,1,1.0,1,0.12246319554446222,39
3369,0,4423,2498,1925,0,0,0,1.0,1,1.0,1,1.0,1,0.10715121306938234,40
3370,2,4425,2500,1925,0,0,0,1.0,1,1.0,1,1.0,1,0.09392300417130615,41
3371,1,4426,2501,1925,0,0,0,1.0,1,1.0,1,1.0,1,0.12387427708935385,41
3372,2,4428,2503,1925,0,0,0,1.0,1,1.0,1,1.0,1,0.14337169196382712,40
3373,3,4431,2503,1928,0,0,0,1.0,1,1.0,1,1.0,1,0.10092737969537524,41
3374,1,4432,2503,1929,0,0,0,1.0,1,1.0,1,1.0,1,0.08292434059948467,42
3375,0,4432,2503,1929,0,0,0,1.0,1,1.0,1,1.0,1,0.09846778689662948,44
3376,1,4433,2503,1930,0,0,0,1.0,1,1.0,1,1.0,1,0.0782545217042908,46
3377,1,4434,2503,1931,0,0,0,1.0,1,1.0,1,1.0,1,0.07856224875333635,47
3378,3,4437,2504,1933,0,0,0,1.0,1,1.0,1,1.0,1,0.06508142485354693,48
3379,0,4437,2504,1933,0,0,0,1.0,1,1.0,1,1.0,1,0.06508142485354693,48
3380,0,4437,2504,1933,0,0,0,1.0,1,1.0,1,1.0,1,0.06508142485354693,48
3381,0,4437,2504,1933,0,0,0,1.0,1,1.0,1,1.0,1,0.06508142485354693,48
3382,2,4439,2505,1934,0,0,0,1.0,1,1.0,1,1.0,1,0.05501765982160232,49
3383,0,4439,2505,1934,0,0,0,1.0,1,1.0,1,1.0,1,0.08531628827617554,47
3384,3,4442,2507,1935,0,0,0,1.0,1,1.0,1,1.0,1,0.12403168427069775,48
3385,3,4445,2507,1938,0,0,0,1.0,1,1.0,1,1.0,1,0.11607469563368204,47
3386,3,4448,2508,1940,0,0,0,1.0,1,1.0,1,1.0,1,0.13912886274958705,49
3387,0,4448,2508,1940,0,0,0,1.0,1,1.0,1,1.0,1,0.14702066185476456,48
3388,1,4449,2509,1940,0,0,0,1.0,1,1.0,1,1.0,1,0.1791212542983229,48
3389,4,4453,2509,1944,0,0,0,1.0,1,1.0,1,1.0,1,0.1560468032064725,50
3390,0,4453,2509,1944,0,0,0,1.0,1,1.0,1,1.0,1,0.1373565401320944,51
3391,1,4454,2510,1944,0,0,0,1.0,1,1.0,1,1.0,1,0.16762790429533392,51
3392,2,4456,2510,1946,0,0,0,1.0,1,1.0,1,1.0,1,0.1374052358814035,52
3393,2,4458,2511,1947,0,0,0,1.0,1,1.0,1,1.0,1,0.12168603938141441,52
3394,0,4458,2511,1947,0,0,0,1.0,1,1.0,1,1.0,1,0.12168603938141441,52
3395,0,4458,2511,1947,0,0,0,1.0,1,1.0,1,1.0,1,0.11612993901175313,50
3396,0,4458,2511,1947,0,0,0,1.0,1,1.0,1,1.0,1,0.1133296417502191,49
3397,4,4462,2512,1950,0,0,0,1.0,1,1.0,1,1.0,1,0.05935887005061552,49
3398,0,4462,2512,1950,0,0,0,1.0,1,1.0,1,1.0,1,0.05455627367639461,48
3399,1,4463,2513,1950,0,0,0,1.0,1,1.0,1,1.0,1,0.06377880279888894,49
3400,1,4464,2514,1950,0,0,0,1.0,1,1.0,1,1.0,1,0.05658099230000548,50
3401,1,4465,2514,1951,0,0,0,1.0,1,1.0,1,1.0,1,0.0567300912542636,51
3402,1,4466,2515,1951,0,0,0,1.0,1,1.0,1,1.0,1,0.08224670266092884,51
3403,2,4468,2517,1951,0,0,0,1.0,1,1.0,1,1.0,1,0.09531681327769365,51
3404,1,4469,2518,1951,0,0,0,1.0,1,1.0,1,1.0,1,0.10211522910209932,51
3405,1,4470,2519,1951,0,0,0,1.0,1,1.0,1,1.0,1,0.12299603408926496,51
3406,0,4470,2519,1951,0,0,0,1.0,1,1.0,1,1.0,1,0.12809561577987413,51
3407,1,4471,2520,1951,0,0,0,1.0,1,1.0,1,1.0,1,0.13388209720609845,52
3408,1,4472,2520,1952,0,0,0,1.0,1,1.0,1,1.0,1,0.13709416333008406,53
3409,1,4473,2521,1952,0,0,0,1.0,1,1.0,1,1.0,1,0.12633940664499962,54
3410,1,4474,2522,1952,0,0,0,1.0,1,1.0,1,1.0,1,0.1348151016850613,54
3411,1,4475,2523,1952,0,0,0,1.0,1,1.0,1,1.0,1,0.13369343506379464,54
3412,2,4477,2524,1953,0,0,0,1.0,1,1.0,1,1.0,1,0.15027372495567257,55
3413,1,4478,2524,1954,0,0,0,1.0,1,1.0,1,1.0,1,0.13312471212953278,55
3414,0,4478,2524,1954,0,0,0,1.0,1,1.0,1,1.0,1,0.13886029033745778,55
3415,3,4481,2526,1955,0,0,0,1.0,1,1.0,1,1.0,1,0.13694661809201572,56
3416,3,4484,2526,1958,0,0,0,1.0,1,1.0,1,1.0,1,0.11152716597900958,55
3417,2,4486,2526,1960,0,0,0,1.0,1,1.0,1,1.0,1,0.10923158418962595,56
3418,1,4487,2527,1960,0,0,0,1.0,1,1.0,1,1.0,1,0.15288040355406232,55
3419,2,4489,2527,1962,0,0,0,1.0,1,1.0,1,1.0,1,0.1435780885834684,56
3420,0,4489,2527,1962,0,0,0,1.0,1,1.0,1,1.0,1,0.1640580500620006,55
3421,3,4492,2527,1965,0,0,0,1.0,1,1.0,1,1.0,1,0.1432935461801455,57
3422,0,4492,2527,1965,0,0,0,1.0,1,1.0,1,1.0,1,0.1489476127415182,56
3423,1,4493,2528,1965,0,0,0,1.0,1,1.0,1,1.0,1,0.14307322006658188,56
3424,1,4494,2529,1965,0,0,0,1.0,1,1.0,1,1.0,1,0.15861646226560958,56
3425,3,4497,2529,1968,0,0,0,1.0,1,1.0,1,1.0,1,0.10423389389916886,56
3426,0,4497,2529,1968,0,0,0,1.0,1,1.0,1,1.0,1,0.13394382816002273,55
3427,1,4498,2529,1969,0,0,0,1.0,1,1.0,1,1.0,1,0.14693783370638236,55
3428,0,4498,2529,1969,0,0,0,1.0,1,1.0,1,1.0,1,0.15052980556907697,55
3429,4,4502,2530,1972,0,0,0,1.0,1,1.0,1,1.0,1,0.13879770521960894,54
3430,1,4503,2530,1973,0,0,0,1.0,1,1.0,1,1.0,1,0.1229493038437269,56
3431,1,4504,2531,1973,0,0,0,1.0,1,1.0,1,1.0,1,0.1193633565906323,54
3432,2,4506,2532,1974,0,0,0,1.0,1,1.0,1,1.0,1,0.13355419485710063,56
3433,2,4508,2533,1975,0,0,0,1.0,1,1.0,1,1.0,1,0.13550841903925814,53
3434,2,4510,2535,1975,0,0,0,1.0,1,1.0,1,1.0,1,0.13313735702154472,51
3435,4,4514,2538,1976,0,0,0,1.0,1,1.0,1,1.0,1,0.14678264299680974,51
3436,1,4515,2539,1976,0,0,0,1.0,1,1.0,1,1.0,1,0.13601208858454944,51
3437,4,4519,2541,1978,0,0,0,1.0,1,1.0,1,1.0,1,0.13592646682600137,53
3438,2,4521,2541,1980,0,0,0,1.0,1,1.0,1,1.0,1,0.0633784853977782,52
3439,1,4522,2542,1980,0,0,0,1.0,1,1.0,1,1.0,1,0.09393818837119834,54
3440,0,4522,2542,1980,0,0,0,1.0,1,1.0,1,1.0,1,0.07207030078678679,52
3441,1,4523,2542,1981,0,0,0,1.0,1,1.0,1,1.0,1,0.06738936410223355,53
3442,0,4523,2542,1981,0,0,0,1.0,1,1.0,1,1.0,1,0.05738329414386983,53
3443,0,4523,2542,1981,0,0,0,1.0,1,1.0,1,1.0,1,0.06408699996793243,53
3444,0,4523,2542,1981,0,0,0,1.0,1,1.0,1,1.0,1,0.06749170748455344,52
3445,2,4525,2544,1981,0,0,0,1.0,1,1.0,1,1.0,1,0.07170991639874165,53
3446,2,4527,2545,1982,0,0,0,1.0,1,1.0,1,1.0,1,0.11854303368701051,53
3447,2,4529,2546,1983,0,0,0,1.0,1,1.0,1,1.0,1,0.09994782974359716,53
3448,2,4531,2548,1983,0,0,0,1.0,1,1.0,1,1.0,1,0.18137543479433305,52
3449,3,4534,2551,1983,0,0,0,1.0,1,1.0,1,1.0,1,0.15432831400044278,52
3450,3,4537,2553,1984,0,0,0,1.0,1,1.0,1,1.0,1,0.15356204935305964,52
3451,5,4542,2557,1985,0,0,0,1.0,1,1.0,1,1.0,1,0.1746881395367313,54
3452,1,4543,2558,1985,0,0,0,1.0,1,1.0,1,1.0,1,0.1756838929610539,54
3453,4,4547,2559,1988,0,0,0,1.0,1,1.0,1,1.0,1,0.1249621159119922,54
3454,0,4547,2559,1988,0,0,0,1.0,1,1.0,1,1.0,1,0.11876304882834673,57
3455,0,4547,2559,1988,0,0,0,1.0,1,1.0,1,1.0,1,0.11876304882834673,57
3456,1,4548,2559,1989,0,0,0,1.0,1,1.0,1,1.0,1,0.12037065716222636,58
3457,3,4551,2559,1992,0,0,0,1.0,1,1.0,1,1.0,1,0.11278811982051515,57
3458,0,4551,2559,1992,0,0,0,1.0,1,1.0,1,1.0,1,0.11328714197656645,57
3459,0,4551,2559,1992,0,0,0,1.0,1,1.0,1,1.0,1,0.11328714197656645,57
3460,1,4552,2559,1993,0,0,0,1.0,1,1.0,1,1.0,1,0.09613050398091241,58
3461,2,4554,2559,1995,0,0,0,1.0,1,1.0,1,1.0,1,0.08814597604357852,59
3462,2,4556,2560,1996,0,0,0,1.0,1,1.0,1,1.0,1,0.07366322606562459,59
3463,1,4557,2561,1996,0,0,0,1.0,1,1.0,1,1.0,1,0.06721597200233073,59
3464,0,4557,2561,1996,0,0,0,1.0,1,1.0,1,1.0,1,0.07852750397854946,59
3465,3,4560,2562,1998,0,0,0,1.0,1,1.0,1,1.0,1,0.062456580241717824,57
3466,0,4560,2562,1998,0,0,0,1.0,1,1.0,1,1.0,1,0.062456580241717824,57
3467,3,4563,2564,1999,0,0,0,1.0,1,1.0,1,1.0,1,0.10915496065853159,57
3468,0,4563,2564,1999,0,0,0,1.0,1,1.0,1,1.0,1,0.11332471003928672,57
3469,4,4567,2568,1999,0,0,0,1.0,1,1.0,1,1.0,1,0.11431239145691433,53
3470,1,4568,2569,1999,0,0,0,1.0,1,1.0,1,1.0,1,0.1351166215498325,50
3471,2,4570,2571,1999,0,0,0,1.0,1,1.0,1,1.0,1,0.18153924732814758,49
3472,1,4571,2572,1999,0,0,0,1.0,1,1.0,1,1.0,1,0.1741331328803479,47
3473,6,4577,2575,2002,0,0,0,1.0,1,1.0,1,1.0,1,0.18340278656536804,45
3474,2,4579,2576,2003,0,0,0,1.0,1,1.0,1,1.0,1,0.16578815182358694,42
3475,3,4582,2578,2004,0,0,0,1.0,1,1.0,1,1.0,1,0.2251344508230638,43
3476,1,4583,2579,2004,0,0,0,1.0,1,1.0,1,1.0,1,0.24557500039878594,41
3477,4,4587,2582,2005,0,0,0,1.0,1,1.0,1,1.0,1,0.19005309460600914,42
3478,2,4589,2584,2005,0,0,0,1.0,1,1.0,1,1.0,1,0.20906042282424028,40
3479,1,4590,2584,2006,0,0,0,1.0,1,1.0,1,1.0,1,0.15562693387049165,40
3480,1,4591,2585,2006,0,0,0,1.0,1,1.0,1,1.0,1,0.1591372522605308,40
3481,2,4593,2585,2008,0,0,0,1.0,1,1.0,1,1.0,1,0.12404171918470362,40
3482,0,4593,2585,2008,0,0,0,1.0,1,1.0,1,1.0,1,0.12404171918470362,40
3483,2,4595,2587,2008,0,0,0,1.0,1,1.0,1,1.0,1,0.16399693569980675,39
3484,1,4596,2587,2009,0,0,0,1.0,1,1.0,1,1.0,1,0.15530336951958432,39
3485,4,4600,2589,2011,0,0,0,1.0,1,1.0,1,1.0,1,0.2165112143900078,40
3486,3,4603,2589,2014,0,0,0,1.0,1,1.0,1,1.0,1,0.18229625518592593,41
3487,2,4605,2589,2016,0,0,0,1.0,1,1.0,1,1.0,1,0.17963816019945653,41
3488,0,4605,2589,2016,0,0,0,1.0,1,1.0,1,1.0,1,0.1663155570435986,42
3489,4,4609,2591,2018,0,0,0,1.0,1,1.0,1,1.0,1,0.09750312933365393,44
3490,0,4609,2591,2018,0,0,0,1.0,1,1.0,1,1.0,1,0.09750312933365393,44
3491,1,4610,2591,2019,0,0,0,1.0,1,1.0,1,1.0,1,0.09679220342017103,45
3492,1,4611,2592,2019,0,0,0,1.0,1,1.0,1,1.0,1,0.10631874077514562,45
3493,2,4613,2592,2021,0,0,0,1.0,1,1.0,1,1.0,1,0.07111984717628282,45
3494,0,4613,2592,2021,0,0,0,1.0,1,1.0,1,1.0,1,0.07111984717628282,45
3495,1,4614,2593,2021,0,0,0,1.0,1,1.0,1,1.0,1,0.07802165147075926,45
3496,0,4614,2593,2021,0,0,0,1.0,1,1.0,1,1.0,1,0.07102483202030324,46
3497,1,4615,2593,2022,0,0,0,1.0,1,1.0,1,1.0,1,0.05727819971549626,47
3498,2,4617,2594,2023,0,0,0,1.0,1,1.0,1,1.0,1,0.07590349957847095,48
3499,0,4617,2594,2023,0,0,0,1.0,1,1.0,1,1.0,1,0.0912376917693619,47
3500,0,4617,2594,2023,0,0,0,1.0,1,1.0,1,1.0,1,0.09576316748500041,50
3501,1,4618,2595,2023,0,0,0,1.0,1,1.0,1,1.0,1,0.1117017977995536,50
3502,1,4619,2596,2023,0,0,0,1.0,1,1.0,1,1.0,1,0.14073426949841533,50
3503,0,4619,2596,2023,0,0,0,1.0,1,1.0,1,1.0,1,0.14073426949841533,50
3504,1,4620,2597,2023,0,0,0,1.0,1,1.0,1,1.0,1,0.20297659919310093,47
3505,0,4620,2597,2023,0,0,0,1.0,1,1.0,1,1.0,1,0.2148011192339431,48
3506,0,4620,2597,2023,0,0,0,1.0,1,1.0,1,1.0,1,0.22000980764724398,49
3507,1,4621,2597,2024,0,0,0,1.0,1,1.0,1,1.0,1,0.1954615668837216,46
3508,2,4623,2599,2024,0,0,0,1.0,1,1.0,1,1.0,1,0.2620626699167696,47
3509,0,4623,2599,2024,0,0,0,1.0,1,1.0,1,1.0,1,0.23695766957154463,44
3510,2,4625,2600,2025,0,0,0,1.0,1,1.0,1,1.0,1,0.2568171770074352,45
3511,0,4625,2600,2025,0,0,0,1.0,1,1.0,1,1.0,1,0.2456130559246988,44
3512,0,4625,2600,2025,0,0,0,1.0,1,1.0,1,1.0,1,0.23418338790722232,42
3513,0,4625,2600,2025,0,0,0,1.0,1,1.0,1,1.0,1,0.23418338790722232,42
3514,0,4625,2600,2025,0,0,0,1.0,1,1.0,1,1.0,1,0.22719131176868715,42
3515,2,4627,2600,2027,0,0,0,1.0,1,1.0,1,1.0,1,0.17873613707956656,42
3516,0,4627,2600,2027,0,0,0,1.0,1,1.0,1,1.0,1,0.19222570147854506,41
3517,1,4628,2600,2028,0,0,0,1.0,1,1.0,1,1.0,1,0.16873500774677402,44
3518,0,4628,2600,2028,0,0,0,1.0,1,1.0,1,1.0,1,0.17855967529163352,43
3519,0,4628,2600,2028,0,0,0,1.0,1,1.0,1,1.0,1,0.1679995777415385,44
3520,0,4628,2600,2028,0,0,0,1.0,1,1.0,1,1.0,1,0.1818963333028445,45
3521,1,4629,2600,2029,0,0,0,1.0,1,1.0,1,1.0,1,0.17442789809859527,45
3522,1,4630,2600,2030,0,0,0,1.0,1,1.0,1,1.0,1,0.1671847581208301,46
3523,0,4630,2600,2030,0,0,0,1.0,1,1.0,1,1.0,1,0.1671847581208301,46
3524,0,4630,2600,2030,0,0,0,1.0,1,1.0,1,1.0,1,0.14534477229648457,47
3525,0,4630,2600,2030,0,0,0,1.0,1,1.0,1,1.0,1,0.16151937662601001,48
3526,0,4630,2600,2030,0,0,0,1.0,1,1.0,1,1.0,1,0.14206916310518772,49
3527,3,4633,2602,2031,0,0,0,1.0,1,1.0,1,1.0,1,0.19308211458108768,49
3528,2,4635,2602,2033,0,0,0,1.0,1,1.0,1,1.0,1,0.1754710185804665,51
3529,0,4635,2602,2033,0,0,0,1.0,1,1.0,1,1.0,1,0.1754710185804665,51
3530,2,4637,2602,2035,0,0,0,1.0,1,1.0,1,1.0,1,0.16289386650567161,52
3531,0,4637,2602,2035,0,0,0,1.0,1,1.0,1,1.0,1,0.16289386650567161,52
3532,0,4637,2602,2035,0,0,0,1.0,1,1.0,1,1.0,1,0.16289386650567161,52
3533,0,4637,2602,2035,0,0,0,1.0,1,1.0,1,1.0,1,0.16289386650567161,52
3534,0,4637,2602,2035,0,0,0,1.0,1,1.0,1,1.0,1,0.16289386650567161,52
3535,0,4637,2602,2035,0,0,0,1.0,1,1.0,1,1.0,1,0.16289386650567161,52
3536,1,4638,2602,2036,0,0,0,1.0,1,1.0,1,1.0,1,0.15631522692089544,54
3537,0,4638,2602,2036,0,0,0,1.0,1,1.0,1,1.0,1,0.15677510112696452,55
3538,0,4638,2602,2036,0,0,0,1.0,1,1.0,1,1.0,1,0.15677510112696452,55
3539,1,4639,2602,2037,0,0,0,1.0,1,1.0,1,1.0,1,0.13725907029264828,58
3540,5,4644,2606,2038,0,0,0,1.0,1,1.0,1,1.0,1,0.16873760425648196,59
3541,1,4645,2606,2039,0,0,0,1.0,1,1.0,1,1.0,1,0.16024613381304662,59
3542,3,4648,2608,2040,0,0,0,1.0,1,1.0,1,1.0,1,0.18740542169670316,61
3543,2,4650,2608,2042,0,0,0,1.0,1,1.0,1,1.0,1,0.15325352313325916,62
3544,2,4652,2610,2042,0,0,0,1.0,1,1.0,1,1.0,1,0.1694065428247592,59
3545,3,4655,2611,2044,0,0,0,1.0,1,1.0,1,1.0,1,0.16650256868034288,59
3546,0,4655,2611,2044,0,0,0,1.0,1,1.0,1,1.0,1,0.15620519845517092,57
3547,1,4656,2612,2044,0,0,0,1.0,1,1.0,1,1.0,1,0.1670766791937845,53
3548,0,4656,2612,2044,0,0,0,1.0,1,1.0,1,1.0,1,0.1670766791937845,53
3549,2,4658,2612,2046,0,0,0,1.0,1,1.0,1,1.0,1,0.13875040894739166,52
3550,0,4658,2612,2046,0,0,0,1.0,1,1.0,1,1.0,1,0.1560024100470302,51
3551,1,4659,2612,2047,0,0,0,1.0,1,1.0,1,1.0,1,0.13867264389165507,51
3552,1,4660,2612,2048,0,0,0,1.0,1,1.0,1,1.0,1,0.12110106562758953,51
3553,2,4662,2612,2050,0,0,0,1.0,1,1.0,1,1.0,1,0.11106579776785329,49
3554,2,4664,2612,2052,0,0,0,1.0,1,1.0,1,1.0,1,0.07238992871638124,49
3555,1,4665,2612,2053,0,0,0,1.0,1,1.0,1,1.0,1,0.07706697113980025,51
3556,1,4666,2612,2054,0,0,0,1.0,1,1.0,1,1.0,1,0.0671493551852399,51
3557,2,4668,2613,2055,0,0,0,1.0,1,1.0,1,1.0,1,0.05078711153696734,52
3558,1,4669,2614,2055,0,0,0,1.0,1,1.0,1,1.0,1,0.07568148519837195,52
3559,1,4670,2615,2055,0,0,0,1.0,1,1.0,1,1.0,1,0.08747887795904165,52
3560,2,4672,2617,2055,0,0,0,1.0,1,1.0,1,1.0,1,0.05902084883793072,53
3561,1,4673,2618,2055,0,0,0,1.0,1,1.0,1,1.0,1,0.08092630034821156,54
3562,2,4675,2620,2055,0,0,0,1.0,1,1.0,1,1.0,1,0.11251510307339127,54
3563,1,4676,2621,2055,0,0,0,1.0,1,1.0,1,1.0,1,0.13970160598465856,55
3564,0,4676,2621,2055,0,0,0,1.0,1,1.0,1,1.0,1,0.11551327706815256,57
3565,1,4677,2621,2056,0,0,0,1.0,1,1.0,1,1.0,1,0.1123510333301294,56
3566,0,4677,2621,2056,0,0,0,1.0,1,1.0,1,1.0,1,0.12524871355794626,57
3567,0,4677,2621,2056,0,0,0,1.0,1,1.0,1,1.0,1,0.12524871355794626,57
3568,0,4677,2621,2056,0,0,0,1.0,1,1.0,1,1.0,1,0.12524871355794626,57
3569,1,4678,2621,2057,0,0,0,1.0,1,1.0,1,1.0,1,0.10297417233668239,57
3570,2,4680,2623,2057,0,0,0,1.0,1,1.0,1,1.0,1,0.14413917286794484,59
3571,2,4682,2623,2059,0,0,0,1.0,1,1.0,1,1.0,1,0.10992769480973803,60
3572,0,4682,2623,2059,0,0,0,1.0,1,1.0,1,1.0,1,0.10057799841621486,61
3573,2,4684,2624,2060,0,0,0,1.0,1,1.0,1,1.0,1,0.10197199614929996,62
3574,0,4684,2624,2060,0,0,0,1.0,1,1.0,1,1.0,1,0.09583105724193479,63
3575,0,4684,2624,2060,0,0,0,1.0,1,1.0,1,1.0,1,0.09583105724193479,63
3576,1,4685,2625,2060,0,0,0,1.0,1,1.0,1,1.0,1,0.11295474397495073,63
3577,0,4685,2625,2060,0,0,0,1.0,1,1.0,1,1.0,1,0.10539605505593858,64
3578,0,4685,2625,2060,0,0,0,1.0,1,1.0,1,1.0,1,0.09617771964080457,64
3579,0,4685,2625,2060,0,0,0,1.0,1,1.0,1,1.0,1,0.09617771964080457,64
3580,0,4685,2625,2060,0,0,0,1.0,1,1.0,1,1.0,1,0.10654251039851274,65
3581,1,4686,2626,2060,0,0,0,1.0,1,1.0,1,1.0,1,0.11443758340242197,68
3582,0,4686,2626,2060,0,0,0,1.0,1,1.0,1,1.0,1,0.13924131825348132,68
3583,4,4690,2630,2060,0,0,0,1.0,1,1.0,1,1.0,1,0.17321067190523412,65
3584,3,4693,2633,2060,0,0,0,1.0,1,1.0,1,1.0,1,0.21570274016218854,64
3585,4,4697,2635,2062,0,0,0,1.0,1,1.0,1,1.0,1,0.1782366709144001,64
3586,8,4705,2639,2066,0,0,0,1.0,1,1.0,1,1.0,1,0.16116689667473177,65
3587,2,4707,2640,2067,0,0,0,1.0,1,1.0,1,1.0,1,0.11872217797493065,64
3588,3,4710,2642,2068,0,0,0,1.0,1,1.0,1,1.0,1,0.10624048970194575,62
3589,6,4716,2645,2071,0,0,0,1.0,1,1.0,1,1.0,1,0.12110472173175314,63
3590,2,4718,2646,2072,0,0,0,1.0,1,1.0,1,1.0,1,0.12081633939368898,63
3591,2,4720,2647,2073,0,0,0,1.0,1,1.0,1,1.0,1,0.109454760754715,62
3592,1,4721,2648,2073,0,0,0,1.0,1,1.0,1,1.0,1,0.10878175093548324,59
3593,1,4722,2648,2074,0,0,0,1.0,1,1.0,1,1.0,1,0.07540418139599483,58
3594,0,4722,2648,2074,0,0,0,1.0,1,1.0,1,1.0,1,0.09155392054151788,57
3595,1,4723,2648,2075,0,0,0,1.0,1,1.0,1,1.0,1,0.08239021207705347,59
3596,1,4724,2649,2075,0,0,0,1.0,1,1.0,1,1.0,1,0.07044021674939159,57
3597,2,4726,2649,2077,0,0,0,1.0,1,1.0,1,1.0,1,0.07595908271214137,57
3598,1,4727,2650,2077,0,0,0,1.0,1,1.0,1,1.0,1,0.09765010780066095,57
3599,0,4727,2650,2077,0,0,0,1.0,1,1.0,1,1.0,1,0.10759720302206549,58
3600,2,4729,2651,2078,0,0,0,1.0,1,1.0,1,1.0,1,0.0939796214290785,58
3601,3,4732,2652,2080,0,0,0,1.0,1,1.0,1,1.0,1,0.07541355391199092,58
3602,0,4732,2652,2080,0,0,0,1.0,1,1.0,1,1.0,1,0.05861299775886261,60
3603,1,4733,2653,2080,0,0,0,1.0,1,1.0,1,1.0,1,0.07634661626227472,60
3604,1,4734,2654,2080,0,0,0,1.0,1,1.0,1,1.0,1,0.10281452754860135,60
3605,4,4738,2656,2082,0,0,0,1.0,1,1.0,1,1.0,1,0.11249397918796457,61
3606,5,4743,2658,2085,0,0,0,1.0,1,1.0,1,1.0,1,0.07388660928552879,63
3607,1,4744,2659,2085,0,0,0,1.0,1,1.0,1,1.0,1,0.08685597196837071,63
3608,0,4744,2659,2085,0,0,0,1.0,1,1.0,1,1.0,1,0.09442465592084573,64
3609,1,4745,2659,2086,0,0,0,1.0,1,1.0,1,1.0,1,0.0978099672130741,66
3610,2,4747,2661,2086,0,0,0,1.0,1,1.0,1,1.0,1,0.11554123643791717,67
3611,3,4750,2663,2087,0,0,0,1.0,1,1.0,1,1.0,1,0.1309079529196749,67
3612,1,4751,2664,2087,0,0,0,1.0,1,1.0,1,1.0,1,0.148514841639715,66
3613,2,4753,2664,2089,0,0,0,1.0,1,1.0,1,1.0,1,0.13129810895179111,66
3614,2,4755,2665,2090,0,0,0,1.0,1,1.0,1,1.0,1,0.1362401429288515,65
3615,0,4755,2665,2090,0,0,0,1.0,1,1.0,1,1.0,1,0.12109111230728388,65
3616,0,4755,2665,2090,0,0,0,1.0,1,1.0,1,1.0,1,0.12109111230728388,65
3617,0,4755,2665,2090,0,0,0,1.0,1,1.0,1,1.0,1,0.11381993961799984,66
3618,0,4755,2665,2090,0,0,0,1.0,1,1.0,1,1.0,1,0.11381993961799984,66
3619,1,4756,2666,2090,0,0,0,1.0,1,1.0,1,1.0,1,0.1212647529939434,65
3620,4,4760,2667,2093,0,0,0,1.0,1,1.0,1,1.0,1,0.1337427955871492,66
3621,2,4762,2668,2094,0,0,0,1.0,1,1.0,1,1.0,1,0.11912800992596015,65
3622,3,4765,2669,2096,0,0,0,1.0,1,1.0,1,1.0,1,0.09417993444420777,65
3623,1,4766,2670,2096,0,0,0,1.0,1,1.0,1,1.0,1,0.1049690715162052,62
3624,4,4770,2673,2097,0,0,0,1.0,1,1.0,1,1.0,1,0.12050237634426796,62
3625,4,4774,2674,2100,0,0,0,1.0,1,1.0,1,1.0,1,0.11622349446868632,61
3626,1,4775,2675,2100,0,0,0,1.0,1,1.0,1,1.0,1,0.09653465790568501,58
3627,1,4776,2676,2100,0,0,0,1.0,1,1.0,1,1.0,1,0.14259593783187544,58
3628,1,4777,2676,2101,0,0,0,1.0,1,1.0,1,1.0,1,0.10920761400472978,57
3629,3,4780,2677,2103,0,0,0,1.0,1,1.0,1,1.0,1,0.10549260505355196,57
3630,1,4781,2678,2103,0,0,0,1.0,1,1.0,1,1.0,1,0.06287273494264378,56
3631,1,4782,2679,2103,0,0,0,1.0,1,1.0,1,1.0,1,0.07867129221180551,54
3632,0,4782,2679,2103,0,0,0,1.0,1,1.0,1,1.0,1,0.07528691862327101,52
3633,3,4785,2680,2105,0,0,0,1.0,1,1.0,1,1.0,1,0.0843419514691434,52
3634,1,4786,2681,2105,0,0,0,1.0,1,1.0,1,1.0,1,0.10415818706584253,49
3635,1,4787,2682,2105,0,0,0,1.0,1,1.0,1,1.0,1,0.15175008563412437,47
3636,2,4789,2682,2107,0,0,0,1.0,1,1.0,1,1.0,1,0.14723862128920706,48
3637,7,4796,2685,2111,0,0,0,1.0,1,1.0,1,1.0,1,0.15271369234485868,49
3638,2,4798,2685,2113,0,0,0,1.0,1,1.0,1,1.0,1,0.1259560535917878,50
3639,2,4800,2687,2113,0,0,0,1.0,1,1.0,1,1.0,1,0.1500583521499431,52
3640,3,4803,2688,2115,0,0,0,1.0,1,1.0,1,1.0,1,0.1562275008395605,52
3641,2,4805,2688,2117,0,0,0,1.0,1,1.0,1,1.0,1,0.12479941650873,52
3642,0,4805,2688,2117,0,0,0,1.0,1,1.0,1,1.0,1,0.12479941650873,52
3643,0,4805,2688,2117,0,0,0,1.0,1,1.0,1,1.0,1,0.12479941650873,52
3644,2,4807,2688,2119,0,0,0,1.0,1,1.0,1,1.0,1,0.09217891650262862,52
3645,1,4808,2689,2119,0,0,0,1.0,1,1.0,1,1.0,1,0.08023715107947728,53
3646,1,4809,2689,2120,0,0,0,1.0,1,1.0,1,1.0,1,0.07168955553173592,53
3647,0,4809,2689,2120,0,0,0,1.0,1,1.0,1,1.0,1,0.08041909821021342,55
3648,0,4809,2689,2120,0,0,0,1.0,1,1.0,1,1.0,1,0.09486758842883816,57
3649,0,4809,2689,2120,0,0,0,1.0,1,1.0,1,1.0,1,0.09486758842883816,57
3650,0,4809,2689,2120,0,0,0,1.0,1,1.0,1,1.0,1,0.09426007276436828,59
3651,0,4809,2689,2120,0,0,0,1.0,1,1.0,1,1.0,1,0.09426007276436828,59
3652,0,4809,2689,2120,0,0,0,1.0,1,1.0,1,1.0,1,0.09426007276436828,59
3653,0,4809,2689,2120,0,0,0,1.0,1,1.0,1,1.0,1,0.09426007276436828,59
3654,2,4811,2689,2122,0,0,0,1.0,1,1.0,1,1.0,1,0.07436717975020796,59
3655,1,4812,2689,2123,0,0,0,1.0,1,1.0,1,1.0,1,0.05499561821489395,62
3656,0,4812,2689,2123,0,0,0,1.0,1,1.0,1,1.0,1,0.05499561821489395,62
3657,2,4814,2690,2124,0,0,0,1.0,1,1.0,1,1.0,1,0.0720477555139472,63
3658,1,4815,2691,2124,0,0,0,1.0,1,1.0,1,1.0,1,0.0978638302589981,63
3659,2,4817,2692,2125,0,0,0,1.0,1,1.0,1,1.0,1,0.10710151921660056,62
3660,2,4819,2694,2125,0,0,0,1.0,1,1.0,1,1.0,1,0.1464462298152801,62
3661,5,4824,2695,2129,0,0,0,1.0,1,1.0,1,1.0,1,0.10712921821251592,61
3662,1,4825,2696,2129,0,0,0,1.0,1,1.0,1,1.0,1,0.13704531954207777,60
3663,3,4828,2697,2131,0,0,0,1.0,1,1.0,1,1.0,1,0.12808104306863827,61
3664,1,4829,2698,2131,0,0,0,1.0,1,1.0,1,1.0,1,0.1365903199479243,58
3665,3,4832,2700,2132,0,0,0,1.0,1,1.0,1,1.0,1,0.13003551675668454,58
3666,1,4833,2700,2133,0,0,0,1.0,1,1.0,1,1.0,1,0.11427888993268441,58
3667,1,4834,2701,2133,0,0,0,1.0,1,1.0,1,1.0,1,0.10074404516621449,58
3668,0,4834,2701,2133,0,0,0,1.0,1,1.0,1,1.0,1,0.10255878154456921,58
3669,1,4835,2702,2133,0,0,0,1.0,1,1.0,1,1.0,1,0.10390765739679818,57
3670,1,4836,2703,2133,0,0,0,1.0,1,1.0,1,1.0,1,0.11690856409457721,56
3671,1,4837,2704,2133,0,0,0,1.0,1,1.0,1,1.0,1,0.1537489632547623,57
3672,1,4838,2705,2133,0,0,0,1.0,1,1.0,1,1.0,1,0.18623032464051875,57
3673,1,4839,2705,2134,0,0,0,1.0,1,1.0,1,1.0,1,0.16249507461969476,58
3674,0,4839,2705,2134,0,0,0,1.0,1,1.0,1,1.0,1,0.17338858499409227,57
3675,0,4839,2705,2134,0,0,0,1.0,1,1.0,1,1.0,1,0.17501204834133957,58
3676,3,4842,2707,2135,0,0,0,1.0,1,1.0,1,1.0,1,0.185143266767671,59
3677,0,4842,2707,2135,0,0,0,1.0,1,1.0,1,1.0,1,0.17668588413562122,60
3678,1,4843,2707,2136,0,0,0,1.0,1,1.0,1,1.0,1,0.19013285669146213,62
3679,0,4843,2707,2136,0,0,0,1.0,1,1.0,1,1.0,1,0.19013285669146213,62
3680,0,4843,2707,2136,0,0,0,1.0,1,1.0,1,1.0,1,0.1709143694675472,63
3681,1,4844,2707,2137,0,0,0,1.0,1,1.0,1,1.0,1,0.17239291971098494,64
3682,0,4844,2707,2137,0,0,0,1.0,1,1.0,1,1.0,1,0.17239291971098494,64
3683,0,4844,2707,2137,0,0,0,1.0,1,1.0,1,1.0,1,0.17239291971098494,64
3684,1,4845,2708,2137,0,0,0,1.0,1,1.0,1,1.0,1,0.19141380204479222,64
3685,0,4845,2708,2137,0,0,0,1.0,1,1.0,1,1.0,1,0.19141380204479222,64
3686,2,4847,2709,2138,0,0,0,1.0,1,1.0,1,1.0,1,0.19528093669575508,65
3687,0,4847,2709,2138,0,0,0,1.0,1,1.0,1,1.0,1,0.19528093669575508,65
3688,0,4847,2709,2138,0,0,0,1.0,1,1.0,1,1.0,1,0.20465827697152528,66
3689,0,4847,2709,2138,0,0,0,1.0,1,1.0,1,1.0,1,0.20465827697152528,66
3690,2,4849,2709,2140,0,0,0,1.0,1,1.0,1,1.0,1,0.19616516637951684,67
3691,1,4850,2709,2141,0,0,0,1.0,1,1.0,1,1.0,1,0.17959730955532144,68
3692,0,4850,2709,2141,0,0,0,1.0,1,1.0,1,1.0,1,0.17413265748510148,69
3693,0,4850,2709,2141,0,0,0,1.0,1,1.0,1,1.0,1,0.1715305848332227,69
3694,1,4851,2710,2141,0,0,0,1.0,1,1.0,1,1.0,1,0.18812040822308995,70
3695,0,4851,2710,2141,0,0,0,1.0,1,1.0,1,1.0,1,0.18812040822308995,70
3696,2,4853,2712,2141,0,0,0,1.0,1,1.0,1,1.0,1,0.17350225877707856,71
3697,3,4856,2714,2142,0,0,0,1.0,1,1.0,1,1.0,1,0.18976718015336724,70
3698,0,4856,2714,2142,0,0,0,1.0,1,1.0,1,1.0,1,0.1894830268640837,70
3699,2,4858,2715,2143,0,0,0,1.0,1,1.0,1,1.0,1,0.17717816545706566,70
3700,3,4861,2718,2143,0,0,0,1.0,1,1.0,1,1.0,1,0.19737870777196287,68
3701,1,4862,2719,2143,0,0,0,1.0,1,1.0,1,1.0,1,0.20653755767622953,69
3702,1,4863,2720,2143,0,0,0,1.0,1,1.0,1,1.0,1,0.21097524379295474,69
3703,1,4864,2721,2143,0,0,0,1.0,1,1.0,1,1.0,1,0.24141126320689768,70
3704,2,4866,2723,2143,0,0,0,1.0,1,1.0,1,1.0,1,0.2649328396750262,69
3705,2,4868,2723,2145,0,0,0,1.0,1,1.0,1,1.0,1,0.22539684799314805,69
3706,3,4871,2724,2147,0,0,0,1.0,1,1.0,1,1.0,1,0.2257458918112949,69
3707,0,4871,2724,2147,0,0,0,1.0,1,1.0,1,1.0,1,0.2090186892493076,67
3708,0,4871,2724,2147,0,0,0,1.0,1,1.0,1,1.0,1,0.19859565861823922,67
3709,0,4871,2724,2147,0,0,0,1.0,1,1.0,1,1.0,1,0.19859565861823922,67
3710,2,4873,2726,2147,0,0,0,1.0,1,1.0,1,1.0,1,0.1912811449249392,67
3711,0,4873,2726,2147,0,0,0,1.0,1,1.0,1,1.0,1,0.1921874613343657,68
3712,1,4874,2727,2147,0,0,0,1.0,1,1.0,1,1.0,1,0.19993359760145135,68
3713,3,4877,2728,2149,0,0,0,1.0,1,1.0,1,1.0,1,0.17659677901849974,68
3714,0,4877,2728,2149,0,0,0,1.0,1,1.0,1,1.0,1,0.1932204037411118,67
3715,1,4878,2728,2150,0,0,0,1.0,1,1.0,1,1.0,1,0.18604729940862186,68
3716,1,4879,2728,2151,0,0,0,1.0,1,1.0,1,1.0,1,0.18975874339012416,67
3717,5,4884,2729,2155,0,0,0,1.0,1,1.0,1,1.0,1,0.19600622489943195,68
3718,1,4885,2729,2156,0,0,0,1.0,1,1.0,1,1.0,1,0.19803772014365817,68
3719,1,4886,2730,2156,0,0,0,1.0,1,1.0,1,1.0,1,0.24181555500441484,68
3720,0,4886,2730,2156,0,0,0,1.0,1,1.0,1,1.0,1,0.24181555500441484,68
3721,2,4888,2731,2157,0,0,0,1.0,1,1.0,1,1.0,1,0.20628775922229284,70
3722,0,4888,2731,2157,0,0,0,1.0,1,1.0,1,1.0,1,0.21308402536905388,71
3723,4,4892,2731,2161,0,0,0,1.0,1,1.0,1,1.0,1,0.1867944869631086,71
3724,0,4892,2731,2161,0,0,0,1.0,1,1.0,1,1.0,1,0.18159310077101518,72
3725,6,4898,2733,2165,0,0,0,1.0,1,1.0,1,1.0,1,0.1994909850423568,72
3726,1,4899,2733,2166,0,0,0,1.0,1,1.0,1,1.0,1,0.18994668113372973,71
3727,2,4901,2734,2167,0,0,0,1.0,1,1.0,1,1.0,1,0.2066437549156597,71
3728,3,4904,2734,2170,0,0,0,1.0,1,1.0,1,1.0,1,0.19794088040871355,70
3729,1,4905,2734,2171,0,0,0,1.0,1,1.0,1,1.0,1,0.1888699573797816,70
3730,3,4908,2735,2173,0,0,0,1.0,1,1.0,1,1.0,1,0.20537575990827067,71
3731,0,4908,2735,2173,0,0,0,1.0,1,1.0,1,1.0,1,0.20537575990827067,71
3732,0,4908,2735,2173,0,0,0,1.0,1,1.0,1,1.0,1,0.20075312264503203,72
3733,1,4909,2736,2173,0,0,0,1.0,1,1.0,1,1.0,1,0.2152710589870534,73
3734,2,4911,2737,2174,0,0,0,1.0,1,1.0,1,1.0,1,0.2330019250351454,74
3735,2,4913,2738,2175,0,0,0,1.0,1,1.0,1,1.0,1,0.23204483008698842,72
3736,1,4914,2738,2176,0,0,0,1.0,1,1.0,1,1.0,1,0.20186502459513184,72
3737,1,4915,2738,2177,0,0,0,1.0,1,1.0,1,1.0,1,0.19121089783481848,73
3738,0,4915,2738,2177,0,0,0,1.0,1,1.0,1,1.0,1,0.17882754130601508,72
3739,0,4915,2738,2177,0,0,0,1.0,1,1.0,1,1.0,1,0.17308507451865845,73
3740,1,4916,2738,2178,0,0,0,1.0,1,1.0,1,1.0,1,0.17428326907288103,70
3741,0,4916,2738,2178,0,0,0,1.0,1,1.0,1,1.0,1,0.17428326907288103,70
3742,0,4916,2738,2178,0,0,0,1.0,1,1.0,1,1.0,1,0.17428326907288103,70
3743,0,4916,2738,2178,0,0,0,1.0,1,1.0,1,1.0,1,0.20032820933125817,69
3744,5,4921,2740,2181,0,0,0,1.0,1,1.0,1,1.0,1,0.22113066495158856,69
3745,4,4925,2740,2185,0,0,0,1.0,1,1.0,1,1.0,1,0.19038345411675195,68
3746,1,4926,2740,2186,0,0,0,1.0,1,1.0,1,1.0,1,0.2024007638770102,66
3747,2,4928,2740,2188,0,0,0,1.0,1,1.0,1,1.0,1,0.1909161963850192,66
3748,1,4929,2740,2189,0,0,0,1.0,1,1.0,1,1.0,1,0.16827834214820173,65
3749,1,4930,2740,2190,0,0,0,1.0,1,1.0,1,1.0,1,0.16367421225290432,64
3750,0,4930,2740,2190,0,0,0,1.0,1,1.0,1,1.0,1,0.16988634024072655,63
3751,0,4930,2740,2190,0,0,0,1.0,1,1.0,1,1.0,1,0.16225076332845934,64
3752,1,4931,2741,2190,0,0,0,1.0,1,1.0,1,1.0,1,0.15286181429522597,64
3753,4,4935,2741,2194,0,0,0,1.0,1,1.0,1,1.0,1,0.12464996586598437,65
3754,1,4936,2742,2194,0,0,0,1.0,1,1.0,1,1.0,1,0.146664036980063,65
3755,3,4939,2743,2196,0,0,0,1.0,1,1.0,1,1.0,1,0.16471050106387508,65
3756,0,4939,2743,2196,0,0,0,1.0,1,1.0,1,1.0,1,0.1731011371597108,65
3757,5,4944,2745,2199,0,0,0,1.0,1,1.0,1,1.0,1,0.18632276736402653,65
3758,0,4944,2745,2199,0,0,0,1.0,1,1.0,1,1.0,1,0.1946975448823744,64
3759,2,4946,2746,2200,0,0,0,1.0,1,1.0,1,1.0,1,0.20426431297717818,64
3760,0,4946,2746,2200,0,0,0,1.0,1,1.0,1,1.0,1,0.22930160770372732,63
3761,1,4947,2746,2201,0,0,0,1.0,1,1.0,1,1.0,1,0.21979633258689238,63
3762,0,4947,2746,2201,0,0,0,1.0,1,1.0,1,1.0,1,0.22030606610470274,65
3763,0,4947,2746,2201,0,0,0,1.0,1,1.0,1,1.0,1,0.22030606610470274,65
3764,4,4951,2747,2204,0,0,0,1.0,1,1.0,1,1.0,1,0.19500002101988065,66
3765,4,4955,2747,2208,0,0,0,1.0,1,1.0,1,1.0,1,0.18138630068803718,67
3766,1,4956,2747,2209,0,0,0,1.0,1,1.0,1,1.0,1,0.17548439048941145,67
3767,0,4956,2747,2209,0,0,0,1.0,1,1.0,1,1.0,1,0.1706932536548368,68
3768,4,4960,2749,2211,0,0,0,1.0,1,1.0,1,1.0,1,0.20057738340887507,67
3769,3,4963,2749,2214,0,0,0,1.0,1,1.0,1,1.0,1,0.1579577046307583,69
3770,0,4963,2749,2214,0,0,0,1.0,1,1.0,1,1.0,1,0.1579577046307583,69
3771,4,4967,2750,2217,0,0,0,1.0,1,1.0,1,1.0,1,0.16777465273522202,69
3772,1,4968,2750,2218,0,0,0,1.0,1,1.0,1,1.0,1,0.1659466786700131,70
3773,5,4973,2751,2222,0,0,0,1.0,1,1.0,1,1.0,1,0.15346472718973375,68
3774,0,4973,2751,2222,0,0,0,1.0,1,1.0,1,1.0,1,0.15287445585870982,68
3775,3,4976,2752,2224,0,0,0,1.0,1,1.0,1,1.0,1,0.17117631612852097,68
3776,1,4977,2752,2225,0,0,0,1.0,1,1.0,1,1.0,1,0.1554076517777503,66
3777,2,4979,2752,2227,0,0,0,1.0,1,1.0,1,1.0,1,0.1308599428179339,65
3778,0,4979,2752,2227,0,0,0,1.0,1,1.0,1,1.0,1,0.11501134424689465,65
3779,1,4980,2753,2227,0,0,0,1.0,1,1.0,1,1.0,1,0.13913299080685945,65
3780,0,4980,2753,2227,0,0,0,1.0,1,1.0,1,1.0,1,0.12687730221813245,64
3781,0,4980,2753,2227,0,0,0,1.0,1,1.0,1,1.0,1,0.12687730221813245,64
3782,0,4980,2753,2227,0,0,0,1.0,1,1.0,1,1.0,1,0.13712828813479688,67
3783,0,4980,2753,2227,0,0,0,1.0,1,1.0,1,1.0,1,0.1327206528019147,65
3784,1,4981,2753,2228,0,0,0,1.0,1,1.0,1,1.0,1,0.12625269069245412,65
3785,2,4983,2755,2228,0,0,0,1.0,1,1.0,1,1.0,1,0.16394135872346882,63
3786,3,4986,2755,2231,0,0,0,1.0,1,1.0,1,1.0,1,0.13427532571689418,66
3787,1,4987,2756,2231,0,0,0,1.0,1,1.0,1,1.0,1,0.16596576158260162,65
3788,1,4988,2756,2232,0,0,0,1.0,1,1.0,1,1.0,1,0.1570387612120915,65
3789,3,4991,2758,2233,0,0,0,1.0,1,1.0,1,1.0,1,0.16882613576909916,65
3790,1,4992,2759,2233,0,0,0,1.0,1,1.0,1,1.0,1,0.20221575282756798,64
3791,1,4993,2760,2233,0,0,0,1.0,1,1.0,1,1.0,1,0.19895809160085443,64
3792,3,4996,2763,2233,0,0,0,1.0,1,1.0,1,1.0,1,0.21743120115694856,65
3793,3,4999,2764,2235,0,0,0,1.0,1,1.0,1,1.0,1,0.21441896763198848,68
3794,2,5001,2765,2236,0,0,0,1.0,1,1.0,1,1.0,1,0.20764301374979066,68
3795,2,5003,2765,2238,0,0,0,1.0,1,1.0,1,1.0,1,0.18620152686229471,69
3796,0,5003,2765,2238,0,0,0,1.0,1,1.0,1,1.0,1,0.18620152686229471,69
3797,5,5008,2765,2243,0,0,0,1.0,1,1.0,1,1.0,1,0.1684894753001354,70
3798,1,5009,2765,2244,0,0,0,1.0,1,1.0,1,1.0,1,0.161259350697799,70
3799,1,5010,2765,2245,0,0,0,1.0,1,1.0,1,1.0,1,0.16305811318308588,69
3800,1,5011,2765,2246,0,0,0,1.0,1,1.0,1,1.0,1,0.15847867378030944,69
3801,4,5015,2765,2250,0,0,0,1.0,1,1.0,1,1.0,1,0.14258666008903648,67
3802,1,5016,2765,2251,0,0,0,1.0,1,1.0,1,1.0,1,0.13577952815847832,67
3803,2,5018,2765,2253,0,0,0,1.0,1,1.0,1,1.0,1,0.12673004362000248,69
3804,2,5020,2765,2255,0,0,0,1.0,1,1.0,1,1.0,1,0.1171260433507717,70
3805,2,5022,2765,2257,0,0,0,1.0,1,1.0,1,1.0,1,0.11231633661680199,71
3806,0,5022,2765,2257,0,0,0,1.0,1,1.0,1,1.0,1,0.11231633661680199,71
3807,0,5022,2765,2257,0,0,0,1.0,1,1.0,1,1.0,1,0.11904151220613582,72
3808,0,5022,2765,2257,0,0,0,1.0,1,1.0,1,1.0,1,0.11904151220613582,72
3809,2,5024,2766,2258,0,0,0,1.0,1,1.0,1,1.0,1,0.135928588190177,72
3810,3,5027,2767,2260,0,0,0,1.0,1,1.0,1,1.0,1,0.14248783504195303,72
3811,1,5028,2768,2260,0,0,0,1.0,1,1.0,1,1.0,1,0.141959869408686,71
3812,0,5028,2768,2260,0,0,0,1.0,1,1.0,1,1.0,1,0.15146275884472343,72
3813,2,5030,2769,2261,0,0,0,1.0,1,1.0,1,1.0,1,0.16045496676383728,71
3814,0,5030,2769,2261,0,0,0,1.0,1,1.0,1,1.0,1,0.16659183603288708,72
3815,0,5030,2769,2261,0,0,0,1.0,1,1.0,1,1.0,1,0.15502824634092588,71
3816,0,5030,2769,2261,0,0,0,1.0,1,1.0,1,1.0,1,0.15215540949529216,69
3817,1,5031,2770,2261,0,0,0,1.0,1,1.0,1,1.0,1,0.17900356542293744,72
3818,1,5032,2771,2261,0,0,0,1.0,1,1.0,1,1.0,1,0.17872116909112945,72
3819,1,5033,2772,2261,0,0,0,1.0,1,1.0,1,1.0,1,0.18762708939723624,72
3820,2,5035,2773,2262,0,0,0,1.0,1,1.0,1,1.0,1,0.18320823580135132,72
3821,1,5036,2774,2262,0,0,0,1.0,1,1.0,1,1.0,1,0.19596921154202904,72
3822,0,5036,2774,2262,0,0,0,1.0,1,1.0,1,1.0,1,0.207434225153288,69
3823,0,5036,2774,2262,0,0,0,1.0,1,1.0,1,1.0,1,0.207434225153288,69
3824,3,5039,2774,2265,0,0,0,1.0,1,1.0,1,1.0,1,0.20220647741702075,65
3825,0,5039,2774,2265,0,0,0,1.0,1,1.0,1,1.0,1,0.212950753059179,64
3826,1,5040,2774,2266,0,0,0,1.0,1,1.0,1,1.0,1,0.19915644821286088,65
3827,1,5041,2774,2267,0,0,0,1.0,1,1.0,1,1.0,1,0.1960781296932912,64
3828,1,5042,2774,2268,0,0,0,1.0,1,1.0,1,1.0,1,0.17769195580831137,65
3829,2,5044,2775,2269,0,0,0,1.0,1,1.0,1,1.0,1,0.1960167322551576,65
3830,0,5044,2775,2269,0,0,0,1.0,1,1.0,1,1.0,1,0.20281646123002514,64
3831,2,5046,2776,2270,0,0,0,1.0,1,1.0,1,1.0,1,0.19481768316314943,63
3832,0,5046,2776,2270,0,0,0,1.0,1,1.0,1,1.0,1,0.20915035144962552,64
3833,2,5048,2777,2271,0,0,0,1.0,1,1.0,1,1.0,1,0.19292664467875903,64
3834,0,5048,2777,2271,0,0,0,1.0,1,1.0,1,1.0,1,0.21525955062427582,63
3835,0,5048,2777,2271,0,0,0,1.0,1,1.0,1,1.0,1,0.2140407705347948,63
3836,2,5050,2779,2271,0,0,0,1.0,1,1.0,1,1.0,1,0.21348080131755603,63
3837,4,5054,2780,2274,0,0,0,1.0,1,1.0,1,1.0,1,0.19502482024224504,62
3838,2,5056,2782,2274,0,0,0,1.0,1,1.0,1,1.0,1,0.1891899735313271,62
3839,1,5057,2783,2274,0,0,0,1.0,1,1.0,1,1.0,1,0.2129222020154555,60
3840,1,5058,2783,2275,0,0,0,1.0,1,1.0,1,1.0,1,0.19458966786379261,62
3841,0,5058,2783,2275,0,0,0,1.0,1,1.0,1,1.0,1,0.19458966786379261,62
3842,2,5060,2783,2277,0,0,0,1.0,1,1.0,1,1.0,1,0.16120959402629662,63
3843,1,5061,2783,2278,0,0,0,1.0,1,1.0,1,1.0,1,0.1484412999082577,64
3844,2,5063,2783,2280,0,0,0,1.0,1,1.0,1,1.0,1,0.12616650215728512,65
3845,3,5066,2783,2283,0,0,0,1.0,1,1.0,1,1.0,1,0.0919369673370511,66
3846,2,5068,2783,2285,0,0,0,1.0,1,1.0,1,1.0,1,0.07438240643383882,67
3847,0,5068,2783,2285,0,0,0,1.0,1,1.0,1,1.0,1,0.07438240643383882,67
3848,1,5069,2784,2285,0,0,0,1.0,1,1.0,1,1.0,1,0.07796873524330215,67
3849,3,5072,2785,2287,0,0,0,1.0,1,1.0,1,1.0,1,0.037458824066171924,67
3850,2,5074,2787,2287,0,0,0,1.0,1,1.0,1,1.0,1,0.06069312916729524,68
3851,2,5076,2789,2287,0,0,0,1.0,1,1.0,1,1.0,1,0.08095426831162285,68
3852,1,5077,2789,2288,0,0,0,1.0,1,1.0,1,1.0,1,0.08155376698148431,70
3853,4,5081,2791,2290,0,0,0,1.0,1,1.0,1,1.0,1,0.10931001056420281,70
3854,3,5084,2793,2291,0,0,0,1.0,1,1.0,1,1.0,1,0.11759689363568315,70
3855,1,5085,2794,2291,0,0,0,1.0,1,1.0,1,1.0,1,0.12961655452967216,69
3856,2,5087,2795,2292,0,0,0,1.0,1,1.0,1,1.0,1,0.14388533937023257,70
3857,3,5090,2796,2294,0,0,0,1.0,1,1.0,1,1.0,1,0.16246276177816016,68
3858,0,5090,2796,2294,0,0,0,1.0,1,1.0,1,1.0,1,0.15201633753415789,67
3859,1,5091,2796,2295,0,0,0,1.0,1,1.0,1,1.0,1,0.12838301640016597,66
3860,0,5091,2796,2295,0,0,0,1.0,1,1.0,1,1.0,1,0.1316871719631404,66
3861,0,5091,2796,2295,0,0,0,1.0,1,1.0,1,1.0,1,0.13290677022763117,66
3862,0,5091,2796,2295,0,0,0,1.0,1,1.0,1,1.0,1,0.13290677022763117,66
3863,1,5092,2797,2295,0,0,0,1.0,1,1.0,1,1.0,1,0.13518573274449047,63
3864,1,5093,2798,2295,0,0,0,1.0,1,1.0,1,1.0,1,0.14688508134090544,63
3865,1,5094,2798,2296,0,0,0,1.0,1,1.0,1,1.0,1,0.13322165260537142,61
3866,0,5094,2798,2296,0,0,0,1.0,1,1.0,1,1.0,1,0.14152565166629757,61
3867,0,5094,2798,2296,0,0,0,1.0,1,1.0,1,1.0,1,0.14892280754973583,60
3868,2,5096,2800,2296,0,0,0,1.0,1,1.0,1,1.0,1,0.1882107050597326,59
3869,2,5098,2800,2298,0,0,0,1.0,1,1.0,1,1.0,1,0.16713253359035807,61
3870,1,5099,2800,2299,0,0,0,1.0,1,1.0,1,1.0,1,0.1686427752512662,61
3871,1,5100,2800,2300,0,0,0,1.0,1,1.0,1,1.0,1,0.16666361098260052,64
3872,1,5101,2800,2301,0,0,0,1.0,1,1.0,1,1.0,1,0.16402315754322785,63
3873,1,5102,2800,2302,0,0,0,1.0,1,1.0,1,1.0,1,0.16426482854824784,62
3874,0,5102,2800,2302,0,0,0,1.0,1,1.0,1,1.0,1,0.15891747336985787,63
3875,0,5102,2800,2302,0,0,0,1.0,1,1.0,1,1.0,1,0.15638622178941983,61
3876,0,5102,2800,2302,0,0,0,1.0,1,1.0,1,1.0,1,0.14875419284808064,62
3877,3,5105,2802,2303,0,0,0,1.0,1,1.0,1,1.0,1,0.1613246471608449,63
3878,0,5105,2802,2303,0,0,0,1.0,1,1.0,1,1.0,1,0.1613246471608449,63
3879,1,5106,2803,2303,0,0,0,1.0,1,1.0,1,1.0,1,0.16711809901512517,63
3880,0,5106,2803,2303,0,0,0,1.0,1,1.0,1,1.0,1,0.15671108857473176,65
3881,1,5107,2804,2303,0,0,0,1.0,1,1.0,1,1.0,1,0.17514897986647385,65
3882,3,5110,2806,2304,0,0,0,1.0,1,1.0,1,1.0,1,0.1682029212558179,66
3883,1,5111,2807,2304,0,0,0,1.0,1,1.0,1,1.0,1,0.17857911504205892,66
3884,2,5113,2808,2305,0,0,0,1.0,1,1.0,1,1.0,1,0.20062449450514985,66
3885,3,5116,2809,2307,0,0,0,1.0,1,1.0,1,1.0,1,0.20420217512066588,66
3886,1,5117,2810,2307,0,0,0,1.0,1,1.0,1,1.0,1,0.21090852804105253,65
3887,0,5117,2810,2307,0,0,0,1.0,1,1.0,1,1.0,1,0.19910994028647028,65
3888,0,5117,2810,2307,0,0,0,1.0,1,1.0,1,1.0,1,0.2104760696917287,66
3889,2,5119,2811,2308,0,0,0,1.0,1,1.0,1,1.0,1,0.20334499838218464,64
3890,3,5122,2813,2309,0,0,0,1.0,1,1.0,1,1.0,1,0.20708993130192616,63
3891,2,5124,2813,2311,0,0,0,1.0,1,1.0,1,1.0,1,0.170959242901774,66
3892,2,5126,2813,2313,0,0,0,1.0,1,1.0,1,1.0,1,0.13764297234417347,67
3893,0,5126,2813,2313,0,0,0,1.0,1,1.0,1,1.0,1,0.1362937896367344,66
3894,3,5129,2814,2315,0,0,0,1.0,1,1.0,1,1.0,1,0.13166414898504497,67
3895,1,5130,2814,2316,0,0,0,1.0,1,1.0,1,1.0,1,0.12365524757216502,66
3896,1,5131,2815,2316,0,0,0,1.0,1,1.0,1,1.0,1,0.1329595353035864,66
3897,3,5134,2815,2319,0,0,0,1.0,1,1.0,1,1.0,1,0.10843670564691485,65
3898,5,5139,2818,2321,0,0,0,1.0,1,1.0,1,1.0,1,0.15577042060059945,65
3899,2,5141,2820,2321,0,0,0,1.0,1,1.0,1,1.0,1,0.178826370381995,64
3900,1,5142,2821,2321,0,0,0,1.0,1,1.0,1,1.0,1,0.21027116769889195,63
3901,4,5146,2823,2323,0,0,0,1.0,1,1.0,1,1.0,1,0.2028596369124785,63
3902,2,5148,2824,2324,0,0,0,1.0,1,1.0,1,1.0,1,0.21418691105998894,64
3903,3,5151,2824,2327,0,0,0,1.0,1,1.0,1,1.0,1,0.17467851212578206,64
3904,0,5151,2824,2327,0,0,0,1.0,1,1.0,1,1.0,1,0.18064615453407004,63
3905,1,5152,2824,2328,0,0,0,1.0,1,1.0,1,1.0,1,0.15874961874882407,63
3906,0,5152,2824,2328,0,0,0,1.0,1,1.0,1,1.0,1,0.1463783742353878,64
3907,2,5154,2824,2330,0,0,0,1.0,1,1.0,1,1.0,1,0.14956067302383294,64
3908,1,5155,2825,2330,0,0,0,1.0,1,1.0,1,1.0,1,0.16176838859414178,63
3909,1,5156,2825,2331,0,0,0,1.0,1,1.0,1,1.0,1,0.17366858331239637,62
3910,0,5156,2825,2331,0,0,0,1.0,1,1.0,1,1.0,1,0.18607184849270994,62
3911,2,5158,2826,2332,0,0,0,1.0,1,1.0,1,1.0,1,0.18161271889276623,64
3912,1,5159,2827,2332,0,0,0,1.0,1,1.0,1,1.0,1,0.2081789087195212,64
3913,2,5161,2827,2334,0,0,0,1.0,1,1.0,1,1.0,1,0.20258627238879748,65
3914,1,5162,2827,2335,0,0,0,1.0,1,1.0,1,1.0,1,0.20053825337324643,65
3915,1,5163,2828,2335,0,0,0,1.0,1,1.0,1,1.0,1,0.1838081884089959,66
3916,1,5164,2829,2335,0,0,0,1.0,1,1.0,1,1.0,1,0.20998146139578805,66
3917,1,5165,2829,2336,0,0,0,1.0,1,1.0,1,1.0,1,0.20307285664093097,66
3918,3,5168,2831,2337,0,0,0,1.0,1,1.0,1,1.0,1,0.1891806757123784,67
3919,0,5168,2831,2337,0,0,0,1.0,1,1.0,1,1.0,1,0.1836482252279612,68
3920,1,5169,2832,2337,0,0,0,1.0,1,1.0,1,1.0,1,0.16824014466638187,69
3921,1,5170,2832,2338,0,0,0,1.0,1,1.0,1,1.0,1,0.17239429562073197,68
3922,2,5172,2834,2338,0,0,0,1.0,1,1.0,1,1.0,1,0.20630263188317213,68
3923,2,5174,2834,2340,0,0,0,1.0,1,1.0,1,1.0,1,0.19959433612292676,69
3924,3,5177,2835,2342,0,0,0,1.0,1,1.0,1,1.0,1,0.1808417244374267,69
3925,4,5181,2837,2344,0,0,0,1.0,1,1.0,1,1.0,1,0.1968269955955101,67
3926,1,5182,2837,2345,0,0,0,1.0,1,1.0,1,1.0,1,0.19817360082023702,67
3927,1,5183,2837,2346,0,0,0,1.0,1,1.0,1,1.0,1,0.2017994895093514,65
3928,1,5184,2837,2347,0,0,0,1.0,1,1.0,1,1.0,1,0.19591088779907237,65
3929,3,5187,2838,2349,0,0,0,1.0,1,1.0,1,1.0,1,0.18388089474546943,64
3930,0,5187,2838,2349,0,0,0,1.0,1,1.0,1,1.0,1,0.17825760030441176,64
3931,0,5187,2838,2349,0,0,0,1.0,1,1.0,1,1.0,1,0.16558818043419707,62
3932,0,5187,2838,2349,0,0,0,1.0,1,1.0,1,1.0,1,0.16558818043419707,62
3933,1,5188,2839,2349,0,0,0,1.0,1,1.0,1,1.0,1,0.15494151040589263,62
3934,2,5190,2840,2350,0,0,0,1.0,1,1.0,1,1.0,1,0.12988534375643357,61
3935,0,5190,2840,2350,0,0,0,1.0,1,1.0,1,1.0,1,0.13527581727550858,64
3936,0,5190,2840,2350,0,0,0,1.0,1,1.0,1,1.0,1,0.14286621125857935,65
3937,1,5191,2840,2351,0,0,0,1.0,1,1.0,1,1.0,1,0.11918823814877422,66
3938,0,5191,2840,2351,0,0,0,1.0,1,1.0,1,1.0,1,0.11918823814877422,66
3939,0,5191,2840,2351,0,0,0,1.0,1,1.0,1,1.0,1,0.1301631281547459,67
3940,1,5192,2840,2352,0,0,0,1.0,1,1.0,1,1.0,1,0.10946697416550094,69
3941,0,5192,2840,2352,0,0,0,1.0,1,1.0,1,1.0,1,0.10946697416550094,69
3942,1,5193,2841,2352,0,0,0,1.0,1,1.0,1,1.0,1,0.1278431796461454,69
3943,1,5194,2842,2352,0,0,0,1.0,1,1.0,1,1.0,1,0.15843980869054336,68
3944,2,5196,2842,2354,0,0,0,1.0,1,1.0,1,1.0,1,0.15663332387568746,68
3945,4,5200,2845,2355,0,0,0,1.0,1,1.0,1,1.0,1,0.15713580655558687,67
3946,4,5204,2847,2357,0,0,0,1.0,1,1.0,1,1.0,1,0.1781766222098323,67
3947,2,5206,2848,2358,0,0,0,1.0,1,1.0,1,1.0,1,0.17175907286435665,66
3948,3,5209,2850,2359,0,0,0,1.0,1,1.0,1,1.0,1,0.15007335830481555,67
3949,5,5214,2854,2360,0,0,0,1.0,1,1.0,1,1.0,1,0.23879989625550274,66
3950,0,5214,2854,2360,0,0,0,1.0,1,1.0,1,1.0,1,0.24768376928703378,65
3951,1,5215,2854,2361,0,0,0,1.0,1,1.0,1,1.0,1,0.23486714401542064,65
3952,3,5218,2855,2363,0,0,0,1.0,1,1.0,1,1.0,1,0.21447112082485392,65
3953,3,5221,2855,2366,0,0,0,1.0,1,1.0,1,1.0,1,0.20145175061334233,65
3954,2,5223,2855,2368,0,0,0,1.0,1,1.0,1,1.0,1,0.1936059867003307,64
3955,0,5223,2855,2368,0,0,0,1.0,1,1.0,1,1.0,1,0.21071155457955912,64
3956,1,5224,2855,2369,0,0,0,1.0,1,1.0,1,1.0,1,0.1966053938963502,63
3957,2,5226,2855,2371,0,0,0,1.0,1,1.0,1,1.0,1,0.1839447374347815,63
3958,1,5227,2855,2372,0,0,0,1.0,1,1.0,1,1.0,1,0.18564925071072483,63
3959,0,5227,2855,2372,0,0,0,1.0,1,1.0,1,1.0,1,0.1847494311133862,62
3960,0,5227,2855,2372,0,0,0,1.0,1,1.0,1,1.0,1,0.1847494311133862,62
3961,2,5229,2857,2372,0,0,0,1.0,1,1.0,1,1.0,1,0.19432676551897904,64
3962,1,5230,2857,2373,0,0,0,1.0,1,1.0,1,1.0,1,0.18525288787049773,64
3963,5,5235,2861,2374,0,0,0,1.0,1,1.0,1,1.0,1,0.2142427787040579,62
3964,1,5236,2861,2375,0,0,0,1.0,1,1.0,1,1.0,1,0.18704382979708362,63
3965,4,5240,2861,2379,0,0,0,1.0,1,1.0,1,1.0,1,0.13071025374549136,63
3966,0,5240,2861,2379,0,0,0,1.0,1,1.0,1,1.0,1,0.12878891927826341,62
3967,3,5243,2861,2382,0,0,0,1.0,1,1.0,1,1.0,1,0.10160263678280851,64
3968,0,5243,2861,2382,0,0,0,1.0,1,1.0,1,1.0,1,0.09971652570922107,63
3969,1,5244,2861,2383,0,0,0,1.0,1,1.0,1,1.0,1,0.09947295400061307,63
3970,0,5244,2861,2383,0,0,0,1.0,1,1.0,1,1.0,1,0.09719156221875655,65
3971,0,5244,2861,2383,0,0,0,1.0,1,1.0,1,1.0,1,0.09719156221875655,65
3972,3,5247,2863,2384,0,0,0,1.0,1,1.0,1,1.0,1,0.12276692507901218,66
3973,2,5249,2863,2386,0,0,0,1.0,1,1.0,1,1.0,1,0.09879216624801407,66
3974,1,5250,2864,2386,0,0,0,1.0,1,1.0,1,1.0,1,0.11952695795597615,66
3975,3,5253,2866,2387,0,0,0,1.0,1,1.0,1,1.0,1,0.12490254154305078,66
3976,2,5255,2867,2388,0,0,0,1.0,1,1.0,1,1.0,1,0.13552782463017948,66
3977,3,5258,2869,2389,0,0,0,1.0,1,1.0,1,1.0,1,0.13110177455306987,64
3978,3,5261,2871,2390,0,0,0,1.0,1,1.0,1,1.0,1,0.14592192415946767,63
3979,2,5263,2871,2392,0,0,0,1.0,1,1.0,1,1.0,1,0.14418313830791663,63
3980,1,5264,2871,2393,0,0,0,1.0,1,1.0,1,1.0,1,0.13647041576650693,63
3981,2,5266,2871,2395,0,0,0,1.0,1,1.0,1,1.0,1,0.12678251158615422,64
3982,0,5266,2871,2395,0,0,0,1.0,1,1.0,1,1.0,1,0.1231892795598369,65
3983,0,5266,2871,2395,0,0,0,1.0,1,1.0,1,1.0,1,0.1272909470631266,64
3984,1,5267,2871,2396,0,0,0,1.0,1,1.0,1,1.0,1,0.126172679678905,65
3985,2,5269,2872,2397,0,0,0,1.0,1,1.0,1,1.0,1,0.13106649455672023,64
3986,1,5270,2872,2398,0,0,0,1.0,1,1.0,1,1.0,1,0.12778661462691954,63
3987,0,5270,2872,2398,0,0,0,1.0,1,1.0,1,1.0,1,0.14316823824349803,63
3988,0,5270,2872,2398,0,0,0,1.0,1,1.0,1,1.0,1,0.14117975241432343,63
3989,0,5270,2872,2398,0,0,0,1.0,1,1.0,1,1.0,1,0.15750260417593923,63
3990,1,5271,2873,2398,0,0,0,1.0,1,1.0,1,1.0,1,0.18730697180734474,62
3991,1,5272,2873,2399,0,0,0,1.0,1,1.0,1,1.0,1,0.17483355069663417,62
3992,0,5272,2873,2399,0,0,0,1.0,1,1.0,1,1.0,1,0.16576820160755412,65
3993,0,5272,2873,2399,0,0,0,1.0,1,1.0,1,1.0,1,0.16576820160755412,65
3994,1,5273,2873,2400,0,0,0,1.0,1,1.0,1,1.0,1,0.1525562967965456,64
3995,0,5273,2873,2400,0,0,0,1.0,1,1.0,1,1.0,1,0.1525562967965456,64
3996,1,5274,2873,2401,0,0,0,1.0,1,1.0,1,1.0,1,0.13281306276502655,67
3997,3,5277,2874,2403,0,0,0,1.0,1,1.0,1,1.0,1,0.12314806660975838,69
3998,2,5279,2875,2404,0,0,0,1.0,1,1.0,1,1.0,1,0.12914804985025197,69
3999,2,5281,2877,2404,0,0,0,1.0,1,1.0,1,1.0,1,0.1332150266720942,69
4000,0,5281,2877,2404,0,0,0,1.0,1,1.0,1,1.0,1,0.11362649386245105,69
4001,0,5281,2877,2404,0,0,0,1.0,1,1.0,1,1.0,1,0.10493436563175368,68
4002,1,5282,2878,2404,0,0,0,1.0,1,1.0,1,1.0,1,0.08948006972176234,68
4003,2,5284,2880,2404,0,0,0,1.0,1,1.0,1,1.0,1,0.12393261296601596,68
4004,5,5289,2883,2406,0,0,0,1.0,1,1.0,1,1.0,1,0.08993611945716225,67
4005,1,5290,2884,2406,0,0,0,1.0,1,1.0,1,1.0,1,0.09745218790050214,67
4006,4,5294,2886,2408,0,0,0,1.0,1,1.0,1,1.0,1,0.09420585439669944,67
4007,1,5295,2887,2408,0,0,0,1.0,1,1.0,1,1.0,1,0.11347188327982384,67
4008,3,5298,2889,2409,0,0,0,1.0,1,1.0,1,1.0,1,0.11634438489339873,67
4009,3,5301,2891,2410,0,0,0,1.0,1,1.0,1,1.0,1,0.12632634937046763,67
4010,2,5303,2892,2411,0,0,0,1.0,1,1.0,1,1.0,1,0.12572395197109754,66
4011,2,5305,2893,2412,0,0,0,1.0,1,1.0,1,1.0,1,0.11524722253346323,66
4012,2,5307,2895,2412,0,0,0,1.0,1,1.0,1,1.0,1,0.12796910732398167,66
4013,3,5310,2895,2415,0,0,0,1.0,1,1.0,1,1.0,1,0.07673944372165487,66
4014,1,5311,2896,2415,0,0,0,1.0,1,1.0,1,1.0,1,0.08742307530099222,66
4015,0,5311,2896,2415,0,0,0,1.0,1,1.0,1,1.0,1,0.10944741993965493,64
4016,1,5312,2897,2415,0,0,0,1.0,1,1.0,1,1.0,1,0.150932324840994,64
4017,3,5315,2899,2416,0,0,0,1.0,1,1.0,1,1.0,1,0.1666213936713884,66
4018,0,5315,2899,2416,0,0,0,1.0,1,1.0,1,1.0,1,0.17405351529790697,67
4019,1,5316,2900,2416,0,0,0,1.0,1,1.0,1,1.0,1,0.18531213363914656,67
4020,0,5316,2900,2416,0,0,0,1.0,1,1.0,1,1.0,1,0.20444903491212923,66
4021,1,5317,2901,2416,0,0,0,1.0,1,1.0,1,1.0,1,0.2151980186485495,66
4022,0,5317,2901,2416,0,0,0,1.0,1,1.0,1,1.0,1,0.2151980186485495,66
4023,1,5318,2902,2416,0,0,0,1.0,1,1.0,1,1.0,1,0.21496618376912605,66
4024,2,5320,2903,2417,0,0,0,1.0,1,1.0,1,1.0,1,0.21005188569311242,66
4025,2,5322,2903,2419,0,0,0,1.0,1,1.0,1,1.0,1,0.17351694361764478,66
4026,0,5322,2903,2419,0,0,0,1.0,1,1.0,1,1.0,1,0.17400353120724915,66
4027,1,5323,2904,2419,0,0,0,1.0,1,1.0,1,1.0,1,0.1898387576144113,64
4028,3,5326,2906,2420,0,0,0,1.0,1,1.0,1,1.0,1,0.20263106090190294,63
4029,2,5328,2906,2422,0,0,0,1.0,1,1.0,1,1.0,1,0.17544490072665678,62
4030,1,5329,2906,2423,0,0,0,1.0,1,1.0,1,1.0,1,0.15002894198407907,63
4031,0,5329,2906,2423,0,0,0,1.0,1,1.0,1,1.0,1,0.15711319309064609,62
4032,1,5330,2907,2423,0,0,0,1.0,1,1.0,1,1.0,1,0.17040317745347347,62
4033,0,5330,2907,2423,0,0,0,1.0,1,1.0,1,1.0,1,0.18238240580224857,61
4034,4,5334,2909,2425,0,0,0,1.0,1,1.0,1,1.0,1,0.19306653194243534,60
4035,0,5334,2909,2425,0,0,0,1.0,1,1.0,1,1.0,1,0.20670002158269385,59
4036,3,5337,2911,2426,0,0,0,1.0,1,1.0,1,1.0,1,0.21254581773284925,58
4037,4,5341,2913,2428,0,0,0,1.0,1,1.0,1,1.0,1,0.19608376331471447,59
4038,3,5344,2914,2430,0,0,0,1.0,1,1.0,1,1.0,1,0.18852514949168755,58
4039,0,5344,2914,2430,0,0,0,1.0,1,1.0,1,1.0,1,0.21654236816991657,56
4040,0,5344,2914,2430,0,0,0,1.0,1,1.0,1,1.0,1,0.22592029766906024,55
4041,4,5348,2916,2432,0,0,0,1.0,1,1.0,1,1.0,1,0.24699255912032672,54
4042,1,5349,2917,2432,0,0,0,1.0,1,1.0,1,1.0,1,0.2558855737118287,56
4043,2,5351,2918,2433,0,0,0,1.0,1,1.0,1,1.0,1,0.2743752138749383,56
4044,2,5353,2919,2434,0,0,0,1.0,1,1.0,1,1.0,1,0.2905430429402254,56
4045,2,5355,2921,2434,0,0,0,1.0,1,1.0,1,1.0,1,0.3204085414078137,57
4046,1,5356,2921,2435,0,0,0,1.0,1,1.0,1,1.0,1,0.31723428924471153,59
4047,2,5358,2923,2435,0,0,0,1.0,1,1.0,1,1.0,1,0.3514023212049412,59
4048,1,5359,2923,2436,0,0,0,1.0,1,1.0,1,1.0,1,0.34434746195570537,59
4049,0,5359,2923,2436,0,0,0,1.0,1,1.0,1,1.0,1,0.32849065495635976,60
4050,1,5360,2923,2437,0,0,0,1.0,1,1.0,1,1.0,1,0.30736038113476266,60
4051,1,5361,2924,2437,0,0,0,1.0,1,1.0,1,1.0,1,0.31630402641164873,60
4052,0,5361,2924,2437,0,0,0,1.0,1,1.0,1,1.0,1,0.31630402641164873,60
4053,0,5361,2924,2437,0,0,0,1.0,1,1.0,1,1.0,1,0.31630402641164873,60
4054,1,5362,2925,2437,0,0,0,1.0,1,1.0,1,1.0,1,0.31422757261634493,61
4055,0,5362,2925,2437,0,0,0,1.0,1,1.0,1,1.0,1,0.31422757261634493,61
4056,0,5362,2925,2437,0,0,0,1.0,1,1.0,1,1.0,1,0.32254627647541745,62
4057,0,5362,2925,2437,0,0,0,1.0,1,1.0,1,1.0,1,0.3216518121549125,63
4058,0,5362,2925,2437,0,0,0,1.0,1,1.0,1,1.0,1,0.3369913373440201,64
4059,0,5362,2925,2437,0,0,0,1.0,1,1.0,1,1.0,1,0.3542961368850728,63
4060,0,5362,2925,2437,0,0,0,1.0,1,1.0,1,1.0,1,0.3542961368850728,63
4061,0,5362,2925,2437,0,0,0,1.0,1,1.0,1,1.0,1,0.35988240001907323,63
4062,0,5362,2925,2437,0,0,0,1.0,1,1.0,1,1.0,1,0.3500933364708953,65
4063,1,5363,2925,2438,0,0,0,1.0,1,1.0,1,1.0,1,0.3168257569347849,64
4064,1,5364,2925,2439,0,0,0,1.0,1,1.0,1,1.0,1,0.3003853108360715,65
4065,4,5368,2927,2441,0,0,0,1.0,1,1.0,1,1.0,1,0.2581492142189423,64
4066,1,5369,2927,2442,0,0,0,1.0,1,1.0,1,1.0,1,0.24587263293924388,64
4067,4,5373,2929,2444,0,0,0,1.0,1,1.0,1,1.0,1,0.21416330475685721,63
4068,1,5374,2929,2445,0,0,0,1.0,1,1.0,1,1.0,1,0.202237942120413,64
4069,8,5382,2932,2450,0,0,0,1.0,1,1.0,1,1.0,1,0.22273543285073202,62
4070,2,5384,2932,2452,0,0,0,1.0,1,1.0,1,1.0,1,0.20337967630565726,61
4071,4,5388,2935,2453,0,0,0,1.0,1,1.0,1,1.0,1,0.26557180746621734,61
4072,2,5390,2936,2454,0,0,0,1.0,1,1.0,1,1.0,1,0.2848447315952439,60
4073,7,5397,2937,2460,0,0,0,1.0,1,1.0,1,1.0,1,0.219108729196213,60
4074,3,5400,2939,2461,0,0,0,1.0,1,1.0,1,1.0,1,0.25893253882496964,60
4075,2,5402,2939,2463,0,0,0,1.0,1,1.0,1,1.0,1,0.22418240263385197,59
4076,1,5403,2939,2464,0,0,0,1.0,1,1.0,1,1.0,1,0.21843427060201015,60
4077,3,5406,2939,2467,0,0,0,1.0,1,1.0,1,1.0,1,0.20370180587937592,61
4078,1,5407,2939,2468,0,0,0,1.0,1,1.0,1,1.0,1,0.21273342161384015,60
4079,0,5407,2939,2468,0,0,0,1.0,1,1.0,1,1.0,1,0.2293897303970379,58
4080,1,5408,2940,2468,0,0,0,1.0,1,1.0,1,1.0,1,0.23542183021445842,56
4081,3,5411,2941,2470,0,0,0,1.0,1,1.0,1,1.0,1,0.21346200548004188,56
4082,1,5412,2941,2471,0,0,0,1.0,1,1.0,1,1.0,1,0.22173656388802065,55
4083,0,5412,2941,2471,0,0,0,1.0,1,1.0,1,1.0,1,0.22173656388802065,55
4084,1,5413,2942,2471,0,0,0,1.0,1,1.0,1,1.0,1,0.23451600242499981,55
4085,3,5416,2943,2473,0,0,0,1.0,1,1.0,1,1.0,1,0.22308362588613737,56
4086,2,5418,2944,2474,0,0,0,1.0,1,1.0,1,1.0,1,0.2252963984638788,57
4087,1,5419,2945,2474,0,0,0,1.0,1,1.0,1,1.0,1,0.22410133024302772,57
4088,1,5420,2945,2475,0,0,0,1.0,1,1.0,1,1.0,1,0.21774117847625102,57
4089,0,5420,2945,2475,0,0,0,1.0,1,1.0,1,1.0,1,0.24108539577799878,56
4090,1,5421,2946,2475,0,0,0,1.0,1,1.0,1,1.0,1,0.26747791430013,56
4091,2,5423,2946,2477,0,0,0,1.0,1,1.0,1,1.0,1,0.26175702014694113,56
4092,2,5425,2946,2479,0,0,0,1.0,1,1.0,1,1.0,1,0.2379381239378864,57
4093,6,5431,2946,2485,0,0,0,1.0,1,1.0,1,1.0,1,0.17064211062655996,58
4094,1,5432,2946,2486,0,0,0,1.0,1,1.0,1,1.0,1,0.15291838328189442,57
4095,1,5433,2946,2487,0,0,0,1.0,1,1.0,1,1.0,1,0.14485030987038522,57
4096,0,5433,2946,2487,0,0,0,1.0,1,1.0,1,1.0,1,0.14886874016339774,59
4097,3,5436,2946,2490,0,0,0,1.0,1,1.0,1,1.0,1,0.12738626381925092,59
4098,0,5436,2946,2490,0,0,0,1.0,1,1.0,1,1.0,1,0.12738626381925092,59
4099,3,5439,2948,2491,0,0,0,1.0,1,1.0,1,1.0,1,0.08995838676517773,60
4100,0,5439,2948,2491,0,0,0,1.0,1,1.0,1,1.0,1,0.08995838676517773,60
4101,1,5440,2949,2491,0,0,0,1.0,1,1.0,1,1.0,1,0.10929062784842399,60
4102,3,5443,2952,2491,0,0,0,1.0,1,1.0,1,1.0,1,0.16741393816946898,60
4103,2,5445,2953,2492,0,0,0,1.0,1,1.0,1,1.0,1,0.19893511621777724,58
4104,3,5448,2954,2494,0,0,0,1.0,1,1.0,1,1.0,1,0.16454983920655467,60
4105,2,5450,2954,2496,0,0,0,1.0,1,1.0,1,1.0,1,0.1428672171435822,59
4106,2,5452,2955,2497,0,0,0,1.0,1,1.0,1,1.0,1,0.14843342451793623,61
4107,0,5452,2955,2497,0,0,0,1.0,1,1.0,1,1.0,1,0.15122221624468835,59
4108,1,5453,2956,2497,0,0,0,1.0,1,1.0,1,1.0,1,0.1456088530634565,60
4109,1,5454,2956,2498,0,0,0,1.0,1,1.0,1,1.0,1,0.13354754273035363,59
4110,1,5455,2957,2498,0,0,0,1.0,1,1.0,1,1.0,1,0.12785450208815616,60
4111,0,5455,2957,2498,0,0,0,1.0,1,1.0,1,1.0,1,0.14838713199921394,61
4112,1,5456,2958,2498,0,0,0,1.0,1,1.0,1,1.0,1,0.159748062253719,60
4113,3,5459,2958,2501,0,0,0,1.0,1,1.0,1,1.0,1,0.09534492460046352,61
4114,0,5459,2958,2501,0,0,0,1.0,1,1.0,1,1.0,1,0.0833554065948589,62
4115,2,5461,2958,2503,0,0,0,1.0,1,1.0,1,1.0,1,0.1013755518716109,60
4116,0,5461,2958,2503,0,0,0,1.0,1,1.0,1,1.0,1,0.09865308560802181,59
4117,4,5465,2960,2505,0,0,0,1.0,1,1.0,1,1.0,1,0.09433866038230922,56
4118,0,5465,2960,2505,0,0,0,1.0,1,1.0,1,1.0,1,0.11364950286218727,55
4119,1,5466,2961,2505,0,0,0,1.0,1,1.0,1,1.0,1,0.14163212658510257,53
4120,2,5468,2963,2505,0,0,0,1.0,1,1.0,1,1.0,1,0.13921051381303784,52
4121,6,5474,2969,2505,0,0,0,1.0,1,1.0,1,1.0,1,0.11526336294662909,53
4122,1,5475,2970,2505,0,0,0,1.0,1,1.0,1,1.0,1,0.14659528685882608,52
4123,4,5479,2973,2506,0,0,0,1.0,1,1.0,1,1.0,1,0.1596703990464763,51
4124,0,5479,2973,2506,0,0,0,1.0,1,1.0,1,1.0,1,0.15537368047272582,51
4125,3,5482,2974,2508,0,0,0,1.0,1,1.0,1,1.0,1,0.14974210956182366,50
4126,2,5484,2975,2509,0,0,0,1.0,1,1.0,1,1.0,1,0.16549719153342157,50
4127,1,5485,2976,2509,0,0,0,1.0,1,1.0,1,1.0,1,0.17297932989366105,49
4128,0,5485,2976,2509,0,0,0,1.0,1,1.0,1,1.0,1,0.17297932989366105,49
4129,1,5486,2976,2510,0,0,0,1.0,1,1.0,1,1.0,1,0.16433657900732263,49
4130,1,5487,2977,2510,0,0,0,1.0,1,1.0,1,1.0,1,0.14288531295491,50
4131,2,5489,2979,2510,0,0,0,1.0,1,1.0,1,1.0,1,0.17915891388064753,50
4132,0,5489,2979,2510,0,0,0,1.0,1,1.0,1,1.0,1,0.17915891388064753,50
4133,3,5492,2982,2510,0,0,0,1.0,1,1.0,1,1.0,1,0.17755504678778986,51
4134,1,5493,2983,2510,0,0,0,1.0,1,1.0,1,1.0,1,0.14876341132438134,53
4135,1,5494,2984,2510,0,0,0,1.0,1,1.0,1,1.0,1,0.16716421377761914,54
4136,0,5494,2984,2510,0,0,0,1.0,1,1.0,1,1.0,1,0.16716421377761914,54
4137,1,5495,2985,2510,0,0,0,1.0,1,1.0,1,1.0,1,0.14319996521986447,55
4138,1,5496,2986,2510,0,0,0,1.0,1,1.0,1,1.0,1,0.15921500870963576,54
4139,1,5497,2987,2510,0,0,0,1.0,1,1.0,1,1.0,1,0.17701873756558367,54
4140,0,5497,2987,2510,0,0,0,1.0,1,1.0,1,1.0,1,0.159698089520946,55
4141,0,5497,2987,2510,0,0,0,1.0,1,1.0,1,1.0,1,0.1600205110020513,55
4142,0,5497,2987,2510,0,0,0,1.0,1,1.0,1,1.0,1,0.1600205110020513,55
4143,2,5499,2987,2512,0,0,0,1.0,1,1.0,1,1.0,1,0.1346194404495955,53
4144,0,5499,2987,2512,0,0,0,1.0,1,1.0,1,1.0,1,0.15418421963663445,52
4145,2,5501,2987,2514,0,0,0,1.0,1,1.0,1,1.0,1,0.1344463217072255,51
4146,4,5505,2990,2515,0,0,0,1.0,1,1.0,1,1.0,1,0.15077546080274146,51
4147,2,5507,2991,2516,0,0,0,1.0,1,1.0,1,1.0,1,0.14800147544206502,50
4148,1,5508,2992,2516,0,0,0,1.0,1,1.0,1,1.0,1,0.1754288959761611,52
4149,0,5508,2992,2516,0,0,0,1.0,1,1.0,1,1.0,1,0.15542069688766727,53
4150,2,5510,2994,2516,0,0,0,1.0,1,1.0,1,1.0,1,0.17516333444976306,53
4151,1,5511,2995,2516,0,0,0,1.0,1,1.0,1,1.0,1,0.18184240588865502,53
4152,1,5512,2996,2516,0,0,0,1.0,1,1.0,1,1.0,1,0.16983842159484902,54
4153,2,5514,2998,2516,0,0,0,1.0,1,1.0,1,1.0,1,0.1962609789233358,51
4154,2,5516,2998,2518,0,0,0,1.0,1,1.0,1,1.0,1,0.1468817101556902,51
4155,2,5518,3000,2518,0,0,0,1.0,1,1.0,1,1.0,1,0.1706649649425517,51
4156,7,5525,3004,2521,0,0,0,1.0,1,1.0,1,1.0,1,0.18677463887733536,52
4157,1,5526,3004,2522,0,0,0,1.0,1,1.0,1,1.0,1,0.16441501071373635,52
4158,1,5527,3005,2522,0,0,0,1.0,1,1.0,1,1.0,1,0.18342752237609392,52
4159,2,5529,3007,2522,0,0,0,1.0,1,1.0,1,1.0,1,0.19030131894328606,52
4160,4,5533,3011,2522,0,0,0,1.0,1,1.0,1,1.0,1,0.22794583761195505,50
4161,2,5535,3012,2523,0,0,0,1.0,1,1.0,1,1.0,1,0.24001008675546218,50
4162,1,5536,3013,2523,0,0,0,1.0,1,1.0,1,1.0,1,0.2599096003976378,51
4163,2,5538,3014,2524,0,0,0,1.0,1,1.0,1,1.0,1,0.24072321452150186,48
4164,2,5540,3016,2524,0,0,0,1.0,1,1.0,1,1.0,1,0.2586087555071758,50
4165,4,5544,3016,2528,0,0,0,1.0,1,1.0,1,1.0,1,0.2085312160540062,49
4166,2,5546,3017,2529,0,0,0,1.0,1,1.0,1,1.0,1,0.2053457486254978,50
4167,0,5546,3017,2529,0,0,0,1.0,1,1.0,1,1.0,1,0.20555844396860665,50
4168,1,5547,3017,2530,0,0,0,1.0,1,1.0,1,1.0,1,0.20338631264853366,50
4169,1,5548,3017,2531,0,0,0,1.0,1,1.0,1,1.0,1,0.19233497426826565,51
4170,0,5548,3017,2531,0,0,0,1.0,1,1.0,1,1.0,1,0.21040521139358442,50
4171,3,5551,3019,2532,0,0,0,1.0,1,1.0,1,1.0,1,0.22411449015842239,50
4172,0,5551,3019,2532,0,0,0,1.0,1,1.0,1,1.0,1,0.23851278489128847,49
4173,4,5555,3019,2536,0,0,0,1.0,1,1.0,1,1.0,1,0.20012846413397925,48
4174,2,5557,3020,2537,0,0,0,1.0,1,1.0,1,1.0,1,0.20700499877379003,48
4175,2,5559,3020,2539,0,0,0,1.0,1,1.0,1,1.0,1,0.18066122500743764,48
4176,1,5560,3020,2540,0,0,0,1.0,1,1.0,1,1.0,1,0.16973867276758758,50
4177,2,5562,3020,2542,0,0,0,1.0,1,1.0,1,1.0,1,0.13682941153675485,52
4178,1,5563,3021,2542,0,0,0,1.0,1,1.0,1,1.0,1,0.14518465101889866,53
4179,1,5564,3021,2543,0,0,0,1.0,1,1.0,1,1.0,1,0.1326045610536509,54
4180,0,5564,3021,2543,0,0,0,1.0,1,1.0,1,1.0,1,0.1341515141023215,55
4181,2,5566,3021,2545,0,0,0,1.0,1,1.0,1,1.0,1,0.09725042122555465,56
4182,0,5566,3021,2545,0,0,0,1.0,1,1.0,1,1.0,1,0.09725042122555465,56
4183,3,5569,3022,2547,0,0,0,1.0,1,1.0,1,1.0,1,0.08387920636119513,57
4184,1,5570,3022,2548,0,0,0,1.0,1,1.0,1,1.0,1,0.08591651901057491,57
4185,0,5570,3022,2548,0,0,0,1.0,1,1.0,1,1.0,1,0.08630630557966294,54
4186,2,5572,3023,2549,0,0,0,1.0,1,1.0,1,1.0,1,0.10430557730029526,55
4187,0,5572,3023,2549,0,0,0,1.0,1,1.0,1,1.0,1,0.10853085236673651,53
4188,1,5573,3023,2550,0,0,0,1.0,1,1.0,1,1.0,1,0.09027496752172366,53
4189,1,5574,3023,2551,0,0,0,1.0,1,1.0,1,1.0,1,0.05790339622667133,53
4190,3,5577,3026,2551,0,0,0,1.0,1,1.0,1,1.0,1,0.0887767735063511,53
4191,1,5578,3027,2551,0,0,0,1.0,1,1.0,1,1.0,1,0.09717677872961711,51
4192,4,5582,3030,2552,0,0,0,1.0,1,1.0,1,1.0,1,0.09427411488285697,51
4193,2,5584,3032,2552,0,0,0,1.0,1,1.0,1,1.0,1,0.09494643330750284,50
4194,1,5585,3033,2552,0,0,0,1.0,1,1.0,1,1.0,1,0.10770378187989824,50
4195,2,5587,3034,2553,0,0,0,1.0,1,1.0,1,1.0,1,0.11323609484234855,50
4196,2,5589,3036,2553,0,0,0,1.0,1,1.0,1,1.0,1,0.11261416649449738,51
4197,3,5592,3037,2555,0,0,0,1.0,1,1.0,1,1.0,1,0.11149452431929481,50
4198,1,5593,3038,2555,0,0,0,1.0,1,1.0,1,1.0,1,0.13109128053804683,48
4199,1,5594,3038,2556,0,0,0,1.0,1,1.0,1,1.0,1,0.16210108124896427,48
4200,0,5594,3038,2556,0,0,0,1.0,1,1.0,1,1.0,1,0.17430867485726367,48
4201,2,5596,3039,2557,0,0,0,1.0,1,1.0,1,1.0,1,0.20371048859304297,47
4202,0,5596,3039,2557,0,0,0,1.0,1,1.0,1,1.0,1,0.20371048859304297,47
4203,0,5596,3039,2557,0,0,0,1.0,1,1.0,1,1.0,1,0.20371048859304297,47
4204,3,5599,3041,2558,0,0,0,1.0,1,1.0,1,1.0,1,0.23789148581520625,48
4205,1,5600,3041,2559,0,0,0,1.0,1,1.0,1,1.0,1,0.20401485691753807,49
4206,1,5601,3042,2559,0,0,0,1.0,1,1.0,1,1.0,1,0.23617987601850374,49
4207,0,5601,3042,2559,0,0,0,1.0,1,1.0,1,1.0,1,0.22547098350774045,48
4208,4,5605,3044,2561,0,0,0,1.0,1,1.0,1,1.0,1,0.20426683287114536,49
4209,3,5608,3046,2562,0,0,0,1.0,1,1.0,1,1.0,1,0.21274597542664536,51
4210,2,5610,3047,2563,0,0,0,1.0,1,1.0,1,1.0,1,0.22913864086587082,52
4211,2,5612,3048,2564,0,0,0,1.0,1,1.0,1,1.0,1,0.22407536683514834,53
4212,1,5613,3048,2565,0,0,0,1.0,1,1.0,1,1.0,1,0.18690819771645956,53
4213,0,5613,3048,2565,0,0,0,1.0,1,1.0,1,1.0,1,0.18775938996708752,54
4214,1,5614,3049,2565,0,0,0,1.0,1,1.0,1,1.0,1,0.19489159103685005,54
4215,0,5614,3049,2565,0,0,0,1.0,1,1.0,1,1.0,1,0.19489159103685005,54
4216,1,5615,3049,2566,0,0,0,1.0,1,1.0,1,1.0,1,0.19100220177079358,53
4217,1,5616,3050,2566,0,0,0,1.0,1,1.0,1,1.0,1,0.21657113747349752,54
4218,3,5619,3051,2568,0,0,0,1.0,1,1.0,1,1.0,1,0.22416843488197188,53
4219,0,5619,3051,2568,0,0,0,1.0,1,1.0,1,1.0,1,0.22416843488197188,53
4220,0,5619,3051,2568,0,0,0,1.0,1,1.0,1,1.0,1,0.23151383468806827,53
4221,1,5620,3052,2568,0,0,0,1.0,1,1.0,1,1.0,1,0.25098597888296026,54
4222,3,5623,3054,2569,0,0,0,1.0,1,1.0,1,1.0,1,0.27466127240064203,55
4223,0,5623,3054,2569,0,0,0,1.0,1,1.0,1,1.0,1,0.28036312649308726,56
4224,0,5623,3054,2569,0,0,0,1.0,1,1.0,1,1.0,1,0.2811021762974805,55
4225,2,5625,3055,2570,0,0,0,1.0,1,1.0,1,1.0,1,0.25925499657553785,53
4226,1,5626,3056,2570,0,0,0,1.0,1,1.0,1,1.0,1,0.2809661709374582,54
4227,0,5626,3056,2570,0,0,0,1.0,1,1.0,1,1.0,1,0.28195362622913367,52
4228,1,5627,3057,2570,0,0,0,1.0,1,1.0,1,1.0,1,0.27027861698320776,51
4229,1,5628,3058,2570,0,0,0,1.0,1,1.0,1,1.0,1,0.2831492775834385,48
4230,2,5630,3059,2571,0,0,0,1.0,1,1.0,1,1.0,1,0.2654858799657198,48
4231,1,5631,3060,2571,0,0,0,1.0,1,1.0,1,1.0,1,0.2530577276724904,48
4232,1,5632,3061,2571,0,0,0,1.0,1,1.0,1,1.0,1,0.231362280718993,48
4233,1,5633,3061,2572,0,0,0,1.0,1,1.0,1,1.0,1,0.18084365149477338,48
4234,0,5633,3061,2572,0,0,0,1.0,1,1.0,1,1.0,1,0.1739549687518739,49
4235,0,5633,3061,2572,0,0,0,1.0,1,1.0,1,1.0,1,0.1695618480972013,47
4236,1,5634,3061,2573,0,0,0,1.0,1,1.0,1,1.0,1,0.12662985687410905,47
4237,1,5635,3061,2574,0,0,0,1.0,1,1.0,1,1.0,1,0.10150718259042434,48
4238,0,5635,3061,2574,0,0,0,1.0,1,1.0,1,1.0,1,0.11711008313874376,47
4239,0,5635,3061,2574,0,0,0,1.0,1,1.0,1,1.0,1,0.1207323574089493,48
4240,1,5636,3062,2574,0,0,0,1.0,1,1.0,1,1.0,1,0.12038645637144339,47
4241,2,5638,3062,2576,0,0,0,1.0,1,1.0,1,1.0,1,0.08459433719972964,49
4242,0,5638,3062,2576,0,0,0,1.0,1,1.0,1,1.0,1,0.08299484706233072,49
4243,2,5640,3063,2577,0,0,0,1.0,1,1.0,1,1.0,1,0.056901492459090396,50
4244,1,5641,3063,2578,0,0,0,1.0,1,1.0,1,1.0,1,0.05967100704529208,51
4245,1,5642,3063,2579,0,0,0,1.0,1,1.0,1,1.0,1,0.06472135110300954,51
4246,0,5642,3063,2579,0,0,0,1.0,1,1.0,1,1.0,1,0.06472135110300954,51
4247,1,5643,3063,2580,0,0,0,1.0,1,1.0,1,1.0,1,0.04692802642387226,52
4248,0,5643,3063,2580,0,0,0,1.0,1,1.0,1,1.0,1,0.04692802642387226,52
4249,0,5643,3063,2580,0,0,0,1.0,1,1.0,1,1.0,1,0.04692802642387226,52
4250,3,5646,3066,2580,0,0,0,1.0,1,1.0,1,1.0,1,0.1077422438058248,52
4251,5,5651,3070,2581,0,0,0,1.0,1,1.0,1,1.0,1,0.09761152078865797,53
4252,5,5656,3074,2582,0,0,0,1.0,1,1.0,1,1.0,1,0.1349680273616915,53
4253,5,5661,3076,2585,0,0,0,1.0,1,1.0,1,1.0,1,0.07997706538454992,54
4254,3,5664,3078,2586,0,0,0,1.0,1,1.0,1,1.0,1,0.08654295604202072,54
4255,1,5665,3079,2586,0,0,0,1.0,1,1.0,1,1.0,1,0.11554213900494703,55
4256,1,5666,3079,2587,0,0,0,1.0,1,1.0,1,1.0,1,0.08392776993855729,57
4257,1,5667,3079,2588,0,0,0,1.0,1,1.0,1,1.0,1,0.07519078440897153,57
4258,0,5667,3079,2588,0,0,0,1.0,1,1.0,1,1.0,1,0.08290010043765363,57
4259,0,5667,3079,2588,0,0,0,1.0,1,1.0,1,1.0,1,0.08290010043765363,57
4260,2,5669,3080,2589,0,0,0,1.0,1,1.0,1,1.0,1,0.08352225002508795,58
4261,3,5672,3081,2591,0,0,0,1.0,1,1.0,1,1.0,1,0.07270484299552758,59
4262,1,5673,3081,2592,0,0,0,1.0,1,1.0,1,1.0,1,0.0557908583887115,60
4263,0,5673,3081,2592,0,0,0,1.0,1,1.0,1,1.0,1,0.052180696411590226,59
4264,0,5673,3081,2592,0,0,0,1.0,1,1.0,1,1.0,1,0.0487693248073688,58
4265,1,5674,3082,2592,0,0,0,1.0,1,1.0,1,1.0,1,0.04055828933995865,58
4266,1,5675,3083,2592,0,0,0,1.0,1,1.0,1,1.0,1,0.040165213764511015,58
4267,0,5675,3083,2592,0,0,0,1.0,1,1.0,1,1.0,1,0.049156773242707015,55
4268,0,5675,3083,2592,0,0,0,1.0,1,1.0,1,1.0,1,0.049156773242707015,55
4269,3,5678,3085,2593,0,0,0,1.0,1,1.0,1,1.0,1,0.06730883333233109,50
4270,0,5678,3085,2593,0,0,0,1.0,1,1.0,1,1.0,1,0.08401531963699571,47
4271,2,5680,3087,2593,0,0,0,1.0,1,1.0,1,1.0,1,0.12672818560325724,47
4272,0,5680,3087,2593,0,0,0,1.0,1,1.0,1,1.0,1,0.11555637513387143,46
4273,6,5686,3089,2597,0,0,0,1.0,1,1.0,1,1.0,1,0.10144846917571278,47
4274,2,5688,3091,2597,0,0,0,1.0,1,1.0,1,1.0,1,0.07948265457036748,45
4275,4,5692,3095,2597,0,0,0,1.0,1,1.0,1,1.0,1,0.1408192824981951,44
4276,3,5695,3098,2597,0,0,0,1.0,1,1.0,1,1.0,1,0.2230443837958311,43
4277,9,5704,3101,2603,0,0,0,1.0,1,1.0,1,1.0,1,0.13044494951427868,42
4278,4,5708,3102,2606,0,0,0,1.0,1,1.0,1,1.0,1,0.09151208781578649,43
4279,2,5710,3104,2606,0,0,0,1.0,1,1.0,1,1.0,1,0.1937704599187348,42
4280,5,5715,3106,2609,0,0,0,1.0,1,1.0,1,1.0,1,0.16355577243493427,44
4281,4,5719,3107,2612,0,0,0,1.0,1,1.0,1,1.0,1,0.09890801482309401,44
4282,1,5720,3107,2613,0,0,0,1.0,1,1.0,1,1.0,1,0.0747659960116003,44
4283,0,5720,3107,2613,0,0,0,1.0,1,1.0,1,1.0,1,0.05226026684347892,45
4284,0,5720,3107,2613,0,0,0,1.0,1,1.0,1,1.0,1,0.05226026684347892,45
4285,0,5720,3107,2613,0,0,0,1.0,1,1.0,1,1.0,1,0.02524738211539968,47
4286,2,5722,3109,2613,0,0,0,1.0,1,1.0,1,1.0,1,0.058455980138441624,47
4287,2,5724,3110,2614,0,0,0,1.0,1,1.0,1,1.0,1,0.0257379183217163,49
4288,0,5724,3110,2614,0,0,0,1.0,1,1.0,1,1.0,1,0.0257379183217163,49
4289,2,5726,3112,2614,0,0,0,1.0,1,1.0,1,1.0,1,0.01942066924264534,50
4290,1,5727,3113,2614,0,0,0,1.0,1,1.0,1,1.0,1,0.025967611265511732,51
4291,1,5728,3114,2614,0,0,0,1.0,1,1.0,1,1.0,1,0.021871649180634833,50
4292,2,5730,3116,2614,0,0,0,1.0,1,1.0,1,1.0,1,0.04699347769357907,51
4293,0,5730,3116,2614,0,0,0,1.0,1,1.0,1,1.0,1,0.03382448726119048,51
4294,0,5730,3116,2614,0,0,0,1.0,1,1.0,1,1.0,1,0.03542000811415666,50
4295,0,5730,3116,2614,0,0,0,1.0,1,1.0,1,1.0,1,0.04245829891668547,50
4296,0,5730,3116,2614,0,0,0,1.0,1,1.0,1,1.0,1,0.05466371713492325,49
4297,1,5731,3116,2615,0,0,0,1.0,1,1.0,1,1.0,1,0.03843591251280246,49
4298,0,5731,3116,2615,0,0,0,1.0,1,1.0,1,1.0,1,0.03843591251280246,49
4299,0,5731,3116,2615,0,0,0,1.0,1,1.0,1,1.0,1,0.049854487649784306,48
4300,1,5732,3117,2615,0,0,0,1.0,1,1.0,1,1.0,1,0.008845015080949184,49
4301,1,5733,3118,2615,0,0,0,1.0,1,1.0,1,1.0,1,0.02421985177799546,50
4302,0,5733,3118,2615,0,0,0,1.0,1,1.0,1,1.0,1,0.02340688462037901,51
4303,1,5734,3119,2615,0,0,0,1.0,1,1.0,1,1.0,1,0.0650947579546285,51
4304,0,5734,3119,2615,0,0,0,1.0,1,1.0,1,1.0,1,0.07960888805632307,51
4305,6,5740,3124,2616,0,0,0,1.0,1,1.0,1,1.0,1,0.07746940716183097,49
4306,2,5742,3125,2617,0,0,0,1.0,1,1.0,1,1.0,1,0.06759172910246884,49
4307,4,5746,3129,2617,0,0,0,1.0,1,1.0,1,1.0,1,0.11893041384743681,46
4308,3,5749,3130,2619,0,0,0,1.0,1,1.0,1,1.0,1,0.09883746903303528,44
4309,6,5755,3133,2622,0,0,0,1.0,1,1.0,1,1.0,1,0.06868559326576537,44
4310,0,5755,3133,2622,0,0,0,1.0,1,1.0,1,1.0,1,0.09049644713815803,42
4311,3,5758,3135,2623,0,0,0,1.0,1,1.0,1,1.0,1,0.08876436203944361,42
4312,0,5758,3135,2623,0,0,0,1.0,1,1.0,1,1.0,1,0.12993207191698627,40
4313,2,5760,3136,2624,0,0,0,1.0,1,1.0,1,1.0,1,0.0841993690355974,40
4314,2,5762,3138,2624,0,0,0,1.0,1,1.0,1,1.0,1,0.10128423602717848,36
4315,1,5763,3139,2624,0,0,0,1.0,1,1.0,1,1.0,1,0.08935216344199498,37
4316,2,5765,3141,2624,0,0,0,1.0,1,1.0,1,1.0,1,0.07610282710653127,37
4317,1,5766,3141,2625,0,0,0,1.0,1,1.0,1,1.0,1,0.06893967433504315,36
4318,1,5767,3142,2625,0,0,0,1.0,1,1.0,1,1.0,1,0.08327747633512055,34
4319,1,5768,3143,2625,0,0,0,1.0,1,1.0,1,1.0,1,0.09040960513023354,34
4320,0,5768,3143,2625,0,0,0,1.0,1,1.0,1,1.0,1,0.09040960513023354,34
4321,2,5770,3144,2626,0,0,0,1.0,1,1.0,1,1.0,1,0.11849208653214328,35
4322,0,5770,3144,2626,0,0,0,1.0,1,1.0,1,1.0,1,0.11849208653214328,35
4323,1,5771,3145,2626,0,0,0,1.0,1,1.0,1,1.0,1,0.17557358285341765,35
4324,0,5771,3145,2626,0,0,0,1.0,1,1.0,1,1.0,1,0.20186017831578373,34
4325,4,5775,3147,2628,0,0,0,1.0,1,1.0,1,1.0,1,0.16079707050249706,34
4326,1,5776,3147,2629,0,0,0,1.0,1,1.0,1,1.0,1,0.16146038790637043,36
4327,0,5776,3147,2629,0,0,0,1.0,1,1.0,1,1.0,1,0.1790839830987288,35
4328,1,5777,3148,2629,0,0,0,1.0,1,1.0,1,1.0,1,0.1668919659580355,35
4329,3,5780,3149,2631,0,0,0,1.0,1,1.0,1,1.0,1,0.09780655721832468,38
4330,2,5782,3151,2631,0,0,0,1.0,1,1.0,1,1.0,1,0.13268572989867533,38
4331,0,5782,3151,2631,0,0,0,1.0,1,1.0,1,1.0,1,0.12439941223926865,39
4332,1,5783,3151,2632,0,0,0,1.0,1,1.0,1,1.0,1,0.15469041614377213,40
4333,0,5783,3151,2632,0,0,0,1.0,1,1.0,1,1.0,1,0.13575727490166428,41
4334,2,5785,3151,2634,0,0,0,1.0,1,1.0,1,1.0,1,0.09492500218780348,41
4335,3,5788,3153,2635,0,0,0,1.0,1,1.0,1,1.0,1,0.05444957947241198,42
4336,0,5788,3153,2635,0,0,0,1.0,1,1.0,1,1.0,1,0.06674437069225142,43
4337,0,5788,3153,2635,0,0,0,1.0,1,1.0,1,1.0,1,0.06166347359095267,44
4338,0,5788,3153,2635,0,0,0,1.0,1,1.0,1,1.0,1,0.06166347359095267,44
4339,1,5789,3153,2636,0,0,0,1.0,1,1.0,1,1.0,1,0.051486988920959154,46
4340,2,5791,3154,2637,0,0,0,1.0,1,1.0,1,1.0,1,0.037703074489383155,47
4341,2,5793,3156,2637,0,0,0,1.0,1,1.0,1,1.0,1,0.05432771851769371,47
4342,0,5793,3156,2637,0,0,0,1.0,1,1.0,1,1.0,1,0.05432771851769371,47
4343,1,5794,3157,2637,0,0,0,1.0,1,1.0,1,1.0,1,0.053511302744637404,42
4344,2,5796,3159,2637,0,0,0,1.0,1,1.0,1,1.0,1,0.07273084697820145,42
4345,0,5796,3159,2637,0,0,0,1.0,1,1.0,1,1.0,1,0.09275469874732127,39
4346,1,5797,3160,2637,0,0,0,1.0,1,1.0,1,1.0,1,0.06675611965450369,37
4347,1,5798,3161,2637,0,0,0,1.0,1,1.0,1,1.0,1,0.12614371089897938,37
4348,3,5801,3163,2638,0,0,0,1.0,1,1.0,1,1.0,1,0.20224602537299016,38
4349,1,5802,3163,2639,0,0,0,1.0,1,1.0,1,1.0,1,0.18529140358754212,36
4350,2,5804,3165,2639,0,0,0,1.0,1,1.0,1,1.0,1,0.24615753402078763,37
4351,0,5804,3165,2639,0,0,0,1.0,1,1.0,1,1.0,1,0.22290711507444444,35
4352,0,5804,3165,2639,0,0,0,1.0,1,1.0,1,1.0,1,0.2511231880555137,34
4353,4,5808,3165,2643,0,0,0,1.0,1,1.0,1,1.0,1,0.1502707049722055,34
4354,0,5808,3165,2643,0,0,0,1.0,1,1.0,1,1.0,1,0.14484396875554453,32
4355,1,5809,3166,2643,0,0,0,1.0,1,1.0,1,1.0,1,0.16414622531318313,32
4356,3,5812,3168,2644,0,0,0,1.0,1,1.0,1,1.0,1,0.13786993556352806,34
4357,2,5814,3168,2646,0,0,0,1.0,1,1.0,1,1.0,1,0.06887148794866524,35
4358,2,5816,3170,2646,0,0,0,1.0,1,1.0,1,1.0,1,0.08503695496197779,35
4359,2,5818,3171,2647,0,0,0,1.0,1,1.0,1,1.0,1,0.12212493035801107,37
4360,1,5819,3171,2648,0,0,0,1.0,1,1.0,1,1.0,1,0.12630942384222596,38
4361,0,5819,3171,2648,0,0,0,1.0,1,1.0,1,1.0,1,0.09729894753445678,39
4362,2,5821,3173,2648,0,0,0,1.0,1,1.0,1,1.0,1,0.1177247432235088,38
4363,2,5823,3174,2649,0,0,0,1.0,1,1.0,1,1.0,1,0.08162144224310383,38
4364,2,5825,3175,2650,0,0,0,1.0,1,1.0,1,1.0,1,0.023692079242935166,39
4365,0,5825,3175,2650,0,0,0,1.0,1,1.0,1,1.0,1,0.023692079242935166,39
4366,1,5826,3176,2650,0,0,0,1.0,1,1.0,1,1.0,1,0.020433334591876847,39
4367,1,5827,3177,2650,0,0,0,1.0,1,1.0,1,1.0,1,0.02302900075956313,41
4368,1,5828,3178,2650,0,0,0,1.0,1,1.0,1,1.0,1,0.06833436734144963,41
4369,0,5828,3178,2650,0,0,0,1.0,1,1.0,1,1.0,1,0.055235331360419145,42
4370,0,5828,3178,2650,0,0,0,1.0,1,1.0,1,1.0,1,0.055235331360419145,42
4371,0,5828,3178,2650,0,0,0,1.0,1,1.0,1,1.0,1,0.04795240634234964,43
4372,0,5828,3178,2650,0,0,0,1.0,1,1.0,1,1.0,1,0.04795240634234964,43
4373,0,5828,3178,2650,0,0,0,1.0,1,1.0,1,1.0,1,0.04795240634234964,43
4374,0,5828,3178,2650,0,0,0,1.0,1,1.0,1,1.0,1,0.047082911036258786,44
4375,5,5833,3181,2652,0,0,0,1.0,1,1.0,1,1.0,1,0.13571564259890373,45
4376,1,5834,3181,2653,0,0,0,1.0,1,1.0,1,1.0,1,0.12319283410690883,46
4377,6,5840,3186,2654,0,0,0,1.0,1,1.0,1,1.0,1,0.1787138975934143,47
4378,1,5841,3186,2655,0,0,0,1.0,1,1.0,1,1.0,1,0.1518192036151744,49
4379,4,5845,3189,2656,0,0,0,1.0,1,1.0,1,1.0,1,0.14004687483864495,51
4380,0,5845,3189,2656,0,0,0,1.0,1,1.0,1,1.0,1,0.1282589331709217,50
4381,2,5847,3190,2657,0,0,0,1.0,1,1.0,1,1.0,1,0.12595432235098522,49
4382,3,5850,3193,2657,0,0,0,1.0,1,1.0,1,1.0,1,0.1768809686871704,47
4383,1,5851,3193,2658,0,0,0,1.0,1,1.0,1,1.0,1,0.1701810394187336,47
4384,0,5851,3193,2658,0,0,0,1.0,1,1.0,1,1.0,1,0.20214601928392303,44
4385,2,5853,3194,2659,0,0,0,1.0,1,1.0,1,1.0,1,0.17360455368424063,42
4386,2,5855,3194,2661,0,0,0,1.0,1,1.0,1,1.0,1,0.20483444475664897,41
4387,2,5857,3196,2661,0,0,0,1.0,1,1.0,1,1.0,1,0.20263799060196527,39
4388,0,5857,3196,2661,0,0,0,1.0,1,1.0,1,1.0,1,0.20263799060196527,39
4389,4,5861,3198,2663,0,0,0,1.0,1,1.0,1,1.0,1,0.14750525562330086,38
4390,1,5862,3198,2664,0,0,0,1.0,1,1.0,1,1.0,1,0.10093814459408385,38
4391,0,5862,3198,2664,0,0,0,1.0,1,1.0,1,1.0,1,0.10176629692797483,39
4392,0,5862,3198,2664,0,0,0,1.0,1,1.0,1,1.0,1,0.10176629692797483,39
4393,3,5865,3199,2666,0,0,0,1.0,1,1.0,1,1.0,1,0.09850287151908202,40
4394,0,5865,3199,2666,0,0,0,1.0,1,1.0,1,1.0,1,0.08428074066909777,39
4395,0,5865,3199,2666,0,0,0,1.0,1,1.0,1,1.0,1,0.08428074066909777,39
4396,1,5866,3200,2666,0,0,0,1.0,1,1.0,1,1.0,1,0.08166124245194142,39
4397,1,5867,3200,2667,0,0,0,1.0,1,1.0,1,1.0,1,0.08481472323461409,38
4398,1,5868,3200,2668,0,0,0,1.0,1,1.0,1,1.0,1,0.05806240688930324,39
4399,0,5868,3200,2668,0,0,0,1.0,1,1.0,1,1.0,1,0.07102847167575836,42
4400,0,5868,3200,2668,0,0,0,1.0,1,1.0,1,1.0,1,0.06442682244349088,43
4401,0,5868,3200,2668,0,0,0,1.0,1,1.0,1,1.0,1,0.051444975519161676,44
4402,0,5868,3200,2668,0,0,0,1.0,1,1.0,1,1.0,1,0.051444975519161676,44
4403,0,5868,3200,2668,0,0,0,1.0,1,1.0,1,1.0,1,0.03904045380112256,45
4404,0,5868,3200,2668,0,0,0,1.0,1,1.0,1,1.0,1,0.03904045380112256,45
4405,0,5868,3200,2668,0,0,0,1.0,1,1.0,1,1.0,1,0.0410706128561499,46
4406,1,5869,3201,2668,0,0,0,1.0,1,1.0,1,1.0,1,0.08041824064872108,46
4407,1,5870,3202,2668,0,0,0,1.0,1,1.0,1,1.0,1,0.11169027010489162,46
4408,0,5870,3202,2668,0,0,0,1.0,1,1.0,1,1.0,1,0.10493032268433138,47
4409,2,5872,3203,2669,0,0,0,1.0,1,1.0,1,1.0,1,0.12794075517752024,48
4410,1,5873,3203,2670,0,0,0,1.0,1,1.0,1,1.0,1,0.11742626544473586,48
4411,1,5874,3203,2671,0,0,0,1.0,1,1.0,1,1.0,1,0.09587670928303804,50
4412,1,5875,3204,2671,0,0,0,1.0,1,1.0,1,1.0,1,0.11737899276528337,50
4413,1,5876,3204,2672,0,0,0,1.0,1,1.0,1,1.0,1,0.11200043461506307,50
4414,1,5877,3204,2673,0,0,0,1.0,1,1.0,1,1.0,1,0.09399863669054681,51
4415,0,5877,3204,2673,0,0,0,1.0,1,1.0,1,1.0,1,0.09399863669054681,51
4416,1,5878,3205,2673,0,0,0,1.0,1,1.0,1,1.0,1,0.1206667124680576,51
4417,2,5880,3207,2673,0,0,0,1.0,1,1.0,1,1.0,1,0.1162154204838694,51
4418,1,5881,3207,2674,0,0,0,1.0,1,1.0,1,1.0,1,0.0801945319462524,51
4419,0,5881,3207,2674,0,0,0,1.0,1,1.0,1,1.0,1,0.06535949890809581,50
4420,0,5881,3207,2674,0,0,0,1.0,1,1.0,1,1.0,1,0.07075894457303115,50
4421,1,5882,3207,2675,0,0,0,1.0,1,1.0,1,1.0,1,0.06231145732111366,52
4422,0,5882,3207,2675,0,0,0,1.0,1,1.0,1,1.0,1,0.06128255540267867,51
4423,0,5882,3207,2675,0,0,0,1.0,1,1.0,1,1.0,1,0.06128255540267867,51
4424,0,5882,3207,2675,0,0,0,1.0,1,1.0,1,1.0,1,0.05877807860652365,53
4425,0,5882,3207,2675,0,0,0,1.0,1,1.0,1,1.0,1,0.051110468684074074,54
4426,1,5883,3208,2675,0,0,0,1.0,1,1.0,1,1.0,1,0.049445204266769474,55
4427,0,5883,3208,2675,0,0,0,1.0,1,1.0,1,1.0,1,0.049445204266769474,55
4428,1,5884,3209,2675,0,0,0,1.0,1,1.0,1,1.0,1,0.041117736022534754,55
4429,0,5884,3209,2675,0,0,0,1.0,1,1.0,1,1.0,1,0.037627121558553196,56
4430,2,5886,3211,2675,0,0,0,1.0,1,1.0,1,1.0,1,0.052910884586116216,55
4431,0,5886,3211,2675,0,0,0,1.0,1,1.0,1,1.0,1,0.05891403744593343,56
4432,1,5887,3212,2675,0,0,0,1.0,1,1.0,1,1.0,1,0.08330712774960398,56
4433,1,5888,3212,2676,0,0,0,1.0,1,1.0,1,1.0,1,0.08253087605678566,57
4434,2,5890,3213,2677,0,0,0,1.0,1,1.0,1,1.0,1,0.05775482165494673,56
4435,1,5891,3214,2677,0,0,0,1.0,1,1.0,1,1.0,1,0.05392224590899943,56
4436,4,5895,3216,2679,0,0,0,1.0,1,1.0,1,1.0,1,0.049860142559542416,55
4437,1,5896,3217,2679,0,0,0,1.0,1,1.0,1,1.0,1,0.0826069115011386,54
4438,3,5899,3218,2681,0,0,0,1.0,1,1.0,1,1.0,1,0.05574798174885487,54
4439,4,5903,3221,2682,0,0,0,1.0,1,1.0,1,1.0,1,0.09724501713353448,55
4440,0,5903,3221,2682,0,0,0,1.0,1,1.0,1,1.0,1,0.09724501713353448,55
4441,4,5907,3224,2683,0,0,0,1.0,1,1.0,1,1.0,1,0.08503557200151024,59
4442,1,5908,3225,2683,0,0,0,1.0,1,1.0,1,1.0,1,0.07154923480041288,61
4443,2,5910,3227,2683,0,0,0,1.0,1,1.0,1,1.0,1,0.0859863958404953,60
4444,0,5910,3227,2683,0,0,0,1.0,1,1.0,1,1.0,1,0.09890661940064557,61
4445,2,5912,3227,2685,0,0,0,1.0,1,1.0,1,1.0,1,0.08626449486584833,61
4446,2,5914,3228,2686,0,0,0,1.0,1,1.0,1,1.0,1,0.07870816149536658,62
4447,0,5914,3228,2686,0,0,0,1.0,1,1.0,1,1.0,1,0.0747400831931261,63
4448,0,5914,3228,2686,0,0,0,1.0,1,1.0,1,1.0,1,0.0747400831931261,63
4449,0,5914,3228,2686,0,0,0,1.0,1,1.0,1,1.0,1,0.0747400831931261,63
4450,0,5914,3228,2686,0,0,0,1.0,1,1.0,1,1.0,1,0.08526055943363783,62
4451,0,5914,3228,2686,0,0,0,1.0,1,1.0,1,1.0,1,0.07378920042011215,63
4452,0,5914,3228,2686,0,0,0,1.0,1,1.0,1,1.0,1,0.08224016177293497,64
4453,2,5916,3228,2688,0,0,0,1.0,1,1.0,1,1.0,1,0.058911293876377634,65
4454,1,5917,3229,2688,0,0,0,1.0,1,1.0,1,1.0,1,0.04783694685907309,66
4455,1,5918,3230,2688,0,0,0,1.0,1,1.0,1,1.0,1,0.07091552802131075,67
4456,2,5920,3232,2688,0,0,0,1.0,1,1.0,1,1.0,1,0.09306508490731683,67
4457,3,5923,3234,2689,0,0,0,1.0,1,1.0,1,1.0,1,0.07484505023483512,65
4458,0,5923,3234,2689,0,0,0,1.0,1,1.0,1,1.0,1,0.06971381555921559,65
4459,3,5926,3237,2689,0,0,0,1.0,1,1.0,1,1.0,1,0.09994305400298013,64
4460,0,5926,3237,2689,0,0,0,1.0,1,1.0,1,1.0,1,0.09693890669302258,63
4461,4,5930,3239,2691,0,0,0,1.0,1,1.0,1,1.0,1,0.12026258560970124,62
4462,3,5933,3241,2692,0,0,0,1.0,1,1.0,1,1.0,1,0.12848995034436853,61
4463,3,5936,3243,2693,0,0,0,1.0,1,1.0,1,1.0,1,0.16939327027022763,61
4464,0,5936,3243,2693,0,0,0,1.0,1,1.0,1,1.0,1,0.17503031287673057,58
4465,5,5941,3244,2697,0,0,0,1.0,1,1.0,1,1.0,1,0.14993534006219394,57
4466,3,5944,3245,2699,0,0,0,1.0,1,1.0,1,1.0,1,0.18067844763801427,54
4467,1,5945,3245,2700,0,0,0,1.0,1,1.0,1,1.0,1,0.14067935214948923,52
4468,1,5946,3246,2700,0,0,0,1.0,1,1.0,1,1.0,1,0.14834250231297175,52
4469,3,5949,3247,2702,0,0,0,1.0,1,1.0,1,1.0,1,0.128914892819598,51
4470,1,5950,3247,2703,0,0,0,1.0,1,1.0,1,1.0,1,0.1112222870754807,51
4471,1,5951,3248,2703,0,0,0,1.0,1,1.0,1,1.0,1,0.13191944720253773,50
4472,0,5951,3248,2703,0,0,0,1.0,1,1.0,1,1.0,1,0.14763714818873755,48
4473,2,5953,3248,2705,0,0,0,1.0,1,1.0,1,1.0,1,0.10604882181760955,47
4474,1,5954,3249,2705,0,0,0,1.0,1,1.0,1,1.0,1,0.11656154216489613,49
4475,1,5955,3249,2706,0,0,0,1.0,1,1.0,1,1.0,1,0.14073449504861776,47
4476,0,5955,3249,2706,0,0,0,1.0,1,1.0,1,1.0,1,0.12270444657948128,49
4477,4,5959,3250,2709,0,0,0,1.0,1,1.0,1,1.0,1,0.1298870583926756,48
4478,1,5960,3250,2710,0,0,0,1.0,1,1.0,1,1.0,1,0.12131291781652381,48
4479,1,5961,3251,2710,0,0,0,1.0,1,1.0,1,1.0,1,0.15156950682302878,48
4480,0,5961,3251,2710,0,0,0,1.0,1,1.0,1,1.0,1,0.15308022862731685,49
4481,3,5964,3251,2713,0,0,0,1.0,1,1.0,1,1.0,1,0.1663458794892212,49
4482,0,5964,3251,2713,0,0,0,1.0,1,1.0,1,1.0,1,0.1663458794892212,49
4483,1,5965,3251,2714,0,0,0,1.0,1,1.0,1,1.0,1,0.1302866541919134,50
4484,2,5967,3253,2714,0,0,0,1.0,1,1.0,1,1.0,1,0.12781120177479835,52
4485,2,5969,3253,2716,0,0,0,1.0,1,1.0,1,1.0,1,0.10677407652870752,53
4486,4,5973,3256,2717,0,0,0,1.0,1,1.0,1,1.0,1,0.09509611720000033,55
4487,3,5976,3258,2718,0,0,0,1.0,1,1.0,1,1.0,1,0.09453486738098689,55
4488,2,5978,3259,2719,0,0,0,1.0,1,1.0,1,1.0,1,0.12454462499185018,54
4489,2,5980,3259,2721,0,0,0,1.0,1,1.0,1,1.0,1,0.11457161860947378,53
4490,0,5980,3259,2721,0,0,0,1.0,1,1.0,1,1.0,1,0.11457161860947378,53
4491,0,5980,3259,2721,0,0,0,1.0,1,1.0,1,1.0,1,0.1302046064947382,52
4492,2,5982,3259,2723,0,0,0,1.0,1,1.0,1,1.0,1,0.1049487756892802,52
4493,1,5983,3260,2723,0,0,0,1.0,1,1.0,1,1.0,1,0.11968273204512858,52
4494,1,5984,3260,2724,0,0,0,1.0,1,1.0,1,1.0,1,0.12279980000439834,53
4495,3,5987,3263,2724,0,0,0,1.0,1,1.0,1,1.0,1,0.14875081771312998,50
4496,1,5988,3264,2724,0,0,0,1.0,1,1.0,1,1.0,1,0.15041474307573993,51
4497,3,5991,3266,2725,0,0,0,1.0,1,1.0,1,1.0,1,0.12786932672462523,50
4498,0,5991,3266,2725,0,0,0,1.0,1,1.0,1,1.0,1,0.11760511489481085,49
4499,1,5992,3267,2725,0,0,0,1.0,1,1.0,1,1.0,1,0.12825994066108068,48
4500,2,5994,3269,2725,0,0,0,1.0,1,1.0,1,1.0,1,0.10590358592524471,48
4501,1,5995,3270,2725,0,0,0,1.0,1,1.0,1,1.0,1,0.09882873920767521,48
4502,2,5997,3272,2725,0,0,0,1.0,1,1.0,1,1.0,1,0.14978308185831496,49
4503,2,5999,3274,2725,0,0,0,1.0,1,1.0,1,1.0,1,0.19869288024514753,49
4504,0,5999,3274,2725,0,0,0,1.0,1,1.0,1,1.0,1,0.19694082409266067,45
4505,1,6000,3275,2725,0,0,0,1.0,1,1.0,1,1.0,1,0.17691241963094512,46
4506,5,6005,3277,2728,0,0,0,1.0,1,1.0,1,1.0,1,0.18240569147457364,45
4507,1,6006,3277,2729,0,0,0,1.0,1,1.0,1,1.0,1,0.1859143018497507,45
4508,2,6008,3278,2730,0,0,0,1.0,1,1.0,1,1.0,1,0.16338994755164196,43
4509,3,6011,3279,2732,0,0,0,1.0,1,1.0,1,1.0,1,0.13275354631708156,41
4510,1,6012,3279,2733,0,0,0,1.0,1,1.0,1,1.0,1,0.13676804172114806,42
4511,2,6014,3280,2734,0,0,0,1.0,1,1.0,1,1.0,1,0.1543206381767684,41
4512,0,6014,3280,2734,0,0,0,1.0,1,1.0,1,1.0,1,0.1543206381767684,41
4513,2,6016,3280,2736,0,0,0,1.0,1,1.0,1,1.0,1,0.11989378391734655,41
4514,3,6019,3282,2737,0,0,0,1.0,1,1.0,1,1.0,1,0.07868184865537291,42
4515,1,6020,3282,2738,0,0,0,1.0,1,1.0,1,1.0,1,0.09566272100208212,41
4516,2,6022,3283,2739,0,0,0,1.0,1,1.0,1,1.0,1,0.11492403695357119,42
4517,0,6022,3283,2739,0,0,0,1.0,1,1.0,1,1.0,1,0.11767768049392129,43
4518,0,6022,3283,2739,0,0,0,1.0,1,1.0,1,1.0,1,0.14072885175717917,42
4519,1,6023,3284,2739,0,0,0,1.0,1,1.0,1,1.0,1,0.18608227394500435,42
4520,3,6026,3284,2742,0,0,0,1.0,1,1.0,1,1.0,1,0.18145203657469927,42
4521,1,6027,3284,2743,0,0,0,1.0,1,1.0,1,1.0,1,0.16732351576367488,42
4522,1,6028,3285,2743,0,0,0,1.0,1,1.0,1,1.0,1,0.1584691775137229,42
4523,0,6028,3285,2743,0,0,0,1.0,1,1.0,1,1.0,1,0.1584691775137229,42
4524,2,6030,3287,2743,0,0,0,1.0,1,1.0,1,1.0,1,0.14538594398128246,43
4525,4,6034,3289,2745,0,0,0,1.0,1,1.0,1,1.0,1,0.06892040916909499,46
4526,3,6037,3292,2745,0,0,0,1.0,1,1.0,1,1.0,1,0.04983268107331473,46
4527,1,6038,3293,2745,0,0,0,1.0,1,1.0,1,1.0,1,0.05276910815322662,47
4528,1,6039,3293,2746,0,0,0,1.0,1,1.0,1,1.0,1,0.04724712273128341,49
4529,1,6040,3294,2746,0,0,0,1.0,1,1.0,1,1.0,1,0.047333610885259135,50
4530,2,6042,3295,2747,0,0,0,1.0,1,1.0,1,1.0,1,0.03210135174104018,51
4531,2,6044,3297,2747,0,0,0,1.0,1,1.0,1,1.0,1,0.05784493498498702,51
4532,0,6044,3297,2747,0,0,0,1.0,1,1.0,1,1.0,1,0.05784493498498702,51
4533,3,6047,3299,2748,0,0,0,1.0,1,1.0,1,1.0,1,0.06268682053631053,50
4534,0,6047,3299,2748,0,0,0,1.0,1,1.0,1,1.0,1,0.08220135339855572,51
4535,3,6050,3301,2749,0,0,0,1.0,1,1.0,1,1.0,1,0.09590328226111686,50
4536,1,6051,3302,2749,0,0,0,1.0,1,1.0,1,1.0,1,0.09079160325937612,48
4537,2,6053,3303,2750,0,0,0,1.0,1,1.0,1,1.0,1,0.12032889316623008,49
4538,0,6053,3303,2750,0,0,0,1.0,1,1.0,1,1.0,1,0.11555430249331997,48
4539,1,6054,3303,2751,0,0,0,1.0,1,1.0,1,1.0,1,0.11865476293884944,50
4540,1,6055,3304,2751,0,0,0,1.0,1,1.0,1,1.0,1,0.09622656551111827,49
4541,1,6056,3304,2752,0,0,0,1.0,1,1.0,1,1.0,1,0.08736442174807528,49
4542,1,6057,3305,2752,0,0,0,1.0,1,1.0,1,1.0,1,0.10447798994075956,47
4543,0,6057,3305,2752,0,0,0,1.0,1,1.0,1,1.0,1,0.11580185259315366,45
4544,1,6058,3306,2752,0,0,0,1.0,1,1.0,1,1.0,1,0.13015059269790785,45
4545,1,6059,3307,2752,0,0,0,1.0,1,1.0,1,1.0,1,0.13351127769538293,43
4546,0,6059,3307,2752,0,0,0,1.0,1,1.0,1,1.0,1,0.13312359615251237,43
4547,1,6060,3308,2752,0,0,0,1.0,1,1.0,1,1.0,1,0.1441079455579124,41
4548,0,6060,3308,2752,0,0,0,1.0,1,1.0,1,1.0,1,0.1372757425505687,42
4549,3,6063,3310,2753,0,0,0,1.0,1,1.0,1,1.0,1,0.10786494493998613,41
4550,3,6066,3312,2754,0,0,0,1.0,1,1.0,1,1.0,1,0.12049768208130611,41
4551,0,6066,3312,2754,0,0,0,1.0,1,1.0,1,1.0,1,0.09874099753651636,39
4552,0,6066,3312,2754,0,0,0,1.0,1,1.0,1,1.0,1,0.1042784041777388,38
4553,0,6066,3312,2754,0,0,0,1.0,1,1.0,1,1.0,1,0.11636702436777681,39
4554,0,6066,3312,2754,0,0,0,1.0,1,1.0,1,1.0,1,0.12363328877623224,38
4555,0,6066,3312,2754,0,0,0,1.0,1,1.0,1,1.0,1,0.13184687708177104,37
4556,4,6070,3315,2755,0,0,0,1.0,1,1.0,1,1.0,1,0.13295650575700368,36
4557,1,6071,3315,2756,0,0,0,1.0,1,1.0,1,1.0,1,0.11339043472969058,38
4558,2,6073,3316,2757,0,0,0,1.0,1,1.0,1,1.0,1,0.1190119114062904,39
4559,3,6076,3318,2758,0,0,0,1.0,1,1.0,1,1.0,1,0.15542297189053578,38
4560,3,6079,3319,2760,0,0,0,1.0,1,1.0,1,1.0,1,0.17874441464725974,41
4561,0,6079,3319,2760,0,0,0,1.0,1,1.0,1,1.0,1,0.17874441464725974,41
4562,3,6082,3320,2762,0,0,0,1.0,1,1.0,1,1.0,1,0.15668016224129927,43
4563,1,6083,3320,2763,0,0,0,1.0,1,1.0,1,1.0,1,0.12570646175845152,42
4564,2,6085,3320,2765,0,0,0,1.0,1,1.0,1,1.0,1,0.11045035025553288,43
4565,0,6085,3320,2765,0,0,0,1.0,1,1.0,1,1.0,1,0.12699496867292498,44
4566,0,6085,3320,2765,0,0,0,1.0,1,1.0,1,1.0,1,0.10392642177622657,45
4567,3,6088,3323,2765,0,0,0,1.0,1,1.0,1,1.0,1,0.13835410781660462,47
4568,2,6090,3324,2766,0,0,0,1.0,1,1.0,1,1.0,1,0.09269155874544122,47
4569,1,6091,3325,2766,0,0,0,1.0,1,1.0,1,1.0,1,0.08521335138170014,49
4570,1,6092,3326,2766,0,0,0,1.0,1,1.0,1,1.0,1,0.10373640190300089,49
4571,2,6094,3328,2766,0,0,0,1.0,1,1.0,1,1.0,1,0.11000480584191197,48
4572,1,6095,3329,2766,0,0,0,1.0,1,1.0,1,1.0,1,0.12292343570724236,48
4573,2,6097,3331,2766,0,0,0,1.0,1,1.0,1,1.0,1,0.15095450719192827,48
4574,2,6099,3333,2766,0,0,0,1.0,1,1.0,1,1.0,1,0.1800528515336816,50
4575,1,6100,3333,2767,0,0,0,1.0,1,1.0,1,1.0,1,0.14539026592839366,51
4576,0,6100,3333,2767,0,0,0,1.0,1,1.0,1,1.0,1,0.1438277885800246,48
4577,1,6101,3333,2768,0,0,0,1.0,1,1.0,1,1.0,1,0.1270683071194664,47
4578,1,6102,3334,2768,0,0,0,1.0,1,1.0,1,1.0,1,0.11984981313938703,46
4579,0,6102,3334,2768,0,0,0,1.0,1,1.0,1,1.0,1,0.11820690555114498,46
4580,0,6102,3334,2768,0,0,0,1.0,1,1.0,1,1.0,1,0.10324518320731627,47
4581,1,6103,3335,2768,0,0,0,1.0,1,1.0,1,1.0,1,0.12846295887896253,47
4582,0,6103,3335,2768,0,0,0,1.0,1,1.0,1,1.0,1,0.131347532850399,48
4583,0,6103,3335,2768,0,0,0,1.0,1,1.0,1,1.0,1,0.131347532850399,48
4584,0,6103,3335,2768,0,0,0,1.0,1,1.0,1,1.0,1,0.13481070752729896,50
4585,2,6105,3336,2769,0,0,0,1.0,1,1.0,1,1.0,1,0.15100396504114053,50
4586,0,6105,3336,2769,0,0,0,1.0,1,1.0,1,1.0,1,0.15100396504114053,50
4587,0,6105,3336,2769,0,0,0,1.0,1,1.0,1,1.0,1,0.15100396504114053,50
4588,0,6105,3336,2769,0,0,0,1.0,1,1.0,1,1.0,1,0.15100396504114053,50
4589,0,6105,3336,2769,0,0,0,1.0,1,1.0,1,1.0,1,0.1472176107803206,52
4590,0,6105,3336,2769,0,0,0,1.0,1,1.0,1,1.0,1,0.1472176107803206,52
4591,1,6106,3336,2770,0,0,0,1.0,1,1.0,1,1.0,1,0.1385361662434742,53
4592,0,6106,3336,2770,0,0,0,1.0,1,1.0,1,1.0,1,0.15213214659568583,54
4593,2,6108,3338,2770,0,0,0,1.0,1,1.0,1,1.0,1,0.1808539150225688,56
4594,0,6108,3338,2770,0,0,0,1.0,1,1.0,1,1.0,1,0.19108774271478468,57
4595,1,6109,3339,2770,0,0,0,1.0,1,1.0,1,1.0,1,0.17285115715943242,56
4596,0,6109,3339,2770,0,0,0,1.0,1,1.0,1,1.0,1,0.17285115715943242,56
4597,2,6111,3341,2770,0,0,0,1.0,1,1.0,1,1.0,1,0.17221465103221045,56
4598,2,6113,3343,2770,0,0,0,1.0,1,1.0,1,1.0,1,0.20232917760415609,57
4599,0,6113,3343,2770,0,0,0,1.0,1,1.0,1,1.0,1,0.17494598089222696,59
4600,0,6113,3343,2770,0,0,0,1.0,1,1.0,1,1.0,1,0.17620748741905845,60
4601,1,6114,3344,2770,0,0,0,1.0,1,1.0,1,1.0,1,0.18521961167324633,60
4602,0,6114,3344,2770,0,0,0,1.0,1,1.0,1,1.0,1,0.17107435877857025,62
4603,0,6114,3344,2770,0,0,0,1.0,1,1.0,1,1.0,1,0.17107435877857025,62
4604,1,6115,3345,2770,0,0,0,1.0,1,1.0,1,1.0,1,0.17224672465971105,63
4605,1,6116,3345,2771,0,0,0,1.0,1,1.0,1,1.0,1,0.1664053122264871,63
4606,0,6116,3345,2771,0,0,0,1.0,1,1.0,1,1.0,1,0.17414139858830338,64
4607,2,6118,3346,2772,0,0,0,1.0,1,1.0,1,1.0,1,0.16761432432206053,65
4608,1,6119,3347,2772,0,0,0,1.0,1,1.0,1,1.0,1,0.18579365358563524,66
4609,1,6120,3348,2772,0,0,0,1.0,1,1.0,1,1.0,1,0.19816218284478104,65
4610,1,6121,3348,2773,0,0,0,1.0,1,1.0,1,1.0,1,0.17066467124619472,63
4611,5,6126,3352,2774,0,0,0,1.0,1,1.0,1,1.0,1,0.19751320355559124,64
4612,1,6127,3352,2775,0,0,0,1.0,1,1.0,1,1.0,1,0.17132146121228134,62
4613,2,6129,3354,2775,0,0,0,1.0,1,1.0,1,1.0,1,0.1853663135625341,63
4614,3,6132,3354,2778,0,0,0,1.0,1,1.0,1,1.0,1,0.1336348350082337,61
4615,1,6133,3355,2778,0,0,0,1.0,1,1.0,1,1.0,1,0.1271521452266743,59
4616,0,6133,3355,2778,0,0,0,1.0,1,1.0,1,1.0,1,0.1238784230263872,58
4617,3,6136,3356,2780,0,0,0,1.0,1,1.0,1,1.0,1,0.12143794296575858,58
4618,4,6140,3357,2783,0,0,0,1.0,1,1.0,1,1.0,1,0.13163199919375895,57
4619,4,6144,3359,2785,0,0,0,1.0,1,1.0,1,1.0,1,0.16121357279603804,57
4620,0,6144,3359,2785,0,0,0,1.0,1,1.0,1,1.0,1,0.16121357279603804,57
4621,3,6147,3360,2787,0,0,0,1.0,1,1.0,1,1.0,1,0.1569713081314779,59
4622,2,6149,3361,2788,0,0,0,1.0,1,1.0,1,1.0,1,0.15968119142141152,60
4623,1,6150,3361,2789,0,0,0,1.0,1,1.0,1,1.0,1,0.16165279199131233,59
4624,2,6152,3363,2789,0,0,0,1.0,1,1.0,1,1.0,1,0.1991999727778281,59
4625,1,6153,3363,2790,0,0,0,1.0,1,1.0,1,1.0,1,0.19544636108644522,57
4626,2,6155,3365,2790,0,0,0,1.0,1,1.0,1,1.0,1,0.21780607528311718,56
4627,2,6157,3365,2792,0,0,0,1.0,1,1.0,1,1.0,1,0.20224786468750824,56
4628,0,6157,3365,2792,0,0,0,1.0,1,1.0,1,1.0,1,0.19565898777093693,56
4629,3,6160,3366,2794,0,0,0,1.0,1,1.0,1,1.0,1,0.22270154097320274,56
4630,0,6160,3366,2794,0,0,0,1.0,1,1.0,1,1.0,1,0.2126208319813504,57
4631,0,6160,3366,2794,0,0,0,1.0,1,1.0,1,1.0,1,0.24896783920465326,56
4632,1,6161,3367,2794,0,0,0,1.0,1,1.0,1,1.0,1,0.2864789374792309,57
4633,1,6162,3367,2795,0,0,0,1.0,1,1.0,1,1.0,1,0.26352816428876624,58
4634,0,6162,3367,2795,0,0,0,1.0,1,1.0,1,1.0,1,0.26352816428876624,58
4635,0,6162,3367,2795,0,0,0,1.0,1,1.0,1,1.0,1,0.2525105750125225,59
4636,0,6162,3367,2795,0,0,0,1.0,1,1.0,1,1.0,1,0.23384707542713554,60
4637,3,6165,3369,2796,0,0,0,1.0,1,1.0,1,1.0,1,0.20671486515714135,60
4638,1,6166,3369,2797,0,0,0,1.0,1,1.0,1,1.0,1,0.2121227110674965,61
4639,3,6169,3370,2799,0,0,0,1.0,1,1.0,1,1.0,1,0.19930800262934922,62
4640,0,6169,3370,2799,0,0,0,1.0,1,1.0,1,1.0,1,0.21055761118703653,63
4641,5,6174,3372,2802,0,0,0,1.0,1,1.0,1,1.0,1,0.17063185744830361,63
4642,0,6174,3372,2802,0,0,0,1.0,1,1.0,1,1.0,1,0.18433155170291673,62
4643,3,6177,3373,2804,0,0,0,1.0,1,1.0,1,1.0,1,0.178802446424582,63
4644,2,6179,3373,2806,0,0,0,1.0,1,1.0,1,1.0,1,0.18053756202046845,62
4645,4,6183,3374,2809,0,0,0,1.0,1,1.0,1,1.0,1,0.17191506026622988,63
4646,4,6187,3376,2811,0,0,0,1.0,1,1.0,1,1.0,1,0.19108672980924057,63
4647,3,6190,3377,2813,0,0,0,1.0,1,1.0,1,1.0,1,0.18654140102646352,62
4648,3,6193,3378,2815,0,0,0,1.0,1,1.0,1,1.0,1,0.19602957210211863,63
4649,2,6195,3378,2817,0,0,0,1.0,1,1.0,1,1.0,1,0.16390275581287556,61
4650,0,6195,3378,2817,0,0,0,1.0,1,1.0,1,1.0,1,0.14039473000898683,63
4651,1,6196,3378,2818,0,0,0,1.0,1,1.0,1,1.0,1,0.1320761471030076,62
4652,0,6196,3378,2818,0,0,0,1.0,1,1.0,1,1.0,1,0.11768994017837099,59
4653,1,6197,3378,2819,0,0,0,1.0,1,1.0,1,1.0,1,0.11170695756389525,60
4654,0,6197,3378,2819,0,0,0,1.0,1,1.0,1,1.0,1,0.11270188798269451,60
4655,1,6198,3379,2819,0,0,0,1.0,1,1.0,1,1.0,1,0.12999446745852977,60
4656,4,6202,3381,2821,0,0,0,1.0,1,1.0,1,1.0,1,0.1678637676891255,61
4657,1,6203,3381,2822,0,0,0,1.0,1,1.0,1,1.0,1,0.1553989734751459,62
4658,2,6205,3383,2822,0,0,0,1.0,1,1.0,1,1.0,1,0.18050700991906285,62
4659,0,6205,3383,2822,0,0,0,1.0,1,1.0,1,1.0,1,0.17106084762052906,61
4660,3,6208,3385,2823,0,0,0,1.0,1,1.0,1,1.0,1,0.22269120835826767,61
4661,0,6208,3385,2823,0,0,0,1.0,1,1.0,1,1.0,1,0.22206041197748713,61
4662,0,6208,3385,2823,0,0,0,1.0,1,1.0,1,1.0,1,0.210548765544529,62
4663,1,6209,3385,2824,0,0,0,1.0,1,1.0,1,1.0,1,0.20778380267415444,61
4664,2,6211,3385,2826,0,0,0,1.0,1,1.0,1,1.0,1,0.2017034724681697,62
4665,1,6212,3385,2827,0,0,0,1.0,1,1.0,1,1.0,1,0.20250549942896662,61
4666,2,6214,3386,2828,0,0,0,1.0,1,1.0,1,1.0,1,0.2048457947759336,61
4667,1,6215,3387,2828,0,0,0,1.0,1,1.0,1,1.0,1,0.2121415015533743,59
4668,2,6217,3388,2829,0,0,0,1.0,1,1.0,1,1.0,1,0.2199910718771618,59
4669,4,6221,3388,2833,0,0,0,1.0,1,1.0,1,1.0,1,0.20917378851777643,58
4670,2,6223,3389,2834,0,0,0,1.0,1,1.0,1,1.0,1,0.20844642977711056,57
4671,0,6223,3389,2834,0,0,0,1.0,1,1.0,1,1.0,1,0.22681631059489413,55
4672,4,6227,3391,2836,0,0,0,1.0,1,1.0,1,1.0,1,0.22280379015468743,56
4673,2,6229,3391,2838,0,0,0,1.0,1,1.0,1,1.0,1,0.18691271038347382,58
4674,2,6231,3392,2839,0,0,0,1.0,1,1.0,1,1.0,1,0.20187811551507873,58
4675,3,6234,3392,2842,0,0,0,1.0,1,1.0,1,1.0,1,0.20673100464582297,57
4676,0,6234,3392,2842,0,0,0,1.0,1,1.0,1,1.0,1,0.21528870148415333,58
4677,2,6236,3392,2844,0,0,0,1.0,1,1.0,1,1.0,1,0.20897129133620165,57
4678,1,6237,3392,2845,0,0,0,1.0,1,1.0,1,1.0,1,0.20246196728343638,57
4679,0,6237,3392,2845,0,0,0,1.0,1,1.0,1,1.0,1,0.20246196728343638,57
4680,1,6238,3392,2846,0,0,0,1.0,1,1.0,1,1.0,1,0.19695543825673167,59
4681,1,6239,3392,2847,0,0,0,1.0,1,1.0,1,1.0,1,0.18862117838440504,60
4682,0,6239,3392,2847,0,0,0,1.0,1,1.0,1,1.0,1,0.18862117838440504,60
4683,4,6243,3393,2850,0,0,0,1.0,1,1.0,1,1.0,1,0.1562285938631283,60
4684,1,6244,3394,2850,0,0,0,1.0,1,1.0,1,1.0,1,0.17577036857158873,60
4685,2,6246,3395,2851,0,0,0,1.0,1,1.0,1,1.0,1,0.17817798207228397,59
4686,3,6249,3397,2852,0,0,0,1.0,1,1.0,1,1.0,1,0.17780889088017057,60
4687,2,6251,3398,2853,0,0,0,1.0,1,1.0,1,1.0,1,0.18151904792185092,59
4688,1,6252,3399,2853,0,0,0,1.0,1,1.0,1,1.0,1,0.20517953671521608,59
4689,3,6255,3400,2855,0,0,0,1.0,1,1.0,1,1.0,1,0.21379961938625922,59
4690,3,6258,3401,2857,0,0,0,1.0,1,1.0,1,1.0,1,0.18326516607687368,58
4691,0,6258,3401,2857,0,0,0,1.0,1,1.0,1,1.0,1,0.1822473429821209,57
4692,0,6258,3401,2857,0,0,0,1.0,1,1.0,1,1.0,1,0.1775646942531707,58
4693,1,6259,3401,2858,0,0,0,1.0,1,1.0,1,1.0,1,0.1685432952193574,57
4694,2,6261,3401,2860,0,0,0,1.0,1,1.0,1,1.0,1,0.14162720219443561,57
4695,1,6262,3401,2861,0,0,0,1.0,1,1.0,1,1.0,1,0.1413321531997143,56
4696,1,6263,3402,2861,0,0,0,1.0,1,1.0,1,1.0,1,0.15586750769738744,57
4697,1,6264,3402,2862,0,0,0,1.0,1,1.0,1,1.0,1,0.13837166417820035,58
4698,2,6266,3402,2864,0,0,0,1.0,1,1.0,1,1.0,1,0.08727149366662697,59
4699,0,6266,3402,2864,0,0,0,1.0,1,1.0,1,1.0,1,0.10054820231400123,58
4700,0,6266,3402,2864,0,0,0,1.0,1,1.0,1,1.0,1,0.08167590810719873,59
4701,0,6266,3402,2864,0,0,0,1.0,1,1.0,1,1.0,1,0.09071773337243258,60
4702,0,6266,3402,2864,0,0,0,1.0,1,1.0,1,1.0,1,0.09912287966395165,61
4703,1,6267,3403,2864,0,0,0,1.0,1,1.0,1,1.0,1,0.12859377589076126,59
4704,2,6269,3403,2866,0,0,0,1.0,1,1.0,1,1.0,1,0.10505742255132346,58
4705,4,6273,3406,2867,0,0,0,1.0,1,1.0,1,1.0,1,0.12307529349702942,58
4706,3,6276,3408,2868,0,0,0,1.0,1,1.0,1,1.0,1,0.1552283074274634,60
4707,0,6276,3408,2868,0,0,0,1.0,1,1.0,1,1.0,1,0.16503585390168493,57
4708,4,6280,3410,2870,0,0,0,1.0,1,1.0,1,1.0,1,0.2032398612836454,57
4709,3,6283,3412,2871,0,0,0,1.0,1,1.0,1,1.0,1,0.23036487465544667,55
4710,2,6285,3413,2872,0,0,0,1.0,1,1.0,1,1.0,1,0.22945851384775479,53
4711,0,6285,3413,2872,0,0,0,1.0,1,1.0,1,1.0,1,0.21802574978150283,52
4712,0,6285,3413,2872,0,0,0,1.0,1,1.0,1,1.0,1,0.21772932582414692,52
4713,3,6288,3414,2874,0,0,0,1.0,1,1.0,1,1.0,1,0.22061014386412833,51
4714,0,6288,3414,2874,0,0,0,1.0,1,1.0,1,1.0,1,0.21995879610126362,50
4715,2,6290,3414,2876,0,0,0,1.0,1,1.0,1,1.0,1,0.17358264401901607,50
4716,1,6291,3415,2876,0,0,0,1.0,1,1.0,1,1.0,1,0.21738589932383817,49
4717,5,6296,3416,2880,0,0,0,1.0,1,1.0,1,1.0,1,0.18076781749720286,49
4718,0,6296,3416,2880,0,0,0,1.0,1,1.0,1,1.0,1,0.18144065505596907,50
4719,1,6297,3416,2881,0,0,0,1.0,1,1.0,1,1.0,1,0.1768396876062441,49
4720,1,6298,3416,2882,0,0,0,1.0,1,1.0,1,1.0,1,0.14481968882248242,49
4721,0,6298,3416,2882,0,0,0,1.0,1,1.0,1,1.0,1,0.13849585374391002,50
4722,1,6299,3416,2883,0,0,0,1.0,1,1.0,1,1.0,1,0.13903559030828305,51
4723,0,6299,3416,2883,0,0,0,1.0,1,1.0,1,1.0,1,0.11818541350122885,50
4724,3,6302,3418,2884,0,0,0,1.0,1,1.0,1,1.0,1,0.13290334398193143,50
4725,1,6303,3418,2885,0,0,0,1.0,1,1.0,1,1.0,1,0.12875305637065348,52
4726,1,6304,3419,2885,0,0,0,1.0,1,1.0,1,1.0,1,0.16114245711776642,51
4727,1,6305,3420,2885,0,0,0,1.0,1,1.0,1,1.0,1,0.1740610246031701,52
4728,2,6307,3421,2886,0,0,0,1.0,1,1.0,1,1.0,1,0.17530310965124873,52
4729,0,6307,3421,2886,0,0,0,1.0,1,1.0,1,1.0,1,0.17530310965124873,52
4730,1,6308,3421,2887,0,0,0,1.0,1,1.0,1,1.0,1,0.17077651274393962,50
4731,3,6311,3424,2887,0,0,0,1.0,1,1.0,1,1.0,1,0.2003525470104249,51
4732,0,6311,3424,2887,0,0,0,1.0,1,1.0,1,1.0,1,0.1996923531797666,52
4733,7,6318,3427,2891,0,0,0,1.0,1,1.0,1,1.0,1,0.2596384056875028,53
4734,2,6320,3427,2893,0,0,0,1.0,1,1.0,1,1.0,1,0.2596384056875028,53
4735,2,6322,3428,2894,0,0,0,1.0,1,1.0,1,1.0,1,0.26020442522675824,53
4736,2,6324,3429,2895,0,0,0,1.0,1,1.0,1,1.0,1,0.28620743558771267,55
4737,1,6325,3429,2896,0,0,0,1.0,1,1.0,1,1.0,1,0.26659325474038303,57
4738,0,6325,3429,2896,0,0,0,1.0,1,1.0,1,1.0,1,0.26659325474038303,57
4739,0,6325,3429,2896,0,0,0,1.0,1,1.0,1,1.0,1,0.26659325474038303,57
4740,1,6326,3429,2897,0,0,0,1.0,1,1.0,1,1.0,1,0.2386523528079779,57
4741,0,6326,3429,2897,0,0,0,1.0,1,1.0,1,1.0,1,0.24489389742409484,58
4742,1,6327,3430,2897,0,0,0,1.0,1,1.0,1,1.0,1,0.2534291176422298,58
4743,1,6328,3430,2898,0,0,0,1.0,1,1.0,1,1.0,1,0.21507528209055374,56
4744,0,6328,3430,2898,0,0,0,1.0,1,1.0,1,1.0,1,0.2048253968084863,57
4745,3,6331,3432,2899,0,0,0,1.0,1,1.0,1,1.0,1,0.19905916319231096,56
4746,1,6332,3433,2899,0,0,0,1.0,1,1.0,1,1.0,1,0.20938240325307514,56
4747,1,6333,3434,2899,0,0,0,1.0,1,1.0,1,1.0,1,0.189693639014463,55
4748,1,6334,3435,2899,0,0,0,1.0,1,1.0,1,1.0,1,0.19845429431421266,55
4749,1,6335,3435,2900,0,0,0,1.0,1,1.0,1,1.0,1,0.1771613454763247,54
4750,1,6336,3436,2900,0,0,0,1.0,1,1.0,1,1.0,1,0.1633598748310553,53
4751,0,6336,3436,2900,0,0,0,1.0,1,1.0,1,1.0,1,0.19389221231771117,53
4752,1,6337,3437,2900,0,0,0,1.0,1,1.0,1,1.0,1,0.1824073820875526,53
4753,0,6337,3437,2900,0,0,0,1.0,1,1.0,1,1.0,1,0.20517835888967842,52
4754,2,6339,3437,2902,0,0,0,1.0,1,1.0,1,1.0,1,0.15477192470778026,52
4755,2,6341,3437,2904,0,0,0,1.0,1,1.0,1,1.0,1,0.11085040275523919,51
4756,3,6344,3437,2907,0,0,0,1.0,1,1.0,1,1.0,1,0.07554639311102038,52
4757,1,6345,3437,2908,0,0,0,1.0,1,1.0,1,1.0,1,0.06858704559069612,51
4758,0,6345,3437,2908,0,0,0,1.0,1,1.0,1,1.0,1,0.06858704559069612,51
4759,0,6345,3437,2908,0,0,0,1.0,1,1.0,1,1.0,1,0.06858704559069612,51
4760,1,6346,3438,2908,0,0,0,1.0,1,1.0,1,1.0,1,0.05261677610901265,52
4761,2,6348,3440,2908,0,0,0,1.0,1,1.0,1,1.0,1,0.060211524217214846,50
4762,7,6355,3445,2910,0,0,0,1.0,1,1.0,1,1.0,1,0.12314247356784024,51
4763,0,6355,3445,2910,0,0,0,1.0,1,1.0,1,1.0,1,0.12314247356784024,51
4764,5,6360,3449,2911,0,0,0,1.0,1,1.0,1,1.0,1,0.161185188570562,53
4765,6,6366,3449,2917,0,0,0,1.0,1,1.0,1,1.0,1,0.05800533853696095,53
4766,1,6367,3450,2917,0,0,0,1.0,1,1.0,1,1.0,1,0.09244518483500926,55
4767,0,6367,3450,2917,0,0,0,1.0,1,1.0,1,1.0,1,0.07357345963351004,56
4768,0,6367,3450,2917,0,0,0,1.0,1,1.0,1,1.0,1,0.05943175841228887,56
4769,1,6368,3451,2917,0,0,0,1.0,1,1.0,1,1.0,1,0.07864639090417355,56
4770,1,6369,3452,2917,0,0,0,1.0,1,1.0,1,1.0,1,0.06095045716972465,56
4771,0,6369,3452,2917,0,0,0,1.0,1,1.0,1,1.0,1,0.07137458751731787,55
4772,1,6370,3453,2917,0,0,0,1.0,1,1.0,1,1.0,1,0.10572495802854347,56
4773,1,6371,3453,2918,0,0,0,1.0,1,1.0,1,1.0,1,0.09561992944869405,56
4774,2,6373,3453,2920,0,0,0,1.0,1,1.0,1,1.0,1,0.05599169163092698,58
4775,0,6373,3453,2920,0,0,0,1.0,1,1.0,1,1.0,1,0.05845531385832596,59
4776,0,6373,3453,2920,0,0,0,1.0,1,1.0,1,1.0,1,0.05845531385832596,59
4777,1,6374,3454,2920,0,0,0,1.0,1,1.0,1,1.0,1,0.0700038505974853,60
4778,0,6374,3454,2920,0,0,0,1.0,1,1.0,1,1.0,1,0.0700038505974853,60
4779,1,6375,3454,2921,0,0,0,1.0,1,1.0,1,1.0,1,0.06446901722100981,61
4780,2,6377,3455,2922,0,0,0,1.0,1,1.0,1,1.0,1,0.05291953622606919,63
4781,1,6378,3456,2922,0,0,0,1.0,1,1.0,1,1.0,1,0.05398370334208634,62
4782,2,6380,3457,2923,0,0,0,1.0,1,1.0,1,1.0,1,0.04301077154223155,63
4783,1,6381,3458,2923,0,0,0,1.0,1,1.0,1,1.0,1,0.04752958053868343,62
4784,0,6381,3458,2923,0,0,0,1.0,1,1.0,1,1.0,1,0.06241931788021394,62
4785,2,6383,3460,2923,0,0,0,1.0,1,1.0,1,1.0,1,0.06550900137461622,62
4786,5,6388,3464,2924,0,0,0,1.0,1,1.0,1,1.0,1,0.053875868790572226,63
4787,1,6389,3465,2924,0,0,0,1.0,1,1.0,1,1.0,1,0.0804469361030414,62
4788,4,6393,3468,2925,0,0,0,1.0,1,1.0,1,1.0,1,0.10861307399305363,62
4789,6,6399,3471,2928,0,0,0,1.0,1,1.0,1,1.0,1,0.07528656160975906,60
4790,3,6402,3474,2928,0,0,0,1.0,1,1.0,1,1.0,1,0.12063421700979957,61
4791,2,6404,3475,2929,0,0,0,1.0,1,1.0,1,1.0,1,0.11794019402204128,60
4792,3,6407,3478,2929,0,0,0,1.0,1,1.0,1,1.0,1,0.12142269908108765,60
4793,6,6413,3479,2934,0,0,0,1.0,1,1.0,1,1.0,1,0.037856417819002786,61
4794,2,6415,3480,2935,0,0,0,1.0,1,1.0,1,1.0,1,0.05124982113736383,59
4795,3,6418,3482,2936,0,0,0,1.0,1,1.0,1,1.0,1,0.042244415462964896,61
4796,0,6418,3482,2936,0,0,0,1.0,1,1.0,1,1.0,1,0.060463447289412116,59
4797,3,6421,3484,2937,0,0,0,1.0,1,1.0,1,1.0,1,0.08527085819320603,58
4798,0,6421,3484,2937,0,0,0,1.0,1,1.0,1,1.0,1,0.08719126814342035,59
4799,0,6421,3484,2937,0,0,0,1.0,1,1.0,1,1.0,1,0.08198160577757453,57
4800,2,6423,3485,2938,0,0,0,1.0,1,1.0,1,1.0,1,0.10889542603234321,58
4801,4,6427,3486,2941,0,0,0,1.0,1,1.0,1,1.0,1,0.08271445556636398,57
4802,0,6427,3486,2941,0,0,0,1.0,1,1.0,1,1.0,1,0.08271445556636398,57
4803,0,6427,3486,2941,0,0,0,1.0,1,1.0,1,1.0,1,0.08057361414317966,56
4804,0,6427,3486,2941,0,0,0,1.0,1,1.0,1,1.0,1,0.08560796542495817,54
4805,3,6430,3487,2943,0,0,0,1.0,1,1.0,1,1.0,1,0.06348628750073733,56
4806,0,6430,3487,2943,0,0,0,1.0,1,1.0,1,1.0,1,0.06078407741728349,55
4807,0,6430,3487,2943,0,0,0,1.0,1,1.0,1,1.0,1,0.05711187148228847,54
4808,0,6430,3487,2943,0,0,0,1.0,1,1.0,1,1.0,1,0.07392343507874684,53
4809,1,6431,3487,2944,0,0,0,1.0,1,1.0,1,1.0,1,0.04111110862554847,53
4810,0,6431,3487,2944,0,0,0,1.0,1,1.0,1,1.0,1,0.06509097007462591,51
4811,3,6434,3489,2945,0,0,0,1.0,1,1.0,1,1.0,1,0.05544229981522206,52
4812,2,6436,3491,2945,0,0,0,1.0,1,1.0,1,1.0,1,0.06145316549033051,52
4813,0,6436,3491,2945,0,0,0,1.0,1,1.0,1,1.0,1,0.06145316549033051,52
4814,2,6438,3493,2945,0,0,0,1.0,1,1.0,1,1.0,1,0.11849430615874497,53
4815,6,6444,3498,2946,0,0,0,1.0,1,1.0,1,1.0,1,0.13987984998329642,54
4816,1,6445,3499,2946,0,0,0,1.0,1,1.0,1,1.0,1,0.1496903913238242,54
4817,7,6452,3501,2951,0,0,0,1.0,1,1.0,1,1.0,1,0.1353843342023738,55
4818,4,6456,3504,2952,0,0,0,1.0,1,1.0,1,1.0,1,0.12117649156626006,55
4819,2,6458,3505,2953,0,0,0,1.0,1,1.0,1,1.0,1,0.10284331229627608,55
4820,1,6459,3505,2954,0,0,0,1.0,1,1.0,1,1.0,1,0.09343001773634405,55
4821,3,6462,3506,2956,0,0,0,1.0,1,1.0,1,1.0,1,0.07389812515430348,55
4822,1,6463,3506,2957,0,0,0,1.0,1,1.0,1,1.0,1,0.06110833162965541,54
4823,1,6464,3507,2957,0,0,0,1.0,1,1.0,1,1.0,1,0.05182232135162369,54
4824,1,6465,3508,2957,0,0,0,1.0,1,1.0,1,1.0,1,0.055532291490378104,55
4825,2,6467,3509,2958,0,0,0,1.0,1,1.0,1,1.0,1,0.08658854777950764,53
4826,1,6468,3509,2959,0,0,0,1.0,1,1.0,1,1.0,1,0.06597236810114726,54
4827,3,6471,3511,2960,0,0,0,1.0,1,1.0,1,1.0,1,0.13071633988343592,53
4828,1,6472,3511,2961,0,0,0,1.0,1,1.0,1,1.0,1,0.10123466763172258,54
4829,2,6474,3511,2963,0,0,0,1.0,1,1.0,1,1.0,1,0.06215827747011093,54
4830,0,6474,3511,2963,0,0,0,1.0,1,1.0,1,1.0,1,0.05749133638947839,53
4831,0,6474,3511,2963,0,0,0,1.0,1,1.0,1,1.0,1,0.06815810992124345,52
4832,0,6474,3511,2963,0,0,0,1.0,1,1.0,1,1.0,1,0.0792153290709733,50
4833,1,6475,3511,2964,0,0,0,1.0,1,1.0,1,1.0,1,0.08696103714637879,51
4834,2,6477,3511,2966,0,0,0,1.0,1,1.0,1,1.0,1,0.08005426297362588,51
4835,0,6477,3511,2966,0,0,0,1.0,1,1.0,1,1.0,1,0.11165830289244508,50
4836,1,6478,3511,2967,0,0,0,1.0,1,1.0,1,1.0,1,0.07364377526783634,50
4837,3,6481,3512,2969,0,0,0,1.0,1,1.0,1,1.0,1,0.0885405811417925,46
4838,3,6484,3514,2970,0,0,0,1.0,1,1.0,1,1.0,1,0.10737801062318825,47
4839,2,6486,3516,2970,0,0,0,1.0,1,1.0,1,1.0,1,0.12726802626348763,45
4840,0,6486,3516,2970,0,0,0,1.0,1,1.0,1,1.0,1,0.12726802626348763,45
4841,4,6490,3517,2973,0,0,0,1.0,1,1.0,1,1.0,1,0.12672311164554959,43
4842,0,6490,3517,2973,0,0,0,1.0,1,1.0,1,1.0,1,0.10517508649930173,43
4843,0,6490,3517,2973,0,0,0,1.0,1,1.0,1,1.0,1,0.1008066337121952,44
4844,0,6490,3517,2973,0,0,0,1.0,1,1.0,1,1.0,1,0.10927555143318256,43
4845,3,6493,3519,2974,0,0,0,1.0,1,1.0,1,1.0,1,0.06985289392492898,44
4846,1,6494,3520,2974,0,0,0,1.0,1,1.0,1,1.0,1,0.0462050033159062,43
4847,1,6495,3521,2974,0,0,0,1.0,1,1.0,1,1.0,1,0.06067494499081363,42
4848,3,6498,3523,2975,0,0,0,1.0,1,1.0,1,1.0,1,0.09851501091342608,41
4849,4,6502,3525,2977,0,0,0,1.0,1,1.0,1,1.0,1,0.0684060544801181,41
4850,0,6502,3525,2977,0,0,0,1.0,1,1.0,1,1.0,1,0.1090944800709578,41
4851,0,6502,3525,2977,0,0,0,1.0,1,1.0,1,1.0,1,0.1090944800709578,41
4852,1,6503,3526,2977,0,0,0,1.0,1,1.0,1,1.0,1,0.13344976848829707,43
4853,0,6503,3526,2977,0,0,0,1.0,1,1.0,1,1.0,1,0.15038974555878817,44
4854,0,6503,3526,2977,0,0,0,1.0,1,1.0,1,1.0,1,0.1413405976391124,45
4855,0,6503,3526,2977,0,0,0,1.0,1,1.0,1,1.0,1,0.14357004333477216,44
4856,0,6503,3526,2977,0,0,0,1.0,1,1.0,1,1.0,1,0.14357004333477216,44
4857,1,6504,3526,2978,0,0,0,1.0,1,1.0,1,1.0,1,0.14175387643680823,44
4858,1,6505,3526,2979,0,0,0,1.0,1,1.0,1,1.0,1,0.13057586221823067,45
4859,1,6506,3526,2980,0,0,0,1.0,1,1.0,1,1.0,1,0.13155006105856698,46
4860,0,6506,3526,2980,0,0,0,1.0,1,1.0,1,1.0,1,0.13155006105856698,46
4861,0,6506,3526,2980,0,0,0,1.0,1,1.0,1,1.0,1,0.11941812959265334,46
4862,1,6507,3526,2981,0,0,0,1.0,1,1.0,1,1.0,1,0.11595157573896331,47
4863,2,6509,3527,2982,0,0,0,1.0,1,1.0,1,1.0,1,0.0803946192865323,47
4864,1,6510,3527,2983,0,0,0,1.0,1,1.0,1,1.0,1,0.07802539926651351,47
4865,0,6510,3527,2983,0,0,0,1.0,1,1.0,1,1.0,1,0.09247107298104351,48
4866,0,6510,3527,2983,0,0,0,1.0,1,1.0,1,1.0,1,0.08163004663191932,49
4867,1,6511,3527,2984,0,0,0,1.0,1,1.0,1,1.0,1,0.07179210459416928,50
4868,1,6512,3528,2984,0,0,0,1.0,1,1.0,1,1.0,1,0.07117185564331846,50
4869,0,6512,3528,2984,0,0,0,1.0,1,1.0,1,1.0,1,0.07117185564331846,50
4870,2,6514,3530,2984,0,0,0,1.0,1,1.0,1,1.0,1,0.0969082690140048,52
4871,0,6514,3530,2984,0,0,0,1.0,1,1.0,1,1.0,1,0.0969082690140048,52
4872,0,6514,3530,2984,0,0,0,1.0,1,1.0,1,1.0,1,0.0778182341804112,53
4873,5,6519,3532,2987,0,0,0,1.0,1,1.0,1,1.0,1,0.08511674492326472,55
4874,2,6521,3533,2988,0,0,0,1.0,1,1.0,1,1.0,1,0.08432396625747637,56
4875,2,6523,3535,2988,0,0,0,1.0,1,1.0,1,1.0,1,0.09354070394247849,55
4876,3,6526,3536,2990,0,0,0,1.0,1,1.0,1,1.0,1,0.10383080916458805,55
4877,4,6530,3538,2992,0,0,0,1.0,1,1.0,1,1.0,1,0.1265052261257012,54
4878,2,6532,3540,2992,0,0,0,1.0,1,1.0,1,1.0,1,0.1500066593034636,53
4879,2,6534,3541,2993,0,0,0,1.0,1,1.0,1,1.0,1,0.1558740551116506,54
4880,2,6536,3542,2994,0,0,0,1.0,1,1.0,1,1.0,1,0.16006113591623794,54
4881,4,6540,3543,2997,0,0,0,1.0,1,1.0,1,1.0,1,0.14806400444395912,53
4882,1,6541,3544,2997,0,0,0,1.0,1,1.0,1,1.0,1,0.15438481779493926,53
4883,0,6541,3544,2997,0,0,0,1.0,1,1.0,1,1.0,1,0.15444817363608107,53
4884,0,6541,3544,2997,0,0,0,1.0,1,1.0,1,1.0,1,0.14080423319766364,51
4885,0,6541,3544,2997,0,0,0,1.0,1,1.0,1,1.0,1,0.13639563148556405,50
4886,1,6542,3545,2997,0,0,0,1.0,1,1.0,1,1.0,1,0.15663633642189065,48
4887,0,6542,3545,2997,0,0,0,1.0,1,1.0,1,1.0,1,0.15663633642189065,48
4888,0,6542,3545,2997,0,0,0,1.0,1,1.0,1,1.0,1,0.15663633642189065,48
4889,1,6543,3545,2998,0,0,0,1.0,1,1.0,1,1.0,1,0.13280866190268964,48
4890,0,6543,3545,2998,0,0,0,1.0,1,1.0,1,1.0,1,0.13166682978691255,49
4891,2,6545,3546,2999,0,0,0,1.0,1,1.0,1,1.0,1,0.14846771785650512,50
4892,1,6546,3546,3000,0,0,0,1.0,1,1.0,1,1.0,1,0.13863296538493974,49
4893,1,6547,3546,3001,0,0,0,1.0,1,1.0,1,1.0,1,0.12947470191499735,50
4894,1,6548,3546,3002,0,0,0,1.0,1,1.0,1,1.0,1,0.107720024588665,51
4895,1,6549,3546,3003,0,0,0,1.0,1,1.0,1,1.0,1,0.11153700884745119,52
4896,1,6550,3546,3004,0,0,0,1.0,1,1.0,1,1.0,1,0.09274859678238419,53
4897,1,6551,3546,3005,0,0,0,1.0,1,1.0,1,1.0,1,0.08477971549994083,53
4898,0,6551,3546,3005,0,0,0,1.0,1,1.0,1,1.0,1,0.08477971549994083,53
4899,2,6553,3547,3006,0,0,0,1.0,1,1.0,1,1.0,1,0.06671471849108773,55
4900,2,6555,3548,3007,0,0,0,1.0,1,1.0,1,1.0,1,0.0801840046277754,55
4901,0,6555,3548,3007,0,0,0,1.0,1,1.0,1,1.0,1,0.0937336561322769,56
4902,2,6557,3549,3008,0,0,0,1.0,1,1.0,1,1.0,1,0.12180162948563664,58
4903,2,6559,3550,3009,0,0,0,1.0,1,1.0,1,1.0,1,0.12900143017400284,58
4904,1,6560,3550,3010,0,0,0,1.0,1,1.0,1,1.0,1,0.11660144589504434,57
4905,3,6563,3551,3012,0,0,0,1.0,1,1.0,1,1.0,1,0.14610552761007284,54
4906,1,6564,3551,3013,0,0,0,1.0,1,1.0,1,1.0,1,0.14937095933818476,55
4907,0,6564,3551,3013,0,0,0,1.0,1,1.0,1,1.0,1,0.164325313028122,52
4908,1,6565,3552,3013,0,0,0,1.0,1,1.0,1,1.0,1,0.1853560675646774,53
4909,2,6567,3552,3015,0,0,0,1.0,1,1.0,1,1.0,1,0.17471478098285426,52
4910,3,6570,3554,3016,0,0,0,1.0,1,1.0,1,1.0,1,0.1958877067527595,53
4911,0,6570,3554,3016,0,0,0,1.0,1,1.0,1,1.0,1,0.1957406378689662,55
4912,3,6573,3556,3017,0,0,0,1.0,1,1.0,1,1.0,1,0.2073862687821716,54
4913,1,6574,3556,3018,0,0,0,1.0,1,1.0,1,1.0,1,0.18919826017948232,53
4914,1,6575,3556,3019,0,0,0,1.0,1,1.0,1,1.0,1,0.16794619208974554,53
4915,1,6576,3556,3020,0,0,0,1.0,1,1.0,1,1.0,1,0.1599114564037554,54
4916,2,6578,3556,3022,0,0,0,1.0,1,1.0,1,1.0,1,0.13013650227733317,52
4917,2,6580,3557,3023,0,0,0,1.0,1,1.0,1,1.0,1,0.11134040544246918,52
4918,1,6581,3557,3024,0,0,0,1.0,1,1.0,1,1.0,1,0.08769837033734046,51
4919,1,6582,3558,3024,0,0,0,1.0,1,1.0,1,1.0,1,0.1267295315634687,50
4920,1,6583,3558,3025,0,0,0,1.0,1,1.0,1,1.0,1,0.10794841276847933,51
4921,0,6583,3558,3025,0,0,0,1.0,1,1.0,1,1.0,1,0.10794841276847933,51
4922,2,6585,3559,3026,0,0,0,1.0,1,1.0,1,1.0,1,0.13561056046064077,53
4923,1,6586,3559,3027,0,0,0,1.0,1,1.0,1,1.0,1,0.12315569789653492,53
4924,0,6586,3559,3027,0,0,0,1.0,1,1.0,1,1.0,1,0.12413301298711316,55
4925,3,6589,3561,3028,0,0,0,1.0,1,1.0,1,1.0,1,0.0926164580256965,56
4926,0,6589,3561,3028,0,0,0,1.0,1,1.0,1,1.0,1,0.07737553616276341,55
4927,3,6592,3563,3029,0,0,0,1.0,1,1.0,1,1.0,1,0.08161839310545806,55
4928,0,6592,3563,3029,0,0,0,1.0,1,1.0,1,1.0,1,0.08161839310545806,55
4929,1,6593,3563,3030,0,0,0,1.0,1,1.0,1,1.0,1,0.07095624622657826,56
4930,1,6594,3563,3031,0,0,0,1.0,1,1.0,1,1.0,1,0.06768746044704121,58
4931,0,6594,3563,3031,0,0,0,1.0,1,1.0,1,1.0,1,0.06309909346661181,59
4932,0,6594,3563,3031,0,0,0,1.0,1,1.0,1,1.0,1,0.0775339739983055,60
4933,2,6596,3564,3032,0,0,0,1.0,1,1.0,1,1.0,1,0.09124994037546555,60
4934,1,6597,3565,3032,0,0,0,1.0,1,1.0,1,1.0,1,0.10947045510066186,60
4935,0,6597,3565,3032,0,0,0,1.0,1,1.0,1,1.0,1,0.10947045510066186,60
4936,1,6598,3566,3032,0,0,0,1.0,1,1.0,1,1.0,1,0.13618760022781207,61
4937,5,6603,3568,3035,0,0,0,1.0,1,1.0,1,1.0,1,0.14619962478021717,62
4938,1,6604,3568,3036,0,0,0,1.0,1,1.0,1,1.0,1,0.13798060476781726,62
4939,3,6607,3570,3037,0,0,0,1.0,1,1.0,1,1.0,1,0.13314852644485417,64
4940,1,6608,3570,3038,0,0,0,1.0,1,1.0,1,1.0,1,0.1316920891662269,67
4941,1,6609,3570,3039,0,0,0,1.0,1,1.0,1,1.0,1,0.13413750135503055,66
4942,2,6611,3570,3041,0,0,0,1.0,1,1.0,1,1.0,1,0.11568357002331514,67
4943,0,6611,3570,3041,0,0,0,1.0,1,1.0,1,1.0,1,0.13278559753010907,65
4944,0,6611,3570,3041,0,0,0,1.0,1,1.0,1,1.0,1,0.13278559753010907,65
4945,3,6614,3570,3044,0,0,0,1.0,1,1.0,1,1.0,1,0.13206942035347674,62
4946,1,6615,3570,3045,0,0,0,1.0,1,1.0,1,1.0,1,0.12889276133504823,61
4947,1,6616,3571,3045,0,0,0,1.0,1,1.0,1,1.0,1,0.14226948158691022,59
4948,1,6617,3572,3045,0,0,0,1.0,1,1.0,1,1.0,1,0.1674190124706863,59
4949,5,6622,3572,3050,0,0,0,1.0,1,1.0,1,1.0,1,0.1290196975762046,57
4950,4,6626,3575,3051,0,0,0,1.0,1,1.0,1,1.0,1,0.1576776503433185,58
4951,3,6629,3578,3051,0,0,0,1.0,1,1.0,1,1.0,1,0.1813455866724114,55
4952,2,6631,3580,3051,0,0,0,1.0,1,1.0,1,1.0,1,0.16743357333299932,53
4953,5,6636,3582,3054,0,0,0,1.0,1,1.0,1,1.0,1,0.16578529984144375,54
4954,0,6636,3582,3054,0,0,0,1.0,1,1.0,1,1.0,1,0.14414579666587068,52
4955,1,6637,3582,3055,0,0,0,1.0,1,1.0,1,1.0,1,0.14163621158976536,51
4956,0,6637,3582,3055,0,0,0,1.0,1,1.0,1,1.0,1,0.13828205250295955,47
4957,3,6640,3582,3058,0,0,0,1.0,1,1.0,1,1.0,1,0.09167204435637921,48
4958,0,6640,3582,3058,0,0,0,1.0,1,1.0,1,1.0,1,0.07884987833524623,47
4959,0,6640,3582,3058,0,0,0,1.0,1,1.0,1,1.0,1,0.07884987833524623,47
4960,0,6640,3582,3058,0,0,0,1.0,1,1.0,1,1.0,1,0.09364794036419669,48
4961,1,6641,3582,3059,0,0,0,1.0,1,1.0,1,1.0,1,0.0746197927015858,49
4962,1,6642,3583,3059,0,0,0,1.0,1,1.0,1,1.0,1,0.07239784390275548,49
4963,1,6643,3583,3060,0,0,0,1.0,1,1.0,1,1.0,1,0.07830079226564396,51
4964,2,6645,3584,3061,0,0,0,1.0,1,1.0,1,1.0,1,0.09574407574841597,51
4965,3,6648,3586,3062,0,0,0,1.0,1,1.0,1,1.0,1,0.11771330401231146,51
4966,2,6650,3587,3063,0,0,0,1.0,1,1.0,1,1.0,1,0.10979542837590069,51
4967,3,6653,3589,3064,0,0,0,1.0,1,1.0,1,1.0,1,0.1450945760843127,51
4968,1,6654,3590,3064,0,0,0,1.0,1,1.0,1,1.0,1,0.12704566621287092,52
4969,3,6657,3590,3067,0,0,0,1.0,1,1.0,1,1.0,1,0.10742341028121892,53
4970,2,6659,3591,3068,0,0,0,1.0,1,1.0,1,1.0,1,0.11748013712770117,54
4971,2,6661,3591,3070,0,0,0,1.0,1,1.0,1,1.0,1,0.10497943095649882,55
4972,2,6663,3592,3071,0,0,0,1.0,1,1.0,1,1.0,1,0.11077931169417587,56
4973,1,6664,3592,3072,0,0,0,1.0,1,1.0,1,1.0,1,0.08436890475795282,57
4974,0,6664,3592,3072,0,0,0,1.0,1,1.0,1,1.0,1,0.10843871435322028,56
4975,2,6666,3593,3073,0,0,0,1.0,1,1.0,1,1.0,1,0.1267273498443756,57
4976,2,6668,3594,3074,0,0,0,1.0,1,1.0,1,1.0,1,0.11018756296156564,57
4977,1,6669,3594,3075,0,0,0,1.0,1,1.0,1,1.0,1,0.10172446420135434,57
4978,1,6670,3595,3075,0,0,0,1.0,1,1.0,1,1.0,1,0.09511174246938141,58
4979,1,6671,3596,3075,0,0,0,1.0,1,1.0,1,1.0,1,0.10622670887256805,58
4980,2,6673,3597,3076,0,0,0,1.0,1,1.0,1,1.0,1,0.11962011944309323,59
4981,4,6677,3598,3079,0,0,0,1.0,1,1.0,1,1.0,1,0.10906037991691837,60
4982,0,6677,3598,3079,0,0,0,1.0,1,1.0,1,1.0,1,0.09651449235184922,61
4983,1,6678,3599,3079,0,0,0,1.0,1,1.0,1,1.0,1,0.07499407189466417,61
4984,0,6678,3599,3079,0,0,0,1.0,1,1.0,1,1.0,1,0.09982410666022018,59
4985,3,6681,3599,3082,0,0,0,1.0,1,1.0,1,1.0,1,0.101572081465818,58
4986,0,6681,3599,3082,0,0,0,1.0,1,1.0,1,1.0,1,0.08536200229973441,59
4987,2,6683,3600,3083,0,0,0,1.0,1,1.0,1,1.0,1,0.11060014843346025,58
4988,1,6684,3600,3084,0,0,0,1.0,1,1.0,1,1.0,1,0.09989385841549735,57
4989,3,6687,3602,3085,0,0,0,1.0,1,1.0,1,1.0,1,0.12720551454801238,54
4990,2,6689,3603,3086,0,0,0,1.0,1,1.0,1,1.0,1,0.11730121692359954,53
4991,4,6693,3606,3087,0,0,0,1.0,1,1.0,1,1.0,1,0.13117272431223947,52
4992,1,6694,3607,3087,0,0,0,1.0,1,1.0,1,1.0,1,0.1608060011305549,48
4993,4,6698,3608,3090,0,0,0,1.0,1,1.0,1,1.0,1,0.12632241396735602,48
4994,2,6700,3609,3091,0,0,0,1.0,1,1.0,1,1.0,1,0.09783438840317635,45
4995,2,6702,3611,3091,0,0,0,1.0,1,1.0,1,1.0,1,0.14315374282960355,45
4996,2,6704,3613,3091,0,0,0,1.0,1,1.0,1,1.0,1,0.0812006951703096,45
4997,3,6707,3614,3093,0,0,0,1.0,1,1.0,1,1.0,1,0.09142337388989738,42
4998,2,6709,3615,3094,0,0,0,1.0,1,1.0,1,1.0,1,0.1138471920496097,44
4999,1,6710,3616,3094,0,0,0,1.0,1,1.0,1,1.0,1,0.1486893869407317,44
5000,1,6711,3617,3094,0,0,0,1.0,1,1.0,1,1.0,1,0.1973391565521303,42
5001,1,6712,3617,3095,0,0,0,1.0,1,1.0,1,1.0,1,0.1775047199585277,42
5002,1,6713,3618,3095,0,0,0,1.0,1,1.0,1,1.0,1,0.18136667586772756,41
5003,2,6715,3619,3096,0,0,0,1.0,1,1.0,1,1.0,1,0.2306909437676113,41
5004,0,6715,3619,3096,0,0,0,1.0,1,1.0,1,1.0,1,0.23818792465648705,41
5005,0,6715,3619,3096,0,0,0,1.0,1,1.0,1,1.0,1,0.23818792465648705,41
5006,0,6715,3619,3096,0,0,0,1.0,1,1.0,1,1.0,1,0.22451188431840705,42
5007,0,6715,3619,3096,0,0,0,1.0,1,1.0,1,1.0,1,0.21881094604451976,43
5008,0,6715,3619,3096,0,0,0,1.0,1,1.0,1,1.0,1,0.19780085905980663,46
5009,0,6715,3619,3096,0,0,0,1.0,1,1.0,1,1.0,1,0.19780085905980663,46
5010,0,6715,3619,3096,0,0,0,1.0,1,1.0,1,1.0,1,0.21163478758102813,46
5011,0,6715,3619,3096,0,0,0,1.0,1,1.0,1,1.0,1,0.20905797881543758,47
5012,0,6715,3619,3096,0,0,0,1.0,1,1.0,1,1.0,1,0.2098359803828741,48
5013,1,6716,3619,3097,0,0,0,1.0,1,1.0,1,1.0,1,0.19290433949240013,48
5014,0,6716,3619,3097,0,0,0,1.0,1,1.0,1,1.0,1,0.18556435233900997,49
5015,2,6718,3619,3099,0,0,0,1.0,1,1.0,1,1.0,1,0.15120950418708137,50
5016,1,6719,3620,3099,0,0,0,1.0,1,1.0,1,1.0,1,0.1905814358869895,51
5017,3,6722,3620,3102,0,0,0,1.0,1,1.0,1,1.0,1,0.14869034191474856,51
5018,0,6722,3620,3102,0,0,0,1.0,1,1.0,1,1.0,1,0.14869034191474856,51
5019,0,6722,3620,3102,0,0,0,1.0,1,1.0,1,1.0,1,0.15556236014491628,51
5020,0,6722,3620,3102,0,0,0,1.0,1,1.0,1,1.0,1,0.15556236014491628,51
5021,2,6724,3620,3104,0,0,0,1.0,1,1.0,1,1.0,1,0.13892008724057572,52
5022,1,6725,3621,3104,0,0,0,1.0,1,1.0,1,1.0,1,0.13653536682532716,52
5023,1,6726,3622,3104,0,0,0,1.0,1,1.0,1,1.0,1,0.14827849943540064,52
5024,0,6726,3622,3104,0,0,0,1.0,1,1.0,1,1.0,1,0.13381546397399624,51
5025,1,6727,3622,3105,0,0,0,1.0,1,1.0,1,1.0,1,0.12372621994375622,50
5026,3,6730,3623,3107,0,0,0,1.0,1,1.0,1,1.0,1,0.1615592910651343,49
5027,1,6731,3624,3107,0,0,0,1.0,1,1.0,1,1.0,1,0.17043036306896434,47
5028,1,6732,3625,3107,0,0,0,1.0,1,1.0,1,1.0,1,0.20682640392676926,47
5029,1,6733,3625,3108,0,0,0,1.0,1,1.0,1,1.0,1,0.16918272005607438,46
5030,1,6734,3626,3108,0,0,0,1.0,1,1.0,1,1.0,1,0.15593418680347904,48
5031,1,6735,3627,3108,0,0,0,1.0,1,1.0,1,1.0,1,0.16841396119378954,46
5032,0,6735,3627,3108,0,0,0,1.0,1,1.0,1,1.0,1,0.16841396119378954,46
5033,2,6737,3628,3109,0,0,0,1.0,1,1.0,1,1.0,1,0.17225389368203417,47
5034,0,6737,3628,3109,0,0,0,1.0,1,1.0,1,1.0,1,0.15572450885200756,48
5035,0,6737,3628,3109,0,0,0,1.0,1,1.0,1,1.0,1,0.1539702549119006,47
5036,0,6737,3628,3109,0,0,0,1.0,1,1.0,1,1.0,1,0.1539702549119006,47
5037,0,6737,3628,3109,0,0,0,1.0,1,1.0,1,1.0,1,0.16209941625027866,47
5038,0,6737,3628,3109,0,0,0,1.0,1,1.0,1,1.0,1,0.17225783200190833,48
5039,1,6738,3629,3109,0,0,0,1.0,1,1.0,1,1.0,1,0.2229441983642565,47
5040,0,6738,3629,3109,0,0,0,1.0,1,1.0,1,1.0,1,0.2155031069545424,48
5041,1,6739,3629,3110,0,0,0,1.0,1,1.0,1,1.0,1,0.1960885780825645,49
5042,0,6739,3629,3110,0,0,0,1.0,1,1.0,1,1.0,1,0.18428231906428208,50
5043,1,6740,3629,3111,0,0,0,1.0,1,1.0,1,1.0,1,0.14945494929839537,51
5044,0,6740,3629,3111,0,0,0,1.0,1,1.0,1,1.0,1,0.14945494929839537,51
5045,1,6741,3629,3112,0,0,0,1.0,1,1.0,1,1.0,1,0.13764222535165538,51
5046,1,6742,3630,3112,0,0,0,1.0,1,1.0,1,1.0,1,0.15799110525844698,52
5047,1,6743,3630,3113,0,0,0,1.0,1,1.0,1,1.0,1,0.13852290886959764,52
5048,1,6744,3630,3114,0,0,0,1.0,1,1.0,1,1.0,1,0.13036982348939863,52
5049,2,6746,3630,3116,0,0,0,1.0,1,1.0,1,1.0,1,0.13921125923335137,52
5050,0,6746,3630,3116,0,0,0,1.0,1,1.0,1,1.0,1,0.13319019754279918,55
5051,1,6747,3630,3117,0,0,0,1.0,1,1.0,1,1.0,1,0.14466956402678202,55
5052,0,6747,3630,3117,0,0,0,1.0,1,1.0,1,1.0,1,0.14466956402678202,55
5053,1,6748,3630,3118,0,0,0,1.0,1,1.0,1,1.0,1,0.14782005872708256,54
5054,2,6750,3631,3119,0,0,0,1.0,1,1.0,1,1.0,1,0.1413946166746446,54
5055,1,6751,3631,3120,0,0,0,1.0,1,1.0,1,1.0,1,0.13557189324899582,54
5056,2,6753,3631,3122,0,0,0,1.0,1,1.0,1,1.0,1,0.12287055253382055,55
5057,1,6754,3631,3123,0,0,0,1.0,1,1.0,1,1.0,1,0.12023441633158904,56
5058,4,6758,3633,3125,0,0,0,1.0,1,1.0,1,1.0,1,0.08314041246321989,58
5059,0,6758,3633,3125,0,0,0,1.0,1,1.0,1,1.0,1,0.08314041246321989,58
5060,4,6762,3636,3126,0,0,0,1.0,1,1.0,1,1.0,1,0.06671544953703605,59
5061,2,6764,3636,3128,0,0,0,1.0,1,1.0,1,1.0,1,0.03292835407356351,58
5062,1,6765,3637,3128,0,0,0,1.0,1,1.0,1,1.0,1,0.016255390051786934,58
5063,3,6768,3640,3128,0,0,0,1.0,1,1.0,1,1.0,1,0.07487633629118408,57
5064,2,6770,3641,3129,0,0,0,1.0,1,1.0,1,1.0,1,0.10428687550560575,57
5065,3,6773,3642,3131,0,0,0,1.0,1,1.0,1,1.0,1,0.10285529852089641,56
5066,2,6775,3644,3131,0,0,0,1.0,1,1.0,1,1.0,1,0.15756557415791944,55
5067,0,6775,3644,3131,0,0,0,1.0,1,1.0,1,1.0,1,0.14472257459621163,54
5068,2,6777,3645,3132,0,0,0,1.0,1,1.0,1,1.0,1,0.1621604114227689,54
5069,2,6779,3646,3133,0,0,0,1.0,1,1.0,1,1.0,1,0.1734266354349293,53
5070,2,6781,3647,3134,0,0,0,1.0,1,1.0,1,1.0,1,0.201080469282409,53
5071,1,6782,3648,3134,0,0,0,1.0,1,1.0,1,1.0,1,0.18355767875379225,53
5072,1,6783,3648,3135,0,0,0,1.0,1,1.0,1,1.0,1,0.16204818672960855,53
5073,3,6786,3649,3137,0,0,0,1.0,1,1.0,1,1.0,1,0.12290427990061226,53
5074,0,6786,3649,3137,0,0,0,1.0,1,1.0,1,1.0,1,0.09984029178495737,52
5075,0,6786,3649,3137,0,0,0,1.0,1,1.0,1,1.0,1,0.09984029178495737,52
5076,0,6786,3649,3137,0,0,0,1.0,1,1.0,1,1.0,1,0.07815974047927493,55
5077,3,6789,3651,3138,0,0,0,1.0,1,1.0,1,1.0,1,0.10983912537359522,55
5078,0,6789,3651,3138,0,0,0,1.0,1,1.0,1,1.0,1,0.10983912537359522,55
5079,0,6789,3651,3138,0,0,0,1.0,1,1.0,1,1.0,1,0.12394367145407434,54
5080,1,6790,3652,3138,0,0,0,1.0,1,1.0,1,1.0,1,0.1378794130816905,55
5081,2,6792,3652,3140,0,0,0,1.0,1,1.0,1,1.0,1,0.13384219044609863,57
5082,0,6792,3652,3140,0,0,0,1.0,1,1.0,1,1.0,1,0.13384219044609863,57
5083,1,6793,3652,3141,0,0,0,1.0,1,1.0,1,1.0,1,0.11696010794432186,58
5084,1,6794,3652,3142,0,0,0,1.0,1,1.0,1,1.0,1,0.10757519513421232,58
5085,1,6795,3652,3143,0,0,0,1.0,1,1.0,1,1.0,1,0.09143121463083718,59
5086,2,6797,3654,3143,0,0,0,1.0,1,1.0,1,1.0,1,0.0728645531212105,60
5087,1,6798,3655,3143,0,0,0,1.0,1,1.0,1,1.0,1,0.0897421757783406,61
5088,3,6801,3657,3144,0,0,0,1.0,1,1.0,1,1.0,1,0.1220325337392321,62
5089,6,6807,3660,3147,0,0,0,1.0,1,1.0,1,1.0,1,0.09772692443590802,63
5090,0,6807,3660,3147,0,0,0,1.0,1,1.0,1,1.0,1,0.09772692443590802,63
5091,3,6810,3663,3147,0,0,0,1.0,1,1.0,1,1.0,1,0.1428570182417552,63
5092,1,6811,3663,3148,0,0,0,1.0,1,1.0,1,1.0,1,0.13003256025602491,63
5093,3,6814,3663,3151,0,0,0,1.0,1,1.0,1,1.0,1,0.10043550321171192,63
5094,2,6816,3664,3152,0,0,0,1.0,1,1.0,1,1.0,1,0.09238643480754646,64
5095,1,6817,3664,3153,0,0,0,1.0,1,1.0,1,1.0,1,0.07649209709872223,64
5096,1,6818,3664,3154,0,0,0,1.0,1,1.0,1,1.0,1,0.05833386929602068,67
5097,4,6822,3665,3157,0,0,0,1.0,1,1.0,1,1.0,1,0.05843667298161853,67
5098,0,6822,3665,3157,0,0,0,1.0,1,1.0,1,1.0,1,0.06077599767075741,68
5099,0,6822,3665,3157,0,0,0,1.0,1,1.0,1,1.0,1,0.06786824254373326,70
5100,0,6822,3665,3157,0,0,0,1.0,1,1.0,1,1.0,1,0.05445309670055814,71
5101,2,6824,3666,3158,0,0,0,1.0,1,1.0,1,1.0,1,0.056985010537571205,71
5102,1,6825,3667,3158,0,0,0,1.0,1,1.0,1,1.0,1,0.06641898035020342,70
5103,1,6826,3668,3158,0,0,0,1.0,1,1.0,1,1.0,1,0.07366636826920356,67
5104,2,6828,3670,3158,0,0,0,1.0,1,1.0,1,1.0,1,0.08267799390917238,67
5105,4,6832,3673,3159,0,0,0,1.0,1,1.0,1,1.0,1,0.09340478312652178,63
5106,1,6833,3674,3159,0,0,0,1.0,1,1.0,1,1.0,1,0.1318069355067482,63
5107,3,6836,3677,3159,0,0,0,1.0,1,1.0,1,1.0,1,0.16613193390041972,60
5108,2,6838,3679,3159,0,0,0,1.0,1,1.0,1,1.0,1,0.20546354263792432,56
5109,7,6845,3680,3165,0,0,0,1.0,1,1.0,1,1.0,1,0.14556630194445525,56
5110,1,6846,3681,3165,0,0,0,1.0,1,1.0,1,1.0,1,0.18335044644299558,52
5111,3,6849,3684,3165,0,0,0,1.0,1,1.0,1,1.0,1,0.2287131630882901,51
5112,1,6850,3684,3166,0,0,0,1.0,1,1.0,1,1.0,1,0.24299043205637313,50
5113,6,6856,3686,3170,0,0,0,1.0,1,1.0,1,1.0,1,0.21253812403021538,48
5114,3,6859,3687,3172,0,0,0,1.0,1,1.0,1,1.0,1,0.16321029205753432,46
5115,0,6859,3687,3172,0,0,0,1.0,1,1.0,1,1.0,1,0.1413948559350356,44
5116,0,6859,3687,3172,0,0,0,1.0,1,1.0,1,1.0,1,0.1441446880577607,44
5117,4,6863,3687,3176,0,0,0,1.0,1,1.0,1,1.0,1,0.08953506627522603,46
5118,0,6863,3687,3176,0,0,0,1.0,1,1.0,1,1.0,1,0.08953506627522603,46
5119,1,6864,3688,3176,0,0,0,1.0,1,1.0,1,1.0,1,0.11235892091685629,46
5120,2,6866,3689,3177,0,0,0,1.0,1,1.0,1,1.0,1,0.13557671695678908,46
5121,2,6868,3690,3178,0,0,0,1.0,1,1.0,1,1.0,1,0.1697229532042272,46
5122,2,6870,3691,3179,0,0,0,1.0,1,1.0,1,1.0,1,0.18392930505355973,46
5123,3,6873,3693,3180,0,0,0,1.0,1,1.0,1,1.0,1,0.1670426933291473,45
5124,2,6875,3694,3181,0,0,0,1.0,1,1.0,1,1.0,1,0.17917471195230872,47
5125,4,6879,3695,3184,0,0,0,1.0,1,1.0,1,1.0,1,0.147961334011481,50
5126,3,6882,3695,3187,0,0,0,1.0,1,1.0,1,1.0,1,0.10765515649069396,50
5127,0,6882,3695,3187,0,0,0,1.0,1,1.0,1,1.0,1,0.11315199417614538,52
5128,1,6883,3695,3188,0,0,0,1.0,1,1.0,1,1.0,1,0.10480483552357905,53
5129,1,6884,3695,3189,0,0,0,1.0,1,1.0,1,1.0,1,0.10009804141145791,55
5130,0,6884,3695,3189,0,0,0,1.0,1,1.0,1,1.0,1,0.10009804141145791,55
5131,0,6884,3695,3189,0,0,0,1.0,1,1.0,1,1.0,1,0.11787955510286585,54
5132,1,6885,3695,3190,0,0,0,1.0,1,1.0,1,1.0,1,0.11732351900905325,54
5133,1,6886,3695,3191,0,0,0,1.0,1,1.0,1,1.0,1,0.10763489993980983,54
5134,0,6886,3695,3191,0,0,0,1.0,1,1.0,1,1.0,1,0.12201647465581757,53
5135,1,6887,3695,3192,0,0,0,1.0,1,1.0,1,1.0,1,0.12449143453364588,54
5136,0,6887,3695,3192,0,0,0,1.0,1,1.0,1,1.0,1,0.15936819866290036,54
5137,2,6889,3696,3193,0,0,0,1.0,1,1.0,1,1.0,1,0.13743107560810985,54
5138,3,6892,3698,3194,0,0,0,1.0,1,1.0,1,1.0,1,0.15546092880920537,54
5139,1,6893,3699,3194,0,0,0,1.0,1,1.0,1,1.0,1,0.13782599600397163,55
5140,4,6897,3702,3195,0,0,0,1.0,1,1.0,1,1.0,1,0.1505737962363325,55
5141,3,6900,3703,3197,0,0,0,1.0,1,1.0,1,1.0,1,0.116540700307414,53
5142,1,6901,3703,3198,0,0,0,1.0,1,1.0,1,1.0,1,0.09527849588604663,54
5143,2,6903,3705,3198,0,0,0,1.0,1,1.0,1,1.0,1,0.13598648356656684,52
5144,0,6903,3705,3198,0,0,0,1.0,1,1.0,1,1.0,1,0.10853634120976,50
5145,2,6905,3705,3200,0,0,0,1.0,1,1.0,1,1.0,1,0.09927048322878974,49
5146,0,6905,3705,3200,0,0,0,1.0,1,1.0,1,1.0,1,0.10151318906010123,49
5147,0,6905,3705,3200,0,0,0,1.0,1,1.0,1,1.0,1,0.113428680110547,46
5148,0,6905,3705,3200,0,0,0,1.0,1,1.0,1,1.0,1,0.09021727276023823,46
5149,1,6906,3705,3201,0,0,0,1.0,1,1.0,1,1.0,1,0.08571296039441172,45
5150,3,6909,3707,3202,0,0,0,1.0,1,1.0,1,1.0,1,0.09245183881395717,47
5151,1,6910,3708,3202,0,0,0,1.0,1,1.0,1,1.0,1,0.13914670246703892,46
5152,4,6914,3710,3204,0,0,0,1.0,1,1.0,1,1.0,1,0.15850701218909224,46
5153,1,6915,3710,3205,0,0,0,1.0,1,1.0,1,1.0,1,0.1591609572382751,45
5154,2,6917,3711,3206,0,0,0,1.0,1,1.0,1,1.0,1,0.17888372310887982,47
5155,3,6920,3712,3208,0,0,0,1.0,1,1.0,1,1.0,1,0.19765310739783815,47
5156,1,6921,3712,3209,0,0,0,1.0,1,1.0,1,1.0,1,0.1711296773761203,47
5157,2,6923,3712,3211,0,0,0,1.0,1,1.0,1,1.0,1,0.163997425119278,46
5158,0,6923,3712,3211,0,0,0,1.0,1,1.0,1,1.0,1,0.15829223085764219,47
5159,2,6925,3712,3213,0,0,0,1.0,1,1.0,1,1.0,1,0.14732556232660704,49
5160,0,6925,3712,3213,0,0,0,1.0,1,1.0,1,1.0,1,0.15486319218665348,48
5161,0,6925,3712,3213,0,0,0,1.0,1,1.0,1,1.0,1,0.15486319218665348,48
5162,1,6926,3712,3214,0,0,0,1.0,1,1.0,1,1.0,1,0.13546148149952178,49
5163,2,6928,3712,3216,0,0,0,1.0,1,1.0,1,1.0,1,0.1243780810315303,51
5164,1,6929,3712,3217,0,0,0,1.0,1,1.0,1,1.0,1,0.11727059499481353,51
5165,2,6931,3712,3219,0,0,0,1.0,1,1.0,1,1.0,1,0.10817993814063692,52
5166,2,6933,3714,3219,0,0,0,1.0,1,1.0,1,1.0,1,0.09749237193300199,52
5167,1,6934,3715,3219,0,0,0,1.0,1,1.0,1,1.0,1,0.10907109573188935,52
5168,0,6934,3715,3219,0,0,0,1.0,1,1.0,1,1.0,1,0.10907109573188935,52
5169,2,6936,3716,3220,0,0,0,1.0,1,1.0,1,1.0,1,0.09430029484464393,53
5170,0,6936,3716,3220,0,0,0,1.0,1,1.0,1,1.0,1,0.09430029484464393,53
5171,0,6936,3716,3220,0,0,0,1.0,1,1.0,1,1.0,1,0.09098948949670409,52
5172,1,6937,3717,3220,0,0,0,1.0,1,1.0,1,1.0,1,0.0815277146723084,53
5173,2,6939,3717,3222,0,0,0,1.0,1,1.0,1,1.0,1,0.08371612207022934,54
5174,2,6941,3717,3224,0,0,0,1.0,1,1.0,1,1.0,1,0.06760202795058244,56
5175,3,6944,3718,3226,0,0,0,1.0,1,1.0,1,1.0,1,0.04673617402699653,58
5176,1,6945,3719,3226,0,0,0,1.0,1,1.0,1,1.0,1,0.07332471046288364,58
5177,1,6946,3719,3227,0,0,0,1.0,1,1.0,1,1.0,1,0.0809709638010936,59
5178,3,6949,3721,3228,0,0,0,1.0,1,1.0,1,1.0,1,0.0825954900491836,57
5179,0,6949,3721,3228,0,0,0,1.0,1,1.0,1,1.0,1,0.09411650756565092,58
5180,0,6949,3721,3228,0,0,0,1.0,1,1.0,1,1.0,1,0.07264016525618525,56
5181,3,6952,3723,3229,0,0,0,1.0,1,1.0,1,1.0,1,0.09951646201385994,57
5182,0,6952,3723,3229,0,0,0,1.0,1,1.0,1,1.0,1,0.09096697027928048,56
5183,2,6954,3725,3229,0,0,0,1.0,1,1.0,1,1.0,1,0.14580735942032882,57
5184,0,6954,3725,3229,0,0,0,1.0,1,1.0,1,1.0,1,0.15087387077740602,56
5185,3,6957,3725,3232,0,0,0,1.0,1,1.0,1,1.0,1,0.14340001002203576,56
5186,2,6959,3726,3233,0,0,0,1.0,1,1.0,1,1.0,1,0.14221786535909944,54
5187,0,6959,3726,3233,0,0,0,1.0,1,1.0,1,1.0,1,0.13401214257904048,51
5188,0,6959,3726,3233,0,0,0,1.0,1,1.0,1,1.0,1,0.1187616395885013,50
5189,1,6960,3726,3234,0,0,0,1.0,1,1.0,1,1.0,1,0.12543756571074985,49
5190,2,6962,3728,3234,0,0,0,1.0,1,1.0,1,1.0,1,0.11302497500047405,50
5191,0,6962,3728,3234,0,0,0,1.0,1,1.0,1,1.0,1,0.11302497500047405,50
5192,2,6964,3730,3234,0,0,0,1.0,1,1.0,1,1.0,1,0.1097505814216884,49
5193,3,6967,3730,3237,0,0,0,1.0,1,1.0,1,1.0,1,0.08126202261426287,50
5194,2,6969,3731,3238,0,0,0,1.0,1,1.0,1,1.0,1,0.09916171283847643,51
5195,1,6970,3732,3238,0,0,0,1.0,1,1.0,1,1.0,1,0.12045649390066344,51
5196,0,6970,3732,3238,0,0,0,1.0,1,1.0,1,1.0,1,0.12045649390066344,51
5197,0,6970,3732,3238,0,0,0,1.0,1,1.0,1,1.0,1,0.12045649390066344,51
5198,0,6970,3732,3238,0,0,0,1.0,1,1.0,1,1.0,1,0.12045649390066344,51
5199,0,6970,3732,3238,0,0,0,1.0,1,1.0,1,1.0,1,0.10149794718570565,54
5200,1,6971,3733,3238,0,0,0,1.0,1,1.0,1,1.0,1,0.10051417716708026,54
5201,2,6973,3735,3238,0,0,0,1.0,1,1.0,1,1.0,1,0.12340352943227373,55
5202,1,6974,3735,3239,0,0,0,1.0,1,1.0,1,1.0,1,0.1206719720836328,56
5203,0,6974,3735,3239,0,0,0,1.0,1,1.0,1,1.0,1,0.1206719720836328,56
5204,1,6975,3736,3239,0,0,0,1.0,1,1.0,1,1.0,1,0.11925886658160086,58
5205,1,6976,3736,3240,0,0,0,1.0,1,1.0,1,1.0,1,0.10513416318673845,58
5206,3,6979,3737,3242,0,0,0,1.0,1,1.0,1,1.0,1,0.08981694181004768,58
5207,0,6979,3737,3242,0,0,0,1.0,1,1.0,1,1.0,1,0.09836660056834719,59
5208,1,6980,3738,3242,0,0,0,1.0,1,1.0,1,1.0,1,0.10552632929972598,58
5209,1,6981,3738,3243,0,0,0,1.0,1,1.0,1,1.0,1,0.09207744618406649,58
5210,1,6982,3738,3244,0,0,0,1.0,1,1.0,1,1.0,1,0.0774532961835046,57
5211,0,6982,3738,3244,0,0,0,1.0,1,1.0,1,1.0,1,0.0774532961835046,57
5212,2,6984,3738,3246,0,0,0,1.0,1,1.0,1,1.0,1,0.07150657627479111,59
5213,3,6987,3740,3247,0,0,0,1.0,1,1.0,1,1.0,1,0.11475456759615697,59
5214,2,6989,3741,3248,0,0,0,1.0,1,1.0,1,1.0,1,0.16212572564445063,59
5215,2,6991,3742,3249,0,0,0,1.0,1,1.0,1,1.0,1,0.19350190759578373,58
5216,1,6992,3743,3249,0,0,0,1.0,1,1.0,1,1.0,1,0.19412975538743757,59
5217,4,6996,3747,3249,0,0,0,1.0,1,1.0,1,1.0,1,0.1610038678176232,58
5218,4,7000,3749,3251,0,0,0,1.0,1,1.0,1,1.0,1,0.1659857493732928,58
5219,1,7001,3750,3251,0,0,0,1.0,1,1.0,1,1.0,1,0.1641455024739252,57
5220,0,7001,3750,3251,0,0,0,1.0,1,1.0,1,1.0,1,0.15133293799567726,56
5221,3,7004,3751,3253,0,0,0,1.0,1,1.0,1,1.0,1,0.1328157946003414,58
5222,0,7004,3751,3253,0,0,0,1.0,1,1.0,1,1.0,1,0.12333374073977248,56
5223,3,7007,3753,3254,0,0,0,1.0,1,1.0,1,1.0,1,0.16281057920726502,55
5224,0,7007,3753,3254,0,0,0,1.0,1,1.0,1,1.0,1,0.16872418031413042,56
5225,3,7010,3754,3256,0,0,0,1.0,1,1.0,1,1.0,1,0.19548622482139133,55
5226,0,7010,3754,3256,0,0,0,1.0,1,1.0,1,1.0,1,0.19548622482139133,55
5227,1,7011,3754,3257,0,0,0,1.0,1,1.0,1,1.0,1,0.1791039985962098,53
5228,0,7011,3754,3257,0,0,0,1.0,1,1.0,1,1.0,1,0.1725922734608704,51
5229,1,7012,3754,3258,0,0,0,1.0,1,1.0,1,1.0,1,0.14342536503837688,51
5230,0,7012,3754,3258,0,0,0,1.0,1,1.0,1,1.0,1,0.1450186726040135,51
5231,1,7013,3755,3258,0,0,0,1.0,1,1.0,1,1.0,1,0.17447855308650953,52
5232,1,7014,3756,3258,0,0,0,1.0,1,1.0,1,1.0,1,0.21680952867615005,52
5233,2,7016,3757,3259,0,0,0,1.0,1,1.0,1,1.0,1,0.2082871664269362,53
5234,3,7019,3758,3261,0,0,0,1.0,1,1.0,1,1.0,1,0.21612078633106638,53
5235,1,7020,3759,3261,0,0,0,1.0,1,1.0,1,1.0,1,0.20890434866749805,53
5236,1,7021,3759,3262,0,0,0,1.0,1,1.0,1,1.0,1,0.20867936261394088,52
5237,4,7025,3759,3266,0,0,0,1.0,1,1.0,1,1.0,1,0.1967243418931376,52
5238,2,7027,3759,3268,0,0,0,1.0,1,1.0,1,1.0,1,0.1756348870960996,52
5239,0,7027,3759,3268,0,0,0,1.0,1,1.0,1,1.0,1,0.19017502373841175,51
5240,1,7028,3759,3269,0,0,0,1.0,1,1.0,1,1.0,1,0.18770029045336323,53
5241,2,7030,3760,3270,0,0,0,1.0,1,1.0,1,1.0,1,0.18076872444836592,53
5242,2,7032,3761,3271,0,0,0,1.0,1,1.0,1,1.0,1,0.16963744081757412,51
5243,3,7035,3762,3273,0,0,0,1.0,1,1.0,1,1.0,1,0.17681906314866092,51
5244,1,7036,3763,3273,0,0,0,1.0,1,1.0,1,1.0,1,0.1787198896716495,52
5245,5,7041,3765,3276,0,0,0,1.0,1,1.0,1,1.0,1,0.1480332301324236,53
5246,0,7041,3765,3276,0,0,0,1.0,1,1.0,1,1.0,1,0.1480332301324236,53
5247,2,7043,3766,3277,0,0,0,1.0,1,1.0,1,1.0,1,0.1311625745966978,54
5248,1,7044,3766,3278,0,0,0,1.0,1,1.0,1,1.0,1,0.11500268636565279,54
5249,0,7044,3766,3278,0,0,0,1.0,1,1.0,1,1.0,1,0.09805896522478233,55
5250,2,7046,3766,3280,0,0,0,1.0,1,1.0,1,1.0,1,0.09890304789222218,57
5251,1,7047,3766,3281,0,0,0,1.0,1,1.0,1,1.0,1,0.07435216994341393,58
5252,2,7049,3768,3281,0,0,0,1.0,1,1.0,1,1.0,1,0.09930574975671896,58
5253,3,7052,3770,3282,0,0,0,1.0,1,1.0,1,1.0,1,0.12981067149333678,58
5254,1,7053,3771,3282,0,0,0,1.0,1,1.0,1,1.0,1,0.1548331421024068,59
5255,3,7056,3773,3283,0,0,0,1.0,1,1.0,1,1.0,1,0.1586966164435422,58
5256,0,7056,3773,3283,0,0,0,1.0,1,1.0,1,1.0,1,0.16527728434643446,58
5257,1,7057,3774,3283,0,0,0,1.0,1,1.0,1,1.0,1,0.18223007468133073,57
5258,1,7058,3774,3284,0,0,0,1.0,1,1.0,1,1.0,1,0.1490714701038466,55
5259,0,7058,3774,3284,0,0,0,1.0,1,1.0,1,1.0,1,0.14425344636132495,56
5260,0,7058,3774,3284,0,0,0,1.0,1,1.0,1,1.0,1,0.14217304130985028,55
5261,1,7059,3774,3285,0,0,0,1.0,1,1.0,1,1.0,1,0.11945045284954417,54
5262,1,7060,3775,3285,0,0,0,1.0,1,1.0,1,1.0,1,0.14277187563327207,54
5263,0,7060,3775,3285,0,0,0,1.0,1,1.0,1,1.0,1,0.15685862853582636,55
5264,2,7062,3776,3286,0,0,0,1.0,1,1.0,1,1.0,1,0.14905715571314732,53
5265,2,7064,3777,3287,0,0,0,1.0,1,1.0,1,1.0,1,0.14403082235366543,52
5266,0,7064,3777,3287,0,0,0,1.0,1,1.0,1,1.0,1,0.16439385257236508,49
5267,3,7067,3779,3288,0,0,0,1.0,1,1.0,1,1.0,1,0.1645252470345189,49
5268,1,7068,3780,3288,0,0,0,1.0,1,1.0,1,1.0,1,0.19727801310874132,46
5269,6,7074,3781,3293,0,0,0,1.0,1,1.0,1,1.0,1,0.12160882862168727,45
5270,2,7076,3782,3294,0,0,0,1.0,1,1.0,1,1.0,1,0.11149981163728827,46
5271,2,7078,3784,3294,0,0,0,1.0,1,1.0,1,1.0,1,0.17886886643788383,46
5272,2,7080,3784,3296,0,0,0,1.0,1,1.0,1,1.0,1,0.13672694130303747,45
5273,3,7083,3784,3299,0,0,0,1.0,1,1.0,1,1.0,1,0.0952826244855346,45
5274,0,7083,3784,3299,0,0,0,1.0,1,1.0,1,1.0,1,0.09168161086467229,45
5275,4,7087,3787,3300,0,0,0,1.0,1,1.0,1,1.0,1,0.13411356400216512,46
5276,4,7091,3790,3301,0,0,0,1.0,1,1.0,1,1.0,1,0.1745448981777978,45
5277,3,7094,3790,3304,0,0,0,1.0,1,1.0,1,1.0,1,0.1345493024985745,45
5278,2,7096,3792,3304,0,0,0,1.0,1,1.0,1,1.0,1,0.16823713138336852,44
5279,1,7097,3793,3304,0,0,0,1.0,1,1.0,1,1.0,1,0.19736861451636847,45
5280,1,7098,3794,3304,0,0,0,1.0,1,1.0,1,1.0,1,0.19120702241648715,46
5281,1,7099,3794,3305,0,0,0,1.0,1,1.0,1,1.0,1,0.18273277220416903,46
5282,2,7101,3795,3306,0,0,0,1.0,1,1.0,1,1.0,1,0.1975480014953933,47
5283,0,7101,3795,3306,0,0,0,1.0,1,1.0,1,1.0,1,0.20934686008095788,48
5284,1,7102,3795,3307,0,0,0,1.0,1,1.0,1,1.0,1,0.19903918608986698,48
5285,1,7103,3795,3308,0,0,0,1.0,1,1.0,1,1.0,1,0.16899963575265264,48
5286,2,7105,3795,3310,0,0,0,1.0,1,1.0,1,1.0,1,0.1529813639169159,50
5287,0,7105,3795,3310,0,0,0,1.0,1,1.0,1,1.0,1,0.1529813639169159,50
5288,0,7105,3795,3310,0,0,0,1.0,1,1.0,1,1.0,1,0.1457079852817558,51
5289,0,7105,3795,3310,0,0,0,1.0,1,1.0,1,1.0,1,0.1457079852817558,51
5290,1,7106,3795,3311,0,0,0,1.0,1,1.0,1,1.0,1,0.13163704122599187,52
5291,2,7108,3797,3311,0,0,0,1.0,1,1.0,1,1.0,1,0.14458687287467994,52
5292,1,7109,3797,3312,0,0,0,1.0,1,1.0,1,1.0,1,0.1406715957153159,53
5293,1,7110,3798,3312,0,0,0,1.0,1,1.0,1,1.0,1,0.1611191493169958,51
5294,0,7110,3798,3312,0,0,0,1.0,1,1.0,1,1.0,1,0.14780636331162084,50
5295,0,7110,3798,3312,0,0,0,1.0,1,1.0,1,1.0,1,0.17209570130919982,49
5296,0,7110,3798,3312,0,0,0,1.0,1,1.0,1,1.0,1,0.1709687820743816,48
5297,0,7110,3798,3312,0,0,0,1.0,1,1.0,1,1.0,1,0.1951708991799946,46
5298,0,7110,3798,3312,0,0,0,1.0,1,1.0,1,1.0,1,0.195904883564313,46
5299,1,7111,3799,3312,0,0,0,1.0,1,1.0,1,1.0,1,0.220834113175591,47
5300,0,7111,3799,3312,0,0,0,1.0,1,1.0,1,1.0,1,0.1984644154327774,48
5301,0,7111,3799,3312,0,0,0,1.0,1,1.0,1,1.0,1,0.1984644154327774,48
5302,1,7112,3800,3312,0,0,0,1.0,1,1.0,1,1.0,1,0.22211518326257346,49
5303,0,7112,3800,3312,0,0,0,1.0,1,1.0,1,1.0,1,0.22137083905823052,48
5304,1,7113,3801,3312,0,0,0,1.0,1,1.0,1,1.0,1,0.20294403336970485,48
5305,0,7113,3801,3312,0,0,0,1.0,1,1.0,1,1.0,1,0.21035302016425977,47
5306,2,7115,3803,3312,0,0,0,1.0,1,1.0,1,1.0,1,0.21265121357857553,48
5307,1,7116,3804,3312,0,0,0,1.0,1,1.0,1,1.0,1,0.22570067732895283,48
5308,1,7117,3804,3313,0,0,0,1.0,1,1.0,1,1.0,1,0.20540886358907012,47
5309,0,7117,3804,3313,0,0,0,1.0,1,1.0,1,1.0,1,0.22075303966618198,46
5310,1,7118,3804,3314,0,0,0,1.0,1,1.0,1,1.0,1,0.21166136477764977,46
5311,2,7120,3805,3315,0,0,0,1.0,1,1.0,1,1.0,1,0.17464278312493373,46
5312,1,7121,3805,3316,0,0,0,1.0,1,1.0,1,1.0,1,0.17927746031714983,46
5313,2,7123,3805,3318,0,0,0,1.0,1,1.0,1,1.0,1,0.1743379051321338,46
5314,1,7124,3805,3319,0,0,0,1.0,1,1.0,1,1.0,1,0.1671450710606501,46
5315,1,7125,3805,3320,0,0,0,1.0,1,1.0,1,1.0,1,0.13846103537956267,47
5316,3,7128,3806,3322,0,0,0,1.0,1,1.0,1,1.0,1,0.13492855348362418,48
5317,2,7130,3806,3324,0,0,0,1.0,1,1.0,1,1.0,1,0.10678785543192117,49
5318,4,7134,3810,3324,0,0,0,1.0,1,1.0,1,1.0,1,0.09321717554917479,49
5319,1,7135,3811,3324,0,0,0,1.0,1,1.0,1,1.0,1,0.11999223530614216,50
5320,1,7136,3812,3324,0,0,0,1.0,1,1.0,1,1.0,1,0.14044639878921317,51
5321,1,7137,3812,3325,0,0,0,1.0,1,1.0,1,1.0,1,0.10844724163627376,52
5322,1,7138,3812,3326,0,0,0,1.0,1,1.0,1,1.0,1,0.09830138174768614,53
5323,1,7139,3813,3326,0,0,0,1.0,1,1.0,1,1.0,1,0.06286892363271415,53
5324,2,7141,3813,3328,0,0,0,1.0,1,1.0,1,1.0,1,0.04729733122956581,55
5325,1,7142,3814,3328,0,0,0,1.0,1,1.0,1,1.0,1,0.05404560937659842,55
5326,2,7144,3816,3328,0,0,0,1.0,1,1.0,1,1.0,1,0.034510122508546154,55
5327,2,7146,3817,3329,0,0,0,1.0,1,1.0,1,1.0,1,0.02995131951986108,56
5328,1,7147,3818,3329,0,0,0,1.0,1,1.0,1,1.0,1,0.037603927054784866,57
5329,2,7149,3819,3330,0,0,0,1.0,1,1.0,1,1.0,1,0.04418225491745862,57
5330,1,7150,3820,3330,0,0,0,1.0,1,1.0,1,1.0,1,0.07122944553771636,56
5331,2,7152,3821,3331,0,0,0,1.0,1,1.0,1,1.0,1,0.05211822905709741,57
5332,0,7152,3821,3331,0,0,0,1.0,1,1.0,1,1.0,1,0.05531449769984388,58
5333,1,7153,3822,3331,0,0,0,1.0,1,1.0,1,1.0,1,0.06444527198672637,59
5334,1,7154,3823,3331,0,0,0,1.0,1,1.0,1,1.0,1,0.07782583334857848,59
5335,0,7154,3823,3331,0,0,0,1.0,1,1.0,1,1.0,1,0.0671731423441872,58
5336,2,7156,3824,3332,0,0,0,1.0,1,1.0,1,1.0,1,0.05802320388662263,59
5337,0,7156,3824,3332,0,0,0,1.0,1,1.0,1,1.0,1,0.053106772058442796,60
5338,2,7158,3826,3332,0,0,0,1.0,1,1.0,1,1.0,1,0.07481844786520961,60
5339,0,7158,3826,3332,0,0,0,1.0,1,1.0,1,1.0,1,0.07481844786520961,60
5340,3,7161,3829,3332,0,0,0,1.0,1,1.0,1,1.0,1,0.11748431590039103,60
5341,4,7165,3830,3335,0,0,0,1.0,1,1.0,1,1.0,1,0.11342758641290243,61
5342,1,7166,3830,3336,0,0,0,1.0,1,1.0,1,1.0,1,0.08979642639165797,59
5343,2,7168,3832,3336,0,0,0,1.0,1,1.0,1,1.0,1,0.11319087443855652,58
5344,0,7168,3832,3336,0,0,0,1.0,1,1.0,1,1.0,1,0.10638861721632682,58
5345,2,7170,3834,3336,0,0,0,1.0,1,1.0,1,1.0,1,0.1059019264725358,54
5346,0,7170,3834,3336,0,0,0,1.0,1,1.0,1,1.0,1,0.1059019264725358,54
5347,5,7175,3839,3336,0,0,0,1.0,1,1.0,1,1.0,1,0.10379288797186341,54
5348,0,7175,3839,3336,0,0,0,1.0,1,1.0,1,1.0,1,0.11679328274064536,55
5349,5,7180,3840,3340,0,0,0,1.0,1,1.0,1,1.0,1,0.10564323923317005,56
5350,1,7181,3840,3341,0,0,0,1.0,1,1.0,1,1.0,1,0.12275979923253197,56
5351,0,7181,3840,3341,0,0,0,1.0,1,1.0,1,1.0,1,0.10730392587770043,57
5352,1,7182,3841,3341,0,0,0,1.0,1,1.0,1,1.0,1,0.1306350909542323,57
5353,4,7186,3842,3344,0,0,0,1.0,1,1.0,1,1.0,1,0.08516956614020357,57
5354,0,7186,3842,3344,0,0,0,1.0,1,1.0,1,1.0,1,0.0920890741792485,56
5355,0,7186,3842,3344,0,0,0,1.0,1,1.0,1,1.0,1,0.08524262144567098,57
5356,0,7186,3842,3344,0,0,0,1.0,1,1.0,1,1.0,1,0.09764263784263308,56
5357,1,7187,3842,3345,0,0,0,1.0,1,1.0,1,1.0,1,0.1104086792194683,56
5358,1,7188,3842,3346,0,0,0,1.0,1,1.0,1,1.0,1,0.08399210310795967,57
5359,1,7189,3843,3346,0,0,0,1.0,1,1.0,1,1.0,1,0.09584226606137114,57
5360,0,7189,3843,3346,0,0,0,1.0,1,1.0,1,1.0,1,0.11793118505265333,55
5361,5,7194,3846,3348,0,0,0,1.0,1,1.0,1,1.0,1,0.1359850672984496,56
5362,0,7194,3846,3348,0,0,0,1.0,1,1.0,1,1.0,1,0.12294910099134009,57
5363,1,7195,3847,3348,0,0,0,1.0,1,1.0,1,1.0,1,0.14429435223761786,57
5364,0,7195,3847,3348,0,0,0,1.0,1,1.0,1,1.0,1,0.1537309133395822,58
5365,0,7195,3847,3348,0,0,0,1.0,1,1.0,1,1.0,1,0.13770363077768094,59
5366,2,7197,3848,3349,0,0,0,1.0,1,1.0,1,1.0,1,0.14563661273277573,60
5367,1,7198,3849,3349,0,0,0,1.0,1,1.0,1,1.0,1,0.16788858221558922,60
5368,0,7198,3849,3349,0,0,0,1.0,1,1.0,1,1.0,1,0.1618477117783179,58
5369,2,7200,3851,3349,0,0,0,1.0,1,1.0,1,1.0,1,0.1705650689900877,58
5370,0,7200,3851,3349,0,0,0,1.0,1,1.0,1,1.0,1,0.16490914302863985,57
5371,3,7203,3854,3349,0,0,0,1.0,1,1.0,1,1.0,1,0.2225607727444991,56
5372,1,7204,3855,3349,0,0,0,1.0,1,1.0,1,1.0,1,0.1957112250597198,55
5373,6,7210,3859,3351,0,0,0,1.0,1,1.0,1,1.0,1,0.22116797897306442,54
5374,1,7211,3860,3351,0,0,0,1.0,1,1.0,1,1.0,1,0.21079678387654394,53
5375,4,7215,3862,3353,0,0,0,1.0,1,1.0,1,1.0,1,0.18423010244229,52
5376,2,7217,3864,3353,0,0,0,1.0,1,1.0,1,1.0,1,0.20630399204487576,52
5377,4,7221,3865,3356,0,0,0,1.0,1,1.0,1,1.0,1,0.15388704631947203,51
5378,3,7224,3867,3357,0,0,0,1.0,1,1.0,1,1.0,1,0.20817392914827854,52
5379,0,7224,3867,3357,0,0,0,1.0,1,1.0,1,1.0,1,0.18846017587678815,50
5380,1,7225,3868,3357,0,0,0,1.0,1,1.0,1,1.0,1,0.22334927020986645,51
5381,3,7228,3869,3359,0,0,0,1.0,1,1.0,1,1.0,1,0.20119750937948788,50
5382,0,7228,3869,3359,0,0,0,1.0,1,1.0,1,1.0,1,0.20971930465917157,48
5383,0,7228,3869,3359,0,0,0,1.0,1,1.0,1,1.0,1,0.21027979615307216,48
5384,3,7231,3870,3361,0,0,0,1.0,1,1.0,1,1.0,1,0.17674148308345713,48
5385,1,7232,3870,3362,0,0,0,1.0,1,1.0,1,1.0,1,0.1735807050971012,47
5386,6,7238,3874,3364,0,0,0,1.0,1,1.0,1,1.0,1,0.16420740004400625,48
5387,1,7239,3875,3364,0,0,0,1.0,1,1.0,1,1.0,1,0.17097462438430866,48
5388,0,7239,3875,3364,0,0,0,1.0,1,1.0,1,1.0,1,0.17097462438430866,48
5389,2,7241,3875,3366,0,0,0,1.0,1,1.0,1,1.0,1,0.12553748639578616,50
5390,2,7243,3876,3367,0,0,0,1.0,1,1.0,1,1.0,1,0.1296166463136182,52
5391,1,7244,3876,3368,0,0,0,1.0,1,1.0,1,1.0,1,0.10923526706341669,52
5392,0,7244,3876,3368,0,0,0,1.0,1,1.0,1,1.0,1,0.12720080694328173,51
5393,1,7245,3877,3368,0,0,0,1.0,1,1.0,1,1.0,1,0.13802025663963083,50
5394,0,7245,3877,3368,0,0,0,1.0,1,1.0,1,1.0,1,0.13577836089578602,50
5395,2,7247,3878,3369,0,0,0,1.0,1,1.0,1,1.0,1,0.15064474300825656,49
5396,0,7247,3878,3369,0,0,0,1.0,1,1.0,1,1.0,1,0.15658079882944897,48
5397,5,7252,3879,3373,0,0,0,1.0,1,1.0,1,1.0,1,0.0943431932316357,48
5398,1,7253,3880,3373,0,0,0,1.0,1,1.0,1,1.0,1,0.13788498024344958,46
5399,3,7256,3883,3373,0,0,0,1.0,1,1.0,1,1.0,1,0.15277858312232567,46
5400,2,7258,3885,3373,0,0,0,1.0,1,1.0,1,1.0,1,0.17422191457485817,48
5401,3,7261,3885,3376,0,0,0,1.0,1,1.0,1,1.0,1,0.09036029361930538,49
5402,0,7261,3885,3376,0,0,0,1.0,1,1.0,1,1.0,1,0.0,0
