,SuccessfulHandoverCount,TotalSuccessfulHandoverCount,TotalSuccessfulHandoverCountRange,TotalSuccessfulHandoverCountLoadBalancing,TotalSuccessfulHandoverCountOverload,FailedHandoverCount,TotalFailedHandoverCount,AvgQoS,MinQoS,AvgQoS_LoadBased,MinQoS_LoadBased,AvgQoS_RangeBased,MinQoS_RangeBased,GiniLoad,VehicleCount
0,0,0,0,0,0,0,0,1.0,1,1.0,1,1.0,1,0.0,0
1,14,14,0,14,0,0,0,1.0,1,1.0,1,1.0,1,0.17914486793509235,26
2,11,25,0,25,0,0,0,1.0,1,1.0,1,1.0,1,0.0877328818033471,27
3,7,32,0,32,0,0,0,1.0,1,1.0,1,1.0,1,0.0496452199194441,28
4,12,44,0,44,0,0,0,1.0,1,1.0,1,1.0,1,0.07696510794267118,29
5,8,52,0,52,0,0,0,1.0,1,1.0,1,1.0,1,0.1006315499694059,29
6,6,58,0,58,0,0,0,1.0,1,1.0,1,1.0,1,0.12911101076049306,32
7,5,63,0,63,0,0,0,1.0,1,1.0,1,1.0,1,0.06791211056163107,33
8,9,72,0,72,0,0,0,1.0,1,1.0,1,1.0,1,0.11971137267425182,35
9,5,77,0,77,0,0,0,1.0,1,1.0,1,1.0,1,0.14010851647622377,35
10,7,84,0,84,0,0,0,1.0,1,1.0,1,1.0,1,0.14256155923477165,35
11,2,86,0,86,0,0,0,1.0,1,1.0,1,1.0,1,0.08730862353922182,35
12,0,86,0,86,0,0,0,1.0,1,1.0,1,1.0,1,0.08414229147822253,34
13,0,86,0,86,0,0,0,1.0,1,1.0,1,1.0,1,0.08844434587576838,32
14,2,88,2,86,0,0,0,1.0,1,1.0,1,1.0,1,0.14729014502151078,31
15,1,89,3,86,0,0,0,1.0,1,1.0,1,1.0,1,0.12481584028455349,30
16,0,89,3,86,0,0,0,1.0,1,1.0,1,1.0,1,0.12297556540737677,30
17,0,89,3,86,0,0,0,1.0,1,1.0,1,1.0,1,0.09768942714818232,29
18,1,90,4,86,0,0,0,1.0,1,1.0,1,1.0,1,0.13449134575151964,29
19,0,90,4,86,0,0,0,1.0,1,1.0,1,1.0,1,0.11860404558992285,28
20,1,91,5,86,0,0,0,1.0,1,1.0,1,1.0,1,0.15012175340900982,28
21,1,92,6,86,0,0,0,1.0,1,1.0,1,1.0,1,0.13064685915004526,28
22,1,93,7,86,0,0,0,1.0,1,1.0,1,1.0,1,0.14646179296462541,28
23,2,95,9,86,0,0,0,1.0,1,1.0,1,1.0,1,0.2449389377875467,27
24,5,100,14,86,0,0,0,1.0,1,1.0,1,1.0,1,0.22652708732608318,28
25,3,103,16,87,0,0,0,1.0,1,1.0,1,1.0,1,0.2368657525511286,28
26,4,107,17,90,0,0,0,1.0,1,1.0,1,1.0,1,0.24136656182134897,30
27,2,109,18,91,0,0,0,1.0,1,1.0,1,1.0,1,0.15439716853129615,30
28,1,110,19,91,0,0,0,1.0,1,1.0,1,1.0,1,0.1907418684321949,31
29,2,112,21,91,0,0,0,1.0,1,1.0,1,1.0,1,0.12599050245022372,30
30,0,112,21,91,0,0,0,1.0,1,1.0,1,1.0,1,0.12599050245022372,30
31,2,114,22,92,0,0,0,1.0,1,1.0,1,1.0,1,0.09078958755777537,31
32,0,114,22,92,0,0,0,1.0,1,1.0,1,1.0,1,0.11631828477308523,31
33,0,114,22,92,0,0,0,1.0,1,1.0,1,1.0,1,0.08579303465961827,31
34,1,115,23,92,0,0,0,1.0,1,1.0,1,1.0,1,0.19033989714384328,29
35,1,116,23,93,0,0,0,1.0,1,1.0,1,1.0,1,0.13218234815953955,30
36,0,116,23,93,0,0,0,1.0,1,1.0,1,1.0,1,0.16582885279080595,30
37,1,117,24,93,0,0,0,1.0,1,1.0,1,1.0,1,0.19105815014933603,31
38,4,121,26,95,0,0,0,1.0,1,1.0,1,1.0,1,0.17087793369655047,32
39,1,122,26,96,0,0,0,1.0,1,1.0,1,1.0,1,0.10656482826956758,36
40,0,122,26,96,0,0,0,1.0,1,1.0,1,1.0,1,0.11040645791009622,37
41,2,124,27,97,0,0,0,1.0,1,1.0,1,1.0,1,0.11877097480782751,37
42,0,124,27,97,0,0,0,1.0,1,1.0,1,1.0,1,0.10850972042569239,38
43,1,125,28,97,0,0,0,1.0,1,1.0,1,1.0,1,0.1554572692857209,40
44,0,125,28,97,0,0,0,1.0,1,1.0,1,1.0,1,0.1385574414406703,39
45,0,125,28,97,0,0,0,1.0,1,1.0,1,1.0,1,0.11539714730619466,40
46,0,125,28,97,0,0,0,1.0,1,1.0,1,1.0,1,0.10223256597390722,39
47,1,126,29,97,0,0,0,1.0,1,1.0,1,1.0,1,0.11400169319577,39
48,0,126,29,97,0,0,0,1.0,1,1.0,1,1.0,1,0.11400169319577,39
49,0,126,29,97,0,0,0,1.0,1,1.0,1,1.0,1,0.07968209135629498,37
50,0,126,29,97,0,0,0,1.0,1,1.0,1,1.0,1,0.057280500385703266,35
51,0,126,29,97,0,0,0,1.0,1,1.0,1,1.0,1,0.050424298072794235,34
52,1,127,30,97,0,0,0,1.0,1,1.0,1,1.0,1,0.053429628649962174,34
53,0,127,30,97,0,0,0,1.0,1,1.0,1,1.0,1,0.04767691385539469,35
54,0,127,30,97,0,0,0,1.0,1,1.0,1,1.0,1,0.030339111268242073,36
55,1,128,31,97,0,0,0,1.0,1,1.0,1,1.0,1,0.03635905298249237,36
56,6,134,35,99,0,0,0,1.0,1,1.0,1,1.0,1,0.13650984416819065,36
57,1,135,35,100,0,0,0,1.0,1,1.0,1,1.0,1,0.13909636748378731,37
58,2,137,37,100,0,0,0,1.0,1,1.0,1,1.0,1,0.16680330465547075,38
59,3,140,39,101,0,0,0,1.0,1,1.0,1,1.0,1,0.17012740000256563,37
60,1,141,39,102,0,0,0,1.0,1,1.0,1,1.0,1,0.1763879761989852,38
61,2,143,40,103,0,0,0,1.0,1,1.0,1,1.0,1,0.17898416080431168,37
62,6,149,43,106,0,0,0,1.0,1,1.0,1,1.0,1,0.11891380018101158,39
63,1,150,43,107,0,0,0,1.0,1,1.0,1,1.0,1,0.10648918389906238,39
64,1,151,44,107,0,0,0,1.0,1,1.0,1,1.0,1,0.12243766628972642,38
65,0,151,44,107,0,0,0,1.0,1,1.0,1,1.0,1,0.09725124346841299,39
66,0,151,44,107,0,0,0,1.0,1,1.0,1,1.0,1,0.09617094407618475,39
67,1,152,45,107,0,0,0,1.0,1,1.0,1,1.0,1,0.11520564760071335,36
68,2,154,47,107,0,0,0,1.0,1,1.0,1,1.0,1,0.1406137386047963,36
69,2,156,48,108,0,0,0,1.0,1,1.0,1,1.0,1,0.12410058648389433,37
70,0,156,48,108,0,0,0,1.0,1,1.0,1,1.0,1,0.14157302145029346,36
71,3,159,48,111,0,0,0,1.0,1,1.0,1,1.0,1,0.03129426130519583,38
72,0,159,48,111,0,0,0,1.0,1,1.0,1,1.0,1,0.03129426130519583,38
73,0,159,48,111,0,0,0,1.0,1,1.0,1,1.0,1,0.04573347435882084,37
74,1,160,49,111,0,0,0,1.0,1,1.0,1,1.0,1,0.02643553110840586,38
75,0,160,49,111,0,0,0,1.0,1,1.0,1,1.0,1,0.02643553110840586,38
76,1,161,50,111,0,0,0,1.0,1,1.0,1,1.0,1,0.05988110045849816,39
77,0,161,50,111,0,0,0,1.0,1,1.0,1,1.0,1,0.06087528726017431,40
78,1,162,50,112,0,0,0,1.0,1,1.0,1,1.0,1,0.03974756019685906,41
79,1,163,51,112,0,0,0,1.0,1,1.0,1,1.0,1,0.019000477664088442,41
80,0,163,51,112,0,0,0,1.0,1,1.0,1,1.0,1,0.019000477664088442,41
81,0,163,51,112,0,0,0,1.0,1,1.0,1,1.0,1,0.014438413563792083,41
82,0,163,51,112,0,0,0,1.0,1,1.0,1,1.0,1,0.04513546812174101,44
83,0,163,51,112,0,0,0,1.0,1,1.0,1,1.0,1,0.04513546812174101,44
84,1,164,52,112,0,0,0,1.0,1,1.0,1,1.0,1,0.08204109867066645,45
85,2,166,53,113,0,0,0,1.0,1,1.0,1,1.0,1,0.09638080968007245,45
86,0,166,53,113,0,0,0,1.0,1,1.0,1,1.0,1,0.09638080968007245,45
87,1,167,54,113,0,0,0,1.0,1,1.0,1,1.0,1,0.11299743400114146,44
88,0,167,54,113,0,0,0,1.0,1,1.0,1,1.0,1,0.11299743400114146,44
89,1,168,55,113,0,0,0,1.0,1,1.0,1,1.0,1,0.07448038589134802,43
90,0,168,55,113,0,0,0,1.0,1,1.0,1,1.0,1,0.09540409815631698,44
91,1,169,56,113,0,0,0,1.0,1,1.0,1,1.0,1,0.11440864639736677,44
92,0,169,56,113,0,0,0,1.0,1,1.0,1,1.0,1,0.11642153419794506,43
93,0,169,56,113,0,0,0,1.0,1,1.0,1,1.0,1,0.13351521458993204,44
94,0,169,56,113,0,0,0,1.0,1,1.0,1,1.0,1,0.13351521458993204,44
95,1,170,56,114,0,0,0,1.0,1,1.0,1,1.0,1,0.1220372896187305,43
96,0,170,56,114,0,0,0,1.0,1,1.0,1,1.0,1,0.11762013168058061,44
97,1,171,57,114,0,0,0,1.0,1,1.0,1,1.0,1,0.1333665544589671,44
98,4,175,60,115,0,0,0,1.0,1,1.0,1,1.0,1,0.20129050339175342,43
99,0,175,60,115,0,0,0,1.0,1,1.0,1,1.0,1,0.20129050339175342,43
100,2,177,62,115,0,0,0,1.0,1,1.0,1,1.0,1,0.22959519312461385,47
101,2,179,62,117,0,0,0,1.0,1,1.0,1,1.0,1,0.2066857904585979,47
102,1,180,63,117,0,0,0,1.0,1,1.0,1,1.0,1,0.22938290260928162,47
103,3,183,64,119,0,0,0,1.0,1,1.0,1,1.0,1,0.15018149315355028,46
104,3,186,66,120,0,0,0,1.0,1,1.0,1,1.0,1,0.10790901764613241,45
105,4,190,68,122,0,0,0,1.0,1,1.0,1,1.0,1,0.07641059617263567,44
106,6,196,70,126,0,0,0,1.0,1,1.0,1,1.0,1,0.061376754432173164,45
107,5,201,71,130,0,0,0,1.0,1,1.0,1,1.0,1,0.06792067301060595,44
108,2,203,72,131,0,0,0,1.0,1,1.0,1,1.0,1,0.03207646244760288,46
109,4,207,75,132,0,0,0,1.0,1,1.0,1,1.0,1,0.049399081222248176,46
110,1,208,76,132,0,0,0,1.0,1,1.0,1,1.0,1,0.04472366420523883,46
111,2,210,78,132,0,0,0,1.0,1,1.0,1,1.0,1,0.042590105950038905,46
112,4,214,81,133,0,0,0,1.0,1,1.0,1,1.0,1,0.07123897272030354,46
113,1,215,82,133,0,0,0,1.0,1,1.0,1,1.0,1,0.08242926610916937,46
114,0,215,82,133,0,0,0,1.0,1,1.0,1,1.0,1,0.08242926610916937,46
115,0,215,82,133,0,0,0,1.0,1,1.0,1,1.0,1,0.06908509612602003,47
116,0,215,82,133,0,0,0,1.0,1,1.0,1,1.0,1,0.06908509612602003,47
117,1,216,83,133,0,0,0,1.0,1,1.0,1,1.0,1,0.08411196308115218,45
118,1,217,84,133,0,0,0,1.0,1,1.0,1,1.0,1,0.06599938658506257,46
119,1,218,85,133,0,0,0,1.0,1,1.0,1,1.0,1,0.07943757229074856,46
120,2,220,87,133,0,0,0,1.0,1,1.0,1,1.0,1,0.09313259938817532,47
121,1,221,88,133,0,0,0,1.0,1,1.0,1,1.0,1,0.12671535205878265,46
122,1,222,88,134,0,0,0,1.0,1,1.0,1,1.0,1,0.11526781436261233,46
123,0,222,88,134,0,0,0,1.0,1,1.0,1,1.0,1,0.12450391985394116,45
124,1,223,89,134,0,0,0,1.0,1,1.0,1,1.0,1,0.139124143188542,46
125,0,223,89,134,0,0,0,1.0,1,1.0,1,1.0,1,0.13483256650697859,44
126,0,223,89,134,0,0,0,1.0,1,1.0,1,1.0,1,0.13663538487017268,45
127,0,223,89,134,0,0,0,1.0,1,1.0,1,1.0,1,0.1365748666678493,45
128,0,223,89,134,0,0,0,1.0,1,1.0,1,1.0,1,0.13086913072775477,46
129,2,225,91,134,0,0,0,1.0,1,1.0,1,1.0,1,0.11342313542849498,48
130,1,226,92,134,0,0,0,1.0,1,1.0,1,1.0,1,0.10488701460056339,48
131,2,228,93,135,0,0,0,1.0,1,1.0,1,1.0,1,0.07741866191955962,49
132,3,231,94,137,0,0,0,1.0,1,1.0,1,1.0,1,0.06618764132877288,51
133,4,235,97,138,0,0,0,1.0,1,1.0,1,1.0,1,0.10512306401191396,49
134,5,240,101,139,0,0,0,1.0,1,1.0,1,1.0,1,0.12931432627130737,49
135,0,240,101,139,0,0,0,1.0,1,1.0,1,1.0,1,0.11369178965163533,49
136,3,243,104,139,0,0,0,1.0,1,1.0,1,1.0,1,0.11651224557709758,48
137,0,243,104,139,0,0,0,1.0,1,1.0,1,1.0,1,0.12479693265347644,47
138,5,248,109,139,0,0,0,1.0,1,1.0,1,1.0,1,0.12764688162529622,48
139,3,251,112,139,0,0,0,1.0,1,1.0,1,1.0,1,0.17690839881364975,48
140,4,255,114,141,0,0,0,1.0,1,1.0,1,1.0,1,0.16926201291500775,49
141,4,259,115,144,0,0,0,1.0,1,1.0,1,1.0,1,0.07424893035250076,49
142,2,261,117,144,0,0,0,1.0,1,1.0,1,1.0,1,0.029080875559881,49
143,0,261,117,144,0,0,0,1.0,1,1.0,1,1.0,1,0.051071889315155966,47
144,2,263,119,144,0,0,0,1.0,1,1.0,1,1.0,1,0.04021232259140942,46
145,1,264,120,144,0,0,0,1.0,1,1.0,1,1.0,1,0.09827958669006173,44
146,1,265,121,144,0,0,0,1.0,1,1.0,1,1.0,1,0.10627376335452536,44
147,0,265,121,144,0,0,0,1.0,1,1.0,1,1.0,1,0.12297651661805672,43
148,0,265,121,144,0,0,0,1.0,1,1.0,1,1.0,1,0.16034613535164843,43
149,1,266,122,144,0,0,0,1.0,1,1.0,1,1.0,1,0.1674432460564712,43
150,1,267,123,144,0,0,0,1.0,1,1.0,1,1.0,1,0.18063164106013405,42
151,3,270,124,146,0,0,0,1.0,1,1.0,1,1.0,1,0.17219713763358316,42
152,4,274,125,149,0,0,0,1.0,1,1.0,1,1.0,1,0.11345206083962324,42
153,0,274,125,149,0,0,0,1.0,1,1.0,1,1.0,1,0.08148945089832213,42
154,1,275,125,150,0,0,0,1.0,1,1.0,1,1.0,1,0.07769260000206157,43
155,0,275,125,150,0,0,0,1.0,1,1.0,1,1.0,1,0.05463030284914775,43
156,0,275,125,150,0,0,0,1.0,1,1.0,1,1.0,1,0.0752330293619166,42
157,1,276,125,151,0,0,0,1.0,1,1.0,1,1.0,1,0.08870714539947296,41
158,1,277,125,152,0,0,0,1.0,1,1.0,1,1.0,1,0.06626029115727135,42
159,0,277,125,152,0,0,0,1.0,1,1.0,1,1.0,1,0.06644587420123983,43
160,3,280,128,152,0,0,0,1.0,1,1.0,1,1.0,1,0.17244284952724007,44
161,3,283,129,154,0,0,0,1.0,1,1.0,1,1.0,1,0.19526190451619,44
162,1,284,130,154,0,0,0,1.0,1,1.0,1,1.0,1,0.21918462929154173,45
163,2,286,132,154,0,0,0,1.0,1,1.0,1,1.0,1,0.251537422995595,43
164,0,286,132,154,0,0,0,1.0,1,1.0,1,1.0,1,0.2515738045199925,42
165,5,291,136,155,0,0,0,1.0,1,1.0,1,1.0,1,0.2138932457903993,42
166,0,291,136,155,0,0,0,1.0,1,1.0,1,1.0,1,0.21384773088962028,42
167,2,293,138,155,0,0,0,1.0,1,1.0,1,1.0,1,0.1845961752136424,41
168,1,294,139,155,0,0,0,1.0,1,1.0,1,1.0,1,0.16243462494124813,40
169,3,297,141,156,0,0,0,1.0,1,1.0,1,1.0,1,0.11301213100364073,40
170,0,297,141,156,0,0,0,1.0,1,1.0,1,1.0,1,0.09338862876586837,38
171,3,300,144,156,0,0,0,1.0,1,1.0,1,1.0,1,0.09881049223510757,37
172,4,304,148,156,0,0,0,1.0,1,1.0,1,1.0,1,0.10303540403785397,35
173,2,306,149,157,0,0,0,1.0,1,1.0,1,1.0,1,0.12365439301506755,36
174,2,308,151,157,0,0,0,1.0,1,1.0,1,1.0,1,0.13886559938154874,34
175,0,308,151,157,0,0,0,1.0,1,1.0,1,1.0,1,0.10557284069544383,33
176,2,310,153,157,0,0,0,1.0,1,1.0,1,1.0,1,0.12396259927700105,34
177,2,312,153,159,0,0,0,1.0,1,1.0,1,1.0,1,0.10265520232586448,36
178,2,314,154,160,0,0,0,1.0,1,1.0,1,1.0,1,0.08334939093881227,37
179,1,315,155,160,0,0,0,1.0,1,1.0,1,1.0,1,0.09550448899142752,37
180,0,315,155,160,0,0,0,1.0,1,1.0,1,1.0,1,0.11396619697837918,36
181,1,316,156,160,0,0,0,1.0,1,1.0,1,1.0,1,0.08789004218597445,36
182,0,316,156,160,0,0,0,1.0,1,1.0,1,1.0,1,0.08716742311890587,38
183,1,317,157,160,0,0,0,1.0,1,1.0,1,1.0,1,0.07952167949211625,37
184,0,317,157,160,0,0,0,1.0,1,1.0,1,1.0,1,0.09503524868586562,36
185,1,318,158,160,0,0,0,1.0,1,1.0,1,1.0,1,0.118203654177108,35
186,0,318,158,160,0,0,0,1.0,1,1.0,1,1.0,1,0.14096480198876088,34
187,2,320,160,160,0,0,0,1.0,1,1.0,1,1.0,1,0.15487680146864627,33
188,1,321,161,160,0,0,0,1.0,1,1.0,1,1.0,1,0.1797441533768192,33
189,1,322,162,160,0,0,0,1.0,1,1.0,1,1.0,1,0.16691236828682068,33
190,0,322,162,160,0,0,0,1.0,1,1.0,1,1.0,1,0.19423975185326617,32
191,7,329,164,165,0,0,0,1.0,1,1.0,1,1.0,1,0.10364639600868972,34
192,0,329,164,165,0,0,0,1.0,1,1.0,1,1.0,1,0.10364639600868972,34
193,0,329,164,165,0,0,0,1.0,1,1.0,1,1.0,1,0.09524237206687235,35
194,1,330,164,166,0,0,0,1.0,1,1.0,1,1.0,1,0.09196168936775499,37
195,0,330,164,166,0,0,0,1.0,1,1.0,1,1.0,1,0.11171594329621565,36
196,0,330,164,166,0,0,0,1.0,1,1.0,1,1.0,1,0.11171594329621565,36
197,0,330,164,166,0,0,0,1.0,1,1.0,1,1.0,1,0.11658148854326697,37
198,3,333,167,166,0,0,0,1.0,1,1.0,1,1.0,1,0.15511342221522215,37
199,1,334,167,167,0,0,0,1.0,1,1.0,1,1.0,1,0.12403371085596011,37
200,1,335,168,167,0,0,0,1.0,1,1.0,1,1.0,1,0.13727864530661024,37
201,3,338,170,168,0,0,0,1.0,1,1.0,1,1.0,1,0.11500453550081827,36
202,0,338,170,168,0,0,0,1.0,1,1.0,1,1.0,1,0.0831007606046208,36
203,3,341,173,168,0,0,0,1.0,1,1.0,1,1.0,1,0.13667252954134398,35
204,0,341,173,168,0,0,0,1.0,1,1.0,1,1.0,1,0.1359720273942522,35
205,4,345,176,169,0,0,0,1.0,1,1.0,1,1.0,1,0.09700902704628284,35
206,1,346,177,169,0,0,0,1.0,1,1.0,1,1.0,1,0.09072431512107933,34
207,0,346,177,169,0,0,0,1.0,1,1.0,1,1.0,1,0.08295371210312108,34
208,3,349,179,170,0,0,0,1.0,1,1.0,1,1.0,1,0.11717056745723137,33
209,1,350,179,171,0,0,0,1.0,1,1.0,1,1.0,1,0.1425841236273087,33
210,1,351,180,171,0,0,0,1.0,1,1.0,1,1.0,1,0.14520271420669106,34
211,3,354,181,173,0,0,0,1.0,1,1.0,1,1.0,1,0.12777914767132997,33
212,1,355,181,174,0,0,0,1.0,1,1.0,1,1.0,1,0.07640565080668732,33
213,0,355,181,174,0,0,0,1.0,1,1.0,1,1.0,1,0.09600871708148795,35
214,2,357,183,174,0,0,0,1.0,1,1.0,1,1.0,1,0.11438701094058935,34
215,1,358,184,174,0,0,0,1.0,1,1.0,1,1.0,1,0.14571155100186203,35
216,1,359,185,174,0,0,0,1.0,1,1.0,1,1.0,1,0.1513935772253389,36
217,1,360,186,174,0,0,0,1.0,1,1.0,1,1.0,1,0.1749529193070124,36
218,6,366,189,177,0,0,0,1.0,1,1.0,1,1.0,1,0.153835169709507,36
219,0,366,189,177,0,0,0,1.0,1,1.0,1,1.0,1,0.13392618409999557,37
220,0,366,189,177,0,0,0,1.0,1,1.0,1,1.0,1,0.14894483494423236,38
221,1,367,189,178,0,0,0,1.0,1,1.0,1,1.0,1,0.13326540156535696,37
222,1,368,190,178,0,0,0,1.0,1,1.0,1,1.0,1,0.09849591768399402,38
223,1,369,191,178,0,0,0,1.0,1,1.0,1,1.0,1,0.10998979768231049,38
224,2,371,192,179,0,0,0,1.0,1,1.0,1,1.0,1,0.14044087805735653,38
225,2,373,193,180,0,0,0,1.0,1,1.0,1,1.0,1,0.14727359287309666,36
226,0,373,193,180,0,0,0,1.0,1,1.0,1,1.0,1,0.13763574889143604,37
227,3,376,196,180,0,0,0,1.0,1,1.0,1,1.0,1,0.17416111416627245,35
228,2,378,198,180,0,0,0,1.0,1,1.0,1,1.0,1,0.13432225536229436,35
229,3,381,201,180,0,0,0,1.0,1,1.0,1,1.0,1,0.13314608594278135,35
230,2,383,202,181,0,0,0,1.0,1,1.0,1,1.0,1,0.11652344577060912,35
231,5,388,205,183,0,0,0,1.0,1,1.0,1,1.0,1,0.07068009113058583,35
232,1,389,206,183,0,0,0,1.0,1,1.0,1,1.0,1,0.06988447085359077,36
233,0,389,206,183,0,0,0,1.0,1,1.0,1,1.0,1,0.06988447085359077,36
234,0,389,206,183,0,0,0,1.0,1,1.0,1,1.0,1,0.08443867029923358,34
235,2,391,208,183,0,0,0,1.0,1,1.0,1,1.0,1,0.08812061425079033,33
236,1,392,209,183,0,0,0,1.0,1,1.0,1,1.0,1,0.09491482844847864,31
237,0,392,209,183,0,0,0,1.0,1,1.0,1,1.0,1,0.0825575101502315,32
238,1,393,210,183,0,0,0,1.0,1,1.0,1,1.0,1,0.11571114773883086,31
239,1,394,211,183,0,0,0,1.0,1,1.0,1,1.0,1,0.15928857748969813,30
240,1,395,212,183,0,0,0,1.0,1,1.0,1,1.0,1,0.22020292193245058,27
241,6,401,216,185,0,0,0,1.0,1,1.0,1,1.0,1,0.16621293177021706,27
242,0,401,216,185,0,0,0,1.0,1,1.0,1,1.0,1,0.1382176970054841,28
243,1,402,217,185,0,0,0,1.0,1,1.0,1,1.0,1,0.14770806188887536,28
244,1,403,218,185,0,0,0,1.0,1,1.0,1,1.0,1,0.13120525922155177,27
245,1,404,218,186,0,0,0,1.0,1,1.0,1,1.0,1,0.10293555756140205,27
246,1,405,219,186,0,0,0,1.0,1,1.0,1,1.0,1,0.11203090377221656,25
247,0,405,219,186,0,0,0,1.0,1,1.0,1,1.0,1,0.07903903572917664,24
248,0,405,219,186,0,0,0,1.0,1,1.0,1,1.0,1,0.08092737122547251,24
249,0,405,219,186,0,0,0,1.0,1,1.0,1,1.0,1,0.10839951985278404,25
250,0,405,219,186,0,0,0,1.0,1,1.0,1,1.0,1,0.09837599589036768,27
251,1,406,219,187,0,0,0,1.0,1,1.0,1,1.0,1,0.06164808103898265,27
252,2,408,221,187,0,0,0,1.0,1,1.0,1,1.0,1,0.07055833395349763,27
253,1,409,222,187,0,0,0,1.0,1,1.0,1,1.0,1,0.1352509063840013,29
254,4,413,225,188,0,0,0,1.0,1,1.0,1,1.0,1,0.12212757494670902,30
255,1,414,226,188,0,0,0,1.0,1,1.0,1,1.0,1,0.1571378661488402,31
256,2,416,228,188,0,0,0,1.0,1,1.0,1,1.0,1,0.1618965474382965,31
257,2,418,229,189,0,0,0,1.0,1,1.0,1,1.0,1,0.12817982559654403,33
258,1,419,230,189,0,0,0,1.0,1,1.0,1,1.0,1,0.16320261022298935,33
259,1,420,230,190,0,0,0,1.0,1,1.0,1,1.0,1,0.15171582338709436,33
260,4,424,233,191,0,0,0,1.0,1,1.0,1,1.0,1,0.089409795169111,35
261,2,426,234,192,0,0,0,1.0,1,1.0,1,1.0,1,0.11352032683904961,35
262,1,427,234,193,0,0,0,1.0,1,1.0,1,1.0,1,0.07671649306371268,35
263,0,427,234,193,0,0,0,1.0,1,1.0,1,1.0,1,0.10736257467552615,34
264,0,427,234,193,0,0,0,1.0,1,1.0,1,1.0,1,0.13694544237520453,32
265,2,429,236,193,0,0,0,1.0,1,1.0,1,1.0,1,0.15934724057118255,30
266,1,430,237,193,0,0,0,1.0,1,1.0,1,1.0,1,0.16081188421578835,31
267,1,431,238,193,0,0,0,1.0,1,1.0,1,1.0,1,0.1333223816320703,30
268,2,433,239,194,0,0,0,1.0,1,1.0,1,1.0,1,0.11273705772213095,31
269,1,434,240,194,0,0,0,1.0,1,1.0,1,1.0,1,0.14308727584247205,31
270,1,435,241,194,0,0,0,1.0,1,1.0,1,1.0,1,0.21054267629386628,32
271,2,437,241,196,0,0,0,1.0,1,1.0,1,1.0,1,0.19299831385168448,31
272,1,438,242,196,0,0,0,1.0,1,1.0,1,1.0,1,0.27463112041512433,32
273,1,439,242,197,0,0,0,1.0,1,1.0,1,1.0,1,0.25590675138528635,32
274,0,439,242,197,0,0,0,1.0,1,1.0,1,1.0,1,0.25590675138528635,32
275,0,439,242,197,0,0,0,1.0,1,1.0,1,1.0,1,0.2218441804318913,33
276,3,442,243,199,0,0,0,1.0,1,1.0,1,1.0,1,0.19305640497749793,34
277,1,443,244,199,0,0,0,1.0,1,1.0,1,1.0,1,0.14237584938111325,32
278,0,443,244,199,0,0,0,1.0,1,1.0,1,1.0,1,0.11457130501638621,31
279,0,443,244,199,0,0,0,1.0,1,1.0,1,1.0,1,0.08697577672415131,31
280,0,443,244,199,0,0,0,1.0,1,1.0,1,1.0,1,0.08280320989936388,30
281,0,443,244,199,0,0,0,1.0,1,1.0,1,1.0,1,0.053365133731082676,31
282,0,443,244,199,0,0,0,1.0,1,1.0,1,1.0,1,0.026656723711626144,30
283,2,445,245,200,0,0,0,1.0,1,1.0,1,1.0,1,0.04374426504775119,31
284,2,447,247,200,0,0,0,1.0,1,1.0,1,1.0,1,0.07806736842980716,31
285,3,450,249,201,0,0,0,1.0,1,1.0,1,1.0,1,0.1580984664578411,31
286,0,450,249,201,0,0,0,1.0,1,1.0,1,1.0,1,0.1580984664578411,31
287,1,451,250,201,0,0,0,1.0,1,1.0,1,1.0,1,0.21468629734977385,33
288,0,451,250,201,0,0,0,1.0,1,1.0,1,1.0,1,0.16408876653961363,32
289,0,451,250,201,0,0,0,1.0,1,1.0,1,1.0,1,0.15325966585468356,32
290,0,451,250,201,0,0,0,1.0,1,1.0,1,1.0,1,0.14198154876029082,31
291,3,454,251,203,0,0,0,1.0,1,1.0,1,1.0,1,0.13146065949951272,30
292,2,456,252,204,0,0,0,1.0,1,1.0,1,1.0,1,0.11492945521072842,32
293,0,456,252,204,0,0,0,1.0,1,1.0,1,1.0,1,0.11492945521072842,32
294,0,456,252,204,0,0,0,1.0,1,1.0,1,1.0,1,0.11492945521072842,32
295,0,456,252,204,0,0,0,1.0,1,1.0,1,1.0,1,0.11031172827122829,34
296,0,456,252,204,0,0,0,1.0,1,1.0,1,1.0,1,0.11031172827122829,34
297,0,456,252,204,0,0,0,1.0,1,1.0,1,1.0,1,0.11031172827122829,34
298,1,457,252,205,0,0,0,1.0,1,1.0,1,1.0,1,0.08406054185400572,35
299,0,457,252,205,0,0,0,1.0,1,1.0,1,1.0,1,0.10197900189029838,35
300,2,459,254,205,0,0,0,1.0,1,1.0,1,1.0,1,0.12012646543511576,35
301,3,462,255,207,0,0,0,1.0,1,1.0,1,1.0,1,0.08130219813018857,38
302,3,465,256,209,0,0,0,1.0,1,1.0,1,1.0,1,0.058484262697477335,38
303,1,466,257,209,0,0,0,1.0,1,1.0,1,1.0,1,0.08633271287831333,37
304,0,466,257,209,0,0,0,1.0,1,1.0,1,1.0,1,0.10968443033155115,37
305,1,467,258,209,0,0,0,1.0,1,1.0,1,1.0,1,0.1684202430262901,36
306,2,469,259,210,0,0,0,1.0,1,1.0,1,1.0,1,0.17273670337039132,36
307,2,471,259,212,0,0,0,1.0,1,1.0,1,1.0,1,0.20149425858662817,35
308,2,473,260,213,0,0,0,1.0,1,1.0,1,1.0,1,0.15959586998982725,37
309,0,473,260,213,0,0,0,1.0,1,1.0,1,1.0,1,0.15959586998982725,37
310,1,474,260,214,0,0,0,1.0,1,1.0,1,1.0,1,0.14764680988045714,37
311,3,477,261,216,0,0,0,1.0,1,1.0,1,1.0,1,0.07024544993664963,39
312,0,477,261,216,0,0,0,1.0,1,1.0,1,1.0,1,0.0521321236713863,40
313,0,477,261,216,0,0,0,1.0,1,1.0,1,1.0,1,0.06447509896112673,39
314,1,478,262,216,0,0,0,1.0,1,1.0,1,1.0,1,0.09840135129502918,40
315,2,480,264,216,0,0,0,1.0,1,1.0,1,1.0,1,0.10242504199528366,39
316,1,481,264,217,0,0,0,1.0,1,1.0,1,1.0,1,0.08288564507083339,39
317,1,482,264,218,0,0,0,1.0,1,1.0,1,1.0,1,0.06015450529433542,40
318,0,482,264,218,0,0,0,1.0,1,1.0,1,1.0,1,0.06566849296578822,41
319,1,483,264,219,0,0,0,1.0,1,1.0,1,1.0,1,0.08369338333493698,41
320,1,484,265,219,0,0,0,1.0,1,1.0,1,1.0,1,0.05247148718743575,41
321,0,484,265,219,0,0,0,1.0,1,1.0,1,1.0,1,0.05247148718743575,41
322,2,486,267,219,0,0,0,1.0,1,1.0,1,1.0,1,0.056734077816830125,41
323,0,486,267,219,0,0,0,1.0,1,1.0,1,1.0,1,0.056734077816830125,41
324,2,488,269,219,0,0,0,1.0,1,1.0,1,1.0,1,0.1143489271676176,42
325,2,490,270,220,0,0,0,1.0,1,1.0,1,1.0,1,0.12351733699680964,42
326,1,491,271,220,0,0,0,1.0,1,1.0,1,1.0,1,0.16705108851707715,42
327,2,493,271,222,0,0,0,1.0,1,1.0,1,1.0,1,0.1345899951588959,42
328,2,495,271,224,0,0,0,1.0,1,1.0,1,1.0,1,0.14189265674465107,43
329,0,495,271,224,0,0,0,1.0,1,1.0,1,1.0,1,0.14189265674465107,43
330,0,495,271,224,0,0,0,1.0,1,1.0,1,1.0,1,0.1327846095372667,45
331,2,497,271,226,0,0,0,1.0,1,1.0,1,1.0,1,0.11426389715127853,45
332,1,498,271,227,0,0,0,1.0,1,1.0,1,1.0,1,0.08816645598534231,45
333,1,499,272,227,0,0,0,1.0,1,1.0,1,1.0,1,0.10936333461993811,46
334,1,500,273,227,0,0,0,1.0,1,1.0,1,1.0,1,0.10741033364028535,48
335,0,500,273,227,0,0,0,1.0,1,1.0,1,1.0,1,0.10741033364028535,48
336,1,501,274,227,0,0,0,1.0,1,1.0,1,1.0,1,0.1197346209001227,48
337,1,502,274,228,0,0,0,1.0,1,1.0,1,1.0,1,0.10729263301278738,49
338,0,502,274,228,0,0,0,1.0,1,1.0,1,1.0,1,0.09899968806294093,50
339,2,504,275,229,0,0,0,1.0,1,1.0,1,1.0,1,0.11200808288148988,50
340,1,505,275,230,0,0,0,1.0,1,1.0,1,1.0,1,0.09963892272925073,50
341,2,507,275,232,0,0,0,1.0,1,1.0,1,1.0,1,0.08246986699479822,51
342,0,507,275,232,0,0,0,1.0,1,1.0,1,1.0,1,0.08246986699479822,51
343,1,508,276,232,0,0,0,1.0,1,1.0,1,1.0,1,0.06115420188261131,51
344,0,508,276,232,0,0,0,1.0,1,1.0,1,1.0,1,0.059455345423604866,50
345,0,508,276,232,0,0,0,1.0,1,1.0,1,1.0,1,0.07350783629007787,51
346,1,509,276,233,0,0,0,1.0,1,1.0,1,1.0,1,0.05891497338309834,51
347,5,514,281,233,0,0,0,1.0,1,1.0,1,1.0,1,0.09111390265829505,51
348,1,515,282,233,0,0,0,1.0,1,1.0,1,1.0,1,0.07155020861748829,53
349,2,517,283,234,0,0,0,1.0,1,1.0,1,1.0,1,0.07736425940522311,55
350,0,517,283,234,0,0,0,1.0,1,1.0,1,1.0,1,0.09660147993310451,54
351,3,520,285,235,0,0,0,1.0,1,1.0,1,1.0,1,0.06812036471522262,54
352,1,521,286,235,0,0,0,1.0,1,1.0,1,1.0,1,0.10430009254382093,53
353,2,523,288,235,0,0,0,1.0,1,1.0,1,1.0,1,0.09394609286953931,53
354,1,524,289,235,0,0,0,1.0,1,1.0,1,1.0,1,0.11549443350502507,50
355,1,525,290,235,0,0,0,1.0,1,1.0,1,1.0,1,0.12350786497981008,51
356,1,526,291,235,0,0,0,1.0,1,1.0,1,1.0,1,0.12084111573319183,51
357,3,529,294,235,0,0,0,1.0,1,1.0,1,1.0,1,0.1707408440500678,50
358,3,532,296,236,0,0,0,1.0,1,1.0,1,1.0,1,0.1786442806063766,48
359,3,535,298,237,0,0,0,1.0,1,1.0,1,1.0,1,0.16188144198436138,47
360,0,535,298,237,0,0,0,1.0,1,1.0,1,1.0,1,0.1649644686624218,45
361,3,538,298,240,0,0,0,1.0,1,1.0,1,1.0,1,0.11010870808620954,44
362,0,538,298,240,0,0,0,1.0,1,1.0,1,1.0,1,0.1407406512755404,44
363,2,540,300,240,0,0,0,1.0,1,1.0,1,1.0,1,0.14724794785692702,44
364,1,541,300,241,0,0,0,1.0,1,1.0,1,1.0,1,0.1525778977541383,43
365,3,544,303,241,0,0,0,1.0,1,1.0,1,1.0,1,0.1712755382998804,43
366,1,545,304,241,0,0,0,1.0,1,1.0,1,1.0,1,0.13454151152318244,45
367,1,546,305,241,0,0,0,1.0,1,1.0,1,1.0,1,0.20557209311186067,44
368,1,547,305,242,0,0,0,1.0,1,1.0,1,1.0,1,0.16997262315077138,46
369,1,548,306,242,0,0,0,1.0,1,1.0,1,1.0,1,0.22204358270006347,45
370,2,550,306,244,0,0,0,1.0,1,1.0,1,1.0,1,0.1721668906514214,46
371,4,554,306,248,0,0,0,1.0,1,1.0,1,1.0,1,0.13483798060846258,47
372,1,555,306,249,0,0,0,1.0,1,1.0,1,1.0,1,0.1173816721504414,48
373,0,555,306,249,0,0,0,1.0,1,1.0,1,1.0,1,0.1173816721504414,48
374,2,557,307,250,0,0,0,1.0,1,1.0,1,1.0,1,0.11922695442325479,49
375,0,557,307,250,0,0,0,1.0,1,1.0,1,1.0,1,0.11922695442325479,49
376,3,560,310,250,0,0,0,1.0,1,1.0,1,1.0,1,0.13011967778321595,49
377,5,565,314,251,0,0,0,1.0,1,1.0,1,1.0,1,0.13312286580986407,49
378,1,566,315,251,0,0,0,1.0,1,1.0,1,1.0,1,0.13785861866833665,49
379,1,567,315,252,0,0,0,1.0,1,1.0,1,1.0,1,0.1154846326046145,50
380,1,568,316,252,0,0,0,1.0,1,1.0,1,1.0,1,0.1366975306668015,50
381,4,572,317,255,0,0,0,1.0,1,1.0,1,1.0,1,0.054762744533381785,51
382,1,573,318,255,0,0,0,1.0,1,1.0,1,1.0,1,0.05980201211276534,50
383,1,574,318,256,0,0,0,1.0,1,1.0,1,1.0,1,0.06376675581041678,51
384,1,575,319,256,0,0,0,1.0,1,1.0,1,1.0,1,0.07189095199876382,50
385,0,575,319,256,0,0,0,1.0,1,1.0,1,1.0,1,0.08040666629878808,50
386,0,575,319,256,0,0,0,1.0,1,1.0,1,1.0,1,0.09575738779432266,48
387,1,576,319,257,0,0,0,1.0,1,1.0,1,1.0,1,0.1026068943284724,47
388,0,576,319,257,0,0,0,1.0,1,1.0,1,1.0,1,0.1178748736168225,48
389,1,577,320,257,0,0,0,1.0,1,1.0,1,1.0,1,0.14105619421967375,47
390,2,579,322,257,0,0,0,1.0,1,1.0,1,1.0,1,0.11213995284736954,49
391,4,583,324,259,0,0,0,1.0,1,1.0,1,1.0,1,0.10424362672453677,46
392,0,583,324,259,0,0,0,1.0,1,1.0,1,1.0,1,0.13402770913743006,46
393,4,587,328,259,0,0,0,1.0,1,1.0,1,1.0,1,0.18780790522662655,44
394,1,588,328,260,0,0,0,1.0,1,1.0,1,1.0,1,0.17733817923751252,43
395,0,588,328,260,0,0,0,1.0,1,1.0,1,1.0,1,0.19620613907518186,42
396,1,589,329,260,0,0,0,1.0,1,1.0,1,1.0,1,0.22720120974539676,39
397,1,590,330,260,0,0,0,1.0,1,1.0,1,1.0,1,0.283980333673944,39
398,0,590,330,260,0,0,0,1.0,1,1.0,1,1.0,1,0.2963426847987581,36
399,0,590,330,260,0,0,0,1.0,1,1.0,1,1.0,1,0.2963426847987581,36
400,2,592,332,260,0,0,0,1.0,1,1.0,1,1.0,1,0.2905878405666054,34
401,5,597,333,264,0,0,0,1.0,1,1.0,1,1.0,1,0.18586078115197205,33
402,0,597,333,264,0,0,0,1.0,1,1.0,1,1.0,1,0.16043459158030987,34
403,0,597,333,264,0,0,0,1.0,1,1.0,1,1.0,1,0.16585573625948233,36
404,0,597,333,264,0,0,0,1.0,1,1.0,1,1.0,1,0.16585573625948233,36
405,0,597,333,264,0,0,0,1.0,1,1.0,1,1.0,1,0.1507304698851014,37
406,0,597,333,264,0,0,0,1.0,1,1.0,1,1.0,1,0.1507304698851014,37
407,5,602,337,265,0,0,0,1.0,1,1.0,1,1.0,1,0.10821401408717085,39
408,4,606,340,266,0,0,0,1.0,1,1.0,1,1.0,1,0.14383754414057745,40
409,6,612,342,270,0,0,0,1.0,1,1.0,1,1.0,1,0.21151330480395542,41
410,10,622,344,278,0,0,0,1.0,1,1.0,1,1.0,1,0.20825421330855476,42
411,2,624,344,280,0,0,0,1.0,1,1.0,1,1.0,1,0.19819249760238275,43
412,2,626,345,281,0,0,0,1.0,1,1.0,1,1.0,1,0.18344528203610544,44
413,2,628,346,282,0,0,0,1.0,1,1.0,1,1.0,1,0.18945006386941032,44
414,1,629,346,283,0,0,0,1.0,1,1.0,1,1.0,1,0.15559436021171794,45
415,0,629,346,283,0,0,0,1.0,1,1.0,1,1.0,1,0.15559436021171794,45
416,1,630,346,284,0,0,0,1.0,1,1.0,1,1.0,1,0.12634654261603054,46
417,1,631,347,284,0,0,0,1.0,1,1.0,1,1.0,1,0.1464025136758724,46
418,0,631,347,284,0,0,0,1.0,1,1.0,1,1.0,1,0.13639791811282134,47
419,0,631,347,284,0,0,0,1.0,1,1.0,1,1.0,1,0.13639791811282134,47
420,0,631,347,284,0,0,0,1.0,1,1.0,1,1.0,1,0.13639791811282134,47
421,0,631,347,284,0,0,0,1.0,1,1.0,1,1.0,1,0.13639791811282134,47
422,0,631,347,284,0,0,0,1.0,1,1.0,1,1.0,1,0.12912128009615714,49
423,0,631,347,284,0,0,0,1.0,1,1.0,1,1.0,1,0.14094858501578417,47
424,1,632,347,285,0,0,0,1.0,1,1.0,1,1.0,1,0.14147499539592875,45
425,1,633,348,285,0,0,0,1.0,1,1.0,1,1.0,1,0.1542023416754255,46
426,3,636,350,286,0,0,0,1.0,1,1.0,1,1.0,1,0.144995160280172,46
427,2,638,352,286,0,0,0,1.0,1,1.0,1,1.0,1,0.1468715110882171,45
428,1,639,352,287,0,0,0,1.0,1,1.0,1,1.0,1,0.1402067805827845,45
429,1,640,353,287,0,0,0,1.0,1,1.0,1,1.0,1,0.11294906988543595,42
430,1,641,354,287,0,0,0,1.0,1,1.0,1,1.0,1,0.1234669153417049,40
431,3,644,356,288,0,0,0,1.0,1,1.0,1,1.0,1,0.088679084288683,39
432,0,644,356,288,0,0,0,1.0,1,1.0,1,1.0,1,0.10182952103833241,37
433,3,647,358,289,0,0,0,1.0,1,1.0,1,1.0,1,0.13617522444830105,35
434,1,648,359,289,0,0,0,1.0,1,1.0,1,1.0,1,0.193380773584042,33
435,0,648,359,289,0,0,0,1.0,1,1.0,1,1.0,1,0.193380773584042,33
436,0,648,359,289,0,0,0,1.0,1,1.0,1,1.0,1,0.193380773584042,33
437,2,650,361,289,0,0,0,1.0,1,1.0,1,1.0,1,0.19591452528557693,33
438,0,650,361,289,0,0,0,1.0,1,1.0,1,1.0,1,0.22619243796170774,32
439,4,654,364,290,0,0,0,1.0,1,1.0,1,1.0,1,0.1986144088780887,34
440,3,657,366,291,0,0,0,1.0,1,1.0,1,1.0,1,0.1930400153666213,34
441,5,662,367,295,0,0,0,1.0,1,1.0,1,1.0,1,0.07861239911700883,35
442,3,665,369,296,0,0,0,1.0,1,1.0,1,1.0,1,0.13127812704076042,37
443,5,670,372,298,0,0,0,1.0,1,1.0,1,1.0,1,0.1481134307852379,37
444,1,671,373,298,0,0,0,1.0,1,1.0,1,1.0,1,0.12196517035902484,38
445,0,671,373,298,0,0,0,1.0,1,1.0,1,1.0,1,0.09871122871326181,39
446,0,671,373,298,0,0,0,1.0,1,1.0,1,1.0,1,0.09871122871326181,39
447,0,671,373,298,0,0,0,1.0,1,1.0,1,1.0,1,0.08804128372423024,41
448,1,672,374,298,0,0,0,1.0,1,1.0,1,1.0,1,0.06348611679303659,41
449,0,672,374,298,0,0,0,1.0,1,1.0,1,1.0,1,0.08223408522641705,40
450,0,672,374,298,0,0,0,1.0,1,1.0,1,1.0,1,0.04786190755897426,40
451,0,672,374,298,0,0,0,1.0,1,1.0,1,1.0,1,0.08719797740611089,41
452,0,672,374,298,0,0,0,1.0,1,1.0,1,1.0,1,0.08719797740611089,41
453,2,674,376,298,0,0,0,1.0,1,1.0,1,1.0,1,0.1176180918915477,40
454,0,674,376,298,0,0,0,1.0,1,1.0,1,1.0,1,0.10870280236059546,41
455,3,677,379,298,0,0,0,1.0,1,1.0,1,1.0,1,0.10462596060588328,41
456,1,678,379,299,0,0,0,1.0,1,1.0,1,1.0,1,0.09352721972997825,43
457,1,679,380,299,0,0,0,1.0,1,1.0,1,1.0,1,0.10720158316069804,43
458,2,681,381,300,0,0,0,1.0,1,1.0,1,1.0,1,0.09337279766512281,43
459,0,681,381,300,0,0,0,1.0,1,1.0,1,1.0,1,0.07345007031613113,44
460,0,681,381,300,0,0,0,1.0,1,1.0,1,1.0,1,0.0952396361454067,47
461,2,683,382,301,0,0,0,1.0,1,1.0,1,1.0,1,0.06567287625847659,48
462,0,683,382,301,0,0,0,1.0,1,1.0,1,1.0,1,0.04749258078611088,49
463,0,683,382,301,0,0,0,1.0,1,1.0,1,1.0,1,0.08469546273489083,47
464,1,684,383,301,0,0,0,1.0,1,1.0,1,1.0,1,0.04490158661130977,48
465,4,688,387,301,0,0,0,1.0,1,1.0,1,1.0,1,0.06860217996331926,47
466,3,691,390,301,0,0,0,1.0,1,1.0,1,1.0,1,0.09984410682213041,46
467,3,694,393,301,0,0,0,1.0,1,1.0,1,1.0,1,0.08013406041636253,44
468,3,697,396,301,0,0,0,1.0,1,1.0,1,1.0,1,0.12737948401643961,41
469,4,701,400,301,0,0,0,1.0,1,1.0,1,1.0,1,0.11999836243288788,40
470,2,703,402,301,0,0,0,1.0,1,1.0,1,1.0,1,0.1313250822394215,39
471,4,707,405,302,0,0,0,1.0,1,1.0,1,1.0,1,0.07959939309810743,38
472,2,709,406,303,0,0,0,1.0,1,1.0,1,1.0,1,0.06672905124549337,36
473,1,710,407,303,0,0,0,1.0,1,1.0,1,1.0,1,0.06289231254618266,36
474,1,711,408,303,0,0,0,1.0,1,1.0,1,1.0,1,0.10042504840107347,34
475,1,712,409,303,0,0,0,1.0,1,1.0,1,1.0,1,0.12405063421644037,34
476,1,713,410,303,0,0,0,1.0,1,1.0,1,1.0,1,0.16797121794237535,32
477,0,713,410,303,0,0,0,1.0,1,1.0,1,1.0,1,0.1681685705369494,32
478,1,714,411,303,0,0,0,1.0,1,1.0,1,1.0,1,0.17840033542897327,30
479,0,714,411,303,0,0,0,1.0,1,1.0,1,1.0,1,0.1920376398691379,31
480,0,714,411,303,0,0,0,1.0,1,1.0,1,1.0,1,0.20795634673511276,27
481,2,716,412,304,0,0,0,1.0,1,1.0,1,1.0,1,0.1429843977504343,28
482,3,719,414,305,0,0,0,1.0,1,1.0,1,1.0,1,0.1243121287178331,28
483,2,721,416,305,0,0,0,1.0,1,1.0,1,1.0,1,0.09657178597733995,29
484,1,722,417,305,0,0,0,1.0,1,1.0,1,1.0,1,0.1314692293293967,29
485,0,722,417,305,0,0,0,1.0,1,1.0,1,1.0,1,0.1314692293293967,29
486,1,723,418,305,0,0,0,1.0,1,1.0,1,1.0,1,0.13839485327979886,31
487,2,725,418,307,0,0,0,1.0,1,1.0,1,1.0,1,0.10962811999533646,33
488,0,725,418,307,0,0,0,1.0,1,1.0,1,1.0,1,0.12274976810457748,34
489,2,727,420,307,0,0,0,1.0,1,1.0,1,1.0,1,0.18802543130662508,34
490,1,728,420,308,0,0,0,1.0,1,1.0,1,1.0,1,0.15392625468767945,34
491,2,730,420,310,0,0,0,1.0,1,1.0,1,1.0,1,0.10842748227181512,34
492,0,730,420,310,0,0,0,1.0,1,1.0,1,1.0,1,0.10842748227181512,34
493,4,734,423,311,0,0,0,1.0,1,1.0,1,1.0,1,0.08672184069039435,34
494,0,734,423,311,0,0,0,1.0,1,1.0,1,1.0,1,0.11451618463711545,36
495,0,734,423,311,0,0,0,1.0,1,1.0,1,1.0,1,0.11451618463711545,36
496,1,735,424,311,0,0,0,1.0,1,1.0,1,1.0,1,0.09789149848976317,37
497,0,735,424,311,0,0,0,1.0,1,1.0,1,1.0,1,0.0855721094378958,39
498,1,736,425,311,0,0,0,1.0,1,1.0,1,1.0,1,0.11433868203672427,40
499,0,736,425,311,0,0,0,1.0,1,1.0,1,1.0,1,0.11433868203672427,40
500,1,737,426,311,0,0,0,1.0,1,1.0,1,1.0,1,0.13616590839076254,42
501,5,742,428,314,0,0,0,1.0,1,1.0,1,1.0,1,0.054156084523009504,42
502,1,743,428,315,0,0,0,1.0,1,1.0,1,1.0,1,0.044738568423258525,42
503,4,747,431,316,0,0,0,1.0,1,1.0,1,1.0,1,0.07661597092831263,41
504,0,747,431,316,0,0,0,1.0,1,1.0,1,1.0,1,0.09335570846794969,42
505,2,749,433,316,0,0,0,1.0,1,1.0,1,1.0,1,0.14473586554733606,38
506,0,749,433,316,0,0,0,1.0,1,1.0,1,1.0,1,0.16179610651424747,37
507,2,751,434,317,0,0,0,1.0,1,1.0,1,1.0,1,0.18400245529693454,35
508,2,753,436,317,0,0,0,1.0,1,1.0,1,1.0,1,0.23734401400807212,35
509,2,755,437,318,0,0,0,1.0,1,1.0,1,1.0,1,0.2444807726055734,34
510,0,755,437,318,0,0,0,1.0,1,1.0,1,1.0,1,0.25818990248113294,34
511,4,759,438,321,0,0,0,1.0,1,1.0,1,1.0,1,0.13216596709672895,32
512,0,759,438,321,0,0,0,1.0,1,1.0,1,1.0,1,0.1430007201060376,30
513,0,759,438,321,0,0,0,1.0,1,1.0,1,1.0,1,0.13231487142083337,31
514,0,759,438,321,0,0,0,1.0,1,1.0,1,1.0,1,0.13231487142083337,31
515,1,760,438,322,0,0,0,1.0,1,1.0,1,1.0,1,0.09947453143253665,32
516,2,762,438,324,0,0,0,1.0,1,1.0,1,1.0,1,0.038078391856992515,31
517,0,762,438,324,0,0,0,1.0,1,1.0,1,1.0,1,0.04751543623489229,32
518,0,762,438,324,0,0,0,1.0,1,1.0,1,1.0,1,0.06632090011623795,31
519,2,764,440,324,0,0,0,1.0,1,1.0,1,1.0,1,0.13279205137124736,31
520,3,767,442,325,0,0,0,1.0,1,1.0,1,1.0,1,0.08565290685249977,33
521,1,768,443,325,0,0,0,1.0,1,1.0,1,1.0,1,0.08420605646920827,34
522,1,769,443,326,0,0,0,1.0,1,1.0,1,1.0,1,0.06473294033335213,34
523,0,769,443,326,0,0,0,1.0,1,1.0,1,1.0,1,0.06119532565897268,33
524,3,772,445,327,0,0,0,1.0,1,1.0,1,1.0,1,0.03147750437565278,34
525,0,772,445,327,0,0,0,1.0,1,1.0,1,1.0,1,0.02576071734846085,32
526,1,773,446,327,0,0,0,1.0,1,1.0,1,1.0,1,0.04944493186437978,32
527,0,773,446,327,0,0,0,1.0,1,1.0,1,1.0,1,0.052014313445116075,31
528,0,773,446,327,0,0,0,1.0,1,1.0,1,1.0,1,0.052014313445116075,31
529,0,773,446,327,0,0,0,1.0,1,1.0,1,1.0,1,0.07586591144476952,30
530,1,774,447,327,0,0,0,1.0,1,1.0,1,1.0,1,0.1247245271153138,30
531,1,775,448,327,0,0,0,1.0,1,1.0,1,1.0,1,0.13472622195554018,32
532,3,778,450,328,0,0,0,1.0,1,1.0,1,1.0,1,0.177783425657609,32
533,5,783,453,330,0,0,0,1.0,1,1.0,1,1.0,1,0.16082287396871037,34
534,4,787,454,333,0,0,0,1.0,1,1.0,1,1.0,1,0.18009497043531666,34
535,7,794,455,339,0,0,0,1.0,1,1.0,1,1.0,1,0.20386034314232962,37
536,3,797,455,342,0,0,0,1.0,1,1.0,1,1.0,1,0.23646817631698852,37
537,5,802,456,346,0,0,0,1.0,1,1.0,1,1.0,1,0.23324469457408809,37
538,2,804,456,348,0,0,0,1.0,1,1.0,1,1.0,1,0.23389749999863207,38
539,1,805,456,349,0,0,0,1.0,1,1.0,1,1.0,1,0.21731818952768386,38
540,1,806,456,350,0,0,0,1.0,1,1.0,1,1.0,1,0.22047521589062014,38
541,1,807,456,351,0,0,0,1.0,1,1.0,1,1.0,1,0.17983849665601473,39
542,2,809,458,351,0,0,0,1.0,1,1.0,1,1.0,1,0.19544558480111227,40
543,2,811,460,351,0,0,0,1.0,1,1.0,1,1.0,1,0.23040433227755097,37
544,0,811,460,351,0,0,0,1.0,1,1.0,1,1.0,1,0.23217381750628607,35
545,1,812,461,351,0,0,0,1.0,1,1.0,1,1.0,1,0.18362354909564862,35
546,1,813,462,351,0,0,0,1.0,1,1.0,1,1.0,1,0.17815119010292116,35
547,2,815,464,351,0,0,0,1.0,1,1.0,1,1.0,1,0.1967460847843238,34
548,1,816,465,351,0,0,0,1.0,1,1.0,1,1.0,1,0.23347049720763488,34
549,1,817,466,351,0,0,0,1.0,1,1.0,1,1.0,1,0.26759195463034485,31
550,0,817,466,351,0,0,0,1.0,1,1.0,1,1.0,1,0.25382558933785204,30
551,2,819,468,351,0,0,0,1.0,1,1.0,1,1.0,1,0.22801935165494414,31
552,0,819,468,351,0,0,0,1.0,1,1.0,1,1.0,1,0.191299982456349,29
553,1,820,468,352,0,0,0,1.0,1,1.0,1,1.0,1,0.14785234173123843,30
554,0,820,468,352,0,0,0,1.0,1,1.0,1,1.0,1,0.13338222223234134,30
555,2,822,468,354,0,0,0,1.0,1,1.0,1,1.0,1,0.06464924118061795,30
556,1,823,468,355,0,0,0,1.0,1,1.0,1,1.0,1,0.05214289253702631,31
557,1,824,469,355,0,0,0,1.0,1,1.0,1,1.0,1,0.08489775377137813,31
558,1,825,470,355,0,0,0,1.0,1,1.0,1,1.0,1,0.09421157761097314,31
559,1,826,471,355,0,0,0,1.0,1,1.0,1,1.0,1,0.06882022965799532,31
560,3,829,472,357,0,0,0,1.0,1,1.0,1,1.0,1,0.052560209583410476,32
561,2,831,474,357,0,0,0,1.0,1,1.0,1,1.0,1,0.13931816988786755,33
562,2,833,475,358,0,0,0,1.0,1,1.0,1,1.0,1,0.1668465081182195,33
563,3,836,477,359,0,0,0,1.0,1,1.0,1,1.0,1,0.22976556186257666,33
564,1,837,477,360,0,0,0,1.0,1,1.0,1,1.0,1,0.21851112192242586,34
565,0,837,477,360,0,0,0,1.0,1,1.0,1,1.0,1,0.20885472944235497,35
566,2,839,479,360,0,0,0,1.0,1,1.0,1,1.0,1,0.18131107876264188,36
567,0,839,479,360,0,0,0,1.0,1,1.0,1,1.0,1,0.1522799494342426,37
568,5,844,482,362,0,0,0,1.0,1,1.0,1,1.0,1,0.12110373106200666,36
569,2,846,484,362,0,0,0,1.0,1,1.0,1,1.0,1,0.09097957865106894,37
570,1,847,485,362,0,0,0,1.0,1,1.0,1,1.0,1,0.09750402020481173,38
571,2,849,486,363,0,0,0,1.0,1,1.0,1,1.0,1,0.06792337926200662,38
572,0,849,486,363,0,0,0,1.0,1,1.0,1,1.0,1,0.05244462999905658,39
573,0,849,486,363,0,0,0,1.0,1,1.0,1,1.0,1,0.05244462999905658,39
574,0,849,486,363,0,0,0,1.0,1,1.0,1,1.0,1,0.031603219124097526,41
575,0,849,486,363,0,0,0,1.0,1,1.0,1,1.0,1,0.031603219124097526,41
576,0,849,486,363,0,0,0,1.0,1,1.0,1,1.0,1,0.03687163248395759,42
577,0,849,486,363,0,0,0,1.0,1,1.0,1,1.0,1,0.03687163248395759,42
578,1,850,487,363,0,0,0,1.0,1,1.0,1,1.0,1,0.04363300160161354,41
579,1,851,488,363,0,0,0,1.0,1,1.0,1,1.0,1,0.06266437254518974,42
580,2,853,489,364,0,0,0,1.0,1,1.0,1,1.0,1,0.0701450399378241,43
581,2,855,491,364,0,0,0,1.0,1,1.0,1,1.0,1,0.08390008524846836,42
582,0,855,491,364,0,0,0,1.0,1,1.0,1,1.0,1,0.07849906898749624,41
583,4,859,495,364,0,0,0,1.0,1,1.0,1,1.0,1,0.08016956048959922,40
584,0,859,495,364,0,0,0,1.0,1,1.0,1,1.0,1,0.08204357229158948,38
585,4,863,499,364,0,0,0,1.0,1,1.0,1,1.0,1,0.18832219854730942,38
586,3,866,502,364,0,0,0,1.0,1,1.0,1,1.0,1,0.18569492341943794,37
587,2,868,504,364,0,0,0,1.0,1,1.0,1,1.0,1,0.22508482613373124,35
588,3,871,507,364,0,0,0,1.0,1,1.0,1,1.0,1,0.18175372757467484,35
589,0,871,507,364,0,0,0,1.0,1,1.0,1,1.0,1,0.20287241387236649,34
590,1,872,508,364,0,0,0,1.0,1,1.0,1,1.0,1,0.15757713265467543,36
591,4,876,510,366,0,0,0,1.0,1,1.0,1,1.0,1,0.0658027505756073,35
592,1,877,510,367,0,0,0,1.0,1,1.0,1,1.0,1,0.04199404850494102,37
593,1,878,511,367,0,0,0,1.0,1,1.0,1,1.0,1,0.03159762977355159,36
594,1,879,512,367,0,0,0,1.0,1,1.0,1,1.0,1,0.07356344920493489,35
595,2,881,514,367,0,0,0,1.0,1,1.0,1,1.0,1,0.1267351049600201,34
596,1,882,515,367,0,0,0,1.0,1,1.0,1,1.0,1,0.13350275883109447,34
597,3,885,518,367,0,0,0,1.0,1,1.0,1,1.0,1,0.15862902327024547,33
598,0,885,518,367,0,0,0,1.0,1,1.0,1,1.0,1,0.20441585034219784,33
599,2,887,520,367,0,0,0,1.0,1,1.0,1,1.0,1,0.2335217352055332,33
600,1,888,521,367,0,0,0,1.0,1,1.0,1,1.0,1,0.24472356904975665,33
601,3,891,521,370,0,0,0,1.0,1,1.0,1,1.0,1,0.1645121915507096,34
602,1,892,521,371,0,0,0,1.0,1,1.0,1,1.0,1,0.1754972452827586,35
603,2,894,521,373,0,0,0,1.0,1,1.0,1,1.0,1,0.1417365278777921,35
604,0,894,521,373,0,0,0,1.0,1,1.0,1,1.0,1,0.1316769414721553,35
605,0,894,521,373,0,0,0,1.0,1,1.0,1,1.0,1,0.1678579869992065,35
606,0,894,521,373,0,0,0,1.0,1,1.0,1,1.0,1,0.1529787250324066,35
607,0,894,521,373,0,0,0,1.0,1,1.0,1,1.0,1,0.1529787250324066,35
608,0,894,521,373,0,0,0,1.0,1,1.0,1,1.0,1,0.17746278387616507,36
609,0,894,521,373,0,0,0,1.0,1,1.0,1,1.0,1,0.17945033815025288,37
610,0,894,521,373,0,0,0,1.0,1,1.0,1,1.0,1,0.17945033815025288,37
611,7,901,523,378,0,0,0,1.0,1,1.0,1,1.0,1,0.06754806216056398,39
612,1,902,524,378,0,0,0,1.0,1,1.0,1,1.0,1,0.08121390899170296,39
613,1,903,525,378,0,0,0,1.0,1,1.0,1,1.0,1,0.09123233028203784,39
614,1,904,526,378,0,0,0,1.0,1,1.0,1,1.0,1,0.13015995113312812,39
615,1,905,526,379,0,0,0,1.0,1,1.0,1,1.0,1,0.13513991698469818,39
616,1,906,527,379,0,0,0,1.0,1,1.0,1,1.0,1,0.16457362861562155,38
617,2,908,529,379,0,0,0,1.0,1,1.0,1,1.0,1,0.17759288454684385,39
618,2,910,531,379,0,0,0,1.0,1,1.0,1,1.0,1,0.1772880285852209,40
619,2,912,533,379,0,0,0,1.0,1,1.0,1,1.0,1,0.1898911532808131,39
620,2,914,535,379,0,0,0,1.0,1,1.0,1,1.0,1,0.11278868860809062,38
621,4,918,537,381,0,0,0,1.0,1,1.0,1,1.0,1,0.0737852456254993,38
622,1,919,538,381,0,0,0,1.0,1,1.0,1,1.0,1,0.024505147871771802,38
623,1,920,539,381,0,0,0,1.0,1,1.0,1,1.0,1,0.04162790074942433,37
624,3,923,542,381,0,0,0,1.0,1,1.0,1,1.0,1,0.07463697873800873,33
625,2,925,544,381,0,0,0,1.0,1,1.0,1,1.0,1,0.058717569118181726,32
626,2,927,546,381,0,0,0,1.0,1,1.0,1,1.0,1,0.08388349353802446,31
627,2,929,548,381,0,0,0,1.0,1,1.0,1,1.0,1,0.15615979140854133,30
628,3,932,551,381,0,0,0,1.0,1,1.0,1,1.0,1,0.16281396897490302,32
629,0,932,551,381,0,0,0,1.0,1,1.0,1,1.0,1,0.1433277699134884,29
630,1,933,552,381,0,0,0,1.0,1,1.0,1,1.0,1,0.16846502406131514,29
631,4,937,554,383,0,0,0,1.0,1,1.0,1,1.0,1,0.21235084884989236,25
632,1,938,554,384,0,0,0,1.0,1,1.0,1,1.0,1,0.2116217320004324,24
633,1,939,555,384,0,0,0,1.0,1,1.0,1,1.0,1,0.27610082944866937,23
634,0,939,555,384,0,0,0,1.0,1,1.0,1,1.0,1,0.27610082944866937,23
635,0,939,555,384,0,0,0,1.0,1,1.0,1,1.0,1,0.3129722399930761,22
636,1,940,556,384,0,0,0,1.0,1,1.0,1,1.0,1,0.330197441808129,22
637,1,941,556,385,0,0,0,1.0,1,1.0,1,1.0,1,0.280415089721119,23
638,2,943,558,385,0,0,0,1.0,1,1.0,1,1.0,1,0.2720962741533266,23
639,0,943,558,385,0,0,0,1.0,1,1.0,1,1.0,1,0.25345567663448587,24
640,3,946,560,386,0,0,0,1.0,1,1.0,1,1.0,1,0.23331229039282003,24
641,1,947,560,387,0,0,0,1.0,1,1.0,1,1.0,1,0.22398744064408563,25
642,0,947,560,387,0,0,0,1.0,1,1.0,1,1.0,1,0.1825638043689011,26
643,1,948,560,388,0,0,0,1.0,1,1.0,1,1.0,1,0.11644180654338346,28
644,2,950,561,389,0,0,0,1.0,1,1.0,1,1.0,1,0.06471972677047481,28
645,2,952,562,390,0,0,0,1.0,1,1.0,1,1.0,1,0.02371692111225708,28
646,0,952,562,390,0,0,0,1.0,1,1.0,1,1.0,1,0.04897373533216182,29
647,3,955,563,392,0,0,0,1.0,1,1.0,1,1.0,1,0.09438506601558232,30
648,4,959,564,395,0,0,0,1.0,1,1.0,1,1.0,1,0.08404701418721158,30
649,2,961,566,395,0,0,0,1.0,1,1.0,1,1.0,1,0.10465201183384343,31
650,1,962,567,395,0,0,0,1.0,1,1.0,1,1.0,1,0.07572340196039391,31
651,0,962,567,395,0,0,0,1.0,1,1.0,1,1.0,1,0.09817588959228171,32
652,1,963,568,395,0,0,0,1.0,1,1.0,1,1.0,1,0.07654201402821215,32
653,0,963,568,395,0,0,0,1.0,1,1.0,1,1.0,1,0.08169117071854448,33
654,2,965,570,395,0,0,0,1.0,1,1.0,1,1.0,1,0.06732152713345797,33
655,1,966,571,395,0,0,0,1.0,1,1.0,1,1.0,1,0.07795866173397833,36
656,1,967,572,395,0,0,0,1.0,1,1.0,1,1.0,1,0.10535012207216564,36
657,1,968,573,395,0,0,0,1.0,1,1.0,1,1.0,1,0.1093568470501738,35
658,1,969,574,395,0,0,0,1.0,1,1.0,1,1.0,1,0.15172698667901846,33
659,2,971,576,395,0,0,0,1.0,1,1.0,1,1.0,1,0.204671190496448,35
660,1,972,577,395,0,0,0,1.0,1,1.0,1,1.0,1,0.15706759538730225,34
661,2,974,577,397,0,0,0,1.0,1,1.0,1,1.0,1,0.14118528231377128,33
662,1,975,578,397,0,0,0,1.0,1,1.0,1,1.0,1,0.0906575073827096,31
663,2,977,580,397,0,0,0,1.0,1,1.0,1,1.0,1,0.1665114225375518,29
664,1,978,580,398,0,0,0,1.0,1,1.0,1,1.0,1,0.11392188840146467,27
665,1,979,581,398,0,0,0,1.0,1,1.0,1,1.0,1,0.13908831571334782,27
666,0,979,581,398,0,0,0,1.0,1,1.0,1,1.0,1,0.14288256841849967,28
667,0,979,581,398,0,0,0,1.0,1,1.0,1,1.0,1,0.13228219462679197,26
668,1,980,582,398,0,0,0,1.0,1,1.0,1,1.0,1,0.14361463723257836,26
669,5,985,587,398,0,0,0,1.0,1,1.0,1,1.0,1,0.09046120522668415,25
670,1,986,587,399,0,0,0,1.0,1,1.0,1,1.0,1,0.16252225064327805,24
671,0,986,587,399,0,0,0,1.0,1,1.0,1,1.0,1,0.16252225064327805,24
672,2,988,588,400,0,0,0,1.0,1,1.0,1,1.0,1,0.2037925591856761,25
673,3,991,590,401,0,0,0,1.0,1,1.0,1,1.0,1,0.1484748623164852,25
674,0,991,590,401,0,0,0,1.0,1,1.0,1,1.0,1,0.1484748623164852,25
675,1,992,591,401,0,0,0,1.0,1,1.0,1,1.0,1,0.15292637560426445,26
676,3,995,593,402,0,0,0,1.0,1,1.0,1,1.0,1,0.10156586839873008,27
677,1,996,594,402,0,0,0,1.0,1,1.0,1,1.0,1,0.13448742358068472,28
678,0,996,594,402,0,0,0,1.0,1,1.0,1,1.0,1,0.13448742358068472,28
679,2,998,596,402,0,0,0,1.0,1,1.0,1,1.0,1,0.13353219645358072,30
680,0,998,596,402,0,0,0,1.0,1,1.0,1,1.0,1,0.15054927038708368,29
681,0,998,596,402,0,0,0,1.0,1,1.0,1,1.0,1,0.15054927038708368,29
682,0,998,596,402,0,0,0,1.0,1,1.0,1,1.0,1,0.13054486403796461,30
683,0,998,596,402,0,0,0,1.0,1,1.0,1,1.0,1,0.13054486403796461,30
684,0,998,596,402,0,0,0,1.0,1,1.0,1,1.0,1,0.13535373914302246,31
685,0,998,596,402,0,0,0,1.0,1,1.0,1,1.0,1,0.11501641120649804,30
686,5,1003,600,403,0,0,0,1.0,1,1.0,1,1.0,1,0.04549063631303008,30
687,1,1004,601,403,0,0,0,1.0,1,1.0,1,1.0,1,0.028244192176481806,30
688,0,1004,601,403,0,0,0,1.0,1,1.0,1,1.0,1,0.04948688191152232,31
689,1,1005,602,403,0,0,0,1.0,1,1.0,1,1.0,1,0.08644121448153808,32
690,0,1005,602,403,0,0,0,1.0,1,1.0,1,1.0,1,0.08644121448153808,32
691,1,1006,603,403,0,0,0,1.0,1,1.0,1,1.0,1,0.13875147447900094,32
692,3,1009,606,403,0,0,0,1.0,1,1.0,1,1.0,1,0.18247137012028236,32
693,1,1010,607,403,0,0,0,1.0,1,1.0,1,1.0,1,0.16847366255116705,34
694,2,1012,609,403,0,0,0,1.0,1,1.0,1,1.0,1,0.22292127313936605,36
695,1,1013,610,403,0,0,0,1.0,1,1.0,1,1.0,1,0.22843133380972927,34
696,2,1015,610,405,0,0,0,1.0,1,1.0,1,1.0,1,0.16992036666700774,33
697,0,1015,610,405,0,0,0,1.0,1,1.0,1,1.0,1,0.1707938817610052,33
698,3,1018,612,406,0,0,0,1.0,1,1.0,1,1.0,1,0.19574945372196384,34
699,0,1018,612,406,0,0,0,1.0,1,1.0,1,1.0,1,0.17877828915814875,33
700,1,1019,613,406,0,0,0,1.0,1,1.0,1,1.0,1,0.1392488020072967,32
701,0,1019,613,406,0,0,0,1.0,1,1.0,1,1.0,1,0.12833707052528973,33
702,3,1022,615,407,0,0,0,1.0,1,1.0,1,1.0,1,0.11927681161516578,34
703,2,1024,617,407,0,0,0,1.0,1,1.0,1,1.0,1,0.1246944920196296,32
704,0,1024,617,407,0,0,0,1.0,1,1.0,1,1.0,1,0.0974412954506982,31
705,2,1026,619,407,0,0,0,1.0,1,1.0,1,1.0,1,0.08971895462977768,33
706,1,1027,620,407,0,0,0,1.0,1,1.0,1,1.0,1,0.11774811841056225,33
707,1,1028,621,407,0,0,0,1.0,1,1.0,1,1.0,1,0.1710059050285162,31
708,1,1029,622,407,0,0,0,1.0,1,1.0,1,1.0,1,0.1940078481115874,31
709,1,1030,623,407,0,0,0,1.0,1,1.0,1,1.0,1,0.2450250367210479,30
710,0,1030,623,407,0,0,0,1.0,1,1.0,1,1.0,1,0.2450250367210479,30
711,4,1034,623,411,0,0,0,1.0,1,1.0,1,1.0,1,0.10855910541074756,30
712,0,1034,623,411,0,0,0,1.0,1,1.0,1,1.0,1,0.10472476151227357,30
713,1,1035,623,412,0,0,0,1.0,1,1.0,1,1.0,1,0.11042739145823689,31
714,1,1036,624,412,0,0,0,1.0,1,1.0,1,1.0,1,0.10532313749646142,31
715,1,1037,624,413,0,0,0,1.0,1,1.0,1,1.0,1,0.07492817249753182,30
716,0,1037,624,413,0,0,0,1.0,1,1.0,1,1.0,1,0.04875995953514805,31
717,0,1037,624,413,0,0,0,1.0,1,1.0,1,1.0,1,0.05339268027402636,32
718,2,1039,626,413,0,0,0,1.0,1,1.0,1,1.0,1,0.12886218043784944,32
719,2,1041,628,413,0,0,0,1.0,1,1.0,1,1.0,1,0.12347888884001898,32
720,0,1041,628,413,0,0,0,1.0,1,1.0,1,1.0,1,0.10346379854251408,34
721,1,1042,629,413,0,0,0,1.0,1,1.0,1,1.0,1,0.13903463899736904,34
722,0,1042,629,413,0,0,0,1.0,1,1.0,1,1.0,1,0.13903463899736904,34
723,1,1043,629,414,0,0,0,1.0,1,1.0,1,1.0,1,0.13994011111297483,35
724,1,1044,629,415,0,0,0,1.0,1,1.0,1,1.0,1,0.12944251542508917,36
725,0,1044,629,415,0,0,0,1.0,1,1.0,1,1.0,1,0.14540385743699116,37
726,0,1044,629,415,0,0,0,1.0,1,1.0,1,1.0,1,0.14540385743699116,37
727,1,1045,629,416,0,0,0,1.0,1,1.0,1,1.0,1,0.14350015133218788,38
728,0,1045,629,416,0,0,0,1.0,1,1.0,1,1.0,1,0.14556178321384308,39
729,0,1045,629,416,0,0,0,1.0,1,1.0,1,1.0,1,0.14556178321384308,39
730,0,1045,629,416,0,0,0,1.0,1,1.0,1,1.0,1,0.1378378068271364,40
731,2,1047,630,417,0,0,0,1.0,1,1.0,1,1.0,1,0.15412269057343744,40
732,1,1048,630,418,0,0,0,1.0,1,1.0,1,1.0,1,0.16363674102830744,41
733,2,1050,632,418,0,0,0,1.0,1,1.0,1,1.0,1,0.18460893940030618,41
734,1,1051,632,419,0,0,0,1.0,1,1.0,1,1.0,1,0.16590844153653292,42
735,2,1053,633,420,0,0,0,1.0,1,1.0,1,1.0,1,0.13610114220115319,42
736,0,1053,633,420,0,0,0,1.0,1,1.0,1,1.0,1,0.12457299587198008,41
737,1,1054,634,420,0,0,0,1.0,1,1.0,1,1.0,1,0.17531809793738629,41
738,0,1054,634,420,0,0,0,1.0,1,1.0,1,1.0,1,0.15393814898674815,39
739,0,1054,634,420,0,0,0,1.0,1,1.0,1,1.0,1,0.15393814898674815,39
740,0,1054,634,420,0,0,0,1.0,1,1.0,1,1.0,1,0.16450863159419268,39
741,1,1055,634,421,0,0,0,1.0,1,1.0,1,1.0,1,0.14316808470392048,38
742,0,1055,634,421,0,0,0,1.0,1,1.0,1,1.0,1,0.14668264083505192,39
743,1,1056,635,421,0,0,0,1.0,1,1.0,1,1.0,1,0.1321459096904545,39
744,3,1059,638,421,0,0,0,1.0,1,1.0,1,1.0,1,0.09957161629675916,39
745,3,1062,641,421,0,0,0,1.0,1,1.0,1,1.0,1,0.13161175005030476,39
746,3,1065,644,421,0,0,0,1.0,1,1.0,1,1.0,1,0.12044019120031577,40
747,1,1066,645,421,0,0,0,1.0,1,1.0,1,1.0,1,0.11221943190182937,41
748,1,1067,646,421,0,0,0,1.0,1,1.0,1,1.0,1,0.08878676876472832,41
749,0,1067,646,421,0,0,0,1.0,1,1.0,1,1.0,1,0.08878676876472832,41
750,3,1070,649,421,0,0,0,1.0,1,1.0,1,1.0,1,0.15561715461698747,39
751,3,1073,651,422,0,0,0,1.0,1,1.0,1,1.0,1,0.09404016960363404,41
752,3,1076,654,422,0,0,0,1.0,1,1.0,1,1.0,1,0.19142655394984937,41
753,4,1080,654,426,0,0,0,1.0,1,1.0,1,1.0,1,0.17596020671323326,41
754,3,1083,656,427,0,0,0,1.0,1,1.0,1,1.0,1,0.20587603587027925,41
755,1,1084,656,428,0,0,0,1.0,1,1.0,1,1.0,1,0.22355081938169907,41
756,0,1084,656,428,0,0,0,1.0,1,1.0,1,1.0,1,0.22355081938169907,41
757,1,1085,657,428,0,0,0,1.0,1,1.0,1,1.0,1,0.27650777211756206,39
758,0,1085,657,428,0,0,0,1.0,1,1.0,1,1.0,1,0.2635578601546657,39
759,0,1085,657,428,0,0,0,1.0,1,1.0,1,1.0,1,0.26352485484862337,39
760,1,1086,657,429,0,0,0,1.0,1,1.0,1,1.0,1,0.26751164387942894,40
761,3,1089,657,432,0,0,0,1.0,1,1.0,1,1.0,1,0.2041733304507484,41
762,1,1090,657,433,0,0,0,1.0,1,1.0,1,1.0,1,0.1912075277078762,42
763,0,1090,657,433,0,0,0,1.0,1,1.0,1,1.0,1,0.20530988701387448,43
764,2,1092,657,435,0,0,0,1.0,1,1.0,1,1.0,1,0.18217005536910408,43
765,2,1094,657,437,0,0,0,1.0,1,1.0,1,1.0,1,0.12724076894394007,45
766,1,1095,658,437,0,0,0,1.0,1,1.0,1,1.0,1,0.13638896166640033,45
767,0,1095,658,437,0,0,0,1.0,1,1.0,1,1.0,1,0.13889894641255732,46
768,0,1095,658,437,0,0,0,1.0,1,1.0,1,1.0,1,0.12776582854570323,45
769,3,1098,659,439,0,0,0,1.0,1,1.0,1,1.0,1,0.14557390613376223,46
770,1,1099,659,440,0,0,0,1.0,1,1.0,1,1.0,1,0.12596752419877638,47
771,3,1102,661,441,0,0,0,1.0,1,1.0,1,1.0,1,0.13490294434276168,47
772,0,1102,661,441,0,0,0,1.0,1,1.0,1,1.0,1,0.12442771591535601,46
773,2,1104,663,441,0,0,0,1.0,1,1.0,1,1.0,1,0.09726706997760244,45
774,0,1104,663,441,0,0,0,1.0,1,1.0,1,1.0,1,0.07221421527022126,45
775,2,1106,665,441,0,0,0,1.0,1,1.0,1,1.0,1,0.10670890896762752,45
776,0,1106,665,441,0,0,0,1.0,1,1.0,1,1.0,1,0.10142412010037678,43
777,0,1106,665,441,0,0,0,1.0,1,1.0,1,1.0,1,0.11455422913824613,44
778,2,1108,667,441,0,0,0,1.0,1,1.0,1,1.0,1,0.14761138139387975,45
779,0,1108,667,441,0,0,0,1.0,1,1.0,1,1.0,1,0.14761138139387975,45
780,2,1110,669,441,0,0,0,1.0,1,1.0,1,1.0,1,0.1935947947405226,45
781,0,1110,669,441,0,0,0,1.0,1,1.0,1,1.0,1,0.17978932080264726,46
782,0,1110,669,441,0,0,0,1.0,1,1.0,1,1.0,1,0.2136945959538781,47
783,1,1111,669,442,0,0,0,1.0,1,1.0,1,1.0,1,0.19284695583426098,46
784,0,1111,669,442,0,0,0,1.0,1,1.0,1,1.0,1,0.20027841884060635,45
785,0,1111,669,442,0,0,0,1.0,1,1.0,1,1.0,1,0.19810416143665913,43
786,1,1112,669,443,0,0,0,1.0,1,1.0,1,1.0,1,0.16793857138696708,43
787,2,1114,670,444,0,0,0,1.0,1,1.0,1,1.0,1,0.13117870920882382,43
788,0,1114,670,444,0,0,0,1.0,1,1.0,1,1.0,1,0.1340745171117529,44
789,1,1115,671,444,0,0,0,1.0,1,1.0,1,1.0,1,0.10131990757433779,46
790,2,1117,673,444,0,0,0,1.0,1,1.0,1,1.0,1,0.1601015029864139,46
791,2,1119,673,446,0,0,0,1.0,1,1.0,1,1.0,1,0.17005497919844922,46
792,1,1120,674,446,0,0,0,1.0,1,1.0,1,1.0,1,0.19116467767013154,47
793,1,1121,674,447,0,0,0,1.0,1,1.0,1,1.0,1,0.1933692281315266,48
794,3,1124,674,450,0,0,0,1.0,1,1.0,1,1.0,1,0.18209027484743112,48
795,0,1124,674,450,0,0,0,1.0,1,1.0,1,1.0,1,0.18885098910984321,47
796,0,1124,674,450,0,0,0,1.0,1,1.0,1,1.0,1,0.22606219101926558,45
797,1,1125,674,451,0,0,0,1.0,1,1.0,1,1.0,1,0.22027760502646093,47
798,2,1127,674,453,0,0,0,1.0,1,1.0,1,1.0,1,0.21199868967672195,48
799,1,1128,675,453,0,0,0,1.0,1,1.0,1,1.0,1,0.20311293211020706,48
800,2,1130,677,453,0,0,0,1.0,1,1.0,1,1.0,1,0.216630054610161,48
801,5,1135,678,457,0,0,0,1.0,1,1.0,1,1.0,1,0.1537849115758128,49
802,4,1139,680,459,0,0,0,1.0,1,1.0,1,1.0,1,0.18686390704129457,50
803,0,1139,680,459,0,0,0,1.0,1,1.0,1,1.0,1,0.18686390704129457,50
804,0,1139,680,459,0,0,0,1.0,1,1.0,1,1.0,1,0.18686390704129457,50
805,1,1140,681,459,0,0,0,1.0,1,1.0,1,1.0,1,0.20591667845515046,50
806,1,1141,681,460,0,0,0,1.0,1,1.0,1,1.0,1,0.1876070045667172,51
807,0,1141,681,460,0,0,0,1.0,1,1.0,1,1.0,1,0.1876070045667172,51
808,1,1142,681,461,0,0,0,1.0,1,1.0,1,1.0,1,0.18669296678767494,53
809,0,1142,681,461,0,0,0,1.0,1,1.0,1,1.0,1,0.1446939462447993,51
810,0,1142,681,461,0,0,0,1.0,1,1.0,1,1.0,1,0.15557208620361504,52
811,4,1146,683,463,0,0,0,1.0,1,1.0,1,1.0,1,0.18428374132661499,50
812,1,1147,683,464,0,0,0,1.0,1,1.0,1,1.0,1,0.16382622117743645,51
813,4,1151,685,466,0,0,0,1.0,1,1.0,1,1.0,1,0.19656232521564565,51
814,1,1152,685,467,0,0,0,1.0,1,1.0,1,1.0,1,0.18869342633434757,52
815,1,1153,686,467,0,0,0,1.0,1,1.0,1,1.0,1,0.18775918154489843,50
816,2,1155,687,468,0,0,0,1.0,1,1.0,1,1.0,1,0.16113436730551917,50
817,1,1156,688,468,0,0,0,1.0,1,1.0,1,1.0,1,0.18332841158651314,49
818,0,1156,688,468,0,0,0,1.0,1,1.0,1,1.0,1,0.18275120687219787,49
819,0,1156,688,468,0,0,0,1.0,1,1.0,1,1.0,1,0.17659944925811957,50
820,1,1157,689,468,0,0,0,1.0,1,1.0,1,1.0,1,0.19267969666424006,49
821,4,1161,690,471,0,0,0,1.0,1,1.0,1,1.0,1,0.18494512527765752,49
822,1,1162,690,472,0,0,0,1.0,1,1.0,1,1.0,1,0.17489846771550732,49
823,0,1162,690,472,0,0,0,1.0,1,1.0,1,1.0,1,0.19680790478460158,47
824,0,1162,690,472,0,0,0,1.0,1,1.0,1,1.0,1,0.2014636122341664,45
825,1,1163,691,472,0,0,0,1.0,1,1.0,1,1.0,1,0.20921931686634745,43
826,1,1164,692,472,0,0,0,1.0,1,1.0,1,1.0,1,0.1883218243231481,44
827,1,1165,693,472,0,0,0,1.0,1,1.0,1,1.0,1,0.20237832725375102,43
828,2,1167,695,472,0,0,0,1.0,1,1.0,1,1.0,1,0.2341054976139632,43
829,1,1168,696,472,0,0,0,1.0,1,1.0,1,1.0,1,0.23112280365925378,45
830,1,1169,697,472,0,0,0,1.0,1,1.0,1,1.0,1,0.23220577615878973,46
831,5,1174,698,476,0,0,0,1.0,1,1.0,1,1.0,1,0.14248215059718372,48
832,0,1174,698,476,0,0,0,1.0,1,1.0,1,1.0,1,0.15256897018083385,47
833,2,1176,699,477,0,0,0,1.0,1,1.0,1,1.0,1,0.1419885269978845,47
834,0,1176,699,477,0,0,0,1.0,1,1.0,1,1.0,1,0.1638295722297653,46
835,1,1177,700,477,0,0,0,1.0,1,1.0,1,1.0,1,0.16333603195392218,45
836,0,1177,700,477,0,0,0,1.0,1,1.0,1,1.0,1,0.17572705675375702,46
837,2,1179,701,478,0,0,0,1.0,1,1.0,1,1.0,1,0.15681753885482372,46
838,0,1179,701,478,0,0,0,1.0,1,1.0,1,1.0,1,0.16579721595776914,45
839,2,1181,702,479,0,0,0,1.0,1,1.0,1,1.0,1,0.158639195463914,46
840,0,1181,702,479,0,0,0,1.0,1,1.0,1,1.0,1,0.1716907275725178,46
841,4,1185,703,482,0,0,0,1.0,1,1.0,1,1.0,1,0.12403199733911682,46
842,2,1187,704,483,0,0,0,1.0,1,1.0,1,1.0,1,0.13135738725955556,46
843,2,1189,705,484,0,0,0,1.0,1,1.0,1,1.0,1,0.14876322055448835,46
844,1,1190,705,485,0,0,0,1.0,1,1.0,1,1.0,1,0.14134028467695203,47
845,3,1193,707,486,0,0,0,1.0,1,1.0,1,1.0,1,0.2022236459578273,48
846,0,1193,707,486,0,0,0,1.0,1,1.0,1,1.0,1,0.18943556096488853,47
847,1,1194,707,487,0,0,0,1.0,1,1.0,1,1.0,1,0.17709922743517123,48
848,2,1196,708,488,0,0,0,1.0,1,1.0,1,1.0,1,0.1866507214831559,48
849,0,1196,708,488,0,0,0,1.0,1,1.0,1,1.0,1,0.18779066162891114,48
850,0,1196,708,488,0,0,0,1.0,1,1.0,1,1.0,1,0.19520840960996197,46
851,4,1200,708,492,0,0,0,1.0,1,1.0,1,1.0,1,0.12459438028672913,45
852,0,1200,708,492,0,0,0,1.0,1,1.0,1,1.0,1,0.10715713795501305,44
853,1,1201,709,492,0,0,0,1.0,1,1.0,1,1.0,1,0.11215893666458325,44
854,2,1203,711,492,0,0,0,1.0,1,1.0,1,1.0,1,0.11717685680717625,45
855,0,1203,711,492,0,0,0,1.0,1,1.0,1,1.0,1,0.09576472701254465,46
856,1,1204,712,492,0,0,0,1.0,1,1.0,1,1.0,1,0.10791353443800224,46
857,1,1205,713,492,0,0,0,1.0,1,1.0,1,1.0,1,0.10972892181619161,47
858,0,1205,713,492,0,0,0,1.0,1,1.0,1,1.0,1,0.11197138663963778,48
859,2,1207,714,493,0,0,0,1.0,1,1.0,1,1.0,1,0.08998188671492581,48
860,0,1207,714,493,0,0,0,1.0,1,1.0,1,1.0,1,0.10383878147661987,49
861,3,1210,715,495,0,0,0,1.0,1,1.0,1,1.0,1,0.076713325465573,49
862,0,1210,715,495,0,0,0,1.0,1,1.0,1,1.0,1,0.076713325465573,49
863,1,1211,716,495,0,0,0,1.0,1,1.0,1,1.0,1,0.10262054846521067,48
864,0,1211,716,495,0,0,0,1.0,1,1.0,1,1.0,1,0.10445560834832332,49
865,3,1214,719,495,0,0,0,1.0,1,1.0,1,1.0,1,0.10880110135991478,48
866,1,1215,720,495,0,0,0,1.0,1,1.0,1,1.0,1,0.10156164287054789,50
867,3,1218,722,496,0,0,0,1.0,1,1.0,1,1.0,1,0.08638538095074785,50
868,3,1221,725,496,0,0,0,1.0,1,1.0,1,1.0,1,0.07402351067637093,51
869,0,1221,725,496,0,0,0,1.0,1,1.0,1,1.0,1,0.11007420626195959,49
870,1,1222,726,496,0,0,0,1.0,1,1.0,1,1.0,1,0.12897254252054227,49
871,4,1226,727,499,0,0,0,1.0,1,1.0,1,1.0,1,0.06578102399510258,49
872,0,1226,727,499,0,0,0,1.0,1,1.0,1,1.0,1,0.08778251430109808,48
873,2,1228,729,499,0,0,0,1.0,1,1.0,1,1.0,1,0.1015297543049583,49
874,1,1229,730,499,0,0,0,1.0,1,1.0,1,1.0,1,0.09469402114750866,49
875,1,1230,730,500,0,0,0,1.0,1,1.0,1,1.0,1,0.08028802532114328,50
876,3,1233,732,501,0,0,0,1.0,1,1.0,1,1.0,1,0.11321278015142439,50
877,1,1234,733,501,0,0,0,1.0,1,1.0,1,1.0,1,0.1249477671923336,50
878,1,1235,734,501,0,0,0,1.0,1,1.0,1,1.0,1,0.1567350618536856,49
879,1,1236,735,501,0,0,0,1.0,1,1.0,1,1.0,1,0.16899468724866593,49
880,1,1237,736,501,0,0,0,1.0,1,1.0,1,1.0,1,0.18843000039219135,48
881,6,1243,738,505,0,0,0,1.0,1,1.0,1,1.0,1,0.13932140139708016,49
882,1,1244,738,506,0,0,0,1.0,1,1.0,1,1.0,1,0.12697757476492527,48
883,2,1246,739,507,0,0,0,1.0,1,1.0,1,1.0,1,0.11750837237502036,50
884,0,1246,739,507,0,0,0,1.0,1,1.0,1,1.0,1,0.11989864562013448,50
885,2,1248,741,507,0,0,0,1.0,1,1.0,1,1.0,1,0.12757844022037132,49
886,0,1248,741,507,0,0,0,1.0,1,1.0,1,1.0,1,0.12951293349336093,49
887,3,1251,743,508,0,0,0,1.0,1,1.0,1,1.0,1,0.1699756994484096,49
888,1,1252,743,509,0,0,0,1.0,1,1.0,1,1.0,1,0.13240165236363177,47
889,1,1253,744,509,0,0,0,1.0,1,1.0,1,1.0,1,0.17468574649089297,46
890,1,1254,745,509,0,0,0,1.0,1,1.0,1,1.0,1,0.12439004606813409,44
891,3,1257,745,512,0,0,0,1.0,1,1.0,1,1.0,1,0.07933491699677435,45
892,1,1258,746,512,0,0,0,1.0,1,1.0,1,1.0,1,0.10078559067812268,45
893,0,1258,746,512,0,0,0,1.0,1,1.0,1,1.0,1,0.10078559067812268,45
894,0,1258,746,512,0,0,0,1.0,1,1.0,1,1.0,1,0.08747532681570866,44
895,3,1261,749,512,0,0,0,1.0,1,1.0,1,1.0,1,0.09436883201918765,45
896,2,1263,750,513,0,0,0,1.0,1,1.0,1,1.0,1,0.0705716191438191,44
897,0,1263,750,513,0,0,0,1.0,1,1.0,1,1.0,1,0.0705716191438191,44
898,1,1264,751,513,0,0,0,1.0,1,1.0,1,1.0,1,0.05518965769531138,45
899,0,1264,751,513,0,0,0,1.0,1,1.0,1,1.0,1,0.07180117071799579,44
900,0,1264,751,513,0,0,0,1.0,1,1.0,1,1.0,1,0.07885958106243401,46
901,1,1265,751,514,0,0,0,1.0,1,1.0,1,1.0,1,0.09155024138547,45
902,3,1268,753,515,0,0,0,1.0,1,1.0,1,1.0,1,0.1300813944967644,45
903,1,1269,754,515,0,0,0,1.0,1,1.0,1,1.0,1,0.1882845016475702,44
904,2,1271,755,516,0,0,0,1.0,1,1.0,1,1.0,1,0.19514350065608385,45
905,2,1273,756,517,0,0,0,1.0,1,1.0,1,1.0,1,0.20937825817346406,45
906,1,1274,757,517,0,0,0,1.0,1,1.0,1,1.0,1,0.2382000997658538,45
907,1,1275,757,518,0,0,0,1.0,1,1.0,1,1.0,1,0.2125096948992448,46
908,2,1277,759,518,0,0,0,1.0,1,1.0,1,1.0,1,0.18933857992607003,46
909,1,1278,760,518,0,0,0,1.0,1,1.0,1,1.0,1,0.19296095608612537,46
910,0,1278,760,518,0,0,0,1.0,1,1.0,1,1.0,1,0.23965265493785312,44
911,4,1282,760,522,0,0,0,1.0,1,1.0,1,1.0,1,0.1742761969133314,45
912,1,1283,760,523,0,0,0,1.0,1,1.0,1,1.0,1,0.167634316350115,44
913,1,1284,760,524,0,0,0,1.0,1,1.0,1,1.0,1,0.17278272518724186,45
914,2,1286,761,525,0,0,0,1.0,1,1.0,1,1.0,1,0.18569495729702162,45
915,0,1286,761,525,0,0,0,1.0,1,1.0,1,1.0,1,0.18569495729702162,45
916,0,1286,761,525,0,0,0,1.0,1,1.0,1,1.0,1,0.18569495729702162,45
917,0,1286,761,525,0,0,0,1.0,1,1.0,1,1.0,1,0.19915585916726658,46
918,2,1288,762,526,0,0,0,1.0,1,1.0,1,1.0,1,0.18346363020066403,47
919,0,1288,762,526,0,0,0,1.0,1,1.0,1,1.0,1,0.18346363020066403,47
920,1,1289,763,526,0,0,0,1.0,1,1.0,1,1.0,1,0.19506311188973638,47
921,8,1297,765,532,0,0,0,1.0,1,1.0,1,1.0,1,0.13455880869140174,49
922,2,1299,767,532,0,0,0,1.0,1,1.0,1,1.0,1,0.137929591962217,49
923,3,1302,769,533,0,0,0,1.0,1,1.0,1,1.0,1,0.13252004708095766,47
924,2,1304,771,533,0,0,0,1.0,1,1.0,1,1.0,1,0.13370921182638196,47
925,1,1305,772,533,0,0,0,1.0,1,1.0,1,1.0,1,0.15888717771959868,47
926,4,1309,775,534,0,0,0,1.0,1,1.0,1,1.0,1,0.15728492408058087,46
927,1,1310,776,534,0,0,0,1.0,1,1.0,1,1.0,1,0.14268284082480095,45
928,0,1310,776,534,0,0,0,1.0,1,1.0,1,1.0,1,0.1372370658048857,43
929,0,1310,776,534,0,0,0,1.0,1,1.0,1,1.0,1,0.1581038369014114,42
930,0,1310,776,534,0,0,0,1.0,1,1.0,1,1.0,1,0.15511024680731586,41
931,5,1315,776,539,0,0,0,1.0,1,1.0,1,1.0,1,0.06474278764255155,40
932,0,1315,776,539,0,0,0,1.0,1,1.0,1,1.0,1,0.06474278764255155,40
933,0,1315,776,539,0,0,0,1.0,1,1.0,1,1.0,1,0.07686457019221365,39
934,0,1315,776,539,0,0,0,1.0,1,1.0,1,1.0,1,0.07686457019221365,39
935,4,1319,780,539,0,0,0,1.0,1,1.0,1,1.0,1,0.16483912120873206,41
936,0,1319,780,539,0,0,0,1.0,1,1.0,1,1.0,1,0.14009298864785305,42
937,2,1321,782,539,0,0,0,1.0,1,1.0,1,1.0,1,0.224213536497818,43
938,2,1323,783,540,0,0,0,1.0,1,1.0,1,1.0,1,0.21168477618698664,44
939,1,1324,783,541,0,0,0,1.0,1,1.0,1,1.0,1,0.2083826279205096,46
940,1,1325,783,542,0,0,0,1.0,1,1.0,1,1.0,1,0.1874062636410614,46
941,3,1328,784,544,0,0,0,1.0,1,1.0,1,1.0,1,0.18915862587340665,46
942,1,1329,784,545,0,0,0,1.0,1,1.0,1,1.0,1,0.17670272994871758,46
943,0,1329,784,545,0,0,0,1.0,1,1.0,1,1.0,1,0.18844410595874803,45
944,1,1330,784,546,0,0,0,1.0,1,1.0,1,1.0,1,0.17390733731506286,45
945,2,1332,785,547,0,0,0,1.0,1,1.0,1,1.0,1,0.18852534694201548,44
946,1,1333,785,548,0,0,0,1.0,1,1.0,1,1.0,1,0.1517231000784135,46
947,0,1333,785,548,0,0,0,1.0,1,1.0,1,1.0,1,0.1780103134278351,44
948,0,1333,785,548,0,0,0,1.0,1,1.0,1,1.0,1,0.1780103134278351,44
949,3,1336,785,551,0,0,0,1.0,1,1.0,1,1.0,1,0.20447863860213167,44
950,0,1336,785,551,0,0,0,1.0,1,1.0,1,1.0,1,0.22973858686518703,43
951,5,1341,785,556,0,0,0,1.0,1,1.0,1,1.0,1,0.17551112048058087,42
952,0,1341,785,556,0,0,0,1.0,1,1.0,1,1.0,1,0.17551112048058087,42
953,0,1341,785,556,0,0,0,1.0,1,1.0,1,1.0,1,0.17331670311098843,41
954,1,1342,786,556,0,0,0,1.0,1,1.0,1,1.0,1,0.18676990504598873,40
955,1,1343,786,557,0,0,0,1.0,1,1.0,1,1.0,1,0.16313007840158703,42
956,1,1344,787,557,0,0,0,1.0,1,1.0,1,1.0,1,0.15472906462810454,43
957,0,1344,787,557,0,0,0,1.0,1,1.0,1,1.0,1,0.17312434331365367,42
958,1,1345,787,558,0,0,0,1.0,1,1.0,1,1.0,1,0.18549619153905642,43
959,1,1346,788,558,0,0,0,1.0,1,1.0,1,1.0,1,0.22627910187204953,45
960,4,1350,789,561,0,0,0,1.0,1,1.0,1,1.0,1,0.23017178870503155,47
961,3,1353,790,563,0,0,0,1.0,1,1.0,1,1.0,1,0.21218473806181648,45
962,0,1353,790,563,0,0,0,1.0,1,1.0,1,1.0,1,0.20262450476486965,45
963,2,1355,791,564,0,0,0,1.0,1,1.0,1,1.0,1,0.22047105017401866,44
964,1,1356,791,565,0,0,0,1.0,1,1.0,1,1.0,1,0.19911061279989478,44
965,1,1357,791,566,0,0,0,1.0,1,1.0,1,1.0,1,0.17323921677299886,45
966,1,1358,792,566,0,0,0,1.0,1,1.0,1,1.0,1,0.16924738439259793,43
967,1,1359,792,567,0,0,0,1.0,1,1.0,1,1.0,1,0.16032214850449633,43
968,0,1359,792,567,0,0,0,1.0,1,1.0,1,1.0,1,0.15400910981673988,43
969,1,1360,792,568,0,0,0,1.0,1,1.0,1,1.0,1,0.15420111866246178,42
970,0,1360,792,568,0,0,0,1.0,1,1.0,1,1.0,1,0.1614184778579281,42
971,1,1361,792,569,0,0,0,1.0,1,1.0,1,1.0,1,0.13533622635243578,42
972,0,1361,792,569,0,0,0,1.0,1,1.0,1,1.0,1,0.13533622635243578,42
973,1,1362,792,570,0,0,0,1.0,1,1.0,1,1.0,1,0.09880834180057203,43
974,0,1362,792,570,0,0,0,1.0,1,1.0,1,1.0,1,0.09880834180057203,43
975,0,1362,792,570,0,0,0,1.0,1,1.0,1,1.0,1,0.1030087018501172,43
976,0,1362,792,570,0,0,0,1.0,1,1.0,1,1.0,1,0.11401487189058239,45
977,1,1363,793,570,0,0,0,1.0,1,1.0,1,1.0,1,0.11224475308445854,44
978,0,1363,793,570,0,0,0,1.0,1,1.0,1,1.0,1,0.11224475308445854,44
979,0,1363,793,570,0,0,0,1.0,1,1.0,1,1.0,1,0.14431862977618107,45
980,1,1364,794,570,0,0,0,1.0,1,1.0,1,1.0,1,0.13924494257424536,45
981,1,1365,794,571,0,0,0,1.0,1,1.0,1,1.0,1,0.12862443508247656,45
982,3,1368,796,572,0,0,0,1.0,1,1.0,1,1.0,1,0.1808470260772631,46
983,2,1370,797,573,0,0,0,1.0,1,1.0,1,1.0,1,0.1754754491633213,45
984,1,1371,798,573,0,0,0,1.0,1,1.0,1,1.0,1,0.17654406875933434,45
985,5,1376,802,574,0,0,0,1.0,1,1.0,1,1.0,1,0.2150737309741841,45
986,0,1376,802,574,0,0,0,1.0,1,1.0,1,1.0,1,0.21407969982199265,44
987,1,1377,803,574,0,0,0,1.0,1,1.0,1,1.0,1,0.24028116811597358,45
988,3,1380,805,575,0,0,0,1.0,1,1.0,1,1.0,1,0.27108694333717503,44
989,0,1380,805,575,0,0,0,1.0,1,1.0,1,1.0,1,0.28160763271529815,43
990,1,1381,806,575,0,0,0,1.0,1,1.0,1,1.0,1,0.2928675692509125,42
991,5,1386,806,580,0,0,0,1.0,1,1.0,1,1.0,1,0.15308937466104552,42
992,0,1386,806,580,0,0,0,1.0,1,1.0,1,1.0,1,0.151976618399258,43
993,0,1386,806,580,0,0,0,1.0,1,1.0,1,1.0,1,0.151976618399258,43
994,0,1386,806,580,0,0,0,1.0,1,1.0,1,1.0,1,0.1693764027823132,43
995,0,1386,806,580,0,0,0,1.0,1,1.0,1,1.0,1,0.12283834985692994,43
996,0,1386,806,580,0,0,0,1.0,1,1.0,1,1.0,1,0.13261553263154344,44
997,1,1387,807,580,0,0,0,1.0,1,1.0,1,1.0,1,0.17347172919617151,44
998,1,1388,807,581,0,0,0,1.0,1,1.0,1,1.0,1,0.1755609472158047,45
999,0,1388,807,581,0,0,0,1.0,1,1.0,1,1.0,1,0.18198259310451267,42
1000,0,1388,807,581,0,0,0,1.0,1,1.0,1,1.0,1,0.17149403092848156,43
1001,1,1389,807,582,0,0,0,1.0,1,1.0,1,1.0,1,0.1343929827675746,42
1002,0,1389,807,582,0,0,0,1.0,1,1.0,1,1.0,1,0.14773709570108587,43
1003,1,1390,807,583,0,0,0,1.0,1,1.0,1,1.0,1,0.13699210462019257,43
1004,1,1391,807,584,0,0,0,1.0,1,1.0,1,1.0,1,0.10170121275182863,43
1005,1,1392,807,585,0,0,0,1.0,1,1.0,1,1.0,1,0.09783244728132497,44
1006,1,1393,807,586,0,0,0,1.0,1,1.0,1,1.0,1,0.09556194446714886,46
1007,0,1393,807,586,0,0,0,1.0,1,1.0,1,1.0,1,0.09556194446714886,46
1008,0,1393,807,586,0,0,0,1.0,1,1.0,1,1.0,1,0.10765390831323418,47
1009,1,1394,808,586,0,0,0,1.0,1,1.0,1,1.0,1,0.10269646350902183,48
1010,1,1395,809,586,0,0,0,1.0,1,1.0,1,1.0,1,0.11840385011453355,48
1011,2,1397,810,587,0,0,0,1.0,1,1.0,1,1.0,1,0.12242565912570069,48
1012,2,1399,812,587,0,0,0,1.0,1,1.0,1,1.0,1,0.15936961815124404,49
1013,1,1400,813,587,0,0,0,1.0,1,1.0,1,1.0,1,0.16312194366607458,50
1014,1,1401,814,587,0,0,0,1.0,1,1.0,1,1.0,1,0.18455770296377877,50
1015,1,1402,814,588,0,0,0,1.0,1,1.0,1,1.0,1,0.17366096023591657,51
1016,2,1404,815,589,0,0,0,1.0,1,1.0,1,1.0,1,0.1572291860174549,51
1017,0,1404,815,589,0,0,0,1.0,1,1.0,1,1.0,1,0.16688598520887393,52
1018,1,1405,816,589,0,0,0,1.0,1,1.0,1,1.0,1,0.18383945263290397,52
1019,2,1407,816,591,0,0,0,1.0,1,1.0,1,1.0,1,0.19641061283816183,52
1020,1,1408,816,592,0,0,0,1.0,1,1.0,1,1.0,1,0.16223554808401622,53
1021,0,1408,816,592,0,0,0,1.0,1,1.0,1,1.0,1,0.16833364363888267,53
1022,0,1408,816,592,0,0,0,1.0,1,1.0,1,1.0,1,0.1603534514978437,54
1023,2,1410,816,594,0,0,0,1.0,1,1.0,1,1.0,1,0.10926221952357938,55
1024,0,1410,816,594,0,0,0,1.0,1,1.0,1,1.0,1,0.1280640734419057,55
1025,1,1411,816,595,0,0,0,1.0,1,1.0,1,1.0,1,0.11482352901940758,56
1026,1,1412,816,596,0,0,0,1.0,1,1.0,1,1.0,1,0.10284099765435616,57
1027,0,1412,816,596,0,0,0,1.0,1,1.0,1,1.0,1,0.0825334882824449,58
1028,2,1414,818,596,0,0,0,1.0,1,1.0,1,1.0,1,0.11597802535439619,58
1029,3,1417,819,598,0,0,0,1.0,1,1.0,1,1.0,1,0.11733877662271736,59
1030,0,1417,819,598,0,0,0,1.0,1,1.0,1,1.0,1,0.11223830138127261,60
1031,1,1418,820,598,0,0,0,1.0,1,1.0,1,1.0,1,0.13743448458846544,60
1032,1,1419,820,599,0,0,0,1.0,1,1.0,1,1.0,1,0.1329028679518437,61
1033,0,1419,820,599,0,0,0,1.0,1,1.0,1,1.0,1,0.13894996341153512,60
1034,4,1423,823,600,0,0,0,1.0,1,1.0,1,1.0,1,0.12617851371759709,60
1035,2,1425,825,600,0,0,0,1.0,1,1.0,1,1.0,1,0.1657504333055672,59
1036,3,1428,827,601,0,0,0,1.0,1,1.0,1,1.0,1,0.16278637504940424,60
1037,3,1431,830,601,0,0,0,1.0,1,1.0,1,1.0,1,0.1954152002410761,59
1038,1,1432,831,601,0,0,0,1.0,1,1.0,1,1.0,1,0.1958752118890773,60
1039,3,1435,834,601,0,0,0,1.0,1,1.0,1,1.0,1,0.23903333803878785,60
1040,2,1437,835,602,0,0,0,1.0,1,1.0,1,1.0,1,0.24520709644019179,58
1041,7,1444,836,608,0,0,0,1.0,1,1.0,1,1.0,1,0.1485064941525486,56
1042,0,1444,836,608,0,0,0,1.0,1,1.0,1,1.0,1,0.14299695692711076,55
1043,0,1444,836,608,0,0,0,1.0,1,1.0,1,1.0,1,0.14299695692711076,55
1044,0,1444,836,608,0,0,0,1.0,1,1.0,1,1.0,1,0.13070108350778367,52
1045,0,1444,836,608,0,0,0,1.0,1,1.0,1,1.0,1,0.11317553313891307,52
1046,1,1445,837,608,0,0,0,1.0,1,1.0,1,1.0,1,0.12007358736308935,53
1047,1,1446,838,608,0,0,0,1.0,1,1.0,1,1.0,1,0.12206189715312915,54
1048,1,1447,839,608,0,0,0,1.0,1,1.0,1,1.0,1,0.14712879585693098,56
1049,3,1450,841,609,0,0,0,1.0,1,1.0,1,1.0,1,0.15469134283530725,55
1050,0,1450,841,609,0,0,0,1.0,1,1.0,1,1.0,1,0.1484488307399491,56
1051,2,1452,841,611,0,0,0,1.0,1,1.0,1,1.0,1,0.1060091357055443,55
1052,2,1454,841,613,0,0,0,1.0,1,1.0,1,1.0,1,0.09729844682739087,56
1053,1,1455,842,613,0,0,0,1.0,1,1.0,1,1.0,1,0.11295364502952594,56
1054,1,1456,843,613,0,0,0,1.0,1,1.0,1,1.0,1,0.09308736213901565,57
1055,1,1457,843,614,0,0,0,1.0,1,1.0,1,1.0,1,0.06627105793022516,58
1056,1,1458,843,615,0,0,0,1.0,1,1.0,1,1.0,1,0.055410929577938285,59
1057,0,1458,843,615,0,0,0,1.0,1,1.0,1,1.0,1,0.06997219500448837,60
1058,2,1460,844,616,0,0,0,1.0,1,1.0,1,1.0,1,0.08657515247366647,60
1059,2,1462,845,617,0,0,0,1.0,1,1.0,1,1.0,1,0.09324005762289957,60
1060,1,1463,846,617,0,0,0,1.0,1,1.0,1,1.0,1,0.11181704915580203,60
1061,7,1470,850,620,0,0,0,1.0,1,1.0,1,1.0,1,0.09441021460240463,59
1062,0,1470,850,620,0,0,0,1.0,1,1.0,1,1.0,1,0.09552142328732642,59
1063,1,1471,851,620,0,0,0,1.0,1,1.0,1,1.0,1,0.1154541626174856,58
1064,3,1474,853,621,0,0,0,1.0,1,1.0,1,1.0,1,0.1668333265131027,58
1065,1,1475,854,621,0,0,0,1.0,1,1.0,1,1.0,1,0.1390072549027561,60
1066,0,1475,854,621,0,0,0,1.0,1,1.0,1,1.0,1,0.17180283313659295,58
1067,3,1478,856,622,0,0,0,1.0,1,1.0,1,1.0,1,0.18392158449937068,59
1068,0,1478,856,622,0,0,0,1.0,1,1.0,1,1.0,1,0.18392158449937068,59
1069,0,1478,856,622,0,0,0,1.0,1,1.0,1,1.0,1,0.21326546058868903,58
1070,2,1480,857,623,0,0,0,1.0,1,1.0,1,1.0,1,0.19224535326352857,58
1071,6,1486,857,629,0,0,0,1.0,1,1.0,1,1.0,1,0.1437375399094482,57
1072,3,1489,858,631,0,0,0,1.0,1,1.0,1,1.0,1,0.1273620510143642,56
1073,0,1489,858,631,0,0,0,1.0,1,1.0,1,1.0,1,0.15760633066909865,54
1074,2,1491,859,632,0,0,0,1.0,1,1.0,1,1.0,1,0.14875648970658462,54
1075,2,1493,861,632,0,0,0,1.0,1,1.0,1,1.0,1,0.1530344874786984,51
1076,1,1494,862,632,0,0,0,1.0,1,1.0,1,1.0,1,0.17010229342728395,51
1077,2,1496,864,632,0,0,0,1.0,1,1.0,1,1.0,1,0.18146349339596726,51
1078,1,1497,865,632,0,0,0,1.0,1,1.0,1,1.0,1,0.193343216736423,52
1079,3,1500,868,632,0,0,0,1.0,1,1.0,1,1.0,1,0.21296432789477815,51
1080,2,1502,870,632,0,0,0,1.0,1,1.0,1,1.0,1,0.24022492733892312,51
1081,4,1506,871,635,0,0,0,1.0,1,1.0,1,1.0,1,0.2318057389136711,48
1082,1,1507,872,635,0,0,0,1.0,1,1.0,1,1.0,1,0.246686334046841,47
1083,3,1510,873,637,0,0,0,1.0,1,1.0,1,1.0,1,0.2595101906921234,46
1084,1,1511,873,638,0,0,0,1.0,1,1.0,1,1.0,1,0.2400589431100829,45
1085,1,1512,873,639,0,0,0,1.0,1,1.0,1,1.0,1,0.21029360247257073,46
1086,1,1513,873,640,0,0,0,1.0,1,1.0,1,1.0,1,0.1936587421492495,45
1087,0,1513,873,640,0,0,0,1.0,1,1.0,1,1.0,1,0.22124693361194658,44
1088,1,1514,873,641,0,0,0,1.0,1,1.0,1,1.0,1,0.20012302629466758,45
1089,0,1514,873,641,0,0,0,1.0,1,1.0,1,1.0,1,0.2168750701631459,46
1090,0,1514,873,641,0,0,0,1.0,1,1.0,1,1.0,1,0.21735038681623076,47
1091,3,1517,874,643,0,0,0,1.0,1,1.0,1,1.0,1,0.18111669917555118,47
1092,1,1518,874,644,0,0,0,1.0,1,1.0,1,1.0,1,0.16620158326760476,48
1093,1,1519,874,645,0,0,0,1.0,1,1.0,1,1.0,1,0.15798426516687208,48
1094,2,1521,876,645,0,0,0,1.0,1,1.0,1,1.0,1,0.2174149778907654,48
1095,1,1522,876,646,0,0,0,1.0,1,1.0,1,1.0,1,0.22157273158439655,49
1096,1,1523,877,646,0,0,0,1.0,1,1.0,1,1.0,1,0.24252012110646956,49
1097,3,1526,878,648,0,0,0,1.0,1,1.0,1,1.0,1,0.24128056427523184,50
1098,1,1527,878,649,0,0,0,1.0,1,1.0,1,1.0,1,0.23607963074092322,51
1099,0,1527,878,649,0,0,0,1.0,1,1.0,1,1.0,1,0.21029220824286585,54
1100,1,1528,879,649,0,0,0,1.0,1,1.0,1,1.0,1,0.19761231926914574,54
1101,4,1532,879,653,0,0,0,1.0,1,1.0,1,1.0,1,0.16387751517976387,54
1102,2,1534,880,654,0,0,0,1.0,1,1.0,1,1.0,1,0.11948200189768579,54
1103,0,1534,880,654,0,0,0,1.0,1,1.0,1,1.0,1,0.12945828497797224,53
1104,2,1536,881,655,0,0,0,1.0,1,1.0,1,1.0,1,0.13677945591531232,53
1105,0,1536,881,655,0,0,0,1.0,1,1.0,1,1.0,1,0.14993955631135747,52
1106,1,1537,881,656,0,0,0,1.0,1,1.0,1,1.0,1,0.17554546370397583,52
1107,1,1538,882,656,0,0,0,1.0,1,1.0,1,1.0,1,0.1853967720371249,52
1108,0,1538,882,656,0,0,0,1.0,1,1.0,1,1.0,1,0.19019390603671846,51
1109,3,1541,885,656,0,0,0,1.0,1,1.0,1,1.0,1,0.1987366261143769,49
1110,0,1541,885,656,0,0,0,1.0,1,1.0,1,1.0,1,0.2139410204526149,48
1111,7,1548,887,661,0,0,0,1.0,1,1.0,1,1.0,1,0.20825579767353591,47
1112,2,1550,888,662,0,0,0,1.0,1,1.0,1,1.0,1,0.2573035130331274,46
1113,2,1552,889,663,0,0,0,1.0,1,1.0,1,1.0,1,0.2750698340270493,43
1114,0,1552,889,663,0,0,0,1.0,1,1.0,1,1.0,1,0.2874739539905512,41
1115,2,1554,891,663,0,0,0,1.0,1,1.0,1,1.0,1,0.2638486438604605,40
1116,1,1555,891,664,0,0,0,1.0,1,1.0,1,1.0,1,0.24191367111846276,39
1117,2,1557,893,664,0,0,0,1.0,1,1.0,1,1.0,1,0.22148446492176274,40
1118,0,1557,893,664,0,0,0,1.0,1,1.0,1,1.0,1,0.20807730746676942,40
1119,0,1557,893,664,0,0,0,1.0,1,1.0,1,1.0,1,0.20807730746676942,40
1120,0,1557,893,664,0,0,0,1.0,1,1.0,1,1.0,1,0.20807730746676942,40
1121,3,1560,895,665,0,0,0,1.0,1,1.0,1,1.0,1,0.25094424564162343,40
1122,0,1560,895,665,0,0,0,1.0,1,1.0,1,1.0,1,0.27161977425727113,41
1123,2,1562,897,665,0,0,0,1.0,1,1.0,1,1.0,1,0.33452020309240255,41
1124,3,1565,897,668,0,0,0,1.0,1,1.0,1,1.0,1,0.2926784104390126,41
1125,3,1568,898,670,0,0,0,1.0,1,1.0,1,1.0,1,0.31331683711172037,41
1126,1,1569,898,671,0,0,0,1.0,1,1.0,1,1.0,1,0.2771609768485051,41
1127,0,1569,898,671,0,0,0,1.0,1,1.0,1,1.0,1,0.2771609768485051,41
1128,0,1569,898,671,0,0,0,1.0,1,1.0,1,1.0,1,0.290429484149804,42
1129,2,1571,899,672,0,0,0,1.0,1,1.0,1,1.0,1,0.2974195622902731,42
1130,1,1572,900,672,0,0,0,1.0,1,1.0,1,1.0,1,0.28937791966666043,42
1131,4,1576,901,675,0,0,0,1.0,1,1.0,1,1.0,1,0.23309772852453725,42
1132,0,1576,901,675,0,0,0,1.0,1,1.0,1,1.0,1,0.2051772641619497,43
1133,0,1576,901,675,0,0,0,1.0,1,1.0,1,1.0,1,0.1936630172579904,45
1134,0,1576,901,675,0,0,0,1.0,1,1.0,1,1.0,1,0.20151763530501002,46
1135,1,1577,901,676,0,0,0,1.0,1,1.0,1,1.0,1,0.1987019392000449,45
1136,1,1578,901,677,0,0,0,1.0,1,1.0,1,1.0,1,0.1913983501933004,48
1137,0,1578,901,677,0,0,0,1.0,1,1.0,1,1.0,1,0.2008351251024876,49
1138,4,1582,901,681,0,0,0,1.0,1,1.0,1,1.0,1,0.15175516275529635,49
1139,1,1583,901,682,0,0,0,1.0,1,1.0,1,1.0,1,0.17597123525726696,49
1140,0,1583,901,682,0,0,0,1.0,1,1.0,1,1.0,1,0.17597123525726696,49
1141,6,1589,902,687,0,0,0,1.0,1,1.0,1,1.0,1,0.17241202832746713,48
1142,1,1590,903,687,0,0,0,1.0,1,1.0,1,1.0,1,0.1594687338499,48
1143,3,1593,904,689,0,0,0,1.0,1,1.0,1,1.0,1,0.1760393309543981,48
1144,0,1593,904,689,0,0,0,1.0,1,1.0,1,1.0,1,0.1675688338209592,48
1145,0,1593,904,689,0,0,0,1.0,1,1.0,1,1.0,1,0.1940408026483373,48
1146,1,1594,904,690,0,0,0,1.0,1,1.0,1,1.0,1,0.2040425171519731,48
1147,0,1594,904,690,0,0,0,1.0,1,1.0,1,1.0,1,0.25512682818095705,46
1148,0,1594,904,690,0,0,0,1.0,1,1.0,1,1.0,1,0.25512682818095705,46
1149,0,1594,904,690,0,0,0,1.0,1,1.0,1,1.0,1,0.3044553417628459,45
1150,2,1596,905,691,0,0,0,1.0,1,1.0,1,1.0,1,0.284633029654338,46
1151,9,1605,907,698,0,0,0,1.0,1,1.0,1,1.0,1,0.22971798066421756,44
1152,0,1605,907,698,0,0,0,1.0,1,1.0,1,1.0,1,0.20435110999177086,44
1153,3,1608,910,698,0,0,0,1.0,1,1.0,1,1.0,1,0.27927307051482175,43
1154,2,1610,910,700,0,0,0,1.0,1,1.0,1,1.0,1,0.24538068360808282,43
1155,3,1613,911,702,0,0,0,1.0,1,1.0,1,1.0,1,0.2571044322389648,43
1156,1,1614,911,703,0,0,0,1.0,1,1.0,1,1.0,1,0.23133449196671999,42
1157,0,1614,911,703,0,0,0,1.0,1,1.0,1,1.0,1,0.23259667968307068,42
1158,0,1614,911,703,0,0,0,1.0,1,1.0,1,1.0,1,0.22010284003880376,41
1159,0,1614,911,703,0,0,0,1.0,1,1.0,1,1.0,1,0.21951520694845808,41
1160,0,1614,911,703,0,0,0,1.0,1,1.0,1,1.0,1,0.21951520694845808,41
1161,2,1616,911,705,0,0,0,1.0,1,1.0,1,1.0,1,0.19896986335477163,42
1162,0,1616,911,705,0,0,0,1.0,1,1.0,1,1.0,1,0.18826839550377972,43
1163,0,1616,911,705,0,0,0,1.0,1,1.0,1,1.0,1,0.18826839550377972,43
1164,0,1616,911,705,0,0,0,1.0,1,1.0,1,1.0,1,0.17322875682555247,44
1165,0,1616,911,705,0,0,0,1.0,1,1.0,1,1.0,1,0.17322875682555247,44
1166,4,1620,912,708,0,0,0,1.0,1,1.0,1,1.0,1,0.13521160433485296,46
1167,3,1623,913,710,0,0,0,1.0,1,1.0,1,1.0,1,0.12737243147029834,46
1168,1,1624,913,711,0,0,0,1.0,1,1.0,1,1.0,1,0.10712304923282227,47
1169,0,1624,913,711,0,0,0,1.0,1,1.0,1,1.0,1,0.08973091986277765,46
1170,2,1626,913,713,0,0,0,1.0,1,1.0,1,1.0,1,0.09781432754094113,48
1171,1,1627,914,713,0,0,0,1.0,1,1.0,1,1.0,1,0.12498803052131395,49
1172,0,1627,914,713,0,0,0,1.0,1,1.0,1,1.0,1,0.12498803052131395,49
1173,0,1627,914,713,0,0,0,1.0,1,1.0,1,1.0,1,0.12498803052131395,49
1174,2,1629,915,714,0,0,0,1.0,1,1.0,1,1.0,1,0.13638725957423292,49
1175,1,1630,915,715,0,0,0,1.0,1,1.0,1,1.0,1,0.1363987000706935,50
1176,0,1630,915,715,0,0,0,1.0,1,1.0,1,1.0,1,0.149877273132613,52
1177,3,1633,917,716,0,0,0,1.0,1,1.0,1,1.0,1,0.16978319227733976,52
1178,0,1633,917,716,0,0,0,1.0,1,1.0,1,1.0,1,0.16978319227733976,52
1179,0,1633,917,716,0,0,0,1.0,1,1.0,1,1.0,1,0.15008164377100452,53
1180,2,1635,917,718,0,0,0,1.0,1,1.0,1,1.0,1,0.14084005575233693,54
1181,0,1635,917,718,0,0,0,1.0,1,1.0,1,1.0,1,0.15086325221725688,55
1182,0,1635,917,718,0,0,0,1.0,1,1.0,1,1.0,1,0.15086325221725688,55
1183,1,1636,918,718,0,0,0,1.0,1,1.0,1,1.0,1,0.19183157660546915,53
1184,1,1637,919,718,0,0,0,1.0,1,1.0,1,1.0,1,0.19853308341359524,54
1185,1,1638,919,719,0,0,0,1.0,1,1.0,1,1.0,1,0.19663023101045954,53
1186,2,1640,920,720,0,0,0,1.0,1,1.0,1,1.0,1,0.2182328863993375,54
1187,3,1643,921,722,0,0,0,1.0,1,1.0,1,1.0,1,0.2405450819871002,55
1188,2,1645,921,724,0,0,0,1.0,1,1.0,1,1.0,1,0.2405450819871002,55
1189,1,1646,921,725,0,0,0,1.0,1,1.0,1,1.0,1,0.24709084611905852,54
1190,1,1647,921,726,0,0,0,1.0,1,1.0,1,1.0,1,0.24203470978336963,55
1191,5,1652,921,731,0,0,0,1.0,1,1.0,1,1.0,1,0.18940208404542755,54
1192,1,1653,921,732,0,0,0,1.0,1,1.0,1,1.0,1,0.15343258232725826,52
1193,0,1653,921,732,0,0,0,1.0,1,1.0,1,1.0,1,0.1634253139369582,53
1194,0,1653,921,732,0,0,0,1.0,1,1.0,1,1.0,1,0.1634253139369582,53
1195,0,1653,921,732,0,0,0,1.0,1,1.0,1,1.0,1,0.1481813482885475,54
1196,0,1653,921,732,0,0,0,1.0,1,1.0,1,1.0,1,0.16400551451498946,56
1197,3,1656,923,733,0,0,0,1.0,1,1.0,1,1.0,1,0.1612031236295235,56
1198,3,1659,924,735,0,0,0,1.0,1,1.0,1,1.0,1,0.143401918076652,58
1199,2,1661,925,736,0,0,0,1.0,1,1.0,1,1.0,1,0.14556534390992173,58
1200,0,1661,925,736,0,0,0,1.0,1,1.0,1,1.0,1,0.14556534390992173,58
1201,3,1664,926,738,0,0,0,1.0,1,1.0,1,1.0,1,0.15473703231684655,58
1202,2,1666,926,740,0,0,0,1.0,1,1.0,1,1.0,1,0.11596752284581151,60
1203,0,1666,926,740,0,0,0,1.0,1,1.0,1,1.0,1,0.12705081542710783,58
1204,2,1668,927,741,0,0,0,1.0,1,1.0,1,1.0,1,0.14310121672842782,59
1205,1,1669,928,741,0,0,0,1.0,1,1.0,1,1.0,1,0.16627658675024495,59
1206,0,1669,928,741,0,0,0,1.0,1,1.0,1,1.0,1,0.18300497096412308,58
1207,3,1672,929,743,0,0,0,1.0,1,1.0,1,1.0,1,0.15499830328297057,60
1208,0,1672,929,743,0,0,0,1.0,1,1.0,1,1.0,1,0.15499830328297057,60
1209,1,1673,930,743,0,0,0,1.0,1,1.0,1,1.0,1,0.15693492785594115,61
1210,0,1673,930,743,0,0,0,1.0,1,1.0,1,1.0,1,0.15693492785594115,61
1211,5,1678,931,747,0,0,0,1.0,1,1.0,1,1.0,1,0.10227749350978091,63
1212,0,1678,931,747,0,0,0,1.0,1,1.0,1,1.0,1,0.10227749350978091,63
1213,0,1678,931,747,0,0,0,1.0,1,1.0,1,1.0,1,0.10227749350978091,63
1214,3,1681,933,748,0,0,0,1.0,1,1.0,1,1.0,1,0.173513916533537,62
1215,2,1683,933,750,0,0,0,1.0,1,1.0,1,1.0,1,0.1526558267192305,63
1216,2,1685,934,751,0,0,0,1.0,1,1.0,1,1.0,1,0.18798114601579885,64
1217,2,1687,934,753,0,0,0,1.0,1,1.0,1,1.0,1,0.17017978736715791,65
1218,0,1687,934,753,0,0,0,1.0,1,1.0,1,1.0,1,0.183695467972427,64
1219,0,1687,934,753,0,0,0,1.0,1,1.0,1,1.0,1,0.1922737439718135,65
1220,0,1687,934,753,0,0,0,1.0,1,1.0,1,1.0,1,0.2034912301672094,64
1221,5,1692,935,757,0,0,0,1.0,1,1.0,1,1.0,1,0.16807693018006525,65
1222,2,1694,935,759,0,0,0,1.0,1,1.0,1,1.0,1,0.1438939639709252,66
1223,0,1694,935,759,0,0,0,1.0,1,1.0,1,1.0,1,0.15403999808386828,64
1224,1,1695,936,759,0,0,0,1.0,1,1.0,1,1.0,1,0.14099228923971413,66
1225,2,1697,938,759,0,0,0,1.0,1,1.0,1,1.0,1,0.16213046797732608,66
1226,3,1700,939,761,0,0,0,1.0,1,1.0,1,1.0,1,0.1760071308462717,68
1227,1,1701,940,761,0,0,0,1.0,1,1.0,1,1.0,1,0.17308288153779583,64
1228,0,1701,940,761,0,0,0,1.0,1,1.0,1,1.0,1,0.1867005593013351,62
1229,1,1702,941,761,0,0,0,1.0,1,1.0,1,1.0,1,0.16802322671086686,61
1230,0,1702,941,761,0,0,0,1.0,1,1.0,1,1.0,1,0.1924799299587916,58
1231,4,1706,941,765,0,0,0,1.0,1,1.0,1,1.0,1,0.13750171939011457,57
1232,1,1707,942,765,0,0,0,1.0,1,1.0,1,1.0,1,0.1574769257881897,53
1233,1,1708,943,765,0,0,0,1.0,1,1.0,1,1.0,1,0.17971748717318278,53
1234,1,1709,943,766,0,0,0,1.0,1,1.0,1,1.0,1,0.16013124674705004,54
1235,0,1709,943,766,0,0,0,1.0,1,1.0,1,1.0,1,0.1878319633443886,55
1236,3,1712,945,767,0,0,0,1.0,1,1.0,1,1.0,1,0.20107501494876576,55
1237,0,1712,945,767,0,0,0,1.0,1,1.0,1,1.0,1,0.20062124897567674,55
1238,1,1713,946,767,0,0,0,1.0,1,1.0,1,1.0,1,0.20715791717253051,54
1239,0,1713,946,767,0,0,0,1.0,1,1.0,1,1.0,1,0.20556496642411573,55
1240,1,1714,947,767,0,0,0,1.0,1,1.0,1,1.0,1,0.20788818507797968,55
1241,3,1717,947,770,0,0,0,1.0,1,1.0,1,1.0,1,0.1515359246831932,54
1242,0,1717,947,770,0,0,0,1.0,1,1.0,1,1.0,1,0.16047654314046564,54
1243,0,1717,947,770,0,0,0,1.0,1,1.0,1,1.0,1,0.1625251562273478,55
1244,1,1718,947,771,0,0,0,1.0,1,1.0,1,1.0,1,0.16232454450455133,55
1245,3,1721,948,773,0,0,0,1.0,1,1.0,1,1.0,1,0.1675707256776788,55
1246,2,1723,948,775,0,0,0,1.0,1,1.0,1,1.0,1,0.17462772191382,55
1247,1,1724,949,775,0,0,0,1.0,1,1.0,1,1.0,1,0.2104970525257983,57
1248,0,1724,949,775,0,0,0,1.0,1,1.0,1,1.0,1,0.22281285576278828,56
1249,7,1731,953,778,0,0,0,1.0,1,1.0,1,1.0,1,0.23111850309663837,56
1250,2,1733,955,778,0,0,0,1.0,1,1.0,1,1.0,1,0.21444736338837253,56
1251,7,1740,955,785,0,0,0,1.0,1,1.0,1,1.0,1,0.1542310893482646,58
1252,0,1740,955,785,0,0,0,1.0,1,1.0,1,1.0,1,0.1542310893482646,58
1253,3,1743,957,786,0,0,0,1.0,1,1.0,1,1.0,1,0.17438984546552694,58
1254,0,1743,957,786,0,0,0,1.0,1,1.0,1,1.0,1,0.1488697445702225,60
1255,2,1745,957,788,0,0,0,1.0,1,1.0,1,1.0,1,0.14375664257375168,61
1256,0,1745,957,788,0,0,0,1.0,1,1.0,1,1.0,1,0.14375664257375168,61
1257,4,1749,958,791,0,0,0,1.0,1,1.0,1,1.0,1,0.16229718324648348,62
1258,1,1750,958,792,0,0,0,1.0,1,1.0,1,1.0,1,0.1643703760992892,63
1259,0,1750,958,792,0,0,0,1.0,1,1.0,1,1.0,1,0.1643703760992892,63
1260,1,1751,958,793,0,0,0,1.0,1,1.0,1,1.0,1,0.148181378055631,63
1261,3,1754,958,796,0,0,0,1.0,1,1.0,1,1.0,1,0.12590227652250507,63
1262,1,1755,958,797,0,0,0,1.0,1,1.0,1,1.0,1,0.12597969375820522,64
1263,2,1757,959,798,0,0,0,1.0,1,1.0,1,1.0,1,0.15260408191409736,63
1264,0,1757,959,798,0,0,0,1.0,1,1.0,1,1.0,1,0.1412983623811275,63
1265,2,1759,961,798,0,0,0,1.0,1,1.0,1,1.0,1,0.1898241522569211,60
1266,1,1760,962,798,0,0,0,1.0,1,1.0,1,1.0,1,0.18081615100524717,61
1267,1,1761,963,798,0,0,0,1.0,1,1.0,1,1.0,1,0.1996474467631128,58
1268,1,1762,964,798,0,0,0,1.0,1,1.0,1,1.0,1,0.24014152534838834,54
1269,4,1766,966,800,0,0,0,1.0,1,1.0,1,1.0,1,0.1634073041508086,54
1270,0,1766,966,800,0,0,0,1.0,1,1.0,1,1.0,1,0.15865621466800772,51
1271,2,1768,966,802,0,0,0,1.0,1,1.0,1,1.0,1,0.12868950180380911,50
1272,0,1768,966,802,0,0,0,1.0,1,1.0,1,1.0,1,0.14826449055998342,47
1273,0,1768,966,802,0,0,0,1.0,1,1.0,1,1.0,1,0.14826449055998342,47
1274,1,1769,966,803,0,0,0,1.0,1,1.0,1,1.0,1,0.1540761867971182,49
1275,2,1771,968,803,0,0,0,1.0,1,1.0,1,1.0,1,0.19494558163515202,48
1276,3,1774,969,805,0,0,0,1.0,1,1.0,1,1.0,1,0.20021729488547532,49
1277,7,1781,973,808,0,0,0,1.0,1,1.0,1,1.0,1,0.20136035129822227,50
1278,1,1782,973,809,0,0,0,1.0,1,1.0,1,1.0,1,0.20572463961612017,51
1279,0,1782,973,809,0,0,0,1.0,1,1.0,1,1.0,1,0.20572463961612017,51
1280,0,1782,973,809,0,0,0,1.0,1,1.0,1,1.0,1,0.19448521231193125,52
1281,3,1785,973,812,0,0,0,1.0,1,1.0,1,1.0,1,0.17362556106573562,52
1282,1,1786,974,812,0,0,0,1.0,1,1.0,1,1.0,1,0.16612425750111423,52
1283,1,1787,975,812,0,0,0,1.0,1,1.0,1,1.0,1,0.20264638520785083,52
1284,3,1790,976,814,0,0,0,1.0,1,1.0,1,1.0,1,0.20666111513955146,52
1285,2,1792,976,816,0,0,0,1.0,1,1.0,1,1.0,1,0.21990444262101394,51
1286,1,1793,976,817,0,0,0,1.0,1,1.0,1,1.0,1,0.22325515266135962,52
1287,2,1795,977,818,0,0,0,1.0,1,1.0,1,1.0,1,0.24276606192384423,54
1288,2,1797,978,819,0,0,0,1.0,1,1.0,1,1.0,1,0.22283390718013488,55
1289,0,1797,978,819,0,0,0,1.0,1,1.0,1,1.0,1,0.21149054873957238,56
1290,1,1798,979,819,0,0,0,1.0,1,1.0,1,1.0,1,0.18271689486878107,57
1291,4,1802,979,823,0,0,0,1.0,1,1.0,1,1.0,1,0.14895721884967905,58
1292,2,1804,980,824,0,0,0,1.0,1,1.0,1,1.0,1,0.12912571044074347,59
1293,1,1805,980,825,0,0,0,1.0,1,1.0,1,1.0,1,0.12205762905293342,59
1294,0,1805,980,825,0,0,0,1.0,1,1.0,1,1.0,1,0.12205762905293342,59
1295,0,1805,980,825,0,0,0,1.0,1,1.0,1,1.0,1,0.12205762905293342,59
1296,0,1805,980,825,0,0,0,1.0,1,1.0,1,1.0,1,0.15028023260585194,59
1297,2,1807,980,827,0,0,0,1.0,1,1.0,1,1.0,1,0.13198817333636498,61
1298,0,1807,980,827,0,0,0,1.0,1,1.0,1,1.0,1,0.15301431500232224,61
1299,0,1807,980,827,0,0,0,1.0,1,1.0,1,1.0,1,0.1632336455364962,60
1300,0,1807,980,827,0,0,0,1.0,1,1.0,1,1.0,1,0.16214193107006006,59
1301,7,1814,981,833,0,0,0,1.0,1,1.0,1,1.0,1,0.1543212371121216,59
1302,0,1814,981,833,0,0,0,1.0,1,1.0,1,1.0,1,0.1543212371121216,59
1303,2,1816,983,833,0,0,0,1.0,1,1.0,1,1.0,1,0.19674661198933743,55
1304,1,1817,984,833,0,0,0,1.0,1,1.0,1,1.0,1,0.17305085654834249,56
1305,1,1818,985,833,0,0,0,1.0,1,1.0,1,1.0,1,0.200858852823725,54
1306,1,1819,986,833,0,0,0,1.0,1,1.0,1,1.0,1,0.19530342412986318,53
1307,2,1821,988,833,0,0,0,1.0,1,1.0,1,1.0,1,0.21153827375735043,52
1308,3,1824,990,834,0,0,0,1.0,1,1.0,1,1.0,1,0.2504191363317168,52
1309,3,1827,991,836,0,0,0,1.0,1,1.0,1,1.0,1,0.25257405333293964,54
1310,1,1828,992,836,0,0,0,1.0,1,1.0,1,1.0,1,0.27674991985088915,52
1311,4,1832,993,839,0,0,0,1.0,1,1.0,1,1.0,1,0.23125373868805485,51
1312,3,1835,994,841,0,0,0,1.0,1,1.0,1,1.0,1,0.2562936609190051,49
1313,0,1835,994,841,0,0,0,1.0,1,1.0,1,1.0,1,0.2591860366093448,47
1314,0,1835,994,841,0,0,0,1.0,1,1.0,1,1.0,1,0.24509996493092404,46
1315,0,1835,994,841,0,0,0,1.0,1,1.0,1,1.0,1,0.25776942140910003,45
1316,0,1835,994,841,0,0,0,1.0,1,1.0,1,1.0,1,0.2428559126057137,46
1317,2,1837,995,842,0,0,0,1.0,1,1.0,1,1.0,1,0.2095541240089403,45
1318,1,1838,995,843,0,0,0,1.0,1,1.0,1,1.0,1,0.20092574264895746,46
1319,1,1839,996,843,0,0,0,1.0,1,1.0,1,1.0,1,0.19454210068319608,46
1320,0,1839,996,843,0,0,0,1.0,1,1.0,1,1.0,1,0.19454210068319608,46
1321,2,1841,996,845,0,0,0,1.0,1,1.0,1,1.0,1,0.14257455074762773,48
1322,2,1843,996,847,0,0,0,1.0,1,1.0,1,1.0,1,0.12029897338890883,49
1323,1,1844,996,848,0,0,0,1.0,1,1.0,1,1.0,1,0.11534305658753352,49
1324,2,1846,996,850,0,0,0,1.0,1,1.0,1,1.0,1,0.11819193079236862,50
1325,0,1846,996,850,0,0,0,1.0,1,1.0,1,1.0,1,0.1286648473694922,49
1326,2,1848,997,851,0,0,0,1.0,1,1.0,1,1.0,1,0.17430760686062577,50
1327,2,1850,998,852,0,0,0,1.0,1,1.0,1,1.0,1,0.18903669968458067,50
1328,0,1850,998,852,0,0,0,1.0,1,1.0,1,1.0,1,0.20774540932326782,49
1329,2,1852,998,854,0,0,0,1.0,1,1.0,1,1.0,1,0.18506893879438854,50
1330,0,1852,998,854,0,0,0,1.0,1,1.0,1,1.0,1,0.18506893879438854,50
1331,5,1857,999,858,0,0,0,1.0,1,1.0,1,1.0,1,0.17134226194456337,50
1332,0,1857,999,858,0,0,0,1.0,1,1.0,1,1.0,1,0.16502056326826728,51
1333,1,1858,999,859,0,0,0,1.0,1,1.0,1,1.0,1,0.16000413497345364,52
1334,3,1861,999,862,0,0,0,1.0,1,1.0,1,1.0,1,0.14151283259622352,54
1335,0,1861,999,862,0,0,0,1.0,1,1.0,1,1.0,1,0.14151283259622352,54
1336,0,1861,999,862,0,0,0,1.0,1,1.0,1,1.0,1,0.13172795590785868,56
1337,4,1865,1001,864,0,0,0,1.0,1,1.0,1,1.0,1,0.19160572859725689,57
1338,3,1868,1002,866,0,0,0,1.0,1,1.0,1,1.0,1,0.1784211658940198,57
1339,5,1873,1004,869,0,0,0,1.0,1,1.0,1,1.0,1,0.23640573288648128,58
1340,5,1878,1004,874,0,0,0,1.0,1,1.0,1,1.0,1,0.23269573950105718,59
1341,2,1880,1004,876,0,0,0,1.0,1,1.0,1,1.0,1,0.19728429538216918,57
1342,0,1880,1004,876,0,0,0,1.0,1,1.0,1,1.0,1,0.18070684860629568,57
1343,0,1880,1004,876,0,0,0,1.0,1,1.0,1,1.0,1,0.1769836907034666,55
1344,1,1881,1005,876,0,0,0,1.0,1,1.0,1,1.0,1,0.14395351535012735,54
1345,0,1881,1005,876,0,0,0,1.0,1,1.0,1,1.0,1,0.1543843029032287,53
1346,0,1881,1005,876,0,0,0,1.0,1,1.0,1,1.0,1,0.1603608568474304,53
1347,0,1881,1005,876,0,0,0,1.0,1,1.0,1,1.0,1,0.1722508056709834,51
1348,0,1881,1005,876,0,0,0,1.0,1,1.0,1,1.0,1,0.1874307962378587,52
1349,1,1882,1006,876,0,0,0,1.0,1,1.0,1,1.0,1,0.19731465297208883,50
1350,1,1883,1007,876,0,0,0,1.0,1,1.0,1,1.0,1,0.1825747954898406,51
1351,1,1884,1007,877,0,0,0,1.0,1,1.0,1,1.0,1,0.18643407158760658,50
1352,2,1886,1008,878,0,0,0,1.0,1,1.0,1,1.0,1,0.16306341721538836,50
1353,0,1886,1008,878,0,0,0,1.0,1,1.0,1,1.0,1,0.16306341721538836,50
1354,2,1888,1008,880,0,0,0,1.0,1,1.0,1,1.0,1,0.16360594053829317,51
1355,1,1889,1009,880,0,0,0,1.0,1,1.0,1,1.0,1,0.13726457383746585,53
1356,1,1890,1010,880,0,0,0,1.0,1,1.0,1,1.0,1,0.17445146966979733,52
1357,2,1892,1010,882,0,0,0,1.0,1,1.0,1,1.0,1,0.1648791082729008,52
1358,1,1893,1011,882,0,0,0,1.0,1,1.0,1,1.0,1,0.1651612698966723,53
1359,2,1895,1013,882,0,0,0,1.0,1,1.0,1,1.0,1,0.1932168402001766,54
1360,1,1896,1014,882,0,0,0,1.0,1,1.0,1,1.0,1,0.18646057363683072,55
1361,4,1900,1015,885,0,0,0,1.0,1,1.0,1,1.0,1,0.14843453714030444,55
1362,0,1900,1015,885,0,0,0,1.0,1,1.0,1,1.0,1,0.1303929980655198,56
1363,0,1900,1015,885,0,0,0,1.0,1,1.0,1,1.0,1,0.1303929980655198,56
1364,1,1901,1015,886,0,0,0,1.0,1,1.0,1,1.0,1,0.12219021049246187,55
1365,1,1902,1015,887,0,0,0,1.0,1,1.0,1,1.0,1,0.12006613156923018,56
1366,1,1903,1015,888,0,0,0,1.0,1,1.0,1,1.0,1,0.12039551320717709,57
1367,0,1903,1015,888,0,0,0,1.0,1,1.0,1,1.0,1,0.12039551320717709,57
1368,2,1905,1015,890,0,0,0,1.0,1,1.0,1,1.0,1,0.11572590635328267,58
1369,2,1907,1017,890,0,0,0,1.0,1,1.0,1,1.0,1,0.13685079526116392,59
1370,2,1909,1019,890,0,0,0,1.0,1,1.0,1,1.0,1,0.14827110713937555,60
1371,3,1912,1019,893,0,0,0,1.0,1,1.0,1,1.0,1,0.11919240684861025,59
1372,3,1915,1020,895,0,0,0,1.0,1,1.0,1,1.0,1,0.08919624678173105,59
1373,2,1917,1021,896,0,0,0,1.0,1,1.0,1,1.0,1,0.095186204810538,59
1374,1,1918,1022,896,0,0,0,1.0,1,1.0,1,1.0,1,0.10148282552176946,59
1375,2,1920,1022,898,0,0,0,1.0,1,1.0,1,1.0,1,0.10354943379398031,62
1376,1,1921,1023,898,0,0,0,1.0,1,1.0,1,1.0,1,0.12665697557358133,61
1377,1,1922,1023,899,0,0,0,1.0,1,1.0,1,1.0,1,0.12318079815302488,63
1378,4,1926,1025,901,0,0,0,1.0,1,1.0,1,1.0,1,0.16570113435637301,62
1379,4,1930,1028,902,0,0,0,1.0,1,1.0,1,1.0,1,0.21814784926480543,61
1380,1,1931,1028,903,0,0,0,1.0,1,1.0,1,1.0,1,0.2007556923543965,60
1381,6,1937,1029,908,0,0,0,1.0,1,1.0,1,1.0,1,0.19094951960506276,58
1382,0,1937,1029,908,0,0,0,1.0,1,1.0,1,1.0,1,0.17572534803894352,56
1383,1,1938,1029,909,0,0,0,1.0,1,1.0,1,1.0,1,0.1551872201825068,57
1384,0,1938,1029,909,0,0,0,1.0,1,1.0,1,1.0,1,0.15878305568489373,55
1385,0,1938,1029,909,0,0,0,1.0,1,1.0,1,1.0,1,0.19359917300797025,55
1386,0,1938,1029,909,0,0,0,1.0,1,1.0,1,1.0,1,0.18713291460545634,54
1387,0,1938,1029,909,0,0,0,1.0,1,1.0,1,1.0,1,0.20439755123214756,53
1388,2,1940,1031,909,0,0,0,1.0,1,1.0,1,1.0,1,0.24167244801596277,52
1389,0,1940,1031,909,0,0,0,1.0,1,1.0,1,1.0,1,0.2575056744219113,52
1390,1,1941,1031,910,0,0,0,1.0,1,1.0,1,1.0,1,0.2625382876461266,51
1391,6,1947,1031,916,0,0,0,1.0,1,1.0,1,1.0,1,0.16520306454637393,52
1392,0,1947,1031,916,0,0,0,1.0,1,1.0,1,1.0,1,0.15522005656150595,51
1393,2,1949,1032,917,0,0,0,1.0,1,1.0,1,1.0,1,0.1930057335915944,51
1394,2,1951,1032,919,0,0,0,1.0,1,1.0,1,1.0,1,0.18856349677232087,52
1395,0,1951,1032,919,0,0,0,1.0,1,1.0,1,1.0,1,0.18856349677232087,52
1396,1,1952,1033,919,0,0,0,1.0,1,1.0,1,1.0,1,0.1739599571025059,53
1397,0,1952,1033,919,0,0,0,1.0,1,1.0,1,1.0,1,0.17594975891218786,56
1398,1,1953,1034,919,0,0,0,1.0,1,1.0,1,1.0,1,0.16903400603151345,56
1399,3,1956,1035,921,0,0,0,1.0,1,1.0,1,1.0,1,0.15941276851960315,57
1400,2,1958,1037,921,0,0,0,1.0,1,1.0,1,1.0,1,0.17377353661415476,57
1401,3,1961,1037,924,0,0,0,1.0,1,1.0,1,1.0,1,0.14381036966475777,57
1402,7,1968,1041,927,0,0,0,1.0,1,1.0,1,1.0,1,0.17201607347498427,57
1403,1,1969,1041,928,0,0,0,1.0,1,1.0,1,1.0,1,0.17780421097498472,56
1404,2,1971,1043,928,0,0,0,1.0,1,1.0,1,1.0,1,0.17749038020279992,58
1405,2,1973,1044,929,0,0,0,1.0,1,1.0,1,1.0,1,0.22678909694285587,58
1406,1,1974,1044,930,0,0,0,1.0,1,1.0,1,1.0,1,0.21535283022893448,58
1407,1,1975,1044,931,0,0,0,1.0,1,1.0,1,1.0,1,0.22983015510027702,57
1408,0,1975,1044,931,0,0,0,1.0,1,1.0,1,1.0,1,0.23962736206209087,58
1409,0,1975,1044,931,0,0,0,1.0,1,1.0,1,1.0,1,0.2345145290691125,57
1410,0,1975,1044,931,0,0,0,1.0,1,1.0,1,1.0,1,0.2345145290691125,57
1411,2,1977,1044,933,0,0,0,1.0,1,1.0,1,1.0,1,0.23560998985664278,56
1412,0,1977,1044,933,0,0,0,1.0,1,1.0,1,1.0,1,0.23541925249832876,55
1413,0,1977,1044,933,0,0,0,1.0,1,1.0,1,1.0,1,0.23768426608036394,57
1414,0,1977,1044,933,0,0,0,1.0,1,1.0,1,1.0,1,0.23768426608036394,57
1415,1,1978,1045,933,0,0,0,1.0,1,1.0,1,1.0,1,0.2522849355696723,60
1416,1,1979,1045,934,0,0,0,1.0,1,1.0,1,1.0,1,0.24365783888179188,61
1417,3,1982,1045,937,0,0,0,1.0,1,1.0,1,1.0,1,0.19957924977191216,59
1418,1,1983,1045,938,0,0,0,1.0,1,1.0,1,1.0,1,0.19074605933052083,60
1419,2,1985,1046,939,0,0,0,1.0,1,1.0,1,1.0,1,0.1935623530404696,59
1420,0,1985,1046,939,0,0,0,1.0,1,1.0,1,1.0,1,0.18179277445883746,58
1421,1,1986,1046,940,0,0,0,1.0,1,1.0,1,1.0,1,0.16032975406639596,57
1422,0,1986,1046,940,0,0,0,1.0,1,1.0,1,1.0,1,0.16032975406639596,57
1423,0,1986,1046,940,0,0,0,1.0,1,1.0,1,1.0,1,0.15033816587746482,56
1424,0,1986,1046,940,0,0,0,1.0,1,1.0,1,1.0,1,0.15751562765366506,57
1425,1,1987,1047,940,0,0,0,1.0,1,1.0,1,1.0,1,0.1684171706975469,54
1426,1,1988,1047,941,0,0,0,1.0,1,1.0,1,1.0,1,0.17586034742769724,54
1427,2,1990,1048,942,0,0,0,1.0,1,1.0,1,1.0,1,0.22405295970140848,53
1428,2,1992,1050,942,0,0,0,1.0,1,1.0,1,1.0,1,0.20968287528263163,52
1429,0,1992,1050,942,0,0,0,1.0,1,1.0,1,1.0,1,0.20968287528263163,52
1430,3,1995,1053,942,0,0,0,1.0,1,1.0,1,1.0,1,0.22711605638030438,51
1431,2,1997,1053,944,0,0,0,1.0,1,1.0,1,1.0,1,0.20727924605441583,51
1432,3,2000,1055,945,0,0,0,1.0,1,1.0,1,1.0,1,0.19842972947308138,52
1433,1,2001,1055,946,0,0,0,1.0,1,1.0,1,1.0,1,0.18658994589684105,52
1434,2,2003,1057,946,0,0,0,1.0,1,1.0,1,1.0,1,0.2058651350995449,52
1435,0,2003,1057,946,0,0,0,1.0,1,1.0,1,1.0,1,0.22801534275996543,50
1436,2,2005,1058,947,0,0,0,1.0,1,1.0,1,1.0,1,0.23896107166988256,50
1437,1,2006,1059,947,0,0,0,1.0,1,1.0,1,1.0,1,0.26572566327480635,49
1438,1,2007,1060,947,0,0,0,1.0,1,1.0,1,1.0,1,0.27416884830220584,49
1439,1,2008,1061,947,0,0,0,1.0,1,1.0,1,1.0,1,0.3026993390152894,50
1440,2,2010,1063,947,0,0,0,1.0,1,1.0,1,1.0,1,0.3308760673053678,50
1441,4,2014,1064,950,0,0,0,1.0,1,1.0,1,1.0,1,0.28597047819517446,51
1442,0,2014,1064,950,0,0,0,1.0,1,1.0,1,1.0,1,0.2980800332897296,50
1443,1,2015,1064,951,0,0,0,1.0,1,1.0,1,1.0,1,0.28151413872020203,51
1444,3,2018,1064,954,0,0,0,1.0,1,1.0,1,1.0,1,0.2396560643608407,51
1445,3,2021,1065,956,0,0,0,1.0,1,1.0,1,1.0,1,0.25954123769845105,51
1446,4,2025,1067,958,0,0,0,1.0,1,1.0,1,1.0,1,0.21685086065628803,51
1447,2,2027,1067,960,0,0,0,1.0,1,1.0,1,1.0,1,0.1916025952214,51
1448,1,2028,1068,960,0,0,0,1.0,1,1.0,1,1.0,1,0.17873312400185334,51
1449,0,2028,1068,960,0,0,0,1.0,1,1.0,1,1.0,1,0.17873312400185334,51
1450,0,2028,1068,960,0,0,0,1.0,1,1.0,1,1.0,1,0.16719686495809338,52
1451,5,2033,1069,964,0,0,0,1.0,1,1.0,1,1.0,1,0.13317908586207614,54
1452,2,2035,1069,966,0,0,0,1.0,1,1.0,1,1.0,1,0.12585746316110363,56
1453,3,2038,1071,967,0,0,0,1.0,1,1.0,1,1.0,1,0.161216045056962,56
1454,2,2040,1071,969,0,0,0,1.0,1,1.0,1,1.0,1,0.165485753391647,58
1455,4,2044,1073,971,0,0,0,1.0,1,1.0,1,1.0,1,0.19820946512825677,55
1456,2,2046,1073,973,0,0,0,1.0,1,1.0,1,1.0,1,0.1890385884896216,56
1457,1,2047,1074,973,0,0,0,1.0,1,1.0,1,1.0,1,0.23103810417988835,54
1458,1,2048,1075,973,0,0,0,1.0,1,1.0,1,1.0,1,0.2337174272265312,52
1459,1,2049,1076,973,0,0,0,1.0,1,1.0,1,1.0,1,0.23022137403858586,52
1460,0,2049,1076,973,0,0,0,1.0,1,1.0,1,1.0,1,0.21338498909585607,50
1461,7,2056,1078,978,0,0,0,1.0,1,1.0,1,1.0,1,0.1795624409306183,53
1462,1,2057,1079,978,0,0,0,1.0,1,1.0,1,1.0,1,0.19127201840224023,51
1463,0,2057,1079,978,0,0,0,1.0,1,1.0,1,1.0,1,0.20256347726149646,51
1464,0,2057,1079,978,0,0,0,1.0,1,1.0,1,1.0,1,0.20256347726149646,51
1465,0,2057,1079,978,0,0,0,1.0,1,1.0,1,1.0,1,0.21640034486936363,49
1466,1,2058,1080,978,0,0,0,1.0,1,1.0,1,1.0,1,0.23464789974188704,49
1467,2,2060,1081,979,0,0,0,1.0,1,1.0,1,1.0,1,0.27832258240877333,47
1468,2,2062,1082,980,0,0,0,1.0,1,1.0,1,1.0,1,0.2660537023879534,48
1469,1,2063,1083,980,0,0,0,1.0,1,1.0,1,1.0,1,0.3040372037652742,47
1470,0,2063,1083,980,0,0,0,1.0,1,1.0,1,1.0,1,0.2882536131652682,49
1471,6,2069,1083,986,0,0,0,1.0,1,1.0,1,1.0,1,0.243774453938935,48
1472,0,2069,1083,986,0,0,0,1.0,1,1.0,1,1.0,1,0.23414010892254444,48
1473,0,2069,1083,986,0,0,0,1.0,1,1.0,1,1.0,1,0.24234149855379056,49
1474,1,2070,1083,987,0,0,0,1.0,1,1.0,1,1.0,1,0.23084095963865614,49
1475,0,2070,1083,987,0,0,0,1.0,1,1.0,1,1.0,1,0.23084095963865614,49
1476,0,2070,1083,987,0,0,0,1.0,1,1.0,1,1.0,1,0.23393192983431382,51
1477,0,2070,1083,987,0,0,0,1.0,1,1.0,1,1.0,1,0.23393192983431382,51
1478,2,2072,1084,988,0,0,0,1.0,1,1.0,1,1.0,1,0.2045261313918898,52
1479,2,2074,1084,990,0,0,0,1.0,1,1.0,1,1.0,1,0.187321231116198,53
1480,1,2075,1085,990,0,0,0,1.0,1,1.0,1,1.0,1,0.20326246041803245,53
1481,4,2079,1085,994,0,0,0,1.0,1,1.0,1,1.0,1,0.16715789209076531,53
1482,2,2081,1086,995,0,0,0,1.0,1,1.0,1,1.0,1,0.19669606882999446,52
1483,0,2081,1086,995,0,0,0,1.0,1,1.0,1,1.0,1,0.19669606882999446,52
1484,3,2084,1086,998,0,0,0,1.0,1,1.0,1,1.0,1,0.19713310284215252,53
1485,0,2084,1086,998,0,0,0,1.0,1,1.0,1,1.0,1,0.19713310284215252,53
1486,2,2086,1086,1000,0,0,0,1.0,1,1.0,1,1.0,1,0.20177788415299205,54
1487,0,2086,1086,1000,0,0,0,1.0,1,1.0,1,1.0,1,0.2091618857163587,55
1488,1,2087,1086,1001,0,0,0,1.0,1,1.0,1,1.0,1,0.20957502608289766,57
1489,3,2090,1088,1002,0,0,0,1.0,1,1.0,1,1.0,1,0.17536992313005617,58
1490,0,2090,1088,1002,0,0,0,1.0,1,1.0,1,1.0,1,0.17536992313005617,58
1491,4,2094,1089,1005,0,0,0,1.0,1,1.0,1,1.0,1,0.173136808674005,59
1492,1,2095,1089,1006,0,0,0,1.0,1,1.0,1,1.0,1,0.16302466254281717,59
1493,1,2096,1090,1006,0,0,0,1.0,1,1.0,1,1.0,1,0.1651794940646405,58
1494,1,2097,1091,1006,0,0,0,1.0,1,1.0,1,1.0,1,0.19497335919157283,58
1495,2,2099,1092,1007,0,0,0,1.0,1,1.0,1,1.0,1,0.2002586975713995,57
1496,0,2099,1092,1007,0,0,0,1.0,1,1.0,1,1.0,1,0.18804981994492498,59
1497,1,2100,1093,1007,0,0,0,1.0,1,1.0,1,1.0,1,0.20467307200286225,58
1498,2,2102,1094,1008,0,0,0,1.0,1,1.0,1,1.0,1,0.21610286202610732,58
1499,0,2102,1094,1008,0,0,0,1.0,1,1.0,1,1.0,1,0.1948089095755566,56
1500,1,2103,1094,1009,0,0,0,1.0,1,1.0,1,1.0,1,0.1833130906096921,57
1501,0,2103,1094,1009,0,0,0,1.0,1,1.0,1,1.0,1,0.17238032332002132,55
1502,0,2103,1094,1009,0,0,0,1.0,1,1.0,1,1.0,1,0.17336073493530274,55
1503,2,2105,1095,1010,0,0,0,1.0,1,1.0,1,1.0,1,0.1888017961770643,54
1504,1,2106,1095,1011,0,0,0,1.0,1,1.0,1,1.0,1,0.1494039751620518,55
1505,2,2108,1096,1012,0,0,0,1.0,1,1.0,1,1.0,1,0.14536268343976644,53
1506,0,2108,1096,1012,0,0,0,1.0,1,1.0,1,1.0,1,0.15518367273258002,55
1507,0,2108,1096,1012,0,0,0,1.0,1,1.0,1,1.0,1,0.17932152298182039,53
1508,2,2110,1097,1013,0,0,0,1.0,1,1.0,1,1.0,1,0.15950902101226347,53
1509,1,2111,1097,1014,0,0,0,1.0,1,1.0,1,1.0,1,0.18504788785944462,52
1510,2,2113,1098,1015,0,0,0,1.0,1,1.0,1,1.0,1,0.18303840919521405,50
1511,2,2115,1098,1017,0,0,0,1.0,1,1.0,1,1.0,1,0.17380400262782658,49
1512,3,2118,1100,1018,0,0,0,1.0,1,1.0,1,1.0,1,0.21775385192814978,48
1513,0,2118,1100,1018,0,0,0,1.0,1,1.0,1,1.0,1,0.25991462541126314,47
1514,2,2120,1100,1020,0,0,0,1.0,1,1.0,1,1.0,1,0.21965149814440602,48
1515,0,2120,1100,1020,0,0,0,1.0,1,1.0,1,1.0,1,0.21965149814440602,48
1516,0,2120,1100,1020,0,0,0,1.0,1,1.0,1,1.0,1,0.22733728920829907,47
1517,1,2121,1100,1021,0,0,0,1.0,1,1.0,1,1.0,1,0.2321219715698833,48
1518,1,2122,1100,1022,0,0,0,1.0,1,1.0,1,1.0,1,0.22425825859936127,48
1519,0,2122,1100,1022,0,0,0,1.0,1,1.0,1,1.0,1,0.23912956118625484,47
1520,0,2122,1100,1022,0,0,0,1.0,1,1.0,1,1.0,1,0.2469710473605702,48
1521,4,2126,1100,1026,0,0,0,1.0,1,1.0,1,1.0,1,0.1940863089021006,49
1522,1,2127,1100,1027,0,0,0,1.0,1,1.0,1,1.0,1,0.1817472485749711,48
1523,0,2127,1100,1027,0,0,0,1.0,1,1.0,1,1.0,1,0.19328549558731783,49
1524,1,2128,1101,1027,0,0,0,1.0,1,1.0,1,1.0,1,0.2123189500844998,49
1525,1,2129,1101,1028,0,0,0,1.0,1,1.0,1,1.0,1,0.20677826400168722,51
1526,0,2129,1101,1028,0,0,0,1.0,1,1.0,1,1.0,1,0.18724635686731295,52
1527,2,2131,1101,1030,0,0,0,1.0,1,1.0,1,1.0,1,0.17700001101879992,54
1528,2,2133,1102,1031,0,0,0,1.0,1,1.0,1,1.0,1,0.14465533757437368,54
1529,1,2134,1102,1032,0,0,0,1.0,1,1.0,1,1.0,1,0.14431829538085172,54
1530,2,2136,1103,1033,0,0,0,1.0,1,1.0,1,1.0,1,0.14969537220557588,54
1531,2,2138,1103,1035,0,0,0,1.0,1,1.0,1,1.0,1,0.11625887314713623,54
1532,2,2140,1104,1036,0,0,0,1.0,1,1.0,1,1.0,1,0.08635789672988607,54
1533,0,2140,1104,1036,0,0,0,1.0,1,1.0,1,1.0,1,0.09425668616289974,54
1534,1,2141,1104,1037,0,0,0,1.0,1,1.0,1,1.0,1,0.07615615711401894,54
1535,1,2142,1105,1037,0,0,0,1.0,1,1.0,1,1.0,1,0.08957422536827737,54
1536,0,2142,1105,1037,0,0,0,1.0,1,1.0,1,1.0,1,0.09930999379719176,55
1537,0,2142,1105,1037,0,0,0,1.0,1,1.0,1,1.0,1,0.10825319309368017,53
1538,0,2142,1105,1037,0,0,0,1.0,1,1.0,1,1.0,1,0.11900649780072357,54
1539,0,2142,1105,1037,0,0,0,1.0,1,1.0,1,1.0,1,0.14063772181905915,54
1540,0,2142,1105,1037,0,0,0,1.0,1,1.0,1,1.0,1,0.14063772181905915,54
1541,3,2145,1105,1040,0,0,0,1.0,1,1.0,1,1.0,1,0.10063872065444562,54
1542,4,2149,1106,1043,0,0,0,1.0,1,1.0,1,1.0,1,0.09027617494864934,57
1543,3,2152,1107,1045,0,0,0,1.0,1,1.0,1,1.0,1,0.10822147569759433,55
1544,3,2155,1109,1046,0,0,0,1.0,1,1.0,1,1.0,1,0.11396281696004426,54
1545,0,2155,1109,1046,0,0,0,1.0,1,1.0,1,1.0,1,0.13238118065425922,54
1546,2,2157,1111,1046,0,0,0,1.0,1,1.0,1,1.0,1,0.13868848757902985,53
1547,2,2159,1113,1046,0,0,0,1.0,1,1.0,1,1.0,1,0.1392815463933178,53
1548,4,2163,1116,1047,0,0,0,1.0,1,1.0,1,1.0,1,0.12075743811442617,54
1549,3,2166,1118,1048,0,0,0,1.0,1,1.0,1,1.0,1,0.1453086869548221,52
1550,5,2171,1121,1050,0,0,0,1.0,1,1.0,1,1.0,1,0.14496544857387292,52
1551,6,2177,1124,1053,0,0,0,1.0,1,1.0,1,1.0,1,0.1116527995220828,52
1552,3,2180,1126,1054,0,0,0,1.0,1,1.0,1,1.0,1,0.11253023340593388,51
1553,3,2183,1127,1056,0,0,0,1.0,1,1.0,1,1.0,1,0.15271119760642157,51
1554,2,2185,1128,1057,0,0,0,1.0,1,1.0,1,1.0,1,0.1079319325428138,51
1555,1,2186,1129,1057,0,0,0,1.0,1,1.0,1,1.0,1,0.1493607831782894,50
1556,2,2188,1131,1057,0,0,0,1.0,1,1.0,1,1.0,1,0.13000484385931743,51
1557,2,2190,1133,1057,0,0,0,1.0,1,1.0,1,1.0,1,0.15479629361276603,51
1558,0,2190,1133,1057,0,0,0,1.0,1,1.0,1,1.0,1,0.16312928873465832,52
1559,1,2191,1134,1057,0,0,0,1.0,1,1.0,1,1.0,1,0.15349019046991677,53
1560,4,2195,1136,1059,0,0,0,1.0,1,1.0,1,1.0,1,0.1777299784201245,51
1561,4,2199,1137,1062,0,0,0,1.0,1,1.0,1,1.0,1,0.1502958353624253,51
1562,0,2199,1137,1062,0,0,0,1.0,1,1.0,1,1.0,1,0.15802204787239021,52
1563,0,2199,1137,1062,0,0,0,1.0,1,1.0,1,1.0,1,0.15802204787239021,52
1564,0,2199,1137,1062,0,0,0,1.0,1,1.0,1,1.0,1,0.1556448423301168,51
1565,2,2201,1137,1064,0,0,0,1.0,1,1.0,1,1.0,1,0.1381670436416298,53
1566,0,2201,1137,1064,0,0,0,1.0,1,1.0,1,1.0,1,0.1464836603803971,53
1567,1,2202,1138,1064,0,0,0,1.0,1,1.0,1,1.0,1,0.14150280069856072,52
1568,2,2204,1139,1065,0,0,0,1.0,1,1.0,1,1.0,1,0.14136777800754402,52
1569,1,2205,1140,1065,0,0,0,1.0,1,1.0,1,1.0,1,0.1716910583752575,49
1570,1,2206,1141,1065,0,0,0,1.0,1,1.0,1,1.0,1,0.18987716030893245,48
1571,7,2213,1143,1070,0,0,0,1.0,1,1.0,1,1.0,1,0.13430324147907866,46
1572,2,2215,1145,1070,0,0,0,1.0,1,1.0,1,1.0,1,0.1135037743514555,47
1573,1,2216,1146,1070,0,0,0,1.0,1,1.0,1,1.0,1,0.12068397849463273,48
1574,3,2219,1149,1070,0,0,0,1.0,1,1.0,1,1.0,1,0.11284025010546934,46
1575,1,2220,1150,1070,0,0,0,1.0,1,1.0,1,1.0,1,0.13751673465363293,47
1576,2,2222,1152,1070,0,0,0,1.0,1,1.0,1,1.0,1,0.11917883503143847,46
1577,0,2222,1152,1070,0,0,0,1.0,1,1.0,1,1.0,1,0.11187657172714222,45
1578,2,2224,1154,1070,0,0,0,1.0,1,1.0,1,1.0,1,0.08188796516809696,44
1579,0,2224,1154,1070,0,0,0,1.0,1,1.0,1,1.0,1,0.08036603220810513,43
1580,0,2224,1154,1070,0,0,0,1.0,1,1.0,1,1.0,1,0.08036603220810513,43
1581,2,2226,1154,1072,0,0,0,1.0,1,1.0,1,1.0,1,0.07420423058371971,42
1582,0,2226,1154,1072,0,0,0,1.0,1,1.0,1,1.0,1,0.07420423058371971,42
1583,0,2226,1154,1072,0,0,0,1.0,1,1.0,1,1.0,1,0.06511459343360992,43
1584,1,2227,1154,1073,0,0,0,1.0,1,1.0,1,1.0,1,0.05522810126939064,41
1585,5,2232,1158,1074,0,0,0,1.0,1,1.0,1,1.0,1,0.06348697862561875,43
1586,1,2233,1159,1074,0,0,0,1.0,1,1.0,1,1.0,1,0.10154425381214105,42
1587,1,2234,1160,1074,0,0,0,1.0,1,1.0,1,1.0,1,0.1684465146729304,42
1588,3,2237,1162,1075,0,0,0,1.0,1,1.0,1,1.0,1,0.1859351967893681,42
1589,1,2238,1163,1075,0,0,0,1.0,1,1.0,1,1.0,1,0.14977295765601978,42
1590,0,2238,1163,1075,0,0,0,1.0,1,1.0,1,1.0,1,0.21377628454233216,41
1591,5,2243,1164,1079,0,0,0,1.0,1,1.0,1,1.0,1,0.13840779500617928,40
1592,1,2244,1164,1080,0,0,0,1.0,1,1.0,1,1.0,1,0.15587522103194926,39
1593,0,2244,1164,1080,0,0,0,1.0,1,1.0,1,1.0,1,0.15965827899314378,39
1594,0,2244,1164,1080,0,0,0,1.0,1,1.0,1,1.0,1,0.18442156890776498,39
1595,1,2245,1164,1081,0,0,0,1.0,1,1.0,1,1.0,1,0.17784070568493368,42
1596,0,2245,1164,1081,0,0,0,1.0,1,1.0,1,1.0,1,0.20896459736161577,41
1597,0,2245,1164,1081,0,0,0,1.0,1,1.0,1,1.0,1,0.20896459736161577,41
1598,0,2245,1164,1081,0,0,0,1.0,1,1.0,1,1.0,1,0.25440638487241535,39
1599,3,2248,1167,1081,0,0,0,1.0,1,1.0,1,1.0,1,0.2474911996072676,39
1600,1,2249,1168,1081,0,0,0,1.0,1,1.0,1,1.0,1,0.24620538321899096,40
1601,8,2257,1170,1087,0,0,0,1.0,1,1.0,1,1.0,1,0.18282776218366714,41
1602,0,2257,1170,1087,0,0,0,1.0,1,1.0,1,1.0,1,0.16352878628459386,41
1603,1,2258,1171,1087,0,0,0,1.0,1,1.0,1,1.0,1,0.19639158326692724,43
1604,2,2260,1172,1088,0,0,0,1.0,1,1.0,1,1.0,1,0.18343984861711207,43
1605,1,2261,1173,1088,0,0,0,1.0,1,1.0,1,1.0,1,0.20958433592970285,44
1606,1,2262,1174,1088,0,0,0,1.0,1,1.0,1,1.0,1,0.22124897383119957,44
1607,1,2263,1175,1088,0,0,0,1.0,1,1.0,1,1.0,1,0.2040670425489735,42
1608,0,2263,1175,1088,0,0,0,1.0,1,1.0,1,1.0,1,0.20732321049438598,41
1609,0,2263,1175,1088,0,0,0,1.0,1,1.0,1,1.0,1,0.17150951636661618,39
1610,0,2263,1175,1088,0,0,0,1.0,1,1.0,1,1.0,1,0.12675804577188746,39
1611,2,2265,1176,1089,0,0,0,1.0,1,1.0,1,1.0,1,0.09650332038815584,40
1612,0,2265,1176,1089,0,0,0,1.0,1,1.0,1,1.0,1,0.08489272701339788,39
1613,0,2265,1176,1089,0,0,0,1.0,1,1.0,1,1.0,1,0.08072456364940965,41
1614,2,2267,1178,1089,0,0,0,1.0,1,1.0,1,1.0,1,0.10106007769649569,41
1615,1,2268,1179,1089,0,0,0,1.0,1,1.0,1,1.0,1,0.07043633750161318,41
1616,2,2270,1180,1090,0,0,0,1.0,1,1.0,1,1.0,1,0.0919475916390828,43
1617,2,2272,1182,1090,0,0,0,1.0,1,1.0,1,1.0,1,0.0936315441314397,44
1618,1,2273,1182,1091,0,0,0,1.0,1,1.0,1,1.0,1,0.08470019414116324,44
1619,2,2275,1184,1091,0,0,0,1.0,1,1.0,1,1.0,1,0.13859105786345907,44
1620,2,2277,1185,1092,0,0,0,1.0,1,1.0,1,1.0,1,0.13410340994481326,45
1621,2,2279,1185,1094,0,0,0,1.0,1,1.0,1,1.0,1,0.0956026625556875,44
1622,4,2283,1188,1095,0,0,0,1.0,1,1.0,1,1.0,1,0.1238352952206997,44
1623,1,2284,1188,1096,0,0,0,1.0,1,1.0,1,1.0,1,0.1224731244271223,43
1624,0,2284,1188,1096,0,0,0,1.0,1,1.0,1,1.0,1,0.09750687744904858,43
1625,2,2286,1190,1096,0,0,0,1.0,1,1.0,1,1.0,1,0.11407559512514626,43
1626,0,2286,1190,1096,0,0,0,1.0,1,1.0,1,1.0,1,0.12637849469138693,42
1627,1,2287,1191,1096,0,0,0,1.0,1,1.0,1,1.0,1,0.13887276484379946,42
1628,3,2290,1191,1099,0,0,0,1.0,1,1.0,1,1.0,1,0.10366460129872351,42
1629,0,2290,1191,1099,0,0,0,1.0,1,1.0,1,1.0,1,0.13153016923871255,41
1630,1,2291,1192,1099,0,0,0,1.0,1,1.0,1,1.0,1,0.12150316546578747,41
1631,4,2295,1192,1103,0,0,0,1.0,1,1.0,1,1.0,1,0.09839159746976416,40
1632,0,2295,1192,1103,0,0,0,1.0,1,1.0,1,1.0,1,0.11472100575594882,39
1633,1,2296,1193,1103,0,0,0,1.0,1,1.0,1,1.0,1,0.10482673491668731,39
1634,0,2296,1193,1103,0,0,0,1.0,1,1.0,1,1.0,1,0.10482673491668731,39
1635,0,2296,1193,1103,0,0,0,1.0,1,1.0,1,1.0,1,0.1265905206665861,40
1636,2,2298,1193,1105,0,0,0,1.0,1,1.0,1,1.0,1,0.10768246531976092,41
1637,0,2298,1193,1105,0,0,0,1.0,1,1.0,1,1.0,1,0.1250820932541445,41
1638,1,2299,1194,1105,0,0,0,1.0,1,1.0,1,1.0,1,0.13516923456501218,42
1639,1,2300,1194,1106,0,0,0,1.0,1,1.0,1,1.0,1,0.12335386663485412,43
1640,2,2302,1196,1106,0,0,0,1.0,1,1.0,1,1.0,1,0.09046087493456756,43
1641,0,2302,1196,1106,0,0,0,1.0,1,1.0,1,1.0,1,0.09376267661916048,44
1642,8,2310,1201,1109,0,0,0,1.0,1,1.0,1,1.0,1,0.12178263433082243,45
1643,2,2312,1202,1110,0,0,0,1.0,1,1.0,1,1.0,1,0.143203989327451,44
1644,3,2315,1204,1111,0,0,0,1.0,1,1.0,1,1.0,1,0.1139021975205787,45
1645,0,2315,1204,1111,0,0,0,1.0,1,1.0,1,1.0,1,0.10570924054975836,44
1646,1,2316,1204,1112,0,0,0,1.0,1,1.0,1,1.0,1,0.07685182767950019,43
1647,1,2317,1205,1112,0,0,0,1.0,1,1.0,1,1.0,1,0.11636194436606206,43
1648,1,2318,1205,1113,0,0,0,1.0,1,1.0,1,1.0,1,0.14103926740671938,42
1649,1,2319,1205,1114,0,0,0,1.0,1,1.0,1,1.0,1,0.15829521782627573,41
1650,1,2320,1205,1115,0,0,0,1.0,1,1.0,1,1.0,1,0.16729033782279662,41
1651,1,2321,1205,1116,0,0,0,1.0,1,1.0,1,1.0,1,0.11899359047148479,40
1652,1,2322,1205,1117,0,0,0,1.0,1,1.0,1,1.0,1,0.08134541341259893,39
1653,1,2323,1205,1118,0,0,0,1.0,1,1.0,1,1.0,1,0.08021642137619496,39
1654,1,2324,1205,1119,0,0,0,1.0,1,1.0,1,1.0,1,0.03550173165291225,39
1655,3,2327,1207,1120,0,0,0,1.0,1,1.0,1,1.0,1,0.07126648152165906,40
1656,1,2328,1208,1120,0,0,0,1.0,1,1.0,1,1.0,1,0.10947119055032713,40
1657,1,2329,1209,1120,0,0,0,1.0,1,1.0,1,1.0,1,0.10889835329748929,40
1658,0,2329,1209,1120,0,0,0,1.0,1,1.0,1,1.0,1,0.10889835329748929,40
1659,3,2332,1212,1120,0,0,0,1.0,1,1.0,1,1.0,1,0.18124767984451481,40
1660,2,2334,1214,1120,0,0,0,1.0,1,1.0,1,1.0,1,0.1519032719107694,41
1661,5,2339,1216,1123,0,0,0,1.0,1,1.0,1,1.0,1,0.09468684645764387,42
1662,2,2341,1217,1124,0,0,0,1.0,1,1.0,1,1.0,1,0.02883515092533946,44
1663,1,2342,1218,1124,0,0,0,1.0,1,1.0,1,1.0,1,0.07715660683009644,43
1664,1,2343,1219,1124,0,0,0,1.0,1,1.0,1,1.0,1,0.07138172471142581,42
1665,1,2344,1220,1124,0,0,0,1.0,1,1.0,1,1.0,1,0.09185201009318067,42
1666,3,2347,1222,1125,0,0,0,1.0,1,1.0,1,1.0,1,0.05429220927001627,43
1667,1,2348,1223,1125,0,0,0,1.0,1,1.0,1,1.0,1,0.06590369731664059,40
1668,0,2348,1223,1125,0,0,0,1.0,1,1.0,1,1.0,1,0.07405897226705156,40
1669,3,2351,1226,1125,0,0,0,1.0,1,1.0,1,1.0,1,0.10449475653590563,40
1670,1,2352,1227,1125,0,0,0,1.0,1,1.0,1,1.0,1,0.11668515963963365,39
1671,2,2354,1228,1126,0,0,0,1.0,1,1.0,1,1.0,1,0.11626266189707647,39
1672,2,2356,1230,1126,0,0,0,1.0,1,1.0,1,1.0,1,0.15949089553003473,38
1673,2,2358,1232,1126,0,0,0,1.0,1,1.0,1,1.0,1,0.18779648973708915,38
1674,2,2360,1233,1127,0,0,0,1.0,1,1.0,1,1.0,1,0.1730859021683281,38
1675,0,2360,1233,1127,0,0,0,1.0,1,1.0,1,1.0,1,0.1516199550515252,39
1676,0,2360,1233,1127,0,0,0,1.0,1,1.0,1,1.0,1,0.1718275036893722,39
1677,0,2360,1233,1127,0,0,0,1.0,1,1.0,1,1.0,1,0.1544874707025531,40
1678,1,2361,1233,1128,0,0,0,1.0,1,1.0,1,1.0,1,0.16203252465130938,39
1679,0,2361,1233,1128,0,0,0,1.0,1,1.0,1,1.0,1,0.16203252465130938,39
1680,1,2362,1233,1129,0,0,0,1.0,1,1.0,1,1.0,1,0.15554209196537053,40
1681,1,2363,1234,1129,0,0,0,1.0,1,1.0,1,1.0,1,0.15276122727193728,41
1682,2,2365,1234,1131,0,0,0,1.0,1,1.0,1,1.0,1,0.10078333357044303,40
1683,6,2371,1238,1133,0,0,0,1.0,1,1.0,1,1.0,1,0.11521102272299669,43
1684,2,2373,1239,1134,0,0,0,1.0,1,1.0,1,1.0,1,0.14764833677979236,42
1685,2,2375,1241,1134,0,0,0,1.0,1,1.0,1,1.0,1,0.11868960317332171,41
1686,0,2375,1241,1134,0,0,0,1.0,1,1.0,1,1.0,1,0.1102753773548536,39
1687,5,2380,1245,1135,0,0,0,1.0,1,1.0,1,1.0,1,0.1529309323086089,41
1688,1,2381,1246,1135,0,0,0,1.0,1,1.0,1,1.0,1,0.13317935288261024,39
1689,2,2383,1248,1135,0,0,0,1.0,1,1.0,1,1.0,1,0.1449368550025999,37
1690,0,2383,1248,1135,0,0,0,1.0,1,1.0,1,1.0,1,0.15484213166065278,36
1691,4,2387,1249,1138,0,0,0,1.0,1,1.0,1,1.0,1,0.14159305970137384,36
1692,0,2387,1249,1138,0,0,0,1.0,1,1.0,1,1.0,1,0.13520999551745538,34
1693,1,2388,1250,1138,0,0,0,1.0,1,1.0,1,1.0,1,0.10877586341614455,33
1694,2,2390,1251,1139,0,0,0,1.0,1,1.0,1,1.0,1,0.1294679136232631,32
1695,1,2391,1251,1140,0,0,0,1.0,1,1.0,1,1.0,1,0.09040769390778004,32
1696,1,2392,1252,1140,0,0,0,1.0,1,1.0,1,1.0,1,0.12895061502693247,34
1697,2,2394,1253,1141,0,0,0,1.0,1,1.0,1,1.0,1,0.146436022818926,34
1698,2,2396,1255,1141,0,0,0,1.0,1,1.0,1,1.0,1,0.17888898308563933,36
1699,2,2398,1256,1142,0,0,0,1.0,1,1.0,1,1.0,1,0.1740858561067545,36
1700,1,2399,1257,1142,0,0,0,1.0,1,1.0,1,1.0,1,0.20654187949052627,37
1701,2,2401,1257,1144,0,0,0,1.0,1,1.0,1,1.0,1,0.15714250647514355,39
1702,0,2401,1257,1144,0,0,0,1.0,1,1.0,1,1.0,1,0.15714250647514355,39
1703,0,2401,1257,1144,0,0,0,1.0,1,1.0,1,1.0,1,0.15485544748396615,38
1704,0,2401,1257,1144,0,0,0,1.0,1,1.0,1,1.0,1,0.11849073272829165,38
1705,3,2404,1259,1145,0,0,0,1.0,1,1.0,1,1.0,1,0.12854603545802867,37
1706,2,2406,1260,1146,0,0,0,1.0,1,1.0,1,1.0,1,0.11656496081524556,37
1707,2,2408,1261,1147,0,0,0,1.0,1,1.0,1,1.0,1,0.1174240735253393,36
1708,0,2408,1261,1147,0,0,0,1.0,1,1.0,1,1.0,1,0.15789936851183817,34
1709,0,2408,1261,1147,0,0,0,1.0,1,1.0,1,1.0,1,0.15789936851183817,34
1710,5,2413,1264,1149,0,0,0,1.0,1,1.0,1,1.0,1,0.2620982425551289,33
1711,3,2416,1264,1152,0,0,0,1.0,1,1.0,1,1.0,1,0.16019018244646627,32
1712,1,2417,1265,1152,0,0,0,1.0,1,1.0,1,1.0,1,0.20527660383395627,31
1713,0,2417,1265,1152,0,0,0,1.0,1,1.0,1,1.0,1,0.20698783661889114,32
1714,0,2417,1265,1152,0,0,0,1.0,1,1.0,1,1.0,1,0.20698783661889114,32
1715,0,2417,1265,1152,0,0,0,1.0,1,1.0,1,1.0,1,0.20698783661889114,32
1716,1,2418,1266,1152,0,0,0,1.0,1,1.0,1,1.0,1,0.19465643224269155,34
1717,2,2420,1266,1154,0,0,0,1.0,1,1.0,1,1.0,1,0.1433529610529342,34
1718,0,2420,1266,1154,0,0,0,1.0,1,1.0,1,1.0,1,0.1622951300771797,34
1719,1,2421,1267,1154,0,0,0,1.0,1,1.0,1,1.0,1,0.19924280541851622,34
1720,1,2422,1268,1154,0,0,0,1.0,1,1.0,1,1.0,1,0.20767770159072854,34
1721,6,2428,1269,1159,0,0,0,1.0,1,1.0,1,1.0,1,0.16488216449619236,35
1722,0,2428,1269,1159,0,0,0,1.0,1,1.0,1,1.0,1,0.14309079654121168,35
1723,0,2428,1269,1159,0,0,0,1.0,1,1.0,1,1.0,1,0.12649607261973733,34
1724,0,2428,1269,1159,0,0,0,1.0,1,1.0,1,1.0,1,0.08669146393109393,33
1725,1,2429,1270,1159,0,0,0,1.0,1,1.0,1,1.0,1,0.08005260725058529,35
1726,0,2429,1270,1159,0,0,0,1.0,1,1.0,1,1.0,1,0.07120343116647063,34
1727,0,2429,1270,1159,0,0,0,1.0,1,1.0,1,1.0,1,0.07120343116647063,34
1728,1,2430,1271,1159,0,0,0,1.0,1,1.0,1,1.0,1,0.05620381112261392,35
1729,1,2431,1272,1159,0,0,0,1.0,1,1.0,1,1.0,1,0.06384805965478724,35
1730,0,2431,1272,1159,0,0,0,1.0,1,1.0,1,1.0,1,0.06384805965478724,35
1731,1,2432,1273,1159,0,0,0,1.0,1,1.0,1,1.0,1,0.133809966585149,35
1732,0,2432,1273,1159,0,0,0,1.0,1,1.0,1,1.0,1,0.133809966585149,35
1733,0,2432,1273,1159,0,0,0,1.0,1,1.0,1,1.0,1,0.15016852483282364,33
1734,1,2433,1274,1159,0,0,0,1.0,1,1.0,1,1.0,1,0.15517808255590268,34
1735,0,2433,1274,1159,0,0,0,1.0,1,1.0,1,1.0,1,0.1853229996270311,33
1736,3,2436,1277,1159,0,0,0,1.0,1,1.0,1,1.0,1,0.19380598093931584,33
1737,0,2436,1277,1159,0,0,0,1.0,1,1.0,1,1.0,1,0.17932378261854431,35
1738,1,2437,1278,1159,0,0,0,1.0,1,1.0,1,1.0,1,0.1584306064793883,36
1739,2,2439,1280,1159,0,0,0,1.0,1,1.0,1,1.0,1,0.16031081190932736,36
1740,1,2440,1280,1160,0,0,0,1.0,1,1.0,1,1.0,1,0.13974724600711438,37
1741,1,2441,1281,1160,0,0,0,1.0,1,1.0,1,1.0,1,0.11824648699770299,36
1742,0,2441,1281,1160,0,0,0,1.0,1,1.0,1,1.0,1,0.11824648699770299,36
1743,3,2444,1283,1161,0,0,0,1.0,1,1.0,1,1.0,1,0.16355269618253396,37
1744,2,2446,1283,1163,0,0,0,1.0,1,1.0,1,1.0,1,0.13747047923383252,37
1745,4,2450,1287,1163,0,0,0,1.0,1,1.0,1,1.0,1,0.27381087990668057,38
1746,3,2453,1287,1166,0,0,0,1.0,1,1.0,1,1.0,1,0.22067782220676094,38
1747,1,2454,1288,1166,0,0,0,1.0,1,1.0,1,1.0,1,0.25551149270654455,37
1748,3,2457,1289,1168,0,0,0,1.0,1,1.0,1,1.0,1,0.20912130682994765,38
1749,1,2458,1289,1169,0,0,0,1.0,1,1.0,1,1.0,1,0.19585014862468006,38
1750,0,2458,1289,1169,0,0,0,1.0,1,1.0,1,1.0,1,0.21053072470779707,39
1751,3,2461,1289,1172,0,0,0,1.0,1,1.0,1,1.0,1,0.15661902169909853,41
1752,0,2461,1289,1172,0,0,0,1.0,1,1.0,1,1.0,1,0.15661902169909853,41
1753,0,2461,1289,1172,0,0,0,1.0,1,1.0,1,1.0,1,0.16759791459134132,41
1754,1,2462,1289,1173,0,0,0,1.0,1,1.0,1,1.0,1,0.15125901695052224,40
1755,1,2463,1289,1174,0,0,0,1.0,1,1.0,1,1.0,1,0.13693736087437874,41
1756,1,2464,1289,1175,0,0,0,1.0,1,1.0,1,1.0,1,0.1648316278481987,41
1757,0,2464,1289,1175,0,0,0,1.0,1,1.0,1,1.0,1,0.18133622093564183,40
1758,0,2464,1289,1175,0,0,0,1.0,1,1.0,1,1.0,1,0.17167740724127553,41
1759,1,2465,1290,1175,0,0,0,1.0,1,1.0,1,1.0,1,0.2090583916639924,38
1760,2,2467,1291,1176,0,0,0,1.0,1,1.0,1,1.0,1,0.18627131189296772,38
1761,3,2470,1293,1177,0,0,0,1.0,1,1.0,1,1.0,1,0.18424029734508127,37
1762,1,2471,1294,1177,0,0,0,1.0,1,1.0,1,1.0,1,0.20106361237045065,37
1763,4,2475,1297,1178,0,0,0,1.0,1,1.0,1,1.0,1,0.17233492390525165,37
1764,2,2477,1298,1179,0,0,0,1.0,1,1.0,1,1.0,1,0.18610677379799895,36
1765,3,2480,1301,1179,0,0,0,1.0,1,1.0,1,1.0,1,0.23997045461955124,36
1766,2,2482,1302,1180,0,0,0,1.0,1,1.0,1,1.0,1,0.21415242704780427,37
1767,2,2484,1304,1180,0,0,0,1.0,1,1.0,1,1.0,1,0.24295561193793971,37
1768,0,2484,1304,1180,0,0,0,1.0,1,1.0,1,1.0,1,0.19727418831226443,37
1769,1,2485,1305,1180,0,0,0,1.0,1,1.0,1,1.0,1,0.18697918257225035,38
1770,3,2488,1306,1182,0,0,0,1.0,1,1.0,1,1.0,1,0.1826048990183979,39
1771,2,2490,1306,1184,0,0,0,1.0,1,1.0,1,1.0,1,0.14574070898763425,39
1772,1,2491,1307,1184,0,0,0,1.0,1,1.0,1,1.0,1,0.1585560941446078,39
1773,2,2493,1308,1185,0,0,0,1.0,1,1.0,1,1.0,1,0.11757353172539,41
1774,1,2494,1309,1185,0,0,0,1.0,1,1.0,1,1.0,1,0.1407384601307179,41
1775,0,2494,1309,1185,0,0,0,1.0,1,1.0,1,1.0,1,0.14409888237447865,42
1776,1,2495,1310,1185,0,0,0,1.0,1,1.0,1,1.0,1,0.14759374016221596,43
1777,2,2497,1311,1186,0,0,0,1.0,1,1.0,1,1.0,1,0.10004230707971695,43
1778,0,2497,1311,1186,0,0,0,1.0,1,1.0,1,1.0,1,0.11515514353936356,44
1779,1,2498,1311,1187,0,0,0,1.0,1,1.0,1,1.0,1,0.10449365707391411,46
1780,0,2498,1311,1187,0,0,0,1.0,1,1.0,1,1.0,1,0.10449365707391411,46
1781,0,2498,1311,1187,0,0,0,1.0,1,1.0,1,1.0,1,0.10449365707391411,46
1782,0,2498,1311,1187,0,0,0,1.0,1,1.0,1,1.0,1,0.11187288553848888,46
1783,0,2498,1311,1187,0,0,0,1.0,1,1.0,1,1.0,1,0.12829110497308677,44
1784,0,2498,1311,1187,0,0,0,1.0,1,1.0,1,1.0,1,0.11482035365781504,45
1785,1,2499,1312,1187,0,0,0,1.0,1,1.0,1,1.0,1,0.14271169259349165,42
1786,2,2501,1314,1187,0,0,0,1.0,1,1.0,1,1.0,1,0.13031825599615052,43
1787,1,2502,1315,1187,0,0,0,1.0,1,1.0,1,1.0,1,0.14924854257515388,41
1788,2,2504,1316,1188,0,0,0,1.0,1,1.0,1,1.0,1,0.17476147402544437,41
1789,0,2504,1316,1188,0,0,0,1.0,1,1.0,1,1.0,1,0.18695519914464376,41
1790,4,2508,1320,1188,0,0,0,1.0,1,1.0,1,1.0,1,0.16450340557798873,41
1791,3,2511,1322,1189,0,0,0,1.0,1,1.0,1,1.0,1,0.1355773445059088,40
1792,3,2514,1325,1189,0,0,0,1.0,1,1.0,1,1.0,1,0.1173554764500605,40
1793,2,2516,1326,1190,0,0,0,1.0,1,1.0,1,1.0,1,0.10114322689241657,41
1794,0,2516,1326,1190,0,0,0,1.0,1,1.0,1,1.0,1,0.10114322689241657,41
1795,6,2522,1330,1192,0,0,0,1.0,1,1.0,1,1.0,1,0.14176820689983788,40
1796,1,2523,1331,1192,0,0,0,1.0,1,1.0,1,1.0,1,0.16265392370863593,40
1797,1,2524,1332,1192,0,0,0,1.0,1,1.0,1,1.0,1,0.1985612518976723,37
1798,1,2525,1333,1192,0,0,0,1.0,1,1.0,1,1.0,1,0.20931434030799456,37
1799,0,2525,1333,1192,0,0,0,1.0,1,1.0,1,1.0,1,0.20827674690779363,36
1800,0,2525,1333,1192,0,0,0,1.0,1,1.0,1,1.0,1,0.20827674690779363,36
1801,3,2528,1333,1195,0,0,0,1.0,1,1.0,1,1.0,1,0.09230384443768734,34
1802,1,2529,1334,1195,0,0,0,1.0,1,1.0,1,1.0,1,0.07524833803033067,33
1803,2,2531,1336,1195,0,0,0,1.0,1,1.0,1,1.0,1,0.09634717788700771,33
1804,1,2532,1337,1195,0,0,0,1.0,1,1.0,1,1.0,1,0.1389548243477045,33
1805,2,2534,1339,1195,0,0,0,1.0,1,1.0,1,1.0,1,0.15945169594368383,35
1806,1,2535,1340,1195,0,0,0,1.0,1,1.0,1,1.0,1,0.18806406173968068,35
1807,0,2535,1340,1195,0,0,0,1.0,1,1.0,1,1.0,1,0.14788857996494795,35
1808,1,2536,1341,1195,0,0,0,1.0,1,1.0,1,1.0,1,0.07561706467723181,36
1809,0,2536,1341,1195,0,0,0,1.0,1,1.0,1,1.0,1,0.0691134375301302,36
1810,4,2540,1343,1197,0,0,0,1.0,1,1.0,1,1.0,1,0.06466754048084916,35
1811,1,2541,1344,1197,0,0,0,1.0,1,1.0,1,1.0,1,0.13797970233674203,36
1812,0,2541,1344,1197,0,0,0,1.0,1,1.0,1,1.0,1,0.1352732967071088,36
1813,2,2543,1345,1198,0,0,0,1.0,1,1.0,1,1.0,1,0.16270245970372663,36
1814,0,2543,1345,1198,0,0,0,1.0,1,1.0,1,1.0,1,0.15844612548533232,34
1815,2,2545,1345,1200,0,0,0,1.0,1,1.0,1,1.0,1,0.13447518083148827,35
1816,0,2545,1345,1200,0,0,0,1.0,1,1.0,1,1.0,1,0.14353469907202301,34
1817,1,2546,1346,1200,0,0,0,1.0,1,1.0,1,1.0,1,0.1245462009569816,34
1818,0,2546,1346,1200,0,0,0,1.0,1,1.0,1,1.0,1,0.1245462009569816,34
1819,2,2548,1348,1200,0,0,0,1.0,1,1.0,1,1.0,1,0.10294250458567286,35
1820,0,2548,1348,1200,0,0,0,1.0,1,1.0,1,1.0,1,0.09360212744224357,36
1821,0,2548,1348,1200,0,0,0,1.0,1,1.0,1,1.0,1,0.09360212744224357,36
1822,3,2551,1351,1200,0,0,0,1.0,1,1.0,1,1.0,1,0.08674524148268034,37
1823,1,2552,1352,1200,0,0,0,1.0,1,1.0,1,1.0,1,0.09920603766656046,38
1824,0,2552,1352,1200,0,0,0,1.0,1,1.0,1,1.0,1,0.10941805330619878,37
1825,1,2553,1353,1200,0,0,0,1.0,1,1.0,1,1.0,1,0.14595253993136403,36
1826,1,2554,1354,1200,0,0,0,1.0,1,1.0,1,1.0,1,0.1412084306584642,35
1827,1,2555,1355,1200,0,0,0,1.0,1,1.0,1,1.0,1,0.1573038116214728,35
1828,1,2556,1356,1200,0,0,0,1.0,1,1.0,1,1.0,1,0.1600800106699269,33
1829,0,2556,1356,1200,0,0,0,1.0,1,1.0,1,1.0,1,0.17122173657455056,32
1830,1,2557,1357,1200,0,0,0,1.0,1,1.0,1,1.0,1,0.18145118742289834,32
1831,5,2562,1358,1204,0,0,0,1.0,1,1.0,1,1.0,1,0.1380302737158899,30
1832,0,2562,1358,1204,0,0,0,1.0,1,1.0,1,1.0,1,0.1380302737158899,30
1833,4,2566,1360,1206,0,0,0,1.0,1,1.0,1,1.0,1,0.2086259081933601,29
1834,0,2566,1360,1206,0,0,0,1.0,1,1.0,1,1.0,1,0.18417001084263004,28
1835,3,2569,1362,1207,0,0,0,1.0,1,1.0,1,1.0,1,0.23694743550677558,28
1836,0,2569,1362,1207,0,0,0,1.0,1,1.0,1,1.0,1,0.23749735476989486,29
1837,2,2571,1363,1208,0,0,0,1.0,1,1.0,1,1.0,1,0.27338702630144507,28
1838,0,2571,1363,1208,0,0,0,1.0,1,1.0,1,1.0,1,0.2362610886950448,28
1839,0,2571,1363,1208,0,0,0,1.0,1,1.0,1,1.0,1,0.25337921459264745,27
1840,1,2572,1363,1209,0,0,0,1.0,1,1.0,1,1.0,1,0.2624286631053571,26
1841,2,2574,1363,1211,0,0,0,1.0,1,1.0,1,1.0,1,0.22451655662024325,25
1842,1,2575,1364,1211,0,0,0,1.0,1,1.0,1,1.0,1,0.1749081853996223,26
1843,0,2575,1364,1211,0,0,0,1.0,1,1.0,1,1.0,1,0.1749081853996223,26
1844,1,2576,1365,1211,0,0,0,1.0,1,1.0,1,1.0,1,0.16509376266165887,26
1845,0,2576,1365,1211,0,0,0,1.0,1,1.0,1,1.0,1,0.16509376266165887,26
1846,2,2578,1367,1211,0,0,0,1.0,1,1.0,1,1.0,1,0.20399782691529142,26
1847,1,2579,1367,1212,0,0,0,1.0,1,1.0,1,1.0,1,0.1843167216890206,26
1848,0,2579,1367,1212,0,0,0,1.0,1,1.0,1,1.0,1,0.18684058523501135,27
1849,0,2579,1367,1212,0,0,0,1.0,1,1.0,1,1.0,1,0.18684058523501135,27
1850,0,2579,1367,1212,0,0,0,1.0,1,1.0,1,1.0,1,0.1890875686377431,28
1851,2,2581,1367,1214,0,0,0,1.0,1,1.0,1,1.0,1,0.11701512122960532,28
1852,0,2581,1367,1214,0,0,0,1.0,1,1.0,1,1.0,1,0.11701512122960532,28
1853,0,2581,1367,1214,0,0,0,1.0,1,1.0,1,1.0,1,0.13716779529887113,27
1854,1,2582,1367,1215,0,0,0,1.0,1,1.0,1,1.0,1,0.12366022409809364,28
1855,0,2582,1367,1215,0,0,0,1.0,1,1.0,1,1.0,1,0.12366022409809364,28
1856,3,2585,1370,1215,0,0,0,1.0,1,1.0,1,1.0,1,0.18723369050837682,30
1857,4,2589,1370,1219,0,0,0,1.0,1,1.0,1,1.0,1,0.15622489191974712,31
1858,4,2593,1372,1221,0,0,0,1.0,1,1.0,1,1.0,1,0.22323842730903884,31
1859,2,2595,1372,1223,0,0,0,1.0,1,1.0,1,1.0,1,0.2525870184402122,31
1860,2,2597,1372,1225,0,0,0,1.0,1,1.0,1,1.0,1,0.2158740637728675,31
1861,0,2597,1372,1225,0,0,0,1.0,1,1.0,1,1.0,1,0.2158740637728675,31
1862,0,2597,1372,1225,0,0,0,1.0,1,1.0,1,1.0,1,0.2158740637728675,31
1863,0,2597,1372,1225,0,0,0,1.0,1,1.0,1,1.0,1,0.23401185370262748,31
1864,3,2600,1374,1226,0,0,0,1.0,1,1.0,1,1.0,1,0.17284632915501194,30
1865,1,2601,1375,1226,0,0,0,1.0,1,1.0,1,1.0,1,0.17207912491324676,27
1866,1,2602,1376,1226,0,0,0,1.0,1,1.0,1,1.0,1,0.1909534319923938,28
1867,0,2602,1376,1226,0,0,0,1.0,1,1.0,1,1.0,1,0.22933265339013495,26
1868,2,2604,1378,1226,0,0,0,1.0,1,1.0,1,1.0,1,0.21936305033283188,26
1869,0,2604,1378,1226,0,0,0,1.0,1,1.0,1,1.0,1,0.23410998601107957,25
1870,1,2605,1379,1226,0,0,0,1.0,1,1.0,1,1.0,1,0.1929965271075732,25
1871,1,2606,1380,1226,0,0,0,1.0,1,1.0,1,1.0,1,0.1946602653970059,26
1872,0,2606,1380,1226,0,0,0,1.0,1,1.0,1,1.0,1,0.1923122304729473,25
1873,0,2606,1380,1226,0,0,0,1.0,1,1.0,1,1.0,1,0.21438273847859982,23
1874,2,2608,1381,1227,0,0,0,1.0,1,1.0,1,1.0,1,0.14337983075127977,23
1875,0,2608,1381,1227,0,0,0,1.0,1,1.0,1,1.0,1,0.1821951960973878,21
1876,1,2609,1382,1227,0,0,0,1.0,1,1.0,1,1.0,1,0.2351935301311628,24
1877,1,2610,1383,1227,0,0,0,1.0,1,1.0,1,1.0,1,0.2802220228177673,24
1878,3,2613,1384,1229,0,0,0,1.0,1,1.0,1,1.0,1,0.1302199718476585,26
1879,0,2613,1384,1229,0,0,0,1.0,1,1.0,1,1.0,1,0.1302199718476585,26
1880,0,2613,1384,1229,0,0,0,1.0,1,1.0,1,1.0,1,0.1302199718476585,26
1881,1,2614,1384,1230,0,0,0,1.0,1,1.0,1,1.0,1,0.1022448002470032,26
1882,0,2614,1384,1230,0,0,0,1.0,1,1.0,1,1.0,1,0.12586974320180724,25
1883,0,2614,1384,1230,0,0,0,1.0,1,1.0,1,1.0,1,0.12586974320180724,25
1884,0,2614,1384,1230,0,0,0,1.0,1,1.0,1,1.0,1,0.12586974320180724,25
1885,0,2614,1384,1230,0,0,0,1.0,1,1.0,1,1.0,1,0.12586974320180724,25
1886,0,2614,1384,1230,0,0,0,1.0,1,1.0,1,1.0,1,0.08464599603654534,26
1887,0,2614,1384,1230,0,0,0,1.0,1,1.0,1,1.0,1,0.08464599603654534,26
1888,1,2615,1385,1230,0,0,0,1.0,1,1.0,1,1.0,1,0.11815056197995219,27
1889,1,2616,1385,1231,0,0,0,1.0,1,1.0,1,1.0,1,0.10204953424316329,28
1890,0,2616,1385,1231,0,0,0,1.0,1,1.0,1,1.0,1,0.10204953424316329,28
1891,0,2616,1385,1231,0,0,0,1.0,1,1.0,1,1.0,1,0.1323620328125889,29
1892,0,2616,1385,1231,0,0,0,1.0,1,1.0,1,1.0,1,0.1323620328125889,29
1893,0,2616,1385,1231,0,0,0,1.0,1,1.0,1,1.0,1,0.1323620328125889,29
1894,0,2616,1385,1231,0,0,0,1.0,1,1.0,1,1.0,1,0.1323620328125889,29
1895,2,2618,1386,1232,0,0,0,1.0,1,1.0,1,1.0,1,0.10990256062134905,31
1896,2,2620,1387,1233,0,0,0,1.0,1,1.0,1,1.0,1,0.08584737644120127,31
1897,0,2620,1387,1233,0,0,0,1.0,1,1.0,1,1.0,1,0.08584737644120127,31
1898,0,2620,1387,1233,0,0,0,1.0,1,1.0,1,1.0,1,0.08584737644120127,31
1899,0,2620,1387,1233,0,0,0,1.0,1,1.0,1,1.0,1,0.08944780370199822,32
1900,0,2620,1387,1233,0,0,0,1.0,1,1.0,1,1.0,1,0.08944780370199822,32
1901,0,2620,1387,1233,0,0,0,1.0,1,1.0,1,1.0,1,0.08944780370199822,32
1902,1,2621,1388,1233,0,0,0,1.0,1,1.0,1,1.0,1,0.11178365082431015,32
1903,0,2621,1388,1233,0,0,0,1.0,1,1.0,1,1.0,1,0.11178365082431015,32
1904,0,2621,1388,1233,0,0,0,1.0,1,1.0,1,1.0,1,0.07737995569543168,34
1905,0,2621,1388,1233,0,0,0,1.0,1,1.0,1,1.0,1,0.07737995569543168,34
1906,0,2621,1388,1233,0,0,0,1.0,1,1.0,1,1.0,1,0.09043363948083867,35
1907,1,2622,1388,1234,0,0,0,1.0,1,1.0,1,1.0,1,0.03507808238159785,36
1908,0,2622,1388,1234,0,0,0,1.0,1,1.0,1,1.0,1,0.03507808238159785,36
1909,1,2623,1388,1235,0,0,0,1.0,1,1.0,1,1.0,1,0.04296274063476213,37
1910,0,2623,1388,1235,0,0,0,1.0,1,1.0,1,1.0,1,0.043318447214730195,38
1911,0,2623,1388,1235,0,0,0,1.0,1,1.0,1,1.0,1,0.031371069967883046,37
1912,1,2624,1389,1235,0,0,0,1.0,1,1.0,1,1.0,1,0.04437768561045365,37
1913,0,2624,1389,1235,0,0,0,1.0,1,1.0,1,1.0,1,0.05988968455321095,36
1914,3,2627,1392,1235,0,0,0,1.0,1,1.0,1,1.0,1,0.10497190440346674,37
1915,1,2628,1393,1235,0,0,0,1.0,1,1.0,1,1.0,1,0.09559341260469204,37
1916,2,2630,1394,1236,0,0,0,1.0,1,1.0,1,1.0,1,0.13222363721067087,39
1917,4,2634,1396,1238,0,0,0,1.0,1,1.0,1,1.0,1,0.20857221579271887,38
1918,2,2636,1398,1238,0,0,0,1.0,1,1.0,1,1.0,1,0.2550018626136942,38
1919,2,2638,1398,1240,0,0,0,1.0,1,1.0,1,1.0,1,0.2636026621168932,38
1920,2,2640,1399,1241,0,0,0,1.0,1,1.0,1,1.0,1,0.24828157052771863,39
1921,3,2643,1399,1244,0,0,0,1.0,1,1.0,1,1.0,1,0.1844225229220669,38
1922,0,2643,1399,1244,0,0,0,1.0,1,1.0,1,1.0,1,0.15516410540440417,39
1923,1,2644,1400,1244,0,0,0,1.0,1,1.0,1,1.0,1,0.16837897900947152,40
1924,1,2645,1400,1245,0,0,0,1.0,1,1.0,1,1.0,1,0.13836049773840967,40
1925,0,2645,1400,1245,0,0,0,1.0,1,1.0,1,1.0,1,0.12017713247325716,40
1926,1,2646,1401,1245,0,0,0,1.0,1,1.0,1,1.0,1,0.14195409739868328,40
1927,0,2646,1401,1245,0,0,0,1.0,1,1.0,1,1.0,1,0.12980783521914438,41
1928,1,2647,1402,1245,0,0,0,1.0,1,1.0,1,1.0,1,0.12112505292131448,41
1929,2,2649,1403,1246,0,0,0,1.0,1,1.0,1,1.0,1,0.11937132446708044,40
1930,1,2650,1404,1246,0,0,0,1.0,1,1.0,1,1.0,1,0.14741423107518442,40
1931,1,2651,1404,1247,0,0,0,1.0,1,1.0,1,1.0,1,0.12397200593671834,40
1932,1,2652,1404,1248,0,0,0,1.0,1,1.0,1,1.0,1,0.11092435747348586,40
1933,1,2653,1404,1249,0,0,0,1.0,1,1.0,1,1.0,1,0.11690279293645033,42
1934,1,2654,1404,1250,0,0,0,1.0,1,1.0,1,1.0,1,0.0887045346144245,44
1935,0,2654,1404,1250,0,0,0,1.0,1,1.0,1,1.0,1,0.0887045346144245,44
1936,1,2655,1405,1250,0,0,0,1.0,1,1.0,1,1.0,1,0.12465993800646506,46
1937,2,2657,1406,1251,0,0,0,1.0,1,1.0,1,1.0,1,0.09304737165425593,47
1938,0,2657,1406,1251,0,0,0,1.0,1,1.0,1,1.0,1,0.09304737165425593,47
1939,0,2657,1406,1251,0,0,0,1.0,1,1.0,1,1.0,1,0.09304737165425593,47
1940,2,2659,1408,1251,0,0,0,1.0,1,1.0,1,1.0,1,0.07598498027299823,47
1941,3,2662,1410,1252,0,0,0,1.0,1,1.0,1,1.0,1,0.06790648062822066,47
1942,2,2664,1411,1253,0,0,0,1.0,1,1.0,1,1.0,1,0.06763508394357627,49
1943,3,2667,1413,1254,0,0,0,1.0,1,1.0,1,1.0,1,0.09844956875083336,47
1944,0,2667,1413,1254,0,0,0,1.0,1,1.0,1,1.0,1,0.09844956875083336,47
1945,2,2669,1414,1255,0,0,0,1.0,1,1.0,1,1.0,1,0.14849616356453102,45
1946,1,2670,1415,1255,0,0,0,1.0,1,1.0,1,1.0,1,0.14833706512567618,45
1947,4,2674,1419,1255,0,0,0,1.0,1,1.0,1,1.0,1,0.21172005891292495,45
1948,0,2674,1419,1255,0,0,0,1.0,1,1.0,1,1.0,1,0.23387410327815197,45
1949,4,2678,1423,1255,0,0,0,1.0,1,1.0,1,1.0,1,0.24709752997366027,42
1950,2,2680,1425,1255,0,0,0,1.0,1,1.0,1,1.0,1,0.19180354120070683,42
1951,3,2683,1426,1257,0,0,0,1.0,1,1.0,1,1.0,1,0.16343515479338477,38
1952,2,2685,1427,1258,0,0,0,1.0,1,1.0,1,1.0,1,0.14430339712646065,36
1953,1,2686,1427,1259,0,0,0,1.0,1,1.0,1,1.0,1,0.14012196100249932,35
1954,0,2686,1427,1259,0,0,0,1.0,1,1.0,1,1.0,1,0.15762435594858326,32
1955,0,2686,1427,1259,0,0,0,1.0,1,1.0,1,1.0,1,0.14955806876482747,33
1956,2,2688,1429,1259,0,0,0,1.0,1,1.0,1,1.0,1,0.23031146603780236,31
1957,0,2688,1429,1259,0,0,0,1.0,1,1.0,1,1.0,1,0.21670849119428512,33
1958,3,2691,1431,1260,0,0,0,1.0,1,1.0,1,1.0,1,0.2203011697435764,34
1959,0,2691,1431,1260,0,0,0,1.0,1,1.0,1,1.0,1,0.20611190142935695,35
1960,2,2693,1432,1261,0,0,0,1.0,1,1.0,1,1.0,1,0.21700057388260358,36
1961,4,2697,1433,1264,0,0,0,1.0,1,1.0,1,1.0,1,0.16434207038026954,36
1962,1,2698,1434,1264,0,0,0,1.0,1,1.0,1,1.0,1,0.13614173044755257,35
1963,0,2698,1434,1264,0,0,0,1.0,1,1.0,1,1.0,1,0.15072867675815713,36
1964,1,2699,1435,1264,0,0,0,1.0,1,1.0,1,1.0,1,0.16411366228487048,35
1965,3,2702,1437,1265,0,0,0,1.0,1,1.0,1,1.0,1,0.09963510300901614,36
1966,4,2706,1439,1267,0,0,0,1.0,1,1.0,1,1.0,1,0.07404685012090727,36
1967,1,2707,1440,1267,0,0,0,1.0,1,1.0,1,1.0,1,0.07125978257678352,36
1968,1,2708,1441,1267,0,0,0,1.0,1,1.0,1,1.0,1,0.09506557846480998,37
1969,0,2708,1441,1267,0,0,0,1.0,1,1.0,1,1.0,1,0.09506557846480998,37
1970,1,2709,1442,1267,0,0,0,1.0,1,1.0,1,1.0,1,0.16351975426678755,38
1971,4,2713,1443,1270,0,0,0,1.0,1,1.0,1,1.0,1,0.10719664401040117,37
1972,0,2713,1443,1270,0,0,0,1.0,1,1.0,1,1.0,1,0.10719664401040117,37
1973,1,2714,1444,1270,0,0,0,1.0,1,1.0,1,1.0,1,0.1230690433054707,37
1974,0,2714,1444,1270,0,0,0,1.0,1,1.0,1,1.0,1,0.11416558593327153,38
1975,0,2714,1444,1270,0,0,0,1.0,1,1.0,1,1.0,1,0.14270207571771662,37
1976,3,2717,1445,1272,0,0,0,1.0,1,1.0,1,1.0,1,0.1166781396400198,39
1977,1,2718,1446,1272,0,0,0,1.0,1,1.0,1,1.0,1,0.08735011504971772,42
1978,1,2719,1447,1272,0,0,0,1.0,1,1.0,1,1.0,1,0.0846166725296892,42
1979,0,2719,1447,1272,0,0,0,1.0,1,1.0,1,1.0,1,0.0846166725296892,42
1980,0,2719,1447,1272,0,0,0,1.0,1,1.0,1,1.0,1,0.09759734665723792,43
1981,1,2720,1447,1273,0,0,0,1.0,1,1.0,1,1.0,1,0.08937695861662884,44
1982,2,2722,1449,1273,0,0,0,1.0,1,1.0,1,1.0,1,0.0790340715091499,44
1983,1,2723,1450,1273,0,0,0,1.0,1,1.0,1,1.0,1,0.08361520553392571,44
1984,2,2725,1451,1274,0,0,0,1.0,1,1.0,1,1.0,1,0.08519712336571386,42
1985,0,2725,1451,1274,0,0,0,1.0,1,1.0,1,1.0,1,0.08126545966138919,41
1986,0,2725,1451,1274,0,0,0,1.0,1,1.0,1,1.0,1,0.10704554935185061,40
1987,0,2725,1451,1274,0,0,0,1.0,1,1.0,1,1.0,1,0.09173446427308803,37
1988,1,2726,1452,1274,0,0,0,1.0,1,1.0,1,1.0,1,0.13052817870893116,35
1989,2,2728,1454,1274,0,0,0,1.0,1,1.0,1,1.0,1,0.17008323484758947,32
1990,2,2730,1456,1274,0,0,0,1.0,1,1.0,1,1.0,1,0.14680346405456446,31
1991,1,2731,1456,1275,0,0,0,1.0,1,1.0,1,1.0,1,0.1507814057552656,32
1992,2,2733,1458,1275,0,0,0,1.0,1,1.0,1,1.0,1,0.19652148054810745,32
1993,4,2737,1461,1276,0,0,0,1.0,1,1.0,1,1.0,1,0.15750590867935155,32
1994,0,2737,1461,1276,0,0,0,1.0,1,1.0,1,1.0,1,0.14451210122517652,31
1995,0,2737,1461,1276,0,0,0,1.0,1,1.0,1,1.0,1,0.12775795066317888,32
1996,1,2738,1461,1277,0,0,0,1.0,1,1.0,1,1.0,1,0.10930354451369928,32
1997,0,2738,1461,1277,0,0,0,1.0,1,1.0,1,1.0,1,0.1434141589387161,31
1998,0,2738,1461,1277,0,0,0,1.0,1,1.0,1,1.0,1,0.11496698756831465,32
1999,0,2738,1461,1277,0,0,0,1.0,1,1.0,1,1.0,1,0.1523244899799876,31
2000,0,2738,1461,1277,0,0,0,1.0,1,1.0,1,1.0,1,0.13993053324456955,30
2001,2,2740,1461,1279,0,0,0,1.0,1,1.0,1,1.0,1,0.15385800064095947,29
2002,0,2740,1461,1279,0,0,0,1.0,1,1.0,1,1.0,1,0.11098382448682738,31
2003,1,2741,1462,1279,0,0,0,1.0,1,1.0,1,1.0,1,0.126330482191303,33
2004,1,2742,1463,1279,0,0,0,1.0,1,1.0,1,1.0,1,0.16879293753004757,34
2005,1,2743,1463,1280,0,0,0,1.0,1,1.0,1,1.0,1,0.17752890934685361,35
2006,3,2746,1465,1281,0,0,0,1.0,1,1.0,1,1.0,1,0.12690611528606568,36
2007,1,2747,1466,1281,0,0,0,1.0,1,1.0,1,1.0,1,0.13432228053298903,36
2008,2,2749,1468,1281,0,0,0,1.0,1,1.0,1,1.0,1,0.16640668645763496,36
2009,0,2749,1468,1281,0,0,0,1.0,1,1.0,1,1.0,1,0.1488207779373328,37
2010,1,2750,1469,1281,0,0,0,1.0,1,1.0,1,1.0,1,0.1594937825690637,37
2011,2,2752,1469,1283,0,0,0,1.0,1,1.0,1,1.0,1,0.10951629920504727,37
2012,1,2753,1470,1283,0,0,0,1.0,1,1.0,1,1.0,1,0.09868020677212284,37
2013,1,2754,1470,1284,0,0,0,1.0,1,1.0,1,1.0,1,0.10241155738032642,39
2014,0,2754,1470,1284,0,0,0,1.0,1,1.0,1,1.0,1,0.14123342412974252,39
2015,0,2754,1470,1284,0,0,0,1.0,1,1.0,1,1.0,1,0.14123342412974252,39
2016,2,2756,1472,1284,0,0,0,1.0,1,1.0,1,1.0,1,0.11597680641994663,41
2017,0,2756,1472,1284,0,0,0,1.0,1,1.0,1,1.0,1,0.11597680641994663,41
2018,4,2760,1475,1285,0,0,0,1.0,1,1.0,1,1.0,1,0.15091955185654987,42
2019,2,2762,1476,1286,0,0,0,1.0,1,1.0,1,1.0,1,0.1338071971490252,43
2020,2,2764,1478,1286,0,0,0,1.0,1,1.0,1,1.0,1,0.16678527046587682,43
2021,3,2767,1478,1289,0,0,0,1.0,1,1.0,1,1.0,1,0.11196991832202492,43
2022,0,2767,1478,1289,0,0,0,1.0,1,1.0,1,1.0,1,0.09486784063613159,44
2023,3,2770,1480,1290,0,0,0,1.0,1,1.0,1,1.0,1,0.18801288981561914,42
2024,3,2773,1482,1291,0,0,0,1.0,1,1.0,1,1.0,1,0.1600528051629714,41
2025,3,2776,1484,1292,0,0,0,1.0,1,1.0,1,1.0,1,0.22088072863533126,39
2026,0,2776,1484,1292,0,0,0,1.0,1,1.0,1,1.0,1,0.19961674525015918,39
2027,1,2777,1485,1292,0,0,0,1.0,1,1.0,1,1.0,1,0.28328367511041,38
2028,0,2777,1485,1292,0,0,0,1.0,1,1.0,1,1.0,1,0.2668901617164469,37
2029,0,2777,1485,1292,0,0,0,1.0,1,1.0,1,1.0,1,0.2688697405594297,35
2030,1,2778,1486,1292,0,0,0,1.0,1,1.0,1,1.0,1,0.27353908381206155,32
2031,6,2784,1490,1294,0,0,0,1.0,1,1.0,1,1.0,1,0.1785168750354612,34
2032,1,2785,1490,1295,0,0,0,1.0,1,1.0,1,1.0,1,0.13320484358791645,35
2033,3,2788,1493,1295,0,0,0,1.0,1,1.0,1,1.0,1,0.14362647749213414,35
2034,2,2790,1494,1296,0,0,0,1.0,1,1.0,1,1.0,1,0.14412584354054442,35
2035,3,2793,1496,1297,0,0,0,1.0,1,1.0,1,1.0,1,0.10596317549256346,36
2036,3,2796,1498,1298,0,0,0,1.0,1,1.0,1,1.0,1,0.1675333116920204,35
2037,1,2797,1499,1298,0,0,0,1.0,1,1.0,1,1.0,1,0.17690131050609637,36
2038,2,2799,1500,1299,0,0,0,1.0,1,1.0,1,1.0,1,0.16168639841642027,38
2039,1,2800,1501,1299,0,0,0,1.0,1,1.0,1,1.0,1,0.15347702959799447,38
2040,0,2800,1501,1299,0,0,0,1.0,1,1.0,1,1.0,1,0.14039258054492992,37
2041,2,2802,1501,1301,0,0,0,1.0,1,1.0,1,1.0,1,0.09600876239261277,38
2042,0,2802,1501,1301,0,0,0,1.0,1,1.0,1,1.0,1,0.09600876239261277,38
2043,3,2805,1503,1302,0,0,0,1.0,1,1.0,1,1.0,1,0.08048479774666616,38
2044,0,2805,1503,1302,0,0,0,1.0,1,1.0,1,1.0,1,0.07453953105089146,39
2045,0,2805,1503,1302,0,0,0,1.0,1,1.0,1,1.0,1,0.09279609206501528,40
2046,1,2806,1504,1302,0,0,0,1.0,1,1.0,1,1.0,1,0.05576925743238267,41
2047,1,2807,1504,1303,0,0,0,1.0,1,1.0,1,1.0,1,0.044699383259133085,41
2048,0,2807,1504,1303,0,0,0,1.0,1,1.0,1,1.0,1,0.034028110424022394,43
2049,1,2808,1505,1303,0,0,0,1.0,1,1.0,1,1.0,1,0.020784002134214736,43
2050,0,2808,1505,1303,0,0,0,1.0,1,1.0,1,1.0,1,0.025160503025524077,43
2051,1,2809,1506,1303,0,0,0,1.0,1,1.0,1,1.0,1,0.08320976024387845,43
2052,0,2809,1506,1303,0,0,0,1.0,1,1.0,1,1.0,1,0.08806959922582612,44
2053,1,2810,1507,1303,0,0,0,1.0,1,1.0,1,1.0,1,0.13643387104685992,43
2054,3,2813,1509,1304,0,0,0,1.0,1,1.0,1,1.0,1,0.12111874506989173,44
2055,1,2814,1509,1305,0,0,0,1.0,1,1.0,1,1.0,1,0.11685007788389667,43
2056,0,2814,1509,1305,0,0,0,1.0,1,1.0,1,1.0,1,0.10337076792358182,44
2057,3,2817,1512,1305,0,0,0,1.0,1,1.0,1,1.0,1,0.11043866689508892,44
2058,2,2819,1514,1305,0,0,0,1.0,1,1.0,1,1.0,1,0.0996423407530984,44
2059,0,2819,1514,1305,0,0,0,1.0,1,1.0,1,1.0,1,0.10330308653605867,45
2060,2,2821,1515,1306,0,0,0,1.0,1,1.0,1,1.0,1,0.12310292560498823,46
2061,2,2823,1517,1306,0,0,0,1.0,1,1.0,1,1.0,1,0.10677142912829733,48
2062,0,2823,1517,1306,0,0,0,1.0,1,1.0,1,1.0,1,0.10677142912829733,48
2063,1,2824,1518,1306,0,0,0,1.0,1,1.0,1,1.0,1,0.11610997055130912,45
2064,1,2825,1519,1306,0,0,0,1.0,1,1.0,1,1.0,1,0.12368009943886879,44
2065,0,2825,1519,1306,0,0,0,1.0,1,1.0,1,1.0,1,0.14065262647560545,42
2066,3,2828,1522,1306,0,0,0,1.0,1,1.0,1,1.0,1,0.055694343187305415,42
2067,0,2828,1522,1306,0,0,0,1.0,1,1.0,1,1.0,1,0.06377371711318813,38
2068,2,2830,1524,1306,0,0,0,1.0,1,1.0,1,1.0,1,0.12103969122926918,37
2069,0,2830,1524,1306,0,0,0,1.0,1,1.0,1,1.0,1,0.1438228409664034,35
2070,2,2832,1526,1306,0,0,0,1.0,1,1.0,1,1.0,1,0.1474213545773388,35
2071,2,2834,1526,1308,0,0,0,1.0,1,1.0,1,1.0,1,0.1451312953563311,34
2072,2,2836,1528,1308,0,0,0,1.0,1,1.0,1,1.0,1,0.20383737157625,35
2073,4,2840,1528,1312,0,0,0,1.0,1,1.0,1,1.0,1,0.11318442907523292,37
2074,1,2841,1528,1313,0,0,0,1.0,1,1.0,1,1.0,1,0.07579897193190432,36
2075,0,2841,1528,1313,0,0,0,1.0,1,1.0,1,1.0,1,0.06735203696600754,38
2076,0,2841,1528,1313,0,0,0,1.0,1,1.0,1,1.0,1,0.04778032876452171,37
2077,0,2841,1528,1313,0,0,0,1.0,1,1.0,1,1.0,1,0.04778032876452171,37
2078,0,2841,1528,1313,0,0,0,1.0,1,1.0,1,1.0,1,0.04778032876452171,37
2079,0,2841,1528,1313,0,0,0,1.0,1,1.0,1,1.0,1,0.04778032876452171,37
2080,0,2841,1528,1313,0,0,0,1.0,1,1.0,1,1.0,1,0.05763707817256798,36
2081,2,2843,1530,1313,0,0,0,1.0,1,1.0,1,1.0,1,0.06893642914847872,37
2082,1,2844,1531,1313,0,0,0,1.0,1,1.0,1,1.0,1,0.10701298146255618,38
2083,1,2845,1532,1313,0,0,0,1.0,1,1.0,1,1.0,1,0.10758268295541369,39
2084,3,2848,1533,1315,0,0,0,1.0,1,1.0,1,1.0,1,0.13141138111214853,41
2085,4,2852,1536,1316,0,0,0,1.0,1,1.0,1,1.0,1,0.14083939127291778,41
2086,2,2854,1536,1318,0,0,0,1.0,1,1.0,1,1.0,1,0.12535321133583854,44
2087,4,2858,1538,1320,0,0,0,1.0,1,1.0,1,1.0,1,0.14050110462012577,44
2088,2,2860,1538,1322,0,0,0,1.0,1,1.0,1,1.0,1,0.10582230182220548,45
2089,2,2862,1539,1323,0,0,0,1.0,1,1.0,1,1.0,1,0.1054215372666534,46
2090,3,2865,1539,1326,0,0,0,1.0,1,1.0,1,1.0,1,0.08561971463150234,47
2091,4,2869,1541,1328,0,0,0,1.0,1,1.0,1,1.0,1,0.07958139022603448,48
2092,0,2869,1541,1328,0,0,0,1.0,1,1.0,1,1.0,1,0.07958139022603448,48
2093,1,2870,1541,1329,0,0,0,1.0,1,1.0,1,1.0,1,0.05495377933760903,48
2094,0,2870,1541,1329,0,0,0,1.0,1,1.0,1,1.0,1,0.06511906339762197,47
2095,1,2871,1542,1329,0,0,0,1.0,1,1.0,1,1.0,1,0.06191328198314457,49
2096,0,2871,1542,1329,0,0,0,1.0,1,1.0,1,1.0,1,0.04695673967362957,50
2097,0,2871,1542,1329,0,0,0,1.0,1,1.0,1,1.0,1,0.04695673967362957,50
2098,1,2872,1543,1329,0,0,0,1.0,1,1.0,1,1.0,1,0.05402774249798173,51
2099,1,2873,1544,1329,0,0,0,1.0,1,1.0,1,1.0,1,0.09473296126050201,50
2100,1,2874,1545,1329,0,0,0,1.0,1,1.0,1,1.0,1,0.09136384349416486,49
2101,2,2876,1545,1331,0,0,0,1.0,1,1.0,1,1.0,1,0.0746228513596597,48
2102,3,2879,1548,1331,0,0,0,1.0,1,1.0,1,1.0,1,0.13470941606991232,49
2103,1,2880,1549,1331,0,0,0,1.0,1,1.0,1,1.0,1,0.12482009106803164,44
2104,0,2880,1549,1331,0,0,0,1.0,1,1.0,1,1.0,1,0.13709343995533785,42
2105,2,2882,1551,1331,0,0,0,1.0,1,1.0,1,1.0,1,0.1620031855936228,40
2106,0,2882,1551,1331,0,0,0,1.0,1,1.0,1,1.0,1,0.18666086804422802,39
2107,1,2883,1552,1331,0,0,0,1.0,1,1.0,1,1.0,1,0.144398977743548,37
2108,1,2884,1553,1331,0,0,0,1.0,1,1.0,1,1.0,1,0.15657979203980232,37
2109,0,2884,1553,1331,0,0,0,1.0,1,1.0,1,1.0,1,0.1387165670167709,36
2110,0,2884,1553,1331,0,0,0,1.0,1,1.0,1,1.0,1,0.09642445203028027,35
2111,2,2886,1555,1331,0,0,0,1.0,1,1.0,1,1.0,1,0.11949770101730459,35
2112,0,2886,1555,1331,0,0,0,1.0,1,1.0,1,1.0,1,0.11949770101730459,35
2113,1,2887,1556,1331,0,0,0,1.0,1,1.0,1,1.0,1,0.15252968948113582,35
2114,1,2888,1557,1331,0,0,0,1.0,1,1.0,1,1.0,1,0.14362203409316862,36
2115,3,2891,1559,1332,0,0,0,1.0,1,1.0,1,1.0,1,0.08965685048418615,37
2116,2,2893,1561,1332,0,0,0,1.0,1,1.0,1,1.0,1,0.10890814742695556,39
2117,0,2893,1561,1332,0,0,0,1.0,1,1.0,1,1.0,1,0.07882079599739243,39
2118,1,2894,1561,1333,0,0,0,1.0,1,1.0,1,1.0,1,0.06916898451288864,41
2119,1,2895,1562,1333,0,0,0,1.0,1,1.0,1,1.0,1,0.09098913945150602,42
2120,2,2897,1562,1335,0,0,0,1.0,1,1.0,1,1.0,1,0.09403136429566376,42
2121,1,2898,1563,1335,0,0,0,1.0,1,1.0,1,1.0,1,0.1124204615461495,42
2122,1,2899,1563,1336,0,0,0,1.0,1,1.0,1,1.0,1,0.08407232377819837,43
2123,0,2899,1563,1336,0,0,0,1.0,1,1.0,1,1.0,1,0.10184740834345671,42
2124,0,2899,1563,1336,0,0,0,1.0,1,1.0,1,1.0,1,0.10184740834345671,42
2125,0,2899,1563,1336,0,0,0,1.0,1,1.0,1,1.0,1,0.11725993198308192,41
2126,0,2899,1563,1336,0,0,0,1.0,1,1.0,1,1.0,1,0.11725993198308192,41
2127,0,2899,1563,1336,0,0,0,1.0,1,1.0,1,1.0,1,0.11725993198308192,41
2128,1,2900,1563,1337,0,0,0,1.0,1,1.0,1,1.0,1,0.0717680792567815,42
2129,0,2900,1563,1337,0,0,0,1.0,1,1.0,1,1.0,1,0.08349456439248291,43
2130,2,2902,1563,1339,0,0,0,1.0,1,1.0,1,1.0,1,0.034180105107402575,45
2131,1,2903,1564,1339,0,0,0,1.0,1,1.0,1,1.0,1,0.06143170521727999,44
2132,0,2903,1564,1339,0,0,0,1.0,1,1.0,1,1.0,1,0.06143170521727999,44
2133,1,2904,1565,1339,0,0,0,1.0,1,1.0,1,1.0,1,0.051667080547853135,45
2134,2,2906,1567,1339,0,0,0,1.0,1,1.0,1,1.0,1,0.07150794249742255,45
2135,2,2908,1569,1339,0,0,0,1.0,1,1.0,1,1.0,1,0.06607326703593513,46
2136,2,2910,1571,1339,0,0,0,1.0,1,1.0,1,1.0,1,0.11479261003859607,47
2137,6,2916,1575,1341,0,0,0,1.0,1,1.0,1,1.0,1,0.14561351435413922,47
2138,2,2918,1577,1341,0,0,0,1.0,1,1.0,1,1.0,1,0.16623602553041436,45
2139,2,2920,1578,1342,0,0,0,1.0,1,1.0,1,1.0,1,0.16088388799185294,45
2140,3,2923,1580,1343,0,0,0,1.0,1,1.0,1,1.0,1,0.14660344679725135,44
2141,5,2928,1582,1346,0,0,0,1.0,1,1.0,1,1.0,1,0.05197554710074089,45
2142,1,2929,1583,1346,0,0,0,1.0,1,1.0,1,1.0,1,0.022737539541548866,46
2143,1,2930,1584,1346,0,0,0,1.0,1,1.0,1,1.0,1,0.06064237062773622,46
2144,2,2932,1585,1347,0,0,0,1.0,1,1.0,1,1.0,1,0.02129218297347168,48
2145,3,2935,1587,1348,0,0,0,1.0,1,1.0,1,1.0,1,0.06507430021509243,46
2146,1,2936,1588,1348,0,0,0,1.0,1,1.0,1,1.0,1,0.052401402044228766,45
2147,2,2938,1590,1348,0,0,0,1.0,1,1.0,1,1.0,1,0.09404368936115694,44
2148,1,2939,1591,1348,0,0,0,1.0,1,1.0,1,1.0,1,0.06728194126705551,44
2149,4,2943,1595,1348,0,0,0,1.0,1,1.0,1,1.0,1,0.07059401468000844,42
2150,2,2945,1597,1348,0,0,0,1.0,1,1.0,1,1.0,1,0.0662338630592597,40
2151,2,2947,1599,1348,0,0,0,1.0,1,1.0,1,1.0,1,0.05762502176381449,39
2152,1,2948,1600,1348,0,0,0,1.0,1,1.0,1,1.0,1,0.04117451007578859,40
2153,2,2950,1602,1348,0,0,0,1.0,1,1.0,1,1.0,1,0.08888958913813262,42
2154,2,2952,1602,1350,0,0,0,1.0,1,1.0,1,1.0,1,0.08419738582204299,42
2155,0,2952,1602,1350,0,0,0,1.0,1,1.0,1,1.0,1,0.08376740177687196,41
2156,0,2952,1602,1350,0,0,0,1.0,1,1.0,1,1.0,1,0.12863333756074546,40
2157,0,2952,1602,1350,0,0,0,1.0,1,1.0,1,1.0,1,0.12863333756074546,40
2158,2,2954,1604,1350,0,0,0,1.0,1,1.0,1,1.0,1,0.11416818551513604,38
2159,0,2954,1604,1350,0,0,0,1.0,1,1.0,1,1.0,1,0.1186982346860953,38
2160,1,2955,1605,1350,0,0,0,1.0,1,1.0,1,1.0,1,0.12752569889237617,38
2161,3,2958,1607,1351,0,0,0,1.0,1,1.0,1,1.0,1,0.13823477590731817,38
2162,2,2960,1608,1352,0,0,0,1.0,1,1.0,1,1.0,1,0.15478956698938698,38
2163,2,2962,1610,1352,0,0,0,1.0,1,1.0,1,1.0,1,0.2082203222324651,40
2164,1,2963,1611,1352,0,0,0,1.0,1,1.0,1,1.0,1,0.2676711340553493,41
2165,2,2965,1613,1352,0,0,0,1.0,1,1.0,1,1.0,1,0.24671250255806587,42
2166,1,2966,1613,1353,0,0,0,1.0,1,1.0,1,1.0,1,0.23670585761337407,42
2167,0,2966,1613,1353,0,0,0,1.0,1,1.0,1,1.0,1,0.21258961418205768,43
2168,0,2966,1613,1353,0,0,0,1.0,1,1.0,1,1.0,1,0.19288732315998264,43
2169,0,2966,1613,1353,0,0,0,1.0,1,1.0,1,1.0,1,0.19536437362362538,45
2170,3,2969,1615,1354,0,0,0,1.0,1,1.0,1,1.0,1,0.20793270077132078,46
2171,5,2974,1616,1358,0,0,0,1.0,1,1.0,1,1.0,1,0.14403226663313154,48
2172,1,2975,1617,1358,0,0,0,1.0,1,1.0,1,1.0,1,0.15140332429056053,49
2173,1,2976,1618,1358,0,0,0,1.0,1,1.0,1,1.0,1,0.12928395303718945,49
2174,4,2980,1621,1359,0,0,0,1.0,1,1.0,1,1.0,1,0.12482327199289292,49
2175,0,2980,1621,1359,0,0,0,1.0,1,1.0,1,1.0,1,0.12482327199289292,49
2176,1,2981,1622,1359,0,0,0,1.0,1,1.0,1,1.0,1,0.12058466486698777,51
2177,3,2984,1624,1360,0,0,0,1.0,1,1.0,1,1.0,1,0.0998206281595924,51
2178,3,2987,1626,1361,0,0,0,1.0,1,1.0,1,1.0,1,0.09617010540687429,50
2179,6,2993,1629,1364,0,0,0,1.0,1,1.0,1,1.0,1,0.04254591344131672,49
2180,1,2994,1629,1365,0,0,0,1.0,1,1.0,1,1.0,1,0.028666271799924006,47
2181,2,2996,1631,1365,0,0,0,1.0,1,1.0,1,1.0,1,0.048409792766993594,47
2182,1,2997,1632,1365,0,0,0,1.0,1,1.0,1,1.0,1,0.057758208301347626,45
2183,2,2999,1634,1365,0,0,0,1.0,1,1.0,1,1.0,1,0.09966949862926355,44
2184,0,2999,1634,1365,0,0,0,1.0,1,1.0,1,1.0,1,0.07347380523202204,43
2185,4,3003,1638,1365,0,0,0,1.0,1,1.0,1,1.0,1,0.11506695834713969,40
2186,3,3006,1641,1365,0,0,0,1.0,1,1.0,1,1.0,1,0.1139174208729509,38
2187,3,3009,1644,1365,0,0,0,1.0,1,1.0,1,1.0,1,0.10974861462857481,35
2188,1,3010,1645,1365,0,0,0,1.0,1,1.0,1,1.0,1,0.13457274699248292,34
2189,0,3010,1645,1365,0,0,0,1.0,1,1.0,1,1.0,1,0.09704273217210674,31
2190,1,3011,1646,1365,0,0,0,1.0,1,1.0,1,1.0,1,0.1514698017979191,29
2191,1,3012,1647,1365,0,0,0,1.0,1,1.0,1,1.0,1,0.17537893307264604,28
2192,2,3014,1648,1366,0,0,0,1.0,1,1.0,1,1.0,1,0.20952358824982184,29
2193,1,3015,1649,1366,0,0,0,1.0,1,1.0,1,1.0,1,0.23415575208762363,28
2194,0,3015,1649,1366,0,0,0,1.0,1,1.0,1,1.0,1,0.2337451662683287,27
2195,3,3018,1651,1367,0,0,0,1.0,1,1.0,1,1.0,1,0.19167742278719047,27
2196,2,3020,1652,1368,0,0,0,1.0,1,1.0,1,1.0,1,0.2785802742867606,27
2197,1,3021,1653,1368,0,0,0,1.0,1,1.0,1,1.0,1,0.2608293999293926,27
2198,0,3021,1653,1368,0,0,0,1.0,1,1.0,1,1.0,1,0.22760321912244277,28
2199,2,3023,1654,1369,0,0,0,1.0,1,1.0,1,1.0,1,0.2109614835082836,29
2200,1,3024,1654,1370,0,0,0,1.0,1,1.0,1,1.0,1,0.20086111612944776,31
2201,3,3027,1656,1371,0,0,0,1.0,1,1.0,1,1.0,1,0.16168167388610907,32
2202,0,3027,1656,1371,0,0,0,1.0,1,1.0,1,1.0,1,0.1777311472144437,31
2203,1,3028,1656,1372,0,0,0,1.0,1,1.0,1,1.0,1,0.13008148295209493,32
2204,1,3029,1656,1373,0,0,0,1.0,1,1.0,1,1.0,1,0.1244239072197566,32
2205,1,3030,1657,1373,0,0,0,1.0,1,1.0,1,1.0,1,0.16403261649124568,33
2206,0,3030,1657,1373,0,0,0,1.0,1,1.0,1,1.0,1,0.1614293961203098,32
2207,0,3030,1657,1373,0,0,0,1.0,1,1.0,1,1.0,1,0.1249805129414577,33
2208,0,3030,1657,1373,0,0,0,1.0,1,1.0,1,1.0,1,0.08406061183647195,35
2209,2,3032,1658,1374,0,0,0,1.0,1,1.0,1,1.0,1,0.11174975879182722,36
2210,2,3034,1659,1375,0,0,0,1.0,1,1.0,1,1.0,1,0.09931075148923384,35
2211,0,3034,1659,1375,0,0,0,1.0,1,1.0,1,1.0,1,0.11435359660530992,36
2212,1,3035,1659,1376,0,0,0,1.0,1,1.0,1,1.0,1,0.12502539245260216,37
2213,4,3039,1663,1376,0,0,0,1.0,1,1.0,1,1.0,1,0.12441292281945325,37
2214,0,3039,1663,1376,0,0,0,1.0,1,1.0,1,1.0,1,0.09546532717729757,39
2215,4,3043,1667,1376,0,0,0,1.0,1,1.0,1,1.0,1,0.10966392378355241,36
2216,2,3045,1669,1376,0,0,0,1.0,1,1.0,1,1.0,1,0.11527472937845029,37
2217,2,3047,1671,1376,0,0,0,1.0,1,1.0,1,1.0,1,0.13885185822385993,35
2218,0,3047,1671,1376,0,0,0,1.0,1,1.0,1,1.0,1,0.13885185822385993,35
2219,0,3047,1671,1376,0,0,0,1.0,1,1.0,1,1.0,1,0.13301610997367314,33
2220,0,3047,1671,1376,0,0,0,1.0,1,1.0,1,1.0,1,0.1248351220466865,31
2221,2,3049,1672,1377,0,0,0,1.0,1,1.0,1,1.0,1,0.05249251064003613,31
2222,1,3050,1673,1377,0,0,0,1.0,1,1.0,1,1.0,1,0.0860803611985692,30
2223,0,3050,1673,1377,0,0,0,1.0,1,1.0,1,1.0,1,0.08218387352608443,28
2224,3,3053,1676,1377,0,0,0,1.0,1,1.0,1,1.0,1,0.1124920401160622,29
2225,2,3055,1678,1377,0,0,0,1.0,1,1.0,1,1.0,1,0.12333888152690521,28
2226,1,3056,1679,1377,0,0,0,1.0,1,1.0,1,1.0,1,0.0834530134009647,30
2227,0,3056,1679,1377,0,0,0,1.0,1,1.0,1,1.0,1,0.1290685219021603,28
2228,2,3058,1681,1377,0,0,0,1.0,1,1.0,1,1.0,1,0.10127187664007987,29
2229,1,3059,1682,1377,0,0,0,1.0,1,1.0,1,1.0,1,0.10409779688566856,28
2230,0,3059,1682,1377,0,0,0,1.0,1,1.0,1,1.0,1,0.10143687569982657,28
2231,2,3061,1683,1378,0,0,0,1.0,1,1.0,1,1.0,1,0.16152430964536169,27
2232,0,3061,1683,1378,0,0,0,1.0,1,1.0,1,1.0,1,0.1479671087119663,27
2233,0,3061,1683,1378,0,0,0,1.0,1,1.0,1,1.0,1,0.13659222777451058,28
2234,3,3064,1686,1378,0,0,0,1.0,1,1.0,1,1.0,1,0.08027339579301251,26
2235,0,3064,1686,1378,0,0,0,1.0,1,1.0,1,1.0,1,0.08027339579301251,26
2236,1,3065,1687,1378,0,0,0,1.0,1,1.0,1,1.0,1,0.017525396528723626,26
2237,4,3069,1691,1378,0,0,0,1.0,1,1.0,1,1.0,1,0.10005849170227163,26
2238,1,3070,1692,1378,0,0,0,1.0,1,1.0,1,1.0,1,0.13078709841855024,27
2239,2,3072,1694,1378,0,0,0,1.0,1,1.0,1,1.0,1,0.16956969053494989,28
2240,5,3077,1697,1380,0,0,0,1.0,1,1.0,1,1.0,1,0.13119651808167165,30
2241,2,3079,1698,1381,0,0,0,1.0,1,1.0,1,1.0,1,0.10540757578321984,29
2242,2,3081,1700,1381,0,0,0,1.0,1,1.0,1,1.0,1,0.1422594390899852,29
2243,1,3082,1701,1381,0,0,0,1.0,1,1.0,1,1.0,1,0.15653804991293488,29
2244,0,3082,1701,1381,0,0,0,1.0,1,1.0,1,1.0,1,0.15653804991293488,29
2245,0,3082,1701,1381,0,0,0,1.0,1,1.0,1,1.0,1,0.17168726661371553,30
2246,0,3082,1701,1381,0,0,0,1.0,1,1.0,1,1.0,1,0.15943122329646237,33
2247,0,3082,1701,1381,0,0,0,1.0,1,1.0,1,1.0,1,0.14355481945311588,34
2248,0,3082,1701,1381,0,0,0,1.0,1,1.0,1,1.0,1,0.14355481945311588,34
2249,0,3082,1701,1381,0,0,0,1.0,1,1.0,1,1.0,1,0.11421951841254614,35
2250,2,3084,1702,1382,0,0,0,1.0,1,1.0,1,1.0,1,0.13001133024840011,35
2251,0,3084,1702,1382,0,0,0,1.0,1,1.0,1,1.0,1,0.10119428248434843,36
2252,1,3085,1703,1382,0,0,0,1.0,1,1.0,1,1.0,1,0.1562044214458791,37
2253,2,3087,1705,1382,0,0,0,1.0,1,1.0,1,1.0,1,0.1512972064689219,35
2254,0,3087,1705,1382,0,0,0,1.0,1,1.0,1,1.0,1,0.11641395054724307,33
2255,1,3088,1706,1382,0,0,0,1.0,1,1.0,1,1.0,1,0.1500451393851701,35
2256,2,3090,1708,1382,0,0,0,1.0,1,1.0,1,1.0,1,0.13021008517022542,34
2257,2,3092,1710,1382,0,0,0,1.0,1,1.0,1,1.0,1,0.13824719931269508,36
2258,1,3093,1711,1382,0,0,0,1.0,1,1.0,1,1.0,1,0.13869297530666827,35
2259,0,3093,1711,1382,0,0,0,1.0,1,1.0,1,1.0,1,0.14273293321852934,35
2260,1,3094,1712,1382,0,0,0,1.0,1,1.0,1,1.0,1,0.12337554931864234,33
2261,3,3097,1713,1384,0,0,0,1.0,1,1.0,1,1.0,1,0.1267895143965214,33
2262,1,3098,1713,1385,0,0,0,1.0,1,1.0,1,1.0,1,0.11051871581855276,32
2263,2,3100,1715,1385,0,0,0,1.0,1,1.0,1,1.0,1,0.17278672097844638,31
2264,1,3101,1715,1386,0,0,0,1.0,1,1.0,1,1.0,1,0.1549136851435401,30
2265,1,3102,1716,1386,0,0,0,1.0,1,1.0,1,1.0,1,0.16367063556810174,29
2266,2,3104,1718,1386,0,0,0,1.0,1,1.0,1,1.0,1,0.05521459300521275,30
2267,1,3105,1719,1386,0,0,0,1.0,1,1.0,1,1.0,1,0.06202871925367662,29
2268,4,3109,1723,1386,0,0,0,1.0,1,1.0,1,1.0,1,0.1250438578955448,30
2269,1,3110,1724,1386,0,0,0,1.0,1,1.0,1,1.0,1,0.13992214665430613,31
2270,4,3114,1727,1387,0,0,0,1.0,1,1.0,1,1.0,1,0.25411659702919726,31
2271,5,3119,1730,1389,0,0,0,1.0,1,1.0,1,1.0,1,0.1415324870065299,31
2272,2,3121,1731,1390,0,0,0,1.0,1,1.0,1,1.0,1,0.13744699208239874,31
2273,0,3121,1731,1390,0,0,0,1.0,1,1.0,1,1.0,1,0.13287822959310647,30
2274,1,3122,1732,1390,0,0,0,1.0,1,1.0,1,1.0,1,0.07953566271043842,31
2275,0,3122,1732,1390,0,0,0,1.0,1,1.0,1,1.0,1,0.09259144822105757,32
2276,0,3122,1732,1390,0,0,0,1.0,1,1.0,1,1.0,1,0.12140982280163584,31
2277,0,3122,1732,1390,0,0,0,1.0,1,1.0,1,1.0,1,0.13718344523507822,31
2278,2,3124,1734,1390,0,0,0,1.0,1,1.0,1,1.0,1,0.16570979206241626,32
2279,1,3125,1735,1390,0,0,0,1.0,1,1.0,1,1.0,1,0.19963267245242922,32
2280,0,3125,1735,1390,0,0,0,1.0,1,1.0,1,1.0,1,0.162707594279684,33
2281,3,3128,1736,1392,0,0,0,1.0,1,1.0,1,1.0,1,0.13843290837548772,34
2282,0,3128,1736,1392,0,0,0,1.0,1,1.0,1,1.0,1,0.13843290837548772,34
2283,0,3128,1736,1392,0,0,0,1.0,1,1.0,1,1.0,1,0.13843290837548772,34
2284,1,3129,1737,1392,0,0,0,1.0,1,1.0,1,1.0,1,0.1386299639316825,34
2285,0,3129,1737,1392,0,0,0,1.0,1,1.0,1,1.0,1,0.13092314068082236,35
2286,1,3130,1737,1393,0,0,0,1.0,1,1.0,1,1.0,1,0.10088986770015643,34
2287,2,3132,1738,1394,0,0,0,1.0,1,1.0,1,1.0,1,0.10093606653948732,35
2288,0,3132,1738,1394,0,0,0,1.0,1,1.0,1,1.0,1,0.06474498217434801,35
2289,2,3134,1740,1394,0,0,0,1.0,1,1.0,1,1.0,1,0.12808680101716605,37
2290,0,3134,1740,1394,0,0,0,1.0,1,1.0,1,1.0,1,0.11548369891684791,37
2291,2,3136,1742,1394,0,0,0,1.0,1,1.0,1,1.0,1,0.1503646346093172,35
2292,0,3136,1742,1394,0,0,0,1.0,1,1.0,1,1.0,1,0.15636272710740495,35
2293,1,3137,1743,1394,0,0,0,1.0,1,1.0,1,1.0,1,0.17158211713226867,34
2294,1,3138,1743,1395,0,0,0,1.0,1,1.0,1,1.0,1,0.12102189321548386,33
2295,0,3138,1743,1395,0,0,0,1.0,1,1.0,1,1.0,1,0.11436912797125187,34
2296,0,3138,1743,1395,0,0,0,1.0,1,1.0,1,1.0,1,0.0911771176455543,33
2297,0,3138,1743,1395,0,0,0,1.0,1,1.0,1,1.0,1,0.11774519409747408,32
2298,1,3139,1744,1395,0,0,0,1.0,1,1.0,1,1.0,1,0.17391463892970338,32
2299,1,3140,1745,1395,0,0,0,1.0,1,1.0,1,1.0,1,0.178313401633544,33
2300,5,3145,1748,1397,0,0,0,1.0,1,1.0,1,1.0,1,0.14788640369605224,33
2301,2,3147,1750,1397,0,0,0,1.0,1,1.0,1,1.0,1,0.17898498124924608,33
2302,2,3149,1752,1397,0,0,0,1.0,1,1.0,1,1.0,1,0.2082838553089325,34
2303,1,3150,1753,1397,0,0,0,1.0,1,1.0,1,1.0,1,0.25018140360339736,34
2304,2,3152,1753,1399,0,0,0,1.0,1,1.0,1,1.0,1,0.16004031977004102,33
2305,2,3154,1754,1400,0,0,0,1.0,1,1.0,1,1.0,1,0.1501286021170434,33
2306,3,3157,1757,1400,0,0,0,1.0,1,1.0,1,1.0,1,0.23312048836688568,33
2307,1,3158,1757,1401,0,0,0,1.0,1,1.0,1,1.0,1,0.197196487937075,35
2308,2,3160,1759,1401,0,0,0,1.0,1,1.0,1,1.0,1,0.22261404721122227,34
2309,2,3162,1759,1403,0,0,0,1.0,1,1.0,1,1.0,1,0.18754197397207403,34
2310,0,3162,1759,1403,0,0,0,1.0,1,1.0,1,1.0,1,0.18493477092426291,34
2311,1,3163,1759,1404,0,0,0,1.0,1,1.0,1,1.0,1,0.13223652254941978,35
2312,1,3164,1760,1404,0,0,0,1.0,1,1.0,1,1.0,1,0.13698487740418416,34
2313,0,3164,1760,1404,0,0,0,1.0,1,1.0,1,1.0,1,0.06404470563354514,35
2314,1,3165,1761,1404,0,0,0,1.0,1,1.0,1,1.0,1,0.1105960725450552,35
2315,0,3165,1761,1404,0,0,0,1.0,1,1.0,1,1.0,1,0.12474712149578028,34
2316,0,3165,1761,1404,0,0,0,1.0,1,1.0,1,1.0,1,0.11627168278013658,35
2317,1,3166,1762,1404,0,0,0,1.0,1,1.0,1,1.0,1,0.14002488523135004,32
2318,1,3167,1763,1404,0,0,0,1.0,1,1.0,1,1.0,1,0.15210581540397122,32
2319,1,3168,1764,1404,0,0,0,1.0,1,1.0,1,1.0,1,0.1714264204332933,32
2320,0,3168,1764,1404,0,0,0,1.0,1,1.0,1,1.0,1,0.18703402672747185,32
2321,2,3170,1764,1406,0,0,0,1.0,1,1.0,1,1.0,1,0.15694959452452736,33
2322,0,3170,1764,1406,0,0,0,1.0,1,1.0,1,1.0,1,0.15694959452452736,33
2323,1,3171,1765,1406,0,0,0,1.0,1,1.0,1,1.0,1,0.12879696580712874,33
2324,1,3172,1766,1406,0,0,0,1.0,1,1.0,1,1.0,1,0.12058679600166869,34
2325,0,3172,1766,1406,0,0,0,1.0,1,1.0,1,1.0,1,0.11106758857607375,35
2326,0,3172,1766,1406,0,0,0,1.0,1,1.0,1,1.0,1,0.11106758857607375,35
2327,0,3172,1766,1406,0,0,0,1.0,1,1.0,1,1.0,1,0.13175262683591124,36
2328,0,3172,1766,1406,0,0,0,1.0,1,1.0,1,1.0,1,0.1357289806778987,37
2329,0,3172,1766,1406,0,0,0,1.0,1,1.0,1,1.0,1,0.12399411120803783,37
2330,0,3172,1766,1406,0,0,0,1.0,1,1.0,1,1.0,1,0.12758365274756828,38
2331,0,3172,1766,1406,0,0,0,1.0,1,1.0,1,1.0,1,0.12638302098891321,40
2332,0,3172,1766,1406,0,0,0,1.0,1,1.0,1,1.0,1,0.12638302098891321,40
2333,0,3172,1766,1406,0,0,0,1.0,1,1.0,1,1.0,1,0.11567725977221589,41
2334,0,3172,1766,1406,0,0,0,1.0,1,1.0,1,1.0,1,0.11567725977221589,41
2335,0,3172,1766,1406,0,0,0,1.0,1,1.0,1,1.0,1,0.11567725977221589,41
2336,1,3173,1766,1407,0,0,0,1.0,1,1.0,1,1.0,1,0.08612658583947441,41
2337,2,3175,1766,1409,0,0,0,1.0,1,1.0,1,1.0,1,0.039315873324469654,42
2338,3,3178,1768,1410,0,0,0,1.0,1,1.0,1,1.0,1,0.0896160079814399,43
2339,2,3180,1769,1411,0,0,0,1.0,1,1.0,1,1.0,1,0.09492182019766479,43
2340,3,3183,1771,1412,0,0,0,1.0,1,1.0,1,1.0,1,0.11848118686212078,45
2341,3,3186,1771,1415,0,0,0,1.0,1,1.0,1,1.0,1,0.0649643838126043,45
2342,2,3188,1772,1416,0,0,0,1.0,1,1.0,1,1.0,1,0.09558091149819363,46
2343,1,3189,1773,1416,0,0,0,1.0,1,1.0,1,1.0,1,0.07250718005230805,45
2344,2,3191,1775,1416,0,0,0,1.0,1,1.0,1,1.0,1,0.10187173432712587,44
2345,3,3194,1776,1418,0,0,0,1.0,1,1.0,1,1.0,1,0.13445071986184842,44
2346,0,3194,1776,1418,0,0,0,1.0,1,1.0,1,1.0,1,0.13445071986184842,44
2347,2,3196,1777,1419,0,0,0,1.0,1,1.0,1,1.0,1,0.11231316422615738,44
2348,0,3196,1777,1419,0,0,0,1.0,1,1.0,1,1.0,1,0.11059905151231804,45
2349,1,3197,1777,1420,0,0,0,1.0,1,1.0,1,1.0,1,0.11328492888124159,46
2350,2,3199,1778,1421,0,0,0,1.0,1,1.0,1,1.0,1,0.11434212395451844,47
2351,1,3200,1778,1422,0,0,0,1.0,1,1.0,1,1.0,1,0.10452761413177328,47
2352,0,3200,1778,1422,0,0,0,1.0,1,1.0,1,1.0,1,0.10452761413177328,47
2353,1,3201,1779,1422,0,0,0,1.0,1,1.0,1,1.0,1,0.13975806832849902,46
2354,3,3204,1782,1422,0,0,0,1.0,1,1.0,1,1.0,1,0.13151323764807377,47
2355,0,3204,1782,1422,0,0,0,1.0,1,1.0,1,1.0,1,0.13151323764807377,47
2356,4,3208,1785,1423,0,0,0,1.0,1,1.0,1,1.0,1,0.1283544829924077,47
2357,2,3210,1786,1424,0,0,0,1.0,1,1.0,1,1.0,1,0.12576226371869217,47
2358,2,3212,1786,1426,0,0,0,1.0,1,1.0,1,1.0,1,0.09219851218230113,48
2359,0,3212,1786,1426,0,0,0,1.0,1,1.0,1,1.0,1,0.08357102074726612,49
2360,3,3215,1787,1428,0,0,0,1.0,1,1.0,1,1.0,1,0.07225526685264134,49
2361,1,3216,1787,1429,0,0,0,1.0,1,1.0,1,1.0,1,0.030348120401464417,50
2362,1,3217,1788,1429,0,0,0,1.0,1,1.0,1,1.0,1,0.040832939270582826,51
2363,0,3217,1788,1429,0,0,0,1.0,1,1.0,1,1.0,1,0.040832939270582826,51
2364,2,3219,1789,1430,0,0,0,1.0,1,1.0,1,1.0,1,0.03498625909548606,52
2365,0,3219,1789,1430,0,0,0,1.0,1,1.0,1,1.0,1,0.033047768193841476,53
2366,3,3222,1791,1431,0,0,0,1.0,1,1.0,1,1.0,1,0.04615445290397057,54
2367,3,3225,1794,1431,0,0,0,1.0,1,1.0,1,1.0,1,0.06238179992601697,52
2368,3,3228,1797,1431,0,0,0,1.0,1,1.0,1,1.0,1,0.10001287487915186,51
2369,2,3230,1799,1431,0,0,0,1.0,1,1.0,1,1.0,1,0.10851327065690132,51
2370,4,3234,1803,1431,0,0,0,1.0,1,1.0,1,1.0,1,0.1314708244912039,52
2371,6,3240,1806,1434,0,0,0,1.0,1,1.0,1,1.0,1,0.10565220333905086,52
2372,1,3241,1807,1434,0,0,0,1.0,1,1.0,1,1.0,1,0.13009883140692077,49
2373,1,3242,1808,1434,0,0,0,1.0,1,1.0,1,1.0,1,0.12900426728413736,47
2374,0,3242,1808,1434,0,0,0,1.0,1,1.0,1,1.0,1,0.11108170352778937,45
2375,0,3242,1808,1434,0,0,0,1.0,1,1.0,1,1.0,1,0.0770517445493733,45
2376,0,3242,1808,1434,0,0,0,1.0,1,1.0,1,1.0,1,0.07611153160575689,43
2377,1,3243,1809,1434,0,0,0,1.0,1,1.0,1,1.0,1,0.04857204490105744,44
2378,2,3245,1811,1434,0,0,0,1.0,1,1.0,1,1.0,1,0.10336189942818896,43
2379,3,3248,1814,1434,0,0,0,1.0,1,1.0,1,1.0,1,0.11259007058806449,43
2380,1,3249,1815,1434,0,0,0,1.0,1,1.0,1,1.0,1,0.0840139944751834,43
2381,5,3254,1818,1436,0,0,0,1.0,1,1.0,1,1.0,1,0.04383449915282672,44
2382,0,3254,1818,1436,0,0,0,1.0,1,1.0,1,1.0,1,0.04383449915282672,44
2383,2,3256,1820,1436,0,0,0,1.0,1,1.0,1,1.0,1,0.04305291612744815,45
2384,2,3258,1821,1437,0,0,0,1.0,1,1.0,1,1.0,1,0.05146935821380219,45
2385,2,3260,1822,1438,0,0,0,1.0,1,1.0,1,1.0,1,0.051908444791822834,45
2386,2,3262,1824,1438,0,0,0,1.0,1,1.0,1,1.0,1,0.03993567920440178,46
2387,1,3263,1825,1438,0,0,0,1.0,1,1.0,1,1.0,1,0.05528790809546943,44
2388,1,3264,1826,1438,0,0,0,1.0,1,1.0,1,1.0,1,0.03869636904365685,44
2389,1,3265,1827,1438,0,0,0,1.0,1,1.0,1,1.0,1,0.07270027670698256,43
2390,2,3267,1829,1438,0,0,0,1.0,1,1.0,1,1.0,1,0.07663905625027637,44
2391,1,3268,1830,1438,0,0,0,1.0,1,1.0,1,1.0,1,0.06493567677026221,43
2392,2,3270,1831,1439,0,0,0,1.0,1,1.0,1,1.0,1,0.08478805880756453,44
2393,3,3273,1833,1440,0,0,0,1.0,1,1.0,1,1.0,1,0.1295392790313785,45
2394,0,3273,1833,1440,0,0,0,1.0,1,1.0,1,1.0,1,0.15490222126297712,44
2395,1,3274,1834,1440,0,0,0,1.0,1,1.0,1,1.0,1,0.19328116940590673,44
2396,2,3276,1835,1441,0,0,0,1.0,1,1.0,1,1.0,1,0.21449261939021538,45
2397,1,3277,1835,1442,0,0,0,1.0,1,1.0,1,1.0,1,0.23317897521779463,44
2398,3,3280,1836,1444,0,0,0,1.0,1,1.0,1,1.0,1,0.2435423532316075,44
2399,0,3280,1836,1444,0,0,0,1.0,1,1.0,1,1.0,1,0.24370654497575034,45
2400,0,3280,1836,1444,0,0,0,1.0,1,1.0,1,1.0,1,0.24370654497575034,45
2401,4,3284,1836,1448,0,0,0,1.0,1,1.0,1,1.0,1,0.18792021054942257,46
2402,1,3285,1836,1449,0,0,0,1.0,1,1.0,1,1.0,1,0.14734328573204214,47
2403,2,3287,1837,1450,0,0,0,1.0,1,1.0,1,1.0,1,0.12392316651517075,48
2404,3,3290,1840,1450,0,0,0,1.0,1,1.0,1,1.0,1,0.13621791544348794,47
2405,0,3290,1840,1450,0,0,0,1.0,1,1.0,1,1.0,1,0.11759307948400345,45
2406,1,3291,1841,1450,0,0,0,1.0,1,1.0,1,1.0,1,0.13327286719438744,45
2407,2,3293,1843,1450,0,0,0,1.0,1,1.0,1,1.0,1,0.09854360988975046,42
2408,0,3293,1843,1450,0,0,0,1.0,1,1.0,1,1.0,1,0.08716793000094251,41
2409,3,3296,1846,1450,0,0,0,1.0,1,1.0,1,1.0,1,0.101120337508913,41
2410,0,3296,1846,1450,0,0,0,1.0,1,1.0,1,1.0,1,0.090857379874081,40
2411,3,3299,1849,1450,0,0,0,1.0,1,1.0,1,1.0,1,0.07849410891144946,40
2412,2,3301,1851,1450,0,0,0,1.0,1,1.0,1,1.0,1,0.06991051653019308,38
2413,3,3304,1853,1451,0,0,0,1.0,1,1.0,1,1.0,1,0.13000292303969943,38
2414,3,3307,1855,1452,0,0,0,1.0,1,1.0,1,1.0,1,0.14868831150332917,36
2415,1,3308,1856,1452,0,0,0,1.0,1,1.0,1,1.0,1,0.202129623713878,36
2416,0,3308,1856,1452,0,0,0,1.0,1,1.0,1,1.0,1,0.21025504597917413,35
2417,0,3308,1856,1452,0,0,0,1.0,1,1.0,1,1.0,1,0.2716233089115558,33
2418,0,3308,1856,1452,0,0,0,1.0,1,1.0,1,1.0,1,0.2716233089115558,33
2419,1,3309,1856,1453,0,0,0,1.0,1,1.0,1,1.0,1,0.29643226500561803,33
2420,3,3312,1859,1453,0,0,0,1.0,1,1.0,1,1.0,1,0.15744941787213249,34
2421,0,3312,1859,1453,0,0,0,1.0,1,1.0,1,1.0,1,0.15744941787213249,34
2422,3,3315,1862,1453,0,0,0,1.0,1,1.0,1,1.0,1,0.1042891324566992,35
2423,3,3318,1865,1453,0,0,0,1.0,1,1.0,1,1.0,1,0.08744988442131477,36
2424,1,3319,1866,1453,0,0,0,1.0,1,1.0,1,1.0,1,0.06970359296728,35
2425,3,3322,1869,1453,0,0,0,1.0,1,1.0,1,1.0,1,0.1256160749730805,33
2426,0,3322,1869,1453,0,0,0,1.0,1,1.0,1,1.0,1,0.13738419268049634,34
2427,2,3324,1871,1453,0,0,0,1.0,1,1.0,1,1.0,1,0.12892128461212407,34
2428,0,3324,1871,1453,0,0,0,1.0,1,1.0,1,1.0,1,0.12892128461212407,34
2429,1,3325,1872,1453,0,0,0,1.0,1,1.0,1,1.0,1,0.19752555254230764,34
2430,0,3325,1872,1453,0,0,0,1.0,1,1.0,1,1.0,1,0.23199083809906212,33
2431,3,3328,1874,1454,0,0,0,1.0,1,1.0,1,1.0,1,0.18647847297852627,33
2432,0,3328,1874,1454,0,0,0,1.0,1,1.0,1,1.0,1,0.23506633097989563,33
2433,2,3330,1876,1454,0,0,0,1.0,1,1.0,1,1.0,1,0.22975702146404967,34
2434,0,3330,1876,1454,0,0,0,1.0,1,1.0,1,1.0,1,0.22975702146404967,34
2435,1,3331,1877,1454,0,0,0,1.0,1,1.0,1,1.0,1,0.2493115952751267,34
2436,3,3334,1879,1455,0,0,0,1.0,1,1.0,1,1.0,1,0.19923946273260118,33
2437,1,3335,1880,1455,0,0,0,1.0,1,1.0,1,1.0,1,0.20969568386937884,33
2438,1,3336,1880,1456,0,0,0,1.0,1,1.0,1,1.0,1,0.17276214123047653,34
2439,0,3336,1880,1456,0,0,0,1.0,1,1.0,1,1.0,1,0.17831980528827907,35
2440,1,3337,1880,1457,0,0,0,1.0,1,1.0,1,1.0,1,0.15968926336270436,35
2441,4,3341,1881,1460,0,0,0,1.0,1,1.0,1,1.0,1,0.12475438747843977,35
2442,0,3341,1881,1460,0,0,0,1.0,1,1.0,1,1.0,1,0.10765639219209343,35
2443,3,3344,1884,1460,0,0,0,1.0,1,1.0,1,1.0,1,0.20386137622404593,35
2444,3,3347,1885,1462,0,0,0,1.0,1,1.0,1,1.0,1,0.19486998603043285,34
2445,1,3348,1886,1462,0,0,0,1.0,1,1.0,1,1.0,1,0.23395646279314736,33
2446,0,3348,1886,1462,0,0,0,1.0,1,1.0,1,1.0,1,0.242395978778256,30
2447,2,3350,1888,1462,0,0,0,1.0,1,1.0,1,1.0,1,0.1985354081660569,29
2448,2,3352,1890,1462,0,0,0,1.0,1,1.0,1,1.0,1,0.13751720846875526,27
2449,0,3352,1890,1462,0,0,0,1.0,1,1.0,1,1.0,1,0.12146364851353063,26
2450,1,3353,1891,1462,0,0,0,1.0,1,1.0,1,1.0,1,0.09619213307595686,28
2451,1,3354,1891,1463,0,0,0,1.0,1,1.0,1,1.0,1,0.045828305297165285,28
2452,1,3355,1892,1463,0,0,0,1.0,1,1.0,1,1.0,1,0.06593660538632119,29
2453,1,3356,1893,1463,0,0,0,1.0,1,1.0,1,1.0,1,0.09904908792464201,30
2454,4,3360,1895,1465,0,0,0,1.0,1,1.0,1,1.0,1,0.06936632803714764,32
2455,3,3363,1896,1467,0,0,0,1.0,1,1.0,1,1.0,1,0.09405146611151498,33
2456,5,3368,1898,1470,0,0,0,1.0,1,1.0,1,1.0,1,0.11841753345244797,34
2457,1,3369,1899,1470,0,0,0,1.0,1,1.0,1,1.0,1,0.13537620993980273,34
2458,3,3372,1901,1471,0,0,0,1.0,1,1.0,1,1.0,1,0.09993297664133544,36
2459,0,3372,1901,1471,0,0,0,1.0,1,1.0,1,1.0,1,0.09993297664133544,36
2460,0,3372,1901,1471,0,0,0,1.0,1,1.0,1,1.0,1,0.10333349045563449,37
2461,2,3374,1903,1471,0,0,0,1.0,1,1.0,1,1.0,1,0.12569071486074948,37
2462,2,3376,1904,1472,0,0,0,1.0,1,1.0,1,1.0,1,0.15336029252633937,38
2463,0,3376,1904,1472,0,0,0,1.0,1,1.0,1,1.0,1,0.12939705761545983,38
2464,3,3379,1905,1474,0,0,0,1.0,1,1.0,1,1.0,1,0.06233719164505006,37
2465,1,3380,1906,1474,0,0,0,1.0,1,1.0,1,1.0,1,0.07687888026825387,36
2466,1,3381,1907,1474,0,0,0,1.0,1,1.0,1,1.0,1,0.09477515633475339,36
2467,0,3381,1907,1474,0,0,0,1.0,1,1.0,1,1.0,1,0.12911012864050375,34
2468,1,3382,1908,1474,0,0,0,1.0,1,1.0,1,1.0,1,0.16294810800906065,33
2469,1,3383,1909,1474,0,0,0,1.0,1,1.0,1,1.0,1,0.1839337474072423,32
2470,0,3383,1909,1474,0,0,0,1.0,1,1.0,1,1.0,1,0.1690055221666548,33
2471,3,3386,1909,1477,0,0,0,1.0,1,1.0,1,1.0,1,0.11804652423595623,31
2472,0,3386,1909,1477,0,0,0,1.0,1,1.0,1,1.0,1,0.1106904007878581,32
2473,1,3387,1910,1477,0,0,0,1.0,1,1.0,1,1.0,1,0.15376043901894595,31
2474,2,3389,1910,1479,0,0,0,1.0,1,1.0,1,1.0,1,0.1023115570393958,33
2475,3,3392,1911,1481,0,0,0,1.0,1,1.0,1,1.0,1,0.1332321450685954,33
2476,1,3393,1912,1481,0,0,0,1.0,1,1.0,1,1.0,1,0.17093554290008434,33
2477,1,3394,1913,1481,0,0,0,1.0,1,1.0,1,1.0,1,0.201972959639572,33
2478,0,3394,1913,1481,0,0,0,1.0,1,1.0,1,1.0,1,0.201972959639572,33
2479,2,3396,1915,1481,0,0,0,1.0,1,1.0,1,1.0,1,0.23784112580664374,33
2480,1,3397,1916,1481,0,0,0,1.0,1,1.0,1,1.0,1,0.21905606607885691,34
2481,6,3403,1919,1484,0,0,0,1.0,1,1.0,1,1.0,1,0.14079276374970284,33
2482,2,3405,1920,1485,0,0,0,1.0,1,1.0,1,1.0,1,0.09738451088385912,34
2483,1,3406,1920,1486,0,0,0,1.0,1,1.0,1,1.0,1,0.05857666932175529,33
2484,1,3407,1921,1486,0,0,0,1.0,1,1.0,1,1.0,1,0.04816304884242689,32
2485,2,3409,1923,1486,0,0,0,1.0,1,1.0,1,1.0,1,0.01859006868123775,31
2486,2,3411,1925,1486,0,0,0,1.0,1,1.0,1,1.0,1,0.05421285005885158,29
2487,0,3411,1925,1486,0,0,0,1.0,1,1.0,1,1.0,1,0.05421285005885158,29
2488,2,3413,1927,1486,0,0,0,1.0,1,1.0,1,1.0,1,0.08734185157392609,30
2489,1,3414,1928,1486,0,0,0,1.0,1,1.0,1,1.0,1,0.05039065477937595,29
2490,0,3414,1928,1486,0,0,0,1.0,1,1.0,1,1.0,1,0.043301227607412396,30
2491,0,3414,1928,1486,0,0,0,1.0,1,1.0,1,1.0,1,0.05095799958132956,30
2492,1,3415,1929,1486,0,0,0,1.0,1,1.0,1,1.0,1,0.06830326813575553,29
2493,0,3415,1929,1486,0,0,0,1.0,1,1.0,1,1.0,1,0.06830326813575553,29
2494,1,3416,1930,1486,0,0,0,1.0,1,1.0,1,1.0,1,0.04022451165486219,28
2495,0,3416,1930,1486,0,0,0,1.0,1,1.0,1,1.0,1,0.029828215055073035,29
2496,0,3416,1930,1486,0,0,0,1.0,1,1.0,1,1.0,1,0.033076848155265896,28
2497,0,3416,1930,1486,0,0,0,1.0,1,1.0,1,1.0,1,0.05878164335871114,28
2498,0,3416,1930,1486,0,0,0,1.0,1,1.0,1,1.0,1,0.08478437870983369,29
2499,0,3416,1930,1486,0,0,0,1.0,1,1.0,1,1.0,1,0.09087058911231093,30
2500,1,3417,1931,1486,0,0,0,1.0,1,1.0,1,1.0,1,0.09923730334986529,29
2501,4,3421,1934,1487,0,0,0,1.0,1,1.0,1,1.0,1,0.05746010598457203,33
2502,1,3422,1935,1487,0,0,0,1.0,1,1.0,1,1.0,1,0.07159299729106468,33
2503,2,3424,1937,1487,0,0,0,1.0,1,1.0,1,1.0,1,0.09668757514734316,31
2504,2,3426,1939,1487,0,0,0,1.0,1,1.0,1,1.0,1,0.0671418377733161,31
2505,3,3429,1941,1488,0,0,0,1.0,1,1.0,1,1.0,1,0.026654158794307475,32
2506,2,3431,1943,1488,0,0,0,1.0,1,1.0,1,1.0,1,0.05233375068739436,31
2507,3,3434,1946,1488,0,0,0,1.0,1,1.0,1,1.0,1,0.16743646673008716,29
2508,4,3438,1948,1490,0,0,0,1.0,1,1.0,1,1.0,1,0.17274950036208345,31
2509,2,3440,1949,1491,0,0,0,1.0,1,1.0,1,1.0,1,0.1404490623031009,30
2510,1,3441,1949,1492,0,0,0,1.0,1,1.0,1,1.0,1,0.20150192063847527,31
2511,3,3444,1951,1493,0,0,0,1.0,1,1.0,1,1.0,1,0.04914191060760609,32
2512,1,3445,1952,1493,0,0,0,1.0,1,1.0,1,1.0,1,0.0946429259185607,32
2513,0,3445,1952,1493,0,0,0,1.0,1,1.0,1,1.0,1,0.06706814278020698,34
2514,1,3446,1953,1493,0,0,0,1.0,1,1.0,1,1.0,1,0.04658024355678611,35
2515,1,3447,1953,1494,0,0,0,1.0,1,1.0,1,1.0,1,0.018446554396361853,35
2516,1,3448,1954,1494,0,0,0,1.0,1,1.0,1,1.0,1,0.12491452913581925,34
2517,2,3450,1956,1494,0,0,0,1.0,1,1.0,1,1.0,1,0.12914217977150225,34
2518,2,3452,1958,1494,0,0,0,1.0,1,1.0,1,1.0,1,0.16083923578902787,33
2519,1,3453,1959,1494,0,0,0,1.0,1,1.0,1,1.0,1,0.11323269418412936,32
2520,2,3455,1960,1495,0,0,0,1.0,1,1.0,1,1.0,1,0.04390759471021811,31
2521,1,3456,1961,1495,0,0,0,1.0,1,1.0,1,1.0,1,0.08741515618399742,31
2522,0,3456,1961,1495,0,0,0,1.0,1,1.0,1,1.0,1,0.0435633465854576,30
2523,0,3456,1961,1495,0,0,0,1.0,1,1.0,1,1.0,1,0.08136271136508584,30
2524,0,3456,1961,1495,0,0,0,1.0,1,1.0,1,1.0,1,0.12366812455742883,29
2525,0,3456,1961,1495,0,0,0,1.0,1,1.0,1,1.0,1,0.12366812455742883,29
2526,0,3456,1961,1495,0,0,0,1.0,1,1.0,1,1.0,1,0.16201272106897463,27
2527,0,3456,1961,1495,0,0,0,1.0,1,1.0,1,1.0,1,0.14491234101583952,28
2528,0,3456,1961,1495,0,0,0,1.0,1,1.0,1,1.0,1,0.14491234101583952,28
2529,0,3456,1961,1495,0,0,0,1.0,1,1.0,1,1.0,1,0.14491234101583952,28
2530,0,3456,1961,1495,0,0,0,1.0,1,1.0,1,1.0,1,0.14734373729987588,29
2531,1,3457,1961,1496,0,0,0,1.0,1,1.0,1,1.0,1,0.11119496482340652,30
2532,1,3458,1961,1497,0,0,0,1.0,1,1.0,1,1.0,1,0.0807526875819694,31
2533,0,3458,1961,1497,0,0,0,1.0,1,1.0,1,1.0,1,0.0807526875819694,31
2534,0,3458,1961,1497,0,0,0,1.0,1,1.0,1,1.0,1,0.0807526875819694,31
2535,1,3459,1962,1497,0,0,0,1.0,1,1.0,1,1.0,1,0.14599720999605412,31
2536,0,3459,1962,1497,0,0,0,1.0,1,1.0,1,1.0,1,0.150285239000107,32
2537,2,3461,1964,1497,0,0,0,1.0,1,1.0,1,1.0,1,0.14792202871335747,33
2538,1,3462,1964,1498,0,0,0,1.0,1,1.0,1,1.0,1,0.10979094033248625,35
2539,4,3466,1967,1499,0,0,0,1.0,1,1.0,1,1.0,1,0.1290650138264699,37
2540,7,3473,1971,1502,0,0,0,1.0,1,1.0,1,1.0,1,0.10889724377664106,38
2541,0,3473,1971,1502,0,0,0,1.0,1,1.0,1,1.0,1,0.09887102336498792,39
2542,4,3477,1974,1503,0,0,0,1.0,1,1.0,1,1.0,1,0.12413844443647983,38
2543,1,3478,1975,1503,0,0,0,1.0,1,1.0,1,1.0,1,0.13019136770276626,41
2544,1,3479,1976,1503,0,0,0,1.0,1,1.0,1,1.0,1,0.11918191089273812,39
2545,1,3480,1977,1503,0,0,0,1.0,1,1.0,1,1.0,1,0.150630141422163,40
2546,2,3482,1979,1503,0,0,0,1.0,1,1.0,1,1.0,1,0.15423650562989605,38
2547,4,3486,1983,1503,0,0,0,1.0,1,1.0,1,1.0,1,0.16413852779077404,38
2548,0,3486,1983,1503,0,0,0,1.0,1,1.0,1,1.0,1,0.1441280650490825,35
2549,0,3486,1983,1503,0,0,0,1.0,1,1.0,1,1.0,1,0.1315037844999947,35
2550,0,3486,1983,1503,0,0,0,1.0,1,1.0,1,1.0,1,0.13444710234582258,33
2551,1,3487,1984,1503,0,0,0,1.0,1,1.0,1,1.0,1,0.1930622171648777,31
2552,0,3487,1984,1503,0,0,0,1.0,1,1.0,1,1.0,1,0.20084654989971032,30
2553,1,3488,1985,1503,0,0,0,1.0,1,1.0,1,1.0,1,0.23718506834716704,30
2554,0,3488,1985,1503,0,0,0,1.0,1,1.0,1,1.0,1,0.22452782321145887,32
2555,0,3488,1985,1503,0,0,0,1.0,1,1.0,1,1.0,1,0.25640831757411225,32
2556,2,3490,1987,1503,0,0,0,1.0,1,1.0,1,1.0,1,0.20766583614205536,32
2557,1,3491,1988,1503,0,0,0,1.0,1,1.0,1,1.0,1,0.20778737403151906,30
2558,0,3491,1988,1503,0,0,0,1.0,1,1.0,1,1.0,1,0.17170207553857939,31
2559,0,3491,1988,1503,0,0,0,1.0,1,1.0,1,1.0,1,0.1595474999675855,30
2560,0,3491,1988,1503,0,0,0,1.0,1,1.0,1,1.0,1,0.1595474999675855,30
2561,0,3491,1988,1503,0,0,0,1.0,1,1.0,1,1.0,1,0.1595474999675855,30
2562,0,3491,1988,1503,0,0,0,1.0,1,1.0,1,1.0,1,0.16646281755435033,33
2563,0,3491,1988,1503,0,0,0,1.0,1,1.0,1,1.0,1,0.16646281755435033,33
2564,0,3491,1988,1503,0,0,0,1.0,1,1.0,1,1.0,1,0.16646281755435033,33
2565,1,3492,1989,1503,0,0,0,1.0,1,1.0,1,1.0,1,0.14100361077970172,33
2566,1,3493,1990,1503,0,0,0,1.0,1,1.0,1,1.0,1,0.14074670059277647,35
2567,2,3495,1992,1503,0,0,0,1.0,1,1.0,1,1.0,1,0.16460750718361275,36
2568,1,3496,1993,1503,0,0,0,1.0,1,1.0,1,1.0,1,0.20262694772526046,37
2569,1,3497,1993,1504,0,0,0,1.0,1,1.0,1,1.0,1,0.1858120066218728,37
2570,0,3497,1993,1504,0,0,0,1.0,1,1.0,1,1.0,1,0.19714952747264086,37
2571,0,3497,1993,1504,0,0,0,1.0,1,1.0,1,1.0,1,0.19714952747264086,37
2572,0,3497,1993,1504,0,0,0,1.0,1,1.0,1,1.0,1,0.17665533703049527,39
2573,0,3497,1993,1504,0,0,0,1.0,1,1.0,1,1.0,1,0.17665533703049527,39
2574,0,3497,1993,1504,0,0,0,1.0,1,1.0,1,1.0,1,0.1747157693032323,38
2575,0,3497,1993,1504,0,0,0,1.0,1,1.0,1,1.0,1,0.1747157693032323,38
2576,0,3497,1993,1504,0,0,0,1.0,1,1.0,1,1.0,1,0.20317421156107257,37
2577,1,3498,1994,1504,0,0,0,1.0,1,1.0,1,1.0,1,0.21699654663107437,39
2578,4,3502,1996,1506,0,0,0,1.0,1,1.0,1,1.0,1,0.22874415259953712,40
2579,1,3503,1996,1507,0,0,0,1.0,1,1.0,1,1.0,1,0.19812367225523647,41
2580,3,3506,1997,1509,0,0,0,1.0,1,1.0,1,1.0,1,0.16638330730014808,42
2581,2,3508,1997,1511,0,0,0,1.0,1,1.0,1,1.0,1,0.11153904723466976,43
2582,2,3510,1997,1513,0,0,0,1.0,1,1.0,1,1.0,1,0.05868263513630504,43
2583,2,3512,1998,1514,0,0,0,1.0,1,1.0,1,1.0,1,0.0422620006233754,43
2584,4,3516,1998,1518,0,0,0,1.0,1,1.0,1,1.0,1,0.035591286862604425,43
2585,0,3516,1998,1518,0,0,0,1.0,1,1.0,1,1.0,1,0.045396527903070125,44
2586,0,3516,1998,1518,0,0,0,1.0,1,1.0,1,1.0,1,0.036633282276205166,43
2587,4,3520,2002,1518,0,0,0,1.0,1,1.0,1,1.0,1,0.04770990423960437,44
2588,1,3521,2002,1519,0,0,0,1.0,1,1.0,1,1.0,1,0.08132740942396116,44
2589,2,3523,2004,1519,0,0,0,1.0,1,1.0,1,1.0,1,0.07894978032779053,44
2590,1,3524,2005,1519,0,0,0,1.0,1,1.0,1,1.0,1,0.049846469590380575,44
2591,2,3526,2006,1520,0,0,0,1.0,1,1.0,1,1.0,1,0.03020074115333693,44
2592,1,3527,2007,1520,0,0,0,1.0,1,1.0,1,1.0,1,0.05324674688719866,44
2593,2,3529,2008,1521,0,0,0,1.0,1,1.0,1,1.0,1,0.0551156972335033,43
2594,1,3530,2008,1522,0,0,0,1.0,1,1.0,1,1.0,1,0.048465650066571025,48
2595,1,3531,2009,1522,0,0,0,1.0,1,1.0,1,1.0,1,0.041546083065991044,45
2596,1,3532,2009,1523,0,0,0,1.0,1,1.0,1,1.0,1,0.05600645962446789,46
2597,1,3533,2010,1523,0,0,0,1.0,1,1.0,1,1.0,1,0.052915925518024265,45
2598,1,3534,2011,1523,0,0,0,1.0,1,1.0,1,1.0,1,0.07650977838068064,45
2599,1,3535,2012,1523,0,0,0,1.0,1,1.0,1,1.0,1,0.0912713659071143,45
2600,1,3536,2013,1523,0,0,0,1.0,1,1.0,1,1.0,1,0.07798198942376487,48
2601,2,3538,2013,1525,0,0,0,1.0,1,1.0,1,1.0,1,0.040161813106600254,47
2602,0,3538,2013,1525,0,0,0,1.0,1,1.0,1,1.0,1,0.034199465242152075,48
2603,0,3538,2013,1525,0,0,0,1.0,1,1.0,1,1.0,1,0.034199465242152075,48
2604,0,3538,2013,1525,0,0,0,1.0,1,1.0,1,1.0,1,0.032902161446207064,47
2605,0,3538,2013,1525,0,0,0,1.0,1,1.0,1,1.0,1,0.032902161446207064,47
2606,0,3538,2013,1525,0,0,0,1.0,1,1.0,1,1.0,1,0.01991087468434579,46
2607,0,3538,2013,1525,0,0,0,1.0,1,1.0,1,1.0,1,0.024926599493326974,45
2608,1,3539,2014,1525,0,0,0,1.0,1,1.0,1,1.0,1,0.018078142809869493,45
2609,1,3540,2015,1525,0,0,0,1.0,1,1.0,1,1.0,1,0.038828102666754356,44
2610,2,3542,2017,1525,0,0,0,1.0,1,1.0,1,1.0,1,0.10537855460326725,45
2611,6,3548,2022,1526,0,0,0,1.0,1,1.0,1,1.0,1,0.13226071364823114,46
2612,3,3551,2024,1527,0,0,0,1.0,1,1.0,1,1.0,1,0.1261523141306599,47
2613,1,3552,2025,1527,0,0,0,1.0,1,1.0,1,1.0,1,0.15904906771568614,48
2614,3,3555,2027,1528,0,0,0,1.0,1,1.0,1,1.0,1,0.21586699839045217,48
2615,4,3559,2030,1529,0,0,0,1.0,1,1.0,1,1.0,1,0.18574277195968456,49
2616,0,3559,2030,1529,0,0,0,1.0,1,1.0,1,1.0,1,0.18574277195968456,49
2617,0,3559,2030,1529,0,0,0,1.0,1,1.0,1,1.0,1,0.17179513410113761,48
2618,1,3560,2031,1529,0,0,0,1.0,1,1.0,1,1.0,1,0.16595936507389175,47
2619,0,3560,2031,1529,0,0,0,1.0,1,1.0,1,1.0,1,0.14147461678466344,50
2620,4,3564,2034,1530,0,0,0,1.0,1,1.0,1,1.0,1,0.15632611181823536,51
2621,5,3569,2035,1534,0,0,0,1.0,1,1.0,1,1.0,1,0.13760276226155976,52
2622,3,3572,2038,1534,0,0,0,1.0,1,1.0,1,1.0,1,0.11209108317997706,52
2623,2,3574,2039,1535,0,0,0,1.0,1,1.0,1,1.0,1,0.10133463895271018,53
2624,1,3575,2040,1535,0,0,0,1.0,1,1.0,1,1.0,1,0.1275604986575018,51
2625,3,3578,2042,1536,0,0,0,1.0,1,1.0,1,1.0,1,0.11063003945522758,50
2626,0,3578,2042,1536,0,0,0,1.0,1,1.0,1,1.0,1,0.12461303971774587,49
2627,1,3579,2043,1536,0,0,0,1.0,1,1.0,1,1.0,1,0.13906890256703874,48
2628,2,3581,2044,1537,0,0,0,1.0,1,1.0,1,1.0,1,0.13045416032115859,48
2629,2,3583,2044,1539,0,0,0,1.0,1,1.0,1,1.0,1,0.12908041187251598,47
2630,0,3583,2044,1539,0,0,0,1.0,1,1.0,1,1.0,1,0.1515056413481922,47
2631,3,3586,2046,1540,0,0,0,1.0,1,1.0,1,1.0,1,0.09684452896424121,47
2632,0,3586,2046,1540,0,0,0,1.0,1,1.0,1,1.0,1,0.11122290908187236,47
2633,2,3588,2048,1540,0,0,0,1.0,1,1.0,1,1.0,1,0.11551270266807252,44
2634,0,3588,2048,1540,0,0,0,1.0,1,1.0,1,1.0,1,0.11529408604027938,44
2635,2,3590,2050,1540,0,0,0,1.0,1,1.0,1,1.0,1,0.14687941622193257,45
2636,3,3593,2053,1540,0,0,0,1.0,1,1.0,1,1.0,1,0.17350303308503626,40
2637,3,3596,2056,1540,0,0,0,1.0,1,1.0,1,1.0,1,0.1866358716377444,41
2638,2,3598,2058,1540,0,0,0,1.0,1,1.0,1,1.0,1,0.21791862115527091,38
2639,0,3598,2058,1540,0,0,0,1.0,1,1.0,1,1.0,1,0.1951040251087675,39
2640,4,3602,2062,1540,0,0,0,1.0,1,1.0,1,1.0,1,0.2366257821255241,38
2641,3,3605,2064,1541,0,0,0,1.0,1,1.0,1,1.0,1,0.15930092213787272,37
2642,3,3608,2066,1542,0,0,0,1.0,1,1.0,1,1.0,1,0.17234655148579178,38
2643,0,3608,2066,1542,0,0,0,1.0,1,1.0,1,1.0,1,0.11834918587388397,37
2644,2,3610,2068,1542,0,0,0,1.0,1,1.0,1,1.0,1,0.1333278437262778,36
2645,0,3610,2068,1542,0,0,0,1.0,1,1.0,1,1.0,1,0.11180715566033314,35
2646,1,3611,2069,1542,0,0,0,1.0,1,1.0,1,1.0,1,0.1431624988006874,35
2647,3,3614,2072,1542,0,0,0,1.0,1,1.0,1,1.0,1,0.1441619286573336,35
2648,0,3614,2072,1542,0,0,0,1.0,1,1.0,1,1.0,1,0.11485803295024037,36
2649,2,3616,2073,1543,0,0,0,1.0,1,1.0,1,1.0,1,0.12221759823196258,37
2650,2,3618,2074,1544,0,0,0,1.0,1,1.0,1,1.0,1,0.13377153865222444,39
2651,4,3622,2076,1546,0,0,0,1.0,1,1.0,1,1.0,1,0.08007267262856968,39
2652,0,3622,2076,1546,0,0,0,1.0,1,1.0,1,1.0,1,0.08007267262856968,39
2653,0,3622,2076,1546,0,0,0,1.0,1,1.0,1,1.0,1,0.08007267262856968,39
2654,1,3623,2077,1546,0,0,0,1.0,1,1.0,1,1.0,1,0.07859350017581164,40
2655,0,3623,2077,1546,0,0,0,1.0,1,1.0,1,1.0,1,0.07859350017581164,40
2656,1,3624,2078,1546,0,0,0,1.0,1,1.0,1,1.0,1,0.08367650455461685,39
2657,0,3624,2078,1546,0,0,0,1.0,1,1.0,1,1.0,1,0.10401218901859591,40
2658,0,3624,2078,1546,0,0,0,1.0,1,1.0,1,1.0,1,0.11415957211613753,41
2659,0,3624,2078,1546,0,0,0,1.0,1,1.0,1,1.0,1,0.11415957211613753,41
2660,2,3626,2080,1546,0,0,0,1.0,1,1.0,1,1.0,1,0.11381831129359869,40
2661,5,3631,2082,1549,0,0,0,1.0,1,1.0,1,1.0,1,0.054976232976300186,40
2662,1,3632,2083,1549,0,0,0,1.0,1,1.0,1,1.0,1,0.05293098354521688,42
2663,2,3634,2085,1549,0,0,0,1.0,1,1.0,1,1.0,1,0.05208408022770986,41
2664,1,3635,2086,1549,0,0,0,1.0,1,1.0,1,1.0,1,0.06952992301825574,42
2665,3,3638,2089,1549,0,0,0,1.0,1,1.0,1,1.0,1,0.12848281375425474,43
2666,2,3640,2091,1549,0,0,0,1.0,1,1.0,1,1.0,1,0.15159266106035157,44
2667,1,3641,2092,1549,0,0,0,1.0,1,1.0,1,1.0,1,0.2038428320129726,42
2668,1,3642,2093,1549,0,0,0,1.0,1,1.0,1,1.0,1,0.21586097293924594,41
2669,0,3642,2093,1549,0,0,0,1.0,1,1.0,1,1.0,1,0.22308498109975797,42
2670,1,3643,2094,1549,0,0,0,1.0,1,1.0,1,1.0,1,0.2473681963615229,40
2671,5,3648,2094,1554,0,0,0,1.0,1,1.0,1,1.0,1,0.158410952818237,39
2672,2,3650,2094,1556,0,0,0,1.0,1,1.0,1,1.0,1,0.1276148639372911,36
2673,2,3652,2096,1556,0,0,0,1.0,1,1.0,1,1.0,1,0.13304965071056696,35
2674,1,3653,2097,1556,0,0,0,1.0,1,1.0,1,1.0,1,0.12013163506035632,33
2675,3,3656,2099,1557,0,0,0,1.0,1,1.0,1,1.0,1,0.14874458684688072,34
2676,1,3657,2100,1557,0,0,0,1.0,1,1.0,1,1.0,1,0.08553250759987144,32
2677,3,3660,2103,1557,0,0,0,1.0,1,1.0,1,1.0,1,0.16433591595006808,33
2678,0,3660,2103,1557,0,0,0,1.0,1,1.0,1,1.0,1,0.1316867067060399,33
2679,2,3662,2105,1557,0,0,0,1.0,1,1.0,1,1.0,1,0.1533179444650932,32
2680,1,3663,2106,1557,0,0,0,1.0,1,1.0,1,1.0,1,0.12878982239532336,32
2681,0,3663,2106,1557,0,0,0,1.0,1,1.0,1,1.0,1,0.090116318461889,32
2682,0,3663,2106,1557,0,0,0,1.0,1,1.0,1,1.0,1,0.061569330832991126,33
2683,0,3663,2106,1557,0,0,0,1.0,1,1.0,1,1.0,1,0.04055829943771622,32
2684,0,3663,2106,1557,0,0,0,1.0,1,1.0,1,1.0,1,0.03543919703619766,31
2685,1,3664,2107,1557,0,0,0,1.0,1,1.0,1,1.0,1,0.01983311476707806,31
2686,0,3664,2107,1557,0,0,0,1.0,1,1.0,1,1.0,1,0.0481697778118943,30
2687,0,3664,2107,1557,0,0,0,1.0,1,1.0,1,1.0,1,0.0481697778118943,30
2688,2,3666,2108,1558,0,0,0,1.0,1,1.0,1,1.0,1,0.06330708726230967,30
2689,2,3668,2110,1558,0,0,0,1.0,1,1.0,1,1.0,1,0.08843926606641268,31
2690,5,3673,2115,1558,0,0,0,1.0,1,1.0,1,1.0,1,0.14168147406221296,31
2691,3,3676,2116,1560,0,0,0,1.0,1,1.0,1,1.0,1,0.09791466927858027,32
2692,3,3679,2118,1561,0,0,0,1.0,1,1.0,1,1.0,1,0.1412841183184074,32
2693,1,3680,2119,1561,0,0,0,1.0,1,1.0,1,1.0,1,0.148180124573504,33
2694,2,3682,2119,1563,0,0,0,1.0,1,1.0,1,1.0,1,0.15776752465177157,34
2695,2,3684,2119,1565,0,0,0,1.0,1,1.0,1,1.0,1,0.13115953308965422,35
2696,2,3686,2119,1567,0,0,0,1.0,1,1.0,1,1.0,1,0.07821174230801227,35
2697,3,3689,2121,1568,0,0,0,1.0,1,1.0,1,1.0,1,0.11619162150419975,35
2698,1,3690,2121,1569,0,0,0,1.0,1,1.0,1,1.0,1,0.06623520337283419,36
2699,1,3691,2121,1570,0,0,0,1.0,1,1.0,1,1.0,1,0.06385914170407987,36
2700,0,3691,2121,1570,0,0,0,1.0,1,1.0,1,1.0,1,0.07685281815777253,37
2701,1,3692,2121,1571,0,0,0,1.0,1,1.0,1,1.0,1,0.042829504586145324,37
2702,3,3695,2124,1571,0,0,0,1.0,1,1.0,1,1.0,1,0.14152913219069138,37
2703,1,3696,2125,1571,0,0,0,1.0,1,1.0,1,1.0,1,0.11979279968675213,38
2704,2,3698,2126,1572,0,0,0,1.0,1,1.0,1,1.0,1,0.1357967412464019,37
2705,1,3699,2127,1572,0,0,0,1.0,1,1.0,1,1.0,1,0.14520013506856652,36
2706,2,3701,2129,1572,0,0,0,1.0,1,1.0,1,1.0,1,0.18117273877028656,36
2707,1,3702,2130,1572,0,0,0,1.0,1,1.0,1,1.0,1,0.23653557788208274,35
2708,1,3703,2131,1572,0,0,0,1.0,1,1.0,1,1.0,1,0.2316010660699862,36
2709,2,3705,2133,1572,0,0,0,1.0,1,1.0,1,1.0,1,0.2742647223562623,32
2710,1,3706,2134,1572,0,0,0,1.0,1,1.0,1,1.0,1,0.26396182717465677,29
2711,4,3710,2136,1574,0,0,0,1.0,1,1.0,1,1.0,1,0.07511022226550153,29
2712,0,3710,2136,1574,0,0,0,1.0,1,1.0,1,1.0,1,0.09254684968258012,28
2713,0,3710,2136,1574,0,0,0,1.0,1,1.0,1,1.0,1,0.07208734091468437,28
2714,2,3712,2138,1574,0,0,0,1.0,1,1.0,1,1.0,1,0.08054501961468567,26
2715,0,3712,2138,1574,0,0,0,1.0,1,1.0,1,1.0,1,0.11104676720929507,24
2716,1,3713,2139,1574,0,0,0,1.0,1,1.0,1,1.0,1,0.14152821789713133,24
2717,5,3718,2143,1575,0,0,0,1.0,1,1.0,1,1.0,1,0.14066373092653242,25
2718,1,3719,2143,1576,0,0,0,1.0,1,1.0,1,1.0,1,0.15091205962007703,25
2719,3,3722,2145,1577,0,0,0,1.0,1,1.0,1,1.0,1,0.21493070282864898,25
2720,2,3724,2147,1577,0,0,0,1.0,1,1.0,1,1.0,1,0.3360554530920603,25
2721,5,3729,2149,1580,0,0,0,1.0,1,1.0,1,1.0,1,0.18784159788169139,25
2722,1,3730,2150,1580,0,0,0,1.0,1,1.0,1,1.0,1,0.22738896982591583,26
2723,1,3731,2150,1581,0,0,0,1.0,1,1.0,1,1.0,1,0.20400817668576285,26
2724,1,3732,2151,1581,0,0,0,1.0,1,1.0,1,1.0,1,0.1468494854140646,27
2725,0,3732,2151,1581,0,0,0,1.0,1,1.0,1,1.0,1,0.11850232210099876,28
2726,1,3733,2151,1582,0,0,0,1.0,1,1.0,1,1.0,1,0.09126805171793655,28
2727,1,3734,2151,1583,0,0,0,1.0,1,1.0,1,1.0,1,0.09057105138669261,29
2728,0,3734,2151,1583,0,0,0,1.0,1,1.0,1,1.0,1,0.09057105138669261,29
2729,0,3734,2151,1583,0,0,0,1.0,1,1.0,1,1.0,1,0.10316788656884876,29
2730,2,3736,2152,1584,0,0,0,1.0,1,1.0,1,1.0,1,0.08221289286301228,29
2731,0,3736,2152,1584,0,0,0,1.0,1,1.0,1,1.0,1,0.0880784467805439,30
2732,1,3737,2153,1584,0,0,0,1.0,1,1.0,1,1.0,1,0.11322460240170922,29
2733,1,3738,2154,1584,0,0,0,1.0,1,1.0,1,1.0,1,0.13061302580658665,29
2734,0,3738,2154,1584,0,0,0,1.0,1,1.0,1,1.0,1,0.13061302580658665,29
2735,2,3740,2155,1585,0,0,0,1.0,1,1.0,1,1.0,1,0.1522979387636918,29
2736,1,3741,2155,1586,0,0,0,1.0,1,1.0,1,1.0,1,0.14568103285382802,30
2737,1,3742,2155,1587,0,0,0,1.0,1,1.0,1,1.0,1,0.13110202357547304,30
2738,1,3743,2156,1587,0,0,0,1.0,1,1.0,1,1.0,1,0.1675726974157565,30
2739,0,3743,2156,1587,0,0,0,1.0,1,1.0,1,1.0,1,0.20538979691294296,29
2740,0,3743,2156,1587,0,0,0,1.0,1,1.0,1,1.0,1,0.20538979691294296,29
2741,2,3745,2156,1589,0,0,0,1.0,1,1.0,1,1.0,1,0.19356112615328794,28
2742,1,3746,2157,1589,0,0,0,1.0,1,1.0,1,1.0,1,0.2112120823427799,28
2743,2,3748,2158,1590,0,0,0,1.0,1,1.0,1,1.0,1,0.211621014424097,29
2744,0,3748,2158,1590,0,0,0,1.0,1,1.0,1,1.0,1,0.20509693419991526,27
2745,1,3749,2159,1590,0,0,0,1.0,1,1.0,1,1.0,1,0.24571358177745198,25
2746,1,3750,2159,1591,0,0,0,1.0,1,1.0,1,1.0,1,0.18371211139739047,25
2747,1,3751,2160,1591,0,0,0,1.0,1,1.0,1,1.0,1,0.21119982703747375,23
2748,0,3751,2160,1591,0,0,0,1.0,1,1.0,1,1.0,1,0.18341250997661182,22
2749,1,3752,2161,1591,0,0,0,1.0,1,1.0,1,1.0,1,0.17755220400966706,19
2750,0,3752,2161,1591,0,0,0,1.0,1,1.0,1,1.0,1,0.15397074634495891,18
2751,0,3752,2161,1591,0,0,0,1.0,1,1.0,1,1.0,1,0.16957367988765515,16
2752,0,3752,2161,1591,0,0,0,1.0,1,1.0,1,1.0,1,0.14230439233612466,15
2753,0,3752,2161,1591,0,0,0,1.0,1,1.0,1,1.0,1,0.14230439233612466,15
2754,0,3752,2161,1591,0,0,0,1.0,1,1.0,1,1.0,1,0.14230439233612466,15
2755,0,3752,2161,1591,0,0,0,1.0,1,1.0,1,1.0,1,0.14230439233612466,15
2756,0,3752,2161,1591,0,0,0,1.0,1,1.0,1,1.0,1,0.13671610594733424,16
2757,0,3752,2161,1591,0,0,0,1.0,1,1.0,1,1.0,1,0.08546955981592387,17
2758,0,3752,2161,1591,0,0,0,1.0,1,1.0,1,1.0,1,0.08546955981592387,17
2759,0,3752,2161,1591,0,0,0,1.0,1,1.0,1,1.0,1,0.08784784815344433,18
2760,0,3752,2161,1591,0,0,0,1.0,1,1.0,1,1.0,1,0.08784784815344433,18
2761,0,3752,2161,1591,0,0,0,1.0,1,1.0,1,1.0,1,0.08784784815344433,18
2762,0,3752,2161,1591,0,0,0,1.0,1,1.0,1,1.0,1,0.08784784815344433,18
2763,0,3752,2161,1591,0,0,0,1.0,1,1.0,1,1.0,1,0.08598675105538385,17
2764,2,3754,2163,1591,0,0,0,1.0,1,1.0,1,1.0,1,0.25835246837232245,17
2765,2,3756,2165,1591,0,0,0,1.0,1,1.0,1,1.0,1,0.22437664581283776,18
2766,0,3756,2165,1591,0,0,0,1.0,1,1.0,1,1.0,1,0.22437664581283776,18
2767,0,3756,2165,1591,0,0,0,1.0,1,1.0,1,1.0,1,0.22437664581283776,18
2768,1,3757,2166,1591,0,0,0,1.0,1,1.0,1,1.0,1,0.20204142109463616,18
2769,1,3758,2167,1591,0,0,0,1.0,1,1.0,1,1.0,1,0.21161662738528297,18
2770,1,3759,2168,1591,0,0,0,1.0,1,1.0,1,1.0,1,0.2423434236889614,18
2771,2,3761,2168,1593,0,0,0,1.0,1,1.0,1,1.0,1,0.12170346312783929,18
2772,0,3761,2168,1593,0,0,0,1.0,1,1.0,1,1.0,1,0.12170346312783929,18
2773,0,3761,2168,1593,0,0,0,1.0,1,1.0,1,1.0,1,0.12170346312783929,18
2774,0,3761,2168,1593,0,0,0,1.0,1,1.0,1,1.0,1,0.16369000276792972,20
2775,2,3763,2170,1593,0,0,0,1.0,1,1.0,1,1.0,1,0.18023390168458714,21
2776,1,3764,2171,1593,0,0,0,1.0,1,1.0,1,1.0,1,0.1499257838172298,21
2777,0,3764,2171,1593,0,0,0,1.0,1,1.0,1,1.0,1,0.13345876851046934,22
2778,2,3766,2172,1594,0,0,0,1.0,1,1.0,1,1.0,1,0.12824769300185687,24
2779,2,3768,2173,1595,0,0,0,1.0,1,1.0,1,1.0,1,0.12449927996116282,24
2780,0,3768,2173,1595,0,0,0,1.0,1,1.0,1,1.0,1,0.12449927996116282,24
2781,0,3768,2173,1595,0,0,0,1.0,1,1.0,1,1.0,1,0.12449927996116282,24
2782,0,3768,2173,1595,0,0,0,1.0,1,1.0,1,1.0,1,0.12449927996116282,24
2783,0,3768,2173,1595,0,0,0,1.0,1,1.0,1,1.0,1,0.12449927996116282,24
2784,1,3769,2173,1596,0,0,0,1.0,1,1.0,1,1.0,1,0.1587825377280115,24
2785,0,3769,2173,1596,0,0,0,1.0,1,1.0,1,1.0,1,0.11784952233341055,22
2786,0,3769,2173,1596,0,0,0,1.0,1,1.0,1,1.0,1,0.18084619089830892,22
2787,1,3770,2174,1596,0,0,0,1.0,1,1.0,1,1.0,1,0.11249262848623257,21
2788,0,3770,2174,1596,0,0,0,1.0,1,1.0,1,1.0,1,0.10839858953758204,20
2789,1,3771,2175,1596,0,0,0,1.0,1,1.0,1,1.0,1,0.1455554761474988,20
2790,0,3771,2175,1596,0,0,0,1.0,1,1.0,1,1.0,1,0.17556024489137748,21
2791,1,3772,2176,1596,0,0,0,1.0,1,1.0,1,1.0,1,0.15056160328725132,21
2792,0,3772,2176,1596,0,0,0,1.0,1,1.0,1,1.0,1,0.15056160328725132,21
2793,0,3772,2176,1596,0,0,0,1.0,1,1.0,1,1.0,1,0.18815474621588812,18
2794,0,3772,2176,1596,0,0,0,1.0,1,1.0,1,1.0,1,0.18815474621588812,18
2795,1,3773,2177,1596,0,0,0,1.0,1,1.0,1,1.0,1,0.18471297047396804,20
2796,1,3774,2178,1596,0,0,0,1.0,1,1.0,1,1.0,1,0.16140051554794918,21
2797,0,3774,2178,1596,0,0,0,1.0,1,1.0,1,1.0,1,0.16140051554794918,21
2798,0,3774,2178,1596,0,0,0,1.0,1,1.0,1,1.0,1,0.16140051554794918,21
2799,1,3775,2178,1597,0,0,0,1.0,1,1.0,1,1.0,1,0.10825353471282835,22
2800,0,3775,2178,1597,0,0,0,1.0,1,1.0,1,1.0,1,0.10825353471282835,22
2801,2,3777,2180,1597,0,0,0,1.0,1,1.0,1,1.0,1,0.21443294236435795,22
2802,1,3778,2180,1598,0,0,0,1.0,1,1.0,1,1.0,1,0.16492792471398118,22
2803,1,3779,2181,1598,0,0,0,1.0,1,1.0,1,1.0,1,0.20275982439908993,22
2804,0,3779,2181,1598,0,0,0,1.0,1,1.0,1,1.0,1,0.21361142227685342,23
2805,0,3779,2181,1598,0,0,0,1.0,1,1.0,1,1.0,1,0.21361142227685342,23
2806,0,3779,2181,1598,0,0,0,1.0,1,1.0,1,1.0,1,0.21361142227685342,23
2807,0,3779,2181,1598,0,0,0,1.0,1,1.0,1,1.0,1,0.19194287631142337,24
2808,0,3779,2181,1598,0,0,0,1.0,1,1.0,1,1.0,1,0.19194287631142337,24
2809,0,3779,2181,1598,0,0,0,1.0,1,1.0,1,1.0,1,0.20708562594442673,25
2810,0,3779,2181,1598,0,0,0,1.0,1,1.0,1,1.0,1,0.20551188683688237,24
2811,1,3780,2182,1598,0,0,0,1.0,1,1.0,1,1.0,1,0.18019267193605826,26
2812,0,3780,2182,1598,0,0,0,1.0,1,1.0,1,1.0,1,0.18019267193605826,26
2813,1,3781,2183,1598,0,0,0,1.0,1,1.0,1,1.0,1,0.1443162989152613,27
2814,2,3783,2184,1599,0,0,0,1.0,1,1.0,1,1.0,1,0.20403665300573237,29
2815,2,3785,2185,1600,0,0,0,1.0,1,1.0,1,1.0,1,0.17099482601094254,29
2816,1,3786,2186,1600,0,0,0,1.0,1,1.0,1,1.0,1,0.16841327172861192,29
2817,1,3787,2187,1600,0,0,0,1.0,1,1.0,1,1.0,1,0.13977756319423068,29
2818,1,3788,2188,1600,0,0,0,1.0,1,1.0,1,1.0,1,0.1816196016011905,29
2819,3,3791,2189,1602,0,0,0,1.0,1,1.0,1,1.0,1,0.11698295552627533,30
2820,1,3792,2190,1602,0,0,0,1.0,1,1.0,1,1.0,1,0.1473433712172585,30
2821,3,3795,2191,1604,0,0,0,1.0,1,1.0,1,1.0,1,0.10345661029174338,31
2822,0,3795,2191,1604,0,0,0,1.0,1,1.0,1,1.0,1,0.11990083485103563,30
2823,1,3796,2192,1604,0,0,0,1.0,1,1.0,1,1.0,1,0.05920023717877746,27
2824,0,3796,2192,1604,0,0,0,1.0,1,1.0,1,1.0,1,0.04418046661165506,28
2825,3,3799,2195,1604,0,0,0,1.0,1,1.0,1,1.0,1,0.11507051457279191,28
2826,2,3801,2196,1605,0,0,0,1.0,1,1.0,1,1.0,1,0.21042984210623963,27
2827,0,3801,2196,1605,0,0,0,1.0,1,1.0,1,1.0,1,0.23060861348932998,28
2828,0,3801,2196,1605,0,0,0,1.0,1,1.0,1,1.0,1,0.2573191482077226,28
2829,1,3802,2197,1605,0,0,0,1.0,1,1.0,1,1.0,1,0.23755652190090976,27
2830,1,3803,2198,1605,0,0,0,1.0,1,1.0,1,1.0,1,0.25505628122507906,27
2831,4,3807,2200,1607,0,0,0,1.0,1,1.0,1,1.0,1,0.22087485141140278,27
2832,3,3810,2200,1610,0,0,0,1.0,1,1.0,1,1.0,1,0.18535589067761377,27
2833,1,3811,2201,1610,0,0,0,1.0,1,1.0,1,1.0,1,0.18912139058885385,26
2834,1,3812,2202,1610,0,0,0,1.0,1,1.0,1,1.0,1,0.10570119432815289,26
2835,0,3812,2202,1610,0,0,0,1.0,1,1.0,1,1.0,1,0.08254139288728934,25
2836,0,3812,2202,1610,0,0,0,1.0,1,1.0,1,1.0,1,0.11561825842509717,27
2837,1,3813,2203,1610,0,0,0,1.0,1,1.0,1,1.0,1,0.1577849798175198,27
2838,0,3813,2203,1610,0,0,0,1.0,1,1.0,1,1.0,1,0.1577849798175198,27
2839,1,3814,2204,1610,0,0,0,1.0,1,1.0,1,1.0,1,0.2114177458666457,29
2840,0,3814,2204,1610,0,0,0,1.0,1,1.0,1,1.0,1,0.2114177458666457,29
2841,4,3818,2205,1613,0,0,0,1.0,1,1.0,1,1.0,1,0.17695930542069133,31
2842,0,3818,2205,1613,0,0,0,1.0,1,1.0,1,1.0,1,0.17695930542069133,31
2843,0,3818,2205,1613,0,0,0,1.0,1,1.0,1,1.0,1,0.11813653018750983,32
2844,3,3821,2208,1613,0,0,0,1.0,1,1.0,1,1.0,1,0.10000982000785723,33
2845,2,3823,2208,1615,0,0,0,1.0,1,1.0,1,1.0,1,0.07364575905711127,32
2846,2,3825,2210,1615,0,0,0,1.0,1,1.0,1,1.0,1,0.07570533843848272,33
2847,2,3827,2211,1616,0,0,0,1.0,1,1.0,1,1.0,1,0.13671508635531615,32
2848,2,3829,2213,1616,0,0,0,1.0,1,1.0,1,1.0,1,0.1626684122486119,33
2849,1,3830,2213,1617,0,0,0,1.0,1,1.0,1,1.0,1,0.17163520537859733,34
2850,2,3832,2215,1617,0,0,0,1.0,1,1.0,1,1.0,1,0.10218073118781275,34
2851,1,3833,2215,1618,0,0,0,1.0,1,1.0,1,1.0,1,0.07945404006695435,34
2852,4,3837,2219,1618,0,0,0,1.0,1,1.0,1,1.0,1,0.13700836383796466,35
2853,1,3838,2219,1619,0,0,0,1.0,1,1.0,1,1.0,1,0.10699690212531665,36
2854,0,3838,2219,1619,0,0,0,1.0,1,1.0,1,1.0,1,0.11232834839923106,37
2855,1,3839,2220,1619,0,0,0,1.0,1,1.0,1,1.0,1,0.09073271392045451,38
2856,0,3839,2220,1619,0,0,0,1.0,1,1.0,1,1.0,1,0.09073271392045451,38
2857,2,3841,2222,1619,0,0,0,1.0,1,1.0,1,1.0,1,0.09691859950757657,39
2858,2,3843,2223,1620,0,0,0,1.0,1,1.0,1,1.0,1,0.05833113413931804,40
2859,2,3845,2225,1620,0,0,0,1.0,1,1.0,1,1.0,1,0.11238556381052263,40
2860,1,3846,2225,1621,0,0,0,1.0,1,1.0,1,1.0,1,0.08863216569769738,40
2861,2,3848,2226,1622,0,0,0,1.0,1,1.0,1,1.0,1,0.08420726876878393,38
2862,2,3850,2228,1622,0,0,0,1.0,1,1.0,1,1.0,1,0.1369978239516245,38
2863,2,3852,2230,1622,0,0,0,1.0,1,1.0,1,1.0,1,0.14733160727165887,38
2864,1,3853,2231,1622,0,0,0,1.0,1,1.0,1,1.0,1,0.17132808288719986,36
2865,3,3856,2234,1622,0,0,0,1.0,1,1.0,1,1.0,1,0.18085544172036014,34
2866,0,3856,2234,1622,0,0,0,1.0,1,1.0,1,1.0,1,0.14444869107281824,31
2867,1,3857,2235,1622,0,0,0,1.0,1,1.0,1,1.0,1,0.13555983534926744,30
2868,2,3859,2237,1622,0,0,0,1.0,1,1.0,1,1.0,1,0.18377895424696572,27
2869,0,3859,2237,1622,0,0,0,1.0,1,1.0,1,1.0,1,0.20234387179107882,27
2870,1,3860,2238,1622,0,0,0,1.0,1,1.0,1,1.0,1,0.2321751811276038,25
2871,0,3860,2238,1622,0,0,0,1.0,1,1.0,1,1.0,1,0.23207158668649863,25
2872,3,3863,2239,1624,0,0,0,1.0,1,1.0,1,1.0,1,0.1930688468019395,23
2873,1,3864,2239,1625,0,0,0,1.0,1,1.0,1,1.0,1,0.15230229257007954,24
2874,1,3865,2239,1626,0,0,0,1.0,1,1.0,1,1.0,1,0.11548195577403356,24
2875,0,3865,2239,1626,0,0,0,1.0,1,1.0,1,1.0,1,0.1847247569161207,23
2876,1,3866,2240,1626,0,0,0,1.0,1,1.0,1,1.0,1,0.22297804917186376,24
2877,2,3868,2241,1627,0,0,0,1.0,1,1.0,1,1.0,1,0.18370735993011975,24
2878,1,3869,2242,1627,0,0,0,1.0,1,1.0,1,1.0,1,0.19910907345806525,24
2879,2,3871,2244,1627,0,0,0,1.0,1,1.0,1,1.0,1,0.25666120149095445,25
2880,0,3871,2244,1627,0,0,0,1.0,1,1.0,1,1.0,1,0.2564043004851804,26
2881,1,3872,2244,1628,0,0,0,1.0,1,1.0,1,1.0,1,0.24255129000201223,26
2882,0,3872,2244,1628,0,0,0,1.0,1,1.0,1,1.0,1,0.21625697050134637,27
2883,1,3873,2244,1629,0,0,0,1.0,1,1.0,1,1.0,1,0.1868013181246045,28
2884,1,3874,2244,1630,0,0,0,1.0,1,1.0,1,1.0,1,0.16711107411947404,29
2885,1,3875,2244,1631,0,0,0,1.0,1,1.0,1,1.0,1,0.14414640600091166,31
2886,1,3876,2245,1631,0,0,0,1.0,1,1.0,1,1.0,1,0.17207401151327537,31
2887,0,3876,2245,1631,0,0,0,1.0,1,1.0,1,1.0,1,0.14610165694157426,33
2888,4,3880,2247,1633,0,0,0,1.0,1,1.0,1,1.0,1,0.14801885433209971,34
2889,3,3883,2249,1634,0,0,0,1.0,1,1.0,1,1.0,1,0.16674712492198576,35
2890,2,3885,2249,1636,0,0,0,1.0,1,1.0,1,1.0,1,0.16674712492198576,35
2891,1,3886,2249,1637,0,0,0,1.0,1,1.0,1,1.0,1,0.14591842516309378,35
2892,3,3889,2251,1638,0,0,0,1.0,1,1.0,1,1.0,1,0.17501209994441505,35
2893,1,3890,2251,1639,0,0,0,1.0,1,1.0,1,1.0,1,0.15545301300454922,37
2894,0,3890,2251,1639,0,0,0,1.0,1,1.0,1,1.0,1,0.15545301300454922,37
2895,0,3890,2251,1639,0,0,0,1.0,1,1.0,1,1.0,1,0.15545301300454922,37
2896,1,3891,2252,1639,0,0,0,1.0,1,1.0,1,1.0,1,0.20726537860896094,38
2897,0,3891,2252,1639,0,0,0,1.0,1,1.0,1,1.0,1,0.2387443310931768,37
2898,1,3892,2252,1640,0,0,0,1.0,1,1.0,1,1.0,1,0.23956818138393227,38
2899,2,3894,2254,1640,0,0,0,1.0,1,1.0,1,1.0,1,0.2637599412668856,37
2900,0,3894,2254,1640,0,0,0,1.0,1,1.0,1,1.0,1,0.24574324839374434,36
2901,1,3895,2254,1641,0,0,0,1.0,1,1.0,1,1.0,1,0.1867277526095517,37
2902,0,3895,2254,1641,0,0,0,1.0,1,1.0,1,1.0,1,0.17461439810879043,35
2903,0,3895,2254,1641,0,0,0,1.0,1,1.0,1,1.0,1,0.1847763087437797,35
2904,0,3895,2254,1641,0,0,0,1.0,1,1.0,1,1.0,1,0.18146453180778005,33
2905,0,3895,2254,1641,0,0,0,1.0,1,1.0,1,1.0,1,0.19677347869985082,34
2906,2,3897,2256,1641,0,0,0,1.0,1,1.0,1,1.0,1,0.2847585079056031,34
2907,0,3897,2256,1641,0,0,0,1.0,1,1.0,1,1.0,1,0.2727702585725672,35
2908,0,3897,2256,1641,0,0,0,1.0,1,1.0,1,1.0,1,0.27206001793928136,36
2909,0,3897,2256,1641,0,0,0,1.0,1,1.0,1,1.0,1,0.2608194737530854,38
2910,0,3897,2256,1641,0,0,0,1.0,1,1.0,1,1.0,1,0.2608194737530854,38
2911,1,3898,2257,1641,0,0,0,1.0,1,1.0,1,1.0,1,0.282043126806683,37
2912,0,3898,2257,1641,0,0,0,1.0,1,1.0,1,1.0,1,0.282043126806683,37
2913,2,3900,2257,1643,0,0,0,1.0,1,1.0,1,1.0,1,0.24481337879055948,38
2914,0,3900,2257,1643,0,0,0,1.0,1,1.0,1,1.0,1,0.24481337879055948,38
2915,1,3901,2257,1644,0,0,0,1.0,1,1.0,1,1.0,1,0.22097191367136504,39
2916,1,3902,2257,1645,0,0,0,1.0,1,1.0,1,1.0,1,0.2229618337977396,40
2917,1,3903,2257,1646,0,0,0,1.0,1,1.0,1,1.0,1,0.18700412242014564,41
2918,0,3903,2257,1646,0,0,0,1.0,1,1.0,1,1.0,1,0.20820877152623177,41
2919,0,3903,2257,1646,0,0,0,1.0,1,1.0,1,1.0,1,0.20820877152623177,41
2920,0,3903,2257,1646,0,0,0,1.0,1,1.0,1,1.0,1,0.20623151516696073,43
2921,2,3905,2257,1648,0,0,0,1.0,1,1.0,1,1.0,1,0.17952447952071968,42
2922,0,3905,2257,1648,0,0,0,1.0,1,1.0,1,1.0,1,0.15684416885143318,43
2923,0,3905,2257,1648,0,0,0,1.0,1,1.0,1,1.0,1,0.16759736304655898,44
2924,0,3905,2257,1648,0,0,0,1.0,1,1.0,1,1.0,1,0.14147846572568665,45
2925,2,3907,2258,1649,0,0,0,1.0,1,1.0,1,1.0,1,0.1592321578202703,45
2926,0,3907,2258,1649,0,0,0,1.0,1,1.0,1,1.0,1,0.14116551940459193,47
2927,0,3907,2258,1649,0,0,0,1.0,1,1.0,1,1.0,1,0.14116551940459193,47
2928,3,3910,2259,1651,0,0,0,1.0,1,1.0,1,1.0,1,0.14468821061450135,48
2929,0,3910,2259,1651,0,0,0,1.0,1,1.0,1,1.0,1,0.14468821061450135,48
2930,2,3912,2259,1653,0,0,0,1.0,1,1.0,1,1.0,1,0.14750311722419707,50
2931,0,3912,2259,1653,0,0,0,1.0,1,1.0,1,1.0,1,0.14900576960084563,51
2932,0,3912,2259,1653,0,0,0,1.0,1,1.0,1,1.0,1,0.14900576960084563,51
2933,1,3913,2259,1654,0,0,0,1.0,1,1.0,1,1.0,1,0.1440910441368118,52
2934,0,3913,2259,1654,0,0,0,1.0,1,1.0,1,1.0,1,0.1440910441368118,52
2935,0,3913,2259,1654,0,0,0,1.0,1,1.0,1,1.0,1,0.16352932284319815,51
2936,1,3914,2260,1654,0,0,0,1.0,1,1.0,1,1.0,1,0.18408096230604115,49
2937,0,3914,2260,1654,0,0,0,1.0,1,1.0,1,1.0,1,0.1776766679378623,50
2938,2,3916,2261,1655,0,0,0,1.0,1,1.0,1,1.0,1,0.1960620384034735,50
2939,0,3916,2261,1655,0,0,0,1.0,1,1.0,1,1.0,1,0.190844891164819,51
2940,1,3917,2262,1655,0,0,0,1.0,1,1.0,1,1.0,1,0.20030154536517544,52
2941,5,3922,2264,1658,0,0,0,1.0,1,1.0,1,1.0,1,0.21233835516507457,53
2942,0,3922,2264,1658,0,0,0,1.0,1,1.0,1,1.0,1,0.21166373459200752,52
2943,2,3924,2266,1658,0,0,0,1.0,1,1.0,1,1.0,1,0.2481761150099534,51
2944,0,3924,2266,1658,0,0,0,1.0,1,1.0,1,1.0,1,0.2285633860767224,52
2945,2,3926,2267,1659,0,0,0,1.0,1,1.0,1,1.0,1,0.22004790816975905,50
2946,0,3926,2267,1659,0,0,0,1.0,1,1.0,1,1.0,1,0.23054610692201075,51
2947,1,3927,2268,1659,0,0,0,1.0,1,1.0,1,1.0,1,0.22702492216889597,50
2948,1,3928,2269,1659,0,0,0,1.0,1,1.0,1,1.0,1,0.215401831831209,50
2949,0,3928,2269,1659,0,0,0,1.0,1,1.0,1,1.0,1,0.2049437060483781,49
2950,0,3928,2269,1659,0,0,0,1.0,1,1.0,1,1.0,1,0.21422735545362806,48
2951,4,3932,2269,1663,0,0,0,1.0,1,1.0,1,1.0,1,0.14906688549241479,48
2952,0,3932,2269,1663,0,0,0,1.0,1,1.0,1,1.0,1,0.14467013105519816,46
2953,0,3932,2269,1663,0,0,0,1.0,1,1.0,1,1.0,1,0.14467013105519816,46
2954,2,3934,2270,1664,0,0,0,1.0,1,1.0,1,1.0,1,0.16644871344659262,48
2955,3,3937,2270,1667,0,0,0,1.0,1,1.0,1,1.0,1,0.106369073109786,48
2956,1,3938,2270,1668,0,0,0,1.0,1,1.0,1,1.0,1,0.10914376544150513,47
2957,3,3941,2270,1671,0,0,0,1.0,1,1.0,1,1.0,1,0.10626570499548241,48
2958,2,3943,2270,1673,0,0,0,1.0,1,1.0,1,1.0,1,0.09896986226662949,49
2959,2,3945,2270,1675,0,0,0,1.0,1,1.0,1,1.0,1,0.09565600430812495,49
2960,0,3945,2270,1675,0,0,0,1.0,1,1.0,1,1.0,1,0.09565600430812495,49
2961,4,3949,2272,1677,0,0,0,1.0,1,1.0,1,1.0,1,0.06916065781239455,51
2962,2,3951,2274,1677,0,0,0,1.0,1,1.0,1,1.0,1,0.07036856040149979,51
2963,2,3953,2276,1677,0,0,0,1.0,1,1.0,1,1.0,1,0.06276209079853996,51
2964,1,3954,2277,1677,0,0,0,1.0,1,1.0,1,1.0,1,0.07408730659106944,52
2965,2,3956,2279,1677,0,0,0,1.0,1,1.0,1,1.0,1,0.07843711506272842,53
2966,0,3956,2279,1677,0,0,0,1.0,1,1.0,1,1.0,1,0.07843711506272842,53
2967,2,3958,2279,1679,0,0,0,1.0,1,1.0,1,1.0,1,0.039383085011517195,53
2968,0,3958,2279,1679,0,0,0,1.0,1,1.0,1,1.0,1,0.026326680691467645,54
2969,1,3959,2280,1679,0,0,0,1.0,1,1.0,1,1.0,1,0.0259887054877783,55
2970,1,3960,2280,1680,0,0,0,1.0,1,1.0,1,1.0,1,0.020334638353449945,55
2971,0,3960,2280,1680,0,0,0,1.0,1,1.0,1,1.0,1,0.020334638353449945,55
2972,1,3961,2281,1680,0,0,0,1.0,1,1.0,1,1.0,1,0.045149821758857275,55
2973,0,3961,2281,1680,0,0,0,1.0,1,1.0,1,1.0,1,0.06354606642233425,55
2974,0,3961,2281,1680,0,0,0,1.0,1,1.0,1,1.0,1,0.06522106159708012,56
2975,0,3961,2281,1680,0,0,0,1.0,1,1.0,1,1.0,1,0.06804459862121026,55
2976,0,3961,2281,1680,0,0,0,1.0,1,1.0,1,1.0,1,0.06376560084695564,57
2977,1,3962,2281,1681,0,0,0,1.0,1,1.0,1,1.0,1,0.07494608533658115,59
2978,3,3965,2283,1682,0,0,0,1.0,1,1.0,1,1.0,1,0.08482765699435123,59
2979,0,3965,2283,1682,0,0,0,1.0,1,1.0,1,1.0,1,0.08482765699435123,59
2980,1,3966,2284,1682,0,0,0,1.0,1,1.0,1,1.0,1,0.11774782457471165,59
2981,4,3970,2286,1684,0,0,0,1.0,1,1.0,1,1.0,1,0.11684987702199816,59
2982,5,3975,2287,1688,0,0,0,1.0,1,1.0,1,1.0,1,0.06965170916082694,61
2983,6,3981,2290,1691,0,0,0,1.0,1,1.0,1,1.0,1,0.05121094466354463,61
2984,6,3987,2292,1695,0,0,0,1.0,1,1.0,1,1.0,1,0.06189037701559532,61
2985,3,3990,2295,1695,0,0,0,1.0,1,1.0,1,1.0,1,0.03894969758384903,57
2986,3,3993,2297,1696,0,0,0,1.0,1,1.0,1,1.0,1,0.046834073440179744,58
2987,1,3994,2298,1696,0,0,0,1.0,1,1.0,1,1.0,1,0.050680545109545706,56
2988,4,3998,2302,1696,0,0,0,1.0,1,1.0,1,1.0,1,0.07352116680060988,55
2989,3,4001,2304,1697,0,0,0,1.0,1,1.0,1,1.0,1,0.07591614856330763,53
2990,7,4008,2307,1701,0,0,0,1.0,1,1.0,1,1.0,1,0.10930467071577966,52
2991,3,4011,2309,1702,0,0,0,1.0,1,1.0,1,1.0,1,0.086797988224859,54
2992,2,4013,2309,1704,0,0,0,1.0,1,1.0,1,1.0,1,0.08168479866797013,55
2993,0,4013,2309,1704,0,0,0,1.0,1,1.0,1,1.0,1,0.08893078474050711,53
2994,1,4014,2309,1705,0,0,0,1.0,1,1.0,1,1.0,1,0.11079612536964371,53
2995,0,4014,2309,1705,0,0,0,1.0,1,1.0,1,1.0,1,0.13580613013872742,51
2996,2,4016,2310,1706,0,0,0,1.0,1,1.0,1,1.0,1,0.13468438692820667,52
2997,1,4017,2311,1706,0,0,0,1.0,1,1.0,1,1.0,1,0.15047443280334807,50
2998,1,4018,2312,1706,0,0,0,1.0,1,1.0,1,1.0,1,0.1361897370380404,51
2999,0,4018,2312,1706,0,0,0,1.0,1,1.0,1,1.0,1,0.16183707496438263,48
3000,1,4019,2313,1706,0,0,0,1.0,1,1.0,1,1.0,1,0.17588852826434764,48
3001,5,4024,2313,1711,0,0,0,1.0,1,1.0,1,1.0,1,0.08526172244555769,49
3002,1,4025,2314,1711,0,0,0,1.0,1,1.0,1,1.0,1,0.10659934513153498,50
3003,0,4025,2314,1711,0,0,0,1.0,1,1.0,1,1.0,1,0.10659934513153498,50
3004,0,4025,2314,1711,0,0,0,1.0,1,1.0,1,1.0,1,0.09530265067221853,51
3005,0,4025,2314,1711,0,0,0,1.0,1,1.0,1,1.0,1,0.09249820601103745,50
3006,0,4025,2314,1711,0,0,0,1.0,1,1.0,1,1.0,1,0.10791186395935697,51
3007,0,4025,2314,1711,0,0,0,1.0,1,1.0,1,1.0,1,0.09693147352550222,51
3008,3,4028,2314,1714,0,0,0,1.0,1,1.0,1,1.0,1,0.0646378498151441,53
3009,0,4028,2314,1714,0,0,0,1.0,1,1.0,1,1.0,1,0.07277681934412968,52
3010,0,4028,2314,1714,0,0,0,1.0,1,1.0,1,1.0,1,0.07277681934412968,52
3011,4,4032,2316,1716,0,0,0,1.0,1,1.0,1,1.0,1,0.05769142439500977,51
3012,2,4034,2317,1717,0,0,0,1.0,1,1.0,1,1.0,1,0.0814412815007868,54
3013,2,4036,2319,1717,0,0,0,1.0,1,1.0,1,1.0,1,0.05029856786078152,52
3014,2,4038,2321,1717,0,0,0,1.0,1,1.0,1,1.0,1,0.0753798598522878,51
3015,2,4040,2323,1717,0,0,0,1.0,1,1.0,1,1.0,1,0.08495273655214305,50
3016,3,4043,2326,1717,0,0,0,1.0,1,1.0,1,1.0,1,0.11148722284939835,50
3017,3,4046,2329,1717,0,0,0,1.0,1,1.0,1,1.0,1,0.1537906371306296,48
3018,2,4048,2331,1717,0,0,0,1.0,1,1.0,1,1.0,1,0.14922446417414792,48
3019,1,4049,2332,1717,0,0,0,1.0,1,1.0,1,1.0,1,0.1473318855024527,47
3020,2,4051,2334,1717,0,0,0,1.0,1,1.0,1,1.0,1,0.14900522476914604,47
3021,3,4054,2337,1717,0,0,0,1.0,1,1.0,1,1.0,1,0.12372555962476278,46
3022,2,4056,2339,1717,0,0,0,1.0,1,1.0,1,1.0,1,0.16152421129068578,45
3023,3,4059,2342,1717,0,0,0,1.0,1,1.0,1,1.0,1,0.1330337189901984,41
3024,3,4062,2345,1717,0,0,0,1.0,1,1.0,1,1.0,1,0.17067272670405603,43
3025,1,4063,2346,1717,0,0,0,1.0,1,1.0,1,1.0,1,0.22822634798916494,39
3026,1,4064,2347,1717,0,0,0,1.0,1,1.0,1,1.0,1,0.2552507789219593,38
3027,2,4066,2348,1718,0,0,0,1.0,1,1.0,1,1.0,1,0.2434355671264995,38
3028,1,4067,2349,1718,0,0,0,1.0,1,1.0,1,1.0,1,0.27830807902133864,38
3029,1,4068,2350,1718,0,0,0,1.0,1,1.0,1,1.0,1,0.3121984993636173,37
3030,0,4068,2350,1718,0,0,0,1.0,1,1.0,1,1.0,1,0.310804551353354,38
3031,6,4074,2352,1722,0,0,0,1.0,1,1.0,1,1.0,1,0.16260411125982646,39
3032,2,4076,2352,1724,0,0,0,1.0,1,1.0,1,1.0,1,0.15428405688788635,39
3033,1,4077,2352,1725,0,0,0,1.0,1,1.0,1,1.0,1,0.15424242651796027,39
3034,0,4077,2352,1725,0,0,0,1.0,1,1.0,1,1.0,1,0.16365520064170208,38
3035,0,4077,2352,1725,0,0,0,1.0,1,1.0,1,1.0,1,0.14213461827249485,39
3036,0,4077,2352,1725,0,0,0,1.0,1,1.0,1,1.0,1,0.1590886972331578,39
3037,0,4077,2352,1725,0,0,0,1.0,1,1.0,1,1.0,1,0.1772236411740135,39
3038,2,4079,2353,1726,0,0,0,1.0,1,1.0,1,1.0,1,0.13987961589274525,40
3039,3,4082,2354,1728,0,0,0,1.0,1,1.0,1,1.0,1,0.16168289212746623,41
3040,4,4086,2356,1730,0,0,0,1.0,1,1.0,1,1.0,1,0.16589939529219766,42
3041,0,4086,2356,1730,0,0,0,1.0,1,1.0,1,1.0,1,0.18229741643228517,43
3042,2,4088,2358,1730,0,0,0,1.0,1,1.0,1,1.0,1,0.1523293557442313,45
3043,4,4092,2360,1732,0,0,0,1.0,1,1.0,1,1.0,1,0.11657757839490288,45
3044,1,4093,2360,1733,0,0,0,1.0,1,1.0,1,1.0,1,0.10476911904911944,45
3045,0,4093,2360,1733,0,0,0,1.0,1,1.0,1,1.0,1,0.10476911904911944,45
3046,0,4093,2360,1733,0,0,0,1.0,1,1.0,1,1.0,1,0.11516842244527707,46
3047,0,4093,2360,1733,0,0,0,1.0,1,1.0,1,1.0,1,0.11516842244527707,46
3048,1,4094,2360,1734,0,0,0,1.0,1,1.0,1,1.0,1,0.11147366845805344,49
3049,2,4096,2361,1735,0,0,0,1.0,1,1.0,1,1.0,1,0.11039511091187634,50
3050,1,4097,2362,1735,0,0,0,1.0,1,1.0,1,1.0,1,0.08490015237580525,50
3051,5,4102,2364,1738,0,0,0,1.0,1,1.0,1,1.0,1,0.08355752486383075,50
3052,0,4102,2364,1738,0,0,0,1.0,1,1.0,1,1.0,1,0.08355752486383075,50
3053,3,4105,2366,1739,0,0,0,1.0,1,1.0,1,1.0,1,0.096795550487708,49
3054,1,4106,2367,1739,0,0,0,1.0,1,1.0,1,1.0,1,0.10583870604211033,47
3055,1,4107,2368,1739,0,0,0,1.0,1,1.0,1,1.0,1,0.13598421664533966,48
3056,2,4109,2370,1739,0,0,0,1.0,1,1.0,1,1.0,1,0.1451797717723042,47
3057,1,4110,2371,1739,0,0,0,1.0,1,1.0,1,1.0,1,0.1671010325996546,48
3058,0,4110,2371,1739,0,0,0,1.0,1,1.0,1,1.0,1,0.1784317990638402,46
3059,0,4110,2371,1739,0,0,0,1.0,1,1.0,1,1.0,1,0.17159044299072748,44
3060,2,4112,2373,1739,0,0,0,1.0,1,1.0,1,1.0,1,0.20193990510841078,44
3061,5,4117,2373,1744,0,0,0,1.0,1,1.0,1,1.0,1,0.047250401457256244,42
3062,2,4119,2375,1744,0,0,0,1.0,1,1.0,1,1.0,1,0.06994684647062378,42
3063,2,4121,2377,1744,0,0,0,1.0,1,1.0,1,1.0,1,0.11116720935941389,41
3064,0,4121,2377,1744,0,0,0,1.0,1,1.0,1,1.0,1,0.11344298975215875,42
3065,1,4122,2378,1744,0,0,0,1.0,1,1.0,1,1.0,1,0.1169902574718978,40
3066,2,4124,2380,1744,0,0,0,1.0,1,1.0,1,1.0,1,0.1053864573043646,42
3067,2,4126,2382,1744,0,0,0,1.0,1,1.0,1,1.0,1,0.15262879806477997,40
3068,2,4128,2384,1744,0,0,0,1.0,1,1.0,1,1.0,1,0.15650922073093407,39
3069,0,4128,2384,1744,0,0,0,1.0,1,1.0,1,1.0,1,0.1894375598445298,38
3070,1,4129,2384,1745,0,0,0,1.0,1,1.0,1,1.0,1,0.18956878762671467,39
3071,3,4132,2384,1748,0,0,0,1.0,1,1.0,1,1.0,1,0.1476182541928853,39
3072,2,4134,2385,1749,0,0,0,1.0,1,1.0,1,1.0,1,0.16960613478750486,40
3073,2,4136,2387,1749,0,0,0,1.0,1,1.0,1,1.0,1,0.2178131565964563,38
3074,1,4137,2387,1750,0,0,0,1.0,1,1.0,1,1.0,1,0.1834392781611028,38
3075,2,4139,2388,1751,0,0,0,1.0,1,1.0,1,1.0,1,0.21660680761809567,41
3076,2,4141,2389,1752,0,0,0,1.0,1,1.0,1,1.0,1,0.1758830016556496,42
3077,1,4142,2389,1753,0,0,0,1.0,1,1.0,1,1.0,1,0.1637634071681018,42
3078,0,4142,2389,1753,0,0,0,1.0,1,1.0,1,1.0,1,0.1637634071681018,42
3079,1,4143,2390,1753,0,0,0,1.0,1,1.0,1,1.0,1,0.15241514314423352,42
3080,0,4143,2390,1753,0,0,0,1.0,1,1.0,1,1.0,1,0.14520138041510794,43
3081,2,4145,2390,1755,0,0,0,1.0,1,1.0,1,1.0,1,0.11860584130574352,44
3082,1,4146,2390,1756,0,0,0,1.0,1,1.0,1,1.0,1,0.12489712694879812,45
3083,1,4147,2390,1757,0,0,0,1.0,1,1.0,1,1.0,1,0.11646974543026857,45
3084,0,4147,2390,1757,0,0,0,1.0,1,1.0,1,1.0,1,0.11646974543026857,45
3085,1,4148,2390,1758,0,0,0,1.0,1,1.0,1,1.0,1,0.13287471141540716,46
3086,1,4149,2391,1758,0,0,0,1.0,1,1.0,1,1.0,1,0.123756504084055,46
3087,2,4151,2392,1759,0,0,0,1.0,1,1.0,1,1.0,1,0.13611578099372224,47
3088,2,4153,2393,1760,0,0,0,1.0,1,1.0,1,1.0,1,0.17184391707086696,48
3089,0,4153,2393,1760,0,0,0,1.0,1,1.0,1,1.0,1,0.14801577038781608,46
3090,2,4155,2393,1762,0,0,0,1.0,1,1.0,1,1.0,1,0.1322324326718655,46
3091,1,4156,2393,1763,0,0,0,1.0,1,1.0,1,1.0,1,0.11578585197378706,46
3092,2,4158,2394,1764,0,0,0,1.0,1,1.0,1,1.0,1,0.1008814083768292,47
3093,0,4158,2394,1764,0,0,0,1.0,1,1.0,1,1.0,1,0.08481310800129382,47
3094,0,4158,2394,1764,0,0,0,1.0,1,1.0,1,1.0,1,0.059954095533603875,45
3095,1,4159,2395,1764,0,0,0,1.0,1,1.0,1,1.0,1,0.04547095745908069,46
3096,0,4159,2395,1764,0,0,0,1.0,1,1.0,1,1.0,1,0.046543283419737076,46
3097,2,4161,2397,1764,0,0,0,1.0,1,1.0,1,1.0,1,0.07931985877784128,47
3098,1,4162,2398,1764,0,0,0,1.0,1,1.0,1,1.0,1,0.039358249149091605,47
3099,0,4162,2398,1764,0,0,0,1.0,1,1.0,1,1.0,1,0.039358249149091605,47
3100,0,4162,2398,1764,0,0,0,1.0,1,1.0,1,1.0,1,0.039358249149091605,47
3101,0,4162,2398,1764,0,0,0,1.0,1,1.0,1,1.0,1,0.04457064373521548,48
3102,1,4163,2399,1764,0,0,0,1.0,1,1.0,1,1.0,1,0.034630829548315784,48
3103,1,4164,2400,1764,0,0,0,1.0,1,1.0,1,1.0,1,0.05908666312461261,49
3104,1,4165,2401,1764,0,0,0,1.0,1,1.0,1,1.0,1,0.07621445789379731,48
3105,1,4166,2402,1764,0,0,0,1.0,1,1.0,1,1.0,1,0.12552888713941077,45
3106,3,4169,2403,1766,0,0,0,1.0,1,1.0,1,1.0,1,0.14699888045920712,46
3107,1,4170,2404,1766,0,0,0,1.0,1,1.0,1,1.0,1,0.17893536415492226,44
3108,2,4172,2406,1766,0,0,0,1.0,1,1.0,1,1.0,1,0.1936923439869386,45
3109,0,4172,2406,1766,0,0,0,1.0,1,1.0,1,1.0,1,0.21173206881739767,44
3110,4,4176,2410,1766,0,0,0,1.0,1,1.0,1,1.0,1,0.17673765183722892,46
3111,3,4179,2411,1768,0,0,0,1.0,1,1.0,1,1.0,1,0.1470874386313693,46
3112,2,4181,2411,1770,0,0,0,1.0,1,1.0,1,1.0,1,0.12871010100719235,47
3113,1,4182,2412,1770,0,0,0,1.0,1,1.0,1,1.0,1,0.12098562449675872,48
3114,0,4182,2412,1770,0,0,0,1.0,1,1.0,1,1.0,1,0.12052602823235554,48
3115,0,4182,2412,1770,0,0,0,1.0,1,1.0,1,1.0,1,0.1377745314987127,49
3116,0,4182,2412,1770,0,0,0,1.0,1,1.0,1,1.0,1,0.14360314849939923,48
3117,5,4187,2415,1772,0,0,0,1.0,1,1.0,1,1.0,1,0.1445432253829058,49
3118,1,4188,2415,1773,0,0,0,1.0,1,1.0,1,1.0,1,0.1432053595057046,50
3119,0,4188,2415,1773,0,0,0,1.0,1,1.0,1,1.0,1,0.1432053595057046,50
3120,1,4189,2416,1773,0,0,0,1.0,1,1.0,1,1.0,1,0.15915201989391656,50
3121,4,4193,2418,1775,0,0,0,1.0,1,1.0,1,1.0,1,0.13053583889327372,50
3122,0,4193,2418,1775,0,0,0,1.0,1,1.0,1,1.0,1,0.13053583889327372,50
3123,2,4195,2420,1775,0,0,0,1.0,1,1.0,1,1.0,1,0.1339094285958715,51
3124,2,4197,2421,1776,0,0,0,1.0,1,1.0,1,1.0,1,0.13932402645205758,51
3125,1,4198,2422,1776,0,0,0,1.0,1,1.0,1,1.0,1,0.15043750883061044,51
3126,1,4199,2423,1776,0,0,0,1.0,1,1.0,1,1.0,1,0.15051847061520252,54
3127,3,4202,2425,1777,0,0,0,1.0,1,1.0,1,1.0,1,0.15928402492834942,53
3128,0,4202,2425,1777,0,0,0,1.0,1,1.0,1,1.0,1,0.1439761298297578,52
3129,2,4204,2427,1777,0,0,0,1.0,1,1.0,1,1.0,1,0.1716088273052445,51
3130,0,4204,2427,1777,0,0,0,1.0,1,1.0,1,1.0,1,0.15825530328457582,50
3131,5,4209,2429,1780,0,0,0,1.0,1,1.0,1,1.0,1,0.14588074274591156,50
3132,0,4209,2429,1780,0,0,0,1.0,1,1.0,1,1.0,1,0.12085709861848531,49
3133,0,4209,2429,1780,0,0,0,1.0,1,1.0,1,1.0,1,0.12085709861848531,49
3134,1,4210,2430,1780,0,0,0,1.0,1,1.0,1,1.0,1,0.10943262908663094,46
3135,2,4212,2432,1780,0,0,0,1.0,1,1.0,1,1.0,1,0.15094212118083145,47
3136,2,4214,2434,1780,0,0,0,1.0,1,1.0,1,1.0,1,0.10686097002182288,46
3137,1,4215,2435,1780,0,0,0,1.0,1,1.0,1,1.0,1,0.1468633430861896,49
3138,1,4216,2436,1780,0,0,0,1.0,1,1.0,1,1.0,1,0.17422428522445227,49
3139,3,4219,2438,1781,0,0,0,1.0,1,1.0,1,1.0,1,0.17788305389088083,50
3140,2,4221,2439,1782,0,0,0,1.0,1,1.0,1,1.0,1,0.1924585079707082,51
3141,4,4225,2439,1786,0,0,0,1.0,1,1.0,1,1.0,1,0.16871524388204656,50
3142,0,4225,2439,1786,0,0,0,1.0,1,1.0,1,1.0,1,0.16871524388204656,50
3143,0,4225,2439,1786,0,0,0,1.0,1,1.0,1,1.0,1,0.18642381877266725,49
3144,1,4226,2439,1787,0,0,0,1.0,1,1.0,1,1.0,1,0.1771435216735715,49
3145,1,4227,2440,1787,0,0,0,1.0,1,1.0,1,1.0,1,0.20730948782766392,48
3146,1,4228,2440,1788,0,0,0,1.0,1,1.0,1,1.0,1,0.1872789654462298,49
3147,1,4229,2440,1789,0,0,0,1.0,1,1.0,1,1.0,1,0.22044160719363637,48
3148,2,4231,2442,1789,0,0,0,1.0,1,1.0,1,1.0,1,0.19985163116781143,48
3149,1,4232,2443,1789,0,0,0,1.0,1,1.0,1,1.0,1,0.21337496438310383,47
3150,2,4234,2445,1789,0,0,0,1.0,1,1.0,1,1.0,1,0.18517166579092448,47
3151,5,4239,2445,1794,0,0,0,1.0,1,1.0,1,1.0,1,0.14319029275841447,48
3152,0,4239,2445,1794,0,0,0,1.0,1,1.0,1,1.0,1,0.15353094436920942,47
3153,0,4239,2445,1794,0,0,0,1.0,1,1.0,1,1.0,1,0.15353094436920942,47
3154,2,4241,2446,1795,0,0,0,1.0,1,1.0,1,1.0,1,0.1552221968283558,48
3155,1,4242,2446,1796,0,0,0,1.0,1,1.0,1,1.0,1,0.13122759759799607,48
3156,0,4242,2446,1796,0,0,0,1.0,1,1.0,1,1.0,1,0.13875886974119317,48
3157,0,4242,2446,1796,0,0,0,1.0,1,1.0,1,1.0,1,0.16969752896118026,48
3158,0,4242,2446,1796,0,0,0,1.0,1,1.0,1,1.0,1,0.16969752896118026,48
3159,0,4242,2446,1796,0,0,0,1.0,1,1.0,1,1.0,1,0.16343176372406176,49
3160,2,4244,2446,1798,0,0,0,1.0,1,1.0,1,1.0,1,0.15355504012085014,51
3161,3,4247,2446,1801,0,0,0,1.0,1,1.0,1,1.0,1,0.08827571021114274,52
3162,1,4248,2447,1801,0,0,0,1.0,1,1.0,1,1.0,1,0.10963785163655493,51
3163,1,4249,2448,1801,0,0,0,1.0,1,1.0,1,1.0,1,0.10319790109642496,51
3164,2,4251,2449,1802,0,0,0,1.0,1,1.0,1,1.0,1,0.1214285972918642,52
3165,0,4251,2449,1802,0,0,0,1.0,1,1.0,1,1.0,1,0.09699027240707261,50
3166,0,4251,2449,1802,0,0,0,1.0,1,1.0,1,1.0,1,0.09699027240707261,50
3167,4,4255,2453,1802,0,0,0,1.0,1,1.0,1,1.0,1,0.11193251369625436,49
3168,1,4256,2454,1802,0,0,0,1.0,1,1.0,1,1.0,1,0.12965136185022783,47
3169,2,4258,2455,1803,0,0,0,1.0,1,1.0,1,1.0,1,0.16393539908569218,48
3170,2,4260,2457,1803,0,0,0,1.0,1,1.0,1,1.0,1,0.21841934500299293,47
3171,5,4265,2458,1807,0,0,0,1.0,1,1.0,1,1.0,1,0.18131115719887395,47
3172,3,4268,2459,1809,0,0,0,1.0,1,1.0,1,1.0,1,0.16957513082815268,46
3173,1,4269,2459,1810,0,0,0,1.0,1,1.0,1,1.0,1,0.1080144897786704,45
3174,0,4269,2459,1810,0,0,0,1.0,1,1.0,1,1.0,1,0.1313765414771032,43
3175,1,4270,2460,1810,0,0,0,1.0,1,1.0,1,1.0,1,0.11528782971098489,43
3176,0,4270,2460,1810,0,0,0,1.0,1,1.0,1,1.0,1,0.09998057409004582,44
3177,2,4272,2462,1810,0,0,0,1.0,1,1.0,1,1.0,1,0.10888502781618162,44
3178,0,4272,2462,1810,0,0,0,1.0,1,1.0,1,1.0,1,0.09891713043436516,47
3179,1,4273,2463,1810,0,0,0,1.0,1,1.0,1,1.0,1,0.1218716661617779,48
3180,1,4274,2464,1810,0,0,0,1.0,1,1.0,1,1.0,1,0.10882940363247391,48
3181,2,4276,2464,1812,0,0,0,1.0,1,1.0,1,1.0,1,0.08380386344510803,48
3182,0,4276,2464,1812,0,0,0,1.0,1,1.0,1,1.0,1,0.07235971015243131,51
3183,2,4278,2465,1813,0,0,0,1.0,1,1.0,1,1.0,1,0.04064984352062327,50
3184,1,4279,2466,1813,0,0,0,1.0,1,1.0,1,1.0,1,0.05334542542000623,50
3185,0,4279,2466,1813,0,0,0,1.0,1,1.0,1,1.0,1,0.08513399909157537,48
3186,1,4280,2467,1813,0,0,0,1.0,1,1.0,1,1.0,1,0.09962336094222417,48
3187,1,4281,2467,1814,0,0,0,1.0,1,1.0,1,1.0,1,0.10274607062314971,48
3188,1,4282,2468,1814,0,0,0,1.0,1,1.0,1,1.0,1,0.1218541423842728,48
3189,0,4282,2468,1814,0,0,0,1.0,1,1.0,1,1.0,1,0.13169614348765582,49
3190,2,4284,2469,1815,0,0,0,1.0,1,1.0,1,1.0,1,0.14756516283661775,51
3191,4,4288,2470,1818,0,0,0,1.0,1,1.0,1,1.0,1,0.07305573546721295,52
3192,1,4289,2471,1818,0,0,0,1.0,1,1.0,1,1.0,1,0.06558626093645512,52
3193,2,4291,2472,1819,0,0,0,1.0,1,1.0,1,1.0,1,0.0770996246377758,52
3194,1,4292,2473,1819,0,0,0,1.0,1,1.0,1,1.0,1,0.055993984599369814,54
3195,0,4292,2473,1819,0,0,0,1.0,1,1.0,1,1.0,1,0.055993984599369814,54
3196,1,4293,2474,1819,0,0,0,1.0,1,1.0,1,1.0,1,0.04755383168547795,54
3197,1,4294,2474,1820,0,0,0,1.0,1,1.0,1,1.0,1,0.032891255638431656,54
3198,2,4296,2476,1820,0,0,0,1.0,1,1.0,1,1.0,1,0.05521017384264631,54
3199,2,4298,2478,1820,0,0,0,1.0,1,1.0,1,1.0,1,0.04518483778581878,56
3200,1,4299,2479,1820,0,0,0,1.0,1,1.0,1,1.0,1,0.06980998172786462,56
3201,0,4299,2479,1820,0,0,0,1.0,1,1.0,1,1.0,1,0.06980998172786462,56
3202,2,4301,2481,1820,0,0,0,1.0,1,1.0,1,1.0,1,0.09524939869777643,57
3203,3,4304,2482,1822,0,0,0,1.0,1,1.0,1,1.0,1,0.08472932738446834,56
3204,0,4304,2482,1822,0,0,0,1.0,1,1.0,1,1.0,1,0.07884649308746354,55
3205,0,4304,2482,1822,0,0,0,1.0,1,1.0,1,1.0,1,0.08975135887994751,54
3206,7,4311,2486,1825,0,0,0,1.0,1,1.0,1,1.0,1,0.09598997708735756,56
3207,1,4312,2486,1826,0,0,0,1.0,1,1.0,1,1.0,1,0.12924199953013715,54
3208,4,4316,2488,1828,0,0,0,1.0,1,1.0,1,1.0,1,0.17095967926431954,53
3209,1,4317,2488,1829,0,0,0,1.0,1,1.0,1,1.0,1,0.15378867936613094,54
3210,4,4321,2490,1831,0,0,0,1.0,1,1.0,1,1.0,1,0.195803627987169,53
3211,2,4323,2491,1832,0,0,0,1.0,1,1.0,1,1.0,1,0.20062978396035244,53
3212,0,4323,2491,1832,0,0,0,1.0,1,1.0,1,1.0,1,0.20149608884536788,54
3213,0,4323,2491,1832,0,0,0,1.0,1,1.0,1,1.0,1,0.1890686835415661,54
3214,1,4324,2491,1833,0,0,0,1.0,1,1.0,1,1.0,1,0.18291788693047448,55
3215,2,4326,2492,1834,0,0,0,1.0,1,1.0,1,1.0,1,0.16350315842343255,55
3216,1,4327,2493,1834,0,0,0,1.0,1,1.0,1,1.0,1,0.17283491132288084,55
3217,4,4331,2496,1835,0,0,0,1.0,1,1.0,1,1.0,1,0.1953992963703722,54
3218,0,4331,2496,1835,0,0,0,1.0,1,1.0,1,1.0,1,0.1953992963703722,54
3219,2,4333,2497,1836,0,0,0,1.0,1,1.0,1,1.0,1,0.1934138815205884,55
3220,0,4333,2497,1836,0,0,0,1.0,1,1.0,1,1.0,1,0.1720393884505433,56
3221,2,4335,2498,1837,0,0,0,1.0,1,1.0,1,1.0,1,0.18816679338230488,57
3222,0,4335,2498,1837,0,0,0,1.0,1,1.0,1,1.0,1,0.18816679338230488,57
3223,1,4336,2499,1837,0,0,0,1.0,1,1.0,1,1.0,1,0.20118554687726492,56
3224,3,4339,2501,1838,0,0,0,1.0,1,1.0,1,1.0,1,0.173848441488993,58
3225,3,4342,2504,1838,0,0,0,1.0,1,1.0,1,1.0,1,0.18878789527434575,55
3226,0,4342,2504,1838,0,0,0,1.0,1,1.0,1,1.0,1,0.1878912723424381,54
3227,1,4343,2505,1838,0,0,0,1.0,1,1.0,1,1.0,1,0.18226895576181448,53
3228,2,4345,2506,1839,0,0,0,1.0,1,1.0,1,1.0,1,0.14408254789631122,52
3229,0,4345,2506,1839,0,0,0,1.0,1,1.0,1,1.0,1,0.13341744496907398,52
3230,2,4347,2508,1839,0,0,0,1.0,1,1.0,1,1.0,1,0.13219226118168306,50
3231,2,4349,2509,1840,0,0,0,1.0,1,1.0,1,1.0,1,0.1434998535452131,50
3232,2,4351,2511,1840,0,0,0,1.0,1,1.0,1,1.0,1,0.17353175873707818,50
3233,1,4352,2511,1841,0,0,0,1.0,1,1.0,1,1.0,1,0.17459075902886126,50
3234,1,4353,2512,1841,0,0,0,1.0,1,1.0,1,1.0,1,0.19997362344381123,49
3235,4,4357,2514,1843,0,0,0,1.0,1,1.0,1,1.0,1,0.2236937381080913,49
3236,1,4358,2514,1844,0,0,0,1.0,1,1.0,1,1.0,1,0.22195022650992893,51
3237,1,4359,2514,1845,0,0,0,1.0,1,1.0,1,1.0,1,0.22306494416090966,53
3238,4,4363,2515,1848,0,0,0,1.0,1,1.0,1,1.0,1,0.2515736400679978,53
3239,4,4367,2515,1852,0,0,0,1.0,1,1.0,1,1.0,1,0.2515736400679978,53
3240,5,4372,2515,1857,0,0,0,1.0,1,1.0,1,1.0,1,0.23614250358028582,53
3241,3,4375,2515,1860,0,0,0,1.0,1,1.0,1,1.0,1,0.2053012027678302,53
3242,1,4376,2516,1860,0,0,0,1.0,1,1.0,1,1.0,1,0.21483762602564474,53
3243,1,4377,2516,1861,0,0,0,1.0,1,1.0,1,1.0,1,0.17933824159205905,56
3244,0,4377,2516,1861,0,0,0,1.0,1,1.0,1,1.0,1,0.18873390940379656,57
3245,1,4378,2516,1862,0,0,0,1.0,1,1.0,1,1.0,1,0.16953107361513617,59
3246,0,4378,2516,1862,0,0,0,1.0,1,1.0,1,1.0,1,0.16953107361513617,59
3247,1,4379,2517,1862,0,0,0,1.0,1,1.0,1,1.0,1,0.18072594161725045,59
3248,1,4380,2517,1863,0,0,0,1.0,1,1.0,1,1.0,1,0.15990835743513576,59
3249,1,4381,2517,1864,0,0,0,1.0,1,1.0,1,1.0,1,0.1591513587406437,58
3250,0,4381,2517,1864,0,0,0,1.0,1,1.0,1,1.0,1,0.1591513587406437,58
3251,2,4383,2518,1865,0,0,0,1.0,1,1.0,1,1.0,1,0.17290064431520175,57
3252,0,4383,2518,1865,0,0,0,1.0,1,1.0,1,1.0,1,0.19454834817251676,57
3253,1,4384,2518,1866,0,0,0,1.0,1,1.0,1,1.0,1,0.18534847051542677,56
3254,1,4385,2518,1867,0,0,0,1.0,1,1.0,1,1.0,1,0.16001369004287436,57
3255,2,4387,2519,1868,0,0,0,1.0,1,1.0,1,1.0,1,0.1420087849709316,57
3256,2,4389,2519,1870,0,0,0,1.0,1,1.0,1,1.0,1,0.10744690475165115,57
3257,1,4390,2519,1871,0,0,0,1.0,1,1.0,1,1.0,1,0.0868632369147108,57
3258,2,4392,2519,1873,0,0,0,1.0,1,1.0,1,1.0,1,0.038837164286881776,58
3259,0,4392,2519,1873,0,0,0,1.0,1,1.0,1,1.0,1,0.03536270226168305,59
3260,2,4394,2521,1873,0,0,0,1.0,1,1.0,1,1.0,1,0.0185587059887796,60
3261,3,4397,2524,1873,0,0,0,1.0,1,1.0,1,1.0,1,0.08054945383400565,60
3262,5,4402,2529,1873,0,0,0,1.0,1,1.0,1,1.0,1,0.08247577780779486,61
3263,4,4406,2533,1873,0,0,0,1.0,1,1.0,1,1.0,1,0.06020594063332939,62
3264,2,4408,2535,1873,0,0,0,1.0,1,1.0,1,1.0,1,0.0754761935799248,60
3265,3,4411,2538,1873,0,0,0,1.0,1,1.0,1,1.0,1,0.08119677875906997,58
3266,4,4415,2541,1874,0,0,0,1.0,1,1.0,1,1.0,1,0.11671305329749004,59
3267,2,4417,2543,1874,0,0,0,1.0,1,1.0,1,1.0,1,0.14392840633376294,60
3268,2,4419,2544,1875,0,0,0,1.0,1,1.0,1,1.0,1,0.1733731157115209,58
3269,3,4422,2547,1875,0,0,0,1.0,1,1.0,1,1.0,1,0.0896843953941433,57
3270,1,4423,2548,1875,0,0,0,1.0,1,1.0,1,1.0,1,0.07984011546760583,56
3271,3,4426,2550,1876,0,0,0,1.0,1,1.0,1,1.0,1,0.06931282567461977,55
3272,3,4429,2551,1878,0,0,0,1.0,1,1.0,1,1.0,1,0.06131848844166355,55
3273,0,4429,2551,1878,0,0,0,1.0,1,1.0,1,1.0,1,0.06131848844166355,55
3274,0,4429,2551,1878,0,0,0,1.0,1,1.0,1,1.0,1,0.06612613404865103,55
3275,1,4430,2552,1878,0,0,0,1.0,1,1.0,1,1.0,1,0.059482070579302326,55
3276,1,4431,2552,1879,0,0,0,1.0,1,1.0,1,1.0,1,0.06666424417574623,55
3277,0,4431,2552,1879,0,0,0,1.0,1,1.0,1,1.0,1,0.04660687622286365,57
3278,0,4431,2552,1879,0,0,0,1.0,1,1.0,1,1.0,1,0.04418458133968806,56
3279,1,4432,2553,1879,0,0,0,1.0,1,1.0,1,1.0,1,0.04809116715797802,54
3280,0,4432,2553,1879,0,0,0,1.0,1,1.0,1,1.0,1,0.047801709366044824,53
3281,2,4434,2555,1879,0,0,0,1.0,1,1.0,1,1.0,1,0.08296601692149157,52
3282,0,4434,2555,1879,0,0,0,1.0,1,1.0,1,1.0,1,0.08330041105736102,50
3283,2,4436,2557,1879,0,0,0,1.0,1,1.0,1,1.0,1,0.10339450708769563,50
3284,4,4440,2561,1879,0,0,0,1.0,1,1.0,1,1.0,1,0.1219614098472249,47
3285,0,4440,2561,1879,0,0,0,1.0,1,1.0,1,1.0,1,0.10366557647592915,48
3286,6,4446,2566,1880,0,0,0,1.0,1,1.0,1,1.0,1,0.08558819921063363,46
3287,3,4449,2568,1881,0,0,0,1.0,1,1.0,1,1.0,1,0.1342013938002813,46
3288,4,4453,2571,1882,0,0,0,1.0,1,1.0,1,1.0,1,0.17759948490023786,46
3289,2,4455,2573,1882,0,0,0,1.0,1,1.0,1,1.0,1,0.19453221495784048,48
3290,2,4457,2575,1882,0,0,0,1.0,1,1.0,1,1.0,1,0.2280749086621116,48
3291,9,4466,2578,1888,0,0,0,1.0,1,1.0,1,1.0,1,0.06253812328404401,50
3292,2,4468,2579,1889,0,0,0,1.0,1,1.0,1,1.0,1,0.08280183539166479,50
3293,0,4468,2579,1889,0,0,0,1.0,1,1.0,1,1.0,1,0.06437253840633372,51
3294,2,4470,2581,1889,0,0,0,1.0,1,1.0,1,1.0,1,0.08982240207597793,50
3295,2,4472,2583,1889,0,0,0,1.0,1,1.0,1,1.0,1,0.10111865072030554,50
3296,3,4475,2585,1890,0,0,0,1.0,1,1.0,1,1.0,1,0.07021112524064549,50
3297,3,4478,2587,1891,0,0,0,1.0,1,1.0,1,1.0,1,0.038629153026050876,51
3298,1,4479,2588,1891,0,0,0,1.0,1,1.0,1,1.0,1,0.0604656586276434,52
3299,1,4480,2589,1891,0,0,0,1.0,1,1.0,1,1.0,1,0.027272584175687006,53
3300,1,4481,2590,1891,0,0,0,1.0,1,1.0,1,1.0,1,0.04079640263228575,53
3301,0,4481,2590,1891,0,0,0,1.0,1,1.0,1,1.0,1,0.04079640263228575,53
3302,3,4484,2592,1892,0,0,0,1.0,1,1.0,1,1.0,1,0.046526406388605036,53
3303,0,4484,2592,1892,0,0,0,1.0,1,1.0,1,1.0,1,0.051479010518981246,52
3304,0,4484,2592,1892,0,0,0,1.0,1,1.0,1,1.0,1,0.03233561385436531,52
3305,1,4485,2593,1892,0,0,0,1.0,1,1.0,1,1.0,1,0.061263097278926294,51
3306,0,4485,2593,1892,0,0,0,1.0,1,1.0,1,1.0,1,0.03453924811156744,51
3307,1,4486,2594,1892,0,0,0,1.0,1,1.0,1,1.0,1,0.04439149743882798,48
3308,1,4487,2595,1892,0,0,0,1.0,1,1.0,1,1.0,1,0.05428257322233748,48
3309,1,4488,2596,1892,0,0,0,1.0,1,1.0,1,1.0,1,0.07290146800319941,48
3310,0,4488,2596,1892,0,0,0,1.0,1,1.0,1,1.0,1,0.09065254965356179,47
3311,4,4492,2599,1893,0,0,0,1.0,1,1.0,1,1.0,1,0.12740833362833592,49
3312,2,4494,2600,1894,0,0,0,1.0,1,1.0,1,1.0,1,0.15319879260623206,48
3313,3,4497,2603,1894,0,0,0,1.0,1,1.0,1,1.0,1,0.19155152750820664,49
3314,3,4500,2604,1896,0,0,0,1.0,1,1.0,1,1.0,1,0.22400884926897036,47
3315,1,4501,2605,1896,0,0,0,1.0,1,1.0,1,1.0,1,0.25041702006631716,47
3316,0,4501,2605,1896,0,0,0,1.0,1,1.0,1,1.0,1,0.25041702006631716,47
3317,1,4502,2606,1896,0,0,0,1.0,1,1.0,1,1.0,1,0.2147443600921297,46
3318,0,4502,2606,1896,0,0,0,1.0,1,1.0,1,1.0,1,0.19997124784692794,45
3319,2,4504,2608,1896,0,0,0,1.0,1,1.0,1,1.0,1,0.19607233802347743,44
3320,1,4505,2609,1896,0,0,0,1.0,1,1.0,1,1.0,1,0.19801525349122473,43
3321,6,4511,2611,1900,0,0,0,1.0,1,1.0,1,1.0,1,0.12160971929760717,43
3322,2,4513,2613,1900,0,0,0,1.0,1,1.0,1,1.0,1,0.1209627809528095,40
3323,3,4516,2616,1900,0,0,0,1.0,1,1.0,1,1.0,1,0.18370282446592046,40
3324,2,4518,2618,1900,0,0,0,1.0,1,1.0,1,1.0,1,0.20417054399791593,40
3325,3,4521,2620,1901,0,0,0,1.0,1,1.0,1,1.0,1,0.21617280888916346,40
3326,2,4523,2622,1901,0,0,0,1.0,1,1.0,1,1.0,1,0.20876753730036587,41
3327,1,4524,2623,1901,0,0,0,1.0,1,1.0,1,1.0,1,0.2158289491867289,39
3328,3,4527,2625,1902,0,0,0,1.0,1,1.0,1,1.0,1,0.22589993140681386,41
3329,0,4527,2625,1902,0,0,0,1.0,1,1.0,1,1.0,1,0.20039184446758873,39
3330,1,4528,2626,1902,0,0,0,1.0,1,1.0,1,1.0,1,0.18475502646370998,40
3331,5,4533,2626,1907,0,0,0,1.0,1,1.0,1,1.0,1,0.041005067878039585,38
3332,0,4533,2626,1907,0,0,0,1.0,1,1.0,1,1.0,1,0.06848601857611623,38
3333,1,4534,2627,1907,0,0,0,1.0,1,1.0,1,1.0,1,0.10188486756478249,38
3334,1,4535,2627,1908,0,0,0,1.0,1,1.0,1,1.0,1,0.1050239926447793,40
3335,0,4535,2627,1908,0,0,0,1.0,1,1.0,1,1.0,1,0.1050239926447793,40
3336,0,4535,2627,1908,0,0,0,1.0,1,1.0,1,1.0,1,0.13247723452057758,39
3337,0,4535,2627,1908,0,0,0,1.0,1,1.0,1,1.0,1,0.1349481128139825,40
3338,6,4541,2630,1911,0,0,0,1.0,1,1.0,1,1.0,1,0.11515458307999363,41
3339,5,4546,2631,1915,0,0,0,1.0,1,1.0,1,1.0,1,0.06930299036054535,42
3340,4,4550,2633,1917,0,0,0,1.0,1,1.0,1,1.0,1,0.04845740390904354,43
3341,0,4550,2633,1917,0,0,0,1.0,1,1.0,1,1.0,1,0.04845740390904354,43
3342,1,4551,2634,1917,0,0,0,1.0,1,1.0,1,1.0,1,0.09078600345248541,44
3343,0,4551,2634,1917,0,0,0,1.0,1,1.0,1,1.0,1,0.09078600345248541,44
3344,1,4552,2634,1918,0,0,0,1.0,1,1.0,1,1.0,1,0.11383267515213252,44
3345,0,4552,2634,1918,0,0,0,1.0,1,1.0,1,1.0,1,0.12778983855888804,43
3346,0,4552,2634,1918,0,0,0,1.0,1,1.0,1,1.0,1,0.15194709407062612,42
3347,0,4552,2634,1918,0,0,0,1.0,1,1.0,1,1.0,1,0.1294225219743307,44
3348,0,4552,2634,1918,0,0,0,1.0,1,1.0,1,1.0,1,0.13968306986138945,45
3349,1,4553,2635,1918,0,0,0,1.0,1,1.0,1,1.0,1,0.13209326905629826,45
3350,0,4553,2635,1918,0,0,0,1.0,1,1.0,1,1.0,1,0.11193365501414944,46
3351,0,4553,2635,1918,0,0,0,1.0,1,1.0,1,1.0,1,0.11244656483993624,47
3352,1,4554,2636,1918,0,0,0,1.0,1,1.0,1,1.0,1,0.13367381745612034,47
3353,2,4556,2636,1920,0,0,0,1.0,1,1.0,1,1.0,1,0.1131292025240187,48
3354,1,4557,2637,1920,0,0,0,1.0,1,1.0,1,1.0,1,0.1392409199293277,48
3355,2,4559,2638,1921,0,0,0,1.0,1,1.0,1,1.0,1,0.13294020976011905,48
3356,0,4559,2638,1921,0,0,0,1.0,1,1.0,1,1.0,1,0.10930581845886324,48
3357,1,4560,2639,1921,0,0,0,1.0,1,1.0,1,1.0,1,0.11495229631677477,47
3358,0,4560,2639,1921,0,0,0,1.0,1,1.0,1,1.0,1,0.11448976783020541,46
3359,1,4561,2640,1921,0,0,0,1.0,1,1.0,1,1.0,1,0.13041691333475122,45
3360,2,4563,2642,1921,0,0,0,1.0,1,1.0,1,1.0,1,0.18094732360795768,44
3361,3,4566,2643,1923,0,0,0,1.0,1,1.0,1,1.0,1,0.16128952244102748,43
3362,2,4568,2644,1924,0,0,0,1.0,1,1.0,1,1.0,1,0.18819688950645597,42
3363,1,4569,2645,1924,0,0,0,1.0,1,1.0,1,1.0,1,0.2146572937817047,41
3364,1,4570,2645,1925,0,0,0,1.0,1,1.0,1,1.0,1,0.17450823779021218,41
3365,0,4570,2645,1925,0,0,0,1.0,1,1.0,1,1.0,1,0.17537193335891307,41
3366,0,4570,2645,1925,0,0,0,1.0,1,1.0,1,1.0,1,0.1599220500010232,40
3367,0,4570,2645,1925,0,0,0,1.0,1,1.0,1,1.0,1,0.14772611736468047,39
3368,1,4571,2646,1925,0,0,0,1.0,1,1.0,1,1.0,1,0.1342837969929859,39
3369,0,4571,2646,1925,0,0,0,1.0,1,1.0,1,1.0,1,0.1187643595293758,40
3370,2,4573,2648,1925,0,0,0,1.0,1,1.0,1,1.0,1,0.11532586236059539,41
3371,3,4576,2649,1927,0,0,0,1.0,1,1.0,1,1.0,1,0.10079283405004602,41
3372,2,4578,2651,1927,0,0,0,1.0,1,1.0,1,1.0,1,0.12318438952582311,40
3373,0,4578,2651,1927,0,0,0,1.0,1,1.0,1,1.0,1,0.13445809391357225,41
3374,0,4578,2651,1927,0,0,0,1.0,1,1.0,1,1.0,1,0.133438530468074,42
3375,0,4578,2651,1927,0,0,0,1.0,1,1.0,1,1.0,1,0.14078481655819888,44
3376,2,4580,2651,1929,0,0,0,1.0,1,1.0,1,1.0,1,0.11121739081775432,46
3377,0,4580,2651,1929,0,0,0,1.0,1,1.0,1,1.0,1,0.12539559465596845,47
3378,1,4581,2652,1929,0,0,0,1.0,1,1.0,1,1.0,1,0.1288293799366668,48
3379,1,4582,2652,1930,0,0,0,1.0,1,1.0,1,1.0,1,0.10735799730249454,48
3380,1,4583,2653,1930,0,0,0,1.0,1,1.0,1,1.0,1,0.10446193002712813,48
3381,2,4585,2653,1932,0,0,0,1.0,1,1.0,1,1.0,1,0.06267230201727292,48
3382,2,4587,2654,1933,0,0,0,1.0,1,1.0,1,1.0,1,0.05173861724021515,49
3383,0,4587,2654,1933,0,0,0,1.0,1,1.0,1,1.0,1,0.08136692578511913,47
3384,2,4589,2656,1933,0,0,0,1.0,1,1.0,1,1.0,1,0.12924615150144045,48
3385,1,4590,2656,1934,0,0,0,1.0,1,1.0,1,1.0,1,0.1384545239381728,47
3386,3,4593,2657,1936,0,0,0,1.0,1,1.0,1,1.0,1,0.18007655300083467,49
3387,1,4594,2657,1937,0,0,0,1.0,1,1.0,1,1.0,1,0.17964435199465364,48
3388,2,4596,2658,1938,0,0,0,1.0,1,1.0,1,1.0,1,0.20327719838893327,48
3389,2,4598,2658,1940,0,0,0,1.0,1,1.0,1,1.0,1,0.20421258011023682,50
3390,1,4599,2658,1941,0,0,0,1.0,1,1.0,1,1.0,1,0.19241040273754817,51
3391,5,4604,2659,1945,0,0,0,1.0,1,1.0,1,1.0,1,0.18862951693908733,51
3392,3,4607,2659,1948,0,0,0,1.0,1,1.0,1,1.0,1,0.14247938601673954,52
3393,1,4608,2660,1948,0,0,0,1.0,1,1.0,1,1.0,1,0.12634262699776863,52
3394,1,4609,2661,1948,0,0,0,1.0,1,1.0,1,1.0,1,0.11619015983280644,52
3395,0,4609,2661,1948,0,0,0,1.0,1,1.0,1,1.0,1,0.09855247456000825,50
3396,0,4609,2661,1948,0,0,0,1.0,1,1.0,1,1.0,1,0.0953844914603894,49
3397,2,4611,2662,1949,0,0,0,1.0,1,1.0,1,1.0,1,0.096354895199908,49
3398,0,4611,2662,1949,0,0,0,1.0,1,1.0,1,1.0,1,0.09405580024777997,48
3399,1,4612,2663,1949,0,0,0,1.0,1,1.0,1,1.0,1,0.08393878164676528,49
3400,2,4614,2664,1950,0,0,0,1.0,1,1.0,1,1.0,1,0.07654192873299079,50
3401,0,4614,2664,1950,0,0,0,1.0,1,1.0,1,1.0,1,0.07990541867833828,51
3402,1,4615,2665,1950,0,0,0,1.0,1,1.0,1,1.0,1,0.08291467659418988,51
3403,2,4617,2667,1950,0,0,0,1.0,1,1.0,1,1.0,1,0.11523062541145063,51
3404,3,4620,2668,1952,0,0,0,1.0,1,1.0,1,1.0,1,0.11134776613948692,51
3405,1,4621,2669,1952,0,0,0,1.0,1,1.0,1,1.0,1,0.14266897362023537,51
3406,0,4621,2669,1952,0,0,0,1.0,1,1.0,1,1.0,1,0.15626210402313506,51
3407,3,4624,2672,1952,0,0,0,1.0,1,1.0,1,1.0,1,0.147050942042079,52
3408,1,4625,2672,1953,0,0,0,1.0,1,1.0,1,1.0,1,0.15002847944408224,53
3409,3,4628,2673,1955,0,0,0,1.0,1,1.0,1,1.0,1,0.13394597817420092,54
3410,2,4630,2674,1956,0,0,0,1.0,1,1.0,1,1.0,1,0.1348151016850613,54
3411,1,4631,2675,1956,0,0,0,1.0,1,1.0,1,1.0,1,0.13369343506379464,54
3412,3,4634,2676,1958,0,0,0,1.0,1,1.0,1,1.0,1,0.13312471212953278,55
3413,0,4634,2676,1958,0,0,0,1.0,1,1.0,1,1.0,1,0.13312471212953278,55
3414,0,4634,2676,1958,0,0,0,1.0,1,1.0,1,1.0,1,0.13886029033745778,55
3415,3,4637,2678,1959,0,0,0,1.0,1,1.0,1,1.0,1,0.13694661809201572,56
3416,2,4639,2678,1961,0,0,0,1.0,1,1.0,1,1.0,1,0.12078024842631861,55
3417,1,4640,2678,1962,0,0,0,1.0,1,1.0,1,1.0,1,0.12777738234019786,56
3418,1,4641,2679,1962,0,0,0,1.0,1,1.0,1,1.0,1,0.17172903163232064,55
3419,1,4642,2679,1963,0,0,0,1.0,1,1.0,1,1.0,1,0.17149621183763858,56
3420,1,4643,2679,1964,0,0,0,1.0,1,1.0,1,1.0,1,0.18293908821385713,55
3421,5,4648,2679,1969,0,0,0,1.0,1,1.0,1,1.0,1,0.1406190218886559,57
3422,0,4648,2679,1969,0,0,0,1.0,1,1.0,1,1.0,1,0.1462346389547064,56
3423,1,4649,2680,1969,0,0,0,1.0,1,1.0,1,1.0,1,0.14036209454382848,56
3424,1,4650,2681,1969,0,0,0,1.0,1,1.0,1,1.0,1,0.15591010037950423,56
3425,0,4650,2681,1969,0,0,0,1.0,1,1.0,1,1.0,1,0.15591010037950423,56
3426,1,4651,2681,1970,0,0,0,1.0,1,1.0,1,1.0,1,0.17344039032059647,55
3427,0,4651,2681,1970,0,0,0,1.0,1,1.0,1,1.0,1,0.20415648716328083,55
3428,1,4652,2682,1970,0,0,0,1.0,1,1.0,1,1.0,1,0.18728477223073156,55
3429,2,4654,2683,1971,0,0,0,1.0,1,1.0,1,1.0,1,0.22012342050471564,54
3430,0,4654,2683,1971,0,0,0,1.0,1,1.0,1,1.0,1,0.2084333560117461,56
3431,4,4658,2684,1974,0,0,0,1.0,1,1.0,1,1.0,1,0.1546532357156215,54
3432,2,4660,2685,1975,0,0,0,1.0,1,1.0,1,1.0,1,0.17138331640712895,56
3433,3,4663,2687,1976,0,0,0,1.0,1,1.0,1,1.0,1,0.15724107532070877,53
3434,1,4664,2688,1976,0,0,0,1.0,1,1.0,1,1.0,1,0.15249891725557363,51
3435,2,4666,2690,1976,0,0,0,1.0,1,1.0,1,1.0,1,0.1757120246281064,51
3436,2,4668,2691,1977,0,0,0,1.0,1,1.0,1,1.0,1,0.14820625414301764,51
3437,3,4671,2693,1978,0,0,0,1.0,1,1.0,1,1.0,1,0.15525320574528323,53
3438,0,4671,2693,1978,0,0,0,1.0,1,1.0,1,1.0,1,0.10916100446340006,52
3439,2,4673,2695,1978,0,0,0,1.0,1,1.0,1,1.0,1,0.13104957656367436,54
3440,0,4673,2695,1978,0,0,0,1.0,1,1.0,1,1.0,1,0.10830459822373718,52
3441,2,4675,2695,1980,0,0,0,1.0,1,1.0,1,1.0,1,0.09139765295654656,53
3442,1,4676,2695,1981,0,0,0,1.0,1,1.0,1,1.0,1,0.06752991543890674,53
3443,0,4676,2695,1981,0,0,0,1.0,1,1.0,1,1.0,1,0.08044464047166859,53
3444,0,4676,2695,1981,0,0,0,1.0,1,1.0,1,1.0,1,0.07835240870286961,52
3445,2,4678,2697,1981,0,0,0,1.0,1,1.0,1,1.0,1,0.07987430813516687,53
3446,1,4679,2698,1981,0,0,0,1.0,1,1.0,1,1.0,1,0.13723418962308748,53
3447,1,4680,2699,1981,0,0,0,1.0,1,1.0,1,1.0,1,0.12671564782854938,53
3448,3,4683,2701,1982,0,0,0,1.0,1,1.0,1,1.0,1,0.20050185866762973,52
3449,3,4686,2704,1982,0,0,0,1.0,1,1.0,1,1.0,1,0.1734547378737395,52
3450,2,4688,2706,1982,0,0,0,1.0,1,1.0,1,1.0,1,0.18223253518729382,52
3451,9,4697,2710,1987,0,0,0,1.0,1,1.0,1,1.0,1,0.15972468119034378,54
3452,1,4698,2711,1987,0,0,0,1.0,1,1.0,1,1.0,1,0.15084282866269605,54
3453,1,4699,2712,1987,0,0,0,1.0,1,1.0,1,1.0,1,0.14457302011806739,54
3454,1,4700,2712,1988,0,0,0,1.0,1,1.0,1,1.0,1,0.13009071328336888,57
3455,0,4700,2712,1988,0,0,0,1.0,1,1.0,1,1.0,1,0.13009071328336888,57
3456,0,4700,2712,1988,0,0,0,1.0,1,1.0,1,1.0,1,0.1396182214364002,58
3457,0,4700,2712,1988,0,0,0,1.0,1,1.0,1,1.0,1,0.15599809325459216,57
3458,0,4700,2712,1988,0,0,0,1.0,1,1.0,1,1.0,1,0.15633996623319765,57
3459,0,4700,2712,1988,0,0,0,1.0,1,1.0,1,1.0,1,0.15633996623319765,57
3460,0,4700,2712,1988,0,0,0,1.0,1,1.0,1,1.0,1,0.14986711891553095,58
3461,4,4704,2713,1991,0,0,0,1.0,1,1.0,1,1.0,1,0.12426692084269825,59
3462,2,4706,2714,1992,0,0,0,1.0,1,1.0,1,1.0,1,0.10008187317304451,59
3463,1,4707,2715,1992,0,0,0,1.0,1,1.0,1,1.0,1,0.09829449765466512,59
3464,1,4708,2715,1993,0,0,0,1.0,1,1.0,1,1.0,1,0.11872354118877967,59
3465,2,4710,2717,1993,0,0,0,1.0,1,1.0,1,1.0,1,0.1123449844011388,57
3466,0,4710,2717,1993,0,0,0,1.0,1,1.0,1,1.0,1,0.1123449844011388,57
3467,3,4713,2719,1994,0,0,0,1.0,1,1.0,1,1.0,1,0.15794662556029734,57
3468,1,4714,2720,1994,0,0,0,1.0,1,1.0,1,1.0,1,0.1540903989198965,57
3469,4,4718,2724,1994,0,0,0,1.0,1,1.0,1,1.0,1,0.14848856998580606,53
3470,2,4720,2726,1994,0,0,0,1.0,1,1.0,1,1.0,1,0.16124053914509706,50
3471,3,4723,2728,1995,0,0,0,1.0,1,1.0,1,1.0,1,0.1926354721374673,49
3472,2,4725,2729,1996,0,0,0,1.0,1,1.0,1,1.0,1,0.17064302838627113,47
3473,2,4727,2731,1996,0,0,0,1.0,1,1.0,1,1.0,1,0.22236239440487326,45
3474,1,4728,2732,1996,0,0,0,1.0,1,1.0,1,1.0,1,0.235235586327086,42
3475,4,4732,2734,1998,0,0,0,1.0,1,1.0,1,1.0,1,0.2857661084586181,43
3476,2,4734,2736,1998,0,0,0,1.0,1,1.0,1,1.0,1,0.3003446200334036,41
3477,3,4737,2739,1998,0,0,0,1.0,1,1.0,1,1.0,1,0.2517949146659819,42
3478,2,4739,2741,1998,0,0,0,1.0,1,1.0,1,1.0,1,0.2814908986330699,40
3479,1,4740,2741,1999,0,0,0,1.0,1,1.0,1,1.0,1,0.22795704778174966,40
3480,1,4741,2742,1999,0,0,0,1.0,1,1.0,1,1.0,1,0.23101540899232226,40
3481,4,4745,2742,2003,0,0,0,1.0,1,1.0,1,1.0,1,0.14101645828614937,40
3482,0,4745,2742,2003,0,0,0,1.0,1,1.0,1,1.0,1,0.14101645828614937,40
3483,2,4747,2744,2003,0,0,0,1.0,1,1.0,1,1.0,1,0.19161449727361476,39
3484,0,4747,2744,2003,0,0,0,1.0,1,1.0,1,1.0,1,0.19161449727361476,39
3485,4,4751,2746,2005,0,0,0,1.0,1,1.0,1,1.0,1,0.2718129266250251,40
3486,2,4753,2746,2007,0,0,0,1.0,1,1.0,1,1.0,1,0.24999351757265859,41
3487,1,4754,2747,2007,0,0,0,1.0,1,1.0,1,1.0,1,0.24763148965755225,41
3488,2,4756,2749,2007,0,0,0,1.0,1,1.0,1,1.0,1,0.20250806991170978,42
3489,1,4757,2750,2007,0,0,0,1.0,1,1.0,1,1.0,1,0.18313568710302014,44
3490,0,4757,2750,2007,0,0,0,1.0,1,1.0,1,1.0,1,0.18313568710302014,44
3491,4,4761,2750,2011,0,0,0,1.0,1,1.0,1,1.0,1,0.12463646451194317,45
3492,3,4764,2752,2012,0,0,0,1.0,1,1.0,1,1.0,1,0.06880294474756461,45
3493,1,4765,2752,2013,0,0,0,1.0,1,1.0,1,1.0,1,0.08292093029674481,45
3494,1,4766,2752,2014,0,0,0,1.0,1,1.0,1,1.0,1,0.070820571190011,45
3495,1,4767,2752,2015,0,0,0,1.0,1,1.0,1,1.0,1,0.07948426112137384,45
3496,0,4767,2752,2015,0,0,0,1.0,1,1.0,1,1.0,1,0.10451955930515949,46
3497,0,4767,2752,2015,0,0,0,1.0,1,1.0,1,1.0,1,0.09136820084159912,47
3498,2,4769,2753,2016,0,0,0,1.0,1,1.0,1,1.0,1,0.13488708376909758,48
3499,0,4769,2753,2016,0,0,0,1.0,1,1.0,1,1.0,1,0.15131639859422882,47
3500,1,4770,2753,2017,0,0,0,1.0,1,1.0,1,1.0,1,0.1401492283769472,50
3501,0,4770,2753,2017,0,0,0,1.0,1,1.0,1,1.0,1,0.1401492283769472,50
3502,0,4770,2753,2017,0,0,0,1.0,1,1.0,1,1.0,1,0.1401492283769472,50
3503,0,4770,2753,2017,0,0,0,1.0,1,1.0,1,1.0,1,0.1401492283769472,50
3504,1,4771,2754,2017,0,0,0,1.0,1,1.0,1,1.0,1,0.20603577616874244,47
3505,1,4772,2754,2018,0,0,0,1.0,1,1.0,1,1.0,1,0.2041905735696701,48
3506,0,4772,2754,2018,0,0,0,1.0,1,1.0,1,1.0,1,0.20963449854303537,49
3507,1,4773,2754,2019,0,0,0,1.0,1,1.0,1,1.0,1,0.18433579137942183,46
3508,3,4776,2757,2019,0,0,0,1.0,1,1.0,1,1.0,1,0.2620626699167696,47
3509,0,4776,2757,2019,0,0,0,1.0,1,1.0,1,1.0,1,0.23695766957154463,44
3510,1,4777,2758,2019,0,0,0,1.0,1,1.0,1,1.0,1,0.27033883138547493,45
3511,1,4778,2758,2020,0,0,0,1.0,1,1.0,1,1.0,1,0.2456130559246988,44
3512,0,4778,2758,2020,0,0,0,1.0,1,1.0,1,1.0,1,0.23418338790722232,42
3513,0,4778,2758,2020,0,0,0,1.0,1,1.0,1,1.0,1,0.23418338790722232,42
3514,0,4778,2758,2020,0,0,0,1.0,1,1.0,1,1.0,1,0.22719131176868715,42
3515,2,4780,2758,2022,0,0,0,1.0,1,1.0,1,1.0,1,0.17873613707956656,42
3516,0,4780,2758,2022,0,0,0,1.0,1,1.0,1,1.0,1,0.19222570147854506,41
3517,1,4781,2758,2023,0,0,0,1.0,1,1.0,1,1.0,1,0.16873500774677402,44
3518,0,4781,2758,2023,0,0,0,1.0,1,1.0,1,1.0,1,0.17855967529163352,43
3519,0,4781,2758,2023,0,0,0,1.0,1,1.0,1,1.0,1,0.1679995777415385,44
3520,0,4781,2758,2023,0,0,0,1.0,1,1.0,1,1.0,1,0.1818963333028445,45
3521,1,4782,2758,2024,0,0,0,1.0,1,1.0,1,1.0,1,0.17442789809859527,45
3522,1,4783,2758,2025,0,0,0,1.0,1,1.0,1,1.0,1,0.1671847581208301,46
3523,0,4783,2758,2025,0,0,0,1.0,1,1.0,1,1.0,1,0.1671847581208301,46
3524,0,4783,2758,2025,0,0,0,1.0,1,1.0,1,1.0,1,0.14534477229648457,47
3525,0,4783,2758,2025,0,0,0,1.0,1,1.0,1,1.0,1,0.16151937662601001,48
3526,0,4783,2758,2025,0,0,0,1.0,1,1.0,1,1.0,1,0.14206916310518772,49
3527,2,4785,2760,2025,0,0,0,1.0,1,1.0,1,1.0,1,0.2028678593905375,49
3528,2,4787,2760,2027,0,0,0,1.0,1,1.0,1,1.0,1,0.18543886332882867,51
3529,1,4788,2760,2028,0,0,0,1.0,1,1.0,1,1.0,1,0.17889178362966435,51
3530,1,4789,2760,2029,0,0,0,1.0,1,1.0,1,1.0,1,0.1725057111148596,52
3531,1,4790,2760,2030,0,0,0,1.0,1,1.0,1,1.0,1,0.1660198736353474,52
3532,0,4790,2760,2030,0,0,0,1.0,1,1.0,1,1.0,1,0.1660198736353474,52
3533,0,4790,2760,2030,0,0,0,1.0,1,1.0,1,1.0,1,0.1660198736353474,52
3534,0,4790,2760,2030,0,0,0,1.0,1,1.0,1,1.0,1,0.1660198736353474,52
3535,0,4790,2760,2030,0,0,0,1.0,1,1.0,1,1.0,1,0.1660198736353474,52
3536,0,4790,2760,2030,0,0,0,1.0,1,1.0,1,1.0,1,0.17086690163930887,54
3537,0,4790,2760,2030,0,0,0,1.0,1,1.0,1,1.0,1,0.1705289938684708,55
3538,1,4791,2761,2030,0,0,0,1.0,1,1.0,1,1.0,1,0.17414216769337626,55
3539,2,4793,2761,2032,0,0,0,1.0,1,1.0,1,1.0,1,0.13764214600346036,58
3540,5,4798,2764,2034,0,0,0,1.0,1,1.0,1,1.0,1,0.15917130013382494,59
3541,1,4799,2764,2035,0,0,0,1.0,1,1.0,1,1.0,1,0.15067982969038957,59
3542,2,4801,2766,2035,0,0,0,1.0,1,1.0,1,1.0,1,0.17777860061134912,61
3543,1,4802,2766,2036,0,0,0,1.0,1,1.0,1,1.0,1,0.16197798489712,62
3544,2,4804,2768,2036,0,0,0,1.0,1,1.0,1,1.0,1,0.17711176330551565,59
3545,1,4805,2769,2036,0,0,0,1.0,1,1.0,1,1.0,1,0.19384532176498684,59
3546,0,4805,2769,2036,0,0,0,1.0,1,1.0,1,1.0,1,0.18433436982203594,57
3547,2,4807,2771,2036,0,0,0,1.0,1,1.0,1,1.0,1,0.1867072145851345,53
3548,0,4807,2771,2036,0,0,0,1.0,1,1.0,1,1.0,1,0.1867072145851345,53
3549,0,4807,2771,2036,0,0,0,1.0,1,1.0,1,1.0,1,0.17324516884837168,52
3550,0,4807,2771,2036,0,0,0,1.0,1,1.0,1,1.0,1,0.1911667658545238,51
3551,4,4811,2771,2040,0,0,0,1.0,1,1.0,1,1.0,1,0.14648497696611962,51
3552,2,4813,2771,2042,0,0,0,1.0,1,1.0,1,1.0,1,0.12062940218523278,51
3553,1,4814,2771,2043,0,0,0,1.0,1,1.0,1,1.0,1,0.122279827568988,49
3554,2,4816,2771,2045,0,0,0,1.0,1,1.0,1,1.0,1,0.08605209409377386,49
3555,2,4818,2771,2047,0,0,0,1.0,1,1.0,1,1.0,1,0.0696319334652986,51
3556,2,4820,2771,2049,0,0,0,1.0,1,1.0,1,1.0,1,0.09611671753574998,51
3557,2,4822,2772,2050,0,0,0,1.0,1,1.0,1,1.0,1,0.09212890192192195,52
3558,2,4824,2773,2051,0,0,0,1.0,1,1.0,1,1.0,1,0.10295349751492242,52
3559,0,4824,2773,2051,0,0,0,1.0,1,1.0,1,1.0,1,0.10295349751492242,52
3560,1,4825,2774,2051,0,0,0,1.0,1,1.0,1,1.0,1,0.08118545309903662,53
3561,2,4827,2775,2052,0,0,0,1.0,1,1.0,1,1.0,1,0.08837097500903587,54
3562,2,4829,2777,2052,0,0,0,1.0,1,1.0,1,1.0,1,0.10788494615615087,54
3563,1,4830,2778,2052,0,0,0,1.0,1,1.0,1,1.0,1,0.13234561264174396,55
3564,1,4831,2778,2053,0,0,0,1.0,1,1.0,1,1.0,1,0.09865011461241512,57
3565,0,4831,2778,2053,0,0,0,1.0,1,1.0,1,1.0,1,0.10514354814007401,56
3566,0,4831,2778,2053,0,0,0,1.0,1,1.0,1,1.0,1,0.1181870136574265,57
3567,1,4832,2779,2053,0,0,0,1.0,1,1.0,1,1.0,1,0.12524871355794626,57
3568,0,4832,2779,2053,0,0,0,1.0,1,1.0,1,1.0,1,0.12524871355794626,57
3569,1,4833,2779,2054,0,0,0,1.0,1,1.0,1,1.0,1,0.10297417233668239,57
3570,2,4835,2781,2054,0,0,0,1.0,1,1.0,1,1.0,1,0.14413917286794484,59
3571,2,4837,2781,2056,0,0,0,1.0,1,1.0,1,1.0,1,0.10992769480973803,60
3572,0,4837,2781,2056,0,0,0,1.0,1,1.0,1,1.0,1,0.10057799841621486,61
3573,2,4839,2782,2057,0,0,0,1.0,1,1.0,1,1.0,1,0.10197199614929996,62
3574,0,4839,2782,2057,0,0,0,1.0,1,1.0,1,1.0,1,0.09583105724193479,63
3575,0,4839,2782,2057,0,0,0,1.0,1,1.0,1,1.0,1,0.09583105724193479,63
3576,1,4840,2783,2057,0,0,0,1.0,1,1.0,1,1.0,1,0.11295474397495073,63
3577,0,4840,2783,2057,0,0,0,1.0,1,1.0,1,1.0,1,0.10539605505593858,64
3578,0,4840,2783,2057,0,0,0,1.0,1,1.0,1,1.0,1,0.09617771964080457,64
3579,0,4840,2783,2057,0,0,0,1.0,1,1.0,1,1.0,1,0.09617771964080457,64
3580,0,4840,2783,2057,0,0,0,1.0,1,1.0,1,1.0,1,0.10654251039851274,65
3581,1,4841,2784,2057,0,0,0,1.0,1,1.0,1,1.0,1,0.11443758340242197,68
3582,0,4841,2784,2057,0,0,0,1.0,1,1.0,1,1.0,1,0.13924131825348132,68
3583,4,4845,2788,2057,0,0,0,1.0,1,1.0,1,1.0,1,0.17321067190523412,65
3584,3,4848,2791,2057,0,0,0,1.0,1,1.0,1,1.0,1,0.21570274016218854,64
3585,2,4850,2793,2057,0,0,0,1.0,1,1.0,1,1.0,1,0.19900641734782246,64
3586,6,4856,2797,2059,0,0,0,1.0,1,1.0,1,1.0,1,0.2121222074816441,65
3587,3,4859,2798,2061,0,0,0,1.0,1,1.0,1,1.0,1,0.16188242640147527,64
3588,3,4862,2800,2062,0,0,0,1.0,1,1.0,1,1.0,1,0.15449637855061063,62
3589,5,4867,2803,2064,0,0,0,1.0,1,1.0,1,1.0,1,0.16987169307269168,63
3590,2,4869,2804,2065,0,0,0,1.0,1,1.0,1,1.0,1,0.18249006434283638,63
3591,5,4874,2805,2069,0,0,0,1.0,1,1.0,1,1.0,1,0.1206422573170827,62
3592,1,4875,2806,2069,0,0,0,1.0,1,1.0,1,1.0,1,0.11275023278714433,59
3593,0,4875,2806,2069,0,0,0,1.0,1,1.0,1,1.0,1,0.10143937895541856,58
3594,0,4875,2806,2069,0,0,0,1.0,1,1.0,1,1.0,1,0.1183007605232927,57
3595,0,4875,2806,2069,0,0,0,1.0,1,1.0,1,1.0,1,0.1171654569961753,59
3596,2,4877,2808,2069,0,0,0,1.0,1,1.0,1,1.0,1,0.11825397090231143,57
3597,0,4877,2808,2069,0,0,0,1.0,1,1.0,1,1.0,1,0.1427265382755035,57
3598,1,4878,2809,2069,0,0,0,1.0,1,1.0,1,1.0,1,0.15127298702808908,57
3599,0,4878,2809,2069,0,0,0,1.0,1,1.0,1,1.0,1,0.16040243532090623,58
3600,1,4879,2810,2069,0,0,0,1.0,1,1.0,1,1.0,1,0.16575485695570952,58
3601,8,4887,2811,2076,0,0,0,1.0,1,1.0,1,1.0,1,0.07571020822281684,58
3602,1,4888,2811,2077,0,0,0,1.0,1,1.0,1,1.0,1,0.05639057219637511,60
3603,1,4889,2812,2077,0,0,0,1.0,1,1.0,1,1.0,1,0.0753489860517912,60
3604,2,4891,2813,2078,0,0,0,1.0,1,1.0,1,1.0,1,0.09696065561520882,60
3605,3,4894,2814,2080,0,0,0,1.0,1,1.0,1,1.0,1,0.10999470202911996,61
3606,3,4897,2816,2081,0,0,0,1.0,1,1.0,1,1.0,1,0.09171735704004041,63
3607,1,4898,2817,2081,0,0,0,1.0,1,1.0,1,1.0,1,0.08847827110620504,63
3608,0,4898,2817,2081,0,0,0,1.0,1,1.0,1,1.0,1,0.09602843921757827,64
3609,1,4899,2817,2082,0,0,0,1.0,1,1.0,1,1.0,1,0.10506544508327849,66
3610,3,4902,2819,2083,0,0,0,1.0,1,1.0,1,1.0,1,0.10371373941449592,67
3611,2,4904,2821,2083,0,0,0,1.0,1,1.0,1,1.0,1,0.11956744758160805,67
3612,1,4905,2822,2083,0,0,0,1.0,1,1.0,1,1.0,1,0.13696124550982045,66
3613,1,4906,2822,2084,0,0,0,1.0,1,1.0,1,1.0,1,0.12930163184079524,66
3614,1,4907,2823,2084,0,0,0,1.0,1,1.0,1,1.0,1,0.1392455611475771,65
3615,0,4907,2823,2084,0,0,0,1.0,1,1.0,1,1.0,1,0.12411374880474504,65
3616,0,4907,2823,2084,0,0,0,1.0,1,1.0,1,1.0,1,0.12411374880474504,65
3617,0,4907,2823,2084,0,0,0,1.0,1,1.0,1,1.0,1,0.1251325795654418,66
3618,0,4907,2823,2084,0,0,0,1.0,1,1.0,1,1.0,1,0.1251325795654418,66
3619,1,4908,2824,2084,0,0,0,1.0,1,1.0,1,1.0,1,0.1447165618499081,65
3620,6,4914,2825,2089,0,0,0,1.0,1,1.0,1,1.0,1,0.1425390056529025,66
3621,3,4917,2827,2090,0,0,0,1.0,1,1.0,1,1.0,1,0.1095307740340294,65
3622,1,4918,2827,2091,0,0,0,1.0,1,1.0,1,1.0,1,0.0996499399781329,65
3623,1,4919,2828,2091,0,0,0,1.0,1,1.0,1,1.0,1,0.11076943905163618,62
3624,3,4922,2831,2091,0,0,0,1.0,1,1.0,1,1.0,1,0.13624821326122316,62
3625,3,4925,2833,2092,0,0,0,1.0,1,1.0,1,1.0,1,0.15185939023890918,61
3626,1,4926,2834,2092,0,0,0,1.0,1,1.0,1,1.0,1,0.13502142898351632,58
3627,1,4927,2835,2092,0,0,0,1.0,1,1.0,1,1.0,1,0.1810300472865533,58
3628,1,4928,2836,2092,0,0,0,1.0,1,1.0,1,1.0,1,0.139574394444481,57
3629,2,4930,2838,2092,0,0,0,1.0,1,1.0,1,1.0,1,0.15484726472252697,57
3630,2,4932,2840,2092,0,0,0,1.0,1,1.0,1,1.0,1,0.10836400989374913,56
3631,3,4935,2841,2094,0,0,0,1.0,1,1.0,1,1.0,1,0.09424466240738437,54
3632,2,4937,2842,2095,0,0,0,1.0,1,1.0,1,1.0,1,0.06713354169446677,52
3633,1,4938,2843,2095,0,0,0,1.0,1,1.0,1,1.0,1,0.0933782630913444,52
3634,1,4939,2844,2095,0,0,0,1.0,1,1.0,1,1.0,1,0.11383596664896864,49
3635,1,4940,2845,2095,0,0,0,1.0,1,1.0,1,1.0,1,0.16190683043743145,47
3636,1,4941,2845,2096,0,0,0,1.0,1,1.0,1,1.0,1,0.17626704382738256,48
3637,5,4946,2848,2098,0,0,0,1.0,1,1.0,1,1.0,1,0.2081341220495343,49
3638,0,4946,2848,2098,0,0,0,1.0,1,1.0,1,1.0,1,0.20914629846605948,50
3639,2,4948,2850,2098,0,0,0,1.0,1,1.0,1,1.0,1,0.22105806197320932,52
3640,2,4950,2851,2099,0,0,0,1.0,1,1.0,1,1.0,1,0.238481060129832,52
3641,5,4955,2851,2104,0,0,0,1.0,1,1.0,1,1.0,1,0.16954918727354107,52
3642,1,4956,2851,2105,0,0,0,1.0,1,1.0,1,1.0,1,0.1590878535777633,52
3643,0,4956,2851,2105,0,0,0,1.0,1,1.0,1,1.0,1,0.1590878535777633,52
3644,2,4958,2851,2107,0,0,0,1.0,1,1.0,1,1.0,1,0.1261045298744786,52
3645,2,4960,2852,2108,0,0,0,1.0,1,1.0,1,1.0,1,0.12698862839550626,53
3646,0,4960,2852,2108,0,0,0,1.0,1,1.0,1,1.0,1,0.12698862839550626,53
3647,0,4960,2852,2108,0,0,0,1.0,1,1.0,1,1.0,1,0.14305561274439432,55
3648,1,4961,2852,2109,0,0,0,1.0,1,1.0,1,1.0,1,0.11850743502595618,57
3649,0,4961,2852,2109,0,0,0,1.0,1,1.0,1,1.0,1,0.11850743502595618,57
3650,1,4962,2852,2110,0,0,0,1.0,1,1.0,1,1.0,1,0.12995950892645006,59
3651,1,4963,2852,2111,0,0,0,1.0,1,1.0,1,1.0,1,0.11037820715740607,59
3652,0,4963,2852,2111,0,0,0,1.0,1,1.0,1,1.0,1,0.11037820715740607,59
3653,0,4963,2852,2111,0,0,0,1.0,1,1.0,1,1.0,1,0.11037820715740607,59
3654,2,4965,2852,2113,0,0,0,1.0,1,1.0,1,1.0,1,0.09362310980003305,59
3655,1,4966,2852,2114,0,0,0,1.0,1,1.0,1,1.0,1,0.07861826317513093,62
3656,0,4966,2852,2114,0,0,0,1.0,1,1.0,1,1.0,1,0.07861826317513093,62
3657,1,4967,2853,2114,0,0,0,1.0,1,1.0,1,1.0,1,0.1041367399566906,63
3658,2,4969,2854,2115,0,0,0,1.0,1,1.0,1,1.0,1,0.11952321973097059,63
3659,4,4973,2855,2118,0,0,0,1.0,1,1.0,1,1.0,1,0.10313319878411426,62
3660,3,4976,2857,2119,0,0,0,1.0,1,1.0,1,1.0,1,0.1330233714357184,62
3661,3,4979,2858,2121,0,0,0,1.0,1,1.0,1,1.0,1,0.11180681243118806,61
3662,3,4982,2859,2123,0,0,0,1.0,1,1.0,1,1.0,1,0.11177372100253799,60
3663,1,4983,2860,2123,0,0,0,1.0,1,1.0,1,1.0,1,0.1297876722088083,61
3664,1,4984,2861,2123,0,0,0,1.0,1,1.0,1,1.0,1,0.12742949809492382,58
3665,1,4985,2862,2123,0,0,0,1.0,1,1.0,1,1.0,1,0.15649090054065426,58
3666,0,4985,2862,2123,0,0,0,1.0,1,1.0,1,1.0,1,0.13988372923451534,58
3667,2,4987,2864,2123,0,0,0,1.0,1,1.0,1,1.0,1,0.12328358898886152,58
3668,0,4987,2864,2123,0,0,0,1.0,1,1.0,1,1.0,1,0.12871440154639988,58
3669,1,4988,2865,2123,0,0,0,1.0,1,1.0,1,1.0,1,0.11414089938262628,57
3670,1,4989,2866,2123,0,0,0,1.0,1,1.0,1,1.0,1,0.14428086687987973,56
3671,3,4992,2867,2125,0,0,0,1.0,1,1.0,1,1.0,1,0.1632882355339305,57
3672,2,4994,2868,2126,0,0,0,1.0,1,1.0,1,1.0,1,0.1852747019153741,57
3673,0,4994,2868,2126,0,0,0,1.0,1,1.0,1,1.0,1,0.17189791120942943,58
3674,0,4994,2868,2126,0,0,0,1.0,1,1.0,1,1.0,1,0.18290367413267686,57
3675,0,4994,2868,2126,0,0,0,1.0,1,1.0,1,1.0,1,0.18432550436218195,58
3676,3,4997,2870,2127,0,0,0,1.0,1,1.0,1,1.0,1,0.20340508629976398,59
3677,1,4998,2870,2128,0,0,0,1.0,1,1.0,1,1.0,1,0.1974703820821829,60
3678,4,5002,2870,2132,0,0,0,1.0,1,1.0,1,1.0,1,0.21763691609213892,62
3679,4,5006,2870,2136,0,0,0,1.0,1,1.0,1,1.0,1,0.21763691609213892,62
3680,4,5010,2870,2140,0,0,0,1.0,1,1.0,1,1.0,1,0.19785618236185476,63
3681,2,5012,2870,2142,0,0,0,1.0,1,1.0,1,1.0,1,0.19061952590264647,64
3682,0,5012,2870,2142,0,0,0,1.0,1,1.0,1,1.0,1,0.19061952590264647,64
3683,0,5012,2870,2142,0,0,0,1.0,1,1.0,1,1.0,1,0.19061952590264647,64
3684,2,5014,2871,2143,0,0,0,1.0,1,1.0,1,1.0,1,0.20340611375150405,64
3685,0,5014,2871,2143,0,0,0,1.0,1,1.0,1,1.0,1,0.20340611375150405,64
3686,0,5014,2871,2143,0,0,0,1.0,1,1.0,1,1.0,1,0.19528093669575508,65
3687,0,5014,2871,2143,0,0,0,1.0,1,1.0,1,1.0,1,0.19528093669575508,65
3688,0,5014,2871,2143,0,0,0,1.0,1,1.0,1,1.0,1,0.20465827697152528,66
3689,0,5014,2871,2143,0,0,0,1.0,1,1.0,1,1.0,1,0.20465827697152528,66
3690,2,5016,2871,2145,0,0,0,1.0,1,1.0,1,1.0,1,0.19616516637951684,67
3691,1,5017,2871,2146,0,0,0,1.0,1,1.0,1,1.0,1,0.17959730955532144,68
3692,0,5017,2871,2146,0,0,0,1.0,1,1.0,1,1.0,1,0.17413265748510148,69
3693,0,5017,2871,2146,0,0,0,1.0,1,1.0,1,1.0,1,0.1715305848332227,69
3694,1,5018,2872,2146,0,0,0,1.0,1,1.0,1,1.0,1,0.18812040822308995,70
3695,0,5018,2872,2146,0,0,0,1.0,1,1.0,1,1.0,1,0.18812040822308995,70
3696,2,5020,2874,2146,0,0,0,1.0,1,1.0,1,1.0,1,0.17350225877707856,71
3697,3,5023,2876,2147,0,0,0,1.0,1,1.0,1,1.0,1,0.1870434513949448,70
3698,0,5023,2876,2147,0,0,0,1.0,1,1.0,1,1.0,1,0.18674644869087717,70
3699,1,5024,2877,2147,0,0,0,1.0,1,1.0,1,1.0,1,0.18292940901329832,70
3700,4,5028,2880,2148,0,0,0,1.0,1,1.0,1,1.0,1,0.19755404181957092,68
3701,2,5030,2881,2149,0,0,0,1.0,1,1.0,1,1.0,1,0.20945226773793285,69
3702,1,5031,2882,2149,0,0,0,1.0,1,1.0,1,1.0,1,0.2187501659649435,69
3703,1,5032,2883,2149,0,0,0,1.0,1,1.0,1,1.0,1,0.24905669009486323,70
3704,2,5034,2885,2149,0,0,0,1.0,1,1.0,1,1.0,1,0.2726814937216687,69
3705,1,5035,2885,2150,0,0,0,1.0,1,1.0,1,1.0,1,0.2415721083457053,69
3706,4,5039,2888,2151,0,0,0,1.0,1,1.0,1,1.0,1,0.23038246896988027,69
3707,0,5039,2888,2151,0,0,0,1.0,1,1.0,1,1.0,1,0.21380320414288548,67
3708,1,5040,2889,2151,0,0,0,1.0,1,1.0,1,1.0,1,0.19859565861823922,67
3709,0,5040,2889,2151,0,0,0,1.0,1,1.0,1,1.0,1,0.19859565861823922,67
3710,2,5042,2891,2151,0,0,0,1.0,1,1.0,1,1.0,1,0.1912811449249392,67
3711,0,5042,2891,2151,0,0,0,1.0,1,1.0,1,1.0,1,0.1921874613343657,68
3712,1,5043,2892,2151,0,0,0,1.0,1,1.0,1,1.0,1,0.19993359760145135,68
3713,3,5046,2893,2153,0,0,0,1.0,1,1.0,1,1.0,1,0.17659677901849974,68
3714,0,5046,2893,2153,0,0,0,1.0,1,1.0,1,1.0,1,0.1932204037411118,67
3715,1,5047,2893,2154,0,0,0,1.0,1,1.0,1,1.0,1,0.18604729940862186,68
3716,1,5048,2893,2155,0,0,0,1.0,1,1.0,1,1.0,1,0.18975874339012416,67
3717,1,5049,2894,2155,0,0,0,1.0,1,1.0,1,1.0,1,0.22139224081341977,68
3718,1,5050,2894,2156,0,0,0,1.0,1,1.0,1,1.0,1,0.22339321786435032,68
3719,1,5051,2895,2156,0,0,0,1.0,1,1.0,1,1.0,1,0.2652203812902327,68
3720,0,5051,2895,2156,0,0,0,1.0,1,1.0,1,1.0,1,0.2652203812902327,68
3721,5,5056,2898,2158,0,0,0,1.0,1,1.0,1,1.0,1,0.20995360287376244,70
3722,0,5056,2898,2158,0,0,0,1.0,1,1.0,1,1.0,1,0.21858156850580476,71
3723,4,5060,2898,2162,0,0,0,1.0,1,1.0,1,1.0,1,0.19229203009985946,71
3724,0,5060,2898,2162,0,0,0,1.0,1,1.0,1,1.0,1,0.18702517869285284,72
3725,5,5065,2900,2165,0,0,0,1.0,1,1.0,1,1.0,1,0.21019588591508626,72
3726,2,5067,2900,2167,0,0,0,1.0,1,1.0,1,1.0,1,0.19855599021825865,71
3727,1,5068,2901,2167,0,0,0,1.0,1,1.0,1,1.0,1,0.22132838445463443,71
3728,0,5068,2901,2167,0,0,0,1.0,1,1.0,1,1.0,1,0.233777148673558,70
3729,0,5068,2901,2167,0,0,0,1.0,1,1.0,1,1.0,1,0.233777148673558,70
3730,4,5072,2902,2170,0,0,0,1.0,1,1.0,1,1.0,1,0.243529296496414,71
3731,4,5076,2902,2174,0,0,0,1.0,1,1.0,1,1.0,1,0.21253662282164218,71
3732,0,5076,2902,2174,0,0,0,1.0,1,1.0,1,1.0,1,0.20784129378458804,72
3733,1,5077,2903,2174,0,0,0,1.0,1,1.0,1,1.0,1,0.2222593888496536,73
3734,3,5080,2904,2176,0,0,0,1.0,1,1.0,1,1.0,1,0.23367183428563887,74
3735,2,5082,2905,2177,0,0,0,1.0,1,1.0,1,1.0,1,0.23273211940771354,72
3736,1,5083,2905,2178,0,0,0,1.0,1,1.0,1,1.0,1,0.20255003783846182,72
3737,1,5084,2905,2179,0,0,0,1.0,1,1.0,1,1.0,1,0.19188837734064498,73
3738,0,5084,2905,2179,0,0,0,1.0,1,1.0,1,1.0,1,0.17940936243298936,72
3739,0,5084,2905,2179,0,0,0,1.0,1,1.0,1,1.0,1,0.1736591044284743,73
3740,1,5085,2905,2180,0,0,0,1.0,1,1.0,1,1.0,1,0.1735820127979772,70
3741,0,5085,2905,2180,0,0,0,1.0,1,1.0,1,1.0,1,0.1735820127979772,70
3742,0,5085,2905,2180,0,0,0,1.0,1,1.0,1,1.0,1,0.1735820127979772,70
3743,0,5085,2905,2180,0,0,0,1.0,1,1.0,1,1.0,1,0.20103451169635606,69
3744,5,5090,2907,2183,0,0,0,1.0,1,1.0,1,1.0,1,0.22183621204969445,69
3745,3,5093,2907,2186,0,0,0,1.0,1,1.0,1,1.0,1,0.19776344080726546,68
3746,0,5093,2907,2186,0,0,0,1.0,1,1.0,1,1.0,1,0.21934384635644028,66
3747,0,5093,2907,2186,0,0,0,1.0,1,1.0,1,1.0,1,0.21915676573288334,66
3748,0,5093,2907,2186,0,0,0,1.0,1,1.0,1,1.0,1,0.20356337228816496,65
3749,0,5093,2907,2186,0,0,0,1.0,1,1.0,1,1.0,1,0.20884973202658932,64
3750,2,5095,2909,2186,0,0,0,1.0,1,1.0,1,1.0,1,0.21761946181273226,63
3751,3,5098,2909,2189,0,0,0,1.0,1,1.0,1,1.0,1,0.17002958086258055,64
3752,1,5099,2910,2189,0,0,0,1.0,1,1.0,1,1.0,1,0.16064063182934715,64
3753,4,5103,2910,2193,0,0,0,1.0,1,1.0,1,1.0,1,0.14688741915444242,65
3754,2,5105,2911,2194,0,0,0,1.0,1,1.0,1,1.0,1,0.15967217009693868,65
3755,4,5109,2912,2197,0,0,0,1.0,1,1.0,1,1.0,1,0.18485025248214926,65
3756,0,5109,2912,2197,0,0,0,1.0,1,1.0,1,1.0,1,0.19328705545706956,65
3757,5,5114,2914,2200,0,0,0,1.0,1,1.0,1,1.0,1,0.20881532841194037,65
3758,0,5114,2914,2200,0,0,0,1.0,1,1.0,1,1.0,1,0.21762182806051797,64
3759,1,5115,2915,2200,0,0,0,1.0,1,1.0,1,1.0,1,0.23434866970717586,64
3760,1,5116,2916,2200,0,0,0,1.0,1,1.0,1,1.0,1,0.25354176209718415,63
3761,4,5120,2916,2204,0,0,0,1.0,1,1.0,1,1.0,1,0.21845909608434166,63
3762,0,5120,2916,2204,0,0,0,1.0,1,1.0,1,1.0,1,0.21901507458457464,65
3763,0,5120,2916,2204,0,0,0,1.0,1,1.0,1,1.0,1,0.21901507458457464,65
3764,4,5124,2917,2207,0,0,0,1.0,1,1.0,1,1.0,1,0.19551330213237597,66
3765,1,5125,2917,2208,0,0,0,1.0,1,1.0,1,1.0,1,0.1992687886258894,67
3766,2,5127,2918,2209,0,0,0,1.0,1,1.0,1,1.0,1,0.1882974655718395,67
3767,0,5127,2918,2209,0,0,0,1.0,1,1.0,1,1.0,1,0.18336204801307426,68
3768,5,5132,2920,2212,0,0,0,1.0,1,1.0,1,1.0,1,0.20600850006066704,67
3769,2,5134,2920,2214,0,0,0,1.0,1,1.0,1,1.0,1,0.1867197770171688,69
3770,2,5136,2920,2216,0,0,0,1.0,1,1.0,1,1.0,1,0.1867197770171688,69
3771,7,5143,2921,2222,0,0,0,1.0,1,1.0,1,1.0,1,0.174512708579468,69
3772,2,5145,2921,2224,0,0,0,1.0,1,1.0,1,1.0,1,0.1659466786700131,70
3773,3,5148,2922,2226,0,0,0,1.0,1,1.0,1,1.0,1,0.16905222780777102,68
3774,0,5148,2922,2226,0,0,0,1.0,1,1.0,1,1.0,1,0.16847738030020976,68
3775,2,5150,2923,2227,0,0,0,1.0,1,1.0,1,1.0,1,0.19057935038241847,68
3776,0,5150,2923,2227,0,0,0,1.0,1,1.0,1,1.0,1,0.18121364767031078,66
3777,1,5151,2924,2227,0,0,0,1.0,1,1.0,1,1.0,1,0.16946731559938852,65
3778,1,5152,2925,2227,0,0,0,1.0,1,1.0,1,1.0,1,0.14798597604627217,65
3779,1,5153,2926,2227,0,0,0,1.0,1,1.0,1,1.0,1,0.17210762260623697,65
3780,1,5154,2927,2227,0,0,0,1.0,1,1.0,1,1.0,1,0.1505615867635413,64
3781,2,5156,2927,2229,0,0,0,1.0,1,1.0,1,1.0,1,0.13414601084003494,64
3782,0,5156,2927,2229,0,0,0,1.0,1,1.0,1,1.0,1,0.14408584123400042,67
3783,0,5156,2927,2229,0,0,0,1.0,1,1.0,1,1.0,1,0.13988976266396186,65
3784,1,5157,2927,2230,0,0,0,1.0,1,1.0,1,1.0,1,0.13344670834081843,65
3785,2,5159,2929,2230,0,0,0,1.0,1,1.0,1,1.0,1,0.17136854336619511,63
3786,2,5161,2929,2232,0,0,0,1.0,1,1.0,1,1.0,1,0.1472065915999289,66
3787,1,5162,2930,2232,0,0,0,1.0,1,1.0,1,1.0,1,0.1790560242311325,65
3788,1,5163,2930,2233,0,0,0,1.0,1,1.0,1,1.0,1,0.17012902386062234,65
3789,3,5166,2932,2234,0,0,0,1.0,1,1.0,1,1.0,1,0.18198433937808164,65
3790,1,5167,2933,2234,0,0,0,1.0,1,1.0,1,1.0,1,0.21552981772903915,64
3791,2,5169,2934,2235,0,0,0,1.0,1,1.0,1,1.0,1,0.20031714519232338,64
3792,3,5172,2937,2235,0,0,0,1.0,1,1.0,1,1.0,1,0.21277156698209324,65
3793,3,5175,2938,2237,0,0,0,1.0,1,1.0,1,1.0,1,0.20873457656616692,68
3794,2,5177,2939,2238,0,0,0,1.0,1,1.0,1,1.0,1,0.21332740481561221,68
3795,2,5179,2939,2240,0,0,0,1.0,1,1.0,1,1.0,1,0.1918120340028249,69
3796,0,5179,2939,2240,0,0,0,1.0,1,1.0,1,1.0,1,0.1918120340028249,69
3797,4,5183,2939,2244,0,0,0,1.0,1,1.0,1,1.0,1,0.18163813109787708,70
3798,1,5184,2939,2245,0,0,0,1.0,1,1.0,1,1.0,1,0.17440800649554075,70
3799,0,5184,2939,2245,0,0,0,1.0,1,1.0,1,1.0,1,0.1849204175055381,69
3800,0,5184,2939,2245,0,0,0,1.0,1,1.0,1,1.0,1,0.1849204175055381,69
3801,6,5190,2939,2251,0,0,0,1.0,1,1.0,1,1.0,1,0.15870331737558402,67
3802,3,5193,2939,2254,0,0,0,1.0,1,1.0,1,1.0,1,0.1379056273212323,67
3803,1,5194,2939,2255,0,0,0,1.0,1,1.0,1,1.0,1,0.13527373738039727,69
3804,0,5194,2939,2255,0,0,0,1.0,1,1.0,1,1.0,1,0.136616918770252,70
3805,0,5194,2939,2255,0,0,0,1.0,1,1.0,1,1.0,1,0.1448383931746244,71
3806,0,5194,2939,2255,0,0,0,1.0,1,1.0,1,1.0,1,0.1448383931746244,71
3807,2,5196,2939,2257,0,0,0,1.0,1,1.0,1,1.0,1,0.13977658557982597,72
3808,0,5196,2939,2257,0,0,0,1.0,1,1.0,1,1.0,1,0.13977658557982597,72
3809,1,5197,2940,2257,0,0,0,1.0,1,1.0,1,1.0,1,0.1656770150463422,72
3810,4,5201,2941,2260,0,0,0,1.0,1,1.0,1,1.0,1,0.16800059762303993,72
3811,2,5203,2942,2261,0,0,0,1.0,1,1.0,1,1.0,1,0.15938558226431795,71
3812,1,5204,2942,2262,0,0,0,1.0,1,1.0,1,1.0,1,0.15962501388344486,72
3813,2,5206,2943,2263,0,0,0,1.0,1,1.0,1,1.0,1,0.16481425535815253,71
3814,0,5206,2943,2263,0,0,0,1.0,1,1.0,1,1.0,1,0.17480136888963263,72
3815,0,5206,2943,2263,0,0,0,1.0,1,1.0,1,1.0,1,0.15363194973714564,71
3816,0,5206,2943,2263,0,0,0,1.0,1,1.0,1,1.0,1,0.14354372201907167,69
3817,1,5207,2944,2263,0,0,0,1.0,1,1.0,1,1.0,1,0.1765889785682586,72
3818,1,5208,2945,2263,0,0,0,1.0,1,1.0,1,1.0,1,0.17300241415983522,72
3819,1,5209,2946,2263,0,0,0,1.0,1,1.0,1,1.0,1,0.18636129461899537,72
3820,2,5211,2947,2264,0,0,0,1.0,1,1.0,1,1.0,1,0.17973301422516796,72
3821,1,5212,2948,2264,0,0,0,1.0,1,1.0,1,1.0,1,0.1988744778361846,72
3822,0,5212,2948,2264,0,0,0,1.0,1,1.0,1,1.0,1,0.19882342402547035,69
3823,0,5212,2948,2264,0,0,0,1.0,1,1.0,1,1.0,1,0.19882342402547035,69
3824,2,5214,2948,2266,0,0,0,1.0,1,1.0,1,1.0,1,0.20972916691929197,65
3825,0,5214,2948,2266,0,0,0,1.0,1,1.0,1,1.0,1,0.22065217916434995,64
3826,1,5215,2948,2267,0,0,0,1.0,1,1.0,1,1.0,1,0.2134252279932359,65
3827,0,5215,2948,2267,0,0,0,1.0,1,1.0,1,1.0,1,0.2227714598802825,64
3828,0,5215,2948,2267,0,0,0,1.0,1,1.0,1,1.0,1,0.21062709396655488,65
3829,1,5216,2949,2267,0,0,0,1.0,1,1.0,1,1.0,1,0.2376893911303948,65
3830,0,5216,2949,2267,0,0,0,1.0,1,1.0,1,1.0,1,0.24512443884001248,64
3831,4,5220,2949,2271,0,0,0,1.0,1,1.0,1,1.0,1,0.22100134030473165,63
3832,1,5221,2950,2271,0,0,0,1.0,1,1.0,1,1.0,1,0.22701261900230532,64
3833,3,5224,2952,2272,0,0,0,1.0,1,1.0,1,1.0,1,0.2040896173547586,64
3834,1,5225,2952,2273,0,0,0,1.0,1,1.0,1,1.0,1,0.21525955062427582,63
3835,0,5225,2952,2273,0,0,0,1.0,1,1.0,1,1.0,1,0.2140407705347948,63
3836,2,5227,2954,2273,0,0,0,1.0,1,1.0,1,1.0,1,0.21348080131755603,63
3837,2,5229,2955,2274,0,0,0,1.0,1,1.0,1,1.0,1,0.21600258972337288,62
3838,2,5231,2957,2274,0,0,0,1.0,1,1.0,1,1.0,1,0.23116654212221488,62
3839,2,5233,2958,2275,0,0,0,1.0,1,1.0,1,1.0,1,0.23729821923885147,60
3840,1,5234,2958,2276,0,0,0,1.0,1,1.0,1,1.0,1,0.241157244016171,62
3841,3,5237,2958,2279,0,0,0,1.0,1,1.0,1,1.0,1,0.19318704175999252,62
3842,2,5239,2958,2281,0,0,0,1.0,1,1.0,1,1.0,1,0.1477563707993787,63
3843,1,5240,2958,2282,0,0,0,1.0,1,1.0,1,1.0,1,0.13513764469724282,64
3844,2,5242,2958,2284,0,0,0,1.0,1,1.0,1,1.0,1,0.11304017538989887,65
3845,1,5243,2958,2285,0,0,0,1.0,1,1.0,1,1.0,1,0.10567630637114202,66
3846,4,5247,2958,2289,0,0,0,1.0,1,1.0,1,1.0,1,0.10455670290528986,67
3847,1,5248,2958,2290,0,0,0,1.0,1,1.0,1,1.0,1,0.09629958308722654,67
3848,1,5249,2959,2290,0,0,0,1.0,1,1.0,1,1.0,1,0.10181215629471563,67
3849,1,5250,2959,2291,0,0,0,1.0,1,1.0,1,1.0,1,0.07739910798386304,67
3850,2,5252,2961,2291,0,0,0,1.0,1,1.0,1,1.0,1,0.09820511977879819,68
3851,5,5257,2963,2294,0,0,0,1.0,1,1.0,1,1.0,1,0.08360552769275732,68
3852,0,5257,2963,2294,0,0,0,1.0,1,1.0,1,1.0,1,0.09390578798305647,70
3853,2,5259,2965,2294,0,0,0,1.0,1,1.0,1,1.0,1,0.13581087379261655,70
3854,3,5262,2967,2295,0,0,0,1.0,1,1.0,1,1.0,1,0.14409775686409695,70
3855,1,5263,2968,2295,0,0,0,1.0,1,1.0,1,1.0,1,0.15651174329971457,69
3856,2,5265,2969,2296,0,0,0,1.0,1,1.0,1,1.0,1,0.17022634736487607,70
3857,4,5269,2971,2298,0,0,0,1.0,1,1.0,1,1.0,1,0.18252563720551937,68
3858,0,5269,2971,2298,0,0,0,1.0,1,1.0,1,1.0,1,0.17243593130145254,67
3859,0,5269,2971,2298,0,0,0,1.0,1,1.0,1,1.0,1,0.15041784902308772,66
3860,1,5270,2971,2299,0,0,0,1.0,1,1.0,1,1.0,1,0.13966603580403023,66
3861,1,5271,2971,2300,0,0,0,1.0,1,1.0,1,1.0,1,0.12722225227145628,66
3862,0,5271,2971,2300,0,0,0,1.0,1,1.0,1,1.0,1,0.12722225227145628,66
3863,1,5272,2972,2300,0,0,0,1.0,1,1.0,1,1.0,1,0.1410783048022402,63
3864,1,5273,2973,2300,0,0,0,1.0,1,1.0,1,1.0,1,0.14692797910044775,63
3865,0,5273,2973,2300,0,0,0,1.0,1,1.0,1,1.0,1,0.1604491130349296,61
3866,0,5273,2973,2300,0,0,0,1.0,1,1.0,1,1.0,1,0.17065453085190643,61
3867,0,5273,2973,2300,0,0,0,1.0,1,1.0,1,1.0,1,0.17860202324363936,60
3868,3,5276,2976,2300,0,0,0,1.0,1,1.0,1,1.0,1,0.20385592873975283,59
3869,0,5276,2976,2300,0,0,0,1.0,1,1.0,1,1.0,1,0.19970837181696982,61
3870,1,5277,2977,2300,0,0,0,1.0,1,1.0,1,1.0,1,0.19846618532219198,61
3871,5,5282,2978,2304,0,0,0,1.0,1,1.0,1,1.0,1,0.16413068968117625,64
3872,1,5283,2978,2305,0,0,0,1.0,1,1.0,1,1.0,1,0.16144858775026877,63
3873,1,5284,2978,2306,0,0,0,1.0,1,1.0,1,1.0,1,0.1616376636140223,62
3874,0,5284,2978,2306,0,0,0,1.0,1,1.0,1,1.0,1,0.15632422003769794,63
3875,0,5284,2978,2306,0,0,0,1.0,1,1.0,1,1.0,1,0.15368899394084834,61
3876,0,5284,2978,2306,0,0,0,1.0,1,1.0,1,1.0,1,0.1461076195736505,62
3877,3,5287,2980,2307,0,0,0,1.0,1,1.0,1,1.0,1,0.16096399314617557,63
3878,0,5287,2980,2307,0,0,0,1.0,1,1.0,1,1.0,1,0.16096399314617557,63
3879,1,5288,2981,2307,0,0,0,1.0,1,1.0,1,1.0,1,0.16675744500045586,63
3880,1,5289,2982,2307,0,0,0,1.0,1,1.0,1,1.0,1,0.14948485237795167,65
3881,1,5290,2983,2307,0,0,0,1.0,1,1.0,1,1.0,1,0.17146232685356447,65
3882,2,5292,2985,2307,0,0,0,1.0,1,1.0,1,1.0,1,0.17729879097951567,66
3883,2,5294,2986,2308,0,0,0,1.0,1,1.0,1,1.0,1,0.1869216182996272,66
3884,2,5296,2987,2309,0,0,0,1.0,1,1.0,1,1.0,1,0.21055691262506587,66
3885,2,5298,2988,2310,0,0,0,1.0,1,1.0,1,1.0,1,0.22007605659983195,66
3886,1,5299,2989,2310,0,0,0,1.0,1,1.0,1,1.0,1,0.2270748238843295,65
3887,0,5299,2989,2310,0,0,0,1.0,1,1.0,1,1.0,1,0.21530383175315712,65
3888,2,5301,2990,2311,0,0,0,1.0,1,1.0,1,1.0,1,0.21389527394984673,66
3889,1,5302,2991,2311,0,0,0,1.0,1,1.0,1,1.0,1,0.21462870343175136,64
3890,3,5305,2993,2312,0,0,0,1.0,1,1.0,1,1.0,1,0.21135140139560915,63
3891,4,5309,2994,2315,0,0,0,1.0,1,1.0,1,1.0,1,0.1590854603770396,66
3892,2,5311,2994,2317,0,0,0,1.0,1,1.0,1,1.0,1,0.1245681938165907,67
3893,0,5311,2994,2317,0,0,0,1.0,1,1.0,1,1.0,1,0.12306200922452502,66
3894,3,5314,2996,2318,0,0,0,1.0,1,1.0,1,1.0,1,0.13684465136948076,67
3895,2,5316,2996,2320,0,0,0,1.0,1,1.0,1,1.0,1,0.1233408166155579,66
3896,1,5317,2997,2320,0,0,0,1.0,1,1.0,1,1.0,1,0.1326451043469793,66
3897,3,5320,2997,2323,0,0,0,1.0,1,1.0,1,1.0,1,0.10614338296063307,65
3898,2,5322,2999,2323,0,0,0,1.0,1,1.0,1,1.0,1,0.17476469035220807,65
3899,3,5325,3001,2324,0,0,0,1.0,1,1.0,1,1.0,1,0.19199990324142444,64
3900,2,5327,3002,2325,0,0,0,1.0,1,1.0,1,1.0,1,0.21788160230353368,63
3901,4,5331,3004,2327,0,0,0,1.0,1,1.0,1,1.0,1,0.2104010323495298,63
3902,1,5332,3004,2328,0,0,0,1.0,1,1.0,1,1.0,1,0.21168611857177222,64
3903,2,5334,3004,2330,0,0,0,1.0,1,1.0,1,1.0,1,0.18181832027641476,64
3904,0,5334,3004,2330,0,0,0,1.0,1,1.0,1,1.0,1,0.1878862922768299,63
3905,1,5335,3004,2331,0,0,0,1.0,1,1.0,1,1.0,1,0.17110270185182977,63
3906,1,5336,3005,2331,0,0,0,1.0,1,1.0,1,1.0,1,0.14888813095966705,64
3907,0,5336,3005,2331,0,0,0,1.0,1,1.0,1,1.0,1,0.16485153567477812,64
3908,0,5336,3005,2331,0,0,0,1.0,1,1.0,1,1.0,1,0.17456341822119245,63
3909,0,5336,3005,2331,0,0,0,1.0,1,1.0,1,1.0,1,0.1894760310286965,62
3910,0,5336,3005,2331,0,0,0,1.0,1,1.0,1,1.0,1,0.202231228896131,62
3911,4,5340,3006,2334,0,0,0,1.0,1,1.0,1,1.0,1,0.18415286692523944,64
3912,1,5341,3007,2334,0,0,0,1.0,1,1.0,1,1.0,1,0.2107190567519944,64
3913,2,5343,3007,2336,0,0,0,1.0,1,1.0,1,1.0,1,0.20912731737483595,65
3914,1,5344,3007,2337,0,0,0,1.0,1,1.0,1,1.0,1,0.2071135121289789,65
3915,1,5345,3008,2337,0,0,0,1.0,1,1.0,1,1.0,1,0.19031654307611157,66
3916,2,5347,3010,2337,0,0,0,1.0,1,1.0,1,1.0,1,0.21032255466650138,66
3917,1,5348,3010,2338,0,0,0,1.0,1,1.0,1,1.0,1,0.20341394991164433,66
3918,2,5350,3011,2339,0,0,0,1.0,1,1.0,1,1.0,1,0.19872690760682601,67
3919,0,5350,3011,2339,0,0,0,1.0,1,1.0,1,1.0,1,0.19307420125007763,68
3920,1,5351,3012,2339,0,0,0,1.0,1,1.0,1,1.0,1,0.17751818961587987,69
3921,2,5353,3012,2341,0,0,0,1.0,1,1.0,1,1.0,1,0.17422081528509956,68
3922,3,5356,3014,2342,0,0,0,1.0,1,1.0,1,1.0,1,0.1991208122919991,68
3923,1,5357,3014,2343,0,0,0,1.0,1,1.0,1,1.0,1,0.201395374244238,69
3924,3,5360,3015,2345,0,0,0,1.0,1,1.0,1,1.0,1,0.1808417244374267,69
3925,3,5363,3017,2346,0,0,0,1.0,1,1.0,1,1.0,1,0.2043509919418519,67
3926,1,5364,3017,2347,0,0,0,1.0,1,1.0,1,1.0,1,0.20572146568290242,67
3927,0,5364,3017,2347,0,0,0,1.0,1,1.0,1,1.0,1,0.2161397467423057,65
3928,1,5365,3017,2348,0,0,0,1.0,1,1.0,1,1.0,1,0.21025114503202672,65
3929,2,5367,3019,2348,0,0,0,1.0,1,1.0,1,1.0,1,0.20946703180553808,64
3930,0,5367,3019,2348,0,0,0,1.0,1,1.0,1,1.0,1,0.203812202828169,64
3931,3,5370,3021,2349,0,0,0,1.0,1,1.0,1,1.0,1,0.1631349376183467,62
3932,0,5370,3021,2349,0,0,0,1.0,1,1.0,1,1.0,1,0.1631349376183467,62
3933,0,5370,3021,2349,0,0,0,1.0,1,1.0,1,1.0,1,0.1631349376183467,62
3934,2,5372,3022,2350,0,0,0,1.0,1,1.0,1,1.0,1,0.1381685690152648,61
3935,1,5373,3022,2351,0,0,0,1.0,1,1.0,1,1.0,1,0.13527581727550858,64
3936,0,5373,3022,2351,0,0,0,1.0,1,1.0,1,1.0,1,0.14286621125857935,65
3937,1,5374,3022,2352,0,0,0,1.0,1,1.0,1,1.0,1,0.11918823814877422,66
3938,0,5374,3022,2352,0,0,0,1.0,1,1.0,1,1.0,1,0.11918823814877422,66
3939,0,5374,3022,2352,0,0,0,1.0,1,1.0,1,1.0,1,0.1301631281547459,67
3940,1,5375,3022,2353,0,0,0,1.0,1,1.0,1,1.0,1,0.10946697416550094,69
3941,0,5375,3022,2353,0,0,0,1.0,1,1.0,1,1.0,1,0.10946697416550094,69
3942,1,5376,3023,2353,0,0,0,1.0,1,1.0,1,1.0,1,0.1278431796461454,69
3943,1,5377,3024,2353,0,0,0,1.0,1,1.0,1,1.0,1,0.15843980869054336,68
3944,2,5379,3024,2355,0,0,0,1.0,1,1.0,1,1.0,1,0.15663332387568746,68
3945,4,5383,3027,2356,0,0,0,1.0,1,1.0,1,1.0,1,0.15713580655558687,67
3946,2,5385,3029,2356,0,0,0,1.0,1,1.0,1,1.0,1,0.18994836110322771,67
3947,2,5387,3030,2357,0,0,0,1.0,1,1.0,1,1.0,1,0.185228182001202,66
3948,3,5390,3032,2358,0,0,0,1.0,1,1.0,1,1.0,1,0.16331699980631584,67
3949,4,5394,3036,2358,0,0,0,1.0,1,1.0,1,1.0,1,0.26156984928650057,66
3950,5,5399,3037,2362,0,0,0,1.0,1,1.0,1,1.0,1,0.25995348487877895,65
3951,4,5403,3037,2366,0,0,0,1.0,1,1.0,1,1.0,1,0.22562417975300927,65
3952,3,5406,3038,2368,0,0,0,1.0,1,1.0,1,1.0,1,0.20475862506048245,65
3953,1,5407,3038,2369,0,0,0,1.0,1,1.0,1,1.0,1,0.20819239400039993,65
3954,1,5408,3038,2370,0,0,0,1.0,1,1.0,1,1.0,1,0.20802781676235524,64
3955,2,5410,3039,2371,0,0,0,1.0,1,1.0,1,1.0,1,0.21071155457955912,64
3956,0,5410,3039,2371,0,0,0,1.0,1,1.0,1,1.0,1,0.20656440500049628,63
3957,0,5410,3039,2371,0,0,0,1.0,1,1.0,1,1.0,1,0.20656440500049628,63
3958,1,5411,3039,2372,0,0,0,1.0,1,1.0,1,1.0,1,0.2036929953420272,63
3959,1,5412,3040,2372,0,0,0,1.0,1,1.0,1,1.0,1,0.19638573027990164,62
3960,0,5412,3040,2372,0,0,0,1.0,1,1.0,1,1.0,1,0.19638573027990164,62
3961,4,5416,3042,2374,0,0,0,1.0,1,1.0,1,1.0,1,0.18914236723453573,64
3962,0,5416,3042,2374,0,0,0,1.0,1,1.0,1,1.0,1,0.18914236723453573,64
3963,4,5420,3045,2375,0,0,0,1.0,1,1.0,1,1.0,1,0.2050709560822063,62
3964,1,5421,3045,2376,0,0,0,1.0,1,1.0,1,1.0,1,0.18556206547209855,63
3965,2,5423,3045,2378,0,0,0,1.0,1,1.0,1,1.0,1,0.15173475450093657,63
3966,1,5424,3045,2379,0,0,0,1.0,1,1.0,1,1.0,1,0.13241700773859466,62
3967,2,5426,3045,2381,0,0,0,1.0,1,1.0,1,1.0,1,0.11464972179653693,64
3968,0,5426,3045,2381,0,0,0,1.0,1,1.0,1,1.0,1,0.10657450287521054,63
3969,1,5427,3045,2382,0,0,0,1.0,1,1.0,1,1.0,1,0.096847846061829,63
3970,1,5428,3046,2382,0,0,0,1.0,1,1.0,1,1.0,1,0.09205969175279717,65
3971,1,5429,3046,2383,0,0,0,1.0,1,1.0,1,1.0,1,0.08567186480567966,65
3972,3,5432,3048,2384,0,0,0,1.0,1,1.0,1,1.0,1,0.12961558885384947,66
3973,0,5432,3048,2384,0,0,0,1.0,1,1.0,1,1.0,1,0.12961558885384947,66
3974,4,5436,3049,2387,0,0,0,1.0,1,1.0,1,1.0,1,0.12629720754452187,66
3975,3,5439,3052,2387,0,0,0,1.0,1,1.0,1,1.0,1,0.13487359466477544,66
3976,2,5441,3053,2388,0,0,0,1.0,1,1.0,1,1.0,1,0.14614494684612517,66
3977,3,5444,3055,2389,0,0,0,1.0,1,1.0,1,1.0,1,0.1420087827036737,64
3978,4,5448,3058,2390,0,0,0,1.0,1,1.0,1,1.0,1,0.17101966595507154,63
3979,1,5449,3058,2391,0,0,0,1.0,1,1.0,1,1.0,1,0.18494963698408742,63
3980,0,5449,3058,2391,0,0,0,1.0,1,1.0,1,1.0,1,0.18494963698408742,63
3981,4,5453,3058,2395,0,0,0,1.0,1,1.0,1,1.0,1,0.15120804169165772,64
3982,0,5453,3058,2395,0,0,0,1.0,1,1.0,1,1.0,1,0.14630076658660526,65
3983,0,5453,3058,2395,0,0,0,1.0,1,1.0,1,1.0,1,0.15174943731318993,64
3984,1,5454,3058,2396,0,0,0,1.0,1,1.0,1,1.0,1,0.14840107443770809,65
3985,0,5454,3058,2396,0,0,0,1.0,1,1.0,1,1.0,1,0.1624222281248965,64
3986,0,5454,3058,2396,0,0,0,1.0,1,1.0,1,1.0,1,0.16840550129767698,63
3987,0,5454,3058,2396,0,0,0,1.0,1,1.0,1,1.0,1,0.1770564841540809,63
3988,0,5454,3058,2396,0,0,0,1.0,1,1.0,1,1.0,1,0.17562239605258936,63
3989,2,5456,3059,2397,0,0,0,1.0,1,1.0,1,1.0,1,0.18029419304071204,63
3990,1,5457,3060,2397,0,0,0,1.0,1,1.0,1,1.0,1,0.21060491220596161,62
3991,2,5459,3060,2399,0,0,0,1.0,1,1.0,1,1.0,1,0.17483355069663417,62
3992,0,5459,3060,2399,0,0,0,1.0,1,1.0,1,1.0,1,0.16576820160755412,65
3993,0,5459,3060,2399,0,0,0,1.0,1,1.0,1,1.0,1,0.16576820160755412,65
3994,1,5460,3060,2400,0,0,0,1.0,1,1.0,1,1.0,1,0.1525562967965456,64
3995,0,5460,3060,2400,0,0,0,1.0,1,1.0,1,1.0,1,0.1525562967965456,64
3996,1,5461,3060,2401,0,0,0,1.0,1,1.0,1,1.0,1,0.13281306276502655,67
3997,1,5462,3061,2401,0,0,0,1.0,1,1.0,1,1.0,1,0.13519046830557196,69
3998,2,5464,3062,2402,0,0,0,1.0,1,1.0,1,1.0,1,0.14119045154606552,69
3999,2,5466,3064,2402,0,0,0,1.0,1,1.0,1,1.0,1,0.14525742836790773,69
4000,1,5467,3064,2403,0,0,0,1.0,1,1.0,1,1.0,1,0.1105926144410344,69
4001,1,5468,3064,2404,0,0,0,1.0,1,1.0,1,1.0,1,0.09577693982892037,68
4002,0,5468,3064,2404,0,0,0,1.0,1,1.0,1,1.0,1,0.08922876569225097,68
4003,3,5471,3066,2405,0,0,0,1.0,1,1.0,1,1.0,1,0.12241722792182445,68
4004,5,5476,3069,2407,0,0,0,1.0,1,1.0,1,1.0,1,0.09274964921466747,67
4005,1,5477,3070,2407,0,0,0,1.0,1,1.0,1,1.0,1,0.1085992732352721,67
4006,4,5481,3073,2408,0,0,0,1.0,1,1.0,1,1.0,1,0.11063970480041259,67
4007,2,5483,3074,2409,0,0,0,1.0,1,1.0,1,1.0,1,0.1223184142832845,67
4008,3,5486,3076,2410,0,0,0,1.0,1,1.0,1,1.0,1,0.1262591480801392,67
4009,2,5488,3078,2410,0,0,0,1.0,1,1.0,1,1.0,1,0.14499635939262498,67
4010,1,5489,3079,2410,0,0,0,1.0,1,1.0,1,1.0,1,0.15206812116111848,66
4011,4,5493,3081,2412,0,0,0,1.0,1,1.0,1,1.0,1,0.12848955922332653,66
4012,3,5496,3083,2413,0,0,0,1.0,1,1.0,1,1.0,1,0.13328149532074113,66
4013,1,5497,3083,2414,0,0,0,1.0,1,1.0,1,1.0,1,0.10583430087503684,66
4014,2,5499,3084,2415,0,0,0,1.0,1,1.0,1,1.0,1,0.09577987850170928,66
4015,0,5499,3084,2415,0,0,0,1.0,1,1.0,1,1.0,1,0.11727151141887926,64
4016,1,5500,3085,2415,0,0,0,1.0,1,1.0,1,1.0,1,0.1588173765846918,64
4017,3,5503,3087,2416,0,0,0,1.0,1,1.0,1,1.0,1,0.17427403068366148,66
4018,1,5504,3087,2417,0,0,0,1.0,1,1.0,1,1.0,1,0.18271916846872246,67
4019,1,5505,3088,2417,0,0,0,1.0,1,1.0,1,1.0,1,0.19799691084183707,67
4020,1,5506,3088,2418,0,0,0,1.0,1,1.0,1,1.0,1,0.20973189966140393,66
4021,1,5507,3089,2418,0,0,0,1.0,1,1.0,1,1.0,1,0.2204808833978243,66
4022,0,5507,3089,2418,0,0,0,1.0,1,1.0,1,1.0,1,0.2204808833978243,66
4023,1,5508,3090,2418,0,0,0,1.0,1,1.0,1,1.0,1,0.2202806832615326,66
4024,2,5510,3091,2419,0,0,0,1.0,1,1.0,1,1.0,1,0.2153974190717185,66
4025,1,5511,3091,2420,0,0,0,1.0,1,1.0,1,1.0,1,0.18822821063028675,66
4026,0,5511,3091,2420,0,0,0,1.0,1,1.0,1,1.0,1,0.18862120468042898,66
4027,1,5512,3092,2420,0,0,0,1.0,1,1.0,1,1.0,1,0.20773283118176664,64
4028,4,5516,3095,2421,0,0,0,1.0,1,1.0,1,1.0,1,0.22292910491635176,63
4029,0,5516,3095,2421,0,0,0,1.0,1,1.0,1,1.0,1,0.23916732768507926,62
4030,2,5518,3096,2422,0,0,0,1.0,1,1.0,1,1.0,1,0.18823874589107428,63
4031,2,5520,3096,2424,0,0,0,1.0,1,1.0,1,1.0,1,0.1619933039743254,62
4032,1,5521,3097,2424,0,0,0,1.0,1,1.0,1,1.0,1,0.17975309695180544,62
4033,0,5521,3097,2424,0,0,0,1.0,1,1.0,1,1.0,1,0.1919136192862349,61
4034,4,5525,3099,2426,0,0,0,1.0,1,1.0,1,1.0,1,0.20281701323545895,60
4035,0,5525,3099,2426,0,0,0,1.0,1,1.0,1,1.0,1,0.21659146120812922,59
4036,3,5528,3101,2427,0,0,0,1.0,1,1.0,1,1.0,1,0.22637135738025596,58
4037,3,5531,3103,2428,0,0,0,1.0,1,1.0,1,1.0,1,0.22584757097470662,59
4038,1,5532,3103,2429,0,0,0,1.0,1,1.0,1,1.0,1,0.2126238425074073,58
4039,0,5532,3103,2429,0,0,0,1.0,1,1.0,1,1.0,1,0.23703488328692132,56
4040,0,5532,3103,2429,0,0,0,1.0,1,1.0,1,1.0,1,0.24585137114835032,55
4041,6,5538,3105,2433,0,0,0,1.0,1,1.0,1,1.0,1,0.24699255912032672,54
4042,1,5539,3106,2433,0,0,0,1.0,1,1.0,1,1.0,1,0.2558855737118287,56
4043,1,5540,3107,2433,0,0,0,1.0,1,1.0,1,1.0,1,0.2812875342482961,56
4044,3,5543,3108,2435,0,0,0,1.0,1,1.0,1,1.0,1,0.2905430429402254,56
4045,6,5549,3110,2439,0,0,0,1.0,1,1.0,1,1.0,1,0.31491634755539893,57
4046,6,5555,3110,2445,0,0,0,1.0,1,1.0,1,1.0,1,0.32404849104588496,59
4047,8,5563,3112,2451,0,0,0,1.0,1,1.0,1,1.0,1,0.34239950416914844,59
4048,5,5568,3112,2456,0,0,0,1.0,1,1.0,1,1.0,1,0.3670889777712049,59
4049,4,5572,3112,2460,0,0,0,1.0,1,1.0,1,1.0,1,0.33348259064781477,60
4050,8,5580,3112,2468,0,0,0,1.0,1,1.0,1,1.0,1,0.3120809485876795,60
4051,1,5581,3113,2468,0,0,0,1.0,1,1.0,1,1.0,1,0.32102459386456556,60
4052,0,5581,3113,2468,0,0,0,1.0,1,1.0,1,1.0,1,0.32102459386456556,60
4053,0,5581,3113,2468,0,0,0,1.0,1,1.0,1,1.0,1,0.32102459386456556,60
4054,1,5582,3114,2468,0,0,0,1.0,1,1.0,1,1.0,1,0.3188640936509028,61
4055,0,5582,3114,2468,0,0,0,1.0,1,1.0,1,1.0,1,0.3188640936509028,61
4056,0,5582,3114,2468,0,0,0,1.0,1,1.0,1,1.0,1,0.3270942883639185,62
4057,0,5582,3114,2468,0,0,0,1.0,1,1.0,1,1.0,1,0.32614374901708365,63
4058,0,5582,3114,2468,0,0,0,1.0,1,1.0,1,1.0,1,0.34140248460341915,64
4059,0,5582,3114,2468,0,0,0,1.0,1,1.0,1,1.0,1,0.35877750919268286,63
4060,0,5582,3114,2468,0,0,0,1.0,1,1.0,1,1.0,1,0.35877750919268286,63
4061,0,5582,3114,2468,0,0,0,1.0,1,1.0,1,1.0,1,0.36435424742238814,63
4062,0,5582,3114,2468,0,0,0,1.0,1,1.0,1,1.0,1,0.35445302068650086,65
4063,1,5583,3114,2469,0,0,0,1.0,1,1.0,1,1.0,1,0.3124234281168238,64
4064,1,5584,3114,2470,0,0,0,1.0,1,1.0,1,1.0,1,0.30196270800963987,65
4065,3,5587,3115,2472,0,0,0,1.0,1,1.0,1,1.0,1,0.2646050055860864,64
4066,1,5588,3115,2473,0,0,0,1.0,1,1.0,1,1.0,1,0.2523284243063879,64
4067,4,5592,3117,2475,0,0,0,1.0,1,1.0,1,1.0,1,0.22068814067112855,63
4068,2,5594,3118,2476,0,0,0,1.0,1,1.0,1,1.0,1,0.202237942120413,64
4069,6,5600,3121,2479,0,0,0,1.0,1,1.0,1,1.0,1,0.24347598941590567,62
4070,4,5604,3123,2481,0,0,0,1.0,1,1.0,1,1.0,1,0.22816115604695644,61
4071,9,5613,3126,2487,0,0,0,1.0,1,1.0,1,1.0,1,0.2457162670580162,61
4072,4,5617,3127,2490,0,0,0,1.0,1,1.0,1,1.0,1,0.24646169138511378,60
4073,2,5619,3127,2492,0,0,0,1.0,1,1.0,1,1.0,1,0.22625446967412946,60
4074,4,5623,3129,2494,0,0,0,1.0,1,1.0,1,1.0,1,0.25548029978204073,60
4075,0,5623,3129,2494,0,0,0,1.0,1,1.0,1,1.0,1,0.2366946763602816,59
4076,0,5623,3129,2494,0,0,0,1.0,1,1.0,1,1.0,1,0.23695618348973777,60
4077,1,5624,3130,2494,0,0,0,1.0,1,1.0,1,1.0,1,0.23495530214222718,61
4078,2,5626,3131,2495,0,0,0,1.0,1,1.0,1,1.0,1,0.23737457914932264,60
4079,0,5626,3131,2495,0,0,0,1.0,1,1.0,1,1.0,1,0.2546071772892512,58
4080,1,5627,3132,2495,0,0,0,1.0,1,1.0,1,1.0,1,0.261410696931547,56
4081,5,5632,3133,2499,0,0,0,1.0,1,1.0,1,1.0,1,0.21936681688712223,56
4082,2,5634,3133,2501,0,0,0,1.0,1,1.0,1,1.0,1,0.22173656388802065,55
4083,0,5634,3133,2501,0,0,0,1.0,1,1.0,1,1.0,1,0.22173656388802065,55
4084,3,5637,3134,2503,0,0,0,1.0,1,1.0,1,1.0,1,0.20789214463487699,55
4085,2,5639,3135,2504,0,0,0,1.0,1,1.0,1,1.0,1,0.21241371667037823,56
4086,1,5640,3136,2504,0,0,0,1.0,1,1.0,1,1.0,1,0.22502070101699065,57
4087,3,5643,3138,2505,0,0,0,1.0,1,1.0,1,1.0,1,0.2345397910351899,57
4088,1,5644,3138,2506,0,0,0,1.0,1,1.0,1,1.0,1,0.22975942506527294,57
4089,0,5644,3138,2506,0,0,0,1.0,1,1.0,1,1.0,1,0.2509676658109628,56
4090,2,5646,3139,2507,0,0,0,1.0,1,1.0,1,1.0,1,0.26945691701252955,56
4091,3,5649,3139,2510,0,0,0,1.0,1,1.0,1,1.0,1,0.25196516114047657,56
4092,1,5650,3139,2511,0,0,0,1.0,1,1.0,1,1.0,1,0.23989573535639908,57
4093,4,5654,3139,2515,0,0,0,1.0,1,1.0,1,1.0,1,0.20689208089821753,58
4094,1,5655,3139,2516,0,0,0,1.0,1,1.0,1,1.0,1,0.18463032500934223,57
4095,3,5658,3139,2519,0,0,0,1.0,1,1.0,1,1.0,1,0.17679252373103083,57
4096,0,5658,3139,2519,0,0,0,1.0,1,1.0,1,1.0,1,0.18450074820253717,59
4097,0,5658,3139,2519,0,0,0,1.0,1,1.0,1,1.0,1,0.18450074820253717,59
4098,2,5660,3141,2519,0,0,0,1.0,1,1.0,1,1.0,1,0.16542448503686816,59
4099,2,5662,3143,2519,0,0,0,1.0,1,1.0,1,1.0,1,0.15198540133676575,60
4100,2,5664,3144,2520,0,0,0,1.0,1,1.0,1,1.0,1,0.1562604206098067,60
4101,5,5669,3145,2524,0,0,0,1.0,1,1.0,1,1.0,1,0.10929062784842399,60
4102,3,5672,3148,2524,0,0,0,1.0,1,1.0,1,1.0,1,0.16741393816946898,60
4103,2,5674,3149,2525,0,0,0,1.0,1,1.0,1,1.0,1,0.19893511621777724,58
4104,3,5677,3150,2527,0,0,0,1.0,1,1.0,1,1.0,1,0.16454983920655467,60
4105,0,5677,3150,2527,0,0,0,1.0,1,1.0,1,1.0,1,0.170503196042828,59
4106,2,5679,3151,2528,0,0,0,1.0,1,1.0,1,1.0,1,0.1721530008045767,61
4107,0,5679,3151,2528,0,0,0,1.0,1,1.0,1,1.0,1,0.17898488667962245,59
4108,1,5680,3152,2528,0,0,0,1.0,1,1.0,1,1.0,1,0.17773811469421846,60
4109,1,5681,3152,2529,0,0,0,1.0,1,1.0,1,1.0,1,0.16639406814259253,59
4110,1,5682,3153,2529,0,0,0,1.0,1,1.0,1,1.0,1,0.16661834092556158,60
4111,2,5684,3153,2531,0,0,0,1.0,1,1.0,1,1.0,1,0.14838713199921394,61
4112,1,5685,3154,2531,0,0,0,1.0,1,1.0,1,1.0,1,0.159748062253719,60
4113,3,5688,3154,2534,0,0,0,1.0,1,1.0,1,1.0,1,0.09534492460046352,61
4114,0,5688,3154,2534,0,0,0,1.0,1,1.0,1,1.0,1,0.0833554065948589,62
4115,2,5690,3154,2536,0,0,0,1.0,1,1.0,1,1.0,1,0.1013755518716109,60
4116,0,5690,3154,2536,0,0,0,1.0,1,1.0,1,1.0,1,0.09865308560802181,59
4117,2,5692,3156,2536,0,0,0,1.0,1,1.0,1,1.0,1,0.10919498226799175,56
4118,0,5692,3156,2536,0,0,0,1.0,1,1.0,1,1.0,1,0.12889984118464096,55
4119,1,5693,3157,2536,0,0,0,1.0,1,1.0,1,1.0,1,0.1574778198556269,53
4120,3,5696,3159,2537,0,0,0,1.0,1,1.0,1,1.0,1,0.13858571118538604,52
4121,7,5703,3165,2538,0,0,0,1.0,1,1.0,1,1.0,1,0.10425348472076816,53
4122,1,5704,3166,2538,0,0,0,1.0,1,1.0,1,1.0,1,0.13804300595965022,52
4123,4,5708,3169,2539,0,0,0,1.0,1,1.0,1,1.0,1,0.15224496379756905,51
4124,1,5709,3169,2540,0,0,0,1.0,1,1.0,1,1.0,1,0.14137153874208014,51
4125,1,5710,3170,2540,0,0,0,1.0,1,1.0,1,1.0,1,0.14973068675762277,50
4126,2,5712,3171,2541,0,0,0,1.0,1,1.0,1,1.0,1,0.16898597572736965,50
4127,1,5713,3172,2541,0,0,0,1.0,1,1.0,1,1.0,1,0.1729677503368806,49
4128,1,5714,3173,2541,0,0,0,1.0,1,1.0,1,1.0,1,0.16531128042669369,49
4129,0,5714,3173,2541,0,0,0,1.0,1,1.0,1,1.0,1,0.16531128042669369,49
4130,1,5715,3174,2541,0,0,0,1.0,1,1.0,1,1.0,1,0.14383859521034345,50
4131,2,5717,3176,2541,0,0,0,1.0,1,1.0,1,1.0,1,0.1810654783915144,50
4132,1,5718,3176,2542,0,0,0,1.0,1,1.0,1,1.0,1,0.15370749337773515,50
4133,2,5720,3178,2542,0,0,0,1.0,1,1.0,1,1.0,1,0.1404124167698323,51
4134,2,5722,3180,2542,0,0,0,1.0,1,1.0,1,1.0,1,0.14458982529300993,53
4135,1,5723,3181,2542,0,0,0,1.0,1,1.0,1,1.0,1,0.15526163122493805,54
4136,0,5723,3181,2542,0,0,0,1.0,1,1.0,1,1.0,1,0.15526163122493805,54
4137,1,5724,3182,2542,0,0,0,1.0,1,1.0,1,1.0,1,0.13114445426426746,55
4138,1,5725,3183,2542,0,0,0,1.0,1,1.0,1,1.0,1,0.14941517406587734,54
4139,1,5726,3184,2542,0,0,0,1.0,1,1.0,1,1.0,1,0.16105469373055542,54
4140,0,5726,3184,2542,0,0,0,1.0,1,1.0,1,1.0,1,0.14403232184089795,55
4141,0,5726,3184,2542,0,0,0,1.0,1,1.0,1,1.0,1,0.1521826566629522,55
4142,0,5726,3184,2542,0,0,0,1.0,1,1.0,1,1.0,1,0.1521826566629522,55
4143,2,5728,3184,2544,0,0,0,1.0,1,1.0,1,1.0,1,0.12645644072289328,53
4144,0,5728,3184,2544,0,0,0,1.0,1,1.0,1,1.0,1,0.1458406820652341,52
4145,2,5730,3184,2546,0,0,0,1.0,1,1.0,1,1.0,1,0.12594976448705866,51
4146,4,5734,3187,2547,0,0,0,1.0,1,1.0,1,1.0,1,0.14239298930164465,51
4147,2,5736,3188,2548,0,0,0,1.0,1,1.0,1,1.0,1,0.139459291382747,50
4148,2,5738,3190,2548,0,0,0,1.0,1,1.0,1,1.0,1,0.1754288959761611,52
4149,0,5738,3190,2548,0,0,0,1.0,1,1.0,1,1.0,1,0.15542069688766727,53
4150,2,5740,3192,2548,0,0,0,1.0,1,1.0,1,1.0,1,0.17516333444976306,53
4151,1,5741,3193,2548,0,0,0,1.0,1,1.0,1,1.0,1,0.18184240588865502,53
4152,1,5742,3194,2548,0,0,0,1.0,1,1.0,1,1.0,1,0.16983842159484902,54
4153,2,5744,3196,2548,0,0,0,1.0,1,1.0,1,1.0,1,0.1962609789233358,51
4154,2,5746,3196,2550,0,0,0,1.0,1,1.0,1,1.0,1,0.1468817101556902,51
4155,2,5748,3198,2550,0,0,0,1.0,1,1.0,1,1.0,1,0.1706649649425517,51
4156,7,5755,3202,2553,0,0,0,1.0,1,1.0,1,1.0,1,0.18677463887733536,52
4157,1,5756,3202,2554,0,0,0,1.0,1,1.0,1,1.0,1,0.16441501071373635,52
4158,1,5757,3203,2554,0,0,0,1.0,1,1.0,1,1.0,1,0.18342752237609392,52
4159,2,5759,3205,2554,0,0,0,1.0,1,1.0,1,1.0,1,0.19030131894328606,52
4160,4,5763,3209,2554,0,0,0,1.0,1,1.0,1,1.0,1,0.22794583761195505,50
4161,2,5765,3210,2555,0,0,0,1.0,1,1.0,1,1.0,1,0.24001008675546218,50
4162,1,5766,3211,2555,0,0,0,1.0,1,1.0,1,1.0,1,0.2599096003976378,51
4163,2,5768,3212,2556,0,0,0,1.0,1,1.0,1,1.0,1,0.24072321452150186,48
4164,2,5770,3214,2556,0,0,0,1.0,1,1.0,1,1.0,1,0.2586087555071758,50
4165,1,5771,3214,2557,0,0,0,1.0,1,1.0,1,1.0,1,0.23822152574052707,49
4166,4,5775,3217,2558,0,0,0,1.0,1,1.0,1,1.0,1,0.2169033967495594,50
4167,0,5775,3217,2558,0,0,0,1.0,1,1.0,1,1.0,1,0.21706104116565436,50
4168,1,5776,3217,2559,0,0,0,1.0,1,1.0,1,1.0,1,0.22625370898653027,50
4169,1,5777,3217,2560,0,0,0,1.0,1,1.0,1,1.0,1,0.19997659127283132,51
4170,0,5777,3217,2560,0,0,0,1.0,1,1.0,1,1.0,1,0.2181933642214656,50
4171,4,5781,3219,2562,0,0,0,1.0,1,1.0,1,1.0,1,0.22411449015842239,50
4172,1,5782,3219,2563,0,0,0,1.0,1,1.0,1,1.0,1,0.23037225564094485,49
4173,2,5784,3219,2565,0,0,0,1.0,1,1.0,1,1.0,1,0.21800323885614317,48
4174,2,5786,3220,2566,0,0,0,1.0,1,1.0,1,1.0,1,0.22309142654729883,48
4175,2,5788,3220,2568,0,0,0,1.0,1,1.0,1,1.0,1,0.1967476527809464,48
4176,1,5789,3220,2569,0,0,0,1.0,1,1.0,1,1.0,1,0.18369695359657914,50
4177,1,5790,3220,2570,0,0,0,1.0,1,1.0,1,1.0,1,0.17421476844628445,52
4178,2,5792,3221,2571,0,0,0,1.0,1,1.0,1,1.0,1,0.1583693825697681,53
4179,1,5793,3222,2571,0,0,0,1.0,1,1.0,1,1.0,1,0.14474571564666083,54
4180,0,5793,3222,2571,0,0,0,1.0,1,1.0,1,1.0,1,0.14613268125220244,55
4181,3,5796,3222,2574,0,0,0,1.0,1,1.0,1,1.0,1,0.09725042122555465,56
4182,0,5796,3222,2574,0,0,0,1.0,1,1.0,1,1.0,1,0.09725042122555465,56
4183,3,5799,3223,2576,0,0,0,1.0,1,1.0,1,1.0,1,0.08387920636119513,57
4184,1,5800,3223,2577,0,0,0,1.0,1,1.0,1,1.0,1,0.08591651901057491,57
4185,0,5800,3223,2577,0,0,0,1.0,1,1.0,1,1.0,1,0.08630630557966294,54
4186,2,5802,3224,2578,0,0,0,1.0,1,1.0,1,1.0,1,0.10430557730029526,55
4187,0,5802,3224,2578,0,0,0,1.0,1,1.0,1,1.0,1,0.10853085236673651,53
4188,0,5802,3224,2578,0,0,0,1.0,1,1.0,1,1.0,1,0.10853085236673651,53
4189,0,5802,3224,2578,0,0,0,1.0,1,1.0,1,1.0,1,0.11108478027533608,53
4190,3,5805,3227,2578,0,0,0,1.0,1,1.0,1,1.0,1,0.13051031154938877,53
4191,3,5808,3228,2580,0,0,0,1.0,1,1.0,1,1.0,1,0.09717677872961711,51
4192,4,5812,3231,2581,0,0,0,1.0,1,1.0,1,1.0,1,0.09427411488285697,51
4193,2,5814,3233,2581,0,0,0,1.0,1,1.0,1,1.0,1,0.09494643330750284,50
4194,1,5815,3234,2581,0,0,0,1.0,1,1.0,1,1.0,1,0.10770378187989824,50
4195,2,5817,3235,2582,0,0,0,1.0,1,1.0,1,1.0,1,0.11323609484234855,50
4196,2,5819,3237,2582,0,0,0,1.0,1,1.0,1,1.0,1,0.11261416649449738,51
4197,1,5820,3238,2582,0,0,0,1.0,1,1.0,1,1.0,1,0.14171669346770127,50
4198,1,5821,3239,2582,0,0,0,1.0,1,1.0,1,1.0,1,0.1680873304639461,48
4199,1,5822,3239,2583,0,0,0,1.0,1,1.0,1,1.0,1,0.20043878715432406,48
4200,0,5822,3239,2583,0,0,0,1.0,1,1.0,1,1.0,1,0.21270848953834945,48
4201,3,5825,3240,2585,0,0,0,1.0,1,1.0,1,1.0,1,0.2160071386405878,47
4202,0,5825,3240,2585,0,0,0,1.0,1,1.0,1,1.0,1,0.2160071386405878,47
4203,0,5825,3240,2585,0,0,0,1.0,1,1.0,1,1.0,1,0.2160071386405878,47
4204,2,5827,3242,2585,0,0,0,1.0,1,1.0,1,1.0,1,0.25868454347936415,48
4205,2,5829,3242,2587,0,0,0,1.0,1,1.0,1,1.0,1,0.21253627322236948,49
4206,1,5830,3243,2587,0,0,0,1.0,1,1.0,1,1.0,1,0.24470129232333512,49
4207,0,5830,3243,2587,0,0,0,1.0,1,1.0,1,1.0,1,0.2341700007413576,48
4208,3,5833,3245,2588,0,0,0,1.0,1,1.0,1,1.0,1,0.23569921428450671,49
4209,3,5836,3247,2589,0,0,0,1.0,1,1.0,1,1.0,1,0.24676835117203222,51
4210,3,5839,3248,2591,0,0,0,1.0,1,1.0,1,1.0,1,0.250696727054727,52
4211,3,5842,3249,2593,0,0,0,1.0,1,1.0,1,1.0,1,0.23727904442793812,53
4212,1,5843,3249,2594,0,0,0,1.0,1,1.0,1,1.0,1,0.20011187530924926,53
4213,0,5843,3249,2594,0,0,0,1.0,1,1.0,1,1.0,1,0.20573641605848,54
4214,0,5843,3249,2594,0,0,0,1.0,1,1.0,1,1.0,1,0.19829902136295174,54
4215,0,5843,3249,2594,0,0,0,1.0,1,1.0,1,1.0,1,0.19829902136295174,54
4216,1,5844,3249,2595,0,0,0,1.0,1,1.0,1,1.0,1,0.18294401809255909,53
4217,1,5845,3250,2595,0,0,0,1.0,1,1.0,1,1.0,1,0.20869578386343596,54
4218,2,5847,3251,2596,0,0,0,1.0,1,1.0,1,1.0,1,0.22592601816024677,53
4219,0,5847,3251,2596,0,0,0,1.0,1,1.0,1,1.0,1,0.22592601816024677,53
4220,0,5847,3251,2596,0,0,0,1.0,1,1.0,1,1.0,1,0.23327150607866118,53
4221,1,5848,3252,2596,0,0,0,1.0,1,1.0,1,1.0,1,0.25389815847018726,54
4222,3,5851,3254,2597,0,0,0,1.0,1,1.0,1,1.0,1,0.2733720594064731,55
4223,1,5852,3255,2597,0,0,0,1.0,1,1.0,1,1.0,1,0.2736832875317814,56
4224,1,5853,3255,2598,0,0,0,1.0,1,1.0,1,1.0,1,0.2755698165423388,55
4225,1,5854,3256,2598,0,0,0,1.0,1,1.0,1,1.0,1,0.2659985502577733,53
4226,1,5855,3257,2598,0,0,0,1.0,1,1.0,1,1.0,1,0.28760954446760156,54
4227,0,5855,3257,2598,0,0,0,1.0,1,1.0,1,1.0,1,0.2888088449486667,52
4228,1,5856,3258,2598,0,0,0,1.0,1,1.0,1,1.0,1,0.27729315573456315,51
4229,1,5857,3259,2598,0,0,0,1.0,1,1.0,1,1.0,1,0.29065583772213477,48
4230,2,5859,3260,2599,0,0,0,1.0,1,1.0,1,1.0,1,0.2729625405967002,48
4231,1,5860,3261,2599,0,0,0,1.0,1,1.0,1,1.0,1,0.2604920970448188,48
4232,1,5861,3262,2599,0,0,0,1.0,1,1.0,1,1.0,1,0.23565839569878472,48
4233,1,5862,3262,2600,0,0,0,1.0,1,1.0,1,1.0,1,0.18695137572058393,48
4234,0,5862,3262,2600,0,0,0,1.0,1,1.0,1,1.0,1,0.17996503765811145,49
4235,0,5862,3262,2600,0,0,0,1.0,1,1.0,1,1.0,1,0.17729773247458047,47
4236,1,5863,3262,2601,0,0,0,1.0,1,1.0,1,1.0,1,0.13436574125148823,47
4237,2,5865,3262,2603,0,0,0,1.0,1,1.0,1,1.0,1,0.1049183273803451,48
4238,0,5865,3262,2603,0,0,0,1.0,1,1.0,1,1.0,1,0.11615834352355763,47
4239,2,5867,3262,2605,0,0,0,1.0,1,1.0,1,1.0,1,0.09891603679430895,48
4240,0,5867,3262,2605,0,0,0,1.0,1,1.0,1,1.0,1,0.11152479749270955,47
4241,1,5868,3262,2606,0,0,0,1.0,1,1.0,1,1.0,1,0.07820262016727562,49
4242,0,5868,3262,2606,0,0,0,1.0,1,1.0,1,1.0,1,0.07424349182753112,49
4243,1,5869,3262,2607,0,0,0,1.0,1,1.0,1,1.0,1,0.06400281057524208,50
4244,1,5870,3262,2608,0,0,0,1.0,1,1.0,1,1.0,1,0.05967100704529208,51
4245,1,5871,3262,2609,0,0,0,1.0,1,1.0,1,1.0,1,0.06472135110300954,51
4246,0,5871,3262,2609,0,0,0,1.0,1,1.0,1,1.0,1,0.06472135110300954,51
4247,0,5871,3262,2609,0,0,0,1.0,1,1.0,1,1.0,1,0.06761250942275167,52
4248,1,5872,3263,2609,0,0,0,1.0,1,1.0,1,1.0,1,0.04692802642387226,52
4249,0,5872,3263,2609,0,0,0,1.0,1,1.0,1,1.0,1,0.04692802642387226,52
4250,3,5875,3266,2609,0,0,0,1.0,1,1.0,1,1.0,1,0.1077422438058248,52
4251,6,5881,3270,2611,0,0,0,1.0,1,1.0,1,1.0,1,0.07556778579188554,53
4252,4,5885,3274,2611,0,0,0,1.0,1,1.0,1,1.0,1,0.14352044060423988,53
4253,3,5888,3276,2612,0,0,0,1.0,1,1.0,1,1.0,1,0.12954258230105745,54
4254,2,5890,3278,2612,0,0,0,1.0,1,1.0,1,1.0,1,0.15822869516327745,54
4255,2,5892,3279,2613,0,0,0,1.0,1,1.0,1,1.0,1,0.16805970148864557,55
4256,2,5894,3280,2614,0,0,0,1.0,1,1.0,1,1.0,1,0.10989413476128372,57
4257,0,5894,3280,2614,0,0,0,1.0,1,1.0,1,1.0,1,0.10989413476128372,57
4258,2,5896,3281,2615,0,0,0,1.0,1,1.0,1,1.0,1,0.08255074541647112,57
4259,0,5896,3281,2615,0,0,0,1.0,1,1.0,1,1.0,1,0.08255074541647112,57
4260,1,5897,3282,2615,0,0,0,1.0,1,1.0,1,1.0,1,0.09021947916306636,58
4261,3,5900,3283,2617,0,0,0,1.0,1,1.0,1,1.0,1,0.08686324450195822,59
4262,0,5900,3283,2617,0,0,0,1.0,1,1.0,1,1.0,1,0.07588560972383054,60
4263,0,5900,3283,2617,0,0,0,1.0,1,1.0,1,1.0,1,0.06571506665241256,59
4264,0,5900,3283,2617,0,0,0,1.0,1,1.0,1,1.0,1,0.06253709373822305,58
4265,1,5901,3284,2617,0,0,0,1.0,1,1.0,1,1.0,1,0.04067727145179436,58
4266,1,5902,3285,2617,0,0,0,1.0,1,1.0,1,1.0,1,0.05400527978484254,58
4267,1,5903,3286,2617,0,0,0,1.0,1,1.0,1,1.0,1,0.06080597518636368,55
4268,0,5903,3286,2617,0,0,0,1.0,1,1.0,1,1.0,1,0.06080597518636368,55
4269,2,5905,3288,2617,0,0,0,1.0,1,1.0,1,1.0,1,0.09309416271213514,50
4270,1,5906,3289,2617,0,0,0,1.0,1,1.0,1,1.0,1,0.10119252583049243,47
4271,4,5910,3291,2619,0,0,0,1.0,1,1.0,1,1.0,1,0.10464385637153988,47
4272,1,5911,3291,2620,0,0,0,1.0,1,1.0,1,1.0,1,0.07255282440052718,46
4273,2,5913,3293,2620,0,0,0,1.0,1,1.0,1,1.0,1,0.13567280338949905,47
4274,5,5918,3296,2622,0,0,0,1.0,1,1.0,1,1.0,1,0.05788468010684686,45
4275,4,5922,3300,2622,0,0,0,1.0,1,1.0,1,1.0,1,0.10290525087271998,44
4276,4,5926,3303,2623,0,0,0,1.0,1,1.0,1,1.0,1,0.15103053040750758,43
4277,3,5929,3306,2623,0,0,0,1.0,1,1.0,1,1.0,1,0.23542159924859013,42
4278,1,5930,3307,2623,0,0,0,1.0,1,1.0,1,1.0,1,0.25107113113017865,43
4279,5,5935,3309,2626,0,0,0,1.0,1,1.0,1,1.0,1,0.30107172589427295,42
4280,3,5938,3311,2627,0,0,0,1.0,1,1.0,1,1.0,1,0.3195179166319783,44
4281,14,5952,3313,2639,0,0,0,1.0,1,1.0,1,1.0,1,0.06462795470304034,44
4282,0,5952,3313,2639,0,0,0,1.0,1,1.0,1,1.0,1,0.06462795470304034,44
4283,0,5952,3313,2639,0,0,0,1.0,1,1.0,1,1.0,1,0.04116383988179318,45
4284,0,5952,3313,2639,0,0,0,1.0,1,1.0,1,1.0,1,0.04116383988179318,45
4285,0,5952,3313,2639,0,0,0,1.0,1,1.0,1,1.0,1,0.047623846246139696,47
4286,2,5954,3315,2639,0,0,0,1.0,1,1.0,1,1.0,1,0.025317782095605243,47
4287,2,5956,3316,2640,0,0,0,1.0,1,1.0,1,1.0,1,0.0032613775042443305,49
4288,0,5956,3316,2640,0,0,0,1.0,1,1.0,1,1.0,1,0.0032613775042443305,49
4289,1,5957,3317,2640,0,0,0,1.0,1,1.0,1,1.0,1,0.02797257466312087,50
4290,2,5959,3319,2640,0,0,0,1.0,1,1.0,1,1.0,1,0.01990119553945494,51
4291,2,5961,3321,2640,0,0,0,1.0,1,1.0,1,1.0,1,0.02116325658610803,50
4292,2,5963,3323,2640,0,0,0,1.0,1,1.0,1,1.0,1,0.05532345506998815,51
4293,0,5963,3323,2640,0,0,0,1.0,1,1.0,1,1.0,1,0.026976768858286808,51
4294,0,5963,3323,2640,0,0,0,1.0,1,1.0,1,1.0,1,0.031927380519054686,50
4295,0,5963,3323,2640,0,0,0,1.0,1,1.0,1,1.0,1,0.015195196492210664,50
4296,0,5963,3323,2640,0,0,0,1.0,1,1.0,1,1.0,1,0.03322220990394984,49
4297,0,5963,3323,2640,0,0,0,1.0,1,1.0,1,1.0,1,0.04736616666202136,49
4298,0,5963,3323,2640,0,0,0,1.0,1,1.0,1,1.0,1,0.04736616666202136,49
4299,0,5963,3323,2640,0,0,0,1.0,1,1.0,1,1.0,1,0.058914074794084836,48
4300,1,5964,3324,2640,0,0,0,1.0,1,1.0,1,1.0,1,0.026736579552967227,49
4301,2,5966,3326,2640,0,0,0,1.0,1,1.0,1,1.0,1,0.03895639526050114,50
4302,0,5966,3326,2640,0,0,0,1.0,1,1.0,1,1.0,1,0.050745463620425285,51
4303,2,5968,3328,2640,0,0,0,1.0,1,1.0,1,1.0,1,0.0650947579546285,51
4304,0,5968,3328,2640,0,0,0,1.0,1,1.0,1,1.0,1,0.07960888805632307,51
4305,5,5973,3333,2640,0,0,0,1.0,1,1.0,1,1.0,1,0.09705473364665902,49
4306,1,5974,3334,2640,0,0,0,1.0,1,1.0,1,1.0,1,0.10650381487301151,49
4307,4,5978,3338,2640,0,0,0,1.0,1,1.0,1,1.0,1,0.1758366213148267,46
4308,1,5979,3339,2640,0,0,0,1.0,1,1.0,1,1.0,1,0.21150383808301923,44
4309,6,5985,3343,2642,0,0,0,1.0,1,1.0,1,1.0,1,0.16584233510326327,44
4310,0,5985,3343,2642,0,0,0,1.0,1,1.0,1,1.0,1,0.19852871023463914,42
4311,7,5992,3345,2647,0,0,0,1.0,1,1.0,1,1.0,1,0.08876436203944361,42
4312,0,5992,3345,2647,0,0,0,1.0,1,1.0,1,1.0,1,0.12993207191698627,40
4313,1,5993,3346,2647,0,0,0,1.0,1,1.0,1,1.0,1,0.11681289111559019,40
4314,3,5996,3349,2647,0,0,0,1.0,1,1.0,1,1.0,1,0.10128423602717848,36
4315,1,5997,3350,2647,0,0,0,1.0,1,1.0,1,1.0,1,0.08935216344199498,37
4316,2,5999,3352,2647,0,0,0,1.0,1,1.0,1,1.0,1,0.07610282710653127,37
4317,0,5999,3352,2647,0,0,0,1.0,1,1.0,1,1.0,1,0.08659595119212339,36
4318,1,6000,3353,2647,0,0,0,1.0,1,1.0,1,1.0,1,0.11294457199138702,34
4319,1,6001,3354,2647,0,0,0,1.0,1,1.0,1,1.0,1,0.13615333445803898,34
4320,0,6001,3354,2647,0,0,0,1.0,1,1.0,1,1.0,1,0.13615333445803898,34
4321,3,6004,3355,2649,0,0,0,1.0,1,1.0,1,1.0,1,0.10316245313915552,35
4322,0,6004,3355,2649,0,0,0,1.0,1,1.0,1,1.0,1,0.10316245313915552,35
4323,2,6006,3356,2650,0,0,0,1.0,1,1.0,1,1.0,1,0.14957415462183624,35
4324,0,6006,3356,2650,0,0,0,1.0,1,1.0,1,1.0,1,0.1751223577350285,34
4325,3,6009,3358,2651,0,0,0,1.0,1,1.0,1,1.0,1,0.13805868619870157,34
4326,1,6010,3359,2651,0,0,0,1.0,1,1.0,1,1.0,1,0.15340128119768126,36
4327,0,6010,3359,2651,0,0,0,1.0,1,1.0,1,1.0,1,0.17086904906486952,35
4328,2,6012,3361,2651,0,0,0,1.0,1,1.0,1,1.0,1,0.14567215424456442,35
4329,1,6013,3362,2651,0,0,0,1.0,1,1.0,1,1.0,1,0.1277294419689406,38
4330,2,6015,3364,2651,0,0,0,1.0,1,1.0,1,1.0,1,0.15234102595280602,38
4331,2,6017,3364,2653,0,0,0,1.0,1,1.0,1,1.0,1,0.11727169131622826,39
4332,0,6017,3364,2653,0,0,0,1.0,1,1.0,1,1.0,1,0.1345802653106356,40
4333,0,6017,3364,2653,0,0,0,1.0,1,1.0,1,1.0,1,0.11606798441957115,41
4334,2,6019,3364,2655,0,0,0,1.0,1,1.0,1,1.0,1,0.07523571170571035,41
4335,2,6021,3366,2655,0,0,0,1.0,1,1.0,1,1.0,1,0.0798853845189622,42
4336,1,6022,3366,2656,0,0,0,1.0,1,1.0,1,1.0,1,0.08274137645286449,43
4337,0,6022,3366,2656,0,0,0,1.0,1,1.0,1,1.0,1,0.07996245347151128,44
4338,0,6022,3366,2656,0,0,0,1.0,1,1.0,1,1.0,1,0.07996245347151128,44
4339,2,6024,3368,2656,0,0,0,1.0,1,1.0,1,1.0,1,0.09237731561873096,46
4340,0,6024,3368,2656,0,0,0,1.0,1,1.0,1,1.0,1,0.07220570738762792,47
4341,2,6026,3369,2657,0,0,0,1.0,1,1.0,1,1.0,1,0.07134974295343295,47
4342,1,6027,3370,2657,0,0,0,1.0,1,1.0,1,1.0,1,0.05571929864074665,47
4343,0,6027,3370,2657,0,0,0,1.0,1,1.0,1,1.0,1,0.03927426434748331,42
4344,3,6030,3373,2657,0,0,0,1.0,1,1.0,1,1.0,1,0.08830220409428356,42
4345,0,6030,3373,2657,0,0,0,1.0,1,1.0,1,1.0,1,0.07725639398979157,39
4346,2,6032,3375,2657,0,0,0,1.0,1,1.0,1,1.0,1,0.06675611965450369,37
4347,1,6033,3376,2657,0,0,0,1.0,1,1.0,1,1.0,1,0.12614371089897938,37
4348,2,6035,3378,2657,0,0,0,1.0,1,1.0,1,1.0,1,0.21894666335874122,38
4349,1,6036,3378,2658,0,0,0,1.0,1,1.0,1,1.0,1,0.20253866847692717,36
4350,2,6038,3380,2658,0,0,0,1.0,1,1.0,1,1.0,1,0.26302965102590947,37
4351,1,6039,3380,2659,0,0,0,1.0,1,1.0,1,1.0,1,0.22991117376372155,35
4352,1,6040,3380,2660,0,0,0,1.0,1,1.0,1,1.0,1,0.23133979016934897,34
4353,2,6042,3380,2662,0,0,0,1.0,1,1.0,1,1.0,1,0.1699888713432,34
4354,1,6043,3380,2663,0,0,0,1.0,1,1.0,1,1.0,1,0.13707438168976738,32
4355,1,6044,3381,2663,0,0,0,1.0,1,1.0,1,1.0,1,0.15635695206231023,32
4356,3,6047,3383,2664,0,0,0,1.0,1,1.0,1,1.0,1,0.1304716370722685,34
4357,0,6047,3383,2664,0,0,0,1.0,1,1.0,1,1.0,1,0.13309524875791967,35
4358,2,6049,3385,2664,0,0,0,1.0,1,1.0,1,1.0,1,0.15644849603493774,35
4359,3,6052,3386,2666,0,0,0,1.0,1,1.0,1,1.0,1,0.13665410394523075,37
4360,0,6052,3386,2666,0,0,0,1.0,1,1.0,1,1.0,1,0.13183761853123466,38
4361,2,6054,3386,2668,0,0,0,1.0,1,1.0,1,1.0,1,0.06983648597373168,39
4362,2,6056,3388,2668,0,0,0,1.0,1,1.0,1,1.0,1,0.09039388556000075,38
4363,1,6057,3389,2668,0,0,0,1.0,1,1.0,1,1.0,1,0.07894909554926464,38
4364,3,6060,3391,2669,0,0,0,1.0,1,1.0,1,1.0,1,0.05040114318752121,39
4365,2,6062,3392,2670,0,0,0,1.0,1,1.0,1,1.0,1,0.039807354140162114,39
4366,0,6062,3392,2670,0,0,0,1.0,1,1.0,1,1.0,1,0.039807354140162114,39
4367,2,6064,3393,2671,0,0,0,1.0,1,1.0,1,1.0,1,0.06956262955998879,41
4368,1,6065,3394,2671,0,0,0,1.0,1,1.0,1,1.0,1,0.08465602473917182,41
4369,0,6065,3394,2671,0,0,0,1.0,1,1.0,1,1.0,1,0.07929920302390105,42
4370,0,6065,3394,2671,0,0,0,1.0,1,1.0,1,1.0,1,0.07929920302390105,42
4371,1,6066,3394,2672,0,0,0,1.0,1,1.0,1,1.0,1,0.026978544122400454,43
4372,0,6066,3394,2672,0,0,0,1.0,1,1.0,1,1.0,1,0.026978544122400454,43
4373,0,6066,3394,2672,0,0,0,1.0,1,1.0,1,1.0,1,0.026978544122400454,43
4374,0,6066,3394,2672,0,0,0,1.0,1,1.0,1,1.0,1,0.04415320922531111,44
4375,3,6069,3397,2672,0,0,0,1.0,1,1.0,1,1.0,1,0.14331772567891837,45
4376,1,6070,3397,2673,0,0,0,1.0,1,1.0,1,1.0,1,0.13651760034657182,46
4377,6,6076,3402,2674,0,0,0,1.0,1,1.0,1,1.0,1,0.1863301115178324,47
4378,4,6080,3402,2678,0,0,0,1.0,1,1.0,1,1.0,1,0.16736038716305687,49
4379,8,6088,3405,2683,0,0,0,1.0,1,1.0,1,1.0,1,0.1550710121321545,51
4380,1,6089,3405,2684,0,0,0,1.0,1,1.0,1,1.0,1,0.13499781240803913,50
4381,3,6092,3406,2686,0,0,0,1.0,1,1.0,1,1.0,1,0.12492073455941932,49
4382,3,6095,3409,2686,0,0,0,1.0,1,1.0,1,1.0,1,0.17580304361555707,47
4383,1,6096,3409,2687,0,0,0,1.0,1,1.0,1,1.0,1,0.16911463522554396,47
4384,0,6096,3409,2687,0,0,0,1.0,1,1.0,1,1.0,1,0.20102299934020046,44
4385,0,6096,3409,2687,0,0,0,1.0,1,1.0,1,1.0,1,0.19824982672001784,42
4386,0,6096,3409,2687,0,0,0,1.0,1,1.0,1,1.0,1,0.2562649239736109,41
4387,3,6099,3412,2687,0,0,0,1.0,1,1.0,1,1.0,1,0.30638747847544584,39
4388,1,6100,3412,2688,0,0,0,1.0,1,1.0,1,1.0,1,0.28728642642977736,39
4389,2,6102,3414,2688,0,0,0,1.0,1,1.0,1,1.0,1,0.32871312582522666,38
4390,0,6102,3414,2688,0,0,0,1.0,1,1.0,1,1.0,1,0.30967557419675934,38
4391,7,6109,3414,2695,0,0,0,1.0,1,1.0,1,1.0,1,0.09559937060910155,39
4392,0,6109,3414,2695,0,0,0,1.0,1,1.0,1,1.0,1,0.09559937060910155,39
4393,0,6109,3414,2695,0,0,0,1.0,1,1.0,1,1.0,1,0.09850287151908202,40
4394,0,6109,3414,2695,0,0,0,1.0,1,1.0,1,1.0,1,0.08428074066909777,39
4395,0,6109,3414,2695,0,0,0,1.0,1,1.0,1,1.0,1,0.08428074066909777,39
4396,1,6110,3415,2695,0,0,0,1.0,1,1.0,1,1.0,1,0.08166124245194142,39
4397,1,6111,3415,2696,0,0,0,1.0,1,1.0,1,1.0,1,0.08481472323461409,38
4398,0,6111,3415,2696,0,0,0,1.0,1,1.0,1,1.0,1,0.08985980538169062,39
4399,0,6111,3415,2696,0,0,0,1.0,1,1.0,1,1.0,1,0.10046623998008701,42
4400,0,6111,3415,2696,0,0,0,1.0,1,1.0,1,1.0,1,0.09325923067021799,43
4401,1,6112,3415,2697,0,0,0,1.0,1,1.0,1,1.0,1,0.051444975519161676,44
4402,0,6112,3415,2697,0,0,0,1.0,1,1.0,1,1.0,1,0.051444975519161676,44
4403,0,6112,3415,2697,0,0,0,1.0,1,1.0,1,1.0,1,0.03904045380112256,45
4404,0,6112,3415,2697,0,0,0,1.0,1,1.0,1,1.0,1,0.03904045380112256,45
4405,0,6112,3415,2697,0,0,0,1.0,1,1.0,1,1.0,1,0.0410706128561499,46
4406,1,6113,3416,2697,0,0,0,1.0,1,1.0,1,1.0,1,0.08041824064872108,46
4407,1,6114,3417,2697,0,0,0,1.0,1,1.0,1,1.0,1,0.11169027010489162,46
4408,0,6114,3417,2697,0,0,0,1.0,1,1.0,1,1.0,1,0.10493032268433138,47
4409,1,6115,3418,2697,0,0,0,1.0,1,1.0,1,1.0,1,0.14207049675996122,48
4410,2,6117,3418,2699,0,0,0,1.0,1,1.0,1,1.0,1,0.11742626544473586,48
4411,1,6118,3418,2700,0,0,0,1.0,1,1.0,1,1.0,1,0.09587670928303804,50
4412,2,6120,3419,2701,0,0,0,1.0,1,1.0,1,1.0,1,0.10662028667142774,50
4413,1,6121,3419,2702,0,0,0,1.0,1,1.0,1,1.0,1,0.10134244409411071,50
4414,0,6121,3419,2702,0,0,0,1.0,1,1.0,1,1.0,1,0.09399863669054681,51
4415,0,6121,3419,2702,0,0,0,1.0,1,1.0,1,1.0,1,0.09399863669054681,51
4416,1,6122,3420,2702,0,0,0,1.0,1,1.0,1,1.0,1,0.1206667124680576,51
4417,2,6124,3422,2702,0,0,0,1.0,1,1.0,1,1.0,1,0.1162154204838694,51
4418,0,6124,3422,2702,0,0,0,1.0,1,1.0,1,1.0,1,0.10424425413290084,51
4419,0,6124,3422,2702,0,0,0,1.0,1,1.0,1,1.0,1,0.10027660895937779,50
4420,1,6125,3422,2703,0,0,0,1.0,1,1.0,1,1.0,1,0.07075894457303115,50
4421,1,6126,3422,2704,0,0,0,1.0,1,1.0,1,1.0,1,0.06231145732111366,52
4422,0,6126,3422,2704,0,0,0,1.0,1,1.0,1,1.0,1,0.06128255540267867,51
4423,0,6126,3422,2704,0,0,0,1.0,1,1.0,1,1.0,1,0.06128255540267867,51
4424,0,6126,3422,2704,0,0,0,1.0,1,1.0,1,1.0,1,0.05877807860652365,53
4425,0,6126,3422,2704,0,0,0,1.0,1,1.0,1,1.0,1,0.051110468684074074,54
4426,1,6127,3423,2704,0,0,0,1.0,1,1.0,1,1.0,1,0.049445204266769474,55
4427,0,6127,3423,2704,0,0,0,1.0,1,1.0,1,1.0,1,0.049445204266769474,55
4428,1,6128,3424,2704,0,0,0,1.0,1,1.0,1,1.0,1,0.041117736022534754,55
4429,0,6128,3424,2704,0,0,0,1.0,1,1.0,1,1.0,1,0.037627121558553196,56
4430,3,6131,3426,2705,0,0,0,1.0,1,1.0,1,1.0,1,0.04146367813010668,55
4431,0,6131,3426,2705,0,0,0,1.0,1,1.0,1,1.0,1,0.05151176698370688,56
4432,1,6132,3427,2705,0,0,0,1.0,1,1.0,1,1.0,1,0.07590485728737739,56
4433,0,6132,3427,2705,0,0,0,1.0,1,1.0,1,1.0,1,0.08203496126949639,57
4434,1,6133,3428,2705,0,0,0,1.0,1,1.0,1,1.0,1,0.06322978626646607,56
4435,1,6134,3429,2705,0,0,0,1.0,1,1.0,1,1.0,1,0.0703471397435574,56
4436,4,6138,3431,2707,0,0,0,1.0,1,1.0,1,1.0,1,0.06601488818303476,55
4437,2,6140,3432,2708,0,0,0,1.0,1,1.0,1,1.0,1,0.08280832563345397,54
4438,1,6141,3433,2708,0,0,0,1.0,1,1.0,1,1.0,1,0.09087699381683673,54
4439,4,6145,3436,2709,0,0,0,1.0,1,1.0,1,1.0,1,0.1445616441682339,55
4440,0,6145,3436,2709,0,0,0,1.0,1,1.0,1,1.0,1,0.1445616441682339,55
4441,5,6150,3440,2710,0,0,0,1.0,1,1.0,1,1.0,1,0.11215457730030533,59
4442,1,6151,3441,2710,0,0,0,1.0,1,1.0,1,1.0,1,0.0980414064196369,61
4443,2,6153,3443,2710,0,0,0,1.0,1,1.0,1,1.0,1,0.1031098141109544,60
4444,0,6153,3443,2710,0,0,0,1.0,1,1.0,1,1.0,1,0.11569685414778164,61
4445,0,6153,3443,2710,0,0,0,1.0,1,1.0,1,1.0,1,0.11569685414778164,61
4446,1,6154,3444,2710,0,0,0,1.0,1,1.0,1,1.0,1,0.11317569021329194,62
4447,0,6154,3444,2710,0,0,0,1.0,1,1.0,1,1.0,1,0.10879152898747796,63
4448,0,6154,3444,2710,0,0,0,1.0,1,1.0,1,1.0,1,0.10879152898747796,63
4449,0,6154,3444,2710,0,0,0,1.0,1,1.0,1,1.0,1,0.10879152898747796,63
4450,0,6154,3444,2710,0,0,0,1.0,1,1.0,1,1.0,1,0.11974636925822771,62
4451,2,6156,3444,2712,0,0,0,1.0,1,1.0,1,1.0,1,0.09316880917222152,63
4452,2,6158,3444,2714,0,0,0,1.0,1,1.0,1,1.0,1,0.0764905575530257,64
4453,0,6158,3444,2714,0,0,0,1.0,1,1.0,1,1.0,1,0.08354047685811893,65
4454,1,6159,3445,2714,0,0,0,1.0,1,1.0,1,1.0,1,0.07616509762373075,66
4455,3,6162,3446,2716,0,0,0,1.0,1,1.0,1,1.0,1,0.07423368339245552,67
4456,2,6164,3448,2716,0,0,0,1.0,1,1.0,1,1.0,1,0.09117561905283399,67
4457,1,6165,3449,2716,0,0,0,1.0,1,1.0,1,1.0,1,0.10010357006961199,65
4458,1,6166,3450,2716,0,0,0,1.0,1,1.0,1,1.0,1,0.076893226868228,65
4459,3,6169,3453,2716,0,0,0,1.0,1,1.0,1,1.0,1,0.10652214786107833,64
4460,0,6169,3453,2716,0,0,0,1.0,1,1.0,1,1.0,1,0.09363969016692537,63
4461,5,6174,3456,2718,0,0,0,1.0,1,1.0,1,1.0,1,0.11463539579975238,62
4462,3,6177,3458,2719,0,0,0,1.0,1,1.0,1,1.0,1,0.1400423026307945,61
4463,3,6180,3460,2720,0,0,0,1.0,1,1.0,1,1.0,1,0.18123422234033257,61
4464,0,6180,3460,2720,0,0,0,1.0,1,1.0,1,1.0,1,0.18759604583108416,58
4465,1,6181,3461,2720,0,0,0,1.0,1,1.0,1,1.0,1,0.21470185198329222,57
4466,2,6183,3462,2721,0,0,0,1.0,1,1.0,1,1.0,1,0.263143485845426,54
4467,1,6184,3462,2722,0,0,0,1.0,1,1.0,1,1.0,1,0.2382237278558144,52
4468,4,6188,3466,2722,0,0,0,1.0,1,1.0,1,1.0,1,0.1908362494126138,52
4469,2,6190,3468,2722,0,0,0,1.0,1,1.0,1,1.0,1,0.19056901553320466,51
4470,2,6192,3470,2722,0,0,0,1.0,1,1.0,1,1.0,1,0.15169165355945413,51
4471,4,6196,3472,2724,0,0,0,1.0,1,1.0,1,1.0,1,0.13191944720253773,50
4472,0,6196,3472,2724,0,0,0,1.0,1,1.0,1,1.0,1,0.14763714818873755,48
4473,1,6197,3472,2725,0,0,0,1.0,1,1.0,1,1.0,1,0.13029705184387264,47
4474,1,6198,3473,2725,0,0,0,1.0,1,1.0,1,1.0,1,0.13727116108699722,49
4475,0,6198,3473,2725,0,0,0,1.0,1,1.0,1,1.0,1,0.1790831102350415,47
4476,0,6198,3473,2725,0,0,0,1.0,1,1.0,1,1.0,1,0.1599604775925983,49
4477,1,6199,3474,2725,0,0,0,1.0,1,1.0,1,1.0,1,0.22196860138014432,48
4478,0,6199,3474,2725,0,0,0,1.0,1,1.0,1,1.0,1,0.22196860138014432,48
4479,1,6200,3475,2725,0,0,0,1.0,1,1.0,1,1.0,1,0.24213966071781434,48
4480,0,6200,3475,2725,0,0,0,1.0,1,1.0,1,1.0,1,0.24226030205120022,49
4481,5,6205,3475,2730,0,0,0,1.0,1,1.0,1,1.0,1,0.18920819909670084,49
4482,1,6206,3476,2730,0,0,0,1.0,1,1.0,1,1.0,1,0.18570365909159753,49
4483,0,6206,3476,2730,0,0,0,1.0,1,1.0,1,1.0,1,0.17511238414121866,50
4484,3,6209,3477,2732,0,0,0,1.0,1,1.0,1,1.0,1,0.15551097418302082,52
4485,0,6209,3477,2732,0,0,0,1.0,1,1.0,1,1.0,1,0.1569214770089104,53
4486,6,6215,3481,2734,0,0,0,1.0,1,1.0,1,1.0,1,0.12129909691750541,55
4487,2,6217,3483,2734,0,0,0,1.0,1,1.0,1,1.0,1,0.12086177285145441,55
4488,2,6219,3484,2735,0,0,0,1.0,1,1.0,1,1.0,1,0.1382242628333571,54
4489,2,6221,3484,2737,0,0,0,1.0,1,1.0,1,1.0,1,0.11686956214275285,53
4490,0,6221,3484,2737,0,0,0,1.0,1,1.0,1,1.0,1,0.11686956214275285,53
4491,2,6223,3486,2737,0,0,0,1.0,1,1.0,1,1.0,1,0.12362571860817259,52
4492,2,6225,3486,2739,0,0,0,1.0,1,1.0,1,1.0,1,0.10302622684603958,52
4493,1,6226,3487,2739,0,0,0,1.0,1,1.0,1,1.0,1,0.11773462529848974,52
4494,0,6226,3487,2739,0,0,0,1.0,1,1.0,1,1.0,1,0.1284571602052028,53
4495,4,6230,3491,2739,0,0,0,1.0,1,1.0,1,1.0,1,0.14301310363921163,50
4496,1,6231,3492,2739,0,0,0,1.0,1,1.0,1,1.0,1,0.15666657549294882,51
4497,2,6233,3494,2739,0,0,0,1.0,1,1.0,1,1.0,1,0.16209667144636275,50
4498,0,6233,3494,2739,0,0,0,1.0,1,1.0,1,1.0,1,0.1523971588536819,49
4499,1,6234,3495,2739,0,0,0,1.0,1,1.0,1,1.0,1,0.15594673801891776,48
4500,3,6237,3498,2739,0,0,0,1.0,1,1.0,1,1.0,1,0.12180340316375345,48
4501,3,6240,3499,2741,0,0,0,1.0,1,1.0,1,1.0,1,0.06719419721962432,48
4502,2,6242,3501,2741,0,0,0,1.0,1,1.0,1,1.0,1,0.12181595448479444,49
4503,2,6244,3503,2741,0,0,0,1.0,1,1.0,1,1.0,1,0.170725752871627,49
4504,0,6244,3503,2741,0,0,0,1.0,1,1.0,1,1.0,1,0.16625266993444768,45
4505,0,6244,3503,2741,0,0,0,1.0,1,1.0,1,1.0,1,0.16241697343290418,46
4506,2,6246,3505,2741,0,0,0,1.0,1,1.0,1,1.0,1,0.22204959558875628,45
4507,1,6247,3505,2742,0,0,0,1.0,1,1.0,1,1.0,1,0.21345547812900642,45
4508,1,6248,3506,2742,0,0,0,1.0,1,1.0,1,1.0,1,0.21697698947161784,43
4509,2,6250,3508,2742,0,0,0,1.0,1,1.0,1,1.0,1,0.21687091108072137,41
4510,2,6252,3510,2742,0,0,0,1.0,1,1.0,1,1.0,1,0.18950866069405917,42
4511,5,6257,3512,2745,0,0,0,1.0,1,1.0,1,1.0,1,0.15286261307744803,41
4512,0,6257,3512,2745,0,0,0,1.0,1,1.0,1,1.0,1,0.15286261307744803,41
4513,1,6258,3512,2746,0,0,0,1.0,1,1.0,1,1.0,1,0.1344233042089673,41
4514,3,6261,3514,2747,0,0,0,1.0,1,1.0,1,1.0,1,0.07746060338485623,42
4515,1,6262,3514,2748,0,0,0,1.0,1,1.0,1,1.0,1,0.11058794934508981,41
4516,3,6265,3516,2749,0,0,0,1.0,1,1.0,1,1.0,1,0.11492403695357119,42
4517,0,6265,3516,2749,0,0,0,1.0,1,1.0,1,1.0,1,0.11767768049392129,43
4518,0,6265,3516,2749,0,0,0,1.0,1,1.0,1,1.0,1,0.14072885175717917,42
4519,1,6266,3517,2749,0,0,0,1.0,1,1.0,1,1.0,1,0.18608227394500435,42
4520,0,6266,3517,2749,0,0,0,1.0,1,1.0,1,1.0,1,0.22194689571605591,42
4521,2,6268,3517,2751,0,0,0,1.0,1,1.0,1,1.0,1,0.19896403665507947,42
4522,1,6269,3518,2751,0,0,0,1.0,1,1.0,1,1.0,1,0.1842654845513843,42
4523,0,6269,3518,2751,0,0,0,1.0,1,1.0,1,1.0,1,0.1842654845513843,42
4524,2,6271,3520,2751,0,0,0,1.0,1,1.0,1,1.0,1,0.18503664939847486,43
4525,3,6274,3523,2751,0,0,0,1.0,1,1.0,1,1.0,1,0.18405426229313984,46
4526,5,6279,3526,2753,0,0,0,1.0,1,1.0,1,1.0,1,0.13182535306430976,46
4527,1,6280,3527,2753,0,0,0,1.0,1,1.0,1,1.0,1,0.13428186983665275,47
4528,1,6281,3527,2754,0,0,0,1.0,1,1.0,1,1.0,1,0.10138095040556136,49
4529,1,6282,3528,2754,0,0,0,1.0,1,1.0,1,1.0,1,0.10839093730484653,50
4530,2,6284,3529,2755,0,0,0,1.0,1,1.0,1,1.0,1,0.08307842225077144,51
4531,3,6287,3531,2756,0,0,0,1.0,1,1.0,1,1.0,1,0.07663052055516933,51
4532,0,6287,3531,2756,0,0,0,1.0,1,1.0,1,1.0,1,0.07663052055516933,51
4533,2,6289,3533,2756,0,0,0,1.0,1,1.0,1,1.0,1,0.09801478585460936,50
4534,2,6291,3534,2757,0,0,0,1.0,1,1.0,1,1.0,1,0.09119204277328133,51
4535,2,6293,3536,2757,0,0,0,1.0,1,1.0,1,1.0,1,0.1265062898386796,50
4536,1,6294,3537,2757,0,0,0,1.0,1,1.0,1,1.0,1,0.12898713472519918,48
4537,2,6296,3539,2757,0,0,0,1.0,1,1.0,1,1.0,1,0.13419073994647004,49
4538,0,6296,3539,2757,0,0,0,1.0,1,1.0,1,1.0,1,0.13448105980453506,48
4539,1,6297,3540,2757,0,0,0,1.0,1,1.0,1,1.0,1,0.11569039323178001,50
4540,1,6298,3540,2758,0,0,0,1.0,1,1.0,1,1.0,1,0.10359195398609743,49
4541,1,6299,3540,2759,0,0,0,1.0,1,1.0,1,1.0,1,0.08524474339188562,49
4542,0,6299,3540,2759,0,0,0,1.0,1,1.0,1,1.0,1,0.11377212616624276,47
4543,0,6299,3540,2759,0,0,0,1.0,1,1.0,1,1.0,1,0.1254057325811656,45
4544,1,6300,3541,2759,0,0,0,1.0,1,1.0,1,1.0,1,0.13971540435675275,45
4545,1,6301,3542,2759,0,0,0,1.0,1,1.0,1,1.0,1,0.14349143431096512,43
4546,1,6302,3543,2759,0,0,0,1.0,1,1.0,1,1.0,1,0.13312359615251237,43
4547,2,6304,3544,2760,0,0,0,1.0,1,1.0,1,1.0,1,0.11603253295507021,41
4548,0,6304,3544,2760,0,0,0,1.0,1,1.0,1,1.0,1,0.10968704157224353,42
4549,2,6306,3546,2760,0,0,0,1.0,1,1.0,1,1.0,1,0.09382498507370826,41
4550,3,6309,3549,2760,0,0,0,1.0,1,1.0,1,1.0,1,0.12049768208130611,41
4551,0,6309,3549,2760,0,0,0,1.0,1,1.0,1,1.0,1,0.09874099753651636,39
4552,0,6309,3549,2760,0,0,0,1.0,1,1.0,1,1.0,1,0.1042784041777388,38
4553,0,6309,3549,2760,0,0,0,1.0,1,1.0,1,1.0,1,0.11636702436777681,39
4554,0,6309,3549,2760,0,0,0,1.0,1,1.0,1,1.0,1,0.12363328877623224,38
4555,0,6309,3549,2760,0,0,0,1.0,1,1.0,1,1.0,1,0.13184687708177104,37
4556,3,6312,3552,2760,0,0,0,1.0,1,1.0,1,1.0,1,0.1631518358939778,36
4557,0,6312,3552,2760,0,0,0,1.0,1,1.0,1,1.0,1,0.1418956815022867,38
4558,1,6313,3553,2760,0,0,0,1.0,1,1.0,1,1.0,1,0.15533711890972893,39
4559,4,6317,3555,2762,0,0,0,1.0,1,1.0,1,1.0,1,0.18226475374266918,38
4560,2,6319,3556,2763,0,0,0,1.0,1,1.0,1,1.0,1,0.21283781590531753,41
4561,2,6321,3556,2765,0,0,0,1.0,1,1.0,1,1.0,1,0.18823826975371347,41
4562,3,6324,3557,2767,0,0,0,1.0,1,1.0,1,1.0,1,0.16569943814928279,43
4563,2,6326,3557,2769,0,0,0,1.0,1,1.0,1,1.0,1,0.1243495493498119,42
4564,0,6326,3557,2769,0,0,0,1.0,1,1.0,1,1.0,1,0.12758483571957027,43
4565,0,6326,3557,2769,0,0,0,1.0,1,1.0,1,1.0,1,0.14368619922486267,44
4566,1,6327,3558,2769,0,0,0,1.0,1,1.0,1,1.0,1,0.11247511770237417,45
4567,3,6330,3561,2769,0,0,0,1.0,1,1.0,1,1.0,1,0.14646245060957028,47
4568,4,6334,3562,2772,0,0,0,1.0,1,1.0,1,1.0,1,0.07268005217252309,47
4569,1,6335,3563,2772,0,0,0,1.0,1,1.0,1,1.0,1,0.06811727614437413,49
4570,2,6337,3564,2773,0,0,0,1.0,1,1.0,1,1.0,1,0.0864520596548078,49
4571,1,6338,3565,2773,0,0,0,1.0,1,1.0,1,1.0,1,0.09624406876636511,48
4572,1,6339,3566,2773,0,0,0,1.0,1,1.0,1,1.0,1,0.10916269863169548,48
4573,2,6341,3568,2773,0,0,0,1.0,1,1.0,1,1.0,1,0.1371937701163814,48
4574,2,6343,3570,2773,0,0,0,1.0,1,1.0,1,1.0,1,0.16674103021459222,50
4575,1,6344,3570,2774,0,0,0,1.0,1,1.0,1,1.0,1,0.13232250988720415,51
4576,0,6344,3570,2774,0,0,0,1.0,1,1.0,1,1.0,1,0.12982487347670357,48
4577,0,6344,3570,2774,0,0,0,1.0,1,1.0,1,1.0,1,0.1237181166274252,47
4578,1,6345,3571,2774,0,0,0,1.0,1,1.0,1,1.0,1,0.129074158111039,46
4579,1,6346,3571,2775,0,0,0,1.0,1,1.0,1,1.0,1,0.11647835170880702,46
4580,0,6346,3571,2775,0,0,0,1.0,1,1.0,1,1.0,1,0.10154641735961423,47
4581,1,6347,3572,2775,0,0,0,1.0,1,1.0,1,1.0,1,0.12676419303126052,47
4582,0,6347,3572,2775,0,0,0,1.0,1,1.0,1,1.0,1,0.13358875941101694,48
4583,0,6347,3572,2775,0,0,0,1.0,1,1.0,1,1.0,1,0.13358875941101694,48
4584,1,6348,3572,2776,0,0,0,1.0,1,1.0,1,1.0,1,0.12137159864343672,50
4585,1,6349,3573,2776,0,0,0,1.0,1,1.0,1,1.0,1,0.1500242539789445,50
4586,0,6349,3573,2776,0,0,0,1.0,1,1.0,1,1.0,1,0.1500242539789445,50
4587,0,6349,3573,2776,0,0,0,1.0,1,1.0,1,1.0,1,0.1500242539789445,50
4588,0,6349,3573,2776,0,0,0,1.0,1,1.0,1,1.0,1,0.1500242539789445,50
4589,0,6349,3573,2776,0,0,0,1.0,1,1.0,1,1.0,1,0.15579382118444424,52
4590,0,6349,3573,2776,0,0,0,1.0,1,1.0,1,1.0,1,0.15579382118444424,52
4591,1,6350,3573,2777,0,0,0,1.0,1,1.0,1,1.0,1,0.1557518256980486,53
4592,0,6350,3573,2777,0,0,0,1.0,1,1.0,1,1.0,1,0.15784744649407983,54
4593,3,6353,3575,2778,0,0,0,1.0,1,1.0,1,1.0,1,0.1909705173702631,56
4594,2,6355,3575,2780,0,0,0,1.0,1,1.0,1,1.0,1,0.1881582938191855,57
4595,0,6355,3575,2780,0,0,0,1.0,1,1.0,1,1.0,1,0.1779455858648797,56
4596,0,6355,3575,2780,0,0,0,1.0,1,1.0,1,1.0,1,0.1779455858648797,56
4597,2,6357,3577,2780,0,0,0,1.0,1,1.0,1,1.0,1,0.1649367852175516,56
4598,2,6359,3579,2780,0,0,0,1.0,1,1.0,1,1.0,1,0.19522628943663586,57
4599,0,6359,3579,2780,0,0,0,1.0,1,1.0,1,1.0,1,0.16811190157309763,59
4600,0,6359,3579,2780,0,0,0,1.0,1,1.0,1,1.0,1,0.16948827517524973,60
4601,1,6360,3580,2780,0,0,0,1.0,1,1.0,1,1.0,1,0.17850039942943757,60
4602,0,6360,3580,2780,0,0,0,1.0,1,1.0,1,1.0,1,0.16457448130313967,62
4603,0,6360,3580,2780,0,0,0,1.0,1,1.0,1,1.0,1,0.16457448130313967,62
4604,1,6361,3581,2780,0,0,0,1.0,1,1.0,1,1.0,1,0.16583894330906168,63
4605,0,6361,3581,2780,0,0,0,1.0,1,1.0,1,1.0,1,0.16583894330906168,63
4606,1,6362,3581,2781,0,0,0,1.0,1,1.0,1,1.0,1,0.1629661037707057,64
4607,2,6364,3583,2781,0,0,0,1.0,1,1.0,1,1.0,1,0.16743260776762825,65
4608,1,6365,3584,2781,0,0,0,1.0,1,1.0,1,1.0,1,0.1856139566567917,66
4609,1,6366,3585,2781,0,0,0,1.0,1,1.0,1,1.0,1,0.19797924527822092,65
4610,1,6367,3585,2782,0,0,0,1.0,1,1.0,1,1.0,1,0.1704745928376301,63
4611,5,6372,3589,2783,0,0,0,1.0,1,1.0,1,1.0,1,0.1973252475833325,64
4612,2,6374,3590,2784,0,0,0,1.0,1,1.0,1,1.0,1,0.16989041989363,62
4613,2,6376,3592,2784,0,0,0,1.0,1,1.0,1,1.0,1,0.1756535850373771,63
4614,2,6378,3592,2786,0,0,0,1.0,1,1.0,1,1.0,1,0.13339973670804905,61
4615,2,6380,3593,2787,0,0,0,1.0,1,1.0,1,1.0,1,0.13752085660436209,59
4616,1,6381,3593,2788,0,0,0,1.0,1,1.0,1,1.0,1,0.12318797761605542,58
4617,1,6382,3594,2788,0,0,0,1.0,1,1.0,1,1.0,1,0.14993670532899808,58
4618,3,6385,3595,2790,0,0,0,1.0,1,1.0,1,1.0,1,0.16864399771280333,57
4619,3,6388,3597,2791,0,0,0,1.0,1,1.0,1,1.0,1,0.20365197591969475,57
4620,0,6388,3597,2791,0,0,0,1.0,1,1.0,1,1.0,1,0.20365197591969475,57
4621,6,6394,3598,2796,0,0,0,1.0,1,1.0,1,1.0,1,0.1710225286756079,59
4622,1,6395,3598,2797,0,0,0,1.0,1,1.0,1,1.0,1,0.16433684386859157,60
4623,1,6396,3598,2798,0,0,0,1.0,1,1.0,1,1.0,1,0.16638970674544037,59
4624,2,6398,3600,2798,0,0,0,1.0,1,1.0,1,1.0,1,0.19442701996992917,59
4625,1,6399,3601,2798,0,0,0,1.0,1,1.0,1,1.0,1,0.19516639476298506,57
4626,2,6401,3603,2798,0,0,0,1.0,1,1.0,1,1.0,1,0.21554608969664155,56
4627,0,6401,3603,2798,0,0,0,1.0,1,1.0,1,1.0,1,0.21818877715388701,56
4628,0,6401,3603,2798,0,0,0,1.0,1,1.0,1,1.0,1,0.22710949131659144,56
4629,1,6402,3604,2798,0,0,0,1.0,1,1.0,1,1.0,1,0.27298213080849437,56
4630,0,6402,3604,2798,0,0,0,1.0,1,1.0,1,1.0,1,0.2567976223759979,57
4631,3,6405,3604,2801,0,0,0,1.0,1,1.0,1,1.0,1,0.25580923245196674,56
4632,2,6407,3605,2802,0,0,0,1.0,1,1.0,1,1.0,1,0.2866584318879759,57
4633,0,6407,3605,2802,0,0,0,1.0,1,1.0,1,1.0,1,0.27553994233781876,58
4634,0,6407,3605,2802,0,0,0,1.0,1,1.0,1,1.0,1,0.27553994233781876,58
4635,1,6408,3605,2803,0,0,0,1.0,1,1.0,1,1.0,1,0.25508289427986386,59
4636,0,6408,3605,2803,0,0,0,1.0,1,1.0,1,1.0,1,0.23637150644194757,60
4637,2,6410,3606,2804,0,0,0,1.0,1,1.0,1,1.0,1,0.21825011150014273,60
4638,2,6412,3606,2806,0,0,0,1.0,1,1.0,1,1.0,1,0.21503409827889575,61
4639,2,6414,3607,2807,0,0,0,1.0,1,1.0,1,1.0,1,0.20943554188612257,62
4640,0,6414,3607,2807,0,0,0,1.0,1,1.0,1,1.0,1,0.22047826373974433,63
4641,5,6419,3609,2810,0,0,0,1.0,1,1.0,1,1.0,1,0.1813606907645712,63
4642,0,6419,3609,2810,0,0,0,1.0,1,1.0,1,1.0,1,0.19522003812585495,62
4643,3,6422,3610,2812,0,0,0,1.0,1,1.0,1,1.0,1,0.18818896874706564,63
4644,1,6423,3610,2813,0,0,0,1.0,1,1.0,1,1.0,1,0.19484658951226727,62
4645,2,6425,3611,2814,0,0,0,1.0,1,1.0,1,1.0,1,0.2047641106802587,63
4646,4,6429,3613,2816,0,0,0,1.0,1,1.0,1,1.0,1,0.22581029019186163,63
4647,2,6431,3614,2817,0,0,0,1.0,1,1.0,1,1.0,1,0.22883821805240476,62
4648,3,6434,3615,2819,0,0,0,1.0,1,1.0,1,1.0,1,0.2436355400632397,63
4649,0,6434,3615,2819,0,0,0,1.0,1,1.0,1,1.0,1,0.22715141339906647,61
4650,0,6434,3615,2819,0,0,0,1.0,1,1.0,1,1.0,1,0.20084372929326755,63
4651,5,6439,3616,2823,0,0,0,1.0,1,1.0,1,1.0,1,0.15344490245873685,62
4652,0,6439,3616,2823,0,0,0,1.0,1,1.0,1,1.0,1,0.13751565654433084,59
4653,0,6439,3616,2823,0,0,0,1.0,1,1.0,1,1.0,1,0.1394798101869928,60
4654,0,6439,3616,2823,0,0,0,1.0,1,1.0,1,1.0,1,0.14387211436539502,60
4655,1,6440,3617,2823,0,0,0,1.0,1,1.0,1,1.0,1,0.1691248347416583,60
4656,2,6442,3619,2823,0,0,0,1.0,1,1.0,1,1.0,1,0.22370027685310498,61
4657,4,6446,3619,2827,0,0,0,1.0,1,1.0,1,1.0,1,0.18700242656082414,62
4658,3,6449,3622,2827,0,0,0,1.0,1,1.0,1,1.0,1,0.20303701515147402,62
4659,1,6450,3622,2828,0,0,0,1.0,1,1.0,1,1.0,1,0.1841487726187143,61
4660,2,6452,3624,2828,0,0,0,1.0,1,1.0,1,1.0,1,0.24172134845113824,61
4661,1,6453,3624,2829,0,0,0,1.0,1,1.0,1,1.0,1,0.22904790565242275,61
4662,0,6453,3624,2829,0,0,0,1.0,1,1.0,1,1.0,1,0.21745350967463464,62
4663,1,6454,3624,2830,0,0,0,1.0,1,1.0,1,1.0,1,0.2147714421635193,61
4664,3,6457,3625,2832,0,0,0,1.0,1,1.0,1,1.0,1,0.1994473849543971,62
4665,0,6457,3625,2832,0,0,0,1.0,1,1.0,1,1.0,1,0.20941151889681453,61
4666,2,6459,3626,2833,0,0,0,1.0,1,1.0,1,1.0,1,0.21371547601209004,61
4667,0,6459,3626,2833,0,0,0,1.0,1,1.0,1,1.0,1,0.22991733366704845,59
4668,3,6462,3628,2834,0,0,0,1.0,1,1.0,1,1.0,1,0.23155802498709865,59
4669,1,6463,3628,2835,0,0,0,1.0,1,1.0,1,1.0,1,0.24333072670903855,58
4670,1,6464,3629,2835,0,0,0,1.0,1,1.0,1,1.0,1,0.25906395326355025,57
4671,4,6468,3630,2838,0,0,0,1.0,1,1.0,1,1.0,1,0.23317852182660323,55
4672,4,6472,3632,2840,0,0,0,1.0,1,1.0,1,1.0,1,0.22902817647363702,56
4673,3,6475,3633,2842,0,0,0,1.0,1,1.0,1,1.0,1,0.18691271038347382,58
4674,2,6477,3634,2843,0,0,0,1.0,1,1.0,1,1.0,1,0.20187811551507873,58
4675,1,6478,3634,2844,0,0,0,1.0,1,1.0,1,1.0,1,0.22166260131709906,57
4676,0,6478,3634,2844,0,0,0,1.0,1,1.0,1,1.0,1,0.2299530172849665,58
4677,0,6478,3634,2844,0,0,0,1.0,1,1.0,1,1.0,1,0.24157348277915813,57
4678,2,6480,3635,2845,0,0,0,1.0,1,1.0,1,1.0,1,0.24352597400171924,57
4679,0,6480,3635,2845,0,0,0,1.0,1,1.0,1,1.0,1,0.24352597400171924,57
4680,1,6481,3635,2846,0,0,0,1.0,1,1.0,1,1.0,1,0.23662134627305914,59
4681,4,6485,3635,2850,0,0,0,1.0,1,1.0,1,1.0,1,0.20835275045984747,60
4682,1,6486,3635,2851,0,0,0,1.0,1,1.0,1,1.0,1,0.20209444380813138,60
4683,4,6490,3637,2853,0,0,0,1.0,1,1.0,1,1.0,1,0.16672379026064366,60
4684,2,6492,3638,2854,0,0,0,1.0,1,1.0,1,1.0,1,0.17577036857158873,60
4685,2,6494,3639,2855,0,0,0,1.0,1,1.0,1,1.0,1,0.17817798207228397,59
4686,2,6496,3641,2855,0,0,0,1.0,1,1.0,1,1.0,1,0.1878016612971764,60
4687,2,6498,3642,2856,0,0,0,1.0,1,1.0,1,1.0,1,0.19173224842001818,59
4688,1,6499,3643,2856,0,0,0,1.0,1,1.0,1,1.0,1,0.2153927372133833,59
4689,2,6501,3644,2857,0,0,0,1.0,1,1.0,1,1.0,1,0.23558404690224843,59
4690,3,6504,3645,2859,0,0,0,1.0,1,1.0,1,1.0,1,0.2004986197868351,58
4691,1,6505,3645,2860,0,0,0,1.0,1,1.0,1,1.0,1,0.18160054741857584,57
4692,0,6505,3645,2860,0,0,0,1.0,1,1.0,1,1.0,1,0.16581827514806127,58
4693,1,6506,3645,2861,0,0,0,1.0,1,1.0,1,1.0,1,0.15658035402850284,57
4694,1,6507,3645,2862,0,0,0,1.0,1,1.0,1,1.0,1,0.13719632647690455,57
4695,1,6508,3645,2863,0,0,0,1.0,1,1.0,1,1.0,1,0.14698811595071035,56
4696,3,6511,3647,2864,0,0,0,1.0,1,1.0,1,1.0,1,0.15597764843047715,57
4697,0,6511,3647,2864,0,0,0,1.0,1,1.0,1,1.0,1,0.150164063800117,58
4698,2,6513,3647,2866,0,0,0,1.0,1,1.0,1,1.0,1,0.10794724762332127,59
4699,0,6513,3647,2866,0,0,0,1.0,1,1.0,1,1.0,1,0.12155181403657467,58
4700,0,6513,3647,2866,0,0,0,1.0,1,1.0,1,1.0,1,0.10221348352664975,59
4701,1,6514,3647,2867,0,0,0,1.0,1,1.0,1,1.0,1,0.09208288780210361,60
4702,0,6514,3647,2867,0,0,0,1.0,1,1.0,1,1.0,1,0.10047062982951202,61
4703,1,6515,3648,2867,0,0,0,1.0,1,1.0,1,1.0,1,0.12998441316753423,59
4704,1,6516,3648,2868,0,0,0,1.0,1,1.0,1,1.0,1,0.1062522825995746,58
4705,3,6519,3650,2869,0,0,0,1.0,1,1.0,1,1.0,1,0.14514291829933676,58
4706,2,6521,3652,2869,0,0,0,1.0,1,1.0,1,1.0,1,0.16758194926025202,60
4707,1,6522,3652,2870,0,0,0,1.0,1,1.0,1,1.0,1,0.17267046269797548,57
4708,4,6526,3654,2872,0,0,0,1.0,1,1.0,1,1.0,1,0.21087447007993604,57
4709,3,6529,3656,2873,0,0,0,1.0,1,1.0,1,1.0,1,0.24140904065968596,55
4710,1,6530,3657,2873,0,0,0,1.0,1,1.0,1,1.0,1,0.25583826382912933,53
4711,2,6532,3657,2875,0,0,0,1.0,1,1.0,1,1.0,1,0.21802574978150283,52
4712,0,6532,3657,2875,0,0,0,1.0,1,1.0,1,1.0,1,0.21772932582414692,52
4713,1,6533,3658,2875,0,0,0,1.0,1,1.0,1,1.0,1,0.23845159246921932,51
4714,1,6534,3658,2876,0,0,0,1.0,1,1.0,1,1.0,1,0.23015031546125458,50
4715,2,6536,3658,2878,0,0,0,1.0,1,1.0,1,1.0,1,0.19386148340782297,50
4716,1,6537,3659,2878,0,0,0,1.0,1,1.0,1,1.0,1,0.22888982204752364,49
4717,2,6539,3660,2879,0,0,0,1.0,1,1.0,1,1.0,1,0.23264981565950751,49
4718,0,6539,3660,2879,0,0,0,1.0,1,1.0,1,1.0,1,0.2321263056766793,50
4719,1,6540,3660,2880,0,0,0,1.0,1,1.0,1,1.0,1,0.20706845619358621,49
4720,1,6541,3660,2881,0,0,0,1.0,1,1.0,1,1.0,1,0.17504845740982455,49
4721,4,6545,3661,2884,0,0,0,1.0,1,1.0,1,1.0,1,0.12386965066924684,50
4722,1,6546,3661,2885,0,0,0,1.0,1,1.0,1,1.0,1,0.12849206463012755,51
4723,0,6546,3661,2885,0,0,0,1.0,1,1.0,1,1.0,1,0.0965967459064286,50
4724,3,6549,3663,2886,0,0,0,1.0,1,1.0,1,1.0,1,0.12217954245795593,50
4725,0,6549,3663,2886,0,0,0,1.0,1,1.0,1,1.0,1,0.1270385614314069,52
4726,1,6550,3664,2886,0,0,0,1.0,1,1.0,1,1.0,1,0.15938408098544105,51
4727,2,6552,3665,2887,0,0,0,1.0,1,1.0,1,1.0,1,0.1636415239151869,52
4728,2,6554,3666,2888,0,0,0,1.0,1,1.0,1,1.0,1,0.18997207552748002,52
4729,2,6556,3666,2890,0,0,0,1.0,1,1.0,1,1.0,1,0.18997207552748002,52
4730,1,6557,3666,2891,0,0,0,1.0,1,1.0,1,1.0,1,0.17995442692435232,50
4731,3,6560,3669,2891,0,0,0,1.0,1,1.0,1,1.0,1,0.20928584708542614,51
4732,1,6561,3669,2892,0,0,0,1.0,1,1.0,1,1.0,1,0.19765536706383358,52
4733,8,6569,3672,2897,0,0,0,1.0,1,1.0,1,1.0,1,0.27019677124729097,53
4734,4,6573,3672,2901,0,0,0,1.0,1,1.0,1,1.0,1,0.27019677124729097,53
4735,5,6578,3673,2905,0,0,0,1.0,1,1.0,1,1.0,1,0.2793349547235603,53
4736,5,6583,3674,2909,0,0,0,1.0,1,1.0,1,1.0,1,0.2964873428435292,55
4737,5,6588,3674,2914,0,0,0,1.0,1,1.0,1,1.0,1,0.29231058863869597,57
4738,6,6594,3674,2920,0,0,0,1.0,1,1.0,1,1.0,1,0.2922412073888099,57
4739,4,6598,3674,2924,0,0,0,1.0,1,1.0,1,1.0,1,0.2654095547835281,57
4740,6,6604,3674,2930,0,0,0,1.0,1,1.0,1,1.0,1,0.23754101869663155,57
4741,0,6604,3674,2930,0,0,0,1.0,1,1.0,1,1.0,1,0.24377122639725776,58
4742,1,6605,3675,2930,0,0,0,1.0,1,1.0,1,1.0,1,0.2523064466153927,58
4743,3,6608,3677,2931,0,0,0,1.0,1,1.0,1,1.0,1,0.23188377591955045,56
4744,0,6608,3677,2931,0,0,0,1.0,1,1.0,1,1.0,1,0.22126344494805156,57
4745,1,6609,3677,2932,0,0,0,1.0,1,1.0,1,1.0,1,0.19905916319231096,56
4746,1,6610,3678,2932,0,0,0,1.0,1,1.0,1,1.0,1,0.20938240325307514,56
4747,1,6611,3679,2932,0,0,0,1.0,1,1.0,1,1.0,1,0.189693639014463,55
4748,1,6612,3680,2932,0,0,0,1.0,1,1.0,1,1.0,1,0.19845429431421266,55
4749,1,6613,3680,2933,0,0,0,1.0,1,1.0,1,1.0,1,0.1771613454763247,54
4750,1,6614,3681,2933,0,0,0,1.0,1,1.0,1,1.0,1,0.1633598748310553,53
4751,0,6614,3681,2933,0,0,0,1.0,1,1.0,1,1.0,1,0.19389221231771117,53
4752,1,6615,3682,2933,0,0,0,1.0,1,1.0,1,1.0,1,0.1824073820875526,53
4753,0,6615,3682,2933,0,0,0,1.0,1,1.0,1,1.0,1,0.20517835888967842,52
4754,2,6617,3682,2935,0,0,0,1.0,1,1.0,1,1.0,1,0.15477192470778026,52
4755,2,6619,3682,2937,0,0,0,1.0,1,1.0,1,1.0,1,0.11085040275523919,51
4756,2,6621,3682,2939,0,0,0,1.0,1,1.0,1,1.0,1,0.09987787333199555,52
4757,1,6622,3682,2940,0,0,0,1.0,1,1.0,1,1.0,1,0.0833569932811827,51
4758,1,6623,3682,2941,0,0,0,1.0,1,1.0,1,1.0,1,0.07367029421316347,51
4759,0,6623,3682,2941,0,0,0,1.0,1,1.0,1,1.0,1,0.07367029421316347,51
4760,1,6624,3683,2941,0,0,0,1.0,1,1.0,1,1.0,1,0.05763316568918759,52
4761,2,6626,3685,2941,0,0,0,1.0,1,1.0,1,1.0,1,0.060211524217214846,50
4762,7,6633,3690,2943,0,0,0,1.0,1,1.0,1,1.0,1,0.12314247356784024,51
4763,0,6633,3690,2943,0,0,0,1.0,1,1.0,1,1.0,1,0.12314247356784024,51
4764,4,6637,3694,2943,0,0,0,1.0,1,1.0,1,1.0,1,0.1851381511607622,53
4765,2,6639,3694,2945,0,0,0,1.0,1,1.0,1,1.0,1,0.1500678802200173,53
4766,3,6642,3695,2947,0,0,0,1.0,1,1.0,1,1.0,1,0.16974089775546744,55
4767,1,6643,3695,2948,0,0,0,1.0,1,1.0,1,1.0,1,0.11315877153904019,56
4768,0,6643,3695,2948,0,0,0,1.0,1,1.0,1,1.0,1,0.09209014864038417,56
4769,2,6645,3696,2949,0,0,0,1.0,1,1.0,1,1.0,1,0.1024568142650445,56
4770,0,6645,3696,2949,0,0,0,1.0,1,1.0,1,1.0,1,0.1024568142650445,56
4771,3,6648,3696,2952,0,0,0,1.0,1,1.0,1,1.0,1,0.06950858665962265,55
4772,2,6650,3697,2953,0,0,0,1.0,1,1.0,1,1.0,1,0.08803269845869557,56
4773,0,6650,3697,2953,0,0,0,1.0,1,1.0,1,1.0,1,0.08803269845869557,56
4774,0,6650,3697,2953,0,0,0,1.0,1,1.0,1,1.0,1,0.06672024498912031,58
4775,0,6650,3697,2953,0,0,0,1.0,1,1.0,1,1.0,1,0.06904763025459083,59
4776,0,6650,3697,2953,0,0,0,1.0,1,1.0,1,1.0,1,0.06904763025459083,59
4777,0,6650,3697,2953,0,0,0,1.0,1,1.0,1,1.0,1,0.05534565879131619,60
4778,0,6650,3697,2953,0,0,0,1.0,1,1.0,1,1.0,1,0.05534565879131619,60
4779,0,6650,3697,2953,0,0,0,1.0,1,1.0,1,1.0,1,0.05901204028224866,61
4780,2,6652,3699,2953,0,0,0,1.0,1,1.0,1,1.0,1,0.08166018690479193,63
4781,4,6656,3700,2956,0,0,0,1.0,1,1.0,1,1.0,1,0.045595166051844126,62
4782,1,6657,3700,2957,0,0,0,1.0,1,1.0,1,1.0,1,0.0372124031642649,63
4783,2,6659,3702,2957,0,0,0,1.0,1,1.0,1,1.0,1,0.0186410032115356,62
4784,1,6660,3702,2958,0,0,0,1.0,1,1.0,1,1.0,1,0.02499165355173752,62
4785,2,6662,3704,2958,0,0,0,1.0,1,1.0,1,1.0,1,0.02565357565036004,62
4786,4,6666,3708,2958,0,0,0,1.0,1,1.0,1,1.0,1,0.08270370254908542,63
4787,3,6669,3710,2959,0,0,0,1.0,1,1.0,1,1.0,1,0.10124423907084239,62
4788,4,6673,3713,2960,0,0,0,1.0,1,1.0,1,1.0,1,0.14308662610338904,62
4789,6,6679,3717,2962,0,0,0,1.0,1,1.0,1,1.0,1,0.1337874797642576,60
4790,5,6684,3722,2962,0,0,0,1.0,1,1.0,1,1.0,1,0.13899170989370613,61
4791,5,6689,3723,2966,0,0,0,1.0,1,1.0,1,1.0,1,0.10278987759622124,60
4792,3,6692,3725,2967,0,0,0,1.0,1,1.0,1,1.0,1,0.08275148023459672,60
4793,1,6693,3726,2967,0,0,0,1.0,1,1.0,1,1.0,1,0.07902985760056146,61
4794,2,6695,3727,2968,0,0,0,1.0,1,1.0,1,1.0,1,0.09213579858908916,59
4795,0,6695,3727,2968,0,0,0,1.0,1,1.0,1,1.0,1,0.07470666040142895,61
4796,0,6695,3727,2968,0,0,0,1.0,1,1.0,1,1.0,1,0.11099635078804801,59
4797,2,6697,3729,2968,0,0,0,1.0,1,1.0,1,1.0,1,0.15154524736003944,58
4798,0,6697,3729,2968,0,0,0,1.0,1,1.0,1,1.0,1,0.14686403867993875,59
4799,0,6697,3729,2968,0,0,0,1.0,1,1.0,1,1.0,1,0.15956315882596242,57
4800,2,6699,3730,2969,0,0,0,1.0,1,1.0,1,1.0,1,0.16669020605555968,58
4801,8,6707,3732,2975,0,0,0,1.0,1,1.0,1,1.0,1,0.08107484127164263,57
4802,0,6707,3732,2975,0,0,0,1.0,1,1.0,1,1.0,1,0.08107484127164263,57
4803,0,6707,3732,2975,0,0,0,1.0,1,1.0,1,1.0,1,0.07860529193621503,56
4804,0,6707,3732,2975,0,0,0,1.0,1,1.0,1,1.0,1,0.083877407435286,54
4805,1,6708,3733,2975,0,0,0,1.0,1,1.0,1,1.0,1,0.07990523658409023,56
4806,0,6708,3733,2975,0,0,0,1.0,1,1.0,1,1.0,1,0.07744090418361331,55
4807,1,6709,3734,2975,0,0,0,1.0,1,1.0,1,1.0,1,0.06536842134818774,54
4808,0,6709,3734,2975,0,0,0,1.0,1,1.0,1,1.0,1,0.09559325638864602,53
4809,0,6709,3734,2975,0,0,0,1.0,1,1.0,1,1.0,1,0.09559325638864602,53
4810,2,6711,3736,2975,0,0,0,1.0,1,1.0,1,1.0,1,0.066909748136336,51
4811,3,6714,3738,2976,0,0,0,1.0,1,1.0,1,1.0,1,0.05509327833942089,52
4812,3,6717,3740,2977,0,0,0,1.0,1,1.0,1,1.0,1,0.04988875876915982,52
4813,0,6717,3740,2977,0,0,0,1.0,1,1.0,1,1.0,1,0.04988875876915982,52
4814,2,6719,3742,2977,0,0,0,1.0,1,1.0,1,1.0,1,0.10707146120257843,53
4815,5,6724,3747,2977,0,0,0,1.0,1,1.0,1,1.0,1,0.13641722542710522,54
4816,1,6725,3748,2977,0,0,0,1.0,1,1.0,1,1.0,1,0.14622776676763302,54
4817,4,6729,3750,2979,0,0,0,1.0,1,1.0,1,1.0,1,0.1721430344899386,55
4818,5,6734,3753,2981,0,0,0,1.0,1,1.0,1,1.0,1,0.16907744125496335,55
4819,1,6735,3754,2981,0,0,0,1.0,1,1.0,1,1.0,1,0.18137528139177875,55
4820,3,6738,3754,2984,0,0,0,1.0,1,1.0,1,1.0,1,0.1404986707884369,55
4821,6,6744,3755,2989,0,0,0,1.0,1,1.0,1,1.0,1,0.053059832133043286,55
4822,0,6744,3755,2989,0,0,0,1.0,1,1.0,1,1.0,1,0.04333079764711855,54
4823,0,6744,3755,2989,0,0,0,1.0,1,1.0,1,1.0,1,0.03483684377274214,54
4824,1,6745,3756,2989,0,0,0,1.0,1,1.0,1,1.0,1,0.03324875132940304,55
4825,1,6746,3757,2989,0,0,0,1.0,1,1.0,1,1.0,1,0.07608496306706071,53
4826,0,6746,3757,2989,0,0,0,1.0,1,1.0,1,1.0,1,0.0721316161388846,54
4827,3,6749,3760,2989,0,0,0,1.0,1,1.0,1,1.0,1,0.13271813461911644,53
4828,1,6750,3760,2990,0,0,0,1.0,1,1.0,1,1.0,1,0.10319221623230819,54
4829,0,6750,3760,2990,0,0,0,1.0,1,1.0,1,1.0,1,0.09705486085614395,54
4830,1,6751,3761,2990,0,0,0,1.0,1,1.0,1,1.0,1,0.0760091480024374,53
4831,2,6753,3762,2991,0,0,0,1.0,1,1.0,1,1.0,1,0.07033500591499568,52
4832,0,6753,3762,2991,0,0,0,1.0,1,1.0,1,1.0,1,0.07788253682627135,50
4833,1,6754,3762,2992,0,0,0,1.0,1,1.0,1,1.0,1,0.0795729213077928,51
4834,0,6754,3762,2992,0,0,0,1.0,1,1.0,1,1.0,1,0.08800714841993308,51
4835,0,6754,3762,2992,0,0,0,1.0,1,1.0,1,1.0,1,0.1285584195154991,50
4836,0,6754,3762,2992,0,0,0,1.0,1,1.0,1,1.0,1,0.10308196366945405,50
4837,1,6755,3763,2992,0,0,0,1.0,1,1.0,1,1.0,1,0.131514602902633,46
4838,4,6759,3766,2993,0,0,0,1.0,1,1.0,1,1.0,1,0.1854388232817252,47
4839,3,6762,3768,2994,0,0,0,1.0,1,1.0,1,1.0,1,0.17376164451316042,45
4840,0,6762,3768,2994,0,0,0,1.0,1,1.0,1,1.0,1,0.17376164451316042,45
4841,6,6768,3769,2999,0,0,0,1.0,1,1.0,1,1.0,1,0.14226921478653906,43
4842,1,6769,3769,3000,0,0,0,1.0,1,1.0,1,1.0,1,0.10849171406354603,43
4843,0,6769,3769,3000,0,0,0,1.0,1,1.0,1,1.0,1,0.10243588640015429,44
4844,0,6769,3769,3000,0,0,0,1.0,1,1.0,1,1.0,1,0.11094413635045275,43
4845,2,6771,3771,3000,0,0,0,1.0,1,1.0,1,1.0,1,0.08370300343696253,44
4846,2,6773,3772,3001,0,0,0,1.0,1,1.0,1,1.0,1,0.04455231793337898,43
4847,3,6776,3774,3002,0,0,0,1.0,1,1.0,1,1.0,1,0.0688098519789142,42
4848,1,6777,3775,3002,0,0,0,1.0,1,1.0,1,1.0,1,0.09851501091342608,41
4849,2,6779,3777,3002,0,0,0,1.0,1,1.0,1,1.0,1,0.10616360904261744,41
4850,1,6780,3777,3003,0,0,0,1.0,1,1.0,1,1.0,1,0.1328718007159503,41
4851,2,6782,3777,3005,0,0,0,1.0,1,1.0,1,1.0,1,0.08353671061841904,41
4852,1,6783,3778,3005,0,0,0,1.0,1,1.0,1,1.0,1,0.12751927007592956,43
4853,0,6783,3778,3005,0,0,0,1.0,1,1.0,1,1.0,1,0.14462219008600205,44
4854,0,6783,3778,3005,0,0,0,1.0,1,1.0,1,1.0,1,0.14700381798716725,45
4855,0,6783,3778,3005,0,0,0,1.0,1,1.0,1,1.0,1,0.15614935893362716,44
4856,0,6783,3778,3005,0,0,0,1.0,1,1.0,1,1.0,1,0.15614935893362716,44
4857,0,6783,3778,3005,0,0,0,1.0,1,1.0,1,1.0,1,0.1696472218616563,44
4858,0,6783,3778,3005,0,0,0,1.0,1,1.0,1,1.0,1,0.18438946240187495,45
4859,1,6784,3778,3006,0,0,0,1.0,1,1.0,1,1.0,1,0.17912899917356925,46
4860,0,6784,3778,3006,0,0,0,1.0,1,1.0,1,1.0,1,0.17912899917356925,46
4861,2,6786,3778,3008,0,0,0,1.0,1,1.0,1,1.0,1,0.11452342699350007,46
4862,2,6788,3778,3010,0,0,0,1.0,1,1.0,1,1.0,1,0.09233741174110482,47
4863,1,6789,3778,3011,0,0,0,1.0,1,1.0,1,1.0,1,0.06557073867165254,47
4864,1,6790,3778,3012,0,0,0,1.0,1,1.0,1,1.0,1,0.054900482320789874,47
4865,0,6790,3778,3012,0,0,0,1.0,1,1.0,1,1.0,1,0.06984328048691203,48
4866,1,6791,3778,3013,0,0,0,1.0,1,1.0,1,1.0,1,0.0664255384248746,49
4867,0,6791,3778,3013,0,0,0,1.0,1,1.0,1,1.0,1,0.07090954751616511,50
4868,0,6791,3778,3013,0,0,0,1.0,1,1.0,1,1.0,1,0.07090954751616511,50
4869,0,6791,3778,3013,0,0,0,1.0,1,1.0,1,1.0,1,0.07090954751616511,50
4870,3,6794,3780,3014,0,0,0,1.0,1,1.0,1,1.0,1,0.08449990039727202,52
4871,1,6795,3780,3015,0,0,0,1.0,1,1.0,1,1.0,1,0.07254895005077787,52
4872,0,6795,3780,3015,0,0,0,1.0,1,1.0,1,1.0,1,0.05400799504618625,53
4873,2,6797,3782,3015,0,0,0,1.0,1,1.0,1,1.0,1,0.09906571499182865,55
4874,1,6798,3783,3015,0,0,0,1.0,1,1.0,1,1.0,1,0.10395863648701498,56
4875,2,6800,3784,3016,0,0,0,1.0,1,1.0,1,1.0,1,0.10442074776701582,55
4876,2,6802,3785,3017,0,0,0,1.0,1,1.0,1,1.0,1,0.11113634385246943,55
4877,4,6806,3788,3018,0,0,0,1.0,1,1.0,1,1.0,1,0.1323573950004343,54
4878,2,6808,3790,3018,0,0,0,1.0,1,1.0,1,1.0,1,0.15598563036031715,53
4879,4,6812,3791,3021,0,0,0,1.0,1,1.0,1,1.0,1,0.16618783629649664,54
4880,3,6815,3793,3022,0,0,0,1.0,1,1.0,1,1.0,1,0.16259188957929982,54
4881,4,6819,3794,3025,0,0,0,1.0,1,1.0,1,1.0,1,0.1506650653451337,53
4882,1,6820,3795,3025,0,0,0,1.0,1,1.0,1,1.0,1,0.15637252834204676,53
4883,0,6820,3795,3025,0,0,0,1.0,1,1.0,1,1.0,1,0.15676587348791607,53
4884,0,6820,3795,3025,0,0,0,1.0,1,1.0,1,1.0,1,0.1435244771954204,51
4885,0,6820,3795,3025,0,0,0,1.0,1,1.0,1,1.0,1,0.13361301519983107,50
4886,0,6820,3795,3025,0,0,0,1.0,1,1.0,1,1.0,1,0.13280866190268964,48
4887,0,6820,3795,3025,0,0,0,1.0,1,1.0,1,1.0,1,0.13280866190268964,48
4888,0,6820,3795,3025,0,0,0,1.0,1,1.0,1,1.0,1,0.13280866190268964,48
4889,0,6820,3795,3025,0,0,0,1.0,1,1.0,1,1.0,1,0.13280866190268964,48
4890,0,6820,3795,3025,0,0,0,1.0,1,1.0,1,1.0,1,0.13166682978691255,49
4891,2,6822,3796,3026,0,0,0,1.0,1,1.0,1,1.0,1,0.14846771785650512,50
4892,1,6823,3796,3027,0,0,0,1.0,1,1.0,1,1.0,1,0.13863296538493974,49
4893,1,6824,3796,3028,0,0,0,1.0,1,1.0,1,1.0,1,0.12947470191499735,50
4894,1,6825,3796,3029,0,0,0,1.0,1,1.0,1,1.0,1,0.107720024588665,51
4895,0,6825,3796,3029,0,0,0,1.0,1,1.0,1,1.0,1,0.11766518154736749,52
4896,1,6826,3796,3030,0,0,0,1.0,1,1.0,1,1.0,1,0.10248109220230812,53
4897,0,6826,3796,3030,0,0,0,1.0,1,1.0,1,1.0,1,0.10248109220230812,53
4898,0,6826,3796,3030,0,0,0,1.0,1,1.0,1,1.0,1,0.10248109220230812,53
4899,2,6828,3798,3030,0,0,0,1.0,1,1.0,1,1.0,1,0.09012810425312008,55
4900,1,6829,3799,3030,0,0,0,1.0,1,1.0,1,1.0,1,0.1187770200630705,55
4901,2,6831,3800,3031,0,0,0,1.0,1,1.0,1,1.0,1,0.09943530675411173,56
4902,2,6833,3801,3032,0,0,0,1.0,1,1.0,1,1.0,1,0.13283158678764884,58
4903,1,6834,3802,3032,0,0,0,1.0,1,1.0,1,1.0,1,0.15136371196097842,58
4904,0,6834,3802,3032,0,0,0,1.0,1,1.0,1,1.0,1,0.1489309656370745,57
4905,1,6835,3803,3032,0,0,0,1.0,1,1.0,1,1.0,1,0.19519079729223163,54
4906,1,6836,3803,3033,0,0,0,1.0,1,1.0,1,1.0,1,0.19688568946128185,55
4907,0,6836,3803,3033,0,0,0,1.0,1,1.0,1,1.0,1,0.21541649444924174,52
4908,1,6837,3804,3033,0,0,0,1.0,1,1.0,1,1.0,1,0.23501376682562858,53
4909,0,6837,3804,3033,0,0,0,1.0,1,1.0,1,1.0,1,0.24273610367297868,52
4910,2,6839,3805,3034,0,0,0,1.0,1,1.0,1,1.0,1,0.25274013034358755,53
4911,6,6845,3806,3039,0,0,0,1.0,1,1.0,1,1.0,1,0.19696222931943666,55
4912,2,6847,3807,3040,0,0,0,1.0,1,1.0,1,1.0,1,0.21599411268035465,54
4913,0,6847,3807,3040,0,0,0,1.0,1,1.0,1,1.0,1,0.20438843956692465,53
4914,2,6849,3808,3041,0,0,0,1.0,1,1.0,1,1.0,1,0.17664889724835098,53
4915,0,6849,3808,3041,0,0,0,1.0,1,1.0,1,1.0,1,0.17759591887011278,54
4916,2,6851,3808,3043,0,0,0,1.0,1,1.0,1,1.0,1,0.15017350237136992,52
4917,1,6852,3809,3043,0,0,0,1.0,1,1.0,1,1.0,1,0.13582391945410707,52
4918,0,6852,3809,3043,0,0,0,1.0,1,1.0,1,1.0,1,0.13059899090995294,51
4919,1,6853,3810,3043,0,0,0,1.0,1,1.0,1,1.0,1,0.1621359124127653,50
4920,1,6854,3810,3044,0,0,0,1.0,1,1.0,1,1.0,1,0.1432837430435104,51
4921,2,6856,3810,3046,0,0,0,1.0,1,1.0,1,1.0,1,0.12188270495388516,51
4922,1,6857,3811,3046,0,0,0,1.0,1,1.0,1,1.0,1,0.1693332887498989,53
4923,0,6857,3811,3046,0,0,0,1.0,1,1.0,1,1.0,1,0.1693332887498989,53
4924,1,6858,3812,3046,0,0,0,1.0,1,1.0,1,1.0,1,0.15672871784033432,55
4925,1,6859,3813,3046,0,0,0,1.0,1,1.0,1,1.0,1,0.13984022738856264,56
4926,0,6859,3813,3046,0,0,0,1.0,1,1.0,1,1.0,1,0.12569415158272895,55
4927,2,6861,3815,3046,0,0,0,1.0,1,1.0,1,1.0,1,0.14112794701186007,55
4928,1,6862,3815,3047,0,0,0,1.0,1,1.0,1,1.0,1,0.13164305097206058,55
4929,1,6863,3815,3048,0,0,0,1.0,1,1.0,1,1.0,1,0.1077545719347124,56
4930,0,6863,3815,3048,0,0,0,1.0,1,1.0,1,1.0,1,0.12124951245493787,58
4931,2,6865,3815,3050,0,0,0,1.0,1,1.0,1,1.0,1,0.09983488995616883,59
4932,1,6866,3815,3051,0,0,0,1.0,1,1.0,1,1.0,1,0.10657786715352352,60
4933,1,6867,3816,3051,0,0,0,1.0,1,1.0,1,1.0,1,0.12680593335622237,60
4934,2,6869,3817,3052,0,0,0,1.0,1,1.0,1,1.0,1,0.13851434825587994,60
4935,0,6869,3817,3052,0,0,0,1.0,1,1.0,1,1.0,1,0.13851434825587994,60
4936,3,6872,3819,3053,0,0,0,1.0,1,1.0,1,1.0,1,0.14546889698299947,61
4937,4,6876,3821,3055,0,0,0,1.0,1,1.0,1,1.0,1,0.1636451568602647,62
4938,1,6877,3821,3056,0,0,0,1.0,1,1.0,1,1.0,1,0.1422436368423548,62
4939,3,6880,3824,3056,0,0,0,1.0,1,1.0,1,1.0,1,0.13828099063102142,64
4940,1,6881,3824,3057,0,0,0,1.0,1,1.0,1,1.0,1,0.1388737959801654,67
4941,2,6883,3824,3059,0,0,0,1.0,1,1.0,1,1.0,1,0.13428324312377768,66
4942,2,6885,3824,3061,0,0,0,1.0,1,1.0,1,1.0,1,0.12488552763942966,67
4943,0,6885,3824,3061,0,0,0,1.0,1,1.0,1,1.0,1,0.14219093555853904,65
4944,1,6886,3824,3062,0,0,0,1.0,1,1.0,1,1.0,1,0.13587456984603047,65
4945,0,6886,3824,3062,0,0,0,1.0,1,1.0,1,1.0,1,0.15948769656397527,62
4946,0,6886,3824,3062,0,0,0,1.0,1,1.0,1,1.0,1,0.16642557313309103,61
4947,1,6887,3825,3062,0,0,0,1.0,1,1.0,1,1.0,1,0.18117353967454963,59
4948,1,6888,3826,3062,0,0,0,1.0,1,1.0,1,1.0,1,0.20632307055832574,59
4949,1,6889,3827,3062,0,0,0,1.0,1,1.0,1,1.0,1,0.20318188936112722,57
4950,6,6895,3832,3063,0,0,0,1.0,1,1.0,1,1.0,1,0.21273008947465688,58
4951,8,6903,3837,3066,0,0,0,1.0,1,1.0,1,1.0,1,0.19438117725802487,55
4952,3,6906,3838,3068,0,0,0,1.0,1,1.0,1,1.0,1,0.17439916290972546,53
4953,2,6908,3840,3068,0,0,0,1.0,1,1.0,1,1.0,1,0.20187885809825484,54
4954,0,6908,3840,3068,0,0,0,1.0,1,1.0,1,1.0,1,0.18187570331405187,52
4955,0,6908,3840,3068,0,0,0,1.0,1,1.0,1,1.0,1,0.1970394156178778,51
4956,0,6908,3840,3068,0,0,0,1.0,1,1.0,1,1.0,1,0.2157763585756167,47
4957,2,6910,3840,3070,0,0,0,1.0,1,1.0,1,1.0,1,0.18028445427325318,48
4958,1,6911,3840,3071,0,0,0,1.0,1,1.0,1,1.0,1,0.15155241341935854,47
4959,0,6911,3840,3071,0,0,0,1.0,1,1.0,1,1.0,1,0.15155241341935854,47
4960,0,6911,3840,3071,0,0,0,1.0,1,1.0,1,1.0,1,0.1647474710099458,48
4961,4,6915,3840,3075,0,0,0,1.0,1,1.0,1,1.0,1,0.1096855468013921,49
4962,2,6917,3842,3075,0,0,0,1.0,1,1.0,1,1.0,1,0.10530718959041878,49
4963,1,6918,3842,3076,0,0,0,1.0,1,1.0,1,1.0,1,0.11156197143164587,51
4964,2,6920,3843,3077,0,0,0,1.0,1,1.0,1,1.0,1,0.12226778158025951,51
4965,2,6922,3845,3077,0,0,0,1.0,1,1.0,1,1.0,1,0.1599326589751119,51
4966,0,6922,3845,3077,0,0,0,1.0,1,1.0,1,1.0,1,0.1599326589751119,51
4967,2,6924,3847,3077,0,0,0,1.0,1,1.0,1,1.0,1,0.19668203444455684,51
4968,4,6928,3848,3080,0,0,0,1.0,1,1.0,1,1.0,1,0.1519156812776202,52
4969,0,6928,3848,3080,0,0,0,1.0,1,1.0,1,1.0,1,0.16040749325468454,53
4970,2,6930,3850,3080,0,0,0,1.0,1,1.0,1,1.0,1,0.16141800616051802,54
4971,4,6934,3850,3084,0,0,0,1.0,1,1.0,1,1.0,1,0.12898415196561341,55
4972,2,6936,3852,3084,0,0,0,1.0,1,1.0,1,1.0,1,0.13377812900143854,56
4973,1,6937,3852,3085,0,0,0,1.0,1,1.0,1,1.0,1,0.10697895348602228,57
4974,1,6938,3852,3086,0,0,0,1.0,1,1.0,1,1.0,1,0.12288342624773252,56
4975,1,6939,3853,3086,0,0,0,1.0,1,1.0,1,1.0,1,0.14983885068886615,57
4976,2,6941,3855,3086,0,0,0,1.0,1,1.0,1,1.0,1,0.1327202157329583,57
4977,1,6942,3855,3087,0,0,0,1.0,1,1.0,1,1.0,1,0.1260468072061239,57
4978,1,6943,3856,3087,0,0,0,1.0,1,1.0,1,1.0,1,0.11619239939926222,58
4979,1,6944,3857,3087,0,0,0,1.0,1,1.0,1,1.0,1,0.1273073658024489,58
4980,1,6945,3858,3087,0,0,0,1.0,1,1.0,1,1.0,1,0.14535441459818838,59
4981,5,6950,3859,3091,0,0,0,1.0,1,1.0,1,1.0,1,0.11673671365689733,60
4982,0,6950,3859,3091,0,0,0,1.0,1,1.0,1,1.0,1,0.1040787193968098,61
4983,1,6951,3860,3091,0,0,0,1.0,1,1.0,1,1.0,1,0.08503952944022024,61
4984,1,6952,3860,3092,0,0,0,1.0,1,1.0,1,1.0,1,0.09823178031949291,59
4985,1,6953,3860,3093,0,0,0,1.0,1,1.0,1,1.0,1,0.1171859814098866,58
4986,0,6953,3860,3093,0,0,0,1.0,1,1.0,1,1.0,1,0.10067868423995653,59
4987,2,6955,3862,3093,0,0,0,1.0,1,1.0,1,1.0,1,0.1348220187316003,58
4988,0,6955,3862,3093,0,0,0,1.0,1,1.0,1,1.0,1,0.14138194203295948,57
4989,4,6959,3866,3093,0,0,0,1.0,1,1.0,1,1.0,1,0.18573223887932466,54
4990,2,6961,3867,3094,0,0,0,1.0,1,1.0,1,1.0,1,0.1669452046470107,53
4991,8,6969,3869,3100,0,0,0,1.0,1,1.0,1,1.0,1,0.1357208946666703,52
4992,3,6972,3871,3101,0,0,0,1.0,1,1.0,1,1.0,1,0.14365671974045358,48
4993,1,6973,3871,3102,0,0,0,1.0,1,1.0,1,1.0,1,0.12208526900898695,48
4994,1,6974,3872,3102,0,0,0,1.0,1,1.0,1,1.0,1,0.12079188250000428,45
4995,2,6976,3874,3102,0,0,0,1.0,1,1.0,1,1.0,1,0.1541184729774772,45
4996,1,6977,3875,3102,0,0,0,1.0,1,1.0,1,1.0,1,0.09595217542374375,45
4997,2,6979,3877,3102,0,0,0,1.0,1,1.0,1,1.0,1,0.14839245301889922,42
4998,1,6980,3878,3102,0,0,0,1.0,1,1.0,1,1.0,1,0.17023171167894344,44
4999,1,6981,3879,3102,0,0,0,1.0,1,1.0,1,1.0,1,0.20543063407117274,44
5000,1,6982,3880,3102,0,0,0,1.0,1,1.0,1,1.0,1,0.2569556781378458,42
5001,4,6986,3880,3106,0,0,0,1.0,1,1.0,1,1.0,1,0.19472592409550724,42
5002,3,6989,3881,3108,0,0,0,1.0,1,1.0,1,1.0,1,0.17573315767084524,41
5003,2,6991,3882,3109,0,0,0,1.0,1,1.0,1,1.0,1,0.2306909437676113,41
5004,1,6992,3882,3110,0,0,0,1.0,1,1.0,1,1.0,1,0.25271778860959215,41
5005,0,6992,3882,3110,0,0,0,1.0,1,1.0,1,1.0,1,0.25271778860959215,41
5006,0,6992,3882,3110,0,0,0,1.0,1,1.0,1,1.0,1,0.2386347103349034,42
5007,1,6993,3882,3111,0,0,0,1.0,1,1.0,1,1.0,1,0.2443012505293313,43
5008,1,6994,3882,3112,0,0,0,1.0,1,1.0,1,1.0,1,0.21333959504607422,46
5009,1,6995,3882,3113,0,0,0,1.0,1,1.0,1,1.0,1,0.22946334311245517,46
5010,1,6996,3882,3114,0,0,0,1.0,1,1.0,1,1.0,1,0.22442580753593377,46
5011,0,6996,3882,3114,0,0,0,1.0,1,1.0,1,1.0,1,0.21171348411547491,47
5012,0,6996,3882,3114,0,0,0,1.0,1,1.0,1,1.0,1,0.20293976450038517,48
5013,0,6996,3882,3114,0,0,0,1.0,1,1.0,1,1.0,1,0.20293976450038517,48
5014,1,6997,3882,3115,0,0,0,1.0,1,1.0,1,1.0,1,0.1970042619475,49
5015,2,6999,3882,3117,0,0,0,1.0,1,1.0,1,1.0,1,0.1624872091425671,50
5016,2,7001,3883,3118,0,0,0,1.0,1,1.0,1,1.0,1,0.1865163369490517,51
5017,2,7003,3883,3120,0,0,0,1.0,1,1.0,1,1.0,1,0.1626104813066479,51
5018,0,7003,3883,3120,0,0,0,1.0,1,1.0,1,1.0,1,0.1626104813066479,51
5019,0,7003,3883,3120,0,0,0,1.0,1,1.0,1,1.0,1,0.16958512343700233,51
5020,0,7003,3883,3120,0,0,0,1.0,1,1.0,1,1.0,1,0.16958512343700233,51
5021,3,7006,3883,3123,0,0,0,1.0,1,1.0,1,1.0,1,0.14387357724296776,52
5022,0,7006,3883,3123,0,0,0,1.0,1,1.0,1,1.0,1,0.14387357724296776,52
5023,1,7007,3884,3123,0,0,0,1.0,1,1.0,1,1.0,1,0.13686289752226377,52
5024,0,7007,3884,3123,0,0,0,1.0,1,1.0,1,1.0,1,0.13428087783380024,51
5025,0,7007,3884,3123,0,0,0,1.0,1,1.0,1,1.0,1,0.14371050364258198,50
5026,1,7008,3885,3123,0,0,0,1.0,1,1.0,1,1.0,1,0.20176726934420944,49
5027,1,7009,3886,3123,0,0,0,1.0,1,1.0,1,1.0,1,0.21245357373955065,47
5028,1,7010,3887,3123,0,0,0,1.0,1,1.0,1,1.0,1,0.2385344803835075,47
5029,2,7012,3888,3124,0,0,0,1.0,1,1.0,1,1.0,1,0.197162923911973,46
5030,1,7013,3889,3124,0,0,0,1.0,1,1.0,1,1.0,1,0.18631335954591777,48
5031,1,7014,3890,3124,0,0,0,1.0,1,1.0,1,1.0,1,0.1682086806630188,46
5032,0,7014,3890,3124,0,0,0,1.0,1,1.0,1,1.0,1,0.1682086806630188,46
5033,1,7015,3891,3124,0,0,0,1.0,1,1.0,1,1.0,1,0.19601494922582063,47
5034,0,7015,3891,3124,0,0,0,1.0,1,1.0,1,1.0,1,0.17364474352667533,48
5035,0,7015,3891,3124,0,0,0,1.0,1,1.0,1,1.0,1,0.17222394467550903,47
5036,0,7015,3891,3124,0,0,0,1.0,1,1.0,1,1.0,1,0.17222394467550903,47
5037,1,7016,3891,3125,0,0,0,1.0,1,1.0,1,1.0,1,0.17448758116871932,47
5038,0,7016,3891,3125,0,0,0,1.0,1,1.0,1,1.0,1,0.18516771427556422,48
5039,2,7018,3892,3126,0,0,0,1.0,1,1.0,1,1.0,1,0.2229441983642565,47
5040,0,7018,3892,3126,0,0,0,1.0,1,1.0,1,1.0,1,0.2155031069545424,48
5041,1,7019,3892,3127,0,0,0,1.0,1,1.0,1,1.0,1,0.1960885780825645,49
5042,0,7019,3892,3127,0,0,0,1.0,1,1.0,1,1.0,1,0.18428231906428208,50
5043,1,7020,3892,3128,0,0,0,1.0,1,1.0,1,1.0,1,0.14945494929839537,51
5044,0,7020,3892,3128,0,0,0,1.0,1,1.0,1,1.0,1,0.14945494929839537,51
5045,1,7021,3892,3129,0,0,0,1.0,1,1.0,1,1.0,1,0.13764222535165538,51
5046,1,7022,3893,3129,0,0,0,1.0,1,1.0,1,1.0,1,0.15799110525844698,52
5047,0,7022,3893,3129,0,0,0,1.0,1,1.0,1,1.0,1,0.1551030190613049,52
5048,1,7023,3893,3130,0,0,0,1.0,1,1.0,1,1.0,1,0.14694993368110582,52
5049,1,7024,3893,3131,0,0,0,1.0,1,1.0,1,1.0,1,0.16677118072546918,52
5050,1,7025,3893,3132,0,0,0,1.0,1,1.0,1,1.0,1,0.14536837519182752,55
5051,2,7027,3893,3134,0,0,0,1.0,1,1.0,1,1.0,1,0.14466956402678202,55
5052,0,7027,3893,3134,0,0,0,1.0,1,1.0,1,1.0,1,0.14466956402678202,55
5053,1,7028,3893,3135,0,0,0,1.0,1,1.0,1,1.0,1,0.14782005872708256,54
5054,2,7030,3894,3136,0,0,0,1.0,1,1.0,1,1.0,1,0.1413946166746446,54
5055,1,7031,3894,3137,0,0,0,1.0,1,1.0,1,1.0,1,0.13557189324899582,54
5056,2,7033,3894,3139,0,0,0,1.0,1,1.0,1,1.0,1,0.12287055253382055,55
5057,0,7033,3894,3139,0,0,0,1.0,1,1.0,1,1.0,1,0.13084858127634433,56
5058,2,7035,3896,3139,0,0,0,1.0,1,1.0,1,1.0,1,0.11802304628533515,58
5059,1,7036,3896,3140,0,0,0,1.0,1,1.0,1,1.0,1,0.1017957716114854,58
5060,3,7039,3899,3140,0,0,0,1.0,1,1.0,1,1.0,1,0.10975666416785843,59
5061,5,7044,3900,3144,0,0,0,1.0,1,1.0,1,1.0,1,0.03292835407356351,58
5062,2,7046,3901,3145,0,0,0,1.0,1,1.0,1,1.0,1,0.03298203944782122,58
5063,4,7050,3904,3146,0,0,0,1.0,1,1.0,1,1.0,1,0.07812625243607302,57
5064,2,7052,3906,3146,0,0,0,1.0,1,1.0,1,1.0,1,0.1255534966918801,57
5065,0,7052,3906,3146,0,0,0,1.0,1,1.0,1,1.0,1,0.14094650159453007,56
5066,2,7054,3908,3146,0,0,0,1.0,1,1.0,1,1.0,1,0.19639489802715707,55
5067,0,7054,3908,3146,0,0,0,1.0,1,1.0,1,1.0,1,0.18439365405506614,54
5068,3,7057,3909,3148,0,0,0,1.0,1,1.0,1,1.0,1,0.17747647124511795,54
5069,2,7059,3910,3149,0,0,0,1.0,1,1.0,1,1.0,1,0.17768195087220884,53
5070,5,7064,3911,3153,0,0,0,1.0,1,1.0,1,1.0,1,0.2026115809516674,53
5071,2,7066,3911,3155,0,0,0,1.0,1,1.0,1,1.0,1,0.17159330947457607,53
5072,1,7067,3911,3156,0,0,0,1.0,1,1.0,1,1.0,1,0.14995810356808773,53
5073,1,7068,3911,3157,0,0,0,1.0,1,1.0,1,1.0,1,0.12994926212138838,53
5074,1,7069,3911,3158,0,0,0,1.0,1,1.0,1,1.0,1,0.09984029178495737,52
5075,0,7069,3911,3158,0,0,0,1.0,1,1.0,1,1.0,1,0.09984029178495737,52
5076,2,7071,3911,3160,0,0,0,1.0,1,1.0,1,1.0,1,0.05447124680729604,55
5077,1,7072,3912,3160,0,0,0,1.0,1,1.0,1,1.0,1,0.10983912537359522,55
5078,0,7072,3912,3160,0,0,0,1.0,1,1.0,1,1.0,1,0.10983912537359522,55
5079,0,7072,3912,3160,0,0,0,1.0,1,1.0,1,1.0,1,0.12394367145407434,54
5080,1,7073,3913,3160,0,0,0,1.0,1,1.0,1,1.0,1,0.1378794130816905,55
5081,2,7075,3913,3162,0,0,0,1.0,1,1.0,1,1.0,1,0.13384219044609863,57
5082,0,7075,3913,3162,0,0,0,1.0,1,1.0,1,1.0,1,0.13384219044609863,57
5083,1,7076,3913,3163,0,0,0,1.0,1,1.0,1,1.0,1,0.11696010794432186,58
5084,1,7077,3913,3164,0,0,0,1.0,1,1.0,1,1.0,1,0.10757519513421232,58
5085,0,7077,3913,3164,0,0,0,1.0,1,1.0,1,1.0,1,0.10229296517991703,59
5086,2,7079,3915,3164,0,0,0,1.0,1,1.0,1,1.0,1,0.09429452179630013,60
5087,1,7080,3916,3164,0,0,0,1.0,1,1.0,1,1.0,1,0.11086131641827167,61
5088,3,7083,3918,3165,0,0,0,1.0,1,1.0,1,1.0,1,0.1428758805742623,62
5089,4,7087,3921,3166,0,0,0,1.0,1,1.0,1,1.0,1,0.14867395524817714,63
5090,1,7088,3921,3167,0,0,0,1.0,1,1.0,1,1.0,1,0.13765315403890221,63
5091,7,7095,3924,3171,0,0,0,1.0,1,1.0,1,1.0,1,0.12491966811361407,63
5092,0,7095,3924,3171,0,0,0,1.0,1,1.0,1,1.0,1,0.12491966811361407,63
5093,0,7095,3924,3171,0,0,0,1.0,1,1.0,1,1.0,1,0.12491966811361407,63
5094,1,7096,3925,3171,0,0,0,1.0,1,1.0,1,1.0,1,0.12364408915604044,64
5095,0,7096,3925,3171,0,0,0,1.0,1,1.0,1,1.0,1,0.12364408915604044,64
5096,2,7098,3925,3173,0,0,0,1.0,1,1.0,1,1.0,1,0.09291289551338269,67
5097,1,7099,3926,3173,0,0,0,1.0,1,1.0,1,1.0,1,0.11467196744987403,67
5098,1,7100,3927,3173,0,0,0,1.0,1,1.0,1,1.0,1,0.10997722270838584,68
5099,2,7102,3928,3174,0,0,0,1.0,1,1.0,1,1.0,1,0.0990611735400717,70
5100,0,7102,3928,3174,0,0,0,1.0,1,1.0,1,1.0,1,0.08513438328178823,71
5101,4,7106,3929,3177,0,0,0,1.0,1,1.0,1,1.0,1,0.0633781738555598,71
5102,1,7107,3930,3177,0,0,0,1.0,1,1.0,1,1.0,1,0.07291061435714008,70
5103,1,7108,3931,3177,0,0,0,1.0,1,1.0,1,1.0,1,0.08059008598018948,67
5104,1,7109,3932,3177,0,0,0,1.0,1,1.0,1,1.0,1,0.09796288268307451,67
5105,3,7112,3935,3177,0,0,0,1.0,1,1.0,1,1.0,1,0.12053957406936666,63
5106,2,7114,3937,3177,0,0,0,1.0,1,1.0,1,1.0,1,0.14828765424965584,63
5107,3,7117,3940,3177,0,0,0,1.0,1,1.0,1,1.0,1,0.1833534871443547,60
5108,3,7120,3943,3177,0,0,0,1.0,1,1.0,1,1.0,1,0.21616166932568734,56
5109,1,7121,3944,3177,0,0,0,1.0,1,1.0,1,1.0,1,0.23105879884715416,56
5110,3,7124,3947,3177,0,0,0,1.0,1,1.0,1,1.0,1,0.2508528331309765,52
5111,7,7131,3951,3180,0,0,0,1.0,1,1.0,1,1.0,1,0.22685780067867448,51
5112,3,7134,3952,3182,0,0,0,1.0,1,1.0,1,1.0,1,0.223159139949598,50
5113,4,7138,3954,3184,0,0,0,1.0,1,1.0,1,1.0,1,0.22984648305305078,48
5114,1,7139,3955,3184,0,0,0,1.0,1,1.0,1,1.0,1,0.2228415471139898,46
5115,0,7139,3955,3184,0,0,0,1.0,1,1.0,1,1.0,1,0.20238796110910384,44
5116,0,7139,3955,3184,0,0,0,1.0,1,1.0,1,1.0,1,0.20486221094090024,44
5117,0,7139,3955,3184,0,0,0,1.0,1,1.0,1,1.0,1,0.20052751407760178,46
5118,0,7139,3955,3184,0,0,0,1.0,1,1.0,1,1.0,1,0.20052751407760178,46
5119,1,7140,3956,3184,0,0,0,1.0,1,1.0,1,1.0,1,0.21767018569567156,46
5120,1,7141,3957,3184,0,0,0,1.0,1,1.0,1,1.0,1,0.23895310532671546,46
5121,6,7147,3958,3189,0,0,0,1.0,1,1.0,1,1.0,1,0.20529741417073955,46
5122,2,7149,3959,3190,0,0,0,1.0,1,1.0,1,1.0,1,0.22564341427186713,46
5123,4,7153,3961,3192,0,0,0,1.0,1,1.0,1,1.0,1,0.2010907925001037,45
5124,3,7156,3962,3194,0,0,0,1.0,1,1.0,1,1.0,1,0.19577008540703586,47
5125,1,7157,3963,3194,0,0,0,1.0,1,1.0,1,1.0,1,0.19069328988992637,50
5126,1,7158,3964,3194,0,0,0,1.0,1,1.0,1,1.0,1,0.17300928575252247,50
5127,2,7160,3964,3196,0,0,0,1.0,1,1.0,1,1.0,1,0.14707776008936443,52
5128,1,7161,3965,3196,0,0,0,1.0,1,1.0,1,1.0,1,0.13646460365333785,53
5129,1,7162,3965,3197,0,0,0,1.0,1,1.0,1,1.0,1,0.1265684575869735,55
5130,0,7162,3965,3197,0,0,0,1.0,1,1.0,1,1.0,1,0.1265684575869735,55
5131,4,7166,3965,3201,0,0,0,1.0,1,1.0,1,1.0,1,0.10904347752859851,54
5132,0,7166,3965,3201,0,0,0,1.0,1,1.0,1,1.0,1,0.11732351900905325,54
5133,0,7166,3965,3201,0,0,0,1.0,1,1.0,1,1.0,1,0.11732351900905325,54
5134,0,7166,3965,3201,0,0,0,1.0,1,1.0,1,1.0,1,0.13186756099294974,53
5135,0,7166,3965,3201,0,0,0,1.0,1,1.0,1,1.0,1,0.14252755254810587,54
5136,1,7167,3965,3202,0,0,0,1.0,1,1.0,1,1.0,1,0.16901210514348994,54
5137,1,7168,3966,3202,0,0,0,1.0,1,1.0,1,1.0,1,0.15888430877590073,54
5138,2,7170,3968,3202,0,0,0,1.0,1,1.0,1,1.0,1,0.1848089239178604,54
5139,2,7172,3969,3203,0,0,0,1.0,1,1.0,1,1.0,1,0.15884094096697043,55
5140,4,7176,3972,3204,0,0,0,1.0,1,1.0,1,1.0,1,0.16426303992973706,55
5141,3,7179,3974,3205,0,0,0,1.0,1,1.0,1,1.0,1,0.1334643381004129,53
5142,0,7179,3974,3205,0,0,0,1.0,1,1.0,1,1.0,1,0.11797092940534458,54
5143,2,7181,3976,3205,0,0,0,1.0,1,1.0,1,1.0,1,0.16109593997401103,52
5144,0,7181,3976,3205,0,0,0,1.0,1,1.0,1,1.0,1,0.13467712758845715,50
5145,0,7181,3976,3205,0,0,0,1.0,1,1.0,1,1.0,1,0.14611236651520876,49
5146,0,7181,3976,3205,0,0,0,1.0,1,1.0,1,1.0,1,0.14819363420349987,49
5147,0,7181,3976,3205,0,0,0,1.0,1,1.0,1,1.0,1,0.17014301039033086,46
5148,1,7182,3977,3205,0,0,0,1.0,1,1.0,1,1.0,1,0.1252267789291537,46
5149,0,7182,3977,3205,0,0,0,1.0,1,1.0,1,1.0,1,0.14797755422931058,45
5150,3,7185,3980,3205,0,0,0,1.0,1,1.0,1,1.0,1,0.14265530726614756,47
5151,3,7188,3982,3206,0,0,0,1.0,1,1.0,1,1.0,1,0.1689423284391899,46
5152,3,7191,3984,3207,0,0,0,1.0,1,1.0,1,1.0,1,0.20060153997471541,46
5153,1,7192,3984,3208,0,0,0,1.0,1,1.0,1,1.0,1,0.19820615959544183,45
5154,2,7194,3985,3209,0,0,0,1.0,1,1.0,1,1.0,1,0.21929543399448626,47
5155,2,7196,3986,3210,0,0,0,1.0,1,1.0,1,1.0,1,0.25149497775994656,47
5156,0,7196,3986,3210,0,0,0,1.0,1,1.0,1,1.0,1,0.25149497775994656,47
5157,0,7196,3986,3210,0,0,0,1.0,1,1.0,1,1.0,1,0.2647877422189973,46
5158,0,7196,3986,3210,0,0,0,1.0,1,1.0,1,1.0,1,0.257693581978696,47
5159,3,7199,3986,3213,0,0,0,1.0,1,1.0,1,1.0,1,0.22387100623152353,49
5160,0,7199,3986,3213,0,0,0,1.0,1,1.0,1,1.0,1,0.2328607732766271,48
5161,5,7204,3986,3218,0,0,0,1.0,1,1.0,1,1.0,1,0.1809489968188385,48
5162,1,7205,3986,3219,0,0,0,1.0,1,1.0,1,1.0,1,0.15854152330061513,49
5163,1,7206,3986,3220,0,0,0,1.0,1,1.0,1,1.0,1,0.15149468270849462,51
5164,1,7207,3986,3221,0,0,0,1.0,1,1.0,1,1.0,1,0.14438719667177785,51
5165,1,7208,3986,3222,0,0,0,1.0,1,1.0,1,1.0,1,0.15278235928979245,52
5166,1,7209,3987,3222,0,0,0,1.0,1,1.0,1,1.0,1,0.15115563718335565,52
5167,1,7210,3988,3222,0,0,0,1.0,1,1.0,1,1.0,1,0.162734360982243,52
5168,0,7210,3988,3222,0,0,0,1.0,1,1.0,1,1.0,1,0.162734360982243,52
5169,2,7212,3989,3223,0,0,0,1.0,1,1.0,1,1.0,1,0.14947646711614004,53
5170,0,7212,3989,3223,0,0,0,1.0,1,1.0,1,1.0,1,0.14947646711614004,53
5171,4,7216,3989,3227,0,0,0,1.0,1,1.0,1,1.0,1,0.08974863763634118,52
5172,1,7217,3990,3227,0,0,0,1.0,1,1.0,1,1.0,1,0.08115638367198963,53
5173,2,7219,3990,3229,0,0,0,1.0,1,1.0,1,1.0,1,0.08265127798028545,54
5174,1,7220,3990,3230,0,0,0,1.0,1,1.0,1,1.0,1,0.07480275341933718,56
5175,2,7222,3991,3231,0,0,0,1.0,1,1.0,1,1.0,1,0.06677469655646008,58
5176,1,7223,3992,3231,0,0,0,1.0,1,1.0,1,1.0,1,0.09548995940116868,58
5177,2,7225,3992,3233,0,0,0,1.0,1,1.0,1,1.0,1,0.10347830679049312,59
5178,2,7227,3994,3233,0,0,0,1.0,1,1.0,1,1.0,1,0.10682147327663542,57
5179,0,7227,3994,3233,0,0,0,1.0,1,1.0,1,1.0,1,0.11792429167554253,58
5180,2,7229,3994,3235,0,0,0,1.0,1,1.0,1,1.0,1,0.08111307119570327,56
5181,4,7233,3996,3237,0,0,0,1.0,1,1.0,1,1.0,1,0.09949736622203191,57
5182,0,7233,3996,3237,0,0,0,1.0,1,1.0,1,1.0,1,0.09094762350598273,56
5183,2,7235,3998,3237,0,0,0,1.0,1,1.0,1,1.0,1,0.14578849157409873,57
5184,0,7235,3998,3237,0,0,0,1.0,1,1.0,1,1.0,1,0.15085476141429927,56
5185,2,7237,3998,3239,0,0,0,1.0,1,1.0,1,1.0,1,0.16765822810560427,56
5186,1,7238,3999,3239,0,0,0,1.0,1,1.0,1,1.0,1,0.17818127320503246,54
5187,0,7238,3999,3239,0,0,0,1.0,1,1.0,1,1.0,1,0.17125160147633492,51
5188,0,7238,3999,3239,0,0,0,1.0,1,1.0,1,1.0,1,0.15692306548958876,50
5189,0,7238,3999,3239,0,0,0,1.0,1,1.0,1,1.0,1,0.1750246978105405,49
5190,2,7240,4001,3239,0,0,0,1.0,1,1.0,1,1.0,1,0.15638608695767417,50
5191,3,7243,4001,3242,0,0,0,1.0,1,1.0,1,1.0,1,0.1130041076040717,50
5192,2,7245,4003,3242,0,0,0,1.0,1,1.0,1,1.0,1,0.10970828213267857,49
5193,0,7245,4003,3242,0,0,0,1.0,1,1.0,1,1.0,1,0.12584253962628317,50
5194,2,7247,4004,3243,0,0,0,1.0,1,1.0,1,1.0,1,0.14294033984093416,51
5195,1,7248,4005,3243,0,0,0,1.0,1,1.0,1,1.0,1,0.15540609499511457,51
5196,0,7248,4005,3243,0,0,0,1.0,1,1.0,1,1.0,1,0.15540609499511457,51
5197,0,7248,4005,3243,0,0,0,1.0,1,1.0,1,1.0,1,0.15540609499511457,51
5198,0,7248,4005,3243,0,0,0,1.0,1,1.0,1,1.0,1,0.15540609499511457,51
5199,0,7248,4005,3243,0,0,0,1.0,1,1.0,1,1.0,1,0.1343969726726823,54
5200,2,7250,4006,3244,0,0,0,1.0,1,1.0,1,1.0,1,0.1231363943153962,54
5201,4,7254,4008,3246,0,0,0,1.0,1,1.0,1,1.0,1,0.13075939765702824,55
5202,1,7255,4008,3247,0,0,0,1.0,1,1.0,1,1.0,1,0.1297133346398969,56
5203,1,7256,4009,3247,0,0,0,1.0,1,1.0,1,1.0,1,0.13829335305612916,56
5204,1,7257,4009,3248,0,0,0,1.0,1,1.0,1,1.0,1,0.11925886658160086,58
5205,1,7258,4009,3249,0,0,0,1.0,1,1.0,1,1.0,1,0.10513416318673845,58
5206,3,7261,4010,3251,0,0,0,1.0,1,1.0,1,1.0,1,0.08981694181004768,58
5207,0,7261,4010,3251,0,0,0,1.0,1,1.0,1,1.0,1,0.09836660056834719,59
5208,1,7262,4011,3251,0,0,0,1.0,1,1.0,1,1.0,1,0.10552632929972598,58
5209,0,7262,4011,3251,0,0,0,1.0,1,1.0,1,1.0,1,0.10552632929972598,58
5210,0,7262,4011,3251,0,0,0,1.0,1,1.0,1,1.0,1,0.10785031547011897,57
5211,2,7264,4011,3253,0,0,0,1.0,1,1.0,1,1.0,1,0.08544637759946852,57
5212,2,7266,4011,3255,0,0,0,1.0,1,1.0,1,1.0,1,0.07150657627479111,59
5213,4,7270,4013,3257,0,0,0,1.0,1,1.0,1,1.0,1,0.10705432749846687,59
5214,1,7271,4014,3257,0,0,0,1.0,1,1.0,1,1.0,1,0.16212572564445063,59
5215,3,7274,4015,3259,0,0,0,1.0,1,1.0,1,1.0,1,0.1843860822214847,58
5216,1,7275,4016,3259,0,0,0,1.0,1,1.0,1,1.0,1,0.18518534763101568,59
5217,4,7279,4020,3259,0,0,0,1.0,1,1.0,1,1.0,1,0.15182325370559438,58
5218,2,7281,4022,3259,0,0,0,1.0,1,1.0,1,1.0,1,0.17880924785472438,58
5219,1,7282,4023,3259,0,0,0,1.0,1,1.0,1,1.0,1,0.17719081516651483,57
5220,0,7282,4023,3259,0,0,0,1.0,1,1.0,1,1.0,1,0.1590703423955816,56
5221,3,7285,4024,3261,0,0,0,1.0,1,1.0,1,1.0,1,0.14929582362055913,58
5222,0,7285,4024,3261,0,0,0,1.0,1,1.0,1,1.0,1,0.12500360977855737,56
5223,2,7287,4026,3261,0,0,0,1.0,1,1.0,1,1.0,1,0.18758457839776652,55
5224,2,7289,4026,3263,0,0,0,1.0,1,1.0,1,1.0,1,0.17047864517987021,56
5225,1,7290,4027,3263,0,0,0,1.0,1,1.0,1,1.0,1,0.20933347143077632,55
5226,0,7290,4027,3263,0,0,0,1.0,1,1.0,1,1.0,1,0.20933347143077632,55
5227,0,7290,4027,3263,0,0,0,1.0,1,1.0,1,1.0,1,0.20459494699667335,53
5228,0,7290,4027,3263,0,0,0,1.0,1,1.0,1,1.0,1,0.19900022050724037,51
5229,0,7290,4027,3263,0,0,0,1.0,1,1.0,1,1.0,1,0.17780905567632385,51
5230,0,7290,4027,3263,0,0,0,1.0,1,1.0,1,1.0,1,0.17954161149409745,51
5231,4,7294,4029,3265,0,0,0,1.0,1,1.0,1,1.0,1,0.18282169757084507,52
5232,2,7296,4030,3266,0,0,0,1.0,1,1.0,1,1.0,1,0.21514867799660206,52
5233,1,7297,4030,3267,0,0,0,1.0,1,1.0,1,1.0,1,0.21901424973289024,53
5234,2,7299,4031,3268,0,0,0,1.0,1,1.0,1,1.0,1,0.23643108880158314,53
5235,1,7300,4032,3268,0,0,0,1.0,1,1.0,1,1.0,1,0.2292146511380148,53
5236,0,7300,4032,3268,0,0,0,1.0,1,1.0,1,1.0,1,0.2378074583972245,52
5237,0,7300,4032,3268,0,0,0,1.0,1,1.0,1,1.0,1,0.25915199745104445,52
5238,2,7302,4032,3270,0,0,0,1.0,1,1.0,1,1.0,1,0.2378343223927679,52
5239,0,7302,4032,3270,0,0,0,1.0,1,1.0,1,1.0,1,0.253351505493566,51
5240,0,7302,4032,3270,0,0,0,1.0,1,1.0,1,1.0,1,0.2608978257319093,53
5241,6,7308,4032,3276,0,0,0,1.0,1,1.0,1,1.0,1,0.2174858575351973,53
5242,4,7312,4034,3278,0,0,0,1.0,1,1.0,1,1.0,1,0.1896530268544317,51
5243,2,7314,4035,3279,0,0,0,1.0,1,1.0,1,1.0,1,0.2042223303203273,51
5244,2,7316,4036,3280,0,0,0,1.0,1,1.0,1,1.0,1,0.1942831672343459,52
5245,3,7319,4038,3281,0,0,0,1.0,1,1.0,1,1.0,1,0.18940914599987255,53
5246,1,7320,4039,3281,0,0,0,1.0,1,1.0,1,1.0,1,0.1768526698230371,53
5247,3,7323,4040,3283,0,0,0,1.0,1,1.0,1,1.0,1,0.17703979708267553,54
5248,1,7324,4041,3283,0,0,0,1.0,1,1.0,1,1.0,1,0.1503587075002263,54
5249,1,7325,4042,3283,0,0,0,1.0,1,1.0,1,1.0,1,0.12658989960609532,55
5250,0,7325,4042,3283,0,0,0,1.0,1,1.0,1,1.0,1,0.14354172271728832,57
5251,3,7328,4042,3286,0,0,0,1.0,1,1.0,1,1.0,1,0.09338600177512832,58
5252,2,7330,4044,3286,0,0,0,1.0,1,1.0,1,1.0,1,0.11394287548436068,58
5253,4,7334,4046,3288,0,0,0,1.0,1,1.0,1,1.0,1,0.14272264871616414,58
5254,1,7335,4047,3288,0,0,0,1.0,1,1.0,1,1.0,1,0.16748460699864662,59
5255,3,7338,4049,3289,0,0,0,1.0,1,1.0,1,1.0,1,0.16421671958577067,58
5256,0,7338,4049,3289,0,0,0,1.0,1,1.0,1,1.0,1,0.17075398446083595,58
5257,1,7339,4050,3289,0,0,0,1.0,1,1.0,1,1.0,1,0.187778472063649,57
5258,0,7339,4050,3289,0,0,0,1.0,1,1.0,1,1.0,1,0.1657812544292298,55
5259,1,7340,4050,3290,0,0,0,1.0,1,1.0,1,1.0,1,0.14994932060893046,56
5260,0,7340,4050,3290,0,0,0,1.0,1,1.0,1,1.0,1,0.1404057465976548,55
5261,0,7340,4050,3290,0,0,0,1.0,1,1.0,1,1.0,1,0.1331253300952905,54
5262,1,7341,4051,3290,0,0,0,1.0,1,1.0,1,1.0,1,0.15908189900680358,54
5263,0,7341,4051,3290,0,0,0,1.0,1,1.0,1,1.0,1,0.17279028460409274,55
5264,4,7345,4053,3292,0,0,0,1.0,1,1.0,1,1.0,1,0.15229559634712944,53
5265,3,7348,4056,3292,0,0,0,1.0,1,1.0,1,1.0,1,0.12460548846922287,52
5266,0,7348,4056,3292,0,0,0,1.0,1,1.0,1,1.0,1,0.13885171221520679,49
5267,3,7351,4057,3294,0,0,0,1.0,1,1.0,1,1.0,1,0.15369148121681625,49
5268,1,7352,4058,3294,0,0,0,1.0,1,1.0,1,1.0,1,0.1857278261168906,46
5269,1,7353,4059,3294,0,0,0,1.0,1,1.0,1,1.0,1,0.18833072939899415,45
5270,1,7354,4060,3294,0,0,0,1.0,1,1.0,1,1.0,1,0.18962796767012166,46
5271,8,7362,4064,3298,0,0,0,1.0,1,1.0,1,1.0,1,0.12858818970778294,46
5272,1,7363,4064,3299,0,0,0,1.0,1,1.0,1,1.0,1,0.13168678364752698,45
5273,1,7364,4065,3299,0,0,0,1.0,1,1.0,1,1.0,1,0.12925463928745887,45
5274,0,7364,4065,3299,0,0,0,1.0,1,1.0,1,1.0,1,0.148036401329416,45
5275,3,7367,4068,3299,0,0,0,1.0,1,1.0,1,1.0,1,0.19588984857357972,46
5276,4,7371,4071,3300,0,0,0,1.0,1,1.0,1,1.0,1,0.23999776160982336,45
5277,1,7372,4071,3301,0,0,0,1.0,1,1.0,1,1.0,1,0.21988660913516783,45
5278,2,7374,4073,3301,0,0,0,1.0,1,1.0,1,1.0,1,0.2606609374440233,44
5279,1,7375,4074,3301,0,0,0,1.0,1,1.0,1,1.0,1,0.27571559110777766,45
5280,2,7377,4075,3302,0,0,0,1.0,1,1.0,1,1.0,1,0.2647863722690872,46
5281,4,7381,4075,3306,0,0,0,1.0,1,1.0,1,1.0,1,0.19120702241648715,46
5282,2,7383,4076,3307,0,0,0,1.0,1,1.0,1,1.0,1,0.1975480014953933,47
5283,0,7383,4076,3307,0,0,0,1.0,1,1.0,1,1.0,1,0.20934686008095788,48
5284,1,7384,4076,3308,0,0,0,1.0,1,1.0,1,1.0,1,0.19903918608986698,48
5285,0,7384,4076,3308,0,0,0,1.0,1,1.0,1,1.0,1,0.1762062073581814,48
5286,1,7385,4076,3309,0,0,0,1.0,1,1.0,1,1.0,1,0.17186590462108997,50
5287,0,7385,4076,3309,0,0,0,1.0,1,1.0,1,1.0,1,0.17186590462108997,50
5288,0,7385,4076,3309,0,0,0,1.0,1,1.0,1,1.0,1,0.16425168041044844,51
5289,0,7385,4076,3309,0,0,0,1.0,1,1.0,1,1.0,1,0.16425168041044844,51
5290,2,7387,4076,3311,0,0,0,1.0,1,1.0,1,1.0,1,0.11751243019614654,52
5291,2,7389,4077,3312,0,0,0,1.0,1,1.0,1,1.0,1,0.14971791630948966,52
5292,1,7390,4077,3313,0,0,0,1.0,1,1.0,1,1.0,1,0.1472892081623441,53
5293,2,7392,4078,3314,0,0,0,1.0,1,1.0,1,1.0,1,0.1611191493169958,51
5294,0,7392,4078,3314,0,0,0,1.0,1,1.0,1,1.0,1,0.14780636331162084,50
5295,2,7394,4078,3316,0,0,0,1.0,1,1.0,1,1.0,1,0.16694326005578145,49
5296,0,7394,4078,3316,0,0,0,1.0,1,1.0,1,1.0,1,0.16629168753953688,48
5297,0,7394,4078,3316,0,0,0,1.0,1,1.0,1,1.0,1,0.19245201900168127,46
5298,0,7394,4078,3316,0,0,0,1.0,1,1.0,1,1.0,1,0.193181520578167,46
5299,1,7395,4079,3316,0,0,0,1.0,1,1.0,1,1.0,1,0.21815411965782083,47
5300,1,7396,4079,3317,0,0,0,1.0,1,1.0,1,1.0,1,0.2074743261902433,48
5301,0,7396,4079,3317,0,0,0,1.0,1,1.0,1,1.0,1,0.2074743261902433,48
5302,1,7397,4080,3317,0,0,0,1.0,1,1.0,1,1.0,1,0.23092679310613667,49
5303,1,7398,4080,3318,0,0,0,1.0,1,1.0,1,1.0,1,0.21874187073966603,48
5304,0,7398,4080,3318,0,0,0,1.0,1,1.0,1,1.0,1,0.22085928810261157,48
5305,0,7398,4080,3318,0,0,0,1.0,1,1.0,1,1.0,1,0.22856132188743075,47
5306,2,7400,4082,3318,0,0,0,1.0,1,1.0,1,1.0,1,0.19479806081361223,48
5307,1,7401,4083,3318,0,0,0,1.0,1,1.0,1,1.0,1,0.20769544011449942,48
5308,0,7401,4083,3318,0,0,0,1.0,1,1.0,1,1.0,1,0.20540886358907012,47
5309,0,7401,4083,3318,0,0,0,1.0,1,1.0,1,1.0,1,0.22075303966618198,46
5310,1,7402,4083,3319,0,0,0,1.0,1,1.0,1,1.0,1,0.21166136477764977,46
5311,2,7404,4084,3320,0,0,0,1.0,1,1.0,1,1.0,1,0.17464278312493373,46
5312,1,7405,4084,3321,0,0,0,1.0,1,1.0,1,1.0,1,0.17927746031714983,46
5313,2,7407,4084,3323,0,0,0,1.0,1,1.0,1,1.0,1,0.17303096952807137,46
5314,0,7407,4084,3323,0,0,0,1.0,1,1.0,1,1.0,1,0.17303096952807137,46
5315,2,7409,4084,3325,0,0,0,1.0,1,1.0,1,1.0,1,0.14533527626982357,47
5316,0,7409,4084,3325,0,0,0,1.0,1,1.0,1,1.0,1,0.18435681344017524,48
5317,0,7409,4084,3325,0,0,0,1.0,1,1.0,1,1.0,1,0.1635529145430911,49
5318,7,7416,4089,3327,0,0,0,1.0,1,1.0,1,1.0,1,0.14312020801082426,49
5319,1,7417,4090,3327,0,0,0,1.0,1,1.0,1,1.0,1,0.1660566399204004,50
5320,1,7418,4091,3327,0,0,0,1.0,1,1.0,1,1.0,1,0.1767041465203697,51
5321,3,7421,4091,3330,0,0,0,1.0,1,1.0,1,1.0,1,0.12427092734821493,52
5322,0,7421,4091,3330,0,0,0,1.0,1,1.0,1,1.0,1,0.13648072662805474,53
5323,1,7422,4092,3330,0,0,0,1.0,1,1.0,1,1.0,1,0.10102292827721669,53
5324,2,7424,4092,3332,0,0,0,1.0,1,1.0,1,1.0,1,0.08396776639701012,55
5325,1,7425,4093,3332,0,0,0,1.0,1,1.0,1,1.0,1,0.09411546357394933,55
5326,4,7429,4095,3334,0,0,0,1.0,1,1.0,1,1.0,1,0.045155960986772624,55
5327,1,7430,4095,3335,0,0,0,1.0,1,1.0,1,1.0,1,0.05313483306816359,56
5328,2,7432,4096,3336,0,0,0,1.0,1,1.0,1,1.0,1,0.04931188463015042,57
5329,1,7433,4097,3336,0,0,0,1.0,1,1.0,1,1.0,1,0.03656039818813216,57
5330,3,7436,4099,3337,0,0,0,1.0,1,1.0,1,1.0,1,0.05401227197221117,56
5331,2,7438,4100,3338,0,0,0,1.0,1,1.0,1,1.0,1,0.037338711241754974,57
5332,0,7438,4100,3338,0,0,0,1.0,1,1.0,1,1.0,1,0.04077370480152132,58
5333,1,7439,4101,3338,0,0,0,1.0,1,1.0,1,1.0,1,0.050145379973821715,59
5334,1,7440,4102,3338,0,0,0,1.0,1,1.0,1,1.0,1,0.06430910717542002,59
5335,0,7440,4102,3338,0,0,0,1.0,1,1.0,1,1.0,1,0.05344220159025879,58
5336,1,7441,4103,3338,0,0,0,1.0,1,1.0,1,1.0,1,0.06290391633162154,59
5337,0,7441,4103,3338,0,0,0,1.0,1,1.0,1,1.0,1,0.05790958228793973,60
5338,2,7443,4105,3338,0,0,0,1.0,1,1.0,1,1.0,1,0.07366484376577213,60
5339,0,7443,4105,3338,0,0,0,1.0,1,1.0,1,1.0,1,0.07366484376577213,60
5340,2,7445,4107,3338,0,0,0,1.0,1,1.0,1,1.0,1,0.11937975730686576,60
5341,3,7448,4108,3340,0,0,0,1.0,1,1.0,1,1.0,1,0.12740186735248898,61
5342,1,7449,4109,3340,0,0,0,1.0,1,1.0,1,1.0,1,0.10237993715760606,59
5343,2,7451,4111,3340,0,0,0,1.0,1,1.0,1,1.0,1,0.1272393495045032,58
5344,1,7452,4111,3341,0,0,0,1.0,1,1.0,1,1.0,1,0.11200574996437042,58
5345,2,7454,4113,3341,0,0,0,1.0,1,1.0,1,1.0,1,0.11203451604576334,54
5346,0,7454,4113,3341,0,0,0,1.0,1,1.0,1,1.0,1,0.11203451604576334,54
5347,5,7459,4118,3341,0,0,0,1.0,1,1.0,1,1.0,1,0.10991566503201607,54
5348,0,7459,4118,3341,0,0,0,1.0,1,1.0,1,1.0,1,0.1227928817710586,55
5349,2,7461,4119,3342,0,0,0,1.0,1,1.0,1,1.0,1,0.1485464591547967,56
5350,2,7463,4120,3343,0,0,0,1.0,1,1.0,1,1.0,1,0.16270828309107976,56
5351,3,7466,4120,3346,0,0,0,1.0,1,1.0,1,1.0,1,0.10730392587770043,57
5352,2,7468,4121,3347,0,0,0,1.0,1,1.0,1,1.0,1,0.11710272332845587,57
5353,3,7471,4122,3349,0,0,0,1.0,1,1.0,1,1.0,1,0.0885412102091156,57
5354,0,7471,4122,3349,0,0,0,1.0,1,1.0,1,1.0,1,0.10585272423448286,56
5355,0,7471,4122,3349,0,0,0,1.0,1,1.0,1,1.0,1,0.08872398302158871,57
5356,0,7471,4122,3349,0,0,0,1.0,1,1.0,1,1.0,1,0.09757879685867822,56
5357,1,7472,4122,3350,0,0,0,1.0,1,1.0,1,1.0,1,0.10590718944957896,56
5358,1,7473,4123,3350,0,0,0,1.0,1,1.0,1,1.0,1,0.10420040243364372,57
5359,1,7474,4124,3350,0,0,0,1.0,1,1.0,1,1.0,1,0.11562117857144869,57
5360,0,7474,4124,3350,0,0,0,1.0,1,1.0,1,1.0,1,0.13844793275181813,55
5361,6,7480,4127,3353,0,0,0,1.0,1,1.0,1,1.0,1,0.1576833543967751,56
5362,0,7480,4127,3353,0,0,0,1.0,1,1.0,1,1.0,1,0.14432812972970452,57
5363,1,7481,4128,3353,0,0,0,1.0,1,1.0,1,1.0,1,0.16722840210531098,57
5364,1,7482,4128,3354,0,0,0,1.0,1,1.0,1,1.0,1,0.1537309133395822,58
5365,0,7482,4128,3354,0,0,0,1.0,1,1.0,1,1.0,1,0.13770363077768094,59
5366,1,7483,4129,3354,0,0,0,1.0,1,1.0,1,1.0,1,0.15425231757474514,60
5367,3,7486,4130,3356,0,0,0,1.0,1,1.0,1,1.0,1,0.17650967875127152,60
5368,0,7486,4130,3356,0,0,0,1.0,1,1.0,1,1.0,1,0.17073925316924227,58
5369,3,7489,4132,3357,0,0,0,1.0,1,1.0,1,1.0,1,0.1705650689900877,58
5370,0,7489,4132,3357,0,0,0,1.0,1,1.0,1,1.0,1,0.16490914302863985,57
5371,3,7492,4135,3357,0,0,0,1.0,1,1.0,1,1.0,1,0.2225607727444991,56
5372,1,7493,4136,3357,0,0,0,1.0,1,1.0,1,1.0,1,0.1957112250597198,55
5373,6,7499,4140,3359,0,0,0,1.0,1,1.0,1,1.0,1,0.22116797897306442,54
5374,1,7500,4141,3359,0,0,0,1.0,1,1.0,1,1.0,1,0.21079678387654394,53
5375,4,7504,4143,3361,0,0,0,1.0,1,1.0,1,1.0,1,0.18423010244229,52
5376,2,7506,4145,3361,0,0,0,1.0,1,1.0,1,1.0,1,0.20630399204487576,52
5377,1,7507,4146,3361,0,0,0,1.0,1,1.0,1,1.0,1,0.20150447026313645,51
5378,3,7510,4148,3362,0,0,0,1.0,1,1.0,1,1.0,1,0.23651706870015027,52
5379,0,7510,4148,3362,0,0,0,1.0,1,1.0,1,1.0,1,0.21783454978618477,50
5380,1,7511,4149,3362,0,0,0,1.0,1,1.0,1,1.0,1,0.2522141567220982,51
5381,4,7515,4150,3365,0,0,0,1.0,1,1.0,1,1.0,1,0.219869651663816,50
5382,0,7515,4150,3365,0,0,0,1.0,1,1.0,1,1.0,1,0.22926537541640674,48
5383,1,7516,4150,3366,0,0,0,1.0,1,1.0,1,1.0,1,0.22180942266006104,48
5384,3,7519,4151,3368,0,0,0,1.0,1,1.0,1,1.0,1,0.18827110959044602,48
5385,0,7519,4151,3368,0,0,0,1.0,1,1.0,1,1.0,1,0.1964591569798826,47
5386,4,7523,4155,3368,0,0,0,1.0,1,1.0,1,1.0,1,0.21731116661727673,48
5387,1,7524,4156,3368,0,0,0,1.0,1,1.0,1,1.0,1,0.2313400524291507,48
5388,1,7525,4156,3369,0,0,0,1.0,1,1.0,1,1.0,1,0.2197281949513945,48
5389,2,7527,4157,3370,0,0,0,1.0,1,1.0,1,1.0,1,0.1884562122679801,50
5390,0,7527,4157,3370,0,0,0,1.0,1,1.0,1,1.0,1,0.18999762996752384,52
5391,5,7532,4157,3375,0,0,0,1.0,1,1.0,1,1.0,1,0.10750220218447795,52
5392,0,7532,4157,3375,0,0,0,1.0,1,1.0,1,1.0,1,0.1254257201645946,51
5393,1,7533,4158,3375,0,0,0,1.0,1,1.0,1,1.0,1,0.13802025663963083,50
5394,0,7533,4158,3375,0,0,0,1.0,1,1.0,1,1.0,1,0.13577836089578602,50
5395,2,7535,4159,3376,0,0,0,1.0,1,1.0,1,1.0,1,0.15064474300825656,49
5396,0,7535,4159,3376,0,0,0,1.0,1,1.0,1,1.0,1,0.15658079882944897,48
5397,1,7536,4160,3376,0,0,0,1.0,1,1.0,1,1.0,1,0.1445884745768244,48
5398,2,7538,4161,3377,0,0,0,1.0,1,1.0,1,1.0,1,0.17823722723400387,46
5399,4,7542,4165,3377,0,0,0,1.0,1,1.0,1,1.0,1,0.19190607674215954,46
5400,3,7545,4167,3378,0,0,0,1.0,1,1.0,1,1.0,1,0.17881835008968372,48
5401,3,7548,4167,3381,0,0,0,1.0,1,1.0,1,1.0,1,0.0907876835459364,49
5402,0,7548,4167,3381,0,0,0,1.0,1,1.0,1,1.0,1,0.0,0
