,SuccessfulHandoverCount,TotalSuccessfulHandoverCount,TotalSuccessfulHandoverCountRange,TotalSuccessfulHandoverCountLoadBalancing,TotalSuccessfulHandoverCountOverload,FailedHandoverCount,TotalFailedHandoverCount,AvgQoS,MinQoS,AvgQoS_LoadBased,MinQoS_LoadBased,AvgQoS_RangeBased,MinQoS_RangeBased,GiniLoad,VehicleCount
0,0,0,0,0,0,0,0,1.0,1.0,1.0,1.0,1.0,1,0.0,0
1,0,0,0,0,0,0,0,1.0,1.0,1.0,1.0,1.0,1,0.5618426117878546,30
2,1,1,1,0,0,0,0,1.0,1.0,1.0,1.0,1.0,1,0.49595507616326323,32
3,7,8,8,0,0,0,0,0.9494734732351693,0.913330927074798,0.9494734732351693,0.913330927074798,1.0,1,0.6000198329063351,33
4,0,8,8,0,0,0,0,0.950959547551782,0.913330927074798,0.950959547551782,0.913330927074798,1.0,1,0.5791050616033631,34
5,3,11,11,0,0,0,0,0.9214493162011137,0.782475029480007,0.9214493162011137,0.782475029480007,1.0,1,0.5906433329867392,36
6,3,14,14,0,0,0,0,0.9056860894990274,0.8085426182463753,0.9056860894990274,0.8085426182463753,1.0,1,0.5803262292489393,38
7,2,16,16,0,0,0,0,0.9441800431234117,0.8205614257208822,0.9441800431234117,0.8205614257208822,1.0,1,0.5337335342953975,40
8,6,22,22,0,0,0,0,0.9781590345024368,0.9205783072815883,0.9781590345024368,0.9205783072815883,1.0,1,0.49671728737404236,40
9,3,25,25,0,0,0,0,0.9489919220634377,0.829973073544792,0.9489919220634377,0.829973073544792,1.0,1,0.5301578827013276,40
10,1,26,26,0,0,0,0,0.9787961205286277,0.9209673583339765,0.9787961205286277,0.9209673583339765,1.0,1,0.5116350712866288,41
11,1,27,27,0,0,0,0,1.0,1.0,1.0,1.0,1.0,1,0.4822101884897817,40
12,0,27,27,0,0,0,0,1.0,1.0,1.0,1.0,1.0,1,0.48283772488529,39
13,1,28,28,0,0,0,0,0.9783434852863654,0.9271553595995933,0.9783434852863654,0.9271553595995933,1.0,1,0.48791676947477813,37
14,1,29,29,0,0,0,0,1.0,1.0,1.0,1.0,1.0,1,0.4764322306502637,35
15,4,33,33,0,0,0,0,1.0,1.0,1.0,1.0,1.0,1,0.483821334935988,36
16,0,33,33,0,0,0,0,1.0,1.0,1.0,1.0,1.0,1,0.5014206059644588,34
17,2,35,35,0,0,0,0,0.9957629121811287,0.9860176101977248,0.9957629121811287,0.9860176101977248,1.0,1,0.540342085382585,33
18,1,36,36,0,0,0,0,1.0,1.0,1.0,1.0,1.0,1,0.5151386396928115,34
19,5,41,41,0,0,0,0,1.0,1.0,1.0,1.0,1.0,1,0.4775429285714499,34
20,1,42,42,0,0,0,0,1.0,1.0,1.0,1.0,1.0,1,0.4786646077540034,34
21,6,48,48,0,0,0,0,1.0,1.0,1.0,1.0,1.0,1,0.4508413079936078,36
22,2,50,50,0,0,0,0,1.0,1.0,1.0,1.0,1.0,1,0.4465476115546201,35
23,3,53,53,0,0,0,0,1.0,1.0,1.0,1.0,1.0,1,0.4981916514553152,35
24,6,59,59,0,0,0,0,1.0,1.0,1.0,1.0,1.0,1,0.4947292297334516,35
25,1,60,60,0,0,0,0,1.0,1.0,1.0,1.0,1.0,1,0.4981923341830513,35
26,5,65,65,0,0,0,0,1.0,1.0,1.0,1.0,1.0,1,0.528854482496526,36
27,2,67,67,0,0,0,0,0.9832159213231648,0.9481219386352367,0.9832159213231648,0.9481219386352367,1.0,1,0.5537738011435571,34
28,4,71,71,0,0,0,0,0.9673302932407338,0.9047133552854737,0.9673302932407338,0.9047133552854737,1.0,1,0.5137647513006959,35
29,1,72,72,0,0,0,0,1.0,1.0,1.0,1.0,1.0,1,0.5198091811361943,33
30,2,74,74,0,0,0,0,1.0,1.0,1.0,1.0,1.0,1,0.48426934459872156,33
31,1,75,75,0,0,0,0,1.0,1.0,1.0,1.0,1.0,1,0.5305505275645939,33
32,1,76,76,0,0,0,0,0.9924733891088962,0.978104404680425,0.9924733891088962,0.978104404680425,1.0,1,0.55611332805993,32
33,2,78,78,0,0,0,0,0.9673426818728069,0.910192375150219,0.9673426818728069,0.910192375150219,1.0,1,0.5773031069577242,33
34,3,81,81,0,0,0,0,0.9277687361918618,0.8166437149485724,0.9277687361918618,0.8166437149485724,1.0,1,0.6092728569784782,33
35,1,82,82,0,0,0,0,0.9065216586181815,0.7663041465454536,0.9065216586181815,0.7663041465454536,1.0,1,0.6137562170711974,35
36,2,84,84,0,0,0,0,0.910281386881818,0.769294994838961,0.910281386881818,0.769294994838961,1.0,1,0.6081454882383981,36
37,1,85,85,0,0,0,0,0.8923993104058436,0.7345849656677477,0.8923993104058436,0.7345849656677477,1.0,1,0.6023037783283173,37
38,1,86,86,0,0,0,0,0.8651072175968354,0.6964912395928797,0.8651072175968354,0.6964912395928797,1.0,1,0.6385886002902038,36
39,2,88,88,0,0,0,0,0.8950507149369014,0.7885922495564354,0.8950507149369014,0.7885922495564354,1.0,1,0.6028495939333215,38
40,1,89,89,0,0,0,0,0.922942428110713,0.8420047269704896,0.922942428110713,0.8420047269704896,1.0,1,0.5783827477594466,40
41,1,90,90,0,0,0,0,0.9458669680677373,0.9052535874081113,0.9458669680677373,0.9052535874081113,1.0,1,0.5688061436998231,40
42,3,93,93,0,0,0,0,0.9520412540730158,0.8401375135767194,0.9520412540730158,0.8401375135767194,1.0,1,0.5725520965009483,40
43,1,94,94,0,0,0,0,0.9188881143566543,0.7978995831050134,0.9188881143566543,0.7978995831050134,1.0,1,0.5714917745618177,43
44,2,96,96,0,0,0,0,0.9180681066771917,0.7483520419370889,0.9180681066771917,0.7483520419370889,1.0,1,0.5707044161067734,43
45,0,96,96,0,0,0,0,0.9199301951618011,0.7483520419370889,0.9199301951618011,0.7483520419370889,1.0,1,0.5603572961754794,44
46,2,98,98,0,0,0,0,0.899725232605892,0.7058606823106163,0.899725232605892,0.7058606823106163,1.0,1,0.5741751224618368,44
47,0,98,98,0,0,0,0,0.899725232605892,0.7058606823106163,0.899725232605892,0.7058606823106163,1.0,1,0.5741751224618368,44
48,1,99,99,0,0,0,0,0.8776070836156421,0.6634194799430154,0.8776070836156421,0.6634194799430154,1.0,1,0.5886944021839097,44
49,1,100,100,0,0,0,0,0.9247033601342853,0.7794884118218355,0.9247033601342853,0.7794884118218355,1.0,1,0.5778528333475702,41
50,3,103,103,0,0,0,0,0.8997332038737433,0.7326218769966489,0.8997332038737433,0.7326218769966489,1.0,1,0.5717132616207613,40
51,0,103,103,0,0,0,0,0.9522517288692279,0.8604281305408196,0.9522517288692279,0.8604281305408196,1.0,1,0.5535068516798207,38
52,3,106,106,0,0,0,0,1.0,1.0,1.0,1.0,1.0,1,0.5516940984194455,37
53,3,109,109,0,0,0,0,0.9778284944148138,0.9234075261602656,0.9778284944148138,0.9234075261602656,1.0,1,0.5650411952933793,38
54,5,114,114,0,0,0,0,0.8985142223960124,0.744431609634999,0.8985142223960124,0.744431609634999,1.0,1,0.6141257148015432,38
55,4,118,118,0,0,0,0,0.9062576408436335,0.8282554745920647,0.9062576408436335,0.8282554745920647,1.0,1,0.6041549800675988,38
56,5,123,123,0,0,0,0,0.8377873651470122,0.738496091752653,0.8377873651470122,0.738496091752653,1.0,1,0.6433439575053401,38
57,4,127,127,0,0,0,0,0.882174052305307,0.7873132332738766,0.882174052305307,0.7873132332738766,1.0,1,0.6051307791026574,38
58,3,130,130,0,0,0,0,0.9115460994429564,0.8314651130945302,0.9115460994429564,0.8314651130945302,1.0,1,0.5802872334522325,38
59,2,132,132,0,0,0,0,0.9067775133379969,0.8120363441153524,0.9067775133379969,0.8120363441153524,1.0,1,0.5682669519270821,40
60,3,135,135,0,0,0,0,0.9050202302807898,0.7513743828065329,0.9050202302807898,0.7513743828065329,1.0,1,0.5667393931962221,40
61,1,136,136,0,0,0,0,0.924871712389254,0.793330818740771,0.924871712389254,0.793330818740771,1.0,1,0.5760646525524752,40
62,2,138,138,0,0,0,0,0.9299414218050975,0.8720404698833135,0.9299414218050975,0.8720404698833135,1.0,1,0.5728570575198169,42
63,1,139,139,0,0,0,0,0.906921403289442,0.8176975410814932,0.906921403289442,0.8176975410814932,1.0,1,0.6005184189686056,40
64,2,141,141,0,0,0,0,0.8990664872951593,0.704408998507252,0.8990664872951593,0.704408998507252,1.0,1,0.6053032812912452,41
65,1,142,142,0,0,0,0,0.9189590994996958,0.744409467652887,0.9189590994996958,0.744409467652887,1.0,1,0.5920457845487285,41
66,2,144,144,0,0,0,0,0.8690408529750242,0.6420449981317324,0.8690408529750242,0.6420449981317324,1.0,1,0.609694611136622,41
67,0,144,144,0,0,0,0,0.869040852975024,0.6420449981317324,0.869040852975024,0.6420449981317324,1.0,1,0.609694611136622,41
68,1,145,145,0,0,0,0,0.8956207270434523,0.694317843484396,0.8956207270434523,0.694317843484396,1.0,1,0.572391706238121,41
69,4,149,149,0,0,0,0,0.9420951568504008,0.8021584525722031,0.9420951568504008,0.8021584525722031,1.0,1,0.5336771559911405,41
70,3,152,152,0,0,0,0,0.9422676872916353,0.8761517231620197,0.9422676872916353,0.8761517231620197,1.0,1,0.5431508262880295,42
71,1,153,153,0,0,0,0,0.9697534901901502,0.911464492622206,0.9697534901901502,0.911464492622206,1.0,1,0.5026675843625442,44
72,2,155,155,0,0,0,0,0.9527723331554525,0.8401525122184544,0.9527723331554525,0.8401525122184544,1.0,1,0.5248119121429824,44
73,2,157,157,0,0,0,0,0.9304605882686152,0.7715133614540215,0.9304605882686152,0.7715133614540215,1.0,1,0.5316561500675377,46
74,1,158,158,0,0,0,0,0.9625049698249062,0.8625182226913226,0.9625049698249062,0.8625182226913226,1.0,1,0.5369977812018111,44
75,5,163,163,0,0,0,0,0.9654446610939064,0.8732970906776566,0.9654446610939064,0.8732970906776566,1.0,1,0.4935997859351163,44
76,1,164,164,0,0,0,0,0.9955199500194712,0.9816725228069273,0.9955199500194712,0.9816725228069273,1.0,1,0.4871396660342407,45
77,6,170,170,0,0,0,0,1.0,1.0,1.0,1.0,1.0,1,0.45270825302448725,44
78,2,172,172,0,0,0,0,1.0,1.0,1.0,1.0,1.0,1,0.44441994395967066,44
79,4,176,176,0,0,0,0,1.0,1.0,1.0,1.0,1.0,1,0.49646746419390264,43
80,3,179,179,0,0,0,0,0.9768408802318742,0.9170131541642158,0.9768408802318742,0.9170131541642158,1.0,1,0.49684514486090114,43
81,5,184,184,0,0,0,0,0.9961170223340517,0.9844680893362074,0.9961170223340517,0.9844680893362074,1.0,1,0.5030212114767414,44
82,3,187,187,0,0,0,0,1.0,1.0,1.0,1.0,1.0,1,0.4593127251912525,45
83,3,190,190,0,0,0,0,1.0,1.0,1.0,1.0,1.0,1,0.4867797964753613,45
84,3,193,193,0,0,0,0,1.0,1.0,1.0,1.0,1.0,1,0.4609977291622834,45
85,1,194,194,0,0,0,0,1.0,1.0,1.0,1.0,1.0,1,0.47937258007946776,45
86,0,194,194,0,0,0,0,1.0,1.0,1.0,1.0,1.0,1,0.47937258007946776,45
87,2,196,196,0,0,0,0,0.9666198131843555,0.8776059816759707,0.9666198131843555,0.8776059816759707,1.0,1,0.5162554491128409,44
88,1,197,197,0,0,0,0,0.9889655637360745,0.9548591243748505,0.9889655637360745,0.9548591243748505,1.0,1,0.4970551031548418,45
89,1,198,198,0,0,0,0,0.968071125654601,0.8776059816759707,0.968071125654601,0.8776059816759707,1.0,1,0.5056523872642252,46
90,1,199,199,0,0,0,0,0.9830769326722549,0.9323077306890197,0.9830769326722549,0.9323077306890197,1.0,1,0.5105190818095456,44
91,0,199,199,0,0,0,0,0.9834530008350937,0.9323077306890197,0.9834530008350937,0.9323077306890197,1.0,1,0.49829673057800344,45
92,2,201,201,0,0,0,0,0.9758020474976857,0.9512120360127136,0.9758020474976857,0.9512120360127136,1.0,1,0.4824527226983106,46
93,2,203,203,0,0,0,0,0.9257124522889467,0.7821714133183832,0.9257124522889467,0.7821714133183832,1.0,1,0.5406514377563485,46
94,4,207,207,0,0,0,0,0.9325194833795384,0.806257831023554,0.9325194833795384,0.806257831023554,1.0,1,0.5145820550278006,46
95,0,207,207,0,0,0,0,0.9099694788609678,0.806257831023554,0.9099694788609678,0.806257831023554,1.0,1,0.521222187592741,46
96,2,209,209,0,0,0,0,0.9165087137390553,0.8293966621306327,0.9165087137390553,0.8293966621306327,1.0,1,0.5194168333706187,46
97,1,210,210,0,0,0,0,0.8947091540831134,0.7624347155434292,0.8947091540831134,0.7624347155434292,1.0,1,0.5375636877652741,47
98,2,212,212,0,0,0,0,0.9033092359732756,0.8294343592402248,0.9033092359732756,0.8294343592402248,1.0,1,0.5329432013841304,47
99,4,216,216,0,0,0,0,0.9237759677421616,0.7662463010759618,0.9237759677421616,0.7662463010759618,1.0,1,0.5107741299617601,46
100,2,218,218,0,0,0,0,0.8584920765953591,0.6226455375876241,0.8584920765953591,0.6226455375876241,1.0,1,0.5486580853956662,48
101,1,219,219,0,0,0,0,0.8613799933995353,0.6226455375876241,0.8613799933995353,0.6226455375876241,1.0,1,0.5685622843406872,49
102,3,222,222,0,0,0,0,0.8404888051859192,0.5886290239005281,0.8404888051859192,0.5886290239005281,1.0,1,0.5690735760014841,49
103,4,226,226,0,0,0,0,0.871634662132286,0.6375566930793957,0.871634662132286,0.6375566930793957,1.0,1,0.5699862961601103,48
104,2,228,228,0,0,0,0,0.8117170399402477,0.5387067478536071,0.8117170399402477,0.5387067478536071,1.0,1,0.6154067810191545,49
105,3,231,231,0,0,0,0,0.8937233756595339,0.6980101549673804,0.8937233756595339,0.6980101549673804,1.0,1,0.5665130307747405,48
106,3,234,234,0,0,0,0,0.8690388192687389,0.7136166017123464,0.8690388192687389,0.7136166017123464,1.0,1,0.5818046482540774,48
107,2,236,236,0,0,0,0,0.8862376711453712,0.7961954030738547,0.8862376711453712,0.7961954030738547,1.0,1,0.5729260437147808,47
108,7,243,243,0,0,0,0,0.89407854560781,0.6888557277229418,0.89407854560781,0.6888557277229418,1.0,1,0.5699666241749141,47
109,2,245,245,0,0,0,0,0.8510978870603343,0.6112000384353172,0.8510978870603343,0.6112000384353172,1.0,1,0.5830608951070443,47
110,8,253,253,0,0,0,0,0.8182110062321006,0.589543036092057,0.8182110062321006,0.589543036092057,1.0,1,0.6043979516131839,47
111,5,258,258,0,0,0,0,0.8546788767880563,0.6217392693756553,0.8546788767880563,0.6217392693756553,1.0,1,0.5815128735930933,46
112,8,266,266,0,0,0,0,0.7979746459637532,0.5809720634209371,0.7979746459637532,0.5809720634209371,1.0,1,0.6068880821594332,46
113,4,270,270,0,0,0,0,0.788007766085563,0.5672232457240807,0.788007766085563,0.5672232457240807,1.0,1,0.6164586587478845,45
114,4,274,274,0,0,0,0,0.8121375401631802,0.5451750972371734,0.8121375401631802,0.5451750972371734,1.0,1,0.5905025564141955,46
115,2,276,276,0,0,0,0,0.818762650223055,0.6159197374818374,0.818762650223055,0.6159197374818374,1.0,1,0.5704757716532676,47
116,2,278,278,0,0,0,0,0.8439856356969327,0.6317762413625043,0.8439856356969327,0.6317762413625043,1.0,1,0.5413565880127802,48
117,2,280,280,0,0,0,0,0.8596797734435254,0.6298938424486032,0.8596797734435254,0.6298938424486032,1.0,1,0.527144053949362,48
118,1,281,281,0,0,0,0,0.8799943274088379,0.6602055149606307,0.8799943274088379,0.6602055149606307,1.0,1,0.5010036755639578,49
119,0,281,281,0,0,0,0,0.8823944408606611,0.6602055149606307,0.8823944408606611,0.6602055149606307,1.0,1,0.5002419101681158,50
120,1,282,282,0,0,0,0,0.9084380144546315,0.7182603289015493,0.9084380144546315,0.7182603289015493,1.0,1,0.46649466070753287,51
121,0,282,282,0,0,0,0,0.9084380144546315,0.7182603289015493,0.9084380144546315,0.7182603289015493,1.0,1,0.46649466070753287,51
122,1,283,283,0,0,0,0,0.8972401512221184,0.6724529820205025,0.8972401512221184,0.6724529820205025,1.0,1,0.47086092513342936,51
123,1,284,284,0,0,0,0,0.8804881625073692,0.6414644875221074,0.8804881625073692,0.6414644875221074,1.0,1,0.474168309235169,51
124,3,287,287,0,0,0,0,0.8593524444243426,0.6014985925356374,0.8593524444243426,0.6014985925356374,1.0,1,0.4858840807838433,51
125,2,289,289,0,0,0,0,0.8587678381329661,0.607688439258239,0.8587678381329661,0.607688439258239,1.0,1,0.5055177540355913,50
126,4,293,293,0,0,0,0,0.8568346565111575,0.6042225549941421,0.8568346565111575,0.6042225549941421,1.0,1,0.5054327248359552,52
127,4,297,297,0,0,0,0,0.8467533916828617,0.5743149768968383,0.8467533916828617,0.5743149768968383,1.0,1,0.5054011850325459,50
128,0,297,297,0,0,0,0,0.8467533916828617,0.5743149768968383,0.8467533916828617,0.5743149768968383,1.0,1,0.5054011850325459,50
129,3,300,300,0,0,0,0,0.8686049449137864,0.5980857138539346,0.8686049449137864,0.5980857138539346,1.0,1,0.48913931314380427,52
130,3,303,303,0,0,0,0,0.8476339062031522,0.5598312845868841,0.8476339062031522,0.5598312845868841,1.0,1,0.5166606173109265,52
131,3,306,306,0,0,0,0,0.8585820333712972,0.5998781532914067,0.8585820333712972,0.5998781532914067,1.0,1,0.5012595808905204,54
132,5,311,311,0,0,0,0,0.8345665147246767,0.5500605888353555,0.8345665147246767,0.5500605888353555,1.0,1,0.5291816508870185,54
133,2,313,313,0,0,0,0,0.8400477188035906,0.5529683648545229,0.8400477188035906,0.5529683648545229,1.0,1,0.5396793186882161,52
134,4,317,317,0,0,0,0,0.8145909545750354,0.5489048961806069,0.8145909545750354,0.5489048961806069,1.0,1,0.5462180980161867,52
135,3,320,320,0,0,0,0,0.8340330596970983,0.5902046793507454,0.8340330596970983,0.5902046793507454,1.0,1,0.537445574523811,51
136,4,324,324,0,0,0,0,0.8564481347664428,0.5987719768884983,0.8564481347664428,0.5987719768884983,1.0,1,0.5373385803656358,51
137,4,328,328,0,0,0,0,0.829785043660476,0.612056312121301,0.829785043660476,0.612056312121301,1.0,1,0.5561777282578049,50
138,1,329,329,0,0,0,0,0.8165365334912202,0.612056312121301,0.8165365334912202,0.612056312121301,1.0,1,0.5521426392651989,52
139,6,335,335,0,0,0,0,0.8433658625741283,0.7180474007458506,0.8433658625741283,0.7180474007458506,1.0,1,0.527558656986395,51
140,2,337,337,0,0,0,0,0.8602911755435892,0.730599692055909,0.8602911755435892,0.730599692055909,1.0,1,0.5192881298626882,51
141,3,340,340,0,0,0,0,0.8906934590106182,0.730599692055909,0.8906934590106182,0.730599692055909,1.0,1,0.5042224013148099,50
142,6,346,346,0,0,0,0,0.8746717047072753,0.6503803854013577,0.8746717047072753,0.6503803854013577,1.0,1,0.5328646730720356,51
143,3,349,349,0,0,0,0,0.8724653024301521,0.6683855571731088,0.8724653024301521,0.6683855571731088,1.0,1,0.5390873038051847,48
144,3,352,352,0,0,0,0,0.874843303044479,0.7166302454083588,0.874843303044479,0.7166302454083588,1.0,1,0.5365434647275856,49
145,3,355,355,0,0,0,0,0.8646181419673159,0.7001824470715283,0.8646181419673159,0.7001824470715283,1.0,1,0.5723225014058629,47
146,3,358,358,0,0,0,0,0.812924636814221,0.5881652229667286,0.812924636814221,0.5881652229667286,1.0,1,0.5950497994668417,49
147,4,362,362,0,0,0,0,0.7977396464471775,0.6174255992871434,0.7977396464471775,0.6174255992871434,1.0,1,0.621024886831879,46
148,2,364,364,0,0,0,0,0.816852499212493,0.6842129762987292,0.816852499212493,0.6842129762987292,1.0,1,0.582803780563802,47
149,4,368,368,0,0,0,0,0.8663684236383824,0.6661708968577578,0.8663684236383824,0.6661708968577578,1.0,1,0.5637351624692294,46
150,1,369,369,0,0,0,0,0.8863560499941304,0.6661708968577578,0.8863560499941304,0.6661708968577578,1.0,1,0.5412651963620063,47
151,3,372,372,0,0,0,0,0.8789468293645026,0.6661708968577578,0.8789468293645026,0.6661708968577578,1.0,1,0.5639988495965991,46
152,2,374,374,0,0,0,0,0.8813052077716473,0.6661708968577578,0.8813052077716473,0.6661708968577578,1.0,1,0.5805355026576289,45
153,3,377,377,0,0,0,0,0.8636748806211095,0.631120265210061,0.8636748806211095,0.631120265210061,1.0,1,0.5676087696476164,46
154,2,379,379,0,0,0,0,0.8493368198331868,0.631120265210061,0.8493368198331868,0.631120265210061,1.0,1,0.5951081800184488,44
155,3,382,382,0,0,0,0,0.8304623014343191,0.631120265210061,0.8304623014343191,0.631120265210061,1.0,1,0.5850613713352577,45
156,3,385,385,0,0,0,0,0.7907882185253455,0.5969728463513674,0.7907882185253455,0.5969728463513674,1.0,1,0.6211052408795281,43
157,4,389,389,0,0,0,0,0.7694929344441609,0.6349764241922424,0.7694929344441609,0.6349764241922424,1.0,1,0.6370997608300233,42
158,3,392,392,0,0,0,0,0.7500486033179915,0.6028111183999854,0.7500486033179915,0.6028111183999854,1.0,1,0.6425485749381695,43
159,4,396,396,0,0,0,0,0.7465465591405984,0.5962111239630983,0.7465465591405984,0.5962111239630983,1.0,1,0.6301116776936793,44
160,4,400,400,0,0,0,0,0.7426812688902351,0.6363217794744992,0.7426812688902351,0.6363217794744992,1.0,1,0.6356869394681532,44
161,5,405,405,0,0,0,0,0.7383111858037605,0.5930805738571672,0.7383111858037605,0.5930805738571672,1.0,1,0.6620768177072486,44
162,2,407,407,0,0,0,0,0.7435871076964581,0.6059772718170944,0.7435871076964581,0.6059772718170944,1.0,1,0.6528643627642471,44
163,6,413,413,0,0,0,0,0.7743804590698974,0.6644847460148132,0.7743804590698974,0.6644847460148132,1.0,1,0.6562322579411374,44
164,2,415,415,0,0,0,0,0.77365158868577,0.6644847460148132,0.77365158868577,0.6644847460148132,1.0,1,0.6564590773900243,44
165,4,419,419,0,0,0,0,0.811268067777864,0.6687331242621856,0.811268067777864,0.6687331242621856,1.0,1,0.6302660166722064,43
166,3,422,422,0,0,0,0,0.8073441047200316,0.7116948202145724,0.8073441047200316,0.7116948202145724,1.0,1,0.6168872974022538,43
167,3,425,425,0,0,0,0,0.8682600177256032,0.7122748314118106,0.8682600177256032,0.7122748314118106,1.0,1,0.590786303701476,42
168,1,426,426,0,0,0,0,0.8917757063819385,0.818070234982837,0.8917757063819385,0.818070234982837,1.0,1,0.5898363970859603,40
169,4,430,430,0,0,0,0,0.8575616021687346,0.7490806660070335,0.8575616021687346,0.7490806660070335,1.0,1,0.5827417745511544,41
170,0,430,430,0,0,0,0,0.9019503257436922,0.8209920280630497,0.9019503257436922,0.8209920280630497,1.0,1,0.5710018860589047,39
171,3,433,433,0,0,0,0,0.9017924463401916,0.7264218148048196,0.9017924463401916,0.7264218148048196,1.0,1,0.5763327847552298,39
172,0,433,433,0,0,0,0,0.9216394678848205,0.7709461368940909,0.9216394678848205,0.7709461368940909,1.0,1,0.5692577729689572,38
173,3,436,436,0,0,0,0,0.8696724594682608,0.6698368973195941,0.8696724594682608,0.6698368973195941,1.0,1,0.6018520493997995,38
174,2,438,438,0,0,0,0,0.9253130777734566,0.7874295290475306,0.9253130777734566,0.7874295290475306,1.0,1,0.5760069003013433,37
175,3,441,441,0,0,0,0,0.9216452992831337,0.7830177518609855,0.9216452992831337,0.7830177518609855,1.0,1,0.5713957723637664,36
176,2,443,443,0,0,0,0,0.9196537796978147,0.7775027745477946,0.9196537796978147,0.7775027745477946,1.0,1,0.5734647582714247,36
177,1,444,444,0,0,0,0,0.8932871076364967,0.7103507207276338,0.8932871076364967,0.7103507207276338,1.0,1,0.5627541599137477,38
178,3,447,447,0,0,0,0,0.8960233356458173,0.7103507207276338,0.8960233356458173,0.7103507207276338,1.0,1,0.5358188091183116,39
179,3,450,450,0,0,0,0,0.870926027006074,0.6558027386828643,0.870926027006074,0.6558027386828643,1.0,1,0.5560215462721435,40
180,1,451,451,0,0,0,0,0.870926027006074,0.6558027386828643,0.870926027006074,0.6558027386828643,1.0,1,0.5568869512878297,40
181,1,452,452,0,0,0,0,0.8676164379549477,0.6558027386828643,0.8676164379549477,0.6558027386828643,1.0,1,0.5768634971573585,39
182,3,455,455,0,0,0,0,0.8985809425306893,0.7102312643733981,0.8985809425306893,0.7102312643733981,1.0,1,0.5461371929007599,40
183,6,461,461,0,0,0,0,0.9144853570686751,0.7368780217497695,0.9144853570686751,0.7368780217497695,1.0,1,0.5612161616627125,40
184,4,465,465,0,0,0,0,0.9614813830259785,0.866935686817017,0.9614813830259785,0.866935686817017,1.0,1,0.5642911683092023,38
185,6,471,471,0,0,0,0,0.9654171693808209,0.8805320396791996,0.9654171693808209,0.8805320396791996,1.0,1,0.5748739660664436,38
186,4,475,475,0,0,0,0,0.9515823898914988,0.8972662829499339,0.9515823898914988,0.8972662829499339,1.0,1,0.6019873208935889,37
187,2,477,477,0,0,0,0,0.894535616815925,0.7687092267705038,0.894535616815925,0.7687092267705038,1.0,1,0.630698727244056,36
188,2,479,479,0,0,0,0,0.9471954834868269,0.8881403645782938,0.9471954834868269,0.8881403645782938,1.0,1,0.6082164836980388,36
189,5,484,484,0,0,0,0,0.934611810142195,0.8038354304265851,0.934611810142195,0.8038354304265851,1.0,1,0.5812699905262377,36
190,2,486,486,0,0,0,0,0.930638530349658,0.7919155910489744,0.930638530349658,0.7919155910489744,1.0,1,0.5818794225791257,36
191,2,488,488,0,0,0,0,0.9307093356195209,0.7919155910489744,0.9307093356195209,0.7919155910489744,1.0,1,0.5990527024701696,37
192,4,492,492,0,0,0,0,0.8994186594328065,0.7919155910489744,0.8994186594328065,0.7919155910489744,1.0,1,0.6190481697265924,37
193,2,494,494,0,0,0,0,0.8856065765009289,0.7303591432221841,0.8856065765009289,0.7303591432221841,1.0,1,0.6344133121369456,38
194,3,497,497,0,0,0,0,0.8130728111065544,0.6370643158913473,0.8130728111065544,0.6370643158913473,1.0,1,0.6590620275525932,39
195,2,499,499,0,0,0,0,0.816018324305068,0.6370643158913473,0.816018324305068,0.6370643158913473,1.0,1,0.6379551088963005,40
196,4,503,503,0,0,0,0,0.814635768937366,0.6370643158913473,0.814635768937366,0.6370643158913473,1.0,1,0.6244808101015932,40
197,4,507,507,0,0,0,0,0.8638991184592552,0.6370643158913473,0.8638991184592552,0.6370643158913473,1.0,1,0.5982572162543991,40
198,3,510,510,0,0,0,0,0.852392858408724,0.6370643158913473,0.852392858408724,0.6370643158913473,1.0,1,0.6076196417014904,40
199,2,512,512,0,0,0,0,0.8335043590521035,0.605293473456569,0.8335043590521035,0.605293473456569,1.0,1,0.6289718419377918,40
200,3,515,515,0,0,0,0,0.8020621246453148,0.605293473456569,0.8020621246453148,0.605293473456569,1.0,1,0.6356078509230817,40
201,0,515,515,0,0,0,0,0.8257520788411407,0.6537694442864666,0.8257520788411407,0.6537694442864666,1.0,1,0.6273009288628917,39
202,3,518,518,0,0,0,0,0.8503430439301688,0.6258576098254217,0.8503430439301688,0.6258576098254217,1.0,1,0.5930078124474238,40
203,2,520,520,0,0,0,0,0.8678535278446534,0.6564191723960984,0.8678535278446534,0.6564191723960984,1.0,1,0.5714830848267829,39
204,1,521,521,0,0,0,0,0.8688394320887791,0.6677265612915738,0.8688394320887791,0.6677265612915738,1.0,1,0.5667551131891477,38
205,3,524,524,0,0,0,0,0.8883437734448278,0.7049085441041876,0.8883437734448278,0.7049085441041876,1.0,1,0.5689942722177082,37
206,1,525,525,0,0,0,0,0.9368438566601149,0.8105315699803448,0.9368438566601149,0.8105315699803448,1.0,1,0.5256485165400155,36
207,2,527,527,0,0,0,0,0.9156193095125602,0.7598395732280558,0.9156193095125602,0.7598395732280558,1.0,1,0.5373197734720657,37
208,1,528,528,0,0,0,0,0.9449114271883879,0.8347342815651638,0.9449114271883879,0.8347342815651638,1.0,1,0.4926900029656705,36
209,0,528,528,0,0,0,0,0.9449114271883879,0.8347342815651638,0.9449114271883879,0.8347342815651638,1.0,1,0.4926900029656705,36
210,4,532,532,0,0,0,0,1.0,1.0,1.0,1.0,1.0,1,0.4682362896375898,36
211,1,533,533,0,0,0,0,1.0,1.0,1.0,1.0,1.0,1,0.5020982332043205,34
212,6,539,539,0,0,0,0,0.9674679235189769,0.8994463090586561,0.9674679235189769,0.8994463090586561,1.0,1,0.5298564608969084,34
213,4,543,543,0,0,0,0,0.9862478549085942,0.9549929797008534,0.9862478549085942,0.9549929797008534,1.0,1,0.5253240477698465,36
214,4,547,547,0,0,0,0,0.9161780327267911,0.7743254727259763,0.9161780327267911,0.7743254727259763,1.0,1,0.5914004310326189,35
215,3,550,550,0,0,0,0,0.8837647574774099,0.7094118936935246,0.8837647574774099,0.7094118936935246,1.0,1,0.5990207300142292,35
216,3,553,553,0,0,0,0,0.8673005436457031,0.6726746743260675,0.8673005436457031,0.6726746743260675,1.0,1,0.6048721534457124,37
217,2,555,555,0,0,0,0,0.8159862875536837,0.5994995670286059,0.8159862875536837,0.5994995670286059,1.0,1,0.6285027113806145,37
218,3,558,558,0,0,0,0,0.7653670250937847,0.543083154130002,0.7653670250937847,0.543083154130002,1.0,1,0.6455665305265398,37
219,5,563,563,0,0,0,0,0.827962994266342,0.6255665169326268,0.827962994266342,0.6255665169326268,1.0,1,0.5828656462077094,37
220,5,568,568,0,0,0,0,0.8756722288165859,0.6850363130020177,0.8756722288165859,0.6850363130020177,1.0,1,0.5592225027866143,38
221,5,573,573,0,0,0,0,0.8956396543485841,0.7286631013063186,0.8956396543485841,0.7286631013063186,1.0,1,0.5371526344254358,39
222,3,576,576,0,0,0,0,0.9437037705131325,0.8311113115393977,0.9437037705131325,0.8311113115393977,1.0,1,0.5169889767060287,39
223,4,580,580,0,0,0,0,0.9685981003312362,0.8953270011041204,0.9685981003312362,0.8953270011041204,1.0,1,0.5241937628796266,40
224,6,586,586,0,0,0,0,0.9434061946511141,0.8517193710448714,0.9434061946511141,0.8517193710448714,1.0,1,0.5371957657118717,40
225,1,587,587,0,0,0,0,0.9194614516593842,0.8517193710448714,0.9194614516593842,0.8517193710448714,1.0,1,0.5697854110439227,39
226,5,592,592,0,0,0,0,0.9455341855324159,0.8366025565972475,0.9455341855324159,0.8366025565972475,1.0,1,0.5397006234992485,39
227,3,595,595,0,0,0,0,0.9136919530564652,0.759570440657296,0.9136919530564652,0.759570440657296,1.0,1,0.5091863294772165,39
228,3,598,598,0,0,0,0,0.9114206886632144,0.759570440657296,0.9114206886632144,0.759570440657296,1.0,1,0.5186134948247033,38
229,2,600,600,0,0,0,0,0.8818786800226193,0.6928845680588099,0.8818786800226193,0.6928845680588099,1.0,1,0.5098920605016279,39
230,4,604,604,0,0,0,0,0.8787702242337408,0.6928845680588099,0.8787702242337408,0.6928845680588099,1.0,1,0.564093871108547,38
231,3,607,607,0,0,0,0,0.8787702242337408,0.6928845680588099,0.8787702242337408,0.6928845680588099,1.0,1,0.5640656609817912,38
232,2,609,609,0,0,0,0,0.8532078424435999,0.6605431356508248,0.8532078424435999,0.6605431356508248,1.0,1,0.5610462960199513,37
233,2,611,611,0,0,0,0,0.8751803062283231,0.7004327349479753,0.8751803062283231,0.7004327349479753,1.0,1,0.5620093001603593,36
234,3,614,614,0,0,0,0,0.8348157651707705,0.6489835009878873,0.8348157651707705,0.6489835009878873,1.0,1,0.6138753700297713,34
235,1,615,615,0,0,0,0,0.8348157651707704,0.6489835009878873,0.8348157651707704,0.6489835009878873,1.0,1,0.64026174698126,34
236,1,616,616,0,0,0,0,0.8298101822971574,0.6489835009878873,0.8298101822971574,0.6489835009878873,1.0,1,0.6367601867118751,33
237,2,618,618,0,0,0,0,0.8244917504939436,0.6489835009878873,0.8244917504939436,0.6489835009878873,1.0,1,0.6275959942724679,32
238,2,620,620,0,0,0,0,0.8244917504939436,0.6489835009878873,0.8244917504939436,0.6489835009878873,1.0,1,0.6183778183513124,32
239,0,620,620,0,0,0,0,0.8707816360361335,0.7329487144746758,0.8707816360361335,0.7329487144746758,1.0,1,0.5751188092415676,31
240,2,622,622,0,0,0,0,0.8566607169388044,0.7324333382857683,0.8566607169388044,0.7324333382857683,1.0,1,0.647376839591374,28
241,1,623,623,0,0,0,0,0.8899998298404701,0.7878568146923353,0.8899998298404701,0.7878568146923353,1.0,1,0.6548558396401626,27
242,1,624,624,0,0,0,0,0.88471313916631,0.7611915025587849,0.88471313916631,0.7611915025587849,1.0,1,0.6267855361432003,29
243,3,627,627,0,0,0,0,0.8821816037391097,0.7643632074782195,0.8821816037391097,0.7643632074782195,1.0,1,0.6604460409276469,28
244,2,629,629,0,0,0,0,0.9112853140193823,0.8089222148109771,0.9112853140193823,0.8089222148109771,1.0,1,0.6126285961630796,28
245,2,631,631,0,0,0,0,0.9541640390084846,0.8968690877690904,0.9541640390084846,0.8968690877690904,1.0,1,0.6208552425137529,27
246,2,633,633,0,0,0,0,1.0,1.0,1.0,1.0,1.0,1,0.650108560725041,25
247,0,633,633,0,0,0,0,1.0,1.0,1.0,1.0,1.0,1,0.6081776825340783,26
248,4,637,637,0,0,0,0,0.983606604511617,0.9597616656194234,0.983606604511617,0.9597616656194234,1.0,1,0.5855291867457088,27
249,2,639,639,0,0,0,0,1.0,1.0,1.0,1.0,1.0,1,0.5999852898828212,26
250,1,640,640,0,0,0,0,0.966016383669192,0.9165856690061983,0.966016383669192,0.9165856690061983,1.0,1,0.644216929491073,27
251,3,643,643,0,0,0,0,0.8852609887720675,0.770521977544135,0.8852609887720675,0.770521977544135,1.0,1,0.6859245703054206,28
252,0,643,643,0,0,0,0,0.8852609887720675,0.770521977544135,0.8852609887720675,0.770521977544135,1.0,1,0.6859245703054206,28
253,4,647,647,0,0,0,0,0.8414041558151116,0.7039544241882083,0.8414041558151116,0.7039544241882083,1.0,1,0.6587820254964349,28
254,0,647,647,0,0,0,0,0.8055503474292741,0.6475600047155593,0.8055503474292741,0.6475600047155593,1.0,1,0.6691538658330762,29
255,1,648,648,0,0,0,0,0.7844051129258189,0.6195384345749746,0.7844051129258189,0.6195384345749746,1.0,1,0.6607741688536517,30
256,2,650,650,0,0,0,0,0.7844051129258189,0.6195384345749746,0.7844051129258189,0.6195384345749746,1.0,1,0.6399343378930485,30
257,1,651,651,0,0,0,0,0.7668130173064985,0.5854453641004419,0.7668130173064985,0.5854453641004419,1.0,1,0.6421457115650845,32
258,2,653,653,0,0,0,0,0.7668130173064986,0.5854453641004419,0.7668130173064986,0.5854453641004419,1.0,1,0.6018065161206756,32
259,1,654,654,0,0,0,0,0.7668130173064985,0.5854453641004419,0.7668130173064985,0.5854453641004419,1.0,1,0.6140301625722834,32
260,3,657,657,0,0,0,0,0.7547133521149564,0.5610659985215009,0.7547133521149564,0.5610659985215009,1.0,1,0.6639582994216789,34
261,1,658,658,0,0,0,0,0.7353565118845704,0.5368738957979983,0.7353565118845704,0.5368738957979983,1.0,1,0.6746571713512557,35
262,1,659,659,0,0,0,0,0.7427077198877767,0.5368738957979983,0.7427077198877767,0.5368738957979983,1.0,1,0.6946859507913781,36
263,0,659,659,0,0,0,0,0.7275728798811754,0.5368738957979983,0.7275728798811754,0.5368738957979983,1.0,1,0.696510583185957,34
264,0,659,659,0,0,0,0,0.7275728798811754,0.5368738957979983,0.7275728798811754,0.5368738957979983,1.0,1,0.696510583185957,34
265,1,660,660,0,0,0,0,0.7193175126048476,0.5368738957979983,0.7193175126048476,0.5368738957979983,1.0,1,0.693865307326941,33
266,0,660,660,0,0,0,0,0.7275728798811754,0.5368738957979983,0.7275728798811754,0.5368738957979983,1.0,1,0.6736430122243862,34
267,1,661,661,0,0,0,0,0.7193175126048474,0.5368738957979983,0.7193175126048474,0.5368738957979983,1.0,1,0.6921060881082346,33
268,2,663,663,0,0,0,0,0.6964416794994601,0.5085246239515068,0.6964416794994601,0.5085246239515068,1.0,1,0.7190115404389076,34
269,0,663,663,0,0,0,0,0.6964416794994601,0.5085246239515068,0.6964416794994601,0.5085246239515068,1.0,1,0.7190115404389076,34
270,0,663,663,0,0,0,0,0.6889096464301567,0.49094305779480185,0.6889096464301567,0.49094305779480185,1.0,1,0.7170121677817101,36
271,2,665,665,0,0,0,0,0.6644488727887362,0.4747895400171524,0.6644488727887362,0.4747895400171524,1.0,1,0.7017356563113016,36
272,1,666,666,0,0,0,0,0.6513198743520575,0.4479231343907578,0.6513198743520575,0.4479231343907578,1.0,1,0.6980792959510737,38
273,1,667,667,0,0,0,0,0.6513198743520576,0.4479231343907578,0.6513198743520576,0.4479231343907578,1.0,1,0.7195435592379474,38
274,1,668,668,0,0,0,0,0.6513198743520575,0.4479231343907578,0.6513198743520575,0.4479231343907578,1.0,1,0.7378724744287996,38
275,2,670,670,0,0,0,0,0.6513198743520575,0.4479231343907578,0.6513198743520575,0.4479231343907578,1.0,1,0.729898445969875,38
276,1,671,671,0,0,0,0,0.6568205362581413,0.4423333714194795,0.6568205362581413,0.4423333714194795,1.0,1,0.6923332268615192,39
277,0,671,671,0,0,0,0,0.6702603350832664,0.4552127275288751,0.6702603350832664,0.4552127275288751,1.0,1,0.6889086637431159,38
278,1,672,672,0,0,0,0,0.6998415985502179,0.4815445793140127,0.6998415985502179,0.4815445793140127,1.0,1,0.6809383877721096,38
279,2,674,674,0,0,0,0,0.7288775574050725,0.5093974848282266,0.7288775574050725,0.5093974848282266,1.0,1,0.702860028805021,38
280,0,674,674,0,0,0,0,0.7232801568569062,0.49926885526487785,0.7232801568569062,0.49926885526487785,1.0,1,0.7048703527170622,38
281,0,674,674,0,0,0,0,0.7459518489967301,0.5173085130937871,0.7459518489967301,0.5173085130937871,1.0,1,0.6969756673098096,38
282,2,676,676,0,0,0,0,0.7176007556894312,0.4889918436284945,0.7176007556894312,0.4889918436284945,1.0,1,0.7116254776850811,38
283,0,676,676,0,0,0,0,0.7176007556894312,0.4889918436284945,0.7176007556894312,0.4889918436284945,1.0,1,0.7116254776850811,38
284,2,678,678,0,0,0,0,0.69884748881033,0.4661387301637668,0.69884748881033,0.4661387301637668,1.0,1,0.7156268210914741,39
285,1,679,679,0,0,0,0,0.7225026063745112,0.48464769755266385,0.7225026063745112,0.48464769755266385,1.0,1,0.7060284259883753,39
286,4,683,683,0,0,0,0,0.7736627371040167,0.5354129866871921,0.7736627371040167,0.5354129866871921,1.0,1,0.6459083197681542,39
287,1,684,684,0,0,0,0,0.7941446046294731,0.5539799766971917,0.7941446046294731,0.5539799766971917,1.0,1,0.6395709241581126,39
288,5,689,689,0,0,0,0,0.8697609886138684,0.6613785703960582,0.8697609886138684,0.6613785703960582,1.0,1,0.5717631503727659,39
289,6,695,695,0,0,0,0,0.8966750264573116,0.7491176259930485,0.8966750264573116,0.7491176259930485,1.0,1,0.5811401896464364,39
290,3,698,698,0,0,0,0,0.8869755451169041,0.8210550853560487,0.8869755451169041,0.8210550853560487,1.0,1,0.5756620102934228,39
291,7,705,705,0,0,0,0,0.8608823443683635,0.6709698842407336,0.8608823443683635,0.6709698842407336,1.0,1,0.6071691814520489,39
292,7,712,712,0,0,0,0,0.8930420856093333,0.7255193427905923,0.8930420856093333,0.7255193427905923,1.0,1,0.5732444585415769,40
293,6,718,718,0,0,0,0,0.7967444095407245,0.5613958311141949,0.7967444095407245,0.5613958311141949,1.0,1,0.5981619372391956,41
294,3,721,721,0,0,0,0,0.8257245330545204,0.6127211845656012,0.8257245330545204,0.6127211845656012,1.0,1,0.5924008999322439,40
295,8,729,729,0,0,0,0,0.8994893539537976,0.7361595541287186,0.8994893539537976,0.7361595541287186,1.0,1,0.5195946391004235,42
296,2,731,731,0,0,0,0,0.9466665244047318,0.8399995732141953,0.9466665244047318,0.8399995732141953,1.0,1,0.4917060912603886,42
297,3,734,734,0,0,0,0,0.9175148192197887,0.763542481763394,0.9175148192197887,0.763542481763394,1.0,1,0.5062320636539774,43
298,4,738,738,0,0,0,0,0.9464972309089987,0.8318484399997104,0.9464972309089987,0.8318484399997104,1.0,1,0.46334403583832967,44
299,7,745,745,0,0,0,0,0.9554604252959581,0.8492506702324734,0.9554604252959581,0.8492506702324734,1.0,1,0.4570437470322827,44
300,1,746,746,0,0,0,0,0.9320855307661849,0.7817034917484512,0.9320855307661849,0.7817034917484512,1.0,1,0.4789957737878698,45
301,3,749,749,0,0,0,0,0.9633903223205641,0.8676419345435779,0.9633903223205641,0.8676419345435779,1.0,1,0.46366211756857484,47
302,2,751,751,0,0,0,0,0.9741611836655331,0.9405079023407006,0.9741611836655331,0.9405079023407006,1.0,1,0.48100883912502984,46
303,5,756,756,0,0,0,0,0.9442232460114132,0.8683703922715094,0.9442232460114132,0.8683703922715094,1.0,1,0.5076191616022756,45
304,2,758,758,0,0,0,0,0.9442232460114132,0.8683703922715094,0.9442232460114132,0.8683703922715094,1.0,1,0.5427489871473435,45
305,1,759,759,0,0,0,0,0.9663273096508512,0.8683703922715094,0.9663273096508512,0.8683703922715094,1.0,1,0.5213171843079929,43
306,1,760,760,0,0,0,0,0.9034692776650423,0.7250562506407979,0.9034692776650423,0.7250562506407979,1.0,1,0.5508949581506706,44
307,1,761,761,0,0,0,0,0.8778200589343017,0.7250562506407979,0.8778200589343017,0.7250562506407979,1.0,1,0.5699804098125688,42
308,1,762,762,0,0,0,0,0.8748400603717237,0.7250562506407979,0.8748400603717237,0.7250562506407979,1.0,1,0.5847806052919275,41
309,0,762,762,0,0,0,0,0.8603276426919031,0.6922178411535457,0.8603276426919031,0.6922178411535457,1.0,1,0.5897233343679757,42
310,2,764,764,0,0,0,0,0.7934521584002233,0.6922178411535457,0.7934521584002233,0.6922178411535457,1.0,1,0.6420166159500704,41
311,0,764,764,0,0,0,0,0.7934521584002234,0.6922178411535457,0.7934521584002234,0.6922178411535457,1.0,1,0.6420166159500704,41
312,2,766,766,0,0,0,0,0.7875946516764691,0.6609633365622997,0.7875946516764691,0.6609633365622997,1.0,1,0.6320772147996404,44
313,2,768,768,0,0,0,0,0.7847519365015555,0.5885556799845414,0.7847519365015555,0.5885556799845414,1.0,1,0.6538462059115709,43
314,1,769,769,0,0,0,0,0.7675771664642362,0.5885556799845414,0.7675771664642362,0.5885556799845414,1.0,1,0.6640176140868755,43
315,2,771,771,0,0,0,0,0.7951505306227268,0.5705970618982364,0.7951505306227268,0.5705970618982364,1.0,1,0.6579112159252793,43
316,0,771,771,0,0,0,0,0.7951505306227268,0.5705970618982364,0.7951505306227268,0.5705970618982364,1.0,1,0.6579112159252793,43
317,3,774,774,0,0,0,0,0.7990449551042507,0.5346304223466858,0.7990449551042507,0.5346304223466858,1.0,1,0.6566696469637688,44
318,1,775,775,0,0,0,0,0.7591510712902335,0.5126503073514057,0.7591510712902335,0.5126503073514057,1.0,1,0.6716620997781827,45
319,1,776,776,0,0,0,0,0.7641673637273534,0.5454772809225208,0.7641673637273534,0.5454772809225208,1.0,1,0.6657822398484492,46
320,0,776,776,0,0,0,0,0.7791516942054105,0.5707886580729508,0.7791516942054105,0.5707886580729508,1.0,1,0.6614390330697859,45
321,2,778,778,0,0,0,0,0.8001645195099711,0.602627195825321,0.8001645195099711,0.602627195825321,1.0,1,0.64868507481372,44
322,1,779,779,0,0,0,0,0.8159168035587492,0.6787996890221202,0.8159168035587492,0.6787996890221202,1.0,1,0.648573812250085,42
323,3,782,782,0,0,0,0,0.7892959038335206,0.6787996890221202,0.7892959038335206,0.6787996890221202,1.0,1,0.6675497792369948,42
324,2,784,784,0,0,0,0,0.7692555486207143,0.6502535840031458,0.7692555486207143,0.6502535840031458,1.0,1,0.675395514876687,43
325,3,787,787,0,0,0,0,0.795768918675339,0.6502535840031458,0.795768918675339,0.6502535840031458,1.0,1,0.6669804893847421,43
326,2,789,789,0,0,0,0,0.8275579851195016,0.6101194768739028,0.8275579851195016,0.6101194768739028,1.0,1,0.6588268330097632,43
327,1,790,790,0,0,0,0,0.8039637249273608,0.54602125772652,0.8039637249273608,0.54602125772652,1.0,1,0.6695655577347543,44
328,0,790,790,0,0,0,0,0.8039637249273608,0.54602125772652,0.8039637249273608,0.54602125772652,1.0,1,0.6695655577347543,44
329,3,793,793,0,0,0,0,0.7537614284879228,0.54602125772652,0.7537614284879228,0.54602125772652,1.0,1,0.6874450357370699,45
330,0,793,793,0,0,0,0,0.7591144409120985,0.54602125772652,0.7591144409120985,0.54602125772652,1.0,1,0.6762647506753893,46
331,0,793,793,0,0,0,0,0.7591144409120985,0.54602125772652,0.7591144409120985,0.54602125772652,1.0,1,0.6762647506753893,46
332,0,793,793,0,0,0,0,0.7642396655735432,0.54602125772652,0.7642396655735432,0.54602125772652,1.0,1,0.6628953159991632,47
333,1,794,794,0,0,0,0,0.7492929868223573,0.5038552391343872,0.7492929868223573,0.5038552391343872,1.0,1,0.6707062783309488,48
334,1,795,795,0,0,0,0,0.7764858222752333,0.5038552391343872,0.7764858222752333,0.5038552391343872,1.0,1,0.6590548000422407,48
335,1,796,796,0,0,0,0,0.7873665310575946,0.5038552391343872,0.7873665310575946,0.5038552391343872,1.0,1,0.6383837736792433,49
336,4,800,800,0,0,0,0,0.7737340039859177,0.534573112206488,0.7737340039859177,0.534573112206488,1.0,1,0.6283920853545362,50
337,2,802,802,0,0,0,0,0.7533518216079469,0.5684977893656323,0.7533518216079469,0.5684977893656323,1.0,1,0.624110391078466,51
338,4,806,806,0,0,0,0,0.7743690027468381,0.5987411611564203,0.7743690027468381,0.5987411611564203,1.0,1,0.6118985183577096,51
339,3,809,809,0,0,0,0,0.753938409529534,0.5803903134292492,0.753938409529534,0.5803903134292492,1.0,1,0.6294459567633593,51
340,2,811,811,0,0,0,0,0.7954283624169646,0.6601883274365905,0.7954283624169646,0.6601883274365905,1.0,1,0.6060480185474081,51
341,3,814,814,0,0,0,0,0.8212584250018711,0.6877395777674843,0.8212584250018711,0.6877395777674843,1.0,1,0.5881971635379838,51
342,0,814,814,0,0,0,0,0.8212584250018711,0.6877395777674843,0.8212584250018711,0.6877395777674843,1.0,1,0.5881971635379838,51
343,1,815,815,0,0,0,0,0.7800226307052995,0.6547725577368412,0.7800226307052995,0.6547725577368412,1.0,1,0.6065676464117624,51
344,6,821,821,0,0,0,0,0.737599342464704,0.5898206332947818,0.737599342464704,0.5898206332947818,1.0,1,0.6409412535130674,50
345,2,823,823,0,0,0,0,0.7207640721822132,0.5898206332947818,0.7207640721822132,0.5898206332947818,1.0,1,0.6489582558328643,50
346,5,828,828,0,0,0,0,0.7149993605799476,0.5275248593655902,0.7149993605799476,0.5275248593655902,1.0,1,0.657800828191465,50
347,1,829,829,0,0,0,0,0.7224861981057349,0.49982529755346944,0.7224861981057349,0.49982529755346944,1.0,1,0.6592482069374993,51
348,3,832,832,0,0,0,0,0.7522241106775103,0.47880449418938387,0.7522241106775103,0.47880449418938387,1.0,1,0.6430915403017963,52
349,2,834,834,0,0,0,0,0.7451399427712351,0.4636871235477927,0.7451399427712351,0.4636871235477927,1.0,1,0.6353031319783289,54
350,2,836,836,0,0,0,0,0.726956396418378,0.4458631784837098,0.726956396418378,0.4458631784837098,1.0,1,0.6449105456541849,54
351,4,840,840,0,0,0,0,0.7345757472443539,0.4458631784837098,0.7345757472443539,0.4458631784837098,1.0,1,0.6416716857322563,54
352,1,841,841,0,0,0,0,0.706276452394062,0.42749335705491287,0.706276452394062,0.42749335705491287,1.0,1,0.6493275192906897,56
353,7,848,848,0,0,0,0,0.7395019100987875,0.45809983737056986,0.7395019100987875,0.45809983737056986,1.0,1,0.6392728866195138,54
354,1,849,849,0,0,0,0,0.7631449062774233,0.4769450013626431,0.7631449062774233,0.4769450013626431,1.0,1,0.6320908634796085,53
355,5,854,854,0,0,0,0,0.7448359130255786,0.44884557213524984,0.7448359130255786,0.44884557213524984,1.0,1,0.608690685801064,54
356,2,856,856,0,0,0,0,0.7453257118624536,0.44990353762289975,0.7453257118624536,0.44990353762289975,1.0,1,0.596620915012179,54
357,1,857,857,0,0,0,0,0.7586967576777978,0.46712200653846997,0.7586967576777978,0.46712200653846997,1.0,1,0.5947674756790103,53
358,0,857,857,0,0,0,0,0.7815171236930046,0.5133790482253284,0.7815171236930046,0.5133790482253284,1.0,1,0.6007579275821998,49
359,1,858,858,0,0,0,0,0.7947998336490228,0.5309710483406237,0.7947998336490228,0.5309710483406237,1.0,1,0.5859606198391859,48
360,2,860,860,0,0,0,0,0.8088885975283587,0.5508882041916427,0.8088885975283587,0.5508882041916427,1.0,1,0.6077828496778486,47
361,2,862,862,0,0,0,0,0.8275026689237062,0.6604041863723223,0.8275026689237062,0.6604041863723223,1.0,1,0.5903538344026654,46
362,6,868,868,0,0,0,0,0.8051101375742119,0.7006225488494547,0.8051101375742119,0.7006225488494547,1.0,1,0.6061290199991203,46
363,6,874,874,0,0,0,0,0.837774640738307,0.7445091169707952,0.837774640738307,0.7445091169707952,1.0,1,0.5720661741709534,47
364,3,877,877,0,0,0,0,0.8395718057939904,0.7109310428723907,0.8395718057939904,0.7109310428723907,1.0,1,0.574726273377517,47
365,7,884,884,0,0,0,0,0.8876358132789055,0.7738430511866977,0.8876358132789055,0.7738430511866977,1.0,1,0.5455882680995376,47
366,0,884,884,0,0,0,0,0.8466088975751037,0.7148532740636482,0.8466088975751037,0.7148532740636482,1.0,1,0.5428262927937199,50
367,5,889,889,0,0,0,0,0.8703518363695718,0.7148532740636482,0.8703518363695718,0.7148532740636482,1.0,1,0.5268848308763496,50
368,2,891,891,0,0,0,0,0.8905843007350235,0.7495040834820557,0.8905843007350235,0.7495040834820557,1.0,1,0.5039653050996789,51
369,1,892,892,0,0,0,0,0.8887317786960564,0.796000048002011,0.8887317786960564,0.796000048002011,1.0,1,0.5052064839033072,51
370,1,893,893,0,0,0,0,0.8866042449611322,0.7524305619302799,0.8866042449611322,0.7524305619302799,1.0,1,0.5086448467649292,51
371,3,896,896,0,0,0,0,0.8459980999369794,0.6937561690794884,0.8459980999369794,0.6937561690794884,1.0,1,0.5451105395515295,52
372,1,897,897,0,0,0,0,0.8312259466024817,0.6587182693088836,0.8312259466024817,0.6587182693088836,1.0,1,0.5439280502248757,53
373,3,900,900,0,0,0,0,0.7735899566619873,0.5620105419387479,0.7735899566619873,0.5620105419387479,1.0,1,0.586208249554522,53
374,2,902,902,0,0,0,0,0.7122530662856011,0.5003498017620757,0.7122530662856011,0.5003498017620757,1.0,1,0.6297547786876304,53
375,3,905,905,0,0,0,0,0.6929451888823348,0.5077565077054332,0.6929451888823348,0.5077565077054332,1.0,1,0.6338448782754962,53
376,4,909,909,0,0,0,0,0.7253627190364752,0.5444386133844485,0.7253627190364752,0.5444386133844485,1.0,1,0.6160018600411894,53
377,4,913,913,0,0,0,0,0.7087429073107221,0.5493817844754476,0.7087429073107221,0.5493817844754476,1.0,1,0.6247797163732864,53
378,5,918,918,0,0,0,0,0.707476801493269,0.546026604059197,0.707476801493269,0.546026604059197,1.0,1,0.6227926328529302,53
379,6,924,924,0,0,0,0,0.7627519728603624,0.6221022587034893,0.7627519728603624,0.6221022587034893,1.0,1,0.5839410776456285,54
380,6,930,930,0,0,0,0,0.7803311929225624,0.5589553132423946,0.7803311929225624,0.5589553132423946,1.0,1,0.5850959752038859,54
381,5,935,935,0,0,0,0,0.788389025728837,0.5589553132423946,0.788389025728837,0.5589553132423946,1.0,1,0.5678346032876684,54
382,6,941,941,0,0,0,0,0.7818847581514506,0.4841470621479819,0.7818847581514506,0.4841470621479819,1.0,1,0.5702354128992163,55
383,1,942,942,0,0,0,0,0.7936588248591928,0.4841470621479819,0.7936588248591928,0.4841470621479819,1.0,1,0.5683227100514759,55
384,4,946,946,0,0,0,0,0.7361684369243877,0.46819275570996943,0.7361684369243877,0.46819275570996943,1.0,1,0.6197140669688898,54
385,3,949,949,0,0,0,0,0.7330172034810455,0.45332895476865476,0.7330172034810455,0.45332895476865476,1.0,1,0.6207982188376419,52
386,3,952,952,0,0,0,0,0.7338197463471106,0.46971406419879164,0.7338197463471106,0.46971406419879164,1.0,1,0.6319494845921034,52
387,4,956,956,0,0,0,0,0.7129153941020089,0.5150190449890238,0.7129153941020089,0.5150190449890238,1.0,1,0.6324091939538851,50
388,2,958,958,0,0,0,0,0.7488134328215553,0.5150190449890238,0.7488134328215553,0.5150190449890238,1.0,1,0.6036984950444464,52
389,7,965,965,0,0,0,0,0.8064294605965286,0.5931635612491755,0.8064294605965286,0.5931635612491755,1.0,1,0.564650554319263,51
390,7,972,972,0,0,0,0,0.8751881271338212,0.6356731773455961,0.8751881271338212,0.6356731773455961,1.0,1,0.5469871435107518,50
391,3,975,975,0,0,0,0,0.9082895863749292,0.7425035523127622,0.9082895863749292,0.7425035523127622,1.0,1,0.5284393286762918,49
392,7,982,982,0,0,0,0,0.9317332608786243,0.8624760076743115,0.9317332608786243,0.8624760076743115,1.0,1,0.5379626703476955,47
393,4,986,986,0,0,0,0,0.9248818058939031,0.8502318759231893,0.9248818058939031,0.8502318759231893,1.0,1,0.5203447740109104,47
394,4,990,990,0,0,0,0,0.9378773461406248,0.8551457109121816,0.9378773461406248,0.8551457109121816,1.0,1,0.520013089381868,48
395,2,992,992,0,0,0,0,0.9248962913424231,0.7985343098636555,0.9248962913424231,0.7985343098636555,1.0,1,0.5366525045251681,46
396,0,992,992,0,0,0,0,0.9473816921912738,0.8810941158917355,0.9473816921912738,0.8810941158917355,1.0,1,0.5406927542474987,43
397,3,995,995,0,0,0,0,0.9395629867526152,0.8047419572007566,0.9395629867526152,0.8047419572007566,1.0,1,0.559820126006782,42
398,1,996,996,0,0,0,0,0.9357938835380846,0.851187799890522,0.9357938835380846,0.851187799890522,1.0,1,0.5781122224869214,40
399,0,996,996,0,0,0,0,0.9531814413612048,0.9051431336590785,0.9531814413612048,0.9051431336590785,1.0,1,0.5722319160898524,39
400,1,997,997,0,0,0,0,0.9565188626480065,0.862309731718687,0.9565188626480065,0.862309731718687,1.0,1,0.5927017105534721,38
401,0,997,997,0,0,0,0,0.9553436967736283,0.862309731718687,0.9553436967736283,0.862309731718687,1.0,1,0.6133926486381911,37
402,0,997,997,0,0,0,0,0.954103243906229,0.862309731718687,0.954103243906229,0.862309731718687,1.0,1,0.6119761848545399,36
403,2,999,999,0,0,0,0,0.9593645009024927,0.8713209195245604,0.9593645009024927,0.8713209195245604,1.0,1,0.5673413106574222,38
404,2,1001,1001,0,0,0,0,0.9137994498041729,0.759869895883053,0.9137994498041729,0.759869895883053,1.0,1,0.6002868789449568,39
405,1,1002,1002,0,0,0,0,0.894934892484571,0.7198263799588559,0.894934892484571,0.7198263799588559,1.0,1,0.5859366331854589,40
406,3,1005,1005,0,0,0,0,0.898039373315193,0.7612386958280706,0.898039373315193,0.7612386958280706,1.0,1,0.5837372236032907,41
407,1,1006,1006,0,0,0,0,0.9014275284013772,0.8236843696210218,0.9014275284013772,0.8236843696210218,1.0,1,0.5633332749810543,42
408,4,1010,1010,0,0,0,0,0.8569031148912285,0.7396645849123478,0.8569031148912285,0.7396645849123478,1.0,1,0.562400821606259,43
409,1,1011,1011,0,0,0,0,0.8590388874351564,0.6981323562737853,0.8590388874351564,0.6981323562737853,1.0,1,0.5646062662908394,44
410,2,1013,1013,0,0,0,0,0.8464841942102005,0.659854700485012,0.8464841942102005,0.659854700485012,1.0,1,0.5600268890851804,46
411,4,1017,1017,0,0,0,0,0.8497948534873495,0.659854700485012,0.8497948534873495,0.659854700485012,1.0,1,0.5676891348107949,46
412,1,1018,1018,0,0,0,0,0.8294895766336541,0.6582307266612117,0.8294895766336541,0.6582307266612117,1.0,1,0.5702791581474669,47
413,4,1022,1022,0,0,0,0,0.8556008943751308,0.7024977440884098,0.8556008943751308,0.7024977440884098,1.0,1,0.5594207679678244,47
414,2,1024,1024,0,0,0,0,0.8308516366449371,0.7056551347650849,0.8308516366449371,0.7056551347650849,1.0,1,0.5647844320563526,47
415,3,1027,1027,0,0,0,0,0.8299224623815836,0.6665548062265151,0.8299224623815836,0.6665548062265151,1.0,1,0.5668307264840577,48
416,3,1030,1030,0,0,0,0,0.8960140726780538,0.7824154842070598,0.8960140726780538,0.7824154842070598,1.0,1,0.5243945139562031,49
417,2,1032,1032,0,0,0,0,0.9162673947147231,0.8376553135716569,0.9162673947147231,0.8376553135716569,1.0,1,0.5110331670331315,49
418,4,1036,1036,0,0,0,0,0.8920719953801691,0.7282122735489273,0.8920719953801691,0.7282122735489273,1.0,1,0.5241574615608096,50
419,5,1041,1041,0,0,0,0,0.9319760442526756,0.8800377877976857,0.9319760442526756,0.8800377877976857,1.0,1,0.48957006310039175,50
420,2,1043,1043,0,0,0,0,0.95662281805636,0.8800377877976857,0.95662281805636,0.8800377877976857,1.0,1,0.47518573320433666,50
421,2,1045,1045,0,0,0,0,0.9578316320074255,0.8800377877976857,0.9578316320074255,0.8800377877976857,1.0,1,0.47566507229506527,50
422,4,1049,1049,0,0,0,0,0.9436126606178593,0.8307889246913528,0.9436126606178593,0.8307889246913528,1.0,1,0.48957945257740393,50
423,4,1053,1053,0,0,0,0,0.9592059927067013,0.8307889246913528,0.9592059927067013,0.8307889246913528,1.0,1,0.4525255103813694,51
424,3,1056,1056,0,0,0,0,0.9359473938874301,0.8307889246913528,0.9359473938874301,0.8307889246913528,1.0,1,0.501314213682606,49
425,6,1062,1062,0,0,0,0,0.8540549756301483,0.7333139284821621,0.8540549756301483,0.7333139284821621,1.0,1,0.5538767062959902,48
426,1,1063,1063,0,0,0,0,0.8598927766049423,0.7333139284821621,0.8598927766049423,0.7333139284821621,1.0,1,0.5473099670340714,50
427,3,1066,1066,0,0,0,0,0.8482833416652434,0.7148446997944666,0.8482833416652434,0.7148446997944666,1.0,1,0.5669483433360486,48
428,1,1067,1067,0,0,0,0,0.8491927711212627,0.7133836769095206,0.8491927711212627,0.7133836769095206,1.0,1,0.5621647496651981,49
429,1,1068,1068,0,0,0,0,0.8529865975370359,0.7003123043036186,0.8529865975370359,0.7003123043036186,1.0,1,0.5845632706966306,45
430,2,1070,1070,0,0,0,0,0.891800822013579,0.7551913979246229,0.891800822013579,0.7551913979246229,1.0,1,0.5690614226568564,44
431,3,1073,1073,0,0,0,0,0.9002447431887892,0.7935262201037145,0.9002447431887892,0.7935262201037145,1.0,1,0.5788755253217505,42
432,1,1074,1074,0,0,0,0,0.8880159362838678,0.7214852623617608,0.8880159362838678,0.7214852623617608,1.0,1,0.622477378747431,40
433,2,1076,1076,0,0,0,0,0.8978014349582313,0.715303997383644,0.8978014349582313,0.715303997383644,1.0,1,0.6165706896458838,39
434,2,1078,1078,0,0,0,0,0.8443314168543146,0.6205578285823917,0.8443314168543146,0.6205578285823917,1.0,1,0.6484664863425603,39
435,1,1079,1079,0,0,0,0,0.8146818683482685,0.5857594704255413,0.8146818683482685,0.5857594704255413,1.0,1,0.6716418041210381,38
436,2,1081,1081,0,0,0,0,0.8174443647409658,0.591934462362159,0.8174443647409658,0.591934462362159,1.0,1,0.6572111010744894,38
437,4,1085,1085,0,0,0,0,0.7263595219818223,0.5429021181300648,0.7263595219818223,0.5429021181300648,1.0,1,0.6911778865178425,39
438,6,1091,1091,0,0,0,0,0.7750933331109225,0.5970439422873576,0.7750933331109225,0.5970439422873576,1.0,1,0.6650318985071587,38
439,4,1095,1095,0,0,0,0,0.7494904521866149,0.644942390036839,0.7494904521866149,0.644942390036839,1.0,1,0.6658061088044909,39
440,1,1096,1096,0,0,0,0,0.7499297021112721,0.5975575877711808,0.7499297021112721,0.5975575877711808,1.0,1,0.6727666194107935,39
441,7,1103,1103,0,0,0,0,0.8077426893744987,0.6880744336047186,0.8077426893744987,0.6880744336047186,1.0,1,0.6344251326367679,41
442,3,1106,1106,0,0,0,0,0.7941877952192358,0.6747154218778032,0.7941877952192358,0.6747154218778032,1.0,1,0.6275174577428132,42
443,2,1108,1108,0,0,0,0,0.7936039555330572,0.6071423514880065,0.7936039555330572,0.6071423514880065,1.0,1,0.6362590782917513,42
444,4,1112,1112,0,0,0,0,0.8538204098560024,0.6071423514880065,0.8538204098560024,0.6071423514880065,1.0,1,0.5949727092580595,43
445,3,1115,1115,0,0,0,0,0.8822174895671495,0.6545046360636384,0.8822174895671495,0.6545046360636384,1.0,1,0.5509462732144729,44
446,3,1118,1118,0,0,0,0,0.8822174895671494,0.6545046360636384,0.8822174895671494,0.6545046360636384,1.0,1,0.5193528139151531,44
447,4,1122,1122,0,0,0,0,0.869173607046403,0.615697470698809,0.869173607046403,0.615697470698809,1.0,1,0.5055837415361275,47
448,0,1122,1122,0,0,0,0,0.8663295550256727,0.615697470698809,0.8663295550256727,0.615697470698809,1.0,1,0.5028691840711771,46
449,0,1122,1122,0,0,0,0,0.8663295550256728,0.615697470698809,0.8663295550256728,0.615697470698809,1.0,1,0.5028691840711771,46
450,0,1122,1122,0,0,0,0,0.8663295550256727,0.615697470698809,0.8663295550256727,0.615697470698809,1.0,1,0.5029171696929868,46
451,1,1123,1123,0,0,0,0,0.8487840968198416,0.581932502972503,0.8487840968198416,0.581932502972503,1.0,1,0.5180130884681159,47
452,4,1127,1127,0,0,0,0,0.8487840968198413,0.581932502972503,0.8487840968198413,0.581932502972503,1.0,1,0.5584418156774089,47
453,3,1130,1130,0,0,0,0,0.8295330104799075,0.581932502972503,0.8295330104799075,0.581932502972503,1.0,1,0.5788702097484597,47
454,2,1132,1132,0,0,0,0,0.7776917234304892,0.581932502972503,0.7776917234304892,0.581932502972503,1.0,1,0.6243439234738982,46
455,2,1134,1134,0,0,0,0,0.7610937094271384,0.5500294193132317,0.7610937094271384,0.5500294193132317,1.0,1,0.6173368449143743,47
456,3,1137,1137,0,0,0,0,0.7679022607654946,0.529910060842667,0.7679022607654946,0.529910060842667,1.0,1,0.6014070774027507,49
457,2,1139,1139,0,0,0,0,0.7585259423481577,0.4994382657283147,0.7585259423481577,0.4994382657283147,1.0,1,0.614379899268021,50
458,2,1141,1141,0,0,0,0,0.7917265405910867,0.4994382657283147,0.7917265405910867,0.4994382657283147,1.0,1,0.5938490214393733,50
459,5,1146,1146,0,0,0,0,0.8074762560493518,0.4994382657283147,0.8074762560493518,0.4994382657283147,1.0,1,0.5525299636373551,52
460,1,1147,1147,0,0,0,0,0.7910625976913176,0.4726817941733252,0.7910625976913176,0.4726817941733252,1.0,1,0.5542232065308286,53
461,3,1150,1150,0,0,0,0,0.7955893303932262,0.47437256386829596,0.7955893303932262,0.47437256386829596,1.0,1,0.544798466571413,54
462,6,1156,1156,0,0,0,0,0.8018520975805343,0.515949141231138,0.8018520975805343,0.515949141231138,1.0,1,0.5447113092077924,54
463,2,1158,1158,0,0,0,0,0.7895155223474035,0.5484172066098211,0.7895155223474035,0.5484172066098211,1.0,1,0.5412642884468706,55
464,6,1164,1164,0,0,0,0,0.7929791053682625,0.6042437235696129,0.7929791053682625,0.6042437235696129,1.0,1,0.5409559631023345,56
465,10,1174,1174,0,0,0,0,0.7809622189429328,0.5895485716403972,0.7809622189429328,0.5895485716403972,1.0,1,0.5444180243505699,54
466,4,1178,1178,0,0,0,0,0.7996368313177044,0.5813736714991393,0.7996368313177044,0.5813736714991393,1.0,1,0.5544535978254694,54
467,4,1182,1182,0,0,0,0,0.8140999025012033,0.5893555434191375,0.8140999025012033,0.5893555434191375,1.0,1,0.5613119647438901,51
468,3,1185,1185,0,0,0,0,0.8151830451194685,0.5924244475042222,0.8151830451194685,0.5924244475042222,1.0,1,0.5654837614024585,51
469,9,1194,1194,0,0,0,0,0.8702600809564464,0.7389569623327535,0.8702600809564464,0.7389569623327535,1.0,1,0.5198255745063495,48
470,2,1196,1196,0,0,0,0,0.906531083702884,0.7389569623327535,0.906531083702884,0.7389569623327535,1.0,1,0.5136281021418981,47
471,10,1206,1206,0,0,0,0,0.9124788708573011,0.7719955666212241,0.9124788708573011,0.7719955666212241,1.0,1,0.5150716571502818,44
472,1,1207,1207,0,0,0,0,0.964663761410356,0.9193752683313934,0.964663761410356,0.9193752683313934,1.0,1,0.5043780732349465,43
473,6,1213,1213,0,0,0,0,0.964261145086305,0.8778922457115421,0.964261145086305,0.8778922457115421,1.0,1,0.48436365608444354,41
474,1,1214,1214,0,0,0,0,1.0,1.0,1.0,1.0,1.0,1,0.46711109020990754,39
475,3,1217,1217,0,0,0,0,0.9545172025187776,0.8600529308270084,0.9545172025187776,0.8600529308270084,1.0,1,0.5045905067459049,40
476,2,1219,1219,0,0,0,0,0.9796173644785727,0.9354549875154806,0.9796173644785727,0.9354549875154806,1.0,1,0.4747724984601723,38
477,1,1220,1220,0,0,0,0,1.0,1.0,1.0,1.0,1.0,1,0.4657715580353708,35
478,4,1224,1224,0,0,0,0,0.9912839358414861,0.9722670685865463,0.9912839358414861,0.9722670685865463,1.0,1,0.5266249812550226,35
479,2,1226,1226,0,0,0,0,0.9904668048266253,0.9722670685865463,0.9904668048266253,0.9722670685865463,1.0,1,0.4973097832781814,32
480,0,1226,1226,0,0,0,0,0.9904668048266253,0.9722670685865463,0.9904668048266253,0.9722670685865463,1.0,1,0.5272632244351402,32
481,1,1227,1227,0,0,0,0,0.9907556895288488,0.9722670685865463,0.9907556895288488,0.9722670685865463,1.0,1,0.5111312295699477,33
482,0,1227,1227,0,0,0,0,0.9910275810132945,0.9722670685865463,0.9910275810132945,0.9722670685865463,1.0,1,0.4833010413312341,34
483,3,1230,1230,0,0,0,0,1.0,1.0,1.0,1.0,1.0,1,0.48540816071034837,32
484,4,1234,1234,0,0,0,0,1.0,1.0,1.0,1.0,1.0,1,0.47436376523305396,33
485,3,1237,1237,0,0,0,0,1.0,1.0,1.0,1.0,1.0,1,0.47923456692097965,34
486,1,1238,1238,0,0,0,0,0.9683361832330084,0.8963729633080276,0.9683361832330084,0.8963729633080276,1.0,1,0.5117693065028502,36
487,5,1243,1243,0,0,0,0,0.9380781067296601,0.8142343201889799,0.9380781067296601,0.8142343201889799,1.0,1,0.5283284938220854,36
488,2,1245,1245,0,0,0,0,0.9397516714126422,0.8142343201889799,0.9397516714126422,0.8142343201889799,1.0,1,0.5519425424420478,37
489,0,1245,1245,0,0,0,0,0.9216428479354665,0.7709560170421326,0.9216428479354665,0.7709560170421326,1.0,1,0.5582720043522597,38
490,1,1246,1246,0,0,0,0,0.9196769211220489,0.7709560170421326,0.9196769211220489,0.7709560170421326,1.0,1,0.5789329452360783,38
491,0,1246,1246,0,0,0,0,0.9175060270983205,0.7709560170421326,0.9175060270983205,0.7709560170421326,1.0,1,0.5900010198936634,37
492,2,1248,1248,0,0,0,0,0.8898163821350065,0.7088004384996599,0.8898163821350065,0.7088004384996599,1.0,1,0.6044819442188857,37
493,1,1249,1249,0,0,0,0,0.8572490244875206,0.7088004384996599,0.8572490244875206,0.7088004384996599,1.0,1,0.6351602876297725,37
494,1,1250,1250,0,0,0,0,0.8052863439462596,0.6538802536208367,0.8052863439462596,0.6538802536208367,1.0,1,0.6330628819514894,39
495,0,1250,1250,0,0,0,0,0.8101541853476032,0.6538802536208367,0.8101541853476032,0.6538802536208367,1.0,1,0.6257625565736052,40
496,2,1252,1252,0,0,0,0,0.8087127969562935,0.6538802536208367,0.8087127969562935,0.6538802536208367,1.0,1,0.6408875451980622,40
497,1,1253,1253,0,0,0,0,0.8229801101675271,0.6134684703896539,0.8229801101675271,0.6134684703896539,1.0,1,0.6010151667810736,43
498,4,1257,1257,0,0,0,0,0.8428907637878537,0.6134684703896539,0.8428907637878537,0.6134684703896539,1.0,1,0.569816057712215,43
499,4,1261,1261,0,0,0,0,0.8129542559898297,0.5427770701973617,0.8129542559898297,0.5427770701973617,1.0,1,0.5551107106630544,44
500,4,1265,1265,0,0,0,0,0.8171108280789448,0.5427770701973617,0.8171108280789448,0.5427770701973617,1.0,1,0.5523255993032066,45
501,3,1268,1268,0,0,0,0,0.77610770797367,0.49624234294075764,0.77610770797367,0.49624234294075764,1.0,1,0.5741507574634095,45
502,2,1270,1270,0,0,0,0,0.77610770797367,0.49624234294075764,0.77610770797367,0.49624234294075764,1.0,1,0.6165563343402102,45
503,2,1272,1272,0,0,0,0,0.7406135006260592,0.4576464103999421,0.7406135006260592,0.4576464103999421,1.0,1,0.6163554418957344,46
504,1,1273,1273,0,0,0,0,0.726553394932809,0.44121780703660973,0.726553394932809,0.44121780703660973,1.0,1,0.6394544092349628,47
505,2,1275,1275,0,0,0,0,0.7232812449036942,0.4717187402706889,0.7232812449036942,0.4717187402706889,1.0,1,0.659748387084376,42
506,0,1275,1275,0,0,0,0,0.7401996206175259,0.4927706878723123,0.7401996206175259,0.4927706878723123,1.0,1,0.6545133380845806,41
507,0,1275,1275,0,0,0,0,0.7484369453870633,0.5220301962354204,0.7484369453870633,0.5220301962354204,1.0,1,0.6602340107307002,38
508,1,1276,1276,0,0,0,0,0.7441583097262947,0.51390078847996,0.7441583097262947,0.51390078847996,1.0,1,0.6578349941935421,38
509,0,1276,1276,0,0,0,0,0.7450707147103756,0.5283808222141949,0.7450707147103756,0.5283808222141949,1.0,1,0.6600386618579377,37
510,1,1277,1277,0,0,0,0,0.7620535998336041,0.5491541891584079,0.7620535998336041,0.5491541891584079,1.0,1,0.6316072651236363,36
511,1,1278,1278,0,0,0,0,0.7763021981021107,0.5774597075262089,0.7763021981021107,0.5774597075262089,1.0,1,0.637754179115723,34
512,0,1278,1278,0,0,0,0,0.8191817102668459,0.6383634205336919,0.8191817102668459,0.6383634205336919,1.0,1,0.6243010974675963,32
513,4,1282,1282,0,0,0,0,0.8769953836532989,0.7188465912075401,0.8769953836532989,0.7188465912075401,1.0,1,0.6030313180578142,32
514,1,1283,1283,0,0,0,0,0.8844558991524226,0.7111397478810564,0.8844558991524226,0.7111397478810564,1.0,1,0.5845153370547357,35
515,8,1291,1291,0,0,0,0,0.8945946658603948,0.8122949528239964,0.8945946658603948,0.8122949528239964,1.0,1,0.6188655954236824,35
516,1,1292,1292,0,0,0,0,0.9188205836679866,0.8605468411371376,0.9188205836679866,0.8605468411371376,1.0,1,0.600023609095609,36
517,8,1300,1300,0,0,0,0,0.8819311946951451,0.6963945006446588,0.8819311946951451,0.6963945006446588,1.0,1,0.6091857108676363,36
518,2,1302,1302,0,0,0,0,0.936160313575715,0.7925210191210741,0.936160313575715,0.7925210191210741,1.0,1,0.5787453107476721,39
519,4,1306,1306,0,0,0,0,0.9268317937489214,0.7622033296839947,0.9268317937489214,0.7622033296839947,1.0,1,0.5599552599774332,39
520,2,1308,1308,0,0,0,0,0.9245698086697589,0.7548518781767165,0.9245698086697589,0.7548518781767165,1.0,1,0.582340349439012,39
521,3,1311,1311,0,0,0,0,0.9767885501292002,0.9155947277425459,0.9767885501292002,0.9155947277425459,1.0,1,0.5372491771508537,40
522,1,1312,1312,0,0,0,0,0.9603301979151292,0.9155947277425459,0.9603301979151292,0.9155947277425459,1.0,1,0.543677316628228,40
523,3,1315,1315,0,0,0,0,0.9624079531670101,0.8598841890770376,0.9624079531670101,0.8598841890770376,1.0,1,0.5302998390932604,41
524,1,1316,1316,0,0,0,0,0.9366410101562352,0.7835234513671367,0.9366410101562352,0.7835234513671367,1.0,1,0.5394877019883841,41
525,4,1320,1320,0,0,0,0,0.9359723000504914,0.7865743335016379,0.9359723000504914,0.7865743335016379,1.0,1,0.536527809092222,40
526,2,1322,1322,0,0,0,0,0.9795749760036934,0.9182999040147738,0.9795749760036934,0.9182999040147738,1.0,1,0.49787032373724077,40
527,3,1325,1325,0,0,0,0,0.9518340549764426,0.8248511090052459,0.9518340549764426,0.8248511090052459,1.0,1,0.5190726688707857,40
528,1,1326,1326,0,0,0,0,0.9718743365077016,0.8874973460308064,0.9718743365077016,0.8874973460308064,1.0,1,0.49588524255343663,40
529,0,1326,1326,0,0,0,0,0.9711531656489247,0.8874973460308064,0.9711531656489247,0.8874973460308064,1.0,1,0.5121164531311158,39
530,5,1331,1331,0,0,0,0,0.988615064244865,0.9596352277772489,0.988615064244865,0.9596352277772489,1.0,1,0.5012300366321547,39
531,2,1333,1333,0,0,0,0,0.988615064244865,0.9596352277772489,0.988615064244865,0.9596352277772489,1.0,1,0.47261186738709177,39
532,1,1334,1334,0,0,0,0,0.9888996876387435,0.9596352277772489,0.9888996876387435,0.9596352277772489,1.0,1,0.4923790671505246,40
533,0,1334,1334,0,0,0,0,0.9596128332920937,0.8653761109736455,0.9596128332920937,0.8653761109736455,1.0,1,0.5258573962750107,40
534,1,1335,1335,0,0,0,0,0.9326448561057417,0.7823910735723958,0.9326448561057417,0.7823910735723958,1.0,1,0.545623192977208,42
535,1,1336,1336,0,0,0,0,0.9326448561057415,0.7823910735723958,0.9326448561057415,0.7823910735723958,1.0,1,0.5411092036741142,42
536,0,1336,1336,0,0,0,0,0.9342112548009568,0.7823910735723958,0.9342112548009568,0.7823910735723958,1.0,1,0.5413060342839525,43
537,0,1336,1336,0,0,0,0,0.9342112548009568,0.7823910735723958,0.9342112548009568,0.7823910735723958,1.0,1,0.5413060342839525,43
538,2,1338,1338,0,0,0,0,0.9193694421912988,0.746589675458368,0.9193694421912988,0.746589675458368,1.0,1,0.5652753558751964,44
539,3,1341,1341,0,0,0,0,0.9000261452955601,0.746589675458368,0.9000261452955601,0.746589675458368,1.0,1,0.5644150226824654,44
540,1,1342,1342,0,0,0,0,0.8781971015752187,0.746589675458368,0.8781971015752187,0.746589675458368,1.0,1,0.5734166527828269,44
541,4,1346,1346,0,0,0,0,0.8274329194538538,0.6837521024223868,0.8274329194538538,0.6837521024223868,1.0,1,0.585216304820166,45
542,2,1348,1348,0,0,0,0,0.7837617425798183,0.6391990455935356,0.7837617425798183,0.6391990455935356,1.0,1,0.6031573235026595,46
543,3,1351,1351,0,0,0,0,0.8103422219212667,0.6968440340390809,0.8103422219212667,0.6968440340390809,1.0,1,0.601972539509868,43
544,4,1355,1355,0,0,0,0,0.7808878523581458,0.6503271729383673,0.7808878523581458,0.6503271729383673,1.0,1,0.633261930204202,42
545,3,1358,1358,0,0,0,0,0.7562147396022584,0.6412402088989513,0.7562147396022584,0.6412402088989513,1.0,1,0.6455421039687927,43
546,3,1361,1361,0,0,0,0,0.7717506135540422,0.6367678572015221,0.7717506135540422,0.6367678572015221,1.0,1,0.6653557103148592,41
547,1,1362,1362,0,0,0,0,0.8222166188083287,0.7453696651315548,0.8222166188083287,0.7453696651315548,1.0,1,0.6258401841528964,40
548,1,1363,1363,0,0,0,0,0.7955751414905551,0.6913010812753884,0.7955751414905551,0.6913010812753884,1.0,1,0.6567517780946595,40
549,1,1364,1364,0,0,0,0,0.8028193168965119,0.7110803001557287,0.8028193168965119,0.7110803001557287,1.0,1,0.6580308205289629,39
550,2,1366,1366,0,0,0,0,0.8103638853109112,0.6799340599472056,0.8103638853109112,0.6799340599472056,1.0,1,0.6737868947643467,38
551,2,1368,1368,0,0,0,0,0.8103461004946392,0.6305675084831571,0.8103461004946392,0.6305675084831571,1.0,1,0.6641724492363716,38
552,0,1368,1368,0,0,0,0,0.7841392989064802,0.6305675084831571,0.7841392989064802,0.6305675084831571,1.0,1,0.6642496999915953,39
553,2,1370,1370,0,0,0,0,0.8347275695845703,0.6305675084831571,0.8347275695845703,0.6305675084831571,1.0,1,0.6485925822880477,38
554,0,1370,1370,0,0,0,0,0.8093936167993385,0.5870195030652335,0.8093936167993385,0.5870195030652335,1.0,1,0.6563426657540815,39
555,2,1372,1372,0,0,0,0,0.8507116908451448,0.6361097464350404,0.8507116908451448,0.6361097464350404,1.0,1,0.6281296091970769,39
556,2,1374,1374,0,0,0,0,0.8339197514101944,0.6092229444945749,0.8339197514101944,0.6092229444945749,1.0,1,0.6186361103484065,40
557,2,1376,1376,0,0,0,0,0.8339197514101944,0.6092229444945749,0.8339197514101944,0.6092229444945749,1.0,1,0.6368785823204218,40
558,2,1378,1378,0,0,0,0,0.8318786437232448,0.6092229444945749,0.8318786437232448,0.6092229444945749,1.0,1,0.6497967407474963,40
559,4,1382,1382,0,0,0,0,0.7890201494783314,0.6092229444945749,0.7890201494783314,0.6092229444945749,1.0,1,0.6561252105678749,40
560,5,1387,1387,0,0,0,0,0.815114177190974,0.6092229444945749,0.815114177190974,0.6092229444945749,1.0,1,0.6383235693926135,41
561,4,1391,1391,0,0,0,0,0.7752235815736874,0.5279695213047436,0.7752235815736874,0.5279695213047436,1.0,1,0.6522206327368377,42
562,2,1393,1393,0,0,0,0,0.7477545260756262,0.5279695213047436,0.7477545260756262,0.5279695213047436,1.0,1,0.6701191867196196,42
563,2,1395,1395,0,0,0,0,0.7304588452203277,0.48542143178426195,0.7304588452203277,0.48542143178426195,1.0,1,0.679443343846492,42
564,5,1400,1400,0,0,0,0,0.6837768894139334,0.4334335935332974,0.6837768894139334,0.4334335935332974,1.0,1,0.6834857169623153,43
565,2,1402,1402,0,0,0,0,0.6866449010882104,0.42551565199505254,0.6866449010882104,0.42551565199505254,1.0,1,0.6778407459102387,44
566,4,1406,1406,0,0,0,0,0.7363978318601253,0.46832365497700557,0.7363978318601253,0.46832365497700557,1.0,1,0.6711457870023695,45
567,5,1411,1411,0,0,0,0,0.7176470834041738,0.4475703805733837,0.7176470834041738,0.4475703805733837,1.0,1,0.6760579925196573,45
568,4,1415,1415,0,0,0,0,0.7645971355577668,0.4843556302693938,0.7645971355577668,0.4843556302693938,1.0,1,0.6441252390777968,46
569,6,1421,1421,0,0,0,0,0.8108393365552437,0.5320762535840239,0.8108393365552437,0.5320762535840239,1.0,1,0.6150269852798502,47
570,3,1424,1424,0,0,0,0,0.7740008587558344,0.4834305342990497,0.7740008587558344,0.4834305342990497,1.0,1,0.6369871541963009,48
571,3,1427,1427,0,0,0,0,0.7650290876379632,0.5114971178235326,0.7650290876379632,0.5114971178235326,1.0,1,0.6351701349664116,48
572,0,1427,1427,0,0,0,0,0.7600297065238772,0.5114971178235326,0.7600297065238772,0.5114971178235326,1.0,1,0.6482021746302797,47
573,3,1430,1430,0,0,0,0,0.7772429029835389,0.4802334402949241,0.7772429029835389,0.4802334402949241,1.0,1,0.6368697994010404,49
574,3,1433,1433,0,0,0,0,0.7698620678590543,0.5083422879709857,0.7698620678590543,0.5083422879709857,1.0,1,0.6341001479193257,49
575,2,1435,1435,0,0,0,0,0.7610669922636032,0.48068433964693236,0.7610669922636032,0.48068433964693236,1.0,1,0.6371521110522381,50
576,3,1438,1438,0,0,0,0,0.766231946739376,0.4580831492594625,0.766231946739376,0.4580831492594625,1.0,1,0.6374191763877509,51
577,3,1441,1441,0,0,0,0,0.7372596369968439,0.4580831492594625,0.7372596369968439,0.4580831492594625,1.0,1,0.6625076372104223,51
578,1,1442,1442,0,0,0,0,0.7158392769593317,0.4580831492594625,0.7158392769593317,0.4580831492594625,1.0,1,0.6673884144130872,51
579,2,1444,1444,0,0,0,0,0.7436554314720923,0.4580831492594625,0.7436554314720923,0.4580831492594625,1.0,1,0.6541326387159228,52
580,3,1447,1447,0,0,0,0,0.7072570532051081,0.44986964833266724,0.7072570532051081,0.44986964833266724,1.0,1,0.6756397952796284,52
581,1,1448,1448,0,0,0,0,0.7226103508416113,0.44936876361219047,0.7226103508416113,0.44936876361219047,1.0,1,0.6708051162976157,52
582,1,1449,1449,0,0,0,0,0.692187489986956,0.4351636004566103,0.692187489986956,0.4351636004566103,1.0,1,0.6823265421787382,53
583,3,1452,1452,0,0,0,0,0.6592477714779963,0.4690498771833397,0.6592477714779963,0.4690498771833397,1.0,1,0.6937781725754997,51
584,4,1456,1456,0,0,0,0,0.5814942823988866,0.4690498771833397,0.5814942823988866,0.4690498771833397,1.0,1,0.719157297128632,51
585,7,1463,1463,0,0,0,0,0.6150395396393967,0.469087294288398,0.6150395396393967,0.469087294288398,1.0,1,0.7101282669474511,49
586,4,1467,1467,0,0,0,0,0.708358464995371,0.48345885203650063,0.708358464995371,0.48345885203650063,1.0,1,0.6587995209364992,49
587,5,1472,1472,0,0,0,0,0.7309739003624403,0.48175431138366565,0.7309739003624403,0.48175431138366565,1.0,1,0.6477659565116554,48
588,3,1475,1475,0,0,0,0,0.7185598698557777,0.5290283335681658,0.7185598698557777,0.5290283335681658,1.0,1,0.6521071459061264,46
589,4,1479,1479,0,0,0,0,0.7214180734581856,0.5044843538839604,0.7214180734581856,0.5044843538839604,1.0,1,0.6232922477223569,48
590,3,1482,1482,0,0,0,0,0.7714525173116907,0.6193593085756541,0.7714525173116907,0.6193593085756541,1.0,1,0.5884562391238138,47
591,5,1487,1487,0,0,0,0,0.753217292709094,0.624330054054367,0.753217292709094,0.624330054054367,1.0,1,0.5952571884932389,48
592,8,1495,1495,0,0,0,0,0.7382597624527768,0.523049967222617,0.7382597624527768,0.523049967222617,1.0,1,0.6392944075887438,47
593,5,1500,1500,0,0,0,0,0.8176330768390349,0.6702655294622895,0.8176330768390349,0.6702655294622895,1.0,1,0.5988190815450372,45
594,8,1508,1508,0,0,0,0,0.802856437854021,0.543457013977733,0.802856437854021,0.543457013977733,1.0,1,0.6218658239650738,44
595,6,1514,1514,0,0,0,0,0.814036461123504,0.5987404532514863,0.814036461123504,0.5987404532514863,1.0,1,0.6213206878594909,43
596,6,1520,1520,0,0,0,0,0.7923907588983986,0.519220704817344,0.7923907588983986,0.519220704817344,1.0,1,0.6264710752732627,44
597,2,1522,1522,0,0,0,0,0.8371688146651631,0.5881328841530601,0.8371688146651631,0.5881328841530601,1.0,1,0.5823602400046263,43
598,3,1525,1525,0,0,0,0,0.8683327282672064,0.6296857982515182,0.8683327282672064,0.6296857982515182,1.0,1,0.5607690758540613,45
599,2,1527,1527,0,0,0,0,0.864467027679613,0.6272843261189356,0.864467027679613,0.6272843261189356,1.0,1,0.578783962065029,44
600,3,1530,1530,0,0,0,0,0.9386473333754544,0.7923448206553834,0.9386473333754544,0.7923448206553834,1.0,1,0.5330875597354349,44
601,4,1534,1534,0,0,0,0,0.9637627980315622,0.906728081164026,0.9637627980315622,0.906728081164026,1.0,1,0.5001538911472004,45
602,0,1534,1534,0,0,0,0,0.9350622836545999,0.849142781177485,0.9350622836545999,0.849142781177485,1.0,1,0.5086224295308328,46
603,2,1536,1536,0,0,0,0,0.9393976768212329,0.8008780809840507,0.9393976768212329,0.8008780809840507,1.0,1,0.5007342480403916,46
604,0,1536,1536,0,0,0,0,0.940687087952696,0.8008780809840507,0.940687087952696,0.8008780809840507,1.0,1,0.48533629529434463,47
605,1,1537,1537,0,0,0,0,0.940687087952696,0.8008780809840507,0.940687087952696,0.8008780809840507,1.0,1,0.48642238941267796,47
606,1,1538,1538,0,0,0,0,0.9324910295995544,0.8008780809840507,0.9324910295995544,0.8008780809840507,1.0,1,0.49378556819801817,47
607,3,1541,1541,0,0,0,0,0.9028312226559746,0.8008780809840507,0.9028312226559746,0.8008780809840507,1.0,1,0.5177926271095423,48
608,3,1544,1544,0,0,0,0,0.8455405528024313,0.7018741898625039,0.8455405528024313,0.7018741898625039,1.0,1,0.5650859196774084,47
609,0,1544,1544,0,0,0,0,0.8315052493240541,0.7018741898625039,0.8315052493240541,0.7018741898625039,1.0,1,0.5666442669063396,48
610,2,1546,1546,0,0,0,0,0.7879986980516677,0.61410578746253,0.7879986980516677,0.61410578746253,1.0,1,0.6116198106843664,48
611,0,1546,1546,0,0,0,0,0.7923252552342868,0.61410578746253,0.7923252552342868,0.61410578746253,1.0,1,0.600967195829059,49
612,4,1550,1550,0,0,0,0,0.7576220952715945,0.6074534196923632,0.7576220952715945,0.6074534196923632,1.0,1,0.6135805794278018,50
613,1,1551,1551,0,0,0,0,0.7817593093291648,0.6583480523530435,0.7817593093291648,0.6583480523530435,1.0,1,0.587062273620992,50
614,2,1553,1553,0,0,0,0,0.7641170027756174,0.633074096050554,0.7641170027756174,0.633074096050554,1.0,1,0.5932288430561475,50
615,1,1554,1554,0,0,0,0,0.7845592161035235,0.633074096050554,0.7845592161035235,0.633074096050554,1.0,1,0.5796642901262343,50
616,3,1557,1557,0,0,0,0,0.7887221040147804,0.6635913936380717,0.7887221040147804,0.6635913936380717,1.0,1,0.5762635491523801,50
617,1,1558,1558,0,0,0,0,0.7921172528737974,0.6207964255898404,0.7921172528737974,0.6207964255898404,1.0,1,0.5675531909289301,52
618,5,1563,1563,0,0,0,0,0.7959432724017051,0.6417960525272846,0.7959432724017051,0.6417960525272846,1.0,1,0.5612594834582835,52
619,3,1566,1566,0,0,0,0,0.8438713618875052,0.6555273219202136,0.8438713618875052,0.6555273219202136,1.0,1,0.5358328661656343,50
620,4,1570,1570,0,0,0,0,0.8604198458633745,0.612277349620485,0.8604198458633745,0.612277349620485,1.0,1,0.5376800201394046,50
621,4,1574,1574,0,0,0,0,0.8670086180494745,0.6166718990837796,0.8670086180494745,0.6166718990837796,1.0,1,0.530601426197022,49
622,4,1578,1578,0,0,0,0,0.820262612145558,0.5364667365859127,0.820262612145558,0.5364667365859127,1.0,1,0.5733626573461578,49
623,5,1583,1583,0,0,0,0,0.9008843714211299,0.6828299885476157,0.9008843714211299,0.6828299885476157,1.0,1,0.5435449542533122,48
624,4,1587,1587,0,0,0,0,0.8779130825577819,0.6490001123536228,0.8779130825577819,0.6490001123536228,1.0,1,0.565740938736971,46
625,5,1592,1592,0,0,0,0,0.9765503631152841,0.9120638616823155,0.9765503631152841,0.9120638616823155,1.0,1,0.5082974889531099,45
626,3,1595,1595,0,0,0,0,0.9934161447976294,0.9736645791905174,0.9934161447976294,0.9736645791905174,1.0,1,0.4955019609888522,44
627,6,1601,1601,0,0,0,0,0.99630942104099,0.9852376841639597,0.99630942104099,0.9852376841639597,1.0,1,0.49895121144452853,44
628,1,1602,1602,0,0,0,0,0.9891805446977259,0.9714844946269441,0.9891805446977259,0.9714844946269441,1.0,1,0.503108341278847,44
629,7,1609,1609,0,0,0,0,0.9608727657182138,0.8663152828705639,0.9608727657182138,0.8663152828705639,1.0,1,0.5040978253963637,41
630,1,1610,1610,0,0,0,0,0.9598945848611692,0.8663152828705639,0.9598945848611692,0.8663152828705639,1.0,1,0.5230369912377477,40
631,0,1610,1610,0,0,0,0,0.9577837735380728,0.8663152828705639,0.9577837735380728,0.8663152828705639,1.0,1,0.5352187704487528,38
632,3,1613,1613,0,0,0,0,0.9861338708097793,0.9520988264337826,0.9861338708097793,0.9520988264337826,1.0,1,0.5537108548534908,38
633,2,1615,1615,0,0,0,0,1.0,1.0,1.0,1.0,1.0,1,0.5708175361258431,36
634,3,1618,1618,0,0,0,0,0.9830419188799061,0.9460424691633376,0.9830419188799061,0.9460424691633376,1.0,1,0.5852117262006373,35
635,3,1621,1621,0,0,0,0,1.0,1.0,1.0,1.0,1.0,1,0.5399141066897376,35
636,2,1623,1623,0,0,0,0,1.0,1.0,1.0,1.0,1.0,1,0.577497762919905,36
637,2,1625,1625,0,0,0,0,1.0,1.0,1.0,1.0,1.0,1,0.5739363010365417,35
638,0,1625,1625,0,0,0,0,1.0,1.0,1.0,1.0,1.0,1,0.606959919383392,34
639,3,1628,1628,0,0,0,0,1.0,1.0,1.0,1.0,1.0,1,0.5703355500759695,36
640,2,1630,1630,0,0,0,0,1.0,1.0,1.0,1.0,1.0,1,0.5656394318797042,37
641,1,1631,1631,0,0,0,0,1.0,1.0,1.0,1.0,1.0,1,0.5565406845965511,37
642,2,1633,1633,0,0,0,0,0.9907068551520668,0.9678964087071399,0.9907068551520668,0.9678964087071399,1.0,1,0.553978691304116,38
643,1,1634,1634,0,0,0,0,0.9909451409173985,0.9678964087071399,0.9909451409173985,0.9678964087071399,1.0,1,0.5531423965611281,39
644,2,1636,1636,0,0,0,0,0.9662634003943432,0.8987902011830295,0.9662634003943432,0.8987902011830295,1.0,1,0.5626400685481788,39
645,2,1638,1638,0,0,0,0,0.9655790046855615,0.9201900045768339,0.9655790046855615,0.9201900045768339,1.0,1,0.5560240836795001,39
646,4,1642,1642,0,0,0,0,0.8954602474814426,0.8029939689114753,0.8954602474814426,0.8029939689114753,1.0,1,0.5880583709583602,40
647,3,1645,1645,0,0,0,0,0.9037607326064135,0.8126377813336412,0.9037607326064135,0.8126377813336412,1.0,1,0.586272011495383,40
648,5,1650,1650,0,0,0,0,0.9175340624584999,0.8406047794426483,0.9175340624584999,0.8406047794426483,1.0,1,0.5713325470123417,40
649,0,1650,1650,0,0,0,0,0.9175340624584999,0.8406047794426483,0.9175340624584999,0.8406047794426483,1.0,1,0.5713325470123417,40
650,3,1653,1653,0,0,0,0,0.9365220487647365,0.826804542590728,0.9365220487647365,0.826804542590728,1.0,1,0.5602657293868349,41
651,4,1657,1657,0,0,0,0,0.8796158830941088,0.8127156564370239,0.8796158830941088,0.8127156564370239,1.0,1,0.578324719967831,42
652,1,1658,1658,0,0,0,0,0.901399866753981,0.8127575307564796,0.901399866753981,0.8127575307564796,1.0,1,0.5686430425728991,41
653,2,1660,1660,0,0,0,0,0.9003765388366161,0.8127575307564796,0.9003765388366161,0.8127575307564796,1.0,1,0.5693841210892984,41
654,4,1664,1664,0,0,0,0,0.8959932589016504,0.7087811249246208,0.8959932589016504,0.7087811249246208,1.0,1,0.5572851179067981,42
655,2,1666,1666,0,0,0,0,0.8803781789703469,0.6635636283541008,0.8803781789703469,0.6635636283541008,1.0,1,0.541223435816423,45
656,2,1668,1668,0,0,0,0,0.838707985652095,0.5967699641302378,0.838707985652095,0.5967699641302378,1.0,1,0.5500836827847835,45
657,1,1669,1669,0,0,0,0,0.8784055369942396,0.673214880672019,0.8784055369942396,0.673214880672019,1.0,1,0.5455549134540997,43
658,4,1673,1673,0,0,0,0,0.8341447073098709,0.6037901341291362,0.8341447073098709,0.6037901341291362,1.0,1,0.5451075099024077,43
659,3,1676,1676,0,0,0,0,0.8836935968229109,0.687426541461573,0.8836935968229109,0.687426541461573,1.0,1,0.5139934827607834,43
660,1,1677,1677,0,0,0,0,0.8598674735187276,0.6455471389003111,0.8598674735187276,0.6455471389003111,1.0,1,0.5399797193017339,43
661,4,1681,1681,0,0,0,0,0.9014698842970714,0.7306843504119951,0.9014698842970714,0.7306843504119951,1.0,1,0.5432839766218035,41
662,3,1684,1684,0,0,0,0,0.9458543358156787,0.8333979563559344,0.9458543358156787,0.8333979563559344,1.0,1,0.5405946986040426,40
663,3,1687,1687,0,0,0,0,0.9444659854519781,0.8333979563559344,0.9444659854519781,0.8333979563559344,1.0,1,0.5474938649404346,39
664,3,1690,1690,0,0,0,0,0.9913562518314202,0.9717113696301025,0.9913562518314202,0.9717113696301025,1.0,1,0.5350018199274653,36
665,3,1693,1693,0,0,0,0,0.9572718253272201,0.8718154759816606,0.9572718253272201,0.8718154759816606,1.0,1,0.5719496742681784,36
666,8,1701,1701,0,0,0,0,0.9563705155139431,0.8691115465418294,0.9563705155139431,0.8691115465418294,1.0,1,0.5691681083572746,36
667,2,1703,1703,0,0,0,0,0.9858053945190695,0.9548353461970394,0.9858053945190695,0.9548353461970394,1.0,1,0.576833347103687,35
668,6,1709,1709,0,0,0,0,0.8752783149969167,0.7172975139930112,0.8752783149969167,0.7172975139930112,1.0,1,0.6084902627215395,34
669,7,1716,1716,0,0,0,0,0.984921326510742,0.9533931910332027,0.984921326510742,0.9533931910332027,1.0,1,0.5441158739191119,34
670,5,1721,1721,0,0,0,0,0.8842448568635926,0.7354168156882116,0.8842448568635926,0.7354168156882116,1.0,1,0.6143017038029199,32
671,1,1722,1722,0,0,0,0,0.9199593161484463,0.7968198025306716,0.9199593161484463,0.7968198025306716,1.0,1,0.6079861717677141,33
672,1,1723,1723,0,0,0,0,0.9537274355112045,0.8766064946965453,0.9537274355112045,0.8766064946965453,1.0,1,0.619861902109613,32
673,3,1726,1726,0,0,0,0,0.9322011343849664,0.8331104846399173,0.9322011343849664,0.8331104846399173,1.0,1,0.6316699872027314,32
674,1,1727,1727,0,0,0,0,0.8976440652421733,0.7660435776963962,0.8976440652421733,0.7660435776963962,1.0,1,0.6617916594544789,32
675,3,1730,1730,0,0,0,0,0.876539049286295,0.7201551783822687,0.876539049286295,0.7201551783822687,1.0,1,0.638709045037934,34
676,1,1731,1731,0,0,0,0,0.9080001231458491,0.7700003078646228,0.9080001231458491,0.7700003078646228,1.0,1,0.5989728976647211,35
677,3,1734,1734,0,0,0,0,0.9411866176301812,0.841656278235103,0.9411866176301812,0.841656278235103,1.0,1,0.5716301418565295,35
678,5,1739,1739,0,0,0,0,0.9680299983800572,0.9067541619418334,0.9680299983800572,0.9067541619418334,1.0,1,0.5418315622366225,35
679,2,1741,1741,0,0,0,0,0.9624544284467506,0.8873632853402512,0.9624544284467506,0.8873632853402512,1.0,1,0.5604557567273054,36
680,1,1742,1742,0,0,0,0,0.9946024992422277,0.981844770178402,0.9946024992422277,0.981844770178402,1.0,1,0.5298145310478984,37
681,2,1744,1744,0,0,0,0,1.0,1.0,1.0,1.0,1.0,1,0.5025584302346582,37
682,2,1746,1746,0,0,0,0,1.0,1.0,1.0,1.0,1.0,1,0.4918032974470022,37
683,1,1747,1747,0,0,0,0,1.0,1.0,1.0,1.0,1.0,1,0.4538648349550544,38
684,4,1751,1751,0,0,0,0,1.0,1.0,1.0,1.0,1.0,1,0.49824122253214564,39
685,2,1753,1753,0,0,0,0,0.9708835759878545,0.9077979906282052,0.9708835759878545,0.9077979906282052,1.0,1,0.5093276555030396,38
686,3,1756,1756,0,0,0,0,0.9700966456091475,0.9077979906282052,0.9700966456091475,0.9077979906282052,1.0,1,0.5370808668830009,37
687,2,1758,1758,0,0,0,0,0.8879311249955201,0.7160921833219842,0.8879311249955201,0.7160921833219842,1.0,1,0.5704499301979834,38
688,2,1760,1760,0,0,0,0,0.8849022364818854,0.7160921833219842,0.8849022364818854,0.7160921833219842,1.0,1,0.6182855364168619,37
689,2,1762,1762,0,0,0,0,0.8399342793103142,0.632790405476603,0.8399342793103142,0.632790405476603,1.0,1,0.5923888971261273,39
690,4,1766,1766,0,0,0,0,0.8722410582819421,0.7195343451607001,0.8722410582819421,0.7195343451607001,1.0,1,0.6363854159065444,38
691,2,1768,1768,0,0,0,0,0.8710929956026152,0.7342171108529273,0.8710929956026152,0.7342171108529273,1.0,1,0.6346491639188575,38
692,3,1771,1771,0,0,0,0,0.9058685623247817,0.8525785843779502,0.9058685623247817,0.8525785843779502,1.0,1,0.6081037345949196,38
693,4,1775,1775,0,0,0,0,0.9543075343909326,0.859407798125946,0.9543075343909326,0.859407798125946,1.0,1,0.5599518369891788,40
694,8,1783,1783,0,0,0,0,0.9577696592331068,0.8521938073158742,0.9577696592331068,0.8521938073158742,1.0,1,0.5169860352427261,42
695,3,1786,1786,0,0,0,0,0.9401098396799595,0.8157225836306448,0.9401098396799595,0.8157225836306448,1.0,1,0.538316964974473,40
696,2,1788,1788,0,0,0,0,0.9926331367837218,0.9738811213241042,0.9926331367837218,0.9738811213241042,1.0,1,0.5279832971160425,39
697,4,1792,1792,0,0,0,0,0.9779692442679236,0.9218909569499107,0.9779692442679236,0.9218909569499107,1.0,1,0.5234286035226094,39
698,2,1794,1794,0,0,0,0,1.0,1.0,1.0,1.0,1.0,1,0.5077342695804178,37
699,2,1796,1796,0,0,0,0,1.0,1.0,1.0,1.0,1.0,1,0.4592571184265672,37
700,3,1799,1799,0,0,0,0,1.0,1.0,1.0,1.0,1.0,1,0.43915850685390284,37
701,3,1802,1802,0,0,0,0,0.9709723503769291,0.9023615421769433,0.9709723503769291,0.9023615421769433,1.0,1,0.4927193583850622,37
702,4,1806,1806,0,0,0,0,0.9724520342133599,0.9048343000097886,0.9724520342133599,0.9048343000097886,1.0,1,0.5073187577750853,38
703,3,1809,1809,0,0,0,0,0.9149210702751032,0.7643968099925935,0.9149210702751032,0.7643968099925935,1.0,1,0.5520433425687297,36
704,3,1812,1812,0,0,0,0,0.8837973319248782,0.7011931392354009,0.8837973319248782,0.7011931392354009,1.0,1,0.5976180204046658,36
705,4,1816,1816,0,0,0,0,0.9873125387798817,0.9543251396075737,0.9873125387798817,0.9543251396075737,1.0,1,0.49098738674213893,36
706,4,1820,1820,0,0,0,0,1.0,1.0,1.0,1.0,1.0,1,0.47599887253726136,35
707,1,1821,1821,0,0,0,0,1.0,1.0,1.0,1.0,1.0,1,0.44544559645506404,36
708,2,1823,1823,0,0,0,0,1.0,1.0,1.0,1.0,1.0,1,0.48220593894679353,36
709,3,1826,1826,0,0,0,0,1.0,1.0,1.0,1.0,1.0,1,0.4899387392353361,34
710,3,1829,1829,0,0,0,0,1.0,1.0,1.0,1.0,1.0,1,0.41799916866744835,34
711,2,1831,1831,0,0,0,0,1.0,1.0,1.0,1.0,1.0,1,0.42717944085591264,34
712,3,1834,1834,0,0,0,0,1.0,1.0,1.0,1.0,1.0,1,0.4468272770365057,35
713,5,1839,1839,0,0,0,0,1.0,1.0,1.0,1.0,1.0,1,0.5186236668561943,34
714,1,1840,1840,0,0,0,0,1.0,1.0,1.0,1.0,1.0,1,0.5106525898106997,34
715,3,1843,1843,0,0,0,0,1.0,1.0,1.0,1.0,1.0,1,0.4942902068307469,35
716,2,1845,1845,0,0,0,0,0.9952209521152122,0.9856628563456364,0.9952209521152122,0.9856628563456364,1.0,1,0.5285358199017122,33
717,1,1846,1846,0,0,0,0,0.9654962787647157,0.9051147666029681,0.9654962787647157,0.9051147666029681,1.0,1,0.5643550145536259,33
718,2,1848,1848,0,0,0,0,0.9419396358596944,0.8570821805777094,0.9419396358596944,0.8570821805777094,1.0,1,0.5794933981064055,32
719,1,1849,1849,0,0,0,0,0.9419396358596944,0.8570821805777094,0.9419396358596944,0.8570821805777094,1.0,1,0.6002451694528178,32
720,3,1852,1852,0,0,0,0,0.9072130507617558,0.7812879053669958,0.9072130507617558,0.7812879053669958,1.0,1,0.5689994682048073,33
721,0,1852,1852,0,0,0,0,0.9072130507617558,0.7812879053669958,0.9072130507617558,0.7812879053669958,1.0,1,0.5689994682048073,33
722,2,1854,1854,0,0,0,0,0.8848702062302204,0.7390391341218328,0.8848702062302204,0.7390391341218328,1.0,1,0.6038434497825038,34
723,3,1857,1857,0,0,0,0,0.8848702062302204,0.7390391341218328,0.8848702062302204,0.7390391341218328,1.0,1,0.61511066640289,34
724,1,1858,1858,0,0,0,0,0.8375278675920867,0.6559413666655955,0.8375278675920867,0.6559413666655955,1.0,1,0.6063351929890062,36
725,4,1862,1862,0,0,0,0,0.813178366498433,0.6263567329968659,0.813178366498433,0.6263567329968659,1.0,1,0.6402151598607404,36
726,2,1864,1864,0,0,0,0,0.7905089282256101,0.6030695482169455,0.7905089282256101,0.6030695482169455,1.0,1,0.6637966741648519,36
727,0,1864,1864,0,0,0,0,0.7905089282256101,0.6030695482169455,0.7905089282256101,0.6030695482169455,1.0,1,0.6637966741648519,36
728,0,1864,1864,0,0,0,0,0.7710337413834847,0.5764124215594467,0.7710337413834847,0.5764124215594467,1.0,1,0.6689111968384764,37
729,4,1868,1868,0,0,0,0,0.7468086435501285,0.5539009433978455,0.7468086435501285,0.5539009433978455,1.0,1,0.6442592805411222,37
730,1,1869,1869,0,0,0,0,0.7770591692418141,0.5764124215594467,0.7770591692418141,0.5764124215594467,1.0,1,0.6209011133885033,38
731,2,1871,1871,0,0,0,0,0.731859239141573,0.5246595602964251,0.731859239141573,0.5246595602964251,1.0,1,0.6499859642760095,39
732,2,1873,1873,0,0,0,0,0.7449392762566185,0.5246595602964251,0.7449392762566185,0.5246595602964251,1.0,1,0.66282511163941,41
733,0,1873,1873,0,0,0,0,0.7913206639136602,0.5930752946316374,0.7913206639136602,0.5930752946316374,1.0,1,0.648516235846532,39
734,0,1873,1873,0,0,0,0,0.8202802129600604,0.6311014897601239,0.8202802129600604,0.6311014897601239,1.0,1,0.6402267629473097,39
735,2,1875,1875,0,0,0,0,0.7917708534076885,0.5939531641449927,0.7917708534076885,0.5939531641449927,1.0,1,0.622740813364771,39
736,0,1875,1875,0,0,0,0,0.8391345833178653,0.6603952314488267,0.8391345833178653,0.6603952314488267,1.0,1,0.5871881196358744,38
737,0,1875,1875,0,0,0,0,0.8432593375917662,0.6603952314488267,0.8432593375917662,0.6603952314488267,1.0,1,0.5828833735495383,39
738,2,1877,1877,0,0,0,0,0.9137152485786744,0.7871642798273969,0.9137152485786744,0.7871642798273969,1.0,1,0.5811310254349631,37
739,4,1881,1881,0,0,0,0,0.9614281820914485,0.9141412526378047,0.9614281820914485,0.9141412526378047,1.0,1,0.5824161943328982,37
740,2,1883,1883,0,0,0,0,1.0,1.0,1.0,1.0,1.0,1,0.5721931612134109,35
741,6,1889,1889,0,0,0,0,0.9726547698839861,0.9179643096519581,0.9726547698839861,0.9179643096519581,1.0,1,0.6010222477306879,33
742,6,1895,1895,0,0,0,0,0.9015014010185542,0.734811464280723,0.9015014010185542,0.734811464280723,1.0,1,0.6097416765260496,35
743,5,1900,1900,0,0,0,0,0.8431436097117122,0.6568766462443705,0.8431436097117122,0.6568766462443705,1.0,1,0.6290518802264733,35
744,6,1906,1906,0,0,0,0,0.8884181343872113,0.7290154692260847,0.8884181343872113,0.7290154692260847,1.0,1,0.6484400447880782,34
745,2,1908,1908,0,0,0,0,0.826942457019372,0.6322527211661655,0.826942457019372,0.6322527211661655,1.0,1,0.6750059317119156,34
746,4,1912,1912,0,0,0,0,0.8867794773710499,0.7331230538031892,0.8867794773710499,0.7331230538031892,1.0,1,0.6243276906978104,33
747,3,1915,1915,0,0,0,0,0.8490782257292036,0.6780335482223011,0.8490782257292036,0.6780335482223011,1.0,1,0.638053796369656,32
748,4,1919,1919,0,0,0,0,0.8775477354998185,0.7113625193924291,0.8775477354998185,0.7113625193924291,1.0,1,0.597336920088382,33
749,2,1921,1921,0,0,0,0,0.938231158092627,0.8301356847547243,0.938231158092627,0.8301356847547243,1.0,1,0.5569174285097528,33
750,4,1925,1925,0,0,0,0,0.9415082295076109,0.8342733169382314,0.9415082295076109,0.8342733169382314,1.0,1,0.5956013217976985,34
751,2,1927,1927,0,0,0,0,0.9957147903860692,0.9845732453898491,0.9957147903860692,0.9845732453898491,1.0,1,0.53468699026829,36
752,4,1931,1931,0,0,0,0,0.9871932311549445,0.9668961932091305,0.9871932311549445,0.9668961932091305,1.0,1,0.5750755258847047,35
753,1,1932,1932,0,0,0,0,0.935197393461284,0.8854801716901058,0.935197393461284,0.8854801716901058,1.0,1,0.5909033665725854,37
754,1,1933,1933,0,0,0,0,0.935197393461284,0.8854801716901058,0.935197393461284,0.8854801716901058,1.0,1,0.6078631307421195,37
755,3,1936,1936,0,0,0,0,0.9514616834767964,0.8854801716901058,0.9514616834767964,0.8854801716901058,1.0,1,0.5939244415679122,35
756,0,1936,1936,0,0,0,0,0.9234589730983179,0.8130097053948343,0.9234589730983179,0.8130097053948343,1.0,1,0.6003046364518797,36
757,1,1937,1937,0,0,0,0,0.8950957037130977,0.8130097053948343,0.8950957037130977,0.8130097053948343,1.0,1,0.6183246595491232,35
758,0,1937,1937,0,0,0,0,0.8980097119432894,0.8130097053948343,0.8980097119432894,0.8130097053948343,1.0,1,0.6124944118409427,36
759,0,1937,1937,0,0,0,0,0.9007662062150924,0.8130097053948343,0.9007662062150924,0.8130097053948343,1.0,1,0.6034344554756218,37
760,0,1937,1937,0,0,0,0,0.8702155455583878,0.7548954414483134,0.8702155455583878,0.7548954414483134,1.0,1,0.6245805782164086,36
761,0,1937,1937,0,0,0,0,0.8702155455583878,0.7548954414483134,0.8702155455583878,0.7548954414483134,1.0,1,0.6245805782164086,36
762,0,1937,1937,0,0,0,0,0.8737232335162691,0.7548954414483134,0.8737232335162691,0.7548954414483134,1.0,1,0.6138443027659956,37
763,2,1939,1939,0,0,0,0,0.8062479392120103,0.7180213945428566,0.8062479392120103,0.7180213945428566,1.0,1,0.6588624531083778,38
764,0,1939,1939,0,0,0,0,0.8062479392120103,0.7180213945428566,0.8062479392120103,0.7180213945428566,1.0,1,0.6588624531083778,38
765,1,1940,1940,0,0,0,0,0.8044755444782469,0.6724808578972448,0.8044755444782469,0.6724808578972448,1.0,1,0.6645280334112648,38
766,3,1943,1943,0,0,0,0,0.7590495760626396,0.6250060833454145,0.7590495760626396,0.6250060833454145,1.0,1,0.656869770743972,40
767,0,1943,1943,0,0,0,0,0.7649264156708678,0.6250060833454145,0.7649264156708678,0.6250060833454145,1.0,1,0.6457099794931094,41
768,2,1945,1945,0,0,0,0,0.7160038595952875,0.6250060833454145,0.7160038595952875,0.6250060833454145,1.0,1,0.668555872055206,41
769,0,1945,1945,0,0,0,0,0.7021586488763021,0.5977560236816639,0.7021586488763021,0.5977560236816639,1.0,1,0.6724882291988429,42
770,0,1945,1945,0,0,0,0,0.7438738504172466,0.6487369884356493,0.7438738504172466,0.6487369884356493,1.0,1,0.6509251716207933,41
771,3,1948,1948,0,0,0,0,0.7458322804439458,0.6008320386700851,0.7458322804439458,0.6008320386700851,1.0,1,0.6698712869913707,41
772,1,1949,1949,0,0,0,0,0.776989465957446,0.6314465157136466,0.776989465957446,0.6314465157136466,1.0,1,0.6560807254725304,41
773,1,1950,1950,0,0,0,0,0.8340226611719461,0.6843818289490027,0.8340226611719461,0.6843818289490027,1.0,1,0.6154262973776882,41
774,0,1950,1950,0,0,0,0,0.8130652764816227,0.6843818289490027,0.8130652764816227,0.6843818289490027,1.0,1,0.6165976995619259,42
775,3,1953,1953,0,0,0,0,0.833454296261759,0.7259757258501351,0.833454296261759,0.7259757258501351,1.0,1,0.6072775195952023,42
776,1,1954,1954,0,0,0,0,0.8071677350117431,0.6666892045393632,0.8071677350117431,0.6666892045393632,1.0,1,0.6209147350852706,42
777,2,1956,1956,0,0,0,0,0.783321808137684,0.6782641440306856,0.783321808137684,0.6782641440306856,1.0,1,0.6281487047437571,42
778,2,1958,1958,0,0,0,0,0.7504301744055119,0.6236833672691743,0.7504301744055119,0.6236833672691743,1.0,1,0.6431055021452132,44
779,3,1961,1961,0,0,0,0,0.7289586010400712,0.5792408838565872,0.7289586010400712,0.5792408838565872,1.0,1,0.6635854633178458,44
780,2,1963,1963,0,0,0,0,0.7455682421028722,0.5533756480387118,0.7455682421028722,0.5533756480387118,1.0,1,0.6637598098357839,44
781,0,1963,1963,0,0,0,0,0.7566304924462256,0.5533756480387118,0.7566304924462256,0.5533756480387118,1.0,1,0.6534255367226939,46
782,2,1965,1965,0,0,0,0,0.748290200488033,0.49666798664584855,0.748290200488033,0.49666798664584855,1.0,1,0.6765175363549745,45
783,1,1966,1966,0,0,0,0,0.7743151478286429,0.5271365002123947,0.7743151478286429,0.5271365002123947,1.0,1,0.6561688926907034,44
784,1,1967,1967,0,0,0,0,0.7743151478286431,0.5271365002123947,0.7743151478286431,0.5271365002123947,1.0,1,0.6484427594432319,44
785,2,1969,1969,0,0,0,0,0.792760907783462,0.5636908464096123,0.792760907783462,0.5636908464096123,1.0,1,0.6511176119395671,43
786,3,1972,1972,0,0,0,0,0.7970655099579592,0.5636908464096123,0.7970655099579592,0.5636908464096123,1.0,1,0.6365155744500706,43
787,2,1974,1974,0,0,0,0,0.7970655099579592,0.5636908464096123,0.7970655099579592,0.5636908464096123,1.0,1,0.6410259852385211,43
788,4,1978,1978,0,0,0,0,0.7620728994059541,0.513330930603088,0.7620728994059541,0.513330930603088,1.0,1,0.6304047253005688,45
789,3,1981,1981,0,0,0,0,0.7856779481452235,0.5305326483181085,0.7856779481452235,0.5305326483181085,1.0,1,0.6230940152178512,46
790,3,1984,1984,0,0,0,0,0.7743686459885786,0.5165042414040969,0.7743686459885786,0.5165042414040969,1.0,1,0.6252699636219375,45
791,3,1987,1987,0,0,0,0,0.8001724193316275,0.5403965644627435,0.8001724193316275,0.5403965644627435,1.0,1,0.6122428026897442,46
792,2,1989,1989,0,0,0,0,0.8182617371392816,0.5600244526012433,0.8182617371392816,0.5600244526012433,1.0,1,0.610518916830178,46
793,6,1995,1995,0,0,0,0,0.7798178021914763,0.5996827026253657,0.7798178021914763,0.5996827026253657,1.0,1,0.6237577243156963,46
794,3,1998,1998,0,0,0,0,0.7414548067359891,0.5575150406447801,0.7414548067359891,0.5575150406447801,1.0,1,0.641354356598121,47
795,6,2004,2004,0,0,0,0,0.702868567882493,0.5775525903567571,0.702868567882493,0.5775525903567571,1.0,1,0.6636275259324013,47
796,5,2009,2009,0,0,0,0,0.7224813040324439,0.6232508189080515,0.7224813040324439,0.6232508189080515,1.0,1,0.6491370358171781,46
797,5,2014,2014,0,0,0,0,0.6178424902815874,0.4861974983582198,0.6178424902815874,0.4861974983582198,1.0,1,0.7233209436722007,47
798,6,2020,2020,0,0,0,0,0.7279494959881241,0.5788364992267592,0.7279494959881241,0.5788364992267592,1.0,1,0.6537375138702993,48
799,3,2023,2023,0,0,0,0,0.6870536303942596,0.5591836002628496,0.6870536303942596,0.5591836002628496,1.0,1,0.6656581814458772,48
800,4,2027,2027,0,0,0,0,0.721321910161426,0.6035447286809694,0.721321910161426,0.6035447286809694,1.0,1,0.649492999582944,48
801,4,2031,2031,0,0,0,0,0.7966548276476633,0.5711272897883628,0.7966548276476633,0.5711272897883628,1.0,1,0.6040191869715913,49
802,1,2032,2032,0,0,0,0,0.7760178902179882,0.5711272897883628,0.7760178902179882,0.5711272897883628,1.0,1,0.6053794970642186,50
803,1,2033,2033,0,0,0,0,0.7510932562223579,0.5711272897883628,0.7510932562223579,0.5711272897883628,1.0,1,0.6134305156589407,49
804,1,2034,2034,0,0,0,0,0.7746122596058176,0.5711272897883628,0.7746122596058176,0.5711272897883628,1.0,1,0.5919981214491733,50
805,0,2034,2034,0,0,0,0,0.7746122596058176,0.5711272897883628,0.7746122596058176,0.5711272897883628,1.0,1,0.5919981214491733,50
806,3,2037,2037,0,0,0,0,0.7488446968654024,0.5711272897883628,0.7488446968654024,0.5711272897883628,1.0,1,0.6100532541935199,50
807,2,2039,2039,0,0,0,0,0.7300707081866115,0.5387571262454711,0.7300707081866115,0.5387571262454711,1.0,1,0.6172463497001864,51
808,1,2040,2040,0,0,0,0,0.7137170025209775,0.5387571262454711,0.7137170025209775,0.5387571262454711,1.0,1,0.6302855579353082,51
809,3,2043,2043,0,0,0,0,0.7269724423149055,0.5210704890688539,0.7269724423149055,0.5210704890688539,1.0,1,0.6166065875873326,51
810,2,2045,2045,0,0,0,0,0.7153335447799047,0.500110009449284,0.7153335447799047,0.500110009449284,1.0,1,0.6164437385153475,52
811,2,2047,2047,0,0,0,0,0.7673389424201076,0.5186678306654362,0.7673389424201076,0.5186678306654362,1.0,1,0.5953225729076986,50
812,3,2050,2050,0,0,0,0,0.8002078682894416,0.5652386849572638,0.8002078682894416,0.5652386849572638,1.0,1,0.5691870357861593,48
813,2,2052,2052,0,0,0,0,0.7895396270691586,0.5272737887674149,0.7895396270691586,0.5272737887674149,1.0,1,0.5760050034252255,49
814,3,2055,2055,0,0,0,0,0.8483001631101185,0.5776043015317203,0.8483001631101185,0.5776043015317203,1.0,1,0.5466423283266065,48
815,2,2057,2057,0,0,0,0,0.8468808811582238,0.6381267159073635,0.8468808811582238,0.6381267159073635,1.0,1,0.5387352333023506,48
816,3,2060,2060,0,0,0,0,0.9080628931232732,0.746515206043431,0.9080628931232732,0.746515206043431,1.0,1,0.5162858116126853,46
817,1,2061,2061,0,0,0,0,0.9492992919964703,0.8244695993949145,0.9492992919964703,0.8244695993949145,1.0,1,0.5162193933171593,44
818,5,2066,2066,0,0,0,0,0.9084724346737538,0.6992665710709058,0.9084724346737538,0.6992665710709058,1.0,1,0.5059953748582459,46
819,2,2068,2068,0,0,0,0,0.9313495687521055,0.7676446942378955,0.9313495687521055,0.7676446942378955,1.0,1,0.4958053877064377,44
820,4,2072,2072,0,0,0,0,0.9528355975107605,0.8270638575394554,0.9528355975107605,0.8270638575394554,1.0,1,0.5105888329478345,44
821,1,2073,2073,0,0,0,0,0.9528355975107605,0.8270638575394554,0.9528355975107605,0.8270638575394554,1.0,1,0.49524599814824877,44
822,6,2079,2079,0,0,0,0,0.9517022782055476,0.8886491588499763,0.9517022782055476,0.8886491588499763,1.0,1,0.5194299083906665,44
823,3,2082,2082,0,0,0,0,0.9570515422253292,0.8988476710620815,0.9570515422253292,0.8988476710620815,1.0,1,0.5218793585939927,42
824,7,2089,2089,0,0,0,0,0.9420526271458715,0.8127854107789692,0.9420526271458715,0.8127854107789692,1.0,1,0.5128103116694654,42
825,6,2095,2095,0,0,0,0,0.8372404522434846,0.617036358219964,0.8372404522434846,0.617036358219964,1.0,1,0.5996251571945765,40
826,7,2102,2102,0,0,0,0,0.9803884935055185,0.9329940194771882,0.9803884935055185,0.9329940194771882,1.0,1,0.5203010328018078,41
827,3,2105,2105,0,0,0,0,0.9875881613526056,0.958627204508685,0.9875881613526056,0.958627204508685,1.0,1,0.5160676774384637,40
828,2,2107,2107,0,0,0,0,0.9859154513739885,0.9436618054959539,0.9859154513739885,0.9436618054959539,1.0,1,0.5219981925171298,40
829,1,2108,2108,0,0,0,0,0.962820593244492,0.88781059870081,0.962820593244492,0.88781059870081,1.0,1,0.5309225956961438,42
830,1,2109,2109,0,0,0,0,0.9706170615644978,0.88781059870081,0.9706170615644978,0.88781059870081,1.0,1,0.5321853753561973,42
831,4,2113,2113,0,0,0,0,0.9713003857141607,0.88781059870081,0.9713003857141607,0.88781059870081,1.0,1,0.493247541301341,43
832,1,2114,2114,0,0,0,0,0.9706170615644978,0.88781059870081,0.9706170615644978,0.88781059870081,1.0,1,0.5034409615982263,42
833,5,2119,2119,0,0,0,0,0.9699004045294856,0.88781059870081,0.9699004045294856,0.88781059870081,1.0,1,0.5018078688914566,41
834,1,2120,2120,0,0,0,0,0.9667953266586103,0.88781059870081,0.9667953266586103,0.88781059870081,1.0,1,0.5058606647815604,41
835,2,2122,2122,0,0,0,0,0.9487013657054271,0.8247296661602095,0.9487013657054271,0.8247296661602095,1.0,1,0.49658851178647306,41
836,1,2123,2123,0,0,0,0,0.9474188998480628,0.8247296661602095,0.9474188998480628,0.8247296661602095,1.0,1,0.4908741681760402,40
837,3,2126,2126,0,0,0,0,0.9487013657054271,0.8247296661602095,0.9487013657054271,0.8247296661602095,1.0,1,0.4801342553325711,41
838,0,2126,2126,0,0,0,0,0.9487013657054271,0.8247296661602095,0.9487013657054271,0.8247296661602095,1.0,1,0.4801342553325711,41
839,1,2127,2127,0,0,0,0,0.9487013657054271,0.8247296661602095,0.9487013657054271,0.8247296661602095,1.0,1,0.46281828445008705,41
840,6,2133,2133,0,0,0,0,0.941051143996089,0.8095498498335186,0.941051143996089,0.8095498498335186,1.0,1,0.5126404465367964,42
841,2,2135,2135,0,0,0,0,0.9410511439960891,0.8095498498335186,0.9410511439960891,0.8095498498335186,1.0,1,0.4961176531785914,42
842,7,2142,2142,0,0,0,0,0.9550642851943448,0.8427249981802071,0.9550642851943448,0.8427249981802071,1.0,1,0.4930968066377137,42
843,5,2147,2147,0,0,0,0,0.9854108159408496,0.9442958426832437,0.9854108159408496,0.9442958426832437,1.0,1,0.4719869607132248,42
844,2,2149,2149,0,0,0,0,0.9336779510931225,0.867255951089665,0.9336779510931225,0.867255951089665,1.0,1,0.5017510417950578,42
845,2,2151,2151,0,0,0,0,0.9114084622616645,0.7215694528223742,0.9114084622616645,0.7215694528223742,1.0,1,0.5057326921196822,44
846,0,2151,2151,0,0,0,0,0.9114084622616645,0.7215694528223742,0.9114084622616645,0.7215694528223742,1.0,1,0.5057326921196822,44
847,5,2156,2156,0,0,0,0,0.9617278794139033,0.8660475779486614,0.9617278794139033,0.8660475779486614,1.0,1,0.5073622295065131,42
848,1,2157,2157,0,0,0,0,0.9492617206355168,0.9022697721080248,0.9492617206355168,0.9022697721080248,1.0,1,0.5087539101026857,43
849,1,2158,2158,0,0,0,0,0.9444089310494245,0.8166549820654789,0.9444089310494245,0.8166549820654789,1.0,1,0.5196687328445282,43
850,0,2158,2158,0,0,0,0,0.9463380435313596,0.8166549820654789,0.9463380435313596,0.8166549820654789,1.0,1,0.5293266136327479,41
851,1,2159,2159,0,0,0,0,0.9183574251997275,0.7487920775376232,0.9183574251997275,0.7487920775376232,1.0,1,0.5581584133237918,40
852,1,2160,2160,0,0,0,0,0.945733460591117,0.819111535303723,0.945733460591117,0.819111535303723,1.0,1,0.5320070012553796,40
853,1,2161,2161,0,0,0,0,0.9764367489128423,0.9143154505921535,0.9764367489128423,0.9143154505921535,1.0,1,0.5054265426889977,40
854,3,2164,2164,0,0,0,0,0.8936106021320347,0.6960302918058133,0.8936106021320347,0.6960302918058133,1.0,1,0.5625850101633373,40
855,2,2166,2166,0,0,0,0,0.903553022320293,0.7175481367951438,0.903553022320293,0.7175481367951438,1.0,1,0.5540984234090279,41
856,1,2167,2167,0,0,0,0,0.8763949734342991,0.6621462607204172,0.8763949734342991,0.6621462607204172,1.0,1,0.5671095568137561,41
857,1,2168,2168,0,0,0,0,0.8572881905198396,0.6253815001145787,0.8572881905198396,0.6253815001145787,1.0,1,0.5613909414563101,42
858,4,2172,2172,0,0,0,0,0.8338811082458272,0.5798169208570924,0.8338811082458272,0.5798169208570924,1.0,1,0.5803364319301746,43
859,4,2176,2176,0,0,0,0,0.8613045558224184,0.6272559937727491,0.8613045558224184,0.6272559937727491,1.0,1,0.5546723546862493,43
860,3,2179,2179,0,0,0,0,0.8518926939996289,0.6138810457980741,0.8518926939996289,0.6138810457980741,1.0,1,0.5662924190148793,44
861,3,2182,2182,0,0,0,0,0.8688580601165218,0.6976369800797336,0.8688580601165218,0.6976369800797336,1.0,1,0.546752442004615,44
862,6,2188,2188,0,0,0,0,0.9185348412145916,0.829391340785945,0.9185348412145916,0.829391340785945,1.0,1,0.5084341052742838,44
863,1,2189,2189,0,0,0,0,0.8949921809846321,0.7628322337933168,0.8949921809846321,0.7628322337933168,1.0,1,0.5244395406789034,44
864,4,2193,2193,0,0,0,0,0.8414543162164975,0.6692658538173656,0.8414543162164975,0.6692658538173656,1.0,1,0.588061924110363,44
865,3,2196,2196,0,0,0,0,0.8609856129726857,0.640601156755461,0.8609856129726857,0.640601156755461,1.0,1,0.5825838919043214,43
866,6,2202,2202,0,0,0,0,0.8214262439849966,0.5535656099624917,0.8214262439849966,0.5535656099624917,1.0,1,0.60958913242629,45
867,5,2207,2207,0,0,0,0,0.8880215433666017,0.6715298605420313,0.8880215433666017,0.6715298605420313,1.0,1,0.5246077137094628,44
868,5,2212,2212,0,0,0,0,0.8230030606763218,0.5575076516908044,0.8230030606763218,0.5575076516908044,1.0,1,0.5776118355432023,45
869,2,2214,2214,0,0,0,0,0.8667219895793074,0.6334854713430953,0.8667219895793074,0.6334854713430953,1.0,1,0.5351453250450491,44
870,5,2219,2219,0,0,0,0,0.886041983859339,0.7828146033771559,0.886041983859339,0.7828146033771559,1.0,1,0.5479881932717083,44
871,2,2221,2221,0,0,0,0,0.8811036475798616,0.7752461076943202,0.8811036475798616,0.7752461076943202,1.0,1,0.5568007533524344,43
872,3,2224,2224,0,0,0,0,0.8980855408328239,0.7757235274613492,0.8980855408328239,0.7757235274613492,1.0,1,0.565649049176418,43
873,6,2230,2230,0,0,0,0,0.928820237309658,0.7701920645000584,0.928820237309658,0.7701920645000584,1.0,1,0.561647372468209,43
874,3,2233,2233,0,0,0,0,0.8565010542817741,0.6471838497287732,0.8565010542817741,0.6471838497287732,1.0,1,0.5879272531959849,46
875,7,2240,2240,0,0,0,0,0.8655449722226293,0.7634278296945677,0.8655449722226293,0.7634278296945677,1.0,1,0.5885819619610241,43
876,2,2242,2242,0,0,0,0,0.8183061133524347,0.6720604800985167,0.8183061133524347,0.6720604800985167,1.0,1,0.6145020095988214,44
877,2,2244,2244,0,0,0,0,0.8023225688473105,0.6754538468372776,0.8023225688473105,0.6754538468372776,1.0,1,0.6249510295000252,44
878,2,2246,2246,0,0,0,0,0.8014366085640479,0.6477874254905704,0.8014366085640479,0.6477874254905704,1.0,1,0.6283045002303365,44
879,4,2250,2250,0,0,0,0,0.8550187754392937,0.6477874254905704,0.8550187754392937,0.6477874254905704,1.0,1,0.6136489747873952,44
880,0,2250,2250,0,0,0,0,0.8550187754392937,0.6477874254905704,0.8550187754392937,0.6477874254905704,1.0,1,0.6136489747873952,44
881,4,2254,2254,0,0,0,0,0.8689441583220727,0.6477874254905704,0.8689441583220727,0.6477874254905704,1.0,1,0.5994511448411141,43
882,0,2254,2254,0,0,0,0,0.8747688623966474,0.6477874254905704,0.8747688623966474,0.6477874254905704,1.0,1,0.5727720305841232,45
883,1,2255,2255,0,0,0,0,0.849895714739587,0.6026651272518482,0.849895714739587,0.6026651272518482,1.0,1,0.594108990296492,45
884,3,2258,2258,0,0,0,0,0.8233705916194191,0.5697824541274501,0.8233705916194191,0.5697824541274501,1.0,1,0.5976805852117673,45
885,2,2260,2260,0,0,0,0,0.8365898366144333,0.6100432531562864,0.8365898366144333,0.6100432531562864,1.0,1,0.5980366652318619,43
886,4,2264,2264,0,0,0,0,0.8433893997761944,0.6038673053162564,0.8433893997761944,0.6038673053162564,1.0,1,0.5656928977502328,43
887,2,2266,2266,0,0,0,0,0.8629403181918613,0.6487845653666447,0.8629403181918613,0.6487845653666447,1.0,1,0.5765105173496267,41
888,4,2270,2270,0,0,0,0,0.8970657271360729,0.728103513094899,0.8970657271360729,0.728103513094899,1.0,1,0.5732144020313629,40
889,2,2272,2272,0,0,0,0,0.8469134074045707,0.728103513094899,0.8469134074045707,0.728103513094899,1.0,1,0.6122998667875116,40
890,4,2276,2276,0,0,0,0,0.883578836898566,0.7050663868097002,0.883578836898566,0.7050663868097002,1.0,1,0.61181818955288,38
891,3,2279,2279,0,0,0,0,0.9548865000826543,0.8533811252686265,0.9548865000826543,0.8533811252686265,1.0,1,0.5235376341192934,39
892,5,2284,2284,0,0,0,0,0.9423370755848558,0.8270112267545673,0.9423370755848558,0.8270112267545673,1.0,1,0.533322128079504,39
893,5,2289,2289,0,0,0,0,0.9272202333003258,0.8076534737222896,0.9272202333003258,0.8076534737222896,1.0,1,0.5225045642928862,37
894,5,2294,2294,0,0,0,0,0.887072150717659,0.7289731617223816,0.887072150717659,0.7289731617223816,1.0,1,0.5586593447908627,36
895,3,2297,2297,0,0,0,0,0.9005600448631579,0.7371944042812033,0.9005600448631579,0.7371944042812033,1.0,1,0.542640712296909,37
896,2,2299,2299,0,0,0,0,0.8959729213971114,0.732501797878286,0.8959729213971114,0.732501797878286,1.0,1,0.5465834938763936,36
897,1,2300,2300,0,0,0,0,0.9278692396171476,0.8002532789397937,0.9278692396171476,0.8002532789397937,1.0,1,0.5390518068182668,36
898,2,2302,2302,0,0,0,0,0.8945569469446983,0.7363923673617457,0.8945569469446983,0.7363923673617457,1.0,1,0.5619984191569273,35
899,5,2307,2307,0,0,0,0,0.9496219145103,0.8530639173217084,0.9496219145103,0.8530639173217084,1.0,1,0.5538007164769497,35
900,3,2310,2310,0,0,0,0,0.9303639137926818,0.8071616074258883,0.9303639137926818,0.8071616074258883,1.0,1,0.5822680556445945,36
901,2,2312,2312,0,0,0,0,0.8746338937346357,0.6991213449631257,0.8746338937346357,0.6991213449631257,1.0,1,0.6193600386683815,36
902,5,2317,2317,0,0,0,0,0.9701939335374649,0.9105818006123944,0.9701939335374649,0.9105818006123944,1.0,1,0.5604512331975714,36
903,2,2319,2319,0,0,0,0,0.9636731445187824,0.8940466715131153,0.9636731445187824,0.8940466715131153,1.0,1,0.5651630273670835,35
904,8,2327,2327,0,0,0,0,1.0,1.0,1.0,1.0,1.0,1,0.5011590769676147,37
905,2,2329,2329,0,0,0,0,1.0,1.0,1.0,1.0,1.0,1,0.5259590602412779,36
906,5,2334,2334,0,0,0,0,1.0,1.0,1.0,1.0,1.0,1,0.5049530254384703,37
907,4,2338,2338,0,0,0,0,1.0,1.0,1.0,1.0,1.0,1,0.471462616162672,37
908,2,2340,2340,0,0,0,0,1.0,1.0,1.0,1.0,1.0,1,0.5134337864692966,36
909,4,2344,2344,0,0,0,0,1.0,1.0,1.0,1.0,1.0,1,0.5433751293460645,36
910,4,2348,2348,0,0,0,0,1.0,1.0,1.0,1.0,1.0,1,0.5603151228311385,37
911,0,2348,2348,0,0,0,0,0.9804479414437739,0.9360114447250785,0.9804479414437739,0.9360114447250785,1.0,1,0.5953350830151933,36
912,1,2349,2349,0,0,0,0,0.9491826281234426,0.8560174463497536,0.9491826281234426,0.8560174463497536,1.0,1,0.6173825876160252,34
913,2,2351,2351,0,0,0,0,0.9163542999964219,0.7812343230675651,0.9163542999964219,0.7812343230675651,1.0,1,0.6449325571040233,34
914,3,2354,2354,0,0,0,0,0.8781598653004474,0.712805396779626,0.8781598653004474,0.712805396779626,1.0,1,0.6710681455000292,33
915,2,2356,2356,0,0,0,0,0.8781598653004474,0.712805396779626,0.8781598653004474,0.712805396779626,1.0,1,0.6499851112361889,33
916,1,2357,2357,0,0,0,0,0.8528544650531054,0.6664701207870387,0.8528544650531054,0.6664701207870387,1.0,1,0.6403377006651934,34
917,1,2358,2358,0,0,0,0,0.8528544650531052,0.6664701207870387,0.8528544650531052,0.6664701207870387,1.0,1,0.6454614400193084,34
918,4,2362,2362,0,0,0,0,0.8610292169945994,0.6664701207870387,0.8610292169945994,0.6664701207870387,1.0,1,0.6149834327820792,36
919,2,2364,2364,0,0,0,0,0.8610292169945994,0.6664701207870387,0.8610292169945994,0.6664701207870387,1.0,1,0.6099393291640482,36
920,2,2366,2366,0,0,0,0,0.8647851841028535,0.6664701207870387,0.8647851841028535,0.6664701207870387,1.0,1,0.5804543853459277,37
921,0,2366,2366,0,0,0,0,0.8647851841028535,0.6664701207870387,0.8647851841028535,0.6664701207870387,1.0,1,0.5804543853459277,37
922,2,2368,2368,0,0,0,0,0.8239516793319408,0.6064802243890444,0.8239516793319408,0.6064802243890444,1.0,1,0.567653730351214,38
923,1,2369,2369,0,0,0,0,0.8647138791620353,0.6753133099888848,0.8647138791620353,0.6753133099888848,1.0,1,0.5469699728555157,36
924,4,2373,2373,0,0,0,0,0.9850454453113798,0.9524173259907541,0.9850454453113798,0.9524173259907541,1.0,1,0.5004356766313458,35
925,1,2374,2374,0,0,0,0,0.9519969883354169,0.8599912159782991,0.9519969883354169,0.8599912159782991,1.0,1,0.5080789560559871,35
926,2,2376,2376,0,0,0,0,0.9892793390148713,0.966863411500511,0.9892793390148713,0.966863411500511,1.0,1,0.5108198755041558,34
927,0,2376,2376,0,0,0,0,1.0,1.0,1.0,1.0,1.0,1,0.5150520468666964,32
928,6,2382,2382,0,0,0,0,1.0,1.0,1.0,1.0,1.0,1,0.47986713934398384,32
929,0,2382,2382,0,0,0,0,1.0,1.0,1.0,1.0,1.0,1,0.47285361849922547,31
930,3,2385,2385,0,0,0,0,1.0,1.0,1.0,1.0,1.0,1,0.5316727778019489,30
931,0,2385,2385,0,0,0,0,1.0,1.0,1.0,1.0,1.0,1,0.5267977904146578,29
932,3,2388,2388,0,0,0,0,1.0,1.0,1.0,1.0,1.0,1,0.5256647079730842,29
933,7,2395,2395,0,0,0,0,1.0,1.0,1.0,1.0,1.0,1,0.6015924021472244,29
934,0,2395,2395,0,0,0,0,1.0,1.0,1.0,1.0,1.0,1,0.6015924021472244,29
935,4,2399,2399,0,0,0,0,0.9679807336323262,0.9097638856911011,0.9679807336323262,0.9097638856911011,1.0,1,0.634433502464166,31
936,0,2399,2399,0,0,0,0,0.9679807336323262,0.9097638856911011,0.9679807336323262,0.9097638856911011,1.0,1,0.634433502464166,31
937,3,2402,2402,0,0,0,0,0.9227274767051313,0.797902631382651,0.9227274767051313,0.797902631382651,1.0,1,0.5989909795070391,34
938,2,2404,2404,0,0,0,0,0.9203858850901353,0.797902631382651,0.9203858850901353,0.797902631382651,1.0,1,0.6396664441842441,33
939,5,2409,2409,0,0,0,0,0.8235341135972628,0.6263075346765566,0.8235341135972628,0.6263075346765566,1.0,1,0.647859331232571,36
940,3,2412,2412,0,0,0,0,0.8235341135972629,0.6263075346765566,0.8235341135972629,0.6263075346765566,1.0,1,0.6506266138948857,36
941,2,2414,2414,0,0,0,0,0.7927688452681979,0.5855376905363959,0.7927688452681979,0.5855376905363959,1.0,1,0.6476220623264987,36
942,1,2415,2415,0,0,0,0,0.7927688452681979,0.5855376905363959,0.7927688452681979,0.5855376905363959,1.0,1,0.6581160330309039,36
943,3,2418,2418,0,0,0,0,0.7868479551330037,0.5855376905363959,0.7868479551330037,0.5855376905363959,1.0,1,0.6784006078783659,35
944,1,2419,2419,0,0,0,0,0.7868479551330037,0.5855376905363959,0.7868479551330037,0.5855376905363959,1.0,1,0.6618059689851571,35
945,2,2421,2421,0,0,0,0,0.7739296493834886,0.5855376905363959,0.7739296493834886,0.5855376905363959,1.0,1,0.6832871162853053,33
946,1,2422,2422,0,0,0,0,0.7656879934655234,0.556040408671518,0.7656879934655234,0.556040408671518,1.0,1,0.671192504560221,36
947,0,2422,2422,0,0,0,0,0.7519049342576131,0.556040408671518,0.7519049342576131,0.556040408671518,1.0,1,0.6714427666188544,34
948,1,2423,2423,0,0,0,0,0.7443869019623892,0.556040408671518,0.7443869019623892,0.556040408671518,1.0,1,0.6793580591137088,33
949,1,2424,2424,0,0,0,0,0.7205466251173231,0.5249292626994495,0.7205466251173231,0.5249292626994495,1.0,1,0.7074059982950686,34
950,1,2425,2425,0,0,0,0,0.7120783410299695,0.5249292626994495,0.7120783410299695,0.5249292626994495,1.0,1,0.7046272565198021,33
951,0,2425,2425,0,0,0,0,0.7120783410299695,0.5249292626994495,0.7120783410299695,0.5249292626994495,1.0,1,0.7046272565198021,33
952,1,2426,2426,0,0,0,0,0.703080789187156,0.5249292626994495,0.703080789187156,0.5249292626994495,1.0,1,0.6989134631619783,32
953,0,2426,2426,0,0,0,0,0.703080789187156,0.5249292626994495,0.703080789187156,0.5249292626994495,1.0,1,0.6989134631619783,32
954,0,2426,2426,0,0,0,0,0.6935027501286771,0.5249292626994495,0.6935027501286771,0.5249292626994495,1.0,1,0.7031186099308149,31
955,1,2427,2427,0,0,0,0,0.6674983080498952,0.4933307551236499,0.6674983080498952,0.4933307551236499,1.0,1,0.6978623772779426,32
956,1,2428,2428,0,0,0,0,0.6674983080498953,0.4933307551236499,0.6674983080498953,0.4933307551236499,1.0,1,0.7188531156103892,32
957,3,2431,2431,0,0,0,0,0.6775741168968681,0.4933307551236499,0.6775741168968681,0.4933307551236499,1.0,1,0.6971159066382818,33
958,0,2431,2431,0,0,0,0,0.6959984530741898,0.4933307551236499,0.6959984530741898,0.4933307551236499,1.0,1,0.6843432434075851,35
959,3,2434,2434,0,0,0,0,0.6740410311149692,0.46661259636994956,0.6740410311149692,0.46661259636994956,1.0,1,0.7045040042273478,36
960,0,2434,2434,0,0,0,0,0.6650961028479316,0.4466805177487568,0.6650961028479316,0.4466805177487568,1.0,1,0.7079399639650276,38
961,1,2435,2435,0,0,0,0,0.6855605766527297,0.4711700607341363,0.6855605766527297,0.4711700607341363,1.0,1,0.679673885953987,37
962,2,2437,2437,0,0,0,0,0.7009141218726949,0.5015235364544914,0.7009141218726949,0.5015235364544914,1.0,1,0.6706505173635758,35
963,4,2441,2441,0,0,0,0,0.810045239588506,0.6089166697410417,0.810045239588506,0.6089166697410417,1.0,1,0.6362998667090708,35
964,1,2442,2442,0,0,0,0,0.8621937242695068,0.6876391083442154,0.8621937242695068,0.6876391083442154,1.0,1,0.62866636408969,34
965,5,2447,2447,0,0,0,0,0.8699456575454283,0.6965398676059993,0.8699456575454283,0.6965398676059993,1.0,1,0.6134292454393551,35
966,3,2450,2450,0,0,0,0,0.9647260739827376,0.9000572096177561,0.9647260739827376,0.9000572096177561,1.0,1,0.565518961237878,34
967,6,2456,2456,0,0,0,0,1.0,1.0,1.0,1.0,1.0,1,0.5099245296093613,35
968,2,2458,2458,0,0,0,0,1.0,1.0,1.0,1.0,1.0,1,0.4846422480390721,36
969,5,2463,2463,0,0,0,0,1.0,1.0,1.0,1.0,1.0,1,0.4849534652021153,35
970,1,2464,2464,0,0,0,0,1.0,1.0,1.0,1.0,1.0,1,0.465501125923035,34
971,0,2464,2464,0,0,0,0,1.0,1.0,1.0,1.0,1.0,1,0.4749065746093208,35
972,3,2467,2467,0,0,0,0,1.0,1.0,1.0,1.0,1.0,1,0.48158567064703506,35
973,1,2468,2468,0,0,0,0,1.0,1.0,1.0,1.0,1.0,1,0.4953035150513071,36
974,4,2472,2472,0,0,0,0,1.0,1.0,1.0,1.0,1.0,1,0.5284227650534128,35
975,1,2473,2473,0,0,0,0,1.0,1.0,1.0,1.0,1.0,1,0.5034973930202431,36
976,3,2476,2476,0,0,0,0,1.0,1.0,1.0,1.0,1.0,1,0.50132763327232,38
977,1,2477,2477,0,0,0,0,1.0,1.0,1.0,1.0,1.0,1,0.5116728771531823,38
978,2,2479,2479,0,0,0,0,1.0,1.0,1.0,1.0,1.0,1,0.5160947298270276,38
979,2,2481,2481,0,0,0,0,0.9579896487156969,0.913158635708241,0.9579896487156969,0.913158635708241,1.0,1,0.5358567421948572,39
980,6,2487,2487,0,0,0,0,0.9212500763379151,0.8163001284659356,0.9212500763379151,0.8163001284659356,1.0,1,0.6009767928379853,39
981,1,2488,2488,0,0,0,0,0.8954426574980523,0.7500610709143257,0.8954426574980523,0.7500610709143257,1.0,1,0.6243092060151786,40
982,4,2492,2492,0,0,0,0,0.8258265837845953,0.6613980993596628,0.8258265837845953,0.6613980993596628,1.0,1,0.6768998061467829,40
983,2,2494,2494,0,0,0,0,0.8379049653010432,0.7538513376470116,0.8379049653010432,0.7538513376470116,1.0,1,0.6645413905701206,38
984,2,2496,2496,0,0,0,0,0.7944725062802045,0.7094876683144097,0.7944725062802045,0.7094876683144097,1.0,1,0.6659444995135713,39
985,2,2498,2498,0,0,0,0,0.7763925732404163,0.7091658955288119,0.7763925732404163,0.7091658955288119,1.0,1,0.6720767714477353,38
986,0,2498,2498,0,0,0,0,0.7763925732404163,0.7091658955288119,0.7763925732404163,0.7091658955288119,1.0,1,0.6720767714477353,38
987,1,2499,2499,0,0,0,0,0.7489571593452289,0.6670083369492664,0.7489571593452289,0.6670083369492664,1.0,1,0.6933121087194773,38
988,1,2500,2500,0,0,0,0,0.7222627508317533,0.6670083369492664,0.7222627508317533,0.6670083369492664,1.0,1,0.7154023424583965,38
989,0,2500,2500,0,0,0,0,0.7229723027620707,0.6378604569745239,0.7229723027620707,0.6378604569745239,1.0,1,0.7199681440260826,38
990,0,2500,2500,0,0,0,0,0.7229723027620707,0.6378604569745239,0.7229723027620707,0.6378604569745239,1.0,1,0.7199681440260826,38
991,1,2501,2501,0,0,0,0,0.71062556359502,0.6093105174232888,0.71062556359502,0.6093105174232888,1.0,1,0.7026592510734899,40
992,1,2502,2502,0,0,0,0,0.7329125437848963,0.6093105174232888,0.7329125437848963,0.6093105174232888,1.0,1,0.6995021912763308,39
993,1,2503,2503,0,0,0,0,0.7524148289151199,0.6093105174232888,0.7524148289151199,0.6093105174232888,1.0,1,0.7054418908885591,38
994,1,2504,2504,0,0,0,0,0.7318084079571155,0.5762832121297718,0.7318084079571155,0.5762832121297718,1.0,1,0.7165913133892152,39
995,2,2506,2506,0,0,0,0,0.7223456437295864,0.5762832121297718,0.7223456437295864,0.5762832121297718,1.0,1,0.7110698772568456,41
996,0,2506,2506,0,0,0,0,0.7380973826392763,0.6017572713291287,0.7380973826392763,0.6017572713291287,1.0,1,0.7074774545331626,40
997,0,2506,2506,0,0,0,0,0.7159645412953008,0.5632019521394865,0.7159645412953008,0.5632019521394865,1.0,1,0.712981122470514,41
998,0,2506,2506,0,0,0,0,0.7088636548276834,0.5632019521394865,0.7088636548276834,0.5632019521394865,1.0,1,0.7207289303379946,40
999,0,2506,2506,0,0,0,0,0.7078094578540742,0.5977110075590775,0.7078094578540742,0.5977110075590775,1.0,1,0.7142779793415497,40
1000,0,2506,2506,0,0,0,0,0.7078094578540742,0.5977110075590775,0.7078094578540742,0.5977110075590775,1.0,1,0.7142779793415497,40
1001,0,2506,2506,0,0,0,0,0.7291278176253027,0.6377842064914614,0.7291278176253027,0.6377842064914614,1.0,1,0.6967675497079224,39
1002,0,2506,2506,0,0,0,0,0.7291278176253027,0.6377842064914614,0.7291278176253027,0.6377842064914614,1.0,1,0.6967675497079224,39
1003,2,2508,2508,0,0,0,0,0.7864553691502439,0.6377842064914614,0.7864553691502439,0.6377842064914614,1.0,1,0.6793378646888202,39
1004,0,2508,2508,0,0,0,0,0.7864553691502438,0.6377842064914614,0.7864553691502438,0.6377842064914614,1.0,1,0.6793378646888202,39
1005,2,2510,2510,0,0,0,0,0.8137071592007146,0.6078045456857148,0.8137071592007146,0.6078045456857148,1.0,1,0.6720184687957854,40
1006,1,2511,2511,0,0,0,0,0.8182508870250874,0.6078045456857148,0.8182508870250874,0.6078045456857148,1.0,1,0.653084773936467,41
1007,2,2513,2513,0,0,0,0,0.7955394734577327,0.5706328942612388,0.7955394734577327,0.5706328942612388,1.0,1,0.6636769714629158,42
1008,3,2516,2516,0,0,0,0,0.7786709412297642,0.5468024034704696,0.7786709412297642,0.5468024034704696,1.0,1,0.649198640838373,43
1009,2,2518,2518,0,0,0,0,0.7837011471109059,0.5468024034704696,0.7837011471109059,0.5468024034704696,1.0,1,0.6588515114367757,44
1010,2,2520,2520,0,0,0,0,0.7837011471109061,0.5468024034704696,0.7837011471109061,0.5468024034704696,1.0,1,0.6651736803687555,44
1011,2,2522,2522,0,0,0,0,0.7453620151971755,0.5468024034704696,0.7453620151971755,0.5468024034704696,1.0,1,0.6798417761979687,44
1012,4,2526,2526,0,0,0,0,0.7732372027577026,0.5468024034704696,0.7732372027577026,0.5468024034704696,1.0,1,0.6513983776295424,46
1013,1,2527,2527,0,0,0,0,0.7528896974558998,0.5468024034704696,0.7528896974558998,0.5468024034704696,1.0,1,0.6558663749830063,46
1014,1,2528,2528,0,0,0,0,0.7304344182483106,0.5468024034704696,0.7304344182483106,0.5468024034704696,1.0,1,0.6608661764716055,46
1015,1,2529,2529,0,0,0,0,0.728041712437104,0.5291507156418117,0.728041712437104,0.5291507156418117,1.0,1,0.6641317072522047,46
1016,4,2533,2533,0,0,0,0,0.7134389375683566,0.5561558295133497,0.7134389375683566,0.5561558295133497,1.0,1,0.6593814725724116,47
1017,1,2534,2534,0,0,0,0,0.7142496827064329,0.5966451216526995,0.7142496827064329,0.5966451216526995,1.0,1,0.6529918639240002,47
1018,4,2538,2538,0,0,0,0,0.7375958422565713,0.6130484455417303,0.7375958422565713,0.6130484455417303,1.0,1,0.6256248632344339,48
1019,5,2543,2543,0,0,0,0,0.7666829908405409,0.661052029513685,0.7666829908405409,0.661052029513685,1.0,1,0.6136777769936897,49
1020,2,2545,2545,0,0,0,0,0.8010148279641829,0.6805267148385333,0.8010148279641829,0.6805267148385333,1.0,1,0.5950021453092533,51
1021,3,2548,2548,0,0,0,0,0.8411024267893481,0.7339860224472244,0.8411024267893481,0.7339860224472244,1.0,1,0.5809058502795269,51
1022,1,2549,2549,0,0,0,0,0.8502830887549356,0.7429020893467743,0.8502830887549356,0.7429020893467743,1.0,1,0.5677728330880905,52
1023,2,2551,2551,0,0,0,0,0.8220252057888543,0.6786798294670026,0.8220252057888543,0.6786798294670026,1.0,1,0.5893795552942888,52
1024,2,2553,2553,0,0,0,0,0.8183470730987163,0.6750984746876646,0.8183470730987163,0.6750984746876646,1.0,1,0.5954133313518604,52
1025,4,2557,2557,0,0,0,0,0.8081345462308318,0.5971597176381452,0.8081345462308318,0.5971597176381452,1.0,1,0.5895411336325493,54
1026,2,2559,2559,0,0,0,0,0.7847575500926242,0.5970538965453416,0.7847575500926242,0.5970538965453416,1.0,1,0.6039314607851388,54
1027,4,2563,2563,0,0,0,0,0.772302348803176,0.6011623852455287,0.772302348803176,0.6011623852455287,1.0,1,0.5983706786130648,55
1028,2,2565,2565,0,0,0,0,0.7578860102736069,0.5831925266629866,0.7578860102736069,0.5831925266629866,1.0,1,0.6017463958152272,56
1029,2,2567,2567,0,0,0,0,0.7731359547912826,0.5831925266629866,0.7731359547912826,0.5831925266629866,1.0,1,0.59593264570433,56
1030,5,2572,2572,0,0,0,0,0.699477221359421,0.48558492635854383,0.699477221359421,0.48558492635854383,1.0,1,0.6472610032920783,57
1031,1,2573,2573,0,0,0,0,0.7222185648799645,0.48558492635854383,0.7222185648799645,0.48558492635854383,1.0,1,0.6264782080467303,58
1032,7,2580,2580,0,0,0,0,0.6788276382148185,0.46134885099280365,0.6788276382148185,0.46134885099280365,1.0,1,0.659371168725403,58
1033,3,2583,2583,0,0,0,0,0.6391867558957013,0.43557537814675135,0.6391867558957013,0.43557537814675135,1.0,1,0.6847332618077396,57
1034,2,2585,2585,0,0,0,0,0.6055554478484182,0.43557537814675135,0.6055554478484182,0.43557537814675135,1.0,1,0.6968889300387097,57
1035,5,2590,2590,0,0,0,0,0.6247609497226735,0.43557537814675135,0.6247609497226735,0.43557537814675135,1.0,1,0.6727156159315126,57
1036,2,2592,2592,0,0,0,0,0.6185323279345777,0.4242577127840287,0.6185323279345777,0.4242577127840287,1.0,1,0.6674214684227864,59
1037,7,2599,2599,0,0,0,0,0.6091695219744359,0.4146873200675164,0.6091695219744359,0.4146873200675164,1.0,1,0.681954803774015,57
1038,3,2602,2602,0,0,0,0,0.6316860302205614,0.3858221137495579,0.6316860302205614,0.3858221137495579,1.0,1,0.6803599076582301,59
1039,2,2604,2604,0,0,0,0,0.6563411178767286,0.4175578313744027,0.6563411178767286,0.4175578313744027,1.0,1,0.671264188614308,57
1040,4,2608,2608,0,0,0,0,0.6568378942982452,0.4130575977079604,0.6568378942982452,0.4130575977079604,1.0,1,0.6657051905313603,56
1041,4,2612,2612,0,0,0,0,0.6788562528117127,0.44101961949368595,0.6788562528117127,0.44101961949368595,1.0,1,0.6576097380396647,54
1042,6,2618,2618,0,0,0,0,0.6570677465404606,0.5118374149008167,0.6570677465404606,0.5118374149008167,1.0,1,0.6705621996078827,52
1043,4,2622,2622,0,0,0,0,0.6367654103078101,0.5322987349231274,0.6367654103078101,0.5322987349231274,1.0,1,0.6765140216734971,52
1044,2,2624,2624,0,0,0,0,0.7074492122158667,0.5827138511262243,0.7074492122158667,0.5827138511262243,1.0,1,0.6514643946594342,50
1045,7,2631,2631,0,0,0,0,0.6946750738658999,0.5196589124220865,0.6946750738658999,0.5196589124220865,1.0,1,0.6452828092862404,51
1046,3,2634,2634,0,0,0,0,0.7486248502585104,0.5433560455634963,0.7486248502585104,0.5433560455634963,1.0,1,0.6312756805773686,50
1047,4,2638,2638,0,0,0,0,0.7864174598964107,0.5387325843697441,0.7864174598964107,0.5387325843697441,1.0,1,0.5993847019855512,50
1048,1,2639,2639,0,0,0,0,0.8088474331934699,0.571744146830879,0.8088474331934699,0.571744146830879,1.0,1,0.5887763908930213,50
1049,1,2640,2640,0,0,0,0,0.8252743811719242,0.6150387764274451,0.8252743811719242,0.6150387764274451,1.0,1,0.5710298388149602,50
1050,2,2642,2642,0,0,0,0,0.8654120338463072,0.6878011403435652,0.8654120338463072,0.6878011403435652,1.0,1,0.5447973411087325,50
1051,1,2643,2643,0,0,0,0,0.899973158111456,0.7341186877323824,0.899973158111456,0.7341186877323824,1.0,1,0.5278556658787689,50
1052,2,2645,2645,0,0,0,0,0.8720194604031256,0.7112000941113058,0.8720194604031256,0.7112000941113058,1.0,1,0.5319107665595338,51
1053,0,2645,2645,0,0,0,0,0.8720194604031256,0.7112000941113058,0.8720194604031256,0.7112000941113058,1.0,1,0.5319107665595338,51
1054,1,2646,2646,0,0,0,0,0.853756314948213,0.6561937480868694,0.853756314948213,0.6561937480868694,1.0,1,0.5279610152708007,53
1055,2,2648,2648,0,0,0,0,0.8429365022671536,0.6732041606340963,0.8429365022671536,0.6732041606340963,1.0,1,0.5269300321145605,54
1056,1,2649,2649,0,0,0,0,0.8275864631713787,0.6453093677559886,0.8275864631713787,0.6453093677559886,1.0,1,0.5265809923422179,54
1057,4,2653,2653,0,0,0,0,0.7773947655431254,0.6249391566016678,0.7773947655431254,0.6249391566016678,1.0,1,0.5563252198293174,55
1058,2,2655,2655,0,0,0,0,0.7526424774507974,0.6128245935113881,0.7526424774507974,0.6128245935113881,1.0,1,0.577918503687118,54
1059,6,2661,2661,0,0,0,0,0.7709867085079971,0.5762113645803604,0.7709867085079971,0.5762113645803604,1.0,1,0.5860156444621142,53
1060,3,2664,2664,0,0,0,0,0.7527879215335679,0.5762113645803604,0.7527879215335679,0.5762113645803604,1.0,1,0.5940777092388272,53
1061,3,2667,2667,0,0,0,0,0.7743615602986896,0.5217992722419822,0.7743615602986896,0.5217992722419822,1.0,1,0.5903265841359606,53
1062,3,2670,2670,0,0,0,0,0.7864557254520115,0.5217992722419822,0.7864557254520115,0.5217992722419822,1.0,1,0.5753759801827941,54
1063,4,2674,2674,0,0,0,0,0.7692643173453176,0.504373887780313,0.7692643173453176,0.504373887780313,1.0,1,0.6020439418610084,53
1064,4,2678,2678,0,0,0,0,0.7651519035603005,0.47470777673487724,0.7651519035603005,0.47470777673487724,1.0,1,0.6081524455147858,55
1065,5,2683,2683,0,0,0,0,0.72031223185478,0.47470777673487724,0.72031223185478,0.47470777673487724,1.0,1,0.6415097212795023,54
1066,4,2687,2687,0,0,0,0,0.7249944250849287,0.43533003289323097,0.7249944250849287,0.43533003289323097,1.0,1,0.6347680653979197,55
1067,4,2691,2691,0,0,0,0,0.7112154330826141,0.40237320750339245,0.7112154330826141,0.40237320750339245,1.0,1,0.6397951753554189,55
1068,4,2695,2695,0,0,0,0,0.6932115846974249,0.42084622147522155,0.6932115846974249,0.42084622147522155,1.0,1,0.6480456446730672,55
1069,3,2698,2698,0,0,0,0,0.7182047012864696,0.4319802177421158,0.7182047012864696,0.4319802177421158,1.0,1,0.6300099837729501,55
1070,4,2702,2702,0,0,0,0,0.6924089285450046,0.4274580373995202,0.6924089285450046,0.4274580373995202,1.0,1,0.6524885483504891,54
1071,5,2707,2707,0,0,0,0,0.7118873973204041,0.4471115658566829,0.7118873973204041,0.4471115658566829,1.0,1,0.6260737837869507,55
1072,3,2710,2710,0,0,0,0,0.7213034679665703,0.4999462787159499,0.7213034679665703,0.4999462787159499,1.0,1,0.6143390728558454,54
1073,6,2716,2716,0,0,0,0,0.6795171924753852,0.5232135600133341,0.6795171924753852,0.5232135600133341,1.0,1,0.6486184495635854,54
1074,6,2722,2722,0,0,0,0,0.7317235560866694,0.5570106716650922,0.7317235560866694,0.5570106716650922,1.0,1,0.6223179492246729,52
1075,2,2724,2724,0,0,0,0,0.7263020250098035,0.5482147879111934,0.7263020250098035,0.5482147879111934,1.0,1,0.6320902377923532,51
1076,5,2729,2729,0,0,0,0,0.7352631707572205,0.519420239577572,0.7352631707572205,0.519420239577572,1.0,1,0.6378838383078387,52
1077,3,2732,2732,0,0,0,0,0.7726014963103097,0.5759540406398724,0.7726014963103097,0.5759540406398724,1.0,1,0.6125822661524938,49
1078,1,2733,2733,0,0,0,0,0.7900862876197395,0.5759540406398724,0.7900862876197395,0.5759540406398724,1.0,1,0.6146392049494557,48
1079,4,2737,2737,0,0,0,0,0.8324662325742965,0.5625507183884411,0.8324662325742965,0.5625507183884411,1.0,1,0.5831176790840942,47
1080,0,2737,2737,0,0,0,0,0.8570188905526326,0.6046992856455137,0.8570188905526326,0.6046992856455137,1.0,1,0.5538532344547132,47
1081,1,2738,2738,0,0,0,0,0.8492850142335446,0.601048567088795,0.8492850142335446,0.601048567088795,1.0,1,0.5648540941238341,45
1082,4,2742,2742,0,0,0,0,0.8862749568334107,0.6815698791335503,0.8862749568334107,0.6815698791335503,1.0,1,0.5724377780762725,42
1083,1,2743,2743,0,0,0,0,0.886274956833411,0.6815698791335503,0.886274956833411,0.6815698791335503,1.0,1,0.5660538989220402,42
1084,2,2745,2745,0,0,0,0,0.9283215385312152,0.7794508877883544,0.9283215385312152,0.7794508877883544,1.0,1,0.5748941118694954,40
1085,2,2747,2747,0,0,0,0,0.916639843886289,0.7439652347936022,0.916639843886289,0.7439652347936022,1.0,1,0.5388795049708004,43
1086,1,2748,2748,0,0,0,0,0.9408933771679192,0.8135868049142065,0.9408933771679192,0.8135868049142065,1.0,1,0.5539026074951604,41
1087,1,2749,2749,0,0,0,0,0.9195147265182553,0.7642931276606048,0.9195147265182553,0.7642931276606048,1.0,1,0.5785494007452309,41
1088,0,2749,2749,0,0,0,0,0.9195147265182553,0.7642931276606048,0.9195147265182553,0.7642931276606048,1.0,1,0.5785494007452309,41
1089,2,2751,2751,0,0,0,0,0.9020484016074286,0.7257355245007998,0.9020484016074286,0.7257355245007998,1.0,1,0.5661224470998658,42
1090,3,2754,2754,0,0,0,0,0.9329760212393795,0.7941406366638084,0.9329760212393795,0.7941406366638084,1.0,1,0.5237914065363367,43
1091,4,2758,2758,0,0,0,0,0.9477192331802989,0.9043413583907138,0.9477192331802989,0.9043413583907138,1.0,1,0.5288770568563604,43
1092,3,2761,2761,0,0,0,0,0.8754964294394814,0.7281785686390079,0.8754964294394814,0.7281785686390079,1.0,1,0.5859188640422778,43
1093,4,2765,2765,0,0,0,0,0.9239131393339317,0.7948126125344713,0.9239131393339317,0.7948126125344713,1.0,1,0.5573480573040683,43
1094,2,2767,2767,0,0,0,0,0.8933528237761797,0.821975238373101,0.8933528237761797,0.821975238373101,1.0,1,0.5615559194256872,43
1095,4,2771,2771,0,0,0,0,0.8264593960820562,0.675949841246355,0.8264593960820562,0.675949841246355,1.0,1,0.6028736384702643,44
1096,3,2774,2774,0,0,0,0,0.7979856231067797,0.675949841246355,0.7979856231067797,0.675949841246355,1.0,1,0.6216055177665913,44
1097,3,2777,2777,0,0,0,0,0.7778012009927301,0.6727498457256482,0.7778012009927301,0.6727498457256482,1.0,1,0.6231084935444585,45
1098,2,2779,2779,0,0,0,0,0.8087825468893414,0.7023160320664052,0.8087825468893414,0.7023160320664052,1.0,1,0.5952935713535089,46
1099,6,2785,2785,0,0,0,0,0.8663429838740613,0.7389570691467285,0.8663429838740613,0.7389570691467285,1.0,1,0.5507627942575388,48
1100,5,2790,2790,0,0,0,0,0.8238069275270874,0.6434709716022687,0.8238069275270874,0.6434709716022687,1.0,1,0.5673777057117525,49
1101,3,2793,2793,0,0,0,0,0.8770934127357471,0.7535745923187783,0.8770934127357471,0.7535745923187783,1.0,1,0.5254826067869323,49
1102,5,2798,2798,0,0,0,0,0.9048335788906542,0.8162523522563365,0.9048335788906542,0.8162523522563365,1.0,1,0.5043779388562993,50
1103,1,2799,2799,0,0,0,0,0.9171233729105578,0.8162523522563365,0.9171233729105578,0.8162523522563365,1.0,1,0.4958327765211136,48
1104,4,2803,2803,0,0,0,0,0.9113914664618609,0.8162523522563365,0.9113914664618609,0.8162523522563365,1.0,1,0.513483634215028,50
1105,5,2808,2808,0,0,0,0,0.9099583717931689,0.8162523522563365,0.9099583717931689,0.8162523522563365,1.0,1,0.5213942187437297,48
1106,2,2810,2810,0,0,0,0,0.8623252218823483,0.7539433265593574,0.8623252218823483,0.7539433265593574,1.0,1,0.5562638292043043,48
1107,3,2813,2813,0,0,0,0,0.8674487386867037,0.7127895530038754,0.8674487386867037,0.7127895530038754,1.0,1,0.5633224770671783,47
1108,4,2817,2817,0,0,0,0,0.8694602566634002,0.6531690538581606,0.8694602566634002,0.6531690538581606,1.0,1,0.5826984793102387,47
1109,4,2821,2821,0,0,0,0,0.8718233459910593,0.6531690538581606,0.8718233459910593,0.6531690538581606,1.0,1,0.5214733092199895,46
1110,2,2823,2823,0,0,0,0,0.8628807887346216,0.6531690538581606,0.8628807887346216,0.6531690538581606,1.0,1,0.5549359000600652,43
1111,3,2826,2826,0,0,0,0,0.8199801625907466,0.5831119554733079,0.8199801625907466,0.5831119554733079,1.0,1,0.5946999526869056,44
1112,1,2827,2827,0,0,0,0,0.8157936547440198,0.5831119554733079,0.8157936547440198,0.5831119554733079,1.0,1,0.6197771574355414,43
1113,4,2831,2831,0,0,0,0,0.8225816675320763,0.6459385175444862,0.8225816675320763,0.6459385175444862,1.0,1,0.6633774693221739,39
1114,1,2832,2832,0,0,0,0,0.7924291062760372,0.6459385175444862,0.7924291062760372,0.6459385175444862,1.0,1,0.6782670232266484,39
1115,2,2834,2834,0,0,0,0,0.8451672603691246,0.7266758800269769,0.8451672603691246,0.7266758800269769,1.0,1,0.6532426996034648,37
1116,5,2839,2839,0,0,0,0,0.9114277885290805,0.76503803729441,0.9114277885290805,0.76503803729441,1.0,1,0.6025364334337494,37
1117,2,2841,2841,0,0,0,0,0.923569275011569,0.7883456846474219,0.923569275011569,0.7883456846474219,1.0,1,0.605179637544786,36
1118,2,2843,2843,0,0,0,0,0.9865254430254065,0.9559014499013304,0.9865254430254065,0.9559014499013304,1.0,1,0.5483856413819769,36
1119,2,2845,2845,0,0,0,0,1.0,1.0,1.0,1.0,1.0,1,0.5475529666440163,36
1120,1,2846,2846,0,0,0,0,0.9948681547102431,0.9846044641307293,0.9948681547102431,0.9846044641307293,1.0,1,0.5486301860611859,36
1121,2,2848,2848,0,0,0,0,0.9682159832406653,0.9119827228203039,0.9682159832406653,0.9119827228203039,1.0,1,0.5711551175788214,36
1122,3,2851,2851,0,0,0,0,0.920749913465106,0.8102353341147213,0.920749913465106,0.8102353341147213,1.0,1,0.6043046101936296,37
1123,4,2855,2855,0,0,0,0,0.8901531997104773,0.7290445592858444,0.8901531997104773,0.7290445592858444,1.0,1,0.6175299400045569,37
1124,3,2858,2858,0,0,0,0,0.8901531997104776,0.7290445592858444,0.8901531997104776,0.7290445592858444,1.0,1,0.6129694155377833,37
1125,1,2859,2859,0,0,0,0,0.893290735897953,0.7296698642748146,0.893290735897953,0.7296698642748146,1.0,1,0.6066959862077292,38
1126,2,2861,2861,0,0,0,0,0.893290735897953,0.7296698642748146,0.893290735897953,0.7296698642748146,1.0,1,0.6002144841994715,38
1127,0,2861,2861,0,0,0,0,0.8659564268203579,0.6732687903746224,0.8659564268203579,0.6732687903746224,1.0,1,0.6092489307313065,39
1128,3,2864,2864,0,0,0,0,0.8659564268203579,0.6732687903746224,0.8659564268203579,0.6732687903746224,1.0,1,0.5892190336601629,39
1129,0,2864,2864,0,0,0,0,0.8659564268203579,0.6732687903746224,0.8659564268203579,0.6732687903746224,1.0,1,0.5892190336601629,39
1130,2,2866,2866,0,0,0,0,0.8659564268203579,0.6732687903746224,0.8659564268203579,0.6732687903746224,1.0,1,0.5769836388189371,39
1131,2,2868,2868,0,0,0,0,0.8659564268203579,0.6732687903746224,0.8659564268203579,0.6732687903746224,1.0,1,0.5953321435908365,39
1132,3,2871,2871,0,0,0,0,0.8659564268203579,0.6732687903746224,0.8659564268203579,0.6732687903746224,1.0,1,0.5668938003136833,39
1133,2,2873,2873,0,0,0,0,0.8755309677617611,0.6732687903746224,0.8755309677617611,0.6732687903746224,1.0,1,0.5093002278754656,42
1134,1,2874,2874,0,0,0,0,0.8755309677617611,0.6732687903746224,0.8755309677617611,0.6732687903746224,1.0,1,0.5233680807445886,42
1135,2,2876,2876,0,0,0,0,0.8592658622189827,0.6357469375079552,0.8592658622189827,0.6357469375079552,1.0,1,0.5217148051315469,44
1136,1,2877,2877,0,0,0,0,0.8390148352770209,0.5885934679301645,0.8390148352770209,0.5885934679301645,1.0,1,0.5445903996552804,46
1137,0,2877,2877,0,0,0,0,0.8354373871720658,0.5885934679301645,0.8354373871720658,0.5885934679301645,1.0,1,0.5601450683218911,45
1138,5,2882,2882,0,0,0,0,0.8091087675369733,0.564344366544229,0.8091087675369733,0.564344366544229,1.0,1,0.5956807704990609,46
1139,3,2885,2885,0,0,0,0,0.7819497114332652,0.5119826874934982,0.7819497114332652,0.5119826874934982,1.0,1,0.602670930943627,47
1140,3,2888,2888,0,0,0,0,0.7772094877687709,0.5119826874934982,0.7772094877687709,0.5119826874934982,1.0,1,0.6187623252867104,46
1141,8,2896,2896,0,0,0,0,0.815468503865266,0.5629517196808931,0.815468503865266,0.5629517196808931,1.0,1,0.6137318760549829,45
1142,3,2899,2899,0,0,0,0,0.7870178320743011,0.5955459549869804,0.7870178320743011,0.5955459549869804,1.0,1,0.6184112852734573,45
1143,9,2908,2908,0,0,0,0,0.8197244412923043,0.6559706959525317,0.8197244412923043,0.6559706959525317,1.0,1,0.583405799372894,43
1144,4,2912,2912,0,0,0,0,0.87474473069149,0.7081170465516875,0.87474473069149,0.7081170465516875,1.0,1,0.5264292336100754,45
1145,8,2920,2920,0,0,0,0,0.9029152195020945,0.7152179772061439,0.9029152195020945,0.7152179772061439,1.0,1,0.49004984591096595,44
1146,3,2923,2923,0,0,0,0,0.882928262704691,0.6707357388569435,0.882928262704691,0.6707357388569435,1.0,1,0.5198187717719686,45
1147,5,2928,2928,0,0,0,0,0.9044106991474915,0.7196047174993085,0.9044106991474915,0.7196047174993085,1.0,1,0.5160143320165159,44
1148,3,2931,2931,0,0,0,0,0.92980786436397,0.784409869117908,0.92980786436397,0.784409869117908,1.0,1,0.5410849575737365,43
1149,3,2934,2934,0,0,0,0,0.8374376820605564,0.7218034178541962,0.8374376820605564,0.7218034178541962,1.0,1,0.6094956266426269,42
1150,5,2939,2939,0,0,0,0,0.8336982424757623,0.5842456061894059,0.8336982424757623,0.5842456061894059,1.0,1,0.5913169920941644,45
1151,1,2940,2940,0,0,0,0,0.864862923999624,0.66215730999906,0.864862923999624,0.66215730999906,1.0,1,0.6134904597846291,40
1152,2,2942,2942,0,0,0,0,0.845082930091909,0.626376478456957,0.845082930091909,0.626376478456957,1.0,1,0.5966886122920487,41
1153,3,2945,2945,0,0,0,0,0.8963619419112863,0.7374502528419254,0.8963619419112863,0.7374502528419254,1.0,1,0.5688988803015993,38
1154,3,2948,2948,0,0,0,0,0.8865407543535831,0.7201338607388388,0.8865407543535831,0.7201338607388388,1.0,1,0.5883818835699425,37
1155,3,2951,2951,0,0,0,0,0.9189951991931654,0.780129826381449,0.9189951991931654,0.780129826381449,1.0,1,0.5444550054385138,38
1156,1,2952,2952,0,0,0,0,0.9225565296275313,0.7897962947032995,0.9225565296275313,0.7897962947032995,1.0,1,0.5477596271726851,38
1157,0,2952,2952,0,0,0,0,0.941720288778679,0.8341269757547018,0.941720288778679,0.8341269757547018,1.0,1,0.5412916748633833,37
1158,2,2954,2954,0,0,0,0,0.9695690048869238,0.908707014660771,0.9695690048869238,0.908707014660771,1.0,1,0.5072928946319123,36
1159,0,2954,2954,0,0,0,0,0.9691617912064251,0.9100552243520736,0.9691617912064251,0.9100552243520736,1.0,1,0.5181195832677982,35
1160,2,2956,2956,0,0,0,0,0.9691617912064253,0.9100552243520736,0.9691617912064253,0.9100552243520736,1.0,1,0.5036891350757928,35
1161,1,2957,2957,0,0,0,0,0.970018408117358,0.9100552243520736,0.970018408117358,0.9100552243520736,1.0,1,0.5050175617259898,36
1162,0,2957,2957,0,0,0,0,0.9708287214114832,0.9100552243520736,0.9708287214114832,0.9100552243520736,1.0,1,0.49958688922199196,37
1163,3,2960,2960,0,0,0,0,0.9556831320847592,0.9100552243520736,0.9556831320847592,0.9100552243520736,1.0,1,0.5310308848274443,37
1164,3,2963,2963,0,0,0,0,0.9503251465670323,0.8547965822728635,0.9503251465670323,0.8547965822728635,1.0,1,0.5220708494122263,38
1165,1,2964,2964,0,0,0,0,0.9315833635491216,0.8547965822728635,0.9315833635491216,0.8547965822728635,1.0,1,0.5389420199161442,38
1166,3,2967,2967,0,0,0,0,0.8049306054792298,0.7166666566538402,0.8049306054792298,0.7166666566538402,1.0,1,0.6125078242780811,40
1167,1,2968,2968,0,0,0,0,0.7773928110841825,0.6621214278234578,0.7773928110841825,0.6621214278234578,1.0,1,0.644634450874972,40
1168,2,2970,2970,0,0,0,0,0.7261593354830188,0.5813224937238424,0.7261593354830188,0.5813224937238424,1.0,1,0.699949945290031,40
1169,2,2972,2972,0,0,0,0,0.7484538002915863,0.6659579392944298,0.7484538002915863,0.6659579392944298,1.0,1,0.6458145525131832,41
1170,0,2972,2972,0,0,0,0,0.7484538002915861,0.6659579392944298,0.7484538002915861,0.6659579392944298,1.0,1,0.6458145525131832,41
1171,2,2974,2974,0,0,0,0,0.7665422091515063,0.6685772951586617,0.7665422091515063,0.6685772951586617,1.0,1,0.6079830561792564,43
1172,2,2976,2976,0,0,0,0,0.8160654066341492,0.6685772951586617,0.8160654066341492,0.6685772951586617,1.0,1,0.5816799058359984,43
1173,2,2978,2978,0,0,0,0,0.788945103938515,0.6367510100581503,0.788945103938515,0.6367510100581503,1.0,1,0.5959909695402298,43
1174,0,2978,2978,0,0,0,0,0.788945103938515,0.6367510100581503,0.788945103938515,0.6367510100581503,1.0,1,0.5959909695402298,43
1175,0,2978,2978,0,0,0,0,0.7717184493821818,0.6030966374693558,0.7717184493821818,0.6030966374693558,1.0,1,0.602053597593912,44
1176,0,2978,2978,0,0,0,0,0.7558984281602068,0.5745029983600901,0.7558984281602068,0.5745029983600901,1.0,1,0.6075376146951597,45
1177,1,2979,2979,0,0,0,0,0.7357281900868227,0.5745029983600901,0.7357281900868227,0.5745029983600901,1.0,1,0.6253410121463168,45
1178,3,2982,2982,0,0,0,0,0.7353469083696469,0.5745029983600901,0.7353469083696469,0.5745029983600901,1.0,1,0.6026966506044884,45
1179,2,2984,2984,0,0,0,0,0.7649605829055675,0.5745029983600901,0.7649605829055675,0.5745029983600901,1.0,1,0.6055638712201272,46
1180,4,2988,2988,0,0,0,0,0.7706755748657276,0.5745029983600901,0.7706755748657276,0.5745029983600901,1.0,1,0.6262555241631582,47
1181,3,2991,2991,0,0,0,0,0.7537246466829356,0.4874307475907912,0.7537246466829356,0.4874307475907912,1.0,1,0.6522123683996147,48
1182,0,2991,2991,0,0,0,0,0.7537246466829356,0.4874307475907912,0.7537246466829356,0.4874307475907912,1.0,1,0.6522123683996147,48
1183,2,2993,2993,0,0,0,0,0.7073296018975429,0.43904840363695735,0.7073296018975429,0.43904840363695735,1.0,1,0.6793974439662632,46
1184,0,2993,2993,0,0,0,0,0.7135566316444039,0.43904840363695735,0.7135566316444039,0.43904840363695735,1.0,1,0.6609256020206201,47
1185,0,2993,2993,0,0,0,0,0.6940264019837948,0.43904840363695735,0.6940264019837948,0.43904840363695735,1.0,1,0.6842954089139842,44
1186,0,2993,2993,0,0,0,0,0.6731114826980413,0.4090861418003054,0.6731114826980413,0.4090861418003054,1.0,1,0.6830132635444883,47
1187,0,2993,2993,0,0,0,0,0.6665958242449003,0.3949331625185227,0.6665958242449003,0.3949331625185227,1.0,1,0.6833078227968088,49
1188,1,2994,2994,0,0,0,0,0.6905001671413378,0.40480801373334185,0.6905001671413378,0.40480801373334185,1.0,1,0.6734713895847684,50
1189,2,2996,2996,0,0,0,0,0.7442013584016842,0.4678460486589111,0.7442013584016842,0.4678460486589111,1.0,1,0.6576349381022424,48
1190,1,2997,2997,0,0,0,0,0.744765699858671,0.48438979915321173,0.744765699858671,0.48438979915321173,1.0,1,0.6553421771712531,48
1191,4,3001,3001,0,0,0,0,0.8177069071815039,0.5909371759877469,0.8177069071815039,0.5909371759877469,1.0,1,0.6276561379125886,46
1192,3,3004,3004,0,0,0,0,0.8060083338950474,0.6251944824031059,0.8060083338950474,0.6251944824031059,1.0,1,0.6309444515951745,46
1193,4,3008,3008,0,0,0,0,0.8249437791436844,0.661713364386412,0.8249437791436844,0.661713364386412,1.0,1,0.6295859076701044,45
1194,1,3009,3009,0,0,0,0,0.8256200606766285,0.6964057300712897,0.8256200606766285,0.6964057300712897,1.0,1,0.6216810351267322,45
1195,2,3011,3011,0,0,0,0,0.7906912712993364,0.7091275559734074,0.7906912712993364,0.7091275559734074,1.0,1,0.615285672780536,47
1196,3,3014,3014,0,0,0,0,0.7738271206272604,0.6699016823415177,0.7738271206272604,0.6699016823415177,1.0,1,0.6305260725397257,48
1197,3,3017,3017,0,0,0,0,0.7166134125980708,0.5625674918242759,0.7166134125980708,0.5625674918242759,1.0,1,0.6598386572578093,49
1198,2,3019,3019,0,0,0,0,0.758665030129401,0.6323124472762607,0.758665030129401,0.6323124472762607,1.0,1,0.6315171637150874,49
1199,0,3019,3019,0,0,0,0,0.7396219785771305,0.6323124472762607,0.7396219785771305,0.6323124472762607,1.0,1,0.6267547809586609,50
1200,1,3020,3020,0,0,0,0,0.7392422067011738,0.6698471380564703,0.7392422067011738,0.6698471380564703,1.0,1,0.6225964916771596,50
1201,1,3021,3021,0,0,0,0,0.7170605467764897,0.624027718392313,0.7170605467764897,0.624027718392313,1.0,1,0.6380270111036558,50
1202,3,3024,3024,0,0,0,0,0.7358487796320389,0.6427332271924266,0.7358487796320389,0.6427332271924266,1.0,1,0.6246845993644246,51
1203,0,3024,3024,0,0,0,0,0.7409286107929614,0.6427332271924266,0.7409286107929614,0.6427332271924266,1.0,1,0.61515467664299,52
1204,1,3025,3025,0,0,0,0,0.740033435779693,0.6375878799330408,0.740033435779693,0.6375878799330408,1.0,1,0.6157252405798155,52
1205,2,3027,3027,0,0,0,0,0.7078792088377427,0.6038114630325585,0.7078792088377427,0.6038114630325585,1.0,1,0.6405407357371098,53
1206,0,3027,3027,0,0,0,0,0.7078792088377427,0.6038114630325585,0.7078792088377427,0.6038114630325585,1.0,1,0.6405407357371098,53
1207,1,3028,3028,0,0,0,0,0.720133468074005,0.5765215497094912,0.720133468074005,0.5765215497094912,1.0,1,0.6130583114842127,55
1208,1,3029,3029,0,0,0,0,0.7088762597288912,0.5515641620722602,0.7088762597288912,0.5515641620722602,1.0,1,0.6215353776579843,56
1209,1,3030,3030,0,0,0,0,0.7238606807128132,0.5515641620722602,0.7238606807128132,0.5515641620722602,1.0,1,0.6098587461247703,55
1210,1,3031,3031,0,0,0,0,0.7067697159324764,0.5515641620722602,0.7067697159324764,0.5515641620722602,1.0,1,0.6173067731099363,55
1211,1,3032,3032,0,0,0,0,0.733890940345523,0.5515641620722602,0.733890940345523,0.5515641620722602,1.0,1,0.593150893265608,57
1212,5,3037,3037,0,0,0,0,0.726097248460522,0.49831932292158526,0.726097248460522,0.49831932292158526,1.0,1,0.6002835382848589,57
1213,1,3038,3038,0,0,0,0,0.7391406058051434,0.49831932292158526,0.7391406058051434,0.49831932292158526,1.0,1,0.5950968417788518,57
1214,5,3043,3043,0,0,0,0,0.7144272639987207,0.4539649458635228,0.7144272639987207,0.4539649458635228,1.0,1,0.6135746129679429,57
1215,2,3045,3045,0,0,0,0,0.7088724788207867,0.43329304848800304,0.7088724788207867,0.43329304848800304,1.0,1,0.5962563475068111,59
1216,5,3050,3050,0,0,0,0,0.7361695749391219,0.4039386693069053,0.7361695749391219,0.4039386693069053,1.0,1,0.5783443484037581,61
1217,2,3052,3052,0,0,0,0,0.7191818518819906,0.388217605885765,0.7191818518819906,0.388217605885765,1.0,1,0.5849352224501813,61
1218,4,3056,3056,0,0,0,0,0.7184922937823035,0.3867153543114468,0.7184922937823035,0.3867153543114468,1.0,1,0.5888843373140356,61
1219,6,3062,3062,0,0,0,0,0.7096852971781324,0.4244859503330157,0.7096852971781324,0.4244859503330157,1.0,1,0.5824607580468227,61
1220,3,3065,3065,0,0,0,0,0.7268000078666049,0.43605264248661263,0.7268000078666049,0.43605264248661263,1.0,1,0.5854980659385369,60
1221,5,3070,3070,0,0,0,0,0.7255931806577167,0.4866575684643489,0.7255931806577167,0.4866575684643489,1.0,1,0.5820001672846019,61
1222,10,3080,3080,0,0,0,0,0.7025039299719447,0.5523551026613738,0.7025039299719447,0.5523551026613738,1.0,1,0.5854897129546938,61
1223,5,3085,3085,0,0,0,0,0.7227803035736081,0.5523551026613738,0.7227803035736081,0.5523551026613738,1.0,1,0.5925945694846176,59
1224,2,3087,3087,0,0,0,0,0.7421053325019028,0.5523551026613738,0.7421053325019028,0.5523551026613738,1.0,1,0.5702452409229628,60
1225,6,3093,3093,0,0,0,0,0.7731500742461294,0.5159957793282054,0.7731500742461294,0.5159957793282054,1.0,1,0.5447948412323945,60
1226,4,3097,3097,0,0,0,0,0.762053598578584,0.4846289894747905,0.762053598578584,0.4846289894747905,1.0,1,0.5415873817839265,61
1227,5,3102,3102,0,0,0,0,0.8289312080824468,0.5407588677603015,0.8289312080824468,0.5407588677603015,1.0,1,0.5175644708441963,59
1228,3,3105,3105,0,0,0,0,0.8296245088081463,0.5483888649734582,0.8296245088081463,0.5483888649734582,1.0,1,0.5246865681955861,58
1229,4,3109,3109,0,0,0,0,0.8256462978095909,0.5756831953610315,0.8256462978095909,0.5756831953610315,1.0,1,0.5337371819021697,57
1230,5,3114,3114,0,0,0,0,0.8202572275472999,0.614457631593298,0.8202572275472999,0.614457631593298,1.0,1,0.5637763318854591,55
1231,2,3116,3116,0,0,0,0,0.8490386867203193,0.6489298399530637,0.8490386867203193,0.6489298399530637,1.0,1,0.5420370645545767,54
1232,4,3120,3120,0,0,0,0,0.8339335069449315,0.6513747451880657,0.8339335069449315,0.6513747451880657,1.0,1,0.5749479240118636,51
1233,5,3125,3125,0,0,0,0,0.8297146631275869,0.6968820883209498,0.8297146631275869,0.6968820883209498,1.0,1,0.5869444435730962,49
1234,1,3126,3126,0,0,0,0,0.8191966053737572,0.6968820883209498,0.8191966053737572,0.6968820883209498,1.0,1,0.5884883603129651,49
1235,1,3127,3127,0,0,0,0,0.8243042516932951,0.66557923592889,0.8243042516932951,0.66557923592889,1.0,1,0.5897243417230982,48
1236,3,3130,3130,0,0,0,0,0.7984656971209318,0.5914085905518546,0.7984656971209318,0.5914085905518546,1.0,1,0.5973727871636514,49
1237,2,3132,3132,0,0,0,0,0.7931873076191461,0.5882232632521097,0.7931873076191461,0.5882232632521097,1.0,1,0.6108454699123979,48
1238,3,3135,3135,0,0,0,0,0.838184421012772,0.6221009919398443,0.838184421012772,0.6221009919398443,1.0,1,0.5818350038414015,47
1239,2,3137,3137,0,0,0,0,0.8414091543043027,0.7032871390990106,0.8414091543043027,0.7032871390990106,1.0,1,0.5551608668974435,48
1240,3,3140,3140,0,0,0,0,0.8461675075169113,0.6693405848634314,0.8461675075169113,0.6693405848634314,1.0,1,0.5522162744584388,49
1241,4,3144,3144,0,0,0,0,0.8706212445453859,0.7110319152710042,0.8706212445453859,0.7110319152710042,1.0,1,0.5423343151579625,49
1242,0,3144,3144,0,0,0,0,0.8706212445453858,0.7110319152710042,0.8706212445453858,0.7110319152710042,1.0,1,0.5433663926573244,49
1243,3,3147,3147,0,0,0,0,0.8613494142606258,0.6752151072574731,0.8613494142606258,0.6752151072574731,1.0,1,0.5519751857094986,50
1244,3,3150,3150,0,0,0,0,0.846007914702861,0.6752151072574731,0.846007914702861,0.6752151072574731,1.0,1,0.5498576916106169,50
1245,2,3152,3152,0,0,0,0,0.8081160344887213,0.6631377521962971,0.8081160344887213,0.6631377521962971,1.0,1,0.5698457302673371,51
1246,7,3159,3159,0,0,0,0,0.7270032995528252,0.5474243057587914,0.7270032995528252,0.5474243057587914,1.0,1,0.6195186486183258,52
1247,1,3160,3160,0,0,0,0,0.7450003169216128,0.5474243057587914,0.7450003169216128,0.5474243057587914,1.0,1,0.6156740770925107,52
1248,7,3167,3167,0,0,0,0,0.6974700149806887,0.5193759120011778,0.6974700149806887,0.5193759120011778,1.0,1,0.6546356868877442,51
1249,1,3168,3168,0,0,0,0,0.6746565438392678,0.5193759120011778,0.6746565438392678,0.5193759120011778,1.0,1,0.6748810314945527,51
1250,3,3171,3171,0,0,0,0,0.735769977673474,0.5193759120011778,0.735769977673474,0.5193759120011778,1.0,1,0.6459543628417922,51
1251,5,3176,3176,0,0,0,0,0.7456882630132564,0.49715583638144484,0.7456882630132564,0.49715583638144484,1.0,1,0.6131935149569122,53
1252,1,3177,3177,0,0,0,0,0.7210825307137957,0.49715583638144484,0.7210825307137957,0.49715583638144484,1.0,1,0.6296662702300174,52
1253,3,3180,3180,0,0,0,0,0.7069348403129145,0.49715583638144484,0.7069348403129145,0.49715583638144484,1.0,1,0.6294317710127845,52
1254,1,3181,3181,0,0,0,0,0.7126880061375075,0.4741406726447479,0.7126880061375075,0.4741406726447479,1.0,1,0.6145153878259704,53
1255,1,3182,3182,0,0,0,0,0.7201336565581594,0.4578751485127844,0.7201336565581594,0.4578751485127844,1.0,1,0.602236620899173,55
1256,1,3183,3183,0,0,0,0,0.7176416187952486,0.44448664914843594,0.7176416187952486,0.44448664914843594,1.0,1,0.6050755942654712,55
1257,0,3183,3183,0,0,0,0,0.7071588234830135,0.42115115898092276,0.7071588234830135,0.42115115898092276,1.0,1,0.6009995255203519,57
1258,1,3184,3184,0,0,0,0,0.6908121106417681,0.42115115898092276,0.6908121106417681,0.42115115898092276,1.0,1,0.6163675347294875,57
1259,3,3187,3187,0,0,0,0,0.6885550663521901,0.42115115898092276,0.6885550663521901,0.42115115898092276,1.0,1,0.6108755655659737,57
1260,2,3189,3189,0,0,0,0,0.6829935496799078,0.42115115898092276,0.6829935496799078,0.42115115898092276,1.0,1,0.6163548018142658,56
1261,3,3192,3192,0,0,0,0,0.6842687547561322,0.42115115898092276,0.6842687547561322,0.42115115898092276,1.0,1,0.626880832903475,57
1262,2,3194,3194,0,0,0,0,0.6713384592881027,0.39504748163233705,0.6713384592881027,0.39504748163233705,1.0,1,0.6430245794240901,58
1263,4,3198,3198,0,0,0,0,0.7059690395656527,0.42985649352400424,0.7059690395656527,0.42985649352400424,1.0,1,0.6060325417812716,58
1264,4,3202,3202,0,0,0,0,0.7022737547915826,0.4476823810156898,0.7022737547915826,0.4476823810156898,1.0,1,0.6023469413373228,57
1265,7,3209,3209,0,0,0,0,0.7318209670905523,0.4774804048166043,0.7318209670905523,0.4774804048166043,1.0,1,0.5847677920659499,56
1266,3,3212,3212,0,0,0,0,0.7475410203598363,0.5143033985130321,0.7475410203598363,0.5143033985130321,1.0,1,0.5826614032271072,55
1267,9,3221,3221,0,0,0,0,0.8167212840275481,0.5802630966475052,0.8167212840275481,0.5802630966475052,1.0,1,0.5565323222999905,53
1268,0,3221,3221,0,0,0,0,0.8311590809034931,0.6088357216568995,0.8311590809034931,0.6088357216568995,1.0,1,0.5509649728686185,52
1269,4,3225,3225,0,0,0,0,0.8979874139362195,0.692738016663035,0.8979874139362195,0.692738016663035,1.0,1,0.5244521363813605,51
1270,2,3227,3227,0,0,0,0,0.9348176461534023,0.7811735263721363,0.9348176461534023,0.7811735263721363,1.0,1,0.5260446244699917,47
1271,2,3229,3229,0,0,0,0,0.9278653821022296,0.7811735263721363,0.9278653821022296,0.7811735263721363,1.0,1,0.5459081277346286,46
1272,1,3230,3230,0,0,0,0,0.9698728610503087,0.9255187545929787,0.9698728610503087,0.9255187545929787,1.0,1,0.5395142114899648,43
1273,3,3233,3233,0,0,0,0,0.9070696000786049,0.7717740963102051,0.9070696000786049,0.7717740963102051,1.0,1,0.5770017086341761,44
1274,4,3237,3237,0,0,0,0,0.8605560775734485,0.6545431339225042,0.8605560775734485,0.6545431339225042,1.0,1,0.6047304470035653,44
1275,2,3239,3239,0,0,0,0,0.814735790336783,0.6572197720316776,0.814735790336783,0.6572197720316776,1.0,1,0.6215102169228167,45
1276,4,3243,3243,0,0,0,0,0.7922564923069595,0.6983026775422126,0.7922564923069595,0.6983026775422126,1.0,1,0.6309018855509856,43
1277,1,3244,3244,0,0,0,0,0.7959050358662513,0.6785463239056317,0.7959050358662513,0.6785463239056317,1.0,1,0.6245136035143031,44
1278,2,3246,3246,0,0,0,0,0.7916978027353372,0.6785463239056317,0.7916978027353372,0.6785463239056317,1.0,1,0.6201536915090432,45
1279,5,3251,3251,0,0,0,0,0.7690539642904346,0.6446486280911493,0.7690539642904346,0.6446486280911493,1.0,1,0.6298198252110893,47
1280,3,3254,3254,0,0,0,0,0.7918859776810457,0.6446486280911493,0.7918859776810457,0.6446486280911493,1.0,1,0.6209085838749683,47
1281,2,3256,3256,0,0,0,0,0.754356423061746,0.6446486280911493,0.754356423061746,0.6446486280911493,1.0,1,0.6357872311418831,47
1282,2,3258,3258,0,0,0,0,0.7493198224320379,0.5857268725778774,0.7493198224320379,0.5857268725778774,1.0,1,0.648488624789609,46
1283,2,3260,3260,0,0,0,0,0.7763356336262782,0.5629454977082398,0.7763356336262782,0.5629454977082398,1.0,1,0.6397589316292438,46
1284,0,3260,3260,0,0,0,0,0.7763356336262782,0.5629454977082398,0.7763356336262782,0.5629454977082398,1.0,1,0.6397589316292438,46
1285,2,3262,3262,0,0,0,0,0.721148872431361,0.5054458619723584,0.721148872431361,0.5054458619723584,1.0,1,0.6684554404949401,46
1286,1,3263,3263,0,0,0,0,0.696397443669131,0.5054458619723584,0.696397443669131,0.5054458619723584,1.0,1,0.6957548868120657,45
1287,0,3263,3263,0,0,0,0,0.6772897210943791,0.45704668049606517,0.6772897210943791,0.45704668049606517,1.0,1,0.6752577062576552,49
1288,3,3266,3266,0,0,0,0,0.6795680222685283,0.46861874436070944,0.6795680222685283,0.46861874436070944,1.0,1,0.6726479189421503,49
1289,1,3267,3267,0,0,0,0,0.6779060452023221,0.46627445742710616,0.6779060452023221,0.46627445742710616,1.0,1,0.6509997557499512,52
1290,4,3271,3271,0,0,0,0,0.6557860111894781,0.48249828270017275,0.6557860111894781,0.48249828270017275,1.0,1,0.6577990707177149,52
1291,5,3276,3276,0,0,0,0,0.6873150062364739,0.5070799960153075,0.6873150062364739,0.5070799960153075,1.0,1,0.6487836546721527,52
1292,2,3278,3278,0,0,0,0,0.7339715054035743,0.5070799960153075,0.7339715054035743,0.5070799960153075,1.0,1,0.6253472191896764,53
1293,3,3281,3281,0,0,0,0,0.7871112576137341,0.5070799960153075,0.7871112576137341,0.5070799960153075,1.0,1,0.589456764643012,53
1294,1,3282,3282,0,0,0,0,0.7748769217928546,0.4805205056649867,0.7748769217928546,0.4805205056649867,1.0,1,0.5992341627019484,53
1295,4,3286,3286,0,0,0,0,0.7721325251651358,0.46500679821379687,0.7721325251651358,0.46500679821379687,1.0,1,0.597616603643042,54
1296,2,3288,3288,0,0,0,0,0.7762755701621333,0.46500679821379687,0.7762755701621333,0.46500679821379687,1.0,1,0.5680340634119055,55
1297,3,3291,3291,0,0,0,0,0.7721325251651358,0.46500679821379687,0.7721325251651358,0.46500679821379687,1.0,1,0.562649782335945,54
1298,4,3295,3295,0,0,0,0,0.7848267974279554,0.49767494423449665,0.7848267974279554,0.49767494423449665,1.0,1,0.5609452029901191,55
1299,4,3299,3299,0,0,0,0,0.7866253794136333,0.4762622949243723,0.7866253794136333,0.4762622949243723,1.0,1,0.5727955211258595,54
1300,4,3303,3303,0,0,0,0,0.7566610873423535,0.4494117251800689,0.7566610873423535,0.4494117251800689,1.0,1,0.6114903657486956,55
1301,1,3304,3304,0,0,0,0,0.7521548111820267,0.4494117251800689,0.7521548111820267,0.4494117251800689,1.0,1,0.6271042422868828,54
1302,4,3308,3308,0,0,0,0,0.7391177030450105,0.4494117251800689,0.7391177030450105,0.4494117251800689,1.0,1,0.6416324554341033,54
1303,3,3311,3311,0,0,0,0,0.7112406667905572,0.4979611846446011,0.7112406667905572,0.4979611846446011,1.0,1,0.6778236945168251,50
1304,2,3313,3313,0,0,0,0,0.7146109562780235,0.4979611846446011,0.7146109562780235,0.4979611846446011,1.0,1,0.6547178693638587,51
1305,4,3317,3317,0,0,0,0,0.7721712681132383,0.5278580554505569,0.7721712681132383,0.5278580554505569,1.0,1,0.6350914009539818,48
1306,5,3322,3322,0,0,0,0,0.7528624631621125,0.4963472956649904,0.7528624631621125,0.4963472956649904,1.0,1,0.654425539208647,48
1307,4,3326,3326,0,0,0,0,0.7756491802935331,0.5214199918372298,0.7756491802935331,0.5214199918372298,1.0,1,0.6261847199704842,48
1308,2,3328,3328,0,0,0,0,0.7723015218838651,0.5350083354365297,0.7723015218838651,0.5350083354365297,1.0,1,0.6396263941221929,46
1309,1,3329,3329,0,0,0,0,0.7707655153262415,0.5200137961203076,0.7707655153262415,0.5200137961203076,1.0,1,0.6363005861636054,47
1310,3,3332,3332,0,0,0,0,0.7920734880379969,0.5217690224873933,0.7920734880379969,0.5217690224873933,1.0,1,0.6338935248064278,46
1311,1,3333,3333,0,0,0,0,0.767050822878763,0.48973037392490953,0.767050822878763,0.48973037392490953,1.0,1,0.640401506934126,46
1312,0,3333,3333,0,0,0,0,0.7868358394639183,0.5203806387938161,0.7868358394639183,0.5203806387938161,1.0,1,0.6332193471438055,45
1313,3,3336,3336,0,0,0,0,0.8149980210156763,0.5800669481526215,0.8149980210156763,0.5800669481526215,1.0,1,0.6444447225032551,44
1314,1,3337,3337,0,0,0,0,0.8242683779485553,0.6399090883570857,0.8242683779485553,0.6399090883570857,1.0,1,0.6520175607640242,42
1315,4,3341,3341,0,0,0,0,0.8614462962824365,0.7532264911956248,0.8614462962824365,0.7532264911956248,1.0,1,0.650497044503718,40
1316,1,3342,3342,0,0,0,0,0.8885439691841587,0.7970994444551128,0.8885439691841587,0.7970994444551128,1.0,1,0.6132626423208538,42
1317,5,3347,3347,0,0,0,0,0.9395223444234065,0.8799938252275352,0.9395223444234065,0.8799938252275352,1.0,1,0.5884882436779465,42
1318,1,3348,3348,0,0,0,0,0.9404522524683481,0.8498286698265268,0.9404522524683481,0.8498286698265268,1.0,1,0.5908276271223369,42
1319,1,3349,3349,0,0,0,0,0.9513128340706108,0.8498286698265268,0.9513128340706108,0.8498286698265268,1.0,1,0.5826587394101573,42
1320,2,3351,3351,0,0,0,0,0.9513128340706108,0.8498286698265268,0.9513128340706108,0.8498286698265268,1.0,1,0.5566407507344886,42
1321,3,3354,3354,0,0,0,0,0.9339907451153828,0.8498286698265268,0.9339907451153828,0.8498286698265268,1.0,1,0.5253207813547672,45
1322,2,3356,3356,0,0,0,0,0.9339907451153828,0.8498286698265268,0.9339907451153828,0.8498286698265268,1.0,1,0.5164984267103345,45
1323,4,3360,3360,0,0,0,0,0.9754858588312574,0.9074373474952162,0.9754858588312574,0.9074373474952162,1.0,1,0.49311049982807137,46
1324,1,3361,3361,0,0,0,0,0.9568768858884504,0.8474100984324837,0.9568768858884504,0.8474100984324837,1.0,1,0.5069837843352963,45
1325,2,3363,3363,0,0,0,0,0.9328565787632417,0.7672764240244411,0.9328565787632417,0.7672764240244411,1.0,1,0.5177785689744473,46
1326,2,3365,3365,0,0,0,0,0.927934252902599,0.7672764240244411,0.927934252902599,0.7672764240244411,1.0,1,0.5182630577455418,45
1327,1,3366,3366,0,0,0,0,0.8868221558988655,0.7208019640800302,0.8868221558988655,0.7208019640800302,1.0,1,0.5428008034676501,46
1328,1,3367,3367,0,0,0,0,0.8627223894058906,0.7208019640800302,0.8627223894058906,0.7208019640800302,1.0,1,0.5637722454287457,47
1329,2,3369,3369,0,0,0,0,0.8254658760989436,0.7208019640800302,0.8254658760989436,0.7208019640800302,1.0,1,0.593164548722076,47
1330,2,3371,3371,0,0,0,0,0.8008423604007947,0.6673481206139158,0.8008423604007947,0.6673481206139158,1.0,1,0.637798007515382,46
1331,0,3371,3371,0,0,0,0,0.8008423604007946,0.6673481206139158,0.8008423604007946,0.6673481206139158,1.0,1,0.637798007515382,46
1332,2,3373,3373,0,0,0,0,0.840256262953598,0.6673481206139158,0.840256262953598,0.6673481206139158,1.0,1,0.5919807552429146,49
1333,2,3375,3375,0,0,0,0,0.8318587013904084,0.6199188422525204,0.8318587013904084,0.6199188422525204,1.0,1,0.5892513270919786,50
1334,2,3377,3377,0,0,0,0,0.7983527767320558,0.6199188422525204,0.7983527767320558,0.6199188422525204,1.0,1,0.614967359621481,50
1335,1,3378,3378,0,0,0,0,0.742184193711657,0.5519247319244988,0.742184193711657,0.5519247319244988,1.0,1,0.631943378528361,52
1336,3,3381,3381,0,0,0,0,0.7310880794486083,0.5083367857519369,0.7310880794486083,0.5083367857519369,1.0,1,0.6268062017709757,53
1337,2,3383,3383,0,0,0,0,0.7173079453113739,0.4827701413142753,0.7173079453113739,0.4827701413142753,1.0,1,0.6288413188666966,54
1338,3,3386,3386,0,0,0,0,0.6941199520985881,0.46671160312652826,0.6941199520985881,0.46671160312652826,1.0,1,0.6342281048009554,54
1339,4,3390,3390,0,0,0,0,0.7116428938742976,0.46671160312652826,0.7116428938742976,0.46671160312652826,1.0,1,0.6221021435321643,54
1340,4,3394,3394,0,0,0,0,0.746907860776135,0.5096589062902752,0.746907860776135,0.5096589062902752,1.0,1,0.6162445545460375,53
1341,1,3395,3395,0,0,0,0,0.7614022045473265,0.5648152061538853,0.7614022045473265,0.5648152061538853,1.0,1,0.6028756901144207,53
1342,7,3402,3402,0,0,0,0,0.8183347544783514,0.6592245347569666,0.8183347544783514,0.6592245347569666,1.0,1,0.5778015669099247,52
1343,0,3402,3402,0,0,0,0,0.8256640379532972,0.6592245347569666,0.8256640379532972,0.6592245347569666,1.0,1,0.5805521556075315,50
1344,4,3406,3406,0,0,0,0,0.8416812072519212,0.6822867719937388,0.8416812072519212,0.6822867719937388,1.0,1,0.5659556016352755,51
1345,2,3408,3408,0,0,0,0,0.880365162568796,0.7699348629190893,0.880365162568796,0.7699348629190893,1.0,1,0.5477117570666784,50
1346,3,3411,3411,0,0,0,0,0.8647975536319005,0.7487149642431246,0.8647975536319005,0.7487149642431246,1.0,1,0.5449717408708908,50
1347,1,3412,3412,0,0,0,0,0.8429403814268595,0.7307438460601705,0.8429403814268595,0.7307438460601705,1.0,1,0.5727539446361712,48
1348,1,3413,3413,0,0,0,0,0.8295824473523021,0.6945876971077288,0.8295824473523021,0.6945876971077288,1.0,1,0.5876686725080528,49
1349,3,3416,3416,0,0,0,0,0.847455554608244,0.6608071898779176,0.847455554608244,0.6608071898779176,1.0,1,0.5908793602893174,48
1350,0,3416,3416,0,0,0,0,0.8505687065550145,0.6608071898779176,0.8505687065550145,0.6608071898779176,1.0,1,0.5875526512356394,49
1351,3,3419,3419,0,0,0,0,0.7911607844706651,0.6608071898779176,0.7911607844706651,0.6608071898779176,1.0,1,0.6097777257188801,48
1352,1,3420,3420,0,0,0,0,0.7745669241540256,0.6608071898779176,0.7745669241540256,0.6608071898779176,1.0,1,0.6114759274063258,49
1353,6,3426,3426,0,0,0,0,0.7140882718362831,0.5708705140965595,0.7140882718362831,0.5708705140965595,1.0,1,0.6388488736378108,49
1354,2,3428,3428,0,0,0,0,0.7134679270286771,0.5724518438996309,0.7134679270286771,0.5724518438996309,1.0,1,0.6335118800624122,49
1355,2,3430,3430,0,0,0,0,0.697051248676077,0.5655950885526496,0.697051248676077,0.5655950885526496,1.0,1,0.6201480502314373,50
1356,3,3433,3433,0,0,0,0,0.6722313160366795,0.5271859590039577,0.6722313160366795,0.5271859590039577,1.0,1,0.6397807930823476,50
1357,2,3435,3435,0,0,0,0,0.6952014895304618,0.5819370793253814,0.6952014895304618,0.5819370793253814,1.0,1,0.6299586641060074,50
1358,2,3437,3437,0,0,0,0,0.7017607322113495,0.5819370793253814,0.7017607322113495,0.5819370793253814,1.0,1,0.6258379671104204,51
1359,0,3437,3437,0,0,0,0,0.6909559338588082,0.5424070831365722,0.6909559338588082,0.5424070831365722,1.0,1,0.6167143645086535,53
1360,1,3438,3438,0,0,0,0,0.7172383475649963,0.5424070831365722,0.7172383475649963,0.5424070831365722,1.0,1,0.6057118646329925,54
1361,3,3441,3441,0,0,0,0,0.7217112867636892,0.5178248303676258,0.7217112867636892,0.5178248303676258,1.0,1,0.6084543964045718,54
1362,3,3444,3444,0,0,0,0,0.7057755223495121,0.5654103988192563,0.7057755223495121,0.5654103988192563,1.0,1,0.6056010051314923,55
1363,1,3445,3445,0,0,0,0,0.7042941250727557,0.5431357386635683,0.7042941250727557,0.5431357386635683,1.0,1,0.6087102635720935,55
1364,2,3447,3447,0,0,0,0,0.6616921656920999,0.4860604182808798,0.6616921656920999,0.4860604182808798,1.0,1,0.6311719548083071,55
1365,4,3451,3451,0,0,0,0,0.6674116149096735,0.4826866301834408,0.6674116149096735,0.4826866301834408,1.0,1,0.632132184966973,56
1366,0,3451,3451,0,0,0,0,0.6674116149096735,0.4826866301834408,0.6674116149096735,0.4826866301834408,1.0,1,0.632132184966973,56
1367,3,3454,3454,0,0,0,0,0.671452971580494,0.5059432345216189,0.671452971580494,0.5059432345216189,1.0,1,0.6309053587684486,56
1368,2,3456,3456,0,0,0,0,0.6826968783897637,0.5225937916379533,0.6826968783897637,0.5225937916379533,1.0,1,0.6131287411633208,58
1369,1,3457,3457,0,0,0,0,0.6709040798475961,0.5225937916379533,0.6709040798475961,0.5225937916379533,1.0,1,0.6119494271080209,59
1370,5,3462,3462,0,0,0,0,0.6569769417140862,0.4729958303634447,0.6569769417140862,0.4729958303634447,1.0,1,0.6195281453501337,59
1371,1,3463,3463,0,0,0,0,0.6748395794626825,0.4729958303634447,0.6748395794626825,0.4729958303634447,1.0,1,0.6118696343396859,59
1372,4,3467,3467,0,0,0,0,0.6791089692536997,0.42839506743442385,0.6791089692536997,0.42839506743442385,1.0,1,0.6174407620945175,59
1373,3,3470,3470,0,0,0,0,0.7320723699849182,0.42839506743442385,0.7320723699849182,0.42839506743442385,1.0,1,0.5977905629732471,59
1374,2,3472,3472,0,0,0,0,0.7206156447105113,0.4088373616608877,0.7206156447105113,0.4088373616608877,1.0,1,0.6061510425152816,60
1375,5,3477,3477,0,0,0,0,0.7129608979245796,0.3932585863393573,0.7129608979245796,0.3932585863393573,1.0,1,0.5950774666259867,61
1376,0,3477,3477,0,0,0,0,0.6960739551677317,0.3775785087650212,0.6960739551677317,0.3775785087650212,1.0,1,0.6058724314371626,61
1377,2,3479,3479,0,0,0,0,0.673242474152964,0.36681173919443233,0.673242474152964,0.36681173919443233,1.0,1,0.6136865806948344,61
1378,3,3482,3482,0,0,0,0,0.6605475056705647,0.38032959695980456,0.6605475056705647,0.38032959695980456,1.0,1,0.6101728397185624,61
1379,4,3486,3486,0,0,0,0,0.7019009894182346,0.3881581482870223,0.7019009894182346,0.3881581482870223,1.0,1,0.5967332197081956,60
1380,3,3489,3489,0,0,0,0,0.725881820926457,0.3881581482870223,0.725881820926457,0.3881581482870223,1.0,1,0.5746623314501729,60
1381,3,3492,3492,0,0,0,0,0.7579851872572957,0.41513086920513126,0.7579851872572957,0.41513086920513126,1.0,1,0.5680374054864263,58
1382,3,3495,3495,0,0,0,0,0.7579851872572958,0.41513086920513126,0.7579851872572958,0.41513086920513126,1.0,1,0.565359524593316,58
1383,6,3501,3501,0,0,0,0,0.7467939830990782,0.4528518941021219,0.7467939830990782,0.4528518941021219,1.0,1,0.5652184442489784,57
1384,2,3503,3503,0,0,0,0,0.7352003853462706,0.4589229746499019,0.7352003853462706,0.4589229746499019,1.0,1,0.5969027466045865,54
1385,5,3508,3508,0,0,0,0,0.7206015740091266,0.4791403818505007,0.7206015740091266,0.4791403818505007,1.0,1,0.5919980210255513,52
1386,2,3510,3510,0,0,0,0,0.7349090317810469,0.4693358579098331,0.7349090317810469,0.4693358579098331,1.0,1,0.5963919861031576,51
1387,1,3511,3511,0,0,0,0,0.7418906039733556,0.4492273457777573,0.7418906039733556,0.4492273457777573,1.0,1,0.5900848559891246,51
1388,2,3513,3513,0,0,0,0,0.704316949728735,0.4492273457777573,0.704316949728735,0.4492273457777573,1.0,1,0.6055302477197988,52
1389,1,3514,3514,0,0,0,0,0.6721893323376209,0.42904290600423817,0.6721893323376209,0.42904290600423817,1.0,1,0.6493362067171379,50
1390,2,3516,3516,0,0,0,0,0.6597484249966227,0.42904290600423817,0.6597484249966227,0.42904290600423817,1.0,1,0.6661010540534762,51
1391,1,3517,3517,0,0,0,0,0.6745952090161265,0.4351640892533519,0.6745952090161265,0.4351640892533519,1.0,1,0.6632473127013795,50
1392,1,3518,3518,0,0,0,0,0.6497754751263379,0.4351640892533519,0.6497754751263379,0.4351640892533519,1.0,1,0.6699696991358177,50
1393,1,3519,3519,0,0,0,0,0.6424818346276533,0.4190770047188257,0.6424818346276533,0.4190770047188257,1.0,1,0.6860468723311963,49
1394,1,3520,3520,0,0,0,0,0.6114912854193194,0.40372926517338226,0.6114912854193194,0.40372926517338226,1.0,1,0.6946705704832835,50
1395,3,3523,3523,0,0,0,0,0.6467912324239292,0.40372926517338226,0.6467912324239292,0.40372926517338226,1.0,1,0.674202585030682,51
1396,0,3523,3523,0,0,0,0,0.6338246164657779,0.38714457045902384,0.6338246164657779,0.38714457045902384,1.0,1,0.678785684863951,52
1397,4,3527,3527,0,0,0,0,0.6292590850454616,0.38714457045902384,0.6292590850454616,0.38714457045902384,1.0,1,0.6874538756786216,52
1398,5,3532,3532,0,0,0,0,0.6192665376817458,0.36501822180250343,0.6192665376817458,0.36501822180250343,1.0,1,0.6768631926628786,53
1399,3,3535,3535,0,0,0,0,0.6413214400779006,0.36501822180250343,0.6413214400779006,0.36501822180250343,1.0,1,0.6696317339943314,54
1400,2,3537,3537,0,0,0,0,0.623185897236665,0.35448574282163897,0.623185897236665,0.35448574282163897,1.0,1,0.676799151074703,54
1401,4,3541,3541,0,0,0,0,0.6167363128208869,0.33237938362348046,0.6167363128208869,0.33237938362348046,1.0,1,0.6711263689409497,54
1402,1,3542,3542,0,0,0,0,0.6095049224967527,0.33237938362348046,0.6095049224967527,0.33237938362348046,1.0,1,0.6691881318404082,53
1403,2,3544,3544,0,0,0,0,0.5834902120961056,0.3231715946561716,0.5834902120961056,0.3231715946561716,1.0,1,0.6739297353788463,52
1404,2,3546,3546,0,0,0,0,0.5746096450052812,0.3167973086448456,0.5746096450052812,0.3167973086448456,1.0,1,0.668122597473489,53
1405,1,3547,3547,0,0,0,0,0.5664290612553828,0.3167973086448456,0.5664290612553828,0.3167973086448456,1.0,1,0.6631084581960548,52
1406,0,3547,3547,0,0,0,0,0.5746096450052812,0.3167973086448456,0.5746096450052812,0.3167973086448456,1.0,1,0.6489005917924506,53
1407,1,3548,3548,0,0,0,0,0.5458024790024624,0.299238110460942,0.5458024790024624,0.299238110460942,1.0,1,0.6725126222474969,54
1408,1,3549,3549,0,0,0,0,0.537232714455339,0.299238110460942,0.537232714455339,0.299238110460942,1.0,1,0.6846849459493694,53
1409,0,3549,3549,0,0,0,0,0.5348803699425526,0.2894005651900109,0.5348803699425526,0.2894005651900109,1.0,1,0.6735788049473611,55
1410,0,3549,3549,0,0,0,0,0.5262670434600073,0.2894005651900109,0.5262670434600073,0.2894005651900109,1.0,1,0.6813510001611901,54
1411,1,3550,3550,0,0,0,0,0.5262670434600073,0.2894005651900109,0.5262670434600073,0.2894005651900109,1.0,1,0.6980517359597617,54
1412,1,3551,3551,0,0,0,0,0.5173286857894414,0.2894005651900109,0.5173286857894414,0.2894005651900109,1.0,1,0.7157123971100173,53
1413,2,3553,3553,0,0,0,0,0.5441016164163698,0.29661392247097046,0.5441016164163698,0.29661392247097046,1.0,1,0.7109830639113636,54
1414,4,3557,3557,0,0,0,0,0.570852083543572,0.3057901351440135,0.570852083543572,0.3057901351440135,1.0,1,0.7304471214908017,55
1415,2,3559,3559,0,0,0,0,0.605022314540003,0.3177658160236415,0.605022314540003,0.3177658160236415,1.0,1,0.6830892831666178,57
1416,4,3563,3563,0,0,0,0,0.6198520754820931,0.32770757722471255,0.6198520754820931,0.32770757722471255,1.0,1,0.6835321207232598,59
1417,5,3568,3568,0,0,0,0,0.662944555795111,0.34927155111647507,0.662944555795111,0.34927155111647507,1.0,1,0.6543162713763724,58
1418,3,3571,3571,0,0,0,0,0.6899001721792737,0.36872535050780736,0.6899001721792737,0.36872535050780736,1.0,1,0.6261867920256301,57
1419,5,3576,3576,0,0,0,0,0.6999079156208718,0.3775867879544007,0.6999079156208718,0.3775867879544007,1.0,1,0.6256400267874127,56
1420,3,3579,3579,0,0,0,0,0.7442649849647677,0.4245962161707271,0.7442649849647677,0.4245962161707271,1.0,1,0.6044413922989881,54
1421,3,3582,3582,0,0,0,0,0.7386853569060816,0.4245962161707271,0.7386853569060816,0.4245962161707271,1.0,1,0.6296317493208222,55
1422,2,3584,3584,0,0,0,0,0.7877627773413618,0.4873963656689904,0.7877627773413618,0.4873963656689904,1.0,1,0.6161601237293775,52
1423,2,3586,3586,0,0,0,0,0.7860955798883726,0.5138954115336305,0.7860955798883726,0.5138954115336305,1.0,1,0.6026732500198162,52
1424,2,3588,3588,0,0,0,0,0.8093707496210315,0.5138954115336305,0.8093707496210315,0.5138954115336305,1.0,1,0.6046257756258522,51
1425,1,3589,3589,0,0,0,0,0.7827663270192068,0.4827769690933497,0.7827663270192068,0.4827769690933497,1.0,1,0.6294505542413745,50
1426,2,3591,3591,0,0,0,0,0.7624320067531696,0.4600727426208398,0.7624320067531696,0.4600727426208398,1.0,1,0.6346239212930372,50
1427,3,3594,3594,0,0,0,0,0.752533340367885,0.4600727426208398,0.752533340367885,0.4600727426208398,1.0,1,0.6398445560312805,48
1428,2,3596,3596,0,0,0,0,0.752533340367885,0.4600727426208398,0.752533340367885,0.4600727426208398,1.0,1,0.633794231242491,48
1429,4,3600,3600,0,0,0,0,0.7297567287511159,0.4440968296396416,0.7297567287511159,0.4440968296396416,1.0,1,0.6467985321606508,48
1430,3,3603,3603,0,0,0,0,0.7336297308689949,0.4440968296396416,0.7336297308689949,0.4440968296396416,1.0,1,0.6391049936868612,48
1431,7,3610,3610,0,0,0,0,0.7336297308689949,0.4440968296396416,0.7336297308689949,0.4440968296396416,1.0,1,0.639110130054307,48
1432,1,3611,3611,0,0,0,0,0.7398438605774043,0.4440968296396416,0.7398438605774043,0.4440968296396416,1.0,1,0.6258271713242147,50
1433,4,3615,3615,0,0,0,0,0.7020740001324896,0.4440968296396416,0.7020740001324896,0.4440968296396416,1.0,1,0.6246309401381451,51
1434,4,3619,3619,0,0,0,0,0.7162104327065042,0.4440968296396416,0.7162104327065042,0.4440968296396416,1.0,1,0.6325130683364206,51
1435,4,3623,3623,0,0,0,0,0.7251510650704706,0.4273980522301469,0.7251510650704706,0.4273980522301469,1.0,1,0.6213546776728944,50
1436,3,3626,3626,0,0,0,0,0.7138622871505442,0.4162790657871102,0.7138622871505442,0.4162790657871102,1.0,1,0.6165646779623741,51
1437,3,3629,3629,0,0,0,0,0.7121754965461722,0.4162790657871102,0.7121754965461722,0.4162790657871102,1.0,1,0.6187238297298283,51
1438,5,3634,3634,0,0,0,0,0.692050388426581,0.39594499268290867,0.692050388426581,0.39594499268290867,1.0,1,0.6245849496869588,51
1439,3,3637,3637,0,0,0,0,0.7233195754904758,0.42965025564412135,0.7233195754904758,0.42965025564412135,1.0,1,0.6332882454376986,50
1440,3,3640,3640,0,0,0,0,0.6790408936440151,0.3937439102164729,0.6790408936440151,0.3937439102164729,1.0,1,0.6387175652416845,51
1441,6,3646,3646,0,0,0,0,0.7021301623099904,0.41571685683882736,0.7021301623099904,0.41571685683882736,1.0,1,0.6051848919214754,51
1442,5,3651,3651,0,0,0,0,0.7473592997113846,0.45261181604133327,0.7473592997113846,0.45261181604133327,1.0,1,0.590497503009829,52
1443,3,3654,3654,0,0,0,0,0.7416883686961858,0.45277270724660906,0.7416883686961858,0.45277270724660906,1.0,1,0.5911801343364316,53
1444,2,3656,3656,0,0,0,0,0.7703533437189015,0.4732070887888041,0.7703533437189015,0.4732070887888041,1.0,1,0.5785305403140584,54
1445,4,3660,3660,0,0,0,0,0.7402274964512154,0.4732070887888041,0.7402274964512154,0.4732070887888041,1.0,1,0.5961104999391218,54
1446,4,3664,3664,0,0,0,0,0.7579461059685741,0.45537873842929183,0.7579461059685741,0.45537873842929183,1.0,1,0.5868863865430859,54
1447,2,3666,3666,0,0,0,0,0.7302239597004107,0.45537873842929183,0.7302239597004107,0.45537873842929183,1.0,1,0.6063981956649588,55
1448,0,3666,3666,0,0,0,0,0.7302239597004107,0.45537873842929183,0.7302239597004107,0.45537873842929183,1.0,1,0.6063981956649588,55
1449,3,3669,3669,0,0,0,0,0.7267382965882101,0.4413736160220232,0.7267382965882101,0.4413736160220232,1.0,1,0.5999449950406607,55
1450,0,3669,3669,0,0,0,0,0.7177128982265487,0.42205266488893484,0.7177128982265487,0.42205266488893484,1.0,1,0.5914132857880114,57
1451,3,3672,3672,0,0,0,0,0.7120931331851345,0.40783193664893347,0.7120931331851345,0.40783193664893347,1.0,1,0.5892079029603405,57
1452,1,3673,3673,0,0,0,0,0.7194993384126527,0.40783193664893347,0.7194993384126527,0.40783193664893347,1.0,1,0.5828416722680296,57
1453,1,3674,3674,0,0,0,0,0.712030581017657,0.40783193664893347,0.712030581017657,0.40783193664893347,1.0,1,0.5799418159318536,57
1454,1,3675,3675,0,0,0,0,0.6815641347257816,0.3953437530840931,0.6815641347257816,0.3953437530840931,1.0,1,0.592756862716567,58
1455,0,3675,3675,0,0,0,0,0.707084924777934,0.4282946561470607,0.707084924777934,0.4282946561470607,1.0,1,0.5717516893829798,56
1456,3,3678,3678,0,0,0,0,0.6977539408360566,0.4409736652244197,0.6977539408360566,0.4409736652244197,1.0,1,0.5959219476868208,55
1457,0,3678,3678,0,0,0,0,0.688327594911712,0.43270260039439323,0.688327594911712,0.43270260039439323,1.0,1,0.607388227090211,54
1458,6,3684,3684,0,0,0,0,0.6650157136326982,0.4661112668116746,0.6650157136326982,0.4661112668116746,1.0,1,0.6207935272219276,53
1459,5,3689,3689,0,0,0,0,0.6643162037051097,0.4661112668116746,0.6643162037051097,0.4661112668116746,1.0,1,0.6366819127380576,52
1460,4,3693,3693,0,0,0,0,0.6519756731610616,0.44425299268744467,0.6519756731610616,0.44425299268744467,1.0,1,0.6496395450079024,51
1461,4,3697,3697,0,0,0,0,0.6741706434413698,0.44425299268744467,0.6741706434413698,0.44425299268744467,1.0,1,0.6300524183438716,51
1462,5,3702,3702,0,0,0,0,0.6858331013418734,0.44425299268744467,0.6858331013418734,0.44425299268744467,1.0,1,0.6417006651315781,51
1463,3,3705,3705,0,0,0,0,0.6504333819119471,0.42254137298701255,0.6504333819119471,0.42254137298701255,1.0,1,0.6367507591416629,52
1464,8,3713,3713,0,0,0,0,0.6575443833081841,0.45174056509334376,0.6575443833081841,0.45174056509334376,1.0,1,0.6357091261455095,52
1465,6,3719,3719,0,0,0,0,0.6881563035994729,0.4222781693493349,0.6881563035994729,0.4222781693493349,1.0,1,0.6300333941666781,51
1466,4,3723,3723,0,0,0,0,0.7164027332391147,0.4409329228678049,0.7164027332391147,0.4409329228678049,1.0,1,0.6178526684778228,50
1467,3,3726,3726,0,0,0,0,0.7116850966705416,0.4233701933410833,0.7116850966705416,0.4233701933410833,1.0,1,0.6421380861999916,48
1468,8,3734,3734,0,0,0,0,0.780742582182386,0.5089852763466377,0.780742582182386,0.5089852763466377,1.0,1,0.5906584543237587,48
1469,4,3738,3738,0,0,0,0,0.7565768919419814,0.5083764497284939,0.7565768919419814,0.5083764497284939,1.0,1,0.6028266583407136,48
1470,3,3741,3741,0,0,0,0,0.7916375507614628,0.537504736830648,0.7916375507614628,0.537504736830648,1.0,1,0.5706908382675463,48
1471,6,3747,3747,0,0,0,0,0.8011190345535216,0.5289661344688672,0.8011190345535216,0.5289661344688672,1.0,1,0.5765340051602635,45
1472,2,3749,3749,0,0,0,0,0.8011190345535216,0.5289661344688672,0.8011190345535216,0.5289661344688672,1.0,1,0.5799420077617222,45
1473,4,3753,3753,0,0,0,0,0.845555864519475,0.5820923392879913,0.845555864519475,0.5820923392879913,1.0,1,0.5603461315564573,46
1474,2,3755,3755,0,0,0,0,0.8252908220680603,0.5535209897294873,0.8252908220680603,0.5535209897294873,1.0,1,0.5747874081199416,46
1475,2,3757,3757,0,0,0,0,0.8252908220680603,0.5535209897294873,0.8252908220680603,0.5535209897294873,1.0,1,0.5687750862377408,46
1476,3,3760,3760,0,0,0,0,0.8105051744830107,0.5312496421421843,0.8105051744830107,0.5312496421421843,1.0,1,0.566301538489546,47
1477,2,3762,3762,0,0,0,0,0.8105051744830107,0.5312496421421843,0.8105051744830107,0.5312496421421843,1.0,1,0.5623420397714155,47
1478,2,3764,3764,0,0,0,0,0.7854437339688387,0.49961748040437265,0.7854437339688387,0.49961748040437265,1.0,1,0.6013151271748014,47
1479,4,3768,3768,0,0,0,0,0.7709012061570326,0.47634561407321746,0.7709012061570326,0.47634561407321746,1.0,1,0.5960866834717488,48
1480,0,3768,3768,0,0,0,0,0.7660267637348418,0.47634561407321746,0.7660267637348418,0.47634561407321746,1.0,1,0.6057543418062048,47
1481,1,3769,3769,0,0,0,0,0.7435399395755604,0.4521080527296064,0.7435399395755604,0.4521080527296064,1.0,1,0.6139822709891203,47
1482,0,3769,3769,0,0,0,0,0.7379647208706813,0.4521080527296064,0.7379647208706813,0.4521080527296064,1.0,1,0.6209235721689632,46
1483,3,3772,3772,0,0,0,0,0.7259039698957194,0.43989072109125266,0.7259039698957194,0.43989072109125266,1.0,1,0.6536624303534303,47
1484,2,3774,3774,0,0,0,0,0.7020480670593531,0.43989072109125266,0.7020480670593531,0.43989072109125266,1.0,1,0.6670499350451794,47
1485,3,3777,3777,0,0,0,0,0.6541744899277782,0.41872534799802863,0.6541744899277782,0.41872534799802863,1.0,1,0.7037215876823103,47
1486,2,3779,3779,0,0,0,0,0.6477830933075015,0.40675420452020467,0.6477830933075015,0.40675420452020467,1.0,1,0.6841523891566011,49
1487,4,3783,3783,0,0,0,0,0.6933730798179624,0.40675420452020467,0.6933730798179624,0.40675420452020467,1.0,1,0.6694455147340412,49
1488,6,3789,3789,0,0,0,0,0.7032729015281508,0.4163519829846745,0.7032729015281508,0.4163519829846745,1.0,1,0.6353237401060654,51
1489,4,3793,3793,0,0,0,0,0.7014011469396665,0.43036258025920654,0.7014011469396665,0.43036258025920654,1.0,1,0.6260802305777586,52
1490,3,3796,3796,0,0,0,0,0.6766120964084247,0.4679790390845823,0.6766120964084247,0.4679790390845823,1.0,1,0.6368674698703193,52
1491,6,3802,3802,0,0,0,0,0.6484028204166373,0.46378641054727626,0.6484028204166373,0.46378641054727626,1.0,1,0.6475869446735805,53
1492,5,3807,3807,0,0,0,0,0.7101806644347763,0.5010079107490509,0.7101806644347763,0.5010079107490509,1.0,1,0.622302614262541,53
1493,2,3809,3809,0,0,0,0,0.7255499892513719,0.5494019171734689,0.7255499892513719,0.5494019171734689,1.0,1,0.6082984169435462,52
1494,5,3814,3814,0,0,0,0,0.7440637166981534,0.5314512974347745,0.7440637166981534,0.5314512974347745,1.0,1,0.61796852963601,50
1495,1,3815,3815,0,0,0,0,0.7868775772323329,0.5561425565886849,0.7868775772323329,0.5561425565886849,1.0,1,0.5792939598244803,50
1496,3,3818,3818,0,0,0,0,0.7280260112699362,0.4885994851967075,0.7280260112699362,0.4885994851967075,1.0,1,0.6144740508589315,52
1497,0,3818,3818,0,0,0,0,0.7444446293497867,0.5184956349966645,0.7444446293497867,0.5184956349966645,1.0,1,0.6078111927247865,51
1498,3,3821,3821,0,0,0,0,0.7620179572168746,0.5506268381511248,0.7620179572168746,0.5506268381511248,1.0,1,0.5968070383017235,50
1499,4,3825,3825,0,0,0,0,0.8008351228983251,0.5474893894133562,0.8008351228983251,0.5474893894133562,1.0,1,0.5634949654267525,50
1500,4,3829,3829,0,0,0,0,0.8427883779412724,0.5720350288401306,0.8427883779412724,0.5720350288401306,1.0,1,0.5328625039216673,49
1501,1,3830,3830,0,0,0,0,0.8785263142050919,0.643171047977457,0.8785263142050919,0.643171047977457,1.0,1,0.5069128566631735,47
1502,4,3834,3834,0,0,0,0,0.8785263142050919,0.643171047977457,0.8785263142050919,0.643171047977457,1.0,1,0.5203205665539674,47
1503,3,3837,3837,0,0,0,0,0.8549837657332893,0.5990727640861525,0.8549837657332893,0.5990727640861525,1.0,1,0.5022096867825909,47
1504,5,3842,3842,0,0,0,0,0.8580049372805124,0.5990727640861525,0.8580049372805124,0.5990727640861525,1.0,1,0.5038693616677659,48
1505,5,3847,3847,0,0,0,0,0.8565389364341046,0.6033723536707599,0.8565389364341046,0.6033723536707599,1.0,1,0.5209403135050193,47
1506,1,3848,3848,0,0,0,0,0.8565389364341046,0.6033723536707599,0.8565389364341046,0.6033723536707599,1.0,1,0.5248854541166897,47
1507,4,3852,3852,0,0,0,0,0.8501628891645094,0.6033723536707599,0.8501628891645094,0.6033723536707599,1.0,1,0.5643759438155934,45
1508,0,3852,3852,0,0,0,0,0.8253990616558533,0.5634976541396332,0.8253990616558533,0.5634976541396332,1.0,1,0.5713634304039299,45
1509,3,3855,3855,0,0,0,0,0.8214308585116682,0.5634976541396332,0.8214308585116682,0.5634976541396332,1.0,1,0.6289337336672457,44
1510,3,3858,3858,0,0,0,0,0.7717136696484407,0.5205987062617254,0.7717136696484407,0.5205987062617254,1.0,1,0.6619318688980866,42
1511,1,3859,3859,0,0,0,0,0.7602993531308627,0.5205987062617254,0.7602993531308627,0.5205987062617254,1.0,1,0.669217855235471,40
1512,0,3859,3859,0,0,0,0,0.7282135410696821,0.4952537191294095,0.7282135410696821,0.4952537191294095,1.0,1,0.6917819500890348,39
1513,3,3862,3862,0,0,0,0,0.783138145085723,0.5548625083338525,0.783138145085723,0.5548625083338525,1.0,1,0.6581743875556045,39
1514,3,3865,3865,0,0,0,0,0.8051947160664783,0.5887444005847875,0.8051947160664783,0.5887444005847875,1.0,1,0.6624591414923785,38
1515,2,3867,3867,0,0,0,0,0.8097427358582752,0.5877759276929294,0.8097427358582752,0.5877759276929294,1.0,1,0.6742091297626305,39
1516,6,3873,3873,0,0,0,0,0.8606762878131633,0.6603984515445857,0.8606762878131633,0.6603984515445857,1.0,1,0.6223895529883701,39
1517,5,3878,3878,0,0,0,0,0.881747898612204,0.6925445363917307,0.881747898612204,0.6925445363917307,1.0,1,0.5817066182256676,39
1518,6,3884,3884,0,0,0,0,0.9150466226846589,0.8089975505857528,0.9150466226846589,0.8089975505857528,1.0,1,0.5747347305975087,39
1519,5,3889,3889,0,0,0,0,0.8870524103676777,0.7589389975510804,0.8870524103676777,0.7589389975510804,1.0,1,0.5976647278544419,39
1520,6,3895,3895,0,0,0,0,0.9246954477846371,0.8336536215449111,0.9246954477846371,0.8336536215449111,1.0,1,0.5676794361406542,39
1521,1,3896,3896,0,0,0,0,0.906328579630648,0.7841433984741545,0.906328579630648,0.7841433984741545,1.0,1,0.5768018039496677,40
1522,3,3899,3899,0,0,0,0,0.9142093559563003,0.846851160074136,0.9142093559563003,0.846851160074136,1.0,1,0.5622009017317809,40
1523,1,3900,3900,0,0,0,0,0.8671643825464264,0.7636961447364855,0.8671643825464264,0.7636961447364855,1.0,1,0.5847929554032709,41
1524,2,3902,3902,0,0,0,0,0.8818909355305403,0.7636961447364855,0.8818909355305403,0.7636961447364855,1.0,1,0.5726048652082244,42
1525,0,3902,3902,0,0,0,0,0.8635015819521024,0.6961572697954446,0.8635015819521024,0.6961572697954446,1.0,1,0.557828144393058,45
1526,1,3903,3903,0,0,0,0,0.8915124464652402,0.6961572697954446,0.8915124464652402,0.6961572697954446,1.0,1,0.542373859018773,46
1527,0,3903,3903,0,0,0,0,0.8915124464652401,0.6961572697954446,0.8915124464652401,0.6961572697954446,1.0,1,0.542373859018773,46
1528,0,3903,3903,0,0,0,0,0.8938206922851285,0.6961572697954446,0.8938206922851285,0.6961572697954446,1.0,1,0.5334317188294174,47
1529,0,3903,3903,0,0,0,0,0.8938206922851287,0.6961572697954446,0.8938206922851287,0.6961572697954446,1.0,1,0.5334317188294174,47
1530,1,3904,3904,0,0,0,0,0.911379203690338,0.6961572697954446,0.911379203690338,0.6961572697954446,1.0,1,0.5146835764230339,48
1531,0,3904,3904,0,0,0,0,0.941320110800047,0.7750604247335133,0.941320110800047,0.7750604247335133,1.0,1,0.5023916971594422,46
1532,2,3906,3906,0,0,0,0,0.9035698292993025,0.6762701412190867,0.9035698292993025,0.6762701412190867,1.0,1,0.5219797970115996,47
1533,1,3907,3907,0,0,0,0,0.9205064697008084,0.7187152004797834,0.9205064697008084,0.7187152004797834,1.0,1,0.5016223775341481,46
1534,2,3909,3909,0,0,0,0,0.9010006455292477,0.6676450242767605,0.9010006455292477,0.6676450242767605,1.0,1,0.5171528126322705,47
1535,1,3910,3910,0,0,0,0,0.9010006455292479,0.6676450242767605,0.9010006455292479,0.6676450242767605,1.0,1,0.5330193695835134,47
1536,1,3911,3911,0,0,0,0,0.8849544810226336,0.6318543392724274,0.8849544810226336,0.6318543392724274,1.0,1,0.5338940305295738,48
1537,0,3911,3911,0,0,0,0,0.9043139692246498,0.6856030417381347,0.9043139692246498,0.6856030417381347,1.0,1,0.5301244279727536,46
1538,3,3914,3914,0,0,0,0,0.8740344851728281,0.6358094431854158,0.8740344851728281,0.6358094431854158,1.0,1,0.5645830962281894,47
1539,3,3917,3917,0,0,0,0,0.850071555556885,0.6358094431854158,0.850071555556885,0.6358094431854158,1.0,1,0.5733961276143448,47
1540,3,3920,3920,0,0,0,0,0.8034855987326025,0.6358094431854158,0.8034855987326025,0.6358094431854158,1.0,1,0.6040225774493073,47
1541,5,3925,3925,0,0,0,0,0.8293055135709497,0.6076591808179881,0.8293055135709497,0.6076591808179881,1.0,1,0.5916725138124517,47
1542,2,3927,3927,0,0,0,0,0.7692692469915353,0.5690639277547368,0.7692692469915353,0.5690639277547368,1.0,1,0.6090032044084026,50
1543,5,3932,3932,0,0,0,0,0.7862242518535855,0.5480535742171895,0.7862242518535855,0.5480535742171895,1.0,1,0.6234054269720859,47
1544,3,3935,3935,0,0,0,0,0.7523138889633377,0.5480535742171895,0.7523138889633377,0.5480535742171895,1.0,1,0.6343178576575441,48
1545,6,3941,3941,0,0,0,0,0.7358750494654014,0.5921961914697618,0.7358750494654014,0.5921961914697618,1.0,1,0.6395164565288695,47
1546,6,3947,3947,0,0,0,0,0.7598123154441995,0.6173318850218585,0.7598123154441995,0.6173318850218585,1.0,1,0.6107118520859891,47
1547,6,3953,3953,0,0,0,0,0.7544415245536438,0.6062624058409853,0.7544415245536438,0.6062624058409853,1.0,1,0.6047827171822419,47
1548,5,3958,3958,0,0,0,0,0.7627090454902213,0.5886250622916205,0.7627090454902213,0.5886250622916205,1.0,1,0.5869429026973323,47
1549,9,3967,3967,0,0,0,0,0.8068369829891628,0.5468616920473715,0.8068369829891628,0.5468616920473715,1.0,1,0.6092648076608396,46
1550,4,3971,3971,0,0,0,0,0.798861550371194,0.548828747537985,0.798861550371194,0.548828747537985,1.0,1,0.6193541360072053,44
1551,10,3981,3981,0,0,0,0,0.7775828287322276,0.49956136464751216,0.7775828287322276,0.49956136464751216,1.0,1,0.5895128256962003,45
1552,3,3984,3984,0,0,0,0,0.7910537016648348,0.5271215353467315,0.7910537016648348,0.5271215353467315,1.0,1,0.6118298130345461,43
1553,7,3991,3991,0,0,0,0,0.8102585558525395,0.5467287723143996,0.8102585558525395,0.5467287723143996,1.0,1,0.5909945788647694,43
1554,5,3996,3996,0,0,0,0,0.845629143805143,0.6416166004795214,0.845629143805143,0.6416166004795214,1.0,1,0.5943957151583106,41
1555,3,3999,3999,0,0,0,0,0.810611119182364,0.6663528167707539,0.810611119182364,0.6663528167707539,1.0,1,0.5926346560578074,44
1556,4,4003,4003,0,0,0,0,0.7452637666392069,0.5812807667177551,0.7452637666392069,0.5812807667177551,1.0,1,0.6181807429694046,45
1557,2,4005,4005,0,0,0,0,0.7671570426417234,0.6557540964119749,0.7671570426417234,0.6557540964119749,1.0,1,0.5924428183167066,45
1558,1,4006,4006,0,0,0,0,0.7540890422214439,0.596826139840543,0.7540890422214439,0.596826139840543,1.0,1,0.6009040915369944,46
1559,1,4007,4007,0,0,0,0,0.7823610473945338,0.596826139840543,0.7823610473945338,0.596826139840543,1.0,1,0.5738387964774023,47
1560,3,4010,4010,0,0,0,0,0.816891328837666,0.5566842698175071,0.816891328837666,0.5566842698175071,1.0,1,0.5785250181551072,46
1561,0,4010,4010,0,0,0,0,0.8207872580113327,0.5566842698175071,0.8207872580113327,0.5566842698175071,1.0,1,0.5586435947043544,47
1562,3,4013,4013,0,0,0,0,0.8032939888516594,0.5377408738013993,0.8032939888516594,0.5377408738013993,1.0,1,0.5467934351778114,47
1563,3,4016,4016,0,0,0,0,0.8032939888516594,0.5377408738013993,0.8032939888516594,0.5377408738013993,1.0,1,0.5514846617918593,47
1564,2,4018,4018,0,0,0,0,0.7832299394711166,0.5148479597686898,0.7832299394711166,0.5148479597686898,1.0,1,0.5565540296636186,47
1565,1,4019,4019,0,0,0,0,0.7642705850846387,0.48568127654830284,0.7642705850846387,0.48568127654830284,1.0,1,0.5709804013060576,48
1566,0,4019,4019,0,0,0,0,0.7642705850846387,0.48568127654830284,0.7642705850846387,0.48568127654830284,1.0,1,0.5709804013060576,48
1567,0,4019,4019,0,0,0,0,0.7456613291031443,0.46920625204134464,0.7456613291031443,0.46920625204134464,1.0,1,0.5766322580038757,48
1568,1,4020,4020,0,0,0,0,0.7456613291031443,0.46920625204134464,0.7456613291031443,0.46920625204134464,1.0,1,0.5878509444844144,48
1569,3,4023,4023,0,0,0,0,0.7460836948474296,0.48062573946065157,0.7460836948474296,0.48062573946065157,1.0,1,0.613866678836495,45
1570,3,4026,4026,0,0,0,0,0.768446133640435,0.5603761190672665,0.768446133640435,0.5603761190672665,1.0,1,0.6164031656431145,44
1571,2,4028,4028,0,0,0,0,0.769381497711201,0.6281267822701341,0.769381497711201,0.6281267822701341,1.0,1,0.6359192366414885,42
1572,7,4035,4035,0,0,0,0,0.7993356723329742,0.6300193422802822,0.7993356723329742,0.6300193422802822,1.0,1,0.6181605870461486,43
1573,5,4040,4040,0,0,0,0,0.7882016435737288,0.650802706941553,0.7882016435737288,0.650802706941553,1.0,1,0.6301873159818554,43
1574,3,4043,4043,0,0,0,0,0.8264959454785922,0.6041519217664114,0.8264959454785922,0.6041519217664114,1.0,1,0.6120594606431544,42
1575,5,4048,4048,0,0,0,0,0.7930629169602,0.5816404123780249,0.7930629169602,0.5816404123780249,1.0,1,0.6240144530958298,43
1576,5,4053,4053,0,0,0,0,0.8816337907181356,0.6764656946295711,0.8816337907181356,0.6764656946295711,1.0,1,0.5669386808878482,41
1577,3,4056,4056,0,0,0,0,0.8595837256833757,0.6489593142084392,0.8595837256833757,0.6489593142084392,1.0,1,0.5738169808854255,40
1578,3,4059,4059,0,0,0,0,0.8187879356310835,0.5973065236246303,0.8187879356310835,0.5973065236246303,1.0,1,0.5484645583220699,40
1579,4,4063,4063,0,0,0,0,0.8972421309920993,0.7259790159789312,0.8972421309920993,0.7259790159789312,1.0,1,0.4889631410231837,40
1580,4,4067,4067,0,0,0,0,0.9143354103126479,0.7552440294647081,0.9143354103126479,0.7552440294647081,1.0,1,0.4786520485554162,40
1581,4,4071,4071,0,0,0,0,0.9075018808143043,0.7533383488381447,0.9075018808143043,0.7533383488381447,1.0,1,0.49134662122035583,40
1582,6,4077,4077,0,0,0,0,0.8673347829533086,0.6878465481254319,0.8673347829533086,0.6878465481254319,1.0,1,0.5242894949437992,40
1583,5,4082,4082,0,0,0,0,0.9170158982354766,0.7897736088632071,0.9170158982354766,0.7897736088632071,1.0,1,0.540233896194106,38
1584,4,4086,4086,0,0,0,0,0.9254509489679241,0.7923276435535028,0.9254509489679241,0.7923276435535028,1.0,1,0.5250024068758472,39
1585,6,4092,4092,0,0,0,0,0.9958163805500749,0.9855474964457133,0.9958163805500749,0.9855474964457133,1.0,1,0.47645366796868266,38
1586,4,4096,4096,0,0,0,0,1.0,1.0,1.0,1.0,1.0,1,0.46582283596552587,38
1587,5,4101,4101,0,0,0,0,1.0,1.0,1.0,1.0,1.0,1,0.4859926054168797,37
1588,5,4106,4106,0,0,0,0,1.0,1.0,1.0,1.0,1.0,1,0.5004235306645701,39
1589,1,4107,4107,0,0,0,0,0.982779720727933,0.9469041389111268,0.982779720727933,0.9469041389111268,1.0,1,0.5137772635668046,37
1590,1,4108,4108,0,0,0,0,0.949497590627294,0.856262373323837,0.949497590627294,0.856262373323837,1.0,1,0.5517234457463286,37
1591,2,4110,4110,0,0,0,0,0.9480947459224967,0.856262373323837,0.9480947459224967,0.856262373323837,1.0,1,0.5799552063989608,36
1592,1,4111,4111,0,0,0,0,0.9217533988488561,0.8099725400615079,0.9217533988488561,0.8099725400615079,1.0,1,0.5925738780203036,34
1593,1,4112,4112,0,0,0,0,0.9193822897230639,0.8099725400615079,0.9193822897230639,0.8099725400615079,1.0,1,0.6098274740131104,33
1594,0,4112,4112,0,0,0,0,0.9141811471245519,0.8099725400615079,0.9141811471245519,0.8099725400615079,1.0,1,0.6177570270607329,31
1595,3,4115,4115,0,0,0,0,0.8924141379167997,0.7561387126114127,0.8924141379167997,0.7561387126114127,1.0,1,0.59053584582236,34
1596,2,4117,4117,0,0,0,0,0.9685792344224042,0.9202395950722569,0.9685792344224042,0.9202395950722569,1.0,1,0.5854968960159024,33
1597,1,4118,4118,0,0,0,0,0.9685792344224042,0.9202395950722569,0.9685792344224042,0.9202395950722569,1.0,1,0.6024209555202839,33
1598,2,4120,4120,0,0,0,0,0.9685792344224042,0.9202395950722569,0.9685792344224042,0.9202395950722569,1.0,1,0.5915583370192995,33
1599,0,4120,4120,0,0,0,0,0.9685792344224042,0.9202395950722569,0.9685792344224042,0.9202395950722569,1.0,1,0.5915583370192995,33
1600,3,4123,4123,0,0,0,0,0.9441607293580162,0.8643903427266106,0.9441607293580162,0.8643903427266106,1.0,1,0.6210321108504752,34
1601,2,4125,4125,0,0,0,0,0.9110128177622006,0.7923632414451348,0.9110128177622006,0.7923632414451348,1.0,1,0.6261621005709598,35
1602,2,4127,4127,0,0,0,0,0.913484683935473,0.7923632414451348,0.913484683935473,0.7923632414451348,1.0,1,0.6088165501808257,36
1603,3,4130,4130,0,0,0,0,0.87367046757073,0.6999673604804835,0.87367046757073,0.6999673604804835,1.0,1,0.5808427825532488,38
1604,7,4137,4137,0,0,0,0,0.8347256470394248,0.6996785638302586,0.8347256470394248,0.6996785638302586,1.0,1,0.6310974406708688,38
1605,3,4140,4140,0,0,0,0,0.8843604074821695,0.8108851678064294,0.8843604074821695,0.8108851678064294,1.0,1,0.5887132041664561,38
1606,5,4145,4145,0,0,0,0,0.8558893673372577,0.6874495845507246,0.8558893673372577,0.6874495845507246,1.0,1,0.6054167255741594,39
1607,4,4149,4149,0,0,0,0,0.9377731489733332,0.8228928086164095,0.9377731489733332,0.8228928086164095,1.0,1,0.5604659275062148,37
1608,5,4154,4154,0,0,0,0,0.9175200201739612,0.787908623304472,0.9175200201739612,0.787908623304472,1.0,1,0.5543252151410359,36
1609,3,4157,4157,0,0,0,0,0.9348522513809544,0.8296135805348039,0.9348522513809544,0.8296135805348039,1.0,1,0.5543621062317804,34
1610,1,4158,4158,0,0,0,0,0.957026938050191,0.8782429911422078,0.957026938050191,0.8782429911422078,1.0,1,0.5142291152972215,34
1611,3,4161,4161,0,0,0,0,0.93346853505518,0.8208768251485616,0.93346853505518,0.8208768251485616,1.0,1,0.5103508214991892,35
1612,4,4165,4165,0,0,0,0,0.927657541320858,0.8163614510452548,0.927657541320858,0.8163614510452548,1.0,1,0.5355003710324858,33
1613,4,4169,4169,0,0,0,0,0.873760882451923,0.7138580002243587,0.873760882451923,0.7138580002243587,1.0,1,0.5513211557974509,34
1614,3,4172,4172,0,0,0,0,0.8947632919991595,0.7369082299978988,0.8947632919991595,0.7369082299978988,1.0,1,0.5526120856423871,35
1615,1,4173,4173,0,0,0,0,0.9211743441081497,0.787777080291172,0.9211743441081497,0.787777080291172,1.0,1,0.5410418813384321,35
1616,4,4177,4177,0,0,0,0,0.9339817964785153,0.812102036131159,0.9339817964785153,0.812102036131159,1.0,1,0.5236082377586302,37
1617,2,4179,4179,0,0,0,0,0.9872636197071624,0.9560015953520157,0.9872636197071624,0.9560015953520157,1.0,1,0.516221943235529,38
1618,3,4182,4182,0,0,0,0,1.0,1.0,1.0,1.0,1.0,1,0.47152078928756136,38
1619,3,4185,4185,0,0,0,0,0.9873181337881939,0.9561899167228516,0.9873181337881939,0.9561899167228516,1.0,1,0.45879640204892425,38
1620,2,4187,4187,0,0,0,0,0.9876433098449068,0.9561899167228516,0.9876433098449068,0.9561899167228516,1.0,1,0.4672176218188111,39
1621,1,4188,4188,0,0,0,0,1.0,1.0,1.0,1.0,1.0,1,0.45178428028585255,37
1622,3,4191,4191,0,0,0,0,0.9939099562273251,0.9795153073100935,0.9939099562273251,0.9795153073100935,1.0,1,0.5210656659494391,37
1623,3,4194,4194,0,0,0,0,0.9939099562273251,0.9795153073100935,0.9939099562273251,0.9795153073100935,1.0,1,0.5496361984687083,37
1624,2,4196,4196,0,0,0,0,0.9939099562273251,0.9795153073100935,0.9939099562273251,0.9795153073100935,1.0,1,0.5677026643000976,37
1625,4,4200,4200,0,0,0,0,0.9647076666019692,0.8970640275890764,0.9647076666019692,0.8970640275890764,1.0,1,0.5963510649226821,35
1626,0,4200,4200,0,0,0,0,0.9647076666019689,0.8970640275890764,0.9647076666019689,0.8970640275890764,1.0,1,0.5963510649226821,35
1627,2,4202,4202,0,0,0,0,1.0,1.0,1.0,1.0,1.0,1,0.5613201492608473,34
1628,3,4205,4205,0,0,0,0,1.0,1.0,1.0,1.0,1.0,1,0.5710876697043109,35
1629,1,4206,4206,0,0,0,0,1.0,1.0,1.0,1.0,1.0,1,0.5379827502385885,34
1630,2,4208,4208,0,0,0,0,1.0,1.0,1.0,1.0,1.0,1,0.5520233912539498,32
1631,3,4211,4211,0,0,0,0,1.0,1.0,1.0,1.0,1.0,1,0.5399221379229261,33
1632,2,4213,4213,0,0,0,0,1.0,1.0,1.0,1.0,1.0,1,0.5810436237762987,32
1633,4,4217,4217,0,0,0,0,0.9499532197379734,0.858959073807016,0.9499532197379734,0.858959073807016,1.0,1,0.6784333421128694,31
1634,3,4220,4220,0,0,0,0,0.9592513049828322,0.9374486113576133,0.9592513049828322,0.9374486113576133,1.0,1,0.6697961307556997,31
1635,0,4220,4220,0,0,0,0,0.9235333331219292,0.8657728625541284,0.9235333331219292,0.8657728625541284,1.0,1,0.6845060696206369,31
1636,1,4221,4221,0,0,0,0,0.9173247060596147,0.8051225214262344,0.9173247060596147,0.8051225214262344,1.0,1,0.6561981387806405,33
1637,1,4222,4222,0,0,0,0,0.87991121921492,0.7358046822728241,0.87991121921492,0.7358046822728241,1.0,1,0.664388820299291,33
1638,0,4222,4222,0,0,0,0,0.8639222450931727,0.6938250514596388,0.8639222450931727,0.6938250514596388,1.0,1,0.6394287984859636,36
1639,0,4222,4222,0,0,0,0,0.8639222450931727,0.6938250514596388,0.8639222450931727,0.6938250514596388,1.0,1,0.6394287984859636,36
1640,0,4222,4222,0,0,0,0,0.8639222450931727,0.6938250514596388,0.8639222450931727,0.6938250514596388,1.0,1,0.6394287984859636,36
1641,0,4222,4222,0,0,0,0,0.8495545691033995,0.663710213289952,0.8495545691033995,0.663710213289952,1.0,1,0.6251003312678657,38
1642,1,4223,4223,0,0,0,0,0.8454884763764644,0.663710213289952,0.8454884763764644,0.663710213289952,1.0,1,0.5994969219170191,37
1643,2,4225,4225,0,0,0,0,0.8454884763764644,0.663710213289952,0.8454884763764644,0.663710213289952,1.0,1,0.6096940457224433,37
1644,2,4227,4227,0,0,0,0,0.8495545691033994,0.663710213289952,0.8495545691033994,0.663710213289952,1.0,1,0.5899671185579953,38
1645,3,4230,4230,0,0,0,0,0.8703415222437969,0.708268425048543,0.8703415222437969,0.708268425048543,1.0,1,0.5905016719669384,36
1646,1,4231,4231,0,0,0,0,0.8494859218467329,0.6724105357840656,0.8494859218467329,0.6724105357840656,1.0,1,0.5820617911181972,37
1647,1,4232,4232,0,0,0,0,0.889984330789021,0.7432967718410489,0.889984330789021,0.7432967718410489,1.0,1,0.582541368422142,35
1648,0,4232,4232,0,0,0,0,0.8659962957055171,0.6817412023006032,0.8659962957055171,0.6817412023006032,1.0,1,0.5924423191150344,38
1649,1,4233,4233,0,0,0,0,0.916881296984226,0.7922032424605652,0.916881296984226,0.7922032424605652,1.0,1,0.5926776913366466,35
1650,0,4233,4233,0,0,0,0,0.9144366292484679,0.7922032424605652,0.9144366292484679,0.7922032424605652,1.0,1,0.606487197487547,34
1651,0,4233,4233,0,0,0,0,0.9483487242580689,0.872858398173708,0.9483487242580689,0.872858398173708,1.0,1,0.5992462905640124,32
1652,4,4237,4237,0,0,0,0,0.9411358302145533,0.8505755690061735,0.9411358302145533,0.8505755690061735,1.0,1,0.5489115920041633,33
1653,3,4240,4240,0,0,0,0,0.9930665079486215,0.9791995238458645,0.9930665079486215,0.9791995238458645,1.0,1,0.5515186793441869,33
1654,2,4242,4242,0,0,0,0,0.9932704341854268,0.9791995238458645,0.9932704341854268,0.9791995238458645,1.0,1,0.5739178463978202,34
1655,8,4250,4250,0,0,0,0,0.9508441273283778,0.8566287047077679,0.9508441273283778,0.8566287047077679,1.0,1,0.5535341755617831,35
1656,4,4254,4254,0,0,0,0,0.9447879192093643,0.8389647643606458,0.9447879192093643,0.8389647643606458,1.0,1,0.5420956483300725,35
1657,6,4260,4260,0,0,0,0,0.9023037374231091,0.7487810390879951,0.9023037374231091,0.7487810390879951,1.0,1,0.5316047513563162,36
1658,5,4265,4265,0,0,0,0,0.9684948307063608,0.9054844921190817,0.9684948307063608,0.9054844921190817,1.0,1,0.49523888668945054,36
1659,2,4267,4267,0,0,0,0,1.0,1.0,1.0,1.0,1.0,1,0.48492945130219156,36
1660,3,4270,4270,0,0,0,0,0.9664182931782984,0.8936579283979453,0.9664182931782984,0.8936579283979453,1.0,1,0.5116797971812416,38
1661,3,4273,4273,0,0,0,0,0.9849804131569129,0.9481141545420623,0.9849804131569129,0.9481141545420623,1.0,1,0.5144557623750999,38
1662,3,4276,4276,0,0,0,0,0.909440004354982,0.7477257264174493,0.909440004354982,0.7477257264174493,1.0,1,0.5596987386364001,39
1663,2,4278,4278,0,0,0,0,0.9100525323359829,0.7430072352456657,0.9100525323359829,0.7430072352456657,1.0,1,0.541594932169666,40
1664,6,4284,4284,0,0,0,0,0.8772549612341775,0.7008089680083075,0.8772549612341775,0.7008089680083075,1.0,1,0.5926060956148926,39
1665,5,4289,4289,0,0,0,0,0.8991946749097932,0.7311857997594486,0.8991946749097932,0.7311857997594486,1.0,1,0.5972398991119726,40
1666,2,4291,4291,0,0,0,0,0.9548526356028957,0.8610850326242938,0.9548526356028957,0.8610850326242938,1.0,1,0.5698358197496732,40
1667,4,4295,4295,0,0,0,0,0.9527439195377131,0.8545966755006559,0.9527439195377131,0.8545966755006559,1.0,1,0.5652426719422812,40
1668,2,4297,4297,0,0,0,0,1.0,1.0,1.0,1.0,1.0,1,0.5210615343623438,41
1669,3,4300,4300,0,0,0,0,1.0,1.0,1.0,1.0,1.0,1,0.49686835769047333,40
1670,2,4302,4302,0,0,0,0,1.0,1.0,1.0,1.0,1.0,1,0.5155525305757311,40
1671,3,4305,4305,0,0,0,0,0.9385931741484703,0.8512708188639234,0.9385931741484703,0.8512708188639234,1.0,1,0.5729730858568721,41
1672,2,4307,4307,0,0,0,0,0.9689928285000027,0.9453261370953188,0.9689928285000027,0.9453261370953188,1.0,1,0.5611119303763689,40
1673,1,4308,4308,0,0,0,0,0.9850204998681098,0.9468908631687528,0.9850204998681098,0.9468908631687528,1.0,1,0.5459796721256194,39
1674,0,4308,4308,0,0,0,0,0.9628278422963813,0.8760928076546041,0.9628278422963813,0.8760928076546041,1.0,1,0.555754894569903,40
1675,1,4309,4309,0,0,0,0,0.9377692163279034,0.8760928076546041,0.9377692163279034,0.8760928076546041,1.0,1,0.5789548023528435,38
1676,0,4309,4309,0,0,0,0,0.9205306235165468,0.8291213683492499,0.9205306235165468,0.8291213683492499,1.0,1,0.5846357345338454,39
1677,3,4312,4312,0,0,0,0,0.8949808213241395,0.815934657152906,0.8949808213241395,0.815934657152906,1.0,1,0.5920493597225142,39
1678,4,4316,4316,0,0,0,0,0.9270110796036051,0.829938529155983,0.9270110796036051,0.829938529155983,1.0,1,0.584102380095879,39
1679,7,4323,4323,0,0,0,0,0.8418894651740462,0.7365909065317667,0.8418894651740462,0.7365909065317667,1.0,1,0.6163560146048855,39
1680,4,4327,4327,0,0,0,0,0.8285428003209026,0.6613608928687625,0.8285428003209026,0.6613608928687625,1.0,1,0.598440767627277,41
1681,8,4335,4335,0,0,0,0,0.9237839919388039,0.8264470246435354,0.9237839919388039,0.8264470246435354,1.0,1,0.5505337680542147,41
1682,5,4340,4340,0,0,0,0,0.8782390141973605,0.6970640523293877,0.8782390141973605,0.6970640523293877,1.0,1,0.5782931869640837,43
1683,7,4347,4347,0,0,0,0,0.9248577750983717,0.7845922886153324,0.9248577750983717,0.7845922886153324,1.0,1,0.5471093477038601,43
1684,3,4350,4350,0,0,0,0,0.9939184689176314,0.9787146412117094,0.9939184689176314,0.9787146412117094,1.0,1,0.5112776472686237,42
1685,3,4353,4353,0,0,0,0,1.0,1.0,1.0,1.0,1.0,1,0.48452117774621173,41
1686,7,4360,4360,0,0,0,0,1.0,1.0,1.0,1.0,1.0,1,0.49985504657161,41
1687,0,4360,4360,0,0,0,0,1.0,1.0,1.0,1.0,1.0,1,0.4898223002651043,40
1688,2,4362,4362,0,0,0,0,1.0,1.0,1.0,1.0,1.0,1,0.4778876917119031,39
1689,2,4364,4364,0,0,0,0,1.0,1.0,1.0,1.0,1.0,1,0.49153752057516403,38
1690,1,4365,4365,0,0,0,0,1.0,1.0,1.0,1.0,1.0,1,0.49511299888293275,38
1691,1,4366,4366,0,0,0,0,1.0,1.0,1.0,1.0,1.0,1,0.49966956691518216,36
1692,0,4366,4366,0,0,0,0,1.0,1.0,1.0,1.0,1.0,1,0.469550035235815,36
1693,3,4369,4369,0,0,0,0,1.0,1.0,1.0,1.0,1.0,1,0.48612308962296374,35
1694,1,4370,4370,0,0,0,0,1.0,1.0,1.0,1.0,1.0,1,0.4938094312109692,33
1695,3,4373,4373,0,0,0,0,0.9852926433034312,0.9615346055628202,0.9852926433034312,0.9615346055628202,1.0,1,0.541315225627168,34
1696,3,4376,4376,0,0,0,0,1.0,1.0,1.0,1.0,1.0,1,0.5326886183113324,35
1697,1,4377,4377,0,0,0,0,0.961050833641269,0.8921407700835141,0.961050833641269,0.8921407700835141,1.0,1,0.5374934462444068,36
1698,3,4380,4380,0,0,0,0,0.9911519734625153,0.9719812492979651,0.9911519734625153,0.9719812492979651,1.0,1,0.5260899140419794,38
1699,3,4383,4383,0,0,0,0,0.9591104862507253,0.8804768059636583,0.9591104862507253,0.8804768059636583,1.0,1,0.5403476907114291,38
1700,4,4387,4387,0,0,0,0,0.9890336049339715,0.9647497328093941,0.9890336049339715,0.9647497328093941,1.0,1,0.5290332889602533,39
1701,2,4389,4389,0,0,0,0,0.999882844967804,0.9995739817011056,0.999882844967804,0.9995739817011056,1.0,1,0.5171255000798961,40
1702,2,4391,4391,0,0,0,0,0.9998857024076137,0.9995739817011056,0.9998857024076137,0.9995739817011056,1.0,1,0.5020968271893209,41
1703,2,4393,4393,0,0,0,0,0.9964046797688368,0.9857278071810153,0.9964046797688368,0.9857278071810153,1.0,1,0.537203287090706,41
1704,4,4397,4397,0,0,0,0,0.9941357422371596,0.9803543027509486,0.9941357422371596,0.9803543027509486,1.0,1,0.5109358750805009,41
1705,1,4398,4398,0,0,0,0,0.9556576813952391,0.8635620966007358,0.9556576813952391,0.8635620966007358,1.0,1,0.5268707937316597,40
1706,6,4404,4404,0,0,0,0,0.8448656683346929,0.7230199673486345,0.8448656683346929,0.7230199673486345,1.0,1,0.6235084038267731,40
1707,1,4405,4405,0,0,0,0,0.8067147670701318,0.7230199673486345,0.8067147670701318,0.7230199673486345,1.0,1,0.6557485216544011,39
1708,4,4409,4409,0,0,0,0,0.8235415311405387,0.7406785974630041,0.8235415311405387,0.7406785974630041,1.0,1,0.6249552240166375,39
1709,2,4411,4411,0,0,0,0,0.8386138784192629,0.6979707630448642,0.8386138784192629,0.6979707630448642,1.0,1,0.6347822897814058,38
1710,4,4415,4415,0,0,0,0,0.8463830616091865,0.6475846707504864,0.8463830616091865,0.6475846707504864,1.0,1,0.6104559519291441,39
1711,4,4419,4419,0,0,0,0,0.8423405105989019,0.6475846707504864,0.8423405105989019,0.6475846707504864,1.0,1,0.6006002064102133,38
1712,2,4421,4421,0,0,0,0,0.8150185989233765,0.6094837088382391,0.8150185989233765,0.6094837088382391,1.0,1,0.6283442083796178,38
1713,2,4423,4423,0,0,0,0,0.8100191015969811,0.6094837088382391,0.8100191015969811,0.6094837088382391,1.0,1,0.6585991246410118,37
1714,3,4426,4426,0,0,0,0,0.7617549498165295,0.5473344046514059,0.7617549498165295,0.5473344046514059,1.0,1,0.6840076124440027,38
1715,0,4426,4426,0,0,0,0,0.7491701795430921,0.5222289134154134,0.7491701795430921,0.5222289134154134,1.0,1,0.6780138968345819,40
1716,0,4426,4426,0,0,0,0,0.7427386456852226,0.5222289134154134,0.7427386456852226,0.5222289134154134,1.0,1,0.6874954999689604,39
1717,2,4428,4428,0,0,0,0,0.7048492257514526,0.4901941172070544,0.7048492257514526,0.4901941172070544,1.0,1,0.7120019143318366,38
1718,0,4428,4428,0,0,0,0,0.6775021110492894,0.46717740086404325,0.6775021110492894,0.46717740086404325,1.0,1,0.7294048106620132,38
1719,0,4428,4428,0,0,0,0,0.6775021110492894,0.46717740086404325,0.6775021110492894,0.46717740086404325,1.0,1,0.7294048106620132,38
1720,1,4429,4429,0,0,0,0,0.678965393558168,0.4515658806618703,0.678965393558168,0.4515658806618703,1.0,1,0.7005992134978686,41
1721,0,4429,4429,0,0,0,0,0.7110491573665925,0.4877689607862321,0.7110491573665925,0.4877689607862321,1.0,1,0.6920509747051102,39
1722,1,4430,4430,0,0,0,0,0.7182729284324276,0.4877689607862321,0.7182729284324276,0.4877689607862321,1.0,1,0.6781575606814713,40
1723,1,4431,4431,0,0,0,0,0.7503154895220385,0.5255994300918734,0.7503154895220385,0.5255994300918734,1.0,1,0.6648034889179829,38
1724,2,4433,4433,0,0,0,0,0.7990424444456788,0.5869205802494512,0.7990424444456788,0.5869205802494512,1.0,1,0.6435891994430664,37
1725,1,4434,4434,0,0,0,0,0.7770659802452048,0.5541319604904098,0.7770659802452048,0.5541319604904098,1.0,1,0.6425244250102677,38
1726,1,4435,4435,0,0,0,0,0.8244518081376464,0.6179245235937009,0.8244518081376464,0.6179245235937009,1.0,1,0.6210650780881183,37
1727,3,4438,4438,0,0,0,0,0.802704245756394,0.5944476162770321,0.802704245756394,0.5944476162770321,1.0,1,0.6072979609210827,37
1728,1,4439,4439,0,0,0,0,0.8262219199040384,0.6422215998024318,0.8262219199040384,0.6422215998024318,1.0,1,0.597283708057911,35
1729,4,4443,4443,0,0,0,0,0.8701842865392577,0.6797879067968358,0.8701842865392577,0.6797879067968358,1.0,1,0.5751754204048134,37
1730,0,4443,4443,0,0,0,0,0.8387351834742948,0.6270751117843064,0.8387351834742948,0.6270751117843064,1.0,1,0.5935402579276399,37
1731,5,4448,4448,0,0,0,0,0.8913912061771032,0.7247108416893752,0.8913912061771032,0.7247108416893752,1.0,1,0.5938509646854723,37
1732,3,4451,4451,0,0,0,0,0.8943992311050021,0.7246001840343305,0.8943992311050021,0.7246001840343305,1.0,1,0.6063935253259564,37
1733,4,4455,4455,0,0,0,0,0.924620492344665,0.8717644376114013,0.924620492344665,0.8717644376114013,1.0,1,0.5867550196971295,36
1734,6,4461,4461,0,0,0,0,0.8525774438890567,0.6965926882695598,0.8525774438890567,0.6965926882695598,1.0,1,0.6598585892839302,35
1735,5,4466,4466,0,0,0,0,0.879408987119335,0.7266603708038261,0.879408987119335,0.7266603708038261,1.0,1,0.6324204262067838,34
1736,9,4475,4475,0,0,0,0,0.9004411332181291,0.7511028330453229,0.9004411332181291,0.7511028330453229,1.0,1,0.6121538589280103,35
1737,3,4478,4478,0,0,0,0,0.924279739339859,0.7903131243257632,0.924279739339859,0.7903131243257632,1.0,1,0.5903307642762804,36
1738,4,4482,4482,0,0,0,0,0.9594995466359322,0.8751236021274574,0.9594995466359322,0.8751236021274574,1.0,1,0.5647167460369813,37
1739,1,4483,4483,0,0,0,0,0.9605653480402497,0.8751236021274574,0.9605653480402497,0.8751236021274574,1.0,1,0.5528135259885911,38
1740,5,4488,4488,0,0,0,0,1.0,1.0,1.0,1.0,1.0,1,0.5351724959396577,37
1741,1,4489,4489,0,0,0,0,0.9808193778123057,0.9337396688061469,0.9808193778123057,0.9337396688061469,1.0,1,0.5492204155919153,38
1742,3,4492,4492,0,0,0,0,0.906282741552325,0.7389304943243344,0.906282741552325,0.7389304943243344,1.0,1,0.5769953138025973,39
1743,4,4496,4496,0,0,0,0,0.8795097888436824,0.7027908124810827,0.8795097888436824,0.7027908124810827,1.0,1,0.6292286856272448,37
1744,2,4498,4498,0,0,0,0,0.8575283263210389,0.7027908124810827,0.8575283263210389,0.7027908124810827,1.0,1,0.6277698986716737,38
1745,0,4498,4498,0,0,0,0,0.8289645905177275,0.6642172272607925,0.8289645905177275,0.6642172272607925,1.0,1,0.6509371019485309,37
1746,2,4500,4500,0,0,0,0,0.8586177798992809,0.6642172272607925,0.8586177798992809,0.6642172272607925,1.0,1,0.6256291806415969,38
1747,0,4500,4500,0,0,0,0,0.8586177798992809,0.6642172272607925,0.8586177798992809,0.6642172272607925,1.0,1,0.6294240085612309,38
1748,1,4501,4501,0,0,0,0,0.8586177798992809,0.6642172272607925,0.8586177798992809,0.6642172272607925,1.0,1,0.6189240504405266,38
1749,0,4501,4501,0,0,0,0,0.8547966388154778,0.6642172272607925,0.8547966388154778,0.6642172272607925,1.0,1,0.6368244411289593,37
1750,2,4503,4503,0,0,0,0,0.8339406156953882,0.6190402360070675,0.8339406156953882,0.6190402360070675,1.0,1,0.6223528709912556,39
1751,1,4504,4504,0,0,0,0,0.8295706318978986,0.6190402360070675,0.8295706318978986,0.6190402360070675,1.0,1,0.6051971778348589,38
1752,1,4505,4505,0,0,0,0,0.8339406156953885,0.6190402360070675,0.8339406156953885,0.6190402360070675,1.0,1,0.6113112084977881,39
1753,1,4506,4506,0,0,0,0,0.8380921003030037,0.6190402360070675,0.8380921003030037,0.6190402360070675,1.0,1,0.5842905754916337,40
1754,2,4508,4508,0,0,0,0,0.8170537756698201,0.5832891556923679,0.8170537756698201,0.5832891556923679,1.0,1,0.5995078194766532,41
1755,7,4515,4515,0,0,0,0,0.8611077682964572,0.6440886562596714,0.8611077682964572,0.6440886562596714,1.0,1,0.5859514923008295,41
1756,3,4518,4518,0,0,0,0,0.8755479976136498,0.7079526105916578,0.8755479976136498,0.7079526105916578,1.0,1,0.5514168576669478,42
1757,5,4523,4523,0,0,0,0,0.8688532722259991,0.7621849045638545,0.8688532722259991,0.7621849045638545,1.0,1,0.5609391125551345,42
1758,6,4529,4529,0,0,0,0,0.8513036430139358,0.726045452496308,0.8513036430139358,0.726045452496308,1.0,1,0.5785263033829734,42
1759,6,4535,4535,0,0,0,0,0.9111515873499164,0.7524937076176242,0.9111515873499164,0.7524937076176242,1.0,1,0.578264099164702,39
1760,6,4541,4541,0,0,0,0,0.899365831959968,0.7487018902748566,0.899365831959968,0.7487018902748566,1.0,1,0.6131773441489038,39
1761,5,4546,4546,0,0,0,0,0.9312434767042584,0.7990193934432168,0.9312434767042584,0.7990193934432168,1.0,1,0.5667517422951713,38
1762,3,4549,4549,0,0,0,0,0.9500024938676956,0.8458410227587289,0.9500024938676956,0.8458410227587289,1.0,1,0.5476564057273623,37
1763,3,4552,4552,0,0,0,0,0.865180619844631,0.6674455289500896,0.865180619844631,0.6674455289500896,1.0,1,0.623545275270184,37
1764,2,4554,4554,0,0,0,0,0.9107102052215834,0.7527359529213081,0.9107102052215834,0.7527359529213081,1.0,1,0.5789278746100261,36
1765,1,4555,4555,0,0,0,0,0.8890196564923143,0.7066948064439734,0.8890196564923143,0.7066948064439734,1.0,1,0.5766560768068032,37
1766,2,4557,4557,0,0,0,0,0.9326860802778992,0.7980582408336975,0.9326860802778992,0.7980582408336975,1.0,1,0.5440536647181606,36
1767,3,4560,4560,0,0,0,0,0.909619895322561,0.7497166332009381,0.909619895322561,0.7497166332009381,1.0,1,0.5641556088955361,36
1768,1,4561,4561,0,0,0,0,0.8849016800937801,0.70403289166972,0.8849016800937801,0.70403289166972,1.0,1,0.5862803007509246,36
1769,2,4563,4563,0,0,0,0,0.8939437619251496,0.7121330680825485,0.8939437619251496,0.7121330680825485,1.0,1,0.6049700061716601,38
1770,1,4564,4564,0,0,0,0,0.9015851166748563,0.7507125948001463,0.9015851166748563,0.7507125948001463,1.0,1,0.6006237373488749,38
1771,2,4566,4566,0,0,0,0,0.9251539747423226,0.8588021129533671,0.9251539747423226,0.8588021129533671,1.0,1,0.5786673138349984,38
1772,1,4567,4567,0,0,0,0,0.9029528462707915,0.8177073746159385,0.9029528462707915,0.8177073746159385,1.0,1,0.5823723215308487,40
1773,1,4568,4568,0,0,0,0,0.9017824901542377,0.8015234002422306,0.9017824901542377,0.8015234002422306,1.0,1,0.5824120376987363,40
1774,0,4568,4568,0,0,0,0,0.9017824901542377,0.8015234002422306,0.9017824901542377,0.8015234002422306,1.0,1,0.5824120376987363,40
1775,2,4570,4570,0,0,0,0,0.8958990629227762,0.7154574386555882,0.8958990629227762,0.7154574386555882,1.0,1,0.5720657720917068,41
1776,1,4571,4571,0,0,0,0,0.9007409669728795,0.7154574386555882,0.9007409669728795,0.7154574386555882,1.0,1,0.5252687796722828,43
1777,1,4572,4572,0,0,0,0,0.8853569361818299,0.6847315745000322,0.8853569361818299,0.6847315745000322,1.0,1,0.5157212488671064,44
1778,2,4574,4574,0,0,0,0,0.8853569361818299,0.6847315745000322,0.8853569361818299,0.6847315745000322,1.0,1,0.5305818892885124,44
1779,7,4581,4581,0,0,0,0,0.9310671761663406,0.7833539822370704,0.9310671761663406,0.7833539822370704,1.0,1,0.4802482796613119,44
1780,4,4585,4585,0,0,0,0,0.9088409761457308,0.720445660180241,0.9088409761457308,0.720445660180241,1.0,1,0.48027707948773574,46
1781,2,4587,4587,0,0,0,0,0.9337666830135302,0.7823762441873136,0.9337666830135302,0.7823762441873136,1.0,1,0.4693643206473279,46
1782,8,4595,4595,0,0,0,0,0.9859931162731888,0.9474741860244583,0.9859931162731888,0.9474741860244583,1.0,1,0.43950891536890924,45
1783,4,4599,4599,0,0,0,0,1.0,1.0,1.0,1.0,1.0,1,0.44281094108618796,44
1784,2,4601,4601,0,0,0,0,1.0,1.0,1.0,1.0,1.0,1,0.45124434047983475,44
1785,3,4604,4604,0,0,0,0,0.9858129147799172,0.9503452017297102,0.9858129147799172,0.9503452017297102,1.0,1,0.48058806198602444,42
1786,9,4613,4613,0,0,0,0,0.9858129147799172,0.9503452017297102,0.9858129147799172,0.9503452017297102,1.0,1,0.49969907829484705,42
1787,3,4616,4616,0,0,0,0,0.969513856941036,0.8978460725258062,0.969513856941036,0.8978460725258062,1.0,1,0.5423534510104739,41
1788,5,4621,4621,0,0,0,0,0.9337983898869231,0.8155428619344733,0.9337983898869231,0.8155428619344733,1.0,1,0.5589194516421587,41
1789,5,4626,4626,0,0,0,0,0.9011788758363456,0.7463653047957142,0.9011788758363456,0.7463653047957142,1.0,1,0.5815342281076807,41
1790,3,4629,4629,0,0,0,0,0.9158054763369057,0.8494526487973655,0.9158054763369057,0.8494526487973655,1.0,1,0.5632328390363834,41
1791,7,4636,4636,0,0,0,0,0.8831201038761023,0.751249047194211,0.8831201038761023,0.751249047194211,1.0,1,0.6072994826370038,41
1792,3,4639,4639,0,0,0,0,0.8629616348435492,0.751249047194211,0.8629616348435492,0.751249047194211,1.0,1,0.6006762856151378,43
1793,3,4642,4642,0,0,0,0,0.9132264118119339,0.751249047194211,0.9132264118119339,0.751249047194211,1.0,1,0.5444555812749066,43
1794,2,4644,4644,0,0,0,0,0.8993421747247059,0.751249047194211,0.8993421747247059,0.751249047194211,1.0,1,0.5757231288713855,41
1795,4,4648,4648,0,0,0,0,0.9089935538515405,0.751249047194211,0.9089935538515405,0.751249047194211,1.0,1,0.5488270793265682,41
1796,5,4653,4653,0,0,0,0,0.8805728032607764,0.7014320081519411,0.8805728032607764,0.7014320081519411,1.0,1,0.5869993857813581,40
1797,1,4654,4654,0,0,0,0,0.9253468643926615,0.7973700604943672,0.9253468643926615,0.7973700604943672,1.0,1,0.5783084882448764,38
1798,2,4656,4656,0,0,0,0,0.9253468643926617,0.7973700604943672,0.9253468643926617,0.7973700604943672,1.0,1,0.5746343227971986,38
1799,0,4656,4656,0,0,0,0,0.9547249679843066,0.8711402934937957,0.9547249679843066,0.8711402934937957,1.0,1,0.5650666311878914,37
1800,1,4657,4657,0,0,0,0,0.976034734505799,0.9392236672647521,0.976034734505799,0.9392236672647521,1.0,1,0.5967306965767925,35
1801,2,4659,4659,0,0,0,0,0.9503305423345138,0.87009526456719,0.9503305423345138,0.87009526456719,1.0,1,0.5833180022234933,34
1802,2,4661,4661,0,0,0,0,0.9771326359043413,0.9371147487369386,0.9771326359043413,0.9371147487369386,1.0,1,0.5557261105878467,33
1803,3,4664,4664,0,0,0,0,0.9122861033404204,0.7932458150167051,0.9122861033404204,0.7932458150167051,1.0,1,0.5850569653745182,33
1804,2,4666,4666,0,0,0,0,0.9122861033404204,0.7932458150167051,0.9122861033404204,0.7932458150167051,1.0,1,0.592625728938398,33
1805,3,4669,4669,0,0,0,0,0.8711020730814865,0.6992381705234684,0.8711020730814865,0.6992381705234684,1.0,1,0.5751501737786472,35
1806,4,4673,4673,0,0,0,0,0.8746825710514452,0.6992381705234684,0.8746825710514452,0.6992381705234684,1.0,1,0.5819815907467011,36
1807,0,4673,4673,0,0,0,0,0.9227288340187921,0.7919622454352098,0.9227288340187921,0.7919622454352098,1.0,1,0.5463790026205066,35
1808,4,4677,4677,0,0,0,0,1.0,1.0,1.0,1.0,1.0,1,0.5006219991325184,37
1809,0,4677,4677,0,0,0,0,1.0,1.0,1.0,1.0,1.0,1,0.49575168834138583,35
1810,5,4682,4682,0,0,0,0,1.0,1.0,1.0,1.0,1.0,1,0.4421008136593417,36
1811,3,4685,4685,0,0,0,0,1.0,1.0,1.0,1.0,1.0,1,0.43202986434792723,34
1812,5,4690,4690,0,0,0,0,0.9556426434735115,0.8669279304205343,0.9556426434735115,0.8669279304205343,1.0,1,0.5041909588084073,36
1813,1,4691,4691,0,0,0,0,0.9825014328051446,0.9443227407436425,0.9825014328051446,0.9443227407436425,1.0,1,0.512032561082164,35
1814,4,4695,4695,0,0,0,0,0.969979237989683,0.9017502334207806,0.969979237989683,0.9017502334207806,1.0,1,0.5417621706754727,36
1815,3,4698,4698,0,0,0,0,0.9439051834313705,0.8363901183414975,0.9439051834313705,0.8363901183414975,1.0,1,0.588632183923295,35
1816,0,4698,4698,0,0,0,0,0.9439051834313705,0.8363901183414975,0.9439051834313705,0.8363901183414975,1.0,1,0.588632183923295,35
1817,6,4704,4704,0,0,0,0,0.8891826224209245,0.7229565560523112,0.8891826224209245,0.7229565560523112,1.0,1,0.6034213840201615,35
1818,5,4709,4709,0,0,0,0,0.8525195750468858,0.668169043855493,0.8525195750468858,0.668169043855493,1.0,1,0.6026823663725422,36
1819,6,4715,4715,0,0,0,0,0.9401307657135971,0.8296029485694689,0.9401307657135971,0.8296029485694689,1.0,1,0.5203025694306207,37
1820,1,4716,4716,0,0,0,0,0.9401307657135971,0.8296029485694689,0.9401307657135971,0.8296029485694689,1.0,1,0.502278324729663,37
1821,3,4719,4719,0,0,0,0,0.9936709692461742,0.9781360755776926,0.9936709692461742,0.9781360755776926,1.0,1,0.47015237156907,38
1822,4,4723,4723,0,0,0,0,1.0,1.0,1.0,1.0,1.0,1,0.4513117295970041,37
1823,4,4727,4727,0,0,0,0,1.0,1.0,1.0,1.0,1.0,1,0.45810457297224694,36
1824,3,4730,4730,0,0,0,0,1.0,1.0,1.0,1.0,1.0,1,0.47431734689545524,36
1825,1,4731,4731,0,0,0,0,1.0,1.0,1.0,1.0,1.0,1,0.4464093002810697,34
1826,5,4736,4736,0,0,0,0,1.0,1.0,1.0,1.0,1.0,1,0.4891789081007077,35
1827,0,4736,4736,0,0,0,0,1.0,1.0,1.0,1.0,1.0,1,0.4909010792212419,34
1828,4,4740,4740,0,0,0,0,1.0,1.0,1.0,1.0,1.0,1,0.452732380231305,33
1829,4,4744,4744,0,0,0,0,1.0,1.0,1.0,1.0,1.0,1,0.42689262125213806,31
1830,3,4747,4747,0,0,0,0,1.0,1.0,1.0,1.0,1.0,1,0.4931884970136855,31
1831,3,4750,4750,0,0,0,0,0.9989577280759251,0.9965257602530831,0.9989577280759251,0.9965257602530831,1.0,1,0.5497330379841832,30
1832,5,4755,4755,0,0,0,0,1.0,1.0,1.0,1.0,1.0,1,0.5137983614918121,29
1833,2,4757,4757,0,0,0,0,1.0,1.0,1.0,1.0,1.0,1,0.5022466191094064,28
1834,2,4759,4759,0,0,0,0,1.0,1.0,1.0,1.0,1.0,1,0.5444467413984646,27
1835,2,4761,4761,0,0,0,0,0.9806996075126772,0.9498189795329605,0.9806996075126772,0.9498189795329605,1.0,1,0.5497397393354249,26
1836,1,4762,4762,0,0,0,0,0.9806996075126772,0.9498189795329605,0.9806996075126772,0.9498189795329605,1.0,1,0.5801055670601308,26
1837,1,4763,4763,0,0,0,0,1.0,1.0,1.0,1.0,1.0,1,0.5447638789298274,25
1838,1,4764,4764,0,0,0,0,1.0,1.0,1.0,1.0,1.0,1,0.5731858131613603,25
1839,2,4766,4766,0,0,0,0,1.0,1.0,1.0,1.0,1.0,1,0.6289434738285579,24
1840,0,4766,4766,0,0,0,0,1.0,1.0,1.0,1.0,1.0,1,0.6148956029079811,23
1841,1,4767,4767,0,0,0,0,1.0,1.0,1.0,1.0,1.0,1,0.6432242790644244,22
1842,1,4768,4768,0,0,0,0,1.0,1.0,1.0,1.0,1.0,1,0.6379250686002497,23
1843,1,4769,4769,0,0,0,0,1.0,1.0,1.0,1.0,1.0,1,0.6549037685188954,23
1844,2,4771,4771,0,0,0,0,1.0,1.0,1.0,1.0,1.0,1,0.6297459144846419,23
1845,2,4773,4773,0,0,0,0,1.0,1.0,1.0,1.0,1.0,1,0.6250863983449355,23
1846,3,4776,4776,0,0,0,0,1.0,1.0,1.0,1.0,1.0,1,0.5273561975371399,23
1847,0,4776,4776,0,0,0,0,1.0,1.0,1.0,1.0,1.0,1,0.5325732022210203,24
1848,0,4776,4776,0,0,0,0,1.0,1.0,1.0,1.0,1.0,1,0.5325732022210203,24
1849,0,4776,4776,0,0,0,0,1.0,1.0,1.0,1.0,1.0,1,0.5456484612229117,25
1850,1,4777,4777,0,0,0,0,1.0,1.0,1.0,1.0,1.0,1,0.5872251380304767,25
1851,0,4777,4777,0,0,0,0,1.0,1.0,1.0,1.0,1.0,1,0.5872251380304767,25
1852,2,4779,4779,0,0,0,0,1.0,1.0,1.0,1.0,1.0,1,0.6026619642184172,25
1853,2,4781,4781,0,0,0,0,1.0,1.0,1.0,1.0,1.0,1,0.5688154338152206,25
1854,1,4782,4782,0,0,0,0,0.9758586952708059,0.9451333983427407,0.9758586952708059,0.9451333983427407,1.0,1,0.5799119895783421,25
1855,5,4787,4787,0,0,0,0,1.0,1.0,1.0,1.0,1.0,1,0.6023763713995822,26
1856,3,4790,4790,0,0,0,0,1.0,1.0,1.0,1.0,1.0,1,0.5740363171094216,27
1857,4,4794,4794,0,0,0,0,1.0,1.0,1.0,1.0,1.0,1,0.5635116917641966,28
1858,1,4795,4795,0,0,0,0,1.0,1.0,1.0,1.0,1.0,1,0.5563545082922954,28
1859,3,4798,4798,0,0,0,0,1.0,1.0,1.0,1.0,1.0,1,0.593960403586457,28
1860,3,4801,4801,0,0,0,0,0.9896212158976079,0.9735812768302747,0.9896212158976079,0.9735812768302747,1.0,1,0.6291097176746161,28
1861,0,4801,4801,0,0,0,0,0.9896212158976079,0.9735812768302747,0.9896212158976079,0.9735812768302747,1.0,1,0.6291097176746161,28
1862,1,4802,4802,0,0,0,0,0.9551689460540551,0.8953942074594621,0.9551689460540551,0.8953942074594621,1.0,1,0.6652581317133144,28
1863,2,4804,4804,0,0,0,0,1.0,1.0,1.0,1.0,1.0,1,0.6240795107391341,29
1864,1,4805,4805,0,0,0,0,0.9829741710498586,0.958209328940562,0.9829741710498586,0.958209328940562,1.0,1,0.6522526629154982,27
1865,2,4807,4807,0,0,0,0,1.0,1.0,1.0,1.0,1.0,1,0.6562130957634191,26
1866,0,4807,4807,0,0,0,0,1.0,1.0,1.0,1.0,1.0,1,0.6562130957634191,26
1867,1,4808,4808,0,0,0,0,1.0,1.0,1.0,1.0,1.0,1,0.6902161849097103,26
1868,0,4808,4808,0,0,0,0,1.0,1.0,1.0,1.0,1.0,1,0.6902161849097103,26
1869,1,4809,4809,0,0,0,0,0.9748945756508083,0.9406599060837285,0.9748945756508083,0.9406599060837285,1.0,1,0.711340501845337,26
1870,0,4809,4809,0,0,0,0,0.9758244061822597,0.9406599060837285,0.9758244061822597,0.9406599060837285,1.0,1,0.7098140415222025,27
1871,0,4809,4809,0,0,0,0,0.9758244061822597,0.9406599060837285,0.9758244061822597,0.9406599060837285,1.0,1,0.7098140415222025,27
1872,1,4810,4810,0,0,0,0,1.0,1.0,1.0,1.0,1.0,1,0.6985606737245245,25
1873,0,4810,4810,0,0,0,0,1.0,1.0,1.0,1.0,1.0,1,0.6985606737245245,25
1874,1,4811,4811,0,0,0,0,0.9738903586768406,0.9406599060837285,0.9738903586768406,0.9406599060837285,1.0,1,0.719001644717731,25
1875,0,4811,4811,0,0,0,0,0.9738903586768406,0.9406599060837285,0.9738903586768406,0.9406599060837285,1.0,1,0.719001644717731,25
1876,1,4812,4812,0,0,0,0,1.0,1.0,1.0,1.0,1.0,1,0.6895309798825238,26
1877,3,4815,4815,0,0,0,0,0.9132300627615579,0.8197855149663128,0.9132300627615579,0.8197855149663128,1.0,1,0.7182992081693007,27
1878,1,4816,4816,0,0,0,0,0.9495555234089847,0.8822962212876311,0.9495555234089847,0.8822962212876311,1.0,1,0.6769184195828857,28
1879,0,4816,4816,0,0,0,0,0.9512949881190198,0.8822962212876311,0.9512949881190198,0.8822962212876311,1.0,1,0.6712712889622963,29
1880,3,4819,4819,0,0,0,0,0.950273240994934,0.931203415898126,0.950273240994934,0.931203415898126,1.0,1,0.6687707225179441,29
1881,0,4819,4819,0,0,0,0,0.950273240994934,0.931203415898126,0.950273240994934,0.931203415898126,1.0,1,0.6687707225179441,29
1882,1,4820,4820,0,0,0,0,0.9153577869115361,0.8712980868954583,0.9153577869115361,0.8712980868954583,1.0,1,0.7187445919819477,28
1883,3,4823,4823,0,0,0,0,0.8768723681706707,0.7721008134727324,0.8768723681706707,0.7721008134727324,1.0,1,0.7410054385971215,28
1884,0,4823,4823,0,0,0,0,0.8768723681706707,0.7721008134727324,0.8768723681706707,0.7721008134727324,1.0,1,0.7410054385971215,28
1885,2,4825,4825,0,0,0,0,0.831864664178424,0.7416362317739089,0.831864664178424,0.7416362317739089,1.0,1,0.7669742374210649,28
1886,1,4826,4826,0,0,0,0,0.8119525419639804,0.7068345809300267,0.8119525419639804,0.7068345809300267,1.0,1,0.7575425926243752,29
1887,0,4826,4826,0,0,0,0,0.8119525419639804,0.7068345809300267,0.8119525419639804,0.7068345809300267,1.0,1,0.7575425926243752,29
1888,1,4827,4827,0,0,0,0,0.8103230423335959,0.7416362317739089,0.8103230423335959,0.7416362317739089,1.0,1,0.731663907288978,31
1889,0,4827,4827,0,0,0,0,0.810323042333596,0.7416362317739089,0.810323042333596,0.7416362317739089,1.0,1,0.731663907288978,31
1890,1,4828,4828,0,0,0,0,0.8356693338232348,0.7855838374366352,0.8356693338232348,0.7855838374366352,1.0,1,0.7203211218363923,31
1891,1,4829,4829,0,0,0,0,0.7796338953672372,0.7303459926178978,0.7796338953672372,0.7303459926178978,1.0,1,0.7398104803259296,32
1892,0,4829,4829,0,0,0,0,0.7796338953672372,0.7303459926178978,0.7796338953672372,0.7303459926178978,1.0,1,0.7398104803259296,32
1893,0,4829,4829,0,0,0,0,0.7796338953672372,0.7303459926178978,0.7796338953672372,0.7303459926178978,1.0,1,0.7398104803259296,32
1894,1,4830,4830,0,0,0,0,0.8145694786957133,0.7635857831812611,0.8145694786957133,0.7635857831812611,1.0,1,0.7138907539142395,33
1895,1,4831,4831,0,0,0,0,0.835764720157516,0.7283513713406653,0.835764720157516,0.7283513713406653,1.0,1,0.6791130069959976,35
1896,0,4831,4831,0,0,0,0,0.8309342707503841,0.7283513713406653,0.8309342707503841,0.7283513713406653,1.0,1,0.6846090815503039,34
1897,1,4832,4832,0,0,0,0,0.7964890585497137,0.7283513713406653,0.7964890585497137,0.7283513713406653,1.0,1,0.7026019116510789,34
1898,0,4832,4832,0,0,0,0,0.7964890585497137,0.7283513713406653,0.7964890585497137,0.7283513713406653,1.0,1,0.7026019116510789,34
1899,0,4832,4832,0,0,0,0,0.7964890585497137,0.7283513713406653,0.7964890585497137,0.7283513713406653,1.0,1,0.7026019116510789,34
1900,1,4833,4833,0,0,0,0,0.8357647201575161,0.7283513713406653,0.8357647201575161,0.7283513713406653,1.0,1,0.6843014457104007,35
1901,0,4833,4833,0,0,0,0,0.835764720157516,0.7283513713406653,0.835764720157516,0.7283513713406653,1.0,1,0.6843014457104007,35
1902,0,4833,4833,0,0,0,0,0.835764720157516,0.7283513713406653,0.835764720157516,0.7283513713406653,1.0,1,0.6843014457104007,35
1903,1,4834,4834,0,0,0,0,0.808754064792108,0.7283513713406653,0.808754064792108,0.7283513713406653,1.0,1,0.7031684019198824,35
1904,0,4834,4834,0,0,0,0,0.808754064792108,0.7283513713406653,0.808754064792108,0.7283513713406653,1.0,1,0.7031684019198824,35
1905,0,4834,4834,0,0,0,0,0.8190916829114535,0.7283513713406653,0.8190916829114535,0.7283513713406653,1.0,1,0.6695121464570319,37
1906,0,4834,4834,0,0,0,0,0.8190916829114535,0.7283513713406653,0.8190916829114535,0.7283513713406653,1.0,1,0.6695121464570319,37
1907,0,4834,4834,0,0,0,0,0.7981117493461317,0.6749169351897646,0.7981117493461317,0.6749169351897646,1.0,1,0.6644832189577623,39
1908,3,4837,4837,0,0,0,0,0.8447885234382694,0.7093806635068315,0.8447885234382694,0.7093806635068315,1.0,1,0.636873874064668,39
1909,2,4839,4839,0,0,0,0,0.8477949034487481,0.7093806635068315,0.8477949034487481,0.7093806635068315,1.0,1,0.6133211125260036,41
1910,5,4844,4844,0,0,0,0,0.8692326250694106,0.7093806635068315,0.8692326250694106,0.7093806635068315,1.0,1,0.5761482185487746,41
1911,3,4847,4847,0,0,0,0,0.8561912326077558,0.7526340613816058,0.8561912326077558,0.7526340613816058,1.0,1,0.5837568351769159,40
1912,6,4853,4853,0,0,0,0,0.8348649619380086,0.6914556668601496,0.8348649619380086,0.6914556668601496,1.0,1,0.5986265137265537,39
1913,4,4857,4857,0,0,0,0,0.8670191613555518,0.7952569556934228,0.8670191613555518,0.7952569556934228,1.0,1,0.5713804198945611,40
1914,5,4862,4862,0,0,0,0,0.8805116670969614,0.7219318838755414,0.8805116670969614,0.7219318838755414,1.0,1,0.5759927841464455,41
1915,1,4863,4863,0,0,0,0,0.8577889582225818,0.7232290461174294,0.8577889582225818,0.7232290461174294,1.0,1,0.5787293679297907,42
1916,2,4865,4865,0,0,0,0,0.8835023881108923,0.7725886952833476,0.8835023881108923,0.7725886952833476,1.0,1,0.5513208062876198,42
1917,2,4867,4867,0,0,0,0,0.8807491041393204,0.7762649409793237,0.8807491041393204,0.7762649409793237,1.0,1,0.5610316196329679,41
1918,2,4869,4869,0,0,0,0,0.8581194593264916,0.74009510154072,0.8581194593264916,0.74009510154072,1.0,1,0.5992110817084197,38
1919,1,4870,4870,0,0,0,0,0.8536105070105663,0.7810575111030275,0.8536105070105663,0.7810575111030275,1.0,1,0.598966161330373,38
1920,3,4873,4873,0,0,0,0,0.800062584532734,0.7163326103125615,0.800062584532734,0.7163326103125615,1.0,1,0.6368689326993177,38
1921,1,4874,4874,0,0,0,0,0.8037564599994628,0.6574410645663361,0.8037564599994628,0.6574410645663361,1.0,1,0.6306320921315727,39
1922,3,4877,4877,0,0,0,0,0.8308183820907802,0.6574410645663361,0.8308183820907802,0.6574410645663361,1.0,1,0.6083015880111176,40
1923,5,4882,4882,0,0,0,0,0.8469959128977286,0.7221483755062374,0.8469959128977286,0.7221483755062374,1.0,1,0.5940210014646973,41
1924,2,4884,4884,0,0,0,0,0.8725007977229412,0.7569336402306656,0.8725007977229412,0.7569336402306656,1.0,1,0.5738504377029017,41
1925,2,4886,4886,0,0,0,0,0.8782742892782089,0.7870103612043181,0.8782742892782089,0.7870103612043181,1.0,1,0.5922095148282319,41
1926,2,4888,4888,0,0,0,0,0.8825062511605285,0.7870103612043181,0.8825062511605285,0.7870103612043181,1.0,1,0.5886687928974874,41
1927,2,4890,4890,0,0,0,0,0.9014360061350118,0.827288607218143,0.9014360061350118,0.827288607218143,1.0,1,0.5814246408750788,41
1928,2,4892,4892,0,0,0,0,0.899840516258555,0.8134907264951281,0.899840516258555,0.8134907264951281,1.0,1,0.5713221357062866,42
1929,2,4894,4894,0,0,0,0,0.8971339760097896,0.8125900042903005,0.8971339760097896,0.8125900042903005,1.0,1,0.5759484182437657,41
1930,2,4896,4896,0,0,0,0,0.9206508347248215,0.7676203016941201,0.9206508347248215,0.7676203016941201,1.0,1,0.573328507828275,41
1931,1,4897,4897,0,0,0,0,0.8937030869863347,0.7676203016941201,0.8937030869863347,0.7676203016941201,1.0,1,0.5945515060219134,41
1932,0,4897,4897,0,0,0,0,0.8937030869863349,0.7676203016941201,0.8937030869863349,0.7676203016941201,1.0,1,0.5945515060219134,41
1933,2,4899,4899,0,0,0,0,0.9067564655188751,0.7938838957114096,0.9067564655188751,0.7938838957114096,1.0,1,0.58408258542234,43
1934,1,4900,4900,0,0,0,0,0.8806170361734967,0.7938838957114096,0.8806170361734967,0.7938838957114096,1.0,1,0.6087920947827291,44
1935,1,4901,4901,0,0,0,0,0.9041385004472912,0.7938838957114096,0.9041385004472912,0.7938838957114096,1.0,1,0.5754202063661906,45
1936,1,4902,4902,0,0,0,0,0.9108791143681526,0.7938838957114096,0.9108791143681526,0.7938838957114096,1.0,1,0.5333236639272817,48
1937,1,4903,4903,0,0,0,0,0.9145608057441968,0.7938838957114096,0.9145608057441968,0.7938838957114096,1.0,1,0.5276821304648169,48
1938,2,4905,4905,0,0,0,0,0.9367787083960005,0.8790578657090434,0.9367787083960005,0.8790578657090434,1.0,1,0.5120551042014304,48
1939,3,4908,4908,0,0,0,0,0.9419228414579016,0.8790578657090434,0.9419228414579016,0.8790578657090434,1.0,1,0.49165866905970274,48
1940,5,4913,4913,0,0,0,0,0.9713949442648522,0.8987120113134763,0.9713949442648522,0.8987120113134763,1.0,1,0.469234856000588,48
1941,2,4915,4915,0,0,0,0,0.9713949442648522,0.8987120113134763,0.9713949442648522,0.8987120113134763,1.0,1,0.4681382415390676,48
1942,2,4917,4917,0,0,0,0,0.9425539708685051,0.8769692643688489,0.9425539708685051,0.8769692643688489,1.0,1,0.46679245997175445,49
1943,1,4918,4918,0,0,0,0,0.9159221122874924,0.8125893040772771,0.9159221122874924,0.8125893040772771,1.0,1,0.4961609386642927,48
1944,6,4924,4924,0,0,0,0,0.9138639904002513,0.7718391742933114,0.9138639904002513,0.7718391742933114,1.0,1,0.5343606456407712,47
1945,4,4928,4928,0,0,0,0,0.8920035407448366,0.7718391742933114,0.8920035407448366,0.7718391742933114,1.0,1,0.5488060145144348,46
1946,2,4930,4930,0,0,0,0,0.8564404709122313,0.6981154517379071,0.8564404709122313,0.6981154517379071,1.0,1,0.5579204196202769,46
1947,2,4932,4932,0,0,0,0,0.8073012031853826,0.6981154517379071,0.8073012031853826,0.6981154517379071,1.0,1,0.5974958234071566,45
1948,1,4933,4933,0,0,0,0,0.8114903074639612,0.6981154517379071,0.8114903074639612,0.6981154517379071,1.0,1,0.5919138198622991,46
1949,3,4936,4936,0,0,0,0,0.8078134189758076,0.6800660073073129,0.8078134189758076,0.6800660073073129,1.0,1,0.6372648789664975,42
1950,1,4937,4937,0,0,0,0,0.8255435305486591,0.7198930317354642,0.8255435305486591,0.7198930317354642,1.0,1,0.6491527045117882,40
1951,1,4938,4938,0,0,0,0,0.848715609261408,0.7198930317354642,0.848715609261408,0.7198930317354642,1.0,1,0.6334435534700353,39
1952,1,4939,4939,0,0,0,0,0.9297110569067448,0.8107605378258512,0.9297110569067448,0.8107605378258512,1.0,1,0.6228142206285886,35
1953,4,4943,4943,0,0,0,0,0.9532730471870658,0.8598191415611978,0.9532730471870658,0.8598191415611978,1.0,1,0.6137805518577293,36
1954,4,4947,4947,0,0,0,0,0.884515730126475,0.8295432899382505,0.884515730126475,0.8295432899382505,1.0,1,0.6411649743875868,34
1955,5,4952,4952,0,0,0,0,0.8965687932093234,0.811116484714336,0.8965687932093234,0.811116484714336,1.0,1,0.6266859182363191,35
1956,8,4960,4960,0,0,0,0,0.9053138735430268,0.7608520266769204,0.9053138735430268,0.7608520266769204,1.0,1,0.6094877397483883,37
1957,3,4963,4963,0,0,0,0,0.8769645817103497,0.7608520266769204,0.8769645817103497,0.7608520266769204,1.0,1,0.6167120649170292,37
1958,4,4967,4967,0,0,0,0,0.8759870520960493,0.6775663354497282,0.8759870520960493,0.6775663354497282,1.0,1,0.6048757529573895,39
1959,2,4969,4969,0,0,0,0,0.8593851306527809,0.639674397297751,0.8593851306527809,0.639674397297751,1.0,1,0.6227694249892963,41
1960,2,4971,4971,0,0,0,0,0.8277917424724365,0.5948040999351445,0.8277917424724365,0.5948040999351445,1.0,1,0.6392242094761261,40
1961,3,4974,4974,0,0,0,0,0.8376406073521677,0.6084273471434634,0.8376406073521677,0.6084273471434634,1.0,1,0.6165168841586988,41
1962,2,4976,4976,0,0,0,0,0.8558697589191004,0.639674397297751,0.8558697589191004,0.639674397297751,1.0,1,0.604765692129462,40
1963,1,4977,4977,0,0,0,0,0.8887255598026385,0.6958498634605453,0.8887255598026385,0.6958498634605453,1.0,1,0.5930346632760796,41
1964,2,4979,4979,0,0,0,0,0.9100211465460072,0.7429175615600208,0.9100211465460072,0.7429175615600208,1.0,1,0.5828504235108803,40
1965,1,4980,4980,0,0,0,0,0.9329949304264682,0.8021115301902995,0.9329949304264682,0.8021115301902995,1.0,1,0.5689006523953473,41
1966,1,4981,4981,0,0,0,0,0.9372548754261923,0.8021115301902995,0.9372548754261923,0.8021115301902995,1.0,1,0.5609581862325697,41
1967,4,4985,4985,0,0,0,0,0.9302501488377926,0.7746543270144067,0.9302501488377926,0.7746543270144067,1.0,1,0.5399591006246277,42
1968,2,4987,4987,0,0,0,0,0.9480904140495211,0.8183164491733239,0.9480904140495211,0.8183164491733239,1.0,1,0.5170169580973281,42
1969,2,4989,4989,0,0,0,0,0.9580456263521062,0.8816721677989069,0.9580456263521062,0.8816721677989069,1.0,1,0.5019451511248693,43
1970,1,4990,4990,0,0,0,0,0.9396816766525837,0.830755194337994,0.9396816766525837,0.830755194337994,1.0,1,0.5239591724956204,42
1971,2,4992,4992,0,0,0,0,0.9673430287393,0.9209853745180008,0.9673430287393,0.9209853745180008,1.0,1,0.5064442922333278,42
1972,3,4995,4995,0,0,0,0,0.9842237098442778,0.9497568087352591,0.9842237098442778,0.9497568087352591,1.0,1,0.5226665741140109,42
1973,1,4996,4996,0,0,0,0,0.9676540639718205,0.9192324239486993,0.9676540639718205,0.9192324239486993,1.0,1,0.5372852580430297,43
1974,1,4997,4997,0,0,0,0,0.9488914783973031,0.9192324239486993,0.9488914783973031,0.9192324239486993,1.0,1,0.5520355548409097,43
1975,3,5000,5000,0,0,0,0,0.9079025528561823,0.8718434009907562,0.9079025528561823,0.8718434009907562,1.0,1,0.5807891725827166,43
1976,0,5000,5000,0,0,0,0,0.9079025528561824,0.8718434009907562,0.9079025528561824,0.8718434009907562,1.0,1,0.5807891725827166,43
1977,1,5001,5001,0,0,0,0,0.8395835708608826,0.7467523156768171,0.8395835708608826,0.7467523156768171,1.0,1,0.568211379160929,48
1978,4,5005,5005,0,0,0,0,0.855048303867417,0.7467523156768171,0.855048303867417,0.7467523156768171,1.0,1,0.5490036088890773,48
1979,7,5012,5012,0,0,0,0,0.8385610564307606,0.69883633391386,0.8385610564307606,0.69883633391386,1.0,1,0.5518095147158955,49
1980,5,5017,5017,0,0,0,0,0.8276535858877527,0.6107620042236824,0.8276535858877527,0.6107620042236824,1.0,1,0.5626714874994675,50
1981,3,5020,5020,0,0,0,0,0.8541732895433495,0.5710979104216164,0.8541732895433495,0.5710979104216164,1.0,1,0.5418381402913474,50
1982,7,5027,5027,0,0,0,0,0.8161269137276055,0.5583417114619236,0.8161269137276055,0.5583417114619236,1.0,1,0.5653046834872956,50
1983,4,5031,5031,0,0,0,0,0.8166919165286008,0.5666299143956673,0.8166919165286008,0.5666299143956673,1.0,1,0.5732813478620993,49
1984,7,5038,5038,0,0,0,0,0.840889293853949,0.5774572682939739,0.840889293853949,0.5774572682939739,1.0,1,0.5627047716188285,48
1985,5,5043,5043,0,0,0,0,0.7854701664605845,0.6709697085425967,0.7854701664605845,0.6709697085425967,1.0,1,0.5850379847251935,46
1986,4,5047,5047,0,0,0,0,0.8015812366044266,0.691648323840174,0.8015812366044266,0.691648323840174,1.0,1,0.5869785947015373,46
1987,3,5050,5050,0,0,0,0,0.7536615308065316,0.6298009191695233,0.7536615308065316,0.6298009191695233,1.0,1,0.6456535741717523,42
1988,5,5055,5055,0,0,0,0,0.795768307052974,0.7105120477137455,0.795768307052974,0.7105120477137455,1.0,1,0.6422828942488159,40
1989,3,5058,5058,0,0,0,0,0.8493428129748775,0.7105120477137455,0.8493428129748775,0.7105120477137455,1.0,1,0.626593378743129,38
1990,1,5059,5059,0,0,0,0,0.8796763986351337,0.7105120477137455,0.8796763986351337,0.7105120477137455,1.0,1,0.620106156483475,38
1991,4,5063,5063,0,0,0,0,0.8933465438945378,0.7105120477137455,0.8933465438945378,0.7105120477137455,1.0,1,0.6144736581508885,38
1992,0,5063,5063,0,0,0,0,0.8706298401711076,0.66363758444488,0.8706298401711076,0.66363758444488,1.0,1,0.621989203318297,39
1993,3,5066,5066,0,0,0,0,0.8950734877077502,0.715199466635322,0.8950734877077502,0.715199466635322,1.0,1,0.5960673245813364,38
1994,1,5067,5067,0,0,0,0,0.9221808818656935,0.7785148176177432,0.9221808818656935,0.7785148176177432,1.0,1,0.5872006178723443,37
1995,4,5071,5071,0,0,0,0,0.8980324311822783,0.7305142824103071,0.8980324311822783,0.7305142824103071,1.0,1,0.5923150858859153,37
1996,2,5073,5073,0,0,0,0,0.9315796180567542,0.8052650667769156,0.9315796180567542,0.8052650667769156,1.0,1,0.5728043306810927,37
1997,3,5076,5076,0,0,0,0,0.9276698819457115,0.8052650667769156,0.9276698819457115,0.8052650667769156,1.0,1,0.5692952318544471,35
1998,3,5079,5079,0,0,0,0,0.9453280327912212,0.8450960929084601,0.9453280327912212,0.8450960929084601,1.0,1,0.5771232198091345,34
1999,2,5081,5081,0,0,0,0,0.9468900889971863,0.8450960929084601,0.9468900889971863,0.8450960929084601,1.0,1,0.5658414201337179,35
2000,0,5081,5081,0,0,0,0,0.9453280327912212,0.8450960929084601,0.9453280327912212,0.8450960929084601,1.0,1,0.5756975402061981,34
2001,4,5085,5085,0,0,0,0,0.9656938588516772,0.9252842129943075,0.9656938588516772,0.9252842129943075,1.0,1,0.554401266944443,35
2002,2,5087,5087,0,0,0,0,0.9695039899670712,0.9346349929039318,0.9695039899670712,0.9346349929039318,1.0,1,0.5474452570352154,36
2003,3,5090,5090,0,0,0,0,0.9488428361493358,0.8621730273484435,0.9488428361493358,0.8621730273484435,1.0,1,0.561687175912885,37
2004,1,5091,5091,0,0,0,0,0.9225605621972324,0.7920148272423634,0.9225605621972324,0.7920148272423634,1.0,1,0.5885891437939367,38
2005,3,5094,5094,0,0,0,0,0.9496263744090353,0.8603911348499362,0.9496263744090353,0.8603911348499362,1.0,1,0.5717003892104692,38
2006,2,5096,5096,0,0,0,0,0.9385436134153513,0.8252957250366039,0.9385436134153513,0.8252957250366039,1.0,1,0.6005732480944382,38
2007,3,5099,5099,0,0,0,0,0.9684358967051091,0.9069388417145693,0.9684358967051091,0.9069388417145693,1.0,1,0.5657243827728442,40
2008,1,5100,5100,0,0,0,0,0.9940277152336027,0.9761108609344102,0.9940277152336027,0.9761108609344102,1.0,1,0.5434927740487386,40
2009,0,5100,5100,0,0,0,0,0.9941733807157099,0.9761108609344102,0.9941733807157099,0.9761108609344102,1.0,1,0.5217069085047973,41
2010,1,5101,5101,0,0,0,0,0.9941733807157099,0.9761108609344102,0.9941733807157099,0.9761108609344102,1.0,1,0.5052613578856463,41
2011,1,5102,5102,0,0,0,0,0.9941733807157099,0.9761108609344102,0.9941733807157099,0.9761108609344102,1.0,1,0.5044661399096456,41
2012,3,5105,5105,0,0,0,0,0.9352982389373623,0.7959405997255273,0.9352982389373623,0.7959405997255273,1.0,1,0.5279344005085508,41
2013,4,5109,5109,0,0,0,0,0.8917052505468923,0.689555051567758,0.8917052505468923,0.689555051567758,1.0,1,0.5635174726183204,43
2014,2,5111,5111,0,0,0,0,0.8883732551413658,0.680003331405248,0.8883732551413658,0.680003331405248,1.0,1,0.5762627383215337,43
2015,4,5115,5115,0,0,0,0,0.8219426044079149,0.5980223988647383,0.8219426044079149,0.5980223988647383,1.0,1,0.6304919216655345,43
2016,2,5117,5117,0,0,0,0,0.8021064465201934,0.6764440651438447,0.8021064465201934,0.6764440651438447,1.0,1,0.6212087841556333,44
2017,3,5120,5120,0,0,0,0,0.8339430177658752,0.623963749068959,0.8339430177658752,0.623963749068959,1.0,1,0.5882655934863096,45
2018,3,5123,5123,0,0,0,0,0.8371729887971726,0.6228713543943064,0.8371729887971726,0.6228713543943064,1.0,1,0.5935973825035804,46
2019,4,5127,5127,0,0,0,0,0.9044092581654593,0.766401486108888,0.9044092581654593,0.766401486108888,1.0,1,0.5234048965306939,47
2020,5,5132,5132,0,0,0,0,0.9102443609442966,0.770922335617698,0.9102443609442966,0.770922335617698,1.0,1,0.5221196288628436,47
2021,2,5134,5134,0,0,0,0,0.9102443609442966,0.770922335617698,0.9102443609442966,0.770922335617698,1.0,1,0.5164161371154962,47
2022,4,5138,5138,0,0,0,0,0.9121142700912904,0.770922335617698,0.9121142700912904,0.770922335617698,1.0,1,0.5130259830225673,48
2023,3,5141,5141,0,0,0,0,0.901012322533825,0.8129467010016801,0.901012322533825,0.8129467010016801,1.0,1,0.5058248844869943,48
2024,2,5143,5143,0,0,0,0,0.9107055107901786,0.8215603360462891,0.9107055107901786,0.8215603360462891,1.0,1,0.5258410967252632,45
2025,2,5145,5145,0,0,0,0,0.9511764963927544,0.8662298164170148,0.9511764963927544,0.8662298164170148,1.0,1,0.537400029771147,42
2026,4,5149,5149,0,0,0,0,0.9462032623185959,0.8179187340014015,0.9462032623185959,0.8179187340014015,1.0,1,0.5071525549584348,44
2027,2,5151,5151,0,0,0,0,0.9673608100733645,0.891202700244549,0.9673608100733645,0.891202700244549,1.0,1,0.5346104371413232,40
2028,3,5154,5154,0,0,0,0,1.0,1.0,1.0,1.0,1.0,1,0.49660749007173616,39
2029,5,5159,5159,0,0,0,0,0.9172553713373183,0.7644960568831365,0.9172553713373183,0.7644960568831365,1.0,1,0.580187985531384,37
2030,3,5162,5162,0,0,0,0,0.9649099392452406,0.891539812212562,0.9649099392452406,0.891539812212562,1.0,1,0.5577904125279807,34
2031,3,5165,5165,0,0,0,0,0.9796947346854257,0.9353923376354453,0.9796947346854257,0.9353923376354453,1.0,1,0.5822096844157952,35
2032,2,5167,5167,0,0,0,0,0.948131132258589,0.8997862404817027,0.948131132258589,0.8997862404817027,1.0,1,0.6077359155465346,34
2033,5,5172,5172,0,0,0,0,0.9761936153681793,0.9220881957504049,0.9761936153681793,0.9220881957504049,1.0,1,0.5612305089174342,36
2034,2,5174,5174,0,0,0,0,0.931460398247569,0.8772236155969079,0.931460398247569,0.8772236155969079,1.0,1,0.6071161662296537,34
2035,1,5175,5175,0,0,0,0,0.9558717637474595,0.9220881957504049,0.9558717637474595,0.9220881957504049,1.0,1,0.5682055798777519,35
2036,0,5175,5175,0,0,0,0,0.9545738744459141,0.9220881957504049,0.9545738744459141,0.9220881957504049,1.0,1,0.58607865322511,34
2037,3,5178,5178,0,0,0,0,0.9994693732073149,0.9981428062256023,0.9994693732073149,0.9981428062256023,1.0,1,0.5454427414890614,35
2038,1,5179,5179,0,0,0,0,0.9868081056404425,0.9585148855272645,0.9868081056404425,0.9585148855272645,1.0,1,0.5501827483965853,36
2039,1,5180,5180,0,0,0,0,0.9995112647962111,0.9981428062256023,0.9995112647962111,0.9981428062256023,1.0,1,0.5225474619104254,38
2040,0,5180,5180,0,0,0,0,0.9995112647962111,0.9981428062256023,0.9995112647962111,0.9981428062256023,1.0,1,0.5225474619104254,38
2041,0,5180,5180,0,0,0,0,0.9995237964681031,0.9981428062256023,0.9995237964681031,0.9981428062256023,1.0,1,0.5095750701604359,39
2042,0,5180,5180,0,0,0,0,0.9995237964681031,0.9981428062256023,0.9995237964681031,0.9981428062256023,1.0,1,0.5095750701604359,39
2043,2,5182,5182,0,0,0,0,1.0,1.0,1.0,1.0,1.0,1,0.4900305663978947,39
2044,0,5182,5182,0,0,0,0,1.0,1.0,1.0,1.0,1.0,1,0.4900305663978947,39
2045,4,5186,5186,0,0,0,0,1.0,1.0,1.0,1.0,1.0,1,0.4750530574196763,41
2046,0,5186,5186,0,0,0,0,1.0,1.0,1.0,1.0,1.0,1,0.47922165439912967,42
2047,5,5191,5191,0,0,0,0,0.9336084836962044,0.785504331941583,0.9336084836962044,0.785504331941583,1.0,1,0.5130471267063332,42
2048,1,5192,5192,0,0,0,0,0.9090111144499937,0.7205341372392665,0.9090111144499937,0.7205341372392665,1.0,1,0.5149994967798559,43
2049,5,5197,5197,0,0,0,0,0.9869217944887579,0.9476871779550317,0.9869217944887579,0.9476871779550317,1.0,1,0.4675539616445514,44
2050,1,5198,5198,0,0,0,0,0.9527065465361719,0.8399298498147361,0.9527065465361719,0.8399298498147361,1.0,1,0.4877171472361183,44
2051,3,5201,5201,0,0,0,0,0.8856298207302331,0.6783338708037805,0.8856298207302331,0.6783338708037805,1.0,1,0.5308664963603572,45
2052,0,5201,5201,0,0,0,0,0.8856298207302331,0.6783338708037805,0.8856298207302331,0.6783338708037805,1.0,1,0.5308664963603572,45
2053,6,5207,5207,0,0,0,0,0.8883308288026371,0.6859304560074172,0.8883308288026371,0.6859304560074172,1.0,1,0.5305839539731407,45
2054,3,5210,5210,0,0,0,0,0.8901025280343219,0.7696253649367633,0.8901025280343219,0.7696253649367633,1.0,1,0.5109651515691781,46
2055,4,5214,5214,0,0,0,0,0.8654648015254766,0.7289991779510003,0.8654648015254766,0.7289991779510003,1.0,1,0.5505301858844146,46
2056,4,5218,5218,0,0,0,0,0.9036260063607671,0.7314677168453493,0.9036260063607671,0.7314677168453493,1.0,1,0.54421197306897,46
2057,2,5220,5220,0,0,0,0,0.9068039880182241,0.7159053248843621,0.9068039880182241,0.7159053248843621,1.0,1,0.5243397272351145,47
2058,8,5228,5228,0,0,0,0,0.9287269323025731,0.7899604142410454,0.9287269323025731,0.7899604142410454,1.0,1,0.4924513173639954,47
2059,6,5234,5234,0,0,0,0,0.9685551286686152,0.8807889994644235,0.9685551286686152,0.8807889994644235,1.0,1,0.47058556917534194,48
2060,3,5237,5237,0,0,0,0,0.9298072419572706,0.8330218714760584,0.9298072419572706,0.8330218714760584,1.0,1,0.4776871427891877,50
2061,2,5239,5239,0,0,0,0,0.930263915379292,0.8890979493067899,0.930263915379292,0.8890979493067899,1.0,1,0.47119676609198524,51
2062,3,5242,5242,0,0,0,0,0.9818829646109108,0.9365666268451799,0.9818829646109108,0.9365666268451799,1.0,1,0.44989473317779277,49
2063,3,5245,5245,0,0,0,0,0.9398941566027078,0.826856708714067,0.9398941566027078,0.826856708714067,1.0,1,0.48511437489698767,48
2064,1,5246,5246,0,0,0,0,0.9499808269618416,0.826856708714067,0.9499808269618416,0.826856708714067,1.0,1,0.4962599567039043,45
2065,6,5252,5252,0,0,0,0,0.8741945487991489,0.6540350091976594,0.8741945487991489,0.6540350091976594,1.0,1,0.5614511075492299,44
2066,0,5252,5252,0,0,0,0,0.8682038130276798,0.6540350091976594,0.8682038130276798,0.6540350091976594,1.0,1,0.567617201780198,42
2067,3,5255,5255,0,0,0,0,0.8134556569361602,0.5750934407990315,0.8134556569361602,0.5750934407990315,1.0,1,0.6319564854565978,41
2068,2,5257,5257,0,0,0,0,0.8306401555911446,0.6015062484497522,0.8306401555911446,0.6015062484497522,1.0,1,0.6406944104203931,40
2069,0,5257,5257,0,0,0,0,0.8306401555911446,0.6015062484497522,0.8306401555911446,0.6015062484497522,1.0,1,0.6361790461652331,40
2070,2,5259,5259,0,0,0,0,0.8734799295928768,0.673339147418448,0.8734799295928768,0.673339147418448,1.0,1,0.6217012276171786,40
2071,1,5260,5260,0,0,0,0,0.8943951597838129,0.7097640299224404,0.8943951597838129,0.7097640299224404,1.0,1,0.6042713479785872,40
2072,2,5262,5262,0,0,0,0,0.8984131213745021,0.7024955697396136,0.8984131213745021,0.7024955697396136,1.0,1,0.5971155499895934,41
2073,1,5263,5263,0,0,0,0,0.8699131114227902,0.6444291712222929,0.8699131114227902,0.6444291712222929,1.0,1,0.611290821521113,41
2074,2,5265,5265,0,0,0,0,0.8702023978955253,0.6452198875811027,0.8702023978955253,0.6452198875811027,1.0,1,0.6044795883868707,41
2075,2,5267,5267,0,0,0,0,0.8719359045842866,0.6499581391970498,0.8719359045842866,0.6499581391970498,1.0,1,0.5858314281642506,41
2076,2,5269,5269,0,0,0,0,0.87236855496637,0.6511407169080782,0.87236855496637,0.6511407169080782,1.0,1,0.5742065446015548,41
2077,2,5271,5271,0,0,0,0,0.8228690014480344,0.5832211798777279,0.8228690014480344,0.5832211798777279,1.0,1,0.599619593471257,40
2078,3,5274,5274,0,0,0,0,0.803255127558032,0.5627891723511822,0.803255127558032,0.5627891723511822,1.0,1,0.6029668092843311,40
2079,3,5277,5277,0,0,0,0,0.8665262024684646,0.6529681264180076,0.8665262024684646,0.6529681264180076,1.0,1,0.5587155107004138,39
2080,6,5283,5283,0,0,0,0,0.8036530648351627,0.561106850808011,0.8036530648351627,0.561106850808011,1.0,1,0.6000012630360531,38
2081,2,5285,5285,0,0,0,0,0.8115895862933717,0.5566813795138159,0.8115895862933717,0.5566813795138159,1.0,1,0.5777509263912298,40
2082,9,5294,5294,0,0,0,0,0.7947643615857984,0.5325188236120966,0.7947643615857984,0.5325188236120966,1.0,1,0.6007570416836335,41
2083,3,5297,5297,0,0,0,0,0.8221085604654637,0.5814319069775615,0.8221085604654637,0.5814319069775615,1.0,1,0.5730972621596151,40
2084,5,5302,5302,0,0,0,0,0.8633229653082402,0.6412227839341306,0.8633229653082402,0.6412227839341306,1.0,1,0.5704871194183714,42
2085,7,5309,5309,0,0,0,0,0.898660807706713,0.6959824231201389,0.898660807706713,0.6959824231201389,1.0,1,0.525696930221878,42
2086,4,5313,5313,0,0,0,0,0.9142595489948453,0.7163969697521804,0.9142595489948453,0.7163969697521804,1.0,1,0.5091425865138096,43
2087,1,5314,5314,0,0,0,0,0.9401363731325129,0.7755113992469232,0.9401363731325129,0.7755113992469232,1.0,1,0.4847004420010883,45
2088,2,5316,5316,0,0,0,0,0.8975465031116076,0.6633670816524248,0.8975465031116076,0.6633670816524248,1.0,1,0.5057191430364278,46
2089,0,5316,5316,0,0,0,0,0.8997263647475309,0.6633670816524248,0.8997263647475309,0.6633670816524248,1.0,1,0.4902448698483415,47
2090,0,5316,5316,0,0,0,0,0.9038191661864071,0.6633670816524248,0.9038191661864071,0.6633670816524248,1.0,1,0.48279322966157545,49
2091,1,5317,5317,0,0,0,0,0.8872622466750958,0.6317233391386463,0.8872622466750958,0.6317233391386463,1.0,1,0.49219450103886836,49
2092,0,5317,5317,0,0,0,0,0.8872622466750958,0.6317233391386463,0.8872622466750958,0.6317233391386463,1.0,1,0.49219450103886836,49
2093,1,5318,5318,0,0,0,0,0.9057038778262794,0.6699635723919779,0.9057038778262794,0.6699635723919779,1.0,1,0.4712131129894378,49
2094,4,5322,5322,0,0,0,0,0.9506428509051877,0.79845830786285,0.9506428509051877,0.79845830786285,1.0,1,0.45794535614998444,49
2095,2,5324,5324,0,0,0,0,0.9827306568944284,0.9516578135561606,0.9827306568944284,0.9516578135561606,1.0,1,0.44040363248651776,49
2096,2,5326,5326,0,0,0,0,0.9292799288789675,0.7813768183943578,0.9292799288789675,0.7813768183943578,1.0,1,0.48014418851741225,51
2097,2,5328,5328,0,0,0,0,0.9378024974950206,0.7873664060346988,0.9378024974950206,0.7873664060346988,1.0,1,0.46813265317680475,51
2098,2,5330,5330,0,0,0,0,0.9180602019040266,0.7844529864142302,0.9180602019040266,0.7844529864142302,1.0,1,0.47276143742956994,52
2099,4,5334,5334,0,0,0,0,0.9532985573562794,0.8712072816952783,0.9532985573562794,0.8712072816952783,1.0,1,0.4542794196577295,51
2100,3,5337,5337,0,0,0,0,0.9283466099266753,0.7563784737506961,0.9283466099266753,0.7563784737506961,1.0,1,0.4734795868166239,51
2101,1,5338,5338,0,0,0,0,0.9505111392451525,0.8559797445911387,0.9505111392451525,0.8559797445911387,1.0,1,0.47737078883490563,48
2102,2,5340,5340,0,0,0,0,0.9079935709301681,0.8117105925638166,0.9079935709301681,0.8117105925638166,1.0,1,0.4899356622079799,49
2103,4,5344,5344,0,0,0,0,0.9235257545825545,0.7552824146641748,0.9235257545825545,0.7552824146641748,1.0,1,0.4923788205562405,48
2104,1,5345,5345,0,0,0,0,0.9384348592368416,0.8109070676560134,0.9384348592368416,0.8109070676560134,1.0,1,0.5109283356956758,43
2105,5,5350,5350,0,0,0,0,0.9022778438918602,0.7263779628972086,0.9022778438918602,0.7263779628972086,1.0,1,0.5290545624438285,42
2106,0,5350,5350,0,0,0,0,0.916832003204522,0.7623771520129203,0.916832003204522,0.7623771520129203,1.0,1,0.5245373808365971,40
2107,4,5354,5354,0,0,0,0,0.9106814431681648,0.7511840202541735,0.9106814431681648,0.7511840202541735,1.0,1,0.5808569524146341,39
2108,2,5356,5356,0,0,0,0,0.8961352533687263,0.7444373729487841,0.8961352533687263,0.7444373729487841,1.0,1,0.6226947693716409,38
2109,2,5358,5358,0,0,0,0,0.8998159124656447,0.7352277686592045,0.8998159124656447,0.7352277686592045,1.0,1,0.622464810811611,37
2110,1,5359,5359,0,0,0,0,0.8782195090554847,0.6914894229405611,0.8782195090554847,0.6914894229405611,1.0,1,0.6322391611839366,38
2111,1,5360,5360,0,0,0,0,0.9049725213028902,0.7488559491576382,0.9049725213028902,0.7488559491576382,1.0,1,0.6219345749942559,37
2112,1,5361,5361,0,0,0,0,0.9033089683099189,0.75136591851122,0.9033089683099189,0.75136591851122,1.0,1,0.6492760596519345,36
2113,0,5361,5361,0,0,0,0,0.9011804272451259,0.7458925272017519,0.9011804272451259,0.7458925272017519,1.0,1,0.6499693773874161,36
2114,0,5361,5361,0,0,0,0,0.9351124627495435,0.8203114353064288,0.9351124627495435,0.8203114353064288,1.0,1,0.6418877211534827,36
2115,0,5361,5361,0,0,0,0,0.9597480040137323,0.8825983450400525,0.9597480040137323,0.8825983450400525,1.0,1,0.6354074642895093,35
2116,0,5361,5361,0,0,0,0,0.9356338807834734,0.8168041222298859,0.9356338807834734,0.8168041222298859,1.0,1,0.6282841470494864,37
2117,2,5363,5363,0,0,0,0,0.9494506653338831,0.9067850630931552,0.9494506653338831,0.9067850630931552,1.0,1,0.5796800118356726,38
2118,0,5363,5363,0,0,0,0,0.9310000335545681,0.8737369680819123,0.9310000335545681,0.8737369680819123,1.0,1,0.5756711245117553,40
2119,3,5366,5366,0,0,0,0,0.90069423508927,0.7961677604609241,0.90069423508927,0.7961677604609241,1.0,1,0.5877248247611185,40
2120,0,5366,5366,0,0,0,0,0.8785776772981063,0.7961677604609241,0.8785776772981063,0.7961677604609241,1.0,1,0.589643059114768,41
2121,1,5367,5367,0,0,0,0,0.8785776772981063,0.7961677604609241,0.8785776772981063,0.7961677604609241,1.0,1,0.5849532964348801,41
2122,1,5368,5368,0,0,0,0,0.8357965668912781,0.7460044355046351,0.8357965668912781,0.7460044355046351,1.0,1,0.6060519525384045,42
2123,0,5368,5368,0,0,0,0,0.8396152513821786,0.7460044355046351,0.8396152513821786,0.7460044355046351,1.0,1,0.6007896847150054,43
2124,0,5368,5368,0,0,0,0,0.861099249827786,0.779527805490297,0.861099249827786,0.779527805490297,1.0,1,0.6007101920221806,41
2125,0,5368,5368,0,0,0,0,0.861099249827786,0.779527805490297,0.861099249827786,0.779527805490297,1.0,1,0.6007101920221806,41
2126,0,5368,5368,0,0,0,0,0.8576267310734806,0.779527805490297,0.8576267310734806,0.779527805490297,1.0,1,0.6104654831315496,40
2127,2,5370,5370,0,0,0,0,0.8576267310734806,0.779527805490297,0.8576267310734806,0.779527805490297,1.0,1,0.6246360685536225,40
2128,2,5372,5372,0,0,0,0,0.8848909057711466,0.7458345378866694,0.8848909057711466,0.7458345378866694,1.0,1,0.6175107612415355,41
2129,1,5373,5373,0,0,0,0,0.8876315984908812,0.7458345378866694,0.8876315984908812,0.7458345378866694,1.0,1,0.6132867823470862,42
2130,3,5376,5376,0,0,0,0,0.8753383763687362,0.6986128889844148,0.8753383763687362,0.6986128889844148,1.0,1,0.6087098732008637,45
2131,1,5377,5377,0,0,0,0,0.8722670745195457,0.6618834325517389,0.8722670745195457,0.6618834325517389,1.0,1,0.6129882238417157,45
2132,5,5382,5382,0,0,0,0,0.7956629478657619,0.6311664751339018,0.7956629478657619,0.6311664751339018,1.0,1,0.6318552563221064,46
2133,5,5387,5387,0,0,0,0,0.7789362162756579,0.6683413823594021,0.7789362162756579,0.6683413823594021,1.0,1,0.629648200680151,46
2134,3,5390,5390,0,0,0,0,0.805296252039382,0.6961002394331143,0.805296252039382,0.6961002394331143,1.0,1,0.5957557784225451,47
2135,10,5400,5400,0,0,0,0,0.7818674745585726,0.5660101601019737,0.7818674745585726,0.5660101601019737,1.0,1,0.6190138398202263,47
2136,4,5404,5404,0,0,0,0,0.7973546203251515,0.550443054781384,0.7973546203251515,0.550443054781384,1.0,1,0.6148697777620588,47
2137,5,5409,5409,0,0,0,0,0.8093838733060805,0.5329904895998974,0.8093838733060805,0.5329904895998974,1.0,1,0.5804826973380313,49
2138,4,5413,5413,0,0,0,0,0.8244843261550063,0.5473543148208057,0.8244843261550063,0.5473543148208057,1.0,1,0.5796393568062105,49
2139,1,5414,5414,0,0,0,0,0.7975383262345177,0.5242150666511165,0.7975383262345177,0.5242150666511165,1.0,1,0.5902177617980104,47
2140,2,5416,5416,0,0,0,0,0.8198993416848533,0.5450088632038401,0.8198993416848533,0.5450088632038401,1.0,1,0.5870712383134976,48
2141,3,5419,5419,0,0,0,0,0.8331620052286912,0.5643674580971381,0.8331620052286912,0.5643674580971381,1.0,1,0.5900999821824265,47
2142,3,5422,5422,0,0,0,0,0.8475528866103584,0.5785285688639321,0.8475528866103584,0.5785285688639321,1.0,1,0.5934486934625146,47
2143,2,5424,5424,0,0,0,0,0.8457752433696538,0.5775310122954334,0.8457752433696538,0.5775310122954334,1.0,1,0.5865473045577438,48
2144,6,5430,5430,0,0,0,0,0.8083998458798812,0.59362845257323,0.8083998458798812,0.59362845257323,1.0,1,0.5908383088403054,48
2145,2,5432,5432,0,0,0,0,0.7606402650020527,0.5409443832423703,0.7606402650020527,0.5409443832423703,1.0,1,0.6392922961497471,46
2146,3,5435,5435,0,0,0,0,0.7813785273280939,0.6374505062423736,0.7813785273280939,0.6374505062423736,1.0,1,0.6027053374511325,47
2147,6,5441,5441,0,0,0,0,0.7854594786107088,0.6199754226834616,0.7854594786107088,0.6199754226834616,1.0,1,0.5873508810869945,48
2148,1,5442,5442,0,0,0,0,0.8321924223483319,0.6844875308324427,0.8321924223483319,0.6844875308324427,1.0,1,0.561123561577637,46
2149,9,5451,5451,0,0,0,0,0.8904267784983956,0.6840012928778525,0.8904267784983956,0.6840012928778525,1.0,1,0.5292480597931969,46
2150,3,5454,5454,0,0,0,0,0.9161636083220018,0.7245375702008635,0.9161636083220018,0.7245375702008635,1.0,1,0.5036694226092844,46
2151,6,5460,5460,0,0,0,0,0.9162203675208868,0.7366925836370722,0.9162203675208868,0.7366925836370722,1.0,1,0.5044840523058798,44
2152,4,5464,5464,0,0,0,0,0.9150566979705432,0.7366925836370722,0.9150566979705432,0.7366925836370722,1.0,1,0.5323591619474798,45
2153,3,5467,5467,0,0,0,0,0.865543661824697,0.6283670899900016,0.865543661824697,0.6283670899900016,1.0,1,0.5425751838121746,48
2154,0,5467,5467,0,0,0,0,0.8569034275007226,0.6283670899900016,0.8569034275007226,0.6283670899900016,1.0,1,0.5459309246934126,47
2155,5,5472,5472,0,0,0,0,0.8321868386281163,0.5952647349734035,0.8321868386281163,0.5952647349734035,1.0,1,0.5577613593911213,48
2156,0,5472,5472,0,0,0,0,0.8381058939893614,0.5952647349734035,0.8381058939893614,0.5952647349734035,1.0,1,0.5657499242427299,45
2157,5,5477,5477,0,0,0,0,0.871129891623564,0.6536615837383284,0.871129891623564,0.6536615837383284,1.0,1,0.5319212205821952,43
2158,3,5480,5480,0,0,0,0,0.8744319900819097,0.7050757331646946,0.8744319900819097,0.7050757331646946,1.0,1,0.5520785705980625,43
2159,4,5484,5484,0,0,0,0,0.872726005764169,0.7901528199728939,0.872726005764169,0.7901528199728939,1.0,1,0.5486121090874411,43
2160,7,5491,5491,0,0,0,0,0.8578240066305514,0.7036801911144364,0.8578240066305514,0.7036801911144364,1.0,1,0.5884818600994995,41
2161,6,5497,5497,0,0,0,0,0.8800131956571461,0.7102408489385159,0.8800131956571461,0.7102408489385159,1.0,1,0.5925685880010129,41
2162,2,5499,5499,0,0,0,0,0.9266331172532903,0.807050972059457,0.9266331172532903,0.807050972059457,1.0,1,0.5494900142324072,42
2163,3,5502,5502,0,0,0,0,0.8738374151828608,0.7386148346334714,0.8738374151828608,0.7386148346334714,1.0,1,0.5650277569384445,43
2164,0,5502,5502,0,0,0,0,0.8767047466559776,0.7386148346334714,0.8767047466559776,0.7386148346334714,1.0,1,0.5595058132532068,44
2165,3,5505,5505,0,0,0,0,0.8583981928498705,0.7023412878266593,0.8583981928498705,0.7023412878266593,1.0,1,0.5632445335734428,44
2166,2,5507,5507,0,0,0,0,0.8818080540033775,0.776928637966136,0.8818080540033775,0.776928637966136,1.0,1,0.5264370943625682,46
2167,3,5510,5510,0,0,0,0,0.8370861144574672,0.6368730134960879,0.8370861144574672,0.6368730134960879,1.0,1,0.5681270541716817,46
2168,0,5510,5510,0,0,0,0,0.8334658058898552,0.6368730134960879,0.8334658058898552,0.6368730134960879,1.0,1,0.5730494739087526,45
2169,0,5510,5510,0,0,0,0,0.7995666679013125,0.6368730134960879,0.7995666679013125,0.6368730134960879,1.0,1,0.5533073017755971,49
2170,1,5511,5511,0,0,0,0,0.7769434060987127,0.5930251992711777,0.7769434060987127,0.5930251992711777,1.0,1,0.5693704028241002,49
2171,3,5514,5514,0,0,0,0,0.8446390404263112,0.7134856079447787,0.8446390404263112,0.7134856079447787,1.0,1,0.5249725078139115,51
2172,3,5517,5517,0,0,0,0,0.8229040270866952,0.6534807264854168,0.8229040270866952,0.6534807264854168,1.0,1,0.5422741174283726,52
2173,4,5521,5521,0,0,0,0,0.7710614444799488,0.6006826764274196,0.7710614444799488,0.6006826764274196,1.0,1,0.5760554002211931,52
2174,6,5527,5527,0,0,0,0,0.7479344273656143,0.5772668366344994,0.7479344273656143,0.5772668366344994,1.0,1,0.5829286655405015,52
2175,3,5530,5530,0,0,0,0,0.7693308097132715,0.5545425269979962,0.7693308097132715,0.5545425269979962,1.0,1,0.5632039683209742,53
2176,2,5532,5532,0,0,0,0,0.7747952147660359,0.5545425269979962,0.7747952147660359,0.5545425269979962,1.0,1,0.5443727312691885,54
2177,4,5536,5536,0,0,0,0,0.7271577943533126,0.5246040964638471,0.7271577943533126,0.5246040964638471,1.0,1,0.5601566272864537,55
2178,5,5541,5541,0,0,0,0,0.7543124369034652,0.5183806466483134,0.7543124369034652,0.5183806466483134,1.0,1,0.5609018377711047,54
2179,4,5545,5545,0,0,0,0,0.7997235768391071,0.5734284546835171,0.7997235768391071,0.5734284546835171,1.0,1,0.5358969165496105,52
2180,2,5547,5547,0,0,0,0,0.8169831378460547,0.5734284546835171,0.8169831378460547,0.5734284546835171,1.0,1,0.5439741798504328,51
2181,5,5552,5552,0,0,0,0,0.8501568221044211,0.5680990754774493,0.8501568221044211,0.5680990754774493,1.0,1,0.5443316501964729,49
2182,8,5560,5560,0,0,0,0,0.8209286968161058,0.6608871270028832,0.8209286968161058,0.6608871270028832,1.0,1,0.5528477343199317,49
2183,5,5565,5565,0,0,0,0,0.8499374923993738,0.7286609189071079,0.8499374923993738,0.7286609189071079,1.0,1,0.5511955661986923,46
2184,7,5572,5572,0,0,0,0,0.9104216298107913,0.7101365926986232,0.9104216298107913,0.7101365926986232,1.0,1,0.5206940301345032,45
2185,7,5579,5579,0,0,0,0,0.8894953693523431,0.6627573227613345,0.8894953693523431,0.6627573227613345,1.0,1,0.5584508486421967,44
2186,7,5586,5586,0,0,0,0,0.8771339503071419,0.6559750608599975,0.8771339503071419,0.6559750608599975,1.0,1,0.542110429334447,42
2187,6,5592,5592,0,0,0,0,0.9480572239068609,0.8268574130228701,0.9480572239068609,0.8268574130228701,1.0,1,0.5098384072939685,40
2188,4,5596,5596,0,0,0,0,0.9880382294370198,0.9545452718606757,0.9880382294370198,0.9545452718606757,1.0,1,0.5216897708153265,38
2189,5,5601,5601,0,0,0,0,0.9611245790315661,0.883373737094698,0.9611245790315661,0.883373737094698,1.0,1,0.5533720948907156,36
2190,3,5604,5604,0,0,0,0,0.9779453640636,0.9523804887476823,0.9779453640636,0.9523804887476823,1.0,1,0.5725159021178173,34
2191,3,5607,5607,0,0,0,0,0.9801902603496027,0.9494216121464447,0.9801902603496027,0.9494216121464447,1.0,1,0.5771022783454485,34
2192,6,5613,5613,0,0,0,0,0.9711995707118649,0.9207988194576285,0.9711995707118649,0.9207988194576285,1.0,1,0.5739155435820155,33
2193,1,5614,5614,0,0,0,0,0.9302792358524175,0.8283796574828737,0.9302792358524175,0.8283796574828737,1.0,1,0.5950498112253284,32
2194,1,5615,5615,0,0,0,0,0.9532762970859637,0.8754034588959032,0.9532762970859637,0.8754034588959032,1.0,1,0.5856796083163135,32
2195,1,5616,5616,0,0,0,0,0.9788884082749131,0.9405036960474824,0.9788884082749131,0.9405036960474824,1.0,1,0.5720552378086335,31
2196,2,5618,5618,0,0,0,0,0.9165763806025364,0.7946495522523973,0.9165763806025364,0.7946495522523973,1.0,1,0.5831119066925,32
2197,0,5618,5618,0,0,0,0,0.913885296105844,0.7946495522523973,0.913885296105844,0.7946495522523973,1.0,1,0.6082309243007816,31
2198,1,5619,5619,0,0,0,0,0.9491078569072102,0.8685286303436263,0.9491078569072102,0.8685286303436263,1.0,1,0.576936134080402,31
2199,3,5622,5622,0,0,0,0,1.0,1.0,1.0,1.0,1.0,1,0.509939442171851,32
2200,0,5622,5622,0,0,0,0,1.0,1.0,1.0,1.0,1.0,1,0.5093289974703225,35
2201,2,5624,5624,0,0,0,0,1.0,1.0,1.0,1.0,1.0,1,0.49142812062962565,36
2202,0,5624,5624,0,0,0,0,1.0,1.0,1.0,1.0,1.0,1,0.49142812062962565,36
2203,3,5627,5627,0,0,0,0,1.0,1.0,1.0,1.0,1.0,1,0.48482634751369447,37
2204,5,5632,5632,0,0,0,0,1.0,1.0,1.0,1.0,1.0,1,0.46561910735353707,36
2205,5,5637,5637,0,0,0,0,1.0,1.0,1.0,1.0,1.0,1,0.4973224449703289,37
2206,3,5640,5640,0,0,0,0,0.9506799079511414,0.856149731524162,0.9506799079511414,0.856149731524162,1.0,1,0.5009470402032971,35
2207,1,5641,5641,0,0,0,0,0.9533458588727012,0.856149731524162,0.9533458588727012,0.856149731524162,1.0,1,0.49891016402272054,37
2208,3,5644,5644,0,0,0,0,0.9030043580952252,0.7505826351020077,0.9030043580952252,0.7505826351020077,1.0,1,0.5288575371040944,36
2209,2,5646,5646,0,0,0,0,0.9002330540408031,0.7505826351020077,0.9002330540408031,0.7505826351020077,1.0,1,0.5769144904895596,35
2210,0,5646,5646,0,0,0,0,0.8827922093481926,0.7030735970154213,0.8827922093481926,0.7030735970154213,1.0,1,0.5594047388514785,38
2211,3,5649,5649,0,0,0,0,0.8568696799179439,0.6690111348102455,0.8568696799179439,0.6690111348102455,1.0,1,0.6036359826223013,37
2212,0,5649,5649,0,0,0,0,0.8370732364009675,0.6358107637198099,0.8370732364009675,0.6358107637198099,1.0,1,0.6097916298806391,38
2213,3,5652,5652,0,0,0,0,0.8370732364009676,0.6358107637198099,0.8370732364009676,0.6358107637198099,1.0,1,0.6066715167105475,38
2214,0,5652,5652,0,0,0,0,0.8412508457240196,0.6358107637198099,0.8412508457240196,0.6358107637198099,1.0,1,0.5895423390988874,39
2215,1,5653,5653,0,0,0,0,0.8575755359900361,0.652840368975713,0.8575755359900361,0.652840368975713,1.0,1,0.5889209106089706,39
2216,4,5657,5657,0,0,0,0,0.9467870847597513,0.8572998866432001,0.9467870847597513,0.8572998866432001,1.0,1,0.5548499053059266,39
2217,2,5659,5659,0,0,0,0,1.0,1.0,1.0,1.0,1.0,1,0.4766784328534606,38
2218,3,5662,5662,0,0,0,0,1.0,1.0,1.0,1.0,1.0,1,0.4459634224054841,37
2219,2,5664,5664,0,0,0,0,1.0,1.0,1.0,1.0,1.0,1,0.4202244905021898,36
2220,2,5666,5666,0,0,0,0,1.0,1.0,1.0,1.0,1.0,1,0.3901070667080596,34
2221,5,5671,5671,0,0,0,0,1.0,1.0,1.0,1.0,1.0,1,0.42525498444682047,35
2222,2,5673,5673,0,0,0,0,1.0,1.0,1.0,1.0,1.0,1,0.4556255913384923,33
2223,3,5676,5676,0,0,0,0,1.0,1.0,1.0,1.0,1.0,1,0.5107499102063066,34
2224,2,5678,5678,0,0,0,0,1.0,1.0,1.0,1.0,1.0,1,0.540248975749967,32
2225,2,5680,5680,0,0,0,0,0.9995003910462386,0.9985011731387157,0.9995003910462386,0.9985011731387157,1.0,1,0.5810830319901886,33
2226,1,5681,5681,0,0,0,0,1.0,1.0,1.0,1.0,1.0,1,0.5645949877865191,32
2227,3,5684,5684,0,0,0,0,1.0,1.0,1.0,1.0,1.0,1,0.5031797100460086,31
2228,2,5686,5686,0,0,0,0,1.0,1.0,1.0,1.0,1.0,1,0.5177640278795731,32
2229,0,5686,5686,0,0,0,0,1.0,1.0,1.0,1.0,1.0,1,0.5177640278795731,32
2230,3,5689,5689,0,0,0,0,1.0,1.0,1.0,1.0,1.0,1,0.5339136199390395,31
2231,0,5689,5689,0,0,0,0,1.0,1.0,1.0,1.0,1.0,1,0.5219918100446178,32
2232,4,5693,5693,0,0,0,0,1.0,1.0,1.0,1.0,1.0,1,0.4950978005977555,32
2233,3,5696,5696,0,0,0,0,1.0,1.0,1.0,1.0,1.0,1,0.5161558253513481,31
2234,4,5700,5700,0,0,0,0,0.9774627993218422,0.9344372343908137,0.9774627993218422,0.9344372343908137,1.0,1,0.5558668190656713,32
2235,6,5706,5706,0,0,0,0,1.0,1.0,1.0,1.0,1.0,1,0.5426837956553692,31
2236,5,5711,5711,0,0,0,0,1.0,1.0,1.0,1.0,1.0,1,0.5501644023195551,31
2237,6,5717,5717,0,0,0,0,1.0,1.0,1.0,1.0,1.0,1,0.5457830807938244,31
2238,4,5721,5721,0,0,0,0,0.9948571660926266,0.9855065589883114,0.9948571660926266,0.9855065589883114,1.0,1,0.5581872153348065,31
2239,3,5724,5724,0,0,0,0,0.9696381676068693,0.9215652663177455,0.9696381676068693,0.9215652663177455,1.0,1,0.5999135805539416,31
2240,3,5727,5727,0,0,0,0,0.9398509244015032,0.8519407369883154,0.9398509244015032,0.8519407369883154,1.0,1,0.6500422187038416,32
2241,1,5728,5728,0,0,0,0,0.9398509244015032,0.8519407369883154,0.9398509244015032,0.8519407369883154,1.0,1,0.6321735952474888,32
2242,2,5730,5730,0,0,0,0,0.9433891053190618,0.8519407369883154,0.9433891053190618,0.8519407369883154,1.0,1,0.5908802337596342,34
2243,0,5730,5730,0,0,0,0,0.9433891053190618,0.8519407369883154,0.9433891053190618,0.8519407369883154,1.0,1,0.5908802337596342,34
2244,1,5731,5731,0,0,0,0,0.9145871191984151,0.7803668779387812,0.9145871191984151,0.7803668779387812,1.0,1,0.5927279603789193,36
2245,3,5734,5734,0,0,0,0,0.8547569961319768,0.6732032412969479,0.8547569961319768,0.6732032412969479,1.0,1,0.579146754174832,36
2246,0,5734,5734,0,0,0,0,0.8343596393876928,0.6200015256541185,0.8343596393876928,0.6200015256541185,1.0,1,0.5651178153514163,39
2247,1,5735,5735,0,0,0,0,0.8184262294191711,0.5965027320426025,0.8184262294191711,0.5965027320426025,1.0,1,0.5488108949091082,40
2248,2,5737,5737,0,0,0,0,0.7974578717980407,0.5735955195748225,0.7974578717980407,0.5735955195748225,1.0,1,0.5793073434302357,40
2249,0,5737,5737,0,0,0,0,0.8023979237054055,0.5735955195748225,0.8023979237054055,0.5735955195748225,1.0,1,0.5632301758710321,41
2250,0,5737,5737,0,0,0,0,0.8023979237054055,0.5735955195748225,0.8023979237054055,0.5735955195748225,1.0,1,0.5632301758710321,41
2251,2,5739,5739,0,0,0,0,0.7806939645857324,0.5394573256300378,0.7806939645857324,0.5394573256300378,1.0,1,0.5991593231336324,42
2252,0,5739,5739,0,0,0,0,0.7969599092216604,0.5618608567414775,0.7969599092216604,0.5618608567414775,1.0,1,0.5936731867664944,41
2253,3,5742,5742,0,0,0,0,0.8142470314964021,0.5872156255475598,0.8142470314964021,0.5872156255475598,1.0,1,0.6093134747933789,40
2254,2,5744,5744,0,0,0,0,0.820794118522418,0.6200585581636889,0.820794118522418,0.6200585581636889,1.0,1,0.644209104170904,39
2255,3,5747,5747,0,0,0,0,0.8125558591456877,0.5938710281489901,0.8125558591456877,0.5938710281489901,1.0,1,0.6565644812222841,39
2256,1,5748,5748,0,0,0,0,0.8090837489147884,0.575741664255085,0.8090837489147884,0.575741664255085,1.0,1,0.6373347514246525,40
2257,2,5750,5750,0,0,0,0,0.8590643919524726,0.6476609798811817,0.8590643919524726,0.6476609798811817,1.0,1,0.5958618185275247,40
2258,3,5753,5753,0,0,0,0,0.945766588522161,0.8582973520505565,0.945766588522161,0.8582973520505565,1.0,1,0.5572852321133004,39
2259,5,5758,5758,0,0,0,0,0.9652437006483151,0.8915449547321356,0.9652437006483151,0.8915449547321356,1.0,1,0.5239883239951391,41
2260,4,5762,5762,0,0,0,0,0.9939162262030536,0.976881659571604,0.9939162262030536,0.976881659571604,1.0,1,0.4993076254631601,38
2261,7,5769,5769,0,0,0,0,0.9985802684179704,0.9946050199882877,0.9985802684179704,0.9946050199882877,1.0,1,0.4764247516793032,38
2262,3,5772,5772,0,0,0,0,0.9985547426481693,0.9961940256927088,0.9985547426481693,0.9961940256927088,1.0,1,0.5353447848061873,36
2263,7,5779,5779,0,0,0,0,0.9763791290935708,0.9248426834795435,0.9763791290935708,0.9248426834795435,1.0,1,0.5185927927064305,35
2264,4,5783,5783,0,0,0,0,0.9500579899047946,0.8626594722381854,0.9500579899047946,0.8626594722381854,1.0,1,0.5671990273970654,33
2265,7,5790,5790,0,0,0,0,0.9309641209865265,0.8101513327129479,0.9309641209865265,0.8101513327129479,1.0,1,0.5547788596958543,33
2266,3,5793,5793,0,0,0,0,0.9090625326945574,0.7691587368400303,0.9090625326945574,0.7691587368400303,1.0,1,0.5491163344847896,33
2267,4,5797,5797,0,0,0,0,0.9965625590711477,0.9886564449347871,0.9965625590711477,0.9886564449347871,1.0,1,0.4910432013081433,33
2268,3,5800,5800,0,0,0,0,0.9343985547520185,0.8086624513600538,0.9343985547520185,0.8086624513600538,1.0,1,0.5470360141290619,35
2269,4,5804,5804,0,0,0,0,0.9704063514923001,0.9031480594293454,0.9704063514923001,0.9031480594293454,1.0,1,0.5103384373889244,36
2270,5,5809,5809,0,0,0,0,0.9691528370274769,0.9046542235394742,0.9691528370274769,0.9046542235394742,1.0,1,0.5468663479377686,34
2271,4,5813,5813,0,0,0,0,1.0,1.0,1.0,1.0,1.0,1,0.5294590457899478,34
2272,3,5816,5816,0,0,0,0,0.9486902998560366,0.8460708995681099,0.9486902998560366,0.8460708995681099,1.0,1,0.6031527550623436,33
2273,4,5820,5820,0,0,0,0,1.0,1.0,1.0,1.0,1.0,1,0.5744732310037299,32
2274,2,5822,5822,0,0,0,0,1.0,1.0,1.0,1.0,1.0,1,0.5495509480804535,32
2275,2,5824,5824,0,0,0,0,0.9403002079783565,0.8408005546089504,0.9403002079783565,0.8408005546089504,1.0,1,0.5505486772944894,32
2276,3,5827,5827,0,0,0,0,0.9021985809086401,0.7667812313975266,0.9021985809086401,0.7667812313975266,1.0,1,0.5907444736277667,31
2277,1,5828,5828,0,0,0,0,0.8989385336055948,0.7667812313975266,0.8989385336055948,0.7667812313975266,1.0,1,0.6268433580426402,30
2278,3,5831,5831,0,0,0,0,0.8850673283484062,0.7290872739641002,0.8850673283484062,0.7290872739641002,1.0,1,0.5412622421206242,33
2279,0,5831,5831,0,0,0,0,0.8850673283484062,0.7290872739641002,0.8850673283484062,0.7290872739641002,1.0,1,0.5412622421206242,33
2280,1,5832,5832,0,0,0,0,0.8599321768528689,0.673175079323361,0.8599321768528689,0.673175079323361,1.0,1,0.5267677520715222,35
2281,0,5832,5832,0,0,0,0,0.8403281738119119,0.6407383910768019,0.8403281738119119,0.6407383910768019,1.0,1,0.5347638335587169,36
2282,4,5836,5836,0,0,0,0,0.8403281738119119,0.6407383910768019,0.8403281738119119,0.6407383910768019,1.0,1,0.5494463211831424,36
2283,1,5837,5837,0,0,0,0,0.8403281738119119,0.6407383910768019,0.8403281738119119,0.6407383910768019,1.0,1,0.5688908356357136,36
2284,1,5838,5838,0,0,0,0,0.8403281738119119,0.6407383910768019,0.8403281738119119,0.6407383910768019,1.0,1,0.5662690415999911,36
2285,6,5844,5844,0,0,0,0,0.8206681330807536,0.609689466116934,0.8206681330807536,0.609689466116934,1.0,1,0.611351840236338,37
2286,1,5845,5845,0,0,0,0,0.8253873927365231,0.609689466116934,0.8253873927365231,0.609689466116934,1.0,1,0.5847618981247148,38
2287,1,5846,5846,0,0,0,0,0.8253873927365231,0.609689466116934,0.8253873927365231,0.609689466116934,1.0,1,0.579821867929713,38
2288,0,5846,5846,0,0,0,0,0.8341180230996968,0.609689466116934,0.8341180230996968,0.609689466116934,1.0,1,0.5656983902548636,40
2289,0,5846,5846,0,0,0,0,0.8057079396813647,0.5682398659585878,0.8057079396813647,0.5682398659585878,1.0,1,0.5951006161964825,40
2290,0,5846,5846,0,0,0,0,0.8007260919808866,0.5682398659585878,0.8007260919808866,0.5682398659585878,1.0,1,0.61028209904271,39
2291,1,5847,5847,0,0,0,0,0.8461471276857311,0.6442152327732531,0.8461471276857311,0.6442152327732531,1.0,1,0.5852747277591711,37
2292,0,5847,5847,0,0,0,0,0.8641587858468261,0.6830371669759276,0.8641587858468261,0.6830371669759276,1.0,1,0.6041441205100829,35
2293,0,5847,5847,0,0,0,0,0.8633499600050817,0.681149906678524,0.8633499600050817,0.681149906678524,1.0,1,0.60449352701159,35
2294,1,5848,5848,0,0,0,0,0.8970882961054667,0.7427207402636667,0.8970882961054667,0.7427207402636667,1.0,1,0.537917070965115,35
2295,0,5848,5848,0,0,0,0,0.8999469545469814,0.7427207402636667,0.8999469545469814,0.7427207402636667,1.0,1,0.5373923162925061,36
2296,1,5849,5849,0,0,0,0,0.9590037644443906,0.8838439992591071,0.9590037644443906,0.8838439992591071,1.0,1,0.552193363850569,34
2297,0,5849,5849,0,0,0,0,0.9601750854602652,0.8838439992591071,0.9601750854602652,0.8838439992591071,1.0,1,0.5561944938591136,35
2298,1,5850,5850,0,0,0,0,0.9840251497155609,0.9506231900299157,0.9840251497155609,0.9506231900299157,1.0,1,0.5664363211167704,34
2299,1,5851,5851,0,0,0,0,0.9844815740094021,0.9506231900299157,0.9844815740094021,0.9506231900299157,1.0,1,0.5584432697471392,35
2300,2,5853,5853,0,0,0,0,0.941819855354063,0.8755699872552609,0.941819855354063,0.8755699872552609,1.0,1,0.6043481026400193,35
2301,2,5855,5855,0,0,0,0,0.941819855354063,0.8755699872552609,0.941819855354063,0.8755699872552609,1.0,1,0.6075282047731744,35
2302,2,5857,5857,0,0,0,0,0.8975558349330929,0.8237242943565414,0.8975558349330929,0.8237242943565414,1.0,1,0.6229657432256142,37
2303,1,5858,5858,0,0,0,0,0.9571757161682685,0.8750958388241167,0.9571757161682685,0.8750958388241167,1.0,1,0.6005243247992902,35
2304,0,5858,5858,0,0,0,0,0.9248043886582175,0.7917659993612179,0.9248043886582175,0.7917659993612179,1.0,1,0.6107655259100797,36
2305,1,5859,5859,0,0,0,0,0.9203811174028186,0.7917659993612179,0.9203811174028186,0.7917659993612179,1.0,1,0.5964841026584816,34
2306,0,5859,5859,0,0,0,0,0.9226559426198808,0.7917659993612179,0.9226559426198808,0.7917659993612179,1.0,1,0.5965956055755193,35
2307,2,5861,5861,0,0,0,0,0.8909835987996506,0.7274589969991263,0.8909835987996506,0.7274589969991263,1.0,1,0.5754855881259436,35
2308,0,5861,5861,0,0,0,0,0.8909835987996506,0.7274589969991263,0.8909835987996506,0.7274589969991263,1.0,1,0.5754855881259436,35
2309,5,5866,5866,0,0,0,0,0.8877772340584639,0.7274589969991263,0.8877772340584639,0.7274589969991263,1.0,1,0.5753102346044805,34
2310,2,5868,5868,0,0,0,0,0.9504735842482861,0.8514207527448583,0.9504735842482861,0.8514207527448583,1.0,1,0.5477252437661791,36
2311,2,5870,5870,0,0,0,0,0.9468400264910485,0.8626315204659444,0.9468400264910485,0.8626315204659444,1.0,1,0.5559805003031856,38
2312,4,5874,5874,0,0,0,0,0.9692656332758404,0.925003241243464,0.9692656332758404,0.925003241243464,1.0,1,0.5381161332754032,39
2313,8,5882,5882,0,0,0,0,0.8638096582932179,0.668036042089719,0.8638096582932179,0.668036042089719,1.0,1,0.6091288474054841,39
2314,4,5886,5886,0,0,0,0,0.8760036668634996,0.6977589379797802,0.8760036668634996,0.6977589379797802,1.0,1,0.6023058679336561,39
2315,7,5893,5893,0,0,0,0,0.834080621018692,0.6096014612204517,0.834080621018692,0.6096014612204517,1.0,1,0.6185033837895929,40
2316,2,5895,5895,0,0,0,0,0.8842132570361352,0.6912353520963607,0.8842132570361352,0.6912353520963607,1.0,1,0.5890435872661297,40
2317,5,5900,5900,0,0,0,0,0.9081268009846671,0.7309427743122392,0.9081268009846671,0.7309427743122392,1.0,1,0.5673734785861676,41
2318,4,5904,5904,0,0,0,0,0.8119114701916188,0.5715761265475764,0.8119114701916188,0.5715761265475764,1.0,1,0.6419189658299771,41
2319,4,5908,5908,0,0,0,0,0.8560800011393496,0.6312050029195831,0.8560800011393496,0.6312050029195831,1.0,1,0.6036064780041155,41
2320,2,5910,5910,0,0,0,0,0.8639667902559944,0.6429128244219854,0.8639667902559944,0.6429128244219854,1.0,1,0.5973755985540562,42
2321,0,5910,5910,0,0,0,0,0.8671303532732968,0.6429128244219854,0.8671303532732968,0.6429128244219854,1.0,1,0.5819760961127678,43
2322,1,5911,5911,0,0,0,0,0.8867021871745261,0.6827661240886731,0.8867021871745261,0.6827661240886731,1.0,1,0.5866868465654043,42
2323,0,5911,5911,0,0,0,0,0.8780951424632706,0.6827661240886731,0.8780951424632706,0.6827661240886731,1.0,1,0.5888354909305306,43
2324,1,5912,5912,0,0,0,0,0.869920346966213,0.6422809541570859,0.869920346966213,0.6422809541570859,1.0,1,0.5907534578806324,44
2325,1,5913,5913,0,0,0,0,0.8462249091827629,0.6019938825906805,0.8462249091827629,0.6019938825906805,1.0,1,0.607173465832573,44
2326,2,5915,5915,0,0,0,0,0.8502426959977787,0.6035836070529439,0.8502426959977787,0.6035836070529439,1.0,1,0.5925038251630943,45
2327,2,5917,5917,0,0,0,0,0.8477067424849478,0.5968707889307444,0.8477067424849478,0.5968707889307444,1.0,1,0.5804260101388066,45
2328,4,5921,5921,0,0,0,0,0.8258354742187956,0.5989894221697216,0.8258354742187956,0.5989894221697216,1.0,1,0.5954392867485151,46
2329,2,5923,5923,0,0,0,0,0.8305488937141091,0.5934985320430055,0.8305488937141091,0.5934985320430055,1.0,1,0.589071997485353,45
2330,5,5928,5928,0,0,0,0,0.7768248426182646,0.5425954575996418,0.7768248426182646,0.5425954575996418,1.0,1,0.6182657369026748,47
2331,1,5929,5929,0,0,0,0,0.7618613443425618,0.5171207980093727,0.7618613443425618,0.5171207980093727,1.0,1,0.6164927805869165,48
2332,2,5931,5931,0,0,0,0,0.7598929456578681,0.5716864133553896,0.7598929456578681,0.5716864133553896,1.0,1,0.6078189680038958,48
2333,1,5932,5932,0,0,0,0,0.7220010111019373,0.5481216773247667,0.7220010111019373,0.5481216773247667,1.0,1,0.616246932076966,49
2334,3,5935,5935,0,0,0,0,0.7074138536167092,0.5257371138457696,0.7074138536167092,0.5257371138457696,1.0,1,0.6362344903630754,47
2335,1,5936,5936,0,0,0,0,0.7172084687376648,0.5584243119614123,0.7172084687376648,0.5584243119614123,1.0,1,0.6304529599047193,46
2336,1,5937,5937,0,0,0,0,0.6924909914667782,0.5247946687246094,0.6924909914667782,0.5247946687246094,1.0,1,0.6513502429581761,46
2337,2,5939,5939,0,0,0,0,0.709961831871692,0.5345407858694501,0.709961831871692,0.5345407858694501,1.0,1,0.6552524913449925,45
2338,2,5941,5941,0,0,0,0,0.7476301297090608,0.5635605072377161,0.7476301297090608,0.5635605072377161,1.0,1,0.6278521190729834,44
2339,4,5945,5945,0,0,0,0,0.771006312978158,0.580736138659449,0.771006312978158,0.580736138659449,1.0,1,0.6176423287080258,45
2340,2,5947,5947,0,0,0,0,0.770157548533409,0.5548277882880315,0.770157548533409,0.5548277882880315,1.0,1,0.6373185690309827,44
2341,2,5949,5949,0,0,0,0,0.8140100212316038,0.608151188071046,0.8140100212316038,0.608151188071046,1.0,1,0.604693762401839,45
2342,1,5950,5950,0,0,0,0,0.8036711979467248,0.580736138659449,0.8036711979467248,0.580736138659449,1.0,1,0.599817700992613,47
2343,0,5950,5950,0,0,0,0,0.799403180510784,0.580736138659449,0.799403180510784,0.580736138659449,1.0,1,0.612192270812093,46
2344,1,5951,5951,0,0,0,0,0.7801506985971739,0.5548277882880315,0.7801506985971739,0.5548277882880315,1.0,1,0.6330537172874039,46
2345,1,5952,5952,0,0,0,0,0.7519223777792179,0.5229723712515458,0.7519223777792179,0.5229723712515458,1.0,1,0.6621241766653403,45
2346,2,5954,5954,0,0,0,0,0.7607642947567995,0.531322400659334,0.7607642947567995,0.531322400659334,1.0,1,0.6507455131213851,46
2347,0,5954,5954,0,0,0,0,0.7424750611590809,0.531322400659334,0.7424750611590809,0.531322400659334,1.0,1,0.6511306890097971,47
2348,2,5956,5956,0,0,0,0,0.6985218495205503,0.5373027007970907,0.6985218495205503,0.5373027007970907,1.0,1,0.6531309299093473,49
2349,0,5956,5956,0,0,0,0,0.6985218495205503,0.5373027007970907,0.6985218495205503,0.5373027007970907,1.0,1,0.6531309299093473,49
2350,2,5958,5958,0,0,0,0,0.7081115158229465,0.5949350649579802,0.7081115158229465,0.5949350649579802,1.0,1,0.6269998016251395,50
2351,0,5958,5958,0,0,0,0,0.7081115158229465,0.5949350649579802,0.7081115158229465,0.5949350649579802,1.0,1,0.6269998016251395,50
2352,1,5959,5959,0,0,0,0,0.7132587816754585,0.6225269746878742,0.7132587816754585,0.6225269746878742,1.0,1,0.6179623035623688,51
2353,2,5961,5961,0,0,0,0,0.7367403626459507,0.6233215362918293,0.7367403626459507,0.6233215362918293,1.0,1,0.6033916098915351,51
2354,2,5963,5963,0,0,0,0,0.7814458230303629,0.6233215362918293,0.7814458230303629,0.6233215362918293,1.0,1,0.5676160144764011,51
2355,1,5964,5964,0,0,0,0,0.7902514829707411,0.6233215362918293,0.7902514829707411,0.6233215362918293,1.0,1,0.5661429840957855,50
2356,4,5968,5968,0,0,0,0,0.7873756708784208,0.6233215362918293,0.7873756708784208,0.6233215362918293,1.0,1,0.5629713012362532,50
2357,3,5971,5971,0,0,0,0,0.7966860067112671,0.6233215362918293,0.7966860067112671,0.6233215362918293,1.0,1,0.5713956482373036,49
2358,3,5974,5974,0,0,0,0,0.8406453267153018,0.5860711009311098,0.8406453267153018,0.5860711009311098,1.0,1,0.533656672638351,51
2359,6,5980,5980,0,0,0,0,0.7688524704973667,0.5749081130916373,0.7688524704973667,0.5749081130916373,1.0,1,0.5558696842776729,51
2360,5,5985,5985,0,0,0,0,0.806428143444213,0.6235095264606481,0.806428143444213,0.6235095264606481,1.0,1,0.5282126547599072,51
2361,5,5990,5990,0,0,0,0,0.760988683337864,0.6205821300486665,0.760988683337864,0.6205821300486665,1.0,1,0.546553008820808,52
2362,6,5996,5996,0,0,0,0,0.8164726483308653,0.6397857464339922,0.8164726483308653,0.6397857464339922,1.0,1,0.5217120662078801,53
2363,5,6001,6001,0,0,0,0,0.7996699955790907,0.596260671735589,0.7996699955790907,0.596260671735589,1.0,1,0.5405016805839468,54
2364,8,6009,6009,0,0,0,0,0.7618762528415517,0.5847122804777481,0.7618762528415517,0.5847122804777481,1.0,1,0.5614618758817466,55
2365,5,6014,6014,0,0,0,0,0.7764019408058187,0.5625397179639651,0.7764019408058187,0.5625397179639651,1.0,1,0.5652105866703057,53
2366,7,6021,6021,0,0,0,0,0.7925467093261958,0.6264714469395535,0.7925467093261958,0.6264714469395535,1.0,1,0.5551760850142575,53
2367,4,6025,6025,0,0,0,0,0.789603193784659,0.616959377823668,0.789603193784659,0.616959377823668,1.0,1,0.5711459119303288,51
2368,5,6030,6030,0,0,0,0,0.7884535414230556,0.614652381635619,0.7884535414230556,0.614652381635619,1.0,1,0.5783864947674394,50
2369,3,6033,6033,0,0,0,0,0.7527174981710504,0.5677341058414779,0.7527174981710504,0.5677341058414779,1.0,1,0.619161162336785,47
2370,2,6035,6035,0,0,0,0,0.7814038813164452,0.629630902176613,0.7814038813164452,0.629630902176613,1.0,1,0.6017476039906108,48
2371,1,6036,6036,0,0,0,0,0.8087629514878831,0.6738065620259688,0.8087629514878831,0.6738065620259688,1.0,1,0.5529467976719337,49
2372,2,6038,6038,0,0,0,0,0.8201280942944004,0.6708198523196992,0.8201280942944004,0.6708198523196992,1.0,1,0.5518962048850242,48
2373,0,6038,6038,0,0,0,0,0.823798949512882,0.6708198523196992,0.823798949512882,0.6708198523196992,1.0,1,0.5418964465591963,49
2374,0,6038,6038,0,0,0,0,0.8273229705226244,0.6708198523196992,0.8273229705226244,0.6708198523196992,1.0,1,0.5401742576714039,50
2375,2,6040,6040,0,0,0,0,0.7841035525648086,0.5824309933473352,0.7841035525648086,0.5824309933473352,1.0,1,0.5806685819965481,50
2376,0,6040,6040,0,0,0,0,0.7841035525648087,0.5824309933473352,0.7841035525648087,0.5824309933473352,1.0,1,0.5716147385795893,50
2377,1,6041,6041,0,0,0,0,0.7572551383606926,0.5445361687965664,0.7572551383606926,0.5445361687965664,1.0,1,0.6003678327157399,49
2378,4,6045,6045,0,0,0,0,0.7390563074046778,0.521574122183867,0.7390563074046778,0.521574122183867,1.0,1,0.6214911899382936,49
2379,4,6049,6049,0,0,0,0,0.8028372658613402,0.6148757844832047,0.8028372658613402,0.6148757844832047,1.0,1,0.5536162074928621,50
2380,3,6052,6052,0,0,0,0,0.8421655627924776,0.7003162427348671,0.8421655627924776,0.7003162427348671,1.0,1,0.5211650777944208,50
2381,4,6056,6056,0,0,0,0,0.8843658349851181,0.6654386791784431,0.8843658349851181,0.6654386791784431,1.0,1,0.5012830379120445,51
2382,2,6058,6058,0,0,0,0,0.8843658349851181,0.6654386791784431,0.8843658349851181,0.6654386791784431,1.0,1,0.5099744079758329,51
2383,1,6059,6059,0,0,0,0,0.8603452899446669,0.6195041422979505,0.8603452899446669,0.6195041422979505,1.0,1,0.5309311317484242,52
2384,2,6061,6061,0,0,0,0,0.8608874482042855,0.6491360604922759,0.8608874482042855,0.6491360604922759,1.0,1,0.5279675302410567,52
2385,1,6062,6062,0,0,0,0,0.8581597511102519,0.6491360604922759,0.8581597511102519,0.6491360604922759,1.0,1,0.5511486185792295,51
2386,6,6068,6068,0,0,0,0,0.8096142557370118,0.655034178371437,0.8096142557370118,0.655034178371437,1.0,1,0.5627502439955819,52
2387,2,6070,6070,0,0,0,0,0.8166946739371819,0.621906774282798,0.8166946739371819,0.621906774282798,1.0,1,0.5766411822821605,49
2388,6,6076,6076,0,0,0,0,0.7368592675093977,0.5931513802901255,0.7368592675093977,0.5931513802901255,1.0,1,0.625411826678933,48
2389,5,6081,6081,0,0,0,0,0.6749719043628493,0.5391885427814199,0.6749719043628493,0.5391885427814199,1.0,1,0.6498087735911625,48
2390,7,6088,6088,0,0,0,0,0.7040517267813642,0.5228602559362999,0.7040517267813642,0.5228602559362999,1.0,1,0.6431660794995716,49
2391,6,6094,6094,0,0,0,0,0.7258343017785053,0.5987557109256361,0.7258343017785053,0.5987557109256361,1.0,1,0.6161545273835674,48
2392,2,6096,6096,0,0,0,0,0.7537812735861538,0.6189543195434302,0.7537812735861538,0.6189543195434302,1.0,1,0.5902675981471273,49
2393,3,6099,6099,0,0,0,0,0.7931079001390587,0.5981246399368813,0.7931079001390587,0.5981246399368813,1.0,1,0.5585046128793547,50
2394,4,6103,6103,0,0,0,0,0.8134021645501823,0.6763693664208895,0.8134021645501823,0.6763693664208895,1.0,1,0.5482359376137153,50
2395,4,6107,6107,0,0,0,0,0.7880227853305746,0.6361921479838796,0.7880227853305746,0.6361921479838796,1.0,1,0.5724148016143616,49
2396,5,6112,6112,0,0,0,0,0.8126457054766935,0.6392412121402559,0.8126457054766935,0.6392412121402559,1.0,1,0.5470444778661661,50
2397,3,6115,6115,0,0,0,0,0.8140180093583167,0.6427698832768439,0.8140180093583167,0.6427698832768439,1.0,1,0.5409701612697612,51
2398,1,6116,6116,0,0,0,0,0.806769411927891,0.6768623519147343,0.806769411927891,0.6768623519147343,1.0,1,0.5592620398348939,49
2399,1,6117,6117,0,0,0,0,0.7918573692350962,0.6768623519147343,0.7918573692350962,0.6768623519147343,1.0,1,0.5533761905072457,50
2400,3,6120,6120,0,0,0,0,0.7726144036639485,0.6374468618616259,0.7726144036639485,0.6374468618616259,1.0,1,0.5729499227578417,51
2401,0,6120,6120,0,0,0,0,0.7680666917372275,0.6374468618616259,0.7680666917372275,0.6374468618616259,1.0,1,0.5773107506845176,50
2402,1,6121,6121,0,0,0,0,0.7737671190109914,0.6374468618616259,0.7737671190109914,0.6374468618616259,1.0,1,0.5741347448726469,51
2403,0,6121,6121,0,0,0,0,0.7781177513377031,0.6374468618616259,0.7781177513377031,0.6374468618616259,1.0,1,0.5628174126652828,52
2404,0,6121,6121,0,0,0,0,0.7616795950155754,0.5917873996368327,0.7616795950155754,0.5917873996368327,1.0,1,0.5701697910150731,53
2405,3,6124,6124,0,0,0,0,0.7941596990354571,0.6833017255274882,0.7941596990354571,0.6833017255274882,1.0,1,0.5400805134313182,52
2406,2,6126,6126,0,0,0,0,0.750596095035478,0.6741132942227142,0.750596095035478,0.6741132942227142,1.0,1,0.5653628674109782,52
2407,1,6127,6127,0,0,0,0,0.8015571604315238,0.6833017255274882,0.8015571604315238,0.6833017255274882,1.0,1,0.5450107993117065,51
2408,2,6129,6129,0,0,0,0,0.8241476185313584,0.6833017255274882,0.8241476185313584,0.6833017255274882,1.0,1,0.5479047765796216,50
2409,2,6131,6131,0,0,0,0,0.8526452960273491,0.6833017255274882,0.8526452960273491,0.6833017255274882,1.0,1,0.5184630043890643,50
2410,3,6134,6134,0,0,0,0,0.8600508454861018,0.6833017255274882,0.8600508454861018,0.6833017255274882,1.0,1,0.5122560126147852,49
2411,1,6135,6135,0,0,0,0,0.8579088202696847,0.6316847419412093,0.8579088202696847,0.6316847419412093,1.0,1,0.529531868314084,48
2412,2,6137,6137,0,0,0,0,0.8622140607633695,0.5952538034923981,0.8622140607633695,0.5952538034923981,1.0,1,0.5188097898700077,47
2413,0,6137,6137,0,0,0,0,0.8622140607633695,0.5952538034923981,0.8622140607633695,0.5952538034923981,1.0,1,0.5144754914652764,47
2414,1,6138,6138,0,0,0,0,0.8803814887563868,0.6307222521430336,0.8803814887563868,0.6307222521430336,1.0,1,0.4940709555398725,47
2415,2,6140,6140,0,0,0,0,0.835341230872652,0.6307222521430336,0.835341230872652,0.6307222521430336,1.0,1,0.5397767890550978,46
2416,1,6141,6141,0,0,0,0,0.8376712002973868,0.6821756530925553,0.8376712002973868,0.6821756530925553,1.0,1,0.5308407843796865,47
2417,2,6143,6143,0,0,0,0,0.794796717635394,0.6673459911954899,0.794796717635394,0.6673459911954899,1.0,1,0.5799496368630359,46
2418,3,6146,6146,0,0,0,0,0.7886113495239494,0.6425206354675022,0.7886113495239494,0.6425206354675022,1.0,1,0.5719540277092534,48
2419,4,6150,6150,0,0,0,0,0.8253908755538105,0.6837867578335385,0.8253908755538105,0.6837867578335385,1.0,1,0.5513764353674524,47
2420,4,6154,6154,0,0,0,0,0.8305485087124271,0.6837867578335385,0.8305485087124271,0.6837867578335385,1.0,1,0.529277097744892,49
2421,4,6158,6158,0,0,0,0,0.8773219519267457,0.6837867578335385,0.8773219519267457,0.6837867578335385,1.0,1,0.5164770130086009,50
2422,4,6162,6162,0,0,0,0,0.871418338191685,0.6837867578335385,0.871418338191685,0.6837867578335385,1.0,1,0.5247658450944291,50
2423,6,6168,6168,0,0,0,0,0.9172798588005113,0.6986623427732912,0.9172798588005113,0.6986623427732912,1.0,1,0.4784982459672795,51
2424,4,6172,6172,0,0,0,0,0.8966425281856459,0.6986623427732912,0.8966425281856459,0.6986623427732912,1.0,1,0.5078838410083051,50
2425,4,6176,6176,0,0,0,0,0.8679390511283586,0.6986623427732912,0.8679390511283586,0.6986623427732912,1.0,1,0.5275318971630976,48
2426,1,6177,6177,0,0,0,0,0.8385845490489257,0.6180006466350048,0.8385845490489257,0.6180006466350048,1.0,1,0.5349259497051972,51
2427,4,6181,6181,0,0,0,0,0.7813099633613696,0.5949249159556175,0.7813099633613696,0.5949249159556175,1.0,1,0.5841852434182279,50
2428,2,6183,6183,0,0,0,0,0.7550094621360381,0.5579827248801605,0.7550094621360381,0.5579827248801605,1.0,1,0.6094937173011715,49
2429,2,6185,6185,0,0,0,0,0.7312802186180021,0.5579827248801605,0.7312802186180021,0.5579827248801605,1.0,1,0.623918257967749,49
2430,0,6185,6185,0,0,0,0,0.7137550154843935,0.5579827248801605,0.7137550154843935,0.5579827248801605,1.0,1,0.6465657135931173,46
2431,2,6187,6187,0,0,0,0,0.7116605512888878,0.5983396045136385,0.7116605512888878,0.5983396045136385,1.0,1,0.644225655942544,45
2432,1,6188,6188,0,0,0,0,0.6806830490987378,0.5983396045136385,0.6806830490987378,0.5983396045136385,1.0,1,0.6742811982608757,44
2433,3,6191,6191,0,0,0,0,0.7637460067769668,0.5987933824229226,0.7637460067769668,0.5987933824229226,1.0,1,0.6201649892787734,45
2434,3,6194,6194,0,0,0,0,0.7828504893571996,0.6385371829626991,0.7828504893571996,0.6385371829626991,1.0,1,0.6257539993608253,44
2435,5,6199,6199,0,0,0,0,0.8837452764391809,0.7285167772552074,0.8837452764391809,0.7285167772552074,1.0,1,0.5585373837722853,44
2436,1,6200,6200,0,0,0,0,0.8639293268619372,0.7285167772552074,0.8639293268619372,0.7285167772552074,1.0,1,0.5666298134813895,44
2437,9,6209,6209,0,0,0,0,0.9292754394042845,0.8761651191982598,0.9292754394042845,0.8761651191982598,1.0,1,0.5243706707144631,45
2438,5,6214,6214,0,0,0,0,0.9135137773077339,0.7405413319232017,0.9135137773077339,0.7405413319232017,1.0,1,0.530849545142375,45
2439,3,6217,6217,0,0,0,0,0.8895384281510543,0.6874555963351145,0.8895384281510543,0.6874555963351145,1.0,1,0.5484060361098594,46
2440,4,6221,6221,0,0,0,0,0.8705003653251915,0.6874555963351145,0.8705003653251915,0.6874555963351145,1.0,1,0.568629683756505,45
2441,1,6222,6222,0,0,0,0,0.8515549235433503,0.6556908624222931,0.8515549235433503,0.6556908624222931,1.0,1,0.5757990347888747,45
2442,4,6226,6226,0,0,0,0,0.830138481106439,0.7036488942485051,0.830138481106439,0.7036488942485051,1.0,1,0.5812349166445665,46
2443,0,6226,6226,0,0,0,0,0.8432965152197197,0.6606141757296878,0.8432965152197197,0.6606141757296878,1.0,1,0.590053499250821,45
2444,2,6228,6228,0,0,0,0,0.8348917837174403,0.7490034662134657,0.8348917837174403,0.7490034662134657,1.0,1,0.5787413067346585,46
2445,2,6230,6230,0,0,0,0,0.8151716863926033,0.7121690721580911,0.8151716863926033,0.7121690721580911,1.0,1,0.6175828935585264,44
2446,4,6234,6234,0,0,0,0,0.8594382758866257,0.7474972806218583,0.8594382758866257,0.7474972806218583,1.0,1,0.5968558048396958,44
2447,1,6235,6235,0,0,0,0,0.8589717588925689,0.7755873141188425,0.8589717588925689,0.7755873141188425,1.0,1,0.601388487884923,42
2448,3,6238,6238,0,0,0,0,0.8657459039162947,0.7532133417663025,0.8657459039162947,0.7532133417663025,1.0,1,0.6071744291762052,41
2449,1,6239,6239,0,0,0,0,0.8639317747018179,0.7159740119977511,0.8639317747018179,0.7159740119977511,1.0,1,0.615534023896865,40
2450,4,6243,6243,0,0,0,0,0.8425638582743663,0.6269522641573435,0.8425638582743663,0.6269522641573435,1.0,1,0.6378228104151441,42
2451,5,6248,6248,0,0,0,0,0.9003373279550176,0.8007373838419928,0.9003373279550176,0.8007373838419928,1.0,1,0.570290067229213,43
2452,2,6250,6250,0,0,0,0,0.9034385860450745,0.8007373838419928,0.9034385860450745,0.8007373838419928,1.0,1,0.5785850128362816,43
2453,2,6252,6252,0,0,0,0,0.8721756396399944,0.731650044496362,0.8721756396399944,0.731650044496362,1.0,1,0.5920530239016899,45
2454,2,6254,6254,0,0,0,0,0.8538095600925915,0.7090133666792678,0.8538095600925915,0.7090133666792678,1.0,1,0.5824430094974208,47
2455,1,6255,6255,0,0,0,0,0.8501151927164089,0.7090133666792678,0.8501151927164089,0.7090133666792678,1.0,1,0.5752465314463014,48
2456,2,6257,6257,0,0,0,0,0.8283443668290269,0.6778344958437007,0.8283443668290269,0.6778344958437007,1.0,1,0.5813300199328585,49
2457,0,6257,6257,0,0,0,0,0.8413124065684275,0.7115456413084081,0.8413124065684275,0.7115456413084081,1.0,1,0.5766839083009041,48
2458,2,6259,6259,0,0,0,0,0.8507339897463927,0.6724312464062152,0.8507339897463927,0.6724312464062152,1.0,1,0.5604796284100889,49
2459,3,6262,6262,0,0,0,0,0.8718099384533409,0.7227992987666924,0.8718099384533409,0.7227992987666924,1.0,1,0.5390350327881588,49
2460,4,6266,6266,0,0,0,0,0.917124474177332,0.8153459078061546,0.917124474177332,0.8153459078061546,1.0,1,0.496797044259637,50
2461,4,6270,6270,0,0,0,0,0.9322360753880164,0.8153459078061546,0.9322360753880164,0.8153459078061546,1.0,1,0.47261275562820254,50
2462,8,6278,6278,0,0,0,0,0.9084012396234159,0.6885642147196142,0.9084012396234159,0.6885642147196142,1.0,1,0.5098978660292086,51
2463,7,6285,6285,0,0,0,0,0.8908895720108387,0.6522105107845485,0.8908895720108387,0.6522105107845485,1.0,1,0.5062933556127015,51
2464,7,6292,6292,0,0,0,0,0.8862941683723119,0.6446692761634746,0.8862941683723119,0.6446692761634746,1.0,1,0.529668061151918,50
2465,3,6295,6295,0,0,0,0,0.8829270099815011,0.6414639680683475,0.8829270099815011,0.6414639680683475,1.0,1,0.5222976856833627,49
2466,5,6300,6300,0,0,0,0,0.9067736207418458,0.6954604944233628,0.9067736207418458,0.6954604944233628,1.0,1,0.5140104742229985,49
2467,2,6302,6302,0,0,0,0,0.928588356975452,0.7551600810586926,0.928588356975452,0.7551600810586926,1.0,1,0.5225458596694075,48
2468,4,6306,6306,0,0,0,0,0.8933429563151313,0.7104807328082241,0.8933429563151313,0.7104807328082241,1.0,1,0.5779166561438634,47
2469,2,6308,6308,0,0,0,0,0.8490653267800886,0.7104807328082241,0.8490653267800886,0.7104807328082241,1.0,1,0.598980408555769,46
2470,0,6308,6308,0,0,0,0,0.8422046598155472,0.7104807328082241,0.8422046598155472,0.7104807328082241,1.0,1,0.6167932458903562,44
2471,2,6310,6310,0,0,0,0,0.7908740414365414,0.70173456509929,0.7908740414365414,0.70173456509929,1.0,1,0.6406569370300566,44
2472,1,6311,6311,0,0,0,0,0.7682596237189155,0.661975435021487,0.7682596237189155,0.661975435021487,1.0,1,0.6500424395478539,44
2473,1,6312,6312,0,0,0,0,0.762830341433748,0.7035773470799247,0.762830341433748,0.7035773470799247,1.0,1,0.6546476967527064,43
2474,3,6315,6315,0,0,0,0,0.7896456060433903,0.718975497018105,0.7896456060433903,0.718975497018105,1.0,1,0.6343388298461806,44
2475,4,6319,6319,0,0,0,0,0.8618911446348372,0.8213908463814105,0.8618911446348372,0.8213908463814105,1.0,1,0.5636212523211851,46
2476,2,6321,6321,0,0,0,0,0.8628256386156796,0.8044907123012224,0.8628256386156796,0.8044907123012224,1.0,1,0.5664196502232328,46
2477,0,6321,6321,0,0,0,0,0.8628256386156796,0.8044907123012224,0.8628256386156796,0.8044907123012224,1.0,1,0.5664196502232328,46
2478,4,6325,6325,0,0,0,0,0.84161316339953,0.6719445033400513,0.84161316339953,0.6719445033400513,1.0,1,0.5986714468500951,46
2479,0,6325,6325,0,0,0,0,0.84161316339953,0.6719445033400513,0.84161316339953,0.6719445033400513,1.0,1,0.5986714468500951,46
2480,2,6327,6327,0,0,0,0,0.8274897448873881,0.6876618738776739,0.8274897448873881,0.6876618738776739,1.0,1,0.5904273489411245,47
2481,1,6328,6328,0,0,0,0,0.8529104274567253,0.6401747462012719,0.8529104274567253,0.6401747462012719,1.0,1,0.5913353638932505,47
2482,3,6331,6331,0,0,0,0,0.8661956420911401,0.6236752433813314,0.8661956420911401,0.6236752433813314,1.0,1,0.5980805334356258,45
2483,1,6332,6332,0,0,0,0,0.8788644827293581,0.6685197255305672,0.8788644827293581,0.6685197255305672,1.0,1,0.5912131868603718,45
2484,1,6333,6333,0,0,0,0,0.8672656604157266,0.699468776384019,0.8672656604157266,0.699468776384019,1.0,1,0.5866254241980632,46
2485,2,6335,6335,0,0,0,0,0.9095167284463582,0.7983213516941712,0.9095167284463582,0.7983213516941712,1.0,1,0.5730411681316898,44
2486,3,6338,6338,0,0,0,0,0.967084553242346,0.8713305263109892,0.967084553242346,0.8713305263109892,1.0,1,0.5456806395572077,43
2487,2,6340,6340,0,0,0,0,0.9539220148171846,0.8440437424581629,0.9539220148171846,0.8440437424581629,1.0,1,0.5329566427612082,44
2488,5,6345,6345,0,0,0,0,0.962733665244934,0.8602512446685024,0.962733665244934,0.8602512446685024,1.0,1,0.5061875909903882,45
2489,1,6346,6346,0,0,0,0,0.9477637507004456,0.8556992194639619,0.9477637507004456,0.8556992194639619,1.0,1,0.5120895610447787,44
2490,4,6350,6350,0,0,0,0,0.9362853428578095,0.7997539346959728,0.9362853428578095,0.7997539346959728,1.0,1,0.5045705600432833,44
2491,2,6352,6352,0,0,0,0,0.9221182845113166,0.7997539346959728,0.9221182845113166,0.7997539346959728,1.0,1,0.5101710796011169,44
2492,4,6356,6356,0,0,0,0,0.8918213504416063,0.7025087137144173,0.8918213504416063,0.7025087137144173,1.0,1,0.5025251501688621,44
2493,4,6360,6360,0,0,0,0,0.9259998379277009,0.7779995137831027,0.9259998379277009,0.7779995137831027,1.0,1,0.53571354276749,42
2494,1,6361,6361,0,0,0,0,0.9052068718838219,0.734579241274701,0.9052068718838219,0.734579241274701,1.0,1,0.5399817064690307,42
2495,2,6363,6363,0,0,0,0,0.8975014874172617,0.7130041647683328,0.8975014874172617,0.7130041647683328,1.0,1,0.5422146860463496,42
2496,2,6365,6365,0,0,0,0,0.9097614796572683,0.7655505777179552,0.9097614796572683,0.7655505777179552,1.0,1,0.553911413947148,42
2497,1,6366,6366,0,0,0,0,0.8843714401844334,0.7655505777179552,0.8843714401844334,0.7655505777179552,1.0,1,0.538186770850481,44
2498,1,6367,6367,0,0,0,0,0.8539493668204784,0.7655505777179552,0.8539493668204784,0.7655505777179552,1.0,1,0.5763173623965555,43
2499,4,6371,6371,0,0,0,0,0.8034099418051956,0.6768074630982526,0.8034099418051956,0.6768074630982526,1.0,1,0.6029058503571685,43
2500,3,6374,6374,0,0,0,0,0.8816142359160711,0.7655505777179552,0.8816142359160711,0.7655505777179552,1.0,1,0.5394871119931843,44
2501,4,6378,6378,0,0,0,0,0.8221942075730174,0.7127794341108106,0.8221942075730174,0.7127794341108106,1.0,1,0.5750128786439662,46
2502,5,6383,6383,0,0,0,0,0.8715765596163211,0.7127794341108106,0.8715765596163211,0.7127794341108106,1.0,1,0.559269538351509,47
2503,2,6385,6385,0,0,0,0,0.849491768118936,0.7127794341108106,0.849491768118936,0.7127794341108106,1.0,1,0.5432433866776181,47
2504,4,6389,6389,0,0,0,0,0.9179340390210333,0.7568825874341334,0.9179340390210333,0.7568825874341334,1.0,1,0.5068974632623893,46
2505,5,6394,6394,0,0,0,0,0.8838413626522047,0.6660439176250884,0.8838413626522047,0.6660439176250884,1.0,1,0.5249853035373057,46
2506,2,6396,6396,0,0,0,0,0.8812600596000315,0.6660439176250884,0.8812600596000315,0.6660439176250884,1.0,1,0.5290598048467502,45
2507,4,6400,6400,0,0,0,0,0.8924353933899394,0.6918418492674798,0.8924353933899394,0.6918418492674798,1.0,1,0.5611175514301139,45
2508,1,6401,6401,0,0,0,0,0.8708848231790256,0.6918418492674798,0.8708848231790256,0.6918418492674798,1.0,1,0.5683273815372148,46
2509,3,6404,6404,0,0,0,0,0.8648482545033949,0.7200228477294629,0.8648482545033949,0.7200228477294629,1.0,1,0.5870189769863179,45
2510,3,6407,6407,0,0,0,0,0.8322837474006287,0.7117286587283034,0.8322837474006287,0.7117286587283034,1.0,1,0.5989604911128926,46
2511,1,6408,6408,0,0,0,0,0.8109883340401831,0.6960347879309369,0.8109883340401831,0.6960347879309369,1.0,1,0.6068470743942357,47
2512,2,6410,6410,0,0,0,0,0.8282012663312189,0.6980413241854435,0.8282012663312189,0.6980413241854435,1.0,1,0.5943576009164216,47
2513,4,6414,6414,0,0,0,0,0.8514139812244693,0.7437879602849214,0.8514139812244693,0.7437879602849214,1.0,1,0.573125224795343,48
2514,3,6417,6417,0,0,0,0,0.877883183035724,0.7467742610561166,0.877883183035724,0.7467742610561166,1.0,1,0.5529285171496056,48
2515,2,6419,6419,0,0,0,0,0.8654467006096526,0.7467742610561166,0.8654467006096526,0.7467742610561166,1.0,1,0.554168406680743,49
2516,5,6424,6424,0,0,0,0,0.8861843185865572,0.7199345972717958,0.8861843185865572,0.7199345972717958,1.0,1,0.5224434294788618,49
2517,2,6426,6426,0,0,0,0,0.8848912087090994,0.6665657119759217,0.8848912087090994,0.6665657119759217,1.0,1,0.5191147615827026,49
2518,1,6427,6427,0,0,0,0,0.8661923183400239,0.6385029833258811,0.8661923183400239,0.6385029833258811,1.0,1,0.5372795241201072,48
2519,2,6429,6429,0,0,0,0,0.8672434065444885,0.641656247939275,0.8672434065444885,0.641656247939275,1.0,1,0.5275018588336833,48
2520,0,6429,6429,0,0,0,0,0.8855246071139579,0.691529892009001,0.8855246071139579,0.691529892009001,1.0,1,0.5201882700942387,46
2521,0,6429,6429,0,0,0,0,0.8865468593326407,0.7465636039627063,0.8865468593326407,0.7465636039627063,1.0,1,0.509501670014405,47
2522,2,6431,6431,0,0,0,0,0.906026346589063,0.8119518202578163,0.906026346589063,0.8119518202578163,1.0,1,0.5152650372941685,45
2523,3,6434,6434,0,0,0,0,0.9554390985506364,0.8491784874021538,0.9554390985506364,0.8491784874021538,1.0,1,0.47728048455292255,44
2524,1,6435,6435,0,0,0,0,1.0,1.0,1.0,1.0,1.0,1,0.44037805222483895,42
2525,1,6436,6436,0,0,0,0,1.0,1.0,1.0,1.0,1.0,1,0.4471398499517597,42
2526,0,6436,6436,0,0,0,0,1.0,1.0,1.0,1.0,1.0,1,0.4394980028952738,41
2527,2,6438,6438,0,0,0,0,1.0,1.0,1.0,1.0,1.0,1,0.43858082926222797,41
2528,0,6438,6438,0,0,0,0,0.9895542286220979,0.9610657612278193,0.9895542286220979,0.9610657612278193,1.0,1,0.4709810954458468,41
2529,0,6438,6438,0,0,0,0,0.9898029374644288,0.9610657612278193,0.9898029374644288,0.9610657612278193,1.0,1,0.4663789060676268,42
2530,2,6440,6440,0,0,0,0,0.9895542286220979,0.9610657612278193,0.9895542286220979,0.9610657612278193,1.0,1,0.46603346294644793,41
2531,1,6441,6441,0,0,0,0,0.989554228622098,0.9610657612278193,0.989554228622098,0.9610657612278193,1.0,1,0.4835458992270455,41
2532,2,6443,6443,0,0,0,0,0.9693193647055887,0.8900610568616923,0.9693193647055887,0.8900610568616923,1.0,1,0.5351753501872529,43
2533,0,6443,6443,0,0,0,0,0.9693193647055885,0.8900610568616923,0.9693193647055885,0.8900610568616923,1.0,1,0.5351753501872529,43
2534,1,6444,6444,0,0,0,0,0.9515407357452945,0.8397116643882818,0.9515407357452945,0.8397116643882818,1.0,1,0.5389032287508372,43
2535,2,6446,6446,0,0,0,0,0.977662404136592,0.9180954818341707,0.977662404136592,0.9180954818341707,1.0,1,0.5143055781835768,44
2536,2,6448,6448,0,0,0,0,0.9591317466344951,0.8501497376598152,0.9591317466344951,0.8501497376598152,1.0,1,0.5190007911136616,44
2537,2,6450,6450,0,0,0,0,0.9590795928468372,0.8465484731756395,0.9590795928468372,0.8465484731756395,1.0,1,0.5120469598429126,45
2538,4,6454,6454,0,0,0,0,0.9390634295008287,0.7963797644590325,0.9390634295008287,0.7963797644590325,1.0,1,0.5149914889436613,48
2539,5,6459,6459,0,0,0,0,0.922749713203063,0.8340700889356214,0.922749713203063,0.8340700889356214,1.0,1,0.5187875825380429,48
2540,5,6464,6464,0,0,0,0,0.8481533683848792,0.7427605528721134,0.8481533683848792,0.7427605528721134,1.0,1,0.5567205306374364,50
2541,9,6473,6473,0,0,0,0,0.8946493255089294,0.678028161667725,0.8946493255089294,0.678028161667725,1.0,1,0.49158386304495383,52
2542,3,6476,6476,0,0,0,0,0.8897113676111439,0.7056851623369185,0.8897113676111439,0.7056851623369185,1.0,1,0.4877679469231787,52
2543,5,6481,6481,0,0,0,0,0.9388238728881779,0.8166690127880655,0.9388238728881779,0.8166690127880655,1.0,1,0.468322746706454,51
2544,3,6484,6484,0,0,0,0,0.9149653150806699,0.7443900720646299,0.9149653150806699,0.7443900720646299,1.0,1,0.5045894293255331,51
2545,4,6488,6488,0,0,0,0,0.8958877515085448,0.7020711482916677,0.8958877515085448,0.7020711482916677,1.0,1,0.5277908573027801,50
2546,4,6492,6492,0,0,0,0,0.8898470486341994,0.6588135269967249,0.8898470486341994,0.6588135269967249,1.0,1,0.5408219277267405,50
2547,0,6492,6492,0,0,0,0,0.9006592197197166,0.6887322217884455,0.9006592197197166,0.6887322217884455,1.0,1,0.5451099455090344,47
2548,3,6495,6495,0,0,0,0,0.9239619560605142,0.750160712770261,0.9239619560605142,0.750160712770261,1.0,1,0.5226830704899782,46
2549,0,6495,6495,0,0,0,0,0.9239619560605142,0.750160712770261,0.9239619560605142,0.750160712770261,1.0,1,0.530984630880482,46
2550,2,6497,6497,0,0,0,0,0.9437955566083065,0.8097695762127294,0.9437955566083065,0.8097695762127294,1.0,1,0.5346639069177265,44
2551,2,6499,6499,0,0,0,0,0.9460925846755915,0.8216908570038797,0.9460925846755915,0.8216908570038797,1.0,1,0.5378438258300272,43
2552,2,6501,6501,0,0,0,0,0.9215668184209156,0.7590980851499549,0.9215668184209156,0.7590980851499549,1.0,1,0.5599749231629795,43
2553,3,6504,6504,0,0,0,0,0.8911804259908405,0.7255238976745518,0.8911804259908405,0.7255238976745518,1.0,1,0.5787739155590162,44
2554,1,6505,6505,0,0,0,0,0.8935986387465996,0.7255238976745518,0.8935986387465996,0.7255238976745518,1.0,1,0.5573034807703782,45
2555,2,6507,6507,0,0,0,0,0.8923146525133668,0.7288509621406294,0.8923146525133668,0.7288509621406294,1.0,1,0.5596524792381068,44
2556,1,6508,6508,0,0,0,0,0.8877955389778355,0.7713573533907729,0.8877955389778355,0.7713573533907729,1.0,1,0.5504341304532469,44
2557,2,6510,6510,0,0,0,0,0.9219269011578248,0.7713573533907729,0.9219269011578248,0.7713573533907729,1.0,1,0.5372308434157289,41
2558,0,6510,6510,0,0,0,0,0.9380610954747135,0.8094187553068111,0.9380610954747135,0.8094187553068111,1.0,1,0.5124306389484826,40
2559,0,6510,6510,0,0,0,0,0.9395718004631352,0.8094187553068111,0.9395718004631352,0.8094187553068111,1.0,1,0.5034995720112503,41
2560,1,6511,6511,0,0,0,0,0.9395718004631352,0.8094187553068111,0.9395718004631352,0.8094187553068111,1.0,1,0.4989243831471646,41
2561,4,6515,6515,0,0,0,0,0.9192346254998209,0.8094187553068111,0.9192346254998209,0.8094187553068111,1.0,1,0.5300046426566037,43
2562,4,6519,6519,0,0,0,0,0.8570870492609938,0.73923260482383,0.8570870492609938,0.73923260482383,1.0,1,0.5609262602453846,44
2563,3,6522,6522,0,0,0,0,0.8715818809074826,0.73923260482383,0.8715818809074826,0.73923260482383,1.0,1,0.5778645437255422,44
2564,4,6526,6526,0,0,0,0,0.8693373517978009,0.73923260482383,0.8693373517978009,0.73923260482383,1.0,1,0.5745434102308477,44
2565,4,6530,6530,0,0,0,0,0.8673032234805415,0.73923260482383,0.8673032234805415,0.73923260482383,1.0,1,0.5874721123884807,45
2566,1,6531,6531,0,0,0,0,0.8451615803088061,0.7329366328208813,0.8451615803088061,0.7329366328208813,1.0,1,0.5913240486208633,46
2567,4,6535,6535,0,0,0,0,0.8692940023676553,0.6755125730768501,0.8692940023676553,0.6755125730768501,1.0,1,0.5564859564177759,48
2568,3,6538,6538,0,0,0,0,0.8437941855282451,0.6755125730768501,0.8437941855282451,0.6755125730768501,1.0,1,0.5604851274898289,48
2569,2,6540,6540,0,0,0,0,0.8669841195740866,0.6239794487931383,0.8669841195740866,0.6239794487931383,1.0,1,0.5469538576537151,49
2570,0,6540,6540,0,0,0,0,0.8642129553985467,0.6239794487931383,0.8642129553985467,0.6239794487931383,1.0,1,0.5485906100758222,48
2571,1,6541,6541,0,0,0,0,0.8746598162643795,0.6239794487931383,0.8746598162643795,0.6239794487931383,1.0,1,0.530657505334084,48
2572,0,6541,6541,0,0,0,0,0.8772177791977593,0.6239794487931383,0.8772177791977593,0.6239794487931383,1.0,1,0.5130229546788398,49
2573,1,6542,6542,0,0,0,0,0.8796734236138042,0.6239794487931383,0.8796734236138042,0.6239794487931383,1.0,1,0.49503906608677023,50
2574,0,6542,6542,0,0,0,0,0.8772177791977593,0.6239794487931383,0.8772177791977593,0.6239794487931383,1.0,1,0.4927991076541222,49
2575,1,6543,6543,0,0,0,0,0.8746598162643794,0.6239794487931383,0.8746598162643794,0.6239794487931383,1.0,1,0.4875319120564572,48
2576,1,6544,6544,0,0,0,0,0.8746598162643794,0.6239794487931383,0.8746598162643794,0.6239794487931383,1.0,1,0.47221825133146866,48
2577,0,6544,6544,0,0,0,0,0.8598236526102654,0.5877166253243103,0.8598236526102654,0.5877166253243103,1.0,1,0.49655843625796214,50
2578,2,6546,6546,0,0,0,0,0.8396479633782845,0.5545776760507903,0.8396479633782845,0.5545776760507903,1.0,1,0.5255930313784672,50
2579,5,6551,6551,0,0,0,0,0.8654731535051164,0.5964194605153493,0.8654731535051164,0.5964194605153493,1.0,1,0.49214559981731076,51
2580,2,6553,6553,0,0,0,0,0.8286854794086789,0.5641737901383915,0.8286854794086789,0.5641737901383915,1.0,1,0.5358210242361271,52
2581,4,6557,6557,0,0,0,0,0.8594022268059792,0.6183123037715427,0.8594022268059792,0.6183123037715427,1.0,1,0.5364198158504642,51
2582,5,6562,6562,0,0,0,0,0.7997109376596284,0.5479634352748547,0.7997109376596284,0.5479634352748547,1.0,1,0.5822552824485441,51
2583,4,6566,6566,0,0,0,0,0.7596695410983724,0.6059487511665388,0.7596695410983724,0.6059487511665388,1.0,1,0.5887970975247715,51
2584,7,6573,6573,0,0,0,0,0.7807077187121955,0.6057966232519899,0.7807077187121955,0.6057966232519899,1.0,1,0.5880432349770685,51
2585,6,6579,6579,0,0,0,0,0.8318100874613217,0.6714105283892826,0.8318100874613217,0.6714105283892826,1.0,1,0.5546672529626127,50
2586,6,6585,6585,0,0,0,0,0.8412446687938648,0.636543358673355,0.8412446687938648,0.636543358673355,1.0,1,0.5507908245437745,50
2587,1,6586,6586,0,0,0,0,0.8586049512466309,0.6076412961783294,0.8586049512466309,0.6076412961783294,1.0,1,0.5561817505166373,48
2588,4,6590,6590,0,0,0,0,0.8875182445718132,0.7701549411989018,0.8875182445718132,0.7701549411989018,1.0,1,0.5108274936552352,50
2589,2,6592,6592,0,0,0,0,0.9182880542108395,0.7480474249329554,0.9182880542108395,0.7480474249329554,1.0,1,0.5040434468877609,48
2590,6,6598,6598,0,0,0,0,0.9053147602333049,0.682128123640381,0.9053147602333049,0.682128123640381,1.0,1,0.5213473908701582,47
2591,3,6601,6601,0,0,0,0,0.8816275020017548,0.6785868095828568,0.8816275020017548,0.6785868095828568,1.0,1,0.5450313708931483,47
2592,6,6607,6607,0,0,0,0,0.7586830704198796,0.48609135249059315,0.7586830704198796,0.48609135249059315,1.0,1,0.6296366946362395,47
2593,2,6609,6609,0,0,0,0,0.7876812308179028,0.5272487953381133,0.7876812308179028,0.5272487953381133,1.0,1,0.614841754279263,47
2594,2,6611,6611,0,0,0,0,0.8177153114040191,0.5419824361644969,0.8177153114040191,0.5419824361644969,1.0,1,0.5970570902233556,49
2595,4,6615,6615,0,0,0,0,0.8107025040707879,0.5334085437534348,0.8107025040707879,0.5334085437534348,1.0,1,0.5944401606069171,48
2596,1,6616,6616,0,0,0,0,0.8401300503839562,0.5580066098850551,0.8401300503839562,0.5580066098850551,1.0,1,0.5870084171159756,47
2597,3,6619,6619,0,0,0,0,0.8221427065673194,0.5257138841795184,0.8221427065673194,0.5257138841795184,1.0,1,0.5756687067216637,48
2598,1,6620,6620,0,0,0,0,0.8440014048691041,0.5595333784539412,0.8440014048691041,0.5595333784539412,1.0,1,0.5647300436037769,48
2599,4,6624,6624,0,0,0,0,0.8904409896064189,0.6421072327143017,0.8904409896064189,0.6421072327143017,1.0,1,0.5098776085523427,49
2600,0,6624,6624,0,0,0,0,0.8939038720242556,0.6421072327143017,0.8939038720242556,0.6421072327143017,1.0,1,0.5037594634073087,52
2601,3,6627,6627,0,0,0,0,0.9104325486568914,0.6843333662110489,0.9104325486568914,0.6843333662110489,1.0,1,0.5011289242773103,51
2602,1,6628,6628,0,0,0,0,0.8955179431539393,0.6477026792972052,0.8955179431539393,0.6477026792972052,1.0,1,0.5048962435174799,52
2603,3,6631,6631,0,0,0,0,0.8945702885425694,0.682155167461663,0.8945702885425694,0.682155167461663,1.0,1,0.476155260436432,53
2604,1,6632,6632,0,0,0,0,0.880281291359987,0.6528570329190944,0.880281291359987,0.6528570329190944,1.0,1,0.4850215641524265,53
2605,0,6632,6632,0,0,0,0,0.8779790085015252,0.6528570329190944,0.8779790085015252,0.6528570329190944,1.0,1,0.4860733906916941,52
2606,3,6635,6635,0,0,0,0,0.8430962771946207,0.5467225785622374,0.8430962771946207,0.5467225785622374,1.0,1,0.5120715664943705,52
2607,3,6638,6638,0,0,0,0,0.8628994357050809,0.5806335680390706,0.8628994357050809,0.5806335680390706,1.0,1,0.5008725465654805,52
2608,4,6642,6642,0,0,0,0,0.7833743973110118,0.46359374572250545,0.7833743973110118,0.46359374572250545,1.0,1,0.54493347758029,52
2609,3,6645,6645,0,0,0,0,0.8061998659665702,0.48642964481141077,0.8061998659665702,0.48642964481141077,1.0,1,0.5542769197775711,53
2610,5,6650,6650,0,0,0,0,0.8245017865768213,0.5012156039551764,0.8245017865768213,0.5012156039551764,1.0,1,0.5363922561601782,54
2611,5,6655,6655,0,0,0,0,0.8628432123524831,0.6040896679655886,0.8628432123524831,0.6040896679655886,1.0,1,0.49623226986455043,54
2612,3,6658,6658,0,0,0,0,0.8351392894255654,0.5785452963620934,0.8351392894255654,0.5785452963620934,1.0,1,0.5131954065445039,56
2613,3,6661,6661,0,0,0,0,0.7982935235839245,0.5571342279151723,0.7982935235839245,0.5571342279151723,1.0,1,0.5239134886840319,56
2614,5,6666,6666,0,0,0,0,0.7586975072313592,0.514965103326793,0.7586975072313592,0.514965103326793,1.0,1,0.5564720222187758,56
2615,2,6668,6668,0,0,0,0,0.7638136102155736,0.5176132810810867,0.7638136102155736,0.5176132810810867,1.0,1,0.5502111097643054,57
2616,3,6671,6671,0,0,0,0,0.7618092432962325,0.5314765540035109,0.7618092432962325,0.5314765540035109,1.0,1,0.5490324220181242,57
2617,3,6674,6674,0,0,0,0,0.7631381675081471,0.5582164523867503,0.7631381675081471,0.5582164523867503,1.0,1,0.5490399734945629,58
2618,2,6676,6676,0,0,0,0,0.7826223383894445,0.601235100105625,0.7826223383894445,0.601235100105625,1.0,1,0.5402749097032499,58
2619,3,6679,6679,0,0,0,0,0.7966296746975539,0.5905349384012246,0.7966296746975539,0.5905349384012246,1.0,1,0.5257194691932991,58
2620,1,6680,6680,0,0,0,0,0.8034086855409688,0.5905349384012246,0.8034086855409688,0.5905349384012246,1.0,1,0.5144981700125678,60
2621,2,6682,6682,0,0,0,0,0.7991887303259172,0.5540116135013022,0.7991887303259172,0.5540116135013022,1.0,1,0.5327544143472908,59
2622,2,6684,6684,0,0,0,0,0.8020084687793345,0.5324729936268465,0.8020084687793345,0.5324729936268465,1.0,1,0.5338376562395979,60
2623,5,6689,6689,0,0,0,0,0.8061831805482845,0.5324729936268465,0.8061831805482845,0.5324729936268465,1.0,1,0.531727755653758,59
2624,5,6694,6694,0,0,0,0,0.7752229141281713,0.5324729936268465,0.7752229141281713,0.5324729936268465,1.0,1,0.5613425270697676,58
2625,3,6697,6697,0,0,0,0,0.7462538683023403,0.5130549076041211,0.7462538683023403,0.5130549076041211,1.0,1,0.579687538425398,58
2626,1,6698,6698,0,0,0,0,0.7410364554172932,0.5130549076041211,0.7410364554172932,0.5130549076041211,1.0,1,0.5921111864732735,57
2627,2,6700,6700,0,0,0,0,0.7373376129362412,0.5130549076041211,0.7373376129362412,0.5130549076041211,1.0,1,0.6184292739599186,55
2628,2,6702,6702,0,0,0,0,0.7668564441078902,0.5130549076041211,0.7668564441078902,0.5130549076041211,1.0,1,0.6027390470295905,55
2629,1,6703,6703,0,0,0,0,0.7625389708506289,0.5130549076041211,0.7625389708506289,0.5130549076041211,1.0,1,0.6159617203234246,54
2630,1,6704,6704,0,0,0,0,0.766940942176602,0.48668711446724755,0.766940942176602,0.48668711446724755,1.0,1,0.6149416026276203,55
2631,0,6704,6704,0,0,0,0,0.766940942176602,0.48668711446724755,0.766940942176602,0.48668711446724755,1.0,1,0.6026173209925032,55
2632,2,6706,6706,0,0,0,0,0.767775595956043,0.5336331531745504,0.767775595956043,0.5336331531745504,1.0,1,0.5948218380941708,55
2633,4,6710,6710,0,0,0,0,0.761082502726207,0.5766823666644229,0.761082502726207,0.5766823666644229,1.0,1,0.5954479270564907,53
2634,3,6713,6713,0,0,0,0,0.776976240651651,0.6463114354621058,0.776976240651651,0.6463114354621058,1.0,1,0.5806349808095266,52
2635,6,6719,6719,0,0,0,0,0.7538526444382779,0.5810338899133967,0.7538526444382779,0.5810338899133967,1.0,1,0.6042568801842778,52
2636,7,6726,6726,0,0,0,0,0.7522086587229172,0.5634084647410418,0.7522086587229172,0.5634084647410418,1.0,1,0.6136129504927783,51
2637,6,6732,6732,0,0,0,0,0.7486080888989457,0.5036016150544197,0.7486080888989457,0.5036016150544197,1.0,1,0.6352440036306264,50
2638,8,6740,6740,0,0,0,0,0.8836222374369459,0.74282502062108,0.8836222374369459,0.74282502062108,1.0,1,0.5538317342718398,48
2639,6,6746,6746,0,0,0,0,0.8451838665149222,0.6256434110952167,0.8451838665149222,0.6256434110952167,1.0,1,0.5951007632221711,48
2640,4,6750,6750,0,0,0,0,0.8882325442510814,0.7130095072910989,0.8882325442510814,0.7130095072910989,1.0,1,0.5677714584505678,46
2641,4,6754,6754,0,0,0,0,0.882979214044221,0.6795541446614506,0.882979214044221,0.6795541446614506,1.0,1,0.5793251484832922,46
2642,4,6758,6758,0,0,0,0,0.9163151743074978,0.8212560660542542,0.9163151743074978,0.8212560660542542,1.0,1,0.5479084367769468,47
2643,3,6761,6761,0,0,0,0,0.9147078363790336,0.7441235091371006,0.9147078363790336,0.7441235091371006,1.0,1,0.5575792103919387,45
2644,3,6764,6764,0,0,0,0,0.8967489585059997,0.7761990871128326,0.8967489585059997,0.7761990871128326,1.0,1,0.5719829337859287,44
2645,6,6770,6770,0,0,0,0,0.9606646953518382,0.8623264337314334,0.9606646953518382,0.8623264337314334,1.0,1,0.5274454708609805,42
2646,3,6773,6773,0,0,0,0,0.930001105764434,0.8353913410560398,0.930001105764434,0.8353913410560398,1.0,1,0.5430945872330293,43
2647,5,6778,6778,0,0,0,0,0.9405629240724919,0.8171166894538217,0.9405629240724919,0.8171166894538217,1.0,1,0.5513145470283473,40
2648,2,6780,6780,0,0,0,0,0.9006388835765567,0.8171166894538217,0.9006388835765567,0.8171166894538217,1.0,1,0.5556184903193063,41
2649,1,6781,6781,0,0,0,0,0.9214557860094316,0.8171166894538217,0.9214557860094316,0.8171166894538217,1.0,1,0.5453789185785297,43
2650,1,6782,6782,0,0,0,0,0.8929237762407763,0.6990537525654147,0.8929237762407763,0.6990537525654147,1.0,1,0.5668762132666723,43
2651,3,6785,6785,0,0,0,0,0.8742482898809109,0.6541827971725049,0.8742482898809109,0.6541827971725049,1.0,1,0.525418242026587,44
2652,1,6786,6786,0,0,0,0,0.8742482898809109,0.6541827971725049,0.8742482898809109,0.6541827971725049,1.0,1,0.5296027804189508,44
2653,1,6787,6787,0,0,0,0,0.8742482898809109,0.6541827971725049,0.8742482898809109,0.6541827971725049,1.0,1,0.5236013793586123,44
2654,5,6792,6792,0,0,0,0,0.8588500074989505,0.6263676669089869,0.8588500074989505,0.6263676669089869,1.0,1,0.5307283874710704,45
2655,0,6792,6792,0,0,0,0,0.8588500074989507,0.6263676669089869,0.8588500074989507,0.6263676669089869,1.0,1,0.5307283874710704,45
2656,2,6794,6794,0,0,0,0,0.8588500074989507,0.6263676669089869,0.8588500074989507,0.6263676669089869,1.0,1,0.5445815854562376,45
2657,2,6796,6796,0,0,0,0,0.8588500074989507,0.6263676669089869,0.8588500074989507,0.6263676669089869,1.0,1,0.5333689799643158,45
2658,4,6800,6800,0,0,0,0,0.8615022941452569,0.6669119597673151,0.8615022941452569,0.6669119597673151,1.0,1,0.5290116026090113,47
2659,5,6805,6805,0,0,0,0,0.867397732166364,0.7051196036997127,0.867397732166364,0.7051196036997127,1.0,1,0.5392482412841113,46
2660,9,6814,6814,0,0,0,0,0.8797971985066977,0.7360797940471682,0.8797971985066977,0.7360797940471682,1.0,1,0.5261968680299851,46
2661,2,6816,6816,0,0,0,0,0.9020405752444117,0.7903137314744549,0.9020405752444117,0.7903137314744549,1.0,1,0.5318481945650603,46
2662,8,6824,6824,0,0,0,0,0.9204790932717919,0.7594575661025259,0.9204790932717919,0.7594575661025259,1.0,1,0.5339983065262827,47
2663,7,6831,6831,0,0,0,0,0.8978094341824191,0.7023807548758061,0.8978094341824191,0.7023807548758061,1.0,1,0.5432359674106658,46
2664,3,6834,6834,0,0,0,0,0.920286976754794,0.760670807479396,0.920286976754794,0.760670807479396,1.0,1,0.5431956428118886,45
2665,3,6837,6837,0,0,0,0,0.8634786243245112,0.6977821431886245,0.8634786243245112,0.6977821431886245,1.0,1,0.5484144974204108,47
2666,6,6843,6843,0,0,0,0,0.8792799783486233,0.7292425562116168,0.8792799783486233,0.7292425562116168,1.0,1,0.5321944322647845,47
2667,4,6847,6847,0,0,0,0,0.9010327965493461,0.8022855884075321,0.9010327965493461,0.8022855884075321,1.0,1,0.5183385806369095,45
2668,3,6850,6850,0,0,0,0,0.8340588880461476,0.6509929229158736,0.8340588880461476,0.6509929229158736,1.0,1,0.5759737104586246,45
2669,3,6853,6853,0,0,0,0,0.8498767330854406,0.7442171128806586,0.8498767330854406,0.7442171128806586,1.0,1,0.562857396044527,45
2670,4,6857,6857,0,0,0,0,0.8533310834399083,0.7553203818771619,0.8533310834399083,0.7553203818771619,1.0,1,0.5809588181572002,45
2671,3,6860,6860,0,0,0,0,0.8663301390260054,0.7907760974172964,0.8663301390260054,0.7907760974172964,1.0,1,0.6021737421600928,41
2672,2,6862,6862,0,0,0,0,0.8629478172248968,0.7311211403536118,0.8629478172248968,0.7311211403536118,1.0,1,0.6321154708038248,40
2673,3,6865,6865,0,0,0,0,0.8459187282328033,0.6633750385975038,0.8459187282328033,0.6633750385975038,1.0,1,0.6421470258767619,39
2674,6,6871,6871,0,0,0,0,0.8816657912859903,0.7597776320607439,0.8816657912859903,0.7597776320607439,1.0,1,0.6341359246662521,37
2675,1,6872,6872,0,0,0,0,0.9063501432021345,0.8314774959402282,0.9063501432021345,0.8314774959402282,1.0,1,0.6190672849555418,35
2676,3,6875,6875,0,0,0,0,0.8984793310882838,0.801386713661207,0.8984793310882838,0.801386713661207,1.0,1,0.6265563669235854,34
2677,2,6877,6877,0,0,0,0,0.9491319361871019,0.8643518298322717,0.9491319361871019,0.8643518298322717,1.0,1,0.580635013883369,32
2678,2,6879,6879,0,0,0,0,0.9216920233508242,0.8012182131213229,0.9216920233508242,0.8012182131213229,1.0,1,0.5768292666399792,33
2679,1,6880,6880,0,0,0,0,0.906198841226103,0.7618893661893384,0.906198841226103,0.7618893661893384,1.0,1,0.5729680348181286,33
2680,1,6881,6881,0,0,0,0,0.8812492260958297,0.7200874615115987,0.8812492260958297,0.7200874615115987,1.0,1,0.5797306616368109,33
2681,1,6882,6882,0,0,0,0,0.9390329803104318,0.837421280827818,0.9390329803104318,0.837421280827818,1.0,1,0.5341838214071256,32
2682,0,6882,6882,0,0,0,0,0.9390329803104317,0.837421280827818,0.9390329803104317,0.837421280827818,1.0,1,0.5341838214071256,32
2683,2,6884,6884,0,0,0,0,1.0,1.0,1.0,1.0,1.0,1,0.5178732051625897,32
2684,1,6885,6885,0,0,0,0,1.0,1.0,1.0,1.0,1.0,1,0.49682128292647876,31
2685,2,6887,6887,0,0,0,0,1.0,1.0,1.0,1.0,1.0,1,0.498469342735463,30
2686,3,6890,6890,0,0,0,0,1.0,1.0,1.0,1.0,1.0,1,0.4656929046146081,29
2687,1,6891,6891,0,0,0,0,1.0,1.0,1.0,1.0,1.0,1,0.503133991789651,28
2688,3,6894,6894,0,0,0,0,1.0,1.0,1.0,1.0,1.0,1,0.5530086386106937,28
2689,3,6897,6897,0,0,0,0,1.0,1.0,1.0,1.0,1.0,1,0.6150361989477287,29
2690,1,6898,6898,0,0,0,0,1.0,1.0,1.0,1.0,1.0,1,0.6389759722664123,29
2691,0,6898,6898,0,0,0,0,1.0,1.0,1.0,1.0,1.0,1,0.6389759722664123,29
2692,5,6903,6903,0,0,0,0,0.9698346325781476,0.9149885099929613,0.9698346325781476,0.9149885099929613,1.0,1,0.6286420467026805,31
2693,3,6906,6906,0,0,0,0,1.0,1.0,1.0,1.0,1.0,1,0.5447130698542069,32
2694,2,6908,6908,0,0,0,0,1.0,1.0,1.0,1.0,1.0,1,0.5147929500937535,32
2695,2,6910,6910,0,0,0,0,1.0,1.0,1.0,1.0,1.0,1,0.5398432549343495,33
2696,2,6912,6912,0,0,0,0,1.0,1.0,1.0,1.0,1.0,1,0.5731567902703787,33
2697,1,6913,6913,0,0,0,0,0.9809475341950479,0.9411105602392388,0.9809475341950479,0.9411105602392388,1.0,1,0.5734574598379166,34
2698,0,6913,6913,0,0,0,0,0.9809475341950479,0.9411105602392388,0.9809475341950479,0.9411105602392388,1.0,1,0.5734574598379166,34
2699,5,6918,6918,0,0,0,0,1.0,1.0,1.0,1.0,1.0,1,0.5327168133262473,36
2700,4,6922,6922,0,0,0,0,0.924562590197892,0.791096403624932,0.924562590197892,0.791096403624932,1.0,1,0.5596675444921767,36
2701,2,6924,6924,0,0,0,0,0.9245625901978922,0.791096403624932,0.9245625901978922,0.791096403624932,1.0,1,0.5721404666775528,36
2702,3,6927,6927,0,0,0,0,0.8965877474022483,0.7340827790343534,0.8965877474022483,0.7340827790343534,1.0,1,0.5783294863056679,36
2703,3,6930,6930,0,0,0,0,0.8474952346272093,0.6378011822396221,0.8474952346272093,0.6378011822396221,1.0,1,0.57325339296197,38
2704,3,6933,6933,0,0,0,0,0.7887371026847448,0.5657373777408643,0.7887371026847448,0.5657373777408643,1.0,1,0.590074179815394,37
2705,3,6936,6936,0,0,0,0,0.7828686888704322,0.5657373777408643,0.7828686888704322,0.5657373777408643,1.0,1,0.6098197397910294,36
2706,3,6939,6939,0,0,0,0,0.770096258803987,0.5657373777408643,0.770096258803987,0.5657373777408643,1.0,1,0.6642435496663083,34
2707,3,6942,6942,0,0,0,0,0.8147803366400661,0.6077701246495517,0.8147803366400661,0.6077701246495517,1.0,1,0.6309663988478318,36
2708,3,6945,6945,0,0,0,0,0.8712624313995658,0.6910298353589579,0.8712624313995658,0.6910298353589579,1.0,1,0.5955362658581269,36
2709,5,6950,6950,0,0,0,0,0.9004457054075131,0.7472852521883027,0.9004457054075131,0.7472852521883027,1.0,1,0.57636117076352,33
2710,5,6955,6955,0,0,0,0,0.9662019698508943,0.9016784577480562,0.9662019698508943,0.9016784577480562,1.0,1,0.546560158619235,32
2711,3,6958,6958,0,0,0,0,1.0,1.0,1.0,1.0,1.0,1,0.5249589100255021,29
2712,2,6960,6960,0,0,0,0,1.0,1.0,1.0,1.0,1.0,1,0.4906540940470331,28
2713,1,6961,6961,0,0,0,0,1.0,1.0,1.0,1.0,1.0,1,0.5129803903873766,28
2714,4,6965,6965,0,0,0,0,1.0,1.0,1.0,1.0,1.0,1,0.5104347866595879,25
2715,1,6966,6966,0,0,0,0,1.0,1.0,1.0,1.0,1.0,1,0.47855930719578205,24
2716,6,6972,6972,0,0,0,0,1.0,1.0,1.0,1.0,1.0,1,0.5683896807466223,23
2717,2,6974,6974,0,0,0,0,1.0,1.0,1.0,1.0,1.0,1,0.5583928331981859,24
2718,3,6977,6977,0,0,0,0,1.0,1.0,1.0,1.0,1.0,1,0.5746028587589144,24
2719,2,6979,6979,0,0,0,0,1.0,1.0,1.0,1.0,1.0,1,0.5288470547227305,25
2720,2,6981,6981,0,0,0,0,1.0,1.0,1.0,1.0,1.0,1,0.5478266393545684,25
2721,2,6983,6983,0,0,0,0,1.0,1.0,1.0,1.0,1.0,1,0.5189310336604857,26
2722,2,6985,6985,0,0,0,0,1.0,1.0,1.0,1.0,1.0,1,0.5827316593563524,26
2723,2,6987,6987,0,0,0,0,1.0,1.0,1.0,1.0,1.0,1,0.5462829763424277,26
2724,2,6989,6989,0,0,0,0,1.0,1.0,1.0,1.0,1.0,1,0.5013440565375286,27
2725,2,6991,6991,0,0,0,0,1.0,1.0,1.0,1.0,1.0,1,0.500975808453654,27
2726,0,6991,6991,0,0,0,0,1.0,1.0,1.0,1.0,1.0,1,0.5179397732910868,28
2727,0,6991,6991,0,0,0,0,1.0,1.0,1.0,1.0,1.0,1,0.49797551023685666,29
2728,3,6994,6994,0,0,0,0,1.0,1.0,1.0,1.0,1.0,1,0.5474356416186178,28
2729,1,6995,6995,0,0,0,0,1.0,1.0,1.0,1.0,1.0,1,0.4927353034579834,28
2730,1,6996,6996,0,0,0,0,1.0,1.0,1.0,1.0,1.0,1,0.47861221442925617,29
2731,3,6999,6999,0,0,0,0,0.9732177308944202,0.9196531926832605,0.9732177308944202,0.9196531926832605,1.0,1,0.5045133678195877,30
2732,2,7001,7001,0,0,0,0,0.972294204373538,0.9196531926832605,0.972294204373538,0.9196531926832605,1.0,1,0.5749718534853471,29
2733,3,7004,7004,0,0,0,0,0.9183854983788076,0.8027649544154519,0.9183854983788076,0.8027649544154519,1.0,1,0.6073564219767178,29
2734,2,7006,7006,0,0,0,0,0.9183854983788077,0.8027649544154519,0.9183854983788077,0.8027649544154519,1.0,1,0.609448280698306,29
2735,3,7009,7009,0,0,0,0,0.8550545244695351,0.6997558006868941,0.8550545244695351,0.6997558006868941,1.0,1,0.6631408788682356,29
2736,0,7009,7009,0,0,0,0,0.833291696100225,0.6665833922004498,0.833291696100225,0.6665833922004498,1.0,1,0.6683852080545516,30
2737,0,7009,7009,0,0,0,0,0.8332916961002249,0.6665833922004498,0.8332916961002249,0.6665833922004498,1.0,1,0.6683852080545516,30
2738,0,7009,7009,0,0,0,0,0.8275431338967844,0.6665833922004498,0.8275431338967844,0.6665833922004498,1.0,1,0.6961316760863004,29
2739,3,7012,7012,0,0,0,0,0.8332916961002249,0.6665833922004498,0.8332916961002249,0.6665833922004498,1.0,1,0.6672039836554943,30
2740,3,7015,7015,0,0,0,0,0.8275431338967844,0.6665833922004498,0.8275431338967844,0.6665833922004498,1.0,1,0.6848578162117285,29
2741,0,7015,7015,0,0,0,0,0.8275431338967844,0.6665833922004498,0.8275431338967844,0.6665833922004498,1.0,1,0.6848578162117285,29
2742,2,7017,7017,0,0,0,0,0.8275431338967844,0.6665833922004498,0.8275431338967844,0.6665833922004498,1.0,1,0.713619285231799,29
2743,0,7017,7017,0,0,0,0,0.8288822632213263,0.6665833922004498,0.8288822632213263,0.6665833922004498,1.0,1,0.7119724380562125,30
2744,2,7019,7019,0,0,0,0,0.8213839601073838,0.6665833922004498,0.8213839601073838,0.6665833922004498,1.0,1,0.7369576052253461,28
2745,0,7019,7019,0,0,0,0,0.7814933919185324,0.6312700988625235,0.7814933919185324,0.6312700988625235,1.0,1,0.7477291096430192,27
2746,2,7021,7021,0,0,0,0,0.896910147445094,0.7938202948901881,0.896910147445094,0.7938202948901881,1.0,1,0.705095188116952,26
2747,1,7022,7022,0,0,0,0,0.9756806325948145,0.9513612651896293,0.9756806325948145,0.9513612651896293,1.0,1,0.709021831975118,22
2748,5,7027,7027,0,0,0,0,1.0,1.0,1.0,1.0,1.0,1,0.6023854274754012,22
2749,2,7029,7029,0,0,0,0,1.0,1.0,1.0,1.0,1.0,1,0.5400141414935161,20
2750,3,7032,7032,0,0,0,0,1.0,1.0,1.0,1.0,1.0,1,0.5498268982935482,17
2751,4,7036,7036,0,0,0,0,1.0,1.0,1.0,1.0,1.0,1,0.5967740658805556,17
2752,3,7039,7039,0,0,0,0,1.0,1.0,1.0,1.0,1.0,1,0.6288813791081886,16
2753,1,7040,7040,0,0,0,0,1.0,1.0,1.0,1.0,1.0,1,0.5961188970467067,16
2754,2,7042,7042,0,0,0,0,1.0,1.0,1.0,1.0,1.0,1,0.5976066452733857,16
2755,1,7043,7043,0,0,0,0,1.0,1.0,1.0,1.0,1.0,1,0.6058004154020098,16
2756,0,7043,7043,0,0,0,0,1.0,1.0,1.0,1.0,1.0,1,0.622227570604459,17
2757,0,7043,7043,0,0,0,0,1.0,1.0,1.0,1.0,1.0,1,0.5816419696395801,18
2758,0,7043,7043,0,0,0,0,1.0,1.0,1.0,1.0,1.0,1,0.5816419696395801,18
2759,1,7044,7044,0,0,0,0,1.0,1.0,1.0,1.0,1.0,1,0.5680129182677329,19
2760,1,7045,7045,0,0,0,0,1.0,1.0,1.0,1.0,1.0,1,0.47009301979607443,18
2761,1,7046,7046,0,0,0,0,1.0,1.0,1.0,1.0,1.0,1,0.48103161985578813,18
2762,1,7047,7047,0,0,0,0,1.0,1.0,1.0,1.0,1.0,1,0.5015643766846591,18
2763,0,7047,7047,0,0,0,0,1.0,1.0,1.0,1.0,1.0,1,0.5015643766846591,18
2764,0,7047,7047,0,0,0,0,1.0,1.0,1.0,1.0,1.0,1,0.5015643766846591,18
2765,0,7047,7047,0,0,0,0,1.0,1.0,1.0,1.0,1.0,1,0.535841594355051,18
2766,0,7047,7047,0,0,0,0,1.0,1.0,1.0,1.0,1.0,1,0.535841594355051,18
2767,0,7047,7047,0,0,0,0,1.0,1.0,1.0,1.0,1.0,1,0.5779033823438967,17
2768,2,7049,7049,0,0,0,0,1.0,1.0,1.0,1.0,1.0,1,0.5752171648639305,17
2769,1,7050,7050,0,0,0,0,1.0,1.0,1.0,1.0,1.0,1,0.5911702890348133,17
2770,0,7050,7050,0,0,0,0,1.0,1.0,1.0,1.0,1.0,1,0.5911702890348133,17
2771,3,7053,7053,0,0,0,0,1.0,1.0,1.0,1.0,1.0,1,0.5840690630334467,17
2772,1,7054,7054,0,0,0,0,1.0,1.0,1.0,1.0,1.0,1,0.5919848869092258,17
2773,0,7054,7054,0,0,0,0,1.0,1.0,1.0,1.0,1.0,1,0.5919848869092258,17
2774,4,7058,7058,0,0,0,0,1.0,1.0,1.0,1.0,1.0,1,0.48218547042861165,18
2775,1,7059,7059,0,0,0,0,1.0,1.0,1.0,1.0,1.0,1,0.501721306255367,20
2776,3,7062,7062,0,0,0,0,1.0,1.0,1.0,1.0,1.0,1,0.5104207618585125,21
2777,0,7062,7062,0,0,0,0,1.0,1.0,1.0,1.0,1.0,1,0.5104207618585125,21
2778,3,7065,7065,0,0,0,0,1.0,1.0,1.0,1.0,1.0,1,0.5614634373285577,21
2779,2,7067,7067,0,0,0,0,1.0,1.0,1.0,1.0,1.0,1,0.5429665020445905,22
2780,2,7069,7069,0,0,0,0,1.0,1.0,1.0,1.0,1.0,1,0.6006385368100284,22
2781,1,7070,7070,0,0,0,0,1.0,1.0,1.0,1.0,1.0,1,0.648481829583056,22
2782,2,7072,7072,0,0,0,0,0.9842694483586086,0.9671088465679998,0.9842694483586086,0.9671088465679998,1.0,1,0.6579867826925908,23
2783,1,7073,7073,0,0,0,0,0.9978488532516568,0.9956977065033138,0.9978488532516568,0.9956977065033138,1.0,1,0.6820756127362732,22
2784,0,7073,7073,0,0,0,0,1.0,1.0,1.0,1.0,1.0,1,0.6737392050943358,21
2785,0,7073,7073,0,0,0,0,1.0,1.0,1.0,1.0,1.0,1,0.6516134978045509,19
2786,0,7073,7073,0,0,0,0,1.0,1.0,1.0,1.0,1.0,1,0.6516134978045509,19
2787,0,7073,7073,0,0,0,0,1.0,1.0,1.0,1.0,1.0,1,0.606121065825943,20
2788,1,7074,7074,0,0,0,0,1.0,1.0,1.0,1.0,1.0,1,0.5952825105352769,20
2789,0,7074,7074,0,0,0,0,1.0,1.0,1.0,1.0,1.0,1,0.5848087831889457,19
2790,1,7075,7075,0,0,0,0,1.0,1.0,1.0,1.0,1.0,1,0.5376130303248198,20
2791,0,7075,7075,0,0,0,0,1.0,1.0,1.0,1.0,1.0,1,0.5376130303248198,20
2792,2,7077,7077,0,0,0,0,1.0,1.0,1.0,1.0,1.0,1,0.547812032749293,20
2793,1,7078,7078,0,0,0,0,1.0,1.0,1.0,1.0,1.0,1,0.5815570088336189,19
2794,1,7079,7079,0,0,0,0,1.0,1.0,1.0,1.0,1.0,1,0.5407258030925214,20
2795,1,7080,7080,0,0,0,0,1.0,1.0,1.0,1.0,1.0,1,0.549948868556761,21
2796,0,7080,7080,0,0,0,0,1.0,1.0,1.0,1.0,1.0,1,0.5604835564818711,22
2797,0,7080,7080,0,0,0,0,1.0,1.0,1.0,1.0,1.0,1,0.582354080930453,21
2798,0,7080,7080,0,0,0,0,1.0,1.0,1.0,1.0,1.0,1,0.582354080930453,21
2799,0,7080,7080,0,0,0,0,1.0,1.0,1.0,1.0,1.0,1,0.5986762830868004,20
2800,1,7081,7081,0,0,0,0,1.0,1.0,1.0,1.0,1.0,1,0.6072284477554495,20
2801,2,7083,7083,0,0,0,0,1.0,1.0,1.0,1.0,1.0,1,0.6140247772518872,20
2802,2,7085,7085,0,0,0,0,1.0,1.0,1.0,1.0,1.0,1,0.6623612072664562,20
2803,6,7091,7091,0,0,0,0,0.9458763108630881,0.9052835440104045,0.9458763108630881,0.9052835440104045,1.0,1,0.6487620269888131,21
2804,3,7094,7094,0,0,0,0,0.9012713456125799,0.8329207387289816,0.9012713456125799,0.8329207387289816,1.0,1,0.679465249881033,22
2805,3,7097,7097,0,0,0,0,0.8702513513621618,0.7961092664262542,0.8702513513621618,0.7961092664262542,1.0,1,0.7074471905836751,22
2806,5,7102,7102,0,0,0,0,0.907014203141858,0.8354866670971336,0.907014203141858,0.8354866670971336,1.0,1,0.7043930268865324,23
2807,2,7104,7104,0,0,0,0,0.914131519181411,0.8414735738733742,0.914131519181411,0.8414735738733742,1.0,1,0.6684376487564385,24
2808,3,7107,7107,0,0,0,0,1.0,1.0,1.0,1.0,1.0,1,0.6080810834517432,24
2809,2,7109,7109,0,0,0,0,0.9451049934516216,0.8810608191451801,0.9451049934516216,0.8810608191451801,1.0,1,0.6178397275949586,26
2810,3,7112,7112,0,0,0,0,1.0,1.0,1.0,1.0,1.0,1,0.56377954684549,26
2811,2,7114,7114,0,0,0,0,0.9746945749261712,0.9378866839096929,0.9746945749261712,0.9378866839096929,1.0,1,0.567978645952643,27
2812,2,7116,7116,0,0,0,0,1.0,1.0,1.0,1.0,1.0,1,0.5301962860436982,27
2813,0,7116,7116,0,0,0,0,1.0,1.0,1.0,1.0,1.0,1,0.5041336939592527,28
2814,0,7116,7116,0,0,0,0,1.0,1.0,1.0,1.0,1.0,1,0.5107130863704491,29
2815,1,7117,7117,0,0,0,0,1.0,1.0,1.0,1.0,1.0,1,0.5290469790763783,30
2816,0,7117,7117,0,0,0,0,1.0,1.0,1.0,1.0,1.0,1,0.5207263272592263,31
2817,0,7117,7117,0,0,0,0,1.0,1.0,1.0,1.0,1.0,1,0.5207263272592263,31
2818,2,7119,7119,0,0,0,0,1.0,1.0,1.0,1.0,1.0,1,0.48381272354935284,32
2819,3,7122,7122,0,0,0,0,1.0,1.0,1.0,1.0,1.0,1,0.4457073638180265,32
2820,1,7123,7123,0,0,0,0,1.0,1.0,1.0,1.0,1.0,1,0.4579477490989937,33
2821,1,7124,7124,0,0,0,0,1.0,1.0,1.0,1.0,1.0,1,0.4927643444528029,34
2822,3,7127,7127,0,0,0,0,1.0,1.0,1.0,1.0,1.0,1,0.5222468897498131,35
2823,1,7128,7128,0,0,0,0,1.0,1.0,1.0,1.0,1.0,1,0.5540726807855002,31
2824,4,7132,7132,0,0,0,0,1.0,1.0,1.0,1.0,1.0,1,0.5131353229673611,33
2825,1,7133,7133,0,0,0,0,1.0,1.0,1.0,1.0,1.0,1,0.5436855172125421,31
2826,3,7136,7136,0,0,0,0,1.0,1.0,1.0,1.0,1.0,1,0.5747965265347724,31
2827,3,7139,7139,0,0,0,0,1.0,1.0,1.0,1.0,1.0,1,0.5819647516693016,32
2828,10,7149,7149,0,0,0,0,0.9791027522380984,0.9425325686547705,0.9791027522380984,0.9425325686547705,1.0,1,0.6255494804636708,33
2829,1,7150,7150,0,0,0,0,1.0,1.0,1.0,1.0,1.0,1,0.6038729475917293,33
2830,8,7158,7158,0,0,0,0,0.9572658174797356,0.8948081661039646,0.9572658174797356,0.8948081661039646,1.0,1,0.6328565867075361,32
2831,2,7160,7160,0,0,0,0,1.0,1.0,1.0,1.0,1.0,1,0.6015054387417489,31
2832,4,7164,7164,0,0,0,0,0.9439108161799143,0.8705634219536486,0.9439108161799143,0.8705634219536486,1.0,1,0.6520298196938042,30
2833,5,7169,7169,0,0,0,0,0.9634743724545747,0.9117297334318888,0.9634743724545747,0.9117297334318888,1.0,1,0.6355758098972819,29
2834,3,7172,7172,0,0,0,0,0.9890822405975196,0.9712168161207335,0.9890822405975196,0.9712168161207335,1.0,1,0.6173080767239493,29
2835,4,7176,7176,0,0,0,0,1.0,1.0,1.0,1.0,1.0,1,0.6000217068155993,27
2836,3,7179,7179,0,0,0,0,1.0,1.0,1.0,1.0,1.0,1,0.5376550200571532,27
2837,4,7183,7183,0,0,0,0,1.0,1.0,1.0,1.0,1.0,1,0.5572716645742982,28
2838,2,7185,7185,0,0,0,0,1.0,1.0,1.0,1.0,1.0,1,0.5066166334695013,29
2839,2,7187,7187,0,0,0,0,1.0,1.0,1.0,1.0,1.0,1,0.5255754014892273,29
2840,2,7189,7189,0,0,0,0,0.9900362077123086,0.9759208353047458,0.9900362077123086,0.9759208353047458,1.0,1,0.5396306418678325,29
2841,2,7191,7191,0,0,0,0,1.0,1.0,1.0,1.0,1.0,1,0.49841409703577905,31
2842,3,7194,7194,0,0,0,0,0.9640976805318948,0.911625059770818,0.9640976805318948,0.911625059770818,1.0,1,0.5311550311417835,32
2843,1,7195,7195,0,0,0,0,0.9872885610986333,0.9661028295963555,0.9872885610986333,0.9661028295963555,1.0,1,0.5263865850309225,32
2844,1,7196,7196,0,0,0,0,0.9649975436505993,0.9111476108053674,0.9649975436505993,0.9111476108053674,1.0,1,0.5493421568274207,33
2845,1,7197,7197,0,0,0,0,0.9940341963010523,0.9830968895196479,0.9940341963010523,0.9830968895196479,1.0,1,0.5013040214338689,34
2846,2,7199,7199,0,0,0,0,1.0,1.0,1.0,1.0,1.0,1,0.47073362911869115,34
2847,2,7201,7201,0,0,0,0,1.0,1.0,1.0,1.0,1.0,1,0.4298357725365086,35
2848,1,7202,7202,0,0,0,0,1.0,1.0,1.0,1.0,1.0,1,0.43385596032339907,37
2849,1,7203,7203,0,0,0,0,1.0,1.0,1.0,1.0,1.0,1,0.4271292414057174,37
2850,0,7203,7203,0,0,0,0,1.0,1.0,1.0,1.0,1.0,1,0.4271292414057174,37
2851,0,7203,7203,0,0,0,0,1.0,1.0,1.0,1.0,1.0,1,0.43659253740164145,38
2852,3,7206,7206,0,0,0,0,1.0,1.0,1.0,1.0,1.0,1,0.4239526100202466,36
2853,4,7210,7210,0,0,0,0,1.0,1.0,1.0,1.0,1.0,1,0.49108946539570575,36
2854,0,7210,7210,0,0,0,0,1.0,1.0,1.0,1.0,1.0,1,0.4824123378947886,37
2855,5,7215,7215,0,0,0,0,0.9319640576649383,0.8201907238287652,0.9319640576649383,0.8201907238287652,1.0,1,0.6026829663307156,37
2856,1,7216,7216,0,0,0,0,0.9447494477679336,0.8688477608760443,0.9447494477679336,0.8688477608760443,1.0,1,0.5764810663550485,38
2857,2,7218,7218,0,0,0,0,0.8889543100780994,0.7375839979501988,0.8889543100780994,0.7375839979501988,1.0,1,0.6150301483891052,39
2858,4,7222,7222,0,0,0,0,0.8896755597101365,0.7722641842484274,0.8896755597101365,0.7722641842484274,1.0,1,0.6050754479281857,39
2859,5,7227,7227,0,0,0,0,0.8846494229048218,0.7188329683305034,0.8846494229048218,0.7188329683305034,1.0,1,0.6052103950845875,39
2860,5,7232,7232,0,0,0,0,0.8598061076227708,0.6701320179359311,0.8598061076227708,0.6701320179359311,1.0,1,0.5988702545535831,40
2861,4,7236,7236,0,0,0,0,0.8976253213538342,0.74065081409638,0.8976253213538342,0.74065081409638,1.0,1,0.5903509545665607,38
2862,3,7239,7239,0,0,0,0,0.8958421863500953,0.7801012300826105,0.8958421863500953,0.7801012300826105,1.0,1,0.5926498726680385,38
2863,5,7244,7244,0,0,0,0,0.8820197510392647,0.7089820525635191,0.8820197510392647,0.7089820525635191,1.0,1,0.5434036619941321,37
2864,5,7249,7249,0,0,0,0,0.8747849697392533,0.7078315960582579,0.8747849697392533,0.7078315960582579,1.0,1,0.591596168098783,35
2865,3,7252,7252,0,0,0,0,0.8671961800264808,0.7078315960582579,0.8671961800264808,0.7078315960582579,1.0,1,0.6179689368949016,33
2866,1,7253,7253,0,0,0,0,0.8907399773661316,0.7580670927392915,0.8907399773661316,0.7580670927392915,1.0,1,0.6095540834693328,31
2867,2,7255,7255,0,0,0,0,0.8195525491505103,0.6616610296572071,0.8195525491505103,0.6616610296572071,1.0,1,0.6525496570002774,30
2868,1,7256,7256,0,0,0,0,0.8193860436298297,0.650060459532795,0.8193860436298297,0.650060459532795,1.0,1,0.6376521732469266,31
2869,0,7256,7256,0,0,0,0,0.8133655784174907,0.650060459532795,0.8133655784174907,0.650060459532795,1.0,1,0.64251274255126,30
2870,0,7256,7256,0,0,0,0,0.8580558113669282,0.7363893639671523,0.8580558113669282,0.7363893639671523,1.0,1,0.6641555531770591,26
2871,1,7257,7257,0,0,0,0,0.8633130035385235,0.7363893639671523,0.8633130035385235,0.7363893639671523,1.0,1,0.6588532667191356,27
2872,1,7258,7258,0,0,0,0,0.894590856828259,0.7972901092851135,0.894590856828259,0.7972901092851135,1.0,1,0.6870179419557825,25
2873,0,7258,7258,0,0,0,0,0.9037570141446017,0.8223206414977263,0.9037570141446017,0.8223206414977263,1.0,1,0.6903926639475061,24
2874,0,7258,7258,0,0,0,0,0.9076067335788177,0.8223206414977263,0.9076067335788177,0.8223206414977263,1.0,1,0.6618438400127636,25
2875,2,7260,7260,0,0,0,0,0.8338723055485192,0.7120453296174334,0.8338723055485192,0.7120453296174334,1.0,1,0.6713986540632068,26
2876,3,7263,7263,0,0,0,0,0.897646694387415,0.7952933887748299,0.897646694387415,0.7952933887748299,1.0,1,0.646391828089896,28
2877,1,7264,7264,0,0,0,0,0.9437506297842811,0.8745206356726271,0.9437506297842811,0.8745206356726271,1.0,1,0.6135587143527885,29
2878,4,7268,7268,0,0,0,0,1.0,1.0,1.0,1.0,1.0,1,0.5586227892126132,31
2879,3,7271,7271,0,0,0,0,1.0,1.0,1.0,1.0,1.0,1,0.5328290601394369,31
2880,4,7275,7275,0,0,0,0,1.0,1.0,1.0,1.0,1.0,1,0.514255093795077,32
2881,1,7276,7276,0,0,0,0,1.0,1.0,1.0,1.0,1.0,1,0.5364990240762724,31
2882,5,7281,7281,0,0,0,0,1.0,1.0,1.0,1.0,1.0,1,0.551713001722478,31
2883,3,7284,7284,0,0,0,0,1.0,1.0,1.0,1.0,1.0,1,0.5540725103701828,32
2884,2,7286,7286,0,0,0,0,1.0,1.0,1.0,1.0,1.0,1,0.5649780326342828,32
2885,3,7289,7289,0,0,0,0,0.9846178732229927,0.9538536196689779,0.9846178732229927,0.9538536196689779,1.0,1,0.5953226735729947,33
2886,2,7291,7291,0,0,0,0,1.0,1.0,1.0,1.0,1.0,1,0.5641213824411464,34
2887,3,7294,7294,0,0,0,0,1.0,1.0,1.0,1.0,1.0,1,0.5164268753251439,34
2888,0,7294,7294,0,0,0,0,1.0,1.0,1.0,1.0,1.0,1,0.5164268753251439,34
2889,4,7298,7298,0,0,0,0,0.9814055909943352,0.9374551697082185,0.9814055909943352,0.9374551697082185,1.0,1,0.5718742339723133,37
2890,1,7299,7299,0,0,0,0,0.9745707357953076,0.9374551697082185,0.9745707357953076,0.9374551697082185,1.0,1,0.5770525436362712,37
2891,3,7302,7302,0,0,0,0,0.9339412314661918,0.8119865818653151,0.9339412314661918,0.8119865818653151,1.0,1,0.5957382246181847,37
2892,4,7306,7306,0,0,0,0,0.9339412314661918,0.8119865818653151,0.9339412314661918,0.8119865818653151,1.0,1,0.6075986018374103,37
2893,2,7308,7308,0,0,0,0,0.8611181058287628,0.6701555013433117,0.8611181058287628,0.6701555013433117,1.0,1,0.6247673201180758,38
2894,2,7310,7310,0,0,0,0,0.8646791800382817,0.6701555013433117,0.8646791800382817,0.6701555013433117,1.0,1,0.6313072403699695,39
2895,1,7311,7311,0,0,0,0,0.8680622005373246,0.6701555013433117,0.8680622005373246,0.6701555013433117,1.0,1,0.5932435306511064,40
2896,3,7314,7314,0,0,0,0,0.8447077230235668,0.6254715672921315,0.8447077230235668,0.6254715672921315,1.0,1,0.5945841503954125,41
2897,0,7314,7314,0,0,0,0,0.8447077230235666,0.6254715672921315,0.8447077230235666,0.6254715672921315,1.0,1,0.5945841503954125,41
2898,2,7316,7316,0,0,0,0,0.8303061920917824,0.6254715672921315,0.8303061920917824,0.6254715672921315,1.0,1,0.6025304094930042,41
2899,2,7318,7318,0,0,0,0,0.8708501668012348,0.68519728157801,0.8708501668012348,0.68519728157801,1.0,1,0.5800455169304193,39
2900,3,7321,7321,0,0,0,0,0.8722673413957196,0.68519728157801,0.8722673413957196,0.68519728157801,1.0,1,0.5986425544706213,40
2901,1,7322,7322,0,0,0,0,0.9234140483690926,0.7863589131559338,0.9234140483690926,0.7863589131559338,1.0,1,0.5872689440851526,40
2902,2,7324,7324,0,0,0,0,0.9752665384060496,0.9455970472766618,0.9752665384060496,0.9455970472766618,1.0,1,0.559020374833095,38
2903,2,7326,7326,0,0,0,0,0.9367220784264606,0.8101662352793814,0.9367220784264606,0.8101662352793814,1.0,1,0.5898475103894989,36
2904,4,7330,7330,0,0,0,0,0.8583605575005555,0.6600653380013332,0.8583605575005555,0.6600653380013332,1.0,1,0.6464612023859392,36
2905,2,7332,7332,0,0,0,0,0.8535891080647996,0.6583745854845323,0.8535891080647996,0.6583745854845323,1.0,1,0.6345776693955774,35
2906,7,7339,7339,0,0,0,0,0.9086393391112184,0.7470012467695278,0.9086393391112184,0.7470012467695278,1.0,1,0.5974622162601436,36
2907,3,7342,7342,0,0,0,0,0.9359897109534641,0.8026349421065141,0.9359897109534641,0.8026349421065141,1.0,1,0.5627461872868229,37
2908,7,7349,7349,0,0,0,0,0.8823192284151866,0.6805807628412207,0.8823192284151866,0.6805807628412207,1.0,1,0.6405560122499214,38
2909,1,7350,7350,0,0,0,0,0.9046452623967725,0.7286057468215833,0.9046452623967725,0.7286057468215833,1.0,1,0.6283445674380926,37
2910,6,7356,7356,0,0,0,0,0.9567484647397656,0.854517563215575,0.9567484647397656,0.854517563215575,1.0,1,0.5816600722518103,37
2911,1,7357,7357,0,0,0,0,0.9344634535913635,0.8033903607740907,0.9344634535913635,0.8033903607740907,1.0,1,0.6010483021675601,36
2912,3,7360,7360,0,0,0,0,0.8629271261801054,0.6710251028322529,0.8629271261801054,0.6710251028322529,1.0,1,0.630043772663433,36
2913,2,7362,7362,0,0,0,0,0.8921703550970006,0.7227237702494302,0.8921703550970006,0.7227237702494302,1.0,1,0.6430873424484058,36
2914,3,7365,7365,0,0,0,0,0.8766769601532163,0.6875816323881481,0.8766769601532163,0.6875816323881481,1.0,1,0.6348358017375905,38
2915,1,7366,7366,0,0,0,0,0.8419144441744909,0.6344271521535102,0.8419144441744909,0.6344271521535102,1.0,1,0.652382525071624,37
2916,2,7368,7368,0,0,0,0,0.8457828658784985,0.6240957355788401,0.8457828658784985,0.6240957355788401,1.0,1,0.6310849613143901,39
2917,2,7370,7370,0,0,0,0,0.9086004046574251,0.7388582990212148,0.9086004046574251,0.7388582990212148,1.0,1,0.5582995514330943,40
2918,2,7372,7372,0,0,0,0,0.8644861921678721,0.6612154804196805,0.8644861921678721,0.6612154804196805,1.0,1,0.6273907765790604,40
2919,2,7374,7374,0,0,0,0,0.8622818509936184,0.6384898588582483,0.8622818509936184,0.6384898588582483,1.0,1,0.622336498184974,42
2920,3,7377,7377,0,0,0,0,0.8913790624712967,0.8050858858039339,0.8913790624712967,0.8050858858039339,1.0,1,0.5998750121070419,42
2921,3,7380,7380,0,0,0,0,0.8623262321025151,0.7546223844477081,0.8623262321025151,0.7546223844477081,1.0,1,0.6283762074025289,42
2922,1,7381,7381,0,0,0,0,0.8649937587385597,0.8346272493157133,0.8649937587385597,0.8346272493157133,1.0,1,0.5928954305245001,43
2923,2,7383,7383,0,0,0,0,0.8469652731092436,0.740273370049991,0.8469652731092436,0.740273370049991,1.0,1,0.593872732116416,45
2924,2,7385,7385,0,0,0,0,0.8498290106819916,0.7022227977651696,0.8498290106819916,0.7022227977651696,1.0,1,0.5793227840588557,46
2925,2,7387,7387,0,0,0,0,0.8362065463871405,0.656301823053547,0.8362065463871405,0.656301823053547,1.0,1,0.5890032811635747,46
2926,2,7389,7389,0,0,0,0,0.8731276474505347,0.656301823053547,0.8731276474505347,0.656301823053547,1.0,1,0.5680279631882112,46
2927,0,7389,7389,0,0,0,0,0.8607728916931631,0.6267091874943521,0.8607728916931631,0.6267091874943521,1.0,1,0.5594630244284089,48
2928,3,7392,7392,0,0,0,0,0.8386183213410364,0.6267091874943521,0.8386183213410364,0.6267091874943521,1.0,1,0.5599158995909337,48
2929,1,7393,7393,0,0,0,0,0.8567160252336868,0.6267091874943521,0.8567160252336868,0.6267091874943521,1.0,1,0.551951642335056,48
2930,3,7396,7396,0,0,0,0,0.8434142101887321,0.6920200495666496,0.8434142101887321,0.6920200495666496,1.0,1,0.5349476311797715,50
2931,4,7400,7400,0,0,0,0,0.8395106325024767,0.6920200495666496,0.8395106325024767,0.6920200495666496,1.0,1,0.5356186309341109,51
2932,3,7403,7403,0,0,0,0,0.8211685460855348,0.5882573359512231,0.8211685460855348,0.5882573359512231,1.0,1,0.5591925187747616,52
2933,3,7406,7406,0,0,0,0,0.8289970913171462,0.6232395341451147,0.8289970913171462,0.6232395341451147,1.0,1,0.5656791049633084,53
2934,1,7407,7407,0,0,0,0,0.7956534094714987,0.5922198492473306,0.7956534094714987,0.5922198492473306,1.0,1,0.5810708593278407,54
2935,0,7407,7407,0,0,0,0,0.8119386930319157,0.5922198492473306,0.8119386930319157,0.5922198492473306,1.0,1,0.5845557699460415,53
2936,0,7407,7407,0,0,0,0,0.8119386930319157,0.5922198492473306,0.8119386930319157,0.5922198492473306,1.0,1,0.5845557699460415,53
2937,1,7408,7408,0,0,0,0,0.8442547713228538,0.6302859409052016,0.8442547713228538,0.6302859409052016,1.0,1,0.5764686278742404,51
2938,1,7409,7409,0,0,0,0,0.8358305597591078,0.6302859409052016,0.8358305597591078,0.6302859409052016,1.0,1,0.5755468278530683,53
2939,2,7411,7411,0,0,0,0,0.8509709679712909,0.6661332070558008,0.8509709679712909,0.6661332070558008,1.0,1,0.5739370556626026,52
2940,3,7414,7414,0,0,0,0,0.8149826507655734,0.5953297418317475,0.8149826507655734,0.5953297418317475,1.0,1,0.6015788642871824,52
2941,3,7417,7417,0,0,0,0,0.8617890333892941,0.6376556145579605,0.8617890333892941,0.6376556145579605,1.0,1,0.5990257225009423,50
2942,3,7420,7420,0,0,0,0,0.8057463387337762,0.5598422356781767,0.8057463387337762,0.5598422356781767,1.0,1,0.639830864805009,50
2943,0,7420,7420,0,0,0,0,0.8017819782997716,0.5598422356781767,0.8017819782997716,0.5598422356781767,1.0,1,0.6509735380687777,49
2944,1,7421,7421,0,0,0,0,0.779115623273774,0.536178590666291,0.779115623273774,0.536178590666291,1.0,1,0.6662882553804258,48
2945,4,7425,7425,0,0,0,0,0.7958800345169857,0.5803978763787359,0.7958800345169857,0.5803978763787359,1.0,1,0.6423478903940573,48
2946,0,7425,7425,0,0,0,0,0.7915370565279854,0.5803978763787359,0.7915370565279854,0.5803978763787359,1.0,1,0.6511574785016471,47
2947,4,7429,7429,0,0,0,0,0.7983627989609356,0.5992690466345392,0.7983627989609356,0.5992690466345392,1.0,1,0.6508945379303035,47
2948,1,7430,7430,0,0,0,0,0.8002020126300046,0.6289834904550291,0.8002020126300046,0.6289834904550291,1.0,1,0.6391228800289973,48
2949,5,7435,7435,0,0,0,0,0.7983579039608376,0.6686434801855742,0.7983579039608376,0.6686434801855742,1.0,1,0.6337888961128163,48
2950,0,7435,7435,0,0,0,0,0.7983579039608376,0.6686434801855742,0.7983579039608376,0.6686434801855742,1.0,1,0.6337888961128163,48
2951,4,7439,7439,0,0,0,0,0.7247968107348286,0.677695492367632,0.7247968107348286,0.677695492367632,1.0,1,0.6415811921865004,50
2952,2,7441,7441,0,0,0,0,0.7271552758380426,0.6097418364012333,0.7271552758380426,0.6097418364012333,1.0,1,0.6532163632076283,50
2953,4,7445,7445,0,0,0,0,0.7155141038836921,0.6152449312208206,0.7155141038836921,0.6152449312208206,1.0,1,0.6580382942563855,51
2954,1,7446,7446,0,0,0,0,0.7172261300920096,0.5809104769216581,0.7172261300920096,0.5809104769216581,1.0,1,0.6643000339066059,51
2955,2,7448,7448,0,0,0,0,0.7153893831721361,0.6409219614738865,0.7153893831721361,0.6409219614738865,1.0,1,0.6563914381220448,51
2956,0,7448,7448,0,0,0,0,0.7153893831721361,0.6409219614738865,0.7153893831721361,0.6409219614738865,1.0,1,0.6563914381220448,51
2957,2,7450,7450,0,0,0,0,0.7260715156007619,0.6283268876399529,0.7260715156007619,0.6283268876399529,1.0,1,0.6473305502570438,52
2958,1,7451,7451,0,0,0,0,0.7442819758964289,0.6666782758409286,0.7442819758964289,0.6666782758409286,1.0,1,0.6340723626654884,52
2959,3,7454,7454,0,0,0,0,0.7785249446456532,0.6248076234447358,0.7785249446456532,0.6248076234447358,1.0,1,0.6168862090931012,53
2960,1,7455,7455,0,0,0,0,0.810731569961181,0.6642683359886523,0.810731569961181,0.6642683359886523,1.0,1,0.6023950051701851,52
2961,1,7456,7456,0,0,0,0,0.8176035986250609,0.6203402996967102,0.8176035986250609,0.6203402996967102,1.0,1,0.5911896381176575,53
2962,3,7459,7459,0,0,0,0,0.8532669003337262,0.777251862663202,0.8532669003337262,0.777251862663202,1.0,1,0.5273090973392714,54
2963,1,7460,7460,0,0,0,0,0.8576657677694115,0.7324169144559463,0.8576657677694115,0.7324169144559463,1.0,1,0.5242764272069079,55
2964,4,7464,7464,0,0,0,0,0.870756761029006,0.7441445147985251,0.870756761029006,0.7441445147985251,1.0,1,0.507896602477747,55
2965,4,7468,7468,0,0,0,0,0.8727151009919035,0.7441445147985251,0.8727151009919035,0.7441445147985251,1.0,1,0.4994366625080775,55
2966,1,7469,7469,0,0,0,0,0.8738192869603845,0.7441445147985251,0.8738192869603845,0.7441445147985251,1.0,1,0.5026471031447012,55
2967,4,7473,7473,0,0,0,0,0.8288892781182756,0.6862768821473489,0.8288892781182756,0.6862768821473489,1.0,1,0.5171283585060309,56
2968,2,7475,7475,0,0,0,0,0.8474079070436178,0.6577727539450092,0.8474079070436178,0.6577727539450092,1.0,1,0.5154734425061602,56
2969,2,7477,7477,0,0,0,0,0.8134656583719342,0.6577727539450092,0.8134656583719342,0.6577727539450092,1.0,1,0.5498925648137138,55
2970,2,7479,7479,0,0,0,0,0.7751114388931211,0.6577727539450092,0.7751114388931211,0.6577727539450092,1.0,1,0.5529426733414157,57
2971,0,7479,7479,0,0,0,0,0.7710955717304984,0.6577727539450092,0.7710955717304984,0.6577727539450092,1.0,1,0.5629728189584301,56
2972,4,7483,7483,0,0,0,0,0.7543298486848583,0.6577727539450092,0.7543298486848583,0.6577727539450092,1.0,1,0.571547354647118,57
2973,2,7485,7485,0,0,0,0,0.7574162857001032,0.6113246861252861,0.7574162857001032,0.6113246861252861,1.0,1,0.5528325313578911,59
2974,1,7486,7486,0,0,0,0,0.7616148432433992,0.6113246861252861,0.7616148432433992,0.6113246861252861,1.0,1,0.5418966503372871,60
2975,1,7487,7487,0,0,0,0,0.788195171855944,0.6862231959477736,0.788195171855944,0.6862231959477736,1.0,1,0.5311960179953794,58
2976,3,7490,7490,0,0,0,0,0.735252295738436,0.5886517246713867,0.735252295738436,0.5886517246713867,1.0,1,0.5718411533988313,59
2977,2,7492,7492,0,0,0,0,0.7536165830511019,0.5257676417000618,0.7536165830511019,0.5257676417000618,1.0,1,0.5702804132069947,59
2978,7,7499,7499,0,0,0,0,0.7967565265684452,0.5462687016380431,0.7967565265684452,0.5462687016380431,1.0,1,0.5429799834555675,58
2979,4,7503,7503,0,0,0,0,0.8223736328757324,0.612010305332273,0.8223736328757324,0.612010305332273,1.0,1,0.5278013257820737,57
2980,8,7511,7511,0,0,0,0,0.8521340397745618,0.6528366483920678,0.8521340397745618,0.6528366483920678,1.0,1,0.4978092267346014,56
2981,5,7516,7516,0,0,0,0,0.8196841865707054,0.638653592751934,0.8196841865707054,0.638653592751934,1.0,1,0.5243827490301032,56
2982,4,7520,7520,0,0,0,0,0.805450925817052,0.6533621527191019,0.805450925817052,0.6533621527191019,1.0,1,0.5318405000890039,57
2983,3,7523,7523,0,0,0,0,0.7873197446242738,0.6479565954400685,0.7873197446242738,0.6479565954400685,1.0,1,0.5523868644220725,57
2984,5,7528,7528,0,0,0,0,0.821526581045232,0.6942852855993394,0.821526581045232,0.6942852855993394,1.0,1,0.5437612587860245,56
2985,1,7529,7529,0,0,0,0,0.8225008505049906,0.7043204662741068,0.8225008505049906,0.7043204662741068,1.0,1,0.5492764316410902,55
2986,2,7531,7531,0,0,0,0,0.8078254999275282,0.6572418816880382,0.8078254999275282,0.6572418816880382,1.0,1,0.5611575559704252,55
2987,1,7532,7532,0,0,0,0,0.8283806398603468,0.7179632449716237,0.8283806398603468,0.7179632449716237,1.0,1,0.576792171378416,51
2988,2,7534,7534,0,0,0,0,0.8326253779358096,0.7018047318725165,0.8326253779358096,0.7018047318725165,1.0,1,0.5679749190824843,52
2989,1,7535,7535,0,0,0,0,0.8485669842910031,0.7018047318725165,0.8485669842910031,0.7018047318725165,1.0,1,0.5809941535193467,50
2990,3,7538,7538,0,0,0,0,0.8512772719145787,0.7018047318725165,0.8512772719145787,0.7018047318725165,1.0,1,0.5635102892517128,50
2991,3,7541,7541,0,0,0,0,0.8927613538604853,0.7018047318725165,0.8927613538604853,0.7018047318725165,1.0,1,0.543003507175251,50
2992,1,7542,7542,0,0,0,0,0.892761353860485,0.7018047318725165,0.892761353860485,0.7018047318725165,1.0,1,0.535826069190474,50
2993,2,7544,7544,0,0,0,0,0.8744684694927736,0.633852287330087,0.8744684694927736,0.633852287330087,1.0,1,0.5491067342282437,51
2994,5,7549,7549,0,0,0,0,0.8779507624433623,0.633852287330087,0.8779507624433623,0.633852287330087,1.0,1,0.536447856364583,51
2995,3,7552,7552,0,0,0,0,0.8434849061260776,0.633852287330087,0.8434849061260776,0.633852287330087,1.0,1,0.5610330130607568,51
2996,3,7555,7555,0,0,0,0,0.8731048504954774,0.633852287330087,0.8731048504954774,0.633852287330087,1.0,1,0.5445983174747021,52
2997,4,7559,7559,0,0,0,0,0.7766385644009317,0.6005418619209911,0.7766385644009317,0.6005418619209911,1.0,1,0.599926883699696,52
2998,3,7562,7562,0,0,0,0,0.7640888692976704,0.5722851409950774,0.7640888692976704,0.5722851409950774,1.0,1,0.6343423527581477,51
2999,1,7563,7563,0,0,0,0,0.7798200447252842,0.5722851409950774,0.7798200447252842,0.5722851409950774,1.0,1,0.6233783591346131,51
3000,2,7565,7565,0,0,0,0,0.8098637744455686,0.5358176364378019,0.8098637744455686,0.5358176364378019,1.0,1,0.5916586740368245,52
3001,0,7565,7565,0,0,0,0,0.8098637744455686,0.5358176364378019,0.8098637744455686,0.5358176364378019,1.0,1,0.5916586740368245,52
3002,4,7569,7569,0,0,0,0,0.7763014476156729,0.5914078232206551,0.7763014476156729,0.5914078232206551,1.0,1,0.5886758146619717,53
3003,1,7570,7570,0,0,0,0,0.7633435888329804,0.5914078232206551,0.7633435888329804,0.5914078232206551,1.0,1,0.576221932763534,54
3004,5,7575,7575,0,0,0,0,0.7445220126172465,0.5511797771934268,0.7445220126172465,0.5511797771934268,1.0,1,0.5925397161003055,55
3005,2,7577,7577,0,0,0,0,0.7517846450827729,0.5431406364662446,0.7517846450827729,0.5431406364662446,1.0,1,0.5907028492833678,56
3006,5,7582,7582,0,0,0,0,0.7735664565898113,0.5365862865620108,0.7735664565898113,0.5365862865620108,1.0,1,0.5762587215294026,57
3007,3,7585,7585,0,0,0,0,0.7640599552895062,0.5120782933954193,0.7640599552895062,0.5120782933954193,1.0,1,0.580411110727044,58
3008,5,7590,7590,0,0,0,0,0.7426580640707416,0.5102374440611719,0.7426580640707416,0.5102374440611719,1.0,1,0.5832257104508776,59
3009,0,7590,7590,0,0,0,0,0.7426580640707416,0.5102374440611719,0.7426580640707416,0.5102374440611719,1.0,1,0.5832257104508776,59
3010,4,7594,7594,0,0,0,0,0.738541224584642,0.5630671623993008,0.738541224584642,0.5630671623993008,1.0,1,0.5780030480372025,59
3011,4,7598,7598,0,0,0,0,0.7602597436591695,0.6240278846868613,0.7602597436591695,0.6240278846868613,1.0,1,0.5532221770811114,59
3012,2,7600,7600,0,0,0,0,0.740879224038318,0.6287566182194018,0.740879224038318,0.6287566182194018,1.0,1,0.5514955958824497,61
3013,1,7601,7601,0,0,0,0,0.7674394950918494,0.6767704608877118,0.7674394950918494,0.6767704608877118,1.0,1,0.5437739368803517,59
3014,2,7603,7603,0,0,0,0,0.7709500798357524,0.6799494511664285,0.7709500798357524,0.6799494511664285,1.0,1,0.5357474586491785,60
3015,2,7605,7605,0,0,0,0,0.8236121517648328,0.6799494511664285,0.8236121517648328,0.6799494511664285,1.0,1,0.518156316793502,58
3016,0,7605,7605,0,0,0,0,0.8372220626637026,0.6799494511664285,0.8372220626637026,0.6799494511664285,1.0,1,0.5157996905164705,57
3017,0,7605,7605,0,0,0,0,0.8440469685310782,0.6799494511664285,0.8440469685310782,0.6799494511664285,1.0,1,0.5063496732755731,58
3018,3,7608,7608,0,0,0,0,0.8942851639309013,0.72068095446185,0.8942851639309013,0.72068095446185,1.0,1,0.4993720041177845,55
3019,3,7611,7611,0,0,0,0,0.8890950095451916,0.72068095446185,0.8890950095451916,0.72068095446185,1.0,1,0.4988747696180964,56
3020,1,7612,7612,0,0,0,0,0.9071319257621238,0.6821851388717314,0.9071319257621238,0.6821851388717314,1.0,1,0.5072367239446339,55
3021,4,7616,7616,0,0,0,0,0.8616967431003949,0.7307941226509538,0.8616967431003949,0.7307941226509538,1.0,1,0.5246190702809125,55
3022,3,7619,7619,0,0,0,0,0.8552568145136691,0.745100645054101,0.8552568145136691,0.745100645054101,1.0,1,0.5320326779983072,55
3023,4,7623,7623,0,0,0,0,0.8239783407102493,0.6804700607408598,0.8239783407102493,0.6804700607408598,1.0,1,0.5607908717349429,54
3024,2,7625,7625,0,0,0,0,0.8090625442680774,0.6804700607408598,0.8090625442680774,0.6804700607408598,1.0,1,0.5715110058148465,54
3025,4,7629,7629,0,0,0,0,0.84506680580901,0.7527643885167581,0.84506680580901,0.7527643885167581,1.0,1,0.5303031845055495,54
3026,5,7634,7634,0,0,0,0,0.8059194996000966,0.6585893954570189,0.8059194996000966,0.6585893954570189,1.0,1,0.5653398676838892,53
3027,3,7637,7637,0,0,0,0,0.8311483829090911,0.7249707428459341,0.8311483829090911,0.7249707428459341,1.0,1,0.5378948448511482,53
3028,3,7640,7640,0,0,0,0,0.8490416697151582,0.6224837886300363,0.8490416697151582,0.6224837886300363,1.0,1,0.5513292730591798,51
3029,6,7646,7646,0,0,0,0,0.8931201211985238,0.7469118476660683,0.8931201211985238,0.7469118476660683,1.0,1,0.5171686350797254,51
3030,3,7649,7649,0,0,0,0,0.8944361555822936,0.7594030018218142,0.8944361555822936,0.7594030018218142,1.0,1,0.5141274477174312,52
3031,3,7652,7652,0,0,0,0,0.8461397209188478,0.7014322494237226,0.8461397209188478,0.7014322494237226,1.0,1,0.5515627692739158,51
3032,4,7656,7656,0,0,0,0,0.8279657421492164,0.5747456066728698,0.8279657421492164,0.5747456066728698,1.0,1,0.5832827214796527,50
3033,1,7657,7657,0,0,0,0,0.855940138077356,0.6150600583925504,0.855940138077356,0.6150600583925504,1.0,1,0.5541916767870733,52
3034,0,7657,7657,0,0,0,0,0.8531154349024022,0.6150600583925504,0.8531154349024022,0.6150600583925504,1.0,1,0.5645385399494413,51
3035,2,7659,7659,0,0,0,0,0.8327073868413472,0.6085646806507754,0.8327073868413472,0.6085646806507754,1.0,1,0.5776505361988818,51
3036,0,7659,7659,0,0,0,0,0.8111004955966978,0.6085646806507754,0.8111004955966978,0.6085646806507754,1.0,1,0.5777262138504012,53
3037,0,7659,7659,0,0,0,0,0.8074678128197113,0.6085646806507754,0.8074678128197113,0.6085646806507754,1.0,1,0.5864468191091997,52
3038,2,7661,7661,0,0,0,0,0.7692035521610184,0.5450451587795345,0.7692035521610184,0.5450451587795345,1.0,1,0.6209605731784988,52
3039,1,7662,7662,0,0,0,0,0.7787066081091659,0.5661040780570276,0.7787066081091659,0.5661040780570276,1.0,1,0.5957486906486754,54
3040,1,7663,7663,0,0,0,0,0.7434608646713733,0.5299663887179302,0.7434608646713733,0.5299663887179302,1.0,1,0.6124319323344342,55
3041,3,7666,7666,0,0,0,0,0.7422117662467561,0.6335498679320186,0.7422117662467561,0.6335498679320186,1.0,1,0.5817699194433511,56
3042,2,7668,7668,0,0,0,0,0.7412159455530948,0.6300644955042036,0.7412159455530948,0.6300644955042036,1.0,1,0.5828685990948244,56
3043,3,7671,7671,0,0,0,0,0.7444573554388919,0.6197858943238163,0.7444573554388919,0.6197858943238163,1.0,1,0.5771885623196262,57
3044,3,7674,7674,0,0,0,0,0.7252562674038519,0.6197858943238163,0.7252562674038519,0.6197858943238163,1.0,1,0.5865784509393328,57
3045,6,7680,7680,0,0,0,0,0.776811775442068,0.5396779782433119,0.776811775442068,0.5396779782433119,1.0,1,0.5622047284890308,56
3046,2,7682,7682,0,0,0,0,0.7644836840190924,0.5002252158407683,0.7644836840190924,0.5002252158407683,1.0,1,0.5701235916503947,57
3047,2,7684,7684,0,0,0,0,0.7605100213382671,0.4732289052209742,0.7605100213382671,0.4732289052209742,1.0,1,0.5853057677665741,56
3048,3,7687,7687,0,0,0,0,0.7664387252125624,0.44692807054377154,0.7664387252125624,0.44692807054377154,1.0,1,0.5611060205968557,58
3049,1,7688,7688,0,0,0,0,0.7596235150553139,0.43271149553054084,0.7596235150553139,0.43271149553054084,1.0,1,0.5648142051095312,59
3050,2,7690,7690,0,0,0,0,0.7831133361286837,0.4577833403217093,0.7831133361286837,0.4577833403217093,1.0,1,0.5198389386508563,60
3051,1,7691,7691,0,0,0,0,0.778374202766195,0.45516991513356286,0.778374202766195,0.45516991513356286,1.0,1,0.5243080036057296,59
3052,1,7692,7692,0,0,0,0,0.8082063797590788,0.49436227391029874,0.8082063797590788,0.49436227391029874,1.0,1,0.5119384349530227,58
3053,2,7694,7694,0,0,0,0,0.844352871483879,0.5652394591065002,0.844352871483879,0.5652394591065002,1.0,1,0.4988533619335289,57
3054,2,7696,7696,0,0,0,0,0.8805217575861458,0.6517238260454444,0.8805217575861458,0.6517238260454444,1.0,1,0.4817443180420481,55
3055,5,7701,7701,0,0,0,0,0.9237270509943394,0.8159828349350878,0.9237270509943394,0.8159828349350878,1.0,1,0.4586029372121899,54
3056,5,7706,7706,0,0,0,0,0.9459998215304825,0.8875447420941294,0.9459998215304825,0.8875447420941294,1.0,1,0.4279718980984837,55
3057,6,7712,7712,0,0,0,0,0.8970633733315997,0.7927689542174065,0.8970633733315997,0.7927689542174065,1.0,1,0.47832931127476164,54
3058,4,7716,7716,0,0,0,0,0.847228007666605,0.7032997872500973,0.847228007666605,0.7032997872500973,1.0,1,0.5348423974453466,55
3059,5,7721,7721,0,0,0,0,0.8255093909968766,0.7032997872500973,0.8255093909968766,0.7032997872500973,1.0,1,0.5432218084060225,56
3060,3,7724,7724,0,0,0,0,0.8287330944457547,0.6458736485916864,0.8287330944457547,0.6458736485916864,1.0,1,0.5452441760730419,56
3061,3,7727,7727,0,0,0,0,0.8503299009043622,0.6458736485916864,0.8503299009043622,0.6458736485916864,1.0,1,0.5420447866610909,56
3062,2,7729,7729,0,0,0,0,0.8275607553374129,0.6458736485916864,0.8275607553374129,0.6458736485916864,1.0,1,0.5480788904854212,57
3063,4,7733,7733,0,0,0,0,0.8615063794448895,0.745155223657738,0.8615063794448895,0.745155223657738,1.0,1,0.5339447164723495,55
3064,2,7735,7735,0,0,0,0,0.8200828069783157,0.6847397772571263,0.8200828069783157,0.6847397772571263,1.0,1,0.5613655299548486,56
3065,3,7738,7738,0,0,0,0,0.8338067281872483,0.7191558403241283,0.8338067281872483,0.7191558403241283,1.0,1,0.5531679237674277,55
3066,3,7741,7741,0,0,0,0,0.8343161532277602,0.6765774386705679,0.8343161532277602,0.6765774386705679,1.0,1,0.5543252879290836,55
3067,1,7742,7742,0,0,0,0,0.848783315203265,0.7209186759126178,0.848783315203265,0.7209186759126178,1.0,1,0.5443187768768973,54
3068,4,7746,7746,0,0,0,0,0.8627014253684763,0.7236819527708543,0.8627014253684763,0.7236819527708543,1.0,1,0.5556491851438019,53
3069,3,7749,7749,0,0,0,0,0.8266126625633018,0.7084666211386715,0.8266126625633018,0.7084666211386715,1.0,1,0.5776398252713462,51
3070,3,7752,7752,0,0,0,0,0.8550826782117968,0.7467398052409924,0.8550826782117968,0.7467398052409924,1.0,1,0.5621941117295535,50
3071,2,7754,7754,0,0,0,0,0.818298045362332,0.7084666211386715,0.818298045362332,0.7084666211386715,1.0,1,0.5786130910941242,51
3072,2,7756,7756,0,0,0,0,0.7906826648059402,0.7021882411168135,0.7906826648059402,0.7021882411168135,1.0,1,0.57659334090075,53
3073,1,7757,7757,0,0,0,0,0.8234253350636048,0.7021882411168135,0.8234253350636048,0.7021882411168135,1.0,1,0.5758986767019023,51
3074,4,7761,7761,0,0,0,0,0.8658964903685092,0.6653379712070265,0.8658964903685092,0.6653379712070265,1.0,1,0.568098325339777,50
3075,1,7762,7762,0,0,0,0,0.8390314423101957,0.6154862312710276,0.8390314423101957,0.6154862312710276,1.0,1,0.5620964845688439,52
3076,2,7764,7764,0,0,0,0,0.8315811378998966,0.6154862312710276,0.8315811378998966,0.6154862312710276,1.0,1,0.5648460579417494,53
3077,2,7766,7766,0,0,0,0,0.8598565515053423,0.6413390921430004,0.8598565515053423,0.6413390921430004,1.0,1,0.5545694762473504,52
3078,4,7770,7770,0,0,0,0,0.8744054288595662,0.7062618337489104,0.8744054288595662,0.7062618337489104,1.0,1,0.5373274104709461,53
3079,0,7770,7770,0,0,0,0,0.8744054288595662,0.7062618337489104,0.8744054288595662,0.7062618337489104,1.0,1,0.5373274104709461,53
3080,8,7778,7778,0,0,0,0,0.9184184645095628,0.7879851714226884,0.9184184645095628,0.7879851714226884,1.0,1,0.5114128124706437,52
3081,2,7780,7780,0,0,0,0,0.8646380937311027,0.7391358540694241,0.8646380937311027,0.7391358540694241,1.0,1,0.5267911004810594,54
3082,4,7784,7784,0,0,0,0,0.9036629289899102,0.7391358540694241,0.9036629289899102,0.7391358540694241,1.0,1,0.5097179742895235,54
3083,4,7788,7788,0,0,0,0,0.9006103059402707,0.7391358540694241,0.9006103059402707,0.7391358540694241,1.0,1,0.5035794401644031,54
3084,3,7791,7791,0,0,0,0,0.9103523226503425,0.7391358540694241,0.9103523226503425,0.7391358540694241,1.0,1,0.495315415821182,55
3085,2,7793,7793,0,0,0,0,0.8952174395438037,0.7391358540694241,0.8952174395438037,0.7391358540694241,1.0,1,0.5023398176952025,55
3086,2,7795,7795,0,0,0,0,0.8920562418583139,0.7391358540694241,0.8920562418583139,0.7391358540694241,1.0,1,0.497567000047938,56
3087,1,7796,7796,0,0,0,0,0.8520845663174492,0.6828161772498926,0.8520845663174492,0.6828161772498926,1.0,1,0.5152379617410353,57
3088,2,7798,7798,0,0,0,0,0.8726233134430991,0.6828161772498926,0.8726233134430991,0.6828161772498926,1.0,1,0.5271661034602625,56
3089,0,7798,7798,0,0,0,0,0.8703073736875191,0.6828161772498926,0.8703073736875191,0.6828161772498926,1.0,1,0.5336708577078535,55
3090,1,7799,7799,0,0,0,0,0.85395883110724,0.6828161772498926,0.85395883110724,0.6828161772498926,1.0,1,0.5500786899878535,54
3091,2,7801,7801,0,0,0,0,0.8654133123172367,0.6828161772498926,0.8654133123172367,0.6828161772498926,1.0,1,0.5382051577734969,53
3092,0,7801,7801,0,0,0,0,0.8726233134430991,0.6828161772498926,0.8726233134430991,0.6828161772498926,1.0,1,0.5171179311701823,56
3093,4,7805,7805,0,0,0,0,0.9031415762869839,0.6828161772498926,0.9031415762869839,0.6828161772498926,1.0,1,0.5007365773945973,56
3094,0,7805,7805,0,0,0,0,0.8729496989519012,0.6450030986261533,0.8729496989519012,0.6450030986261533,1.0,1,0.5099174017992487,58
3095,3,7808,7808,0,0,0,0,0.896506877850722,0.6450030986261533,0.896506877850722,0.6450030986261533,1.0,1,0.4915245715466899,59
3096,0,7808,7808,0,0,0,0,0.885391352417105,0.6190388644516246,0.885391352417105,0.6190388644516246,1.0,1,0.49619358479206715,60
3097,1,7809,7809,0,0,0,0,0.8815809273709371,0.6190388644516246,0.8815809273709371,0.6190388644516246,1.0,1,0.4961186219526901,60
3098,2,7811,7811,0,0,0,0,0.8474791402129526,0.5937791842967969,0.8474791402129526,0.5937791842967969,1.0,1,0.5286265624561444,58
3099,4,7815,7815,0,0,0,0,0.8595689106470773,0.5553015503824117,0.8595689106470773,0.5553015503824117,1.0,1,0.5253269085950221,57
3100,1,7816,7816,0,0,0,0,0.8446102718945819,0.5338308156837458,0.8446102718945819,0.5338308156837458,1.0,1,0.5375009263182029,57
3101,4,7820,7820,0,0,0,0,0.8308848787467181,0.5095661483654824,0.8308848787467181,0.5095661483654824,1.0,1,0.5525212687261208,58
3102,5,7825,7825,0,0,0,0,0.80193437752381,0.49117387630373727,0.80193437752381,0.49117387630373727,1.0,1,0.5790001895922163,59
3103,2,7827,7827,0,0,0,0,0.797881697213615,0.47964458300735424,0.797881697213615,0.47964458300735424,1.0,1,0.5935660505737774,58
3104,5,7832,7832,0,0,0,0,0.7775595725994449,0.5537353642599512,0.7775595725994449,0.5537353642599512,1.0,1,0.5823632072961643,58
3105,3,7835,7835,0,0,0,0,0.7982094568892386,0.6118182063252677,0.7982094568892386,0.6118182063252677,1.0,1,0.5753457713044425,56
3106,6,7841,7841,0,0,0,0,0.7698846214270149,0.6258706493295593,0.7698846214270149,0.6258706493295593,1.0,1,0.5770124307219724,57
3107,7,7848,7848,0,0,0,0,0.8202220110365992,0.5511407115580478,0.8202220110365992,0.5511407115580478,1.0,1,0.5631339180324237,55
3108,5,7853,7853,0,0,0,0,0.7869148511393765,0.5277046051913445,0.7869148511393765,0.5277046051913445,1.0,1,0.5978931011331938,55
3109,9,7862,7862,0,0,0,0,0.791518980280864,0.4882738606893933,0.791518980280864,0.4882738606893933,1.0,1,0.5819803237876877,54
3110,9,7871,7871,0,0,0,0,0.7923381617487365,0.4986167187126413,0.7923381617487365,0.4986167187126413,1.0,1,0.5910584086382232,54
3111,11,7882,7882,0,0,0,0,0.7693408083821923,0.458452332723408,0.7693408083821923,0.458452332723408,1.0,1,0.5837454361159264,54
3112,6,7888,7888,0,0,0,0,0.8233436139756852,0.5322183530846684,0.8233436139756852,0.5322183530846684,1.0,1,0.5659835834912939,56
3113,9,7897,7897,0,0,0,0,0.8353488745745109,0.5677347357064109,0.8353488745745109,0.5677347357064109,1.0,1,0.5517072439879679,55
3114,6,7903,7903,0,0,0,0,0.8937593353871224,0.662198720654556,0.8937593353871224,0.662198720654556,1.0,1,0.5173313431002353,54
3115,1,7904,7904,0,0,0,0,0.8858369893946895,0.721360882795307,0.8858369893946895,0.721360882795307,1.0,1,0.49972353617560766,56
3116,1,7905,7905,0,0,0,0,0.8752036376117333,0.6807981326572351,0.8752036376117333,0.6807981326572351,1.0,1,0.5067171107051651,56
3117,2,7907,7907,0,0,0,0,0.8684550964148342,0.7286940376450295,0.8684550964148342,0.7286940376450295,1.0,1,0.4970987656241196,58
3118,0,7907,7907,0,0,0,0,0.8661472910887786,0.7286940376450295,0.8661472910887786,0.7286940376450295,1.0,1,0.5037604912345829,57
3119,2,7909,7909,0,0,0,0,0.8700373402593322,0.7286940376450295,0.8700373402593322,0.7286940376450295,1.0,1,0.500564668075311,57
3120,1,7910,7910,0,0,0,0,0.8844153862094537,0.7286940376450295,0.8844153862094537,0.7286940376450295,1.0,1,0.493672630654961,56
3121,3,7913,7913,0,0,0,0,0.8462618416947572,0.6838598861701326,0.8462618416947572,0.6838598861701326,1.0,1,0.5167184104353906,57
3122,2,7915,7915,0,0,0,0,0.8668175816631453,0.6838598861701326,0.8668175816631453,0.6838598861701326,1.0,1,0.4990822826316196,57
3123,5,7920,7920,0,0,0,0,0.8831312884989908,0.6525502942146334,0.8831312884989908,0.6525502942146334,1.0,1,0.4908282143891816,57
3124,3,7923,7923,0,0,0,0,0.8855680941598266,0.6028539738488103,0.8855680941598266,0.6028539738488103,1.0,1,0.4741358160848521,59
3125,0,7923,7923,0,0,0,0,0.8758828722427836,0.5793808448227664,0.8758828722427836,0.5793808448227664,1.0,1,0.47857076177770863,61
3126,2,7925,7925,0,0,0,0,0.8584910729872242,0.5793808448227664,0.8584910729872242,0.5793808448227664,1.0,1,0.4947586062433652,60
3127,1,7926,7926,0,0,0,0,0.9013162325113268,0.6425307335510463,0.9013162325113268,0.6425307335510463,1.0,1,0.4672854556492824,58
3128,0,7926,7926,0,0,0,0,0.904943544897996,0.6556797409527225,0.904943544897996,0.6556797409527225,1.0,1,0.4628233218875296,58
3129,3,7929,7929,0,0,0,0,0.8674119990163079,0.701917697093754,0.8674119990163079,0.701917697093754,1.0,1,0.4763916840277185,56
3130,0,7929,7929,0,0,0,0,0.8888392319943242,0.7663350359410873,0.8888392319943242,0.7663350359410873,1.0,1,0.46356664110900647,56
3131,3,7932,7932,0,0,0,0,0.8291736093094212,0.6397563534613493,0.8291736093094212,0.6397563534613493,1.0,1,0.5082056361353433,55
3132,2,7934,7934,0,0,0,0,0.8247644112700231,0.5545323019411263,0.8247644112700231,0.5545323019411263,1.0,1,0.538242802712459,53
3133,5,7939,7939,0,0,0,0,0.7827679798544307,0.48654249783774517,0.7827679798544307,0.48654249783774517,1.0,1,0.5855783760694889,52
3134,6,7945,7945,0,0,0,0,0.7858957511660175,0.49393541184695056,0.7858957511660175,0.49393541184695056,1.0,1,0.5522481291676251,52
3135,3,7948,7948,0,0,0,0,0.729493977434213,0.42652723216053157,0.729493977434213,0.42652723216053157,1.0,1,0.6084175100610686,53
3136,8,7956,7956,0,0,0,0,0.7721981359233896,0.46516084086361037,0.7721981359233896,0.46516084086361037,1.0,1,0.5796118563943056,54
3137,5,7961,7961,0,0,0,0,0.7918438383219328,0.480433614818551,0.7918438383219328,0.480433614818551,1.0,1,0.563866530423844,55
3138,7,7968,7968,0,0,0,0,0.7598449442493481,0.47786193364759,0.7598449442493481,0.47786193364759,1.0,1,0.5664105102180749,57
3139,5,7973,7973,0,0,0,0,0.7860641180189127,0.5255559377583799,0.7860641180189127,0.5255559377583799,1.0,1,0.5514440632150789,56
3140,6,7979,7979,0,0,0,0,0.8173313684508006,0.572736990682055,0.8173313684508006,0.572736990682055,1.0,1,0.5413030159452968,56
3141,4,7983,7983,0,0,0,0,0.8003675020930631,0.5436973514200913,0.8003675020930631,0.5436973514200913,1.0,1,0.5558141837383809,56
3142,5,7988,7988,0,0,0,0,0.812857444090418,0.5559669137361207,0.812857444090418,0.5559669137361207,1.0,1,0.5632715409584046,56
3143,0,7988,7988,0,0,0,0,0.812857444090418,0.5559669137361207,0.812857444090418,0.5559669137361207,1.0,1,0.5632715409584046,56
3144,3,7991,7991,0,0,0,0,0.8005003714836957,0.6314111130038552,0.8005003714836957,0.6314111130038552,1.0,1,0.5667331531224136,54
3145,1,7992,7992,0,0,0,0,0.7658494861913905,0.6314111130038552,0.7658494861913905,0.6314111130038552,1.0,1,0.5790508502521846,55
3146,2,7994,7994,0,0,0,0,0.779590744168846,0.6504722595846512,0.779590744168846,0.6504722595846512,1.0,1,0.5844372010608533,53
3147,1,7995,7995,0,0,0,0,0.7812848065515595,0.6773931023964068,0.7812848065515595,0.6773931023964068,1.0,1,0.574342492631687,54
3148,1,7996,7996,0,0,0,0,0.8010844065021991,0.6773931023964068,0.8010844065021991,0.6773931023964068,1.0,1,0.5651366816098673,54
3149,2,7998,7998,0,0,0,0,0.8129889407613012,0.6773931023964068,0.8129889407613012,0.6773931023964068,1.0,1,0.5577276028481848,53
3150,4,8002,8002,0,0,0,0,0.8053250772206371,0.6285764844908137,0.8053250772206371,0.6285764844908137,1.0,1,0.5740767104764172,53
3151,4,8006,8006,0,0,0,0,0.7734947946829638,0.6007620375437842,0.7734947946829638,0.6007620375437842,1.0,1,0.5930706596415996,53
3152,4,8010,8010,0,0,0,0,0.7754248796774477,0.6007620375437842,0.7754248796774477,0.6007620375437842,1.0,1,0.5825278306076341,54
3153,3,8013,8013,0,0,0,0,0.7711436515471486,0.6007620375437842,0.7711436515471486,0.6007620375437842,1.0,1,0.5993996682375605,53
3154,0,8013,8013,0,0,0,0,0.7632867967657718,0.5749408929424573,0.7632867967657718,0.5749408929424573,1.0,1,0.5956506566202673,55
3155,1,8014,8014,0,0,0,0,0.7557639578228889,0.5749408929424573,0.7557639578228889,0.5749408929424573,1.0,1,0.5971177788567383,56
3156,3,8017,8017,0,0,0,0,0.7160964627419274,0.5654180526467355,0.7160964627419274,0.5654180526467355,1.0,1,0.6208935276384304,56
3157,3,8020,8020,0,0,0,0,0.7167912301988546,0.5460756069808593,0.7167912301988546,0.5460756069808593,1.0,1,0.6078385589247542,56
3158,2,8022,8022,0,0,0,0,0.6884181615988917,0.4920771541404972,0.6884181615988917,0.4920771541404972,1.0,1,0.6257492731704872,57
3159,1,8023,8023,0,0,0,0,0.702752973298673,0.5223975765269651,0.702752973298673,0.5223975765269651,1.0,1,0.6085843884965446,56
3160,1,8024,8024,0,0,0,0,0.6736688300437457,0.49436076403519263,0.6736688300437457,0.49436076403519263,1.0,1,0.6253259299078086,58
3161,3,8027,8027,0,0,0,0,0.6613557727219741,0.4694897496726487,0.6613557727219741,0.4694897496726487,1.0,1,0.6382334084755716,59
3162,1,8028,8028,0,0,0,0,0.6447899526526587,0.45006048298733325,0.6447899526526587,0.45006048298733325,1.0,1,0.6492044161070977,59
3163,2,8030,8030,0,0,0,0,0.6460420458445411,0.4532723742186834,0.6460420458445411,0.4532723742186834,1.0,1,0.6434976516417882,59
3164,1,8031,8031,0,0,0,0,0.6532898911327595,0.47447195386786534,0.6532898911327595,0.47447195386786534,1.0,1,0.6322403087175841,60
3165,3,8034,8034,0,0,0,0,0.669632649486157,0.4935698482214978,0.669632649486157,0.4935698482214978,1.0,1,0.6285887917762469,58
3166,2,8036,8036,0,0,0,0,0.6742877211772287,0.4909166043767072,0.6742877211772287,0.4909166043767072,1.0,1,0.6267946482030091,59
3167,2,8038,8038,0,0,0,0,0.6616673540495425,0.4498839982808844,0.6616673540495425,0.4498839982808844,1.0,1,0.6452564846554129,57
3168,2,8040,8040,0,0,0,0,0.6853054332406632,0.48992155644672647,0.6853054332406632,0.48992155644672647,1.0,1,0.6111699527758035,58
3169,3,8043,8043,0,0,0,0,0.6600039577606798,0.46407909188549956,0.6600039577606798,0.46407909188549956,1.0,1,0.6358495695410973,57
3170,2,8045,8045,0,0,0,0,0.6839526386237422,0.45880181773421896,0.6839526386237422,0.45880181773421896,1.0,1,0.6394408997278741,55
3171,4,8049,8049,0,0,0,0,0.7251351242657644,0.566666696057016,0.7251351242657644,0.566666696057016,1.0,1,0.5987320131901752,56
3172,2,8051,8051,0,0,0,0,0.7081049593281461,0.5224915509825698,0.7081049593281461,0.5224915509825698,1.0,1,0.6196735567161821,54
3173,5,8056,8056,0,0,0,0,0.7819853792543364,0.5931704215892799,0.7819853792543364,0.5931704215892799,1.0,1,0.5870566482215072,53
3174,2,8058,8058,0,0,0,0,0.7984682887152009,0.5456945193105405,0.7984682887152009,0.5456945193105405,1.0,1,0.5714457609188076,53
3175,5,8063,8063,0,0,0,0,0.8228208612077276,0.5411891310293152,0.8228208612077276,0.5411891310293152,1.0,1,0.5623232926395154,52
3176,1,8064,8064,0,0,0,0,0.8355206318784337,0.5411891310293152,0.8355206318784337,0.5411891310293152,1.0,1,0.5458539815600889,53
3177,2,8066,8066,0,0,0,0,0.8725854937274726,0.6102615102252102,0.8725854937274726,0.6102615102252102,1.0,1,0.5194349818910002,52
3178,3,8069,8069,0,0,0,0,0.8419012217987909,0.5589876187018906,0.8419012217987909,0.5589876187018906,1.0,1,0.5288902403576433,53
3179,4,8073,8073,0,0,0,0,0.8655180039002723,0.5965540117008171,0.8655180039002723,0.5965540117008171,1.0,1,0.4743824159181484,54
3180,2,8075,8075,0,0,0,0,0.8460725175315156,0.5625218919316757,0.8460725175315156,0.5625218919316757,1.0,1,0.48961904201186285,54
3181,5,8080,8080,0,0,0,0,0.8488711990309424,0.5625218919316757,0.8488711990309424,0.5625218919316757,1.0,1,0.49090506412036433,55
3182,3,8083,8083,0,0,0,0,0.8460725175315155,0.5625218919316757,0.8460725175315155,0.5625218919316757,1.0,1,0.5093151991974362,54
3183,3,8086,8086,0,0,0,0,0.834980976030711,0.5625218919316757,0.834980976030711,0.5625218919316757,1.0,1,0.5170222299117827,56
3184,7,8093,8093,0,0,0,0,0.769562807383779,0.5156979920685161,0.769562807383779,0.5156979920685161,1.0,1,0.577582126865362,54
3185,2,8095,8095,0,0,0,0,0.727844002592134,0.5156979920685161,0.727844002592134,0.5156979920685161,1.0,1,0.5960426731234866,53
3186,4,8099,8099,0,0,0,0,0.7240309909081536,0.5156979920685161,0.7240309909081536,0.5156979920685161,1.0,1,0.6328140319212876,52
3187,2,8101,8101,0,0,0,0,0.6967384483880162,0.5156979920685161,0.6967384483880162,0.5156979920685161,1.0,1,0.6556399742280085,50
3188,3,8104,8104,0,0,0,0,0.6950193807398448,0.4927982179903343,0.6950193807398448,0.4927982179903343,1.0,1,0.6557760140652982,50
3189,3,8107,8107,0,0,0,0,0.6650337545771114,0.4730397965440633,0.6650337545771114,0.4730397965440633,1.0,1,0.677114811137066,49
3190,0,8107,8107,0,0,0,0,0.6528763877946848,0.4557116973320513,0.6528763877946848,0.4557116973320513,1.0,1,0.6826171438780894,50
3191,0,8107,8107,0,0,0,0,0.6457922324435559,0.4557116973320513,0.6457922324435559,0.4557116973320513,1.0,1,0.6862759213488787,49
3192,0,8107,8107,0,0,0,0,0.6457922324435559,0.4557116973320513,0.6457922324435559,0.4557116973320513,1.0,1,0.6862759213488787,49
3193,1,8108,8108,0,0,0,0,0.62272696069283,0.4557116973320513,0.62272696069283,0.4557116973320513,1.0,1,0.6985596452467373,49
3194,0,8108,8108,0,0,0,0,0.6099775090304924,0.4368934045418073,0.6099775090304924,0.4368934045418073,1.0,1,0.7024313365406267,50
3195,2,8110,8110,0,0,0,0,0.5807079126186754,0.45786010675245814,0.5807079126186754,0.45786010675245814,1.0,1,0.7187462506542922,49
3196,6,8116,8116,0,0,0,0,0.5810081704433672,0.45725078629298294,0.5810081704433672,0.45725078629298294,1.0,1,0.7186102967113118,49
3197,1,8117,8117,0,0,0,0,0.5900059048655946,0.47477218603011623,0.5900059048655946,0.47477218603011623,1.0,1,0.7069230298175887,50
3198,5,8122,8122,0,0,0,0,0.6511865272371438,0.522614801355547,0.6511865272371438,0.522614801355547,1.0,1,0.678778306686215,50
3199,8,8130,8130,0,0,0,0,0.6505241046047394,0.5325945107641309,0.6505241046047394,0.5325945107641309,1.0,1,0.6752571070941823,52
3200,3,8133,8133,0,0,0,0,0.6691787036515134,0.5325945107641309,0.6691787036515134,0.5325945107641309,1.0,1,0.6614846947445682,53
3201,3,8136,8136,0,0,0,0,0.6674666145795212,0.5369960469699051,0.6674666145795212,0.5369960469699051,1.0,1,0.6569739192365076,55
3202,5,8141,8141,0,0,0,0,0.6690835055398027,0.5232125852298031,0.6690835055398027,0.5232125852298031,1.0,1,0.6588074822995398,55
3203,1,8142,8142,0,0,0,0,0.7225838551607832,0.5598745274595892,0.7225838551607832,0.5598745274595892,1.0,1,0.6468790996596192,53
3204,1,8143,8143,0,0,0,0,0.7385023529310568,0.5328897879933359,0.7385023529310568,0.5328897879933359,1.0,1,0.6476493944176702,53
3205,3,8146,8146,0,0,0,0,0.7567018816634629,0.5620335964553439,0.7567018816634629,0.5620335964553439,1.0,1,0.6389995784575934,53
3206,0,8146,8146,0,0,0,0,0.788621949210164,0.5620335964553439,0.788621949210164,0.5620335964553439,1.0,1,0.6314925188279429,52
3207,1,8147,8147,0,0,0,0,0.7932258228631754,0.5909153113867271,0.7932258228631754,0.5909153113867271,1.0,1,0.6150482967280311,53
3208,1,8148,8148,0,0,0,0,0.8058772711778985,0.6209087088699337,0.8058772711778985,0.6209087088699337,1.0,1,0.6212470997398174,51
3209,2,8150,8150,0,0,0,0,0.7498966046179889,0.5566864445268981,0.7498966046179889,0.5566864445268981,1.0,1,0.6436898130593434,52
3210,1,8151,8151,0,0,0,0,0.7896556155893846,0.5566864445268981,0.7896556155893846,0.5566864445268981,1.0,1,0.6412851506770209,49
3211,2,8153,8153,0,0,0,0,0.7428548602796621,0.5019500274073808,0.7428548602796621,0.5019500274073808,1.0,1,0.675321665942051,48
3212,0,8153,8153,0,0,0,0,0.742854860279662,0.5019500274073808,0.742854860279662,0.5019500274073808,1.0,1,0.676583792078024,48
3213,4,8157,8157,0,0,0,0,0.7336641824847149,0.524293968661619,0.7336641824847149,0.524293968661619,1.0,1,0.660451409248702,49
3214,2,8159,8159,0,0,0,0,0.7439754006966564,0.5239701826510689,0.7439754006966564,0.5239701826510689,1.0,1,0.6453277363574634,51
3215,1,8160,8160,0,0,0,0,0.7614509124370465,0.5447312467216173,0.7614509124370465,0.5447312467216173,1.0,1,0.6346024980526475,51
3216,2,8162,8162,0,0,0,0,0.798661824170135,0.6156130094563259,0.798661824170135,0.6156130094563259,1.0,1,0.608417200797752,51
3217,0,8162,8162,0,0,0,0,0.798661824170135,0.6156130094563259,0.798661824170135,0.6156130094563259,1.0,1,0.608417200797752,51
3218,0,8162,8162,0,0,0,0,0.798661824170135,0.6156130094563259,0.798661824170135,0.6156130094563259,1.0,1,0.608417200797752,51
3219,1,8163,8163,0,0,0,0,0.7584755542857045,0.5799955167636378,0.7584755542857045,0.5799955167636378,1.0,1,0.6280766268398331,52
3220,1,8164,8164,0,0,0,0,0.7362353900109616,0.5431713138111244,0.7362353900109616,0.5431713138111244,1.0,1,0.6499951501969664,52
3221,0,8164,8164,0,0,0,0,0.7282977104260036,0.5431713138111244,0.7282977104260036,0.5431713138111244,1.0,1,0.6399324023038238,54
3222,1,8165,8165,0,0,0,0,0.7275471335700219,0.5219761257464318,0.7275471335700219,0.5219761257464318,1.0,1,0.6365971925201518,54
3223,0,8165,8165,0,0,0,0,0.7080486974788872,0.5219761257464318,0.7080486974788872,0.5219761257464318,1.0,1,0.6345568871257726,56
3224,1,8166,8166,0,0,0,0,0.6921411963433539,0.4892190806103886,0.6921411963433539,0.4892190806103886,1.0,1,0.6458523324782518,57
3225,0,8166,8166,0,0,0,0,0.6764129582312619,0.4892190806103886,0.6764129582312619,0.4892190806103886,1.0,1,0.6416540101407585,58
3226,0,8166,8166,0,0,0,0,0.6764129582312619,0.4892190806103886,0.6764129582312619,0.4892190806103886,1.0,1,0.6416540101407585,58
3227,4,8170,8170,0,0,0,0,0.6375811674965305,0.5001361087489176,0.6375811674965305,0.5001361087489176,1.0,1,0.6541224794555682,58
3228,1,8171,8171,0,0,0,0,0.6523283640050357,0.5170634185699754,0.6523283640050357,0.5170634185699754,1.0,1,0.6457005515917386,58
3229,2,8173,8173,0,0,0,0,0.6451476153402155,0.5535910311604423,0.6451476153402155,0.5535910311604423,1.0,1,0.6322304298169747,60
3230,0,8173,8173,0,0,0,0,0.650964867547753,0.5535910311604423,0.650964867547753,0.5535910311604423,1.0,1,0.6273908592493533,61
3231,2,8175,8175,0,0,0,0,0.6373014033040673,0.5182591567300399,0.6373014033040673,0.5182591567300399,1.0,1,0.640202481946963,61
3232,0,8175,8175,0,0,0,0,0.6373014033040673,0.5182591567300399,0.6373014033040673,0.5182591567300399,1.0,1,0.640202481946963,61
3233,1,8176,8176,0,0,0,0,0.6303323562628155,0.47337824967093955,0.6303323562628155,0.47337824967093955,1.0,1,0.6391456464836548,63
3234,0,8176,8176,0,0,0,0,0.6233619496466679,0.47337824967093955,0.6233619496466679,0.47337824967093955,1.0,1,0.6369160829209802,64
3235,1,8177,8177,0,0,0,0,0.6140079145145514,0.47337824967093955,0.6140079145145514,0.47337824967093955,1.0,1,0.6392913248789367,65
3236,0,8177,8177,0,0,0,0,0.6067591195937471,0.45930363300721144,0.6067591195937471,0.45930363300721144,1.0,1,0.6419962956637935,66
3237,3,8180,8180,0,0,0,0,0.5832058038645912,0.4391814636159517,0.5832058038645912,0.4391814636159517,1.0,1,0.6505713794563018,67
3238,1,8181,8181,0,0,0,0,0.5659751165892074,0.4391814636159517,0.5659751165892074,0.4391814636159517,1.0,1,0.6592759089605009,67
3239,1,8182,8182,0,0,0,0,0.5372544200901371,0.42484965558494414,0.5372544200901371,0.42484965558494414,1.0,1,0.6635129168514745,69
3240,1,8183,8183,0,0,0,0,0.5515991133033757,0.42484965558494414,0.5515991133033757,0.42484965558494414,1.0,1,0.657135549877768,69
3241,2,8185,8185,0,0,0,0,0.5805577257758509,0.46448822983675647,0.5805577257758509,0.46448822983675647,1.0,1,0.6415629465431802,68
3242,1,8186,8186,0,0,0,0,0.6078309159078271,0.48705577546753803,0.6078309159078271,0.48705577546753803,1.0,1,0.6287326673377501,67
3243,3,8189,8189,0,0,0,0,0.5672983214020634,0.48589319212697285,0.5672983214020634,0.48589319212697285,1.0,1,0.6433064150136848,68
3244,2,8191,8191,0,0,0,0,0.5814126643108459,0.4734077978167669,0.5814126643108459,0.4734077978167669,1.0,1,0.6327860800934844,68
3245,0,8191,8191,0,0,0,0,0.570510538698969,0.4734077978167669,0.570510538698969,0.4734077978167669,1.0,1,0.6334184646329157,69
3246,1,8192,8192,0,0,0,0,0.5766948781501939,0.49641023319555616,0.5766948781501939,0.49641023319555616,1.0,1,0.6295661597701442,68
3247,0,8192,8192,0,0,0,0,0.576694878150194,0.49641023319555616,0.576694878150194,0.49641023319555616,1.0,1,0.6295661597701442,68
3248,2,8194,8194,0,0,0,0,0.5790868932648877,0.49641023319555616,0.5790868932648877,0.49641023319555616,1.0,1,0.627496027337955,68
3249,2,8196,8196,0,0,0,0,0.5571074382287354,0.45717363129469785,0.5571074382287354,0.45717363129469785,1.0,1,0.650067478966772,69
3250,2,8198,8198,0,0,0,0,0.5693694030188491,0.46111305181199896,0.5693694030188491,0.46111305181199896,1.0,1,0.6404273061809812,69
3251,0,8198,8198,0,0,0,0,0.5630366001220675,0.46111305181199896,0.5630366001220675,0.46111305181199896,1.0,1,0.6448326030511191,68
3252,2,8200,8200,0,0,0,0,0.6082966672585921,0.4880501967806568,0.6082966672585921,0.4880501967806568,1.0,1,0.6127199950202691,68
3253,1,8201,8201,0,0,0,0,0.5972727409590334,0.4608527071556433,0.5972727409590334,0.4608527071556433,1.0,1,0.620861534763542,69
3254,2,8203,8203,0,0,0,0,0.6254553068688805,0.4608527071556433,0.6254553068688805,0.4608527071556433,1.0,1,0.6016879324102176,69
3255,5,8208,8208,0,0,0,0,0.6178225990568502,0.43939749780659576,0.6178225990568502,0.43939749780659576,1.0,1,0.6090752467293811,70
3256,2,8210,8210,0,0,0,0,0.6328334150542274,0.43939749780659576,0.6328334150542274,0.43939749780659576,1.0,1,0.5999824959414137,70
3257,5,8215,8215,0,0,0,0,0.6359216432389965,0.45548523462200546,0.6359216432389965,0.45548523462200546,1.0,1,0.591781963259358,71
3258,7,8222,8222,0,0,0,0,0.6565722025421958,0.4226890461701447,0.6565722025421958,0.4226890461701447,1.0,1,0.5699992517401375,72
3259,7,8229,8229,0,0,0,0,0.652013922211422,0.46648792468362055,0.652013922211422,0.46648792468362055,1.0,1,0.5653814566432432,71
3260,6,8235,8235,0,0,0,0,0.6581233992710551,0.41453263186777045,0.6581233992710551,0.41453263186777045,1.0,1,0.5699771154383672,72
3261,4,8239,8239,0,0,0,0,0.6497876613988627,0.4032886994972281,0.6497876613988627,0.4032886994972281,1.0,1,0.5725942372984862,74
3262,8,8247,8247,0,0,0,0,0.623378701794871,0.3877519504622445,0.623378701794871,0.3877519504622445,1.0,1,0.6056127675636293,73
3263,3,8250,8250,0,0,0,0,0.6248816029175305,0.3877519504622445,0.6248816029175305,0.3877519504622445,1.0,1,0.6025709700182906,73
3264,3,8253,8253,0,0,0,0,0.5995815206775706,0.3758592950396898,0.5995815206775706,0.3758592950396898,1.0,1,0.6330356777162665,71
3265,4,8257,8257,0,0,0,0,0.6157267140241255,0.34470916491661774,0.6157267140241255,0.34470916491661774,1.0,1,0.6419520525642352,70
3266,5,8262,8262,0,0,0,0,0.5957118643276131,0.34470916491661774,0.5957118643276131,0.34470916491661774,1.0,1,0.6672936021751009,69
3267,4,8266,8266,0,0,0,0,0.6170967296611645,0.3348255130684232,0.6170967296611645,0.3348255130684232,1.0,1,0.6451413768069848,69
3268,2,8268,8268,0,0,0,0,0.6114657992150052,0.3348255130684232,0.6114657992150052,0.3348255130684232,1.0,1,0.6544931144036813,68
3269,2,8270,8270,0,0,0,0,0.5954094749377273,0.3218965565858984,0.5954094749377273,0.3218965565858984,1.0,1,0.666975551889146,68
3270,0,8270,8270,0,0,0,0,0.5893708103845591,0.3218965565858984,0.5893708103845591,0.3218965565858984,1.0,1,0.6746343651558017,67
3271,2,8272,8272,0,0,0,0,0.6030955499375237,0.3218965565858984,0.6030955499375237,0.3218965565858984,1.0,1,0.6701894971363138,66
3272,2,8274,8274,0,0,0,0,0.5941378652292422,0.3125152071122739,0.5941378652292422,0.3125152071122739,1.0,1,0.6739987504152728,67
3273,3,8277,8277,0,0,0,0,0.6163889282757723,0.305826888304489,0.6163889282757723,0.305826888304489,1.0,1,0.6805918875743435,66
3274,3,8280,8280,0,0,0,0,0.6170476159704947,0.3220321620784437,0.6170476159704947,0.3220321620784437,1.0,1,0.6626567618250724,68
3275,2,8282,8282,0,0,0,0,0.6129900272233328,0.3358397959435507,0.6129900272233328,0.3358397959435507,1.0,1,0.6574560995169962,68
3276,1,8283,8283,0,0,0,0,0.6184867438673328,0.3456797141476975,0.6184867438673328,0.3456797141476975,1.0,1,0.6532710224023759,69
3277,4,8287,8287,0,0,0,0,0.61071366538637,0.3705334786235276,0.61071366538637,0.3705334786235276,1.0,1,0.644510641365024,68
3278,3,8290,8290,0,0,0,0,0.6026478377791471,0.3645437250031945,0.6026478377791471,0.3645437250031945,1.0,1,0.6477449385118784,69
3279,5,8295,8295,0,0,0,0,0.6377817499283284,0.3813698067187204,0.6377817499283284,0.3813698067187204,1.0,1,0.6480850998500884,67
3280,0,8295,8295,0,0,0,0,0.6454782414932726,0.3906867141289688,0.6454782414932726,0.3906867141289688,1.0,1,0.6455731420026425,66
3281,3,8298,8298,0,0,0,0,0.6405773745024436,0.38726737968795577,0.6405773745024436,0.38726737968795577,1.0,1,0.6416342173200823,67
3282,1,8299,8299,0,0,0,0,0.65970998726646,0.3976242179256217,0.65970998726646,0.3976242179256217,1.0,1,0.6365362580429212,66
3283,2,8301,8301,0,0,0,0,0.6659367936447629,0.39591466323123775,0.6659367936447629,0.39591466323123775,1.0,1,0.6314233745605118,67
3284,1,8302,8302,0,0,0,0,0.6935073700262808,0.4338916513999879,0.6935073700262808,0.4338916513999879,1.0,1,0.6118026628757336,66
3285,3,8305,8305,0,0,0,0,0.6883681765307936,0.4556788878573661,0.6883681765307936,0.4556788878573661,1.0,1,0.6040760336402164,66
3286,3,8308,8308,0,0,0,0,0.7019166943429489,0.5043972519508884,0.7019166943429489,0.5043972519508884,1.0,1,0.5872744186520026,63
3287,1,8309,8309,0,0,0,0,0.7071733315673517,0.5264507965281812,0.7071733315673517,0.5264507965281812,1.0,1,0.5947323765934649,61
3288,0,8309,8309,0,0,0,0,0.698992531592054,0.5302944974871883,0.698992531592054,0.5302944974871883,1.0,1,0.5900249479499926,63
3289,7,8316,8316,0,0,0,0,0.6906692038942742,0.47633577763467305,0.6906692038942742,0.47633577763467305,1.0,1,0.6188001737412986,62
3290,0,8316,8316,0,0,0,0,0.6955792165308731,0.47633577763467305,0.6955792165308731,0.47633577763467305,1.0,1,0.6073624821503788,63
3291,5,8321,8321,0,0,0,0,0.6675293932495652,0.45911425755855184,0.6675293932495652,0.45911425755855184,1.0,1,0.637371321696832,62
3292,1,8322,8322,0,0,0,0,0.6561157106509135,0.4464743508081372,0.6561157106509135,0.4464743508081372,1.0,1,0.6361282241705526,63
3293,1,8323,8323,0,0,0,0,0.6358640525118858,0.42233420976609215,0.6358640525118858,0.42233420976609215,1.0,1,0.6459862448361021,65
3294,3,8326,8326,0,0,0,0,0.6512584798258164,0.42233420976609215,0.6512584798258164,0.42233420976609215,1.0,1,0.6411553726313053,65
3295,2,8328,8328,0,0,0,0,0.6253770471854717,0.42233420976609215,0.6253770471854717,0.42233420976609215,1.0,1,0.6554201924307504,65
3296,2,8330,8330,0,0,0,0,0.6512584798258165,0.42233420976609215,0.6512584798258165,0.42233420976609215,1.0,1,0.6486516537046184,65
3297,3,8333,8333,0,0,0,0,0.6388242759296727,0.42233420976609215,0.6388242759296727,0.42233420976609215,1.0,1,0.6412589370622008,66
3298,3,8336,8336,0,0,0,0,0.6288074634756629,0.39732765351362903,0.6288074634756629,0.39732765351362903,1.0,1,0.6484549946055667,66
3299,5,8341,8341,0,0,0,0,0.6201495183352514,0.38487756371200293,0.6201495183352514,0.38487756371200293,1.0,1,0.6529700482140133,67
3300,3,8344,8344,0,0,0,0,0.6314755961035474,0.41356323703132986,0.6314755961035474,0.41356323703132986,1.0,1,0.6468911155077518,67
3301,4,8348,8348,0,0,0,0,0.6226370838551256,0.42202369766733283,0.6226370838551256,0.42202369766733283,1.0,1,0.6450642056786947,68
3302,2,8350,8350,0,0,0,0,0.6171131754932546,0.421836024601966,0.6171131754932546,0.421836024601966,1.0,1,0.6527417875237146,67
3303,1,8351,8351,0,0,0,0,0.6174827428650048,0.421836024601966,0.6174827428650048,0.421836024601966,1.0,1,0.6551686493873655,67
3304,1,8352,8352,0,0,0,0,0.610760056621682,0.421836024601966,0.610760056621682,0.421836024601966,1.0,1,0.6582030293853309,67
3305,2,8354,8354,0,0,0,0,0.5620787525373098,0.4012952767583753,0.5620787525373098,0.4012952767583753,1.0,1,0.6733771134603201,69
3306,0,8354,8354,0,0,0,0,0.5683347703582053,0.4012952767583753,0.5683347703582053,0.4012952767583753,1.0,1,0.6651880339572953,70
3307,1,8355,8355,0,0,0,0,0.579618205983327,0.4012952767583753,0.579618205983327,0.4012952767583753,1.0,1,0.6607446540952769,70
3308,2,8357,8357,0,0,0,0,0.590594215233291,0.4012952767583753,0.590594215233291,0.4012952767583753,1.0,1,0.6519572291519355,70
3309,3,8360,8360,0,0,0,0,0.5719292138417333,0.37297379191869173,0.5719292138417333,0.37297379191869173,1.0,1,0.6608714306290604,72
3310,1,8361,8361,0,0,0,0,0.5640864517929064,0.3514375049275953,0.5640864517929064,0.3514375049275953,1.0,1,0.6637126984825708,74
3311,1,8362,8362,0,0,0,0,0.5640864517929064,0.3514375049275953,0.5640864517929064,0.3514375049275953,1.0,1,0.6530077952374533,74
3312,2,8364,8364,0,0,0,0,0.5640864517929064,0.3514375049275953,0.5640864517929064,0.3514375049275953,1.0,1,0.6605175279039708,74
3313,3,8367,8367,0,0,0,0,0.5686185897559823,0.3386916260331182,0.5686185897559823,0.3386916260331182,1.0,1,0.6454030761058263,75
3314,1,8368,8368,0,0,0,0,0.5724546393965959,0.3386916260331182,0.5724546393965959,0.3386916260331182,1.0,1,0.642605647581509,76
3315,2,8370,8370,0,0,0,0,0.5678787490824202,0.3386916260331182,0.5678787490824202,0.3386916260331182,1.0,1,0.6490559916130136,75
3316,6,8376,8376,0,0,0,0,0.5729044793110308,0.3386916260331182,0.5729044793110308,0.3386916260331182,1.0,1,0.6371645175602835,76
3317,3,8379,8379,0,0,0,0,0.5755542817778384,0.350775792511139,0.5755542817778384,0.350775792511139,1.0,1,0.6525262890881249,73
3318,1,8380,8380,0,0,0,0,0.5679063838601832,0.350775792511139,0.5679063838601832,0.350775792511139,1.0,1,0.6550475196840914,72
3319,5,8385,8385,0,0,0,0,0.5546341363930339,0.3582334463562279,0.5546341363930339,0.3582334463562279,1.0,1,0.6647137481588156,71
3320,1,8386,8386,0,0,0,0,0.5608445658908776,0.35643041851413176,0.5608445658908776,0.35643041851413176,1.0,1,0.6680646457237481,70
3321,6,8392,8392,0,0,0,0,0.589541388226305,0.36983414439153184,0.589541388226305,0.36983414439153184,1.0,1,0.6551113967173929,69
3322,1,8393,8393,0,0,0,0,0.6095208595324192,0.37847374751621937,0.6095208595324192,0.37847374751621937,1.0,1,0.6473961549858468,68
3323,2,8395,8395,0,0,0,0,0.6043082983523079,0.36776372001356905,0.6043082983523079,0.36776372001356905,1.0,1,0.649105551633482,69
3324,2,8397,8397,0,0,0,0,0.6061082395269742,0.3970904277891722,0.6061082395269742,0.3970904277891722,1.0,1,0.6344737261971284,69
3325,7,8404,8404,0,0,0,0,0.5971952428738797,0.38615357363445524,0.5971952428738797,0.38615357363445524,1.0,1,0.6369503071377327,70
3326,3,8407,8407,0,0,0,0,0.6192747626289979,0.425541850137651,0.6192747626289979,0.425541850137651,1.0,1,0.6123417379907092,69
3327,5,8412,8412,0,0,0,0,0.611122783677934,0.46529412445371027,0.611122783677934,0.46529412445371027,1.0,1,0.6047706647588769,70
3328,4,8416,8416,0,0,0,0,0.614303832297397,0.4466617450307659,0.614303832297397,0.4466617450307659,1.0,1,0.5923005714357064,73
3329,5,8421,8421,0,0,0,0,0.6262858120219054,0.4504701373086746,0.6262858120219054,0.4504701373086746,1.0,1,0.5969670220340436,72
3330,3,8424,8424,0,0,0,0,0.6124175159667609,0.43449834399942855,0.6124175159667609,0.43449834399942855,1.0,1,0.6065802469137485,72
3331,1,8425,8425,0,0,0,0,0.630276935388714,0.41280932974508905,0.630276935388714,0.41280932974508905,1.0,1,0.6001084134715469,72
3332,3,8428,8428,0,0,0,0,0.6197597020602482,0.4231888634809527,0.6197597020602482,0.4231888634809527,1.0,1,0.5999346182862211,73
3333,1,8429,8429,0,0,0,0,0.6335028873119913,0.4408787778775687,0.6335028873119913,0.4408787778775687,1.0,1,0.5904770012919399,72
3334,2,8431,8431,0,0,0,0,0.6127359313443663,0.4125735018005403,0.6127359313443663,0.4125735018005403,1.0,1,0.5877622380376477,73
3335,2,8433,8433,0,0,0,0,0.6161215827823938,0.42483931005337083,0.6161215827823938,0.42483931005337083,1.0,1,0.5788550224251106,74
3336,3,8436,8436,0,0,0,0,0.6170507767268935,0.4394656276878959,0.6170507767268935,0.4394656276878959,1.0,1,0.5909148733164589,74
3337,2,8438,8438,0,0,0,0,0.6269144584995113,0.4394656276878959,0.6269144584995113,0.4394656276878959,1.0,1,0.5815091020267795,74
3338,6,8444,8444,0,0,0,0,0.5914476180344447,0.4171262362593484,0.5914476180344447,0.4171262362593484,1.0,1,0.6114182605159505,74
3339,4,8448,8448,0,0,0,0,0.6056842402233119,0.39847851286571273,0.6056842402233119,0.39847851286571273,1.0,1,0.599287312790942,75
3340,1,8449,8449,0,0,0,0,0.6056842402233119,0.39847851286571273,0.6056842402233119,0.39847851286571273,1.0,1,0.5995392642050419,75
3341,3,8452,8452,0,0,0,0,0.5965356203318519,0.39847851286571273,0.5965356203318519,0.39847851286571273,1.0,1,0.5958605820016836,76
3342,3,8455,8455,0,0,0,0,0.5962053374940911,0.3831199926588071,0.5962053374940911,0.3831199926588071,1.0,1,0.6164012084912451,76
3343,2,8457,8457,0,0,0,0,0.5908214086606788,0.3831199926588071,0.5908214086606788,0.3831199926588071,1.0,1,0.6167541538886094,75
3344,4,8461,8461,0,0,0,0,0.6023702660863803,0.37134692068604763,0.6023702660863803,0.37134692068604763,1.0,1,0.6293232980286997,75
3345,4,8465,8465,0,0,0,0,0.5821946474845164,0.37134692068604763,0.5821946474845164,0.37134692068604763,1.0,1,0.6488626331191117,72
3346,3,8468,8468,0,0,0,0,0.5837334127681235,0.37134692068604763,0.5837334127681235,0.37134692068604763,1.0,1,0.6419561583751396,73
3347,5,8473,8473,0,0,0,0,0.601037007090161,0.37134692068604763,0.601037007090161,0.37134692068604763,1.0,1,0.6228326437226634,73
3348,2,8475,8475,0,0,0,0,0.5898157860654013,0.3592711599402163,0.5898157860654013,0.3592711599402163,1.0,1,0.6321120058038042,73
3349,5,8480,8480,0,0,0,0,0.5842832021396682,0.3592711599402163,0.5842832021396682,0.3592711599402163,1.0,1,0.6411700533400084,74
3350,0,8480,8480,0,0,0,0,0.5785884514840473,0.3592711599402163,0.5785884514840473,0.3592711599402163,1.0,1,0.6453944193185146,73
3351,3,8483,8483,0,0,0,0,0.5894183778148963,0.3592711599402163,0.5894183778148963,0.3592711599402163,1.0,1,0.6425785530661755,72
3352,4,8487,8487,0,0,0,0,0.568634066279493,0.33767031574923717,0.568634066279493,0.33767031574923717,1.0,1,0.6581974630525348,72
3353,2,8489,8489,0,0,0,0,0.5744853284223242,0.36643606438034293,0.5744853284223242,0.36643606438034293,1.0,1,0.6431917680880901,72
3354,4,8493,8493,0,0,0,0,0.5717582099920147,0.4000063356669678,0.5717582099920147,0.4000063356669678,1.0,1,0.6335060819764652,70
3355,4,8497,8497,0,0,0,0,0.5869121887292547,0.4227942866608056,0.5869121887292547,0.4227942866608056,1.0,1,0.6433400028710557,69
3356,6,8503,8503,0,0,0,0,0.5839291997184012,0.4588894919364378,0.5839291997184012,0.4588894919364378,1.0,1,0.6220076722471829,69
3357,4,8507,8507,0,0,0,0,0.5945076293183615,0.43560061180591436,0.5945076293183615,0.43560061180591436,1.0,1,0.6321611424988295,68
3358,5,8512,8512,0,0,0,0,0.6122506007060364,0.42283426893850046,0.6122506007060364,0.42283426893850046,1.0,1,0.6170771147357842,68
3359,1,8513,8513,0,0,0,0,0.6323808282711775,0.410047311377801,0.6323808282711775,0.410047311377801,1.0,1,0.6205679630691456,66
3360,3,8516,8516,0,0,0,0,0.6477087459423629,0.3786244071137916,0.6477087459423629,0.3786244071137916,1.0,1,0.633680395985717,65
3361,1,8517,8517,0,0,0,0,0.6796402948295404,0.3786244071137916,0.6796402948295404,0.3786244071137916,1.0,1,0.6176887095013461,64
3362,1,8518,8518,0,0,0,0,0.6825187842753238,0.3786244071137916,0.6825187842753238,0.3786244071137916,1.0,1,0.6094006402354444,64
3363,1,8519,8519,0,0,0,0,0.6578814559099909,0.367809195001468,0.6578814559099909,0.367809195001468,1.0,1,0.6158643206733843,65
3364,1,8520,8520,0,0,0,0,0.6777370897458203,0.3798149980041894,0.6777370897458203,0.3798149980041894,1.0,1,0.6033756736548628,66
3365,1,8521,8521,0,0,0,0,0.6667035029603786,0.3828402562146463,0.6667035029603786,0.3828402562146463,1.0,1,0.6004896488266145,68
3366,0,8521,8521,0,0,0,0,0.6709701756586322,0.39510076171015085,0.6709701756586322,0.39510076171015085,1.0,1,0.6007115552964238,66
3367,5,8526,8526,0,0,0,0,0.6000246422924853,0.3788036654693952,0.6000246422924853,0.3788036654693952,1.0,1,0.6279220065810702,68
3368,2,8528,8528,0,0,0,0,0.6019845141119285,0.4016548019328243,0.6019845141119285,0.4016548019328243,1.0,1,0.6176463638675129,68
3369,4,8532,8532,0,0,0,0,0.5450442860681938,0.3733514560606563,0.5450442860681938,0.3733514560606563,1.0,1,0.6506349679463573,69
3370,3,8535,8535,0,0,0,0,0.5561052129137968,0.3733514560606563,0.5561052129137968,0.3733514560606563,1.0,1,0.6321175070988718,71
3371,1,8536,8536,0,0,0,0,0.5559559509143189,0.36034978896593894,0.5559559509143189,0.36034978896593894,1.0,1,0.6384236586503376,71
3372,4,8540,8540,0,0,0,0,0.5748926232963174,0.3777777960577849,0.5748926232963174,0.3777777960577849,1.0,1,0.6165140146291203,71
3373,1,8541,8541,0,0,0,0,0.5812710983184579,0.3777777960577849,0.5812710983184579,0.3777777960577849,1.0,1,0.6103022951712346,72
3374,0,8541,8541,0,0,0,0,0.5940057448148826,0.38869158656890923,0.5940057448148826,0.38869158656890923,1.0,1,0.60340405093342,72
3375,3,8544,8544,0,0,0,0,0.606041297979687,0.41094605527419564,0.606041297979687,0.41094605527419564,1.0,1,0.5891217273329669,73
3376,0,8544,8544,0,0,0,0,0.6011944403256716,0.41094605527419564,0.6011944403256716,0.41094605527419564,1.0,1,0.5835447302627966,75
3377,3,8547,8547,0,0,0,0,0.6111561386208165,0.422994396974446,0.6111561386208165,0.422994396974446,1.0,1,0.5632622550702536,77
3378,3,8550,8550,0,0,0,0,0.6105950555830373,0.422994396974446,0.6105950555830373,0.422994396974446,1.0,1,0.5535991834824388,77
3379,4,8554,8554,0,0,0,0,0.5950213785959844,0.44102259740586264,0.5950213785959844,0.44102259740586264,1.0,1,0.5585830140489662,77
3380,5,8559,8559,0,0,0,0,0.5865837042479976,0.4211342530615039,0.5865837042479976,0.4211342530615039,1.0,1,0.5853498192539923,76
3381,4,8563,8563,0,0,0,0,0.5870433359148672,0.3923431656313618,0.5870433359148672,0.3923431656313618,1.0,1,0.599532655256453,76
3382,6,8569,8569,0,0,0,0,0.5862910117692077,0.393279252197627,0.5862910117692077,0.393279252197627,1.0,1,0.5914759717104948,78
3383,1,8570,8570,0,0,0,0,0.5817374345571558,0.37787154572300313,0.5817374345571558,0.37787154572300313,1.0,1,0.6039129789415584,77
3384,5,8575,8575,0,0,0,0,0.5961523476685683,0.3922955514475617,0.5961523476685683,0.3922955514475617,1.0,1,0.5935049927639495,77
3385,4,8579,8579,0,0,0,0,0.5986856725884615,0.39554296051807764,0.5986856725884615,0.39554296051807764,1.0,1,0.6025242239913599,75
3386,1,8580,8580,0,0,0,0,0.6033766505635723,0.3851551983615768,0.6033766505635723,0.3851551983615768,1.0,1,0.6005525205855563,76
3387,1,8581,8581,0,0,0,0,0.5993392738887472,0.3851551983615768,0.5993392738887472,0.3851551983615768,1.0,1,0.600505007310476,75
3388,4,8585,8585,0,0,0,0,0.5916443622825489,0.3927154733010048,0.5916443622825489,0.3927154733010048,1.0,1,0.6057912472134444,76
3389,1,8586,8586,0,0,0,0,0.5838556719662634,0.38247376877923916,0.5838556719662634,0.38247376877923916,1.0,1,0.6106678939344884,77
3390,2,8588,8588,0,0,0,0,0.5791580368823398,0.38247376877923916,0.5791580368823398,0.38247376877923916,1.0,1,0.6250574093481891,76
3391,0,8588,8588,0,0,0,0,0.5846235169228289,0.38247376877923916,0.5846235169228289,0.38247376877923916,1.0,1,0.6149359062107363,77
3392,0,8588,8588,0,0,0,0,0.5763451172087835,0.38247376877923916,0.5763451172087835,0.38247376877923916,1.0,1,0.616273272253136,78
3393,1,8589,8589,0,0,0,0,0.5908836518116725,0.3988431074968739,0.5908836518116725,0.3988431074968739,1.0,1,0.6082778029885615,76
3394,3,8592,8592,0,0,0,0,0.5597389582868312,0.38886524063610667,0.5597389582868312,0.38886524063610667,1.0,1,0.6191356759964766,75
3395,0,8592,8592,0,0,0,0,0.5612481559010067,0.38886524063610667,0.5612481559010067,0.38886524063610667,1.0,1,0.625169137979671,73
3396,2,8594,8594,0,0,0,0,0.5304062009628924,0.38886524063610667,0.5304062009628924,0.38886524063610667,1.0,1,0.6437358063245471,73
3397,2,8596,8596,0,0,0,0,0.5501987109515927,0.38886524063610667,0.5501987109515927,0.38886524063610667,1.0,1,0.6314045632956797,74
3398,4,8600,8600,0,0,0,0,0.49800070907918803,0.38886524063610667,0.49800070907918803,0.38886524063610667,1.0,1,0.6595255429500485,74
3399,2,8602,8602,0,0,0,0,0.49428711205687953,0.38886524063610667,0.49428711205687953,0.38886524063610667,1.0,1,0.6586469922625611,75
3400,4,8606,8606,0,0,0,0,0.4941656629670034,0.38886524063610667,0.4941656629670034,0.38886524063610667,1.0,1,0.6587604548973711,75
3401,2,8608,8608,0,0,0,0,0.5091273636824035,0.38886524063610667,0.5091273636824035,0.38886524063610667,1.0,1,0.6388635023112897,77
3402,0,8608,8608,0,0,0,0,0.5091273636824035,0.38886524063610667,0.5091273636824035,0.38886524063610667,1.0,1,0.6388635023112897,77
3403,2,8610,8610,0,0,0,0,0.5027411778886302,0.3749948871880383,0.5027411778886302,0.3749948871880383,1.0,1,0.6426686713536189,78
3404,2,8612,8612,0,0,0,0,0.5023713110765121,0.3749948871880383,0.5023713110765121,0.3749948871880383,1.0,1,0.6438008354813867,78
3405,2,8614,8614,0,0,0,0,0.5025086589978767,0.36268463855143424,0.5025086589978767,0.36268463855143424,1.0,1,0.6495502715136318,78
3406,1,8615,8615,0,0,0,0,0.5028583785024978,0.36268463855143424,0.5028583785024978,0.36268463855143424,1.0,1,0.6529428844376749,78
3407,2,8617,8617,0,0,0,0,0.5037123369247543,0.336750259741091,0.5037123369247543,0.336750259741091,1.0,1,0.6594277097673159,78
3408,0,8617,8617,0,0,0,0,0.4992311844003334,0.336750259741091,0.4992311844003334,0.336750259741091,1.0,1,0.6574435446065093,79
3409,0,8617,8617,0,0,0,0,0.49974930391492295,0.336750259741091,0.49974930391492295,0.336750259741091,1.0,1,0.6450090141188626,81
3410,0,8617,8617,0,0,0,0,0.49402633268214885,0.32717886608753977,0.49402633268214885,0.32717886608753977,1.0,1,0.6477736267814483,82
3411,2,8619,8619,0,0,0,0,0.4799782656799604,0.33836067136647846,0.4799782656799604,0.33836067136647846,1.0,1,0.6412848668876111,84
3412,1,8620,8620,0,0,0,0,0.4800355093539815,0.34740554633035586,0.4800355093539815,0.34740554633035586,1.0,1,0.6391182053346162,84
3413,3,8623,8623,0,0,0,0,0.48346689593575287,0.34740554633035586,0.48346689593575287,0.34740554633035586,1.0,1,0.6259125174645772,84
3414,3,8626,8626,0,0,0,0,0.4735974727035342,0.3343732288738802,0.4735974727035342,0.3343732288738802,1.0,1,0.6367552694447676,84
3415,3,8629,8629,0,0,0,0,0.46779470670489715,0.34217461658564163,0.46779470670489715,0.34217461658564163,1.0,1,0.6329938146969358,85
3416,2,8631,8631,0,0,0,0,0.467733087733178,0.35103309078479517,0.467733087733178,0.35103309078479517,1.0,1,0.630669643832394,85
3417,3,8634,8634,0,0,0,0,0.4606535561708714,0.35103309078479517,0.4606535561708714,0.35103309078479517,1.0,1,0.6344097677811966,86
3418,2,8636,8636,0,0,0,0,0.4611813889980531,0.35103309078479517,0.4611813889980531,0.35103309078479517,1.0,1,0.6437721708975179,86
3419,3,8639,8639,0,0,0,0,0.44171083811030115,0.35103309078479517,0.44171083811030115,0.35103309078479517,1.0,1,0.6470151555801077,87
3420,3,8642,8642,0,0,0,0,0.43787796147662467,0.32244791225665975,0.43787796147662467,0.32244791225665975,1.0,1,0.6607242795939916,88
3421,4,8646,8646,0,0,0,0,0.42820480543343764,0.32244791225665975,0.42820480543343764,0.32244791225665975,1.0,1,0.6659697942794641,89
3422,1,8647,8647,0,0,0,0,0.41259348473291085,0.32244791225665975,0.41259348473291085,0.32244791225665975,1.0,1,0.6695728339545034,90
3423,2,8649,8649,0,0,0,0,0.42290981578542364,0.32244791225665975,0.42290981578542364,0.32244791225665975,1.0,1,0.669129607990734,90
3424,1,8650,8650,0,0,0,0,0.4428841699435462,0.32244791225665975,0.4428841699435462,0.32244791225665975,1.0,1,0.6608627218963409,91
3425,0,8650,8650,0,0,0,0,0.447794005611158,0.3232606231572957,0.447794005611158,0.3232606231572957,1.0,1,0.6605917338052977,90
3426,1,8651,8651,0,0,0,0,0.4697298162861079,0.3232606231572957,0.4697298162861079,0.3232606231572957,1.0,1,0.6478695907714795,92
3427,1,8652,8652,0,0,0,0,0.4490809179616531,0.31153883002766397,0.4490809179616531,0.31153883002766397,1.0,1,0.6596375800687635,92
3428,3,8655,8655,0,0,0,0,0.4521245756317269,0.32936615813587045,0.4521245756317269,0.32936615813587045,1.0,1,0.6520065288755792,91
3429,3,8658,8658,0,0,0,0,0.42983346342231166,0.3328172333017626,0.42983346342231166,0.3328172333017626,1.0,1,0.654014444274554,91
3430,3,8661,8661,0,0,0,0,0.41812821482653295,0.3328172333017626,0.41812821482653295,0.3328172333017626,1.0,1,0.649585291233954,91
3431,2,8663,8663,0,0,0,0,0.4264179855300244,0.32189428189977504,0.4264179855300244,0.32189428189977504,1.0,1,0.6568431914330635,90
3432,3,8666,8666,0,0,0,0,0.4307494974007114,0.3143433909191119,0.4307494974007114,0.3143433909191119,1.0,1,0.6552321436572175,91
3433,1,8667,8667,0,0,0,0,0.42544067824796816,0.3143433909191119,0.42544067824796816,0.3143433909191119,1.0,1,0.6590547929753763,90
3434,1,8668,8668,0,0,0,0,0.4308633074154491,0.3143433909191119,0.4308633074154491,0.3143433909191119,1.0,1,0.6614795138949444,89
3435,1,8669,8669,0,0,0,0,0.43519521428773494,0.3143433909191119,0.43519521428773494,0.3143433909191119,1.0,1,0.6644030512992096,88
3436,1,8670,8670,0,0,0,0,0.45937571520743065,0.3143433909191119,0.45937571520743065,0.3143433909191119,1.0,1,0.6611349611279043,86
3437,1,8671,8671,0,0,0,0,0.4720368399479149,0.3143433909191119,0.4720368399479149,0.3143433909191119,1.0,1,0.6547095951696563,86
3438,1,8672,8672,0,0,0,0,0.49075797854869485,0.3143433909191119,0.49075797854869485,0.3143433909191119,1.0,1,0.6472464616564724,87
3439,2,8674,8674,0,0,0,0,0.5168291305158924,0.3143433909191119,0.5168291305158924,0.3143433909191119,1.0,1,0.6343640134618911,86
3440,1,8675,8675,0,0,0,0,0.5265058969447911,0.3143433909191119,0.5265058969447911,0.3143433909191119,1.0,1,0.6321801823987918,86
3441,2,8677,8677,0,0,0,0,0.5164306141484075,0.3235490912815729,0.5164306141484075,0.3235490912815729,1.0,1,0.6302230661174996,85
3442,1,8678,8678,0,0,0,0,0.5270483072460782,0.3235490912815729,0.5270483072460782,0.3235490912815729,1.0,1,0.6279904756831568,85
3443,2,8680,8680,0,0,0,0,0.5386322099336472,0.3343243671402598,0.5386322099336472,0.3343243671402598,1.0,1,0.6132482728768969,85
3444,5,8685,8685,0,0,0,0,0.5207538747295033,0.3474179224448659,0.5207538747295033,0.3474179224448659,1.0,1,0.6208156097424279,85
3445,3,8688,8688,0,0,0,0,0.5288127004693072,0.3469349396873111,0.5288127004693072,0.3469349396873111,1.0,1,0.6205537691015298,84
3446,5,8693,8693,0,0,0,0,0.4970633669769198,0.34784986653077943,0.4970633669769198,0.34784986653077943,1.0,1,0.6286719921374105,85
3447,2,8695,8695,0,0,0,0,0.5069464449863259,0.34784986653077943,0.5069464449863259,0.34784986653077943,1.0,1,0.6310306851799912,85
3448,4,8699,8699,0,0,0,0,0.4798515125965074,0.3363481535178033,0.4798515125965074,0.3363481535178033,1.0,1,0.6505534795207626,85
3449,1,8700,8700,0,0,0,0,0.46119101518088323,0.3363481535178033,0.46119101518088323,0.3363481535178033,1.0,1,0.6654774692037089,84
3450,0,8700,8700,0,0,0,0,0.46119101518088323,0.3363481535178033,0.46119101518088323,0.3363481535178033,1.0,1,0.6654774692037089,84
3451,4,8704,8704,0,0,0,0,0.4912896990764501,0.32579892245151343,0.4912896990764501,0.32579892245151343,1.0,1,0.6563953234711248,85
3452,3,8707,8707,0,0,0,0,0.4623743469145078,0.32579892245151343,0.4623743469145078,0.32579892245151343,1.0,1,0.6665993918197823,86
3453,4,8711,8711,0,0,0,0,0.48114754854390596,0.34784414754848475,0.48114754854390596,0.34784414754848475,1.0,1,0.6469780572652127,85
3454,3,8714,8714,0,0,0,0,0.4980891315985993,0.34784414754848475,0.4980891315985993,0.34784414754848475,1.0,1,0.6273584653148679,88
3455,1,8715,8715,0,0,0,0,0.49948754150153984,0.3398550357430281,0.49948754150153984,0.3398550357430281,1.0,1,0.6324228086361519,88
3456,0,8715,8715,0,0,0,0,0.49948754150153984,0.3398550357430281,0.49948754150153984,0.3398550357430281,1.0,1,0.6324228086361519,88
3457,4,8719,8719,0,0,0,0,0.50440468467638,0.3402186581412442,0.50440468467638,0.3402186581412442,1.0,1,0.6271917864805965,89
3458,2,8721,8721,0,0,0,0,0.48716818562578085,0.3402186581412442,0.48716818562578085,0.3402186581412442,1.0,1,0.6354169670458383,88
3459,4,8725,8725,0,0,0,0,0.4998146388699833,0.342689455159541,0.4998146388699833,0.342689455159541,1.0,1,0.6219092676808231,88
3460,5,8730,8730,0,0,0,0,0.469643953381291,0.33121473197333645,0.469643953381291,0.33121473197333645,1.0,1,0.6378009916844781,89
3461,2,8732,8732,0,0,0,0,0.47029284860926684,0.33121473197333645,0.47029284860926684,0.33121473197333645,1.0,1,0.6391597441391803,89
3462,1,8733,8733,0,0,0,0,0.46588427574428726,0.33121473197333645,0.46588427574428726,0.33121473197333645,1.0,1,0.6429755342324303,90
3463,5,8738,8738,0,0,0,0,0.481396689432402,0.32405514955594206,0.481396689432402,0.32405514955594206,1.0,1,0.6556222126786914,89
3464,0,8738,8738,0,0,0,0,0.47550346999413384,0.32405514955594206,0.47550346999413384,0.32405514955594206,1.0,1,0.659689204110228,88
3465,2,8740,8740,0,0,0,0,0.47022649770440234,0.3139766969839255,0.47022649770440234,0.3139766969839255,1.0,1,0.6640299463279616,87
3466,1,8741,8741,0,0,0,0,0.47985340691978223,0.3139766969839255,0.47985340691978223,0.3139766969839255,1.0,1,0.6610304212497047,87
3467,2,8743,8743,0,0,0,0,0.4909847298556118,0.3139766969839255,0.4909847298556118,0.3139766969839255,1.0,1,0.648359115464579,87
3468,2,8745,8745,0,0,0,0,0.4971332733407895,0.30411229903716336,0.4971332733407895,0.30411229903716336,1.0,1,0.6460729302966507,88
3469,3,8748,8748,0,0,0,0,0.520191471576867,0.3281611977659661,0.520191471576867,0.3281611977659661,1.0,1,0.6340005197344758,85
3470,0,8748,8748,0,0,0,0,0.5151628161923776,0.3281611977659661,0.5151628161923776,0.3281611977659661,1.0,1,0.6342881146681953,86
3471,4,8752,8752,0,0,0,0,0.5235415288774469,0.33060106433869685,0.5235415288774469,0.33060106433869685,1.0,1,0.6367448240085686,84
3472,4,8756,8756,0,0,0,0,0.5285243872719593,0.3378080656794411,0.5285243872719593,0.3378080656794411,1.0,1,0.6363982571474858,83
3473,4,8760,8760,0,0,0,0,0.5171000176169075,0.3453170701934837,0.5171000176169075,0.3453170701934837,1.0,1,0.6390744909455176,81
3474,2,8762,8762,0,0,0,0,0.52594958973021,0.37737494906522934,0.52594958973021,0.37737494906522934,1.0,1,0.6235547452676755,80
3475,5,8767,8767,0,0,0,0,0.49708692463319454,0.33630479639744837,0.49708692463319454,0.33630479639744837,1.0,1,0.6402137351479443,82
3476,0,8767,8767,0,0,0,0,0.5040280671181674,0.3501479140887263,0.5040280671181674,0.3501479140887263,1.0,1,0.6324796017263077,81
3477,4,8771,8771,0,0,0,0,0.4954600086309434,0.3177010999014421,0.4954600086309434,0.3177010999014421,1.0,1,0.6460125429293927,83
3478,4,8775,8775,0,0,0,0,0.5148138915288606,0.355264205278097,0.5148138915288606,0.355264205278097,1.0,1,0.616687516661139,83
3479,3,8778,8778,0,0,0,0,0.5140609524879534,0.364069942015163,0.5140609524879534,0.364069942015163,1.0,1,0.6133850977888072,83
3480,3,8781,8781,0,0,0,0,0.4930102005855354,0.364069942015163,0.4930102005855354,0.364069942015163,1.0,1,0.6196338706786666,83
3481,8,8789,8789,0,0,0,0,0.514032328307586,0.37028917710793346,0.514032328307586,0.37028917710793346,1.0,1,0.6072190774445386,83
3482,7,8796,8796,0,0,0,0,0.5125210892295377,0.35281389038785144,0.5125210892295377,0.35281389038785144,1.0,1,0.6163855793939197,83
3483,2,8798,8798,0,0,0,0,0.517041675362329,0.35281389038785144,0.517041675362329,0.35281389038785144,1.0,1,0.6142179345033314,82
3484,4,8802,8802,0,0,0,0,0.5329778436125002,0.32537066642921847,0.5329778436125002,0.32537066642921847,1.0,1,0.6260360965550955,82
3485,2,8804,8804,0,0,0,0,0.5255436693625685,0.3385927841401817,0.5255436693625685,0.3385927841401817,1.0,1,0.6224988939799068,83
3486,1,8805,8805,0,0,0,0,0.5253035549370286,0.350218138041318,0.5253035549370286,0.350218138041318,1.0,1,0.6170017734148502,83
3487,1,8806,8806,0,0,0,0,0.508200309861419,0.350218138041318,0.508200309861419,0.350218138041318,1.0,1,0.6285762026491133,84
3488,1,8807,8807,0,0,0,0,0.4956426825543874,0.350218138041318,0.4956426825543874,0.350218138041318,1.0,1,0.6306553266407066,84
3489,0,8807,8807,0,0,0,0,0.4956426825543874,0.350218138041318,0.4956426825543874,0.350218138041318,1.0,1,0.6306553266407066,84
3490,1,8808,8808,0,0,0,0,0.5084223034913684,0.350218138041318,0.5084223034913684,0.350218138041318,1.0,1,0.6277312273385801,84
3491,3,8811,8811,0,0,0,0,0.4907233536017741,0.350218138041318,0.4907233536017741,0.350218138041318,1.0,1,0.6239082888918027,86
3492,0,8811,8811,0,0,0,0,0.49072335360177416,0.350218138041318,0.49072335360177416,0.350218138041318,1.0,1,0.6239082888918027,86
3493,2,8813,8813,0,0,0,0,0.4881479399227512,0.350218138041318,0.4881479399227512,0.350218138041318,1.0,1,0.6258605434556936,86
3494,2,8815,8815,0,0,0,0,0.4897492441832312,0.3514589934346764,0.4897492441832312,0.3514589934346764,1.0,1,0.6271513717874296,86
3495,2,8817,8817,0,0,0,0,0.5086266162722544,0.3514589934346764,0.5086266162722544,0.3514589934346764,1.0,1,0.61133643821635,87
3496,2,8819,8819,0,0,0,0,0.5129026584774691,0.34210062778763917,0.5129026584774691,0.34210062778763917,1.0,1,0.6144940628592295,88
3497,1,8820,8820,0,0,0,0,0.5271978160453208,0.34210062778763917,0.5271978160453208,0.34210062778763917,1.0,1,0.603149289244499,89
3498,3,8823,8823,0,0,0,0,0.513236753954207,0.3279014776493836,0.513236753954207,0.3279014776493836,1.0,1,0.6092746166004255,89
3499,4,8827,8827,0,0,0,0,0.5452682146282819,0.3279014776493836,0.5452682146282819,0.3279014776493836,1.0,1,0.5912151733809388,91
3500,2,8829,8829,0,0,0,0,0.5402846302385949,0.3279014776493836,0.5402846302385949,0.3279014776493836,1.0,1,0.5967886248621211,90
3501,3,8832,8832,0,0,0,0,0.5488315182111904,0.3279014776493836,0.5488315182111904,0.3279014776493836,1.0,1,0.5929550943771615,90
3502,4,8836,8836,0,0,0,0,0.5693184125424164,0.3271684891507721,0.5693184125424164,0.3271684891507721,1.0,1,0.5807365962759004,91
3503,6,8842,8842,0,0,0,0,0.558502732825569,0.35335072229329,0.558502732825569,0.35335072229329,1.0,1,0.574016511148028,91
3504,5,8847,8847,0,0,0,0,0.548674345938052,0.3694637017441856,0.548674345938052,0.3694637017441856,1.0,1,0.5868822712648987,89
3505,4,8851,8851,0,0,0,0,0.5374693291805823,0.3742787890981481,0.5374693291805823,0.3742787890981481,1.0,1,0.5954231295239639,87
3506,9,8860,8860,0,0,0,0,0.5417232058354231,0.3471791428624366,0.5417232058354231,0.3471791428624366,1.0,1,0.6063096955271281,87
3507,3,8863,8863,0,0,0,0,0.5658880521289296,0.35994105152660805,0.5658880521289296,0.35994105152660805,1.0,1,0.5918976184902754,84
3508,7,8870,8870,0,0,0,0,0.5497948076464105,0.34837497515612265,0.5497948076464105,0.34837497515612265,1.0,1,0.6122736031027464,83
3509,3,8873,8873,0,0,0,0,0.5793465055312417,0.3558385790597428,0.5793465055312417,0.3558385790597428,1.0,1,0.6080827425572349,80
3510,4,8877,8877,0,0,0,0,0.5882472365092346,0.3558385790597428,0.5882472365092346,0.3558385790597428,1.0,1,0.6066925522371232,78
3511,2,8879,8879,0,0,0,0,0.590979556823239,0.3558385790597428,0.590979556823239,0.3558385790597428,1.0,1,0.6082458684758671,77
3512,3,8882,8882,0,0,0,0,0.581620911952677,0.3329061623737368,0.581620911952677,0.3329061623737368,1.0,1,0.6335540414846769,74
3513,2,8884,8884,0,0,0,0,0.5914236345614882,0.35316334184444226,0.5914236345614882,0.35316334184444226,1.0,1,0.6189445390230273,76
3514,1,8885,8885,0,0,0,0,0.5755800721161727,0.35316334184444226,0.5755800721161727,0.35316334184444226,1.0,1,0.6325500851216856,76
3515,3,8888,8888,0,0,0,0,0.5944775120334675,0.37867500672958365,0.5944775120334675,0.37867500672958365,1.0,1,0.6113914090168573,75
3516,1,8889,8889,0,0,0,0,0.5998677472650635,0.39643473064692053,0.5998677472650635,0.39643473064692053,1.0,1,0.6158899228513667,73
3517,2,8891,8891,0,0,0,0,0.6189061939632139,0.44033264828250296,0.6189061939632139,0.44033264828250296,1.0,1,0.5881275750132934,74
3518,1,8892,8892,0,0,0,0,0.6200994354255638,0.44033264828250296,0.6200994354255638,0.44033264828250296,1.0,1,0.5876697684625778,74
3519,4,8896,8896,0,0,0,0,0.5924132557603666,0.38547805378174926,0.5924132557603666,0.38547805378174926,1.0,1,0.6276136435021251,73
3520,1,8897,8897,0,0,0,0,0.5979211847365778,0.38547805378174926,0.5979211847365778,0.38547805378174926,1.0,1,0.6148865936508662,74
3521,0,8897,8897,0,0,0,0,0.5899353742233656,0.38547805378174926,0.5899353742233656,0.38547805378174926,1.0,1,0.6155888803037929,75
3522,2,8899,8899,0,0,0,0,0.5899353742233656,0.38547805378174926,0.5899353742233656,0.38547805378174926,1.0,1,0.6153010330010985,75
3523,3,8902,8902,0,0,0,0,0.6022031595918824,0.3967951632788051,0.6022031595918824,0.3967951632788051,1.0,1,0.6066346077648531,75
3524,2,8904,8904,0,0,0,0,0.6310221217352067,0.43499566277108237,0.6310221217352067,0.43499566277108237,1.0,1,0.5787934312672991,75
3525,2,8906,8906,0,0,0,0,0.6176331008578173,0.4179036398023697,0.6176331008578173,0.4179036398023697,1.0,1,0.5909276641317383,75
3526,3,8909,8909,0,0,0,0,0.6250861920938958,0.39688321265492293,0.6250861920938958,0.39688321265492293,1.0,1,0.5879145395035904,76
3527,3,8912,8912,0,0,0,0,0.6536642081246903,0.4229295778041485,0.6536642081246903,0.4229295778041485,1.0,1,0.569632387926527,77
3528,2,8914,8914,0,0,0,0,0.6622256793921478,0.4371044729571284,0.6622256793921478,0.4371044729571284,1.0,1,0.567626498031297,77
3529,4,8918,8918,0,0,0,0,0.667477415689954,0.45783423432478626,0.667477415689954,0.45783423432478626,1.0,1,0.5507146739862873,78
3530,2,8920,8920,0,0,0,0,0.650454060447883,0.44254005618826847,0.650454060447883,0.44254005618826847,1.0,1,0.5623493571854408,78
3531,7,8927,8927,0,0,0,0,0.6536950586675251,0.40220318516246406,0.6536950586675251,0.40220318516246406,1.0,1,0.5585304985345715,79
3532,2,8929,8929,0,0,0,0,0.6434987228844488,0.3801973405302812,0.6434987228844488,0.3801973405302812,1.0,1,0.5761377975950281,79
3533,2,8931,8931,0,0,0,0,0.6458800873577569,0.3753263354401773,0.6458800873577569,0.3753263354401773,1.0,1,0.5781966660582405,79
3534,1,8932,8932,0,0,0,0,0.6388216092957117,0.3898190455434964,0.6388216092957117,0.3898190455434964,1.0,1,0.5674024602518069,80
3535,2,8934,8934,0,0,0,0,0.6151001903196858,0.3599994729412671,0.6151001903196858,0.3599994729412671,1.0,1,0.5892697624573208,81
3536,3,8937,8937,0,0,0,0,0.6065399130086493,0.37090088909932367,0.6065399130086493,0.37090088909932367,1.0,1,0.5857535135920907,82
3537,0,8937,8937,0,0,0,0,0.6065399130086493,0.37090088909932367,0.6065399130086493,0.37090088909932367,1.0,1,0.5857535135920907,82
3538,3,8940,8940,0,0,0,0,0.5889449520046156,0.3519134211841447,0.5889449520046156,0.3519134211841447,1.0,1,0.6009198111008492,83
3539,3,8943,8943,0,0,0,0,0.5950554892070357,0.361619292221748,0.5950554892070357,0.361619292221748,1.0,1,0.5951116269604221,83
3540,1,8944,8944,0,0,0,0,0.5849726487490948,0.361619292221748,0.5849726487490948,0.361619292221748,1.0,1,0.5853560675151432,85
3541,1,8945,8945,0,0,0,0,0.5699442390151359,0.361619292221748,0.5699442390151359,0.361619292221748,1.0,1,0.5945339025765404,85
3542,2,8947,8947,0,0,0,0,0.5489019992498315,0.361619292221748,0.5489019992498315,0.361619292221748,1.0,1,0.5985459313995808,88
3543,1,8948,8948,0,0,0,0,0.5555844968165987,0.361619292221748,0.5555844968165987,0.361619292221748,1.0,1,0.5959342131522413,87
3544,3,8951,8951,0,0,0,0,0.5526971480762772,0.37018143268657966,0.5526971480762772,0.37018143268657966,1.0,1,0.5981324127171236,87
3545,4,8955,8955,0,0,0,0,0.5404000160239308,0.37018143268657966,0.5404000160239308,0.37018143268657966,1.0,1,0.6046426250336107,85
3546,1,8956,8956,0,0,0,0,0.5670058798582824,0.37966610704526615,0.5670058798582824,0.37966610704526615,1.0,1,0.600588436926024,83
3547,5,8961,8961,0,0,0,0,0.5779339555941053,0.3969294268703056,0.5779339555941053,0.3969294268703056,1.0,1,0.5860051972519118,82
3548,0,8961,8961,0,0,0,0,0.5779339555941053,0.3969294268703056,0.5779339555941053,0.3969294268703056,1.0,1,0.5860051972519118,82
3549,2,8963,8963,0,0,0,0,0.5766530140724695,0.3969294268703056,0.5766530140724695,0.3969294268703056,1.0,1,0.5915106227955917,81
3550,2,8965,8965,0,0,0,0,0.566919794139999,0.3969294268703056,0.566919794139999,0.3969294268703056,1.0,1,0.6025033364205813,79
3551,1,8966,8966,0,0,0,0,0.5460213157375822,0.3969294268703056,0.5460213157375822,0.3969294268703056,1.0,1,0.6133713577926926,80
3552,1,8967,8967,0,0,0,0,0.531324542205877,0.3969294268703056,0.531324542205877,0.3969294268703056,1.0,1,0.6291393115764808,78
3553,2,8969,8969,0,0,0,0,0.5247956049894863,0.3969294268703056,0.5247956049894863,0.3969294268703056,1.0,1,0.6318608450612595,79
3554,4,8973,8973,0,0,0,0,0.580057985646446,0.4362657212006295,0.580057985646446,0.4362657212006295,1.0,1,0.6177357400456976,77
3555,2,8975,8975,0,0,0,0,0.5780565864222664,0.4237033635366843,0.5780565864222664,0.4237033635366843,1.0,1,0.6179061459386028,77
3556,5,8980,8980,0,0,0,0,0.5961384769873093,0.4026153503276449,0.5961384769873093,0.4026153503276449,1.0,1,0.6241512149614005,76
3557,1,8981,8981,0,0,0,0,0.595794484194101,0.4026153503276449,0.595794484194101,0.4026153503276449,1.0,1,0.6210182788530612,76
3558,5,8986,8986,0,0,0,0,0.6329971657163226,0.4128822619742687,0.6329971657163226,0.4128822619742687,1.0,1,0.6000434973935475,76
3559,5,8991,8991,0,0,0,0,0.6355144778398963,0.45146065514085715,0.6355144778398963,0.45146065514085715,1.0,1,0.5797936263468575,76
3560,5,8996,8996,0,0,0,0,0.6212025990058023,0.4178383847273089,0.6212025990058023,0.4178383847273089,1.0,1,0.5740035854877084,78
3561,4,9000,9000,0,0,0,0,0.6001359892750417,0.40054809816076214,0.6001359892750417,0.40054809816076214,1.0,1,0.5790203247851552,79
3562,5,9005,9005,0,0,0,0,0.6096387002269188,0.3934693130852825,0.6096387002269188,0.3934693130852825,1.0,1,0.5712197271280531,79
3563,6,9011,9011,0,0,0,0,0.6114549222779356,0.3856299469718374,0.6114549222779356,0.3856299469718374,1.0,1,0.5695505377823843,79
3564,6,9017,9017,0,0,0,0,0.5973440703555832,0.37439245691153483,0.5973440703555832,0.37439245691153483,1.0,1,0.5743068567279316,80
3565,8,9025,9025,0,0,0,0,0.5890794926024162,0.35617871598256534,0.5890794926024162,0.35617871598256534,1.0,1,0.5738399642004628,83
3566,1,9026,9026,0,0,0,0,0.5795731966233153,0.35617871598256534,0.5795731966233153,0.35617871598256534,1.0,1,0.574678574690012,84
3567,3,9029,9029,0,0,0,0,0.5677384305294835,0.3543512926033545,0.5677384305294835,0.3543512926033545,1.0,1,0.5858320420563277,84
3568,2,9031,9031,0,0,0,0,0.5686877293163937,0.3543512926033545,0.5686877293163937,0.3543512926033545,1.0,1,0.5803344541847404,84
3569,3,9034,9034,0,0,0,0,0.5683317042695396,0.3419045580721832,0.5683317042695396,0.3419045580721832,1.0,1,0.585593719745373,84
3570,2,9036,9036,0,0,0,0,0.5618159603462014,0.3419045580721832,0.5618159603462014,0.3419045580721832,1.0,1,0.5890657717476461,87
3571,1,9037,9037,0,0,0,0,0.5440043170194386,0.35135700217636556,0.5440043170194386,0.35135700217636556,1.0,1,0.6015418040531894,86
3572,3,9040,9040,0,0,0,0,0.5515605710914088,0.36012654021427387,0.5515605710914088,0.36012654021427387,1.0,1,0.600238633062951,87
3573,3,9043,9043,0,0,0,0,0.5737705202600205,0.36012654021427387,0.5737705202600205,0.36012654021427387,1.0,1,0.5894774661802253,87
3574,2,9045,9045,0,0,0,0,0.5654765298760548,0.37759441650225123,0.5654765298760548,0.37759441650225123,1.0,1,0.5824056219607172,88
3575,5,9050,9050,0,0,0,0,0.5657661919268946,0.354881907172673,0.5657661919268946,0.354881907172673,1.0,1,0.5934355113701257,88
3576,3,9053,9053,0,0,0,0,0.5739260811561017,0.3654446043484594,0.5739260811561017,0.3654446043484594,1.0,1,0.5761871998111587,90
3577,1,9054,9054,0,0,0,0,0.5860599953324351,0.3654446043484594,0.5860599953324351,0.3654446043484594,1.0,1,0.5680130235950699,90
3578,0,9054,9054,0,0,0,0,0.5792921670491944,0.35181505321773754,0.5792921670491944,0.35181505321773754,1.0,1,0.5719868623810673,91
3579,4,9058,9058,0,0,0,0,0.5854685087642625,0.35181505321773754,0.5854685087642625,0.35181505321773754,1.0,1,0.5734050227098281,91
3580,2,9060,9060,0,0,0,0,0.5485030514400674,0.337456523552953,0.5485030514400674,0.337456523552953,1.0,1,0.5988847446929292,91
3581,3,9063,9063,0,0,0,0,0.5474420670898206,0.3304733285354465,0.5474420670898206,0.3304733285354465,1.0,1,0.6002433142701911,91
3582,3,9066,9066,0,0,0,0,0.544150386826228,0.31823383381689807,0.544150386826228,0.31823383381689807,1.0,1,0.6001653808996178,92
3583,6,9072,9072,0,0,0,0,0.5707120912323776,0.3446987088444993,0.5707120912323776,0.3446987088444993,1.0,1,0.5967256728309659,88
3584,6,9078,9078,0,0,0,0,0.5601430081507757,0.36476681223713847,0.5601430081507757,0.36476681223713847,1.0,1,0.5891999546547901,87
3585,7,9085,9085,0,0,0,0,0.5319328682235954,0.3784030845860366,0.5319328682235954,0.3784030845860366,1.0,1,0.6149478887413895,84
3586,9,9094,9094,0,0,0,0,0.5395199481971132,0.41038815186166133,0.5395199481971132,0.41038815186166133,1.0,1,0.5932234624312867,83
3587,9,9103,9103,0,0,0,0,0.5550928531012407,0.41526173666427213,0.5550928531012407,0.41526173666427213,1.0,1,0.5843105595167429,82
3588,5,9108,9108,0,0,0,0,0.5492962253061443,0.4147835891577841,0.5492962253061443,0.4147835891577841,1.0,1,0.594172147931496,81
3589,7,9115,9115,0,0,0,0,0.5539618531369508,0.37377488342089993,0.5539618531369508,0.37377488342089993,1.0,1,0.6031884388595875,80
3590,3,9118,9118,0,0,0,0,0.5556280966562435,0.3581603414179255,0.5556280966562435,0.3581603414179255,1.0,1,0.6130118652093361,78
3591,4,9122,9122,0,0,0,0,0.5583008582392781,0.36266499934339796,0.5583008582392781,0.36266499934339796,1.0,1,0.6058064759989864,77
3592,3,9125,9125,0,0,0,0,0.5600059794369426,0.3557228375241688,0.5600059794369426,0.3557228375241688,1.0,1,0.620590148729874,75
3593,4,9129,9129,0,0,0,0,0.5595802778200992,0.3680564529822362,0.5595802778200992,0.3680564529822362,1.0,1,0.6076992229741878,76
3594,1,9130,9130,0,0,0,0,0.548247351762252,0.35279567418872765,0.548247351762252,0.35279567418872765,1.0,1,0.6234071296541579,74
3595,1,9131,9131,0,0,0,0,0.548944202616439,0.36122155660511274,0.548944202616439,0.36122155660511274,1.0,1,0.6179237254141784,74
3596,2,9133,9133,0,0,0,0,0.5545577530970129,0.36122155660511274,0.5545577530970129,0.36122155660511274,1.0,1,0.619205395278234,73
3597,2,9135,9135,0,0,0,0,0.5426676342481196,0.36491301409740606,0.5426676342481196,0.36491301409740606,1.0,1,0.6226368894165866,73
3598,0,9135,9135,0,0,0,0,0.5426676342481196,0.36491301409740606,0.5426676342481196,0.36491301409740606,1.0,1,0.6226368894165866,73
3599,3,9138,9138,0,0,0,0,0.5296827872595964,0.36491301409740606,0.5296827872595964,0.36491301409740606,1.0,1,0.6294099831545085,73
3600,2,9140,9140,0,0,0,0,0.5347990240135325,0.3549820076188729,0.5347990240135325,0.3549820076188729,1.0,1,0.622759344439475,74
3601,5,9145,9145,0,0,0,0,0.5259879419345824,0.34629329154507776,0.5259879419345824,0.34629329154507776,1.0,1,0.6358680742319698,75
3602,1,9146,9146,0,0,0,0,0.5326474505677937,0.34629329154507776,0.5326474505677937,0.34629329154507776,1.0,1,0.6286497717992974,76
3603,7,9153,9153,0,0,0,0,0.5466840374727435,0.37540930214361573,0.5466840374727435,0.37540930214361573,1.0,1,0.6093183197942712,77
3604,3,9156,9156,0,0,0,0,0.5431366218551191,0.3940022526205696,0.5431366218551191,0.3940022526205696,1.0,1,0.6036837635252212,78
3605,3,9159,9159,0,0,0,0,0.564223307929854,0.41855386578719433,0.564223307929854,0.41855386578719433,1.0,1,0.5867447602871528,77
3606,2,9161,9161,0,0,0,0,0.5644029759549505,0.3872183160060078,0.5644029759549505,0.3872183160060078,1.0,1,0.5852828128484053,79
3607,2,9163,9163,0,0,0,0,0.5783921980164326,0.3872183160060078,0.5783921980164326,0.3872183160060078,1.0,1,0.5746980256083737,79
3608,5,9168,9168,0,0,0,0,0.568073824162636,0.35725933705133645,0.568073824162636,0.35725933705133645,1.0,1,0.5999917861260975,79
3609,3,9171,9171,0,0,0,0,0.5815394404761943,0.38175687811758274,0.5815394404761943,0.38175687811758274,1.0,1,0.5838571196122067,79
3610,2,9173,9173,0,0,0,0,0.5630506705619351,0.39013378019949246,0.5630506705619351,0.39013378019949246,1.0,1,0.5875626050567796,80
3611,7,9180,9180,0,0,0,0,0.5595432395036601,0.4217077327984413,0.5595432395036601,0.4217077327984413,1.0,1,0.5788220882115962,80
3612,1,9181,9181,0,0,0,0,0.5681781486477366,0.4217077327984413,0.5681781486477366,0.4217077327984413,1.0,1,0.5812376054423847,79
3613,4,9185,9185,0,0,0,0,0.5676466752034511,0.40779220412027883,0.5676466752034511,0.40779220412027883,1.0,1,0.5874050352123562,79
3614,3,9188,9188,0,0,0,0,0.5750364039469138,0.441980660863096,0.5750364039469138,0.441980660863096,1.0,1,0.5787335499033158,78
3615,2,9190,9190,0,0,0,0,0.557773388467096,0.441980660863096,0.557773388467096,0.441980660863096,1.0,1,0.5745644970118847,79
3616,3,9193,9193,0,0,0,0,0.5572354123474571,0.43203846442888943,0.5572354123474571,0.43203846442888943,1.0,1,0.5807671479049831,79
3617,3,9196,9196,0,0,0,0,0.5505415304311734,0.39277525844380007,0.5505415304311734,0.39277525844380007,1.0,1,0.5922137817865695,80
3618,0,9196,9196,0,0,0,0,0.5263320735189598,0.3685366614555288,0.5263320735189598,0.3685366614555288,1.0,1,0.6042554834300523,82
3619,4,9200,9200,0,0,0,0,0.5262077961646882,0.381334336999538,0.5262077961646882,0.381334336999538,1.0,1,0.5972242117193902,82
3620,2,9202,9202,0,0,0,0,0.542874355663352,0.381334336999538,0.542874355663352,0.381334336999538,1.0,1,0.588651071387291,81
3621,3,9205,9205,0,0,0,0,0.5287825769976993,0.35635941079025824,0.5287825769976993,0.35635941079025824,1.0,1,0.6016379600504485,83
3622,4,9209,9209,0,0,0,0,0.5425913432199813,0.35635941079025824,0.5425913432199813,0.35635941079025824,1.0,1,0.6061314645458731,81
3623,1,9210,9210,0,0,0,0,0.5421812160700791,0.3730118539494299,0.5421812160700791,0.3730118539494299,1.0,1,0.5990671507832122,81
3624,2,9212,9212,0,0,0,0,0.5667285542488883,0.3730118539494299,0.5667285542488883,0.3730118539494299,1.0,1,0.5895939276922805,79
3625,1,9213,9213,0,0,0,0,0.5459596546793781,0.36201244267581295,0.5459596546793781,0.36201244267581295,1.0,1,0.6005640478385006,80
3626,3,9216,9216,0,0,0,0,0.5714403029449534,0.37884695996692397,0.5714403029449534,0.37884695996692397,1.0,1,0.5845595352590948,78
3627,3,9219,9219,0,0,0,0,0.5547132133388167,0.36423260537347774,0.5547132133388167,0.36423260537347774,1.0,1,0.6024277226736184,78
3628,4,9223,9223,0,0,0,0,0.6000647150092818,0.37631647555856834,0.6000647150092818,0.37631647555856834,1.0,1,0.5699635053453059,77
3629,3,9226,9226,0,0,0,0,0.6077543426417114,0.37631647555856834,0.6077543426417114,0.37631647555856834,1.0,1,0.5688083090552365,76
3630,2,9228,9228,0,0,0,0,0.5999014580450961,0.37631647555856834,0.5999014580450961,0.37631647555856834,1.0,1,0.5775273371577326,77
3631,2,9230,9230,0,0,0,0,0.5891957041057284,0.3875849394887397,0.5891957041057284,0.3875849394887397,1.0,1,0.5894970117049498,75
3632,3,9233,9233,0,0,0,0,0.5834118979680607,0.40336798804244245,0.5834118979680607,0.40336798804244245,1.0,1,0.5946949649389421,74
3633,4,9237,9237,0,0,0,0,0.5752500148104265,0.41946172212847044,0.5752500148104265,0.41946172212847044,1.0,1,0.600775849420412,75
3634,3,9240,9240,0,0,0,0,0.5870343288105432,0.4017969261126238,0.5870343288105432,0.4017969261126238,1.0,1,0.6017493823542168,74
3635,5,9245,9245,0,0,0,0,0.5614850260316349,0.4017969261126238,0.5614850260316349,0.4017969261126238,1.0,1,0.6068827606635738,74
3636,4,9249,9249,0,0,0,0,0.564351185561714,0.35850626897922155,0.564351185561714,0.35850626897922155,1.0,1,0.6232942922723832,74
3637,4,9253,9253,0,0,0,0,0.5357361593903012,0.3432861254122382,0.5357361593903012,0.3432861254122382,1.0,1,0.6396184369946472,74
3638,1,9254,9254,0,0,0,0,0.5277161904019437,0.32626661890082814,0.5277161904019437,0.32626661890082814,1.0,1,0.6463578839094326,75
3639,2,9256,9256,0,0,0,0,0.519478593896108,0.31917550259735195,0.519478593896108,0.31917550259735195,1.0,1,0.6481060991123458,76
3640,1,9257,9257,0,0,0,0,0.5344545092666144,0.31917550259735195,0.5344545092666144,0.31917550259735195,1.0,1,0.6445907838499191,76
3641,3,9260,9260,0,0,0,0,0.5679807328393331,0.31917550259735195,0.5679807328393331,0.31917550259735195,1.0,1,0.6418483415113074,75
3642,0,9260,9260,0,0,0,0,0.5679807328393331,0.31917550259735195,0.5679807328393331,0.31917550259735195,1.0,1,0.6418483415113074,75
3643,1,9261,9261,0,0,0,0,0.5678302712409729,0.31917550259735195,0.5678302712409729,0.31917550259735195,1.0,1,0.6451836681456204,74
3644,1,9262,9262,0,0,0,0,0.5542117582411276,0.31917550259735195,0.5542117582411276,0.31917550259735195,1.0,1,0.64810473023368,74
3645,1,9263,9263,0,0,0,0,0.5699058989139172,0.31917550259735195,0.5699058989139172,0.31917550259735195,1.0,1,0.6447240110463975,74
3646,3,9266,9266,0,0,0,0,0.5448432537032215,0.31917550259735195,0.5448432537032215,0.31917550259735195,1.0,1,0.6398919800886689,75
3647,2,9268,9268,0,0,0,0,0.5412243956313825,0.3076067199046911,0.5412243956313825,0.3076067199046911,1.0,1,0.6377661507430831,77
3648,2,9270,9270,0,0,0,0,0.520793931450281,0.3076067199046911,0.520793931450281,0.3076067199046911,1.0,1,0.6451645313703663,78
3649,0,9270,9270,0,0,0,0,0.5197667648520194,0.2970554415754472,0.5197667648520194,0.2970554415754472,1.0,1,0.6411019296992327,80
3650,1,9271,9271,0,0,0,0,0.5146115175826425,0.27654546111494155,0.5146115175826425,0.27654546111494155,1.0,1,0.6520076592903873,81
3651,1,9272,9272,0,0,0,0,0.5251609586437848,0.27654546111494155,0.5251609586437848,0.27654546111494155,1.0,1,0.6430307811738777,81
3652,1,9273,9273,0,0,0,0,0.513398209618787,0.27654546111494155,0.513398209618787,0.27654546111494155,1.0,1,0.6462333794240134,83
3653,3,9276,9276,0,0,0,0,0.5142770836308092,0.27654546111494155,0.5142770836308092,0.27654546111494155,1.0,1,0.6488452961103621,83
3654,0,9276,9276,0,0,0,0,0.5142770836308092,0.27654546111494155,0.5142770836308092,0.27654546111494155,1.0,1,0.6488452961103621,83
3655,0,9276,9276,0,0,0,0,0.520059499301871,0.27654546111494155,0.520059499301871,0.27654546111494155,1.0,1,0.639063042871386,84
3656,0,9276,9276,0,0,0,0,0.5139659643067349,0.2689222267705072,0.5139659643067349,0.2689222267705072,1.0,1,0.6421321180220805,85
3657,0,9276,9276,0,0,0,0,0.5196175228613077,0.2689222267705072,0.5196175228613077,0.2689222267705072,1.0,1,0.6327868739896801,86
3658,2,9278,9278,0,0,0,0,0.5126509389774728,0.2689222267705072,0.5126509389774728,0.2689222267705072,1.0,1,0.6391661569235357,87
3659,2,9280,9280,0,0,0,0,0.5273889362282731,0.2786565855847463,0.5273889362282731,0.2786565855847463,1.0,1,0.63173833971859,87
3660,3,9283,9283,0,0,0,0,0.5184031583329899,0.29622479642867483,0.5184031583329899,0.29622479642867483,1.0,1,0.6250419556032673,86
3661,6,9289,9289,0,0,0,0,0.530023119905777,0.30207182360830204,0.530023119905777,0.30207182360830204,1.0,1,0.6234357738255915,86
3662,5,9294,9294,0,0,0,0,0.5480981579537525,0.33494124631659955,0.5480981579537525,0.33494124631659955,1.0,1,0.6110813286603174,83
3663,6,9300,9300,0,0,0,0,0.5347289582482885,0.3332861439429951,0.5347289582482885,0.3332861439429951,1.0,1,0.6138384659834869,85
3664,7,9307,9307,0,0,0,0,0.519193680293709,0.3743326048024241,0.519193680293709,0.3743326048024241,1.0,1,0.6057930764155124,82
3665,5,9312,9312,0,0,0,0,0.5257539877021058,0.3753685136537422,0.5257539877021058,0.3753685136537422,1.0,1,0.6159026009034364,81
3666,6,9318,9318,0,0,0,0,0.5030955453990047,0.34955869439315707,0.5030955453990047,0.34955869439315707,1.0,1,0.6415927769887894,79
3667,3,9321,9321,0,0,0,0,0.5208200876415644,0.34270570450464477,0.5208200876415644,0.34270570450464477,1.0,1,0.6313731932427812,79
3668,2,9323,9323,0,0,0,0,0.5339370447601021,0.33310347698218,0.5339370447601021,0.33310347698218,1.0,1,0.6356414307277881,77
3669,3,9326,9326,0,0,0,0,0.5184520748932171,0.33310347698218,0.5184520748932171,0.33310347698218,1.0,1,0.6467670718992754,75
3670,5,9331,9331,0,0,0,0,0.4995215602269622,0.33310347698218,0.4995215602269622,0.33310347698218,1.0,1,0.6574896019656129,76
3671,2,9333,9333,0,0,0,0,0.499913426560543,0.33310347698218,0.499913426560543,0.33310347698218,1.0,1,0.6604030634893822,74
3672,2,9335,9335,0,0,0,0,0.5207654569221689,0.33310347698218,0.5207654569221689,0.33310347698218,1.0,1,0.6528482012024591,75
3673,4,9339,9339,0,0,0,0,0.5213853008778083,0.3432519690323786,0.5213853008778083,0.3432519690323786,1.0,1,0.6535856398779657,75
3674,1,9340,9340,0,0,0,0,0.5225027740843067,0.3432519690323786,0.5225027740843067,0.3432519690323786,1.0,1,0.6566088459430904,75
3675,0,9340,9340,0,0,0,0,0.5225027740843067,0.3432519690323786,0.5225027740843067,0.3432519690323786,1.0,1,0.6581753638050019,75
3676,0,9340,9340,0,0,0,0,0.5225027740843067,0.3432519690323786,0.5225027740843067,0.3432519690323786,1.0,1,0.6581753638050019,75
3677,2,9342,9342,0,0,0,0,0.4959630794784087,0.3432519690323786,0.4959630794784087,0.3432519690323786,1.0,1,0.6622006882442409,75
3678,0,9342,9342,0,0,0,0,0.4841896343091984,0.3432519690323786,0.4841896343091984,0.3432519690323786,1.0,1,0.6623114235740527,77
3679,1,9343,9343,0,0,0,0,0.4660312879256925,0.3323545112336937,0.4660312879256925,0.3323545112336937,1.0,1,0.6698831506503281,78
3680,1,9344,9344,0,0,0,0,0.4665367803030976,0.3190836439403461,0.4665367803030976,0.3190836439403461,1.0,1,0.6688383952505003,80
3681,0,9344,9344,0,0,0,0,0.4598748177389961,0.3190836439403461,0.4598748177389961,0.3190836439403461,1.0,1,0.6688052297939543,81
3682,1,9345,9345,0,0,0,0,0.46008256476096393,0.3190836439403461,0.46008256476096393,0.3190836439403461,1.0,1,0.6710705082272395,81
3683,0,9345,9345,0,0,0,0,0.46008256476096393,0.3190836439403461,0.46008256476096393,0.3190836439403461,1.0,1,0.6710705082272395,81
3684,0,9345,9345,0,0,0,0,0.46008256476096393,0.3190836439403461,0.46008256476096393,0.3190836439403461,1.0,1,0.6710705082272395,81
3685,0,9345,9345,0,0,0,0,0.46008256476096393,0.3190836439403461,0.46008256476096393,0.3190836439403461,1.0,1,0.6710705082272395,81
3686,0,9345,9345,0,0,0,0,0.46008256476096393,0.3190836439403461,0.46008256476096393,0.3190836439403461,1.0,1,0.6710705082272395,81
3687,1,9346,9346,0,0,0,0,0.46727572188598043,0.3190836439403461,0.46727572188598043,0.3190836439403461,1.0,1,0.6662285969029531,82
3688,0,9346,9346,0,0,0,0,0.45632700508779206,0.3119029572745883,0.45632700508779206,0.3119029572745883,1.0,1,0.6681962983214456,84
3689,1,9347,9347,0,0,0,0,0.444113868895226,0.3119029572745883,0.444113868895226,0.3119029572745883,1.0,1,0.673236067473087,84
3690,0,9347,9347,0,0,0,0,0.43830718330505963,0.3119029572745883,0.43830718330505963,0.3119029572745883,1.0,1,0.6731440155725785,85
3691,1,9348,9348,0,0,0,0,0.4310941804801548,0.3119029572745883,0.4310941804801548,0.3119029572745883,1.0,1,0.6759190612421617,86
3692,2,9350,9350,0,0,0,0,0.4193618609789677,0.3119029572745883,0.4193618609789677,0.3119029572745883,1.0,1,0.6759857820859149,86
3693,1,9351,9351,0,0,0,0,0.4198817561102304,0.3119029572745883,0.4198817561102304,0.3119029572745883,1.0,1,0.678452705158891,86
3694,2,9353,9353,0,0,0,0,0.40812688371491085,0.3119029572745883,0.40812688371491085,0.3119029572745883,1.0,1,0.684488133555,86
3695,1,9354,9354,0,0,0,0,0.39390049302915764,0.3119029572745883,0.39390049302915764,0.3119029572745883,1.0,1,0.6878805949837778,86
3696,1,9355,9355,0,0,0,0,0.411290666841771,0.3119029572745883,0.411290666841771,0.3119029572745883,1.0,1,0.6776119205270138,87
3697,2,9357,9357,0,0,0,0,0.39815714162517096,0.3119029572745883,0.39815714162517096,0.3119029572745883,1.0,1,0.6858720627938474,85
3698,3,9360,9360,0,0,0,0,0.4119604695292844,0.3119029572745883,0.4119604695292844,0.3119029572745883,1.0,1,0.6822367979366386,85
3699,0,9360,9360,0,0,0,0,0.4234952415762026,0.3119029572745883,0.4234952415762026,0.3119029572745883,1.0,1,0.6744957309480587,85
3700,4,9364,9364,0,0,0,0,0.417729693807831,0.3119029572745883,0.417729693807831,0.3119029572745883,1.0,1,0.678944040642013,84
3701,2,9366,9366,0,0,0,0,0.42388773488249304,0.3119029572745883,0.42388773488249304,0.3119029572745883,1.0,1,0.6801696596734739,85
3702,3,9369,9369,0,0,0,0,0.4204260096420822,0.32332290157481464,0.4204260096420822,0.32332290157481464,1.0,1,0.6714945781054364,85
3703,2,9371,9371,0,0,0,0,0.4120091669990883,0.31796395490173945,0.4120091669990883,0.31796395490173945,1.0,1,0.6775093502067179,85
3704,1,9372,9372,0,0,0,0,0.4143718385752729,0.3055541613108965,0.4143718385752729,0.3055541613108965,1.0,1,0.6843026683014977,85
3705,0,9372,9372,0,0,0,0,0.42118146835928133,0.3055541613108965,0.42118146835928133,0.3055541613108965,1.0,1,0.6792368434288396,86
3706,2,9374,9374,0,0,0,0,0.4315652207673446,0.29883742094723026,0.4315652207673446,0.29883742094723026,1.0,1,0.6762473127876764,86
3707,1,9375,9375,0,0,0,0,0.42457542981159413,0.30948396823336966,0.42457542981159413,0.30948396823336966,1.0,1,0.6777265200635688,85
3708,1,9376,9376,0,0,0,0,0.4299821490681004,0.32332290157481464,0.4299821490681004,0.32332290157481464,1.0,1,0.67287326895033,84
3709,2,9378,9378,0,0,0,0,0.4223029818275168,0.32332290157481464,0.4223029818275168,0.32332290157481464,1.0,1,0.6753687668565806,85
3710,2,9380,9380,0,0,0,0,0.44999332913375734,0.32332290157481464,0.44999332913375734,0.32332290157481464,1.0,1,0.6644165646208522,84
3711,4,9384,9384,0,0,0,0,0.4445576391877209,0.3258367875456498,0.4445576391877209,0.3258367875456498,1.0,1,0.656689660834071,85
3712,2,9386,9386,0,0,0,0,0.45934455429070165,0.3135891144376045,0.45934455429070165,0.3135891144376045,1.0,1,0.6540100500572429,85
3713,4,9390,9390,0,0,0,0,0.47422417354296975,0.3135891144376045,0.47422417354296975,0.3135891144376045,1.0,1,0.6522976502821538,85
3714,3,9393,9393,0,0,0,0,0.501962546018386,0.3135891144376045,0.501962546018386,0.3135891144376045,1.0,1,0.6358347837114883,85
3715,4,9397,9397,0,0,0,0,0.5121883127374968,0.32411688772844943,0.5121883127374968,0.32411688772844943,1.0,1,0.6293185697731337,85
3716,1,9398,9398,0,0,0,0,0.5039148478130254,0.32411688772844943,0.5039148478130254,0.32411688772844943,1.0,1,0.6304955255430048,84
3717,5,9403,9403,0,0,0,0,0.5189444552776287,0.3356405390001116,0.5189444552776287,0.3356405390001116,1.0,1,0.6045078243215559,86
3718,0,9403,9403,0,0,0,0,0.5132849782808949,0.3356405390001116,0.5132849782808949,0.3356405390001116,1.0,1,0.6145861041258297,85
3719,4,9407,9407,0,0,0,0,0.4803587277442971,0.3495081146929657,0.4803587277442971,0.3495081146929657,1.0,1,0.6340109772235942,84
3720,5,9412,9412,0,0,0,0,0.46036168397164634,0.32460114783980726,0.46036168397164634,0.32460114783980726,1.0,1,0.6548268844857174,84
3721,1,9413,9413,0,0,0,0,0.4563150795706352,0.32460114783980726,0.4563150795706352,0.32460114783980726,1.0,1,0.6553145895689299,85
3722,4,9417,9417,0,0,0,0,0.4556931317562155,0.3272901002791566,0.4556931317562155,0.3272901002791566,1.0,1,0.6503414429685475,85
3723,3,9420,9420,0,0,0,0,0.4445468234032206,0.3330483723067705,0.4445468234032206,0.3330483723067705,1.0,1,0.6591970727742837,85
3724,3,9423,9423,0,0,0,0,0.47487287118838534,0.3330483723067705,0.47487287118838534,0.3330483723067705,1.0,1,0.6341535248294994,86
3725,2,9425,9425,0,0,0,0,0.48954081812600336,0.3330483723067705,0.48954081812600336,0.3330483723067705,1.0,1,0.6258930280203144,86
3726,2,9427,9427,0,0,0,0,0.486907425207976,0.3330483723067705,0.486907425207976,0.3330483723067705,1.0,1,0.6276128448320927,86
3727,1,9428,9428,0,0,0,0,0.4733918069204697,0.3330483723067705,0.4733918069204697,0.3330483723067705,1.0,1,0.6340404468756173,86
3728,3,9431,9431,0,0,0,0,0.45052556129698224,0.3213861702983519,0.45052556129698224,0.3213861702983519,1.0,1,0.6533336474996633,86
3729,0,9431,9431,0,0,0,0,0.45052556129698224,0.3213861702983519,0.45052556129698224,0.3213861702983519,1.0,1,0.6533336474996633,86
3730,1,9432,9432,0,0,0,0,0.44350714244425377,0.3135600277634287,0.44350714244425377,0.3135600277634287,1.0,1,0.6657959540042508,85
3731,2,9434,9434,0,0,0,0,0.43765367725018883,0.28449455812853425,0.43765367725018883,0.28449455812853425,1.0,1,0.6796277553357222,86
3732,1,9435,9435,0,0,0,0,0.4575065442631499,0.28449455812853425,0.4575065442631499,0.28449455812853425,1.0,1,0.6661742923510723,87
3733,1,9436,9436,0,0,0,0,0.44411742808639354,0.28449455812853425,0.44411742808639354,0.28449455812853425,1.0,1,0.6746808441093675,87
3734,1,9437,9437,0,0,0,0,0.43281776790575544,0.28449455812853425,0.43281776790575544,0.28449455812853425,1.0,1,0.6798832770119758,87
3735,1,9438,9438,0,0,0,0,0.4374876287010883,0.2791635686222176,0.4374876287010883,0.2791635686222176,1.0,1,0.6848754922508516,86
3736,2,9440,9440,0,0,0,0,0.45360765562964267,0.29952729656585947,0.45360765562964267,0.29952729656585947,1.0,1,0.6626657005300395,87
3737,0,9440,9440,0,0,0,0,0.4649803127334472,0.308556936084511,0.4649803127334472,0.308556936084511,1.0,1,0.6512319139129171,87
3738,4,9444,9444,0,0,0,0,0.47267833842446205,0.3244513557941213,0.47267833842446205,0.3244513557941213,1.0,1,0.6325705584959109,87
3739,3,9447,9447,0,0,0,0,0.4810007352853891,0.32097203174089206,0.4810007352853891,0.32097203174089206,1.0,1,0.6273388298014246,88
3740,3,9450,9450,0,0,0,0,0.4984124503153053,0.34128612621598375,0.4984124503153053,0.34128612621598375,1.0,1,0.6165072491846738,87
3741,2,9452,9452,0,0,0,0,0.5128951179113268,0.34552295101312186,0.5128951179113268,0.34552295101312186,1.0,1,0.6107891184707058,87
3742,7,9459,9459,0,0,0,0,0.5183396348085825,0.3533420407112821,0.5183396348085825,0.3533420407112821,1.0,1,0.6093220644049109,86
3743,1,9460,9460,0,0,0,0,0.5061718353031501,0.36442086895484316,0.5061718353031501,0.36442086895484316,1.0,1,0.6158777675605801,84
3744,5,9465,9465,0,0,0,0,0.49847326152506055,0.364210566932009,0.49847326152506055,0.364210566932009,1.0,1,0.6247647184306977,83
3745,2,9467,9467,0,0,0,0,0.5122416322044656,0.364210566932009,0.5122416322044656,0.364210566932009,1.0,1,0.6195428047039118,83
3746,6,9473,9473,0,0,0,0,0.48225950718685195,0.36241941211935325,0.48225950718685195,0.36241941211935325,1.0,1,0.6289834789678913,83
3747,3,9476,9476,0,0,0,0,0.4968545761750762,0.35825272547596315,0.4968545761750762,0.35825272547596315,1.0,1,0.6324647330016044,81
3748,3,9479,9479,0,0,0,0,0.5109709683000664,0.3464809724114106,0.5109709683000664,0.3464809724114106,1.0,1,0.6318499752637782,81
3749,2,9481,9481,0,0,0,0,0.5149858813943612,0.3464809724114106,0.5149858813943612,0.3464809724114106,1.0,1,0.6378877780580763,80
3750,2,9483,9483,0,0,0,0,0.5194621001109139,0.3464809724114106,0.5194621001109139,0.3464809724114106,1.0,1,0.6418497781887443,79
3751,2,9485,9485,0,0,0,0,0.5116684082745057,0.332890243491238,0.5116684082745057,0.332890243491238,1.0,1,0.6478092810274025,80
3752,4,9489,9489,0,0,0,0,0.4978341666445655,0.3449588779855901,0.4978341666445655,0.3449588779855901,1.0,1,0.6530648929186564,80
3753,4,9493,9493,0,0,0,0,0.5036560372773288,0.33499994715662035,0.5036560372773288,0.33499994715662035,1.0,1,0.6577072621879096,81
3754,6,9499,9499,0,0,0,0,0.4847787992662249,0.3330916028503503,0.4847787992662249,0.3330916028503503,1.0,1,0.6671899377230556,81
3755,3,9502,9502,0,0,0,0,0.4798063387698899,0.3462302389558617,0.4798063387698899,0.3462302389558617,1.0,1,0.6688183363063264,80
3756,1,9503,9503,0,0,0,0,0.47177875754383386,0.3389834642603845,0.47177875754383386,0.3389834642603845,1.0,1,0.6806776945525589,79
3757,1,9504,9504,0,0,0,0,0.4652339458218499,0.31809344852269106,0.4652339458218499,0.31809344852269106,1.0,1,0.6885522640394462,80
3758,1,9505,9505,0,0,0,0,0.4719041367598873,0.31809344852269106,0.4719041367598873,0.31809344852269106,1.0,1,0.6916952450535286,79
3759,2,9507,9507,0,0,0,0,0.4471907229602263,0.31809344852269106,0.4471907229602263,0.31809344852269106,1.0,1,0.6992098012018029,79
3760,0,9507,9507,0,0,0,0,0.4471907229602263,0.31809344852269106,0.4471907229602263,0.31809344852269106,1.0,1,0.6992098012018029,79
3761,3,9510,9510,0,0,0,0,0.43691196230214774,0.3333216839311331,0.43691196230214774,0.3333216839311331,1.0,1,0.6984156175322942,78
3762,0,9510,9510,0,0,0,0,0.43973355560643856,0.32601636221289637,0.43973355560643856,0.32601636221289637,1.0,1,0.6917987142190984,80
3763,2,9512,9512,0,0,0,0,0.45454946160036647,0.3334182270452684,0.45454946160036647,0.3334182270452684,1.0,1,0.6839646715763731,80
3764,2,9514,9514,0,0,0,0,0.4538427549012821,0.3334182270452684,0.4538427549012821,0.3334182270452684,1.0,1,0.684175761499508,80
3765,4,9518,9518,0,0,0,0,0.44793854251292337,0.3207884522551252,0.44793854251292337,0.3207884522551252,1.0,1,0.680690021834298,81
3766,2,9520,9520,0,0,0,0,0.457321267648633,0.3207884522551252,0.457321267648633,0.3207884522551252,1.0,1,0.670557256216987,83
3767,3,9523,9523,0,0,0,0,0.4674411951449869,0.3207884522551252,0.4674411951449869,0.3207884522551252,1.0,1,0.6620518124089738,83
3768,1,9524,9524,0,0,0,0,0.46229009772360097,0.311027629160609,0.46229009772360097,0.311027629160609,1.0,1,0.6675088763385529,84
3769,4,9528,9528,0,0,0,0,0.4960026469787525,0.311027629160609,0.4960026469787525,0.311027629160609,1.0,1,0.6441155661992342,86
3770,3,9531,9531,0,0,0,0,0.4812488338334395,0.311027629160609,0.4812488338334395,0.311027629160609,1.0,1,0.646571935349995,87
3771,3,9534,9534,0,0,0,0,0.485934579190385,0.311027629160609,0.485934579190385,0.311027629160609,1.0,1,0.6486225856933227,87
3772,3,9537,9537,0,0,0,0,0.4814276798359374,0.3126642812495175,0.4814276798359374,0.3126642812495175,1.0,1,0.647649480359048,88
3773,5,9542,9542,0,0,0,0,0.4917493147429689,0.3156243479461241,0.4917493147429689,0.3156243479461241,1.0,1,0.6476985204066014,85
3774,2,9544,9544,0,0,0,0,0.49478062047292704,0.3156243479461241,0.49478062047292704,0.3156243479461241,1.0,1,0.648889836207721,85
3775,3,9547,9547,0,0,0,0,0.47680806101328255,0.330949881879673,0.47680806101328255,0.330949881879673,1.0,1,0.6662012068122058,83
3776,2,9549,9549,0,0,0,0,0.48275242444372624,0.32879770137672304,0.48275242444372624,0.32879770137672304,1.0,1,0.6696953246458073,82
3777,3,9552,9552,0,0,0,0,0.488017983816264,0.3398021903901726,0.488017983816264,0.3398021903901726,1.0,1,0.6649872984799373,81
3778,3,9555,9555,0,0,0,0,0.5128209089557545,0.32713963981277827,0.5128209089557545,0.32713963981277827,1.0,1,0.6646017420925131,81
3779,4,9559,9559,0,0,0,0,0.5279875411532504,0.3338126568277649,0.5279875411532504,0.3338126568277649,1.0,1,0.6470717056084132,80
3780,3,9562,9562,0,0,0,0,0.5279875411532504,0.3338126568277649,0.5279875411532504,0.3338126568277649,1.0,1,0.6409871335642949,80
3781,6,9568,9568,0,0,0,0,0.5161335692410213,0.3338126568277649,0.5161335692410213,0.3338126568277649,1.0,1,0.6462973567233209,80
3782,3,9571,9571,0,0,0,0,0.5161335692410213,0.3338126568277649,0.5161335692410213,0.3338126568277649,1.0,1,0.6578160043880741,80
3783,4,9575,9575,0,0,0,0,0.5211987330951319,0.3330651895864564,0.5211987330951319,0.3330651895864564,1.0,1,0.64993921029549,80
3784,3,9578,9578,0,0,0,0,0.5134903132653079,0.3249600442861178,0.5134903132653079,0.3249600442861178,1.0,1,0.6681682545899883,79
3785,3,9581,9581,0,0,0,0,0.4929701639003245,0.31422842696429665,0.4929701639003245,0.31422842696429665,1.0,1,0.6898283977019354,77
3786,2,9583,9583,0,0,0,0,0.48813469601483334,0.32605921569913,0.48813469601483334,0.32605921569913,1.0,1,0.6775567663947726,78
3787,4,9587,9587,0,0,0,0,0.4683058347056867,0.3397620092024203,0.4683058347056867,0.3397620092024203,1.0,1,0.6762254661843595,77
3788,5,9592,9592,0,0,0,0,0.4597257780160351,0.3552248582019022,0.4597257780160351,0.3552248582019022,1.0,1,0.6677438401260981,78
3789,1,9593,9593,0,0,0,0,0.4519288284380683,0.34548797496728345,0.4519288284380683,0.34548797496728345,1.0,1,0.6757291666452272,77
3790,3,9596,9596,0,0,0,0,0.4639581993138844,0.34548797496728345,0.4639581993138844,0.34548797496728345,1.0,1,0.6783963297033478,77
3791,1,9597,9597,0,0,0,0,0.46389617878935413,0.33396532191319867,0.46389617878935413,0.33396532191319867,1.0,1,0.6842977047317912,77
3792,2,9599,9599,0,0,0,0,0.48125546627846827,0.33396532191319867,0.48125546627846827,0.33396532191319867,1.0,1,0.6674778548405748,78
3793,0,9599,9599,0,0,0,0,0.48294393536143077,0.32657854495322175,0.48294393536143077,0.32657854495322175,1.0,1,0.6611058941891028,80
3794,3,9602,9602,0,0,0,0,0.5064367027666193,0.3180309141170498,0.5064367027666193,0.3180309141170498,1.0,1,0.6447018757907534,82
3795,3,9605,9605,0,0,0,0,0.5146245902894233,0.3180309141170498,0.5146245902894233,0.3180309141170498,1.0,1,0.6359042635916635,83
3796,4,9609,9609,0,0,0,0,0.5270049171734354,0.3180309141170498,0.5270049171734354,0.3180309141170498,1.0,1,0.62962395213864,83
3797,3,9612,9612,0,0,0,0,0.5324836067195695,0.3180309141170498,0.5324836067195695,0.3180309141170498,1.0,1,0.6142538872531987,82
3798,0,9612,9612,0,0,0,0,0.5324836067195695,0.3180309141170498,0.5324836067195695,0.3180309141170498,1.0,1,0.612277836267477,82
3799,2,9614,9614,0,0,0,0,0.5385342320714607,0.30759888136070407,0.5385342320714607,0.30759888136070407,1.0,1,0.6051497099017518,83
3800,5,9619,9619,0,0,0,0,0.5231428462658229,0.30759888136070407,0.5231428462658229,0.30759888136070407,1.0,1,0.6269531965143547,83
3801,4,9623,9623,0,0,0,0,0.503597868672407,0.30759888136070407,0.503597868672407,0.30759888136070407,1.0,1,0.6337614280139409,83
3802,0,9623,9623,0,0,0,0,0.4975441841440218,0.30759888136070407,0.4975441841440218,0.30759888136070407,1.0,1,0.6469922100929416,82
3803,4,9627,9627,0,0,0,0,0.47038803503373205,0.30149406863268813,0.47038803503373205,0.30149406863268813,1.0,1,0.6576420995708235,84
3804,2,9629,9629,0,0,0,0,0.47288590223125676,0.30149406863268813,0.47288590223125676,0.30149406863268813,1.0,1,0.6525670255114856,84
3805,2,9631,9631,0,0,0,0,0.45799161878370653,0.28146389559334,0.45799161878370653,0.28146389559334,1.0,1,0.6606347422913015,86
3806,1,9632,9632,0,0,0,0,0.44915662624052427,0.28146389559334,0.44915662624052427,0.28146389559334,1.0,1,0.6642603220842201,86
3807,4,9636,9636,0,0,0,0,0.4808799917827192,0.28146389559334,0.4808799917827192,0.28146389559334,1.0,1,0.6523770156937632,86
3808,3,9639,9639,0,0,0,0,0.48429830328689827,0.2908828909337368,0.48429830328689827,0.2908828909337368,1.0,1,0.6430716443472058,85
3809,2,9641,9641,0,0,0,0,0.4603047442702288,0.2908828909337368,0.4603047442702288,0.2908828909337368,1.0,1,0.6611697419718108,85
3810,0,9641,9641,0,0,0,0,0.4603047442702288,0.2908828909337368,0.4603047442702288,0.2908828909337368,1.0,1,0.6611697419718108,85
3811,2,9643,9643,0,0,0,0,0.4758035156712756,0.3069531087363935,0.4758035156712756,0.3069531087363935,1.0,1,0.6534220976036956,84
3812,0,9643,9643,0,0,0,0,0.48025038677073206,0.31302098432184833,0.48025038677073206,0.31302098432184833,1.0,1,0.6516053791461691,83
3813,4,9647,9647,0,0,0,0,0.4996240542601784,0.32036257818786695,0.4996240542601784,0.32036257818786695,1.0,1,0.6314300076246755,82
3814,0,9647,9647,0,0,0,0,0.5056552698933127,0.3303389327108205,0.5056552698933127,0.3303389327108205,1.0,1,0.6284055183824141,81
3815,2,9649,9649,0,0,0,0,0.5026942445376825,0.3303389327108205,0.5026942445376825,0.3303389327108205,1.0,1,0.6195974093404278,82
3816,2,9651,9651,0,0,0,0,0.5080976352148431,0.31255716274138834,0.5080976352148431,0.31255716274138834,1.0,1,0.6305195736809407,81
3817,2,9653,9653,0,0,0,0,0.5068243405157858,0.31255716274138834,0.5068243405157858,0.31255716274138834,1.0,1,0.631892686945247,81
3818,3,9656,9656,0,0,0,0,0.5054060870274497,0.29789650726725087,0.5054060870274497,0.29789650726725087,1.0,1,0.6386019619410362,81
3819,5,9661,9661,0,0,0,0,0.5363528792349822,0.2910889403958815,0.5363528792349822,0.2910889403958815,1.0,1,0.6206842287145701,82
3820,4,9665,9665,0,0,0,0,0.515142038207614,0.26163679686067354,0.515142038207614,0.26163679686067354,1.0,1,0.6422523765421913,84
3821,3,9668,9668,0,0,0,0,0.5184525584244122,0.26163679686067354,0.5184525584244122,0.26163679686067354,1.0,1,0.6296637421117571,84
3822,2,9670,9670,0,0,0,0,0.5325574937504167,0.2790144502013463,0.5325574937504167,0.2790144502013463,1.0,1,0.6326963335225418,82
3823,2,9672,9672,0,0,0,0,0.538028132895972,0.28428052595803793,0.538028132895972,0.28428052595803793,1.0,1,0.6309271474680004,81
3824,5,9677,9677,0,0,0,0,0.546405370335903,0.2918354922731691,0.546405370335903,0.2918354922731691,1.0,1,0.6399750427270523,78
3825,4,9681,9681,0,0,0,0,0.5483049428932649,0.30193526480143007,0.5483049428932649,0.30193526480143007,1.0,1,0.6453680150422375,76
3826,1,9682,9682,0,0,0,0,0.5482165788468041,0.31206876861719934,0.5482165788468041,0.31206876861719934,1.0,1,0.649365493019676,76
3827,5,9687,9687,0,0,0,0,0.5532803398818604,0.3284302903547266,0.5532803398818604,0.3284302903547266,1.0,1,0.6445330609125304,75
3828,2,9689,9689,0,0,0,0,0.5469185958638915,0.34142781050335236,0.5469185958638915,0.34142781050335236,1.0,1,0.648027022820233,74
3829,6,9695,9695,0,0,0,0,0.5462446142358258,0.3670622743368418,0.5462446142358258,0.3670622743368418,1.0,1,0.6432558106852789,74
3830,7,9702,9702,0,0,0,0,0.5525518171861022,0.3816943343757378,0.5525518171861022,0.3816943343757378,1.0,1,0.6377740335808478,74
3831,4,9706,9706,0,0,0,0,0.5598398513256104,0.3866676058718227,0.5598398513256104,0.3866676058718227,1.0,1,0.6211320958133626,74
3832,7,9713,9713,0,0,0,0,0.5449078026745818,0.38154788902483927,0.5449078026745818,0.38154788902483927,1.0,1,0.6321357050795009,73
3833,8,9721,9721,0,0,0,0,0.5658477583117525,0.348726506649352,0.5658477583117525,0.348726506649352,1.0,1,0.644643015217555,73
3834,5,9726,9726,0,0,0,0,0.5799057833812608,0.3648493792676641,0.5799057833812608,0.3648493792676641,1.0,1,0.624202646499424,74
3835,3,9729,9729,0,0,0,0,0.5708138202907918,0.369544377427411,0.5708138202907918,0.369544377427411,1.0,1,0.6255026032759552,75
3836,3,9732,9732,0,0,0,0,0.5795044295562406,0.34662405084266773,0.5795044295562406,0.34662405084266773,1.0,1,0.6311374831085965,75
3837,2,9734,9734,0,0,0,0,0.5712563196471298,0.3438355080107648,0.5712563196471298,0.3438355080107648,1.0,1,0.6234289937556731,78
3838,2,9736,9736,0,0,0,0,0.5738258010803683,0.36495618771398913,0.5738258010803683,0.36495618771398913,1.0,1,0.6136043257056241,78
3839,0,9736,9736,0,0,0,0,0.5653212707776087,0.36495618771398913,0.5653212707776087,0.36495618771398913,1.0,1,0.6144156804741246,79
3840,4,9740,9740,0,0,0,0,0.5675042063299321,0.35228040236163743,0.5675042063299321,0.35228040236163743,1.0,1,0.5934326115846348,82
3841,0,9740,9740,0,0,0,0,0.5675042063299321,0.35228040236163743,0.5675042063299321,0.35228040236163743,1.0,1,0.5934326115846348,82
3842,3,9743,9743,0,0,0,0,0.5676311170184748,0.3526392532740681,0.5676311170184748,0.3526392532740681,1.0,1,0.5785409383720247,82
3843,2,9745,9745,0,0,0,0,0.5801974414210304,0.3663206052127694,0.5801974414210304,0.3663206052127694,1.0,1,0.563718039923667,82
3844,1,9746,9746,0,0,0,0,0.5852553035725843,0.3663206052127694,0.5852553035725843,0.3663206052127694,1.0,1,0.5650661426264411,83
3845,1,9747,9747,0,0,0,0,0.6011803910077065,0.37703479978075527,0.6011803910077065,0.37703479978075527,1.0,1,0.5555519068339265,84
3846,3,9750,9750,0,0,0,0,0.5936985200726319,0.359054869999412,0.5936985200726319,0.359054869999412,1.0,1,0.5520569539811473,85
3847,1,9751,9751,0,0,0,0,0.6007831622666627,0.359054869999412,0.6007831622666627,0.359054869999412,1.0,1,0.556410335750501,84
3848,1,9752,9752,0,0,0,0,0.6007831622666627,0.359054869999412,0.6007831622666627,0.359054869999412,1.0,1,0.5493651670238017,84
3849,1,9753,9753,0,0,0,0,0.6122005924183513,0.3842662417966589,0.6122005924183513,0.3842662417966589,1.0,1,0.5535195095830007,83
3850,1,9754,9754,0,0,0,0,0.6325298528489466,0.4021277760166686,0.6325298528489466,0.4021277760166686,1.0,1,0.5550187313570341,80
3851,2,9756,9756,0,0,0,0,0.6344582898144997,0.4021277760166686,0.6344582898144997,0.4021277760166686,1.0,1,0.5505741755931238,80
3852,4,9760,9760,0,0,0,0,0.641990671578648,0.39154304162675885,0.641990671578648,0.39154304162675885,1.0,1,0.5518133481221013,79
3853,5,9765,9765,0,0,0,0,0.6377571832860082,0.3963889381258826,0.6377571832860082,0.3963889381258826,1.0,1,0.5490228534575916,79
3854,2,9767,9767,0,0,0,0,0.6334584300668733,0.39500378958818166,0.6334584300668733,0.39500378958818166,1.0,1,0.5609754834731924,78
3855,0,9767,9767,0,0,0,0,0.6334584300668733,0.39500378958818166,0.6334584300668733,0.39500378958818166,1.0,1,0.5609754834731924,78
3856,3,9770,9770,0,0,0,0,0.6314742208132009,0.39524295992770536,0.6314742208132009,0.39524295992770536,1.0,1,0.5561732139356731,80
3857,1,9771,9771,0,0,0,0,0.623196388081454,0.4060314380827692,0.623196388081454,0.4060314380827692,1.0,1,0.5538970359122999,81
3858,1,9772,9772,0,0,0,0,0.6119295851403477,0.4060314380827692,0.6119295851403477,0.4060314380827692,1.0,1,0.557336254157057,81
3859,3,9775,9775,0,0,0,0,0.6112026195988212,0.39428617017628825,0.6112026195988212,0.39428617017628825,1.0,1,0.5498375680604307,83
3860,1,9776,9776,0,0,0,0,0.5966441551369481,0.39428617017628825,0.5966441551369481,0.39428617017628825,1.0,1,0.5595370379561397,82
3861,3,9779,9779,0,0,0,0,0.5809221452658774,0.40280541649540247,0.5809221452658774,0.40280541649540247,1.0,1,0.552974390194433,84
3862,5,9784,9784,0,0,0,0,0.5624019114238745,0.364919479148827,0.5624019114238745,0.364919479148827,1.0,1,0.5797455222195909,85
3863,3,9787,9787,0,0,0,0,0.5676425771345374,0.3785387237928834,0.5676425771345374,0.3785387237928834,1.0,1,0.5772462683861479,84
3864,6,9793,9793,0,0,0,0,0.5494373814146722,0.3750752835289028,0.5494373814146722,0.3750752835289028,1.0,1,0.5964238289440967,83
3865,1,9794,9794,0,0,0,0,0.5679064336023941,0.3750752835289028,0.5679064336023941,0.3750752835289028,1.0,1,0.5944788310150563,82
3866,2,9796,9796,0,0,0,0,0.5500226587512358,0.3750752835289028,0.5500226587512358,0.3750752835289028,1.0,1,0.6062024956785802,81
3867,5,9801,9801,0,0,0,0,0.5674092777667963,0.3906901093010901,0.5674092777667963,0.3906901093010901,1.0,1,0.5978442339536334,81
3868,2,9803,9803,0,0,0,0,0.5562909002066639,0.3906901093010901,0.5562909002066639,0.3906901093010901,1.0,1,0.6005739297670657,81
3869,3,9806,9806,0,0,0,0,0.5306586526810588,0.3788421431400658,0.5306586526810588,0.3788421431400658,1.0,1,0.6165236823007345,81
3870,3,9809,9809,0,0,0,0,0.5388690827883019,0.3788421431400658,0.5388690827883019,0.3788421431400658,1.0,1,0.6053046313090987,80
3871,1,9810,9810,0,0,0,0,0.5137588720482078,0.3788421431400658,0.5137588720482078,0.3788421431400658,1.0,1,0.6084212238778394,82
3872,3,9813,9813,0,0,0,0,0.490575347496281,0.3788421431400658,0.490575347496281,0.3788421431400658,1.0,1,0.6288025685081248,81
3873,2,9815,9815,0,0,0,0,0.5155151540983531,0.40875785933421876,0.5155151540983531,0.40875785933421876,1.0,1,0.6108700821424801,81
3874,1,9816,9816,0,0,0,0,0.5230795715726524,0.40875785933421876,0.5230795715726524,0.40875785933421876,1.0,1,0.6229968855251763,78
3875,2,9818,9818,0,0,0,0,0.5533396842312046,0.43128164085999565,0.5533396842312046,0.43128164085999565,1.0,1,0.6067624687706614,77
3876,0,9818,9818,0,0,0,0,0.5478791684269283,0.4195946335768287,0.5478791684269283,0.4195946335768287,1.0,1,0.6092181158090149,78
3877,3,9821,9821,0,0,0,0,0.5865367580700749,0.4195946335768287,0.5865367580700749,0.4195946335768287,1.0,1,0.605489014927137,75
3878,1,9822,9822,0,0,0,0,0.5865367580700748,0.4195946335768287,0.5865367580700748,0.4195946335768287,1.0,1,0.6025764192229774,75
3879,1,9823,9823,0,0,0,0,0.5890500700687435,0.4195946335768287,0.5890500700687435,0.4195946335768287,1.0,1,0.6069029706979683,73
3880,1,9824,9824,0,0,0,0,0.5784194075045503,0.4195946335768287,0.5784194075045503,0.4195946335768287,1.0,1,0.608425149686985,74
3881,2,9826,9826,0,0,0,0,0.5920314542486803,0.4195946335768287,0.5920314542486803,0.4195946335768287,1.0,1,0.6002291101113666,75
3882,3,9829,9829,0,0,0,0,0.5986289660820212,0.456462657510441,0.5986289660820212,0.456462657510441,1.0,1,0.5767174466828796,76
3883,3,9832,9832,0,0,0,0,0.5906257469513657,0.4379001755820554,0.5906257469513657,0.4379001755820554,1.0,1,0.5781691894090608,77
3884,5,9837,9837,0,0,0,0,0.5853484073181542,0.45176321735988045,0.5853484073181542,0.45176321735988045,1.0,1,0.572656924748389,78
3885,5,9842,9842,0,0,0,0,0.584330004676293,0.46317674661813707,0.584330004676293,0.46317674661813707,1.0,1,0.5764521725189368,78
3886,8,9850,9850,0,0,0,0,0.6159242499193995,0.4548318279545955,0.6159242499193995,0.4548318279545955,1.0,1,0.5533365585037666,79
3887,5,9855,9855,0,0,0,0,0.6152400304753434,0.47577356404179133,0.6152400304753434,0.47577356404179133,1.0,1,0.5476570445701704,78
3888,8,9863,9863,0,0,0,0,0.5854968002752613,0.4251308457581247,0.5854968002752613,0.4251308457581247,1.0,1,0.5754447486054486,80
3889,5,9868,9868,0,0,0,0,0.6164260905020209,0.40478483889566225,0.6164260905020209,0.40478483889566225,1.0,1,0.545551712618658,82
3890,6,9874,9874,0,0,0,0,0.6056319657223669,0.4244591648883581,0.6056319657223669,0.4244591648883581,1.0,1,0.5402327769375781,82
3891,5,9879,9879,0,0,0,0,0.6458971080688569,0.3869747223166073,0.6458971080688569,0.3869747223166073,1.0,1,0.5125230314867959,85
3892,3,9882,9882,0,0,0,0,0.6323974935651505,0.404906819578366,0.6323974935651505,0.404906819578366,1.0,1,0.5069230921478974,87
3893,0,9882,9882,0,0,0,0,0.6384044167515589,0.41602623188776316,0.6384044167515589,0.41602623188776316,1.0,1,0.503859307311263,86
3894,4,9886,9886,0,0,0,0,0.6202355567753187,0.39158012513896145,0.6202355567753187,0.39158012513896145,1.0,1,0.5172810931766564,87
3895,2,9888,9888,0,0,0,0,0.6101987624212215,0.38146341070208045,0.6101987624212215,0.38146341070208045,1.0,1,0.5241470500914827,87
3896,2,9890,9890,0,0,0,0,0.6275221590526443,0.4050517228954502,0.6275221590526443,0.4050517228954502,1.0,1,0.5220860857044226,85
3897,3,9893,9893,0,0,0,0,0.6148691275897068,0.37617600788028216,0.6148691275897068,0.37617600788028216,1.0,1,0.5371522584278752,85
3898,2,9895,9895,0,0,0,0,0.5955534885692519,0.3606823065473953,0.5955534885692519,0.3606823065473953,1.0,1,0.5540514212174215,86
3899,5,9900,9900,0,0,0,0,0.6218317464577245,0.34797361533454185,0.6218317464577245,0.34797361533454185,1.0,1,0.5408187933402995,86
3900,3,9903,9903,0,0,0,0,0.598534669455375,0.34797361533454185,0.598534669455375,0.34797361533454185,1.0,1,0.5546376476001549,86
3901,4,9907,9907,0,0,0,0,0.6270831730392141,0.3361233856188236,0.6270831730392141,0.3361233856188236,1.0,1,0.545060440958507,86
3902,3,9910,9910,0,0,0,0,0.610268228941922,0.34797361533454185,0.610268228941922,0.34797361533454185,1.0,1,0.5539037802646983,87
3903,4,9914,9914,0,0,0,0,0.6321544379529634,0.3743861136929939,0.6321544379529634,0.3743861136929939,1.0,1,0.532004454910487,87
3904,3,9917,9917,0,0,0,0,0.6312458917336747,0.3891381938959794,0.6312458917336747,0.3891381938959794,1.0,1,0.5404905888192286,85
3905,4,9921,9921,0,0,0,0,0.6226088977465656,0.42088615068768465,0.6226088977465656,0.42088615068768465,1.0,1,0.5395759751600646,84
3906,2,9923,9923,0,0,0,0,0.6006148494163506,0.42088615068768465,0.6006148494163506,0.42088615068768465,1.0,1,0.5452534302570102,86
3907,5,9928,9928,0,0,0,0,0.6064504057206401,0.45104977758141485,0.6064504057206401,0.45104977758141485,1.0,1,0.5391057695660637,84
3908,4,9932,9932,0,0,0,0,0.6093111752293623,0.45104977758141485,0.6093111752293623,0.45104977758141485,1.0,1,0.5424273832654365,83
3909,4,9936,9936,0,0,0,0,0.6013153722008602,0.43265521869614076,0.6013153722008602,0.43265521869614076,1.0,1,0.5607570453562067,81
3910,6,9942,9942,0,0,0,0,0.5760040264235422,0.41468462128928746,0.5760040264235422,0.41468462128928746,1.0,1,0.5812010817069072,82
3911,3,9945,9945,0,0,0,0,0.5574181113366175,0.41468462128928746,0.5574181113366175,0.41468462128928746,1.0,1,0.599304327358651,81
3912,3,9948,9948,0,0,0,0,0.5402566813414529,0.4031524514180619,0.5402566813414529,0.4031524514180619,1.0,1,0.6081239020720722,80
3913,5,9953,9953,0,0,0,0,0.5027560445132272,0.41632915980270796,0.5027560445132272,0.41632915980270796,1.0,1,0.6212473674687705,80
3914,5,9958,9958,0,0,0,0,0.49840996071278926,0.41632915980270796,0.49840996071278926,0.41632915980270796,1.0,1,0.6256600611662206,81
3915,3,9961,9961,0,0,0,0,0.4831917921642318,0.41632915980270796,0.4831917921642318,0.41632915980270796,1.0,1,0.6326596405564817,81
3916,7,9968,9968,0,0,0,0,0.48638791615974664,0.4051668465707985,0.48638791615974664,0.4051668465707985,1.0,1,0.6425212580969438,81
3917,3,9971,9971,0,0,0,0,0.4812187391035283,0.42287433842759214,0.4812187391035283,0.42287433842759214,1.0,1,0.6288131781764806,82
3918,0,9971,9971,0,0,0,0,0.4608354066253378,0.3871792471581212,0.4608354066253378,0.3871792471581212,1.0,1,0.6365346944226244,85
3919,4,9975,9975,0,0,0,0,0.48423300541405356,0.38449476898494916,0.48423300541405356,0.38449476898494916,1.0,1,0.632539728569353,85
3920,2,9977,9977,0,0,0,0,0.4816560758752905,0.38449476898494916,0.4816560758752905,0.38449476898494916,1.0,1,0.6337028502366191,85
3921,1,9978,9978,0,0,0,0,0.47535423087908857,0.348037014424052,0.47535423087908857,0.348037014424052,1.0,1,0.6367893966145188,88
3922,2,9980,9980,0,0,0,0,0.4657287985320156,0.348037014424052,0.4657287985320156,0.348037014424052,1.0,1,0.640982680438688,88
3923,1,9981,9981,0,0,0,0,0.47250201315821166,0.33326996510689916,0.47250201315821166,0.33326996510689916,1.0,1,0.6409288154763462,89
3924,0,9981,9981,0,0,0,0,0.46717980250141383,0.33326996510689916,0.46717980250141383,0.33326996510689916,1.0,1,0.6412233105070076,90
3925,3,9984,9984,0,0,0,0,0.45412287873861334,0.33326996510689916,0.45412287873861334,0.33326996510689916,1.0,1,0.6488884174690767,88
3926,1,9985,9985,0,0,0,0,0.4725495230893889,0.3258867730846494,0.4725495230893889,0.3258867730846494,1.0,1,0.6412652341349069,89
3927,0,9985,9985,0,0,0,0,0.4721018942906035,0.31670065778258366,0.4721018942906035,0.31670065778258366,1.0,1,0.6436453170075713,89
3928,4,9989,9989,0,0,0,0,0.46774585513806327,0.31670065778258366,0.46774585513806327,0.31670065778258366,1.0,1,0.6459616889206211,88
3929,1,9990,9990,0,0,0,0,0.4676696899390537,0.31670065778258366,0.4676696899390537,0.31670065778258366,1.0,1,0.6480557805749364,88
3930,3,9993,9993,0,0,0,0,0.47721390135198016,0.31670065778258366,0.47721390135198016,0.31670065778258366,1.0,1,0.6449555857561765,87
3931,1,9994,9994,0,0,0,0,0.4832579210912647,0.31670065778258366,0.4832579210912647,0.31670065778258366,1.0,1,0.6472562947370337,86
3932,3,9997,9997,0,0,0,0,0.4997572488728175,0.3297417113970949,0.4997572488728175,0.3297417113970949,1.0,1,0.6281699577251623,85
3933,2,9999,9999,0,0,0,0,0.5058106516007269,0.34214428458597684,0.5058106516007269,0.34214428458597684,1.0,1,0.6182098201367188,84
3934,1,10000,10000,0,0,0,0,0.5091718501690707,0.3565210955434148,0.5091718501690707,0.3565210955434148,1.0,1,0.6028259311238197,85
3935,1,10001,10001,0,0,0,0,0.5029376138705743,0.3565210955434148,0.5029376138705743,0.3565210955434148,1.0,1,0.6090225697310943,84
3936,1,10002,10002,0,0,0,0,0.5137000213482265,0.3702625066563826,0.5137000213482265,0.3702625066563826,1.0,1,0.6019096351105863,84
3937,3,10005,10005,0,0,0,0,0.5298638069185191,0.3803854905415867,0.5298638069185191,0.3803854905415867,1.0,1,0.6026206773291222,82
3938,2,10007,10007,0,0,0,0,0.5162434408348161,0.3803854905415867,0.5162434408348161,0.3803854905415867,1.0,1,0.6083928706158719,82
3939,3,10010,10010,0,0,0,0,0.5052948046758078,0.3803854905415867,0.5052948046758078,0.3803854905415867,1.0,1,0.6184949869535683,84
3940,3,10013,10013,0,0,0,0,0.5185236986009334,0.3803854905415867,0.5185236986009334,0.3803854905415867,1.0,1,0.6005359703957842,84
3941,4,10017,10017,0,0,0,0,0.5391268546773412,0.3803854905415867,0.5391268546773412,0.3803854905415867,1.0,1,0.5925438448678525,85
3942,5,10022,10022,0,0,0,0,0.513235329762126,0.3934066005720179,0.513235329762126,0.3934066005720179,1.0,1,0.6024642080457918,85
3943,2,10024,10024,0,0,0,0,0.5072835225039328,0.4095444371068488,0.5072835225039328,0.4095444371068488,1.0,1,0.6076315182061294,84
3944,4,10028,10028,0,0,0,0,0.4889636455338075,0.4214256206551088,0.4889636455338075,0.4214256206551088,1.0,1,0.6175796697300185,83
3945,3,10031,10031,0,0,0,0,0.49969975109083037,0.4042302903308365,0.49969975109083037,0.4042302903308365,1.0,1,0.617256411087186,83
3946,5,10036,10036,0,0,0,0,0.5001961541133657,0.36598957649905783,0.5001961541133657,0.36598957649905783,1.0,1,0.632868361607858,83
3947,1,10037,10037,0,0,0,0,0.5002874153950014,0.36598957649905783,0.5002874153950014,0.36598957649905783,1.0,1,0.6301181515174175,83
3948,6,10043,10043,0,0,0,0,0.5001605389299465,0.3544471765472797,0.5001605389299465,0.3544471765472797,1.0,1,0.6342821748182127,84
3949,3,10046,10046,0,0,0,0,0.490036468906976,0.3307507072033705,0.490036468906976,0.3307507072033705,1.0,1,0.6576972240283054,84
3950,2,10048,10048,0,0,0,0,0.5014137793536251,0.3307507072033705,0.5014137793536251,0.3307507072033705,1.0,1,0.6486910292128945,86
3951,2,10050,10050,0,0,0,0,0.4957922434625825,0.3307507072033705,0.4957922434625825,0.3307507072033705,1.0,1,0.6529221803466234,87
3952,3,10053,10053,0,0,0,0,0.5156803813257486,0.3307507072033705,0.5156803813257486,0.3307507072033705,1.0,1,0.648332711113191,86
3953,2,10055,10055,0,0,0,0,0.5297211850135561,0.3307507072033705,0.5297211850135561,0.3307507072033705,1.0,1,0.6480012968337262,86
3954,3,10058,10058,0,0,0,0,0.5517200040536634,0.32030253615152393,0.5517200040536634,0.32030253615152393,1.0,1,0.6410911816192579,85
3955,2,10060,10060,0,0,0,0,0.552498003958492,0.3105499673571262,0.552498003958492,0.3105499673571262,1.0,1,0.6408961194794708,85
3956,1,10061,10061,0,0,0,0,0.5404137906419446,0.3105499673571262,0.5404137906419446,0.3105499673571262,1.0,1,0.6506824786229829,84
3957,5,10066,10066,0,0,0,0,0.5499111484042905,0.3185029659525083,0.5499111484042905,0.3185029659525083,1.0,1,0.6341159804887153,85
3958,3,10069,10069,0,0,0,0,0.5592029159046975,0.33598029579619104,0.5592029159046975,0.33598029579619104,1.0,1,0.6192693480457387,84
3959,2,10071,10071,0,0,0,0,0.5631886267874067,0.349711450551149,0.5631886267874067,0.349711450551149,1.0,1,0.6141393195654367,83
3960,5,10076,10076,0,0,0,0,0.566717196959275,0.37206719727870974,0.566717196959275,0.37206719727870974,1.0,1,0.6017200787905279,84
3961,3,10079,10079,0,0,0,0,0.5723038784443902,0.38499255593382875,0.5723038784443902,0.38499255593382875,1.0,1,0.6042722835475738,83
3962,6,10085,10085,0,0,0,0,0.5564531245441587,0.3639860735461947,0.5564531245441587,0.3639860735461947,1.0,1,0.6112898848565042,84
3963,5,10090,10090,0,0,0,0,0.5630370725362539,0.3782742458130558,0.5630370725362539,0.3782742458130558,1.0,1,0.6086225231948637,81
3964,3,10093,10093,0,0,0,0,0.5528734165439451,0.3622598563636587,0.5528734165439451,0.3622598563636587,1.0,1,0.6256255372866998,81
3965,3,10096,10096,0,0,0,0,0.5525769641448361,0.37561302320213685,0.5525769641448361,0.37561302320213685,1.0,1,0.6188289040843982,81
3966,3,10099,10099,0,0,0,0,0.5681271641886726,0.37177283846656145,0.5681271641886726,0.37177283846656145,1.0,1,0.6212239726085268,79
3967,4,10103,10103,0,0,0,0,0.5640166946719369,0.38219738297922506,0.5640166946719369,0.38219738297922506,1.0,1,0.6035880701364454,81
3968,2,10105,10105,0,0,0,0,0.577823567760558,0.38219738297922506,0.577823567760558,0.38219738297922506,1.0,1,0.6031435511490753,79
3969,2,10107,10107,0,0,0,0,0.6029172605377465,0.38219738297922506,0.6029172605377465,0.38219738297922506,1.0,1,0.5919450038264181,79
3970,2,10109,10109,0,0,0,0,0.601186318815479,0.38219738297922506,0.601186318815479,0.38219738297922506,1.0,1,0.5922839447553815,78
3971,1,10110,10110,0,0,0,0,0.6036148568919002,0.38219738297922506,0.6036148568919002,0.38219738297922506,1.0,1,0.5922019609118274,77
3972,2,10112,10112,0,0,0,0,0.5980558345618253,0.38219738297922506,0.5980558345618253,0.38219738297922506,1.0,1,0.5948895148893228,78
3973,4,10116,10116,0,0,0,0,0.5919737499394884,0.3918699577931509,0.5919737499394884,0.3918699577931509,1.0,1,0.6023603329482139,77
3974,0,10116,10116,0,0,0,0,0.5919737499394884,0.3918699577931509,0.5919737499394884,0.3918699577931509,1.0,1,0.6023603329482139,77
3975,1,10117,10117,0,0,0,0,0.5876089663671697,0.3918699577931509,0.5876089663671697,0.3918699577931509,1.0,1,0.6153307925608115,76
3976,1,10118,10118,0,0,0,0,0.5785870197621117,0.3918699577931509,0.5785870197621117,0.3918699577931509,1.0,1,0.6191097752102939,77
3977,1,10119,10119,0,0,0,0,0.5736537835538862,0.38072029923170864,0.5736537835538862,0.38072029923170864,1.0,1,0.6250213313711271,78
3978,1,10120,10120,0,0,0,0,0.5657509314362987,0.36634057146613436,0.5657509314362987,0.36634057146613436,1.0,1,0.6258902453028106,79
3979,3,10123,10123,0,0,0,0,0.5902908744348996,0.36634057146613436,0.5902908744348996,0.36634057146613436,1.0,1,0.6067285384803938,79
3980,2,10125,10125,0,0,0,0,0.5902908744348996,0.36634057146613436,0.5902908744348996,0.36634057146613436,1.0,1,0.6068098190860061,79
3981,5,10130,10130,0,0,0,0,0.5802494370357312,0.3667266034583998,0.5802494370357312,0.3667266034583998,1.0,1,0.608502753998413,83
3982,2,10132,10132,0,0,0,0,0.5894600210803476,0.3667266034583998,0.5894600210803476,0.3667266034583998,1.0,1,0.6091479554460674,83
3983,6,10138,10138,0,0,0,0,0.5687768600409329,0.3607404198325304,0.5687768600409329,0.3607404198325304,1.0,1,0.6214386213573083,82
3984,5,10143,10143,0,0,0,0,0.564570670919004,0.37617321641782797,0.564570670919004,0.37617321641782797,1.0,1,0.6117830492363237,83
3985,2,10145,10145,0,0,0,0,0.5689703537184557,0.3753553217550365,0.5689703537184557,0.3753553217550365,1.0,1,0.6042892690734142,84
3986,4,10149,10149,0,0,0,0,0.588230031383544,0.3868605887702449,0.588230031383544,0.3868605887702449,1.0,1,0.6024633212310812,83
3987,3,10152,10152,0,0,0,0,0.5474839005695876,0.3745921164473704,0.5474839005695876,0.3745921164473704,1.0,1,0.6318173130517245,82
3988,6,10158,10158,0,0,0,0,0.5711712471141336,0.3591819490861574,0.5711712471141336,0.3591819490861574,1.0,1,0.6120586253299404,83
3989,4,10162,10162,0,0,0,0,0.5386488160372356,0.3591819490861574,0.5386488160372356,0.3591819490861574,1.0,1,0.6231705778038911,81
3990,1,10163,10163,0,0,0,0,0.538973341304191,0.3591819490861574,0.538973341304191,0.3591819490861574,1.0,1,0.6205217604066695,81
3991,7,10170,10170,0,0,0,0,0.48468430814170194,0.3339526483620109,0.48468430814170194,0.3339526483620109,1.0,1,0.6611872112568147,79
3992,3,10173,10173,0,0,0,0,0.48550529793789665,0.3323648700006698,0.48550529793789665,0.3323648700006698,1.0,1,0.6599004098339141,81
3993,3,10176,10176,0,0,0,0,0.4810476641652386,0.33954538147337976,0.4810476641652386,0.33954538147337976,1.0,1,0.660130276185033,80
3994,0,10176,10176,0,0,0,0,0.4810476641652386,0.33954538147337976,0.4810476641652386,0.33954538147337976,1.0,1,0.660130276185033,80
3995,4,10180,10180,0,0,0,0,0.5234454693100326,0.3498084654521704,0.5234454693100326,0.3498084654521704,1.0,1,0.6327895849379047,81
3996,1,10181,10181,0,0,0,0,0.5074665999928656,0.3593555113764891,0.5074665999928656,0.3593555113764891,1.0,1,0.6446753995139586,80
3997,2,10183,10183,0,0,0,0,0.49254429268106525,0.36999884768004665,0.49254429268106525,0.36999884768004665,1.0,1,0.6443702688570887,81
3998,2,10185,10185,0,0,0,0,0.49890018013792065,0.36999884768004665,0.49890018013792065,0.36999884768004665,1.0,1,0.6399755616963819,82
3999,2,10187,10187,0,0,0,0,0.47384264277445304,0.36999884768004665,0.47384264277445304,0.36999884768004665,1.0,1,0.6457116994556517,82
4000,0,10187,10187,0,0,0,0,0.47384264277445304,0.36999884768004665,0.47384264277445304,0.36999884768004665,1.0,1,0.6457116994556517,82
4001,2,10189,10189,0,0,0,0,0.5176016216107068,0.36999884768004665,0.5176016216107068,0.36999884768004665,1.0,1,0.6345263205619868,81
4002,4,10193,10193,0,0,0,0,0.48292912025176943,0.36999884768004665,0.48292912025176943,0.36999884768004665,1.0,1,0.647317317320822,81
4003,2,10195,10195,0,0,0,0,0.46814843576534604,0.36999884768004665,0.46814843576534604,0.36999884768004665,1.0,1,0.6524650868875709,81
4004,2,10197,10197,0,0,0,0,0.47370338476679985,0.40006401511502515,0.47370338476679985,0.40006401511502515,1.0,1,0.6402343700635819,80
4005,3,10200,10200,0,0,0,0,0.4870211026075371,0.39022377541573433,0.4870211026075371,0.39022377541573433,1.0,1,0.6420454313173947,78
4006,2,10202,10202,0,0,0,0,0.5175063371666662,0.41190918728368636,0.5175063371666662,0.41190918728368636,1.0,1,0.6308846702507744,76
4007,3,10205,10205,0,0,0,0,0.5376404523912313,0.3970757467796407,0.5376404523912313,0.3970757467796407,1.0,1,0.6382417827895469,75
4008,5,10210,10210,0,0,0,0,0.5804202550713173,0.41100158882088594,0.5804202550713173,0.41100158882088594,1.0,1,0.6224028452716293,74
4009,5,10215,10215,0,0,0,0,0.589493955979685,0.4035676368079471,0.589493955979685,0.4035676368079471,1.0,1,0.6197609666198238,75
4010,4,10219,10219,0,0,0,0,0.6007954313794867,0.4011247592375558,0.6007954313794867,0.4011247592375558,1.0,1,0.6121463957784427,75
4011,3,10222,10222,0,0,0,0,0.6277238517649938,0.4221074734110733,0.6277238517649938,0.4221074734110733,1.0,1,0.5915889313622075,74
4012,3,10225,10225,0,0,0,0,0.640373711017341,0.4221074734110733,0.640373711017341,0.4221074734110733,1.0,1,0.586681523854439,74
4013,4,10229,10229,0,0,0,0,0.6559090977523643,0.43879955246788543,0.6559090977523643,0.43879955246788543,1.0,1,0.5654710234689925,74
4014,3,10232,10232,0,0,0,0,0.6516364044533143,0.43356072442757815,0.6516364044533143,0.43356072442757815,1.0,1,0.573086718650039,73
4015,5,10237,10237,0,0,0,0,0.6426660700299864,0.3903430604870279,0.6426660700299864,0.3903430604870279,1.0,1,0.5796025884332044,74
4016,1,10238,10238,0,0,0,0,0.6409908415789386,0.3800610417582888,0.6409908415789386,0.3800610417582888,1.0,1,0.5808949421395065,74
4017,7,10245,10245,0,0,0,0,0.6458121014792039,0.386352914619448,0.6458121014792039,0.386352914619448,1.0,1,0.5494461907871013,78
4018,6,10251,10251,0,0,0,0,0.6145952597315132,0.3736368490741038,0.6145952597315132,0.3736368490741038,1.0,1,0.585805297868782,78
4019,5,10256,10256,0,0,0,0,0.6381728269908552,0.35162345231153214,0.6381728269908552,0.35162345231153214,1.0,1,0.5793258670021937,78
4020,5,10261,10261,0,0,0,0,0.6251292250224518,0.35162345231153214,0.6251292250224518,0.35162345231153214,1.0,1,0.591880770009868,78
4021,4,10265,10265,0,0,0,0,0.6374164457469278,0.35162345231153214,0.6374164457469278,0.35162345231153214,1.0,1,0.5861860115179216,78
4022,5,10270,10270,0,0,0,0,0.6291163633264609,0.3370015652212283,0.6291163633264609,0.3370015652212283,1.0,1,0.5860728804461578,79
4023,4,10274,10274,0,0,0,0,0.6400880826790202,0.335087893920155,0.6400880826790202,0.335087893920155,1.0,1,0.5989471691299152,78
4024,4,10278,10278,0,0,0,0,0.6318046994131336,0.335087893920155,0.6318046994131336,0.335087893920155,1.0,1,0.6046846616111576,77
4025,2,10280,10280,0,0,0,0,0.6324505575761251,0.3582954851541308,0.6324505575761251,0.3582954851541308,1.0,1,0.6020233136859346,76
4026,5,10285,10285,0,0,0,0,0.6224750937333634,0.3504016677088373,0.6224750937333634,0.3504016677088373,1.0,1,0.6080223502197998,76
4027,3,10288,10288,0,0,0,0,0.6047988876452989,0.36500683058734523,0.6047988876452989,0.36500683058734523,1.0,1,0.6133413971271314,75
4028,2,10290,10290,0,0,0,0,0.6259666119036393,0.36500683058734523,0.6259666119036393,0.36500683058734523,1.0,1,0.5958041456196003,76
4029,5,10295,10295,0,0,0,0,0.6096833158107033,0.3561725571614964,0.6096833158107033,0.3561725571614964,1.0,1,0.6223755200698761,75
4030,1,10296,10296,0,0,0,0,0.6292600556813913,0.3561725571614964,0.6292600556813913,0.3561725571614964,1.0,1,0.6226466137420296,74
4031,1,10297,10297,0,0,0,0,0.6308120740205969,0.3455168562604017,0.6308120740205969,0.3455168562604017,1.0,1,0.6328115724383765,73
4032,3,10300,10300,0,0,0,0,0.6303710239531256,0.3455168562604017,0.6303710239531256,0.3455168562604017,1.0,1,0.6408577402681026,71
4033,1,10301,10301,0,0,0,0,0.638655074787136,0.35823279592656343,0.638655074787136,0.35823279592656343,1.0,1,0.6239632230648403,73
4034,5,10306,10306,0,0,0,0,0.6534633322841354,0.39861323644451857,0.6534633322841354,0.39861323644451857,1.0,1,0.6051697685924962,72
4035,0,10306,10306,0,0,0,0,0.6485825341472923,0.39861323644451857,0.6485825341472923,0.39861323644451857,1.0,1,0.6155699158790696,71
4036,5,10311,10311,0,0,0,0,0.6559645036585312,0.3897000289778236,0.6559645036585312,0.3897000289778236,1.0,1,0.605989580505326,71
4037,1,10312,10312,0,0,0,0,0.6691160012380666,0.3897000289778236,0.6691160012380666,0.3897000289778236,1.0,1,0.6038028094461051,70
4038,4,10316,10316,0,0,0,0,0.6853167562045994,0.4035532297859755,0.6853167562045994,0.4035532297859755,1.0,1,0.595394902785393,69
4039,1,10317,10317,0,0,0,0,0.6940371909897924,0.3760443530822829,0.6940371909897924,0.3760443530822829,1.0,1,0.6045002847650282,68
4040,3,10320,10320,0,0,0,0,0.7001293511842369,0.38093727125342125,0.7001293511842369,0.38093727125342125,1.0,1,0.5885108073143087,69
4041,1,10321,10321,0,0,0,0,0.7004246381177461,0.3700206077240038,0.7004246381177461,0.3700206077240038,1.0,1,0.6029586280336406,67
4042,2,10323,10323,0,0,0,0,0.712209945775842,0.3698693537296308,0.712209945775842,0.3698693537296308,1.0,1,0.5885402772433115,67
4043,1,10324,10324,0,0,0,0,0.7231244130024136,0.3698693537296308,0.7231244130024136,0.3698693537296308,1.0,1,0.5897497315361171,66
4044,2,10326,10326,0,0,0,0,0.7254552477719342,0.39454108613671685,0.7254552477719342,0.39454108613671685,1.0,1,0.5878924154369771,65
4045,2,10328,10328,0,0,0,0,0.7212867282323451,0.36568703666671637,0.7212867282323451,0.36568703666671637,1.0,1,0.5951295750962821,66
4046,4,10332,10332,0,0,0,0,0.7205021632824061,0.36804413373141825,0.7205021632824061,0.36804413373141825,1.0,1,0.5825044708849645,68
4047,2,10334,10334,0,0,0,0,0.7214330077520865,0.370226803522393,0.7214330077520865,0.370226803522393,1.0,1,0.5813847147303177,68
4048,1,10335,10335,0,0,0,0,0.7039872750260047,0.3575225357346551,0.7039872750260047,0.3575225357346551,1.0,1,0.5891551596827733,69
4049,3,10338,10338,0,0,0,0,0.680502363498869,0.3460343854459929,0.680502363498869,0.3460343854459929,1.0,1,0.6122570112548402,69
4050,1,10339,10339,0,0,0,0,0.6935705295338039,0.3398548165432253,0.6935705295338039,0.3398548165432253,1.0,1,0.6112905662068254,69
4051,0,10339,10339,0,0,0,0,0.6935705295338039,0.3398548165432253,0.6935705295338039,0.3398548165432253,1.0,1,0.6112905662068254,69
4052,2,10341,10341,0,0,0,0,0.7064601760991697,0.3533323417294363,0.7064601760991697,0.3533323417294363,1.0,1,0.6010900663969557,69
4053,3,10344,10344,0,0,0,0,0.7131198902885223,0.38733979871670926,0.7131198902885223,0.38733979871670926,1.0,1,0.5815171385769211,69
4054,1,10345,10345,0,0,0,0,0.7127200299114383,0.4048304677783254,0.7127200299114383,0.4048304677783254,1.0,1,0.5737933890423988,70
4055,3,10348,10348,0,0,0,0,0.7235271847777536,0.4204771348395486,0.7235271847777536,0.4204771348395486,1.0,1,0.5567920964839662,70
4056,1,10349,10349,0,0,0,0,0.735871437575583,0.4204771348395486,0.735871437575583,0.4204771348395486,1.0,1,0.5450194666922785,70
4057,2,10351,10351,0,0,0,0,0.7327973700657372,0.45019387582116016,0.7327973700657372,0.45019387582116016,1.0,1,0.5367142983648499,71
4058,1,10352,10352,0,0,0,0,0.7219825646274225,0.45019387582116016,0.7219825646274225,0.45019387582116016,1.0,1,0.5407205459673492,71
4059,4,10356,10356,0,0,0,0,0.7384485180719206,0.45019387582116016,0.7384485180719206,0.45019387582116016,1.0,1,0.5277303506634734,72
4060,2,10358,10358,0,0,0,0,0.7067508293413611,0.45019387582116016,0.7067508293413611,0.45019387582116016,1.0,1,0.5528590263965142,71
4061,2,10360,10360,0,0,0,0,0.6862121896129686,0.45019387582116016,0.6862121896129686,0.45019387582116016,1.0,1,0.5573440610813137,72
4062,3,10363,10363,0,0,0,0,0.6556568695107615,0.45019387582116016,0.6556568695107615,0.45019387582116016,1.0,1,0.5757999495843513,72
4063,1,10364,10364,0,0,0,0,0.6247317622410408,0.45019387582116016,0.6247317622410408,0.45019387582116016,1.0,1,0.5891903924424857,72
4064,7,10371,10371,0,0,0,0,0.6397243384169679,0.49230490265880616,0.6397243384169679,0.49230490265880616,1.0,1,0.5803158367031073,71
4065,1,10372,10372,0,0,0,0,0.6367003372326376,0.49230490265880616,0.6367003372326376,0.49230490265880616,1.0,1,0.5885540887415165,70
4066,6,10378,10378,0,0,0,0,0.6350515754372181,0.5158889203051077,0.6350515754372181,0.5158889203051077,1.0,1,0.5707295560108195,70
4067,2,10380,10380,0,0,0,0,0.6747234535196669,0.48488072462455517,0.6747234535196669,0.48488072462455517,1.0,1,0.5781028522211221,68
4068,6,10386,10386,0,0,0,0,0.6548995293408876,0.4946420531483658,0.6548995293408876,0.4946420531483658,1.0,1,0.5777333902222258,70
4069,4,10390,10390,0,0,0,0,0.6736043597684569,0.4946420531483658,0.6736043597684569,0.4946420531483658,1.0,1,0.5929540086617158,68
4070,8,10398,10398,0,0,0,0,0.6591636011542577,0.4699852173400254,0.6591636011542577,0.4699852173400254,1.0,1,0.6053907874353169,67
4071,8,10406,10406,0,0,0,0,0.6541537164181688,0.4035196726687388,0.6541537164181688,0.4035196726687388,1.0,1,0.6055170132975705,68
4072,7,10413,10413,0,0,0,0,0.6225542168504195,0.3942149169332173,0.6225542168504195,0.3942149169332173,1.0,1,0.6126230547509597,70
4073,8,10421,10421,0,0,0,0,0.6195356075901798,0.3967477827180229,0.6195356075901798,0.3967477827180229,1.0,1,0.6206543298336873,70
4074,11,10432,10432,0,0,0,0,0.6368750822155044,0.38399708047911935,0.6368750822155044,0.38399708047911935,1.0,1,0.6020081002097945,71
4075,8,10440,10440,0,0,0,0,0.660901853867757,0.3837928394962459,0.660901853867757,0.3837928394962459,1.0,1,0.591755171145798,72
4076,5,10445,10445,0,0,0,0,0.6708190409143254,0.36735504713211015,0.6708190409143254,0.36735504713211015,1.0,1,0.5782564459066105,73
4077,2,10447,10447,0,0,0,0,0.665199908640807,0.36735504713211015,0.665199908640807,0.36735504713211015,1.0,1,0.577382287824269,72
4078,4,10451,10451,0,0,0,0,0.6762541572046076,0.35927884053404857,0.6762541572046076,0.35927884053404857,1.0,1,0.5705571206217956,71
4079,0,10451,10451,0,0,0,0,0.6668702197322773,0.35927884053404857,0.6668702197322773,0.35927884053404857,1.0,1,0.5796686397888796,69
4080,3,10454,10454,0,0,0,0,0.6257411411577322,0.3687586283027819,0.6257411411577322,0.3687586283027819,1.0,1,0.6001431518122647,67
4081,2,10456,10456,0,0,0,0,0.6375234241052724,0.35840609271504204,0.6375234241052724,0.35840609271504204,1.0,1,0.5982223186305776,66
4082,2,10458,10458,0,0,0,0,0.6161457136565096,0.3683875222236081,0.6161457136565096,0.3683875222236081,1.0,1,0.6145528496181322,65
4083,3,10461,10461,0,0,0,0,0.646806296494097,0.37685468917194975,0.646806296494097,0.37685468917194975,1.0,1,0.5981767820284212,64
4084,1,10462,10462,0,0,0,0,0.660204567540574,0.37685468917194975,0.660204567540574,0.37685468917194975,1.0,1,0.5881469628876198,64
4085,5,10467,10467,0,0,0,0,0.6852534854870784,0.3713544246728766,0.6852534854870784,0.3713544246728766,1.0,1,0.5713668626436149,65
4086,0,10467,10467,0,0,0,0,0.6900223720706075,0.3713544246728766,0.6900223720706075,0.3713544246728766,1.0,1,0.5658195630884436,66
4087,3,10470,10470,0,0,0,0,0.7082978228002669,0.3989553569808242,0.7082978228002669,0.3989553569808242,1.0,1,0.5546192727940032,66
4088,1,10471,10471,0,0,0,0,0.706167144525034,0.3843636465854625,0.706167144525034,0.3843636465854625,1.0,1,0.56836582543387,65
4089,0,10471,10471,0,0,0,0,0.706167144525034,0.3843636465854625,0.706167144525034,0.3843636465854625,1.0,1,0.56836582543387,65
4090,0,10471,10471,0,0,0,0,0.706167144525034,0.3843636465854625,0.706167144525034,0.3843636465854625,1.0,1,0.5708534785408609,65
4091,2,10473,10473,0,0,0,0,0.6697767720831345,0.3843636465854625,0.6697767720831345,0.3843636465854625,1.0,1,0.5799313121631148,65
4092,1,10474,10474,0,0,0,0,0.6466497284303472,0.3843636465854625,0.6466497284303472,0.3843636465854625,1.0,1,0.5958249680637401,64
4093,2,10476,10476,0,0,0,0,0.6241383196107986,0.3843636465854625,0.6241383196107986,0.3843636465854625,1.0,1,0.6015436490265258,66
4094,5,10481,10481,0,0,0,0,0.5941901522751158,0.4230012304262731,0.5941901522751158,0.4230012304262731,1.0,1,0.6287991674377941,65
4095,3,10484,10484,0,0,0,0,0.6075655703593476,0.4230012304262731,0.6075655703593476,0.4230012304262731,1.0,1,0.634740805218942,65
4096,5,10489,10489,0,0,0,0,0.5925817303925348,0.41231000765622067,0.5925817303925348,0.41231000765622067,1.0,1,0.6458850184590483,67
4097,5,10494,10494,0,0,0,0,0.6422498642126232,0.41231000765622067,0.6422498642126232,0.41231000765622067,1.0,1,0.6234405487437183,67
4098,3,10497,10497,0,0,0,0,0.607223365005107,0.39628474193436963,0.607223365005107,0.39628474193436963,1.0,1,0.6390447989507604,68
4099,4,10501,10501,0,0,0,0,0.6039433162368918,0.3853245605950888,0.6039433162368918,0.3853245605950888,1.0,1,0.6337369685456777,69
4100,4,10505,10505,0,0,0,0,0.6134833705581854,0.3853245605950888,0.6134833705581854,0.3853245605950888,1.0,1,0.6186265175584875,70
4101,3,10508,10508,0,0,0,0,0.5993042619998729,0.3690481724180365,0.5993042619998729,0.3690481724180365,1.0,1,0.6255463633267699,71
4102,5,10513,10513,0,0,0,0,0.6000496100422498,0.3806927106193012,0.6000496100422498,0.3806927106193012,1.0,1,0.622541958164985,71
4103,2,10515,10515,0,0,0,0,0.5962128663012517,0.3806927106193012,0.5962128663012517,0.3806927106193012,1.0,1,0.625687373177563,71
4104,1,10516,10516,0,0,0,0,0.5865098130660498,0.39500184221807216,0.5865098130660498,0.39500184221807216,1.0,1,0.6337122322823376,69
4105,3,10519,10519,0,0,0,0,0.5619529598727967,0.39500184221807216,0.5619529598727967,0.39500184221807216,1.0,1,0.6624784892560075,67
4106,2,10521,10521,0,0,0,0,0.5655853440897531,0.39500184221807216,0.5655853440897531,0.39500184221807216,1.0,1,0.6601088912734447,68
4107,0,10521,10521,0,0,0,0,0.563406238749802,0.3801315376525312,0.563406238749802,0.3801315376525312,1.0,1,0.657318030659943,70
4108,3,10524,10524,0,0,0,0,0.6132087409599593,0.3801315376525312,0.6132087409599593,0.3801315376525312,1.0,1,0.6297696318338786,70
4109,1,10525,10525,0,0,0,0,0.6076030705390891,0.3801315376525312,0.6076030705390891,0.3801315376525312,1.0,1,0.6398006242177302,69
4110,1,10526,10526,0,0,0,0,0.628859227411217,0.3801315376525312,0.628859227411217,0.3801315376525312,1.0,1,0.6203730987781138,71
4111,4,10530,10530,0,0,0,0,0.618820494453194,0.3801315376525312,0.618820494453194,0.3801315376525312,1.0,1,0.6356348603470804,70
4112,1,10531,10531,0,0,0,0,0.616965769797252,0.3706132368258429,0.616965769797252,0.3706132368258429,1.0,1,0.625479736891383,72
4113,3,10534,10534,0,0,0,0,0.6298128785453443,0.38117056063614607,0.6298128785453443,0.38117056063614607,1.0,1,0.6153902019891678,72
4114,2,10536,10536,0,0,0,0,0.6435492793339143,0.39461150675092854,0.6435492793339143,0.39461150675092854,1.0,1,0.5991209874945125,72
4115,1,10537,10537,0,0,0,0,0.6309669685426014,0.39461150675092854,0.6309669685426014,0.39461150675092854,1.0,1,0.6134548540384356,70
4116,4,10541,10541,0,0,0,0,0.6635324516374651,0.42760279068616397,0.6635324516374651,0.42760279068616397,1.0,1,0.602762951524506,67
4117,0,10541,10541,0,0,0,0,0.646989467482752,0.42760279068616397,0.646989467482752,0.42760279068616397,1.0,1,0.6097893375450196,67
4118,5,10546,10546,0,0,0,0,0.6192625127410568,0.42760279068616397,0.6192625127410568,0.42760279068616397,1.0,1,0.6140608979194505,66
4119,2,10548,10548,0,0,0,0,0.6247414069401135,0.42760279068616397,0.6247414069401135,0.42760279068616397,1.0,1,0.605722064417202,67
4120,8,10556,10556,0,0,0,0,0.6167418591773367,0.406085413182317,0.6167418591773367,0.406085413182317,1.0,1,0.6421098794667112,64
4121,2,10558,10558,0,0,0,0,0.6235131817673618,0.3888749405456668,0.6235131817673618,0.3888749405456668,1.0,1,0.6460002098672539,63
4122,3,10561,10561,0,0,0,0,0.6543628478340491,0.3826504411798112,0.6543628478340491,0.3826504411798112,1.0,1,0.6290175503596493,63
4123,4,10565,10565,0,0,0,0,0.6602073697974975,0.3826504411798112,0.6602073697974975,0.3826504411798112,1.0,1,0.6455951457160594,61
4124,3,10568,10568,0,0,0,0,0.6674162350801732,0.3931202061507243,0.6674162350801732,0.3931202061507243,1.0,1,0.6380333804492794,62
4125,2,10570,10570,0,0,0,0,0.6420794721462058,0.3815326015881945,0.6420794721462058,0.3815326015881945,1.0,1,0.6627634320848261,60
4126,4,10574,10574,0,0,0,0,0.6453187697916927,0.3998644637166158,0.6453187697916927,0.3998644637166158,1.0,1,0.6649856230166066,59
4127,3,10577,10577,0,0,0,0,0.6560781604844529,0.3873566820291442,0.6560781604844529,0.3873566820291442,1.0,1,0.65222878754176,60
4128,2,10579,10579,0,0,0,0,0.6554788101986208,0.3873566820291442,0.6554788101986208,0.3873566820291442,1.0,1,0.652430392689542,60
4129,5,10584,10584,0,0,0,0,0.6383448150275283,0.35424782333520444,0.6383448150275283,0.35424782333520444,1.0,1,0.6657329454506024,60
4130,2,10586,10586,0,0,0,0,0.6328511548340172,0.364046857683231,0.6328511548340172,0.364046857683231,1.0,1,0.6627440354517062,61
4131,3,10589,10589,0,0,0,0,0.6289282218791209,0.3509828454430477,0.6289282218791209,0.3509828454430477,1.0,1,0.6864955079198911,60
4132,3,10592,10592,0,0,0,0,0.6410874613766833,0.35404444815590796,0.6410874613766833,0.35404444815590796,1.0,1,0.6796188110487098,60
4133,1,10593,10593,0,0,0,0,0.6459274433227421,0.3409839564019224,0.6459274433227421,0.3409839564019224,1.0,1,0.6674517625845955,62
4134,3,10596,10596,0,0,0,0,0.6503232338230576,0.3550074318298558,0.6503232338230576,0.3550074318298558,1.0,1,0.6510561101821464,63
4135,1,10597,10597,0,0,0,0,0.6663357544074324,0.3550074318298558,0.6663357544074324,0.3550074318298558,1.0,1,0.6195004253842832,65
4136,1,10598,10598,0,0,0,0,0.6661694158263723,0.36837846863879914,0.6661694158263723,0.36837846863879914,1.0,1,0.6158335185604682,65
4137,2,10600,10600,0,0,0,0,0.6580918228360839,0.36837846863879914,0.6580918228360839,0.36837846863879914,1.0,1,0.6129005617443741,66
4138,1,10601,10601,0,0,0,0,0.6631949299579335,0.36837846863879914,0.6631949299579335,0.36837846863879914,1.0,1,0.5992337519684129,67
4139,6,10607,10607,0,0,0,0,0.6882042080167702,0.36837846863879914,0.6882042080167702,0.36837846863879914,1.0,1,0.5789457955146576,67
4140,1,10608,10608,0,0,0,0,0.6998411650489735,0.3849789658516675,0.6998411650489735,0.3849789658516675,1.0,1,0.5742337259798288,66
4141,2,10610,10610,0,0,0,0,0.6899883453244963,0.3849789658516675,0.6899883453244963,0.3849789658516675,1.0,1,0.5666095517488233,67
4142,4,10614,10614,0,0,0,0,0.6899883453244963,0.3849789658516675,0.6899883453244963,0.3849789658516675,1.0,1,0.5756448176625752,67
4143,5,10619,10619,0,0,0,0,0.7130529480173776,0.4014472894701015,0.7130529480173776,0.4014472894701015,1.0,1,0.568302864570649,66
4144,5,10624,10624,0,0,0,0,0.7072690313542723,0.42291449984946405,0.7072690313542723,0.42291449984946405,1.0,1,0.5934504018706999,64
4145,4,10628,10628,0,0,0,0,0.6875850231687025,0.44564814546380765,0.6875850231687025,0.44564814546380765,1.0,1,0.599464209789492,63
4146,8,10636,10636,0,0,0,0,0.6701903549084348,0.43792469352148805,0.6701903549084348,0.43792469352148805,1.0,1,0.6207946627963865,62
4147,6,10642,10642,0,0,0,0,0.6382916619390233,0.4421114110094642,0.6382916619390233,0.4421114110094642,1.0,1,0.6441482739792904,60
4148,2,10644,10644,0,0,0,0,0.6310812329197273,0.4295203678121158,0.6310812329197273,0.4295203678121158,1.0,1,0.639211269817528,62
4149,4,10648,10648,0,0,0,0,0.6397258569026308,0.39649244262887057,0.6397258569026308,0.39649244262887057,1.0,1,0.6459171501216572,61
4150,0,10648,10648,0,0,0,0,0.633721287851008,0.39649244262887057,0.633721287851008,0.39649244262887057,1.0,1,0.6539528799284765,60
4151,1,10649,10649,0,0,0,0,0.6469373284799323,0.39649244262887057,0.6469373284799323,0.39649244262887057,1.0,1,0.6500076908627657,60
4152,1,10650,10650,0,0,0,0,0.6469373284799322,0.39649244262887057,0.6469373284799322,0.39649244262887057,1.0,1,0.6584213993481379,60
4153,0,10650,10650,0,0,0,0,0.6551369640059359,0.39649244262887057,0.6551369640059359,0.39649244262887057,1.0,1,0.6654440168248965,58
4154,3,10653,10653,0,0,0,0,0.6337446227423771,0.42319397723268076,0.6337446227423771,0.42319397723268076,1.0,1,0.671328058558804,57
4155,2,10655,10655,0,0,0,0,0.6019913416818533,0.42319397723268076,0.6019913416818533,0.42319397723268076,1.0,1,0.681968861631665,57
4156,1,10656,10656,0,0,0,0,0.591604449092735,0.4293076329330831,0.591604449092735,0.4293076329330831,1.0,1,0.6803182988262052,58
4157,3,10659,10659,0,0,0,0,0.6080554447305694,0.4293076329330831,0.6080554447305694,0.4293076329330831,1.0,1,0.6744997565928011,57
4158,3,10662,10662,0,0,0,0,0.6144728486425712,0.4293076329330831,0.6144728486425712,0.4293076329330831,1.0,1,0.6857733078523075,55
4159,3,10665,10665,0,0,0,0,0.5888175913790783,0.41537872716577195,0.5888175913790783,0.41537872716577195,1.0,1,0.6970241637144785,57
4160,2,10667,10667,0,0,0,0,0.6120878850666215,0.3968330985274765,0.6120878850666215,0.3968330985274765,1.0,1,0.6925461436483539,58
4161,2,10669,10669,0,0,0,0,0.6204888996119247,0.38653735755934326,0.6204888996119247,0.38653735755934326,1.0,1,0.6924929500542044,58
4162,2,10671,10671,0,0,0,0,0.64566124191187,0.38653735755934326,0.64566124191187,0.38653735755934326,1.0,1,0.6860784956878592,57
4163,2,10673,10673,0,0,0,0,0.6700070196709286,0.38653735755934326,0.6700070196709286,0.38653735755934326,1.0,1,0.6638511323133869,58
4164,1,10674,10674,0,0,0,0,0.6702900234634223,0.38653735755934326,0.6702900234634223,0.38653735755934326,1.0,1,0.6731758136011066,56
4165,2,10676,10676,0,0,0,0,0.6943172480548302,0.40678101213087353,0.6943172480548302,0.40678101213087353,1.0,1,0.6454071530688634,58
4166,4,10680,10680,0,0,0,0,0.7069351018765209,0.40678101213087353,0.7069351018765209,0.40678101213087353,1.0,1,0.6203500144067579,57
4167,1,10681,10681,0,0,0,0,0.7203188803279972,0.426089343189315,0.7203188803279972,0.426089343189315,1.0,1,0.6113981759552479,57
4168,5,10686,10686,0,0,0,0,0.742729705567624,0.426089343189315,0.742729705567624,0.426089343189315,1.0,1,0.5595193011418366,58
4169,0,10686,10686,0,0,0,0,0.742729705567624,0.426089343189315,0.742729705567624,0.426089343189315,1.0,1,0.5595193011418366,58
4170,1,10687,10687,0,0,0,0,0.721961967060053,0.426089343189315,0.721961967060053,0.426089343189315,1.0,1,0.5675477528927901,58
4171,1,10688,10688,0,0,0,0,0.7170841068330366,0.426089343189315,0.7170841068330366,0.426089343189315,1.0,1,0.5791341445034143,57
4172,5,10693,10693,0,0,0,0,0.7382161916302139,0.426089343189315,0.7382161916302139,0.426089343189315,1.0,1,0.5543655578583206,57
4173,4,10697,10697,0,0,0,0,0.7501971190023281,0.46905704727057823,0.7501971190023281,0.46905704727057823,1.0,1,0.5804328472014296,56
4174,5,10702,10702,0,0,0,0,0.7098261823653665,0.4510286021790853,0.7098261823653665,0.4510286021790853,1.0,1,0.6163455857737292,56
4175,1,10703,10703,0,0,0,0,0.705182557542718,0.4714368623193004,0.705182557542718,0.4714368623193004,1.0,1,0.6279673724495989,55
4176,3,10706,10706,0,0,0,0,0.6969684542168152,0.49054248582169224,0.6969684542168152,0.49054248582169224,1.0,1,0.6321059404254481,57
4177,3,10709,10709,0,0,0,0,0.7123971951561904,0.4872005519882492,0.7123971951561904,0.4872005519882492,1.0,1,0.6141249279183184,58
4178,3,10712,10712,0,0,0,0,0.6864465293791383,0.4588222457649222,0.6864465293791383,0.4588222457649222,1.0,1,0.6139802072180598,60
4179,2,10714,10714,0,0,0,0,0.7099519819541306,0.4588222457649222,0.7099519819541306,0.4588222457649222,1.0,1,0.5837345459173869,61
4180,2,10716,10716,0,0,0,0,0.7292521490222552,0.4588222457649222,0.7292521490222552,0.4588222457649222,1.0,1,0.5567692656805123,62
4181,2,10718,10718,0,0,0,0,0.7060335970592878,0.4588222457649222,0.7060335970592878,0.4588222457649222,1.0,1,0.5734547347227896,63
4182,2,10720,10720,0,0,0,0,0.7060335970592878,0.4588222457649222,0.7060335970592878,0.4588222457649222,1.0,1,0.5875442712989756,63
4183,2,10722,10722,0,0,0,0,0.7077925766457459,0.4732940309135319,0.7077925766457459,0.4732940309135319,1.0,1,0.5900642121878985,63
4184,1,10723,10723,0,0,0,0,0.6922677280041853,0.4648212729250106,0.6922677280041853,0.4648212729250106,1.0,1,0.5978465572760416,63
4185,4,10727,10727,0,0,0,0,0.6800285020284078,0.4671250437258275,0.6800285020284078,0.4671250437258275,1.0,1,0.6092649625749732,61
4186,3,10730,10730,0,0,0,0,0.6518996872794374,0.482245308955842,0.6518996872794374,0.482245308955842,1.0,1,0.6143154628158163,62
4187,6,10736,10736,0,0,0,0,0.6723334389183293,0.5372527426551453,0.6723334389183293,0.5372527426551453,1.0,1,0.5884522650790218,60
4188,3,10739,10739,0,0,0,0,0.6556401942192868,0.5372527426551453,0.6556401942192868,0.5372527426551453,1.0,1,0.5955453106749714,60
4189,2,10741,10741,0,0,0,0,0.6583122179141518,0.5372527426551453,0.6583122179141518,0.5372527426551453,1.0,1,0.5844704896120634,60
4190,5,10746,10746,0,0,0,0,0.6477952900300468,0.5515105671045952,0.6477952900300468,0.5515105671045952,1.0,1,0.6038751629149794,61
4191,1,10747,10747,0,0,0,0,0.688546685574936,0.5637683246941858,0.688546685574936,0.5637683246941858,1.0,1,0.589428721788953,59
4192,6,10753,10753,0,0,0,0,0.6986391547890073,0.5637683246941858,0.6986391547890073,0.5637683246941858,1.0,1,0.5949739758369944,58
4193,0,10753,10753,0,0,0,0,0.7077410162334441,0.5637683246941858,0.7077410162334441,0.5637683246941858,1.0,1,0.5969591966853681,57
4194,2,10755,10755,0,0,0,0,0.7229068524420823,0.529612796601594,0.7229068524420823,0.529612796601594,1.0,1,0.6163083185161836,54
4195,5,10760,10760,0,0,0,0,0.7281915885624424,0.4860497447970851,0.7281915885624424,0.4860497447970851,1.0,1,0.6137371042110452,55
4196,1,10761,10761,0,0,0,0,0.7427464386415067,0.5146656693573294,0.7427464386415067,0.5146656693573294,1.0,1,0.5930932697259547,56
4197,4,10765,10765,0,0,0,0,0.7409244287429295,0.4938533309117039,0.7409244287429295,0.4938533309117039,1.0,1,0.6043265871471732,55
4198,1,10766,10766,0,0,0,0,0.7487508439512672,0.472650309394458,0.7487508439512672,0.472650309394458,1.0,1,0.5849934239310565,56
4199,2,10768,10768,0,0,0,0,0.7638879001884664,0.472650309394458,0.7638879001884664,0.472650309394458,1.0,1,0.5624620842540667,55
4200,0,10768,10768,0,0,0,0,0.7638879001884663,0.472650309394458,0.7638879001884663,0.472650309394458,1.0,1,0.562546285413075,55
4201,1,10769,10769,0,0,0,0,0.7458754811596101,0.472650309394458,0.7458754811596101,0.472650309394458,1.0,1,0.5707192855429154,56
4202,3,10772,10772,0,0,0,0,0.7493147474529182,0.49604132206071483,0.7493147474529182,0.49604132206071483,1.0,1,0.5638369103788594,56
4203,3,10775,10775,0,0,0,0,0.7081658933494573,0.49394759701505486,0.7081658933494573,0.49394759701505486,1.0,1,0.5871232844284047,57
4204,2,10777,10777,0,0,0,0,0.6673500451742936,0.49394759701505486,0.6673500451742936,0.49394759701505486,1.0,1,0.621858017616101,57
4205,1,10778,10778,0,0,0,0,0.6883604258513789,0.49394759701505486,0.6883604258513789,0.49394759701505486,1.0,1,0.5985356719514962,58
4206,3,10781,10781,0,0,0,0,0.6364715025638008,0.49394759701505486,0.6364715025638008,0.49394759701505486,1.0,1,0.6453330200816233,58
4207,2,10783,10783,0,0,0,0,0.6746217125529204,0.49394759701505486,0.6746217125529204,0.49394759701505486,1.0,1,0.6279164288658652,58
4208,0,10783,10783,0,0,0,0,0.6692197386784788,0.4726374786343412,0.6692197386784788,0.4726374786343412,1.0,1,0.6199864715306249,60
4209,4,10787,10787,0,0,0,0,0.6691879566056329,0.4257459608337916,0.6691879566056329,0.4257459608337916,1.0,1,0.6345215937233036,61
4210,2,10789,10789,0,0,0,0,0.7073217611174337,0.4257459608337916,0.7073217611174337,0.4257459608337916,1.0,1,0.6021848032528483,62
4211,0,10789,10789,0,0,0,0,0.6926674595542277,0.4257459608337916,0.6926674595542277,0.4257459608337916,1.0,1,0.5991545890909582,63
4212,1,10790,10790,0,0,0,0,0.6970531815719542,0.4118596278097432,0.6970531815719542,0.4118596278097432,1.0,1,0.5873491438876741,64
4213,0,10790,10790,0,0,0,0,0.7017139018554625,0.4118596278097432,0.7017139018554625,0.4118596278097432,1.0,1,0.5719006021748103,65
4214,0,10790,10790,0,0,0,0,0.6993797834054639,0.4321340938265255,0.6993797834054639,0.4321340938265255,1.0,1,0.5636736168566249,65
4215,0,10790,10790,0,0,0,0,0.6993797834054639,0.4321340938265255,0.6993797834054639,0.4321340938265255,1.0,1,0.5636736168566249,65
4216,0,10790,10790,0,0,0,0,0.6946825925211743,0.4321340938265255,0.6946825925211743,0.4321340938265255,1.0,1,0.5703594726997965,64
4217,4,10794,10794,0,0,0,0,0.6530793054819116,0.4321340938265255,0.6530793054819116,0.4321340938265255,1.0,1,0.5940888520630268,65
4218,3,10797,10797,0,0,0,0,0.6475929175641144,0.4321340938265255,0.6475929175641144,0.4321340938265255,1.0,1,0.6010994661414928,65
4219,5,10802,10802,0,0,0,0,0.6316990834092566,0.41206772679922005,0.6316990834092566,0.41206772679922005,1.0,1,0.6242708960679657,65
4220,4,10806,10806,0,0,0,0,0.6194046696656563,0.41206772679922005,0.6194046696656563,0.41206772679922005,1.0,1,0.6335001133598969,65
4221,5,10811,10811,0,0,0,0,0.6039689425707727,0.36726891428609565,0.6039689425707727,0.36726891428609565,1.0,1,0.6523973363525777,67
4222,2,10813,10813,0,0,0,0,0.5973857094874087,0.36726891428609565,0.5973857094874087,0.36726891428609565,1.0,1,0.6495425947972739,68
4223,2,10815,10815,0,0,0,0,0.5862512020558763,0.35730261198005686,0.5862512020558763,0.35730261198005686,1.0,1,0.6551239668342225,68
4224,1,10816,10816,0,0,0,0,0.5866884416430231,0.3456362494772072,0.5866884416430231,0.3456362494772072,1.0,1,0.6612733596180239,68
4225,0,10816,10816,0,0,0,0,0.5902334504206745,0.35964417863293685,0.5902334504206745,0.35964417863293685,1.0,1,0.66448035535518,66
4226,0,10816,10816,0,0,0,0,0.5902334504206747,0.35964417863293685,0.5902334504206747,0.35964417863293685,1.0,1,0.6641672972504146,66
4227,0,10816,10816,0,0,0,0,0.5902334504206747,0.35964417863293685,0.5902334504206747,0.35964417863293685,1.0,1,0.6641672972504146,66
4228,0,10816,10816,0,0,0,0,0.6031737857879483,0.35964417863293685,0.6031737857879483,0.35964417863293685,1.0,1,0.6685918210210661,65
4229,1,10817,10817,0,0,0,0,0.6225653276986961,0.35964417863293685,0.6225653276986961,0.35964417863293685,1.0,1,0.6610239093830901,65
4230,2,10819,10819,0,0,0,0,0.5989280922061299,0.35964417863293685,0.5989280922061299,0.35964417863293685,1.0,1,0.6784239190958924,64
4231,0,10819,10819,0,0,0,0,0.5933481597489161,0.35964417863293685,0.5933481597489161,0.35964417863293685,1.0,1,0.6769978276561281,64
4232,2,10821,10821,0,0,0,0,0.5642773539370857,0.35964417863293685,0.5642773539370857,0.35964417863293685,1.0,1,0.6871118828746131,65
4233,0,10821,10821,0,0,0,0,0.5746536451558943,0.35964417863293685,0.5746536451558943,0.35964417863293685,1.0,1,0.6913079063171266,64
4234,1,10822,10822,0,0,0,0,0.5596726003208945,0.35964417863293685,0.5596726003208945,0.35964417863293685,1.0,1,0.7021835725180697,63
4235,4,10826,10826,0,0,0,0,0.525504919095936,0.35964417863293685,0.525504919095936,0.35964417863293685,1.0,1,0.7223574548489954,63
4236,3,10829,10829,0,0,0,0,0.5465875344090791,0.35964417863293685,0.5465875344090791,0.35964417863293685,1.0,1,0.7110020114115452,63
4237,2,10831,10831,0,0,0,0,0.5418372221700551,0.3443924362747702,0.5418372221700551,0.3443924362747702,1.0,1,0.7082849169930706,65
4238,3,10834,10834,0,0,0,0,0.5521945386461361,0.3443924362747702,0.5521945386461361,0.3443924362747702,1.0,1,0.7016248674982466,65
4239,0,10834,10834,0,0,0,0,0.5521945386461361,0.3443924362747702,0.5521945386461361,0.3443924362747702,1.0,1,0.7016248674982466,65
4240,1,10835,10835,0,0,0,0,0.5766559539226034,0.3443924362747702,0.5766559539226034,0.3443924362747702,1.0,1,0.680226638112714,66
4241,1,10836,10836,0,0,0,0,0.5780402441651474,0.3443924362747702,0.5780402441651474,0.3443924362747702,1.0,1,0.6773237196412364,66
4242,0,10836,10836,0,0,0,0,0.5786299137235673,0.3443924362747702,0.5786299137235673,0.3443924362747702,1.0,1,0.652389371400521,69
4243,0,10836,10836,0,0,0,0,0.5661682892835722,0.3337674445203513,0.5661682892835722,0.3337674445203513,1.0,1,0.6536379196770057,71
4244,0,10836,10836,0,0,0,0,0.5661682892835722,0.3337674445203513,0.5661682892835722,0.3337674445203513,1.0,1,0.6536379196770057,71
4245,0,10836,10836,0,0,0,0,0.5657470028762653,0.3265116703426449,0.5657470028762653,0.3265116703426449,1.0,1,0.6477034871343812,73
4246,0,10836,10836,0,0,0,0,0.5716152866211807,0.3265116703426449,0.5716152866211807,0.3265116703426449,1.0,1,0.6405130645365568,74
4247,3,10839,10839,0,0,0,0,0.5528730856433919,0.3265116703426449,0.5528730856433919,0.3265116703426449,1.0,1,0.6535529443026343,74
4248,1,10840,10840,0,0,0,0,0.5516234288546421,0.3402300324856127,0.5516234288546421,0.3402300324856127,1.0,1,0.6496654831325431,74
4249,2,10842,10842,0,0,0,0,0.5503535177866864,0.3402300324856127,0.5503535177866864,0.3402300324856127,1.0,1,0.6506927610741008,74
4250,4,10846,10846,0,0,0,0,0.5511259622766964,0.3387393121843262,0.5511259622766964,0.3387393121843262,1.0,1,0.6436680826788597,74
4251,4,10850,10850,0,0,0,0,0.5407828560663436,0.34455972991910594,0.5407828560663436,0.34455972991910594,1.0,1,0.6424053954039742,75
4252,4,10854,10854,0,0,0,0,0.5547415972988968,0.35585586756305265,0.5547415972988968,0.35585586756305265,1.0,1,0.6306791475677435,75
4253,4,10858,10858,0,0,0,0,0.5729338225576922,0.35585586756305265,0.5729338225576922,0.35585586756305265,1.0,1,0.6175110907232229,76
4254,6,10864,10864,0,0,0,0,0.5719269353713936,0.36120879356699437,0.5719269353713936,0.36120879356699437,1.0,1,0.6203409512529404,75
4255,1,10865,10865,0,0,0,0,0.5872896061844728,0.36120879356699437,0.5872896061844728,0.36120879356699437,1.0,1,0.6099066581138914,76
4256,2,10867,10867,0,0,0,0,0.5965354591334731,0.3751001484452935,0.5965354591334731,0.3751001484452935,1.0,1,0.5862575950525772,78
4257,6,10873,10873,0,0,0,0,0.5875820012554993,0.38887994397824144,0.5875820012554993,0.38887994397824144,1.0,1,0.5904480167166375,78
4258,4,10877,10877,0,0,0,0,0.5691179908338352,0.3766114848551254,0.5691179908338352,0.3766114848551254,1.0,1,0.5966640483169271,77
4259,5,10882,10882,0,0,0,0,0.5627618297695307,0.36650234962055755,0.5627618297695307,0.36650234962055755,1.0,1,0.6022951437126214,78
4260,1,10883,10883,0,0,0,0,0.55708341197433,0.36650234962055755,0.55708341197433,0.36650234962055755,1.0,1,0.6045427024443816,77
4261,4,10887,10887,0,0,0,0,0.5512555621318868,0.36650234962055755,0.5512555621318868,0.36650234962055755,1.0,1,0.6200297700304648,76
4262,3,10890,10890,0,0,0,0,0.5475935332271075,0.38283422606010337,0.5475935332271075,0.38283422606010337,1.0,1,0.6168323132137046,75
4263,5,10895,10895,0,0,0,0,0.5665979456404975,0.3833585552419251,0.5665979456404975,0.3833585552419251,1.0,1,0.6165214701603671,74
4264,2,10897,10897,0,0,0,0,0.5543574208332803,0.36856776876978603,0.5543574208332803,0.36856776876978603,1.0,1,0.6342014892229147,74
4265,2,10899,10899,0,0,0,0,0.5732939190009538,0.36856776876978603,0.5732939190009538,0.36856776876978603,1.0,1,0.6383466477019054,73
4266,3,10902,10902,0,0,0,0,0.560294332184813,0.36856776876978603,0.560294332184813,0.36856776876978603,1.0,1,0.6603677360623769,71
4267,1,10903,10903,0,0,0,0,0.5744649920476625,0.39675861686580044,0.5744649920476625,0.39675861686580044,1.0,1,0.64988037292945,69
4268,4,10907,10907,0,0,0,0,0.5428909360043673,0.4415845715109163,0.5428909360043673,0.4415845715109163,1.0,1,0.6562302896058195,67
4269,2,10909,10909,0,0,0,0,0.5561669141339225,0.4404472846083412,0.5561669141339225,0.4404472846083412,1.0,1,0.6736146370217636,64
4270,3,10912,10912,0,0,0,0,0.5622975173880869,0.4404472846083412,0.5622975173880869,0.4404472846083412,1.0,1,0.6548403423328408,63
4271,2,10914,10914,0,0,0,0,0.5606045253806036,0.42138406277183615,0.5606045253806036,0.42138406277183615,1.0,1,0.6595121070550909,63
4272,1,10915,10915,0,0,0,0,0.5912297228820268,0.4007311028194859,0.5912297228820268,0.4007311028194859,1.0,1,0.6618169304134967,62
4273,0,10915,10915,0,0,0,0,0.5912297228820268,0.4007311028194859,0.5912297228820268,0.4007311028194859,1.0,1,0.6618169304134967,62
4274,2,10917,10917,0,0,0,0,0.6198626014703833,0.3884315524789312,0.6198626014703833,0.3884315524789312,1.0,1,0.6515166398425462,62
4275,0,10917,10917,0,0,0,0,0.6316839005568159,0.3884315524789312,0.6316839005568159,0.3884315524789312,1.0,1,0.6555525467540048,61
4276,2,10919,10919,0,0,0,0,0.6371437028322502,0.4026983017171745,0.6371437028322502,0.4026983017171745,1.0,1,0.6427219943862466,62
4277,2,10921,10921,0,0,0,0,0.6275248460191679,0.41349734171377245,0.6275248460191679,0.41349734171377245,1.0,1,0.6407218331169665,63
4278,1,10922,10922,0,0,0,0,0.6193531168239274,0.41349734171377245,0.6193531168239274,0.41349734171377245,1.0,1,0.6415196438099298,64
4279,6,10928,10928,0,0,0,0,0.6322656324058074,0.3809076044125475,0.6322656324058074,0.3809076044125475,1.0,1,0.6329417101640882,65
4280,2,10930,10930,0,0,0,0,0.6455296092454225,0.39952031640156466,0.6455296092454225,0.39952031640156466,1.0,1,0.6153291773586693,65
4281,5,10935,10935,0,0,0,0,0.6412000748074778,0.41661651726958665,0.6412000748074778,0.41661651726958665,1.0,1,0.6091486346665145,65
4282,2,10937,10937,0,0,0,0,0.6321005866095922,0.40396185579872457,0.6321005866095922,0.40396185579872457,1.0,1,0.6124112492693824,66
4283,4,10941,10941,0,0,0,0,0.6180010297925904,0.41434328977026297,0.6180010297925904,0.41434328977026297,1.0,1,0.6177845188104977,66
4284,4,10945,10945,0,0,0,0,0.6031249584500677,0.40570289958612205,0.6031249584500677,0.40570289958612205,1.0,1,0.6390592964762346,66
4285,2,10947,10947,0,0,0,0,0.5947487985357384,0.3901988222433565,0.5947487985357384,0.3901988222433565,1.0,1,0.6486124016981181,67
4286,2,10949,10949,0,0,0,0,0.578387709150917,0.3901988222433565,0.578387709150917,0.3901988222433565,1.0,1,0.6643527596287739,67
4287,0,10949,10949,0,0,0,0,0.578387709150917,0.3901988222433565,0.578387709150917,0.3901988222433565,1.0,1,0.6643527596287739,67
4288,2,10951,10951,0,0,0,0,0.5879864510645949,0.3901988222433565,0.5879864510645949,0.3901988222433565,1.0,1,0.6498578182074529,68
4289,1,10952,10952,0,0,0,0,0.6010324399571214,0.41451582777386803,0.6010324399571214,0.41451582777386803,1.0,1,0.6409835216523255,68
4290,2,10954,10954,0,0,0,0,0.6027007563193194,0.41451582777386803,0.6027007563193194,0.41451582777386803,1.0,1,0.6294117148597457,70
4291,1,10955,10955,0,0,0,0,0.5953204728427698,0.41451582777386803,0.5953204728427698,0.41451582777386803,1.0,1,0.6288399201554851,71
4292,2,10957,10957,0,0,0,0,0.5939230039644565,0.41451582777386803,0.5939230039644565,0.41451582777386803,1.0,1,0.6222738220082986,71
4293,2,10959,10959,0,0,0,0,0.5920686450713788,0.41451582777386803,0.5920686450713788,0.41451582777386803,1.0,1,0.6207578508324815,71
4294,4,10963,10963,0,0,0,0,0.5929403341710424,0.39441721451356837,0.5929403341710424,0.39441721451356837,1.0,1,0.6252297776494503,71
4295,2,10965,10965,0,0,0,0,0.5848643861291036,0.3791439039631549,0.5848643861291036,0.3791439039631549,1.0,1,0.6302941038626682,72
4296,5,10970,10970,0,0,0,0,0.5599534443205442,0.35694182340618547,0.5599534443205442,0.35694182340618547,1.0,1,0.6451761262958486,73
4297,4,10974,10974,0,0,0,0,0.5367198559322854,0.343169635206265,0.5367198559322854,0.343169635206265,1.0,1,0.6608855652948797,73
4298,3,10977,10977,0,0,0,0,0.5284742790810529,0.3241305376074684,0.5284742790810529,0.3241305376074684,1.0,1,0.66239675108646,74
4299,1,10978,10978,0,0,0,0,0.5347612886933055,0.3241305376074684,0.5347612886933055,0.3241305376074684,1.0,1,0.6522892555910353,75
4300,3,10981,10981,0,0,0,0,0.5358621290371667,0.3134269248819631,0.5358621290371667,0.3134269248819631,1.0,1,0.6688302046251902,75
4301,1,10982,10982,0,0,0,0,0.5423273709554645,0.3134269248819631,0.5423273709554645,0.3134269248819631,1.0,1,0.6670518611571298,76
4302,1,10983,10983,0,0,0,0,0.5534403003215839,0.3134269248819631,0.5534403003215839,0.3134269248819631,1.0,1,0.6625393552951281,76
4303,1,10984,10984,0,0,0,0,0.5617481658778924,0.3134269248819631,0.5617481658778924,0.3134269248819631,1.0,1,0.6652562372064285,75
4304,2,10986,10986,0,0,0,0,0.5827884405762975,0.3134269248819631,0.5827884405762975,0.3134269248819631,1.0,1,0.6516835388068858,75
4305,3,10989,10989,0,0,0,0,0.6032298437629398,0.3252675268471627,0.6032298437629398,0.3252675268471627,1.0,1,0.6383026093148295,73
4306,2,10991,10991,0,0,0,0,0.6076663228995753,0.3388154598342213,0.6076663228995753,0.3388154598342213,1.0,1,0.6249191423872145,74
4307,5,10996,10996,0,0,0,0,0.6571155929610397,0.36011408748339085,0.6571155929610397,0.36011408748339085,1.0,1,0.5916491534458681,73
4308,3,10999,10999,0,0,0,0,0.6868650986947326,0.3724022405041015,0.6868650986947326,0.3724022405041015,1.0,1,0.5745267076039673,71
4309,7,11006,11006,0,0,0,0,0.6833872340087176,0.3748051499276952,0.6833872340087176,0.3748051499276952,1.0,1,0.5757345825294913,70
4310,0,11006,11006,0,0,0,0,0.6901537929847557,0.3748051499276952,0.6901537929847557,0.3748051499276952,1.0,1,0.574728042818287,69
4311,6,11012,11012,0,0,0,0,0.6750877488190594,0.3902144544605218,0.6750877488190594,0.3902144544605218,1.0,1,0.5934939552522028,69
4312,3,11015,11015,0,0,0,0,0.6933349669425053,0.3902144544605218,0.6933349669425053,0.3902144544605218,1.0,1,0.5954034156400638,66
4313,9,11024,11024,0,0,0,0,0.6837629877582168,0.390240290114826,0.6837629877582168,0.390240290114826,1.0,1,0.6083268099996025,64
4314,3,11027,11027,0,0,0,0,0.6726294429620007,0.40686089439577494,0.6726294429620007,0.40686089439577494,1.0,1,0.6205310606073541,61
4315,2,11029,11029,0,0,0,0,0.6845428781997068,0.41908988378446976,0.6845428781997068,0.41908988378446976,1.0,1,0.6174833170745986,61
4316,3,11032,11032,0,0,0,0,0.6671776205344583,0.41908988378446976,0.6671776205344583,0.41908988378446976,1.0,1,0.6253975573173992,60
4317,3,11035,11035,0,0,0,0,0.679106983329581,0.41908988378446976,0.679106983329581,0.41908988378446976,1.0,1,0.6120270139863692,62
4318,6,11041,11041,0,0,0,0,0.7334419470045734,0.41908988378446976,0.7334419470045734,0.41908988378446976,1.0,1,0.6009288378019406,59
4319,2,11043,11043,0,0,0,0,0.7212400082624235,0.40361713336562177,0.7212400082624235,0.40361713336562177,1.0,1,0.6065881320554808,60
4320,7,11050,11050,0,0,0,0,0.712610678575902,0.384165739805504,0.712610678575902,0.384165739805504,1.0,1,0.6077764150562258,60
4321,6,11056,11056,0,0,0,0,0.6864957553473617,0.3625413692063022,0.6864957553473617,0.3625413692063022,1.0,1,0.6024414000204209,61
4322,2,11058,11058,0,0,0,0,0.6845753544113335,0.3586365539697115,0.6845753544113335,0.3586365539697115,1.0,1,0.6041512985093437,61
4323,6,11064,11064,0,0,0,0,0.6840379603073271,0.3575438526248985,0.6840379603073271,0.3575438526248985,1.0,1,0.616400249417088,61
4324,1,11065,11065,0,0,0,0,0.6973022066632625,0.37372870344123266,0.6973022066632625,0.37372870344123266,1.0,1,0.6197336093142108,60
4325,2,11067,11067,0,0,0,0,0.6951881741513714,0.36935484307180294,0.6951881741513714,0.36935484307180294,1.0,1,0.6209893988383923,60
4326,1,11068,11068,0,0,0,0,0.7096241449483899,0.38091833736765696,0.7096241449483899,0.38091833736765696,1.0,1,0.6145701118689346,61
4327,0,11068,11068,0,0,0,0,0.7078136922108497,0.38091833736765696,0.7078136922108497,0.38091833736765696,1.0,1,0.6113358185167054,62
4328,6,11074,11074,0,0,0,0,0.689247727900205,0.39729057099452914,0.689247727900205,0.39729057099452914,1.0,1,0.6163263606355592,62
4329,2,11076,11076,0,0,0,0,0.6871474054776301,0.38014674138239807,0.6871474054776301,0.38014674138239807,1.0,1,0.6048061650494612,65
4330,2,11078,11078,0,0,0,0,0.6892269248882499,0.38014674138239807,0.6892269248882499,0.38014674138239807,1.0,1,0.6024662286507755,65
4331,1,11079,11079,0,0,0,0,0.6875641415359365,0.38014674138239807,0.6875641415359365,0.38014674138239807,1.0,1,0.5989451696820167,65
4332,0,11079,11079,0,0,0,0,0.6922980181793313,0.38014674138239807,0.6922980181793313,0.38014674138239807,1.0,1,0.5930395318731352,66
4333,1,11080,11080,0,0,0,0,0.707089067764162,0.38014674138239807,0.707089067764162,0.38014674138239807,1.0,1,0.5831621207286037,66
4334,3,11083,11083,0,0,0,0,0.7208693999478256,0.41431148836041043,0.7208693999478256,0.41431148836041043,1.0,1,0.5589079525744027,66
4335,2,11085,11085,0,0,0,0,0.7298787117751921,0.42703261073619814,0.7298787117751921,0.42703261073619814,1.0,1,0.5605701343405368,65
4336,0,11085,11085,0,0,0,0,0.7234084999355819,0.42703261073619814,0.7234084999355819,0.42703261073619814,1.0,1,0.552275475959954,67
4337,2,11087,11087,0,0,0,0,0.7054859014841554,0.41230160743367394,0.7054859014841554,0.41230160743367394,1.0,1,0.5624758846928306,69
4338,3,11090,11090,0,0,0,0,0.6686759734880541,0.4014313009580913,0.6686759734880541,0.4014313009580913,1.0,1,0.5774844676722805,70
4339,3,11093,11093,0,0,0,0,0.7002185135847248,0.4014313009580913,0.7002185135847248,0.4014313009580913,1.0,1,0.5734004616301377,70
4340,3,11096,11096,0,0,0,0,0.6708153542201694,0.3999194459391253,0.6708153542201694,0.3999194459391253,1.0,1,0.5808325548622023,71
4341,5,11101,11101,0,0,0,0,0.6644959752001504,0.3999194459391253,0.6644959752001504,0.3999194459391253,1.0,1,0.5957326476361174,70
4342,5,11106,11106,0,0,0,0,0.6403916970868367,0.4024211288053572,0.6403916970868367,0.4024211288053572,1.0,1,0.6126505748457163,71
4343,7,11113,11113,0,0,0,0,0.6585223552219872,0.411815713886813,0.6585223552219872,0.411815713886813,1.0,1,0.6175406046173715,67
4344,4,11117,11117,0,0,0,0,0.6555014504285285,0.39128480978390945,0.6555014504285285,0.39128480978390945,1.0,1,0.6308675002590517,67
4345,9,11126,11126,0,0,0,0,0.6153251202122666,0.3920783640115117,0.6153251202122666,0.3920783640115117,1.0,1,0.640658475505986,64
4346,8,11134,11134,0,0,0,0,0.6073255713588634,0.37922997001935965,0.6073255713588634,0.37922997001935965,1.0,1,0.6438109584074662,64
4347,6,11140,11140,0,0,0,0,0.5936087392512411,0.39699384223906736,0.5936087392512411,0.39699384223906736,1.0,1,0.6507290944201183,62
4348,6,11146,11146,0,0,0,0,0.64116828399176,0.38122211351335167,0.64116828399176,0.38122211351335167,1.0,1,0.6285599338408231,62
4349,3,11149,11149,0,0,0,0,0.6548200738190031,0.3569822756317568,0.6548200738190031,0.3569822756317568,1.0,1,0.6218819715128595,61
4350,4,11153,11153,0,0,0,0,0.6677741757430743,0.3569822756317568,0.6677741757430743,0.3569822756317568,1.0,1,0.6109567987814291,60
4351,0,11153,11153,0,0,0,0,0.6677741757430744,0.3569822756317568,0.6677741757430744,0.3569822756317568,1.0,1,0.6137358050550581,60
4352,2,11155,11155,0,0,0,0,0.6502886060453414,0.3569822756317568,0.6502886060453414,0.3569822756317568,1.0,1,0.6424402556728397,57
4353,4,11159,11159,0,0,0,0,0.6508074239783032,0.379270590791303,0.6508074239783032,0.379270590791303,1.0,1,0.6611984394490676,55
4354,1,11160,11160,0,0,0,0,0.6508074239783032,0.379270590791303,0.6508074239783032,0.379270590791303,1.0,1,0.6706764531417658,55
4355,4,11164,11164,0,0,0,0,0.6775931722828642,0.40589028366474744,0.6775931722828642,0.40589028366474744,1.0,1,0.6510420472240906,53
4356,1,11165,11165,0,0,0,0,0.6882197743770835,0.423926056623727,0.6882197743770835,0.423926056623727,1.0,1,0.6218657276863512,55
4357,3,11168,11168,0,0,0,0,0.7310545133808326,0.4480384095111119,0.7310545133808326,0.4480384095111119,1.0,1,0.587642636099594,55
4358,2,11170,11170,0,0,0,0,0.7259371589923741,0.4480384095111119,0.7259371589923741,0.4480384095111119,1.0,1,0.6160583554181637,55
4359,2,11172,11172,0,0,0,0,0.6855574250602786,0.4480384095111119,0.6855574250602786,0.4480384095111119,1.0,1,0.645230192839654,54
4360,1,11173,11173,0,0,0,0,0.6923179454363241,0.42715832460896425,0.6923179454363241,0.42715832460896425,1.0,1,0.6411642626615005,55
4361,1,11174,11174,0,0,0,0,0.7093803052362411,0.42715832460896425,0.7093803052362411,0.42715832460896425,1.0,1,0.6378858859068947,54
4362,3,11177,11177,0,0,0,0,0.7286800932835896,0.42715832460896425,0.7286800932835896,0.42715832460896425,1.0,1,0.6316066314933286,55
4363,1,11178,11178,0,0,0,0,0.7305649482608797,0.4408360766688074,0.7305649482608797,0.4408360766688074,1.0,1,0.623740378217481,55
4364,1,11179,11179,0,0,0,0,0.7307254353029309,0.45829408503405183,0.7307254353029309,0.45829408503405183,1.0,1,0.6199952437185259,55
4365,2,11181,11181,0,0,0,0,0.7259286894687899,0.49687947528888404,0.7259286894687899,0.49687947528888404,1.0,1,0.6214872886023455,54
4366,3,11184,11184,0,0,0,0,0.759187062151692,0.47711279362396136,0.759187062151692,0.47711279362396136,1.0,1,0.59706335844479,54
4367,3,11187,11187,0,0,0,0,0.780015081698495,0.5089892337076909,0.780015081698495,0.5089892337076909,1.0,1,0.5671667270422647,57
4368,3,11190,11190,0,0,0,0,0.7896472834804781,0.47869109384292413,0.7896472834804781,0.47869109384292413,1.0,1,0.5510629352886617,57
4369,2,11192,11192,0,0,0,0,0.7861326876186029,0.48467832462276633,0.7861326876186029,0.48467832462276633,1.0,1,0.550612916086029,58
4370,3,11195,11195,0,0,0,0,0.7889080720186403,0.48249921015410635,0.7889080720186403,0.48249921015410635,1.0,1,0.5365340706286992,59
4371,1,11196,11196,0,0,0,0,0.7793219190055314,0.48249921015410635,0.7793219190055314,0.48249921015410635,1.0,1,0.5476448086835274,60
4372,0,11196,11196,0,0,0,0,0.7793219190055314,0.48249921015410635,0.7793219190055314,0.48249921015410635,1.0,1,0.5476448086835274,60
4373,1,11197,11197,0,0,0,0,0.7696198601860093,0.48249921015410635,0.7696198601860093,0.48249921015410635,1.0,1,0.5629550536288556,60
4374,1,11198,11198,0,0,0,0,0.7609870667539226,0.48249921015410635,0.7609870667539226,0.48249921015410635,1.0,1,0.5786281141907207,59
4375,2,11200,11200,0,0,0,0,0.7316844930681508,0.4678645634263996,0.7316844930681508,0.4678645634263996,1.0,1,0.5662737655604702,60
4376,4,11204,11204,0,0,0,0,0.7659074886215449,0.4678645634263996,0.7659074886215449,0.4678645634263996,1.0,1,0.5674591467574207,60
4377,2,11206,11206,0,0,0,0,0.7516915973641389,0.44509950576613494,0.7516915973641389,0.44509950576613494,1.0,1,0.5834707791987824,61
4378,6,11212,11212,0,0,0,0,0.7498060945413625,0.4069477796535999,0.7498060945413625,0.4069477796535999,1.0,1,0.5716566049749069,64
4379,5,11217,11217,0,0,0,0,0.7320274705746342,0.3950999876198021,0.7320274705746342,0.3950999876198021,1.0,1,0.5825258657797914,64
4380,3,11220,11220,0,0,0,0,0.6942094868344258,0.37614109943376256,0.6942094868344258,0.37614109943376256,1.0,1,0.6004901359763404,65
4381,4,11224,11224,0,0,0,0,0.6604926734150165,0.3490856014913114,0.6604926734150165,0.3490856014913114,1.0,1,0.6157525529072178,64
4382,3,11227,11227,0,0,0,0,0.6115296634890458,0.33749429933527386,0.6115296634890458,0.33749429933527386,1.0,1,0.6468546734192155,64
4383,2,11229,11229,0,0,0,0,0.6244798734580829,0.3595962825570404,0.6244798734580829,0.3595962825570404,1.0,1,0.6390868686232082,64
4384,2,11231,11231,0,0,0,0,0.5979903771989784,0.3595962825570404,0.5979903771989784,0.3595962825570404,1.0,1,0.6962657158890034,60
4385,5,11236,11236,0,0,0,0,0.6306612696115185,0.37010976573435495,0.6306612696115185,0.37010976573435495,1.0,1,0.6726231711226522,58
4386,0,11236,11236,0,0,0,0,0.6533605926647279,0.37010976573435495,0.6533605926647279,0.37010976573435495,1.0,1,0.659421082467377,58
4387,4,11240,11240,0,0,0,0,0.74565668324822,0.44044470314608397,0.74565668324822,0.44044470314608397,1.0,1,0.6211789972693567,55
4388,1,11241,11241,0,0,0,0,0.7189283485205035,0.4241558650750391,0.7189283485205035,0.4241558650750391,1.0,1,0.6458688117724007,56
4389,4,11245,11245,0,0,0,0,0.6915976142687333,0.3942095994564406,0.6915976142687333,0.3942095994564406,1.0,1,0.6226990006249034,55
4390,6,11251,11251,0,0,0,0,0.6915314337973392,0.3940796021019161,0.6915314337973392,0.3940796021019161,1.0,1,0.6486953327017286,55
4391,0,11251,11251,0,0,0,0,0.6970398010509581,0.3940796021019161,0.6970398010509581,0.3940796021019161,1.0,1,0.6423977616161786,56
4392,2,11253,11253,0,0,0,0,0.683522137821085,0.3940796021019161,0.683522137821085,0.3940796021019161,1.0,1,0.6655992664196226,56
4393,1,11254,11254,0,0,0,0,0.6777679948723773,0.3940796021019161,0.6777679948723773,0.3940796021019161,1.0,1,0.6749567316472416,55
4394,2,11256,11256,0,0,0,0,0.7414705434482021,0.45191755211018814,0.7414705434482021,0.45191755211018814,1.0,1,0.6497697442382807,53
4395,1,11257,11257,0,0,0,0,0.7414705434482021,0.45191755211018814,0.7414705434482021,0.45191755211018814,1.0,1,0.638720400095584,53
4396,2,11259,11259,0,0,0,0,0.7588611520913019,0.46748504420162507,0.7588611520913019,0.46748504420162507,1.0,1,0.6163737726716828,53
4397,0,11259,11259,0,0,0,0,0.7626974578896396,0.4841249084557383,0.7626974578896396,0.4841249084557383,1.0,1,0.6238162313513828,50
4398,4,11263,11263,0,0,0,0,0.8087061293580677,0.5445384032334946,0.8087061293580677,0.5445384032334946,1.0,1,0.5985367656452704,50
4399,0,11263,11263,0,0,0,0,0.7940092779877924,0.5131128388802363,0.7940092779877924,0.5131128388802363,1.0,1,0.5956215794105835,52
4400,2,11265,11265,0,0,0,0,0.7834213304310024,0.5080882483813324,0.7834213304310024,0.5080882483813324,1.0,1,0.5898957495482673,55
4401,1,11266,11266,0,0,0,0,0.7872888066733059,0.5080882483813324,0.7872888066733059,0.5080882483813324,1.0,1,0.5696312079359794,56
4402,2,11268,11268,0,0,0,0,0.7712760464824603,0.49048812581312895,0.7712760464824603,0.49048812581312895,1.0,1,0.5874289177635148,56
4403,0,11268,11268,0,0,0,0,0.7752887474213646,0.49048812581312895,0.7752887474213646,0.49048812581312895,1.0,1,0.5779547302109636,57
4404,1,11269,11269,0,0,0,0,0.7910205819948268,0.5080882483813324,0.7910205819948268,0.5080882483813324,1.0,1,0.5719501006167935,57
4405,1,11270,11270,0,0,0,0,0.7946236754087092,0.5080882483813324,0.7946236754087092,0.5080882483813324,1.0,1,0.5672167764070201,58
4406,2,11272,11272,0,0,0,0,0.794623675408709,0.5080882483813324,0.794623675408709,0.5080882483813324,1.0,1,0.5685459985047173,58
4407,0,11272,11272,0,0,0,0,0.7946236754087092,0.5080882483813324,0.7946236754087092,0.5080882483813324,1.0,1,0.5685459985047173,58
4408,0,11272,11272,0,0,0,0,0.7848472390200494,0.5080882483813324,0.7848472390200494,0.5080882483813324,1.0,1,0.5697967464643133,59
4409,0,11272,11272,0,0,0,0,0.7848472390200494,0.5080882483813324,0.7848472390200494,0.5080882483813324,1.0,1,0.5697967464643133,59
4410,0,11272,11272,0,0,0,0,0.7848472390200494,0.5080882483813324,0.7848472390200494,0.5080882483813324,1.0,1,0.5697967464643133,59
4411,0,11272,11272,0,0,0,0,0.7713272489511666,0.5080882483813324,0.7713272489511666,0.5080882483813324,1.0,1,0.5566025481226831,62
4412,1,11273,11273,0,0,0,0,0.7703979087228597,0.5258778025897084,0.7703979087228597,0.5258778025897084,1.0,1,0.5466261572164198,63
4413,2,11275,11275,0,0,0,0,0.7864533050774138,0.5527461912360393,0.7864533050774138,0.5527461912360393,1.0,1,0.5280104985035875,63
4414,1,11276,11276,0,0,0,0,0.7554269854947415,0.5527461912360393,0.7554269854947415,0.5527461912360393,1.0,1,0.5346002118820851,64
4415,3,11279,11279,0,0,0,0,0.7862938748353256,0.6128002634732316,0.7862938748353256,0.6128002634732316,1.0,1,0.5078304414942889,64
4416,1,11280,11280,0,0,0,0,0.8006680947556368,0.6441385186716521,0.8006680947556368,0.6441385186716521,1.0,1,0.49876221003007193,64
4417,1,11281,11281,0,0,0,0,0.8076961431682572,0.6592850622937675,0.8076961431682572,0.6592850622937675,1.0,1,0.49142123857173403,65
4418,2,11283,11283,0,0,0,0,0.7936242166162268,0.6592850622937675,0.7936242166162268,0.6592850622937675,1.0,1,0.49629165965680416,65
4419,2,11285,11285,0,0,0,0,0.7936781864149306,0.6141205367300882,0.7936781864149306,0.6141205367300882,1.0,1,0.5308101068604485,62
4420,3,11288,11288,0,0,0,0,0.7610603445872546,0.5858721949088527,0.7610603445872546,0.5858721949088527,1.0,1,0.5531530094667853,62
4421,2,11290,11290,0,0,0,0,0.7391645086861309,0.5596679737844069,0.7391645086861309,0.5596679737844069,1.0,1,0.5631776686846833,65
4422,2,11292,11292,0,0,0,0,0.721226231789545,0.5383878688390719,0.721226231789545,0.5383878688390719,1.0,1,0.5796081321938156,64
4423,2,11294,11294,0,0,0,0,0.7204118142223394,0.5492195574808098,0.7204118142223394,0.5492195574808098,1.0,1,0.5918114718769405,63
4424,4,11298,11298,0,0,0,0,0.7267476524120656,0.5806542998344647,0.7267476524120656,0.5806542998344647,1.0,1,0.5896887568268533,63
4425,0,11298,11298,0,0,0,0,0.7034736507055807,0.5667686274225084,0.7034736507055807,0.5667686274225084,1.0,1,0.5963701140264692,63
4426,3,11301,11301,0,0,0,0,0.7540193095721823,0.5916643527128159,0.7540193095721823,0.5916643527128159,1.0,1,0.5639887268845623,63
4427,3,11304,11304,0,0,0,0,0.7440937549045724,0.5916643527128159,0.7440937549045724,0.5916643527128159,1.0,1,0.5794827401427862,62
4428,3,11307,11307,0,0,0,0,0.7457785075581111,0.5916643527128159,0.7457785075581111,0.5916643527128159,1.0,1,0.5840917973813086,61
4429,6,11313,11313,0,0,0,0,0.6931501512264573,0.5640121087873016,0.6931501512264573,0.5640121087873016,1.0,1,0.6074932878346084,62
4430,7,11320,11320,0,0,0,0,0.7015519324167829,0.5194911153809917,0.7015519324167829,0.5194911153809917,1.0,1,0.6112116509626775,60
4431,5,11325,11325,0,0,0,0,0.6489031804521972,0.5112054022176253,0.6489031804521972,0.5112054022176253,1.0,1,0.6389907223470371,59
4432,5,11330,11330,0,0,0,0,0.6166296758583086,0.4589443987600781,0.6166296758583086,0.4589443987600781,1.0,1,0.6531332662719984,60
4433,7,11337,11337,0,0,0,0,0.6512257144149243,0.499388442907309,0.6512257144149243,0.499388442907309,1.0,1,0.6166444435521949,61
4434,4,11341,11341,0,0,0,0,0.6511328427875729,0.5031554071817214,0.6511328427875729,0.5031554071817214,1.0,1,0.6108057923880077,61
4435,5,11346,11346,0,0,0,0,0.6508983068936649,0.4900171274376183,0.6508983068936649,0.4900171274376183,1.0,1,0.6094410188959171,61
4436,4,11350,11350,0,0,0,0,0.6862119369710145,0.5227432273158745,0.6862119369710145,0.5227432273158745,1.0,1,0.5953728354937097,61
4437,3,11353,11353,0,0,0,0,0.7074118260010254,0.5227432273158745,0.7074118260010254,0.5227432273158745,1.0,1,0.5832487755572192,61
4438,1,11354,11354,0,0,0,0,0.7261681453506871,0.5227432273158745,0.7261681453506871,0.5227432273158745,1.0,1,0.5757092232385498,62
4439,2,11356,11356,0,0,0,0,0.7479681862101186,0.4955943787965136,0.7479681862101186,0.4955943787965136,1.0,1,0.5633464785198182,63
4440,4,11360,11360,0,0,0,0,0.7723988194322173,0.4955943787965136,0.7723988194322173,0.4955943787965136,1.0,1,0.5466200060460725,64
4441,2,11362,11362,0,0,0,0,0.7565397955933088,0.4955943787965136,0.7565397955933088,0.4955943787965136,1.0,1,0.5564609405744978,64
4442,3,11365,11365,0,0,0,0,0.7592797361683075,0.4953857344891736,0.7592797361683075,0.4953857344891736,1.0,1,0.5350067156160867,67
4443,4,11369,11369,0,0,0,0,0.7652641954490216,0.5141874689893365,0.7652641954490216,0.5141874689893365,1.0,1,0.5277338980473114,68
4444,4,11373,11373,0,0,0,0,0.7395518043536998,0.4837781195878189,0.7395518043536998,0.4837781195878189,1.0,1,0.551359742716306,69
4445,4,11377,11377,0,0,0,0,0.7312761343318384,0.4783506368319183,0.7312761343318384,0.4783506368319183,1.0,1,0.546705610837308,71
4446,1,11378,11378,0,0,0,0,0.7312761343318384,0.4783506368319183,0.7312761343318384,0.4783506368319183,1.0,1,0.5399369576637012,71
4447,2,11380,11380,0,0,0,0,0.7440830971603885,0.5087137849038973,0.7440830971603885,0.5087137849038973,1.0,1,0.5302238780735873,72
4448,1,11381,11381,0,0,0,0,0.7476039578907064,0.5087137849038973,0.7476039578907064,0.5087137849038973,1.0,1,0.5279486086189566,71
4449,1,11382,11382,0,0,0,0,0.7450927641601877,0.5316289246201163,0.7450927641601877,0.5316289246201163,1.0,1,0.5257253650793421,70
4450,0,11382,11382,0,0,0,0,0.7413984563943933,0.5316289246201163,0.7413984563943933,0.5316289246201163,1.0,1,0.5336549233330767,69
4451,2,11384,11384,0,0,0,0,0.7356278521268155,0.5316289246201163,0.7356278521268155,0.5316289246201163,1.0,1,0.538972462938908,69
4452,3,11387,11387,0,0,0,0,0.6964364577415516,0.5316289246201163,0.6964364577415516,0.5316289246201163,1.0,1,0.5562217221620409,70
4453,5,11392,11392,0,0,0,0,0.666605136226026,0.564137479304746,0.666605136226026,0.564137479304746,1.0,1,0.5542245877354903,70
4454,4,11396,11396,0,0,0,0,0.6406451470736428,0.45209217643200694,0.6406451470736428,0.45209217643200694,1.0,1,0.5830214808063497,71
4455,4,11400,11400,0,0,0,0,0.6277407973332402,0.45771743794378705,0.6277407973332402,0.45771743794378705,1.0,1,0.596513335136206,71
4456,10,11410,11410,0,0,0,0,0.6462380537276473,0.4254821070111428,0.6462380537276473,0.4254821070111428,1.0,1,0.5898645196864611,71
4457,5,11415,11415,0,0,0,0,0.6583327115949745,0.44139000629144404,0.6583327115949745,0.44139000629144404,1.0,1,0.5976065387738219,69
4458,5,11420,11420,0,0,0,0,0.6513240857115535,0.4464086857272238,0.6513240857115535,0.4464086857272238,1.0,1,0.5907297577342,70
4459,4,11424,11424,0,0,0,0,0.6793613164355707,0.49259381323056683,0.6793613164355707,0.49259381323056683,1.0,1,0.5687510171153063,68
4460,8,11432,11432,0,0,0,0,0.7039865489174186,0.4984787336794056,0.7039865489174186,0.4984787336794056,1.0,1,0.5512398776827454,68
4461,2,11434,11434,0,0,0,0,0.7304595158721602,0.4984787336794056,0.7304595158721602,0.4984787336794056,1.0,1,0.5414834439784266,67
4462,5,11439,11439,0,0,0,0,0.7467162727110204,0.4984787336794056,0.7467162727110204,0.4984787336794056,1.0,1,0.5463190223573816,66
4463,4,11443,11443,0,0,0,0,0.7475551365139815,0.4951137261618742,0.7475551365139815,0.4951137261618742,1.0,1,0.5493515865418263,65
4464,6,11449,11449,0,0,0,0,0.7225978631175098,0.5164126809113986,0.7225978631175098,0.5164126809113986,1.0,1,0.5748578144312804,62
4465,3,11452,11452,0,0,0,0,0.7530854280051277,0.48497906766130744,0.7530854280051277,0.48497906766130744,1.0,1,0.562049609586797,61
4466,3,11455,11455,0,0,0,0,0.7315458497326819,0.5114613418008336,0.7315458497326819,0.5114613418008336,1.0,1,0.5798717139551273,60
4467,4,11459,11459,0,0,0,0,0.7347751191710311,0.5114613418008336,0.7347751191710311,0.5114613418008336,1.0,1,0.5905752889508281,58
4468,2,11461,11461,0,0,0,0,0.7234238460917212,0.5114613418008336,0.7234238460917212,0.5114613418008336,1.0,1,0.6101449689084981,57
4469,5,11466,11466,0,0,0,0,0.7757840756356469,0.49414562584493543,0.7757840756356469,0.49414562584493543,1.0,1,0.5974769100039832,56
4470,1,11467,11467,0,0,0,0,0.7865905904605336,0.49414562584493543,0.7865905904605336,0.49414562584493543,1.0,1,0.5905216388396433,55
4471,6,11473,11473,0,0,0,0,0.7911638012644187,0.49414562584493543,0.7911638012644187,0.49414562584493543,1.0,1,0.5888538182974103,55
4472,4,11477,11477,0,0,0,0,0.8130382769687028,0.5273476158249619,0.8130382769687028,0.5273476158249619,1.0,1,0.5826697018220436,55
4473,4,11481,11481,0,0,0,0,0.7804542897117426,0.5272772047730548,0.7804542897117426,0.5272772047730548,1.0,1,0.5888894370346875,55
4474,2,11483,11483,0,0,0,0,0.7659859729167916,0.5448649544432197,0.7659859729167916,0.5448649544432197,1.0,1,0.5919221193461002,55
4475,2,11485,11485,0,0,0,0,0.7917280595888575,0.5844653639693093,0.7917280595888575,0.5844653639693093,1.0,1,0.5578446956746789,56
4476,3,11488,11488,0,0,0,0,0.7796653053887969,0.6185169236184743,0.7796653053887969,0.6185169236184743,1.0,1,0.5567166940113599,56
4477,2,11490,11490,0,0,0,0,0.7814990813086826,0.6120830643308234,0.7814990813086826,0.6120830643308234,1.0,1,0.548486313750894,57
4478,4,11494,11494,0,0,0,0,0.7970967637294308,0.6120830643308234,0.7970967637294308,0.6120830643308234,1.0,1,0.5654767052832997,55
4479,1,11495,11495,0,0,0,0,0.7998389173145611,0.6120830643308234,0.7998389173145611,0.6120830643308234,1.0,1,0.5634585019160103,55
4480,4,11499,11499,0,0,0,0,0.7833444209284061,0.5825840098731027,0.7833444209284061,0.5825840098731027,1.0,1,0.590358093928645,54
4481,4,11503,11503,0,0,0,0,0.7571604906415188,0.5414111455939427,0.7571604906415188,0.5414111455939427,1.0,1,0.6209418500096117,53
4482,2,11505,11505,0,0,0,0,0.7295682763702437,0.5177756473118573,0.7295682763702437,0.5177756473118573,1.0,1,0.6443858529926347,54
4483,5,11510,11510,0,0,0,0,0.7013389869496348,0.5537621197941273,0.7013389869496348,0.5537621197941273,1.0,1,0.6570913395214645,55
4484,2,11512,11512,0,0,0,0,0.717894089950263,0.5767718574425541,0.717894089950263,0.5767718574425541,1.0,1,0.6187889218288963,57
4485,3,11515,11515,0,0,0,0,0.7132117737910557,0.5352420093014248,0.7132117737910557,0.5352420093014248,1.0,1,0.6023463982130381,60
4486,2,11517,11517,0,0,0,0,0.7132032642623803,0.5353569763786312,0.7132032642623803,0.5353569763786312,1.0,1,0.602329823420169,60
4487,2,11519,11519,0,0,0,0,0.7329742159660633,0.5653291596807006,0.7329742159660633,0.5653291596807006,1.0,1,0.5882865577717002,60
4488,0,11519,11519,0,0,0,0,0.7329742159660633,0.5653291596807006,0.7329742159660633,0.5653291596807006,1.0,1,0.5882865577717002,60
4489,1,11520,11520,0,0,0,0,0.7329082050819644,0.6047137500295279,0.7329082050819644,0.6047137500295279,1.0,1,0.5835272544960359,60
4490,2,11522,11522,0,0,0,0,0.7193940948361396,0.5653291596807006,0.7193940948361396,0.5653291596807006,1.0,1,0.5937637860599583,60
4491,1,11523,11523,0,0,0,0,0.7058278877751933,0.5653291596807006,0.7058278877751933,0.5653291596807006,1.0,1,0.600347424183438,61
4492,0,11523,11523,0,0,0,0,0.7058278877751933,0.5653291596807006,0.7058278877751933,0.5653291596807006,1.0,1,0.600347424183438,61
4493,0,11523,11523,0,0,0,0,0.7009250192381132,0.5653291596807006,0.7009250192381132,0.5653291596807006,1.0,1,0.6088887645667941,60
4494,1,11524,11524,0,0,0,0,0.6844102272515261,0.537116451622546,0.6844102272515261,0.537116451622546,1.0,1,0.6092800920649015,61
4495,1,11525,11525,0,0,0,0,0.7006320676472387,0.537116451622546,0.7006320676472387,0.537116451622546,1.0,1,0.6086655893428079,59
4496,4,11529,11529,0,0,0,0,0.6721358450758081,0.5003757721966243,0.6721358450758081,0.5003757721966243,1.0,1,0.6177425387265276,60
4497,1,11530,11530,0,0,0,0,0.6993436539981347,0.5003757721966243,0.6993436539981347,0.5003757721966243,1.0,1,0.6152916837171528,59
4498,5,11535,11535,0,0,0,0,0.7161436321775998,0.5003757721966243,0.7161436321775998,0.5003757721966243,1.0,1,0.6394309961023574,57
4499,4,11539,11539,0,0,0,0,0.7364611765483744,0.5003757721966243,0.7364611765483744,0.5003757721966243,1.0,1,0.6008614365505406,58
4500,5,11544,11544,0,0,0,0,0.7876469568578325,0.5247731300407719,0.7876469568578325,0.5247731300407719,1.0,1,0.5782045450916783,56
4501,1,11545,11545,0,0,0,0,0.7640825290901067,0.5247731300407719,0.7640825290901067,0.5247731300407719,1.0,1,0.5765579146921105,57
4502,7,11552,11552,0,0,0,0,0.7585536178367649,0.5247731300407719,0.7585536178367649,0.5247731300407719,1.0,1,0.5783866231364705,56
4503,5,11557,11557,0,0,0,0,0.8062033321976748,0.581392668000365,0.8062033321976748,0.581392668000365,1.0,1,0.569974247445172,54
4504,2,11559,11559,0,0,0,0,0.8037409305838623,0.6191467532800787,0.8037409305838623,0.6191467532800787,1.0,1,0.560561877960746,54
4505,6,11565,11565,0,0,0,0,0.8137904672410933,0.6263004998693192,0.8137904672410933,0.6263004998693192,1.0,1,0.5618310653662515,51
4506,2,11567,11567,0,0,0,0,0.839112180437938,0.655375871252493,0.839112180437938,0.655375871252493,1.0,1,0.5683129900587519,49
4507,3,11570,11570,0,0,0,0,0.829282243573453,0.6631555333993734,0.829282243573453,0.6631555333993734,1.0,1,0.5860592544018711,48
4508,1,11571,11571,0,0,0,0,0.8264929774885901,0.6286202430943983,0.8264929774885901,0.6286202430943983,1.0,1,0.6026696349358357,48
4509,1,11572,11572,0,0,0,0,0.8114792245110823,0.6286202430943983,0.8114792245110823,0.6286202430943983,1.0,1,0.6267870265347487,46
4510,2,11574,11574,0,0,0,0,0.839233409186175,0.6286202430943983,0.839233409186175,0.6286202430943983,1.0,1,0.6238484243178873,44
4511,1,11575,11575,0,0,0,0,0.8200841701354079,0.5893795028020407,0.8200841701354079,0.5893795028020407,1.0,1,0.6247971737549143,45
4512,3,11578,11578,0,0,0,0,0.801549720163386,0.5893795028020407,0.801549720163386,0.5893795028020407,1.0,1,0.62051565550489,46
4513,3,11581,11581,0,0,0,0,0.8374834403773824,0.6369333257408519,0.8374834403773824,0.6369333257408519,1.0,1,0.6083535424580583,45
4514,5,11586,11586,0,0,0,0,0.7909281916486033,0.6446913927990358,0.7909281916486033,0.6446913927990358,1.0,1,0.6238817885044561,46
4515,3,11589,11589,0,0,0,0,0.7607969136304638,0.6347032549223774,0.7607969136304638,0.6347032549223774,1.0,1,0.633942300509636,48
4516,4,11593,11593,0,0,0,0,0.7770074076378943,0.6445022022495434,0.7770074076378943,0.6445022022495434,1.0,1,0.6054460141637362,49
4517,2,11595,11595,0,0,0,0,0.7852632350685831,0.6625819803577492,0.7852632350685831,0.6625819803577492,1.0,1,0.5939118375784461,50
4518,3,11598,11598,0,0,0,0,0.8086546409961577,0.6507521814302437,0.8086546409961577,0.6507521814302437,1.0,1,0.573356482793991,50
4519,0,11598,11598,0,0,0,0,0.8047496336695484,0.6507521814302437,0.8047496336695484,0.6507521814302437,1.0,1,0.5796451233021893,49
4520,3,11601,11601,0,0,0,0,0.8072471910338878,0.6443083600767333,0.8072471910338878,0.6443083600767333,1.0,1,0.5728245448868075,50
4521,0,11601,11601,0,0,0,0,0.8072471910338878,0.6443083600767333,0.8072471910338878,0.6443083600767333,1.0,1,0.5728245448868075,50
4522,3,11604,11604,0,0,0,0,0.8505789736493782,0.6719437928182064,0.8505789736493782,0.6719437928182064,1.0,1,0.5526373314951375,50
4523,1,11605,11605,0,0,0,0,0.8556665811562086,0.6719437928182064,0.8556665811562086,0.6719437928182064,1.0,1,0.5387317095922736,51
4524,2,11607,11607,0,0,0,0,0.8786940997700661,0.7172588766866436,0.8786940997700661,0.7172588766866436,1.0,1,0.5197611851719669,52
4525,2,11609,11609,0,0,0,0,0.8871612960927729,0.7204213758919638,0.8871612960927729,0.7204213758919638,1.0,1,0.5108179824864219,53
4526,1,11610,11610,0,0,0,0,0.8794498240635769,0.7204213758919638,0.8794498240635769,0.7204213758919638,1.0,1,0.5098503445426454,54
4527,3,11613,11613,0,0,0,0,0.8480499349796239,0.7438301437537413,0.8480499349796239,0.7438301437537413,1.0,1,0.5099236459536876,55
4528,3,11616,11616,0,0,0,0,0.8860474829034468,0.7326833135911038,0.8860474829034468,0.7326833135911038,1.0,1,0.4859481821634791,55
4529,6,11622,11622,0,0,0,0,0.8665891158212444,0.7537884626132744,0.8665891158212444,0.7537884626132744,1.0,1,0.4909197850054043,55
4530,4,11626,11626,0,0,0,0,0.8846168631098855,0.6428180029863428,0.8846168631098855,0.6428180029863428,1.0,1,0.47831552788363774,56
4531,4,11630,11630,0,0,0,0,0.857878451248425,0.6024064375760705,0.857878451248425,0.6024064375760705,1.0,1,0.5001398223923151,56
4532,4,11634,11634,0,0,0,0,0.8399727581775578,0.5789346964487015,0.8399727581775578,0.5789346964487015,1.0,1,0.5190860852999971,55
4533,3,11637,11637,0,0,0,0,0.8573974108488714,0.6407324413599293,0.8573974108488714,0.6407324413599293,1.0,1,0.510304868344113,54
4534,3,11640,11640,0,0,0,0,0.8200409829815724,0.6407324413599293,0.8200409829815724,0.6407324413599293,1.0,1,0.5289829765817657,55
4535,1,11641,11641,0,0,0,0,0.8357815448400259,0.6802488967503223,0.8357815448400259,0.6802488967503223,1.0,1,0.5405944709921604,52
4536,3,11644,11644,0,0,0,0,0.8168817179300408,0.7195052440349017,0.8168817179300408,0.7195052440349017,1.0,1,0.5504714709025664,53
4537,3,11647,11647,0,0,0,0,0.828675601708004,0.6884399837716354,0.828675601708004,0.6884399837716354,1.0,1,0.5678470349523287,52
4538,5,11652,11652,0,0,0,0,0.8058795956957685,0.6451460448244933,0.8058795956957685,0.6451460448244933,1.0,1,0.5858126063648924,52
4539,3,11655,11655,0,0,0,0,0.8263802265782232,0.6878229744239478,0.8263802265782232,0.6878229744239478,1.0,1,0.5577605516852832,53
4540,1,11656,11656,0,0,0,0,0.8086384380454215,0.6396171315641234,0.8086384380454215,0.6396171315641234,1.0,1,0.552151611400384,54
4541,4,11660,11660,0,0,0,0,0.8654728674429859,0.6396171315641234,0.8654728674429859,0.6396171315641234,1.0,1,0.5390762893641056,53
4542,4,11664,11664,0,0,0,0,0.8592694821062047,0.6910767343145287,0.8592694821062047,0.6910767343145287,1.0,1,0.5353089860594427,53
4543,0,11664,11664,0,0,0,0,0.8592694821062047,0.6910767343145287,0.8592694821062047,0.6910767343145287,1.0,1,0.5353089860594427,53
4544,1,11665,11665,0,0,0,0,0.8565631259928624,0.6910767343145287,0.8565631259928624,0.6910767343145287,1.0,1,0.5616540502390575,52
4545,6,11671,11671,0,0,0,0,0.829509688095895,0.6985950129943057,0.829509688095895,0.6985950129943057,1.0,1,0.5925500087155193,50
4546,1,11672,11672,0,0,0,0,0.8497033754855489,0.6985950129943057,0.8497033754855489,0.6985950129943057,1.0,1,0.5717734525470722,49
4547,4,11676,11676,0,0,0,0,0.8269622915529429,0.6853526459349489,0.8269622915529429,0.6853526459349489,1.0,1,0.5763066713850823,49
4548,3,11679,11679,0,0,0,0,0.8643101735941586,0.7493908398046643,0.8643101735941586,0.7493908398046643,1.0,1,0.55275309407,49
4549,2,11681,11681,0,0,0,0,0.8736206838992305,0.7891940699310337,0.8736206838992305,0.7891940699310337,1.0,1,0.5244437988166346,50
4550,2,11683,11683,0,0,0,0,0.8710415141828883,0.7891940699310337,0.8710415141828883,0.7891940699310337,1.0,1,0.5536492862098134,49
4551,1,11684,11684,0,0,0,0,0.8710415141828883,0.7891940699310337,0.8710415141828883,0.7891940699310337,1.0,1,0.5648385010968551,49
4552,4,11688,11688,0,0,0,0,0.8688007119041321,0.6927273281656008,0.8688007119041321,0.6927273281656008,1.0,1,0.5693534668048443,49
4553,3,11691,11691,0,0,0,0,0.8516805698966967,0.597953547344961,0.8516805698966967,0.597953547344961,1.0,1,0.5979821625829804,49
4554,4,11695,11695,0,0,0,0,0.7865065161054556,0.5339044637025585,0.7865065161054556,0.5339044637025585,1.0,1,0.62281540005897,49
4555,2,11697,11697,0,0,0,0,0.7789135300591353,0.5919363889499061,0.7789135300591353,0.5919363889499061,1.0,1,0.6241406161369206,48
4556,7,11704,11704,0,0,0,0,0.7234903737765817,0.518304307516864,0.7234903737765817,0.518304307516864,1.0,1,0.6511553500600614,48
4557,3,11707,11707,0,0,0,0,0.707352618989793,0.5583898569186723,0.707352618989793,0.5583898569186723,1.0,1,0.6510696405944701,49
4558,2,11709,11709,0,0,0,0,0.6901719116997592,0.5623086529133215,0.6901719116997592,0.5623086529133215,1.0,1,0.6465656038021467,49
4559,0,11709,11709,0,0,0,0,0.6775661678507083,0.5623086529133215,0.6775661678507083,0.5623086529133215,1.0,1,0.6475361737546191,50
4560,4,11713,11713,0,0,0,0,0.7074325772378027,0.5891812624832794,0.7074325772378027,0.5891812624832794,1.0,1,0.6214670804550653,51
4561,3,11716,11716,0,0,0,0,0.6811197289050293,0.5672027540794583,0.6811197289050293,0.5672027540794583,1.0,1,0.6340232573537538,52
4562,2,11718,11718,0,0,0,0,0.7266236131587389,0.5672027540794583,0.7266236131587389,0.5672027540794583,1.0,1,0.6193383963188623,53
4563,0,11718,11718,0,0,0,0,0.7412779802835622,0.5989188715221702,0.7412779802835622,0.5989188715221702,1.0,1,0.6139879956197359,52
4564,1,11719,11719,0,0,0,0,0.7279721117055268,0.5989188715221702,0.7279721117055268,0.5989188715221702,1.0,1,0.6175291392388994,54
4565,0,11719,11719,0,0,0,0,0.7144510239683299,0.5681885422540465,0.7144510239683299,0.5681885422540465,1.0,1,0.6224920173553468,55
4566,2,11721,11721,0,0,0,0,0.7087996576544999,0.5681885422540465,0.7087996576544999,0.5681885422540465,1.0,1,0.6302368101952233,55
4567,1,11722,11722,0,0,0,0,0.7360237701118998,0.5681885422540465,0.7360237701118998,0.5681885422540465,1.0,1,0.6053219506254789,56
4568,3,11725,11725,0,0,0,0,0.7127182745115683,0.537111964809077,0.7127182745115683,0.537111964809077,1.0,1,0.6105284255425059,58
4569,4,11729,11729,0,0,0,0,0.7161004703794933,0.4872850076266383,0.7161004703794933,0.4872850076266383,1.0,1,0.6064390319704778,59
4570,3,11732,11732,0,0,0,0,0.686131998022587,0.4872850076266383,0.686131998022587,0.4872850076266383,1.0,1,0.6304504197407876,59
4571,1,11733,11733,0,0,0,0,0.7120052854648723,0.4872850076266383,0.7120052854648723,0.4872850076266383,1.0,1,0.6320450186956114,57
4572,1,11734,11734,0,0,0,0,0.7272914779421435,0.4872850076266383,0.7272914779421435,0.4872850076266383,1.0,1,0.6333393167695693,56
4573,1,11735,11735,0,0,0,0,0.7409961953740724,0.4872850076266383,0.7409961953740724,0.4872850076266383,1.0,1,0.6276064351357342,56
4574,0,11735,11735,0,0,0,0,0.7556059795019505,0.5122771412305414,0.7556059795019505,0.5122771412305414,1.0,1,0.6140466723945032,55
4575,1,11736,11736,0,0,0,0,0.7343449536313383,0.5122771412305414,0.7343449536313383,0.5122771412305414,1.0,1,0.6286971379948924,55
4576,2,11738,11738,0,0,0,0,0.6948181397504007,0.5122771412305414,0.6948181397504007,0.5122771412305414,1.0,1,0.637594728422603,55
4577,0,11738,11738,0,0,0,0,0.6891666238198526,0.5122771412305414,0.6891666238198526,0.5122771412305414,1.0,1,0.6401358083539227,54
4578,0,11738,11738,0,0,0,0,0.6891666238198526,0.5122771412305414,0.6891666238198526,0.5122771412305414,1.0,1,0.6420941890471936,54
4579,3,11741,11741,0,0,0,0,0.6944892942161573,0.5122771412305414,0.6944892942161573,0.5122771412305414,1.0,1,0.6519981305765007,54
4580,4,11745,11745,0,0,0,0,0.6261824045693336,0.5122771412305414,0.6261824045693336,0.5122771412305414,1.0,1,0.6687007338646171,55
4581,0,11745,11745,0,0,0,0,0.6161291121073147,0.49275196233774715,0.6161291121073147,0.49275196233774715,1.0,1,0.6720798455456359,56
4582,3,11748,11748,0,0,0,0,0.6189331361509074,0.4643549758397807,0.6189331361509074,0.4643549758397807,1.0,1,0.6767056975565985,56
4583,1,11749,11749,0,0,0,0,0.6251665653354141,0.45069845241405276,0.6251665653354141,0.45069845241405276,1.0,1,0.675649425325318,57
4584,1,11750,11750,0,0,0,0,0.6249967579256639,0.4346373062177662,0.6249967579256639,0.4346373062177662,1.0,1,0.677657468418983,57
4585,0,11750,11750,0,0,0,0,0.624996757925664,0.4346373062177662,0.624996757925664,0.4346373062177662,1.0,1,0.677657468418983,57
4586,0,11750,11750,0,0,0,0,0.6249967579256639,0.4346373062177662,0.6249967579256639,0.4346373062177662,1.0,1,0.677657468418983,57
4587,0,11750,11750,0,0,0,0,0.624996757925664,0.4346373062177662,0.624996757925664,0.4346373062177662,1.0,1,0.677657468418983,57
4588,0,11750,11750,0,0,0,0,0.6314623310648766,0.4346373062177662,0.6314623310648766,0.4346373062177662,1.0,1,0.6733652015170469,58
4589,1,11751,11751,0,0,0,0,0.6182155550964743,0.4346373062177662,0.6182155550964743,0.4346373062177662,1.0,1,0.6769918598487243,59
4590,1,11752,11752,0,0,0,0,0.6261694296949193,0.41990676644166636,0.6261694296949193,0.41990676644166636,1.0,1,0.6761372889307227,60
4591,2,11754,11754,0,0,0,0,0.6468964556251061,0.41990676644166636,0.6468964556251061,0.41990676644166636,1.0,1,0.6649876498471193,61
4592,3,11757,11757,0,0,0,0,0.613846903654419,0.4348789351693852,0.613846903654419,0.4348789351693852,1.0,1,0.6743533402549033,62
4593,0,11757,11757,0,0,0,0,0.6068287922189355,0.4348789351693852,0.6068287922189355,0.4348789351693852,1.0,1,0.6614307815027421,64
4594,2,11759,11759,0,0,0,0,0.5881184350984502,0.4209619780018973,0.5881184350984502,0.4209619780018973,1.0,1,0.6733949400229324,64
4595,4,11763,11763,0,0,0,0,0.5844772981756834,0.46676005867745857,0.5844772981756834,0.46676005867745857,1.0,1,0.6748415325331871,63
4596,2,11765,11765,0,0,0,0,0.5848064645744809,0.46766168837851246,0.5848064645744809,0.46766168837851246,1.0,1,0.6763180026285228,63
4597,3,11768,11768,0,0,0,0,0.5689173200166561,0.4348789351693852,0.5689173200166561,0.4348789351693852,1.0,1,0.6923879487118143,63
4598,3,11771,11771,0,0,0,0,0.5873875839467991,0.4348789351693852,0.5873875839467991,0.4348789351693852,1.0,1,0.6698693774070097,65
4599,0,11771,11771,0,0,0,0,0.5936392872203324,0.4348789351693852,0.5936392872203324,0.4348789351693852,1.0,1,0.6619054681233263,66
4600,1,11772,11772,0,0,0,0,0.5658713638677476,0.4142048128451577,0.5658713638677476,0.4142048128451577,1.0,1,0.6748009505654331,67
4601,4,11776,11776,0,0,0,0,0.5612374150882502,0.4142048128451577,0.5612374150882502,0.4142048128451577,1.0,1,0.6687930616900348,67
4602,0,11776,11776,0,0,0,0,0.5588544836023125,0.4142048128451577,0.5588544836023125,0.4142048128451577,1.0,1,0.653198250023766,69
4603,3,11779,11779,0,0,0,0,0.559172638570823,0.4142048128451577,0.559172638570823,0.4142048128451577,1.0,1,0.6501064986542393,69
4604,3,11782,11782,0,0,0,0,0.559743211004128,0.42571106978363044,0.559743211004128,0.42571106978363044,1.0,1,0.6460275713111311,69
4605,1,11783,11783,0,0,0,0,0.5511718741150766,0.42571106978363044,0.5511718741150766,0.42571106978363044,1.0,1,0.647087854288649,70
4606,1,11784,11784,0,0,0,0,0.5507735340027304,0.413766124947114,0.5507735340027304,0.413766124947114,1.0,1,0.6494434454174326,70
4607,4,11788,11788,0,0,0,0,0.5251728952669406,0.39494588162260746,0.5251728952669406,0.39494588162260746,1.0,1,0.6629414990806471,72
4608,0,11788,11788,0,0,0,0,0.5195478058954541,0.38527676057177385,0.5195478058954541,0.38527676057177385,1.0,1,0.6651192626587747,73
4609,4,11792,11792,0,0,0,0,0.5424816658988818,0.38527676057177385,0.5424816658988818,0.38527676057177385,1.0,1,0.6568063770673579,72
4610,0,11792,11792,0,0,0,0,0.5424816658988818,0.38527676057177385,0.5424816658988818,0.38527676057177385,1.0,1,0.6568063770673579,72
4611,2,11794,11794,0,0,0,0,0.5621321752696544,0.4012727306767216,0.5621321752696544,0.4012727306767216,1.0,1,0.6490296662019861,71
4612,0,11794,11794,0,0,0,0,0.5714227005691273,0.4012727306767216,0.5714227005691273,0.4012727306767216,1.0,1,0.6525708010908893,70
4613,1,11795,11795,0,0,0,0,0.5949968566264126,0.4012727306767216,0.5949968566264126,0.4012727306767216,1.0,1,0.652329588215078,69
4614,3,11798,11798,0,0,0,0,0.6676922217989615,0.4012727306767216,0.6676922217989615,0.4012727306767216,1.0,1,0.6145652281141871,68
4615,4,11802,11802,0,0,0,0,0.6979943039912151,0.4381073160207453,0.6979943039912151,0.4381073160207453,1.0,1,0.5789895214058891,68
4616,0,11802,11802,0,0,0,0,0.7021704629047915,0.4381073160207453,0.7021704629047915,0.4381073160207453,1.0,1,0.5882001485459969,65
4617,3,11805,11805,0,0,0,0,0.7224322335678398,0.4511050964705437,0.7224322335678398,0.4511050964705437,1.0,1,0.5716027362869375,66
4618,1,11806,11806,0,0,0,0,0.7224322335678399,0.4511050964705437,0.7224322335678399,0.4511050964705437,1.0,1,0.5834964688860443,66
4619,6,11812,11812,0,0,0,0,0.6874955792846509,0.4511050964705437,0.6874955792846509,0.4511050964705437,1.0,1,0.6163939618108439,65
4620,2,11814,11814,0,0,0,0,0.702216491564925,0.4511050964705437,0.702216491564925,0.4511050964705437,1.0,1,0.6103288949478468,65
4621,5,11819,11819,0,0,0,0,0.6329403223357788,0.4125930802157234,0.6329403223357788,0.4125930802157234,1.0,1,0.6498985720475916,67
4622,5,11824,11824,0,0,0,0,0.6403413537487415,0.43008519349472196,0.6403413537487415,0.43008519349472196,1.0,1,0.6404404816066306,65
4623,4,11828,11828,0,0,0,0,0.6476512798603297,0.42944353093223087,0.6476512798603297,0.42944353093223087,1.0,1,0.6283229746190148,66
4624,4,11832,11832,0,0,0,0,0.6431577008218008,0.42944353093223087,0.6431577008218008,0.42944353093223087,1.0,1,0.634765484085435,65
4625,5,11837,11837,0,0,0,0,0.6412639734759864,0.4607425274410591,0.6412639734759864,0.4607425274410591,1.0,1,0.6368622386153864,64
4626,1,11838,11838,0,0,0,0,0.6498278266535573,0.49084555689624737,0.6498278266535573,0.49084555689624737,1.0,1,0.6285164902183543,63
4627,5,11843,11843,0,0,0,0,0.6431327083300546,0.5144957846598747,0.6431327083300546,0.5144957846598747,1.0,1,0.6079711518608583,65
4628,2,11845,11845,0,0,0,0,0.6384350454367396,0.5144957846598747,0.6384350454367396,0.5144957846598747,1.0,1,0.6229374948944814,64
4629,3,11848,11848,0,0,0,0,0.6337145939678582,0.5313824893533703,0.6337145939678582,0.5313824893533703,1.0,1,0.6054116276685788,64
4630,3,11851,11851,0,0,0,0,0.6337477033671379,0.5313824893533703,0.6337477033671379,0.5313824893533703,1.0,1,0.6182744001684016,64
4631,2,11853,11853,0,0,0,0,0.6175753054564938,0.4644389686081398,0.6175753054564938,0.4644389686081398,1.0,1,0.638698895471573,66
4632,3,11856,11856,0,0,0,0,0.5937572686998197,0.48577394881763003,0.5937572686998197,0.48577394881763003,1.0,1,0.6513037382225263,65
4633,0,11856,11856,0,0,0,0,0.5999124615983074,0.48577394881763003,0.5999124615983074,0.48577394881763003,1.0,1,0.6425629776569645,66
4634,1,11857,11857,0,0,0,0,0.5832701552754668,0.48577394881763003,0.5832701552754668,0.48577394881763003,1.0,1,0.6463416995954939,66
4635,2,11859,11859,0,0,0,0,0.5831005455402397,0.481271666099388,0.5831005455402397,0.481271666099388,1.0,1,0.6480389885030117,66
4636,1,11860,11860,0,0,0,0,0.5965157610343498,0.481271666099388,0.5965157610343498,0.481271666099388,1.0,1,0.6423496978833466,66
4637,1,11861,11861,0,0,0,0,0.6107300000855495,0.4651600871863738,0.6107300000855495,0.4651600871863738,1.0,1,0.6322995847960498,68
4638,4,11865,11865,0,0,0,0,0.5936589836258538,0.4651600871863738,0.5936589836258538,0.4651600871863738,1.0,1,0.6385761486636288,68
4639,1,11866,11866,0,0,0,0,0.5851454618446478,0.44542290524117456,0.5851454618446478,0.44542290524117456,1.0,1,0.6391845547039234,69
4640,1,11867,11867,0,0,0,0,0.6010842320616014,0.44542290524117456,0.6010842320616014,0.44542290524117456,1.0,1,0.6354589795149234,69
4641,1,11868,11868,0,0,0,0,0.607783813517837,0.4283196722084128,0.607783813517837,0.4283196722084128,1.0,1,0.635566188586422,70
4642,0,11868,11868,0,0,0,0,0.6020995209601245,0.4283196722084128,0.6020995209601245,0.4283196722084128,1.0,1,0.6406031983432475,69
4643,3,11871,11871,0,0,0,0,0.605576316817166,0.4283196722084128,0.605576316817166,0.4283196722084128,1.0,1,0.6257625436068834,70
4644,0,11871,11871,0,0,0,0,0.5998600315536466,0.4283196722084128,0.5998600315536466,0.4283196722084128,1.0,1,0.6328958917778523,69
4645,4,11875,11875,0,0,0,0,0.630757819124433,0.4283196722084128,0.630757819124433,0.4283196722084128,1.0,1,0.6089552414664047,70
4646,4,11879,11879,0,0,0,0,0.6014414966082317,0.44429497475251617,0.6014414966082317,0.44429497475251617,1.0,1,0.6184040660508445,68
4647,1,11880,11880,0,0,0,0,0.6031084681161398,0.43060683263067856,0.6031084681161398,0.43060683263067856,1.0,1,0.6244195699078701,68
4648,4,11884,11884,0,0,0,0,0.5992569112270916,0.4481008731782807,0.5992569112270916,0.4481008731782807,1.0,1,0.6429929529789397,67
4649,1,11885,11885,0,0,0,0,0.6049451996807252,0.4716780643904407,0.6049451996807252,0.4716780643904407,1.0,1,0.6344171419747767,67
4650,1,11886,11886,0,0,0,0,0.604457752204851,0.4937983556237326,0.604457752204851,0.4937983556237326,1.0,1,0.6243610109882827,67
4651,1,11887,11887,0,0,0,0,0.5896087263628296,0.4866292847081971,0.5896087263628296,0.4866292847081971,1.0,1,0.6220226578460326,68
4652,2,11889,11889,0,0,0,0,0.6450760557109427,0.5082732038530047,0.6450760557109427,0.5082732038530047,1.0,1,0.597639120069168,66
4653,4,11893,11893,0,0,0,0,0.64843763575199,0.5596958014722545,0.64843763575199,0.5596958014722545,1.0,1,0.5931075389322089,64
4654,6,11899,11899,0,0,0,0,0.6349028355542734,0.5300040594621129,0.6349028355542734,0.5300040594621129,1.0,1,0.6039168407187341,65
4655,3,11902,11902,0,0,0,0,0.6652983260523537,0.5300040594621129,0.6652983260523537,0.5300040594621129,1.0,1,0.5926798924466165,64
4656,5,11907,11907,0,0,0,0,0.6416871451982199,0.5115853811718083,0.6416871451982199,0.5115853811718083,1.0,1,0.602638755445527,65
4657,1,11908,11908,0,0,0,0,0.6472547315633957,0.4915830131320523,0.6472547315633957,0.4915830131320523,1.0,1,0.5916155233270478,66
4658,4,11912,11912,0,0,0,0,0.6564904983521215,0.47678250782353354,0.6564904983521215,0.47678250782353354,1.0,1,0.5962475709409563,65
4659,3,11915,11915,0,0,0,0,0.6912953178316095,0.47678250782353354,0.6912953178316095,0.47678250782353354,1.0,1,0.5806626280680147,65
4660,2,11917,11917,0,0,0,0,0.6667474186619633,0.47678250782353354,0.6667474186619633,0.47678250782353354,1.0,1,0.5932793027433716,66
4661,2,11919,11919,0,0,0,0,0.6811818109252467,0.47678250782353354,0.6811818109252467,0.47678250782353354,1.0,1,0.6032717921897648,66
4662,2,11921,11921,0,0,0,0,0.6689305777087542,0.4533898096963495,0.6689305777087542,0.4533898096963495,1.0,1,0.6049627833282581,68
4663,3,11924,11924,0,0,0,0,0.6800763090296588,0.47552411096669145,0.6800763090296588,0.47552411096669145,1.0,1,0.5906014714369102,67
4664,3,11927,11927,0,0,0,0,0.6587136991846153,0.49228314137497636,0.6587136991846153,0.49228314137497636,1.0,1,0.6060371123974142,67
4665,3,11930,11930,0,0,0,0,0.670608095358398,0.5168192973876844,0.670608095358398,0.5168192973876844,1.0,1,0.6000548491765213,67
4666,0,11930,11930,0,0,0,0,0.6541069607526356,0.49231429780870695,0.6541069607526356,0.49231429780870695,1.0,1,0.6119438993298708,67
4667,4,11934,11934,0,0,0,0,0.6681395203297074,0.49231429780870695,0.6681395203297074,0.49231429780870695,1.0,1,0.5962096565889817,66
4668,2,11936,11936,0,0,0,0,0.6680552752778856,0.49231429780870695,0.6680552752778856,0.49231429780870695,1.0,1,0.5962454035533028,66
4669,6,11942,11942,0,0,0,0,0.6610963752999345,0.46406040599843384,0.6610963752999345,0.46406040599843384,1.0,1,0.6053224232002588,66
4670,2,11944,11944,0,0,0,0,0.6505932630020883,0.46406040599843384,0.6505932630020883,0.46406040599843384,1.0,1,0.62141313192199,64
4671,4,11948,11948,0,0,0,0,0.650822112860965,0.46406040599843384,0.650822112860965,0.46406040599843384,1.0,1,0.6259486095839054,64
4672,5,11953,11953,0,0,0,0,0.6345878225727631,0.42727001784835944,0.6345878225727631,0.42727001784835944,1.0,1,0.634180490661603,64
4673,3,11956,11956,0,0,0,0,0.6402095483793359,0.42727001784835944,0.6402095483793359,0.42727001784835944,1.0,1,0.6408257827580872,65
4674,3,11959,11959,0,0,0,0,0.6465028441142963,0.42727001784835944,0.6465028441142963,0.42727001784835944,1.0,1,0.6197115083212092,66
4675,1,11960,11960,0,0,0,0,0.641981364971718,0.40896022257262704,0.641981364971718,0.40896022257262704,1.0,1,0.6390616429124782,65
4676,3,11963,11963,0,0,0,0,0.625105582059553,0.3902236999110213,0.625105582059553,0.3902236999110213,1.0,1,0.6344173464390779,65
4677,1,11964,11964,0,0,0,0,0.6225455575756236,0.3902236999110213,0.6225455575756236,0.3902236999110213,1.0,1,0.639580282245867,65
4678,4,11968,11968,0,0,0,0,0.6652048265731074,0.4434869814942044,0.6652048265731074,0.4434869814942044,1.0,1,0.626497389467824,64
4679,2,11970,11970,0,0,0,0,0.672257566108383,0.4638248457622506,0.672257566108383,0.4638248457622506,1.0,1,0.5988503165281881,66
4680,5,11975,11975,0,0,0,0,0.6737014802329299,0.5002744302668766,0.6737014802329299,0.5002744302668766,1.0,1,0.582486564262817,67
4681,4,11979,11979,0,0,0,0,0.6521843070891828,0.4628248912552569,0.6521843070891828,0.4628248912552569,1.0,1,0.6082266004748879,67
4682,7,11986,11986,0,0,0,0,0.6703526464011537,0.4456472093392543,0.6703526464011537,0.4456472093392543,1.0,1,0.5971372652027868,67
4683,5,11991,11991,0,0,0,0,0.6446183888624217,0.4632538859528422,0.6446183888624217,0.4632538859528422,1.0,1,0.6004485398612056,67
4684,3,11994,11994,0,0,0,0,0.6597229685128911,0.44830735851270287,0.6597229685128911,0.44830735851270287,1.0,1,0.6106611449550081,66
4685,6,12000,12000,0,0,0,0,0.6599477780787132,0.4508302026207324,0.6599477780787132,0.4508302026207324,1.0,1,0.6129967404500967,65
4686,4,12004,12004,0,0,0,0,0.6373409742154436,0.47106038222444396,0.6373409742154436,0.47106038222444396,1.0,1,0.6306828805412437,65
4687,3,12007,12007,0,0,0,0,0.6381321439408195,0.505185091585994,0.6381321439408195,0.505185091585994,1.0,1,0.6107499268315988,65
4688,4,12011,12011,0,0,0,0,0.6353343473835547,0.4832972713028183,0.6353343473835547,0.4832972713028183,1.0,1,0.6390296224725844,64
4689,2,12013,12013,0,0,0,0,0.6260637232416795,0.4939896077808744,0.6260637232416795,0.4939896077808744,1.0,1,0.6311795631358141,65
4690,3,12016,12016,0,0,0,0,0.6562201486677635,0.5029461315328018,0.6562201486677635,0.5029461315328018,1.0,1,0.6286880119229178,63
4691,1,12017,12017,0,0,0,0,0.66168732849581,0.5029461315328018,0.66168732849581,0.5029461315328018,1.0,1,0.6169259789445785,64
4692,1,12018,12018,0,0,0,0,0.6990214617706905,0.505185091585994,0.6990214617706905,0.505185091585994,1.0,1,0.6023404608631476,63
4693,1,12019,12019,0,0,0,0,0.6897779015062772,0.48192816097639063,0.6897779015062772,0.48192816097639063,1.0,1,0.6014133096891554,64
4694,3,12022,12022,0,0,0,0,0.7282506396111545,0.5602388439137764,0.7282506396111545,0.5602388439137764,1.0,1,0.5673107392932442,63
4695,0,12022,12022,0,0,0,0,0.7354177446493878,0.5602388439137764,0.7354177446493878,0.5602388439137764,1.0,1,0.5663874078539315,62
4696,3,12025,12025,0,0,0,0,0.7462200184646305,0.6228609814251219,0.7462200184646305,0.6228609814251219,1.0,1,0.5524783643611746,61
4697,0,12025,12025,0,0,0,0,0.7542765258149597,0.6228609814251219,0.7542765258149597,0.6228609814251219,1.0,1,0.5327867880278525,63
4698,2,12027,12027,0,0,0,0,0.7541016349925019,0.6025771585170212,0.7541016349925019,0.6025771585170212,1.0,1,0.5340644514056614,63
4699,5,12032,12032,0,0,0,0,0.762931936091535,0.6025771585170212,0.762931936091535,0.6025771585170212,1.0,1,0.5154770049827628,65
4700,2,12034,12034,0,0,0,0,0.77730928279927,0.6025771585170212,0.77730928279927,0.6025771585170212,1.0,1,0.518094637547732,64
4701,5,12039,12039,0,0,0,0,0.7896077248199485,0.6025771585170212,0.7896077248199485,0.6025771585170212,1.0,1,0.5171512646712421,64
4702,2,12041,12041,0,0,0,0,0.7940745885863927,0.5924343575508946,0.7940745885863927,0.5924343575508946,1.0,1,0.5068840881193476,66
4703,7,12048,12048,0,0,0,0,0.8040278915610695,0.6256539037552339,0.8040278915610695,0.6256539037552339,1.0,1,0.4979025029972541,65
4704,4,12052,12052,0,0,0,0,0.8017868572575805,0.5892946017221328,0.8017868572575805,0.5892946017221328,1.0,1,0.5141620588678781,64
4705,6,12058,12058,0,0,0,0,0.7680334977484058,0.5281908931020474,0.7680334977484058,0.5281908931020474,1.0,1,0.5403633168568317,65
4706,7,12065,12065,0,0,0,0,0.7638732638137202,0.5088665682133758,0.7638732638137202,0.5088665682133758,1.0,1,0.5353555341515275,65
4707,5,12070,12070,0,0,0,0,0.7722693124343979,0.5090042812058876,0.7722693124343979,0.5090042812058876,1.0,1,0.5417439844483405,63
4708,5,12075,12075,0,0,0,0,0.7832438595667125,0.48655208137161116,0.7832438595667125,0.48655208137161116,1.0,1,0.5497089729949816,62
4709,4,12079,12079,0,0,0,0,0.7239878498576848,0.4616114744136013,0.7239878498576848,0.4616114744136013,1.0,1,0.5886342349691936,61
4710,2,12081,12081,0,0,0,0,0.6963182177306294,0.43607438027235684,0.6963182177306294,0.43607438027235684,1.0,1,0.6211302412766007,60
4711,2,12083,12083,0,0,0,0,0.7047528541095618,0.43607438027235684,0.7047528541095618,0.43607438027235684,1.0,1,0.621479688959631,59
4712,1,12084,12084,0,0,0,0,0.7287395879790022,0.4512968295878676,0.7287395879790022,0.4512968295878676,1.0,1,0.6142599830771862,58
4713,3,12087,12087,0,0,0,0,0.7275359144007714,0.47047032354438323,0.7275359144007714,0.47047032354438323,1.0,1,0.6229973068974858,58
4714,2,12089,12089,0,0,0,0,0.7497759772771055,0.5238540799876235,0.7497759772771055,0.5238540799876235,1.0,1,0.5999263122594064,57
4715,1,12090,12090,0,0,0,0,0.7620139696302767,0.5238540799876235,0.7620139696302767,0.5238540799876235,1.0,1,0.5985395771605974,57
4716,3,12093,12093,0,0,0,0,0.7800450399633673,0.617703368135071,0.7800450399633673,0.617703368135071,1.0,1,0.5882503526433001,55
4717,2,12095,12095,0,0,0,0,0.7722207489602213,0.573865314956551,0.7722207489602213,0.573865314956551,1.0,1,0.5834576713266876,57
4718,0,12095,12095,0,0,0,0,0.771076649339327,0.573865314956551,0.771076649339327,0.573865314956551,1.0,1,0.5859159363275219,56
4719,1,12096,12096,0,0,0,0,0.7504419939231094,0.573865314956551,0.7504419939231094,0.573865314956551,1.0,1,0.5877438453004661,56
4720,4,12100,12100,0,0,0,0,0.7399575287461834,0.5517054288450653,0.7399575287461834,0.5517054288450653,1.0,1,0.5934471548972551,57
4721,0,12100,12100,0,0,0,0,0.7399575287461834,0.5517054288450653,0.7399575287461834,0.5517054288450653,1.0,1,0.5934471548972551,57
4722,3,12103,12103,0,0,0,0,0.7570079576436046,0.5807931997338477,0.7570079576436046,0.5807931997338477,1.0,1,0.5837180276524242,57
4723,0,12103,12103,0,0,0,0,0.7766021789733082,0.549225608478737,0.7766021789733082,0.549225608478737,1.0,1,0.5841329457733576,57
4724,4,12107,12107,0,0,0,0,0.7920144310821463,0.6115994494160831,0.7920144310821463,0.6115994494160831,1.0,1,0.5685757915166372,57
4725,4,12111,12111,0,0,0,0,0.7595044728954353,0.5856048287991806,0.7595044728954353,0.5856048287991806,1.0,1,0.5835449851975303,57
4726,2,12113,12113,0,0,0,0,0.7573227053357807,0.5786958981936079,0.7573227053357807,0.5786958981936079,1.0,1,0.5860876153750479,57
4727,2,12115,12115,0,0,0,0,0.7896025930490435,0.6184376897485278,0.7896025930490435,0.6184376897485278,1.0,1,0.5740224511272436,56
4728,4,12119,12119,0,0,0,0,0.8161589379604167,0.6537731068847845,0.8161589379604167,0.6537731068847845,1.0,1,0.5413339814902474,57
4729,1,12120,12120,0,0,0,0,0.8299848831522347,0.6696539287794995,0.8299848831522347,0.6696539287794995,1.0,1,0.5434132144476528,56
4730,2,12122,12122,0,0,0,0,0.8862979237509968,0.7167308033419999,0.8862979237509968,0.7167308033419999,1.0,1,0.5204730422304189,54
4731,8,12130,12130,0,0,0,0,0.8714390040720638,0.624704904918586,0.8714390040720638,0.624704904918586,1.0,1,0.5409336574498926,54
4732,5,12135,12135,0,0,0,0,0.8691756568615994,0.6592881169710374,0.8691756568615994,0.6592881169710374,1.0,1,0.5342415273331854,54
4733,5,12140,12140,0,0,0,0,0.8707120074594458,0.6118099543416486,0.8707120074594458,0.6118099543416486,1.0,1,0.5369414841863533,55
4734,4,12144,12144,0,0,0,0,0.8119746764328719,0.5897627122979552,0.8119746764328719,0.5897627122979552,1.0,1,0.5618504452706016,56
4735,1,12145,12145,0,0,0,0,0.8102087100486713,0.5671041831101984,0.8102087100486713,0.5671041831101984,1.0,1,0.5647410040396174,56
4736,3,12148,12148,0,0,0,0,0.8019815903600584,0.522774922579186,0.8019815903600584,0.522774922579186,1.0,1,0.5630695246883495,58
4737,1,12149,12149,0,0,0,0,0.8043821028476268,0.5575134561739474,0.8043821028476268,0.5575134561739474,1.0,1,0.5500311593616348,59
4738,3,12152,12152,0,0,0,0,0.756398770560488,0.5806128494185225,0.756398770560488,0.5806128494185225,1.0,1,0.5647145084856338,60
4739,4,12156,12156,0,0,0,0,0.7708901268021797,0.6218381160077697,0.7708901268021797,0.6218381160077697,1.0,1,0.5505159787746894,60
4740,1,12157,12157,0,0,0,0,0.7535717801226949,0.6218381160077697,0.7535717801226949,0.6218381160077697,1.0,1,0.5613737593212955,60
4741,3,12160,12160,0,0,0,0,0.754517493851983,0.6050437384206063,0.754517493851983,0.6050437384206063,1.0,1,0.5615005167400501,61
4742,2,12162,12162,0,0,0,0,0.7181724176432174,0.5370848276788961,0.7181724176432174,0.5370848276788961,1.0,1,0.5940300342496647,61
4743,4,12166,12166,0,0,0,0,0.7608497460989457,0.5646128693789151,0.7608497460989457,0.5646128693789151,1.0,1,0.562993129168379,60
4744,4,12170,12170,0,0,0,0,0.7574498541967806,0.5368682261436915,0.7574498541967806,0.5368682261436915,1.0,1,0.5754154419358743,60
4745,5,12175,12175,0,0,0,0,0.7528802715924228,0.5090593374200878,0.7528802715924228,0.5090593374200878,1.0,1,0.5785906182212562,59
4746,1,12176,12176,0,0,0,0,0.7711285491377835,0.5090593374200878,0.7711285491377835,0.5090593374200878,1.0,1,0.570056356097577,59
4747,5,12181,12181,0,0,0,0,0.7773514074521298,0.5143913770618245,0.7773514074521298,0.5143913770618245,1.0,1,0.5719604925494658,58
4748,0,12181,12181,0,0,0,0,0.7846033456138413,0.5431386259529952,0.7846033456138413,0.5431386259529952,1.0,1,0.5645664644881845,58
4749,3,12184,12184,0,0,0,0,0.7826139433493454,0.5257601090576411,0.7826139433493454,0.5257601090576411,1.0,1,0.5520305346267982,58
4750,1,12185,12185,0,0,0,0,0.774250781400748,0.5568853950872091,0.774250781400748,0.5568853950872091,1.0,1,0.5655996660971311,56
4751,0,12185,12185,0,0,0,0,0.7609569727331643,0.5214569980415018,0.7609569727331643,0.5214569980415018,1.0,1,0.560083473921565,58
4752,1,12186,12186,0,0,0,0,0.7654515023956011,0.5445896271498845,0.7654515023956011,0.5445896271498845,1.0,1,0.5839763706558575,55
4753,0,12186,12186,0,0,0,0,0.7654515023956011,0.5445896271498845,0.7654515023956011,0.5445896271498845,1.0,1,0.5839763706558575,55
4754,3,12189,12189,0,0,0,0,0.8186928039038248,0.613446325695205,0.8186928039038248,0.613446325695205,1.0,1,0.5610792341708658,54
4755,2,12191,12191,0,0,0,0,0.8050708495040477,0.6409970875617709,0.8050708495040477,0.6409970875617709,1.0,1,0.5634691923842529,54
4756,4,12195,12195,0,0,0,0,0.8284421821925074,0.6874989870366897,0.8284421821925074,0.6874989870366897,1.0,1,0.5328792583783597,54
4757,4,12199,12199,0,0,0,0,0.8768183168960828,0.7740418461124494,0.8768183168960828,0.7740418461124494,1.0,1,0.5092406574137204,53
4758,6,12205,12205,0,0,0,0,0.9204927402068249,0.8036688471042843,0.9204927402068249,0.8036688471042843,1.0,1,0.47535570673025834,53
4759,5,12210,12210,0,0,0,0,0.9043281660668357,0.7482414467502027,0.9043281660668357,0.7482414467502027,1.0,1,0.48176414746819424,53
4760,8,12218,12218,0,0,0,0,0.8276252074474172,0.6673948129908766,0.8276252074474172,0.6673948129908766,1.0,1,0.5056023450095454,53
4761,8,12226,12226,0,0,0,0,0.8055680617227124,0.5823675835179257,0.8055680617227124,0.5823675835179257,1.0,1,0.5430270340814151,52
4762,4,12230,12230,0,0,0,0,0.7863416246639224,0.5625575996470636,0.7863416246639224,0.5625575996470636,1.0,1,0.5515628142790857,54
4763,8,12238,12238,0,0,0,0,0.7475080199390649,0.5240875313737275,0.7475080199390649,0.5240875313737275,1.0,1,0.5792324624302246,54
4764,3,12241,12241,0,0,0,0,0.791144909431087,0.6094385067957442,0.791144909431087,0.6094385067957442,1.0,1,0.5365913692644191,55
4765,6,12247,12247,0,0,0,0,0.7933469575201809,0.5235684935692259,0.7933469575201809,0.5235684935692259,1.0,1,0.5406740607753667,56
4766,1,12248,12248,0,0,0,0,0.7998548623802834,0.5521230967055633,0.7998548623802834,0.5521230967055633,1.0,1,0.5122583037613687,58
4767,1,12249,12249,0,0,0,0,0.7896187907014549,0.5333759144226077,0.7896187907014549,0.5333759144226077,1.0,1,0.5206941212917214,59
4768,0,12249,12249,0,0,0,0,0.793125144189764,0.5333759144226077,0.793125144189764,0.5333759144226077,1.0,1,0.5101437604098124,60
4769,1,12250,12250,0,0,0,0,0.8055585593637403,0.5596993736169106,0.8055585593637403,0.5596993736169106,1.0,1,0.5032427523063779,59
4770,0,12250,12250,0,0,0,0,0.7884829383357742,0.5596993736169106,0.7884829383357742,0.5596993736169106,1.0,1,0.5067916159228774,60
4771,0,12250,12250,0,0,0,0,0.7848979033923128,0.5596993736169106,0.7848979033923128,0.5596993736169106,1.0,1,0.5227154259368924,59
4772,0,12250,12250,0,0,0,0,0.7848979033923128,0.5596993736169106,0.7848979033923128,0.5596993736169106,1.0,1,0.5227154259368924,59
4773,2,12252,12252,0,0,0,0,0.789210399083324,0.5021987589564568,0.789210399083324,0.5021987589564568,1.0,1,0.5189003030915775,60
4774,1,12253,12253,0,0,0,0,0.7897277407292916,0.522890213595632,0.7897277407292916,0.522890213595632,1.0,1,0.5158736519243157,60
4775,2,12255,12255,0,0,0,0,0.7771501741991427,0.5244433523255841,0.7771501741991427,0.5244433523255841,1.0,1,0.5197343128080025,62
4776,2,12257,12257,0,0,0,0,0.7821699163091976,0.47110578835868716,0.7821699163091976,0.47110578835868716,1.0,1,0.5183750648510278,63
4777,2,12259,12259,0,0,0,0,0.7831643749326296,0.47408916422898284,0.7831643749326296,0.47408916422898284,1.0,1,0.5209373729248546,63
4778,2,12261,12261,0,0,0,0,0.8188976741543154,0.5372142263039394,0.8188976741543154,0.5372142263039394,1.0,1,0.4844861623169346,63
4779,6,12267,12267,0,0,0,0,0.8582508731680518,0.6266406473412242,0.8582508731680518,0.6266406473412242,1.0,1,0.4629958176596072,63
4780,2,12269,12269,0,0,0,0,0.810741339776431,0.6266406473412242,0.810741339776431,0.6266406473412242,1.0,1,0.47455363764072167,65
4781,8,12277,12277,0,0,0,0,0.8485628797454683,0.6678659256145159,0.8485628797454683,0.6678659256145159,1.0,1,0.45036360980150253,64
4782,4,12281,12281,0,0,0,0,0.814264563987829,0.6906963548466594,0.814264563987829,0.6906963548466594,1.0,1,0.4587594609528421,65
4783,7,12288,12288,0,0,0,0,0.7772172667619028,0.6316712230964896,0.7772172667619028,0.6316712230964896,1.0,1,0.48212642492429636,66
4784,8,12296,12296,0,0,0,0,0.7823869764314857,0.5758467848097372,0.7823869764314857,0.5758467848097372,1.0,1,0.5086706393926729,64
4785,6,12302,12302,0,0,0,0,0.7946273882285497,0.5889127690011035,0.7946273882285497,0.5889127690011035,1.0,1,0.4901430222791201,65
4786,8,12310,12310,0,0,0,0,0.7662692407655144,0.5582210796888322,0.7662692407655144,0.5582210796888322,1.0,1,0.5013054082803484,66
4787,9,12319,12319,0,0,0,0,0.7642749380064691,0.5345365038796012,0.7642749380064691,0.5345365038796012,1.0,1,0.5278401979282701,63
4788,8,12327,12327,0,0,0,0,0.7655886205863507,0.5117956047341145,0.7655886205863507,0.5117956047341145,1.0,1,0.5335402051003951,63
4789,8,12335,12335,0,0,0,0,0.7679818584769124,0.5056711945539102,0.7679818584769124,0.5056711945539102,1.0,1,0.5622990850531585,60
4790,6,12341,12341,0,0,0,0,0.816453951232696,0.622664102244503,0.816453951232696,0.622664102244503,1.0,1,0.5076738462594198,61
4791,6,12347,12347,0,0,0,0,0.8092102677526756,0.5923599040999288,0.8092102677526756,0.5923599040999288,1.0,1,0.5236446226797214,59
4792,5,12352,12352,0,0,0,0,0.8293468809485421,0.6273117540622366,0.8293468809485421,0.6273117540622366,1.0,1,0.5160513500269918,59
4793,6,12358,12358,0,0,0,0,0.7401734642819373,0.5365216627492808,0.7401734642819373,0.5365216627492808,1.0,1,0.5547680930869338,61
4794,2,12360,12360,0,0,0,0,0.7494436276965871,0.5550773471359303,0.7494436276965871,0.5550773471359303,1.0,1,0.5567685504596904,60
4795,0,12360,12360,0,0,0,0,0.7349770180733847,0.5550773471359303,0.7349770180733847,0.5550773471359303,1.0,1,0.5582559910759567,61
4796,3,12363,12363,0,0,0,0,0.7458819653393309,0.5822052351206576,0.7458819653393309,0.5822052351206576,1.0,1,0.5480748295138052,60
4797,0,12363,12363,0,0,0,0,0.7344030896429037,0.5822052351206576,0.7344030896429037,0.5822052351206576,1.0,1,0.5500036991190881,61
4798,1,12364,12364,0,0,0,0,0.7168270885986342,0.5504398426743383,0.7168270885986342,0.5504398426743383,1.0,1,0.5619832451887952,61
4799,4,12368,12368,0,0,0,0,0.75991188145392,0.6131789442254416,0.75991188145392,0.6131789442254416,1.0,1,0.5396364849458559,59
4800,0,12368,12368,0,0,0,0,0.7789701586011593,0.6131789442254416,0.7789701586011593,0.6131789442254416,1.0,1,0.5421135319029666,57
4801,0,12368,12368,0,0,0,0,0.7827810179356219,0.6131789442254416,0.7827810179356219,0.6131789442254416,1.0,1,0.5353086319697369,58
4802,3,12371,12371,0,0,0,0,0.8081130710006056,0.6385519664043547,0.8081130710006056,0.6385519664043547,1.0,1,0.5287467484874936,56
4803,1,12372,12372,0,0,0,0,0.7921978397317537,0.6846920183965695,0.7921978397317537,0.6846920183965695,1.0,1,0.5229379831906624,57
4804,1,12373,12373,0,0,0,0,0.8348077491980008,0.6773346195667541,0.8348077491980008,0.6773346195667541,1.0,1,0.5169091841269825,55
4805,3,12376,12376,0,0,0,0,0.8313249990389722,0.6295836834435268,0.8313249990389722,0.6295836834435268,1.0,1,0.5082725562030886,56
4806,0,12376,12376,0,0,0,0,0.8500283444045238,0.6295836834435268,0.8500283444045238,0.6295836834435268,1.0,1,0.5097574119054961,55
4807,3,12379,12379,0,0,0,0,0.8236403099595137,0.5341375586359101,0.8236403099595137,0.5341375586359101,1.0,1,0.5318751245907539,53
4808,3,12382,12382,0,0,0,0,0.8090526055627995,0.5104121640597686,0.8090526055627995,0.5104121640597686,1.0,1,0.5481471391298504,54
4809,3,12385,12385,0,0,0,0,0.8326253314532756,0.5579478655943796,0.8326253314532756,0.5579478655943796,1.0,1,0.5223900270917738,53
4810,2,12387,12387,0,0,0,0,0.8336483468008081,0.5606588562653404,0.8336483468008081,0.5606588562653404,1.0,1,0.5309903012110256,53
4811,5,12392,12392,0,0,0,0,0.8251962032483395,0.5917159164068483,0.8251962032483395,0.5917159164068483,1.0,1,0.5367113418211806,54
4812,1,12393,12393,0,0,0,0,0.8280109025608975,0.6147408514624723,0.8280109025608975,0.6147408514624723,1.0,1,0.5340404451472822,54
4813,6,12399,12399,0,0,0,0,0.7954023857515605,0.6077001370724561,0.7954023857515605,0.6077001370724561,1.0,1,0.5405511656054426,55
4814,5,12404,12404,0,0,0,0,0.7506467603063952,0.55472037430676,0.7506467603063952,0.55472037430676,1.0,1,0.5791560152871551,55
4815,4,12408,12408,0,0,0,0,0.722207949443453,0.5496751358825029,0.722207949443453,0.5496751358825029,1.0,1,0.5949016467362674,56
4816,1,12409,12409,0,0,0,0,0.7384221252075845,0.5751011902532734,0.7384221252075845,0.5751011902532734,1.0,1,0.5850719095233768,56
4817,3,12412,12412,0,0,0,0,0.7299113338479274,0.5228917066720971,0.7299113338479274,0.5228917066720971,1.0,1,0.5963514907778047,58
4818,5,12417,12417,0,0,0,0,0.7286291165342033,0.5228917066720971,0.7286291165342033,0.5228917066720971,1.0,1,0.5886839547287419,58
4819,3,12420,12420,0,0,0,0,0.7577824668264106,0.5228917066720971,0.7577824668264106,0.5228917066720971,1.0,1,0.5625613995511608,58
4820,1,12421,12421,0,0,0,0,0.7577824668264106,0.5228917066720971,0.7577824668264106,0.5228917066720971,1.0,1,0.5610131224295766,58
4821,4,12425,12425,0,0,0,0,0.7933209008209532,0.49486618632483204,0.7933209008209532,0.49486618632483204,1.0,1,0.5473285761641649,58
4822,2,12427,12427,0,0,0,0,0.7933209008209532,0.49486618632483204,0.7933209008209532,0.49486618632483204,1.0,1,0.55375084581107,58
4823,1,12428,12428,0,0,0,0,0.7928356275112164,0.47274962889578553,0.7928356275112164,0.47274962889578553,1.0,1,0.5561586661295598,57
4824,3,12431,12431,0,0,0,0,0.7556040832998782,0.47274962889578553,0.7556040832998782,0.47274962889578553,1.0,1,0.5850323945316457,56
4825,3,12434,12434,0,0,0,0,0.7631031625757564,0.4308717739927264,0.7631031625757564,0.4308717739927264,1.0,1,0.5745596704788087,57
4826,1,12435,12435,0,0,0,0,0.7431326382477471,0.4308717739927264,0.7431326382477471,0.4308717739927264,1.0,1,0.5860967175866979,57
4827,2,12437,12437,0,0,0,0,0.7397285886305155,0.41157755820654796,0.7397285886305155,0.41157755820654796,1.0,1,0.6023465936279592,56
4828,1,12438,12438,0,0,0,0,0.7636896807435363,0.43405966243608063,0.7636896807435363,0.43405966243608063,1.0,1,0.5615880692740202,57
4829,2,12440,12440,0,0,0,0,0.767560218500533,0.43405966243608063,0.767560218500533,0.43405966243608063,1.0,1,0.5696040367873463,56
4830,1,12441,12441,0,0,0,0,0.7716381094040324,0.43405966243608063,0.7716381094040324,0.43405966243608063,1.0,1,0.5537663101480675,57
4831,1,12442,12442,0,0,0,0,0.7524373148446346,0.4120386227560073,0.7524373148446346,0.4120386227560073,1.0,1,0.5776474783435824,57
4832,1,12443,12443,0,0,0,0,0.7272528040464052,0.4120386227560073,0.7272528040464052,0.4120386227560073,1.0,1,0.5996321544507041,55
4833,1,12444,12444,0,0,0,0,0.706707855991294,0.4120386227560073,0.706707855991294,0.4120386227560073,1.0,1,0.6041541820046719,55
4834,1,12445,12445,0,0,0,0,0.6666962428694483,0.39539230224656896,0.6666962428694483,0.39539230224656896,1.0,1,0.6226618489889962,55
4835,4,12449,12449,0,0,0,0,0.6273953748952539,0.39539230224656896,0.6273953748952539,0.39539230224656896,1.0,1,0.6456789596780245,55
4836,4,12453,12453,0,0,0,0,0.5578028024234951,0.39539230224656896,0.5578028024234951,0.39539230224656896,1.0,1,0.6732880742377808,55
4837,3,12456,12456,0,0,0,0,0.580698868804317,0.4208201682121671,0.580698868804317,0.4208201682121671,1.0,1,0.6580269288695132,53
4838,0,12456,12456,0,0,0,0,0.5884637045672,0.4208201682121671,0.5884637045672,0.4208201682121671,1.0,1,0.649098650038546,54
4839,3,12459,12459,0,0,0,0,0.5938540574971466,0.45425456129224223,0.5938540574971466,0.45425456129224223,1.0,1,0.6467286283991763,53
4840,3,12462,12462,0,0,0,0,0.5863913446117515,0.43738101498711757,0.5863913446117515,0.43738101498711757,1.0,1,0.6553960901096525,52
4841,1,12463,12463,0,0,0,0,0.6152976003949535,0.44983493867727614,0.6152976003949535,0.44983493867727614,1.0,1,0.6458300684045676,51
4842,3,12466,12466,0,0,0,0,0.6481935276593291,0.46597038372061983,0.6481935276593291,0.46597038372061983,1.0,1,0.6365959853042178,50
4843,3,12469,12469,0,0,0,0,0.6302095485733537,0.43921012074962484,0.6302095485733537,0.43921012074962484,1.0,1,0.6351349419829126,51
4844,2,12471,12471,0,0,0,0,0.6250637381795937,0.4504076482094684,0.6250637381795937,0.4504076482094684,1.0,1,0.6423309032288368,50
4845,2,12473,12473,0,0,0,0,0.6592178584090622,0.45229688053413486,0.6592178584090622,0.45229688053413486,1.0,1,0.630099645380038,49
4846,2,12475,12475,0,0,0,0,0.6558545401305234,0.4460550953901324,0.6558545401305234,0.4460550953901324,1.0,1,0.6375111315247423,49
4847,1,12476,12476,0,0,0,0,0.6666334183682523,0.44390215446082615,0.6666334183682523,0.44390215446082615,1.0,1,0.6374803646469208,48
4848,2,12478,12478,0,0,0,0,0.6636521099925239,0.4037448468582648,0.6636521099925239,0.4037448468582648,1.0,1,0.6475575551462763,48
4849,1,12479,12479,0,0,0,0,0.6808655321189044,0.42624721743581656,0.6808655321189044,0.42624721743581656,1.0,1,0.6357743209897527,48
4850,3,12482,12482,0,0,0,0,0.6880210423473921,0.3885212430008885,0.6880210423473921,0.3885212430008885,1.0,1,0.6153679969461996,49
4851,2,12484,12484,0,0,0,0,0.7071940348844167,0.4021878212223507,0.7071940348844167,0.4021878212223507,1.0,1,0.5849732368593041,49
4852,1,12485,12485,0,0,0,0,0.6875408030768463,0.38757997403061856,0.6875408030768463,0.38757997403061856,1.0,1,0.6120360830078104,49
4853,3,12488,12488,0,0,0,0,0.6720299016912233,0.3692882724831216,0.6720299016912233,0.3692882724831216,1.0,1,0.6289050384692663,50
4854,0,12488,12488,0,0,0,0,0.6617149958266584,0.3610172143392438,0.6617149958266584,0.3610172143392438,1.0,1,0.6320287260409456,51
4855,2,12490,12490,0,0,0,0,0.6617149958266584,0.3610172143392438,0.6617149958266584,0.3610172143392438,1.0,1,0.6552201718210003,51
4856,1,12491,12491,0,0,0,0,0.6549492957431916,0.3610172143392438,0.6549492957431916,0.3610172143392438,1.0,1,0.6446007407643637,50
4857,1,12492,12492,0,0,0,0,0.6617149958266584,0.3610172143392438,0.6617149958266584,0.3610172143392438,1.0,1,0.6472839353635905,51
4858,1,12493,12493,0,0,0,0,0.6617149958266586,0.3610172143392438,0.6617149958266586,0.3610172143392438,1.0,1,0.6657490067796688,51
4859,2,12495,12495,0,0,0,0,0.6290984572218723,0.3349351646737021,0.6290984572218723,0.3349351646737021,1.0,1,0.695550137474597,52
4860,4,12499,12499,0,0,0,0,0.667998560154268,0.3605898195563678,0.667998560154268,0.3605898195563678,1.0,1,0.673791934297782,52
4861,2,12501,12501,0,0,0,0,0.6570959283352419,0.3509315786345649,0.6570959283352419,0.3509315786345649,1.0,1,0.6752124037981193,53
4862,4,12505,12505,0,0,0,0,0.6958789436618705,0.3800609236184282,0.6958789436618705,0.3800609236184282,1.0,1,0.6598590713752077,53
4863,5,12510,12510,0,0,0,0,0.7031082053348373,0.39686846538052384,0.7031082053348373,0.39686846538052384,1.0,1,0.6622087578926652,51
4864,6,12516,12516,0,0,0,0,0.6627818582516973,0.41621358333577424,0.6627818582516973,0.41621358333577424,1.0,1,0.6653205671764311,53
4865,3,12519,12519,0,0,0,0,0.6584739391347938,0.43785394756779794,0.6584739391347938,0.43785394756779794,1.0,1,0.6672782480055741,52
4866,7,12526,12526,0,0,0,0,0.6930963904165093,0.4998040467998299,0.6930963904165093,0.4998040467998299,1.0,1,0.6446560345466211,53
4867,4,12530,12530,0,0,0,0,0.6571755543740938,0.4998040467998299,0.6571755543740938,0.4998040467998299,1.0,1,0.6524080182113748,51
4868,1,12531,12531,0,0,0,0,0.6911752360223842,0.4998040467998299,0.6911752360223842,0.4998040467998299,1.0,1,0.6234162967180318,53
4869,7,12538,12538,0,0,0,0,0.7171487474024456,0.4998040467998299,0.7171487474024456,0.4998040467998299,1.0,1,0.6072418897047146,53
4870,4,12542,12542,0,0,0,0,0.7096058500270096,0.4998040467998299,0.7096058500270096,0.4998040467998299,1.0,1,0.6112261254324031,55
4871,4,12546,12546,0,0,0,0,0.689665269474356,0.4998040467998299,0.689665269474356,0.4998040467998299,1.0,1,0.6238118796251554,55
4872,2,12548,12548,0,0,0,0,0.6734744291046791,0.47983555695787433,0.6734744291046791,0.47983555695787433,1.0,1,0.6411077250180652,56
4873,1,12549,12549,0,0,0,0,0.6588385435171566,0.47983555695787433,0.6588385435171566,0.47983555695787433,1.0,1,0.6488995777139479,56
4874,5,12554,12554,0,0,0,0,0.6014398584849073,0.4592489757790202,0.6014398584849073,0.4592489757790202,1.0,1,0.6559213601907404,58
4875,2,12556,12556,0,0,0,0,0.6434341818712073,0.48629392289295365,0.6434341818712073,0.48629392289295365,1.0,1,0.6319805693198824,56
4876,2,12558,12558,0,0,0,0,0.6652519374446465,0.46754956178598256,0.6652519374446465,0.46754956178598256,1.0,1,0.6312969263335538,56
4877,2,12560,12560,0,0,0,0,0.6729681533517179,0.49400142934942975,0.6729681533517179,0.49400142934942975,1.0,1,0.6327981718146175,54
4878,2,12562,12562,0,0,0,0,0.6677126565745096,0.49400142934942975,0.6677126565745096,0.49400142934942975,1.0,1,0.6346494845438179,54
4879,3,12565,12565,0,0,0,0,0.7275768540581687,0.49644418032491805,0.7275768540581687,0.49644418032491805,1.0,1,0.5978818729561869,54
4880,0,12565,12565,0,0,0,0,0.7654951522969304,0.5635484599694461,0.7654951522969304,0.5635484599694461,1.0,1,0.5755271952450657,53
4881,4,12569,12569,0,0,0,0,0.751122046075704,0.4940925920311671,0.751122046075704,0.4940925920311671,1.0,1,0.5877096890504845,54
4882,0,12569,12569,0,0,0,0,0.7790307584488999,0.5409522987970222,0.7790307584488999,0.5409522987970222,1.0,1,0.577179451936256,52
4883,0,12569,12569,0,0,0,0,0.7699121955040599,0.5183192901817566,0.7699121955040599,0.5183192901817566,1.0,1,0.5754573963314114,54
4884,2,12571,12571,0,0,0,0,0.798556272222399,0.5792429336283323,0.798556272222399,0.5792429336283323,1.0,1,0.5549773824812461,52
4885,0,12571,12571,0,0,0,0,0.8178038455192601,0.6215936502697681,0.8178038455192601,0.6215936502697681,1.0,1,0.5469136134117061,51
4886,2,12573,12573,0,0,0,0,0.8347483752861666,0.6617852266473356,0.8347483752861666,0.6617852266473356,1.0,1,0.5507582035523244,50
4887,2,12575,12575,0,0,0,0,0.8114081305272657,0.6941284083761279,0.8114081305272657,0.6941284083761279,1.0,1,0.5727956431437762,49
4888,3,12578,12578,0,0,0,0,0.8223410613716228,0.6950198327852894,0.8223410613716228,0.6950198327852894,1.0,1,0.577952030552273,48
4889,0,12578,12578,0,0,0,0,0.8223410613716228,0.6950198327852894,0.8223410613716228,0.6950198327852894,1.0,1,0.577952030552273,48
4890,1,12579,12579,0,0,0,0,0.8222589318007735,0.6380545837923166,0.8222589318007735,0.6380545837923166,1.0,1,0.5841472532522245,48
4891,0,12579,12579,0,0,0,0,0.8024747345524575,0.5944311772834824,0.8024747345524575,0.5944311772834824,1.0,1,0.5915688743120289,49
4892,2,12581,12581,0,0,0,0,0.7467483217307692,0.5537478741226631,0.7467483217307692,0.5537478741226631,1.0,1,0.6226500587904824,51
4893,0,12581,12581,0,0,0,0,0.745600855926825,0.5506678343331286,0.745600855926825,0.5506678343331286,1.0,1,0.623193216597319,51
4894,2,12583,12583,0,0,0,0,0.7113492788336253,0.5506678343331286,0.7113492788336253,0.5506678343331286,1.0,1,0.6370989765743007,52
4895,0,12583,12583,0,0,0,0,0.7113492788336253,0.5506678343331286,0.7113492788336253,0.5506678343331286,1.0,1,0.6370989765743007,52
4896,0,12583,12583,0,0,0,0,0.7056894607715395,0.5506678343331286,0.7056894607715395,0.5506678343331286,1.0,1,0.6398892187947224,51
4897,2,12585,12585,0,0,0,0,0.7116380023502239,0.5506678343331286,0.7116380023502239,0.5506678343331286,1.0,1,0.6215609715160354,52
4898,3,12588,12588,0,0,0,0,0.7456312712829509,0.5506678343331286,0.7456312712829509,0.5506678343331286,1.0,1,0.5895937916074256,52
4899,2,12590,12590,0,0,0,0,0.7126800777222289,0.5506678343331286,0.7126800777222289,0.5506678343331286,1.0,1,0.6079827216766146,53
4900,4,12594,12594,0,0,0,0,0.7197059473092289,0.5506678343331286,0.7197059473092289,0.5506678343331286,1.0,1,0.5950975865879619,54
4901,2,12596,12596,0,0,0,0,0.7197029158524122,0.5223712957084796,0.7197029158524122,0.5223712957084796,1.0,1,0.6059074087885721,54
4902,3,12599,12599,0,0,0,0,0.7087083195549926,0.5030799061477969,0.7087083195549926,0.5030799061477969,1.0,1,0.619421821064344,55
4903,6,12605,12605,0,0,0,0,0.6618563878070007,0.4359588042358336,0.6618563878070007,0.4359588042358336,1.0,1,0.6488239041580119,56
4904,2,12607,12607,0,0,0,0,0.6558055748184098,0.4145267983796105,0.6558055748184098,0.4145267983796105,1.0,1,0.6667075164762424,55
4905,1,12608,12608,0,0,0,0,0.6492300328050145,0.39865097167563057,0.6492300328050145,0.39865097167563057,1.0,1,0.6727068257344677,54
4906,1,12609,12609,0,0,0,0,0.6194632395092005,0.3843090930269147,0.6194632395092005,0.3843090930269147,1.0,1,0.6892882794031119,54
4907,2,12611,12611,0,0,0,0,0.6306330862332366,0.37067092672097035,0.6306330862332366,0.37067092672097035,1.0,1,0.6880693712624424,54
4908,1,12612,12612,0,0,0,0,0.611812169937853,0.37067092672097035,0.611812169937853,0.37067092672097035,1.0,1,0.6966374501159961,53
4909,2,12614,12614,0,0,0,0,0.6602032128652338,0.37067092672097035,0.6602032128652338,0.37067092672097035,1.0,1,0.6676824789037175,54
4910,0,12614,12614,0,0,0,0,0.666381336267684,0.37067092672097035,0.666381336267684,0.37067092672097035,1.0,1,0.6631173056728613,55
4911,5,12619,12619,0,0,0,0,0.6740262953955096,0.35977449831591574,0.6740262953955096,0.35977449831591574,1.0,1,0.634738417163978,57
4912,3,12622,12622,0,0,0,0,0.6689734226071795,0.37350475403204714,0.6689734226071795,0.37350475403204714,1.0,1,0.6296452382565507,57
4913,6,12628,12628,0,0,0,0,0.7042122474862949,0.40660032520374406,0.7042122474862949,0.40660032520374406,1.0,1,0.5980395372748442,56
4914,6,12634,12634,0,0,0,0,0.7444034891595851,0.4274638157174707,0.7444034891595851,0.4274638157174707,1.0,1,0.5633990362530309,56
4915,2,12636,12636,0,0,0,0,0.7978155017459317,0.48534854989873516,0.7978155017459317,0.48534854989873516,1.0,1,0.5354940221029135,56
4916,5,12641,12641,0,0,0,0,0.8054570421856773,0.5344951812793776,0.8054570421856773,0.5344951812793776,1.0,1,0.5346103232644522,54
4917,7,12648,12648,0,0,0,0,0.8191514157658232,0.6237086030429414,0.8191514157658232,0.6237086030429414,1.0,1,0.5312360472604594,53
4918,3,12651,12651,0,0,0,0,0.8508339107644277,0.715007130065619,0.8508339107644277,0.715007130065619,1.0,1,0.5129144827103179,52
4919,7,12658,12658,0,0,0,0,0.8624575342875493,0.681146807413372,0.8624575342875493,0.681146807413372,1.0,1,0.5393580638039708,49
4920,2,12660,12660,0,0,0,0,0.8675137525293756,0.7845701410217374,0.8675137525293756,0.7845701410217374,1.0,1,0.524868279449757,49
4921,2,12662,12662,0,0,0,0,0.8084514141346406,0.735491584043781,0.8084514141346406,0.735491584043781,1.0,1,0.5559513434979689,50
4922,3,12665,12665,0,0,0,0,0.7943815595535765,0.6229394917922517,0.7943815595535765,0.6229394917922517,1.0,1,0.5848234294090534,50
4923,2,12667,12667,0,0,0,0,0.7632747711584315,0.5601561737653848,0.7632747711584315,0.5601561737653848,1.0,1,0.600216913107725,52
4924,3,12670,12670,0,0,0,0,0.7415308646736627,0.5865279958765595,0.7415308646736627,0.5865279958765595,1.0,1,0.5978074261278621,53
4925,2,12672,12672,0,0,0,0,0.7877966771172559,0.5915254998794904,0.7877966771172559,0.5915254998794904,1.0,1,0.559033267027782,54
4926,0,12672,12672,0,0,0,0,0.7877966771172559,0.5915254998794904,0.7877966771172559,0.5915254998794904,1.0,1,0.559033267027782,54
4927,1,12673,12673,0,0,0,0,0.7897886346386097,0.5525069748496134,0.7897886346386097,0.5525069748496134,1.0,1,0.5690195980531124,54
4928,0,12673,12673,0,0,0,0,0.7897886346386097,0.5525069748496134,0.7897886346386097,0.5525069748496134,1.0,1,0.5690195980531124,54
4929,2,12675,12675,0,0,0,0,0.7600422697944399,0.5049432057751156,0.7600422697944399,0.5049432057751156,1.0,1,0.5817070717563794,55
4930,1,12676,12676,0,0,0,0,0.7238098165532514,0.4849401666257598,0.7238098165532514,0.4849401666257598,1.0,1,0.5831198500100385,58
4931,2,12678,12678,0,0,0,0,0.72453983666095,0.4869564126374989,0.72453983666095,0.4869564126374989,1.0,1,0.581464904250711,58
4932,3,12681,12681,0,0,0,0,0.7263428625440531,0.565982448448804,0.7263428625440531,0.565982448448804,1.0,1,0.558975824761625,59
4933,1,12682,12682,0,0,0,0,0.7264688373108877,0.5602537034594484,0.7264688373108877,0.5602537034594484,1.0,1,0.5596625643580307,59
4934,2,12684,12684,0,0,0,0,0.7073584303545049,0.5389858951767543,0.7073584303545049,0.5389858951767543,1.0,1,0.5802198596754362,59
4935,0,12684,12684,0,0,0,0,0.7073584303545049,0.5389858951767543,0.7073584303545049,0.5389858951767543,1.0,1,0.5802198596754362,59
4936,3,12687,12687,0,0,0,0,0.7248432947813105,0.4867078562700907,0.7248432947813105,0.4867078562700907,1.0,1,0.5712523055280893,59
4937,0,12687,12687,0,0,0,0,0.7146822103358511,0.4867078562700907,0.7146822103358511,0.4867078562700907,1.0,1,0.5611991675819132,61
4938,2,12689,12689,0,0,0,0,0.7230126529596028,0.46778119700656734,0.7230126529596028,0.46778119700656734,1.0,1,0.5519037614003458,62
4939,4,12693,12693,0,0,0,0,0.7615624992834147,0.46778119700656734,0.7615624992834147,0.46778119700656734,1.0,1,0.5182452642666754,63
4940,2,12695,12695,0,0,0,0,0.7401994456476062,0.44126544555031305,0.7401994456476062,0.44126544555031305,1.0,1,0.5435476581060714,65
4941,3,12698,12698,0,0,0,0,0.7707518744652805,0.44126544555031305,0.7707518744652805,0.44126544555031305,1.0,1,0.5224577548532988,65
4942,3,12701,12701,0,0,0,0,0.7155261589042324,0.41911354562081743,0.7155261589042324,0.41911354562081743,1.0,1,0.5547087109570342,67
4943,3,12704,12704,0,0,0,0,0.7125466100658376,0.41911354562081743,0.7125466100658376,0.41911354562081743,1.0,1,0.5571576234509259,66
4944,2,12706,12706,0,0,0,0,0.7262535218188539,0.41911354562081743,0.7262535218188539,0.41911354562081743,1.0,1,0.5758644036823107,63
4945,3,12709,12709,0,0,0,0,0.7144420257457283,0.41911354562081743,0.7144420257457283,0.41911354562081743,1.0,1,0.5923542937281351,61
4946,4,12713,12713,0,0,0,0,0.7293074784463707,0.4344470428352319,0.7293074784463707,0.4344470428352319,1.0,1,0.5907671548328924,60
4947,3,12716,12716,0,0,0,0,0.7179002732105919,0.45909866068225585,0.7179002732105919,0.45909866068225585,1.0,1,0.6098478245913215,58
4948,6,12722,12722,0,0,0,0,0.6466207448608526,0.4819029647323845,0.6466207448608526,0.4819029647323845,1.0,1,0.6481147532934118,57
4949,1,12723,12723,0,0,0,0,0.6619287792758454,0.4819029647323845,0.6619287792758454,0.4819029647323845,1.0,1,0.6494500680792302,56
4950,6,12729,12729,0,0,0,0,0.6602420322457281,0.46174441254237,0.6602420322457281,0.46174441254237,1.0,1,0.6300202024812656,57
4951,2,12731,12731,0,0,0,0,0.6976960069341328,0.4868066210042671,0.6976960069341328,0.4868066210042671,1.0,1,0.6202116848044353,55
4952,1,12732,12732,0,0,0,0,0.7025469899001952,0.4708256318152772,0.7025469899001952,0.4708256318152772,1.0,1,0.6244742573353289,55
4953,5,12737,12737,0,0,0,0,0.6965531663237665,0.49036622782689404,0.6965531663237665,0.49036622782689404,1.0,1,0.6374235848995627,54
4954,3,12740,12740,0,0,0,0,0.7009629087700715,0.49036622782689404,0.7009629087700715,0.49036622782689404,1.0,1,0.6356226273276135,54
4955,1,12741,12741,0,0,0,0,0.7069991676410654,0.5434760020205247,0.7069991676410654,0.5434760020205247,1.0,1,0.636656916304859,52
4956,1,12742,12742,0,0,0,0,0.6868277298597523,0.5434760020205247,0.6868277298597523,0.5434760020205247,1.0,1,0.641730987046457,52
4957,2,12744,12744,0,0,0,0,0.7095681955309311,0.5489713074881972,0.7095681955309311,0.5489713074881972,1.0,1,0.6178804448778553,53
4958,1,12745,12745,0,0,0,0,0.7029587689480711,0.5327054326173903,0.7029587689480711,0.5327054326173903,1.0,1,0.6319628151238396,52
4959,2,12747,12747,0,0,0,0,0.7010310093126189,0.5327054326173903,0.7010310093126189,0.5327054326173903,1.0,1,0.6327267037492135,51
4960,1,12748,12748,0,0,0,0,0.6767246543464557,0.5133927588321578,0.6767246543464557,0.5133927588321578,1.0,1,0.6335491296851999,53
4961,1,12749,12749,0,0,0,0,0.656069701923098,0.5133927588321578,0.656069701923098,0.5133927588321578,1.0,1,0.649337224162789,53
4962,3,12752,12752,0,0,0,0,0.6205621672884734,0.46853388591144324,0.6205621672884734,0.46853388591144324,1.0,1,0.6695505507523454,55
4963,2,12754,12754,0,0,0,0,0.6346892191304835,0.47212117370798223,0.6346892191304835,0.47212117370798223,1.0,1,0.6689227898169853,54
4964,6,12760,12760,0,0,0,0,0.6557511419870566,0.4699152069191223,0.6557511419870566,0.4699152069191223,1.0,1,0.6479612393327852,54
4965,6,12766,12766,0,0,0,0,0.6911429414950577,0.5279835710779056,0.6911429414950577,0.5279835710779056,1.0,1,0.6196666092534218,54
4966,3,12769,12769,0,0,0,0,0.6922895060352379,0.5469484250718404,0.6922895060352379,0.5469484250718404,1.0,1,0.6217966530326696,54
4967,8,12777,12777,0,0,0,0,0.716764344739169,0.5276682629928431,0.716764344739169,0.5276682629928431,1.0,1,0.5833435011690514,55
4968,2,12779,12779,0,0,0,0,0.7166395691248605,0.5276682629928431,0.7166395691248605,0.5276682629928431,1.0,1,0.5925726020778282,55
4969,7,12786,12786,0,0,0,0,0.713256574621803,0.47651804857341845,0.713256574621803,0.47651804857341845,1.0,1,0.5722448508315787,57
4970,2,12788,12788,0,0,0,0,0.7417355693918843,0.47651804857341845,0.7417355693918843,0.47651804857341845,1.0,1,0.5737141427568461,56
4971,5,12793,12793,0,0,0,0,0.7302833469920411,0.4680868883604475,0.7302833469920411,0.4680868883604475,1.0,1,0.5764518272896947,57
4972,2,12795,12795,0,0,0,0,0.7470608068936514,0.4847434621041967,0.7470608068936514,0.4847434621041967,1.0,1,0.58349280375038,57
4973,3,12798,12798,0,0,0,0,0.6932620580190336,0.46541681010137886,0.6932620580190336,0.46541681010137886,1.0,1,0.5924783852963004,60
4974,1,12799,12799,0,0,0,0,0.6627082117303765,0.46541681010137886,0.6627082117303765,0.46541681010137886,1.0,1,0.6165585023892471,58
4975,2,12801,12801,0,0,0,0,0.6216480480035304,0.4481821151127005,0.6216480480035304,0.4481821151127005,1.0,1,0.6400321369346967,59
4976,2,12803,12803,0,0,0,0,0.6207666299677739,0.4481821151127005,0.6207666299677739,0.4481821151127005,1.0,1,0.6395287030638567,59
4977,2,12805,12805,0,0,0,0,0.6233038249364641,0.4481821151127005,0.6233038249364641,0.4481821151127005,1.0,1,0.6393090377509144,59
4978,5,12810,12810,0,0,0,0,0.6536617719774004,0.46541681010137886,0.6536617719774004,0.46541681010137886,1.0,1,0.6100881632077423,59
4979,6,12816,12816,0,0,0,0,0.6694827481239192,0.44876855135625976,0.6694827481239192,0.44876855135625976,1.0,1,0.5862984843733594,61
4980,4,12820,12820,0,0,0,0,0.6762042262431912,0.4310778303679657,0.6762042262431912,0.4310778303679657,1.0,1,0.5818273319662208,62
4981,4,12824,12824,0,0,0,0,0.6954912433696715,0.4310778303679657,0.6954912433696715,0.4310778303679657,1.0,1,0.5679524419330333,62
4982,4,12828,12828,0,0,0,0,0.6982472506878626,0.4310778303679657,0.6982472506878626,0.4310778303679657,1.0,1,0.5652335691909435,63
4983,3,12831,12831,0,0,0,0,0.7262779408753458,0.4310778303679657,0.7262779408753458,0.4310778303679657,1.0,1,0.5527968401481038,63
4984,2,12833,12833,0,0,0,0,0.6976358465980418,0.4310778303679657,0.6976358465980418,0.4310778303679657,1.0,1,0.5837796154006596,61
4985,4,12837,12837,0,0,0,0,0.6565493581747208,0.4310778303679657,0.6565493581747208,0.4310778303679657,1.0,1,0.625561124031818,59
4986,0,12837,12837,0,0,0,0,0.6553853433280092,0.40973388331436866,0.6553853433280092,0.40973388331436866,1.0,1,0.6208847715528885,62
4987,2,12839,12839,0,0,0,0,0.6640724424882348,0.40973388331436866,0.6640724424882348,0.40973388331436866,1.0,1,0.616684122925131,60
4988,3,12842,12842,0,0,0,0,0.6645456212424141,0.39313995491440573,0.6645456212424141,0.39313995491440573,1.0,1,0.6206723963005971,59
4989,1,12843,12843,0,0,0,0,0.6514313453967109,0.41364361532942545,0.6514313453967109,0.41364361532942545,1.0,1,0.6215629780887171,57
4990,2,12845,12845,0,0,0,0,0.6570829148599887,0.41364361532942545,0.6570829148599887,0.41364361532942545,1.0,1,0.640550395759663,55
4991,1,12846,12846,0,0,0,0,0.6510270387186897,0.435372996741429,0.6510270387186897,0.435372996741429,1.0,1,0.6483546905282859,54
4992,3,12849,12849,0,0,0,0,0.6492332763691867,0.4512326678770378,0.6492332763691867,0.4512326678770378,1.0,1,0.6685818415166004,52
4993,4,12853,12853,0,0,0,0,0.7031546294076992,0.4760387868750206,0.7031546294076992,0.4760387868750206,1.0,1,0.6297611093737034,51
4994,4,12857,12857,0,0,0,0,0.7324663581565724,0.48154055266319,0.7324663581565724,0.48154055266319,1.0,1,0.6210006269920578,49
4995,2,12859,12859,0,0,0,0,0.6950658750773625,0.48154055266319,0.6950658750773625,0.48154055266319,1.0,1,0.6428010681160871,48
4996,3,12862,12862,0,0,0,0,0.732698501951345,0.4695250831801519,0.732698501951345,0.4695250831801519,1.0,1,0.6283830702059554,48
4997,1,12863,12863,0,0,0,0,0.7347625415900759,0.4695250831801519,0.7347625415900759,0.4695250831801519,1.0,1,0.6307397115883459,46
4998,5,12868,12868,0,0,0,0,0.6839897440187839,0.41659645049621635,0.6839897440187839,0.41659645049621635,1.0,1,0.59867309670197,48
4999,0,12868,12868,0,0,0,0,0.6839897440187839,0.41659645049621635,0.6839897440187839,0.41659645049621635,1.0,1,0.5991903850379806,48
5000,2,12870,12870,0,0,0,0,0.7036933974795496,0.44294358726155336,0.7036933974795496,0.44294358726155336,1.0,1,0.5898974187388735,47
5001,0,12870,12870,0,0,0,0,0.711620143133821,0.45928776837591445,0.711620143133821,0.45928776837591445,1.0,1,0.5849933267364462,45
5002,1,12871,12871,0,0,0,0,0.699039613542429,0.4462328889180695,0.699039613542429,0.4462328889180695,1.0,1,0.5932161348529716,46
5003,0,12871,12871,0,0,0,0,0.6990396135424292,0.4462328889180695,0.6990396135424292,0.4462328889180695,1.0,1,0.5937916369693708,46
5004,1,12872,12872,0,0,0,0,0.699039613542429,0.4462328889180695,0.699039613542429,0.4462328889180695,1.0,1,0.6100195099983686,46
5005,1,12873,12873,0,0,0,0,0.6923516049544831,0.4462328889180695,0.6923516049544831,0.4462328889180695,1.0,1,0.6431562347920021,45
5006,1,12874,12874,0,0,0,0,0.6923516049544831,0.4462328889180695,0.6923516049544831,0.4462328889180695,1.0,1,0.652418661423596,45
5007,0,12874,12874,0,0,0,0,0.6990396135424292,0.4462328889180695,0.6990396135424292,0.4462328889180695,1.0,1,0.6526840646075087,46
5008,1,12875,12875,0,0,0,0,0.694497111951396,0.42424455713916936,0.694497111951396,0.42424455713916936,1.0,1,0.6386902853312961,49
5009,1,12876,12876,0,0,0,0,0.694497111951396,0.42424455713916936,0.694497111951396,0.42424455713916936,1.0,1,0.6472494662984186,49
5010,2,12878,12878,0,0,0,0,0.700607169712368,0.42424455713916936,0.700607169712368,0.42424455713916936,1.0,1,0.6704244802626709,50
5011,1,12879,12879,0,0,0,0,0.687404826997051,0.4095424509944299,0.687404826997051,0.4095424509944299,1.0,1,0.6562044965690318,51
5012,1,12880,12880,0,0,0,0,0.6934162726317231,0.4095424509944299,0.6934162726317231,0.4095424509944299,1.0,1,0.6494360205154711,52
5013,4,12884,12884,0,0,0,0,0.7130236839032318,0.42604736780646363,0.7130236839032318,0.42604736780646363,1.0,1,0.6349904135353903,52
5014,2,12886,12886,0,0,0,0,0.7373357514865307,0.4431517931514452,0.7373357514865307,0.4431517931514452,1.0,1,0.6283934724114044,53
5015,4,12890,12890,0,0,0,0,0.7563561657004908,0.48794026420431347,0.7563561657004908,0.48794026420431347,1.0,1,0.6258622186828863,54
5016,3,12893,12893,0,0,0,0,0.7648767959468501,0.48728594565091815,0.7648767959468501,0.48728594565091815,1.0,1,0.6082825781975773,55
5017,7,12900,12900,0,0,0,0,0.7826598717267028,0.5607317506818517,0.7826598717267028,0.5607317506818517,1.0,1,0.5870504752677138,55
5018,3,12903,12903,0,0,0,0,0.7900746567459079,0.538058074620552,0.7900746567459079,0.538058074620552,1.0,1,0.5784020955731315,56
5019,5,12908,12908,0,0,0,0,0.7933900418207608,0.5610636738600768,0.7933900418207608,0.5610636738600768,1.0,1,0.567133026266107,56
5020,3,12911,12911,0,0,0,0,0.7844528656234517,0.5610636738600768,0.7844528656234517,0.5610636738600768,1.0,1,0.5856285185768352,55
5021,3,12914,12914,0,0,0,0,0.7568727412753861,0.5364272156724701,0.7568727412753861,0.5364272156724701,1.0,1,0.5947440795892839,56
5022,2,12916,12916,0,0,0,0,0.74237850044229,0.5364272156724701,0.74237850044229,0.5364272156724701,1.0,1,0.6129777596828707,56
5023,5,12921,12921,0,0,0,0,0.7914762287190398,0.5930348302577461,0.7914762287190398,0.5930348302577461,1.0,1,0.5768649715493145,55
5024,4,12925,12925,0,0,0,0,0.7707763134195867,0.5592987766027324,0.7707763134195867,0.5592987766027324,1.0,1,0.6020070323204973,55
5025,5,12930,12930,0,0,0,0,0.7803533929929437,0.5592987766027324,0.7803533929929437,0.5592987766027324,1.0,1,0.6106799597146712,53
5026,2,12932,12932,0,0,0,0,0.7752371556534107,0.5569788898702994,0.7752371556534107,0.5569788898702994,1.0,1,0.606542160303403,52
5027,5,12937,12937,0,0,0,0,0.7539916105555056,0.5553262235411879,0.7539916105555056,0.5553262235411879,1.0,1,0.6232784741947316,51
5028,1,12938,12938,0,0,0,0,0.7575737700700859,0.5644607303033679,0.7575737700700859,0.5644607303033679,1.0,1,0.6106982386789515,51
5029,6,12944,12944,0,0,0,0,0.7303025125287169,0.5855918652554295,0.7303025125287169,0.5855918652554295,1.0,1,0.6304547485926185,50
5030,2,12946,12946,0,0,0,0,0.7676731653707126,0.6226795612114938,0.7676731653707126,0.6226795612114938,1.0,1,0.5892757700171765,49
5031,5,12951,12951,0,0,0,0,0.726881131257494,0.6122907841064897,0.726881131257494,0.6122907841064897,1.0,1,0.6101154853172609,49
5032,1,12952,12952,0,0,0,0,0.7460739682187189,0.6121516022483113,0.7460739682187189,0.6121516022483113,1.0,1,0.613135726849928,48
5033,5,12957,12957,0,0,0,0,0.70200673353526,0.5581752704730641,0.70200673353526,0.5581752704730641,1.0,1,0.6281835902235908,50
5034,0,12957,12957,0,0,0,0,0.7345651730801948,0.6175698201855738,0.7345651730801948,0.6175698201855738,1.0,1,0.6074256755736166,49
5035,3,12960,12960,0,0,0,0,0.7345651730801946,0.6175698201855738,0.7345651730801946,0.6175698201855738,1.0,1,0.601079217968858,49
5036,0,12960,12960,0,0,0,0,0.7660545238885638,0.6386114743208213,0.7660545238885638,0.6386114743208213,1.0,1,0.5954484057203376,47
5037,0,12960,12960,0,0,0,0,0.7590978235669325,0.5977950933649155,0.7590978235669325,0.5977950933649155,1.0,1,0.601465830675807,47
5038,1,12961,12961,0,0,0,0,0.7589428699117191,0.5714235806007192,0.7589428699117191,0.5714235806007192,1.0,1,0.6055401237822778,47
5039,0,12961,12961,0,0,0,0,0.7444346863434518,0.5714235806007192,0.7444346863434518,0.5714235806007192,1.0,1,0.6067653497589743,48
5040,0,12961,12961,0,0,0,0,0.7444346863434518,0.5714235806007192,0.7444346863434518,0.5714235806007192,1.0,1,0.6067653497589743,48
5041,3,12964,12964,0,0,0,0,0.7246236376812232,0.5465495845822578,0.7246236376812232,0.5465495845822578,1.0,1,0.6398011788113253,48
5042,1,12965,12965,0,0,0,0,0.718775557572154,0.5465495845822578,0.718775557572154,0.5465495845822578,1.0,1,0.6390200573579804,50
5043,2,12967,12967,0,0,0,0,0.7242897623256411,0.5465495845822578,0.7242897623256411,0.5465495845822578,1.0,1,0.6227567882419476,51
5044,1,12968,12968,0,0,0,0,0.7242897623256411,0.5465495845822578,0.7242897623256411,0.5465495845822578,1.0,1,0.6373741431294656,51
5045,2,12970,12970,0,0,0,0,0.6920081590996094,0.525117719636237,0.6920081590996094,0.525117719636237,1.0,1,0.6361126345659507,52
5046,0,12970,12970,0,0,0,0,0.7047184023261903,0.5480382894025349,0.7047184023261903,0.5480382894025349,1.0,1,0.6318373248931713,51
5047,1,12971,12971,0,0,0,0,0.7047184023261903,0.5480382894025349,0.7047184023261903,0.5480382894025349,1.0,1,0.6441041155922601,51
5048,1,12972,12972,0,0,0,0,0.6913517899345875,0.5235663016098214,0.6913517899345875,0.5235663016098214,1.0,1,0.6412605249988764,52
5049,0,12972,12972,0,0,0,0,0.66588856091524,0.4969563965883442,0.66588856091524,0.4969563965883442,1.0,1,0.6467617804610257,54
5050,0,12972,12972,0,0,0,0,0.63936928124001,0.4510677832619807,0.63936928124001,0.4510677832619807,1.0,1,0.6523795960905515,56
5051,1,12973,12973,0,0,0,0,0.6328123590807374,0.4510677832619807,0.6328123590807374,0.4510677832619807,1.0,1,0.6543877533688138,55
5052,0,12973,12973,0,0,0,0,0.6328123590807374,0.4510677832619807,0.6328123590807374,0.4510677832619807,1.0,1,0.6543877533688138,55
5053,2,12975,12975,0,0,0,0,0.6328123590807376,0.4510677832619807,0.6328123590807376,0.4510677832619807,1.0,1,0.664962488548018,55
5054,2,12977,12977,0,0,0,0,0.6750553429830258,0.4510677832619807,0.6750553429830258,0.4510677832619807,1.0,1,0.6490635224189375,55
5055,1,12978,12978,0,0,0,0,0.6371127324098264,0.4276918634532902,0.6371127324098264,0.4276918634532902,1.0,1,0.6706716986198792,55
5056,3,12981,12981,0,0,0,0,0.6625621542267008,0.4102156452736443,0.6625621542267008,0.4102156452736443,1.0,1,0.6501830065994497,56
5057,1,12982,12982,0,0,0,0,0.6733331060799563,0.3996362275603514,0.6733331060799563,0.3996362275603514,1.0,1,0.6377420633009602,58
5058,2,12984,12984,0,0,0,0,0.7002125014603973,0.3996362275603514,0.7002125014603973,0.3996362275603514,1.0,1,0.6290522829075251,59
5059,5,12989,12989,0,0,0,0,0.6724595437616918,0.3996362275603514,0.6724595437616918,0.3996362275603514,1.0,1,0.6299515423630978,59
5060,5,12994,12994,0,0,0,0,0.663713616724517,0.3996362275603514,0.663713616724517,0.3996362275603514,1.0,1,0.6421595673727643,59
5061,3,12997,12997,0,0,0,0,0.6840175054386494,0.3996362275603514,0.6840175054386494,0.3996362275603514,1.0,1,0.6499461628088986,59
5062,5,13002,13002,0,0,0,0,0.64380202478051,0.3996362275603514,0.64380202478051,0.3996362275603514,1.0,1,0.6755820368460755,59
5063,3,13005,13005,0,0,0,0,0.6278466746450295,0.364164428024738,0.6278466746450295,0.364164428024738,1.0,1,0.6998852330091542,59
5064,4,13009,13009,0,0,0,0,0.6442231678496608,0.3487662797770028,0.6442231678496608,0.3487662797770028,1.0,1,0.7062508232666223,57
5065,4,13013,13013,0,0,0,0,0.6918570774246657,0.3947192592270221,0.6918570774246657,0.3947192592270221,1.0,1,0.6738908887384902,55
5066,3,13016,13016,0,0,0,0,0.6837197067419909,0.39059756666866957,0.6837197067419909,0.39059756666866957,1.0,1,0.6790113896627077,55
5067,6,13022,13022,0,0,0,0,0.7193722055644608,0.41854361727443007,0.7193722055644608,0.41854361727443007,1.0,1,0.6556652340857181,54
5068,3,13025,13025,0,0,0,0,0.7059187847712715,0.41183756954254286,0.7059187847712715,0.41183756954254286,1.0,1,0.6515987297786754,54
5069,3,13028,13028,0,0,0,0,0.7431949761072549,0.44530114839167056,0.7431949761072549,0.44530114839167056,1.0,1,0.6286129411215737,54
5070,2,13030,13030,0,0,0,0,0.7768020873962175,0.4953786323740568,0.7768020873962175,0.4953786323740568,1.0,1,0.6214034707424678,52
5071,3,13033,13033,0,0,0,0,0.805094209757438,0.5215948784955294,0.805094209757438,0.5215948784955294,1.0,1,0.593216737866183,54
5072,5,13038,13038,0,0,0,0,0.8111939759493771,0.6101808538527009,0.8111939759493771,0.6101808538527009,1.0,1,0.5969151637277818,52
5073,2,13040,13040,0,0,0,0,0.8347004990079889,0.6452459113767578,0.8347004990079889,0.6452459113767578,1.0,1,0.5875770934416213,51
5074,1,13041,13041,0,0,0,0,0.8558365524388196,0.6452459113767578,0.8558365524388196,0.6452459113767578,1.0,1,0.5725691557480029,52
5075,4,13045,13045,0,0,0,0,0.8519628260972424,0.6292906513384113,0.8519628260972424,0.6292906513384113,1.0,1,0.565133090164071,53
5076,0,13045,13045,0,0,0,0,0.8519628260972423,0.6292906513384113,0.8519628260972423,0.6292906513384113,1.0,1,0.565133090164071,53
5077,0,13045,13045,0,0,0,0,0.8250813074481409,0.5688877579016728,0.8250813074481409,0.5688877579016728,1.0,1,0.565020815120106,56
5078,0,13045,13045,0,0,0,0,0.8219009675835617,0.5688877579016728,0.8219009675835617,0.5688877579016728,1.0,1,0.5750278188274853,55
5079,0,13045,13045,0,0,0,0,0.8250813074481409,0.5688877579016728,0.8250813074481409,0.5688877579016728,1.0,1,0.5721097199264005,56
5080,1,13046,13046,0,0,0,0,0.8459801792235313,0.5688877579016728,0.8459801792235313,0.5688877579016728,1.0,1,0.5536665410456161,57
5081,2,13048,13048,0,0,0,0,0.8007568158559595,0.5437717419831862,0.8007568158559595,0.5437717419831862,1.0,1,0.5679584663167117,58
5082,0,13048,13048,0,0,0,0,0.8007568158559594,0.5437717419831862,0.8007568158559594,0.5437717419831862,1.0,1,0.5679584663167117,58
5083,3,13051,13051,0,0,0,0,0.753938558893855,0.5437717419831862,0.753938558893855,0.5437717419831862,1.0,1,0.586382774662768,59
5084,2,13053,13053,0,0,0,0,0.7177503335697369,0.5437717419831862,0.7177503335697369,0.5437717419831862,1.0,1,0.5949041300584622,59
5085,7,13060,13060,0,0,0,0,0.6723368488200524,0.5200478260741065,0.6723368488200524,0.5200478260741065,1.0,1,0.60841997210817,60
5086,1,13061,13061,0,0,0,0,0.6929500056084301,0.5425371880233664,0.6929500056084301,0.5425371880233664,1.0,1,0.5866138891619579,61
5087,6,13067,13067,0,0,0,0,0.621058500511906,0.4679133209326494,0.621058500511906,0.4679133209326494,1.0,1,0.6214587299646769,62
5088,4,13071,13071,0,0,0,0,0.651500375329615,0.4454544680503783,0.651500375329615,0.4454544680503783,1.0,1,0.5983024527381047,64
5089,7,13078,13078,0,0,0,0,0.6245680769294645,0.42301520838820617,0.6245680769294645,0.42301520838820617,1.0,1,0.6224259097831101,64
5090,4,13082,13082,0,0,0,0,0.6758208751506498,0.4076415591226909,0.6758208751506498,0.4076415591226909,1.0,1,0.6034822337246027,64
5091,6,13088,13088,0,0,0,0,0.6549496984995906,0.38926773441500395,0.6549496984995906,0.38926773441500395,1.0,1,0.6241128213944422,64
5092,3,13091,13091,0,0,0,0,0.6593884772048322,0.40207970331761733,0.6593884772048322,0.40207970331761733,1.0,1,0.619416961325723,64
5093,5,13096,13096,0,0,0,0,0.6423368701393752,0.4020956129182146,0.6423368701393752,0.4020956129182146,1.0,1,0.6318801890930525,64
5094,3,13099,13099,0,0,0,0,0.6771901847709041,0.3874672943270205,0.6771901847709041,0.3874672943270205,1.0,1,0.6020369179739725,65
5095,6,13105,13105,0,0,0,0,0.6149229872901819,0.4214407170056634,0.6149229872901819,0.4214407170056634,1.0,1,0.6228730735654879,66
5096,4,13109,13109,0,0,0,0,0.5998055520648231,0.4087934152516056,0.5998055520648231,0.4087934152516056,1.0,1,0.6334301904280788,66
5097,5,13114,13114,0,0,0,0,0.6212861831269489,0.44567081182092405,0.6212861831269489,0.44567081182092405,1.0,1,0.6090594634249699,67
5098,5,13119,13119,0,0,0,0,0.6895512153716516,0.44567081182092405,0.6895512153716516,0.44567081182092405,1.0,1,0.5681849624788945,67
5099,5,13124,13124,0,0,0,0,0.7124779401965216,0.4667576953172992,0.7124779401965216,0.4667576953172992,1.0,1,0.5389371915387909,70
5100,6,13130,13130,0,0,0,0,0.7772689390885528,0.4667576953172992,0.7772689390885528,0.4667576953172992,1.0,1,0.5137703380434824,71
5101,2,13132,13132,0,0,0,0,0.8044252386640384,0.4667576953172992,0.8044252386640384,0.4667576953172992,1.0,1,0.4905402461922206,72
5102,4,13136,13136,0,0,0,0,0.7837149599877858,0.4494055738411632,0.7837149599877858,0.4494055738411632,1.0,1,0.5133287698452833,72
5103,5,13141,13141,0,0,0,0,0.7633777759330843,0.500343796003572,0.7633777759330843,0.500343796003572,1.0,1,0.5160024809367988,70
5104,4,13145,13145,0,0,0,0,0.7758235088873355,0.5079019557359046,0.7758235088873355,0.5079019557359046,1.0,1,0.52465440746572,67
5105,4,13149,13149,0,0,0,0,0.7532565341450999,0.5090880666122631,0.7532565341450999,0.5090880666122631,1.0,1,0.5429559777043905,66
5106,3,13152,13152,0,0,0,0,0.7307650300714653,0.48894499560622906,0.7307650300714653,0.48894499560622906,1.0,1,0.5831277581322653,64
5107,5,13157,13157,0,0,0,0,0.7617548005334601,0.4929595087492931,0.7617548005334601,0.4929595087492931,1.0,1,0.5951287977126124,61
5108,3,13160,13160,0,0,0,0,0.7608366968861058,0.5167831005847544,0.7608366968861058,0.5167831005847544,1.0,1,0.6072523567407678,57
5109,3,13163,13163,0,0,0,0,0.7458871540073944,0.5132471586819869,0.7458871540073944,0.5132471586819869,1.0,1,0.6320217734052014,55
5110,2,13165,13165,0,0,0,0,0.7352906899591989,0.5065498167901259,0.7352906899591989,0.5065498167901259,1.0,1,0.640896348495177,53
5111,3,13168,13168,0,0,0,0,0.7043080513771247,0.499556982749285,0.7043080513771247,0.499556982749285,1.0,1,0.6482028642541694,52
5112,1,13169,13169,0,0,0,0,0.7035780829969795,0.5228942398452893,0.7035780829969795,0.5228942398452893,1.0,1,0.6360150370051761,52
5113,2,13171,13171,0,0,0,0,0.7186209298327527,0.5629436022425827,0.7186209298327527,0.5629436022425827,1.0,1,0.6368413620235052,49
5114,3,13174,13174,0,0,0,0,0.6789366037617938,0.5629436022425827,0.6789366037617938,0.5629436022425827,1.0,1,0.6514820535371312,49
5115,3,13177,13177,0,0,0,0,0.7114392767077433,0.578156717116557,0.7114392767077433,0.578156717116557,1.0,1,0.6286939700060845,48
5116,3,13180,13180,0,0,0,0,0.7149050348252155,0.6129581077748577,0.7149050348252155,0.6129581077748577,1.0,1,0.628385717180267,47
5117,6,13186,13186,0,0,0,0,0.7609851341078199,0.6254511367131241,0.7609851341078199,0.6254511367131241,1.0,1,0.598711438309984,48
5118,6,13192,13192,0,0,0,0,0.756606155571383,0.5635334754545691,0.756606155571383,0.5635334754545691,1.0,1,0.5861549474257483,49
5119,4,13196,13196,0,0,0,0,0.7410217505247875,0.584800775262579,0.7410217505247875,0.584800775262579,1.0,1,0.5837332710594353,49
5120,4,13200,13200,0,0,0,0,0.720899932734837,0.5366429546254405,0.720899932734837,0.5366429546254405,1.0,1,0.6163158132569362,48
5121,2,13202,13202,0,0,0,0,0.6755408330169158,0.5366429546254405,0.6755408330169158,0.5366429546254405,1.0,1,0.6420160490122083,48
5122,5,13207,13207,0,0,0,0,0.7016228708617447,0.5135723891019718,0.7016228708617447,0.5135723891019718,1.0,1,0.6562535009407853,46
5123,3,13210,13210,0,0,0,0,0.7077622914184698,0.5319214106376204,0.7077622914184698,0.5319214106376204,1.0,1,0.6549335793451883,46
5124,4,13214,13214,0,0,0,0,0.7584772938414374,0.5211219996475516,0.7584772938414374,0.5211219996475516,1.0,1,0.6211635992745503,47
5125,4,13218,13218,0,0,0,0,0.7417209702789489,0.47354807649334335,0.7417209702789489,0.47354807649334335,1.0,1,0.6185495693601404,49
5126,4,13222,13222,0,0,0,0,0.756725428509733,0.49747257918021115,0.756725428509733,0.49747257918021115,1.0,1,0.5998624321156851,49
5127,4,13226,13226,0,0,0,0,0.7538758331430777,0.4718940149133675,0.7538758331430777,0.4718940149133675,1.0,1,0.5949877767671368,51
5128,1,13227,13227,0,0,0,0,0.7643958125152202,0.4750040421995441,0.7643958125152202,0.4750040421995441,1.0,1,0.5647394252478675,53
5129,2,13229,13229,0,0,0,0,0.7772216539102699,0.4750040421995441,0.7772216539102699,0.4750040421995441,1.0,1,0.5391381774448927,55
5130,2,13231,13231,0,0,0,0,0.7837785951102121,0.4594464877755302,0.7837785951102121,0.4594464877755302,1.0,1,0.5385856435384203,55
5131,2,13233,13233,0,0,0,0,0.7837785951102121,0.4594464877755302,0.7837785951102121,0.4594464877755302,1.0,1,0.5228005395261228,55
5132,1,13234,13234,0,0,0,0,0.7837785951102121,0.4594464877755302,0.7837785951102121,0.4594464877755302,1.0,1,0.5257297004754079,55
5133,2,13236,13236,0,0,0,0,0.7876396916261011,0.4594464877755302,0.7876396916261011,0.4594464877755302,1.0,1,0.5143910698198242,56
5134,2,13238,13238,0,0,0,0,0.7510098299625317,0.4446856729071974,0.7510098299625317,0.4446856729071974,1.0,1,0.5700975478781607,56
5135,2,13240,13240,0,0,0,0,0.7118533398375,0.4446856729071974,0.7118533398375,0.4446856729071974,1.0,1,0.5957656491565422,56
5136,1,13241,13241,0,0,0,0,0.6846291953956467,0.4446856729071974,0.6846291953956467,0.4446856729071974,1.0,1,0.616956791361189,55
5137,1,13242,13242,0,0,0,0,0.6455107928434843,0.42092856921116856,0.6455107928434843,0.42092856921116856,1.0,1,0.6432468519181653,55
5138,3,13245,13245,0,0,0,0,0.6148426400903978,0.42092856921116856,0.6148426400903978,0.42092856921116856,1.0,1,0.6913165463126921,54
5139,5,13250,13250,0,0,0,0,0.6147216447731435,0.4055441454390892,0.6147216447731435,0.4055441454390892,1.0,1,0.6905164107483139,54
5140,1,13251,13251,0,0,0,0,0.6352076469209214,0.4055441454390892,0.6352076469209214,0.4055441454390892,1.0,1,0.6709215120054861,54
5141,4,13255,13255,0,0,0,0,0.6998762383202627,0.4366523831756211,0.6998762383202627,0.4366523831756211,1.0,1,0.6128354138796835,53
5142,3,13258,13258,0,0,0,0,0.7221979039671875,0.41581018005633946,0.7221979039671875,0.41581018005633946,1.0,1,0.5828896853118141,55
5143,3,13261,13261,0,0,0,0,0.7585357295978828,0.4599202667750472,0.7585357295978828,0.4599202667750472,1.0,1,0.5831370045075773,54
5144,2,13263,13263,0,0,0,0,0.7577673603832216,0.5022675333326755,0.7577673603832216,0.5022675333326755,1.0,1,0.6038743068945887,50
5145,3,13266,13266,0,0,0,0,0.7493080443819088,0.4843353697379602,0.7493080443819088,0.4843353697379602,1.0,1,0.6176207790010151,51
5146,5,13271,13271,0,0,0,0,0.7958566262211896,0.5416699137158669,0.7958566262211896,0.5416699137158669,1.0,1,0.600512461969824,48
5147,6,13277,13277,0,0,0,0,0.7887380214943909,0.5150284950381472,0.7887380214943909,0.5150284950381472,1.0,1,0.5844589026118413,49
5148,2,13279,13279,0,0,0,0,0.7756977580736123,0.5617249990146449,0.7756977580736123,0.5617249990146449,1.0,1,0.5926855350750487,47
5149,7,13286,13286,0,0,0,0,0.7838818985262322,0.5029283666103344,0.7838818985262322,0.5029283666103344,1.0,1,0.618469364314319,46
5150,2,13288,13288,0,0,0,0,0.7645557347058414,0.5029283666103344,0.7645557347058414,0.5029283666103344,1.0,1,0.6472605240756067,46
5151,5,13293,13293,0,0,0,0,0.7329621441300807,0.45378620390243757,0.7329621441300807,0.45378620390243757,1.0,1,0.6546187379298442,45
5152,1,13294,13294,0,0,0,0,0.7329621441300807,0.45378620390243757,0.7329621441300807,0.45378620390243757,1.0,1,0.6652790349893357,45
5153,3,13297,13297,0,0,0,0,0.6629771972452548,0.3933589550414587,0.6629771972452548,0.3933589550414587,1.0,1,0.7033855488031402,45
5154,2,13299,13299,0,0,0,0,0.6629771972452548,0.3933589550414587,0.6629771972452548,0.3933589550414587,1.0,1,0.6954729813806019,45
5155,0,13299,13299,0,0,0,0,0.6817471406647724,0.4165364245520827,0.6817471406647724,0.4165364245520827,1.0,1,0.6890359495202419,44
5156,0,13299,13299,0,0,0,0,0.6817471406647724,0.4165364245520827,0.6817471406647724,0.4165364245520827,1.0,1,0.6890961049723051,44
5157,1,13300,13300,0,0,0,0,0.6665922426011901,0.4165364245520827,0.6665922426011901,0.4165364245520827,1.0,1,0.7034119592232673,42
5158,0,13300,13300,0,0,0,0,0.6743459113779067,0.4165364245520827,0.6743459113779067,0.4165364245520827,1.0,1,0.6880020343230374,43
5159,1,13301,13301,0,0,0,0,0.6518042268985622,0.40110327026552706,0.6518042268985622,0.40110327026552706,1.0,1,0.6730924893029091,43
5160,3,13304,13304,0,0,0,0,0.6518042268985623,0.40110327026552706,0.6518042268985623,0.40110327026552706,1.0,1,0.6615358510418123,43
5161,0,13304,13304,0,0,0,0,0.6518042268985623,0.40110327026552706,0.6518042268985623,0.40110327026552706,1.0,1,0.6615358510418123,43
5162,3,13307,13307,0,0,0,0,0.6597177671963222,0.40110327026552706,0.6597177671963222,0.40110327026552706,1.0,1,0.6813240668557019,44
5163,3,13310,13310,0,0,0,0,0.6746892944383522,0.41541700062032494,0.6746892944383522,0.41541700062032494,1.0,1,0.6820594921391763,46
5164,1,13311,13311,0,0,0,0,0.6708744714283624,0.43338118377758494,0.6708744714283624,0.43338118377758494,1.0,1,0.6770313052759445,46
5165,6,13317,13317,0,0,0,0,0.661403058619517,0.43338118377758494,0.661403058619517,0.43338118377758494,1.0,1,0.6775240701491669,46
5166,7,13324,13324,0,0,0,0,0.6344322617162675,0.46186621585240295,0.6344322617162675,0.46186621585240295,1.0,1,0.6613945628470157,47
5167,8,13332,13332,0,0,0,0,0.6445106415194627,0.5434507327175016,0.6445106415194627,0.5434507327175016,1.0,1,0.6588169267664372,47
5168,4,13336,13336,0,0,0,0,0.6600321074401047,0.5129380982958088,0.6600321074401047,0.5129380982958088,1.0,1,0.6739513717634682,47
5169,4,13340,13340,0,0,0,0,0.6863855923463232,0.5455118609015012,0.6863855923463232,0.5455118609015012,1.0,1,0.6729832817527294,47
5170,2,13342,13342,0,0,0,0,0.7404149769392547,0.5455118609015012,0.7404149769392547,0.5455118609015012,1.0,1,0.6425251120326666,48
5171,0,13342,13342,0,0,0,0,0.7404149769392547,0.5455118609015012,0.7404149769392547,0.5455118609015012,1.0,1,0.6425251120326666,48
5172,4,13346,13346,0,0,0,0,0.7265801954339396,0.578365483251687,0.7265801954339396,0.578365483251687,1.0,1,0.6178140436480781,49
5173,0,13346,13346,0,0,0,0,0.7082376117007115,0.5518570340194723,0.7082376117007115,0.5518570340194723,1.0,1,0.6288381926263501,49
5174,2,13348,13348,0,0,0,0,0.7055598790589654,0.5291506378683534,0.7055598790589654,0.5291506378683534,1.0,1,0.6164105629172812,52
5175,2,13350,13350,0,0,0,0,0.675382920353822,0.5291506378683534,0.675382920353822,0.5291506378683534,1.0,1,0.6235008429176463,53
5176,3,13353,13353,0,0,0,0,0.6487991019064195,0.5036666961144156,0.6487991019064195,0.5036666961144156,1.0,1,0.628833465029487,54
5177,2,13355,13355,0,0,0,0,0.646451691241997,0.5036666961144156,0.646451691241997,0.5036666961144156,1.0,1,0.6245785784546577,54
5178,4,13359,13359,0,0,0,0,0.616086485808453,0.48328452489809925,0.616086485808453,0.48328452489809925,1.0,1,0.638304093531961,55
5179,5,13364,13364,0,0,0,0,0.6438677377000277,0.5179066294340086,0.6438677377000277,0.5179066294340086,1.0,1,0.6333800020931757,53
5180,5,13369,13369,0,0,0,0,0.7013741137681279,0.5199997931893844,0.7013741137681279,0.5199997931893844,1.0,1,0.6161530234384093,52
5181,1,13370,13370,0,0,0,0,0.7230850460759451,0.5541560180944305,0.7230850460759451,0.5541560180944305,1.0,1,0.6000897780264537,52
5182,5,13375,13375,0,0,0,0,0.7228096992396368,0.5138612842473357,0.7228096992396368,0.5138612842473357,1.0,1,0.6248722209822464,52
5183,1,13376,13376,0,0,0,0,0.7389681045961147,0.5099085713794046,0.7389681045961147,0.5099085713794046,1.0,1,0.6099214191160741,52
5184,3,13379,13379,0,0,0,0,0.7394255871682793,0.4645397114182839,0.7394255871682793,0.4645397114182839,1.0,1,0.6293223123378144,52
5185,1,13380,13380,0,0,0,0,0.7733976351606693,0.4849946253651572,0.7733976351606693,0.4849946253651572,1.0,1,0.6255464770712401,50
5186,2,13382,13382,0,0,0,0,0.7199572729802783,0.47831033522903693,0.7199572729802783,0.47831033522903693,1.0,1,0.6493509988619903,48
5187,1,13383,13383,0,0,0,0,0.7263547168916323,0.49415215471431145,0.7263547168916323,0.49415215471431145,1.0,1,0.666112941000566,46
5188,0,13383,13383,0,0,0,0,0.7339955210157253,0.5130340598338684,0.7339955210157253,0.5130340598338684,1.0,1,0.6682759047426677,44
5189,1,13384,13384,0,0,0,0,0.7598231935249838,0.5173420837717456,0.7598231935249838,0.5173420837717456,1.0,1,0.6574263493980923,44
5190,0,13384,13384,0,0,0,0,0.7617782219087821,0.509732057311541,0.7617782219087821,0.509732057311541,1.0,1,0.6524853037164136,45
5191,1,13385,13385,0,0,0,0,0.7319018765710382,0.509732057311541,0.7319018765710382,0.509732057311541,1.0,1,0.6642836571773157,45
5192,1,13386,13386,0,0,0,0,0.7055088020109817,0.509732057311541,0.7055088020109817,0.509732057311541,1.0,1,0.6761155996140644,45
5193,1,13387,13387,0,0,0,0,0.688322512950515,0.509732057311541,0.688322512950515,0.509732057311541,1.0,1,0.6827169493801215,45
5194,1,13388,13388,0,0,0,0,0.6589443373606261,0.5054332862398109,0.6589443373606261,0.5054332862398109,1.0,1,0.6968932483064704,45
5195,0,13388,13388,0,0,0,0,0.6417889950780029,0.4751649674836272,0.6417889950780029,0.4751649674836272,1.0,1,0.7022577686131032,46
5196,4,13392,13392,0,0,0,0,0.6036894504062472,0.4751649674836272,0.6036894504062472,0.4751649674836272,1.0,1,0.7217309336711314,46
5197,2,13394,13394,0,0,0,0,0.6045189251200057,0.4751649674836272,0.6045189251200057,0.4751649674836272,1.0,1,0.7244142817505902,46
5198,0,13394,13394,0,0,0,0,0.6129334160748992,0.4751649674836272,0.6129334160748992,0.4751649674836272,1.0,1,0.7138621966928426,47
5199,1,13395,13395,0,0,0,0,0.6283320770230753,0.4605241740805934,0.6283320770230753,0.4605241740805934,1.0,1,0.6980206929619239,49
5200,1,13396,13396,0,0,0,0,0.6487899685474632,0.4605241740805934,0.6487899685474632,0.4605241740805934,1.0,1,0.6893345460106494,49
5201,1,13397,13397,0,0,0,0,0.6717141416651138,0.4605241740805934,0.6717141416651138,0.4605241740805934,1.0,1,0.6760477107117246,50
5202,0,13397,13397,0,0,0,0,0.6653033097882965,0.44093899371777323,0.6653033097882965,0.44093899371777323,1.0,1,0.6637083073750412,52
5203,0,13397,13397,0,0,0,0,0.6653033097882965,0.44093899371777323,0.6653033097882965,0.44093899371777323,1.0,1,0.6637083073750412,52
5204,1,13398,13398,0,0,0,0,0.6815001820267825,0.4278134974702087,0.6815001820267825,0.4278134974702087,1.0,1,0.6464972213093905,54
5205,1,13399,13399,0,0,0,0,0.6669311308973985,0.4278134974702087,0.6669311308973985,0.4278134974702087,1.0,1,0.6548668943466119,54
5206,0,13399,13399,0,0,0,0,0.6557952821246484,0.41287933550724615,0.6557952821246484,0.41287933550724615,1.0,1,0.6585341044907429,55
5207,0,13399,13399,0,0,0,0,0.6494211206825122,0.41287933550724615,0.6494211206825122,0.41287933550724615,1.0,1,0.6662855374985939,54
5208,3,13402,13402,0,0,0,0,0.6662707994597814,0.41287933550724615,0.6662707994597814,0.41287933550724615,1.0,1,0.6643236419425638,54
5209,1,13403,13403,0,0,0,0,0.644521167917933,0.41287933550724615,0.644521167917933,0.41287933550724615,1.0,1,0.6692393977080917,54
5210,3,13406,13406,0,0,0,0,0.6581950969246807,0.41287933550724615,0.6581950969246807,0.41287933550724615,1.0,1,0.6510930739185143,54
5211,3,13409,13409,0,0,0,0,0.6440130528061602,0.364692784077673,0.6440130528061602,0.364692784077673,1.0,1,0.6660393746093648,56
5212,1,13410,13410,0,0,0,0,0.6735074350798342,0.364692784077673,0.6735074350798342,0.364692784077673,1.0,1,0.646200955268154,57
5213,2,13412,13412,0,0,0,0,0.6657742914700658,0.34867175450944254,0.6657742914700658,0.34867175450944254,1.0,1,0.6565147843017494,57
5214,8,13420,13420,0,0,0,0,0.6478196816100366,0.36910484059729376,0.6478196816100366,0.36910484059729376,1.0,1,0.6336879577329745,58
5215,4,13424,13424,0,0,0,0,0.6689507999076586,0.3760328191337355,0.6689507999076586,0.3760328191337355,1.0,1,0.6274637460853871,57
5216,6,13430,13430,0,0,0,0,0.6975097147724137,0.3842162050724137,0.6975097147724137,0.3842162050724137,1.0,1,0.604026077598808,57
5217,8,13438,13438,0,0,0,0,0.7674257034546789,0.4704627360303791,0.7674257034546789,0.4704627360303791,1.0,1,0.5565227382366441,56
5218,4,13442,13442,0,0,0,0,0.7463187264186792,0.4704627360303791,0.7463187264186792,0.4704627360303791,1.0,1,0.5736772475958642,56
5219,6,13448,13448,0,0,0,0,0.8154542039257756,0.5402502022829732,0.8154542039257756,0.5402502022829732,1.0,1,0.5388501516275537,54
5220,6,13454,13454,0,0,0,0,0.7901931751303455,0.5871770193271224,0.7901931751303455,0.5871770193271224,1.0,1,0.5634072321581953,53
5221,0,13454,13454,0,0,0,0,0.8030822517537702,0.6131334542501701,0.8030822517537702,0.6131334542501701,1.0,1,0.558774612988205,52
5222,3,13457,13457,0,0,0,0,0.7957487642907881,0.6345149366145824,0.7957487642907881,0.6345149366145824,1.0,1,0.5663998804749149,52
5223,7,13464,13464,0,0,0,0,0.798815368162516,0.6040677961159514,0.798815368162516,0.6040677961159514,1.0,1,0.5721761923428715,52
5224,3,13467,13467,0,0,0,0,0.7976274388703734,0.6040677961159514,0.7976274388703734,0.6040677961159514,1.0,1,0.5690342656621243,52
5225,0,13467,13467,0,0,0,0,0.8094582139153853,0.6393826002704103,0.8094582139153853,0.6393826002704103,1.0,1,0.5767518204000878,50
5226,2,13469,13469,0,0,0,0,0.8139933543972394,0.6101582417916365,0.8139933543972394,0.6101582417916365,1.0,1,0.5753071727876646,51
5227,3,13472,13472,0,0,0,0,0.7840553362938181,0.6101582417916365,0.7840553362938181,0.6101582417916365,1.0,1,0.5978047564109895,49
5228,4,13476,13476,0,0,0,0,0.7561407716933585,0.6101582417916365,0.7561407716933585,0.6101582417916365,1.0,1,0.6166857486866707,48
5229,2,13478,13478,0,0,0,0,0.7632546369652984,0.6101582417916365,0.7632546369652984,0.6101582417916365,1.0,1,0.5953597972754143,49
5230,2,13480,13480,0,0,0,0,0.7476618841663579,0.6101582417916365,0.7476618841663579,0.6101582417916365,1.0,1,0.6051029722283827,49
5231,2,13482,13482,0,0,0,0,0.7299043281542229,0.5830382181343761,0.7299043281542229,0.5830382181343761,1.0,1,0.6156126374153872,49
5232,1,13483,13483,0,0,0,0,0.7229881198937739,0.5592404089789347,0.7229881198937739,0.5592404089789347,1.0,1,0.6250796271913951,51
5233,3,13486,13486,0,0,0,0,0.7051623540505874,0.520372971226805,0.7051623540505874,0.520372971226805,1.0,1,0.6410567001030564,51
5234,1,13487,13487,0,0,0,0,0.6890182149793256,0.520372971226805,0.6890182149793256,0.520372971226805,1.0,1,0.637213249503597,52
5235,2,13489,13489,0,0,0,0,0.6886059917978269,0.520372971226805,0.6886059917978269,0.520372971226805,1.0,1,0.6390991917467166,52
5236,2,13491,13491,0,0,0,0,0.727465148396531,0.520372971226805,0.727465148396531,0.520372971226805,1.0,1,0.6144614886186347,52
5237,2,13493,13493,0,0,0,0,0.70938595509639,0.4910020171497259,0.70938595509639,0.4910020171497259,1.0,1,0.6193230767250574,53
5238,5,13498,13498,0,0,0,0,0.7328381514147169,0.5360081395787647,0.7328381514147169,0.5360081395787647,1.0,1,0.5921536460220934,53
5239,3,13501,13501,0,0,0,0,0.7319864211864114,0.5649639810343221,0.7319864211864114,0.5649639810343221,1.0,1,0.5884334881950378,53
5240,3,13504,13504,0,0,0,0,0.7421245127536086,0.5349366761142882,0.7421245127536086,0.5349366761142882,1.0,1,0.5799765677112476,55
5241,3,13507,13507,0,0,0,0,0.7472829059539327,0.5600215205918069,0.7472829059539327,0.5600215205918069,1.0,1,0.5657286962882492,56
5242,6,13513,13513,0,0,0,0,0.7805691633100899,0.5553185821992341,0.7805691633100899,0.5553185821992341,1.0,1,0.5484430420941977,54
5243,2,13515,13515,0,0,0,0,0.7920456890291006,0.5131446464776174,0.7920456890291006,0.5131446464776174,1.0,1,0.5355827588595045,55
5244,10,13525,13525,0,0,0,0,0.7798180737463273,0.5137770695585769,0.7798180737463273,0.5137770695585769,1.0,1,0.5588106825552668,55
5245,6,13531,13531,0,0,0,0,0.7627771397757357,0.5452163775928048,0.7627771397757357,0.5452163775928048,1.0,1,0.5696120033709187,55
5246,5,13536,13536,0,0,0,0,0.7197229888352327,0.5136569786644162,0.7197229888352327,0.5136569786644162,1.0,1,0.6074622087787459,55
5247,6,13542,13542,0,0,0,0,0.6778833733608671,0.5165773880842855,0.6778833733608671,0.5165773880842855,1.0,1,0.6394436545029378,54
5248,3,13545,13545,0,0,0,0,0.6871786822338669,0.5349854650283082,0.6871786822338669,0.5349854650283082,1.0,1,0.6540658221667225,53
5249,3,13548,13548,0,0,0,0,0.6927372143493753,0.5522385291700683,0.6927372143493753,0.5522385291700683,1.0,1,0.6193957075996102,55
5250,1,13549,13549,0,0,0,0,0.7085748370576213,0.5522385291700683,0.7085748370576213,0.5522385291700683,1.0,1,0.6080824436852467,55
5251,3,13552,13552,0,0,0,0,0.687157128031508,0.5213328785549953,0.687157128031508,0.5213328785549953,1.0,1,0.6194686568615787,57
5252,3,13555,13555,0,0,0,0,0.6766991058010601,0.5213328785549953,0.6766991058010601,0.5213328785549953,1.0,1,0.6088602317563978,58
5253,1,13556,13556,0,0,0,0,0.649497678411834,0.494663249844863,0.649497678411834,0.494663249844863,1.0,1,0.617009920883423,59
5254,1,13557,13557,0,0,0,0,0.6652239925810182,0.494663249844863,0.6652239925810182,0.494663249844863,1.0,1,0.6065620128744793,59
5255,3,13560,13560,0,0,0,0,0.6537435567213994,0.47056916430479223,0.6537435567213994,0.47056916430479223,1.0,1,0.6208010861060118,58
5256,3,13563,13563,0,0,0,0,0.6775063260172195,0.47056916430479223,0.6775063260172195,0.47056916430479223,1.0,1,0.6117267877334149,59
5257,1,13564,13564,0,0,0,0,0.7291521584850752,0.5212550533050169,0.7291521584850752,0.5212550533050169,1.0,1,0.579554742574199,58
5258,2,13566,13566,0,0,0,0,0.7037249040062281,0.5514763527986981,0.7037249040062281,0.5514763527986981,1.0,1,0.6103130891786254,56
5259,4,13570,13570,0,0,0,0,0.7535536497225034,0.5725280986982614,0.7535536497225034,0.5725280986982614,1.0,1,0.5661797275506717,56
5260,0,13570,13570,0,0,0,0,0.7652642411558119,0.5968995185828787,0.7652642411558119,0.5968995185828787,1.0,1,0.5617957826325982,55
5261,3,13573,13573,0,0,0,0,0.76483024379009,0.5818913760261148,0.76483024379009,0.5818913760261148,1.0,1,0.5673188418795523,54
5262,6,13579,13579,0,0,0,0,0.7901427619338713,0.611073454465584,0.7901427619338713,0.611073454465584,1.0,1,0.5648017281685527,54
5263,1,13580,13580,0,0,0,0,0.8022142507410644,0.6671016316812741,0.8022142507410644,0.6671016316812741,1.0,1,0.5576862750327645,53
5264,7,13587,13587,0,0,0,0,0.8225003564824045,0.6745852797751397,0.8225003564824045,0.6745852797751397,1.0,1,0.5539616753674411,51
5265,1,13588,13588,0,0,0,0,0.8395421134316727,0.7215301311588826,0.8395421134316727,0.7215301311588826,1.0,1,0.5345290245160774,50
5266,6,13594,13594,0,0,0,0,0.904999762100899,0.7996106065778734,0.904999762100899,0.7996106065778734,1.0,1,0.512834089067943,49
5267,5,13599,13599,0,0,0,0,0.9412786054284465,0.8103131376463731,0.9412786054284465,0.8103131376463731,1.0,1,0.5110013623782946,48
5268,4,13603,13603,0,0,0,0,0.8951561210344186,0.6920211055386047,0.8951561210344186,0.6920211055386047,1.0,1,0.5202893019265604,47
5269,5,13608,13608,0,0,0,0,0.8854409600601917,0.677802700169289,0.8854409600601917,0.677802700169289,1.0,1,0.5451692213172785,45
5270,4,13612,13612,0,0,0,0,0.8473049990575978,0.6012963864281721,0.8473049990575978,0.6012963864281721,1.0,1,0.5656811026734472,47
5271,5,13617,13617,0,0,0,0,0.9163045278613272,0.7489135835839817,0.9163045278613272,0.7489135835839817,1.0,1,0.5395916576717623,45
5272,5,13622,13622,0,0,0,0,0.8219557285844603,0.5689454481518512,0.8219557285844603,0.5689454481518512,1.0,1,0.6037212918502111,46
5273,5,13627,13627,0,0,0,0,0.8435597856506692,0.7013478641612262,0.8435597856506692,0.7013478641612262,1.0,1,0.605021063813856,44
5274,3,13630,13630,0,0,0,0,0.821458701068391,0.6617128297034928,0.821458701068391,0.6617128297034928,1.0,1,0.6331448317385372,44
5275,4,13634,13634,0,0,0,0,0.8356327217015725,0.6699165655785912,0.8356327217015725,0.6699165655785912,1.0,1,0.6065729804379243,46
5276,2,13636,13636,0,0,0,0,0.7850224204269118,0.6699165655785912,0.7850224204269118,0.6699165655785912,1.0,1,0.6229201592200461,46
5277,2,13638,13638,0,0,0,0,0.8226101594497254,0.6699165655785912,0.8226101594497254,0.6699165655785912,1.0,1,0.5974021797814542,46
5278,2,13640,13640,0,0,0,0,0.8726459331806999,0.7218179863013509,0.8726459331806999,0.7218179863013509,1.0,1,0.5364872476464865,46
5279,4,13644,13644,0,0,0,0,0.8137126910909649,0.6823752084808533,0.8137126910909649,0.6823752084808533,1.0,1,0.5608650042571665,47
5280,2,13646,13646,0,0,0,0,0.8054815487363668,0.6823752084808533,0.8054815487363668,0.6823752084808533,1.0,1,0.5784289851976732,47
5281,4,13650,13650,0,0,0,0,0.8114562970253235,0.614080867390023,0.8114562970253235,0.614080867390023,1.0,1,0.5994138711910748,48
5282,2,13652,13652,0,0,0,0,0.8147200286233214,0.614080867390023,0.8147200286233214,0.614080867390023,1.0,1,0.5932526721424489,48
5283,3,13655,13655,0,0,0,0,0.7916191536960228,0.51377802529072,0.7916191536960228,0.51377802529072,1.0,1,0.5906361399499681,49
5284,1,13656,13656,0,0,0,0,0.7916191536960229,0.51377802529072,0.7916191536960229,0.51377802529072,1.0,1,0.6096615602816948,49
5285,1,13657,13657,0,0,0,0,0.7752452250048744,0.48919369319289624,0.7752452250048744,0.48919369319289624,1.0,1,0.5812124546664666,50
5286,0,13657,13657,0,0,0,0,0.7598059651850229,0.4673958358450505,0.7598059651850229,0.4673958358450505,1.0,1,0.587279668409718,51
5287,0,13657,13657,0,0,0,0,0.7598059651850229,0.4673958358450505,0.7598059651850229,0.4673958358450505,1.0,1,0.587279668409718,51
5288,1,13658,13658,0,0,0,0,0.7598059651850229,0.4673958358450505,0.7598059651850229,0.4673958358450505,1.0,1,0.611947743596728,51
5289,1,13659,13659,0,0,0,0,0.7485896404045898,0.44480212256013607,0.7485896404045898,0.44480212256013607,1.0,1,0.5911391995690896,53
5290,1,13660,13660,0,0,0,0,0.74858964040459,0.44480212256013607,0.74858964040459,0.44480212256013607,1.0,1,0.6023304686635967,53
5291,2,13662,13662,0,0,0,0,0.7456011671102666,0.44480212256013607,0.7456011671102666,0.44480212256013607,1.0,1,0.6066100664408607,53
5292,2,13664,13664,0,0,0,0,0.74858964040459,0.44480212256013607,0.74858964040459,0.44480212256013607,1.0,1,0.5917531049179987,53
5293,2,13666,13666,0,0,0,0,0.7725154279167927,0.47579642085173984,0.7725154279167927,0.47579642085173984,1.0,1,0.5624219967130772,53
5294,2,13668,13668,0,0,0,0,0.7608069688804081,0.46181567998091855,0.7608069688804081,0.46181567998091855,1.0,1,0.5673860086044137,54
5295,2,13670,13670,0,0,0,0,0.7913372548860731,0.5067971479125367,0.7913372548860731,0.5067971479125367,1.0,1,0.543524067602456,52
5296,1,13671,13671,0,0,0,0,0.8173169516984619,0.5524265316612313,0.8173169516984619,0.5524265316612313,1.0,1,0.5501428352434196,49
5297,0,13671,13671,0,0,0,0,0.8173169516984619,0.5524265316612313,0.8173169516984619,0.5524265316612313,1.0,1,0.5574308611683613,49
5298,2,13673,13673,0,0,0,0,0.8203608398131086,0.5598840575421161,0.8203608398131086,0.5598840575421161,1.0,1,0.5314164759861704,49
5299,4,13677,13677,0,0,0,0,0.8457699293871351,0.5941313931240397,0.8457699293871351,0.5941313931240397,1.0,1,0.4874928095375795,50
5300,1,13678,13678,0,0,0,0,0.8615460276305494,0.6307894070147985,0.8615460276305494,0.6307894070147985,1.0,1,0.5001788890055586,48
5301,3,13681,13681,0,0,0,0,0.873300036805257,0.6571648054730483,0.873300036805257,0.6571648054730483,1.0,1,0.528718968319446,46
5302,1,13682,13682,0,0,0,0,0.8476343832859553,0.6259795610024406,0.8476343832859553,0.6259795610024406,1.0,1,0.5497248185353157,47
5303,2,13684,13684,0,0,0,0,0.8536441760444333,0.6259795610024406,0.8536441760444333,0.6259795610024406,1.0,1,0.5502521202982114,46
5304,5,13689,13689,0,0,0,0,0.795137113828512,0.554458510345759,0.795137113828512,0.554458510345759,1.0,1,0.6220785177075535,45
5305,2,13691,13691,0,0,0,0,0.7843713246312854,0.554458510345759,0.7843713246312854,0.554458510345759,1.0,1,0.6231989806614666,44
5306,0,13691,13691,0,0,0,0,0.7878373858789329,0.554458510345759,0.7878373858789329,0.554458510345759,1.0,1,0.6401034317569504,42
5307,3,13694,13694,0,0,0,0,0.7452518242605514,0.5279545654913318,0.7452518242605514,0.5279545654913318,1.0,1,0.6781604853882777,42
5308,2,13696,13696,0,0,0,0,0.7088519434722436,0.5279545654913318,0.7088519434722436,0.5279545654913318,1.0,1,0.6900888057640833,43
5309,0,13696,13696,0,0,0,0,0.7370269068015671,0.5279545654913318,0.7370269068015671,0.5279545654913318,1.0,1,0.6910879894625546,41
5310,1,13697,13697,0,0,0,0,0.733484579756196,0.5033121713638198,0.733484579756196,0.5033121713638198,1.0,1,0.6667887793899248,41
5311,0,13697,13697,0,0,0,0,0.739830185000096,0.5033121713638198,0.739830185000096,0.5033121713638198,1.0,1,0.6511306485503491,42
5312,2,13699,13699,0,0,0,0,0.723385937202729,0.48285196955292825,0.723385937202729,0.48285196955292825,1.0,1,0.6749698256316569,43
5313,3,13702,13702,0,0,0,0,0.7714874931036043,0.5212118903123137,0.7714874931036043,0.5212118903123137,1.0,1,0.640279828422984,44
5314,2,13704,13704,0,0,0,0,0.7906891221927315,0.5395160688240094,0.7906891221927315,0.5395160688240094,1.0,1,0.6388988772687895,44
5315,6,13710,13710,0,0,0,0,0.8412644290859794,0.6323332345247075,0.8412644290859794,0.6323332345247075,1.0,1,0.5944187828444945,45
5316,2,13712,13712,0,0,0,0,0.8250429144444043,0.6024855412496412,0.8250429144444043,0.6024855412496412,1.0,1,0.600612496230062,46
5317,5,13717,13717,0,0,0,0,0.8767568793539684,0.722348756608676,0.8767568793539684,0.722348756608676,1.0,1,0.569541751130072,46
5318,3,13720,13720,0,0,0,0,0.9094615510680465,0.722348756608676,0.9094615510680465,0.722348756608676,1.0,1,0.5280871054237986,46
5319,3,13723,13723,0,0,0,0,0.9179376580476861,0.7428713285494163,0.9179376580476861,0.7428713285494163,1.0,1,0.514270126963815,47
5320,4,13727,13727,0,0,0,0,0.9196472901716924,0.7428713285494163,0.9196472901716924,0.7428713285494163,1.0,1,0.5237064717289028,48
5321,1,13728,13728,0,0,0,0,0.9126697907122,0.7428713285494163,0.9126697907122,0.7428713285494163,1.0,1,0.5344244175907235,49
5322,2,13730,13730,0,0,0,0,0.9126697907122,0.7428713285494163,0.9126697907122,0.7428713285494163,1.0,1,0.5301210374620465,49
5323,2,13732,13732,0,0,0,0,0.8545865771421284,0.6655333895049484,0.8545865771421284,0.6655333895049484,1.0,1,0.5506885516943045,51
5324,3,13735,13735,0,0,0,0,0.8724410116014197,0.7452115574175985,0.8724410116014197,0.7452115574175985,1.0,1,0.5249112603578482,53
5325,1,13736,13736,0,0,0,0,0.887182457359495,0.7452115574175985,0.887182457359495,0.7452115574175985,1.0,1,0.521654675136679,53
5326,5,13741,13741,0,0,0,0,0.895245682526951,0.7452115574175985,0.895245682526951,0.7452115574175985,1.0,1,0.5066597046626696,53
5327,2,13743,13743,0,0,0,0,0.8409172777979419,0.6815100250420723,0.8409172777979419,0.6815100250420723,1.0,1,0.5394221808825875,53
5328,1,13744,13744,0,0,0,0,0.810549410992691,0.6815100250420723,0.810549410992691,0.6815100250420723,1.0,1,0.5472061879337963,54
5329,2,13746,13746,0,0,0,0,0.8070513410929145,0.6815100250420723,0.8070513410929145,0.6815100250420723,1.0,1,0.559706703132255,53
5330,4,13750,13750,0,0,0,0,0.8737064383532902,0.7246682733101136,0.8737064383532902,0.7246682733101136,1.0,1,0.5265562584316946,52
5331,3,13753,13753,0,0,0,0,0.8906232933000283,0.7756483759701467,0.8906232933000283,0.7756483759701467,1.0,1,0.5231652146913857,51
5332,1,13754,13754,0,0,0,0,0.8601711038645138,0.7254250729823947,0.8601711038645138,0.7254250729823947,1.0,1,0.5378882651284309,52
5333,2,13756,13756,0,0,0,0,0.8342147352758251,0.7254250729823947,0.8342147352758251,0.7254250729823947,1.0,1,0.5512572335721757,53
5334,0,13756,13756,0,0,0,0,0.8146143665967233,0.6660731825837656,0.8146143665967233,0.6660731825837656,1.0,1,0.5594976866468624,54
5335,0,13756,13756,0,0,0,0,0.7980409046191195,0.6660731825837656,0.7980409046191195,0.6660731825837656,1.0,1,0.5617732000414518,55
5336,4,13760,13760,0,0,0,0,0.7650297687491846,0.5801757269544479,0.7650297687491846,0.5801757269544479,1.0,1,0.6057731307509742,54
5337,0,13760,13760,0,0,0,0,0.751480816890702,0.5506842369322473,0.751480816890702,0.5506842369322473,1.0,1,0.6108697381172512,55
5338,1,13761,13761,0,0,0,0,0.7341550560825794,0.5506842369322473,0.7341550560825794,0.5506842369322473,1.0,1,0.6186381637950985,55
5339,3,13764,13764,0,0,0,0,0.7255535240710426,0.5506842369322473,0.7255535240710426,0.5506842369322473,1.0,1,0.6182235636399458,55
5340,1,13765,13765,0,0,0,0,0.709914065918364,0.5506842369322473,0.709914065918364,0.5506842369322473,1.0,1,0.6245497431444047,55
5341,3,13768,13768,0,0,0,0,0.707784624540676,0.5662352597638406,0.707784624540676,0.5662352597638406,1.0,1,0.6192314187416256,54
5342,3,13771,13771,0,0,0,0,0.6593707778920764,0.5180321133804517,0.6593707778920764,0.5180321133804517,1.0,1,0.6377452347059075,55
5343,5,13776,13776,0,0,0,0,0.6512300888975089,0.5133193522567029,0.6512300888975089,0.5133193522567029,1.0,1,0.638546951234793,54
5344,2,13778,13778,0,0,0,0,0.636913790541424,0.4837972762138005,0.636913790541424,0.4837972762138005,1.0,1,0.6399947974634134,55
5345,3,13781,13781,0,0,0,0,0.6362214854868924,0.4920485870347897,0.6362214854868924,0.4920485870347897,1.0,1,0.6489713318385009,53
5346,3,13784,13784,0,0,0,0,0.597617795759127,0.4472619466156095,0.597617795759127,0.4472619466156095,1.0,1,0.6748161375040324,53
5347,2,13786,13786,0,0,0,0,0.6173198884467537,0.45551884186822333,0.6173198884467537,0.45551884186822333,1.0,1,0.6713152201722478,51
5348,2,13788,13788,0,0,0,0,0.5810651432412317,0.44578449056197056,0.5810651432412317,0.44578449056197056,1.0,1,0.6884457729952358,53
5349,2,13790,13790,0,0,0,0,0.5906485785073916,0.462287126069291,0.5906485785073916,0.462287126069291,1.0,1,0.6853676270632654,52
5350,3,13793,13793,0,0,0,0,0.5743231604062564,0.4623976687024026,0.5743231604062564,0.4623976687024026,1.0,1,0.718876872243052,50
5351,1,13794,13794,0,0,0,0,0.5670982471168201,0.45887698409407524,0.5670982471168201,0.45887698409407524,1.0,1,0.6983667566573244,52
5352,1,13795,13795,0,0,0,0,0.5652673883588907,0.4906803252181263,0.5652673883588907,0.4906803252181263,1.0,1,0.713146569545173,49
5353,0,13795,13795,0,0,0,0,0.5652673883588907,0.4906803252181263,0.5652673883588907,0.4906803252181263,1.0,1,0.713146569545173,49
5354,4,13799,13799,0,0,0,0,0.6069693588854626,0.4740986521820546,0.6069693588854626,0.4740986521820546,1.0,1,0.7041659520056437,49
5355,0,13799,13799,0,0,0,0,0.6203885971625738,0.4740986521820546,0.6203885971625738,0.4740986521820546,1.0,1,0.7050004179534671,48
5356,3,13802,13802,0,0,0,0,0.6676028330571223,0.4563614928214386,0.6676028330571223,0.4563614928214386,1.0,1,0.6953417718231597,49
5357,1,13803,13803,0,0,0,0,0.6494360987803802,0.440642276917273,0.6494360987803802,0.440642276917273,1.0,1,0.7096277845392513,47
5358,3,13806,13806,0,0,0,0,0.695809273969951,0.440642276917273,0.695809273969951,0.440642276917273,1.0,1,0.6933003474364414,48
5359,2,13808,13808,0,0,0,0,0.7055853583925321,0.440642276917273,0.7055853583925321,0.440642276917273,1.0,1,0.6827415732594508,48
5360,3,13811,13811,0,0,0,0,0.6973712469241778,0.440642276917273,0.6973712469241778,0.440642276917273,1.0,1,0.6847674855278745,48
5361,1,13812,13812,0,0,0,0,0.7076831523118188,0.42746473208376606,0.7076831523118188,0.42746473208376606,1.0,1,0.6766463937965654,50
5362,1,13813,13813,0,0,0,0,0.7137323660418831,0.42746473208376606,0.7137323660418831,0.42746473208376606,1.0,1,0.6650262721039942,50
5363,1,13814,13814,0,0,0,0,0.7137323660418831,0.42746473208376606,0.7137323660418831,0.42746473208376606,1.0,1,0.6726775325401961,50
5364,1,13815,13815,0,0,0,0,0.7077763915869699,0.42746473208376606,0.7077763915869699,0.42746473208376606,1.0,1,0.6724925776595653,51
5365,0,13815,13815,0,0,0,0,0.6929007924416342,0.4084947514662947,0.6929007924416342,0.4084947514662947,1.0,1,0.6719551113783513,52
5366,4,13819,13819,0,0,0,0,0.6725156314940602,0.42407521207310833,0.6725156314940602,0.42407521207310833,1.0,1,0.6774872127034375,52
5367,4,13823,13823,0,0,0,0,0.6667860933963129,0.4112944927724565,0.6667860933963129,0.4112944927724565,1.0,1,0.6751112248169281,54
5368,4,13827,13827,0,0,0,0,0.6633212296528352,0.4128554184300251,0.6633212296528352,0.4128554184300251,1.0,1,0.6709886944088967,55
5369,6,13833,13833,0,0,0,0,0.7302239469961,0.4301454776008846,0.7302239469961,0.4301454776008846,1.0,1,0.6424078088414104,53
5370,4,13837,13837,0,0,0,0,0.7326635251927175,0.4258926971876559,0.7326635251927175,0.4258926971876559,1.0,1,0.6406906790723276,54
5371,6,13843,13843,0,0,0,0,0.7345915214901944,0.4138896099575128,0.7345915214901944,0.4138896099575128,1.0,1,0.6295709147763665,53
5372,6,13849,13849,0,0,0,0,0.7741720903176598,0.4632827884229618,0.7741720903176598,0.4632827884229618,1.0,1,0.6218166282221977,53
5373,5,13854,13854,0,0,0,0,0.7522657931730166,0.4461654097746858,0.7522657931730166,0.4461654097746858,1.0,1,0.623015346009435,52
5374,2,13856,13856,0,0,0,0,0.7674894521365587,0.4685609442386058,0.7674894521365587,0.4685609442386058,1.0,1,0.6249328440556924,51
5375,3,13859,13859,0,0,0,0,0.7773167265481933,0.4818232166929653,0.7773167265481933,0.4818232166929653,1.0,1,0.6051577727463165,52
5376,2,13861,13861,0,0,0,0,0.7794998203043303,0.49772898121747944,0.7794998203043303,0.49772898121747944,1.0,1,0.6134163755847574,51
5377,0,13861,13861,0,0,0,0,0.76519585226892,0.49772898121747944,0.76519585226892,0.49772898121747944,1.0,1,0.6144120393619965,52
5378,2,13863,13863,0,0,0,0,0.7492607246909145,0.5139683466668618,0.7492607246909145,0.5139683466668618,1.0,1,0.6419296388250518,50
5379,2,13865,13865,0,0,0,0,0.7492607246909145,0.5139683466668618,0.7492607246909145,0.5139683466668618,1.0,1,0.6386083598794394,50
5380,0,13865,13865,0,0,0,0,0.734609248259328,0.5085728541501143,0.734609248259328,0.5085728541501143,1.0,1,0.6369132169631442,52
5381,3,13868,13868,0,0,0,0,0.7571340363881481,0.5085728541501143,0.7571340363881481,0.5085728541501143,1.0,1,0.6216040539261306,52
5382,4,13872,13872,0,0,0,0,0.7697621730125697,0.5114274366071979,0.7697621730125697,0.5114274366071979,1.0,1,0.6214439924231654,52
5383,2,13874,13874,0,0,0,0,0.8084029163165483,0.5114274366071979,0.8084029163165483,0.5114274366071979,1.0,1,0.6100104221313649,51
5384,5,13879,13879,0,0,0,0,0.7317659899857177,0.4870295581112934,0.7317659899857177,0.4870295581112934,1.0,1,0.6461439253235529,52
5385,3,13882,13882,0,0,0,0,0.7409263125947181,0.4870295581112934,0.7409263125947181,0.4870295581112934,1.0,1,0.6356444197738194,51
5386,7,13889,13889,0,0,0,0,0.7046241100796775,0.4648851982461304,0.7046241100796775,0.4648851982461304,1.0,1,0.6279961061375335,52
5387,4,13893,13893,0,0,0,0,0.7175978455866144,0.4648851982461304,0.7175978455866144,0.4648851982461304,1.0,1,0.6046139619067328,53
5388,5,13898,13898,0,0,0,0,0.6447538970569874,0.4648851982461304,0.6447538970569874,0.4648851982461304,1.0,1,0.6394884792116837,54
5389,3,13901,13901,0,0,0,0,0.671555550935251,0.4648851982461304,0.671555550935251,0.4648851982461304,1.0,1,0.6058468128466747,55
5390,2,13903,13903,0,0,0,0,0.6774206303828357,0.4648851982461304,0.6774206303828357,0.4648851982461304,1.0,1,0.6244689305225496,56
5391,3,13906,13906,0,0,0,0,0.6981329885054384,0.4990805703101203,0.6981329885054384,0.4990805703101203,1.0,1,0.5993385107925474,56
5392,2,13908,13908,0,0,0,0,0.6799752905307381,0.5095281399672932,0.6799752905307381,0.5095281399672932,1.0,1,0.6168646618013898,56
5393,3,13911,13911,0,0,0,0,0.7081198010136093,0.5435474651258511,0.7081198010136093,0.5435474651258511,1.0,1,0.5946029040194667,54
5394,5,13916,13916,0,0,0,0,0.7320939760755497,0.5702054082780522,0.7320939760755497,0.5702054082780522,1.0,1,0.5820275894033043,53
5395,3,13919,13919,0,0,0,0,0.7143879449891266,0.5702054082780522,0.7143879449891266,0.5702054082780522,1.0,1,0.5825931995825763,53
5396,9,13928,13928,0,0,0,0,0.7280166571810432,0.5466106035016949,0.7280166571810432,0.5466106035016949,1.0,1,0.5872347701566235,54
5397,8,13936,13936,0,0,0,0,0.7235999670797271,0.5472084551105103,0.7235999670797271,0.5472084551105103,1.0,1,0.5794574040730742,53
5398,5,13941,13941,0,0,0,0,0.7574135150640359,0.5745987275706245,0.7574135150640359,0.5745987275706245,1.0,1,0.5634989631153263,53
5399,5,13946,13946,0,0,0,0,0.7711409214728105,0.5858469297987292,0.7711409214728105,0.5858469297987292,1.0,1,0.5410175086805776,55
5400,5,13951,13951,0,0,0,0,0.7812653310235199,0.6140395714492518,0.7812653310235199,0.6140395714492518,1.0,1,0.5564841644754058,55
5401,3,13954,13954,0,0,0,0,0.7996932359165069,0.5807635065357449,0.7996932359165069,0.5807635065357449,1.0,1,0.5443436871341109,56
5402,0,13954,13954,0,0,0,0,1.0,1.0,1.0,1.0,1.0,1,0.0,0
