,SuccessfulHandoverCount,TotalSuccessfulHandoverCount,TotalSuccessfulHandoverCountRange,TotalSuccessfulHandoverCountLoadBalancing,TotalSuccessfulHandoverCountOverload,FailedHandoverCount,TotalFailedHandoverCount,AvgQoS,MinQoS,AvgQoS_LoadBased,MinQoS_LoadBased,AvgQoS_RangeBased,MinQoS_RangeBased,GiniLoad,VehicleCount
0,0,0,0,0,0,0,0,1.0,1,1.0,1,1.0,1,0.0,0
1,11,11,0,11,0,0,0,1.0,1,1.0,1,1.0,1,0.2655473127736556,26
2,9,20,0,20,0,0,0,1.0,1,1.0,1,1.0,1,0.16272431613789476,27
3,4,24,0,24,0,0,0,1.0,1,1.0,1,1.0,1,0.20302059887784218,28
4,1,25,0,25,0,0,0,1.0,1,1.0,1,1.0,1,0.15462005414552835,29
5,0,25,0,25,0,0,0,1.0,1,1.0,1,1.0,1,0.15462005414552835,29
6,0,25,0,25,0,0,0,1.0,1,1.0,1,1.0,1,0.17307895408277543,32
7,0,25,0,25,0,0,0,1.0,1,1.0,1,1.0,1,0.17875295464457397,33
8,0,25,0,25,0,0,0,1.0,1,1.0,1,1.0,1,0.1818874226524124,35
9,2,27,1,26,0,0,0,1.0,1,1.0,1,1.0,1,0.17370203895278089,35
10,1,28,2,26,0,0,0,1.0,1,1.0,1,1.0,1,0.1754422750994371,35
11,0,28,2,26,0,0,0,1.0,1,1.0,1,1.0,1,0.14915069805159598,35
12,1,29,3,26,0,0,0,1.0,1,1.0,1,1.0,1,0.17685816514343997,34
13,1,30,4,26,0,0,0,1.0,1,1.0,1,1.0,1,0.2402743895182281,32
14,3,33,7,26,0,0,0,1.0,1,1.0,1,1.0,1,0.2689175796880271,31
15,0,33,7,26,0,0,0,1.0,1,1.0,1,1.0,1,0.2978065985208833,30
16,4,37,9,28,0,0,0,1.0,1,1.0,1,1.0,1,0.3414760533988314,30
17,0,37,9,28,0,0,0,1.0,1,1.0,1,1.0,1,0.37397629606602745,29
18,0,37,9,28,0,0,0,1.0,1,1.0,1,1.0,1,0.37397629606602745,29
19,2,39,9,30,0,0,0,1.0,1,1.0,1,1.0,1,0.31710067283371246,28
20,0,39,9,30,0,0,0,1.0,1,1.0,1,1.0,1,0.3417631821548646,28
21,1,40,10,30,0,0,0,1.0,1,1.0,1,1.0,1,0.3506632520299052,28
22,5,45,13,32,0,0,0,1.0,1,1.0,1,1.0,1,0.34647575759810045,28
23,4,49,15,34,0,0,0,1.0,1,1.0,1,1.0,1,0.3131039166563585,27
24,5,54,20,34,0,0,0,1.0,1,1.0,1,1.0,1,0.32926847383378194,28
25,4,58,22,36,0,0,0,1.0,1,1.0,1,1.0,1,0.14808824478579144,28
26,2,60,23,37,0,0,0,1.0,1,1.0,1,1.0,1,0.12266707651656947,30
27,1,61,24,37,0,0,0,1.0,1,1.0,1,1.0,1,0.13497609197425262,30
28,1,62,25,37,0,0,0,1.0,1,1.0,1,1.0,1,0.12639429356217466,31
29,2,64,26,38,0,0,0,1.0,1,1.0,1,1.0,1,0.12499297616514968,30
30,1,65,27,38,0,0,0,1.0,1,1.0,1,1.0,1,0.16627504446550134,30
31,2,67,27,40,0,0,0,1.0,1,1.0,1,1.0,1,0.10274956061671134,31
32,0,67,27,40,0,0,0,1.0,1,1.0,1,1.0,1,0.10251730716232456,31
33,2,69,28,41,0,0,0,1.0,1,1.0,1,1.0,1,0.11645841319755994,31
34,3,72,30,42,0,0,0,1.0,1,1.0,1,1.0,1,0.22076605276593758,29
35,0,72,30,42,0,0,0,1.0,1,1.0,1,1.0,1,0.19567344701365727,30
36,2,74,31,43,0,0,0,1.0,1,1.0,1,1.0,1,0.26636939437769047,30
37,2,76,32,44,0,0,0,1.0,1,1.0,1,1.0,1,0.255719767646145,31
38,0,76,32,44,0,0,0,1.0,1,1.0,1,1.0,1,0.2527506426392593,32
39,1,77,32,45,0,0,0,1.0,1,1.0,1,1.0,1,0.22281564486477,36
40,1,78,32,46,0,0,0,1.0,1,1.0,1,1.0,1,0.2015689429379568,37
41,0,78,32,46,0,0,0,1.0,1,1.0,1,1.0,1,0.2015689429379568,37
42,1,79,33,46,0,0,0,1.0,1,1.0,1,1.0,1,0.23550686192260897,38
43,5,84,35,49,0,0,0,1.0,1,1.0,1,1.0,1,0.23825809275851825,40
44,0,84,35,49,0,0,0,1.0,1,1.0,1,1.0,1,0.26750094722017,39
45,1,85,36,49,0,0,0,1.0,1,1.0,1,1.0,1,0.30610598738059636,40
46,3,88,36,52,0,0,0,1.0,1,1.0,1,1.0,1,0.21410414339983613,39
47,0,88,36,52,0,0,0,1.0,1,1.0,1,1.0,1,0.21410414339983613,39
48,0,88,36,52,0,0,0,1.0,1,1.0,1,1.0,1,0.21410414339983613,39
49,0,88,36,52,0,0,0,1.0,1,1.0,1,1.0,1,0.2022580698310009,37
50,1,89,37,52,0,0,0,1.0,1,1.0,1,1.0,1,0.1947930492200883,35
51,0,89,37,52,0,0,0,1.0,1,1.0,1,1.0,1,0.20178342758872828,34
52,2,91,37,54,0,0,0,1.0,1,1.0,1,1.0,1,0.19870265945235985,34
53,0,91,37,54,0,0,0,1.0,1,1.0,1,1.0,1,0.19830627431557862,35
54,0,91,37,54,0,0,0,1.0,1,1.0,1,1.0,1,0.20986800037236603,36
55,1,92,38,54,0,0,0,1.0,1,1.0,1,1.0,1,0.20647611720196282,36
56,2,94,40,54,0,0,0,1.0,1,1.0,1,1.0,1,0.22770465481148225,36
57,0,94,40,54,0,0,0,1.0,1,1.0,1,1.0,1,0.2425761770826689,37
58,3,97,42,55,0,0,0,1.0,1,1.0,1,1.0,1,0.2661223222688431,38
59,0,97,42,55,0,0,0,1.0,1,1.0,1,1.0,1,0.2717868514304384,37
60,2,99,43,56,0,0,0,1.0,1,1.0,1,1.0,1,0.24695782369089309,38
61,2,101,44,57,0,0,0,1.0,1,1.0,1,1.0,1,0.2454362652772912,37
62,2,103,45,58,0,0,0,1.0,1,1.0,1,1.0,1,0.25031867429013954,39
63,1,104,46,58,0,0,0,1.0,1,1.0,1,1.0,1,0.28744718269527414,39
64,2,106,47,59,0,0,0,1.0,1,1.0,1,1.0,1,0.2738016161838984,38
65,3,109,49,60,0,0,0,1.0,1,1.0,1,1.0,1,0.2385407709682386,39
66,3,112,51,61,0,0,0,1.0,1,1.0,1,1.0,1,0.24964195954492135,39
67,1,113,51,62,0,0,0,1.0,1,1.0,1,1.0,1,0.23554096832959182,36
68,0,113,51,62,0,0,0,1.0,1,1.0,1,1.0,1,0.27474742996289775,36
69,0,113,51,62,0,0,0,1.0,1,1.0,1,1.0,1,0.279502259033903,37
70,1,114,51,63,0,0,0,1.0,1,1.0,1,1.0,1,0.2852293500779187,36
71,0,114,51,63,0,0,0,1.0,1,1.0,1,1.0,1,0.2896079302970604,38
72,2,116,52,64,0,0,0,1.0,1,1.0,1,1.0,1,0.3028226093987326,38
73,1,117,53,64,0,0,0,1.0,1,1.0,1,1.0,1,0.3025244285744205,37
74,3,120,54,66,0,0,0,1.0,1,1.0,1,1.0,1,0.2901124062492747,38
75,2,122,55,67,0,0,0,1.0,1,1.0,1,1.0,1,0.2542155251153865,38
76,1,123,55,68,0,0,0,1.0,1,1.0,1,1.0,1,0.22821866733449594,39
77,0,123,55,68,0,0,0,1.0,1,1.0,1,1.0,1,0.24106290076505116,40
78,1,124,55,69,0,0,0,1.0,1,1.0,1,1.0,1,0.2120501300620403,41
79,0,124,55,69,0,0,0,1.0,1,1.0,1,1.0,1,0.2120501300620403,41
80,0,124,55,69,0,0,0,1.0,1,1.0,1,1.0,1,0.2120501300620403,41
81,0,124,55,69,0,0,0,1.0,1,1.0,1,1.0,1,0.23739569563431445,41
82,3,127,55,72,0,0,0,1.0,1,1.0,1,1.0,1,0.21202863008958545,44
83,1,128,55,73,0,0,0,1.0,1,1.0,1,1.0,1,0.2098674987929156,44
84,0,128,55,73,0,0,0,1.0,1,1.0,1,1.0,1,0.19816082824093886,45
85,1,129,55,74,0,0,0,1.0,1,1.0,1,1.0,1,0.18062274493793776,45
86,0,129,55,74,0,0,0,1.0,1,1.0,1,1.0,1,0.18062274493793776,45
87,1,130,56,74,0,0,0,1.0,1,1.0,1,1.0,1,0.23159031070415678,44
88,0,130,56,74,0,0,0,1.0,1,1.0,1,1.0,1,0.23159031070415678,44
89,0,130,56,74,0,0,0,1.0,1,1.0,1,1.0,1,0.25383306666489625,43
90,1,131,56,75,0,0,0,1.0,1,1.0,1,1.0,1,0.2920810071795733,44
91,1,132,57,75,0,0,0,1.0,1,1.0,1,1.0,1,0.32097147352453376,44
92,0,132,57,75,0,0,0,1.0,1,1.0,1,1.0,1,0.30439142461265434,43
93,0,132,57,75,0,0,0,1.0,1,1.0,1,1.0,1,0.3199484857474272,44
94,3,135,59,76,0,0,0,1.0,1,1.0,1,1.0,1,0.3156429059108516,44
95,0,135,59,76,0,0,0,1.0,1,1.0,1,1.0,1,0.3074862556639705,43
96,1,136,60,76,0,0,0,1.0,1,1.0,1,1.0,1,0.3034475228443853,44
97,4,140,60,80,0,0,0,1.0,1,1.0,1,1.0,1,0.25223937593388884,44
98,1,141,60,81,0,0,0,1.0,1,1.0,1,1.0,1,0.25596657309868387,43
99,0,141,60,81,0,0,0,1.0,1,1.0,1,1.0,1,0.25596657309868387,43
100,3,144,60,84,0,0,0,1.0,1,1.0,1,1.0,1,0.227173064085653,47
101,0,144,60,84,0,0,0,1.0,1,1.0,1,1.0,1,0.227173064085653,47
102,1,145,61,84,0,0,0,1.0,1,1.0,1,1.0,1,0.24813086312796478,47
103,2,147,63,84,0,0,0,1.0,1,1.0,1,1.0,1,0.24098868315390445,46
104,3,150,66,84,0,0,0,1.0,1,1.0,1,1.0,1,0.29033135932719284,45
105,4,154,68,86,0,0,0,1.0,1,1.0,1,1.0,1,0.26120872011070595,44
106,3,157,71,86,0,0,0,1.0,1,1.0,1,1.0,1,0.31150817961041777,45
107,4,161,73,88,0,0,0,1.0,1,1.0,1,1.0,1,0.26804136321130045,44
108,3,164,73,91,0,0,0,1.0,1,1.0,1,1.0,1,0.23663759827970623,46
109,2,166,74,92,0,0,0,1.0,1,1.0,1,1.0,1,0.2220301027158162,46
110,3,169,75,94,0,0,0,1.0,1,1.0,1,1.0,1,0.1860655581113962,46
111,2,171,76,95,0,0,0,1.0,1,1.0,1,1.0,1,0.19813737056294492,46
112,5,176,79,97,0,0,0,1.0,1,1.0,1,1.0,1,0.13949567138572844,46
113,1,177,79,98,0,0,0,1.0,1,1.0,1,1.0,1,0.10553835290122124,46
114,2,179,81,98,0,0,0,1.0,1,1.0,1,1.0,1,0.10459829904083556,46
115,1,180,82,98,0,0,0,1.0,1,1.0,1,1.0,1,0.14431849384283024,47
116,1,181,83,98,0,0,0,1.0,1,1.0,1,1.0,1,0.18263282866702457,47
117,2,183,84,99,0,0,0,1.0,1,1.0,1,1.0,1,0.19608696028663514,45
118,2,185,85,100,0,0,0,1.0,1,1.0,1,1.0,1,0.18889444272109687,46
119,0,185,85,100,0,0,0,1.0,1,1.0,1,1.0,1,0.19820648946983727,46
120,0,185,85,100,0,0,0,1.0,1,1.0,1,1.0,1,0.19820556474537285,47
121,2,187,86,101,0,0,0,1.0,1,1.0,1,1.0,1,0.1801208314090837,46
122,1,188,86,102,0,0,0,1.0,1,1.0,1,1.0,1,0.15242737683826144,46
123,0,188,86,102,0,0,0,1.0,1,1.0,1,1.0,1,0.17324882685311674,45
124,0,188,86,102,0,0,0,1.0,1,1.0,1,1.0,1,0.17427919463922634,46
125,1,189,87,102,0,0,0,1.0,1,1.0,1,1.0,1,0.20064703448720997,44
126,0,189,87,102,0,0,0,1.0,1,1.0,1,1.0,1,0.2114039541518392,45
127,3,192,87,105,0,0,0,1.0,1,1.0,1,1.0,1,0.13994241973041444,45
128,0,192,87,105,0,0,0,1.0,1,1.0,1,1.0,1,0.1510702548658414,46
129,1,193,88,105,0,0,0,1.0,1,1.0,1,1.0,1,0.18863183764456126,48
130,0,193,88,105,0,0,0,1.0,1,1.0,1,1.0,1,0.18863183764456126,48
131,0,193,88,105,0,0,0,1.0,1,1.0,1,1.0,1,0.18901513263897332,49
132,6,199,90,109,0,0,0,1.0,1,1.0,1,1.0,1,0.18854466124541222,51
133,5,204,93,111,0,0,0,1.0,1,1.0,1,1.0,1,0.1794557857738804,49
134,6,210,96,114,0,0,0,1.0,1,1.0,1,1.0,1,0.14628237382754852,49
135,0,210,96,114,0,0,0,1.0,1,1.0,1,1.0,1,0.1745586081616028,49
136,2,212,98,114,0,0,0,1.0,1,1.0,1,1.0,1,0.14850053394107957,48
137,0,212,98,114,0,0,0,1.0,1,1.0,1,1.0,1,0.14618436729425774,47
138,3,215,100,115,0,0,0,1.0,1,1.0,1,1.0,1,0.14206302232387205,48
139,2,217,101,116,0,0,0,1.0,1,1.0,1,1.0,1,0.1676575663063868,48
140,3,220,104,116,0,0,0,1.0,1,1.0,1,1.0,1,0.21937597104430076,49
141,2,222,106,116,0,0,0,1.0,1,1.0,1,1.0,1,0.23827446418032194,49
142,2,224,107,117,0,0,0,1.0,1,1.0,1,1.0,1,0.1976762703311623,49
143,1,225,108,117,0,0,0,1.0,1,1.0,1,1.0,1,0.21866942559378852,47
144,2,227,110,117,0,0,0,1.0,1,1.0,1,1.0,1,0.22876466468199347,46
145,3,230,110,120,0,0,0,1.0,1,1.0,1,1.0,1,0.11174339871858037,44
146,1,231,111,120,0,0,0,1.0,1,1.0,1,1.0,1,0.15651657204533165,44
147,1,232,112,120,0,0,0,1.0,1,1.0,1,1.0,1,0.18875161001375354,43
148,1,233,113,120,0,0,0,1.0,1,1.0,1,1.0,1,0.2181569633455273,43
149,1,234,114,120,0,0,0,1.0,1,1.0,1,1.0,1,0.19758482711585793,43
150,0,234,114,120,0,0,0,1.0,1,1.0,1,1.0,1,0.17595832408826795,42
151,1,235,115,120,0,0,0,1.0,1,1.0,1,1.0,1,0.2088321683067206,42
152,1,236,116,120,0,0,0,1.0,1,1.0,1,1.0,1,0.22137301235905438,42
153,2,238,116,122,0,0,0,1.0,1,1.0,1,1.0,1,0.2104912672680245,42
154,2,240,118,122,0,0,0,1.0,1,1.0,1,1.0,1,0.28480124395164214,43
155,1,241,118,123,0,0,0,1.0,1,1.0,1,1.0,1,0.2767415232385442,43
156,0,241,118,123,0,0,0,1.0,1,1.0,1,1.0,1,0.2603248133626235,42
157,3,244,118,126,0,0,0,1.0,1,1.0,1,1.0,1,0.21349673722712972,41
158,1,245,118,127,0,0,0,1.0,1,1.0,1,1.0,1,0.1992441600466293,42
159,1,246,118,128,0,0,0,1.0,1,1.0,1,1.0,1,0.18946904259304906,43
160,4,250,122,128,0,0,0,1.0,1,1.0,1,1.0,1,0.2573911093728807,44
161,6,256,123,133,0,0,0,1.0,1,1.0,1,1.0,1,0.20972087878415016,44
162,3,259,124,135,0,0,0,1.0,1,1.0,1,1.0,1,0.19767859083827713,45
163,4,263,126,137,0,0,0,1.0,1,1.0,1,1.0,1,0.21980124968066528,43
164,0,263,126,137,0,0,0,1.0,1,1.0,1,1.0,1,0.21779757966265043,42
165,3,266,129,137,0,0,0,1.0,1,1.0,1,1.0,1,0.2435226701956273,42
166,2,268,129,139,0,0,0,1.0,1,1.0,1,1.0,1,0.23101113436101345,42
167,3,271,130,141,0,0,0,1.0,1,1.0,1,1.0,1,0.22246392165030393,41
168,1,272,131,141,0,0,0,1.0,1,1.0,1,1.0,1,0.24917442303988943,40
169,2,274,131,143,0,0,0,1.0,1,1.0,1,1.0,1,0.15078886636946676,40
170,0,274,131,143,0,0,0,1.0,1,1.0,1,1.0,1,0.11693684552496744,38
171,3,277,133,144,0,0,0,1.0,1,1.0,1,1.0,1,0.14074946252685033,37
172,1,278,134,144,0,0,0,1.0,1,1.0,1,1.0,1,0.2442537346974236,35
173,5,283,136,147,0,0,0,1.0,1,1.0,1,1.0,1,0.28459919404273654,36
174,1,284,137,147,0,0,0,1.0,1,1.0,1,1.0,1,0.23006546290229446,34
175,0,284,137,147,0,0,0,1.0,1,1.0,1,1.0,1,0.219716728843966,33
176,1,285,138,147,0,0,0,1.0,1,1.0,1,1.0,1,0.2537901730221742,34
177,2,287,139,148,0,0,0,1.0,1,1.0,1,1.0,1,0.1968916423138269,36
178,1,288,139,149,0,0,0,1.0,1,1.0,1,1.0,1,0.1919318038065455,37
179,0,288,139,149,0,0,0,1.0,1,1.0,1,1.0,1,0.1919318038065455,37
180,0,288,139,149,0,0,0,1.0,1,1.0,1,1.0,1,0.21270836873232063,36
181,0,288,139,149,0,0,0,1.0,1,1.0,1,1.0,1,0.21270836873232063,36
182,1,289,140,149,0,0,0,1.0,1,1.0,1,1.0,1,0.2348333698952965,38
183,1,290,141,149,0,0,0,1.0,1,1.0,1,1.0,1,0.24129869172701843,37
184,3,293,144,149,0,0,0,1.0,1,1.0,1,1.0,1,0.27550423502813365,36
185,0,293,144,149,0,0,0,1.0,1,1.0,1,1.0,1,0.26104882529190965,35
186,1,294,145,149,0,0,0,1.0,1,1.0,1,1.0,1,0.30883921550468996,34
187,3,297,147,150,0,0,0,1.0,1,1.0,1,1.0,1,0.2367167443525233,33
188,2,299,148,151,0,0,0,1.0,1,1.0,1,1.0,1,0.2106778022179818,33
189,4,303,152,151,0,0,0,1.0,1,1.0,1,1.0,1,0.30608672251363483,33
190,4,307,152,155,0,0,0,1.0,1,1.0,1,1.0,1,0.20240956847475006,32
191,0,307,152,155,0,0,0,1.0,1,1.0,1,1.0,1,0.19631503834854436,34
192,1,308,152,156,0,0,0,1.0,1,1.0,1,1.0,1,0.190596674803591,34
193,1,309,152,157,0,0,0,1.0,1,1.0,1,1.0,1,0.16807553706628908,35
194,2,311,154,157,0,0,0,1.0,1,1.0,1,1.0,1,0.2560077955688607,37
195,2,313,154,159,0,0,0,1.0,1,1.0,1,1.0,1,0.24304635294541288,36
196,3,316,154,162,0,0,0,1.0,1,1.0,1,1.0,1,0.13511111520981917,36
197,0,316,154,162,0,0,0,1.0,1,1.0,1,1.0,1,0.1375458982453194,37
198,0,316,154,162,0,0,0,1.0,1,1.0,1,1.0,1,0.1375458982453194,37
199,1,317,155,162,0,0,0,1.0,1,1.0,1,1.0,1,0.15058264726684195,37
200,2,319,156,163,0,0,0,1.0,1,1.0,1,1.0,1,0.16938744320000887,37
201,0,319,156,163,0,0,0,1.0,1,1.0,1,1.0,1,0.13730488571866392,36
202,2,321,158,163,0,0,0,1.0,1,1.0,1,1.0,1,0.1394265477379657,36
203,1,322,159,163,0,0,0,1.0,1,1.0,1,1.0,1,0.15821538419712775,35
204,3,325,160,165,0,0,0,1.0,1,1.0,1,1.0,1,0.19469455406202216,35
205,2,327,162,165,0,0,0,1.0,1,1.0,1,1.0,1,0.21827292252582617,35
206,1,328,163,165,0,0,0,1.0,1,1.0,1,1.0,1,0.29647709702935804,34
207,1,329,163,166,0,0,0,1.0,1,1.0,1,1.0,1,0.28822892106635595,34
208,2,331,164,167,0,0,0,1.0,1,1.0,1,1.0,1,0.32378932070498206,33
209,0,331,164,167,0,0,0,1.0,1,1.0,1,1.0,1,0.31405636887879784,33
210,3,334,166,168,0,0,0,1.0,1,1.0,1,1.0,1,0.35169306313863685,34
211,5,339,167,172,0,0,0,1.0,1,1.0,1,1.0,1,0.30951979543425256,33
212,1,340,167,173,0,0,0,1.0,1,1.0,1,1.0,1,0.24965564814134045,33
213,0,340,167,173,0,0,0,1.0,1,1.0,1,1.0,1,0.2610898575564939,35
214,1,341,168,173,0,0,0,1.0,1,1.0,1,1.0,1,0.2318790730277914,34
215,2,343,169,174,0,0,0,1.0,1,1.0,1,1.0,1,0.20241765853583082,35
216,2,345,170,175,0,0,0,1.0,1,1.0,1,1.0,1,0.1942340987944391,36
217,2,347,171,176,0,0,0,1.0,1,1.0,1,1.0,1,0.18279973743219735,36
218,4,351,174,177,0,0,0,1.0,1,1.0,1,1.0,1,0.26171384023836136,36
219,2,353,174,179,0,0,0,1.0,1,1.0,1,1.0,1,0.1910793299823937,37
220,3,356,174,182,0,0,0,1.0,1,1.0,1,1.0,1,0.15368834121126113,38
221,0,356,174,182,0,0,0,1.0,1,1.0,1,1.0,1,0.16431759068697924,37
222,1,357,175,182,0,0,0,1.0,1,1.0,1,1.0,1,0.16551761225091213,38
223,1,358,176,182,0,0,0,1.0,1,1.0,1,1.0,1,0.20768843241299953,38
224,2,360,177,183,0,0,0,1.0,1,1.0,1,1.0,1,0.22960430842068857,38
225,2,362,178,184,0,0,0,1.0,1,1.0,1,1.0,1,0.20719114628058735,36
226,2,364,179,185,0,0,0,1.0,1,1.0,1,1.0,1,0.2476811330100386,37
227,1,365,179,186,0,0,0,1.0,1,1.0,1,1.0,1,0.15864218267017619,35
228,1,366,180,186,0,0,0,1.0,1,1.0,1,1.0,1,0.18442183010600807,35
229,3,369,182,187,0,0,0,1.0,1,1.0,1,1.0,1,0.1617871718005119,35
230,4,373,185,188,0,0,0,1.0,1,1.0,1,1.0,1,0.2328996394785614,35
231,3,376,187,189,0,0,0,1.0,1,1.0,1,1.0,1,0.15987436249058343,35
232,2,378,189,189,0,0,0,1.0,1,1.0,1,1.0,1,0.24576194471829593,36
233,2,380,189,191,0,0,0,1.0,1,1.0,1,1.0,1,0.18679922862533732,36
234,1,381,190,191,0,0,0,1.0,1,1.0,1,1.0,1,0.24801428582816315,34
235,4,385,193,192,0,0,0,1.0,1,1.0,1,1.0,1,0.23896545502737493,33
236,1,386,194,192,0,0,0,1.0,1,1.0,1,1.0,1,0.21709772523373835,31
237,0,386,194,192,0,0,0,1.0,1,1.0,1,1.0,1,0.23373722008476708,32
238,3,389,196,193,0,0,0,1.0,1,1.0,1,1.0,1,0.23466882927757435,31
239,2,391,196,195,0,0,0,1.0,1,1.0,1,1.0,1,0.18896621967150073,30
240,0,391,196,195,0,0,0,1.0,1,1.0,1,1.0,1,0.2130922975581916,27
241,1,392,197,195,0,0,0,1.0,1,1.0,1,1.0,1,0.22596803333567592,27
242,0,392,197,195,0,0,0,1.0,1,1.0,1,1.0,1,0.21662667012613473,28
243,1,393,198,195,0,0,0,1.0,1,1.0,1,1.0,1,0.2375345505383482,28
244,2,395,199,196,0,0,0,1.0,1,1.0,1,1.0,1,0.21767605981044785,27
245,2,397,201,196,0,0,0,1.0,1,1.0,1,1.0,1,0.29024886424534424,27
246,1,398,202,196,0,0,0,1.0,1,1.0,1,1.0,1,0.23801213068424262,25
247,0,398,202,196,0,0,0,1.0,1,1.0,1,1.0,1,0.2087699634652797,24
248,0,398,202,196,0,0,0,1.0,1,1.0,1,1.0,1,0.20484253556976334,24
249,0,398,202,196,0,0,0,1.0,1,1.0,1,1.0,1,0.229867329220123,25
250,1,399,202,197,0,0,0,1.0,1,1.0,1,1.0,1,0.2360409337616266,27
251,0,399,202,197,0,0,0,1.0,1,1.0,1,1.0,1,0.2360409337616266,27
252,0,399,202,197,0,0,0,1.0,1,1.0,1,1.0,1,0.2360409337616266,27
253,2,401,203,198,0,0,0,1.0,1,1.0,1,1.0,1,0.26342270564146436,29
254,3,404,206,198,0,0,0,1.0,1,1.0,1,1.0,1,0.21689042993506397,30
255,0,404,206,198,0,0,0,1.0,1,1.0,1,1.0,1,0.23106167108244657,31
256,2,406,208,198,0,0,0,1.0,1,1.0,1,1.0,1,0.24226059406343897,31
257,3,409,209,200,0,0,0,1.0,1,1.0,1,1.0,1,0.22408340480346026,33
258,1,410,210,200,0,0,0,1.0,1,1.0,1,1.0,1,0.23010104057407033,33
259,0,410,210,200,0,0,0,1.0,1,1.0,1,1.0,1,0.23010104057407033,33
260,2,412,211,201,0,0,0,1.0,1,1.0,1,1.0,1,0.27795075470389746,35
261,2,414,212,202,0,0,0,1.0,1,1.0,1,1.0,1,0.27783858596842553,35
262,2,416,214,202,0,0,0,1.0,1,1.0,1,1.0,1,0.3522387338464737,35
263,0,416,214,202,0,0,0,1.0,1,1.0,1,1.0,1,0.3545712693953007,34
264,1,417,215,202,0,0,0,1.0,1,1.0,1,1.0,1,0.40738789788382906,32
265,2,419,217,202,0,0,0,1.0,1,1.0,1,1.0,1,0.35230935507129946,30
266,2,421,219,202,0,0,0,1.0,1,1.0,1,1.0,1,0.3423287027515571,31
267,3,424,221,203,0,0,0,1.0,1,1.0,1,1.0,1,0.2917971839116742,30
268,1,425,221,204,0,0,0,1.0,1,1.0,1,1.0,1,0.3038159197914343,31
269,1,426,222,204,0,0,0,1.0,1,1.0,1,1.0,1,0.32152092658496506,31
270,4,430,224,206,0,0,0,1.0,1,1.0,1,1.0,1,0.31702796775518466,32
271,1,431,225,206,0,0,0,1.0,1,1.0,1,1.0,1,0.35641451802824997,31
272,3,434,226,208,0,0,0,1.0,1,1.0,1,1.0,1,0.4145461714194618,32
273,0,434,226,208,0,0,0,1.0,1,1.0,1,1.0,1,0.4145461714194618,32
274,0,434,226,208,0,0,0,1.0,1,1.0,1,1.0,1,0.4145461714194618,32
275,0,434,226,208,0,0,0,1.0,1,1.0,1,1.0,1,0.3773699056737202,33
276,5,439,230,209,0,0,0,1.0,1,1.0,1,1.0,1,0.43697433995034707,34
277,2,441,231,210,0,0,0,1.0,1,1.0,1,1.0,1,0.3898210002663144,32
278,1,442,231,211,0,0,0,1.0,1,1.0,1,1.0,1,0.3883498514058313,31
279,2,444,231,213,0,0,0,1.0,1,1.0,1,1.0,1,0.3218305793827766,31
280,4,448,232,216,0,0,0,1.0,1,1.0,1,1.0,1,0.33279506341807097,30
281,1,449,232,217,0,0,0,1.0,1,1.0,1,1.0,1,0.29069166136533175,31
282,0,449,232,217,0,0,0,1.0,1,1.0,1,1.0,1,0.2574149096728848,30
283,1,450,232,218,0,0,0,1.0,1,1.0,1,1.0,1,0.222582867641025,31
284,1,451,233,218,0,0,0,1.0,1,1.0,1,1.0,1,0.21955043249346004,31
285,1,452,234,218,0,0,0,1.0,1,1.0,1,1.0,1,0.25336231913777935,31
286,0,452,234,218,0,0,0,1.0,1,1.0,1,1.0,1,0.25336231913777935,31
287,4,456,236,220,0,0,0,1.0,1,1.0,1,1.0,1,0.31562621224144427,33
288,0,456,236,220,0,0,0,1.0,1,1.0,1,1.0,1,0.30005001891213423,32
289,1,457,237,220,0,0,0,1.0,1,1.0,1,1.0,1,0.33074179783458196,32
290,0,457,237,220,0,0,0,1.0,1,1.0,1,1.0,1,0.3173589084581311,31
291,0,457,237,220,0,0,0,1.0,1,1.0,1,1.0,1,0.31173174496986217,30
292,0,457,237,220,0,0,0,1.0,1,1.0,1,1.0,1,0.28911895834022033,32
293,0,457,237,220,0,0,0,1.0,1,1.0,1,1.0,1,0.28911895834022033,32
294,1,458,237,221,0,0,0,1.0,1,1.0,1,1.0,1,0.27364147649759296,32
295,1,459,237,222,0,0,0,1.0,1,1.0,1,1.0,1,0.2824549538479777,34
296,1,460,238,222,0,0,0,1.0,1,1.0,1,1.0,1,0.2664913484345471,34
297,3,463,239,224,0,0,0,1.0,1,1.0,1,1.0,1,0.23935051357137546,34
298,2,465,239,226,0,0,0,1.0,1,1.0,1,1.0,1,0.20930648736998986,35
299,0,465,239,226,0,0,0,1.0,1,1.0,1,1.0,1,0.2669921746440156,35
300,1,466,240,226,0,0,0,1.0,1,1.0,1,1.0,1,0.27182905228593873,35
301,1,467,240,227,0,0,0,1.0,1,1.0,1,1.0,1,0.27463621020974216,38
302,2,469,242,227,0,0,0,1.0,1,1.0,1,1.0,1,0.30838536278810985,38
303,3,472,245,227,0,0,0,1.0,1,1.0,1,1.0,1,0.33129547833522444,37
304,2,474,246,228,0,0,0,1.0,1,1.0,1,1.0,1,0.3660927415979862,37
305,7,481,248,233,0,0,0,1.0,1,1.0,1,1.0,1,0.3240515529243576,36
306,3,484,248,236,0,0,0,1.0,1,1.0,1,1.0,1,0.2708186148748763,36
307,0,484,248,236,0,0,0,1.0,1,1.0,1,1.0,1,0.26530179306398843,35
308,1,485,248,237,0,0,0,1.0,1,1.0,1,1.0,1,0.2298980067044583,37
309,0,485,248,237,0,0,0,1.0,1,1.0,1,1.0,1,0.2298980067044583,37
310,1,486,248,238,0,0,0,1.0,1,1.0,1,1.0,1,0.20144533412255763,37
311,0,486,248,238,0,0,0,1.0,1,1.0,1,1.0,1,0.19957761033699917,39
312,1,487,249,238,0,0,0,1.0,1,1.0,1,1.0,1,0.2391558089498105,40
313,1,488,249,239,0,0,0,1.0,1,1.0,1,1.0,1,0.1929624006581525,39
314,0,488,249,239,0,0,0,1.0,1,1.0,1,1.0,1,0.20264089428239737,40
315,0,488,249,239,0,0,0,1.0,1,1.0,1,1.0,1,0.19275436949466088,39
316,0,488,249,239,0,0,0,1.0,1,1.0,1,1.0,1,0.19275436949466088,39
317,1,489,249,240,0,0,0,1.0,1,1.0,1,1.0,1,0.2105821371460983,40
318,0,489,249,240,0,0,0,1.0,1,1.0,1,1.0,1,0.2307239191207064,41
319,2,491,249,242,0,0,0,1.0,1,1.0,1,1.0,1,0.20881422598304303,41
320,1,492,249,243,0,0,0,1.0,1,1.0,1,1.0,1,0.20773013569590007,41
321,0,492,249,243,0,0,0,1.0,1,1.0,1,1.0,1,0.20773013569590007,41
322,4,496,251,245,0,0,0,1.0,1,1.0,1,1.0,1,0.13766414395533808,41
323,0,496,251,245,0,0,0,1.0,1,1.0,1,1.0,1,0.13766414395533808,41
324,2,498,253,245,0,0,0,1.0,1,1.0,1,1.0,1,0.18610009625820037,42
325,1,499,254,245,0,0,0,1.0,1,1.0,1,1.0,1,0.2098171186268103,42
326,1,500,255,245,0,0,0,1.0,1,1.0,1,1.0,1,0.2568177932654173,42
327,2,502,255,247,0,0,0,1.0,1,1.0,1,1.0,1,0.2165030915606882,42
328,3,505,255,250,0,0,0,1.0,1,1.0,1,1.0,1,0.1882589674007819,43
329,1,506,255,251,0,0,0,1.0,1,1.0,1,1.0,1,0.17498306000872438,43
330,0,506,255,251,0,0,0,1.0,1,1.0,1,1.0,1,0.16415401790641299,45
331,0,506,255,251,0,0,0,1.0,1,1.0,1,1.0,1,0.16415401790641299,45
332,1,507,255,252,0,0,0,1.0,1,1.0,1,1.0,1,0.14856924812940775,45
333,0,507,255,252,0,0,0,1.0,1,1.0,1,1.0,1,0.15849950499682866,46
334,2,509,256,253,0,0,0,1.0,1,1.0,1,1.0,1,0.11363802919965647,48
335,0,509,256,253,0,0,0,1.0,1,1.0,1,1.0,1,0.11363802919965647,48
336,1,510,257,253,0,0,0,1.0,1,1.0,1,1.0,1,0.12816633653870252,48
337,0,510,257,253,0,0,0,1.0,1,1.0,1,1.0,1,0.14513893403012612,49
338,1,511,258,253,0,0,0,1.0,1,1.0,1,1.0,1,0.15352711364065144,50
339,1,512,258,254,0,0,0,1.0,1,1.0,1,1.0,1,0.1426756043592639,50
340,0,512,258,254,0,0,0,1.0,1,1.0,1,1.0,1,0.1426756043592639,50
341,0,512,258,254,0,0,0,1.0,1,1.0,1,1.0,1,0.150444957980489,51
342,1,513,259,254,0,0,0,1.0,1,1.0,1,1.0,1,0.18341433861051304,51
343,0,513,259,254,0,0,0,1.0,1,1.0,1,1.0,1,0.18392210287109512,51
344,1,514,260,254,0,0,0,1.0,1,1.0,1,1.0,1,0.1846187823477024,50
345,3,517,261,256,0,0,0,1.0,1,1.0,1,1.0,1,0.16012606909731905,51
346,2,519,261,258,0,0,0,1.0,1,1.0,1,1.0,1,0.12318298817065752,51
347,3,522,264,258,0,0,0,1.0,1,1.0,1,1.0,1,0.14170266258275838,51
348,4,526,266,260,0,0,0,1.0,1,1.0,1,1.0,1,0.19806616535971602,53
349,3,529,267,262,0,0,0,1.0,1,1.0,1,1.0,1,0.15899285414911765,55
350,2,531,267,264,0,0,0,1.0,1,1.0,1,1.0,1,0.1413505016749197,54
351,3,534,269,265,0,0,0,1.0,1,1.0,1,1.0,1,0.17575933483647554,54
352,3,537,270,267,0,0,0,1.0,1,1.0,1,1.0,1,0.1477142770106229,53
353,0,537,270,267,0,0,0,1.0,1,1.0,1,1.0,1,0.1657998931761963,53
354,0,537,270,267,0,0,0,1.0,1,1.0,1,1.0,1,0.20161347466774218,50
355,0,537,270,267,0,0,0,1.0,1,1.0,1,1.0,1,0.23292647289199928,51
356,2,539,271,268,0,0,0,1.0,1,1.0,1,1.0,1,0.20777150001088104,51
357,0,539,271,268,0,0,0,1.0,1,1.0,1,1.0,1,0.2087482086900845,50
358,2,541,273,268,0,0,0,1.0,1,1.0,1,1.0,1,0.27453263513262927,48
359,3,544,275,269,0,0,0,1.0,1,1.0,1,1.0,1,0.29884561098571416,47
360,1,545,275,270,0,0,0,1.0,1,1.0,1,1.0,1,0.28848603974256154,45
361,1,546,276,270,0,0,0,1.0,1,1.0,1,1.0,1,0.31049571529974346,44
362,0,546,276,270,0,0,0,1.0,1,1.0,1,1.0,1,0.30870602499148336,44
363,3,549,277,272,0,0,0,1.0,1,1.0,1,1.0,1,0.2525718916187965,44
364,0,549,277,272,0,0,0,1.0,1,1.0,1,1.0,1,0.249718631167711,43
365,2,551,279,272,0,0,0,1.0,1,1.0,1,1.0,1,0.2780363405702526,43
366,1,552,280,272,0,0,0,1.0,1,1.0,1,1.0,1,0.3128058150029235,45
367,2,554,281,273,0,0,0,1.0,1,1.0,1,1.0,1,0.3175932850538756,44
368,0,554,281,273,0,0,0,1.0,1,1.0,1,1.0,1,0.276960976744913,46
369,0,554,281,273,0,0,0,1.0,1,1.0,1,1.0,1,0.297181344456765,45
370,3,557,282,275,0,0,0,1.0,1,1.0,1,1.0,1,0.2898717219327169,46
371,2,559,282,277,0,0,0,1.0,1,1.0,1,1.0,1,0.29261788566348135,47
372,0,559,282,277,0,0,0,1.0,1,1.0,1,1.0,1,0.29519434782971926,48
373,4,563,283,280,0,0,0,1.0,1,1.0,1,1.0,1,0.23813063189745606,48
374,0,563,283,280,0,0,0,1.0,1,1.0,1,1.0,1,0.25420445433592304,49
375,2,565,283,282,0,0,0,1.0,1,1.0,1,1.0,1,0.2092384956007546,49
376,2,567,285,282,0,0,0,1.0,1,1.0,1,1.0,1,0.2041079481684056,49
377,2,569,286,283,0,0,0,1.0,1,1.0,1,1.0,1,0.19486269109441745,49
378,3,572,288,284,0,0,0,1.0,1,1.0,1,1.0,1,0.17723474828408284,49
379,2,574,288,286,0,0,0,1.0,1,1.0,1,1.0,1,0.15342971042989986,50
380,2,576,289,287,0,0,0,1.0,1,1.0,1,1.0,1,0.16052561449776395,50
381,1,577,290,287,0,0,0,1.0,1,1.0,1,1.0,1,0.17858267478127723,51
382,2,579,291,288,0,0,0,1.0,1,1.0,1,1.0,1,0.1674739849694084,50
383,1,580,292,288,0,0,0,1.0,1,1.0,1,1.0,1,0.17404984635653642,51
384,3,583,295,288,0,0,0,1.0,1,1.0,1,1.0,1,0.20184463960423019,50
385,1,584,295,289,0,0,0,1.0,1,1.0,1,1.0,1,0.17871383058690965,50
386,1,585,296,289,0,0,0,1.0,1,1.0,1,1.0,1,0.18829000096647858,48
387,0,585,296,289,0,0,0,1.0,1,1.0,1,1.0,1,0.21581575002630982,47
388,3,588,297,291,0,0,0,1.0,1,1.0,1,1.0,1,0.19150168580832455,48
389,1,589,298,291,0,0,0,1.0,1,1.0,1,1.0,1,0.21403105591205632,47
390,3,592,300,292,0,0,0,1.0,1,1.0,1,1.0,1,0.20610149484616644,49
391,1,593,301,292,0,0,0,1.0,1,1.0,1,1.0,1,0.1958638570597798,46
392,1,594,302,292,0,0,0,1.0,1,1.0,1,1.0,1,0.2602491522731171,46
393,2,596,304,292,0,0,0,1.0,1,1.0,1,1.0,1,0.3395177258906268,44
394,5,601,305,296,0,0,0,1.0,1,1.0,1,1.0,1,0.2873976784142759,43
395,1,602,305,297,0,0,0,1.0,1,1.0,1,1.0,1,0.27806061380871383,42
396,2,604,307,297,0,0,0,1.0,1,1.0,1,1.0,1,0.36942274523431,39
397,5,609,308,301,0,0,0,1.0,1,1.0,1,1.0,1,0.37327898666571224,39
398,2,611,308,303,0,0,0,1.0,1,1.0,1,1.0,1,0.3398783138339926,36
399,0,611,308,303,0,0,0,1.0,1,1.0,1,1.0,1,0.3398783138339926,36
400,5,616,310,306,0,0,0,1.0,1,1.0,1,1.0,1,0.27300947154953076,34
401,1,617,311,306,0,0,0,1.0,1,1.0,1,1.0,1,0.2597115503627399,33
402,1,618,311,307,0,0,0,1.0,1,1.0,1,1.0,1,0.22592937260572274,34
403,0,618,311,307,0,0,0,1.0,1,1.0,1,1.0,1,0.2246078547343372,36
404,2,620,313,307,0,0,0,1.0,1,1.0,1,1.0,1,0.25576716839741326,36
405,0,620,313,307,0,0,0,1.0,1,1.0,1,1.0,1,0.25586995013742986,37
406,0,620,313,307,0,0,0,1.0,1,1.0,1,1.0,1,0.25586995013742986,37
407,1,621,314,307,0,0,0,1.0,1,1.0,1,1.0,1,0.2766259840308063,39
408,2,623,316,307,0,0,0,1.0,1,1.0,1,1.0,1,0.2800082528866811,40
409,0,623,316,307,0,0,0,1.0,1,1.0,1,1.0,1,0.29444292094020813,41
410,2,625,318,307,0,0,0,1.0,1,1.0,1,1.0,1,0.31132764136514196,42
411,2,627,318,309,0,0,0,1.0,1,1.0,1,1.0,1,0.294287395016968,43
412,3,630,319,311,0,0,0,1.0,1,1.0,1,1.0,1,0.2619153521831167,44
413,0,630,319,311,0,0,0,1.0,1,1.0,1,1.0,1,0.2619153521831167,44
414,0,630,319,311,0,0,0,1.0,1,1.0,1,1.0,1,0.2586513849640719,45
415,0,630,319,311,0,0,0,1.0,1,1.0,1,1.0,1,0.2586513849640719,45
416,1,631,319,312,0,0,0,1.0,1,1.0,1,1.0,1,0.244385474008116,46
417,2,633,321,312,0,0,0,1.0,1,1.0,1,1.0,1,0.26274537166886863,46
418,2,635,321,314,0,0,0,1.0,1,1.0,1,1.0,1,0.23333593817816442,47
419,0,635,321,314,0,0,0,1.0,1,1.0,1,1.0,1,0.23333593817816442,47
420,0,635,321,314,0,0,0,1.0,1,1.0,1,1.0,1,0.23333593817816442,47
421,0,635,321,314,0,0,0,1.0,1,1.0,1,1.0,1,0.23333593817816442,47
422,2,637,323,314,0,0,0,1.0,1,1.0,1,1.0,1,0.2766375273976906,49
423,2,639,325,314,0,0,0,1.0,1,1.0,1,1.0,1,0.2999137237290291,47
424,4,643,326,317,0,0,0,1.0,1,1.0,1,1.0,1,0.2627271418019005,45
425,2,645,326,319,0,0,0,1.0,1,1.0,1,1.0,1,0.22800883500129285,46
426,1,646,327,319,0,0,0,1.0,1,1.0,1,1.0,1,0.2627785546774106,46
427,3,649,328,321,0,0,0,1.0,1,1.0,1,1.0,1,0.24174974872846855,45
428,3,652,329,323,0,0,0,1.0,1,1.0,1,1.0,1,0.19801124754658042,45
429,3,655,331,324,0,0,0,1.0,1,1.0,1,1.0,1,0.18342589773631135,42
430,2,657,332,325,0,0,0,1.0,1,1.0,1,1.0,1,0.18489614277117392,40
431,2,659,334,325,0,0,0,1.0,1,1.0,1,1.0,1,0.19440815886728272,39
432,3,662,336,326,0,0,0,1.0,1,1.0,1,1.0,1,0.21117147816256338,37
433,3,665,337,328,0,0,0,1.0,1,1.0,1,1.0,1,0.16937608295272216,35
434,0,665,337,328,0,0,0,1.0,1,1.0,1,1.0,1,0.22653050485822052,33
435,0,665,337,328,0,0,0,1.0,1,1.0,1,1.0,1,0.22653050485822052,33
436,2,667,337,330,0,0,0,1.0,1,1.0,1,1.0,1,0.17639180956460102,33
437,2,669,339,330,0,0,0,1.0,1,1.0,1,1.0,1,0.21235046808912417,33
438,0,669,339,330,0,0,0,1.0,1,1.0,1,1.0,1,0.21679027778046453,32
439,3,672,341,331,0,0,0,1.0,1,1.0,1,1.0,1,0.2214129559652797,34
440,2,674,341,333,0,0,0,1.0,1,1.0,1,1.0,1,0.18644053985039188,34
441,0,674,341,333,0,0,0,1.0,1,1.0,1,1.0,1,0.2073996516905983,35
442,2,676,343,333,0,0,0,1.0,1,1.0,1,1.0,1,0.239901585961967,37
443,6,682,347,335,0,0,0,1.0,1,1.0,1,1.0,1,0.2470869545161995,37
444,0,682,347,335,0,0,0,1.0,1,1.0,1,1.0,1,0.2512099330746939,38
445,2,684,349,335,0,0,0,1.0,1,1.0,1,1.0,1,0.30731048609218653,39
446,0,684,349,335,0,0,0,1.0,1,1.0,1,1.0,1,0.30731048609218653,39
447,2,686,349,337,0,0,0,1.0,1,1.0,1,1.0,1,0.2925347740527964,41
448,1,687,349,338,0,0,0,1.0,1,1.0,1,1.0,1,0.2601852141387827,41
449,0,687,349,338,0,0,0,1.0,1,1.0,1,1.0,1,0.2713029937815114,40
450,1,688,350,338,0,0,0,1.0,1,1.0,1,1.0,1,0.2587225606556388,40
451,2,690,350,340,0,0,0,1.0,1,1.0,1,1.0,1,0.2349655886701436,41
452,0,690,350,340,0,0,0,1.0,1,1.0,1,1.0,1,0.2349655886701436,41
453,0,690,350,340,0,0,0,1.0,1,1.0,1,1.0,1,0.247238474805316,40
454,3,693,350,343,0,0,0,1.0,1,1.0,1,1.0,1,0.1897577061226437,41
455,2,695,351,344,0,0,0,1.0,1,1.0,1,1.0,1,0.22716912933447067,41
456,0,695,351,344,0,0,0,1.0,1,1.0,1,1.0,1,0.24264754104080108,43
457,2,697,352,345,0,0,0,1.0,1,1.0,1,1.0,1,0.192704703681505,43
458,1,698,352,346,0,0,0,1.0,1,1.0,1,1.0,1,0.17361828181659014,43
459,1,699,353,346,0,0,0,1.0,1,1.0,1,1.0,1,0.1532511278309483,44
460,2,701,353,348,0,0,0,1.0,1,1.0,1,1.0,1,0.15483381075540936,47
461,0,701,353,348,0,0,0,1.0,1,1.0,1,1.0,1,0.16546449056978366,48
462,2,703,355,348,0,0,0,1.0,1,1.0,1,1.0,1,0.1978112411773641,49
463,3,706,356,350,0,0,0,1.0,1,1.0,1,1.0,1,0.14937747802848092,47
464,1,707,357,350,0,0,0,1.0,1,1.0,1,1.0,1,0.18910817213988781,48
465,0,707,357,350,0,0,0,1.0,1,1.0,1,1.0,1,0.17551946217813982,47
466,2,709,359,350,0,0,0,1.0,1,1.0,1,1.0,1,0.18657982704963666,46
467,4,713,363,350,0,0,0,1.0,1,1.0,1,1.0,1,0.2041473945695375,44
468,5,718,368,350,0,0,0,1.0,1,1.0,1,1.0,1,0.17238853619141534,41
469,2,720,370,350,0,0,0,1.0,1,1.0,1,1.0,1,0.16756769210198139,40
470,2,722,372,350,0,0,0,1.0,1,1.0,1,1.0,1,0.19888062141253315,39
471,4,726,376,350,0,0,0,1.0,1,1.0,1,1.0,1,0.2691289678571126,38
472,4,730,379,351,0,0,0,1.0,1,1.0,1,1.0,1,0.2865077804891749,36
473,4,734,381,353,0,0,0,1.0,1,1.0,1,1.0,1,0.2504078970287696,36
474,1,735,382,353,0,0,0,1.0,1,1.0,1,1.0,1,0.24782751173683576,34
475,3,738,384,354,0,0,0,1.0,1,1.0,1,1.0,1,0.2813140653614894,34
476,1,739,384,355,0,0,0,1.0,1,1.0,1,1.0,1,0.2227415054935012,32
477,3,742,387,355,0,0,0,1.0,1,1.0,1,1.0,1,0.29574120281482236,32
478,0,742,387,355,0,0,0,1.0,1,1.0,1,1.0,1,0.2609362614208031,30
479,4,746,389,357,0,0,0,1.0,1,1.0,1,1.0,1,0.28607960081649597,31
480,0,746,389,357,0,0,0,1.0,1,1.0,1,1.0,1,0.32607072273612137,27
481,1,747,389,358,0,0,0,1.0,1,1.0,1,1.0,1,0.2886896242793425,28
482,2,749,391,358,0,0,0,1.0,1,1.0,1,1.0,1,0.30166086048110996,28
483,2,751,392,359,0,0,0,1.0,1,1.0,1,1.0,1,0.267979238361182,29
484,1,752,392,360,0,0,0,1.0,1,1.0,1,1.0,1,0.21697340553152156,29
485,0,752,392,360,0,0,0,1.0,1,1.0,1,1.0,1,0.21697340553152156,29
486,1,753,393,360,0,0,0,1.0,1,1.0,1,1.0,1,0.20925677344839444,31
487,0,753,393,360,0,0,0,1.0,1,1.0,1,1.0,1,0.24849939603186025,33
488,0,753,393,360,0,0,0,1.0,1,1.0,1,1.0,1,0.26813444485751353,34
489,2,755,395,360,0,0,0,1.0,1,1.0,1,1.0,1,0.33357311831811837,34
490,3,758,395,363,0,0,0,1.0,1,1.0,1,1.0,1,0.25833954413711474,34
491,1,759,396,363,0,0,0,1.0,1,1.0,1,1.0,1,0.2869926099169394,34
492,1,760,396,364,0,0,0,1.0,1,1.0,1,1.0,1,0.2594635583468097,34
493,1,761,397,364,0,0,0,1.0,1,1.0,1,1.0,1,0.29369056975131097,34
494,5,766,398,368,0,0,0,1.0,1,1.0,1,1.0,1,0.24433681515866223,36
495,1,767,399,368,0,0,0,1.0,1,1.0,1,1.0,1,0.2138290418130108,36
496,0,767,399,368,0,0,0,1.0,1,1.0,1,1.0,1,0.20771516700068685,37
497,0,767,399,368,0,0,0,1.0,1,1.0,1,1.0,1,0.19575595349910446,39
498,3,770,401,369,0,0,0,1.0,1,1.0,1,1.0,1,0.181804522826768,40
499,1,771,401,370,0,0,0,1.0,1,1.0,1,1.0,1,0.16840392839639373,40
500,3,774,403,371,0,0,0,1.0,1,1.0,1,1.0,1,0.203398024761167,42
501,1,775,403,372,0,0,0,1.0,1,1.0,1,1.0,1,0.1683645844489108,42
502,3,778,405,373,0,0,0,1.0,1,1.0,1,1.0,1,0.24383398524764835,42
503,0,778,405,373,0,0,0,1.0,1,1.0,1,1.0,1,0.2391730182614902,41
504,1,779,406,373,0,0,0,1.0,1,1.0,1,1.0,1,0.27484856943825514,42
505,2,781,407,374,0,0,0,1.0,1,1.0,1,1.0,1,0.24400845475107724,38
506,2,783,407,376,0,0,0,1.0,1,1.0,1,1.0,1,0.18374946489590888,37
507,2,785,407,378,0,0,0,1.0,1,1.0,1,1.0,1,0.14605311273533894,35
508,4,789,411,378,0,0,0,1.0,1,1.0,1,1.0,1,0.24359823259922725,35
509,2,791,411,380,0,0,0,1.0,1,1.0,1,1.0,1,0.2107930151698233,34
510,0,791,411,380,0,0,0,1.0,1,1.0,1,1.0,1,0.2631272985182205,34
511,3,794,413,381,0,0,0,1.0,1,1.0,1,1.0,1,0.2597941370782859,32
512,2,796,414,382,0,0,0,1.0,1,1.0,1,1.0,1,0.2554375085045233,30
513,0,796,414,382,0,0,0,1.0,1,1.0,1,1.0,1,0.2431774235455043,31
514,0,796,414,382,0,0,0,1.0,1,1.0,1,1.0,1,0.2431774235455043,31
515,1,797,415,382,0,0,0,1.0,1,1.0,1,1.0,1,0.295754677565767,32
516,0,797,415,382,0,0,0,1.0,1,1.0,1,1.0,1,0.2794177574507643,31
517,2,799,417,382,0,0,0,1.0,1,1.0,1,1.0,1,0.23431483838374148,32
518,0,799,417,382,0,0,0,1.0,1,1.0,1,1.0,1,0.2188799413207395,31
519,2,801,419,382,0,0,0,1.0,1,1.0,1,1.0,1,0.2549066407361818,31
520,2,803,421,382,0,0,0,1.0,1,1.0,1,1.0,1,0.26556766628577755,33
521,2,805,422,383,0,0,0,1.0,1,1.0,1,1.0,1,0.24343507993150104,34
522,3,808,424,384,0,0,0,1.0,1,1.0,1,1.0,1,0.18723700138384558,34
523,1,809,424,385,0,0,0,1.0,1,1.0,1,1.0,1,0.19195255638517458,33
524,1,810,425,385,0,0,0,1.0,1,1.0,1,1.0,1,0.22257287178008855,34
525,1,811,425,386,0,0,0,1.0,1,1.0,1,1.0,1,0.2661044993095793,32
526,1,812,425,387,0,0,0,1.0,1,1.0,1,1.0,1,0.21565526997970424,32
527,0,812,425,387,0,0,0,1.0,1,1.0,1,1.0,1,0.2717005277618592,31
528,2,814,427,387,0,0,0,1.0,1,1.0,1,1.0,1,0.3079504423165545,31
529,0,814,427,387,0,0,0,1.0,1,1.0,1,1.0,1,0.3327800490563431,30
530,2,816,428,388,0,0,0,1.0,1,1.0,1,1.0,1,0.37182318641658857,30
531,0,816,428,388,0,0,0,1.0,1,1.0,1,1.0,1,0.3756732982578608,32
532,3,819,430,389,0,0,0,1.0,1,1.0,1,1.0,1,0.37096994730016464,32
533,2,821,432,389,0,0,0,1.0,1,1.0,1,1.0,1,0.3627332573176846,34
534,1,822,433,389,0,0,0,1.0,1,1.0,1,1.0,1,0.3786893300788415,34
535,1,823,433,390,0,0,0,1.0,1,1.0,1,1.0,1,0.34548669257192327,37
536,2,825,433,392,0,0,0,1.0,1,1.0,1,1.0,1,0.2949106765652626,37
537,2,827,435,392,0,0,0,1.0,1,1.0,1,1.0,1,0.3522214768720716,37
538,4,831,437,394,0,0,0,1.0,1,1.0,1,1.0,1,0.34190173975740945,38
539,1,832,437,395,0,0,0,1.0,1,1.0,1,1.0,1,0.3167391303088392,38
540,0,832,437,395,0,0,0,1.0,1,1.0,1,1.0,1,0.3167391303088392,38
541,1,833,437,396,0,0,0,1.0,1,1.0,1,1.0,1,0.2799822476957245,39
542,2,835,438,397,0,0,0,1.0,1,1.0,1,1.0,1,0.2710336139448714,40
543,1,836,439,397,0,0,0,1.0,1,1.0,1,1.0,1,0.2803490919156835,37
544,3,839,441,398,0,0,0,1.0,1,1.0,1,1.0,1,0.30290945386363577,35
545,0,839,441,398,0,0,0,1.0,1,1.0,1,1.0,1,0.2458974875855291,35
546,4,843,444,399,0,0,0,1.0,1,1.0,1,1.0,1,0.23569008227581248,35
547,0,843,444,399,0,0,0,1.0,1,1.0,1,1.0,1,0.19950442755580086,34
548,3,846,446,400,0,0,0,1.0,1,1.0,1,1.0,1,0.2499244218153438,34
549,4,850,449,401,0,0,0,1.0,1,1.0,1,1.0,1,0.3196066063577399,31
550,0,850,449,401,0,0,0,1.0,1,1.0,1,1.0,1,0.30367778674871887,30
551,2,852,451,401,0,0,0,1.0,1,1.0,1,1.0,1,0.3687370264807945,31
552,1,853,451,402,0,0,0,1.0,1,1.0,1,1.0,1,0.3156233255829219,29
553,0,853,451,402,0,0,0,1.0,1,1.0,1,1.0,1,0.316486013084187,30
554,0,853,451,402,0,0,0,1.0,1,1.0,1,1.0,1,0.29082494969173495,30
555,1,854,451,403,0,0,0,1.0,1,1.0,1,1.0,1,0.3261603086917979,30
556,2,856,451,405,0,0,0,1.0,1,1.0,1,1.0,1,0.25000618081093856,31
557,0,856,451,405,0,0,0,1.0,1,1.0,1,1.0,1,0.28098705445948313,31
558,1,857,451,406,0,0,0,1.0,1,1.0,1,1.0,1,0.257644455179532,31
559,2,859,451,408,0,0,0,1.0,1,1.0,1,1.0,1,0.21233337963775803,31
560,0,859,451,408,0,0,0,1.0,1,1.0,1,1.0,1,0.20911746245135415,32
561,0,859,451,408,0,0,0,1.0,1,1.0,1,1.0,1,0.22247682584746237,33
562,2,861,452,409,0,0,0,1.0,1,1.0,1,1.0,1,0.20292222874580915,33
563,2,863,454,409,0,0,0,1.0,1,1.0,1,1.0,1,0.2302214658246568,33
564,1,864,454,410,0,0,0,1.0,1,1.0,1,1.0,1,0.21826151516241693,34
565,1,865,455,410,0,0,0,1.0,1,1.0,1,1.0,1,0.22448491348769442,35
566,1,866,455,411,0,0,0,1.0,1,1.0,1,1.0,1,0.2016374276196388,36
567,4,870,458,412,0,0,0,1.0,1,1.0,1,1.0,1,0.24076118762602916,37
568,4,874,459,415,0,0,0,1.0,1,1.0,1,1.0,1,0.21182624456552007,36
569,2,876,460,416,0,0,0,1.0,1,1.0,1,1.0,1,0.17631153511142314,37
570,1,877,460,417,0,0,0,1.0,1,1.0,1,1.0,1,0.16730879480115576,38
571,1,878,461,417,0,0,0,1.0,1,1.0,1,1.0,1,0.18758423984081704,38
572,0,878,461,417,0,0,0,1.0,1,1.0,1,1.0,1,0.19271674166049257,39
573,0,878,461,417,0,0,0,1.0,1,1.0,1,1.0,1,0.19271674166049257,39
574,0,878,461,417,0,0,0,1.0,1,1.0,1,1.0,1,0.20046025938112005,41
575,0,878,461,417,0,0,0,1.0,1,1.0,1,1.0,1,0.20046025938112005,41
576,2,880,461,419,0,0,0,1.0,1,1.0,1,1.0,1,0.1530884793302817,42
577,0,880,461,419,0,0,0,1.0,1,1.0,1,1.0,1,0.1530884793302817,42
578,2,882,463,419,0,0,0,1.0,1,1.0,1,1.0,1,0.2114607371481078,41
579,1,883,464,419,0,0,0,1.0,1,1.0,1,1.0,1,0.22043815904121994,42
580,6,889,466,423,0,0,0,1.0,1,1.0,1,1.0,1,0.24402599521515567,43
581,2,891,467,424,0,0,0,1.0,1,1.0,1,1.0,1,0.1992888747168106,42
582,0,891,467,424,0,0,0,1.0,1,1.0,1,1.0,1,0.1891488281873089,41
583,4,895,470,425,0,0,0,1.0,1,1.0,1,1.0,1,0.2127046623520896,40
584,0,895,470,425,0,0,0,1.0,1,1.0,1,1.0,1,0.2520876472448176,38
585,3,898,473,425,0,0,0,1.0,1,1.0,1,1.0,1,0.2823603539363765,38
586,6,904,477,427,0,0,0,1.0,1,1.0,1,1.0,1,0.21460436601708838,37
587,3,907,480,427,0,0,0,1.0,1,1.0,1,1.0,1,0.2793526728419506,35
588,2,909,482,427,0,0,0,1.0,1,1.0,1,1.0,1,0.2588910713190175,35
589,3,912,482,430,0,0,0,1.0,1,1.0,1,1.0,1,0.18035403525539873,34
590,1,913,483,430,0,0,0,1.0,1,1.0,1,1.0,1,0.2288621073575367,36
591,3,916,483,433,0,0,0,1.0,1,1.0,1,1.0,1,0.15370203535437144,35
592,1,917,484,433,0,0,0,1.0,1,1.0,1,1.0,1,0.21705779955059523,37
593,1,918,485,433,0,0,0,1.0,1,1.0,1,1.0,1,0.22799126097990682,36
594,0,918,485,433,0,0,0,1.0,1,1.0,1,1.0,1,0.2123364456036453,35
595,1,919,486,433,0,0,0,1.0,1,1.0,1,1.0,1,0.22361528897856034,34
596,1,920,487,433,0,0,0,1.0,1,1.0,1,1.0,1,0.2530749105708068,34
597,1,921,488,433,0,0,0,1.0,1,1.0,1,1.0,1,0.2929210391412608,33
598,1,922,488,434,0,0,0,1.0,1,1.0,1,1.0,1,0.28786987813948134,33
599,3,925,491,434,0,0,0,1.0,1,1.0,1,1.0,1,0.27154506817765556,33
600,2,927,493,434,0,0,0,1.0,1,1.0,1,1.0,1,0.32407637447423004,33
601,3,930,494,436,0,0,0,1.0,1,1.0,1,1.0,1,0.2916103915472677,34
602,2,932,494,438,0,0,0,1.0,1,1.0,1,1.0,1,0.2536919016919001,35
603,0,932,494,438,0,0,0,1.0,1,1.0,1,1.0,1,0.2605758150295005,35
604,0,932,494,438,0,0,0,1.0,1,1.0,1,1.0,1,0.274320761946949,35
605,0,932,494,438,0,0,0,1.0,1,1.0,1,1.0,1,0.30041195455910674,35
606,1,933,494,439,0,0,0,1.0,1,1.0,1,1.0,1,0.30004163748395557,35
607,1,934,495,439,0,0,0,1.0,1,1.0,1,1.0,1,0.3443690067160439,35
608,1,935,495,440,0,0,0,1.0,1,1.0,1,1.0,1,0.33159262559654357,36
609,1,936,495,441,0,0,0,1.0,1,1.0,1,1.0,1,0.3117936815311334,37
610,2,938,495,443,0,0,0,1.0,1,1.0,1,1.0,1,0.2746870259067502,37
611,4,942,497,445,0,0,0,1.0,1,1.0,1,1.0,1,0.2011299892118071,39
612,2,944,498,446,0,0,0,1.0,1,1.0,1,1.0,1,0.1916512906847882,39
613,2,946,499,447,0,0,0,1.0,1,1.0,1,1.0,1,0.1940149275749523,39
614,2,948,500,448,0,0,0,1.0,1,1.0,1,1.0,1,0.2241256195719981,39
615,1,949,501,448,0,0,0,1.0,1,1.0,1,1.0,1,0.2194695175332143,39
616,1,950,502,448,0,0,0,1.0,1,1.0,1,1.0,1,0.27303505943058615,38
617,2,952,504,448,0,0,0,1.0,1,1.0,1,1.0,1,0.28314138285663804,39
618,4,956,506,450,0,0,0,1.0,1,1.0,1,1.0,1,0.30959192572989547,40
619,4,960,507,453,0,0,0,1.0,1,1.0,1,1.0,1,0.2344887458048317,39
620,0,960,507,453,0,0,0,1.0,1,1.0,1,1.0,1,0.22280026453172688,38
621,4,964,509,455,0,0,0,1.0,1,1.0,1,1.0,1,0.17909095048563334,38
622,1,965,509,456,0,0,0,1.0,1,1.0,1,1.0,1,0.13917142864791948,38
623,4,969,512,457,0,0,0,1.0,1,1.0,1,1.0,1,0.1690585372093492,37
624,4,973,514,459,0,0,0,1.0,1,1.0,1,1.0,1,0.12631438184819618,33
625,1,974,515,459,0,0,0,1.0,1,1.0,1,1.0,1,0.15414547249350044,32
626,2,976,517,459,0,0,0,1.0,1,1.0,1,1.0,1,0.10224195098665421,31
627,2,978,519,459,0,0,0,1.0,1,1.0,1,1.0,1,0.16769378268950805,30
628,5,983,523,460,0,0,0,1.0,1,1.0,1,1.0,1,0.2250659630205044,32
629,2,985,524,461,0,0,0,1.0,1,1.0,1,1.0,1,0.23381038627615006,29
630,3,988,526,462,0,0,0,1.0,1,1.0,1,1.0,1,0.2802778718651721,29
631,1,989,527,462,0,0,0,1.0,1,1.0,1,1.0,1,0.3255710704585892,25
632,0,989,527,462,0,0,0,1.0,1,1.0,1,1.0,1,0.4030930805504019,24
633,0,989,527,462,0,0,0,1.0,1,1.0,1,1.0,1,0.3856230603567915,23
634,2,991,528,463,0,0,0,1.0,1,1.0,1,1.0,1,0.3690435700847048,23
635,1,992,528,464,0,0,0,1.0,1,1.0,1,1.0,1,0.34145430386456427,22
636,0,992,528,464,0,0,0,1.0,1,1.0,1,1.0,1,0.38610592532208354,22
637,1,993,529,464,0,0,0,1.0,1,1.0,1,1.0,1,0.39307793698126653,23
638,1,994,530,464,0,0,0,1.0,1,1.0,1,1.0,1,0.420508444516776,23
639,1,995,530,465,0,0,0,1.0,1,1.0,1,1.0,1,0.3658388720820068,24
640,2,997,531,466,0,0,0,1.0,1,1.0,1,1.0,1,0.38453844475396876,24
641,1,998,531,467,0,0,0,1.0,1,1.0,1,1.0,1,0.35316585268979966,25
642,1,999,531,468,0,0,0,1.0,1,1.0,1,1.0,1,0.25176141823006215,26
643,0,999,531,468,0,0,0,1.0,1,1.0,1,1.0,1,0.23423289699901229,28
644,0,999,531,468,0,0,0,1.0,1,1.0,1,1.0,1,0.23423289699901229,28
645,2,1001,533,468,0,0,0,1.0,1,1.0,1,1.0,1,0.2681215115585896,28
646,1,1002,533,469,0,0,0,1.0,1,1.0,1,1.0,1,0.2631034079490315,29
647,2,1004,534,470,0,0,0,1.0,1,1.0,1,1.0,1,0.28496587018365027,30
648,0,1004,534,470,0,0,0,1.0,1,1.0,1,1.0,1,0.28496587018365027,30
649,1,1005,535,470,0,0,0,1.0,1,1.0,1,1.0,1,0.3366794555924354,31
650,1,1006,536,470,0,0,0,1.0,1,1.0,1,1.0,1,0.3054187907601244,31
651,5,1011,537,474,0,0,0,1.0,1,1.0,1,1.0,1,0.15157166395017369,32
652,0,1011,537,474,0,0,0,1.0,1,1.0,1,1.0,1,0.15157166395017369,32
653,0,1011,537,474,0,0,0,1.0,1,1.0,1,1.0,1,0.16634838814705588,33
654,0,1011,537,474,0,0,0,1.0,1,1.0,1,1.0,1,0.16634838814705588,33
655,2,1013,539,474,0,0,0,1.0,1,1.0,1,1.0,1,0.22062887612425552,36
656,0,1013,539,474,0,0,0,1.0,1,1.0,1,1.0,1,0.22062887612425552,36
657,1,1014,540,474,0,0,0,1.0,1,1.0,1,1.0,1,0.27070278418201976,35
658,3,1017,542,475,0,0,0,1.0,1,1.0,1,1.0,1,0.2444232071610824,33
659,2,1019,544,475,0,0,0,1.0,1,1.0,1,1.0,1,0.28347381648993925,35
660,0,1019,544,475,0,0,0,1.0,1,1.0,1,1.0,1,0.31814546404858546,34
661,1,1020,545,475,0,0,0,1.0,1,1.0,1,1.0,1,0.3530059221997159,33
662,3,1023,547,476,0,0,0,1.0,1,1.0,1,1.0,1,0.3770631541724878,31
663,0,1023,547,476,0,0,0,1.0,1,1.0,1,1.0,1,0.38327055675481675,29
664,3,1026,548,478,0,0,0,1.0,1,1.0,1,1.0,1,0.3656894406449324,27
665,3,1029,550,479,0,0,0,1.0,1,1.0,1,1.0,1,0.2919909741002765,27
666,5,1034,552,482,0,0,0,1.0,1,1.0,1,1.0,1,0.2689759577977205,28
667,1,1035,553,482,0,0,0,1.0,1,1.0,1,1.0,1,0.3022097586887214,26
668,1,1036,554,482,0,0,0,1.0,1,1.0,1,1.0,1,0.3480464426079567,26
669,3,1039,557,482,0,0,0,1.0,1,1.0,1,1.0,1,0.23982228999843117,25
670,0,1039,557,482,0,0,0,1.0,1,1.0,1,1.0,1,0.22737834182184158,24
671,0,1039,557,482,0,0,0,1.0,1,1.0,1,1.0,1,0.22737834182184158,24
672,1,1040,558,482,0,0,0,1.0,1,1.0,1,1.0,1,0.255090752501822,25
673,1,1041,559,482,0,0,0,1.0,1,1.0,1,1.0,1,0.2281995503182833,25
674,0,1041,559,482,0,0,0,1.0,1,1.0,1,1.0,1,0.2281995503182833,25
675,3,1044,560,484,0,0,0,1.0,1,1.0,1,1.0,1,0.2100063330220576,26
676,2,1046,562,484,0,0,0,1.0,1,1.0,1,1.0,1,0.1518152390372718,27
677,0,1046,562,484,0,0,0,1.0,1,1.0,1,1.0,1,0.1719366544975733,28
678,1,1047,563,484,0,0,0,1.0,1,1.0,1,1.0,1,0.20062829916303543,28
679,2,1049,564,485,0,0,0,1.0,1,1.0,1,1.0,1,0.24520785234808584,30
680,0,1049,564,485,0,0,0,1.0,1,1.0,1,1.0,1,0.26500326731004287,29
681,1,1050,565,485,0,0,0,1.0,1,1.0,1,1.0,1,0.3180095023117535,29
682,1,1051,565,486,0,0,0,1.0,1,1.0,1,1.0,1,0.3006531144088129,30
683,1,1052,565,487,0,0,0,1.0,1,1.0,1,1.0,1,0.262260235930387,30
684,2,1054,565,489,0,0,0,1.0,1,1.0,1,1.0,1,0.18371296105597412,31
685,0,1054,565,489,0,0,0,1.0,1,1.0,1,1.0,1,0.192969597076342,30
686,0,1054,565,489,0,0,0,1.0,1,1.0,1,1.0,1,0.192969597076342,30
687,1,1055,566,489,0,0,0,1.0,1,1.0,1,1.0,1,0.245323291737447,30
688,2,1057,566,491,0,0,0,1.0,1,1.0,1,1.0,1,0.1639496797961869,31
689,1,1058,567,491,0,0,0,1.0,1,1.0,1,1.0,1,0.23769266932397842,32
690,1,1059,567,492,0,0,0,1.0,1,1.0,1,1.0,1,0.19025890966480252,32
691,0,1059,567,492,0,0,0,1.0,1,1.0,1,1.0,1,0.19025890966480252,32
692,2,1061,569,492,0,0,0,1.0,1,1.0,1,1.0,1,0.24504279560494555,32
693,3,1064,571,493,0,0,0,1.0,1,1.0,1,1.0,1,0.23947215283074502,34
694,4,1068,573,495,0,0,0,1.0,1,1.0,1,1.0,1,0.3221200048605423,36
695,1,1069,574,495,0,0,0,1.0,1,1.0,1,1.0,1,0.3013062581509291,34
696,3,1072,576,496,0,0,0,1.0,1,1.0,1,1.0,1,0.3305632914677169,33
697,2,1074,576,498,0,0,0,1.0,1,1.0,1,1.0,1,0.2820931715985236,33
698,3,1077,578,499,0,0,0,1.0,1,1.0,1,1.0,1,0.3120529951526191,34
699,1,1078,579,499,0,0,0,1.0,1,1.0,1,1.0,1,0.3435853908955477,33
700,1,1079,579,500,0,0,0,1.0,1,1.0,1,1.0,1,0.2721093171037388,32
701,1,1080,579,501,0,0,0,1.0,1,1.0,1,1.0,1,0.22140831925756976,33
702,2,1082,581,501,0,0,0,1.0,1,1.0,1,1.0,1,0.29446788412744235,34
703,2,1084,582,502,0,0,0,1.0,1,1.0,1,1.0,1,0.26168299010545254,32
704,0,1084,582,502,0,0,0,1.0,1,1.0,1,1.0,1,0.2452962282414653,31
705,5,1089,586,503,0,0,0,1.0,1,1.0,1,1.0,1,0.3102788578446299,33
706,2,1091,588,503,0,0,0,1.0,1,1.0,1,1.0,1,0.3851025577263384,33
707,1,1092,589,503,0,0,0,1.0,1,1.0,1,1.0,1,0.354343595356856,31
708,1,1093,590,503,0,0,0,1.0,1,1.0,1,1.0,1,0.4091255592585074,31
709,3,1096,591,505,0,0,0,1.0,1,1.0,1,1.0,1,0.3532714017618675,30
710,1,1097,591,506,0,0,0,1.0,1,1.0,1,1.0,1,0.3311447222973128,30
711,0,1097,591,506,0,0,0,1.0,1,1.0,1,1.0,1,0.3337096127407172,30
712,0,1097,591,506,0,0,0,1.0,1,1.0,1,1.0,1,0.3492107412934742,30
713,0,1097,591,506,0,0,0,1.0,1,1.0,1,1.0,1,0.3676555151168525,31
714,2,1099,592,507,0,0,0,1.0,1,1.0,1,1.0,1,0.3751702561059824,31
715,0,1099,592,507,0,0,0,1.0,1,1.0,1,1.0,1,0.3789786590636916,30
716,1,1100,593,507,0,0,0,1.0,1,1.0,1,1.0,1,0.39924143737897644,31
717,1,1101,593,508,0,0,0,1.0,1,1.0,1,1.0,1,0.3961102928598905,32
718,1,1102,593,509,0,0,0,1.0,1,1.0,1,1.0,1,0.36385510706978924,32
719,2,1104,595,509,0,0,0,1.0,1,1.0,1,1.0,1,0.3534106424100148,32
720,0,1104,595,509,0,0,0,1.0,1,1.0,1,1.0,1,0.34017763059073863,34
721,2,1106,596,510,0,0,0,1.0,1,1.0,1,1.0,1,0.32311549355358,34
722,1,1107,596,511,0,0,0,1.0,1,1.0,1,1.0,1,0.3112036076725662,34
723,1,1108,596,512,0,0,0,1.0,1,1.0,1,1.0,1,0.29874622496590136,35
724,1,1109,597,512,0,0,0,1.0,1,1.0,1,1.0,1,0.3345783743462035,36
725,3,1112,597,515,0,0,0,1.0,1,1.0,1,1.0,1,0.2941052680790723,37
726,1,1113,597,516,0,0,0,1.0,1,1.0,1,1.0,1,0.27152275501885065,37
727,1,1114,597,517,0,0,0,1.0,1,1.0,1,1.0,1,0.259562204467355,38
728,1,1115,597,518,0,0,0,1.0,1,1.0,1,1.0,1,0.2370104829141779,39
729,0,1115,597,518,0,0,0,1.0,1,1.0,1,1.0,1,0.2370104829141779,39
730,0,1115,597,518,0,0,0,1.0,1,1.0,1,1.0,1,0.241060962734658,40
731,0,1115,597,518,0,0,0,1.0,1,1.0,1,1.0,1,0.241060962734658,40
732,0,1115,597,518,0,0,0,1.0,1,1.0,1,1.0,1,0.26154059543709224,41
733,2,1117,599,518,0,0,0,1.0,1,1.0,1,1.0,1,0.26849901632797396,41
734,1,1118,600,518,0,0,0,1.0,1,1.0,1,1.0,1,0.3015808082551243,42
735,0,1118,600,518,0,0,0,1.0,1,1.0,1,1.0,1,0.3012896562587288,42
736,1,1119,600,519,0,0,0,1.0,1,1.0,1,1.0,1,0.3172069055082026,41
737,2,1121,601,520,0,0,0,1.0,1,1.0,1,1.0,1,0.37177807536609486,41
738,3,1124,601,523,0,0,0,1.0,1,1.0,1,1.0,1,0.3063873270494029,39
739,0,1124,601,523,0,0,0,1.0,1,1.0,1,1.0,1,0.3063873270494029,39
740,0,1124,601,523,0,0,0,1.0,1,1.0,1,1.0,1,0.3183144380196945,39
741,1,1125,601,524,0,0,0,1.0,1,1.0,1,1.0,1,0.2611209534005038,38
742,1,1126,601,525,0,0,0,1.0,1,1.0,1,1.0,1,0.25850785712704716,39
743,2,1128,603,525,0,0,0,1.0,1,1.0,1,1.0,1,0.2462011218624721,39
744,3,1131,605,526,0,0,0,1.0,1,1.0,1,1.0,1,0.2041123445004647,39
745,3,1134,608,526,0,0,0,1.0,1,1.0,1,1.0,1,0.2434722504949512,39
746,2,1136,609,527,0,0,0,1.0,1,1.0,1,1.0,1,0.26824419076274714,40
747,2,1138,610,528,0,0,0,1.0,1,1.0,1,1.0,1,0.2505258539602619,41
748,4,1142,612,530,0,0,0,1.0,1,1.0,1,1.0,1,0.16909990869362176,41
749,2,1144,614,530,0,0,0,1.0,1,1.0,1,1.0,1,0.21700946000495058,41
750,2,1146,615,531,0,0,0,1.0,1,1.0,1,1.0,1,0.2184165050112059,39
751,2,1148,615,533,0,0,0,1.0,1,1.0,1,1.0,1,0.1768415866506364,41
752,5,1153,617,536,0,0,0,1.0,1,1.0,1,1.0,1,0.17275663647563075,41
753,0,1153,617,536,0,0,0,1.0,1,1.0,1,1.0,1,0.18428530417162053,41
754,4,1157,620,537,0,0,0,1.0,1,1.0,1,1.0,1,0.2405104181358151,41
755,1,1158,621,537,0,0,0,1.0,1,1.0,1,1.0,1,0.26693318830828816,41
756,2,1160,622,538,0,0,0,1.0,1,1.0,1,1.0,1,0.2546630913798513,41
757,6,1166,624,542,0,0,0,1.0,1,1.0,1,1.0,1,0.24552638125466927,39
758,0,1166,624,542,0,0,0,1.0,1,1.0,1,1.0,1,0.21758057347669538,39
759,0,1166,624,542,0,0,0,1.0,1,1.0,1,1.0,1,0.21866603772300933,39
760,3,1169,624,545,0,0,0,1.0,1,1.0,1,1.0,1,0.17378140279422025,40
761,0,1169,624,545,0,0,0,1.0,1,1.0,1,1.0,1,0.16523914541894374,41
762,1,1170,624,546,0,0,0,1.0,1,1.0,1,1.0,1,0.15556476779311734,42
763,0,1170,624,546,0,0,0,1.0,1,1.0,1,1.0,1,0.17296475877389458,43
764,0,1170,624,546,0,0,0,1.0,1,1.0,1,1.0,1,0.17296475877389458,43
765,0,1170,624,546,0,0,0,1.0,1,1.0,1,1.0,1,0.14534863677541066,45
766,2,1172,625,547,0,0,0,1.0,1,1.0,1,1.0,1,0.13688775356368985,45
767,0,1172,625,547,0,0,0,1.0,1,1.0,1,1.0,1,0.1440335633301034,46
768,0,1172,625,547,0,0,0,1.0,1,1.0,1,1.0,1,0.1366739575836228,45
769,0,1172,625,547,0,0,0,1.0,1,1.0,1,1.0,1,0.14968287516638312,46
770,0,1172,625,547,0,0,0,1.0,1,1.0,1,1.0,1,0.13493160947826607,47
771,4,1176,629,547,0,0,0,1.0,1,1.0,1,1.0,1,0.18630911732892458,47
772,0,1176,629,547,0,0,0,1.0,1,1.0,1,1.0,1,0.1744392730481163,46
773,2,1178,631,547,0,0,0,1.0,1,1.0,1,1.0,1,0.1772222055318756,45
774,0,1178,631,547,0,0,0,1.0,1,1.0,1,1.0,1,0.18818466017165186,45
775,3,1181,632,549,0,0,0,1.0,1,1.0,1,1.0,1,0.17231097877749715,45
776,0,1181,632,549,0,0,0,1.0,1,1.0,1,1.0,1,0.15052610902092786,43
777,0,1181,632,549,0,0,0,1.0,1,1.0,1,1.0,1,0.16539590313648572,44
778,4,1185,635,550,0,0,0,1.0,1,1.0,1,1.0,1,0.2335763032350312,45
779,1,1186,635,551,0,0,0,1.0,1,1.0,1,1.0,1,0.21591756476438143,45
780,0,1186,635,551,0,0,0,1.0,1,1.0,1,1.0,1,0.21591756476438143,45
781,0,1186,635,551,0,0,0,1.0,1,1.0,1,1.0,1,0.20615500341549317,46
782,2,1188,635,553,0,0,0,1.0,1,1.0,1,1.0,1,0.2253330016429096,47
783,1,1189,636,553,0,0,0,1.0,1,1.0,1,1.0,1,0.18698565925795727,46
784,0,1189,636,553,0,0,0,1.0,1,1.0,1,1.0,1,0.19262348605670007,45
785,1,1190,636,554,0,0,0,1.0,1,1.0,1,1.0,1,0.21299535332174752,43
786,1,1191,637,554,0,0,0,1.0,1,1.0,1,1.0,1,0.20296692662304333,43
787,2,1193,639,554,0,0,0,1.0,1,1.0,1,1.0,1,0.22773471623958605,43
788,1,1194,640,554,0,0,0,1.0,1,1.0,1,1.0,1,0.24295817305944434,44
789,0,1194,640,554,0,0,0,1.0,1,1.0,1,1.0,1,0.22448049207492826,46
790,2,1196,641,555,0,0,0,1.0,1,1.0,1,1.0,1,0.21834940130143438,46
791,1,1197,642,555,0,0,0,1.0,1,1.0,1,1.0,1,0.24121224632352786,46
792,0,1197,642,555,0,0,0,1.0,1,1.0,1,1.0,1,0.24135318615171372,47
793,2,1199,642,557,0,0,0,1.0,1,1.0,1,1.0,1,0.23617559430653365,48
794,2,1201,643,558,0,0,0,1.0,1,1.0,1,1.0,1,0.22701411931347357,48
795,1,1202,643,559,0,0,0,1.0,1,1.0,1,1.0,1,0.2065230424695587,47
796,1,1203,644,559,0,0,0,1.0,1,1.0,1,1.0,1,0.26253962847590756,45
797,0,1203,644,559,0,0,0,1.0,1,1.0,1,1.0,1,0.2818790172072315,47
798,3,1206,646,560,0,0,0,1.0,1,1.0,1,1.0,1,0.28866503308855396,48
799,7,1213,648,565,0,0,0,1.0,1,1.0,1,1.0,1,0.2189777272998903,48
800,3,1216,650,566,0,0,0,1.0,1,1.0,1,1.0,1,0.20969843145114586,48
801,2,1218,651,567,0,0,0,1.0,1,1.0,1,1.0,1,0.19169281708151328,49
802,5,1223,653,570,0,0,0,1.0,1,1.0,1,1.0,1,0.21238395055760192,50
803,0,1223,653,570,0,0,0,1.0,1,1.0,1,1.0,1,0.21238395055760192,50
804,0,1223,653,570,0,0,0,1.0,1,1.0,1,1.0,1,0.21238395055760192,50
805,1,1224,654,570,0,0,0,1.0,1,1.0,1,1.0,1,0.2416385884807851,50
806,0,1224,654,570,0,0,0,1.0,1,1.0,1,1.0,1,0.23328322910487478,51
807,0,1224,654,570,0,0,0,1.0,1,1.0,1,1.0,1,0.23328322910487478,51
808,0,1224,654,570,0,0,0,1.0,1,1.0,1,1.0,1,0.24176853736856854,53
809,0,1224,654,570,0,0,0,1.0,1,1.0,1,1.0,1,0.22409301290971329,51
810,0,1224,654,570,0,0,0,1.0,1,1.0,1,1.0,1,0.23598904791281228,52
811,1,1225,654,571,0,0,0,1.0,1,1.0,1,1.0,1,0.22798115084816556,50
812,0,1225,654,571,0,0,0,1.0,1,1.0,1,1.0,1,0.23514478736709196,51
813,2,1227,655,572,0,0,0,1.0,1,1.0,1,1.0,1,0.24439527440079367,51
814,1,1228,656,572,0,0,0,1.0,1,1.0,1,1.0,1,0.25646522075513917,52
815,3,1231,657,574,0,0,0,1.0,1,1.0,1,1.0,1,0.29499131646500554,50
816,0,1231,657,574,0,0,0,1.0,1,1.0,1,1.0,1,0.29499131646500554,50
817,2,1233,657,576,0,0,0,1.0,1,1.0,1,1.0,1,0.2595296333135731,49
818,4,1237,658,579,0,0,0,1.0,1,1.0,1,1.0,1,0.20621829219560697,49
819,1,1238,658,580,0,0,0,1.0,1,1.0,1,1.0,1,0.199478843928428,50
820,1,1239,659,580,0,0,0,1.0,1,1.0,1,1.0,1,0.23309536353755042,49
821,1,1240,659,581,0,0,0,1.0,1,1.0,1,1.0,1,0.2140954895107053,49
822,0,1240,659,581,0,0,0,1.0,1,1.0,1,1.0,1,0.2140954895107053,49
823,2,1242,661,581,0,0,0,1.0,1,1.0,1,1.0,1,0.2540336598394663,47
824,5,1247,665,582,0,0,0,1.0,1,1.0,1,1.0,1,0.27172478206019335,45
825,1,1248,665,583,0,0,0,1.0,1,1.0,1,1.0,1,0.25957585298499997,43
826,2,1250,667,583,0,0,0,1.0,1,1.0,1,1.0,1,0.293546851967287,44
827,3,1253,669,584,0,0,0,1.0,1,1.0,1,1.0,1,0.27617757947293986,43
828,2,1255,670,585,0,0,0,1.0,1,1.0,1,1.0,1,0.2698288416066416,43
829,6,1261,673,588,0,0,0,1.0,1,1.0,1,1.0,1,0.24344297737674492,45
830,2,1263,673,590,0,0,0,1.0,1,1.0,1,1.0,1,0.2338975965677252,46
831,1,1264,673,591,0,0,0,1.0,1,1.0,1,1.0,1,0.2253097152229689,48
832,1,1265,673,592,0,0,0,1.0,1,1.0,1,1.0,1,0.22382475338779687,47
833,2,1267,674,593,0,0,0,1.0,1,1.0,1,1.0,1,0.2161231122233735,47
834,1,1268,675,593,0,0,0,1.0,1,1.0,1,1.0,1,0.2105807687538768,46
835,0,1268,675,593,0,0,0,1.0,1,1.0,1,1.0,1,0.2205353898024071,45
836,2,1270,676,594,0,0,0,1.0,1,1.0,1,1.0,1,0.21838269711954028,46
837,1,1271,676,595,0,0,0,1.0,1,1.0,1,1.0,1,0.18856217894734226,46
838,1,1272,676,596,0,0,0,1.0,1,1.0,1,1.0,1,0.18524399063182484,45
839,2,1274,677,597,0,0,0,1.0,1,1.0,1,1.0,1,0.1805618465465231,46
840,1,1275,677,598,0,0,0,1.0,1,1.0,1,1.0,1,0.17494103844255518,46
841,2,1277,678,599,0,0,0,1.0,1,1.0,1,1.0,1,0.2011987728227392,46
842,1,1278,679,599,0,0,0,1.0,1,1.0,1,1.0,1,0.22343999915423063,46
843,0,1278,679,599,0,0,0,1.0,1,1.0,1,1.0,1,0.22343999915423063,46
844,4,1282,681,601,0,0,0,1.0,1,1.0,1,1.0,1,0.22683213927802623,47
845,1,1283,682,601,0,0,0,1.0,1,1.0,1,1.0,1,0.2729494598160298,48
846,1,1284,682,602,0,0,0,1.0,1,1.0,1,1.0,1,0.2556803617087612,47
847,4,1288,682,606,0,0,0,1.0,1,1.0,1,1.0,1,0.1978202052932263,48
848,2,1290,682,608,0,0,0,1.0,1,1.0,1,1.0,1,0.1572421068425369,48
849,1,1291,683,608,0,0,0,1.0,1,1.0,1,1.0,1,0.2077562787531355,48
850,0,1291,683,608,0,0,0,1.0,1,1.0,1,1.0,1,0.20097624319988422,46
851,0,1291,683,608,0,0,0,1.0,1,1.0,1,1.0,1,0.22947183523981995,45
852,2,1293,685,608,0,0,0,1.0,1,1.0,1,1.0,1,0.23222955397322398,44
853,2,1295,686,609,0,0,0,1.0,1,1.0,1,1.0,1,0.21328855701339153,44
854,2,1297,688,609,0,0,0,1.0,1,1.0,1,1.0,1,0.2220165034433248,45
855,0,1297,688,609,0,0,0,1.0,1,1.0,1,1.0,1,0.2111550683062415,46
856,1,1298,689,609,0,0,0,1.0,1,1.0,1,1.0,1,0.21650157038260925,46
857,0,1298,689,609,0,0,0,1.0,1,1.0,1,1.0,1,0.21059744110781364,47
858,1,1299,690,609,0,0,0,1.0,1,1.0,1,1.0,1,0.21228591261166727,48
859,1,1300,690,610,0,0,0,1.0,1,1.0,1,1.0,1,0.19264419467863325,48
860,1,1301,691,610,0,0,0,1.0,1,1.0,1,1.0,1,0.20164618098983983,49
861,1,1302,692,610,0,0,0,1.0,1,1.0,1,1.0,1,0.22446809231238984,49
862,4,1306,694,612,0,0,0,1.0,1,1.0,1,1.0,1,0.21721272003616413,49
863,2,1308,695,613,0,0,0,1.0,1,1.0,1,1.0,1,0.2198049049658504,48
864,1,1309,695,614,0,0,0,1.0,1,1.0,1,1.0,1,0.20982236692666262,49
865,1,1310,695,615,0,0,0,1.0,1,1.0,1,1.0,1,0.19159665080837854,48
866,2,1312,696,616,0,0,0,1.0,1,1.0,1,1.0,1,0.18079279986467747,50
867,1,1313,696,617,0,0,0,1.0,1,1.0,1,1.0,1,0.16302648002564593,50
868,3,1316,699,617,0,0,0,1.0,1,1.0,1,1.0,1,0.2131900734746596,51
869,1,1317,699,618,0,0,0,1.0,1,1.0,1,1.0,1,0.18670137804699594,49
870,1,1318,700,618,0,0,0,1.0,1,1.0,1,1.0,1,0.2101952572789782,49
871,5,1323,702,621,0,0,0,1.0,1,1.0,1,1.0,1,0.17406585908826655,49
872,1,1324,702,622,0,0,0,1.0,1,1.0,1,1.0,1,0.13233205017714494,48
873,2,1326,704,622,0,0,0,1.0,1,1.0,1,1.0,1,0.15641576739108173,49
874,2,1328,704,624,0,0,0,1.0,1,1.0,1,1.0,1,0.12623505738912225,49
875,1,1329,705,624,0,0,0,1.0,1,1.0,1,1.0,1,0.16892108228409258,50
876,3,1332,707,625,0,0,0,1.0,1,1.0,1,1.0,1,0.1570862553092028,50
877,4,1336,710,626,0,0,0,1.0,1,1.0,1,1.0,1,0.19102727474735717,50
878,1,1337,711,626,0,0,0,1.0,1,1.0,1,1.0,1,0.19812695969964994,49
879,2,1339,713,626,0,0,0,1.0,1,1.0,1,1.0,1,0.23986910162085887,49
880,7,1346,714,632,0,0,0,1.0,1,1.0,1,1.0,1,0.14895773279008398,48
881,3,1349,716,633,0,0,0,1.0,1,1.0,1,1.0,1,0.1436382099912526,49
882,0,1349,716,633,0,0,0,1.0,1,1.0,1,1.0,1,0.17079518014369868,48
883,0,1349,716,633,0,0,0,1.0,1,1.0,1,1.0,1,0.1619007334498488,50
884,0,1349,716,633,0,0,0,1.0,1,1.0,1,1.0,1,0.1603387055728922,50
885,2,1351,718,633,0,0,0,1.0,1,1.0,1,1.0,1,0.150047104152894,49
886,1,1352,719,633,0,0,0,1.0,1,1.0,1,1.0,1,0.1875271667159321,49
887,0,1352,719,633,0,0,0,1.0,1,1.0,1,1.0,1,0.186683814991817,49
888,0,1352,719,633,0,0,0,1.0,1,1.0,1,1.0,1,0.2011362531839046,47
889,1,1353,720,633,0,0,0,1.0,1,1.0,1,1.0,1,0.22676276762100814,46
890,0,1353,720,633,0,0,0,1.0,1,1.0,1,1.0,1,0.23666245311806808,44
891,0,1353,720,633,0,0,0,1.0,1,1.0,1,1.0,1,0.24797464772822114,45
892,2,1355,721,634,0,0,0,1.0,1,1.0,1,1.0,1,0.27020383840879175,45
893,0,1355,721,634,0,0,0,1.0,1,1.0,1,1.0,1,0.27020383840879175,45
894,1,1356,721,635,0,0,0,1.0,1,1.0,1,1.0,1,0.221316720603211,44
895,1,1357,722,635,0,0,0,1.0,1,1.0,1,1.0,1,0.24470730037492094,45
896,2,1359,723,636,0,0,0,1.0,1,1.0,1,1.0,1,0.2311032653871481,44
897,0,1359,723,636,0,0,0,1.0,1,1.0,1,1.0,1,0.2311032653871481,44
898,1,1360,723,637,0,0,0,1.0,1,1.0,1,1.0,1,0.22293361448715437,45
899,0,1360,723,637,0,0,0,1.0,1,1.0,1,1.0,1,0.24421322905816958,44
900,3,1363,724,639,0,0,0,1.0,1,1.0,1,1.0,1,0.2447333349590235,46
901,3,1366,724,642,0,0,0,1.0,1,1.0,1,1.0,1,0.20484042075625405,45
902,2,1368,726,642,0,0,0,1.0,1,1.0,1,1.0,1,0.20911028027960382,45
903,2,1370,727,643,0,0,0,1.0,1,1.0,1,1.0,1,0.24438461706004114,44
904,3,1373,727,646,0,0,0,1.0,1,1.0,1,1.0,1,0.18492073229617362,45
905,1,1374,727,647,0,0,0,1.0,1,1.0,1,1.0,1,0.2054877723125855,45
906,1,1375,728,647,0,0,0,1.0,1,1.0,1,1.0,1,0.2295132175887698,45
907,2,1377,729,648,0,0,0,1.0,1,1.0,1,1.0,1,0.21975719561633858,46
908,4,1381,731,650,0,0,0,1.0,1,1.0,1,1.0,1,0.18962705463004478,46
909,5,1386,735,651,0,0,0,1.0,1,1.0,1,1.0,1,0.21345562557317752,46
910,6,1392,735,657,0,0,0,1.0,1,1.0,1,1.0,1,0.10732809420866014,44
911,1,1393,736,657,0,0,0,1.0,1,1.0,1,1.0,1,0.11343413527368784,45
912,0,1393,736,657,0,0,0,1.0,1,1.0,1,1.0,1,0.11919256476826913,44
913,0,1393,736,657,0,0,0,1.0,1,1.0,1,1.0,1,0.13569466243655465,45
914,2,1395,738,657,0,0,0,1.0,1,1.0,1,1.0,1,0.17847601613257866,45
915,1,1396,738,658,0,0,0,1.0,1,1.0,1,1.0,1,0.17223045447395377,45
916,0,1396,738,658,0,0,0,1.0,1,1.0,1,1.0,1,0.17223045447395377,45
917,1,1397,738,659,0,0,0,1.0,1,1.0,1,1.0,1,0.17899526597110166,46
918,1,1398,739,659,0,0,0,1.0,1,1.0,1,1.0,1,0.20884286218148826,47
919,1,1399,740,659,0,0,0,1.0,1,1.0,1,1.0,1,0.2257559281878861,47
920,1,1400,740,660,0,0,0,1.0,1,1.0,1,1.0,1,0.21741742318245683,47
921,5,1405,742,663,0,0,0,1.0,1,1.0,1,1.0,1,0.17607772991475093,49
922,3,1408,744,664,0,0,0,1.0,1,1.0,1,1.0,1,0.14192554355464707,49
923,1,1409,745,664,0,0,0,1.0,1,1.0,1,1.0,1,0.18180807016671607,47
924,0,1409,745,664,0,0,0,1.0,1,1.0,1,1.0,1,0.18180807016671607,47
925,3,1412,747,665,0,0,0,1.0,1,1.0,1,1.0,1,0.21569740779361274,47
926,1,1413,747,666,0,0,0,1.0,1,1.0,1,1.0,1,0.2188194887059971,46
927,0,1413,747,666,0,0,0,1.0,1,1.0,1,1.0,1,0.23413501024422148,45
928,2,1415,747,668,0,0,0,1.0,1,1.0,1,1.0,1,0.22996185608198014,43
929,0,1415,747,668,0,0,0,1.0,1,1.0,1,1.0,1,0.253250087773442,42
930,1,1416,748,668,0,0,0,1.0,1,1.0,1,1.0,1,0.2667057230455012,41
931,3,1419,749,670,0,0,0,1.0,1,1.0,1,1.0,1,0.24021378310379612,40
932,3,1422,749,673,0,0,0,1.0,1,1.0,1,1.0,1,0.1697140054414841,40
933,2,1424,751,673,0,0,0,1.0,1,1.0,1,1.0,1,0.19656830759230004,39
934,1,1425,752,673,0,0,0,1.0,1,1.0,1,1.0,1,0.22002329025618642,39
935,5,1430,754,676,0,0,0,1.0,1,1.0,1,1.0,1,0.2216471461751938,41
936,0,1430,754,676,0,0,0,1.0,1,1.0,1,1.0,1,0.1951447034025266,42
937,0,1430,754,676,0,0,0,1.0,1,1.0,1,1.0,1,0.20731032452314702,43
938,1,1431,754,677,0,0,0,1.0,1,1.0,1,1.0,1,0.2041107816184994,44
939,1,1432,754,678,0,0,0,1.0,1,1.0,1,1.0,1,0.21435875574659868,46
940,0,1432,754,678,0,0,0,1.0,1,1.0,1,1.0,1,0.21956491680256657,46
941,0,1432,754,678,0,0,0,1.0,1,1.0,1,1.0,1,0.21956491680256657,46
942,2,1434,756,678,0,0,0,1.0,1,1.0,1,1.0,1,0.2522855215757298,46
943,2,1436,757,679,0,0,0,1.0,1,1.0,1,1.0,1,0.23144480403348142,45
944,1,1437,758,679,0,0,0,1.0,1,1.0,1,1.0,1,0.22864580303851958,45
945,4,1441,759,682,0,0,0,1.0,1,1.0,1,1.0,1,0.14394583112531784,44
946,2,1443,760,683,0,0,0,1.0,1,1.0,1,1.0,1,0.16269191688100132,46
947,0,1443,760,683,0,0,0,1.0,1,1.0,1,1.0,1,0.1490107021337939,44
948,1,1444,761,683,0,0,0,1.0,1,1.0,1,1.0,1,0.1745011473654402,44
949,3,1447,762,685,0,0,0,1.0,1,1.0,1,1.0,1,0.1963259011944959,44
950,1,1448,763,685,0,0,0,1.0,1,1.0,1,1.0,1,0.21315557979852695,43
951,0,1448,763,685,0,0,0,1.0,1,1.0,1,1.0,1,0.2328030497258729,42
952,2,1450,764,686,0,0,0,1.0,1,1.0,1,1.0,1,0.2529840357110588,42
953,1,1451,764,687,0,0,0,1.0,1,1.0,1,1.0,1,0.2224133568259184,41
954,0,1451,764,687,0,0,0,1.0,1,1.0,1,1.0,1,0.2488826493419153,40
955,1,1452,764,688,0,0,0,1.0,1,1.0,1,1.0,1,0.22836426866726364,42
956,2,1454,766,688,0,0,0,1.0,1,1.0,1,1.0,1,0.236066673877177,43
957,1,1455,766,689,0,0,0,1.0,1,1.0,1,1.0,1,0.2126651332272382,42
958,0,1455,766,689,0,0,0,1.0,1,1.0,1,1.0,1,0.2207357243012506,43
959,2,1457,767,690,0,0,0,1.0,1,1.0,1,1.0,1,0.24531052592034605,45
960,3,1460,768,692,0,0,0,1.0,1,1.0,1,1.0,1,0.2482178962485541,47
961,1,1461,769,692,0,0,0,1.0,1,1.0,1,1.0,1,0.2952327996456004,45
962,4,1465,771,694,0,0,0,1.0,1,1.0,1,1.0,1,0.35855425755715803,45
963,1,1466,772,694,0,0,0,1.0,1,1.0,1,1.0,1,0.3901511759265958,44
964,3,1469,772,697,0,0,0,1.0,1,1.0,1,1.0,1,0.31112610907739385,44
965,1,1470,772,698,0,0,0,1.0,1,1.0,1,1.0,1,0.29161733752580077,45
966,2,1472,772,700,0,0,0,1.0,1,1.0,1,1.0,1,0.2438941101037584,43
967,1,1473,772,701,0,0,0,1.0,1,1.0,1,1.0,1,0.23253464293204984,43
968,0,1473,772,701,0,0,0,1.0,1,1.0,1,1.0,1,0.23147581208250137,43
969,0,1473,772,701,0,0,0,1.0,1,1.0,1,1.0,1,0.25036709649539124,42
970,1,1474,773,701,0,0,0,1.0,1,1.0,1,1.0,1,0.26833449093470446,42
971,0,1474,773,701,0,0,0,1.0,1,1.0,1,1.0,1,0.26833449093470446,42
972,1,1475,774,701,0,0,0,1.0,1,1.0,1,1.0,1,0.2650947669463554,42
973,1,1476,774,702,0,0,0,1.0,1,1.0,1,1.0,1,0.2586770742850818,43
974,3,1479,776,703,0,0,0,1.0,1,1.0,1,1.0,1,0.24044573341752165,43
975,1,1480,776,704,0,0,0,1.0,1,1.0,1,1.0,1,0.22740705573831121,43
976,1,1481,776,705,0,0,0,1.0,1,1.0,1,1.0,1,0.23569712999080128,45
977,0,1481,776,705,0,0,0,1.0,1,1.0,1,1.0,1,0.2559542580488858,44
978,1,1482,777,705,0,0,0,1.0,1,1.0,1,1.0,1,0.2697629517073599,44
979,2,1484,777,707,0,0,0,1.0,1,1.0,1,1.0,1,0.24769132411551487,45
980,2,1486,779,707,0,0,0,1.0,1,1.0,1,1.0,1,0.28660354200360966,45
981,2,1488,780,708,0,0,0,1.0,1,1.0,1,1.0,1,0.2673509764420628,45
982,2,1490,781,709,0,0,0,1.0,1,1.0,1,1.0,1,0.3085298722582829,46
983,4,1494,783,711,0,0,0,1.0,1,1.0,1,1.0,1,0.31020404203086416,45
984,0,1494,783,711,0,0,0,1.0,1,1.0,1,1.0,1,0.28380251483415103,45
985,4,1498,787,711,0,0,0,1.0,1,1.0,1,1.0,1,0.3447220053200582,45
986,3,1501,790,711,0,0,0,1.0,1,1.0,1,1.0,1,0.38820251077407153,44
987,4,1505,790,715,0,0,0,1.0,1,1.0,1,1.0,1,0.35501728406693117,45
988,3,1508,792,716,0,0,0,1.0,1,1.0,1,1.0,1,0.3634139865933341,44
989,2,1510,793,717,0,0,0,1.0,1,1.0,1,1.0,1,0.3624289740744888,43
990,1,1511,794,717,0,0,0,1.0,1,1.0,1,1.0,1,0.3486463189767781,42
991,1,1512,794,718,0,0,0,1.0,1,1.0,1,1.0,1,0.31451721268256444,42
992,0,1512,794,718,0,0,0,1.0,1,1.0,1,1.0,1,0.30767864523171634,43
993,1,1513,795,718,0,0,0,1.0,1,1.0,1,1.0,1,0.32772215444938585,43
994,2,1515,796,719,0,0,0,1.0,1,1.0,1,1.0,1,0.35267526453857734,43
995,1,1516,796,720,0,0,0,1.0,1,1.0,1,1.0,1,0.3214485688106135,43
996,1,1517,796,721,0,0,0,1.0,1,1.0,1,1.0,1,0.3267099096195025,44
997,2,1519,796,723,0,0,0,1.0,1,1.0,1,1.0,1,0.3021274007032097,44
998,1,1520,796,724,0,0,0,1.0,1,1.0,1,1.0,1,0.2976361890230985,45
999,0,1520,796,724,0,0,0,1.0,1,1.0,1,1.0,1,0.30354187324557447,42
1000,0,1520,796,724,0,0,0,1.0,1,1.0,1,1.0,1,0.3087870386412232,43
1001,0,1520,796,724,0,0,0,1.0,1,1.0,1,1.0,1,0.33461288441801185,42
1002,0,1520,796,724,0,0,0,1.0,1,1.0,1,1.0,1,0.327324047562632,43
1003,0,1520,796,724,0,0,0,1.0,1,1.0,1,1.0,1,0.327324047562632,43
1004,0,1520,796,724,0,0,0,1.0,1,1.0,1,1.0,1,0.327324047562632,43
1005,0,1520,796,724,0,0,0,1.0,1,1.0,1,1.0,1,0.3402275739731168,44
1006,5,1525,796,729,0,0,0,1.0,1,1.0,1,1.0,1,0.2637540510090096,46
1007,2,1527,796,731,0,0,0,1.0,1,1.0,1,1.0,1,0.23627892864791308,46
1008,0,1527,796,731,0,0,0,1.0,1,1.0,1,1.0,1,0.24839077786856195,47
1009,1,1528,796,732,0,0,0,1.0,1,1.0,1,1.0,1,0.24344558180100734,48
1010,1,1529,797,732,0,0,0,1.0,1,1.0,1,1.0,1,0.23632019123843614,48
1011,3,1532,797,735,0,0,0,1.0,1,1.0,1,1.0,1,0.18807423311885232,48
1012,2,1534,799,735,0,0,0,1.0,1,1.0,1,1.0,1,0.22492196773321238,49
1013,0,1534,799,735,0,0,0,1.0,1,1.0,1,1.0,1,0.20894023385679572,50
1014,1,1535,800,735,0,0,0,1.0,1,1.0,1,1.0,1,0.2254905308615688,50
1015,2,1537,800,737,0,0,0,1.0,1,1.0,1,1.0,1,0.21703368556797328,51
1016,1,1538,801,737,0,0,0,1.0,1,1.0,1,1.0,1,0.22490774003330888,51
1017,3,1541,801,740,0,0,0,1.0,1,1.0,1,1.0,1,0.2023650975246081,52
1018,1,1542,802,740,0,0,0,1.0,1,1.0,1,1.0,1,0.22033457308138085,52
1019,1,1543,802,741,0,0,0,1.0,1,1.0,1,1.0,1,0.22323842215039133,52
1020,2,1545,803,742,0,0,0,1.0,1,1.0,1,1.0,1,0.18442352154852362,53
1021,3,1548,803,745,0,0,0,1.0,1,1.0,1,1.0,1,0.16749818661752777,53
1022,0,1548,803,745,0,0,0,1.0,1,1.0,1,1.0,1,0.16296536310668894,54
1023,1,1549,804,745,0,0,0,1.0,1,1.0,1,1.0,1,0.17682580963261343,55
1024,1,1550,805,745,0,0,0,1.0,1,1.0,1,1.0,1,0.1816275711084265,55
1025,0,1550,805,745,0,0,0,1.0,1,1.0,1,1.0,1,0.17460630533512378,56
1026,1,1551,806,745,0,0,0,1.0,1,1.0,1,1.0,1,0.22385117364038676,57
1027,2,1553,806,747,0,0,0,1.0,1,1.0,1,1.0,1,0.20828992058450282,58
1028,1,1554,807,747,0,0,0,1.0,1,1.0,1,1.0,1,0.22422412069571884,58
1029,2,1556,809,747,0,0,0,1.0,1,1.0,1,1.0,1,0.23558402683013452,59
1030,2,1558,809,749,0,0,0,1.0,1,1.0,1,1.0,1,0.2195335542323842,60
1031,0,1558,809,749,0,0,0,1.0,1,1.0,1,1.0,1,0.2195335542323842,60
1032,1,1559,809,750,0,0,0,1.0,1,1.0,1,1.0,1,0.2166037401420282,61
1033,4,1563,810,753,0,0,0,1.0,1,1.0,1,1.0,1,0.1602435523512644,60
1034,4,1567,814,753,0,0,0,1.0,1,1.0,1,1.0,1,0.17522901180284092,60
1035,2,1569,815,754,0,0,0,1.0,1,1.0,1,1.0,1,0.15623925859869298,59
1036,2,1571,816,755,0,0,0,1.0,1,1.0,1,1.0,1,0.14857414230233804,60
1037,2,1573,818,755,0,0,0,1.0,1,1.0,1,1.0,1,0.17243887110591402,59
1038,4,1577,821,756,0,0,0,1.0,1,1.0,1,1.0,1,0.19675144912409054,60
1039,5,1582,823,759,0,0,0,1.0,1,1.0,1,1.0,1,0.20622052726879764,60
1040,2,1584,824,760,0,0,0,1.0,1,1.0,1,1.0,1,0.2325064978512137,58
1041,1,1585,825,760,0,0,0,1.0,1,1.0,1,1.0,1,0.23454339544336977,56
1042,2,1587,825,762,0,0,0,1.0,1,1.0,1,1.0,1,0.21994768689978417,55
1043,0,1587,825,762,0,0,0,1.0,1,1.0,1,1.0,1,0.21994768689978417,55
1044,1,1588,826,762,0,0,0,1.0,1,1.0,1,1.0,1,0.2129302253234405,52
1045,1,1589,826,763,0,0,0,1.0,1,1.0,1,1.0,1,0.20255415977498703,52
1046,2,1591,827,764,0,0,0,1.0,1,1.0,1,1.0,1,0.1952970981157533,53
1047,1,1592,827,765,0,0,0,1.0,1,1.0,1,1.0,1,0.17697484825595966,54
1048,2,1594,828,766,0,0,0,1.0,1,1.0,1,1.0,1,0.20011813395703723,56
1049,2,1596,830,766,0,0,0,1.0,1,1.0,1,1.0,1,0.21011657299600386,55
1050,0,1596,830,766,0,0,0,1.0,1,1.0,1,1.0,1,0.2135280801583138,56
1051,1,1597,831,766,0,0,0,1.0,1,1.0,1,1.0,1,0.18294019923001156,55
1052,1,1598,832,766,0,0,0,1.0,1,1.0,1,1.0,1,0.1957810453247359,56
1053,0,1598,832,766,0,0,0,1.0,1,1.0,1,1.0,1,0.1957810453247359,56
1054,3,1601,833,768,0,0,0,1.0,1,1.0,1,1.0,1,0.16423328343695995,57
1055,1,1602,834,768,0,0,0,1.0,1,1.0,1,1.0,1,0.1671778819791968,58
1056,0,1602,834,768,0,0,0,1.0,1,1.0,1,1.0,1,0.17854586639830378,59
1057,1,1603,834,769,0,0,0,1.0,1,1.0,1,1.0,1,0.17229699332009665,60
1058,3,1606,835,771,0,0,0,1.0,1,1.0,1,1.0,1,0.18391316429012572,60
1059,0,1606,835,771,0,0,0,1.0,1,1.0,1,1.0,1,0.18391316429012572,60
1060,1,1607,836,771,0,0,0,1.0,1,1.0,1,1.0,1,0.18354053625925623,60
1061,4,1611,839,772,0,0,0,1.0,1,1.0,1,1.0,1,0.17058252990230324,59
1062,2,1613,841,772,0,0,0,1.0,1,1.0,1,1.0,1,0.18953122286191618,59
1063,3,1616,843,773,0,0,0,1.0,1,1.0,1,1.0,1,0.19112028456643942,58
1064,7,1623,846,777,0,0,0,1.0,1,1.0,1,1.0,1,0.232048601401045,58
1065,3,1626,848,778,0,0,0,1.0,1,1.0,1,1.0,1,0.21090468992024317,60
1066,6,1632,850,782,0,0,0,1.0,1,1.0,1,1.0,1,0.18712506885419003,58
1067,3,1635,851,784,0,0,0,1.0,1,1.0,1,1.0,1,0.1931441444178333,59
1068,2,1637,852,785,0,0,0,1.0,1,1.0,1,1.0,1,0.1931717343899738,59
1069,1,1638,852,786,0,0,0,1.0,1,1.0,1,1.0,1,0.2163059021911892,58
1070,2,1640,853,787,0,0,0,1.0,1,1.0,1,1.0,1,0.1980256582876253,58
1071,2,1642,854,788,0,0,0,1.0,1,1.0,1,1.0,1,0.20114050485484683,57
1072,1,1643,854,789,0,0,0,1.0,1,1.0,1,1.0,1,0.18330671631468906,56
1073,0,1643,854,789,0,0,0,1.0,1,1.0,1,1.0,1,0.21463599883435386,54
1074,1,1644,855,789,0,0,0,1.0,1,1.0,1,1.0,1,0.21199754349384942,54
1075,1,1645,856,789,0,0,0,1.0,1,1.0,1,1.0,1,0.2090001493340809,51
1076,2,1647,856,791,0,0,0,1.0,1,1.0,1,1.0,1,0.18285303743549722,51
1077,1,1648,856,792,0,0,0,1.0,1,1.0,1,1.0,1,0.17052356777012684,51
1078,3,1651,858,793,0,0,0,1.0,1,1.0,1,1.0,1,0.16998929348715186,52
1079,5,1656,862,794,0,0,0,1.0,1,1.0,1,1.0,1,0.18011215941585446,51
1080,2,1658,864,794,0,0,0,1.0,1,1.0,1,1.0,1,0.2136203758527632,51
1081,0,1658,864,794,0,0,0,1.0,1,1.0,1,1.0,1,0.23562561025737358,48
1082,1,1659,865,794,0,0,0,1.0,1,1.0,1,1.0,1,0.29666748572663704,47
1083,1,1660,866,794,0,0,0,1.0,1,1.0,1,1.0,1,0.336712103110988,46
1084,0,1660,866,794,0,0,0,1.0,1,1.0,1,1.0,1,0.32699687672402905,45
1085,1,1661,867,794,0,0,0,1.0,1,1.0,1,1.0,1,0.3373095068514753,46
1086,2,1663,867,796,0,0,0,1.0,1,1.0,1,1.0,1,0.3047435187756087,45
1087,2,1665,867,798,0,0,0,1.0,1,1.0,1,1.0,1,0.2746312870536698,44
1088,1,1666,867,799,0,0,0,1.0,1,1.0,1,1.0,1,0.2591662831233371,45
1089,2,1668,868,800,0,0,0,1.0,1,1.0,1,1.0,1,0.26479360374181704,46
1090,0,1668,868,800,0,0,0,1.0,1,1.0,1,1.0,1,0.2641804581308519,47
1091,1,1669,869,800,0,0,0,1.0,1,1.0,1,1.0,1,0.2713700811260511,47
1092,1,1670,869,801,0,0,0,1.0,1,1.0,1,1.0,1,0.24823950872230996,48
1093,1,1671,870,801,0,0,0,1.0,1,1.0,1,1.0,1,0.25866499793506176,48
1094,2,1673,872,801,0,0,0,1.0,1,1.0,1,1.0,1,0.2918145123071425,48
1095,5,1678,873,805,0,0,0,1.0,1,1.0,1,1.0,1,0.24234780628142166,49
1096,0,1678,873,805,0,0,0,1.0,1,1.0,1,1.0,1,0.24234780628142166,49
1097,2,1680,875,805,0,0,0,1.0,1,1.0,1,1.0,1,0.24800297681177585,50
1098,3,1683,875,808,0,0,0,1.0,1,1.0,1,1.0,1,0.20717276300698706,51
1099,0,1683,875,808,0,0,0,1.0,1,1.0,1,1.0,1,0.19639677039777326,54
1100,1,1684,875,809,0,0,0,1.0,1,1.0,1,1.0,1,0.17685793937056893,54
1101,1,1685,875,810,0,0,0,1.0,1,1.0,1,1.0,1,0.16819564915070845,54
1102,3,1688,877,811,0,0,0,1.0,1,1.0,1,1.0,1,0.18216702394062506,54
1103,2,1690,878,812,0,0,0,1.0,1,1.0,1,1.0,1,0.17691787621911936,53
1104,2,1692,880,812,0,0,0,1.0,1,1.0,1,1.0,1,0.1731706705408535,53
1105,2,1694,881,813,0,0,0,1.0,1,1.0,1,1.0,1,0.17332397839744465,52
1106,1,1695,882,813,0,0,0,1.0,1,1.0,1,1.0,1,0.19842401703505375,52
1107,6,1701,884,817,0,0,0,1.0,1,1.0,1,1.0,1,0.1761192857634399,52
1108,2,1703,885,818,0,0,0,1.0,1,1.0,1,1.0,1,0.1842916550137162,51
1109,3,1706,888,818,0,0,0,1.0,1,1.0,1,1.0,1,0.2005744362782676,49
1110,1,1707,889,818,0,0,0,1.0,1,1.0,1,1.0,1,0.2248568439596767,48
1111,2,1709,891,818,0,0,0,1.0,1,1.0,1,1.0,1,0.285304796837074,47
1112,2,1711,892,819,0,0,0,1.0,1,1.0,1,1.0,1,0.3143357015670339,46
1113,1,1712,893,819,0,0,0,1.0,1,1.0,1,1.0,1,0.3350888796761669,43
1114,2,1714,893,821,0,0,0,1.0,1,1.0,1,1.0,1,0.33221113862877216,41
1115,4,1718,894,824,0,0,0,1.0,1,1.0,1,1.0,1,0.2888488958766918,40
1116,2,1720,895,825,0,0,0,1.0,1,1.0,1,1.0,1,0.25328060791697166,39
1117,4,1724,898,826,0,0,0,1.0,1,1.0,1,1.0,1,0.3036076955384552,40
1118,3,1727,899,828,0,0,0,1.0,1,1.0,1,1.0,1,0.26397081392522986,40
1119,1,1728,899,829,0,0,0,1.0,1,1.0,1,1.0,1,0.23430936200386507,40
1120,1,1729,899,830,0,0,0,1.0,1,1.0,1,1.0,1,0.2191378727063146,40
1121,1,1730,900,830,0,0,0,1.0,1,1.0,1,1.0,1,0.23516963989158446,40
1122,0,1730,900,830,0,0,0,1.0,1,1.0,1,1.0,1,0.23776613571574592,41
1123,1,1731,901,830,0,0,0,1.0,1,1.0,1,1.0,1,0.2587069395946174,41
1124,1,1732,901,831,0,0,0,1.0,1,1.0,1,1.0,1,0.25135184642586145,41
1125,4,1736,902,834,0,0,0,1.0,1,1.0,1,1.0,1,0.2740003760492837,41
1126,1,1737,903,834,0,0,0,1.0,1,1.0,1,1.0,1,0.21896626529201177,41
1127,0,1737,903,834,0,0,0,1.0,1,1.0,1,1.0,1,0.21896626529201177,41
1128,0,1737,903,834,0,0,0,1.0,1,1.0,1,1.0,1,0.23785669417554228,42
1129,1,1738,904,834,0,0,0,1.0,1,1.0,1,1.0,1,0.2525904755055811,42
1130,1,1739,904,835,0,0,0,1.0,1,1.0,1,1.0,1,0.2378629875801287,42
1131,1,1740,905,835,0,0,0,1.0,1,1.0,1,1.0,1,0.21773616659219472,42
1132,0,1740,905,835,0,0,0,1.0,1,1.0,1,1.0,1,0.1938780580127466,43
1133,1,1741,905,836,0,0,0,1.0,1,1.0,1,1.0,1,0.16204949851218362,45
1134,2,1743,905,838,0,0,0,1.0,1,1.0,1,1.0,1,0.14025587028274103,46
1135,0,1743,905,838,0,0,0,1.0,1,1.0,1,1.0,1,0.1526722077953755,45
1136,1,1744,905,839,0,0,0,1.0,1,1.0,1,1.0,1,0.15178283921926972,48
1137,2,1746,905,841,0,0,0,1.0,1,1.0,1,1.0,1,0.16096694251860807,49
1138,0,1746,905,841,0,0,0,1.0,1,1.0,1,1.0,1,0.16096694251860807,49
1139,1,1747,905,842,0,0,0,1.0,1,1.0,1,1.0,1,0.17374512937590503,49
1140,1,1748,906,842,0,0,0,1.0,1,1.0,1,1.0,1,0.17920610336245352,49
1141,4,1752,908,844,0,0,0,1.0,1,1.0,1,1.0,1,0.2153564237686222,48
1142,5,1757,912,845,0,0,0,1.0,1,1.0,1,1.0,1,0.1723777054585695,48
1143,6,1763,916,847,0,0,0,1.0,1,1.0,1,1.0,1,0.17543970739048584,48
1144,3,1766,918,848,0,0,0,1.0,1,1.0,1,1.0,1,0.17872209073058468,48
1145,3,1769,920,849,0,0,0,1.0,1,1.0,1,1.0,1,0.20731071696825518,48
1146,2,1771,922,849,0,0,0,1.0,1,1.0,1,1.0,1,0.2362736066319682,48
1147,3,1774,922,852,0,0,0,1.0,1,1.0,1,1.0,1,0.16998886295607035,46
1148,4,1778,924,854,0,0,0,1.0,1,1.0,1,1.0,1,0.1397782120119459,46
1149,3,1781,925,856,0,0,0,1.0,1,1.0,1,1.0,1,0.23924285140214707,45
1150,4,1785,925,860,0,0,0,1.0,1,1.0,1,1.0,1,0.19876091573953947,46
1151,5,1790,927,863,0,0,0,1.0,1,1.0,1,1.0,1,0.1996539498332401,44
1152,1,1791,927,864,0,0,0,1.0,1,1.0,1,1.0,1,0.14067411058964033,44
1153,2,1793,929,864,0,0,0,1.0,1,1.0,1,1.0,1,0.1613415193070334,43
1154,2,1795,931,864,0,0,0,1.0,1,1.0,1,1.0,1,0.14903678262387607,43
1155,1,1796,932,864,0,0,0,1.0,1,1.0,1,1.0,1,0.1844671637319704,43
1156,0,1796,932,864,0,0,0,1.0,1,1.0,1,1.0,1,0.1697308856699547,42
1157,1,1797,933,864,0,0,0,1.0,1,1.0,1,1.0,1,0.19336182088489473,42
1158,0,1797,933,864,0,0,0,1.0,1,1.0,1,1.0,1,0.1791978905098593,41
1159,0,1797,933,864,0,0,0,1.0,1,1.0,1,1.0,1,0.1806350533275538,41
1160,0,1797,933,864,0,0,0,1.0,1,1.0,1,1.0,1,0.1806350533275538,41
1161,0,1797,933,864,0,0,0,1.0,1,1.0,1,1.0,1,0.20031962658902483,42
1162,0,1797,933,864,0,0,0,1.0,1,1.0,1,1.0,1,0.2109098009618777,43
1163,0,1797,933,864,0,0,0,1.0,1,1.0,1,1.0,1,0.2109098009618777,43
1164,0,1797,933,864,0,0,0,1.0,1,1.0,1,1.0,1,0.19692187902020916,44
1165,0,1797,933,864,0,0,0,1.0,1,1.0,1,1.0,1,0.19692187902020916,44
1166,2,1799,934,865,0,0,0,1.0,1,1.0,1,1.0,1,0.20639147440853084,46
1167,1,1800,935,865,0,0,0,1.0,1,1.0,1,1.0,1,0.2163425560098117,46
1168,2,1802,935,867,0,0,0,1.0,1,1.0,1,1.0,1,0.18171627011563787,47
1169,2,1804,937,867,0,0,0,1.0,1,1.0,1,1.0,1,0.16474304494801734,46
1170,0,1804,937,867,0,0,0,1.0,1,1.0,1,1.0,1,0.16930591002052733,48
1171,2,1806,939,867,0,0,0,1.0,1,1.0,1,1.0,1,0.20167209897388366,49
1172,0,1806,939,867,0,0,0,1.0,1,1.0,1,1.0,1,0.20167209897388366,49
1173,0,1806,939,867,0,0,0,1.0,1,1.0,1,1.0,1,0.20167209897388366,49
1174,1,1807,940,867,0,0,0,1.0,1,1.0,1,1.0,1,0.20967125011859722,49
1175,1,1808,940,868,0,0,0,1.0,1,1.0,1,1.0,1,0.21159320838464016,50
1176,2,1810,940,870,0,0,0,1.0,1,1.0,1,1.0,1,0.21979523078896157,52
1177,3,1813,943,870,0,0,0,1.0,1,1.0,1,1.0,1,0.22205762174999852,52
1178,0,1813,943,870,0,0,0,1.0,1,1.0,1,1.0,1,0.22205762174999852,52
1179,0,1813,943,870,0,0,0,1.0,1,1.0,1,1.0,1,0.21143943013844266,53
1180,0,1813,943,870,0,0,0,1.0,1,1.0,1,1.0,1,0.20662679270430256,54
1181,0,1813,943,870,0,0,0,1.0,1,1.0,1,1.0,1,0.21510750593589165,55
1182,0,1813,943,870,0,0,0,1.0,1,1.0,1,1.0,1,0.21510750593589165,55
1183,3,1816,945,871,0,0,0,1.0,1,1.0,1,1.0,1,0.2223328984203314,53
1184,2,1818,947,871,0,0,0,1.0,1,1.0,1,1.0,1,0.2503037644374176,54
1185,0,1818,947,871,0,0,0,1.0,1,1.0,1,1.0,1,0.2508457017882937,53
1186,3,1821,948,873,0,0,0,1.0,1,1.0,1,1.0,1,0.2662893312569818,54
1187,6,1827,949,878,0,0,0,1.0,1,1.0,1,1.0,1,0.24344194135400887,55
1188,0,1827,949,878,0,0,0,1.0,1,1.0,1,1.0,1,0.24344194135400887,55
1189,4,1831,949,882,0,0,0,1.0,1,1.0,1,1.0,1,0.1752684147484735,54
1190,0,1831,949,882,0,0,0,1.0,1,1.0,1,1.0,1,0.16423842895281274,55
1191,1,1832,949,883,0,0,0,1.0,1,1.0,1,1.0,1,0.14782949203636336,54
1192,4,1836,950,886,0,0,0,1.0,1,1.0,1,1.0,1,0.1281786297788501,52
1193,0,1836,950,886,0,0,0,1.0,1,1.0,1,1.0,1,0.12974348551298548,53
1194,2,1838,952,886,0,0,0,1.0,1,1.0,1,1.0,1,0.15934740878245104,53
1195,1,1839,953,886,0,0,0,1.0,1,1.0,1,1.0,1,0.14501883707092703,54
1196,1,1840,954,886,0,0,0,1.0,1,1.0,1,1.0,1,0.14913440675205036,56
1197,4,1844,957,887,0,0,0,1.0,1,1.0,1,1.0,1,0.18832908409164742,56
1198,3,1847,958,889,0,0,0,1.0,1,1.0,1,1.0,1,0.17852748154239143,58
1199,1,1848,959,889,0,0,0,1.0,1,1.0,1,1.0,1,0.20062431965240354,58
1200,1,1849,959,890,0,0,0,1.0,1,1.0,1,1.0,1,0.18602677357952915,58
1201,2,1851,960,891,0,0,0,1.0,1,1.0,1,1.0,1,0.18219278146055476,58
1202,4,1855,960,895,0,0,0,1.0,1,1.0,1,1.0,1,0.11170543740158131,60
1203,0,1855,960,895,0,0,0,1.0,1,1.0,1,1.0,1,0.1266061916068817,58
1204,3,1858,961,897,0,0,0,1.0,1,1.0,1,1.0,1,0.11325157089417973,59
1205,1,1859,962,897,0,0,0,1.0,1,1.0,1,1.0,1,0.1315535848507195,59
1206,0,1859,962,897,0,0,0,1.0,1,1.0,1,1.0,1,0.15148175225003285,58
1207,0,1859,962,897,0,0,0,1.0,1,1.0,1,1.0,1,0.16251639350029007,60
1208,0,1859,962,897,0,0,0,1.0,1,1.0,1,1.0,1,0.16251639350029007,60
1209,1,1860,962,898,0,0,0,1.0,1,1.0,1,1.0,1,0.16377012207370903,61
1210,0,1860,962,898,0,0,0,1.0,1,1.0,1,1.0,1,0.16377012207370903,61
1211,0,1860,962,898,0,0,0,1.0,1,1.0,1,1.0,1,0.14930111382133837,63
1212,0,1860,962,898,0,0,0,1.0,1,1.0,1,1.0,1,0.14930111382133837,63
1213,1,1861,963,898,0,0,0,1.0,1,1.0,1,1.0,1,0.15725417639289702,63
1214,2,1863,964,899,0,0,0,1.0,1,1.0,1,1.0,1,0.2060598602350031,62
1215,0,1863,964,899,0,0,0,1.0,1,1.0,1,1.0,1,0.20631958295664032,63
1216,4,1867,965,902,0,0,0,1.0,1,1.0,1,1.0,1,0.23711801996078896,64
1217,3,1870,965,905,0,0,0,1.0,1,1.0,1,1.0,1,0.20235220180426727,65
1218,0,1870,965,905,0,0,0,1.0,1,1.0,1,1.0,1,0.2160898795069112,64
1219,2,1872,965,907,0,0,0,1.0,1,1.0,1,1.0,1,0.20990973874215066,65
1220,2,1874,966,908,0,0,0,1.0,1,1.0,1,1.0,1,0.21565418005056283,64
1221,3,1877,968,909,0,0,0,1.0,1,1.0,1,1.0,1,0.20745254204535232,65
1222,2,1879,969,910,0,0,0,1.0,1,1.0,1,1.0,1,0.19466138744974806,66
1223,1,1880,969,911,0,0,0,1.0,1,1.0,1,1.0,1,0.19174253309817924,64
1224,6,1886,973,913,0,0,0,1.0,1,1.0,1,1.0,1,0.1812852197849006,66
1225,5,1891,975,916,0,0,0,1.0,1,1.0,1,1.0,1,0.15255214724992833,66
1226,0,1891,975,916,0,0,0,1.0,1,1.0,1,1.0,1,0.17210406440080178,68
1227,1,1892,976,916,0,0,0,1.0,1,1.0,1,1.0,1,0.16199841193883302,64
1228,1,1893,976,917,0,0,0,1.0,1,1.0,1,1.0,1,0.14853587696698922,62
1229,2,1895,978,917,0,0,0,1.0,1,1.0,1,1.0,1,0.17132236646084592,61
1230,3,1898,980,918,0,0,0,1.0,1,1.0,1,1.0,1,0.17412060695988654,58
1231,1,1899,980,919,0,0,0,1.0,1,1.0,1,1.0,1,0.14631772753982064,57
1232,1,1900,981,919,0,0,0,1.0,1,1.0,1,1.0,1,0.17944092950728008,53
1233,0,1900,981,919,0,0,0,1.0,1,1.0,1,1.0,1,0.17944092950728008,53
1234,2,1902,981,921,0,0,0,1.0,1,1.0,1,1.0,1,0.15079610530719653,54
1235,1,1903,981,922,0,0,0,1.0,1,1.0,1,1.0,1,0.17625497840847984,55
1236,2,1905,983,922,0,0,0,1.0,1,1.0,1,1.0,1,0.21449235990786547,55
1237,4,1909,984,925,0,0,0,1.0,1,1.0,1,1.0,1,0.20308140004540892,55
1238,1,1910,985,925,0,0,0,1.0,1,1.0,1,1.0,1,0.21770344513302542,54
1239,2,1912,985,927,0,0,0,1.0,1,1.0,1,1.0,1,0.17559789156453046,55
1240,2,1914,985,929,0,0,0,1.0,1,1.0,1,1.0,1,0.13764419907799233,55
1241,1,1915,985,930,0,0,0,1.0,1,1.0,1,1.0,1,0.10199197892155656,54
1242,0,1915,985,930,0,0,0,1.0,1,1.0,1,1.0,1,0.11260694611714678,54
1243,1,1916,985,931,0,0,0,1.0,1,1.0,1,1.0,1,0.0989393867064002,55
1244,0,1916,985,931,0,0,0,1.0,1,1.0,1,1.0,1,0.12011271670623243,55
1245,2,1918,987,931,0,0,0,1.0,1,1.0,1,1.0,1,0.14127719764188593,55
1246,2,1920,988,932,0,0,0,1.0,1,1.0,1,1.0,1,0.1822110962962501,55
1247,5,1925,991,934,0,0,0,1.0,1,1.0,1,1.0,1,0.22633993178421044,57
1248,0,1925,991,934,0,0,0,1.0,1,1.0,1,1.0,1,0.2358377738277174,56
1249,4,1929,995,934,0,0,0,1.0,1,1.0,1,1.0,1,0.25775425819183306,56
1250,3,1932,998,934,0,0,0,1.0,1,1.0,1,1.0,1,0.2648980614585035,56
1251,1,1933,998,935,0,0,0,1.0,1,1.0,1,1.0,1,0.24077175489238292,58
1252,3,1936,999,937,0,0,0,1.0,1,1.0,1,1.0,1,0.2139469267142214,58
1253,2,1938,1001,937,0,0,0,1.0,1,1.0,1,1.0,1,0.2234544781722254,58
1254,0,1938,1001,937,0,0,0,1.0,1,1.0,1,1.0,1,0.20379237599595562,60
1255,1,1939,1001,938,0,0,0,1.0,1,1.0,1,1.0,1,0.20412388357621125,61
1256,0,1939,1001,938,0,0,0,1.0,1,1.0,1,1.0,1,0.20412388357621125,61
1257,2,1941,1002,939,0,0,0,1.0,1,1.0,1,1.0,1,0.21528878001178298,62
1258,0,1941,1002,939,0,0,0,1.0,1,1.0,1,1.0,1,0.22040676433763312,63
1259,0,1941,1002,939,0,0,0,1.0,1,1.0,1,1.0,1,0.22040676433763312,63
1260,0,1941,1002,939,0,0,0,1.0,1,1.0,1,1.0,1,0.21397546721658023,63
1261,3,1944,1003,941,0,0,0,1.0,1,1.0,1,1.0,1,0.1850684673824408,63
1262,3,1947,1003,944,0,0,0,1.0,1,1.0,1,1.0,1,0.1549747623239757,64
1263,1,1948,1004,944,0,0,0,1.0,1,1.0,1,1.0,1,0.1653726662581111,63
1264,4,1952,1007,945,0,0,0,1.0,1,1.0,1,1.0,1,0.17967780437464742,63
1265,3,1955,1010,945,0,0,0,1.0,1,1.0,1,1.0,1,0.1847708605056947,60
1266,6,1961,1013,948,0,0,0,1.0,1,1.0,1,1.0,1,0.18512142669351417,61
1267,1,1962,1014,948,0,0,0,1.0,1,1.0,1,1.0,1,0.1774997689998378,58
1268,5,1967,1017,950,0,0,0,1.0,1,1.0,1,1.0,1,0.18339807726554538,54
1269,0,1967,1017,950,0,0,0,1.0,1,1.0,1,1.0,1,0.1721587744867808,54
1270,1,1968,1018,950,0,0,0,1.0,1,1.0,1,1.0,1,0.15668326392993395,51
1271,1,1969,1019,950,0,0,0,1.0,1,1.0,1,1.0,1,0.1929875134166106,50
1272,0,1969,1019,950,0,0,0,1.0,1,1.0,1,1.0,1,0.2027656699195307,47
1273,1,1970,1019,951,0,0,0,1.0,1,1.0,1,1.0,1,0.18322649283192494,47
1274,2,1972,1020,952,0,0,0,1.0,1,1.0,1,1.0,1,0.20480197709489847,49
1275,2,1974,1022,952,0,0,0,1.0,1,1.0,1,1.0,1,0.2161291301068867,48
1276,5,1979,1025,954,0,0,0,1.0,1,1.0,1,1.0,1,0.20393741580012875,49
1277,7,1986,1029,957,0,0,0,1.0,1,1.0,1,1.0,1,0.21505796326002766,50
1278,2,1988,1030,958,0,0,0,1.0,1,1.0,1,1.0,1,0.19968097868241694,51
1279,1,1989,1030,959,0,0,0,1.0,1,1.0,1,1.0,1,0.1792823151808652,51
1280,1,1990,1030,960,0,0,0,1.0,1,1.0,1,1.0,1,0.14277058707310913,52
1281,0,1990,1030,960,0,0,0,1.0,1,1.0,1,1.0,1,0.14277058707310913,52
1282,2,1992,1031,961,0,0,0,1.0,1,1.0,1,1.0,1,0.14564232696863771,52
1283,0,1992,1031,961,0,0,0,1.0,1,1.0,1,1.0,1,0.14564232696863771,52
1284,0,1992,1031,961,0,0,0,1.0,1,1.0,1,1.0,1,0.14564232696863771,52
1285,0,1992,1031,961,0,0,0,1.0,1,1.0,1,1.0,1,0.16411675083689095,51
1286,1,1993,1031,962,0,0,0,1.0,1,1.0,1,1.0,1,0.17534593455223968,52
1287,3,1996,1032,964,0,0,0,1.0,1,1.0,1,1.0,1,0.17847819986580515,54
1288,2,1998,1032,966,0,0,0,1.0,1,1.0,1,1.0,1,0.14383728416778,55
1289,0,1998,1032,966,0,0,0,1.0,1,1.0,1,1.0,1,0.1488908605203885,56
1290,0,1998,1032,966,0,0,0,1.0,1,1.0,1,1.0,1,0.13393071475696414,57
1291,0,1998,1032,966,0,0,0,1.0,1,1.0,1,1.0,1,0.14977379548489114,58
1292,1,1999,1033,966,0,0,0,1.0,1,1.0,1,1.0,1,0.14924517174192362,59
1293,0,1999,1033,966,0,0,0,1.0,1,1.0,1,1.0,1,0.14924517174192362,59
1294,2,2001,1035,966,0,0,0,1.0,1,1.0,1,1.0,1,0.1695213012642378,59
1295,1,2002,1036,966,0,0,0,1.0,1,1.0,1,1.0,1,0.194647301613329,59
1296,2,2004,1036,968,0,0,0,1.0,1,1.0,1,1.0,1,0.17884207718436432,59
1297,3,2007,1037,970,0,0,0,1.0,1,1.0,1,1.0,1,0.17691371745920756,61
1298,2,2009,1037,972,0,0,0,1.0,1,1.0,1,1.0,1,0.16864758886275644,61
1299,0,2009,1037,972,0,0,0,1.0,1,1.0,1,1.0,1,0.17096167566691198,60
1300,0,2009,1037,972,0,0,0,1.0,1,1.0,1,1.0,1,0.17510096094235786,59
1301,5,2014,1038,976,0,0,0,1.0,1,1.0,1,1.0,1,0.14815135404512644,59
1302,6,2020,1042,978,0,0,0,1.0,1,1.0,1,1.0,1,0.10685906981474963,59
1303,4,2024,1046,978,0,0,0,1.0,1,1.0,1,1.0,1,0.20590788903039323,55
1304,5,2029,1050,979,0,0,0,1.0,1,1.0,1,1.0,1,0.21518182808662378,56
1305,5,2034,1052,982,0,0,0,1.0,1,1.0,1,1.0,1,0.19247323231958977,54
1306,2,2036,1053,983,0,0,0,1.0,1,1.0,1,1.0,1,0.16980441879088198,53
1307,4,2040,1056,984,0,0,0,1.0,1,1.0,1,1.0,1,0.1726279783546946,52
1308,1,2041,1057,984,0,0,0,1.0,1,1.0,1,1.0,1,0.1878641995143843,52
1309,3,2044,1059,985,0,0,0,1.0,1,1.0,1,1.0,1,0.21667816421255953,54
1310,2,2046,1060,986,0,0,0,1.0,1,1.0,1,1.0,1,0.21092711594052527,52
1311,0,2046,1060,986,0,0,0,1.0,1,1.0,1,1.0,1,0.20064095756752512,51
1312,2,2048,1061,987,0,0,0,1.0,1,1.0,1,1.0,1,0.24628064114624287,49
1313,1,2049,1061,988,0,0,0,1.0,1,1.0,1,1.0,1,0.22438389123286856,47
1314,1,2050,1062,988,0,0,0,1.0,1,1.0,1,1.0,1,0.2031238233176553,46
1315,0,2050,1062,988,0,0,0,1.0,1,1.0,1,1.0,1,0.21383977934710346,45
1316,3,2053,1064,989,0,0,0,1.0,1,1.0,1,1.0,1,0.19474836215760244,46
1317,1,2054,1064,990,0,0,0,1.0,1,1.0,1,1.0,1,0.15134240001236993,45
1318,1,2055,1065,990,0,0,0,1.0,1,1.0,1,1.0,1,0.1811675592432823,46
1319,0,2055,1065,990,0,0,0,1.0,1,1.0,1,1.0,1,0.1811675592432823,46
1320,0,2055,1065,990,0,0,0,1.0,1,1.0,1,1.0,1,0.1811675592432823,46
1321,0,2055,1065,990,0,0,0,1.0,1,1.0,1,1.0,1,0.16094742713560278,48
1322,0,2055,1065,990,0,0,0,1.0,1,1.0,1,1.0,1,0.17600295182289402,49
1323,0,2055,1065,990,0,0,0,1.0,1,1.0,1,1.0,1,0.19143435991245702,49
1324,0,2055,1065,990,0,0,0,1.0,1,1.0,1,1.0,1,0.21090507286290086,50
1325,0,2055,1065,990,0,0,0,1.0,1,1.0,1,1.0,1,0.22647881937098555,49
1326,3,2058,1067,991,0,0,0,1.0,1,1.0,1,1.0,1,0.27382636632241497,50
1327,3,2061,1068,993,0,0,0,1.0,1,1.0,1,1.0,1,0.2707705306083817,50
1328,1,2062,1068,994,0,0,0,1.0,1,1.0,1,1.0,1,0.27789510818165714,49
1329,0,2062,1068,994,0,0,0,1.0,1,1.0,1,1.0,1,0.28067394677658647,50
1330,2,2064,1069,995,0,0,0,1.0,1,1.0,1,1.0,1,0.24032513482012421,50
1331,3,2067,1070,997,0,0,0,1.0,1,1.0,1,1.0,1,0.25486493080329753,50
1332,1,2068,1071,997,0,0,0,1.0,1,1.0,1,1.0,1,0.24075685868147528,51
1333,1,2069,1071,998,0,0,0,1.0,1,1.0,1,1.0,1,0.23501575845511286,52
1334,1,2070,1072,998,0,0,0,1.0,1,1.0,1,1.0,1,0.241456514814855,54
1335,2,2072,1073,999,0,0,0,1.0,1,1.0,1,1.0,1,0.23176842502698475,54
1336,2,2074,1073,1001,0,0,0,1.0,1,1.0,1,1.0,1,0.21705903983501665,56
1337,7,2081,1075,1006,0,0,0,1.0,1,1.0,1,1.0,1,0.20440116291040736,57
1338,1,2082,1076,1006,0,0,0,1.0,1,1.0,1,1.0,1,0.21834944446999927,57
1339,1,2083,1077,1006,0,0,0,1.0,1,1.0,1,1.0,1,0.23508990743145958,58
1340,1,2084,1078,1006,0,0,0,1.0,1,1.0,1,1.0,1,0.2508722598122143,59
1341,3,2087,1079,1008,0,0,0,1.0,1,1.0,1,1.0,1,0.2127647016845904,57
1342,2,2089,1080,1009,0,0,0,1.0,1,1.0,1,1.0,1,0.20522574986947717,57
1343,0,2089,1080,1009,0,0,0,1.0,1,1.0,1,1.0,1,0.19633384309618704,55
1344,1,2090,1081,1009,0,0,0,1.0,1,1.0,1,1.0,1,0.2026024960900708,54
1345,1,2091,1081,1010,0,0,0,1.0,1,1.0,1,1.0,1,0.18183360234805132,53
1346,0,2091,1081,1010,0,0,0,1.0,1,1.0,1,1.0,1,0.18622200228818458,53
1347,0,2091,1081,1010,0,0,0,1.0,1,1.0,1,1.0,1,0.1896216185847825,51
1348,2,2093,1083,1010,0,0,0,1.0,1,1.0,1,1.0,1,0.21137447522997466,52
1349,0,2093,1083,1010,0,0,0,1.0,1,1.0,1,1.0,1,0.2149801380319931,50
1350,2,2095,1085,1010,0,0,0,1.0,1,1.0,1,1.0,1,0.23347651568745276,51
1351,4,2099,1086,1013,0,0,0,1.0,1,1.0,1,1.0,1,0.19680288107302096,50
1352,1,2100,1087,1013,0,0,0,1.0,1,1.0,1,1.0,1,0.1853642557845449,50
1353,1,2101,1088,1013,0,0,0,1.0,1,1.0,1,1.0,1,0.206190165104578,50
1354,3,2104,1089,1015,0,0,0,1.0,1,1.0,1,1.0,1,0.20070204815126666,51
1355,3,2107,1090,1017,0,0,0,1.0,1,1.0,1,1.0,1,0.14714445095362036,53
1356,1,2108,1091,1017,0,0,0,1.0,1,1.0,1,1.0,1,0.16159901341110233,52
1357,2,2110,1092,1018,0,0,0,1.0,1,1.0,1,1.0,1,0.15820838858685676,52
1358,1,2111,1093,1018,0,0,0,1.0,1,1.0,1,1.0,1,0.17925970231354144,53
1359,4,2115,1095,1020,0,0,0,1.0,1,1.0,1,1.0,1,0.20784264291276663,54
1360,3,2118,1096,1022,0,0,0,1.0,1,1.0,1,1.0,1,0.2001465934119207,55
1361,1,2119,1097,1022,0,0,0,1.0,1,1.0,1,1.0,1,0.20338634037187822,55
1362,0,2119,1097,1022,0,0,0,1.0,1,1.0,1,1.0,1,0.1824855834499519,56
1363,1,2120,1098,1022,0,0,0,1.0,1,1.0,1,1.0,1,0.20937083907287518,56
1364,2,2122,1098,1024,0,0,0,1.0,1,1.0,1,1.0,1,0.17348220810031534,55
1365,1,2123,1098,1025,0,0,0,1.0,1,1.0,1,1.0,1,0.17429304720300806,56
1366,3,2126,1099,1027,0,0,0,1.0,1,1.0,1,1.0,1,0.16604711989621465,57
1367,1,2127,1099,1028,0,0,0,1.0,1,1.0,1,1.0,1,0.14025568448275283,57
1368,2,2129,1099,1030,0,0,0,1.0,1,1.0,1,1.0,1,0.14098974109106782,58
1369,1,2130,1100,1030,0,0,0,1.0,1,1.0,1,1.0,1,0.16072649014066945,59
1370,1,2131,1101,1030,0,0,0,1.0,1,1.0,1,1.0,1,0.1566049257195972,60
1371,1,2132,1102,1030,0,0,0,1.0,1,1.0,1,1.0,1,0.14903678919067465,59
1372,3,2135,1105,1030,0,0,0,1.0,1,1.0,1,1.0,1,0.17728148700818908,59
1373,3,2138,1107,1031,0,0,0,1.0,1,1.0,1,1.0,1,0.15535707863328538,59
1374,1,2139,1108,1031,0,0,0,1.0,1,1.0,1,1.0,1,0.16357989290730912,59
1375,5,2144,1108,1036,0,0,0,1.0,1,1.0,1,1.0,1,0.1236413130981712,62
1376,1,2145,1109,1036,0,0,0,1.0,1,1.0,1,1.0,1,0.16005179674115616,61
1377,2,2147,1110,1037,0,0,0,1.0,1,1.0,1,1.0,1,0.17670340263576684,63
1378,4,2151,1111,1040,0,0,0,1.0,1,1.0,1,1.0,1,0.16695996845017386,62
1379,3,2154,1114,1040,0,0,0,1.0,1,1.0,1,1.0,1,0.24071780964258657,61
1380,0,2154,1114,1040,0,0,0,1.0,1,1.0,1,1.0,1,0.23169716415302355,60
1381,5,2159,1115,1044,0,0,0,1.0,1,1.0,1,1.0,1,0.22194471213936404,58
1382,2,2161,1116,1045,0,0,0,1.0,1,1.0,1,1.0,1,0.23052297043206416,56
1383,1,2162,1116,1046,0,0,0,1.0,1,1.0,1,1.0,1,0.20618273535655232,57
1384,3,2165,1117,1048,0,0,0,1.0,1,1.0,1,1.0,1,0.21322287521555583,55
1385,2,2167,1118,1049,0,0,0,1.0,1,1.0,1,1.0,1,0.2033634033309441,55
1386,1,2168,1119,1049,0,0,0,1.0,1,1.0,1,1.0,1,0.19252230797126405,54
1387,2,2170,1120,1050,0,0,0,1.0,1,1.0,1,1.0,1,0.18744306061265692,53
1388,4,2174,1123,1051,0,0,0,1.0,1,1.0,1,1.0,1,0.20785805680224972,52
1389,3,2177,1124,1053,0,0,0,1.0,1,1.0,1,1.0,1,0.20549897640815748,52
1390,1,2178,1124,1054,0,0,0,1.0,1,1.0,1,1.0,1,0.208188487224303,51
1391,2,2180,1124,1056,0,0,0,1.0,1,1.0,1,1.0,1,0.20644513641494525,52
1392,1,2181,1125,1056,0,0,0,1.0,1,1.0,1,1.0,1,0.2048474151157077,51
1393,4,2185,1126,1059,0,0,0,1.0,1,1.0,1,1.0,1,0.18398083324047043,51
1394,0,2185,1126,1059,0,0,0,1.0,1,1.0,1,1.0,1,0.2003123713695609,52
1395,0,2185,1126,1059,0,0,0,1.0,1,1.0,1,1.0,1,0.2003123713695609,52
1396,1,2186,1126,1060,0,0,0,1.0,1,1.0,1,1.0,1,0.18739223921612314,53
1397,0,2186,1126,1060,0,0,0,1.0,1,1.0,1,1.0,1,0.19729960554931164,56
1398,3,2189,1127,1062,0,0,0,1.0,1,1.0,1,1.0,1,0.20109574758949397,56
1399,2,2191,1128,1063,0,0,0,1.0,1,1.0,1,1.0,1,0.19081200559666842,57
1400,1,2192,1128,1064,0,0,0,1.0,1,1.0,1,1.0,1,0.17276417585495565,57
1401,0,2192,1128,1064,0,0,0,1.0,1,1.0,1,1.0,1,0.17276417585495565,57
1402,4,2196,1131,1065,0,0,0,1.0,1,1.0,1,1.0,1,0.19874832664676406,57
1403,0,2196,1131,1065,0,0,0,1.0,1,1.0,1,1.0,1,0.21269298465638467,56
1404,2,2198,1131,1067,0,0,0,1.0,1,1.0,1,1.0,1,0.1993613254400961,58
1405,0,2198,1131,1067,0,0,0,1.0,1,1.0,1,1.0,1,0.22509915870415567,58
1406,0,2198,1131,1067,0,0,0,1.0,1,1.0,1,1.0,1,0.22509915870415567,58
1407,0,2198,1131,1067,0,0,0,1.0,1,1.0,1,1.0,1,0.24216801223751938,57
1408,1,2199,1131,1068,0,0,0,1.0,1,1.0,1,1.0,1,0.24378348625144622,58
1409,0,2199,1131,1068,0,0,0,1.0,1,1.0,1,1.0,1,0.24483180282671563,57
1410,0,2199,1131,1068,0,0,0,1.0,1,1.0,1,1.0,1,0.24483180282671563,57
1411,2,2201,1131,1070,0,0,0,1.0,1,1.0,1,1.0,1,0.24539110393441738,56
1412,0,2201,1131,1070,0,0,0,1.0,1,1.0,1,1.0,1,0.24706329932290136,55
1413,2,2203,1131,1072,0,0,0,1.0,1,1.0,1,1.0,1,0.23303858294481652,57
1414,3,2206,1131,1075,0,0,0,1.0,1,1.0,1,1.0,1,0.19862775293299223,57
1415,0,2206,1131,1075,0,0,0,1.0,1,1.0,1,1.0,1,0.20101165097866697,60
1416,2,2208,1132,1076,0,0,0,1.0,1,1.0,1,1.0,1,0.19490729300829007,61
1417,0,2208,1132,1076,0,0,0,1.0,1,1.0,1,1.0,1,0.1928059929917733,59
1418,5,2213,1132,1081,0,0,0,1.0,1,1.0,1,1.0,1,0.15804814160962943,60
1419,1,2214,1133,1081,0,0,0,1.0,1,1.0,1,1.0,1,0.16364119639667554,59
1420,4,2218,1134,1084,0,0,0,1.0,1,1.0,1,1.0,1,0.150556536242894,58
1421,0,2218,1134,1084,0,0,0,1.0,1,1.0,1,1.0,1,0.13909949499014682,57
1422,1,2219,1135,1084,0,0,0,1.0,1,1.0,1,1.0,1,0.1444101657610366,57
1423,1,2220,1136,1084,0,0,0,1.0,1,1.0,1,1.0,1,0.15478912323635954,56
1424,1,2221,1137,1084,0,0,0,1.0,1,1.0,1,1.0,1,0.16012555667278872,57
1425,2,2223,1139,1084,0,0,0,1.0,1,1.0,1,1.0,1,0.1942515004222543,54
1426,3,2226,1141,1085,0,0,0,1.0,1,1.0,1,1.0,1,0.2211106483406893,54
1427,4,2230,1143,1087,0,0,0,1.0,1,1.0,1,1.0,1,0.2594037977826093,53
1428,2,2232,1145,1087,0,0,0,1.0,1,1.0,1,1.0,1,0.26411520298741187,52
1429,2,2234,1145,1089,0,0,0,1.0,1,1.0,1,1.0,1,0.233477784577205,52
1430,3,2237,1146,1091,0,0,0,1.0,1,1.0,1,1.0,1,0.2168694326222841,51
1431,2,2239,1146,1093,0,0,0,1.0,1,1.0,1,1.0,1,0.17787471325782483,51
1432,4,2243,1148,1095,0,0,0,1.0,1,1.0,1,1.0,1,0.19610922888538274,52
1433,2,2245,1148,1097,0,0,0,1.0,1,1.0,1,1.0,1,0.15734342959807768,52
1434,3,2248,1150,1098,0,0,0,1.0,1,1.0,1,1.0,1,0.18652748024503346,52
1435,2,2250,1151,1099,0,0,0,1.0,1,1.0,1,1.0,1,0.17717723276426392,50
1436,2,2252,1153,1099,0,0,0,1.0,1,1.0,1,1.0,1,0.21015104946938773,50
1437,2,2254,1154,1100,0,0,0,1.0,1,1.0,1,1.0,1,0.22253132637033946,49
1438,3,2257,1155,1102,0,0,0,1.0,1,1.0,1,1.0,1,0.2188147422064739,49
1439,5,2262,1158,1104,0,0,0,1.0,1,1.0,1,1.0,1,0.22896954687368837,50
1440,2,2264,1160,1104,0,0,0,1.0,1,1.0,1,1.0,1,0.25788063884512985,50
1441,2,2266,1161,1105,0,0,0,1.0,1,1.0,1,1.0,1,0.2526470750500101,51
1442,1,2267,1161,1106,0,0,0,1.0,1,1.0,1,1.0,1,0.24856017277195583,50
1443,3,2270,1161,1109,0,0,0,1.0,1,1.0,1,1.0,1,0.21794499291077113,51
1444,0,2270,1161,1109,0,0,0,1.0,1,1.0,1,1.0,1,0.21794499291077113,51
1445,0,2270,1161,1109,0,0,0,1.0,1,1.0,1,1.0,1,0.21794499291077113,51
1446,1,2271,1161,1110,0,0,0,1.0,1,1.0,1,1.0,1,0.20542268926147275,51
1447,1,2272,1161,1111,0,0,0,1.0,1,1.0,1,1.0,1,0.1926889830605061,51
1448,0,2272,1161,1111,0,0,0,1.0,1,1.0,1,1.0,1,0.1926889830605061,51
1449,0,2272,1161,1111,0,0,0,1.0,1,1.0,1,1.0,1,0.1926889830605061,51
1450,0,2272,1161,1111,0,0,0,1.0,1,1.0,1,1.0,1,0.18481321944384305,52
1451,1,2273,1162,1111,0,0,0,1.0,1,1.0,1,1.0,1,0.1969189659555462,54
1452,2,2275,1162,1113,0,0,0,1.0,1,1.0,1,1.0,1,0.20650768350221746,56
1453,3,2278,1163,1115,0,0,0,1.0,1,1.0,1,1.0,1,0.1764743170494784,56
1454,2,2280,1163,1117,0,0,0,1.0,1,1.0,1,1.0,1,0.1780707652742253,58
1455,1,2281,1164,1117,0,0,0,1.0,1,1.0,1,1.0,1,0.20099453467035727,55
1456,5,2286,1165,1121,0,0,0,1.0,1,1.0,1,1.0,1,0.18031573481309932,56
1457,1,2287,1166,1121,0,0,0,1.0,1,1.0,1,1.0,1,0.22546119388311783,54
1458,1,2288,1167,1121,0,0,0,1.0,1,1.0,1,1.0,1,0.23941421168016902,52
1459,3,2291,1168,1123,0,0,0,1.0,1,1.0,1,1.0,1,0.2161571621119688,52
1460,0,2291,1168,1123,0,0,0,1.0,1,1.0,1,1.0,1,0.20377457948097144,50
1461,2,2293,1170,1123,0,0,0,1.0,1,1.0,1,1.0,1,0.21697247758080637,53
1462,4,2297,1174,1123,0,0,0,1.0,1,1.0,1,1.0,1,0.24700399537955411,51
1463,3,2300,1176,1124,0,0,0,1.0,1,1.0,1,1.0,1,0.24748550995850116,51
1464,2,2302,1178,1124,0,0,0,1.0,1,1.0,1,1.0,1,0.2953238812163057,51
1465,1,2303,1178,1125,0,0,0,1.0,1,1.0,1,1.0,1,0.2903061238093557,49
1466,6,2309,1181,1128,0,0,0,1.0,1,1.0,1,1.0,1,0.25123089509993307,49
1467,4,2313,1183,1130,0,0,0,1.0,1,1.0,1,1.0,1,0.25887469413201236,47
1468,1,2314,1183,1131,0,0,0,1.0,1,1.0,1,1.0,1,0.22796670672957572,48
1469,2,2316,1185,1131,0,0,0,1.0,1,1.0,1,1.0,1,0.266971522238661,47
1470,0,2316,1185,1131,0,0,0,1.0,1,1.0,1,1.0,1,0.24472779046135779,49
1471,3,2319,1185,1134,0,0,0,1.0,1,1.0,1,1.0,1,0.21325199268801115,48
1472,1,2320,1185,1135,0,0,0,1.0,1,1.0,1,1.0,1,0.18600422937055366,48
1473,0,2320,1185,1135,0,0,0,1.0,1,1.0,1,1.0,1,0.19714796458163836,49
1474,0,2320,1185,1135,0,0,0,1.0,1,1.0,1,1.0,1,0.19714796458163836,49
1475,0,2320,1185,1135,0,0,0,1.0,1,1.0,1,1.0,1,0.19714796458163836,49
1476,4,2324,1186,1138,0,0,0,1.0,1,1.0,1,1.0,1,0.173613114427598,51
1477,1,2325,1186,1139,0,0,0,1.0,1,1.0,1,1.0,1,0.15318665108534707,51
1478,0,2325,1186,1139,0,0,0,1.0,1,1.0,1,1.0,1,0.1374446709492604,52
1479,1,2326,1186,1140,0,0,0,1.0,1,1.0,1,1.0,1,0.14283493699392175,53
1480,1,2327,1187,1140,0,0,0,1.0,1,1.0,1,1.0,1,0.1604051756845391,53
1481,0,2327,1187,1140,0,0,0,1.0,1,1.0,1,1.0,1,0.1604051756845391,53
1482,2,2329,1188,1141,0,0,0,1.0,1,1.0,1,1.0,1,0.19538219396028284,52
1483,1,2330,1188,1142,0,0,0,1.0,1,1.0,1,1.0,1,0.17776568406399856,52
1484,1,2331,1189,1142,0,0,0,1.0,1,1.0,1,1.0,1,0.19415792728706469,53
1485,1,2332,1189,1143,0,0,0,1.0,1,1.0,1,1.0,1,0.18100990314298124,53
1486,4,2336,1189,1147,0,0,0,1.0,1,1.0,1,1.0,1,0.16433172735484028,54
1487,0,2336,1189,1147,0,0,0,1.0,1,1.0,1,1.0,1,0.17406623397970297,55
1488,1,2337,1189,1148,0,0,0,1.0,1,1.0,1,1.0,1,0.18233836692102642,57
1489,3,2340,1192,1148,0,0,0,1.0,1,1.0,1,1.0,1,0.18613009046138057,58
1490,1,2341,1192,1149,0,0,0,1.0,1,1.0,1,1.0,1,0.167339486662626,58
1491,1,2342,1193,1149,0,0,0,1.0,1,1.0,1,1.0,1,0.1802841693148087,59
1492,4,2346,1194,1152,0,0,0,1.0,1,1.0,1,1.0,1,0.18469368929281543,59
1493,0,2346,1194,1152,0,0,0,1.0,1,1.0,1,1.0,1,0.17174512818819526,58
1494,1,2347,1195,1152,0,0,0,1.0,1,1.0,1,1.0,1,0.20256894000528275,58
1495,3,2350,1196,1154,0,0,0,1.0,1,1.0,1,1.0,1,0.21379102574752532,57
1496,1,2351,1196,1155,0,0,0,1.0,1,1.0,1,1.0,1,0.19463720357034248,59
1497,1,2352,1197,1155,0,0,0,1.0,1,1.0,1,1.0,1,0.2282198836651697,58
1498,1,2353,1198,1155,0,0,0,1.0,1,1.0,1,1.0,1,0.25025104403081444,58
1499,1,2354,1198,1156,0,0,0,1.0,1,1.0,1,1.0,1,0.21907734665328282,56
1500,2,2356,1200,1156,0,0,0,1.0,1,1.0,1,1.0,1,0.23120609249954788,57
1501,2,2358,1202,1156,0,0,0,1.0,1,1.0,1,1.0,1,0.22245002423687094,55
1502,2,2360,1204,1156,0,0,0,1.0,1,1.0,1,1.0,1,0.2575261662991827,55
1503,2,2362,1205,1157,0,0,0,1.0,1,1.0,1,1.0,1,0.2441720378877917,54
1504,3,2365,1206,1159,0,0,0,1.0,1,1.0,1,1.0,1,0.2082976832365328,55
1505,2,2367,1207,1160,0,0,0,1.0,1,1.0,1,1.0,1,0.19124837806188433,53
1506,3,2370,1208,1162,0,0,0,1.0,1,1.0,1,1.0,1,0.20337014919608182,55
1507,4,2374,1208,1166,0,0,0,1.0,1,1.0,1,1.0,1,0.1699320164938851,53
1508,3,2377,1211,1166,0,0,0,1.0,1,1.0,1,1.0,1,0.21130987397770842,53
1509,0,2377,1211,1166,0,0,0,1.0,1,1.0,1,1.0,1,0.1893598496545252,52
1510,2,2379,1212,1167,0,0,0,1.0,1,1.0,1,1.0,1,0.19544142774182582,50
1511,2,2381,1214,1167,0,0,0,1.0,1,1.0,1,1.0,1,0.2109127442347689,49
1512,3,2384,1217,1167,0,0,0,1.0,1,1.0,1,1.0,1,0.25482845291789713,48
1513,4,2388,1217,1171,0,0,0,1.0,1,1.0,1,1.0,1,0.2200764694970224,47
1514,1,2389,1218,1171,0,0,0,1.0,1,1.0,1,1.0,1,0.18336069917969391,48
1515,2,2391,1219,1172,0,0,0,1.0,1,1.0,1,1.0,1,0.1818570465898798,48
1516,1,2392,1219,1173,0,0,0,1.0,1,1.0,1,1.0,1,0.16547091292388633,47
1517,2,2394,1219,1175,0,0,0,1.0,1,1.0,1,1.0,1,0.14257607340512002,48
1518,0,2394,1219,1175,0,0,0,1.0,1,1.0,1,1.0,1,0.14257607340512002,48
1519,0,2394,1219,1175,0,0,0,1.0,1,1.0,1,1.0,1,0.1538281263671667,47
1520,4,2398,1222,1176,0,0,0,1.0,1,1.0,1,1.0,1,0.2026735827355401,48
1521,2,2400,1222,1178,0,0,0,1.0,1,1.0,1,1.0,1,0.1794147176830254,49
1522,1,2401,1223,1178,0,0,0,1.0,1,1.0,1,1.0,1,0.1972163698593586,48
1523,0,2401,1223,1178,0,0,0,1.0,1,1.0,1,1.0,1,0.21121031653019426,49
1524,2,2403,1224,1179,0,0,0,1.0,1,1.0,1,1.0,1,0.19632808936078147,49
1525,2,2405,1225,1180,0,0,0,1.0,1,1.0,1,1.0,1,0.22644652344117505,51
1526,0,2405,1225,1180,0,0,0,1.0,1,1.0,1,1.0,1,0.21279693451158205,52
1527,1,2406,1225,1181,0,0,0,1.0,1,1.0,1,1.0,1,0.22105745097004134,54
1528,1,2407,1225,1182,0,0,0,1.0,1,1.0,1,1.0,1,0.21470465193008398,54
1529,0,2407,1225,1182,0,0,0,1.0,1,1.0,1,1.0,1,0.21470465193008398,54
1530,0,2407,1225,1182,0,0,0,1.0,1,1.0,1,1.0,1,0.23332580125506394,54
1531,1,2408,1225,1183,0,0,0,1.0,1,1.0,1,1.0,1,0.2245204377348102,54
1532,1,2409,1226,1183,0,0,0,1.0,1,1.0,1,1.0,1,0.2354700120745886,54
1533,1,2410,1226,1184,0,0,0,1.0,1,1.0,1,1.0,1,0.2231081108821546,54
1534,3,2413,1227,1186,0,0,0,1.0,1,1.0,1,1.0,1,0.19526643214200437,54
1535,0,2413,1227,1186,0,0,0,1.0,1,1.0,1,1.0,1,0.19526643214200437,54
1536,0,2413,1227,1186,0,0,0,1.0,1,1.0,1,1.0,1,0.20021878021970835,55
1537,2,2415,1227,1188,0,0,0,1.0,1,1.0,1,1.0,1,0.2042787486602225,53
1538,2,2417,1228,1189,0,0,0,1.0,1,1.0,1,1.0,1,0.21129101693960942,54
1539,1,2418,1228,1190,0,0,0,1.0,1,1.0,1,1.0,1,0.23267932617995016,54
1540,3,2421,1229,1192,0,0,0,1.0,1,1.0,1,1.0,1,0.2120289295187869,54
1541,1,2422,1229,1193,0,0,0,1.0,1,1.0,1,1.0,1,0.20380393798363844,54
1542,1,2423,1229,1194,0,0,0,1.0,1,1.0,1,1.0,1,0.21344648593010704,57
1543,3,2426,1230,1196,0,0,0,1.0,1,1.0,1,1.0,1,0.17315887166305882,55
1544,6,2432,1234,1198,0,0,0,1.0,1,1.0,1,1.0,1,0.22403498134924277,54
1545,5,2437,1235,1202,0,0,0,1.0,1,1.0,1,1.0,1,0.17769392392950628,54
1546,4,2441,1238,1203,0,0,0,1.0,1,1.0,1,1.0,1,0.1751205744229147,53
1547,4,2445,1241,1204,0,0,0,1.0,1,1.0,1,1.0,1,0.18537139501834884,53
1548,5,2450,1245,1205,0,0,0,1.0,1,1.0,1,1.0,1,0.15903782088422258,54
1549,1,2451,1246,1205,0,0,0,1.0,1,1.0,1,1.0,1,0.14570256813749274,52
1550,5,2456,1250,1206,0,0,0,1.0,1,1.0,1,1.0,1,0.158503842906043,52
1551,6,2462,1253,1209,0,0,0,1.0,1,1.0,1,1.0,1,0.16022636480806354,52
1552,4,2466,1256,1210,0,0,0,1.0,1,1.0,1,1.0,1,0.19338229538821036,51
1553,8,2474,1259,1215,0,0,0,1.0,1,1.0,1,1.0,1,0.1828308932935943,51
1554,4,2478,1262,1216,0,0,0,1.0,1,1.0,1,1.0,1,0.17028448495136905,51
1555,4,2482,1263,1219,0,0,0,1.0,1,1.0,1,1.0,1,0.11649856206036882,50
1556,1,2483,1264,1219,0,0,0,1.0,1,1.0,1,1.0,1,0.1527128724481563,51
1557,2,2485,1265,1220,0,0,0,1.0,1,1.0,1,1.0,1,0.15260575778614233,51
1558,1,2486,1266,1220,0,0,0,1.0,1,1.0,1,1.0,1,0.16591417424660673,52
1559,1,2487,1267,1220,0,0,0,1.0,1,1.0,1,1.0,1,0.19958967023102178,53
1560,2,2489,1268,1221,0,0,0,1.0,1,1.0,1,1.0,1,0.13858857134087388,51
1561,0,2489,1268,1221,0,0,0,1.0,1,1.0,1,1.0,1,0.13858857134087388,51
1562,0,2489,1268,1221,0,0,0,1.0,1,1.0,1,1.0,1,0.14813909206537781,52
1563,0,2489,1268,1221,0,0,0,1.0,1,1.0,1,1.0,1,0.14813909206537781,52
1564,0,2489,1268,1221,0,0,0,1.0,1,1.0,1,1.0,1,0.16896033101756608,51
1565,1,2490,1269,1221,0,0,0,1.0,1,1.0,1,1.0,1,0.17334405697209304,53
1566,1,2491,1269,1222,0,0,0,1.0,1,1.0,1,1.0,1,0.1889387507026598,53
1567,2,2493,1269,1224,0,0,0,1.0,1,1.0,1,1.0,1,0.16576385110627814,52
1568,0,2493,1269,1224,0,0,0,1.0,1,1.0,1,1.0,1,0.16576385110627814,52
1569,4,2497,1271,1226,0,0,0,1.0,1,1.0,1,1.0,1,0.19510811718734028,49
1570,1,2498,1271,1227,0,0,0,1.0,1,1.0,1,1.0,1,0.19777987287443613,48
1571,1,2499,1272,1227,0,0,0,1.0,1,1.0,1,1.0,1,0.22434415764177465,46
1572,4,2503,1275,1228,0,0,0,1.0,1,1.0,1,1.0,1,0.1997640694021002,47
1573,2,2505,1275,1230,0,0,0,1.0,1,1.0,1,1.0,1,0.16072787851845866,48
1574,2,2507,1277,1230,0,0,0,1.0,1,1.0,1,1.0,1,0.233633429866542,46
1575,2,2509,1279,1230,0,0,0,1.0,1,1.0,1,1.0,1,0.2794371444633228,47
1576,5,2514,1283,1231,0,0,0,1.0,1,1.0,1,1.0,1,0.27942873868767587,46
1577,4,2518,1283,1235,0,0,0,1.0,1,1.0,1,1.0,1,0.17772732795707372,45
1578,0,2518,1283,1235,0,0,0,1.0,1,1.0,1,1.0,1,0.18237218240987121,44
1579,1,2519,1283,1236,0,0,0,1.0,1,1.0,1,1.0,1,0.1760428282714694,43
1580,1,2520,1284,1236,0,0,0,1.0,1,1.0,1,1.0,1,0.18451546351436393,43
1581,0,2520,1284,1236,0,0,0,1.0,1,1.0,1,1.0,1,0.23757121700413605,42
1582,2,2522,1285,1237,0,0,0,1.0,1,1.0,1,1.0,1,0.22752030341297935,42
1583,5,2527,1287,1240,0,0,0,1.0,1,1.0,1,1.0,1,0.18079403612904715,43
1584,2,2529,1288,1241,0,0,0,1.0,1,1.0,1,1.0,1,0.11335625466335689,41
1585,1,2530,1289,1241,0,0,0,1.0,1,1.0,1,1.0,1,0.1214973832404184,43
1586,2,2532,1291,1241,0,0,0,1.0,1,1.0,1,1.0,1,0.1364338091675121,42
1587,2,2534,1293,1241,0,0,0,1.0,1,1.0,1,1.0,1,0.1414793874325122,42
1588,3,2537,1296,1241,0,0,0,1.0,1,1.0,1,1.0,1,0.24321368144328973,42
1589,2,2539,1296,1243,0,0,0,1.0,1,1.0,1,1.0,1,0.19077640913718358,42
1590,0,2539,1296,1243,0,0,0,1.0,1,1.0,1,1.0,1,0.222711225701633,41
1591,0,2539,1296,1243,0,0,0,1.0,1,1.0,1,1.0,1,0.23857219613727154,40
1592,4,2543,1297,1246,0,0,0,1.0,1,1.0,1,1.0,1,0.18581110372671053,39
1593,2,2545,1299,1246,0,0,0,1.0,1,1.0,1,1.0,1,0.22073111389450326,39
1594,1,2546,1299,1247,0,0,0,1.0,1,1.0,1,1.0,1,0.20472430804544656,39
1595,2,2548,1300,1248,0,0,0,1.0,1,1.0,1,1.0,1,0.2502366993817175,42
1596,1,2549,1300,1249,0,0,0,1.0,1,1.0,1,1.0,1,0.2549639459685389,41
1597,2,2551,1300,1251,0,0,0,1.0,1,1.0,1,1.0,1,0.21142294394962444,41
1598,1,2552,1300,1252,0,0,0,1.0,1,1.0,1,1.0,1,0.2148902497524776,39
1599,1,2553,1301,1252,0,0,0,1.0,1,1.0,1,1.0,1,0.19409349064922718,39
1600,2,2555,1302,1253,0,0,0,1.0,1,1.0,1,1.0,1,0.2187860807372849,40
1601,3,2558,1304,1254,0,0,0,1.0,1,1.0,1,1.0,1,0.2620658300943872,41
1602,1,2559,1305,1254,0,0,0,1.0,1,1.0,1,1.0,1,0.2691457114051756,41
1603,5,2564,1306,1258,0,0,0,1.0,1,1.0,1,1.0,1,0.25016141337278885,43
1604,0,2564,1306,1258,0,0,0,1.0,1,1.0,1,1.0,1,0.25016141337278885,43
1605,2,2566,1307,1259,0,0,0,1.0,1,1.0,1,1.0,1,0.2617854522677882,44
1606,4,2570,1309,1261,0,0,0,1.0,1,1.0,1,1.0,1,0.23056685766528057,44
1607,1,2571,1310,1261,0,0,0,1.0,1,1.0,1,1.0,1,0.2393361897292586,42
1608,2,2573,1312,1261,0,0,0,1.0,1,1.0,1,1.0,1,0.25824900329633826,41
1609,1,2574,1312,1262,0,0,0,1.0,1,1.0,1,1.0,1,0.207905800859619,39
1610,2,2576,1313,1263,0,0,0,1.0,1,1.0,1,1.0,1,0.19445316954036027,39
1611,0,2576,1313,1263,0,0,0,1.0,1,1.0,1,1.0,1,0.1985025379221131,40
1612,0,2576,1313,1263,0,0,0,1.0,1,1.0,1,1.0,1,0.19273917225700596,39
1613,1,2577,1313,1264,0,0,0,1.0,1,1.0,1,1.0,1,0.18362821064422646,41
1614,0,2577,1313,1264,0,0,0,1.0,1,1.0,1,1.0,1,0.18362821064422646,41
1615,0,2577,1313,1264,0,0,0,1.0,1,1.0,1,1.0,1,0.18362821064422646,41
1616,1,2578,1314,1264,0,0,0,1.0,1,1.0,1,1.0,1,0.1751138205561064,43
1617,1,2579,1315,1264,0,0,0,1.0,1,1.0,1,1.0,1,0.20889624768935858,44
1618,1,2580,1316,1264,0,0,0,1.0,1,1.0,1,1.0,1,0.2054547532018897,44
1619,1,2581,1317,1264,0,0,0,1.0,1,1.0,1,1.0,1,0.24955450323055148,44
1620,2,2583,1318,1265,0,0,0,1.0,1,1.0,1,1.0,1,0.2714889906362139,45
1621,2,2585,1318,1267,0,0,0,1.0,1,1.0,1,1.0,1,0.2627228884272321,44
1622,2,2587,1320,1267,0,0,0,1.0,1,1.0,1,1.0,1,0.30381994708838717,44
1623,1,2588,1320,1268,0,0,0,1.0,1,1.0,1,1.0,1,0.29174494993920974,43
1624,2,2590,1321,1269,0,0,0,1.0,1,1.0,1,1.0,1,0.2769093024579877,43
1625,3,2593,1323,1270,0,0,0,1.0,1,1.0,1,1.0,1,0.31506065379186793,43
1626,1,2594,1323,1271,0,0,0,1.0,1,1.0,1,1.0,1,0.28057181033928025,42
1627,1,2595,1324,1271,0,0,0,1.0,1,1.0,1,1.0,1,0.29883282222510893,42
1628,3,2598,1326,1272,0,0,0,1.0,1,1.0,1,1.0,1,0.3419969167227123,42
1629,0,2598,1326,1272,0,0,0,1.0,1,1.0,1,1.0,1,0.3327750549654191,41
1630,4,2602,1328,1274,0,0,0,1.0,1,1.0,1,1.0,1,0.3507228131256151,41
1631,3,2605,1328,1277,0,0,0,1.0,1,1.0,1,1.0,1,0.2692917773734104,40
1632,0,2605,1328,1277,0,0,0,1.0,1,1.0,1,1.0,1,0.26068975202418787,39
1633,1,2606,1328,1278,0,0,0,1.0,1,1.0,1,1.0,1,0.23818531158309236,39
1634,0,2606,1328,1278,0,0,0,1.0,1,1.0,1,1.0,1,0.23818531158309236,39
1635,0,2606,1328,1278,0,0,0,1.0,1,1.0,1,1.0,1,0.24499254913387186,40
1636,2,2608,1329,1279,0,0,0,1.0,1,1.0,1,1.0,1,0.24664998583761924,41
1637,2,2610,1329,1281,0,0,0,1.0,1,1.0,1,1.0,1,0.2284224826236725,41
1638,2,2612,1330,1282,0,0,0,1.0,1,1.0,1,1.0,1,0.2398035615397137,42
1639,1,2613,1331,1282,0,0,0,1.0,1,1.0,1,1.0,1,0.23714919693929373,43
1640,0,2613,1331,1282,0,0,0,1.0,1,1.0,1,1.0,1,0.23714919693929373,43
1641,1,2614,1331,1283,0,0,0,1.0,1,1.0,1,1.0,1,0.22950665203374762,44
1642,5,2619,1335,1284,0,0,0,1.0,1,1.0,1,1.0,1,0.27732304703590527,45
1643,5,2624,1337,1287,0,0,0,1.0,1,1.0,1,1.0,1,0.228783427051644,44
1644,4,2628,1340,1288,0,0,0,1.0,1,1.0,1,1.0,1,0.24147409652919713,45
1645,1,2629,1340,1289,0,0,0,1.0,1,1.0,1,1.0,1,0.22263387442564136,44
1646,1,2630,1341,1289,0,0,0,1.0,1,1.0,1,1.0,1,0.23899504789121084,43
1647,6,2636,1343,1293,0,0,0,1.0,1,1.0,1,1.0,1,0.19764045325816051,43
1648,0,2636,1343,1293,0,0,0,1.0,1,1.0,1,1.0,1,0.22530577836355858,42
1649,0,2636,1343,1293,0,0,0,1.0,1,1.0,1,1.0,1,0.2561717769842888,41
1650,0,2636,1343,1293,0,0,0,1.0,1,1.0,1,1.0,1,0.2561717769842888,41
1651,1,2637,1344,1293,0,0,0,1.0,1,1.0,1,1.0,1,0.26605445524360904,40
1652,0,2637,1344,1293,0,0,0,1.0,1,1.0,1,1.0,1,0.28042973263064797,39
1653,1,2638,1344,1294,0,0,0,1.0,1,1.0,1,1.0,1,0.31141257115819543,39
1654,0,2638,1344,1294,0,0,0,1.0,1,1.0,1,1.0,1,0.31141257115819543,39
1655,3,2641,1346,1295,0,0,0,1.0,1,1.0,1,1.0,1,0.3203292496022949,40
1656,2,2643,1346,1297,0,0,0,1.0,1,1.0,1,1.0,1,0.2966435233693785,40
1657,2,2645,1346,1299,0,0,0,1.0,1,1.0,1,1.0,1,0.22738433291161575,40
1658,4,2649,1346,1303,0,0,0,1.0,1,1.0,1,1.0,1,0.1100364758119248,40
1659,2,2651,1347,1304,0,0,0,1.0,1,1.0,1,1.0,1,0.13518534557824832,40
1660,0,2651,1347,1304,0,0,0,1.0,1,1.0,1,1.0,1,0.15024558522441941,41
1661,2,2653,1349,1304,0,0,0,1.0,1,1.0,1,1.0,1,0.18750964190652122,42
1662,2,2655,1350,1305,0,0,0,1.0,1,1.0,1,1.0,1,0.18981726883472771,44
1663,6,2661,1353,1308,0,0,0,1.0,1,1.0,1,1.0,1,0.18428674085623922,43
1664,5,2666,1356,1310,0,0,0,1.0,1,1.0,1,1.0,1,0.20964758168380349,42
1665,2,2668,1357,1311,0,0,0,1.0,1,1.0,1,1.0,1,0.20763031899474066,42
1666,4,2672,1360,1312,0,0,0,1.0,1,1.0,1,1.0,1,0.26835922536680734,43
1667,3,2675,1362,1313,0,0,0,1.0,1,1.0,1,1.0,1,0.2442968729356636,40
1668,2,2677,1362,1315,0,0,0,1.0,1,1.0,1,1.0,1,0.19673830295035147,40
1669,1,2678,1363,1315,0,0,0,1.0,1,1.0,1,1.0,1,0.18534044284818615,40
1670,1,2679,1364,1315,0,0,0,1.0,1,1.0,1,1.0,1,0.19404839888651523,39
1671,1,2680,1364,1316,0,0,0,1.0,1,1.0,1,1.0,1,0.19003006683600765,39
1672,2,2682,1366,1316,0,0,0,1.0,1,1.0,1,1.0,1,0.2010778045988081,38
1673,1,2683,1367,1316,0,0,0,1.0,1,1.0,1,1.0,1,0.20343175461118193,38
1674,2,2685,1368,1317,0,0,0,1.0,1,1.0,1,1.0,1,0.16760742174887744,38
1675,1,2686,1369,1317,0,0,0,1.0,1,1.0,1,1.0,1,0.17390519553908707,39
1676,0,2686,1369,1317,0,0,0,1.0,1,1.0,1,1.0,1,0.17931528999359672,39
1677,0,2686,1369,1317,0,0,0,1.0,1,1.0,1,1.0,1,0.18301265458598337,40
1678,0,2686,1369,1317,0,0,0,1.0,1,1.0,1,1.0,1,0.181198024491102,39
1679,0,2686,1369,1317,0,0,0,1.0,1,1.0,1,1.0,1,0.181198024491102,39
1680,0,2686,1369,1317,0,0,0,1.0,1,1.0,1,1.0,1,0.19954688034058257,40
1681,0,2686,1369,1317,0,0,0,1.0,1,1.0,1,1.0,1,0.19959126063386162,41
1682,0,2686,1369,1317,0,0,0,1.0,1,1.0,1,1.0,1,0.18498052000597603,40
1683,5,2691,1373,1318,0,0,0,1.0,1,1.0,1,1.0,1,0.25126334383648796,43
1684,4,2695,1375,1320,0,0,0,1.0,1,1.0,1,1.0,1,0.2550584254694113,42
1685,4,2699,1377,1322,0,0,0,1.0,1,1.0,1,1.0,1,0.2369159685135124,41
1686,0,2699,1377,1322,0,0,0,1.0,1,1.0,1,1.0,1,0.2886880821461334,39
1687,2,2701,1378,1323,0,0,0,1.0,1,1.0,1,1.0,1,0.24571286546482218,41
1688,1,2702,1379,1323,0,0,0,1.0,1,1.0,1,1.0,1,0.24179255797643923,39
1689,2,2704,1381,1323,0,0,0,1.0,1,1.0,1,1.0,1,0.26081105319653786,37
1690,3,2707,1382,1325,0,0,0,1.0,1,1.0,1,1.0,1,0.25948398343401896,36
1691,7,2714,1386,1328,0,0,0,1.0,1,1.0,1,1.0,1,0.2829028973369333,36
1692,0,2714,1386,1328,0,0,0,1.0,1,1.0,1,1.0,1,0.2538744655527754,34
1693,1,2715,1387,1328,0,0,0,1.0,1,1.0,1,1.0,1,0.249106339683598,33
1694,0,2715,1387,1328,0,0,0,1.0,1,1.0,1,1.0,1,0.2569151415063925,32
1695,0,2715,1387,1328,0,0,0,1.0,1,1.0,1,1.0,1,0.24396888117214477,32
1696,1,2716,1387,1329,0,0,0,1.0,1,1.0,1,1.0,1,0.2507274632528761,34
1697,1,2717,1388,1329,0,0,0,1.0,1,1.0,1,1.0,1,0.2705799894122293,34
1698,3,2720,1391,1329,0,0,0,1.0,1,1.0,1,1.0,1,0.27923466760142157,36
1699,3,2723,1393,1330,0,0,0,1.0,1,1.0,1,1.0,1,0.315232324311818,36
1700,0,2723,1393,1330,0,0,0,1.0,1,1.0,1,1.0,1,0.3352576175809166,37
1701,3,2726,1394,1332,0,0,0,1.0,1,1.0,1,1.0,1,0.3347605041299301,39
1702,4,2730,1396,1334,0,0,0,1.0,1,1.0,1,1.0,1,0.3441055703665759,39
1703,0,2730,1396,1334,0,0,0,1.0,1,1.0,1,1.0,1,0.3361609637710974,38
1704,4,2734,1400,1334,0,0,0,1.0,1,1.0,1,1.0,1,0.3430667464515003,38
1705,2,2736,1400,1336,0,0,0,1.0,1,1.0,1,1.0,1,0.28955979145408833,37
1706,1,2737,1401,1336,0,0,0,1.0,1,1.0,1,1.0,1,0.2994125059135251,37
1707,3,2740,1403,1337,0,0,0,1.0,1,1.0,1,1.0,1,0.2889948439741898,36
1708,0,2740,1403,1337,0,0,0,1.0,1,1.0,1,1.0,1,0.2699909066688665,34
1709,1,2741,1404,1337,0,0,0,1.0,1,1.0,1,1.0,1,0.2977596208289998,34
1710,2,2743,1405,1338,0,0,0,1.0,1,1.0,1,1.0,1,0.3195146914216606,33
1711,2,2745,1405,1340,0,0,0,1.0,1,1.0,1,1.0,1,0.2818860950689467,32
1712,1,2746,1406,1340,0,0,0,1.0,1,1.0,1,1.0,1,0.3293570382836415,31
1713,1,2747,1406,1341,0,0,0,1.0,1,1.0,1,1.0,1,0.3208856818690778,32
1714,0,2747,1406,1341,0,0,0,1.0,1,1.0,1,1.0,1,0.3208856818690778,32
1715,1,2748,1406,1342,0,0,0,1.0,1,1.0,1,1.0,1,0.30180073424045845,32
1716,2,2750,1406,1344,0,0,0,1.0,1,1.0,1,1.0,1,0.2557789585264556,34
1717,0,2750,1406,1344,0,0,0,1.0,1,1.0,1,1.0,1,0.2557789585264556,34
1718,0,2750,1406,1344,0,0,0,1.0,1,1.0,1,1.0,1,0.2700208821068658,34
1719,1,2751,1407,1344,0,0,0,1.0,1,1.0,1,1.0,1,0.2920527900051074,34
1720,0,2751,1407,1344,0,0,0,1.0,1,1.0,1,1.0,1,0.27900020573299833,34
1721,2,2753,1408,1345,0,0,0,1.0,1,1.0,1,1.0,1,0.2588291780395372,35
1722,0,2753,1408,1345,0,0,0,1.0,1,1.0,1,1.0,1,0.2771896321253927,35
1723,0,2753,1408,1345,0,0,0,1.0,1,1.0,1,1.0,1,0.29675741961165714,34
1724,1,2754,1409,1345,0,0,0,1.0,1,1.0,1,1.0,1,0.23672162163752852,33
1725,1,2755,1410,1345,0,0,0,1.0,1,1.0,1,1.0,1,0.3034589491858494,35
1726,0,2755,1410,1345,0,0,0,1.0,1,1.0,1,1.0,1,0.3013588861556698,34
1727,1,2756,1411,1345,0,0,0,1.0,1,1.0,1,1.0,1,0.33495369659423874,34
1728,2,2758,1411,1347,0,0,0,1.0,1,1.0,1,1.0,1,0.27867638174093895,35
1729,1,2759,1412,1347,0,0,0,1.0,1,1.0,1,1.0,1,0.30961489536350445,35
1730,1,2760,1413,1347,0,0,0,1.0,1,1.0,1,1.0,1,0.32353851410075346,35
1731,1,2761,1414,1347,0,0,0,1.0,1,1.0,1,1.0,1,0.36939265929951054,35
1732,1,2762,1414,1348,0,0,0,1.0,1,1.0,1,1.0,1,0.361199850711115,35
1733,3,2765,1414,1351,0,0,0,1.0,1,1.0,1,1.0,1,0.3172829966096227,33
1734,2,2767,1416,1351,0,0,0,1.0,1,1.0,1,1.0,1,0.3623355375955659,34
1735,3,2770,1416,1354,0,0,0,1.0,1,1.0,1,1.0,1,0.27271417115827157,33
1736,3,2773,1418,1355,0,0,0,1.0,1,1.0,1,1.0,1,0.27563803775991846,33
1737,2,2775,1418,1357,0,0,0,1.0,1,1.0,1,1.0,1,0.22606769654016473,35
1738,2,2777,1419,1358,0,0,0,1.0,1,1.0,1,1.0,1,0.2130451930814866,36
1739,2,2779,1421,1358,0,0,0,1.0,1,1.0,1,1.0,1,0.24481120258138392,36
1740,2,2781,1422,1359,0,0,0,1.0,1,1.0,1,1.0,1,0.2688880440498002,37
1741,1,2782,1422,1360,0,0,0,1.0,1,1.0,1,1.0,1,0.24234295531433578,36
1742,1,2783,1423,1360,0,0,0,1.0,1,1.0,1,1.0,1,0.2152446162763833,36
1743,2,2785,1424,1361,0,0,0,1.0,1,1.0,1,1.0,1,0.19163633546931394,37
1744,1,2786,1424,1362,0,0,0,1.0,1,1.0,1,1.0,1,0.1943711722614891,37
1745,6,2792,1428,1364,0,0,0,1.0,1,1.0,1,1.0,1,0.24179032806696166,38
1746,1,2793,1429,1364,0,0,0,1.0,1,1.0,1,1.0,1,0.23677997088133354,38
1747,2,2795,1429,1366,0,0,0,1.0,1,1.0,1,1.0,1,0.1916531805090716,37
1748,1,2796,1429,1367,0,0,0,1.0,1,1.0,1,1.0,1,0.19246574151150264,38
1749,3,2799,1431,1368,0,0,0,1.0,1,1.0,1,1.0,1,0.19242207589046628,38
1750,2,2801,1431,1370,0,0,0,1.0,1,1.0,1,1.0,1,0.17465952009991045,39
1751,1,2802,1432,1370,0,0,0,1.0,1,1.0,1,1.0,1,0.17101587266940982,41
1752,0,2802,1432,1370,0,0,0,1.0,1,1.0,1,1.0,1,0.17101587266940982,41
1753,2,2804,1433,1371,0,0,0,1.0,1,1.0,1,1.0,1,0.178404032372969,41
1754,1,2805,1434,1371,0,0,0,1.0,1,1.0,1,1.0,1,0.19084894063155008,40
1755,1,2806,1435,1371,0,0,0,1.0,1,1.0,1,1.0,1,0.21381884192040296,41
1756,0,2806,1435,1371,0,0,0,1.0,1,1.0,1,1.0,1,0.23463781295594519,41
1757,0,2806,1435,1371,0,0,0,1.0,1,1.0,1,1.0,1,0.23882254857691224,40
1758,2,2808,1436,1372,0,0,0,1.0,1,1.0,1,1.0,1,0.2612966274978179,41
1759,3,2811,1438,1373,0,0,0,1.0,1,1.0,1,1.0,1,0.32594809884655,38
1760,3,2814,1439,1375,0,0,0,1.0,1,1.0,1,1.0,1,0.3449260342447282,38
1761,2,2816,1440,1376,0,0,0,1.0,1,1.0,1,1.0,1,0.3367695264114008,37
1762,4,2820,1441,1379,0,0,0,1.0,1,1.0,1,1.0,1,0.32152247623208885,37
1763,1,2821,1442,1379,0,0,0,1.0,1,1.0,1,1.0,1,0.30654492173284753,37
1764,2,2823,1443,1380,0,0,0,1.0,1,1.0,1,1.0,1,0.27663948562582114,36
1765,2,2825,1445,1380,0,0,0,1.0,1,1.0,1,1.0,1,0.29237281647254326,36
1766,3,2828,1446,1382,0,0,0,1.0,1,1.0,1,1.0,1,0.25365263333712185,37
1767,1,2829,1447,1382,0,0,0,1.0,1,1.0,1,1.0,1,0.25787777380328614,37
1768,3,2832,1448,1384,0,0,0,1.0,1,1.0,1,1.0,1,0.22508689513602953,37
1769,0,2832,1448,1384,0,0,0,1.0,1,1.0,1,1.0,1,0.22499137715608947,38
1770,1,2833,1449,1384,0,0,0,1.0,1,1.0,1,1.0,1,0.2696003422947994,39
1771,1,2834,1449,1385,0,0,0,1.0,1,1.0,1,1.0,1,0.2255435668465139,39
1772,0,2834,1449,1385,0,0,0,1.0,1,1.0,1,1.0,1,0.2255435668465139,39
1773,0,2834,1449,1385,0,0,0,1.0,1,1.0,1,1.0,1,0.19886810269739577,41
1774,0,2834,1449,1385,0,0,0,1.0,1,1.0,1,1.0,1,0.19886810269739577,41
1775,0,2834,1449,1385,0,0,0,1.0,1,1.0,1,1.0,1,0.21985679560526653,42
1776,2,2836,1450,1386,0,0,0,1.0,1,1.0,1,1.0,1,0.21412295544624038,43
1777,1,2837,1450,1387,0,0,0,1.0,1,1.0,1,1.0,1,0.2074761856912601,43
1778,3,2840,1451,1389,0,0,0,1.0,1,1.0,1,1.0,1,0.17692893001252316,44
1779,0,2840,1451,1389,0,0,0,1.0,1,1.0,1,1.0,1,0.1913399314452761,46
1780,1,2841,1452,1389,0,0,0,1.0,1,1.0,1,1.0,1,0.1969947207691296,46
1781,0,2841,1452,1389,0,0,0,1.0,1,1.0,1,1.0,1,0.1969947207691296,46
1782,2,2843,1453,1390,0,0,0,1.0,1,1.0,1,1.0,1,0.22643596031414326,46
1783,1,2844,1454,1390,0,0,0,1.0,1,1.0,1,1.0,1,0.21524733326905737,44
1784,1,2845,1455,1390,0,0,0,1.0,1,1.0,1,1.0,1,0.2260085577963596,45
1785,0,2845,1455,1390,0,0,0,1.0,1,1.0,1,1.0,1,0.2225602948448718,42
1786,6,2851,1460,1391,0,0,0,1.0,1,1.0,1,1.0,1,0.2933332759961982,43
1787,4,2855,1463,1392,0,0,0,1.0,1,1.0,1,1.0,1,0.3279859352750389,41
1788,4,2859,1464,1395,0,0,0,1.0,1,1.0,1,1.0,1,0.3027939186317087,41
1789,4,2863,1465,1398,0,0,0,1.0,1,1.0,1,1.0,1,0.2450229710440912,41
1790,0,2863,1465,1398,0,0,0,1.0,1,1.0,1,1.0,1,0.23356030541620337,41
1791,1,2864,1465,1399,0,0,0,1.0,1,1.0,1,1.0,1,0.20399729852197723,40
1792,2,2866,1467,1399,0,0,0,1.0,1,1.0,1,1.0,1,0.1700660845530269,40
1793,1,2867,1468,1399,0,0,0,1.0,1,1.0,1,1.0,1,0.22271272185844998,41
1794,2,2869,1470,1399,0,0,0,1.0,1,1.0,1,1.0,1,0.23815551722807535,41
1795,5,2874,1473,1401,0,0,0,1.0,1,1.0,1,1.0,1,0.18891209984045082,40
1796,2,2876,1475,1401,0,0,0,1.0,1,1.0,1,1.0,1,0.19825283183459075,40
1797,2,2878,1477,1401,0,0,0,1.0,1,1.0,1,1.0,1,0.24433008889056632,37
1798,0,2878,1477,1401,0,0,0,1.0,1,1.0,1,1.0,1,0.24433008889056632,37
1799,0,2878,1477,1401,0,0,0,1.0,1,1.0,1,1.0,1,0.30952220469642755,36
1800,0,2878,1477,1401,0,0,0,1.0,1,1.0,1,1.0,1,0.30952220469642755,36
1801,0,2878,1477,1401,0,0,0,1.0,1,1.0,1,1.0,1,0.28602167475529666,34
1802,0,2878,1477,1401,0,0,0,1.0,1,1.0,1,1.0,1,0.3437355607360537,33
1803,1,2879,1477,1402,0,0,0,1.0,1,1.0,1,1.0,1,0.32231659730596646,33
1804,3,2882,1480,1402,0,0,0,1.0,1,1.0,1,1.0,1,0.38089633194433437,33
1805,4,2886,1480,1406,0,0,0,1.0,1,1.0,1,1.0,1,0.29983550102361906,35
1806,4,2890,1482,1408,0,0,0,1.0,1,1.0,1,1.0,1,0.30367620143925445,35
1807,1,2891,1482,1409,0,0,0,1.0,1,1.0,1,1.0,1,0.2685102035392781,35
1808,2,2893,1482,1411,0,0,0,1.0,1,1.0,1,1.0,1,0.23042785240228914,36
1809,1,2894,1482,1412,0,0,0,1.0,1,1.0,1,1.0,1,0.21338338107718535,36
1810,1,2895,1482,1413,0,0,0,1.0,1,1.0,1,1.0,1,0.2013298575657964,35
1811,0,2895,1482,1413,0,0,0,1.0,1,1.0,1,1.0,1,0.2464085677174471,36
1812,1,2896,1483,1413,0,0,0,1.0,1,1.0,1,1.0,1,0.2568027004359571,36
1813,1,2897,1484,1413,0,0,0,1.0,1,1.0,1,1.0,1,0.273394429203755,36
1814,0,2897,1484,1413,0,0,0,1.0,1,1.0,1,1.0,1,0.2666510994365867,34
1815,1,2898,1485,1413,0,0,0,1.0,1,1.0,1,1.0,1,0.30600889931751457,35
1816,0,2898,1485,1413,0,0,0,1.0,1,1.0,1,1.0,1,0.31904421325733223,34
1817,3,2901,1488,1413,0,0,0,1.0,1,1.0,1,1.0,1,0.2709120259108044,34
1818,2,2903,1489,1414,0,0,0,1.0,1,1.0,1,1.0,1,0.21932949713714145,34
1819,4,2907,1491,1416,0,0,0,1.0,1,1.0,1,1.0,1,0.19797485317631924,35
1820,0,2907,1491,1416,0,0,0,1.0,1,1.0,1,1.0,1,0.17733658492118987,36
1821,1,2908,1492,1416,0,0,0,1.0,1,1.0,1,1.0,1,0.16425921340759161,36
1822,2,2910,1494,1416,0,0,0,1.0,1,1.0,1,1.0,1,0.2040476269364822,37
1823,3,2913,1496,1417,0,0,0,1.0,1,1.0,1,1.0,1,0.26807259418807655,38
1824,3,2916,1499,1417,0,0,0,1.0,1,1.0,1,1.0,1,0.27719084584134845,37
1825,6,2922,1502,1420,0,0,0,1.0,1,1.0,1,1.0,1,0.25582180143882677,36
1826,0,2922,1502,1420,0,0,0,1.0,1,1.0,1,1.0,1,0.24153819371965002,35
1827,3,2925,1504,1421,0,0,0,1.0,1,1.0,1,1.0,1,0.258696783204086,35
1828,1,2926,1504,1422,0,0,0,1.0,1,1.0,1,1.0,1,0.23526289885420723,33
1829,0,2926,1504,1422,0,0,0,1.0,1,1.0,1,1.0,1,0.23821799763311508,32
1830,2,2928,1506,1422,0,0,0,1.0,1,1.0,1,1.0,1,0.34278196403006445,32
1831,0,2928,1506,1422,0,0,0,1.0,1,1.0,1,1.0,1,0.3278619339274885,30
1832,2,2930,1506,1424,0,0,0,1.0,1,1.0,1,1.0,1,0.25139604402776317,30
1833,1,2931,1506,1425,0,0,0,1.0,1,1.0,1,1.0,1,0.21264652516880558,29
1834,2,2933,1507,1426,0,0,0,1.0,1,1.0,1,1.0,1,0.2263358913145841,28
1835,2,2935,1509,1426,0,0,0,1.0,1,1.0,1,1.0,1,0.2990337995023682,28
1836,2,2937,1510,1427,0,0,0,1.0,1,1.0,1,1.0,1,0.3079130144440763,29
1837,3,2940,1510,1430,0,0,0,1.0,1,1.0,1,1.0,1,0.26502658643532934,28
1838,1,2941,1511,1430,0,0,0,1.0,1,1.0,1,1.0,1,0.30287410769198553,28
1839,0,2941,1511,1430,0,0,0,1.0,1,1.0,1,1.0,1,0.3225965089001381,27
1840,0,2941,1511,1430,0,0,0,1.0,1,1.0,1,1.0,1,0.3678164040303407,26
1841,0,2941,1511,1430,0,0,0,1.0,1,1.0,1,1.0,1,0.3521256297801187,25
1842,3,2944,1512,1432,0,0,0,1.0,1,1.0,1,1.0,1,0.2991436818416795,26
1843,0,2944,1512,1432,0,0,0,1.0,1,1.0,1,1.0,1,0.2991436818416795,26
1844,1,2945,1513,1432,0,0,0,1.0,1,1.0,1,1.0,1,0.2860523369414242,26
1845,1,2946,1514,1432,0,0,0,1.0,1,1.0,1,1.0,1,0.31883968742949803,26
1846,2,2948,1516,1432,0,0,0,1.0,1,1.0,1,1.0,1,0.3486585565039186,26
1847,1,2949,1516,1433,0,0,0,1.0,1,1.0,1,1.0,1,0.2992356846437024,26
1848,1,2950,1517,1433,0,0,0,1.0,1,1.0,1,1.0,1,0.3389670505819649,27
1849,0,2950,1517,1433,0,0,0,1.0,1,1.0,1,1.0,1,0.3389670505819649,27
1850,0,2950,1517,1433,0,0,0,1.0,1,1.0,1,1.0,1,0.35814116177374083,28
1851,0,2950,1517,1433,0,0,0,1.0,1,1.0,1,1.0,1,0.35814116177374083,28
1852,0,2950,1517,1433,0,0,0,1.0,1,1.0,1,1.0,1,0.35814116177374083,28
1853,1,2951,1517,1434,0,0,0,1.0,1,1.0,1,1.0,1,0.3489827318703487,27
1854,0,2951,1517,1434,0,0,0,1.0,1,1.0,1,1.0,1,0.3618714710837484,28
1855,1,2952,1517,1435,0,0,0,1.0,1,1.0,1,1.0,1,0.334659513704808,28
1856,0,2952,1517,1435,0,0,0,1.0,1,1.0,1,1.0,1,0.3450234830376346,30
1857,0,2952,1517,1435,0,0,0,1.0,1,1.0,1,1.0,1,0.34000516824525845,31
1858,3,2955,1520,1435,0,0,0,1.0,1,1.0,1,1.0,1,0.3556026711197905,31
1859,0,2955,1520,1435,0,0,0,1.0,1,1.0,1,1.0,1,0.3556026711197905,31
1860,0,2955,1520,1435,0,0,0,1.0,1,1.0,1,1.0,1,0.3556026711197905,31
1861,1,2956,1520,1436,0,0,0,1.0,1,1.0,1,1.0,1,0.3287251951602055,31
1862,3,2959,1522,1437,0,0,0,1.0,1,1.0,1,1.0,1,0.3394950302401729,31
1863,3,2962,1524,1438,0,0,0,1.0,1,1.0,1,1.0,1,0.35682086264827473,31
1864,2,2964,1526,1438,0,0,0,1.0,1,1.0,1,1.0,1,0.38048366566723674,30
1865,1,2965,1527,1438,0,0,0,1.0,1,1.0,1,1.0,1,0.39214243121000064,27
1866,3,2968,1529,1439,0,0,0,1.0,1,1.0,1,1.0,1,0.42276011141019315,28
1867,3,2971,1530,1441,0,0,0,1.0,1,1.0,1,1.0,1,0.37654329382720786,26
1868,0,2971,1530,1441,0,0,0,1.0,1,1.0,1,1.0,1,0.37654329382720786,26
1869,1,2972,1530,1442,0,0,0,1.0,1,1.0,1,1.0,1,0.3579354752954172,25
1870,1,2973,1530,1443,0,0,0,1.0,1,1.0,1,1.0,1,0.32503489284425563,25
1871,1,2974,1530,1444,0,0,0,1.0,1,1.0,1,1.0,1,0.3249063173926827,26
1872,0,2974,1530,1444,0,0,0,1.0,1,1.0,1,1.0,1,0.3155346915605296,25
1873,0,2974,1530,1444,0,0,0,1.0,1,1.0,1,1.0,1,0.33308020791178816,23
1874,1,2975,1531,1444,0,0,0,1.0,1,1.0,1,1.0,1,0.28376373848723413,23
1875,0,2975,1531,1444,0,0,0,1.0,1,1.0,1,1.0,1,0.35436019308669103,21
1876,3,2978,1532,1446,0,0,0,1.0,1,1.0,1,1.0,1,0.3298298572752734,24
1877,2,2980,1533,1447,0,0,0,1.0,1,1.0,1,1.0,1,0.3363176476326921,24
1878,3,2983,1534,1449,0,0,0,1.0,1,1.0,1,1.0,1,0.23963367356235918,26
1879,0,2983,1534,1449,0,0,0,1.0,1,1.0,1,1.0,1,0.23963367356235918,26
1880,0,2983,1534,1449,0,0,0,1.0,1,1.0,1,1.0,1,0.23963367356235918,26
1881,0,2983,1534,1449,0,0,0,1.0,1,1.0,1,1.0,1,0.23963367356235918,26
1882,0,2983,1534,1449,0,0,0,1.0,1,1.0,1,1.0,1,0.2445870798400854,25
1883,0,2983,1534,1449,0,0,0,1.0,1,1.0,1,1.0,1,0.2445870798400854,25
1884,0,2983,1534,1449,0,0,0,1.0,1,1.0,1,1.0,1,0.2445870798400854,25
1885,0,2983,1534,1449,0,0,0,1.0,1,1.0,1,1.0,1,0.2445870798400854,25
1886,1,2984,1534,1450,0,0,0,1.0,1,1.0,1,1.0,1,0.20682826155075623,26
1887,0,2984,1534,1450,0,0,0,1.0,1,1.0,1,1.0,1,0.20682826155075623,26
1888,1,2985,1535,1450,0,0,0,1.0,1,1.0,1,1.0,1,0.2535670266797402,27
1889,0,2985,1535,1450,0,0,0,1.0,1,1.0,1,1.0,1,0.27909412140010326,28
1890,0,2985,1535,1450,0,0,0,1.0,1,1.0,1,1.0,1,0.27909412140010326,28
1891,1,2986,1535,1451,0,0,0,1.0,1,1.0,1,1.0,1,0.2950610236858619,29
1892,0,2986,1535,1451,0,0,0,1.0,1,1.0,1,1.0,1,0.2950610236858619,29
1893,0,2986,1535,1451,0,0,0,1.0,1,1.0,1,1.0,1,0.2950610236858619,29
1894,0,2986,1535,1451,0,0,0,1.0,1,1.0,1,1.0,1,0.2950610236858619,29
1895,1,2987,1536,1451,0,0,0,1.0,1,1.0,1,1.0,1,0.2964386809922345,31
1896,1,2988,1536,1452,0,0,0,1.0,1,1.0,1,1.0,1,0.2785917370915505,31
1897,0,2988,1536,1452,0,0,0,1.0,1,1.0,1,1.0,1,0.2785917370915505,31
1898,0,2988,1536,1452,0,0,0,1.0,1,1.0,1,1.0,1,0.2785917370915505,31
1899,0,2988,1536,1452,0,0,0,1.0,1,1.0,1,1.0,1,0.2917847378236063,32
1900,0,2988,1536,1452,0,0,0,1.0,1,1.0,1,1.0,1,0.2917847378236063,32
1901,0,2988,1536,1452,0,0,0,1.0,1,1.0,1,1.0,1,0.2917847378236063,32
1902,0,2988,1536,1452,0,0,0,1.0,1,1.0,1,1.0,1,0.2917847378236063,32
1903,0,2988,1536,1452,0,0,0,1.0,1,1.0,1,1.0,1,0.2917847378236063,32
1904,1,2989,1536,1453,0,0,0,1.0,1,1.0,1,1.0,1,0.2591591567845401,34
1905,0,2989,1536,1453,0,0,0,1.0,1,1.0,1,1.0,1,0.2591591567845401,34
1906,0,2989,1536,1453,0,0,0,1.0,1,1.0,1,1.0,1,0.2712546572997159,35
1907,1,2990,1537,1453,0,0,0,1.0,1,1.0,1,1.0,1,0.2653746973135955,36
1908,0,2990,1537,1453,0,0,0,1.0,1,1.0,1,1.0,1,0.2653746973135955,36
1909,1,2991,1537,1454,0,0,0,1.0,1,1.0,1,1.0,1,0.2570430043243724,37
1910,2,2993,1538,1455,0,0,0,1.0,1,1.0,1,1.0,1,0.27162909576945443,38
1911,1,2994,1538,1456,0,0,0,1.0,1,1.0,1,1.0,1,0.24134236311186877,37
1912,3,2997,1540,1457,0,0,0,1.0,1,1.0,1,1.0,1,0.24487184195383896,37
1913,2,2999,1541,1458,0,0,0,1.0,1,1.0,1,1.0,1,0.18690271632001804,36
1914,0,2999,1541,1458,0,0,0,1.0,1,1.0,1,1.0,1,0.21374348108217836,37
1915,1,3000,1542,1458,0,0,0,1.0,1,1.0,1,1.0,1,0.2582913146292772,37
1916,2,3002,1543,1459,0,0,0,1.0,1,1.0,1,1.0,1,0.22799324937700344,39
1917,4,3006,1545,1461,0,0,0,1.0,1,1.0,1,1.0,1,0.19235273565644567,38
1918,1,3007,1546,1461,0,0,0,1.0,1,1.0,1,1.0,1,0.19516044206917255,38
1919,2,3009,1548,1461,0,0,0,1.0,1,1.0,1,1.0,1,0.2427408716355248,38
1920,1,3010,1548,1462,0,0,0,1.0,1,1.0,1,1.0,1,0.2351002902496131,39
1921,0,3010,1548,1462,0,0,0,1.0,1,1.0,1,1.0,1,0.2124779883630025,38
1922,3,3013,1550,1463,0,0,0,1.0,1,1.0,1,1.0,1,0.18206678624662362,39
1923,3,3016,1553,1463,0,0,0,1.0,1,1.0,1,1.0,1,0.2516348730415647,40
1924,3,3019,1553,1466,0,0,0,1.0,1,1.0,1,1.0,1,0.1971580150856983,40
1925,0,3019,1553,1466,0,0,0,1.0,1,1.0,1,1.0,1,0.21428834079468664,40
1926,0,3019,1553,1466,0,0,0,1.0,1,1.0,1,1.0,1,0.21428834079468664,40
1927,1,3020,1553,1467,0,0,0,1.0,1,1.0,1,1.0,1,0.1865096663533549,41
1928,0,3020,1553,1467,0,0,0,1.0,1,1.0,1,1.0,1,0.1865096663533549,41
1929,1,3021,1554,1467,0,0,0,1.0,1,1.0,1,1.0,1,0.2029586720299409,40
1930,0,3021,1554,1467,0,0,0,1.0,1,1.0,1,1.0,1,0.2029586720299409,40
1931,1,3022,1555,1467,0,0,0,1.0,1,1.0,1,1.0,1,0.23478745703859227,40
1932,1,3023,1555,1468,0,0,0,1.0,1,1.0,1,1.0,1,0.21686169046357964,40
1933,2,3025,1556,1469,0,0,0,1.0,1,1.0,1,1.0,1,0.21092404650293414,42
1934,2,3027,1556,1471,0,0,0,1.0,1,1.0,1,1.0,1,0.17256395956368967,44
1935,1,3028,1556,1472,0,0,0,1.0,1,1.0,1,1.0,1,0.15514573791362898,44
1936,1,3029,1556,1473,0,0,0,1.0,1,1.0,1,1.0,1,0.15151326979636176,46
1937,1,3030,1556,1474,0,0,0,1.0,1,1.0,1,1.0,1,0.1268505894655352,47
1938,2,3032,1558,1474,0,0,0,1.0,1,1.0,1,1.0,1,0.13834456779841148,47
1939,0,3032,1558,1474,0,0,0,1.0,1,1.0,1,1.0,1,0.13834456779841148,47
1940,1,3033,1559,1474,0,0,0,1.0,1,1.0,1,1.0,1,0.15479312589813957,47
1941,1,3034,1560,1474,0,0,0,1.0,1,1.0,1,1.0,1,0.16376546557801955,47
1942,2,3036,1561,1475,0,0,0,1.0,1,1.0,1,1.0,1,0.20267066915994406,49
1943,1,3037,1562,1475,0,0,0,1.0,1,1.0,1,1.0,1,0.2094380595852375,47
1944,3,3040,1565,1475,0,0,0,1.0,1,1.0,1,1.0,1,0.26496596054337973,47
1945,4,3044,1567,1477,0,0,0,1.0,1,1.0,1,1.0,1,0.20328060216028015,45
1946,1,3045,1567,1478,0,0,0,1.0,1,1.0,1,1.0,1,0.2144623732859132,45
1947,6,3051,1570,1481,0,0,0,1.0,1,1.0,1,1.0,1,0.2398363239243353,45
1948,6,3057,1572,1485,0,0,0,1.0,1,1.0,1,1.0,1,0.2530589673691668,45
1949,4,3061,1575,1486,0,0,0,1.0,1,1.0,1,1.0,1,0.30531457665849826,42
1950,8,3069,1579,1490,0,0,0,1.0,1,1.0,1,1.0,1,0.2933193842567903,42
1951,3,3072,1580,1492,0,0,0,1.0,1,1.0,1,1.0,1,0.2883786656114636,38
1952,1,3073,1581,1492,0,0,0,1.0,1,1.0,1,1.0,1,0.29107608213857167,36
1953,0,3073,1581,1492,0,0,0,1.0,1,1.0,1,1.0,1,0.2896264537056418,35
1954,1,3074,1581,1493,0,0,0,1.0,1,1.0,1,1.0,1,0.2864521767935038,32
1955,2,3076,1582,1494,0,0,0,1.0,1,1.0,1,1.0,1,0.24629080221575897,33
1956,2,3078,1584,1494,0,0,0,1.0,1,1.0,1,1.0,1,0.29502851146311715,31
1957,2,3080,1585,1495,0,0,0,1.0,1,1.0,1,1.0,1,0.2718779051938569,33
1958,3,3083,1586,1497,0,0,0,1.0,1,1.0,1,1.0,1,0.27200502858683273,34
1959,2,3085,1586,1499,0,0,0,1.0,1,1.0,1,1.0,1,0.2044329355699484,35
1960,0,3085,1586,1499,0,0,0,1.0,1,1.0,1,1.0,1,0.2221083602647974,36
1961,0,3085,1586,1499,0,0,0,1.0,1,1.0,1,1.0,1,0.19021021693955703,36
1962,0,3085,1586,1499,0,0,0,1.0,1,1.0,1,1.0,1,0.22656733601407142,35
1963,1,3086,1586,1500,0,0,0,1.0,1,1.0,1,1.0,1,0.2301654769532235,36
1964,1,3087,1587,1500,0,0,0,1.0,1,1.0,1,1.0,1,0.23408886550766161,35
1965,0,3087,1587,1500,0,0,0,1.0,1,1.0,1,1.0,1,0.21751612381889998,36
1966,3,3090,1589,1501,0,0,0,1.0,1,1.0,1,1.0,1,0.22171714281071897,36
1967,0,3090,1589,1501,0,0,0,1.0,1,1.0,1,1.0,1,0.22171714281071897,36
1968,0,3090,1589,1501,0,0,0,1.0,1,1.0,1,1.0,1,0.23790271731200602,37
1969,1,3091,1590,1501,0,0,0,1.0,1,1.0,1,1.0,1,0.25702860693940927,37
1970,1,3092,1591,1501,0,0,0,1.0,1,1.0,1,1.0,1,0.2644022488844373,38
1971,0,3092,1591,1501,0,0,0,1.0,1,1.0,1,1.0,1,0.28492655155404456,37
1972,2,3094,1592,1502,0,0,0,1.0,1,1.0,1,1.0,1,0.25724599913612545,37
1973,0,3094,1592,1502,0,0,0,1.0,1,1.0,1,1.0,1,0.27618392131882646,37
1974,0,3094,1592,1502,0,0,0,1.0,1,1.0,1,1.0,1,0.2701406145228726,38
1975,0,3094,1592,1502,0,0,0,1.0,1,1.0,1,1.0,1,0.2787886090888023,37
1976,5,3099,1595,1504,0,0,0,1.0,1,1.0,1,1.0,1,0.2982197121040793,39
1977,3,3102,1596,1506,0,0,0,1.0,1,1.0,1,1.0,1,0.27416245030704467,42
1978,2,3104,1597,1507,0,0,0,1.0,1,1.0,1,1.0,1,0.252164208332382,42
1979,1,3105,1597,1508,0,0,0,1.0,1,1.0,1,1.0,1,0.23146887442684838,42
1980,1,3106,1598,1508,0,0,0,1.0,1,1.0,1,1.0,1,0.2466117721452846,43
1981,2,3108,1598,1510,0,0,0,1.0,1,1.0,1,1.0,1,0.22126976206315155,44
1982,2,3110,1599,1511,0,0,0,1.0,1,1.0,1,1.0,1,0.2144281888966984,44
1983,2,3112,1601,1511,0,0,0,1.0,1,1.0,1,1.0,1,0.21342493686551142,44
1984,3,3115,1602,1513,0,0,0,1.0,1,1.0,1,1.0,1,0.21038400373962168,42
1985,1,3116,1603,1513,0,0,0,1.0,1,1.0,1,1.0,1,0.21899031387350196,41
1986,4,3120,1606,1514,0,0,0,1.0,1,1.0,1,1.0,1,0.27322671094923057,40
1987,3,3123,1608,1515,0,0,0,1.0,1,1.0,1,1.0,1,0.16963198557065992,37
1988,3,3126,1610,1516,0,0,0,1.0,1,1.0,1,1.0,1,0.25798633619230754,35
1989,1,3127,1611,1516,0,0,0,1.0,1,1.0,1,1.0,1,0.2803153654989346,32
1990,1,3128,1612,1516,0,0,0,1.0,1,1.0,1,1.0,1,0.277366935414954,31
1991,1,3129,1613,1516,0,0,0,1.0,1,1.0,1,1.0,1,0.3058690952471183,32
1992,1,3130,1614,1516,0,0,0,1.0,1,1.0,1,1.0,1,0.35431428621626243,32
1993,2,3132,1615,1517,0,0,0,1.0,1,1.0,1,1.0,1,0.3683827416902009,32
1994,1,3133,1616,1517,0,0,0,1.0,1,1.0,1,1.0,1,0.3604153051990305,31
1995,1,3134,1616,1518,0,0,0,1.0,1,1.0,1,1.0,1,0.3159773178740224,32
1996,1,3135,1616,1519,0,0,0,1.0,1,1.0,1,1.0,1,0.309862633386827,32
1997,0,3135,1616,1519,0,0,0,1.0,1,1.0,1,1.0,1,0.34841215589171326,31
1998,0,3135,1616,1519,0,0,0,1.0,1,1.0,1,1.0,1,0.35132818028258483,32
1999,1,3136,1616,1520,0,0,0,1.0,1,1.0,1,1.0,1,0.3199512383114238,31
2000,0,3136,1616,1520,0,0,0,1.0,1,1.0,1,1.0,1,0.344616078451648,30
2001,0,3136,1616,1520,0,0,0,1.0,1,1.0,1,1.0,1,0.36004751888582587,29
2002,1,3137,1617,1520,0,0,0,1.0,1,1.0,1,1.0,1,0.3374423208705986,31
2003,5,3142,1619,1523,0,0,0,1.0,1,1.0,1,1.0,1,0.31124240561290917,33
2004,4,3146,1620,1526,0,0,0,1.0,1,1.0,1,1.0,1,0.28573451425983687,34
2005,2,3148,1620,1528,0,0,0,1.0,1,1.0,1,1.0,1,0.2751816498921045,35
2006,1,3149,1621,1528,0,0,0,1.0,1,1.0,1,1.0,1,0.2705456929777169,36
2007,0,3149,1621,1528,0,0,0,1.0,1,1.0,1,1.0,1,0.2705456929777169,36
2008,4,3153,1622,1531,0,0,0,1.0,1,1.0,1,1.0,1,0.22839971492212718,36
2009,0,3153,1622,1531,0,0,0,1.0,1,1.0,1,1.0,1,0.20705936891390847,37
2010,3,3156,1623,1533,0,0,0,1.0,1,1.0,1,1.0,1,0.18349099815468853,37
2011,0,3156,1623,1533,0,0,0,1.0,1,1.0,1,1.0,1,0.18349099815468853,37
2012,0,3156,1623,1533,0,0,0,1.0,1,1.0,1,1.0,1,0.18349099815468853,37
2013,0,3156,1623,1533,0,0,0,1.0,1,1.0,1,1.0,1,0.2100093222656729,39
2014,2,3158,1623,1535,0,0,0,1.0,1,1.0,1,1.0,1,0.2129363669636682,39
2015,1,3159,1623,1536,0,0,0,1.0,1,1.0,1,1.0,1,0.20534348792490348,39
2016,0,3159,1623,1536,0,0,0,1.0,1,1.0,1,1.0,1,0.20762380302901987,41
2017,1,3160,1623,1537,0,0,0,1.0,1,1.0,1,1.0,1,0.17625748766417507,41
2018,2,3162,1624,1538,0,0,0,1.0,1,1.0,1,1.0,1,0.17062726849896642,42
2019,0,3162,1624,1538,0,0,0,1.0,1,1.0,1,1.0,1,0.15693207044814897,43
2020,3,3165,1627,1538,0,0,0,1.0,1,1.0,1,1.0,1,0.19087207856483207,43
2021,2,3167,1628,1539,0,0,0,1.0,1,1.0,1,1.0,1,0.16271695838411754,43
2022,0,3167,1628,1539,0,0,0,1.0,1,1.0,1,1.0,1,0.1646252340625916,44
2023,4,3171,1631,1540,0,0,0,1.0,1,1.0,1,1.0,1,0.22490295658600867,42
2024,3,3174,1633,1541,0,0,0,1.0,1,1.0,1,1.0,1,0.21328137822291277,41
2025,3,3177,1635,1542,0,0,0,1.0,1,1.0,1,1.0,1,0.2746485256692808,39
2026,3,3180,1636,1544,0,0,0,1.0,1,1.0,1,1.0,1,0.26329976667108096,39
2027,1,3181,1637,1544,0,0,0,1.0,1,1.0,1,1.0,1,0.3323638181687096,38
2028,1,3182,1638,1544,0,0,0,1.0,1,1.0,1,1.0,1,0.35986493320138113,37
2029,1,3183,1638,1545,0,0,0,1.0,1,1.0,1,1.0,1,0.31196994341580486,35
2030,0,3183,1638,1545,0,0,0,1.0,1,1.0,1,1.0,1,0.3087532308230734,32
2031,2,3185,1640,1545,0,0,0,1.0,1,1.0,1,1.0,1,0.3300081236716817,34
2032,2,3187,1641,1546,0,0,0,1.0,1,1.0,1,1.0,1,0.33171022765375563,35
2033,5,3192,1645,1547,0,0,0,1.0,1,1.0,1,1.0,1,0.3004396653850112,35
2034,0,3192,1645,1547,0,0,0,1.0,1,1.0,1,1.0,1,0.32841703036077335,35
2035,2,3194,1647,1547,0,0,0,1.0,1,1.0,1,1.0,1,0.3162519695485339,36
2036,2,3196,1647,1549,0,0,0,1.0,1,1.0,1,1.0,1,0.28735963917644275,35
2037,1,3197,1648,1549,0,0,0,1.0,1,1.0,1,1.0,1,0.3059857584366076,36
2038,1,3198,1649,1549,0,0,0,1.0,1,1.0,1,1.0,1,0.3140321429307462,38
2039,1,3199,1650,1549,0,0,0,1.0,1,1.0,1,1.0,1,0.3227772081915854,38
2040,0,3199,1650,1549,0,0,0,1.0,1,1.0,1,1.0,1,0.30482126547364724,37
2041,4,3203,1651,1552,0,0,0,1.0,1,1.0,1,1.0,1,0.27467484244252943,38
2042,1,3204,1651,1553,0,0,0,1.0,1,1.0,1,1.0,1,0.2588592670660044,38
2043,0,3204,1651,1553,0,0,0,1.0,1,1.0,1,1.0,1,0.2588592670660044,38
2044,1,3205,1651,1554,0,0,0,1.0,1,1.0,1,1.0,1,0.22930368323131847,39
2045,0,3205,1651,1554,0,0,0,1.0,1,1.0,1,1.0,1,0.24723505176864347,40
2046,0,3205,1651,1554,0,0,0,1.0,1,1.0,1,1.0,1,0.25428004886019784,41
2047,2,3207,1652,1555,0,0,0,1.0,1,1.0,1,1.0,1,0.2357988140661544,41
2048,3,3210,1652,1558,0,0,0,1.0,1,1.0,1,1.0,1,0.18103839403528244,43
2049,2,3212,1653,1559,0,0,0,1.0,1,1.0,1,1.0,1,0.15160010627363577,43
2050,1,3213,1653,1560,0,0,0,1.0,1,1.0,1,1.0,1,0.13431918386356767,43
2051,1,3214,1654,1560,0,0,0,1.0,1,1.0,1,1.0,1,0.18771726477015285,43
2052,0,3214,1654,1560,0,0,0,1.0,1,1.0,1,1.0,1,0.2032484637173895,44
2053,2,3216,1655,1561,0,0,0,1.0,1,1.0,1,1.0,1,0.21947268080681528,43
2054,1,3217,1655,1562,0,0,0,1.0,1,1.0,1,1.0,1,0.2127223507373532,44
2055,0,3217,1655,1562,0,0,0,1.0,1,1.0,1,1.0,1,0.22996189645531026,43
2056,2,3219,1656,1563,0,0,0,1.0,1,1.0,1,1.0,1,0.1996682640892669,44
2057,2,3221,1658,1563,0,0,0,1.0,1,1.0,1,1.0,1,0.19519634553536142,44
2058,2,3223,1660,1563,0,0,0,1.0,1,1.0,1,1.0,1,0.21403648186335025,44
2059,3,3226,1662,1564,0,0,0,1.0,1,1.0,1,1.0,1,0.19635400163299246,45
2060,1,3227,1662,1565,0,0,0,1.0,1,1.0,1,1.0,1,0.1855894989872067,46
2061,4,3231,1664,1567,0,0,0,1.0,1,1.0,1,1.0,1,0.19367802268772374,48
2062,2,3233,1665,1568,0,0,0,1.0,1,1.0,1,1.0,1,0.19222244645140854,48
2063,1,3234,1666,1568,0,0,0,1.0,1,1.0,1,1.0,1,0.16705667866675625,45
2064,2,3236,1667,1569,0,0,0,1.0,1,1.0,1,1.0,1,0.18870818047440577,44
2065,1,3237,1668,1569,0,0,0,1.0,1,1.0,1,1.0,1,0.181698475982692,42
2066,3,3240,1671,1569,0,0,0,1.0,1,1.0,1,1.0,1,0.2595304313352418,42
2067,1,3241,1672,1569,0,0,0,1.0,1,1.0,1,1.0,1,0.2796913182585452,38
2068,1,3242,1672,1570,0,0,0,1.0,1,1.0,1,1.0,1,0.25991536734947174,37
2069,0,3242,1672,1570,0,0,0,1.0,1,1.0,1,1.0,1,0.2555027281544928,35
2070,2,3244,1674,1570,0,0,0,1.0,1,1.0,1,1.0,1,0.29726689759262304,35
2071,1,3245,1675,1570,0,0,0,1.0,1,1.0,1,1.0,1,0.3415537741444164,34
2072,1,3246,1676,1570,0,0,0,1.0,1,1.0,1,1.0,1,0.40672202101578564,35
2073,2,3248,1676,1572,0,0,0,1.0,1,1.0,1,1.0,1,0.3651766575581159,37
2074,1,3249,1676,1573,0,0,0,1.0,1,1.0,1,1.0,1,0.3311836499658133,36
2075,1,3250,1676,1574,0,0,0,1.0,1,1.0,1,1.0,1,0.28675653490694836,38
2076,0,3250,1676,1574,0,0,0,1.0,1,1.0,1,1.0,1,0.27182672037968203,37
2077,1,3251,1676,1575,0,0,0,1.0,1,1.0,1,1.0,1,0.23249806754380883,37
2078,0,3251,1676,1575,0,0,0,1.0,1,1.0,1,1.0,1,0.23249806754380883,37
2079,3,3254,1677,1577,0,0,0,1.0,1,1.0,1,1.0,1,0.2042881638339347,37
2080,2,3256,1678,1578,0,0,0,1.0,1,1.0,1,1.0,1,0.23993600629191789,36
2081,0,3256,1678,1578,0,0,0,1.0,1,1.0,1,1.0,1,0.25520272932194216,37
2082,2,3258,1680,1578,0,0,0,1.0,1,1.0,1,1.0,1,0.33891771274938204,38
2083,5,3263,1680,1583,0,0,0,1.0,1,1.0,1,1.0,1,0.20566093923177528,39
2084,1,3264,1680,1584,0,0,0,1.0,1,1.0,1,1.0,1,0.19722239790363866,41
2085,2,3266,1682,1584,0,0,0,1.0,1,1.0,1,1.0,1,0.2531373105506287,41
2086,1,3267,1682,1585,0,0,0,1.0,1,1.0,1,1.0,1,0.2491290322207647,44
2087,3,3270,1683,1587,0,0,0,1.0,1,1.0,1,1.0,1,0.2426889157997065,44
2088,0,3270,1683,1587,0,0,0,1.0,1,1.0,1,1.0,1,0.2463451787793291,45
2089,0,3270,1683,1587,0,0,0,1.0,1,1.0,1,1.0,1,0.239138414470709,46
2090,0,3270,1683,1587,0,0,0,1.0,1,1.0,1,1.0,1,0.25346221019547877,47
2091,0,3270,1683,1587,0,0,0,1.0,1,1.0,1,1.0,1,0.25639663249546835,48
2092,4,3274,1686,1588,0,0,0,1.0,1,1.0,1,1.0,1,0.2078008956547643,48
2093,0,3274,1686,1588,0,0,0,1.0,1,1.0,1,1.0,1,0.2078008956547643,48
2094,0,3274,1686,1588,0,0,0,1.0,1,1.0,1,1.0,1,0.19524502948610953,47
2095,1,3275,1686,1589,0,0,0,1.0,1,1.0,1,1.0,1,0.2084993194907984,49
2096,2,3277,1688,1589,0,0,0,1.0,1,1.0,1,1.0,1,0.23142945371742013,50
2097,1,3278,1688,1590,0,0,0,1.0,1,1.0,1,1.0,1,0.2182833533298689,50
2098,3,3281,1689,1592,0,0,0,1.0,1,1.0,1,1.0,1,0.20714961923779396,51
2099,2,3283,1690,1593,0,0,0,1.0,1,1.0,1,1.0,1,0.21803340677226335,50
2100,1,3284,1691,1593,0,0,0,1.0,1,1.0,1,1.0,1,0.2450000860458719,49
2101,1,3285,1691,1594,0,0,0,1.0,1,1.0,1,1.0,1,0.27368165977163317,48
2102,8,3293,1695,1598,0,0,0,1.0,1,1.0,1,1.0,1,0.32230059895335,49
2103,2,3295,1697,1598,0,0,0,1.0,1,1.0,1,1.0,1,0.30876191959217136,44
2104,3,3298,1700,1598,0,0,0,1.0,1,1.0,1,1.0,1,0.37364115301889606,42
2105,2,3300,1702,1598,0,0,0,1.0,1,1.0,1,1.0,1,0.3671186731752856,40
2106,4,3304,1704,1600,0,0,0,1.0,1,1.0,1,1.0,1,0.41049033029815185,39
2107,6,3310,1706,1604,0,0,0,1.0,1,1.0,1,1.0,1,0.34029172705387484,37
2108,4,3314,1707,1607,0,0,0,1.0,1,1.0,1,1.0,1,0.3229764228595597,37
2109,2,3316,1709,1607,0,0,0,1.0,1,1.0,1,1.0,1,0.32323572864543604,36
2110,2,3318,1709,1609,0,0,0,1.0,1,1.0,1,1.0,1,0.23018060855223524,35
2111,0,3318,1709,1609,0,0,0,1.0,1,1.0,1,1.0,1,0.23018060855223524,35
2112,0,3318,1709,1609,0,0,0,1.0,1,1.0,1,1.0,1,0.23018060855223524,35
2113,0,3318,1709,1609,0,0,0,1.0,1,1.0,1,1.0,1,0.22923796374541572,35
2114,2,3320,1710,1610,0,0,0,1.0,1,1.0,1,1.0,1,0.27860459116857333,36
2115,0,3320,1710,1610,0,0,0,1.0,1,1.0,1,1.0,1,0.279859501152346,37
2116,4,3324,1711,1613,0,0,0,1.0,1,1.0,1,1.0,1,0.24741587845318302,39
2117,1,3325,1711,1614,0,0,0,1.0,1,1.0,1,1.0,1,0.23619868517633766,39
2118,1,3326,1711,1615,0,0,0,1.0,1,1.0,1,1.0,1,0.21176858970458276,41
2119,2,3328,1712,1616,0,0,0,1.0,1,1.0,1,1.0,1,0.19173251372697192,42
2120,0,3328,1712,1616,0,0,0,1.0,1,1.0,1,1.0,1,0.19173251372697192,42
2121,0,3328,1712,1616,0,0,0,1.0,1,1.0,1,1.0,1,0.19173251372697192,42
2122,0,3328,1712,1616,0,0,0,1.0,1,1.0,1,1.0,1,0.21116040568054123,43
2123,2,3330,1713,1617,0,0,0,1.0,1,1.0,1,1.0,1,0.22516773064227166,42
2124,0,3330,1713,1617,0,0,0,1.0,1,1.0,1,1.0,1,0.22516773064227166,42
2125,0,3330,1713,1617,0,0,0,1.0,1,1.0,1,1.0,1,0.2417257930700548,41
2126,0,3330,1713,1617,0,0,0,1.0,1,1.0,1,1.0,1,0.2417257930700548,41
2127,0,3330,1713,1617,0,0,0,1.0,1,1.0,1,1.0,1,0.2417257930700548,41
2128,0,3330,1713,1617,0,0,0,1.0,1,1.0,1,1.0,1,0.2507165833025325,42
2129,2,3332,1713,1619,0,0,0,1.0,1,1.0,1,1.0,1,0.26280078144042546,43
2130,0,3332,1713,1619,0,0,0,1.0,1,1.0,1,1.0,1,0.2674727428943455,45
2131,2,3334,1713,1621,0,0,0,1.0,1,1.0,1,1.0,1,0.2431144424784486,44
2132,0,3334,1713,1621,0,0,0,1.0,1,1.0,1,1.0,1,0.2431144424784486,44
2133,1,3335,1713,1622,0,0,0,1.0,1,1.0,1,1.0,1,0.24793701279432043,45
2134,0,3335,1713,1622,0,0,0,1.0,1,1.0,1,1.0,1,0.24793701279432043,45
2135,5,3340,1714,1626,0,0,0,1.0,1,1.0,1,1.0,1,0.18494377063589384,46
2136,2,3342,1715,1627,0,0,0,1.0,1,1.0,1,1.0,1,0.16471145452741212,47
2137,2,3344,1717,1627,0,0,0,1.0,1,1.0,1,1.0,1,0.19119486726793072,47
2138,0,3344,1717,1627,0,0,0,1.0,1,1.0,1,1.0,1,0.21719617296634985,45
2139,1,3345,1718,1627,0,0,0,1.0,1,1.0,1,1.0,1,0.21654713389944205,45
2140,5,3350,1721,1629,0,0,0,1.0,1,1.0,1,1.0,1,0.20137662682025045,44
2141,3,3353,1723,1630,0,0,0,1.0,1,1.0,1,1.0,1,0.19390309008037437,45
2142,3,3356,1725,1631,0,0,0,1.0,1,1.0,1,1.0,1,0.192088174242459,46
2143,1,3357,1726,1631,0,0,0,1.0,1,1.0,1,1.0,1,0.15548253093124592,46
2144,1,3358,1726,1632,0,0,0,1.0,1,1.0,1,1.0,1,0.14425399058023103,48
2145,4,3362,1730,1632,0,0,0,1.0,1,1.0,1,1.0,1,0.17935568684198153,46
2146,6,3368,1733,1635,0,0,0,1.0,1,1.0,1,1.0,1,0.15800253526523347,45
2147,3,3371,1736,1635,0,0,0,1.0,1,1.0,1,1.0,1,0.19607793134167928,44
2148,2,3373,1737,1636,0,0,0,1.0,1,1.0,1,1.0,1,0.1952892921426599,44
2149,1,3374,1738,1636,0,0,0,1.0,1,1.0,1,1.0,1,0.2349292549289664,42
2150,0,3374,1738,1636,0,0,0,1.0,1,1.0,1,1.0,1,0.2039474811909108,40
2151,1,3375,1739,1636,0,0,0,1.0,1,1.0,1,1.0,1,0.27354635493408447,39
2152,2,3377,1740,1637,0,0,0,1.0,1,1.0,1,1.0,1,0.2916497470415248,40
2153,0,3377,1740,1637,0,0,0,1.0,1,1.0,1,1.0,1,0.30544028845381466,42
2154,3,3380,1741,1639,0,0,0,1.0,1,1.0,1,1.0,1,0.31919371366430604,42
2155,4,3384,1743,1641,0,0,0,1.0,1,1.0,1,1.0,1,0.27807013122006424,41
2156,0,3384,1743,1641,0,0,0,1.0,1,1.0,1,1.0,1,0.2969194309486178,40
2157,1,3385,1744,1641,0,0,0,1.0,1,1.0,1,1.0,1,0.33133764696584767,40
2158,4,3389,1744,1645,0,0,0,1.0,1,1.0,1,1.0,1,0.29263695268095674,38
2159,0,3389,1744,1645,0,0,0,1.0,1,1.0,1,1.0,1,0.286825715977778,38
2160,2,3391,1744,1647,0,0,0,1.0,1,1.0,1,1.0,1,0.24195971893094412,38
2161,1,3392,1745,1647,0,0,0,1.0,1,1.0,1,1.0,1,0.23326709804663798,38
2162,1,3393,1746,1647,0,0,0,1.0,1,1.0,1,1.0,1,0.2505009140739224,38
2163,2,3395,1748,1647,0,0,0,1.0,1,1.0,1,1.0,1,0.27407165566559877,40
2164,4,3399,1750,1649,0,0,0,1.0,1,1.0,1,1.0,1,0.26130306109428664,41
2165,1,3400,1751,1649,0,0,0,1.0,1,1.0,1,1.0,1,0.26022406004502485,42
2166,1,3401,1751,1650,0,0,0,1.0,1,1.0,1,1.0,1,0.23980564357111164,42
2167,2,3403,1751,1652,0,0,0,1.0,1,1.0,1,1.0,1,0.16576811639772834,43
2168,0,3403,1751,1652,0,0,0,1.0,1,1.0,1,1.0,1,0.1591174770679149,43
2169,4,3407,1751,1656,0,0,0,1.0,1,1.0,1,1.0,1,0.15631953402508506,45
2170,1,3408,1752,1656,0,0,0,1.0,1,1.0,1,1.0,1,0.12101469556904476,46
2171,2,3410,1753,1657,0,0,0,1.0,1,1.0,1,1.0,1,0.0999455940911745,48
2172,0,3410,1753,1657,0,0,0,1.0,1,1.0,1,1.0,1,0.11267318224370634,49
2173,2,3412,1755,1657,0,0,0,1.0,1,1.0,1,1.0,1,0.1268882400634497,49
2174,2,3414,1757,1657,0,0,0,1.0,1,1.0,1,1.0,1,0.11835165958888003,49
2175,1,3415,1757,1658,0,0,0,1.0,1,1.0,1,1.0,1,0.09870807768651013,49
2176,4,3419,1760,1659,0,0,0,1.0,1,1.0,1,1.0,1,0.18626047633329004,51
2177,6,3425,1763,1662,0,0,0,1.0,1,1.0,1,1.0,1,0.18164608824208336,51
2178,3,3428,1765,1663,0,0,0,1.0,1,1.0,1,1.0,1,0.165614555567409,50
2179,0,3428,1765,1663,0,0,0,1.0,1,1.0,1,1.0,1,0.15474616361413876,49
2180,0,3428,1765,1663,0,0,0,1.0,1,1.0,1,1.0,1,0.15426906429801643,47
2181,2,3430,1766,1664,0,0,0,1.0,1,1.0,1,1.0,1,0.13119020719903365,47
2182,3,3433,1768,1665,0,0,0,1.0,1,1.0,1,1.0,1,0.18328888241769756,45
2183,1,3434,1769,1665,0,0,0,1.0,1,1.0,1,1.0,1,0.20944442249149392,44
2184,3,3437,1771,1666,0,0,0,1.0,1,1.0,1,1.0,1,0.25479795373749903,43
2185,6,3443,1774,1669,0,0,0,1.0,1,1.0,1,1.0,1,0.26144798717675605,40
2186,2,3445,1775,1670,0,0,0,1.0,1,1.0,1,1.0,1,0.2670663708647832,38
2187,3,3448,1777,1671,0,0,0,1.0,1,1.0,1,1.0,1,0.19429914854509234,35
2188,4,3452,1780,1672,0,0,0,1.0,1,1.0,1,1.0,1,0.24376009345021882,34
2189,1,3453,1781,1672,0,0,0,1.0,1,1.0,1,1.0,1,0.26134221977967037,31
2190,3,3456,1783,1673,0,0,0,1.0,1,1.0,1,1.0,1,0.22438267818304963,29
2191,1,3457,1784,1673,0,0,0,1.0,1,1.0,1,1.0,1,0.26232571115862136,28
2192,2,3459,1786,1673,0,0,0,1.0,1,1.0,1,1.0,1,0.33732952314673575,29
2193,3,3462,1788,1674,0,0,0,1.0,1,1.0,1,1.0,1,0.3576422824976693,28
2194,0,3462,1788,1674,0,0,0,1.0,1,1.0,1,1.0,1,0.3471546654353539,27
2195,3,3465,1790,1675,0,0,0,1.0,1,1.0,1,1.0,1,0.2623179344813115,27
2196,2,3467,1791,1676,0,0,0,1.0,1,1.0,1,1.0,1,0.3331330110413017,27
2197,1,3468,1791,1677,0,0,0,1.0,1,1.0,1,1.0,1,0.29307373835909356,27
2198,0,3468,1791,1677,0,0,0,1.0,1,1.0,1,1.0,1,0.2563961530341385,28
2199,1,3469,1791,1678,0,0,0,1.0,1,1.0,1,1.0,1,0.27502235371826395,29
2200,1,3470,1791,1679,0,0,0,1.0,1,1.0,1,1.0,1,0.27268690824449426,31
2201,2,3472,1793,1679,0,0,0,1.0,1,1.0,1,1.0,1,0.27057711921629735,32
2202,0,3472,1793,1679,0,0,0,1.0,1,1.0,1,1.0,1,0.28093184775904534,31
2203,0,3472,1793,1679,0,0,0,1.0,1,1.0,1,1.0,1,0.2714735508199479,32
2204,0,3472,1793,1679,0,0,0,1.0,1,1.0,1,1.0,1,0.2714735508199479,32
2205,1,3473,1794,1679,0,0,0,1.0,1,1.0,1,1.0,1,0.31679707685566666,33
2206,0,3473,1794,1679,0,0,0,1.0,1,1.0,1,1.0,1,0.3084792410685552,32
2207,2,3475,1794,1681,0,0,0,1.0,1,1.0,1,1.0,1,0.29138530059702017,33
2208,0,3475,1794,1681,0,0,0,1.0,1,1.0,1,1.0,1,0.2816650557400053,35
2209,1,3476,1794,1682,0,0,0,1.0,1,1.0,1,1.0,1,0.28162206910766463,36
2210,1,3477,1794,1683,0,0,0,1.0,1,1.0,1,1.0,1,0.22283203407986424,35
2211,0,3477,1794,1683,0,0,0,1.0,1,1.0,1,1.0,1,0.23819040929910396,36
2212,2,3479,1795,1684,0,0,0,1.0,1,1.0,1,1.0,1,0.2545428639913459,37
2213,4,3483,1796,1687,0,0,0,1.0,1,1.0,1,1.0,1,0.22229550316940971,37
2214,2,3485,1797,1688,0,0,0,1.0,1,1.0,1,1.0,1,0.23267137673545088,39
2215,2,3487,1799,1688,0,0,0,1.0,1,1.0,1,1.0,1,0.24599496063192783,36
2216,2,3489,1801,1688,0,0,0,1.0,1,1.0,1,1.0,1,0.29203296313942095,37
2217,1,3490,1802,1688,0,0,0,1.0,1,1.0,1,1.0,1,0.2863550153545238,35
2218,3,3493,1804,1689,0,0,0,1.0,1,1.0,1,1.0,1,0.3267938727938331,35
2219,0,3493,1804,1689,0,0,0,1.0,1,1.0,1,1.0,1,0.29970862455727637,33
2220,2,3495,1806,1689,0,0,0,1.0,1,1.0,1,1.0,1,0.29955717409509797,31
2221,4,3499,1808,1691,0,0,0,1.0,1,1.0,1,1.0,1,0.273916205671909,31
2222,3,3502,1809,1693,0,0,0,1.0,1,1.0,1,1.0,1,0.2248822029340341,30
2223,3,3505,1811,1694,0,0,0,1.0,1,1.0,1,1.0,1,0.2874913132666943,28
2224,2,3507,1812,1695,0,0,0,1.0,1,1.0,1,1.0,1,0.3041202737039816,29
2225,4,3511,1814,1697,0,0,0,1.0,1,1.0,1,1.0,1,0.25773249676229804,28
2226,4,3515,1815,1700,0,0,0,1.0,1,1.0,1,1.0,1,0.21814639715354425,30
2227,1,3516,1815,1701,0,0,0,1.0,1,1.0,1,1.0,1,0.2544677321553833,28
2228,1,3517,1816,1701,0,0,0,1.0,1,1.0,1,1.0,1,0.35128602134622067,29
2229,3,3520,1818,1702,0,0,0,1.0,1,1.0,1,1.0,1,0.22160913071892918,28
2230,0,3520,1818,1702,0,0,0,1.0,1,1.0,1,1.0,1,0.22023562559382243,28
2231,1,3521,1819,1702,0,0,0,1.0,1,1.0,1,1.0,1,0.23833063089238152,27
2232,0,3521,1819,1702,0,0,0,1.0,1,1.0,1,1.0,1,0.25493341687729193,27
2233,4,3525,1821,1704,0,0,0,1.0,1,1.0,1,1.0,1,0.27457266895392524,28
2234,1,3526,1821,1705,0,0,0,1.0,1,1.0,1,1.0,1,0.2541323876250066,26
2235,0,3526,1821,1705,0,0,0,1.0,1,1.0,1,1.0,1,0.2541323876250066,26
2236,1,3527,1821,1706,0,0,0,1.0,1,1.0,1,1.0,1,0.2941756755705697,26
2237,1,3528,1822,1706,0,0,0,1.0,1,1.0,1,1.0,1,0.23272761515000073,26
2238,2,3530,1824,1706,0,0,0,1.0,1,1.0,1,1.0,1,0.26207243983462875,27
2239,0,3530,1824,1706,0,0,0,1.0,1,1.0,1,1.0,1,0.2496581259757452,28
2240,1,3531,1825,1706,0,0,0,1.0,1,1.0,1,1.0,1,0.2884392764063408,30
2241,3,3534,1827,1707,0,0,0,1.0,1,1.0,1,1.0,1,0.25591931248158106,29
2242,1,3535,1828,1707,0,0,0,1.0,1,1.0,1,1.0,1,0.25840088905654296,29
2243,1,3536,1829,1707,0,0,0,1.0,1,1.0,1,1.0,1,0.28339352460319217,29
2244,0,3536,1829,1707,0,0,0,1.0,1,1.0,1,1.0,1,0.28339352460319217,29
2245,0,3536,1829,1707,0,0,0,1.0,1,1.0,1,1.0,1,0.29741505430087556,30
2246,0,3536,1829,1707,0,0,0,1.0,1,1.0,1,1.0,1,0.30222262997266014,33
2247,0,3536,1829,1707,0,0,0,1.0,1,1.0,1,1.0,1,0.30766471741310597,34
2248,0,3536,1829,1707,0,0,0,1.0,1,1.0,1,1.0,1,0.30766471741310597,34
2249,0,3536,1829,1707,0,0,0,1.0,1,1.0,1,1.0,1,0.2908110164860154,35
2250,0,3536,1829,1707,0,0,0,1.0,1,1.0,1,1.0,1,0.2908110164860154,35
2251,1,3537,1829,1708,0,0,0,1.0,1,1.0,1,1.0,1,0.26856469485401596,36
2252,3,3540,1830,1710,0,0,0,1.0,1,1.0,1,1.0,1,0.23988248854159216,37
2253,3,3543,1832,1711,0,0,0,1.0,1,1.0,1,1.0,1,0.2854127160862299,35
2254,2,3545,1833,1712,0,0,0,1.0,1,1.0,1,1.0,1,0.32964567752851925,33
2255,6,3551,1834,1717,0,0,0,1.0,1,1.0,1,1.0,1,0.21043878000176594,35
2256,2,3553,1836,1717,0,0,0,1.0,1,1.0,1,1.0,1,0.2375648118735955,34
2257,3,3556,1838,1718,0,0,0,1.0,1,1.0,1,1.0,1,0.22947255774830067,36
2258,2,3558,1840,1718,0,0,0,1.0,1,1.0,1,1.0,1,0.23104925266097306,35
2259,2,3560,1842,1718,0,0,0,1.0,1,1.0,1,1.0,1,0.29364944714636015,35
2260,2,3562,1842,1720,0,0,0,1.0,1,1.0,1,1.0,1,0.2250791580973194,33
2261,1,3563,1843,1720,0,0,0,1.0,1,1.0,1,1.0,1,0.23857795857882308,33
2262,1,3564,1844,1720,0,0,0,1.0,1,1.0,1,1.0,1,0.29940206746637804,32
2263,2,3566,1845,1721,0,0,0,1.0,1,1.0,1,1.0,1,0.29944759275818295,31
2264,1,3567,1846,1721,0,0,0,1.0,1,1.0,1,1.0,1,0.34843548316686773,30
2265,0,3567,1846,1721,0,0,0,1.0,1,1.0,1,1.0,1,0.3116757193887664,29
2266,4,3571,1848,1723,0,0,0,1.0,1,1.0,1,1.0,1,0.31899519271116056,30
2267,3,3574,1850,1724,0,0,0,1.0,1,1.0,1,1.0,1,0.3017984976962436,29
2268,2,3576,1852,1724,0,0,0,1.0,1,1.0,1,1.0,1,0.20936468539227088,30
2269,2,3578,1854,1724,0,0,0,1.0,1,1.0,1,1.0,1,0.209229979465493,31
2270,1,3579,1855,1724,0,0,0,1.0,1,1.0,1,1.0,1,0.2291294355730194,31
2271,6,3585,1859,1726,0,0,0,1.0,1,1.0,1,1.0,1,0.20050078313395597,31
2272,2,3587,1861,1726,0,0,0,1.0,1,1.0,1,1.0,1,0.2149674863604302,31
2273,1,3588,1862,1726,0,0,0,1.0,1,1.0,1,1.0,1,0.25253314539569593,30
2274,0,3588,1862,1726,0,0,0,1.0,1,1.0,1,1.0,1,0.2579302107793157,31
2275,1,3589,1862,1727,0,0,0,1.0,1,1.0,1,1.0,1,0.2330460492781002,32
2276,2,3591,1864,1727,0,0,0,1.0,1,1.0,1,1.0,1,0.2713847590812132,31
2277,0,3591,1864,1727,0,0,0,1.0,1,1.0,1,1.0,1,0.2555717633865744,31
2278,2,3593,1865,1728,0,0,0,1.0,1,1.0,1,1.0,1,0.2563840875962544,32
2279,1,3594,1865,1729,0,0,0,1.0,1,1.0,1,1.0,1,0.2466060714299966,32
2280,0,3594,1865,1729,0,0,0,1.0,1,1.0,1,1.0,1,0.26232051072303253,33
2281,2,3596,1865,1731,0,0,0,1.0,1,1.0,1,1.0,1,0.2256746806296676,34
2282,1,3597,1866,1731,0,0,0,1.0,1,1.0,1,1.0,1,0.2582418078202047,34
2283,0,3597,1866,1731,0,0,0,1.0,1,1.0,1,1.0,1,0.2582418078202047,34
2284,2,3599,1867,1732,0,0,0,1.0,1,1.0,1,1.0,1,0.2583402761580221,34
2285,1,3600,1868,1732,0,0,0,1.0,1,1.0,1,1.0,1,0.2559288173877899,35
2286,0,3600,1868,1732,0,0,0,1.0,1,1.0,1,1.0,1,0.2904272276982641,34
2287,1,3601,1869,1732,0,0,0,1.0,1,1.0,1,1.0,1,0.26209575805258334,35
2288,0,3601,1869,1732,0,0,0,1.0,1,1.0,1,1.0,1,0.25502026402127637,35
2289,1,3602,1870,1732,0,0,0,1.0,1,1.0,1,1.0,1,0.25533827365507056,37
2290,1,3603,1870,1733,0,0,0,1.0,1,1.0,1,1.0,1,0.24340790728315118,37
2291,2,3605,1872,1733,0,0,0,1.0,1,1.0,1,1.0,1,0.2672242616013233,35
2292,4,3609,1873,1736,0,0,0,1.0,1,1.0,1,1.0,1,0.31370315462926573,35
2293,1,3610,1874,1736,0,0,0,1.0,1,1.0,1,1.0,1,0.31376154462632877,34
2294,1,3611,1874,1737,0,0,0,1.0,1,1.0,1,1.0,1,0.2978446280377777,33
2295,2,3613,1875,1738,0,0,0,1.0,1,1.0,1,1.0,1,0.3095972606397294,34
2296,1,3614,1875,1739,0,0,0,1.0,1,1.0,1,1.0,1,0.33069882304809745,33
2297,0,3614,1875,1739,0,0,0,1.0,1,1.0,1,1.0,1,0.36220001587109785,32
2298,1,3615,1875,1740,0,0,0,1.0,1,1.0,1,1.0,1,0.36654038910378045,32
2299,0,3615,1875,1740,0,0,0,1.0,1,1.0,1,1.0,1,0.3503381446635923,33
2300,2,3617,1876,1741,0,0,0,1.0,1,1.0,1,1.0,1,0.3186687673898376,33
2301,0,3617,1876,1741,0,0,0,1.0,1,1.0,1,1.0,1,0.3186687673898376,33
2302,1,3618,1877,1741,0,0,0,1.0,1,1.0,1,1.0,1,0.2915228219764265,34
2303,5,3623,1881,1742,0,0,0,1.0,1,1.0,1,1.0,1,0.3227888452635238,34
2304,4,3627,1884,1743,0,0,0,1.0,1,1.0,1,1.0,1,0.2978006426981185,33
2305,3,3630,1885,1745,0,0,0,1.0,1,1.0,1,1.0,1,0.2802623581332659,33
2306,3,3633,1887,1746,0,0,0,1.0,1,1.0,1,1.0,1,0.3122312554088022,33
2307,1,3634,1887,1747,0,0,0,1.0,1,1.0,1,1.0,1,0.2684345707650476,35
2308,3,3637,1889,1748,0,0,0,1.0,1,1.0,1,1.0,1,0.25108917939124187,34
2309,2,3639,1891,1748,0,0,0,1.0,1,1.0,1,1.0,1,0.29435145568686066,34
2310,1,3640,1891,1749,0,0,0,1.0,1,1.0,1,1.0,1,0.24006194777886544,34
2311,0,3640,1891,1749,0,0,0,1.0,1,1.0,1,1.0,1,0.23653409407450438,35
2312,2,3642,1893,1749,0,0,0,1.0,1,1.0,1,1.0,1,0.2325781207516345,34
2313,1,3643,1894,1749,0,0,0,1.0,1,1.0,1,1.0,1,0.21468876109320786,35
2314,0,3643,1894,1749,0,0,0,1.0,1,1.0,1,1.0,1,0.2337964699543595,35
2315,1,3644,1894,1750,0,0,0,1.0,1,1.0,1,1.0,1,0.23590907001653216,34
2316,2,3646,1896,1750,0,0,0,1.0,1,1.0,1,1.0,1,0.3085960811769779,35
2317,1,3647,1896,1751,0,0,0,1.0,1,1.0,1,1.0,1,0.3001846877946211,32
2318,1,3648,1897,1751,0,0,0,1.0,1,1.0,1,1.0,1,0.3331211827428634,32
2319,1,3649,1898,1751,0,0,0,1.0,1,1.0,1,1.0,1,0.3857221330211079,32
2320,2,3651,1898,1753,0,0,0,1.0,1,1.0,1,1.0,1,0.3420526474437807,32
2321,2,3653,1898,1755,0,0,0,1.0,1,1.0,1,1.0,1,0.3269383878340071,33
2322,0,3653,1898,1755,0,0,0,1.0,1,1.0,1,1.0,1,0.3269383878340071,33
2323,0,3653,1898,1755,0,0,0,1.0,1,1.0,1,1.0,1,0.3269383878340071,33
2324,2,3655,1900,1755,0,0,0,1.0,1,1.0,1,1.0,1,0.3640486813106879,34
2325,1,3656,1900,1756,0,0,0,1.0,1,1.0,1,1.0,1,0.35416033687349735,35
2326,2,3658,1901,1757,0,0,0,1.0,1,1.0,1,1.0,1,0.35282193910229825,35
2327,3,3661,1901,1760,0,0,0,1.0,1,1.0,1,1.0,1,0.32669513586695836,36
2328,2,3663,1901,1762,0,0,0,1.0,1,1.0,1,1.0,1,0.3100426325179352,37
2329,0,3663,1901,1762,0,0,0,1.0,1,1.0,1,1.0,1,0.3065778913765642,37
2330,1,3664,1901,1763,0,0,0,1.0,1,1.0,1,1.0,1,0.2819179817695508,38
2331,1,3665,1901,1764,0,0,0,1.0,1,1.0,1,1.0,1,0.26739927531283686,40
2332,4,3669,1901,1768,0,0,0,1.0,1,1.0,1,1.0,1,0.203186988061225,40
2333,0,3669,1901,1768,0,0,0,1.0,1,1.0,1,1.0,1,0.2033794003313665,41
2334,0,3669,1901,1768,0,0,0,1.0,1,1.0,1,1.0,1,0.2033794003313665,41
2335,1,3670,1901,1769,0,0,0,1.0,1,1.0,1,1.0,1,0.19641315934699008,41
2336,0,3670,1901,1769,0,0,0,1.0,1,1.0,1,1.0,1,0.19641315934699008,41
2337,0,3670,1901,1769,0,0,0,1.0,1,1.0,1,1.0,1,0.2088508011338864,42
2338,0,3670,1901,1769,0,0,0,1.0,1,1.0,1,1.0,1,0.22649458441771156,43
2339,0,3670,1901,1769,0,0,0,1.0,1,1.0,1,1.0,1,0.22649458441771156,43
2340,1,3671,1901,1770,0,0,0,1.0,1,1.0,1,1.0,1,0.22900700918338654,45
2341,2,3673,1901,1772,0,0,0,1.0,1,1.0,1,1.0,1,0.18929576390856168,45
2342,1,3674,1902,1772,0,0,0,1.0,1,1.0,1,1.0,1,0.22538805036669207,46
2343,6,3680,1903,1777,0,0,0,1.0,1,1.0,1,1.0,1,0.18907546217948745,45
2344,4,3684,1905,1779,0,0,0,1.0,1,1.0,1,1.0,1,0.22256374892892794,44
2345,2,3686,1906,1780,0,0,0,1.0,1,1.0,1,1.0,1,0.19590022038312496,44
2346,1,3687,1907,1780,0,0,0,1.0,1,1.0,1,1.0,1,0.21166484494320317,44
2347,3,3690,1908,1782,0,0,0,1.0,1,1.0,1,1.0,1,0.19907926537064408,44
2348,1,3691,1908,1783,0,0,0,1.0,1,1.0,1,1.0,1,0.17885683801111407,45
2349,0,3691,1908,1783,0,0,0,1.0,1,1.0,1,1.0,1,0.1972175416330929,46
2350,1,3692,1908,1784,0,0,0,1.0,1,1.0,1,1.0,1,0.20301706882000875,47
2351,3,3695,1908,1787,0,0,0,1.0,1,1.0,1,1.0,1,0.13854467082868982,47
2352,2,3697,1909,1788,0,0,0,1.0,1,1.0,1,1.0,1,0.15693144313380522,47
2353,3,3700,1909,1791,0,0,0,1.0,1,1.0,1,1.0,1,0.07203948049659507,46
2354,1,3701,1910,1791,0,0,0,1.0,1,1.0,1,1.0,1,0.08907574803106137,47
2355,0,3701,1910,1791,0,0,0,1.0,1,1.0,1,1.0,1,0.08907574803106137,47
2356,1,3702,1911,1791,0,0,0,1.0,1,1.0,1,1.0,1,0.1140900983338162,47
2357,2,3704,1912,1792,0,0,0,1.0,1,1.0,1,1.0,1,0.07554696285759573,47
2358,1,3705,1913,1792,0,0,0,1.0,1,1.0,1,1.0,1,0.1241098251362736,48
2359,2,3707,1914,1793,0,0,0,1.0,1,1.0,1,1.0,1,0.14145706887718384,49
2360,2,3709,1914,1795,0,0,0,1.0,1,1.0,1,1.0,1,0.10119640445235029,49
2361,1,3710,1914,1796,0,0,0,1.0,1,1.0,1,1.0,1,0.10603613476391015,50
2362,0,3710,1914,1796,0,0,0,1.0,1,1.0,1,1.0,1,0.10585949972700995,51
2363,0,3710,1914,1796,0,0,0,1.0,1,1.0,1,1.0,1,0.10585949972700995,51
2364,0,3710,1914,1796,0,0,0,1.0,1,1.0,1,1.0,1,0.11400604321762886,52
2365,4,3714,1917,1797,0,0,0,1.0,1,1.0,1,1.0,1,0.15315428865007694,53
2366,5,3719,1920,1799,0,0,0,1.0,1,1.0,1,1.0,1,0.16172761734352242,54
2367,2,3721,1922,1799,0,0,0,1.0,1,1.0,1,1.0,1,0.18902240984499144,52
2368,4,3725,1925,1800,0,0,0,1.0,1,1.0,1,1.0,1,0.21080112760872755,51
2369,6,3731,1926,1805,0,0,0,1.0,1,1.0,1,1.0,1,0.1570781196664743,51
2370,4,3735,1930,1805,0,0,0,1.0,1,1.0,1,1.0,1,0.17402218544485545,52
2371,2,3737,1931,1806,0,0,0,1.0,1,1.0,1,1.0,1,0.1654667091972928,52
2372,2,3739,1933,1806,0,0,0,1.0,1,1.0,1,1.0,1,0.25826108416288873,49
2373,4,3743,1936,1807,0,0,0,1.0,1,1.0,1,1.0,1,0.2752633131157597,47
2374,2,3745,1936,1809,0,0,0,1.0,1,1.0,1,1.0,1,0.2115764319751343,45
2375,0,3745,1936,1809,0,0,0,1.0,1,1.0,1,1.0,1,0.18145601522223712,45
2376,0,3745,1936,1809,0,0,0,1.0,1,1.0,1,1.0,1,0.18982270774028764,43
2377,2,3747,1937,1810,0,0,0,1.0,1,1.0,1,1.0,1,0.1569238664702648,44
2378,0,3747,1937,1810,0,0,0,1.0,1,1.0,1,1.0,1,0.148174651559691,43
2379,0,3747,1937,1810,0,0,0,1.0,1,1.0,1,1.0,1,0.148174651559691,43
2380,2,3749,1939,1810,0,0,0,1.0,1,1.0,1,1.0,1,0.16881588185492274,43
2381,1,3750,1940,1810,0,0,0,1.0,1,1.0,1,1.0,1,0.19369685245815602,44
2382,3,3753,1943,1810,0,0,0,1.0,1,1.0,1,1.0,1,0.22455588325692927,44
2383,5,3758,1946,1812,0,0,0,1.0,1,1.0,1,1.0,1,0.20176998274839567,45
2384,0,3758,1946,1812,0,0,0,1.0,1,1.0,1,1.0,1,0.17801271589282017,45
2385,3,3761,1947,1814,0,0,0,1.0,1,1.0,1,1.0,1,0.17733862917374943,45
2386,3,3764,1949,1815,0,0,0,1.0,1,1.0,1,1.0,1,0.21947954213996426,46
2387,2,3766,1951,1815,0,0,0,1.0,1,1.0,1,1.0,1,0.1460944068942473,44
2388,2,3768,1953,1815,0,0,0,1.0,1,1.0,1,1.0,1,0.18785633043746544,44
2389,2,3770,1953,1817,0,0,0,1.0,1,1.0,1,1.0,1,0.14569180669447096,43
2390,3,3773,1955,1818,0,0,0,1.0,1,1.0,1,1.0,1,0.11813258450878004,44
2391,1,3774,1956,1818,0,0,0,1.0,1,1.0,1,1.0,1,0.12052709722004805,43
2392,3,3777,1958,1819,0,0,0,1.0,1,1.0,1,1.0,1,0.19015662299829245,44
2393,1,3778,1958,1820,0,0,0,1.0,1,1.0,1,1.0,1,0.16138917985286141,45
2394,0,3778,1958,1820,0,0,0,1.0,1,1.0,1,1.0,1,0.1539120861054942,44
2395,2,3780,1958,1822,0,0,0,1.0,1,1.0,1,1.0,1,0.08033675252795022,44
2396,2,3782,1960,1822,0,0,0,1.0,1,1.0,1,1.0,1,0.10813665475792407,45
2397,0,3782,1960,1822,0,0,0,1.0,1,1.0,1,1.0,1,0.13772092633919877,44
2398,1,3783,1961,1822,0,0,0,1.0,1,1.0,1,1.0,1,0.17829993094172922,44
2399,0,3783,1961,1822,0,0,0,1.0,1,1.0,1,1.0,1,0.1896387237769264,45
2400,0,3783,1961,1822,0,0,0,1.0,1,1.0,1,1.0,1,0.1896387237769264,45
2401,1,3784,1961,1823,0,0,0,1.0,1,1.0,1,1.0,1,0.17053690306700917,46
2402,0,3784,1961,1823,0,0,0,1.0,1,1.0,1,1.0,1,0.1805187395176097,47
2403,2,3786,1963,1823,0,0,0,1.0,1,1.0,1,1.0,1,0.20793695364366843,48
2404,5,3791,1967,1824,0,0,0,1.0,1,1.0,1,1.0,1,0.16929604250235838,47
2405,0,3791,1967,1824,0,0,0,1.0,1,1.0,1,1.0,1,0.1742056489697996,45
2406,2,3793,1969,1824,0,0,0,1.0,1,1.0,1,1.0,1,0.20667034657181754,45
2407,1,3794,1970,1824,0,0,0,1.0,1,1.0,1,1.0,1,0.21063245718104462,42
2408,1,3795,1970,1825,0,0,0,1.0,1,1.0,1,1.0,1,0.22531678045036574,41
2409,4,3799,1972,1827,0,0,0,1.0,1,1.0,1,1.0,1,0.17266870022935082,41
2410,3,3802,1972,1830,0,0,0,1.0,1,1.0,1,1.0,1,0.19067817054710673,40
2411,2,3804,1974,1830,0,0,0,1.0,1,1.0,1,1.0,1,0.18514523740935626,40
2412,1,3805,1975,1830,0,0,0,1.0,1,1.0,1,1.0,1,0.22117808826180765,38
2413,7,3812,1979,1833,0,0,0,1.0,1,1.0,1,1.0,1,0.20318683982893881,38
2414,2,3814,1981,1833,0,0,0,1.0,1,1.0,1,1.0,1,0.18868068958457312,36
2415,1,3815,1982,1833,0,0,0,1.0,1,1.0,1,1.0,1,0.23267750819084274,36
2416,2,3817,1983,1834,0,0,0,1.0,1,1.0,1,1.0,1,0.2261214783697568,35
2417,0,3817,1983,1834,0,0,0,1.0,1,1.0,1,1.0,1,0.2971073815169523,33
2418,1,3818,1983,1835,0,0,0,1.0,1,1.0,1,1.0,1,0.25101594497748325,33
2419,3,3821,1984,1837,0,0,0,1.0,1,1.0,1,1.0,1,0.22984218895015165,33
2420,2,3823,1985,1838,0,0,0,1.0,1,1.0,1,1.0,1,0.20532220357572986,34
2421,3,3826,1986,1840,0,0,0,1.0,1,1.0,1,1.0,1,0.23441584655678507,34
2422,3,3829,1989,1840,0,0,0,1.0,1,1.0,1,1.0,1,0.2509011291118065,35
2423,4,3833,1991,1842,0,0,0,1.0,1,1.0,1,1.0,1,0.2537572895612664,36
2424,3,3836,1994,1842,0,0,0,1.0,1,1.0,1,1.0,1,0.24460642584849063,35
2425,4,3840,1996,1844,0,0,0,1.0,1,1.0,1,1.0,1,0.16444390518336685,33
2426,0,3840,1996,1844,0,0,0,1.0,1,1.0,1,1.0,1,0.17971049571024028,34
2427,1,3841,1996,1845,0,0,0,1.0,1,1.0,1,1.0,1,0.16053410826268721,34
2428,1,3842,1997,1845,0,0,0,1.0,1,1.0,1,1.0,1,0.14273306349286988,34
2429,0,3842,1997,1845,0,0,0,1.0,1,1.0,1,1.0,1,0.18001541305931376,34
2430,0,3842,1997,1845,0,0,0,1.0,1,1.0,1,1.0,1,0.20653500084087342,33
2431,2,3844,1999,1845,0,0,0,1.0,1,1.0,1,1.0,1,0.18961371954835723,33
2432,0,3844,1999,1845,0,0,0,1.0,1,1.0,1,1.0,1,0.22243881725344522,33
2433,1,3845,2000,1845,0,0,0,1.0,1,1.0,1,1.0,1,0.21777950685612893,34
2434,1,3846,2000,1846,0,0,0,1.0,1,1.0,1,1.0,1,0.18954504719057685,34
2435,0,3846,2000,1846,0,0,0,1.0,1,1.0,1,1.0,1,0.18954504719057685,34
2436,1,3847,2001,1846,0,0,0,1.0,1,1.0,1,1.0,1,0.13609982478077876,33
2437,0,3847,2001,1846,0,0,0,1.0,1,1.0,1,1.0,1,0.13609982478077876,33
2438,1,3848,2002,1846,0,0,0,1.0,1,1.0,1,1.0,1,0.20776352715911908,34
2439,1,3849,2002,1847,0,0,0,1.0,1,1.0,1,1.0,1,0.20540764172371248,35
2440,0,3849,2002,1847,0,0,0,1.0,1,1.0,1,1.0,1,0.20540764172371248,35
2441,3,3852,2005,1847,0,0,0,1.0,1,1.0,1,1.0,1,0.2795237992303979,35
2442,1,3853,2005,1848,0,0,0,1.0,1,1.0,1,1.0,1,0.2183632325563138,35
2443,6,3859,2008,1851,0,0,0,1.0,1,1.0,1,1.0,1,0.22149638553103862,35
2444,3,3862,2010,1852,0,0,0,1.0,1,1.0,1,1.0,1,0.26746212012437404,34
2445,6,3868,2012,1856,0,0,0,1.0,1,1.0,1,1.0,1,0.3073333348629462,33
2446,5,3873,2013,1860,0,0,0,1.0,1,1.0,1,1.0,1,0.2671621912483264,30
2447,0,3873,2013,1860,0,0,0,1.0,1,1.0,1,1.0,1,0.2524347068012819,29
2448,2,3875,2015,1860,0,0,0,1.0,1,1.0,1,1.0,1,0.2771244219656963,27
2449,1,3876,2015,1861,0,0,0,1.0,1,1.0,1,1.0,1,0.24795887817490844,26
2450,3,3879,2017,1862,0,0,0,1.0,1,1.0,1,1.0,1,0.21545434469503766,28
2451,0,3879,2017,1862,0,0,0,1.0,1,1.0,1,1.0,1,0.21545434469503766,28
2452,0,3879,2017,1862,0,0,0,1.0,1,1.0,1,1.0,1,0.2307580879775134,29
2453,1,3880,2018,1862,0,0,0,1.0,1,1.0,1,1.0,1,0.23271791498970487,30
2454,1,3881,2018,1863,0,0,0,1.0,1,1.0,1,1.0,1,0.19157499784243281,32
2455,2,3883,2019,1864,0,0,0,1.0,1,1.0,1,1.0,1,0.15169396045758668,33
2456,0,3883,2019,1864,0,0,0,1.0,1,1.0,1,1.0,1,0.15895079187189592,34
2457,1,3884,2020,1864,0,0,0,1.0,1,1.0,1,1.0,1,0.18896566357242692,34
2458,0,3884,2020,1864,0,0,0,1.0,1,1.0,1,1.0,1,0.22594366277806643,36
2459,0,3884,2020,1864,0,0,0,1.0,1,1.0,1,1.0,1,0.22594366277806643,36
2460,4,3888,2023,1865,0,0,0,1.0,1,1.0,1,1.0,1,0.24667959837344933,37
2461,0,3888,2023,1865,0,0,0,1.0,1,1.0,1,1.0,1,0.24667959837344933,37
2462,6,3894,2025,1869,0,0,0,1.0,1,1.0,1,1.0,1,0.26211113489280474,38
2463,2,3896,2026,1870,0,0,0,1.0,1,1.0,1,1.0,1,0.2268501422810763,38
2464,2,3898,2027,1871,0,0,0,1.0,1,1.0,1,1.0,1,0.1787602426477829,37
2465,0,3898,2027,1871,0,0,0,1.0,1,1.0,1,1.0,1,0.15354921388510342,36
2466,2,3900,2029,1871,0,0,0,1.0,1,1.0,1,1.0,1,0.2274119118713295,36
2467,1,3901,2030,1871,0,0,0,1.0,1,1.0,1,1.0,1,0.22744955405270326,34
2468,0,3901,2030,1871,0,0,0,1.0,1,1.0,1,1.0,1,0.24006996603851183,33
2469,2,3903,2032,1871,0,0,0,1.0,1,1.0,1,1.0,1,0.2501826142200532,32
2470,5,3908,2035,1873,0,0,0,1.0,1,1.0,1,1.0,1,0.3400812870933385,33
2471,0,3908,2035,1873,0,0,0,1.0,1,1.0,1,1.0,1,0.31427142644920414,31
2472,0,3908,2035,1873,0,0,0,1.0,1,1.0,1,1.0,1,0.3085791147918119,32
2473,2,3910,2035,1875,0,0,0,1.0,1,1.0,1,1.0,1,0.2600370908508046,31
2474,1,3911,2035,1876,0,0,0,1.0,1,1.0,1,1.0,1,0.26100158813890945,33
2475,1,3912,2036,1876,0,0,0,1.0,1,1.0,1,1.0,1,0.24889135477530572,33
2476,2,3914,2037,1877,0,0,0,1.0,1,1.0,1,1.0,1,0.25646623312935535,33
2477,2,3916,2038,1878,0,0,0,1.0,1,1.0,1,1.0,1,0.27083067608248146,33
2478,3,3919,2039,1880,0,0,0,1.0,1,1.0,1,1.0,1,0.18706006070576608,33
2479,3,3922,2041,1881,0,0,0,1.0,1,1.0,1,1.0,1,0.20381545719416125,33
2480,3,3925,2043,1882,0,0,0,1.0,1,1.0,1,1.0,1,0.2504697553926082,34
2481,1,3926,2044,1882,0,0,0,1.0,1,1.0,1,1.0,1,0.22480880463297587,33
2482,3,3929,2045,1884,0,0,0,1.0,1,1.0,1,1.0,1,0.20214750216564464,34
2483,2,3931,2046,1885,0,0,0,1.0,1,1.0,1,1.0,1,0.22062426941854504,33
2484,3,3934,2048,1886,0,0,0,1.0,1,1.0,1,1.0,1,0.2604309705921797,32
2485,1,3935,2048,1887,0,0,0,1.0,1,1.0,1,1.0,1,0.23297699387326173,31
2486,3,3938,2050,1888,0,0,0,1.0,1,1.0,1,1.0,1,0.2558737000739392,29
2487,0,3938,2050,1888,0,0,0,1.0,1,1.0,1,1.0,1,0.2558737000739392,29
2488,2,3940,2052,1888,0,0,0,1.0,1,1.0,1,1.0,1,0.30632166501719005,30
2489,0,3940,2052,1888,0,0,0,1.0,1,1.0,1,1.0,1,0.2816482496683722,29
2490,2,3942,2054,1888,0,0,0,1.0,1,1.0,1,1.0,1,0.3212548302833744,30
2491,1,3943,2054,1889,0,0,0,1.0,1,1.0,1,1.0,1,0.274430500741014,30
2492,1,3944,2055,1889,0,0,0,1.0,1,1.0,1,1.0,1,0.2633161774617206,29
2493,1,3945,2055,1890,0,0,0,1.0,1,1.0,1,1.0,1,0.22300170147832524,29
2494,0,3945,2055,1890,0,0,0,1.0,1,1.0,1,1.0,1,0.26258040722604137,28
2495,1,3946,2056,1890,0,0,0,1.0,1,1.0,1,1.0,1,0.29710168386802943,29
2496,0,3946,2056,1890,0,0,0,1.0,1,1.0,1,1.0,1,0.2928329648802411,28
2497,0,3946,2056,1890,0,0,0,1.0,1,1.0,1,1.0,1,0.3012637220296716,28
2498,0,3946,2056,1890,0,0,0,1.0,1,1.0,1,1.0,1,0.32359148495014234,29
2499,1,3947,2057,1890,0,0,0,1.0,1,1.0,1,1.0,1,0.3686542231674009,30
2500,3,3950,2059,1891,0,0,0,1.0,1,1.0,1,1.0,1,0.32868302826601914,29
2501,6,3956,2062,1894,0,0,0,1.0,1,1.0,1,1.0,1,0.2548507900946091,33
2502,6,3962,2065,1897,0,0,0,1.0,1,1.0,1,1.0,1,0.20575365307919297,33
2503,1,3963,2065,1898,0,0,0,1.0,1,1.0,1,1.0,1,0.1494422148706361,31
2504,5,3968,2070,1898,0,0,0,1.0,1,1.0,1,1.0,1,0.2362981905760377,31
2505,2,3970,2071,1899,0,0,0,1.0,1,1.0,1,1.0,1,0.2323221297087476,32
2506,2,3972,2072,1900,0,0,0,1.0,1,1.0,1,1.0,1,0.23285818090257973,31
2507,1,3973,2073,1900,0,0,0,1.0,1,1.0,1,1.0,1,0.1943203520131329,29
2508,4,3977,2077,1900,0,0,0,1.0,1,1.0,1,1.0,1,0.2256772408400785,31
2509,0,3977,2077,1900,0,0,0,1.0,1,1.0,1,1.0,1,0.1998514703574843,30
2510,0,3977,2077,1900,0,0,0,1.0,1,1.0,1,1.0,1,0.20141809396382668,31
2511,1,3978,2078,1900,0,0,0,1.0,1,1.0,1,1.0,1,0.2358456183883388,32
2512,2,3980,2080,1900,0,0,0,1.0,1,1.0,1,1.0,1,0.2591181824585107,32
2513,3,3983,2082,1901,0,0,0,1.0,1,1.0,1,1.0,1,0.22461788390538648,34
2514,1,3984,2083,1901,0,0,0,1.0,1,1.0,1,1.0,1,0.2694000328238963,35
2515,3,3987,2084,1903,0,0,0,1.0,1,1.0,1,1.0,1,0.22788635837123689,35
2516,3,3990,2086,1904,0,0,0,1.0,1,1.0,1,1.0,1,0.1992994967753886,34
2517,1,3991,2087,1904,0,0,0,1.0,1,1.0,1,1.0,1,0.23511246491561685,34
2518,2,3993,2088,1905,0,0,0,1.0,1,1.0,1,1.0,1,0.24982118569717665,33
2519,2,3995,2089,1906,0,0,0,1.0,1,1.0,1,1.0,1,0.17934503703115537,32
2520,1,3996,2090,1906,0,0,0,1.0,1,1.0,1,1.0,1,0.24653125284961624,31
2521,1,3997,2091,1906,0,0,0,1.0,1,1.0,1,1.0,1,0.20763809138236303,31
2522,0,3997,2091,1906,0,0,0,1.0,1,1.0,1,1.0,1,0.2632857273478379,30
2523,0,3997,2091,1906,0,0,0,1.0,1,1.0,1,1.0,1,0.2535153286318942,30
2524,0,3997,2091,1906,0,0,0,1.0,1,1.0,1,1.0,1,0.29820566298626994,29
2525,1,3998,2092,1906,0,0,0,1.0,1,1.0,1,1.0,1,0.34929801377711706,29
2526,0,3998,2092,1906,0,0,0,1.0,1,1.0,1,1.0,1,0.36961789290234465,27
2527,0,3998,2092,1906,0,0,0,1.0,1,1.0,1,1.0,1,0.3747651091133867,28
2528,0,3998,2092,1906,0,0,0,1.0,1,1.0,1,1.0,1,0.3747651091133867,28
2529,0,3998,2092,1906,0,0,0,1.0,1,1.0,1,1.0,1,0.3747651091133867,28
2530,0,3998,2092,1906,0,0,0,1.0,1,1.0,1,1.0,1,0.38666030841427984,29
2531,1,3999,2092,1907,0,0,0,1.0,1,1.0,1,1.0,1,0.3817385758586773,30
2532,0,3999,2092,1907,0,0,0,1.0,1,1.0,1,1.0,1,0.3887550511666012,31
2533,0,3999,2092,1907,0,0,0,1.0,1,1.0,1,1.0,1,0.3887550511666012,31
2534,0,3999,2092,1907,0,0,0,1.0,1,1.0,1,1.0,1,0.3887550511666012,31
2535,1,4000,2093,1907,0,0,0,1.0,1,1.0,1,1.0,1,0.43166843766939006,31
2536,2,4002,2094,1908,0,0,0,1.0,1,1.0,1,1.0,1,0.39839950836551635,32
2537,1,4003,2095,1908,0,0,0,1.0,1,1.0,1,1.0,1,0.36011374467878887,33
2538,1,4004,2095,1909,0,0,0,1.0,1,1.0,1,1.0,1,0.3417066303614789,35
2539,6,4010,2098,1912,0,0,0,1.0,1,1.0,1,1.0,1,0.3179810460891115,37
2540,4,4014,2101,1913,0,0,0,1.0,1,1.0,1,1.0,1,0.32842758661593535,38
2541,3,4017,2102,1915,0,0,0,1.0,1,1.0,1,1.0,1,0.2685135695600897,39
2542,4,4021,2105,1916,0,0,0,1.0,1,1.0,1,1.0,1,0.3176390829028499,38
2543,3,4024,2107,1917,0,0,0,1.0,1,1.0,1,1.0,1,0.3155714099962714,41
2544,2,4026,2109,1917,0,0,0,1.0,1,1.0,1,1.0,1,0.3252550038222323,39
2545,6,4032,2110,1922,0,0,0,1.0,1,1.0,1,1.0,1,0.2924819350364187,40
2546,0,4032,2110,1922,0,0,0,1.0,1,1.0,1,1.0,1,0.26154222072008426,38
2547,3,4035,2113,1922,0,0,0,1.0,1,1.0,1,1.0,1,0.3295837826850642,38
2548,1,4036,2113,1923,0,0,0,1.0,1,1.0,1,1.0,1,0.29812058667482066,35
2549,3,4039,2116,1923,0,0,0,1.0,1,1.0,1,1.0,1,0.3965114828069382,35
2550,2,4041,2117,1924,0,0,0,1.0,1,1.0,1,1.0,1,0.40684769489905354,33
2551,2,4043,2118,1925,0,0,0,1.0,1,1.0,1,1.0,1,0.44957465083733417,31
2552,0,4043,2118,1925,0,0,0,1.0,1,1.0,1,1.0,1,0.4444668109479713,30
2553,0,4043,2118,1925,0,0,0,1.0,1,1.0,1,1.0,1,0.4444668109479713,30
2554,5,4048,2118,1930,0,0,0,1.0,1,1.0,1,1.0,1,0.33562459006844064,32
2555,1,4049,2119,1930,0,0,0,1.0,1,1.0,1,1.0,1,0.39817289081995916,32
2556,0,4049,2119,1930,0,0,0,1.0,1,1.0,1,1.0,1,0.39640723471831446,32
2557,2,4051,2119,1932,0,0,0,1.0,1,1.0,1,1.0,1,0.31287300686479347,30
2558,2,4053,2120,1933,0,0,0,1.0,1,1.0,1,1.0,1,0.33211325961019916,31
2559,1,4054,2120,1934,0,0,0,1.0,1,1.0,1,1.0,1,0.29792166484489063,30
2560,1,4055,2120,1935,0,0,0,1.0,1,1.0,1,1.0,1,0.272108921895562,30
2561,0,4055,2120,1935,0,0,0,1.0,1,1.0,1,1.0,1,0.272108921895562,30
2562,1,4056,2120,1936,0,0,0,1.0,1,1.0,1,1.0,1,0.28146715677727935,33
2563,0,4056,2120,1936,0,0,0,1.0,1,1.0,1,1.0,1,0.28146715677727935,33
2564,0,4056,2120,1936,0,0,0,1.0,1,1.0,1,1.0,1,0.28146715677727935,33
2565,1,4057,2121,1936,0,0,0,1.0,1,1.0,1,1.0,1,0.2556140209933809,33
2566,2,4059,2122,1937,0,0,0,1.0,1,1.0,1,1.0,1,0.2561286153149146,35
2567,2,4061,2123,1938,0,0,0,1.0,1,1.0,1,1.0,1,0.26120359825653805,36
2568,1,4062,2124,1938,0,0,0,1.0,1,1.0,1,1.0,1,0.2960638486272116,37
2569,1,4063,2124,1939,0,0,0,1.0,1,1.0,1,1.0,1,0.28064640154886605,37
2570,1,4064,2124,1940,0,0,0,1.0,1,1.0,1,1.0,1,0.27773683023694934,37
2571,2,4066,2124,1942,0,0,0,1.0,1,1.0,1,1.0,1,0.24630425924448565,37
2572,0,4066,2124,1942,0,0,0,1.0,1,1.0,1,1.0,1,0.25296931766252456,39
2573,0,4066,2124,1942,0,0,0,1.0,1,1.0,1,1.0,1,0.25296931766252456,39
2574,0,4066,2124,1942,0,0,0,1.0,1,1.0,1,1.0,1,0.27715801070862334,38
2575,1,4067,2124,1943,0,0,0,1.0,1,1.0,1,1.0,1,0.2593191510084982,38
2576,0,4067,2124,1943,0,0,0,1.0,1,1.0,1,1.0,1,0.27052178438314783,37
2577,1,4068,2124,1944,0,0,0,1.0,1,1.0,1,1.0,1,0.28002657884280396,39
2578,0,4068,2124,1944,0,0,0,1.0,1,1.0,1,1.0,1,0.293939221964977,40
2579,0,4068,2124,1944,0,0,0,1.0,1,1.0,1,1.0,1,0.285378622740456,41
2580,2,4070,2124,1946,0,0,0,1.0,1,1.0,1,1.0,1,0.26401965295554564,42
2581,0,4070,2124,1946,0,0,0,1.0,1,1.0,1,1.0,1,0.2639870967494599,43
2582,1,4071,2125,1946,0,0,0,1.0,1,1.0,1,1.0,1,0.28989423978922807,43
2583,4,4075,2126,1949,0,0,0,1.0,1,1.0,1,1.0,1,0.2752890788502668,43
2584,1,4076,2126,1950,0,0,0,1.0,1,1.0,1,1.0,1,0.22713362915898327,43
2585,5,4081,2127,1954,0,0,0,1.0,1,1.0,1,1.0,1,0.19073325483044618,44
2586,0,4081,2127,1954,0,0,0,1.0,1,1.0,1,1.0,1,0.177276603911016,43
2587,2,4083,2128,1955,0,0,0,1.0,1,1.0,1,1.0,1,0.2118716119297682,44
2588,0,4083,2128,1955,0,0,0,1.0,1,1.0,1,1.0,1,0.2118716119297682,44
2589,1,4084,2129,1955,0,0,0,1.0,1,1.0,1,1.0,1,0.23863846541745837,44
2590,2,4086,2129,1957,0,0,0,1.0,1,1.0,1,1.0,1,0.20793333807888087,44
2591,0,4086,2129,1957,0,0,0,1.0,1,1.0,1,1.0,1,0.20793333807888087,44
2592,1,4087,2130,1957,0,0,0,1.0,1,1.0,1,1.0,1,0.22847200634107542,44
2593,1,4088,2131,1957,0,0,0,1.0,1,1.0,1,1.0,1,0.19755714717925593,43
2594,5,4093,2133,1960,0,0,0,1.0,1,1.0,1,1.0,1,0.22183359345218617,48
2595,1,4094,2134,1960,0,0,0,1.0,1,1.0,1,1.0,1,0.2191527817548633,45
2596,3,4097,2136,1961,0,0,0,1.0,1,1.0,1,1.0,1,0.24975297936386615,46
2597,2,4099,2138,1961,0,0,0,1.0,1,1.0,1,1.0,1,0.249040390849425,45
2598,0,4099,2138,1961,0,0,0,1.0,1,1.0,1,1.0,1,0.249040390849425,45
2599,4,4103,2139,1964,0,0,0,1.0,1,1.0,1,1.0,1,0.20344512389156344,45
2600,5,4108,2141,1967,0,0,0,1.0,1,1.0,1,1.0,1,0.1810698307999643,48
2601,1,4109,2142,1967,0,0,0,1.0,1,1.0,1,1.0,1,0.21027420812293748,47
2602,4,4113,2142,1971,0,0,0,1.0,1,1.0,1,1.0,1,0.1646484855764504,48
2603,0,4113,2142,1971,0,0,0,1.0,1,1.0,1,1.0,1,0.1646484855764504,48
2604,0,4113,2142,1971,0,0,0,1.0,1,1.0,1,1.0,1,0.17398631829220915,47
2605,2,4115,2144,1971,0,0,0,1.0,1,1.0,1,1.0,1,0.22383270978918707,47
2606,0,4115,2144,1971,0,0,0,1.0,1,1.0,1,1.0,1,0.21573265636862915,46
2607,2,4117,2145,1972,0,0,0,1.0,1,1.0,1,1.0,1,0.24576504164091464,45
2608,4,4121,2145,1976,0,0,0,1.0,1,1.0,1,1.0,1,0.1458141631897593,45
2609,1,4122,2146,1976,0,0,0,1.0,1,1.0,1,1.0,1,0.180229614412556,44
2610,1,4123,2147,1976,0,0,0,1.0,1,1.0,1,1.0,1,0.20236180249249108,45
2611,3,4126,2150,1976,0,0,0,1.0,1,1.0,1,1.0,1,0.18856477626741427,46
2612,2,4128,2151,1977,0,0,0,1.0,1,1.0,1,1.0,1,0.1946516401461703,47
2613,1,4129,2152,1977,0,0,0,1.0,1,1.0,1,1.0,1,0.2097579644824621,48
2614,4,4133,2154,1979,0,0,0,1.0,1,1.0,1,1.0,1,0.22301285042926125,48
2615,1,4134,2155,1979,0,0,0,1.0,1,1.0,1,1.0,1,0.20979509616014763,49
2616,0,4134,2155,1979,0,0,0,1.0,1,1.0,1,1.0,1,0.20979509616014763,49
2617,3,4137,2155,1982,0,0,0,1.0,1,1.0,1,1.0,1,0.1366416757211307,48
2618,0,4137,2155,1982,0,0,0,1.0,1,1.0,1,1.0,1,0.15176501985613675,47
2619,0,4137,2155,1982,0,0,0,1.0,1,1.0,1,1.0,1,0.16160538149383186,50
2620,2,4139,2155,1984,0,0,0,1.0,1,1.0,1,1.0,1,0.14016210256779077,51
2621,0,4139,2155,1984,0,0,0,1.0,1,1.0,1,1.0,1,0.13959749169343177,52
2622,1,4140,2156,1984,0,0,0,1.0,1,1.0,1,1.0,1,0.14850672152178404,52
2623,2,4142,2157,1985,0,0,0,1.0,1,1.0,1,1.0,1,0.1622190821190034,53
2624,2,4144,2159,1985,0,0,0,1.0,1,1.0,1,1.0,1,0.19275660267225045,51
2625,3,4147,2162,1985,0,0,0,1.0,1,1.0,1,1.0,1,0.18667841304671987,50
2626,2,4149,2163,1986,0,0,0,1.0,1,1.0,1,1.0,1,0.16416000503711242,49
2627,3,4152,2165,1987,0,0,0,1.0,1,1.0,1,1.0,1,0.12775841242142144,48
2628,2,4154,2167,1987,0,0,0,1.0,1,1.0,1,1.0,1,0.15424547189981802,48
2629,0,4154,2167,1987,0,0,0,1.0,1,1.0,1,1.0,1,0.12587466286963417,47
2630,2,4156,2168,1988,0,0,0,1.0,1,1.0,1,1.0,1,0.16764442050296757,47
2631,2,4158,2170,1988,0,0,0,1.0,1,1.0,1,1.0,1,0.2180581886116526,47
2632,1,4159,2170,1989,0,0,0,1.0,1,1.0,1,1.0,1,0.18529805927123535,47
2633,1,4160,2171,1989,0,0,0,1.0,1,1.0,1,1.0,1,0.19895657862579083,44
2634,1,4161,2172,1989,0,0,0,1.0,1,1.0,1,1.0,1,0.2402889556337371,44
2635,3,4164,2173,1991,0,0,0,1.0,1,1.0,1,1.0,1,0.23092105796742052,45
2636,3,4167,2176,1991,0,0,0,1.0,1,1.0,1,1.0,1,0.20541695792282835,40
2637,8,4175,2180,1995,0,0,0,1.0,1,1.0,1,1.0,1,0.19838778489923653,41
2638,3,4178,2182,1996,0,0,0,1.0,1,1.0,1,1.0,1,0.21412976099544762,38
2639,2,4180,2182,1998,0,0,0,1.0,1,1.0,1,1.0,1,0.208385607812003,39
2640,2,4182,2183,1999,0,0,0,1.0,1,1.0,1,1.0,1,0.17954397722381588,38
2641,1,4183,2184,1999,0,0,0,1.0,1,1.0,1,1.0,1,0.17569087457880891,37
2642,5,4188,2188,2000,0,0,0,1.0,1,1.0,1,1.0,1,0.25638357829888303,38
2643,2,4190,2188,2002,0,0,0,1.0,1,1.0,1,1.0,1,0.19336253358987,37
2644,1,4191,2189,2002,0,0,0,1.0,1,1.0,1,1.0,1,0.18087585519121985,36
2645,3,4194,2190,2004,0,0,0,1.0,1,1.0,1,1.0,1,0.19664292744908818,35
2646,1,4195,2191,2004,0,0,0,1.0,1,1.0,1,1.0,1,0.21233814430900746,35
2647,0,4195,2191,2004,0,0,0,1.0,1,1.0,1,1.0,1,0.21119653377994121,35
2648,1,4196,2191,2005,0,0,0,1.0,1,1.0,1,1.0,1,0.19499128563539395,36
2649,0,4196,2191,2005,0,0,0,1.0,1,1.0,1,1.0,1,0.20771491770651132,37
2650,0,4196,2191,2005,0,0,0,1.0,1,1.0,1,1.0,1,0.2270772952505417,39
2651,1,4197,2192,2005,0,0,0,1.0,1,1.0,1,1.0,1,0.21966085237171745,39
2652,0,4197,2192,2005,0,0,0,1.0,1,1.0,1,1.0,1,0.21966085237171745,39
2653,0,4197,2192,2005,0,0,0,1.0,1,1.0,1,1.0,1,0.21966085237171745,39
2654,4,4201,2192,2009,0,0,0,1.0,1,1.0,1,1.0,1,0.15312410178060534,40
2655,0,4201,2192,2009,0,0,0,1.0,1,1.0,1,1.0,1,0.15312410178060534,40
2656,0,4201,2192,2009,0,0,0,1.0,1,1.0,1,1.0,1,0.17449481361013175,39
2657,0,4201,2192,2009,0,0,0,1.0,1,1.0,1,1.0,1,0.18236767913232882,40
2658,1,4202,2192,2010,0,0,0,1.0,1,1.0,1,1.0,1,0.2232170653575021,41
2659,2,4204,2194,2010,0,0,0,1.0,1,1.0,1,1.0,1,0.2624050338053891,41
2660,3,4207,2196,2011,0,0,0,1.0,1,1.0,1,1.0,1,0.2778651006223485,40
2661,0,4207,2196,2011,0,0,0,1.0,1,1.0,1,1.0,1,0.2778651006223485,40
2662,5,4212,2198,2014,0,0,0,1.0,1,1.0,1,1.0,1,0.24879393328119664,42
2663,2,4214,2200,2014,0,0,0,1.0,1,1.0,1,1.0,1,0.2356076012152178,41
2664,2,4216,2201,2015,0,0,0,1.0,1,1.0,1,1.0,1,0.2385435700778217,42
2665,4,4220,2203,2017,0,0,0,1.0,1,1.0,1,1.0,1,0.18580074703815389,43
2666,7,4227,2207,2020,0,0,0,1.0,1,1.0,1,1.0,1,0.20540451494655879,44
2667,1,4228,2208,2020,0,0,0,1.0,1,1.0,1,1.0,1,0.22386760284579443,42
2668,1,4229,2209,2020,0,0,0,1.0,1,1.0,1,1.0,1,0.25456390925341005,41
2669,2,4231,2209,2022,0,0,0,1.0,1,1.0,1,1.0,1,0.222720325017896,42
2670,1,4232,2210,2022,0,0,0,1.0,1,1.0,1,1.0,1,0.25962284644626543,40
2671,2,4234,2211,2023,0,0,0,1.0,1,1.0,1,1.0,1,0.2629987332132171,39
2672,4,4238,2215,2023,0,0,0,1.0,1,1.0,1,1.0,1,0.3192417313772751,36
2673,1,4239,2216,2023,0,0,0,1.0,1,1.0,1,1.0,1,0.3347896817401993,35
2674,4,4243,2217,2026,0,0,0,1.0,1,1.0,1,1.0,1,0.2418385847816042,33
2675,1,4244,2217,2027,0,0,0,1.0,1,1.0,1,1.0,1,0.2023538836399804,34
2676,0,4244,2217,2027,0,0,0,1.0,1,1.0,1,1.0,1,0.19341081382637962,32
2677,2,4246,2219,2027,0,0,0,1.0,1,1.0,1,1.0,1,0.22172311548507956,33
2678,3,4249,2220,2029,0,0,0,1.0,1,1.0,1,1.0,1,0.20227785180193647,33
2679,0,4249,2220,2029,0,0,0,1.0,1,1.0,1,1.0,1,0.1852403048175148,32
2680,1,4250,2221,2029,0,0,0,1.0,1,1.0,1,1.0,1,0.16627411102744258,32
2681,0,4250,2221,2029,0,0,0,1.0,1,1.0,1,1.0,1,0.18238098006731288,32
2682,1,4251,2222,2029,0,0,0,1.0,1,1.0,1,1.0,1,0.23420062519649884,33
2683,0,4251,2222,2029,0,0,0,1.0,1,1.0,1,1.0,1,0.2451770648831716,32
2684,1,4252,2223,2029,0,0,0,1.0,1,1.0,1,1.0,1,0.283624196481983,31
2685,0,4252,2223,2029,0,0,0,1.0,1,1.0,1,1.0,1,0.283624196481983,31
2686,1,4253,2224,2029,0,0,0,1.0,1,1.0,1,1.0,1,0.2825816850595121,30
2687,0,4253,2224,2029,0,0,0,1.0,1,1.0,1,1.0,1,0.2825816850595121,30
2688,0,4253,2224,2029,0,0,0,1.0,1,1.0,1,1.0,1,0.2825816850595121,30
2689,2,4255,2226,2029,0,0,0,1.0,1,1.0,1,1.0,1,0.29659729660102613,31
2690,4,4259,2229,2030,0,0,0,1.0,1,1.0,1,1.0,1,0.19416810610464466,31
2691,3,4262,2231,2031,0,0,0,1.0,1,1.0,1,1.0,1,0.24984688844902037,32
2692,2,4264,2233,2031,0,0,0,1.0,1,1.0,1,1.0,1,0.28863673420668123,32
2693,3,4267,2235,2032,0,0,0,1.0,1,1.0,1,1.0,1,0.28229339578587537,33
2694,1,4268,2235,2033,0,0,0,1.0,1,1.0,1,1.0,1,0.25929048028439766,34
2695,2,4270,2235,2035,0,0,0,1.0,1,1.0,1,1.0,1,0.18369694209748363,35
2696,0,4270,2235,2035,0,0,0,1.0,1,1.0,1,1.0,1,0.18369694209748363,35
2697,0,4270,2235,2035,0,0,0,1.0,1,1.0,1,1.0,1,0.18369694209748363,35
2698,2,4272,2236,2036,0,0,0,1.0,1,1.0,1,1.0,1,0.21156167720926877,36
2699,1,4273,2236,2037,0,0,0,1.0,1,1.0,1,1.0,1,0.23034074796116433,36
2700,1,4274,2237,2037,0,0,0,1.0,1,1.0,1,1.0,1,0.2322051207969953,37
2701,1,4275,2237,2038,0,0,0,1.0,1,1.0,1,1.0,1,0.21557631383910128,37
2702,2,4277,2239,2038,0,0,0,1.0,1,1.0,1,1.0,1,0.2504358961445191,37
2703,4,4281,2241,2040,0,0,0,1.0,1,1.0,1,1.0,1,0.24467076230661447,38
2704,4,4285,2244,2041,0,0,0,1.0,1,1.0,1,1.0,1,0.3085685597280908,37
2705,3,4288,2244,2044,0,0,0,1.0,1,1.0,1,1.0,1,0.24669989671536835,36
2706,0,4288,2244,2044,0,0,0,1.0,1,1.0,1,1.0,1,0.22976089111349574,36
2707,1,4289,2245,2044,0,0,0,1.0,1,1.0,1,1.0,1,0.25258831682171856,35
2708,1,4290,2245,2045,0,0,0,1.0,1,1.0,1,1.0,1,0.2233896404901255,36
2709,3,4293,2248,2045,0,0,0,1.0,1,1.0,1,1.0,1,0.2208892222189407,32
2710,5,4298,2250,2048,0,0,0,1.0,1,1.0,1,1.0,1,0.17135504387042277,29
2711,0,4298,2250,2048,0,0,0,1.0,1,1.0,1,1.0,1,0.15680011802003657,29
2712,1,4299,2251,2048,0,0,0,1.0,1,1.0,1,1.0,1,0.22725868246314557,28
2713,0,4299,2251,2048,0,0,0,1.0,1,1.0,1,1.0,1,0.22328054660440347,28
2714,1,4300,2252,2048,0,0,0,1.0,1,1.0,1,1.0,1,0.27550231164940997,26
2715,1,4301,2253,2048,0,0,0,1.0,1,1.0,1,1.0,1,0.2922222093973692,24
2716,0,4301,2253,2048,0,0,0,1.0,1,1.0,1,1.0,1,0.29378699356083665,24
2717,1,4302,2254,2048,0,0,0,1.0,1,1.0,1,1.0,1,0.33557427701065323,25
2718,2,4304,2255,2049,0,0,0,1.0,1,1.0,1,1.0,1,0.32736068273255897,25
2719,4,4308,2258,2050,0,0,0,1.0,1,1.0,1,1.0,1,0.35460072594473785,25
2720,4,4312,2260,2052,0,0,0,1.0,1,1.0,1,1.0,1,0.3287044728707614,25
2721,3,4315,2263,2052,0,0,0,1.0,1,1.0,1,1.0,1,0.23073064046371797,25
2722,1,4316,2264,2052,0,0,0,1.0,1,1.0,1,1.0,1,0.20112847013406338,26
2723,0,4316,2264,2052,0,0,0,1.0,1,1.0,1,1.0,1,0.20112847013406338,26
2724,1,4317,2265,2052,0,0,0,1.0,1,1.0,1,1.0,1,0.20909328548814976,27
2725,1,4318,2265,2053,0,0,0,1.0,1,1.0,1,1.0,1,0.18506108139303398,28
2726,1,4319,2266,2053,0,0,0,1.0,1,1.0,1,1.0,1,0.2124888736658235,28
2727,0,4319,2266,2053,0,0,0,1.0,1,1.0,1,1.0,1,0.22977904572726013,29
2728,1,4320,2267,2053,0,0,0,1.0,1,1.0,1,1.0,1,0.28044178675238757,29
2729,1,4321,2267,2054,0,0,0,1.0,1,1.0,1,1.0,1,0.22550260956624313,29
2730,0,4321,2267,2054,0,0,0,1.0,1,1.0,1,1.0,1,0.22550260956624313,29
2731,0,4321,2267,2054,0,0,0,1.0,1,1.0,1,1.0,1,0.2409249599932449,30
2732,0,4321,2267,2054,0,0,0,1.0,1,1.0,1,1.0,1,0.25062178174750505,29
2733,0,4321,2267,2054,0,0,0,1.0,1,1.0,1,1.0,1,0.25062178174750505,29
2734,0,4321,2267,2054,0,0,0,1.0,1,1.0,1,1.0,1,0.25062178174750505,29
2735,2,4323,2268,2055,0,0,0,1.0,1,1.0,1,1.0,1,0.28705857907845866,29
2736,1,4324,2269,2055,0,0,0,1.0,1,1.0,1,1.0,1,0.3110550843489747,30
2737,1,4325,2269,2056,0,0,0,1.0,1,1.0,1,1.0,1,0.3199303907261955,30
2738,3,4328,2272,2056,0,0,0,1.0,1,1.0,1,1.0,1,0.35979032619872253,30
2739,3,4331,2273,2058,0,0,0,1.0,1,1.0,1,1.0,1,0.3927230204486402,29
2740,2,4333,2274,2059,0,0,0,1.0,1,1.0,1,1.0,1,0.3838301838794875,29
2741,1,4334,2274,2060,0,0,0,1.0,1,1.0,1,1.0,1,0.400787239287185,28
2742,2,4336,2275,2061,0,0,0,1.0,1,1.0,1,1.0,1,0.3923283995218996,28
2743,1,4337,2275,2062,0,0,0,1.0,1,1.0,1,1.0,1,0.38069776313437337,29
2744,1,4338,2276,2062,0,0,0,1.0,1,1.0,1,1.0,1,0.3729800971561344,27
2745,1,4339,2277,2062,0,0,0,1.0,1,1.0,1,1.0,1,0.38675792292361616,25
2746,4,4343,2279,2064,0,0,0,1.0,1,1.0,1,1.0,1,0.4404899948939387,25
2747,2,4345,2281,2064,0,0,0,1.0,1,1.0,1,1.0,1,0.5107883028519394,23
2748,0,4345,2281,2064,0,0,0,1.0,1,1.0,1,1.0,1,0.4912886787012301,22
2749,1,4346,2281,2065,0,0,0,1.0,1,1.0,1,1.0,1,0.47746640340120755,19
2750,1,4347,2282,2065,0,0,0,1.0,1,1.0,1,1.0,1,0.4946161842468207,18
2751,0,4347,2282,2065,0,0,0,1.0,1,1.0,1,1.0,1,0.4855044569309113,16
2752,0,4347,2282,2065,0,0,0,1.0,1,1.0,1,1.0,1,0.46655285930738566,15
2753,0,4347,2282,2065,0,0,0,1.0,1,1.0,1,1.0,1,0.46655285930738566,15
2754,0,4347,2282,2065,0,0,0,1.0,1,1.0,1,1.0,1,0.46655285930738566,15
2755,0,4347,2282,2065,0,0,0,1.0,1,1.0,1,1.0,1,0.46655285930738566,15
2756,1,4348,2283,2065,0,0,0,1.0,1,1.0,1,1.0,1,0.44217635883476564,16
2757,0,4348,2283,2065,0,0,0,1.0,1,1.0,1,1.0,1,0.4550588772724512,17
2758,0,4348,2283,2065,0,0,0,1.0,1,1.0,1,1.0,1,0.4550588772724512,17
2759,0,4348,2283,2065,0,0,0,1.0,1,1.0,1,1.0,1,0.4676251665687738,18
2760,0,4348,2283,2065,0,0,0,1.0,1,1.0,1,1.0,1,0.4676251665687738,18
2761,0,4348,2283,2065,0,0,0,1.0,1,1.0,1,1.0,1,0.4676251665687738,18
2762,0,4348,2283,2065,0,0,0,1.0,1,1.0,1,1.0,1,0.4676251665687738,18
2763,0,4348,2283,2065,0,0,0,1.0,1,1.0,1,1.0,1,0.45473264291921744,17
2764,1,4349,2284,2065,0,0,0,1.0,1,1.0,1,1.0,1,0.514332557027149,17
2765,2,4351,2284,2067,0,0,0,1.0,1,1.0,1,1.0,1,0.37906564251648245,18
2766,0,4351,2284,2067,0,0,0,1.0,1,1.0,1,1.0,1,0.37906564251648245,18
2767,1,4352,2284,2068,0,0,0,1.0,1,1.0,1,1.0,1,0.3158443911049981,18
2768,0,4352,2284,2068,0,0,0,1.0,1,1.0,1,1.0,1,0.3158443911049981,18
2769,1,4353,2285,2068,0,0,0,1.0,1,1.0,1,1.0,1,0.28140065140874826,18
2770,1,4354,2286,2068,0,0,0,1.0,1,1.0,1,1.0,1,0.29547146840704086,18
2771,0,4354,2286,2068,0,0,0,1.0,1,1.0,1,1.0,1,0.29547146840704086,18
2772,0,4354,2286,2068,0,0,0,1.0,1,1.0,1,1.0,1,0.29547146840704086,18
2773,0,4354,2286,2068,0,0,0,1.0,1,1.0,1,1.0,1,0.29547146840704086,18
2774,0,4354,2286,2068,0,0,0,1.0,1,1.0,1,1.0,1,0.3453267656130515,20
2775,1,4355,2287,2068,0,0,0,1.0,1,1.0,1,1.0,1,0.32813768758451595,21
2776,0,4355,2287,2068,0,0,0,1.0,1,1.0,1,1.0,1,0.32813768758451595,21
2777,0,4355,2287,2068,0,0,0,1.0,1,1.0,1,1.0,1,0.3414656596750164,22
2778,2,4357,2288,2069,0,0,0,1.0,1,1.0,1,1.0,1,0.3536393340906556,24
2779,2,4359,2290,2069,0,0,0,1.0,1,1.0,1,1.0,1,0.3706235493464948,24
2780,0,4359,2290,2069,0,0,0,1.0,1,1.0,1,1.0,1,0.3706235493464948,24
2781,0,4359,2290,2069,0,0,0,1.0,1,1.0,1,1.0,1,0.3706235493464948,24
2782,1,4360,2290,2070,0,0,0,1.0,1,1.0,1,1.0,1,0.31789644071149253,24
2783,1,4361,2290,2071,0,0,0,1.0,1,1.0,1,1.0,1,0.26500922581236225,24
2784,1,4362,2291,2071,0,0,0,1.0,1,1.0,1,1.0,1,0.3419192946176401,24
2785,3,4365,2292,2073,0,0,0,1.0,1,1.0,1,1.0,1,0.317242233796064,22
2786,1,4366,2292,2074,0,0,0,1.0,1,1.0,1,1.0,1,0.3693130386777578,22
2787,1,4367,2292,2075,0,0,0,1.0,1,1.0,1,1.0,1,0.2905543909721443,21
2788,0,4367,2292,2075,0,0,0,1.0,1,1.0,1,1.0,1,0.2675657317811457,20
2789,1,4368,2293,2075,0,0,0,1.0,1,1.0,1,1.0,1,0.33048688121690056,20
2790,0,4368,2293,2075,0,0,0,1.0,1,1.0,1,1.0,1,0.3540005635167254,21
2791,1,4369,2294,2075,0,0,0,1.0,1,1.0,1,1.0,1,0.4088370221994867,21
2792,0,4369,2294,2075,0,0,0,1.0,1,1.0,1,1.0,1,0.4088370221994867,21
2793,0,4369,2294,2075,0,0,0,1.0,1,1.0,1,1.0,1,0.4338326504967293,18
2794,0,4369,2294,2075,0,0,0,1.0,1,1.0,1,1.0,1,0.4338326504967293,18
2795,1,4370,2294,2076,0,0,0,1.0,1,1.0,1,1.0,1,0.3810962704709311,20
2796,1,4371,2295,2076,0,0,0,1.0,1,1.0,1,1.0,1,0.3587930372011851,21
2797,1,4372,2295,2077,0,0,0,1.0,1,1.0,1,1.0,1,0.28841622503272,21
2798,0,4372,2295,2077,0,0,0,1.0,1,1.0,1,1.0,1,0.28841622503272,21
2799,0,4372,2295,2077,0,0,0,1.0,1,1.0,1,1.0,1,0.2954740128244652,22
2800,0,4372,2295,2077,0,0,0,1.0,1,1.0,1,1.0,1,0.2954740128244652,22
2801,1,4373,2296,2077,0,0,0,1.0,1,1.0,1,1.0,1,0.284625044207828,22
2802,0,4373,2296,2077,0,0,0,1.0,1,1.0,1,1.0,1,0.284625044207828,22
2803,1,4374,2297,2077,0,0,0,1.0,1,1.0,1,1.0,1,0.3404499191431885,22
2804,0,4374,2297,2077,0,0,0,1.0,1,1.0,1,1.0,1,0.35828066348635934,23
2805,0,4374,2297,2077,0,0,0,1.0,1,1.0,1,1.0,1,0.35828066348635934,23
2806,0,4374,2297,2077,0,0,0,1.0,1,1.0,1,1.0,1,0.35828066348635934,23
2807,0,4374,2297,2077,0,0,0,1.0,1,1.0,1,1.0,1,0.34666069513862935,24
2808,0,4374,2297,2077,0,0,0,1.0,1,1.0,1,1.0,1,0.34666069513862935,24
2809,2,4376,2298,2078,0,0,0,1.0,1,1.0,1,1.0,1,0.37303435799168544,25
2810,0,4376,2298,2078,0,0,0,1.0,1,1.0,1,1.0,1,0.3704156352863677,24
2811,1,4377,2298,2079,0,0,0,1.0,1,1.0,1,1.0,1,0.35753973907554465,26
2812,1,4378,2299,2079,0,0,0,1.0,1,1.0,1,1.0,1,0.399810385211709,26
2813,0,4378,2299,2079,0,0,0,1.0,1,1.0,1,1.0,1,0.40141747597554656,27
2814,5,4383,2301,2082,0,0,0,1.0,1,1.0,1,1.0,1,0.36258259339967064,29
2815,1,4384,2301,2083,0,0,0,1.0,1,1.0,1,1.0,1,0.3487644132159488,29
2816,0,4384,2301,2083,0,0,0,1.0,1,1.0,1,1.0,1,0.36199493881593886,29
2817,1,4385,2302,2083,0,0,0,1.0,1,1.0,1,1.0,1,0.38267332750723715,29
2818,3,4388,2303,2085,0,0,0,1.0,1,1.0,1,1.0,1,0.35482412986704837,29
2819,0,4388,2303,2085,0,0,0,1.0,1,1.0,1,1.0,1,0.36666107142518944,30
2820,2,4390,2304,2086,0,0,0,1.0,1,1.0,1,1.0,1,0.35916628215179613,30
2821,2,4392,2304,2088,0,0,0,1.0,1,1.0,1,1.0,1,0.32174549476678826,31
2822,4,4396,2306,2090,0,0,0,1.0,1,1.0,1,1.0,1,0.28962442302761415,30
2823,2,4398,2308,2090,0,0,0,1.0,1,1.0,1,1.0,1,0.263447242520616,27
2824,2,4400,2308,2092,0,0,0,1.0,1,1.0,1,1.0,1,0.18364714140689617,28
2825,5,4405,2312,2093,0,0,0,1.0,1,1.0,1,1.0,1,0.19303578947823144,28
2826,1,4406,2313,2093,0,0,0,1.0,1,1.0,1,1.0,1,0.23996019898830123,27
2827,0,4406,2313,2093,0,0,0,1.0,1,1.0,1,1.0,1,0.26283276299935454,28
2828,0,4406,2313,2093,0,0,0,1.0,1,1.0,1,1.0,1,0.3041309270564889,28
2829,0,4406,2313,2093,0,0,0,1.0,1,1.0,1,1.0,1,0.29331040046247125,27
2830,0,4406,2313,2093,0,0,0,1.0,1,1.0,1,1.0,1,0.29331040046247125,27
2831,1,4407,2314,2093,0,0,0,1.0,1,1.0,1,1.0,1,0.2453373056707581,27
2832,0,4407,2314,2093,0,0,0,1.0,1,1.0,1,1.0,1,0.2627385500764003,27
2833,1,4408,2315,2093,0,0,0,1.0,1,1.0,1,1.0,1,0.3092861954869101,26
2834,1,4409,2315,2094,0,0,0,1.0,1,1.0,1,1.0,1,0.2994316095972162,26
2835,1,4410,2316,2094,0,0,0,1.0,1,1.0,1,1.0,1,0.3276233943601411,25
2836,0,4410,2316,2094,0,0,0,1.0,1,1.0,1,1.0,1,0.35076945768554685,27
2837,1,4411,2316,2095,0,0,0,1.0,1,1.0,1,1.0,1,0.3423821826999894,27
2838,1,4412,2317,2095,0,0,0,1.0,1,1.0,1,1.0,1,0.35386840874438796,27
2839,1,4413,2317,2096,0,0,0,1.0,1,1.0,1,1.0,1,0.35475540679324036,29
2840,3,4416,2318,2098,0,0,0,1.0,1,1.0,1,1.0,1,0.2724157643203254,29
2841,2,4418,2318,2100,0,0,0,1.0,1,1.0,1,1.0,1,0.22120717350101032,31
2842,0,4418,2318,2100,0,0,0,1.0,1,1.0,1,1.0,1,0.22120717350101032,31
2843,0,4418,2318,2100,0,0,0,1.0,1,1.0,1,1.0,1,0.24730537120285745,32
2844,2,4420,2319,2101,0,0,0,1.0,1,1.0,1,1.0,1,0.27699828712719854,33
2845,1,4421,2319,2102,0,0,0,1.0,1,1.0,1,1.0,1,0.28389176808644245,32
2846,1,4422,2320,2102,0,0,0,1.0,1,1.0,1,1.0,1,0.2881800294021089,33
2847,2,4424,2322,2102,0,0,0,1.0,1,1.0,1,1.0,1,0.32846634564863986,32
2848,3,4427,2324,2103,0,0,0,1.0,1,1.0,1,1.0,1,0.33242508440071616,33
2849,2,4429,2324,2105,0,0,0,1.0,1,1.0,1,1.0,1,0.29283258209508983,34
2850,0,4429,2324,2105,0,0,0,1.0,1,1.0,1,1.0,1,0.29283258209508983,34
2851,0,4429,2324,2105,0,0,0,1.0,1,1.0,1,1.0,1,0.29283258209508983,34
2852,6,4435,2329,2106,0,0,0,1.0,1,1.0,1,1.0,1,0.19147435448003525,35
2853,0,4435,2329,2106,0,0,0,1.0,1,1.0,1,1.0,1,0.21125952733283634,36
2854,0,4435,2329,2106,0,0,0,1.0,1,1.0,1,1.0,1,0.23605990628794907,37
2855,2,4437,2331,2106,0,0,0,1.0,1,1.0,1,1.0,1,0.22582768822768148,38
2856,0,4437,2331,2106,0,0,0,1.0,1,1.0,1,1.0,1,0.22582768822768148,38
2857,1,4438,2332,2106,0,0,0,1.0,1,1.0,1,1.0,1,0.22281782258439942,39
2858,2,4440,2332,2108,0,0,0,1.0,1,1.0,1,1.0,1,0.18526189475838586,40
2859,3,4443,2334,2109,0,0,0,1.0,1,1.0,1,1.0,1,0.23170773407751397,40
2860,2,4445,2336,2109,0,0,0,1.0,1,1.0,1,1.0,1,0.21703384453730698,40
2861,2,4447,2338,2109,0,0,0,1.0,1,1.0,1,1.0,1,0.2229134300003577,38
2862,4,4451,2340,2111,0,0,0,1.0,1,1.0,1,1.0,1,0.22002363729903684,38
2863,5,4456,2342,2114,0,0,0,1.0,1,1.0,1,1.0,1,0.23734711513079018,38
2864,2,4458,2344,2114,0,0,0,1.0,1,1.0,1,1.0,1,0.24259623415560969,36
2865,3,4461,2347,2114,0,0,0,1.0,1,1.0,1,1.0,1,0.2983651008431848,34
2866,1,4462,2347,2115,0,0,0,1.0,1,1.0,1,1.0,1,0.24421494073632524,31
2867,0,4462,2347,2115,0,0,0,1.0,1,1.0,1,1.0,1,0.24719699983125618,30
2868,3,4465,2349,2116,0,0,0,1.0,1,1.0,1,1.0,1,0.23600360217002606,27
2869,1,4466,2350,2116,0,0,0,1.0,1,1.0,1,1.0,1,0.28357932046931583,27
2870,2,4468,2352,2116,0,0,0,1.0,1,1.0,1,1.0,1,0.31622961373496183,25
2871,1,4469,2353,2116,0,0,0,1.0,1,1.0,1,1.0,1,0.36021913606786016,25
2872,2,4471,2354,2117,0,0,0,1.0,1,1.0,1,1.0,1,0.40623219627200613,23
2873,2,4473,2355,2118,0,0,0,1.0,1,1.0,1,1.0,1,0.43381260429947766,24
2874,1,4474,2355,2119,0,0,0,1.0,1,1.0,1,1.0,1,0.39109949128610577,24
2875,2,4476,2355,2121,0,0,0,1.0,1,1.0,1,1.0,1,0.37290951119709376,23
2876,1,4477,2356,2121,0,0,0,1.0,1,1.0,1,1.0,1,0.40614065160170726,24
2877,0,4477,2356,2121,0,0,0,1.0,1,1.0,1,1.0,1,0.40614065160170726,24
2878,2,4479,2357,2122,0,0,0,1.0,1,1.0,1,1.0,1,0.3378361079632953,24
2879,4,4483,2359,2124,0,0,0,1.0,1,1.0,1,1.0,1,0.34340745236181064,25
2880,1,4484,2359,2125,0,0,0,1.0,1,1.0,1,1.0,1,0.3263814916272443,26
2881,0,4484,2359,2125,0,0,0,1.0,1,1.0,1,1.0,1,0.3263814916272443,26
2882,0,4484,2359,2125,0,0,0,1.0,1,1.0,1,1.0,1,0.3012702856228171,27
2883,0,4484,2359,2125,0,0,0,1.0,1,1.0,1,1.0,1,0.29131373399544785,28
2884,1,4485,2359,2126,0,0,0,1.0,1,1.0,1,1.0,1,0.30803037141394757,29
2885,0,4485,2359,2126,0,0,0,1.0,1,1.0,1,1.0,1,0.29896900534852505,31
2886,2,4487,2360,2127,0,0,0,1.0,1,1.0,1,1.0,1,0.3037422356528133,31
2887,0,4487,2360,2127,0,0,0,1.0,1,1.0,1,1.0,1,0.3025724750509595,33
2888,1,4488,2360,2128,0,0,0,1.0,1,1.0,1,1.0,1,0.3155825482386355,34
2889,2,4490,2361,2129,0,0,0,1.0,1,1.0,1,1.0,1,0.309664913833942,35
2890,1,4491,2362,2129,0,0,0,1.0,1,1.0,1,1.0,1,0.3297716968602364,35
2891,0,4491,2362,2129,0,0,0,1.0,1,1.0,1,1.0,1,0.3297716968602364,35
2892,1,4492,2363,2129,0,0,0,1.0,1,1.0,1,1.0,1,0.33918902473571105,35
2893,1,4493,2363,2130,0,0,0,1.0,1,1.0,1,1.0,1,0.3178240883020298,37
2894,0,4493,2363,2130,0,0,0,1.0,1,1.0,1,1.0,1,0.3178240883020298,37
2895,1,4494,2364,2130,0,0,0,1.0,1,1.0,1,1.0,1,0.36104693253941067,37
2896,1,4495,2364,2131,0,0,0,1.0,1,1.0,1,1.0,1,0.35683087218661513,38
2897,2,4497,2365,2132,0,0,0,1.0,1,1.0,1,1.0,1,0.35737837161118097,37
2898,4,4501,2365,2136,0,0,0,1.0,1,1.0,1,1.0,1,0.32399220245150995,38
2899,0,4501,2365,2136,0,0,0,1.0,1,1.0,1,1.0,1,0.30005219026194885,37
2900,0,4501,2365,2136,0,0,0,1.0,1,1.0,1,1.0,1,0.290254394146783,36
2901,0,4501,2365,2136,0,0,0,1.0,1,1.0,1,1.0,1,0.29894573015146475,37
2902,1,4502,2366,2136,0,0,0,1.0,1,1.0,1,1.0,1,0.3772339667603997,35
2903,0,4502,2366,2136,0,0,0,1.0,1,1.0,1,1.0,1,0.3678919547450844,35
2904,0,4502,2366,2136,0,0,0,1.0,1,1.0,1,1.0,1,0.39658039030945563,33
2905,1,4503,2366,2137,0,0,0,1.0,1,1.0,1,1.0,1,0.3806066316976205,34
2906,1,4504,2367,2137,0,0,0,1.0,1,1.0,1,1.0,1,0.40378686476604286,34
2907,1,4505,2367,2138,0,0,0,1.0,1,1.0,1,1.0,1,0.3830815185092348,35
2908,1,4506,2367,2139,0,0,0,1.0,1,1.0,1,1.0,1,0.3518788661158401,36
2909,0,4506,2367,2139,0,0,0,1.0,1,1.0,1,1.0,1,0.3741267391482142,38
2910,1,4507,2368,2139,0,0,0,1.0,1,1.0,1,1.0,1,0.4181244922186748,38
2911,1,4508,2369,2139,0,0,0,1.0,1,1.0,1,1.0,1,0.4379678430727136,37
2912,0,4508,2369,2139,0,0,0,1.0,1,1.0,1,1.0,1,0.4379678430727136,37
2913,1,4509,2369,2140,0,0,0,1.0,1,1.0,1,1.0,1,0.4380902827876386,38
2914,2,4511,2369,2142,0,0,0,1.0,1,1.0,1,1.0,1,0.37770962367387656,38
2915,2,4513,2369,2144,0,0,0,1.0,1,1.0,1,1.0,1,0.3275995344422166,39
2916,1,4514,2370,2144,0,0,0,1.0,1,1.0,1,1.0,1,0.3293411472908712,40
2917,2,4516,2370,2146,0,0,0,1.0,1,1.0,1,1.0,1,0.32402911948239316,41
2918,2,4518,2371,2147,0,0,0,1.0,1,1.0,1,1.0,1,0.34259189943723695,41
2919,1,4519,2371,2148,0,0,0,1.0,1,1.0,1,1.0,1,0.31538396747233144,41
2920,1,4520,2371,2149,0,0,0,1.0,1,1.0,1,1.0,1,0.3313838029203707,43
2921,0,4520,2371,2149,0,0,0,1.0,1,1.0,1,1.0,1,0.34088574668881766,42
2922,0,4520,2371,2149,0,0,0,1.0,1,1.0,1,1.0,1,0.3280987247461351,43
2923,0,4520,2371,2149,0,0,0,1.0,1,1.0,1,1.0,1,0.33423654997945673,44
2924,0,4520,2371,2149,0,0,0,1.0,1,1.0,1,1.0,1,0.3273962092916936,45
2925,1,4521,2371,2150,0,0,0,1.0,1,1.0,1,1.0,1,0.3351130348995461,45
2926,5,4526,2372,2154,0,0,0,1.0,1,1.0,1,1.0,1,0.2791143330540583,47
2927,2,4528,2372,2156,0,0,0,1.0,1,1.0,1,1.0,1,0.2589735600111696,47
2928,1,4529,2373,2156,0,0,0,1.0,1,1.0,1,1.0,1,0.26250048245123847,48
2929,1,4530,2373,2157,0,0,0,1.0,1,1.0,1,1.0,1,0.2542074636071407,48
2930,2,4532,2373,2159,0,0,0,1.0,1,1.0,1,1.0,1,0.25595330549590073,50
2931,0,4532,2373,2159,0,0,0,1.0,1,1.0,1,1.0,1,0.2652324380206556,51
2932,2,4534,2373,2161,0,0,0,1.0,1,1.0,1,1.0,1,0.23377731912791194,51
2933,2,4536,2374,2162,0,0,0,1.0,1,1.0,1,1.0,1,0.2551296561836125,52
2934,2,4538,2375,2163,0,0,0,1.0,1,1.0,1,1.0,1,0.2544099599191639,52
2935,1,4539,2376,2163,0,0,0,1.0,1,1.0,1,1.0,1,0.2725960463638871,51
2936,1,4540,2376,2164,0,0,0,1.0,1,1.0,1,1.0,1,0.22784485385677053,49
2937,0,4540,2376,2164,0,0,0,1.0,1,1.0,1,1.0,1,0.26031426815305747,50
2938,4,4544,2378,2166,0,0,0,1.0,1,1.0,1,1.0,1,0.2633794754873261,50
2939,0,4544,2378,2166,0,0,0,1.0,1,1.0,1,1.0,1,0.26391847923382644,51
2940,2,4546,2378,2168,0,0,0,1.0,1,1.0,1,1.0,1,0.25437897143553706,52
2941,1,4547,2378,2169,0,0,0,1.0,1,1.0,1,1.0,1,0.2580252296907306,53
2942,1,4548,2379,2169,0,0,0,1.0,1,1.0,1,1.0,1,0.2771605263225629,52
2943,2,4550,2381,2169,0,0,0,1.0,1,1.0,1,1.0,1,0.2764759110952194,51
2944,3,4553,2383,2170,0,0,0,1.0,1,1.0,1,1.0,1,0.2952500258035103,52
2945,3,4556,2384,2172,0,0,0,1.0,1,1.0,1,1.0,1,0.2510297400118958,50
2946,4,4560,2387,2173,0,0,0,1.0,1,1.0,1,1.0,1,0.28985757062646755,51
2947,4,4564,2389,2175,0,0,0,1.0,1,1.0,1,1.0,1,0.2646092898555295,50
2948,3,4567,2390,2177,0,0,0,1.0,1,1.0,1,1.0,1,0.2409379052291608,50
2949,0,4567,2390,2177,0,0,0,1.0,1,1.0,1,1.0,1,0.23376653130489936,49
2950,3,4570,2391,2179,0,0,0,1.0,1,1.0,1,1.0,1,0.2630796647572245,48
2951,1,4571,2392,2179,0,0,0,1.0,1,1.0,1,1.0,1,0.3036437782587313,48
2952,0,4571,2392,2179,0,0,0,1.0,1,1.0,1,1.0,1,0.30393597967468405,46
2953,2,4573,2392,2181,0,0,0,1.0,1,1.0,1,1.0,1,0.2747815388110755,46
2954,4,4577,2393,2184,0,0,0,1.0,1,1.0,1,1.0,1,0.2958145517300257,48
2955,3,4580,2393,2187,0,0,0,1.0,1,1.0,1,1.0,1,0.2537415891366102,48
2956,1,4581,2393,2188,0,0,0,1.0,1,1.0,1,1.0,1,0.2710744134086255,47
2957,0,4581,2393,2188,0,0,0,1.0,1,1.0,1,1.0,1,0.2798809525777846,48
2958,0,4581,2393,2188,0,0,0,1.0,1,1.0,1,1.0,1,0.28570826261021465,49
2959,3,4584,2395,2189,0,0,0,1.0,1,1.0,1,1.0,1,0.29370173674645367,49
2960,6,4590,2395,2195,0,0,0,1.0,1,1.0,1,1.0,1,0.20270093050468724,49
2961,5,4595,2396,2199,0,0,0,1.0,1,1.0,1,1.0,1,0.17792958190247535,51
2962,1,4596,2396,2200,0,0,0,1.0,1,1.0,1,1.0,1,0.15341082392364372,51
2963,0,4596,2396,2200,0,0,0,1.0,1,1.0,1,1.0,1,0.15341082392364372,51
2964,0,4596,2396,2200,0,0,0,1.0,1,1.0,1,1.0,1,0.16023390777304805,52
2965,2,4598,2396,2202,0,0,0,1.0,1,1.0,1,1.0,1,0.15926561636004885,53
2966,1,4599,2397,2202,0,0,0,1.0,1,1.0,1,1.0,1,0.13420740655956692,53
2967,0,4599,2397,2202,0,0,0,1.0,1,1.0,1,1.0,1,0.15410063354755246,53
2968,2,4601,2398,2203,0,0,0,1.0,1,1.0,1,1.0,1,0.1592324614456038,54
2969,1,4602,2399,2203,0,0,0,1.0,1,1.0,1,1.0,1,0.18286902491625673,55
2970,0,4602,2399,2203,0,0,0,1.0,1,1.0,1,1.0,1,0.18286902491625673,55
2971,0,4602,2399,2203,0,0,0,1.0,1,1.0,1,1.0,1,0.18286902491625673,55
2972,0,4602,2399,2203,0,0,0,1.0,1,1.0,1,1.0,1,0.18286902491625673,55
2973,3,4605,2399,2206,0,0,0,1.0,1,1.0,1,1.0,1,0.14785139306360942,55
2974,1,4606,2399,2207,0,0,0,1.0,1,1.0,1,1.0,1,0.12815161557173055,56
2975,0,4606,2399,2207,0,0,0,1.0,1,1.0,1,1.0,1,0.12871843868935878,55
2976,0,4606,2399,2207,0,0,0,1.0,1,1.0,1,1.0,1,0.14256443291401782,57
2977,1,4607,2399,2208,0,0,0,1.0,1,1.0,1,1.0,1,0.13259532958979778,59
2978,3,4610,2401,2209,0,0,0,1.0,1,1.0,1,1.0,1,0.1550528599584607,59
2979,2,4612,2401,2211,0,0,0,1.0,1,1.0,1,1.0,1,0.11798673055845105,59
2980,1,4613,2401,2212,0,0,0,1.0,1,1.0,1,1.0,1,0.10656441136922201,59
2981,1,4614,2402,2212,0,0,0,1.0,1,1.0,1,1.0,1,0.12015974247903013,59
2982,2,4616,2402,2214,0,0,0,1.0,1,1.0,1,1.0,1,0.13075100132359932,61
2983,4,4620,2406,2214,0,0,0,1.0,1,1.0,1,1.0,1,0.1370356598624939,61
2984,6,4626,2411,2215,0,0,0,1.0,1,1.0,1,1.0,1,0.22899391186172793,61
2985,9,4635,2417,2218,0,0,0,1.0,1,1.0,1,1.0,1,0.22058651741641094,57
2986,7,4642,2419,2223,0,0,0,1.0,1,1.0,1,1.0,1,0.17225154749651864,58
2987,5,4647,2423,2224,0,0,0,1.0,1,1.0,1,1.0,1,0.19577556778380878,56
2988,0,4647,2423,2224,0,0,0,1.0,1,1.0,1,1.0,1,0.1878800210621895,55
2989,5,4652,2425,2227,0,0,0,1.0,1,1.0,1,1.0,1,0.16349506732441915,53
2990,1,4653,2426,2227,0,0,0,1.0,1,1.0,1,1.0,1,0.18208020477039968,52
2991,2,4655,2426,2229,0,0,0,1.0,1,1.0,1,1.0,1,0.1656695018986278,54
2992,2,4657,2427,2230,0,0,0,1.0,1,1.0,1,1.0,1,0.18254787917060375,55
2993,1,4658,2428,2230,0,0,0,1.0,1,1.0,1,1.0,1,0.21950727775182205,53
2994,6,4664,2431,2233,0,0,0,1.0,1,1.0,1,1.0,1,0.2215992971806841,53
2995,4,4668,2431,2237,0,0,0,1.0,1,1.0,1,1.0,1,0.11836472165306673,51
2996,1,4669,2432,2237,0,0,0,1.0,1,1.0,1,1.0,1,0.15900103493163514,52
2997,1,4670,2433,2237,0,0,0,1.0,1,1.0,1,1.0,1,0.19779920480671564,50
2998,2,4672,2433,2239,0,0,0,1.0,1,1.0,1,1.0,1,0.19640430247538793,51
2999,0,4672,2433,2239,0,0,0,1.0,1,1.0,1,1.0,1,0.19121746330090056,48
3000,1,4673,2434,2239,0,0,0,1.0,1,1.0,1,1.0,1,0.17390623840102026,48
3001,0,4673,2434,2239,0,0,0,1.0,1,1.0,1,1.0,1,0.17807848654022154,49
3002,1,4674,2434,2240,0,0,0,1.0,1,1.0,1,1.0,1,0.17332878084116826,50
3003,2,4676,2435,2241,0,0,0,1.0,1,1.0,1,1.0,1,0.16758783489024612,50
3004,0,4676,2435,2241,0,0,0,1.0,1,1.0,1,1.0,1,0.17514268348730516,51
3005,0,4676,2435,2241,0,0,0,1.0,1,1.0,1,1.0,1,0.19029601769882334,50
3006,1,4677,2435,2242,0,0,0,1.0,1,1.0,1,1.0,1,0.19528283251805537,51
3007,1,4678,2435,2243,0,0,0,1.0,1,1.0,1,1.0,1,0.20519760792629088,51
3008,2,4680,2436,2244,0,0,0,1.0,1,1.0,1,1.0,1,0.2413588165796329,53
3009,0,4680,2436,2244,0,0,0,1.0,1,1.0,1,1.0,1,0.23782134956977716,52
3010,1,4681,2436,2245,0,0,0,1.0,1,1.0,1,1.0,1,0.2290915967958694,52
3011,3,4684,2436,2248,0,0,0,1.0,1,1.0,1,1.0,1,0.1488552023852087,51
3012,3,4687,2437,2250,0,0,0,1.0,1,1.0,1,1.0,1,0.15027558286895248,54
3013,2,4689,2439,2250,0,0,0,1.0,1,1.0,1,1.0,1,0.13043267872527564,52
3014,1,4690,2440,2250,0,0,0,1.0,1,1.0,1,1.0,1,0.15522085062625182,51
3015,8,4698,2445,2253,0,0,0,1.0,1,1.0,1,1.0,1,0.11387382511652445,50
3016,5,4703,2450,2253,0,0,0,1.0,1,1.0,1,1.0,1,0.15798795563996387,50
3017,2,4705,2452,2253,0,0,0,1.0,1,1.0,1,1.0,1,0.19892012953042526,48
3018,2,4707,2453,2254,0,0,0,1.0,1,1.0,1,1.0,1,0.20410321537725767,48
3019,2,4709,2454,2255,0,0,0,1.0,1,1.0,1,1.0,1,0.17183374510403535,47
3020,3,4712,2457,2255,0,0,0,1.0,1,1.0,1,1.0,1,0.13712803283515454,47
3021,6,4718,2461,2257,0,0,0,1.0,1,1.0,1,1.0,1,0.19459712638687315,46
3022,5,4723,2465,2258,0,0,0,1.0,1,1.0,1,1.0,1,0.2657427100291332,45
3023,1,4724,2466,2258,0,0,0,1.0,1,1.0,1,1.0,1,0.22257280359164233,41
3024,3,4727,2469,2258,0,0,0,1.0,1,1.0,1,1.0,1,0.2759399838686011,43
3025,4,4731,2470,2261,0,0,0,1.0,1,1.0,1,1.0,1,0.24485545592683128,39
3026,0,4731,2470,2261,0,0,0,1.0,1,1.0,1,1.0,1,0.22886336006091906,38
3027,2,4733,2472,2261,0,0,0,1.0,1,1.0,1,1.0,1,0.24033287293014496,38
3028,2,4735,2472,2263,0,0,0,1.0,1,1.0,1,1.0,1,0.21871237705028912,38
3029,0,4735,2472,2263,0,0,0,1.0,1,1.0,1,1.0,1,0.22277636006866677,37
3030,0,4735,2472,2263,0,0,0,1.0,1,1.0,1,1.0,1,0.2293311232082801,38
3031,2,4737,2473,2264,0,0,0,1.0,1,1.0,1,1.0,1,0.22171291032935064,39
3032,2,4739,2474,2265,0,0,0,1.0,1,1.0,1,1.0,1,0.23275857694285856,39
3033,1,4740,2474,2266,0,0,0,1.0,1,1.0,1,1.0,1,0.2174393786722409,39
3034,0,4740,2474,2266,0,0,0,1.0,1,1.0,1,1.0,1,0.21863762539481138,38
3035,2,4742,2476,2266,0,0,0,1.0,1,1.0,1,1.0,1,0.22385194714958448,39
3036,1,4743,2476,2267,0,0,0,1.0,1,1.0,1,1.0,1,0.19046404489002106,39
3037,1,4744,2476,2268,0,0,0,1.0,1,1.0,1,1.0,1,0.20633880546679895,39
3038,1,4745,2477,2268,0,0,0,1.0,1,1.0,1,1.0,1,0.20172806968762166,40
3039,1,4746,2478,2268,0,0,0,1.0,1,1.0,1,1.0,1,0.2208871253020708,41
3040,2,4748,2479,2269,0,0,0,1.0,1,1.0,1,1.0,1,0.20713815859654233,42
3041,2,4750,2480,2270,0,0,0,1.0,1,1.0,1,1.0,1,0.23215958378781257,43
3042,6,4756,2482,2274,0,0,0,1.0,1,1.0,1,1.0,1,0.21090973487687162,45
3043,4,4760,2484,2276,0,0,0,1.0,1,1.0,1,1.0,1,0.2129617363733281,45
3044,2,4762,2485,2277,0,0,0,1.0,1,1.0,1,1.0,1,0.1941743300641244,45
3045,1,4763,2486,2277,0,0,0,1.0,1,1.0,1,1.0,1,0.216622385689678,45
3046,4,4767,2486,2281,0,0,0,1.0,1,1.0,1,1.0,1,0.16484267311274992,46
3047,1,4768,2487,2281,0,0,0,1.0,1,1.0,1,1.0,1,0.1875877159458868,46
3048,2,4770,2487,2283,0,0,0,1.0,1,1.0,1,1.0,1,0.17624227045368984,49
3049,3,4773,2488,2285,0,0,0,1.0,1,1.0,1,1.0,1,0.14040846472678853,50
3050,0,4773,2488,2285,0,0,0,1.0,1,1.0,1,1.0,1,0.14040846472678853,50
3051,0,4773,2488,2285,0,0,0,1.0,1,1.0,1,1.0,1,0.1453300330741334,50
3052,1,4774,2489,2285,0,0,0,1.0,1,1.0,1,1.0,1,0.17531289830055144,50
3053,1,4775,2490,2285,0,0,0,1.0,1,1.0,1,1.0,1,0.16583690347113944,49
3054,0,4775,2490,2285,0,0,0,1.0,1,1.0,1,1.0,1,0.17540585726440755,47
3055,2,4777,2491,2286,0,0,0,1.0,1,1.0,1,1.0,1,0.18915363954676387,48
3056,2,4779,2492,2287,0,0,0,1.0,1,1.0,1,1.0,1,0.2561842391749961,47
3057,3,4782,2494,2288,0,0,0,1.0,1,1.0,1,1.0,1,0.3095325069796339,48
3058,2,4784,2495,2289,0,0,0,1.0,1,1.0,1,1.0,1,0.2856435259688527,46
3059,0,4784,2495,2289,0,0,0,1.0,1,1.0,1,1.0,1,0.3301080199738332,44
3060,1,4785,2496,2289,0,0,0,1.0,1,1.0,1,1.0,1,0.35061601849042046,44
3061,2,4787,2496,2291,0,0,0,1.0,1,1.0,1,1.0,1,0.30990564885987093,42
3062,5,4792,2499,2293,0,0,0,1.0,1,1.0,1,1.0,1,0.30742446097883874,42
3063,4,4796,2501,2295,0,0,0,1.0,1,1.0,1,1.0,1,0.28050510785493765,41
3064,3,4799,2502,2297,0,0,0,1.0,1,1.0,1,1.0,1,0.29744891934529744,42
3065,1,4800,2503,2297,0,0,0,1.0,1,1.0,1,1.0,1,0.28443834134257895,40
3066,4,4804,2505,2299,0,0,0,1.0,1,1.0,1,1.0,1,0.2597695173148352,42
3067,2,4806,2505,2301,0,0,0,1.0,1,1.0,1,1.0,1,0.20059593908166318,40
3068,4,4810,2508,2302,0,0,0,1.0,1,1.0,1,1.0,1,0.1913334167097187,39
3069,0,4810,2508,2302,0,0,0,1.0,1,1.0,1,1.0,1,0.17519757489279,38
3070,1,4811,2508,2303,0,0,0,1.0,1,1.0,1,1.0,1,0.18285463606448957,39
3071,0,4811,2508,2303,0,0,0,1.0,1,1.0,1,1.0,1,0.1775162845153704,39
3072,4,4815,2510,2305,0,0,0,1.0,1,1.0,1,1.0,1,0.20178457095621147,40
3073,3,4818,2510,2308,0,0,0,1.0,1,1.0,1,1.0,1,0.18544380232092755,38
3074,0,4818,2510,2308,0,0,0,1.0,1,1.0,1,1.0,1,0.16154602905793172,38
3075,2,4820,2511,2309,0,0,0,1.0,1,1.0,1,1.0,1,0.14486956950386592,41
3076,1,4821,2512,2309,0,0,0,1.0,1,1.0,1,1.0,1,0.11959074737074242,42
3077,1,4822,2513,2309,0,0,0,1.0,1,1.0,1,1.0,1,0.13662826209378404,42
3078,0,4822,2513,2309,0,0,0,1.0,1,1.0,1,1.0,1,0.13662826209378404,42
3079,0,4822,2513,2309,0,0,0,1.0,1,1.0,1,1.0,1,0.13662826209378404,42
3080,0,4822,2513,2309,0,0,0,1.0,1,1.0,1,1.0,1,0.14214622766116589,43
3081,0,4822,2513,2309,0,0,0,1.0,1,1.0,1,1.0,1,0.15145667731558707,44
3082,0,4822,2513,2309,0,0,0,1.0,1,1.0,1,1.0,1,0.1735662570919692,45
3083,0,4822,2513,2309,0,0,0,1.0,1,1.0,1,1.0,1,0.1735662570919692,45
3084,2,4824,2515,2309,0,0,0,1.0,1,1.0,1,1.0,1,0.17347945789667263,45
3085,1,4825,2515,2310,0,0,0,1.0,1,1.0,1,1.0,1,0.21372449947898375,46
3086,0,4825,2515,2310,0,0,0,1.0,1,1.0,1,1.0,1,0.21372449947898375,46
3087,1,4826,2516,2310,0,0,0,1.0,1,1.0,1,1.0,1,0.24279290954913013,47
3088,3,4829,2517,2312,0,0,0,1.0,1,1.0,1,1.0,1,0.2504600751744865,48
3089,0,4829,2517,2312,0,0,0,1.0,1,1.0,1,1.0,1,0.23627720116473244,46
3090,1,4830,2517,2313,0,0,0,1.0,1,1.0,1,1.0,1,0.24231341801087644,46
3091,1,4831,2517,2314,0,0,0,1.0,1,1.0,1,1.0,1,0.24390715244074332,46
3092,1,4832,2518,2314,0,0,0,1.0,1,1.0,1,1.0,1,0.25393900190756896,47
3093,5,4837,2519,2318,0,0,0,1.0,1,1.0,1,1.0,1,0.2437810275472171,47
3094,2,4839,2519,2320,0,0,0,1.0,1,1.0,1,1.0,1,0.22963700303353232,45
3095,3,4842,2521,2321,0,0,0,1.0,1,1.0,1,1.0,1,0.19103449484251486,46
3096,0,4842,2521,2321,0,0,0,1.0,1,1.0,1,1.0,1,0.19235266626143382,46
3097,2,4844,2523,2321,0,0,0,1.0,1,1.0,1,1.0,1,0.20984097316576078,47
3098,2,4846,2524,2322,0,0,0,1.0,1,1.0,1,1.0,1,0.17025033927340694,47
3099,0,4846,2524,2322,0,0,0,1.0,1,1.0,1,1.0,1,0.17025033927340694,47
3100,0,4846,2524,2322,0,0,0,1.0,1,1.0,1,1.0,1,0.17025033927340694,47
3101,0,4846,2524,2322,0,0,0,1.0,1,1.0,1,1.0,1,0.1806852137999298,48
3102,1,4847,2525,2322,0,0,0,1.0,1,1.0,1,1.0,1,0.16893647017917213,48
3103,0,4847,2525,2322,0,0,0,1.0,1,1.0,1,1.0,1,0.18829486762175646,49
3104,2,4849,2527,2322,0,0,0,1.0,1,1.0,1,1.0,1,0.20372695548273545,48
3105,0,4849,2527,2322,0,0,0,1.0,1,1.0,1,1.0,1,0.20894170126448058,45
3106,4,4853,2529,2324,0,0,0,1.0,1,1.0,1,1.0,1,0.21748936571757577,46
3107,1,4854,2530,2324,0,0,0,1.0,1,1.0,1,1.0,1,0.20957900135087493,44
3108,0,4854,2530,2324,0,0,0,1.0,1,1.0,1,1.0,1,0.2003900581219259,45
3109,1,4855,2530,2325,0,0,0,1.0,1,1.0,1,1.0,1,0.20258649178905333,44
3110,4,4859,2532,2327,0,0,0,1.0,1,1.0,1,1.0,1,0.20927475156567865,46
3111,4,4863,2533,2330,0,0,0,1.0,1,1.0,1,1.0,1,0.18082917458774364,46
3112,0,4863,2533,2330,0,0,0,1.0,1,1.0,1,1.0,1,0.19435901186548613,47
3113,0,4863,2533,2330,0,0,0,1.0,1,1.0,1,1.0,1,0.18459992708567613,48
3114,0,4863,2533,2330,0,0,0,1.0,1,1.0,1,1.0,1,0.20454313789311107,48
3115,1,4864,2533,2331,0,0,0,1.0,1,1.0,1,1.0,1,0.21791131331851993,49
3116,2,4866,2533,2333,0,0,0,1.0,1,1.0,1,1.0,1,0.18571841219293445,48
3117,3,4869,2535,2334,0,0,0,1.0,1,1.0,1,1.0,1,0.18467554326820165,49
3118,1,4870,2535,2335,0,0,0,1.0,1,1.0,1,1.0,1,0.19481992412191215,50
3119,0,4870,2535,2335,0,0,0,1.0,1,1.0,1,1.0,1,0.19481992412191215,50
3120,2,4872,2536,2336,0,0,0,1.0,1,1.0,1,1.0,1,0.19832585913393147,50
3121,2,4874,2538,2336,0,0,0,1.0,1,1.0,1,1.0,1,0.20540214271359328,50
3122,0,4874,2538,2336,0,0,0,1.0,1,1.0,1,1.0,1,0.20540214271359328,50
3123,2,4876,2540,2336,0,0,0,1.0,1,1.0,1,1.0,1,0.22455687134712282,51
3124,3,4879,2541,2338,0,0,0,1.0,1,1.0,1,1.0,1,0.2109543384872155,51
3125,1,4880,2542,2338,0,0,0,1.0,1,1.0,1,1.0,1,0.24037844735023914,51
3126,4,4884,2543,2341,0,0,0,1.0,1,1.0,1,1.0,1,0.21816996045739495,54
3127,3,4887,2544,2343,0,0,0,1.0,1,1.0,1,1.0,1,0.23468642534182296,53
3128,1,4888,2545,2343,0,0,0,1.0,1,1.0,1,1.0,1,0.23303224094410416,52
3129,1,4889,2546,2343,0,0,0,1.0,1,1.0,1,1.0,1,0.23085781193618554,51
3130,0,4889,2546,2343,0,0,0,1.0,1,1.0,1,1.0,1,0.23615439566272262,50
3131,2,4891,2548,2343,0,0,0,1.0,1,1.0,1,1.0,1,0.2639076489897696,50
3132,0,4891,2548,2343,0,0,0,1.0,1,1.0,1,1.0,1,0.2588334446741521,49
3133,2,4893,2548,2345,0,0,0,1.0,1,1.0,1,1.0,1,0.2301472991556779,49
3134,0,4893,2548,2345,0,0,0,1.0,1,1.0,1,1.0,1,0.2354098575841623,46
3135,1,4894,2548,2346,0,0,0,1.0,1,1.0,1,1.0,1,0.21388899170105488,47
3136,1,4895,2548,2347,0,0,0,1.0,1,1.0,1,1.0,1,0.1740276845125404,46
3137,0,4895,2548,2347,0,0,0,1.0,1,1.0,1,1.0,1,0.181634663443343,49
3138,2,4897,2549,2348,0,0,0,1.0,1,1.0,1,1.0,1,0.195599632906804,49
3139,3,4900,2552,2348,0,0,0,1.0,1,1.0,1,1.0,1,0.25386982415782455,50
3140,3,4903,2554,2349,0,0,0,1.0,1,1.0,1,1.0,1,0.2618657351360671,51
3141,1,4904,2554,2350,0,0,0,1.0,1,1.0,1,1.0,1,0.25611615514098596,50
3142,2,4906,2555,2351,0,0,0,1.0,1,1.0,1,1.0,1,0.26173153681077443,50
3143,0,4906,2555,2351,0,0,0,1.0,1,1.0,1,1.0,1,0.2793928261794782,49
3144,1,4907,2556,2351,0,0,0,1.0,1,1.0,1,1.0,1,0.29893692898770513,49
3145,4,4911,2558,2353,0,0,0,1.0,1,1.0,1,1.0,1,0.2871619484465997,48
3146,2,4913,2558,2355,0,0,0,1.0,1,1.0,1,1.0,1,0.2779077637890665,49
3147,0,4913,2558,2355,0,0,0,1.0,1,1.0,1,1.0,1,0.29743278248279487,48
3148,6,4919,2561,2358,0,0,0,1.0,1,1.0,1,1.0,1,0.2263042677947239,48
3149,3,4922,2564,2358,0,0,0,1.0,1,1.0,1,1.0,1,0.23295202672916848,47
3150,1,4923,2564,2359,0,0,0,1.0,1,1.0,1,1.0,1,0.21508844327578697,47
3151,1,4924,2565,2359,0,0,0,1.0,1,1.0,1,1.0,1,0.23327023821035323,48
3152,0,4924,2565,2359,0,0,0,1.0,1,1.0,1,1.0,1,0.24183854036069688,47
3153,1,4925,2566,2359,0,0,0,1.0,1,1.0,1,1.0,1,0.24991359219763595,47
3154,3,4928,2568,2360,0,0,0,1.0,1,1.0,1,1.0,1,0.2682916359006139,48
3155,2,4930,2568,2362,0,0,0,1.0,1,1.0,1,1.0,1,0.23726270860147686,48
3156,2,4932,2569,2363,0,0,0,1.0,1,1.0,1,1.0,1,0.23649820720669296,48
3157,2,4934,2569,2365,0,0,0,1.0,1,1.0,1,1.0,1,0.22242125431574492,48
3158,1,4935,2569,2366,0,0,0,1.0,1,1.0,1,1.0,1,0.21473637317781175,48
3159,1,4936,2569,2367,0,0,0,1.0,1,1.0,1,1.0,1,0.2016098212359172,49
3160,1,4937,2569,2368,0,0,0,1.0,1,1.0,1,1.0,1,0.21006165642571903,51
3161,1,4938,2569,2369,0,0,0,1.0,1,1.0,1,1.0,1,0.18604099866393128,52
3162,1,4939,2570,2369,0,0,0,1.0,1,1.0,1,1.0,1,0.19598078332754135,51
3163,1,4940,2570,2370,0,0,0,1.0,1,1.0,1,1.0,1,0.18986384476524412,51
3164,0,4940,2570,2370,0,0,0,1.0,1,1.0,1,1.0,1,0.20664960896398338,52
3165,1,4941,2570,2371,0,0,0,1.0,1,1.0,1,1.0,1,0.17537363174340498,50
3166,2,4943,2571,2372,0,0,0,1.0,1,1.0,1,1.0,1,0.18204984536426694,50
3167,2,4945,2573,2372,0,0,0,1.0,1,1.0,1,1.0,1,0.17480551803819583,49
3168,2,4947,2575,2372,0,0,0,1.0,1,1.0,1,1.0,1,0.19923132476209715,47
3169,1,4948,2575,2373,0,0,0,1.0,1,1.0,1,1.0,1,0.20051496979401748,48
3170,1,4949,2576,2373,0,0,0,1.0,1,1.0,1,1.0,1,0.24983235597426395,47
3171,3,4952,2576,2376,0,0,0,1.0,1,1.0,1,1.0,1,0.23751570871825564,47
3172,2,4954,2576,2378,0,0,0,1.0,1,1.0,1,1.0,1,0.2031504306644001,46
3173,0,4954,2576,2378,0,0,0,1.0,1,1.0,1,1.0,1,0.19305653287564395,45
3174,3,4957,2577,2380,0,0,0,1.0,1,1.0,1,1.0,1,0.1994643407463894,43
3175,3,4960,2578,2382,0,0,0,1.0,1,1.0,1,1.0,1,0.18479809677373069,43
3176,0,4960,2578,2382,0,0,0,1.0,1,1.0,1,1.0,1,0.1798253189381963,44
3177,3,4963,2580,2383,0,0,0,1.0,1,1.0,1,1.0,1,0.20921028502905126,44
3178,4,4967,2581,2386,0,0,0,1.0,1,1.0,1,1.0,1,0.1471545317668328,47
3179,2,4969,2582,2387,0,0,0,1.0,1,1.0,1,1.0,1,0.12875276103572258,48
3180,0,4969,2582,2387,0,0,0,1.0,1,1.0,1,1.0,1,0.12875276103572258,48
3181,0,4969,2582,2387,0,0,0,1.0,1,1.0,1,1.0,1,0.12875276103572258,48
3182,0,4969,2582,2387,0,0,0,1.0,1,1.0,1,1.0,1,0.1425528095216091,51
3183,1,4970,2583,2387,0,0,0,1.0,1,1.0,1,1.0,1,0.15742109823599443,50
3184,1,4971,2584,2387,0,0,0,1.0,1,1.0,1,1.0,1,0.1925863529023618,50
3185,1,4972,2584,2388,0,0,0,1.0,1,1.0,1,1.0,1,0.18301727700651885,48
3186,3,4975,2586,2389,0,0,0,1.0,1,1.0,1,1.0,1,0.17803768794101563,48
3187,1,4976,2586,2390,0,0,0,1.0,1,1.0,1,1.0,1,0.18047660090549691,48
3188,2,4978,2587,2391,0,0,0,1.0,1,1.0,1,1.0,1,0.16687593336080483,48
3189,0,4978,2587,2391,0,0,0,1.0,1,1.0,1,1.0,1,0.17798908092218235,49
3190,3,4981,2587,2394,0,0,0,1.0,1,1.0,1,1.0,1,0.16543494117040175,51
3191,0,4981,2587,2394,0,0,0,1.0,1,1.0,1,1.0,1,0.1476827907803445,52
3192,1,4982,2588,2394,0,0,0,1.0,1,1.0,1,1.0,1,0.16069495234703987,52
3193,0,4982,2588,2394,0,0,0,1.0,1,1.0,1,1.0,1,0.16069495234703987,52
3194,1,4983,2589,2394,0,0,0,1.0,1,1.0,1,1.0,1,0.15655043890454778,54
3195,0,4983,2589,2394,0,0,0,1.0,1,1.0,1,1.0,1,0.15655043890454778,54
3196,1,4984,2590,2394,0,0,0,1.0,1,1.0,1,1.0,1,0.17991752818552928,54
3197,1,4985,2591,2394,0,0,0,1.0,1,1.0,1,1.0,1,0.20346944565065914,54
3198,1,4986,2592,2394,0,0,0,1.0,1,1.0,1,1.0,1,0.21102039208163273,54
3199,3,4989,2593,2396,0,0,0,1.0,1,1.0,1,1.0,1,0.18989423420267576,56
3200,2,4991,2595,2396,0,0,0,1.0,1,1.0,1,1.0,1,0.25351173255720094,56
3201,3,4994,2596,2398,0,0,0,1.0,1,1.0,1,1.0,1,0.24380554001311625,56
3202,2,4996,2596,2400,0,0,0,1.0,1,1.0,1,1.0,1,0.22904665259397822,57
3203,0,4996,2596,2400,0,0,0,1.0,1,1.0,1,1.0,1,0.22562498823171206,56
3204,3,4999,2598,2401,0,0,0,1.0,1,1.0,1,1.0,1,0.2549208954487461,55
3205,0,4999,2598,2401,0,0,0,1.0,1,1.0,1,1.0,1,0.2616629132829597,54
3206,4,5003,2601,2402,0,0,0,1.0,1,1.0,1,1.0,1,0.27836008371547877,56
3207,3,5006,2602,2404,0,0,0,1.0,1,1.0,1,1.0,1,0.2727092959115527,54
3208,0,5006,2602,2404,0,0,0,1.0,1,1.0,1,1.0,1,0.27646973422293003,53
3209,0,5006,2602,2404,0,0,0,1.0,1,1.0,1,1.0,1,0.2722488549538436,54
3210,2,5008,2604,2404,0,0,0,1.0,1,1.0,1,1.0,1,0.2801649872709073,53
3211,2,5010,2605,2405,0,0,0,1.0,1,1.0,1,1.0,1,0.28742249204765286,53
3212,0,5010,2605,2405,0,0,0,1.0,1,1.0,1,1.0,1,0.29029320494668304,54
3213,1,5011,2605,2406,0,0,0,1.0,1,1.0,1,1.0,1,0.25708067768264053,54
3214,1,5012,2605,2407,0,0,0,1.0,1,1.0,1,1.0,1,0.2519493291518796,55
3215,0,5012,2605,2407,0,0,0,1.0,1,1.0,1,1.0,1,0.2519493291518796,55
3216,0,5012,2605,2407,0,0,0,1.0,1,1.0,1,1.0,1,0.2519493291518796,55
3217,3,5015,2608,2407,0,0,0,1.0,1,1.0,1,1.0,1,0.28844130773002047,54
3218,1,5016,2609,2407,0,0,0,1.0,1,1.0,1,1.0,1,0.295529402799554,54
3219,0,5016,2609,2407,0,0,0,1.0,1,1.0,1,1.0,1,0.2938751892421177,55
3220,0,5016,2609,2407,0,0,0,1.0,1,1.0,1,1.0,1,0.27223253817088333,56
3221,3,5019,2610,2409,0,0,0,1.0,1,1.0,1,1.0,1,0.27112642301845624,57
3222,0,5019,2610,2409,0,0,0,1.0,1,1.0,1,1.0,1,0.27112642301845624,57
3223,4,5023,2612,2411,0,0,0,1.0,1,1.0,1,1.0,1,0.2829636922827509,56
3224,4,5027,2616,2411,0,0,0,1.0,1,1.0,1,1.0,1,0.31060504772597713,58
3225,1,5028,2616,2412,0,0,0,1.0,1,1.0,1,1.0,1,0.2961775645963042,55
3226,4,5032,2618,2414,0,0,0,1.0,1,1.0,1,1.0,1,0.28690066216381765,54
3227,1,5033,2618,2415,0,0,0,1.0,1,1.0,1,1.0,1,0.2483429144997534,53
3228,2,5035,2620,2415,0,0,0,1.0,1,1.0,1,1.0,1,0.27214325212686574,52
3229,6,5041,2623,2418,0,0,0,1.0,1,1.0,1,1.0,1,0.3187992250679823,52
3230,2,5043,2624,2419,0,0,0,1.0,1,1.0,1,1.0,1,0.26460837565069273,50
3231,3,5046,2626,2420,0,0,0,1.0,1,1.0,1,1.0,1,0.27843633275309276,50
3232,3,5049,2628,2421,0,0,0,1.0,1,1.0,1,1.0,1,0.28203774895335837,50
3233,3,5052,2630,2422,0,0,0,1.0,1,1.0,1,1.0,1,0.3017130788129167,50
3234,1,5053,2631,2422,0,0,0,1.0,1,1.0,1,1.0,1,0.3105717800007475,49
3235,2,5055,2633,2422,0,0,0,1.0,1,1.0,1,1.0,1,0.3158485922422931,49
3236,1,5056,2633,2423,0,0,0,1.0,1,1.0,1,1.0,1,0.3048419141513332,51
3237,1,5057,2634,2423,0,0,0,1.0,1,1.0,1,1.0,1,0.3290552186810264,53
3238,2,5059,2635,2424,0,0,0,1.0,1,1.0,1,1.0,1,0.3208410601282571,53
3239,0,5059,2635,2424,0,0,0,1.0,1,1.0,1,1.0,1,0.3208410601282571,53
3240,1,5060,2635,2425,0,0,0,1.0,1,1.0,1,1.0,1,0.3167219935788583,53
3241,2,5062,2635,2427,0,0,0,1.0,1,1.0,1,1.0,1,0.3004695946786267,53
3242,1,5063,2635,2428,0,0,0,1.0,1,1.0,1,1.0,1,0.29144474125617803,53
3243,2,5065,2635,2430,0,0,0,1.0,1,1.0,1,1.0,1,0.28193228137936893,56
3244,1,5066,2635,2431,0,0,0,1.0,1,1.0,1,1.0,1,0.2837538198104328,57
3245,0,5066,2635,2431,0,0,0,1.0,1,1.0,1,1.0,1,0.28546445738346515,59
3246,0,5066,2635,2431,0,0,0,1.0,1,1.0,1,1.0,1,0.28546445738346515,59
3247,2,5068,2636,2432,0,0,0,1.0,1,1.0,1,1.0,1,0.2878905398913382,59
3248,2,5070,2637,2433,0,0,0,1.0,1,1.0,1,1.0,1,0.2645067610059724,59
3249,0,5070,2637,2433,0,0,0,1.0,1,1.0,1,1.0,1,0.2961888623323631,58
3250,1,5071,2638,2433,0,0,0,1.0,1,1.0,1,1.0,1,0.29012812376103536,58
3251,0,5071,2638,2433,0,0,0,1.0,1,1.0,1,1.0,1,0.3033559947186046,57
3252,2,5073,2639,2434,0,0,0,1.0,1,1.0,1,1.0,1,0.2993059115921807,57
3253,1,5074,2639,2435,0,0,0,1.0,1,1.0,1,1.0,1,0.2982861908708174,56
3254,0,5074,2639,2435,0,0,0,1.0,1,1.0,1,1.0,1,0.2988064595612361,57
3255,4,5078,2640,2438,0,0,0,1.0,1,1.0,1,1.0,1,0.25155636758845934,57
3256,0,5078,2640,2438,0,0,0,1.0,1,1.0,1,1.0,1,0.25155636758845934,57
3257,2,5080,2640,2440,0,0,0,1.0,1,1.0,1,1.0,1,0.2359842099441268,57
3258,3,5083,2640,2443,0,0,0,1.0,1,1.0,1,1.0,1,0.2195184193441707,58
3259,1,5084,2640,2444,0,0,0,1.0,1,1.0,1,1.0,1,0.21077726927372906,59
3260,1,5085,2641,2444,0,0,0,1.0,1,1.0,1,1.0,1,0.23398857903736828,60
3261,5,5090,2644,2446,0,0,0,1.0,1,1.0,1,1.0,1,0.20942109578461932,60
3262,2,5092,2645,2447,0,0,0,1.0,1,1.0,1,1.0,1,0.2048375911652113,61
3263,5,5097,2649,2448,0,0,0,1.0,1,1.0,1,1.0,1,0.1950217226034033,62
3264,2,5099,2650,2449,0,0,0,1.0,1,1.0,1,1.0,1,0.16345323083514732,60
3265,2,5101,2652,2449,0,0,0,1.0,1,1.0,1,1.0,1,0.1621276079439356,58
3266,9,5110,2658,2452,0,0,0,1.0,1,1.0,1,1.0,1,0.19434167338350394,59
3267,2,5112,2660,2452,0,0,0,1.0,1,1.0,1,1.0,1,0.20161228722497693,60
3268,3,5115,2663,2452,0,0,0,1.0,1,1.0,1,1.0,1,0.2203186050633186,58
3269,2,5117,2663,2454,0,0,0,1.0,1,1.0,1,1.0,1,0.1810989868626931,57
3270,4,5121,2665,2456,0,0,0,1.0,1,1.0,1,1.0,1,0.16785052232866474,56
3271,1,5122,2666,2456,0,0,0,1.0,1,1.0,1,1.0,1,0.1540913841384761,55
3272,0,5122,2666,2456,0,0,0,1.0,1,1.0,1,1.0,1,0.1536707523286283,55
3273,3,5125,2668,2457,0,0,0,1.0,1,1.0,1,1.0,1,0.1938479262472252,55
3274,1,5126,2669,2457,0,0,0,1.0,1,1.0,1,1.0,1,0.15701327180945338,55
3275,2,5128,2670,2458,0,0,0,1.0,1,1.0,1,1.0,1,0.1507949044957192,55
3276,2,5130,2671,2459,0,0,0,1.0,1,1.0,1,1.0,1,0.13038355430248966,55
3277,2,5132,2672,2460,0,0,0,1.0,1,1.0,1,1.0,1,0.1235774281859381,57
3278,0,5132,2672,2460,0,0,0,1.0,1,1.0,1,1.0,1,0.1276742264612639,56
3279,1,5133,2673,2460,0,0,0,1.0,1,1.0,1,1.0,1,0.14126361885685937,54
3280,1,5134,2674,2460,0,0,0,1.0,1,1.0,1,1.0,1,0.1791088027173105,53
3281,4,5138,2676,2462,0,0,0,1.0,1,1.0,1,1.0,1,0.21706616866576686,52
3282,0,5138,2676,2462,0,0,0,1.0,1,1.0,1,1.0,1,0.22586898829630409,50
3283,1,5139,2677,2462,0,0,0,1.0,1,1.0,1,1.0,1,0.23291449263974298,50
3284,2,5141,2679,2462,0,0,0,1.0,1,1.0,1,1.0,1,0.2566937042981737,47
3285,1,5142,2679,2463,0,0,0,1.0,1,1.0,1,1.0,1,0.2032857027714376,48
3286,1,5143,2679,2464,0,0,0,1.0,1,1.0,1,1.0,1,0.16219680179388737,46
3287,3,5146,2681,2465,0,0,0,1.0,1,1.0,1,1.0,1,0.24710359862667308,46
3288,5,5151,2685,2466,0,0,0,1.0,1,1.0,1,1.0,1,0.24951786861557065,46
3289,9,5160,2688,2472,0,0,0,1.0,1,1.0,1,1.0,1,0.14573194452359128,48
3290,2,5162,2688,2474,0,0,0,1.0,1,1.0,1,1.0,1,0.1308011654147363,48
3291,2,5164,2690,2474,0,0,0,1.0,1,1.0,1,1.0,1,0.1605565667315881,50
3292,3,5167,2692,2475,0,0,0,1.0,1,1.0,1,1.0,1,0.1533820163496456,50
3293,0,5167,2692,2475,0,0,0,1.0,1,1.0,1,1.0,1,0.14665162615129793,51
3294,1,5168,2693,2475,0,0,0,1.0,1,1.0,1,1.0,1,0.157897261709277,50
3295,1,5169,2694,2475,0,0,0,1.0,1,1.0,1,1.0,1,0.1826147976657035,50
3296,0,5169,2694,2475,0,0,0,1.0,1,1.0,1,1.0,1,0.1826147976657035,50
3297,2,5171,2695,2476,0,0,0,1.0,1,1.0,1,1.0,1,0.13653323608496193,51
3298,0,5171,2695,2476,0,0,0,1.0,1,1.0,1,1.0,1,0.12576338400050863,52
3299,2,5173,2696,2477,0,0,0,1.0,1,1.0,1,1.0,1,0.11371620681898809,53
3300,0,5173,2696,2477,0,0,0,1.0,1,1.0,1,1.0,1,0.11371620681898809,53
3301,1,5174,2697,2477,0,0,0,1.0,1,1.0,1,1.0,1,0.14420832437735326,53
3302,3,5177,2699,2478,0,0,0,1.0,1,1.0,1,1.0,1,0.11914633922649237,53
3303,3,5180,2701,2479,0,0,0,1.0,1,1.0,1,1.0,1,0.13235797073275216,52
3304,7,5187,2705,2482,0,0,0,1.0,1,1.0,1,1.0,1,0.13050912784648355,52
3305,2,5189,2706,2483,0,0,0,1.0,1,1.0,1,1.0,1,0.1621841607561839,51
3306,5,5194,2709,2485,0,0,0,1.0,1,1.0,1,1.0,1,0.2050800838394695,51
3307,1,5195,2709,2486,0,0,0,1.0,1,1.0,1,1.0,1,0.15536985609084394,48
3308,0,5195,2709,2486,0,0,0,1.0,1,1.0,1,1.0,1,0.15536985609084394,48
3309,2,5197,2710,2487,0,0,0,1.0,1,1.0,1,1.0,1,0.15428738073985823,48
3310,0,5197,2710,2487,0,0,0,1.0,1,1.0,1,1.0,1,0.18518019758726595,47
3311,1,5198,2711,2487,0,0,0,1.0,1,1.0,1,1.0,1,0.1985686564431371,49
3312,1,5199,2712,2487,0,0,0,1.0,1,1.0,1,1.0,1,0.2232277409405836,48
3313,6,5205,2715,2490,0,0,0,1.0,1,1.0,1,1.0,1,0.22865649977570632,49
3314,1,5206,2716,2490,0,0,0,1.0,1,1.0,1,1.0,1,0.2637877909296972,47
3315,1,5207,2717,2490,0,0,0,1.0,1,1.0,1,1.0,1,0.2856007259743654,47
3316,4,5211,2717,2494,0,0,0,1.0,1,1.0,1,1.0,1,0.23256948991566298,47
3317,0,5211,2717,2494,0,0,0,1.0,1,1.0,1,1.0,1,0.2056260455501508,46
3318,3,5214,2718,2496,0,0,0,1.0,1,1.0,1,1.0,1,0.14451498946134064,45
3319,1,5215,2719,2496,0,0,0,1.0,1,1.0,1,1.0,1,0.17638282070147474,44
3320,1,5216,2720,2496,0,0,0,1.0,1,1.0,1,1.0,1,0.2340968674296109,43
3321,5,5221,2723,2498,0,0,0,1.0,1,1.0,1,1.0,1,0.24393825965779609,43
3322,2,5223,2723,2500,0,0,0,1.0,1,1.0,1,1.0,1,0.18878367819635908,40
3323,0,5223,2723,2500,0,0,0,1.0,1,1.0,1,1.0,1,0.2011045991557369,40
3324,2,5225,2724,2501,0,0,0,1.0,1,1.0,1,1.0,1,0.18581680164077294,40
3325,3,5228,2726,2502,0,0,0,1.0,1,1.0,1,1.0,1,0.1893443583113491,40
3326,0,5228,2726,2502,0,0,0,1.0,1,1.0,1,1.0,1,0.13956846255727895,41
3327,0,5228,2726,2502,0,0,0,1.0,1,1.0,1,1.0,1,0.14676130143336524,39
3328,5,5233,2730,2503,0,0,0,1.0,1,1.0,1,1.0,1,0.24079761618363377,41
3329,2,5235,2731,2504,0,0,0,1.0,1,1.0,1,1.0,1,0.2026234439319697,39
3330,1,5236,2732,2504,0,0,0,1.0,1,1.0,1,1.0,1,0.23578411734185145,40
3331,0,5236,2732,2504,0,0,0,1.0,1,1.0,1,1.0,1,0.2043968411167827,38
3332,0,5236,2732,2504,0,0,0,1.0,1,1.0,1,1.0,1,0.24778131149697283,38
3333,0,5236,2732,2504,0,0,0,1.0,1,1.0,1,1.0,1,0.24778131149697283,38
3334,0,5236,2732,2504,0,0,0,1.0,1,1.0,1,1.0,1,0.27000162650057513,40
3335,0,5236,2732,2504,0,0,0,1.0,1,1.0,1,1.0,1,0.27000162650057513,40
3336,0,5236,2732,2504,0,0,0,1.0,1,1.0,1,1.0,1,0.2724219051827699,39
3337,2,5238,2732,2506,0,0,0,1.0,1,1.0,1,1.0,1,0.22664858733871024,40
3338,2,5240,2733,2507,0,0,0,1.0,1,1.0,1,1.0,1,0.2572652505261702,41
3339,3,5243,2734,2509,0,0,0,1.0,1,1.0,1,1.0,1,0.2533337278194287,42
3340,8,5251,2738,2513,0,0,0,1.0,1,1.0,1,1.0,1,0.15279724535494887,43
3341,0,5251,2738,2513,0,0,0,1.0,1,1.0,1,1.0,1,0.15279724535494887,43
3342,1,5252,2739,2513,0,0,0,1.0,1,1.0,1,1.0,1,0.1957941657190899,44
3343,2,5254,2741,2513,0,0,0,1.0,1,1.0,1,1.0,1,0.23098361338873066,44
3344,0,5254,2741,2513,0,0,0,1.0,1,1.0,1,1.0,1,0.25631590245060115,44
3345,0,5254,2741,2513,0,0,0,1.0,1,1.0,1,1.0,1,0.2676026866444123,43
3346,0,5254,2741,2513,0,0,0,1.0,1,1.0,1,1.0,1,0.2939292626710694,42
3347,1,5255,2741,2514,0,0,0,1.0,1,1.0,1,1.0,1,0.26045865319920003,44
3348,0,5255,2741,2514,0,0,0,1.0,1,1.0,1,1.0,1,0.2722971308807239,45
3349,1,5256,2742,2514,0,0,0,1.0,1,1.0,1,1.0,1,0.2527725956713401,45
3350,0,5256,2742,2514,0,0,0,1.0,1,1.0,1,1.0,1,0.23534803855462297,46
3351,3,5259,2744,2515,0,0,0,1.0,1,1.0,1,1.0,1,0.26948383689994304,47
3352,3,5262,2744,2518,0,0,0,1.0,1,1.0,1,1.0,1,0.2089606407268239,47
3353,1,5263,2744,2519,0,0,0,1.0,1,1.0,1,1.0,1,0.21861832212399773,48
3354,2,5265,2745,2520,0,0,0,1.0,1,1.0,1,1.0,1,0.21835564248999415,48
3355,0,5265,2745,2520,0,0,0,1.0,1,1.0,1,1.0,1,0.22235765999097404,48
3356,2,5267,2746,2521,0,0,0,1.0,1,1.0,1,1.0,1,0.21030869025556584,48
3357,1,5268,2747,2521,0,0,0,1.0,1,1.0,1,1.0,1,0.2044065055305064,47
3358,4,5272,2749,2523,0,0,0,1.0,1,1.0,1,1.0,1,0.29489299916454353,46
3359,2,5274,2751,2523,0,0,0,1.0,1,1.0,1,1.0,1,0.3368852275963252,45
3360,1,5275,2752,2523,0,0,0,1.0,1,1.0,1,1.0,1,0.33804936846729844,44
3361,1,5276,2752,2524,0,0,0,1.0,1,1.0,1,1.0,1,0.3219392162248292,43
3362,3,5279,2753,2526,0,0,0,1.0,1,1.0,1,1.0,1,0.28660818140084493,42
3363,2,5281,2754,2527,0,0,0,1.0,1,1.0,1,1.0,1,0.3097995057787505,41
3364,1,5282,2754,2528,0,0,0,1.0,1,1.0,1,1.0,1,0.3383217321274937,41
3365,7,5289,2755,2534,0,0,0,1.0,1,1.0,1,1.0,1,0.25358967788632525,41
3366,1,5290,2755,2535,0,0,0,1.0,1,1.0,1,1.0,1,0.21462592193646676,40
3367,1,5291,2755,2536,0,0,0,1.0,1,1.0,1,1.0,1,0.17696232795816721,39
3368,1,5292,2756,2536,0,0,0,1.0,1,1.0,1,1.0,1,0.16430352649646573,39
3369,1,5293,2756,2537,0,0,0,1.0,1,1.0,1,1.0,1,0.13429345808960885,40
3370,2,5295,2758,2537,0,0,0,1.0,1,1.0,1,1.0,1,0.17644598813733775,41
3371,1,5296,2759,2537,0,0,0,1.0,1,1.0,1,1.0,1,0.15934471309632506,41
3372,3,5299,2761,2538,0,0,0,1.0,1,1.0,1,1.0,1,0.20507020425795502,40
3373,0,5299,2761,2538,0,0,0,1.0,1,1.0,1,1.0,1,0.20796976702941167,41
3374,0,5299,2761,2538,0,0,0,1.0,1,1.0,1,1.0,1,0.20997739638174132,42
3375,3,5302,2761,2541,0,0,0,1.0,1,1.0,1,1.0,1,0.1742786830047471,44
3376,2,5304,2761,2543,0,0,0,1.0,1,1.0,1,1.0,1,0.12467077122837614,46
3377,0,5304,2761,2543,0,0,0,1.0,1,1.0,1,1.0,1,0.13238843452491258,47
3378,1,5305,2762,2543,0,0,0,1.0,1,1.0,1,1.0,1,0.17872864133810817,48
3379,1,5306,2762,2544,0,0,0,1.0,1,1.0,1,1.0,1,0.16162358195017767,48
3380,1,5307,2763,2544,0,0,0,1.0,1,1.0,1,1.0,1,0.16684519856496227,48
3381,0,5307,2763,2544,0,0,0,1.0,1,1.0,1,1.0,1,0.16684519856496227,48
3382,1,5308,2764,2544,0,0,0,1.0,1,1.0,1,1.0,1,0.20676948353973362,49
3383,1,5309,2764,2545,0,0,0,1.0,1,1.0,1,1.0,1,0.16199660177286246,47
3384,3,5312,2767,2545,0,0,0,1.0,1,1.0,1,1.0,1,0.24042076038766336,48
3385,1,5313,2767,2546,0,0,0,1.0,1,1.0,1,1.0,1,0.1989450673040043,47
3386,2,5315,2768,2547,0,0,0,1.0,1,1.0,1,1.0,1,0.24701315571591662,49
3387,2,5317,2768,2549,0,0,0,1.0,1,1.0,1,1.0,1,0.22310020184799892,48
3388,2,5319,2769,2550,0,0,0,1.0,1,1.0,1,1.0,1,0.23661707832643594,48
3389,1,5320,2769,2551,0,0,0,1.0,1,1.0,1,1.0,1,0.2385824624999108,50
3390,0,5320,2769,2551,0,0,0,1.0,1,1.0,1,1.0,1,0.22105859246132645,51
3391,1,5321,2769,2552,0,0,0,1.0,1,1.0,1,1.0,1,0.20100002404076545,51
3392,1,5322,2769,2553,0,0,0,1.0,1,1.0,1,1.0,1,0.20418636114755825,52
3393,1,5323,2769,2554,0,0,0,1.0,1,1.0,1,1.0,1,0.17816489859763016,52
3394,0,5323,2769,2554,0,0,0,1.0,1,1.0,1,1.0,1,0.17816489859763016,52
3395,1,5324,2770,2554,0,0,0,1.0,1,1.0,1,1.0,1,0.1697308775806425,50
3396,1,5325,2771,2554,0,0,0,1.0,1,1.0,1,1.0,1,0.18328075446371145,49
3397,2,5327,2772,2555,0,0,0,1.0,1,1.0,1,1.0,1,0.1695215542657098,49
3398,0,5327,2772,2555,0,0,0,1.0,1,1.0,1,1.0,1,0.17615170195070048,48
3399,1,5328,2773,2555,0,0,0,1.0,1,1.0,1,1.0,1,0.18563012725864234,49
3400,1,5329,2774,2555,0,0,0,1.0,1,1.0,1,1.0,1,0.18814281536833166,50
3401,0,5329,2774,2555,0,0,0,1.0,1,1.0,1,1.0,1,0.1912945542126306,51
3402,1,5330,2775,2555,0,0,0,1.0,1,1.0,1,1.0,1,0.23144809548688128,51
3403,4,5334,2777,2557,0,0,0,1.0,1,1.0,1,1.0,1,0.19348351961952348,51
3404,2,5336,2778,2558,0,0,0,1.0,1,1.0,1,1.0,1,0.174542287994932,51
3405,3,5339,2780,2559,0,0,0,1.0,1,1.0,1,1.0,1,0.17991641283126056,51
3406,0,5339,2780,2559,0,0,0,1.0,1,1.0,1,1.0,1,0.16400766424967161,51
3407,2,5341,2780,2561,0,0,0,1.0,1,1.0,1,1.0,1,0.15181812982649553,52
3408,0,5341,2780,2561,0,0,0,1.0,1,1.0,1,1.0,1,0.1649058804746464,53
3409,1,5342,2780,2562,0,0,0,1.0,1,1.0,1,1.0,1,0.1530251993838463,54
3410,3,5345,2783,2562,0,0,0,1.0,1,1.0,1,1.0,1,0.16674873295332843,54
3411,1,5346,2783,2563,0,0,0,1.0,1,1.0,1,1.0,1,0.15170597357608195,54
3412,2,5348,2784,2564,0,0,0,1.0,1,1.0,1,1.0,1,0.1697902463648689,55
3413,0,5348,2784,2564,0,0,0,1.0,1,1.0,1,1.0,1,0.1697902463648689,55
3414,1,5349,2784,2565,0,0,0,1.0,1,1.0,1,1.0,1,0.17514599360729974,55
3415,4,5353,2787,2566,0,0,0,1.0,1,1.0,1,1.0,1,0.20515914134976077,56
3416,4,5357,2788,2569,0,0,0,1.0,1,1.0,1,1.0,1,0.19505024137077343,55
3417,1,5358,2789,2569,0,0,0,1.0,1,1.0,1,1.0,1,0.23188452515307695,56
3418,1,5359,2790,2569,0,0,0,1.0,1,1.0,1,1.0,1,0.23937464269164235,55
3419,3,5362,2790,2572,0,0,0,1.0,1,1.0,1,1.0,1,0.20885412101459697,56
3420,0,5362,2790,2572,0,0,0,1.0,1,1.0,1,1.0,1,0.2232467222989326,55
3421,0,5362,2790,2572,0,0,0,1.0,1,1.0,1,1.0,1,0.23430037952206614,57
3422,4,5366,2794,2572,0,0,0,1.0,1,1.0,1,1.0,1,0.22491408839248422,56
3423,3,5369,2796,2573,0,0,0,1.0,1,1.0,1,1.0,1,0.22648678019091945,56
3424,3,5372,2796,2576,0,0,0,1.0,1,1.0,1,1.0,1,0.19306081198114436,56
3425,1,5373,2797,2576,0,0,0,1.0,1,1.0,1,1.0,1,0.19575982700357458,56
3426,2,5375,2797,2578,0,0,0,1.0,1,1.0,1,1.0,1,0.19656061921254242,55
3427,3,5378,2798,2580,0,0,0,1.0,1,1.0,1,1.0,1,0.21133635193858927,55
3428,1,5379,2799,2580,0,0,0,1.0,1,1.0,1,1.0,1,0.2224988172566769,55
3429,2,5381,2800,2581,0,0,0,1.0,1,1.0,1,1.0,1,0.24605165845687987,54
3430,5,5386,2800,2586,0,0,0,1.0,1,1.0,1,1.0,1,0.1903212750161758,56
3431,0,5386,2800,2586,0,0,0,1.0,1,1.0,1,1.0,1,0.16784164516581437,54
3432,1,5387,2801,2586,0,0,0,1.0,1,1.0,1,1.0,1,0.19727951213416633,56
3433,4,5391,2804,2587,0,0,0,1.0,1,1.0,1,1.0,1,0.19229713128012257,53
3434,2,5393,2805,2588,0,0,0,1.0,1,1.0,1,1.0,1,0.15433359406238623,51
3435,1,5394,2806,2588,0,0,0,1.0,1,1.0,1,1.0,1,0.1640737768420208,51
3436,3,5397,2808,2589,0,0,0,1.0,1,1.0,1,1.0,1,0.1695102339133836,51
3437,2,5399,2809,2590,0,0,0,1.0,1,1.0,1,1.0,1,0.14726605465938458,53
3438,2,5401,2810,2591,0,0,0,1.0,1,1.0,1,1.0,1,0.16868082197789758,52
3439,3,5404,2810,2594,0,0,0,1.0,1,1.0,1,1.0,1,0.13604979003010123,54
3440,1,5405,2811,2594,0,0,0,1.0,1,1.0,1,1.0,1,0.12156398540704294,52
3441,0,5405,2811,2594,0,0,0,1.0,1,1.0,1,1.0,1,0.12513243586697212,53
3442,1,5406,2811,2595,0,0,0,1.0,1,1.0,1,1.0,1,0.11334937801663769,53
3443,2,5408,2812,2596,0,0,0,1.0,1,1.0,1,1.0,1,0.149736897264141,53
3444,1,5409,2813,2596,0,0,0,1.0,1,1.0,1,1.0,1,0.14791038647420784,52
3445,0,5409,2813,2596,0,0,0,1.0,1,1.0,1,1.0,1,0.15838004489957738,53
3446,1,5410,2814,2596,0,0,0,1.0,1,1.0,1,1.0,1,0.22599098415164065,53
3447,3,5413,2815,2598,0,0,0,1.0,1,1.0,1,1.0,1,0.21230065148027868,53
3448,4,5417,2816,2601,0,0,0,1.0,1,1.0,1,1.0,1,0.17156312487180955,52
3449,2,5419,2817,2602,0,0,0,1.0,1,1.0,1,1.0,1,0.14965708302472602,52
3450,1,5420,2818,2602,0,0,0,1.0,1,1.0,1,1.0,1,0.13476130493137525,52
3451,5,5425,2822,2603,0,0,0,1.0,1,1.0,1,1.0,1,0.16023643189647702,54
3452,1,5426,2823,2603,0,0,0,1.0,1,1.0,1,1.0,1,0.17436455965306172,54
3453,2,5428,2825,2603,0,0,0,1.0,1,1.0,1,1.0,1,0.21162102465118393,54
3454,4,5432,2825,2607,0,0,0,1.0,1,1.0,1,1.0,1,0.1677947982005045,57
3455,1,5433,2825,2608,0,0,0,1.0,1,1.0,1,1.0,1,0.1603482190641377,57
3456,0,5433,2825,2608,0,0,0,1.0,1,1.0,1,1.0,1,0.17173001522368608,58
3457,3,5436,2825,2611,0,0,0,1.0,1,1.0,1,1.0,1,0.15732485082133466,57
3458,0,5436,2825,2611,0,0,0,1.0,1,1.0,1,1.0,1,0.17662520825144704,57
3459,0,5436,2825,2611,0,0,0,1.0,1,1.0,1,1.0,1,0.17662520825144704,57
3460,0,5436,2825,2611,0,0,0,1.0,1,1.0,1,1.0,1,0.17525842073103662,58
3461,1,5437,2825,2612,0,0,0,1.0,1,1.0,1,1.0,1,0.18328801845655962,59
3462,1,5438,2825,2613,0,0,0,1.0,1,1.0,1,1.0,1,0.1639695006192993,59
3463,2,5440,2826,2614,0,0,0,1.0,1,1.0,1,1.0,1,0.150331645878949,59
3464,2,5442,2828,2614,0,0,0,1.0,1,1.0,1,1.0,1,0.19611632216177038,59
3465,1,5443,2829,2614,0,0,0,1.0,1,1.0,1,1.0,1,0.19403985288200046,57
3466,5,5448,2831,2617,0,0,0,1.0,1,1.0,1,1.0,1,0.2058676699038177,57
3467,1,5449,2831,2618,0,0,0,1.0,1,1.0,1,1.0,1,0.19845429988758612,57
3468,1,5450,2832,2618,0,0,0,1.0,1,1.0,1,1.0,1,0.21881147148478844,57
3469,5,5455,2834,2621,0,0,0,1.0,1,1.0,1,1.0,1,0.22391306925427887,53
3470,6,5461,2838,2623,0,0,0,1.0,1,1.0,1,1.0,1,0.28536808140586223,50
3471,3,5464,2839,2625,0,0,0,1.0,1,1.0,1,1.0,1,0.25497256389825795,49
3472,5,5469,2839,2630,0,0,0,1.0,1,1.0,1,1.0,1,0.20678510080772547,47
3473,7,5476,2844,2632,0,0,0,1.0,1,1.0,1,1.0,1,0.2865292143643867,45
3474,0,5476,2844,2632,0,0,0,1.0,1,1.0,1,1.0,1,0.308321469027161,42
3475,9,5485,2847,2638,0,0,0,1.0,1,1.0,1,1.0,1,0.24685265522498212,43
3476,1,5486,2848,2638,0,0,0,1.0,1,1.0,1,1.0,1,0.258496381278449,41
3477,7,5493,2851,2642,0,0,0,1.0,1,1.0,1,1.0,1,0.0956171260429315,42
3478,1,5494,2852,2642,0,0,0,1.0,1,1.0,1,1.0,1,0.11853038733230507,40
3479,1,5495,2853,2642,0,0,0,1.0,1,1.0,1,1.0,1,0.15005628351376463,40
3480,1,5496,2854,2642,0,0,0,1.0,1,1.0,1,1.0,1,0.1947550776194901,40
3481,2,5498,2854,2644,0,0,0,1.0,1,1.0,1,1.0,1,0.12140170104323829,40
3482,1,5499,2855,2644,0,0,0,1.0,1,1.0,1,1.0,1,0.1445419431631484,40
3483,0,5499,2855,2644,0,0,0,1.0,1,1.0,1,1.0,1,0.1428471411711732,39
3484,0,5499,2855,2644,0,0,0,1.0,1,1.0,1,1.0,1,0.1428471411711732,39
3485,1,5500,2856,2644,0,0,0,1.0,1,1.0,1,1.0,1,0.17646666333845656,40
3486,2,5502,2856,2646,0,0,0,1.0,1,1.0,1,1.0,1,0.13839896685282607,41
3487,1,5503,2856,2647,0,0,0,1.0,1,1.0,1,1.0,1,0.15293795967218496,41
3488,1,5504,2857,2647,0,0,0,1.0,1,1.0,1,1.0,1,0.14500589188627497,42
3489,1,5505,2857,2648,0,0,0,1.0,1,1.0,1,1.0,1,0.13349528974280744,44
3490,0,5505,2857,2648,0,0,0,1.0,1,1.0,1,1.0,1,0.13349528974280744,44
3491,0,5505,2857,2648,0,0,0,1.0,1,1.0,1,1.0,1,0.15181395284679405,45
3492,1,5506,2858,2648,0,0,0,1.0,1,1.0,1,1.0,1,0.1833722743673402,45
3493,1,5507,2859,2648,0,0,0,1.0,1,1.0,1,1.0,1,0.18463791755124934,45
3494,0,5507,2859,2648,0,0,0,1.0,1,1.0,1,1.0,1,0.18463791755124934,45
3495,0,5507,2859,2648,0,0,0,1.0,1,1.0,1,1.0,1,0.18463791755124934,45
3496,1,5508,2859,2649,0,0,0,1.0,1,1.0,1,1.0,1,0.19560639911458189,46
3497,4,5512,2861,2651,0,0,0,1.0,1,1.0,1,1.0,1,0.19608326908091298,47
3498,3,5515,2862,2653,0,0,0,1.0,1,1.0,1,1.0,1,0.22254480240664853,48
3499,2,5517,2862,2655,0,0,0,1.0,1,1.0,1,1.0,1,0.19060543890253479,47
3500,0,5517,2862,2655,0,0,0,1.0,1,1.0,1,1.0,1,0.2049398273976056,50
3501,0,5517,2862,2655,0,0,0,1.0,1,1.0,1,1.0,1,0.2049398273976056,50
3502,3,5520,2864,2656,0,0,0,1.0,1,1.0,1,1.0,1,0.23086602016865446,50
3503,2,5522,2866,2656,0,0,0,1.0,1,1.0,1,1.0,1,0.2879133824621442,50
3504,2,5524,2868,2656,0,0,0,1.0,1,1.0,1,1.0,1,0.3456865609582557,47
3505,4,5528,2869,2659,0,0,0,1.0,1,1.0,1,1.0,1,0.3249700892013367,48
3506,2,5530,2869,2661,0,0,0,1.0,1,1.0,1,1.0,1,0.3016122881065432,49
3507,0,5530,2869,2661,0,0,0,1.0,1,1.0,1,1.0,1,0.3226330557600704,46
3508,2,5532,2870,2662,0,0,0,1.0,1,1.0,1,1.0,1,0.32930565227264535,47
3509,0,5532,2870,2662,0,0,0,1.0,1,1.0,1,1.0,1,0.3038427012537669,44
3510,0,5532,2870,2662,0,0,0,1.0,1,1.0,1,1.0,1,0.3110546211281595,45
3511,1,5533,2871,2662,0,0,0,1.0,1,1.0,1,1.0,1,0.3151592263652613,44
3512,0,5533,2871,2662,0,0,0,1.0,1,1.0,1,1.0,1,0.30895150710539815,42
3513,0,5533,2871,2662,0,0,0,1.0,1,1.0,1,1.0,1,0.30895150710539815,42
3514,0,5533,2871,2662,0,0,0,1.0,1,1.0,1,1.0,1,0.3357441355130393,42
3515,2,5535,2872,2663,0,0,0,1.0,1,1.0,1,1.0,1,0.3719819819705332,42
3516,1,5536,2873,2663,0,0,0,1.0,1,1.0,1,1.0,1,0.34199209261737457,41
3517,3,5539,2873,2666,0,0,0,1.0,1,1.0,1,1.0,1,0.2965419147862644,44
3518,1,5540,2874,2666,0,0,0,1.0,1,1.0,1,1.0,1,0.32941166999588206,43
3519,5,5545,2874,2671,0,0,0,1.0,1,1.0,1,1.0,1,0.2577746248796739,44
3520,1,5546,2874,2672,0,0,0,1.0,1,1.0,1,1.0,1,0.2522217366795193,45
3521,0,5546,2874,2672,0,0,0,1.0,1,1.0,1,1.0,1,0.2522217366795193,45
3522,0,5546,2874,2672,0,0,0,1.0,1,1.0,1,1.0,1,0.24072033556863487,46
3523,0,5546,2874,2672,0,0,0,1.0,1,1.0,1,1.0,1,0.24072033556863487,46
3524,0,5546,2874,2672,0,0,0,1.0,1,1.0,1,1.0,1,0.23774967569348737,47
3525,1,5547,2874,2673,0,0,0,1.0,1,1.0,1,1.0,1,0.25389114802915486,48
3526,2,5549,2875,2674,0,0,0,1.0,1,1.0,1,1.0,1,0.24251456848305794,49
3527,3,5552,2877,2675,0,0,0,1.0,1,1.0,1,1.0,1,0.27113710608281766,49
3528,3,5555,2877,2678,0,0,0,1.0,1,1.0,1,1.0,1,0.2517571585316156,51
3529,2,5557,2877,2680,0,0,0,1.0,1,1.0,1,1.0,1,0.22210713881106753,51
3530,1,5558,2878,2680,0,0,0,1.0,1,1.0,1,1.0,1,0.22724691587608958,52
3531,1,5559,2879,2680,0,0,0,1.0,1,1.0,1,1.0,1,0.24775622989432222,52
3532,0,5559,2879,2680,0,0,0,1.0,1,1.0,1,1.0,1,0.24775622989432222,52
3533,0,5559,2879,2680,0,0,0,1.0,1,1.0,1,1.0,1,0.24775622989432222,52
3534,0,5559,2879,2680,0,0,0,1.0,1,1.0,1,1.0,1,0.24775622989432222,52
3535,1,5560,2880,2680,0,0,0,1.0,1,1.0,1,1.0,1,0.2550589591531407,52
3536,0,5560,2880,2680,0,0,0,1.0,1,1.0,1,1.0,1,0.274793142337642,54
3537,0,5560,2880,2680,0,0,0,1.0,1,1.0,1,1.0,1,0.272239070854772,55
3538,2,5562,2880,2682,0,0,0,1.0,1,1.0,1,1.0,1,0.24232059639729192,55
3539,0,5562,2880,2682,0,0,0,1.0,1,1.0,1,1.0,1,0.24082060017776308,58
3540,7,5569,2882,2687,0,0,0,1.0,1,1.0,1,1.0,1,0.21748788001818256,59
3541,0,5569,2882,2687,0,0,0,1.0,1,1.0,1,1.0,1,0.21748788001818256,59
3542,2,5571,2883,2688,0,0,0,1.0,1,1.0,1,1.0,1,0.2411496109515223,61
3543,4,5575,2885,2690,0,0,0,1.0,1,1.0,1,1.0,1,0.24799393846506987,62
3544,2,5577,2886,2691,0,0,0,1.0,1,1.0,1,1.0,1,0.22160694991715618,59
3545,1,5578,2887,2691,0,0,0,1.0,1,1.0,1,1.0,1,0.24746220656144097,59
3546,2,5580,2888,2692,0,0,0,1.0,1,1.0,1,1.0,1,0.23523545494855622,57
3547,4,5584,2890,2694,0,0,0,1.0,1,1.0,1,1.0,1,0.21028184270121617,53
3548,3,5587,2892,2695,0,0,0,1.0,1,1.0,1,1.0,1,0.24254879579903502,53
3549,1,5588,2893,2695,0,0,0,1.0,1,1.0,1,1.0,1,0.24407736122134374,52
3550,3,5591,2894,2697,0,0,0,1.0,1,1.0,1,1.0,1,0.24299795932134155,51
3551,1,5592,2895,2697,0,0,0,1.0,1,1.0,1,1.0,1,0.25173042588114536,51
3552,1,5593,2896,2697,0,0,0,1.0,1,1.0,1,1.0,1,0.2947736304841449,51
3553,1,5594,2896,2698,0,0,0,1.0,1,1.0,1,1.0,1,0.29276564618978457,49
3554,0,5594,2896,2698,0,0,0,1.0,1,1.0,1,1.0,1,0.29276564618978457,49
3555,3,5597,2896,2701,0,0,0,1.0,1,1.0,1,1.0,1,0.2680566471450669,51
3556,0,5597,2896,2701,0,0,0,1.0,1,1.0,1,1.0,1,0.2680566471450669,51
3557,2,5599,2897,2702,0,0,0,1.0,1,1.0,1,1.0,1,0.26674922043261656,52
3558,3,5602,2898,2704,0,0,0,1.0,1,1.0,1,1.0,1,0.25716091240032296,52
3559,4,5606,2899,2707,0,0,0,1.0,1,1.0,1,1.0,1,0.22463802819605058,52
3560,2,5608,2899,2709,0,0,0,1.0,1,1.0,1,1.0,1,0.1960394604304533,53
3561,0,5608,2899,2709,0,0,0,1.0,1,1.0,1,1.0,1,0.20848560423427884,54
3562,2,5610,2900,2710,0,0,0,1.0,1,1.0,1,1.0,1,0.19700125693017811,54
3563,2,5612,2901,2711,0,0,0,1.0,1,1.0,1,1.0,1,0.205725556289074,55
3564,1,5613,2901,2712,0,0,0,1.0,1,1.0,1,1.0,1,0.17283850105081253,57
3565,0,5613,2901,2712,0,0,0,1.0,1,1.0,1,1.0,1,0.18452696731929616,56
3566,1,5614,2901,2713,0,0,0,1.0,1,1.0,1,1.0,1,0.1948324341700469,57
3567,0,5614,2901,2713,0,0,0,1.0,1,1.0,1,1.0,1,0.1948324341700469,57
3568,1,5615,2902,2713,0,0,0,1.0,1,1.0,1,1.0,1,0.20517896440010552,57
3569,1,5616,2903,2713,0,0,0,1.0,1,1.0,1,1.0,1,0.19198255860633526,57
3570,7,5623,2905,2718,0,0,0,1.0,1,1.0,1,1.0,1,0.19193342467897453,59
3571,2,5625,2905,2720,0,0,0,1.0,1,1.0,1,1.0,1,0.16250894936144683,60
3572,0,5625,2905,2720,0,0,0,1.0,1,1.0,1,1.0,1,0.1637023881727115,61
3573,1,5626,2906,2720,0,0,0,1.0,1,1.0,1,1.0,1,0.1695571287613309,62
3574,0,5626,2906,2720,0,0,0,1.0,1,1.0,1,1.0,1,0.16220164016331237,63
3575,2,5628,2907,2721,0,0,0,1.0,1,1.0,1,1.0,1,0.16480605118440525,63
3576,0,5628,2907,2721,0,0,0,1.0,1,1.0,1,1.0,1,0.16480605118440525,63
3577,0,5628,2907,2721,0,0,0,1.0,1,1.0,1,1.0,1,0.1693489327264399,64
3578,0,5628,2907,2721,0,0,0,1.0,1,1.0,1,1.0,1,0.18334973256580664,64
3579,0,5628,2907,2721,0,0,0,1.0,1,1.0,1,1.0,1,0.18334973256580664,64
3580,2,5630,2908,2722,0,0,0,1.0,1,1.0,1,1.0,1,0.20051860585352047,65
3581,3,5633,2908,2725,0,0,0,1.0,1,1.0,1,1.0,1,0.19436118944137984,68
3582,3,5636,2910,2726,0,0,0,1.0,1,1.0,1,1.0,1,0.20714883375252027,68
3583,4,5640,2913,2727,0,0,0,1.0,1,1.0,1,1.0,1,0.1996228455849034,65
3584,3,5643,2916,2727,0,0,0,1.0,1,1.0,1,1.0,1,0.2073211234487782,64
3585,3,5646,2918,2728,0,0,0,1.0,1,1.0,1,1.0,1,0.17985936030731844,64
3586,7,5653,2922,2731,0,0,0,1.0,1,1.0,1,1.0,1,0.1776437628644997,65
3587,0,5653,2922,2731,0,0,0,1.0,1,1.0,1,1.0,1,0.174473505341796,64
3588,2,5655,2923,2732,0,0,0,1.0,1,1.0,1,1.0,1,0.1840515290174213,62
3589,7,5662,2926,2736,0,0,0,1.0,1,1.0,1,1.0,1,0.1550422855205931,63
3590,3,5665,2928,2737,0,0,0,1.0,1,1.0,1,1.0,1,0.15863313995937678,63
3591,1,5666,2929,2737,0,0,0,1.0,1,1.0,1,1.0,1,0.16028145125631646,62
3592,0,5666,2929,2737,0,0,0,1.0,1,1.0,1,1.0,1,0.14702423845198495,59
3593,4,5670,2932,2738,0,0,0,1.0,1,1.0,1,1.0,1,0.13999810479244826,58
3594,2,5672,2932,2740,0,0,0,1.0,1,1.0,1,1.0,1,0.136500607604588,57
3595,1,5673,2933,2740,0,0,0,1.0,1,1.0,1,1.0,1,0.1359915410565182,59
3596,2,5675,2935,2740,0,0,0,1.0,1,1.0,1,1.0,1,0.1283644313267508,57
3597,3,5678,2937,2741,0,0,0,1.0,1,1.0,1,1.0,1,0.1543777688291727,57
3598,1,5679,2937,2742,0,0,0,1.0,1,1.0,1,1.0,1,0.13236759375898413,57
3599,4,5683,2939,2744,0,0,0,1.0,1,1.0,1,1.0,1,0.15334738442992002,58
3600,0,5683,2939,2744,0,0,0,1.0,1,1.0,1,1.0,1,0.15220080473558378,58
3601,2,5685,2940,2745,0,0,0,1.0,1,1.0,1,1.0,1,0.1467222232438415,58
3602,1,5686,2941,2745,0,0,0,1.0,1,1.0,1,1.0,1,0.1764189198276741,60
3603,1,5687,2941,2746,0,0,0,1.0,1,1.0,1,1.0,1,0.16815681930965443,60
3604,0,5687,2941,2746,0,0,0,1.0,1,1.0,1,1.0,1,0.16815681930965443,60
3605,2,5689,2942,2747,0,0,0,1.0,1,1.0,1,1.0,1,0.16054475662321638,61
3606,2,5691,2943,2748,0,0,0,1.0,1,1.0,1,1.0,1,0.13800902983995808,63
3607,4,5695,2944,2751,0,0,0,1.0,1,1.0,1,1.0,1,0.123023205741063,63
3608,0,5695,2944,2751,0,0,0,1.0,1,1.0,1,1.0,1,0.1318119000993007,64
3609,2,5697,2944,2753,0,0,0,1.0,1,1.0,1,1.0,1,0.13383727330779444,66
3610,3,5700,2946,2754,0,0,0,1.0,1,1.0,1,1.0,1,0.1245132109971982,67
3611,2,5702,2948,2754,0,0,0,1.0,1,1.0,1,1.0,1,0.1591892410312279,67
3612,1,5703,2949,2754,0,0,0,1.0,1,1.0,1,1.0,1,0.18063641418637644,66
3613,4,5707,2950,2757,0,0,0,1.0,1,1.0,1,1.0,1,0.16326870528316104,66
3614,3,5710,2951,2759,0,0,0,1.0,1,1.0,1,1.0,1,0.15296766852090132,65
3615,0,5710,2951,2759,0,0,0,1.0,1,1.0,1,1.0,1,0.1658393177651032,65
3616,0,5710,2951,2759,0,0,0,1.0,1,1.0,1,1.0,1,0.1658393177651032,65
3617,2,5712,2952,2760,0,0,0,1.0,1,1.0,1,1.0,1,0.18598676092883606,66
3618,1,5713,2952,2761,0,0,0,1.0,1,1.0,1,1.0,1,0.16975596867280773,66
3619,3,5716,2953,2763,0,0,0,1.0,1,1.0,1,1.0,1,0.14659675442560435,65
3620,1,5717,2954,2763,0,0,0,1.0,1,1.0,1,1.0,1,0.16714035268157684,66
3621,3,5720,2955,2765,0,0,0,1.0,1,1.0,1,1.0,1,0.135815526098182,65
3622,2,5722,2956,2766,0,0,0,1.0,1,1.0,1,1.0,1,0.11976984783008715,65
3623,2,5724,2958,2766,0,0,0,1.0,1,1.0,1,1.0,1,0.15896665012051808,62
3624,5,5729,2961,2768,0,0,0,1.0,1,1.0,1,1.0,1,0.18201134461962085,62
3625,6,5735,2963,2772,0,0,0,1.0,1,1.0,1,1.0,1,0.15293639342077514,61
3626,2,5737,2965,2772,0,0,0,1.0,1,1.0,1,1.0,1,0.18752127791976642,58
3627,1,5738,2965,2773,0,0,0,1.0,1,1.0,1,1.0,1,0.1711021893872854,58
3628,4,5742,2967,2775,0,0,0,1.0,1,1.0,1,1.0,1,0.15524012526336986,57
3629,2,5744,2968,2776,0,0,0,1.0,1,1.0,1,1.0,1,0.16379483629065278,57
3630,7,5751,2971,2780,0,0,0,1.0,1,1.0,1,1.0,1,0.17679164484523677,56
3631,5,5756,2976,2780,0,0,0,1.0,1,1.0,1,1.0,1,0.21592284098054054,54
3632,0,5756,2976,2780,0,0,0,1.0,1,1.0,1,1.0,1,0.220576671815025,52
3633,4,5760,2979,2781,0,0,0,1.0,1,1.0,1,1.0,1,0.27183128082680214,52
3634,2,5762,2980,2782,0,0,0,1.0,1,1.0,1,1.0,1,0.23611532277027852,49
3635,1,5763,2980,2783,0,0,0,1.0,1,1.0,1,1.0,1,0.24344654695098666,47
3636,6,5769,2980,2789,0,0,0,1.0,1,1.0,1,1.0,1,0.149807292455136,48
3637,3,5772,2980,2792,0,0,0,1.0,1,1.0,1,1.0,1,0.16060553231995628,49
3638,0,5772,2980,2792,0,0,0,1.0,1,1.0,1,1.0,1,0.16747475169519813,50
3639,1,5773,2981,2792,0,0,0,1.0,1,1.0,1,1.0,1,0.17959393498537166,52
3640,0,5773,2981,2792,0,0,0,1.0,1,1.0,1,1.0,1,0.17959393498537166,52
3641,0,5773,2981,2792,0,0,0,1.0,1,1.0,1,1.0,1,0.17959393498537166,52
3642,0,5773,2981,2792,0,0,0,1.0,1,1.0,1,1.0,1,0.17959393498537166,52
3643,0,5773,2981,2792,0,0,0,1.0,1,1.0,1,1.0,1,0.17959393498537166,52
3644,0,5773,2981,2792,0,0,0,1.0,1,1.0,1,1.0,1,0.17959393498537166,52
3645,1,5774,2982,2792,0,0,0,1.0,1,1.0,1,1.0,1,0.1690495885051662,53
3646,1,5775,2983,2792,0,0,0,1.0,1,1.0,1,1.0,1,0.17419629193501732,53
3647,2,5777,2983,2794,0,0,0,1.0,1,1.0,1,1.0,1,0.15988649221653395,55
3648,2,5779,2983,2796,0,0,0,1.0,1,1.0,1,1.0,1,0.137169470354115,57
3649,1,5780,2984,2796,0,0,0,1.0,1,1.0,1,1.0,1,0.1504865681291301,57
3650,3,5783,2984,2799,0,0,0,1.0,1,1.0,1,1.0,1,0.11802049951493587,59
3651,1,5784,2985,2799,0,0,0,1.0,1,1.0,1,1.0,1,0.11760726976143587,59
3652,1,5785,2985,2800,0,0,0,1.0,1,1.0,1,1.0,1,0.09775760725547275,59
3653,0,5785,2985,2800,0,0,0,1.0,1,1.0,1,1.0,1,0.09775760725547275,59
3654,1,5786,2985,2801,0,0,0,1.0,1,1.0,1,1.0,1,0.07843843340111074,59
3655,1,5787,2985,2802,0,0,0,1.0,1,1.0,1,1.0,1,0.06785287126743499,62
3656,0,5787,2985,2802,0,0,0,1.0,1,1.0,1,1.0,1,0.06785287126743499,62
3657,1,5788,2986,2802,0,0,0,1.0,1,1.0,1,1.0,1,0.09816223659379526,63
3658,1,5789,2987,2802,0,0,0,1.0,1,1.0,1,1.0,1,0.14226486842101954,63
3659,1,5790,2988,2802,0,0,0,1.0,1,1.0,1,1.0,1,0.17821225496549478,62
3660,5,5795,2992,2803,0,0,0,1.0,1,1.0,1,1.0,1,0.23440395699473032,62
3661,2,5797,2992,2805,0,0,0,1.0,1,1.0,1,1.0,1,0.17670811277752393,61
3662,5,5802,2995,2807,0,0,0,1.0,1,1.0,1,1.0,1,0.17114655150340854,60
3663,4,5806,2997,2809,0,0,0,1.0,1,1.0,1,1.0,1,0.1821879909130285,61
3664,2,5808,2997,2811,0,0,0,1.0,1,1.0,1,1.0,1,0.1497498161193397,58
3665,1,5809,2998,2811,0,0,0,1.0,1,1.0,1,1.0,1,0.14754567882998473,58
3666,1,5810,2999,2811,0,0,0,1.0,1,1.0,1,1.0,1,0.1285451517304167,58
3667,2,5812,3001,2811,0,0,0,1.0,1,1.0,1,1.0,1,0.15124986781138958,58
3668,1,5813,3001,2812,0,0,0,1.0,1,1.0,1,1.0,1,0.16787551996233607,58
3669,1,5814,3002,2812,0,0,0,1.0,1,1.0,1,1.0,1,0.20962308260011678,57
3670,5,5819,3003,2816,0,0,0,1.0,1,1.0,1,1.0,1,0.1670428879140475,56
3671,1,5820,3004,2816,0,0,0,1.0,1,1.0,1,1.0,1,0.20566844616281604,57
3672,1,5821,3005,2816,0,0,0,1.0,1,1.0,1,1.0,1,0.23514160908860007,57
3673,1,5822,3005,2817,0,0,0,1.0,1,1.0,1,1.0,1,0.21611877751242947,58
3674,0,5822,3005,2817,0,0,0,1.0,1,1.0,1,1.0,1,0.2253604793498006,57
3675,0,5822,3005,2817,0,0,0,1.0,1,1.0,1,1.0,1,0.23479248247689322,58
3676,2,5824,3006,2818,0,0,0,1.0,1,1.0,1,1.0,1,0.22091152406800474,59
3677,1,5825,3006,2819,0,0,0,1.0,1,1.0,1,1.0,1,0.20774893140923767,60
3678,1,5826,3006,2820,0,0,0,1.0,1,1.0,1,1.0,1,0.21459970277769436,62
3679,1,5827,3006,2821,0,0,0,1.0,1,1.0,1,1.0,1,0.18441522375955627,62
3680,0,5827,3006,2821,0,0,0,1.0,1,1.0,1,1.0,1,0.1714596984769827,63
3681,0,5827,3006,2821,0,0,0,1.0,1,1.0,1,1.0,1,0.18162077165922894,64
3682,0,5827,3006,2821,0,0,0,1.0,1,1.0,1,1.0,1,0.18162077165922894,64
3683,0,5827,3006,2821,0,0,0,1.0,1,1.0,1,1.0,1,0.18162077165922894,64
3684,1,5828,3007,2821,0,0,0,1.0,1,1.0,1,1.0,1,0.1986581154094203,64
3685,0,5828,3007,2821,0,0,0,1.0,1,1.0,1,1.0,1,0.1986581154094203,64
3686,0,5828,3007,2821,0,0,0,1.0,1,1.0,1,1.0,1,0.19447555768704097,65
3687,0,5828,3007,2821,0,0,0,1.0,1,1.0,1,1.0,1,0.19447555768704097,65
3688,3,5831,3007,2824,0,0,0,1.0,1,1.0,1,1.0,1,0.1808859010587681,66
3689,0,5831,3007,2824,0,0,0,1.0,1,1.0,1,1.0,1,0.1808859010587681,66
3690,0,5831,3007,2824,0,0,0,1.0,1,1.0,1,1.0,1,0.19066749203769076,67
3691,0,5831,3007,2824,0,0,0,1.0,1,1.0,1,1.0,1,0.18821099050222373,68
3692,1,5832,3007,2825,0,0,0,1.0,1,1.0,1,1.0,1,0.17743867240382788,69
3693,2,5834,3008,2826,0,0,0,1.0,1,1.0,1,1.0,1,0.17041928545679477,69
3694,0,5834,3008,2826,0,0,0,1.0,1,1.0,1,1.0,1,0.1752879406497917,70
3695,0,5834,3008,2826,0,0,0,1.0,1,1.0,1,1.0,1,0.1752879406497917,70
3696,2,5836,3010,2826,0,0,0,1.0,1,1.0,1,1.0,1,0.169108061745469,71
3697,5,5841,3012,2829,0,0,0,1.0,1,1.0,1,1.0,1,0.14298340506935417,70
3698,2,5843,3014,2829,0,0,0,1.0,1,1.0,1,1.0,1,0.1898447481264907,70
3699,2,5845,3015,2830,0,0,0,1.0,1,1.0,1,1.0,1,0.17147667919655907,70
3700,5,5850,3018,2832,0,0,0,1.0,1,1.0,1,1.0,1,0.17420961436306293,68
3701,0,5850,3018,2832,0,0,0,1.0,1,1.0,1,1.0,1,0.18239472950404978,69
3702,0,5850,3018,2832,0,0,0,1.0,1,1.0,1,1.0,1,0.16126319853179144,69
3703,1,5851,3019,2832,0,0,0,1.0,1,1.0,1,1.0,1,0.19053334927119284,70
3704,2,5853,3020,2833,0,0,0,1.0,1,1.0,1,1.0,1,0.18740086425284633,69
3705,1,5854,3020,2834,0,0,0,1.0,1,1.0,1,1.0,1,0.15635420424334298,69
3706,3,5857,3022,2835,0,0,0,1.0,1,1.0,1,1.0,1,0.18797455480697117,69
3707,1,5858,3022,2836,0,0,0,1.0,1,1.0,1,1.0,1,0.1583490847913727,67
3708,0,5858,3022,2836,0,0,0,1.0,1,1.0,1,1.0,1,0.1694389266864689,67
3709,1,5859,3022,2837,0,0,0,1.0,1,1.0,1,1.0,1,0.16347550402030556,67
3710,0,5859,3022,2837,0,0,0,1.0,1,1.0,1,1.0,1,0.16000244422111004,67
3711,1,5860,3023,2837,0,0,0,1.0,1,1.0,1,1.0,1,0.16309744391663114,68
3712,0,5860,3023,2837,0,0,0,1.0,1,1.0,1,1.0,1,0.16309744391663114,68
3713,4,5864,3025,2839,0,0,0,1.0,1,1.0,1,1.0,1,0.15328741289007064,68
3714,0,5864,3025,2839,0,0,0,1.0,1,1.0,1,1.0,1,0.16416147142698734,67
3715,3,5867,3026,2841,0,0,0,1.0,1,1.0,1,1.0,1,0.14419190570698984,68
3716,1,5868,3027,2841,0,0,0,1.0,1,1.0,1,1.0,1,0.14487100364043817,67
3717,1,5869,3028,2841,0,0,0,1.0,1,1.0,1,1.0,1,0.1844456652742938,68
3718,1,5870,3028,2842,0,0,0,1.0,1,1.0,1,1.0,1,0.19012190572761292,68
3719,3,5873,3029,2844,0,0,0,1.0,1,1.0,1,1.0,1,0.2380847546523959,68
3720,1,5874,3029,2845,0,0,0,1.0,1,1.0,1,1.0,1,0.23146272683511782,68
3721,4,5878,3033,2845,0,0,0,1.0,1,1.0,1,1.0,1,0.20221181919186462,70
3722,0,5878,3033,2845,0,0,0,1.0,1,1.0,1,1.0,1,0.21254961802499198,71
3723,2,5880,3035,2845,0,0,0,1.0,1,1.0,1,1.0,1,0.22471641734683584,71
3724,5,5885,3036,2849,0,0,0,1.0,1,1.0,1,1.0,1,0.1924973333116539,72
3725,3,5888,3037,2851,0,0,0,1.0,1,1.0,1,1.0,1,0.17745064470090718,72
3726,0,5888,3037,2851,0,0,0,1.0,1,1.0,1,1.0,1,0.16828037970864976,71
3727,1,5889,3037,2852,0,0,0,1.0,1,1.0,1,1.0,1,0.16102983811674831,71
3728,0,5889,3037,2852,0,0,0,1.0,1,1.0,1,1.0,1,0.16590210820762571,70
3729,1,5890,3038,2852,0,0,0,1.0,1,1.0,1,1.0,1,0.1782087144605535,70
3730,2,5892,3039,2853,0,0,0,1.0,1,1.0,1,1.0,1,0.20413468258233736,71
3731,2,5894,3039,2855,0,0,0,1.0,1,1.0,1,1.0,1,0.18568906054065018,71
3732,2,5896,3039,2857,0,0,0,1.0,1,1.0,1,1.0,1,0.17136777226935918,72
3733,1,5897,3040,2857,0,0,0,1.0,1,1.0,1,1.0,1,0.19294158688852006,73
3734,5,5902,3042,2860,0,0,0,1.0,1,1.0,1,1.0,1,0.2076011334906807,74
3735,2,5904,3043,2861,0,0,0,1.0,1,1.0,1,1.0,1,0.1909476452209618,72
3736,1,5905,3043,2862,0,0,0,1.0,1,1.0,1,1.0,1,0.16955682988127302,72
3737,2,5907,3043,2864,0,0,0,1.0,1,1.0,1,1.0,1,0.15710906764496776,73
3738,1,5908,3043,2865,0,0,0,1.0,1,1.0,1,1.0,1,0.162984607835171,72
3739,0,5908,3043,2865,0,0,0,1.0,1,1.0,1,1.0,1,0.16603361526187949,73
3740,0,5908,3043,2865,0,0,0,1.0,1,1.0,1,1.0,1,0.1870207298103513,70
3741,0,5908,3043,2865,0,0,0,1.0,1,1.0,1,1.0,1,0.1870207298103513,70
3742,3,5911,3045,2866,0,0,0,1.0,1,1.0,1,1.0,1,0.18705868435886663,70
3743,2,5913,3046,2867,0,0,0,1.0,1,1.0,1,1.0,1,0.15318144255393798,69
3744,6,5919,3050,2869,0,0,0,1.0,1,1.0,1,1.0,1,0.227592224257257,69
3745,5,5924,3050,2874,0,0,0,1.0,1,1.0,1,1.0,1,0.13509387739415976,68
3746,1,5925,3050,2875,0,0,0,1.0,1,1.0,1,1.0,1,0.1504105394808809,66
3747,1,5926,3050,2876,0,0,0,1.0,1,1.0,1,1.0,1,0.14651495759156788,66
3748,0,5926,3050,2876,0,0,0,1.0,1,1.0,1,1.0,1,0.12913349579008343,65
3749,1,5927,3051,2876,0,0,0,1.0,1,1.0,1,1.0,1,0.13003231313895447,64
3750,2,5929,3053,2876,0,0,0,1.0,1,1.0,1,1.0,1,0.15649558404798872,63
3751,2,5931,3053,2878,0,0,0,1.0,1,1.0,1,1.0,1,0.12429630145070143,64
3752,3,5934,3056,2878,0,0,0,1.0,1,1.0,1,1.0,1,0.1574435532242389,64
3753,4,5938,3057,2881,0,0,0,1.0,1,1.0,1,1.0,1,0.16368180507928823,65
3754,3,5941,3059,2882,0,0,0,1.0,1,1.0,1,1.0,1,0.16411106189098265,65
3755,4,5945,3060,2885,0,0,0,1.0,1,1.0,1,1.0,1,0.15711362596437164,65
3756,1,5946,3061,2885,0,0,0,1.0,1,1.0,1,1.0,1,0.16569526186552833,65
3757,1,5947,3062,2885,0,0,0,1.0,1,1.0,1,1.0,1,0.173025127485026,65
3758,0,5947,3062,2885,0,0,0,1.0,1,1.0,1,1.0,1,0.18373268912123905,64
3759,1,5948,3063,2885,0,0,0,1.0,1,1.0,1,1.0,1,0.1963014920753244,64
3760,3,5951,3063,2888,0,0,0,1.0,1,1.0,1,1.0,1,0.19815877901387133,63
3761,0,5951,3063,2888,0,0,0,1.0,1,1.0,1,1.0,1,0.19815877901387133,63
3762,2,5953,3063,2890,0,0,0,1.0,1,1.0,1,1.0,1,0.1841098784528202,65
3763,4,5957,3065,2892,0,0,0,1.0,1,1.0,1,1.0,1,0.16683868733963864,65
3764,1,5958,3065,2893,0,0,0,1.0,1,1.0,1,1.0,1,0.1526819215635407,66
3765,1,5959,3065,2894,0,0,0,1.0,1,1.0,1,1.0,1,0.161434175051935,67
3766,3,5962,3067,2895,0,0,0,1.0,1,1.0,1,1.0,1,0.1717186881145001,67
3767,4,5966,3068,2898,0,0,0,1.0,1,1.0,1,1.0,1,0.14680217164050324,68
3768,2,5968,3070,2898,0,0,0,1.0,1,1.0,1,1.0,1,0.1975955755347595,67
3769,2,5970,3070,2900,0,0,0,1.0,1,1.0,1,1.0,1,0.16545270693830824,69
3770,0,5970,3070,2900,0,0,0,1.0,1,1.0,1,1.0,1,0.16545270693830824,69
3771,0,5970,3070,2900,0,0,0,1.0,1,1.0,1,1.0,1,0.184832063502201,69
3772,1,5971,3070,2901,0,0,0,1.0,1,1.0,1,1.0,1,0.17466786313601804,70
3773,1,5972,3070,2902,0,0,0,1.0,1,1.0,1,1.0,1,0.1665573056593927,68
3774,2,5974,3071,2903,0,0,0,1.0,1,1.0,1,1.0,1,0.16624829745619493,68
3775,3,5977,3072,2905,0,0,0,1.0,1,1.0,1,1.0,1,0.17404079824012172,68
3776,0,5977,3072,2905,0,0,0,1.0,1,1.0,1,1.0,1,0.17254532301571515,66
3777,2,5979,3074,2905,0,0,0,1.0,1,1.0,1,1.0,1,0.1566363552491123,65
3778,1,5980,3075,2905,0,0,0,1.0,1,1.0,1,1.0,1,0.15132319602496763,65
3779,3,5983,3076,2907,0,0,0,1.0,1,1.0,1,1.0,1,0.14693803601184174,65
3780,1,5984,3077,2907,0,0,0,1.0,1,1.0,1,1.0,1,0.1460505223974865,64
3781,1,5985,3077,2908,0,0,0,1.0,1,1.0,1,1.0,1,0.1373726431186966,64
3782,2,5987,3079,2908,0,0,0,1.0,1,1.0,1,1.0,1,0.16088690050559382,67
3783,1,5988,3080,2908,0,0,0,1.0,1,1.0,1,1.0,1,0.16949248338553782,65
3784,5,5993,3081,2912,0,0,0,1.0,1,1.0,1,1.0,1,0.10813197028075168,65
3785,2,5995,3083,2912,0,0,0,1.0,1,1.0,1,1.0,1,0.15348367053363365,63
3786,0,5995,3083,2912,0,0,0,1.0,1,1.0,1,1.0,1,0.16519716537977522,66
3787,2,5997,3084,2913,0,0,0,1.0,1,1.0,1,1.0,1,0.18999954921750314,65
3788,2,5999,3084,2915,0,0,0,1.0,1,1.0,1,1.0,1,0.15737540271958889,65
3789,2,6001,3086,2915,0,0,0,1.0,1,1.0,1,1.0,1,0.18225983207401197,65
3790,4,6005,3086,2919,0,0,0,1.0,1,1.0,1,1.0,1,0.14292286148867275,64
3791,1,6006,3087,2919,0,0,0,1.0,1,1.0,1,1.0,1,0.1692719922679873,64
3792,5,6011,3089,2922,0,0,0,1.0,1,1.0,1,1.0,1,0.16999020327876954,65
3793,1,6012,3089,2923,0,0,0,1.0,1,1.0,1,1.0,1,0.19078305343465515,68
3794,1,6013,3090,2923,0,0,0,1.0,1,1.0,1,1.0,1,0.2113044161745257,68
3795,3,6016,3091,2925,0,0,0,1.0,1,1.0,1,1.0,1,0.2162166309009192,69
3796,1,6017,3091,2926,0,0,0,1.0,1,1.0,1,1.0,1,0.20742746057360179,69
3797,1,6018,3091,2927,0,0,0,1.0,1,1.0,1,1.0,1,0.22153065348148138,70
3798,1,6019,3091,2928,0,0,0,1.0,1,1.0,1,1.0,1,0.2048329154902755,70
3799,0,6019,3091,2928,0,0,0,1.0,1,1.0,1,1.0,1,0.2172764969276568,69
3800,2,6021,3091,2930,0,0,0,1.0,1,1.0,1,1.0,1,0.20023998196838216,69
3801,2,6023,3091,2932,0,0,0,1.0,1,1.0,1,1.0,1,0.20344503782039217,67
3802,0,6023,3091,2932,0,0,0,1.0,1,1.0,1,1.0,1,0.20344503782039217,67
3803,4,6027,3093,2934,0,0,0,1.0,1,1.0,1,1.0,1,0.19208645092704568,69
3804,4,6031,3094,2937,0,0,0,1.0,1,1.0,1,1.0,1,0.16398727891462808,70
3805,2,6033,3096,2937,0,0,0,1.0,1,1.0,1,1.0,1,0.18376145254833298,71
3806,1,6034,3097,2937,0,0,0,1.0,1,1.0,1,1.0,1,0.18771719174966947,71
3807,2,6036,3098,2938,0,0,0,1.0,1,1.0,1,1.0,1,0.20205321116098748,72
3808,6,6042,3098,2944,0,0,0,1.0,1,1.0,1,1.0,1,0.1512445022443429,72
3809,1,6043,3099,2944,0,0,0,1.0,1,1.0,1,1.0,1,0.1617981725610868,72
3810,1,6044,3100,2944,0,0,0,1.0,1,1.0,1,1.0,1,0.18632213290855326,72
3811,2,6046,3100,2946,0,0,0,1.0,1,1.0,1,1.0,1,0.15685116428282822,71
3812,0,6046,3100,2946,0,0,0,1.0,1,1.0,1,1.0,1,0.16011646101528756,72
3813,3,6049,3101,2948,0,0,0,1.0,1,1.0,1,1.0,1,0.18449540395697567,71
3814,3,6052,3103,2949,0,0,0,1.0,1,1.0,1,1.0,1,0.18766838456750232,72
3815,1,6053,3104,2949,0,0,0,1.0,1,1.0,1,1.0,1,0.19998606069461086,71
3816,1,6054,3104,2950,0,0,0,1.0,1,1.0,1,1.0,1,0.20224396431752228,69
3817,0,6054,3104,2950,0,0,0,1.0,1,1.0,1,1.0,1,0.20716726072016967,72
3818,1,6055,3104,2951,0,0,0,1.0,1,1.0,1,1.0,1,0.18254218790787374,72
3819,0,6055,3104,2951,0,0,0,1.0,1,1.0,1,1.0,1,0.18254218790787374,72
3820,1,6056,3105,2951,0,0,0,1.0,1,1.0,1,1.0,1,0.19786159145187374,72
3821,2,6058,3107,2951,0,0,0,1.0,1,1.0,1,1.0,1,0.23453587384777685,72
3822,2,6060,3107,2953,0,0,0,1.0,1,1.0,1,1.0,1,0.22048850391450403,69
3823,5,6065,3110,2955,0,0,0,1.0,1,1.0,1,1.0,1,0.2229571783147445,69
3824,1,6066,3111,2955,0,0,0,1.0,1,1.0,1,1.0,1,0.2395825553338425,65
3825,1,6067,3112,2955,0,0,0,1.0,1,1.0,1,1.0,1,0.24041394725916898,64
3826,3,6070,3113,2957,0,0,0,1.0,1,1.0,1,1.0,1,0.23620741758922162,65
3827,4,6074,3114,2960,0,0,0,1.0,1,1.0,1,1.0,1,0.2088173781162224,64
3828,1,6075,3115,2960,0,0,0,1.0,1,1.0,1,1.0,1,0.20641863620859208,65
3829,4,6079,3117,2962,0,0,0,1.0,1,1.0,1,1.0,1,0.21110372924290893,65
3830,0,6079,3117,2962,0,0,0,1.0,1,1.0,1,1.0,1,0.20855033501444678,64
3831,1,6080,3118,2962,0,0,0,1.0,1,1.0,1,1.0,1,0.21184193288789266,63
3832,1,6081,3119,2962,0,0,0,1.0,1,1.0,1,1.0,1,0.24437525992069237,64
3833,1,6082,3120,2962,0,0,0,1.0,1,1.0,1,1.0,1,0.2470422333825846,64
3834,4,6086,3122,2964,0,0,0,1.0,1,1.0,1,1.0,1,0.2551781847993718,63
3835,3,6089,3122,2967,0,0,0,1.0,1,1.0,1,1.0,1,0.21135182660997023,63
3836,3,6092,3124,2968,0,0,0,1.0,1,1.0,1,1.0,1,0.22149051057719896,63
3837,3,6095,3126,2969,0,0,0,1.0,1,1.0,1,1.0,1,0.213808410132746,62
3838,0,6095,3126,2969,0,0,0,1.0,1,1.0,1,1.0,1,0.213808410132746,62
3839,1,6096,3127,2969,0,0,0,1.0,1,1.0,1,1.0,1,0.24852649181174297,60
3840,0,6096,3127,2969,0,0,0,1.0,1,1.0,1,1.0,1,0.25092533588901067,62
3841,1,6097,3128,2969,0,0,0,1.0,1,1.0,1,1.0,1,0.28635359740467714,62
3842,1,6098,3128,2970,0,0,0,1.0,1,1.0,1,1.0,1,0.26612852109574003,63
3843,2,6100,3128,2972,0,0,0,1.0,1,1.0,1,1.0,1,0.24720118966124718,64
3844,0,6100,3128,2972,0,0,0,1.0,1,1.0,1,1.0,1,0.24391909928023092,65
3845,3,6103,3128,2975,0,0,0,1.0,1,1.0,1,1.0,1,0.22584189067125351,66
3846,3,6106,3129,2977,0,0,0,1.0,1,1.0,1,1.0,1,0.2178365656877875,67
3847,3,6109,3129,2980,0,0,0,1.0,1,1.0,1,1.0,1,0.1926398877512098,67
3848,2,6111,3130,2981,0,0,0,1.0,1,1.0,1,1.0,1,0.1803744876321241,67
3849,2,6113,3131,2982,0,0,0,1.0,1,1.0,1,1.0,1,0.16788770945209222,67
3850,5,6118,3133,2985,0,0,0,1.0,1,1.0,1,1.0,1,0.1453934606469076,68
3851,1,6119,3134,2985,0,0,0,1.0,1,1.0,1,1.0,1,0.16181445199778124,68
3852,3,6122,3135,2987,0,0,0,1.0,1,1.0,1,1.0,1,0.191141772844732,70
3853,2,6124,3136,2988,0,0,0,1.0,1,1.0,1,1.0,1,0.19499266601141174,70
3854,1,6125,3136,2989,0,0,0,1.0,1,1.0,1,1.0,1,0.1888795936964693,70
3855,0,6125,3136,2989,0,0,0,1.0,1,1.0,1,1.0,1,0.1977251765453311,69
3856,0,6125,3136,2989,0,0,0,1.0,1,1.0,1,1.0,1,0.19208007151915188,70
3857,3,6128,3138,2990,0,0,0,1.0,1,1.0,1,1.0,1,0.23277703094827024,68
3858,2,6130,3139,2991,0,0,0,1.0,1,1.0,1,1.0,1,0.22891500632444683,67
3859,1,6131,3139,2992,0,0,0,1.0,1,1.0,1,1.0,1,0.2328176180583054,66
3860,3,6134,3140,2994,0,0,0,1.0,1,1.0,1,1.0,1,0.2495667908870085,66
3861,1,6135,3141,2994,0,0,0,1.0,1,1.0,1,1.0,1,0.25097850679129396,66
3862,4,6139,3143,2996,0,0,0,1.0,1,1.0,1,1.0,1,0.25630167832480244,66
3863,0,6139,3143,2996,0,0,0,1.0,1,1.0,1,1.0,1,0.2572450720534502,63
3864,1,6140,3144,2996,0,0,0,1.0,1,1.0,1,1.0,1,0.2644909207657565,63
3865,2,6142,3144,2998,0,0,0,1.0,1,1.0,1,1.0,1,0.2380887126963135,61
3866,1,6143,3145,2998,0,0,0,1.0,1,1.0,1,1.0,1,0.2499209823719229,61
3867,2,6145,3147,2998,0,0,0,1.0,1,1.0,1,1.0,1,0.2507094792620535,60
3868,0,6145,3147,2998,0,0,0,1.0,1,1.0,1,1.0,1,0.24592693128040896,59
3869,3,6148,3149,2999,0,0,0,1.0,1,1.0,1,1.0,1,0.24099211999006057,61
3870,0,6148,3149,2999,0,0,0,1.0,1,1.0,1,1.0,1,0.24271436891897258,61
3871,2,6150,3149,3001,0,0,0,1.0,1,1.0,1,1.0,1,0.24289628594851465,64
3872,3,6153,3150,3003,0,0,0,1.0,1,1.0,1,1.0,1,0.234277560363264,63
3873,0,6153,3150,3003,0,0,0,1.0,1,1.0,1,1.0,1,0.23261441105629488,62
3874,2,6155,3150,3005,0,0,0,1.0,1,1.0,1,1.0,1,0.22216014201130962,63
3875,3,6158,3152,3006,0,0,0,1.0,1,1.0,1,1.0,1,0.21784810202144525,61
3876,0,6158,3152,3006,0,0,0,1.0,1,1.0,1,1.0,1,0.21792982372668984,62
3877,3,6161,3154,3007,0,0,0,1.0,1,1.0,1,1.0,1,0.21630528625304915,63
3878,0,6161,3154,3007,0,0,0,1.0,1,1.0,1,1.0,1,0.21630528625304915,63
3879,1,6162,3155,3007,0,0,0,1.0,1,1.0,1,1.0,1,0.22448617174477986,63
3880,2,6164,3155,3009,0,0,0,1.0,1,1.0,1,1.0,1,0.20580073693121806,65
3881,1,6165,3155,3010,0,0,0,1.0,1,1.0,1,1.0,1,0.19426555247875107,65
3882,1,6166,3156,3010,0,0,0,1.0,1,1.0,1,1.0,1,0.20819020783795644,66
3883,3,6169,3156,3013,0,0,0,1.0,1,1.0,1,1.0,1,0.19298210179974706,66
3884,1,6170,3157,3013,0,0,0,1.0,1,1.0,1,1.0,1,0.21816906971776412,66
3885,5,6175,3159,3016,0,0,0,1.0,1,1.0,1,1.0,1,0.22126737649209244,66
3886,5,6180,3160,3020,0,0,0,1.0,1,1.0,1,1.0,1,0.18328428354764537,65
3887,3,6183,3160,3023,0,0,0,1.0,1,1.0,1,1.0,1,0.18340070304104425,65
3888,1,6184,3160,3024,0,0,0,1.0,1,1.0,1,1.0,1,0.20211227673073062,66
3889,1,6185,3161,3024,0,0,0,1.0,1,1.0,1,1.0,1,0.20986213099398623,64
3890,1,6186,3162,3024,0,0,0,1.0,1,1.0,1,1.0,1,0.22373169935766732,63
3891,2,6188,3163,3025,0,0,0,1.0,1,1.0,1,1.0,1,0.21098982603162642,66
3892,6,6194,3163,3031,0,0,0,1.0,1,1.0,1,1.0,1,0.14198991769501312,67
3893,1,6195,3163,3032,0,0,0,1.0,1,1.0,1,1.0,1,0.14686953372433867,66
3894,1,6196,3163,3033,0,0,0,1.0,1,1.0,1,1.0,1,0.14901857012167477,67
3895,0,6196,3163,3033,0,0,0,1.0,1,1.0,1,1.0,1,0.15450083008584006,66
3896,1,6197,3164,3033,0,0,0,1.0,1,1.0,1,1.0,1,0.16179873820543175,66
3897,0,6197,3164,3033,0,0,0,1.0,1,1.0,1,1.0,1,0.16920579886393358,65
3898,4,6201,3168,3033,0,0,0,1.0,1,1.0,1,1.0,1,0.2238720056745005,65
3899,4,6205,3169,3036,0,0,0,1.0,1,1.0,1,1.0,1,0.15902488931879813,64
3900,2,6207,3170,3037,0,0,0,1.0,1,1.0,1,1.0,1,0.17745114598962147,63
3901,1,6208,3171,3037,0,0,0,1.0,1,1.0,1,1.0,1,0.178138078964465,63
3902,1,6209,3171,3038,0,0,0,1.0,1,1.0,1,1.0,1,0.17938294770674823,64
3903,1,6210,3172,3038,0,0,0,1.0,1,1.0,1,1.0,1,0.17629303740388003,64
3904,1,6211,3173,3038,0,0,0,1.0,1,1.0,1,1.0,1,0.17577707517245958,63
3905,1,6212,3173,3039,0,0,0,1.0,1,1.0,1,1.0,1,0.1935129825089461,63
3906,3,6215,3176,3039,0,0,0,1.0,1,1.0,1,1.0,1,0.19593026483672746,64
3907,5,6220,3178,3042,0,0,0,1.0,1,1.0,1,1.0,1,0.20033002393080623,64
3908,1,6221,3178,3043,0,0,0,1.0,1,1.0,1,1.0,1,0.1946412508932324,63
3909,1,6222,3179,3043,0,0,0,1.0,1,1.0,1,1.0,1,0.20667961380855118,62
3910,2,6224,3179,3045,0,0,0,1.0,1,1.0,1,1.0,1,0.18019933683639672,62
3911,3,6227,3179,3048,0,0,0,1.0,1,1.0,1,1.0,1,0.16362249399803813,64
3912,3,6230,3179,3051,0,0,0,1.0,1,1.0,1,1.0,1,0.1400109916813047,64
3913,1,6231,3179,3052,0,0,0,1.0,1,1.0,1,1.0,1,0.14415341355396197,65
3914,0,6231,3179,3052,0,0,0,1.0,1,1.0,1,1.0,1,0.1633857705445972,65
3915,0,6231,3179,3052,0,0,0,1.0,1,1.0,1,1.0,1,0.16197731701922805,66
3916,1,6232,3180,3052,0,0,0,1.0,1,1.0,1,1.0,1,0.1770043510354669,66
3917,1,6233,3180,3053,0,0,0,1.0,1,1.0,1,1.0,1,0.16545317300669568,66
3918,0,6233,3180,3053,0,0,0,1.0,1,1.0,1,1.0,1,0.17634422710090558,67
3919,4,6237,3181,3056,0,0,0,1.0,1,1.0,1,1.0,1,0.1537927415917522,68
3920,2,6239,3182,3057,0,0,0,1.0,1,1.0,1,1.0,1,0.14404953125426526,69
3921,0,6239,3182,3057,0,0,0,1.0,1,1.0,1,1.0,1,0.15547453191812444,68
3922,4,6243,3185,3058,0,0,0,1.0,1,1.0,1,1.0,1,0.17851969440882406,68
3923,1,6244,3185,3059,0,0,0,1.0,1,1.0,1,1.0,1,0.1817555741967472,69
3924,1,6245,3186,3059,0,0,0,1.0,1,1.0,1,1.0,1,0.20164184630358056,69
3925,2,6247,3188,3059,0,0,0,1.0,1,1.0,1,1.0,1,0.2520378983744104,67
3926,1,6248,3189,3059,0,0,0,1.0,1,1.0,1,1.0,1,0.28166452664874975,67
3927,1,6249,3189,3060,0,0,0,1.0,1,1.0,1,1.0,1,0.28926981416825615,65
3928,3,6252,3189,3063,0,0,0,1.0,1,1.0,1,1.0,1,0.2505964280527762,65
3929,1,6253,3190,3063,0,0,0,1.0,1,1.0,1,1.0,1,0.24815085231311035,64
3930,1,6254,3190,3064,0,0,0,1.0,1,1.0,1,1.0,1,0.24388884538446523,64
3931,1,6255,3191,3064,0,0,0,1.0,1,1.0,1,1.0,1,0.24149527173589444,62
3932,1,6256,3191,3065,0,0,0,1.0,1,1.0,1,1.0,1,0.23628252524868784,62
3933,1,6257,3192,3065,0,0,0,1.0,1,1.0,1,1.0,1,0.23745328453350292,62
3934,2,6259,3193,3066,0,0,0,1.0,1,1.0,1,1.0,1,0.23149828434255393,61
3935,3,6262,3193,3069,0,0,0,1.0,1,1.0,1,1.0,1,0.2032895649784482,64
3936,1,6263,3193,3070,0,0,0,1.0,1,1.0,1,1.0,1,0.20617580628605012,65
3937,0,6263,3193,3070,0,0,0,1.0,1,1.0,1,1.0,1,0.20594809493907554,66
3938,3,6266,3194,3072,0,0,0,1.0,1,1.0,1,1.0,1,0.20805305925118875,66
3939,2,6268,3194,3074,0,0,0,1.0,1,1.0,1,1.0,1,0.1927527917255573,67
3940,1,6269,3195,3074,0,0,0,1.0,1,1.0,1,1.0,1,0.19597039429844065,69
3941,1,6270,3195,3075,0,0,0,1.0,1,1.0,1,1.0,1,0.17195555404700635,69
3942,0,6270,3195,3075,0,0,0,1.0,1,1.0,1,1.0,1,0.17195555404700635,69
3943,1,6271,3196,3075,0,0,0,1.0,1,1.0,1,1.0,1,0.18776422447310018,68
3944,1,6272,3196,3076,0,0,0,1.0,1,1.0,1,1.0,1,0.1781893909463051,68
3945,3,6275,3199,3076,0,0,0,1.0,1,1.0,1,1.0,1,0.18017070664733198,67
3946,3,6278,3200,3078,0,0,0,1.0,1,1.0,1,1.0,1,0.15020910427453343,67
3947,0,6278,3200,3078,0,0,0,1.0,1,1.0,1,1.0,1,0.15100677612890315,66
3948,2,6280,3202,3078,0,0,0,1.0,1,1.0,1,1.0,1,0.16304452923939336,67
3949,6,6286,3206,3080,0,0,0,1.0,1,1.0,1,1.0,1,0.2225190067298815,66
3950,3,6289,3206,3083,0,0,0,1.0,1,1.0,1,1.0,1,0.2075505180931929,65
3951,0,6289,3206,3083,0,0,0,1.0,1,1.0,1,1.0,1,0.2031057734561403,65
3952,2,6291,3208,3083,0,0,0,1.0,1,1.0,1,1.0,1,0.20726628003214145,65
3953,2,6293,3208,3085,0,0,0,1.0,1,1.0,1,1.0,1,0.2049230127005651,65
3954,2,6295,3209,3086,0,0,0,1.0,1,1.0,1,1.0,1,0.18770669811599314,64
3955,4,6299,3210,3089,0,0,0,1.0,1,1.0,1,1.0,1,0.19532437315543175,64
3956,0,6299,3210,3089,0,0,0,1.0,1,1.0,1,1.0,1,0.20085697456551047,63
3957,1,6300,3211,3089,0,0,0,1.0,1,1.0,1,1.0,1,0.2044603842411515,63
3958,1,6301,3212,3089,0,0,0,1.0,1,1.0,1,1.0,1,0.21549936231654096,63
3959,2,6303,3213,3090,0,0,0,1.0,1,1.0,1,1.0,1,0.20631063816754525,62
3960,0,6303,3213,3090,0,0,0,1.0,1,1.0,1,1.0,1,0.20631063816754525,62
3961,4,6307,3215,3092,0,0,0,1.0,1,1.0,1,1.0,1,0.19765075014094244,64
3962,1,6308,3216,3092,0,0,0,1.0,1,1.0,1,1.0,1,0.2073333997002424,64
3963,4,6312,3218,3094,0,0,0,1.0,1,1.0,1,1.0,1,0.23242865950834404,62
3964,1,6313,3218,3095,0,0,0,1.0,1,1.0,1,1.0,1,0.21851948743092314,63
3965,2,6315,3218,3097,0,0,0,1.0,1,1.0,1,1.0,1,0.2349714904654864,63
3966,0,6315,3218,3097,0,0,0,1.0,1,1.0,1,1.0,1,0.2467380821647689,62
3967,3,6318,3218,3100,0,0,0,1.0,1,1.0,1,1.0,1,0.23259085762681608,64
3968,1,6319,3218,3101,0,0,0,1.0,1,1.0,1,1.0,1,0.21409932642945262,63
3969,2,6321,3218,3103,0,0,0,1.0,1,1.0,1,1.0,1,0.2041317361539466,63
3970,1,6322,3218,3104,0,0,0,1.0,1,1.0,1,1.0,1,0.19749122859744217,65
3971,0,6322,3218,3104,0,0,0,1.0,1,1.0,1,1.0,1,0.19749122859744217,65
3972,2,6324,3219,3105,0,0,0,1.0,1,1.0,1,1.0,1,0.21340126435650905,66
3973,0,6324,3219,3105,0,0,0,1.0,1,1.0,1,1.0,1,0.21340126435650905,66
3974,2,6326,3221,3105,0,0,0,1.0,1,1.0,1,1.0,1,0.2257272666390974,66
3975,3,6329,3222,3107,0,0,0,1.0,1,1.0,1,1.0,1,0.19570297810184503,66
3976,2,6331,3222,3109,0,0,0,1.0,1,1.0,1,1.0,1,0.19886805606262106,66
3977,1,6332,3223,3109,0,0,0,1.0,1,1.0,1,1.0,1,0.20778111132315527,64
3978,1,6333,3224,3109,0,0,0,1.0,1,1.0,1,1.0,1,0.22898108935314052,63
3979,4,6337,3225,3112,0,0,0,1.0,1,1.0,1,1.0,1,0.23976459474745485,63
3980,1,6338,3226,3112,0,0,0,1.0,1,1.0,1,1.0,1,0.24488927603950297,63
3981,2,6340,3226,3114,0,0,0,1.0,1,1.0,1,1.0,1,0.2510902836497663,64
3982,5,6345,3226,3119,0,0,0,1.0,1,1.0,1,1.0,1,0.20233446043981226,65
3983,2,6347,3227,3120,0,0,0,1.0,1,1.0,1,1.0,1,0.18226869706037035,64
3984,3,6350,3229,3121,0,0,0,1.0,1,1.0,1,1.0,1,0.17151915912438692,65
3985,0,6350,3229,3121,0,0,0,1.0,1,1.0,1,1.0,1,0.17344113108825193,64
3986,1,6351,3230,3121,0,0,0,1.0,1,1.0,1,1.0,1,0.1742509714255412,63
3987,1,6352,3230,3122,0,0,0,1.0,1,1.0,1,1.0,1,0.17503192678428525,63
3988,2,6354,3230,3124,0,0,0,1.0,1,1.0,1,1.0,1,0.15005255372826973,63
3989,2,6356,3232,3124,0,0,0,1.0,1,1.0,1,1.0,1,0.17009760001928803,63
3990,2,6358,3233,3125,0,0,0,1.0,1,1.0,1,1.0,1,0.1954807727388842,62
3991,2,6360,3233,3127,0,0,0,1.0,1,1.0,1,1.0,1,0.17835900976938365,62
3992,1,6361,3233,3128,0,0,0,1.0,1,1.0,1,1.0,1,0.16466742036680249,65
3993,1,6362,3234,3128,0,0,0,1.0,1,1.0,1,1.0,1,0.18560724659529543,65
3994,1,6363,3234,3129,0,0,0,1.0,1,1.0,1,1.0,1,0.16562267960635962,64
3995,1,6364,3234,3130,0,0,0,1.0,1,1.0,1,1.0,1,0.15491026797142074,64
3996,2,6366,3234,3132,0,0,0,1.0,1,1.0,1,1.0,1,0.14518543725556737,67
3997,2,6368,3234,3134,0,0,0,1.0,1,1.0,1,1.0,1,0.11673817730868605,69
3998,2,6370,3235,3135,0,0,0,1.0,1,1.0,1,1.0,1,0.11161595238175166,69
3999,0,6370,3235,3135,0,0,0,1.0,1,1.0,1,1.0,1,0.11161595238175166,69
4000,0,6370,3235,3135,0,0,0,1.0,1,1.0,1,1.0,1,0.12110282918237106,69
4001,0,6370,3235,3135,0,0,0,1.0,1,1.0,1,1.0,1,0.13472509127534463,68
4002,6,6376,3237,3139,0,0,0,1.0,1,1.0,1,1.0,1,0.15371954515212152,68
4003,2,6378,3238,3140,0,0,0,1.0,1,1.0,1,1.0,1,0.17075895908338298,68
4004,2,6380,3240,3140,0,0,0,1.0,1,1.0,1,1.0,1,0.19703959393795464,67
4005,2,6382,3241,3141,0,0,0,1.0,1,1.0,1,1.0,1,0.19442494605130856,67
4006,5,6387,3243,3144,0,0,0,1.0,1,1.0,1,1.0,1,0.21897432512150275,67
4007,2,6389,3244,3145,0,0,0,1.0,1,1.0,1,1.0,1,0.186076935584232,67
4008,3,6392,3247,3145,0,0,0,1.0,1,1.0,1,1.0,1,0.2165939182536872,67
4009,2,6394,3247,3147,0,0,0,1.0,1,1.0,1,1.0,1,0.1866124070494917,67
4010,1,6395,3248,3147,0,0,0,1.0,1,1.0,1,1.0,1,0.2107043400959286,66
4011,1,6396,3249,3147,0,0,0,1.0,1,1.0,1,1.0,1,0.22227684300850944,66
4012,3,6399,3250,3149,0,0,0,1.0,1,1.0,1,1.0,1,0.2232788669216258,66
4013,1,6400,3250,3150,0,0,0,1.0,1,1.0,1,1.0,1,0.22168217998711404,66
4014,2,6402,3251,3151,0,0,0,1.0,1,1.0,1,1.0,1,0.21464253645244244,66
4015,0,6402,3251,3151,0,0,0,1.0,1,1.0,1,1.0,1,0.22689022585775495,64
4016,1,6403,3252,3151,0,0,0,1.0,1,1.0,1,1.0,1,0.2790718372353063,64
4017,2,6405,3252,3153,0,0,0,1.0,1,1.0,1,1.0,1,0.2584025953242062,66
4018,2,6407,3252,3155,0,0,0,1.0,1,1.0,1,1.0,1,0.24509954967114572,67
4019,0,6407,3252,3155,0,0,0,1.0,1,1.0,1,1.0,1,0.24509954967114572,67
4020,0,6407,3252,3155,0,0,0,1.0,1,1.0,1,1.0,1,0.26069774609054525,66
4021,3,6410,3255,3155,0,0,0,1.0,1,1.0,1,1.0,1,0.2777973640055049,66
4022,0,6410,3255,3155,0,0,0,1.0,1,1.0,1,1.0,1,0.2777973640055049,66
4023,4,6414,3258,3156,0,0,0,1.0,1,1.0,1,1.0,1,0.2729209030741474,66
4024,5,6419,3260,3159,0,0,0,1.0,1,1.0,1,1.0,1,0.2634202630268402,66
4025,1,6420,3260,3160,0,0,0,1.0,1,1.0,1,1.0,1,0.24590146640801763,66
4026,2,6422,3261,3161,0,0,0,1.0,1,1.0,1,1.0,1,0.25007621498514526,66
4027,1,6423,3262,3161,0,0,0,1.0,1,1.0,1,1.0,1,0.24094144493275593,64
4028,3,6426,3264,3162,0,0,0,1.0,1,1.0,1,1.0,1,0.25840430488568156,63
4029,3,6429,3265,3164,0,0,0,1.0,1,1.0,1,1.0,1,0.23950091293185558,62
4030,3,6432,3267,3165,0,0,0,1.0,1,1.0,1,1.0,1,0.2508995914633613,63
4031,1,6433,3268,3165,0,0,0,1.0,1,1.0,1,1.0,1,0.25779255751101204,62
4032,3,6436,3271,3165,0,0,0,1.0,1,1.0,1,1.0,1,0.29819862918763873,62
4033,5,6441,3274,3167,0,0,0,1.0,1,1.0,1,1.0,1,0.31527097220427525,61
4034,6,6447,3277,3170,0,0,0,1.0,1,1.0,1,1.0,1,0.25323571197840294,60
4035,0,6447,3277,3170,0,0,0,1.0,1,1.0,1,1.0,1,0.27061515336950503,59
4036,3,6450,3278,3172,0,0,0,1.0,1,1.0,1,1.0,1,0.24767738995826916,58
4037,1,6451,3279,3172,0,0,0,1.0,1,1.0,1,1.0,1,0.23289312236992601,59
4038,0,6451,3279,3172,0,0,0,1.0,1,1.0,1,1.0,1,0.23856496843468716,58
4039,2,6453,3281,3172,0,0,0,1.0,1,1.0,1,1.0,1,0.28024912293469684,56
4040,0,6453,3281,3172,0,0,0,1.0,1,1.0,1,1.0,1,0.30313370667237316,55
4041,2,6455,3283,3172,0,0,0,1.0,1,1.0,1,1.0,1,0.3335414208914316,54
4042,1,6456,3284,3172,0,0,0,1.0,1,1.0,1,1.0,1,0.3345942790620069,56
4043,1,6457,3285,3172,0,0,0,1.0,1,1.0,1,1.0,1,0.3477493210984591,56
4044,0,6457,3285,3172,0,0,0,1.0,1,1.0,1,1.0,1,0.3650066128804862,56
4045,3,6460,3287,3173,0,0,0,1.0,1,1.0,1,1.0,1,0.37001871670938735,57
4046,0,6460,3287,3173,0,0,0,1.0,1,1.0,1,1.0,1,0.3918150723753966,59
4047,2,6462,3288,3174,0,0,0,1.0,1,1.0,1,1.0,1,0.3927136942446833,59
4048,0,6462,3288,3174,0,0,0,1.0,1,1.0,1,1.0,1,0.3927136942446833,59
4049,1,6463,3288,3175,0,0,0,1.0,1,1.0,1,1.0,1,0.3803013578561809,60
4050,0,6463,3288,3175,0,0,0,1.0,1,1.0,1,1.0,1,0.3803013578561809,60
4051,0,6463,3288,3175,0,0,0,1.0,1,1.0,1,1.0,1,0.3803013578561809,60
4052,0,6463,3288,3175,0,0,0,1.0,1,1.0,1,1.0,1,0.3803013578561809,60
4053,0,6463,3288,3175,0,0,0,1.0,1,1.0,1,1.0,1,0.3803013578561809,60
4054,3,6466,3289,3177,0,0,0,1.0,1,1.0,1,1.0,1,0.3655340842767374,61
4055,0,6466,3289,3177,0,0,0,1.0,1,1.0,1,1.0,1,0.3655340842767374,61
4056,0,6466,3289,3177,0,0,0,1.0,1,1.0,1,1.0,1,0.3753363128935795,62
4057,0,6466,3289,3177,0,0,0,1.0,1,1.0,1,1.0,1,0.3788613793311388,63
4058,1,6467,3289,3178,0,0,0,1.0,1,1.0,1,1.0,1,0.3928739782990609,64
4059,0,6467,3289,3178,0,0,0,1.0,1,1.0,1,1.0,1,0.4066145522701793,63
4060,2,6469,3289,3180,0,0,0,1.0,1,1.0,1,1.0,1,0.37144149848282704,63
4061,0,6469,3289,3180,0,0,0,1.0,1,1.0,1,1.0,1,0.3750792879566077,63
4062,2,6471,3291,3180,0,0,0,1.0,1,1.0,1,1.0,1,0.37537093880244093,65
4063,3,6474,3291,3183,0,0,0,1.0,1,1.0,1,1.0,1,0.33165476121965926,64
4064,6,6480,3293,3187,0,0,0,1.0,1,1.0,1,1.0,1,0.31674830252862524,65
4065,3,6483,3295,3188,0,0,0,1.0,1,1.0,1,1.0,1,0.30879168391126677,64
4066,5,6488,3297,3191,0,0,0,1.0,1,1.0,1,1.0,1,0.3058101794160186,64
4067,3,6491,3299,3192,0,0,0,1.0,1,1.0,1,1.0,1,0.31965714973856285,63
4068,6,6497,3300,3197,0,0,0,1.0,1,1.0,1,1.0,1,0.2845368006189852,64
4069,6,6503,3303,3200,0,0,0,1.0,1,1.0,1,1.0,1,0.2729883986508413,62
4070,2,6505,3305,3200,0,0,0,1.0,1,1.0,1,1.0,1,0.3087506996997612,61
4071,6,6511,3308,3203,0,0,0,1.0,1,1.0,1,1.0,1,0.2970783320288384,61
4072,5,6516,3310,3206,0,0,0,1.0,1,1.0,1,1.0,1,0.268096622636788,60
4073,1,6517,3311,3206,0,0,0,1.0,1,1.0,1,1.0,1,0.26709291103557137,60
4074,4,6521,3313,3208,0,0,0,1.0,1,1.0,1,1.0,1,0.25442140274281566,60
4075,0,6521,3313,3208,0,0,0,1.0,1,1.0,1,1.0,1,0.24040258331011624,59
4076,1,6522,3314,3208,0,0,0,1.0,1,1.0,1,1.0,1,0.2676087422805462,60
4077,4,6526,3317,3209,0,0,0,1.0,1,1.0,1,1.0,1,0.30945463609094453,61
4078,1,6527,3317,3210,0,0,0,1.0,1,1.0,1,1.0,1,0.30430889409349593,60
4079,2,6529,3318,3211,0,0,0,1.0,1,1.0,1,1.0,1,0.318459910090792,58
4080,1,6530,3318,3212,0,0,0,1.0,1,1.0,1,1.0,1,0.3093234273080564,56
4081,1,6531,3318,3213,0,0,0,1.0,1,1.0,1,1.0,1,0.30555464499166635,56
4082,0,6531,3318,3213,0,0,0,1.0,1,1.0,1,1.0,1,0.3230074889606771,55
4083,1,6532,3319,3213,0,0,0,1.0,1,1.0,1,1.0,1,0.3377850254117552,55
4084,2,6534,3320,3214,0,0,0,1.0,1,1.0,1,1.0,1,0.3370475920081736,55
4085,3,6537,3320,3217,0,0,0,1.0,1,1.0,1,1.0,1,0.30048254935430574,56
4086,2,6539,3321,3218,0,0,0,1.0,1,1.0,1,1.0,1,0.27660187791811236,57
4087,2,6541,3322,3219,0,0,0,1.0,1,1.0,1,1.0,1,0.28861961376439627,57
4088,1,6542,3322,3220,0,0,0,1.0,1,1.0,1,1.0,1,0.2993048523579312,57
4089,1,6543,3322,3221,0,0,0,1.0,1,1.0,1,1.0,1,0.3049958980098126,56
4090,1,6544,3323,3221,0,0,0,1.0,1,1.0,1,1.0,1,0.3018031398961049,56
4091,3,6547,3323,3224,0,0,0,1.0,1,1.0,1,1.0,1,0.28980972530108906,56
4092,0,6547,3323,3224,0,0,0,1.0,1,1.0,1,1.0,1,0.29440228514539574,57
4093,3,6550,3325,3225,0,0,0,1.0,1,1.0,1,1.0,1,0.3090977472396726,58
4094,3,6553,3326,3227,0,0,0,1.0,1,1.0,1,1.0,1,0.29861915994555177,57
4095,1,6554,3326,3228,0,0,0,1.0,1,1.0,1,1.0,1,0.28133733056628646,57
4096,5,6559,3327,3232,0,0,0,1.0,1,1.0,1,1.0,1,0.22814146055544432,59
4097,0,6559,3327,3232,0,0,0,1.0,1,1.0,1,1.0,1,0.22814146055544432,59
4098,3,6562,3328,3234,0,0,0,1.0,1,1.0,1,1.0,1,0.2021346597592023,59
4099,2,6564,3329,3235,0,0,0,1.0,1,1.0,1,1.0,1,0.18445411321095592,60
4100,2,6566,3330,3236,0,0,0,1.0,1,1.0,1,1.0,1,0.1792834137417955,60
4101,0,6566,3330,3236,0,0,0,1.0,1,1.0,1,1.0,1,0.1792834137417955,60
4102,6,6572,3335,3237,0,0,0,1.0,1,1.0,1,1.0,1,0.17337579446024345,60
4103,1,6573,3336,3237,0,0,0,1.0,1,1.0,1,1.0,1,0.19083548848240417,58
4104,2,6575,3338,3237,0,0,0,1.0,1,1.0,1,1.0,1,0.19665532400134836,60
4105,1,6576,3339,3237,0,0,0,1.0,1,1.0,1,1.0,1,0.19400030396380968,59
4106,4,6580,3341,3239,0,0,0,1.0,1,1.0,1,1.0,1,0.17726971808434885,61
4107,0,6580,3341,3239,0,0,0,1.0,1,1.0,1,1.0,1,0.18999472113279164,59
4108,1,6581,3341,3240,0,0,0,1.0,1,1.0,1,1.0,1,0.1831440237605429,60
4109,1,6582,3341,3241,0,0,0,1.0,1,1.0,1,1.0,1,0.16834015330875984,59
4110,1,6583,3342,3241,0,0,0,1.0,1,1.0,1,1.0,1,0.19459911091611776,60
4111,2,6585,3343,3242,0,0,0,1.0,1,1.0,1,1.0,1,0.20001941349821167,61
4112,2,6587,3344,3243,0,0,0,1.0,1,1.0,1,1.0,1,0.19175120632133436,60
4113,2,6589,3345,3244,0,0,0,1.0,1,1.0,1,1.0,1,0.19559969625639162,61
4114,3,6592,3345,3247,0,0,0,1.0,1,1.0,1,1.0,1,0.1629722444234964,62
4115,2,6594,3347,3247,0,0,0,1.0,1,1.0,1,1.0,1,0.1975582072907629,60
4116,1,6595,3348,3247,0,0,0,1.0,1,1.0,1,1.0,1,0.2010578195716511,59
4117,5,6600,3351,3249,0,0,0,1.0,1,1.0,1,1.0,1,0.2028973333789966,56
4118,4,6604,3352,3252,0,0,0,1.0,1,1.0,1,1.0,1,0.20762314076176863,55
4119,0,6604,3352,3252,0,0,0,1.0,1,1.0,1,1.0,1,0.2327400875197394,53
4120,4,6608,3353,3255,0,0,0,1.0,1,1.0,1,1.0,1,0.18695218937576646,52
4121,3,6611,3356,3255,0,0,0,1.0,1,1.0,1,1.0,1,0.19211335701040516,53
4122,1,6612,3357,3255,0,0,0,1.0,1,1.0,1,1.0,1,0.1781406400906023,52
4123,3,6615,3359,3256,0,0,0,1.0,1,1.0,1,1.0,1,0.1876329297549625,51
4124,1,6616,3360,3256,0,0,0,1.0,1,1.0,1,1.0,1,0.21628725595383796,51
4125,2,6618,3361,3257,0,0,0,1.0,1,1.0,1,1.0,1,0.2165981419418967,50
4126,8,6626,3364,3262,0,0,0,1.0,1,1.0,1,1.0,1,0.17292312439909466,50
4127,0,6626,3364,3262,0,0,0,1.0,1,1.0,1,1.0,1,0.18446115602719962,49
4128,0,6626,3364,3262,0,0,0,1.0,1,1.0,1,1.0,1,0.18446115602719962,49
4129,0,6626,3364,3262,0,0,0,1.0,1,1.0,1,1.0,1,0.18446115602719962,49
4130,2,6628,3366,3262,0,0,0,1.0,1,1.0,1,1.0,1,0.18850896398927436,50
4131,1,6629,3366,3263,0,0,0,1.0,1,1.0,1,1.0,1,0.17132883279438987,50
4132,0,6629,3366,3263,0,0,0,1.0,1,1.0,1,1.0,1,0.17132883279438987,50
4133,2,6631,3367,3264,0,0,0,1.0,1,1.0,1,1.0,1,0.18363901842919061,51
4134,1,6632,3367,3265,0,0,0,1.0,1,1.0,1,1.0,1,0.16910770759921176,53
4135,2,6634,3368,3266,0,0,0,1.0,1,1.0,1,1.0,1,0.17369652778339914,54
4136,0,6634,3368,3266,0,0,0,1.0,1,1.0,1,1.0,1,0.17369652778339914,54
4137,1,6635,3369,3266,0,0,0,1.0,1,1.0,1,1.0,1,0.1765605967271223,55
4138,1,6636,3369,3267,0,0,0,1.0,1,1.0,1,1.0,1,0.15151811587277633,54
4139,0,6636,3369,3267,0,0,0,1.0,1,1.0,1,1.0,1,0.15151811587277633,54
4140,1,6637,3370,3267,0,0,0,1.0,1,1.0,1,1.0,1,0.17772629779948818,55
4141,1,6638,3370,3268,0,0,0,1.0,1,1.0,1,1.0,1,0.17488718641122836,55
4142,1,6639,3371,3268,0,0,0,1.0,1,1.0,1,1.0,1,0.18738149709296884,55
4143,0,6639,3371,3268,0,0,0,1.0,1,1.0,1,1.0,1,0.18841682951877256,53
4144,3,6642,3372,3270,0,0,0,1.0,1,1.0,1,1.0,1,0.17167462052238197,52
4145,1,6643,3373,3270,0,0,0,1.0,1,1.0,1,1.0,1,0.19836965060601075,51
4146,2,6645,3375,3270,0,0,0,1.0,1,1.0,1,1.0,1,0.21513223658823452,51
4147,3,6648,3376,3272,0,0,0,1.0,1,1.0,1,1.0,1,0.19711694089032167,50
4148,3,6651,3378,3273,0,0,0,1.0,1,1.0,1,1.0,1,0.2530065567615025,52
4149,1,6652,3378,3274,0,0,0,1.0,1,1.0,1,1.0,1,0.21157628414086357,53
4150,3,6655,3380,3275,0,0,0,1.0,1,1.0,1,1.0,1,0.23324488973943455,53
4151,0,6655,3380,3275,0,0,0,1.0,1,1.0,1,1.0,1,0.23324488973943455,53
4152,3,6658,3382,3276,0,0,0,1.0,1,1.0,1,1.0,1,0.19447290459745054,54
4153,3,6661,3383,3278,0,0,0,1.0,1,1.0,1,1.0,1,0.21057324331231406,51
4154,2,6663,3384,3279,0,0,0,1.0,1,1.0,1,1.0,1,0.19710816420931562,51
4155,4,6667,3387,3280,0,0,0,1.0,1,1.0,1,1.0,1,0.2481320543023712,51
4156,5,6672,3389,3283,0,0,0,1.0,1,1.0,1,1.0,1,0.21394882272662058,52
4157,1,6673,3390,3283,0,0,0,1.0,1,1.0,1,1.0,1,0.22939629990652746,52
4158,1,6674,3390,3284,0,0,0,1.0,1,1.0,1,1.0,1,0.21473775757343433,52
4159,1,6675,3390,3285,0,0,0,1.0,1,1.0,1,1.0,1,0.18403945397013824,52
4160,3,6678,3392,3286,0,0,0,1.0,1,1.0,1,1.0,1,0.21889897577174267,50
4161,1,6679,3392,3287,0,0,0,1.0,1,1.0,1,1.0,1,0.19133094587732694,50
4162,0,6679,3392,3287,0,0,0,1.0,1,1.0,1,1.0,1,0.195414574276313,51
4163,3,6682,3393,3289,0,0,0,1.0,1,1.0,1,1.0,1,0.22612852879938614,48
4164,1,6683,3394,3289,0,0,0,1.0,1,1.0,1,1.0,1,0.269517833979505,50
4165,2,6685,3394,3291,0,0,0,1.0,1,1.0,1,1.0,1,0.2340076635608843,49
4166,1,6686,3394,3292,0,0,0,1.0,1,1.0,1,1.0,1,0.2190673886459278,50
4167,0,6686,3394,3292,0,0,0,1.0,1,1.0,1,1.0,1,0.24931017936477695,50
4168,0,6686,3394,3292,0,0,0,1.0,1,1.0,1,1.0,1,0.26819912230246207,50
4169,1,6687,3394,3293,0,0,0,1.0,1,1.0,1,1.0,1,0.2643949470727904,51
4170,0,6687,3394,3293,0,0,0,1.0,1,1.0,1,1.0,1,0.2836504677566781,50
4171,4,6691,3397,3294,0,0,0,1.0,1,1.0,1,1.0,1,0.27509011553960794,50
4172,0,6691,3397,3294,0,0,0,1.0,1,1.0,1,1.0,1,0.299289935281056,49
4173,2,6693,3398,3295,0,0,0,1.0,1,1.0,1,1.0,1,0.32079812028667,48
4174,3,6696,3399,3297,0,0,0,1.0,1,1.0,1,1.0,1,0.29806371461932085,48
4175,1,6697,3399,3298,0,0,0,1.0,1,1.0,1,1.0,1,0.27017744566018614,48
4176,0,6697,3399,3298,0,0,0,1.0,1,1.0,1,1.0,1,0.281055337117172,50
4177,4,6701,3401,3300,0,0,0,1.0,1,1.0,1,1.0,1,0.2579035275609804,52
4178,1,6702,3402,3300,0,0,0,1.0,1,1.0,1,1.0,1,0.2596064554812765,53
4179,2,6704,3404,3300,0,0,0,1.0,1,1.0,1,1.0,1,0.25466005435746075,54
4180,4,6708,3404,3304,0,0,0,1.0,1,1.0,1,1.0,1,0.23035397602946056,55
4181,0,6708,3404,3304,0,0,0,1.0,1,1.0,1,1.0,1,0.23407412860217391,56
4182,0,6708,3404,3304,0,0,0,1.0,1,1.0,1,1.0,1,0.23407412860217391,56
4183,4,6712,3405,3307,0,0,0,1.0,1,1.0,1,1.0,1,0.2213325741750338,57
4184,4,6716,3408,3308,0,0,0,1.0,1,1.0,1,1.0,1,0.2680026040509503,57
4185,0,6716,3408,3308,0,0,0,1.0,1,1.0,1,1.0,1,0.2732298578900044,54
4186,4,6720,3409,3311,0,0,0,1.0,1,1.0,1,1.0,1,0.23443461028186557,55
4187,0,6720,3409,3311,0,0,0,1.0,1,1.0,1,1.0,1,0.2364731021915967,53
4188,4,6724,3410,3314,0,0,0,1.0,1,1.0,1,1.0,1,0.18102894069744027,53
4189,3,6727,3412,3315,0,0,0,1.0,1,1.0,1,1.0,1,0.17369542491934858,53
4190,1,6728,3413,3315,0,0,0,1.0,1,1.0,1,1.0,1,0.1824368931685514,53
4191,0,6728,3413,3315,0,0,0,1.0,1,1.0,1,1.0,1,0.20156902707894336,51
4192,3,6731,3416,3315,0,0,0,1.0,1,1.0,1,1.0,1,0.22828451932888044,51
4193,2,6733,3418,3315,0,0,0,1.0,1,1.0,1,1.0,1,0.23854572901945867,50
4194,2,6735,3419,3316,0,0,0,1.0,1,1.0,1,1.0,1,0.21937812086474237,50
4195,0,6735,3419,3316,0,0,0,1.0,1,1.0,1,1.0,1,0.21907921883040343,50
4196,0,6735,3419,3316,0,0,0,1.0,1,1.0,1,1.0,1,0.22036280512357517,51
4197,1,6736,3420,3316,0,0,0,1.0,1,1.0,1,1.0,1,0.23067059219677552,50
4198,2,6738,3420,3318,0,0,0,1.0,1,1.0,1,1.0,1,0.22505090730748262,48
4199,1,6739,3420,3319,0,0,0,1.0,1,1.0,1,1.0,1,0.2425668518926017,48
4200,1,6740,3421,3319,0,0,0,1.0,1,1.0,1,1.0,1,0.2756351213186373,48
4201,0,6740,3421,3319,0,0,0,1.0,1,1.0,1,1.0,1,0.304709572518642,47
4202,0,6740,3421,3319,0,0,0,1.0,1,1.0,1,1.0,1,0.304709572518642,47
4203,0,6740,3421,3319,0,0,0,1.0,1,1.0,1,1.0,1,0.304709572518642,47
4204,3,6743,3423,3320,0,0,0,1.0,1,1.0,1,1.0,1,0.3081434114384583,48
4205,0,6743,3423,3320,0,0,0,1.0,1,1.0,1,1.0,1,0.2912799106199647,49
4206,1,6744,3424,3320,0,0,0,1.0,1,1.0,1,1.0,1,0.297142192504804,49
4207,1,6745,3424,3321,0,0,0,1.0,1,1.0,1,1.0,1,0.3069855940285523,48
4208,1,6746,3425,3321,0,0,0,1.0,1,1.0,1,1.0,1,0.29206870765782605,49
4209,3,6749,3426,3323,0,0,0,1.0,1,1.0,1,1.0,1,0.28270800722224276,51
4210,1,6750,3427,3323,0,0,0,1.0,1,1.0,1,1.0,1,0.31046896937822216,52
4211,1,6751,3427,3324,0,0,0,1.0,1,1.0,1,1.0,1,0.2999823682438102,53
4212,0,6751,3427,3324,0,0,0,1.0,1,1.0,1,1.0,1,0.2999823682438102,53
4213,0,6751,3427,3324,0,0,0,1.0,1,1.0,1,1.0,1,0.3047902910138795,54
4214,0,6751,3427,3324,0,0,0,1.0,1,1.0,1,1.0,1,0.3097963328287565,54
4215,1,6752,3428,3324,0,0,0,1.0,1,1.0,1,1.0,1,0.3020654122481097,54
4216,1,6753,3428,3325,0,0,0,1.0,1,1.0,1,1.0,1,0.3051134388653114,53
4217,3,6756,3431,3325,0,0,0,1.0,1,1.0,1,1.0,1,0.34404503119249297,54
4218,3,6759,3433,3326,0,0,0,1.0,1,1.0,1,1.0,1,0.3657922730713254,53
4219,3,6762,3433,3329,0,0,0,1.0,1,1.0,1,1.0,1,0.3341785444348439,53
4220,1,6763,3433,3330,0,0,0,1.0,1,1.0,1,1.0,1,0.32728341121069665,53
4221,0,6763,3433,3330,0,0,0,1.0,1,1.0,1,1.0,1,0.3337015235500483,54
4222,2,6765,3435,3330,0,0,0,1.0,1,1.0,1,1.0,1,0.35350591969710526,55
4223,5,6770,3437,3333,0,0,0,1.0,1,1.0,1,1.0,1,0.3486461253280343,56
4224,3,6773,3439,3334,0,0,0,1.0,1,1.0,1,1.0,1,0.3557088406777859,55
4225,4,6777,3440,3337,0,0,0,1.0,1,1.0,1,1.0,1,0.3268922900255539,53
4226,4,6781,3443,3338,0,0,0,1.0,1,1.0,1,1.0,1,0.34787751204814277,54
4227,1,6782,3444,3338,0,0,0,1.0,1,1.0,1,1.0,1,0.3457456756485663,52
4228,1,6783,3445,3338,0,0,0,1.0,1,1.0,1,1.0,1,0.34361167437523743,51
4229,1,6784,3446,3338,0,0,0,1.0,1,1.0,1,1.0,1,0.3619764336775984,48
4230,1,6785,3447,3338,0,0,0,1.0,1,1.0,1,1.0,1,0.37192114766886974,48
4231,1,6786,3447,3339,0,0,0,1.0,1,1.0,1,1.0,1,0.34418300079542147,48
4232,3,6789,3448,3341,0,0,0,1.0,1,1.0,1,1.0,1,0.30341536785050294,48
4233,1,6790,3448,3342,0,0,0,1.0,1,1.0,1,1.0,1,0.2809734904247229,48
4234,2,6792,3450,3342,0,0,0,1.0,1,1.0,1,1.0,1,0.30554671877574974,49
4235,1,6793,3451,3342,0,0,0,1.0,1,1.0,1,1.0,1,0.28899799950404154,47
4236,1,6794,3452,3342,0,0,0,1.0,1,1.0,1,1.0,1,0.3301515100875673,47
4237,3,6797,3452,3345,0,0,0,1.0,1,1.0,1,1.0,1,0.2712034271369508,48
4238,1,6798,3452,3346,0,0,0,1.0,1,1.0,1,1.0,1,0.27576237000600895,47
4239,0,6798,3452,3346,0,0,0,1.0,1,1.0,1,1.0,1,0.28640782761266204,48
4240,5,6803,3453,3350,0,0,0,1.0,1,1.0,1,1.0,1,0.24585985869273727,47
4241,3,6806,3453,3353,0,0,0,1.0,1,1.0,1,1.0,1,0.2287290888400048,49
4242,2,6808,3453,3355,0,0,0,1.0,1,1.0,1,1.0,1,0.20549864974330884,49
4243,1,6809,3454,3355,0,0,0,1.0,1,1.0,1,1.0,1,0.2275914843636569,50
4244,1,6810,3454,3356,0,0,0,1.0,1,1.0,1,1.0,1,0.2420425368540484,51
4245,2,6812,3454,3358,0,0,0,1.0,1,1.0,1,1.0,1,0.25073621152835557,51
4246,1,6813,3454,3359,0,0,0,1.0,1,1.0,1,1.0,1,0.24088904321813215,51
4247,0,6813,3454,3359,0,0,0,1.0,1,1.0,1,1.0,1,0.25097945470003435,52
4248,0,6813,3454,3359,0,0,0,1.0,1,1.0,1,1.0,1,0.25097945470003435,52
4249,2,6815,3454,3361,0,0,0,1.0,1,1.0,1,1.0,1,0.22194096321265266,52
4250,0,6815,3454,3361,0,0,0,1.0,1,1.0,1,1.0,1,0.22194096321265266,52
4251,3,6818,3456,3362,0,0,0,1.0,1,1.0,1,1.0,1,0.22269855124496077,53
4252,4,6822,3458,3364,0,0,0,1.0,1,1.0,1,1.0,1,0.1867855644619048,53
4253,3,6825,3461,3364,0,0,0,1.0,1,1.0,1,1.0,1,0.16452507834459806,54
4254,3,6828,3463,3365,0,0,0,1.0,1,1.0,1,1.0,1,0.18170044161392052,54
4255,2,6830,3465,3365,0,0,0,1.0,1,1.0,1,1.0,1,0.21338416162970641,55
4256,2,6832,3465,3367,0,0,0,1.0,1,1.0,1,1.0,1,0.17266111742442777,57
4257,1,6833,3465,3368,0,0,0,1.0,1,1.0,1,1.0,1,0.16160566632535484,57
4258,0,6833,3465,3368,0,0,0,1.0,1,1.0,1,1.0,1,0.17790261158389106,57
4259,1,6834,3465,3369,0,0,0,1.0,1,1.0,1,1.0,1,0.1617060562520972,57
4260,3,6837,3466,3371,0,0,0,1.0,1,1.0,1,1.0,1,0.16856329003357737,58
4261,0,6837,3466,3371,0,0,0,1.0,1,1.0,1,1.0,1,0.17482452910528962,59
4262,2,6839,3467,3372,0,0,0,1.0,1,1.0,1,1.0,1,0.18805994002688964,60
4263,2,6841,3468,3373,0,0,0,1.0,1,1.0,1,1.0,1,0.18493205799071058,59
4264,2,6843,3469,3374,0,0,0,1.0,1,1.0,1,1.0,1,0.1825249993336672,58
4265,3,6846,3471,3375,0,0,0,1.0,1,1.0,1,1.0,1,0.18767195534834585,58
4266,1,6847,3472,3375,0,0,0,1.0,1,1.0,1,1.0,1,0.21570799340049213,58
4267,2,6849,3473,3376,0,0,0,1.0,1,1.0,1,1.0,1,0.22511457526579653,55
4268,5,6854,3475,3379,0,0,0,1.0,1,1.0,1,1.0,1,0.2144944056154405,55
4269,1,6855,3475,3380,0,0,0,1.0,1,1.0,1,1.0,1,0.211040040235829,50
4270,2,6857,3476,3381,0,0,0,1.0,1,1.0,1,1.0,1,0.24612821623143266,47
4271,0,6857,3476,3381,0,0,0,1.0,1,1.0,1,1.0,1,0.250770078191708,47
4272,0,6857,3476,3381,0,0,0,1.0,1,1.0,1,1.0,1,0.2658264129219241,46
4273,3,6860,3477,3383,0,0,0,1.0,1,1.0,1,1.0,1,0.2529171908983698,47
4274,5,6865,3479,3386,0,0,0,1.0,1,1.0,1,1.0,1,0.2704949787967892,45
4275,5,6870,3483,3387,0,0,0,1.0,1,1.0,1,1.0,1,0.2701891638013502,44
4276,4,6874,3483,3391,0,0,0,1.0,1,1.0,1,1.0,1,0.18869042177748444,43
4277,2,6876,3485,3391,0,0,0,1.0,1,1.0,1,1.0,1,0.19557696375733602,42
4278,4,6880,3487,3393,0,0,0,1.0,1,1.0,1,1.0,1,0.20522080041623897,43
4279,5,6885,3489,3396,0,0,0,1.0,1,1.0,1,1.0,1,0.22879344774680055,42
4280,2,6887,3491,3396,0,0,0,1.0,1,1.0,1,1.0,1,0.2364795098937751,44
4281,2,6889,3492,3397,0,0,0,1.0,1,1.0,1,1.0,1,0.24118346180799,44
4282,2,6891,3492,3399,0,0,0,1.0,1,1.0,1,1.0,1,0.19882084716992665,44
4283,1,6892,3492,3400,0,0,0,1.0,1,1.0,1,1.0,1,0.164118292534527,45
4284,0,6892,3492,3400,0,0,0,1.0,1,1.0,1,1.0,1,0.164118292534527,45
4285,1,6893,3492,3401,0,0,0,1.0,1,1.0,1,1.0,1,0.13769005577004545,47
4286,0,6893,3492,3401,0,0,0,1.0,1,1.0,1,1.0,1,0.13769005577004545,47
4287,1,6894,3492,3402,0,0,0,1.0,1,1.0,1,1.0,1,0.1349474143874476,49
4288,0,6894,3492,3402,0,0,0,1.0,1,1.0,1,1.0,1,0.1349474143874476,49
4289,1,6895,3492,3403,0,0,0,1.0,1,1.0,1,1.0,1,0.11950902353626852,50
4290,1,6896,3493,3403,0,0,0,1.0,1,1.0,1,1.0,1,0.14609860290298143,51
4291,2,6898,3495,3403,0,0,0,1.0,1,1.0,1,1.0,1,0.17296553184466032,50
4292,1,6899,3496,3403,0,0,0,1.0,1,1.0,1,1.0,1,0.2200184305440159,51
4293,1,6900,3496,3404,0,0,0,1.0,1,1.0,1,1.0,1,0.18621583465204902,51
4294,2,6902,3497,3405,0,0,0,1.0,1,1.0,1,1.0,1,0.1960970747096125,50
4295,2,6904,3498,3406,0,0,0,1.0,1,1.0,1,1.0,1,0.20174470773619044,50
4296,0,6904,3498,3406,0,0,0,1.0,1,1.0,1,1.0,1,0.19466314347358843,49
4297,2,6906,3498,3408,0,0,0,1.0,1,1.0,1,1.0,1,0.17808490720721656,49
4298,0,6906,3498,3408,0,0,0,1.0,1,1.0,1,1.0,1,0.17808490720721656,49
4299,1,6907,3498,3409,0,0,0,1.0,1,1.0,1,1.0,1,0.1599436080476043,48
4300,2,6909,3499,3410,0,0,0,1.0,1,1.0,1,1.0,1,0.14432103910036145,49
4301,1,6910,3500,3410,0,0,0,1.0,1,1.0,1,1.0,1,0.16209517082058858,50
4302,0,6910,3500,3410,0,0,0,1.0,1,1.0,1,1.0,1,0.173006495497645,51
4303,2,6912,3502,3410,0,0,0,1.0,1,1.0,1,1.0,1,0.20213812215991955,51
4304,3,6915,3505,3410,0,0,0,1.0,1,1.0,1,1.0,1,0.24778288270331167,51
4305,5,6920,3508,3412,0,0,0,1.0,1,1.0,1,1.0,1,0.16998555018912107,49
4306,4,6924,3512,3412,0,0,0,1.0,1,1.0,1,1.0,1,0.22114820229695237,49
4307,4,6928,3515,3413,0,0,0,1.0,1,1.0,1,1.0,1,0.19520342614487665,46
4308,2,6930,3517,3413,0,0,0,1.0,1,1.0,1,1.0,1,0.21959215967697931,44
4309,4,6934,3518,3416,0,0,0,1.0,1,1.0,1,1.0,1,0.1877605317371131,44
4310,1,6935,3519,3416,0,0,0,1.0,1,1.0,1,1.0,1,0.22380006760120724,42
4311,2,6937,3521,3416,0,0,0,1.0,1,1.0,1,1.0,1,0.21696906675984376,42
4312,4,6941,3523,3418,0,0,0,1.0,1,1.0,1,1.0,1,0.15029205765548054,40
4313,4,6945,3527,3418,0,0,0,1.0,1,1.0,1,1.0,1,0.21677743389357604,40
4314,0,6945,3527,3418,0,0,0,1.0,1,1.0,1,1.0,1,0.20431894607172058,36
4315,2,6947,3528,3419,0,0,0,1.0,1,1.0,1,1.0,1,0.20878402036804705,37
4316,3,6950,3531,3419,0,0,0,1.0,1,1.0,1,1.0,1,0.2856408805311546,37
4317,3,6953,3533,3420,0,0,0,1.0,1,1.0,1,1.0,1,0.31179626639302327,36
4318,1,6954,3534,3420,0,0,0,1.0,1,1.0,1,1.0,1,0.32425347180961456,34
4319,1,6955,3534,3421,0,0,0,1.0,1,1.0,1,1.0,1,0.28073999515164305,34
4320,0,6955,3534,3421,0,0,0,1.0,1,1.0,1,1.0,1,0.28073999515164305,34
4321,0,6955,3534,3421,0,0,0,1.0,1,1.0,1,1.0,1,0.3368290814177461,35
4322,0,6955,3534,3421,0,0,0,1.0,1,1.0,1,1.0,1,0.3368290814177461,35
4323,0,6955,3534,3421,0,0,0,1.0,1,1.0,1,1.0,1,0.3368290814177461,35
4324,3,6958,3535,3423,0,0,0,1.0,1,1.0,1,1.0,1,0.29397301270494547,34
4325,1,6959,3535,3424,0,0,0,1.0,1,1.0,1,1.0,1,0.285213396010344,34
4326,1,6960,3535,3425,0,0,0,1.0,1,1.0,1,1.0,1,0.3029046468997132,36
4327,1,6961,3535,3426,0,0,0,1.0,1,1.0,1,1.0,1,0.2754763944707399,35
4328,1,6962,3536,3426,0,0,0,1.0,1,1.0,1,1.0,1,0.2771414886596278,35
4329,4,6966,3537,3429,0,0,0,1.0,1,1.0,1,1.0,1,0.2173587272523324,38
4330,3,6969,3539,3430,0,0,0,1.0,1,1.0,1,1.0,1,0.2751267079441643,38
4331,1,6970,3539,3431,0,0,0,1.0,1,1.0,1,1.0,1,0.25383308845035213,39
4332,2,6972,3539,3433,0,0,0,1.0,1,1.0,1,1.0,1,0.2332973629182025,40
4333,0,6972,3539,3433,0,0,0,1.0,1,1.0,1,1.0,1,0.20987283081587235,41
4334,0,6972,3539,3433,0,0,0,1.0,1,1.0,1,1.0,1,0.20987283081587235,41
4335,2,6974,3540,3434,0,0,0,1.0,1,1.0,1,1.0,1,0.16082468505631614,42
4336,0,6974,3540,3434,0,0,0,1.0,1,1.0,1,1.0,1,0.1697441433133389,43
4337,0,6974,3540,3434,0,0,0,1.0,1,1.0,1,1.0,1,0.1560485034675555,44
4338,0,6974,3540,3434,0,0,0,1.0,1,1.0,1,1.0,1,0.1560485034675555,44
4339,5,6979,3544,3435,0,0,0,1.0,1,1.0,1,1.0,1,0.1690317922578153,46
4340,0,6979,3544,3435,0,0,0,1.0,1,1.0,1,1.0,1,0.17288017838329936,47
4341,3,6982,3545,3437,0,0,0,1.0,1,1.0,1,1.0,1,0.15262910617773387,47
4342,6,6988,3548,3440,0,0,0,1.0,1,1.0,1,1.0,1,0.16243545299044693,47
4343,0,6988,3548,3440,0,0,0,1.0,1,1.0,1,1.0,1,0.1658090589794812,42
4344,4,6992,3551,3441,0,0,0,1.0,1,1.0,1,1.0,1,0.25499920129466613,42
4345,5,6997,3553,3444,0,0,0,1.0,1,1.0,1,1.0,1,0.22257689696786429,39
4346,2,6999,3555,3444,0,0,0,1.0,1,1.0,1,1.0,1,0.26466573651044467,37
4347,1,7000,3556,3444,0,0,0,1.0,1,1.0,1,1.0,1,0.3149027531720801,37
4348,3,7003,3559,3444,0,0,0,1.0,1,1.0,1,1.0,1,0.4006988810345211,38
4349,1,7004,3559,3445,0,0,0,1.0,1,1.0,1,1.0,1,0.33180315147889533,36
4350,2,7006,3560,3446,0,0,0,1.0,1,1.0,1,1.0,1,0.31403834963429034,37
4351,3,7009,3561,3448,0,0,0,1.0,1,1.0,1,1.0,1,0.30866548307533914,35
4352,1,7010,3561,3449,0,0,0,1.0,1,1.0,1,1.0,1,0.30468173683454386,34
4353,0,7010,3561,3449,0,0,0,1.0,1,1.0,1,1.0,1,0.3385067154340733,34
4354,1,7011,3561,3450,0,0,0,1.0,1,1.0,1,1.0,1,0.3361546236984151,32
4355,3,7014,3561,3453,0,0,0,1.0,1,1.0,1,1.0,1,0.18029629691493956,32
4356,2,7016,3562,3454,0,0,0,1.0,1,1.0,1,1.0,1,0.16679385643482034,34
4357,0,7016,3562,3454,0,0,0,1.0,1,1.0,1,1.0,1,0.17787699547472421,35
4358,2,7018,3564,3454,0,0,0,1.0,1,1.0,1,1.0,1,0.21332409868719707,35
4359,2,7020,3565,3455,0,0,0,1.0,1,1.0,1,1.0,1,0.24437769791464958,37
4360,1,7021,3565,3456,0,0,0,1.0,1,1.0,1,1.0,1,0.22868063899126181,38
4361,0,7021,3565,3456,0,0,0,1.0,1,1.0,1,1.0,1,0.20448043136435848,39
4362,3,7024,3567,3457,0,0,0,1.0,1,1.0,1,1.0,1,0.2116675674726856,38
4363,0,7024,3567,3457,0,0,0,1.0,1,1.0,1,1.0,1,0.2116675674726856,38
4364,3,7027,3569,3458,0,0,0,1.0,1,1.0,1,1.0,1,0.21931025671757512,39
4365,0,7027,3569,3458,0,0,0,1.0,1,1.0,1,1.0,1,0.21931025671757512,39
4366,1,7028,3569,3459,0,0,0,1.0,1,1.0,1,1.0,1,0.17782566869433838,39
4367,1,7029,3569,3460,0,0,0,1.0,1,1.0,1,1.0,1,0.15003454950606965,41
4368,1,7030,3570,3460,0,0,0,1.0,1,1.0,1,1.0,1,0.18713082356976296,41
4369,0,7030,3570,3460,0,0,0,1.0,1,1.0,1,1.0,1,0.19294952473845023,42
4370,0,7030,3570,3460,0,0,0,1.0,1,1.0,1,1.0,1,0.19294952473845023,42
4371,0,7030,3570,3460,0,0,0,1.0,1,1.0,1,1.0,1,0.21088963960837825,43
4372,3,7033,3572,3461,0,0,0,1.0,1,1.0,1,1.0,1,0.25788297389578657,43
4373,0,7033,3572,3461,0,0,0,1.0,1,1.0,1,1.0,1,0.25788297389578657,43
4374,3,7036,3572,3464,0,0,0,1.0,1,1.0,1,1.0,1,0.19749755204816288,44
4375,3,7039,3574,3465,0,0,0,1.0,1,1.0,1,1.0,1,0.17995205893847807,45
4376,1,7040,3574,3466,0,0,0,1.0,1,1.0,1,1.0,1,0.1642561994691452,46
4377,4,7044,3578,3466,0,0,0,1.0,1,1.0,1,1.0,1,0.21253260499473559,47
4378,1,7045,3578,3467,0,0,0,1.0,1,1.0,1,1.0,1,0.21310577737706923,49
4379,2,7047,3580,3467,0,0,0,1.0,1,1.0,1,1.0,1,0.21716613923903808,51
4380,0,7047,3580,3467,0,0,0,1.0,1,1.0,1,1.0,1,0.232134636944536,50
4381,1,7048,3581,3467,0,0,0,1.0,1,1.0,1,1.0,1,0.2561859965709695,49
4382,2,7050,3583,3467,0,0,0,1.0,1,1.0,1,1.0,1,0.2800406550972014,47
4383,4,7054,3585,3469,0,0,0,1.0,1,1.0,1,1.0,1,0.27498232231303765,47
4384,4,7058,3587,3471,0,0,0,1.0,1,1.0,1,1.0,1,0.2582143727351538,44
4385,0,7058,3587,3471,0,0,0,1.0,1,1.0,1,1.0,1,0.22701677880737417,42
4386,1,7059,3588,3471,0,0,0,1.0,1,1.0,1,1.0,1,0.2894297353031662,41
4387,1,7060,3588,3472,0,0,0,1.0,1,1.0,1,1.0,1,0.24909395758549768,39
4388,1,7061,3588,3473,0,0,0,1.0,1,1.0,1,1.0,1,0.21777096657474676,39
4389,5,7066,3592,3474,0,0,0,1.0,1,1.0,1,1.0,1,0.20066470850653106,38
4390,1,7067,3592,3475,0,0,0,1.0,1,1.0,1,1.0,1,0.21138218124005628,38
4391,0,7067,3592,3475,0,0,0,1.0,1,1.0,1,1.0,1,0.2167808206654881,39
4392,0,7067,3592,3475,0,0,0,1.0,1,1.0,1,1.0,1,0.2167808206654881,39
4393,0,7067,3592,3475,0,0,0,1.0,1,1.0,1,1.0,1,0.19981676801750553,40
4394,0,7067,3592,3475,0,0,0,1.0,1,1.0,1,1.0,1,0.19974788366263052,39
4395,1,7068,3593,3475,0,0,0,1.0,1,1.0,1,1.0,1,0.21039640279973068,39
4396,0,7068,3593,3475,0,0,0,1.0,1,1.0,1,1.0,1,0.25802527841199324,39
4397,3,7071,3594,3477,0,0,0,1.0,1,1.0,1,1.0,1,0.2550151723026593,38
4398,0,7071,3594,3477,0,0,0,1.0,1,1.0,1,1.0,1,0.24882971174895224,39
4399,4,7075,3594,3481,0,0,0,1.0,1,1.0,1,1.0,1,0.1914105196268483,42
4400,0,7075,3594,3481,0,0,0,1.0,1,1.0,1,1.0,1,0.20121939019559504,43
4401,0,7075,3594,3481,0,0,0,1.0,1,1.0,1,1.0,1,0.19235015139260978,44
4402,0,7075,3594,3481,0,0,0,1.0,1,1.0,1,1.0,1,0.19235015139260978,44
4403,0,7075,3594,3481,0,0,0,1.0,1,1.0,1,1.0,1,0.18591083702710884,45
4404,0,7075,3594,3481,0,0,0,1.0,1,1.0,1,1.0,1,0.18591083702710884,45
4405,0,7075,3594,3481,0,0,0,1.0,1,1.0,1,1.0,1,0.19983479047828256,46
4406,0,7075,3594,3481,0,0,0,1.0,1,1.0,1,1.0,1,0.19983479047828256,46
4407,0,7075,3594,3481,0,0,0,1.0,1,1.0,1,1.0,1,0.19983479047828256,46
4408,0,7075,3594,3481,0,0,0,1.0,1,1.0,1,1.0,1,0.20195206613344152,47
4409,1,7076,3595,3481,0,0,0,1.0,1,1.0,1,1.0,1,0.2375319978854656,48
4410,1,7077,3595,3482,0,0,0,1.0,1,1.0,1,1.0,1,0.22002972660722875,48
4411,0,7077,3595,3482,0,0,0,1.0,1,1.0,1,1.0,1,0.2305562354103222,50
4412,2,7079,3596,3483,0,0,0,1.0,1,1.0,1,1.0,1,0.23800312259945194,50
4413,1,7080,3596,3484,0,0,0,1.0,1,1.0,1,1.0,1,0.26158181076137405,50
4414,3,7083,3598,3485,0,0,0,1.0,1,1.0,1,1.0,1,0.2112729094526731,51
4415,3,7086,3599,3487,0,0,0,1.0,1,1.0,1,1.0,1,0.1878724333751265,51
4416,0,7086,3599,3487,0,0,0,1.0,1,1.0,1,1.0,1,0.1878724333751265,51
4417,3,7089,3601,3488,0,0,0,1.0,1,1.0,1,1.0,1,0.21688857111130141,51
4418,0,7089,3601,3488,0,0,0,1.0,1,1.0,1,1.0,1,0.23970198988517025,51
4419,0,7089,3601,3488,0,0,0,1.0,1,1.0,1,1.0,1,0.2333410474953061,50
4420,2,7091,3602,3489,0,0,0,1.0,1,1.0,1,1.0,1,0.22483806297862208,50
4421,2,7093,3602,3491,0,0,0,1.0,1,1.0,1,1.0,1,0.20004368708855827,52
4422,0,7093,3602,3491,0,0,0,1.0,1,1.0,1,1.0,1,0.22412914296657754,51
4423,2,7095,3602,3493,0,0,0,1.0,1,1.0,1,1.0,1,0.19765481420838252,51
4424,1,7096,3602,3494,0,0,0,1.0,1,1.0,1,1.0,1,0.1956170399427389,53
4425,0,7096,3602,3494,0,0,0,1.0,1,1.0,1,1.0,1,0.19933802401937228,54
4426,2,7098,3603,3495,0,0,0,1.0,1,1.0,1,1.0,1,0.18332493908849087,55
4427,2,7100,3603,3497,0,0,0,1.0,1,1.0,1,1.0,1,0.14703910445608004,55
4428,0,7100,3603,3497,0,0,0,1.0,1,1.0,1,1.0,1,0.14703910445608004,55
4429,0,7100,3603,3497,0,0,0,1.0,1,1.0,1,1.0,1,0.1500061478671025,56
4430,0,7100,3603,3497,0,0,0,1.0,1,1.0,1,1.0,1,0.1409694922813529,55
4431,0,7100,3603,3497,0,0,0,1.0,1,1.0,1,1.0,1,0.15748734020203406,56
4432,3,7103,3605,3498,0,0,0,1.0,1,1.0,1,1.0,1,0.15921765090336862,56
4433,0,7103,3605,3498,0,0,0,1.0,1,1.0,1,1.0,1,0.1705718620236785,57
4434,0,7103,3605,3498,0,0,0,1.0,1,1.0,1,1.0,1,0.18229586507301698,56
4435,2,7105,3606,3499,0,0,0,1.0,1,1.0,1,1.0,1,0.18045880889627344,56
4436,2,7107,3608,3499,0,0,0,1.0,1,1.0,1,1.0,1,0.17095605368405384,55
4437,0,7107,3608,3499,0,0,0,1.0,1,1.0,1,1.0,1,0.1961139298397557,54
4438,3,7110,3609,3501,0,0,0,1.0,1,1.0,1,1.0,1,0.19832283299808595,54
4439,0,7110,3609,3501,0,0,0,1.0,1,1.0,1,1.0,1,0.21414422638836703,55
4440,2,7112,3610,3502,0,0,0,1.0,1,1.0,1,1.0,1,0.21176699213228517,55
4441,4,7116,3612,3504,0,0,0,1.0,1,1.0,1,1.0,1,0.18638981800976123,59
4442,1,7117,3613,3504,0,0,0,1.0,1,1.0,1,1.0,1,0.19982978088441414,61
4443,3,7120,3615,3505,0,0,0,1.0,1,1.0,1,1.0,1,0.23256440702525644,60
4444,5,7125,3615,3510,0,0,0,1.0,1,1.0,1,1.0,1,0.18070052952907284,61
4445,1,7126,3615,3511,0,0,0,1.0,1,1.0,1,1.0,1,0.17892900814613516,61
4446,1,7127,3616,3511,0,0,0,1.0,1,1.0,1,1.0,1,0.19293945844801322,62
4447,1,7128,3616,3512,0,0,0,1.0,1,1.0,1,1.0,1,0.17943819662613292,63
4448,0,7128,3616,3512,0,0,0,1.0,1,1.0,1,1.0,1,0.17943819662613292,63
4449,0,7128,3616,3512,0,0,0,1.0,1,1.0,1,1.0,1,0.17943819662613292,63
4450,0,7128,3616,3512,0,0,0,1.0,1,1.0,1,1.0,1,0.18040243573275289,62
4451,0,7128,3616,3512,0,0,0,1.0,1,1.0,1,1.0,1,0.1792841601604959,63
4452,2,7130,3616,3514,0,0,0,1.0,1,1.0,1,1.0,1,0.16337848065409322,64
4453,1,7131,3616,3515,0,0,0,1.0,1,1.0,1,1.0,1,0.1558033121630871,65
4454,0,7131,3616,3515,0,0,0,1.0,1,1.0,1,1.0,1,0.15558677733983164,66
4455,1,7132,3616,3516,0,0,0,1.0,1,1.0,1,1.0,1,0.14406846396396172,67
4456,1,7133,3617,3516,0,0,0,1.0,1,1.0,1,1.0,1,0.16368254866495915,67
4457,0,7133,3617,3516,0,0,0,1.0,1,1.0,1,1.0,1,0.1665979358212432,65
4458,0,7133,3617,3516,0,0,0,1.0,1,1.0,1,1.0,1,0.18729803431085634,65
4459,6,7139,3620,3519,0,0,0,1.0,1,1.0,1,1.0,1,0.20713777855157356,64
4460,0,7139,3620,3519,0,0,0,1.0,1,1.0,1,1.0,1,0.22543613664473197,63
4461,2,7141,3621,3520,0,0,0,1.0,1,1.0,1,1.0,1,0.2523808624950735,62
4462,9,7150,3627,3523,0,0,0,1.0,1,1.0,1,1.0,1,0.3179895759469481,61
4463,4,7154,3629,3525,0,0,0,1.0,1,1.0,1,1.0,1,0.32248734145482905,61
4464,5,7159,3633,3526,0,0,0,1.0,1,1.0,1,1.0,1,0.32860613667739313,58
4465,5,7164,3634,3530,0,0,0,1.0,1,1.0,1,1.0,1,0.29900731732207664,57
4466,3,7167,3635,3532,0,0,0,1.0,1,1.0,1,1.0,1,0.28781927104959243,54
4467,4,7171,3637,3534,0,0,0,1.0,1,1.0,1,1.0,1,0.26822500787315345,52
4468,5,7176,3639,3537,0,0,0,1.0,1,1.0,1,1.0,1,0.24025924678340127,52
4469,3,7179,3640,3539,0,0,0,1.0,1,1.0,1,1.0,1,0.20370560823395575,51
4470,1,7180,3640,3540,0,0,0,1.0,1,1.0,1,1.0,1,0.18429522509769397,51
4471,1,7181,3641,3540,0,0,0,1.0,1,1.0,1,1.0,1,0.18013057718796102,50
4472,0,7181,3641,3540,0,0,0,1.0,1,1.0,1,1.0,1,0.17918923696921404,48
4473,1,7182,3642,3540,0,0,0,1.0,1,1.0,1,1.0,1,0.18336306756765766,47
4474,3,7185,3645,3540,0,0,0,1.0,1,1.0,1,1.0,1,0.20223552362824543,49
4475,1,7186,3646,3540,0,0,0,1.0,1,1.0,1,1.0,1,0.2637813051953284,47
4476,3,7189,3648,3541,0,0,0,1.0,1,1.0,1,1.0,1,0.2591145793858226,49
4477,4,7193,3648,3545,0,0,0,1.0,1,1.0,1,1.0,1,0.22461300841978019,48
4478,2,7195,3648,3547,0,0,0,1.0,1,1.0,1,1.0,1,0.1976893678385118,48
4479,0,7195,3648,3547,0,0,0,1.0,1,1.0,1,1.0,1,0.1976893678385118,48
4480,4,7199,3648,3551,0,0,0,1.0,1,1.0,1,1.0,1,0.11819787423990337,49
4481,1,7200,3648,3552,0,0,0,1.0,1,1.0,1,1.0,1,0.1139999443428858,49
4482,0,7200,3648,3552,0,0,0,1.0,1,1.0,1,1.0,1,0.1139999443428858,49
4483,0,7200,3648,3552,0,0,0,1.0,1,1.0,1,1.0,1,0.12154700993308934,50
4484,2,7202,3649,3553,0,0,0,1.0,1,1.0,1,1.0,1,0.1484487361000016,52
4485,0,7202,3649,3553,0,0,0,1.0,1,1.0,1,1.0,1,0.14579056826124656,53
4486,2,7204,3651,3553,0,0,0,1.0,1,1.0,1,1.0,1,0.18680165293754117,55
4487,3,7207,3653,3554,0,0,0,1.0,1,1.0,1,1.0,1,0.16311597832593597,55
4488,0,7207,3653,3554,0,0,0,1.0,1,1.0,1,1.0,1,0.16357790003567763,54
4489,2,7209,3654,3555,0,0,0,1.0,1,1.0,1,1.0,1,0.19548090154079664,53
4490,1,7210,3655,3555,0,0,0,1.0,1,1.0,1,1.0,1,0.2065819694756284,53
4491,0,7210,3655,3555,0,0,0,1.0,1,1.0,1,1.0,1,0.22302495920700233,52
4492,1,7211,3655,3556,0,0,0,1.0,1,1.0,1,1.0,1,0.20894268986883302,52
4493,2,7213,3656,3557,0,0,0,1.0,1,1.0,1,1.0,1,0.2577588204922928,52
4494,4,7217,3656,3561,0,0,0,1.0,1,1.0,1,1.0,1,0.20300801824681608,53
4495,6,7223,3661,3562,0,0,0,1.0,1,1.0,1,1.0,1,0.19670528435386894,50
4496,3,7226,3664,3562,0,0,0,1.0,1,1.0,1,1.0,1,0.2509782999455451,51
4497,2,7228,3666,3562,0,0,0,1.0,1,1.0,1,1.0,1,0.2718875470585987,50
4498,5,7233,3668,3565,0,0,0,1.0,1,1.0,1,1.0,1,0.26724970026419664,49
4499,2,7235,3669,3566,0,0,0,1.0,1,1.0,1,1.0,1,0.2517298947113395,48
4500,0,7235,3669,3566,0,0,0,1.0,1,1.0,1,1.0,1,0.22358497052441245,48
4501,3,7238,3670,3568,0,0,0,1.0,1,1.0,1,1.0,1,0.18596315862685955,48
4502,1,7239,3671,3568,0,0,0,1.0,1,1.0,1,1.0,1,0.22387674113178718,49
4503,4,7243,3673,3570,0,0,0,1.0,1,1.0,1,1.0,1,0.24043677232590807,49
4504,1,7244,3673,3571,0,0,0,1.0,1,1.0,1,1.0,1,0.25650556312084305,45
4505,0,7244,3673,3571,0,0,0,1.0,1,1.0,1,1.0,1,0.2672098199041638,46
4506,4,7248,3676,3572,0,0,0,1.0,1,1.0,1,1.0,1,0.2924433242130413,45
4507,6,7254,3677,3577,0,0,0,1.0,1,1.0,1,1.0,1,0.2791813379047872,45
4508,3,7257,3679,3578,0,0,0,1.0,1,1.0,1,1.0,1,0.2518482285505683,43
4509,1,7258,3680,3578,0,0,0,1.0,1,1.0,1,1.0,1,0.25150695186046407,41
4510,2,7260,3681,3579,0,0,0,1.0,1,1.0,1,1.0,1,0.2570562498490148,42
4511,0,7260,3681,3579,0,0,0,1.0,1,1.0,1,1.0,1,0.2645157733674377,41
4512,0,7260,3681,3579,0,0,0,1.0,1,1.0,1,1.0,1,0.2645157733674377,41
4513,1,7261,3682,3579,0,0,0,1.0,1,1.0,1,1.0,1,0.23415060983687117,41
4514,3,7264,3685,3579,0,0,0,1.0,1,1.0,1,1.0,1,0.2660911583090118,42
4515,0,7264,3685,3579,0,0,0,1.0,1,1.0,1,1.0,1,0.2871414228923328,41
4516,3,7267,3685,3582,0,0,0,1.0,1,1.0,1,1.0,1,0.2726025466153497,42
4517,0,7267,3685,3582,0,0,0,1.0,1,1.0,1,1.0,1,0.27161846008182416,43
4518,0,7267,3685,3582,0,0,0,1.0,1,1.0,1,1.0,1,0.2830779031187992,42
4519,3,7270,3687,3583,0,0,0,1.0,1,1.0,1,1.0,1,0.30655806868580066,42
4520,2,7272,3687,3585,0,0,0,1.0,1,1.0,1,1.0,1,0.2977013112470639,42
4521,2,7274,3688,3586,0,0,0,1.0,1,1.0,1,1.0,1,0.30695213062193516,42
4522,2,7276,3690,3586,0,0,0,1.0,1,1.0,1,1.0,1,0.2869977263306084,42
4523,1,7277,3690,3587,0,0,0,1.0,1,1.0,1,1.0,1,0.2721224611608111,42
4524,3,7280,3692,3588,0,0,0,1.0,1,1.0,1,1.0,1,0.2604969358390168,43
4525,3,7283,3692,3591,0,0,0,1.0,1,1.0,1,1.0,1,0.21872317802874014,46
4526,2,7285,3694,3591,0,0,0,1.0,1,1.0,1,1.0,1,0.22710797884778455,46
4527,4,7289,3696,3593,0,0,0,1.0,1,1.0,1,1.0,1,0.21025601989608314,47
4528,2,7291,3696,3595,0,0,0,1.0,1,1.0,1,1.0,1,0.18228856905629695,49
4529,1,7292,3697,3595,0,0,0,1.0,1,1.0,1,1.0,1,0.18044072877102438,50
4530,1,7293,3698,3595,0,0,0,1.0,1,1.0,1,1.0,1,0.17665658708175475,51
4531,1,7294,3699,3595,0,0,0,1.0,1,1.0,1,1.0,1,0.17837198580508687,51
4532,2,7296,3700,3596,0,0,0,1.0,1,1.0,1,1.0,1,0.1947187500449326,51
4533,0,7296,3700,3596,0,0,0,1.0,1,1.0,1,1.0,1,0.18856208208648922,50
4534,1,7297,3700,3597,0,0,0,1.0,1,1.0,1,1.0,1,0.15445961418240275,51
4535,1,7298,3701,3597,0,0,0,1.0,1,1.0,1,1.0,1,0.16433498099243038,50
4536,0,7298,3701,3597,0,0,0,1.0,1,1.0,1,1.0,1,0.18700339735161578,48
4537,1,7299,3702,3597,0,0,0,1.0,1,1.0,1,1.0,1,0.2147412013440999,49
4538,1,7300,3702,3598,0,0,0,1.0,1,1.0,1,1.0,1,0.23614075404940266,48
4539,2,7302,3703,3599,0,0,0,1.0,1,1.0,1,1.0,1,0.29173174661282947,50
4540,2,7304,3703,3601,0,0,0,1.0,1,1.0,1,1.0,1,0.24046210446984104,49
4541,1,7305,3704,3601,0,0,0,1.0,1,1.0,1,1.0,1,0.24203085176252603,49
4542,3,7308,3707,3601,0,0,0,1.0,1,1.0,1,1.0,1,0.30382388257370896,47
4543,1,7309,3707,3602,0,0,0,1.0,1,1.0,1,1.0,1,0.2909468812329658,45
4544,1,7310,3708,3602,0,0,0,1.0,1,1.0,1,1.0,1,0.30203762049941557,45
4545,2,7312,3710,3602,0,0,0,1.0,1,1.0,1,1.0,1,0.35397843619569835,43
4546,6,7318,3712,3606,0,0,0,1.0,1,1.0,1,1.0,1,0.34356309247131944,43
4547,2,7320,3713,3607,0,0,0,1.0,1,1.0,1,1.0,1,0.3374752855538785,41
4548,3,7323,3715,3608,0,0,0,1.0,1,1.0,1,1.0,1,0.3228984998789261,42
4549,0,7323,3715,3608,0,0,0,1.0,1,1.0,1,1.0,1,0.2905020426182989,41
4550,3,7326,3717,3609,0,0,0,1.0,1,1.0,1,1.0,1,0.3123203301868381,41
4551,0,7326,3717,3609,0,0,0,1.0,1,1.0,1,1.0,1,0.3104463089124246,39
4552,0,7326,3717,3609,0,0,0,1.0,1,1.0,1,1.0,1,0.312586924937571,38
4553,4,7330,3718,3612,0,0,0,1.0,1,1.0,1,1.0,1,0.2942479040756234,39
4554,1,7331,3719,3612,0,0,0,1.0,1,1.0,1,1.0,1,0.3217044029563118,38
4555,3,7334,3720,3614,0,0,0,1.0,1,1.0,1,1.0,1,0.31620897146634025,37
4556,1,7335,3720,3615,0,0,0,1.0,1,1.0,1,1.0,1,0.26623651114012936,36
4557,1,7336,3720,3616,0,0,0,1.0,1,1.0,1,1.0,1,0.2570015364392346,38
4558,2,7338,3721,3617,0,0,0,1.0,1,1.0,1,1.0,1,0.2636838244828267,39
4559,0,7338,3721,3617,0,0,0,1.0,1,1.0,1,1.0,1,0.28850941808370706,38
4560,1,7339,3722,3617,0,0,0,1.0,1,1.0,1,1.0,1,0.32930794610816405,41
4561,0,7339,3722,3617,0,0,0,1.0,1,1.0,1,1.0,1,0.32930794610816405,41
4562,2,7341,3723,3618,0,0,0,1.0,1,1.0,1,1.0,1,0.3223655145788082,43
4563,1,7342,3723,3619,0,0,0,1.0,1,1.0,1,1.0,1,0.30284646695172474,42
4564,1,7343,3723,3620,0,0,0,1.0,1,1.0,1,1.0,1,0.30181050274664883,43
4565,1,7344,3723,3621,0,0,0,1.0,1,1.0,1,1.0,1,0.290548524349216,44
4566,3,7347,3723,3624,0,0,0,1.0,1,1.0,1,1.0,1,0.25138258091406407,45
4567,7,7354,3724,3630,0,0,0,1.0,1,1.0,1,1.0,1,0.17402123463499464,47
4568,0,7354,3724,3630,0,0,0,1.0,1,1.0,1,1.0,1,0.17402123463499464,47
4569,3,7357,3726,3631,0,0,0,1.0,1,1.0,1,1.0,1,0.16873166225401623,49
4570,0,7357,3726,3631,0,0,0,1.0,1,1.0,1,1.0,1,0.16873166225401623,49
4571,0,7357,3726,3631,0,0,0,1.0,1,1.0,1,1.0,1,0.17477751001716363,48
4572,0,7357,3726,3631,0,0,0,1.0,1,1.0,1,1.0,1,0.17477751001716363,48
4573,1,7358,3726,3632,0,0,0,1.0,1,1.0,1,1.0,1,0.16228758752906952,48
4574,1,7359,3727,3632,0,0,0,1.0,1,1.0,1,1.0,1,0.19741213493020407,50
4575,2,7361,3729,3632,0,0,0,1.0,1,1.0,1,1.0,1,0.23789451469764622,51
4576,2,7363,3729,3634,0,0,0,1.0,1,1.0,1,1.0,1,0.23476619158671894,48
4577,0,7363,3729,3634,0,0,0,1.0,1,1.0,1,1.0,1,0.23994879200085711,47
4578,2,7365,3730,3635,0,0,0,1.0,1,1.0,1,1.0,1,0.22823934830638104,46
4579,0,7365,3730,3635,0,0,0,1.0,1,1.0,1,1.0,1,0.22259930329432515,46
4580,0,7365,3730,3635,0,0,0,1.0,1,1.0,1,1.0,1,0.2124466787815062,47
4581,0,7365,3730,3635,0,0,0,1.0,1,1.0,1,1.0,1,0.2124466787815062,47
4582,0,7365,3730,3635,0,0,0,1.0,1,1.0,1,1.0,1,0.22579168595813254,48
4583,0,7365,3730,3635,0,0,0,1.0,1,1.0,1,1.0,1,0.22579168595813254,48
4584,0,7365,3730,3635,0,0,0,1.0,1,1.0,1,1.0,1,0.2417200710449566,50
4585,1,7366,3731,3635,0,0,0,1.0,1,1.0,1,1.0,1,0.2563065274104953,50
4586,0,7366,3731,3635,0,0,0,1.0,1,1.0,1,1.0,1,0.2563065274104953,50
4587,0,7366,3731,3635,0,0,0,1.0,1,1.0,1,1.0,1,0.2563065274104953,50
4588,0,7366,3731,3635,0,0,0,1.0,1,1.0,1,1.0,1,0.2563065274104953,50
4589,3,7369,3731,3638,0,0,0,1.0,1,1.0,1,1.0,1,0.24023549724303328,52
4590,0,7369,3731,3638,0,0,0,1.0,1,1.0,1,1.0,1,0.24023549724303328,52
4591,0,7369,3731,3638,0,0,0,1.0,1,1.0,1,1.0,1,0.2438852920495138,53
4592,1,7370,3731,3639,0,0,0,1.0,1,1.0,1,1.0,1,0.24729744856439173,54
4593,1,7371,3731,3640,0,0,0,1.0,1,1.0,1,1.0,1,0.22756148647306335,56
4594,2,7373,3731,3642,0,0,0,1.0,1,1.0,1,1.0,1,0.20924197454378798,57
4595,1,7374,3732,3642,0,0,0,1.0,1,1.0,1,1.0,1,0.21147481182834257,56
4596,1,7375,3732,3643,0,0,0,1.0,1,1.0,1,1.0,1,0.2012250316534151,56
4597,1,7376,3733,3643,0,0,0,1.0,1,1.0,1,1.0,1,0.2082779910915095,56
4598,6,7382,3736,3646,0,0,0,1.0,1,1.0,1,1.0,1,0.24568913584572574,57
4599,2,7384,3736,3648,0,0,0,1.0,1,1.0,1,1.0,1,0.1921251030943333,59
4600,0,7384,3736,3648,0,0,0,1.0,1,1.0,1,1.0,1,0.20201499356677935,60
4601,2,7386,3738,3648,0,0,0,1.0,1,1.0,1,1.0,1,0.2472107679441844,60
4602,2,7388,3738,3650,0,0,0,1.0,1,1.0,1,1.0,1,0.2062097748422899,62
4603,1,7389,3738,3651,0,0,0,1.0,1,1.0,1,1.0,1,0.19614203939225908,62
4604,0,7389,3738,3651,0,0,0,1.0,1,1.0,1,1.0,1,0.18376925611813533,63
4605,0,7389,3738,3651,0,0,0,1.0,1,1.0,1,1.0,1,0.18376925611813533,63
4606,1,7390,3738,3652,0,0,0,1.0,1,1.0,1,1.0,1,0.1783864101662354,64
4607,1,7391,3739,3652,0,0,0,1.0,1,1.0,1,1.0,1,0.17789628419436201,65
4608,2,7393,3740,3653,0,0,0,1.0,1,1.0,1,1.0,1,0.20668346744703608,66
4609,1,7394,3740,3654,0,0,0,1.0,1,1.0,1,1.0,1,0.2022085897511054,65
4610,0,7394,3740,3654,0,0,0,1.0,1,1.0,1,1.0,1,0.22982433993721568,63
4611,1,7395,3740,3655,0,0,0,1.0,1,1.0,1,1.0,1,0.2306600358873238,64
4612,1,7396,3740,3656,0,0,0,1.0,1,1.0,1,1.0,1,0.22512314057427169,62
4613,2,7398,3742,3656,0,0,0,1.0,1,1.0,1,1.0,1,0.27258118820973365,63
4614,3,7401,3744,3657,0,0,0,1.0,1,1.0,1,1.0,1,0.24543127940852336,61
4615,3,7404,3745,3659,0,0,0,1.0,1,1.0,1,1.0,1,0.2694889519697894,59
4616,2,7406,3747,3659,0,0,0,1.0,1,1.0,1,1.0,1,0.27555329001601825,58
4617,1,7407,3747,3660,0,0,0,1.0,1,1.0,1,1.0,1,0.27949622854552447,58
4618,1,7408,3748,3660,0,0,0,1.0,1,1.0,1,1.0,1,0.29874359674860723,57
4619,1,7409,3749,3660,0,0,0,1.0,1,1.0,1,1.0,1,0.31043811622277145,57
4620,2,7411,3749,3662,0,0,0,1.0,1,1.0,1,1.0,1,0.26827598203779107,57
4621,3,7414,3751,3663,0,0,0,1.0,1,1.0,1,1.0,1,0.2643672561949572,59
4622,6,7420,3754,3666,0,0,0,1.0,1,1.0,1,1.0,1,0.271553393687675,60
4623,2,7422,3755,3667,0,0,0,1.0,1,1.0,1,1.0,1,0.28010025395837845,59
4624,3,7425,3757,3668,0,0,0,1.0,1,1.0,1,1.0,1,0.25126942956850856,59
4625,2,7427,3758,3669,0,0,0,1.0,1,1.0,1,1.0,1,0.2553335639002024,57
4626,1,7428,3759,3669,0,0,0,1.0,1,1.0,1,1.0,1,0.2659781755153134,56
4627,2,7430,3759,3671,0,0,0,1.0,1,1.0,1,1.0,1,0.24439247126495234,56
4628,0,7430,3759,3671,0,0,0,1.0,1,1.0,1,1.0,1,0.2570277113181289,56
4629,2,7432,3760,3672,0,0,0,1.0,1,1.0,1,1.0,1,0.28483702749085554,56
4630,3,7435,3761,3674,0,0,0,1.0,1,1.0,1,1.0,1,0.26820652010258655,57
4631,0,7435,3761,3674,0,0,0,1.0,1,1.0,1,1.0,1,0.28960372979011556,56
4632,3,7438,3761,3677,0,0,0,1.0,1,1.0,1,1.0,1,0.2730603925801789,57
4633,0,7438,3761,3677,0,0,0,1.0,1,1.0,1,1.0,1,0.27128186378263475,58
4634,1,7439,3761,3678,0,0,0,1.0,1,1.0,1,1.0,1,0.2632909848932561,58
4635,1,7440,3761,3679,0,0,0,1.0,1,1.0,1,1.0,1,0.2452328526432187,59
4636,2,7442,3761,3681,0,0,0,1.0,1,1.0,1,1.0,1,0.2166649663715649,60
4637,1,7443,3761,3682,0,0,0,1.0,1,1.0,1,1.0,1,0.2006246818745275,60
4638,1,7444,3761,3683,0,0,0,1.0,1,1.0,1,1.0,1,0.20841097780107842,61
4639,0,7444,3761,3683,0,0,0,1.0,1,1.0,1,1.0,1,0.21907121229930224,62
4640,4,7448,3761,3687,0,0,0,1.0,1,1.0,1,1.0,1,0.17257359808501901,63
4641,3,7451,3763,3688,0,0,0,1.0,1,1.0,1,1.0,1,0.1715035426494026,63
4642,0,7451,3763,3688,0,0,0,1.0,1,1.0,1,1.0,1,0.18071945598145495,62
4643,3,7454,3766,3688,0,0,0,1.0,1,1.0,1,1.0,1,0.22554119700814212,63
4644,1,7455,3766,3689,0,0,0,1.0,1,1.0,1,1.0,1,0.22801642736462802,62
4645,1,7456,3767,3689,0,0,0,1.0,1,1.0,1,1.0,1,0.24870435761843587,63
4646,3,7459,3770,3689,0,0,0,1.0,1,1.0,1,1.0,1,0.3120957827765126,63
4647,4,7463,3771,3692,0,0,0,1.0,1,1.0,1,1.0,1,0.28733836051309364,62
4648,4,7467,3773,3694,0,0,0,1.0,1,1.0,1,1.0,1,0.3192644031620833,63
4649,0,7467,3773,3694,0,0,0,1.0,1,1.0,1,1.0,1,0.30248255071202546,61
4650,4,7471,3774,3697,0,0,0,1.0,1,1.0,1,1.0,1,0.29099961894024773,63
4651,6,7477,3776,3701,0,0,0,1.0,1,1.0,1,1.0,1,0.24434809489704176,62
4652,0,7477,3776,3701,0,0,0,1.0,1,1.0,1,1.0,1,0.23788225508620797,59
4653,2,7479,3776,3703,0,0,0,1.0,1,1.0,1,1.0,1,0.2265450656460777,60
4654,2,7481,3777,3704,0,0,0,1.0,1,1.0,1,1.0,1,0.20566981566740292,60
4655,0,7481,3777,3704,0,0,0,1.0,1,1.0,1,1.0,1,0.20566981566740292,60
4656,2,7483,3779,3704,0,0,0,1.0,1,1.0,1,1.0,1,0.25054311066888796,61
4657,1,7484,3779,3705,0,0,0,1.0,1,1.0,1,1.0,1,0.2333236898144506,62
4658,0,7484,3779,3705,0,0,0,1.0,1,1.0,1,1.0,1,0.2333236898144506,62
4659,0,7484,3779,3705,0,0,0,1.0,1,1.0,1,1.0,1,0.24421444243560103,61
4660,1,7485,3780,3705,0,0,0,1.0,1,1.0,1,1.0,1,0.28638093049232527,61
4661,0,7485,3780,3705,0,0,0,1.0,1,1.0,1,1.0,1,0.2931637086405931,61
4662,1,7486,3781,3705,0,0,0,1.0,1,1.0,1,1.0,1,0.2845473698998415,62
4663,3,7489,3782,3707,0,0,0,1.0,1,1.0,1,1.0,1,0.26044112591244095,61
4664,2,7491,3784,3707,0,0,0,1.0,1,1.0,1,1.0,1,0.26034290384818337,62
4665,3,7494,3785,3709,0,0,0,1.0,1,1.0,1,1.0,1,0.24316872159570688,61
4666,5,7499,3786,3713,0,0,0,1.0,1,1.0,1,1.0,1,0.20407090746236814,61
4667,0,7499,3786,3713,0,0,0,1.0,1,1.0,1,1.0,1,0.21015154292802304,59
4668,3,7502,3789,3713,0,0,0,1.0,1,1.0,1,1.0,1,0.22385219649824056,59
4669,2,7504,3790,3714,0,0,0,1.0,1,1.0,1,1.0,1,0.22353290271494863,58
4670,3,7507,3793,3714,0,0,0,1.0,1,1.0,1,1.0,1,0.2169850304506898,57
4671,0,7507,3793,3714,0,0,0,1.0,1,1.0,1,1.0,1,0.21878837107434598,55
4672,1,7508,3794,3714,0,0,0,1.0,1,1.0,1,1.0,1,0.2510599789001524,56
4673,0,7508,3794,3714,0,0,0,1.0,1,1.0,1,1.0,1,0.23363868747023406,58
4674,4,7512,3796,3716,0,0,0,1.0,1,1.0,1,1.0,1,0.22800307164037129,58
4675,2,7514,3796,3718,0,0,0,1.0,1,1.0,1,1.0,1,0.251708159622851,57
4676,4,7518,3797,3721,0,0,0,1.0,1,1.0,1,1.0,1,0.2474308229366156,58
4677,2,7520,3797,3723,0,0,0,1.0,1,1.0,1,1.0,1,0.2307227394905978,57
4678,3,7523,3799,3724,0,0,0,1.0,1,1.0,1,1.0,1,0.21898685631434195,57
4679,0,7523,3799,3724,0,0,0,1.0,1,1.0,1,1.0,1,0.21898685631434195,57
4680,1,7524,3799,3725,0,0,0,1.0,1,1.0,1,1.0,1,0.21088410110619712,59
4681,1,7525,3800,3725,0,0,0,1.0,1,1.0,1,1.0,1,0.22775187454138449,60
4682,3,7528,3802,3726,0,0,0,1.0,1,1.0,1,1.0,1,0.23672234762798647,60
4683,3,7531,3803,3728,0,0,0,1.0,1,1.0,1,1.0,1,0.22740504101869802,60
4684,4,7535,3806,3729,0,0,0,1.0,1,1.0,1,1.0,1,0.2989738916949531,60
4685,2,7537,3806,3731,0,0,0,1.0,1,1.0,1,1.0,1,0.27261854502408583,59
4686,2,7539,3807,3732,0,0,0,1.0,1,1.0,1,1.0,1,0.2819024624925251,60
4687,0,7539,3807,3732,0,0,0,1.0,1,1.0,1,1.0,1,0.26960015097501633,59
4688,3,7542,3808,3734,0,0,0,1.0,1,1.0,1,1.0,1,0.2763800468964287,59
4689,3,7545,3810,3735,0,0,0,1.0,1,1.0,1,1.0,1,0.3045053399958526,59
4690,3,7548,3811,3737,0,0,0,1.0,1,1.0,1,1.0,1,0.2865727459996476,58
4691,2,7550,3812,3738,0,0,0,1.0,1,1.0,1,1.0,1,0.2935183076357826,57
4692,1,7551,3812,3739,0,0,0,1.0,1,1.0,1,1.0,1,0.2750688277750352,58
4693,0,7551,3812,3739,0,0,0,1.0,1,1.0,1,1.0,1,0.26785456778518674,57
4694,2,7553,3813,3740,0,0,0,1.0,1,1.0,1,1.0,1,0.25164155921443093,57
4695,1,7554,3813,3741,0,0,0,1.0,1,1.0,1,1.0,1,0.26524301188492544,56
4696,2,7556,3814,3742,0,0,0,1.0,1,1.0,1,1.0,1,0.2770823312859954,57
4697,2,7558,3814,3744,0,0,0,1.0,1,1.0,1,1.0,1,0.2674501438458086,58
4698,1,7559,3815,3744,0,0,0,1.0,1,1.0,1,1.0,1,0.30144715896655866,59
4699,5,7564,3815,3749,0,0,0,1.0,1,1.0,1,1.0,1,0.26147479640997867,58
4700,0,7564,3815,3749,0,0,0,1.0,1,1.0,1,1.0,1,0.24562575129720504,59
4701,2,7566,3816,3750,0,0,0,1.0,1,1.0,1,1.0,1,0.26470490759487564,60
4702,3,7569,3817,3752,0,0,0,1.0,1,1.0,1,1.0,1,0.25250703041175765,61
4703,2,7571,3818,3753,0,0,0,1.0,1,1.0,1,1.0,1,0.2522020939260323,59
4704,2,7573,3820,3753,0,0,0,1.0,1,1.0,1,1.0,1,0.2709939616118199,58
4705,7,7580,3822,3758,0,0,0,1.0,1,1.0,1,1.0,1,0.2385989033415345,58
4706,1,7581,3823,3758,0,0,0,1.0,1,1.0,1,1.0,1,0.26477862530322777,60
4707,1,7582,3824,3758,0,0,0,1.0,1,1.0,1,1.0,1,0.27837600644226235,57
4708,6,7588,3827,3761,0,0,0,1.0,1,1.0,1,1.0,1,0.25617068609086224,57
4709,2,7590,3828,3762,0,0,0,1.0,1,1.0,1,1.0,1,0.24292123964691112,55
4710,1,7591,3829,3762,0,0,0,1.0,1,1.0,1,1.0,1,0.2588291479108653,53
4711,1,7592,3830,3762,0,0,0,1.0,1,1.0,1,1.0,1,0.24472040048056834,52
4712,2,7594,3832,3762,0,0,0,1.0,1,1.0,1,1.0,1,0.28295928304908863,52
4713,1,7595,3833,3762,0,0,0,1.0,1,1.0,1,1.0,1,0.28857065833188,51
4714,2,7597,3833,3764,0,0,0,1.0,1,1.0,1,1.0,1,0.25465174337786634,50
4715,2,7599,3835,3764,0,0,0,1.0,1,1.0,1,1.0,1,0.27977535860535563,50
4716,1,7600,3835,3765,0,0,0,1.0,1,1.0,1,1.0,1,0.25829066111180216,49
4717,2,7602,3837,3765,0,0,0,1.0,1,1.0,1,1.0,1,0.2955308947368346,49
4718,2,7604,3838,3766,0,0,0,1.0,1,1.0,1,1.0,1,0.3151800906124569,50
4719,1,7605,3838,3767,0,0,0,1.0,1,1.0,1,1.0,1,0.30491010707965877,49
4720,4,7609,3838,3771,0,0,0,1.0,1,1.0,1,1.0,1,0.2597733848591801,49
4721,1,7610,3838,3772,0,0,0,1.0,1,1.0,1,1.0,1,0.24352056793992974,50
4722,0,7610,3838,3772,0,0,0,1.0,1,1.0,1,1.0,1,0.24810975327144416,51
4723,2,7612,3838,3774,0,0,0,1.0,1,1.0,1,1.0,1,0.22342007485305854,50
4724,2,7614,3838,3776,0,0,0,1.0,1,1.0,1,1.0,1,0.2124489592131404,50
4725,1,7615,3839,3776,0,0,0,1.0,1,1.0,1,1.0,1,0.22794510700098683,52
4726,2,7617,3840,3777,0,0,0,1.0,1,1.0,1,1.0,1,0.2553328418155507,51
4727,0,7617,3840,3777,0,0,0,1.0,1,1.0,1,1.0,1,0.26266895755470215,52
4728,1,7618,3840,3778,0,0,0,1.0,1,1.0,1,1.0,1,0.24784891667591827,52
4729,2,7620,3841,3779,0,0,0,1.0,1,1.0,1,1.0,1,0.26943985777481416,52
4730,2,7622,3842,3780,0,0,0,1.0,1,1.0,1,1.0,1,0.2958245711998171,50
4731,1,7623,3843,3780,0,0,0,1.0,1,1.0,1,1.0,1,0.2632732271757046,51
4732,4,7627,3845,3782,0,0,0,1.0,1,1.0,1,1.0,1,0.3135362312865138,52
4733,2,7629,3845,3784,0,0,0,1.0,1,1.0,1,1.0,1,0.29422157282557376,53
4734,2,7631,3846,3785,0,0,0,1.0,1,1.0,1,1.0,1,0.3006146171088228,53
4735,4,7635,3848,3787,0,0,0,1.0,1,1.0,1,1.0,1,0.30221128849482626,53
4736,1,7636,3849,3787,0,0,0,1.0,1,1.0,1,1.0,1,0.31267498146913647,55
4737,0,7636,3849,3787,0,0,0,1.0,1,1.0,1,1.0,1,0.3161529366710335,57
4738,3,7639,3850,3789,0,0,0,1.0,1,1.0,1,1.0,1,0.30217087387387126,57
4739,1,7640,3850,3790,0,0,0,1.0,1,1.0,1,1.0,1,0.2905515256673958,57
4740,0,7640,3850,3790,0,0,0,1.0,1,1.0,1,1.0,1,0.2905515256673958,57
4741,2,7642,3850,3792,0,0,0,1.0,1,1.0,1,1.0,1,0.2713719118931067,58
4742,2,7644,3852,3792,0,0,0,1.0,1,1.0,1,1.0,1,0.2849849520796961,58
4743,2,7646,3852,3794,0,0,0,1.0,1,1.0,1,1.0,1,0.244776469815711,56
4744,3,7649,3854,3795,0,0,0,1.0,1,1.0,1,1.0,1,0.2527812383547442,57
4745,2,7651,3855,3796,0,0,0,1.0,1,1.0,1,1.0,1,0.2362202576685262,56
4746,4,7655,3858,3797,0,0,0,1.0,1,1.0,1,1.0,1,0.27247674007948725,56
4747,3,7658,3859,3799,0,0,0,1.0,1,1.0,1,1.0,1,0.25971020256784777,55
4748,4,7662,3861,3801,0,0,0,1.0,1,1.0,1,1.0,1,0.29593565241093456,55
4749,2,7664,3862,3802,0,0,0,1.0,1,1.0,1,1.0,1,0.282472562656656,54
4750,1,7665,3863,3802,0,0,0,1.0,1,1.0,1,1.0,1,0.26664238731550927,53
4751,0,7665,3863,3802,0,0,0,1.0,1,1.0,1,1.0,1,0.2856350371865105,53
4752,1,7666,3864,3802,0,0,0,1.0,1,1.0,1,1.0,1,0.279797941040948,53
4753,2,7668,3864,3804,0,0,0,1.0,1,1.0,1,1.0,1,0.2690219048987538,52
4754,2,7670,3865,3805,0,0,0,1.0,1,1.0,1,1.0,1,0.25655747622178876,52
4755,2,7672,3865,3807,0,0,0,1.0,1,1.0,1,1.0,1,0.23718460922175086,51
4756,3,7675,3866,3809,0,0,0,1.0,1,1.0,1,1.0,1,0.2355124841868118,52
4757,1,7676,3866,3810,0,0,0,1.0,1,1.0,1,1.0,1,0.21859424752904483,51
4758,0,7676,3866,3810,0,0,0,1.0,1,1.0,1,1.0,1,0.21859424752904483,51
4759,1,7677,3867,3810,0,0,0,1.0,1,1.0,1,1.0,1,0.2200895652825113,51
4760,2,7679,3867,3812,0,0,0,1.0,1,1.0,1,1.0,1,0.17980802305299637,52
4761,2,7681,3868,3813,0,0,0,1.0,1,1.0,1,1.0,1,0.20160379154842545,50
4762,4,7685,3868,3817,0,0,0,1.0,1,1.0,1,1.0,1,0.16655801727908753,51
4763,2,7687,3869,3818,0,0,0,1.0,1,1.0,1,1.0,1,0.17228636411964868,51
4764,3,7690,3872,3818,0,0,0,1.0,1,1.0,1,1.0,1,0.1516546252834029,53
4765,2,7692,3873,3819,0,0,0,1.0,1,1.0,1,1.0,1,0.17244576250311955,53
4766,3,7695,3875,3820,0,0,0,1.0,1,1.0,1,1.0,1,0.1880642085543088,55
4767,2,7697,3876,3821,0,0,0,1.0,1,1.0,1,1.0,1,0.17789153458427756,56
4768,1,7698,3876,3822,0,0,0,1.0,1,1.0,1,1.0,1,0.1645725201587439,56
4769,2,7700,3877,3823,0,0,0,1.0,1,1.0,1,1.0,1,0.15782387075844456,56
4770,0,7700,3877,3823,0,0,0,1.0,1,1.0,1,1.0,1,0.15782387075844456,56
4771,0,7700,3877,3823,0,0,0,1.0,1,1.0,1,1.0,1,0.16022274795458818,55
4772,2,7702,3878,3824,0,0,0,1.0,1,1.0,1,1.0,1,0.14911264432426907,56
4773,0,7702,3878,3824,0,0,0,1.0,1,1.0,1,1.0,1,0.14911264432426907,56
4774,1,7703,3878,3825,0,0,0,1.0,1,1.0,1,1.0,1,0.11046607113063278,58
4775,0,7703,3878,3825,0,0,0,1.0,1,1.0,1,1.0,1,0.11475003299400383,59
4776,0,7703,3878,3825,0,0,0,1.0,1,1.0,1,1.0,1,0.11475003299400383,59
4777,1,7704,3879,3825,0,0,0,1.0,1,1.0,1,1.0,1,0.13786511725930248,60
4778,0,7704,3879,3825,0,0,0,1.0,1,1.0,1,1.0,1,0.13786511725930248,60
4779,1,7705,3879,3826,0,0,0,1.0,1,1.0,1,1.0,1,0.13619518907876207,61
4780,0,7705,3879,3826,0,0,0,1.0,1,1.0,1,1.0,1,0.15782405557886922,63
4781,0,7705,3879,3826,0,0,0,1.0,1,1.0,1,1.0,1,0.16966583326008103,62
4782,2,7707,3880,3827,0,0,0,1.0,1,1.0,1,1.0,1,0.18057569969198872,63
4783,3,7710,3882,3828,0,0,0,1.0,1,1.0,1,1.0,1,0.16143948383686457,62
4784,4,7714,3885,3829,0,0,0,1.0,1,1.0,1,1.0,1,0.2159902052322641,62
4785,4,7718,3888,3830,0,0,0,1.0,1,1.0,1,1.0,1,0.19829349777611827,62
4786,6,7724,3890,3834,0,0,0,1.0,1,1.0,1,1.0,1,0.18193563113331726,63
4787,3,7727,3891,3836,0,0,0,1.0,1,1.0,1,1.0,1,0.15778095412167373,62
4788,4,7731,3895,3836,0,0,0,1.0,1,1.0,1,1.0,1,0.19193067021758697,62
4789,4,7735,3896,3839,0,0,0,1.0,1,1.0,1,1.0,1,0.18026237425057218,60
4790,3,7738,3898,3840,0,0,0,1.0,1,1.0,1,1.0,1,0.18141155456671648,61
4791,1,7739,3899,3840,0,0,0,1.0,1,1.0,1,1.0,1,0.18423456373622696,60
4792,6,7745,3902,3843,0,0,0,1.0,1,1.0,1,1.0,1,0.1897683919311036,60
4793,4,7749,3905,3844,0,0,0,1.0,1,1.0,1,1.0,1,0.20300340467138897,61
4794,2,7751,3907,3844,0,0,0,1.0,1,1.0,1,1.0,1,0.21504684041959546,59
4795,2,7753,3907,3846,0,0,0,1.0,1,1.0,1,1.0,1,0.17141241663191764,61
4796,3,7756,3909,3847,0,0,0,1.0,1,1.0,1,1.0,1,0.16446634412846364,59
4797,0,7756,3909,3847,0,0,0,1.0,1,1.0,1,1.0,1,0.15498692290565314,58
4798,3,7759,3910,3849,0,0,0,1.0,1,1.0,1,1.0,1,0.11062991162386553,59
4799,3,7762,3912,3850,0,0,0,1.0,1,1.0,1,1.0,1,0.15173673544301036,57
4800,0,7762,3912,3850,0,0,0,1.0,1,1.0,1,1.0,1,0.1529001240966188,58
4801,4,7766,3913,3853,0,0,0,1.0,1,1.0,1,1.0,1,0.0937419466644555,57
4802,2,7768,3914,3854,0,0,0,1.0,1,1.0,1,1.0,1,0.09421613303779945,57
4803,1,7769,3915,3854,0,0,0,1.0,1,1.0,1,1.0,1,0.09890196434633401,56
4804,0,7769,3915,3854,0,0,0,1.0,1,1.0,1,1.0,1,0.11182139438861323,54
4805,0,7769,3915,3854,0,0,0,1.0,1,1.0,1,1.0,1,0.13207609432715842,56
4806,0,7769,3915,3854,0,0,0,1.0,1,1.0,1,1.0,1,0.14009340567823556,55
4807,3,7772,3917,3855,0,0,0,1.0,1,1.0,1,1.0,1,0.12056800834670468,54
4808,0,7772,3917,3855,0,0,0,1.0,1,1.0,1,1.0,1,0.14611299363597827,53
4809,1,7773,3918,3855,0,0,0,1.0,1,1.0,1,1.0,1,0.16485444762680948,53
4810,1,7774,3918,3856,0,0,0,1.0,1,1.0,1,1.0,1,0.16685297280320482,51
4811,3,7777,3920,3857,0,0,0,1.0,1,1.0,1,1.0,1,0.12396647236350246,52
4812,1,7778,3920,3858,0,0,0,1.0,1,1.0,1,1.0,1,0.12637092357920815,52
4813,0,7778,3920,3858,0,0,0,1.0,1,1.0,1,1.0,1,0.12637092357920815,52
4814,6,7784,3925,3859,0,0,0,1.0,1,1.0,1,1.0,1,0.1715261226997607,53
4815,4,7788,3928,3860,0,0,0,1.0,1,1.0,1,1.0,1,0.19113185911452765,54
4816,2,7790,3929,3861,0,0,0,1.0,1,1.0,1,1.0,1,0.1766745858862473,54
4817,6,7796,3933,3863,0,0,0,1.0,1,1.0,1,1.0,1,0.255281542653014,55
4818,3,7799,3936,3863,0,0,0,1.0,1,1.0,1,1.0,1,0.23184577640757104,55
4819,4,7803,3937,3866,0,0,0,1.0,1,1.0,1,1.0,1,0.20528932231961713,55
4820,2,7805,3938,3867,0,0,0,1.0,1,1.0,1,1.0,1,0.22783379226639877,55
4821,3,7808,3941,3867,0,0,0,1.0,1,1.0,1,1.0,1,0.20963287313321252,55
4822,0,7808,3941,3867,0,0,0,1.0,1,1.0,1,1.0,1,0.20318511496775082,54
4823,2,7810,3941,3869,0,0,0,1.0,1,1.0,1,1.0,1,0.13189141354455255,54
4824,3,7813,3943,3870,0,0,0,1.0,1,1.0,1,1.0,1,0.1344550617560053,55
4825,0,7813,3943,3870,0,0,0,1.0,1,1.0,1,1.0,1,0.11029394135965621,53
4826,2,7815,3944,3871,0,0,0,1.0,1,1.0,1,1.0,1,0.11057954730327298,54
4827,2,7817,3945,3872,0,0,0,1.0,1,1.0,1,1.0,1,0.1270361104098566,53
4828,1,7818,3945,3873,0,0,0,1.0,1,1.0,1,1.0,1,0.08612591893234302,54
4829,0,7818,3945,3873,0,0,0,1.0,1,1.0,1,1.0,1,0.08806295034010139,54
4830,2,7820,3947,3873,0,0,0,1.0,1,1.0,1,1.0,1,0.1219628959544603,53
4831,2,7822,3948,3874,0,0,0,1.0,1,1.0,1,1.0,1,0.12142054843778866,52
4832,0,7822,3948,3874,0,0,0,1.0,1,1.0,1,1.0,1,0.12995514968099706,50
4833,0,7822,3948,3874,0,0,0,1.0,1,1.0,1,1.0,1,0.14152182667775978,51
4834,3,7825,3950,3875,0,0,0,1.0,1,1.0,1,1.0,1,0.2148159032958738,51
4835,2,7827,3950,3877,0,0,0,1.0,1,1.0,1,1.0,1,0.15832526623178894,50
4836,2,7829,3951,3878,0,0,0,1.0,1,1.0,1,1.0,1,0.2142421324693596,50
4837,3,7832,3952,3880,0,0,0,1.0,1,1.0,1,1.0,1,0.19248211938074136,46
4838,1,7833,3953,3880,0,0,0,1.0,1,1.0,1,1.0,1,0.16647096401046033,47
4839,2,7835,3954,3881,0,0,0,1.0,1,1.0,1,1.0,1,0.18492192792116158,45
4840,2,7837,3956,3881,0,0,0,1.0,1,1.0,1,1.0,1,0.20928470446957273,45
4841,3,7840,3958,3882,0,0,0,1.0,1,1.0,1,1.0,1,0.25191744327657944,43
4842,0,7840,3958,3882,0,0,0,1.0,1,1.0,1,1.0,1,0.22455835129564974,43
4843,2,7842,3958,3884,0,0,0,1.0,1,1.0,1,1.0,1,0.2079424410361678,44
4844,1,7843,3959,3884,0,0,0,1.0,1,1.0,1,1.0,1,0.23466803189120927,43
4845,1,7844,3960,3884,0,0,0,1.0,1,1.0,1,1.0,1,0.2419104558964489,44
4846,0,7844,3960,3884,0,0,0,1.0,1,1.0,1,1.0,1,0.2524974509427835,43
4847,2,7846,3962,3884,0,0,0,1.0,1,1.0,1,1.0,1,0.3024505628015811,42
4848,2,7848,3964,3884,0,0,0,1.0,1,1.0,1,1.0,1,0.28508203660848885,41
4849,0,7848,3964,3884,0,0,0,1.0,1,1.0,1,1.0,1,0.2408456564623565,41
4850,1,7849,3964,3885,0,0,0,1.0,1,1.0,1,1.0,1,0.2584788876173387,41
4851,0,7849,3964,3885,0,0,0,1.0,1,1.0,1,1.0,1,0.2584788876173387,41
4852,0,7849,3964,3885,0,0,0,1.0,1,1.0,1,1.0,1,0.2609465630501369,43
4853,1,7850,3965,3885,0,0,0,1.0,1,1.0,1,1.0,1,0.28085907172707214,44
4854,1,7851,3966,3885,0,0,0,1.0,1,1.0,1,1.0,1,0.3107145285904247,45
4855,0,7851,3966,3885,0,0,0,1.0,1,1.0,1,1.0,1,0.29534422440330776,44
4856,0,7851,3966,3885,0,0,0,1.0,1,1.0,1,1.0,1,0.29534422440330776,44
4857,1,7852,3966,3886,0,0,0,1.0,1,1.0,1,1.0,1,0.29358285549794244,44
4858,0,7852,3966,3886,0,0,0,1.0,1,1.0,1,1.0,1,0.3036730202639923,45
4859,0,7852,3966,3886,0,0,0,1.0,1,1.0,1,1.0,1,0.3157729852522903,46
4860,0,7852,3966,3886,0,0,0,1.0,1,1.0,1,1.0,1,0.3157729852522903,46
4861,1,7853,3966,3887,0,0,0,1.0,1,1.0,1,1.0,1,0.3171941008805105,46
4862,1,7854,3966,3888,0,0,0,1.0,1,1.0,1,1.0,1,0.3121871893928176,47
4863,3,7857,3967,3890,0,0,0,1.0,1,1.0,1,1.0,1,0.3069879394521767,47
4864,3,7860,3967,3893,0,0,0,1.0,1,1.0,1,1.0,1,0.26514099908886946,47
4865,1,7861,3967,3894,0,0,0,1.0,1,1.0,1,1.0,1,0.2603776439799102,48
4866,2,7863,3967,3896,0,0,0,1.0,1,1.0,1,1.0,1,0.2148411421491824,49
4867,0,7863,3967,3896,0,0,0,1.0,1,1.0,1,1.0,1,0.23147911754828432,50
4868,4,7867,3969,3898,0,0,0,1.0,1,1.0,1,1.0,1,0.1813023414169065,50
4869,0,7867,3969,3898,0,0,0,1.0,1,1.0,1,1.0,1,0.1813023414169065,50
4870,5,7872,3972,3900,0,0,0,1.0,1,1.0,1,1.0,1,0.22066552542033668,52
4871,2,7874,3972,3902,0,0,0,1.0,1,1.0,1,1.0,1,0.19349538070277433,52
4872,0,7874,3972,3902,0,0,0,1.0,1,1.0,1,1.0,1,0.17465016263030972,53
4873,2,7876,3973,3903,0,0,0,1.0,1,1.0,1,1.0,1,0.19409217604689985,55
4874,2,7878,3975,3903,0,0,0,1.0,1,1.0,1,1.0,1,0.22519862060279217,56
4875,4,7882,3976,3906,0,0,0,1.0,1,1.0,1,1.0,1,0.19165917760204107,55
4876,2,7884,3976,3908,0,0,0,1.0,1,1.0,1,1.0,1,0.15584312943290002,55
4877,2,7886,3978,3908,0,0,0,1.0,1,1.0,1,1.0,1,0.1607374434162109,54
4878,1,7887,3979,3908,0,0,0,1.0,1,1.0,1,1.0,1,0.18991985837473857,53
4879,1,7888,3980,3908,0,0,0,1.0,1,1.0,1,1.0,1,0.22824104786773863,54
4880,3,7891,3981,3910,0,0,0,1.0,1,1.0,1,1.0,1,0.2168056932406306,54
4881,1,7892,3982,3910,0,0,0,1.0,1,1.0,1,1.0,1,0.2538709005149475,53
4882,3,7895,3982,3913,0,0,0,1.0,1,1.0,1,1.0,1,0.2624594787507297,53
4883,1,7896,3983,3913,0,0,0,1.0,1,1.0,1,1.0,1,0.2785023922544487,53
4884,0,7896,3983,3913,0,0,0,1.0,1,1.0,1,1.0,1,0.25716194504680545,51
4885,1,7897,3983,3914,0,0,0,1.0,1,1.0,1,1.0,1,0.24331590065445788,50
4886,0,7897,3983,3914,0,0,0,1.0,1,1.0,1,1.0,1,0.26377077614367683,48
4887,0,7897,3983,3914,0,0,0,1.0,1,1.0,1,1.0,1,0.26377077614367683,48
4888,1,7898,3984,3914,0,0,0,1.0,1,1.0,1,1.0,1,0.2758773463216609,48
4889,1,7899,3984,3915,0,0,0,1.0,1,1.0,1,1.0,1,0.27048584524396047,48
4890,0,7899,3984,3915,0,0,0,1.0,1,1.0,1,1.0,1,0.2698152936368579,49
4891,0,7899,3984,3915,0,0,0,1.0,1,1.0,1,1.0,1,0.28381245433241986,50
4892,0,7899,3984,3915,0,0,0,1.0,1,1.0,1,1.0,1,0.297513716658178,49
4893,0,7899,3984,3915,0,0,0,1.0,1,1.0,1,1.0,1,0.30005631857194776,50
4894,3,7902,3984,3918,0,0,0,1.0,1,1.0,1,1.0,1,0.26358173519905387,51
4895,1,7903,3984,3919,0,0,0,1.0,1,1.0,1,1.0,1,0.26778425474072604,52
4896,1,7904,3984,3920,0,0,0,1.0,1,1.0,1,1.0,1,0.2577667880648945,53
4897,1,7905,3984,3921,0,0,0,1.0,1,1.0,1,1.0,1,0.25132521025998106,53
4898,2,7907,3985,3922,0,0,0,1.0,1,1.0,1,1.0,1,0.23606624466410178,53
4899,3,7910,3987,3923,0,0,0,1.0,1,1.0,1,1.0,1,0.201771921074055,55
4900,1,7911,3988,3923,0,0,0,1.0,1,1.0,1,1.0,1,0.20078435832180377,55
4901,1,7912,3989,3923,0,0,0,1.0,1,1.0,1,1.0,1,0.2128276812048876,56
4902,4,7916,3991,3925,0,0,0,1.0,1,1.0,1,1.0,1,0.22280210954653246,58
4903,3,7919,3993,3926,0,0,0,1.0,1,1.0,1,1.0,1,0.2272572734983746,58
4904,2,7921,3995,3926,0,0,0,1.0,1,1.0,1,1.0,1,0.23693295583871612,57
4905,0,7921,3995,3926,0,0,0,1.0,1,1.0,1,1.0,1,0.24564255059115797,54
4906,1,7922,3995,3927,0,0,0,1.0,1,1.0,1,1.0,1,0.2517302586758784,55
4907,0,7922,3995,3927,0,0,0,1.0,1,1.0,1,1.0,1,0.2640288915617329,52
4908,5,7927,3997,3930,0,0,0,1.0,1,1.0,1,1.0,1,0.26028985406077093,53
4909,1,7928,3997,3931,0,0,0,1.0,1,1.0,1,1.0,1,0.2515491735694312,52
4910,1,7929,3997,3932,0,0,0,1.0,1,1.0,1,1.0,1,0.22881906970917304,53
4911,0,7929,3997,3932,0,0,0,1.0,1,1.0,1,1.0,1,0.2371023254435346,55
4912,4,7933,3999,3934,0,0,0,1.0,1,1.0,1,1.0,1,0.27515603811256667,54
4913,3,7936,3999,3937,0,0,0,1.0,1,1.0,1,1.0,1,0.2155900448494048,53
4914,1,7937,3999,3938,0,0,0,1.0,1,1.0,1,1.0,1,0.2523456201679515,53
4915,5,7942,4000,3942,0,0,0,1.0,1,1.0,1,1.0,1,0.21408145144109336,54
4916,0,7942,4000,3942,0,0,0,1.0,1,1.0,1,1.0,1,0.2314504862792854,52
4917,1,7943,4001,3942,0,0,0,1.0,1,1.0,1,1.0,1,0.23443589081812743,52
4918,1,7944,4002,3942,0,0,0,1.0,1,1.0,1,1.0,1,0.2574936904022633,51
4919,0,7944,4002,3942,0,0,0,1.0,1,1.0,1,1.0,1,0.27834699788731726,50
4920,1,7945,4002,3943,0,0,0,1.0,1,1.0,1,1.0,1,0.2597285115540802,51
4921,2,7947,4003,3944,0,0,0,1.0,1,1.0,1,1.0,1,0.25309183912250366,51
4922,2,7949,4004,3945,0,0,0,1.0,1,1.0,1,1.0,1,0.2848764256349532,53
4923,0,7949,4004,3945,0,0,0,1.0,1,1.0,1,1.0,1,0.2848764256349532,53
4924,4,7953,4005,3948,0,0,0,1.0,1,1.0,1,1.0,1,0.24106230811777654,55
4925,2,7955,4007,3948,0,0,0,1.0,1,1.0,1,1.0,1,0.23347563689925102,56
4926,1,7956,4007,3949,0,0,0,1.0,1,1.0,1,1.0,1,0.20256495301582955,55
4927,2,7958,4009,3949,0,0,0,1.0,1,1.0,1,1.0,1,0.20512108080933317,55
4928,0,7958,4009,3949,0,0,0,1.0,1,1.0,1,1.0,1,0.20512108080933317,55
4929,1,7959,4009,3950,0,0,0,1.0,1,1.0,1,1.0,1,0.17130181785596452,56
4930,1,7960,4010,3950,0,0,0,1.0,1,1.0,1,1.0,1,0.21306900889214678,58
4931,1,7961,4010,3951,0,0,0,1.0,1,1.0,1,1.0,1,0.19460520789383887,59
4932,0,7961,4010,3951,0,0,0,1.0,1,1.0,1,1.0,1,0.20914325628821348,60
4933,2,7963,4010,3953,0,0,0,1.0,1,1.0,1,1.0,1,0.18279000262786796,60
4934,1,7964,4011,3953,0,0,0,1.0,1,1.0,1,1.0,1,0.18902379659760088,60
4935,0,7964,4011,3953,0,0,0,1.0,1,1.0,1,1.0,1,0.18902379659760088,60
4936,1,7965,4011,3954,0,0,0,1.0,1,1.0,1,1.0,1,0.16545904545227672,61
4937,0,7965,4011,3954,0,0,0,1.0,1,1.0,1,1.0,1,0.18003178913064963,62
4938,1,7966,4011,3955,0,0,0,1.0,1,1.0,1,1.0,1,0.15697007695048354,62
4939,5,7971,4014,3957,0,0,0,1.0,1,1.0,1,1.0,1,0.17128319633677444,64
4940,3,7974,4014,3960,0,0,0,1.0,1,1.0,1,1.0,1,0.16913209667864396,67
4941,1,7975,4014,3961,0,0,0,1.0,1,1.0,1,1.0,1,0.1717118826974486,66
4942,4,7979,4016,3963,0,0,0,1.0,1,1.0,1,1.0,1,0.14939238151482553,67
4943,0,7979,4016,3963,0,0,0,1.0,1,1.0,1,1.0,1,0.16197124311493957,65
4944,1,7980,4017,3963,0,0,0,1.0,1,1.0,1,1.0,1,0.1687748284238808,65
4945,3,7983,4019,3964,0,0,0,1.0,1,1.0,1,1.0,1,0.16766623822181798,62
4946,2,7985,4021,3964,0,0,0,1.0,1,1.0,1,1.0,1,0.18249686983867827,61
4947,2,7987,4022,3965,0,0,0,1.0,1,1.0,1,1.0,1,0.1814094127150403,59
4948,3,7990,4023,3967,0,0,0,1.0,1,1.0,1,1.0,1,0.1401536925033904,59
4949,2,7992,4025,3967,0,0,0,1.0,1,1.0,1,1.0,1,0.16137949542237698,57
4950,8,8000,4031,3969,0,0,0,1.0,1,1.0,1,1.0,1,0.17624320740429603,58
4951,6,8006,4035,3971,0,0,0,1.0,1,1.0,1,1.0,1,0.11742612330302543,55
4952,3,8009,4038,3971,0,0,0,1.0,1,1.0,1,1.0,1,0.18150090911001454,53
4953,3,8012,4041,3971,0,0,0,1.0,1,1.0,1,1.0,1,0.22018376643268076,54
4954,4,8016,4041,3975,0,0,0,1.0,1,1.0,1,1.0,1,0.16177462451869104,52
4955,2,8018,4042,3976,0,0,0,1.0,1,1.0,1,1.0,1,0.15005231409624378,51
4956,0,8018,4042,3976,0,0,0,1.0,1,1.0,1,1.0,1,0.18393656401915676,47
4957,0,8018,4042,3976,0,0,0,1.0,1,1.0,1,1.0,1,0.19469367448920585,48
4958,0,8018,4042,3976,0,0,0,1.0,1,1.0,1,1.0,1,0.1844307327572374,47
4959,0,8018,4042,3976,0,0,0,1.0,1,1.0,1,1.0,1,0.1844307327572374,47
4960,2,8020,4042,3978,0,0,0,1.0,1,1.0,1,1.0,1,0.17179587886043057,48
4961,2,8022,4044,3978,0,0,0,1.0,1,1.0,1,1.0,1,0.21205883605363385,49
4962,0,8022,4044,3978,0,0,0,1.0,1,1.0,1,1.0,1,0.21205883605363385,49
4963,4,8026,4044,3982,0,0,0,1.0,1,1.0,1,1.0,1,0.14615848083917907,51
4964,1,8027,4045,3982,0,0,0,1.0,1,1.0,1,1.0,1,0.1645157977183422,51
4965,1,8028,4045,3983,0,0,0,1.0,1,1.0,1,1.0,1,0.13836956255352084,51
4966,0,8028,4045,3983,0,0,0,1.0,1,1.0,1,1.0,1,0.13836956255352084,51
4967,0,8028,4045,3983,0,0,0,1.0,1,1.0,1,1.0,1,0.13836956255352084,51
4968,2,8030,4047,3983,0,0,0,1.0,1,1.0,1,1.0,1,0.1659553137321081,52
4969,4,8034,4048,3986,0,0,0,1.0,1,1.0,1,1.0,1,0.16643567986380933,53
4970,1,8035,4049,3986,0,0,0,1.0,1,1.0,1,1.0,1,0.20316138963394467,54
4971,1,8036,4049,3987,0,0,0,1.0,1,1.0,1,1.0,1,0.19704878465430437,55
4972,4,8040,4050,3990,0,0,0,1.0,1,1.0,1,1.0,1,0.1846032507102505,56
4973,1,8041,4051,3990,0,0,0,1.0,1,1.0,1,1.0,1,0.18679885458063064,57
4974,0,8041,4051,3990,0,0,0,1.0,1,1.0,1,1.0,1,0.21899399642977807,56
4975,2,8043,4051,3992,0,0,0,1.0,1,1.0,1,1.0,1,0.18551869098654544,57
4976,1,8044,4051,3993,0,0,0,1.0,1,1.0,1,1.0,1,0.1856546363862962,57
4977,0,8044,4051,3993,0,0,0,1.0,1,1.0,1,1.0,1,0.1856546363862962,57
4978,4,8048,4054,3994,0,0,0,1.0,1,1.0,1,1.0,1,0.2130322399383029,58
4979,2,8050,4055,3995,0,0,0,1.0,1,1.0,1,1.0,1,0.22378434004111564,58
4980,3,8053,4056,3997,0,0,0,1.0,1,1.0,1,1.0,1,0.2034414004930341,59
4981,3,8056,4057,3999,0,0,0,1.0,1,1.0,1,1.0,1,0.21059502148467932,60
4982,2,8058,4057,4001,0,0,0,1.0,1,1.0,1,1.0,1,0.1654756728864207,61
4983,5,8063,4060,4003,0,0,0,1.0,1,1.0,1,1.0,1,0.1534021528831956,61
4984,4,8067,4062,4005,0,0,0,1.0,1,1.0,1,1.0,1,0.15470959446136962,59
4985,1,8068,4063,4005,0,0,0,1.0,1,1.0,1,1.0,1,0.16203745167853478,58
4986,3,8071,4065,4006,0,0,0,1.0,1,1.0,1,1.0,1,0.16328946868037228,59
4987,4,8075,4067,4008,0,0,0,1.0,1,1.0,1,1.0,1,0.16306909148952226,58
4988,1,8076,4067,4009,0,0,0,1.0,1,1.0,1,1.0,1,0.13581034602482467,57
4989,2,8078,4069,4009,0,0,0,1.0,1,1.0,1,1.0,1,0.17617796553804616,54
4990,5,8083,4070,4013,0,0,0,1.0,1,1.0,1,1.0,1,0.183583145901869,53
4991,7,8090,4075,4015,0,0,0,1.0,1,1.0,1,1.0,1,0.23442388249162088,52
4992,2,8092,4077,4015,0,0,0,1.0,1,1.0,1,1.0,1,0.2293385899884127,48
4993,1,8093,4078,4015,0,0,0,1.0,1,1.0,1,1.0,1,0.23870373609554804,48
4994,2,8095,4079,4016,0,0,0,1.0,1,1.0,1,1.0,1,0.19231488947419653,45
4995,2,8097,4081,4016,0,0,0,1.0,1,1.0,1,1.0,1,0.2115484583198518,45
4996,1,8098,4082,4016,0,0,0,1.0,1,1.0,1,1.0,1,0.19638129565405069,45
4997,1,8099,4083,4016,0,0,0,1.0,1,1.0,1,1.0,1,0.22075669696045996,42
4998,1,8100,4084,4016,0,0,0,1.0,1,1.0,1,1.0,1,0.2511484573658813,44
4999,2,8102,4085,4017,0,0,0,1.0,1,1.0,1,1.0,1,0.3038501954896384,44
5000,0,8102,4085,4017,0,0,0,1.0,1,1.0,1,1.0,1,0.3146263092217851,42
5001,0,8102,4085,4017,0,0,0,1.0,1,1.0,1,1.0,1,0.3081093395528648,42
5002,1,8103,4086,4017,0,0,0,1.0,1,1.0,1,1.0,1,0.34726872440046713,41
5003,3,8106,4087,4019,0,0,0,1.0,1,1.0,1,1.0,1,0.3672204153421752,41
5004,0,8106,4087,4019,0,0,0,1.0,1,1.0,1,1.0,1,0.38852486462289787,41
5005,3,8109,4087,4022,0,0,0,1.0,1,1.0,1,1.0,1,0.28828453864310105,41
5006,1,8110,4087,4023,0,0,0,1.0,1,1.0,1,1.0,1,0.2566210020822666,42
5007,0,8110,4087,4023,0,0,0,1.0,1,1.0,1,1.0,1,0.2596271723099316,43
5008,0,8110,4087,4023,0,0,0,1.0,1,1.0,1,1.0,1,0.2471687818479134,46
5009,1,8111,4088,4023,0,0,0,1.0,1,1.0,1,1.0,1,0.2506579113345586,46
5010,0,8111,4088,4023,0,0,0,1.0,1,1.0,1,1.0,1,0.26808038393495914,46
5011,1,8112,4088,4024,0,0,0,1.0,1,1.0,1,1.0,1,0.26411623439812243,47
5012,0,8112,4088,4024,0,0,0,1.0,1,1.0,1,1.0,1,0.2717907945898687,48
5013,0,8112,4088,4024,0,0,0,1.0,1,1.0,1,1.0,1,0.2717907945898687,48
5014,0,8112,4088,4024,0,0,0,1.0,1,1.0,1,1.0,1,0.2709666751148088,49
5015,1,8113,4088,4025,0,0,0,1.0,1,1.0,1,1.0,1,0.25758522365015946,50
5016,2,8115,4089,4026,0,0,0,1.0,1,1.0,1,1.0,1,0.29428425348064485,51
5017,2,8117,4089,4028,0,0,0,1.0,1,1.0,1,1.0,1,0.2798084080269052,51
5018,2,8119,4090,4029,0,0,0,1.0,1,1.0,1,1.0,1,0.25615422329176274,51
5019,3,8122,4091,4031,0,0,0,1.0,1,1.0,1,1.0,1,0.261169493615928,51
5020,2,8124,4091,4033,0,0,0,1.0,1,1.0,1,1.0,1,0.23567222084760153,51
5021,0,8124,4091,4033,0,0,0,1.0,1,1.0,1,1.0,1,0.24906274917682228,52
5022,2,8126,4093,4033,0,0,0,1.0,1,1.0,1,1.0,1,0.2587305572891559,52
5023,4,8130,4096,4034,0,0,0,1.0,1,1.0,1,1.0,1,0.28266508786509126,52
5024,4,8134,4098,4036,0,0,0,1.0,1,1.0,1,1.0,1,0.28223817219988917,51
5025,0,8134,4098,4036,0,0,0,1.0,1,1.0,1,1.0,1,0.26937666654585796,50
5026,2,8136,4098,4038,0,0,0,1.0,1,1.0,1,1.0,1,0.23802025642347005,49
5027,1,8137,4099,4038,0,0,0,1.0,1,1.0,1,1.0,1,0.2829498512675703,47
5028,3,8140,4101,4039,0,0,0,1.0,1,1.0,1,1.0,1,0.3242417083443841,47
5029,3,8143,4103,4040,0,0,0,1.0,1,1.0,1,1.0,1,0.3231428289221878,46
5030,2,8145,4103,4042,0,0,0,1.0,1,1.0,1,1.0,1,0.2941911842891057,48
5031,3,8148,4105,4043,0,0,0,1.0,1,1.0,1,1.0,1,0.3244356133417777,46
5032,3,8151,4106,4045,0,0,0,1.0,1,1.0,1,1.0,1,0.3295665642403344,46
5033,2,8153,4106,4047,0,0,0,1.0,1,1.0,1,1.0,1,0.2949147388145973,47
5034,1,8154,4107,4047,0,0,0,1.0,1,1.0,1,1.0,1,0.2983323467477235,48
5035,0,8154,4107,4047,0,0,0,1.0,1,1.0,1,1.0,1,0.2872563858739319,47
5036,2,8156,4108,4048,0,0,0,1.0,1,1.0,1,1.0,1,0.3039018004645792,47
5037,0,8156,4108,4048,0,0,0,1.0,1,1.0,1,1.0,1,0.29143062043654283,47
5038,1,8157,4109,4048,0,0,0,1.0,1,1.0,1,1.0,1,0.3276998990175851,48
5039,1,8158,4109,4049,0,0,0,1.0,1,1.0,1,1.0,1,0.2835400287175804,47
5040,0,8158,4109,4049,0,0,0,1.0,1,1.0,1,1.0,1,0.29236837335705534,48
5041,1,8159,4109,4050,0,0,0,1.0,1,1.0,1,1.0,1,0.2787163062445878,49
5042,0,8159,4109,4050,0,0,0,1.0,1,1.0,1,1.0,1,0.2949865914557213,50
5043,0,8159,4109,4050,0,0,0,1.0,1,1.0,1,1.0,1,0.27923452626076944,51
5044,1,8160,4109,4051,0,0,0,1.0,1,1.0,1,1.0,1,0.26157504000605725,51
5045,1,8161,4110,4051,0,0,0,1.0,1,1.0,1,1.0,1,0.262300834235519,51
5046,1,8162,4111,4051,0,0,0,1.0,1,1.0,1,1.0,1,0.2824593150171985,52
5047,1,8163,4111,4052,0,0,0,1.0,1,1.0,1,1.0,1,0.2838472975358539,52
5048,0,8163,4111,4052,0,0,0,1.0,1,1.0,1,1.0,1,0.2838472975358539,52
5049,0,8163,4111,4052,0,0,0,1.0,1,1.0,1,1.0,1,0.31693328170662327,52
5050,3,8166,4112,4054,0,0,0,1.0,1,1.0,1,1.0,1,0.314654081247467,55
5051,3,8169,4112,4057,0,0,0,1.0,1,1.0,1,1.0,1,0.2914244422504352,55
5052,2,8171,4112,4059,0,0,0,1.0,1,1.0,1,1.0,1,0.26389654175889143,55
5053,4,8175,4112,4063,0,0,0,1.0,1,1.0,1,1.0,1,0.2244525482529102,54
5054,2,8177,4113,4064,0,0,0,1.0,1,1.0,1,1.0,1,0.21577567300029885,54
5055,1,8178,4113,4065,0,0,0,1.0,1,1.0,1,1.0,1,0.22569536190149772,54
5056,3,8181,4113,4068,0,0,0,1.0,1,1.0,1,1.0,1,0.19905554179539856,55
5057,2,8183,4113,4070,0,0,0,1.0,1,1.0,1,1.0,1,0.17125192496876432,56
5058,1,8184,4113,4071,0,0,0,1.0,1,1.0,1,1.0,1,0.17313884397836263,58
5059,1,8185,4113,4072,0,0,0,1.0,1,1.0,1,1.0,1,0.16251284274215475,58
5060,1,8186,4114,4072,0,0,0,1.0,1,1.0,1,1.0,1,0.177864409518435,59
5061,2,8188,4114,4074,0,0,0,1.0,1,1.0,1,1.0,1,0.15176066491084075,58
5062,1,8189,4115,4074,0,0,0,1.0,1,1.0,1,1.0,1,0.1770095845915192,58
5063,5,8194,4119,4075,0,0,0,1.0,1,1.0,1,1.0,1,0.22847877030462369,57
5064,3,8197,4121,4076,0,0,0,1.0,1,1.0,1,1.0,1,0.25007413630582165,57
5065,4,8201,4124,4077,0,0,0,1.0,1,1.0,1,1.0,1,0.260138241653156,56
5066,0,8201,4124,4077,0,0,0,1.0,1,1.0,1,1.0,1,0.2552915322318598,55
5067,2,8203,4125,4078,0,0,0,1.0,1,1.0,1,1.0,1,0.2467478010108471,54
5068,5,8208,4127,4081,0,0,0,1.0,1,1.0,1,1.0,1,0.2451471224728829,54
5069,1,8209,4128,4081,0,0,0,1.0,1,1.0,1,1.0,1,0.24840396682318963,53
5070,2,8211,4130,4081,0,0,0,1.0,1,1.0,1,1.0,1,0.303438364456376,53
5071,4,8215,4130,4085,0,0,0,1.0,1,1.0,1,1.0,1,0.23125561589501517,53
5072,0,8215,4130,4085,0,0,0,1.0,1,1.0,1,1.0,1,0.22394442947585083,53
5073,0,8215,4130,4085,0,0,0,1.0,1,1.0,1,1.0,1,0.22394442947585083,53
5074,0,8215,4130,4085,0,0,0,1.0,1,1.0,1,1.0,1,0.19416620664872564,52
5075,0,8215,4130,4085,0,0,0,1.0,1,1.0,1,1.0,1,0.19416620664872564,52
5076,1,8216,4131,4085,0,0,0,1.0,1,1.0,1,1.0,1,0.2076890688225793,55
5077,1,8217,4131,4086,0,0,0,1.0,1,1.0,1,1.0,1,0.2158102446517352,55
5078,0,8217,4131,4086,0,0,0,1.0,1,1.0,1,1.0,1,0.2158102446517352,55
5079,0,8217,4131,4086,0,0,0,1.0,1,1.0,1,1.0,1,0.233903408756278,54
5080,2,8219,4132,4087,0,0,0,1.0,1,1.0,1,1.0,1,0.24681366865726287,55
5081,1,8220,4132,4088,0,0,0,1.0,1,1.0,1,1.0,1,0.24814475155619653,57
5082,0,8220,4132,4088,0,0,0,1.0,1,1.0,1,1.0,1,0.24814475155619653,57
5083,3,8223,4132,4091,0,0,0,1.0,1,1.0,1,1.0,1,0.22074233603974439,58
5084,1,8224,4132,4092,0,0,0,1.0,1,1.0,1,1.0,1,0.20733866551289606,58
5085,2,8226,4132,4094,0,0,0,1.0,1,1.0,1,1.0,1,0.17069687635362624,59
5086,1,8227,4133,4094,0,0,0,1.0,1,1.0,1,1.0,1,0.1768156085824991,60
5087,3,8230,4135,4095,0,0,0,1.0,1,1.0,1,1.0,1,0.21541846360339104,61
5088,5,8235,4137,4098,0,0,0,1.0,1,1.0,1,1.0,1,0.20197871979830634,62
5089,6,8241,4140,4101,0,0,0,1.0,1,1.0,1,1.0,1,0.16392969440009947,63
5090,0,8241,4140,4101,0,0,0,1.0,1,1.0,1,1.0,1,0.16392969440009947,63
5091,1,8242,4141,4101,0,0,0,1.0,1,1.0,1,1.0,1,0.1852347184960542,63
5092,3,8245,4142,4103,0,0,0,1.0,1,1.0,1,1.0,1,0.19642029287003931,63
5093,4,8249,4144,4105,0,0,0,1.0,1,1.0,1,1.0,1,0.18337957242363787,63
5094,1,8250,4145,4105,0,0,0,1.0,1,1.0,1,1.0,1,0.17759019817057067,64
5095,1,8251,4145,4106,0,0,0,1.0,1,1.0,1,1.0,1,0.17272080065160325,64
5096,1,8252,4145,4107,0,0,0,1.0,1,1.0,1,1.0,1,0.1557110286455629,67
5097,1,8253,4145,4108,0,0,0,1.0,1,1.0,1,1.0,1,0.1564217649225327,67
5098,3,8256,4147,4109,0,0,0,1.0,1,1.0,1,1.0,1,0.1694442645262835,68
5099,1,8257,4147,4110,0,0,0,1.0,1,1.0,1,1.0,1,0.17661332556515416,70
5100,2,8259,4148,4111,0,0,0,1.0,1,1.0,1,1.0,1,0.18569866942885413,71
5101,4,8263,4149,4114,0,0,0,1.0,1,1.0,1,1.0,1,0.16320188837167338,71
5102,10,8273,4154,4119,0,0,0,1.0,1,1.0,1,1.0,1,0.16738193595205902,70
5103,0,8273,4154,4119,0,0,0,1.0,1,1.0,1,1.0,1,0.14024358848689422,67
5104,4,8277,4156,4121,0,0,0,1.0,1,1.0,1,1.0,1,0.15485653857908152,67
5105,5,8282,4159,4123,0,0,0,1.0,1,1.0,1,1.0,1,0.1530357165449144,63
5106,2,8284,4161,4123,0,0,0,1.0,1,1.0,1,1.0,1,0.19846901962257218,63
5107,6,8290,4166,4124,0,0,0,1.0,1,1.0,1,1.0,1,0.22279755771220658,60
5108,2,8292,4167,4125,0,0,0,1.0,1,1.0,1,1.0,1,0.20420782288666822,56
5109,2,8294,4169,4125,0,0,0,1.0,1,1.0,1,1.0,1,0.24033068589773007,56
5110,3,8297,4170,4127,0,0,0,1.0,1,1.0,1,1.0,1,0.1863329606562001,52
5111,3,8300,4173,4127,0,0,0,1.0,1,1.0,1,1.0,1,0.24168784871930502,51
5112,3,8303,4175,4128,0,0,0,1.0,1,1.0,1,1.0,1,0.24923781340343873,50
5113,6,8309,4179,4130,0,0,0,1.0,1,1.0,1,1.0,1,0.25938505113418237,48
5114,3,8312,4181,4131,0,0,0,1.0,1,1.0,1,1.0,1,0.23374393622603168,46
5115,0,8312,4181,4131,0,0,0,1.0,1,1.0,1,1.0,1,0.2204556092030767,44
5116,2,8314,4182,4132,0,0,0,1.0,1,1.0,1,1.0,1,0.1989396878983052,44
5117,0,8314,4182,4132,0,0,0,1.0,1,1.0,1,1.0,1,0.2036364528550549,46
5118,1,8315,4183,4132,0,0,0,1.0,1,1.0,1,1.0,1,0.20075255627534325,46
5119,1,8316,4184,4132,0,0,0,1.0,1,1.0,1,1.0,1,0.20459482744023338,46
5120,0,8316,4184,4132,0,0,0,1.0,1,1.0,1,1.0,1,0.20459482744023338,46
5121,1,8317,4185,4132,0,0,0,1.0,1,1.0,1,1.0,1,0.22662229754412494,46
5122,1,8318,4186,4132,0,0,0,1.0,1,1.0,1,1.0,1,0.2352279186260096,46
5123,2,8320,4186,4134,0,0,0,1.0,1,1.0,1,1.0,1,0.19944736786404588,45
5124,3,8323,4188,4135,0,0,0,1.0,1,1.0,1,1.0,1,0.19106985156627793,47
5125,2,8325,4188,4137,0,0,0,1.0,1,1.0,1,1.0,1,0.1914303102971148,50
5126,1,8326,4189,4137,0,0,0,1.0,1,1.0,1,1.0,1,0.1899671011810736,50
5127,1,8327,4189,4138,0,0,0,1.0,1,1.0,1,1.0,1,0.18836661970405438,52
5128,1,8328,4190,4138,0,0,0,1.0,1,1.0,1,1.0,1,0.2054122094471007,53
5129,0,8328,4190,4138,0,0,0,1.0,1,1.0,1,1.0,1,0.21847597760100418,55
5130,1,8329,4191,4138,0,0,0,1.0,1,1.0,1,1.0,1,0.23668342652289492,55
5131,1,8330,4191,4139,0,0,0,1.0,1,1.0,1,1.0,1,0.22873905616052598,54
5132,1,8331,4191,4140,0,0,0,1.0,1,1.0,1,1.0,1,0.23914592641447036,54
5133,2,8333,4192,4141,0,0,0,1.0,1,1.0,1,1.0,1,0.21460730500169514,54
5134,1,8334,4192,4142,0,0,0,1.0,1,1.0,1,1.0,1,0.2187739749058458,53
5135,2,8336,4192,4144,0,0,0,1.0,1,1.0,1,1.0,1,0.19700934933357284,54
5136,0,8336,4192,4144,0,0,0,1.0,1,1.0,1,1.0,1,0.21890886607043625,54
5137,2,8338,4193,4145,0,0,0,1.0,1,1.0,1,1.0,1,0.19675524531943087,54
5138,2,8340,4195,4145,0,0,0,1.0,1,1.0,1,1.0,1,0.21934916345776248,54
5139,4,8344,4196,4148,0,0,0,1.0,1,1.0,1,1.0,1,0.17610642488778083,55
5140,4,8348,4200,4148,0,0,0,1.0,1,1.0,1,1.0,1,0.2290711982924214,55
5141,2,8350,4201,4149,0,0,0,1.0,1,1.0,1,1.0,1,0.23463914385631715,53
5142,3,8353,4204,4149,0,0,0,1.0,1,1.0,1,1.0,1,0.2273870798230927,54
5143,2,8355,4205,4150,0,0,0,1.0,1,1.0,1,1.0,1,0.2229854656220937,52
5144,3,8358,4208,4150,0,0,0,1.0,1,1.0,1,1.0,1,0.21871546619267668,50
5145,1,8359,4209,4150,0,0,0,1.0,1,1.0,1,1.0,1,0.23407283644737747,49
5146,3,8362,4210,4152,0,0,0,1.0,1,1.0,1,1.0,1,0.22196083274416348,49
5147,1,8363,4211,4152,0,0,0,1.0,1,1.0,1,1.0,1,0.24338814792674993,46
5148,2,8365,4211,4154,0,0,0,1.0,1,1.0,1,1.0,1,0.18842313687170187,46
5149,0,8365,4211,4154,0,0,0,1.0,1,1.0,1,1.0,1,0.17912780763263172,45
5150,4,8369,4214,4155,0,0,0,1.0,1,1.0,1,1.0,1,0.20762136560580075,47
5151,1,8370,4214,4156,0,0,0,1.0,1,1.0,1,1.0,1,0.17857640225935603,46
5152,4,8374,4217,4157,0,0,0,1.0,1,1.0,1,1.0,1,0.18988300896882332,46
5153,1,8375,4218,4157,0,0,0,1.0,1,1.0,1,1.0,1,0.18572166023801281,45
5154,0,8375,4218,4157,0,0,0,1.0,1,1.0,1,1.0,1,0.2165097003769076,47
5155,3,8378,4220,4158,0,0,0,1.0,1,1.0,1,1.0,1,0.2539898495660759,47
5156,3,8381,4221,4160,0,0,0,1.0,1,1.0,1,1.0,1,0.2424527005376572,47
5157,2,8383,4222,4161,0,0,0,1.0,1,1.0,1,1.0,1,0.24401964387949096,46
5158,1,8384,4222,4162,0,0,0,1.0,1,1.0,1,1.0,1,0.2407461770491023,47
5159,0,8384,4222,4162,0,0,0,1.0,1,1.0,1,1.0,1,0.24876102362571348,49
5160,0,8384,4222,4162,0,0,0,1.0,1,1.0,1,1.0,1,0.24237138724097518,48
5161,0,8384,4222,4162,0,0,0,1.0,1,1.0,1,1.0,1,0.24237138724097518,48
5162,2,8386,4222,4164,0,0,0,1.0,1,1.0,1,1.0,1,0.20656598223388314,49
5163,1,8387,4222,4165,0,0,0,1.0,1,1.0,1,1.0,1,0.19721193806710377,51
5164,0,8387,4222,4165,0,0,0,1.0,1,1.0,1,1.0,1,0.19721193806710377,51
5165,2,8389,4222,4167,0,0,0,1.0,1,1.0,1,1.0,1,0.19402160659222917,52
5166,3,8392,4224,4168,0,0,0,1.0,1,1.0,1,1.0,1,0.17203736557704416,52
5167,3,8395,4226,4169,0,0,0,1.0,1,1.0,1,1.0,1,0.17166839374006748,52
5168,0,8395,4226,4169,0,0,0,1.0,1,1.0,1,1.0,1,0.17166839374006748,52
5169,3,8398,4228,4170,0,0,0,1.0,1,1.0,1,1.0,1,0.17574324273486105,53
5170,0,8398,4228,4170,0,0,0,1.0,1,1.0,1,1.0,1,0.17574324273486105,53
5171,0,8398,4228,4170,0,0,0,1.0,1,1.0,1,1.0,1,0.19918695649539622,52
5172,1,8399,4229,4170,0,0,0,1.0,1,1.0,1,1.0,1,0.19458034929231963,53
5173,3,8402,4229,4173,0,0,0,1.0,1,1.0,1,1.0,1,0.16176216658907352,54
5174,2,8404,4230,4174,0,0,0,1.0,1,1.0,1,1.0,1,0.163608482226468,56
5175,1,8405,4231,4174,0,0,0,1.0,1,1.0,1,1.0,1,0.1791863096103507,58
5176,0,8405,4231,4174,0,0,0,1.0,1,1.0,1,1.0,1,0.1791863096103507,58
5177,1,8406,4231,4175,0,0,0,1.0,1,1.0,1,1.0,1,0.17434052349260007,59
5178,2,8408,4233,4175,0,0,0,1.0,1,1.0,1,1.0,1,0.20202785264562384,57
5179,4,8412,4234,4178,0,0,0,1.0,1,1.0,1,1.0,1,0.181843980801667,58
5180,0,8412,4234,4178,0,0,0,1.0,1,1.0,1,1.0,1,0.16072174773392295,56
5181,1,8413,4234,4179,0,0,0,1.0,1,1.0,1,1.0,1,0.1319702743286286,57
5182,3,8416,4237,4179,0,0,0,1.0,1,1.0,1,1.0,1,0.17252239604070563,56
5183,1,8417,4238,4179,0,0,0,1.0,1,1.0,1,1.0,1,0.18948133901967837,57
5184,2,8419,4240,4179,0,0,0,1.0,1,1.0,1,1.0,1,0.2248268286967501,56
5185,4,8423,4241,4182,0,0,0,1.0,1,1.0,1,1.0,1,0.23093241606426265,56
5186,4,8427,4243,4184,0,0,0,1.0,1,1.0,1,1.0,1,0.23372559149299982,54
5187,1,8428,4243,4185,0,0,0,1.0,1,1.0,1,1.0,1,0.24108627309180522,51
5188,2,8430,4244,4186,0,0,0,1.0,1,1.0,1,1.0,1,0.22102604933024517,50
5189,1,8431,4244,4187,0,0,0,1.0,1,1.0,1,1.0,1,0.1713546060777868,49
5190,3,8434,4246,4188,0,0,0,1.0,1,1.0,1,1.0,1,0.17020949104642585,50
5191,2,8436,4246,4190,0,0,0,1.0,1,1.0,1,1.0,1,0.14679877125572233,50
5192,2,8438,4248,4190,0,0,0,1.0,1,1.0,1,1.0,1,0.1100332974991127,49
5193,0,8438,4248,4190,0,0,0,1.0,1,1.0,1,1.0,1,0.12951702528108314,50
5194,1,8439,4249,4190,0,0,0,1.0,1,1.0,1,1.0,1,0.17157800858162692,51
5195,1,8440,4250,4190,0,0,0,1.0,1,1.0,1,1.0,1,0.18407963441642208,51
5196,0,8440,4250,4190,0,0,0,1.0,1,1.0,1,1.0,1,0.18407963441642208,51
5197,3,8443,4250,4193,0,0,0,1.0,1,1.0,1,1.0,1,0.14180783642984252,51
5198,0,8443,4250,4193,0,0,0,1.0,1,1.0,1,1.0,1,0.14180783642984252,51
5199,0,8443,4250,4193,0,0,0,1.0,1,1.0,1,1.0,1,0.14454997051529803,54
5200,3,8446,4251,4195,0,0,0,1.0,1,1.0,1,1.0,1,0.10634072877225773,54
5201,2,8448,4253,4195,0,0,0,1.0,1,1.0,1,1.0,1,0.1315450433051948,55
5202,1,8449,4253,4196,0,0,0,1.0,1,1.0,1,1.0,1,0.14296658984463165,56
5203,1,8450,4254,4196,0,0,0,1.0,1,1.0,1,1.0,1,0.1270397835877137,56
5204,1,8451,4254,4197,0,0,0,1.0,1,1.0,1,1.0,1,0.1290292388824976,58
5205,0,8451,4254,4197,0,0,0,1.0,1,1.0,1,1.0,1,0.1290292388824976,58
5206,0,8451,4254,4197,0,0,0,1.0,1,1.0,1,1.0,1,0.1290292388824976,58
5207,1,8452,4254,4198,0,0,0,1.0,1,1.0,1,1.0,1,0.1346028352793047,59
5208,0,8452,4254,4198,0,0,0,1.0,1,1.0,1,1.0,1,0.13646618569287278,58
5209,1,8453,4254,4199,0,0,0,1.0,1,1.0,1,1.0,1,0.12416764823801822,58
5210,0,8453,4254,4199,0,0,0,1.0,1,1.0,1,1.0,1,0.1411954791968668,57
5211,0,8453,4254,4199,0,0,0,1.0,1,1.0,1,1.0,1,0.1411954791968668,57
5212,2,8455,4254,4201,0,0,0,1.0,1,1.0,1,1.0,1,0.14852711597947127,59
5213,3,8458,4257,4201,0,0,0,1.0,1,1.0,1,1.0,1,0.20721589603248897,59
5214,1,8459,4257,4202,0,0,0,1.0,1,1.0,1,1.0,1,0.22390000899557502,59
5215,3,8462,4258,4204,0,0,0,1.0,1,1.0,1,1.0,1,0.2315032660446113,58
5216,0,8462,4258,4204,0,0,0,1.0,1,1.0,1,1.0,1,0.21465320422910997,59
5217,3,8465,4261,4204,0,0,0,1.0,1,1.0,1,1.0,1,0.19457475118825066,58
5218,6,8471,4265,4206,0,0,0,1.0,1,1.0,1,1.0,1,0.24579601654254438,58
5219,1,8472,4265,4207,0,0,0,1.0,1,1.0,1,1.0,1,0.19409782770590334,57
5220,0,8472,4265,4207,0,0,0,1.0,1,1.0,1,1.0,1,0.2080033491184702,56
5221,2,8474,4266,4208,0,0,0,1.0,1,1.0,1,1.0,1,0.2036108592539955,58
5222,0,8474,4266,4208,0,0,0,1.0,1,1.0,1,1.0,1,0.20148118027142858,56
5223,3,8477,4268,4209,0,0,0,1.0,1,1.0,1,1.0,1,0.2799041925085401,55
5224,3,8480,4269,4211,0,0,0,1.0,1,1.0,1,1.0,1,0.24692295584855928,56
5225,4,8484,4270,4214,0,0,0,1.0,1,1.0,1,1.0,1,0.23452381139339037,55
5226,1,8485,4271,4214,0,0,0,1.0,1,1.0,1,1.0,1,0.23990997269072228,55
5227,0,8485,4271,4214,0,0,0,1.0,1,1.0,1,1.0,1,0.22764060381549553,53
5228,0,8485,4271,4214,0,0,0,1.0,1,1.0,1,1.0,1,0.2209112028772672,51
5229,1,8486,4271,4215,0,0,0,1.0,1,1.0,1,1.0,1,0.18328124241809388,51
5230,1,8487,4271,4216,0,0,0,1.0,1,1.0,1,1.0,1,0.16088550437933852,51
5231,1,8488,4272,4216,0,0,0,1.0,1,1.0,1,1.0,1,0.19376617353968748,52
5232,3,8491,4274,4217,0,0,0,1.0,1,1.0,1,1.0,1,0.2160921207318738,52
5233,2,8493,4274,4219,0,0,0,1.0,1,1.0,1,1.0,1,0.2153552311618649,53
5234,2,8495,4275,4220,0,0,0,1.0,1,1.0,1,1.0,1,0.24890971985898105,53
5235,2,8497,4276,4221,0,0,0,1.0,1,1.0,1,1.0,1,0.2435214057886731,53
5236,3,8500,4277,4223,0,0,0,1.0,1,1.0,1,1.0,1,0.20819775090774018,52
5237,1,8501,4277,4224,0,0,0,1.0,1,1.0,1,1.0,1,0.239516165956272,52
5238,3,8504,4279,4225,0,0,0,1.0,1,1.0,1,1.0,1,0.24945174968234884,52
5239,3,8507,4279,4228,0,0,0,1.0,1,1.0,1,1.0,1,0.2173179584085379,51
5240,2,8509,4281,4228,0,0,0,1.0,1,1.0,1,1.0,1,0.2602344291901767,53
5241,0,8509,4281,4228,0,0,0,1.0,1,1.0,1,1.0,1,0.27364980404952677,53
5242,1,8510,4281,4229,0,0,0,1.0,1,1.0,1,1.0,1,0.2724569617252671,51
5243,1,8511,4281,4230,0,0,0,1.0,1,1.0,1,1.0,1,0.2598277185582964,51
5244,1,8512,4282,4230,0,0,0,1.0,1,1.0,1,1.0,1,0.2816027172334971,52
5245,2,8514,4283,4231,0,0,0,1.0,1,1.0,1,1.0,1,0.24155508970868037,53
5246,3,8517,4285,4232,0,0,0,1.0,1,1.0,1,1.0,1,0.22740119819561896,53
5247,1,8518,4286,4232,0,0,0,1.0,1,1.0,1,1.0,1,0.250429094524075,54
5248,3,8521,4287,4234,0,0,0,1.0,1,1.0,1,1.0,1,0.21476652621296197,54
5249,2,8523,4288,4235,0,0,0,1.0,1,1.0,1,1.0,1,0.19707246031683098,55
5250,1,8524,4288,4236,0,0,0,1.0,1,1.0,1,1.0,1,0.212740403520681,57
5251,0,8524,4288,4236,0,0,0,1.0,1,1.0,1,1.0,1,0.2044845158312317,58
5252,0,8524,4288,4236,0,0,0,1.0,1,1.0,1,1.0,1,0.2044845158312317,58
5253,4,8528,4290,4238,0,0,0,1.0,1,1.0,1,1.0,1,0.23421489690734137,58
5254,3,8531,4290,4241,0,0,0,1.0,1,1.0,1,1.0,1,0.1961280738644929,59
5255,3,8534,4293,4241,0,0,0,1.0,1,1.0,1,1.0,1,0.22375400514778795,58
5256,0,8534,4293,4241,0,0,0,1.0,1,1.0,1,1.0,1,0.2469049015368984,58
5257,1,8535,4293,4242,0,0,0,1.0,1,1.0,1,1.0,1,0.24302891529171666,57
5258,0,8535,4293,4242,0,0,0,1.0,1,1.0,1,1.0,1,0.25483164610342174,55
5259,0,8535,4293,4242,0,0,0,1.0,1,1.0,1,1.0,1,0.25176320608651914,56
5260,1,8536,4293,4243,0,0,0,1.0,1,1.0,1,1.0,1,0.2469636296617214,55
5261,0,8536,4293,4243,0,0,0,1.0,1,1.0,1,1.0,1,0.25510824108033703,54
5262,1,8537,4294,4243,0,0,0,1.0,1,1.0,1,1.0,1,0.2700902194473622,54
5263,6,8543,4298,4245,0,0,0,1.0,1,1.0,1,1.0,1,0.2850567674200824,55
5264,1,8544,4299,4245,0,0,0,1.0,1,1.0,1,1.0,1,0.29749547341058924,53
5265,5,8549,4303,4246,0,0,0,1.0,1,1.0,1,1.0,1,0.31909966623582753,52
5266,7,8556,4304,4252,0,0,0,1.0,1,1.0,1,1.0,1,0.2863756801367693,49
5267,3,8559,4304,4255,0,0,0,1.0,1,1.0,1,1.0,1,0.2697884476495236,49
5268,3,8562,4306,4256,0,0,0,1.0,1,1.0,1,1.0,1,0.2779749845621533,46
5269,2,8564,4306,4258,0,0,0,1.0,1,1.0,1,1.0,1,0.27385423340452053,45
5270,2,8566,4307,4259,0,0,0,1.0,1,1.0,1,1.0,1,0.2587829848227718,46
5271,2,8568,4309,4259,0,0,0,1.0,1,1.0,1,1.0,1,0.26268059564764396,46
5272,1,8569,4309,4260,0,0,0,1.0,1,1.0,1,1.0,1,0.24168508480919948,45
5273,4,8573,4313,4260,0,0,0,1.0,1,1.0,1,1.0,1,0.2542866576625857,45
5274,2,8575,4314,4261,0,0,0,1.0,1,1.0,1,1.0,1,0.25171647810963393,45
5275,5,8580,4316,4264,0,0,0,1.0,1,1.0,1,1.0,1,0.21589969215617688,46
5276,2,8582,4318,4264,0,0,0,1.0,1,1.0,1,1.0,1,0.2333815857808806,45
5277,0,8582,4318,4264,0,0,0,1.0,1,1.0,1,1.0,1,0.23347993486731503,45
5278,1,8583,4319,4264,0,0,0,1.0,1,1.0,1,1.0,1,0.23853938461625793,44
5279,2,8585,4320,4265,0,0,0,1.0,1,1.0,1,1.0,1,0.25201038822329835,45
5280,0,8585,4320,4265,0,0,0,1.0,1,1.0,1,1.0,1,0.2577835903096461,46
5281,2,8587,4320,4267,0,0,0,1.0,1,1.0,1,1.0,1,0.22921411879465042,46
5282,0,8587,4320,4267,0,0,0,1.0,1,1.0,1,1.0,1,0.23953027635410443,47
5283,1,8588,4320,4268,0,0,0,1.0,1,1.0,1,1.0,1,0.21443369888989053,48
5284,0,8588,4320,4268,0,0,0,1.0,1,1.0,1,1.0,1,0.21443369888989053,48
5285,0,8588,4320,4268,0,0,0,1.0,1,1.0,1,1.0,1,0.2053450541478141,48
5286,1,8589,4320,4269,0,0,0,1.0,1,1.0,1,1.0,1,0.1999650686065228,50
5287,0,8589,4320,4269,0,0,0,1.0,1,1.0,1,1.0,1,0.1999650686065228,50
5288,0,8589,4320,4269,0,0,0,1.0,1,1.0,1,1.0,1,0.20036480771326906,51
5289,0,8589,4320,4269,0,0,0,1.0,1,1.0,1,1.0,1,0.20036480771326906,51
5290,0,8589,4320,4269,0,0,0,1.0,1,1.0,1,1.0,1,0.21122364194831023,52
5291,3,8592,4322,4270,0,0,0,1.0,1,1.0,1,1.0,1,0.26728301121605186,52
5292,2,8594,4322,4272,0,0,0,1.0,1,1.0,1,1.0,1,0.24773287460879032,53
5293,3,8597,4323,4274,0,0,0,1.0,1,1.0,1,1.0,1,0.2796698249414649,51
5294,1,8598,4324,4274,0,0,0,1.0,1,1.0,1,1.0,1,0.28633434327200835,50
5295,1,8599,4324,4275,0,0,0,1.0,1,1.0,1,1.0,1,0.3232521357595563,49
5296,1,8600,4325,4275,0,0,0,1.0,1,1.0,1,1.0,1,0.3464586372099792,48
5297,0,8600,4325,4275,0,0,0,1.0,1,1.0,1,1.0,1,0.36918288447417386,46
5298,1,8601,4325,4276,0,0,0,1.0,1,1.0,1,1.0,1,0.3631389634306714,46
5299,0,8601,4325,4276,0,0,0,1.0,1,1.0,1,1.0,1,0.36887561764686266,47
5300,0,8601,4325,4276,0,0,0,1.0,1,1.0,1,1.0,1,0.35005207286643536,48
5301,0,8601,4325,4276,0,0,0,1.0,1,1.0,1,1.0,1,0.35005207286643536,48
5302,6,8607,4329,4278,0,0,0,1.0,1,1.0,1,1.0,1,0.33099325893017906,49
5303,3,8610,4331,4279,0,0,0,1.0,1,1.0,1,1.0,1,0.33236670737952545,48
5304,2,8612,4332,4280,0,0,0,1.0,1,1.0,1,1.0,1,0.3058180309143708,48
5305,3,8615,4334,4281,0,0,0,1.0,1,1.0,1,1.0,1,0.3076627294317348,47
5306,2,8617,4335,4282,0,0,0,1.0,1,1.0,1,1.0,1,0.2857651150467289,48
5307,0,8617,4335,4282,0,0,0,1.0,1,1.0,1,1.0,1,0.2774762645060684,48
5308,0,8617,4335,4282,0,0,0,1.0,1,1.0,1,1.0,1,0.27173055092109344,47
5309,1,8618,4336,4282,0,0,0,1.0,1,1.0,1,1.0,1,0.3005744316976356,46
5310,2,8620,4337,4283,0,0,0,1.0,1,1.0,1,1.0,1,0.29644721655906886,46
5311,4,8624,4338,4286,0,0,0,1.0,1,1.0,1,1.0,1,0.282027283598505,46
5312,2,8626,4339,4287,0,0,0,1.0,1,1.0,1,1.0,1,0.3061789795157075,46
5313,0,8626,4339,4287,0,0,0,1.0,1,1.0,1,1.0,1,0.3174891789637092,46
5314,3,8629,4339,4290,0,0,0,1.0,1,1.0,1,1.0,1,0.26522036159951035,46
5315,3,8632,4340,4292,0,0,0,1.0,1,1.0,1,1.0,1,0.27283195490711365,47
5316,2,8634,4341,4293,0,0,0,1.0,1,1.0,1,1.0,1,0.26333224404684763,48
5317,6,8640,4341,4299,0,0,0,1.0,1,1.0,1,1.0,1,0.16539621176560956,49
5318,6,8646,4344,4302,0,0,0,1.0,1,1.0,1,1.0,1,0.11909127508291982,49
5319,1,8647,4345,4302,0,0,0,1.0,1,1.0,1,1.0,1,0.15794490117665333,50
5320,2,8649,4346,4303,0,0,0,1.0,1,1.0,1,1.0,1,0.17731229667867476,51
5321,0,8649,4346,4303,0,0,0,1.0,1,1.0,1,1.0,1,0.15348045450993464,52
5322,0,8649,4346,4303,0,0,0,1.0,1,1.0,1,1.0,1,0.1602978694466031,53
5323,0,8649,4346,4303,0,0,0,1.0,1,1.0,1,1.0,1,0.15998213109658577,53
5324,3,8652,4347,4305,0,0,0,1.0,1,1.0,1,1.0,1,0.16698990949646206,55
5325,1,8653,4348,4305,0,0,0,1.0,1,1.0,1,1.0,1,0.17112591245204334,55
5326,1,8654,4349,4305,0,0,0,1.0,1,1.0,1,1.0,1,0.15804669812796857,55
5327,1,8655,4349,4306,0,0,0,1.0,1,1.0,1,1.0,1,0.1597528657898113,56
5328,2,8657,4351,4306,0,0,0,1.0,1,1.0,1,1.0,1,0.1585370692366492,57
5329,1,8658,4351,4307,0,0,0,1.0,1,1.0,1,1.0,1,0.12292727751492537,57
5330,3,8661,4353,4308,0,0,0,1.0,1,1.0,1,1.0,1,0.10372918468712804,56
5331,0,8661,4353,4308,0,0,0,1.0,1,1.0,1,1.0,1,0.1073484931690411,57
5332,0,8661,4353,4308,0,0,0,1.0,1,1.0,1,1.0,1,0.10959136374498403,58
5333,0,8661,4353,4308,0,0,0,1.0,1,1.0,1,1.0,1,0.11503452788953153,59
5334,1,8662,4354,4308,0,0,0,1.0,1,1.0,1,1.0,1,0.12496708473184281,59
5335,0,8662,4354,4308,0,0,0,1.0,1,1.0,1,1.0,1,0.13946804469957105,58
5336,1,8663,4355,4308,0,0,0,1.0,1,1.0,1,1.0,1,0.16394342697200665,59
5337,1,8664,4355,4309,0,0,0,1.0,1,1.0,1,1.0,1,0.16145417355019479,60
5338,0,8664,4355,4309,0,0,0,1.0,1,1.0,1,1.0,1,0.16145417355019479,60
5339,0,8664,4355,4309,0,0,0,1.0,1,1.0,1,1.0,1,0.16145417355019479,60
5340,1,8665,4356,4309,0,0,0,1.0,1,1.0,1,1.0,1,0.18541288803757297,60
5341,1,8666,4357,4309,0,0,0,1.0,1,1.0,1,1.0,1,0.20220475478250624,61
5342,2,8668,4358,4310,0,0,0,1.0,1,1.0,1,1.0,1,0.21317771035146613,59
5343,3,8671,4359,4312,0,0,0,1.0,1,1.0,1,1.0,1,0.21279686208909593,58
5344,3,8674,4361,4313,0,0,0,1.0,1,1.0,1,1.0,1,0.24287522204823878,58
5345,3,8677,4363,4314,0,0,0,1.0,1,1.0,1,1.0,1,0.22518092257172115,54
5346,0,8677,4363,4314,0,0,0,1.0,1,1.0,1,1.0,1,0.22518092257172115,54
5347,5,8682,4367,4315,0,0,0,1.0,1,1.0,1,1.0,1,0.21482873733441868,54
5348,5,8687,4368,4319,0,0,0,1.0,1,1.0,1,1.0,1,0.16872716372115393,55
5349,4,8691,4369,4322,0,0,0,1.0,1,1.0,1,1.0,1,0.17794669629574558,56
5350,2,8693,4369,4324,0,0,0,1.0,1,1.0,1,1.0,1,0.17316603201654898,56
5351,1,8694,4370,4324,0,0,0,1.0,1,1.0,1,1.0,1,0.1719850624184522,57
5352,1,8695,4371,4324,0,0,0,1.0,1,1.0,1,1.0,1,0.19787899604473197,57
5353,1,8696,4371,4325,0,0,0,1.0,1,1.0,1,1.0,1,0.1860094734173722,57
5354,0,8696,4371,4325,0,0,0,1.0,1,1.0,1,1.0,1,0.18526568196591317,56
5355,0,8696,4371,4325,0,0,0,1.0,1,1.0,1,1.0,1,0.18600161975795715,57
5356,1,8697,4371,4326,0,0,0,1.0,1,1.0,1,1.0,1,0.18063008202984165,56
5357,0,8697,4371,4326,0,0,0,1.0,1,1.0,1,1.0,1,0.20076508509547838,56
5358,1,8698,4372,4326,0,0,0,1.0,1,1.0,1,1.0,1,0.18955686926541845,57
5359,1,8699,4372,4327,0,0,0,1.0,1,1.0,1,1.0,1,0.16769120350587557,57
5360,1,8700,4373,4327,0,0,0,1.0,1,1.0,1,1.0,1,0.1927423337018363,55
5361,3,8703,4374,4329,0,0,0,1.0,1,1.0,1,1.0,1,0.18949039317941127,56
5362,1,8704,4375,4329,0,0,0,1.0,1,1.0,1,1.0,1,0.20433904241542714,57
5363,0,8704,4375,4329,0,0,0,1.0,1,1.0,1,1.0,1,0.20433904241542714,57
5364,1,8705,4375,4330,0,0,0,1.0,1,1.0,1,1.0,1,0.1942155067957407,58
5365,3,8708,4376,4332,0,0,0,1.0,1,1.0,1,1.0,1,0.18986859257757907,59
5366,6,8714,4378,4336,0,0,0,1.0,1,1.0,1,1.0,1,0.16852479574179352,60
5367,1,8715,4379,4336,0,0,0,1.0,1,1.0,1,1.0,1,0.17263629173767175,60
5368,1,8716,4380,4336,0,0,0,1.0,1,1.0,1,1.0,1,0.19451672377981252,58
5369,1,8717,4381,4336,0,0,0,1.0,1,1.0,1,1.0,1,0.18395823155076568,58
5370,1,8718,4382,4336,0,0,0,1.0,1,1.0,1,1.0,1,0.22451091637776116,57
5371,4,8722,4384,4338,0,0,0,1.0,1,1.0,1,1.0,1,0.23017056223293567,56
5372,3,8725,4387,4338,0,0,0,1.0,1,1.0,1,1.0,1,0.22270770370398665,55
5373,3,8728,4390,4338,0,0,0,1.0,1,1.0,1,1.0,1,0.27127128014429164,54
5374,4,8732,4391,4341,0,0,0,1.0,1,1.0,1,1.0,1,0.20960754403739515,53
5375,2,8734,4391,4343,0,0,0,1.0,1,1.0,1,1.0,1,0.1748470506112584,52
5376,1,8735,4391,4344,0,0,0,1.0,1,1.0,1,1.0,1,0.1433483453856123,52
5377,0,8735,4391,4344,0,0,0,1.0,1,1.0,1,1.0,1,0.14609390234936248,51
5378,3,8738,4393,4345,0,0,0,1.0,1,1.0,1,1.0,1,0.16913392338670663,52
5379,0,8738,4393,4345,0,0,0,1.0,1,1.0,1,1.0,1,0.1749294504059971,50
5380,4,8742,4396,4346,0,0,0,1.0,1,1.0,1,1.0,1,0.2712753450472741,51
5381,1,8743,4397,4346,0,0,0,1.0,1,1.0,1,1.0,1,0.2580542798677028,50
5382,1,8744,4398,4346,0,0,0,1.0,1,1.0,1,1.0,1,0.2629059851014044,48
5383,3,8747,4398,4349,0,0,0,1.0,1,1.0,1,1.0,1,0.2690185649552567,48
5384,1,8748,4398,4350,0,0,0,1.0,1,1.0,1,1.0,1,0.25103832699255363,48
5385,1,8749,4398,4351,0,0,0,1.0,1,1.0,1,1.0,1,0.2359934003941558,47
5386,4,8753,4402,4351,0,0,0,1.0,1,1.0,1,1.0,1,0.26681752409637555,48
5387,2,8755,4402,4353,0,0,0,1.0,1,1.0,1,1.0,1,0.2513667895836561,48
5388,0,8755,4402,4353,0,0,0,1.0,1,1.0,1,1.0,1,0.2513667895836561,48
5389,2,8757,4402,4355,0,0,0,1.0,1,1.0,1,1.0,1,0.2166624679342038,50
5390,0,8757,4402,4355,0,0,0,1.0,1,1.0,1,1.0,1,0.23144285102391574,52
5391,1,8758,4403,4355,0,0,0,1.0,1,1.0,1,1.0,1,0.2405763112563029,52
5392,1,8759,4403,4356,0,0,0,1.0,1,1.0,1,1.0,1,0.2369098528324621,51
5393,3,8762,4406,4356,0,0,0,1.0,1,1.0,1,1.0,1,0.2834926507206963,50
5394,0,8762,4406,4356,0,0,0,1.0,1,1.0,1,1.0,1,0.28568547337502537,50
5395,5,8767,4408,4359,0,0,0,1.0,1,1.0,1,1.0,1,0.2637721507592092,49
5396,3,8770,4410,4360,0,0,0,1.0,1,1.0,1,1.0,1,0.25333877163747054,48
5397,2,8772,4411,4361,0,0,0,1.0,1,1.0,1,1.0,1,0.23853991416552506,48
5398,1,8773,4411,4362,0,0,0,1.0,1,1.0,1,1.0,1,0.26636696011112065,46
5399,2,8775,4413,4362,0,0,0,1.0,1,1.0,1,1.0,1,0.2525286265036553,46
5400,2,8777,4415,4362,0,0,0,1.0,1,1.0,1,1.0,1,0.30009941039734744,48
5401,2,8779,4415,4364,0,0,0,1.0,1,1.0,1,1.0,1,0.2544775395869118,49
5402,0,8779,4415,4364,0,0,0,1.0,1,1.0,1,1.0,1,0.0,0
