,SuccessfulHandoverCount,TotalSuccessfulHandoverCount,TotalSuccessfulHandoverCountRange,TotalSuccessfulHandoverCountLoadBalancing,TotalSuccessfulHandoverCountOverload,FailedHandoverCount,TotalFailedHandoverCount,AvgQoS,MinQoS,AvgQoS_LoadBased,MinQoS_LoadBased,AvgQoS_RangeBased,MinQoS_RangeBased,GiniLoad,VehicleCount
0,0,0,0,0,0,0,0,1.0,1.0,1.0,1.0,1.0,1,0.0,0
1,0,0,0,0,0,0,0,1.0,1.0,1.0,1.0,1.0,1,0.5618419291985421,30
2,0,0,0,0,0,0,0,1.0,1.0,1.0,1.0,1.0,1,0.5123807734539075,32
3,0,0,0,0,0,0,0,1.0,1.0,1.0,1.0,1.0,1,0.5050489500424911,33
4,0,0,0,0,0,0,0,1.0,1.0,1.0,1.0,1.0,1,0.486503485378151,34
5,0,0,0,0,0,0,0,1.0,1.0,1.0,1.0,1.0,1,0.4694155666297916,36
6,1,1,1,0,0,0,0,1.0,1.0,1.0,1.0,1.0,1,0.4977743157449338,38
7,0,1,1,0,0,0,0,1.0,1.0,1.0,1.0,1.0,1,0.472649121839248,40
8,0,1,1,0,0,0,0,1.0,1.0,1.0,1.0,1.0,1,0.472649121839248,40
9,2,3,3,0,0,0,0,1.0,1.0,1.0,1.0,1.0,1,0.4646910853103692,40
10,2,5,5,0,0,0,0,1.0,1.0,1.0,1.0,1.0,1,0.4595413675376407,41
11,4,9,9,0,0,0,0,1.0,1.0,1.0,1.0,1.0,1,0.4626528564583893,40
12,0,9,9,0,0,0,0,1.0,1.0,1.0,1.0,1.0,1,0.4555702905049201,39
13,1,10,10,0,0,0,0,1.0,1.0,1.0,1.0,1.0,1,0.4506062754541893,37
14,0,10,10,0,0,0,0,1.0,1.0,1.0,1.0,1.0,1,0.4503806706812301,35
15,2,12,12,0,0,0,0,1.0,1.0,1.0,1.0,1.0,1,0.44090822239890803,36
16,2,14,14,0,0,0,0,1.0,1.0,1.0,1.0,1.0,1,0.45496243301786476,34
17,0,14,14,0,0,0,0,1.0,1.0,1.0,1.0,1.0,1,0.47412953647816386,33
18,1,15,15,0,0,0,0,1.0,1.0,1.0,1.0,1.0,1,0.466820113563701,34
19,1,16,16,0,0,0,0,1.0,1.0,1.0,1.0,1.0,1,0.47426037954010886,34
20,1,17,17,0,0,0,0,1.0,1.0,1.0,1.0,1.0,1,0.45155365789292273,34
21,0,17,17,0,0,0,0,1.0,1.0,1.0,1.0,1.0,1,0.4593117127841037,36
22,1,18,18,0,0,0,0,1.0,1.0,1.0,1.0,1.0,1,0.48214149091899045,35
23,3,21,21,0,0,0,0,1.0,1.0,1.0,1.0,1.0,1,0.5069536244326089,35
24,2,23,23,0,0,0,0,1.0,1.0,1.0,1.0,1.0,1,0.4732090900285051,35
25,5,28,28,0,0,0,0,1.0,1.0,1.0,1.0,1.0,1,0.4753610839714708,35
26,3,31,31,0,0,0,0,1.0,1.0,1.0,1.0,1.0,1,0.5043399062463401,36
27,4,35,35,0,0,0,0,1.0,1.0,1.0,1.0,1.0,1,0.4476654445312136,34
28,1,36,36,0,0,0,0,1.0,1.0,1.0,1.0,1.0,1,0.4633708425055817,35
29,2,38,38,0,0,0,0,1.0,1.0,1.0,1.0,1.0,1,0.484887177859101,33
30,2,40,40,0,0,0,0,1.0,1.0,1.0,1.0,1.0,1,0.501319765470974,33
31,1,41,41,0,0,0,0,1.0,1.0,1.0,1.0,1.0,1,0.5681483706626949,33
32,0,41,41,0,0,0,0,1.0,1.0,1.0,1.0,1.0,1,0.5810857302238261,32
33,1,42,42,0,0,0,0,1.0,1.0,1.0,1.0,1.0,1,0.5529185486330844,33
34,1,43,43,0,0,0,0,1.0,1.0,1.0,1.0,1.0,1,0.5650306176871034,33
35,0,43,43,0,0,0,0,1.0,1.0,1.0,1.0,1.0,1,0.5506771673015383,35
36,0,43,43,0,0,0,0,1.0,1.0,1.0,1.0,1.0,1,0.5612352346362685,36
37,0,43,43,0,0,0,0,1.0,1.0,1.0,1.0,1.0,1,0.5455669400267847,37
38,1,44,44,0,0,0,0,1.0,1.0,1.0,1.0,1.0,1,0.5405386018161787,36
39,1,45,45,0,0,0,0,1.0,1.0,1.0,1.0,1.0,1,0.5375548905530907,38
40,1,46,46,0,0,0,0,1.0,1.0,1.0,1.0,1.0,1,0.5284248361468692,40
41,0,46,46,0,0,0,0,1.0,1.0,1.0,1.0,1.0,1,0.5284248361468692,40
42,2,48,48,0,0,0,0,1.0,1.0,1.0,1.0,1.0,1,0.5357641708285672,40
43,0,48,48,0,0,0,0,1.0,1.0,1.0,1.0,1.0,1,0.5315177614971204,43
44,1,49,49,0,0,0,0,1.0,1.0,1.0,1.0,1.0,1,0.5416018864774623,43
45,0,49,49,0,0,0,0,1.0,1.0,1.0,1.0,1.0,1,0.5317824165937662,44
46,2,51,51,0,0,0,0,1.0,1.0,1.0,1.0,1.0,1,0.5389490113394028,44
47,1,52,52,0,0,0,0,1.0,1.0,1.0,1.0,1.0,1,0.5442070204573222,44
48,2,54,54,0,0,0,0,1.0,1.0,1.0,1.0,1.0,1,0.5495687720000743,44
49,1,55,55,0,0,0,0,1.0,1.0,1.0,1.0,1.0,1,0.5496579142446997,41
50,2,57,57,0,0,0,0,1.0,1.0,1.0,1.0,1.0,1,0.5637309919494936,40
51,1,58,58,0,0,0,0,1.0,1.0,1.0,1.0,1.0,1,0.5682635530767387,38
52,1,59,59,0,0,0,0,1.0,1.0,1.0,1.0,1.0,1,0.5774428132537192,37
53,1,60,60,0,0,0,0,1.0,1.0,1.0,1.0,1.0,1,0.5893415892552808,38
54,2,62,62,0,0,0,0,1.0,1.0,1.0,1.0,1.0,1,0.5851722447645691,38
55,1,63,63,0,0,0,0,1.0,1.0,1.0,1.0,1.0,1,0.5962948108469854,38
56,2,65,65,0,0,0,0,1.0,1.0,1.0,1.0,1.0,1,0.6236857036644043,38
57,1,66,66,0,0,0,0,1.0,1.0,1.0,1.0,1.0,1,0.6170791630004587,38
58,4,70,70,0,0,0,0,1.0,1.0,1.0,1.0,1.0,1,0.5964983216240468,38
59,0,70,70,0,0,0,0,1.0,1.0,1.0,1.0,1.0,1,0.5933656742830254,40
60,2,72,72,0,0,0,0,1.0,1.0,1.0,1.0,1.0,1,0.6223575589130134,40
61,1,73,73,0,0,0,0,1.0,1.0,1.0,1.0,1.0,1,0.600047140908005,40
62,2,75,75,0,0,0,0,1.0,1.0,1.0,1.0,1.0,1,0.6081963409171341,42
63,1,76,76,0,0,0,0,1.0,1.0,1.0,1.0,1.0,1,0.6287595144254,40
64,0,76,76,0,0,0,0,1.0,1.0,1.0,1.0,1.0,1,0.6216568715519786,41
65,0,76,76,0,0,0,0,1.0,1.0,1.0,1.0,1.0,1,0.6216568715519786,41
66,2,78,78,0,0,0,0,1.0,1.0,1.0,1.0,1.0,1,0.585971492465771,41
67,2,80,80,0,0,0,0,1.0,1.0,1.0,1.0,1.0,1,0.5749250668838722,41
68,0,80,80,0,0,0,0,1.0,1.0,1.0,1.0,1.0,1,0.5595183959909023,41
69,3,83,83,0,0,0,0,1.0,1.0,1.0,1.0,1.0,1,0.5708029950303974,41
70,0,83,83,0,0,0,0,1.0,1.0,1.0,1.0,1.0,1,0.5784373711084709,42
71,2,85,85,0,0,0,0,1.0,1.0,1.0,1.0,1.0,1,0.5532174658930267,44
72,2,87,87,0,0,0,0,1.0,1.0,1.0,1.0,1.0,1,0.555060023396251,44
73,2,89,89,0,0,0,0,1.0,1.0,1.0,1.0,1.0,1,0.5469537369586973,46
74,0,89,89,0,0,0,0,1.0,1.0,1.0,1.0,1.0,1,0.553642608225571,44
75,3,92,92,0,0,0,0,1.0,1.0,1.0,1.0,1.0,1,0.5258647397377088,44
76,0,92,92,0,0,0,0,1.0,1.0,1.0,1.0,1.0,1,0.5364523834893538,45
77,1,93,93,0,0,0,0,1.0,1.0,1.0,1.0,1.0,1,0.5324864698595444,44
78,1,94,94,0,0,0,0,1.0,1.0,1.0,1.0,1.0,1,0.5295985521887643,44
79,1,95,95,0,0,0,0,1.0,1.0,1.0,1.0,1.0,1,0.534278898733455,43
80,2,97,97,0,0,0,0,1.0,1.0,1.0,1.0,1.0,1,0.5491983946868334,43
81,3,100,100,0,0,0,0,1.0,1.0,1.0,1.0,1.0,1,0.5665651950182428,44
82,1,101,101,0,0,0,0,1.0,1.0,1.0,1.0,1.0,1,0.5486293944857825,45
83,2,103,103,0,0,0,0,1.0,1.0,1.0,1.0,1.0,1,0.600155708753314,45
84,1,104,104,0,0,0,0,1.0,1.0,1.0,1.0,1.0,1,0.592005885485089,45
85,2,106,106,0,0,0,0,1.0,1.0,1.0,1.0,1.0,1,0.5949715118178477,45
86,0,106,106,0,0,0,0,1.0,1.0,1.0,1.0,1.0,1,0.5949715118178477,45
87,0,106,106,0,0,0,0,1.0,1.0,1.0,1.0,1.0,1,0.6019343316329784,44
88,0,106,106,0,0,0,0,1.0,1.0,1.0,1.0,1.0,1,0.5947353503253712,45
89,0,106,106,0,0,0,0,1.0,1.0,1.0,1.0,1.0,1,0.6034126914850206,46
90,1,107,107,0,0,0,0,1.0,1.0,1.0,1.0,1.0,1,0.606126662264224,44
91,1,108,108,0,0,0,0,1.0,1.0,1.0,1.0,1.0,1,0.5993446985455575,45
92,1,109,109,0,0,0,0,1.0,1.0,1.0,1.0,1.0,1,0.5891875762828664,46
93,0,109,109,0,0,0,0,1.0,1.0,1.0,1.0,1.0,1,0.5891875762828664,46
94,0,109,109,0,0,0,0,1.0,1.0,1.0,1.0,1.0,1,0.5891875762828664,46
95,0,109,109,0,0,0,0,1.0,1.0,1.0,1.0,1.0,1,0.5964113308964876,46
96,0,109,109,0,0,0,0,1.0,1.0,1.0,1.0,1.0,1,0.5964113308964876,46
97,2,111,111,0,0,0,0,1.0,1.0,1.0,1.0,1.0,1,0.5754468191071109,47
98,3,114,114,0,0,0,0,1.0,1.0,1.0,1.0,1.0,1,0.5429925217692024,47
99,1,115,115,0,0,0,0,1.0,1.0,1.0,1.0,1.0,1,0.531413894204215,46
100,1,116,116,0,0,0,0,1.0,1.0,1.0,1.0,1.0,1,0.5547867139070878,48
101,0,116,116,0,0,0,0,1.0,1.0,1.0,1.0,1.0,1,0.5559240798395273,49
102,2,118,118,0,0,0,0,1.0,1.0,1.0,1.0,1.0,1,0.5545393593912787,49
103,1,119,119,0,0,0,0,1.0,1.0,1.0,1.0,1.0,1,0.5325287088125549,48
104,3,122,122,0,0,0,0,1.0,1.0,1.0,1.0,1.0,1,0.6119937911159193,49
105,1,123,123,0,0,0,0,1.0,1.0,1.0,1.0,1.0,1,0.5851379169128185,48
106,2,125,125,0,0,0,0,1.0,1.0,1.0,1.0,1.0,1,0.5980393257629755,48
107,4,129,129,0,0,0,0,1.0,1.0,1.0,1.0,1.0,1,0.5751300948834454,47
108,2,131,131,0,0,0,0,1.0,1.0,1.0,1.0,1.0,1,0.5499787636750768,47
109,3,134,134,0,0,0,0,1.0,1.0,1.0,1.0,1.0,1,0.5435010576438474,47
110,4,138,138,0,0,0,0,1.0,1.0,1.0,1.0,1.0,1,0.5412480081562245,47
111,2,140,140,0,0,0,0,1.0,1.0,1.0,1.0,1.0,1,0.5636015143703555,46
112,2,142,142,0,0,0,0,1.0,1.0,1.0,1.0,1.0,1,0.5858207386447479,46
113,4,146,146,0,0,0,0,1.0,1.0,1.0,1.0,1.0,1,0.6327180629539041,45
114,0,146,146,0,0,0,0,1.0,1.0,1.0,1.0,1.0,1,0.6282817781786019,46
115,3,149,149,0,0,0,0,1.0,1.0,1.0,1.0,1.0,1,0.6518588366754419,47
116,0,149,149,0,0,0,0,1.0,1.0,1.0,1.0,1.0,1,0.6369693837945198,48
117,2,151,151,0,0,0,0,1.0,1.0,1.0,1.0,1.0,1,0.6555414044777707,48
118,1,152,152,0,0,0,0,1.0,1.0,1.0,1.0,1.0,1,0.6471020555918956,49
119,0,152,152,0,0,0,0,1.0,1.0,1.0,1.0,1.0,1,0.638386598030033,50
120,1,153,153,0,0,0,0,1.0,1.0,1.0,1.0,1.0,1,0.6275498180264701,51
121,2,155,155,0,0,0,0,1.0,1.0,1.0,1.0,1.0,1,0.6257083528565338,51
122,3,158,158,0,0,0,0,1.0,1.0,1.0,1.0,1.0,1,0.6344187654301011,51
123,0,158,158,0,0,0,0,1.0,1.0,1.0,1.0,1.0,1,0.6344187654301011,51
124,2,160,160,0,0,0,0,1.0,1.0,1.0,1.0,1.0,1,0.6395590484462165,51
125,0,160,160,0,0,0,0,1.0,1.0,1.0,1.0,1.0,1,0.6576312480321109,50
126,0,160,160,0,0,0,0,1.0,1.0,1.0,1.0,1.0,1,0.6451101424557291,52
127,1,161,161,0,0,0,0,1.0,1.0,1.0,1.0,1.0,1,0.6614620492780856,50
128,0,161,161,0,0,0,0,1.0,1.0,1.0,1.0,1.0,1,0.6614620492780856,50
129,1,162,162,0,0,0,0,1.0,1.0,1.0,1.0,1.0,1,0.6346757714831683,52
130,2,164,164,0,0,0,0,1.0,1.0,1.0,1.0,1.0,1,0.621432275421243,52
131,0,164,164,0,0,0,0,1.0,1.0,1.0,1.0,1.0,1,0.6101122053832173,54
132,2,166,166,0,0,0,0,1.0,1.0,1.0,1.0,1.0,1,0.5973294717048481,54
133,1,167,167,0,0,0,0,1.0,1.0,1.0,1.0,1.0,1,0.5983750976926454,52
134,3,170,170,0,0,0,0,1.0,1.0,1.0,1.0,1.0,1,0.6116326311195298,52
135,2,172,172,0,0,0,0,1.0,1.0,1.0,1.0,1.0,1,0.6331829468562348,51
136,2,174,174,0,0,0,0,1.0,1.0,1.0,1.0,1.0,1,0.6123755256331891,51
137,1,175,175,0,0,0,0,1.0,1.0,1.0,1.0,1.0,1,0.6223702160759363,50
138,4,179,179,0,0,0,0,1.0,1.0,1.0,1.0,1.0,1,0.5757184584588211,52
139,3,182,182,0,0,0,0,1.0,1.0,1.0,1.0,1.0,1,0.5942606826286188,51
140,2,184,184,0,0,0,0,1.0,1.0,1.0,1.0,1.0,1,0.5566098928899932,51
141,2,186,186,0,0,0,0,1.0,1.0,1.0,1.0,1.0,1,0.5678488788384789,50
142,2,188,188,0,0,0,0,1.0,1.0,1.0,1.0,1.0,1,0.5498845053074104,51
143,1,189,189,0,0,0,0,1.0,1.0,1.0,1.0,1.0,1,0.5672368439836973,48
144,3,192,192,0,0,0,0,1.0,1.0,1.0,1.0,1.0,1,0.5648358770691454,49
145,6,198,198,0,0,0,0,1.0,1.0,1.0,1.0,1.0,1,0.5954103228866592,47
146,3,201,201,0,0,0,0,1.0,1.0,1.0,1.0,1.0,1,0.5741197425325724,49
147,1,202,202,0,0,0,0,1.0,1.0,1.0,1.0,1.0,1,0.6120257557215147,46
148,2,204,204,0,0,0,0,1.0,1.0,1.0,1.0,1.0,1,0.6201866238404254,47
149,1,205,205,0,0,0,0,1.0,1.0,1.0,1.0,1.0,1,0.6476729040079022,46
150,1,206,206,0,0,0,0,1.0,1.0,1.0,1.0,1.0,1,0.6267155224645238,47
151,4,210,210,0,0,0,0,1.0,1.0,1.0,1.0,1.0,1,0.6248330091277233,46
152,2,212,212,0,0,0,0,1.0,1.0,1.0,1.0,1.0,1,0.6195140412676537,45
153,0,212,212,0,0,0,0,1.0,1.0,1.0,1.0,1.0,1,0.6161703723571519,46
154,2,214,214,0,0,0,0,1.0,1.0,1.0,1.0,1.0,1,0.5963002136175022,44
155,1,215,215,0,0,0,0,1.0,1.0,1.0,1.0,1.0,1,0.5949486929574169,45
156,0,215,215,0,0,0,0,1.0,1.0,1.0,1.0,1.0,1,0.6073901471975254,43
157,1,216,216,0,0,0,0,1.0,1.0,1.0,1.0,1.0,1,0.6042300138127163,42
158,0,216,216,0,0,0,0,1.0,1.0,1.0,1.0,1.0,1,0.6060265339455277,43
159,0,216,216,0,0,0,0,1.0,1.0,1.0,1.0,1.0,1,0.5884106685902408,44
160,2,218,218,0,0,0,0,1.0,1.0,1.0,1.0,1.0,1,0.5914311506507639,44
161,3,221,221,0,0,0,0,1.0,1.0,1.0,1.0,1.0,1,0.6293180882473873,44
162,3,224,224,0,0,0,0,1.0,1.0,1.0,1.0,1.0,1,0.6224242732182591,44
163,5,229,229,0,0,0,0,1.0,1.0,1.0,1.0,1.0,1,0.6750981134953725,44
164,4,233,233,0,0,0,0,1.0,1.0,1.0,1.0,1.0,1,0.6539698012264559,44
165,1,234,234,0,0,0,0,1.0,1.0,1.0,1.0,1.0,1,0.6608623943577128,43
166,1,235,235,0,0,0,0,1.0,1.0,1.0,1.0,1.0,1,0.656203753513031,43
167,1,236,236,0,0,0,0,1.0,1.0,1.0,1.0,1.0,1,0.6509858575044943,42
168,1,237,237,0,0,0,0,1.0,1.0,1.0,1.0,1.0,1,0.650186926720782,40
169,3,240,240,0,0,0,0,1.0,1.0,1.0,1.0,1.0,1,0.620679194190685,41
170,1,241,241,0,0,0,0,1.0,1.0,1.0,1.0,1.0,1,0.6214741966556572,39
171,2,243,243,0,0,0,0,1.0,1.0,1.0,1.0,1.0,1,0.6154525231406438,39
172,1,244,244,0,0,0,0,1.0,1.0,1.0,1.0,1.0,1,0.60457527371139,38
173,3,247,247,0,0,0,0,1.0,1.0,1.0,1.0,1.0,1,0.5995242212283015,38
174,1,248,248,0,0,0,0,1.0,1.0,1.0,1.0,1.0,1,0.6042452891015047,37
175,0,248,248,0,0,0,0,1.0,1.0,1.0,1.0,1.0,1,0.6076786776056575,36
176,1,249,249,0,0,0,0,1.0,1.0,1.0,1.0,1.0,1,0.6114638681429678,36
177,1,250,250,0,0,0,0,1.0,1.0,1.0,1.0,1.0,1,0.6155497567235035,38
178,3,253,253,0,0,0,0,1.0,1.0,1.0,1.0,1.0,1,0.5561252985363905,39
179,0,253,253,0,0,0,0,1.0,1.0,1.0,1.0,1.0,1,0.5526078519760174,40
180,3,256,256,0,0,0,0,1.0,1.0,1.0,1.0,1.0,1,0.5085224893502099,40
181,2,258,258,0,0,0,0,1.0,1.0,1.0,1.0,1.0,1,0.48265707954668774,39
182,1,259,259,0,0,0,0,1.0,1.0,1.0,1.0,1.0,1,0.460895662409956,40
183,2,261,261,0,0,0,0,1.0,1.0,1.0,1.0,1.0,1,0.4843996112103875,40
184,0,261,261,0,0,0,0,1.0,1.0,1.0,1.0,1.0,1,0.5053050618408392,38
185,2,263,263,0,0,0,0,1.0,1.0,1.0,1.0,1.0,1,0.5228382718017509,38
186,3,266,266,0,0,0,0,1.0,1.0,1.0,1.0,1.0,1,0.5379957468685949,37
187,0,266,266,0,0,0,0,1.0,1.0,1.0,1.0,1.0,1,0.5419515019284522,36
188,2,268,268,0,0,0,0,1.0,1.0,1.0,1.0,1.0,1,0.5697839079396728,36
189,0,268,268,0,0,0,0,1.0,1.0,1.0,1.0,1.0,1,0.5713306061530231,36
190,1,269,269,0,0,0,0,1.0,1.0,1.0,1.0,1.0,1,0.6024916846029214,36
191,1,270,270,0,0,0,0,1.0,1.0,1.0,1.0,1.0,1,0.6057091798132059,37
192,1,271,271,0,0,0,0,1.0,1.0,1.0,1.0,1.0,1,0.5925048813101857,37
193,1,272,272,0,0,0,0,1.0,1.0,1.0,1.0,1.0,1,0.5843438638349915,38
194,1,273,273,0,0,0,0,1.0,1.0,1.0,1.0,1.0,1,0.5932977839516574,39
195,1,274,274,0,0,0,0,1.0,1.0,1.0,1.0,1.0,1,0.6085005039976021,40
196,2,276,276,0,0,0,0,1.0,1.0,1.0,1.0,1.0,1,0.6148776027457752,40
197,0,276,276,0,0,0,0,1.0,1.0,1.0,1.0,1.0,1,0.6221268775209656,40
198,4,280,280,0,0,0,0,1.0,1.0,1.0,1.0,1.0,1,0.6138395785374087,40
199,1,281,281,0,0,0,0,1.0,1.0,1.0,1.0,1.0,1,0.6208437712557849,40
200,6,287,287,0,0,0,0,1.0,1.0,1.0,1.0,1.0,1,0.645871299659418,40
201,1,288,288,0,0,0,0,1.0,1.0,1.0,1.0,1.0,1,0.6535683290339728,39
202,1,289,289,0,0,0,0,1.0,1.0,1.0,1.0,1.0,1,0.628471191559381,40
203,3,292,292,0,0,0,0,1.0,1.0,1.0,1.0,1.0,1,0.6408688005812053,39
204,1,293,293,0,0,0,0,1.0,1.0,1.0,1.0,1.0,1,0.6339126928696059,38
205,4,297,297,0,0,0,0,1.0,1.0,1.0,1.0,1.0,1,0.6117736505202181,37
206,0,297,297,0,0,0,0,1.0,1.0,1.0,1.0,1.0,1,0.5920439225325198,36
207,3,300,300,0,0,0,0,1.0,1.0,1.0,1.0,1.0,1,0.5857333110605241,37
208,0,300,300,0,0,0,0,1.0,1.0,1.0,1.0,1.0,1,0.5575895114642037,36
209,2,302,302,0,0,0,0,1.0,1.0,1.0,1.0,1.0,1,0.5463219928562029,36
210,2,304,304,0,0,0,0,1.0,1.0,1.0,1.0,1.0,1,0.5504690153718692,36
211,0,304,304,0,0,0,0,1.0,1.0,1.0,1.0,1.0,1,0.555699583411872,34
212,1,305,305,0,0,0,0,1.0,1.0,1.0,1.0,1.0,1,0.5879689931766603,34
213,0,305,305,0,0,0,0,1.0,1.0,1.0,1.0,1.0,1,0.595035318839449,36
214,3,308,308,0,0,0,0,1.0,1.0,1.0,1.0,1.0,1,0.5810107158086443,35
215,2,310,310,0,0,0,0,1.0,1.0,1.0,1.0,1.0,1,0.5955325032534092,35
216,0,310,310,0,0,0,0,1.0,1.0,1.0,1.0,1.0,1,0.5856772066514827,37
217,1,311,311,0,0,0,0,1.0,1.0,1.0,1.0,1.0,1,0.6104773272021254,37
218,4,315,315,0,0,0,0,1.0,1.0,1.0,1.0,1.0,1,0.5989104867964236,37
219,1,316,316,0,0,0,0,1.0,1.0,1.0,1.0,1.0,1,0.6249870351788324,37
220,2,318,318,0,0,0,0,1.0,1.0,1.0,1.0,1.0,1,0.5798240003500548,38
221,2,320,320,0,0,0,0,1.0,1.0,1.0,1.0,1.0,1,0.5765940124895732,39
222,0,320,320,0,0,0,0,1.0,1.0,1.0,1.0,1.0,1,0.5765940124895732,39
223,2,322,322,0,0,0,0,1.0,1.0,1.0,1.0,1.0,1,0.5640314503946132,40
224,4,326,326,0,0,0,0,1.0,1.0,1.0,1.0,1.0,1,0.5488890946167848,40
225,0,326,326,0,0,0,0,1.0,1.0,1.0,1.0,1.0,1,0.5677747129306906,39
226,5,331,331,0,0,0,0,1.0,1.0,1.0,1.0,1.0,1,0.5817872886644936,39
227,4,335,335,0,0,0,0,1.0,1.0,1.0,1.0,1.0,1,0.5727321052350668,39
228,2,337,337,0,0,0,0,1.0,1.0,1.0,1.0,1.0,1,0.5710108528956885,38
229,2,339,339,0,0,0,0,1.0,1.0,1.0,1.0,1.0,1,0.5648195348480016,39
230,3,342,342,0,0,0,0,1.0,1.0,1.0,1.0,1.0,1,0.5824903659046992,38
231,2,344,344,0,0,0,0,1.0,1.0,1.0,1.0,1.0,1,0.567224977973823,38
232,2,346,346,0,0,0,0,1.0,1.0,1.0,1.0,1.0,1,0.5776284378654971,37
233,2,348,348,0,0,0,0,1.0,1.0,1.0,1.0,1.0,1,0.5838049282814995,36
234,2,350,350,0,0,0,0,1.0,1.0,1.0,1.0,1.0,1,0.5420637152555052,34
235,1,351,351,0,0,0,0,1.0,1.0,1.0,1.0,1.0,1,0.5301383452131582,34
236,2,353,353,0,0,0,0,1.0,1.0,1.0,1.0,1.0,1,0.5302140612262193,33
237,3,356,356,0,0,0,0,1.0,1.0,1.0,1.0,1.0,1,0.5368768996737973,32
238,1,357,357,0,0,0,0,1.0,1.0,1.0,1.0,1.0,1,0.5457353936846506,32
239,2,359,359,0,0,0,0,1.0,1.0,1.0,1.0,1.0,1,0.5415346489479094,31
240,1,360,360,0,0,0,0,1.0,1.0,1.0,1.0,1.0,1,0.5792891813047377,28
241,2,362,362,0,0,0,0,1.0,1.0,1.0,1.0,1.0,1,0.6123777442267927,27
242,3,365,365,0,0,0,0,1.0,1.0,1.0,1.0,1.0,1,0.6341532892963733,29
243,1,366,366,0,0,0,0,1.0,1.0,1.0,1.0,1.0,1,0.6413120151962899,28
244,1,367,367,0,0,0,0,1.0,1.0,1.0,1.0,1.0,1,0.6377710500348901,28
245,1,368,368,0,0,0,0,1.0,1.0,1.0,1.0,1.0,1,0.6477231535498436,27
246,2,370,370,0,0,0,0,1.0,1.0,1.0,1.0,1.0,1,0.6501373862795741,25
247,1,371,371,0,0,0,0,1.0,1.0,1.0,1.0,1.0,1,0.665504824933922,26
248,0,371,371,0,0,0,0,1.0,1.0,1.0,1.0,1.0,1,0.6752397781008612,27
249,0,371,371,0,0,0,0,1.0,1.0,1.0,1.0,1.0,1,0.6698389705717426,26
250,0,371,371,0,0,0,0,1.0,1.0,1.0,1.0,1.0,1,0.6793385582381882,27
251,1,372,372,0,0,0,0,1.0,1.0,1.0,1.0,1.0,1,0.691369536599935,28
252,0,372,372,0,0,0,0,1.0,1.0,1.0,1.0,1.0,1,0.691369536599935,28
253,1,373,373,0,0,0,0,1.0,1.0,1.0,1.0,1.0,1,0.6675167709336026,28
254,0,373,373,0,0,0,0,1.0,1.0,1.0,1.0,1.0,1,0.6774948881308884,29
255,0,373,373,0,0,0,0,1.0,1.0,1.0,1.0,1.0,1,0.6771591016136959,30
256,1,374,374,0,0,0,0,1.0,1.0,1.0,1.0,1.0,1,0.6754143470757199,30
257,0,374,374,0,0,0,0,1.0,1.0,1.0,1.0,1.0,1,0.6698366619994911,32
258,3,377,377,0,0,0,0,1.0,1.0,1.0,1.0,1.0,1,0.6511099598772503,32
259,0,377,377,0,0,0,0,1.0,1.0,1.0,1.0,1.0,1,0.6511099598772503,32
260,1,378,378,0,0,0,0,1.0,1.0,1.0,1.0,1.0,1,0.6218695584739299,34
261,1,379,379,0,0,0,0,1.0,1.0,1.0,1.0,1.0,1,0.6077983736993036,35
262,2,381,381,0,0,0,0,1.0,1.0,1.0,1.0,1.0,1,0.6236461560919635,36
263,0,381,381,0,0,0,0,1.0,1.0,1.0,1.0,1.0,1,0.6236657179421611,34
264,1,382,382,0,0,0,0,1.0,1.0,1.0,1.0,1.0,1,0.6160385837329675,34
265,0,382,382,0,0,0,0,1.0,1.0,1.0,1.0,1.0,1,0.6304581209838389,33
266,1,383,383,0,0,0,0,1.0,1.0,1.0,1.0,1.0,1,0.6342807466980183,34
267,0,383,383,0,0,0,0,1.0,1.0,1.0,1.0,1.0,1,0.6390610818555771,33
268,0,383,383,0,0,0,0,1.0,1.0,1.0,1.0,1.0,1,0.6470956642886754,34
269,2,385,385,0,0,0,0,1.0,1.0,1.0,1.0,1.0,1,0.6591200135759381,34
270,0,385,385,0,0,0,0,1.0,1.0,1.0,1.0,1.0,1,0.6550906294676992,36
271,0,385,385,0,0,0,0,1.0,1.0,1.0,1.0,1.0,1,0.6550906294676992,36
272,0,385,385,0,0,0,0,1.0,1.0,1.0,1.0,1.0,1,0.647007785642137,38
273,1,386,386,0,0,0,0,1.0,1.0,1.0,1.0,1.0,1,0.6509749820191115,38
274,2,388,388,0,0,0,0,1.0,1.0,1.0,1.0,1.0,1,0.6788787163702212,38
275,1,389,389,0,0,0,0,1.0,1.0,1.0,1.0,1.0,1,0.6863291947061028,38
276,1,390,390,0,0,0,0,1.0,1.0,1.0,1.0,1.0,1,0.6865792527999426,39
277,2,392,392,0,0,0,0,1.0,1.0,1.0,1.0,1.0,1,0.7043262606077727,38
278,1,393,393,0,0,0,0,1.0,1.0,1.0,1.0,1.0,1,0.6873425276667816,38
279,0,393,393,0,0,0,0,1.0,1.0,1.0,1.0,1.0,1,0.6792745307103026,38
280,0,393,393,0,0,0,0,1.0,1.0,1.0,1.0,1.0,1,0.6815397294795991,38
281,1,394,394,0,0,0,0,1.0,1.0,1.0,1.0,1.0,1,0.6887705910242152,38
282,0,394,394,0,0,0,0,1.0,1.0,1.0,1.0,1.0,1,0.684587875424873,38
283,0,394,394,0,0,0,0,1.0,1.0,1.0,1.0,1.0,1,0.684587875424873,38
284,0,394,394,0,0,0,0,1.0,1.0,1.0,1.0,1.0,1,0.6771772894035476,39
285,2,396,396,0,0,0,0,1.0,1.0,1.0,1.0,1.0,1,0.7090270937636183,39
286,0,396,396,0,0,0,0,1.0,1.0,1.0,1.0,1.0,1,0.7090270937636183,39
287,1,397,397,0,0,0,0,1.0,1.0,1.0,1.0,1.0,1,0.7230165597650556,39
288,0,397,397,0,0,0,0,1.0,1.0,1.0,1.0,1.0,1,0.7048306828473594,39
289,2,399,399,0,0,0,0,1.0,1.0,1.0,1.0,1.0,1,0.6771507815347362,39
290,1,400,400,0,0,0,0,1.0,1.0,1.0,1.0,1.0,1,0.6730660753134945,39
291,3,403,403,0,0,0,0,1.0,1.0,1.0,1.0,1.0,1,0.6561077215390543,39
292,1,404,404,0,0,0,0,1.0,1.0,1.0,1.0,1.0,1,0.6435003510372082,40
293,3,407,407,0,0,0,0,1.0,1.0,1.0,1.0,1.0,1,0.6123753916054158,41
294,4,411,411,0,0,0,0,1.0,1.0,1.0,1.0,1.0,1,0.6095495693434814,40
295,2,413,413,0,0,0,0,1.0,1.0,1.0,1.0,1.0,1,0.6134958405559964,42
296,2,415,415,0,0,0,0,1.0,1.0,1.0,1.0,1.0,1,0.6260681166874736,42
297,2,417,417,0,0,0,0,1.0,1.0,1.0,1.0,1.0,1,0.5995795198800721,43
298,2,419,419,0,0,0,0,1.0,1.0,1.0,1.0,1.0,1,0.5763875820152023,44
299,2,421,421,0,0,0,0,1.0,1.0,1.0,1.0,1.0,1,0.5543211322972055,44
300,1,422,422,0,0,0,0,1.0,1.0,1.0,1.0,1.0,1,0.5393212121474948,45
301,3,425,425,0,0,0,0,1.0,1.0,1.0,1.0,1.0,1,0.5270429364883567,47
302,3,428,428,0,0,0,0,1.0,1.0,1.0,1.0,1.0,1,0.5473417066626467,46
303,3,431,431,0,0,0,0,1.0,1.0,1.0,1.0,1.0,1,0.5553067525084903,45
304,3,434,434,0,0,0,0,1.0,1.0,1.0,1.0,1.0,1,0.5720585060496896,45
305,0,434,434,0,0,0,0,1.0,1.0,1.0,1.0,1.0,1,0.5840722310549304,43
306,2,436,436,0,0,0,0,1.0,1.0,1.0,1.0,1.0,1,0.6196619628795619,44
307,2,438,438,0,0,0,0,1.0,1.0,1.0,1.0,1.0,1,0.6380572933845989,42
308,1,439,439,0,0,0,0,1.0,1.0,1.0,1.0,1.0,1,0.6312783715371342,41
309,0,439,439,0,0,0,0,1.0,1.0,1.0,1.0,1.0,1,0.6354653599370073,42
310,0,439,439,0,0,0,0,1.0,1.0,1.0,1.0,1.0,1,0.6488951915552902,41
311,0,439,439,0,0,0,0,1.0,1.0,1.0,1.0,1.0,1,0.6488951915552902,41
312,0,439,439,0,0,0,0,1.0,1.0,1.0,1.0,1.0,1,0.6281096756231264,44
313,0,439,439,0,0,0,0,1.0,1.0,1.0,1.0,1.0,1,0.6396090362059763,43
314,1,440,440,0,0,0,0,1.0,1.0,1.0,1.0,1.0,1,0.647064542169451,43
315,0,440,440,0,0,0,0,1.0,1.0,1.0,1.0,1.0,1,0.6312187694209656,43
316,2,442,442,0,0,0,0,1.0,1.0,1.0,1.0,1.0,1,0.6588337925224327,43
317,0,442,442,0,0,0,0,1.0,1.0,1.0,1.0,1.0,1,0.648841347294262,44
318,2,444,444,0,0,0,0,1.0,1.0,1.0,1.0,1.0,1,0.680709553023482,45
319,1,445,445,0,0,0,0,1.0,1.0,1.0,1.0,1.0,1,0.6805347080585168,46
320,2,447,447,0,0,0,0,1.0,1.0,1.0,1.0,1.0,1,0.6909039520256528,45
321,2,449,449,0,0,0,0,1.0,1.0,1.0,1.0,1.0,1,0.6752103866787127,44
322,0,449,449,0,0,0,0,1.0,1.0,1.0,1.0,1.0,1,0.6650008296713308,42
323,2,451,451,0,0,0,0,1.0,1.0,1.0,1.0,1.0,1,0.6716992622772736,42
324,0,451,451,0,0,0,0,1.0,1.0,1.0,1.0,1.0,1,0.6752445550690531,43
325,2,453,453,0,0,0,0,1.0,1.0,1.0,1.0,1.0,1,0.6859469980402992,43
326,0,453,453,0,0,0,0,1.0,1.0,1.0,1.0,1.0,1,0.6859469980402992,43
327,1,454,454,0,0,0,0,1.0,1.0,1.0,1.0,1.0,1,0.6974624675760454,44
328,0,454,454,0,0,0,0,1.0,1.0,1.0,1.0,1.0,1,0.6974624675760454,44
329,0,454,454,0,0,0,0,1.0,1.0,1.0,1.0,1.0,1,0.6864819151572099,45
330,0,454,454,0,0,0,0,1.0,1.0,1.0,1.0,1.0,1,0.675324785476524,46
331,0,454,454,0,0,0,0,1.0,1.0,1.0,1.0,1.0,1,0.675324785476524,46
332,1,455,455,0,0,0,0,1.0,1.0,1.0,1.0,1.0,1,0.6605508540605022,47
333,2,457,457,0,0,0,0,1.0,1.0,1.0,1.0,1.0,1,0.6569546011988487,48
334,1,458,458,0,0,0,0,1.0,1.0,1.0,1.0,1.0,1,0.6588291007628878,48
335,1,459,459,0,0,0,0,1.0,1.0,1.0,1.0,1.0,1,0.6602234329403066,49
336,1,460,460,0,0,0,0,1.0,1.0,1.0,1.0,1.0,1,0.657966502542066,50
337,0,460,460,0,0,0,0,1.0,1.0,1.0,1.0,1.0,1,0.6637487164474972,51
338,1,461,461,0,0,0,0,1.0,1.0,1.0,1.0,1.0,1,0.648336012717203,51
339,1,462,462,0,0,0,0,1.0,1.0,1.0,1.0,1.0,1,0.6418483285057357,51
340,0,462,462,0,0,0,0,1.0,1.0,1.0,1.0,1.0,1,0.6418483285057357,51
341,1,463,463,0,0,0,0,1.0,1.0,1.0,1.0,1.0,1,0.6431503320085618,51
342,0,463,463,0,0,0,0,1.0,1.0,1.0,1.0,1.0,1,0.6431503320085618,51
343,0,463,463,0,0,0,0,1.0,1.0,1.0,1.0,1.0,1,0.6559163107381587,51
344,4,467,467,0,0,0,0,1.0,1.0,1.0,1.0,1.0,1,0.6286224999183646,50
345,0,467,467,0,0,0,0,1.0,1.0,1.0,1.0,1.0,1,0.6286224999183646,50
346,1,468,468,0,0,0,0,1.0,1.0,1.0,1.0,1.0,1,0.6357698422999282,50
347,0,468,468,0,0,0,0,1.0,1.0,1.0,1.0,1.0,1,0.6362856755928146,51
348,2,470,470,0,0,0,0,1.0,1.0,1.0,1.0,1.0,1,0.6473785486926157,52
349,4,474,474,0,0,0,0,1.0,1.0,1.0,1.0,1.0,1,0.636467017826963,54
350,1,475,475,0,0,0,0,1.0,1.0,1.0,1.0,1.0,1,0.6670344274572562,54
351,4,479,479,0,0,0,0,1.0,1.0,1.0,1.0,1.0,1,0.6636413546905402,54
352,1,480,480,0,0,0,0,1.0,1.0,1.0,1.0,1.0,1,0.6540050152167127,56
353,3,483,483,0,0,0,0,1.0,1.0,1.0,1.0,1.0,1,0.6382775086041544,54
354,1,484,484,0,0,0,0,1.0,1.0,1.0,1.0,1.0,1,0.641963634542654,53
355,2,486,486,0,0,0,0,1.0,1.0,1.0,1.0,1.0,1,0.6247766087884867,54
356,2,488,488,0,0,0,0,1.0,1.0,1.0,1.0,1.0,1,0.6442642445534092,54
357,4,492,492,0,0,0,0,1.0,1.0,1.0,1.0,1.0,1,0.6717313237090667,53
358,1,493,493,0,0,0,0,1.0,1.0,1.0,1.0,1.0,1,0.6902542512186818,49
359,1,494,494,0,0,0,0,1.0,1.0,1.0,1.0,1.0,1,0.6754634664141216,48
360,1,495,495,0,0,0,0,1.0,1.0,1.0,1.0,1.0,1,0.660745107721106,47
361,1,496,496,0,0,0,0,1.0,1.0,1.0,1.0,1.0,1,0.6448372079756469,46
362,0,496,496,0,0,0,0,1.0,1.0,1.0,1.0,1.0,1,0.6457155504287226,46
363,1,497,497,0,0,0,0,1.0,1.0,1.0,1.0,1.0,1,0.6416006462670394,47
364,0,497,497,0,0,0,0,1.0,1.0,1.0,1.0,1.0,1,0.6416006462670394,47
365,3,500,500,0,0,0,0,1.0,1.0,1.0,1.0,1.0,1,0.6500581542266429,47
366,2,502,502,0,0,0,0,1.0,1.0,1.0,1.0,1.0,1,0.6580770107747292,50
367,0,502,502,0,0,0,0,1.0,1.0,1.0,1.0,1.0,1,0.6580770107747292,50
368,0,502,502,0,0,0,0,1.0,1.0,1.0,1.0,1.0,1,0.6423261848170119,51
369,1,503,503,0,0,0,0,1.0,1.0,1.0,1.0,1.0,1,0.6475728908383294,51
370,0,503,503,0,0,0,0,1.0,1.0,1.0,1.0,1.0,1,0.6475728908383294,51
371,1,504,504,0,0,0,0,1.0,1.0,1.0,1.0,1.0,1,0.6487360953138566,52
372,0,504,504,0,0,0,0,1.0,1.0,1.0,1.0,1.0,1,0.643777852301784,53
373,1,505,505,0,0,0,0,1.0,1.0,1.0,1.0,1.0,1,0.6383539902351599,53
374,0,505,505,0,0,0,0,1.0,1.0,1.0,1.0,1.0,1,0.653143182376981,53
375,5,510,510,0,0,0,0,1.0,1.0,1.0,1.0,1.0,1,0.647439097624139,53
376,1,511,511,0,0,0,0,1.0,1.0,1.0,1.0,1.0,1,0.6532124051310872,53
377,3,514,514,0,0,0,0,1.0,1.0,1.0,1.0,1.0,1,0.6645533882418905,53
378,3,517,517,0,0,0,0,1.0,1.0,1.0,1.0,1.0,1,0.6429963371115437,53
379,1,518,518,0,0,0,0,1.0,1.0,1.0,1.0,1.0,1,0.6487267038185927,54
380,4,522,522,0,0,0,0,1.0,1.0,1.0,1.0,1.0,1,0.632276961372467,54
381,2,524,524,0,0,0,0,1.0,1.0,1.0,1.0,1.0,1,0.6293978023208733,54
382,3,527,527,0,0,0,0,1.0,1.0,1.0,1.0,1.0,1,0.6077762560895775,55
383,3,530,530,0,0,0,0,1.0,1.0,1.0,1.0,1.0,1,0.6213462682092663,55
384,2,532,532,0,0,0,0,1.0,1.0,1.0,1.0,1.0,1,0.6318051094256516,54
385,3,535,535,0,0,0,0,1.0,1.0,1.0,1.0,1.0,1,0.600960482416492,52
386,2,537,537,0,0,0,0,1.0,1.0,1.0,1.0,1.0,1,0.5856957100351398,52
387,2,539,539,0,0,0,0,1.0,1.0,1.0,1.0,1.0,1,0.5952150120368279,50
388,4,543,543,0,0,0,0,1.0,1.0,1.0,1.0,1.0,1,0.5681966744576332,52
389,1,544,544,0,0,0,0,1.0,1.0,1.0,1.0,1.0,1,0.583236435965249,51
390,5,549,549,0,0,0,0,1.0,1.0,1.0,1.0,1.0,1,0.6009057625140266,50
391,2,551,551,0,0,0,0,1.0,1.0,1.0,1.0,1.0,1,0.5944630918969936,49
392,5,556,556,0,0,0,0,1.0,1.0,1.0,1.0,1.0,1,0.5778651199766184,47
393,2,558,558,0,0,0,0,1.0,1.0,1.0,1.0,1.0,1,0.5808959801446592,47
394,2,560,560,0,0,0,0,1.0,1.0,1.0,1.0,1.0,1,0.6044907762838274,48
395,3,563,563,0,0,0,0,1.0,1.0,1.0,1.0,1.0,1,0.6230873367328039,46
396,2,565,565,0,0,0,0,1.0,1.0,1.0,1.0,1.0,1,0.6650338512969375,43
397,1,566,566,0,0,0,0,1.0,1.0,1.0,1.0,1.0,1,0.6936563656520549,42
398,2,568,568,0,0,0,0,1.0,1.0,1.0,1.0,1.0,1,0.7088499687520115,40
399,0,568,568,0,0,0,0,1.0,1.0,1.0,1.0,1.0,1,0.7054433970929559,39
400,0,568,568,0,0,0,0,1.0,1.0,1.0,1.0,1.0,1,0.6982770220975315,38
401,0,568,568,0,0,0,0,1.0,1.0,1.0,1.0,1.0,1,0.7226535191806065,37
402,2,570,570,0,0,0,0,1.0,1.0,1.0,1.0,1.0,1,0.7294972557748678,36
403,2,572,572,0,0,0,0,1.0,1.0,1.0,1.0,1.0,1,0.7040947177446275,38
404,1,573,573,0,0,0,0,1.0,1.0,1.0,1.0,1.0,1,0.705401948283624,39
405,0,573,573,0,0,0,0,1.0,1.0,1.0,1.0,1.0,1,0.6862617111883013,40
406,1,574,574,0,0,0,0,1.0,1.0,1.0,1.0,1.0,1,0.6789038295124724,41
407,0,574,574,0,0,0,0,1.0,1.0,1.0,1.0,1.0,1,0.6671808927835239,42
408,1,575,575,0,0,0,0,1.0,1.0,1.0,1.0,1.0,1,0.6448142735310876,43
409,0,575,575,0,0,0,0,1.0,1.0,1.0,1.0,1.0,1,0.6495410617240008,44
410,1,576,576,0,0,0,0,1.0,1.0,1.0,1.0,1.0,1,0.6461195342933784,46
411,0,576,576,0,0,0,0,1.0,1.0,1.0,1.0,1.0,1,0.6461195342933784,46
412,1,577,577,0,0,0,0,1.0,1.0,1.0,1.0,1.0,1,0.6514352391576165,47
413,1,578,578,0,0,0,0,1.0,1.0,1.0,1.0,1.0,1,0.6424638197950052,47
414,2,580,580,0,0,0,0,1.0,1.0,1.0,1.0,1.0,1,0.6358446503924959,47
415,1,581,581,0,0,0,0,1.0,1.0,1.0,1.0,1.0,1,0.6271859827286167,48
416,1,582,582,0,0,0,0,1.0,1.0,1.0,1.0,1.0,1,0.6256801805582022,49
417,3,585,585,0,0,0,0,1.0,1.0,1.0,1.0,1.0,1,0.6132458851616589,49
418,2,587,587,0,0,0,0,1.0,1.0,1.0,1.0,1.0,1,0.5802502746847852,50
419,2,589,589,0,0,0,0,1.0,1.0,1.0,1.0,1.0,1,0.5677986256416768,50
420,2,591,591,0,0,0,0,1.0,1.0,1.0,1.0,1.0,1,0.5491174725619525,50
421,1,592,592,0,0,0,0,1.0,1.0,1.0,1.0,1.0,1,0.5406103562796067,50
422,1,593,593,0,0,0,0,1.0,1.0,1.0,1.0,1.0,1,0.5491648087420897,50
423,4,597,597,0,0,0,0,1.0,1.0,1.0,1.0,1.0,1,0.5259956953976881,51
424,3,600,600,0,0,0,0,1.0,1.0,1.0,1.0,1.0,1,0.5428797246331997,49
425,2,602,602,0,0,0,0,1.0,1.0,1.0,1.0,1.0,1,0.5607332649221571,48
426,3,605,605,0,0,0,0,1.0,1.0,1.0,1.0,1.0,1,0.5654572216475058,50
427,2,607,607,0,0,0,0,1.0,1.0,1.0,1.0,1.0,1,0.5962541113032672,48
428,4,611,611,0,0,0,0,1.0,1.0,1.0,1.0,1.0,1,0.6517939460580902,49
429,4,615,615,0,0,0,0,1.0,1.0,1.0,1.0,1.0,1,0.611803757745812,45
430,1,616,616,0,0,0,0,1.0,1.0,1.0,1.0,1.0,1,0.6127256046747833,44
431,2,618,618,0,0,0,0,1.0,1.0,1.0,1.0,1.0,1,0.6364520515917156,42
432,0,618,618,0,0,0,0,1.0,1.0,1.0,1.0,1.0,1,0.6426947328379372,40
433,2,620,620,0,0,0,0,1.0,1.0,1.0,1.0,1.0,1,0.6451394732116693,39
434,2,622,622,0,0,0,0,1.0,1.0,1.0,1.0,1.0,1,0.6381401875613526,39
435,1,623,623,0,0,0,0,1.0,1.0,1.0,1.0,1.0,1,0.672030610027339,38
436,2,625,625,0,0,0,0,1.0,1.0,1.0,1.0,1.0,1,0.6518255712768686,38
437,0,625,625,0,0,0,0,1.0,1.0,1.0,1.0,1.0,1,0.6587905670501305,39
438,1,626,626,0,0,0,0,1.0,1.0,1.0,1.0,1.0,1,0.665393360513794,38
439,1,627,627,0,0,0,0,1.0,1.0,1.0,1.0,1.0,1,0.6620632511686212,39
440,2,629,629,0,0,0,0,1.0,1.0,1.0,1.0,1.0,1,0.6622936840346543,39
441,1,630,630,0,0,0,0,1.0,1.0,1.0,1.0,1.0,1,0.6518357622791766,41
442,0,630,630,0,0,0,0,1.0,1.0,1.0,1.0,1.0,1,0.6532958207040872,42
443,3,633,633,0,0,0,0,1.0,1.0,1.0,1.0,1.0,1,0.6602557399738356,42
444,0,633,633,0,0,0,0,1.0,1.0,1.0,1.0,1.0,1,0.6508786219216451,43
445,4,637,637,0,0,0,0,1.0,1.0,1.0,1.0,1.0,1,0.6328174466355379,44
446,1,638,638,0,0,0,0,1.0,1.0,1.0,1.0,1.0,1,0.6255392339213827,44
447,2,640,640,0,0,0,0,1.0,1.0,1.0,1.0,1.0,1,0.5885152284781542,47
448,0,640,640,0,0,0,0,1.0,1.0,1.0,1.0,1.0,1,0.5946879660898894,46
449,1,641,641,0,0,0,0,1.0,1.0,1.0,1.0,1.0,1,0.5778432238130289,46
450,0,641,641,0,0,0,0,1.0,1.0,1.0,1.0,1.0,1,0.5777390422275148,46
451,1,642,642,0,0,0,0,1.0,1.0,1.0,1.0,1.0,1,0.5664117118491937,47
452,0,642,642,0,0,0,0,1.0,1.0,1.0,1.0,1.0,1,0.5819984602400506,47
453,0,642,642,0,0,0,0,1.0,1.0,1.0,1.0,1.0,1,0.5819984602400506,47
454,0,642,642,0,0,0,0,1.0,1.0,1.0,1.0,1.0,1,0.5888299082855843,46
455,2,644,644,0,0,0,0,1.0,1.0,1.0,1.0,1.0,1,0.6035593703287877,47
456,1,645,645,0,0,0,0,1.0,1.0,1.0,1.0,1.0,1,0.6066610105067789,49
457,1,646,646,0,0,0,0,1.0,1.0,1.0,1.0,1.0,1,0.6242898250089544,50
458,2,648,648,0,0,0,0,1.0,1.0,1.0,1.0,1.0,1,0.592771017428929,50
459,0,648,648,0,0,0,0,1.0,1.0,1.0,1.0,1.0,1,0.57999674706629,52
460,2,650,650,0,0,0,0,1.0,1.0,1.0,1.0,1.0,1,0.5517621078761634,53
461,0,650,650,0,0,0,0,1.0,1.0,1.0,1.0,1.0,1,0.5540660984423316,54
462,2,652,652,0,0,0,0,1.0,1.0,1.0,1.0,1.0,1,0.5289687371588909,54
463,5,657,657,0,0,0,0,1.0,1.0,1.0,1.0,1.0,1,0.5157699250658094,55
464,4,661,661,0,0,0,0,1.0,1.0,1.0,1.0,1.0,1,0.5087625008640645,56
465,2,663,663,0,0,0,0,1.0,1.0,1.0,1.0,1.0,1,0.4973609046952691,54
466,4,667,667,0,0,0,0,1.0,1.0,1.0,1.0,1.0,1,0.4913337337453594,54
467,3,670,670,0,0,0,0,1.0,1.0,1.0,1.0,1.0,1,0.5038500981044476,51
468,6,676,676,0,0,0,0,1.0,1.0,1.0,1.0,1.0,1,0.4795681993109376,51
469,3,679,679,0,0,0,0,1.0,1.0,1.0,1.0,1.0,1,0.5085415189279999,48
470,6,685,685,0,0,0,0,1.0,1.0,1.0,1.0,1.0,1,0.5563163681321817,47
471,2,687,687,0,0,0,0,1.0,1.0,1.0,1.0,1.0,1,0.5267918840899254,44
472,4,691,691,0,0,0,0,1.0,1.0,1.0,1.0,1.0,1,0.4919066806551951,43
473,2,693,693,0,0,0,0,1.0,1.0,1.0,1.0,1.0,1,0.5202273304486023,41
474,3,696,696,0,0,0,0,1.0,1.0,1.0,1.0,1.0,1,0.48959277877499496,39
475,3,699,699,0,0,0,0,1.0,1.0,1.0,1.0,1.0,1,0.49940311732651654,40
476,6,705,705,0,0,0,0,1.0,1.0,1.0,1.0,1.0,1,0.5293926546372795,38
477,1,706,706,0,0,0,0,1.0,1.0,1.0,1.0,1.0,1,0.5497358460566415,35
478,0,706,706,0,0,0,0,1.0,1.0,1.0,1.0,1.0,1,0.5551381517158294,35
479,0,706,706,0,0,0,0,1.0,1.0,1.0,1.0,1.0,1,0.5715755119173208,32
480,1,707,707,0,0,0,0,1.0,1.0,1.0,1.0,1.0,1,0.5701259926355983,32
481,1,708,708,0,0,0,0,1.0,1.0,1.0,1.0,1.0,1,0.5937789472551898,33
482,0,708,708,0,0,0,0,1.0,1.0,1.0,1.0,1.0,1,0.5881118262434909,34
483,4,712,712,0,0,0,0,1.0,1.0,1.0,1.0,1.0,1,0.6043325319518561,32
484,0,712,712,0,0,0,0,1.0,1.0,1.0,1.0,1.0,1,0.5825202476202616,33
485,2,714,714,0,0,0,0,1.0,1.0,1.0,1.0,1.0,1,0.6055497538287178,34
486,0,714,714,0,0,0,0,1.0,1.0,1.0,1.0,1.0,1,0.6097207982737044,36
487,0,714,714,0,0,0,0,1.0,1.0,1.0,1.0,1.0,1,0.6097207982737044,36
488,1,715,715,0,0,0,0,1.0,1.0,1.0,1.0,1.0,1,0.6151864406513651,37
489,2,717,717,0,0,0,0,1.0,1.0,1.0,1.0,1.0,1,0.641692400667893,38
490,0,717,717,0,0,0,0,1.0,1.0,1.0,1.0,1.0,1,0.641692400667893,38
491,0,717,717,0,0,0,0,1.0,1.0,1.0,1.0,1.0,1,0.6497118486002301,37
492,1,718,718,0,0,0,0,1.0,1.0,1.0,1.0,1.0,1,0.6453352452065677,37
493,0,718,718,0,0,0,0,1.0,1.0,1.0,1.0,1.0,1,0.6453352452065677,37
494,3,721,721,0,0,0,0,1.0,1.0,1.0,1.0,1.0,1,0.6487205433734785,39
495,0,721,721,0,0,0,0,1.0,1.0,1.0,1.0,1.0,1,0.6490394320108576,40
496,1,722,722,0,0,0,0,1.0,1.0,1.0,1.0,1.0,1,0.6431809521780468,40
497,0,722,722,0,0,0,0,1.0,1.0,1.0,1.0,1.0,1,0.6262938737115781,43
498,3,725,725,0,0,0,0,1.0,1.0,1.0,1.0,1.0,1,0.6102271469513255,43
499,0,725,725,0,0,0,0,1.0,1.0,1.0,1.0,1.0,1,0.6018664880197588,44
500,2,727,727,0,0,0,0,1.0,1.0,1.0,1.0,1.0,1,0.5676747744846796,45
501,1,728,728,0,0,0,0,1.0,1.0,1.0,1.0,1.0,1,0.5442850805035667,45
502,5,733,733,0,0,0,0,1.0,1.0,1.0,1.0,1.0,1,0.5637349582516191,45
503,1,734,734,0,0,0,0,1.0,1.0,1.0,1.0,1.0,1,0.538421639242372,46
504,3,737,737,0,0,0,0,1.0,1.0,1.0,1.0,1.0,1,0.5488665776138391,47
505,1,738,738,0,0,0,0,1.0,1.0,1.0,1.0,1.0,1,0.5530187710617731,42
506,2,740,740,0,0,0,0,1.0,1.0,1.0,1.0,1.0,1,0.5817250587555891,41
507,1,741,741,0,0,0,0,1.0,1.0,1.0,1.0,1.0,1,0.5998545051005553,38
508,2,743,743,0,0,0,0,1.0,1.0,1.0,1.0,1.0,1,0.6411477038201726,38
509,2,745,745,0,0,0,0,1.0,1.0,1.0,1.0,1.0,1,0.6703369995806924,37
510,1,746,746,0,0,0,0,1.0,1.0,1.0,1.0,1.0,1,0.6910673826887614,36
511,0,746,746,0,0,0,0,1.0,1.0,1.0,1.0,1.0,1,0.6907254816499836,34
512,0,746,746,0,0,0,0,1.0,1.0,1.0,1.0,1.0,1,0.6801100418810685,32
513,1,747,747,0,0,0,0,1.0,1.0,1.0,1.0,1.0,1,0.6954413778930136,32
514,0,747,747,0,0,0,0,1.0,1.0,1.0,1.0,1.0,1,0.6931871234326697,35
515,0,747,747,0,0,0,0,1.0,1.0,1.0,1.0,1.0,1,0.6931871234326697,35
516,1,748,748,0,0,0,0,1.0,1.0,1.0,1.0,1.0,1,0.6823298696007492,36
517,1,749,749,0,0,0,0,1.0,1.0,1.0,1.0,1.0,1,0.6680629916936115,36
518,1,750,750,0,0,0,0,1.0,1.0,1.0,1.0,1.0,1,0.6621442712796974,39
519,1,751,751,0,0,0,0,1.0,1.0,1.0,1.0,1.0,1,0.6476156921128328,39
520,1,752,752,0,0,0,0,1.0,1.0,1.0,1.0,1.0,1,0.6576064740937863,39
521,1,753,753,0,0,0,0,1.0,1.0,1.0,1.0,1.0,1,0.6403861142733343,40
522,1,754,754,0,0,0,0,1.0,1.0,1.0,1.0,1.0,1,0.6280156678152329,40
523,3,757,757,0,0,0,0,1.0,1.0,1.0,1.0,1.0,1,0.6232121552624769,41
524,2,759,759,0,0,0,0,1.0,1.0,1.0,1.0,1.0,1,0.600078646707076,41
525,0,759,759,0,0,0,0,1.0,1.0,1.0,1.0,1.0,1,0.6043971719730266,40
526,2,761,761,0,0,0,0,1.0,1.0,1.0,1.0,1.0,1,0.606393081919484,40
527,2,763,763,0,0,0,0,1.0,1.0,1.0,1.0,1.0,1,0.5748334660189027,40
528,2,765,765,0,0,0,0,1.0,1.0,1.0,1.0,1.0,1,0.5775259747061929,40
529,1,766,766,0,0,0,0,1.0,1.0,1.0,1.0,1.0,1,0.5831954895014787,39
530,1,767,767,0,0,0,0,1.0,1.0,1.0,1.0,1.0,1,0.576902581625675,39
531,2,769,769,0,0,0,0,1.0,1.0,1.0,1.0,1.0,1,0.586873794790594,39
532,0,769,769,0,0,0,0,1.0,1.0,1.0,1.0,1.0,1,0.5843097767076293,40
533,3,772,772,0,0,0,0,1.0,1.0,1.0,1.0,1.0,1,0.6371145110093855,40
534,0,772,772,0,0,0,0,1.0,1.0,1.0,1.0,1.0,1,0.6425471411338156,42
535,0,772,772,0,0,0,0,1.0,1.0,1.0,1.0,1.0,1,0.6304411207045473,42
536,0,772,772,0,0,0,0,1.0,1.0,1.0,1.0,1.0,1,0.6276104277380461,43
537,0,772,772,0,0,0,0,1.0,1.0,1.0,1.0,1.0,1,0.6276104277380461,43
538,1,773,773,0,0,0,0,1.0,1.0,1.0,1.0,1.0,1,0.6209160069660602,44
539,1,774,774,0,0,0,0,1.0,1.0,1.0,1.0,1.0,1,0.6110942679943416,44
540,4,778,778,0,0,0,0,1.0,1.0,1.0,1.0,1.0,1,0.608304053602876,44
541,1,779,779,0,0,0,0,1.0,1.0,1.0,1.0,1.0,1,0.5901166493138751,45
542,2,781,781,0,0,0,0,1.0,1.0,1.0,1.0,1.0,1,0.579677451570099,46
543,2,783,783,0,0,0,0,1.0,1.0,1.0,1.0,1.0,1,0.5471473729012489,43
544,3,786,786,0,0,0,0,1.0,1.0,1.0,1.0,1.0,1,0.5700467580876936,42
545,2,788,788,0,0,0,0,1.0,1.0,1.0,1.0,1.0,1,0.5849160861971322,43
546,3,791,791,0,0,0,0,1.0,1.0,1.0,1.0,1.0,1,0.5949439558028092,41
547,0,791,791,0,0,0,0,1.0,1.0,1.0,1.0,1.0,1,0.5730599735254571,40
548,5,796,796,0,0,0,0,1.0,1.0,1.0,1.0,1.0,1,0.6305686795554573,40
549,2,798,798,0,0,0,0,1.0,1.0,1.0,1.0,1.0,1,0.6682678198203393,39
550,1,799,799,0,0,0,0,1.0,1.0,1.0,1.0,1.0,1,0.6628852057755615,38
551,2,801,801,0,0,0,0,1.0,1.0,1.0,1.0,1.0,1,0.6783764839526386,38
552,0,801,801,0,0,0,0,1.0,1.0,1.0,1.0,1.0,1,0.6780138085391807,39
553,0,801,801,0,0,0,0,1.0,1.0,1.0,1.0,1.0,1,0.6821021456003833,38
554,2,803,803,0,0,0,0,1.0,1.0,1.0,1.0,1.0,1,0.6887527000788666,39
555,0,803,803,0,0,0,0,1.0,1.0,1.0,1.0,1.0,1,0.6733024864098053,39
556,0,803,803,0,0,0,0,1.0,1.0,1.0,1.0,1.0,1,0.677319057313414,40
557,3,806,806,0,0,0,0,1.0,1.0,1.0,1.0,1.0,1,0.6717047426155122,40
558,0,806,806,0,0,0,0,1.0,1.0,1.0,1.0,1.0,1,0.6717047426155122,40
559,3,809,809,0,0,0,0,1.0,1.0,1.0,1.0,1.0,1,0.6613154070673084,40
560,0,809,809,0,0,0,0,1.0,1.0,1.0,1.0,1.0,1,0.642201366728859,41
561,3,812,812,0,0,0,0,1.0,1.0,1.0,1.0,1.0,1,0.6639245551809427,42
562,1,813,813,0,0,0,0,1.0,1.0,1.0,1.0,1.0,1,0.6698412738619528,42
563,2,815,815,0,0,0,0,1.0,1.0,1.0,1.0,1.0,1,0.6841702632012379,42
564,0,815,815,0,0,0,0,1.0,1.0,1.0,1.0,1.0,1,0.6901250310561127,43
565,0,815,815,0,0,0,0,1.0,1.0,1.0,1.0,1.0,1,0.6858929548716413,44
566,0,815,815,0,0,0,0,1.0,1.0,1.0,1.0,1.0,1,0.6796174724654385,45
567,0,815,815,0,0,0,0,1.0,1.0,1.0,1.0,1.0,1,0.6796174724654385,45
568,0,815,815,0,0,0,0,1.0,1.0,1.0,1.0,1.0,1,0.671803880643396,46
569,2,817,817,0,0,0,0,1.0,1.0,1.0,1.0,1.0,1,0.637050892464314,47
570,2,819,819,0,0,0,0,1.0,1.0,1.0,1.0,1.0,1,0.6266259743937931,48
571,0,819,819,0,0,0,0,1.0,1.0,1.0,1.0,1.0,1,0.6266259743937931,48
572,0,819,819,0,0,0,0,1.0,1.0,1.0,1.0,1.0,1,0.639482699647287,47
573,0,819,819,0,0,0,0,1.0,1.0,1.0,1.0,1.0,1,0.6371318651908646,49
574,0,819,819,0,0,0,0,1.0,1.0,1.0,1.0,1.0,1,0.6371318651908646,49
575,0,819,819,0,0,0,0,1.0,1.0,1.0,1.0,1.0,1,0.6314555836181789,50
576,0,819,819,0,0,0,0,1.0,1.0,1.0,1.0,1.0,1,0.6369314052423983,51
577,2,821,821,0,0,0,0,1.0,1.0,1.0,1.0,1.0,1,0.6375073982942824,51
578,2,823,823,0,0,0,0,1.0,1.0,1.0,1.0,1.0,1,0.6264477208390209,51
579,1,824,824,0,0,0,0,1.0,1.0,1.0,1.0,1.0,1,0.6095969423474895,52
580,2,826,826,0,0,0,0,1.0,1.0,1.0,1.0,1.0,1,0.6193398421587835,52
581,1,827,827,0,0,0,0,1.0,1.0,1.0,1.0,1.0,1,0.626321942300272,52
582,2,829,829,0,0,0,0,1.0,1.0,1.0,1.0,1.0,1,0.6412470850265436,53
583,2,831,831,0,0,0,0,1.0,1.0,1.0,1.0,1.0,1,0.6323671424560914,51
584,6,837,837,0,0,0,0,1.0,1.0,1.0,1.0,1.0,1,0.6573355433029748,51
585,3,840,840,0,0,0,0,1.0,1.0,1.0,1.0,1.0,1,0.6736912471708117,49
586,3,843,843,0,0,0,0,1.0,1.0,1.0,1.0,1.0,1,0.6623589281718799,49
587,4,847,847,0,0,0,0,1.0,1.0,1.0,1.0,1.0,1,0.6744964133646657,48
588,2,849,849,0,0,0,0,1.0,1.0,1.0,1.0,1.0,1,0.6562152572381729,46
589,4,853,853,0,0,0,0,1.0,1.0,1.0,1.0,1.0,1,0.685603096741551,48
590,5,858,858,0,0,0,0,1.0,1.0,1.0,1.0,1.0,1,0.6412547099156213,47
591,1,859,859,0,0,0,0,1.0,1.0,1.0,1.0,1.0,1,0.611889110591052,48
592,0,859,859,0,0,0,0,1.0,1.0,1.0,1.0,1.0,1,0.5945914200488368,47
593,0,859,859,0,0,0,0,1.0,1.0,1.0,1.0,1.0,1,0.6045970359590097,45
594,5,864,864,0,0,0,0,1.0,1.0,1.0,1.0,1.0,1,0.5920756634460247,44
595,3,867,867,0,0,0,0,1.0,1.0,1.0,1.0,1.0,1,0.5842022682616231,43
596,2,869,869,0,0,0,0,1.0,1.0,1.0,1.0,1.0,1,0.6062641384771643,44
597,1,870,870,0,0,0,0,1.0,1.0,1.0,1.0,1.0,1,0.6242713935058702,43
598,2,872,872,0,0,0,0,1.0,1.0,1.0,1.0,1.0,1,0.6052587653812235,45
599,1,873,873,0,0,0,0,1.0,1.0,1.0,1.0,1.0,1,0.6236148802441608,44
600,1,874,874,0,0,0,0,1.0,1.0,1.0,1.0,1.0,1,0.6177364890091254,44
601,0,874,874,0,0,0,0,1.0,1.0,1.0,1.0,1.0,1,0.6243682705924514,45
602,0,874,874,0,0,0,0,1.0,1.0,1.0,1.0,1.0,1,0.6192877628432291,46
603,1,875,875,0,0,0,0,1.0,1.0,1.0,1.0,1.0,1,0.5933240675718154,46
604,0,875,875,0,0,0,0,1.0,1.0,1.0,1.0,1.0,1,0.584411440708359,47
605,1,876,876,0,0,0,0,1.0,1.0,1.0,1.0,1.0,1,0.5751936818603762,47
606,0,876,876,0,0,0,0,1.0,1.0,1.0,1.0,1.0,1,0.5775872124532152,47
607,1,877,877,0,0,0,0,1.0,1.0,1.0,1.0,1.0,1,0.5633374504456623,48
608,0,877,877,0,0,0,0,1.0,1.0,1.0,1.0,1.0,1,0.5774136511075386,47
609,0,877,877,0,0,0,0,1.0,1.0,1.0,1.0,1.0,1,0.5787828778779321,48
610,1,878,878,0,0,0,0,1.0,1.0,1.0,1.0,1.0,1,0.5884188218345758,48
611,3,881,881,0,0,0,0,1.0,1.0,1.0,1.0,1.0,1,0.5997908868986015,49
612,0,881,881,0,0,0,0,1.0,1.0,1.0,1.0,1.0,1,0.6009431965343777,50
613,2,883,883,0,0,0,0,1.0,1.0,1.0,1.0,1.0,1,0.6231610215780563,50
614,0,883,883,0,0,0,0,1.0,1.0,1.0,1.0,1.0,1,0.6231610215780563,50
615,2,885,885,0,0,0,0,1.0,1.0,1.0,1.0,1.0,1,0.6326376019096631,50
616,1,886,886,0,0,0,0,1.0,1.0,1.0,1.0,1.0,1,0.6313460957608389,50
617,1,887,887,0,0,0,0,1.0,1.0,1.0,1.0,1.0,1,0.6281898664974817,52
618,3,890,890,0,0,0,0,1.0,1.0,1.0,1.0,1.0,1,0.5990608718722796,52
619,2,892,892,0,0,0,0,1.0,1.0,1.0,1.0,1.0,1,0.6061511790575217,50
620,3,895,895,0,0,0,0,1.0,1.0,1.0,1.0,1.0,1,0.572173242805918,50
621,4,899,899,0,0,0,0,1.0,1.0,1.0,1.0,1.0,1,0.5715455820202172,49
622,1,900,900,0,0,0,0,1.0,1.0,1.0,1.0,1.0,1,0.5532728201419642,49
623,4,904,904,0,0,0,0,1.0,1.0,1.0,1.0,1.0,1,0.537233756873727,48
624,2,906,906,0,0,0,0,1.0,1.0,1.0,1.0,1.0,1,0.5250562935007872,46
625,3,909,909,0,0,0,0,1.0,1.0,1.0,1.0,1.0,1,0.5296876340485636,45
626,5,914,914,0,0,0,0,1.0,1.0,1.0,1.0,1.0,1,0.5576033296850389,44
627,2,916,916,0,0,0,0,1.0,1.0,1.0,1.0,1.0,1,0.5686991767354544,44
628,6,922,922,0,0,0,0,1.0,1.0,1.0,1.0,1.0,1,0.571968539301604,44
629,0,922,922,0,0,0,0,1.0,1.0,1.0,1.0,1.0,1,0.5578798785246498,41
630,3,925,925,0,0,0,0,1.0,1.0,1.0,1.0,1.0,1,0.5745909577258217,40
631,2,927,927,0,0,0,0,1.0,1.0,1.0,1.0,1.0,1,0.5836156776582765,38
632,3,930,930,0,0,0,0,1.0,1.0,1.0,1.0,1.0,1,0.5481151514510202,38
633,1,931,931,0,0,0,0,1.0,1.0,1.0,1.0,1.0,1,0.5756868152511913,36
634,0,931,931,0,0,0,0,1.0,1.0,1.0,1.0,1.0,1,0.577095276649948,35
635,0,931,931,0,0,0,0,1.0,1.0,1.0,1.0,1.0,1,0.577095276649948,35
636,1,932,932,0,0,0,0,1.0,1.0,1.0,1.0,1.0,1,0.6206143049720507,36
637,0,932,932,0,0,0,0,1.0,1.0,1.0,1.0,1.0,1,0.6271489100412845,35
638,3,935,935,0,0,0,0,1.0,1.0,1.0,1.0,1.0,1,0.6501860285860678,34
639,1,936,936,0,0,0,0,1.0,1.0,1.0,1.0,1.0,1,0.6326297252994589,36
640,1,937,937,0,0,0,0,1.0,1.0,1.0,1.0,1.0,1,0.6512926493272251,37
641,0,937,937,0,0,0,0,1.0,1.0,1.0,1.0,1.0,1,0.6512926493272251,37
642,1,938,938,0,0,0,0,1.0,1.0,1.0,1.0,1.0,1,0.6283859818926179,38
643,0,938,938,0,0,0,0,1.0,1.0,1.0,1.0,1.0,1,0.6293555725085578,39
644,3,941,941,0,0,0,0,1.0,1.0,1.0,1.0,1.0,1,0.6381946813153693,39
645,0,941,941,0,0,0,0,1.0,1.0,1.0,1.0,1.0,1,0.6328602455883771,39
646,3,944,944,0,0,0,0,1.0,1.0,1.0,1.0,1.0,1,0.6510152706057867,40
647,0,944,944,0,0,0,0,1.0,1.0,1.0,1.0,1.0,1,0.6510152706057867,40
648,0,944,944,0,0,0,0,1.0,1.0,1.0,1.0,1.0,1,0.6510152706057867,40
649,3,947,947,0,0,0,0,1.0,1.0,1.0,1.0,1.0,1,0.6360115103334775,40
650,3,950,950,0,0,0,0,1.0,1.0,1.0,1.0,1.0,1,0.6434741338094386,41
651,1,951,951,0,0,0,0,1.0,1.0,1.0,1.0,1.0,1,0.6370794780939474,42
652,1,952,952,0,0,0,0,1.0,1.0,1.0,1.0,1.0,1,0.6322355724948359,41
653,1,953,953,0,0,0,0,1.0,1.0,1.0,1.0,1.0,1,0.6279819966340423,41
654,3,956,956,0,0,0,0,1.0,1.0,1.0,1.0,1.0,1,0.6311525671026069,42
655,1,957,957,0,0,0,0,1.0,1.0,1.0,1.0,1.0,1,0.6165803323592646,45
656,1,958,958,0,0,0,0,1.0,1.0,1.0,1.0,1.0,1,0.6276206588301185,45
657,2,960,960,0,0,0,0,1.0,1.0,1.0,1.0,1.0,1,0.6193819178449886,43
658,5,965,965,0,0,0,0,1.0,1.0,1.0,1.0,1.0,1,0.597679424209356,43
659,1,966,966,0,0,0,0,1.0,1.0,1.0,1.0,1.0,1,0.5992150950198429,43
660,3,969,969,0,0,0,0,1.0,1.0,1.0,1.0,1.0,1,0.5875385697249219,43
661,3,972,972,0,0,0,0,1.0,1.0,1.0,1.0,1.0,1,0.6092931270226408,41
662,2,974,974,0,0,0,0,1.0,1.0,1.0,1.0,1.0,1,0.6027189005026106,40
663,1,975,975,0,0,0,0,1.0,1.0,1.0,1.0,1.0,1,0.6046487271443076,39
664,3,978,978,0,0,0,0,1.0,1.0,1.0,1.0,1.0,1,0.6196998962697645,36
665,3,981,981,0,0,0,0,1.0,1.0,1.0,1.0,1.0,1,0.5710440505939742,36
666,1,982,982,0,0,0,0,1.0,1.0,1.0,1.0,1.0,1,0.564322513148433,36
667,1,983,983,0,0,0,0,1.0,1.0,1.0,1.0,1.0,1,0.5726430075828752,35
668,2,985,985,0,0,0,0,1.0,1.0,1.0,1.0,1.0,1,0.5839475327690733,34
669,3,988,988,0,0,0,0,1.0,1.0,1.0,1.0,1.0,1,0.6077255767293506,34
670,1,989,989,0,0,0,0,1.0,1.0,1.0,1.0,1.0,1,0.6383628825446594,32
671,0,989,989,0,0,0,0,1.0,1.0,1.0,1.0,1.0,1,0.6356770843247019,33
672,0,989,989,0,0,0,0,1.0,1.0,1.0,1.0,1.0,1,0.649536458943235,32
673,2,991,991,0,0,0,0,1.0,1.0,1.0,1.0,1.0,1,0.6335596515222438,32
674,1,992,992,0,0,0,0,1.0,1.0,1.0,1.0,1.0,1,0.6584274843100921,32
675,1,993,993,0,0,0,0,1.0,1.0,1.0,1.0,1.0,1,0.663343125403041,34
676,3,996,996,0,0,0,0,1.0,1.0,1.0,1.0,1.0,1,0.6491503660419288,35
677,2,998,998,0,0,0,0,1.0,1.0,1.0,1.0,1.0,1,0.6361332082191901,35
678,3,1001,1001,0,0,0,0,1.0,1.0,1.0,1.0,1.0,1,0.6207023850248957,35
679,1,1002,1002,0,0,0,0,1.0,1.0,1.0,1.0,1.0,1,0.6358947518753891,36
680,2,1004,1004,0,0,0,0,1.0,1.0,1.0,1.0,1.0,1,0.6419877792231663,37
681,0,1004,1004,0,0,0,0,1.0,1.0,1.0,1.0,1.0,1,0.6419877792231663,37
682,2,1006,1006,0,0,0,0,1.0,1.0,1.0,1.0,1.0,1,0.6333798718013204,37
683,2,1008,1008,0,0,0,0,1.0,1.0,1.0,1.0,1.0,1,0.5868207163537031,38
684,1,1009,1009,0,0,0,0,1.0,1.0,1.0,1.0,1.0,1,0.5824059591226135,39
685,2,1011,1011,0,0,0,0,1.0,1.0,1.0,1.0,1.0,1,0.5593806178526238,38
686,0,1011,1011,0,0,0,0,1.0,1.0,1.0,1.0,1.0,1,0.5772961836815296,37
687,1,1012,1012,0,0,0,0,1.0,1.0,1.0,1.0,1.0,1,0.5624500908723745,38
688,0,1012,1012,0,0,0,0,1.0,1.0,1.0,1.0,1.0,1,0.5802848844890353,37
689,0,1012,1012,0,0,0,0,1.0,1.0,1.0,1.0,1.0,1,0.5907120438543164,39
690,0,1012,1012,0,0,0,0,1.0,1.0,1.0,1.0,1.0,1,0.6033649262150464,38
691,1,1013,1013,0,0,0,0,1.0,1.0,1.0,1.0,1.0,1,0.6107930618615857,38
692,2,1015,1015,0,0,0,0,1.0,1.0,1.0,1.0,1.0,1,0.6237977354380393,38
693,1,1016,1016,0,0,0,0,1.0,1.0,1.0,1.0,1.0,1,0.6237557014566266,40
694,3,1019,1019,0,0,0,0,1.0,1.0,1.0,1.0,1.0,1,0.6343554064842463,42
695,3,1022,1022,0,0,0,0,1.0,1.0,1.0,1.0,1.0,1,0.6423492167029939,40
696,2,1024,1024,0,0,0,0,1.0,1.0,1.0,1.0,1.0,1,0.6529679579491777,39
697,1,1025,1025,0,0,0,0,1.0,1.0,1.0,1.0,1.0,1,0.658454115710878,39
698,3,1028,1028,0,0,0,0,1.0,1.0,1.0,1.0,1.0,1,0.619318874930089,37
699,0,1028,1028,0,0,0,0,1.0,1.0,1.0,1.0,1.0,1,0.6021019277439875,37
700,4,1032,1032,0,0,0,0,1.0,1.0,1.0,1.0,1.0,1,0.5845236622136183,37
701,0,1032,1032,0,0,0,0,1.0,1.0,1.0,1.0,1.0,1,0.5845236622136183,37
702,2,1034,1034,0,0,0,0,1.0,1.0,1.0,1.0,1.0,1,0.5712522194290384,38
703,6,1040,1040,0,0,0,0,1.0,1.0,1.0,1.0,1.0,1,0.4785478996659415,36
704,2,1042,1042,0,0,0,0,1.0,1.0,1.0,1.0,1.0,1,0.5002590578261511,36
705,4,1046,1046,0,0,0,0,1.0,1.0,1.0,1.0,1.0,1,0.46506047629879455,36
706,2,1048,1048,0,0,0,0,1.0,1.0,1.0,1.0,1.0,1,0.4926257430802543,35
707,2,1050,1050,0,0,0,0,1.0,1.0,1.0,1.0,1.0,1,0.5433371575991496,36
708,4,1054,1054,0,0,0,0,1.0,1.0,1.0,1.0,1.0,1,0.5397886472935627,36
709,3,1057,1057,0,0,0,0,1.0,1.0,1.0,1.0,1.0,1,0.5380302829867311,34
710,3,1060,1060,0,0,0,0,1.0,1.0,1.0,1.0,1.0,1,0.5326400636716802,34
711,0,1060,1060,0,0,0,0,1.0,1.0,1.0,1.0,1.0,1,0.5338243670484728,34
712,0,1060,1060,0,0,0,0,1.0,1.0,1.0,1.0,1.0,1,0.5473156679537983,35
713,3,1063,1063,0,0,0,0,1.0,1.0,1.0,1.0,1.0,1,0.5448371629337275,34
714,2,1065,1065,0,0,0,0,1.0,1.0,1.0,1.0,1.0,1,0.5420505134699678,34
715,0,1065,1065,0,0,0,0,1.0,1.0,1.0,1.0,1.0,1,0.5479814157237128,35
716,0,1065,1065,0,0,0,0,1.0,1.0,1.0,1.0,1.0,1,0.5658459429727274,33
717,2,1067,1067,0,0,0,0,1.0,1.0,1.0,1.0,1.0,1,0.5948716703607891,33
718,0,1067,1067,0,0,0,0,1.0,1.0,1.0,1.0,1.0,1,0.5917448412806195,32
719,3,1070,1070,0,0,0,0,1.0,1.0,1.0,1.0,1.0,1,0.5966270252073035,32
720,1,1071,1071,0,0,0,0,1.0,1.0,1.0,1.0,1.0,1,0.6013860073478677,33
721,1,1072,1072,0,0,0,0,1.0,1.0,1.0,1.0,1.0,1,0.6186963495318767,33
722,1,1073,1073,0,0,0,0,1.0,1.0,1.0,1.0,1.0,1,0.6450431001530449,34
723,0,1073,1073,0,0,0,0,1.0,1.0,1.0,1.0,1.0,1,0.6450431001530449,34
724,0,1073,1073,0,0,0,0,1.0,1.0,1.0,1.0,1.0,1,0.6392183153845232,36
725,0,1073,1073,0,0,0,0,1.0,1.0,1.0,1.0,1.0,1,0.6392183153845232,36
726,1,1074,1074,0,0,0,0,1.0,1.0,1.0,1.0,1.0,1,0.619925372246261,36
727,0,1074,1074,0,0,0,0,1.0,1.0,1.0,1.0,1.0,1,0.619925372246261,36
728,0,1074,1074,0,0,0,0,1.0,1.0,1.0,1.0,1.0,1,0.6260367277126727,37
729,0,1074,1074,0,0,0,0,1.0,1.0,1.0,1.0,1.0,1,0.6339054570694008,37
730,0,1074,1074,0,0,0,0,1.0,1.0,1.0,1.0,1.0,1,0.6287104769973716,38
731,1,1075,1075,0,0,0,0,1.0,1.0,1.0,1.0,1.0,1,0.6425120253009795,39
732,0,1075,1075,0,0,0,0,1.0,1.0,1.0,1.0,1.0,1,0.6201917582404679,41
733,2,1077,1077,0,0,0,0,1.0,1.0,1.0,1.0,1.0,1,0.6159805513604902,39
734,2,1079,1079,0,0,0,0,1.0,1.0,1.0,1.0,1.0,1,0.5854761925473277,39
735,2,1081,1081,0,0,0,0,1.0,1.0,1.0,1.0,1.0,1,0.6217972700653897,39
736,0,1081,1081,0,0,0,0,1.0,1.0,1.0,1.0,1.0,1,0.6099382531982499,38
737,3,1084,1084,0,0,0,0,1.0,1.0,1.0,1.0,1.0,1,0.6504632545801652,39
738,1,1085,1085,0,0,0,0,1.0,1.0,1.0,1.0,1.0,1,0.6158500599849401,37
739,1,1086,1086,0,0,0,0,1.0,1.0,1.0,1.0,1.0,1,0.6154854973678248,37
740,1,1087,1087,0,0,0,0,1.0,1.0,1.0,1.0,1.0,1,0.6211350347046214,35
741,2,1089,1089,0,0,0,0,1.0,1.0,1.0,1.0,1.0,1,0.6101442681258269,33
742,3,1092,1092,0,0,0,0,1.0,1.0,1.0,1.0,1.0,1,0.5895657987276445,35
743,1,1093,1093,0,0,0,0,1.0,1.0,1.0,1.0,1.0,1,0.611952026020021,35
744,3,1096,1096,0,0,0,0,1.0,1.0,1.0,1.0,1.0,1,0.6135831300424646,34
745,2,1098,1098,0,0,0,0,1.0,1.0,1.0,1.0,1.0,1,0.6314902129560698,34
746,2,1100,1100,0,0,0,0,1.0,1.0,1.0,1.0,1.0,1,0.6275677461177273,33
747,1,1101,1101,0,0,0,0,1.0,1.0,1.0,1.0,1.0,1,0.6010991049258454,32
748,2,1103,1103,0,0,0,0,1.0,1.0,1.0,1.0,1.0,1,0.5920913941813635,33
749,1,1104,1104,0,0,0,0,1.0,1.0,1.0,1.0,1.0,1,0.5625173379071093,33
750,1,1105,1105,0,0,0,0,1.0,1.0,1.0,1.0,1.0,1,0.5513211365872551,34
751,2,1107,1107,0,0,0,0,1.0,1.0,1.0,1.0,1.0,1,0.5268175462058464,36
752,3,1110,1110,0,0,0,0,1.0,1.0,1.0,1.0,1.0,1,0.5254875886975768,35
753,2,1112,1112,0,0,0,0,1.0,1.0,1.0,1.0,1.0,1,0.5468133234162057,37
754,1,1113,1113,0,0,0,0,1.0,1.0,1.0,1.0,1.0,1,0.5333288817557065,37
755,1,1114,1114,0,0,0,0,1.0,1.0,1.0,1.0,1.0,1,0.5536480941730114,35
756,0,1114,1114,0,0,0,0,1.0,1.0,1.0,1.0,1.0,1,0.5591665861895685,36
757,0,1114,1114,0,0,0,0,1.0,1.0,1.0,1.0,1.0,1,0.5702384960410279,35
758,1,1115,1115,0,0,0,0,1.0,1.0,1.0,1.0,1.0,1,0.5707224330322647,36
759,0,1115,1115,0,0,0,0,1.0,1.0,1.0,1.0,1.0,1,0.5781084867020504,37
760,0,1115,1115,0,0,0,0,1.0,1.0,1.0,1.0,1.0,1,0.5821338787443858,36
761,0,1115,1115,0,0,0,0,1.0,1.0,1.0,1.0,1.0,1,0.5821338787443858,36
762,0,1115,1115,0,0,0,0,1.0,1.0,1.0,1.0,1.0,1,0.5845453819786294,37
763,0,1115,1115,0,0,0,0,1.0,1.0,1.0,1.0,1.0,1,0.5899891177927409,38
764,0,1115,1115,0,0,0,0,1.0,1.0,1.0,1.0,1.0,1,0.5899891177927409,38
765,0,1115,1115,0,0,0,0,1.0,1.0,1.0,1.0,1.0,1,0.5899891177927409,38
766,0,1115,1115,0,0,0,0,1.0,1.0,1.0,1.0,1.0,1,0.5721473220125692,40
767,0,1115,1115,0,0,0,0,1.0,1.0,1.0,1.0,1.0,1,0.5766992554961438,41
768,3,1118,1118,0,0,0,0,1.0,1.0,1.0,1.0,1.0,1,0.6348693490631124,41
769,0,1118,1118,0,0,0,0,1.0,1.0,1.0,1.0,1.0,1,0.6394029168710873,42
770,4,1122,1122,0,0,0,0,1.0,1.0,1.0,1.0,1.0,1,0.624424033077077,41
771,0,1122,1122,0,0,0,0,1.0,1.0,1.0,1.0,1.0,1,0.6089567470869133,41
772,2,1124,1124,0,0,0,0,1.0,1.0,1.0,1.0,1.0,1,0.6171218922184292,41
773,0,1124,1124,0,0,0,0,1.0,1.0,1.0,1.0,1.0,1,0.5967921040689582,41
774,2,1126,1126,0,0,0,0,1.0,1.0,1.0,1.0,1.0,1,0.6197842234758091,42
775,0,1126,1126,0,0,0,0,1.0,1.0,1.0,1.0,1.0,1,0.6197842234758091,42
776,0,1126,1126,0,0,0,0,1.0,1.0,1.0,1.0,1.0,1,0.6197842234758091,42
777,0,1126,1126,0,0,0,0,1.0,1.0,1.0,1.0,1.0,1,0.6197842234758091,42
778,2,1128,1128,0,0,0,0,1.0,1.0,1.0,1.0,1.0,1,0.6116525463661528,44
779,1,1129,1129,0,0,0,0,1.0,1.0,1.0,1.0,1.0,1,0.6039716252114465,44
780,2,1131,1131,0,0,0,0,1.0,1.0,1.0,1.0,1.0,1,0.6279102207004249,44
781,0,1131,1131,0,0,0,0,1.0,1.0,1.0,1.0,1.0,1,0.6228537318709392,46
782,3,1134,1134,0,0,0,0,1.0,1.0,1.0,1.0,1.0,1,0.6514996649023339,45
783,2,1136,1136,0,0,0,0,1.0,1.0,1.0,1.0,1.0,1,0.631428389232803,44
784,1,1137,1137,0,0,0,0,1.0,1.0,1.0,1.0,1.0,1,0.6352828801684529,44
785,1,1138,1138,0,0,0,0,1.0,1.0,1.0,1.0,1.0,1,0.6342711665928169,43
786,0,1138,1138,0,0,0,0,1.0,1.0,1.0,1.0,1.0,1,0.6342711665928169,43
787,1,1139,1139,0,0,0,0,1.0,1.0,1.0,1.0,1.0,1,0.6173551811479627,43
788,0,1139,1139,0,0,0,0,1.0,1.0,1.0,1.0,1.0,1,0.6094466017164687,45
789,1,1140,1140,0,0,0,0,1.0,1.0,1.0,1.0,1.0,1,0.5867519692696561,46
790,0,1140,1140,0,0,0,0,1.0,1.0,1.0,1.0,1.0,1,0.597163784828359,45
791,2,1142,1142,0,0,0,0,1.0,1.0,1.0,1.0,1.0,1,0.576870688035433,46
792,0,1142,1142,0,0,0,0,1.0,1.0,1.0,1.0,1.0,1,0.5739079641770856,46
793,0,1142,1142,0,0,0,0,1.0,1.0,1.0,1.0,1.0,1,0.5739079641770856,46
794,2,1144,1144,0,0,0,0,1.0,1.0,1.0,1.0,1.0,1,0.5777055358361192,47
795,0,1144,1144,0,0,0,0,1.0,1.0,1.0,1.0,1.0,1,0.5777055358361192,47
796,3,1147,1147,0,0,0,0,1.0,1.0,1.0,1.0,1.0,1,0.5929322338190799,46
797,3,1150,1150,0,0,0,0,1.0,1.0,1.0,1.0,1.0,1,0.6293998138022033,47
798,3,1153,1153,0,0,0,0,1.0,1.0,1.0,1.0,1.0,1,0.6335368629645574,48
799,0,1153,1153,0,0,0,0,1.0,1.0,1.0,1.0,1.0,1,0.6335368629645574,48
800,2,1155,1155,0,0,0,0,1.0,1.0,1.0,1.0,1.0,1,0.6444343554381723,48
801,1,1156,1156,0,0,0,0,1.0,1.0,1.0,1.0,1.0,1,0.6402931795781437,49
802,2,1158,1158,0,0,0,0,1.0,1.0,1.0,1.0,1.0,1,0.6446159560710318,50
803,0,1158,1158,0,0,0,0,1.0,1.0,1.0,1.0,1.0,1,0.6393001476174274,49
804,2,1160,1160,0,0,0,0,1.0,1.0,1.0,1.0,1.0,1,0.6405999332488667,50
805,1,1161,1161,0,0,0,0,1.0,1.0,1.0,1.0,1.0,1,0.6472878919952706,50
806,4,1165,1165,0,0,0,0,1.0,1.0,1.0,1.0,1.0,1,0.6518000995174358,50
807,0,1165,1165,0,0,0,0,1.0,1.0,1.0,1.0,1.0,1,0.647283210563022,51
808,5,1170,1170,0,0,0,0,1.0,1.0,1.0,1.0,1.0,1,0.6403255359786011,51
809,3,1173,1173,0,0,0,0,1.0,1.0,1.0,1.0,1.0,1,0.640830214980278,51
810,2,1175,1175,0,0,0,0,1.0,1.0,1.0,1.0,1.0,1,0.6449954986066642,52
811,0,1175,1175,0,0,0,0,1.0,1.0,1.0,1.0,1.0,1,0.6351696861536059,50
812,1,1176,1176,0,0,0,0,1.0,1.0,1.0,1.0,1.0,1,0.6071100307086199,48
813,2,1178,1178,0,0,0,0,1.0,1.0,1.0,1.0,1.0,1,0.62967307569805,49
814,3,1181,1181,0,0,0,0,1.0,1.0,1.0,1.0,1.0,1,0.6164320860264905,48
815,1,1182,1182,0,0,0,0,1.0,1.0,1.0,1.0,1.0,1,0.6235486729864899,48
816,1,1183,1183,0,0,0,0,1.0,1.0,1.0,1.0,1.0,1,0.6051928367120181,46
817,2,1185,1185,0,0,0,0,1.0,1.0,1.0,1.0,1.0,1,0.6324920022369155,44
818,2,1187,1187,0,0,0,0,1.0,1.0,1.0,1.0,1.0,1,0.607392971644108,46
819,1,1188,1188,0,0,0,0,1.0,1.0,1.0,1.0,1.0,1,0.6035964445878843,44
820,2,1190,1190,0,0,0,0,1.0,1.0,1.0,1.0,1.0,1,0.5935075603905988,44
821,0,1190,1190,0,0,0,0,1.0,1.0,1.0,1.0,1.0,1,0.5935075603905988,44
822,3,1193,1193,0,0,0,0,1.0,1.0,1.0,1.0,1.0,1,0.6227802877580467,44
823,4,1197,1197,0,0,0,0,1.0,1.0,1.0,1.0,1.0,1,0.5830702281770905,42
824,3,1200,1200,0,0,0,0,1.0,1.0,1.0,1.0,1.0,1,0.5705433958835249,42
825,2,1202,1202,0,0,0,0,1.0,1.0,1.0,1.0,1.0,1,0.5549900889708038,40
826,2,1204,1204,0,0,0,0,1.0,1.0,1.0,1.0,1.0,1,0.555244636108953,41
827,3,1207,1207,0,0,0,0,1.0,1.0,1.0,1.0,1.0,1,0.5399514859663643,40
828,5,1212,1212,0,0,0,0,1.0,1.0,1.0,1.0,1.0,1,0.5466724783554799,40
829,2,1214,1214,0,0,0,0,1.0,1.0,1.0,1.0,1.0,1,0.5701359396275988,42
830,3,1217,1217,0,0,0,0,1.0,1.0,1.0,1.0,1.0,1,0.5927166156018356,42
831,1,1218,1218,0,0,0,0,1.0,1.0,1.0,1.0,1.0,1,0.5767987584173527,43
832,1,1219,1219,0,0,0,0,1.0,1.0,1.0,1.0,1.0,1,0.591481524913755,42
833,1,1220,1220,0,0,0,0,1.0,1.0,1.0,1.0,1.0,1,0.6241048649351423,41
834,2,1222,1222,0,0,0,0,1.0,1.0,1.0,1.0,1.0,1,0.6030013311071256,41
835,2,1224,1224,0,0,0,0,1.0,1.0,1.0,1.0,1.0,1,0.5839587223840929,41
836,0,1224,1224,0,0,0,0,1.0,1.0,1.0,1.0,1.0,1,0.592357820113179,40
837,0,1224,1224,0,0,0,0,1.0,1.0,1.0,1.0,1.0,1,0.5864075825695357,41
838,0,1224,1224,0,0,0,0,1.0,1.0,1.0,1.0,1.0,1,0.5864075825695357,41
839,2,1226,1226,0,0,0,0,1.0,1.0,1.0,1.0,1.0,1,0.5919551169723878,41
840,0,1226,1226,0,0,0,0,1.0,1.0,1.0,1.0,1.0,1,0.6074001067636557,42
841,2,1228,1228,0,0,0,0,1.0,1.0,1.0,1.0,1.0,1,0.5943864890954219,42
842,0,1228,1228,0,0,0,0,1.0,1.0,1.0,1.0,1.0,1,0.5943864890954219,42
843,3,1231,1231,0,0,0,0,1.0,1.0,1.0,1.0,1.0,1,0.5888273457278919,42
844,2,1233,1233,0,0,0,0,1.0,1.0,1.0,1.0,1.0,1,0.6178011237541379,42
845,2,1235,1235,0,0,0,0,1.0,1.0,1.0,1.0,1.0,1,0.6234186715051828,44
846,1,1236,1236,0,0,0,0,1.0,1.0,1.0,1.0,1.0,1,0.6315783353885966,44
847,2,1238,1238,0,0,0,0,1.0,1.0,1.0,1.0,1.0,1,0.6397115655471654,42
848,2,1240,1240,0,0,0,0,1.0,1.0,1.0,1.0,1.0,1,0.6456258183899523,43
849,0,1240,1240,0,0,0,0,1.0,1.0,1.0,1.0,1.0,1,0.6402532249022272,43
850,1,1241,1241,0,0,0,0,1.0,1.0,1.0,1.0,1.0,1,0.6667157332984769,41
851,3,1244,1244,0,0,0,0,1.0,1.0,1.0,1.0,1.0,1,0.6441013728474708,40
852,0,1244,1244,0,0,0,0,1.0,1.0,1.0,1.0,1.0,1,0.6441013728474708,40
853,2,1246,1246,0,0,0,0,1.0,1.0,1.0,1.0,1.0,1,0.6618373100614959,40
854,0,1246,1246,0,0,0,0,1.0,1.0,1.0,1.0,1.0,1,0.6618373100614959,40
855,1,1247,1247,0,0,0,0,1.0,1.0,1.0,1.0,1.0,1,0.6640467119517082,41
856,0,1247,1247,0,0,0,0,1.0,1.0,1.0,1.0,1.0,1,0.6640467119517082,41
857,1,1248,1248,0,0,0,0,1.0,1.0,1.0,1.0,1.0,1,0.6596823188970964,42
858,1,1249,1249,0,0,0,0,1.0,1.0,1.0,1.0,1.0,1,0.6533389003482225,43
859,2,1251,1251,0,0,0,0,1.0,1.0,1.0,1.0,1.0,1,0.6362190915865384,43
860,3,1254,1254,0,0,0,0,1.0,1.0,1.0,1.0,1.0,1,0.6124178775149557,44
861,2,1256,1256,0,0,0,0,1.0,1.0,1.0,1.0,1.0,1,0.6025909848700083,44
862,3,1259,1259,0,0,0,0,1.0,1.0,1.0,1.0,1.0,1,0.5772884700012304,44
863,2,1261,1261,0,0,0,0,1.0,1.0,1.0,1.0,1.0,1,0.5874005652545169,44
864,4,1265,1265,0,0,0,0,1.0,1.0,1.0,1.0,1.0,1,0.5896238024923677,44
865,3,1268,1268,0,0,0,0,1.0,1.0,1.0,1.0,1.0,1,0.5833672392158505,43
866,2,1270,1270,0,0,0,0,1.0,1.0,1.0,1.0,1.0,1,0.5962706380091626,45
867,0,1270,1270,0,0,0,0,1.0,1.0,1.0,1.0,1.0,1,0.5961470405765612,44
868,3,1273,1273,0,0,0,0,1.0,1.0,1.0,1.0,1.0,1,0.5967578347874144,45
869,2,1275,1275,0,0,0,0,1.0,1.0,1.0,1.0,1.0,1,0.5961801371986984,44
870,3,1278,1278,0,0,0,0,1.0,1.0,1.0,1.0,1.0,1,0.6061231595393349,44
871,1,1279,1279,0,0,0,0,1.0,1.0,1.0,1.0,1.0,1,0.5754124238198913,43
872,1,1280,1280,0,0,0,0,1.0,1.0,1.0,1.0,1.0,1,0.5694522173909157,43
873,0,1280,1280,0,0,0,0,1.0,1.0,1.0,1.0,1.0,1,0.5694522173909157,43
874,1,1281,1281,0,0,0,0,1.0,1.0,1.0,1.0,1.0,1,0.5715455962188779,46
875,0,1281,1281,0,0,0,0,1.0,1.0,1.0,1.0,1.0,1,0.594523891169227,43
876,1,1282,1282,0,0,0,0,1.0,1.0,1.0,1.0,1.0,1,0.596423627682499,44
877,1,1283,1283,0,0,0,0,1.0,1.0,1.0,1.0,1.0,1,0.6142931429384023,44
878,3,1286,1286,0,0,0,0,1.0,1.0,1.0,1.0,1.0,1,0.6307483876015648,44
879,1,1287,1287,0,0,0,0,1.0,1.0,1.0,1.0,1.0,1,0.6124166032891728,44
880,2,1289,1289,0,0,0,0,1.0,1.0,1.0,1.0,1.0,1,0.6479747496265587,44
881,1,1290,1290,0,0,0,0,1.0,1.0,1.0,1.0,1.0,1,0.636244791200649,43
882,1,1291,1291,0,0,0,0,1.0,1.0,1.0,1.0,1.0,1,0.6327316012331431,45
883,1,1292,1292,0,0,0,0,1.0,1.0,1.0,1.0,1.0,1,0.6270390021001374,45
884,5,1297,1297,0,0,0,0,1.0,1.0,1.0,1.0,1.0,1,0.6003874380836789,45
885,1,1298,1298,0,0,0,0,1.0,1.0,1.0,1.0,1.0,1,0.5910715762993368,43
886,3,1301,1301,0,0,0,0,1.0,1.0,1.0,1.0,1.0,1,0.5902182792308888,43
887,2,1303,1303,0,0,0,0,1.0,1.0,1.0,1.0,1.0,1,0.5960952905456985,41
888,1,1304,1304,0,0,0,0,1.0,1.0,1.0,1.0,1.0,1,0.5990433763976548,40
889,5,1309,1309,0,0,0,0,1.0,1.0,1.0,1.0,1.0,1,0.5970055753198019,40
890,2,1311,1311,0,0,0,0,1.0,1.0,1.0,1.0,1.0,1,0.5956933923157208,38
891,2,1313,1313,0,0,0,0,1.0,1.0,1.0,1.0,1.0,1,0.5796033094018934,39
892,1,1314,1314,0,0,0,0,1.0,1.0,1.0,1.0,1.0,1,0.6001376948294702,39
893,3,1317,1317,0,0,0,0,1.0,1.0,1.0,1.0,1.0,1,0.5999937009012382,37
894,1,1318,1318,0,0,0,0,1.0,1.0,1.0,1.0,1.0,1,0.6141178266824007,36
895,1,1319,1319,0,0,0,0,1.0,1.0,1.0,1.0,1.0,1,0.5946783286390344,37
896,3,1322,1322,0,0,0,0,1.0,1.0,1.0,1.0,1.0,1,0.5973944187538408,36
897,1,1323,1323,0,0,0,0,1.0,1.0,1.0,1.0,1.0,1,0.6079717781236267,36
898,2,1325,1325,0,0,0,0,1.0,1.0,1.0,1.0,1.0,1,0.5749614078064754,35
899,1,1326,1326,0,0,0,0,1.0,1.0,1.0,1.0,1.0,1,0.5612975050241622,35
900,2,1328,1328,0,0,0,0,1.0,1.0,1.0,1.0,1.0,1,0.5628939615291534,36
901,2,1330,1330,0,0,0,0,1.0,1.0,1.0,1.0,1.0,1,0.5124008650854275,36
902,2,1332,1332,0,0,0,0,1.0,1.0,1.0,1.0,1.0,1,0.5521764373099547,36
903,2,1334,1334,0,0,0,0,1.0,1.0,1.0,1.0,1.0,1,0.5269894478168466,35
904,2,1336,1336,0,0,0,0,1.0,1.0,1.0,1.0,1.0,1,0.5429954944071317,37
905,4,1340,1340,0,0,0,0,1.0,1.0,1.0,1.0,1.0,1,0.5538011004171063,36
906,2,1342,1342,0,0,0,0,1.0,1.0,1.0,1.0,1.0,1,0.5452195715771081,37
907,4,1346,1346,0,0,0,0,1.0,1.0,1.0,1.0,1.0,1,0.5117309268732059,37
908,1,1347,1347,0,0,0,0,1.0,1.0,1.0,1.0,1.0,1,0.5363880800876915,36
909,2,1349,1349,0,0,0,0,1.0,1.0,1.0,1.0,1.0,1,0.5051266012437456,36
910,1,1350,1350,0,0,0,0,1.0,1.0,1.0,1.0,1.0,1,0.5221488040895538,37
911,0,1350,1350,0,0,0,0,1.0,1.0,1.0,1.0,1.0,1,0.5389357006398048,36
912,2,1352,1352,0,0,0,0,1.0,1.0,1.0,1.0,1.0,1,0.5553563781681011,34
913,1,1353,1353,0,0,0,0,1.0,1.0,1.0,1.0,1.0,1,0.5789767510807448,34
914,1,1354,1354,0,0,0,0,1.0,1.0,1.0,1.0,1.0,1,0.6117880825779891,33
915,0,1354,1354,0,0,0,0,1.0,1.0,1.0,1.0,1.0,1,0.6117880825779891,33
916,2,1356,1356,0,0,0,0,1.0,1.0,1.0,1.0,1.0,1,0.5939254996321973,34
917,0,1356,1356,0,0,0,0,1.0,1.0,1.0,1.0,1.0,1,0.5939254996321973,34
918,1,1357,1357,0,0,0,0,1.0,1.0,1.0,1.0,1.0,1,0.588006867550312,36
919,1,1358,1358,0,0,0,0,1.0,1.0,1.0,1.0,1.0,1,0.594601237358408,36
920,2,1360,1360,0,0,0,0,1.0,1.0,1.0,1.0,1.0,1,0.578217868439492,37
921,1,1361,1361,0,0,0,0,1.0,1.0,1.0,1.0,1.0,1,0.5642375986574284,37
922,4,1365,1365,0,0,0,0,1.0,1.0,1.0,1.0,1.0,1,0.5870344960077359,38
923,1,1366,1366,0,0,0,0,1.0,1.0,1.0,1.0,1.0,1,0.5862987639147869,36
924,2,1368,1368,0,0,0,0,1.0,1.0,1.0,1.0,1.0,1,0.5790495087399182,35
925,1,1369,1369,0,0,0,0,1.0,1.0,1.0,1.0,1.0,1,0.6137699857468019,35
926,2,1371,1371,0,0,0,0,1.0,1.0,1.0,1.0,1.0,1,0.64581403365338,34
927,4,1375,1375,0,0,0,0,1.0,1.0,1.0,1.0,1.0,1,0.636330825519536,32
928,0,1375,1375,0,0,0,0,1.0,1.0,1.0,1.0,1.0,1,0.6212277621284524,32
929,1,1376,1376,0,0,0,0,1.0,1.0,1.0,1.0,1.0,1,0.6320884420534718,31
930,0,1376,1376,0,0,0,0,1.0,1.0,1.0,1.0,1.0,1,0.6518209339707701,30
931,1,1377,1377,0,0,0,0,1.0,1.0,1.0,1.0,1.0,1,0.6574610680488764,29
932,2,1379,1379,0,0,0,0,1.0,1.0,1.0,1.0,1.0,1,0.6751494663013559,29
933,0,1379,1379,0,0,0,0,1.0,1.0,1.0,1.0,1.0,1,0.6751494663013559,29
934,1,1380,1380,0,0,0,0,1.0,1.0,1.0,1.0,1.0,1,0.6880400340516154,29
935,0,1380,1380,0,0,0,0,1.0,1.0,1.0,1.0,1.0,1,0.6760358481239731,31
936,2,1382,1382,0,0,0,0,1.0,1.0,1.0,1.0,1.0,1,0.6982045652352221,31
937,1,1383,1383,0,0,0,0,1.0,1.0,1.0,1.0,1.0,1,0.6789249475477183,34
938,2,1385,1385,0,0,0,0,1.0,1.0,1.0,1.0,1.0,1,0.6186678420849792,33
939,1,1386,1386,0,0,0,0,1.0,1.0,1.0,1.0,1.0,1,0.6223094673278583,36
940,1,1387,1387,0,0,0,0,1.0,1.0,1.0,1.0,1.0,1,0.608081786110035,36
941,1,1388,1388,0,0,0,0,1.0,1.0,1.0,1.0,1.0,1,0.5974107810976478,36
942,3,1391,1391,0,0,0,0,1.0,1.0,1.0,1.0,1.0,1,0.5723966052131038,36
943,3,1394,1394,0,0,0,0,1.0,1.0,1.0,1.0,1.0,1,0.5806577045577712,35
944,2,1396,1396,0,0,0,0,1.0,1.0,1.0,1.0,1.0,1,0.5729048079636995,35
945,2,1398,1398,0,0,0,0,1.0,1.0,1.0,1.0,1.0,1,0.6038785001236849,33
946,1,1399,1399,0,0,0,0,1.0,1.0,1.0,1.0,1.0,1,0.6069129895356719,36
947,0,1399,1399,0,0,0,0,1.0,1.0,1.0,1.0,1.0,1,0.6158968880071037,34
948,1,1400,1400,0,0,0,0,1.0,1.0,1.0,1.0,1.0,1,0.6429806673666767,33
949,1,1401,1401,0,0,0,0,1.0,1.0,1.0,1.0,1.0,1,0.6272171344377058,34
950,0,1401,1401,0,0,0,0,1.0,1.0,1.0,1.0,1.0,1,0.639017248021577,33
951,1,1402,1402,0,0,0,0,1.0,1.0,1.0,1.0,1.0,1,0.6328626076029967,33
952,0,1402,1402,0,0,0,0,1.0,1.0,1.0,1.0,1.0,1,0.6370514267163562,32
953,1,1403,1403,0,0,0,0,1.0,1.0,1.0,1.0,1.0,1,0.6284889435796285,32
954,1,1404,1404,0,0,0,0,1.0,1.0,1.0,1.0,1.0,1,0.6421083539955401,31
955,0,1404,1404,0,0,0,0,1.0,1.0,1.0,1.0,1.0,1,0.6515489000837484,32
956,1,1405,1405,0,0,0,0,1.0,1.0,1.0,1.0,1.0,1,0.6784360371606769,32
957,0,1405,1405,0,0,0,0,1.0,1.0,1.0,1.0,1.0,1,0.6731564735802961,33
958,2,1407,1407,0,0,0,0,1.0,1.0,1.0,1.0,1.0,1,0.6645938225344757,35
959,0,1407,1407,0,0,0,0,1.0,1.0,1.0,1.0,1.0,1,0.6447892797559278,36
960,3,1410,1410,0,0,0,0,1.0,1.0,1.0,1.0,1.0,1,0.6487112343521871,38
961,2,1412,1412,0,0,0,0,1.0,1.0,1.0,1.0,1.0,1,0.683022324463557,37
962,2,1414,1414,0,0,0,0,1.0,1.0,1.0,1.0,1.0,1,0.7078422787214522,35
963,1,1415,1415,0,0,0,0,1.0,1.0,1.0,1.0,1.0,1,0.7193277634791346,35
964,0,1415,1415,0,0,0,0,1.0,1.0,1.0,1.0,1.0,1,0.7077701900156412,34
965,0,1415,1415,0,0,0,0,1.0,1.0,1.0,1.0,1.0,1,0.7025114578367526,35
966,1,1416,1416,0,0,0,0,1.0,1.0,1.0,1.0,1.0,1,0.6887022877061004,34
967,1,1417,1417,0,0,0,0,1.0,1.0,1.0,1.0,1.0,1,0.6778096770756094,35
968,3,1420,1420,0,0,0,0,1.0,1.0,1.0,1.0,1.0,1,0.6830069618040726,36
969,0,1420,1420,0,0,0,0,1.0,1.0,1.0,1.0,1.0,1,0.6834847558395392,35
970,0,1420,1420,0,0,0,0,1.0,1.0,1.0,1.0,1.0,1,0.6768286309045262,34
971,1,1421,1421,0,0,0,0,1.0,1.0,1.0,1.0,1.0,1,0.6754603423643822,35
972,1,1422,1422,0,0,0,0,1.0,1.0,1.0,1.0,1.0,1,0.6700576596274612,35
973,1,1423,1423,0,0,0,0,1.0,1.0,1.0,1.0,1.0,1,0.6590973542528493,36
974,1,1424,1424,0,0,0,0,1.0,1.0,1.0,1.0,1.0,1,0.6621463976477622,35
975,2,1426,1426,0,0,0,0,1.0,1.0,1.0,1.0,1.0,1,0.6201047732132638,36
976,0,1426,1426,0,0,0,0,1.0,1.0,1.0,1.0,1.0,1,0.6262409811863769,38
977,1,1427,1427,0,0,0,0,1.0,1.0,1.0,1.0,1.0,1,0.6073319526258836,38
978,4,1431,1431,0,0,0,0,1.0,1.0,1.0,1.0,1.0,1,0.5857074093380137,38
979,1,1432,1432,0,0,0,0,1.0,1.0,1.0,1.0,1.0,1,0.5800642892845947,39
980,2,1434,1434,0,0,0,0,1.0,1.0,1.0,1.0,1.0,1,0.6047885910451681,39
981,2,1436,1436,0,0,0,0,1.0,1.0,1.0,1.0,1.0,1,0.5856072559903875,40
982,3,1439,1439,0,0,0,0,1.0,1.0,1.0,1.0,1.0,1,0.6295200538590517,40
983,0,1439,1439,0,0,0,0,1.0,1.0,1.0,1.0,1.0,1,0.6157493620534769,38
984,1,1440,1440,0,0,0,0,1.0,1.0,1.0,1.0,1.0,1,0.6172025169879637,39
985,3,1443,1443,0,0,0,0,1.0,1.0,1.0,1.0,1.0,1,0.6562229342998879,38
986,1,1444,1444,0,0,0,0,1.0,1.0,1.0,1.0,1.0,1,0.6817671366128032,38
987,2,1446,1446,0,0,0,0,1.0,1.0,1.0,1.0,1.0,1,0.6797648286676622,38
988,0,1446,1446,0,0,0,0,1.0,1.0,1.0,1.0,1.0,1,0.6797648286676622,38
989,0,1446,1446,0,0,0,0,1.0,1.0,1.0,1.0,1.0,1,0.6799960544260099,38
990,0,1446,1446,0,0,0,0,1.0,1.0,1.0,1.0,1.0,1,0.6799960544260099,38
991,0,1446,1446,0,0,0,0,1.0,1.0,1.0,1.0,1.0,1,0.6555135514657686,40
992,2,1448,1448,0,0,0,0,1.0,1.0,1.0,1.0,1.0,1,0.6874611987757938,39
993,0,1448,1448,0,0,0,0,1.0,1.0,1.0,1.0,1.0,1,0.6880708711400934,38
994,1,1449,1449,0,0,0,0,1.0,1.0,1.0,1.0,1.0,1,0.7026460238217946,39
995,0,1449,1449,0,0,0,0,1.0,1.0,1.0,1.0,1.0,1,0.6898853278529133,41
996,2,1451,1451,0,0,0,0,1.0,1.0,1.0,1.0,1.0,1,0.7078970280474778,40
997,0,1451,1451,0,0,0,0,1.0,1.0,1.0,1.0,1.0,1,0.7133879616738755,41
998,1,1452,1452,0,0,0,0,1.0,1.0,1.0,1.0,1.0,1,0.7347838571705574,40
999,0,1452,1452,0,0,0,0,1.0,1.0,1.0,1.0,1.0,1,0.7282739537133498,40
1000,0,1452,1452,0,0,0,0,1.0,1.0,1.0,1.0,1.0,1,0.7282739537133498,40
1001,0,1452,1452,0,0,0,0,1.0,1.0,1.0,1.0,1.0,1,0.7216969610886238,39
1002,0,1452,1452,0,0,0,0,1.0,1.0,1.0,1.0,1.0,1,0.7216969610886238,39
1003,0,1452,1452,0,0,0,0,1.0,1.0,1.0,1.0,1.0,1,0.7216969610886238,39
1004,0,1452,1452,0,0,0,0,1.0,1.0,1.0,1.0,1.0,1,0.7216969610886238,39
1005,0,1452,1452,0,0,0,0,1.0,1.0,1.0,1.0,1.0,1,0.7252855131413709,40
1006,0,1452,1452,0,0,0,0,1.0,1.0,1.0,1.0,1.0,1,0.7171523224441282,41
1007,3,1455,1455,0,0,0,0,1.0,1.0,1.0,1.0,1.0,1,0.6713894857229468,42
1008,1,1456,1456,0,0,0,0,1.0,1.0,1.0,1.0,1.0,1,0.6715997132118351,43
1009,2,1458,1458,0,0,0,0,1.0,1.0,1.0,1.0,1.0,1,0.6572463758033479,44
1010,2,1460,1460,0,0,0,0,1.0,1.0,1.0,1.0,1.0,1,0.651019857909587,44
1011,1,1461,1461,0,0,0,0,1.0,1.0,1.0,1.0,1.0,1,0.6546291094398216,44
1012,3,1464,1464,0,0,0,0,1.0,1.0,1.0,1.0,1.0,1,0.6517056082031846,46
1013,0,1464,1464,0,0,0,0,1.0,1.0,1.0,1.0,1.0,1,0.6517056082031846,46
1014,1,1465,1465,0,0,0,0,1.0,1.0,1.0,1.0,1.0,1,0.6587014097814519,46
1015,1,1466,1466,0,0,0,0,1.0,1.0,1.0,1.0,1.0,1,0.6490393766720037,46
1016,1,1467,1467,0,0,0,0,1.0,1.0,1.0,1.0,1.0,1,0.6606348771443735,47
1017,0,1467,1467,0,0,0,0,1.0,1.0,1.0,1.0,1.0,1,0.6606348771443735,47
1018,3,1470,1470,0,0,0,0,1.0,1.0,1.0,1.0,1.0,1,0.6986675734860072,48
1019,1,1471,1471,0,0,0,0,1.0,1.0,1.0,1.0,1.0,1,0.6876185910592236,49
1020,2,1473,1473,0,0,0,0,1.0,1.0,1.0,1.0,1.0,1,0.6507640653431792,51
1021,0,1473,1473,0,0,0,0,1.0,1.0,1.0,1.0,1.0,1,0.6507640653431792,51
1022,1,1474,1474,0,0,0,0,1.0,1.0,1.0,1.0,1.0,1,0.6483478504659103,52
1023,0,1474,1474,0,0,0,0,1.0,1.0,1.0,1.0,1.0,1,0.6510899775584948,52
1024,0,1474,1474,0,0,0,0,1.0,1.0,1.0,1.0,1.0,1,0.6510899775584948,52
1025,0,1474,1474,0,0,0,0,1.0,1.0,1.0,1.0,1.0,1,0.6458819539051156,54
1026,0,1474,1474,0,0,0,0,1.0,1.0,1.0,1.0,1.0,1,0.6458819539051156,54
1027,0,1474,1474,0,0,0,0,1.0,1.0,1.0,1.0,1.0,1,0.6369123194558296,55
1028,1,1475,1475,0,0,0,0,1.0,1.0,1.0,1.0,1.0,1,0.6296829465832958,56
1029,0,1475,1475,0,0,0,0,1.0,1.0,1.0,1.0,1.0,1,0.6296829465832958,56
1030,0,1475,1475,0,0,0,0,1.0,1.0,1.0,1.0,1.0,1,0.6348008145117784,57
1031,0,1475,1475,0,0,0,0,1.0,1.0,1.0,1.0,1.0,1,0.6298842561380038,58
1032,2,1477,1477,0,0,0,0,1.0,1.0,1.0,1.0,1.0,1,0.643808085240757,58
1033,1,1478,1478,0,0,0,0,1.0,1.0,1.0,1.0,1.0,1,0.6386705686895571,57
1034,3,1481,1481,0,0,0,0,1.0,1.0,1.0,1.0,1.0,1,0.6548113661791694,57
1035,3,1484,1484,0,0,0,0,1.0,1.0,1.0,1.0,1.0,1,0.6703460650869484,57
1036,4,1488,1488,0,0,0,0,1.0,1.0,1.0,1.0,1.0,1,0.6582037518619634,59
1037,2,1490,1490,0,0,0,0,1.0,1.0,1.0,1.0,1.0,1,0.663731697420665,57
1038,3,1493,1493,0,0,0,0,1.0,1.0,1.0,1.0,1.0,1,0.6633247842735452,59
1039,5,1498,1498,0,0,0,0,1.0,1.0,1.0,1.0,1.0,1,0.6652997614645617,57
1040,1,1499,1499,0,0,0,0,1.0,1.0,1.0,1.0,1.0,1,0.66518875757741,56
1041,3,1502,1502,0,0,0,0,1.0,1.0,1.0,1.0,1.0,1,0.6802785105261634,54
1042,2,1504,1504,0,0,0,0,1.0,1.0,1.0,1.0,1.0,1,0.6627426660884657,52
1043,2,1506,1506,0,0,0,0,1.0,1.0,1.0,1.0,1.0,1,0.6788196887330583,52
1044,2,1508,1508,0,0,0,0,1.0,1.0,1.0,1.0,1.0,1,0.6586037581898498,50
1045,2,1510,1510,0,0,0,0,1.0,1.0,1.0,1.0,1.0,1,0.6592255915638473,51
1046,4,1514,1514,0,0,0,0,1.0,1.0,1.0,1.0,1.0,1,0.6653006958559804,50
1047,1,1515,1515,0,0,0,0,1.0,1.0,1.0,1.0,1.0,1,0.630280484453991,50
1048,0,1515,1515,0,0,0,0,1.0,1.0,1.0,1.0,1.0,1,0.630280484453991,50
1049,2,1517,1517,0,0,0,0,1.0,1.0,1.0,1.0,1.0,1,0.6388862578243544,50
1050,1,1518,1518,0,0,0,0,1.0,1.0,1.0,1.0,1.0,1,0.6361009747193367,50
1051,0,1518,1518,0,0,0,0,1.0,1.0,1.0,1.0,1.0,1,0.6323776831889318,50
1052,0,1518,1518,0,0,0,0,1.0,1.0,1.0,1.0,1.0,1,0.6387417050453872,51
1053,1,1519,1519,0,0,0,0,1.0,1.0,1.0,1.0,1.0,1,0.6328883410673529,51
1054,0,1519,1519,0,0,0,0,1.0,1.0,1.0,1.0,1.0,1,0.612477887686514,53
1055,1,1520,1520,0,0,0,0,1.0,1.0,1.0,1.0,1.0,1,0.6140252195351872,54
1056,1,1521,1521,0,0,0,0,1.0,1.0,1.0,1.0,1.0,1,0.6110176210236236,54
1057,0,1521,1521,0,0,0,0,1.0,1.0,1.0,1.0,1.0,1,0.6159463967010854,55
1058,2,1523,1523,0,0,0,0,1.0,1.0,1.0,1.0,1.0,1,0.5987738432291354,54
1059,0,1523,1523,0,0,0,0,1.0,1.0,1.0,1.0,1.0,1,0.6080291172851187,53
1060,2,1525,1525,0,0,0,0,1.0,1.0,1.0,1.0,1.0,1,0.5916738663886786,53
1061,3,1528,1528,0,0,0,0,1.0,1.0,1.0,1.0,1.0,1,0.5931245126932796,53
1062,4,1532,1532,0,0,0,0,1.0,1.0,1.0,1.0,1.0,1,0.5981951377118551,54
1063,1,1533,1533,0,0,0,0,1.0,1.0,1.0,1.0,1.0,1,0.6127814020461122,53
1064,3,1536,1536,0,0,0,0,1.0,1.0,1.0,1.0,1.0,1,0.591226744509686,55
1065,1,1537,1537,0,0,0,0,1.0,1.0,1.0,1.0,1.0,1,0.604216347201887,54
1066,4,1541,1541,0,0,0,0,1.0,1.0,1.0,1.0,1.0,1,0.6034752717037478,55
1067,1,1542,1542,0,0,0,0,1.0,1.0,1.0,1.0,1.0,1,0.615398447660967,55
1068,1,1543,1543,0,0,0,0,1.0,1.0,1.0,1.0,1.0,1,0.6168040968618183,55
1069,3,1546,1546,0,0,0,0,1.0,1.0,1.0,1.0,1.0,1,0.5969560555125758,55
1070,1,1547,1547,0,0,0,0,1.0,1.0,1.0,1.0,1.0,1,0.6018757198012638,54
1071,1,1548,1548,0,0,0,0,1.0,1.0,1.0,1.0,1.0,1,0.5856031732496297,55
1072,5,1553,1553,0,0,0,0,1.0,1.0,1.0,1.0,1.0,1,0.5718460682882588,54
1073,1,1554,1554,0,0,0,0,1.0,1.0,1.0,1.0,1.0,1,0.5748450557495915,54
1074,4,1558,1558,0,0,0,0,1.0,1.0,1.0,1.0,1.0,1,0.5944243692768073,52
1075,3,1561,1561,0,0,0,0,1.0,1.0,1.0,1.0,1.0,1,0.5631047037497761,51
1076,3,1564,1564,0,0,0,0,1.0,1.0,1.0,1.0,1.0,1,0.5878052160006713,52
1077,2,1566,1566,0,0,0,0,1.0,1.0,1.0,1.0,1.0,1,0.5875918356340236,49
1078,4,1570,1570,0,0,0,0,1.0,1.0,1.0,1.0,1.0,1,0.6025195513906483,48
1079,1,1571,1571,0,0,0,0,1.0,1.0,1.0,1.0,1.0,1,0.6118073604121271,47
1080,4,1575,1575,0,0,0,0,1.0,1.0,1.0,1.0,1.0,1,0.5986397477387816,47
1081,4,1579,1579,0,0,0,0,1.0,1.0,1.0,1.0,1.0,1,0.6403325910124393,45
1082,2,1581,1581,0,0,0,0,1.0,1.0,1.0,1.0,1.0,1,0.6439777531746473,42
1083,2,1583,1583,0,0,0,0,1.0,1.0,1.0,1.0,1.0,1,0.6609264344738842,42
1084,0,1583,1583,0,0,0,0,1.0,1.0,1.0,1.0,1.0,1,0.6576619331960822,40
1085,1,1584,1584,0,0,0,0,1.0,1.0,1.0,1.0,1.0,1,0.6397479641244834,43
1086,0,1584,1584,0,0,0,0,1.0,1.0,1.0,1.0,1.0,1,0.6454119480089097,41
1087,1,1585,1585,0,0,0,0,1.0,1.0,1.0,1.0,1.0,1,0.660324772724313,41
1088,2,1587,1587,0,0,0,0,1.0,1.0,1.0,1.0,1.0,1,0.6577074328353615,41
1089,3,1590,1590,0,0,0,0,1.0,1.0,1.0,1.0,1.0,1,0.666760801059937,42
1090,0,1590,1590,0,0,0,0,1.0,1.0,1.0,1.0,1.0,1,0.6667578643579725,43
1091,0,1590,1590,0,0,0,0,1.0,1.0,1.0,1.0,1.0,1,0.6531232428401812,43
1092,1,1591,1591,0,0,0,0,1.0,1.0,1.0,1.0,1.0,1,0.6572314848783485,43
1093,1,1592,1592,0,0,0,0,1.0,1.0,1.0,1.0,1.0,1,0.6626199295493883,43
1094,1,1593,1593,0,0,0,0,1.0,1.0,1.0,1.0,1.0,1,0.6562143463015347,43
1095,0,1593,1593,0,0,0,0,1.0,1.0,1.0,1.0,1.0,1,0.6618330891112422,44
1096,2,1595,1595,0,0,0,0,1.0,1.0,1.0,1.0,1.0,1,0.6465237410656034,44
1097,1,1596,1596,0,0,0,0,1.0,1.0,1.0,1.0,1.0,1,0.6398882257335807,45
1098,2,1598,1598,0,0,0,0,1.0,1.0,1.0,1.0,1.0,1,0.6194731212789896,46
1099,1,1599,1599,0,0,0,0,1.0,1.0,1.0,1.0,1.0,1,0.6133940539852633,48
1100,3,1602,1602,0,0,0,0,1.0,1.0,1.0,1.0,1.0,1,0.5861864774455302,49
1101,2,1604,1604,0,0,0,0,1.0,1.0,1.0,1.0,1.0,1,0.5581549695454479,49
1102,3,1607,1607,0,0,0,0,1.0,1.0,1.0,1.0,1.0,1,0.53950837965904,50
1103,3,1610,1610,0,0,0,0,1.0,1.0,1.0,1.0,1.0,1,0.518503229888114,48
1104,4,1614,1614,0,0,0,0,1.0,1.0,1.0,1.0,1.0,1,0.4899552491089603,50
1105,3,1617,1617,0,0,0,0,1.0,1.0,1.0,1.0,1.0,1,0.4967028298238751,48
1106,1,1618,1618,0,0,0,0,1.0,1.0,1.0,1.0,1.0,1,0.5190901221340508,48
1107,4,1622,1622,0,0,0,0,1.0,1.0,1.0,1.0,1.0,1,0.5081453422825124,47
1108,2,1624,1624,0,0,0,0,1.0,1.0,1.0,1.0,1.0,1,0.5096205892980488,47
1109,4,1628,1628,0,0,0,0,1.0,1.0,1.0,1.0,1.0,1,0.5207051819418039,46
1110,5,1633,1633,0,0,0,0,1.0,1.0,1.0,1.0,1.0,1,0.5522421175179139,43
1111,0,1633,1633,0,0,0,0,1.0,1.0,1.0,1.0,1.0,1,0.5589224238510327,44
1112,6,1639,1639,0,0,0,0,1.0,1.0,1.0,1.0,1.0,1,0.5926476392545899,43
1113,2,1641,1641,0,0,0,0,1.0,1.0,1.0,1.0,1.0,1,0.6292474615696235,39
1114,1,1642,1642,0,0,0,0,1.0,1.0,1.0,1.0,1.0,1,0.6427564621786979,39
1115,3,1645,1645,0,0,0,0,1.0,1.0,1.0,1.0,1.0,1,0.6387000893484928,37
1116,2,1647,1647,0,0,0,0,1.0,1.0,1.0,1.0,1.0,1,0.6225581043454228,37
1117,1,1648,1648,0,0,0,0,1.0,1.0,1.0,1.0,1.0,1,0.635729578034831,36
1118,0,1648,1648,0,0,0,0,1.0,1.0,1.0,1.0,1.0,1,0.6362155875772898,36
1119,1,1649,1649,0,0,0,0,1.0,1.0,1.0,1.0,1.0,1,0.6295345271018593,36
1120,0,1649,1649,0,0,0,0,1.0,1.0,1.0,1.0,1.0,1,0.6295345271018593,36
1121,0,1649,1649,0,0,0,0,1.0,1.0,1.0,1.0,1.0,1,0.6295345271018593,36
1122,1,1650,1650,0,0,0,0,1.0,1.0,1.0,1.0,1.0,1,0.6401191580107758,37
1123,0,1650,1650,0,0,0,0,1.0,1.0,1.0,1.0,1.0,1,0.6401191580107758,37
1124,1,1651,1651,0,0,0,0,1.0,1.0,1.0,1.0,1.0,1,0.6335927317502549,37
1125,1,1652,1652,0,0,0,0,1.0,1.0,1.0,1.0,1.0,1,0.6160999212890458,38
1126,2,1654,1654,0,0,0,0,1.0,1.0,1.0,1.0,1.0,1,0.6039816454064246,38
1127,1,1655,1655,0,0,0,0,1.0,1.0,1.0,1.0,1.0,1,0.6044762953619292,39
1128,2,1657,1657,0,0,0,0,1.0,1.0,1.0,1.0,1.0,1,0.5934988072853457,39
1129,0,1657,1657,0,0,0,0,1.0,1.0,1.0,1.0,1.0,1,0.5934988072853457,39
1130,1,1658,1658,0,0,0,0,1.0,1.0,1.0,1.0,1.0,1,0.607738093540862,39
1131,1,1659,1659,0,0,0,0,1.0,1.0,1.0,1.0,1.0,1,0.6082589911617516,39
1132,2,1661,1661,0,0,0,0,1.0,1.0,1.0,1.0,1.0,1,0.5887094536166217,39
1133,1,1662,1662,0,0,0,0,1.0,1.0,1.0,1.0,1.0,1,0.5691086654361429,42
1134,1,1663,1663,0,0,0,0,1.0,1.0,1.0,1.0,1.0,1,0.5550590559195561,42
1135,0,1663,1663,0,0,0,0,1.0,1.0,1.0,1.0,1.0,1,0.5640874335605195,44
1136,0,1663,1663,0,0,0,0,1.0,1.0,1.0,1.0,1.0,1,0.5678987897634514,46
1137,1,1664,1664,0,0,0,0,1.0,1.0,1.0,1.0,1.0,1,0.5698007162972225,45
1138,3,1667,1667,0,0,0,0,1.0,1.0,1.0,1.0,1.0,1,0.5350445406738786,46
1139,0,1667,1667,0,0,0,0,1.0,1.0,1.0,1.0,1.0,1,0.5410226969027734,47
1140,2,1669,1669,0,0,0,0,1.0,1.0,1.0,1.0,1.0,1,0.5394700368447004,46
1141,1,1670,1670,0,0,0,0,1.0,1.0,1.0,1.0,1.0,1,0.541823764668607,45
1142,5,1675,1675,0,0,0,0,1.0,1.0,1.0,1.0,1.0,1,0.5511795712792653,45
1143,4,1679,1679,0,0,0,0,1.0,1.0,1.0,1.0,1.0,1,0.5841930845888245,43
1144,2,1681,1681,0,0,0,0,1.0,1.0,1.0,1.0,1.0,1,0.5682667093843313,45
1145,5,1686,1686,0,0,0,0,1.0,1.0,1.0,1.0,1.0,1,0.5640831485336626,44
1146,1,1687,1687,0,0,0,0,1.0,1.0,1.0,1.0,1.0,1,0.5711261944990715,45
1147,3,1690,1690,0,0,0,0,1.0,1.0,1.0,1.0,1.0,1,0.5799078419901115,44
1148,5,1695,1695,0,0,0,0,1.0,1.0,1.0,1.0,1.0,1,0.5698010488884137,43
1149,2,1697,1697,0,0,0,0,1.0,1.0,1.0,1.0,1.0,1,0.6179065116538252,42
1150,2,1699,1699,0,0,0,0,1.0,1.0,1.0,1.0,1.0,1,0.6325442865070634,45
1151,0,1699,1699,0,0,0,0,1.0,1.0,1.0,1.0,1.0,1,0.6569316356515174,40
1152,1,1700,1700,0,0,0,0,1.0,1.0,1.0,1.0,1.0,1,0.6387246173673626,41
1153,3,1703,1703,0,0,0,0,1.0,1.0,1.0,1.0,1.0,1,0.6736352712540474,38
1154,3,1706,1706,0,0,0,0,1.0,1.0,1.0,1.0,1.0,1,0.6473845053710566,37
1155,3,1709,1709,0,0,0,0,1.0,1.0,1.0,1.0,1.0,1,0.6551500278231589,38
1156,3,1712,1712,0,0,0,0,1.0,1.0,1.0,1.0,1.0,1,0.672451700115669,38
1157,0,1712,1712,0,0,0,0,1.0,1.0,1.0,1.0,1.0,1,0.6683479653967781,37
1158,0,1712,1712,0,0,0,0,1.0,1.0,1.0,1.0,1.0,1,0.6620593294036172,36
1159,1,1713,1713,0,0,0,0,1.0,1.0,1.0,1.0,1.0,1,0.6612903220601869,35
1160,1,1714,1714,0,0,0,0,1.0,1.0,1.0,1.0,1.0,1,0.6538252965273114,35
1161,0,1714,1714,0,0,0,0,1.0,1.0,1.0,1.0,1.0,1,0.6468628588047978,36
1162,1,1715,1715,0,0,0,0,1.0,1.0,1.0,1.0,1.0,1,0.6457893777355846,37
1163,0,1715,1715,0,0,0,0,1.0,1.0,1.0,1.0,1.0,1,0.6457893777355846,37
1164,0,1715,1715,0,0,0,0,1.0,1.0,1.0,1.0,1.0,1,0.6369916056869078,38
1165,0,1715,1715,0,0,0,0,1.0,1.0,1.0,1.0,1.0,1,0.6369916056869078,38
1166,0,1715,1715,0,0,0,0,1.0,1.0,1.0,1.0,1.0,1,0.6439862851725107,40
1167,2,1717,1717,0,0,0,0,1.0,1.0,1.0,1.0,1.0,1,0.6323605472497066,40
1168,2,1719,1719,0,0,0,0,1.0,1.0,1.0,1.0,1.0,1,0.6172094251464733,40
1169,0,1719,1719,0,0,0,0,1.0,1.0,1.0,1.0,1.0,1,0.608482277330795,41
1170,2,1721,1721,0,0,0,0,1.0,1.0,1.0,1.0,1.0,1,0.6331408507529189,41
1171,1,1722,1722,0,0,0,0,1.0,1.0,1.0,1.0,1.0,1,0.63280382335723,43
1172,1,1723,1723,0,0,0,0,1.0,1.0,1.0,1.0,1.0,1,0.6381367744663294,43
1173,0,1723,1723,0,0,0,0,1.0,1.0,1.0,1.0,1.0,1,0.6381367744663294,43
1174,1,1724,1724,0,0,0,0,1.0,1.0,1.0,1.0,1.0,1,0.6501571057675846,43
1175,0,1724,1724,0,0,0,0,1.0,1.0,1.0,1.0,1.0,1,0.6550985569674765,44
1176,1,1725,1725,0,0,0,0,1.0,1.0,1.0,1.0,1.0,1,0.6652529056589445,45
1177,1,1726,1726,0,0,0,0,1.0,1.0,1.0,1.0,1.0,1,0.676354386080575,45
1178,2,1728,1728,0,0,0,0,1.0,1.0,1.0,1.0,1.0,1,0.6531456481878122,45
1179,1,1729,1729,0,0,0,0,1.0,1.0,1.0,1.0,1.0,1,0.6537642694370973,46
1180,1,1730,1730,0,0,0,0,1.0,1.0,1.0,1.0,1.0,1,0.6269586810559095,47
1181,0,1730,1730,0,0,0,0,1.0,1.0,1.0,1.0,1.0,1,0.6327352253732559,48
1182,1,1731,1731,0,0,0,0,1.0,1.0,1.0,1.0,1.0,1,0.6362657488147712,48
1183,1,1732,1732,0,0,0,0,1.0,1.0,1.0,1.0,1.0,1,0.657079741827043,46
1184,2,1734,1734,0,0,0,0,1.0,1.0,1.0,1.0,1.0,1,0.6425627522197663,47
1185,0,1734,1734,0,0,0,0,1.0,1.0,1.0,1.0,1.0,1,0.6571185663996705,44
1186,0,1734,1734,0,0,0,0,1.0,1.0,1.0,1.0,1.0,1,0.6573530006108977,47
1187,0,1734,1734,0,0,0,0,1.0,1.0,1.0,1.0,1.0,1,0.6618105231637118,49
1188,2,1736,1736,0,0,0,0,1.0,1.0,1.0,1.0,1.0,1,0.6854025256526515,50
1189,0,1736,1736,0,0,0,0,1.0,1.0,1.0,1.0,1.0,1,0.6778479139100939,48
1190,2,1738,1738,0,0,0,0,1.0,1.0,1.0,1.0,1.0,1,0.715940299161438,48
1191,0,1738,1738,0,0,0,0,1.0,1.0,1.0,1.0,1.0,1,0.7076671304190842,46
1192,0,1738,1738,0,0,0,0,1.0,1.0,1.0,1.0,1.0,1,0.7076671304190842,46
1193,0,1738,1738,0,0,0,0,1.0,1.0,1.0,1.0,1.0,1,0.7015799832428632,45
1194,0,1738,1738,0,0,0,0,1.0,1.0,1.0,1.0,1.0,1,0.7015799832428632,45
1195,1,1739,1739,0,0,0,0,1.0,1.0,1.0,1.0,1.0,1,0.6826170933199388,47
1196,2,1741,1741,0,0,0,0,1.0,1.0,1.0,1.0,1.0,1,0.678417482068528,48
1197,0,1741,1741,0,0,0,0,1.0,1.0,1.0,1.0,1.0,1,0.6645150307094901,49
1198,2,1743,1743,0,0,0,0,1.0,1.0,1.0,1.0,1.0,1,0.6819478314124575,49
1199,1,1744,1744,0,0,0,0,1.0,1.0,1.0,1.0,1.0,1,0.6757621666804563,50
1200,1,1745,1745,0,0,0,0,1.0,1.0,1.0,1.0,1.0,1,0.6825142694108249,50
1201,0,1745,1745,0,0,0,0,1.0,1.0,1.0,1.0,1.0,1,0.6825142694108249,50
1202,1,1746,1746,0,0,0,0,1.0,1.0,1.0,1.0,1.0,1,0.6871598345597877,51
1203,0,1746,1746,0,0,0,0,1.0,1.0,1.0,1.0,1.0,1,0.6766768239229701,52
1204,0,1746,1746,0,0,0,0,1.0,1.0,1.0,1.0,1.0,1,0.6766768239229701,52
1205,1,1747,1747,0,0,0,0,1.0,1.0,1.0,1.0,1.0,1,0.6966831238542065,53
1206,1,1748,1748,0,0,0,0,1.0,1.0,1.0,1.0,1.0,1,0.6934620441197511,53
1207,1,1749,1749,0,0,0,0,1.0,1.0,1.0,1.0,1.0,1,0.6800332088429498,55
1208,0,1749,1749,0,0,0,0,1.0,1.0,1.0,1.0,1.0,1,0.6831667996460359,56
1209,1,1750,1750,0,0,0,0,1.0,1.0,1.0,1.0,1.0,1,0.6888474377982359,55
1210,0,1750,1750,0,0,0,0,1.0,1.0,1.0,1.0,1.0,1,0.6888474377982359,55
1211,1,1751,1751,0,0,0,0,1.0,1.0,1.0,1.0,1.0,1,0.6685222591644259,57
1212,0,1751,1751,0,0,0,0,1.0,1.0,1.0,1.0,1.0,1,0.6685222591644259,57
1213,1,1752,1752,0,0,0,0,1.0,1.0,1.0,1.0,1.0,1,0.6645038980117204,57
1214,2,1754,1754,0,0,0,0,1.0,1.0,1.0,1.0,1.0,1,0.6577255441628007,57
1215,1,1755,1755,0,0,0,0,1.0,1.0,1.0,1.0,1.0,1,0.6450694702690417,59
1216,3,1758,1758,0,0,0,0,1.0,1.0,1.0,1.0,1.0,1,0.6371778980462727,61
1217,0,1758,1758,0,0,0,0,1.0,1.0,1.0,1.0,1.0,1,0.6371778980462727,61
1218,4,1762,1762,0,0,0,0,1.0,1.0,1.0,1.0,1.0,1,0.6138704337236724,61
1219,2,1764,1764,0,0,0,0,1.0,1.0,1.0,1.0,1.0,1,0.6041954386476419,61
1220,2,1766,1766,0,0,0,0,1.0,1.0,1.0,1.0,1.0,1,0.584689896319649,60
1221,3,1769,1769,0,0,0,0,1.0,1.0,1.0,1.0,1.0,1,0.5717839124250974,61
1222,2,1771,1771,0,0,0,0,1.0,1.0,1.0,1.0,1.0,1,0.5606988451385827,61
1223,4,1775,1775,0,0,0,0,1.0,1.0,1.0,1.0,1.0,1,0.5758493143873012,59
1224,4,1779,1779,0,0,0,0,1.0,1.0,1.0,1.0,1.0,1,0.5746910915966573,60
1225,4,1783,1783,0,0,0,0,1.0,1.0,1.0,1.0,1.0,1,0.5936006964634417,60
1226,4,1787,1787,0,0,0,0,1.0,1.0,1.0,1.0,1.0,1,0.5916042762334732,61
1227,1,1788,1788,0,0,0,0,1.0,1.0,1.0,1.0,1.0,1,0.5934974101782525,59
1228,6,1794,1794,0,0,0,0,1.0,1.0,1.0,1.0,1.0,1,0.5854813109824754,58
1229,3,1797,1797,0,0,0,0,1.0,1.0,1.0,1.0,1.0,1,0.5952208722194376,57
1230,5,1802,1802,0,0,0,0,1.0,1.0,1.0,1.0,1.0,1,0.5735678173112779,55
1231,2,1804,1804,0,0,0,0,1.0,1.0,1.0,1.0,1.0,1,0.5592432201407019,54
1232,2,1806,1806,0,0,0,0,1.0,1.0,1.0,1.0,1.0,1,0.5804636986269741,51
1233,2,1808,1808,0,0,0,0,1.0,1.0,1.0,1.0,1.0,1,0.6078510011395056,49
1234,1,1809,1809,0,0,0,0,1.0,1.0,1.0,1.0,1.0,1,0.618546655003623,49
1235,1,1810,1810,0,0,0,0,1.0,1.0,1.0,1.0,1.0,1,0.6514528033683862,48
1236,1,1811,1811,0,0,0,0,1.0,1.0,1.0,1.0,1.0,1,0.6539169719917175,49
1237,2,1813,1813,0,0,0,0,1.0,1.0,1.0,1.0,1.0,1,0.679529230063491,48
1238,1,1814,1814,0,0,0,0,1.0,1.0,1.0,1.0,1.0,1,0.6809620240477285,47
1239,1,1815,1815,0,0,0,0,1.0,1.0,1.0,1.0,1.0,1,0.6572139184894268,48
1240,1,1816,1816,0,0,0,0,1.0,1.0,1.0,1.0,1.0,1,0.665147695537422,49
1241,1,1817,1817,0,0,0,0,1.0,1.0,1.0,1.0,1.0,1,0.6503604514807124,49
1242,0,1817,1817,0,0,0,0,1.0,1.0,1.0,1.0,1.0,1,0.6524572852829218,49
1243,1,1818,1818,0,0,0,0,1.0,1.0,1.0,1.0,1.0,1,0.641158267138576,50
1244,0,1818,1818,0,0,0,0,1.0,1.0,1.0,1.0,1.0,1,0.6444336707993203,50
1245,2,1820,1820,0,0,0,0,1.0,1.0,1.0,1.0,1.0,1,0.635424519232607,51
1246,1,1821,1821,0,0,0,0,1.0,1.0,1.0,1.0,1.0,1,0.6459428848603971,52
1247,0,1821,1821,0,0,0,0,1.0,1.0,1.0,1.0,1.0,1,0.6459428848603971,52
1248,1,1822,1822,0,0,0,0,1.0,1.0,1.0,1.0,1.0,1,0.6501315005877564,51
1249,3,1825,1825,0,0,0,0,1.0,1.0,1.0,1.0,1.0,1,0.6471700385911815,51
1250,2,1827,1827,0,0,0,0,1.0,1.0,1.0,1.0,1.0,1,0.6561860312912613,51
1251,1,1828,1828,0,0,0,0,1.0,1.0,1.0,1.0,1.0,1,0.6489444852675852,53
1252,3,1831,1831,0,0,0,0,1.0,1.0,1.0,1.0,1.0,1,0.6546247043962963,52
1253,0,1831,1831,0,0,0,0,1.0,1.0,1.0,1.0,1.0,1,0.6546247043962963,52
1254,1,1832,1832,0,0,0,0,1.0,1.0,1.0,1.0,1.0,1,0.648589089345242,53
1255,1,1833,1833,0,0,0,0,1.0,1.0,1.0,1.0,1.0,1,0.6286875166112382,55
1256,0,1833,1833,0,0,0,0,1.0,1.0,1.0,1.0,1.0,1,0.6286875166112382,55
1257,0,1833,1833,0,0,0,0,1.0,1.0,1.0,1.0,1.0,1,0.6224926903549505,57
1258,2,1835,1835,0,0,0,0,1.0,1.0,1.0,1.0,1.0,1,0.6055154836697637,57
1259,1,1836,1836,0,0,0,0,1.0,1.0,1.0,1.0,1.0,1,0.5941897084049044,57
1260,2,1838,1838,0,0,0,0,1.0,1.0,1.0,1.0,1.0,1,0.5662903298673093,56
1261,3,1841,1841,0,0,0,0,1.0,1.0,1.0,1.0,1.0,1,0.5503458909434905,57
1262,1,1842,1842,0,0,0,0,1.0,1.0,1.0,1.0,1.0,1,0.5588879350608831,58
1263,4,1846,1846,0,0,0,0,1.0,1.0,1.0,1.0,1.0,1,0.5658384457381695,58
1264,2,1848,1848,0,0,0,0,1.0,1.0,1.0,1.0,1.0,1,0.5775493871776827,57
1265,4,1852,1852,0,0,0,0,1.0,1.0,1.0,1.0,1.0,1,0.5912315340444569,56
1266,2,1854,1854,0,0,0,0,1.0,1.0,1.0,1.0,1.0,1,0.6149413648239547,55
1267,5,1859,1859,0,0,0,0,1.0,1.0,1.0,1.0,1.0,1,0.6034721001083285,53
1268,6,1865,1865,0,0,0,0,1.0,1.0,1.0,1.0,1.0,1,0.6195080918759392,52
1269,0,1865,1865,0,0,0,0,1.0,1.0,1.0,1.0,1.0,1,0.6134910218449133,51
1270,1,1866,1866,0,0,0,0,1.0,1.0,1.0,1.0,1.0,1,0.6122101153780211,47
1271,1,1867,1867,0,0,0,0,1.0,1.0,1.0,1.0,1.0,1,0.6156195731152065,46
1272,0,1867,1867,0,0,0,0,1.0,1.0,1.0,1.0,1.0,1,0.6072863005556068,43
1273,2,1869,1869,0,0,0,0,1.0,1.0,1.0,1.0,1.0,1,0.6127959069001842,44
1274,2,1871,1871,0,0,0,0,1.0,1.0,1.0,1.0,1.0,1,0.6036070270297417,44
1275,0,1871,1871,0,0,0,0,1.0,1.0,1.0,1.0,1.0,1,0.6092233016306179,45
1276,3,1874,1874,0,0,0,0,1.0,1.0,1.0,1.0,1.0,1,0.6059902820921322,43
1277,3,1877,1877,0,0,0,0,1.0,1.0,1.0,1.0,1.0,1,0.6189135721871298,44
1278,4,1881,1881,0,0,0,0,1.0,1.0,1.0,1.0,1.0,1,0.642094918803285,45
1279,2,1883,1883,0,0,0,0,1.0,1.0,1.0,1.0,1.0,1,0.6327137444189997,47
1280,0,1883,1883,0,0,0,0,1.0,1.0,1.0,1.0,1.0,1,0.6327137444189997,47
1281,1,1884,1884,0,0,0,0,1.0,1.0,1.0,1.0,1.0,1,0.6390782847165326,47
1282,1,1885,1885,0,0,0,0,1.0,1.0,1.0,1.0,1.0,1,0.6454008042943505,46
1283,2,1887,1887,0,0,0,0,1.0,1.0,1.0,1.0,1.0,1,0.6513261630479049,46
1284,0,1887,1887,0,0,0,0,1.0,1.0,1.0,1.0,1.0,1,0.6513261630479049,46
1285,0,1887,1887,0,0,0,0,1.0,1.0,1.0,1.0,1.0,1,0.6455003683218914,46
1286,0,1887,1887,0,0,0,0,1.0,1.0,1.0,1.0,1.0,1,0.6568904233087606,45
1287,0,1887,1887,0,0,0,0,1.0,1.0,1.0,1.0,1.0,1,0.6448010009686204,49
1288,1,1888,1888,0,0,0,0,1.0,1.0,1.0,1.0,1.0,1,0.6339882519844812,49
1289,1,1889,1889,0,0,0,0,1.0,1.0,1.0,1.0,1.0,1,0.6141781311877701,52
1290,1,1890,1890,0,0,0,0,1.0,1.0,1.0,1.0,1.0,1,0.60988080677872,52
1291,0,1890,1890,0,0,0,0,1.0,1.0,1.0,1.0,1.0,1,0.60988080677872,52
1292,0,1890,1890,0,0,0,0,1.0,1.0,1.0,1.0,1.0,1,0.6012840435903698,53
1293,2,1892,1892,0,0,0,0,1.0,1.0,1.0,1.0,1.0,1,0.5941281477048966,53
1294,2,1894,1894,0,0,0,0,1.0,1.0,1.0,1.0,1.0,1,0.585912014219747,53
1295,0,1894,1894,0,0,0,0,1.0,1.0,1.0,1.0,1.0,1,0.5900988378641707,54
1296,1,1895,1895,0,0,0,0,1.0,1.0,1.0,1.0,1.0,1,0.5716545972593332,55
1297,1,1896,1896,0,0,0,0,1.0,1.0,1.0,1.0,1.0,1,0.5746227343243214,54
1298,2,1898,1898,0,0,0,0,1.0,1.0,1.0,1.0,1.0,1,0.5524123999703519,55
1299,1,1899,1899,0,0,0,0,1.0,1.0,1.0,1.0,1.0,1,0.5414496110632648,54
1300,4,1903,1903,0,0,0,0,1.0,1.0,1.0,1.0,1.0,1,0.5535517097866505,55
1301,2,1905,1905,0,0,0,0,1.0,1.0,1.0,1.0,1.0,1,0.5775216728511519,54
1302,4,1909,1909,0,0,0,0,1.0,1.0,1.0,1.0,1.0,1,0.6273599637191253,54
1303,2,1911,1911,0,0,0,0,1.0,1.0,1.0,1.0,1.0,1,0.6310567223372032,50
1304,6,1917,1917,0,0,0,0,1.0,1.0,1.0,1.0,1.0,1,0.6319366150626846,51
1305,2,1919,1919,0,0,0,0,1.0,1.0,1.0,1.0,1.0,1,0.6485185276681438,48
1306,7,1926,1926,0,0,0,0,1.0,1.0,1.0,1.0,1.0,1,0.6944424128856201,48
1307,1,1927,1927,0,0,0,0,1.0,1.0,1.0,1.0,1.0,1,0.6766369138314845,48
1308,1,1928,1928,0,0,0,0,1.0,1.0,1.0,1.0,1.0,1,0.6632589912066985,46
1309,2,1930,1930,0,0,0,0,1.0,1.0,1.0,1.0,1.0,1,0.6657057293877844,47
1310,3,1933,1933,0,0,0,0,1.0,1.0,1.0,1.0,1.0,1,0.6223133527405348,46
1311,1,1934,1934,0,0,0,0,1.0,1.0,1.0,1.0,1.0,1,0.6295636023252769,46
1312,3,1937,1937,0,0,0,0,1.0,1.0,1.0,1.0,1.0,1,0.6340109838305951,45
1313,1,1938,1938,0,0,0,0,1.0,1.0,1.0,1.0,1.0,1,0.6657723189214547,44
1314,0,1938,1938,0,0,0,0,1.0,1.0,1.0,1.0,1.0,1,0.6726035988660335,42
1315,2,1940,1940,0,0,0,0,1.0,1.0,1.0,1.0,1.0,1,0.6957854953579968,40
1316,0,1940,1940,0,0,0,0,1.0,1.0,1.0,1.0,1.0,1,0.6711531119065951,42
1317,1,1941,1941,0,0,0,0,1.0,1.0,1.0,1.0,1.0,1,0.6623914950500922,42
1318,0,1941,1941,0,0,0,0,1.0,1.0,1.0,1.0,1.0,1,0.6623914950500922,42
1319,1,1942,1942,0,0,0,0,1.0,1.0,1.0,1.0,1.0,1,0.6584235594035273,42
1320,0,1942,1942,0,0,0,0,1.0,1.0,1.0,1.0,1.0,1,0.6584235594035273,42
1321,2,1944,1944,0,0,0,0,1.0,1.0,1.0,1.0,1.0,1,0.6189549323880528,45
1322,0,1944,1944,0,0,0,0,1.0,1.0,1.0,1.0,1.0,1,0.6189549323880528,45
1323,1,1945,1945,0,0,0,0,1.0,1.0,1.0,1.0,1.0,1,0.618625337982472,46
1324,1,1946,1946,0,0,0,0,1.0,1.0,1.0,1.0,1.0,1,0.629502526796186,45
1325,0,1946,1946,0,0,0,0,1.0,1.0,1.0,1.0,1.0,1,0.6370026945955006,46
1326,1,1947,1947,0,0,0,0,1.0,1.0,1.0,1.0,1.0,1,0.6586714882733474,45
1327,1,1948,1948,0,0,0,0,1.0,1.0,1.0,1.0,1.0,1,0.6733521955138421,46
1328,0,1948,1948,0,0,0,0,1.0,1.0,1.0,1.0,1.0,1,0.6732219117664331,47
1329,0,1948,1948,0,0,0,0,1.0,1.0,1.0,1.0,1.0,1,0.6732219117664331,47
1330,0,1948,1948,0,0,0,0,1.0,1.0,1.0,1.0,1.0,1,0.6861347662159837,46
1331,2,1950,1950,0,0,0,0,1.0,1.0,1.0,1.0,1.0,1,0.6729758674325038,46
1332,2,1952,1952,0,0,0,0,1.0,1.0,1.0,1.0,1.0,1,0.6857833284321908,49
1333,0,1952,1952,0,0,0,0,1.0,1.0,1.0,1.0,1.0,1,0.6908020156284559,50
1334,1,1953,1953,0,0,0,0,1.0,1.0,1.0,1.0,1.0,1,0.684831432226847,50
1335,0,1953,1953,0,0,0,0,1.0,1.0,1.0,1.0,1.0,1,0.6932125879416908,52
1336,0,1953,1953,0,0,0,0,1.0,1.0,1.0,1.0,1.0,1,0.6804746581342851,53
1337,2,1955,1955,0,0,0,0,1.0,1.0,1.0,1.0,1.0,1,0.6803307495659234,54
1338,3,1958,1958,0,0,0,0,1.0,1.0,1.0,1.0,1.0,1,0.6525933616813208,54
1339,1,1959,1959,0,0,0,0,1.0,1.0,1.0,1.0,1.0,1,0.6440405716996456,54
1340,6,1965,1965,0,0,0,0,1.0,1.0,1.0,1.0,1.0,1,0.6324226502569871,53
1341,3,1968,1968,0,0,0,0,1.0,1.0,1.0,1.0,1.0,1,0.6177251118023508,53
1342,2,1970,1970,0,0,0,0,1.0,1.0,1.0,1.0,1.0,1,0.6220898726067638,52
1343,0,1970,1970,0,0,0,0,1.0,1.0,1.0,1.0,1.0,1,0.6223159670084628,50
1344,2,1972,1972,0,0,0,0,1.0,1.0,1.0,1.0,1.0,1,0.6020536567200983,51
1345,1,1973,1973,0,0,0,0,1.0,1.0,1.0,1.0,1.0,1,0.6013706665107749,50
1346,2,1975,1975,0,0,0,0,1.0,1.0,1.0,1.0,1.0,1,0.5880717305718652,50
1347,1,1976,1976,0,0,0,0,1.0,1.0,1.0,1.0,1.0,1,0.5889251328201076,48
1348,0,1976,1976,0,0,0,0,1.0,1.0,1.0,1.0,1.0,1,0.5936068571084464,49
1349,2,1978,1978,0,0,0,0,1.0,1.0,1.0,1.0,1.0,1,0.591469992704744,48
1350,1,1979,1979,0,0,0,0,1.0,1.0,1.0,1.0,1.0,1,0.6063319279480401,49
1351,0,1979,1979,0,0,0,0,1.0,1.0,1.0,1.0,1.0,1,0.6108760242640975,48
1352,3,1982,1982,0,0,0,0,1.0,1.0,1.0,1.0,1.0,1,0.6096326946822106,49
1353,0,1982,1982,0,0,0,0,1.0,1.0,1.0,1.0,1.0,1,0.6138050716663922,49
1354,0,1982,1982,0,0,0,0,1.0,1.0,1.0,1.0,1.0,1,0.61434050649801,49
1355,3,1985,1985,0,0,0,0,1.0,1.0,1.0,1.0,1.0,1,0.5809218708396695,50
1356,1,1986,1986,0,0,0,0,1.0,1.0,1.0,1.0,1.0,1,0.5939018927908188,50
1357,4,1990,1990,0,0,0,0,1.0,1.0,1.0,1.0,1.0,1,0.6312595960602058,50
1358,1,1991,1991,0,0,0,0,1.0,1.0,1.0,1.0,1.0,1,0.6322109367404045,51
1359,1,1992,1992,0,0,0,0,1.0,1.0,1.0,1.0,1.0,1,0.6382500085167938,53
1360,0,1992,1992,0,0,0,0,1.0,1.0,1.0,1.0,1.0,1,0.6387177068262645,54
1361,0,1992,1992,0,0,0,0,1.0,1.0,1.0,1.0,1.0,1,0.6387177068262645,54
1362,1,1993,1993,0,0,0,0,1.0,1.0,1.0,1.0,1.0,1,0.6409884840467858,55
1363,0,1993,1993,0,0,0,0,1.0,1.0,1.0,1.0,1.0,1,0.6409884840467858,55
1364,0,1993,1993,0,0,0,0,1.0,1.0,1.0,1.0,1.0,1,0.6555194061144753,55
1365,0,1993,1993,0,0,0,0,1.0,1.0,1.0,1.0,1.0,1,0.660730722588102,56
1366,2,1995,1995,0,0,0,0,1.0,1.0,1.0,1.0,1.0,1,0.6579946081857116,56
1367,0,1995,1995,0,0,0,0,1.0,1.0,1.0,1.0,1.0,1,0.6579946081857116,56
1368,0,1995,1995,0,0,0,0,1.0,1.0,1.0,1.0,1.0,1,0.6541791797702722,58
1369,1,1996,1996,0,0,0,0,1.0,1.0,1.0,1.0,1.0,1,0.6387837348420391,59
1370,0,1996,1996,0,0,0,0,1.0,1.0,1.0,1.0,1.0,1,0.6387837348420391,59
1371,2,1998,1998,0,0,0,0,1.0,1.0,1.0,1.0,1.0,1,0.6447632194983315,59
1372,3,2001,2001,0,0,0,0,1.0,1.0,1.0,1.0,1.0,1,0.6187941959566199,59
1373,2,2003,2003,0,0,0,0,1.0,1.0,1.0,1.0,1.0,1,0.6147222210736275,59
1374,1,2004,2004,0,0,0,0,1.0,1.0,1.0,1.0,1.0,1,0.6129197347603025,60
1375,1,2005,2005,0,0,0,0,1.0,1.0,1.0,1.0,1.0,1,0.6203158561922625,61
1376,2,2007,2007,0,0,0,0,1.0,1.0,1.0,1.0,1.0,1,0.6227022634956091,61
1377,3,2010,2010,0,0,0,0,1.0,1.0,1.0,1.0,1.0,1,0.6255795796357939,61
1378,4,2014,2014,0,0,0,0,1.0,1.0,1.0,1.0,1.0,1,0.6264790386583982,61
1379,3,2017,2017,0,0,0,0,1.0,1.0,1.0,1.0,1.0,1,0.6057080483172053,60
1380,4,2021,2021,0,0,0,0,1.0,1.0,1.0,1.0,1.0,1,0.6034717699739004,60
1381,1,2022,2022,0,0,0,0,1.0,1.0,1.0,1.0,1.0,1,0.6066666782406396,58
1382,6,2028,2028,0,0,0,0,1.0,1.0,1.0,1.0,1.0,1,0.6254502061223556,58
1383,3,2031,2031,0,0,0,0,1.0,1.0,1.0,1.0,1.0,1,0.6021876587188224,57
1384,4,2035,2035,0,0,0,0,1.0,1.0,1.0,1.0,1.0,1,0.622954750621571,54
1385,1,2036,2036,0,0,0,0,1.0,1.0,1.0,1.0,1.0,1,0.6263013772909334,52
1386,3,2039,2039,0,0,0,0,1.0,1.0,1.0,1.0,1.0,1,0.6124186248668874,51
1387,1,2040,2040,0,0,0,0,1.0,1.0,1.0,1.0,1.0,1,0.6442753844329219,51
1388,3,2043,2043,0,0,0,0,1.0,1.0,1.0,1.0,1.0,1,0.624747763268355,52
1389,0,2043,2043,0,0,0,0,1.0,1.0,1.0,1.0,1.0,1,0.6636531437074951,50
1390,1,2044,2044,0,0,0,0,1.0,1.0,1.0,1.0,1.0,1,0.6364012686537791,51
1391,0,2044,2044,0,0,0,0,1.0,1.0,1.0,1.0,1.0,1,0.6501703193356697,50
1392,2,2046,2046,0,0,0,0,1.0,1.0,1.0,1.0,1.0,1,0.6476640563607681,50
1393,2,2048,2048,0,0,0,0,1.0,1.0,1.0,1.0,1.0,1,0.662910130060095,49
1394,2,2050,2050,0,0,0,0,1.0,1.0,1.0,1.0,1.0,1,0.6752140346083557,50
1395,1,2051,2051,0,0,0,0,1.0,1.0,1.0,1.0,1.0,1,0.6842098917392199,51
1396,0,2051,2051,0,0,0,0,1.0,1.0,1.0,1.0,1.0,1,0.688579353514007,52
1397,1,2052,2052,0,0,0,0,1.0,1.0,1.0,1.0,1.0,1,0.6923403978995181,52
1398,0,2052,2052,0,0,0,0,1.0,1.0,1.0,1.0,1.0,1,0.6790541137285311,53
1399,2,2054,2054,0,0,0,0,1.0,1.0,1.0,1.0,1.0,1,0.666732597937146,54
1400,1,2055,2055,0,0,0,0,1.0,1.0,1.0,1.0,1.0,1,0.6626826902655527,54
1401,1,2056,2056,0,0,0,0,1.0,1.0,1.0,1.0,1.0,1,0.6721964673996615,54
1402,3,2059,2059,0,0,0,0,1.0,1.0,1.0,1.0,1.0,1,0.6827019587716994,53
1403,0,2059,2059,0,0,0,0,1.0,1.0,1.0,1.0,1.0,1,0.6924581654065259,52
1404,0,2059,2059,0,0,0,0,1.0,1.0,1.0,1.0,1.0,1,0.6948676659446225,53
1405,1,2060,2060,0,0,0,0,1.0,1.0,1.0,1.0,1.0,1,0.6901522913446907,52
1406,0,2060,2060,0,0,0,0,1.0,1.0,1.0,1.0,1.0,1,0.6832887675984836,53
1407,0,2060,2060,0,0,0,0,1.0,1.0,1.0,1.0,1.0,1,0.6862561292386193,54
1408,1,2061,2061,0,0,0,0,1.0,1.0,1.0,1.0,1.0,1,0.6977602891790425,53
1409,0,2061,2061,0,0,0,0,1.0,1.0,1.0,1.0,1.0,1,0.6860753744683834,55
1410,1,2062,2062,0,0,0,0,1.0,1.0,1.0,1.0,1.0,1,0.6860884925853089,54
1411,0,2062,2062,0,0,0,0,1.0,1.0,1.0,1.0,1.0,1,0.6860884925853089,54
1412,0,2062,2062,0,0,0,0,1.0,1.0,1.0,1.0,1.0,1,0.6921555579620333,53
1413,1,2063,2063,0,0,0,0,1.0,1.0,1.0,1.0,1.0,1,0.6924331764552818,54
1414,1,2064,2064,0,0,0,0,1.0,1.0,1.0,1.0,1.0,1,0.6923027452805981,55
1415,1,2065,2065,0,0,0,0,1.0,1.0,1.0,1.0,1.0,1,0.6797481584343912,57
1416,2,2067,2067,0,0,0,0,1.0,1.0,1.0,1.0,1.0,1,0.6898688510618751,59
1417,2,2069,2069,0,0,0,0,1.0,1.0,1.0,1.0,1.0,1,0.6770071226842361,58
1418,6,2075,2075,0,0,0,0,1.0,1.0,1.0,1.0,1.0,1,0.6440321948518275,57
1419,5,2080,2080,0,0,0,0,1.0,1.0,1.0,1.0,1.0,1,0.6571663841109665,56
1420,1,2081,2081,0,0,0,0,1.0,1.0,1.0,1.0,1.0,1,0.6523476208703581,54
1421,0,2081,2081,0,0,0,0,1.0,1.0,1.0,1.0,1.0,1,0.6525522033738655,55
1422,2,2083,2083,0,0,0,0,1.0,1.0,1.0,1.0,1.0,1,0.6677214918314869,52
1423,3,2086,2086,0,0,0,0,1.0,1.0,1.0,1.0,1.0,1,0.6829290892802953,52
1424,3,2089,2089,0,0,0,0,1.0,1.0,1.0,1.0,1.0,1,0.7023458318747186,51
1425,1,2090,2090,0,0,0,0,1.0,1.0,1.0,1.0,1.0,1,0.6922385475246815,50
1426,1,2091,2091,0,0,0,0,1.0,1.0,1.0,1.0,1.0,1,0.6870923778240845,50
1427,0,2091,2091,0,0,0,0,1.0,1.0,1.0,1.0,1.0,1,0.6997745948869626,48
1428,4,2095,2095,0,0,0,0,1.0,1.0,1.0,1.0,1.0,1,0.683082020907927,48
1429,0,2095,2095,0,0,0,0,1.0,1.0,1.0,1.0,1.0,1,0.6900991567887228,48
1430,3,2098,2098,0,0,0,0,1.0,1.0,1.0,1.0,1.0,1,0.6519290978560164,48
1431,0,2098,2098,0,0,0,0,1.0,1.0,1.0,1.0,1.0,1,0.6519290978560164,48
1432,0,2098,2098,0,0,0,0,1.0,1.0,1.0,1.0,1.0,1,0.6398478154530965,50
1433,5,2103,2103,0,0,0,0,1.0,1.0,1.0,1.0,1.0,1,0.5942770874813539,51
1434,3,2106,2106,0,0,0,0,1.0,1.0,1.0,1.0,1.0,1,0.6119134337744442,51
1435,4,2110,2110,0,0,0,0,1.0,1.0,1.0,1.0,1.0,1,0.6241966934984232,50
1436,2,2112,2112,0,0,0,0,1.0,1.0,1.0,1.0,1.0,1,0.6465038231076196,51
1437,1,2113,2113,0,0,0,0,1.0,1.0,1.0,1.0,1.0,1,0.6352233254744446,51
1438,2,2115,2115,0,0,0,0,1.0,1.0,1.0,1.0,1.0,1,0.6530332965886734,51
1439,0,2115,2115,0,0,0,0,1.0,1.0,1.0,1.0,1.0,1,0.6662851063911462,50
1440,1,2116,2116,0,0,0,0,1.0,1.0,1.0,1.0,1.0,1,0.6896552331781092,51
1441,0,2116,2116,0,0,0,0,1.0,1.0,1.0,1.0,1.0,1,0.6896552331781092,51
1442,1,2117,2117,0,0,0,0,1.0,1.0,1.0,1.0,1.0,1,0.67629360294315,52
1443,2,2119,2119,0,0,0,0,1.0,1.0,1.0,1.0,1.0,1,0.6747485637541453,53
1444,1,2120,2120,0,0,0,0,1.0,1.0,1.0,1.0,1.0,1,0.6706437816520497,54
1445,0,2120,2120,0,0,0,0,1.0,1.0,1.0,1.0,1.0,1,0.6706437816520497,54
1446,0,2120,2120,0,0,0,0,1.0,1.0,1.0,1.0,1.0,1,0.6804428866382358,54
1447,1,2121,2121,0,0,0,0,1.0,1.0,1.0,1.0,1.0,1,0.6717004898067862,55
1448,0,2121,2121,0,0,0,0,1.0,1.0,1.0,1.0,1.0,1,0.6717004898067862,55
1449,1,2122,2122,0,0,0,0,1.0,1.0,1.0,1.0,1.0,1,0.6760819538155406,55
1450,2,2124,2124,0,0,0,0,1.0,1.0,1.0,1.0,1.0,1,0.6643711366527917,57
1451,0,2124,2124,0,0,0,0,1.0,1.0,1.0,1.0,1.0,1,0.6643711366527917,57
1452,3,2127,2127,0,0,0,0,1.0,1.0,1.0,1.0,1.0,1,0.6629830675601559,57
1453,3,2130,2130,0,0,0,0,1.0,1.0,1.0,1.0,1.0,1,0.6693381027066116,57
1454,4,2134,2134,0,0,0,0,1.0,1.0,1.0,1.0,1.0,1,0.6717964606729894,58
1455,1,2135,2135,0,0,0,0,1.0,1.0,1.0,1.0,1.0,1,0.6747663530585913,56
1456,5,2140,2140,0,0,0,0,1.0,1.0,1.0,1.0,1.0,1,0.6587875782920044,55
1457,0,2140,2140,0,0,0,0,1.0,1.0,1.0,1.0,1.0,1,0.6737783250281835,54
1458,3,2143,2143,0,0,0,0,1.0,1.0,1.0,1.0,1.0,1,0.6277528379724403,53
1459,2,2145,2145,0,0,0,0,1.0,1.0,1.0,1.0,1.0,1,0.6292806475341581,52
1460,4,2149,2149,0,0,0,0,1.0,1.0,1.0,1.0,1.0,1,0.6164579762278196,51
1461,1,2150,2150,0,0,0,0,1.0,1.0,1.0,1.0,1.0,1,0.6200915905507469,51
1462,4,2154,2154,0,0,0,0,1.0,1.0,1.0,1.0,1.0,1,0.6054345512883245,51
1463,5,2159,2159,0,0,0,0,1.0,1.0,1.0,1.0,1.0,1,0.6006220405759721,52
1464,1,2160,2160,0,0,0,0,1.0,1.0,1.0,1.0,1.0,1,0.6095927807832695,52
1465,3,2163,2163,0,0,0,0,1.0,1.0,1.0,1.0,1.0,1,0.6002461664018092,51
1466,2,2165,2165,0,0,0,0,1.0,1.0,1.0,1.0,1.0,1,0.6034879505002659,50
1467,3,2168,2168,0,0,0,0,1.0,1.0,1.0,1.0,1.0,1,0.6129274520643451,48
1468,4,2172,2172,0,0,0,0,1.0,1.0,1.0,1.0,1.0,1,0.5738130432661991,48
1469,0,2172,2172,0,0,0,0,1.0,1.0,1.0,1.0,1.0,1,0.595331900417099,48
1470,3,2175,2175,0,0,0,0,1.0,1.0,1.0,1.0,1.0,1,0.5727138218694766,48
1471,2,2177,2177,0,0,0,0,1.0,1.0,1.0,1.0,1.0,1,0.6002724445347859,45
1472,1,2178,2178,0,0,0,0,1.0,1.0,1.0,1.0,1.0,1,0.6093215646517128,45
1473,3,2181,2181,0,0,0,0,1.0,1.0,1.0,1.0,1.0,1,0.6059369909004101,46
1474,0,2181,2181,0,0,0,0,1.0,1.0,1.0,1.0,1.0,1,0.6253924577280712,46
1475,1,2182,2182,0,0,0,0,1.0,1.0,1.0,1.0,1.0,1,0.6310040064428943,46
1476,0,2182,2182,0,0,0,0,1.0,1.0,1.0,1.0,1.0,1,0.6345529035654336,47
1477,3,2185,2185,0,0,0,0,1.0,1.0,1.0,1.0,1.0,1,0.6267505338846933,47
1478,0,2185,2185,0,0,0,0,1.0,1.0,1.0,1.0,1.0,1,0.6457445369448064,47
1479,1,2186,2186,0,0,0,0,1.0,1.0,1.0,1.0,1.0,1,0.6388844454200545,48
1480,1,2187,2187,0,0,0,0,1.0,1.0,1.0,1.0,1.0,1,0.6508330883791348,47
1481,1,2188,2188,0,0,0,0,1.0,1.0,1.0,1.0,1.0,1,0.6456441112957776,47
1482,3,2191,2191,0,0,0,0,1.0,1.0,1.0,1.0,1.0,1,0.6606019462648463,46
1483,1,2192,2192,0,0,0,0,1.0,1.0,1.0,1.0,1.0,1,0.6537340904651017,47
1484,1,2193,2193,0,0,0,0,1.0,1.0,1.0,1.0,1.0,1,0.6554058942166818,47
1485,2,2195,2195,0,0,0,0,1.0,1.0,1.0,1.0,1.0,1,0.6603533837346519,47
1486,1,2196,2196,0,0,0,0,1.0,1.0,1.0,1.0,1.0,1,0.6495712826349532,49
1487,4,2200,2200,0,0,0,0,1.0,1.0,1.0,1.0,1.0,1,0.6647278102355455,49
1488,2,2202,2202,0,0,0,0,1.0,1.0,1.0,1.0,1.0,1,0.6589314763982665,51
1489,0,2202,2202,0,0,0,0,1.0,1.0,1.0,1.0,1.0,1,0.6551948012501538,52
1490,2,2204,2204,0,0,0,0,1.0,1.0,1.0,1.0,1.0,1,0.666152034684375,52
1491,1,2205,2205,0,0,0,0,1.0,1.0,1.0,1.0,1.0,1,0.6591209930525954,53
1492,3,2208,2208,0,0,0,0,1.0,1.0,1.0,1.0,1.0,1,0.6845777570715404,53
1493,2,2210,2210,0,0,0,0,1.0,1.0,1.0,1.0,1.0,1,0.6505322581700769,52
1494,4,2214,2214,0,0,0,0,1.0,1.0,1.0,1.0,1.0,1,0.6544283069624013,50
1495,0,2214,2214,0,0,0,0,1.0,1.0,1.0,1.0,1.0,1,0.642083991703793,50
1496,1,2215,2215,0,0,0,0,1.0,1.0,1.0,1.0,1.0,1,0.6477650617949164,52
1497,1,2216,2216,0,0,0,0,1.0,1.0,1.0,1.0,1.0,1,0.6490773831079272,51
1498,3,2219,2219,0,0,0,0,1.0,1.0,1.0,1.0,1.0,1,0.6261746799640789,50
1499,2,2221,2221,0,0,0,0,1.0,1.0,1.0,1.0,1.0,1,0.627563271505411,50
1500,3,2224,2224,0,0,0,0,1.0,1.0,1.0,1.0,1.0,1,0.6108979853094296,49
1501,1,2225,2225,0,0,0,0,1.0,1.0,1.0,1.0,1.0,1,0.5810397435015646,47
1502,4,2229,2229,0,0,0,0,1.0,1.0,1.0,1.0,1.0,1,0.6020917449069123,47
1503,2,2231,2231,0,0,0,0,1.0,1.0,1.0,1.0,1.0,1,0.5928319147378096,47
1504,3,2234,2234,0,0,0,0,1.0,1.0,1.0,1.0,1.0,1,0.5561299106796674,48
1505,2,2236,2236,0,0,0,0,1.0,1.0,1.0,1.0,1.0,1,0.5826777682806625,47
1506,2,2238,2238,0,0,0,0,1.0,1.0,1.0,1.0,1.0,1,0.5562526681049731,47
1507,2,2240,2240,0,0,0,0,1.0,1.0,1.0,1.0,1.0,1,0.6011856467690792,45
1508,4,2244,2244,0,0,0,0,1.0,1.0,1.0,1.0,1.0,1,0.63395848309059,45
1509,4,2248,2248,0,0,0,0,1.0,1.0,1.0,1.0,1.0,1,0.650135409560415,44
1510,1,2249,2249,0,0,0,0,1.0,1.0,1.0,1.0,1.0,1,0.6798231677557657,42
1511,0,2249,2249,0,0,0,0,1.0,1.0,1.0,1.0,1.0,1,0.6864557956409231,40
1512,4,2253,2253,0,0,0,0,1.0,1.0,1.0,1.0,1.0,1,0.7383771195420912,39
1513,1,2254,2254,0,0,0,0,1.0,1.0,1.0,1.0,1.0,1,0.7168954479734253,39
1514,1,2255,2255,0,0,0,0,1.0,1.0,1.0,1.0,1.0,1,0.710217331247965,38
1515,0,2255,2255,0,0,0,0,1.0,1.0,1.0,1.0,1.0,1,0.7154917247977216,39
1516,0,2255,2255,0,0,0,0,1.0,1.0,1.0,1.0,1.0,1,0.7154917247977216,39
1517,4,2259,2259,0,0,0,0,1.0,1.0,1.0,1.0,1.0,1,0.6689024623578183,39
1518,0,2259,2259,0,0,0,0,1.0,1.0,1.0,1.0,1.0,1,0.6689024623578183,39
1519,2,2261,2261,0,0,0,0,1.0,1.0,1.0,1.0,1.0,1,0.6297397434190061,39
1520,3,2264,2264,0,0,0,0,1.0,1.0,1.0,1.0,1.0,1,0.6279206110606521,39
1521,0,2264,2264,0,0,0,0,1.0,1.0,1.0,1.0,1.0,1,0.6217444080144574,40
1522,2,2266,2266,0,0,0,0,1.0,1.0,1.0,1.0,1.0,1,0.6140512460340786,40
1523,0,2266,2266,0,0,0,0,1.0,1.0,1.0,1.0,1.0,1,0.6230353550687909,41
1524,1,2267,2267,0,0,0,0,1.0,1.0,1.0,1.0,1.0,1,0.6122125138982855,42
1525,1,2268,2268,0,0,0,0,1.0,1.0,1.0,1.0,1.0,1,0.6012156689335821,45
1526,1,2269,2269,0,0,0,0,1.0,1.0,1.0,1.0,1.0,1,0.592730115776647,46
1527,0,2269,2269,0,0,0,0,1.0,1.0,1.0,1.0,1.0,1,0.592730115776647,46
1528,1,2270,2270,0,0,0,0,1.0,1.0,1.0,1.0,1.0,1,0.5857697511136045,47
1529,0,2270,2270,0,0,0,0,1.0,1.0,1.0,1.0,1.0,1,0.5857697511136045,47
1530,2,2272,2272,0,0,0,0,1.0,1.0,1.0,1.0,1.0,1,0.5877016637035192,48
1531,0,2272,2272,0,0,0,0,1.0,1.0,1.0,1.0,1.0,1,0.5778082872851555,46
1532,1,2273,2273,0,0,0,0,1.0,1.0,1.0,1.0,1.0,1,0.5720375533087235,47
1533,0,2273,2273,0,0,0,0,1.0,1.0,1.0,1.0,1.0,1,0.5657900826474227,46
1534,2,2275,2275,0,0,0,0,1.0,1.0,1.0,1.0,1.0,1,0.5621723922619687,47
1535,1,2276,2276,0,0,0,0,1.0,1.0,1.0,1.0,1.0,1,0.580410202440765,47
1536,1,2277,2277,0,0,0,0,1.0,1.0,1.0,1.0,1.0,1,0.584098808577394,48
1537,0,2277,2277,0,0,0,0,1.0,1.0,1.0,1.0,1.0,1,0.5853102891170663,46
1538,3,2280,2280,0,0,0,0,1.0,1.0,1.0,1.0,1.0,1,0.5824439418928017,47
1539,0,2280,2280,0,0,0,0,1.0,1.0,1.0,1.0,1.0,1,0.5907837719100854,47
1540,3,2283,2283,0,0,0,0,1.0,1.0,1.0,1.0,1.0,1,0.6138816869745312,47
1541,1,2284,2284,0,0,0,0,1.0,1.0,1.0,1.0,1.0,1,0.6130828421648592,47
1542,1,2285,2285,0,0,0,0,1.0,1.0,1.0,1.0,1.0,1,0.6278676631459607,50
1543,3,2288,2288,0,0,0,0,1.0,1.0,1.0,1.0,1.0,1,0.6393181438195789,47
1544,1,2289,2289,0,0,0,0,1.0,1.0,1.0,1.0,1.0,1,0.6206329765983275,48
1545,5,2294,2294,0,0,0,0,1.0,1.0,1.0,1.0,1.0,1,0.5820685710475083,47
1546,2,2296,2296,0,0,0,0,1.0,1.0,1.0,1.0,1.0,1,0.588766946207797,47
1547,3,2299,2299,0,0,0,0,1.0,1.0,1.0,1.0,1.0,1,0.5823893553665677,47
1548,4,2303,2303,0,0,0,0,1.0,1.0,1.0,1.0,1.0,1,0.5988129970159802,47
1549,7,2310,2310,0,0,0,0,1.0,1.0,1.0,1.0,1.0,1,0.5611345609261188,46
1550,4,2314,2314,0,0,0,0,1.0,1.0,1.0,1.0,1.0,1,0.5526599106774175,44
1551,1,2315,2315,0,0,0,0,1.0,1.0,1.0,1.0,1.0,1,0.5618794856320167,45
1552,5,2320,2320,0,0,0,0,1.0,1.0,1.0,1.0,1.0,1,0.5878999652942459,43
1553,0,2320,2320,0,0,0,0,1.0,1.0,1.0,1.0,1.0,1,0.5878999652942459,43
1554,1,2321,2321,0,0,0,0,1.0,1.0,1.0,1.0,1.0,1,0.6325340803011259,41
1555,3,2324,2324,0,0,0,0,1.0,1.0,1.0,1.0,1.0,1,0.6234932881468012,44
1556,1,2325,2325,0,0,0,0,1.0,1.0,1.0,1.0,1.0,1,0.6088239342914397,45
1557,0,2325,2325,0,0,0,0,1.0,1.0,1.0,1.0,1.0,1,0.6088239342914397,45
1558,1,2326,2326,0,0,0,0,1.0,1.0,1.0,1.0,1.0,1,0.6023043042059861,46
1559,1,2327,2327,0,0,0,0,1.0,1.0,1.0,1.0,1.0,1,0.5823036536777653,47
1560,3,2330,2330,0,0,0,0,1.0,1.0,1.0,1.0,1.0,1,0.6265049984755068,46
1561,0,2330,2330,0,0,0,0,1.0,1.0,1.0,1.0,1.0,1,0.6109497761540145,47
1562,1,2331,2331,0,0,0,0,1.0,1.0,1.0,1.0,1.0,1,0.5993554715020717,47
1563,0,2331,2331,0,0,0,0,1.0,1.0,1.0,1.0,1.0,1,0.5993554715020717,47
1564,1,2332,2332,0,0,0,0,1.0,1.0,1.0,1.0,1.0,1,0.5863526432112284,47
1565,1,2333,2333,0,0,0,0,1.0,1.0,1.0,1.0,1.0,1,0.5823733281101539,48
1566,1,2334,2334,0,0,0,0,1.0,1.0,1.0,1.0,1.0,1,0.5718566831935116,48
1567,1,2335,2335,0,0,0,0,1.0,1.0,1.0,1.0,1.0,1,0.5653484984476178,48
1568,2,2337,2337,0,0,0,0,1.0,1.0,1.0,1.0,1.0,1,0.5724075027473133,48
1569,1,2338,2338,0,0,0,0,1.0,1.0,1.0,1.0,1.0,1,0.5841637082478425,45
1570,1,2339,2339,0,0,0,0,1.0,1.0,1.0,1.0,1.0,1,0.5884574539932136,44
1571,3,2342,2342,0,0,0,0,1.0,1.0,1.0,1.0,1.0,1,0.6155858940605994,42
1572,1,2343,2343,0,0,0,0,1.0,1.0,1.0,1.0,1.0,1,0.6073666527136786,43
1573,2,2345,2345,0,0,0,0,1.0,1.0,1.0,1.0,1.0,1,0.6394917209282204,43
1574,3,2348,2348,0,0,0,0,1.0,1.0,1.0,1.0,1.0,1,0.6239833027107903,42
1575,3,2351,2351,0,0,0,0,1.0,1.0,1.0,1.0,1.0,1,0.6570107560284598,43
1576,4,2355,2355,0,0,0,0,1.0,1.0,1.0,1.0,1.0,1,0.6757516697129128,41
1577,0,2355,2355,0,0,0,0,1.0,1.0,1.0,1.0,1.0,1,0.6759630573696531,40
1578,2,2357,2357,0,0,0,0,1.0,1.0,1.0,1.0,1.0,1,0.6051498941425224,40
1579,2,2359,2359,0,0,0,0,1.0,1.0,1.0,1.0,1.0,1,0.6138493193540515,40
1580,3,2362,2362,0,0,0,0,1.0,1.0,1.0,1.0,1.0,1,0.558051710693365,40
1581,2,2364,2364,0,0,0,0,1.0,1.0,1.0,1.0,1.0,1,0.5311000603049194,40
1582,3,2367,2367,0,0,0,0,1.0,1.0,1.0,1.0,1.0,1,0.5432320110589507,40
1583,4,2371,2371,0,0,0,0,1.0,1.0,1.0,1.0,1.0,1,0.49672645171448443,38
1584,3,2374,2374,0,0,0,0,1.0,1.0,1.0,1.0,1.0,1,0.5052667194073536,39
1585,6,2380,2380,0,0,0,0,1.0,1.0,1.0,1.0,1.0,1,0.4867087338721295,38
1586,2,2382,2382,0,0,0,0,1.0,1.0,1.0,1.0,1.0,1,0.5055865618644484,38
1587,3,2385,2385,0,0,0,0,1.0,1.0,1.0,1.0,1.0,1,0.49443497545421994,37
1588,2,2387,2387,0,0,0,0,1.0,1.0,1.0,1.0,1.0,1,0.5057017267703569,39
1589,3,2390,2390,0,0,0,0,1.0,1.0,1.0,1.0,1.0,1,0.46294153740855054,37
1590,3,2393,2393,0,0,0,0,1.0,1.0,1.0,1.0,1.0,1,0.4504091922838234,37
1591,2,2395,2395,0,0,0,0,1.0,1.0,1.0,1.0,1.0,1,0.46481069442122575,36
1592,1,2396,2396,0,0,0,0,1.0,1.0,1.0,1.0,1.0,1,0.4655011550940294,34
1593,1,2397,2397,0,0,0,0,1.0,1.0,1.0,1.0,1.0,1,0.5144746484499365,33
1594,0,2397,2397,0,0,0,0,1.0,1.0,1.0,1.0,1.0,1,0.5161714189698092,31
1595,2,2399,2399,0,0,0,0,1.0,1.0,1.0,1.0,1.0,1,0.5392107124656296,34
1596,0,2399,2399,0,0,0,0,1.0,1.0,1.0,1.0,1.0,1,0.5412201849332346,33
1597,0,2399,2399,0,0,0,0,1.0,1.0,1.0,1.0,1.0,1,0.5412201849332346,33
1598,0,2399,2399,0,0,0,0,1.0,1.0,1.0,1.0,1.0,1,0.5485933795900663,33
1599,3,2402,2402,0,0,0,0,1.0,1.0,1.0,1.0,1.0,1,0.5699449256613781,33
1600,0,2402,2402,0,0,0,0,1.0,1.0,1.0,1.0,1.0,1,0.5771266692717425,34
1601,2,2404,2404,0,0,0,0,1.0,1.0,1.0,1.0,1.0,1,0.6143257223602397,35
1602,1,2405,2405,0,0,0,0,1.0,1.0,1.0,1.0,1.0,1,0.593981453672052,36
1603,1,2406,2406,0,0,0,0,1.0,1.0,1.0,1.0,1.0,1,0.6056100164584269,38
1604,2,2408,2408,0,0,0,0,1.0,1.0,1.0,1.0,1.0,1,0.6129839022908419,38
1605,3,2411,2411,0,0,0,0,1.0,1.0,1.0,1.0,1.0,1,0.5940914250890044,38
1606,3,2414,2414,0,0,0,0,1.0,1.0,1.0,1.0,1.0,1,0.6457478347921851,39
1607,2,2416,2416,0,0,0,0,1.0,1.0,1.0,1.0,1.0,1,0.6500250888947662,37
1608,2,2418,2418,0,0,0,0,1.0,1.0,1.0,1.0,1.0,1,0.6592413883986711,36
1609,2,2420,2420,0,0,0,0,1.0,1.0,1.0,1.0,1.0,1,0.6315849651844377,34
1610,2,2422,2422,0,0,0,0,1.0,1.0,1.0,1.0,1.0,1,0.608513072831551,34
1611,1,2423,2423,0,0,0,0,1.0,1.0,1.0,1.0,1.0,1,0.6243077537605074,35
1612,2,2425,2425,0,0,0,0,1.0,1.0,1.0,1.0,1.0,1,0.6343360555119153,33
1613,0,2425,2425,0,0,0,0,1.0,1.0,1.0,1.0,1.0,1,0.6211235178125946,34
1614,2,2427,2427,0,0,0,0,1.0,1.0,1.0,1.0,1.0,1,0.6236650386863312,35
1615,0,2427,2427,0,0,0,0,1.0,1.0,1.0,1.0,1.0,1,0.6236650386863312,35
1616,2,2429,2429,0,0,0,0,1.0,1.0,1.0,1.0,1.0,1,0.5954111610267359,37
1617,2,2431,2431,0,0,0,0,1.0,1.0,1.0,1.0,1.0,1,0.586750803106239,38
1618,3,2434,2434,0,0,0,0,1.0,1.0,1.0,1.0,1.0,1,0.5275714158417592,38
1619,1,2435,2435,0,0,0,0,1.0,1.0,1.0,1.0,1.0,1,0.5145916596068206,38
1620,2,2437,2437,0,0,0,0,1.0,1.0,1.0,1.0,1.0,1,0.4741591771146809,39
1621,1,2438,2438,0,0,0,0,1.0,1.0,1.0,1.0,1.0,1,0.48448736431197614,37
1622,3,2441,2441,0,0,0,0,1.0,1.0,1.0,1.0,1.0,1,0.4837261129705571,37
1623,4,2445,2445,0,0,0,0,1.0,1.0,1.0,1.0,1.0,1,0.5241244723538089,37
1624,0,2445,2445,0,0,0,0,1.0,1.0,1.0,1.0,1.0,1,0.505543030493703,37
1625,1,2446,2446,0,0,0,0,1.0,1.0,1.0,1.0,1.0,1,0.5131814001140159,35
1626,0,2446,2446,0,0,0,0,1.0,1.0,1.0,1.0,1.0,1,0.5131814001140159,35
1627,1,2447,2447,0,0,0,0,1.0,1.0,1.0,1.0,1.0,1,0.4912984652589974,34
1628,2,2449,2449,0,0,0,0,1.0,1.0,1.0,1.0,1.0,1,0.5362950009171604,35
1629,2,2451,2451,0,0,0,0,1.0,1.0,1.0,1.0,1.0,1,0.5302211095935122,34
1630,0,2451,2451,0,0,0,0,1.0,1.0,1.0,1.0,1.0,1,0.529838684362557,32
1631,1,2452,2452,0,0,0,0,1.0,1.0,1.0,1.0,1.0,1,0.5137644007598564,33
1632,1,2453,2453,0,0,0,0,1.0,1.0,1.0,1.0,1.0,1,0.5017809232107969,32
1633,1,2454,2454,0,0,0,0,1.0,1.0,1.0,1.0,1.0,1,0.5057622424612136,31
1634,1,2455,2455,0,0,0,0,1.0,1.0,1.0,1.0,1.0,1,0.5383318520466659,31
1635,0,2455,2455,0,0,0,0,1.0,1.0,1.0,1.0,1.0,1,0.5330033966786447,31
1636,1,2456,2456,0,0,0,0,1.0,1.0,1.0,1.0,1.0,1,0.5257632794326906,33
1637,0,2456,2456,0,0,0,0,1.0,1.0,1.0,1.0,1.0,1,0.5257632794326906,33
1638,0,2456,2456,0,0,0,0,1.0,1.0,1.0,1.0,1.0,1,0.5232473546668037,36
1639,1,2457,2457,0,0,0,0,1.0,1.0,1.0,1.0,1.0,1,0.5382640728943605,36
1640,1,2458,2458,0,0,0,0,1.0,1.0,1.0,1.0,1.0,1,0.5608602547316247,36
1641,1,2459,2459,0,0,0,0,1.0,1.0,1.0,1.0,1.0,1,0.5640854543341011,38
1642,4,2463,2463,0,0,0,0,1.0,1.0,1.0,1.0,1.0,1,0.6087141820885722,37
1643,2,2465,2465,0,0,0,0,1.0,1.0,1.0,1.0,1.0,1,0.6437540365924247,37
1644,3,2468,2468,0,0,0,0,1.0,1.0,1.0,1.0,1.0,1,0.6678538972226334,38
1645,0,2468,2468,0,0,0,0,1.0,1.0,1.0,1.0,1.0,1,0.6541236550361826,36
1646,0,2468,2468,0,0,0,0,1.0,1.0,1.0,1.0,1.0,1,0.6592045125698978,37
1647,2,2470,2470,0,0,0,0,1.0,1.0,1.0,1.0,1.0,1,0.6229104156652064,35
1648,2,2472,2472,0,0,0,0,1.0,1.0,1.0,1.0,1.0,1,0.6264627986484128,38
1649,0,2472,2472,0,0,0,0,1.0,1.0,1.0,1.0,1.0,1,0.622397157155577,35
1650,1,2473,2473,0,0,0,0,1.0,1.0,1.0,1.0,1.0,1,0.6281659788300548,34
1651,0,2473,2473,0,0,0,0,1.0,1.0,1.0,1.0,1.0,1,0.631954300961805,32
1652,0,2473,2473,0,0,0,0,1.0,1.0,1.0,1.0,1.0,1,0.639590342838161,33
1653,0,2473,2473,0,0,0,0,1.0,1.0,1.0,1.0,1.0,1,0.639590342838161,33
1654,0,2473,2473,0,0,0,0,1.0,1.0,1.0,1.0,1.0,1,0.6403752187964076,34
1655,0,2473,2473,0,0,0,0,1.0,1.0,1.0,1.0,1.0,1,0.6496265163865815,35
1656,3,2476,2476,0,0,0,0,1.0,1.0,1.0,1.0,1.0,1,0.6326514059158118,35
1657,1,2477,2477,0,0,0,0,1.0,1.0,1.0,1.0,1.0,1,0.6145722506057317,36
1658,5,2482,2482,0,0,0,0,1.0,1.0,1.0,1.0,1.0,1,0.5928955122585537,36
1659,0,2482,2482,0,0,0,0,1.0,1.0,1.0,1.0,1.0,1,0.5928955122585537,36
1660,5,2487,2487,0,0,0,0,1.0,1.0,1.0,1.0,1.0,1,0.5745665218503144,38
1661,0,2487,2487,0,0,0,0,1.0,1.0,1.0,1.0,1.0,1,0.5745665218503144,38
1662,2,2489,2489,0,0,0,0,1.0,1.0,1.0,1.0,1.0,1,0.5909450174895803,39
1663,2,2491,2491,0,0,0,0,1.0,1.0,1.0,1.0,1.0,1,0.590671456850357,40
1664,2,2493,2493,0,0,0,0,1.0,1.0,1.0,1.0,1.0,1,0.6137120183101278,39
1665,2,2495,2495,0,0,0,0,1.0,1.0,1.0,1.0,1.0,1,0.6236787623683759,40
1666,3,2498,2498,0,0,0,0,1.0,1.0,1.0,1.0,1.0,1,0.6006496139743035,40
1667,3,2501,2501,0,0,0,0,1.0,1.0,1.0,1.0,1.0,1,0.6442412851852886,40
1668,5,2506,2506,0,0,0,0,1.0,1.0,1.0,1.0,1.0,1,0.5849253470239938,41
1669,1,2507,2507,0,0,0,0,1.0,1.0,1.0,1.0,1.0,1,0.5941695577154649,40
1670,5,2512,2512,0,0,0,0,1.0,1.0,1.0,1.0,1.0,1,0.5637023649441635,40
1671,0,2512,2512,0,0,0,0,1.0,1.0,1.0,1.0,1.0,1,0.567005779369352,41
1672,2,2514,2514,0,0,0,0,1.0,1.0,1.0,1.0,1.0,1,0.5707277445749378,40
1673,2,2516,2516,0,0,0,0,1.0,1.0,1.0,1.0,1.0,1,0.6086994751398742,39
1674,1,2517,2517,0,0,0,0,1.0,1.0,1.0,1.0,1.0,1,0.6289938397019847,40
1675,0,2517,2517,0,0,0,0,1.0,1.0,1.0,1.0,1.0,1,0.6375699119424888,38
1676,0,2517,2517,0,0,0,0,1.0,1.0,1.0,1.0,1.0,1,0.6381032399266665,39
1677,0,2517,2517,0,0,0,0,1.0,1.0,1.0,1.0,1.0,1,0.638331240685174,39
1678,0,2517,2517,0,0,0,0,1.0,1.0,1.0,1.0,1.0,1,0.638331240685174,39
1679,0,2517,2517,0,0,0,0,1.0,1.0,1.0,1.0,1.0,1,0.638331240685174,39
1680,0,2517,2517,0,0,0,0,1.0,1.0,1.0,1.0,1.0,1,0.6335833020559534,41
1681,0,2517,2517,0,0,0,0,1.0,1.0,1.0,1.0,1.0,1,0.6335833020559534,41
1682,5,2522,2522,0,0,0,0,1.0,1.0,1.0,1.0,1.0,1,0.5918672065994655,43
1683,3,2525,2525,0,0,0,0,1.0,1.0,1.0,1.0,1.0,1,0.6012828501766279,43
1684,2,2527,2527,0,0,0,0,1.0,1.0,1.0,1.0,1.0,1,0.607825182856738,42
1685,1,2528,2528,0,0,0,0,1.0,1.0,1.0,1.0,1.0,1,0.6033772029043245,41
1686,2,2530,2530,0,0,0,0,1.0,1.0,1.0,1.0,1.0,1,0.5941581773494371,41
1687,2,2532,2532,0,0,0,0,1.0,1.0,1.0,1.0,1.0,1,0.5996843481177252,40
1688,3,2535,2535,0,0,0,0,1.0,1.0,1.0,1.0,1.0,1,0.5918355819876201,39
1689,2,2537,2537,0,0,0,0,1.0,1.0,1.0,1.0,1.0,1,0.6247778908557905,38
1690,1,2538,2538,0,0,0,0,1.0,1.0,1.0,1.0,1.0,1,0.6156447307725654,38
1691,2,2540,2540,0,0,0,0,1.0,1.0,1.0,1.0,1.0,1,0.6393728993957002,36
1692,0,2540,2540,0,0,0,0,1.0,1.0,1.0,1.0,1.0,1,0.6107481897117981,36
1693,2,2542,2542,0,0,0,0,1.0,1.0,1.0,1.0,1.0,1,0.6234046320006359,35
1694,0,2542,2542,0,0,0,0,1.0,1.0,1.0,1.0,1.0,1,0.6106253958897581,33
1695,0,2542,2542,0,0,0,0,1.0,1.0,1.0,1.0,1.0,1,0.62081635634153,34
1696,2,2544,2544,0,0,0,0,1.0,1.0,1.0,1.0,1.0,1,0.6187018501285179,35
1697,1,2545,2545,0,0,0,0,1.0,1.0,1.0,1.0,1.0,1,0.6135252334704974,36
1698,4,2549,2549,0,0,0,0,1.0,1.0,1.0,1.0,1.0,1,0.5731385736892325,38
1699,2,2551,2551,0,0,0,0,1.0,1.0,1.0,1.0,1.0,1,0.5854434220343161,38
1700,2,2553,2553,0,0,0,0,1.0,1.0,1.0,1.0,1.0,1,0.564278366038767,39
1701,1,2554,2554,0,0,0,0,1.0,1.0,1.0,1.0,1.0,1,0.5620440625798901,40
1702,3,2557,2557,0,0,0,0,1.0,1.0,1.0,1.0,1.0,1,0.5280441179337682,41
1703,2,2559,2559,0,0,0,0,1.0,1.0,1.0,1.0,1.0,1,0.5362818871936037,41
1704,2,2561,2561,0,0,0,0,1.0,1.0,1.0,1.0,1.0,1,0.5309040158394929,41
1705,1,2562,2562,0,0,0,0,1.0,1.0,1.0,1.0,1.0,1,0.5137237178920712,40
1706,2,2564,2564,0,0,0,0,1.0,1.0,1.0,1.0,1.0,1,0.547330647081699,40
1707,2,2566,2566,0,0,0,0,1.0,1.0,1.0,1.0,1.0,1,0.5663129910058639,39
1708,3,2569,2569,0,0,0,0,1.0,1.0,1.0,1.0,1.0,1,0.5856740279115263,39
1709,1,2570,2570,0,0,0,0,1.0,1.0,1.0,1.0,1.0,1,0.5979215926432173,38
1710,2,2572,2572,0,0,0,0,1.0,1.0,1.0,1.0,1.0,1,0.6107523403173492,39
1711,1,2573,2573,0,0,0,0,1.0,1.0,1.0,1.0,1.0,1,0.6150509513626069,38
1712,1,2574,2574,0,0,0,0,1.0,1.0,1.0,1.0,1.0,1,0.6006154460419557,38
1713,0,2574,2574,0,0,0,0,1.0,1.0,1.0,1.0,1.0,1,0.6178551665398169,37
1714,1,2575,2575,0,0,0,0,1.0,1.0,1.0,1.0,1.0,1,0.5991895565609049,38
1715,0,2575,2575,0,0,0,0,1.0,1.0,1.0,1.0,1.0,1,0.5919822408431238,40
1716,0,2575,2575,0,0,0,0,1.0,1.0,1.0,1.0,1.0,1,0.6042969349750742,39
1717,2,2577,2577,0,0,0,0,1.0,1.0,1.0,1.0,1.0,1,0.6208765951321423,38
1718,0,2577,2577,0,0,0,0,1.0,1.0,1.0,1.0,1.0,1,0.6416043337050917,38
1719,2,2579,2579,0,0,0,0,1.0,1.0,1.0,1.0,1.0,1,0.6464885601427404,38
1720,1,2580,2580,0,0,0,0,1.0,1.0,1.0,1.0,1.0,1,0.637702271245978,41
1721,2,2582,2582,0,0,0,0,1.0,1.0,1.0,1.0,1.0,1,0.6336776877214609,39
1722,1,2583,2583,0,0,0,0,1.0,1.0,1.0,1.0,1.0,1,0.6343304740871962,40
1723,4,2587,2587,0,0,0,0,1.0,1.0,1.0,1.0,1.0,1,0.6438788845010369,38
1724,0,2587,2587,0,0,0,0,1.0,1.0,1.0,1.0,1.0,1,0.6305961164415775,37
1725,2,2589,2589,0,0,0,0,1.0,1.0,1.0,1.0,1.0,1,0.6628009916959154,38
1726,1,2590,2590,0,0,0,0,1.0,1.0,1.0,1.0,1.0,1,0.63633280064686,37
1727,1,2591,2591,0,0,0,0,1.0,1.0,1.0,1.0,1.0,1,0.6456367653901373,37
1728,0,2591,2591,0,0,0,0,1.0,1.0,1.0,1.0,1.0,1,0.6416783878877563,35
1729,2,2593,2593,0,0,0,0,1.0,1.0,1.0,1.0,1.0,1,0.6486457597134496,37
1730,1,2594,2594,0,0,0,0,1.0,1.0,1.0,1.0,1.0,1,0.6818435569557303,37
1731,1,2595,2595,0,0,0,0,1.0,1.0,1.0,1.0,1.0,1,0.6869160222761489,37
1732,0,2595,2595,0,0,0,0,1.0,1.0,1.0,1.0,1.0,1,0.7098080042720923,37
1733,4,2599,2599,0,0,0,0,1.0,1.0,1.0,1.0,1.0,1,0.6684591619281307,36
1734,1,2600,2600,0,0,0,0,1.0,1.0,1.0,1.0,1.0,1,0.6702848546781801,35
1735,4,2604,2604,0,0,0,0,1.0,1.0,1.0,1.0,1.0,1,0.6373606288723447,34
1736,0,2604,2604,0,0,0,0,1.0,1.0,1.0,1.0,1.0,1,0.6436463346965153,35
1737,3,2607,2607,0,0,0,0,1.0,1.0,1.0,1.0,1.0,1,0.6477914933393215,36
1738,4,2611,2611,0,0,0,0,1.0,1.0,1.0,1.0,1.0,1,0.597976238387198,37
1739,2,2613,2613,0,0,0,0,1.0,1.0,1.0,1.0,1.0,1,0.5771046065316332,38
1740,1,2614,2614,0,0,0,0,1.0,1.0,1.0,1.0,1.0,1,0.5465194149439379,37
1741,1,2615,2615,0,0,0,0,1.0,1.0,1.0,1.0,1.0,1,0.5442313529428491,38
1742,1,2616,2616,0,0,0,0,1.0,1.0,1.0,1.0,1.0,1,0.562257270306487,39
1743,3,2619,2619,0,0,0,0,1.0,1.0,1.0,1.0,1.0,1,0.5724074271091233,37
1744,3,2622,2622,0,0,0,0,1.0,1.0,1.0,1.0,1.0,1,0.5890900686634286,38
1745,0,2622,2622,0,0,0,0,1.0,1.0,1.0,1.0,1.0,1,0.6113420731596474,37
1746,2,2624,2624,0,0,0,0,1.0,1.0,1.0,1.0,1.0,1,0.602061440415026,38
1747,0,2624,2624,0,0,0,0,1.0,1.0,1.0,1.0,1.0,1,0.6099620329037686,38
1748,1,2625,2625,0,0,0,0,1.0,1.0,1.0,1.0,1.0,1,0.6047879905208925,38
1749,1,2626,2626,0,0,0,0,1.0,1.0,1.0,1.0,1.0,1,0.6201558462798026,37
1750,1,2627,2627,0,0,0,0,1.0,1.0,1.0,1.0,1.0,1,0.6180215496969452,39
1751,0,2627,2627,0,0,0,0,1.0,1.0,1.0,1.0,1.0,1,0.6219459578745969,38
1752,2,2629,2629,0,0,0,0,1.0,1.0,1.0,1.0,1.0,1,0.6117784045045956,39
1753,1,2630,2630,0,0,0,0,1.0,1.0,1.0,1.0,1.0,1,0.5874998895574903,40
1754,2,2632,2632,0,0,0,0,1.0,1.0,1.0,1.0,1.0,1,0.5741412673917637,41
1755,0,2632,2632,0,0,0,0,1.0,1.0,1.0,1.0,1.0,1,0.5851597049561004,41
1756,3,2635,2635,0,0,0,0,1.0,1.0,1.0,1.0,1.0,1,0.6058623873037556,42
1757,2,2637,2637,0,0,0,0,1.0,1.0,1.0,1.0,1.0,1,0.6298732291685156,42
1758,3,2640,2640,0,0,0,0,1.0,1.0,1.0,1.0,1.0,1,0.6363097586909467,42
1759,0,2640,2640,0,0,0,0,1.0,1.0,1.0,1.0,1.0,1,0.6364596624218756,39
1760,5,2645,2645,0,0,0,0,1.0,1.0,1.0,1.0,1.0,1,0.657999775192316,39
1761,2,2647,2647,0,0,0,0,1.0,1.0,1.0,1.0,1.0,1,0.6504006013306461,38
1762,3,2650,2650,0,0,0,0,1.0,1.0,1.0,1.0,1.0,1,0.6544319754777321,37
1763,1,2651,2651,0,0,0,0,1.0,1.0,1.0,1.0,1.0,1,0.6606791885806264,37
1764,2,2653,2653,0,0,0,0,1.0,1.0,1.0,1.0,1.0,1,0.6668139697254752,36
1765,2,2655,2655,0,0,0,0,1.0,1.0,1.0,1.0,1.0,1,0.6709000410251125,37
1766,0,2655,2655,0,0,0,0,1.0,1.0,1.0,1.0,1.0,1,0.6651909402730168,36
1767,1,2656,2656,0,0,0,0,1.0,1.0,1.0,1.0,1.0,1,0.6707779091611421,36
1768,0,2656,2656,0,0,0,0,1.0,1.0,1.0,1.0,1.0,1,0.6707779091611421,36
1769,1,2657,2657,0,0,0,0,1.0,1.0,1.0,1.0,1.0,1,0.6764707086702924,38
1770,2,2659,2659,0,0,0,0,1.0,1.0,1.0,1.0,1.0,1,0.6774788480247189,38
1771,0,2659,2659,0,0,0,0,1.0,1.0,1.0,1.0,1.0,1,0.6774788480247189,38
1772,0,2659,2659,0,0,0,0,1.0,1.0,1.0,1.0,1.0,1,0.6685241489937342,40
1773,1,2660,2660,0,0,0,0,1.0,1.0,1.0,1.0,1.0,1,0.6530330205212772,40
1774,1,2661,2661,0,0,0,0,1.0,1.0,1.0,1.0,1.0,1,0.6456444005767948,40
1775,1,2662,2662,0,0,0,0,1.0,1.0,1.0,1.0,1.0,1,0.635287002120943,41
1776,0,2662,2662,0,0,0,0,1.0,1.0,1.0,1.0,1.0,1,0.6095971211669747,43
1777,1,2663,2663,0,0,0,0,1.0,1.0,1.0,1.0,1.0,1,0.6018707225523432,44
1778,4,2667,2667,0,0,0,0,1.0,1.0,1.0,1.0,1.0,1,0.5651722765995184,44
1779,2,2669,2669,0,0,0,0,1.0,1.0,1.0,1.0,1.0,1,0.5245185351245043,44
1780,1,2670,2670,0,0,0,0,1.0,1.0,1.0,1.0,1.0,1,0.5161484565090676,46
1781,2,2672,2672,0,0,0,0,1.0,1.0,1.0,1.0,1.0,1,0.49231331572486875,46
1782,4,2676,2676,0,0,0,0,1.0,1.0,1.0,1.0,1.0,1,0.4936477317257654,45
1783,1,2677,2677,0,0,0,0,1.0,1.0,1.0,1.0,1.0,1,0.48738975010380625,44
1784,4,2681,2681,0,0,0,0,1.0,1.0,1.0,1.0,1.0,1,0.48978773104253603,44
1785,2,2683,2683,0,0,0,0,1.0,1.0,1.0,1.0,1.0,1,0.5106170445396011,42
1786,3,2686,2686,0,0,0,0,1.0,1.0,1.0,1.0,1.0,1,0.4935075443038369,42
1787,0,2686,2686,0,0,0,0,1.0,1.0,1.0,1.0,1.0,1,0.519002188761994,41
1788,3,2689,2689,0,0,0,0,1.0,1.0,1.0,1.0,1.0,1,0.5259994071327262,41
1789,3,2692,2692,0,0,0,0,1.0,1.0,1.0,1.0,1.0,1,0.4971612422617152,41
1790,3,2695,2695,0,0,0,0,1.0,1.0,1.0,1.0,1.0,1,0.49861956500277105,41
1791,3,2698,2698,0,0,0,0,1.0,1.0,1.0,1.0,1.0,1,0.5044236548690856,41
1792,1,2699,2699,0,0,0,0,1.0,1.0,1.0,1.0,1.0,1,0.5126590616628701,43
1793,4,2703,2703,0,0,0,0,1.0,1.0,1.0,1.0,1.0,1,0.56133047059125,43
1794,5,2708,2708,0,0,0,0,1.0,1.0,1.0,1.0,1.0,1,0.5828575959868667,41
1795,1,2709,2709,0,0,0,0,1.0,1.0,1.0,1.0,1.0,1,0.5942153885456765,41
1796,2,2711,2711,0,0,0,0,1.0,1.0,1.0,1.0,1.0,1,0.6318379592027679,40
1797,2,2713,2713,0,0,0,0,1.0,1.0,1.0,1.0,1.0,1,0.6541200432284032,38
1798,1,2714,2714,0,0,0,0,1.0,1.0,1.0,1.0,1.0,1,0.6592421975772597,38
1799,1,2715,2715,0,0,0,0,1.0,1.0,1.0,1.0,1.0,1,0.6747469224790431,37
1800,1,2716,2716,0,0,0,0,1.0,1.0,1.0,1.0,1.0,1,0.6739485209128333,35
1801,0,2716,2716,0,0,0,0,1.0,1.0,1.0,1.0,1.0,1,0.6483912651888022,34
1802,1,2717,2717,0,0,0,0,1.0,1.0,1.0,1.0,1.0,1,0.6330970305932676,33
1803,0,2717,2717,0,0,0,0,1.0,1.0,1.0,1.0,1.0,1,0.6330970305932676,33
1804,3,2720,2720,0,0,0,0,1.0,1.0,1.0,1.0,1.0,1,0.6341184291779524,33
1805,0,2720,2720,0,0,0,0,1.0,1.0,1.0,1.0,1.0,1,0.6292306933133341,35
1806,4,2724,2724,0,0,0,0,1.0,1.0,1.0,1.0,1.0,1,0.639840983772466,36
1807,0,2724,2724,0,0,0,0,1.0,1.0,1.0,1.0,1.0,1,0.6128786852977922,35
1808,2,2726,2726,0,0,0,0,1.0,1.0,1.0,1.0,1.0,1,0.591782527116833,37
1809,1,2727,2727,0,0,0,0,1.0,1.0,1.0,1.0,1.0,1,0.6219420401155894,35
1810,1,2728,2728,0,0,0,0,1.0,1.0,1.0,1.0,1.0,1,0.6234878407296476,36
1811,0,2728,2728,0,0,0,0,1.0,1.0,1.0,1.0,1.0,1,0.6349145422334803,34
1812,2,2730,2730,0,0,0,0,1.0,1.0,1.0,1.0,1.0,1,0.6372063011524078,36
1813,1,2731,2731,0,0,0,0,1.0,1.0,1.0,1.0,1.0,1,0.6571525574117707,35
1814,1,2732,2732,0,0,0,0,1.0,1.0,1.0,1.0,1.0,1,0.6709576226491719,36
1815,0,2732,2732,0,0,0,0,1.0,1.0,1.0,1.0,1.0,1,0.6793715873369444,35
1816,3,2735,2735,0,0,0,0,1.0,1.0,1.0,1.0,1.0,1,0.6685812416374689,35
1817,1,2736,2736,0,0,0,0,1.0,1.0,1.0,1.0,1.0,1,0.6725419582067195,35
1818,6,2742,2742,0,0,0,0,1.0,1.0,1.0,1.0,1.0,1,0.6404448484140517,36
1819,1,2743,2743,0,0,0,0,1.0,1.0,1.0,1.0,1.0,1,0.6492590310027552,37
1820,3,2746,2746,0,0,0,0,1.0,1.0,1.0,1.0,1.0,1,0.5731616132420285,37
1821,2,2748,2748,0,0,0,0,1.0,1.0,1.0,1.0,1.0,1,0.5605419081524584,38
1822,2,2750,2750,0,0,0,0,1.0,1.0,1.0,1.0,1.0,1,0.5414386875938894,37
1823,3,2753,2753,0,0,0,0,1.0,1.0,1.0,1.0,1.0,1,0.5448844852138601,36
1824,3,2756,2756,0,0,0,0,1.0,1.0,1.0,1.0,1.0,1,0.5961950077700109,36
1825,2,2758,2758,0,0,0,0,1.0,1.0,1.0,1.0,1.0,1,0.5698637082769838,34
1826,3,2761,2761,0,0,0,0,1.0,1.0,1.0,1.0,1.0,1,0.590495226033126,35
1827,4,2765,2765,0,0,0,0,1.0,1.0,1.0,1.0,1.0,1,0.560895906458536,34
1828,2,2767,2767,0,0,0,0,1.0,1.0,1.0,1.0,1.0,1,0.5384995900806314,33
1829,2,2769,2769,0,0,0,0,1.0,1.0,1.0,1.0,1.0,1,0.5428451703194952,31
1830,2,2771,2771,0,0,0,0,1.0,1.0,1.0,1.0,1.0,1,0.5536810135764008,31
1831,2,2773,2773,0,0,0,0,1.0,1.0,1.0,1.0,1.0,1,0.5787909681946959,30
1832,1,2774,2774,0,0,0,0,1.0,1.0,1.0,1.0,1.0,1,0.54965441923755,29
1833,1,2775,2775,0,0,0,0,1.0,1.0,1.0,1.0,1.0,1,0.5671612476854335,28
1834,2,2777,2777,0,0,0,0,1.0,1.0,1.0,1.0,1.0,1,0.5426624696925185,27
1835,3,2780,2780,0,0,0,0,1.0,1.0,1.0,1.0,1.0,1,0.590300054653471,26
1836,2,2782,2782,0,0,0,0,1.0,1.0,1.0,1.0,1.0,1,0.637303169576364,26
1837,1,2783,2783,0,0,0,0,1.0,1.0,1.0,1.0,1.0,1,0.67710317772913,25
1838,1,2784,2784,0,0,0,0,1.0,1.0,1.0,1.0,1.0,1,0.7059222716780721,25
1839,0,2784,2784,0,0,0,0,1.0,1.0,1.0,1.0,1.0,1,0.7290509334595061,24
1840,0,2784,2784,0,0,0,0,1.0,1.0,1.0,1.0,1.0,1,0.7204130456308704,23
1841,0,2784,2784,0,0,0,0,1.0,1.0,1.0,1.0,1.0,1,0.7209774620399468,22
1842,1,2785,2785,0,0,0,0,1.0,1.0,1.0,1.0,1.0,1,0.6842268331708082,23
1843,4,2789,2789,0,0,0,0,1.0,1.0,1.0,1.0,1.0,1,0.6848403292997581,23
1844,0,2789,2789,0,0,0,0,1.0,1.0,1.0,1.0,1.0,1,0.6848403292997581,23
1845,2,2791,2791,0,0,0,0,1.0,1.0,1.0,1.0,1.0,1,0.6979935409129279,23
1846,0,2791,2791,0,0,0,0,1.0,1.0,1.0,1.0,1.0,1,0.6979935409129279,23
1847,0,2791,2791,0,0,0,0,1.0,1.0,1.0,1.0,1.0,1,0.6968203900667974,24
1848,0,2791,2791,0,0,0,0,1.0,1.0,1.0,1.0,1.0,1,0.6968203900667974,24
1849,0,2791,2791,0,0,0,0,1.0,1.0,1.0,1.0,1.0,1,0.6955344349881571,25
1850,1,2792,2792,0,0,0,0,1.0,1.0,1.0,1.0,1.0,1,0.6828244770355011,25
1851,0,2792,2792,0,0,0,0,1.0,1.0,1.0,1.0,1.0,1,0.6828244770355011,25
1852,0,2792,2792,0,0,0,0,1.0,1.0,1.0,1.0,1.0,1,0.6828244770355011,25
1853,0,2792,2792,0,0,0,0,1.0,1.0,1.0,1.0,1.0,1,0.7078463098650914,25
1854,0,2792,2792,0,0,0,0,1.0,1.0,1.0,1.0,1.0,1,0.7078463098650914,25
1855,0,2792,2792,0,0,0,0,1.0,1.0,1.0,1.0,1.0,1,0.7145282590267613,26
1856,3,2795,2795,0,0,0,0,1.0,1.0,1.0,1.0,1.0,1,0.7072458591632395,27
1857,0,2795,2795,0,0,0,0,1.0,1.0,1.0,1.0,1.0,1,0.6935392184872164,28
1858,3,2798,2798,0,0,0,0,1.0,1.0,1.0,1.0,1.0,1,0.6409923552071869,28
1859,2,2800,2800,0,0,0,0,1.0,1.0,1.0,1.0,1.0,1,0.651687963461315,28
1860,1,2801,2801,0,0,0,0,1.0,1.0,1.0,1.0,1.0,1,0.6429604669524114,28
1861,0,2801,2801,0,0,0,0,1.0,1.0,1.0,1.0,1.0,1,0.6429604669524114,28
1862,0,2801,2801,0,0,0,0,1.0,1.0,1.0,1.0,1.0,1,0.6429604669524114,28
1863,2,2803,2803,0,0,0,0,1.0,1.0,1.0,1.0,1.0,1,0.702289612363451,29
1864,0,2803,2803,0,0,0,0,1.0,1.0,1.0,1.0,1.0,1,0.705366967916498,27
1865,0,2803,2803,0,0,0,0,1.0,1.0,1.0,1.0,1.0,1,0.7109184979355795,26
1866,0,2803,2803,0,0,0,0,1.0,1.0,1.0,1.0,1.0,1,0.7109184979355795,26
1867,0,2803,2803,0,0,0,0,1.0,1.0,1.0,1.0,1.0,1,0.7109184979355795,26
1868,0,2803,2803,0,0,0,0,1.0,1.0,1.0,1.0,1.0,1,0.7109184979355795,26
1869,2,2805,2805,0,0,0,0,1.0,1.0,1.0,1.0,1.0,1,0.7244836850820515,26
1870,0,2805,2805,0,0,0,0,1.0,1.0,1.0,1.0,1.0,1,0.7301012384660431,27
1871,4,2809,2809,0,0,0,0,1.0,1.0,1.0,1.0,1.0,1,0.7580983512365062,27
1872,0,2809,2809,0,0,0,0,1.0,1.0,1.0,1.0,1.0,1,0.7648446618836847,25
1873,0,2809,2809,0,0,0,0,1.0,1.0,1.0,1.0,1.0,1,0.7648446618836847,25
1874,0,2809,2809,0,0,0,0,1.0,1.0,1.0,1.0,1.0,1,0.7385994955763602,25
1875,0,2809,2809,0,0,0,0,1.0,1.0,1.0,1.0,1.0,1,0.7385994955763602,25
1876,0,2809,2809,0,0,0,0,1.0,1.0,1.0,1.0,1.0,1,0.7359780786253688,26
1877,0,2809,2809,0,0,0,0,1.0,1.0,1.0,1.0,1.0,1,0.7125765216452551,27
1878,1,2810,2810,0,0,0,0,1.0,1.0,1.0,1.0,1.0,1,0.691242539517877,28
1879,1,2811,2811,0,0,0,0,1.0,1.0,1.0,1.0,1.0,1,0.6928665329503465,29
1880,0,2811,2811,0,0,0,0,1.0,1.0,1.0,1.0,1.0,1,0.6928665329503465,29
1881,0,2811,2811,0,0,0,0,1.0,1.0,1.0,1.0,1.0,1,0.6928665329503465,29
1882,0,2811,2811,0,0,0,0,1.0,1.0,1.0,1.0,1.0,1,0.6939254076435013,28
1883,0,2811,2811,0,0,0,0,1.0,1.0,1.0,1.0,1.0,1,0.6939254076435013,28
1884,1,2812,2812,0,0,0,0,1.0,1.0,1.0,1.0,1.0,1,0.7000150051877112,28
1885,0,2812,2812,0,0,0,0,1.0,1.0,1.0,1.0,1.0,1,0.7000150051877112,28
1886,0,2812,2812,0,0,0,0,1.0,1.0,1.0,1.0,1.0,1,0.6987328110205042,29
1887,0,2812,2812,0,0,0,0,1.0,1.0,1.0,1.0,1.0,1,0.6987328110205042,29
1888,0,2812,2812,0,0,0,0,1.0,1.0,1.0,1.0,1.0,1,0.7041136435101732,31
1889,0,2812,2812,0,0,0,0,1.0,1.0,1.0,1.0,1.0,1,0.7041136435101732,31
1890,1,2813,2813,0,0,0,0,1.0,1.0,1.0,1.0,1.0,1,0.7100420164365551,31
1891,0,2813,2813,0,0,0,0,1.0,1.0,1.0,1.0,1.0,1,0.7153250344196852,32
1892,0,2813,2813,0,0,0,0,1.0,1.0,1.0,1.0,1.0,1,0.7153250344196852,32
1893,0,2813,2813,0,0,0,0,1.0,1.0,1.0,1.0,1.0,1,0.7153250344196852,32
1894,1,2814,2814,0,0,0,0,1.0,1.0,1.0,1.0,1.0,1,0.717349647112295,33
1895,1,2815,2815,0,0,0,0,1.0,1.0,1.0,1.0,1.0,1,0.716620744580071,35
1896,0,2815,2815,0,0,0,0,1.0,1.0,1.0,1.0,1.0,1,0.7177906969019174,34
1897,0,2815,2815,0,0,0,0,1.0,1.0,1.0,1.0,1.0,1,0.7177906969019174,34
1898,0,2815,2815,0,0,0,0,1.0,1.0,1.0,1.0,1.0,1,0.7177906969019174,34
1899,0,2815,2815,0,0,0,0,1.0,1.0,1.0,1.0,1.0,1,0.7177906969019174,34
1900,0,2815,2815,0,0,0,0,1.0,1.0,1.0,1.0,1.0,1,0.7158339433927041,35
1901,0,2815,2815,0,0,0,0,1.0,1.0,1.0,1.0,1.0,1,0.7158339433927041,35
1902,1,2816,2816,0,0,0,0,1.0,1.0,1.0,1.0,1.0,1,0.7242535072741546,35
1903,0,2816,2816,0,0,0,0,1.0,1.0,1.0,1.0,1.0,1,0.7242535072741546,35
1904,0,2816,2816,0,0,0,0,1.0,1.0,1.0,1.0,1.0,1,0.7242535072741546,35
1905,0,2816,2816,0,0,0,0,1.0,1.0,1.0,1.0,1.0,1,0.6963028335762279,37
1906,2,2818,2818,0,0,0,0,1.0,1.0,1.0,1.0,1.0,1,0.6616403255531216,37
1907,1,2819,2819,0,0,0,0,1.0,1.0,1.0,1.0,1.0,1,0.6366621455168469,39
1908,1,2820,2820,0,0,0,0,1.0,1.0,1.0,1.0,1.0,1,0.6438296269416709,39
1909,1,2821,2821,0,0,0,0,1.0,1.0,1.0,1.0,1.0,1,0.6181920854399329,41
1910,1,2822,2822,0,0,0,0,1.0,1.0,1.0,1.0,1.0,1,0.6223749395944214,41
1911,2,2824,2824,0,0,0,0,1.0,1.0,1.0,1.0,1.0,1,0.6155247897206267,40
1912,2,2826,2826,0,0,0,0,1.0,1.0,1.0,1.0,1.0,1,0.6158707797567217,39
1913,3,2829,2829,0,0,0,0,1.0,1.0,1.0,1.0,1.0,1,0.5818890502749123,40
1914,2,2831,2831,0,0,0,0,1.0,1.0,1.0,1.0,1.0,1,0.6007596195329948,41
1915,2,2833,2833,0,0,0,0,1.0,1.0,1.0,1.0,1.0,1,0.6231569078750142,42
1916,2,2835,2835,0,0,0,0,1.0,1.0,1.0,1.0,1.0,1,0.6585373133273779,42
1917,3,2838,2838,0,0,0,0,1.0,1.0,1.0,1.0,1.0,1,0.679851250985619,41
1918,1,2839,2839,0,0,0,0,1.0,1.0,1.0,1.0,1.0,1,0.6717705893754162,38
1919,1,2840,2840,0,0,0,0,1.0,1.0,1.0,1.0,1.0,1,0.7140115666513895,38
1920,1,2841,2841,0,0,0,0,1.0,1.0,1.0,1.0,1.0,1,0.7331934525342402,38
1921,1,2842,2842,0,0,0,0,1.0,1.0,1.0,1.0,1.0,1,0.7157829995426283,39
1922,1,2843,2843,0,0,0,0,1.0,1.0,1.0,1.0,1.0,1,0.6854165271899672,40
1923,2,2845,2845,0,0,0,0,1.0,1.0,1.0,1.0,1.0,1,0.6963771199399372,41
1924,2,2847,2847,0,0,0,0,1.0,1.0,1.0,1.0,1.0,1,0.7257475213929228,41
1925,0,2847,2847,0,0,0,0,1.0,1.0,1.0,1.0,1.0,1,0.7236138070969331,41
1926,0,2847,2847,0,0,0,0,1.0,1.0,1.0,1.0,1.0,1,0.7236138070969331,41
1927,0,2847,2847,0,0,0,0,1.0,1.0,1.0,1.0,1.0,1,0.7236138070969331,41
1928,1,2848,2848,0,0,0,0,1.0,1.0,1.0,1.0,1.0,1,0.721206870501188,42
1929,0,2848,2848,0,0,0,0,1.0,1.0,1.0,1.0,1.0,1,0.7374676368721391,41
1930,0,2848,2848,0,0,0,0,1.0,1.0,1.0,1.0,1.0,1,0.7374676368721391,41
1931,0,2848,2848,0,0,0,0,1.0,1.0,1.0,1.0,1.0,1,0.7374676368721391,41
1932,0,2848,2848,0,0,0,0,1.0,1.0,1.0,1.0,1.0,1,0.7374676368721391,41
1933,2,2850,2850,0,0,0,0,1.0,1.0,1.0,1.0,1.0,1,0.7228785145792471,43
1934,0,2850,2850,0,0,0,0,1.0,1.0,1.0,1.0,1.0,1,0.7174221554446625,44
1935,1,2851,2851,0,0,0,0,1.0,1.0,1.0,1.0,1.0,1,0.696587076611094,45
1936,0,2851,2851,0,0,0,0,1.0,1.0,1.0,1.0,1.0,1,0.6650077281165452,48
1937,1,2852,2852,0,0,0,0,1.0,1.0,1.0,1.0,1.0,1,0.6607577033242431,48
1938,3,2855,2855,0,0,0,0,1.0,1.0,1.0,1.0,1.0,1,0.6407877209420736,48
1939,2,2857,2857,0,0,0,0,1.0,1.0,1.0,1.0,1.0,1,0.6230874014448364,48
1940,2,2859,2859,0,0,0,0,1.0,1.0,1.0,1.0,1.0,1,0.5881866028009259,48
1941,1,2860,2860,0,0,0,0,1.0,1.0,1.0,1.0,1.0,1,0.574205806927549,48
1942,2,2862,2862,0,0,0,0,1.0,1.0,1.0,1.0,1.0,1,0.586411497332487,49
1943,3,2865,2865,0,0,0,0,1.0,1.0,1.0,1.0,1.0,1,0.5166465705989941,48
1944,1,2866,2866,0,0,0,0,1.0,1.0,1.0,1.0,1.0,1,0.5138677777475297,47
1945,2,2868,2868,0,0,0,0,1.0,1.0,1.0,1.0,1.0,1,0.5151003664924604,46
1946,2,2870,2870,0,0,0,0,1.0,1.0,1.0,1.0,1.0,1,0.5340082839942443,46
1947,3,2873,2873,0,0,0,0,1.0,1.0,1.0,1.0,1.0,1,0.5858403528286227,45
1948,8,2881,2881,0,0,0,0,1.0,1.0,1.0,1.0,1.0,1,0.6201649891236791,46
1949,3,2884,2884,0,0,0,0,1.0,1.0,1.0,1.0,1.0,1,0.6443533700197018,42
1950,1,2885,2885,0,0,0,0,1.0,1.0,1.0,1.0,1.0,1,0.6564456000561686,40
1951,1,2886,2886,0,0,0,0,1.0,1.0,1.0,1.0,1.0,1,0.6598022054080701,39
1952,1,2887,2887,0,0,0,0,1.0,1.0,1.0,1.0,1.0,1,0.6710719547586655,35
1953,1,2888,2888,0,0,0,0,1.0,1.0,1.0,1.0,1.0,1,0.6594507345005681,36
1954,0,2888,2888,0,0,0,0,1.0,1.0,1.0,1.0,1.0,1,0.6921267659995273,34
1955,0,2888,2888,0,0,0,0,1.0,1.0,1.0,1.0,1.0,1,0.6913293054106056,35
1956,1,2889,2889,0,0,0,0,1.0,1.0,1.0,1.0,1.0,1,0.678948708769517,37
1957,1,2890,2890,0,0,0,0,1.0,1.0,1.0,1.0,1.0,1,0.6844861989288775,37
1958,1,2891,2891,0,0,0,0,1.0,1.0,1.0,1.0,1.0,1,0.6805166282535499,39
1959,1,2892,2892,0,0,0,0,1.0,1.0,1.0,1.0,1.0,1,0.6790070358768986,41
1960,2,2894,2894,0,0,0,0,1.0,1.0,1.0,1.0,1.0,1,0.6603701218050682,40
1961,2,2896,2896,0,0,0,0,1.0,1.0,1.0,1.0,1.0,1,0.6299572751659226,41
1962,0,2896,2896,0,0,0,0,1.0,1.0,1.0,1.0,1.0,1,0.6290359200145076,40
1963,2,2898,2898,0,0,0,0,1.0,1.0,1.0,1.0,1.0,1,0.6277876877186772,41
1964,1,2899,2899,0,0,0,0,1.0,1.0,1.0,1.0,1.0,1,0.6423197102196847,40
1965,4,2903,2903,0,0,0,0,1.0,1.0,1.0,1.0,1.0,1,0.6282614602690155,41
1966,0,2903,2903,0,0,0,0,1.0,1.0,1.0,1.0,1.0,1,0.6282614602690155,41
1967,2,2905,2905,0,0,0,0,1.0,1.0,1.0,1.0,1.0,1,0.6186639702525326,42
1968,0,2905,2905,0,0,0,0,1.0,1.0,1.0,1.0,1.0,1,0.6121608615424947,42
1969,2,2907,2907,0,0,0,0,1.0,1.0,1.0,1.0,1.0,1,0.626003249489183,43
1970,0,2907,2907,0,0,0,0,1.0,1.0,1.0,1.0,1.0,1,0.6453982027161325,42
1971,1,2908,2908,0,0,0,0,1.0,1.0,1.0,1.0,1.0,1,0.6348687226959427,42
1972,0,2908,2908,0,0,0,0,1.0,1.0,1.0,1.0,1.0,1,0.6348687226959427,42
1973,0,2908,2908,0,0,0,0,1.0,1.0,1.0,1.0,1.0,1,0.6393226693959447,43
1974,0,2908,2908,0,0,0,0,1.0,1.0,1.0,1.0,1.0,1,0.6415894704340535,43
1975,0,2908,2908,0,0,0,0,1.0,1.0,1.0,1.0,1.0,1,0.6415894704340535,43
1976,2,2910,2910,0,0,0,0,1.0,1.0,1.0,1.0,1.0,1,0.6647136540030827,43
1977,0,2910,2910,0,0,0,0,1.0,1.0,1.0,1.0,1.0,1,0.6504462071390172,48
1978,5,2915,2915,0,0,0,0,1.0,1.0,1.0,1.0,1.0,1,0.6404756437577462,48
1979,0,2915,2915,0,0,0,0,1.0,1.0,1.0,1.0,1.0,1,0.6372816084112427,49
1980,2,2917,2917,0,0,0,0,1.0,1.0,1.0,1.0,1.0,1,0.6091323615404274,50
1981,3,2920,2920,0,0,0,0,1.0,1.0,1.0,1.0,1.0,1,0.6128363501327462,50
1982,4,2924,2924,0,0,0,0,1.0,1.0,1.0,1.0,1.0,1,0.6264126336747659,50
1983,3,2927,2927,0,0,0,0,1.0,1.0,1.0,1.0,1.0,1,0.615524890850742,49
1984,2,2929,2929,0,0,0,0,1.0,1.0,1.0,1.0,1.0,1,0.6022350635074903,48
1985,3,2932,2932,0,0,0,0,1.0,1.0,1.0,1.0,1.0,1,0.5969139168064884,46
1986,2,2934,2934,0,0,0,0,1.0,1.0,1.0,1.0,1.0,1,0.5992164171587062,46
1987,1,2935,2935,0,0,0,0,1.0,1.0,1.0,1.0,1.0,1,0.6198916714539827,42
1988,1,2936,2936,0,0,0,0,1.0,1.0,1.0,1.0,1.0,1,0.6153474463197491,40
1989,3,2939,2939,0,0,0,0,1.0,1.0,1.0,1.0,1.0,1,0.6288586376810413,38
1990,1,2940,2940,0,0,0,0,1.0,1.0,1.0,1.0,1.0,1,0.6308683795645359,38
1991,4,2944,2944,0,0,0,0,1.0,1.0,1.0,1.0,1.0,1,0.5895630966466318,38
1992,1,2945,2945,0,0,0,0,1.0,1.0,1.0,1.0,1.0,1,0.5995388609739124,39
1993,5,2950,2950,0,0,0,0,1.0,1.0,1.0,1.0,1.0,1,0.6133048080534459,38
1994,3,2953,2953,0,0,0,0,1.0,1.0,1.0,1.0,1.0,1,0.6253495234307855,37
1995,1,2954,2954,0,0,0,0,1.0,1.0,1.0,1.0,1.0,1,0.6301718062797657,37
1996,1,2955,2955,0,0,0,0,1.0,1.0,1.0,1.0,1.0,1,0.6371680556261564,37
1997,2,2957,2957,0,0,0,0,1.0,1.0,1.0,1.0,1.0,1,0.631627083111796,35
1998,0,2957,2957,0,0,0,0,1.0,1.0,1.0,1.0,1.0,1,0.6447582223310214,34
1999,3,2960,2960,0,0,0,0,1.0,1.0,1.0,1.0,1.0,1,0.6514719933462563,35
2000,0,2960,2960,0,0,0,0,1.0,1.0,1.0,1.0,1.0,1,0.6648654896113141,34
2001,0,2960,2960,0,0,0,0,1.0,1.0,1.0,1.0,1.0,1,0.646629954345154,35
2002,0,2960,2960,0,0,0,0,1.0,1.0,1.0,1.0,1.0,1,0.6344417366348277,36
2003,2,2962,2962,0,0,0,0,1.0,1.0,1.0,1.0,1.0,1,0.6440170965155808,37
2004,1,2963,2963,0,0,0,0,1.0,1.0,1.0,1.0,1.0,1,0.6515875191664197,38
2005,1,2964,2964,0,0,0,0,1.0,1.0,1.0,1.0,1.0,1,0.6651254984993383,38
2006,0,2964,2964,0,0,0,0,1.0,1.0,1.0,1.0,1.0,1,0.6651254984993383,38
2007,1,2965,2965,0,0,0,0,1.0,1.0,1.0,1.0,1.0,1,0.660819169766026,40
2008,1,2966,2966,0,0,0,0,1.0,1.0,1.0,1.0,1.0,1,0.6651765765986014,40
2009,2,2968,2968,0,0,0,0,1.0,1.0,1.0,1.0,1.0,1,0.6761843829545361,41
2010,0,2968,2968,0,0,0,0,1.0,1.0,1.0,1.0,1.0,1,0.6761843829545361,41
2011,1,2969,2969,0,0,0,0,1.0,1.0,1.0,1.0,1.0,1,0.6624291209980464,41
2012,0,2969,2969,0,0,0,0,1.0,1.0,1.0,1.0,1.0,1,0.6624291209980464,41
2013,0,2969,2969,0,0,0,0,1.0,1.0,1.0,1.0,1.0,1,0.6639014372310955,43
2014,0,2969,2969,0,0,0,0,1.0,1.0,1.0,1.0,1.0,1,0.6726899963231523,43
2015,3,2972,2972,0,0,0,0,1.0,1.0,1.0,1.0,1.0,1,0.68061315816669,43
2016,1,2973,2973,0,0,0,0,1.0,1.0,1.0,1.0,1.0,1,0.679816196740927,44
2017,0,2973,2973,0,0,0,0,1.0,1.0,1.0,1.0,1.0,1,0.6685837019421872,45
2018,4,2977,2977,0,0,0,0,1.0,1.0,1.0,1.0,1.0,1,0.6767006092937684,46
2019,1,2978,2978,0,0,0,0,1.0,1.0,1.0,1.0,1.0,1,0.6491431057934403,47
2020,3,2981,2981,0,0,0,0,1.0,1.0,1.0,1.0,1.0,1,0.6165823036157813,47
2021,2,2983,2983,0,0,0,0,1.0,1.0,1.0,1.0,1.0,1,0.5725482406841423,47
2022,4,2987,2987,0,0,0,0,1.0,1.0,1.0,1.0,1.0,1,0.5339808818706703,48
2023,1,2988,2988,0,0,0,0,1.0,1.0,1.0,1.0,1.0,1,0.520815232928234,48
2024,4,2992,2992,0,0,0,0,1.0,1.0,1.0,1.0,1.0,1,0.5550017479492957,45
2025,2,2994,2994,0,0,0,0,1.0,1.0,1.0,1.0,1.0,1,0.5682504269929376,42
2026,4,2998,2998,0,0,0,0,1.0,1.0,1.0,1.0,1.0,1,0.5828849244350951,44
2027,3,3001,3001,0,0,0,0,1.0,1.0,1.0,1.0,1.0,1,0.6080824509727439,40
2028,3,3004,3004,0,0,0,0,1.0,1.0,1.0,1.0,1.0,1,0.6207973924349347,39
2029,3,3007,3007,0,0,0,0,1.0,1.0,1.0,1.0,1.0,1,0.6271654948791224,37
2030,1,3008,3008,0,0,0,0,1.0,1.0,1.0,1.0,1.0,1,0.6124460428942777,34
2031,3,3011,3011,0,0,0,0,1.0,1.0,1.0,1.0,1.0,1,0.5915709977905101,35
2032,2,3013,3013,0,0,0,0,1.0,1.0,1.0,1.0,1.0,1,0.6217532226679259,34
2033,4,3017,3017,0,0,0,0,1.0,1.0,1.0,1.0,1.0,1,0.6614604236236947,36
2034,0,3017,3017,0,0,0,0,1.0,1.0,1.0,1.0,1.0,1,0.6790769963938097,34
2035,0,3017,3017,0,0,0,0,1.0,1.0,1.0,1.0,1.0,1,0.667009308325756,35
2036,1,3018,3018,0,0,0,0,1.0,1.0,1.0,1.0,1.0,1,0.6940051834768038,34
2037,0,3018,3018,0,0,0,0,1.0,1.0,1.0,1.0,1.0,1,0.689128819064979,35
2038,0,3018,3018,0,0,0,0,1.0,1.0,1.0,1.0,1.0,1,0.6754534609774068,36
2039,1,3019,3019,0,0,0,0,1.0,1.0,1.0,1.0,1.0,1,0.6639790085915899,38
2040,0,3019,3019,0,0,0,0,1.0,1.0,1.0,1.0,1.0,1,0.6639790085915899,38
2041,1,3020,3020,0,0,0,0,1.0,1.0,1.0,1.0,1.0,1,0.6486647454365149,39
2042,1,3021,3021,0,0,0,0,1.0,1.0,1.0,1.0,1.0,1,0.6619506867954135,39
2043,1,3022,3022,0,0,0,0,1.0,1.0,1.0,1.0,1.0,1,0.6570223454672424,39
2044,1,3023,3023,0,0,0,0,1.0,1.0,1.0,1.0,1.0,1,0.650119114988596,39
2045,0,3023,3023,0,0,0,0,1.0,1.0,1.0,1.0,1.0,1,0.6241041475631064,41
2046,0,3023,3023,0,0,0,0,1.0,1.0,1.0,1.0,1.0,1,0.6320817206399464,42
2047,2,3025,3025,0,0,0,0,1.0,1.0,1.0,1.0,1.0,1,0.6044033771101368,42
2048,1,3026,3026,0,0,0,0,1.0,1.0,1.0,1.0,1.0,1,0.5825581973552229,43
2049,0,3026,3026,0,0,0,0,1.0,1.0,1.0,1.0,1.0,1,0.5804179669652214,44
2050,0,3026,3026,0,0,0,0,1.0,1.0,1.0,1.0,1.0,1,0.5942034159326134,44
2051,0,3026,3026,0,0,0,0,1.0,1.0,1.0,1.0,1.0,1,0.6096414584693619,45
2052,0,3026,3026,0,0,0,0,1.0,1.0,1.0,1.0,1.0,1,0.6096414584693619,45
2053,1,3027,3027,0,0,0,0,1.0,1.0,1.0,1.0,1.0,1,0.5970238482422312,45
2054,0,3027,3027,0,0,0,0,1.0,1.0,1.0,1.0,1.0,1,0.5893853744834118,46
2055,0,3027,3027,0,0,0,0,1.0,1.0,1.0,1.0,1.0,1,0.5893853744834118,46
2056,0,3027,3027,0,0,0,0,1.0,1.0,1.0,1.0,1.0,1,0.5918785077250502,46
2057,5,3032,3032,0,0,0,0,1.0,1.0,1.0,1.0,1.0,1,0.6156262531063289,47
2058,5,3037,3037,0,0,0,0,1.0,1.0,1.0,1.0,1.0,1,0.6154642790322105,47
2059,4,3041,3041,0,0,0,0,1.0,1.0,1.0,1.0,1.0,1,0.6327200227954094,48
2060,3,3044,3044,0,0,0,0,1.0,1.0,1.0,1.0,1.0,1,0.5983636329206379,50
2061,2,3046,3046,0,0,0,0,1.0,1.0,1.0,1.0,1.0,1,0.5824899805778644,51
2062,3,3049,3049,0,0,0,0,1.0,1.0,1.0,1.0,1.0,1,0.5672186351415908,49
2063,4,3053,3053,0,0,0,0,1.0,1.0,1.0,1.0,1.0,1,0.5646133621143029,48
2064,1,3054,3054,0,0,0,0,1.0,1.0,1.0,1.0,1.0,1,0.5917474805327625,45
2065,2,3056,3056,0,0,0,0,1.0,1.0,1.0,1.0,1.0,1,0.6013398290655477,44
2066,1,3057,3057,0,0,0,0,1.0,1.0,1.0,1.0,1.0,1,0.5868198976985575,42
2067,1,3058,3058,0,0,0,0,1.0,1.0,1.0,1.0,1.0,1,0.5953423968604836,41
2068,3,3061,3061,0,0,0,0,1.0,1.0,1.0,1.0,1.0,1,0.5795826664829911,40
2069,2,3063,3063,0,0,0,0,1.0,1.0,1.0,1.0,1.0,1,0.564348428929299,40
2070,2,3065,3065,0,0,0,0,1.0,1.0,1.0,1.0,1.0,1,0.5867903765449287,40
2071,3,3068,3068,0,0,0,0,1.0,1.0,1.0,1.0,1.0,1,0.6009979823903662,40
2072,0,3068,3068,0,0,0,0,1.0,1.0,1.0,1.0,1.0,1,0.5995245874291513,41
2073,0,3068,3068,0,0,0,0,1.0,1.0,1.0,1.0,1.0,1,0.5995245874291513,41
2074,2,3070,3070,0,0,0,0,1.0,1.0,1.0,1.0,1.0,1,0.5818806844116697,41
2075,0,3070,3070,0,0,0,0,1.0,1.0,1.0,1.0,1.0,1,0.5818806844116697,41
2076,2,3072,3072,0,0,0,0,1.0,1.0,1.0,1.0,1.0,1,0.5606075423637193,41
2077,1,3073,3073,0,0,0,0,1.0,1.0,1.0,1.0,1.0,1,0.552252497265074,40
2078,0,3073,3073,0,0,0,0,1.0,1.0,1.0,1.0,1.0,1,0.552252497265074,40
2079,0,3073,3073,0,0,0,0,1.0,1.0,1.0,1.0,1.0,1,0.5653111518975537,39
2080,1,3074,3074,0,0,0,0,1.0,1.0,1.0,1.0,1.0,1,0.563706472259776,38
2081,2,3076,3076,0,0,0,0,1.0,1.0,1.0,1.0,1.0,1,0.5338856443851454,40
2082,1,3077,3077,0,0,0,0,1.0,1.0,1.0,1.0,1.0,1,0.5288581036824326,41
2083,1,3078,3078,0,0,0,0,1.0,1.0,1.0,1.0,1.0,1,0.5579254621664425,40
2084,2,3080,3080,0,0,0,0,1.0,1.0,1.0,1.0,1.0,1,0.6021021450817916,42
2085,1,3081,3081,0,0,0,0,1.0,1.0,1.0,1.0,1.0,1,0.6170573158628007,42
2086,1,3082,3082,0,0,0,0,1.0,1.0,1.0,1.0,1.0,1,0.6162112268961175,43
2087,1,3083,3083,0,0,0,0,1.0,1.0,1.0,1.0,1.0,1,0.62853458557273,45
2088,1,3084,3084,0,0,0,0,1.0,1.0,1.0,1.0,1.0,1,0.6274322606069204,46
2089,0,3084,3084,0,0,0,0,1.0,1.0,1.0,1.0,1.0,1,0.6188184818432396,47
2090,1,3085,3085,0,0,0,0,1.0,1.0,1.0,1.0,1.0,1,0.6393294238924124,49
2091,1,3086,3086,0,0,0,0,1.0,1.0,1.0,1.0,1.0,1,0.6313652939839814,49
2092,2,3088,3088,0,0,0,0,1.0,1.0,1.0,1.0,1.0,1,0.6372378638967395,49
2093,2,3090,3090,0,0,0,0,1.0,1.0,1.0,1.0,1.0,1,0.6423792938902914,49
2094,0,3090,3090,0,0,0,0,1.0,1.0,1.0,1.0,1.0,1,0.6423792938902914,49
2095,1,3091,3091,0,0,0,0,1.0,1.0,1.0,1.0,1.0,1,0.6275176045541885,49
2096,0,3091,3091,0,0,0,0,1.0,1.0,1.0,1.0,1.0,1,0.6178257849082798,51
2097,3,3094,3094,0,0,0,0,1.0,1.0,1.0,1.0,1.0,1,0.6071298877149013,51
2098,5,3099,3099,0,0,0,0,1.0,1.0,1.0,1.0,1.0,1,0.5385825720077133,52
2099,2,3101,3101,0,0,0,0,1.0,1.0,1.0,1.0,1.0,1,0.5205727529734994,51
2100,3,3104,3104,0,0,0,0,1.0,1.0,1.0,1.0,1.0,1,0.508340735362581,51
2101,3,3107,3107,0,0,0,0,1.0,1.0,1.0,1.0,1.0,1,0.49915472730833266,48
2102,4,3111,3111,0,0,0,0,1.0,1.0,1.0,1.0,1.0,1,0.516050139846716,49
2103,5,3116,3116,0,0,0,0,1.0,1.0,1.0,1.0,1.0,1,0.5597870804340788,48
2104,1,3117,3117,0,0,0,0,1.0,1.0,1.0,1.0,1.0,1,0.5651707587733661,43
2105,1,3118,3118,0,0,0,0,1.0,1.0,1.0,1.0,1.0,1,0.6006082082495501,42
2106,1,3119,3119,0,0,0,0,1.0,1.0,1.0,1.0,1.0,1,0.5695382924032812,40
2107,2,3121,3121,0,0,0,0,1.0,1.0,1.0,1.0,1.0,1,0.5425569367918835,39
2108,2,3123,3123,0,0,0,0,1.0,1.0,1.0,1.0,1.0,1,0.5394080756445748,38
2109,0,3123,3123,0,0,0,0,1.0,1.0,1.0,1.0,1.0,1,0.5289696484163783,37
2110,1,3124,3124,0,0,0,0,1.0,1.0,1.0,1.0,1.0,1,0.5373904535972532,38
2111,1,3125,3125,0,0,0,0,1.0,1.0,1.0,1.0,1.0,1,0.5560232236673426,37
2112,2,3127,3127,0,0,0,0,1.0,1.0,1.0,1.0,1.0,1,0.5939803311743798,36
2113,1,3128,3128,0,0,0,0,1.0,1.0,1.0,1.0,1.0,1,0.6348722372595117,36
2114,0,3128,3128,0,0,0,0,1.0,1.0,1.0,1.0,1.0,1,0.6267454117557609,36
2115,1,3129,3129,0,0,0,0,1.0,1.0,1.0,1.0,1.0,1,0.6105450624274078,35
2116,1,3130,3130,0,0,0,0,1.0,1.0,1.0,1.0,1.0,1,0.6069170730042133,37
2117,1,3131,3131,0,0,0,0,1.0,1.0,1.0,1.0,1.0,1,0.573684581662289,38
2118,0,3131,3131,0,0,0,0,1.0,1.0,1.0,1.0,1.0,1,0.5716760803205709,40
2119,1,3132,3132,0,0,0,0,1.0,1.0,1.0,1.0,1.0,1,0.5722584854020997,40
2120,0,3132,3132,0,0,0,0,1.0,1.0,1.0,1.0,1.0,1,0.5799523867444976,41
2121,1,3133,3133,0,0,0,0,1.0,1.0,1.0,1.0,1.0,1,0.5716474702623888,41
2122,1,3134,3134,0,0,0,0,1.0,1.0,1.0,1.0,1.0,1,0.5966404538514477,42
2123,1,3135,3135,0,0,0,0,1.0,1.0,1.0,1.0,1.0,1,0.6043246864677013,43
2124,0,3135,3135,0,0,0,0,1.0,1.0,1.0,1.0,1.0,1,0.6056768896541052,41
2125,0,3135,3135,0,0,0,0,1.0,1.0,1.0,1.0,1.0,1,0.6056768896541052,41
2126,0,3135,3135,0,0,0,0,1.0,1.0,1.0,1.0,1.0,1,0.6098325512104229,40
2127,0,3135,3135,0,0,0,0,1.0,1.0,1.0,1.0,1.0,1,0.6098325512104229,40
2128,0,3135,3135,0,0,0,0,1.0,1.0,1.0,1.0,1.0,1,0.6115031798899332,41
2129,0,3135,3135,0,0,0,0,1.0,1.0,1.0,1.0,1.0,1,0.6079707788244278,42
2130,0,3135,3135,0,0,0,0,1.0,1.0,1.0,1.0,1.0,1,0.6065888348850429,45
2131,0,3135,3135,0,0,0,0,1.0,1.0,1.0,1.0,1.0,1,0.6065888348850429,45
2132,2,3137,3137,0,0,0,0,1.0,1.0,1.0,1.0,1.0,1,0.5622146857677335,46
2133,4,3141,3141,0,0,0,0,1.0,1.0,1.0,1.0,1.0,1,0.5810931560029069,46
2134,1,3142,3142,0,0,0,0,1.0,1.0,1.0,1.0,1.0,1,0.5768066668967438,47
2135,2,3144,3144,0,0,0,0,1.0,1.0,1.0,1.0,1.0,1,0.5719698843195506,47
2136,3,3147,3147,0,0,0,0,1.0,1.0,1.0,1.0,1.0,1,0.5871323075682757,47
2137,6,3153,3153,0,0,0,0,1.0,1.0,1.0,1.0,1.0,1,0.5490169519256561,49
2138,1,3154,3154,0,0,0,0,1.0,1.0,1.0,1.0,1.0,1,0.5562330982037238,49
2139,1,3155,3155,0,0,0,0,1.0,1.0,1.0,1.0,1.0,1,0.5498788243136228,47
2140,2,3157,3157,0,0,0,0,1.0,1.0,1.0,1.0,1.0,1,0.5456818961348312,48
2141,2,3159,3159,0,0,0,0,1.0,1.0,1.0,1.0,1.0,1,0.551403898399922,47
2142,1,3160,3160,0,0,0,0,1.0,1.0,1.0,1.0,1.0,1,0.5370804543046395,47
2143,2,3162,3162,0,0,0,0,1.0,1.0,1.0,1.0,1.0,1,0.5389322168844609,48
2144,1,3163,3163,0,0,0,0,1.0,1.0,1.0,1.0,1.0,1,0.5435358369760831,48
2145,3,3166,3166,0,0,0,0,1.0,1.0,1.0,1.0,1.0,1,0.5602848235965361,46
2146,2,3168,3168,0,0,0,0,1.0,1.0,1.0,1.0,1.0,1,0.5871403369518743,47
2147,4,3172,3172,0,0,0,0,1.0,1.0,1.0,1.0,1.0,1,0.6035839613876227,48
2148,2,3174,3174,0,0,0,0,1.0,1.0,1.0,1.0,1.0,1,0.5839630347823392,46
2149,3,3177,3177,0,0,0,0,1.0,1.0,1.0,1.0,1.0,1,0.5790895886850005,46
2150,1,3178,3178,0,0,0,0,1.0,1.0,1.0,1.0,1.0,1,0.576702112486974,46
2151,3,3181,3181,0,0,0,0,1.0,1.0,1.0,1.0,1.0,1,0.5229868123861323,44
2152,0,3181,3181,0,0,0,0,1.0,1.0,1.0,1.0,1.0,1,0.5254478778695052,45
2153,2,3183,3183,0,0,0,0,1.0,1.0,1.0,1.0,1.0,1,0.5141659891223277,48
2154,3,3186,3186,0,0,0,0,1.0,1.0,1.0,1.0,1.0,1,0.48984117596511184,47
2155,1,3187,3187,0,0,0,0,1.0,1.0,1.0,1.0,1.0,1,0.5069605426444571,48
2156,2,3189,3189,0,0,0,0,1.0,1.0,1.0,1.0,1.0,1,0.5384952242670757,45
2157,0,3189,3189,0,0,0,0,1.0,1.0,1.0,1.0,1.0,1,0.5414825039240737,43
2158,1,3190,3190,0,0,0,0,1.0,1.0,1.0,1.0,1.0,1,0.5429844337327425,43
2159,2,3192,3192,0,0,0,0,1.0,1.0,1.0,1.0,1.0,1,0.570227591742996,43
2160,2,3194,3194,0,0,0,0,1.0,1.0,1.0,1.0,1.0,1,0.5964844262107859,41
2161,1,3195,3195,0,0,0,0,1.0,1.0,1.0,1.0,1.0,1,0.5839470777231232,41
2162,5,3200,3200,0,0,0,0,1.0,1.0,1.0,1.0,1.0,1,0.6095607766724052,42
2163,1,3201,3201,0,0,0,0,1.0,1.0,1.0,1.0,1.0,1,0.6258968876317678,43
2164,3,3204,3204,0,0,0,0,1.0,1.0,1.0,1.0,1.0,1,0.6444601538135263,44
2165,1,3205,3205,0,0,0,0,1.0,1.0,1.0,1.0,1.0,1,0.6494212050786028,44
2166,0,3205,3205,0,0,0,0,1.0,1.0,1.0,1.0,1.0,1,0.6387005814273478,46
2167,0,3205,3205,0,0,0,0,1.0,1.0,1.0,1.0,1.0,1,0.6387005814273478,46
2168,0,3205,3205,0,0,0,0,1.0,1.0,1.0,1.0,1.0,1,0.6474621720893791,45
2169,1,3206,3206,0,0,0,0,1.0,1.0,1.0,1.0,1.0,1,0.6384442465795651,49
2170,1,3207,3207,0,0,0,0,1.0,1.0,1.0,1.0,1.0,1,0.6452871145516301,49
2171,0,3207,3207,0,0,0,0,1.0,1.0,1.0,1.0,1.0,1,0.6343003527924214,51
2172,3,3210,3210,0,0,0,0,1.0,1.0,1.0,1.0,1.0,1,0.6745502876909633,52
2173,0,3210,3210,0,0,0,0,1.0,1.0,1.0,1.0,1.0,1,0.6745502876909633,52
2174,4,3214,3214,0,0,0,0,1.0,1.0,1.0,1.0,1.0,1,0.6660022412288232,52
2175,0,3214,3214,0,0,0,0,1.0,1.0,1.0,1.0,1.0,1,0.6660153266460754,53
2176,3,3217,3217,0,0,0,0,1.0,1.0,1.0,1.0,1.0,1,0.6440356914268672,54
2177,2,3219,3219,0,0,0,0,1.0,1.0,1.0,1.0,1.0,1,0.6538798761446769,55
2178,7,3226,3226,0,0,0,0,1.0,1.0,1.0,1.0,1.0,1,0.6101117483016357,54
2179,0,3226,3226,0,0,0,0,1.0,1.0,1.0,1.0,1.0,1,0.6080628534596297,52
2180,4,3230,3230,0,0,0,0,1.0,1.0,1.0,1.0,1.0,1,0.5668432558554728,51
2181,1,3231,3231,0,0,0,0,1.0,1.0,1.0,1.0,1.0,1,0.5576893800553306,49
2182,4,3235,3235,0,0,0,0,1.0,1.0,1.0,1.0,1.0,1,0.518253708108282,49
2183,4,3239,3239,0,0,0,0,1.0,1.0,1.0,1.0,1.0,1,0.5320414964162977,46
2184,3,3242,3242,0,0,0,0,1.0,1.0,1.0,1.0,1.0,1,0.5115229750953646,45
2185,6,3248,3248,0,0,0,0,1.0,1.0,1.0,1.0,1.0,1,0.5007610060462523,44
2186,5,3253,3253,0,0,0,0,1.0,1.0,1.0,1.0,1.0,1,0.49436927413418214,42
2187,4,3257,3257,0,0,0,0,1.0,1.0,1.0,1.0,1.0,1,0.503745858425124,40
2188,5,3262,3262,0,0,0,0,1.0,1.0,1.0,1.0,1.0,1,0.535335671312502,38
2189,1,3263,3263,0,0,0,0,1.0,1.0,1.0,1.0,1.0,1,0.551358552013363,36
2190,2,3265,3265,0,0,0,0,1.0,1.0,1.0,1.0,1.0,1,0.5784938635835228,34
2191,3,3268,3268,0,0,0,0,1.0,1.0,1.0,1.0,1.0,1,0.5326663406788861,34
2192,2,3270,3270,0,0,0,0,1.0,1.0,1.0,1.0,1.0,1,0.5924031366185015,33
2193,0,3270,3270,0,0,0,0,1.0,1.0,1.0,1.0,1.0,1,0.6063553395610586,32
2194,2,3272,3272,0,0,0,0,1.0,1.0,1.0,1.0,1.0,1,0.6098932174217677,32
2195,0,3272,3272,0,0,0,0,1.0,1.0,1.0,1.0,1.0,1,0.6247797744972873,31
2196,2,3274,3274,0,0,0,0,1.0,1.0,1.0,1.0,1.0,1,0.6305743317984253,32
2197,2,3276,3276,0,0,0,0,1.0,1.0,1.0,1.0,1.0,1,0.676839628799667,31
2198,0,3276,3276,0,0,0,0,1.0,1.0,1.0,1.0,1.0,1,0.676839628799667,31
2199,1,3277,3277,0,0,0,0,1.0,1.0,1.0,1.0,1.0,1,0.6832519916798256,32
2200,0,3277,3277,0,0,0,0,1.0,1.0,1.0,1.0,1.0,1,0.6746984651430633,35
2201,1,3278,3278,0,0,0,0,1.0,1.0,1.0,1.0,1.0,1,0.6721174137807544,36
2202,2,3280,3280,0,0,0,0,1.0,1.0,1.0,1.0,1.0,1,0.698817319782095,36
2203,3,3283,3283,0,0,0,0,1.0,1.0,1.0,1.0,1.0,1,0.6411141344656327,37
2204,1,3284,3284,0,0,0,0,1.0,1.0,1.0,1.0,1.0,1,0.6337843553378034,36
2205,2,3286,3286,0,0,0,0,1.0,1.0,1.0,1.0,1.0,1,0.5925803006319539,37
2206,1,3287,3287,0,0,0,0,1.0,1.0,1.0,1.0,1.0,1,0.5872678706012351,35
2207,1,3288,3288,0,0,0,0,1.0,1.0,1.0,1.0,1.0,1,0.5837423114588682,37
2208,1,3289,3289,0,0,0,0,1.0,1.0,1.0,1.0,1.0,1,0.5703509850525402,36
2209,0,3289,3289,0,0,0,0,1.0,1.0,1.0,1.0,1.0,1,0.5851924043852038,35
2210,0,3289,3289,0,0,0,0,1.0,1.0,1.0,1.0,1.0,1,0.575550237868006,38
2211,0,3289,3289,0,0,0,0,1.0,1.0,1.0,1.0,1.0,1,0.5952557207058565,37
2212,1,3290,3290,0,0,0,0,1.0,1.0,1.0,1.0,1.0,1,0.5867223767338634,38
2213,2,3292,3292,0,0,0,0,1.0,1.0,1.0,1.0,1.0,1,0.5886848152441546,38
2214,1,3293,3293,0,0,0,0,1.0,1.0,1.0,1.0,1.0,1,0.5738753211194616,39
2215,2,3295,3295,0,0,0,0,1.0,1.0,1.0,1.0,1.0,1,0.577052352030383,39
2216,2,3297,3297,0,0,0,0,1.0,1.0,1.0,1.0,1.0,1,0.6052500798488515,39
2217,2,3299,3299,0,0,0,0,1.0,1.0,1.0,1.0,1.0,1,0.5939278696620142,38
2218,3,3302,3302,0,0,0,0,1.0,1.0,1.0,1.0,1.0,1,0.5610560801178923,37
2219,4,3306,3306,0,0,0,0,1.0,1.0,1.0,1.0,1.0,1,0.5751489562089535,36
2220,2,3308,3308,0,0,0,0,1.0,1.0,1.0,1.0,1.0,1,0.5030310810802563,34
2221,2,3310,3310,0,0,0,0,1.0,1.0,1.0,1.0,1.0,1,0.47765359663275925,35
2222,1,3311,3311,0,0,0,0,1.0,1.0,1.0,1.0,1.0,1,0.4285975825279778,33
2223,2,3313,3313,0,0,0,0,1.0,1.0,1.0,1.0,1.0,1,0.4813216200000505,34
2224,2,3315,3315,0,0,0,0,1.0,1.0,1.0,1.0,1.0,1,0.4800547241411985,32
2225,3,3318,3318,0,0,0,0,1.0,1.0,1.0,1.0,1.0,1,0.544067234471577,33
2226,3,3321,3321,0,0,0,0,1.0,1.0,1.0,1.0,1.0,1,0.5643024918836627,32
2227,0,3321,3321,0,0,0,0,1.0,1.0,1.0,1.0,1.0,1,0.5746886537898717,31
2228,1,3322,3322,0,0,0,0,1.0,1.0,1.0,1.0,1.0,1,0.5874880459567721,32
2229,1,3323,3323,0,0,0,0,1.0,1.0,1.0,1.0,1.0,1,0.5532739507750272,32
2230,2,3325,3325,0,0,0,0,1.0,1.0,1.0,1.0,1.0,1,0.552614570757658,31
2231,1,3326,3326,0,0,0,0,1.0,1.0,1.0,1.0,1.0,1,0.5430605325424458,32
2232,2,3328,3328,0,0,0,0,1.0,1.0,1.0,1.0,1.0,1,0.5160754015360309,32
2233,0,3328,3328,0,0,0,0,1.0,1.0,1.0,1.0,1.0,1,0.5253987466162172,31
2234,2,3330,3330,0,0,0,0,1.0,1.0,1.0,1.0,1.0,1,0.52879344616258,32
2235,1,3331,3331,0,0,0,0,1.0,1.0,1.0,1.0,1.0,1,0.5587968155069294,31
2236,2,3333,3333,0,0,0,0,1.0,1.0,1.0,1.0,1.0,1,0.5465625497609622,31
2237,3,3336,3336,0,0,0,0,1.0,1.0,1.0,1.0,1.0,1,0.59235168646883,31
2238,1,3337,3337,0,0,0,0,1.0,1.0,1.0,1.0,1.0,1,0.6075026581699902,31
2239,1,3338,3338,0,0,0,0,1.0,1.0,1.0,1.0,1.0,1,0.5967199343745729,31
2240,2,3340,3340,0,0,0,0,1.0,1.0,1.0,1.0,1.0,1,0.6142665633590747,32
2241,0,3340,3340,0,0,0,0,1.0,1.0,1.0,1.0,1.0,1,0.6142665633590747,32
2242,2,3342,3342,0,0,0,0,1.0,1.0,1.0,1.0,1.0,1,0.6078039488123903,34
2243,1,3343,3343,0,0,0,0,1.0,1.0,1.0,1.0,1.0,1,0.6281629754504529,34
2244,0,3343,3343,0,0,0,0,1.0,1.0,1.0,1.0,1.0,1,0.6050848404495651,36
2245,0,3343,3343,0,0,0,0,1.0,1.0,1.0,1.0,1.0,1,0.6050848404495651,36
2246,0,3343,3343,0,0,0,0,1.0,1.0,1.0,1.0,1.0,1,0.6048865080365667,39
2247,0,3343,3343,0,0,0,0,1.0,1.0,1.0,1.0,1.0,1,0.5865801139662229,40
2248,0,3343,3343,0,0,0,0,1.0,1.0,1.0,1.0,1.0,1,0.5865801139662229,40
2249,1,3344,3344,0,0,0,0,1.0,1.0,1.0,1.0,1.0,1,0.5821523337823505,41
2250,0,3344,3344,0,0,0,0,1.0,1.0,1.0,1.0,1.0,1,0.5821523337823505,41
2251,2,3346,3346,0,0,0,0,1.0,1.0,1.0,1.0,1.0,1,0.5954223178328759,42
2252,0,3346,3346,0,0,0,0,1.0,1.0,1.0,1.0,1.0,1,0.5898654250145542,41
2253,2,3348,3348,0,0,0,0,1.0,1.0,1.0,1.0,1.0,1,0.5878096659678598,40
2254,1,3349,3349,0,0,0,0,1.0,1.0,1.0,1.0,1.0,1,0.5932448487822944,39
2255,2,3351,3351,0,0,0,0,1.0,1.0,1.0,1.0,1.0,1,0.6015626208653839,39
2256,2,3353,3353,0,0,0,0,1.0,1.0,1.0,1.0,1.0,1,0.6012863366161019,40
2257,4,3357,3357,0,0,0,0,1.0,1.0,1.0,1.0,1.0,1,0.6163894860813162,40
2258,3,3360,3360,0,0,0,0,1.0,1.0,1.0,1.0,1.0,1,0.5902443403549514,39
2259,2,3362,3362,0,0,0,0,1.0,1.0,1.0,1.0,1.0,1,0.5867972645005871,41
2260,2,3364,3364,0,0,0,0,1.0,1.0,1.0,1.0,1.0,1,0.5861180365056269,38
2261,3,3367,3367,0,0,0,0,1.0,1.0,1.0,1.0,1.0,1,0.5607944462085881,38
2262,2,3369,3369,0,0,0,0,1.0,1.0,1.0,1.0,1.0,1,0.5567982043412116,36
2263,1,3370,3370,0,0,0,0,1.0,1.0,1.0,1.0,1.0,1,0.5381560557545884,35
2264,3,3373,3373,0,0,0,0,1.0,1.0,1.0,1.0,1.0,1,0.5704536162406243,33
2265,3,3376,3376,0,0,0,0,1.0,1.0,1.0,1.0,1.0,1,0.5969637000321101,33
2266,2,3378,3378,0,0,0,0,1.0,1.0,1.0,1.0,1.0,1,0.5490193861182281,33
2267,4,3382,3382,0,0,0,0,1.0,1.0,1.0,1.0,1.0,1,0.5295259030821705,33
2268,2,3384,3384,0,0,0,0,1.0,1.0,1.0,1.0,1.0,1,0.4932616794409113,35
2269,2,3386,3386,0,0,0,0,1.0,1.0,1.0,1.0,1.0,1,0.48251648053425755,36
2270,2,3388,3388,0,0,0,0,1.0,1.0,1.0,1.0,1.0,1,0.4724180711471485,34
2271,3,3391,3391,0,0,0,0,1.0,1.0,1.0,1.0,1.0,1,0.50745487089097,34
2272,4,3395,3395,0,0,0,0,1.0,1.0,1.0,1.0,1.0,1,0.5257830615687421,33
2273,2,3397,3397,0,0,0,0,1.0,1.0,1.0,1.0,1.0,1,0.5477310970812704,32
2274,0,3397,3397,0,0,0,0,1.0,1.0,1.0,1.0,1.0,1,0.5477310970812704,32
2275,0,3397,3397,0,0,0,0,1.0,1.0,1.0,1.0,1.0,1,0.5557997981248117,32
2276,0,3397,3397,0,0,0,0,1.0,1.0,1.0,1.0,1.0,1,0.5674981540244762,31
2277,0,3397,3397,0,0,0,0,1.0,1.0,1.0,1.0,1.0,1,0.584719559755966,30
2278,2,3399,3399,0,0,0,0,1.0,1.0,1.0,1.0,1.0,1,0.5754001562235482,33
2279,0,3399,3399,0,0,0,0,1.0,1.0,1.0,1.0,1.0,1,0.5754001562235482,33
2280,1,3400,3400,0,0,0,0,1.0,1.0,1.0,1.0,1.0,1,0.5728651492220103,35
2281,0,3400,3400,0,0,0,0,1.0,1.0,1.0,1.0,1.0,1,0.574936400270385,36
2282,1,3401,3401,0,0,0,0,1.0,1.0,1.0,1.0,1.0,1,0.5846138890485674,36
2283,0,3401,3401,0,0,0,0,1.0,1.0,1.0,1.0,1.0,1,0.5846138890485674,36
2284,2,3403,3403,0,0,0,0,1.0,1.0,1.0,1.0,1.0,1,0.5763533558274118,36
2285,0,3403,3403,0,0,0,0,1.0,1.0,1.0,1.0,1.0,1,0.5717545321998829,37
2286,1,3404,3404,0,0,0,0,1.0,1.0,1.0,1.0,1.0,1,0.5300781477492259,38
2287,1,3405,3405,0,0,0,0,1.0,1.0,1.0,1.0,1.0,1,0.5280344574172897,38
2288,3,3408,3408,0,0,0,0,1.0,1.0,1.0,1.0,1.0,1,0.518148340739732,40
2289,1,3409,3409,0,0,0,0,1.0,1.0,1.0,1.0,1.0,1,0.5322527657061977,40
2290,2,3411,3411,0,0,0,0,1.0,1.0,1.0,1.0,1.0,1,0.5586733309223455,39
2291,1,3412,3412,0,0,0,0,1.0,1.0,1.0,1.0,1.0,1,0.5690642746580833,37
2292,0,3412,3412,0,0,0,0,1.0,1.0,1.0,1.0,1.0,1,0.5713839060961577,35
2293,2,3414,3414,0,0,0,0,1.0,1.0,1.0,1.0,1.0,1,0.6127065365293962,35
2294,1,3415,3415,0,0,0,0,1.0,1.0,1.0,1.0,1.0,1,0.6372590439557337,35
2295,0,3415,3415,0,0,0,0,1.0,1.0,1.0,1.0,1.0,1,0.6332603957645306,36
2296,0,3415,3415,0,0,0,0,1.0,1.0,1.0,1.0,1.0,1,0.6157671383074224,34
2297,0,3415,3415,0,0,0,0,1.0,1.0,1.0,1.0,1.0,1,0.609778985641075,35
2298,3,3418,3418,0,0,0,0,1.0,1.0,1.0,1.0,1.0,1,0.6036755036603829,34
2299,4,3422,3422,0,0,0,0,1.0,1.0,1.0,1.0,1.0,1,0.5685216382105909,35
2300,1,3423,3423,0,0,0,0,1.0,1.0,1.0,1.0,1.0,1,0.5739431369372299,35
2301,0,3423,3423,0,0,0,0,1.0,1.0,1.0,1.0,1.0,1,0.5739431369372299,35
2302,2,3425,3425,0,0,0,0,1.0,1.0,1.0,1.0,1.0,1,0.6030953845397286,37
2303,0,3425,3425,0,0,0,0,1.0,1.0,1.0,1.0,1.0,1,0.5939179820778964,35
2304,2,3427,3427,0,0,0,0,1.0,1.0,1.0,1.0,1.0,1,0.6326051550392342,36
2305,0,3427,3427,0,0,0,0,1.0,1.0,1.0,1.0,1.0,1,0.6307397557924981,34
2306,0,3427,3427,0,0,0,0,1.0,1.0,1.0,1.0,1.0,1,0.6292226331988776,35
2307,2,3429,3429,0,0,0,0,1.0,1.0,1.0,1.0,1.0,1,0.6465080431626543,35
2308,0,3429,3429,0,0,0,0,1.0,1.0,1.0,1.0,1.0,1,0.6465080431626543,35
2309,0,3429,3429,0,0,0,0,1.0,1.0,1.0,1.0,1.0,1,0.6509567501661782,34
2310,0,3429,3429,0,0,0,0,1.0,1.0,1.0,1.0,1.0,1,0.6428462800471415,36
2311,3,3432,3432,0,0,0,0,1.0,1.0,1.0,1.0,1.0,1,0.5896693626774872,38
2312,2,3434,3434,0,0,0,0,1.0,1.0,1.0,1.0,1.0,1,0.60881438165442,39
2313,2,3436,3436,0,0,0,0,1.0,1.0,1.0,1.0,1.0,1,0.5922710957179268,39
2314,2,3438,3438,0,0,0,0,1.0,1.0,1.0,1.0,1.0,1,0.5800953686351417,39
2315,3,3441,3441,0,0,0,0,1.0,1.0,1.0,1.0,1.0,1,0.5872258698176006,40
2316,0,3441,3441,0,0,0,0,1.0,1.0,1.0,1.0,1.0,1,0.5872258698176006,40
2317,1,3442,3442,0,0,0,0,1.0,1.0,1.0,1.0,1.0,1,0.6067109157278963,41
2318,1,3443,3443,0,0,0,0,1.0,1.0,1.0,1.0,1.0,1,0.6196565603069759,41
2319,1,3444,3444,0,0,0,0,1.0,1.0,1.0,1.0,1.0,1,0.6129560290231092,41
2320,1,3445,3445,0,0,0,0,1.0,1.0,1.0,1.0,1.0,1,0.632641700656319,42
2321,0,3445,3445,0,0,0,0,1.0,1.0,1.0,1.0,1.0,1,0.6213620790944899,43
2322,1,3446,3446,0,0,0,0,1.0,1.0,1.0,1.0,1.0,1,0.6458812495082465,42
2323,1,3447,3447,0,0,0,0,1.0,1.0,1.0,1.0,1.0,1,0.640228203613246,43
2324,0,3447,3447,0,0,0,0,1.0,1.0,1.0,1.0,1.0,1,0.6465067827499518,44
2325,1,3448,3448,0,0,0,0,1.0,1.0,1.0,1.0,1.0,1,0.6595816960350157,44
2326,0,3448,3448,0,0,0,0,1.0,1.0,1.0,1.0,1.0,1,0.6498441947927108,45
2327,1,3449,3449,0,0,0,0,1.0,1.0,1.0,1.0,1.0,1,0.6436994395395894,45
2328,0,3449,3449,0,0,0,0,1.0,1.0,1.0,1.0,1.0,1,0.6478051180565546,46
2329,1,3450,3450,0,0,0,0,1.0,1.0,1.0,1.0,1.0,1,0.6341556039265417,45
2330,0,3450,3450,0,0,0,0,1.0,1.0,1.0,1.0,1.0,1,0.626005351723286,47
2331,3,3453,3453,0,0,0,0,1.0,1.0,1.0,1.0,1.0,1,0.6271994882241111,48
2332,0,3453,3453,0,0,0,0,1.0,1.0,1.0,1.0,1.0,1,0.6271994882241111,48
2333,2,3455,3455,0,0,0,0,1.0,1.0,1.0,1.0,1.0,1,0.6346642023041923,49
2334,1,3456,3456,0,0,0,0,1.0,1.0,1.0,1.0,1.0,1,0.6371859649416947,47
2335,2,3458,3458,0,0,0,0,1.0,1.0,1.0,1.0,1.0,1,0.6537247083289585,46
2336,1,3459,3459,0,0,0,0,1.0,1.0,1.0,1.0,1.0,1,0.656789108264366,46
2337,3,3462,3462,0,0,0,0,1.0,1.0,1.0,1.0,1.0,1,0.6530983629563218,45
2338,5,3467,3467,0,0,0,0,1.0,1.0,1.0,1.0,1.0,1,0.6271846546154395,44
2339,1,3468,3468,0,0,0,0,1.0,1.0,1.0,1.0,1.0,1,0.6244129212078523,45
2340,2,3470,3470,0,0,0,0,1.0,1.0,1.0,1.0,1.0,1,0.6133120354698007,44
2341,0,3470,3470,0,0,0,0,1.0,1.0,1.0,1.0,1.0,1,0.6210607298012015,45
2342,1,3471,3471,0,0,0,0,1.0,1.0,1.0,1.0,1.0,1,0.6094262653487025,47
2343,1,3472,3472,0,0,0,0,1.0,1.0,1.0,1.0,1.0,1,0.6273420602688944,46
2344,0,3472,3472,0,0,0,0,1.0,1.0,1.0,1.0,1.0,1,0.6458662939952153,46
2345,0,3472,3472,0,0,0,0,1.0,1.0,1.0,1.0,1.0,1,0.6590344018486958,45
2346,0,3472,3472,0,0,0,0,1.0,1.0,1.0,1.0,1.0,1,0.6475718943940191,46
2347,0,3472,3472,0,0,0,0,1.0,1.0,1.0,1.0,1.0,1,0.6480338483753428,47
2348,1,3473,3473,0,0,0,0,1.0,1.0,1.0,1.0,1.0,1,0.661414365859879,49
2349,2,3475,3475,0,0,0,0,1.0,1.0,1.0,1.0,1.0,1,0.6695332061428926,49
2350,0,3475,3475,0,0,0,0,1.0,1.0,1.0,1.0,1.0,1,0.6535498209877351,50
2351,4,3479,3479,0,0,0,0,1.0,1.0,1.0,1.0,1.0,1,0.6329423004048197,50
2352,0,3479,3479,0,0,0,0,1.0,1.0,1.0,1.0,1.0,1,0.6346480597143282,51
2353,1,3480,3480,0,0,0,0,1.0,1.0,1.0,1.0,1.0,1,0.6295299211632508,51
2354,1,3481,3481,0,0,0,0,1.0,1.0,1.0,1.0,1.0,1,0.6385460345447601,51
2355,2,3483,3483,0,0,0,0,1.0,1.0,1.0,1.0,1.0,1,0.6378825817904862,50
2356,0,3483,3483,0,0,0,0,1.0,1.0,1.0,1.0,1.0,1,0.6378825817904862,50
2357,1,3484,3484,0,0,0,0,1.0,1.0,1.0,1.0,1.0,1,0.641230925186841,49
2358,1,3485,3485,0,0,0,0,1.0,1.0,1.0,1.0,1.0,1,0.6344529300238285,51
2359,0,3485,3485,0,0,0,0,1.0,1.0,1.0,1.0,1.0,1,0.6209024841983003,51
2360,0,3485,3485,0,0,0,0,1.0,1.0,1.0,1.0,1.0,1,0.6209024841983003,51
2361,0,3485,3485,0,0,0,0,1.0,1.0,1.0,1.0,1.0,1,0.6120415825693849,52
2362,1,3486,3486,0,0,0,0,1.0,1.0,1.0,1.0,1.0,1,0.6087105015151197,53
2363,4,3490,3490,0,0,0,0,1.0,1.0,1.0,1.0,1.0,1,0.6188361172868584,54
2364,3,3493,3493,0,0,0,0,1.0,1.0,1.0,1.0,1.0,1,0.6211108212195843,55
2365,5,3498,3498,0,0,0,0,1.0,1.0,1.0,1.0,1.0,1,0.6416415895766892,53
2366,5,3503,3503,0,0,0,0,1.0,1.0,1.0,1.0,1.0,1,0.6580558333248947,53
2367,4,3507,3507,0,0,0,0,1.0,1.0,1.0,1.0,1.0,1,0.6896758978618401,51
2368,2,3509,3509,0,0,0,0,1.0,1.0,1.0,1.0,1.0,1,0.6931672242011881,50
2369,2,3511,3511,0,0,0,0,1.0,1.0,1.0,1.0,1.0,1,0.7208197215858444,47
2370,0,3511,3511,0,0,0,0,1.0,1.0,1.0,1.0,1.0,1,0.7231086529295633,48
2371,0,3511,3511,0,0,0,0,1.0,1.0,1.0,1.0,1.0,1,0.6976591238999071,49
2372,0,3511,3511,0,0,0,0,1.0,1.0,1.0,1.0,1.0,1,0.6981587487052489,48
2373,2,3513,3513,0,0,0,0,1.0,1.0,1.0,1.0,1.0,1,0.6970282235628108,49
2374,1,3514,3514,0,0,0,0,1.0,1.0,1.0,1.0,1.0,1,0.6995020985325351,50
2375,1,3515,3515,0,0,0,0,1.0,1.0,1.0,1.0,1.0,1,0.6956163089647005,50
2376,1,3516,3516,0,0,0,0,1.0,1.0,1.0,1.0,1.0,1,0.6766270862568701,50
2377,0,3516,3516,0,0,0,0,1.0,1.0,1.0,1.0,1.0,1,0.6767634239432638,49
2378,1,3517,3517,0,0,0,0,1.0,1.0,1.0,1.0,1.0,1,0.6565066947828967,49
2379,2,3519,3519,0,0,0,0,1.0,1.0,1.0,1.0,1.0,1,0.6374480796065758,50
2380,3,3522,3522,0,0,0,0,1.0,1.0,1.0,1.0,1.0,1,0.6217013900140675,50
2381,2,3524,3524,0,0,0,0,1.0,1.0,1.0,1.0,1.0,1,0.6216220333820548,51
2382,2,3526,3526,0,0,0,0,1.0,1.0,1.0,1.0,1.0,1,0.6042302932269082,51
2383,2,3528,3528,0,0,0,0,1.0,1.0,1.0,1.0,1.0,1,0.5942696717213466,52
2384,2,3530,3530,0,0,0,0,1.0,1.0,1.0,1.0,1.0,1,0.5823956980693711,52
2385,3,3533,3533,0,0,0,0,1.0,1.0,1.0,1.0,1.0,1,0.5802551159754659,51
2386,1,3534,3534,0,0,0,0,1.0,1.0,1.0,1.0,1.0,1,0.6068519536675806,52
2387,1,3535,3535,0,0,0,0,1.0,1.0,1.0,1.0,1.0,1,0.6322827145807385,49
2388,1,3536,3536,0,0,0,0,1.0,1.0,1.0,1.0,1.0,1,0.6454963770103368,48
2389,3,3539,3539,0,0,0,0,1.0,1.0,1.0,1.0,1.0,1,0.6460537008060596,48
2390,1,3540,3540,0,0,0,0,1.0,1.0,1.0,1.0,1.0,1,0.643514238380442,49
2391,2,3542,3542,0,0,0,0,1.0,1.0,1.0,1.0,1.0,1,0.6550722001309973,48
2392,5,3547,3547,0,0,0,0,1.0,1.0,1.0,1.0,1.0,1,0.6620570822328793,49
2393,2,3549,3549,0,0,0,0,1.0,1.0,1.0,1.0,1.0,1,0.6348820838990522,50
2394,2,3551,3551,0,0,0,0,1.0,1.0,1.0,1.0,1.0,1,0.6478784811278425,50
2395,1,3552,3552,0,0,0,0,1.0,1.0,1.0,1.0,1.0,1,0.6644602653783362,49
2396,1,3553,3553,0,0,0,0,1.0,1.0,1.0,1.0,1.0,1,0.6452729290969095,50
2397,2,3555,3555,0,0,0,0,1.0,1.0,1.0,1.0,1.0,1,0.6618609479878056,51
2398,3,3558,3558,0,0,0,0,1.0,1.0,1.0,1.0,1.0,1,0.6811781800824676,49
2399,0,3558,3558,0,0,0,0,1.0,1.0,1.0,1.0,1.0,1,0.6768024055407653,50
2400,0,3558,3558,0,0,0,0,1.0,1.0,1.0,1.0,1.0,1,0.6805783758473979,51
2401,1,3559,3559,0,0,0,0,1.0,1.0,1.0,1.0,1.0,1,0.6917540985256718,50
2402,0,3559,3559,0,0,0,0,1.0,1.0,1.0,1.0,1.0,1,0.6867682449264063,51
2403,1,3560,3560,0,0,0,0,1.0,1.0,1.0,1.0,1.0,1,0.6722796592260074,52
2404,1,3561,3561,0,0,0,0,1.0,1.0,1.0,1.0,1.0,1,0.6736977500532662,53
2405,0,3561,3561,0,0,0,0,1.0,1.0,1.0,1.0,1.0,1,0.6775786319214706,52
2406,3,3564,3564,0,0,0,0,1.0,1.0,1.0,1.0,1.0,1,0.6704522846822166,52
2407,0,3564,3564,0,0,0,0,1.0,1.0,1.0,1.0,1.0,1,0.6670593044853823,51
2408,4,3568,3568,0,0,0,0,1.0,1.0,1.0,1.0,1.0,1,0.6518988769952409,50
2409,0,3568,3568,0,0,0,0,1.0,1.0,1.0,1.0,1.0,1,0.6414331963983718,50
2410,4,3572,3572,0,0,0,0,1.0,1.0,1.0,1.0,1.0,1,0.6439333507120091,49
2411,0,3572,3572,0,0,0,0,1.0,1.0,1.0,1.0,1.0,1,0.6587605399828315,48
2412,1,3573,3573,0,0,0,0,1.0,1.0,1.0,1.0,1.0,1,0.6509161449724815,47
2413,0,3573,3573,0,0,0,0,1.0,1.0,1.0,1.0,1.0,1,0.6454781930723092,47
2414,2,3575,3575,0,0,0,0,1.0,1.0,1.0,1.0,1.0,1,0.6310441564526954,47
2415,1,3576,3576,0,0,0,0,1.0,1.0,1.0,1.0,1.0,1,0.6433972574526955,46
2416,0,3576,3576,0,0,0,0,1.0,1.0,1.0,1.0,1.0,1,0.6439932677227741,47
2417,2,3578,3578,0,0,0,0,1.0,1.0,1.0,1.0,1.0,1,0.6549050688101831,46
2418,2,3580,3580,0,0,0,0,1.0,1.0,1.0,1.0,1.0,1,0.6099240012415637,48
2419,2,3582,3582,0,0,0,0,1.0,1.0,1.0,1.0,1.0,1,0.6312513365584222,47
2420,3,3585,3585,0,0,0,0,1.0,1.0,1.0,1.0,1.0,1,0.6031837919872557,49
2421,3,3588,3588,0,0,0,0,1.0,1.0,1.0,1.0,1.0,1,0.5628480032864259,50
2422,2,3590,3590,0,0,0,0,1.0,1.0,1.0,1.0,1.0,1,0.581939248877688,50
2423,3,3593,3593,0,0,0,0,1.0,1.0,1.0,1.0,1.0,1,0.5530517963636309,51
2424,2,3595,3595,0,0,0,0,1.0,1.0,1.0,1.0,1.0,1,0.5938256698491373,50
2425,2,3597,3597,0,0,0,0,1.0,1.0,1.0,1.0,1.0,1,0.5819248346192635,48
2426,3,3600,3600,0,0,0,0,1.0,1.0,1.0,1.0,1.0,1,0.5839785182974204,51
2427,4,3604,3604,0,0,0,0,1.0,1.0,1.0,1.0,1.0,1,0.5605129387494252,50
2428,2,3606,3606,0,0,0,0,1.0,1.0,1.0,1.0,1.0,1,0.5541817659172346,49
2429,1,3607,3607,0,0,0,0,1.0,1.0,1.0,1.0,1.0,1,0.5739743365472345,49
2430,1,3608,3608,0,0,0,0,1.0,1.0,1.0,1.0,1.0,1,0.6011851618571559,46
2431,1,3609,3609,0,0,0,0,1.0,1.0,1.0,1.0,1.0,1,0.6045676433100573,45
2432,1,3610,3610,0,0,0,0,1.0,1.0,1.0,1.0,1.0,1,0.6200972773155735,44
2433,1,3611,3611,0,0,0,0,1.0,1.0,1.0,1.0,1.0,1,0.5914890005636839,45
2434,0,3611,3611,0,0,0,0,1.0,1.0,1.0,1.0,1.0,1,0.6049434340766174,44
2435,0,3611,3611,0,0,0,0,1.0,1.0,1.0,1.0,1.0,1,0.6049434340766174,44
2436,2,3613,3613,0,0,0,0,1.0,1.0,1.0,1.0,1.0,1,0.586867757495258,44
2437,1,3614,3614,0,0,0,0,1.0,1.0,1.0,1.0,1.0,1,0.5903501993031054,45
2438,0,3614,3614,0,0,0,0,1.0,1.0,1.0,1.0,1.0,1,0.5903501993031054,45
2439,1,3615,3615,0,0,0,0,1.0,1.0,1.0,1.0,1.0,1,0.5956684279736474,46
2440,2,3617,3617,0,0,0,0,1.0,1.0,1.0,1.0,1.0,1,0.6100029633048419,45
2441,1,3618,3618,0,0,0,0,1.0,1.0,1.0,1.0,1.0,1,0.6053431335492871,45
2442,2,3620,3620,0,0,0,0,1.0,1.0,1.0,1.0,1.0,1,0.6166730350966461,46
2443,0,3620,3620,0,0,0,0,1.0,1.0,1.0,1.0,1.0,1,0.6204202498631075,45
2444,6,3626,3626,0,0,0,0,1.0,1.0,1.0,1.0,1.0,1,0.6576533801415536,46
2445,1,3627,3627,0,0,0,0,1.0,1.0,1.0,1.0,1.0,1,0.669691705114792,44
2446,4,3631,3631,0,0,0,0,1.0,1.0,1.0,1.0,1.0,1,0.6650753373633405,44
2447,1,3632,3632,0,0,0,0,1.0,1.0,1.0,1.0,1.0,1,0.6728470923460564,42
2448,4,3636,3636,0,0,0,0,1.0,1.0,1.0,1.0,1.0,1,0.7120538782033771,41
2449,1,3637,3637,0,0,0,0,1.0,1.0,1.0,1.0,1.0,1,0.7322567141547975,40
2450,2,3639,3639,0,0,0,0,1.0,1.0,1.0,1.0,1.0,1,0.7339198134636242,42
2451,0,3639,3639,0,0,0,0,1.0,1.0,1.0,1.0,1.0,1,0.7199965684086236,43
2452,0,3639,3639,0,0,0,0,1.0,1.0,1.0,1.0,1.0,1,0.7199965684086236,43
2453,0,3639,3639,0,0,0,0,1.0,1.0,1.0,1.0,1.0,1,0.7192905227334749,45
2454,0,3639,3639,0,0,0,0,1.0,1.0,1.0,1.0,1.0,1,0.711941360308546,47
2455,1,3640,3640,0,0,0,0,1.0,1.0,1.0,1.0,1.0,1,0.6982738032258554,48
2456,1,3641,3641,0,0,0,0,1.0,1.0,1.0,1.0,1.0,1,0.6977146279596907,49
2457,1,3642,3642,0,0,0,0,1.0,1.0,1.0,1.0,1.0,1,0.6954068630113396,48
2458,2,3644,3644,0,0,0,0,1.0,1.0,1.0,1.0,1.0,1,0.6320470145813009,49
2459,1,3645,3645,0,0,0,0,1.0,1.0,1.0,1.0,1.0,1,0.62632440646103,49
2460,2,3647,3647,0,0,0,0,1.0,1.0,1.0,1.0,1.0,1,0.590170512688741,50
2461,1,3648,3648,0,0,0,0,1.0,1.0,1.0,1.0,1.0,1,0.5865610717804732,50
2462,3,3651,3651,0,0,0,0,1.0,1.0,1.0,1.0,1.0,1,0.5590848272304674,51
2463,1,3652,3652,0,0,0,0,1.0,1.0,1.0,1.0,1.0,1,0.5541931960741022,51
2464,5,3657,3657,0,0,0,0,1.0,1.0,1.0,1.0,1.0,1,0.5857977840778276,50
2465,2,3659,3659,0,0,0,0,1.0,1.0,1.0,1.0,1.0,1,0.5590776664005123,49
2466,2,3661,3661,0,0,0,0,1.0,1.0,1.0,1.0,1.0,1,0.5580868625550914,49
2467,3,3664,3664,0,0,0,0,1.0,1.0,1.0,1.0,1.0,1,0.5529369220092556,48
2468,2,3666,3666,0,0,0,0,1.0,1.0,1.0,1.0,1.0,1,0.5689341777122772,47
2469,2,3668,3668,0,0,0,0,1.0,1.0,1.0,1.0,1.0,1,0.5594109690621678,46
2470,0,3668,3668,0,0,0,0,1.0,1.0,1.0,1.0,1.0,1,0.5757839811956378,44
2471,0,3668,3668,0,0,0,0,1.0,1.0,1.0,1.0,1.0,1,0.5801075264593186,44
2472,0,3668,3668,0,0,0,0,1.0,1.0,1.0,1.0,1.0,1,0.5987898244209814,44
2473,3,3671,3671,0,0,0,0,1.0,1.0,1.0,1.0,1.0,1,0.6323766381817322,43
2474,3,3674,3674,0,0,0,0,1.0,1.0,1.0,1.0,1.0,1,0.6645350243985746,44
2475,1,3675,3675,0,0,0,0,1.0,1.0,1.0,1.0,1.0,1,0.6416615456920441,46
2476,1,3676,3676,0,0,0,0,1.0,1.0,1.0,1.0,1.0,1,0.6488759618008411,46
2477,1,3677,3677,0,0,0,0,1.0,1.0,1.0,1.0,1.0,1,0.6603180605437476,46
2478,2,3679,3679,0,0,0,0,1.0,1.0,1.0,1.0,1.0,1,0.6489456839645321,46
2479,2,3681,3681,0,0,0,0,1.0,1.0,1.0,1.0,1.0,1,0.6628571332183307,46
2480,3,3684,3684,0,0,0,0,1.0,1.0,1.0,1.0,1.0,1,0.6623499402908937,47
2481,1,3685,3685,0,0,0,0,1.0,1.0,1.0,1.0,1.0,1,0.6588356170896728,47
2482,2,3687,3687,0,0,0,0,1.0,1.0,1.0,1.0,1.0,1,0.6689031612117694,45
2483,0,3687,3687,0,0,0,0,1.0,1.0,1.0,1.0,1.0,1,0.6723826122470887,45
2484,1,3688,3688,0,0,0,0,1.0,1.0,1.0,1.0,1.0,1,0.6656879386229927,46
2485,1,3689,3689,0,0,0,0,1.0,1.0,1.0,1.0,1.0,1,0.6687646595100913,44
2486,3,3692,3692,0,0,0,0,1.0,1.0,1.0,1.0,1.0,1,0.6591628113807774,43
2487,0,3692,3692,0,0,0,0,1.0,1.0,1.0,1.0,1.0,1,0.654442253407234,44
2488,3,3695,3695,0,0,0,0,1.0,1.0,1.0,1.0,1.0,1,0.6351065890091907,45
2489,0,3695,3695,0,0,0,0,1.0,1.0,1.0,1.0,1.0,1,0.6384976881308974,44
2490,3,3698,3698,0,0,0,0,1.0,1.0,1.0,1.0,1.0,1,0.6222766693076287,44
2491,1,3699,3699,0,0,0,0,1.0,1.0,1.0,1.0,1.0,1,0.6101107394414252,44
2492,2,3701,3701,0,0,0,0,1.0,1.0,1.0,1.0,1.0,1,0.6090668669394796,44
2493,1,3702,3702,0,0,0,0,1.0,1.0,1.0,1.0,1.0,1,0.6287002289340295,42
2494,1,3703,3703,0,0,0,0,1.0,1.0,1.0,1.0,1.0,1,0.613273907467256,42
2495,0,3703,3703,0,0,0,0,1.0,1.0,1.0,1.0,1.0,1,0.6129495915946779,42
2496,1,3704,3704,0,0,0,0,1.0,1.0,1.0,1.0,1.0,1,0.612089966455401,42
2497,0,3704,3704,0,0,0,0,1.0,1.0,1.0,1.0,1.0,1,0.6033204997250853,44
2498,2,3706,3706,0,0,0,0,1.0,1.0,1.0,1.0,1.0,1,0.5849340872404206,43
2499,1,3707,3707,0,0,0,0,1.0,1.0,1.0,1.0,1.0,1,0.5866072252610869,43
2500,3,3710,3710,0,0,0,0,1.0,1.0,1.0,1.0,1.0,1,0.5410797663559813,44
2501,1,3711,3711,0,0,0,0,1.0,1.0,1.0,1.0,1.0,1,0.546277286952364,46
2502,3,3714,3714,0,0,0,0,1.0,1.0,1.0,1.0,1.0,1,0.5494901584346652,47
2503,3,3717,3717,0,0,0,0,1.0,1.0,1.0,1.0,1.0,1,0.5497605029355034,47
2504,1,3718,3718,0,0,0,0,1.0,1.0,1.0,1.0,1.0,1,0.5717599289630076,46
2505,5,3723,3723,0,0,0,0,1.0,1.0,1.0,1.0,1.0,1,0.5769306498513914,46
2506,2,3725,3725,0,0,0,0,1.0,1.0,1.0,1.0,1.0,1,0.615149010394012,45
2507,1,3726,3726,0,0,0,0,1.0,1.0,1.0,1.0,1.0,1,0.6204505986763278,45
2508,2,3728,3728,0,0,0,0,1.0,1.0,1.0,1.0,1.0,1,0.6310665470484966,46
2509,2,3730,3730,0,0,0,0,1.0,1.0,1.0,1.0,1.0,1,0.6288933462176381,45
2510,2,3732,3732,0,0,0,0,1.0,1.0,1.0,1.0,1.0,1,0.6427634734000248,46
2511,2,3734,3734,0,0,0,0,1.0,1.0,1.0,1.0,1.0,1,0.6215916953045242,47
2512,0,3734,3734,0,0,0,0,1.0,1.0,1.0,1.0,1.0,1,0.6230618961453025,47
2513,2,3736,3736,0,0,0,0,1.0,1.0,1.0,1.0,1.0,1,0.5992016503570237,48
2514,2,3738,3738,0,0,0,0,1.0,1.0,1.0,1.0,1.0,1,0.6146178161304979,48
2515,2,3740,3740,0,0,0,0,1.0,1.0,1.0,1.0,1.0,1,0.6134040647680844,49
2516,2,3742,3742,0,0,0,0,1.0,1.0,1.0,1.0,1.0,1,0.6086382654097591,49
2517,3,3745,3745,0,0,0,0,1.0,1.0,1.0,1.0,1.0,1,0.590445382347633,49
2518,0,3745,3745,0,0,0,0,1.0,1.0,1.0,1.0,1.0,1,0.5970317292440259,48
2519,1,3746,3746,0,0,0,0,1.0,1.0,1.0,1.0,1.0,1,0.5807861670080979,48
2520,3,3749,3749,0,0,0,0,1.0,1.0,1.0,1.0,1.0,1,0.5824709795801454,46
2521,3,3752,3752,0,0,0,0,1.0,1.0,1.0,1.0,1.0,1,0.5817915673069765,47
2522,1,3753,3753,0,0,0,0,1.0,1.0,1.0,1.0,1.0,1,0.5820011403825782,45
2523,2,3755,3755,0,0,0,0,1.0,1.0,1.0,1.0,1.0,1,0.6075405627948548,44
2524,0,3755,3755,0,0,0,0,1.0,1.0,1.0,1.0,1.0,1,0.6044575282055094,42
2525,1,3756,3756,0,0,0,0,1.0,1.0,1.0,1.0,1.0,1,0.6166382215366052,42
2526,0,3756,3756,0,0,0,0,1.0,1.0,1.0,1.0,1.0,1,0.6157727768352721,41
2527,1,3757,3757,0,0,0,0,1.0,1.0,1.0,1.0,1.0,1,0.6201856045242473,41
2528,0,3757,3757,0,0,0,0,1.0,1.0,1.0,1.0,1.0,1,0.6323923289155801,41
2529,0,3757,3757,0,0,0,0,1.0,1.0,1.0,1.0,1.0,1,0.6289151827578016,42
2530,0,3757,3757,0,0,0,0,1.0,1.0,1.0,1.0,1.0,1,0.6385698755260253,41
2531,0,3757,3757,0,0,0,0,1.0,1.0,1.0,1.0,1.0,1,0.6385698755260253,41
2532,0,3757,3757,0,0,0,0,1.0,1.0,1.0,1.0,1.0,1,0.6341550390670113,43
2533,0,3757,3757,0,0,0,0,1.0,1.0,1.0,1.0,1.0,1,0.6341550390670113,43
2534,0,3757,3757,0,0,0,0,1.0,1.0,1.0,1.0,1.0,1,0.6341550390670113,43
2535,2,3759,3759,0,0,0,0,1.0,1.0,1.0,1.0,1.0,1,0.6484910069002774,44
2536,0,3759,3759,0,0,0,0,1.0,1.0,1.0,1.0,1.0,1,0.6484910069002774,44
2537,0,3759,3759,0,0,0,0,1.0,1.0,1.0,1.0,1.0,1,0.6488746024207053,45
2538,3,3762,3762,0,0,0,0,1.0,1.0,1.0,1.0,1.0,1,0.5878496120979092,48
2539,5,3767,3767,0,0,0,0,1.0,1.0,1.0,1.0,1.0,1,0.5580954240503787,48
2540,3,3770,3770,0,0,0,0,1.0,1.0,1.0,1.0,1.0,1,0.5543812578196515,50
2541,2,3772,3772,0,0,0,0,1.0,1.0,1.0,1.0,1.0,1,0.5378875318754204,52
2542,4,3776,3776,0,0,0,0,1.0,1.0,1.0,1.0,1.0,1,0.5571818082243083,52
2543,1,3777,3777,0,0,0,0,1.0,1.0,1.0,1.0,1.0,1,0.5308963925473825,51
2544,4,3781,3781,0,0,0,0,1.0,1.0,1.0,1.0,1.0,1,0.5548370547966899,51
2545,2,3783,3783,0,0,0,0,1.0,1.0,1.0,1.0,1.0,1,0.5460830037753664,50
2546,4,3787,3787,0,0,0,0,1.0,1.0,1.0,1.0,1.0,1,0.5503532759661562,50
2547,1,3788,3788,0,0,0,0,1.0,1.0,1.0,1.0,1.0,1,0.5846514949109775,47
2548,0,3788,3788,0,0,0,0,1.0,1.0,1.0,1.0,1.0,1,0.5763427304972142,46
2549,3,3791,3791,0,0,0,0,1.0,1.0,1.0,1.0,1.0,1,0.5739956275034743,46
2550,1,3792,3792,0,0,0,0,1.0,1.0,1.0,1.0,1.0,1,0.5637960140259265,44
2551,1,3793,3793,0,0,0,0,1.0,1.0,1.0,1.0,1.0,1,0.5604430906533364,43
2552,1,3794,3794,0,0,0,0,1.0,1.0,1.0,1.0,1.0,1,0.5747273314292045,43
2553,1,3795,3795,0,0,0,0,1.0,1.0,1.0,1.0,1.0,1,0.5739751190981831,44
2554,2,3797,3797,0,0,0,0,1.0,1.0,1.0,1.0,1.0,1,0.5950595113970525,45
2555,1,3798,3798,0,0,0,0,1.0,1.0,1.0,1.0,1.0,1,0.6185463105068798,44
2556,1,3799,3799,0,0,0,0,1.0,1.0,1.0,1.0,1.0,1,0.6259271667926721,44
2557,1,3800,3800,0,0,0,0,1.0,1.0,1.0,1.0,1.0,1,0.6048977239263659,41
2558,0,3800,3800,0,0,0,0,1.0,1.0,1.0,1.0,1.0,1,0.5900220107731465,40
2559,0,3800,3800,0,0,0,0,1.0,1.0,1.0,1.0,1.0,1,0.5923807223111235,41
2560,0,3800,3800,0,0,0,0,1.0,1.0,1.0,1.0,1.0,1,0.5923807223111235,41
2561,0,3800,3800,0,0,0,0,1.0,1.0,1.0,1.0,1.0,1,0.5902978251860531,43
2562,0,3800,3800,0,0,0,0,1.0,1.0,1.0,1.0,1.0,1,0.5984045038670622,44
2563,0,3800,3800,0,0,0,0,1.0,1.0,1.0,1.0,1.0,1,0.5984045038670622,44
2564,2,3802,3802,0,0,0,0,1.0,1.0,1.0,1.0,1.0,1,0.5962757685757201,44
2565,2,3804,3804,0,0,0,0,1.0,1.0,1.0,1.0,1.0,1,0.593155833799038,45
2566,3,3807,3807,0,0,0,0,1.0,1.0,1.0,1.0,1.0,1,0.5967772307085245,46
2567,1,3808,3808,0,0,0,0,1.0,1.0,1.0,1.0,1.0,1,0.6053467899119798,48
2568,1,3809,3809,0,0,0,0,1.0,1.0,1.0,1.0,1.0,1,0.6164990943853411,48
2569,1,3810,3810,0,0,0,0,1.0,1.0,1.0,1.0,1.0,1,0.6145115476505701,49
2570,0,3810,3810,0,0,0,0,1.0,1.0,1.0,1.0,1.0,1,0.6172269815344524,48
2571,1,3811,3811,0,0,0,0,1.0,1.0,1.0,1.0,1.0,1,0.6079088890819444,48
2572,2,3813,3813,0,0,0,0,1.0,1.0,1.0,1.0,1.0,1,0.594193352928745,49
2573,0,3813,3813,0,0,0,0,1.0,1.0,1.0,1.0,1.0,1,0.5918172434019366,50
2574,2,3815,3815,0,0,0,0,1.0,1.0,1.0,1.0,1.0,1,0.5793145731143295,49
2575,0,3815,3815,0,0,0,0,1.0,1.0,1.0,1.0,1.0,1,0.5873464521746135,48
2576,0,3815,3815,0,0,0,0,1.0,1.0,1.0,1.0,1.0,1,0.5873464521746135,48
2577,1,3816,3816,0,0,0,0,1.0,1.0,1.0,1.0,1.0,1,0.5988397828520254,50
2578,3,3819,3819,0,0,0,0,1.0,1.0,1.0,1.0,1.0,1,0.6064328708955248,50
2579,0,3819,3819,0,0,0,0,1.0,1.0,1.0,1.0,1.0,1,0.5992589766937214,51
2580,2,3821,3821,0,0,0,0,1.0,1.0,1.0,1.0,1.0,1,0.6062613469228957,52
2581,0,3821,3821,0,0,0,0,1.0,1.0,1.0,1.0,1.0,1,0.6137904371704803,51
2582,2,3823,3823,0,0,0,0,1.0,1.0,1.0,1.0,1.0,1,0.6358849707189916,51
2583,5,3828,3828,0,0,0,0,1.0,1.0,1.0,1.0,1.0,1,0.583542189377286,51
2584,2,3830,3830,0,0,0,0,1.0,1.0,1.0,1.0,1.0,1,0.604805431353525,51
2585,3,3833,3833,0,0,0,0,1.0,1.0,1.0,1.0,1.0,1,0.560831729461927,50
2586,3,3836,3836,0,0,0,0,1.0,1.0,1.0,1.0,1.0,1,0.5506830021767675,50
2587,2,3838,3838,0,0,0,0,1.0,1.0,1.0,1.0,1.0,1,0.5190209316997337,48
2588,4,3842,3842,0,0,0,0,1.0,1.0,1.0,1.0,1.0,1,0.5234030138921834,50
2589,2,3844,3844,0,0,0,0,1.0,1.0,1.0,1.0,1.0,1,0.4835475551254975,48
2590,1,3845,3845,0,0,0,0,1.0,1.0,1.0,1.0,1.0,1,0.4896978125106294,47
2591,1,3846,3846,0,0,0,0,1.0,1.0,1.0,1.0,1.0,1,0.5012956056461879,47
2592,1,3847,3847,0,0,0,0,1.0,1.0,1.0,1.0,1.0,1,0.5007204509018529,47
2593,2,3849,3849,0,0,0,0,1.0,1.0,1.0,1.0,1.0,1,0.5319786995016879,47
2594,3,3852,3852,0,0,0,0,1.0,1.0,1.0,1.0,1.0,1,0.5168932427129604,49
2595,2,3854,3854,0,0,0,0,1.0,1.0,1.0,1.0,1.0,1,0.5219885113255781,48
2596,3,3857,3857,0,0,0,0,1.0,1.0,1.0,1.0,1.0,1,0.5529602722669968,47
2597,2,3859,3859,0,0,0,0,1.0,1.0,1.0,1.0,1.0,1,0.5735339398022843,48
2598,2,3861,3861,0,0,0,0,1.0,1.0,1.0,1.0,1.0,1,0.5996264400362754,48
2599,1,3862,3862,0,0,0,0,1.0,1.0,1.0,1.0,1.0,1,0.6018570728216447,49
2600,1,3863,3863,0,0,0,0,1.0,1.0,1.0,1.0,1.0,1,0.6001790856004028,52
2601,2,3865,3865,0,0,0,0,1.0,1.0,1.0,1.0,1.0,1,0.6254357676337561,51
2602,0,3865,3865,0,0,0,0,1.0,1.0,1.0,1.0,1.0,1,0.6172912182309777,52
2603,1,3866,3866,0,0,0,0,1.0,1.0,1.0,1.0,1.0,1,0.607536342621539,53
2604,0,3866,3866,0,0,0,0,1.0,1.0,1.0,1.0,1.0,1,0.607536342621539,53
2605,1,3867,3867,0,0,0,0,1.0,1.0,1.0,1.0,1.0,1,0.602914683253505,52
2606,0,3867,3867,0,0,0,0,1.0,1.0,1.0,1.0,1.0,1,0.602914683253505,52
2607,0,3867,3867,0,0,0,0,1.0,1.0,1.0,1.0,1.0,1,0.6010650394514282,52
2608,0,3867,3867,0,0,0,0,1.0,1.0,1.0,1.0,1.0,1,0.6010650394514282,52
2609,2,3869,3869,0,0,0,0,1.0,1.0,1.0,1.0,1.0,1,0.6011776281548763,53
2610,0,3869,3869,0,0,0,0,1.0,1.0,1.0,1.0,1.0,1,0.6016174338342372,54
2611,3,3872,3872,0,0,0,0,1.0,1.0,1.0,1.0,1.0,1,0.6248644040989776,54
2612,2,3874,3874,0,0,0,0,1.0,1.0,1.0,1.0,1.0,1,0.6348579110425393,56
2613,1,3875,3875,0,0,0,0,1.0,1.0,1.0,1.0,1.0,1,0.6418585035825696,56
2614,1,3876,3876,0,0,0,0,1.0,1.0,1.0,1.0,1.0,1,0.6543086277926878,56
2615,1,3877,3877,0,0,0,0,1.0,1.0,1.0,1.0,1.0,1,0.6551022156437458,57
2616,1,3878,3878,0,0,0,0,1.0,1.0,1.0,1.0,1.0,1,0.6365795002796248,57
2617,1,3879,3879,0,0,0,0,1.0,1.0,1.0,1.0,1.0,1,0.6438532629380808,58
2618,2,3881,3881,0,0,0,0,1.0,1.0,1.0,1.0,1.0,1,0.6224914930177304,58
2619,1,3882,3882,0,0,0,0,1.0,1.0,1.0,1.0,1.0,1,0.6233255872158094,58
2620,3,3885,3885,0,0,0,0,1.0,1.0,1.0,1.0,1.0,1,0.5886147420610839,60
2621,3,3888,3888,0,0,0,0,1.0,1.0,1.0,1.0,1.0,1,0.5843820748269483,59
2622,2,3890,3890,0,0,0,0,1.0,1.0,1.0,1.0,1.0,1,0.5557055257102221,60
2623,1,3891,3891,0,0,0,0,1.0,1.0,1.0,1.0,1.0,1,0.5406973850799948,59
2624,2,3893,3893,0,0,0,0,1.0,1.0,1.0,1.0,1.0,1,0.5383323109401289,58
2625,3,3896,3896,0,0,0,0,1.0,1.0,1.0,1.0,1.0,1,0.5594792728665136,58
2626,2,3898,3898,0,0,0,0,1.0,1.0,1.0,1.0,1.0,1,0.5666730459721697,57
2627,2,3900,3900,0,0,0,0,1.0,1.0,1.0,1.0,1.0,1,0.5572416946125617,55
2628,4,3904,3904,0,0,0,0,1.0,1.0,1.0,1.0,1.0,1,0.5883580133771799,55
2629,0,3904,3904,0,0,0,0,1.0,1.0,1.0,1.0,1.0,1,0.5919830357528991,54
2630,3,3907,3907,0,0,0,0,1.0,1.0,1.0,1.0,1.0,1,0.6192352874838576,55
2631,1,3908,3908,0,0,0,0,1.0,1.0,1.0,1.0,1.0,1,0.5988057880461376,55
2632,3,3911,3911,0,0,0,0,1.0,1.0,1.0,1.0,1.0,1,0.5776017346599062,55
2633,2,3913,3913,0,0,0,0,1.0,1.0,1.0,1.0,1.0,1,0.5806520933132414,53
2634,2,3915,3915,0,0,0,0,1.0,1.0,1.0,1.0,1.0,1,0.5599321395223555,52
2635,2,3917,3917,0,0,0,0,1.0,1.0,1.0,1.0,1.0,1,0.5751766303436849,52
2636,4,3921,3921,0,0,0,0,1.0,1.0,1.0,1.0,1.0,1,0.5515746127759362,51
2637,4,3925,3925,0,0,0,0,1.0,1.0,1.0,1.0,1.0,1,0.5551165503130016,50
2638,4,3929,3929,0,0,0,0,1.0,1.0,1.0,1.0,1.0,1,0.5608142877081818,48
2639,2,3931,3931,0,0,0,0,1.0,1.0,1.0,1.0,1.0,1,0.5451060694880754,48
2640,6,3937,3937,0,0,0,0,1.0,1.0,1.0,1.0,1.0,1,0.5728042820054385,46
2641,2,3939,3939,0,0,0,0,1.0,1.0,1.0,1.0,1.0,1,0.5571102886266152,46
2642,4,3943,3943,0,0,0,0,1.0,1.0,1.0,1.0,1.0,1,0.5666730557885681,47
2643,1,3944,3944,0,0,0,0,1.0,1.0,1.0,1.0,1.0,1,0.5911657323551432,45
2644,2,3946,3946,0,0,0,0,1.0,1.0,1.0,1.0,1.0,1,0.6135700941583295,44
2645,1,3947,3947,0,0,0,0,1.0,1.0,1.0,1.0,1.0,1,0.6091921176689581,42
2646,1,3948,3948,0,0,0,0,1.0,1.0,1.0,1.0,1.0,1,0.6284025941075752,43
2647,2,3950,3950,0,0,0,0,1.0,1.0,1.0,1.0,1.0,1,0.6428071495857003,40
2648,2,3952,3952,0,0,0,0,1.0,1.0,1.0,1.0,1.0,1,0.6374299962272105,41
2649,0,3952,3952,0,0,0,0,1.0,1.0,1.0,1.0,1.0,1,0.6390054273246878,43
2650,1,3953,3953,0,0,0,0,1.0,1.0,1.0,1.0,1.0,1,0.6477936087436545,43
2651,0,3953,3953,0,0,0,0,1.0,1.0,1.0,1.0,1.0,1,0.6366161839436186,44
2652,1,3954,3954,0,0,0,0,1.0,1.0,1.0,1.0,1.0,1,0.6431094627405658,44
2653,0,3954,3954,0,0,0,0,1.0,1.0,1.0,1.0,1.0,1,0.6431094627405658,44
2654,2,3956,3956,0,0,0,0,1.0,1.0,1.0,1.0,1.0,1,0.6250096815696754,45
2655,1,3957,3957,0,0,0,0,1.0,1.0,1.0,1.0,1.0,1,0.6290161182584852,45
2656,1,3958,3958,0,0,0,0,1.0,1.0,1.0,1.0,1.0,1,0.6111874243616436,45
2657,0,3958,3958,0,0,0,0,1.0,1.0,1.0,1.0,1.0,1,0.6125375335634753,45
2658,3,3961,3961,0,0,0,0,1.0,1.0,1.0,1.0,1.0,1,0.5431023733170727,47
2659,1,3962,3962,0,0,0,0,1.0,1.0,1.0,1.0,1.0,1,0.5630467794911993,46
2660,3,3965,3965,0,0,0,0,1.0,1.0,1.0,1.0,1.0,1,0.519399440934022,46
2661,4,3969,3969,0,0,0,0,1.0,1.0,1.0,1.0,1.0,1,0.5386996092600851,46
2662,3,3972,3972,0,0,0,0,1.0,1.0,1.0,1.0,1.0,1,0.5404302431344218,47
2663,5,3977,3977,0,0,0,0,1.0,1.0,1.0,1.0,1.0,1,0.5231609816233465,46
2664,4,3981,3981,0,0,0,0,1.0,1.0,1.0,1.0,1.0,1,0.5712363595830937,45
2665,2,3983,3983,0,0,0,0,1.0,1.0,1.0,1.0,1.0,1,0.5832662631287422,47
2666,4,3987,3987,0,0,0,0,1.0,1.0,1.0,1.0,1.0,1,0.582561822676174,47
2667,1,3988,3988,0,0,0,0,1.0,1.0,1.0,1.0,1.0,1,0.584111866871456,45
2668,4,3992,3992,0,0,0,0,1.0,1.0,1.0,1.0,1.0,1,0.5681177019640095,45
2669,2,3994,3994,0,0,0,0,1.0,1.0,1.0,1.0,1.0,1,0.5720764928128056,45
2670,4,3998,3998,0,0,0,0,1.0,1.0,1.0,1.0,1.0,1,0.5475864055554781,45
2671,3,4001,4001,0,0,0,0,1.0,1.0,1.0,1.0,1.0,1,0.5474722415093948,41
2672,4,4005,4005,0,0,0,0,1.0,1.0,1.0,1.0,1.0,1,0.5975182719748238,40
2673,1,4006,4006,0,0,0,0,1.0,1.0,1.0,1.0,1.0,1,0.5817599575812903,39
2674,1,4007,4007,0,0,0,0,1.0,1.0,1.0,1.0,1.0,1,0.5791603355950308,37
2675,4,4011,4011,0,0,0,0,1.0,1.0,1.0,1.0,1.0,1,0.59403424164051,35
2676,1,4012,4012,0,0,0,0,1.0,1.0,1.0,1.0,1.0,1,0.6086167493104714,34
2677,1,4013,4013,0,0,0,0,1.0,1.0,1.0,1.0,1.0,1,0.6072032683875054,32
2678,1,4014,4014,0,0,0,0,1.0,1.0,1.0,1.0,1.0,1,0.6032907306882475,33
2679,3,4017,4017,0,0,0,0,1.0,1.0,1.0,1.0,1.0,1,0.5956989458736708,33
2680,2,4019,4019,0,0,0,0,1.0,1.0,1.0,1.0,1.0,1,0.6223869679392953,33
2681,2,4021,4021,0,0,0,0,1.0,1.0,1.0,1.0,1.0,1,0.5430029422244949,32
2682,2,4023,4023,0,0,0,0,1.0,1.0,1.0,1.0,1.0,1,0.5695950390427501,32
2683,1,4024,4024,0,0,0,0,1.0,1.0,1.0,1.0,1.0,1,0.5365165593335737,32
2684,1,4025,4025,0,0,0,0,1.0,1.0,1.0,1.0,1.0,1,0.5495167966087187,31
2685,0,4025,4025,0,0,0,0,1.0,1.0,1.0,1.0,1.0,1,0.5453643299838687,30
2686,1,4026,4026,0,0,0,0,1.0,1.0,1.0,1.0,1.0,1,0.5658224207718437,29
2687,0,4026,4026,0,0,0,0,1.0,1.0,1.0,1.0,1.0,1,0.569889324404992,28
2688,0,4026,4026,0,0,0,0,1.0,1.0,1.0,1.0,1.0,1,0.569889324404992,28
2689,0,4026,4026,0,0,0,0,1.0,1.0,1.0,1.0,1.0,1,0.580208064973595,29
2690,1,4027,4027,0,0,0,0,1.0,1.0,1.0,1.0,1.0,1,0.5935744577373254,29
2691,3,4030,4030,0,0,0,0,1.0,1.0,1.0,1.0,1.0,1,0.5861150267854041,29
2692,0,4030,4030,0,0,0,0,1.0,1.0,1.0,1.0,1.0,1,0.6032014526437737,31
2693,2,4032,4032,0,0,0,0,1.0,1.0,1.0,1.0,1.0,1,0.6080265468506939,32
2694,1,4033,4033,0,0,0,0,1.0,1.0,1.0,1.0,1.0,1,0.6331722916959849,32
2695,3,4036,4036,0,0,0,0,1.0,1.0,1.0,1.0,1.0,1,0.5894228000400251,33
2696,0,4036,4036,0,0,0,0,1.0,1.0,1.0,1.0,1.0,1,0.5894228000400251,33
2697,2,4038,4038,0,0,0,0,1.0,1.0,1.0,1.0,1.0,1,0.6225192754467124,34
2698,2,4040,4040,0,0,0,0,1.0,1.0,1.0,1.0,1.0,1,0.6167921863161865,34
2699,1,4041,4041,0,0,0,0,1.0,1.0,1.0,1.0,1.0,1,0.5806225904372085,36
2700,2,4043,4043,0,0,0,0,1.0,1.0,1.0,1.0,1.0,1,0.5776220913463269,36
2701,0,4043,4043,0,0,0,0,1.0,1.0,1.0,1.0,1.0,1,0.5776220913463269,36
2702,3,4046,4046,0,0,0,0,1.0,1.0,1.0,1.0,1.0,1,0.5765766186573517,36
2703,2,4048,4048,0,0,0,0,1.0,1.0,1.0,1.0,1.0,1,0.5509274402041092,38
2704,3,4051,4051,0,0,0,0,1.0,1.0,1.0,1.0,1.0,1,0.5823093526072103,37
2705,1,4052,4052,0,0,0,0,1.0,1.0,1.0,1.0,1.0,1,0.5584015952641207,36
2706,1,4053,4053,0,0,0,0,1.0,1.0,1.0,1.0,1.0,1,0.5779448239097007,34
2707,3,4056,4056,0,0,0,0,1.0,1.0,1.0,1.0,1.0,1,0.5722358189593405,36
2708,3,4059,4059,0,0,0,0,1.0,1.0,1.0,1.0,1.0,1,0.602296658333153,36
2709,2,4061,4061,0,0,0,0,1.0,1.0,1.0,1.0,1.0,1,0.6115767093000389,33
2710,3,4064,4064,0,0,0,0,1.0,1.0,1.0,1.0,1.0,1,0.6379704327255123,32
2711,4,4068,4068,0,0,0,0,1.0,1.0,1.0,1.0,1.0,1,0.6146472633872844,29
2712,2,4070,4070,0,0,0,0,1.0,1.0,1.0,1.0,1.0,1,0.5696814694815989,28
2713,2,4072,4072,0,0,0,0,1.0,1.0,1.0,1.0,1.0,1,0.5641758821178584,28
2714,2,4074,4074,0,0,0,0,1.0,1.0,1.0,1.0,1.0,1,0.5151097350231175,25
2715,2,4076,4076,0,0,0,0,1.0,1.0,1.0,1.0,1.0,1,0.5214554653847062,24
2716,0,4076,4076,0,0,0,0,1.0,1.0,1.0,1.0,1.0,1,0.5040972413573843,23
2717,2,4078,4078,0,0,0,0,1.0,1.0,1.0,1.0,1.0,1,0.5193253360101523,24
2718,1,4079,4079,0,0,0,0,1.0,1.0,1.0,1.0,1.0,1,0.5254233079405112,24
2719,1,4080,4080,0,0,0,0,1.0,1.0,1.0,1.0,1.0,1,0.5525719028114177,25
2720,2,4082,4082,0,0,0,0,1.0,1.0,1.0,1.0,1.0,1,0.5928453942293302,25
2721,2,4084,4084,0,0,0,0,1.0,1.0,1.0,1.0,1.0,1,0.6210369870308492,26
2722,1,4085,4085,0,0,0,0,1.0,1.0,1.0,1.0,1.0,1,0.6421697736474814,26
2723,1,4086,4086,0,0,0,0,1.0,1.0,1.0,1.0,1.0,1,0.670521918024183,26
2724,1,4087,4087,0,0,0,0,1.0,1.0,1.0,1.0,1.0,1,0.6805400525699651,27
2725,0,4087,4087,0,0,0,0,1.0,1.0,1.0,1.0,1.0,1,0.6805400525699651,27
2726,0,4087,4087,0,0,0,0,1.0,1.0,1.0,1.0,1.0,1,0.6707164037382167,28
2727,1,4088,4088,0,0,0,0,1.0,1.0,1.0,1.0,1.0,1,0.6523360431840506,29
2728,0,4088,4088,0,0,0,0,1.0,1.0,1.0,1.0,1.0,1,0.6524529479435595,28
2729,1,4089,4089,0,0,0,0,1.0,1.0,1.0,1.0,1.0,1,0.6287418716004516,28
2730,0,4089,4089,0,0,0,0,1.0,1.0,1.0,1.0,1.0,1,0.6138217648054769,29
2731,1,4090,4090,0,0,0,0,1.0,1.0,1.0,1.0,1.0,1,0.6269421939006068,30
2732,0,4090,4090,0,0,0,0,1.0,1.0,1.0,1.0,1.0,1,0.6427704907438071,29
2733,0,4090,4090,0,0,0,0,1.0,1.0,1.0,1.0,1.0,1,0.6427704907438071,29
2734,0,4090,4090,0,0,0,0,1.0,1.0,1.0,1.0,1.0,1,0.6427704907438071,29
2735,2,4092,4092,0,0,0,0,1.0,1.0,1.0,1.0,1.0,1,0.6141006928783395,29
2736,0,4092,4092,0,0,0,0,1.0,1.0,1.0,1.0,1.0,1,0.615321846262326,30
2737,1,4093,4093,0,0,0,0,1.0,1.0,1.0,1.0,1.0,1,0.596681018341916,30
2738,3,4096,4096,0,0,0,0,1.0,1.0,1.0,1.0,1.0,1,0.5864442860431355,29
2739,0,4096,4096,0,0,0,0,1.0,1.0,1.0,1.0,1.0,1,0.5783290423635633,30
2740,2,4098,4098,0,0,0,0,1.0,1.0,1.0,1.0,1.0,1,0.5997977738323439,29
2741,2,4100,4100,0,0,0,0,1.0,1.0,1.0,1.0,1.0,1,0.6264803975993556,29
2742,2,4102,4102,0,0,0,0,1.0,1.0,1.0,1.0,1.0,1,0.6185895289288901,29
2743,2,4104,4104,0,0,0,0,1.0,1.0,1.0,1.0,1.0,1,0.6466914365161557,30
2744,2,4106,4106,0,0,0,0,1.0,1.0,1.0,1.0,1.0,1,0.6544667937262433,28
2745,1,4107,4107,0,0,0,0,1.0,1.0,1.0,1.0,1.0,1,0.6760841389800918,27
2746,2,4109,4109,0,0,0,0,1.0,1.0,1.0,1.0,1.0,1,0.711724824467687,26
2747,3,4112,4112,0,0,0,0,1.0,1.0,1.0,1.0,1.0,1,0.7535237124221351,22
2748,0,4112,4112,0,0,0,0,1.0,1.0,1.0,1.0,1.0,1,0.7517918893759339,22
2749,2,4114,4114,0,0,0,0,1.0,1.0,1.0,1.0,1.0,1,0.7360241952286306,20
2750,2,4116,4116,0,0,0,0,1.0,1.0,1.0,1.0,1.0,1,0.6918798246110799,17
2751,1,4117,4117,0,0,0,0,1.0,1.0,1.0,1.0,1.0,1,0.6499304114751556,17
2752,2,4119,4119,0,0,0,0,1.0,1.0,1.0,1.0,1.0,1,0.5805577607739112,16
2753,0,4119,4119,0,0,0,0,1.0,1.0,1.0,1.0,1.0,1,0.5805577607739112,16
2754,1,4120,4120,0,0,0,0,1.0,1.0,1.0,1.0,1.0,1,0.6351047821499776,16
2755,0,4120,4120,0,0,0,0,1.0,1.0,1.0,1.0,1.0,1,0.6351047821499776,16
2756,0,4120,4120,0,0,0,0,1.0,1.0,1.0,1.0,1.0,1,0.6498314204452896,17
2757,0,4120,4120,0,0,0,0,1.0,1.0,1.0,1.0,1.0,1,0.6509295189294845,18
2758,0,4120,4120,0,0,0,0,1.0,1.0,1.0,1.0,1.0,1,0.6509295189294845,18
2759,1,4121,4121,0,0,0,0,1.0,1.0,1.0,1.0,1.0,1,0.6401501968658063,19
2760,0,4121,4121,0,0,0,0,1.0,1.0,1.0,1.0,1.0,1,0.6217644804255392,18
2761,0,4121,4121,0,0,0,0,1.0,1.0,1.0,1.0,1.0,1,0.6217644804255392,18
2762,1,4122,4122,0,0,0,0,1.0,1.0,1.0,1.0,1.0,1,0.6070791483097145,18
2763,0,4122,4122,0,0,0,0,1.0,1.0,1.0,1.0,1.0,1,0.6070791483097145,18
2764,1,4123,4123,0,0,0,0,1.0,1.0,1.0,1.0,1.0,1,0.6081084267658686,18
2765,1,4124,4124,0,0,0,0,1.0,1.0,1.0,1.0,1.0,1,0.6152238762907057,18
2766,0,4124,4124,0,0,0,0,1.0,1.0,1.0,1.0,1.0,1,0.6152238762907057,18
2767,0,4124,4124,0,0,0,0,1.0,1.0,1.0,1.0,1.0,1,0.6493599951031537,17
2768,0,4124,4124,0,0,0,0,1.0,1.0,1.0,1.0,1.0,1,0.6493599951031537,17
2769,0,4124,4124,0,0,0,0,1.0,1.0,1.0,1.0,1.0,1,0.6493599951031537,17
2770,0,4124,4124,0,0,0,0,1.0,1.0,1.0,1.0,1.0,1,0.6493599951031537,17
2771,0,4124,4124,0,0,0,0,1.0,1.0,1.0,1.0,1.0,1,0.6493599951031537,17
2772,0,4124,4124,0,0,0,0,1.0,1.0,1.0,1.0,1.0,1,0.6493599951031537,17
2773,0,4124,4124,0,0,0,0,1.0,1.0,1.0,1.0,1.0,1,0.6493599951031537,17
2774,0,4124,4124,0,0,0,0,1.0,1.0,1.0,1.0,1.0,1,0.6036181458204682,18
2775,3,4127,4127,0,0,0,0,1.0,1.0,1.0,1.0,1.0,1,0.6150438404289574,20
2776,0,4127,4127,0,0,0,0,1.0,1.0,1.0,1.0,1.0,1,0.5867732058260867,21
2777,1,4128,4128,0,0,0,0,1.0,1.0,1.0,1.0,1.0,1,0.6088990373075454,21
2778,2,4130,4130,0,0,0,0,1.0,1.0,1.0,1.0,1.0,1,0.582808573026031,21
2779,2,4132,4132,0,0,0,0,1.0,1.0,1.0,1.0,1.0,1,0.515936257571655,22
2780,1,4133,4133,0,0,0,0,1.0,1.0,1.0,1.0,1.0,1,0.48945024497344575,22
2781,1,4134,4134,0,0,0,0,1.0,1.0,1.0,1.0,1.0,1,0.5092873741494242,22
2782,2,4136,4136,0,0,0,0,1.0,1.0,1.0,1.0,1.0,1,0.5294278653946831,23
2783,1,4137,4137,0,0,0,0,1.0,1.0,1.0,1.0,1.0,1,0.5220261879926053,22
2784,2,4139,4139,0,0,0,0,1.0,1.0,1.0,1.0,1.0,1,0.6082266951109645,21
2785,0,4139,4139,0,0,0,0,1.0,1.0,1.0,1.0,1.0,1,0.5814894893966231,19
2786,1,4140,4140,0,0,0,0,1.0,1.0,1.0,1.0,1.0,1,0.6262592608657792,19
2787,0,4140,4140,0,0,0,0,1.0,1.0,1.0,1.0,1.0,1,0.5948085804324005,20
2788,1,4141,4141,0,0,0,0,1.0,1.0,1.0,1.0,1.0,1,0.5662772204270144,20
2789,0,4141,4141,0,0,0,0,1.0,1.0,1.0,1.0,1.0,1,0.5547688190324113,19
2790,1,4142,4142,0,0,0,0,1.0,1.0,1.0,1.0,1.0,1,0.536862188389706,20
2791,1,4143,4143,0,0,0,0,1.0,1.0,1.0,1.0,1.0,1,0.5652038481147933,20
2792,0,4143,4143,0,0,0,0,1.0,1.0,1.0,1.0,1.0,1,0.5652038481147933,20
2793,0,4143,4143,0,0,0,0,1.0,1.0,1.0,1.0,1.0,1,0.5600150384582936,19
2794,1,4144,4144,0,0,0,0,1.0,1.0,1.0,1.0,1.0,1,0.5966211987211317,20
2795,0,4144,4144,0,0,0,0,1.0,1.0,1.0,1.0,1.0,1,0.6003864414097378,21
2796,1,4145,4145,0,0,0,0,1.0,1.0,1.0,1.0,1.0,1,0.6364688002134494,22
2797,0,4145,4145,0,0,0,0,1.0,1.0,1.0,1.0,1.0,1,0.6344755727236541,21
2798,0,4145,4145,0,0,0,0,1.0,1.0,1.0,1.0,1.0,1,0.6344755727236541,21
2799,0,4145,4145,0,0,0,0,1.0,1.0,1.0,1.0,1.0,1,0.6330165834431881,20
2800,0,4145,4145,0,0,0,0,1.0,1.0,1.0,1.0,1.0,1,0.6330165834431881,20
2801,0,4145,4145,0,0,0,0,1.0,1.0,1.0,1.0,1.0,1,0.6330165834431881,20
2802,0,4145,4145,0,0,0,0,1.0,1.0,1.0,1.0,1.0,1,0.6330165834431881,20
2803,1,4146,4146,0,0,0,0,1.0,1.0,1.0,1.0,1.0,1,0.6136961947876776,21
2804,0,4146,4146,0,0,0,0,1.0,1.0,1.0,1.0,1.0,1,0.6020004926493654,22
2805,5,4151,4151,0,0,0,0,1.0,1.0,1.0,1.0,1.0,1,0.5163001618609236,22
2806,2,4153,4153,0,0,0,0,1.0,1.0,1.0,1.0,1.0,1,0.5474129510943314,23
2807,3,4156,4156,0,0,0,0,1.0,1.0,1.0,1.0,1.0,1,0.6259108230566305,24
2808,2,4158,4158,0,0,0,0,1.0,1.0,1.0,1.0,1.0,1,0.6700134970492515,24
2809,0,4158,4158,0,0,0,0,1.0,1.0,1.0,1.0,1.0,1,0.6529624478403478,26
2810,0,4158,4158,0,0,0,0,1.0,1.0,1.0,1.0,1.0,1,0.6345107384308647,26
2811,0,4158,4158,0,0,0,0,1.0,1.0,1.0,1.0,1.0,1,0.6167532505140604,27
2812,0,4158,4158,0,0,0,0,1.0,1.0,1.0,1.0,1.0,1,0.6167532505140604,27
2813,0,4158,4158,0,0,0,0,1.0,1.0,1.0,1.0,1.0,1,0.5953899201855192,28
2814,2,4160,4160,0,0,0,0,1.0,1.0,1.0,1.0,1.0,1,0.5954826757377402,29
2815,0,4160,4160,0,0,0,0,1.0,1.0,1.0,1.0,1.0,1,0.585910402120318,30
2816,3,4163,4163,0,0,0,0,1.0,1.0,1.0,1.0,1.0,1,0.6497812204485915,31
2817,0,4163,4163,0,0,0,0,1.0,1.0,1.0,1.0,1.0,1,0.6497812204485915,31
2818,3,4166,4166,0,0,0,0,1.0,1.0,1.0,1.0,1.0,1,0.6380908944773535,32
2819,1,4167,4167,0,0,0,0,1.0,1.0,1.0,1.0,1.0,1,0.6075964338360802,32
2820,1,4168,4168,0,0,0,0,1.0,1.0,1.0,1.0,1.0,1,0.5964923870114635,33
2821,2,4170,4170,0,0,0,0,1.0,1.0,1.0,1.0,1.0,1,0.5571940476923144,34
2822,0,4170,4170,0,0,0,0,1.0,1.0,1.0,1.0,1.0,1,0.5450042373835822,35
2823,1,4171,4171,0,0,0,0,1.0,1.0,1.0,1.0,1.0,1,0.5631466406477015,31
2824,2,4173,4173,0,0,0,0,1.0,1.0,1.0,1.0,1.0,1,0.5795364144401429,33
2825,0,4173,4173,0,0,0,0,1.0,1.0,1.0,1.0,1.0,1,0.5827831162651272,31
2826,1,4174,4174,0,0,0,0,1.0,1.0,1.0,1.0,1.0,1,0.5996840497751402,31
2827,3,4177,4177,0,0,0,0,1.0,1.0,1.0,1.0,1.0,1,0.5513132832317348,32
2828,0,4177,4177,0,0,0,0,1.0,1.0,1.0,1.0,1.0,1,0.5546810188668019,33
2829,2,4179,4179,0,0,0,0,1.0,1.0,1.0,1.0,1.0,1,0.5690588490521127,33
2830,0,4179,4179,0,0,0,0,1.0,1.0,1.0,1.0,1.0,1,0.5627483394814741,32
2831,3,4182,4182,0,0,0,0,1.0,1.0,1.0,1.0,1.0,1,0.5937537094668551,31
2832,5,4187,4187,0,0,0,0,1.0,1.0,1.0,1.0,1.0,1,0.5693664878784299,30
2833,4,4191,4191,0,0,0,0,1.0,1.0,1.0,1.0,1.0,1,0.5580972499206003,29
2834,2,4193,4193,0,0,0,0,1.0,1.0,1.0,1.0,1.0,1,0.5994222052923492,29
2835,1,4194,4194,0,0,0,0,1.0,1.0,1.0,1.0,1.0,1,0.6311092008632719,27
2836,3,4197,4197,0,0,0,0,1.0,1.0,1.0,1.0,1.0,1,0.6257185756127777,27
2837,0,4197,4197,0,0,0,0,1.0,1.0,1.0,1.0,1.0,1,0.6154751626376951,28
2838,1,4198,4198,0,0,0,0,1.0,1.0,1.0,1.0,1.0,1,0.6236999734159261,29
2839,0,4198,4198,0,0,0,0,1.0,1.0,1.0,1.0,1.0,1,0.6103406587467799,29
2840,1,4199,4199,0,0,0,0,1.0,1.0,1.0,1.0,1.0,1,0.6254047342766899,29
2841,1,4200,4200,0,0,0,0,1.0,1.0,1.0,1.0,1.0,1,0.6390472816150883,31
2842,0,4200,4200,0,0,0,0,1.0,1.0,1.0,1.0,1.0,1,0.6160945101764627,32
2843,2,4202,4202,0,0,0,0,1.0,1.0,1.0,1.0,1.0,1,0.602482513804646,32
2844,1,4203,4203,0,0,0,0,1.0,1.0,1.0,1.0,1.0,1,0.6174452549832514,33
2845,2,4205,4205,0,0,0,0,1.0,1.0,1.0,1.0,1.0,1,0.6170926829648361,34
2846,1,4206,4206,0,0,0,0,1.0,1.0,1.0,1.0,1.0,1,0.6347924688450729,34
2847,1,4207,4207,0,0,0,0,1.0,1.0,1.0,1.0,1.0,1,0.6425526287996077,35
2848,1,4208,4208,0,0,0,0,1.0,1.0,1.0,1.0,1.0,1,0.6332628275766538,37
2849,1,4209,4209,0,0,0,0,1.0,1.0,1.0,1.0,1.0,1,0.6121800291893894,37
2850,2,4211,4211,0,0,0,0,1.0,1.0,1.0,1.0,1.0,1,0.5875403418877487,37
2851,1,4212,4212,0,0,0,0,1.0,1.0,1.0,1.0,1.0,1,0.5808276307600607,38
2852,1,4213,4213,0,0,0,0,1.0,1.0,1.0,1.0,1.0,1,0.5699797238397233,36
2853,0,4213,4213,0,0,0,0,1.0,1.0,1.0,1.0,1.0,1,0.5925472093347067,36
2854,0,4213,4213,0,0,0,0,1.0,1.0,1.0,1.0,1.0,1,0.5786720463264102,37
2855,2,4215,4215,0,0,0,0,1.0,1.0,1.0,1.0,1.0,1,0.5688905872565331,37
2856,0,4215,4215,0,0,0,0,1.0,1.0,1.0,1.0,1.0,1,0.5717596556743312,38
2857,1,4216,4216,0,0,0,0,1.0,1.0,1.0,1.0,1.0,1,0.5761723763531762,39
2858,3,4219,4219,0,0,0,0,1.0,1.0,1.0,1.0,1.0,1,0.5768436415139966,39
2859,2,4221,4221,0,0,0,0,1.0,1.0,1.0,1.0,1.0,1,0.5834690846589177,39
2860,3,4224,4224,0,0,0,0,1.0,1.0,1.0,1.0,1.0,1,0.5499472417683171,40
2861,2,4226,4226,0,0,0,0,1.0,1.0,1.0,1.0,1.0,1,0.5551517778174266,38
2862,6,4232,4232,0,0,0,0,1.0,1.0,1.0,1.0,1.0,1,0.5655260200531973,38
2863,3,4235,4235,0,0,0,0,1.0,1.0,1.0,1.0,1.0,1,0.5851068209864261,37
2864,3,4238,4238,0,0,0,0,1.0,1.0,1.0,1.0,1.0,1,0.5829401221764242,35
2865,1,4239,4239,0,0,0,0,1.0,1.0,1.0,1.0,1.0,1,0.5942579526143904,33
2866,2,4241,4241,0,0,0,0,1.0,1.0,1.0,1.0,1.0,1,0.589719439164739,31
2867,4,4245,4245,0,0,0,0,1.0,1.0,1.0,1.0,1.0,1,0.606266374753594,30
2868,1,4246,4246,0,0,0,0,1.0,1.0,1.0,1.0,1.0,1,0.6236026234311689,31
2869,1,4247,4247,0,0,0,0,1.0,1.0,1.0,1.0,1.0,1,0.652433144565528,30
2870,1,4248,4248,0,0,0,0,1.0,1.0,1.0,1.0,1.0,1,0.7107872741361163,26
2871,2,4250,4250,0,0,0,0,1.0,1.0,1.0,1.0,1.0,1,0.6928313621621179,27
2872,1,4251,4251,0,0,0,0,1.0,1.0,1.0,1.0,1.0,1,0.6843650017510735,25
2873,0,4251,4251,0,0,0,0,1.0,1.0,1.0,1.0,1.0,1,0.6813926314811372,24
2874,1,4252,4252,0,0,0,0,1.0,1.0,1.0,1.0,1.0,1,0.6482181794091545,25
2875,0,4252,4252,0,0,0,0,1.0,1.0,1.0,1.0,1.0,1,0.6574677668514738,26
2876,1,4253,4253,0,0,0,0,1.0,1.0,1.0,1.0,1.0,1,0.6657088576816554,28
2877,0,4253,4253,0,0,0,0,1.0,1.0,1.0,1.0,1.0,1,0.658115023153612,29
2878,1,4254,4254,0,0,0,0,1.0,1.0,1.0,1.0,1.0,1,0.6343561193145498,31
2879,0,4254,4254,0,0,0,0,1.0,1.0,1.0,1.0,1.0,1,0.6343561193145498,31
2880,2,4256,4256,0,0,0,0,1.0,1.0,1.0,1.0,1.0,1,0.6325487663169055,32
2881,1,4257,4257,0,0,0,0,1.0,1.0,1.0,1.0,1.0,1,0.6283783205745452,31
2882,0,4257,4257,0,0,0,0,1.0,1.0,1.0,1.0,1.0,1,0.6283783205745452,31
2883,1,4258,4258,0,0,0,0,1.0,1.0,1.0,1.0,1.0,1,0.6303721739118554,32
2884,0,4258,4258,0,0,0,0,1.0,1.0,1.0,1.0,1.0,1,0.6303721739118554,32
2885,0,4258,4258,0,0,0,0,1.0,1.0,1.0,1.0,1.0,1,0.6382112994105916,33
2886,2,4260,4260,0,0,0,0,1.0,1.0,1.0,1.0,1.0,1,0.6139006993274421,34
2887,0,4260,4260,0,0,0,0,1.0,1.0,1.0,1.0,1.0,1,0.6090259113158121,34
2888,2,4262,4262,0,0,0,0,1.0,1.0,1.0,1.0,1.0,1,0.6156511719559973,34
2889,0,4262,4262,0,0,0,0,1.0,1.0,1.0,1.0,1.0,1,0.6240603254920035,37
2890,1,4263,4263,0,0,0,0,1.0,1.0,1.0,1.0,1.0,1,0.6135989188803755,37
2891,1,4264,4264,0,0,0,0,1.0,1.0,1.0,1.0,1.0,1,0.6294109020015592,37
2892,0,4264,4264,0,0,0,0,1.0,1.0,1.0,1.0,1.0,1,0.6294109020015592,37
2893,2,4266,4266,0,0,0,0,1.0,1.0,1.0,1.0,1.0,1,0.6171987001356011,38
2894,1,4267,4267,0,0,0,0,1.0,1.0,1.0,1.0,1.0,1,0.6112379108692659,39
2895,1,4268,4268,0,0,0,0,1.0,1.0,1.0,1.0,1.0,1,0.5935671619658353,40
2896,4,4272,4272,0,0,0,0,1.0,1.0,1.0,1.0,1.0,1,0.5943333840883991,41
2897,1,4273,4273,0,0,0,0,1.0,1.0,1.0,1.0,1.0,1,0.5981317703892286,41
2898,4,4277,4277,0,0,0,0,1.0,1.0,1.0,1.0,1.0,1,0.5714865960414973,41
2899,1,4278,4278,0,0,0,0,1.0,1.0,1.0,1.0,1.0,1,0.5863691379716147,39
2900,2,4280,4280,0,0,0,0,1.0,1.0,1.0,1.0,1.0,1,0.5919231756256178,40
2901,1,4281,4281,0,0,0,0,1.0,1.0,1.0,1.0,1.0,1,0.5762474144722276,40
2902,1,4282,4282,0,0,0,0,1.0,1.0,1.0,1.0,1.0,1,0.572190913403561,38
2903,1,4283,4283,0,0,0,0,1.0,1.0,1.0,1.0,1.0,1,0.575826456886334,36
2904,1,4284,4284,0,0,0,0,1.0,1.0,1.0,1.0,1.0,1,0.5885799095116798,36
2905,1,4285,4285,0,0,0,0,1.0,1.0,1.0,1.0,1.0,1,0.5657950001191577,35
2906,0,4285,4285,0,0,0,0,1.0,1.0,1.0,1.0,1.0,1,0.5626832623920072,36
2907,2,4287,4287,0,0,0,0,1.0,1.0,1.0,1.0,1.0,1,0.5812922362823707,37
2908,4,4291,4291,0,0,0,0,1.0,1.0,1.0,1.0,1.0,1,0.577194066741083,38
2909,1,4292,4292,0,0,0,0,1.0,1.0,1.0,1.0,1.0,1,0.5989927070949562,37
2910,1,4293,4293,0,0,0,0,1.0,1.0,1.0,1.0,1.0,1,0.6169653084172776,37
2911,0,4293,4293,0,0,0,0,1.0,1.0,1.0,1.0,1.0,1,0.6281102525580535,36
2912,1,4294,4294,0,0,0,0,1.0,1.0,1.0,1.0,1.0,1,0.6423193102891765,36
2913,2,4296,4296,0,0,0,0,1.0,1.0,1.0,1.0,1.0,1,0.6197081520464874,36
2914,0,4296,4296,0,0,0,0,1.0,1.0,1.0,1.0,1.0,1,0.6163889024902113,38
2915,1,4297,4297,0,0,0,0,1.0,1.0,1.0,1.0,1.0,1,0.6111068045034629,37
2916,2,4299,4299,0,0,0,0,1.0,1.0,1.0,1.0,1.0,1,0.5996934624258385,39
2917,1,4300,4300,0,0,0,0,1.0,1.0,1.0,1.0,1.0,1,0.6032574556807342,40
2918,3,4303,4303,0,0,0,0,1.0,1.0,1.0,1.0,1.0,1,0.6511791033749573,40
2919,1,4304,4304,0,0,0,0,1.0,1.0,1.0,1.0,1.0,1,0.6517219021152643,42
2920,0,4304,4304,0,0,0,0,1.0,1.0,1.0,1.0,1.0,1,0.6517219021152643,42
2921,0,4304,4304,0,0,0,0,1.0,1.0,1.0,1.0,1.0,1,0.6517219021152643,42
2922,0,4304,4304,0,0,0,0,1.0,1.0,1.0,1.0,1.0,1,0.6352544118025288,43
2923,1,4305,4305,0,0,0,0,1.0,1.0,1.0,1.0,1.0,1,0.6263815401371743,45
2924,1,4306,4306,0,0,0,0,1.0,1.0,1.0,1.0,1.0,1,0.6046684001725492,46
2925,0,4306,4306,0,0,0,0,1.0,1.0,1.0,1.0,1.0,1,0.6046684001725492,46
2926,1,4307,4307,0,0,0,0,1.0,1.0,1.0,1.0,1.0,1,0.6095794301220067,46
2927,1,4308,4308,0,0,0,0,1.0,1.0,1.0,1.0,1.0,1,0.6033767642222809,48
2928,0,4308,4308,0,0,0,0,1.0,1.0,1.0,1.0,1.0,1,0.6033767642222809,48
2929,0,4308,4308,0,0,0,0,1.0,1.0,1.0,1.0,1.0,1,0.6033767642222809,48
2930,1,4309,4309,0,0,0,0,1.0,1.0,1.0,1.0,1.0,1,0.6009470483749579,50
2931,0,4309,4309,0,0,0,0,1.0,1.0,1.0,1.0,1.0,1,0.605320119302621,51
2932,0,4309,4309,0,0,0,0,1.0,1.0,1.0,1.0,1.0,1,0.5973233071132313,52
2933,3,4312,4312,0,0,0,0,1.0,1.0,1.0,1.0,1.0,1,0.6184213539949084,53
2934,1,4313,4313,0,0,0,0,1.0,1.0,1.0,1.0,1.0,1,0.6286813123136024,54
2935,1,4314,4314,0,0,0,0,1.0,1.0,1.0,1.0,1.0,1,0.6273534189765253,53
2936,2,4316,4316,0,0,0,0,1.0,1.0,1.0,1.0,1.0,1,0.6344470803060652,53
2937,1,4317,4317,0,0,0,0,1.0,1.0,1.0,1.0,1.0,1,0.6368050773712046,51
2938,4,4321,4321,0,0,0,0,1.0,1.0,1.0,1.0,1.0,1,0.6535217270058952,53
2939,2,4323,4323,0,0,0,0,1.0,1.0,1.0,1.0,1.0,1,0.6303801114753966,52
2940,2,4325,4325,0,0,0,0,1.0,1.0,1.0,1.0,1.0,1,0.6164859837033164,52
2941,1,4326,4326,0,0,0,0,1.0,1.0,1.0,1.0,1.0,1,0.6179429426146722,50
2942,2,4328,4328,0,0,0,0,1.0,1.0,1.0,1.0,1.0,1,0.6210813858871126,50
2943,1,4329,4329,0,0,0,0,1.0,1.0,1.0,1.0,1.0,1,0.6222894519208797,49
2944,3,4332,4332,0,0,0,0,1.0,1.0,1.0,1.0,1.0,1,0.6154270354341465,48
2945,1,4333,4333,0,0,0,0,1.0,1.0,1.0,1.0,1.0,1,0.628515288349222,48
2946,2,4335,4335,0,0,0,0,1.0,1.0,1.0,1.0,1.0,1,0.6350916714085237,47
2947,1,4336,4336,0,0,0,0,1.0,1.0,1.0,1.0,1.0,1,0.6487090994079249,47
2948,1,4337,4337,0,0,0,0,1.0,1.0,1.0,1.0,1.0,1,0.6634319102930507,48
2949,0,4337,4337,0,0,0,0,1.0,1.0,1.0,1.0,1.0,1,0.6634319102930507,48
2950,1,4338,4338,0,0,0,0,1.0,1.0,1.0,1.0,1.0,1,0.6575264007920443,48
2951,0,4338,4338,0,0,0,0,1.0,1.0,1.0,1.0,1.0,1,0.6619925110990265,50
2952,0,4338,4338,0,0,0,0,1.0,1.0,1.0,1.0,1.0,1,0.6619925110990265,50
2953,0,4338,4338,0,0,0,0,1.0,1.0,1.0,1.0,1.0,1,0.664126989718866,51
2954,0,4338,4338,0,0,0,0,1.0,1.0,1.0,1.0,1.0,1,0.664126989718866,51
2955,2,4340,4340,0,0,0,0,1.0,1.0,1.0,1.0,1.0,1,0.6460096364837954,51
2956,0,4340,4340,0,0,0,0,1.0,1.0,1.0,1.0,1.0,1,0.6460096364837954,51
2957,3,4343,4343,0,0,0,0,1.0,1.0,1.0,1.0,1.0,1,0.6286123087213268,52
2958,0,4343,4343,0,0,0,0,1.0,1.0,1.0,1.0,1.0,1,0.6286123087213268,52
2959,1,4344,4344,0,0,0,0,1.0,1.0,1.0,1.0,1.0,1,0.6060004330297497,53
2960,0,4344,4344,0,0,0,0,1.0,1.0,1.0,1.0,1.0,1,0.6013006888877745,52
2961,1,4345,4345,0,0,0,0,1.0,1.0,1.0,1.0,1.0,1,0.5824443362519792,53
2962,1,4346,4346,0,0,0,0,1.0,1.0,1.0,1.0,1.0,1,0.577113350943556,54
2963,2,4348,4348,0,0,0,0,1.0,1.0,1.0,1.0,1.0,1,0.5777949039762345,55
2964,1,4349,4349,0,0,0,0,1.0,1.0,1.0,1.0,1.0,1,0.5818298190686868,55
2965,2,4351,4351,0,0,0,0,1.0,1.0,1.0,1.0,1.0,1,0.5898845770574009,55
2966,2,4353,4353,0,0,0,0,1.0,1.0,1.0,1.0,1.0,1,0.5871901191824638,55
2967,1,4354,4354,0,0,0,0,1.0,1.0,1.0,1.0,1.0,1,0.6098055421108989,56
2968,1,4355,4355,0,0,0,0,1.0,1.0,1.0,1.0,1.0,1,0.6025282733201799,56
2969,1,4356,4356,0,0,0,0,1.0,1.0,1.0,1.0,1.0,1,0.6276995845665871,55
2970,1,4357,4357,0,0,0,0,1.0,1.0,1.0,1.0,1.0,1,0.6288036561554435,57
2971,5,4362,4362,0,0,0,0,1.0,1.0,1.0,1.0,1.0,1,0.6578937719129763,56
2972,2,4364,4364,0,0,0,0,1.0,1.0,1.0,1.0,1.0,1,0.6680935537308981,57
2973,1,4365,4365,0,0,0,0,1.0,1.0,1.0,1.0,1.0,1,0.6592642946468008,59
2974,4,4369,4369,0,0,0,0,1.0,1.0,1.0,1.0,1.0,1,0.6693475927537985,60
2975,2,4371,4371,0,0,0,0,1.0,1.0,1.0,1.0,1.0,1,0.6780847650911888,58
2976,1,4372,4372,0,0,0,0,1.0,1.0,1.0,1.0,1.0,1,0.6676110480310674,59
2977,0,4372,4372,0,0,0,0,1.0,1.0,1.0,1.0,1.0,1,0.6521343805975025,59
2978,3,4375,4375,0,0,0,0,1.0,1.0,1.0,1.0,1.0,1,0.6309155797939244,58
2979,0,4375,4375,0,0,0,0,1.0,1.0,1.0,1.0,1.0,1,0.6303888172216057,57
2980,1,4376,4376,0,0,0,0,1.0,1.0,1.0,1.0,1.0,1,0.6182918719686543,56
2981,2,4378,4378,0,0,0,0,1.0,1.0,1.0,1.0,1.0,1,0.6123563445045543,56
2982,5,4383,4383,0,0,0,0,1.0,1.0,1.0,1.0,1.0,1,0.5664934236094805,57
2983,4,4387,4387,0,0,0,0,1.0,1.0,1.0,1.0,1.0,1,0.5734457771161824,57
2984,4,4391,4391,0,0,0,0,1.0,1.0,1.0,1.0,1.0,1,0.5707291759084709,56
2985,1,4392,4392,0,0,0,0,1.0,1.0,1.0,1.0,1.0,1,0.5773122426518307,55
2986,2,4394,4394,0,0,0,0,1.0,1.0,1.0,1.0,1.0,1,0.5927069679544492,55
2987,0,4394,4394,0,0,0,0,1.0,1.0,1.0,1.0,1.0,1,0.5978938854530218,51
2988,4,4398,4398,0,0,0,0,1.0,1.0,1.0,1.0,1.0,1,0.5815197678203053,52
2989,0,4398,4398,0,0,0,0,1.0,1.0,1.0,1.0,1.0,1,0.5999626065555659,50
2990,2,4400,4400,0,0,0,0,1.0,1.0,1.0,1.0,1.0,1,0.5916923668459183,50
2991,0,4400,4400,0,0,0,0,1.0,1.0,1.0,1.0,1.0,1,0.5892685190593008,50
2992,1,4401,4401,0,0,0,0,1.0,1.0,1.0,1.0,1.0,1,0.5836216421114213,50
2993,3,4404,4404,0,0,0,0,1.0,1.0,1.0,1.0,1.0,1,0.5765198228302509,51
2994,1,4405,4405,0,0,0,0,1.0,1.0,1.0,1.0,1.0,1,0.570882448007807,51
2995,3,4408,4408,0,0,0,0,1.0,1.0,1.0,1.0,1.0,1,0.5746166120750951,51
2996,1,4409,4409,0,0,0,0,1.0,1.0,1.0,1.0,1.0,1,0.5829787241462324,52
2997,0,4409,4409,0,0,0,0,1.0,1.0,1.0,1.0,1.0,1,0.5939703416446764,52
2998,3,4412,4412,0,0,0,0,1.0,1.0,1.0,1.0,1.0,1,0.6319873414469832,51
2999,0,4412,4412,0,0,0,0,1.0,1.0,1.0,1.0,1.0,1,0.6319873414469832,51
3000,2,4414,4414,0,0,0,0,1.0,1.0,1.0,1.0,1.0,1,0.6297292866481562,52
3001,0,4414,4414,0,0,0,0,1.0,1.0,1.0,1.0,1.0,1,0.6297292866481562,52
3002,1,4415,4415,0,0,0,0,1.0,1.0,1.0,1.0,1.0,1,0.6412816688475811,53
3003,0,4415,4415,0,0,0,0,1.0,1.0,1.0,1.0,1.0,1,0.6273167750016209,54
3004,0,4415,4415,0,0,0,0,1.0,1.0,1.0,1.0,1.0,1,0.6319753160426627,55
3005,0,4415,4415,0,0,0,0,1.0,1.0,1.0,1.0,1.0,1,0.6325381397375205,56
3006,1,4416,4416,0,0,0,0,1.0,1.0,1.0,1.0,1.0,1,0.6286124456327966,57
3007,2,4418,4418,0,0,0,0,1.0,1.0,1.0,1.0,1.0,1,0.6364344315123424,58
3008,0,4418,4418,0,0,0,0,1.0,1.0,1.0,1.0,1.0,1,0.6271758007253521,59
3009,1,4419,4419,0,0,0,0,1.0,1.0,1.0,1.0,1.0,1,0.6183489825391981,59
3010,2,4421,4421,0,0,0,0,1.0,1.0,1.0,1.0,1.0,1,0.6259485639694459,59
3011,1,4422,4422,0,0,0,0,1.0,1.0,1.0,1.0,1.0,1,0.6361263997013171,59
3012,2,4424,4424,0,0,0,0,1.0,1.0,1.0,1.0,1.0,1,0.6299606370892746,61
3013,1,4425,4425,0,0,0,0,1.0,1.0,1.0,1.0,1.0,1,0.6159279058427412,59
3014,1,4426,4426,0,0,0,0,1.0,1.0,1.0,1.0,1.0,1,0.626810515148066,60
3015,2,4428,4428,0,0,0,0,1.0,1.0,1.0,1.0,1.0,1,0.6169155906088346,58
3016,2,4430,4430,0,0,0,0,1.0,1.0,1.0,1.0,1.0,1,0.6132811557723643,57
3017,5,4435,4435,0,0,0,0,1.0,1.0,1.0,1.0,1.0,1,0.6210315402758939,58
3018,1,4436,4436,0,0,0,0,1.0,1.0,1.0,1.0,1.0,1,0.6162554781843161,55
3019,3,4439,4439,0,0,0,0,1.0,1.0,1.0,1.0,1.0,1,0.6152559054082414,56
3020,3,4442,4442,0,0,0,0,1.0,1.0,1.0,1.0,1.0,1,0.6067169067958716,55
3021,3,4445,4445,0,0,0,0,1.0,1.0,1.0,1.0,1.0,1,0.5979138206678022,55
3022,3,4448,4448,0,0,0,0,1.0,1.0,1.0,1.0,1.0,1,0.6288439634399775,55
3023,1,4449,4449,0,0,0,0,1.0,1.0,1.0,1.0,1.0,1,0.6226192471016471,54
3024,4,4453,4453,0,0,0,0,1.0,1.0,1.0,1.0,1.0,1,0.6101789760566025,54
3025,2,4455,4455,0,0,0,0,1.0,1.0,1.0,1.0,1.0,1,0.6375023321083366,54
3026,3,4458,4458,0,0,0,0,1.0,1.0,1.0,1.0,1.0,1,0.6393822389638448,53
3027,4,4462,4462,0,0,0,0,1.0,1.0,1.0,1.0,1.0,1,0.6331151879548368,53
3028,2,4464,4464,0,0,0,0,1.0,1.0,1.0,1.0,1.0,1,0.6130869432643438,51
3029,2,4466,4466,0,0,0,0,1.0,1.0,1.0,1.0,1.0,1,0.6205831262616343,51
3030,3,4469,4469,0,0,0,0,1.0,1.0,1.0,1.0,1.0,1,0.6005471318154848,52
3031,1,4470,4470,0,0,0,0,1.0,1.0,1.0,1.0,1.0,1,0.6181112743724062,51
3032,1,4471,4471,0,0,0,0,1.0,1.0,1.0,1.0,1.0,1,0.6116403976355175,50
3033,1,4472,4472,0,0,0,0,1.0,1.0,1.0,1.0,1.0,1,0.6088535164764971,52
3034,0,4472,4472,0,0,0,0,1.0,1.0,1.0,1.0,1.0,1,0.6160719903127403,51
3035,0,4472,4472,0,0,0,0,1.0,1.0,1.0,1.0,1.0,1,0.6150320207180519,51
3036,1,4473,4473,0,0,0,0,1.0,1.0,1.0,1.0,1.0,1,0.615188494146915,53
3037,1,4474,4474,0,0,0,0,1.0,1.0,1.0,1.0,1.0,1,0.6195396127376387,52
3038,1,4475,4475,0,0,0,0,1.0,1.0,1.0,1.0,1.0,1,0.614230775807533,52
3039,1,4476,4476,0,0,0,0,1.0,1.0,1.0,1.0,1.0,1,0.602977827456006,54
3040,1,4477,4477,0,0,0,0,1.0,1.0,1.0,1.0,1.0,1,0.5999956641903555,55
3041,0,4477,4477,0,0,0,0,1.0,1.0,1.0,1.0,1.0,1,0.6042720099743697,56
3042,2,4479,4479,0,0,0,0,1.0,1.0,1.0,1.0,1.0,1,0.5916601148162005,56
3043,1,4480,4480,0,0,0,0,1.0,1.0,1.0,1.0,1.0,1,0.5878196513871653,57
3044,3,4483,4483,0,0,0,0,1.0,1.0,1.0,1.0,1.0,1,0.5689278406602445,57
3045,0,4483,4483,0,0,0,0,1.0,1.0,1.0,1.0,1.0,1,0.5762052401145471,56
3046,4,4487,4487,0,0,0,0,1.0,1.0,1.0,1.0,1.0,1,0.5570585995701951,57
3047,1,4488,4488,0,0,0,0,1.0,1.0,1.0,1.0,1.0,1,0.5720595664001494,56
3048,2,4490,4490,0,0,0,0,1.0,1.0,1.0,1.0,1.0,1,0.5623430868947514,58
3049,2,4492,4492,0,0,0,0,1.0,1.0,1.0,1.0,1.0,1,0.5812925944596649,59
3050,1,4493,4493,0,0,0,0,1.0,1.0,1.0,1.0,1.0,1,0.5643238326511474,60
3051,3,4496,4496,0,0,0,0,1.0,1.0,1.0,1.0,1.0,1,0.5665621513102456,59
3052,1,4497,4497,0,0,0,0,1.0,1.0,1.0,1.0,1.0,1,0.5707120850856695,58
3053,2,4499,4499,0,0,0,0,1.0,1.0,1.0,1.0,1.0,1,0.5827282882068827,57
3054,1,4500,4500,0,0,0,0,1.0,1.0,1.0,1.0,1.0,1,0.5834316952625077,55
3055,1,4501,4501,0,0,0,0,1.0,1.0,1.0,1.0,1.0,1,0.5958827414244272,54
3056,3,4504,4504,0,0,0,0,1.0,1.0,1.0,1.0,1.0,1,0.5682335842777783,55
3057,0,4504,4504,0,0,0,0,1.0,1.0,1.0,1.0,1.0,1,0.5822389961670228,54
3058,4,4508,4508,0,0,0,0,1.0,1.0,1.0,1.0,1.0,1,0.5575898649546414,55
3059,0,4508,4508,0,0,0,0,1.0,1.0,1.0,1.0,1.0,1,0.5595477758481364,56
3060,2,4510,4510,0,0,0,0,1.0,1.0,1.0,1.0,1.0,1,0.546835388651045,56
3061,1,4511,4511,0,0,0,0,1.0,1.0,1.0,1.0,1.0,1,0.5509514463346953,56
3062,4,4515,4515,0,0,0,0,1.0,1.0,1.0,1.0,1.0,1,0.5561251993974763,57
3063,2,4517,4517,0,0,0,0,1.0,1.0,1.0,1.0,1.0,1,0.5428699116030596,55
3064,3,4520,4520,0,0,0,0,1.0,1.0,1.0,1.0,1.0,1,0.570848388454459,56
3065,2,4522,4522,0,0,0,0,1.0,1.0,1.0,1.0,1.0,1,0.5735331220511702,55
3066,1,4523,4523,0,0,0,0,1.0,1.0,1.0,1.0,1.0,1,0.5893435145389213,55
3067,2,4525,4525,0,0,0,0,1.0,1.0,1.0,1.0,1.0,1,0.6061601796605696,54
3068,3,4528,4528,0,0,0,0,1.0,1.0,1.0,1.0,1.0,1,0.6174198671507374,53
3069,2,4530,4530,0,0,0,0,1.0,1.0,1.0,1.0,1.0,1,0.6243526418948839,51
3070,2,4532,4532,0,0,0,0,1.0,1.0,1.0,1.0,1.0,1,0.6214665987345068,50
3071,1,4533,4533,0,0,0,0,1.0,1.0,1.0,1.0,1.0,1,0.6147292058345428,51
3072,3,4536,4536,0,0,0,0,1.0,1.0,1.0,1.0,1.0,1,0.6187107177168965,53
3073,1,4537,4537,0,0,0,0,1.0,1.0,1.0,1.0,1.0,1,0.6220940494941117,51
3074,3,4540,4540,0,0,0,0,1.0,1.0,1.0,1.0,1.0,1,0.6012620611785553,50
3075,2,4542,4542,0,0,0,0,1.0,1.0,1.0,1.0,1.0,1,0.6031400836808396,52
3076,1,4543,4543,0,0,0,0,1.0,1.0,1.0,1.0,1.0,1,0.5952434399820046,53
3077,1,4544,4544,0,0,0,0,1.0,1.0,1.0,1.0,1.0,1,0.5847452148658735,52
3078,0,4544,4544,0,0,0,0,1.0,1.0,1.0,1.0,1.0,1,0.5982312190348855,53
3079,0,4544,4544,0,0,0,0,1.0,1.0,1.0,1.0,1.0,1,0.5982312190348855,53
3080,1,4545,4545,0,0,0,0,1.0,1.0,1.0,1.0,1.0,1,0.602726630155969,52
3081,1,4546,4546,0,0,0,0,1.0,1.0,1.0,1.0,1.0,1,0.6040389060850807,54
3082,2,4548,4548,0,0,0,0,1.0,1.0,1.0,1.0,1.0,1,0.5890214409318173,54
3083,1,4549,4549,0,0,0,0,1.0,1.0,1.0,1.0,1.0,1,0.5873925900509652,54
3084,1,4550,4550,0,0,0,0,1.0,1.0,1.0,1.0,1.0,1,0.5815826578634592,55
3085,2,4552,4552,0,0,0,0,1.0,1.0,1.0,1.0,1.0,1,0.5966317194759507,55
3086,0,4552,4552,0,0,0,0,1.0,1.0,1.0,1.0,1.0,1,0.5930067155053679,56
3087,0,4552,4552,0,0,0,0,1.0,1.0,1.0,1.0,1.0,1,0.594537786262174,57
3088,1,4553,4553,0,0,0,0,1.0,1.0,1.0,1.0,1.0,1,0.5945562838811852,56
3089,2,4555,4555,0,0,0,0,1.0,1.0,1.0,1.0,1.0,1,0.5945087769423335,55
3090,0,4555,4555,0,0,0,0,1.0,1.0,1.0,1.0,1.0,1,0.598217737708815,54
3091,0,4555,4555,0,0,0,0,1.0,1.0,1.0,1.0,1.0,1,0.6006769483850306,53
3092,0,4555,4555,0,0,0,0,1.0,1.0,1.0,1.0,1.0,1,0.5864920250937721,56
3093,1,4556,4556,0,0,0,0,1.0,1.0,1.0,1.0,1.0,1,0.5935131240236973,56
3094,0,4556,4556,0,0,0,0,1.0,1.0,1.0,1.0,1.0,1,0.5995405163237097,58
3095,1,4557,4557,0,0,0,0,1.0,1.0,1.0,1.0,1.0,1,0.5932114444077853,59
3096,2,4559,4559,0,0,0,0,1.0,1.0,1.0,1.0,1.0,1,0.5963943719441199,60
3097,1,4560,4560,0,0,0,0,1.0,1.0,1.0,1.0,1.0,1,0.5940790887621135,60
3098,2,4562,4562,0,0,0,0,1.0,1.0,1.0,1.0,1.0,1,0.59057394694878,58
3099,1,4563,4563,0,0,0,0,1.0,1.0,1.0,1.0,1.0,1,0.5966168014640388,57
3100,2,4565,4565,0,0,0,0,1.0,1.0,1.0,1.0,1.0,1,0.5907542793497008,57
3101,2,4567,4567,0,0,0,0,1.0,1.0,1.0,1.0,1.0,1,0.577625775691787,58
3102,1,4568,4568,0,0,0,0,1.0,1.0,1.0,1.0,1.0,1,0.6073673237169928,59
3103,2,4570,4570,0,0,0,0,1.0,1.0,1.0,1.0,1.0,1,0.6195123070984349,58
3104,2,4572,4572,0,0,0,0,1.0,1.0,1.0,1.0,1.0,1,0.6260114431321252,58
3105,2,4574,4574,0,0,0,0,1.0,1.0,1.0,1.0,1.0,1,0.6305630985995173,56
3106,6,4580,4580,0,0,0,0,1.0,1.0,1.0,1.0,1.0,1,0.6115291864370231,57
3107,3,4583,4583,0,0,0,0,1.0,1.0,1.0,1.0,1.0,1,0.5826284538206083,55
3108,4,4587,4587,0,0,0,0,1.0,1.0,1.0,1.0,1.0,1,0.5622659331541937,55
3109,3,4590,4590,0,0,0,0,1.0,1.0,1.0,1.0,1.0,1,0.5342822994306735,54
3110,5,4595,4595,0,0,0,0,1.0,1.0,1.0,1.0,1.0,1,0.5273225502306025,54
3111,2,4597,4597,0,0,0,0,1.0,1.0,1.0,1.0,1.0,1,0.5320203204888619,54
3112,5,4602,4602,0,0,0,0,1.0,1.0,1.0,1.0,1.0,1,0.5574533602396046,56
3113,4,4606,4606,0,0,0,0,1.0,1.0,1.0,1.0,1.0,1,0.6046391003160392,55
3114,1,4607,4607,0,0,0,0,1.0,1.0,1.0,1.0,1.0,1,0.6025012474415854,54
3115,0,4607,4607,0,0,0,0,1.0,1.0,1.0,1.0,1.0,1,0.5810271611837218,56
3116,2,4609,4609,0,0,0,0,1.0,1.0,1.0,1.0,1.0,1,0.6062249061001191,56
3117,2,4611,4611,0,0,0,0,1.0,1.0,1.0,1.0,1.0,1,0.6102599312335024,58
3118,0,4611,4611,0,0,0,0,1.0,1.0,1.0,1.0,1.0,1,0.6142785226777406,57
3119,1,4612,4612,0,0,0,0,1.0,1.0,1.0,1.0,1.0,1,0.6109993431189427,57
3120,0,4612,4612,0,0,0,0,1.0,1.0,1.0,1.0,1.0,1,0.6131821082744363,56
3121,3,4615,4615,0,0,0,0,1.0,1.0,1.0,1.0,1.0,1,0.620939276331112,57
3122,0,4615,4615,0,0,0,0,1.0,1.0,1.0,1.0,1.0,1,0.620939276331112,57
3123,3,4618,4618,0,0,0,0,1.0,1.0,1.0,1.0,1.0,1,0.5968069490049986,57
3124,2,4620,4620,0,0,0,0,1.0,1.0,1.0,1.0,1.0,1,0.5666852188486625,59
3125,1,4621,4621,0,0,0,0,1.0,1.0,1.0,1.0,1.0,1,0.5528550322585831,61
3126,3,4624,4624,0,0,0,0,1.0,1.0,1.0,1.0,1.0,1,0.5502947112550322,60
3127,1,4625,4625,0,0,0,0,1.0,1.0,1.0,1.0,1.0,1,0.5516881516068561,58
3128,3,4628,4628,0,0,0,0,1.0,1.0,1.0,1.0,1.0,1,0.5739842664627524,58
3129,3,4631,4631,0,0,0,0,1.0,1.0,1.0,1.0,1.0,1,0.6082790422368248,56
3130,0,4631,4631,0,0,0,0,1.0,1.0,1.0,1.0,1.0,1,0.612008512503201,56
3131,0,4631,4631,0,0,0,0,1.0,1.0,1.0,1.0,1.0,1,0.6230193171606725,55
3132,1,4632,4632,0,0,0,0,1.0,1.0,1.0,1.0,1.0,1,0.6161299808577065,53
3133,2,4634,4634,0,0,0,0,1.0,1.0,1.0,1.0,1.0,1,0.6100382581519863,52
3134,2,4636,4636,0,0,0,0,1.0,1.0,1.0,1.0,1.0,1,0.6138388858839303,52
3135,2,4638,4638,0,0,0,0,1.0,1.0,1.0,1.0,1.0,1,0.6175004877743574,53
3136,2,4640,4640,0,0,0,0,1.0,1.0,1.0,1.0,1.0,1,0.6296406674632212,54
3137,4,4644,4644,0,0,0,0,1.0,1.0,1.0,1.0,1.0,1,0.6105084432673191,55
3138,3,4647,4647,0,0,0,0,1.0,1.0,1.0,1.0,1.0,1,0.6161017204427295,57
3139,1,4648,4648,0,0,0,0,1.0,1.0,1.0,1.0,1.0,1,0.6018135326907128,56
3140,1,4649,4649,0,0,0,0,1.0,1.0,1.0,1.0,1.0,1,0.5975310834741652,56
3141,1,4650,4650,0,0,0,0,1.0,1.0,1.0,1.0,1.0,1,0.5817113512341802,56
3142,1,4651,4651,0,0,0,0,1.0,1.0,1.0,1.0,1.0,1,0.571276664411694,56
3143,3,4654,4654,0,0,0,0,1.0,1.0,1.0,1.0,1.0,1,0.5716767957288291,56
3144,2,4656,4656,0,0,0,0,1.0,1.0,1.0,1.0,1.0,1,0.567202142332285,54
3145,1,4657,4657,0,0,0,0,1.0,1.0,1.0,1.0,1.0,1,0.562513584850393,55
3146,1,4658,4658,0,0,0,0,1.0,1.0,1.0,1.0,1.0,1,0.582201857679194,53
3147,1,4659,4659,0,0,0,0,1.0,1.0,1.0,1.0,1.0,1,0.5830896890227276,54
3148,2,4661,4661,0,0,0,0,1.0,1.0,1.0,1.0,1.0,1,0.5920584370667346,54
3149,0,4661,4661,0,0,0,0,1.0,1.0,1.0,1.0,1.0,1,0.5967401935048976,53
3150,2,4663,4663,0,0,0,0,1.0,1.0,1.0,1.0,1.0,1,0.5786565376707314,53
3151,1,4664,4664,0,0,0,0,1.0,1.0,1.0,1.0,1.0,1,0.5914915583719275,53
3152,2,4666,4666,0,0,0,0,1.0,1.0,1.0,1.0,1.0,1,0.5592554160681146,54
3153,1,4667,4667,0,0,0,0,1.0,1.0,1.0,1.0,1.0,1,0.5593652490298818,53
3154,0,4667,4667,0,0,0,0,1.0,1.0,1.0,1.0,1.0,1,0.5517382853899219,55
3155,0,4667,4667,0,0,0,0,1.0,1.0,1.0,1.0,1.0,1,0.5504250433252706,56
3156,1,4668,4668,0,0,0,0,1.0,1.0,1.0,1.0,1.0,1,0.5360810430840418,56
3157,0,4668,4668,0,0,0,0,1.0,1.0,1.0,1.0,1.0,1,0.5360810430840418,56
3158,0,4668,4668,0,0,0,0,1.0,1.0,1.0,1.0,1.0,1,0.5336524001706875,57
3159,1,4669,4669,0,0,0,0,1.0,1.0,1.0,1.0,1.0,1,0.5543278358829499,56
3160,1,4670,4670,0,0,0,0,1.0,1.0,1.0,1.0,1.0,1,0.569299132717267,58
3161,1,4671,4671,0,0,0,0,1.0,1.0,1.0,1.0,1.0,1,0.576320036869233,59
3162,3,4674,4674,0,0,0,0,1.0,1.0,1.0,1.0,1.0,1,0.5867559446470088,59
3163,2,4676,4676,0,0,0,0,1.0,1.0,1.0,1.0,1.0,1,0.6219480573728653,59
3164,5,4681,4681,0,0,0,0,1.0,1.0,1.0,1.0,1.0,1,0.6306726065725902,60
3165,0,4681,4681,0,0,0,0,1.0,1.0,1.0,1.0,1.0,1,0.6298152939835188,58
3166,2,4683,4683,0,0,0,0,1.0,1.0,1.0,1.0,1.0,1,0.6209398291787702,59
3167,3,4686,4686,0,0,0,0,1.0,1.0,1.0,1.0,1.0,1,0.6213786731573653,57
3168,1,4687,4687,0,0,0,0,1.0,1.0,1.0,1.0,1.0,1,0.6044657860069279,58
3169,3,4690,4690,0,0,0,0,1.0,1.0,1.0,1.0,1.0,1,0.609716278390721,57
3170,2,4692,4692,0,0,0,0,1.0,1.0,1.0,1.0,1.0,1,0.6151827385274377,55
3171,7,4699,4699,0,0,0,0,1.0,1.0,1.0,1.0,1.0,1,0.6173483330369208,56
3172,3,4702,4702,0,0,0,0,1.0,1.0,1.0,1.0,1.0,1,0.6240055475792646,54
3173,1,4703,4703,0,0,0,0,1.0,1.0,1.0,1.0,1.0,1,0.637353224008979,53
3174,3,4706,4706,0,0,0,0,1.0,1.0,1.0,1.0,1.0,1,0.6108155970998834,53
3175,2,4708,4708,0,0,0,0,1.0,1.0,1.0,1.0,1.0,1,0.6074662280415082,52
3176,1,4709,4709,0,0,0,0,1.0,1.0,1.0,1.0,1.0,1,0.5973726287049536,53
3177,3,4712,4712,0,0,0,0,1.0,1.0,1.0,1.0,1.0,1,0.5729797000869449,52
3178,2,4714,4714,0,0,0,0,1.0,1.0,1.0,1.0,1.0,1,0.5502442132479558,53
3179,1,4715,4715,0,0,0,0,1.0,1.0,1.0,1.0,1.0,1,0.5278046339864089,54
3180,2,4717,4717,0,0,0,0,1.0,1.0,1.0,1.0,1.0,1,0.5208611322147987,54
3181,1,4718,4718,0,0,0,0,1.0,1.0,1.0,1.0,1.0,1,0.514715329122174,55
3182,2,4720,4720,0,0,0,0,1.0,1.0,1.0,1.0,1.0,1,0.5005072884298366,54
3183,5,4725,4725,0,0,0,0,1.0,1.0,1.0,1.0,1.0,1,0.49098336805006637,56
3184,3,4728,4728,0,0,0,0,1.0,1.0,1.0,1.0,1.0,1,0.49447398681258165,54
3185,1,4729,4729,0,0,0,0,1.0,1.0,1.0,1.0,1.0,1,0.48903286841763066,53
3186,0,4729,4729,0,0,0,0,1.0,1.0,1.0,1.0,1.0,1,0.501203230851143,52
3187,4,4733,4733,0,0,0,0,1.0,1.0,1.0,1.0,1.0,1,0.5206394897371172,50
3188,2,4735,4735,0,0,0,0,1.0,1.0,1.0,1.0,1.0,1,0.5321573493973076,50
3189,3,4738,4738,0,0,0,0,1.0,1.0,1.0,1.0,1.0,1,0.5654556083697506,49
3190,1,4739,4739,0,0,0,0,1.0,1.0,1.0,1.0,1.0,1,0.580489756309603,50
3191,1,4740,4740,0,0,0,0,1.0,1.0,1.0,1.0,1.0,1,0.6036999018668464,49
3192,0,4740,4740,0,0,0,0,1.0,1.0,1.0,1.0,1.0,1,0.6036999018668464,49
3193,0,4740,4740,0,0,0,0,1.0,1.0,1.0,1.0,1.0,1,0.6013246501375665,49
3194,0,4740,4740,0,0,0,0,1.0,1.0,1.0,1.0,1.0,1,0.6071742982299162,50
3195,0,4740,4740,0,0,0,0,1.0,1.0,1.0,1.0,1.0,1,0.6164256225396202,49
3196,0,4740,4740,0,0,0,0,1.0,1.0,1.0,1.0,1.0,1,0.6164256225396202,49
3197,0,4740,4740,0,0,0,0,1.0,1.0,1.0,1.0,1.0,1,0.6054613129352285,50
3198,0,4740,4740,0,0,0,0,1.0,1.0,1.0,1.0,1.0,1,0.6054613129352285,50
3199,4,4744,4744,0,0,0,0,1.0,1.0,1.0,1.0,1.0,1,0.5873221229229926,52
3200,3,4747,4747,0,0,0,0,1.0,1.0,1.0,1.0,1.0,1,0.5942454483787564,53
3201,4,4751,4751,0,0,0,0,1.0,1.0,1.0,1.0,1.0,1,0.6085028341952483,55
3202,1,4752,4752,0,0,0,0,1.0,1.0,1.0,1.0,1.0,1,0.6051995250394877,55
3203,0,4752,4752,0,0,0,0,1.0,1.0,1.0,1.0,1.0,1,0.5921867667430141,53
3204,0,4752,4752,0,0,0,0,1.0,1.0,1.0,1.0,1.0,1,0.5896554030486973,53
3205,3,4755,4755,0,0,0,0,1.0,1.0,1.0,1.0,1.0,1,0.6096036167611545,53
3206,0,4755,4755,0,0,0,0,1.0,1.0,1.0,1.0,1.0,1,0.6039176757677007,52
3207,3,4758,4758,0,0,0,0,1.0,1.0,1.0,1.0,1.0,1,0.6248192641197574,53
3208,0,4758,4758,0,0,0,0,1.0,1.0,1.0,1.0,1.0,1,0.632904267546159,51
3209,2,4760,4760,0,0,0,0,1.0,1.0,1.0,1.0,1.0,1,0.6623821219309176,52
3210,0,4760,4760,0,0,0,0,1.0,1.0,1.0,1.0,1.0,1,0.6576431985480177,49
3211,3,4763,4763,0,0,0,0,1.0,1.0,1.0,1.0,1.0,1,0.6582918507300176,48
3212,0,4763,4763,0,0,0,0,1.0,1.0,1.0,1.0,1.0,1,0.6582460685377656,48
3213,3,4766,4766,0,0,0,0,1.0,1.0,1.0,1.0,1.0,1,0.6337838758471496,49
3214,2,4768,4768,0,0,0,0,1.0,1.0,1.0,1.0,1.0,1,0.6356906985826815,51
3215,0,4768,4768,0,0,0,0,1.0,1.0,1.0,1.0,1.0,1,0.6356906985826815,51
3216,2,4770,4770,0,0,0,0,1.0,1.0,1.0,1.0,1.0,1,0.6423962045840036,51
3217,1,4771,4771,0,0,0,0,1.0,1.0,1.0,1.0,1.0,1,0.6550916577790541,51
3218,0,4771,4771,0,0,0,0,1.0,1.0,1.0,1.0,1.0,1,0.6550916577790541,51
3219,1,4772,4772,0,0,0,0,1.0,1.0,1.0,1.0,1.0,1,0.648534661479756,52
3220,0,4772,4772,0,0,0,0,1.0,1.0,1.0,1.0,1.0,1,0.648534661479756,52
3221,0,4772,4772,0,0,0,0,1.0,1.0,1.0,1.0,1.0,1,0.6376516131938447,54
3222,0,4772,4772,0,0,0,0,1.0,1.0,1.0,1.0,1.0,1,0.638046312424358,54
3223,0,4772,4772,0,0,0,0,1.0,1.0,1.0,1.0,1.0,1,0.641969840562909,56
3224,1,4773,4773,0,0,0,0,1.0,1.0,1.0,1.0,1.0,1,0.6384343095235733,57
3225,0,4773,4773,0,0,0,0,1.0,1.0,1.0,1.0,1.0,1,0.6390228090906683,58
3226,0,4773,4773,0,0,0,0,1.0,1.0,1.0,1.0,1.0,1,0.6390228090906683,58
3227,0,4773,4773,0,0,0,0,1.0,1.0,1.0,1.0,1.0,1,0.6390228090906683,58
3228,0,4773,4773,0,0,0,0,1.0,1.0,1.0,1.0,1.0,1,0.6390228090906683,58
3229,1,4774,4774,0,0,0,0,1.0,1.0,1.0,1.0,1.0,1,0.656736169368513,60
3230,0,4774,4774,0,0,0,0,1.0,1.0,1.0,1.0,1.0,1,0.6516073463231734,61
3231,0,4774,4774,0,0,0,0,1.0,1.0,1.0,1.0,1.0,1,0.6516073463231734,61
3232,0,4774,4774,0,0,0,0,1.0,1.0,1.0,1.0,1.0,1,0.6516073463231734,61
3233,0,4774,4774,0,0,0,0,1.0,1.0,1.0,1.0,1.0,1,0.6475661484469502,63
3234,0,4774,4774,0,0,0,0,1.0,1.0,1.0,1.0,1.0,1,0.6477848722800849,64
3235,0,4774,4774,0,0,0,0,1.0,1.0,1.0,1.0,1.0,1,0.6432809986901328,65
3236,0,4774,4774,0,0,0,0,1.0,1.0,1.0,1.0,1.0,1,0.6459427304652278,66
3237,0,4774,4774,0,0,0,0,1.0,1.0,1.0,1.0,1.0,1,0.637686075181251,67
3238,1,4775,4775,0,0,0,0,1.0,1.0,1.0,1.0,1.0,1,0.6459042866481902,67
3239,3,4778,4778,0,0,0,0,1.0,1.0,1.0,1.0,1.0,1,0.6593927627379453,69
3240,2,4780,4780,0,0,0,0,1.0,1.0,1.0,1.0,1.0,1,0.6717392912882171,69
3241,2,4782,4782,0,0,0,0,1.0,1.0,1.0,1.0,1.0,1,0.6637764260756438,68
3242,2,4784,4784,0,0,0,0,1.0,1.0,1.0,1.0,1.0,1,0.6744751650310581,67
3243,3,4787,4787,0,0,0,0,1.0,1.0,1.0,1.0,1.0,1,0.6753833057753896,68
3244,0,4787,4787,0,0,0,0,1.0,1.0,1.0,1.0,1.0,1,0.6575697109034915,68
3245,0,4787,4787,0,0,0,0,1.0,1.0,1.0,1.0,1.0,1,0.6618873040365305,69
3246,1,4788,4788,0,0,0,0,1.0,1.0,1.0,1.0,1.0,1,0.6649021625720508,68
3247,0,4788,4788,0,0,0,0,1.0,1.0,1.0,1.0,1.0,1,0.6649021625720508,68
3248,2,4790,4790,0,0,0,0,1.0,1.0,1.0,1.0,1.0,1,0.6761907733917385,68
3249,0,4790,4790,0,0,0,0,1.0,1.0,1.0,1.0,1.0,1,0.6783743329108204,69
3250,1,4791,4791,0,0,0,0,1.0,1.0,1.0,1.0,1.0,1,0.6749658616848554,69
3251,3,4794,4794,0,0,0,0,1.0,1.0,1.0,1.0,1.0,1,0.6881635754397472,68
3252,1,4795,4795,0,0,0,0,1.0,1.0,1.0,1.0,1.0,1,0.6748365149910893,68
3253,0,4795,4795,0,0,0,0,1.0,1.0,1.0,1.0,1.0,1,0.6789419094877424,69
3254,3,4798,4798,0,0,0,0,1.0,1.0,1.0,1.0,1.0,1,0.6704195407250618,69
3255,0,4798,4798,0,0,0,0,1.0,1.0,1.0,1.0,1.0,1,0.6740302990213034,70
3256,2,4800,4800,0,0,0,0,1.0,1.0,1.0,1.0,1.0,1,0.6651523313135244,70
3257,3,4803,4803,0,0,0,0,1.0,1.0,1.0,1.0,1.0,1,0.6545590136819097,71
3258,1,4804,4804,0,0,0,0,1.0,1.0,1.0,1.0,1.0,1,0.6408566014304651,72
3259,3,4807,4807,0,0,0,0,1.0,1.0,1.0,1.0,1.0,1,0.6337366031111217,71
3260,1,4808,4808,0,0,0,0,1.0,1.0,1.0,1.0,1.0,1,0.6414110165741391,72
3261,2,4810,4810,0,0,0,0,1.0,1.0,1.0,1.0,1.0,1,0.6296847331439904,74
3262,4,4814,4814,0,0,0,0,1.0,1.0,1.0,1.0,1.0,1,0.616044414437009,73
3263,3,4817,4817,0,0,0,0,1.0,1.0,1.0,1.0,1.0,1,0.6023395896747866,73
3264,3,4820,4820,0,0,0,0,1.0,1.0,1.0,1.0,1.0,1,0.6178657005269539,71
3265,2,4822,4822,0,0,0,0,1.0,1.0,1.0,1.0,1.0,1,0.6035145768223085,70
3266,3,4825,4825,0,0,0,0,1.0,1.0,1.0,1.0,1.0,1,0.629398460132047,69
3267,2,4827,4827,0,0,0,0,1.0,1.0,1.0,1.0,1.0,1,0.634111826534731,69
3268,3,4830,4830,0,0,0,0,1.0,1.0,1.0,1.0,1.0,1,0.6371076088830093,68
3269,3,4833,4833,0,0,0,0,1.0,1.0,1.0,1.0,1.0,1,0.6547969755591794,68
3270,1,4834,4834,0,0,0,0,1.0,1.0,1.0,1.0,1.0,1,0.6473772891793877,67
3271,1,4835,4835,0,0,0,0,1.0,1.0,1.0,1.0,1.0,1,0.6494345133121296,66
3272,2,4837,4837,0,0,0,0,1.0,1.0,1.0,1.0,1.0,1,0.6394215935973744,67
3273,0,4837,4837,0,0,0,0,1.0,1.0,1.0,1.0,1.0,1,0.6486372040354461,66
3274,1,4838,4838,0,0,0,0,1.0,1.0,1.0,1.0,1.0,1,0.6467795469738264,68
3275,0,4838,4838,0,0,0,0,1.0,1.0,1.0,1.0,1.0,1,0.6467795469738264,68
3276,1,4839,4839,0,0,0,0,1.0,1.0,1.0,1.0,1.0,1,0.648312922405942,69
3277,1,4840,4840,0,0,0,0,1.0,1.0,1.0,1.0,1.0,1,0.65072049882935,68
3278,2,4842,4842,0,0,0,0,1.0,1.0,1.0,1.0,1.0,1,0.6639537884881356,69
3279,1,4843,4843,0,0,0,0,1.0,1.0,1.0,1.0,1.0,1,0.653239649626869,67
3280,2,4845,4845,0,0,0,0,1.0,1.0,1.0,1.0,1.0,1,0.6644346105378328,66
3281,3,4848,4848,0,0,0,0,1.0,1.0,1.0,1.0,1.0,1,0.6729033238091882,67
3282,0,4848,4848,0,0,0,0,1.0,1.0,1.0,1.0,1.0,1,0.670487794619047,66
3283,6,4854,4854,0,0,0,0,1.0,1.0,1.0,1.0,1.0,1,0.6858406918026622,67
3284,3,4857,4857,0,0,0,0,1.0,1.0,1.0,1.0,1.0,1,0.6550351851319034,66
3285,1,4858,4858,0,0,0,0,1.0,1.0,1.0,1.0,1.0,1,0.6649233064063778,66
3286,1,4859,4859,0,0,0,0,1.0,1.0,1.0,1.0,1.0,1,0.6576602849917964,63
3287,1,4860,4860,0,0,0,0,1.0,1.0,1.0,1.0,1.0,1,0.660499714824001,61
3288,3,4863,4863,0,0,0,0,1.0,1.0,1.0,1.0,1.0,1,0.6397134907843647,63
3289,1,4864,4864,0,0,0,0,1.0,1.0,1.0,1.0,1.0,1,0.6536770067135409,62
3290,0,4864,4864,0,0,0,0,1.0,1.0,1.0,1.0,1.0,1,0.64717654366849,63
3291,1,4865,4865,0,0,0,0,1.0,1.0,1.0,1.0,1.0,1,0.65177959136131,62
3292,1,4866,4866,0,0,0,0,1.0,1.0,1.0,1.0,1.0,1,0.665841264823742,63
3293,4,4870,4870,0,0,0,0,1.0,1.0,1.0,1.0,1.0,1,0.6779379546162697,65
3294,0,4870,4870,0,0,0,0,1.0,1.0,1.0,1.0,1.0,1,0.6779379546162697,65
3295,2,4872,4872,0,0,0,0,1.0,1.0,1.0,1.0,1.0,1,0.6844636106911081,65
3296,0,4872,4872,0,0,0,0,1.0,1.0,1.0,1.0,1.0,1,0.6844636106911081,65
3297,1,4873,4873,0,0,0,0,1.0,1.0,1.0,1.0,1.0,1,0.6779178317232887,66
3298,3,4876,4876,0,0,0,0,1.0,1.0,1.0,1.0,1.0,1,0.6602262274927556,66
3299,1,4877,4877,0,0,0,0,1.0,1.0,1.0,1.0,1.0,1,0.6604035344983102,67
3300,1,4878,4878,0,0,0,0,1.0,1.0,1.0,1.0,1.0,1,0.646298605417194,67
3301,0,4878,4878,0,0,0,0,1.0,1.0,1.0,1.0,1.0,1,0.6490534400137239,68
3302,0,4878,4878,0,0,0,0,1.0,1.0,1.0,1.0,1.0,1,0.6558474140878984,67
3303,1,4879,4879,0,0,0,0,1.0,1.0,1.0,1.0,1.0,1,0.6638078502431715,67
3304,1,4880,4880,0,0,0,0,1.0,1.0,1.0,1.0,1.0,1,0.6621224467347432,67
3305,0,4880,4880,0,0,0,0,1.0,1.0,1.0,1.0,1.0,1,0.6668744917813293,69
3306,1,4881,4881,0,0,0,0,1.0,1.0,1.0,1.0,1.0,1,0.6531040945856422,70
3307,0,4881,4881,0,0,0,0,1.0,1.0,1.0,1.0,1.0,1,0.6531040945856422,70
3308,1,4882,4882,0,0,0,0,1.0,1.0,1.0,1.0,1.0,1,0.6502081833914598,70
3309,0,4882,4882,0,0,0,0,1.0,1.0,1.0,1.0,1.0,1,0.6532916168503682,72
3310,1,4883,4883,0,0,0,0,1.0,1.0,1.0,1.0,1.0,1,0.6560506450068346,74
3311,1,4884,4884,0,0,0,0,1.0,1.0,1.0,1.0,1.0,1,0.6538503640356675,74
3312,2,4886,4886,0,0,0,0,1.0,1.0,1.0,1.0,1.0,1,0.6471747494933405,74
3313,0,4886,4886,0,0,0,0,1.0,1.0,1.0,1.0,1.0,1,0.647705271748394,75
3314,4,4890,4890,0,0,0,0,1.0,1.0,1.0,1.0,1.0,1,0.6528528993709832,76
3315,0,4890,4890,0,0,0,0,1.0,1.0,1.0,1.0,1.0,1,0.6599337930873915,75
3316,4,4894,4894,0,0,0,0,1.0,1.0,1.0,1.0,1.0,1,0.652827648494167,76
3317,2,4896,4896,0,0,0,0,1.0,1.0,1.0,1.0,1.0,1,0.6691494623160522,73
3318,4,4900,4900,0,0,0,0,1.0,1.0,1.0,1.0,1.0,1,0.6918734986297962,72
3319,2,4902,4902,0,0,0,0,1.0,1.0,1.0,1.0,1.0,1,0.7025769001714006,71
3320,4,4906,4906,0,0,0,0,1.0,1.0,1.0,1.0,1.0,1,0.6968473341598667,70
3321,1,4907,4907,0,0,0,0,1.0,1.0,1.0,1.0,1.0,1,0.7092485863591373,69
3322,3,4910,4910,0,0,0,0,1.0,1.0,1.0,1.0,1.0,1,0.718442511421754,68
3323,1,4911,4911,0,0,0,0,1.0,1.0,1.0,1.0,1.0,1,0.7207575042750428,69
3324,1,4912,4912,0,0,0,0,1.0,1.0,1.0,1.0,1.0,1,0.7140560951182557,69
3325,1,4913,4913,0,0,0,0,1.0,1.0,1.0,1.0,1.0,1,0.7188350519567793,70
3326,1,4914,4914,0,0,0,0,1.0,1.0,1.0,1.0,1.0,1,0.7025824761208976,69
3327,1,4915,4915,0,0,0,0,1.0,1.0,1.0,1.0,1.0,1,0.703312359201748,70
3328,2,4917,4917,0,0,0,0,1.0,1.0,1.0,1.0,1.0,1,0.7016560203555182,73
3329,1,4918,4918,0,0,0,0,1.0,1.0,1.0,1.0,1.0,1,0.7128924843701188,72
3330,1,4919,4919,0,0,0,0,1.0,1.0,1.0,1.0,1.0,1,0.7160409994795723,72
3331,1,4920,4920,0,0,0,0,1.0,1.0,1.0,1.0,1.0,1,0.6996823526207503,72
3332,0,4920,4920,0,0,0,0,1.0,1.0,1.0,1.0,1.0,1,0.6993625485083658,73
3333,1,4921,4921,0,0,0,0,1.0,1.0,1.0,1.0,1.0,1,0.6909150346239741,72
3334,1,4922,4922,0,0,0,0,1.0,1.0,1.0,1.0,1.0,1,0.6775792048720215,73
3335,1,4923,4923,0,0,0,0,1.0,1.0,1.0,1.0,1.0,1,0.6731804586279645,74
3336,0,4923,4923,0,0,0,0,1.0,1.0,1.0,1.0,1.0,1,0.6731804586279645,74
3337,2,4925,4925,0,0,0,0,1.0,1.0,1.0,1.0,1.0,1,0.6648282383566754,74
3338,2,4927,4927,0,0,0,0,1.0,1.0,1.0,1.0,1.0,1,0.644169650726685,74
3339,2,4929,4929,0,0,0,0,1.0,1.0,1.0,1.0,1.0,1,0.6290881260474115,75
3340,1,4930,4930,0,0,0,0,1.0,1.0,1.0,1.0,1.0,1,0.6195756097793368,75
3341,2,4932,4932,0,0,0,0,1.0,1.0,1.0,1.0,1.0,1,0.60252900344233,76
3342,3,4935,4935,0,0,0,0,1.0,1.0,1.0,1.0,1.0,1,0.6009465341425904,76
3343,4,4939,4939,0,0,0,0,1.0,1.0,1.0,1.0,1.0,1,0.5822385707870381,75
3344,2,4941,4941,0,0,0,0,1.0,1.0,1.0,1.0,1.0,1,0.5939404245905615,75
3345,3,4944,4944,0,0,0,0,1.0,1.0,1.0,1.0,1.0,1,0.5918657432880469,72
3346,3,4947,4947,0,0,0,0,1.0,1.0,1.0,1.0,1.0,1,0.5987749134750857,73
3347,4,4951,4951,0,0,0,0,1.0,1.0,1.0,1.0,1.0,1,0.5956599331654188,73
3348,3,4954,4954,0,0,0,0,1.0,1.0,1.0,1.0,1.0,1,0.6010814125959509,73
3349,2,4956,4956,0,0,0,0,1.0,1.0,1.0,1.0,1.0,1,0.602215655068006,74
3350,1,4957,4957,0,0,0,0,1.0,1.0,1.0,1.0,1.0,1,0.5930431730963277,73
3351,0,4957,4957,0,0,0,0,1.0,1.0,1.0,1.0,1.0,1,0.5981118187701232,72
3352,4,4961,4961,0,0,0,0,1.0,1.0,1.0,1.0,1.0,1,0.614903877985271,72
3353,1,4962,4962,0,0,0,0,1.0,1.0,1.0,1.0,1.0,1,0.6306357430807034,72
3354,4,4966,4966,0,0,0,0,1.0,1.0,1.0,1.0,1.0,1,0.65690319108862,70
3355,2,4968,4968,0,0,0,0,1.0,1.0,1.0,1.0,1.0,1,0.6632765739260144,69
3356,3,4971,4971,0,0,0,0,1.0,1.0,1.0,1.0,1.0,1,0.6478115738600602,69
3357,0,4971,4971,0,0,0,0,1.0,1.0,1.0,1.0,1.0,1,0.6466432737418752,68
3358,3,4974,4974,0,0,0,0,1.0,1.0,1.0,1.0,1.0,1,0.6615128440422468,68
3359,1,4975,4975,0,0,0,0,1.0,1.0,1.0,1.0,1.0,1,0.6740830769216581,66
3360,1,4976,4976,0,0,0,0,1.0,1.0,1.0,1.0,1.0,1,0.6809048203659127,65
3361,0,4976,4976,0,0,0,0,1.0,1.0,1.0,1.0,1.0,1,0.6789393788639,64
3362,0,4976,4976,0,0,0,0,1.0,1.0,1.0,1.0,1.0,1,0.6789393788639,64
3363,1,4977,4977,0,0,0,0,1.0,1.0,1.0,1.0,1.0,1,0.6817045190293366,65
3364,0,4977,4977,0,0,0,0,1.0,1.0,1.0,1.0,1.0,1,0.6778769205529143,66
3365,0,4977,4977,0,0,0,0,1.0,1.0,1.0,1.0,1.0,1,0.6809930953956579,68
3366,1,4978,4978,0,0,0,0,1.0,1.0,1.0,1.0,1.0,1,0.683405633960385,66
3367,0,4978,4978,0,0,0,0,1.0,1.0,1.0,1.0,1.0,1,0.6864238516057989,68
3368,2,4980,4980,0,0,0,0,1.0,1.0,1.0,1.0,1.0,1,0.681427908635628,68
3369,0,4980,4980,0,0,0,0,1.0,1.0,1.0,1.0,1.0,1,0.6850187216466256,69
3370,0,4980,4980,0,0,0,0,1.0,1.0,1.0,1.0,1.0,1,0.67120079418631,71
3371,3,4983,4983,0,0,0,0,1.0,1.0,1.0,1.0,1.0,1,0.6696519685443078,71
3372,3,4986,4986,0,0,0,0,1.0,1.0,1.0,1.0,1.0,1,0.6878857089514374,71
3373,1,4987,4987,0,0,0,0,1.0,1.0,1.0,1.0,1.0,1,0.6908196685892182,72
3374,2,4989,4989,0,0,0,0,1.0,1.0,1.0,1.0,1.0,1,0.6814606427224612,72
3375,0,4989,4989,0,0,0,0,1.0,1.0,1.0,1.0,1.0,1,0.681292466941502,73
3376,0,4989,4989,0,0,0,0,1.0,1.0,1.0,1.0,1.0,1,0.6719089189069011,75
3377,1,4990,4990,0,0,0,0,1.0,1.0,1.0,1.0,1.0,1,0.6588302833069695,77
3378,3,4993,4993,0,0,0,0,1.0,1.0,1.0,1.0,1.0,1,0.6410842349143372,77
3379,0,4993,4993,0,0,0,0,1.0,1.0,1.0,1.0,1.0,1,0.6410842349143372,77
3380,2,4995,4995,0,0,0,0,1.0,1.0,1.0,1.0,1.0,1,0.6276050719829948,76
3381,1,4996,4996,0,0,0,0,1.0,1.0,1.0,1.0,1.0,1,0.630879038338679,76
3382,3,4999,4999,0,0,0,0,1.0,1.0,1.0,1.0,1.0,1,0.6364406980408525,78
3383,2,5001,5001,0,0,0,0,1.0,1.0,1.0,1.0,1.0,1,0.6320722235164553,77
3384,2,5003,5003,0,0,0,0,1.0,1.0,1.0,1.0,1.0,1,0.6468726227380729,77
3385,1,5004,5004,0,0,0,0,1.0,1.0,1.0,1.0,1.0,1,0.6572369715078686,75
3386,1,5005,5005,0,0,0,0,1.0,1.0,1.0,1.0,1.0,1,0.6563331391697886,76
3387,2,5007,5007,0,0,0,0,1.0,1.0,1.0,1.0,1.0,1,0.6504572541318239,75
3388,1,5008,5008,0,0,0,0,1.0,1.0,1.0,1.0,1.0,1,0.6474039692829092,76
3389,2,5010,5010,0,0,0,0,1.0,1.0,1.0,1.0,1.0,1,0.6563702343259253,77
3390,1,5011,5011,0,0,0,0,1.0,1.0,1.0,1.0,1.0,1,0.6528418350843773,76
3391,3,5014,5014,0,0,0,0,1.0,1.0,1.0,1.0,1.0,1,0.6655944743363236,77
3392,0,5014,5014,0,0,0,0,1.0,1.0,1.0,1.0,1.0,1,0.6659350247261497,78
3393,1,5015,5015,0,0,0,0,1.0,1.0,1.0,1.0,1.0,1,0.6744926592184136,76
3394,0,5015,5015,0,0,0,0,1.0,1.0,1.0,1.0,1.0,1,0.6770559293917197,75
3395,2,5017,5017,0,0,0,0,1.0,1.0,1.0,1.0,1.0,1,0.6705007896619529,73
3396,2,5019,5019,0,0,0,0,1.0,1.0,1.0,1.0,1.0,1,0.6637500810647566,73
3397,2,5021,5021,0,0,0,0,1.0,1.0,1.0,1.0,1.0,1,0.6651011462782804,74
3398,1,5022,5022,0,0,0,0,1.0,1.0,1.0,1.0,1.0,1,0.6685098088237157,74
3399,2,5024,5024,0,0,0,0,1.0,1.0,1.0,1.0,1.0,1,0.6794958357531555,75
3400,1,5025,5025,0,0,0,0,1.0,1.0,1.0,1.0,1.0,1,0.6855610171125531,75
3401,1,5026,5026,0,0,0,0,1.0,1.0,1.0,1.0,1.0,1,0.6786751714825779,77
3402,1,5027,5027,0,0,0,0,1.0,1.0,1.0,1.0,1.0,1,0.6839354276859302,77
3403,1,5028,5028,0,0,0,0,1.0,1.0,1.0,1.0,1.0,1,0.6928306718008512,78
3404,2,5030,5030,0,0,0,0,1.0,1.0,1.0,1.0,1.0,1,0.6965168784183712,78
3405,0,5030,5030,0,0,0,0,1.0,1.0,1.0,1.0,1.0,1,0.6965168784183712,78
3406,0,5030,5030,0,0,0,0,1.0,1.0,1.0,1.0,1.0,1,0.6965168784183712,78
3407,2,5032,5032,0,0,0,0,1.0,1.0,1.0,1.0,1.0,1,0.6880914484239357,78
3408,1,5033,5033,0,0,0,0,1.0,1.0,1.0,1.0,1.0,1,0.6815099875673964,79
3409,0,5033,5033,0,0,0,0,1.0,1.0,1.0,1.0,1.0,1,0.6743053133087703,81
3410,1,5034,5034,0,0,0,0,1.0,1.0,1.0,1.0,1.0,1,0.6731707344053688,82
3411,0,5034,5034,0,0,0,0,1.0,1.0,1.0,1.0,1.0,1,0.6632458917709557,84
3412,2,5036,5036,0,0,0,0,1.0,1.0,1.0,1.0,1.0,1,0.667242547844838,84
3413,0,5036,5036,0,0,0,0,1.0,1.0,1.0,1.0,1.0,1,0.667242547844838,84
3414,1,5037,5037,0,0,0,0,1.0,1.0,1.0,1.0,1.0,1,0.6697912392458072,84
3415,0,5037,5037,0,0,0,0,1.0,1.0,1.0,1.0,1.0,1,0.6659440660655549,85
3416,2,5039,5039,0,0,0,0,1.0,1.0,1.0,1.0,1.0,1,0.6672606273811756,85
3417,2,5041,5041,0,0,0,0,1.0,1.0,1.0,1.0,1.0,1,0.6625460847903868,86
3418,1,5042,5042,0,0,0,0,1.0,1.0,1.0,1.0,1.0,1,0.6664496988237838,86
3419,0,5042,5042,0,0,0,0,1.0,1.0,1.0,1.0,1.0,1,0.6664530334107684,87
3420,1,5043,5043,0,0,0,0,1.0,1.0,1.0,1.0,1.0,1,0.6661208131055559,88
3421,1,5044,5044,0,0,0,0,1.0,1.0,1.0,1.0,1.0,1,0.6689986566837035,89
3422,0,5044,5044,0,0,0,0,1.0,1.0,1.0,1.0,1.0,1,0.6689646522056137,90
3423,2,5046,5046,0,0,0,0,1.0,1.0,1.0,1.0,1.0,1,0.6773479537079913,90
3424,2,5048,5048,0,0,0,0,1.0,1.0,1.0,1.0,1.0,1,0.6662233116267856,91
3425,2,5050,5050,0,0,0,0,1.0,1.0,1.0,1.0,1.0,1,0.6667947396242907,90
3426,1,5051,5051,0,0,0,0,1.0,1.0,1.0,1.0,1.0,1,0.659445562676079,92
3427,1,5052,5052,0,0,0,0,1.0,1.0,1.0,1.0,1.0,1,0.6626992742139658,92
3428,0,5052,5052,0,0,0,0,1.0,1.0,1.0,1.0,1.0,1,0.6658547375267156,91
3429,1,5053,5053,0,0,0,0,1.0,1.0,1.0,1.0,1.0,1,0.6687563430364907,91
3430,2,5055,5055,0,0,0,0,1.0,1.0,1.0,1.0,1.0,1,0.671686826616495,91
3431,1,5056,5056,0,0,0,0,1.0,1.0,1.0,1.0,1.0,1,0.6744262679492569,90
3432,1,5057,5057,0,0,0,0,1.0,1.0,1.0,1.0,1.0,1,0.6694787115390883,91
3433,1,5058,5058,0,0,0,0,1.0,1.0,1.0,1.0,1.0,1,0.6720360800515012,90
3434,2,5060,5060,0,0,0,0,1.0,1.0,1.0,1.0,1.0,1,0.6684579152540531,89
3435,2,5062,5062,0,0,0,0,1.0,1.0,1.0,1.0,1.0,1,0.67363608635977,88
3436,1,5063,5063,0,0,0,0,1.0,1.0,1.0,1.0,1.0,1,0.6692620986340926,86
3437,2,5065,5065,0,0,0,0,1.0,1.0,1.0,1.0,1.0,1,0.6637764305956301,86
3438,2,5067,5067,0,0,0,0,1.0,1.0,1.0,1.0,1.0,1,0.6574323836947188,87
3439,2,5069,5069,0,0,0,0,1.0,1.0,1.0,1.0,1.0,1,0.6698742420879317,86
3440,2,5071,5071,0,0,0,0,1.0,1.0,1.0,1.0,1.0,1,0.6661821332269072,86
3441,0,5071,5071,0,0,0,0,1.0,1.0,1.0,1.0,1.0,1,0.6661764357179074,85
3442,1,5072,5072,0,0,0,0,1.0,1.0,1.0,1.0,1.0,1,0.6629242569951924,85
3443,0,5072,5072,0,0,0,0,1.0,1.0,1.0,1.0,1.0,1,0.665955009579386,85
3444,1,5073,5073,0,0,0,0,1.0,1.0,1.0,1.0,1.0,1,0.6611987658009292,85
3445,2,5075,5075,0,0,0,0,1.0,1.0,1.0,1.0,1.0,1,0.673306310445382,84
3446,2,5077,5077,0,0,0,0,1.0,1.0,1.0,1.0,1.0,1,0.6740625953156488,85
3447,1,5078,5078,0,0,0,0,1.0,1.0,1.0,1.0,1.0,1,0.679062883174902,85
3448,1,5079,5079,0,0,0,0,1.0,1.0,1.0,1.0,1.0,1,0.6843821711027647,85
3449,1,5080,5080,0,0,0,0,1.0,1.0,1.0,1.0,1.0,1,0.6933408330233618,84
3450,2,5082,5082,0,0,0,0,1.0,1.0,1.0,1.0,1.0,1,0.6988123603422635,84
3451,2,5084,5084,0,0,0,0,1.0,1.0,1.0,1.0,1.0,1,0.7072171645946477,85
3452,2,5086,5086,0,0,0,0,1.0,1.0,1.0,1.0,1.0,1,0.7084352319256116,86
3453,0,5086,5086,0,0,0,0,1.0,1.0,1.0,1.0,1.0,1,0.7062173334997001,85
3454,0,5086,5086,0,0,0,0,1.0,1.0,1.0,1.0,1.0,1,0.6920663256857382,88
3455,2,5088,5088,0,0,0,0,1.0,1.0,1.0,1.0,1.0,1,0.6948474959555774,88
3456,0,5088,5088,0,0,0,0,1.0,1.0,1.0,1.0,1.0,1,0.6948474959555774,88
3457,0,5088,5088,0,0,0,0,1.0,1.0,1.0,1.0,1.0,1,0.69458977597802,89
3458,2,5090,5090,0,0,0,0,1.0,1.0,1.0,1.0,1.0,1,0.6827209328856367,88
3459,0,5090,5090,0,0,0,0,1.0,1.0,1.0,1.0,1.0,1,0.6827209328856367,88
3460,3,5093,5093,0,0,0,0,1.0,1.0,1.0,1.0,1.0,1,0.6563123390648402,89
3461,1,5094,5094,0,0,0,0,1.0,1.0,1.0,1.0,1.0,1,0.6527104021861663,89
3462,1,5095,5095,0,0,0,0,1.0,1.0,1.0,1.0,1.0,1,0.655042719502996,90
3463,3,5098,5098,0,0,0,0,1.0,1.0,1.0,1.0,1.0,1,0.6425037528348607,89
3464,2,5100,5100,0,0,0,0,1.0,1.0,1.0,1.0,1.0,1,0.64734786738522,88
3465,0,5100,5100,0,0,0,0,1.0,1.0,1.0,1.0,1.0,1,0.6578996396078834,87
3466,5,5105,5105,0,0,0,0,1.0,1.0,1.0,1.0,1.0,1,0.6683621447293037,87
3467,0,5105,5105,0,0,0,0,1.0,1.0,1.0,1.0,1.0,1,0.6673795211505769,87
3468,5,5110,5110,0,0,0,0,1.0,1.0,1.0,1.0,1.0,1,0.6675394521920088,88
3469,2,5112,5112,0,0,0,0,1.0,1.0,1.0,1.0,1.0,1,0.6832740232297303,85
3470,3,5115,5115,0,0,0,0,1.0,1.0,1.0,1.0,1.0,1,0.6743122921345432,86
3471,3,5118,5118,0,0,0,0,1.0,1.0,1.0,1.0,1.0,1,0.6928050191263526,84
3472,3,5121,5121,0,0,0,0,1.0,1.0,1.0,1.0,1.0,1,0.6887659061267212,83
3473,1,5122,5122,0,0,0,0,1.0,1.0,1.0,1.0,1.0,1,0.6934533904618034,81
3474,1,5123,5123,0,0,0,0,1.0,1.0,1.0,1.0,1.0,1,0.6864168460285767,80
3475,3,5126,5126,0,0,0,0,1.0,1.0,1.0,1.0,1.0,1,0.6958497705186583,82
3476,1,5127,5127,0,0,0,0,1.0,1.0,1.0,1.0,1.0,1,0.6887440242781615,81
3477,3,5130,5130,0,0,0,0,1.0,1.0,1.0,1.0,1.0,1,0.6973519904629158,83
3478,1,5131,5131,0,0,0,0,1.0,1.0,1.0,1.0,1.0,1,0.6974991836650091,83
3479,2,5133,5133,0,0,0,0,1.0,1.0,1.0,1.0,1.0,1,0.7055020531304028,83
3480,1,5134,5134,0,0,0,0,1.0,1.0,1.0,1.0,1.0,1,0.7081562695951394,83
3481,1,5135,5135,0,0,0,0,1.0,1.0,1.0,1.0,1.0,1,0.7038109738095034,83
3482,1,5136,5136,0,0,0,0,1.0,1.0,1.0,1.0,1.0,1,0.7056031093391341,83
3483,1,5137,5137,0,0,0,0,1.0,1.0,1.0,1.0,1.0,1,0.7127086735605511,82
3484,0,5137,5137,0,0,0,0,1.0,1.0,1.0,1.0,1.0,1,0.7127086735605511,82
3485,1,5138,5138,0,0,0,0,1.0,1.0,1.0,1.0,1.0,1,0.7101886646498555,83
3486,0,5138,5138,0,0,0,0,1.0,1.0,1.0,1.0,1.0,1,0.7101886646498555,83
3487,0,5138,5138,0,0,0,0,1.0,1.0,1.0,1.0,1.0,1,0.7098521616765464,84
3488,2,5140,5140,0,0,0,0,1.0,1.0,1.0,1.0,1.0,1,0.6983086183278003,84
3489,0,5140,5140,0,0,0,0,1.0,1.0,1.0,1.0,1.0,1,0.6983086183278003,84
3490,1,5141,5141,0,0,0,0,1.0,1.0,1.0,1.0,1.0,1,0.6929707276336116,84
3491,1,5142,5142,0,0,0,0,1.0,1.0,1.0,1.0,1.0,1,0.6809308159108804,86
3492,2,5144,5144,0,0,0,0,1.0,1.0,1.0,1.0,1.0,1,0.6720631564858546,86
3493,2,5146,5146,0,0,0,0,1.0,1.0,1.0,1.0,1.0,1,0.6715420843147749,86
3494,0,5146,5146,0,0,0,0,1.0,1.0,1.0,1.0,1.0,1,0.6715420843147749,86
3495,2,5148,5148,0,0,0,0,1.0,1.0,1.0,1.0,1.0,1,0.6589451759737877,87
3496,1,5149,5149,0,0,0,0,1.0,1.0,1.0,1.0,1.0,1,0.6628257423460592,88
3497,4,5153,5153,0,0,0,0,1.0,1.0,1.0,1.0,1.0,1,0.658442183386796,89
3498,2,5155,5155,0,0,0,0,1.0,1.0,1.0,1.0,1.0,1,0.6478727976626242,89
3499,0,5155,5155,0,0,0,0,1.0,1.0,1.0,1.0,1.0,1,0.6465983767573725,91
3500,3,5158,5158,0,0,0,0,1.0,1.0,1.0,1.0,1.0,1,0.6374967827109508,90
3501,1,5159,5159,0,0,0,0,1.0,1.0,1.0,1.0,1.0,1,0.6338376231385586,90
3502,3,5162,5162,0,0,0,0,1.0,1.0,1.0,1.0,1.0,1,0.6150515528929607,91
3503,2,5164,5164,0,0,0,0,1.0,1.0,1.0,1.0,1.0,1,0.6305415128568933,91
3504,4,5168,5168,0,0,0,0,1.0,1.0,1.0,1.0,1.0,1,0.6304919252942285,89
3505,6,5174,5174,0,0,0,0,1.0,1.0,1.0,1.0,1.0,1,0.6255529856378426,87
3506,3,5177,5177,0,0,0,0,1.0,1.0,1.0,1.0,1.0,1,0.6373939579458067,87
3507,3,5180,5180,0,0,0,0,1.0,1.0,1.0,1.0,1.0,1,0.6314147014990091,84
3508,2,5182,5182,0,0,0,0,1.0,1.0,1.0,1.0,1.0,1,0.6389717931856491,83
3509,4,5186,5186,0,0,0,0,1.0,1.0,1.0,1.0,1.0,1,0.6503144794809627,80
3510,2,5188,5188,0,0,0,0,1.0,1.0,1.0,1.0,1.0,1,0.6622641893821536,78
3511,4,5192,5192,0,0,0,0,1.0,1.0,1.0,1.0,1.0,1,0.6628880378400077,77
3512,1,5193,5193,0,0,0,0,1.0,1.0,1.0,1.0,1.0,1,0.6755371491689934,74
3513,2,5195,5195,0,0,0,0,1.0,1.0,1.0,1.0,1.0,1,0.6503838771071356,76
3514,2,5197,5197,0,0,0,0,1.0,1.0,1.0,1.0,1.0,1,0.6597476344452081,76
3515,1,5198,5198,0,0,0,0,1.0,1.0,1.0,1.0,1.0,1,0.6706129894290225,75
3516,1,5199,5199,0,0,0,0,1.0,1.0,1.0,1.0,1.0,1,0.6615134847392677,73
3517,3,5202,5202,0,0,0,0,1.0,1.0,1.0,1.0,1.0,1,0.6700298200379933,74
3518,1,5203,5203,0,0,0,0,1.0,1.0,1.0,1.0,1.0,1,0.6645924739421675,74
3519,0,5203,5203,0,0,0,0,1.0,1.0,1.0,1.0,1.0,1,0.6678934358275516,73
3520,1,5204,5204,0,0,0,0,1.0,1.0,1.0,1.0,1.0,1,0.6546470652587634,74
3521,0,5204,5204,0,0,0,0,1.0,1.0,1.0,1.0,1.0,1,0.6574352872878251,75
3522,4,5208,5208,0,0,0,0,1.0,1.0,1.0,1.0,1.0,1,0.64416136671451,75
3523,2,5210,5210,0,0,0,0,1.0,1.0,1.0,1.0,1.0,1,0.6348847654222137,75
3524,2,5212,5212,0,0,0,0,1.0,1.0,1.0,1.0,1.0,1,0.6298732132287926,75
3525,2,5214,5214,0,0,0,0,1.0,1.0,1.0,1.0,1.0,1,0.6327168169449248,75
3526,0,5214,5214,0,0,0,0,1.0,1.0,1.0,1.0,1.0,1,0.6284638599253378,76
3527,3,5217,5217,0,0,0,0,1.0,1.0,1.0,1.0,1.0,1,0.6510720969580346,77
3528,1,5218,5218,0,0,0,0,1.0,1.0,1.0,1.0,1.0,1,0.6495732765755905,77
3529,2,5220,5220,0,0,0,0,1.0,1.0,1.0,1.0,1.0,1,0.6478899174749416,78
3530,0,5220,5220,0,0,0,0,1.0,1.0,1.0,1.0,1.0,1,0.661978611379327,78
3531,1,5221,5221,0,0,0,0,1.0,1.0,1.0,1.0,1.0,1,0.6647102556526157,79
3532,2,5223,5223,0,0,0,0,1.0,1.0,1.0,1.0,1.0,1,0.681967098479096,79
3533,1,5224,5224,0,0,0,0,1.0,1.0,1.0,1.0,1.0,1,0.678815640422255,79
3534,2,5226,5226,0,0,0,0,1.0,1.0,1.0,1.0,1.0,1,0.6812187259734238,80
3535,0,5226,5226,0,0,0,0,1.0,1.0,1.0,1.0,1.0,1,0.6841801074933562,81
3536,1,5227,5227,0,0,0,0,1.0,1.0,1.0,1.0,1.0,1,0.6874525614899427,82
3537,0,5227,5227,0,0,0,0,1.0,1.0,1.0,1.0,1.0,1,0.6874525614899427,82
3538,3,5230,5230,0,0,0,0,1.0,1.0,1.0,1.0,1.0,1,0.6767898517614267,83
3539,0,5230,5230,0,0,0,0,1.0,1.0,1.0,1.0,1.0,1,0.6767898517614267,83
3540,2,5232,5232,0,0,0,0,1.0,1.0,1.0,1.0,1.0,1,0.6534888860047745,85
3541,1,5233,5233,0,0,0,0,1.0,1.0,1.0,1.0,1.0,1,0.6492273434475168,85
3542,1,5234,5234,0,0,0,0,1.0,1.0,1.0,1.0,1.0,1,0.6427775113686746,88
3543,3,5237,5237,0,0,0,0,1.0,1.0,1.0,1.0,1.0,1,0.6393050546635721,87
3544,1,5238,5238,0,0,0,0,1.0,1.0,1.0,1.0,1.0,1,0.6464971518652534,87
3545,3,5241,5241,0,0,0,0,1.0,1.0,1.0,1.0,1.0,1,0.6441702355329751,85
3546,0,5241,5241,0,0,0,0,1.0,1.0,1.0,1.0,1.0,1,0.6470326302523493,83
3547,2,5243,5243,0,0,0,0,1.0,1.0,1.0,1.0,1.0,1,0.6425544913285262,82
3548,4,5247,5247,0,0,0,0,1.0,1.0,1.0,1.0,1.0,1,0.6419291787247294,82
3549,1,5248,5248,0,0,0,0,1.0,1.0,1.0,1.0,1.0,1,0.6468606505049997,81
3550,1,5249,5249,0,0,0,0,1.0,1.0,1.0,1.0,1.0,1,0.6471541626559004,79
3551,2,5251,5251,0,0,0,0,1.0,1.0,1.0,1.0,1.0,1,0.6442458351263755,80
3552,1,5252,5252,0,0,0,0,1.0,1.0,1.0,1.0,1.0,1,0.6431017050032809,78
3553,2,5254,5254,0,0,0,0,1.0,1.0,1.0,1.0,1.0,1,0.6525514234923905,79
3554,1,5255,5255,0,0,0,0,1.0,1.0,1.0,1.0,1.0,1,0.6655666988024287,77
3555,0,5255,5255,0,0,0,0,1.0,1.0,1.0,1.0,1.0,1,0.6675497295031505,77
3556,0,5255,5255,0,0,0,0,1.0,1.0,1.0,1.0,1.0,1,0.6723861302523181,76
3557,1,5256,5256,0,0,0,0,1.0,1.0,1.0,1.0,1.0,1,0.6658812440187327,76
3558,3,5259,5259,0,0,0,0,1.0,1.0,1.0,1.0,1.0,1,0.6678780833132844,76
3559,0,5259,5259,0,0,0,0,1.0,1.0,1.0,1.0,1.0,1,0.6678780833132844,76
3560,3,5262,5262,0,0,0,0,1.0,1.0,1.0,1.0,1.0,1,0.6566260319783025,78
3561,2,5264,5264,0,0,0,0,1.0,1.0,1.0,1.0,1.0,1,0.6576724418580455,79
3562,4,5268,5268,0,0,0,0,1.0,1.0,1.0,1.0,1.0,1,0.6513146984119137,79
3563,3,5271,5271,0,0,0,0,1.0,1.0,1.0,1.0,1.0,1,0.6589166039005251,79
3564,3,5274,5274,0,0,0,0,1.0,1.0,1.0,1.0,1.0,1,0.6680893189194107,80
3565,1,5275,5275,0,0,0,0,1.0,1.0,1.0,1.0,1.0,1,0.6675740771529661,83
3566,2,5277,5277,0,0,0,0,1.0,1.0,1.0,1.0,1.0,1,0.6733604094353463,84
3567,1,5278,5278,0,0,0,0,1.0,1.0,1.0,1.0,1.0,1,0.675575517500201,84
3568,1,5279,5279,0,0,0,0,1.0,1.0,1.0,1.0,1.0,1,0.6714862650890032,84
3569,2,5281,5281,0,0,0,0,1.0,1.0,1.0,1.0,1.0,1,0.6628738531456702,84
3570,0,5281,5281,0,0,0,0,1.0,1.0,1.0,1.0,1.0,1,0.6580170368235896,87
3571,1,5282,5282,0,0,0,0,1.0,1.0,1.0,1.0,1.0,1,0.6580907192993442,86
3572,1,5283,5283,0,0,0,0,1.0,1.0,1.0,1.0,1.0,1,0.6584073609422526,87
3573,2,5285,5285,0,0,0,0,1.0,1.0,1.0,1.0,1.0,1,0.65830709737255,87
3574,0,5285,5285,0,0,0,0,1.0,1.0,1.0,1.0,1.0,1,0.6526839934957576,88
3575,0,5285,5285,0,0,0,0,1.0,1.0,1.0,1.0,1.0,1,0.6526839934957576,88
3576,1,5286,5286,0,0,0,0,1.0,1.0,1.0,1.0,1.0,1,0.6370004853950616,90
3577,1,5287,5287,0,0,0,0,1.0,1.0,1.0,1.0,1.0,1,0.6317929233102679,90
3578,3,5290,5290,0,0,0,0,1.0,1.0,1.0,1.0,1.0,1,0.6138653131531767,91
3579,1,5291,5291,0,0,0,0,1.0,1.0,1.0,1.0,1.0,1,0.6103614198507858,91
3580,4,5295,5295,0,0,0,0,1.0,1.0,1.0,1.0,1.0,1,0.5928175575693176,91
3581,1,5296,5296,0,0,0,0,1.0,1.0,1.0,1.0,1.0,1,0.5873258520339292,91
3582,4,5300,5300,0,0,0,0,1.0,1.0,1.0,1.0,1.0,1,0.6045248574189185,92
3583,2,5302,5302,0,0,0,0,1.0,1.0,1.0,1.0,1.0,1,0.615629859701737,88
3584,3,5305,5305,0,0,0,0,1.0,1.0,1.0,1.0,1.0,1,0.6307162759224337,87
3585,7,5312,5312,0,0,0,0,1.0,1.0,1.0,1.0,1.0,1,0.6242002450389124,84
3586,3,5315,5315,0,0,0,0,1.0,1.0,1.0,1.0,1.0,1,0.6355169495476746,83
3587,6,5321,5321,0,0,0,0,1.0,1.0,1.0,1.0,1.0,1,0.6353883943319175,82
3588,4,5325,5325,0,0,0,0,1.0,1.0,1.0,1.0,1.0,1,0.6276145816847309,81
3589,5,5330,5330,0,0,0,0,1.0,1.0,1.0,1.0,1.0,1,0.6506004744155012,80
3590,3,5333,5333,0,0,0,0,1.0,1.0,1.0,1.0,1.0,1,0.6635311348301718,78
3591,2,5335,5335,0,0,0,0,1.0,1.0,1.0,1.0,1.0,1,0.6674372546775414,77
3592,2,5337,5337,0,0,0,0,1.0,1.0,1.0,1.0,1.0,1,0.6722859974769076,75
3593,2,5339,5339,0,0,0,0,1.0,1.0,1.0,1.0,1.0,1,0.679145871950045,76
3594,2,5341,5341,0,0,0,0,1.0,1.0,1.0,1.0,1.0,1,0.6978965315019839,74
3595,0,5341,5341,0,0,0,0,1.0,1.0,1.0,1.0,1.0,1,0.6949234897889054,74
3596,2,5343,5343,0,0,0,0,1.0,1.0,1.0,1.0,1.0,1,0.6869451962690478,73
3597,1,5344,5344,0,0,0,0,1.0,1.0,1.0,1.0,1.0,1,0.6982688002352889,73
3598,3,5347,5347,0,0,0,0,1.0,1.0,1.0,1.0,1.0,1,0.6983307223118764,73
3599,0,5347,5347,0,0,0,0,1.0,1.0,1.0,1.0,1.0,1,0.6983307223118764,73
3600,1,5348,5348,0,0,0,0,1.0,1.0,1.0,1.0,1.0,1,0.6915911879216047,74
3601,0,5348,5348,0,0,0,0,1.0,1.0,1.0,1.0,1.0,1,0.6851984556981112,75
3602,1,5349,5349,0,0,0,0,1.0,1.0,1.0,1.0,1.0,1,0.6709863328884289,76
3603,1,5350,5350,0,0,0,0,1.0,1.0,1.0,1.0,1.0,1,0.669614463427766,77
3604,0,5350,5350,0,0,0,0,1.0,1.0,1.0,1.0,1.0,1,0.6695817718348762,78
3605,0,5350,5350,0,0,0,0,1.0,1.0,1.0,1.0,1.0,1,0.6673423828953959,77
3606,0,5350,5350,0,0,0,0,1.0,1.0,1.0,1.0,1.0,1,0.6606094883854812,79
3607,1,5351,5351,0,0,0,0,1.0,1.0,1.0,1.0,1.0,1,0.6567760651530817,79
3608,1,5352,5352,0,0,0,0,1.0,1.0,1.0,1.0,1.0,1,0.6522633308396738,79
3609,1,5353,5353,0,0,0,0,1.0,1.0,1.0,1.0,1.0,1,0.6448155360404143,79
3610,0,5353,5353,0,0,0,0,1.0,1.0,1.0,1.0,1.0,1,0.6450034734882942,80
3611,2,5355,5355,0,0,0,0,1.0,1.0,1.0,1.0,1.0,1,0.6441679744059611,80
3612,1,5356,5356,0,0,0,0,1.0,1.0,1.0,1.0,1.0,1,0.6580157869834561,79
3613,2,5358,5358,0,0,0,0,1.0,1.0,1.0,1.0,1.0,1,0.6545730591469888,79
3614,2,5360,5360,0,0,0,0,1.0,1.0,1.0,1.0,1.0,1,0.6711423617178105,78
3615,2,5362,5362,0,0,0,0,1.0,1.0,1.0,1.0,1.0,1,0.6612381894949811,79
3616,3,5365,5365,0,0,0,0,1.0,1.0,1.0,1.0,1.0,1,0.6723494495513899,79
3617,0,5365,5365,0,0,0,0,1.0,1.0,1.0,1.0,1.0,1,0.6639959450870108,80
3618,4,5369,5369,0,0,0,0,1.0,1.0,1.0,1.0,1.0,1,0.6559495814357705,82
3619,2,5371,5371,0,0,0,0,1.0,1.0,1.0,1.0,1.0,1,0.6709179256962511,82
3620,4,5375,5375,0,0,0,0,1.0,1.0,1.0,1.0,1.0,1,0.662542203509883,81
3621,4,5379,5379,0,0,0,0,1.0,1.0,1.0,1.0,1.0,1,0.6554058291133491,83
3622,2,5381,5381,0,0,0,0,1.0,1.0,1.0,1.0,1.0,1,0.6470522153884662,81
3623,5,5386,5386,0,0,0,0,1.0,1.0,1.0,1.0,1.0,1,0.6588726898129265,81
3624,2,5388,5388,0,0,0,0,1.0,1.0,1.0,1.0,1.0,1,0.6365467980448754,79
3625,7,5395,5395,0,0,0,0,1.0,1.0,1.0,1.0,1.0,1,0.6503187371605906,80
3626,1,5396,5396,0,0,0,0,1.0,1.0,1.0,1.0,1.0,1,0.6368222852755043,78
3627,3,5399,5399,0,0,0,0,1.0,1.0,1.0,1.0,1.0,1,0.6334520169610357,78
3628,1,5400,5400,0,0,0,0,1.0,1.0,1.0,1.0,1.0,1,0.6313974677333186,77
3629,3,5403,5403,0,0,0,0,1.0,1.0,1.0,1.0,1.0,1,0.6236732803012417,76
3630,1,5404,5404,0,0,0,0,1.0,1.0,1.0,1.0,1.0,1,0.6316299858381331,77
3631,2,5406,5406,0,0,0,0,1.0,1.0,1.0,1.0,1.0,1,0.6292545029070462,75
3632,1,5407,5407,0,0,0,0,1.0,1.0,1.0,1.0,1.0,1,0.6224069132752931,74
3633,0,5407,5407,0,0,0,0,1.0,1.0,1.0,1.0,1.0,1,0.616411253225417,75
3634,0,5407,5407,0,0,0,0,1.0,1.0,1.0,1.0,1.0,1,0.6213021288219128,74
3635,0,5407,5407,0,0,0,0,1.0,1.0,1.0,1.0,1.0,1,0.6213021288219128,74
3636,2,5409,5409,0,0,0,0,1.0,1.0,1.0,1.0,1.0,1,0.6245710300574653,74
3637,0,5409,5409,0,0,0,0,1.0,1.0,1.0,1.0,1.0,1,0.6300710489728945,74
3638,1,5410,5410,0,0,0,0,1.0,1.0,1.0,1.0,1.0,1,0.6230620507439895,75
3639,4,5414,5414,0,0,0,0,1.0,1.0,1.0,1.0,1.0,1,0.6361954430772224,76
3640,1,5415,5415,0,0,0,0,1.0,1.0,1.0,1.0,1.0,1,0.6332198143270794,76
3641,2,5417,5417,0,0,0,0,1.0,1.0,1.0,1.0,1.0,1,0.6488773074361892,75
3642,1,5418,5418,0,0,0,0,1.0,1.0,1.0,1.0,1.0,1,0.6555466763209802,75
3643,0,5418,5418,0,0,0,0,1.0,1.0,1.0,1.0,1.0,1,0.661528429721233,74
3644,0,5418,5418,0,0,0,0,1.0,1.0,1.0,1.0,1.0,1,0.661528429721233,74
3645,0,5418,5418,0,0,0,0,1.0,1.0,1.0,1.0,1.0,1,0.661528429721233,74
3646,0,5418,5418,0,0,0,0,1.0,1.0,1.0,1.0,1.0,1,0.6547102682080186,75
3647,0,5418,5418,0,0,0,0,1.0,1.0,1.0,1.0,1.0,1,0.6473343800078916,77
3648,0,5418,5418,0,0,0,0,1.0,1.0,1.0,1.0,1.0,1,0.658790772394378,78
3649,0,5418,5418,0,0,0,0,1.0,1.0,1.0,1.0,1.0,1,0.6536755170093597,80
3650,1,5419,5419,0,0,0,0,1.0,1.0,1.0,1.0,1.0,1,0.6566522587388797,81
3651,0,5419,5419,0,0,0,0,1.0,1.0,1.0,1.0,1.0,1,0.6566522587388797,81
3652,1,5420,5420,0,0,0,0,1.0,1.0,1.0,1.0,1.0,1,0.6656180263300383,83
3653,0,5420,5420,0,0,0,0,1.0,1.0,1.0,1.0,1.0,1,0.6656180263300383,83
3654,0,5420,5420,0,0,0,0,1.0,1.0,1.0,1.0,1.0,1,0.6656180263300383,83
3655,0,5420,5420,0,0,0,0,1.0,1.0,1.0,1.0,1.0,1,0.6606386096316044,84
3656,4,5424,5424,0,0,0,0,1.0,1.0,1.0,1.0,1.0,1,0.6706757655765188,85
3657,0,5424,5424,0,0,0,0,1.0,1.0,1.0,1.0,1.0,1,0.6658271684027545,86
3658,4,5428,5428,0,0,0,0,1.0,1.0,1.0,1.0,1.0,1,0.6480061524664527,87
3659,2,5430,5430,0,0,0,0,1.0,1.0,1.0,1.0,1.0,1,0.6552324361669719,87
3660,2,5432,5432,0,0,0,0,1.0,1.0,1.0,1.0,1.0,1,0.6353729878401739,86
3661,3,5435,5435,0,0,0,0,1.0,1.0,1.0,1.0,1.0,1,0.656454983852192,86
3662,1,5436,5436,0,0,0,0,1.0,1.0,1.0,1.0,1.0,1,0.6504859811180412,83
3663,2,5438,5438,0,0,0,0,1.0,1.0,1.0,1.0,1.0,1,0.6575167575194706,85
3664,3,5441,5441,0,0,0,0,1.0,1.0,1.0,1.0,1.0,1,0.6459147178089064,82
3665,5,5446,5446,0,0,0,0,1.0,1.0,1.0,1.0,1.0,1,0.6673657351825193,81
3666,2,5448,5448,0,0,0,0,1.0,1.0,1.0,1.0,1.0,1,0.6781110224559666,79
3667,1,5449,5449,0,0,0,0,1.0,1.0,1.0,1.0,1.0,1,0.675895083657953,79
3668,5,5454,5454,0,0,0,0,1.0,1.0,1.0,1.0,1.0,1,0.6976323240215664,77
3669,2,5456,5456,0,0,0,0,1.0,1.0,1.0,1.0,1.0,1,0.680209487387449,75
3670,1,5457,5457,0,0,0,0,1.0,1.0,1.0,1.0,1.0,1,0.6786566334959061,76
3671,1,5458,5458,0,0,0,0,1.0,1.0,1.0,1.0,1.0,1,0.681871632083547,74
3672,1,5459,5459,0,0,0,0,1.0,1.0,1.0,1.0,1.0,1,0.6779123849267883,75
3673,0,5459,5459,0,0,0,0,1.0,1.0,1.0,1.0,1.0,1,0.6779123849267883,75
3674,2,5461,5461,0,0,0,0,1.0,1.0,1.0,1.0,1.0,1,0.6800920389654859,75
3675,0,5461,5461,0,0,0,0,1.0,1.0,1.0,1.0,1.0,1,0.6811844106199796,75
3676,0,5461,5461,0,0,0,0,1.0,1.0,1.0,1.0,1.0,1,0.6811844106199796,75
3677,0,5461,5461,0,0,0,0,1.0,1.0,1.0,1.0,1.0,1,0.6849957226005565,75
3678,1,5462,5462,0,0,0,0,1.0,1.0,1.0,1.0,1.0,1,0.6872639704078429,77
3679,0,5462,5462,0,0,0,0,1.0,1.0,1.0,1.0,1.0,1,0.6898186531475385,78
3680,0,5462,5462,0,0,0,0,1.0,1.0,1.0,1.0,1.0,1,0.6853134331315242,80
3681,0,5462,5462,0,0,0,0,1.0,1.0,1.0,1.0,1.0,1,0.6850286699964485,81
3682,0,5462,5462,0,0,0,0,1.0,1.0,1.0,1.0,1.0,1,0.6850286699964485,81
3683,1,5463,5463,0,0,0,0,1.0,1.0,1.0,1.0,1.0,1,0.6918245021881162,81
3684,0,5463,5463,0,0,0,0,1.0,1.0,1.0,1.0,1.0,1,0.6918245021881162,81
3685,0,5463,5463,0,0,0,0,1.0,1.0,1.0,1.0,1.0,1,0.6918245021881162,81
3686,0,5463,5463,0,0,0,0,1.0,1.0,1.0,1.0,1.0,1,0.6918245021881162,81
3687,0,5463,5463,0,0,0,0,1.0,1.0,1.0,1.0,1.0,1,0.6843255689740823,82
3688,0,5463,5463,0,0,0,0,1.0,1.0,1.0,1.0,1.0,1,0.6858684279575555,84
3689,0,5463,5463,0,0,0,0,1.0,1.0,1.0,1.0,1.0,1,0.6858684279575555,84
3690,1,5464,5464,0,0,0,0,1.0,1.0,1.0,1.0,1.0,1,0.6929069512248149,85
3691,0,5464,5464,0,0,0,0,1.0,1.0,1.0,1.0,1.0,1,0.6893588652937944,86
3692,0,5464,5464,0,0,0,0,1.0,1.0,1.0,1.0,1.0,1,0.6825546280337231,86
3693,0,5464,5464,0,0,0,0,1.0,1.0,1.0,1.0,1.0,1,0.6825546280337231,86
3694,2,5466,5466,0,0,0,0,1.0,1.0,1.0,1.0,1.0,1,0.6956196389069284,86
3695,2,5468,5468,0,0,0,0,1.0,1.0,1.0,1.0,1.0,1,0.7035799393382689,86
3696,2,5470,5470,0,0,0,0,1.0,1.0,1.0,1.0,1.0,1,0.7013407492073132,87
3697,2,5472,5472,0,0,0,0,1.0,1.0,1.0,1.0,1.0,1,0.7065351590229284,85
3698,1,5473,5473,0,0,0,0,1.0,1.0,1.0,1.0,1.0,1,0.7074576645354457,85
3699,2,5475,5475,0,0,0,0,1.0,1.0,1.0,1.0,1.0,1,0.7088280465529886,85
3700,2,5477,5477,0,0,0,0,1.0,1.0,1.0,1.0,1.0,1,0.7144180633047461,84
3701,0,5477,5477,0,0,0,0,1.0,1.0,1.0,1.0,1.0,1,0.7166957747485929,85
3702,0,5477,5477,0,0,0,0,1.0,1.0,1.0,1.0,1.0,1,0.7054375692321666,85
3703,1,5478,5478,0,0,0,0,1.0,1.0,1.0,1.0,1.0,1,0.7095373863271647,85
3704,3,5481,5481,0,0,0,0,1.0,1.0,1.0,1.0,1.0,1,0.721295577139966,85
3705,1,5482,5482,0,0,0,0,1.0,1.0,1.0,1.0,1.0,1,0.7211035826581728,86
3706,0,5482,5482,0,0,0,0,1.0,1.0,1.0,1.0,1.0,1,0.7092792360305322,86
3707,2,5484,5484,0,0,0,0,1.0,1.0,1.0,1.0,1.0,1,0.7116732607172951,85
3708,1,5485,5485,0,0,0,0,1.0,1.0,1.0,1.0,1.0,1,0.6991619446314262,84
3709,1,5486,5486,0,0,0,0,1.0,1.0,1.0,1.0,1.0,1,0.6982042545641997,85
3710,1,5487,5487,0,0,0,0,1.0,1.0,1.0,1.0,1.0,1,0.6918984934805912,84
3711,1,5488,5488,0,0,0,0,1.0,1.0,1.0,1.0,1.0,1,0.6912606511181544,85
3712,1,5489,5489,0,0,0,0,1.0,1.0,1.0,1.0,1.0,1,0.6892138986684365,85
3713,3,5492,5492,0,0,0,0,1.0,1.0,1.0,1.0,1.0,1,0.6789284128059716,85
3714,2,5494,5494,0,0,0,0,1.0,1.0,1.0,1.0,1.0,1,0.6896205605556502,85
3715,2,5496,5496,0,0,0,0,1.0,1.0,1.0,1.0,1.0,1,0.6812599293453581,85
3716,2,5498,5498,0,0,0,0,1.0,1.0,1.0,1.0,1.0,1,0.6820293424564771,84
3717,1,5499,5499,0,0,0,0,1.0,1.0,1.0,1.0,1.0,1,0.673527054079371,86
3718,1,5500,5500,0,0,0,0,1.0,1.0,1.0,1.0,1.0,1,0.6837727999816302,85
3719,1,5501,5501,0,0,0,0,1.0,1.0,1.0,1.0,1.0,1,0.6850620689856334,84
3720,1,5502,5502,0,0,0,0,1.0,1.0,1.0,1.0,1.0,1,0.6925561147394859,84
3721,0,5502,5502,0,0,0,0,1.0,1.0,1.0,1.0,1.0,1,0.6886110484380613,85
3722,0,5502,5502,0,0,0,0,1.0,1.0,1.0,1.0,1.0,1,0.6885224597626065,85
3723,3,5505,5505,0,0,0,0,1.0,1.0,1.0,1.0,1.0,1,0.7004601473145056,85
3724,0,5505,5505,0,0,0,0,1.0,1.0,1.0,1.0,1.0,1,0.6934451970826695,86
3725,2,5507,5507,0,0,0,0,1.0,1.0,1.0,1.0,1.0,1,0.7006959020862666,86
3726,0,5507,5507,0,0,0,0,1.0,1.0,1.0,1.0,1.0,1,0.7006959020862666,86
3727,0,5507,5507,0,0,0,0,1.0,1.0,1.0,1.0,1.0,1,0.7006959020862666,86
3728,1,5508,5508,0,0,0,0,1.0,1.0,1.0,1.0,1.0,1,0.698127098232312,86
3729,0,5508,5508,0,0,0,0,1.0,1.0,1.0,1.0,1.0,1,0.698127098232312,86
3730,1,5509,5509,0,0,0,0,1.0,1.0,1.0,1.0,1.0,1,0.7100796795625122,85
3731,0,5509,5509,0,0,0,0,1.0,1.0,1.0,1.0,1.0,1,0.7124287626470392,86
3732,2,5511,5511,0,0,0,0,1.0,1.0,1.0,1.0,1.0,1,0.7151359974766517,87
3733,0,5511,5511,0,0,0,0,1.0,1.0,1.0,1.0,1.0,1,0.7151359974766517,87
3734,2,5513,5513,0,0,0,0,1.0,1.0,1.0,1.0,1.0,1,0.7177631165960621,87
3735,1,5514,5514,0,0,0,0,1.0,1.0,1.0,1.0,1.0,1,0.7204570712521909,86
3736,2,5516,5516,0,0,0,0,1.0,1.0,1.0,1.0,1.0,1,0.714201687440576,87
3737,2,5518,5518,0,0,0,0,1.0,1.0,1.0,1.0,1.0,1,0.7147498446228417,87
3738,4,5522,5522,0,0,0,0,1.0,1.0,1.0,1.0,1.0,1,0.6876667675483429,87
3739,2,5524,5524,0,0,0,0,0.9967785569249444,0.992731102805003,0.9967785569249444,0.992731102805003,1.0,1,0.6978634668379825,88
3740,5,5529,5529,0,0,0,0,1.0,1.0,1.0,1.0,1.0,1,0.6731939225451674,87
3741,0,5529,5529,0,0,0,0,1.0,1.0,1.0,1.0,1.0,1,0.6718971372137567,87
3742,4,5533,5533,0,0,0,0,1.0,1.0,1.0,1.0,1.0,1,0.6749888071043211,86
3743,3,5536,5536,0,0,0,0,1.0,1.0,1.0,1.0,1.0,1,0.6836313747780302,84
3744,3,5539,5539,0,0,0,0,1.0,1.0,1.0,1.0,1.0,1,0.6986085651247426,83
3745,4,5543,5543,0,0,0,0,1.0,1.0,1.0,1.0,1.0,1,0.6960757981632827,83
3746,0,5543,5543,0,0,0,0,1.0,1.0,1.0,1.0,1.0,1,0.7048679504818292,83
3747,1,5544,5544,0,0,0,0,1.0,1.0,1.0,1.0,1.0,1,0.7014851657783744,81
3748,2,5546,5546,0,0,0,0,1.0,1.0,1.0,1.0,1.0,1,0.6756964683682269,81
3749,1,5547,5547,0,0,0,0,1.0,1.0,1.0,1.0,1.0,1,0.6751079098621533,80
3750,3,5550,5550,0,0,0,0,1.0,1.0,1.0,1.0,1.0,1,0.6686830182269617,79
3751,4,5554,5554,0,0,0,0,1.0,1.0,1.0,1.0,1.0,1,0.6483594597597097,80
3752,2,5556,5556,0,0,0,0,1.0,1.0,1.0,1.0,1.0,1,0.6479234248779921,80
3753,3,5559,5559,0,0,0,0,1.0,1.0,1.0,1.0,1.0,1,0.6598635585251904,81
3754,0,5559,5559,0,0,0,0,1.0,1.0,1.0,1.0,1.0,1,0.6696680730825719,81
3755,1,5560,5560,0,0,0,0,1.0,1.0,1.0,1.0,1.0,1,0.6831790080345566,80
3756,1,5561,5561,0,0,0,0,1.0,1.0,1.0,1.0,1.0,1,0.6956339663153457,79
3757,1,5562,5562,0,0,0,0,1.0,1.0,1.0,1.0,1.0,1,0.7003001009608026,80
3758,1,5563,5563,0,0,0,0,1.0,1.0,1.0,1.0,1.0,1,0.7028775280020869,79
3759,0,5563,5563,0,0,0,0,1.0,1.0,1.0,1.0,1.0,1,0.7028775280020869,79
3760,0,5563,5563,0,0,0,0,1.0,1.0,1.0,1.0,1.0,1,0.7028775280020869,79
3761,2,5565,5565,0,0,0,0,1.0,1.0,1.0,1.0,1.0,1,0.7046467465113426,78
3762,0,5565,5565,0,0,0,0,1.0,1.0,1.0,1.0,1.0,1,0.6975076888713475,80
3763,1,5566,5566,0,0,0,0,1.0,1.0,1.0,1.0,1.0,1,0.6940129134599488,80
3764,0,5566,5566,0,0,0,0,1.0,1.0,1.0,1.0,1.0,1,0.6940129134599488,80
3765,2,5568,5568,0,0,0,0,1.0,1.0,1.0,1.0,1.0,1,0.691636853149714,81
3766,1,5569,5569,0,0,0,0,1.0,1.0,1.0,1.0,1.0,1,0.683696988360395,83
3767,2,5571,5571,0,0,0,0,1.0,1.0,1.0,1.0,1.0,1,0.6781538757991175,83
3768,1,5572,5572,0,0,0,0,1.0,1.0,1.0,1.0,1.0,1,0.6768767418887814,84
3769,1,5573,5573,0,0,0,0,1.0,1.0,1.0,1.0,1.0,1,0.6587992621505087,86
3770,3,5576,5576,0,0,0,0,1.0,1.0,1.0,1.0,1.0,1,0.6633808194237024,87
3771,1,5577,5577,0,0,0,0,1.0,1.0,1.0,1.0,1.0,1,0.6677071190629625,87
3772,4,5581,5581,0,0,0,0,1.0,1.0,1.0,1.0,1.0,1,0.6728352064183764,88
3773,0,5581,5581,0,0,0,0,1.0,1.0,1.0,1.0,1.0,1,0.6753897671937036,85
3774,4,5585,5585,0,0,0,0,1.0,1.0,1.0,1.0,1.0,1,0.6930272655576049,85
3775,2,5587,5587,0,0,0,0,1.0,1.0,1.0,1.0,1.0,1,0.7112152189355414,83
3776,3,5590,5590,0,0,0,0,1.0,1.0,1.0,1.0,1.0,1,0.7192385105430582,82
3777,2,5592,5592,0,0,0,0,1.0,1.0,1.0,1.0,1.0,1,0.7242674714736305,81
3778,3,5595,5595,0,0,0,0,1.0,1.0,1.0,1.0,1.0,1,0.6975637837255908,81
3779,4,5599,5599,0,0,0,0,1.0,1.0,1.0,1.0,1.0,1,0.7242399053449584,80
3780,3,5602,5602,0,0,0,0,1.0,1.0,1.0,1.0,1.0,1,0.705802703158254,80
3781,1,5603,5603,0,0,0,0,1.0,1.0,1.0,1.0,1.0,1,0.697570704718584,80
3782,2,5605,5605,0,0,0,0,1.0,1.0,1.0,1.0,1.0,1,0.6911667266167131,80
3783,3,5608,5608,0,0,0,0,1.0,1.0,1.0,1.0,1.0,1,0.6781667151889922,80
3784,1,5609,5609,0,0,0,0,1.0,1.0,1.0,1.0,1.0,1,0.6869554968486564,79
3785,0,5609,5609,0,0,0,0,1.0,1.0,1.0,1.0,1.0,1,0.7007470464168475,77
3786,1,5610,5610,0,0,0,0,1.0,1.0,1.0,1.0,1.0,1,0.6959422367152628,78
3787,1,5611,5611,0,0,0,0,1.0,1.0,1.0,1.0,1.0,1,0.696958371912423,77
3788,2,5613,5613,0,0,0,0,1.0,1.0,1.0,1.0,1.0,1,0.6977305161778466,78
3789,0,5613,5613,0,0,0,0,1.0,1.0,1.0,1.0,1.0,1,0.7012494153651894,77
3790,1,5614,5614,0,0,0,0,1.0,1.0,1.0,1.0,1.0,1,0.6986356184728685,77
3791,0,5614,5614,0,0,0,0,1.0,1.0,1.0,1.0,1.0,1,0.6986356184728685,77
3792,1,5615,5615,0,0,0,0,1.0,1.0,1.0,1.0,1.0,1,0.6855617228475394,78
3793,0,5615,5615,0,0,0,0,1.0,1.0,1.0,1.0,1.0,1,0.6800245512855407,80
3794,2,5617,5617,0,0,0,0,1.0,1.0,1.0,1.0,1.0,1,0.6689669954754712,82
3795,1,5618,5618,0,0,0,0,1.0,1.0,1.0,1.0,1.0,1,0.6640715547477543,83
3796,2,5620,5620,0,0,0,0,1.0,1.0,1.0,1.0,1.0,1,0.6554022446914795,83
3797,1,5621,5621,0,0,0,0,1.0,1.0,1.0,1.0,1.0,1,0.6549220687380544,82
3798,2,5623,5623,0,0,0,0,1.0,1.0,1.0,1.0,1.0,1,0.6609427994482352,82
3799,1,5624,5624,0,0,0,0,1.0,1.0,1.0,1.0,1.0,1,0.6542530919274525,83
3800,2,5626,5626,0,0,0,0,1.0,1.0,1.0,1.0,1.0,1,0.6720361178755906,83
3801,0,5626,5626,0,0,0,0,1.0,1.0,1.0,1.0,1.0,1,0.6720361178755906,83
3802,0,5626,5626,0,0,0,0,1.0,1.0,1.0,1.0,1.0,1,0.6824236520553474,82
3803,1,5627,5627,0,0,0,0,1.0,1.0,1.0,1.0,1.0,1,0.6803867256336733,84
3804,2,5629,5629,0,0,0,0,1.0,1.0,1.0,1.0,1.0,1,0.6852994722873625,84
3805,1,5630,5630,0,0,0,0,1.0,1.0,1.0,1.0,1.0,1,0.6904780516120174,86
3806,3,5633,5633,0,0,0,0,1.0,1.0,1.0,1.0,1.0,1,0.699865162402419,86
3807,1,5634,5634,0,0,0,0,1.0,1.0,1.0,1.0,1.0,1,0.7054022744685411,86
3808,3,5637,5637,0,0,0,0,1.0,1.0,1.0,1.0,1.0,1,0.7111507895105117,85
3809,1,5638,5638,0,0,0,0,1.0,1.0,1.0,1.0,1.0,1,0.7130958770825083,85
3810,1,5639,5639,0,0,0,0,1.0,1.0,1.0,1.0,1.0,1,0.7147737351273812,85
3811,3,5642,5642,0,0,0,0,1.0,1.0,1.0,1.0,1.0,1,0.7228944113760085,84
3812,2,5644,5644,0,0,0,0,1.0,1.0,1.0,1.0,1.0,1,0.7317468580557144,83
3813,0,5644,5644,0,0,0,0,1.0,1.0,1.0,1.0,1.0,1,0.7232723397982959,82
3814,1,5645,5645,0,0,0,0,1.0,1.0,1.0,1.0,1.0,1,0.720751466259594,81
3815,2,5647,5647,0,0,0,0,1.0,1.0,1.0,1.0,1.0,1,0.7029588755986416,82
3816,0,5647,5647,0,0,0,0,1.0,1.0,1.0,1.0,1.0,1,0.7032551473704763,81
3817,1,5648,5648,0,0,0,0,1.0,1.0,1.0,1.0,1.0,1,0.6968263879646822,81
3818,2,5650,5650,0,0,0,0,1.0,1.0,1.0,1.0,1.0,1,0.6725779226324469,81
3819,3,5653,5653,0,0,0,0,1.0,1.0,1.0,1.0,1.0,1,0.679488335574237,82
3820,2,5655,5655,0,0,0,0,1.0,1.0,1.0,1.0,1.0,1,0.6710495115145467,84
3821,5,5660,5660,0,0,0,0,1.0,1.0,1.0,1.0,1.0,1,0.6636762074935026,84
3822,2,5662,5662,0,0,0,0,1.0,1.0,1.0,1.0,1.0,1,0.6495396499222583,82
3823,5,5667,5667,0,0,0,0,1.0,1.0,1.0,1.0,1.0,1,0.6266978668632279,81
3824,1,5668,5668,0,0,0,0,1.0,1.0,1.0,1.0,1.0,1,0.6462596112116756,78
3825,1,5669,5669,0,0,0,0,1.0,1.0,1.0,1.0,1.0,1,0.6536338020545579,76
3826,2,5671,5671,0,0,0,0,1.0,1.0,1.0,1.0,1.0,1,0.6603617693579755,76
3827,2,5673,5673,0,0,0,0,1.0,1.0,1.0,1.0,1.0,1,0.6660341664712867,75
3828,3,5676,5676,0,0,0,0,1.0,1.0,1.0,1.0,1.0,1,0.6688467185201745,74
3829,2,5678,5678,0,0,0,0,1.0,1.0,1.0,1.0,1.0,1,0.6663525624880964,74
3830,2,5680,5680,0,0,0,0,1.0,1.0,1.0,1.0,1.0,1,0.665629468239304,74
3831,3,5683,5683,0,0,0,0,1.0,1.0,1.0,1.0,1.0,1,0.6866678227757547,74
3832,0,5683,5683,0,0,0,0,1.0,1.0,1.0,1.0,1.0,1,0.6904071929622643,73
3833,2,5685,5685,0,0,0,0,1.0,1.0,1.0,1.0,1.0,1,0.6978616464654658,73
3834,1,5686,5686,0,0,0,0,1.0,1.0,1.0,1.0,1.0,1,0.6967151440093348,74
3835,1,5687,5687,0,0,0,0,1.0,1.0,1.0,1.0,1.0,1,0.6998591174628063,75
3836,1,5688,5688,0,0,0,0,1.0,1.0,1.0,1.0,1.0,1,0.7023330497693988,75
3837,1,5689,5689,0,0,0,0,1.0,1.0,1.0,1.0,1.0,1,0.7130169820046628,78
3838,4,5693,5693,0,0,0,0,1.0,1.0,1.0,1.0,1.0,1,0.7053301419612891,78
3839,0,5693,5693,0,0,0,0,1.0,1.0,1.0,1.0,1.0,1,0.7047389546922431,79
3840,2,5695,5695,0,0,0,0,1.0,1.0,1.0,1.0,1.0,1,0.6941988007649198,82
3841,1,5696,5696,0,0,0,0,1.0,1.0,1.0,1.0,1.0,1,0.6899736769304068,82
3842,1,5697,5697,0,0,0,0,1.0,1.0,1.0,1.0,1.0,1,0.6795326550242338,82
3843,0,5697,5697,0,0,0,0,1.0,1.0,1.0,1.0,1.0,1,0.6795326550242338,82
3844,2,5699,5699,0,0,0,0,1.0,1.0,1.0,1.0,1.0,1,0.6611859323443209,83
3845,2,5701,5701,0,0,0,0,1.0,1.0,1.0,1.0,1.0,1,0.6597877085540534,84
3846,2,5703,5703,0,0,0,0,1.0,1.0,1.0,1.0,1.0,1,0.6573732343936707,85
3847,1,5704,5704,0,0,0,0,1.0,1.0,1.0,1.0,1.0,1,0.6618324827753436,84
3848,1,5705,5705,0,0,0,0,1.0,1.0,1.0,1.0,1.0,1,0.6683996615699886,84
3849,1,5706,5706,0,0,0,0,1.0,1.0,1.0,1.0,1.0,1,0.6656962868120291,83
3850,2,5708,5708,0,0,0,0,1.0,1.0,1.0,1.0,1.0,1,0.6700664626513001,80
3851,2,5710,5710,0,0,0,0,1.0,1.0,1.0,1.0,1.0,1,0.660194536838771,80
3852,0,5710,5710,0,0,0,0,1.0,1.0,1.0,1.0,1.0,1,0.6711878724328847,79
3853,0,5710,5710,0,0,0,0,1.0,1.0,1.0,1.0,1.0,1,0.6711878724328847,79
3854,1,5711,5711,0,0,0,0,1.0,1.0,1.0,1.0,1.0,1,0.6832137437078812,78
3855,0,5711,5711,0,0,0,0,1.0,1.0,1.0,1.0,1.0,1,0.6832137437078812,78
3856,1,5712,5712,0,0,0,0,1.0,1.0,1.0,1.0,1.0,1,0.6849827403445562,80
3857,2,5714,5714,0,0,0,0,1.0,1.0,1.0,1.0,1.0,1,0.6763818934038963,81
3858,3,5717,5717,0,0,0,0,1.0,1.0,1.0,1.0,1.0,1,0.6819591365024898,81
3859,2,5719,5719,0,0,0,0,1.0,1.0,1.0,1.0,1.0,1,0.6649369675514415,83
3860,1,5720,5720,0,0,0,0,1.0,1.0,1.0,1.0,1.0,1,0.6608754659654762,82
3861,1,5721,5721,0,0,0,0,1.0,1.0,1.0,1.0,1.0,1,0.65292073504539,84
3862,3,5724,5724,0,0,0,0,1.0,1.0,1.0,1.0,1.0,1,0.6554427153952286,85
3863,1,5725,5725,0,0,0,0,1.0,1.0,1.0,1.0,1.0,1,0.6500524022003895,84
3864,3,5728,5728,0,0,0,0,1.0,1.0,1.0,1.0,1.0,1,0.6521460495207462,83
3865,3,5731,5731,0,0,0,0,1.0,1.0,1.0,1.0,1.0,1,0.6618537284980628,82
3866,2,5733,5733,0,0,0,0,1.0,1.0,1.0,1.0,1.0,1,0.6629074004144261,81
3867,3,5736,5736,0,0,0,0,1.0,1.0,1.0,1.0,1.0,1,0.6682363640977225,81
3868,5,5741,5741,0,0,0,0,1.0,1.0,1.0,1.0,1.0,1,0.6426197430727925,81
3869,2,5743,5743,0,0,0,0,1.0,1.0,1.0,1.0,1.0,1,0.650907575976527,81
3870,2,5745,5745,0,0,0,0,1.0,1.0,1.0,1.0,1.0,1,0.626572530456805,80
3871,1,5746,5746,0,0,0,0,1.0,1.0,1.0,1.0,1.0,1,0.6104184145730791,82
3872,3,5749,5749,0,0,0,0,1.0,1.0,1.0,1.0,1.0,1,0.621866120284051,81
3873,1,5750,5750,0,0,0,0,1.0,1.0,1.0,1.0,1.0,1,0.6118158941506422,81
3874,3,5753,5753,0,0,0,0,1.0,1.0,1.0,1.0,1.0,1,0.6248263130717157,78
3875,0,5753,5753,0,0,0,0,1.0,1.0,1.0,1.0,1.0,1,0.6257956805150745,77
3876,2,5755,5755,0,0,0,0,1.0,1.0,1.0,1.0,1.0,1,0.6409093993582874,78
3877,1,5756,5756,0,0,0,0,1.0,1.0,1.0,1.0,1.0,1,0.6426045322382538,75
3878,1,5757,5757,0,0,0,0,1.0,1.0,1.0,1.0,1.0,1,0.6518811834876629,75
3879,0,5757,5757,0,0,0,0,1.0,1.0,1.0,1.0,1.0,1,0.6616487976294423,73
3880,0,5757,5757,0,0,0,0,1.0,1.0,1.0,1.0,1.0,1,0.6577527119720618,74
3881,0,5757,5757,0,0,0,0,1.0,1.0,1.0,1.0,1.0,1,0.6539444099289898,75
3882,0,5757,5757,0,0,0,0,1.0,1.0,1.0,1.0,1.0,1,0.6575439713878769,76
3883,0,5757,5757,0,0,0,0,1.0,1.0,1.0,1.0,1.0,1,0.6548588657874382,77
3884,0,5757,5757,0,0,0,0,1.0,1.0,1.0,1.0,1.0,1,0.6549796741181877,78
3885,5,5762,5762,0,0,0,0,1.0,1.0,1.0,1.0,1.0,1,0.6490639591878202,78
3886,1,5763,5763,0,0,0,0,1.0,1.0,1.0,1.0,1.0,1,0.6513962945004991,79
3887,4,5767,5767,0,0,0,0,1.0,1.0,1.0,1.0,1.0,1,0.6454721608508344,78
3888,3,5770,5770,0,0,0,0,1.0,1.0,1.0,1.0,1.0,1,0.6470691400200332,80
3889,3,5773,5773,0,0,0,0,1.0,1.0,1.0,1.0,1.0,1,0.6470623184319328,82
3890,2,5775,5775,0,0,0,0,1.0,1.0,1.0,1.0,1.0,1,0.6498554936088884,82
3891,3,5778,5778,0,0,0,0,1.0,1.0,1.0,1.0,1.0,1,0.6467266700789621,85
3892,0,5778,5778,0,0,0,0,1.0,1.0,1.0,1.0,1.0,1,0.6494301189905816,87
3893,3,5781,5781,0,0,0,0,1.0,1.0,1.0,1.0,1.0,1,0.6551924784682951,86
3894,0,5781,5781,0,0,0,0,1.0,1.0,1.0,1.0,1.0,1,0.6569962845882507,87
3895,1,5782,5782,0,0,0,0,1.0,1.0,1.0,1.0,1.0,1,0.650339794155333,87
3896,3,5785,5785,0,0,0,0,1.0,1.0,1.0,1.0,1.0,1,0.6380739090085997,85
3897,2,5787,5787,0,0,0,0,1.0,1.0,1.0,1.0,1.0,1,0.6455399875276846,85
3898,4,5791,5791,0,0,0,0,1.0,1.0,1.0,1.0,1.0,1,0.6442114561119548,86
3899,2,5793,5793,0,0,0,0,1.0,1.0,1.0,1.0,1.0,1,0.6425288054833789,86
3900,2,5795,5795,0,0,0,0,1.0,1.0,1.0,1.0,1.0,1,0.6315827575196582,86
3901,3,5798,5798,0,0,0,0,1.0,1.0,1.0,1.0,1.0,1,0.6269882899562265,86
3902,4,5802,5802,0,0,0,0,1.0,1.0,1.0,1.0,1.0,1,0.6234395068887079,87
3903,2,5804,5804,0,0,0,0,1.0,1.0,1.0,1.0,1.0,1,0.6058088423437846,87
3904,1,5805,5805,0,0,0,0,1.0,1.0,1.0,1.0,1.0,1,0.5976179547779898,85
3905,2,5807,5807,0,0,0,0,1.0,1.0,1.0,1.0,1.0,1,0.582268251915874,84
3906,2,5809,5809,0,0,0,0,1.0,1.0,1.0,1.0,1.0,1,0.5770269244763426,86
3907,2,5811,5811,0,0,0,0,1.0,1.0,1.0,1.0,1.0,1,0.5929903862577753,84
3908,1,5812,5812,0,0,0,0,1.0,1.0,1.0,1.0,1.0,1,0.6026696072507154,83
3909,0,5812,5812,0,0,0,0,1.0,1.0,1.0,1.0,1.0,1,0.6107589586671112,81
3910,2,5814,5814,0,0,0,0,1.0,1.0,1.0,1.0,1.0,1,0.6009915448344143,82
3911,0,5814,5814,0,0,0,0,1.0,1.0,1.0,1.0,1.0,1,0.6034586661840621,81
3912,3,5817,5817,0,0,0,0,1.0,1.0,1.0,1.0,1.0,1,0.6120384991634782,80
3913,1,5818,5818,0,0,0,0,1.0,1.0,1.0,1.0,1.0,1,0.6155035785162968,80
3914,3,5821,5821,0,0,0,0,1.0,1.0,1.0,1.0,1.0,1,0.6265567715926281,81
3915,2,5823,5823,0,0,0,0,1.0,1.0,1.0,1.0,1.0,1,0.6355029331551589,81
3916,1,5824,5824,0,0,0,0,1.0,1.0,1.0,1.0,1.0,1,0.6346123798602621,81
3917,2,5826,5826,0,0,0,0,1.0,1.0,1.0,1.0,1.0,1,0.6366863351201096,82
3918,2,5828,5828,0,0,0,0,1.0,1.0,1.0,1.0,1.0,1,0.6530196274014171,85
3919,1,5829,5829,0,0,0,0,1.0,1.0,1.0,1.0,1.0,1,0.6597875112838482,85
3920,0,5829,5829,0,0,0,0,1.0,1.0,1.0,1.0,1.0,1,0.6597875112838482,85
3921,0,5829,5829,0,0,0,0,1.0,1.0,1.0,1.0,1.0,1,0.6582277393991544,88
3922,0,5829,5829,0,0,0,0,1.0,1.0,1.0,1.0,1.0,1,0.6582277393991544,88
3923,3,5832,5832,0,0,0,0,1.0,1.0,1.0,1.0,1.0,1,0.6442549539831405,89
3924,1,5833,5833,0,0,0,0,1.0,1.0,1.0,1.0,1.0,1,0.6440810120182406,90
3925,2,5835,5835,0,0,0,0,1.0,1.0,1.0,1.0,1.0,1,0.6406786511272723,88
3926,1,5836,5836,0,0,0,0,1.0,1.0,1.0,1.0,1.0,1,0.6395945517726376,89
3927,1,5837,5837,0,0,0,0,1.0,1.0,1.0,1.0,1.0,1,0.6448416810138028,89
3928,2,5839,5839,0,0,0,0,1.0,1.0,1.0,1.0,1.0,1,0.6503778596432094,88
3929,0,5839,5839,0,0,0,0,1.0,1.0,1.0,1.0,1.0,1,0.6503778596432094,88
3930,2,5841,5841,0,0,0,0,1.0,1.0,1.0,1.0,1.0,1,0.6551865825352986,87
3931,1,5842,5842,0,0,0,0,1.0,1.0,1.0,1.0,1.0,1,0.6575589434375667,86
3932,2,5844,5844,0,0,0,0,1.0,1.0,1.0,1.0,1.0,1,0.6691343556999471,85
3933,1,5845,5845,0,0,0,0,1.0,1.0,1.0,1.0,1.0,1,0.6713773311772876,84
3934,0,5845,5845,0,0,0,0,1.0,1.0,1.0,1.0,1.0,1,0.6657770506578438,85
3935,1,5846,5846,0,0,0,0,1.0,1.0,1.0,1.0,1.0,1,0.6683762658615328,84
3936,0,5846,5846,0,0,0,0,1.0,1.0,1.0,1.0,1.0,1,0.6647895920731455,84
3937,1,5847,5847,0,0,0,0,1.0,1.0,1.0,1.0,1.0,1,0.6558952277066294,82
3938,1,5848,5848,0,0,0,0,1.0,1.0,1.0,1.0,1.0,1,0.6444749822737099,82
3939,2,5850,5850,0,0,0,0,1.0,1.0,1.0,1.0,1.0,1,0.6312300315548011,84
3940,0,5850,5850,0,0,0,0,1.0,1.0,1.0,1.0,1.0,1,0.6312300315548011,84
3941,2,5852,5852,0,0,0,0,1.0,1.0,1.0,1.0,1.0,1,0.6182092424053993,85
3942,2,5854,5854,0,0,0,0,1.0,1.0,1.0,1.0,1.0,1,0.6092629615709371,85
3943,3,5857,5857,0,0,0,0,1.0,1.0,1.0,1.0,1.0,1,0.6237429460584504,84
3944,1,5858,5858,0,0,0,0,1.0,1.0,1.0,1.0,1.0,1,0.6320987152776941,83
3945,2,5860,5860,0,0,0,0,1.0,1.0,1.0,1.0,1.0,1,0.637685437233915,83
3946,3,5863,5863,0,0,0,0,1.0,1.0,1.0,1.0,1.0,1,0.6468872379364525,83
3947,1,5864,5864,0,0,0,0,1.0,1.0,1.0,1.0,1.0,1,0.6517225590499627,83
3948,3,5867,5867,0,0,0,0,1.0,1.0,1.0,1.0,1.0,1,0.6571110162509064,84
3949,2,5869,5869,0,0,0,0,1.0,1.0,1.0,1.0,1.0,1,0.6534345049602139,84
3950,6,5875,5875,0,0,0,0,1.0,1.0,1.0,1.0,1.0,1,0.657011087188447,86
3951,2,5877,5877,0,0,0,0,1.0,1.0,1.0,1.0,1.0,1,0.6438159818346263,87
3952,2,5879,5879,0,0,0,0,1.0,1.0,1.0,1.0,1.0,1,0.639878557697823,86
3953,2,5881,5881,0,0,0,0,1.0,1.0,1.0,1.0,1.0,1,0.6403878945984873,86
3954,0,5881,5881,0,0,0,0,1.0,1.0,1.0,1.0,1.0,1,0.6379593501320239,85
3955,1,5882,5882,0,0,0,0,1.0,1.0,1.0,1.0,1.0,1,0.6392638032508607,85
3956,1,5883,5883,0,0,0,0,1.0,1.0,1.0,1.0,1.0,1,0.64039131284977,84
3957,0,5883,5883,0,0,0,0,1.0,1.0,1.0,1.0,1.0,1,0.6428567914165737,85
3958,1,5884,5884,0,0,0,0,1.0,1.0,1.0,1.0,1.0,1,0.642364185190188,84
3959,0,5884,5884,0,0,0,0,1.0,1.0,1.0,1.0,1.0,1,0.6496386128278817,83
3960,3,5887,5887,0,0,0,0,1.0,1.0,1.0,1.0,1.0,1,0.6513763389876681,84
3961,1,5888,5888,0,0,0,0,1.0,1.0,1.0,1.0,1.0,1,0.6608737726787253,83
3962,5,5893,5893,0,0,0,0,1.0,1.0,1.0,1.0,1.0,1,0.6541945885525177,84
3963,2,5895,5895,0,0,0,0,1.0,1.0,1.0,1.0,1.0,1,0.6668798109705865,81
3964,0,5895,5895,0,0,0,0,1.0,1.0,1.0,1.0,1.0,1,0.6606302849459691,81
3965,2,5897,5897,0,0,0,0,1.0,1.0,1.0,1.0,1.0,1,0.6700681473985827,81
3966,3,5900,5900,0,0,0,0,1.0,1.0,1.0,1.0,1.0,1,0.6787295428416307,79
3967,2,5902,5902,0,0,0,0,1.0,1.0,1.0,1.0,1.0,1,0.6767762643442439,81
3968,2,5904,5904,0,0,0,0,1.0,1.0,1.0,1.0,1.0,1,0.6836061082032274,79
3969,3,5907,5907,0,0,0,0,1.0,1.0,1.0,1.0,1.0,1,0.6935482592682536,79
3970,1,5908,5908,0,0,0,0,1.0,1.0,1.0,1.0,1.0,1,0.6905636848779808,78
3971,0,5908,5908,0,0,0,0,1.0,1.0,1.0,1.0,1.0,1,0.6906811326877559,77
3972,2,5910,5910,0,0,0,0,1.0,1.0,1.0,1.0,1.0,1,0.6855645805553782,78
3973,0,5910,5910,0,0,0,0,1.0,1.0,1.0,1.0,1.0,1,0.6857332341517465,77
3974,0,5910,5910,0,0,0,0,1.0,1.0,1.0,1.0,1.0,1,0.6857332341517465,77
3975,0,5910,5910,0,0,0,0,1.0,1.0,1.0,1.0,1.0,1,0.6939279388486876,76
3976,0,5910,5910,0,0,0,0,1.0,1.0,1.0,1.0,1.0,1,0.6934355082099083,77
3977,2,5912,5912,0,0,0,0,1.0,1.0,1.0,1.0,1.0,1,0.6842687561227014,78
3978,2,5914,5914,0,0,0,0,1.0,1.0,1.0,1.0,1.0,1,0.6732076510535221,79
3979,3,5917,5917,0,0,0,0,1.0,1.0,1.0,1.0,1.0,1,0.6493463354568987,79
3980,2,5919,5919,0,0,0,0,1.0,1.0,1.0,1.0,1.0,1,0.6387732751259451,79
3981,2,5921,5921,0,0,0,0,1.0,1.0,1.0,1.0,1.0,1,0.6323055255377171,83
3982,2,5923,5923,0,0,0,0,1.0,1.0,1.0,1.0,1.0,1,0.6262395715538864,83
3983,5,5928,5928,0,0,0,0,1.0,1.0,1.0,1.0,1.0,1,0.6148353908901953,82
3984,2,5930,5930,0,0,0,0,1.0,1.0,1.0,1.0,1.0,1,0.6184059157319945,83
3985,2,5932,5932,0,0,0,0,1.0,1.0,1.0,1.0,1.0,1,0.6246689032764632,84
3986,5,5937,5937,0,0,0,0,1.0,1.0,1.0,1.0,1.0,1,0.6383106129476309,83
3987,2,5939,5939,0,0,0,0,1.0,1.0,1.0,1.0,1.0,1,0.6278894720560816,82
3988,2,5941,5941,0,0,0,0,1.0,1.0,1.0,1.0,1.0,1,0.6295300237957395,83
3989,0,5941,5941,0,0,0,0,1.0,1.0,1.0,1.0,1.0,1,0.6393372289129113,81
3990,0,5941,5941,0,0,0,0,1.0,1.0,1.0,1.0,1.0,1,0.6393372289129113,81
3991,3,5944,5944,0,0,0,0,1.0,1.0,1.0,1.0,1.0,1,0.6244837320585398,79
3992,2,5946,5946,0,0,0,0,1.0,1.0,1.0,1.0,1.0,1,0.6246175734646996,81
3993,2,5948,5948,0,0,0,0,1.0,1.0,1.0,1.0,1.0,1,0.6357640552574505,80
3994,1,5949,5949,0,0,0,0,1.0,1.0,1.0,1.0,1.0,1,0.6388638747071061,80
3995,3,5952,5952,0,0,0,0,1.0,1.0,1.0,1.0,1.0,1,0.6452021255290981,81
3996,0,5952,5952,0,0,0,0,1.0,1.0,1.0,1.0,1.0,1,0.6611645263573491,80
3997,2,5954,5954,0,0,0,0,1.0,1.0,1.0,1.0,1.0,1,0.6683798139005874,81
3998,1,5955,5955,0,0,0,0,1.0,1.0,1.0,1.0,1.0,1,0.6614593042915068,82
3999,1,5956,5956,0,0,0,0,1.0,1.0,1.0,1.0,1.0,1,0.6637583944780274,82
4000,2,5958,5958,0,0,0,0,1.0,1.0,1.0,1.0,1.0,1,0.6708438014683473,82
4001,1,5959,5959,0,0,0,0,1.0,1.0,1.0,1.0,1.0,1,0.6679914131499048,81
4002,3,5962,5962,0,0,0,0,1.0,1.0,1.0,1.0,1.0,1,0.6669561706466329,81
4003,2,5964,5964,0,0,0,0,1.0,1.0,1.0,1.0,1.0,1,0.6741105795415498,81
4004,3,5967,5967,0,0,0,0,1.0,1.0,1.0,1.0,1.0,1,0.6669582153422932,80
4005,1,5968,5968,0,0,0,0,1.0,1.0,1.0,1.0,1.0,1,0.6664161107902993,78
4006,6,5974,5974,0,0,0,0,1.0,1.0,1.0,1.0,1.0,1,0.6673951232244617,76
4007,2,5976,5976,0,0,0,0,1.0,1.0,1.0,1.0,1.0,1,0.6633382955827413,75
4008,3,5979,5979,0,0,0,0,1.0,1.0,1.0,1.0,1.0,1,0.6643282680756076,74
4009,2,5981,5981,0,0,0,0,1.0,1.0,1.0,1.0,1.0,1,0.6628746348520111,75
4010,4,5985,5985,0,0,0,0,1.0,1.0,1.0,1.0,1.0,1,0.6733827277444611,75
4011,1,5986,5986,0,0,0,0,1.0,1.0,1.0,1.0,1.0,1,0.6648624472728565,74
4012,1,5987,5987,0,0,0,0,1.0,1.0,1.0,1.0,1.0,1,0.6677683289952832,74
4013,2,5989,5989,0,0,0,0,1.0,1.0,1.0,1.0,1.0,1,0.6577452174727372,74
4014,0,5989,5989,0,0,0,0,1.0,1.0,1.0,1.0,1.0,1,0.6624646901413366,73
4015,1,5990,5990,0,0,0,0,1.0,1.0,1.0,1.0,1.0,1,0.6631926592154999,74
4016,3,5993,5993,0,0,0,0,1.0,1.0,1.0,1.0,1.0,1,0.6669835018633521,74
4017,0,5993,5993,0,0,0,0,1.0,1.0,1.0,1.0,1.0,1,0.654718433250096,78
4018,3,5996,5996,0,0,0,0,1.0,1.0,1.0,1.0,1.0,1,0.6592536621076023,78
4019,1,5997,5997,0,0,0,0,1.0,1.0,1.0,1.0,1.0,1,0.6624132028595937,78
4020,2,5999,5999,0,0,0,0,1.0,1.0,1.0,1.0,1.0,1,0.6546523460006172,78
4021,0,5999,5999,0,0,0,0,1.0,1.0,1.0,1.0,1.0,1,0.6546523460006172,78
4022,3,6002,6002,0,0,0,0,1.0,1.0,1.0,1.0,1.0,1,0.6488517844721534,79
4023,2,6004,6004,0,0,0,0,1.0,1.0,1.0,1.0,1.0,1,0.6447633714534339,78
4024,3,6007,6007,0,0,0,0,1.0,1.0,1.0,1.0,1.0,1,0.6521182449525827,77
4025,3,6010,6010,0,0,0,0,1.0,1.0,1.0,1.0,1.0,1,0.6291119080481687,76
4026,1,6011,6011,0,0,0,0,1.0,1.0,1.0,1.0,1.0,1,0.6159788406147714,76
4027,4,6015,6015,0,0,0,0,1.0,1.0,1.0,1.0,1.0,1,0.6198204184338311,75
4028,1,6016,6016,0,0,0,0,1.0,1.0,1.0,1.0,1.0,1,0.6113432253291142,76
4029,2,6018,6018,0,0,0,0,1.0,1.0,1.0,1.0,1.0,1,0.6204969594124642,75
4030,3,6021,6021,0,0,0,0,1.0,1.0,1.0,1.0,1.0,1,0.6180124214353373,74
4031,2,6023,6023,0,0,0,0,1.0,1.0,1.0,1.0,1.0,1,0.6087400504736471,73
4032,2,6025,6025,0,0,0,0,1.0,1.0,1.0,1.0,1.0,1,0.5985899864886804,71
4033,0,6025,6025,0,0,0,0,1.0,1.0,1.0,1.0,1.0,1,0.593029843275971,73
4034,4,6029,6029,0,0,0,0,1.0,1.0,1.0,1.0,1.0,1,0.5785238921213246,72
4035,3,6032,6032,0,0,0,0,1.0,1.0,1.0,1.0,1.0,1,0.5927386032939876,71
4036,2,6034,6034,0,0,0,0,1.0,1.0,1.0,1.0,1.0,1,0.6032942845860562,71
4037,2,6036,6036,0,0,0,0,1.0,1.0,1.0,1.0,1.0,1,0.6195284796286916,70
4038,3,6039,6039,0,0,0,0,1.0,1.0,1.0,1.0,1.0,1,0.6249553185133129,69
4039,0,6039,6039,0,0,0,0,1.0,1.0,1.0,1.0,1.0,1,0.6272795108842959,68
4040,4,6043,6043,0,0,0,0,1.0,1.0,1.0,1.0,1.0,1,0.6487121964167215,69
4041,0,6043,6043,0,0,0,0,1.0,1.0,1.0,1.0,1.0,1,0.6587822909812775,67
4042,1,6044,6044,0,0,0,0,1.0,1.0,1.0,1.0,1.0,1,0.6623923959269079,67
4043,1,6045,6045,0,0,0,0,1.0,1.0,1.0,1.0,1.0,1,0.671110641719104,66
4044,2,6047,6047,0,0,0,0,1.0,1.0,1.0,1.0,1.0,1,0.6842945435760058,65
4045,0,6047,6047,0,0,0,0,1.0,1.0,1.0,1.0,1.0,1,0.6815139450368658,66
4046,1,6048,6048,0,0,0,0,1.0,1.0,1.0,1.0,1.0,1,0.6816918836557058,68
4047,1,6049,6049,0,0,0,0,1.0,1.0,1.0,1.0,1.0,1,0.6841879643092746,68
4048,1,6050,6050,0,0,0,0,1.0,1.0,1.0,1.0,1.0,1,0.691659286688395,69
4049,1,6051,6051,0,0,0,0,1.0,1.0,1.0,1.0,1.0,1,0.6937744485507404,69
4050,0,6051,6051,0,0,0,0,1.0,1.0,1.0,1.0,1.0,1,0.691268680985883,69
4051,1,6052,6052,0,0,0,0,1.0,1.0,1.0,1.0,1.0,1,0.6841230576433337,69
4052,1,6053,6053,0,0,0,0,1.0,1.0,1.0,1.0,1.0,1,0.6771914390546139,69
4053,1,6054,6054,0,0,0,0,1.0,1.0,1.0,1.0,1.0,1,0.6700248653135233,69
4054,1,6055,6055,0,0,0,0,1.0,1.0,1.0,1.0,1.0,1,0.6773646888826814,70
4055,0,6055,6055,0,0,0,0,1.0,1.0,1.0,1.0,1.0,1,0.6773646888826814,70
4056,0,6055,6055,0,0,0,0,1.0,1.0,1.0,1.0,1.0,1,0.6773646888826814,70
4057,2,6057,6057,0,0,0,0,1.0,1.0,1.0,1.0,1.0,1,0.6602733490896293,71
4058,4,6061,6061,0,0,0,0,1.0,1.0,1.0,1.0,1.0,1,0.6334571436187818,71
4059,1,6062,6062,0,0,0,0,1.0,1.0,1.0,1.0,1.0,1,0.6378499552613007,72
4060,3,6065,6065,0,0,0,0,1.0,1.0,1.0,1.0,1.0,1,0.6149602066963997,71
4061,2,6067,6067,0,0,0,0,1.0,1.0,1.0,1.0,1.0,1,0.5947762134794807,72
4062,0,6067,6067,0,0,0,0,1.0,1.0,1.0,1.0,1.0,1,0.5947762134794807,72
4063,2,6069,6069,0,0,0,0,1.0,1.0,1.0,1.0,1.0,1,0.5957981993651081,72
4064,3,6072,6072,0,0,0,0,1.0,1.0,1.0,1.0,1.0,1,0.6064554886769314,71
4065,3,6075,6075,0,0,0,0,1.0,1.0,1.0,1.0,1.0,1,0.596348393588002,70
4066,2,6077,6077,0,0,0,0,1.0,1.0,1.0,1.0,1.0,1,0.6181443084729937,70
4067,1,6078,6078,0,0,0,0,1.0,1.0,1.0,1.0,1.0,1,0.6341524756117105,68
4068,5,6083,6083,0,0,0,0,1.0,1.0,1.0,1.0,1.0,1,0.6078077169836993,70
4069,3,6086,6086,0,0,0,0,1.0,1.0,1.0,1.0,1.0,1,0.6085238011349208,68
4070,2,6088,6088,0,0,0,0,1.0,1.0,1.0,1.0,1.0,1,0.6105022928453326,67
4071,2,6090,6090,0,0,0,0,1.0,1.0,1.0,1.0,1.0,1,0.6211847561192106,68
4072,5,6095,6095,0,0,0,0,1.0,1.0,1.0,1.0,1.0,1,0.6330373072164581,70
4073,3,6098,6098,0,0,0,0,1.0,1.0,1.0,1.0,1.0,1,0.6502726693169628,70
4074,5,6103,6103,0,0,0,0,1.0,1.0,1.0,1.0,1.0,1,0.6268927187195683,71
4075,2,6105,6105,0,0,0,0,1.0,1.0,1.0,1.0,1.0,1,0.6331465868814368,72
4076,4,6109,6109,0,0,0,0,1.0,1.0,1.0,1.0,1.0,1,0.638391110117044,73
4077,1,6110,6110,0,0,0,0,1.0,1.0,1.0,1.0,1.0,1,0.6344980342195193,72
4078,3,6113,6113,0,0,0,0,1.0,1.0,1.0,1.0,1.0,1,0.6369901428977126,71
4079,4,6117,6117,0,0,0,0,1.0,1.0,1.0,1.0,1.0,1,0.6512281846627581,69
4080,1,6118,6118,0,0,0,0,1.0,1.0,1.0,1.0,1.0,1,0.6524401484775907,67
4081,1,6119,6119,0,0,0,0,1.0,1.0,1.0,1.0,1.0,1,0.6581062674031533,66
4082,1,6120,6120,0,0,0,0,1.0,1.0,1.0,1.0,1.0,1,0.6603681132781267,65
4083,3,6123,6123,0,0,0,0,1.0,1.0,1.0,1.0,1.0,1,0.6804105821143468,64
4084,2,6125,6125,0,0,0,0,1.0,1.0,1.0,1.0,1.0,1,0.6964432606641165,64
4085,2,6127,6127,0,0,0,0,1.0,1.0,1.0,1.0,1.0,1,0.6747643302467445,65
4086,1,6128,6128,0,0,0,0,1.0,1.0,1.0,1.0,1.0,1,0.6738522367131711,66
4087,1,6129,6129,0,0,0,0,1.0,1.0,1.0,1.0,1.0,1,0.6665979320212667,66
4088,0,6129,6129,0,0,0,0,1.0,1.0,1.0,1.0,1.0,1,0.6776064456736178,65
4089,1,6130,6130,0,0,0,0,1.0,1.0,1.0,1.0,1.0,1,0.6674394560330026,65
4090,0,6130,6130,0,0,0,0,1.0,1.0,1.0,1.0,1.0,1,0.6719343127981252,65
4091,1,6131,6131,0,0,0,0,1.0,1.0,1.0,1.0,1.0,1,0.6578563013035654,65
4092,0,6131,6131,0,0,0,0,1.0,1.0,1.0,1.0,1.0,1,0.6680448457994488,64
4093,0,6131,6131,0,0,0,0,1.0,1.0,1.0,1.0,1.0,1,0.658296036244082,66
4094,2,6133,6133,0,0,0,0,1.0,1.0,1.0,1.0,1.0,1,0.6830494481871169,65
4095,3,6136,6136,0,0,0,0,1.0,1.0,1.0,1.0,1.0,1,0.7031842171564127,65
4096,1,6137,6137,0,0,0,0,1.0,1.0,1.0,1.0,1.0,1,0.7091711119864013,67
4097,3,6140,6140,0,0,0,0,1.0,1.0,1.0,1.0,1.0,1,0.7259824391232069,67
4098,4,6144,6144,0,0,0,0,1.0,1.0,1.0,1.0,1.0,1,0.718591423324787,68
4099,0,6144,6144,0,0,0,0,1.0,1.0,1.0,1.0,1.0,1,0.7205173577088299,69
4100,3,6147,6147,0,0,0,0,1.0,1.0,1.0,1.0,1.0,1,0.6975447074899037,70
4101,2,6149,6149,0,0,0,0,1.0,1.0,1.0,1.0,1.0,1,0.6949293273687576,71
4102,3,6152,6152,0,0,0,0,1.0,1.0,1.0,1.0,1.0,1,0.6997336590627979,71
4103,0,6152,6152,0,0,0,0,1.0,1.0,1.0,1.0,1.0,1,0.6989712949480721,71
4104,2,6154,6154,0,0,0,0,1.0,1.0,1.0,1.0,1.0,1,0.6994272708741435,69
4105,1,6155,6155,0,0,0,0,1.0,1.0,1.0,1.0,1.0,1,0.7064600331564165,67
4106,2,6157,6157,0,0,0,0,1.0,1.0,1.0,1.0,1.0,1,0.695424534212142,68
4107,0,6157,6157,0,0,0,0,1.0,1.0,1.0,1.0,1.0,1,0.6915847093770376,70
4108,2,6159,6159,0,0,0,0,1.0,1.0,1.0,1.0,1.0,1,0.6919348733808528,70
4109,1,6160,6160,0,0,0,0,1.0,1.0,1.0,1.0,1.0,1,0.6933724933962218,69
4110,2,6162,6162,0,0,0,0,1.0,1.0,1.0,1.0,1.0,1,0.6781346146604047,71
4111,2,6164,6164,0,0,0,0,1.0,1.0,1.0,1.0,1.0,1,0.6668821807700356,70
4112,3,6167,6167,0,0,0,0,1.0,1.0,1.0,1.0,1.0,1,0.6445950759854604,72
4113,1,6168,6168,0,0,0,0,1.0,1.0,1.0,1.0,1.0,1,0.6410204189545815,72
4114,2,6170,6170,0,0,0,0,1.0,1.0,1.0,1.0,1.0,1,0.6264476196464626,72
4115,1,6171,6171,0,0,0,0,1.0,1.0,1.0,1.0,1.0,1,0.6376640722511215,70
4116,2,6173,6173,0,0,0,0,1.0,1.0,1.0,1.0,1.0,1,0.6411132840646033,67
4117,3,6176,6176,0,0,0,0,1.0,1.0,1.0,1.0,1.0,1,0.6447756099657911,67
4118,0,6176,6176,0,0,0,0,1.0,1.0,1.0,1.0,1.0,1,0.6454286156191221,66
4119,2,6178,6178,0,0,0,0,1.0,1.0,1.0,1.0,1.0,1,0.6439818251466972,67
4120,1,6179,6179,0,0,0,0,1.0,1.0,1.0,1.0,1.0,1,0.6575256987038044,64
4121,1,6180,6180,0,0,0,0,1.0,1.0,1.0,1.0,1.0,1,0.6642999720020683,63
4122,5,6185,6185,0,0,0,0,1.0,1.0,1.0,1.0,1.0,1,0.6742841807426311,63
4123,3,6188,6188,0,0,0,0,1.0,1.0,1.0,1.0,1.0,1,0.6865220653714496,61
4124,2,6190,6190,0,0,0,0,1.0,1.0,1.0,1.0,1.0,1,0.6974797658249546,62
4125,0,6190,6190,0,0,0,0,1.0,1.0,1.0,1.0,1.0,1,0.6984084728179831,60
4126,2,6192,6192,0,0,0,0,1.0,1.0,1.0,1.0,1.0,1,0.7001448369554012,59
4127,1,6193,6193,0,0,0,0,1.0,1.0,1.0,1.0,1.0,1,0.7104681180717989,60
4128,2,6195,6195,0,0,0,0,1.0,1.0,1.0,1.0,1.0,1,0.7097545320386796,60
4129,0,6195,6195,0,0,0,0,1.0,1.0,1.0,1.0,1.0,1,0.7141124620038112,60
4130,1,6196,6196,0,0,0,0,1.0,1.0,1.0,1.0,1.0,1,0.7117062550973176,61
4131,0,6196,6196,0,0,0,0,1.0,1.0,1.0,1.0,1.0,1,0.7226169003608014,60
4132,2,6198,6198,0,0,0,0,1.0,1.0,1.0,1.0,1.0,1,0.7296065868781738,60
4133,2,6200,6200,0,0,0,0,1.0,1.0,1.0,1.0,1.0,1,0.7146746852103936,62
4134,1,6201,6201,0,0,0,0,1.0,1.0,1.0,1.0,1.0,1,0.7133100349216195,63
4135,2,6203,6203,0,0,0,0,1.0,1.0,1.0,1.0,1.0,1,0.6974161800401588,65
4136,0,6203,6203,0,0,0,0,1.0,1.0,1.0,1.0,1.0,1,0.6974161800401588,65
4137,1,6204,6204,0,0,0,0,1.0,1.0,1.0,1.0,1.0,1,0.6909963143258328,66
4138,5,6209,6209,0,0,0,0,1.0,1.0,1.0,1.0,1.0,1,0.6716027844041659,67
4139,1,6210,6210,0,0,0,0,1.0,1.0,1.0,1.0,1.0,1,0.6750320492284747,67
4140,2,6212,6212,0,0,0,0,1.0,1.0,1.0,1.0,1.0,1,0.6498740571683285,66
4141,3,6215,6215,0,0,0,0,1.0,1.0,1.0,1.0,1.0,1,0.6104912879437587,67
4142,0,6215,6215,0,0,0,0,1.0,1.0,1.0,1.0,1.0,1,0.6104912879437587,67
4143,4,6219,6219,0,0,0,0,1.0,1.0,1.0,1.0,1.0,1,0.5913397623046334,66
4144,1,6220,6220,0,0,0,0,1.0,1.0,1.0,1.0,1.0,1,0.6124002941714886,64
4145,1,6221,6221,0,0,0,0,1.0,1.0,1.0,1.0,1.0,1,0.6090563541102884,63
4146,4,6225,6225,0,0,0,0,1.0,1.0,1.0,1.0,1.0,1,0.6053007407189532,62
4147,0,6225,6225,0,0,0,0,1.0,1.0,1.0,1.0,1.0,1,0.6155298980244411,60
4148,2,6227,6227,0,0,0,0,1.0,1.0,1.0,1.0,1.0,1,0.6210413082305778,62
4149,3,6230,6230,0,0,0,0,1.0,1.0,1.0,1.0,1.0,1,0.6295373319517736,61
4150,3,6233,6233,0,0,0,0,1.0,1.0,1.0,1.0,1.0,1,0.6474817957970305,60
4151,1,6234,6234,0,0,0,0,1.0,1.0,1.0,1.0,1.0,1,0.6593873016909045,60
4152,3,6237,6237,0,0,0,0,1.0,1.0,1.0,1.0,1.0,1,0.6684276593652306,60
4153,1,6238,6238,0,0,0,0,1.0,1.0,1.0,1.0,1.0,1,0.6733307523742766,58
4154,2,6240,6240,0,0,0,0,1.0,1.0,1.0,1.0,1.0,1,0.682298905099821,57
4155,1,6241,6241,0,0,0,0,1.0,1.0,1.0,1.0,1.0,1,0.6728071820975452,57
4156,3,6244,6244,0,0,0,0,1.0,1.0,1.0,1.0,1.0,1,0.6889009767005564,58
4157,0,6244,6244,0,0,0,0,1.0,1.0,1.0,1.0,1.0,1,0.6893176115897172,57
4158,1,6245,6245,0,0,0,0,1.0,1.0,1.0,1.0,1.0,1,0.7074831435816116,55
4159,0,6245,6245,0,0,0,0,1.0,1.0,1.0,1.0,1.0,1,0.7018550265958783,57
4160,2,6247,6247,0,0,0,0,1.0,1.0,1.0,1.0,1.0,1,0.6993670975589852,58
4161,2,6249,6249,0,0,0,0,1.0,1.0,1.0,1.0,1.0,1,0.694652889290448,58
4162,2,6251,6251,0,0,0,0,1.0,1.0,1.0,1.0,1.0,1,0.6894267970447681,57
4163,1,6252,6252,0,0,0,0,1.0,1.0,1.0,1.0,1.0,1,0.6813544248610858,58
4164,4,6256,6256,0,0,0,0,1.0,1.0,1.0,1.0,1.0,1,0.6937579481464036,56
4165,0,6256,6256,0,0,0,0,1.0,1.0,1.0,1.0,1.0,1,0.6849621855902218,58
4166,2,6258,6258,0,0,0,0,1.0,1.0,1.0,1.0,1.0,1,0.6684294369183367,57
4167,3,6261,6261,0,0,0,0,1.0,1.0,1.0,1.0,1.0,1,0.6654445524564991,57
4168,1,6262,6262,0,0,0,0,1.0,1.0,1.0,1.0,1.0,1,0.6494639634686838,58
4169,0,6262,6262,0,0,0,0,1.0,1.0,1.0,1.0,1.0,1,0.6494639634686838,58
4170,2,6264,6264,0,0,0,0,1.0,1.0,1.0,1.0,1.0,1,0.6499632889415085,58
4171,0,6264,6264,0,0,0,0,1.0,1.0,1.0,1.0,1.0,1,0.6632138264105255,57
4172,1,6265,6265,0,0,0,0,1.0,1.0,1.0,1.0,1.0,1,0.6531856698479435,57
4173,0,6265,6265,0,0,0,0,1.0,1.0,1.0,1.0,1.0,1,0.6664701255608618,56
4174,1,6266,6266,0,0,0,0,1.0,1.0,1.0,1.0,1.0,1,0.6695833005005131,56
4175,0,6266,6266,0,0,0,0,1.0,1.0,1.0,1.0,1.0,1,0.6853618690442695,55
4176,2,6268,6268,0,0,0,0,1.0,1.0,1.0,1.0,1.0,1,0.6908865619164021,57
4177,0,6268,6268,0,0,0,0,1.0,1.0,1.0,1.0,1.0,1,0.6949549665410331,58
4178,4,6272,6272,0,0,0,0,1.0,1.0,1.0,1.0,1.0,1,0.7057098096077394,60
4179,2,6274,6274,0,0,0,0,1.0,1.0,1.0,1.0,1.0,1,0.689411390034513,61
4180,3,6277,6277,0,0,0,0,1.0,1.0,1.0,1.0,1.0,1,0.6428436342027021,62
4181,1,6278,6278,0,0,0,0,1.0,1.0,1.0,1.0,1.0,1,0.6287034335353568,63
4182,2,6280,6280,0,0,0,0,1.0,1.0,1.0,1.0,1.0,1,0.6124080975095527,63
4183,2,6282,6282,0,0,0,0,1.0,1.0,1.0,1.0,1.0,1,0.5990732767170156,63
4184,2,6284,6284,0,0,0,0,1.0,1.0,1.0,1.0,1.0,1,0.622312755303636,63
4185,0,6284,6284,0,0,0,0,1.0,1.0,1.0,1.0,1.0,1,0.6359213178182205,61
4186,2,6286,6286,0,0,0,0,1.0,1.0,1.0,1.0,1.0,1,0.6336752035913312,62
4187,0,6286,6286,0,0,0,0,1.0,1.0,1.0,1.0,1.0,1,0.6490691783281994,60
4188,5,6291,6291,0,0,0,0,1.0,1.0,1.0,1.0,1.0,1,0.6599712045053249,60
4189,1,6292,6292,0,0,0,0,1.0,1.0,1.0,1.0,1.0,1,0.6627625213768725,60
4190,1,6293,6293,0,0,0,0,1.0,1.0,1.0,1.0,1.0,1,0.6525614734201449,61
4191,2,6295,6295,0,0,0,0,1.0,1.0,1.0,1.0,1.0,1,0.6581096299059934,59
4192,2,6297,6297,0,0,0,0,1.0,1.0,1.0,1.0,1.0,1,0.6427237321407772,58
4193,3,6300,6300,0,0,0,0,1.0,1.0,1.0,1.0,1.0,1,0.6701762827861958,57
4194,1,6301,6301,0,0,0,0,1.0,1.0,1.0,1.0,1.0,1,0.6545314947198327,54
4195,2,6303,6303,0,0,0,0,1.0,1.0,1.0,1.0,1.0,1,0.6695189493693738,55
4196,1,6304,6304,0,0,0,0,1.0,1.0,1.0,1.0,1.0,1,0.6599649975306657,56
4197,1,6305,6305,0,0,0,0,1.0,1.0,1.0,1.0,1.0,1,0.656266874046247,55
4198,1,6306,6306,0,0,0,0,1.0,1.0,1.0,1.0,1.0,1,0.6603211873618826,56
4199,2,6308,6308,0,0,0,0,1.0,1.0,1.0,1.0,1.0,1,0.6809320388194453,55
4200,0,6308,6308,0,0,0,0,1.0,1.0,1.0,1.0,1.0,1,0.6809732624240614,55
4201,0,6308,6308,0,0,0,0,1.0,1.0,1.0,1.0,1.0,1,0.680730875243269,56
4202,0,6308,6308,0,0,0,0,1.0,1.0,1.0,1.0,1.0,1,0.680730875243269,56
4203,0,6308,6308,0,0,0,0,1.0,1.0,1.0,1.0,1.0,1,0.6841067192611889,57
4204,1,6309,6309,0,0,0,0,1.0,1.0,1.0,1.0,1.0,1,0.6779672385774326,57
4205,1,6310,6310,0,0,0,0,1.0,1.0,1.0,1.0,1.0,1,0.6644683638399143,58
4206,2,6312,6312,0,0,0,0,1.0,1.0,1.0,1.0,1.0,1,0.6773097243568129,58
4207,2,6314,6314,0,0,0,0,1.0,1.0,1.0,1.0,1.0,1,0.688761069329498,58
4208,1,6315,6315,0,0,0,0,1.0,1.0,1.0,1.0,1.0,1,0.6917860171617929,60
4209,3,6318,6318,0,0,0,0,1.0,1.0,1.0,1.0,1.0,1,0.7175419459916521,61
4210,1,6319,6319,0,0,0,0,1.0,1.0,1.0,1.0,1.0,1,0.7098535371792632,62
4211,0,6319,6319,0,0,0,0,1.0,1.0,1.0,1.0,1.0,1,0.7047549947472782,63
4212,1,6320,6320,0,0,0,0,1.0,1.0,1.0,1.0,1.0,1,0.7002524606940121,64
4213,1,6321,6321,0,0,0,0,1.0,1.0,1.0,1.0,1.0,1,0.6806435936531674,65
4214,0,6321,6321,0,0,0,0,1.0,1.0,1.0,1.0,1.0,1,0.6765965415646384,65
4215,0,6321,6321,0,0,0,0,1.0,1.0,1.0,1.0,1.0,1,0.6765965415646384,65
4216,0,6321,6321,0,0,0,0,1.0,1.0,1.0,1.0,1.0,1,0.6898447647956172,64
4217,1,6322,6322,0,0,0,0,1.0,1.0,1.0,1.0,1.0,1,0.6871809166591709,65
4218,1,6323,6323,0,0,0,0,1.0,1.0,1.0,1.0,1.0,1,0.6749732875187409,65
4219,1,6324,6324,0,0,0,0,1.0,1.0,1.0,1.0,1.0,1,0.6630478916991213,65
4220,2,6326,6326,0,0,0,0,1.0,1.0,1.0,1.0,1.0,1,0.6409626467030118,65
4221,1,6327,6327,0,0,0,0,1.0,1.0,1.0,1.0,1.0,1,0.6491816690846245,67
4222,0,6327,6327,0,0,0,0,1.0,1.0,1.0,1.0,1.0,1,0.6493932312006915,68
4223,0,6327,6327,0,0,0,0,1.0,1.0,1.0,1.0,1.0,1,0.6597219033264426,68
4224,1,6328,6328,0,0,0,0,1.0,1.0,1.0,1.0,1.0,1,0.6698103732509921,68
4225,1,6329,6329,0,0,0,0,1.0,1.0,1.0,1.0,1.0,1,0.6777037366712685,66
4226,0,6329,6329,0,0,0,0,1.0,1.0,1.0,1.0,1.0,1,0.6773813184121591,66
4227,1,6330,6330,0,0,0,0,1.0,1.0,1.0,1.0,1.0,1,0.6804539484668075,66
4228,1,6331,6331,0,0,0,0,1.0,1.0,1.0,1.0,1.0,1,0.6834764584157415,65
4229,1,6332,6332,0,0,0,0,1.0,1.0,1.0,1.0,1.0,1,0.678099682022055,65
4230,1,6333,6333,0,0,0,0,1.0,1.0,1.0,1.0,1.0,1,0.6859720114345643,64
4231,1,6334,6334,0,0,0,0,1.0,1.0,1.0,1.0,1.0,1,0.6908090559558233,64
4232,1,6335,6335,0,0,0,0,1.0,1.0,1.0,1.0,1.0,1,0.6888715765478576,65
4233,0,6335,6335,0,0,0,0,1.0,1.0,1.0,1.0,1.0,1,0.689255526975893,64
4234,3,6338,6338,0,0,0,0,1.0,1.0,1.0,1.0,1.0,1,0.6909808653139975,63
4235,2,6340,6340,0,0,0,0,1.0,1.0,1.0,1.0,1.0,1,0.7024959243199718,63
4236,0,6340,6340,0,0,0,0,1.0,1.0,1.0,1.0,1.0,1,0.7024959243199718,63
4237,2,6342,6342,0,0,0,0,1.0,1.0,1.0,1.0,1.0,1,0.7117138612397143,65
4238,0,6342,6342,0,0,0,0,1.0,1.0,1.0,1.0,1.0,1,0.7117138612397143,65
4239,0,6342,6342,0,0,0,0,1.0,1.0,1.0,1.0,1.0,1,0.7117138612397143,65
4240,1,6343,6343,0,0,0,0,1.0,1.0,1.0,1.0,1.0,1,0.7059356103073594,66
4241,0,6343,6343,0,0,0,0,1.0,1.0,1.0,1.0,1.0,1,0.7059356103073594,66
4242,1,6344,6344,0,0,0,0,1.0,1.0,1.0,1.0,1.0,1,0.689005735886393,69
4243,0,6344,6344,0,0,0,0,1.0,1.0,1.0,1.0,1.0,1,0.6915022282784996,71
4244,0,6344,6344,0,0,0,0,1.0,1.0,1.0,1.0,1.0,1,0.6915022282784996,71
4245,2,6346,6346,0,0,0,0,1.0,1.0,1.0,1.0,1.0,1,0.671954674901889,73
4246,0,6346,6346,0,0,0,0,1.0,1.0,1.0,1.0,1.0,1,0.6669620126639784,74
4247,0,6346,6346,0,0,0,0,1.0,1.0,1.0,1.0,1.0,1,0.6669620126639784,74
4248,1,6347,6347,0,0,0,0,1.0,1.0,1.0,1.0,1.0,1,0.661760544073563,74
4249,0,6347,6347,0,0,0,0,1.0,1.0,1.0,1.0,1.0,1,0.661760544073563,74
4250,0,6347,6347,0,0,0,0,1.0,1.0,1.0,1.0,1.0,1,0.661760544073563,74
4251,4,6351,6351,0,0,0,0,1.0,1.0,1.0,1.0,1.0,1,0.6474396491654031,75
4252,1,6352,6352,0,0,0,0,1.0,1.0,1.0,1.0,1.0,1,0.6432864917301581,75
4253,2,6354,6354,0,0,0,0,1.0,1.0,1.0,1.0,1.0,1,0.643018130636939,76
4254,1,6355,6355,0,0,0,0,1.0,1.0,1.0,1.0,1.0,1,0.6516107003126015,75
4255,1,6356,6356,0,0,0,0,1.0,1.0,1.0,1.0,1.0,1,0.6421520797756454,76
4256,2,6358,6358,0,0,0,0,1.0,1.0,1.0,1.0,1.0,1,0.6320177585585642,78
4257,3,6361,6361,0,0,0,0,1.0,1.0,1.0,1.0,1.0,1,0.6104383193391755,78
4258,1,6362,6362,0,0,0,0,1.0,1.0,1.0,1.0,1.0,1,0.6132437174753784,77
4259,3,6365,6365,0,0,0,0,1.0,1.0,1.0,1.0,1.0,1,0.5957425765101086,78
4260,1,6366,6366,0,0,0,0,1.0,1.0,1.0,1.0,1.0,1,0.5927502129999317,77
4261,6,6372,6372,0,0,0,0,1.0,1.0,1.0,1.0,1.0,1,0.616370640633053,76
4262,1,6373,6373,0,0,0,0,1.0,1.0,1.0,1.0,1.0,1,0.6133622793038875,75
4263,4,6377,6377,0,0,0,0,1.0,1.0,1.0,1.0,1.0,1,0.6056753474827985,74
4264,1,6378,6378,0,0,0,0,1.0,1.0,1.0,1.0,1.0,1,0.6129180627684353,74
4265,3,6381,6381,0,0,0,0,1.0,1.0,1.0,1.0,1.0,1,0.6243659859676151,73
4266,2,6383,6383,0,0,0,0,1.0,1.0,1.0,1.0,1.0,1,0.647772466516399,71
4267,2,6385,6385,0,0,0,0,1.0,1.0,1.0,1.0,1.0,1,0.6579186533335959,69
4268,1,6386,6386,0,0,0,0,1.0,1.0,1.0,1.0,1.0,1,0.6802029475211905,67
4269,2,6388,6388,0,0,0,0,1.0,1.0,1.0,1.0,1.0,1,0.700201662636696,64
4270,0,6388,6388,0,0,0,0,1.0,1.0,1.0,1.0,1.0,1,0.6932695841623201,63
4271,3,6391,6391,0,0,0,0,1.0,1.0,1.0,1.0,1.0,1,0.7092528827981108,63
4272,0,6391,6391,0,0,0,0,1.0,1.0,1.0,1.0,1.0,1,0.7015958081861468,62
4273,0,6391,6391,0,0,0,0,1.0,1.0,1.0,1.0,1.0,1,0.7015958081861468,62
4274,1,6392,6392,0,0,0,0,1.0,1.0,1.0,1.0,1.0,1,0.6864663280667954,62
4275,1,6393,6393,0,0,0,0,1.0,1.0,1.0,1.0,1.0,1,0.6903624501695949,61
4276,0,6393,6393,0,0,0,0,1.0,1.0,1.0,1.0,1.0,1,0.6899925528617318,62
4277,1,6394,6394,0,0,0,0,1.0,1.0,1.0,1.0,1.0,1,0.6886056419832576,63
4278,4,6398,6398,0,0,0,0,1.0,1.0,1.0,1.0,1.0,1,0.6762322356643536,64
4279,0,6398,6398,0,0,0,0,1.0,1.0,1.0,1.0,1.0,1,0.6799198635882386,65
4280,3,6401,6401,0,0,0,0,1.0,1.0,1.0,1.0,1.0,1,0.6835966582132462,65
4281,0,6401,6401,0,0,0,0,1.0,1.0,1.0,1.0,1.0,1,0.6825507180586119,65
4282,2,6403,6403,0,0,0,0,1.0,1.0,1.0,1.0,1.0,1,0.691887095237793,66
4283,1,6404,6404,0,0,0,0,1.0,1.0,1.0,1.0,1.0,1,0.6934843318543823,66
4284,2,6406,6406,0,0,0,0,1.0,1.0,1.0,1.0,1.0,1,0.695890392274575,66
4285,1,6407,6407,0,0,0,0,1.0,1.0,1.0,1.0,1.0,1,0.6995941640015048,67
4286,0,6407,6407,0,0,0,0,1.0,1.0,1.0,1.0,1.0,1,0.7062284205118365,67
4287,1,6408,6408,0,0,0,0,1.0,1.0,1.0,1.0,1.0,1,0.7151649677965847,67
4288,2,6410,6410,0,0,0,0,1.0,1.0,1.0,1.0,1.0,1,0.7096820949990015,68
4289,0,6410,6410,0,0,0,0,1.0,1.0,1.0,1.0,1.0,1,0.7081953065798116,68
4290,1,6411,6411,0,0,0,0,1.0,1.0,1.0,1.0,1.0,1,0.7013490616945509,70
4291,0,6411,6411,0,0,0,0,1.0,1.0,1.0,1.0,1.0,1,0.6939003041861145,71
4292,0,6411,6411,0,0,0,0,1.0,1.0,1.0,1.0,1.0,1,0.6939003041861145,71
4293,0,6411,6411,0,0,0,0,1.0,1.0,1.0,1.0,1.0,1,0.6939003041861145,71
4294,1,6412,6412,0,0,0,0,1.0,1.0,1.0,1.0,1.0,1,0.6995490246770284,71
4295,0,6412,6412,0,0,0,0,1.0,1.0,1.0,1.0,1.0,1,0.6990184098037907,72
4296,1,6413,6413,0,0,0,0,1.0,1.0,1.0,1.0,1.0,1,0.7024469737366484,73
4297,0,6413,6413,0,0,0,0,1.0,1.0,1.0,1.0,1.0,1,0.7024469737366484,73
4298,2,6415,6415,0,0,0,0,1.0,1.0,1.0,1.0,1.0,1,0.675750224744792,74
4299,1,6416,6416,0,0,0,0,1.0,1.0,1.0,1.0,1.0,1,0.662930767914364,75
4300,2,6418,6418,0,0,0,0,1.0,1.0,1.0,1.0,1.0,1,0.6446477295226603,75
4301,2,6420,6420,0,0,0,0,1.0,1.0,1.0,1.0,1.0,1,0.6381679096002396,76
4302,2,6422,6422,0,0,0,0,1.0,1.0,1.0,1.0,1.0,1,0.6463596423020818,76
4303,1,6423,6423,0,0,0,0,1.0,1.0,1.0,1.0,1.0,1,0.6491862870042728,75
4304,2,6425,6425,0,0,0,0,1.0,1.0,1.0,1.0,1.0,1,0.6554187255654166,75
4305,3,6428,6428,0,0,0,0,1.0,1.0,1.0,1.0,1.0,1,0.6619960541266338,73
4306,4,6432,6432,0,0,0,0,1.0,1.0,1.0,1.0,1.0,1,0.667647497406489,74
4307,4,6436,6436,0,0,0,0,1.0,1.0,1.0,1.0,1.0,1,0.6489250528855763,73
4308,3,6439,6439,0,0,0,0,1.0,1.0,1.0,1.0,1.0,1,0.6382584070182468,71
4309,4,6443,6443,0,0,0,0,1.0,1.0,1.0,1.0,1.0,1,0.6590613451367562,70
4310,2,6445,6445,0,0,0,0,1.0,1.0,1.0,1.0,1.0,1,0.6247772558348949,69
4311,4,6449,6449,0,0,0,0,1.0,1.0,1.0,1.0,1.0,1,0.6200498846456612,69
4312,4,6453,6453,0,0,0,0,1.0,1.0,1.0,1.0,1.0,1,0.6055349449267399,66
4313,2,6455,6455,0,0,0,0,1.0,1.0,1.0,1.0,1.0,1,0.6322702210563388,64
4314,1,6456,6456,0,0,0,0,1.0,1.0,1.0,1.0,1.0,1,0.6437416400875748,61
4315,5,6461,6461,0,0,0,0,1.0,1.0,1.0,1.0,1.0,1,0.662668071115456,61
4316,3,6464,6464,0,0,0,0,1.0,1.0,1.0,1.0,1.0,1,0.6967492250482497,60
4317,1,6465,6465,0,0,0,0,1.0,1.0,1.0,1.0,1.0,1,0.6938837711882995,62
4318,1,6466,6466,0,0,0,0,1.0,1.0,1.0,1.0,1.0,1,0.7023015765630081,59
4319,0,6466,6466,0,0,0,0,1.0,1.0,1.0,1.0,1.0,1,0.6966732518881139,60
4320,0,6466,6466,0,0,0,0,1.0,1.0,1.0,1.0,1.0,1,0.6966732518881139,60
4321,2,6468,6468,0,0,0,0,1.0,1.0,1.0,1.0,1.0,1,0.6830209785685147,61
4322,2,6470,6470,0,0,0,0,1.0,1.0,1.0,1.0,1.0,1,0.6911888297893934,61
4323,0,6470,6470,0,0,0,0,1.0,1.0,1.0,1.0,1.0,1,0.6911888297893934,61
4324,0,6470,6470,0,0,0,0,1.0,1.0,1.0,1.0,1.0,1,0.6985581335925753,60
4325,0,6470,6470,0,0,0,0,1.0,1.0,1.0,1.0,1.0,1,0.6985581335925753,60
4326,2,6472,6472,0,0,0,0,1.0,1.0,1.0,1.0,1.0,1,0.6859836664615445,61
4327,1,6473,6473,0,0,0,0,1.0,1.0,1.0,1.0,1.0,1,0.6797022875587664,62
4328,1,6474,6474,0,0,0,0,1.0,1.0,1.0,1.0,1.0,1,0.6757077023366965,62
4329,0,6474,6474,0,0,0,0,1.0,1.0,1.0,1.0,1.0,1,0.6565291597490801,65
4330,0,6474,6474,0,0,0,0,1.0,1.0,1.0,1.0,1.0,1,0.6565291597490801,65
4331,0,6474,6474,0,0,0,0,1.0,1.0,1.0,1.0,1.0,1,0.6565291597490801,65
4332,3,6477,6477,0,0,0,0,1.0,1.0,1.0,1.0,1.0,1,0.6468123496141114,66
4333,1,6478,6478,0,0,0,0,1.0,1.0,1.0,1.0,1.0,1,0.6519795442188392,66
4334,2,6480,6480,0,0,0,0,1.0,1.0,1.0,1.0,1.0,1,0.6502418968736092,66
4335,0,6480,6480,0,0,0,0,1.0,1.0,1.0,1.0,1.0,1,0.6633609031594558,65
4336,2,6482,6482,0,0,0,0,1.0,1.0,1.0,1.0,1.0,1,0.6510997793502284,67
4337,2,6484,6484,0,0,0,0,1.0,1.0,1.0,1.0,1.0,1,0.6468573358734179,69
4338,1,6485,6485,0,0,0,0,1.0,1.0,1.0,1.0,1.0,1,0.6425038001129816,70
4339,2,6487,6487,0,0,0,0,1.0,1.0,1.0,1.0,1.0,1,0.6170817085658152,70
4340,3,6490,6490,0,0,0,0,1.0,1.0,1.0,1.0,1.0,1,0.6184653887540217,71
4341,4,6494,6494,0,0,0,0,1.0,1.0,1.0,1.0,1.0,1,0.6265499077856496,70
4342,6,6500,6500,0,0,0,0,1.0,1.0,1.0,1.0,1.0,1,0.6545243886431292,71
4343,3,6503,6503,0,0,0,0,1.0,1.0,1.0,1.0,1.0,1,0.6503038975665199,67
4344,8,6511,6511,0,0,0,0,1.0,1.0,1.0,1.0,1.0,1,0.6786138979208007,67
4345,4,6515,6515,0,0,0,0,1.0,1.0,1.0,1.0,1.0,1,0.679463578160289,64
4346,4,6519,6519,0,0,0,0,1.0,1.0,1.0,1.0,1.0,1,0.6842182283013719,64
4347,3,6522,6522,0,0,0,0,1.0,1.0,1.0,1.0,1.0,1,0.6813110152317944,62
4348,2,6524,6524,0,0,0,0,1.0,1.0,1.0,1.0,1.0,1,0.6885633958375365,62
4349,3,6527,6527,0,0,0,0,1.0,1.0,1.0,1.0,1.0,1,0.6903025487705526,61
4350,3,6530,6530,0,0,0,0,1.0,1.0,1.0,1.0,1.0,1,0.6951189985254993,60
4351,3,6533,6533,0,0,0,0,1.0,1.0,1.0,1.0,1.0,1,0.7213179682983886,60
4352,2,6535,6535,0,0,0,0,1.0,1.0,1.0,1.0,1.0,1,0.7382986409268102,57
4353,3,6538,6538,0,0,0,0,1.0,1.0,1.0,1.0,1.0,1,0.7271008609701293,55
4354,1,6539,6539,0,0,0,0,1.0,1.0,1.0,1.0,1.0,1,0.7042289419002691,55
4355,1,6540,6540,0,0,0,0,1.0,1.0,1.0,1.0,1.0,1,0.6924258959563124,53
4356,1,6541,6541,0,0,0,0,1.0,1.0,1.0,1.0,1.0,1,0.6655956561612754,55
4357,1,6542,6542,0,0,0,0,1.0,1.0,1.0,1.0,1.0,1,0.669033496344237,55
4358,0,6542,6542,0,0,0,0,1.0,1.0,1.0,1.0,1.0,1,0.6797919025796996,55
4359,2,6544,6544,0,0,0,0,1.0,1.0,1.0,1.0,1.0,1,0.6780722882212531,54
4360,1,6545,6545,0,0,0,0,1.0,1.0,1.0,1.0,1.0,1,0.6632050440692229,55
4361,1,6546,6546,0,0,0,0,1.0,1.0,1.0,1.0,1.0,1,0.6646973506765301,54
4362,1,6547,6547,0,0,0,0,1.0,1.0,1.0,1.0,1.0,1,0.6522312192505945,55
4363,2,6549,6549,0,0,0,0,1.0,1.0,1.0,1.0,1.0,1,0.6627609010398307,55
4364,1,6550,6550,0,0,0,0,1.0,1.0,1.0,1.0,1.0,1,0.6722998459610755,55
4365,3,6553,6553,0,0,0,0,1.0,1.0,1.0,1.0,1.0,1,0.6564523814150822,54
4366,2,6555,6555,0,0,0,0,1.0,1.0,1.0,1.0,1.0,1,0.6649564608557901,54
4367,1,6556,6556,0,0,0,0,1.0,1.0,1.0,1.0,1.0,1,0.6507479821679204,57
4368,1,6557,6557,0,0,0,0,1.0,1.0,1.0,1.0,1.0,1,0.6749928619649799,57
4369,0,6557,6557,0,0,0,0,1.0,1.0,1.0,1.0,1.0,1,0.6748711887227518,58
4370,1,6558,6558,0,0,0,0,1.0,1.0,1.0,1.0,1.0,1,0.6751091033365711,59
4371,1,6559,6559,0,0,0,0,1.0,1.0,1.0,1.0,1.0,1,0.6680426846038957,60
4372,0,6559,6559,0,0,0,0,1.0,1.0,1.0,1.0,1.0,1,0.6680426846038957,60
4373,1,6560,6560,0,0,0,0,1.0,1.0,1.0,1.0,1.0,1,0.659615308868926,60
4374,0,6560,6560,0,0,0,0,1.0,1.0,1.0,1.0,1.0,1,0.6701021875194217,59
4375,0,6560,6560,0,0,0,0,1.0,1.0,1.0,1.0,1.0,1,0.6726781054722585,60
4376,0,6560,6560,0,0,0,0,1.0,1.0,1.0,1.0,1.0,1,0.6801051726925281,60
4377,0,6560,6560,0,0,0,0,1.0,1.0,1.0,1.0,1.0,1,0.6710642724487873,61
4378,3,6563,6563,0,0,0,0,1.0,1.0,1.0,1.0,1.0,1,0.6312994366435523,64
4379,0,6563,6563,0,0,0,0,1.0,1.0,1.0,1.0,1.0,1,0.6312994366435523,64
4380,6,6569,6569,0,0,0,0,1.0,1.0,1.0,1.0,1.0,1,0.6363181445860613,65
4381,2,6571,6571,0,0,0,0,1.0,1.0,1.0,1.0,1.0,1,0.659533487248548,64
4382,2,6573,6573,0,0,0,0,1.0,1.0,1.0,1.0,1.0,1,0.6563320346285146,64
4383,4,6577,6577,0,0,0,0,1.0,1.0,1.0,1.0,1.0,1,0.6468867153100143,64
4384,2,6579,6579,0,0,0,0,1.0,1.0,1.0,1.0,1.0,1,0.6759130530494908,60
4385,1,6580,6580,0,0,0,0,1.0,1.0,1.0,1.0,1.0,1,0.6553424676659904,58
4386,1,6581,6581,0,0,0,0,1.0,1.0,1.0,1.0,1.0,1,0.6516304795719925,58
4387,1,6582,6582,0,0,0,0,1.0,1.0,1.0,1.0,1.0,1,0.6327669495963127,55
4388,4,6586,6586,0,0,0,0,1.0,1.0,1.0,1.0,1.0,1,0.6558752692167932,56
4389,2,6588,6588,0,0,0,0,1.0,1.0,1.0,1.0,1.0,1,0.6382852430100084,55
4390,3,6591,6591,0,0,0,0,1.0,1.0,1.0,1.0,1.0,1,0.6161229868854873,55
4391,0,6591,6591,0,0,0,0,1.0,1.0,1.0,1.0,1.0,1,0.6138232506778059,56
4392,2,6593,6593,0,0,0,0,1.0,1.0,1.0,1.0,1.0,1,0.6307000398969453,56
4393,0,6593,6593,0,0,0,0,1.0,1.0,1.0,1.0,1.0,1,0.6446729722515206,55
4394,3,6596,6596,0,0,0,0,1.0,1.0,1.0,1.0,1.0,1,0.6380936909893477,53
4395,4,6600,6600,0,0,0,0,1.0,1.0,1.0,1.0,1.0,1,0.6656732484135435,53
4396,0,6600,6600,0,0,0,0,1.0,1.0,1.0,1.0,1.0,1,0.6656732484135435,53
4397,1,6601,6601,0,0,0,0,1.0,1.0,1.0,1.0,1.0,1,0.6880037751376896,50
4398,1,6602,6602,0,0,0,0,1.0,1.0,1.0,1.0,1.0,1,0.7075279478085355,50
4399,0,6602,6602,0,0,0,0,1.0,1.0,1.0,1.0,1.0,1,0.704975204032793,52
4400,0,6602,6602,0,0,0,0,1.0,1.0,1.0,1.0,1.0,1,0.701495912159096,55
4401,0,6602,6602,0,0,0,0,1.0,1.0,1.0,1.0,1.0,1,0.6893931376841601,56
4402,1,6603,6603,0,0,0,0,1.0,1.0,1.0,1.0,1.0,1,0.6799181303875648,56
4403,1,6604,6604,0,0,0,0,1.0,1.0,1.0,1.0,1.0,1,0.6779666533558046,57
4404,0,6604,6604,0,0,0,0,1.0,1.0,1.0,1.0,1.0,1,0.6779666533558046,57
4405,0,6604,6604,0,0,0,0,1.0,1.0,1.0,1.0,1.0,1,0.67509163441243,58
4406,0,6604,6604,0,0,0,0,1.0,1.0,1.0,1.0,1.0,1,0.67509163441243,58
4407,0,6604,6604,0,0,0,0,1.0,1.0,1.0,1.0,1.0,1,0.67509163441243,58
4408,0,6604,6604,0,0,0,0,1.0,1.0,1.0,1.0,1.0,1,0.6749842410941953,59
4409,0,6604,6604,0,0,0,0,1.0,1.0,1.0,1.0,1.0,1,0.6749842410941953,59
4410,0,6604,6604,0,0,0,0,1.0,1.0,1.0,1.0,1.0,1,0.6749842410941953,59
4411,1,6605,6605,0,0,0,0,1.0,1.0,1.0,1.0,1.0,1,0.648216522647562,62
4412,0,6605,6605,0,0,0,0,1.0,1.0,1.0,1.0,1.0,1,0.6441507226133736,63
4413,1,6606,6606,0,0,0,0,1.0,1.0,1.0,1.0,1.0,1,0.6342004096050785,63
4414,0,6606,6606,0,0,0,0,1.0,1.0,1.0,1.0,1.0,1,0.6347615311692887,64
4415,1,6607,6607,0,0,0,0,1.0,1.0,1.0,1.0,1.0,1,0.6382200034181059,64
4416,2,6609,6609,0,0,0,0,1.0,1.0,1.0,1.0,1.0,1,0.6237941087105194,64
4417,3,6612,6612,0,0,0,0,1.0,1.0,1.0,1.0,1.0,1,0.6292474459343352,65
4418,3,6615,6615,0,0,0,0,1.0,1.0,1.0,1.0,1.0,1,0.6207477235904033,65
4419,0,6615,6615,0,0,0,0,1.0,1.0,1.0,1.0,1.0,1,0.6434175032431857,62
4420,2,6617,6617,0,0,0,0,1.0,1.0,1.0,1.0,1.0,1,0.6367585490692753,62
4421,0,6617,6617,0,0,0,0,1.0,1.0,1.0,1.0,1.0,1,0.6370948767255751,65
4422,3,6620,6620,0,0,0,0,1.0,1.0,1.0,1.0,1.0,1,0.6547272620529362,64
4423,1,6621,6621,0,0,0,0,1.0,1.0,1.0,1.0,1.0,1,0.6571320297738047,63
4424,1,6622,6622,0,0,0,0,1.0,1.0,1.0,1.0,1.0,1,0.6520814751890047,63
4425,0,6622,6622,0,0,0,0,1.0,1.0,1.0,1.0,1.0,1,0.6531175070948174,63
4426,2,6624,6624,0,0,0,0,1.0,1.0,1.0,1.0,1.0,1,0.6301228664098787,63
4427,2,6626,6626,0,0,0,0,1.0,1.0,1.0,1.0,1.0,1,0.6294682119509339,62
4428,2,6628,6628,0,0,0,0,1.0,1.0,1.0,1.0,1.0,1,0.6017665369230245,61
4429,1,6629,6629,0,0,0,0,1.0,1.0,1.0,1.0,1.0,1,0.5973543780597892,62
4430,3,6632,6632,0,0,0,0,1.0,1.0,1.0,1.0,1.0,1,0.6026306350325077,60
4431,5,6637,6637,0,0,0,0,1.0,1.0,1.0,1.0,1.0,1,0.5955766581204283,59
4432,1,6638,6638,0,0,0,0,1.0,1.0,1.0,1.0,1.0,1,0.600404566432066,60
4433,3,6641,6641,0,0,0,0,1.0,1.0,1.0,1.0,1.0,1,0.6094711495589905,61
4434,2,6643,6643,0,0,0,0,1.0,1.0,1.0,1.0,1.0,1,0.6199952750988644,61
4435,2,6645,6645,0,0,0,0,1.0,1.0,1.0,1.0,1.0,1,0.6356074345200675,61
4436,0,6645,6645,0,0,0,0,1.0,1.0,1.0,1.0,1.0,1,0.6356074345200675,61
4437,3,6648,6648,0,0,0,0,1.0,1.0,1.0,1.0,1.0,1,0.666527594776899,61
4438,0,6648,6648,0,0,0,0,1.0,1.0,1.0,1.0,1.0,1,0.6636035829879936,62
4439,2,6650,6650,0,0,0,0,1.0,1.0,1.0,1.0,1.0,1,0.6607423650994049,63
4440,0,6650,6650,0,0,0,0,1.0,1.0,1.0,1.0,1.0,1,0.6572661899947781,64
4441,2,6652,6652,0,0,0,0,1.0,1.0,1.0,1.0,1.0,1,0.6664590399885982,64
4442,2,6654,6654,0,0,0,0,1.0,1.0,1.0,1.0,1.0,1,0.674311392936049,67
4443,1,6655,6655,0,0,0,0,1.0,1.0,1.0,1.0,1.0,1,0.6694272198616026,68
4444,0,6655,6655,0,0,0,0,1.0,1.0,1.0,1.0,1.0,1,0.664249471687197,69
4445,2,6657,6657,0,0,0,0,1.0,1.0,1.0,1.0,1.0,1,0.6426877865220787,71
4446,1,6658,6658,0,0,0,0,1.0,1.0,1.0,1.0,1.0,1,0.6350463376898625,71
4447,1,6659,6659,0,0,0,0,1.0,1.0,1.0,1.0,1.0,1,0.6410773309518696,72
4448,1,6660,6660,0,0,0,0,1.0,1.0,1.0,1.0,1.0,1,0.6394639882938629,71
4449,0,6660,6660,0,0,0,0,1.0,1.0,1.0,1.0,1.0,1,0.6361341286467271,70
4450,1,6661,6661,0,0,0,0,1.0,1.0,1.0,1.0,1.0,1,0.6366689986350802,69
4451,1,6662,6662,0,0,0,0,1.0,1.0,1.0,1.0,1.0,1,0.6249784326824135,69
4452,0,6662,6662,0,0,0,0,1.0,1.0,1.0,1.0,1.0,1,0.6197409855164527,70
4453,0,6662,6662,0,0,0,0,1.0,1.0,1.0,1.0,1.0,1,0.6227080689790259,70
4454,2,6664,6664,0,0,0,0,1.0,1.0,1.0,1.0,1.0,1,0.6083354003684465,71
4455,3,6667,6667,0,0,0,0,1.0,1.0,1.0,1.0,1.0,1,0.6269023395527537,71
4456,3,6670,6670,0,0,0,0,1.0,1.0,1.0,1.0,1.0,1,0.6272022216726777,71
4457,5,6675,6675,0,0,0,0,1.0,1.0,1.0,1.0,1.0,1,0.6570085682915788,69
4458,5,6680,6680,0,0,0,0,1.0,1.0,1.0,1.0,1.0,1,0.6519412195326291,70
4459,2,6682,6682,0,0,0,0,1.0,1.0,1.0,1.0,1.0,1,0.6594052374229544,68
4460,7,6689,6689,0,0,0,0,1.0,1.0,1.0,1.0,1.0,1,0.6534670396460173,68
4461,4,6693,6693,0,0,0,0,1.0,1.0,1.0,1.0,1.0,1,0.6203425837640056,67
4462,4,6697,6697,0,0,0,0,1.0,1.0,1.0,1.0,1.0,1,0.5963737022981206,66
4463,2,6699,6699,0,0,0,0,1.0,1.0,1.0,1.0,1.0,1,0.6129414476525625,65
4464,3,6702,6702,0,0,0,0,1.0,1.0,1.0,1.0,1.0,1,0.6201438745689043,62
4465,5,6707,6707,0,0,0,0,1.0,1.0,1.0,1.0,1.0,1,0.6357668032457623,61
4466,2,6709,6709,0,0,0,0,1.0,1.0,1.0,1.0,1.0,1,0.6240564572392712,60
4467,3,6712,6712,0,0,0,0,1.0,1.0,1.0,1.0,1.0,1,0.6327998127902799,58
4468,2,6714,6714,0,0,0,0,1.0,1.0,1.0,1.0,1.0,1,0.6490182402448422,57
4469,1,6715,6715,0,0,0,0,1.0,1.0,1.0,1.0,1.0,1,0.6440101679388774,56
4470,3,6718,6718,0,0,0,0,1.0,1.0,1.0,1.0,1.0,1,0.6459231131128794,55
4471,0,6718,6718,0,0,0,0,1.0,1.0,1.0,1.0,1.0,1,0.6476773070379311,55
4472,2,6720,6720,0,0,0,0,1.0,1.0,1.0,1.0,1.0,1,0.6332383367601249,55
4473,0,6720,6720,0,0,0,0,1.0,1.0,1.0,1.0,1.0,1,0.6296030452626463,55
4474,0,6720,6720,0,0,0,0,1.0,1.0,1.0,1.0,1.0,1,0.6305221321237545,55
4475,2,6722,6722,0,0,0,0,1.0,1.0,1.0,1.0,1.0,1,0.6158101774750805,56
4476,1,6723,6723,0,0,0,0,1.0,1.0,1.0,1.0,1.0,1,0.6055564076152646,56
4477,0,6723,6723,0,0,0,0,1.0,1.0,1.0,1.0,1.0,1,0.610051703701748,57
4478,1,6724,6724,0,0,0,0,1.0,1.0,1.0,1.0,1.0,1,0.6111381914064098,55
4479,1,6725,6725,0,0,0,0,1.0,1.0,1.0,1.0,1.0,1,0.6141557353823234,55
4480,0,6725,6725,0,0,0,0,1.0,1.0,1.0,1.0,1.0,1,0.6244340462380888,54
4481,0,6725,6725,0,0,0,0,1.0,1.0,1.0,1.0,1.0,1,0.6407131344014557,53
4482,3,6728,6728,0,0,0,0,1.0,1.0,1.0,1.0,1.0,1,0.6693719928633639,54
4483,0,6728,6728,0,0,0,0,1.0,1.0,1.0,1.0,1.0,1,0.6604110747800372,55
4484,3,6731,6731,0,0,0,0,1.0,1.0,1.0,1.0,1.0,1,0.6712561787041706,57
4485,2,6733,6733,0,0,0,0,1.0,1.0,1.0,1.0,1.0,1,0.6823834850481324,60
4486,2,6735,6735,0,0,0,0,1.0,1.0,1.0,1.0,1.0,1,0.6974006903181227,60
4487,0,6735,6735,0,0,0,0,1.0,1.0,1.0,1.0,1.0,1,0.6974006903181227,60
4488,0,6735,6735,0,0,0,0,1.0,1.0,1.0,1.0,1.0,1,0.6974006903181227,60
4489,1,6736,6736,0,0,0,0,1.0,1.0,1.0,1.0,1.0,1,0.7078670201988193,60
4490,1,6737,6737,0,0,0,0,1.0,1.0,1.0,1.0,1.0,1,0.6979148773147438,60
4491,1,6738,6738,0,0,0,0,1.0,1.0,1.0,1.0,1.0,1,0.691067545680344,61
4492,3,6741,6741,0,0,0,0,1.0,1.0,1.0,1.0,1.0,1,0.6931097949350328,61
4493,3,6744,6744,0,0,0,0,1.0,1.0,1.0,1.0,1.0,1,0.7069109197222624,60
4494,1,6745,6745,0,0,0,0,1.0,1.0,1.0,1.0,1.0,1,0.6973663893201406,61
4495,2,6747,6747,0,0,0,0,1.0,1.0,1.0,1.0,1.0,1,0.6970890266934299,59
4496,1,6748,6748,0,0,0,0,1.0,1.0,1.0,1.0,1.0,1,0.6926970195349315,60
4497,3,6751,6751,0,0,0,0,1.0,1.0,1.0,1.0,1.0,1,0.6861821809045408,59
4498,3,6754,6754,0,0,0,0,1.0,1.0,1.0,1.0,1.0,1,0.6681959350039618,57
4499,3,6757,6757,0,0,0,0,1.0,1.0,1.0,1.0,1.0,1,0.6561556308301517,58
4500,3,6760,6760,0,0,0,0,1.0,1.0,1.0,1.0,1.0,1,0.6338678934813876,56
4501,1,6761,6761,0,0,0,0,1.0,1.0,1.0,1.0,1.0,1,0.6105912586398139,57
4502,4,6765,6765,0,0,0,0,1.0,1.0,1.0,1.0,1.0,1,0.6205588792741191,56
4503,1,6766,6766,0,0,0,0,1.0,1.0,1.0,1.0,1.0,1,0.6112686251768301,54
4504,3,6769,6769,0,0,0,0,1.0,1.0,1.0,1.0,1.0,1,0.6122286847750242,54
4505,4,6773,6773,0,0,0,0,1.0,1.0,1.0,1.0,1.0,1,0.6091839270499578,51
4506,2,6775,6775,0,0,0,0,1.0,1.0,1.0,1.0,1.0,1,0.6167552418897777,49
4507,0,6775,6775,0,0,0,0,1.0,1.0,1.0,1.0,1.0,1,0.6305443137560734,48
4508,1,6776,6776,0,0,0,0,1.0,1.0,1.0,1.0,1.0,1,0.6280196895809779,48
4509,4,6780,6780,0,0,0,0,1.0,1.0,1.0,1.0,1.0,1,0.6467804655428996,46
4510,0,6780,6780,0,0,0,0,1.0,1.0,1.0,1.0,1.0,1,0.6633029409526631,44
4511,1,6781,6781,0,0,0,0,1.0,1.0,1.0,1.0,1.0,1,0.6727098999693372,45
4512,1,6782,6782,0,0,0,0,1.0,1.0,1.0,1.0,1.0,1,0.672152511368621,46
4513,2,6784,6784,0,0,0,0,1.0,1.0,1.0,1.0,1.0,1,0.6718320577551727,45
4514,1,6785,6785,0,0,0,0,1.0,1.0,1.0,1.0,1.0,1,0.6654066835262643,46
4515,0,6785,6785,0,0,0,0,1.0,1.0,1.0,1.0,1.0,1,0.6691106735419442,48
4516,0,6785,6785,0,0,0,0,1.0,1.0,1.0,1.0,1.0,1,0.6578046924218324,49
4517,1,6786,6786,0,0,0,0,1.0,1.0,1.0,1.0,1.0,1,0.661120386005521,50
4518,2,6788,6788,0,0,0,0,1.0,1.0,1.0,1.0,1.0,1,0.6781401677691639,50
4519,2,6790,6790,0,0,0,0,1.0,1.0,1.0,1.0,1.0,1,0.7078150549294779,49
4520,2,6792,6792,0,0,0,0,1.0,1.0,1.0,1.0,1.0,1,0.6890489671527973,50
4521,1,6793,6793,0,0,0,0,1.0,1.0,1.0,1.0,1.0,1,0.6947525694942773,50
4522,1,6794,6794,0,0,0,0,1.0,1.0,1.0,1.0,1.0,1,0.6901046137468566,50
4523,2,6796,6796,0,0,0,0,1.0,1.0,1.0,1.0,1.0,1,0.6973479548478058,51
4524,1,6797,6797,0,0,0,0,1.0,1.0,1.0,1.0,1.0,1,0.6792586640013069,52
4525,0,6797,6797,0,0,0,0,1.0,1.0,1.0,1.0,1.0,1,0.6654257464147338,53
4526,2,6799,6799,0,0,0,0,1.0,1.0,1.0,1.0,1.0,1,0.6310303658218465,54
4527,0,6799,6799,0,0,0,0,1.0,1.0,1.0,1.0,1.0,1,0.630037702190355,55
4528,1,6800,6800,0,0,0,0,1.0,1.0,1.0,1.0,1.0,1,0.6229270691611499,55
4529,1,6801,6801,0,0,0,0,1.0,1.0,1.0,1.0,1.0,1,0.6308147224793588,55
4530,1,6802,6802,0,0,0,0,1.0,1.0,1.0,1.0,1.0,1,0.6263368542381821,56
4531,2,6804,6804,0,0,0,0,1.0,1.0,1.0,1.0,1.0,1,0.6396775854517798,56
4532,2,6806,6806,0,0,0,0,1.0,1.0,1.0,1.0,1.0,1,0.6350908511827499,55
4533,0,6806,6806,0,0,0,0,1.0,1.0,1.0,1.0,1.0,1,0.6342859151912655,54
4534,2,6808,6808,0,0,0,0,1.0,1.0,1.0,1.0,1.0,1,0.6531468703826321,55
4535,1,6809,6809,0,0,0,0,1.0,1.0,1.0,1.0,1.0,1,0.6747324804200723,52
4536,4,6813,6813,0,0,0,0,1.0,1.0,1.0,1.0,1.0,1,0.6756004801314677,53
4537,2,6815,6815,0,0,0,0,1.0,1.0,1.0,1.0,1.0,1,0.6848979666472483,52
4538,3,6818,6818,0,0,0,0,1.0,1.0,1.0,1.0,1.0,1,0.6419911354650433,52
4539,2,6820,6820,0,0,0,0,1.0,1.0,1.0,1.0,1.0,1,0.658539692080111,53
4540,3,6823,6823,0,0,0,0,1.0,1.0,1.0,1.0,1.0,1,0.6346535110018072,54
4541,1,6824,6824,0,0,0,0,1.0,1.0,1.0,1.0,1.0,1,0.6189655888515655,53
4542,3,6827,6827,0,0,0,0,1.0,1.0,1.0,1.0,1.0,1,0.6197503754763004,53
4543,1,6828,6828,0,0,0,0,1.0,1.0,1.0,1.0,1.0,1,0.5985630982944481,53
4544,3,6831,6831,0,0,0,0,1.0,1.0,1.0,1.0,1.0,1,0.6384363635212128,52
4545,1,6832,6832,0,0,0,0,1.0,1.0,1.0,1.0,1.0,1,0.6377925431060507,50
4546,2,6834,6834,0,0,0,0,1.0,1.0,1.0,1.0,1.0,1,0.6486548263479595,49
4547,1,6835,6835,0,0,0,0,1.0,1.0,1.0,1.0,1.0,1,0.6581741781435528,49
4548,2,6837,6837,0,0,0,0,1.0,1.0,1.0,1.0,1.0,1,0.6496010866790899,49
4549,1,6838,6838,0,0,0,0,1.0,1.0,1.0,1.0,1.0,1,0.6158047066100395,50
4550,1,6839,6839,0,0,0,0,1.0,1.0,1.0,1.0,1.0,1,0.638073288879722,49
4551,2,6841,6841,0,0,0,0,1.0,1.0,1.0,1.0,1.0,1,0.6264745944493455,49
4552,0,6841,6841,0,0,0,0,1.0,1.0,1.0,1.0,1.0,1,0.6264745944493455,49
4553,2,6843,6843,0,0,0,0,1.0,1.0,1.0,1.0,1.0,1,0.6192916879503584,49
4554,1,6844,6844,0,0,0,0,1.0,1.0,1.0,1.0,1.0,1,0.6364759006149798,49
4555,0,6844,6844,0,0,0,0,1.0,1.0,1.0,1.0,1.0,1,0.6415567297594744,48
4556,3,6847,6847,0,0,0,0,1.0,1.0,1.0,1.0,1.0,1,0.6331430180919214,48
4557,0,6847,6847,0,0,0,0,1.0,1.0,1.0,1.0,1.0,1,0.6237666514546042,49
4558,2,6849,6849,0,0,0,0,1.0,1.0,1.0,1.0,1.0,1,0.6308048084042528,49
4559,1,6850,6850,0,0,0,0,1.0,1.0,1.0,1.0,1.0,1,0.6516712945047661,50
4560,0,6850,6850,0,0,0,0,1.0,1.0,1.0,1.0,1.0,1,0.641626260533726,51
4561,0,6850,6850,0,0,0,0,1.0,1.0,1.0,1.0,1.0,1,0.6386371571341364,52
4562,0,6850,6850,0,0,0,0,1.0,1.0,1.0,1.0,1.0,1,0.6329548797659056,53
4563,1,6851,6851,0,0,0,0,1.0,1.0,1.0,1.0,1.0,1,0.6339343860047011,52
4564,0,6851,6851,0,0,0,0,1.0,1.0,1.0,1.0,1.0,1,0.6245558849760748,54
4565,3,6854,6854,0,0,0,0,1.0,1.0,1.0,1.0,1.0,1,0.650381528015491,55
4566,1,6855,6855,0,0,0,0,1.0,1.0,1.0,1.0,1.0,1,0.6638993015579678,55
4567,2,6857,6857,0,0,0,0,1.0,1.0,1.0,1.0,1.0,1,0.6772493089930232,56
4568,2,6859,6859,0,0,0,0,1.0,1.0,1.0,1.0,1.0,1,0.6812118330305977,58
4569,0,6859,6859,0,0,0,0,1.0,1.0,1.0,1.0,1.0,1,0.6711266556734714,59
4570,3,6862,6862,0,0,0,0,1.0,1.0,1.0,1.0,1.0,1,0.6687205435776312,59
4571,2,6864,6864,0,0,0,0,1.0,1.0,1.0,1.0,1.0,1,0.6589635855145933,57
4572,3,6867,6867,0,0,0,0,1.0,1.0,1.0,1.0,1.0,1,0.673366500124469,56
4573,1,6868,6868,0,0,0,0,1.0,1.0,1.0,1.0,1.0,1,0.6760951668094112,56
4574,0,6868,6868,0,0,0,0,1.0,1.0,1.0,1.0,1.0,1,0.6649852749492189,55
4575,2,6870,6870,0,0,0,0,1.0,1.0,1.0,1.0,1.0,1,0.6736767311702051,55
4576,0,6870,6870,0,0,0,0,1.0,1.0,1.0,1.0,1.0,1,0.6625251974584908,55
4577,0,6870,6870,0,0,0,0,1.0,1.0,1.0,1.0,1.0,1,0.6624707124408169,54
4578,2,6872,6872,0,0,0,0,1.0,1.0,1.0,1.0,1.0,1,0.6516073519045029,54
4579,0,6872,6872,0,0,0,0,1.0,1.0,1.0,1.0,1.0,1,0.6516073519045029,54
4580,0,6872,6872,0,0,0,0,1.0,1.0,1.0,1.0,1.0,1,0.6433755687087308,55
4581,1,6873,6873,0,0,0,0,1.0,1.0,1.0,1.0,1.0,1,0.6605702238795595,56
4582,0,6873,6873,0,0,0,0,1.0,1.0,1.0,1.0,1.0,1,0.6605702238795595,56
4583,1,6874,6874,0,0,0,0,1.0,1.0,1.0,1.0,1.0,1,0.6665075143631551,57
4584,1,6875,6875,0,0,0,0,1.0,1.0,1.0,1.0,1.0,1,0.677344441102004,57
4585,0,6875,6875,0,0,0,0,1.0,1.0,1.0,1.0,1.0,1,0.677344441102004,57
4586,0,6875,6875,0,0,0,0,1.0,1.0,1.0,1.0,1.0,1,0.677344441102004,57
4587,0,6875,6875,0,0,0,0,1.0,1.0,1.0,1.0,1.0,1,0.677344441102004,57
4588,0,6875,6875,0,0,0,0,1.0,1.0,1.0,1.0,1.0,1,0.6771479176595065,58
4589,0,6875,6875,0,0,0,0,1.0,1.0,1.0,1.0,1.0,1,0.6669241246328494,59
4590,0,6875,6875,0,0,0,0,1.0,1.0,1.0,1.0,1.0,1,0.6702165998121565,60
4591,0,6875,6875,0,0,0,0,1.0,1.0,1.0,1.0,1.0,1,0.6701549440068347,61
4592,0,6875,6875,0,0,0,0,1.0,1.0,1.0,1.0,1.0,1,0.6667842646925664,62
4593,1,6876,6876,0,0,0,0,1.0,1.0,1.0,1.0,1.0,1,0.6660536440519287,64
4594,0,6876,6876,0,0,0,0,1.0,1.0,1.0,1.0,1.0,1,0.6660536440519287,64
4595,2,6878,6878,0,0,0,0,1.0,1.0,1.0,1.0,1.0,1,0.6606168762003718,63
4596,1,6879,6879,0,0,0,0,1.0,1.0,1.0,1.0,1.0,1,0.6648510154730131,63
4597,2,6881,6881,0,0,0,0,1.0,1.0,1.0,1.0,1.0,1,0.6740574774887154,63
4598,1,6882,6882,0,0,0,0,1.0,1.0,1.0,1.0,1.0,1,0.6698716210787599,65
4599,1,6883,6883,0,0,0,0,1.0,1.0,1.0,1.0,1.0,1,0.6685486484098404,66
4600,1,6884,6884,0,0,0,0,1.0,1.0,1.0,1.0,1.0,1,0.6788180500251242,67
4601,0,6884,6884,0,0,0,0,1.0,1.0,1.0,1.0,1.0,1,0.6788180500251242,67
4602,0,6884,6884,0,0,0,0,1.0,1.0,1.0,1.0,1.0,1,0.6664342870027581,69
4603,0,6884,6884,0,0,0,0,1.0,1.0,1.0,1.0,1.0,1,0.6664342870027581,69
4604,1,6885,6885,0,0,0,0,1.0,1.0,1.0,1.0,1.0,1,0.6637569691222257,69
4605,0,6885,6885,0,0,0,0,1.0,1.0,1.0,1.0,1.0,1,0.6546777719385307,70
4606,0,6885,6885,0,0,0,0,1.0,1.0,1.0,1.0,1.0,1,0.6546777719385307,70
4607,3,6888,6888,0,0,0,0,1.0,1.0,1.0,1.0,1.0,1,0.6359073619419234,72
4608,2,6890,6890,0,0,0,0,1.0,1.0,1.0,1.0,1.0,1,0.6389846655459144,73
4609,1,6891,6891,0,0,0,0,1.0,1.0,1.0,1.0,1.0,1,0.632761768213624,72
4610,3,6894,6894,0,0,0,0,1.0,1.0,1.0,1.0,1.0,1,0.6364908516775011,72
4611,1,6895,6895,0,0,0,0,1.0,1.0,1.0,1.0,1.0,1,0.6402071557059514,71
4612,2,6897,6897,0,0,0,0,1.0,1.0,1.0,1.0,1.0,1,0.6540253694218084,70
4613,3,6900,6900,0,0,0,0,1.0,1.0,1.0,1.0,1.0,1,0.6458766976421749,69
4614,0,6900,6900,0,0,0,0,1.0,1.0,1.0,1.0,1.0,1,0.6392181980797161,68
4615,2,6902,6902,0,0,0,0,1.0,1.0,1.0,1.0,1.0,1,0.6354367442555188,68
4616,1,6903,6903,0,0,0,0,1.0,1.0,1.0,1.0,1.0,1,0.6364918984611588,65
4617,3,6906,6906,0,0,0,0,1.0,1.0,1.0,1.0,1.0,1,0.6143712460925748,66
4618,3,6909,6909,0,0,0,0,1.0,1.0,1.0,1.0,1.0,1,0.6030551712215941,66
4619,2,6911,6911,0,0,0,0,1.0,1.0,1.0,1.0,1.0,1,0.5950913996588167,65
4620,1,6912,6912,0,0,0,0,1.0,1.0,1.0,1.0,1.0,1,0.5853479167796012,65
4621,3,6915,6915,0,0,0,0,1.0,1.0,1.0,1.0,1.0,1,0.6204938736676598,67
4622,1,6916,6916,0,0,0,0,1.0,1.0,1.0,1.0,1.0,1,0.6259413204467029,65
4623,5,6921,6921,0,0,0,0,1.0,1.0,1.0,1.0,1.0,1,0.6292999078712426,66
4624,3,6924,6924,0,0,0,0,1.0,1.0,1.0,1.0,1.0,1,0.6446943185205474,65
4625,1,6925,6925,0,0,0,0,1.0,1.0,1.0,1.0,1.0,1,0.6364004163354994,64
4626,1,6926,6926,0,0,0,0,1.0,1.0,1.0,1.0,1.0,1,0.6372754625792973,63
4627,1,6927,6927,0,0,0,0,1.0,1.0,1.0,1.0,1.0,1,0.6309019562084073,65
4628,0,6927,6927,0,0,0,0,1.0,1.0,1.0,1.0,1.0,1,0.6367171619234511,64
4629,2,6929,6929,0,0,0,0,1.0,1.0,1.0,1.0,1.0,1,0.6239082563281063,64
4630,1,6930,6930,0,0,0,0,1.0,1.0,1.0,1.0,1.0,1,0.6123315626065688,64
4631,0,6930,6930,0,0,0,0,1.0,1.0,1.0,1.0,1.0,1,0.6332017660677806,66
4632,0,6930,6930,0,0,0,0,1.0,1.0,1.0,1.0,1.0,1,0.6416874632257308,65
4633,0,6930,6930,0,0,0,0,1.0,1.0,1.0,1.0,1.0,1,0.6331425996397226,66
4634,1,6931,6931,0,0,0,0,1.0,1.0,1.0,1.0,1.0,1,0.6374387645419884,66
4635,2,6933,6933,0,0,0,0,1.0,1.0,1.0,1.0,1.0,1,0.6252722017223429,66
4636,1,6934,6934,0,0,0,0,1.0,1.0,1.0,1.0,1.0,1,0.6282001882870174,66
4637,1,6935,6935,0,0,0,0,1.0,1.0,1.0,1.0,1.0,1,0.6090027053263799,68
4638,1,6936,6936,0,0,0,0,1.0,1.0,1.0,1.0,1.0,1,0.6114612430388052,68
4639,3,6939,6939,0,0,0,0,1.0,1.0,1.0,1.0,1.0,1,0.6028960097600237,69
4640,0,6939,6939,0,0,0,0,1.0,1.0,1.0,1.0,1.0,1,0.6028960097600237,69
4641,1,6940,6940,0,0,0,0,1.0,1.0,1.0,1.0,1.0,1,0.5974498032114132,70
4642,0,6940,6940,0,0,0,0,1.0,1.0,1.0,1.0,1.0,1,0.6020223240405325,69
4643,3,6943,6943,0,0,0,0,1.0,1.0,1.0,1.0,1.0,1,0.5983154715150638,70
4644,3,6946,6946,0,0,0,0,1.0,1.0,1.0,1.0,1.0,1,0.6234745439988394,69
4645,2,6948,6948,0,0,0,0,1.0,1.0,1.0,1.0,1.0,1,0.6119244830453697,70
4646,2,6950,6950,0,0,0,0,1.0,1.0,1.0,1.0,1.0,1,0.6341656949896276,68
4647,0,6950,6950,0,0,0,0,1.0,1.0,1.0,1.0,1.0,1,0.6340118713544953,68
4648,1,6951,6951,0,0,0,0,1.0,1.0,1.0,1.0,1.0,1,0.651702291379162,67
4649,3,6954,6954,0,0,0,0,1.0,1.0,1.0,1.0,1.0,1,0.6486094144214718,67
4650,2,6956,6956,0,0,0,0,1.0,1.0,1.0,1.0,1.0,1,0.642355755754195,67
4651,4,6960,6960,0,0,0,0,1.0,1.0,1.0,1.0,1.0,1,0.6611195289232606,68
4652,2,6962,6962,0,0,0,0,1.0,1.0,1.0,1.0,1.0,1,0.6628042926490625,66
4653,1,6963,6963,0,0,0,0,1.0,1.0,1.0,1.0,1.0,1,0.665037526860682,64
4654,1,6964,6964,0,0,0,0,1.0,1.0,1.0,1.0,1.0,1,0.673732262141744,65
4655,0,6964,6964,0,0,0,0,1.0,1.0,1.0,1.0,1.0,1,0.6738547928072922,64
4656,1,6965,6965,0,0,0,0,1.0,1.0,1.0,1.0,1.0,1,0.677451008968922,65
4657,1,6966,6966,0,0,0,0,1.0,1.0,1.0,1.0,1.0,1,0.6709746427480539,66
4658,3,6969,6969,0,0,0,0,1.0,1.0,1.0,1.0,1.0,1,0.6410146025911377,65
4659,0,6969,6969,0,0,0,0,1.0,1.0,1.0,1.0,1.0,1,0.6410146025911377,65
4660,1,6970,6970,0,0,0,0,1.0,1.0,1.0,1.0,1.0,1,0.6389895047626271,66
4661,3,6973,6973,0,0,0,0,1.0,1.0,1.0,1.0,1.0,1,0.6203951420876882,66
4662,0,6973,6973,0,0,0,0,1.0,1.0,1.0,1.0,1.0,1,0.6158903904937991,68
4663,4,6977,6977,0,0,0,0,1.0,1.0,1.0,1.0,1.0,1,0.6050890963989295,67
4664,0,6977,6977,0,0,0,0,1.0,1.0,1.0,1.0,1.0,1,0.6120475118199581,67
4665,2,6979,6979,0,0,0,0,1.0,1.0,1.0,1.0,1.0,1,0.5995030715071367,67
4666,2,6981,6981,0,0,0,0,1.0,1.0,1.0,1.0,1.0,1,0.6150813212033225,67
4667,2,6983,6983,0,0,0,0,1.0,1.0,1.0,1.0,1.0,1,0.6113461229142154,66
4668,2,6985,6985,0,0,0,0,1.0,1.0,1.0,1.0,1.0,1,0.6182073062846949,66
4669,3,6988,6988,0,0,0,0,1.0,1.0,1.0,1.0,1.0,1,0.6210639511614799,66
4670,3,6991,6991,0,0,0,0,1.0,1.0,1.0,1.0,1.0,1,0.6091519285095125,64
4671,1,6992,6992,0,0,0,0,1.0,1.0,1.0,1.0,1.0,1,0.6123276637738992,64
4672,3,6995,6995,0,0,0,0,1.0,1.0,1.0,1.0,1.0,1,0.6120116554022484,64
4673,1,6996,6996,0,0,0,0,1.0,1.0,1.0,1.0,1.0,1,0.6030817220039284,65
4674,3,6999,6999,0,0,0,0,1.0,1.0,1.0,1.0,1.0,1,0.6206442115060344,66
4675,2,7001,7001,0,0,0,0,1.0,1.0,1.0,1.0,1.0,1,0.6370247943644525,65
4676,0,7001,7001,0,0,0,0,1.0,1.0,1.0,1.0,1.0,1,0.6491038300707107,65
4677,2,7003,7003,0,0,0,0,1.0,1.0,1.0,1.0,1.0,1,0.6635961401594537,65
4678,0,7003,7003,0,0,0,0,1.0,1.0,1.0,1.0,1.0,1,0.6724543300973296,64
4679,1,7004,7004,0,0,0,0,1.0,1.0,1.0,1.0,1.0,1,0.6699444204322262,66
4680,0,7004,7004,0,0,0,0,1.0,1.0,1.0,1.0,1.0,1,0.6703285463127295,67
4681,2,7006,7006,0,0,0,0,1.0,1.0,1.0,1.0,1.0,1,0.6800945366392788,67
4682,2,7008,7008,0,0,0,0,1.0,1.0,1.0,1.0,1.0,1,0.685278328487384,67
4683,3,7011,7011,0,0,0,0,1.0,1.0,1.0,1.0,1.0,1,0.6923685492184939,67
4684,1,7012,7012,0,0,0,0,1.0,1.0,1.0,1.0,1.0,1,0.6952146588735187,66
4685,1,7013,7013,0,0,0,0,1.0,1.0,1.0,1.0,1.0,1,0.6987049255161258,65
4686,0,7013,7013,0,0,0,0,1.0,1.0,1.0,1.0,1.0,1,0.6985214243977069,65
4687,1,7014,7014,0,0,0,0,1.0,1.0,1.0,1.0,1.0,1,0.6954933062447978,65
4688,2,7016,7016,0,0,0,0,1.0,1.0,1.0,1.0,1.0,1,0.6944216541844344,64
4689,3,7019,7019,0,0,0,0,1.0,1.0,1.0,1.0,1.0,1,0.7000731952183078,65
4690,1,7020,7020,0,0,0,0,1.0,1.0,1.0,1.0,1.0,1,0.6935543084335257,63
4691,3,7023,7023,0,0,0,0,1.0,1.0,1.0,1.0,1.0,1,0.6911641581351314,64
4692,1,7024,7024,0,0,0,0,1.0,1.0,1.0,1.0,1.0,1,0.675535421552681,63
4693,5,7029,7029,0,0,0,0,1.0,1.0,1.0,1.0,1.0,1,0.6758487052167214,64
4694,1,7030,7030,0,0,0,0,1.0,1.0,1.0,1.0,1.0,1,0.6675851683586277,63
4695,2,7032,7032,0,0,0,0,1.0,1.0,1.0,1.0,1.0,1,0.6664148260499682,62
4696,2,7034,7034,0,0,0,0,1.0,1.0,1.0,1.0,1.0,1,0.6689303016773512,61
4697,2,7036,7036,0,0,0,0,1.0,1.0,1.0,1.0,1.0,1,0.6422230226108804,63
4698,3,7039,7039,0,0,0,0,1.0,1.0,1.0,1.0,1.0,1,0.6222705342960051,63
4699,2,7041,7041,0,0,0,0,1.0,1.0,1.0,1.0,1.0,1,0.6072843565753392,65
4700,1,7042,7042,0,0,0,0,1.0,1.0,1.0,1.0,1.0,1,0.5999674771777452,64
4701,1,7043,7043,0,0,0,0,1.0,1.0,1.0,1.0,1.0,1,0.5962014482229092,64
4702,2,7045,7045,0,0,0,0,1.0,1.0,1.0,1.0,1.0,1,0.5821536233974415,66
4703,2,7047,7047,0,0,0,0,1.0,1.0,1.0,1.0,1.0,1,0.5870944505534392,65
4704,4,7051,7051,0,0,0,0,1.0,1.0,1.0,1.0,1.0,1,0.6042675006036777,64
4705,4,7055,7055,0,0,0,0,1.0,1.0,1.0,1.0,1.0,1,0.603831208112736,65
4706,3,7058,7058,0,0,0,0,1.0,1.0,1.0,1.0,1.0,1,0.5951861412756484,65
4707,2,7060,7060,0,0,0,0,1.0,1.0,1.0,1.0,1.0,1,0.5925029304670923,63
4708,0,7060,7060,0,0,0,0,1.0,1.0,1.0,1.0,1.0,1,0.5946291238366734,62
4709,5,7065,7065,0,0,0,0,1.0,1.0,1.0,1.0,1.0,1,0.6332643328408435,61
4710,0,7065,7065,0,0,0,0,1.0,1.0,1.0,1.0,1.0,1,0.6359489431681349,60
4711,3,7068,7068,0,0,0,0,1.0,1.0,1.0,1.0,1.0,1,0.6535269197663426,59
4712,0,7068,7068,0,0,0,0,1.0,1.0,1.0,1.0,1.0,1,0.656054752319044,58
4713,3,7071,7071,0,0,0,0,1.0,1.0,1.0,1.0,1.0,1,0.6580198937671289,58
4714,0,7071,7071,0,0,0,0,1.0,1.0,1.0,1.0,1.0,1,0.6608468331605724,57
4715,1,7072,7072,0,0,0,0,1.0,1.0,1.0,1.0,1.0,1,0.6533844242764091,57
4716,1,7073,7073,0,0,0,0,1.0,1.0,1.0,1.0,1.0,1,0.6599650430629777,55
4717,0,7073,7073,0,0,0,0,1.0,1.0,1.0,1.0,1.0,1,0.6602223601372804,57
4718,2,7075,7075,0,0,0,0,1.0,1.0,1.0,1.0,1.0,1,0.6469756191733373,56
4719,2,7077,7077,0,0,0,0,1.0,1.0,1.0,1.0,1.0,1,0.6525102786062448,56
4720,1,7078,7078,0,0,0,0,1.0,1.0,1.0,1.0,1.0,1,0.6429483417181091,57
4721,1,7079,7079,0,0,0,0,1.0,1.0,1.0,1.0,1.0,1,0.6390213275845028,57
4722,3,7082,7082,0,0,0,0,1.0,1.0,1.0,1.0,1.0,1,0.6389527227256568,57
4723,0,7082,7082,0,0,0,0,1.0,1.0,1.0,1.0,1.0,1,0.6265661713946064,57
4724,3,7085,7085,0,0,0,0,1.0,1.0,1.0,1.0,1.0,1,0.6167950675571783,57
4725,0,7085,7085,0,0,0,0,1.0,1.0,1.0,1.0,1.0,1,0.6271128474588105,57
4726,3,7088,7088,0,0,0,0,1.0,1.0,1.0,1.0,1.0,1,0.6262160215599912,57
4727,2,7090,7090,0,0,0,0,1.0,1.0,1.0,1.0,1.0,1,0.6508314841630171,56
4728,2,7092,7092,0,0,0,0,1.0,1.0,1.0,1.0,1.0,1,0.6592070184174953,57
4729,0,7092,7092,0,0,0,0,1.0,1.0,1.0,1.0,1.0,1,0.6661979467890431,56
4730,2,7094,7094,0,0,0,0,1.0,1.0,1.0,1.0,1.0,1,0.6696043458032662,54
4731,0,7094,7094,0,0,0,0,1.0,1.0,1.0,1.0,1.0,1,0.6700887842174227,54
4732,4,7098,7098,0,0,0,0,1.0,1.0,1.0,1.0,1.0,1,0.665085127512378,54
4733,0,7098,7098,0,0,0,0,1.0,1.0,1.0,1.0,1.0,1,0.6623432330724924,55
4734,1,7099,7099,0,0,0,0,1.0,1.0,1.0,1.0,1.0,1,0.6695304733827914,56
4735,3,7102,7102,0,0,0,0,1.0,1.0,1.0,1.0,1.0,1,0.6939628278284211,56
4736,1,7103,7103,0,0,0,0,1.0,1.0,1.0,1.0,1.0,1,0.6938488596329211,58
4737,0,7103,7103,0,0,0,0,1.0,1.0,1.0,1.0,1.0,1,0.6890187339477837,59
4738,3,7106,7106,0,0,0,0,1.0,1.0,1.0,1.0,1.0,1,0.6789275033375859,60
4739,0,7106,7106,0,0,0,0,1.0,1.0,1.0,1.0,1.0,1,0.6789275033375859,60
4740,2,7108,7108,0,0,0,0,1.0,1.0,1.0,1.0,1.0,1,0.6609414084557114,60
4741,3,7111,7111,0,0,0,0,1.0,1.0,1.0,1.0,1.0,1,0.6326199547132637,61
4742,2,7113,7113,0,0,0,0,1.0,1.0,1.0,1.0,1.0,1,0.6373254422275051,61
4743,3,7116,7116,0,0,0,0,1.0,1.0,1.0,1.0,1.0,1,0.6155185378304766,60
4744,1,7117,7117,0,0,0,0,1.0,1.0,1.0,1.0,1.0,1,0.6219718594399598,60
4745,3,7120,7120,0,0,0,0,1.0,1.0,1.0,1.0,1.0,1,0.6142815582057221,59
4746,2,7122,7122,0,0,0,0,1.0,1.0,1.0,1.0,1.0,1,0.6202338366416484,59
4747,5,7127,7127,0,0,0,0,1.0,1.0,1.0,1.0,1.0,1,0.61590193835354,58
4748,2,7129,7129,0,0,0,0,1.0,1.0,1.0,1.0,1.0,1,0.6119077546594396,58
4749,1,7130,7130,0,0,0,0,1.0,1.0,1.0,1.0,1.0,1,0.5976206041772235,58
4750,1,7131,7131,0,0,0,0,1.0,1.0,1.0,1.0,1.0,1,0.5976359405572131,56
4751,2,7133,7133,0,0,0,0,1.0,1.0,1.0,1.0,1.0,1,0.6135933776296694,58
4752,2,7135,7135,0,0,0,0,1.0,1.0,1.0,1.0,1.0,1,0.6307689699225071,55
4753,1,7136,7136,0,0,0,0,1.0,1.0,1.0,1.0,1.0,1,0.6357744877798511,55
4754,1,7137,7137,0,0,0,0,1.0,1.0,1.0,1.0,1.0,1,0.6409120848389032,54
4755,0,7137,7137,0,0,0,0,1.0,1.0,1.0,1.0,1.0,1,0.6381586495866644,54
4756,1,7138,7138,0,0,0,0,1.0,1.0,1.0,1.0,1.0,1,0.649405892849983,54
4757,0,7138,7138,0,0,0,0,1.0,1.0,1.0,1.0,1.0,1,0.6443707368899079,53
4758,3,7141,7141,0,0,0,0,1.0,1.0,1.0,1.0,1.0,1,0.6150239856378166,53
4759,1,7142,7142,0,0,0,0,1.0,1.0,1.0,1.0,1.0,1,0.601240686517241,53
4760,2,7144,7144,0,0,0,0,1.0,1.0,1.0,1.0,1.0,1,0.5840654468456847,53
4761,4,7148,7148,0,0,0,0,1.0,1.0,1.0,1.0,1.0,1,0.5749250023516257,52
4762,3,7151,7151,0,0,0,0,1.0,1.0,1.0,1.0,1.0,1,0.5899677107163411,54
4763,4,7155,7155,0,0,0,0,1.0,1.0,1.0,1.0,1.0,1,0.613411711431554,54
4764,1,7156,7156,0,0,0,0,1.0,1.0,1.0,1.0,1.0,1,0.6226629709569917,55
4765,2,7158,7158,0,0,0,0,1.0,1.0,1.0,1.0,1.0,1,0.6351027102403085,56
4766,2,7160,7160,0,0,0,0,1.0,1.0,1.0,1.0,1.0,1,0.6186031344479044,58
4767,1,7161,7161,0,0,0,0,1.0,1.0,1.0,1.0,1.0,1,0.6128110603543747,59
4768,1,7162,7162,0,0,0,0,1.0,1.0,1.0,1.0,1.0,1,0.618678463698958,60
4769,1,7163,7163,0,0,0,0,1.0,1.0,1.0,1.0,1.0,1,0.6221070498281989,59
4770,1,7164,7164,0,0,0,0,1.0,1.0,1.0,1.0,1.0,1,0.6239002409136589,60
4771,1,7165,7165,0,0,0,0,1.0,1.0,1.0,1.0,1.0,1,0.6418985588345991,59
4772,1,7166,7166,0,0,0,0,1.0,1.0,1.0,1.0,1.0,1,0.6568828991240777,59
4773,0,7166,7166,0,0,0,0,1.0,1.0,1.0,1.0,1.0,1,0.6500719317334731,60
4774,0,7166,7166,0,0,0,0,1.0,1.0,1.0,1.0,1.0,1,0.6500719317334731,60
4775,0,7166,7166,0,0,0,0,1.0,1.0,1.0,1.0,1.0,1,0.6362371490522868,62
4776,0,7166,7166,0,0,0,0,1.0,1.0,1.0,1.0,1.0,1,0.630184604756048,63
4777,0,7166,7166,0,0,0,0,1.0,1.0,1.0,1.0,1.0,1,0.630184604756048,63
4778,1,7167,7167,0,0,0,0,1.0,1.0,1.0,1.0,1.0,1,0.6134458422292237,63
4779,2,7169,7169,0,0,0,0,1.0,1.0,1.0,1.0,1.0,1,0.597226386451821,63
4780,3,7172,7172,0,0,0,0,1.0,1.0,1.0,1.0,1.0,1,0.572665671159508,65
4781,0,7172,7172,0,0,0,0,1.0,1.0,1.0,1.0,1.0,1,0.566056355495954,64
4782,2,7174,7174,0,0,0,0,1.0,1.0,1.0,1.0,1.0,1,0.5443441564491556,65
4783,3,7177,7177,0,0,0,0,1.0,1.0,1.0,1.0,1.0,1,0.5447583985063056,66
4784,3,7180,7180,0,0,0,0,1.0,1.0,1.0,1.0,1.0,1,0.5252537764512598,64
4785,4,7184,7184,0,0,0,0,1.0,1.0,1.0,1.0,1.0,1,0.4947408821416437,65
4786,5,7189,7189,0,0,0,0,1.0,1.0,1.0,1.0,1.0,1,0.5110223279968927,66
4787,2,7191,7191,0,0,0,0,1.0,1.0,1.0,1.0,1.0,1,0.5154081620236884,63
4788,6,7197,7197,0,0,0,0,1.0,1.0,1.0,1.0,1.0,1,0.5357123936459917,63
4789,4,7201,7201,0,0,0,0,1.0,1.0,1.0,1.0,1.0,1,0.5699851426104984,60
4790,4,7205,7205,0,0,0,0,1.0,1.0,1.0,1.0,1.0,1,0.5859311152293837,61
4791,4,7209,7209,0,0,0,0,1.0,1.0,1.0,1.0,1.0,1,0.6183452188187137,59
4792,4,7213,7213,0,0,0,0,1.0,1.0,1.0,1.0,1.0,1,0.6094090677642483,59
4793,1,7214,7214,0,0,0,0,1.0,1.0,1.0,1.0,1.0,1,0.5828277806768142,61
4794,2,7216,7216,0,0,0,0,1.0,1.0,1.0,1.0,1.0,1,0.6037291760733864,60
4795,0,7216,7216,0,0,0,0,1.0,1.0,1.0,1.0,1.0,1,0.6043833217190699,61
4796,5,7221,7221,0,0,0,0,1.0,1.0,1.0,1.0,1.0,1,0.616554311029896,60
4797,5,7226,7226,0,0,0,0,1.0,1.0,1.0,1.0,1.0,1,0.6416798956070932,61
4798,1,7227,7227,0,0,0,0,1.0,1.0,1.0,1.0,1.0,1,0.6413657737310424,61
4799,2,7229,7229,0,0,0,0,1.0,1.0,1.0,1.0,1.0,1,0.6404371090161842,59
4800,1,7230,7230,0,0,0,0,1.0,1.0,1.0,1.0,1.0,1,0.6430588621931483,57
4801,2,7232,7232,0,0,0,0,1.0,1.0,1.0,1.0,1.0,1,0.6218692784977937,58
4802,1,7233,7233,0,0,0,0,1.0,1.0,1.0,1.0,1.0,1,0.6313751543704204,56
4803,3,7236,7236,0,0,0,0,1.0,1.0,1.0,1.0,1.0,1,0.6157342384183744,57
4804,3,7239,7239,0,0,0,0,1.0,1.0,1.0,1.0,1.0,1,0.6090114915827226,55
4805,1,7240,7240,0,0,0,0,1.0,1.0,1.0,1.0,1.0,1,0.6042521192858656,56
4806,0,7240,7240,0,0,0,0,1.0,1.0,1.0,1.0,1.0,1,0.6079697786339777,55
4807,0,7240,7240,0,0,0,0,1.0,1.0,1.0,1.0,1.0,1,0.6142369132003407,53
4808,0,7240,7240,0,0,0,0,1.0,1.0,1.0,1.0,1.0,1,0.6058143517888533,54
4809,0,7240,7240,0,0,0,0,1.0,1.0,1.0,1.0,1.0,1,0.6095298852124081,53
4810,0,7240,7240,0,0,0,0,1.0,1.0,1.0,1.0,1.0,1,0.6095298852124081,53
4811,0,7240,7240,0,0,0,0,1.0,1.0,1.0,1.0,1.0,1,0.6008421540851385,54
4812,2,7242,7242,0,0,0,0,1.0,1.0,1.0,1.0,1.0,1,0.6176493326443565,54
4813,0,7242,7242,0,0,0,0,1.0,1.0,1.0,1.0,1.0,1,0.6147725546682796,55
4814,1,7243,7243,0,0,0,0,1.0,1.0,1.0,1.0,1.0,1,0.6210006009913038,55
4815,0,7243,7243,0,0,0,0,1.0,1.0,1.0,1.0,1.0,1,0.6177788335701542,56
4816,3,7246,7246,0,0,0,0,1.0,1.0,1.0,1.0,1.0,1,0.6298823272294088,56
4817,1,7247,7247,0,0,0,0,1.0,1.0,1.0,1.0,1.0,1,0.6478848509637695,58
4818,5,7252,7252,0,0,0,0,1.0,1.0,1.0,1.0,1.0,1,0.6415415479541772,58
4819,0,7252,7252,0,0,0,0,1.0,1.0,1.0,1.0,1.0,1,0.6362396039439719,58
4820,3,7255,7255,0,0,0,0,1.0,1.0,1.0,1.0,1.0,1,0.6030401939634958,58
4821,1,7256,7256,0,0,0,0,1.0,1.0,1.0,1.0,1.0,1,0.5969037981023936,58
4822,2,7258,7258,0,0,0,0,1.0,1.0,1.0,1.0,1.0,1,0.574405585728632,58
4823,3,7261,7261,0,0,0,0,1.0,1.0,1.0,1.0,1.0,1,0.584155989053758,57
4824,1,7262,7262,0,0,0,0,1.0,1.0,1.0,1.0,1.0,1,0.5966014103998286,56
4825,2,7264,7264,0,0,0,0,1.0,1.0,1.0,1.0,1.0,1,0.5892061232867513,57
4826,0,7264,7264,0,0,0,0,1.0,1.0,1.0,1.0,1.0,1,0.5892061232867513,57
4827,2,7266,7266,0,0,0,0,1.0,1.0,1.0,1.0,1.0,1,0.5923668144283694,56
4828,4,7270,7270,0,0,0,0,1.0,1.0,1.0,1.0,1.0,1,0.5881700429648695,57
4829,1,7271,7271,0,0,0,0,1.0,1.0,1.0,1.0,1.0,1,0.5795593333339887,56
4830,0,7271,7271,0,0,0,0,1.0,1.0,1.0,1.0,1.0,1,0.5702074422839171,57
4831,1,7272,7272,0,0,0,0,1.0,1.0,1.0,1.0,1.0,1,0.5657395189142669,57
4832,1,7273,7273,0,0,0,0,1.0,1.0,1.0,1.0,1.0,1,0.5726357126135786,55
4833,1,7274,7274,0,0,0,0,1.0,1.0,1.0,1.0,1.0,1,0.5774775542848707,55
4834,2,7276,7276,0,0,0,0,1.0,1.0,1.0,1.0,1.0,1,0.5842638639681315,55
4835,0,7276,7276,0,0,0,0,1.0,1.0,1.0,1.0,1.0,1,0.5855424320048527,55
4836,2,7278,7278,0,0,0,0,1.0,1.0,1.0,1.0,1.0,1,0.59249093791223,55
4837,1,7279,7279,0,0,0,0,1.0,1.0,1.0,1.0,1.0,1,0.5980817322029393,53
4838,2,7281,7281,0,0,0,0,1.0,1.0,1.0,1.0,1.0,1,0.597934326463914,54
4839,4,7285,7285,0,0,0,0,1.0,1.0,1.0,1.0,1.0,1,0.5965548469906081,53
4840,0,7285,7285,0,0,0,0,1.0,1.0,1.0,1.0,1.0,1,0.5911275755352604,52
4841,3,7288,7288,0,0,0,0,1.0,1.0,1.0,1.0,1.0,1,0.6082430265201723,51
4842,1,7289,7289,0,0,0,0,1.0,1.0,1.0,1.0,1.0,1,0.618540929794679,50
4843,3,7292,7292,0,0,0,0,1.0,1.0,1.0,1.0,1.0,1,0.6385833951927428,51
4844,3,7295,7295,0,0,0,0,1.0,1.0,1.0,1.0,1.0,1,0.6474281822211432,50
4845,0,7295,7295,0,0,0,0,1.0,1.0,1.0,1.0,1.0,1,0.6422225486244184,49
4846,1,7296,7296,0,0,0,0,1.0,1.0,1.0,1.0,1.0,1,0.6379024898204367,49
4847,0,7296,7296,0,0,0,0,1.0,1.0,1.0,1.0,1.0,1,0.6334279013985511,48
4848,2,7298,7298,0,0,0,0,1.0,1.0,1.0,1.0,1.0,1,0.6480533160781378,48
4849,2,7300,7300,0,0,0,0,1.0,1.0,1.0,1.0,1.0,1,0.6225623642227583,48
4850,0,7300,7300,0,0,0,0,1.0,1.0,1.0,1.0,1.0,1,0.6200420368661036,49
4851,0,7300,7300,0,0,0,0,1.0,1.0,1.0,1.0,1.0,1,0.6029346497507372,49
4852,0,7300,7300,0,0,0,0,1.0,1.0,1.0,1.0,1.0,1,0.623416205660276,49
4853,0,7300,7300,0,0,0,0,1.0,1.0,1.0,1.0,1.0,1,0.6183656893175179,50
4854,1,7301,7301,0,0,0,0,1.0,1.0,1.0,1.0,1.0,1,0.6205010720669415,51
4855,0,7301,7301,0,0,0,0,1.0,1.0,1.0,1.0,1.0,1,0.6205010720669415,51
4856,2,7303,7303,0,0,0,0,1.0,1.0,1.0,1.0,1.0,1,0.6189565470016581,50
4857,0,7303,7303,0,0,0,0,1.0,1.0,1.0,1.0,1.0,1,0.6118159433314106,51
4858,2,7305,7305,0,0,0,0,1.0,1.0,1.0,1.0,1.0,1,0.5747354174644679,51
4859,0,7305,7305,0,0,0,0,1.0,1.0,1.0,1.0,1.0,1,0.5812534504512477,52
4860,1,7306,7306,0,0,0,0,1.0,1.0,1.0,1.0,1.0,1,0.5814204834606918,52
4861,1,7307,7307,0,0,0,0,1.0,1.0,1.0,1.0,1.0,1,0.5720892776786015,53
4862,1,7308,7308,0,0,0,0,1.0,1.0,1.0,1.0,1.0,1,0.582788334279789,53
4863,0,7308,7308,0,0,0,0,1.0,1.0,1.0,1.0,1.0,1,0.5914898820942499,51
4864,2,7310,7310,0,0,0,0,1.0,1.0,1.0,1.0,1.0,1,0.5788662752286946,53
4865,1,7311,7311,0,0,0,0,1.0,1.0,1.0,1.0,1.0,1,0.5810788707564946,52
4866,2,7313,7313,0,0,0,0,1.0,1.0,1.0,1.0,1.0,1,0.5831602862161949,53
4867,1,7314,7314,0,0,0,0,1.0,1.0,1.0,1.0,1.0,1,0.5923583355743035,51
4868,2,7316,7316,0,0,0,0,1.0,1.0,1.0,1.0,1.0,1,0.5951523589777068,53
4869,0,7316,7316,0,0,0,0,1.0,1.0,1.0,1.0,1.0,1,0.5951523589777068,53
4870,3,7319,7319,0,0,0,0,1.0,1.0,1.0,1.0,1.0,1,0.5671247297652712,55
4871,1,7320,7320,0,0,0,0,1.0,1.0,1.0,1.0,1.0,1,0.5736210893657685,55
4872,5,7325,7325,0,0,0,0,1.0,1.0,1.0,1.0,1.0,1,0.5855687212783934,56
4873,0,7325,7325,0,0,0,0,1.0,1.0,1.0,1.0,1.0,1,0.5855687212783934,56
4874,3,7328,7328,0,0,0,0,1.0,1.0,1.0,1.0,1.0,1,0.5936137819930322,58
4875,0,7328,7328,0,0,0,0,1.0,1.0,1.0,1.0,1.0,1,0.5841276547015865,56
4876,4,7332,7332,0,0,0,0,1.0,1.0,1.0,1.0,1.0,1,0.5972173757919921,56
4877,2,7334,7334,0,0,0,0,1.0,1.0,1.0,1.0,1.0,1,0.6268223024047965,54
4878,2,7336,7336,0,0,0,0,1.0,1.0,1.0,1.0,1.0,1,0.6471883678004556,54
4879,2,7338,7338,0,0,0,0,1.0,1.0,1.0,1.0,1.0,1,0.6212852861342127,54
4880,0,7338,7338,0,0,0,0,1.0,1.0,1.0,1.0,1.0,1,0.5980057178716248,53
4881,3,7341,7341,0,0,0,0,1.0,1.0,1.0,1.0,1.0,1,0.6402501739432034,54
4882,1,7342,7342,0,0,0,0,1.0,1.0,1.0,1.0,1.0,1,0.6271455481236203,52
4883,1,7343,7343,0,0,0,0,1.0,1.0,1.0,1.0,1.0,1,0.6320867594172399,54
4884,1,7344,7344,0,0,0,0,1.0,1.0,1.0,1.0,1.0,1,0.6306398081325474,52
4885,1,7345,7345,0,0,0,0,1.0,1.0,1.0,1.0,1.0,1,0.6302633995249238,51
4886,0,7345,7345,0,0,0,0,1.0,1.0,1.0,1.0,1.0,1,0.6249692520614696,50
4887,0,7345,7345,0,0,0,0,1.0,1.0,1.0,1.0,1.0,1,0.6192632202815807,49
4888,1,7346,7346,0,0,0,0,1.0,1.0,1.0,1.0,1.0,1,0.6109459246565501,48
4889,0,7346,7346,0,0,0,0,1.0,1.0,1.0,1.0,1.0,1,0.6109459246565501,48
4890,0,7346,7346,0,0,0,0,1.0,1.0,1.0,1.0,1.0,1,0.6109459246565501,48
4891,2,7348,7348,0,0,0,0,1.0,1.0,1.0,1.0,1.0,1,0.6527165180616469,49
4892,0,7348,7348,0,0,0,0,1.0,1.0,1.0,1.0,1.0,1,0.6588914549413744,51
4893,0,7348,7348,0,0,0,0,1.0,1.0,1.0,1.0,1.0,1,0.6593606757943963,51
4894,1,7349,7349,0,0,0,0,1.0,1.0,1.0,1.0,1.0,1,0.6616287503609484,52
4895,0,7349,7349,0,0,0,0,1.0,1.0,1.0,1.0,1.0,1,0.6616287503609484,52
4896,3,7352,7352,0,0,0,0,1.0,1.0,1.0,1.0,1.0,1,0.6644913119366044,51
4897,0,7352,7352,0,0,0,0,1.0,1.0,1.0,1.0,1.0,1,0.6550038674863676,52
4898,4,7356,7356,0,0,0,0,1.0,1.0,1.0,1.0,1.0,1,0.6346466874432826,52
4899,0,7356,7356,0,0,0,0,1.0,1.0,1.0,1.0,1.0,1,0.6270784351382729,53
4900,3,7359,7359,0,0,0,0,1.0,1.0,1.0,1.0,1.0,1,0.5949329334100798,54
4901,3,7362,7362,0,0,0,0,1.0,1.0,1.0,1.0,1.0,1,0.6153960518228151,54
4902,1,7363,7363,0,0,0,0,1.0,1.0,1.0,1.0,1.0,1,0.6095236699305803,55
4903,1,7364,7364,0,0,0,0,1.0,1.0,1.0,1.0,1.0,1,0.6324549375269367,56
4904,0,7364,7364,0,0,0,0,1.0,1.0,1.0,1.0,1.0,1,0.6401999343431137,55
4905,1,7365,7365,0,0,0,0,1.0,1.0,1.0,1.0,1.0,1,0.6485978490871134,54
4906,1,7366,7366,0,0,0,0,1.0,1.0,1.0,1.0,1.0,1,0.6629558335527196,54
4907,2,7368,7368,0,0,0,0,1.0,1.0,1.0,1.0,1.0,1,0.6535756863605677,54
4908,2,7370,7370,0,0,0,0,1.0,1.0,1.0,1.0,1.0,1,0.6404568016906519,53
4909,1,7371,7371,0,0,0,0,1.0,1.0,1.0,1.0,1.0,1,0.6378171622817078,54
4910,1,7372,7372,0,0,0,0,1.0,1.0,1.0,1.0,1.0,1,0.6378114436785663,55
4911,3,7375,7375,0,0,0,0,1.0,1.0,1.0,1.0,1.0,1,0.6340097911904535,57
4912,4,7379,7379,0,0,0,0,1.0,1.0,1.0,1.0,1.0,1,0.6610514795213869,57
4913,2,7381,7381,0,0,0,0,1.0,1.0,1.0,1.0,1.0,1,0.646362223661074,56
4914,2,7383,7383,0,0,0,0,1.0,1.0,1.0,1.0,1.0,1,0.643446875817878,56
4915,0,7383,7383,0,0,0,0,1.0,1.0,1.0,1.0,1.0,1,0.6273575812868576,56
4916,4,7387,7387,0,0,0,0,1.0,1.0,1.0,1.0,1.0,1,0.6264332972100521,54
4917,2,7389,7389,0,0,0,0,1.0,1.0,1.0,1.0,1.0,1,0.6227081152369239,53
4918,3,7392,7392,0,0,0,0,1.0,1.0,1.0,1.0,1.0,1,0.6017271564883088,52
4919,0,7392,7392,0,0,0,0,1.0,1.0,1.0,1.0,1.0,1,0.5986293889548271,49
4920,0,7392,7392,0,0,0,0,1.0,1.0,1.0,1.0,1.0,1,0.5986293889548271,49
4921,1,7393,7393,0,0,0,0,1.0,1.0,1.0,1.0,1.0,1,0.6422221962374949,50
4922,0,7393,7393,0,0,0,0,1.0,1.0,1.0,1.0,1.0,1,0.6422221962374949,50
4923,3,7396,7396,0,0,0,0,1.0,1.0,1.0,1.0,1.0,1,0.6546439320045538,52
4924,1,7397,7397,0,0,0,0,1.0,1.0,1.0,1.0,1.0,1,0.6652718137489124,53
4925,1,7398,7398,0,0,0,0,1.0,1.0,1.0,1.0,1.0,1,0.6449235321695079,54
4926,0,7398,7398,0,0,0,0,1.0,1.0,1.0,1.0,1.0,1,0.6449235321695079,54
4927,2,7400,7400,0,0,0,0,1.0,1.0,1.0,1.0,1.0,1,0.6570806736696291,54
4928,0,7400,7400,0,0,0,0,1.0,1.0,1.0,1.0,1.0,1,0.6570806736696291,54
4929,0,7400,7400,0,0,0,0,1.0,1.0,1.0,1.0,1.0,1,0.645961809444556,55
4930,0,7400,7400,0,0,0,0,1.0,1.0,1.0,1.0,1.0,1,0.6414920595864678,58
4931,0,7400,7400,0,0,0,0,1.0,1.0,1.0,1.0,1.0,1,0.6414920595864678,58
4932,0,7400,7400,0,0,0,0,1.0,1.0,1.0,1.0,1.0,1,0.6463027694302871,59
4933,0,7400,7400,0,0,0,0,1.0,1.0,1.0,1.0,1.0,1,0.6463027694302871,59
4934,0,7400,7400,0,0,0,0,1.0,1.0,1.0,1.0,1.0,1,0.6463027694302871,59
4935,0,7400,7400,0,0,0,0,1.0,1.0,1.0,1.0,1.0,1,0.6463027694302871,59
4936,0,7400,7400,0,0,0,0,1.0,1.0,1.0,1.0,1.0,1,0.6463027694302871,59
4937,1,7401,7401,0,0,0,0,1.0,1.0,1.0,1.0,1.0,1,0.6346170062424059,61
4938,3,7404,7404,0,0,0,0,1.0,1.0,1.0,1.0,1.0,1,0.6116807976229323,62
4939,1,7405,7405,0,0,0,0,1.0,1.0,1.0,1.0,1.0,1,0.6006051147541135,63
4940,3,7408,7408,0,0,0,0,1.0,1.0,1.0,1.0,1.0,1,0.5894725471122798,65
4941,2,7410,7410,0,0,0,0,1.0,1.0,1.0,1.0,1.0,1,0.578005565098998,65
4942,3,7413,7413,0,0,0,0,1.0,1.0,1.0,1.0,1.0,1,0.5766977352097992,67
4943,4,7417,7417,0,0,0,0,1.0,1.0,1.0,1.0,1.0,1,0.5817970294995989,66
4944,0,7417,7417,0,0,0,0,1.0,1.0,1.0,1.0,1.0,1,0.596624693345737,63
4945,3,7420,7420,0,0,0,0,1.0,1.0,1.0,1.0,1.0,1,0.5932214740290577,61
4946,0,7420,7420,0,0,0,0,1.0,1.0,1.0,1.0,1.0,1,0.6044070494142908,60
4947,4,7424,7424,0,0,0,0,1.0,1.0,1.0,1.0,1.0,1,0.6090110908701053,58
4948,3,7427,7427,0,0,0,0,1.0,1.0,1.0,1.0,1.0,1,0.6521886141853311,57
4949,2,7429,7429,0,0,0,0,1.0,1.0,1.0,1.0,1.0,1,0.6326655026269744,56
4950,4,7433,7433,0,0,0,0,1.0,1.0,1.0,1.0,1.0,1,0.6509257268734185,57
4951,1,7434,7434,0,0,0,0,1.0,1.0,1.0,1.0,1.0,1,0.639617277680043,55
4952,6,7440,7440,0,0,0,0,1.0,1.0,1.0,1.0,1.0,1,0.6953023117088323,55
4953,3,7443,7443,0,0,0,0,1.0,1.0,1.0,1.0,1.0,1,0.6785756098922208,54
4954,0,7443,7443,0,0,0,0,1.0,1.0,1.0,1.0,1.0,1,0.6803453792454154,54
4955,0,7443,7443,0,0,0,0,1.0,1.0,1.0,1.0,1.0,1,0.6721180304863996,52
4956,0,7443,7443,0,0,0,0,1.0,1.0,1.0,1.0,1.0,1,0.6721180304863996,52
4957,0,7443,7443,0,0,0,0,1.0,1.0,1.0,1.0,1.0,1,0.662929512057606,53
4958,1,7444,7444,0,0,0,0,1.0,1.0,1.0,1.0,1.0,1,0.6766855068488051,52
4959,1,7445,7445,0,0,0,0,1.0,1.0,1.0,1.0,1.0,1,0.7046506117948234,51
4960,0,7445,7445,0,0,0,0,1.0,1.0,1.0,1.0,1.0,1,0.6998974667887765,53
4961,3,7448,7448,0,0,0,0,1.0,1.0,1.0,1.0,1.0,1,0.6872509387829525,53
4962,0,7448,7448,0,0,0,0,1.0,1.0,1.0,1.0,1.0,1,0.6885137771403813,55
4963,1,7449,7449,0,0,0,0,1.0,1.0,1.0,1.0,1.0,1,0.6865113988251365,54
4964,1,7450,7450,0,0,0,0,1.0,1.0,1.0,1.0,1.0,1,0.6766363669091556,54
4965,2,7452,7452,0,0,0,0,1.0,1.0,1.0,1.0,1.0,1,0.6734094078847752,54
4966,1,7453,7453,0,0,0,0,1.0,1.0,1.0,1.0,1.0,1,0.6672674091817503,54
4967,3,7456,7456,0,0,0,0,1.0,1.0,1.0,1.0,1.0,1,0.6427911894668525,55
4968,1,7457,7457,0,0,0,0,1.0,1.0,1.0,1.0,1.0,1,0.6370002782962132,55
4969,2,7459,7459,0,0,0,0,1.0,1.0,1.0,1.0,1.0,1,0.6180508900514654,57
4970,1,7460,7460,0,0,0,0,1.0,1.0,1.0,1.0,1.0,1,0.6220561544188838,56
4971,2,7462,7462,0,0,0,0,1.0,1.0,1.0,1.0,1.0,1,0.6158688799402725,57
4972,2,7464,7464,0,0,0,0,1.0,1.0,1.0,1.0,1.0,1,0.6145398036070235,57
4973,2,7466,7466,0,0,0,0,1.0,1.0,1.0,1.0,1.0,1,0.5961483406130739,60
4974,2,7468,7468,0,0,0,0,1.0,1.0,1.0,1.0,1.0,1,0.5999980070794659,58
4975,0,7468,7468,0,0,0,0,1.0,1.0,1.0,1.0,1.0,1,0.600978052664282,59
4976,1,7469,7469,0,0,0,0,1.0,1.0,1.0,1.0,1.0,1,0.6039411703562451,59
4977,5,7474,7474,0,0,0,0,1.0,1.0,1.0,1.0,1.0,1,0.638865561553274,59
4978,4,7478,7478,0,0,0,0,1.0,1.0,1.0,1.0,1.0,1,0.6301576257321514,59
4979,0,7478,7478,0,0,0,0,1.0,1.0,1.0,1.0,1.0,1,0.616449762703816,61
4980,3,7481,7481,0,0,0,0,1.0,1.0,1.0,1.0,1.0,1,0.6088305635451519,62
4981,2,7483,7483,0,0,0,0,1.0,1.0,1.0,1.0,1.0,1,0.6125541090061574,62
4982,3,7486,7486,0,0,0,0,1.0,1.0,1.0,1.0,1.0,1,0.5934087485157714,63
4983,2,7488,7488,0,0,0,0,1.0,1.0,1.0,1.0,1.0,1,0.5799116702663012,63
4984,1,7489,7489,0,0,0,0,1.0,1.0,1.0,1.0,1.0,1,0.5940436842553198,61
4985,2,7491,7491,0,0,0,0,1.0,1.0,1.0,1.0,1.0,1,0.598492820889952,59
4986,4,7495,7495,0,0,0,0,1.0,1.0,1.0,1.0,1.0,1,0.5792949754453326,62
4987,2,7497,7497,0,0,0,0,1.0,1.0,1.0,1.0,1.0,1,0.590587581655601,60
4988,3,7500,7500,0,0,0,0,1.0,1.0,1.0,1.0,1.0,1,0.6083756662567732,59
4989,2,7502,7502,0,0,0,0,1.0,1.0,1.0,1.0,1.0,1,0.5896077853599988,57
4990,1,7503,7503,0,0,0,0,1.0,1.0,1.0,1.0,1.0,1,0.6138584629678631,55
4991,4,7507,7507,0,0,0,0,1.0,1.0,1.0,1.0,1.0,1,0.6234118023376983,54
4992,4,7511,7511,0,0,0,0,1.0,1.0,1.0,1.0,1.0,1,0.6364048587785331,52
4993,0,7511,7511,0,0,0,0,1.0,1.0,1.0,1.0,1.0,1,0.6304317200898297,51
4994,3,7514,7514,0,0,0,0,1.0,1.0,1.0,1.0,1.0,1,0.617693491587291,49
4995,0,7514,7514,0,0,0,0,1.0,1.0,1.0,1.0,1.0,1,0.6287819714427483,48
4996,4,7518,7518,0,0,0,0,1.0,1.0,1.0,1.0,1.0,1,0.6235950649540979,48
4997,2,7520,7520,0,0,0,0,1.0,1.0,1.0,1.0,1.0,1,0.6528813265031809,46
4998,1,7521,7521,0,0,0,0,1.0,1.0,1.0,1.0,1.0,1,0.6402626600437935,48
4999,2,7523,7523,0,0,0,0,1.0,1.0,1.0,1.0,1.0,1,0.6501146350843162,48
5000,1,7524,7524,0,0,0,0,1.0,1.0,1.0,1.0,1.0,1,0.6323069831288659,47
5001,0,7524,7524,0,0,0,0,1.0,1.0,1.0,1.0,1.0,1,0.6386904073928106,45
5002,3,7527,7527,0,0,0,0,1.0,1.0,1.0,1.0,1.0,1,0.6448290486684431,46
5003,1,7528,7528,0,0,0,0,1.0,1.0,1.0,1.0,1.0,1,0.6286091297484325,46
5004,0,7528,7528,0,0,0,0,1.0,1.0,1.0,1.0,1.0,1,0.6286091297484325,46
5005,0,7528,7528,0,0,0,0,1.0,1.0,1.0,1.0,1.0,1,0.6471541966706922,45
5006,0,7528,7528,0,0,0,0,1.0,1.0,1.0,1.0,1.0,1,0.6598540741553535,45
5007,1,7529,7529,0,0,0,0,1.0,1.0,1.0,1.0,1.0,1,0.6517787809646317,46
5008,0,7529,7529,0,0,0,0,1.0,1.0,1.0,1.0,1.0,1,0.6490364552509472,49
5009,0,7529,7529,0,0,0,0,1.0,1.0,1.0,1.0,1.0,1,0.6549396998017392,49
5010,0,7529,7529,0,0,0,0,1.0,1.0,1.0,1.0,1.0,1,0.655226829303367,50
5011,0,7529,7529,0,0,0,0,1.0,1.0,1.0,1.0,1.0,1,0.6594673872420894,51
5012,0,7529,7529,0,0,0,0,1.0,1.0,1.0,1.0,1.0,1,0.659599672049341,52
5013,1,7530,7530,0,0,0,0,1.0,1.0,1.0,1.0,1.0,1,0.6644051501569023,52
5014,0,7530,7530,0,0,0,0,1.0,1.0,1.0,1.0,1.0,1,0.6608672342915466,53
5015,1,7531,7531,0,0,0,0,1.0,1.0,1.0,1.0,1.0,1,0.6791193606685892,54
5016,1,7532,7532,0,0,0,0,1.0,1.0,1.0,1.0,1.0,1,0.6826766254907716,55
5017,0,7532,7532,0,0,0,0,1.0,1.0,1.0,1.0,1.0,1,0.6826766254907716,55
5018,6,7538,7538,0,0,0,0,1.0,1.0,1.0,1.0,1.0,1,0.6552732979168772,56
5019,0,7538,7538,0,0,0,0,1.0,1.0,1.0,1.0,1.0,1,0.6552732979168772,56
5020,3,7541,7541,0,0,0,0,1.0,1.0,1.0,1.0,1.0,1,0.6540311210991017,55
5021,1,7542,7542,0,0,0,0,1.0,1.0,1.0,1.0,1.0,1,0.6546746584944666,56
5022,1,7543,7543,0,0,0,0,1.0,1.0,1.0,1.0,1.0,1,0.6634030061115015,56
5023,2,7545,7545,0,0,0,0,1.0,1.0,1.0,1.0,1.0,1,0.6498010123165407,55
5024,4,7549,7549,0,0,0,0,1.0,1.0,1.0,1.0,1.0,1,0.6651771504753177,55
5025,1,7550,7550,0,0,0,0,1.0,1.0,1.0,1.0,1.0,1,0.6696703652247601,53
5026,5,7555,7555,0,0,0,0,1.0,1.0,1.0,1.0,1.0,1,0.6632189959837703,52
5027,1,7556,7556,0,0,0,0,1.0,1.0,1.0,1.0,1.0,1,0.6800442380768178,51
5028,5,7561,7561,0,0,0,0,1.0,1.0,1.0,1.0,1.0,1,0.6767700326568307,51
5029,3,7564,7564,0,0,0,0,1.0,1.0,1.0,1.0,1.0,1,0.6871004540066435,50
5030,2,7566,7566,0,0,0,0,1.0,1.0,1.0,1.0,1.0,1,0.651378495329863,49
5031,2,7568,7568,0,0,0,0,1.0,1.0,1.0,1.0,1.0,1,0.6650838128760692,49
5032,4,7572,7572,0,0,0,0,1.0,1.0,1.0,1.0,1.0,1,0.6274455996359715,48
5033,1,7573,7573,0,0,0,0,1.0,1.0,1.0,1.0,1.0,1,0.6350848545607308,50
5034,1,7574,7574,0,0,0,0,1.0,1.0,1.0,1.0,1.0,1,0.6198159870462231,49
5035,1,7575,7575,0,0,0,0,1.0,1.0,1.0,1.0,1.0,1,0.6299436277203814,49
5036,1,7576,7576,0,0,0,0,1.0,1.0,1.0,1.0,1.0,1,0.641332807925963,47
5037,1,7577,7577,0,0,0,0,1.0,1.0,1.0,1.0,1.0,1,0.6647054303495883,47
5038,0,7577,7577,0,0,0,0,1.0,1.0,1.0,1.0,1.0,1,0.6686285924521849,47
5039,0,7577,7577,0,0,0,0,1.0,1.0,1.0,1.0,1.0,1,0.6685892674653321,48
5040,0,7577,7577,0,0,0,0,1.0,1.0,1.0,1.0,1.0,1,0.6685892674653321,48
5041,1,7578,7578,0,0,0,0,1.0,1.0,1.0,1.0,1.0,1,0.6618281578072854,48
5042,0,7578,7578,0,0,0,0,1.0,1.0,1.0,1.0,1.0,1,0.6537797957185999,50
5043,1,7579,7579,0,0,0,0,1.0,1.0,1.0,1.0,1.0,1,0.6435649860702394,51
5044,1,7580,7580,0,0,0,0,1.0,1.0,1.0,1.0,1.0,1,0.6560194946369368,51
5045,0,7580,7580,0,0,0,0,1.0,1.0,1.0,1.0,1.0,1,0.6562416192178253,52
5046,1,7581,7581,0,0,0,0,1.0,1.0,1.0,1.0,1.0,1,0.66527738103286,51
5047,2,7583,7583,0,0,0,0,1.0,1.0,1.0,1.0,1.0,1,0.6594714202466052,51
5048,2,7585,7585,0,0,0,0,1.0,1.0,1.0,1.0,1.0,1,0.6567162727245712,52
5049,0,7585,7585,0,0,0,0,1.0,1.0,1.0,1.0,1.0,1,0.6616485171955567,54
5050,0,7585,7585,0,0,0,0,1.0,1.0,1.0,1.0,1.0,1,0.6679286328616036,56
5051,0,7585,7585,0,0,0,0,1.0,1.0,1.0,1.0,1.0,1,0.6761876600558893,55
5052,1,7586,7586,0,0,0,0,1.0,1.0,1.0,1.0,1.0,1,0.6795586196759207,55
5053,0,7586,7586,0,0,0,0,1.0,1.0,1.0,1.0,1.0,1,0.6795586196759207,55
5054,1,7587,7587,0,0,0,0,1.0,1.0,1.0,1.0,1.0,1,0.676190488678711,55
5055,0,7587,7587,0,0,0,0,1.0,1.0,1.0,1.0,1.0,1,0.6862839192031776,55
5056,0,7587,7587,0,0,0,0,1.0,1.0,1.0,1.0,1.0,1,0.6901475869698169,56
5057,0,7587,7587,0,0,0,0,1.0,1.0,1.0,1.0,1.0,1,0.6888863414292216,58
5058,5,7592,7592,0,0,0,0,1.0,1.0,1.0,1.0,1.0,1,0.6413602921810992,59
5059,3,7595,7595,0,0,0,0,1.0,1.0,1.0,1.0,1.0,1,0.6270485978574087,59
5060,3,7598,7598,0,0,0,0,1.0,1.0,1.0,1.0,1.0,1,0.6261367551925057,59
5061,1,7599,7599,0,0,0,0,1.0,1.0,1.0,1.0,1.0,1,0.6308667686922357,59
5062,6,7605,7605,0,0,0,0,1.0,1.0,1.0,1.0,1.0,1,0.6660962906283626,59
5063,3,7608,7608,0,0,0,0,1.0,1.0,1.0,1.0,1.0,1,0.6774113881977607,59
5064,2,7610,7610,0,0,0,0,1.0,1.0,1.0,1.0,1.0,1,0.6906065836429768,57
5065,1,7611,7611,0,0,0,0,1.0,1.0,1.0,1.0,1.0,1,0.6864476596400176,55
5066,2,7613,7613,0,0,0,0,1.0,1.0,1.0,1.0,1.0,1,0.6971998176777983,55
5067,2,7615,7615,0,0,0,0,1.0,1.0,1.0,1.0,1.0,1,0.6962123420509133,54
5068,0,7615,7615,0,0,0,0,1.0,1.0,1.0,1.0,1.0,1,0.6942247055593375,54
5069,3,7618,7618,0,0,0,0,1.0,1.0,1.0,1.0,1.0,1,0.6947296074491999,54
5070,3,7621,7621,0,0,0,0,1.0,1.0,1.0,1.0,1.0,1,0.6979376188051586,52
5071,1,7622,7622,0,0,0,0,1.0,1.0,1.0,1.0,1.0,1,0.6765758677573015,54
5072,0,7622,7622,0,0,0,0,1.0,1.0,1.0,1.0,1.0,1,0.6677333194106246,52
5073,0,7622,7622,0,0,0,0,1.0,1.0,1.0,1.0,1.0,1,0.6634160294905347,51
5074,0,7622,7622,0,0,0,0,1.0,1.0,1.0,1.0,1.0,1,0.6510378616518796,52
5075,1,7623,7623,0,0,0,0,1.0,1.0,1.0,1.0,1.0,1,0.643076951899297,53
5076,0,7623,7623,0,0,0,0,1.0,1.0,1.0,1.0,1.0,1,0.643076951899297,53
5077,2,7625,7625,0,0,0,0,1.0,1.0,1.0,1.0,1.0,1,0.6634173933368217,56
5078,0,7625,7625,0,0,0,0,1.0,1.0,1.0,1.0,1.0,1,0.6751670762720107,55
5079,0,7625,7625,0,0,0,0,1.0,1.0,1.0,1.0,1.0,1,0.6749771208645917,56
5080,0,7625,7625,0,0,0,0,1.0,1.0,1.0,1.0,1.0,1,0.6670132763796467,57
5081,0,7625,7625,0,0,0,0,1.0,1.0,1.0,1.0,1.0,1,0.6704943849879542,58
5082,0,7625,7625,0,0,0,0,1.0,1.0,1.0,1.0,1.0,1,0.6704943849879542,58
5083,0,7625,7625,0,0,0,0,1.0,1.0,1.0,1.0,1.0,1,0.6704475298828955,59
5084,2,7627,7627,0,0,0,0,1.0,1.0,1.0,1.0,1.0,1,0.6529210954899437,59
5085,3,7630,7630,0,0,0,0,1.0,1.0,1.0,1.0,1.0,1,0.6413497058714447,60
5086,1,7631,7631,0,0,0,0,1.0,1.0,1.0,1.0,1.0,1,0.622589678871605,61
5087,4,7635,7635,0,0,0,0,1.0,1.0,1.0,1.0,1.0,1,0.6225035967306329,62
5088,2,7637,7637,0,0,0,0,1.0,1.0,1.0,1.0,1.0,1,0.6312142024301716,64
5089,1,7638,7638,0,0,0,0,1.0,1.0,1.0,1.0,1.0,1,0.6376760979888323,64
5090,2,7640,7640,0,0,0,0,1.0,1.0,1.0,1.0,1.0,1,0.633899752073348,64
5091,2,7642,7642,0,0,0,0,1.0,1.0,1.0,1.0,1.0,1,0.6468763063627232,64
5092,2,7644,7644,0,0,0,0,1.0,1.0,1.0,1.0,1.0,1,0.6478914966262739,64
5093,1,7645,7645,0,0,0,0,1.0,1.0,1.0,1.0,1.0,1,0.6415659175950493,64
5094,1,7646,7646,0,0,0,0,1.0,1.0,1.0,1.0,1.0,1,0.6219174378638248,65
5095,2,7648,7648,0,0,0,0,1.0,1.0,1.0,1.0,1.0,1,0.6169858345852081,66
5096,1,7649,7649,0,0,0,0,1.0,1.0,1.0,1.0,1.0,1,0.6273229092439276,66
5097,2,7651,7651,0,0,0,0,1.0,1.0,1.0,1.0,1.0,1,0.6192267073369404,67
5098,3,7654,7654,0,0,0,0,1.0,1.0,1.0,1.0,1.0,1,0.6079458927873864,67
5099,0,7654,7654,0,0,0,0,1.0,1.0,1.0,1.0,1.0,1,0.6025611160995182,70
5100,5,7659,7659,0,0,0,0,1.0,1.0,1.0,1.0,1.0,1,0.5823596152837474,71
5101,1,7660,7660,0,0,0,0,1.0,1.0,1.0,1.0,1.0,1,0.5653635396572042,72
5102,5,7665,7665,0,0,0,0,1.0,1.0,1.0,1.0,1.0,1,0.5680103842004448,72
5103,4,7669,7669,0,0,0,0,1.0,1.0,1.0,1.0,1.0,1,0.5370174445790404,70
5104,2,7671,7671,0,0,0,0,1.0,1.0,1.0,1.0,1.0,1,0.5388187295167955,67
5105,6,7677,7677,0,0,0,0,1.0,1.0,1.0,1.0,1.0,1,0.5536945724187603,66
5106,2,7679,7679,0,0,0,0,1.0,1.0,1.0,1.0,1.0,1,0.5571327878493721,64
5107,5,7684,7684,0,0,0,0,1.0,1.0,1.0,1.0,1.0,1,0.579629305842718,61
5108,2,7686,7686,0,0,0,0,1.0,1.0,1.0,1.0,1.0,1,0.5935257730627187,57
5109,4,7690,7690,0,0,0,0,1.0,1.0,1.0,1.0,1.0,1,0.6276147219335102,55
5110,2,7692,7692,0,0,0,0,1.0,1.0,1.0,1.0,1.0,1,0.6401461401720486,53
5111,3,7695,7695,0,0,0,0,1.0,1.0,1.0,1.0,1.0,1,0.6835571497820149,52
5112,5,7700,7700,0,0,0,0,1.0,1.0,1.0,1.0,1.0,1,0.6876401149107026,52
5113,1,7701,7701,0,0,0,0,1.0,1.0,1.0,1.0,1.0,1,0.6731458834024351,49
5114,5,7706,7706,0,0,0,0,1.0,1.0,1.0,1.0,1.0,1,0.6900503141967445,49
5115,0,7706,7706,0,0,0,0,1.0,1.0,1.0,1.0,1.0,1,0.6879884991452212,48
5116,4,7710,7710,0,0,0,0,1.0,1.0,1.0,1.0,1.0,1,0.6712598566480426,47
5117,0,7710,7710,0,0,0,0,1.0,1.0,1.0,1.0,1.0,1,0.6759086638699618,48
5118,0,7710,7710,0,0,0,0,1.0,1.0,1.0,1.0,1.0,1,0.6642242652665143,49
5119,1,7711,7711,0,0,0,0,1.0,1.0,1.0,1.0,1.0,1,0.6486895605650937,49
5120,2,7713,7713,0,0,0,0,1.0,1.0,1.0,1.0,1.0,1,0.6512907204123162,48
5121,0,7713,7713,0,0,0,0,1.0,1.0,1.0,1.0,1.0,1,0.6512907204123162,48
5122,0,7713,7713,0,0,0,0,1.0,1.0,1.0,1.0,1.0,1,0.6710227815040735,46
5123,2,7715,7715,0,0,0,0,1.0,1.0,1.0,1.0,1.0,1,0.6700548348524134,46
5124,1,7716,7716,0,0,0,0,1.0,1.0,1.0,1.0,1.0,1,0.6497833625113,47
5125,2,7718,7718,0,0,0,0,1.0,1.0,1.0,1.0,1.0,1,0.651410725662537,49
5126,0,7718,7718,0,0,0,0,1.0,1.0,1.0,1.0,1.0,1,0.651410725662537,49
5127,3,7721,7721,0,0,0,0,1.0,1.0,1.0,1.0,1.0,1,0.6422351269192894,51
5128,0,7721,7721,0,0,0,0,1.0,1.0,1.0,1.0,1.0,1,0.6422043057397087,53
5129,2,7723,7723,0,0,0,0,1.0,1.0,1.0,1.0,1.0,1,0.6277197990707412,55
5130,0,7723,7723,0,0,0,0,1.0,1.0,1.0,1.0,1.0,1,0.6277197990707412,55
5131,1,7724,7724,0,0,0,0,1.0,1.0,1.0,1.0,1.0,1,0.6105021643885764,55
5132,0,7724,7724,0,0,0,0,1.0,1.0,1.0,1.0,1.0,1,0.6105021643885764,55
5133,1,7725,7725,0,0,0,0,1.0,1.0,1.0,1.0,1.0,1,0.5922459686439385,56
5134,0,7725,7725,0,0,0,0,1.0,1.0,1.0,1.0,1.0,1,0.6084425571747559,56
5135,2,7727,7727,0,0,0,0,1.0,1.0,1.0,1.0,1.0,1,0.5944598189221822,56
5136,0,7727,7727,0,0,0,0,1.0,1.0,1.0,1.0,1.0,1,0.6045662936338048,55
5137,0,7727,7727,0,0,0,0,1.0,1.0,1.0,1.0,1.0,1,0.6147657458695707,55
5138,3,7730,7730,0,0,0,0,1.0,1.0,1.0,1.0,1.0,1,0.6189144693520439,54
5139,4,7734,7734,0,0,0,0,1.0,1.0,1.0,1.0,1.0,1,0.642966172943277,54
5140,5,7739,7739,0,0,0,0,1.0,1.0,1.0,1.0,1.0,1,0.6331060762542453,54
5141,3,7742,7742,0,0,0,0,1.0,1.0,1.0,1.0,1.0,1,0.6256697013554975,53
5142,4,7746,7746,0,0,0,0,1.0,1.0,1.0,1.0,1.0,1,0.6189777490736599,55
5143,4,7750,7750,0,0,0,0,1.0,1.0,1.0,1.0,1.0,1,0.6102780061177031,54
5144,5,7755,7755,0,0,0,0,1.0,1.0,1.0,1.0,1.0,1,0.5964797425780791,50
5145,3,7758,7758,0,0,0,0,1.0,1.0,1.0,1.0,1.0,1,0.6042432530809029,51
5146,4,7762,7762,0,0,0,0,1.0,1.0,1.0,1.0,1.0,1,0.5928540587824955,48
5147,0,7762,7762,0,0,0,0,1.0,1.0,1.0,1.0,1.0,1,0.5915753308009297,49
5148,2,7764,7764,0,0,0,0,1.0,1.0,1.0,1.0,1.0,1,0.5727652978287706,47
5149,1,7765,7765,0,0,0,0,1.0,1.0,1.0,1.0,1.0,1,0.5684793626467399,46
5150,3,7768,7768,0,0,0,0,1.0,1.0,1.0,1.0,1.0,1,0.5500305106405606,46
5151,0,7768,7768,0,0,0,0,1.0,1.0,1.0,1.0,1.0,1,0.5567588287316965,45
5152,6,7774,7774,0,0,0,0,1.0,1.0,1.0,1.0,1.0,1,0.5891998036522833,45
5153,1,7775,7775,0,0,0,0,1.0,1.0,1.0,1.0,1.0,1,0.5943390626488048,45
5154,2,7777,7777,0,0,0,0,1.0,1.0,1.0,1.0,1.0,1,0.609334820086372,45
5155,1,7778,7778,0,0,0,0,1.0,1.0,1.0,1.0,1.0,1,0.6223912497941235,44
5156,1,7779,7779,0,0,0,0,1.0,1.0,1.0,1.0,1.0,1,0.6363973274599911,44
5157,0,7779,7779,0,0,0,0,1.0,1.0,1.0,1.0,1.0,1,0.6353250460832347,42
5158,0,7779,7779,0,0,0,0,1.0,1.0,1.0,1.0,1.0,1,0.6262750464103134,43
5159,0,7779,7779,0,0,0,0,1.0,1.0,1.0,1.0,1.0,1,0.6337575411087943,43
5160,0,7779,7779,0,0,0,0,1.0,1.0,1.0,1.0,1.0,1,0.6337575411087943,43
5161,0,7779,7779,0,0,0,0,1.0,1.0,1.0,1.0,1.0,1,0.6337575411087943,43
5162,0,7779,7779,0,0,0,0,1.0,1.0,1.0,1.0,1.0,1,0.6318427529377395,44
5163,0,7779,7779,0,0,0,0,1.0,1.0,1.0,1.0,1.0,1,0.6370560372837333,46
5164,2,7781,7781,0,0,0,0,1.0,1.0,1.0,1.0,1.0,1,0.6397837205741413,46
5165,1,7782,7782,0,0,0,0,1.0,1.0,1.0,1.0,1.0,1,0.6438322976528184,46
5166,2,7784,7784,0,0,0,0,1.0,1.0,1.0,1.0,1.0,1,0.665195729767339,47
5167,1,7785,7785,0,0,0,0,1.0,1.0,1.0,1.0,1.0,1,0.6554138206790011,47
5168,3,7788,7788,0,0,0,0,1.0,1.0,1.0,1.0,1.0,1,0.6541065368492041,47
5169,0,7788,7788,0,0,0,0,1.0,1.0,1.0,1.0,1.0,1,0.6541065368492041,47
5170,2,7790,7790,0,0,0,0,1.0,1.0,1.0,1.0,1.0,1,0.6487959577236111,48
5171,1,7791,7791,0,0,0,0,1.0,1.0,1.0,1.0,1.0,1,0.6603397437693951,48
5172,0,7791,7791,0,0,0,0,1.0,1.0,1.0,1.0,1.0,1,0.6425093009211579,49
5173,1,7792,7792,0,0,0,0,1.0,1.0,1.0,1.0,1.0,1,0.6449960739610943,49
5174,1,7793,7793,0,0,0,0,1.0,1.0,1.0,1.0,1.0,1,0.6297078203121893,52
5175,1,7794,7794,0,0,0,0,1.0,1.0,1.0,1.0,1.0,1,0.615697530429127,53
5176,2,7796,7796,0,0,0,0,1.0,1.0,1.0,1.0,1.0,1,0.6300306592673108,54
5177,5,7801,7801,0,0,0,0,1.0,1.0,1.0,1.0,1.0,1,0.652842787364871,54
5178,4,7805,7805,0,0,0,0,1.0,1.0,1.0,1.0,1.0,1,0.6522781501497613,55
5179,0,7805,7805,0,0,0,0,1.0,1.0,1.0,1.0,1.0,1,0.6421479306076648,53
5180,2,7807,7807,0,0,0,0,1.0,1.0,1.0,1.0,1.0,1,0.6195237705643897,52
5181,1,7808,7808,0,0,0,0,1.0,1.0,1.0,1.0,1.0,1,0.5939266646060373,52
5182,1,7809,7809,0,0,0,0,1.0,1.0,1.0,1.0,1.0,1,0.5888652369733695,52
5183,5,7814,7814,0,0,0,0,1.0,1.0,1.0,1.0,1.0,1,0.6115604106574106,52
5184,1,7815,7815,0,0,0,0,1.0,1.0,1.0,1.0,1.0,1,0.6106071025771482,52
5185,4,7819,7819,0,0,0,0,1.0,1.0,1.0,1.0,1.0,1,0.625082284571389,50
5186,2,7821,7821,0,0,0,0,1.0,1.0,1.0,1.0,1.0,1,0.613845250253395,48
5187,3,7824,7824,0,0,0,0,1.0,1.0,1.0,1.0,1.0,1,0.6436465520945421,46
5188,0,7824,7824,0,0,0,0,1.0,1.0,1.0,1.0,1.0,1,0.6448026112498165,44
5189,0,7824,7824,0,0,0,0,1.0,1.0,1.0,1.0,1.0,1,0.6389886336411605,44
5190,1,7825,7825,0,0,0,0,1.0,1.0,1.0,1.0,1.0,1,0.6491263453762552,45
5191,0,7825,7825,0,0,0,0,1.0,1.0,1.0,1.0,1.0,1,0.6499289322925452,45
5192,1,7826,7826,0,0,0,0,1.0,1.0,1.0,1.0,1.0,1,0.6645123994091222,45
5193,0,7826,7826,0,0,0,0,1.0,1.0,1.0,1.0,1.0,1,0.6645123994091222,45
5194,0,7826,7826,0,0,0,0,1.0,1.0,1.0,1.0,1.0,1,0.665366250835342,45
5195,3,7829,7829,0,0,0,0,1.0,1.0,1.0,1.0,1.0,1,0.6744740709572029,46
5196,0,7829,7829,0,0,0,0,1.0,1.0,1.0,1.0,1.0,1,0.6744740709572029,46
5197,2,7831,7831,0,0,0,0,1.0,1.0,1.0,1.0,1.0,1,0.6844806844627432,46
5198,0,7831,7831,0,0,0,0,1.0,1.0,1.0,1.0,1.0,1,0.6771528374130743,47
5199,1,7832,7832,0,0,0,0,1.0,1.0,1.0,1.0,1.0,1,0.6719643296937018,49
5200,1,7833,7833,0,0,0,0,1.0,1.0,1.0,1.0,1.0,1,0.678071764160381,49
5201,2,7835,7835,0,0,0,0,1.0,1.0,1.0,1.0,1.0,1,0.6848846715163924,50
5202,0,7835,7835,0,0,0,0,1.0,1.0,1.0,1.0,1.0,1,0.6721649070098117,52
5203,0,7835,7835,0,0,0,0,1.0,1.0,1.0,1.0,1.0,1,0.6721649070098117,52
5204,1,7836,7836,0,0,0,0,1.0,1.0,1.0,1.0,1.0,1,0.6563142308813797,54
5205,0,7836,7836,0,0,0,0,1.0,1.0,1.0,1.0,1.0,1,0.6563142308813797,54
5206,1,7837,7837,0,0,0,0,1.0,1.0,1.0,1.0,1.0,1,0.65662052948375,55
5207,0,7837,7837,0,0,0,0,1.0,1.0,1.0,1.0,1.0,1,0.6682859156360189,54
5208,1,7838,7838,0,0,0,0,1.0,1.0,1.0,1.0,1.0,1,0.6702789621346003,54
5209,0,7838,7838,0,0,0,0,1.0,1.0,1.0,1.0,1.0,1,0.6702789621346003,54
5210,1,7839,7839,0,0,0,0,1.0,1.0,1.0,1.0,1.0,1,0.6754895750133899,54
5211,0,7839,7839,0,0,0,0,1.0,1.0,1.0,1.0,1.0,1,0.6738864845878518,56
5212,2,7841,7841,0,0,0,0,1.0,1.0,1.0,1.0,1.0,1,0.6607253328670732,57
5213,1,7842,7842,0,0,0,0,1.0,1.0,1.0,1.0,1.0,1,0.6643743835979928,57
5214,2,7844,7844,0,0,0,0,1.0,1.0,1.0,1.0,1.0,1,0.6619257581624483,58
5215,0,7844,7844,0,0,0,0,1.0,1.0,1.0,1.0,1.0,1,0.6715928011095,57
5216,4,7848,7848,0,0,0,0,1.0,1.0,1.0,1.0,1.0,1,0.6654938946219656,57
5217,2,7850,7850,0,0,0,0,1.0,1.0,1.0,1.0,1.0,1,0.6396573045590082,56
5218,4,7854,7854,0,0,0,0,1.0,1.0,1.0,1.0,1.0,1,0.6413252499350756,56
5219,3,7857,7857,0,0,0,0,1.0,1.0,1.0,1.0,1.0,1,0.6415822001585407,54
5220,2,7859,7859,0,0,0,0,1.0,1.0,1.0,1.0,1.0,1,0.6527168042967988,53
5221,1,7860,7860,0,0,0,0,1.0,1.0,1.0,1.0,1.0,1,0.6389229765864637,52
5222,4,7864,7864,0,0,0,0,1.0,1.0,1.0,1.0,1.0,1,0.6279626628827919,52
5223,2,7866,7866,0,0,0,0,1.0,1.0,1.0,1.0,1.0,1,0.6364551883135324,52
5224,1,7867,7867,0,0,0,0,1.0,1.0,1.0,1.0,1.0,1,0.6319228327804388,52
5225,0,7867,7867,0,0,0,0,1.0,1.0,1.0,1.0,1.0,1,0.6402960545536567,50
5226,4,7871,7871,0,0,0,0,1.0,1.0,1.0,1.0,1.0,1,0.6545998123955399,51
5227,2,7873,7873,0,0,0,0,1.0,1.0,1.0,1.0,1.0,1,0.6675884535933969,49
5228,0,7873,7873,0,0,0,0,1.0,1.0,1.0,1.0,1.0,1,0.6878879572960735,48
5229,1,7874,7874,0,0,0,0,1.0,1.0,1.0,1.0,1.0,1,0.6545171433248996,49
5230,0,7874,7874,0,0,0,0,1.0,1.0,1.0,1.0,1.0,1,0.6545171433248996,49
5231,1,7875,7875,0,0,0,0,1.0,1.0,1.0,1.0,1.0,1,0.6601139662981376,49
5232,2,7877,7877,0,0,0,0,1.0,1.0,1.0,1.0,1.0,1,0.6436800341299399,51
5233,4,7881,7881,0,0,0,0,1.0,1.0,1.0,1.0,1.0,1,0.6677101873417194,51
5234,4,7885,7885,0,0,0,0,1.0,1.0,1.0,1.0,1.0,1,0.6824784003049112,52
5235,1,7886,7886,0,0,0,0,1.0,1.0,1.0,1.0,1.0,1,0.6768685601189761,52
5236,0,7886,7886,0,0,0,0,1.0,1.0,1.0,1.0,1.0,1,0.6768685601189761,52
5237,3,7889,7889,0,0,0,0,1.0,1.0,1.0,1.0,1.0,1,0.6743184347772065,53
5238,0,7889,7889,0,0,0,0,1.0,1.0,1.0,1.0,1.0,1,0.6743184347772065,53
5239,2,7891,7891,0,0,0,0,1.0,1.0,1.0,1.0,1.0,1,0.6664161777684162,53
5240,1,7892,7892,0,0,0,0,1.0,1.0,1.0,1.0,1.0,1,0.6626393976237778,55
5241,1,7893,7893,0,0,0,0,1.0,1.0,1.0,1.0,1.0,1,0.6424544290458171,56
5242,1,7894,7894,0,0,0,0,1.0,1.0,1.0,1.0,1.0,1,0.647968050861701,54
5243,1,7895,7895,0,0,0,0,1.0,1.0,1.0,1.0,1.0,1,0.641340931274658,55
5244,1,7896,7896,0,0,0,0,1.0,1.0,1.0,1.0,1.0,1,0.6519438709314529,55
5245,3,7899,7899,0,0,0,0,1.0,1.0,1.0,1.0,1.0,1,0.6362608278173186,55
5246,0,7899,7899,0,0,0,0,1.0,1.0,1.0,1.0,1.0,1,0.6431487484384065,55
5247,1,7900,7900,0,0,0,0,1.0,1.0,1.0,1.0,1.0,1,0.638493256318721,54
5248,1,7901,7901,0,0,0,0,1.0,1.0,1.0,1.0,1.0,1,0.6433410420739438,53
5249,3,7904,7904,0,0,0,0,1.0,1.0,1.0,1.0,1.0,1,0.6309658870922308,55
5250,3,7907,7907,0,0,0,0,1.0,1.0,1.0,1.0,1.0,1,0.6387013402670797,55
5251,1,7908,7908,0,0,0,0,1.0,1.0,1.0,1.0,1.0,1,0.6499208811201151,57
5252,0,7908,7908,0,0,0,0,1.0,1.0,1.0,1.0,1.0,1,0.6404782372930917,58
5253,1,7909,7909,0,0,0,0,1.0,1.0,1.0,1.0,1.0,1,0.6492210174774844,59
5254,3,7912,7912,0,0,0,0,1.0,1.0,1.0,1.0,1.0,1,0.6615715574466229,59
5255,1,7913,7913,0,0,0,0,1.0,1.0,1.0,1.0,1.0,1,0.6683391904864016,58
5256,1,7914,7914,0,0,0,0,1.0,1.0,1.0,1.0,1.0,1,0.6686101174746237,59
5257,1,7915,7915,0,0,0,0,1.0,1.0,1.0,1.0,1.0,1,0.6527373503218586,58
5258,3,7918,7918,0,0,0,0,1.0,1.0,1.0,1.0,1.0,1,0.6394513478084398,56
5259,3,7921,7921,0,0,0,0,1.0,1.0,1.0,1.0,1.0,1,0.6445628406234211,56
5260,5,7926,7926,0,0,0,0,1.0,1.0,1.0,1.0,1.0,1,0.6108942986706046,55
5261,0,7926,7926,0,0,0,0,1.0,1.0,1.0,1.0,1.0,1,0.6071886751677946,54
5262,4,7930,7930,0,0,0,0,1.0,1.0,1.0,1.0,1.0,1,0.5951013545547519,54
5263,3,7933,7933,0,0,0,0,1.0,1.0,1.0,1.0,1.0,1,0.58761743871605,53
5264,3,7936,7936,0,0,0,0,1.0,1.0,1.0,1.0,1.0,1,0.5926913134521766,51
5265,4,7940,7940,0,0,0,0,1.0,1.0,1.0,1.0,1.0,1,0.5885831098321399,50
5266,3,7943,7943,0,0,0,0,1.0,1.0,1.0,1.0,1.0,1,0.5736072937973324,49
5267,2,7945,7945,0,0,0,0,1.0,1.0,1.0,1.0,1.0,1,0.5772786374677542,48
5268,3,7948,7948,0,0,0,0,1.0,1.0,1.0,1.0,1.0,1,0.5496899079744825,47
5269,1,7949,7949,0,0,0,0,1.0,1.0,1.0,1.0,1.0,1,0.5790924177696823,45
5270,2,7951,7951,0,0,0,0,1.0,1.0,1.0,1.0,1.0,1,0.5757331619533801,47
5271,3,7954,7954,0,0,0,0,1.0,1.0,1.0,1.0,1.0,1,0.5746286472158757,45
5272,2,7956,7956,0,0,0,0,1.0,1.0,1.0,1.0,1.0,1,0.5920734776503744,46
5273,2,7958,7958,0,0,0,0,1.0,1.0,1.0,1.0,1.0,1,0.6136356577836904,44
5274,0,7958,7958,0,0,0,0,1.0,1.0,1.0,1.0,1.0,1,0.6262011773501519,44
5275,3,7961,7961,0,0,0,0,1.0,1.0,1.0,1.0,1.0,1,0.6137933022985173,46
5276,4,7965,7965,0,0,0,0,1.0,1.0,1.0,1.0,1.0,1,0.6190182240856639,46
5277,0,7965,7965,0,0,0,0,1.0,1.0,1.0,1.0,1.0,1,0.6190182240856639,46
5278,4,7969,7969,0,0,0,0,1.0,1.0,1.0,1.0,1.0,1,0.6443107206564771,46
5279,1,7970,7970,0,0,0,0,1.0,1.0,1.0,1.0,1.0,1,0.6408595588722614,47
5280,0,7970,7970,0,0,0,0,1.0,1.0,1.0,1.0,1.0,1,0.6413494984368832,47
5281,0,7970,7970,0,0,0,0,1.0,1.0,1.0,1.0,1.0,1,0.6471337171878869,48
5282,1,7971,7971,0,0,0,0,1.0,1.0,1.0,1.0,1.0,1,0.6554902436741363,48
5283,0,7971,7971,0,0,0,0,1.0,1.0,1.0,1.0,1.0,1,0.6519886891454274,49
5284,1,7972,7972,0,0,0,0,1.0,1.0,1.0,1.0,1.0,1,0.6581125204304461,49
5285,0,7972,7972,0,0,0,0,1.0,1.0,1.0,1.0,1.0,1,0.6292918533526268,50
5286,0,7972,7972,0,0,0,0,1.0,1.0,1.0,1.0,1.0,1,0.6300288640135411,51
5287,1,7973,7973,0,0,0,0,1.0,1.0,1.0,1.0,1.0,1,0.6235720970318951,51
5288,0,7973,7973,0,0,0,0,1.0,1.0,1.0,1.0,1.0,1,0.6235720970318951,51
5289,0,7973,7973,0,0,0,0,1.0,1.0,1.0,1.0,1.0,1,0.6157235850225403,53
5290,2,7975,7975,0,0,0,0,1.0,1.0,1.0,1.0,1.0,1,0.6340260876385228,53
5291,1,7976,7976,0,0,0,0,1.0,1.0,1.0,1.0,1.0,1,0.6303083227271724,53
5292,3,7979,7979,0,0,0,0,1.0,1.0,1.0,1.0,1.0,1,0.6377710823445795,53
5293,3,7982,7982,0,0,0,0,1.0,1.0,1.0,1.0,1.0,1,0.6207550320616104,53
5294,3,7985,7985,0,0,0,0,1.0,1.0,1.0,1.0,1.0,1,0.61847115947474,54
5295,1,7986,7986,0,0,0,0,1.0,1.0,1.0,1.0,1.0,1,0.6178273529897566,52
5296,2,7988,7988,0,0,0,0,1.0,1.0,1.0,1.0,1.0,1,0.622003933830122,49
5297,3,7991,7991,0,0,0,0,1.0,1.0,1.0,1.0,1.0,1,0.646583004578808,49
5298,3,7994,7994,0,0,0,0,1.0,1.0,1.0,1.0,1.0,1,0.6228770594103008,49
5299,1,7995,7995,0,0,0,0,1.0,1.0,1.0,1.0,1.0,1,0.5957353529886338,50
5300,2,7997,7997,0,0,0,0,1.0,1.0,1.0,1.0,1.0,1,0.5764763807794899,48
5301,2,7999,7999,0,0,0,0,1.0,1.0,1.0,1.0,1.0,1,0.5834474538223876,46
5302,2,8001,8001,0,0,0,0,1.0,1.0,1.0,1.0,1.0,1,0.5805174532144423,47
5303,3,8004,8004,0,0,0,0,1.0,1.0,1.0,1.0,1.0,1,0.5497770708118573,46
5304,1,8005,8005,0,0,0,0,1.0,1.0,1.0,1.0,1.0,1,0.5936673138137738,45
5305,2,8007,8007,0,0,0,0,1.0,1.0,1.0,1.0,1.0,1,0.5912820388941771,44
5306,1,8008,8008,0,0,0,0,1.0,1.0,1.0,1.0,1.0,1,0.6211410543436408,42
5307,1,8009,8009,0,0,0,0,1.0,1.0,1.0,1.0,1.0,1,0.6350690103323694,42
5308,2,8011,8011,0,0,0,0,1.0,1.0,1.0,1.0,1.0,1,0.6628657836859744,43
5309,0,8011,8011,0,0,0,0,1.0,1.0,1.0,1.0,1.0,1,0.6627036389406327,41
5310,1,8012,8012,0,0,0,0,1.0,1.0,1.0,1.0,1.0,1,0.692495268294005,41
5311,2,8014,8014,0,0,0,0,1.0,1.0,1.0,1.0,1.0,1,0.6811038651538694,42
5312,0,8014,8014,0,0,0,0,1.0,1.0,1.0,1.0,1.0,1,0.6852358253663703,43
5313,0,8014,8014,0,0,0,0,1.0,1.0,1.0,1.0,1.0,1,0.6804214229401615,44
5314,0,8014,8014,0,0,0,0,1.0,1.0,1.0,1.0,1.0,1,0.6804214229401615,44
5315,1,8015,8015,0,0,0,0,1.0,1.0,1.0,1.0,1.0,1,0.7008882968669881,45
5316,0,8015,8015,0,0,0,0,1.0,1.0,1.0,1.0,1.0,1,0.7042963596347751,46
5317,3,8018,8018,0,0,0,0,1.0,1.0,1.0,1.0,1.0,1,0.6734532684936129,46
5318,3,8021,8021,0,0,0,0,1.0,1.0,1.0,1.0,1.0,1,0.6504500290780307,46
5319,0,8021,8021,0,0,0,0,1.0,1.0,1.0,1.0,1.0,1,0.6551175547451781,47
5320,1,8022,8022,0,0,0,0,1.0,1.0,1.0,1.0,1.0,1,0.6438264575175314,48
5321,0,8022,8022,0,0,0,0,1.0,1.0,1.0,1.0,1.0,1,0.6441711562044082,49
5322,0,8022,8022,0,0,0,0,1.0,1.0,1.0,1.0,1.0,1,0.6441711562044082,49
5323,0,8022,8022,0,0,0,0,1.0,1.0,1.0,1.0,1.0,1,0.6483502648578228,51
5324,3,8025,8025,0,0,0,0,1.0,1.0,1.0,1.0,1.0,1,0.6077536430473643,53
5325,1,8026,8026,0,0,0,0,1.0,1.0,1.0,1.0,1.0,1,0.6236565402631105,53
5326,2,8028,8028,0,0,0,0,1.0,1.0,1.0,1.0,1.0,1,0.6115902261977799,53
5327,1,8029,8029,0,0,0,0,1.0,1.0,1.0,1.0,1.0,1,0.6218167645295111,53
5328,2,8031,8031,0,0,0,0,1.0,1.0,1.0,1.0,1.0,1,0.6273847707533282,54
5329,2,8033,8033,0,0,0,0,1.0,1.0,1.0,1.0,1.0,1,0.6352589508698283,53
5330,2,8035,8035,0,0,0,0,1.0,1.0,1.0,1.0,1.0,1,0.6245289531980538,52
5331,0,8035,8035,0,0,0,0,1.0,1.0,1.0,1.0,1.0,1,0.6194396750020456,51
5332,1,8036,8036,0,0,0,0,1.0,1.0,1.0,1.0,1.0,1,0.6071936542323421,52
5333,1,8037,8037,0,0,0,0,1.0,1.0,1.0,1.0,1.0,1,0.5986777920035519,53
5334,2,8039,8039,0,0,0,0,1.0,1.0,1.0,1.0,1.0,1,0.6033556537796829,54
5335,0,8039,8039,0,0,0,0,1.0,1.0,1.0,1.0,1.0,1,0.6074147907037376,55
5336,0,8039,8039,0,0,0,0,1.0,1.0,1.0,1.0,1.0,1,0.6108674279943846,54
5337,0,8039,8039,0,0,0,0,1.0,1.0,1.0,1.0,1.0,1,0.6131498583792977,55
5338,2,8041,8041,0,0,0,0,1.0,1.0,1.0,1.0,1.0,1,0.6080823344450985,55
5339,2,8043,8043,0,0,0,0,1.0,1.0,1.0,1.0,1.0,1,0.634375534175004,55
5340,2,8045,8045,0,0,0,0,1.0,1.0,1.0,1.0,1.0,1,0.6318966443266592,55
5341,2,8047,8047,0,0,0,0,1.0,1.0,1.0,1.0,1.0,1,0.6200265177901885,54
5342,1,8048,8048,0,0,0,0,1.0,1.0,1.0,1.0,1.0,1,0.625925111160922,55
5343,3,8051,8051,0,0,0,0,1.0,1.0,1.0,1.0,1.0,1,0.6394284958765091,54
5344,1,8052,8052,0,0,0,0,1.0,1.0,1.0,1.0,1.0,1,0.6480368366608171,55
5345,3,8055,8055,0,0,0,0,1.0,1.0,1.0,1.0,1.0,1,0.6531725759783026,53
5346,2,8057,8057,0,0,0,0,1.0,1.0,1.0,1.0,1.0,1,0.6823178826701315,53
5347,4,8061,8061,0,0,0,0,1.0,1.0,1.0,1.0,1.0,1,0.6769472634037242,51
5348,2,8063,8063,0,0,0,0,1.0,1.0,1.0,1.0,1.0,1,0.6703646507615876,53
5349,2,8065,8065,0,0,0,0,1.0,1.0,1.0,1.0,1.0,1,0.6906669148758005,52
5350,1,8066,8066,0,0,0,0,1.0,1.0,1.0,1.0,1.0,1,0.7056317899540019,50
5351,1,8067,8067,0,0,0,0,1.0,1.0,1.0,1.0,1.0,1,0.7153194780349473,52
5352,1,8068,8068,0,0,0,0,1.0,1.0,1.0,1.0,1.0,1,0.7221035439794937,49
5353,0,8068,8068,0,0,0,0,1.0,1.0,1.0,1.0,1.0,1,0.7221035439794937,49
5354,1,8069,8069,0,0,0,0,1.0,1.0,1.0,1.0,1.0,1,0.7169187702741335,49
5355,0,8069,8069,0,0,0,0,1.0,1.0,1.0,1.0,1.0,1,0.7152697259949201,48
5356,1,8070,8070,0,0,0,0,1.0,1.0,1.0,1.0,1.0,1,0.7266835614753513,49
5357,1,8071,8071,0,0,0,0,1.0,1.0,1.0,1.0,1.0,1,0.7177562437318148,47
5358,3,8074,8074,0,0,0,0,1.0,1.0,1.0,1.0,1.0,1,0.7197760580695073,48
5359,1,8075,8075,0,0,0,0,1.0,1.0,1.0,1.0,1.0,1,0.7159640314961562,48
5360,2,8077,8077,0,0,0,0,1.0,1.0,1.0,1.0,1.0,1,0.7068132016181985,48
5361,2,8079,8079,0,0,0,0,1.0,1.0,1.0,1.0,1.0,1,0.6995683043522544,50
5362,2,8081,8081,0,0,0,0,1.0,1.0,1.0,1.0,1.0,1,0.6833274176030528,50
5363,1,8082,8082,0,0,0,0,1.0,1.0,1.0,1.0,1.0,1,0.6790551431473548,50
5364,1,8083,8083,0,0,0,0,1.0,1.0,1.0,1.0,1.0,1,0.678843106764051,51
5365,1,8084,8084,0,0,0,0,1.0,1.0,1.0,1.0,1.0,1,0.6910921738384402,52
5366,0,8084,8084,0,0,0,0,1.0,1.0,1.0,1.0,1.0,1,0.6910921738384402,52
5367,0,8084,8084,0,0,0,0,1.0,1.0,1.0,1.0,1.0,1,0.6740562474200421,54
5368,0,8084,8084,0,0,0,0,1.0,1.0,1.0,1.0,1.0,1,0.6783738956193738,55
5369,3,8087,8087,0,0,0,0,1.0,1.0,1.0,1.0,1.0,1,0.6901886421050109,53
5370,2,8089,8089,0,0,0,0,1.0,1.0,1.0,1.0,1.0,1,0.6852417909586024,54
5371,2,8091,8091,0,0,0,0,1.0,1.0,1.0,1.0,1.0,1,0.6777348282047566,53
5372,1,8092,8092,0,0,0,0,1.0,1.0,1.0,1.0,1.0,1,0.6848686430573077,53
5373,0,8092,8092,0,0,0,0,1.0,1.0,1.0,1.0,1.0,1,0.6808733871860633,52
5374,2,8094,8094,0,0,0,0,1.0,1.0,1.0,1.0,1.0,1,0.6992023769018275,51
5375,1,8095,8095,0,0,0,0,1.0,1.0,1.0,1.0,1.0,1,0.6838152171755341,52
5376,1,8096,8096,0,0,0,0,1.0,1.0,1.0,1.0,1.0,1,0.6880791906516763,51
5377,2,8098,8098,0,0,0,0,1.0,1.0,1.0,1.0,1.0,1,0.6922771351920468,52
5378,1,8099,8099,0,0,0,0,1.0,1.0,1.0,1.0,1.0,1,0.6924872041493197,50
5379,1,8100,8100,0,0,0,0,1.0,1.0,1.0,1.0,1.0,1,0.7039822258797819,50
5380,0,8100,8100,0,0,0,0,1.0,1.0,1.0,1.0,1.0,1,0.6993209110861748,52
5381,0,8100,8100,0,0,0,0,1.0,1.0,1.0,1.0,1.0,1,0.6993209110861748,52
5382,2,8102,8102,0,0,0,0,1.0,1.0,1.0,1.0,1.0,1,0.6895344505470846,52
5383,0,8102,8102,0,0,0,0,1.0,1.0,1.0,1.0,1.0,1,0.6900752521475033,51
5384,3,8105,8105,0,0,0,0,1.0,1.0,1.0,1.0,1.0,1,0.6549764734513615,52
5385,4,8109,8109,0,0,0,0,1.0,1.0,1.0,1.0,1.0,1,0.6642397621793188,51
5386,2,8111,8111,0,0,0,0,1.0,1.0,1.0,1.0,1.0,1,0.6529011754497566,52
5387,4,8115,8115,0,0,0,0,1.0,1.0,1.0,1.0,1.0,1,0.6183000856320041,53
5388,2,8117,8117,0,0,0,0,1.0,1.0,1.0,1.0,1.0,1,0.6079422701258462,54
5389,5,8122,8122,0,0,0,0,1.0,1.0,1.0,1.0,1.0,1,0.5827984132358877,55
5390,3,8125,8125,0,0,0,0,1.0,1.0,1.0,1.0,1.0,1,0.5847602220566605,56
5391,1,8126,8126,0,0,0,0,1.0,1.0,1.0,1.0,1.0,1,0.5918813764325843,56
5392,2,8128,8128,0,0,0,0,1.0,1.0,1.0,1.0,1.0,1,0.6125277225792506,56
5393,1,8129,8129,0,0,0,0,1.0,1.0,1.0,1.0,1.0,1,0.6355991262528263,54
5394,2,8131,8131,0,0,0,0,1.0,1.0,1.0,1.0,1.0,1,0.615347664957868,53
5395,2,8133,8133,0,0,0,0,1.0,1.0,1.0,1.0,1.0,1,0.5930572877016925,53
5396,2,8135,8135,0,0,0,0,1.0,1.0,1.0,1.0,1.0,1,0.5897451056771341,54
5397,1,8136,8136,0,0,0,0,1.0,1.0,1.0,1.0,1.0,1,0.5925006355189764,53
5398,1,8137,8137,0,0,0,0,1.0,1.0,1.0,1.0,1.0,1,0.5957837293153749,53
5399,3,8140,8140,0,0,0,0,1.0,1.0,1.0,1.0,1.0,1,0.5854260827369757,55
5400,0,8140,8140,0,0,0,0,1.0,1.0,1.0,1.0,1.0,1,0.5982225375146157,55
5401,1,8141,8141,0,0,0,0,1.0,1.0,1.0,1.0,1.0,1,0.5966660825945268,56
5402,0,8141,8141,0,0,0,0,1.0,1.0,1.0,1.0,1.0,1,0.0,0
