,SuccessfulHandoverCount,TotalSuccessfulHandoverCount,TotalSuccessfulHandoverCountRange,TotalSuccessfulHandoverCountLoadBalancing,TotalSuccessfulHandoverCountOverload,FailedHandoverCount,TotalFailedHandoverCount,AvgQoS,MinQoS,AvgQoS_LoadBased,MinQoS_LoadBased,AvgQoS_RangeBased,MinQoS_RangeBased,GiniLoad,VehicleCount
0,0,0,0,0,0,0,0,1.0,1,1.0,1,1.0,1,0.0,0
1,11,11,0,11,0,0,0,1.0,1,1.0,1,1.0,1,0.2655473127736556,26
2,9,20,0,20,0,0,0,1.0,1,1.0,1,1.0,1,0.16272431613789476,27
3,1,21,0,21,0,0,0,1.0,1,1.0,1,1.0,1,0.12596298732966632,28
4,0,21,0,21,0,0,0,1.0,1,1.0,1,1.0,1,0.14502730438640868,29
5,0,21,0,21,0,0,0,1.0,1,1.0,1,1.0,1,0.14502730438640868,29
6,0,21,0,21,0,0,0,1.0,1,1.0,1,1.0,1,0.14785495707961152,32
7,0,21,0,21,0,0,0,1.0,1,1.0,1,1.0,1,0.14694879182394557,33
8,0,21,0,21,0,0,0,1.0,1,1.0,1,1.0,1,0.17309719730490392,35
9,4,25,2,23,0,0,0,1.0,1,1.0,1,1.0,1,0.1846557308457549,35
10,0,25,2,23,0,0,0,1.0,1,1.0,1,1.0,1,0.18217139152977183,35
11,2,27,2,25,0,0,0,1.0,1,1.0,1,1.0,1,0.15903686664671396,35
12,3,30,5,25,0,0,0,1.0,1,1.0,1,1.0,1,0.19518781729657422,34
13,1,31,6,25,0,0,0,1.0,1,1.0,1,1.0,1,0.2786566379092112,32
14,1,32,7,25,0,0,0,1.0,1,1.0,1,1.0,1,0.262561734974417,31
15,1,33,7,26,0,0,0,1.0,1,1.0,1,1.0,1,0.27599024780876785,30
16,1,34,8,26,0,0,0,1.0,1,1.0,1,1.0,1,0.3279563868970217,30
17,2,36,8,28,0,0,0,1.0,1,1.0,1,1.0,1,0.2887970135322472,29
18,1,37,9,28,0,0,0,1.0,1,1.0,1,1.0,1,0.33442101299680765,29
19,0,37,9,28,0,0,0,1.0,1,1.0,1,1.0,1,0.31626720155919075,28
20,0,37,9,28,0,0,0,1.0,1,1.0,1,1.0,1,0.2991902055686469,28
21,1,38,9,29,0,0,0,1.0,1,1.0,1,1.0,1,0.2829731391389288,28
22,2,40,11,29,0,0,0,1.0,1,1.0,1,1.0,1,0.3396733437318045,28
23,2,42,13,29,0,0,0,1.0,1,1.0,1,1.0,1,0.38995735217117616,27
24,6,48,19,29,0,0,0,1.0,1,1.0,1,1.0,1,0.3170861624342545,28
25,3,51,21,30,0,0,0,1.0,1,1.0,1,1.0,1,0.24516917671382554,28
26,4,55,24,31,0,0,0,1.0,1,1.0,1,1.0,1,0.23147404640913882,30
27,1,56,25,31,0,0,0,1.0,1,1.0,1,1.0,1,0.2540766029073304,30
28,2,58,26,32,0,0,0,1.0,1,1.0,1,1.0,1,0.22338629352666764,31
29,1,59,26,33,0,0,0,1.0,1,1.0,1,1.0,1,0.17660271124395507,30
30,0,59,26,33,0,0,0,1.0,1,1.0,1,1.0,1,0.17660271124395507,30
31,0,59,26,33,0,0,0,1.0,1,1.0,1,1.0,1,0.1897731009829216,31
32,2,61,28,33,0,0,0,1.0,1,1.0,1,1.0,1,0.27986032304876585,31
33,3,64,30,34,0,0,0,1.0,1,1.0,1,1.0,1,0.27827650323585734,31
34,2,66,31,35,0,0,0,1.0,1,1.0,1,1.0,1,0.24867190476924828,29
35,0,66,31,35,0,0,0,1.0,1,1.0,1,1.0,1,0.2476736226643204,30
36,0,66,31,35,0,0,0,1.0,1,1.0,1,1.0,1,0.2727131059762179,30
37,1,67,31,36,0,0,0,1.0,1,1.0,1,1.0,1,0.27074409512268716,31
38,3,70,32,38,0,0,0,1.0,1,1.0,1,1.0,1,0.224021100141115,32
39,1,71,32,39,0,0,0,1.0,1,1.0,1,1.0,1,0.20477618737754957,36
40,0,71,32,39,0,0,0,1.0,1,1.0,1,1.0,1,0.21716484869658312,37
41,0,71,32,39,0,0,0,1.0,1,1.0,1,1.0,1,0.21716484869658312,37
42,0,71,32,39,0,0,0,1.0,1,1.0,1,1.0,1,0.22348902794917477,38
43,4,75,34,41,0,0,0,1.0,1,1.0,1,1.0,1,0.2167936726512435,40
44,0,75,34,41,0,0,0,1.0,1,1.0,1,1.0,1,0.23558931132649427,39
45,2,77,35,42,0,0,0,1.0,1,1.0,1,1.0,1,0.26938497800178146,40
46,0,77,35,42,0,0,0,1.0,1,1.0,1,1.0,1,0.24880395129382724,39
47,3,80,37,43,0,0,0,1.0,1,1.0,1,1.0,1,0.22299576446474886,39
48,2,82,38,44,0,0,0,1.0,1,1.0,1,1.0,1,0.22640533421561326,39
49,1,83,38,45,0,0,0,1.0,1,1.0,1,1.0,1,0.18672065905853233,37
50,0,83,38,45,0,0,0,1.0,1,1.0,1,1.0,1,0.16716201153540255,35
51,0,83,38,45,0,0,0,1.0,1,1.0,1,1.0,1,0.17435764563202794,34
52,0,83,38,45,0,0,0,1.0,1,1.0,1,1.0,1,0.21600824200667382,34
53,0,83,38,45,0,0,0,1.0,1,1.0,1,1.0,1,0.22033915829598108,35
54,0,83,38,45,0,0,0,1.0,1,1.0,1,1.0,1,0.26093815941402204,36
55,3,86,39,47,0,0,0,1.0,1,1.0,1,1.0,1,0.24301727751644076,36
56,2,88,41,47,0,0,0,1.0,1,1.0,1,1.0,1,0.27369975992175083,36
57,2,90,41,49,0,0,0,1.0,1,1.0,1,1.0,1,0.26015976996897244,37
58,3,93,44,49,0,0,0,1.0,1,1.0,1,1.0,1,0.293064864573608,38
59,1,94,45,49,0,0,0,1.0,1,1.0,1,1.0,1,0.2977594739662586,37
60,3,97,46,51,0,0,0,1.0,1,1.0,1,1.0,1,0.26151966534537896,38
61,2,99,47,52,0,0,0,1.0,1,1.0,1,1.0,1,0.26666141777017877,37
62,1,100,48,52,0,0,0,1.0,1,1.0,1,1.0,1,0.2822739327039091,39
63,1,101,49,52,0,0,0,1.0,1,1.0,1,1.0,1,0.3194024411090437,39
64,1,102,50,52,0,0,0,1.0,1,1.0,1,1.0,1,0.3251216481748332,38
65,5,107,51,56,0,0,0,1.0,1,1.0,1,1.0,1,0.2411609884207058,39
66,3,110,53,57,0,0,0,1.0,1,1.0,1,1.0,1,0.25228069749232984,39
67,1,111,53,58,0,0,0,1.0,1,1.0,1,1.0,1,0.23983594821401977,36
68,0,111,53,58,0,0,0,1.0,1,1.0,1,1.0,1,0.27902996250699746,36
69,0,111,53,58,0,0,0,1.0,1,1.0,1,1.0,1,0.2836948892613605,37
70,0,111,53,58,0,0,0,1.0,1,1.0,1,1.0,1,0.32908526560101353,36
71,1,112,53,59,0,0,0,1.0,1,1.0,1,1.0,1,0.29225695441895494,38
72,3,115,55,60,0,0,0,1.0,1,1.0,1,1.0,1,0.29819138393747435,38
73,1,116,55,61,0,0,0,1.0,1,1.0,1,1.0,1,0.30938625983810397,37
74,4,120,56,64,0,0,0,1.0,1,1.0,1,1.0,1,0.26968567763103996,38
75,2,122,57,65,0,0,0,1.0,1,1.0,1,1.0,1,0.2412192066225092,38
76,0,122,57,65,0,0,0,1.0,1,1.0,1,1.0,1,0.22946230185703761,39
77,1,123,57,66,0,0,0,1.0,1,1.0,1,1.0,1,0.23096644583603315,40
78,1,124,57,67,0,0,0,1.0,1,1.0,1,1.0,1,0.19888617342814488,41
79,0,124,57,67,0,0,0,1.0,1,1.0,1,1.0,1,0.19888617342814488,41
80,0,124,57,67,0,0,0,1.0,1,1.0,1,1.0,1,0.19888617342814488,41
81,0,124,57,67,0,0,0,1.0,1,1.0,1,1.0,1,0.23186396241351406,41
82,1,125,57,68,0,0,0,1.0,1,1.0,1,1.0,1,0.2297135720056422,44
83,0,125,57,68,0,0,0,1.0,1,1.0,1,1.0,1,0.2297135720056422,44
84,0,125,57,68,0,0,0,1.0,1,1.0,1,1.0,1,0.22037505455674128,45
85,1,126,58,68,0,0,0,1.0,1,1.0,1,1.0,1,0.22941065400942748,45
86,0,126,58,68,0,0,0,1.0,1,1.0,1,1.0,1,0.22941065400942748,45
87,1,127,59,68,0,0,0,1.0,1,1.0,1,1.0,1,0.27059960524429294,44
88,1,128,60,68,0,0,0,1.0,1,1.0,1,1.0,1,0.2865955863317014,44
89,2,130,60,70,0,0,0,1.0,1,1.0,1,1.0,1,0.271579954940208,43
90,1,131,60,71,0,0,0,1.0,1,1.0,1,1.0,1,0.28152813729629306,44
91,1,132,61,71,0,0,0,1.0,1,1.0,1,1.0,1,0.3083116372841651,44
92,0,132,61,71,0,0,0,1.0,1,1.0,1,1.0,1,0.29483170882554016,43
93,1,133,61,72,0,0,0,1.0,1,1.0,1,1.0,1,0.28767759418992217,44
94,1,134,62,72,0,0,0,1.0,1,1.0,1,1.0,1,0.30909603188106033,44
95,2,136,62,74,0,0,0,1.0,1,1.0,1,1.0,1,0.270618099520326,43
96,0,136,62,74,0,0,0,1.0,1,1.0,1,1.0,1,0.2784312309667084,44
97,1,137,62,75,0,0,0,1.0,1,1.0,1,1.0,1,0.26639504998044417,44
98,0,137,62,75,0,0,0,1.0,1,1.0,1,1.0,1,0.2879880249111106,43
99,2,139,62,77,0,0,0,1.0,1,1.0,1,1.0,1,0.25051253756347297,43
100,2,141,62,79,0,0,0,1.0,1,1.0,1,1.0,1,0.24053065553934877,47
101,2,143,62,81,0,0,0,1.0,1,1.0,1,1.0,1,0.20655328607133933,47
102,1,144,63,81,0,0,0,1.0,1,1.0,1,1.0,1,0.22331952530518875,47
103,2,146,65,81,0,0,0,1.0,1,1.0,1,1.0,1,0.2158730986254081,46
104,3,149,68,81,0,0,0,1.0,1,1.0,1,1.0,1,0.24880609698178846,45
105,4,153,70,83,0,0,0,1.0,1,1.0,1,1.0,1,0.2341181599412999,44
106,2,155,72,83,0,0,0,1.0,1,1.0,1,1.0,1,0.26914574606214875,45
107,2,157,74,83,0,0,0,1.0,1,1.0,1,1.0,1,0.2704123598881026,44
108,1,158,74,84,0,0,0,1.0,1,1.0,1,1.0,1,0.24674971332533865,46
109,2,160,75,85,0,0,0,1.0,1,1.0,1,1.0,1,0.2282726105492051,46
110,4,164,77,87,0,0,0,1.0,1,1.0,1,1.0,1,0.19932662685107996,46
111,3,167,78,89,0,0,0,1.0,1,1.0,1,1.0,1,0.18212456404639035,46
112,2,169,80,89,0,0,0,1.0,1,1.0,1,1.0,1,0.18021227115211533,46
113,0,169,80,89,0,0,0,1.0,1,1.0,1,1.0,1,0.1729890661337564,46
114,3,172,83,89,0,0,0,1.0,1,1.0,1,1.0,1,0.13938620747465252,46
115,1,173,84,89,0,0,0,1.0,1,1.0,1,1.0,1,0.17307410763292097,47
116,1,174,85,89,0,0,0,1.0,1,1.0,1,1.0,1,0.21024032888713615,47
117,1,175,85,90,0,0,0,1.0,1,1.0,1,1.0,1,0.18096284810924565,45
118,1,176,86,90,0,0,0,1.0,1,1.0,1,1.0,1,0.20203196913321822,46
119,1,177,86,91,0,0,0,1.0,1,1.0,1,1.0,1,0.17500306169791136,46
120,0,177,86,91,0,0,0,1.0,1,1.0,1,1.0,1,0.1758861675746288,47
121,1,178,87,91,0,0,0,1.0,1,1.0,1,1.0,1,0.17499157186355976,46
122,0,178,87,91,0,0,0,1.0,1,1.0,1,1.0,1,0.17499157186355976,46
123,0,178,87,91,0,0,0,1.0,1,1.0,1,1.0,1,0.19606902088659836,45
124,0,178,87,91,0,0,0,1.0,1,1.0,1,1.0,1,0.19595002493810612,46
125,1,179,88,91,0,0,0,1.0,1,1.0,1,1.0,1,0.22773933521855227,44
126,0,179,88,91,0,0,0,1.0,1,1.0,1,1.0,1,0.234599577752192,45
127,6,185,88,97,0,0,0,1.0,1,1.0,1,1.0,1,0.17049358449126356,45
128,1,186,88,98,0,0,0,1.0,1,1.0,1,1.0,1,0.1575097798017927,46
129,2,188,90,98,0,0,0,1.0,1,1.0,1,1.0,1,0.17050145243868406,48
130,2,190,91,99,0,0,0,1.0,1,1.0,1,1.0,1,0.1788188566990723,48
131,3,193,92,101,0,0,0,1.0,1,1.0,1,1.0,1,0.16184780619931347,49
132,3,196,93,103,0,0,0,1.0,1,1.0,1,1.0,1,0.17465533804249359,51
133,4,200,96,104,0,0,0,1.0,1,1.0,1,1.0,1,0.16941561150746637,49
134,1,201,97,104,0,0,0,1.0,1,1.0,1,1.0,1,0.18192934597265864,49
135,1,202,97,105,0,0,0,1.0,1,1.0,1,1.0,1,0.19502255869098728,49
136,6,208,101,107,0,0,0,1.0,1,1.0,1,1.0,1,0.15064485979488834,48
137,0,208,101,107,0,0,0,1.0,1,1.0,1,1.0,1,0.161740649612785,47
138,3,211,104,107,0,0,0,1.0,1,1.0,1,1.0,1,0.16075542915064497,48
139,1,212,105,107,0,0,0,1.0,1,1.0,1,1.0,1,0.19163754378401368,48
140,2,214,107,107,0,0,0,1.0,1,1.0,1,1.0,1,0.23193190440784486,49
141,4,218,109,109,0,0,0,1.0,1,1.0,1,1.0,1,0.2328271942879569,49
142,1,219,110,109,0,0,0,1.0,1,1.0,1,1.0,1,0.21575064208770536,49
143,3,222,111,111,0,0,0,1.0,1,1.0,1,1.0,1,0.1873016929300952,47
144,2,224,113,111,0,0,0,1.0,1,1.0,1,1.0,1,0.19019984937391354,46
145,2,226,114,112,0,0,0,1.0,1,1.0,1,1.0,1,0.15957344198677934,44
146,1,227,115,112,0,0,0,1.0,1,1.0,1,1.0,1,0.1883962086480326,44
147,2,229,116,113,0,0,0,1.0,1,1.0,1,1.0,1,0.1888281373591181,43
148,1,230,117,113,0,0,0,1.0,1,1.0,1,1.0,1,0.22911521752148523,43
149,2,232,118,114,0,0,0,1.0,1,1.0,1,1.0,1,0.20428732282245213,43
150,0,232,118,114,0,0,0,1.0,1,1.0,1,1.0,1,0.18564469855269203,42
151,1,233,119,114,0,0,0,1.0,1,1.0,1,1.0,1,0.21602588890240765,42
152,0,233,119,114,0,0,0,1.0,1,1.0,1,1.0,1,0.21602588890240765,42
153,1,234,119,115,0,0,0,1.0,1,1.0,1,1.0,1,0.2158754157141775,42
154,3,237,121,116,0,0,0,1.0,1,1.0,1,1.0,1,0.29574489803342185,43
155,2,239,121,118,0,0,0,1.0,1,1.0,1,1.0,1,0.26763683348036293,43
156,2,241,122,119,0,0,0,1.0,1,1.0,1,1.0,1,0.27988649016535894,42
157,2,243,122,121,0,0,0,1.0,1,1.0,1,1.0,1,0.2359318363178588,41
158,3,246,122,124,0,0,0,1.0,1,1.0,1,1.0,1,0.1652738414315576,42
159,0,246,122,124,0,0,0,1.0,1,1.0,1,1.0,1,0.18072071158736847,43
160,5,251,126,125,0,0,0,1.0,1,1.0,1,1.0,1,0.27481940897065604,44
161,6,257,127,130,0,0,0,1.0,1,1.0,1,1.0,1,0.2082759266068612,44
162,2,259,128,131,0,0,0,1.0,1,1.0,1,1.0,1,0.2057969538454989,45
163,4,263,130,133,0,0,0,1.0,1,1.0,1,1.0,1,0.22299114490603117,43
164,0,263,130,133,0,0,0,1.0,1,1.0,1,1.0,1,0.21217679735558914,42
165,5,268,133,135,0,0,0,1.0,1,1.0,1,1.0,1,0.20390788197145246,42
166,1,269,133,136,0,0,0,1.0,1,1.0,1,1.0,1,0.1995416507302049,42
167,1,270,134,136,0,0,0,1.0,1,1.0,1,1.0,1,0.19430683417988628,41
168,0,270,134,136,0,0,0,1.0,1,1.0,1,1.0,1,0.18386155056928463,40
169,0,270,134,136,0,0,0,1.0,1,1.0,1,1.0,1,0.17296723695201516,40
170,0,270,134,136,0,0,0,1.0,1,1.0,1,1.0,1,0.1820135346179593,38
171,2,272,136,136,0,0,0,1.0,1,1.0,1,1.0,1,0.16782505277094287,37
172,4,276,139,137,0,0,0,1.0,1,1.0,1,1.0,1,0.28473733562296166,35
173,4,280,140,140,0,0,0,1.0,1,1.0,1,1.0,1,0.23158575239127116,36
174,1,281,141,140,0,0,0,1.0,1,1.0,1,1.0,1,0.20043107650580808,34
175,0,281,141,140,0,0,0,1.0,1,1.0,1,1.0,1,0.2193604367776367,33
176,0,281,141,140,0,0,0,1.0,1,1.0,1,1.0,1,0.22009121693560627,34
177,2,283,142,141,0,0,0,1.0,1,1.0,1,1.0,1,0.18927884046016247,36
178,0,283,142,141,0,0,0,1.0,1,1.0,1,1.0,1,0.20560491592073177,37
179,2,285,143,142,0,0,0,1.0,1,1.0,1,1.0,1,0.19608843155612798,37
180,1,286,144,142,0,0,0,1.0,1,1.0,1,1.0,1,0.22884971356873496,36
181,0,286,144,142,0,0,0,1.0,1,1.0,1,1.0,1,0.22884971356873496,36
182,3,289,145,144,0,0,0,1.0,1,1.0,1,1.0,1,0.2113275924546169,38
183,0,289,145,144,0,0,0,1.0,1,1.0,1,1.0,1,0.19641034396750146,37
184,1,290,146,144,0,0,0,1.0,1,1.0,1,1.0,1,0.22371613327682097,36
185,0,290,146,144,0,0,0,1.0,1,1.0,1,1.0,1,0.21718783804950503,35
186,1,291,147,144,0,0,0,1.0,1,1.0,1,1.0,1,0.24902097877503232,34
187,3,294,150,144,0,0,0,1.0,1,1.0,1,1.0,1,0.2626474138254297,33
188,2,296,151,145,0,0,0,1.0,1,1.0,1,1.0,1,0.24208698212064758,33
189,5,301,156,145,0,0,0,1.0,1,1.0,1,1.0,1,0.35900208076741574,33
190,1,302,156,146,0,0,0,1.0,1,1.0,1,1.0,1,0.3274066322872179,32
191,3,305,157,148,0,0,0,1.0,1,1.0,1,1.0,1,0.27740612033226525,34
192,1,306,157,149,0,0,0,1.0,1,1.0,1,1.0,1,0.26939455500801446,34
193,1,307,157,150,0,0,0,1.0,1,1.0,1,1.0,1,0.24360077271270567,35
194,1,308,157,151,0,0,0,1.0,1,1.0,1,1.0,1,0.23403590524009432,37
195,0,308,157,151,0,0,0,1.0,1,1.0,1,1.0,1,0.23688971849710308,36
196,1,309,157,152,0,0,0,1.0,1,1.0,1,1.0,1,0.1925041653364606,36
197,2,311,158,153,0,0,0,1.0,1,1.0,1,1.0,1,0.21177757249257434,37
198,1,312,158,154,0,0,0,1.0,1,1.0,1,1.0,1,0.19819105822203117,37
199,0,312,158,154,0,0,0,1.0,1,1.0,1,1.0,1,0.19819105822203117,37
200,1,313,159,154,0,0,0,1.0,1,1.0,1,1.0,1,0.1872467788528305,37
201,0,313,159,154,0,0,0,1.0,1,1.0,1,1.0,1,0.15960671500772874,36
202,2,315,161,154,0,0,0,1.0,1,1.0,1,1.0,1,0.17443632622820954,36
203,2,317,162,155,0,0,0,1.0,1,1.0,1,1.0,1,0.1488530813725401,35
204,1,318,163,155,0,0,0,1.0,1,1.0,1,1.0,1,0.21899254749100722,35
205,5,323,166,157,0,0,0,1.0,1,1.0,1,1.0,1,0.21145656112517458,35
206,4,327,168,159,0,0,0,1.0,1,1.0,1,1.0,1,0.2814541525568451,34
207,3,330,168,162,0,0,0,1.0,1,1.0,1,1.0,1,0.21280517297957904,34
208,0,330,168,162,0,0,0,1.0,1,1.0,1,1.0,1,0.23599370335316264,33
209,0,330,168,162,0,0,0,1.0,1,1.0,1,1.0,1,0.2579266037619138,33
210,2,332,170,162,0,0,0,1.0,1,1.0,1,1.0,1,0.29993925667360144,34
211,1,333,171,162,0,0,0,1.0,1,1.0,1,1.0,1,0.360789866273836,33
212,1,334,171,163,0,0,0,1.0,1,1.0,1,1.0,1,0.3158531298538825,33
213,2,336,171,165,0,0,0,1.0,1,1.0,1,1.0,1,0.3223726485853482,35
214,1,337,171,166,0,0,0,1.0,1,1.0,1,1.0,1,0.2669479479856694,34
215,3,340,172,168,0,0,0,1.0,1,1.0,1,1.0,1,0.2234430154205569,35
216,3,343,173,170,0,0,0,1.0,1,1.0,1,1.0,1,0.21401758041844934,36
217,2,345,174,171,0,0,0,1.0,1,1.0,1,1.0,1,0.22057322915896785,36
218,4,349,177,172,0,0,0,1.0,1,1.0,1,1.0,1,0.3171573693704749,36
219,5,354,178,176,0,0,0,1.0,1,1.0,1,1.0,1,0.18742311233428594,37
220,0,354,178,176,0,0,0,1.0,1,1.0,1,1.0,1,0.2103034223492767,38
221,3,357,179,178,0,0,0,1.0,1,1.0,1,1.0,1,0.17040236041635343,37
222,1,358,180,178,0,0,0,1.0,1,1.0,1,1.0,1,0.19972982674677595,38
223,1,359,181,178,0,0,0,1.0,1,1.0,1,1.0,1,0.254459186424765,38
224,2,361,182,179,0,0,0,1.0,1,1.0,1,1.0,1,0.2165113055251899,38
225,2,363,183,180,0,0,0,1.0,1,1.0,1,1.0,1,0.1958060633195043,36
226,1,364,184,180,0,0,0,1.0,1,1.0,1,1.0,1,0.2630069812047244,37
227,5,369,185,184,0,0,0,1.0,1,1.0,1,1.0,1,0.15392346209212254,35
228,0,369,185,184,0,0,0,1.0,1,1.0,1,1.0,1,0.15392346209212254,35
229,2,371,186,185,0,0,0,1.0,1,1.0,1,1.0,1,0.15161510521292584,35
230,2,373,188,185,0,0,0,1.0,1,1.0,1,1.0,1,0.21681877117044762,35
231,2,375,188,187,0,0,0,1.0,1,1.0,1,1.0,1,0.15635554150453887,35
232,3,378,191,187,0,0,0,1.0,1,1.0,1,1.0,1,0.2171020016551812,36
233,3,381,191,190,0,0,0,1.0,1,1.0,1,1.0,1,0.151988733764592,36
234,2,383,192,191,0,0,0,1.0,1,1.0,1,1.0,1,0.22816923587548027,34
235,5,388,195,193,0,0,0,1.0,1,1.0,1,1.0,1,0.2365888479711379,33
236,1,389,196,193,0,0,0,1.0,1,1.0,1,1.0,1,0.2212460765559429,31
237,0,389,196,193,0,0,0,1.0,1,1.0,1,1.0,1,0.2459569453778226,32
238,1,390,197,193,0,0,0,1.0,1,1.0,1,1.0,1,0.27163923559219244,31
239,2,392,199,193,0,0,0,1.0,1,1.0,1,1.0,1,0.20964059809659677,30
240,0,392,199,193,0,0,0,1.0,1,1.0,1,1.0,1,0.2245853920120373,27
241,1,393,200,193,0,0,0,1.0,1,1.0,1,1.0,1,0.2423915515594826,27
242,0,393,200,193,0,0,0,1.0,1,1.0,1,1.0,1,0.2792081799175906,28
243,2,395,202,193,0,0,0,1.0,1,1.0,1,1.0,1,0.3129157521073131,28
244,1,396,203,193,0,0,0,1.0,1,1.0,1,1.0,1,0.3062795301398757,27
245,2,398,204,194,0,0,0,1.0,1,1.0,1,1.0,1,0.3056838247222663,27
246,4,402,206,196,0,0,0,1.0,1,1.0,1,1.0,1,0.22498641903676148,25
247,0,402,206,196,0,0,0,1.0,1,1.0,1,1.0,1,0.21698818110244414,24
248,0,402,206,196,0,0,0,1.0,1,1.0,1,1.0,1,0.21439145902605358,24
249,0,402,206,196,0,0,0,1.0,1,1.0,1,1.0,1,0.2198548253234495,25
250,1,403,206,197,0,0,0,1.0,1,1.0,1,1.0,1,0.19761397940798126,27
251,0,403,206,197,0,0,0,1.0,1,1.0,1,1.0,1,0.19761397940798126,27
252,0,403,206,197,0,0,0,1.0,1,1.0,1,1.0,1,0.19761397940798126,27
253,2,405,207,198,0,0,0,1.0,1,1.0,1,1.0,1,0.22352665365535135,29
254,1,406,208,198,0,0,0,1.0,1,1.0,1,1.0,1,0.2122896902478462,30
255,1,407,209,198,0,0,0,1.0,1,1.0,1,1.0,1,0.22777346132198664,31
256,1,408,210,198,0,0,0,1.0,1,1.0,1,1.0,1,0.23775773971068978,31
257,2,410,211,199,0,0,0,1.0,1,1.0,1,1.0,1,0.24462213408671932,33
258,0,410,211,199,0,0,0,1.0,1,1.0,1,1.0,1,0.24462213408671932,33
259,0,410,211,199,0,0,0,1.0,1,1.0,1,1.0,1,0.24462213408671932,33
260,2,412,213,199,0,0,0,1.0,1,1.0,1,1.0,1,0.29694656294823685,35
261,3,415,214,201,0,0,0,1.0,1,1.0,1,1.0,1,0.2812754869904805,35
262,2,417,216,201,0,0,0,1.0,1,1.0,1,1.0,1,0.35275769647239646,35
263,3,420,217,203,0,0,0,1.0,1,1.0,1,1.0,1,0.3575854353317962,34
264,1,421,218,203,0,0,0,1.0,1,1.0,1,1.0,1,0.40996828275711256,32
265,2,423,220,203,0,0,0,1.0,1,1.0,1,1.0,1,0.355240070903156,30
266,2,425,222,203,0,0,0,1.0,1,1.0,1,1.0,1,0.34923429870272366,31
267,3,428,224,204,0,0,0,1.0,1,1.0,1,1.0,1,0.32796518900736793,30
268,2,430,225,205,0,0,0,1.0,1,1.0,1,1.0,1,0.3394315861255194,31
269,2,432,226,206,0,0,0,1.0,1,1.0,1,1.0,1,0.3355994606511355,31
270,3,435,228,207,0,0,0,1.0,1,1.0,1,1.0,1,0.37787245858979546,32
271,3,438,229,209,0,0,0,1.0,1,1.0,1,1.0,1,0.36106624189311376,31
272,3,441,230,211,0,0,0,1.0,1,1.0,1,1.0,1,0.3742776204754766,32
273,0,441,230,211,0,0,0,1.0,1,1.0,1,1.0,1,0.3742776204754766,32
274,0,441,230,211,0,0,0,1.0,1,1.0,1,1.0,1,0.3742776204754766,32
275,2,443,231,212,0,0,0,1.0,1,1.0,1,1.0,1,0.3256790526641886,33
276,3,446,233,213,0,0,0,1.0,1,1.0,1,1.0,1,0.37522427841762757,34
277,1,447,234,213,0,0,0,1.0,1,1.0,1,1.0,1,0.3173354681951656,32
278,0,447,234,213,0,0,0,1.0,1,1.0,1,1.0,1,0.3435594684824173,31
279,1,448,234,214,0,0,0,1.0,1,1.0,1,1.0,1,0.2843799471150143,31
280,1,449,234,215,0,0,0,1.0,1,1.0,1,1.0,1,0.25597963904823184,30
281,1,450,235,215,0,0,0,1.0,1,1.0,1,1.0,1,0.27277698194221933,31
282,0,450,235,215,0,0,0,1.0,1,1.0,1,1.0,1,0.26430152345048946,30
283,2,452,236,216,0,0,0,1.0,1,1.0,1,1.0,1,0.25214789710270613,31
284,0,452,236,216,0,0,0,1.0,1,1.0,1,1.0,1,0.25214789710270613,31
285,2,454,237,217,0,0,0,1.0,1,1.0,1,1.0,1,0.26923962446913724,31
286,0,454,237,217,0,0,0,1.0,1,1.0,1,1.0,1,0.26923962446913724,31
287,3,457,237,220,0,0,0,1.0,1,1.0,1,1.0,1,0.21610677027632805,33
288,0,457,237,220,0,0,0,1.0,1,1.0,1,1.0,1,0.20606574125480606,32
289,1,458,238,220,0,0,0,1.0,1,1.0,1,1.0,1,0.23285954086078825,32
290,0,458,238,220,0,0,0,1.0,1,1.0,1,1.0,1,0.22778629510931736,31
291,0,458,238,220,0,0,0,1.0,1,1.0,1,1.0,1,0.21016358322038675,30
292,1,459,239,220,0,0,0,1.0,1,1.0,1,1.0,1,0.226792663709347,32
293,0,459,239,220,0,0,0,1.0,1,1.0,1,1.0,1,0.226792663709347,32
294,0,459,239,220,0,0,0,1.0,1,1.0,1,1.0,1,0.226792663709347,32
295,1,460,240,220,0,0,0,1.0,1,1.0,1,1.0,1,0.22408858265738468,34
296,1,461,241,220,0,0,0,1.0,1,1.0,1,1.0,1,0.20013376344484007,34
297,2,463,242,221,0,0,0,1.0,1,1.0,1,1.0,1,0.18606149004726924,34
298,0,463,242,221,0,0,0,1.0,1,1.0,1,1.0,1,0.19991773908465732,35
299,0,463,242,221,0,0,0,1.0,1,1.0,1,1.0,1,0.23244181164047462,35
300,1,464,243,221,0,0,0,1.0,1,1.0,1,1.0,1,0.24345328058127078,35
301,2,466,244,222,0,0,0,1.0,1,1.0,1,1.0,1,0.2574468898938073,38
302,2,468,246,222,0,0,0,1.0,1,1.0,1,1.0,1,0.29597649561847306,38
303,6,474,249,225,0,0,0,1.0,1,1.0,1,1.0,1,0.2632846345549753,37
304,3,477,250,227,0,0,0,1.0,1,1.0,1,1.0,1,0.2917112992813321,37
305,6,483,252,231,0,0,0,1.0,1,1.0,1,1.0,1,0.24428844824470147,36
306,0,483,252,231,0,0,0,1.0,1,1.0,1,1.0,1,0.24148898524906043,36
307,0,483,252,231,0,0,0,1.0,1,1.0,1,1.0,1,0.23432716337750664,35
308,0,483,252,231,0,0,0,1.0,1,1.0,1,1.0,1,0.22552107284831854,37
309,0,483,252,231,0,0,0,1.0,1,1.0,1,1.0,1,0.22552107284831854,37
310,0,483,252,231,0,0,0,1.0,1,1.0,1,1.0,1,0.22552107284831854,37
311,0,483,252,231,0,0,0,1.0,1,1.0,1,1.0,1,0.21081920728301806,39
312,1,484,253,231,0,0,0,1.0,1,1.0,1,1.0,1,0.2458068524280586,40
313,1,485,253,232,0,0,0,1.0,1,1.0,1,1.0,1,0.21897567117901123,39
314,0,485,253,232,0,0,0,1.0,1,1.0,1,1.0,1,0.23071036024077823,40
315,2,487,255,232,0,0,0,1.0,1,1.0,1,1.0,1,0.3138757538995576,39
316,1,488,255,233,0,0,0,1.0,1,1.0,1,1.0,1,0.2873713112339532,39
317,0,488,255,233,0,0,0,1.0,1,1.0,1,1.0,1,0.28741704247215594,40
318,1,489,255,234,0,0,0,1.0,1,1.0,1,1.0,1,0.26755413769278147,41
319,1,490,255,235,0,0,0,1.0,1,1.0,1,1.0,1,0.2671689788385981,41
320,2,492,256,236,0,0,0,1.0,1,1.0,1,1.0,1,0.2698698185101398,41
321,0,492,256,236,0,0,0,1.0,1,1.0,1,1.0,1,0.2698698185101398,41
322,4,496,258,238,0,0,0,1.0,1,1.0,1,1.0,1,0.22067206293934175,41
323,0,496,258,238,0,0,0,1.0,1,1.0,1,1.0,1,0.22067206293934175,41
324,3,499,260,239,0,0,0,1.0,1,1.0,1,1.0,1,0.25610068513158546,42
325,4,503,261,242,0,0,0,1.0,1,1.0,1,1.0,1,0.21581249530115548,42
326,2,505,262,243,0,0,0,1.0,1,1.0,1,1.0,1,0.2464335448114258,42
327,1,506,262,244,0,0,0,1.0,1,1.0,1,1.0,1,0.2206011279447384,42
328,1,507,262,245,0,0,0,1.0,1,1.0,1,1.0,1,0.22121180733902562,43
329,1,508,262,246,0,0,0,1.0,1,1.0,1,1.0,1,0.20252361868537594,43
330,0,508,262,246,0,0,0,1.0,1,1.0,1,1.0,1,0.1957706969689514,45
331,3,511,262,249,0,0,0,1.0,1,1.0,1,1.0,1,0.14713002850206802,45
332,0,511,262,249,0,0,0,1.0,1,1.0,1,1.0,1,0.14740931639823615,45
333,1,512,262,250,0,0,0,1.0,1,1.0,1,1.0,1,0.1273226637100788,46
334,0,512,262,250,0,0,0,1.0,1,1.0,1,1.0,1,0.10708574179283868,48
335,0,512,262,250,0,0,0,1.0,1,1.0,1,1.0,1,0.10708574179283868,48
336,1,513,263,250,0,0,0,1.0,1,1.0,1,1.0,1,0.12690593557953428,48
337,0,513,263,250,0,0,0,1.0,1,1.0,1,1.0,1,0.14170517413222672,49
338,1,514,264,250,0,0,0,1.0,1,1.0,1,1.0,1,0.15026955774938003,50
339,0,514,264,250,0,0,0,1.0,1,1.0,1,1.0,1,0.15026955774938003,50
340,0,514,264,250,0,0,0,1.0,1,1.0,1,1.0,1,0.15026955774938003,50
341,1,515,264,251,0,0,0,1.0,1,1.0,1,1.0,1,0.153173549583199,51
342,3,518,265,253,0,0,0,1.0,1,1.0,1,1.0,1,0.14931309121346484,51
343,0,518,265,253,0,0,0,1.0,1,1.0,1,1.0,1,0.15861549716427312,51
344,0,518,265,253,0,0,0,1.0,1,1.0,1,1.0,1,0.16432421875350267,50
345,2,520,266,254,0,0,0,1.0,1,1.0,1,1.0,1,0.14538897047213992,51
346,0,520,266,254,0,0,0,1.0,1,1.0,1,1.0,1,0.17803847866485217,51
347,3,523,269,254,0,0,0,1.0,1,1.0,1,1.0,1,0.1848197107609044,51
348,6,529,273,256,0,0,0,1.0,1,1.0,1,1.0,1,0.2131278352827366,53
349,5,534,274,260,0,0,0,1.0,1,1.0,1,1.0,1,0.1347322810966288,55
350,0,534,274,260,0,0,0,1.0,1,1.0,1,1.0,1,0.1534946567451389,54
351,1,535,275,260,0,0,0,1.0,1,1.0,1,1.0,1,0.15711693104660357,54
352,2,537,277,260,0,0,0,1.0,1,1.0,1,1.0,1,0.1880852909544556,53
353,3,540,278,262,0,0,0,1.0,1,1.0,1,1.0,1,0.1831080538375535,53
354,0,540,278,262,0,0,0,1.0,1,1.0,1,1.0,1,0.20776029447586064,50
355,2,542,278,264,0,0,0,1.0,1,1.0,1,1.0,1,0.1952499192831989,51
356,2,544,280,264,0,0,0,1.0,1,1.0,1,1.0,1,0.20833445728282776,51
357,1,545,281,264,0,0,0,1.0,1,1.0,1,1.0,1,0.23999296968277256,50
358,1,546,282,264,0,0,0,1.0,1,1.0,1,1.0,1,0.28309260672043696,48
359,4,550,284,266,0,0,0,1.0,1,1.0,1,1.0,1,0.28930385617865084,47
360,0,550,284,266,0,0,0,1.0,1,1.0,1,1.0,1,0.26306761754382973,45
361,2,552,285,267,0,0,0,1.0,1,1.0,1,1.0,1,0.25870851581849136,44
362,1,553,285,268,0,0,0,1.0,1,1.0,1,1.0,1,0.23888611604313817,44
363,2,555,287,268,0,0,0,1.0,1,1.0,1,1.0,1,0.24366641036390405,44
364,1,556,287,269,0,0,0,1.0,1,1.0,1,1.0,1,0.22898793522835095,43
365,1,557,288,269,0,0,0,1.0,1,1.0,1,1.0,1,0.23984248735145317,43
366,1,558,289,269,0,0,0,1.0,1,1.0,1,1.0,1,0.26301518617584346,45
367,1,559,290,269,0,0,0,1.0,1,1.0,1,1.0,1,0.28010299866738814,44
368,0,559,290,269,0,0,0,1.0,1,1.0,1,1.0,1,0.254091931329973,46
369,1,560,291,269,0,0,0,1.0,1,1.0,1,1.0,1,0.2965559417882437,45
370,3,563,292,271,0,0,0,1.0,1,1.0,1,1.0,1,0.27559800837263027,46
371,0,563,292,271,0,0,0,1.0,1,1.0,1,1.0,1,0.31463396274084143,47
372,0,563,292,271,0,0,0,1.0,1,1.0,1,1.0,1,0.3176542050794412,48
373,4,567,294,273,0,0,0,1.0,1,1.0,1,1.0,1,0.28948274752485653,48
374,2,569,295,274,0,0,0,1.0,1,1.0,1,1.0,1,0.2857345049178946,49
375,4,573,295,278,0,0,0,1.0,1,1.0,1,1.0,1,0.19435441395319517,49
376,1,574,296,278,0,0,0,1.0,1,1.0,1,1.0,1,0.18453051336765486,49
377,2,576,298,278,0,0,0,1.0,1,1.0,1,1.0,1,0.18267082015600913,49
378,3,579,300,279,0,0,0,1.0,1,1.0,1,1.0,1,0.16623709477763893,49
379,1,580,301,279,0,0,0,1.0,1,1.0,1,1.0,1,0.20861954548007275,50
380,3,583,302,281,0,0,0,1.0,1,1.0,1,1.0,1,0.18970263294571027,50
381,3,586,303,283,0,0,0,1.0,1,1.0,1,1.0,1,0.1919119946173016,51
382,1,587,304,283,0,0,0,1.0,1,1.0,1,1.0,1,0.1884289443231682,50
383,2,589,305,284,0,0,0,1.0,1,1.0,1,1.0,1,0.195116539348997,51
384,2,591,307,284,0,0,0,1.0,1,1.0,1,1.0,1,0.18895979579887554,50
385,2,593,309,284,0,0,0,1.0,1,1.0,1,1.0,1,0.21263275392629186,50
386,0,593,309,284,0,0,0,1.0,1,1.0,1,1.0,1,0.2064634297964259,48
387,0,593,309,284,0,0,0,1.0,1,1.0,1,1.0,1,0.21559047851200458,47
388,2,595,310,285,0,0,0,1.0,1,1.0,1,1.0,1,0.22340391617974045,48
389,2,597,310,287,0,0,0,1.0,1,1.0,1,1.0,1,0.18291223436266946,47
390,0,597,310,287,0,0,0,1.0,1,1.0,1,1.0,1,0.17956639039319752,49
391,3,600,312,288,0,0,0,1.0,1,1.0,1,1.0,1,0.20660384460109454,46
392,3,603,313,290,0,0,0,1.0,1,1.0,1,1.0,1,0.23590409442270893,46
393,4,607,316,291,0,0,0,1.0,1,1.0,1,1.0,1,0.29511504682883094,44
394,1,608,316,292,0,0,0,1.0,1,1.0,1,1.0,1,0.2729040453535764,43
395,1,609,316,293,0,0,0,1.0,1,1.0,1,1.0,1,0.31106060811800545,42
396,2,611,318,293,0,0,0,1.0,1,1.0,1,1.0,1,0.3779247764092946,39
397,5,616,319,297,0,0,0,1.0,1,1.0,1,1.0,1,0.3796489338942723,39
398,2,618,319,299,0,0,0,1.0,1,1.0,1,1.0,1,0.3556311088338791,36
399,1,619,320,299,0,0,0,1.0,1,1.0,1,1.0,1,0.36425214213045604,36
400,4,623,322,301,0,0,0,1.0,1,1.0,1,1.0,1,0.31835485709097555,34
401,2,625,323,302,0,0,0,1.0,1,1.0,1,1.0,1,0.3041098214854658,33
402,1,626,323,303,0,0,0,1.0,1,1.0,1,1.0,1,0.2704097750071212,34
403,1,627,323,304,0,0,0,1.0,1,1.0,1,1.0,1,0.24531885717982047,36
404,2,629,325,304,0,0,0,1.0,1,1.0,1,1.0,1,0.28351458610829566,36
405,1,630,325,305,0,0,0,1.0,1,1.0,1,1.0,1,0.2620075703471038,37
406,0,630,325,305,0,0,0,1.0,1,1.0,1,1.0,1,0.2620075703471038,37
407,0,630,325,305,0,0,0,1.0,1,1.0,1,1.0,1,0.2544066836540716,39
408,3,633,327,306,0,0,0,1.0,1,1.0,1,1.0,1,0.25406071084043114,40
409,0,633,327,306,0,0,0,1.0,1,1.0,1,1.0,1,0.2650928969453907,41
410,1,634,328,306,0,0,0,1.0,1,1.0,1,1.0,1,0.267128341100793,42
411,0,634,328,306,0,0,0,1.0,1,1.0,1,1.0,1,0.2849227569289585,43
412,2,636,330,306,0,0,0,1.0,1,1.0,1,1.0,1,0.31597029218581435,44
413,2,638,330,308,0,0,0,1.0,1,1.0,1,1.0,1,0.2682213219573991,44
414,0,638,330,308,0,0,0,1.0,1,1.0,1,1.0,1,0.2656092197105198,45
415,0,638,330,308,0,0,0,1.0,1,1.0,1,1.0,1,0.2656092197105198,45
416,1,639,330,309,0,0,0,1.0,1,1.0,1,1.0,1,0.2457591127382728,46
417,2,641,332,309,0,0,0,1.0,1,1.0,1,1.0,1,0.26306570309261146,46
418,0,641,332,309,0,0,0,1.0,1,1.0,1,1.0,1,0.2623179027415053,47
419,0,641,332,309,0,0,0,1.0,1,1.0,1,1.0,1,0.2623179027415053,47
420,0,641,332,309,0,0,0,1.0,1,1.0,1,1.0,1,0.2623179027415053,47
421,0,641,332,309,0,0,0,1.0,1,1.0,1,1.0,1,0.2623179027415053,47
422,2,643,333,310,0,0,0,1.0,1,1.0,1,1.0,1,0.2701380118138187,49
423,3,646,335,311,0,0,0,1.0,1,1.0,1,1.0,1,0.2882885526443778,47
424,2,648,336,312,0,0,0,1.0,1,1.0,1,1.0,1,0.28358394695795613,45
425,5,653,337,316,0,0,0,1.0,1,1.0,1,1.0,1,0.25290231674958696,46
426,3,656,338,318,0,0,0,1.0,1,1.0,1,1.0,1,0.2662049884231219,46
427,2,658,339,319,0,0,0,1.0,1,1.0,1,1.0,1,0.27129182575162925,45
428,4,662,341,321,0,0,0,1.0,1,1.0,1,1.0,1,0.2897476005730325,45
429,2,664,343,321,0,0,0,1.0,1,1.0,1,1.0,1,0.28033141614943274,42
430,4,668,345,323,0,0,0,1.0,1,1.0,1,1.0,1,0.24271305246787006,40
431,4,672,347,325,0,0,0,1.0,1,1.0,1,1.0,1,0.1871741953837968,39
432,1,673,348,325,0,0,0,1.0,1,1.0,1,1.0,1,0.19601557132408043,37
433,3,676,350,326,0,0,0,1.0,1,1.0,1,1.0,1,0.16357040174040152,35
434,0,676,350,326,0,0,0,1.0,1,1.0,1,1.0,1,0.21627909972583753,33
435,1,677,350,327,0,0,0,1.0,1,1.0,1,1.0,1,0.19737675699139667,33
436,0,677,350,327,0,0,0,1.0,1,1.0,1,1.0,1,0.19737675699139667,33
437,0,677,350,327,0,0,0,1.0,1,1.0,1,1.0,1,0.19244957483184716,33
438,0,677,350,327,0,0,0,1.0,1,1.0,1,1.0,1,0.2239444401005068,32
439,1,678,351,327,0,0,0,1.0,1,1.0,1,1.0,1,0.19276678013830445,34
440,2,680,352,328,0,0,0,1.0,1,1.0,1,1.0,1,0.18162841590758516,34
441,1,681,353,328,0,0,0,1.0,1,1.0,1,1.0,1,0.2342697154949345,35
442,4,685,355,330,0,0,0,1.0,1,1.0,1,1.0,1,0.24169770227175127,37
443,7,692,360,332,0,0,0,1.0,1,1.0,1,1.0,1,0.19904887268119736,37
444,0,692,360,332,0,0,0,1.0,1,1.0,1,1.0,1,0.21117246205932327,38
445,0,692,360,332,0,0,0,1.0,1,1.0,1,1.0,1,0.19148322440896318,39
446,0,692,360,332,0,0,0,1.0,1,1.0,1,1.0,1,0.19148322440896318,39
447,1,693,360,333,0,0,0,1.0,1,1.0,1,1.0,1,0.20178444796015227,41
448,1,694,360,334,0,0,0,1.0,1,1.0,1,1.0,1,0.19391889395779133,41
449,0,694,360,334,0,0,0,1.0,1,1.0,1,1.0,1,0.2188737711378194,40
450,1,695,361,334,0,0,0,1.0,1,1.0,1,1.0,1,0.2395341265704392,40
451,3,698,361,337,0,0,0,1.0,1,1.0,1,1.0,1,0.21437432913966842,41
452,0,698,361,337,0,0,0,1.0,1,1.0,1,1.0,1,0.21437432913966842,41
453,1,699,361,338,0,0,0,1.0,1,1.0,1,1.0,1,0.20429575878617476,40
454,2,701,361,340,0,0,0,1.0,1,1.0,1,1.0,1,0.1648265229232316,41
455,1,702,362,340,0,0,0,1.0,1,1.0,1,1.0,1,0.2277153221861291,41
456,0,702,362,340,0,0,0,1.0,1,1.0,1,1.0,1,0.23474300452101013,43
457,4,706,363,343,0,0,0,1.0,1,1.0,1,1.0,1,0.16338040132056203,43
458,0,706,363,343,0,0,0,1.0,1,1.0,1,1.0,1,0.16338040132056203,43
459,0,706,363,343,0,0,0,1.0,1,1.0,1,1.0,1,0.14359004848099657,44
460,1,707,363,344,0,0,0,1.0,1,1.0,1,1.0,1,0.1508777942801439,47
461,1,708,364,344,0,0,0,1.0,1,1.0,1,1.0,1,0.1516143430319808,48
462,2,710,366,344,0,0,0,1.0,1,1.0,1,1.0,1,0.1865034165039977,49
463,2,712,367,345,0,0,0,1.0,1,1.0,1,1.0,1,0.14461675606072727,47
464,1,713,367,346,0,0,0,1.0,1,1.0,1,1.0,1,0.14079053763556149,48
465,3,716,370,346,0,0,0,1.0,1,1.0,1,1.0,1,0.17471097541294203,47
466,1,717,371,346,0,0,0,1.0,1,1.0,1,1.0,1,0.14398418439747368,46
467,4,721,374,347,0,0,0,1.0,1,1.0,1,1.0,1,0.15070303513105374,44
468,4,725,378,347,0,0,0,1.0,1,1.0,1,1.0,1,0.1366507572288375,41
469,2,727,380,347,0,0,0,1.0,1,1.0,1,1.0,1,0.11922105509777002,40
470,1,728,381,347,0,0,0,1.0,1,1.0,1,1.0,1,0.1960096723767851,39
471,2,730,383,347,0,0,0,1.0,1,1.0,1,1.0,1,0.22738967318321016,38
472,5,735,388,347,0,0,0,1.0,1,1.0,1,1.0,1,0.2972188720318388,36
473,4,739,390,349,0,0,0,1.0,1,1.0,1,1.0,1,0.30273032175600784,36
474,3,742,392,350,0,0,0,1.0,1,1.0,1,1.0,1,0.2731452434265537,34
475,3,745,394,351,0,0,0,1.0,1,1.0,1,1.0,1,0.2990360226644686,34
476,0,745,394,351,0,0,0,1.0,1,1.0,1,1.0,1,0.2699402612570616,32
477,2,747,396,351,0,0,0,1.0,1,1.0,1,1.0,1,0.3195530290983164,32
478,0,747,396,351,0,0,0,1.0,1,1.0,1,1.0,1,0.3089450668373718,30
479,1,748,396,352,0,0,0,1.0,1,1.0,1,1.0,1,0.267863879777086,31
480,0,748,396,352,0,0,0,1.0,1,1.0,1,1.0,1,0.3259588436549667,27
481,2,750,397,353,0,0,0,1.0,1,1.0,1,1.0,1,0.29151349117218944,28
482,1,751,398,353,0,0,0,1.0,1,1.0,1,1.0,1,0.24787717570511392,28
483,1,752,398,354,0,0,0,1.0,1,1.0,1,1.0,1,0.2183105139656497,29
484,1,753,399,354,0,0,0,1.0,1,1.0,1,1.0,1,0.23008335926022994,29
485,0,753,399,354,0,0,0,1.0,1,1.0,1,1.0,1,0.23008335926022994,29
486,2,755,401,354,0,0,0,1.0,1,1.0,1,1.0,1,0.2866664213929134,31
487,3,758,401,357,0,0,0,1.0,1,1.0,1,1.0,1,0.28051436474461894,33
488,3,761,401,360,0,0,0,1.0,1,1.0,1,1.0,1,0.22158195268743933,34
489,4,765,403,362,0,0,0,1.0,1,1.0,1,1.0,1,0.23275308390954286,34
490,0,765,403,362,0,0,0,1.0,1,1.0,1,1.0,1,0.23275308390954286,34
491,1,766,404,362,0,0,0,1.0,1,1.0,1,1.0,1,0.26938698988315046,34
492,1,767,404,363,0,0,0,1.0,1,1.0,1,1.0,1,0.2327494315138668,34
493,0,767,404,363,0,0,0,1.0,1,1.0,1,1.0,1,0.2327494315138668,34
494,1,768,405,363,0,0,0,1.0,1,1.0,1,1.0,1,0.2629319427432108,36
495,0,768,405,363,0,0,0,1.0,1,1.0,1,1.0,1,0.2629319427432108,36
496,1,769,406,363,0,0,0,1.0,1,1.0,1,1.0,1,0.24844003455210473,37
497,3,772,407,365,0,0,0,1.0,1,1.0,1,1.0,1,0.24608305329455554,39
498,2,774,408,366,0,0,0,1.0,1,1.0,1,1.0,1,0.21493020074473834,40
499,0,774,408,366,0,0,0,1.0,1,1.0,1,1.0,1,0.21493020074473834,40
500,5,779,411,368,0,0,0,1.0,1,1.0,1,1.0,1,0.21272650174295127,42
501,1,780,411,369,0,0,0,1.0,1,1.0,1,1.0,1,0.20084869505186076,42
502,3,783,413,370,0,0,0,1.0,1,1.0,1,1.0,1,0.2688488142577871,42
503,0,783,413,370,0,0,0,1.0,1,1.0,1,1.0,1,0.260021029925854,41
504,3,786,415,371,0,0,0,1.0,1,1.0,1,1.0,1,0.28782411510163153,42
505,4,790,417,373,0,0,0,1.0,1,1.0,1,1.0,1,0.2549540158947864,38
506,1,791,417,374,0,0,0,1.0,1,1.0,1,1.0,1,0.23571579091810108,37
507,0,791,417,374,0,0,0,1.0,1,1.0,1,1.0,1,0.24547981258066914,35
508,4,795,421,374,0,0,0,1.0,1,1.0,1,1.0,1,0.3646858772752177,35
509,0,795,421,374,0,0,0,1.0,1,1.0,1,1.0,1,0.3551948616957507,34
510,1,796,421,375,0,0,0,1.0,1,1.0,1,1.0,1,0.32403597093081216,34
511,0,796,421,375,0,0,0,1.0,1,1.0,1,1.0,1,0.299589149387553,32
512,2,798,423,375,0,0,0,1.0,1,1.0,1,1.0,1,0.3171501478368828,30
513,1,799,423,376,0,0,0,1.0,1,1.0,1,1.0,1,0.2913765623588474,31
514,0,799,423,376,0,0,0,1.0,1,1.0,1,1.0,1,0.2913765623588474,31
515,2,801,425,376,0,0,0,1.0,1,1.0,1,1.0,1,0.36943777094056796,32
516,1,802,425,377,0,0,0,1.0,1,1.0,1,1.0,1,0.32757596840819864,31
517,3,805,426,379,0,0,0,1.0,1,1.0,1,1.0,1,0.26551933861140337,32
518,1,806,426,380,0,0,0,1.0,1,1.0,1,1.0,1,0.22742882556347116,31
519,2,808,428,380,0,0,0,1.0,1,1.0,1,1.0,1,0.2550892972296879,31
520,2,810,430,380,0,0,0,1.0,1,1.0,1,1.0,1,0.2677142449292139,33
521,2,812,431,381,0,0,0,1.0,1,1.0,1,1.0,1,0.24992202313438677,34
522,2,814,432,382,0,0,0,1.0,1,1.0,1,1.0,1,0.20794478093896587,34
523,0,814,432,382,0,0,0,1.0,1,1.0,1,1.0,1,0.230145199248839,33
524,1,815,433,382,0,0,0,1.0,1,1.0,1,1.0,1,0.25994227033174566,34
525,1,816,433,383,0,0,0,1.0,1,1.0,1,1.0,1,0.2694575565535243,32
526,0,816,433,383,0,0,0,1.0,1,1.0,1,1.0,1,0.2694575565535243,32
527,0,816,433,383,0,0,0,1.0,1,1.0,1,1.0,1,0.3279136489324627,31
528,1,817,434,383,0,0,0,1.0,1,1.0,1,1.0,1,0.33441697675620946,31
529,0,817,434,383,0,0,0,1.0,1,1.0,1,1.0,1,0.3645968788474177,30
530,2,819,435,384,0,0,0,1.0,1,1.0,1,1.0,1,0.40293164169146783,30
531,1,820,436,384,0,0,0,1.0,1,1.0,1,1.0,1,0.3905381366439106,32
532,4,824,438,386,0,0,0,1.0,1,1.0,1,1.0,1,0.3230350917748541,32
533,1,825,439,386,0,0,0,1.0,1,1.0,1,1.0,1,0.32585937540641163,34
534,1,826,440,386,0,0,0,1.0,1,1.0,1,1.0,1,0.33569158782972874,34
535,4,830,441,389,0,0,0,1.0,1,1.0,1,1.0,1,0.30048474065896197,37
536,1,831,441,390,0,0,0,1.0,1,1.0,1,1.0,1,0.2926864135590358,37
537,5,836,443,393,0,0,0,1.0,1,1.0,1,1.0,1,0.32080125164507245,37
538,3,839,445,394,0,0,0,1.0,1,1.0,1,1.0,1,0.3209573898423996,38
539,1,840,445,395,0,0,0,1.0,1,1.0,1,1.0,1,0.30656510228607387,38
540,0,840,445,395,0,0,0,1.0,1,1.0,1,1.0,1,0.30656510228607387,38
541,0,840,445,395,0,0,0,1.0,1,1.0,1,1.0,1,0.28435761752324357,39
542,2,842,446,396,0,0,0,1.0,1,1.0,1,1.0,1,0.2781006155223959,40
543,1,843,447,396,0,0,0,1.0,1,1.0,1,1.0,1,0.2882012632608715,37
544,3,846,449,397,0,0,0,1.0,1,1.0,1,1.0,1,0.3189071784798029,35
545,0,846,449,397,0,0,0,1.0,1,1.0,1,1.0,1,0.27242349222986484,35
546,4,850,452,398,0,0,0,1.0,1,1.0,1,1.0,1,0.28055410826341726,35
547,0,850,452,398,0,0,0,1.0,1,1.0,1,1.0,1,0.23574955303335426,34
548,3,853,454,399,0,0,0,1.0,1,1.0,1,1.0,1,0.25425569649253704,34
549,4,857,457,400,0,0,0,1.0,1,1.0,1,1.0,1,0.31014197485400435,31
550,0,857,457,400,0,0,0,1.0,1,1.0,1,1.0,1,0.29394832984550207,30
551,2,859,459,400,0,0,0,1.0,1,1.0,1,1.0,1,0.3346609579416232,31
552,1,860,459,401,0,0,0,1.0,1,1.0,1,1.0,1,0.2799685365303645,29
553,0,860,459,401,0,0,0,1.0,1,1.0,1,1.0,1,0.2769101084633727,30
554,0,860,459,401,0,0,0,1.0,1,1.0,1,1.0,1,0.25518979191530244,30
555,0,860,459,401,0,0,0,1.0,1,1.0,1,1.0,1,0.3076943410714051,30
556,0,860,459,401,0,0,0,1.0,1,1.0,1,1.0,1,0.3149880052955541,31
557,1,861,459,402,0,0,0,1.0,1,1.0,1,1.0,1,0.35109983365233904,31
558,2,863,459,404,0,0,0,1.0,1,1.0,1,1.0,1,0.2607797754645993,31
559,0,863,459,404,0,0,0,1.0,1,1.0,1,1.0,1,0.2607797754645993,31
560,1,864,459,405,0,0,0,1.0,1,1.0,1,1.0,1,0.25047774268554185,32
561,1,865,460,405,0,0,0,1.0,1,1.0,1,1.0,1,0.2566475654425681,33
562,2,867,461,406,0,0,0,1.0,1,1.0,1,1.0,1,0.21663613497597045,33
563,3,870,463,407,0,0,0,1.0,1,1.0,1,1.0,1,0.23328374323042203,33
564,1,871,463,408,0,0,0,1.0,1,1.0,1,1.0,1,0.22024272529313338,34
565,2,873,464,409,0,0,0,1.0,1,1.0,1,1.0,1,0.19013708064445084,35
566,1,874,464,410,0,0,0,1.0,1,1.0,1,1.0,1,0.1855321172399612,36
567,4,878,467,411,0,0,0,1.0,1,1.0,1,1.0,1,0.2488429440035618,37
568,1,879,468,411,0,0,0,1.0,1,1.0,1,1.0,1,0.2928022347144154,36
569,3,882,468,414,0,0,0,1.0,1,1.0,1,1.0,1,0.21307071854125867,37
570,1,883,468,415,0,0,0,1.0,1,1.0,1,1.0,1,0.19936056576620081,38
571,1,884,469,415,0,0,0,1.0,1,1.0,1,1.0,1,0.18893797992736264,38
572,1,885,469,416,0,0,0,1.0,1,1.0,1,1.0,1,0.17338600313431585,39
573,1,886,470,416,0,0,0,1.0,1,1.0,1,1.0,1,0.19814442422729403,39
574,0,886,470,416,0,0,0,1.0,1,1.0,1,1.0,1,0.21550430460633271,41
575,0,886,470,416,0,0,0,1.0,1,1.0,1,1.0,1,0.21550430460633271,41
576,1,887,470,417,0,0,0,1.0,1,1.0,1,1.0,1,0.2062510698059673,42
577,1,888,470,418,0,0,0,1.0,1,1.0,1,1.0,1,0.17502614554881588,42
578,0,888,470,418,0,0,0,1.0,1,1.0,1,1.0,1,0.1897321536312838,41
579,0,888,470,418,0,0,0,1.0,1,1.0,1,1.0,1,0.17882838354239605,42
580,3,891,471,420,0,0,0,1.0,1,1.0,1,1.0,1,0.18795956559778687,43
581,4,895,473,422,0,0,0,1.0,1,1.0,1,1.0,1,0.20626284434267744,42
582,1,896,474,422,0,0,0,1.0,1,1.0,1,1.0,1,0.22548448795352055,41
583,3,899,477,422,0,0,0,1.0,1,1.0,1,1.0,1,0.2433818514168312,40
584,1,900,478,422,0,0,0,1.0,1,1.0,1,1.0,1,0.28964862051847384,38
585,7,907,482,425,0,0,0,1.0,1,1.0,1,1.0,1,0.24682716713714323,38
586,3,910,485,425,0,0,0,1.0,1,1.0,1,1.0,1,0.20160286246882203,37
587,3,913,487,426,0,0,0,1.0,1,1.0,1,1.0,1,0.26759927499001895,35
588,1,914,488,426,0,0,0,1.0,1,1.0,1,1.0,1,0.26582245939757165,35
589,3,917,488,429,0,0,0,1.0,1,1.0,1,1.0,1,0.16233368921029762,34
590,2,919,489,430,0,0,0,1.0,1,1.0,1,1.0,1,0.17318172669725138,36
591,1,920,490,430,0,0,0,1.0,1,1.0,1,1.0,1,0.15234465396787492,35
592,1,921,491,430,0,0,0,1.0,1,1.0,1,1.0,1,0.20316163067064053,37
593,2,923,493,430,0,0,0,1.0,1,1.0,1,1.0,1,0.22587601491622233,36
594,2,925,494,431,0,0,0,1.0,1,1.0,1,1.0,1,0.21018028295696517,35
595,0,925,494,431,0,0,0,1.0,1,1.0,1,1.0,1,0.19844412968836955,34
596,1,926,495,431,0,0,0,1.0,1,1.0,1,1.0,1,0.23979200965410408,34
597,0,926,495,431,0,0,0,1.0,1,1.0,1,1.0,1,0.2411584709476538,33
598,0,926,495,431,0,0,0,1.0,1,1.0,1,1.0,1,0.29407616349491233,33
599,4,930,498,432,0,0,0,1.0,1,1.0,1,1.0,1,0.2439592456866691,33
600,2,932,500,432,0,0,0,1.0,1,1.0,1,1.0,1,0.29557024743525906,33
601,1,933,501,432,0,0,0,1.0,1,1.0,1,1.0,1,0.30176674516112345,34
602,2,935,501,434,0,0,0,1.0,1,1.0,1,1.0,1,0.29660419099456237,35
603,1,936,501,435,0,0,0,1.0,1,1.0,1,1.0,1,0.30253091868225007,35
604,0,936,501,435,0,0,0,1.0,1,1.0,1,1.0,1,0.3087939872015564,35
605,0,936,501,435,0,0,0,1.0,1,1.0,1,1.0,1,0.3379818586719076,35
606,1,937,501,436,0,0,0,1.0,1,1.0,1,1.0,1,0.32366349421618407,35
607,1,938,502,436,0,0,0,1.0,1,1.0,1,1.0,1,0.36587619603213317,35
608,2,940,502,438,0,0,0,1.0,1,1.0,1,1.0,1,0.3074519732300919,36
609,2,942,502,440,0,0,0,1.0,1,1.0,1,1.0,1,0.26989470475240607,37
610,0,942,502,440,0,0,0,1.0,1,1.0,1,1.0,1,0.26989470475240607,37
611,2,944,503,441,0,0,0,1.0,1,1.0,1,1.0,1,0.2527050272980638,39
612,3,947,504,443,0,0,0,1.0,1,1.0,1,1.0,1,0.208915188073698,39
613,1,948,505,443,0,0,0,1.0,1,1.0,1,1.0,1,0.22647169209552115,39
614,1,949,506,443,0,0,0,1.0,1,1.0,1,1.0,1,0.26463606939205264,39
615,2,951,507,444,0,0,0,1.0,1,1.0,1,1.0,1,0.2531939508629966,39
616,2,953,508,445,0,0,0,1.0,1,1.0,1,1.0,1,0.30444076909578266,38
617,4,957,510,447,0,0,0,1.0,1,1.0,1,1.0,1,0.2569962332319687,39
618,4,961,511,450,0,0,0,1.0,1,1.0,1,1.0,1,0.23725671054396333,40
619,1,962,512,450,0,0,0,1.0,1,1.0,1,1.0,1,0.24758663956356405,39
620,1,963,512,451,0,0,0,1.0,1,1.0,1,1.0,1,0.20136585336681864,38
621,4,967,513,454,0,0,0,1.0,1,1.0,1,1.0,1,0.1926137743086206,38
622,0,967,513,454,0,0,0,1.0,1,1.0,1,1.0,1,0.15713240083491609,38
623,2,969,515,454,0,0,0,1.0,1,1.0,1,1.0,1,0.16549891889494103,37
624,5,974,518,456,0,0,0,1.0,1,1.0,1,1.0,1,0.20955559005582355,33
625,3,977,519,458,0,0,0,1.0,1,1.0,1,1.0,1,0.17312059242823702,32
626,3,980,522,458,0,0,0,1.0,1,1.0,1,1.0,1,0.09363745990153804,31
627,3,983,524,459,0,0,0,1.0,1,1.0,1,1.0,1,0.11643822017219269,30
628,2,985,526,459,0,0,0,1.0,1,1.0,1,1.0,1,0.20517562524028968,32
629,2,987,527,460,0,0,0,1.0,1,1.0,1,1.0,1,0.2187593693837148,29
630,4,991,529,462,0,0,0,1.0,1,1.0,1,1.0,1,0.30984687610327716,29
631,2,993,530,463,0,0,0,1.0,1,1.0,1,1.0,1,0.3499321266015377,25
632,0,993,530,463,0,0,0,1.0,1,1.0,1,1.0,1,0.42131194206396544,24
633,1,994,530,464,0,0,0,1.0,1,1.0,1,1.0,1,0.36683771427004913,23
634,0,994,530,464,0,0,0,1.0,1,1.0,1,1.0,1,0.36683771427004913,23
635,1,995,530,465,0,0,0,1.0,1,1.0,1,1.0,1,0.3403631175707751,22
636,0,995,530,465,0,0,0,1.0,1,1.0,1,1.0,1,0.38501404675772005,22
637,1,996,531,465,0,0,0,1.0,1,1.0,1,1.0,1,0.3893240546659884,23
638,1,997,532,465,0,0,0,1.0,1,1.0,1,1.0,1,0.4179619502550167,23
639,2,999,532,467,0,0,0,1.0,1,1.0,1,1.0,1,0.31388939786818776,24
640,2,1001,533,468,0,0,0,1.0,1,1.0,1,1.0,1,0.3260126031331017,24
641,0,1001,533,468,0,0,0,1.0,1,1.0,1,1.0,1,0.3511291031869033,25
642,1,1002,533,469,0,0,0,1.0,1,1.0,1,1.0,1,0.2527906753996564,26
643,0,1002,533,469,0,0,0,1.0,1,1.0,1,1.0,1,0.2351759609011686,28
644,1,1003,534,469,0,0,0,1.0,1,1.0,1,1.0,1,0.240032457856607,28
645,1,1004,535,469,0,0,0,1.0,1,1.0,1,1.0,1,0.26537176861958955,28
646,1,1005,535,470,0,0,0,1.0,1,1.0,1,1.0,1,0.2628722439117205,29
647,2,1007,536,471,0,0,0,1.0,1,1.0,1,1.0,1,0.28326455591984134,30
648,0,1007,536,471,0,0,0,1.0,1,1.0,1,1.0,1,0.28326455591984134,30
649,1,1008,537,471,0,0,0,1.0,1,1.0,1,1.0,1,0.3350463804251511,31
650,1,1009,538,471,0,0,0,1.0,1,1.0,1,1.0,1,0.3037857155928402,31
651,4,1013,539,474,0,0,0,1.0,1,1.0,1,1.0,1,0.19087595283131845,32
652,0,1013,539,474,0,0,0,1.0,1,1.0,1,1.0,1,0.19087595283131845,32
653,1,1014,540,474,0,0,0,1.0,1,1.0,1,1.0,1,0.20541578620842674,33
654,0,1014,540,474,0,0,0,1.0,1,1.0,1,1.0,1,0.20541578620842674,33
655,3,1017,542,475,0,0,0,1.0,1,1.0,1,1.0,1,0.23976595859697308,36
656,0,1017,542,475,0,0,0,1.0,1,1.0,1,1.0,1,0.23976595859697308,36
657,3,1020,543,477,0,0,0,1.0,1,1.0,1,1.0,1,0.2633965387872695,35
658,2,1022,545,477,0,0,0,1.0,1,1.0,1,1.0,1,0.2506448750263627,33
659,1,1023,546,477,0,0,0,1.0,1,1.0,1,1.0,1,0.27015922764151395,35
660,0,1023,546,477,0,0,0,1.0,1,1.0,1,1.0,1,0.30834490490638766,34
661,1,1024,547,477,0,0,0,1.0,1,1.0,1,1.0,1,0.319349361099742,33
662,1,1025,548,477,0,0,0,1.0,1,1.0,1,1.0,1,0.3777907644216673,31
663,3,1028,549,479,0,0,0,1.0,1,1.0,1,1.0,1,0.35603460734454256,29
664,2,1030,551,479,0,0,0,1.0,1,1.0,1,1.0,1,0.38271265521737957,27
665,3,1033,553,480,0,0,0,1.0,1,1.0,1,1.0,1,0.30354244256893653,27
666,6,1039,555,484,0,0,0,1.0,1,1.0,1,1.0,1,0.2561518602874119,28
667,1,1040,556,484,0,0,0,1.0,1,1.0,1,1.0,1,0.2884824631417957,26
668,1,1041,557,484,0,0,0,1.0,1,1.0,1,1.0,1,0.3340136813674162,26
669,3,1044,560,484,0,0,0,1.0,1,1.0,1,1.0,1,0.2538297025581258,25
670,1,1045,560,485,0,0,0,1.0,1,1.0,1,1.0,1,0.2238960049947998,24
671,0,1045,560,485,0,0,0,1.0,1,1.0,1,1.0,1,0.2238960049947998,24
672,1,1046,561,485,0,0,0,1.0,1,1.0,1,1.0,1,0.2464483436089073,25
673,1,1047,562,485,0,0,0,1.0,1,1.0,1,1.0,1,0.2144106547481013,25
674,0,1047,562,485,0,0,0,1.0,1,1.0,1,1.0,1,0.2144106547481013,25
675,3,1050,563,487,0,0,0,1.0,1,1.0,1,1.0,1,0.21193694622528989,26
676,3,1053,566,487,0,0,0,1.0,1,1.0,1,1.0,1,0.16349249715731645,27
677,0,1053,566,487,0,0,0,1.0,1,1.0,1,1.0,1,0.1832951344844994,28
678,0,1053,566,487,0,0,0,1.0,1,1.0,1,1.0,1,0.1832951344844994,28
679,1,1054,567,487,0,0,0,1.0,1,1.0,1,1.0,1,0.23416841463243082,30
680,0,1054,567,487,0,0,0,1.0,1,1.0,1,1.0,1,0.2571754806157033,29
681,1,1055,568,487,0,0,0,1.0,1,1.0,1,1.0,1,0.31305512322942236,29
682,0,1055,568,487,0,0,0,1.0,1,1.0,1,1.0,1,0.32089512596006187,30
683,2,1057,569,488,0,0,0,1.0,1,1.0,1,1.0,1,0.2953819241523161,30
684,2,1059,569,490,0,0,0,1.0,1,1.0,1,1.0,1,0.23484714344504057,31
685,0,1059,569,490,0,0,0,1.0,1,1.0,1,1.0,1,0.26528845618434765,30
686,0,1059,569,490,0,0,0,1.0,1,1.0,1,1.0,1,0.26528845618434765,30
687,1,1060,570,490,0,0,0,1.0,1,1.0,1,1.0,1,0.3218837550598021,30
688,1,1061,570,491,0,0,0,1.0,1,1.0,1,1.0,1,0.28433145391646225,31
689,2,1063,571,492,0,0,0,1.0,1,1.0,1,1.0,1,0.24234546562190304,32
690,1,1064,571,493,0,0,0,1.0,1,1.0,1,1.0,1,0.22052542615071624,32
691,0,1064,571,493,0,0,0,1.0,1,1.0,1,1.0,1,0.22052542615071624,32
692,2,1066,573,493,0,0,0,1.0,1,1.0,1,1.0,1,0.22933352644389068,32
693,1,1067,574,493,0,0,0,1.0,1,1.0,1,1.0,1,0.2418818868765662,34
694,5,1072,577,495,0,0,0,1.0,1,1.0,1,1.0,1,0.32033368942932394,36
695,2,1074,578,496,0,0,0,1.0,1,1.0,1,1.0,1,0.2882187740575187,34
696,2,1076,580,496,0,0,0,1.0,1,1.0,1,1.0,1,0.3307245271296055,33
697,2,1078,580,498,0,0,0,1.0,1,1.0,1,1.0,1,0.2817333612907984,33
698,2,1080,582,498,0,0,0,1.0,1,1.0,1,1.0,1,0.3132762101949992,34
699,0,1080,582,498,0,0,0,1.0,1,1.0,1,1.0,1,0.2955796924576232,33
700,1,1081,582,499,0,0,0,1.0,1,1.0,1,1.0,1,0.2309866387201996,32
701,1,1082,582,500,0,0,0,1.0,1,1.0,1,1.0,1,0.1860165799815826,33
702,3,1085,585,500,0,0,0,1.0,1,1.0,1,1.0,1,0.29178091215243623,34
703,1,1086,586,500,0,0,0,1.0,1,1.0,1,1.0,1,0.24500185304928832,32
704,0,1086,586,500,0,0,0,1.0,1,1.0,1,1.0,1,0.21775653046420598,31
705,4,1090,589,501,0,0,0,1.0,1,1.0,1,1.0,1,0.25935324666317144,33
706,2,1092,591,501,0,0,0,1.0,1,1.0,1,1.0,1,0.32256889232044406,33
707,1,1093,592,501,0,0,0,1.0,1,1.0,1,1.0,1,0.29828339179165475,31
708,2,1095,594,501,0,0,0,1.0,1,1.0,1,1.0,1,0.3848262155783604,31
709,1,1096,595,501,0,0,0,1.0,1,1.0,1,1.0,1,0.3860740551997922,30
710,0,1096,595,501,0,0,0,1.0,1,1.0,1,1.0,1,0.3860740551997922,30
711,0,1096,595,501,0,0,0,1.0,1,1.0,1,1.0,1,0.38881724116893585,30
712,1,1097,595,502,0,0,0,1.0,1,1.0,1,1.0,1,0.37675394722139177,30
713,2,1099,595,504,0,0,0,1.0,1,1.0,1,1.0,1,0.3549377875281285,31
714,3,1102,596,506,0,0,0,1.0,1,1.0,1,1.0,1,0.338813068854166,31
715,0,1102,596,506,0,0,0,1.0,1,1.0,1,1.0,1,0.3472495074324833,30
716,2,1104,597,507,0,0,0,1.0,1,1.0,1,1.0,1,0.3338979923362537,31
717,1,1105,597,508,0,0,0,1.0,1,1.0,1,1.0,1,0.3281746599432156,32
718,1,1106,598,508,0,0,0,1.0,1,1.0,1,1.0,1,0.35462227809291474,32
719,2,1108,600,508,0,0,0,1.0,1,1.0,1,1.0,1,0.3201459515109057,32
720,0,1108,600,508,0,0,0,1.0,1,1.0,1,1.0,1,0.32335336759464256,34
721,0,1108,600,508,0,0,0,1.0,1,1.0,1,1.0,1,0.32335336759464256,34
722,0,1108,600,508,0,0,0,1.0,1,1.0,1,1.0,1,0.32335336759464256,34
723,0,1108,600,508,0,0,0,1.0,1,1.0,1,1.0,1,0.33469552748044723,35
724,0,1108,600,508,0,0,0,1.0,1,1.0,1,1.0,1,0.34557242677244054,36
725,4,1112,600,512,0,0,0,1.0,1,1.0,1,1.0,1,0.2621010554069368,37
726,1,1113,600,513,0,0,0,1.0,1,1.0,1,1.0,1,0.22962528718996134,37
727,0,1113,600,513,0,0,0,1.0,1,1.0,1,1.0,1,0.2465862445370859,38
728,0,1113,600,513,0,0,0,1.0,1,1.0,1,1.0,1,0.24181280992967202,39
729,0,1113,600,513,0,0,0,1.0,1,1.0,1,1.0,1,0.24181280992967202,39
730,0,1113,600,513,0,0,0,1.0,1,1.0,1,1.0,1,0.2460694992657893,40
731,0,1113,600,513,0,0,0,1.0,1,1.0,1,1.0,1,0.2460694992657893,40
732,1,1114,600,514,0,0,0,1.0,1,1.0,1,1.0,1,0.2620511272997964,41
733,1,1115,601,514,0,0,0,1.0,1,1.0,1,1.0,1,0.24527554189996412,41
734,1,1116,602,514,0,0,0,1.0,1,1.0,1,1.0,1,0.27868430267452843,42
735,2,1118,604,514,0,0,0,1.0,1,1.0,1,1.0,1,0.2768317497908256,42
736,1,1119,604,515,0,0,0,1.0,1,1.0,1,1.0,1,0.34612170659556396,41
737,3,1122,605,517,0,0,0,1.0,1,1.0,1,1.0,1,0.3755819358755511,41
738,3,1125,605,520,0,0,0,1.0,1,1.0,1,1.0,1,0.30618657552823897,39
739,0,1125,605,520,0,0,0,1.0,1,1.0,1,1.0,1,0.30618657552823897,39
740,0,1125,605,520,0,0,0,1.0,1,1.0,1,1.0,1,0.2988470616618993,39
741,2,1127,605,522,0,0,0,1.0,1,1.0,1,1.0,1,0.25769130743435725,38
742,1,1128,605,523,0,0,0,1.0,1,1.0,1,1.0,1,0.23812765510376346,39
743,3,1131,607,524,0,0,0,1.0,1,1.0,1,1.0,1,0.2053671872441986,39
744,2,1133,609,524,0,0,0,1.0,1,1.0,1,1.0,1,0.21014916773820652,39
745,4,1137,612,525,0,0,0,1.0,1,1.0,1,1.0,1,0.2030789308939742,39
746,3,1140,613,527,0,0,0,1.0,1,1.0,1,1.0,1,0.18683598671664225,40
747,2,1142,614,528,0,0,0,1.0,1,1.0,1,1.0,1,0.14542230565454767,41
748,2,1144,616,528,0,0,0,1.0,1,1.0,1,1.0,1,0.16734167832469074,41
749,1,1145,617,528,0,0,0,1.0,1,1.0,1,1.0,1,0.19404394074470124,41
750,3,1148,618,530,0,0,0,1.0,1,1.0,1,1.0,1,0.15107114332653732,39
751,1,1149,619,530,0,0,0,1.0,1,1.0,1,1.0,1,0.17809787700030608,41
752,1,1150,620,530,0,0,0,1.0,1,1.0,1,1.0,1,0.19663237688483814,41
753,2,1152,620,532,0,0,0,1.0,1,1.0,1,1.0,1,0.13361663309930866,41
754,3,1155,623,532,0,0,0,1.0,1,1.0,1,1.0,1,0.20002992382624066,41
755,1,1156,623,533,0,0,0,1.0,1,1.0,1,1.0,1,0.2209222806839374,41
756,1,1157,624,533,0,0,0,1.0,1,1.0,1,1.0,1,0.21241696637954685,41
757,4,1161,626,535,0,0,0,1.0,1,1.0,1,1.0,1,0.22239364518601706,39
758,2,1163,626,537,0,0,0,1.0,1,1.0,1,1.0,1,0.14273424700381224,39
759,0,1163,626,537,0,0,0,1.0,1,1.0,1,1.0,1,0.1434634961100222,39
760,0,1163,626,537,0,0,0,1.0,1,1.0,1,1.0,1,0.16738237194167901,40
761,0,1163,626,537,0,0,0,1.0,1,1.0,1,1.0,1,0.16406146014077755,41
762,1,1164,626,538,0,0,0,1.0,1,1.0,1,1.0,1,0.15519121080047252,42
763,1,1165,626,539,0,0,0,1.0,1,1.0,1,1.0,1,0.1528379188815589,43
764,0,1165,626,539,0,0,0,1.0,1,1.0,1,1.0,1,0.1528379188815589,43
765,0,1165,626,539,0,0,0,1.0,1,1.0,1,1.0,1,0.12967609625639404,45
766,1,1166,627,539,0,0,0,1.0,1,1.0,1,1.0,1,0.1431556571809782,45
767,0,1166,627,539,0,0,0,1.0,1,1.0,1,1.0,1,0.1530429880359496,46
768,0,1166,627,539,0,0,0,1.0,1,1.0,1,1.0,1,0.14196501552015248,45
769,1,1167,627,540,0,0,0,1.0,1,1.0,1,1.0,1,0.13845403301490464,46
770,0,1167,627,540,0,0,0,1.0,1,1.0,1,1.0,1,0.1313937831776304,47
771,4,1171,631,540,0,0,0,1.0,1,1.0,1,1.0,1,0.2079499461487737,47
772,1,1172,631,541,0,0,0,1.0,1,1.0,1,1.0,1,0.1886518219311627,46
773,3,1175,633,542,0,0,0,1.0,1,1.0,1,1.0,1,0.1760002248318265,45
774,0,1175,633,542,0,0,0,1.0,1,1.0,1,1.0,1,0.18679620328485197,45
775,3,1178,635,543,0,0,0,1.0,1,1.0,1,1.0,1,0.1931143461551405,45
776,0,1178,635,543,0,0,0,1.0,1,1.0,1,1.0,1,0.17595833996628743,43
777,0,1178,635,543,0,0,0,1.0,1,1.0,1,1.0,1,0.18993377032262196,44
778,1,1179,636,543,0,0,0,1.0,1,1.0,1,1.0,1,0.21066376801482284,45
779,0,1179,636,543,0,0,0,1.0,1,1.0,1,1.0,1,0.21066376801482284,45
780,1,1180,637,543,0,0,0,1.0,1,1.0,1,1.0,1,0.23766407344534765,45
781,0,1180,637,543,0,0,0,1.0,1,1.0,1,1.0,1,0.2285421211187308,46
782,3,1183,638,545,0,0,0,1.0,1,1.0,1,1.0,1,0.2767513292829592,47
783,1,1184,639,545,0,0,0,1.0,1,1.0,1,1.0,1,0.24503100674448686,46
784,0,1184,639,545,0,0,0,1.0,1,1.0,1,1.0,1,0.24915345918722048,45
785,2,1186,639,547,0,0,0,1.0,1,1.0,1,1.0,1,0.2443134965699905,43
786,2,1188,640,548,0,0,0,1.0,1,1.0,1,1.0,1,0.20030432249589877,43
787,2,1190,642,548,0,0,0,1.0,1,1.0,1,1.0,1,0.22377993279860536,43
788,1,1191,643,548,0,0,0,1.0,1,1.0,1,1.0,1,0.23910002419464613,44
789,1,1192,643,549,0,0,0,1.0,1,1.0,1,1.0,1,0.19307270151096528,46
790,1,1193,644,549,0,0,0,1.0,1,1.0,1,1.0,1,0.2043534711284458,46
791,2,1195,645,550,0,0,0,1.0,1,1.0,1,1.0,1,0.2040080295333998,46
792,0,1195,645,550,0,0,0,1.0,1,1.0,1,1.0,1,0.20769945414005395,47
793,1,1196,645,551,0,0,0,1.0,1,1.0,1,1.0,1,0.22201572046087364,48
794,1,1197,645,552,0,0,0,1.0,1,1.0,1,1.0,1,0.20957110685742128,48
795,0,1197,645,552,0,0,0,1.0,1,1.0,1,1.0,1,0.20605062460695184,47
796,1,1198,646,552,0,0,0,1.0,1,1.0,1,1.0,1,0.26668557378331165,45
797,0,1198,646,552,0,0,0,1.0,1,1.0,1,1.0,1,0.2779222942939995,47
798,3,1201,648,553,0,0,0,1.0,1,1.0,1,1.0,1,0.28833430887586153,48
799,3,1204,650,554,0,0,0,1.0,1,1.0,1,1.0,1,0.26317222230069115,48
800,2,1206,652,554,0,0,0,1.0,1,1.0,1,1.0,1,0.2822104152585974,48
801,4,1210,654,556,0,0,0,1.0,1,1.0,1,1.0,1,0.2556578651451884,49
802,5,1215,656,559,0,0,0,1.0,1,1.0,1,1.0,1,0.2383697717761679,50
803,1,1216,656,560,0,0,0,1.0,1,1.0,1,1.0,1,0.2277504022580186,50
804,0,1216,656,560,0,0,0,1.0,1,1.0,1,1.0,1,0.2277504022580186,50
805,1,1217,657,560,0,0,0,1.0,1,1.0,1,1.0,1,0.25167105038348025,50
806,0,1217,657,560,0,0,0,1.0,1,1.0,1,1.0,1,0.24455977559864175,51
807,0,1217,657,560,0,0,0,1.0,1,1.0,1,1.0,1,0.24455977559864175,51
808,1,1218,657,561,0,0,0,1.0,1,1.0,1,1.0,1,0.2251567248984913,53
809,1,1219,657,562,0,0,0,1.0,1,1.0,1,1.0,1,0.2003303768765229,51
810,0,1219,657,562,0,0,0,1.0,1,1.0,1,1.0,1,0.2126516268369205,52
811,2,1221,658,563,0,0,0,1.0,1,1.0,1,1.0,1,0.22296137496246482,50
812,1,1222,658,564,0,0,0,1.0,1,1.0,1,1.0,1,0.20817091684950295,51
813,1,1223,659,564,0,0,0,1.0,1,1.0,1,1.0,1,0.232982177751166,51
814,1,1224,660,564,0,0,0,1.0,1,1.0,1,1.0,1,0.24535327516099886,52
815,1,1225,661,564,0,0,0,1.0,1,1.0,1,1.0,1,0.281311594205064,50
816,1,1226,661,565,0,0,0,1.0,1,1.0,1,1.0,1,0.27290059156538526,50
817,1,1227,661,566,0,0,0,1.0,1,1.0,1,1.0,1,0.2815430505183702,49
818,0,1227,661,566,0,0,0,1.0,1,1.0,1,1.0,1,0.27750503519845177,49
819,0,1227,661,566,0,0,0,1.0,1,1.0,1,1.0,1,0.2763972909000534,50
820,2,1229,662,567,0,0,0,1.0,1,1.0,1,1.0,1,0.31020941098122357,49
821,2,1231,662,569,0,0,0,1.0,1,1.0,1,1.0,1,0.27280430487411045,49
822,1,1232,663,569,0,0,0,1.0,1,1.0,1,1.0,1,0.2750034257955729,49
823,4,1236,665,571,0,0,0,1.0,1,1.0,1,1.0,1,0.30332583798923596,47
824,5,1241,668,573,0,0,0,1.0,1,1.0,1,1.0,1,0.30737137633573736,45
825,5,1246,668,578,0,0,0,1.0,1,1.0,1,1.0,1,0.22177986253562001,43
826,1,1247,669,578,0,0,0,1.0,1,1.0,1,1.0,1,0.22627270299247787,44
827,3,1250,671,579,0,0,0,1.0,1,1.0,1,1.0,1,0.2143616674957312,43
828,2,1252,673,579,0,0,0,1.0,1,1.0,1,1.0,1,0.2375257989843926,43
829,2,1254,675,579,0,0,0,1.0,1,1.0,1,1.0,1,0.25461350655549353,45
830,1,1255,676,579,0,0,0,1.0,1,1.0,1,1.0,1,0.2599580251280675,46
831,4,1259,677,582,0,0,0,1.0,1,1.0,1,1.0,1,0.2515697081530027,48
832,2,1261,678,583,0,0,0,1.0,1,1.0,1,1.0,1,0.24108407134847265,47
833,3,1264,679,585,0,0,0,1.0,1,1.0,1,1.0,1,0.22187031694241005,47
834,0,1264,679,585,0,0,0,1.0,1,1.0,1,1.0,1,0.2284520705932408,46
835,0,1264,679,585,0,0,0,1.0,1,1.0,1,1.0,1,0.22673934286935762,45
836,1,1265,679,586,0,0,0,1.0,1,1.0,1,1.0,1,0.23260258605241627,46
837,1,1266,679,587,0,0,0,1.0,1,1.0,1,1.0,1,0.20257788769737187,46
838,0,1266,679,587,0,0,0,1.0,1,1.0,1,1.0,1,0.20554028876998792,45
839,2,1268,680,588,0,0,0,1.0,1,1.0,1,1.0,1,0.2071070343807872,46
840,2,1270,680,590,0,0,0,1.0,1,1.0,1,1.0,1,0.192806418490006,46
841,0,1270,680,590,0,0,0,1.0,1,1.0,1,1.0,1,0.192806418490006,46
842,0,1270,680,590,0,0,0,1.0,1,1.0,1,1.0,1,0.192806418490006,46
843,0,1270,680,590,0,0,0,1.0,1,1.0,1,1.0,1,0.192806418490006,46
844,2,1272,682,590,0,0,0,1.0,1,1.0,1,1.0,1,0.21796663055715185,47
845,5,1277,684,593,0,0,0,1.0,1,1.0,1,1.0,1,0.248856954619509,48
846,0,1277,684,593,0,0,0,1.0,1,1.0,1,1.0,1,0.23411999979632533,47
847,3,1280,684,596,0,0,0,1.0,1,1.0,1,1.0,1,0.21234781763618474,48
848,0,1280,684,596,0,0,0,1.0,1,1.0,1,1.0,1,0.23034379389836318,48
849,2,1282,685,597,0,0,0,1.0,1,1.0,1,1.0,1,0.26291018973603947,48
850,0,1282,685,597,0,0,0,1.0,1,1.0,1,1.0,1,0.2654957986959225,46
851,2,1284,685,599,0,0,0,1.0,1,1.0,1,1.0,1,0.2255263447092059,45
852,1,1285,686,599,0,0,0,1.0,1,1.0,1,1.0,1,0.25085421556274345,44
853,2,1287,687,600,0,0,0,1.0,1,1.0,1,1.0,1,0.23017602393988013,44
854,3,1290,689,601,0,0,0,1.0,1,1.0,1,1.0,1,0.23552876777462087,45
855,2,1292,689,603,0,0,0,1.0,1,1.0,1,1.0,1,0.20538122636891357,46
856,1,1293,690,603,0,0,0,1.0,1,1.0,1,1.0,1,0.19545804140410286,46
857,1,1294,690,604,0,0,0,1.0,1,1.0,1,1.0,1,0.1895481513424484,47
858,1,1295,691,604,0,0,0,1.0,1,1.0,1,1.0,1,0.19077845255332457,48
859,0,1295,691,604,0,0,0,1.0,1,1.0,1,1.0,1,0.19077845255332457,48
860,1,1296,691,605,0,0,0,1.0,1,1.0,1,1.0,1,0.17028317691809708,49
861,1,1297,692,605,0,0,0,1.0,1,1.0,1,1.0,1,0.18717422317925866,49
862,2,1299,694,605,0,0,0,1.0,1,1.0,1,1.0,1,0.1788762703008738,49
863,1,1300,695,605,0,0,0,1.0,1,1.0,1,1.0,1,0.208004820929302,48
864,3,1303,697,606,0,0,0,1.0,1,1.0,1,1.0,1,0.22929841084987207,49
865,3,1306,698,608,0,0,0,1.0,1,1.0,1,1.0,1,0.1521381803093652,48
866,0,1306,698,608,0,0,0,1.0,1,1.0,1,1.0,1,0.14788374878648386,50
867,1,1307,699,608,0,0,0,1.0,1,1.0,1,1.0,1,0.17932013031191243,50
868,1,1308,700,608,0,0,0,1.0,1,1.0,1,1.0,1,0.20772352179847117,51
869,1,1309,701,608,0,0,0,1.0,1,1.0,1,1.0,1,0.16397096053305338,49
870,2,1311,702,609,0,0,0,1.0,1,1.0,1,1.0,1,0.17504598091500745,49
871,4,1315,704,611,0,0,0,1.0,1,1.0,1,1.0,1,0.16810189051613286,49
872,1,1316,705,611,0,0,0,1.0,1,1.0,1,1.0,1,0.13923635514396746,48
873,3,1319,707,612,0,0,0,1.0,1,1.0,1,1.0,1,0.1710519842332307,49
874,3,1322,707,615,0,0,0,1.0,1,1.0,1,1.0,1,0.11205458973971644,49
875,1,1323,708,615,0,0,0,1.0,1,1.0,1,1.0,1,0.1466452110704823,50
876,2,1325,709,616,0,0,0,1.0,1,1.0,1,1.0,1,0.14745869034209055,50
877,4,1329,712,617,0,0,0,1.0,1,1.0,1,1.0,1,0.18638441650809975,50
878,2,1331,713,618,0,0,0,1.0,1,1.0,1,1.0,1,0.171848518404011,49
879,3,1334,715,619,0,0,0,1.0,1,1.0,1,1.0,1,0.20160357128171244,49
880,2,1336,716,620,0,0,0,1.0,1,1.0,1,1.0,1,0.214612358707437,48
881,6,1342,718,624,0,0,0,1.0,1,1.0,1,1.0,1,0.17735171981845488,49
882,0,1342,718,624,0,0,0,1.0,1,1.0,1,1.0,1,0.20001273301124572,48
883,3,1345,718,627,0,0,0,1.0,1,1.0,1,1.0,1,0.13845257624405702,50
884,1,1346,719,627,0,0,0,1.0,1,1.0,1,1.0,1,0.1557798025312392,50
885,1,1347,720,627,0,0,0,1.0,1,1.0,1,1.0,1,0.13605177688913522,49
886,0,1347,720,627,0,0,0,1.0,1,1.0,1,1.0,1,0.15562485576321494,49
887,0,1347,720,627,0,0,0,1.0,1,1.0,1,1.0,1,0.15474314313616686,49
888,0,1347,720,627,0,0,0,1.0,1,1.0,1,1.0,1,0.16550007530830324,47
889,1,1348,721,627,0,0,0,1.0,1,1.0,1,1.0,1,0.1912271635778714,46
890,0,1348,721,627,0,0,0,1.0,1,1.0,1,1.0,1,0.1799424884998966,44
891,1,1349,722,627,0,0,0,1.0,1,1.0,1,1.0,1,0.22250677608316188,45
892,2,1351,723,628,0,0,0,1.0,1,1.0,1,1.0,1,0.2360539803585376,45
893,0,1351,723,628,0,0,0,1.0,1,1.0,1,1.0,1,0.2360539803585376,45
894,0,1351,723,628,0,0,0,1.0,1,1.0,1,1.0,1,0.2175746531775383,44
895,1,1352,724,628,0,0,0,1.0,1,1.0,1,1.0,1,0.21595985496321793,45
896,2,1354,725,629,0,0,0,1.0,1,1.0,1,1.0,1,0.20267694343032555,44
897,0,1354,725,629,0,0,0,1.0,1,1.0,1,1.0,1,0.20267694343032555,44
898,2,1356,725,631,0,0,0,1.0,1,1.0,1,1.0,1,0.15008922015807785,45
899,0,1356,725,631,0,0,0,1.0,1,1.0,1,1.0,1,0.1700388606647842,44
900,1,1357,726,631,0,0,0,1.0,1,1.0,1,1.0,1,0.19991040534307214,46
901,2,1359,726,633,0,0,0,1.0,1,1.0,1,1.0,1,0.16718007874332147,45
902,2,1361,728,633,0,0,0,1.0,1,1.0,1,1.0,1,0.18978479898471667,45
903,6,1367,731,636,0,0,0,1.0,1,1.0,1,1.0,1,0.2084450391932193,44
904,1,1368,731,637,0,0,0,1.0,1,1.0,1,1.0,1,0.17315513403989616,45
905,2,1370,732,638,0,0,0,1.0,1,1.0,1,1.0,1,0.20265940470378171,45
906,2,1372,733,639,0,0,0,1.0,1,1.0,1,1.0,1,0.2234245170386823,45
907,2,1374,734,640,0,0,0,1.0,1,1.0,1,1.0,1,0.21612797666597272,46
908,3,1377,734,643,0,0,0,1.0,1,1.0,1,1.0,1,0.14635163641041612,46
909,4,1381,737,644,0,0,0,1.0,1,1.0,1,1.0,1,0.1643851342801703,46
910,0,1381,737,644,0,0,0,1.0,1,1.0,1,1.0,1,0.1861991178101895,44
911,1,1382,737,645,0,0,0,1.0,1,1.0,1,1.0,1,0.16686629711846734,45
912,0,1382,737,645,0,0,0,1.0,1,1.0,1,1.0,1,0.18431621876380463,44
913,1,1383,737,646,0,0,0,1.0,1,1.0,1,1.0,1,0.18913291461208284,45
914,2,1385,739,646,0,0,0,1.0,1,1.0,1,1.0,1,0.21513559259142997,45
915,0,1385,739,646,0,0,0,1.0,1,1.0,1,1.0,1,0.21513559259142997,45
916,1,1386,739,647,0,0,0,1.0,1,1.0,1,1.0,1,0.19906807551861277,45
917,2,1388,739,649,0,0,0,1.0,1,1.0,1,1.0,1,0.20224234062089155,46
918,0,1388,739,649,0,0,0,1.0,1,1.0,1,1.0,1,0.21234785975666842,47
919,1,1389,739,650,0,0,0,1.0,1,1.0,1,1.0,1,0.20110138484492046,47
920,0,1389,739,650,0,0,0,1.0,1,1.0,1,1.0,1,0.20110138484492046,47
921,2,1391,741,650,0,0,0,1.0,1,1.0,1,1.0,1,0.21341503773373152,49
922,2,1393,742,651,0,0,0,1.0,1,1.0,1,1.0,1,0.18684812101877762,49
923,1,1394,743,651,0,0,0,1.0,1,1.0,1,1.0,1,0.23976603526689147,47
924,2,1396,744,652,0,0,0,1.0,1,1.0,1,1.0,1,0.23231408127051628,47
925,3,1399,746,653,0,0,0,1.0,1,1.0,1,1.0,1,0.2888807457859206,47
926,8,1407,749,658,0,0,0,1.0,1,1.0,1,1.0,1,0.23000215828972612,46
927,0,1407,749,658,0,0,0,1.0,1,1.0,1,1.0,1,0.24849727502807434,45
928,0,1407,749,658,0,0,0,1.0,1,1.0,1,1.0,1,0.2457440557059735,43
929,0,1407,749,658,0,0,0,1.0,1,1.0,1,1.0,1,0.2676370942872702,42
930,0,1407,749,658,0,0,0,1.0,1,1.0,1,1.0,1,0.27571974714330677,41
931,4,1411,751,660,0,0,0,1.0,1,1.0,1,1.0,1,0.26352917123278424,40
932,1,1412,751,661,0,0,0,1.0,1,1.0,1,1.0,1,0.248267176738056,40
933,3,1415,753,662,0,0,0,1.0,1,1.0,1,1.0,1,0.2487765316030651,39
934,1,1416,754,662,0,0,0,1.0,1,1.0,1,1.0,1,0.2743938506942303,39
935,7,1423,756,667,0,0,0,1.0,1,1.0,1,1.0,1,0.2107108092714168,41
936,0,1423,756,667,0,0,0,1.0,1,1.0,1,1.0,1,0.18658456330494955,42
937,2,1425,757,668,0,0,0,1.0,1,1.0,1,1.0,1,0.20719024073062717,43
938,0,1425,757,668,0,0,0,1.0,1,1.0,1,1.0,1,0.22406129783646675,44
939,1,1426,757,669,0,0,0,1.0,1,1.0,1,1.0,1,0.237039343745446,46
940,0,1426,757,669,0,0,0,1.0,1,1.0,1,1.0,1,0.2571828949511116,46
941,0,1426,757,669,0,0,0,1.0,1,1.0,1,1.0,1,0.2571828949511116,46
942,2,1428,759,669,0,0,0,1.0,1,1.0,1,1.0,1,0.28974516100152464,46
943,1,1429,760,669,0,0,0,1.0,1,1.0,1,1.0,1,0.28051371764091454,45
944,3,1432,762,670,0,0,0,1.0,1,1.0,1,1.0,1,0.2615356686171724,45
945,3,1435,763,672,0,0,0,1.0,1,1.0,1,1.0,1,0.23036708361666006,44
946,5,1440,766,674,0,0,0,1.0,1,1.0,1,1.0,1,0.2656396669478372,46
947,1,1441,766,675,0,0,0,1.0,1,1.0,1,1.0,1,0.2219464062141721,44
948,1,1442,767,675,0,0,0,1.0,1,1.0,1,1.0,1,0.2514998721668591,44
949,3,1445,767,678,0,0,0,1.0,1,1.0,1,1.0,1,0.19568781207841815,44
950,1,1446,768,678,0,0,0,1.0,1,1.0,1,1.0,1,0.2163601063148513,43
951,1,1447,768,679,0,0,0,1.0,1,1.0,1,1.0,1,0.21101201088925997,42
952,1,1448,769,679,0,0,0,1.0,1,1.0,1,1.0,1,0.2517328507257833,42
953,0,1448,769,679,0,0,0,1.0,1,1.0,1,1.0,1,0.23708864901643162,41
954,1,1449,770,679,0,0,0,1.0,1,1.0,1,1.0,1,0.2637177152659548,40
955,2,1451,770,681,0,0,0,1.0,1,1.0,1,1.0,1,0.2295179410594374,42
956,2,1453,772,681,0,0,0,1.0,1,1.0,1,1.0,1,0.2262617797568157,43
957,1,1454,772,682,0,0,0,1.0,1,1.0,1,1.0,1,0.19766517296545968,42
958,0,1454,772,682,0,0,0,1.0,1,1.0,1,1.0,1,0.22123105610578084,43
959,3,1457,773,684,0,0,0,1.0,1,1.0,1,1.0,1,0.24974516179766929,45
960,1,1458,774,684,0,0,0,1.0,1,1.0,1,1.0,1,0.2804496178471179,47
961,1,1459,774,685,0,0,0,1.0,1,1.0,1,1.0,1,0.24421485087192227,45
962,2,1461,776,685,0,0,0,1.0,1,1.0,1,1.0,1,0.3008673836972101,45
963,1,1462,777,685,0,0,0,1.0,1,1.0,1,1.0,1,0.3227047466512273,44
964,2,1464,777,687,0,0,0,1.0,1,1.0,1,1.0,1,0.30516712034021165,44
965,1,1465,777,688,0,0,0,1.0,1,1.0,1,1.0,1,0.2842957393341401,45
966,1,1466,777,689,0,0,0,1.0,1,1.0,1,1.0,1,0.2644890637770062,43
967,1,1467,777,690,0,0,0,1.0,1,1.0,1,1.0,1,0.2524272088425194,43
968,0,1467,777,690,0,0,0,1.0,1,1.0,1,1.0,1,0.2480298753010563,43
969,2,1469,778,691,0,0,0,1.0,1,1.0,1,1.0,1,0.28110112001177623,42
970,0,1469,778,691,0,0,0,1.0,1,1.0,1,1.0,1,0.3168568130598996,42
971,0,1469,778,691,0,0,0,1.0,1,1.0,1,1.0,1,0.3168568130598996,42
972,1,1470,779,691,0,0,0,1.0,1,1.0,1,1.0,1,0.2989347075164908,42
973,1,1471,779,692,0,0,0,1.0,1,1.0,1,1.0,1,0.2953697768138723,43
974,3,1474,781,693,0,0,0,1.0,1,1.0,1,1.0,1,0.2949863204047954,43
975,2,1476,781,695,0,0,0,1.0,1,1.0,1,1.0,1,0.26996023239653616,43
976,0,1476,781,695,0,0,0,1.0,1,1.0,1,1.0,1,0.28750011039292295,45
977,2,1478,781,697,0,0,0,1.0,1,1.0,1,1.0,1,0.28182067271313743,44
978,1,1479,781,698,0,0,0,1.0,1,1.0,1,1.0,1,0.26386991806432597,44
979,2,1481,781,700,0,0,0,1.0,1,1.0,1,1.0,1,0.2695921287815685,45
980,2,1483,783,700,0,0,0,1.0,1,1.0,1,1.0,1,0.2876018090311181,45
981,1,1484,783,701,0,0,0,1.0,1,1.0,1,1.0,1,0.2665036813786938,45
982,2,1486,785,701,0,0,0,1.0,1,1.0,1,1.0,1,0.35139605551009956,46
983,4,1490,788,702,0,0,0,1.0,1,1.0,1,1.0,1,0.3334582859124662,45
984,0,1490,788,702,0,0,0,1.0,1,1.0,1,1.0,1,0.30723753357133465,45
985,5,1495,792,703,0,0,0,1.0,1,1.0,1,1.0,1,0.3630835906631354,45
986,2,1497,793,704,0,0,0,1.0,1,1.0,1,1.0,1,0.3620573454277632,44
987,5,1502,794,708,0,0,0,1.0,1,1.0,1,1.0,1,0.3413744160811308,45
988,4,1506,797,709,0,0,0,1.0,1,1.0,1,1.0,1,0.3710675982381091,44
989,2,1508,798,710,0,0,0,1.0,1,1.0,1,1.0,1,0.3640100632857688,43
990,1,1509,799,710,0,0,0,1.0,1,1.0,1,1.0,1,0.3719112738647318,42
991,0,1509,799,710,0,0,0,1.0,1,1.0,1,1.0,1,0.3536325416136275,42
992,0,1509,799,710,0,0,0,1.0,1,1.0,1,1.0,1,0.3441949377549991,43
993,1,1510,800,710,0,0,0,1.0,1,1.0,1,1.0,1,0.3695766032798246,43
994,2,1512,801,711,0,0,0,1.0,1,1.0,1,1.0,1,0.3901657261205435,43
995,1,1513,801,712,0,0,0,1.0,1,1.0,1,1.0,1,0.354029937127232,43
996,0,1513,801,712,0,0,0,1.0,1,1.0,1,1.0,1,0.3596926811888249,44
997,1,1514,801,713,0,0,0,1.0,1,1.0,1,1.0,1,0.34154399343503133,44
998,1,1515,801,714,0,0,0,1.0,1,1.0,1,1.0,1,0.34063122649058886,45
999,0,1515,801,714,0,0,0,1.0,1,1.0,1,1.0,1,0.3503581434038006,42
1000,0,1515,801,714,0,0,0,1.0,1,1.0,1,1.0,1,0.36346535374296507,43
1001,0,1515,801,714,0,0,0,1.0,1,1.0,1,1.0,1,0.39196638094965713,42
1002,1,1516,801,715,0,0,0,1.0,1,1.0,1,1.0,1,0.373746932941925,43
1003,0,1516,801,715,0,0,0,1.0,1,1.0,1,1.0,1,0.373746932941925,43
1004,0,1516,801,715,0,0,0,1.0,1,1.0,1,1.0,1,0.373746932941925,43
1005,0,1516,801,715,0,0,0,1.0,1,1.0,1,1.0,1,0.3804775849381269,44
1006,1,1517,801,716,0,0,0,1.0,1,1.0,1,1.0,1,0.36299916842454305,46
1007,3,1520,801,719,0,0,0,1.0,1,1.0,1,1.0,1,0.30608847994469424,46
1008,4,1524,801,723,0,0,0,1.0,1,1.0,1,1.0,1,0.2531460966432532,47
1009,2,1526,801,725,0,0,0,1.0,1,1.0,1,1.0,1,0.21497043570484725,48
1010,0,1526,801,725,0,0,0,1.0,1,1.0,1,1.0,1,0.21497043570484725,48
1011,1,1527,801,726,0,0,0,1.0,1,1.0,1,1.0,1,0.20098396772703447,48
1012,2,1529,803,726,0,0,0,1.0,1,1.0,1,1.0,1,0.20558578427268576,49
1013,0,1529,803,726,0,0,0,1.0,1,1.0,1,1.0,1,0.19795533602753773,50
1014,1,1530,804,726,0,0,0,1.0,1,1.0,1,1.0,1,0.2075300489597409,50
1015,2,1532,804,728,0,0,0,1.0,1,1.0,1,1.0,1,0.19966330236031607,51
1016,3,1535,805,730,0,0,0,1.0,1,1.0,1,1.0,1,0.1936339606091046,51
1017,2,1537,805,732,0,0,0,1.0,1,1.0,1,1.0,1,0.16939523381234747,52
1018,2,1539,805,734,0,0,0,1.0,1,1.0,1,1.0,1,0.1274918338771389,52
1019,0,1539,805,734,0,0,0,1.0,1,1.0,1,1.0,1,0.15482821322104262,52
1020,0,1539,805,734,0,0,0,1.0,1,1.0,1,1.0,1,0.1413121702349597,53
1021,1,1540,805,735,0,0,0,1.0,1,1.0,1,1.0,1,0.15175556909029644,53
1022,1,1541,805,736,0,0,0,1.0,1,1.0,1,1.0,1,0.1465590015634964,54
1023,1,1542,806,736,0,0,0,1.0,1,1.0,1,1.0,1,0.16956420802925143,55
1024,0,1542,806,736,0,0,0,1.0,1,1.0,1,1.0,1,0.16633082112608388,55
1025,0,1542,806,736,0,0,0,1.0,1,1.0,1,1.0,1,0.1593846246529337,56
1026,1,1543,807,736,0,0,0,1.0,1,1.0,1,1.0,1,0.2088420510623102,57
1027,2,1545,807,738,0,0,0,1.0,1,1.0,1,1.0,1,0.18798438310901094,58
1028,0,1545,807,738,0,0,0,1.0,1,1.0,1,1.0,1,0.18798438310901094,58
1029,2,1547,809,738,0,0,0,1.0,1,1.0,1,1.0,1,0.19605270035564548,59
1030,0,1547,809,738,0,0,0,1.0,1,1.0,1,1.0,1,0.2026053086977871,60
1031,0,1547,809,738,0,0,0,1.0,1,1.0,1,1.0,1,0.2026053086977871,60
1032,1,1548,810,738,0,0,0,1.0,1,1.0,1,1.0,1,0.23147231156017706,61
1033,5,1553,810,743,0,0,0,1.0,1,1.0,1,1.0,1,0.14322212749179783,60
1034,2,1555,812,743,0,0,0,1.0,1,1.0,1,1.0,1,0.16117426785557873,60
1035,2,1557,813,744,0,0,0,1.0,1,1.0,1,1.0,1,0.15234535986837408,59
1036,4,1561,816,745,0,0,0,1.0,1,1.0,1,1.0,1,0.18424189087427448,60
1037,4,1565,819,746,0,0,0,1.0,1,1.0,1,1.0,1,0.21965103773176448,59
1038,3,1568,821,747,0,0,0,1.0,1,1.0,1,1.0,1,0.21598409100140945,60
1039,4,1572,823,749,0,0,0,1.0,1,1.0,1,1.0,1,0.2470138156480526,60
1040,2,1574,825,749,0,0,0,1.0,1,1.0,1,1.0,1,0.27342353923752477,58
1041,5,1579,826,753,0,0,0,1.0,1,1.0,1,1.0,1,0.2047956259805006,56
1042,2,1581,827,754,0,0,0,1.0,1,1.0,1,1.0,1,0.20055775189160827,55
1043,2,1583,827,756,0,0,0,1.0,1,1.0,1,1.0,1,0.180869378124072,55
1044,1,1584,828,756,0,0,0,1.0,1,1.0,1,1.0,1,0.1846028940815622,52
1045,0,1584,828,756,0,0,0,1.0,1,1.0,1,1.0,1,0.16544423294019373,52
1046,2,1586,829,757,0,0,0,1.0,1,1.0,1,1.0,1,0.16634768025582944,53
1047,0,1586,829,757,0,0,0,1.0,1,1.0,1,1.0,1,0.15889337381127222,54
1048,2,1588,830,758,0,0,0,1.0,1,1.0,1,1.0,1,0.1762801491132103,56
1049,2,1590,832,758,0,0,0,1.0,1,1.0,1,1.0,1,0.18490498574247405,55
1050,0,1590,832,758,0,0,0,1.0,1,1.0,1,1.0,1,0.18890400263996646,56
1051,2,1592,833,759,0,0,0,1.0,1,1.0,1,1.0,1,0.1541787789161001,55
1052,0,1592,833,759,0,0,0,1.0,1,1.0,1,1.0,1,0.17190830395799642,56
1053,4,1596,834,762,0,0,0,1.0,1,1.0,1,1.0,1,0.13833962769805042,56
1054,1,1597,834,763,0,0,0,1.0,1,1.0,1,1.0,1,0.10574091651581698,57
1055,2,1599,835,764,0,0,0,1.0,1,1.0,1,1.0,1,0.10719488442699099,58
1056,0,1599,835,764,0,0,0,1.0,1,1.0,1,1.0,1,0.11950768716680585,59
1057,3,1602,836,766,0,0,0,1.0,1,1.0,1,1.0,1,0.11373106479924323,60
1058,3,1605,837,768,0,0,0,1.0,1,1.0,1,1.0,1,0.11923836459553419,60
1059,1,1606,838,768,0,0,0,1.0,1,1.0,1,1.0,1,0.12411915018811842,60
1060,2,1608,839,769,0,0,0,1.0,1,1.0,1,1.0,1,0.13853075814437513,60
1061,2,1610,841,769,0,0,0,1.0,1,1.0,1,1.0,1,0.1339717362728388,59
1062,1,1611,842,769,0,0,0,1.0,1,1.0,1,1.0,1,0.15528235418320416,59
1063,3,1614,845,769,0,0,0,1.0,1,1.0,1,1.0,1,0.1547791425312225,58
1064,4,1618,847,771,0,0,0,1.0,1,1.0,1,1.0,1,0.20408438195328407,58
1065,3,1621,849,772,0,0,0,1.0,1,1.0,1,1.0,1,0.1815245123736808,60
1066,3,1624,850,774,0,0,0,1.0,1,1.0,1,1.0,1,0.187745146879731,58
1067,1,1625,851,774,0,0,0,1.0,1,1.0,1,1.0,1,0.21910063622722872,59
1068,0,1625,851,774,0,0,0,1.0,1,1.0,1,1.0,1,0.21910063622722872,59
1069,2,1627,851,776,0,0,0,1.0,1,1.0,1,1.0,1,0.23158139300039723,58
1070,4,1631,853,778,0,0,0,1.0,1,1.0,1,1.0,1,0.21286316690174012,58
1071,2,1633,855,778,0,0,0,1.0,1,1.0,1,1.0,1,0.21802526497314959,57
1072,2,1635,855,780,0,0,0,1.0,1,1.0,1,1.0,1,0.17788681364313697,56
1073,0,1635,855,780,0,0,0,1.0,1,1.0,1,1.0,1,0.20086202859660734,54
1074,0,1635,855,780,0,0,0,1.0,1,1.0,1,1.0,1,0.20086202859660734,54
1075,0,1635,855,780,0,0,0,1.0,1,1.0,1,1.0,1,0.19210355922490766,51
1076,0,1635,855,780,0,0,0,1.0,1,1.0,1,1.0,1,0.2036059687066139,51
1077,2,1637,856,781,0,0,0,1.0,1,1.0,1,1.0,1,0.18438651168108147,51
1078,3,1640,857,783,0,0,0,1.0,1,1.0,1,1.0,1,0.21816752622269983,52
1079,4,1644,859,785,0,0,0,1.0,1,1.0,1,1.0,1,0.20779803680610265,51
1080,3,1647,862,785,0,0,0,1.0,1,1.0,1,1.0,1,0.25807295247128115,51
1081,3,1650,863,787,0,0,0,1.0,1,1.0,1,1.0,1,0.27377116854016303,48
1082,1,1651,864,787,0,0,0,1.0,1,1.0,1,1.0,1,0.287696586583042,47
1083,2,1653,865,788,0,0,0,1.0,1,1.0,1,1.0,1,0.3223836238242755,46
1084,0,1653,865,788,0,0,0,1.0,1,1.0,1,1.0,1,0.31241629625588935,45
1085,1,1654,865,789,0,0,0,1.0,1,1.0,1,1.0,1,0.28850986301329995,46
1086,1,1655,865,790,0,0,0,1.0,1,1.0,1,1.0,1,0.26258508867145136,45
1087,0,1655,865,790,0,0,0,1.0,1,1.0,1,1.0,1,0.2884724629332464,44
1088,2,1657,865,792,0,0,0,1.0,1,1.0,1,1.0,1,0.26838295276332713,45
1089,2,1659,866,793,0,0,0,1.0,1,1.0,1,1.0,1,0.2618745319965707,46
1090,0,1659,866,793,0,0,0,1.0,1,1.0,1,1.0,1,0.26130342909046506,47
1091,1,1660,867,793,0,0,0,1.0,1,1.0,1,1.0,1,0.2685987802947005,47
1092,1,1661,867,794,0,0,0,1.0,1,1.0,1,1.0,1,0.2455080949099427,48
1093,1,1662,868,794,0,0,0,1.0,1,1.0,1,1.0,1,0.25593358412269446,48
1094,2,1664,870,794,0,0,0,1.0,1,1.0,1,1.0,1,0.2907229503402013,48
1095,3,1667,871,796,0,0,0,1.0,1,1.0,1,1.0,1,0.2619175823920276,49
1096,0,1667,871,796,0,0,0,1.0,1,1.0,1,1.0,1,0.2619175823920276,49
1097,2,1669,873,796,0,0,0,1.0,1,1.0,1,1.0,1,0.27013102569679004,50
1098,1,1670,873,797,0,0,0,1.0,1,1.0,1,1.0,1,0.2703032877434689,51
1099,3,1673,873,800,0,0,0,1.0,1,1.0,1,1.0,1,0.21154964832460332,54
1100,1,1674,874,800,0,0,0,1.0,1,1.0,1,1.0,1,0.19925022949555898,54
1101,2,1676,875,801,0,0,0,1.0,1,1.0,1,1.0,1,0.15765798628633204,54
1102,4,1680,878,802,0,0,0,1.0,1,1.0,1,1.0,1,0.19021551340130574,54
1103,4,1684,879,805,0,0,0,1.0,1,1.0,1,1.0,1,0.16571302965390375,53
1104,2,1686,881,805,0,0,0,1.0,1,1.0,1,1.0,1,0.1733799585867149,53
1105,3,1689,882,807,0,0,0,1.0,1,1.0,1,1.0,1,0.1362325688496667,52
1106,0,1689,882,807,0,0,0,1.0,1,1.0,1,1.0,1,0.1482151628098253,52
1107,4,1693,884,809,0,0,0,1.0,1,1.0,1,1.0,1,0.17631182730291628,52
1108,2,1695,886,809,0,0,0,1.0,1,1.0,1,1.0,1,0.21031682696921306,51
1109,3,1698,889,809,0,0,0,1.0,1,1.0,1,1.0,1,0.22593213851898483,49
1110,1,1699,890,809,0,0,0,1.0,1,1.0,1,1.0,1,0.24659841065931112,48
1111,4,1703,892,811,0,0,0,1.0,1,1.0,1,1.0,1,0.28310285935750623,47
1112,1,1704,893,811,0,0,0,1.0,1,1.0,1,1.0,1,0.3151038096489679,46
1113,2,1706,894,812,0,0,0,1.0,1,1.0,1,1.0,1,0.32532916517445326,43
1114,0,1706,894,812,0,0,0,1.0,1,1.0,1,1.0,1,0.34977245644904237,41
1115,3,1709,896,813,0,0,0,1.0,1,1.0,1,1.0,1,0.3237349398509128,40
1116,4,1713,897,816,0,0,0,1.0,1,1.0,1,1.0,1,0.282327184029278,39
1117,4,1717,900,817,0,0,0,1.0,1,1.0,1,1.0,1,0.329030394179315,40
1118,3,1720,901,819,0,0,0,1.0,1,1.0,1,1.0,1,0.2903966452003409,40
1119,3,1723,901,822,0,0,0,1.0,1,1.0,1,1.0,1,0.21645030009959534,40
1120,0,1723,901,822,0,0,0,1.0,1,1.0,1,1.0,1,0.21645030009959534,40
1121,1,1724,902,822,0,0,0,1.0,1,1.0,1,1.0,1,0.23248927240585984,40
1122,0,1724,902,822,0,0,0,1.0,1,1.0,1,1.0,1,0.23540665687690218,41
1123,1,1725,903,822,0,0,0,1.0,1,1.0,1,1.0,1,0.2566448796709339,41
1124,1,1726,903,823,0,0,0,1.0,1,1.0,1,1.0,1,0.2504510307524286,41
1125,1,1727,904,823,0,0,0,1.0,1,1.0,1,1.0,1,0.3180111945795019,41
1126,1,1728,905,823,0,0,0,1.0,1,1.0,1,1.0,1,0.2785009373317257,41
1127,1,1729,905,824,0,0,0,1.0,1,1.0,1,1.0,1,0.26155283076723873,41
1128,0,1729,905,824,0,0,0,1.0,1,1.0,1,1.0,1,0.27924240680871365,42
1129,2,1731,906,825,0,0,0,1.0,1,1.0,1,1.0,1,0.2797574827317825,42
1130,1,1732,906,826,0,0,0,1.0,1,1.0,1,1.0,1,0.26410873664564427,42
1131,1,1733,907,826,0,0,0,1.0,1,1.0,1,1.0,1,0.23992409608022014,42
1132,1,1734,907,827,0,0,0,1.0,1,1.0,1,1.0,1,0.19378309148863854,43
1133,1,1735,907,828,0,0,0,1.0,1,1.0,1,1.0,1,0.18671940431256961,45
1134,3,1738,907,831,0,0,0,1.0,1,1.0,1,1.0,1,0.13983815759942952,46
1135,0,1738,907,831,0,0,0,1.0,1,1.0,1,1.0,1,0.1549462647370039,45
1136,0,1738,907,831,0,0,0,1.0,1,1.0,1,1.0,1,0.1805830875336336,48
1137,2,1740,907,833,0,0,0,1.0,1,1.0,1,1.0,1,0.17623444844339056,49
1138,0,1740,907,833,0,0,0,1.0,1,1.0,1,1.0,1,0.17623444844339056,49
1139,1,1741,907,834,0,0,0,1.0,1,1.0,1,1.0,1,0.1968761306409933,49
1140,3,1744,910,834,0,0,0,1.0,1,1.0,1,1.0,1,0.2367198537164441,49
1141,7,1751,911,840,0,0,0,1.0,1,1.0,1,1.0,1,0.1793291315084908,48
1142,2,1753,913,840,0,0,0,1.0,1,1.0,1,1.0,1,0.2095131190748074,48
1143,8,1761,917,844,0,0,0,1.0,1,1.0,1,1.0,1,0.17629734061719113,48
1144,0,1761,917,844,0,0,0,1.0,1,1.0,1,1.0,1,0.15815297595025482,48
1145,3,1764,917,847,0,0,0,1.0,1,1.0,1,1.0,1,0.14368929257303165,48
1146,3,1767,920,847,0,0,0,1.0,1,1.0,1,1.0,1,0.17651907986308243,48
1147,3,1770,921,849,0,0,0,1.0,1,1.0,1,1.0,1,0.1790271882792186,46
1148,2,1772,923,849,0,0,0,1.0,1,1.0,1,1.0,1,0.18359333900492308,46
1149,2,1774,924,850,0,0,0,1.0,1,1.0,1,1.0,1,0.23073221402820726,45
1150,1,1775,925,850,0,0,0,1.0,1,1.0,1,1.0,1,0.24976347744376043,46
1151,3,1778,927,851,0,0,0,1.0,1,1.0,1,1.0,1,0.2521550786019685,44
1152,2,1780,927,853,0,0,0,1.0,1,1.0,1,1.0,1,0.18089417429441015,44
1153,2,1782,929,853,0,0,0,1.0,1,1.0,1,1.0,1,0.20949009038782848,43
1154,2,1784,930,854,0,0,0,1.0,1,1.0,1,1.0,1,0.20399825019159845,43
1155,5,1789,932,857,0,0,0,1.0,1,1.0,1,1.0,1,0.17668121070709716,43
1156,0,1789,932,857,0,0,0,1.0,1,1.0,1,1.0,1,0.16064751049702736,42
1157,1,1790,933,857,0,0,0,1.0,1,1.0,1,1.0,1,0.1987401879838138,42
1158,0,1790,933,857,0,0,0,1.0,1,1.0,1,1.0,1,0.1877389361211679,41
1159,0,1790,933,857,0,0,0,1.0,1,1.0,1,1.0,1,0.18945472274473676,41
1160,0,1790,933,857,0,0,0,1.0,1,1.0,1,1.0,1,0.18945472274473676,41
1161,0,1790,933,857,0,0,0,1.0,1,1.0,1,1.0,1,0.19604031363493005,42
1162,1,1791,933,858,0,0,0,1.0,1,1.0,1,1.0,1,0.1977371166488181,43
1163,0,1791,933,858,0,0,0,1.0,1,1.0,1,1.0,1,0.1977371166488181,43
1164,0,1791,933,858,0,0,0,1.0,1,1.0,1,1.0,1,0.1839591575841525,44
1165,0,1791,933,858,0,0,0,1.0,1,1.0,1,1.0,1,0.1839591575841525,44
1166,0,1791,933,858,0,0,0,1.0,1,1.0,1,1.0,1,0.2181306399465691,46
1167,1,1792,934,858,0,0,0,1.0,1,1.0,1,1.0,1,0.21609144781514503,46
1168,1,1793,934,859,0,0,0,1.0,1,1.0,1,1.0,1,0.2006891048729101,47
1169,3,1796,935,861,0,0,0,1.0,1,1.0,1,1.0,1,0.15108719587763098,46
1170,0,1796,935,861,0,0,0,1.0,1,1.0,1,1.0,1,0.16925134666372316,48
1171,2,1798,937,861,0,0,0,1.0,1,1.0,1,1.0,1,0.18857362682579723,49
1172,0,1798,937,861,0,0,0,1.0,1,1.0,1,1.0,1,0.18857362682579723,49
1173,0,1798,937,861,0,0,0,1.0,1,1.0,1,1.0,1,0.18857362682579723,49
1174,1,1799,938,861,0,0,0,1.0,1,1.0,1,1.0,1,0.2042844307439191,49
1175,1,1800,938,862,0,0,0,1.0,1,1.0,1,1.0,1,0.20650700168719624,50
1176,5,1805,939,866,0,0,0,1.0,1,1.0,1,1.0,1,0.13739136483502115,52
1177,2,1807,941,866,0,0,0,1.0,1,1.0,1,1.0,1,0.17127275502573777,52
1178,0,1807,941,866,0,0,0,1.0,1,1.0,1,1.0,1,0.17127275502573777,52
1179,0,1807,941,866,0,0,0,1.0,1,1.0,1,1.0,1,0.1535929900106452,53
1180,0,1807,941,866,0,0,0,1.0,1,1.0,1,1.0,1,0.15358577555786934,54
1181,1,1808,941,867,0,0,0,1.0,1,1.0,1,1.0,1,0.15082734489237878,55
1182,2,1810,943,867,0,0,0,1.0,1,1.0,1,1.0,1,0.17814981298440064,55
1183,2,1812,944,868,0,0,0,1.0,1,1.0,1,1.0,1,0.18512115250695746,53
1184,1,1813,945,868,0,0,0,1.0,1,1.0,1,1.0,1,0.19509383628195182,54
1185,0,1813,945,868,0,0,0,1.0,1,1.0,1,1.0,1,0.18661398699593815,53
1186,2,1815,946,869,0,0,0,1.0,1,1.0,1,1.0,1,0.23149247407207038,54
1187,4,1819,947,872,0,0,0,1.0,1,1.0,1,1.0,1,0.22860401748167913,55
1188,0,1819,947,872,0,0,0,1.0,1,1.0,1,1.0,1,0.22860401748167913,55
1189,2,1821,948,873,0,0,0,1.0,1,1.0,1,1.0,1,0.2282548781344085,54
1190,2,1823,949,874,0,0,0,1.0,1,1.0,1,1.0,1,0.22204560998912962,55
1191,2,1825,949,876,0,0,0,1.0,1,1.0,1,1.0,1,0.16029158918622735,54
1192,3,1828,950,878,0,0,0,1.0,1,1.0,1,1.0,1,0.12398644774100294,52
1193,0,1828,950,878,0,0,0,1.0,1,1.0,1,1.0,1,0.12918198521590285,53
1194,1,1829,951,878,0,0,0,1.0,1,1.0,1,1.0,1,0.16578493881249728,53
1195,1,1830,951,879,0,0,0,1.0,1,1.0,1,1.0,1,0.1459976528768932,54
1196,1,1831,952,879,0,0,0,1.0,1,1.0,1,1.0,1,0.16077872466041124,56
1197,3,1834,954,880,0,0,0,1.0,1,1.0,1,1.0,1,0.14784090381520948,56
1198,3,1837,955,882,0,0,0,1.0,1,1.0,1,1.0,1,0.13123200692989198,58
1199,1,1838,956,882,0,0,0,1.0,1,1.0,1,1.0,1,0.149907717965762,58
1200,1,1839,956,883,0,0,0,1.0,1,1.0,1,1.0,1,0.13279704281540194,58
1201,2,1841,958,883,0,0,0,1.0,1,1.0,1,1.0,1,0.1650434038740334,58
1202,0,1841,958,883,0,0,0,1.0,1,1.0,1,1.0,1,0.15231021459927405,60
1203,1,1842,958,884,0,0,0,1.0,1,1.0,1,1.0,1,0.14578663492063443,58
1204,1,1843,959,884,0,0,0,1.0,1,1.0,1,1.0,1,0.166647526097827,59
1205,1,1844,960,884,0,0,0,1.0,1,1.0,1,1.0,1,0.18036576722782455,59
1206,0,1844,960,884,0,0,0,1.0,1,1.0,1,1.0,1,0.20041684187867292,58
1207,0,1844,960,884,0,0,0,1.0,1,1.0,1,1.0,1,0.20493370555119358,60
1208,1,1845,960,885,0,0,0,1.0,1,1.0,1,1.0,1,0.19973333725452397,60
1209,0,1845,960,885,0,0,0,1.0,1,1.0,1,1.0,1,0.20910537560256323,61
1210,0,1845,960,885,0,0,0,1.0,1,1.0,1,1.0,1,0.20910537560256323,61
1211,1,1846,960,886,0,0,0,1.0,1,1.0,1,1.0,1,0.18610553413508296,63
1212,0,1846,960,886,0,0,0,1.0,1,1.0,1,1.0,1,0.18610553413508296,63
1213,1,1847,961,886,0,0,0,1.0,1,1.0,1,1.0,1,0.1922030788613736,63
1214,2,1849,962,887,0,0,0,1.0,1,1.0,1,1.0,1,0.23748123098170262,62
1215,3,1852,962,890,0,0,0,1.0,1,1.0,1,1.0,1,0.20191613961632401,63
1216,1,1853,963,890,0,0,0,1.0,1,1.0,1,1.0,1,0.25779240354325894,64
1217,4,1857,963,894,0,0,0,1.0,1,1.0,1,1.0,1,0.22770052630754825,65
1218,1,1858,964,894,0,0,0,1.0,1,1.0,1,1.0,1,0.23981908066867716,64
1219,2,1860,964,896,0,0,0,1.0,1,1.0,1,1.0,1,0.22922603711617506,65
1220,2,1862,964,898,0,0,0,1.0,1,1.0,1,1.0,1,0.21573266086748577,64
1221,3,1865,965,900,0,0,0,1.0,1,1.0,1,1.0,1,0.20892215312963694,65
1222,3,1868,967,901,0,0,0,1.0,1,1.0,1,1.0,1,0.21068367147457737,66
1223,3,1871,967,904,0,0,0,1.0,1,1.0,1,1.0,1,0.15856801032117138,64
1224,4,1875,969,906,0,0,0,1.0,1,1.0,1,1.0,1,0.1649226194166612,66
1225,3,1878,971,907,0,0,0,1.0,1,1.0,1,1.0,1,0.1721777019556935,66
1226,3,1881,971,910,0,0,0,1.0,1,1.0,1,1.0,1,0.16322085054603383,68
1227,2,1883,972,911,0,0,0,1.0,1,1.0,1,1.0,1,0.1417366446993667,64
1228,1,1884,973,911,0,0,0,1.0,1,1.0,1,1.0,1,0.17174141548409763,62
1229,2,1886,974,912,0,0,0,1.0,1,1.0,1,1.0,1,0.15965675347240843,61
1230,2,1888,976,912,0,0,0,1.0,1,1.0,1,1.0,1,0.188277408780601,58
1231,4,1892,977,915,0,0,0,1.0,1,1.0,1,1.0,1,0.1351639176268495,57
1232,1,1893,978,915,0,0,0,1.0,1,1.0,1,1.0,1,0.18848396123935018,53
1233,2,1895,980,915,0,0,0,1.0,1,1.0,1,1.0,1,0.20054650007768374,53
1234,2,1897,980,917,0,0,0,1.0,1,1.0,1,1.0,1,0.1683986633175483,54
1235,0,1897,980,917,0,0,0,1.0,1,1.0,1,1.0,1,0.1964660248198612,55
1236,1,1898,981,917,0,0,0,1.0,1,1.0,1,1.0,1,0.2319957031252413,55
1237,2,1900,982,918,0,0,0,1.0,1,1.0,1,1.0,1,0.21666736421005084,55
1238,2,1902,983,919,0,0,0,1.0,1,1.0,1,1.0,1,0.2147615212994117,54
1239,4,1906,983,923,0,0,0,1.0,1,1.0,1,1.0,1,0.1582928586127069,55
1240,0,1906,983,923,0,0,0,1.0,1,1.0,1,1.0,1,0.1582928586127069,55
1241,0,1906,983,923,0,0,0,1.0,1,1.0,1,1.0,1,0.14607903053193075,54
1242,0,1906,983,923,0,0,0,1.0,1,1.0,1,1.0,1,0.15085054505203313,54
1243,0,1906,983,923,0,0,0,1.0,1,1.0,1,1.0,1,0.1558433414236291,55
1244,1,1907,983,924,0,0,0,1.0,1,1.0,1,1.0,1,0.1592809208295887,55
1245,1,1908,984,924,0,0,0,1.0,1,1.0,1,1.0,1,0.16462156570106906,55
1246,1,1909,985,924,0,0,0,1.0,1,1.0,1,1.0,1,0.21691411432834665,55
1247,5,1914,988,926,0,0,0,1.0,1,1.0,1,1.0,1,0.24867152036606574,57
1248,0,1914,988,926,0,0,0,1.0,1,1.0,1,1.0,1,0.25759258163624066,56
1249,6,1920,992,928,0,0,0,1.0,1,1.0,1,1.0,1,0.25088702262177964,56
1250,4,1924,996,928,0,0,0,1.0,1,1.0,1,1.0,1,0.24653765603904998,56
1251,6,1930,996,934,0,0,0,1.0,1,1.0,1,1.0,1,0.18361971917196876,58
1252,1,1931,996,935,0,0,0,1.0,1,1.0,1,1.0,1,0.163632353031405,58
1253,3,1934,998,936,0,0,0,1.0,1,1.0,1,1.0,1,0.17810671893101498,58
1254,0,1934,998,936,0,0,0,1.0,1,1.0,1,1.0,1,0.16553927005549268,60
1255,0,1934,998,936,0,0,0,1.0,1,1.0,1,1.0,1,0.17574015147786662,61
1256,0,1934,998,936,0,0,0,1.0,1,1.0,1,1.0,1,0.17574015147786662,61
1257,2,1936,999,937,0,0,0,1.0,1,1.0,1,1.0,1,0.20549304390928416,62
1258,0,1936,999,937,0,0,0,1.0,1,1.0,1,1.0,1,0.21082846716815998,63
1259,0,1936,999,937,0,0,0,1.0,1,1.0,1,1.0,1,0.21082846716815998,63
1260,1,1937,999,938,0,0,0,1.0,1,1.0,1,1.0,1,0.21202155024687325,63
1261,2,1939,999,940,0,0,0,1.0,1,1.0,1,1.0,1,0.17976376225823557,63
1262,2,1941,1000,941,0,0,0,1.0,1,1.0,1,1.0,1,0.18953258224392125,64
1263,2,1943,1001,942,0,0,0,1.0,1,1.0,1,1.0,1,0.1825250091488946,63
1264,3,1946,1003,943,0,0,0,1.0,1,1.0,1,1.0,1,0.1882281117271079,63
1265,5,1951,1006,945,0,0,0,1.0,1,1.0,1,1.0,1,0.21121302202817466,60
1266,8,1959,1008,951,0,0,0,1.0,1,1.0,1,1.0,1,0.15801941281712828,61
1267,1,1960,1009,951,0,0,0,1.0,1,1.0,1,1.0,1,0.14670925812386285,58
1268,2,1962,1011,951,0,0,0,1.0,1,1.0,1,1.0,1,0.20944515363120614,54
1269,3,1965,1012,953,0,0,0,1.0,1,1.0,1,1.0,1,0.1811908825929514,54
1270,1,1966,1013,953,0,0,0,1.0,1,1.0,1,1.0,1,0.1769566919921453,51
1271,3,1969,1014,955,0,0,0,1.0,1,1.0,1,1.0,1,0.18586786325932927,50
1272,1,1970,1015,955,0,0,0,1.0,1,1.0,1,1.0,1,0.20942202169740917,47
1273,3,1973,1016,957,0,0,0,1.0,1,1.0,1,1.0,1,0.21037520468177529,47
1274,2,1975,1017,958,0,0,0,1.0,1,1.0,1,1.0,1,0.22486244219135965,49
1275,4,1979,1017,962,0,0,0,1.0,1,1.0,1,1.0,1,0.13750017350245292,48
1276,3,1982,1020,962,0,0,0,1.0,1,1.0,1,1.0,1,0.1663711174437856,49
1277,6,1988,1024,964,0,0,0,1.0,1,1.0,1,1.0,1,0.20109622609840613,50
1278,0,1988,1024,964,0,0,0,1.0,1,1.0,1,1.0,1,0.21831776775201436,51
1279,1,1989,1024,965,0,0,0,1.0,1,1.0,1,1.0,1,0.19729730682693036,51
1280,0,1989,1024,965,0,0,0,1.0,1,1.0,1,1.0,1,0.17343117873042244,52
1281,0,1989,1024,965,0,0,0,1.0,1,1.0,1,1.0,1,0.17343117873042244,52
1282,1,1990,1025,965,0,0,0,1.0,1,1.0,1,1.0,1,0.18937730794749397,52
1283,1,1991,1025,966,0,0,0,1.0,1,1.0,1,1.0,1,0.17632185161872604,52
1284,1,1992,1026,966,0,0,0,1.0,1,1.0,1,1.0,1,0.182663569208183,52
1285,1,1993,1026,967,0,0,0,1.0,1,1.0,1,1.0,1,0.18890200253125972,51
1286,1,1994,1026,968,0,0,0,1.0,1,1.0,1,1.0,1,0.19963358620497454,52
1287,5,1999,1027,972,0,0,0,1.0,1,1.0,1,1.0,1,0.16426620365018268,54
1288,1,2000,1027,973,0,0,0,1.0,1,1.0,1,1.0,1,0.13888410652047736,55
1289,0,2000,1027,973,0,0,0,1.0,1,1.0,1,1.0,1,0.13614184886820416,56
1290,0,2000,1027,973,0,0,0,1.0,1,1.0,1,1.0,1,0.11948826315642581,57
1291,1,2001,1027,974,0,0,0,1.0,1,1.0,1,1.0,1,0.13230919642481528,58
1292,1,2002,1028,974,0,0,0,1.0,1,1.0,1,1.0,1,0.12994184748023416,59
1293,0,2002,1028,974,0,0,0,1.0,1,1.0,1,1.0,1,0.12994184748023416,59
1294,2,2004,1030,974,0,0,0,1.0,1,1.0,1,1.0,1,0.15672402202905183,59
1295,1,2005,1031,974,0,0,0,1.0,1,1.0,1,1.0,1,0.17979815943122496,59
1296,0,2005,1031,974,0,0,0,1.0,1,1.0,1,1.0,1,0.18884419985109993,59
1297,5,2010,1032,978,0,0,0,1.0,1,1.0,1,1.0,1,0.14487942104200852,61
1298,0,2010,1032,978,0,0,0,1.0,1,1.0,1,1.0,1,0.15192337812536505,61
1299,1,2011,1032,979,0,0,0,1.0,1,1.0,1,1.0,1,0.13244568693917874,60
1300,0,2011,1032,979,0,0,0,1.0,1,1.0,1,1.0,1,0.13428737345798877,59
1301,2,2013,1033,980,0,0,0,1.0,1,1.0,1,1.0,1,0.1625311612828018,59
1302,5,2018,1037,981,0,0,0,1.0,1,1.0,1,1.0,1,0.1565648051066686,59
1303,5,2023,1041,982,0,0,0,1.0,1,1.0,1,1.0,1,0.23495243547596673,55
1304,7,2030,1047,983,0,0,0,1.0,1,1.0,1,1.0,1,0.2292647174193349,56
1305,6,2036,1048,988,0,0,0,1.0,1,1.0,1,1.0,1,0.1762992950270412,54
1306,2,2038,1049,989,0,0,0,1.0,1,1.0,1,1.0,1,0.16238026914881817,53
1307,3,2041,1052,989,0,0,0,1.0,1,1.0,1,1.0,1,0.17265703687166314,52
1308,2,2043,1053,990,0,0,0,1.0,1,1.0,1,1.0,1,0.18190936589850265,52
1309,3,2046,1055,991,0,0,0,1.0,1,1.0,1,1.0,1,0.186954395138007,54
1310,1,2047,1056,991,0,0,0,1.0,1,1.0,1,1.0,1,0.19654068657618767,52
1311,2,2049,1058,991,0,0,0,1.0,1,1.0,1,1.0,1,0.18840074314291408,51
1312,1,2050,1059,991,0,0,0,1.0,1,1.0,1,1.0,1,0.21808893547307112,49
1313,0,2050,1059,991,0,0,0,1.0,1,1.0,1,1.0,1,0.19683036712882687,47
1314,1,2051,1060,991,0,0,0,1.0,1,1.0,1,1.0,1,0.19925538200501225,46
1315,0,2051,1060,991,0,0,0,1.0,1,1.0,1,1.0,1,0.20416968835239818,45
1316,2,2053,1061,992,0,0,0,1.0,1,1.0,1,1.0,1,0.16778135735265867,46
1317,0,2053,1061,992,0,0,0,1.0,1,1.0,1,1.0,1,0.18246234172617418,45
1318,4,2057,1064,993,0,0,0,1.0,1,1.0,1,1.0,1,0.21633654569142668,46
1319,0,2057,1064,993,0,0,0,1.0,1,1.0,1,1.0,1,0.21633654569142668,46
1320,0,2057,1064,993,0,0,0,1.0,1,1.0,1,1.0,1,0.21633654569142668,46
1321,0,2057,1064,993,0,0,0,1.0,1,1.0,1,1.0,1,0.20413154478223428,48
1322,0,2057,1064,993,0,0,0,1.0,1,1.0,1,1.0,1,0.21906122252964888,49
1323,1,2058,1064,994,0,0,0,1.0,1,1.0,1,1.0,1,0.22845299969792945,49
1324,1,2059,1064,995,0,0,0,1.0,1,1.0,1,1.0,1,0.22963177358917122,50
1325,2,2061,1064,997,0,0,0,1.0,1,1.0,1,1.0,1,0.20988081132509692,49
1326,3,2064,1066,998,0,0,0,1.0,1,1.0,1,1.0,1,0.25649432849902354,50
1327,3,2067,1067,1000,0,0,0,1.0,1,1.0,1,1.0,1,0.25274983741368945,50
1328,0,2067,1067,1000,0,0,0,1.0,1,1.0,1,1.0,1,0.27164463730595717,49
1329,1,2068,1067,1001,0,0,0,1.0,1,1.0,1,1.0,1,0.26150333050768315,50
1330,0,2068,1067,1001,0,0,0,1.0,1,1.0,1,1.0,1,0.26150333050768315,50
1331,4,2072,1068,1004,0,0,0,1.0,1,1.0,1,1.0,1,0.2343641966594804,50
1332,2,2074,1070,1004,0,0,0,1.0,1,1.0,1,1.0,1,0.22191882483875003,51
1333,0,2074,1070,1004,0,0,0,1.0,1,1.0,1,1.0,1,0.22760952746452395,52
1334,5,2079,1070,1009,0,0,0,1.0,1,1.0,1,1.0,1,0.1835040505313155,54
1335,1,2080,1070,1010,0,0,0,1.0,1,1.0,1,1.0,1,0.16859865967357443,54
1336,1,2081,1070,1011,0,0,0,1.0,1,1.0,1,1.0,1,0.16139478960851708,56
1337,5,2086,1072,1014,0,0,0,1.0,1,1.0,1,1.0,1,0.1595363571744151,57
1338,1,2087,1073,1014,0,0,0,1.0,1,1.0,1,1.0,1,0.17371033488157997,57
1339,2,2089,1075,1014,0,0,0,1.0,1,1.0,1,1.0,1,0.22958424258722385,58
1340,2,2091,1075,1016,0,0,0,1.0,1,1.0,1,1.0,1,0.2047357726088464,59
1341,1,2092,1076,1016,0,0,0,1.0,1,1.0,1,1.0,1,0.18686771229706695,57
1342,4,2096,1078,1018,0,0,0,1.0,1,1.0,1,1.0,1,0.1760279945147171,57
1343,1,2097,1078,1019,0,0,0,1.0,1,1.0,1,1.0,1,0.1668803820060596,55
1344,2,2099,1080,1019,0,0,0,1.0,1,1.0,1,1.0,1,0.18197719297785794,54
1345,2,2101,1081,1020,0,0,0,1.0,1,1.0,1,1.0,1,0.16743374138665867,53
1346,0,2101,1081,1020,0,0,0,1.0,1,1.0,1,1.0,1,0.1594134222172531,53
1347,0,2101,1081,1020,0,0,0,1.0,1,1.0,1,1.0,1,0.1387795529176417,51
1348,2,2103,1083,1020,0,0,0,1.0,1,1.0,1,1.0,1,0.16840377850301577,52
1349,1,2104,1083,1021,0,0,0,1.0,1,1.0,1,1.0,1,0.139099119112404,50
1350,1,2105,1084,1021,0,0,0,1.0,1,1.0,1,1.0,1,0.158498902542819,51
1351,1,2106,1085,1021,0,0,0,1.0,1,1.0,1,1.0,1,0.17008215956789466,50
1352,1,2107,1086,1021,0,0,0,1.0,1,1.0,1,1.0,1,0.16404333494423406,50
1353,2,2109,1087,1022,0,0,0,1.0,1,1.0,1,1.0,1,0.18220212729357865,50
1354,1,2110,1088,1022,0,0,0,1.0,1,1.0,1,1.0,1,0.19226871455437347,51
1355,4,2114,1089,1025,0,0,0,1.0,1,1.0,1,1.0,1,0.12549739453828274,53
1356,2,2116,1090,1026,0,0,0,1.0,1,1.0,1,1.0,1,0.12033285690543219,52
1357,2,2118,1091,1027,0,0,0,1.0,1,1.0,1,1.0,1,0.11682518598195442,52
1358,1,2119,1092,1027,0,0,0,1.0,1,1.0,1,1.0,1,0.14726760585466578,53
1359,4,2123,1094,1029,0,0,0,1.0,1,1.0,1,1.0,1,0.1851589218284626,54
1360,2,2125,1095,1030,0,0,0,1.0,1,1.0,1,1.0,1,0.19131111314671467,55
1361,2,2127,1096,1031,0,0,0,1.0,1,1.0,1,1.0,1,0.18681603045217718,55
1362,0,2127,1096,1031,0,0,0,1.0,1,1.0,1,1.0,1,0.16599654838731928,56
1363,0,2127,1096,1031,0,0,0,1.0,1,1.0,1,1.0,1,0.16599654838731928,56
1364,0,2127,1096,1031,0,0,0,1.0,1,1.0,1,1.0,1,0.16120901748783406,55
1365,1,2128,1097,1031,0,0,0,1.0,1,1.0,1,1.0,1,0.16807798501425747,56
1366,2,2130,1098,1032,0,0,0,1.0,1,1.0,1,1.0,1,0.17585242262546047,57
1367,2,2132,1098,1034,0,0,0,1.0,1,1.0,1,1.0,1,0.13671741713106755,57
1368,1,2133,1099,1034,0,0,0,1.0,1,1.0,1,1.0,1,0.16182933112267586,58
1369,4,2137,1101,1036,0,0,0,1.0,1,1.0,1,1.0,1,0.16564873815665918,59
1370,0,2137,1101,1036,0,0,0,1.0,1,1.0,1,1.0,1,0.15604377567712438,60
1371,2,2139,1102,1037,0,0,0,1.0,1,1.0,1,1.0,1,0.13376254347115726,59
1372,2,2141,1104,1037,0,0,0,1.0,1,1.0,1,1.0,1,0.16626699487753493,59
1373,2,2143,1105,1038,0,0,0,1.0,1,1.0,1,1.0,1,0.1546940263405702,59
1374,0,2143,1105,1038,0,0,0,1.0,1,1.0,1,1.0,1,0.1546940263405702,59
1375,4,2147,1105,1042,0,0,0,1.0,1,1.0,1,1.0,1,0.137786665580643,62
1376,1,2148,1106,1042,0,0,0,1.0,1,1.0,1,1.0,1,0.1709437081026978,61
1377,3,2151,1107,1044,0,0,0,1.0,1,1.0,1,1.0,1,0.18419253995003865,63
1378,3,2154,1109,1045,0,0,0,1.0,1,1.0,1,1.0,1,0.20575699340520784,62
1379,4,2158,1112,1046,0,0,0,1.0,1,1.0,1,1.0,1,0.26822436857116494,61
1380,4,2162,1112,1050,0,0,0,1.0,1,1.0,1,1.0,1,0.2310906759612352,60
1381,3,2165,1113,1052,0,0,0,1.0,1,1.0,1,1.0,1,0.20098702831030238,58
1382,1,2166,1114,1052,0,0,0,1.0,1,1.0,1,1.0,1,0.2066722899189323,56
1383,0,2166,1114,1052,0,0,0,1.0,1,1.0,1,1.0,1,0.20756672721382435,57
1384,2,2168,1115,1053,0,0,0,1.0,1,1.0,1,1.0,1,0.1958692454101805,55
1385,3,2171,1117,1054,0,0,0,1.0,1,1.0,1,1.0,1,0.17072314988110956,55
1386,1,2172,1118,1054,0,0,0,1.0,1,1.0,1,1.0,1,0.18104819966753746,54
1387,4,2176,1119,1057,0,0,0,1.0,1,1.0,1,1.0,1,0.15405355395411785,53
1388,3,2179,1122,1057,0,0,0,1.0,1,1.0,1,1.0,1,0.1790348533143493,52
1389,0,2179,1122,1057,0,0,0,1.0,1,1.0,1,1.0,1,0.20460940873558559,52
1390,0,2179,1122,1057,0,0,0,1.0,1,1.0,1,1.0,1,0.210722181217693,51
1391,0,2179,1122,1057,0,0,0,1.0,1,1.0,1,1.0,1,0.22353580013401575,52
1392,1,2180,1123,1057,0,0,0,1.0,1,1.0,1,1.0,1,0.22380896057900168,51
1393,4,2184,1124,1060,0,0,0,1.0,1,1.0,1,1.0,1,0.19772974914497093,51
1394,0,2184,1124,1060,0,0,0,1.0,1,1.0,1,1.0,1,0.21435342298480592,52
1395,1,2185,1124,1061,0,0,0,1.0,1,1.0,1,1.0,1,0.20939980487206922,52
1396,1,2186,1124,1062,0,0,0,1.0,1,1.0,1,1.0,1,0.18454408030652109,53
1397,0,2186,1124,1062,0,0,0,1.0,1,1.0,1,1.0,1,0.19289483202311725,56
1398,3,2189,1125,1064,0,0,0,1.0,1,1.0,1,1.0,1,0.20536886598554532,56
1399,3,2192,1127,1065,0,0,0,1.0,1,1.0,1,1.0,1,0.20725218845032514,57
1400,1,2193,1128,1065,0,0,0,1.0,1,1.0,1,1.0,1,0.2033665166739006,57
1401,1,2194,1128,1066,0,0,0,1.0,1,1.0,1,1.0,1,0.19219670903500974,57
1402,2,2196,1129,1067,0,0,0,1.0,1,1.0,1,1.0,1,0.19194565170982575,57
1403,1,2197,1129,1068,0,0,0,1.0,1,1.0,1,1.0,1,0.18992396677094783,56
1404,2,2199,1129,1070,0,0,0,1.0,1,1.0,1,1.0,1,0.1764997136397417,58
1405,4,2203,1130,1073,0,0,0,1.0,1,1.0,1,1.0,1,0.211087510843623,58
1406,0,2203,1130,1073,0,0,0,1.0,1,1.0,1,1.0,1,0.211087510843623,58
1407,1,2204,1130,1074,0,0,0,1.0,1,1.0,1,1.0,1,0.21513059220454414,57
1408,1,2205,1130,1075,0,0,0,1.0,1,1.0,1,1.0,1,0.2194017862452995,58
1409,0,2205,1130,1075,0,0,0,1.0,1,1.0,1,1.0,1,0.218492437031978,57
1410,0,2205,1130,1075,0,0,0,1.0,1,1.0,1,1.0,1,0.218492437031978,57
1411,0,2205,1130,1075,0,0,0,1.0,1,1.0,1,1.0,1,0.2366549264631854,56
1412,0,2205,1130,1075,0,0,0,1.0,1,1.0,1,1.0,1,0.25087355783045984,55
1413,2,2207,1130,1077,0,0,0,1.0,1,1.0,1,1.0,1,0.22116432394501365,57
1414,0,2207,1130,1077,0,0,0,1.0,1,1.0,1,1.0,1,0.22116432394501365,57
1415,1,2208,1131,1077,0,0,0,1.0,1,1.0,1,1.0,1,0.23342307946269586,60
1416,4,2212,1132,1080,0,0,0,1.0,1,1.0,1,1.0,1,0.2185163282044571,61
1417,1,2213,1132,1081,0,0,0,1.0,1,1.0,1,1.0,1,0.17050809758692284,59
1418,1,2214,1132,1082,0,0,0,1.0,1,1.0,1,1.0,1,0.1806823051082094,60
1419,2,2216,1133,1083,0,0,0,1.0,1,1.0,1,1.0,1,0.19501761872257395,59
1420,2,2218,1133,1085,0,0,0,1.0,1,1.0,1,1.0,1,0.16003381076285647,58
1421,0,2218,1133,1085,0,0,0,1.0,1,1.0,1,1.0,1,0.14534478734984,57
1422,1,2219,1134,1085,0,0,0,1.0,1,1.0,1,1.0,1,0.1491623005014937,57
1423,2,2221,1136,1085,0,0,0,1.0,1,1.0,1,1.0,1,0.16186827717971675,56
1424,1,2222,1137,1085,0,0,0,1.0,1,1.0,1,1.0,1,0.17879927552601987,57
1425,3,2225,1139,1086,0,0,0,1.0,1,1.0,1,1.0,1,0.2005259395838915,54
1426,4,2229,1141,1088,0,0,0,1.0,1,1.0,1,1.0,1,0.22221802436699606,54
1427,4,2233,1143,1090,0,0,0,1.0,1,1.0,1,1.0,1,0.21871084549862002,53
1428,1,2234,1144,1090,0,0,0,1.0,1,1.0,1,1.0,1,0.2248137633910666,52
1429,1,2235,1144,1091,0,0,0,1.0,1,1.0,1,1.0,1,0.19993634595904528,52
1430,1,2236,1145,1091,0,0,0,1.0,1,1.0,1,1.0,1,0.1984529198291242,51
1431,1,2237,1145,1092,0,0,0,1.0,1,1.0,1,1.0,1,0.18281831118178438,51
1432,4,2241,1147,1094,0,0,0,1.0,1,1.0,1,1.0,1,0.18342029343363692,52
1433,2,2243,1148,1095,0,0,0,1.0,1,1.0,1,1.0,1,0.19305683463545073,52
1434,5,2248,1150,1098,0,0,0,1.0,1,1.0,1,1.0,1,0.17247424941734993,52
1435,3,2251,1152,1099,0,0,0,1.0,1,1.0,1,1.0,1,0.16641634908912933,50
1436,3,2254,1155,1099,0,0,0,1.0,1,1.0,1,1.0,1,0.21721405007192052,50
1437,3,2257,1156,1101,0,0,0,1.0,1,1.0,1,1.0,1,0.2082403244066786,49
1438,1,2258,1157,1101,0,0,0,1.0,1,1.0,1,1.0,1,0.22792252725685774,49
1439,3,2261,1159,1102,0,0,0,1.0,1,1.0,1,1.0,1,0.25726961520473374,50
1440,4,2265,1161,1104,0,0,0,1.0,1,1.0,1,1.0,1,0.2605711530407505,50
1441,3,2268,1162,1106,0,0,0,1.0,1,1.0,1,1.0,1,0.2429776925078939,51
1442,0,2268,1162,1106,0,0,0,1.0,1,1.0,1,1.0,1,0.2434442774783862,50
1443,1,2269,1162,1107,0,0,0,1.0,1,1.0,1,1.0,1,0.22761771120675814,51
1444,0,2269,1162,1107,0,0,0,1.0,1,1.0,1,1.0,1,0.22761771120675814,51
1445,1,2270,1162,1108,0,0,0,1.0,1,1.0,1,1.0,1,0.21202445520990273,51
1446,1,2271,1162,1109,0,0,0,1.0,1,1.0,1,1.0,1,0.19532466311118749,51
1447,0,2271,1162,1109,0,0,0,1.0,1,1.0,1,1.0,1,0.19532466311118749,51
1448,1,2272,1163,1109,0,0,0,1.0,1,1.0,1,1.0,1,0.18238178787497974,51
1449,0,2272,1163,1109,0,0,0,1.0,1,1.0,1,1.0,1,0.18238178787497974,51
1450,1,2273,1164,1109,0,0,0,1.0,1,1.0,1,1.0,1,0.16180281243075773,52
1451,1,2274,1164,1110,0,0,0,1.0,1,1.0,1,1.0,1,0.15183997203648444,54
1452,1,2275,1164,1111,0,0,0,1.0,1,1.0,1,1.0,1,0.17294866800672667,56
1453,2,2277,1165,1112,0,0,0,1.0,1,1.0,1,1.0,1,0.17502765039693666,56
1454,2,2279,1166,1113,0,0,0,1.0,1,1.0,1,1.0,1,0.20515846999793885,58
1455,8,2287,1168,1119,0,0,0,1.0,1,1.0,1,1.0,1,0.18915159187304106,55
1456,0,2287,1168,1119,0,0,0,1.0,1,1.0,1,1.0,1,0.20156044424106723,56
1457,2,2289,1169,1120,0,0,0,1.0,1,1.0,1,1.0,1,0.24016744527551304,54
1458,2,2291,1171,1120,0,0,0,1.0,1,1.0,1,1.0,1,0.2589606370789523,52
1459,6,2297,1172,1125,0,0,0,1.0,1,1.0,1,1.0,1,0.1924220887975026,52
1460,0,2297,1172,1125,0,0,0,1.0,1,1.0,1,1.0,1,0.17166422160958186,50
1461,2,2299,1174,1125,0,0,0,1.0,1,1.0,1,1.0,1,0.1828304465383505,53
1462,4,2303,1178,1125,0,0,0,1.0,1,1.0,1,1.0,1,0.19476909999954028,51
1463,2,2305,1180,1125,0,0,0,1.0,1,1.0,1,1.0,1,0.21430830266682319,51
1464,2,2307,1182,1125,0,0,0,1.0,1,1.0,1,1.0,1,0.2604155978976758,51
1465,2,2309,1182,1127,0,0,0,1.0,1,1.0,1,1.0,1,0.25110211771178725,49
1466,4,2313,1185,1128,0,0,0,1.0,1,1.0,1,1.0,1,0.24130686351581412,49
1467,4,2317,1187,1130,0,0,0,1.0,1,1.0,1,1.0,1,0.248154404985955,47
1468,1,2318,1187,1131,0,0,0,1.0,1,1.0,1,1.0,1,0.22495648823902079,48
1469,1,2319,1188,1131,0,0,0,1.0,1,1.0,1,1.0,1,0.2577779183587445,47
1470,2,2321,1188,1133,0,0,0,1.0,1,1.0,1,1.0,1,0.19592612353972938,49
1471,1,2322,1188,1134,0,0,0,1.0,1,1.0,1,1.0,1,0.2094494138466687,48
1472,1,2323,1188,1135,0,0,0,1.0,1,1.0,1,1.0,1,0.18052408591163574,48
1473,1,2324,1188,1136,0,0,0,1.0,1,1.0,1,1.0,1,0.1775483910770643,49
1474,0,2324,1188,1136,0,0,0,1.0,1,1.0,1,1.0,1,0.1775483910770643,49
1475,0,2324,1188,1136,0,0,0,1.0,1,1.0,1,1.0,1,0.1775483910770643,49
1476,2,2326,1189,1137,0,0,0,1.0,1,1.0,1,1.0,1,0.19532321564469823,51
1477,1,2327,1189,1138,0,0,0,1.0,1,1.0,1,1.0,1,0.17599382406175584,51
1478,1,2328,1189,1139,0,0,0,1.0,1,1.0,1,1.0,1,0.14181754699379642,52
1479,0,2328,1189,1139,0,0,0,1.0,1,1.0,1,1.0,1,0.15574305473151226,53
1480,1,2329,1190,1139,0,0,0,1.0,1,1.0,1,1.0,1,0.17352941927202037,53
1481,0,2329,1190,1139,0,0,0,1.0,1,1.0,1,1.0,1,0.17352941927202037,53
1482,2,2331,1191,1140,0,0,0,1.0,1,1.0,1,1.0,1,0.20734703710751562,52
1483,2,2333,1192,1141,0,0,0,1.0,1,1.0,1,1.0,1,0.18898744266168577,52
1484,1,2334,1192,1142,0,0,0,1.0,1,1.0,1,1.0,1,0.21251320960600412,53
1485,2,2336,1192,1144,0,0,0,1.0,1,1.0,1,1.0,1,0.16451228710077567,53
1486,3,2339,1193,1146,0,0,0,1.0,1,1.0,1,1.0,1,0.15452269089193713,54
1487,2,2341,1195,1146,0,0,0,1.0,1,1.0,1,1.0,1,0.15141434149428093,55
1488,1,2342,1195,1147,0,0,0,1.0,1,1.0,1,1.0,1,0.16117108560716395,57
1489,4,2346,1198,1148,0,0,0,1.0,1,1.0,1,1.0,1,0.1688764349648061,58
1490,0,2346,1198,1148,0,0,0,1.0,1,1.0,1,1.0,1,0.1688764349648061,58
1491,3,2349,1200,1149,0,0,0,1.0,1,1.0,1,1.0,1,0.17007815484460118,59
1492,0,2349,1200,1149,0,0,0,1.0,1,1.0,1,1.0,1,0.17007815484460118,59
1493,0,2349,1200,1149,0,0,0,1.0,1,1.0,1,1.0,1,0.15524804093991415,58
1494,1,2350,1201,1149,0,0,0,1.0,1,1.0,1,1.0,1,0.17952056916997533,58
1495,2,2352,1203,1149,0,0,0,1.0,1,1.0,1,1.0,1,0.21404045480509717,57
1496,3,2355,1203,1152,0,0,0,1.0,1,1.0,1,1.0,1,0.18407173220938097,59
1497,2,2357,1204,1153,0,0,0,1.0,1,1.0,1,1.0,1,0.1879046212921617,58
1498,2,2359,1205,1154,0,0,0,1.0,1,1.0,1,1.0,1,0.18408240031130133,58
1499,1,2360,1205,1155,0,0,0,1.0,1,1.0,1,1.0,1,0.1696454087444943,56
1500,2,2362,1207,1155,0,0,0,1.0,1,1.0,1,1.0,1,0.1749250761945541,57
1501,1,2363,1207,1156,0,0,0,1.0,1,1.0,1,1.0,1,0.1527863623959791,55
1502,3,2366,1209,1157,0,0,0,1.0,1,1.0,1,1.0,1,0.1370885698251059,55
1503,1,2367,1210,1157,0,0,0,1.0,1,1.0,1,1.0,1,0.15982513874304763,54
1504,1,2368,1211,1157,0,0,0,1.0,1,1.0,1,1.0,1,0.1519195722455489,55
1505,2,2370,1213,1157,0,0,0,1.0,1,1.0,1,1.0,1,0.14001878939632817,53
1506,1,2371,1214,1157,0,0,0,1.0,1,1.0,1,1.0,1,0.18075331801660988,55
1507,3,2374,1215,1159,0,0,0,1.0,1,1.0,1,1.0,1,0.14869164567570833,53
1508,3,2377,1218,1159,0,0,0,1.0,1,1.0,1,1.0,1,0.21115825414821965,53
1509,1,2378,1218,1160,0,0,0,1.0,1,1.0,1,1.0,1,0.18133255110836494,52
1510,1,2379,1219,1160,0,0,0,1.0,1,1.0,1,1.0,1,0.18450876247545603,50
1511,2,2381,1220,1161,0,0,0,1.0,1,1.0,1,1.0,1,0.18331910882416116,49
1512,3,2384,1223,1161,0,0,0,1.0,1,1.0,1,1.0,1,0.22533894694254808,48
1513,2,2386,1223,1163,0,0,0,1.0,1,1.0,1,1.0,1,0.2257460848213138,47
1514,1,2387,1224,1163,0,0,0,1.0,1,1.0,1,1.0,1,0.20986000372329539,48
1515,2,2389,1225,1164,0,0,0,1.0,1,1.0,1,1.0,1,0.21952763345091572,48
1516,1,2390,1225,1165,0,0,0,1.0,1,1.0,1,1.0,1,0.18042613373270608,47
1517,2,2392,1225,1167,0,0,0,1.0,1,1.0,1,1.0,1,0.15729701921191883,48
1518,0,2392,1225,1167,0,0,0,1.0,1,1.0,1,1.0,1,0.15729701921191883,48
1519,1,2393,1225,1168,0,0,0,1.0,1,1.0,1,1.0,1,0.16792190854829372,47
1520,6,2399,1228,1171,0,0,0,1.0,1,1.0,1,1.0,1,0.17832475972438427,48
1521,1,2400,1228,1172,0,0,0,1.0,1,1.0,1,1.0,1,0.17274266144136768,49
1522,1,2401,1229,1172,0,0,0,1.0,1,1.0,1,1.0,1,0.18979813655434702,48
1523,1,2402,1230,1172,0,0,0,1.0,1,1.0,1,1.0,1,0.2166032714331259,49
1524,1,2403,1231,1172,0,0,0,1.0,1,1.0,1,1.0,1,0.21711580309702402,49
1525,3,2406,1232,1174,0,0,0,1.0,1,1.0,1,1.0,1,0.22597229339459232,51
1526,0,2406,1232,1174,0,0,0,1.0,1,1.0,1,1.0,1,0.21698407637688696,52
1527,3,2409,1233,1176,0,0,0,1.0,1,1.0,1,1.0,1,0.23164170277021695,54
1528,0,2409,1233,1176,0,0,0,1.0,1,1.0,1,1.0,1,0.23164170277021695,54
1529,2,2411,1233,1178,0,0,0,1.0,1,1.0,1,1.0,1,0.19224422963918703,54
1530,2,2413,1233,1180,0,0,0,1.0,1,1.0,1,1.0,1,0.19610949249982826,54
1531,0,2413,1233,1180,0,0,0,1.0,1,1.0,1,1.0,1,0.19913512635544942,54
1532,1,2414,1233,1181,0,0,0,1.0,1,1.0,1,1.0,1,0.18180469792267906,54
1533,2,2416,1233,1183,0,0,0,1.0,1,1.0,1,1.0,1,0.1552119608508765,54
1534,0,2416,1233,1183,0,0,0,1.0,1,1.0,1,1.0,1,0.1552119608508765,54
1535,0,2416,1233,1183,0,0,0,1.0,1,1.0,1,1.0,1,0.1552119608508765,54
1536,0,2416,1233,1183,0,0,0,1.0,1,1.0,1,1.0,1,0.16540155340253185,55
1537,1,2417,1233,1184,0,0,0,1.0,1,1.0,1,1.0,1,0.16579850007284075,53
1538,1,2418,1234,1184,0,0,0,1.0,1,1.0,1,1.0,1,0.17527708967050232,54
1539,1,2419,1234,1185,0,0,0,1.0,1,1.0,1,1.0,1,0.19274496963246324,54
1540,1,2420,1235,1185,0,0,0,1.0,1,1.0,1,1.0,1,0.20083983513721085,54
1541,0,2420,1235,1185,0,0,0,1.0,1,1.0,1,1.0,1,0.20151346836207978,54
1542,5,2425,1237,1188,0,0,0,1.0,1,1.0,1,1.0,1,0.20206482486355917,57
1543,3,2428,1239,1189,0,0,0,1.0,1,1.0,1,1.0,1,0.21268728211401136,55
1544,3,2431,1242,1189,0,0,0,1.0,1,1.0,1,1.0,1,0.256501858425199,54
1545,7,2438,1243,1195,0,0,0,1.0,1,1.0,1,1.0,1,0.17687470797466434,54
1546,4,2442,1246,1196,0,0,0,1.0,1,1.0,1,1.0,1,0.18559395369551754,53
1547,6,2448,1249,1199,0,0,0,1.0,1,1.0,1,1.0,1,0.1949164102972742,53
1548,0,2448,1249,1199,0,0,0,1.0,1,1.0,1,1.0,1,0.20194849252333422,54
1549,2,2450,1250,1200,0,0,0,1.0,1,1.0,1,1.0,1,0.19859738498914303,52
1550,2,2452,1252,1200,0,0,0,1.0,1,1.0,1,1.0,1,0.19798802718840738,52
1551,5,2457,1254,1203,0,0,0,1.0,1,1.0,1,1.0,1,0.14763853446459396,52
1552,2,2459,1256,1203,0,0,0,1.0,1,1.0,1,1.0,1,0.17092370044362853,51
1553,7,2466,1258,1208,0,0,0,1.0,1,1.0,1,1.0,1,0.1716710088769586,51
1554,3,2469,1261,1208,0,0,0,1.0,1,1.0,1,1.0,1,0.1625523976145772,51
1555,2,2471,1262,1209,0,0,0,1.0,1,1.0,1,1.0,1,0.1632176835853073,50
1556,5,2476,1265,1211,0,0,0,1.0,1,1.0,1,1.0,1,0.16747927985318628,51
1557,3,2479,1266,1213,0,0,0,1.0,1,1.0,1,1.0,1,0.14139781542809565,51
1558,0,2479,1266,1213,0,0,0,1.0,1,1.0,1,1.0,1,0.15173766891861498,52
1559,3,2482,1268,1214,0,0,0,1.0,1,1.0,1,1.0,1,0.19866508703871122,53
1560,1,2483,1269,1214,0,0,0,1.0,1,1.0,1,1.0,1,0.1784492215313535,51
1561,3,2486,1270,1216,0,0,0,1.0,1,1.0,1,1.0,1,0.11886128862409288,51
1562,0,2486,1270,1216,0,0,0,1.0,1,1.0,1,1.0,1,0.1286629165626261,52
1563,0,2486,1270,1216,0,0,0,1.0,1,1.0,1,1.0,1,0.1286629165626261,52
1564,0,2486,1270,1216,0,0,0,1.0,1,1.0,1,1.0,1,0.14249692727404337,51
1565,1,2487,1271,1216,0,0,0,1.0,1,1.0,1,1.0,1,0.15720402389946753,53
1566,2,2489,1271,1218,0,0,0,1.0,1,1.0,1,1.0,1,0.1617613138916131,53
1567,2,2491,1271,1220,0,0,0,1.0,1,1.0,1,1.0,1,0.16240357631121008,52
1568,1,2492,1272,1220,0,0,0,1.0,1,1.0,1,1.0,1,0.19533157948906088,52
1569,4,2496,1274,1222,0,0,0,1.0,1,1.0,1,1.0,1,0.18670567343885291,49
1570,1,2497,1275,1222,0,0,0,1.0,1,1.0,1,1.0,1,0.19617158236103688,48
1571,3,2500,1277,1223,0,0,0,1.0,1,1.0,1,1.0,1,0.17291149719493698,46
1572,2,2502,1278,1224,0,0,0,1.0,1,1.0,1,1.0,1,0.11999446124298586,47
1573,1,2503,1279,1224,0,0,0,1.0,1,1.0,1,1.0,1,0.12788456063091438,48
1574,2,2505,1281,1224,0,0,0,1.0,1,1.0,1,1.0,1,0.1496402186456018,46
1575,2,2507,1282,1225,0,0,0,1.0,1,1.0,1,1.0,1,0.16163217272520106,47
1576,3,2510,1285,1225,0,0,0,1.0,1,1.0,1,1.0,1,0.1724280680841442,46
1577,1,2511,1285,1226,0,0,0,1.0,1,1.0,1,1.0,1,0.1767781565551373,45
1578,0,2511,1285,1226,0,0,0,1.0,1,1.0,1,1.0,1,0.16713914995820073,44
1579,2,2513,1285,1228,0,0,0,1.0,1,1.0,1,1.0,1,0.17224607127653735,43
1580,1,2514,1286,1228,0,0,0,1.0,1,1.0,1,1.0,1,0.1907402005104285,43
1581,1,2515,1286,1229,0,0,0,1.0,1,1.0,1,1.0,1,0.18591296212087063,42
1582,1,2516,1287,1229,0,0,0,1.0,1,1.0,1,1.0,1,0.19819349419660226,42
1583,2,2518,1288,1230,0,0,0,1.0,1,1.0,1,1.0,1,0.1934573278640692,43
1584,2,2520,1290,1230,0,0,0,1.0,1,1.0,1,1.0,1,0.1970081867290464,41
1585,3,2523,1292,1231,0,0,0,1.0,1,1.0,1,1.0,1,0.16442337096678702,43
1586,1,2524,1293,1231,0,0,0,1.0,1,1.0,1,1.0,1,0.1595603512417493,42
1587,2,2526,1295,1231,0,0,0,1.0,1,1.0,1,1.0,1,0.1963552623897987,42
1588,3,2529,1297,1232,0,0,0,1.0,1,1.0,1,1.0,1,0.24658104874773182,42
1589,1,2530,1297,1233,0,0,0,1.0,1,1.0,1,1.0,1,0.20516438425034259,42
1590,2,2532,1297,1235,0,0,0,1.0,1,1.0,1,1.0,1,0.21052943086431222,41
1591,0,2532,1297,1235,0,0,0,1.0,1,1.0,1,1.0,1,0.2242182582179019,40
1592,2,2534,1298,1236,0,0,0,1.0,1,1.0,1,1.0,1,0.2537791826385346,39
1593,3,2537,1300,1237,0,0,0,1.0,1,1.0,1,1.0,1,0.24656250504459368,39
1594,0,2537,1300,1237,0,0,0,1.0,1,1.0,1,1.0,1,0.23700569162017768,39
1595,1,2538,1301,1237,0,0,0,1.0,1,1.0,1,1.0,1,0.2901117880616197,42
1596,0,2538,1301,1237,0,0,0,1.0,1,1.0,1,1.0,1,0.29728092148401214,41
1597,1,2539,1301,1238,0,0,0,1.0,1,1.0,1,1.0,1,0.2703855584582086,41
1598,2,2541,1301,1240,0,0,0,1.0,1,1.0,1,1.0,1,0.24430560698285203,39
1599,1,2542,1302,1240,0,0,0,1.0,1,1.0,1,1.0,1,0.23316646006160094,39
1600,1,2543,1302,1241,0,0,0,1.0,1,1.0,1,1.0,1,0.22967340290463858,40
1601,4,2547,1304,1243,0,0,0,1.0,1,1.0,1,1.0,1,0.2585913152720903,41
1602,1,2548,1304,1244,0,0,0,1.0,1,1.0,1,1.0,1,0.21838324340340287,41
1603,1,2549,1305,1244,0,0,0,1.0,1,1.0,1,1.0,1,0.28162274927270375,43
1604,0,2549,1305,1244,0,0,0,1.0,1,1.0,1,1.0,1,0.28162274927270375,43
1605,5,2554,1306,1248,0,0,0,1.0,1,1.0,1,1.0,1,0.254842974552303,44
1606,2,2556,1307,1249,0,0,0,1.0,1,1.0,1,1.0,1,0.24053747823258634,44
1607,3,2559,1308,1251,0,0,0,1.0,1,1.0,1,1.0,1,0.24792349245229053,42
1608,3,2562,1309,1253,0,0,0,1.0,1,1.0,1,1.0,1,0.25801981354317083,41
1609,0,2562,1309,1253,0,0,0,1.0,1,1.0,1,1.0,1,0.22534707575613624,39
1610,1,2563,1310,1253,0,0,0,1.0,1,1.0,1,1.0,1,0.2357643885196203,39
1611,2,2565,1310,1255,0,0,0,1.0,1,1.0,1,1.0,1,0.17675425589708033,40
1612,0,2565,1310,1255,0,0,0,1.0,1,1.0,1,1.0,1,0.15878541793500645,39
1613,0,2565,1310,1255,0,0,0,1.0,1,1.0,1,1.0,1,0.1932761627460639,41
1614,1,2566,1311,1255,0,0,0,1.0,1,1.0,1,1.0,1,0.19806807098906054,41
1615,0,2566,1311,1255,0,0,0,1.0,1,1.0,1,1.0,1,0.19806807098906054,41
1616,1,2567,1312,1255,0,0,0,1.0,1,1.0,1,1.0,1,0.23363268096070813,43
1617,2,2569,1313,1256,0,0,0,1.0,1,1.0,1,1.0,1,0.229406991595211,44
1618,1,2570,1314,1256,0,0,0,1.0,1,1.0,1,1.0,1,0.2567996103388224,44
1619,3,2573,1315,1258,0,0,0,1.0,1,1.0,1,1.0,1,0.2746077727200433,44
1620,1,2574,1316,1258,0,0,0,1.0,1,1.0,1,1.0,1,0.32716060935500035,45
1621,1,2575,1316,1259,0,0,0,1.0,1,1.0,1,1.0,1,0.34326498035670777,44
1622,1,2576,1317,1259,0,0,0,1.0,1,1.0,1,1.0,1,0.3533994627053321,44
1623,1,2577,1317,1260,0,0,0,1.0,1,1.0,1,1.0,1,0.33861823114075235,43
1624,0,2577,1317,1260,0,0,0,1.0,1,1.0,1,1.0,1,0.32475696815019856,43
1625,3,2580,1319,1261,0,0,0,1.0,1,1.0,1,1.0,1,0.34449543527572174,43
1626,8,2588,1322,1266,0,0,0,1.0,1,1.0,1,1.0,1,0.30096535505622474,42
1627,0,2588,1322,1266,0,0,0,1.0,1,1.0,1,1.0,1,0.303233193584758,42
1628,1,2589,1323,1266,0,0,0,1.0,1,1.0,1,1.0,1,0.3242633168835653,42
1629,1,2590,1323,1267,0,0,0,1.0,1,1.0,1,1.0,1,0.2998142181650804,41
1630,3,2593,1325,1268,0,0,0,1.0,1,1.0,1,1.0,1,0.32772595129929316,41
1631,3,2596,1326,1270,0,0,0,1.0,1,1.0,1,1.0,1,0.30499928907013624,40
1632,1,2597,1326,1271,0,0,0,1.0,1,1.0,1,1.0,1,0.2693985255477926,39
1633,0,2597,1326,1271,0,0,0,1.0,1,1.0,1,1.0,1,0.2693985255477926,39
1634,2,2599,1326,1273,0,0,0,1.0,1,1.0,1,1.0,1,0.21542324532737045,39
1635,0,2599,1326,1273,0,0,0,1.0,1,1.0,1,1.0,1,0.217448515393074,40
1636,3,2602,1327,1275,0,0,0,1.0,1,1.0,1,1.0,1,0.22064520273861396,41
1637,3,2605,1327,1278,0,0,0,1.0,1,1.0,1,1.0,1,0.18019707192947237,41
1638,1,2606,1328,1278,0,0,0,1.0,1,1.0,1,1.0,1,0.21025432492750845,42
1639,0,2606,1328,1278,0,0,0,1.0,1,1.0,1,1.0,1,0.2120714245754313,43
1640,0,2606,1328,1278,0,0,0,1.0,1,1.0,1,1.0,1,0.2120714245754313,43
1641,0,2606,1328,1278,0,0,0,1.0,1,1.0,1,1.0,1,0.2169073191024473,44
1642,4,2610,1332,1278,0,0,0,1.0,1,1.0,1,1.0,1,0.28900943636384047,45
1643,6,2616,1334,1282,0,0,0,1.0,1,1.0,1,1.0,1,0.18031829251117962,44
1644,2,2618,1336,1282,0,0,0,1.0,1,1.0,1,1.0,1,0.2078727944003045,45
1645,0,2618,1336,1282,0,0,0,1.0,1,1.0,1,1.0,1,0.21747677420887407,44
1646,2,2620,1338,1282,0,0,0,1.0,1,1.0,1,1.0,1,0.2141323068696746,43
1647,2,2622,1340,1282,0,0,0,1.0,1,1.0,1,1.0,1,0.2261642375355546,43
1648,1,2623,1340,1283,0,0,0,1.0,1,1.0,1,1.0,1,0.2553966245544102,42
1649,1,2624,1340,1284,0,0,0,1.0,1,1.0,1,1.0,1,0.2519143696177976,41
1650,0,2624,1340,1284,0,0,0,1.0,1,1.0,1,1.0,1,0.2519143696177976,41
1651,2,2626,1341,1285,0,0,0,1.0,1,1.0,1,1.0,1,0.28238615487994406,40
1652,0,2626,1341,1285,0,0,0,1.0,1,1.0,1,1.0,1,0.2934923334603731,39
1653,0,2626,1341,1285,0,0,0,1.0,1,1.0,1,1.0,1,0.34213824497694934,39
1654,2,2628,1341,1287,0,0,0,1.0,1,1.0,1,1.0,1,0.28640499476725134,39
1655,2,2630,1342,1288,0,0,0,1.0,1,1.0,1,1.0,1,0.3025022798949821,40
1656,1,2631,1342,1289,0,0,0,1.0,1,1.0,1,1.0,1,0.2994937742331776,40
1657,2,2633,1343,1290,0,0,0,1.0,1,1.0,1,1.0,1,0.24813394793352433,40
1658,2,2635,1344,1291,0,0,0,1.0,1,1.0,1,1.0,1,0.19272053322523525,40
1659,2,2637,1346,1291,0,0,0,1.0,1,1.0,1,1.0,1,0.21424534261946218,40
1660,0,2637,1346,1291,0,0,0,1.0,1,1.0,1,1.0,1,0.22496914805623722,41
1661,2,2639,1348,1291,0,0,0,1.0,1,1.0,1,1.0,1,0.23515183970345363,42
1662,4,2643,1350,1293,0,0,0,1.0,1,1.0,1,1.0,1,0.18035195716135902,44
1663,3,2646,1352,1294,0,0,0,1.0,1,1.0,1,1.0,1,0.23225559863857537,43
1664,3,2649,1355,1294,0,0,0,1.0,1,1.0,1,1.0,1,0.32742303140001067,42
1665,7,2656,1357,1299,0,0,0,1.0,1,1.0,1,1.0,1,0.28277358589895735,42
1666,1,2657,1358,1299,0,0,0,1.0,1,1.0,1,1.0,1,0.28908970562198116,43
1667,3,2660,1360,1300,0,0,0,1.0,1,1.0,1,1.0,1,0.2649186322917611,40
1668,2,2662,1360,1302,0,0,0,1.0,1,1.0,1,1.0,1,0.2132978665730546,40
1669,2,2664,1362,1302,0,0,0,1.0,1,1.0,1,1.0,1,0.16418715374274107,40
1670,0,2664,1362,1302,0,0,0,1.0,1,1.0,1,1.0,1,0.16476888365420356,39
1671,2,2666,1363,1303,0,0,0,1.0,1,1.0,1,1.0,1,0.15003167179778346,39
1672,2,2668,1365,1303,0,0,0,1.0,1,1.0,1,1.0,1,0.1747116732540264,38
1673,2,2670,1366,1304,0,0,0,1.0,1,1.0,1,1.0,1,0.16068625943522058,38
1674,0,2670,1366,1304,0,0,0,1.0,1,1.0,1,1.0,1,0.16576625907799666,38
1675,1,2671,1367,1304,0,0,0,1.0,1,1.0,1,1.0,1,0.19923873550133603,39
1676,0,2671,1367,1304,0,0,0,1.0,1,1.0,1,1.0,1,0.2037423322380125,39
1677,3,2674,1368,1306,0,0,0,1.0,1,1.0,1,1.0,1,0.19466610148701075,40
1678,1,2675,1368,1307,0,0,0,1.0,1,1.0,1,1.0,1,0.1570925152134682,39
1679,0,2675,1368,1307,0,0,0,1.0,1,1.0,1,1.0,1,0.1570925152134682,39
1680,0,2675,1368,1307,0,0,0,1.0,1,1.0,1,1.0,1,0.17078667907124193,40
1681,0,2675,1368,1307,0,0,0,1.0,1,1.0,1,1.0,1,0.1759912179556995,41
1682,0,2675,1368,1307,0,0,0,1.0,1,1.0,1,1.0,1,0.16814961343952506,40
1683,5,2680,1372,1308,0,0,0,1.0,1,1.0,1,1.0,1,0.17155656909836126,43
1684,2,2682,1374,1308,0,0,0,1.0,1,1.0,1,1.0,1,0.24264078313459655,42
1685,4,2686,1376,1310,0,0,0,1.0,1,1.0,1,1.0,1,0.24147838512833733,41
1686,0,2686,1376,1310,0,0,0,1.0,1,1.0,1,1.0,1,0.23976903702060903,39
1687,2,2688,1377,1311,0,0,0,1.0,1,1.0,1,1.0,1,0.20676639634943222,41
1688,2,2690,1379,1311,0,0,0,1.0,1,1.0,1,1.0,1,0.24266539471387788,39
1689,4,2694,1381,1313,0,0,0,1.0,1,1.0,1,1.0,1,0.2361905418048024,37
1690,0,2694,1381,1313,0,0,0,1.0,1,1.0,1,1.0,1,0.2647628464657566,36
1691,6,2700,1384,1316,0,0,0,1.0,1,1.0,1,1.0,1,0.2372848780811824,36
1692,0,2700,1384,1316,0,0,0,1.0,1,1.0,1,1.0,1,0.2023305743931376,34
1693,1,2701,1385,1316,0,0,0,1.0,1,1.0,1,1.0,1,0.20962177744560212,33
1694,0,2701,1385,1316,0,0,0,1.0,1,1.0,1,1.0,1,0.21402691350213318,32
1695,0,2701,1385,1316,0,0,0,1.0,1,1.0,1,1.0,1,0.20665390295029246,32
1696,1,2702,1386,1316,0,0,0,1.0,1,1.0,1,1.0,1,0.2525581237785873,34
1697,2,2704,1387,1317,0,0,0,1.0,1,1.0,1,1.0,1,0.25278097941870425,34
1698,2,2706,1389,1317,0,0,0,1.0,1,1.0,1,1.0,1,0.27561366493100453,36
1699,2,2708,1391,1317,0,0,0,1.0,1,1.0,1,1.0,1,0.32266912906323136,36
1700,2,2710,1392,1318,0,0,0,1.0,1,1.0,1,1.0,1,0.3167799810225326,37
1701,2,2712,1393,1319,0,0,0,1.0,1,1.0,1,1.0,1,0.32211600404859986,39
1702,5,2717,1396,1321,0,0,0,1.0,1,1.0,1,1.0,1,0.3501102667726004,39
1703,1,2718,1397,1321,0,0,0,1.0,1,1.0,1,1.0,1,0.35383621763226414,38
1704,3,2721,1400,1321,0,0,0,1.0,1,1.0,1,1.0,1,0.32008477419632886,38
1705,2,2723,1400,1323,0,0,0,1.0,1,1.0,1,1.0,1,0.2694946784305802,37
1706,1,2724,1401,1323,0,0,0,1.0,1,1.0,1,1.0,1,0.28045731920288647,37
1707,3,2727,1403,1324,0,0,0,1.0,1,1.0,1,1.0,1,0.2544928497292346,36
1708,0,2727,1403,1324,0,0,0,1.0,1,1.0,1,1.0,1,0.23336012839212686,34
1709,3,2730,1406,1324,0,0,0,1.0,1,1.0,1,1.0,1,0.276022595763887,34
1710,4,2734,1407,1327,0,0,0,1.0,1,1.0,1,1.0,1,0.2601657344549383,33
1711,0,2734,1407,1327,0,0,0,1.0,1,1.0,1,1.0,1,0.2686422732935591,32
1712,1,2735,1408,1327,0,0,0,1.0,1,1.0,1,1.0,1,0.3133780786743983,31
1713,1,2736,1408,1328,0,0,0,1.0,1,1.0,1,1.0,1,0.3041167375027548,32
1714,0,2736,1408,1328,0,0,0,1.0,1,1.0,1,1.0,1,0.3041167375027548,32
1715,1,2737,1408,1329,0,0,0,1.0,1,1.0,1,1.0,1,0.286340991398823,32
1716,1,2738,1408,1330,0,0,0,1.0,1,1.0,1,1.0,1,0.25209654396049264,34
1717,0,2738,1408,1330,0,0,0,1.0,1,1.0,1,1.0,1,0.25209654396049264,34
1718,0,2738,1408,1330,0,0,0,1.0,1,1.0,1,1.0,1,0.26636118636036893,34
1719,1,2739,1409,1330,0,0,0,1.0,1,1.0,1,1.0,1,0.2896129928407762,34
1720,0,2739,1409,1330,0,0,0,1.0,1,1.0,1,1.0,1,0.27537395613106613,34
1721,0,2739,1409,1330,0,0,0,1.0,1,1.0,1,1.0,1,0.25402933448273113,35
1722,0,2739,1409,1330,0,0,0,1.0,1,1.0,1,1.0,1,0.2712398925223129,35
1723,2,2741,1410,1331,0,0,0,1.0,1,1.0,1,1.0,1,0.2896254256464941,34
1724,1,2742,1411,1331,0,0,0,1.0,1,1.0,1,1.0,1,0.2692269181359805,33
1725,2,2744,1412,1332,0,0,0,1.0,1,1.0,1,1.0,1,0.3177640384994379,35
1726,0,2744,1412,1332,0,0,0,1.0,1,1.0,1,1.0,1,0.28294538339152425,34
1727,1,2745,1413,1332,0,0,0,1.0,1,1.0,1,1.0,1,0.3155367286985598,34
1728,2,2747,1413,1334,0,0,0,1.0,1,1.0,1,1.0,1,0.2652571446871064,35
1729,0,2747,1413,1334,0,0,0,1.0,1,1.0,1,1.0,1,0.2787705985378989,35
1730,1,2748,1414,1334,0,0,0,1.0,1,1.0,1,1.0,1,0.2960770360573433,35
1731,1,2749,1415,1334,0,0,0,1.0,1,1.0,1,1.0,1,0.3422177484378632,35
1732,0,2749,1415,1334,0,0,0,1.0,1,1.0,1,1.0,1,0.3422177484378632,35
1733,4,2753,1415,1338,0,0,0,1.0,1,1.0,1,1.0,1,0.30506983066772986,33
1734,3,2756,1417,1339,0,0,0,1.0,1,1.0,1,1.0,1,0.3439852938966088,34
1735,2,2758,1417,1341,0,0,0,1.0,1,1.0,1,1.0,1,0.27271417115827157,33
1736,3,2761,1419,1342,0,0,0,1.0,1,1.0,1,1.0,1,0.27563803775991846,33
1737,3,2764,1419,1345,0,0,0,1.0,1,1.0,1,1.0,1,0.21231007861806153,35
1738,1,2765,1420,1345,0,0,0,1.0,1,1.0,1,1.0,1,0.2130451930814866,36
1739,2,2767,1422,1345,0,0,0,1.0,1,1.0,1,1.0,1,0.24481120258138392,36
1740,4,2771,1423,1348,0,0,0,1.0,1,1.0,1,1.0,1,0.254405023842192,37
1741,1,2772,1423,1349,0,0,0,1.0,1,1.0,1,1.0,1,0.19995464408656116,36
1742,1,2773,1424,1349,0,0,0,1.0,1,1.0,1,1.0,1,0.16714996210631747,36
1743,2,2775,1425,1350,0,0,0,1.0,1,1.0,1,1.0,1,0.17602878865400887,37
1744,0,2775,1425,1350,0,0,0,1.0,1,1.0,1,1.0,1,0.1943711722614891,37
1745,6,2781,1429,1352,0,0,0,1.0,1,1.0,1,1.0,1,0.24179032806696166,38
1746,1,2782,1430,1352,0,0,0,1.0,1,1.0,1,1.0,1,0.23677997088133354,38
1747,2,2784,1430,1354,0,0,0,1.0,1,1.0,1,1.0,1,0.1916531805090716,37
1748,1,2785,1430,1355,0,0,0,1.0,1,1.0,1,1.0,1,0.19246574151150264,38
1749,2,2787,1432,1355,0,0,0,1.0,1,1.0,1,1.0,1,0.20124734933156413,38
1750,0,2787,1432,1355,0,0,0,1.0,1,1.0,1,1.0,1,0.21925096174480496,39
1751,2,2789,1433,1356,0,0,0,1.0,1,1.0,1,1.0,1,0.19955283420077072,41
1752,0,2789,1433,1356,0,0,0,1.0,1,1.0,1,1.0,1,0.19955283420077072,41
1753,2,2791,1434,1357,0,0,0,1.0,1,1.0,1,1.0,1,0.21176007967398056,41
1754,1,2792,1435,1357,0,0,0,1.0,1,1.0,1,1.0,1,0.2235979306630019,40
1755,3,2795,1436,1359,0,0,0,1.0,1,1.0,1,1.0,1,0.21347288874710835,41
1756,2,2797,1436,1361,0,0,0,1.0,1,1.0,1,1.0,1,0.204130432024961,41
1757,1,2798,1436,1362,0,0,0,1.0,1,1.0,1,1.0,1,0.18489352936094566,40
1758,1,2799,1437,1362,0,0,0,1.0,1,1.0,1,1.0,1,0.22016641665364772,41
1759,2,2801,1439,1362,0,0,0,1.0,1,1.0,1,1.0,1,0.31079293016863474,38
1760,2,2803,1440,1363,0,0,0,1.0,1,1.0,1,1.0,1,0.3408938058753742,38
1761,2,2805,1441,1364,0,0,0,1.0,1,1.0,1,1.0,1,0.330213747301978,37
1762,3,2808,1442,1366,0,0,0,1.0,1,1.0,1,1.0,1,0.3374023371575512,37
1763,2,2810,1444,1366,0,0,0,1.0,1,1.0,1,1.0,1,0.3023657370022082,37
1764,2,2812,1445,1367,0,0,0,1.0,1,1.0,1,1.0,1,0.2758952952597582,36
1765,3,2815,1447,1368,0,0,0,1.0,1,1.0,1,1.0,1,0.27157746139939515,36
1766,2,2817,1448,1369,0,0,0,1.0,1,1.0,1,1.0,1,0.25197921345885044,37
1767,1,2818,1449,1369,0,0,0,1.0,1,1.0,1,1.0,1,0.2570162776920166,37
1768,3,2821,1450,1371,0,0,0,1.0,1,1.0,1,1.0,1,0.22760163303989983,37
1769,1,2822,1450,1372,0,0,0,1.0,1,1.0,1,1.0,1,0.19540850161391526,38
1770,1,2823,1451,1372,0,0,0,1.0,1,1.0,1,1.0,1,0.22936890349185832,39
1771,0,2823,1451,1372,0,0,0,1.0,1,1.0,1,1.0,1,0.22936890349185832,39
1772,0,2823,1451,1372,0,0,0,1.0,1,1.0,1,1.0,1,0.22936890349185832,39
1773,0,2823,1451,1372,0,0,0,1.0,1,1.0,1,1.0,1,0.2032580340270756,41
1774,0,2823,1451,1372,0,0,0,1.0,1,1.0,1,1.0,1,0.2032580340270756,41
1775,0,2823,1451,1372,0,0,0,1.0,1,1.0,1,1.0,1,0.22411319629005988,42
1776,2,2825,1452,1373,0,0,0,1.0,1,1.0,1,1.0,1,0.2199741378802286,43
1777,1,2826,1452,1374,0,0,0,1.0,1,1.0,1,1.0,1,0.2030619527243652,43
1778,0,2826,1452,1374,0,0,0,1.0,1,1.0,1,1.0,1,0.21884324697021373,44
1779,3,2829,1452,1377,0,0,0,1.0,1,1.0,1,1.0,1,0.16865051861308855,46
1780,1,2830,1453,1377,0,0,0,1.0,1,1.0,1,1.0,1,0.17223368540460127,46
1781,0,2830,1453,1377,0,0,0,1.0,1,1.0,1,1.0,1,0.17223368540460127,46
1782,2,2832,1455,1377,0,0,0,1.0,1,1.0,1,1.0,1,0.21661700200916123,46
1783,2,2834,1457,1377,0,0,0,1.0,1,1.0,1,1.0,1,0.21482025890739656,44
1784,3,2837,1458,1379,0,0,0,1.0,1,1.0,1,1.0,1,0.20902500028645726,45
1785,0,2837,1458,1379,0,0,0,1.0,1,1.0,1,1.0,1,0.2044633864439205,42
1786,5,2842,1462,1380,0,0,0,1.0,1,1.0,1,1.0,1,0.27424045547724324,43
1787,4,2846,1465,1381,0,0,0,1.0,1,1.0,1,1.0,1,0.2503556205074349,41
1788,2,2848,1465,1383,0,0,0,1.0,1,1.0,1,1.0,1,0.2374403705330133,41
1789,3,2851,1466,1385,0,0,0,1.0,1,1.0,1,1.0,1,0.25506499670628513,41
1790,1,2852,1466,1386,0,0,0,1.0,1,1.0,1,1.0,1,0.23959511373904102,41
1791,2,2854,1467,1387,0,0,0,1.0,1,1.0,1,1.0,1,0.23132346782765661,40
1792,2,2856,1469,1387,0,0,0,1.0,1,1.0,1,1.0,1,0.2443397936890174,40
1793,2,2858,1469,1389,0,0,0,1.0,1,1.0,1,1.0,1,0.19469290245368223,41
1794,2,2860,1470,1390,0,0,0,1.0,1,1.0,1,1.0,1,0.1785948267558101,41
1795,2,2862,1472,1390,0,0,0,1.0,1,1.0,1,1.0,1,0.21964872367325633,40
1796,2,2864,1474,1390,0,0,0,1.0,1,1.0,1,1.0,1,0.22707557887137525,40
1797,2,2866,1475,1391,0,0,0,1.0,1,1.0,1,1.0,1,0.2327587528488279,37
1798,0,2866,1475,1391,0,0,0,1.0,1,1.0,1,1.0,1,0.2327587528488279,37
1799,1,2867,1475,1392,0,0,0,1.0,1,1.0,1,1.0,1,0.2822546405821099,36
1800,1,2868,1475,1393,0,0,0,1.0,1,1.0,1,1.0,1,0.24812097453122836,36
1801,0,2868,1475,1393,0,0,0,1.0,1,1.0,1,1.0,1,0.21795145126123527,34
1802,0,2868,1475,1393,0,0,0,1.0,1,1.0,1,1.0,1,0.2631601018965813,33
1803,0,2868,1475,1393,0,0,0,1.0,1,1.0,1,1.0,1,0.2631601018965813,33
1804,2,2870,1477,1393,0,0,0,1.0,1,1.0,1,1.0,1,0.31097632786286133,33
1805,2,2872,1477,1395,0,0,0,1.0,1,1.0,1,1.0,1,0.2933093887168709,35
1806,4,2876,1479,1397,0,0,0,1.0,1,1.0,1,1.0,1,0.2772262095525143,35
1807,3,2879,1479,1400,0,0,0,1.0,1,1.0,1,1.0,1,0.24554643373483234,35
1808,1,2880,1479,1401,0,0,0,1.0,1,1.0,1,1.0,1,0.2053420397807339,36
1809,2,2882,1479,1403,0,0,0,1.0,1,1.0,1,1.0,1,0.20113392211274267,36
1810,0,2882,1479,1403,0,0,0,1.0,1,1.0,1,1.0,1,0.21654754448035748,35
1811,0,2882,1479,1403,0,0,0,1.0,1,1.0,1,1.0,1,0.25060239848678434,36
1812,1,2883,1480,1403,0,0,0,1.0,1,1.0,1,1.0,1,0.2814483443367287,36
1813,1,2884,1481,1403,0,0,0,1.0,1,1.0,1,1.0,1,0.27154170686363766,36
1814,0,2884,1481,1403,0,0,0,1.0,1,1.0,1,1.0,1,0.26649258768265444,34
1815,1,2885,1481,1404,0,0,0,1.0,1,1.0,1,1.0,1,0.25293832439785735,35
1816,3,2888,1482,1406,0,0,0,1.0,1,1.0,1,1.0,1,0.258618684494609,34
1817,2,2890,1484,1406,0,0,0,1.0,1,1.0,1,1.0,1,0.26270141587805657,34
1818,2,2892,1485,1407,0,0,0,1.0,1,1.0,1,1.0,1,0.1977961311806301,34
1819,4,2896,1487,1409,0,0,0,1.0,1,1.0,1,1.0,1,0.20018553802067815,35
1820,0,2896,1487,1409,0,0,0,1.0,1,1.0,1,1.0,1,0.18043967218361956,36
1821,0,2896,1487,1409,0,0,0,1.0,1,1.0,1,1.0,1,0.18043967218361956,36
1822,1,2897,1488,1409,0,0,0,1.0,1,1.0,1,1.0,1,0.20348090990297835,37
1823,1,2898,1489,1409,0,0,0,1.0,1,1.0,1,1.0,1,0.21044637581694628,38
1824,2,2900,1491,1409,0,0,0,1.0,1,1.0,1,1.0,1,0.2246212208248552,37
1825,5,2905,1494,1411,0,0,0,1.0,1,1.0,1,1.0,1,0.22965660719656233,36
1826,1,2906,1495,1411,0,0,0,1.0,1,1.0,1,1.0,1,0.23470021376061515,35
1827,6,2912,1497,1415,0,0,0,1.0,1,1.0,1,1.0,1,0.19738632807783904,35
1828,0,2912,1497,1415,0,0,0,1.0,1,1.0,1,1.0,1,0.1890884365592261,33
1829,0,2912,1497,1415,0,0,0,1.0,1,1.0,1,1.0,1,0.19989441233509495,32
1830,2,2914,1498,1416,0,0,0,1.0,1,1.0,1,1.0,1,0.20947707135135818,32
1831,1,2915,1498,1417,0,0,0,1.0,1,1.0,1,1.0,1,0.26078761497857683,30
1832,0,2915,1498,1417,0,0,0,1.0,1,1.0,1,1.0,1,0.26078761497857683,30
1833,0,2915,1498,1417,0,0,0,1.0,1,1.0,1,1.0,1,0.2868414367205583,29
1834,3,2918,1499,1419,0,0,0,1.0,1,1.0,1,1.0,1,0.277342258648239,28
1835,3,2921,1501,1420,0,0,0,1.0,1,1.0,1,1.0,1,0.32705564064292575,28
1836,3,2924,1502,1422,0,0,0,1.0,1,1.0,1,1.0,1,0.3032720030386996,29
1837,2,2926,1503,1423,0,0,0,1.0,1,1.0,1,1.0,1,0.2809933408893047,28
1838,1,2927,1504,1423,0,0,0,1.0,1,1.0,1,1.0,1,0.3255122198879326,28
1839,0,2927,1504,1423,0,0,0,1.0,1,1.0,1,1.0,1,0.33687082382580513,27
1840,0,2927,1504,1423,0,0,0,1.0,1,1.0,1,1.0,1,0.37473453546618657,26
1841,0,2927,1504,1423,0,0,0,1.0,1,1.0,1,1.0,1,0.3643491067582614,25
1842,2,2929,1505,1424,0,0,0,1.0,1,1.0,1,1.0,1,0.3428365284737042,26
1843,1,2930,1506,1424,0,0,0,1.0,1,1.0,1,1.0,1,0.32266030856608274,26
1844,0,2930,1506,1424,0,0,0,1.0,1,1.0,1,1.0,1,0.32266030856608274,26
1845,2,2932,1507,1425,0,0,0,1.0,1,1.0,1,1.0,1,0.28998405229076996,26
1846,2,2934,1508,1426,0,0,0,1.0,1,1.0,1,1.0,1,0.25148236378088407,26
1847,0,2934,1508,1426,0,0,0,1.0,1,1.0,1,1.0,1,0.25148236378088407,26
1848,2,2936,1509,1427,0,0,0,1.0,1,1.0,1,1.0,1,0.26697111687788505,27
1849,0,2936,1509,1427,0,0,0,1.0,1,1.0,1,1.0,1,0.26697111687788505,27
1850,0,2936,1509,1427,0,0,0,1.0,1,1.0,1,1.0,1,0.28865550851687477,28
1851,0,2936,1509,1427,0,0,0,1.0,1,1.0,1,1.0,1,0.28865550851687477,28
1852,0,2936,1509,1427,0,0,0,1.0,1,1.0,1,1.0,1,0.28865550851687477,28
1853,0,2936,1509,1427,0,0,0,1.0,1,1.0,1,1.0,1,0.29669566100306877,27
1854,1,2937,1509,1428,0,0,0,1.0,1,1.0,1,1.0,1,0.2797532898005388,28
1855,0,2937,1509,1428,0,0,0,1.0,1,1.0,1,1.0,1,0.2797532898005388,28
1856,0,2937,1509,1428,0,0,0,1.0,1,1.0,1,1.0,1,0.2974755152066061,30
1857,1,2938,1510,1428,0,0,0,1.0,1,1.0,1,1.0,1,0.32986586949612323,31
1858,4,2942,1514,1428,0,0,0,1.0,1,1.0,1,1.0,1,0.3504623837826333,31
1859,1,2943,1514,1429,0,0,0,1.0,1,1.0,1,1.0,1,0.3314075027367985,31
1860,0,2943,1514,1429,0,0,0,1.0,1,1.0,1,1.0,1,0.3314075027367985,31
1861,1,2944,1515,1429,0,0,0,1.0,1,1.0,1,1.0,1,0.36960086195937836,31
1862,2,2946,1515,1431,0,0,0,1.0,1,1.0,1,1.0,1,0.3127033847394235,31
1863,2,2948,1516,1432,0,0,0,1.0,1,1.0,1,1.0,1,0.30770124167417706,31
1864,2,2950,1518,1432,0,0,0,1.0,1,1.0,1,1.0,1,0.327469629370572,30
1865,1,2951,1519,1432,0,0,0,1.0,1,1.0,1,1.0,1,0.31706425166673613,27
1866,2,2953,1521,1432,0,0,0,1.0,1,1.0,1,1.0,1,0.3895520389347216,28
1867,1,2954,1521,1433,0,0,0,1.0,1,1.0,1,1.0,1,0.361115972711963,26
1868,2,2956,1523,1433,0,0,0,1.0,1,1.0,1,1.0,1,0.39617646806877815,26
1869,1,2957,1523,1434,0,0,0,1.0,1,1.0,1,1.0,1,0.37651604826526563,25
1870,1,2958,1524,1434,0,0,0,1.0,1,1.0,1,1.0,1,0.4067025640472912,25
1871,1,2959,1524,1435,0,0,0,1.0,1,1.0,1,1.0,1,0.3794004541512655,26
1872,0,2959,1524,1435,0,0,0,1.0,1,1.0,1,1.0,1,0.4197189778729059,25
1873,0,2959,1524,1435,0,0,0,1.0,1,1.0,1,1.0,1,0.4000261071217775,23
1874,0,2959,1524,1435,0,0,0,1.0,1,1.0,1,1.0,1,0.34482251170711403,23
1875,0,2959,1524,1435,0,0,0,1.0,1,1.0,1,1.0,1,0.35177256026584336,21
1876,2,2961,1525,1436,0,0,0,1.0,1,1.0,1,1.0,1,0.30884966438351746,24
1877,0,2961,1525,1436,0,0,0,1.0,1,1.0,1,1.0,1,0.30884966438351746,24
1878,2,2963,1527,1436,0,0,0,1.0,1,1.0,1,1.0,1,0.31073652326463,26
1879,1,2964,1527,1437,0,0,0,1.0,1,1.0,1,1.0,1,0.26312272811119514,26
1880,0,2964,1527,1437,0,0,0,1.0,1,1.0,1,1.0,1,0.26312272811119514,26
1881,0,2964,1527,1437,0,0,0,1.0,1,1.0,1,1.0,1,0.26312272811119514,26
1882,0,2964,1527,1437,0,0,0,1.0,1,1.0,1,1.0,1,0.25210198976875137,25
1883,0,2964,1527,1437,0,0,0,1.0,1,1.0,1,1.0,1,0.25210198976875137,25
1884,0,2964,1527,1437,0,0,0,1.0,1,1.0,1,1.0,1,0.25210198976875137,25
1885,0,2964,1527,1437,0,0,0,1.0,1,1.0,1,1.0,1,0.25210198976875137,25
1886,0,2964,1527,1437,0,0,0,1.0,1,1.0,1,1.0,1,0.27356585112202725,26
1887,0,2964,1527,1437,0,0,0,1.0,1,1.0,1,1.0,1,0.27356585112202725,26
1888,2,2966,1528,1438,0,0,0,1.0,1,1.0,1,1.0,1,0.3192053010077478,27
1889,0,2966,1528,1438,0,0,0,1.0,1,1.0,1,1.0,1,0.341143276736873,28
1890,0,2966,1528,1438,0,0,0,1.0,1,1.0,1,1.0,1,0.341143276736873,28
1891,1,2967,1528,1439,0,0,0,1.0,1,1.0,1,1.0,1,0.3515329010047228,29
1892,0,2967,1528,1439,0,0,0,1.0,1,1.0,1,1.0,1,0.3515329010047228,29
1893,0,2967,1528,1439,0,0,0,1.0,1,1.0,1,1.0,1,0.3515329010047228,29
1894,0,2967,1528,1439,0,0,0,1.0,1,1.0,1,1.0,1,0.3515329010047228,29
1895,2,2969,1529,1440,0,0,0,1.0,1,1.0,1,1.0,1,0.3402405708462044,31
1896,0,2969,1529,1440,0,0,0,1.0,1,1.0,1,1.0,1,0.3402405708462044,31
1897,0,2969,1529,1440,0,0,0,1.0,1,1.0,1,1.0,1,0.3402405708462044,31
1898,0,2969,1529,1440,0,0,0,1.0,1,1.0,1,1.0,1,0.3402405708462044,31
1899,1,2970,1529,1441,0,0,0,1.0,1,1.0,1,1.0,1,0.33497576076538055,32
1900,0,2970,1529,1441,0,0,0,1.0,1,1.0,1,1.0,1,0.33497576076538055,32
1901,0,2970,1529,1441,0,0,0,1.0,1,1.0,1,1.0,1,0.33497576076538055,32
1902,1,2971,1530,1441,0,0,0,1.0,1,1.0,1,1.0,1,0.35513315102076715,32
1903,0,2971,1530,1441,0,0,0,1.0,1,1.0,1,1.0,1,0.35513315102076715,32
1904,0,2971,1530,1441,0,0,0,1.0,1,1.0,1,1.0,1,0.3300967105287375,34
1905,1,2972,1530,1442,0,0,0,1.0,1,1.0,1,1.0,1,0.28811371177722933,34
1906,0,2972,1530,1442,0,0,0,1.0,1,1.0,1,1.0,1,0.2994812206138562,35
1907,0,2972,1530,1442,0,0,0,1.0,1,1.0,1,1.0,1,0.3001810570328883,36
1908,0,2972,1530,1442,0,0,0,1.0,1,1.0,1,1.0,1,0.3001810570328883,36
1909,1,2973,1530,1443,0,0,0,1.0,1,1.0,1,1.0,1,0.2976422654569013,37
1910,2,2975,1531,1444,0,0,0,1.0,1,1.0,1,1.0,1,0.325537840892971,38
1911,4,2979,1531,1448,0,0,0,1.0,1,1.0,1,1.0,1,0.2547744375712281,37
1912,0,2979,1531,1448,0,0,0,1.0,1,1.0,1,1.0,1,0.2547744375712281,37
1913,1,2980,1532,1448,0,0,0,1.0,1,1.0,1,1.0,1,0.21899052539231056,36
1914,2,2982,1533,1449,0,0,0,1.0,1,1.0,1,1.0,1,0.22094411345201564,37
1915,1,2983,1534,1449,0,0,0,1.0,1,1.0,1,1.0,1,0.24991890822029236,37
1916,1,2984,1534,1450,0,0,0,1.0,1,1.0,1,1.0,1,0.22177195123478113,39
1917,3,2987,1536,1451,0,0,0,1.0,1,1.0,1,1.0,1,0.21111469674588584,38
1918,0,2987,1536,1451,0,0,0,1.0,1,1.0,1,1.0,1,0.2311711290448395,38
1919,0,2987,1536,1451,0,0,0,1.0,1,1.0,1,1.0,1,0.2643483069126559,38
1920,1,2988,1537,1451,0,0,0,1.0,1,1.0,1,1.0,1,0.26653818420299086,39
1921,1,2989,1537,1452,0,0,0,1.0,1,1.0,1,1.0,1,0.2255934603152239,38
1922,3,2992,1539,1453,0,0,0,1.0,1,1.0,1,1.0,1,0.2128146937559587,39
1923,2,2994,1541,1453,0,0,0,1.0,1,1.0,1,1.0,1,0.28445370929511077,40
1924,1,2995,1541,1454,0,0,0,1.0,1,1.0,1,1.0,1,0.26040055321066213,40
1925,3,2998,1541,1457,0,0,0,1.0,1,1.0,1,1.0,1,0.23397035934427873,40
1926,0,2998,1541,1457,0,0,0,1.0,1,1.0,1,1.0,1,0.23397035934427873,40
1927,0,2998,1541,1457,0,0,0,1.0,1,1.0,1,1.0,1,0.21631206003262482,41
1928,1,2999,1542,1457,0,0,0,1.0,1,1.0,1,1.0,1,0.2283415162350237,41
1929,0,2999,1542,1457,0,0,0,1.0,1,1.0,1,1.0,1,0.2232879208453566,40
1930,1,3000,1543,1457,0,0,0,1.0,1,1.0,1,1.0,1,0.2298238131193403,40
1931,1,3001,1543,1458,0,0,0,1.0,1,1.0,1,1.0,1,0.1783106302955821,40
1932,1,3002,1543,1459,0,0,0,1.0,1,1.0,1,1.0,1,0.15574896420145543,40
1933,0,3002,1543,1459,0,0,0,1.0,1,1.0,1,1.0,1,0.18428739723116222,42
1934,0,3002,1543,1459,0,0,0,1.0,1,1.0,1,1.0,1,0.19959634695187226,44
1935,0,3002,1543,1459,0,0,0,1.0,1,1.0,1,1.0,1,0.19959634695187226,44
1936,3,3005,1545,1460,0,0,0,1.0,1,1.0,1,1.0,1,0.17286563901480628,46
1937,0,3005,1545,1460,0,0,0,1.0,1,1.0,1,1.0,1,0.171044292467381,47
1938,2,3007,1547,1460,0,0,0,1.0,1,1.0,1,1.0,1,0.17195219384194976,47
1939,0,3007,1547,1460,0,0,0,1.0,1,1.0,1,1.0,1,0.17195219384194976,47
1940,3,3010,1548,1462,0,0,0,1.0,1,1.0,1,1.0,1,0.16880998142374076,47
1941,2,3012,1550,1462,0,0,0,1.0,1,1.0,1,1.0,1,0.17441324828843444,47
1942,1,3013,1551,1462,0,0,0,1.0,1,1.0,1,1.0,1,0.23194818995605906,49
1943,2,3015,1552,1463,0,0,0,1.0,1,1.0,1,1.0,1,0.2174498834883762,47
1944,7,3022,1556,1466,0,0,0,1.0,1,1.0,1,1.0,1,0.23672244591425984,47
1945,6,3028,1559,1469,0,0,0,1.0,1,1.0,1,1.0,1,0.23366471859434523,45
1946,1,3029,1559,1470,0,0,0,1.0,1,1.0,1,1.0,1,0.22477317085915616,45
1947,6,3035,1562,1473,0,0,0,1.0,1,1.0,1,1.0,1,0.21637244255652546,45
1948,4,3039,1563,1476,0,0,0,1.0,1,1.0,1,1.0,1,0.2628014686079244,45
1949,5,3044,1565,1479,0,0,0,1.0,1,1.0,1,1.0,1,0.2648274131896412,42
1950,2,3046,1565,1481,0,0,0,1.0,1,1.0,1,1.0,1,0.1826497758773903,42
1951,4,3050,1566,1484,0,0,0,1.0,1,1.0,1,1.0,1,0.18630721323413818,38
1952,3,3053,1568,1485,0,0,0,1.0,1,1.0,1,1.0,1,0.20248726407399226,36
1953,1,3054,1568,1486,0,0,0,1.0,1,1.0,1,1.0,1,0.172349131879652,35
1954,1,3055,1569,1486,0,0,0,1.0,1,1.0,1,1.0,1,0.21718655718682056,32
1955,2,3057,1571,1486,0,0,0,1.0,1,1.0,1,1.0,1,0.2139195485882211,33
1956,2,3059,1573,1486,0,0,0,1.0,1,1.0,1,1.0,1,0.22035439469631904,31
1957,1,3060,1573,1487,0,0,0,1.0,1,1.0,1,1.0,1,0.21110262341532327,33
1958,2,3062,1575,1487,0,0,0,1.0,1,1.0,1,1.0,1,0.2502539106097107,34
1959,0,3062,1575,1487,0,0,0,1.0,1,1.0,1,1.0,1,0.2562913921106625,35
1960,3,3065,1578,1487,0,0,0,1.0,1,1.0,1,1.0,1,0.29586420164130195,36
1961,2,3067,1579,1488,0,0,0,1.0,1,1.0,1,1.0,1,0.2532453405300939,36
1962,0,3067,1579,1488,0,0,0,1.0,1,1.0,1,1.0,1,0.23000754312807678,35
1963,0,3067,1579,1488,0,0,0,1.0,1,1.0,1,1.0,1,0.24613319478550844,36
1964,0,3067,1579,1488,0,0,0,1.0,1,1.0,1,1.0,1,0.2714138981447664,35
1965,0,3067,1579,1488,0,0,0,1.0,1,1.0,1,1.0,1,0.25167198166619803,36
1966,2,3069,1581,1488,0,0,0,1.0,1,1.0,1,1.0,1,0.2820850042014031,36
1967,2,3071,1582,1489,0,0,0,1.0,1,1.0,1,1.0,1,0.2731257027890034,36
1968,0,3071,1582,1489,0,0,0,1.0,1,1.0,1,1.0,1,0.28806410655438386,37
1969,1,3072,1583,1489,0,0,0,1.0,1,1.0,1,1.0,1,0.3048435955603737,37
1970,4,3076,1584,1492,0,0,0,1.0,1,1.0,1,1.0,1,0.24109826115835462,38
1971,0,3076,1584,1492,0,0,0,1.0,1,1.0,1,1.0,1,0.2604354854333865,37
1972,0,3076,1584,1492,0,0,0,1.0,1,1.0,1,1.0,1,0.2604354854333865,37
1973,1,3077,1585,1492,0,0,0,1.0,1,1.0,1,1.0,1,0.29982576306681946,37
1974,0,3077,1585,1492,0,0,0,1.0,1,1.0,1,1.0,1,0.30338106697240286,38
1975,1,3078,1585,1493,0,0,0,1.0,1,1.0,1,1.0,1,0.2897742905351522,37
1976,5,3083,1587,1496,0,0,0,1.0,1,1.0,1,1.0,1,0.3139824900398826,39
1977,2,3085,1587,1498,0,0,0,1.0,1,1.0,1,1.0,1,0.2651569795617956,42
1978,2,3087,1589,1498,0,0,0,1.0,1,1.0,1,1.0,1,0.2563068081680937,42
1979,0,3087,1589,1498,0,0,0,1.0,1,1.0,1,1.0,1,0.2563068081680937,42
1980,2,3089,1590,1499,0,0,0,1.0,1,1.0,1,1.0,1,0.22271423785365635,43
1981,0,3089,1590,1499,0,0,0,1.0,1,1.0,1,1.0,1,0.2305670804525735,44
1982,1,3090,1591,1499,0,0,0,1.0,1,1.0,1,1.0,1,0.23667613048916095,44
1983,3,3093,1593,1500,0,0,0,1.0,1,1.0,1,1.0,1,0.23518723762227967,44
1984,4,3097,1594,1503,0,0,0,1.0,1,1.0,1,1.0,1,0.21888554319509984,42
1985,1,3098,1595,1503,0,0,0,1.0,1,1.0,1,1.0,1,0.2266545650746412,41
1986,3,3101,1597,1504,0,0,0,1.0,1,1.0,1,1.0,1,0.2370954933184284,40
1987,1,3102,1598,1504,0,0,0,1.0,1,1.0,1,1.0,1,0.24578013289389591,37
1988,3,3105,1600,1505,0,0,0,1.0,1,1.0,1,1.0,1,0.2705746925225519,35
1989,0,3105,1600,1505,0,0,0,1.0,1,1.0,1,1.0,1,0.27419546085871993,32
1990,0,3105,1600,1505,0,0,0,1.0,1,1.0,1,1.0,1,0.21704848196356877,31
1991,1,3106,1601,1505,0,0,0,1.0,1,1.0,1,1.0,1,0.2585413125961087,32
1992,2,3108,1603,1505,0,0,0,1.0,1,1.0,1,1.0,1,0.322001319003808,32
1993,2,3110,1604,1506,0,0,0,1.0,1,1.0,1,1.0,1,0.3483489332837848,32
1994,0,3110,1604,1506,0,0,0,1.0,1,1.0,1,1.0,1,0.3758199266004903,31
1995,2,3112,1604,1508,0,0,0,1.0,1,1.0,1,1.0,1,0.3122677174475028,32
1996,0,3112,1604,1508,0,0,0,1.0,1,1.0,1,1.0,1,0.31371131294055643,32
1997,1,3113,1604,1509,0,0,0,1.0,1,1.0,1,1.0,1,0.3004663359396362,31
1998,2,3115,1604,1511,0,0,0,1.0,1,1.0,1,1.0,1,0.24733041790889376,32
1999,1,3116,1605,1511,0,0,0,1.0,1,1.0,1,1.0,1,0.27365346868704005,31
2000,0,3116,1605,1511,0,0,0,1.0,1,1.0,1,1.0,1,0.28477996231547775,30
2001,2,3118,1605,1513,0,0,0,1.0,1,1.0,1,1.0,1,0.2304787982629772,29
2002,1,3119,1606,1513,0,0,0,1.0,1,1.0,1,1.0,1,0.232791170769,31
2003,2,3121,1608,1513,0,0,0,1.0,1,1.0,1,1.0,1,0.21084171976380733,33
2004,3,3124,1609,1515,0,0,0,1.0,1,1.0,1,1.0,1,0.2349994542671407,34
2005,0,3124,1609,1515,0,0,0,1.0,1,1.0,1,1.0,1,0.25936144898863767,35
2006,3,3127,1611,1516,0,0,0,1.0,1,1.0,1,1.0,1,0.22295829836466893,36
2007,0,3127,1611,1516,0,0,0,1.0,1,1.0,1,1.0,1,0.22295829836466893,36
2008,3,3130,1613,1517,0,0,0,1.0,1,1.0,1,1.0,1,0.22292120795213774,36
2009,0,3130,1613,1517,0,0,0,1.0,1,1.0,1,1.0,1,0.2016855020825092,37
2010,1,3131,1614,1517,0,0,0,1.0,1,1.0,1,1.0,1,0.2252921167688886,37
2011,0,3131,1614,1517,0,0,0,1.0,1,1.0,1,1.0,1,0.2252921167688886,37
2012,0,3131,1614,1517,0,0,0,1.0,1,1.0,1,1.0,1,0.2252921167688886,37
2013,1,3132,1614,1518,0,0,0,1.0,1,1.0,1,1.0,1,0.21443007019230062,39
2014,2,3134,1614,1520,0,0,0,1.0,1,1.0,1,1.0,1,0.2203614261455222,39
2015,0,3134,1614,1520,0,0,0,1.0,1,1.0,1,1.0,1,0.2203614261455222,39
2016,0,3134,1614,1520,0,0,0,1.0,1,1.0,1,1.0,1,0.22242603187470042,41
2017,2,3136,1614,1522,0,0,0,1.0,1,1.0,1,1.0,1,0.20637889635494172,41
2018,4,3140,1616,1524,0,0,0,1.0,1,1.0,1,1.0,1,0.21952214057864022,42
2019,1,3141,1617,1524,0,0,0,1.0,1,1.0,1,1.0,1,0.20525018429487893,43
2020,2,3143,1619,1524,0,0,0,1.0,1,1.0,1,1.0,1,0.23925397490012718,43
2021,2,3145,1620,1525,0,0,0,1.0,1,1.0,1,1.0,1,0.19135263537239025,43
2022,1,3146,1621,1525,0,0,0,1.0,1,1.0,1,1.0,1,0.1914618310049256,44
2023,4,3150,1624,1526,0,0,0,1.0,1,1.0,1,1.0,1,0.26230355099098596,42
2024,1,3151,1625,1526,0,0,0,1.0,1,1.0,1,1.0,1,0.28610689197983996,41
2025,3,3154,1627,1527,0,0,0,1.0,1,1.0,1,1.0,1,0.2976575557965869,39
2026,3,3157,1628,1529,0,0,0,1.0,1,1.0,1,1.0,1,0.2494224766584432,39
2027,4,3161,1631,1530,0,0,0,1.0,1,1.0,1,1.0,1,0.3385803793282344,38
2028,3,3164,1632,1532,0,0,0,1.0,1,1.0,1,1.0,1,0.3412905787580086,37
2029,1,3165,1632,1533,0,0,0,1.0,1,1.0,1,1.0,1,0.2938531201906,35
2030,0,3165,1632,1533,0,0,0,1.0,1,1.0,1,1.0,1,0.269707657992415,32
2031,2,3167,1634,1533,0,0,0,1.0,1,1.0,1,1.0,1,0.291936621980321,34
2032,2,3169,1635,1534,0,0,0,1.0,1,1.0,1,1.0,1,0.3118698332275512,35
2033,6,3175,1639,1536,0,0,0,1.0,1,1.0,1,1.0,1,0.24829110470288157,35
2034,0,3175,1639,1536,0,0,0,1.0,1,1.0,1,1.0,1,0.2648198653950606,35
2035,2,3177,1641,1536,0,0,0,1.0,1,1.0,1,1.0,1,0.2812007700827536,36
2036,1,3178,1641,1537,0,0,0,1.0,1,1.0,1,1.0,1,0.25763571133852714,35
2037,3,3181,1642,1539,0,0,0,1.0,1,1.0,1,1.0,1,0.24987222296402362,36
2038,1,3182,1643,1539,0,0,0,1.0,1,1.0,1,1.0,1,0.24491474835258373,38
2039,1,3183,1644,1539,0,0,0,1.0,1,1.0,1,1.0,1,0.2427187405049286,38
2040,0,3183,1644,1539,0,0,0,1.0,1,1.0,1,1.0,1,0.22222350155113668,37
2041,1,3184,1645,1539,0,0,0,1.0,1,1.0,1,1.0,1,0.2566613499047539,38
2042,1,3185,1645,1540,0,0,0,1.0,1,1.0,1,1.0,1,0.24873801855069783,38
2043,1,3186,1646,1540,0,0,0,1.0,1,1.0,1,1.0,1,0.2247281245027819,38
2044,0,3186,1646,1540,0,0,0,1.0,1,1.0,1,1.0,1,0.21806668711554172,39
2045,0,3186,1646,1540,0,0,0,1.0,1,1.0,1,1.0,1,0.23630354267239984,40
2046,0,3186,1646,1540,0,0,0,1.0,1,1.0,1,1.0,1,0.23945579978161574,41
2047,2,3188,1647,1541,0,0,0,1.0,1,1.0,1,1.0,1,0.206564996671639,41
2048,1,3189,1647,1542,0,0,0,1.0,1,1.0,1,1.0,1,0.2091031041279641,43
2049,2,3191,1649,1542,0,0,0,1.0,1,1.0,1,1.0,1,0.21751905339071298,43
2050,1,3192,1649,1543,0,0,0,1.0,1,1.0,1,1.0,1,0.1958492656805394,43
2051,3,3195,1650,1545,0,0,0,1.0,1,1.0,1,1.0,1,0.2093136758707737,43
2052,1,3196,1650,1546,0,0,0,1.0,1,1.0,1,1.0,1,0.18757753468509306,44
2053,2,3198,1651,1547,0,0,0,1.0,1,1.0,1,1.0,1,0.21449979611429992,43
2054,0,3198,1651,1547,0,0,0,1.0,1,1.0,1,1.0,1,0.21955631652483137,44
2055,0,3198,1651,1547,0,0,0,1.0,1,1.0,1,1.0,1,0.22994752447889322,43
2056,1,3199,1651,1548,0,0,0,1.0,1,1.0,1,1.0,1,0.20112511983667022,44
2057,2,3201,1653,1548,0,0,0,1.0,1,1.0,1,1.0,1,0.19575698999307914,44
2058,2,3203,1655,1548,0,0,0,1.0,1,1.0,1,1.0,1,0.2180950971533956,44
2059,4,3207,1656,1551,0,0,0,1.0,1,1.0,1,1.0,1,0.16150364364687003,45
2060,2,3209,1656,1553,0,0,0,1.0,1,1.0,1,1.0,1,0.13743252651183213,46
2061,3,3212,1658,1554,0,0,0,1.0,1,1.0,1,1.0,1,0.17398416056465468,48
2062,1,3213,1659,1554,0,0,0,1.0,1,1.0,1,1.0,1,0.18271124416509724,48
2063,1,3214,1660,1554,0,0,0,1.0,1,1.0,1,1.0,1,0.18189547086587038,45
2064,2,3216,1662,1554,0,0,0,1.0,1,1.0,1,1.0,1,0.23011108674345854,44
2065,0,3216,1662,1554,0,0,0,1.0,1,1.0,1,1.0,1,0.1923392846415444,42
2066,5,3221,1667,1554,0,0,0,1.0,1,1.0,1,1.0,1,0.33534583464019485,42
2067,2,3223,1668,1555,0,0,0,1.0,1,1.0,1,1.0,1,0.3518142560312737,38
2068,0,3223,1668,1555,0,0,0,1.0,1,1.0,1,1.0,1,0.3424508223789476,37
2069,0,3223,1668,1555,0,0,0,1.0,1,1.0,1,1.0,1,0.3178433351466952,35
2070,1,3224,1669,1555,0,0,0,1.0,1,1.0,1,1.0,1,0.3418051039893426,35
2071,0,3224,1669,1555,0,0,0,1.0,1,1.0,1,1.0,1,0.3429428360654785,34
2072,3,3227,1670,1557,0,0,0,1.0,1,1.0,1,1.0,1,0.3436382225988247,35
2073,1,3228,1670,1558,0,0,0,1.0,1,1.0,1,1.0,1,0.3305838561570236,37
2074,0,3228,1670,1558,0,0,0,1.0,1,1.0,1,1.0,1,0.31572549131313615,36
2075,3,3231,1670,1561,0,0,0,1.0,1,1.0,1,1.0,1,0.24130777771996273,38
2076,1,3232,1670,1562,0,0,0,1.0,1,1.0,1,1.0,1,0.1986260568488748,37
2077,1,3233,1670,1563,0,0,0,1.0,1,1.0,1,1.0,1,0.16591164108931925,37
2078,0,3233,1670,1563,0,0,0,1.0,1,1.0,1,1.0,1,0.16591164108931925,37
2079,2,3235,1671,1564,0,0,0,1.0,1,1.0,1,1.0,1,0.14745173273875167,37
2080,0,3235,1671,1564,0,0,0,1.0,1,1.0,1,1.0,1,0.15107647326542187,36
2081,0,3235,1671,1564,0,0,0,1.0,1,1.0,1,1.0,1,0.17363619911575728,37
2082,4,3239,1673,1566,0,0,0,1.0,1,1.0,1,1.0,1,0.24260230749474954,38
2083,2,3241,1674,1567,0,0,0,1.0,1,1.0,1,1.0,1,0.2333042247435601,39
2084,1,3242,1675,1567,0,0,0,1.0,1,1.0,1,1.0,1,0.27558697152048306,41
2085,1,3243,1676,1567,0,0,0,1.0,1,1.0,1,1.0,1,0.25273624508244885,41
2086,1,3244,1676,1568,0,0,0,1.0,1,1.0,1,1.0,1,0.25175532565204534,44
2087,1,3245,1677,1568,0,0,0,1.0,1,1.0,1,1.0,1,0.2308334384942487,44
2088,0,3245,1677,1568,0,0,0,1.0,1,1.0,1,1.0,1,0.23470454932993196,45
2089,2,3247,1677,1570,0,0,0,1.0,1,1.0,1,1.0,1,0.20138616654826152,46
2090,1,3248,1677,1571,0,0,0,1.0,1,1.0,1,1.0,1,0.20678659013298312,47
2091,0,3248,1677,1571,0,0,0,1.0,1,1.0,1,1.0,1,0.2095190967760805,48
2092,3,3251,1680,1571,0,0,0,1.0,1,1.0,1,1.0,1,0.18701777329145639,48
2093,0,3251,1680,1571,0,0,0,1.0,1,1.0,1,1.0,1,0.18701777329145639,48
2094,1,3252,1681,1571,0,0,0,1.0,1,1.0,1,1.0,1,0.20498559137262354,47
2095,1,3253,1681,1572,0,0,0,1.0,1,1.0,1,1.0,1,0.21545156008470878,49
2096,1,3254,1682,1572,0,0,0,1.0,1,1.0,1,1.0,1,0.24200074996676207,50
2097,0,3254,1682,1572,0,0,0,1.0,1,1.0,1,1.0,1,0.24200074996676207,50
2098,3,3257,1683,1574,0,0,0,1.0,1,1.0,1,1.0,1,0.23881629413740815,51
2099,3,3260,1684,1576,0,0,0,1.0,1,1.0,1,1.0,1,0.230633131594844,50
2100,2,3262,1686,1576,0,0,0,1.0,1,1.0,1,1.0,1,0.26328633327604445,49
2101,2,3264,1686,1578,0,0,0,1.0,1,1.0,1,1.0,1,0.28838429376077834,48
2102,8,3272,1690,1582,0,0,0,1.0,1,1.0,1,1.0,1,0.3305933731714894,49
2103,5,3277,1691,1586,0,0,0,1.0,1,1.0,1,1.0,1,0.26076153218407616,44
2104,1,3278,1692,1586,0,0,0,1.0,1,1.0,1,1.0,1,0.2880573644694489,42
2105,1,3279,1693,1586,0,0,0,1.0,1,1.0,1,1.0,1,0.2960856654449328,40
2106,2,3281,1694,1587,0,0,0,1.0,1,1.0,1,1.0,1,0.3062410517887559,39
2107,1,3282,1695,1587,0,0,0,1.0,1,1.0,1,1.0,1,0.29390685218595053,37
2108,2,3284,1697,1587,0,0,0,1.0,1,1.0,1,1.0,1,0.3396909051229574,37
2109,4,3288,1700,1588,0,0,0,1.0,1,1.0,1,1.0,1,0.37167712092776534,36
2110,0,3288,1700,1588,0,0,0,1.0,1,1.0,1,1.0,1,0.33826292565194677,35
2111,4,3292,1701,1591,0,0,0,1.0,1,1.0,1,1.0,1,0.2483899204196405,35
2112,0,3292,1701,1591,0,0,0,1.0,1,1.0,1,1.0,1,0.2483899204196405,35
2113,0,3292,1701,1591,0,0,0,1.0,1,1.0,1,1.0,1,0.2474733340574769,35
2114,1,3293,1702,1591,0,0,0,1.0,1,1.0,1,1.0,1,0.29875067811572315,36
2115,2,3295,1702,1593,0,0,0,1.0,1,1.0,1,1.0,1,0.26519440546901113,37
2116,6,3301,1705,1596,0,0,0,1.0,1,1.0,1,1.0,1,0.24898016720656352,39
2117,0,3301,1705,1596,0,0,0,1.0,1,1.0,1,1.0,1,0.23242143655294312,39
2118,1,3302,1705,1597,0,0,0,1.0,1,1.0,1,1.0,1,0.22593818989681327,41
2119,1,3303,1706,1597,0,0,0,1.0,1,1.0,1,1.0,1,0.2278057661156413,42
2120,0,3303,1706,1597,0,0,0,1.0,1,1.0,1,1.0,1,0.2278057661156413,42
2121,0,3303,1706,1597,0,0,0,1.0,1,1.0,1,1.0,1,0.2278057661156413,42
2122,1,3304,1706,1598,0,0,0,1.0,1,1.0,1,1.0,1,0.22819395414938382,43
2123,5,3309,1707,1602,0,0,0,1.0,1,1.0,1,1.0,1,0.20103395386146863,42
2124,0,3309,1707,1602,0,0,0,1.0,1,1.0,1,1.0,1,0.20103395386146863,42
2125,0,3309,1707,1602,0,0,0,1.0,1,1.0,1,1.0,1,0.2187552390795098,41
2126,2,3311,1708,1603,0,0,0,1.0,1,1.0,1,1.0,1,0.18836879732921663,41
2127,1,3312,1708,1604,0,0,0,1.0,1,1.0,1,1.0,1,0.16129057504141392,41
2128,0,3312,1708,1604,0,0,0,1.0,1,1.0,1,1.0,1,0.169742786597468,42
2129,0,3312,1708,1604,0,0,0,1.0,1,1.0,1,1.0,1,0.18544440323212236,43
2130,0,3312,1708,1604,0,0,0,1.0,1,1.0,1,1.0,1,0.19945732054294837,45
2131,1,3313,1709,1604,0,0,0,1.0,1,1.0,1,1.0,1,0.23300723336617915,44
2132,0,3313,1709,1604,0,0,0,1.0,1,1.0,1,1.0,1,0.23300723336617915,44
2133,3,3316,1709,1607,0,0,0,1.0,1,1.0,1,1.0,1,0.19775974091225915,45
2134,0,3316,1709,1607,0,0,0,1.0,1,1.0,1,1.0,1,0.19775974091225915,45
2135,3,3319,1709,1610,0,0,0,1.0,1,1.0,1,1.0,1,0.15303106452811788,46
2136,1,3320,1710,1610,0,0,0,1.0,1,1.0,1,1.0,1,0.15449145360515204,47
2137,3,3323,1712,1611,0,0,0,1.0,1,1.0,1,1.0,1,0.13001075824561184,47
2138,0,3323,1712,1611,0,0,0,1.0,1,1.0,1,1.0,1,0.18595766196433094,45
2139,2,3325,1713,1612,0,0,0,1.0,1,1.0,1,1.0,1,0.17797944981101194,45
2140,2,3327,1715,1612,0,0,0,1.0,1,1.0,1,1.0,1,0.2034257273185247,44
2141,3,3330,1716,1614,0,0,0,1.0,1,1.0,1,1.0,1,0.1453026040891221,45
2142,3,3333,1719,1614,0,0,0,1.0,1,1.0,1,1.0,1,0.18675497138550332,46
2143,0,3333,1719,1614,0,0,0,1.0,1,1.0,1,1.0,1,0.17205997532723613,46
2144,2,3335,1720,1615,0,0,0,1.0,1,1.0,1,1.0,1,0.1869504807275153,48
2145,4,3339,1724,1615,0,0,0,1.0,1,1.0,1,1.0,1,0.21521199869219482,46
2146,4,3343,1726,1617,0,0,0,1.0,1,1.0,1,1.0,1,0.19128715875227367,45
2147,1,3344,1727,1617,0,0,0,1.0,1,1.0,1,1.0,1,0.19266564506186412,44
2148,3,3347,1729,1618,0,0,0,1.0,1,1.0,1,1.0,1,0.21754124609985037,44
2149,4,3351,1732,1619,0,0,0,1.0,1,1.0,1,1.0,1,0.23416836338492414,42
2150,1,3352,1733,1619,0,0,0,1.0,1,1.0,1,1.0,1,0.2235801030133114,40
2151,3,3355,1734,1621,0,0,0,1.0,1,1.0,1,1.0,1,0.2085199303921833,39
2152,1,3356,1735,1621,0,0,0,1.0,1,1.0,1,1.0,1,0.25610157692105856,40
2153,5,3361,1737,1624,0,0,0,1.0,1,1.0,1,1.0,1,0.24663971596300838,42
2154,2,3363,1738,1625,0,0,0,1.0,1,1.0,1,1.0,1,0.27170854443286613,42
2155,2,3365,1739,1626,0,0,0,1.0,1,1.0,1,1.0,1,0.24968031800772178,41
2156,1,3366,1739,1627,0,0,0,1.0,1,1.0,1,1.0,1,0.2457761726082376,40
2157,3,3369,1741,1628,0,0,0,1.0,1,1.0,1,1.0,1,0.27950049308203767,40
2158,0,3369,1741,1628,0,0,0,1.0,1,1.0,1,1.0,1,0.2960566999285567,38
2159,0,3369,1741,1628,0,0,0,1.0,1,1.0,1,1.0,1,0.28796641535834855,38
2160,2,3371,1742,1629,0,0,0,1.0,1,1.0,1,1.0,1,0.2384202204231885,38
2161,2,3373,1744,1629,0,0,0,1.0,1,1.0,1,1.0,1,0.23449341813460922,38
2162,2,3375,1745,1630,0,0,0,1.0,1,1.0,1,1.0,1,0.22985693261208037,38
2163,4,3379,1747,1632,0,0,0,1.0,1,1.0,1,1.0,1,0.2600450358759405,40
2164,3,3382,1749,1633,0,0,0,1.0,1,1.0,1,1.0,1,0.29551191143056477,41
2165,4,3386,1749,1637,0,0,0,1.0,1,1.0,1,1.0,1,0.2317161130915223,42
2166,0,3386,1749,1637,0,0,0,1.0,1,1.0,1,1.0,1,0.2317161130915223,42
2167,2,3388,1749,1639,0,0,0,1.0,1,1.0,1,1.0,1,0.18816612496738525,43
2168,0,3388,1749,1639,0,0,0,1.0,1,1.0,1,1.0,1,0.17778813755832734,43
2169,1,3389,1749,1640,0,0,0,1.0,1,1.0,1,1.0,1,0.1819041213616422,45
2170,0,3389,1749,1640,0,0,0,1.0,1,1.0,1,1.0,1,0.17608203305654088,46
2171,2,3391,1751,1640,0,0,0,1.0,1,1.0,1,1.0,1,0.17727096808610032,48
2172,1,3392,1751,1641,0,0,0,1.0,1,1.0,1,1.0,1,0.15162771355895568,49
2173,1,3393,1752,1641,0,0,0,1.0,1,1.0,1,1.0,1,0.13717837357152332,49
2174,1,3394,1753,1641,0,0,0,1.0,1,1.0,1,1.0,1,0.14155860354284291,49
2175,0,3394,1753,1641,0,0,0,1.0,1,1.0,1,1.0,1,0.14155860354284291,49
2176,2,3396,1753,1643,0,0,0,1.0,1,1.0,1,1.0,1,0.1631617204644701,51
2177,2,3398,1755,1643,0,0,0,1.0,1,1.0,1,1.0,1,0.19296998833941312,51
2178,2,3400,1757,1643,0,0,0,1.0,1,1.0,1,1.0,1,0.22222067343777516,50
2179,2,3402,1757,1645,0,0,0,1.0,1,1.0,1,1.0,1,0.15814405048863633,49
2180,1,3403,1758,1645,0,0,0,1.0,1,1.0,1,1.0,1,0.19658143796036368,47
2181,2,3405,1760,1645,0,0,0,1.0,1,1.0,1,1.0,1,0.21268995230392335,47
2182,4,3409,1763,1646,0,0,0,1.0,1,1.0,1,1.0,1,0.2815735671674343,45
2183,5,3414,1765,1649,0,0,0,1.0,1,1.0,1,1.0,1,0.197918928566247,44
2184,2,3416,1766,1650,0,0,0,1.0,1,1.0,1,1.0,1,0.25010338059571074,43
2185,5,3421,1768,1653,0,0,0,1.0,1,1.0,1,1.0,1,0.22254009108891804,40
2186,4,3425,1771,1654,0,0,0,1.0,1,1.0,1,1.0,1,0.17291403361841537,38
2187,3,3428,1773,1655,0,0,0,1.0,1,1.0,1,1.0,1,0.15540703812416642,35
2188,4,3432,1777,1655,0,0,0,1.0,1,1.0,1,1.0,1,0.2568431379393202,34
2189,1,3433,1778,1655,0,0,0,1.0,1,1.0,1,1.0,1,0.2524602481525248,31
2190,2,3435,1780,1655,0,0,0,1.0,1,1.0,1,1.0,1,0.20099117353295623,29
2191,0,3435,1780,1655,0,0,0,1.0,1,1.0,1,1.0,1,0.21040262535879728,28
2192,2,3437,1782,1655,0,0,0,1.0,1,1.0,1,1.0,1,0.2946447595384431,29
2193,2,3439,1784,1655,0,0,0,1.0,1,1.0,1,1.0,1,0.3558400624012151,28
2194,0,3439,1784,1655,0,0,0,1.0,1,1.0,1,1.0,1,0.3434082165271235,27
2195,4,3443,1787,1656,0,0,0,1.0,1,1.0,1,1.0,1,0.27527629770222434,27
2196,0,3443,1787,1656,0,0,0,1.0,1,1.0,1,1.0,1,0.3382853432366699,27
2197,1,3444,1787,1657,0,0,0,1.0,1,1.0,1,1.0,1,0.2955035967871318,27
2198,0,3444,1787,1657,0,0,0,1.0,1,1.0,1,1.0,1,0.2587464059060081,28
2199,1,3445,1787,1658,0,0,0,1.0,1,1.0,1,1.0,1,0.27558290130502533,29
2200,1,3446,1787,1659,0,0,0,1.0,1,1.0,1,1.0,1,0.27321353514428987,31
2201,2,3448,1789,1659,0,0,0,1.0,1,1.0,1,1.0,1,0.27086284143922895,32
2202,0,3448,1789,1659,0,0,0,1.0,1,1.0,1,1.0,1,0.27671262855759193,31
2203,0,3448,1789,1659,0,0,0,1.0,1,1.0,1,1.0,1,0.2719688144709245,32
2204,0,3448,1789,1659,0,0,0,1.0,1,1.0,1,1.0,1,0.2719688144709245,32
2205,1,3449,1790,1659,0,0,0,1.0,1,1.0,1,1.0,1,0.30564826806015455,33
2206,0,3449,1790,1659,0,0,0,1.0,1,1.0,1,1.0,1,0.29474802514413506,32
2207,2,3451,1790,1661,0,0,0,1.0,1,1.0,1,1.0,1,0.2911371496326552,33
2208,0,3451,1790,1661,0,0,0,1.0,1,1.0,1,1.0,1,0.2835221609093331,35
2209,5,3456,1792,1664,0,0,0,1.0,1,1.0,1,1.0,1,0.27942099977714857,36
2210,1,3457,1792,1665,0,0,0,1.0,1,1.0,1,1.0,1,0.2424008048000279,35
2211,0,3457,1792,1665,0,0,0,1.0,1,1.0,1,1.0,1,0.257307950486639,36
2212,3,3460,1793,1667,0,0,0,1.0,1,1.0,1,1.0,1,0.2590483748529296,37
2213,3,3463,1794,1669,0,0,0,1.0,1,1.0,1,1.0,1,0.23640290399628439,37
2214,2,3465,1795,1670,0,0,0,1.0,1,1.0,1,1.0,1,0.23114613745466178,39
2215,2,3467,1797,1670,0,0,0,1.0,1,1.0,1,1.0,1,0.23036316947511296,36
2216,2,3469,1799,1670,0,0,0,1.0,1,1.0,1,1.0,1,0.27145938779102785,37
2217,3,3472,1801,1671,0,0,0,1.0,1,1.0,1,1.0,1,0.29539257187902973,35
2218,2,3474,1802,1672,0,0,0,1.0,1,1.0,1,1.0,1,0.3059122858711787,35
2219,0,3474,1802,1672,0,0,0,1.0,1,1.0,1,1.0,1,0.2762900082891893,33
2220,1,3475,1803,1672,0,0,0,1.0,1,1.0,1,1.0,1,0.2205743449469829,31
2221,1,3476,1804,1672,0,0,0,1.0,1,1.0,1,1.0,1,0.2632440715316231,31
2222,4,3480,1806,1674,0,0,0,1.0,1,1.0,1,1.0,1,0.22535291141300792,30
2223,3,3483,1808,1675,0,0,0,1.0,1,1.0,1,1.0,1,0.22655818949617204,28
2224,2,3485,1810,1675,0,0,0,1.0,1,1.0,1,1.0,1,0.3023546282864178,29
2225,3,3488,1812,1676,0,0,0,1.0,1,1.0,1,1.0,1,0.29471151507790944,28
2226,2,3490,1813,1677,0,0,0,1.0,1,1.0,1,1.0,1,0.3118011065011016,30
2227,1,3491,1813,1678,0,0,0,1.0,1,1.0,1,1.0,1,0.2383349231073645,28
2228,1,3492,1814,1678,0,0,0,1.0,1,1.0,1,1.0,1,0.2916356578716402,29
2229,1,3493,1815,1678,0,0,0,1.0,1,1.0,1,1.0,1,0.23105232392392933,28
2230,0,3493,1815,1678,0,0,0,1.0,1,1.0,1,1.0,1,0.2310249978013782,28
2231,1,3494,1816,1678,0,0,0,1.0,1,1.0,1,1.0,1,0.22875684254335882,27
2232,0,3494,1816,1678,0,0,0,1.0,1,1.0,1,1.0,1,0.2621985741275046,27
2233,5,3499,1819,1680,0,0,0,1.0,1,1.0,1,1.0,1,0.2886509324932045,28
2234,2,3501,1820,1681,0,0,0,1.0,1,1.0,1,1.0,1,0.3054367732608403,26
2235,0,3501,1820,1681,0,0,0,1.0,1,1.0,1,1.0,1,0.3054367732608403,26
2236,0,3501,1820,1681,0,0,0,1.0,1,1.0,1,1.0,1,0.32496813392488433,26
2237,1,3502,1821,1681,0,0,0,1.0,1,1.0,1,1.0,1,0.2605218677413984,26
2238,2,3504,1823,1681,0,0,0,1.0,1,1.0,1,1.0,1,0.3033197328953131,27
2239,1,3505,1823,1682,0,0,0,1.0,1,1.0,1,1.0,1,0.27822694293081734,28
2240,1,3506,1824,1682,0,0,0,1.0,1,1.0,1,1.0,1,0.2699780598472798,30
2241,2,3508,1825,1683,0,0,0,1.0,1,1.0,1,1.0,1,0.24838411669194008,29
2242,3,3511,1827,1684,0,0,0,1.0,1,1.0,1,1.0,1,0.21474329090869335,29
2243,1,3512,1828,1684,0,0,0,1.0,1,1.0,1,1.0,1,0.25290538232040016,29
2244,0,3512,1828,1684,0,0,0,1.0,1,1.0,1,1.0,1,0.25290538232040016,29
2245,0,3512,1828,1684,0,0,0,1.0,1,1.0,1,1.0,1,0.26594129949600864,30
2246,1,3513,1828,1685,0,0,0,1.0,1,1.0,1,1.0,1,0.24523158322500602,33
2247,1,3514,1828,1686,0,0,0,1.0,1,1.0,1,1.0,1,0.2513559039374716,34
2248,0,3514,1828,1686,0,0,0,1.0,1,1.0,1,1.0,1,0.2513559039374716,34
2249,0,3514,1828,1686,0,0,0,1.0,1,1.0,1,1.0,1,0.23600699951292828,35
2250,1,3515,1829,1686,0,0,0,1.0,1,1.0,1,1.0,1,0.2401955375496027,35
2251,0,3515,1829,1686,0,0,0,1.0,1,1.0,1,1.0,1,0.23649775504973983,36
2252,3,3518,1830,1688,0,0,0,1.0,1,1.0,1,1.0,1,0.2077791567934533,37
2253,2,3520,1831,1689,0,0,0,1.0,1,1.0,1,1.0,1,0.19831359873213103,35
2254,0,3520,1831,1689,0,0,0,1.0,1,1.0,1,1.0,1,0.2608246910580424,33
2255,2,3522,1832,1690,0,0,0,1.0,1,1.0,1,1.0,1,0.2787909871763709,35
2256,3,3525,1835,1690,0,0,0,1.0,1,1.0,1,1.0,1,0.28709580196849876,34
2257,7,3532,1837,1695,0,0,0,1.0,1,1.0,1,1.0,1,0.14602487891985738,36
2258,2,3534,1838,1696,0,0,0,1.0,1,1.0,1,1.0,1,0.17667474582987935,35
2259,2,3536,1840,1696,0,0,0,1.0,1,1.0,1,1.0,1,0.21583812782883255,35
2260,1,3537,1840,1697,0,0,0,1.0,1,1.0,1,1.0,1,0.24634345360416085,33
2261,2,3539,1840,1699,0,0,0,1.0,1,1.0,1,1.0,1,0.18217157129808864,33
2262,2,3541,1841,1700,0,0,0,1.0,1,1.0,1,1.0,1,0.273951976739577,32
2263,2,3543,1842,1701,0,0,0,1.0,1,1.0,1,1.0,1,0.27306076506363647,31
2264,1,3544,1843,1701,0,0,0,1.0,1,1.0,1,1.0,1,0.31644657451171093,30
2265,2,3546,1843,1703,0,0,0,1.0,1,1.0,1,1.0,1,0.23764231901782104,29
2266,5,3551,1847,1704,0,0,0,1.0,1,1.0,1,1.0,1,0.27494583707765374,30
2267,2,3553,1849,1704,0,0,0,1.0,1,1.0,1,1.0,1,0.2885551107555964,29
2268,1,3554,1850,1704,0,0,0,1.0,1,1.0,1,1.0,1,0.2426270658968489,30
2269,3,3557,1852,1705,0,0,0,1.0,1,1.0,1,1.0,1,0.21175216649907422,31
2270,1,3558,1853,1705,0,0,0,1.0,1,1.0,1,1.0,1,0.2377283397766584,31
2271,5,3563,1857,1706,0,0,0,1.0,1,1.0,1,1.0,1,0.22515161707666248,31
2272,1,3564,1858,1706,0,0,0,1.0,1,1.0,1,1.0,1,0.24302507042654767,31
2273,2,3566,1859,1707,0,0,0,1.0,1,1.0,1,1.0,1,0.2822124991499675,30
2274,1,3567,1859,1708,0,0,0,1.0,1,1.0,1,1.0,1,0.2585942606762135,31
2275,1,3568,1859,1709,0,0,0,1.0,1,1.0,1,1.0,1,0.23313350689887108,32
2276,0,3568,1859,1709,0,0,0,1.0,1,1.0,1,1.0,1,0.22968259744443933,31
2277,1,3569,1860,1709,0,0,0,1.0,1,1.0,1,1.0,1,0.24400907822266008,31
2278,1,3570,1861,1709,0,0,0,1.0,1,1.0,1,1.0,1,0.272872851261568,32
2279,3,3573,1861,1712,0,0,0,1.0,1,1.0,1,1.0,1,0.22188894733856288,32
2280,2,3575,1862,1713,0,0,0,1.0,1,1.0,1,1.0,1,0.23000642741152771,33
2281,1,3576,1862,1714,0,0,0,1.0,1,1.0,1,1.0,1,0.22740827216201454,34
2282,0,3576,1862,1714,0,0,0,1.0,1,1.0,1,1.0,1,0.22740827216201454,34
2283,0,3576,1862,1714,0,0,0,1.0,1,1.0,1,1.0,1,0.22740827216201454,34
2284,2,3578,1863,1715,0,0,0,1.0,1,1.0,1,1.0,1,0.22454992746600208,34
2285,1,3579,1863,1716,0,0,0,1.0,1,1.0,1,1.0,1,0.20476459672245853,35
2286,0,3579,1863,1716,0,0,0,1.0,1,1.0,1,1.0,1,0.23522369795792578,34
2287,1,3580,1864,1716,0,0,0,1.0,1,1.0,1,1.0,1,0.20947668566175187,35
2288,0,3580,1864,1716,0,0,0,1.0,1,1.0,1,1.0,1,0.23525112888586633,35
2289,3,3583,1865,1718,0,0,0,1.0,1,1.0,1,1.0,1,0.20482508545228215,37
2290,2,3585,1866,1719,0,0,0,1.0,1,1.0,1,1.0,1,0.26718994902413445,37
2291,1,3586,1866,1720,0,0,0,1.0,1,1.0,1,1.0,1,0.2564783815291208,35
2292,1,3587,1866,1721,0,0,0,1.0,1,1.0,1,1.0,1,0.27346014412291014,35
2293,1,3588,1867,1721,0,0,0,1.0,1,1.0,1,1.0,1,0.2664574113080437,34
2294,0,3588,1867,1721,0,0,0,1.0,1,1.0,1,1.0,1,0.29407536603802026,33
2295,1,3589,1868,1721,0,0,0,1.0,1,1.0,1,1.0,1,0.3332734348835478,34
2296,2,3591,1868,1723,0,0,0,1.0,1,1.0,1,1.0,1,0.36093549870700165,33
2297,0,3591,1868,1723,0,0,0,1.0,1,1.0,1,1.0,1,0.37978473543736574,32
2298,0,3591,1868,1723,0,0,0,1.0,1,1.0,1,1.0,1,0.4024479035021074,32
2299,0,3591,1868,1723,0,0,0,1.0,1,1.0,1,1.0,1,0.38528273156196086,33
2300,2,3593,1869,1724,0,0,0,1.0,1,1.0,1,1.0,1,0.36016073035659907,33
2301,0,3593,1869,1724,0,0,0,1.0,1,1.0,1,1.0,1,0.36016073035659907,33
2302,2,3595,1871,1724,0,0,0,1.0,1,1.0,1,1.0,1,0.3533029818664649,34
2303,6,3601,1876,1725,0,0,0,1.0,1,1.0,1,1.0,1,0.343492446309226,34
2304,3,3604,1878,1726,0,0,0,1.0,1,1.0,1,1.0,1,0.29702467419059886,33
2305,4,3608,1879,1729,0,0,0,1.0,1,1.0,1,1.0,1,0.2646752817266897,33
2306,2,3610,1881,1729,0,0,0,1.0,1,1.0,1,1.0,1,0.3078865086762467,33
2307,2,3612,1881,1731,0,0,0,1.0,1,1.0,1,1.0,1,0.25460365636072646,35
2308,1,3613,1882,1731,0,0,0,1.0,1,1.0,1,1.0,1,0.25108917939124187,34
2309,2,3615,1884,1731,0,0,0,1.0,1,1.0,1,1.0,1,0.29435145568686066,34
2310,1,3616,1884,1732,0,0,0,1.0,1,1.0,1,1.0,1,0.24006194777886544,34
2311,0,3616,1884,1732,0,0,0,1.0,1,1.0,1,1.0,1,0.23653409407450438,35
2312,2,3618,1886,1732,0,0,0,1.0,1,1.0,1,1.0,1,0.2325781207516345,34
2313,1,3619,1887,1732,0,0,0,1.0,1,1.0,1,1.0,1,0.21468876109320786,35
2314,0,3619,1887,1732,0,0,0,1.0,1,1.0,1,1.0,1,0.2337964699543595,35
2315,2,3621,1887,1734,0,0,0,1.0,1,1.0,1,1.0,1,0.21516427432469498,34
2316,2,3623,1889,1734,0,0,0,1.0,1,1.0,1,1.0,1,0.29871427020254493,35
2317,0,3623,1889,1734,0,0,0,1.0,1,1.0,1,1.0,1,0.30365278032129916,32
2318,1,3624,1890,1734,0,0,0,1.0,1,1.0,1,1.0,1,0.33679343680977764,32
2319,1,3625,1891,1734,0,0,0,1.0,1,1.0,1,1.0,1,0.38887590192267585,32
2320,2,3627,1891,1736,0,0,0,1.0,1,1.0,1,1.0,1,0.3746628025889849,32
2321,1,3628,1891,1737,0,0,0,1.0,1,1.0,1,1.0,1,0.3636113202595234,33
2322,0,3628,1891,1737,0,0,0,1.0,1,1.0,1,1.0,1,0.3636113202595234,33
2323,0,3628,1891,1737,0,0,0,1.0,1,1.0,1,1.0,1,0.3636113202595234,33
2324,2,3630,1893,1737,0,0,0,1.0,1,1.0,1,1.0,1,0.3866639244601497,34
2325,2,3632,1893,1739,0,0,0,1.0,1,1.0,1,1.0,1,0.3517387348600456,35
2326,1,3633,1894,1739,0,0,0,1.0,1,1.0,1,1.0,1,0.3493334803857876,35
2327,0,3633,1894,1739,0,0,0,1.0,1,1.0,1,1.0,1,0.36680125016650056,36
2328,1,3634,1894,1740,0,0,0,1.0,1,1.0,1,1.0,1,0.3626648134512834,37
2329,2,3636,1894,1742,0,0,0,1.0,1,1.0,1,1.0,1,0.30024406926836633,37
2330,0,3636,1894,1742,0,0,0,1.0,1,1.0,1,1.0,1,0.2979982639251263,38
2331,1,3637,1894,1743,0,0,0,1.0,1,1.0,1,1.0,1,0.2925743720531002,40
2332,1,3638,1894,1744,0,0,0,1.0,1,1.0,1,1.0,1,0.28413616437356803,40
2333,0,3638,1894,1744,0,0,0,1.0,1,1.0,1,1.0,1,0.28874012398171034,41
2334,0,3638,1894,1744,0,0,0,1.0,1,1.0,1,1.0,1,0.28874012398171034,41
2335,0,3638,1894,1744,0,0,0,1.0,1,1.0,1,1.0,1,0.28874012398171034,41
2336,2,3640,1894,1746,0,0,0,1.0,1,1.0,1,1.0,1,0.24529097687199922,41
2337,0,3640,1894,1746,0,0,0,1.0,1,1.0,1,1.0,1,0.25816744414964254,42
2338,3,3643,1895,1748,0,0,0,1.0,1,1.0,1,1.0,1,0.27585404702275684,43
2339,1,3644,1895,1749,0,0,0,1.0,1,1.0,1,1.0,1,0.2479514121072163,43
2340,0,3644,1895,1749,0,0,0,1.0,1,1.0,1,1.0,1,0.25152414712416493,45
2341,0,3644,1895,1749,0,0,0,1.0,1,1.0,1,1.0,1,0.25852813311328965,45
2342,2,3646,1895,1751,0,0,0,1.0,1,1.0,1,1.0,1,0.24504775469715817,46
2343,3,3649,1896,1753,0,0,0,1.0,1,1.0,1,1.0,1,0.24225865167925145,45
2344,4,3653,1900,1753,0,0,0,1.0,1,1.0,1,1.0,1,0.2861346340100166,44
2345,4,3657,1900,1757,0,0,0,1.0,1,1.0,1,1.0,1,0.20209588831413383,44
2346,1,3658,1901,1757,0,0,0,1.0,1,1.0,1,1.0,1,0.22949488659480655,44
2347,0,3658,1901,1757,0,0,0,1.0,1,1.0,1,1.0,1,0.2319041700234,44
2348,0,3658,1901,1757,0,0,0,1.0,1,1.0,1,1.0,1,0.2236304580740126,45
2349,4,3662,1901,1761,0,0,0,1.0,1,1.0,1,1.0,1,0.18356861164281812,46
2350,0,3662,1901,1761,0,0,0,1.0,1,1.0,1,1.0,1,0.19605360146939046,47
2351,2,3664,1901,1763,0,0,0,1.0,1,1.0,1,1.0,1,0.14979414403852928,47
2352,2,3666,1902,1764,0,0,0,1.0,1,1.0,1,1.0,1,0.16729282877636478,47
2353,1,3667,1902,1765,0,0,0,1.0,1,1.0,1,1.0,1,0.13862886294145116,46
2354,2,3669,1903,1766,0,0,0,1.0,1,1.0,1,1.0,1,0.11814446183485432,47
2355,1,3670,1903,1767,0,0,0,1.0,1,1.0,1,1.0,1,0.09620799946046235,47
2356,1,3671,1904,1767,0,0,0,1.0,1,1.0,1,1.0,1,0.12098285952318778,47
2357,1,3672,1905,1767,0,0,0,1.0,1,1.0,1,1.0,1,0.11258813145775506,47
2358,0,3672,1905,1767,0,0,0,1.0,1,1.0,1,1.0,1,0.11809588856294984,48
2359,1,3673,1905,1768,0,0,0,1.0,1,1.0,1,1.0,1,0.13832168066566064,49
2360,0,3673,1905,1768,0,0,0,1.0,1,1.0,1,1.0,1,0.13832168066566064,49
2361,3,3676,1907,1769,0,0,0,1.0,1,1.0,1,1.0,1,0.16892262771412161,50
2362,3,3679,1908,1771,0,0,0,1.0,1,1.0,1,1.0,1,0.1779749720382531,51
2363,2,3681,1908,1773,0,0,0,1.0,1,1.0,1,1.0,1,0.12976185591491493,51
2364,0,3681,1908,1773,0,0,0,1.0,1,1.0,1,1.0,1,0.13476870243932335,52
2365,4,3685,1911,1774,0,0,0,1.0,1,1.0,1,1.0,1,0.16528565423542826,53
2366,4,3689,1913,1776,0,0,0,1.0,1,1.0,1,1.0,1,0.15731456473127117,54
2367,5,3694,1915,1779,0,0,0,1.0,1,1.0,1,1.0,1,0.1254432396488652,52
2368,4,3698,1918,1780,0,0,0,1.0,1,1.0,1,1.0,1,0.1707407054559991,51
2369,2,3700,1919,1781,0,0,0,1.0,1,1.0,1,1.0,1,0.13421816645528367,51
2370,3,3703,1922,1781,0,0,0,1.0,1,1.0,1,1.0,1,0.16425645980536488,52
2371,2,3705,1923,1782,0,0,0,1.0,1,1.0,1,1.0,1,0.18234255632242002,52
2372,5,3710,1925,1785,0,0,0,1.0,1,1.0,1,1.0,1,0.22358520543836666,49
2373,4,3714,1927,1787,0,0,0,1.0,1,1.0,1,1.0,1,0.1907668544906041,47
2374,0,3714,1927,1787,0,0,0,1.0,1,1.0,1,1.0,1,0.16926482043450825,45
2375,0,3714,1927,1787,0,0,0,1.0,1,1.0,1,1.0,1,0.18883306162377042,45
2376,0,3714,1927,1787,0,0,0,1.0,1,1.0,1,1.0,1,0.19973954146381157,43
2377,1,3715,1927,1788,0,0,0,1.0,1,1.0,1,1.0,1,0.18749690038555517,44
2378,1,3716,1927,1789,0,0,0,1.0,1,1.0,1,1.0,1,0.1789891201460728,43
2379,0,3716,1927,1789,0,0,0,1.0,1,1.0,1,1.0,1,0.1789891201460728,43
2380,1,3717,1928,1789,0,0,0,1.0,1,1.0,1,1.0,1,0.2028190299373714,43
2381,3,3720,1930,1790,0,0,0,1.0,1,1.0,1,1.0,1,0.19602720996388487,44
2382,6,3726,1933,1793,0,0,0,1.0,1,1.0,1,1.0,1,0.15377738948111294,44
2383,3,3729,1934,1795,0,0,0,1.0,1,1.0,1,1.0,1,0.14197682847107457,45
2384,1,3730,1934,1796,0,0,0,1.0,1,1.0,1,1.0,1,0.10000018965314209,45
2385,1,3731,1935,1796,0,0,0,1.0,1,1.0,1,1.0,1,0.0959469199864577,45
2386,1,3732,1936,1796,0,0,0,1.0,1,1.0,1,1.0,1,0.13525751942864783,46
2387,1,3733,1937,1796,0,0,0,1.0,1,1.0,1,1.0,1,0.1457833482630599,44
2388,3,3736,1939,1797,0,0,0,1.0,1,1.0,1,1.0,1,0.17012189375938738,44
2389,3,3739,1940,1799,0,0,0,1.0,1,1.0,1,1.0,1,0.1433409053440964,43
2390,3,3742,1942,1800,0,0,0,1.0,1,1.0,1,1.0,1,0.1855690401015016,44
2391,0,3742,1942,1800,0,0,0,1.0,1,1.0,1,1.0,1,0.17083727124478,43
2392,2,3744,1944,1800,0,0,0,1.0,1,1.0,1,1.0,1,0.2648443382847835,44
2393,4,3748,1944,1804,0,0,0,1.0,1,1.0,1,1.0,1,0.15832682700165646,45
2394,0,3748,1944,1804,0,0,0,1.0,1,1.0,1,1.0,1,0.14311493607305165,44
2395,0,3748,1944,1804,0,0,0,1.0,1,1.0,1,1.0,1,0.14097030587482706,44
2396,2,3750,1945,1805,0,0,0,1.0,1,1.0,1,1.0,1,0.1324358469266149,45
2397,0,3750,1945,1805,0,0,0,1.0,1,1.0,1,1.0,1,0.15026415299317708,44
2398,1,3751,1946,1805,0,0,0,1.0,1,1.0,1,1.0,1,0.1908431575957075,44
2399,0,3751,1946,1805,0,0,0,1.0,1,1.0,1,1.0,1,0.20275452477215,45
2400,2,3753,1946,1807,0,0,0,1.0,1,1.0,1,1.0,1,0.17152822441947366,45
2401,0,3753,1946,1807,0,0,0,1.0,1,1.0,1,1.0,1,0.17574493085368978,46
2402,1,3754,1946,1808,0,0,0,1.0,1,1.0,1,1.0,1,0.1878774696661439,47
2403,4,3758,1948,1810,0,0,0,1.0,1,1.0,1,1.0,1,0.17392971283744058,48
2404,3,3761,1950,1811,0,0,0,1.0,1,1.0,1,1.0,1,0.15660629946922267,47
2405,0,3761,1950,1811,0,0,0,1.0,1,1.0,1,1.0,1,0.146262885401138,45
2406,2,3763,1952,1811,0,0,0,1.0,1,1.0,1,1.0,1,0.1697661058478359,45
2407,3,3766,1954,1812,0,0,0,1.0,1,1.0,1,1.0,1,0.17548672669758902,42
2408,1,3767,1954,1813,0,0,0,1.0,1,1.0,1,1.0,1,0.18535100484491554,41
2409,1,3768,1955,1813,0,0,0,1.0,1,1.0,1,1.0,1,0.1975847472102763,41
2410,1,3769,1955,1814,0,0,0,1.0,1,1.0,1,1.0,1,0.24842049920147602,40
2411,3,3772,1957,1815,0,0,0,1.0,1,1.0,1,1.0,1,0.19717160134898412,40
2412,1,3773,1958,1815,0,0,0,1.0,1,1.0,1,1.0,1,0.21650197231635945,38
2413,5,3778,1961,1817,0,0,0,1.0,1,1.0,1,1.0,1,0.23077891798201391,38
2414,0,3778,1961,1817,0,0,0,1.0,1,1.0,1,1.0,1,0.1977602186132703,36
2415,1,3779,1962,1817,0,0,0,1.0,1,1.0,1,1.0,1,0.24917008177724934,36
2416,1,3780,1963,1817,0,0,0,1.0,1,1.0,1,1.0,1,0.23856247244203962,35
2417,2,3782,1964,1818,0,0,0,1.0,1,1.0,1,1.0,1,0.3002189246854903,33
2418,3,3785,1965,1820,0,0,0,1.0,1,1.0,1,1.0,1,0.24148137153879337,33
2419,3,3788,1966,1822,0,0,0,1.0,1,1.0,1,1.0,1,0.24611158680059855,33
2420,1,3789,1966,1823,0,0,0,1.0,1,1.0,1,1.0,1,0.1935235357253702,34
2421,1,3790,1967,1823,0,0,0,1.0,1,1.0,1,1.0,1,0.24883433705250296,34
2422,5,3795,1971,1824,0,0,0,1.0,1,1.0,1,1.0,1,0.23554500666776307,35
2423,4,3799,1973,1826,0,0,0,1.0,1,1.0,1,1.0,1,0.23231965979372154,36
2424,3,3802,1976,1826,0,0,0,1.0,1,1.0,1,1.0,1,0.22579273264897418,35
2425,3,3805,1978,1827,0,0,0,1.0,1,1.0,1,1.0,1,0.2284641269462378,33
2426,2,3807,1979,1828,0,0,0,1.0,1,1.0,1,1.0,1,0.20275057116376016,34
2427,3,3810,1979,1831,0,0,0,1.0,1,1.0,1,1.0,1,0.14572957312013549,34
2428,1,3811,1980,1831,0,0,0,1.0,1,1.0,1,1.0,1,0.14361050257151337,34
2429,0,3811,1980,1831,0,0,0,1.0,1,1.0,1,1.0,1,0.17958567003828418,34
2430,0,3811,1980,1831,0,0,0,1.0,1,1.0,1,1.0,1,0.20609459586652498,33
2431,2,3813,1982,1831,0,0,0,1.0,1,1.0,1,1.0,1,0.18367690850392057,33
2432,1,3814,1982,1832,0,0,0,1.0,1,1.0,1,1.0,1,0.20463762559015936,33
2433,2,3816,1983,1833,0,0,0,1.0,1,1.0,1,1.0,1,0.18848410838252458,34
2434,0,3816,1983,1833,0,0,0,1.0,1,1.0,1,1.0,1,0.18848410838252458,34
2435,2,3818,1983,1835,0,0,0,1.0,1,1.0,1,1.0,1,0.09451111917495901,34
2436,0,3818,1983,1835,0,0,0,1.0,1,1.0,1,1.0,1,0.09270646336465387,33
2437,0,3818,1983,1835,0,0,0,1.0,1,1.0,1,1.0,1,0.09270646336465387,33
2438,1,3819,1984,1835,0,0,0,1.0,1,1.0,1,1.0,1,0.1680395884781937,34
2439,0,3819,1984,1835,0,0,0,1.0,1,1.0,1,1.0,1,0.18020877785937772,35
2440,0,3819,1984,1835,0,0,0,1.0,1,1.0,1,1.0,1,0.18020877785937772,35
2441,4,3823,1988,1835,0,0,0,1.0,1,1.0,1,1.0,1,0.2547004165334629,35
2442,1,3824,1988,1836,0,0,0,1.0,1,1.0,1,1.0,1,0.20336852755488113,35
2443,2,3826,1989,1837,0,0,0,1.0,1,1.0,1,1.0,1,0.23105354665798006,35
2444,6,3832,1991,1841,0,0,0,1.0,1,1.0,1,1.0,1,0.21599572246053628,34
2445,5,3837,1994,1843,0,0,0,1.0,1,1.0,1,1.0,1,0.3091060630695872,33
2446,0,3837,1994,1843,0,0,0,1.0,1,1.0,1,1.0,1,0.34243646602093214,30
2447,2,3839,1996,1843,0,0,0,1.0,1,1.0,1,1.0,1,0.26900289968126173,29
2448,2,3841,1998,1843,0,0,0,1.0,1,1.0,1,1.0,1,0.2966847096420625,27
2449,1,3842,1998,1844,0,0,0,1.0,1,1.0,1,1.0,1,0.2649894917563495,26
2450,3,3845,2000,1845,0,0,0,1.0,1,1.0,1,1.0,1,0.23486619669024958,28
2451,0,3845,2000,1845,0,0,0,1.0,1,1.0,1,1.0,1,0.23486619669024958,28
2452,0,3845,2000,1845,0,0,0,1.0,1,1.0,1,1.0,1,0.25235725922155194,29
2453,1,3846,2001,1845,0,0,0,1.0,1,1.0,1,1.0,1,0.24999200441221234,30
2454,0,3846,2001,1845,0,0,0,1.0,1,1.0,1,1.0,1,0.25381635465839464,32
2455,2,3848,2002,1846,0,0,0,1.0,1,1.0,1,1.0,1,0.19455231953769822,33
2456,0,3848,2002,1846,0,0,0,1.0,1,1.0,1,1.0,1,0.20568105016818397,34
2457,1,3849,2003,1846,0,0,0,1.0,1,1.0,1,1.0,1,0.23563132374373918,34
2458,3,3852,2004,1848,0,0,0,1.0,1,1.0,1,1.0,1,0.21548178440927376,36
2459,0,3852,2004,1848,0,0,0,1.0,1,1.0,1,1.0,1,0.21548178440927376,36
2460,3,3855,2006,1849,0,0,0,1.0,1,1.0,1,1.0,1,0.23999257934271273,37
2461,0,3855,2006,1849,0,0,0,1.0,1,1.0,1,1.0,1,0.23999257934271273,37
2462,6,3861,2009,1852,0,0,0,1.0,1,1.0,1,1.0,1,0.25387661926648636,38
2463,2,3863,2011,1852,0,0,0,1.0,1,1.0,1,1.0,1,0.23490878628122466,38
2464,2,3865,2012,1853,0,0,0,1.0,1,1.0,1,1.0,1,0.21877354141126462,37
2465,1,3866,2013,1853,0,0,0,1.0,1,1.0,1,1.0,1,0.2040197470578385,36
2466,2,3868,2015,1853,0,0,0,1.0,1,1.0,1,1.0,1,0.28342557752316855,36
2467,1,3869,2016,1853,0,0,0,1.0,1,1.0,1,1.0,1,0.24055029543572332,34
2468,0,3869,2016,1853,0,0,0,1.0,1,1.0,1,1.0,1,0.27692331676261167,33
2469,3,3872,2018,1854,0,0,0,1.0,1,1.0,1,1.0,1,0.256948567393848,32
2470,1,3873,2019,1854,0,0,0,1.0,1,1.0,1,1.0,1,0.31922270772382766,33
2471,1,3874,2019,1855,0,0,0,1.0,1,1.0,1,1.0,1,0.28505441740483656,31
2472,3,3877,2020,1857,0,0,0,1.0,1,1.0,1,1.0,1,0.3114477714074103,32
2473,1,3878,2020,1858,0,0,0,1.0,1,1.0,1,1.0,1,0.2625005775825517,31
2474,2,3880,2020,1860,0,0,0,1.0,1,1.0,1,1.0,1,0.2268375668184157,33
2475,2,3882,2020,1862,0,0,0,1.0,1,1.0,1,1.0,1,0.182391816117562,33
2476,1,3883,2021,1862,0,0,0,1.0,1,1.0,1,1.0,1,0.20633067461163063,33
2477,2,3885,2022,1863,0,0,0,1.0,1,1.0,1,1.0,1,0.21891386300723317,33
2478,0,3885,2022,1863,0,0,0,1.0,1,1.0,1,1.0,1,0.21891386300723317,33
2479,3,3888,2024,1864,0,0,0,1.0,1,1.0,1,1.0,1,0.24337177147588784,33
2480,3,3891,2026,1865,0,0,0,1.0,1,1.0,1,1.0,1,0.23889395098571795,34
2481,3,3894,2028,1866,0,0,0,1.0,1,1.0,1,1.0,1,0.22391091217352938,33
2482,2,3896,2029,1867,0,0,0,1.0,1,1.0,1,1.0,1,0.23722853272670283,34
2483,2,3898,2029,1869,0,0,0,1.0,1,1.0,1,1.0,1,0.18890484522956977,33
2484,1,3899,2030,1869,0,0,0,1.0,1,1.0,1,1.0,1,0.2234593900088783,32
2485,1,3900,2030,1870,0,0,0,1.0,1,1.0,1,1.0,1,0.18302408300713374,31
2486,2,3902,2032,1870,0,0,0,1.0,1,1.0,1,1.0,1,0.24987949652589997,29
2487,0,3902,2032,1870,0,0,0,1.0,1,1.0,1,1.0,1,0.24987949652589997,29
2488,2,3904,2033,1871,0,0,0,1.0,1,1.0,1,1.0,1,0.33378377314404994,30
2489,1,3905,2034,1871,0,0,0,1.0,1,1.0,1,1.0,1,0.30530074244047706,29
2490,1,3906,2035,1871,0,0,0,1.0,1,1.0,1,1.0,1,0.3325892126547118,30
2491,2,3908,2035,1873,0,0,0,1.0,1,1.0,1,1.0,1,0.25384563354038314,30
2492,1,3909,2036,1873,0,0,0,1.0,1,1.0,1,1.0,1,0.22592327891076439,29
2493,0,3909,2036,1873,0,0,0,1.0,1,1.0,1,1.0,1,0.22592327891076439,29
2494,0,3909,2036,1873,0,0,0,1.0,1,1.0,1,1.0,1,0.2610610897546166,28
2495,1,3910,2037,1873,0,0,0,1.0,1,1.0,1,1.0,1,0.3299840314454014,29
2496,0,3910,2037,1873,0,0,0,1.0,1,1.0,1,1.0,1,0.31259322094308806,28
2497,0,3910,2037,1873,0,0,0,1.0,1,1.0,1,1.0,1,0.30160330056011303,28
2498,0,3910,2037,1873,0,0,0,1.0,1,1.0,1,1.0,1,0.3240891980329128,29
2499,0,3910,2037,1873,0,0,0,1.0,1,1.0,1,1.0,1,0.32468121787205956,30
2500,6,3916,2040,1876,0,0,0,1.0,1,1.0,1,1.0,1,0.2164287718478234,29
2501,4,3920,2042,1878,0,0,0,1.0,1,1.0,1,1.0,1,0.19799917567804734,33
2502,6,3926,2045,1881,0,0,0,1.0,1,1.0,1,1.0,1,0.2098843269216038,33
2503,0,3926,2045,1881,0,0,0,1.0,1,1.0,1,1.0,1,0.2018704043238257,31
2504,4,3930,2048,1882,0,0,0,1.0,1,1.0,1,1.0,1,0.1990758353838929,31
2505,2,3932,2049,1883,0,0,0,1.0,1,1.0,1,1.0,1,0.16572066028660978,32
2506,3,3935,2052,1883,0,0,0,1.0,1,1.0,1,1.0,1,0.194298781106133,31
2507,1,3936,2053,1883,0,0,0,1.0,1,1.0,1,1.0,1,0.19446502005116598,29
2508,2,3938,2055,1883,0,0,0,1.0,1,1.0,1,1.0,1,0.19368291317379235,31
2509,0,3938,2055,1883,0,0,0,1.0,1,1.0,1,1.0,1,0.1813547815103364,30
2510,1,3939,2056,1883,0,0,0,1.0,1,1.0,1,1.0,1,0.20786913592993644,31
2511,1,3940,2057,1883,0,0,0,1.0,1,1.0,1,1.0,1,0.23217654965677767,32
2512,1,3941,2058,1883,0,0,0,1.0,1,1.0,1,1.0,1,0.24453084325197014,32
2513,1,3942,2059,1883,0,0,0,1.0,1,1.0,1,1.0,1,0.22016040473234152,34
2514,1,3943,2060,1883,0,0,0,1.0,1,1.0,1,1.0,1,0.26699823195350825,35
2515,3,3946,2061,1885,0,0,0,1.0,1,1.0,1,1.0,1,0.22750374840315232,35
2516,3,3949,2063,1886,0,0,0,1.0,1,1.0,1,1.0,1,0.22314342141002214,34
2517,2,3951,2065,1886,0,0,0,1.0,1,1.0,1,1.0,1,0.2721297685512023,34
2518,1,3952,2066,1886,0,0,0,1.0,1,1.0,1,1.0,1,0.3049988044538456,33
2519,2,3954,2067,1887,0,0,0,1.0,1,1.0,1,1.0,1,0.2402481562262165,32
2520,1,3955,2068,1887,0,0,0,1.0,1,1.0,1,1.0,1,0.29711039096249114,31
2521,1,3956,2069,1887,0,0,0,1.0,1,1.0,1,1.0,1,0.27689966719387404,31
2522,0,3956,2069,1887,0,0,0,1.0,1,1.0,1,1.0,1,0.34545358770732604,30
2523,3,3959,2070,1889,0,0,0,1.0,1,1.0,1,1.0,1,0.3380508726242415,30
2524,0,3959,2070,1889,0,0,0,1.0,1,1.0,1,1.0,1,0.3395571140964579,29
2525,2,3961,2071,1890,0,0,0,1.0,1,1.0,1,1.0,1,0.34545997645269905,29
2526,0,3961,2071,1890,0,0,0,1.0,1,1.0,1,1.0,1,0.3859235846730918,27
2527,0,3961,2071,1890,0,0,0,1.0,1,1.0,1,1.0,1,0.37038509709597944,28
2528,0,3961,2071,1890,0,0,0,1.0,1,1.0,1,1.0,1,0.37038509709597944,28
2529,0,3961,2071,1890,0,0,0,1.0,1,1.0,1,1.0,1,0.37038509709597944,28
2530,0,3961,2071,1890,0,0,0,1.0,1,1.0,1,1.0,1,0.38238163603128944,29
2531,2,3963,2071,1892,0,0,0,1.0,1,1.0,1,1.0,1,0.33068403227381754,30
2532,0,3963,2071,1892,0,0,0,1.0,1,1.0,1,1.0,1,0.32801311411365414,31
2533,0,3963,2071,1892,0,0,0,1.0,1,1.0,1,1.0,1,0.32801311411365414,31
2534,0,3963,2071,1892,0,0,0,1.0,1,1.0,1,1.0,1,0.32801311411365414,31
2535,1,3964,2072,1892,0,0,0,1.0,1,1.0,1,1.0,1,0.3565344427805101,31
2536,1,3965,2073,1892,0,0,0,1.0,1,1.0,1,1.0,1,0.3995562181583284,32
2537,3,3968,2075,1893,0,0,0,1.0,1,1.0,1,1.0,1,0.3467368155640464,33
2538,2,3970,2076,1894,0,0,0,1.0,1,1.0,1,1.0,1,0.32633002187727755,35
2539,3,3973,2077,1896,0,0,0,1.0,1,1.0,1,1.0,1,0.28852000035713904,37
2540,2,3975,2079,1896,0,0,0,1.0,1,1.0,1,1.0,1,0.290955530142421,38
2541,5,3980,2081,1899,0,0,0,1.0,1,1.0,1,1.0,1,0.26746469160755315,39
2542,5,3985,2085,1900,0,0,0,1.0,1,1.0,1,1.0,1,0.2360096258626781,38
2543,2,3987,2087,1900,0,0,0,1.0,1,1.0,1,1.0,1,0.27311630468772685,41
2544,1,3988,2088,1900,0,0,0,1.0,1,1.0,1,1.0,1,0.2811567040703305,39
2545,4,3992,2091,1901,0,0,0,1.0,1,1.0,1,1.0,1,0.31090373490377854,40
2546,0,3992,2091,1901,0,0,0,1.0,1,1.0,1,1.0,1,0.28091968554307073,38
2547,6,3998,2095,1903,0,0,0,1.0,1,1.0,1,1.0,1,0.316681505179254,38
2548,1,3999,2095,1904,0,0,0,1.0,1,1.0,1,1.0,1,0.27302044252304275,35
2549,3,4002,2097,1905,0,0,0,1.0,1,1.0,1,1.0,1,0.3252074185753175,35
2550,2,4004,2098,1906,0,0,0,1.0,1,1.0,1,1.0,1,0.3217026580353271,33
2551,1,4005,2098,1907,0,0,0,1.0,1,1.0,1,1.0,1,0.3111745669320537,31
2552,0,4005,2098,1907,0,0,0,1.0,1,1.0,1,1.0,1,0.31072002908925384,30
2553,0,4005,2098,1907,0,0,0,1.0,1,1.0,1,1.0,1,0.31072002908925384,30
2554,3,4008,2098,1910,0,0,0,1.0,1,1.0,1,1.0,1,0.23201379091531726,32
2555,1,4009,2099,1910,0,0,0,1.0,1,1.0,1,1.0,1,0.28598578127582763,32
2556,0,4009,2099,1910,0,0,0,1.0,1,1.0,1,1.0,1,0.28201816157214366,32
2557,0,4009,2099,1910,0,0,0,1.0,1,1.0,1,1.0,1,0.31702047275853307,30
2558,2,4011,2101,1910,0,0,0,1.0,1,1.0,1,1.0,1,0.3623549799439472,31
2559,4,4015,2101,1914,0,0,0,1.0,1,1.0,1,1.0,1,0.24195333393433735,30
2560,0,4015,2101,1914,0,0,0,1.0,1,1.0,1,1.0,1,0.24195333393433735,30
2561,0,4015,2101,1914,0,0,0,1.0,1,1.0,1,1.0,1,0.24195333393433735,30
2562,1,4016,2101,1915,0,0,0,1.0,1,1.0,1,1.0,1,0.26468745788556425,33
2563,0,4016,2101,1915,0,0,0,1.0,1,1.0,1,1.0,1,0.26468745788556425,33
2564,0,4016,2101,1915,0,0,0,1.0,1,1.0,1,1.0,1,0.26468745788556425,33
2565,1,4017,2102,1915,0,0,0,1.0,1,1.0,1,1.0,1,0.2511248886273079,33
2566,1,4018,2103,1915,0,0,0,1.0,1,1.0,1,1.0,1,0.2725918689933582,35
2567,2,4020,2104,1916,0,0,0,1.0,1,1.0,1,1.0,1,0.24987173570908572,36
2568,1,4021,2105,1916,0,0,0,1.0,1,1.0,1,1.0,1,0.3173080298383016,37
2569,1,4022,2105,1917,0,0,0,1.0,1,1.0,1,1.0,1,0.30163463161320475,37
2570,1,4023,2105,1918,0,0,0,1.0,1,1.0,1,1.0,1,0.2982504715084409,37
2571,0,4023,2105,1918,0,0,0,1.0,1,1.0,1,1.0,1,0.2982504715084409,37
2572,0,4023,2105,1918,0,0,0,1.0,1,1.0,1,1.0,1,0.27565456092572843,39
2573,0,4023,2105,1918,0,0,0,1.0,1,1.0,1,1.0,1,0.27565456092572843,39
2574,0,4023,2105,1918,0,0,0,1.0,1,1.0,1,1.0,1,0.3005075349667565,38
2575,0,4023,2105,1918,0,0,0,1.0,1,1.0,1,1.0,1,0.3005075349667565,38
2576,0,4023,2105,1918,0,0,0,1.0,1,1.0,1,1.0,1,0.3136445319013546,37
2577,1,4024,2105,1919,0,0,0,1.0,1,1.0,1,1.0,1,0.2821499166932222,39
2578,2,4026,2106,1920,0,0,0,1.0,1,1.0,1,1.0,1,0.29437098239552223,40
2579,2,4028,2106,1922,0,0,0,1.0,1,1.0,1,1.0,1,0.25873062327769786,41
2580,0,4028,2106,1922,0,0,0,1.0,1,1.0,1,1.0,1,0.26914561996448383,42
2581,1,4029,2107,1922,0,0,0,1.0,1,1.0,1,1.0,1,0.2805024299971844,43
2582,1,4030,2107,1923,0,0,0,1.0,1,1.0,1,1.0,1,0.26571195875854525,43
2583,2,4032,2108,1924,0,0,0,1.0,1,1.0,1,1.0,1,0.3016876815416439,43
2584,2,4034,2108,1926,0,0,0,1.0,1,1.0,1,1.0,1,0.25186331503559706,43
2585,3,4037,2109,1928,0,0,0,1.0,1,1.0,1,1.0,1,0.264292363999453,44
2586,1,4038,2109,1929,0,0,0,1.0,1,1.0,1,1.0,1,0.24189720446448373,43
2587,4,4042,2110,1932,0,0,0,1.0,1,1.0,1,1.0,1,0.23011330910991656,44
2588,2,4044,2111,1933,0,0,0,1.0,1,1.0,1,1.0,1,0.23312938698979838,44
2589,6,4050,2113,1937,0,0,0,1.0,1,1.0,1,1.0,1,0.22964956544032036,44
2590,0,4050,2113,1937,0,0,0,1.0,1,1.0,1,1.0,1,0.22964956544032036,44
2591,0,4050,2113,1937,0,0,0,1.0,1,1.0,1,1.0,1,0.22964956544032036,44
2592,1,4051,2114,1937,0,0,0,1.0,1,1.0,1,1.0,1,0.2439079639033391,44
2593,1,4052,2115,1937,0,0,0,1.0,1,1.0,1,1.0,1,0.22257607864303977,43
2594,5,4057,2118,1939,0,0,0,1.0,1,1.0,1,1.0,1,0.2692479949064479,48
2595,4,4061,2119,1942,0,0,0,1.0,1,1.0,1,1.0,1,0.18727188348800236,45
2596,1,4062,2120,1942,0,0,0,1.0,1,1.0,1,1.0,1,0.20245559381126602,46
2597,1,4063,2121,1942,0,0,0,1.0,1,1.0,1,1.0,1,0.18621759145009487,45
2598,0,4063,2121,1942,0,0,0,1.0,1,1.0,1,1.0,1,0.18621759145009487,45
2599,1,4064,2122,1942,0,0,0,1.0,1,1.0,1,1.0,1,0.18667800921610442,45
2600,1,4065,2123,1942,0,0,0,1.0,1,1.0,1,1.0,1,0.1956326910610386,48
2601,3,4068,2125,1943,0,0,0,1.0,1,1.0,1,1.0,1,0.23770038350414255,47
2602,2,4070,2125,1945,0,0,0,1.0,1,1.0,1,1.0,1,0.21887448369235368,48
2603,2,4072,2125,1947,0,0,0,1.0,1,1.0,1,1.0,1,0.1750438137582338,48
2604,0,4072,2125,1947,0,0,0,1.0,1,1.0,1,1.0,1,0.19197139093294366,47
2605,3,4075,2127,1948,0,0,0,1.0,1,1.0,1,1.0,1,0.22606923165127213,47
2606,1,4076,2127,1949,0,0,0,1.0,1,1.0,1,1.0,1,0.1976547802855427,46
2607,0,4076,2127,1949,0,0,0,1.0,1,1.0,1,1.0,1,0.20655064511468332,45
2608,0,4076,2127,1949,0,0,0,1.0,1,1.0,1,1.0,1,0.20655064511468332,45
2609,1,4077,2127,1950,0,0,0,1.0,1,1.0,1,1.0,1,0.18949780228107482,44
2610,1,4078,2128,1950,0,0,0,1.0,1,1.0,1,1.0,1,0.22707308552122535,45
2611,4,4082,2131,1951,0,0,0,1.0,1,1.0,1,1.0,1,0.17677354843785434,46
2612,0,4082,2131,1951,0,0,0,1.0,1,1.0,1,1.0,1,0.19286168531728684,47
2613,2,4084,2133,1951,0,0,0,1.0,1,1.0,1,1.0,1,0.21157380450357308,48
2614,4,4088,2135,1953,0,0,0,1.0,1,1.0,1,1.0,1,0.24157965698614042,48
2615,5,4093,2137,1956,0,0,0,1.0,1,1.0,1,1.0,1,0.21050960003822394,49
2616,0,4093,2137,1956,0,0,0,1.0,1,1.0,1,1.0,1,0.21050960003822394,49
2617,3,4096,2137,1959,0,0,0,1.0,1,1.0,1,1.0,1,0.14472676781782512,48
2618,0,4096,2137,1959,0,0,0,1.0,1,1.0,1,1.0,1,0.15549192082336166,47
2619,1,4097,2137,1960,0,0,0,1.0,1,1.0,1,1.0,1,0.14789926802727757,50
2620,2,4099,2138,1961,0,0,0,1.0,1,1.0,1,1.0,1,0.1284197102952228,51
2621,0,4099,2138,1961,0,0,0,1.0,1,1.0,1,1.0,1,0.13254864446577402,52
2622,1,4100,2139,1961,0,0,0,1.0,1,1.0,1,1.0,1,0.13378519716666218,52
2623,1,4101,2140,1961,0,0,0,1.0,1,1.0,1,1.0,1,0.16408904876430824,53
2624,2,4103,2142,1961,0,0,0,1.0,1,1.0,1,1.0,1,0.17139589677724004,51
2625,3,4106,2144,1962,0,0,0,1.0,1,1.0,1,1.0,1,0.18147209521752217,50
2626,1,4107,2145,1962,0,0,0,1.0,1,1.0,1,1.0,1,0.19368154661622095,49
2627,1,4108,2146,1962,0,0,0,1.0,1,1.0,1,1.0,1,0.1924627047919481,48
2628,5,4113,2149,1964,0,0,0,1.0,1,1.0,1,1.0,1,0.23501378250285265,48
2629,2,4115,2149,1966,0,0,0,1.0,1,1.0,1,1.0,1,0.14522381460590808,47
2630,1,4116,2150,1966,0,0,0,1.0,1,1.0,1,1.0,1,0.17867326665453448,47
2631,1,4117,2151,1966,0,0,0,1.0,1,1.0,1,1.0,1,0.20515888076555588,47
2632,3,4120,2154,1966,0,0,0,1.0,1,1.0,1,1.0,1,0.23586784146606127,47
2633,0,4120,2154,1966,0,0,0,1.0,1,1.0,1,1.0,1,0.21756465097342537,44
2634,3,4123,2155,1968,0,0,0,1.0,1,1.0,1,1.0,1,0.22381218057673705,44
2635,2,4125,2156,1969,0,0,0,1.0,1,1.0,1,1.0,1,0.2329688028414023,45
2636,4,4129,2158,1971,0,0,0,1.0,1,1.0,1,1.0,1,0.22455205279385795,40
2637,5,4134,2160,1974,0,0,0,1.0,1,1.0,1,1.0,1,0.2370914199808962,41
2638,6,4140,2164,1976,0,0,0,1.0,1,1.0,1,1.0,1,0.20024084395954378,38
2639,2,4142,2164,1978,0,0,0,1.0,1,1.0,1,1.0,1,0.15340092836249322,39
2640,0,4142,2164,1978,0,0,0,1.0,1,1.0,1,1.0,1,0.16591740795941812,38
2641,3,4145,2166,1979,0,0,0,1.0,1,1.0,1,1.0,1,0.1778785610165464,37
2642,5,4150,2170,1980,0,0,0,1.0,1,1.0,1,1.0,1,0.24668108132806255,38
2643,2,4152,2171,1981,0,0,0,1.0,1,1.0,1,1.0,1,0.19378780296691245,37
2644,0,4152,2171,1981,0,0,0,1.0,1,1.0,1,1.0,1,0.16965086770915505,36
2645,1,4153,2171,1982,0,0,0,1.0,1,1.0,1,1.0,1,0.09416010538120476,35
2646,0,4153,2171,1982,0,0,0,1.0,1,1.0,1,1.0,1,0.09372537780677269,35
2647,1,4154,2172,1982,0,0,0,1.0,1,1.0,1,1.0,1,0.14915847846846358,35
2648,1,4155,2173,1982,0,0,0,1.0,1,1.0,1,1.0,1,0.17002058526410302,36
2649,1,4156,2174,1982,0,0,0,1.0,1,1.0,1,1.0,1,0.15731685307663615,37
2650,0,4156,2174,1982,0,0,0,1.0,1,1.0,1,1.0,1,0.17995775972632166,39
2651,1,4157,2175,1982,0,0,0,1.0,1,1.0,1,1.0,1,0.18309509312955424,39
2652,0,4157,2175,1982,0,0,0,1.0,1,1.0,1,1.0,1,0.18309509312955424,39
2653,0,4157,2175,1982,0,0,0,1.0,1,1.0,1,1.0,1,0.18309509312955424,39
2654,0,4157,2175,1982,0,0,0,1.0,1,1.0,1,1.0,1,0.19852445277918188,40
2655,1,4158,2175,1983,0,0,0,1.0,1,1.0,1,1.0,1,0.16847791107623047,40
2656,0,4158,2175,1983,0,0,0,1.0,1,1.0,1,1.0,1,0.16070312299679665,39
2657,0,4158,2175,1983,0,0,0,1.0,1,1.0,1,1.0,1,0.17785404202208133,40
2658,1,4159,2175,1984,0,0,0,1.0,1,1.0,1,1.0,1,0.19729900140063272,41
2659,3,4162,2177,1985,0,0,0,1.0,1,1.0,1,1.0,1,0.23318903447095182,41
2660,2,4164,2178,1986,0,0,0,1.0,1,1.0,1,1.0,1,0.2614042457897039,40
2661,6,4170,2180,1990,0,0,0,1.0,1,1.0,1,1.0,1,0.20630909672866887,40
2662,2,4172,2182,1990,0,0,0,1.0,1,1.0,1,1.0,1,0.20853036014193727,42
2663,3,4175,2184,1991,0,0,0,1.0,1,1.0,1,1.0,1,0.17255793392430735,41
2664,1,4176,2185,1991,0,0,0,1.0,1,1.0,1,1.0,1,0.20649982658665722,42
2665,2,4178,2187,1991,0,0,0,1.0,1,1.0,1,1.0,1,0.19276401382942757,43
2666,4,4182,2190,1992,0,0,0,1.0,1,1.0,1,1.0,1,0.21840324031744307,44
2667,1,4183,2191,1992,0,0,0,1.0,1,1.0,1,1.0,1,0.2420600035276519,42
2668,3,4186,2193,1993,0,0,0,1.0,1,1.0,1,1.0,1,0.26436219518876414,41
2669,1,4187,2193,1994,0,0,0,1.0,1,1.0,1,1.0,1,0.24848691764202316,42
2670,0,4187,2193,1994,0,0,0,1.0,1,1.0,1,1.0,1,0.2814534650245494,40
2671,1,4188,2194,1994,0,0,0,1.0,1,1.0,1,1.0,1,0.31228230967485193,39
2672,4,4192,2197,1995,0,0,0,1.0,1,1.0,1,1.0,1,0.34225553806474157,36
2673,4,4196,2199,1997,0,0,0,1.0,1,1.0,1,1.0,1,0.3321995391530849,35
2674,1,4197,2199,1998,0,0,0,1.0,1,1.0,1,1.0,1,0.2572161092648571,33
2675,0,4197,2199,1998,0,0,0,1.0,1,1.0,1,1.0,1,0.2501156866819197,34
2676,1,4198,2200,1998,0,0,0,1.0,1,1.0,1,1.0,1,0.2524832870863599,32
2677,2,4200,2202,1998,0,0,0,1.0,1,1.0,1,1.0,1,0.30503850569798385,33
2678,3,4203,2204,1999,0,0,0,1.0,1,1.0,1,1.0,1,0.2751794508655828,33
2679,1,4204,2204,2000,0,0,0,1.0,1,1.0,1,1.0,1,0.2700165868709459,32
2680,1,4205,2205,2000,0,0,0,1.0,1,1.0,1,1.0,1,0.25257522893123485,32
2681,1,4206,2205,2001,0,0,0,1.0,1,1.0,1,1.0,1,0.2396628794222121,32
2682,2,4208,2207,2001,0,0,0,1.0,1,1.0,1,1.0,1,0.2666260265067377,33
2683,1,4209,2207,2002,0,0,0,1.0,1,1.0,1,1.0,1,0.2844851713131609,32
2684,0,4209,2207,2002,0,0,0,1.0,1,1.0,1,1.0,1,0.3097546206322163,31
2685,0,4209,2207,2002,0,0,0,1.0,1,1.0,1,1.0,1,0.3097546206322163,31
2686,0,4209,2207,2002,0,0,0,1.0,1,1.0,1,1.0,1,0.30315257805973184,30
2687,1,4210,2208,2002,0,0,0,1.0,1,1.0,1,1.0,1,0.3157238154799188,30
2688,2,4212,2209,2003,0,0,0,1.0,1,1.0,1,1.0,1,0.33532701069693294,30
2689,3,4215,2211,2004,0,0,0,1.0,1,1.0,1,1.0,1,0.31810746946213425,31
2690,3,4218,2214,2004,0,0,0,1.0,1,1.0,1,1.0,1,0.25793336358209934,31
2691,2,4220,2215,2005,0,0,0,1.0,1,1.0,1,1.0,1,0.28716307892269044,32
2692,3,4223,2216,2007,0,0,0,1.0,1,1.0,1,1.0,1,0.25067419503149907,32
2693,4,4227,2218,2009,0,0,0,1.0,1,1.0,1,1.0,1,0.2734298366541001,33
2694,0,4227,2218,2009,0,0,0,1.0,1,1.0,1,1.0,1,0.25877506899062297,34
2695,2,4229,2218,2011,0,0,0,1.0,1,1.0,1,1.0,1,0.19042057354446962,35
2696,0,4229,2218,2011,0,0,0,1.0,1,1.0,1,1.0,1,0.19042057354446962,35
2697,0,4229,2218,2011,0,0,0,1.0,1,1.0,1,1.0,1,0.19042057354446962,35
2698,1,4230,2218,2012,0,0,0,1.0,1,1.0,1,1.0,1,0.17015033509795457,36
2699,1,4231,2218,2013,0,0,0,1.0,1,1.0,1,1.0,1,0.19610574404267028,36
2700,1,4232,2218,2014,0,0,0,1.0,1,1.0,1,1.0,1,0.16920494841465333,37
2701,1,4233,2219,2014,0,0,0,1.0,1,1.0,1,1.0,1,0.15687020842801894,37
2702,3,4236,2222,2014,0,0,0,1.0,1,1.0,1,1.0,1,0.25978962071724404,37
2703,3,4239,2223,2016,0,0,0,1.0,1,1.0,1,1.0,1,0.24700097265093648,38
2704,2,4241,2224,2017,0,0,0,1.0,1,1.0,1,1.0,1,0.27874974650093387,37
2705,3,4244,2226,2018,0,0,0,1.0,1,1.0,1,1.0,1,0.2828504029360436,36
2706,0,4244,2226,2018,0,0,0,1.0,1,1.0,1,1.0,1,0.2697416258522058,36
2707,1,4245,2227,2018,0,0,0,1.0,1,1.0,1,1.0,1,0.28715242460116674,35
2708,3,4248,2229,2019,0,0,0,1.0,1,1.0,1,1.0,1,0.31382219165003444,36
2709,2,4250,2231,2019,0,0,0,1.0,1,1.0,1,1.0,1,0.2586375914705008,32
2710,1,4251,2232,2019,0,0,0,1.0,1,1.0,1,1.0,1,0.33267679359894,29
2711,3,4254,2232,2022,0,0,0,1.0,1,1.0,1,1.0,1,0.27901042177697905,29
2712,3,4257,2233,2024,0,0,0,1.0,1,1.0,1,1.0,1,0.26339912009816857,28
2713,0,4257,2233,2024,0,0,0,1.0,1,1.0,1,1.0,1,0.28128569833802586,28
2714,2,4259,2235,2024,0,0,0,1.0,1,1.0,1,1.0,1,0.32566564489542704,26
2715,1,4260,2236,2024,0,0,0,1.0,1,1.0,1,1.0,1,0.3502262595216704,24
2716,1,4261,2236,2025,0,0,0,1.0,1,1.0,1,1.0,1,0.3195088351763844,24
2717,3,4264,2239,2025,0,0,0,1.0,1,1.0,1,1.0,1,0.3947113502565111,25
2718,3,4267,2239,2028,0,0,0,1.0,1,1.0,1,1.0,1,0.3508286264090723,25
2719,5,4272,2242,2030,0,0,0,1.0,1,1.0,1,1.0,1,0.35078926695487783,25
2720,0,4272,2242,2030,0,0,0,1.0,1,1.0,1,1.0,1,0.35078926695487783,25
2721,3,4275,2244,2031,0,0,0,1.0,1,1.0,1,1.0,1,0.3090662213114545,25
2722,1,4276,2245,2031,0,0,0,1.0,1,1.0,1,1.0,1,0.2654687398323367,26
2723,0,4276,2245,2031,0,0,0,1.0,1,1.0,1,1.0,1,0.2654687398323367,26
2724,1,4277,2246,2031,0,0,0,1.0,1,1.0,1,1.0,1,0.2731422182386199,27
2725,0,4277,2246,2031,0,0,0,1.0,1,1.0,1,1.0,1,0.27850923237379116,28
2726,1,4278,2247,2031,0,0,0,1.0,1,1.0,1,1.0,1,0.2776891340025787,28
2727,0,4278,2247,2031,0,0,0,1.0,1,1.0,1,1.0,1,0.27150298125405764,29
2728,1,4279,2248,2031,0,0,0,1.0,1,1.0,1,1.0,1,0.3234819000009075,29
2729,1,4280,2249,2031,0,0,0,1.0,1,1.0,1,1.0,1,0.31652466650895766,29
2730,0,4280,2249,2031,0,0,0,1.0,1,1.0,1,1.0,1,0.31652466650895766,29
2731,4,4284,2250,2034,0,0,0,1.0,1,1.0,1,1.0,1,0.2729619753840123,30
2732,0,4284,2250,2034,0,0,0,1.0,1,1.0,1,1.0,1,0.2743042220726667,29
2733,0,4284,2250,2034,0,0,0,1.0,1,1.0,1,1.0,1,0.2743042220726667,29
2734,0,4284,2250,2034,0,0,0,1.0,1,1.0,1,1.0,1,0.2743042220726667,29
2735,1,4285,2251,2034,0,0,0,1.0,1,1.0,1,1.0,1,0.3103752719537054,29
2736,0,4285,2251,2034,0,0,0,1.0,1,1.0,1,1.0,1,0.33431127147468936,30
2737,1,4286,2251,2035,0,0,0,1.0,1,1.0,1,1.0,1,0.3268806383002962,30
2738,2,4288,2253,2035,0,0,0,1.0,1,1.0,1,1.0,1,0.366070920479822,30
2739,2,4290,2254,2036,0,0,0,1.0,1,1.0,1,1.0,1,0.36268347816855806,29
2740,2,4292,2256,2036,0,0,0,1.0,1,1.0,1,1.0,1,0.4466693235472838,29
2741,7,4299,2256,2043,0,0,0,1.0,1,1.0,1,1.0,1,0.2745481145492978,28
2742,4,4303,2258,2045,0,0,0,1.0,1,1.0,1,1.0,1,0.29005172195302636,28
2743,1,4304,2258,2046,0,0,0,1.0,1,1.0,1,1.0,1,0.28590253170442437,29
2744,0,4304,2258,2046,0,0,0,1.0,1,1.0,1,1.0,1,0.2727556793539569,27
2745,3,4307,2259,2048,0,0,0,1.0,1,1.0,1,1.0,1,0.29364585299451595,25
2746,2,4309,2261,2048,0,0,0,1.0,1,1.0,1,1.0,1,0.3938713110144573,25
2747,1,4310,2262,2048,0,0,0,1.0,1,1.0,1,1.0,1,0.42733972855139574,23
2748,0,4310,2262,2048,0,0,0,1.0,1,1.0,1,1.0,1,0.40353644581123865,22
2749,0,4310,2262,2048,0,0,0,1.0,1,1.0,1,1.0,1,0.3963947729028292,19
2750,1,4311,2263,2048,0,0,0,1.0,1,1.0,1,1.0,1,0.4249346061444753,18
2751,0,4311,2263,2048,0,0,0,1.0,1,1.0,1,1.0,1,0.40424797092650544,16
2752,0,4311,2263,2048,0,0,0,1.0,1,1.0,1,1.0,1,0.4545611255574305,15
2753,0,4311,2263,2048,0,0,0,1.0,1,1.0,1,1.0,1,0.4545611255574305,15
2754,0,4311,2263,2048,0,0,0,1.0,1,1.0,1,1.0,1,0.4545611255574305,15
2755,0,4311,2263,2048,0,0,0,1.0,1,1.0,1,1.0,1,0.4545611255574305,15
2756,0,4311,2263,2048,0,0,0,1.0,1,1.0,1,1.0,1,0.43511685454763904,16
2757,0,4311,2263,2048,0,0,0,1.0,1,1.0,1,1.0,1,0.4357044739018913,17
2758,0,4311,2263,2048,0,0,0,1.0,1,1.0,1,1.0,1,0.4357044739018913,17
2759,0,4311,2263,2048,0,0,0,1.0,1,1.0,1,1.0,1,0.440378405280857,18
2760,0,4311,2263,2048,0,0,0,1.0,1,1.0,1,1.0,1,0.440378405280857,18
2761,0,4311,2263,2048,0,0,0,1.0,1,1.0,1,1.0,1,0.440378405280857,18
2762,0,4311,2263,2048,0,0,0,1.0,1,1.0,1,1.0,1,0.440378405280857,18
2763,0,4311,2263,2048,0,0,0,1.0,1,1.0,1,1.0,1,0.435690999546125,17
2764,5,4316,2265,2051,0,0,0,1.0,1,1.0,1,1.0,1,0.40272930991939065,17
2765,0,4316,2265,2051,0,0,0,1.0,1,1.0,1,1.0,1,0.4209455576854178,18
2766,0,4316,2265,2051,0,0,0,1.0,1,1.0,1,1.0,1,0.4209455576854178,18
2767,0,4316,2265,2051,0,0,0,1.0,1,1.0,1,1.0,1,0.4209455576854178,18
2768,1,4317,2265,2052,0,0,0,1.0,1,1.0,1,1.0,1,0.37358697782531464,18
2769,0,4317,2265,2052,0,0,0,1.0,1,1.0,1,1.0,1,0.37358697782531464,18
2770,1,4318,2266,2052,0,0,0,1.0,1,1.0,1,1.0,1,0.36760147188892184,18
2771,0,4318,2266,2052,0,0,0,1.0,1,1.0,1,1.0,1,0.36760147188892184,18
2772,0,4318,2266,2052,0,0,0,1.0,1,1.0,1,1.0,1,0.36760147188892184,18
2773,0,4318,2266,2052,0,0,0,1.0,1,1.0,1,1.0,1,0.36760147188892184,18
2774,3,4321,2267,2054,0,0,0,1.0,1,1.0,1,1.0,1,0.35519956675667,20
2775,0,4321,2267,2054,0,0,0,1.0,1,1.0,1,1.0,1,0.3464859463445975,21
2776,0,4321,2267,2054,0,0,0,1.0,1,1.0,1,1.0,1,0.3464859463445975,21
2777,0,4321,2267,2054,0,0,0,1.0,1,1.0,1,1.0,1,0.332509017343514,22
2778,2,4323,2268,2055,0,0,0,1.0,1,1.0,1,1.0,1,0.35662322346941483,24
2779,1,4324,2269,2055,0,0,0,1.0,1,1.0,1,1.0,1,0.3906526930041919,24
2780,1,4325,2270,2055,0,0,0,1.0,1,1.0,1,1.0,1,0.36394551337647113,24
2781,0,4325,2270,2055,0,0,0,1.0,1,1.0,1,1.0,1,0.36394551337647113,24
2782,1,4326,2270,2056,0,0,0,1.0,1,1.0,1,1.0,1,0.32917842156391536,24
2783,0,4326,2270,2056,0,0,0,1.0,1,1.0,1,1.0,1,0.32917842156391536,24
2784,2,4328,2272,2056,0,0,0,1.0,1,1.0,1,1.0,1,0.37730334814623345,24
2785,0,4328,2272,2056,0,0,0,1.0,1,1.0,1,1.0,1,0.33167236793197424,22
2786,1,4329,2272,2057,0,0,0,1.0,1,1.0,1,1.0,1,0.38095820024137433,22
2787,1,4330,2272,2058,0,0,0,1.0,1,1.0,1,1.0,1,0.30560285646960095,21
2788,0,4330,2272,2058,0,0,0,1.0,1,1.0,1,1.0,1,0.28437849522778363,20
2789,1,4331,2273,2058,0,0,0,1.0,1,1.0,1,1.0,1,0.34418883334756895,20
2790,0,4331,2273,2058,0,0,0,1.0,1,1.0,1,1.0,1,0.3668310713666886,21
2791,1,4332,2274,2058,0,0,0,1.0,1,1.0,1,1.0,1,0.3622719321845939,21
2792,1,4333,2274,2059,0,0,0,1.0,1,1.0,1,1.0,1,0.3136160500378399,21
2793,0,4333,2274,2059,0,0,0,1.0,1,1.0,1,1.0,1,0.34241584546531223,18
2794,0,4333,2274,2059,0,0,0,1.0,1,1.0,1,1.0,1,0.34241584546531223,18
2795,0,4333,2274,2059,0,0,0,1.0,1,1.0,1,1.0,1,0.35392822186805045,20
2796,1,4334,2275,2059,0,0,0,1.0,1,1.0,1,1.0,1,0.33308585902959587,21
2797,0,4334,2275,2059,0,0,0,1.0,1,1.0,1,1.0,1,0.33308585902959587,21
2798,0,4334,2275,2059,0,0,0,1.0,1,1.0,1,1.0,1,0.33308585902959587,21
2799,1,4335,2275,2060,0,0,0,1.0,1,1.0,1,1.0,1,0.30017348460922183,22
2800,0,4335,2275,2060,0,0,0,1.0,1,1.0,1,1.0,1,0.30017348460922183,22
2801,1,4336,2276,2060,0,0,0,1.0,1,1.0,1,1.0,1,0.29079736350407465,22
2802,0,4336,2276,2060,0,0,0,1.0,1,1.0,1,1.0,1,0.29079736350407465,22
2803,1,4337,2277,2060,0,0,0,1.0,1,1.0,1,1.0,1,0.3452965930430826,22
2804,0,4337,2277,2060,0,0,0,1.0,1,1.0,1,1.0,1,0.36296976323855223,23
2805,0,4337,2277,2060,0,0,0,1.0,1,1.0,1,1.0,1,0.36296976323855223,23
2806,0,4337,2277,2060,0,0,0,1.0,1,1.0,1,1.0,1,0.36296976323855223,23
2807,0,4337,2277,2060,0,0,0,1.0,1,1.0,1,1.0,1,0.35134086775908335,24
2808,0,4337,2277,2060,0,0,0,1.0,1,1.0,1,1.0,1,0.35134086775908335,24
2809,2,4339,2278,2061,0,0,0,1.0,1,1.0,1,1.0,1,0.37745545906712463,25
2810,0,4339,2278,2061,0,0,0,1.0,1,1.0,1,1.0,1,0.37499886524784903,24
2811,1,4340,2278,2062,0,0,0,1.0,1,1.0,1,1.0,1,0.34649281276534627,26
2812,1,4341,2279,2062,0,0,0,1.0,1,1.0,1,1.0,1,0.4051674161657731,26
2813,0,4341,2279,2062,0,0,0,1.0,1,1.0,1,1.0,1,0.4145829395901411,27
2814,7,4348,2281,2067,0,0,0,1.0,1,1.0,1,1.0,1,0.3570912476549076,29
2815,0,4348,2281,2067,0,0,0,1.0,1,1.0,1,1.0,1,0.3570912476549076,29
2816,0,4348,2281,2067,0,0,0,1.0,1,1.0,1,1.0,1,0.3704621654673325,29
2817,1,4349,2281,2068,0,0,0,1.0,1,1.0,1,1.0,1,0.34693926363493277,29
2818,2,4351,2282,2069,0,0,0,1.0,1,1.0,1,1.0,1,0.359085715161318,29
2819,0,4351,2282,2069,0,0,0,1.0,1,1.0,1,1.0,1,0.36843073445720265,30
2820,1,4352,2282,2070,0,0,0,1.0,1,1.0,1,1.0,1,0.3659323922587329,30
2821,1,4353,2283,2070,0,0,0,1.0,1,1.0,1,1.0,1,0.4116681685766742,31
2822,6,4359,2286,2073,0,0,0,1.0,1,1.0,1,1.0,1,0.32339386127219505,30
2823,3,4362,2289,2073,0,0,0,1.0,1,1.0,1,1.0,1,0.2968374028452747,27
2824,1,4363,2289,2074,0,0,0,1.0,1,1.0,1,1.0,1,0.24093708015848408,28
2825,4,4367,2292,2075,0,0,0,1.0,1,1.0,1,1.0,1,0.23989743635273256,28
2826,1,4368,2293,2075,0,0,0,1.0,1,1.0,1,1.0,1,0.2542984743532762,27
2827,1,4369,2293,2076,0,0,0,1.0,1,1.0,1,1.0,1,0.24928987341906308,28
2828,1,4370,2293,2077,0,0,0,1.0,1,1.0,1,1.0,1,0.25240958106209943,28
2829,0,4370,2293,2077,0,0,0,1.0,1,1.0,1,1.0,1,0.23488517210447057,27
2830,1,4371,2294,2077,0,0,0,1.0,1,1.0,1,1.0,1,0.24418186540059672,27
2831,0,4371,2294,2077,0,0,0,1.0,1,1.0,1,1.0,1,0.24418186540059672,27
2832,1,4372,2294,2078,0,0,0,1.0,1,1.0,1,1.0,1,0.26456821485684334,27
2833,0,4372,2294,2078,0,0,0,1.0,1,1.0,1,1.0,1,0.28972103081997946,26
2834,0,4372,2294,2078,0,0,0,1.0,1,1.0,1,1.0,1,0.2543788184858458,26
2835,1,4373,2295,2078,0,0,0,1.0,1,1.0,1,1.0,1,0.280177529975562,25
2836,1,4374,2296,2078,0,0,0,1.0,1,1.0,1,1.0,1,0.3144868234292049,27
2837,2,4376,2297,2079,0,0,0,1.0,1,1.0,1,1.0,1,0.2952088329624462,27
2838,1,4377,2298,2079,0,0,0,1.0,1,1.0,1,1.0,1,0.28363406307661443,27
2839,1,4378,2298,2080,0,0,0,1.0,1,1.0,1,1.0,1,0.28303711947937654,29
2840,1,4379,2299,2080,0,0,0,1.0,1,1.0,1,1.0,1,0.303271094223422,29
2841,0,4379,2299,2080,0,0,0,1.0,1,1.0,1,1.0,1,0.3065697481907518,31
2842,1,4380,2299,2081,0,0,0,1.0,1,1.0,1,1.0,1,0.2765555384688668,31
2843,2,4382,2299,2083,0,0,0,1.0,1,1.0,1,1.0,1,0.23002165601396649,32
2844,1,4383,2300,2083,0,0,0,1.0,1,1.0,1,1.0,1,0.25901614931867734,33
2845,2,4385,2300,2085,0,0,0,1.0,1,1.0,1,1.0,1,0.23796837999191445,32
2846,0,4385,2300,2085,0,0,0,1.0,1,1.0,1,1.0,1,0.24011532583508008,33
2847,2,4387,2302,2085,0,0,0,1.0,1,1.0,1,1.0,1,0.3079431338764793,32
2848,1,4388,2303,2085,0,0,0,1.0,1,1.0,1,1.0,1,0.3371641716872995,33
2849,3,4391,2303,2088,0,0,0,1.0,1,1.0,1,1.0,1,0.28346995089623955,34
2850,0,4391,2303,2088,0,0,0,1.0,1,1.0,1,1.0,1,0.28346995089623955,34
2851,1,4392,2303,2089,0,0,0,1.0,1,1.0,1,1.0,1,0.26522381993303495,34
2852,4,4396,2307,2089,0,0,0,1.0,1,1.0,1,1.0,1,0.23731011116182923,35
2853,1,4397,2308,2089,0,0,0,1.0,1,1.0,1,1.0,1,0.2560012174813187,36
2854,1,4398,2308,2090,0,0,0,1.0,1,1.0,1,1.0,1,0.26761110299706414,37
2855,1,4399,2309,2090,0,0,0,1.0,1,1.0,1,1.0,1,0.2562778568172648,38
2856,0,4399,2309,2090,0,0,0,1.0,1,1.0,1,1.0,1,0.2562778568172648,38
2857,2,4401,2310,2091,0,0,0,1.0,1,1.0,1,1.0,1,0.24438643914535962,39
2858,3,4404,2311,2093,0,0,0,1.0,1,1.0,1,1.0,1,0.1956460938656868,40
2859,4,4408,2313,2095,0,0,0,1.0,1,1.0,1,1.0,1,0.21327081499166042,40
2860,1,4409,2314,2095,0,0,0,1.0,1,1.0,1,1.0,1,0.22311877154300352,40
2861,1,4410,2314,2096,0,0,0,1.0,1,1.0,1,1.0,1,0.18910417611707617,38
2862,2,4412,2316,2096,0,0,0,1.0,1,1.0,1,1.0,1,0.26067678453553156,38
2863,6,4418,2318,2100,0,0,0,1.0,1,1.0,1,1.0,1,0.21186198469960532,38
2864,2,4420,2320,2100,0,0,0,1.0,1,1.0,1,1.0,1,0.19241628818006543,36
2865,3,4423,2323,2100,0,0,0,1.0,1,1.0,1,1.0,1,0.22749780612992596,34
2866,1,4424,2324,2100,0,0,0,1.0,1,1.0,1,1.0,1,0.228137058913061,31
2867,0,4424,2324,2100,0,0,0,1.0,1,1.0,1,1.0,1,0.22257132089722953,30
2868,2,4426,2326,2100,0,0,0,1.0,1,1.0,1,1.0,1,0.2809146933630452,27
2869,3,4429,2327,2102,0,0,0,1.0,1,1.0,1,1.0,1,0.2664994653065348,27
2870,1,4430,2328,2102,0,0,0,1.0,1,1.0,1,1.0,1,0.2715609449565989,25
2871,1,4431,2329,2102,0,0,0,1.0,1,1.0,1,1.0,1,0.3172697892268763,25
2872,2,4433,2330,2103,0,0,0,1.0,1,1.0,1,1.0,1,0.40858282207884083,23
2873,1,4434,2330,2104,0,0,0,1.0,1,1.0,1,1.0,1,0.38837150493671574,24
2874,1,4435,2331,2104,0,0,0,1.0,1,1.0,1,1.0,1,0.436281543118953,24
2875,1,4436,2331,2105,0,0,0,1.0,1,1.0,1,1.0,1,0.4336535251738509,23
2876,5,4441,2332,2109,0,0,0,1.0,1,1.0,1,1.0,1,0.3060242751630625,24
2877,0,4441,2332,2109,0,0,0,1.0,1,1.0,1,1.0,1,0.3060242751630625,24
2878,1,4442,2333,2109,0,0,0,1.0,1,1.0,1,1.0,1,0.28765170587095107,24
2879,4,4446,2335,2111,0,0,0,1.0,1,1.0,1,1.0,1,0.31755156808693935,25
2880,1,4447,2335,2112,0,0,0,1.0,1,1.0,1,1.0,1,0.26682782838663566,26
2881,0,4447,2335,2112,0,0,0,1.0,1,1.0,1,1.0,1,0.26682782838663566,26
2882,0,4447,2335,2112,0,0,0,1.0,1,1.0,1,1.0,1,0.24398656525342147,27
2883,0,4447,2335,2112,0,0,0,1.0,1,1.0,1,1.0,1,0.23970530161525186,28
2884,2,4449,2336,2113,0,0,0,1.0,1,1.0,1,1.0,1,0.33738623180900296,29
2885,1,4450,2336,2114,0,0,0,1.0,1,1.0,1,1.0,1,0.29884766625094816,31
2886,2,4452,2337,2115,0,0,0,1.0,1,1.0,1,1.0,1,0.2999643221280738,31
2887,0,4452,2337,2115,0,0,0,1.0,1,1.0,1,1.0,1,0.28388892584041975,33
2888,0,4452,2337,2115,0,0,0,1.0,1,1.0,1,1.0,1,0.3060423031227777,34
2889,2,4454,2338,2116,0,0,0,1.0,1,1.0,1,1.0,1,0.30773713938466074,35
2890,1,4455,2339,2116,0,0,0,1.0,1,1.0,1,1.0,1,0.3214684036719549,35
2891,0,4455,2339,2116,0,0,0,1.0,1,1.0,1,1.0,1,0.3214684036719549,35
2892,2,4457,2341,2116,0,0,0,1.0,1,1.0,1,1.0,1,0.34031734587959134,35
2893,2,4459,2341,2118,0,0,0,1.0,1,1.0,1,1.0,1,0.3270333511575437,37
2894,0,4459,2341,2118,0,0,0,1.0,1,1.0,1,1.0,1,0.3270333511575437,37
2895,1,4460,2342,2118,0,0,0,1.0,1,1.0,1,1.0,1,0.3326537556936897,37
2896,3,4463,2342,2121,0,0,0,1.0,1,1.0,1,1.0,1,0.3024586573416844,38
2897,0,4463,2342,2121,0,0,0,1.0,1,1.0,1,1.0,1,0.32541447957703845,37
2898,1,4464,2342,2122,0,0,0,1.0,1,1.0,1,1.0,1,0.3356703779614869,38
2899,0,4464,2342,2122,0,0,0,1.0,1,1.0,1,1.0,1,0.314109207795153,37
2900,0,4464,2342,2122,0,0,0,1.0,1,1.0,1,1.0,1,0.32807374020756097,36
2901,1,4465,2342,2123,0,0,0,1.0,1,1.0,1,1.0,1,0.3133622900350213,37
2902,1,4466,2343,2123,0,0,0,1.0,1,1.0,1,1.0,1,0.3717385055896473,35
2903,0,4466,2343,2123,0,0,0,1.0,1,1.0,1,1.0,1,0.3618633346806372,35
2904,0,4466,2343,2123,0,0,0,1.0,1,1.0,1,1.0,1,0.4077115100677395,33
2905,2,4468,2343,2125,0,0,0,1.0,1,1.0,1,1.0,1,0.3483741561068321,34
2906,2,4470,2345,2125,0,0,0,1.0,1,1.0,1,1.0,1,0.3788079608560442,34
2907,1,4471,2345,2126,0,0,0,1.0,1,1.0,1,1.0,1,0.3573604079980656,35
2908,1,4472,2345,2127,0,0,0,1.0,1,1.0,1,1.0,1,0.33631001401360794,36
2909,0,4472,2345,2127,0,0,0,1.0,1,1.0,1,1.0,1,0.3548262513847241,38
2910,0,4472,2345,2127,0,0,0,1.0,1,1.0,1,1.0,1,0.3548262513847241,38
2911,1,4473,2346,2127,0,0,0,1.0,1,1.0,1,1.0,1,0.3800750649577642,37
2912,0,4473,2346,2127,0,0,0,1.0,1,1.0,1,1.0,1,0.3800750649577642,37
2913,1,4474,2346,2128,0,0,0,1.0,1,1.0,1,1.0,1,0.33681200519060184,38
2914,0,4474,2346,2128,0,0,0,1.0,1,1.0,1,1.0,1,0.33681200519060184,38
2915,2,4476,2346,2130,0,0,0,1.0,1,1.0,1,1.0,1,0.31925778852784564,39
2916,1,4477,2347,2130,0,0,0,1.0,1,1.0,1,1.0,1,0.32445364012090777,40
2917,1,4478,2347,2131,0,0,0,1.0,1,1.0,1,1.0,1,0.32600198582953377,41
2918,3,4481,2348,2133,0,0,0,1.0,1,1.0,1,1.0,1,0.3290289007203999,41
2919,1,4482,2348,2134,0,0,0,1.0,1,1.0,1,1.0,1,0.30824762484293383,41
2920,1,4483,2348,2135,0,0,0,1.0,1,1.0,1,1.0,1,0.3222128183307163,43
2921,2,4485,2348,2137,0,0,0,1.0,1,1.0,1,1.0,1,0.3099686067478914,42
2922,1,4486,2348,2138,0,0,0,1.0,1,1.0,1,1.0,1,0.2861387970982876,43
2923,0,4486,2348,2138,0,0,0,1.0,1,1.0,1,1.0,1,0.29517155311494775,44
2924,0,4486,2348,2138,0,0,0,1.0,1,1.0,1,1.0,1,0.28405483689201066,45
2925,3,4489,2349,2140,0,0,0,1.0,1,1.0,1,1.0,1,0.3070232605011795,45
2926,2,4491,2350,2141,0,0,0,1.0,1,1.0,1,1.0,1,0.3070927054998102,47
2927,7,4498,2352,2146,0,0,0,1.0,1,1.0,1,1.0,1,0.2249142251098207,47
2928,1,4499,2353,2146,0,0,0,1.0,1,1.0,1,1.0,1,0.22293038644171412,48
2929,0,4499,2353,2146,0,0,0,1.0,1,1.0,1,1.0,1,0.22293038644171412,48
2930,0,4499,2353,2146,0,0,0,1.0,1,1.0,1,1.0,1,0.24318085103962206,50
2931,0,4499,2353,2146,0,0,0,1.0,1,1.0,1,1.0,1,0.25264723373750014,51
2932,0,4499,2353,2146,0,0,0,1.0,1,1.0,1,1.0,1,0.25264723373750014,51
2933,1,4500,2354,2146,0,0,0,1.0,1,1.0,1,1.0,1,0.2828300245838351,52
2934,1,4501,2354,2147,0,0,0,1.0,1,1.0,1,1.0,1,0.27264528920924214,52
2935,1,4502,2355,2147,0,0,0,1.0,1,1.0,1,1.0,1,0.29423669476620296,51
2936,1,4503,2355,2148,0,0,0,1.0,1,1.0,1,1.0,1,0.2609584232657622,49
2937,0,4503,2355,2148,0,0,0,1.0,1,1.0,1,1.0,1,0.2584609665644671,50
2938,1,4504,2355,2149,0,0,0,1.0,1,1.0,1,1.0,1,0.24399641877820705,50
2939,0,4504,2355,2149,0,0,0,1.0,1,1.0,1,1.0,1,0.24350935857611436,51
2940,1,4505,2355,2150,0,0,0,1.0,1,1.0,1,1.0,1,0.25119097045578687,52
2941,1,4506,2356,2150,0,0,0,1.0,1,1.0,1,1.0,1,0.26095521106164954,53
2942,2,4508,2358,2150,0,0,0,1.0,1,1.0,1,1.0,1,0.31360013657136027,52
2943,3,4511,2359,2152,0,0,0,1.0,1,1.0,1,1.0,1,0.29754391345765563,51
2944,3,4514,2361,2153,0,0,0,1.0,1,1.0,1,1.0,1,0.3117735248011046,52
2945,4,4518,2362,2156,0,0,0,1.0,1,1.0,1,1.0,1,0.24553395013679616,50
2946,5,4523,2365,2158,0,0,0,1.0,1,1.0,1,1.0,1,0.2641716247960827,51
2947,4,4527,2367,2160,0,0,0,1.0,1,1.0,1,1.0,1,0.2740696430758683,50
2948,2,4529,2369,2160,0,0,0,1.0,1,1.0,1,1.0,1,0.3050608020726952,50
2949,4,4533,2369,2164,0,0,0,1.0,1,1.0,1,1.0,1,0.24008222236982715,49
2950,2,4535,2370,2165,0,0,0,1.0,1,1.0,1,1.0,1,0.2670438253986588,48
2951,3,4538,2371,2167,0,0,0,1.0,1,1.0,1,1.0,1,0.23934447409644338,48
2952,0,4538,2371,2167,0,0,0,1.0,1,1.0,1,1.0,1,0.24331052980531842,46
2953,1,4539,2371,2168,0,0,0,1.0,1,1.0,1,1.0,1,0.23601306727564123,46
2954,0,4539,2371,2168,0,0,0,1.0,1,1.0,1,1.0,1,0.25920115659535947,48
2955,0,4539,2371,2168,0,0,0,1.0,1,1.0,1,1.0,1,0.25920115659535947,48
2956,0,4539,2371,2168,0,0,0,1.0,1,1.0,1,1.0,1,0.2619316143617489,47
2957,4,4543,2373,2170,0,0,0,1.0,1,1.0,1,1.0,1,0.2695349291070289,48
2958,0,4543,2373,2170,0,0,0,1.0,1,1.0,1,1.0,1,0.2755181122344849,49
2959,2,4545,2374,2171,0,0,0,1.0,1,1.0,1,1.0,1,0.27053183429530625,49
2960,1,4546,2374,2172,0,0,0,1.0,1,1.0,1,1.0,1,0.24708016176811143,49
2961,7,4553,2377,2176,0,0,0,1.0,1,1.0,1,1.0,1,0.22801238153703562,51
2962,5,4558,2378,2180,0,0,0,1.0,1,1.0,1,1.0,1,0.16430156990192515,51
2963,1,4559,2378,2181,0,0,0,1.0,1,1.0,1,1.0,1,0.12859150558939833,51
2964,1,4560,2378,2182,0,0,0,1.0,1,1.0,1,1.0,1,0.11715604962707796,52
2965,0,4560,2378,2182,0,0,0,1.0,1,1.0,1,1.0,1,0.13822343805329562,53
2966,2,4562,2380,2182,0,0,0,1.0,1,1.0,1,1.0,1,0.1290303893173346,53
2967,0,4562,2380,2182,0,0,0,1.0,1,1.0,1,1.0,1,0.15101136868992177,53
2968,0,4562,2380,2182,0,0,0,1.0,1,1.0,1,1.0,1,0.16240648338213962,54
2969,1,4563,2381,2182,0,0,0,1.0,1,1.0,1,1.0,1,0.19526815031644623,55
2970,0,4563,2381,2182,0,0,0,1.0,1,1.0,1,1.0,1,0.19526815031644623,55
2971,2,4565,2382,2183,0,0,0,1.0,1,1.0,1,1.0,1,0.17249017403937106,55
2972,0,4565,2382,2183,0,0,0,1.0,1,1.0,1,1.0,1,0.17249017403937106,55
2973,3,4568,2382,2186,0,0,0,1.0,1,1.0,1,1.0,1,0.14487689162813044,55
2974,2,4570,2383,2187,0,0,0,1.0,1,1.0,1,1.0,1,0.14207314374235816,56
2975,1,4571,2383,2188,0,0,0,1.0,1,1.0,1,1.0,1,0.12156678257956018,55
2976,0,4571,2383,2188,0,0,0,1.0,1,1.0,1,1.0,1,0.14041747007772287,57
2977,0,4571,2383,2188,0,0,0,1.0,1,1.0,1,1.0,1,0.1524185790404482,59
2978,1,4572,2384,2188,0,0,0,1.0,1,1.0,1,1.0,1,0.1667303221817949,59
2979,1,4573,2385,2188,0,0,0,1.0,1,1.0,1,1.0,1,0.1865724499863846,59
2980,1,4574,2385,2189,0,0,0,1.0,1,1.0,1,1.0,1,0.17492761548866015,59
2981,2,4576,2386,2190,0,0,0,1.0,1,1.0,1,1.0,1,0.16598902317019126,59
2982,1,4577,2387,2190,0,0,0,1.0,1,1.0,1,1.0,1,0.193152165643754,61
2983,5,4582,2390,2192,0,0,0,1.0,1,1.0,1,1.0,1,0.15417419237461844,61
2984,7,4589,2394,2195,0,0,0,1.0,1,1.0,1,1.0,1,0.20583493899094024,61
2985,7,4596,2398,2198,0,0,0,1.0,1,1.0,1,1.0,1,0.18340639033121445,57
2986,4,4600,2400,2200,0,0,0,1.0,1,1.0,1,1.0,1,0.22421585412101178,58
2987,8,4608,2405,2203,0,0,0,1.0,1,1.0,1,1.0,1,0.21050302915094166,56
2988,3,4611,2405,2206,0,0,0,1.0,1,1.0,1,1.0,1,0.1534484026336422,55
2989,2,4613,2407,2206,0,0,0,1.0,1,1.0,1,1.0,1,0.15503641443388327,53
2990,3,4616,2408,2208,0,0,0,1.0,1,1.0,1,1.0,1,0.13908162062255208,52
2991,0,4616,2408,2208,0,0,0,1.0,1,1.0,1,1.0,1,0.14446935723496476,54
2992,2,4618,2409,2209,0,0,0,1.0,1,1.0,1,1.0,1,0.16226236613324796,55
2993,1,4619,2410,2209,0,0,0,1.0,1,1.0,1,1.0,1,0.20533188825432966,53
2994,3,4622,2413,2209,0,0,0,1.0,1,1.0,1,1.0,1,0.25649132437390176,53
2995,4,4626,2414,2212,0,0,0,1.0,1,1.0,1,1.0,1,0.1773953834798744,51
2996,2,4628,2415,2213,0,0,0,1.0,1,1.0,1,1.0,1,0.1948538471576678,52
2997,4,4632,2417,2215,0,0,0,1.0,1,1.0,1,1.0,1,0.19817392842737255,50
2998,1,4633,2417,2216,0,0,0,1.0,1,1.0,1,1.0,1,0.19685535372046023,51
2999,1,4634,2417,2217,0,0,0,1.0,1,1.0,1,1.0,1,0.15366692561646114,48
3000,0,4634,2417,2217,0,0,0,1.0,1,1.0,1,1.0,1,0.15366692561646114,48
3001,0,4634,2417,2217,0,0,0,1.0,1,1.0,1,1.0,1,0.16106889177507336,49
3002,1,4635,2418,2217,0,0,0,1.0,1,1.0,1,1.0,1,0.17982792042852963,50
3003,0,4635,2418,2217,0,0,0,1.0,1,1.0,1,1.0,1,0.17982792042852963,50
3004,1,4636,2418,2218,0,0,0,1.0,1,1.0,1,1.0,1,0.17156825788326185,51
3005,1,4637,2418,2219,0,0,0,1.0,1,1.0,1,1.0,1,0.173580364254434,50
3006,0,4637,2418,2219,0,0,0,1.0,1,1.0,1,1.0,1,0.18960637849170286,51
3007,2,4639,2418,2221,0,0,0,1.0,1,1.0,1,1.0,1,0.19073096126661612,51
3008,5,4644,2419,2225,0,0,0,1.0,1,1.0,1,1.0,1,0.19088965445572262,53
3009,2,4646,2419,2227,0,0,0,1.0,1,1.0,1,1.0,1,0.15481439417621634,52
3010,1,4647,2420,2227,0,0,0,1.0,1,1.0,1,1.0,1,0.1839522994190729,52
3011,2,4649,2420,2229,0,0,0,1.0,1,1.0,1,1.0,1,0.14562273621956914,51
3012,3,4652,2421,2231,0,0,0,1.0,1,1.0,1,1.0,1,0.1644749705086133,54
3013,2,4654,2423,2231,0,0,0,1.0,1,1.0,1,1.0,1,0.13888281540181718,52
3014,1,4655,2424,2231,0,0,0,1.0,1,1.0,1,1.0,1,0.15267882513324157,51
3015,3,4658,2427,2231,0,0,0,1.0,1,1.0,1,1.0,1,0.12336852525690355,50
3016,4,4662,2431,2231,0,0,0,1.0,1,1.0,1,1.0,1,0.19929316358221963,50
3017,3,4665,2433,2232,0,0,0,1.0,1,1.0,1,1.0,1,0.19065070101013704,48
3018,2,4667,2434,2233,0,0,0,1.0,1,1.0,1,1.0,1,0.24298604818774683,48
3019,5,4672,2436,2236,0,0,0,1.0,1,1.0,1,1.0,1,0.18324189714603395,47
3020,4,4676,2438,2238,0,0,0,1.0,1,1.0,1,1.0,1,0.1388117649486365,47
3021,2,4678,2439,2239,0,0,0,1.0,1,1.0,1,1.0,1,0.18169307277307406,46
3022,4,4682,2443,2239,0,0,0,1.0,1,1.0,1,1.0,1,0.25027634382609715,45
3023,1,4683,2443,2240,0,0,0,1.0,1,1.0,1,1.0,1,0.21814864676218246,41
3024,1,4684,2444,2240,0,0,0,1.0,1,1.0,1,1.0,1,0.22415118270965445,43
3025,2,4686,2445,2241,0,0,0,1.0,1,1.0,1,1.0,1,0.21011291762209863,39
3026,2,4688,2446,2242,0,0,0,1.0,1,1.0,1,1.0,1,0.22218626451725912,38
3027,3,4691,2448,2243,0,0,0,1.0,1,1.0,1,1.0,1,0.23751016761476135,38
3028,3,4694,2450,2244,0,0,0,1.0,1,1.0,1,1.0,1,0.25435523333248283,38
3029,2,4696,2450,2246,0,0,0,1.0,1,1.0,1,1.0,1,0.17827281059422484,37
3030,0,4696,2450,2246,0,0,0,1.0,1,1.0,1,1.0,1,0.18617622322401714,38
3031,1,4697,2451,2246,0,0,0,1.0,1,1.0,1,1.0,1,0.21327287065465442,39
3032,1,4698,2451,2247,0,0,0,1.0,1,1.0,1,1.0,1,0.18746744376738822,39
3033,0,4698,2451,2247,0,0,0,1.0,1,1.0,1,1.0,1,0.1626466044009401,39
3034,0,4698,2451,2247,0,0,0,1.0,1,1.0,1,1.0,1,0.17376354803563038,38
3035,0,4698,2451,2247,0,0,0,1.0,1,1.0,1,1.0,1,0.18535623254353,39
3036,0,4698,2451,2247,0,0,0,1.0,1,1.0,1,1.0,1,0.1766194102690022,39
3037,0,4698,2451,2247,0,0,0,1.0,1,1.0,1,1.0,1,0.2152665126280563,39
3038,2,4700,2452,2248,0,0,0,1.0,1,1.0,1,1.0,1,0.18915268078624148,40
3039,2,4702,2453,2249,0,0,0,1.0,1,1.0,1,1.0,1,0.19481996436193902,41
3040,4,4706,2455,2251,0,0,0,1.0,1,1.0,1,1.0,1,0.18562133419891186,42
3041,3,4709,2456,2253,0,0,0,1.0,1,1.0,1,1.0,1,0.18506836709404914,43
3042,2,4711,2457,2254,0,0,0,1.0,1,1.0,1,1.0,1,0.17933842750790663,45
3043,4,4715,2459,2256,0,0,0,1.0,1,1.0,1,1.0,1,0.20029130966066683,45
3044,0,4715,2459,2256,0,0,0,1.0,1,1.0,1,1.0,1,0.20029130966066683,45
3045,2,4717,2461,2256,0,0,0,1.0,1,1.0,1,1.0,1,0.22914190415219407,45
3046,0,4717,2461,2256,0,0,0,1.0,1,1.0,1,1.0,1,0.23976210561913758,46
3047,2,4719,2461,2258,0,0,0,1.0,1,1.0,1,1.0,1,0.19129809743807383,46
3048,2,4721,2461,2260,0,0,0,1.0,1,1.0,1,1.0,1,0.1982673019041005,49
3049,1,4722,2461,2261,0,0,0,1.0,1,1.0,1,1.0,1,0.1901948112240231,50
3050,0,4722,2461,2261,0,0,0,1.0,1,1.0,1,1.0,1,0.1901948112240231,50
3051,2,4724,2461,2263,0,0,0,1.0,1,1.0,1,1.0,1,0.20700289519796758,50
3052,1,4725,2462,2263,0,0,0,1.0,1,1.0,1,1.0,1,0.23973169016495752,50
3053,2,4727,2464,2263,0,0,0,1.0,1,1.0,1,1.0,1,0.1866976660917954,49
3054,1,4728,2465,2263,0,0,0,1.0,1,1.0,1,1.0,1,0.2351466419447039,47
3055,2,4730,2465,2265,0,0,0,1.0,1,1.0,1,1.0,1,0.2140774101749518,48
3056,3,4733,2466,2267,0,0,0,1.0,1,1.0,1,1.0,1,0.27955345942710025,47
3057,3,4736,2468,2268,0,0,0,1.0,1,1.0,1,1.0,1,0.3306781017263739,48
3058,2,4738,2469,2269,0,0,0,1.0,1,1.0,1,1.0,1,0.315373141717249,46
3059,3,4741,2470,2271,0,0,0,1.0,1,1.0,1,1.0,1,0.310549003527432,44
3060,0,4741,2470,2271,0,0,0,1.0,1,1.0,1,1.0,1,0.31143522858933104,44
3061,1,4742,2471,2271,0,0,0,1.0,1,1.0,1,1.0,1,0.31386058744521494,42
3062,5,4747,2473,2274,0,0,0,1.0,1,1.0,1,1.0,1,0.2919663648174701,42
3063,6,4753,2475,2278,0,0,0,1.0,1,1.0,1,1.0,1,0.22760568125094446,41
3064,3,4756,2477,2279,0,0,0,1.0,1,1.0,1,1.0,1,0.27087014994362296,42
3065,3,4759,2478,2281,0,0,0,1.0,1,1.0,1,1.0,1,0.1815545390804686,40
3066,4,4763,2480,2283,0,0,0,1.0,1,1.0,1,1.0,1,0.16529484659926827,42
3067,1,4764,2481,2283,0,0,0,1.0,1,1.0,1,1.0,1,0.1336599100417377,40
3068,3,4767,2484,2283,0,0,0,1.0,1,1.0,1,1.0,1,0.1719540163371208,39
3069,1,4768,2484,2284,0,0,0,1.0,1,1.0,1,1.0,1,0.1302688954593756,38
3070,0,4768,2484,2284,0,0,0,1.0,1,1.0,1,1.0,1,0.15241555837128812,39
3071,0,4768,2484,2284,0,0,0,1.0,1,1.0,1,1.0,1,0.1525409886113754,39
3072,2,4770,2485,2285,0,0,0,1.0,1,1.0,1,1.0,1,0.18449532864111498,40
3073,2,4772,2486,2286,0,0,0,1.0,1,1.0,1,1.0,1,0.20614369237782648,38
3074,0,4772,2486,2286,0,0,0,1.0,1,1.0,1,1.0,1,0.19144141706342307,38
3075,4,4776,2488,2288,0,0,0,1.0,1,1.0,1,1.0,1,0.2043136556069888,41
3076,0,4776,2488,2288,0,0,0,1.0,1,1.0,1,1.0,1,0.17463879716711728,42
3077,2,4778,2490,2288,0,0,0,1.0,1,1.0,1,1.0,1,0.228843388489617,42
3078,0,4778,2490,2288,0,0,0,1.0,1,1.0,1,1.0,1,0.228843388489617,42
3079,0,4778,2490,2288,0,0,0,1.0,1,1.0,1,1.0,1,0.228843388489617,42
3080,1,4779,2490,2289,0,0,0,1.0,1,1.0,1,1.0,1,0.21844586276324837,43
3081,1,4780,2491,2289,0,0,0,1.0,1,1.0,1,1.0,1,0.24615228769853056,44
3082,1,4781,2491,2290,0,0,0,1.0,1,1.0,1,1.0,1,0.24795039723520085,45
3083,1,4782,2491,2291,0,0,0,1.0,1,1.0,1,1.0,1,0.22785798141071414,45
3084,3,4785,2492,2293,0,0,0,1.0,1,1.0,1,1.0,1,0.2055573768354809,45
3085,2,4787,2493,2294,0,0,0,1.0,1,1.0,1,1.0,1,0.24749176835401163,46
3086,0,4787,2493,2294,0,0,0,1.0,1,1.0,1,1.0,1,0.24749176835401163,46
3087,1,4788,2494,2294,0,0,0,1.0,1,1.0,1,1.0,1,0.2648306281517272,47
3088,2,4790,2495,2295,0,0,0,1.0,1,1.0,1,1.0,1,0.2949064130932372,48
3089,1,4791,2495,2296,0,0,0,1.0,1,1.0,1,1.0,1,0.2573362145996088,46
3090,0,4791,2495,2296,0,0,0,1.0,1,1.0,1,1.0,1,0.2523686305638356,46
3091,1,4792,2495,2297,0,0,0,1.0,1,1.0,1,1.0,1,0.25733170106679326,46
3092,3,4795,2496,2299,0,0,0,1.0,1,1.0,1,1.0,1,0.23014719321719057,47
3093,2,4797,2497,2300,0,0,0,1.0,1,1.0,1,1.0,1,0.2561189540522345,47
3094,2,4799,2497,2302,0,0,0,1.0,1,1.0,1,1.0,1,0.23729729173056124,45
3095,4,4803,2499,2304,0,0,0,1.0,1,1.0,1,1.0,1,0.19194262466740364,46
3096,0,4803,2499,2304,0,0,0,1.0,1,1.0,1,1.0,1,0.19486968365913515,46
3097,2,4805,2501,2304,0,0,0,1.0,1,1.0,1,1.0,1,0.21097538189623824,47
3098,1,4806,2501,2305,0,0,0,1.0,1,1.0,1,1.0,1,0.1977347297949449,47
3099,0,4806,2501,2305,0,0,0,1.0,1,1.0,1,1.0,1,0.1977347297949449,47
3100,0,4806,2501,2305,0,0,0,1.0,1,1.0,1,1.0,1,0.1977347297949449,47
3101,0,4806,2501,2305,0,0,0,1.0,1,1.0,1,1.0,1,0.2054130011702376,48
3102,2,4808,2503,2305,0,0,0,1.0,1,1.0,1,1.0,1,0.18585156019822704,48
3103,3,4811,2504,2307,0,0,0,1.0,1,1.0,1,1.0,1,0.18172393505871118,49
3104,2,4813,2506,2307,0,0,0,1.0,1,1.0,1,1.0,1,0.2086882053759177,48
3105,4,4817,2506,2311,0,0,0,1.0,1,1.0,1,1.0,1,0.11625330676151295,45
3106,2,4819,2508,2311,0,0,0,1.0,1,1.0,1,1.0,1,0.1680314033014391,46
3107,0,4819,2508,2311,0,0,0,1.0,1,1.0,1,1.0,1,0.1567226337337665,44
3108,0,4819,2508,2311,0,0,0,1.0,1,1.0,1,1.0,1,0.15428842331094755,45
3109,0,4819,2508,2311,0,0,0,1.0,1,1.0,1,1.0,1,0.15721350042876012,44
3110,4,4823,2511,2312,0,0,0,1.0,1,1.0,1,1.0,1,0.20461172229588231,46
3111,3,4826,2513,2313,0,0,0,1.0,1,1.0,1,1.0,1,0.1916198535911685,46
3112,1,4827,2513,2314,0,0,0,1.0,1,1.0,1,1.0,1,0.18482859217456948,47
3113,1,4828,2513,2315,0,0,0,1.0,1,1.0,1,1.0,1,0.1559475219983323,48
3114,0,4828,2513,2315,0,0,0,1.0,1,1.0,1,1.0,1,0.17967296241659036,48
3115,2,4830,2513,2317,0,0,0,1.0,1,1.0,1,1.0,1,0.1778057346504869,49
3116,0,4830,2513,2317,0,0,0,1.0,1,1.0,1,1.0,1,0.20489948591948975,48
3117,3,4833,2515,2318,0,0,0,1.0,1,1.0,1,1.0,1,0.18951537802194707,49
3118,0,4833,2515,2318,0,0,0,1.0,1,1.0,1,1.0,1,0.1892528373215104,50
3119,1,4834,2515,2319,0,0,0,1.0,1,1.0,1,1.0,1,0.17059612812065286,50
3120,1,4835,2515,2320,0,0,0,1.0,1,1.0,1,1.0,1,0.1761750459617338,50
3121,1,4836,2516,2320,0,0,0,1.0,1,1.0,1,1.0,1,0.17890044881376774,50
3122,0,4836,2516,2320,0,0,0,1.0,1,1.0,1,1.0,1,0.17890044881376774,50
3123,2,4838,2518,2320,0,0,0,1.0,1,1.0,1,1.0,1,0.19314011928932867,51
3124,1,4839,2519,2320,0,0,0,1.0,1,1.0,1,1.0,1,0.2185638219887887,51
3125,2,4841,2520,2321,0,0,0,1.0,1,1.0,1,1.0,1,0.24188495641381194,51
3126,5,4846,2521,2325,0,0,0,1.0,1,1.0,1,1.0,1,0.19175870678019658,54
3127,3,4849,2522,2327,0,0,0,1.0,1,1.0,1,1.0,1,0.21387836780148664,53
3128,2,4851,2523,2328,0,0,0,1.0,1,1.0,1,1.0,1,0.1958185445528793,52
3129,1,4852,2524,2328,0,0,0,1.0,1,1.0,1,1.0,1,0.19312871807015955,51
3130,0,4852,2524,2328,0,0,0,1.0,1,1.0,1,1.0,1,0.197806355405573,50
3131,2,4854,2526,2328,0,0,0,1.0,1,1.0,1,1.0,1,0.23189147571093305,50
3132,3,4857,2527,2330,0,0,0,1.0,1,1.0,1,1.0,1,0.23908044859363453,49
3133,2,4859,2527,2332,0,0,0,1.0,1,1.0,1,1.0,1,0.20766081625300012,49
3134,1,4860,2528,2332,0,0,0,1.0,1,1.0,1,1.0,1,0.22884827375012323,46
3135,0,4860,2528,2332,0,0,0,1.0,1,1.0,1,1.0,1,0.2216750134567313,47
3136,2,4862,2528,2334,0,0,0,1.0,1,1.0,1,1.0,1,0.14491245506108535,46
3137,1,4863,2528,2335,0,0,0,1.0,1,1.0,1,1.0,1,0.15077855285710381,49
3138,0,4863,2528,2335,0,0,0,1.0,1,1.0,1,1.0,1,0.15077855285710381,49
3139,2,4865,2530,2335,0,0,0,1.0,1,1.0,1,1.0,1,0.20580092165116,50
3140,2,4867,2531,2336,0,0,0,1.0,1,1.0,1,1.0,1,0.23412493934770437,51
3141,1,4868,2532,2336,0,0,0,1.0,1,1.0,1,1.0,1,0.2610515892315959,50
3142,0,4868,2532,2336,0,0,0,1.0,1,1.0,1,1.0,1,0.2610515892315959,50
3143,0,4868,2532,2336,0,0,0,1.0,1,1.0,1,1.0,1,0.27280907249126285,49
3144,2,4870,2533,2337,0,0,0,1.0,1,1.0,1,1.0,1,0.2746844773104055,49
3145,2,4872,2534,2338,0,0,0,1.0,1,1.0,1,1.0,1,0.27217738098867644,48
3146,3,4875,2536,2339,0,0,0,1.0,1,1.0,1,1.0,1,0.2940321348866762,49
3147,4,4879,2537,2342,0,0,0,1.0,1,1.0,1,1.0,1,0.26210000438961306,48
3148,5,4884,2539,2345,0,0,0,1.0,1,1.0,1,1.0,1,0.21726537376198782,48
3149,2,4886,2540,2346,0,0,0,1.0,1,1.0,1,1.0,1,0.21420703341174313,47
3150,0,4886,2540,2346,0,0,0,1.0,1,1.0,1,1.0,1,0.21420703341174313,47
3151,1,4887,2540,2347,0,0,0,1.0,1,1.0,1,1.0,1,0.2170798275147539,48
3152,0,4887,2540,2347,0,0,0,1.0,1,1.0,1,1.0,1,0.23378003006161033,47
3153,2,4889,2541,2348,0,0,0,1.0,1,1.0,1,1.0,1,0.2155732461593663,47
3154,3,4892,2543,2349,0,0,0,1.0,1,1.0,1,1.0,1,0.2314419855246992,48
3155,2,4894,2544,2350,0,0,0,1.0,1,1.0,1,1.0,1,0.21099047841419455,48
3156,0,4894,2544,2350,0,0,0,1.0,1,1.0,1,1.0,1,0.21820719465624783,48
3157,2,4896,2544,2352,0,0,0,1.0,1,1.0,1,1.0,1,0.2314544151587929,48
3158,0,4896,2544,2352,0,0,0,1.0,1,1.0,1,1.0,1,0.2314544151587929,48
3159,6,4902,2544,2358,0,0,0,1.0,1,1.0,1,1.0,1,0.1784066747250189,49
3160,1,4903,2545,2358,0,0,0,1.0,1,1.0,1,1.0,1,0.19601521353617138,51
3161,2,4905,2545,2360,0,0,0,1.0,1,1.0,1,1.0,1,0.1353941454833243,52
3162,1,4906,2546,2360,0,0,0,1.0,1,1.0,1,1.0,1,0.14329775677848972,51
3163,0,4906,2546,2360,0,0,0,1.0,1,1.0,1,1.0,1,0.14329775677848972,51
3164,0,4906,2546,2360,0,0,0,1.0,1,1.0,1,1.0,1,0.1612017174984757,52
3165,1,4907,2547,2360,0,0,0,1.0,1,1.0,1,1.0,1,0.18751102377750578,50
3166,1,4908,2548,2360,0,0,0,1.0,1,1.0,1,1.0,1,0.18453518857459567,50
3167,3,4911,2550,2361,0,0,0,1.0,1,1.0,1,1.0,1,0.1506470822855961,49
3168,0,4911,2550,2361,0,0,0,1.0,1,1.0,1,1.0,1,0.15257291094891587,47
3169,2,4913,2551,2362,0,0,0,1.0,1,1.0,1,1.0,1,0.17005588147491207,48
3170,1,4914,2552,2362,0,0,0,1.0,1,1.0,1,1.0,1,0.22179184467561527,47
3171,4,4918,2553,2365,0,0,0,1.0,1,1.0,1,1.0,1,0.21832261284662974,47
3172,1,4919,2554,2365,0,0,0,1.0,1,1.0,1,1.0,1,0.2783799238360891,46
3173,2,4921,2554,2367,0,0,0,1.0,1,1.0,1,1.0,1,0.222986314975713,45
3174,2,4923,2554,2369,0,0,0,1.0,1,1.0,1,1.0,1,0.20889079867545587,43
3175,2,4925,2555,2370,0,0,0,1.0,1,1.0,1,1.0,1,0.21110478301121566,43
3176,1,4926,2555,2371,0,0,0,1.0,1,1.0,1,1.0,1,0.18719233441648925,44
3177,2,4928,2557,2371,0,0,0,1.0,1,1.0,1,1.0,1,0.20442821680818773,44
3178,2,4930,2559,2371,0,0,0,1.0,1,1.0,1,1.0,1,0.1994099155625477,47
3179,3,4933,2560,2373,0,0,0,1.0,1,1.0,1,1.0,1,0.17568783377259706,48
3180,1,4934,2561,2373,0,0,0,1.0,1,1.0,1,1.0,1,0.17857043934449734,48
3181,3,4937,2561,2376,0,0,0,1.0,1,1.0,1,1.0,1,0.12188792764140848,48
3182,0,4937,2561,2376,0,0,0,1.0,1,1.0,1,1.0,1,0.1384844898139617,51
3183,0,4937,2561,2376,0,0,0,1.0,1,1.0,1,1.0,1,0.14324998750110074,50
3184,1,4938,2562,2376,0,0,0,1.0,1,1.0,1,1.0,1,0.16194356343229027,50
3185,0,4938,2562,2376,0,0,0,1.0,1,1.0,1,1.0,1,0.16887466864695608,48
3186,3,4941,2564,2377,0,0,0,1.0,1,1.0,1,1.0,1,0.1744032005486494,48
3187,2,4943,2564,2379,0,0,0,1.0,1,1.0,1,1.0,1,0.1595729929163532,48
3188,1,4944,2565,2379,0,0,0,1.0,1,1.0,1,1.0,1,0.1935652592076138,48
3189,1,4945,2565,2380,0,0,0,1.0,1,1.0,1,1.0,1,0.1975409088702345,49
3190,2,4947,2565,2382,0,0,0,1.0,1,1.0,1,1.0,1,0.1880588182921434,51
3191,1,4948,2566,2382,0,0,0,1.0,1,1.0,1,1.0,1,0.16753268584906647,52
3192,2,4950,2567,2383,0,0,0,1.0,1,1.0,1,1.0,1,0.1629514332705006,52
3193,0,4950,2567,2383,0,0,0,1.0,1,1.0,1,1.0,1,0.1629514332705006,52
3194,1,4951,2568,2383,0,0,0,1.0,1,1.0,1,1.0,1,0.18328235690451442,54
3195,0,4951,2568,2383,0,0,0,1.0,1,1.0,1,1.0,1,0.18328235690451442,54
3196,1,4952,2569,2383,0,0,0,1.0,1,1.0,1,1.0,1,0.20404113559571196,54
3197,3,4955,2569,2386,0,0,0,1.0,1,1.0,1,1.0,1,0.18023540425674264,54
3198,1,4956,2570,2386,0,0,0,1.0,1,1.0,1,1.0,1,0.1953372971186897,54
3199,4,4960,2570,2390,0,0,0,1.0,1,1.0,1,1.0,1,0.13381942209294964,56
3200,1,4961,2571,2390,0,0,0,1.0,1,1.0,1,1.0,1,0.18605051106154538,56
3201,1,4962,2572,2390,0,0,0,1.0,1,1.0,1,1.0,1,0.20238094085119138,56
3202,0,4962,2572,2390,0,0,0,1.0,1,1.0,1,1.0,1,0.21013748047747544,57
3203,1,4963,2573,2390,0,0,0,1.0,1,1.0,1,1.0,1,0.21520276196378918,56
3204,1,4964,2574,2390,0,0,0,1.0,1,1.0,1,1.0,1,0.22085059182991942,55
3205,0,4964,2574,2390,0,0,0,1.0,1,1.0,1,1.0,1,0.23273717387744303,54
3206,5,4969,2578,2391,0,0,0,1.0,1,1.0,1,1.0,1,0.22345050130417873,56
3207,1,4970,2578,2392,0,0,0,1.0,1,1.0,1,1.0,1,0.22727783822893935,54
3208,0,4970,2578,2392,0,0,0,1.0,1,1.0,1,1.0,1,0.22734755104182944,53
3209,0,4970,2578,2392,0,0,0,1.0,1,1.0,1,1.0,1,0.22725475161644168,54
3210,3,4973,2580,2393,0,0,0,1.0,1,1.0,1,1.0,1,0.23723929336576588,53
3211,2,4975,2581,2394,0,0,0,1.0,1,1.0,1,1.0,1,0.22996283234900092,53
3212,1,4976,2581,2395,0,0,0,1.0,1,1.0,1,1.0,1,0.23449268275850302,54
3213,1,4977,2581,2396,0,0,0,1.0,1,1.0,1,1.0,1,0.20249079711681273,54
3214,0,4977,2581,2396,0,0,0,1.0,1,1.0,1,1.0,1,0.21894321240889852,55
3215,0,4977,2581,2396,0,0,0,1.0,1,1.0,1,1.0,1,0.21894321240889852,55
3216,1,4978,2582,2396,0,0,0,1.0,1,1.0,1,1.0,1,0.22519632911880866,55
3217,2,4980,2584,2396,0,0,0,1.0,1,1.0,1,1.0,1,0.25791541459066303,54
3218,0,4980,2584,2396,0,0,0,1.0,1,1.0,1,1.0,1,0.25791541459066303,54
3219,1,4981,2585,2396,0,0,0,1.0,1,1.0,1,1.0,1,0.2857541879547484,55
3220,0,4981,2585,2396,0,0,0,1.0,1,1.0,1,1.0,1,0.26429451693392036,56
3221,1,4982,2586,2396,0,0,0,1.0,1,1.0,1,1.0,1,0.27890129755598075,57
3222,2,4984,2587,2397,0,0,0,1.0,1,1.0,1,1.0,1,0.2776451519013403,57
3223,6,4990,2590,2400,0,0,0,1.0,1,1.0,1,1.0,1,0.2966024886360042,56
3224,5,4995,2595,2400,0,0,0,1.0,1,1.0,1,1.0,1,0.3174941374190605,58
3225,4,4999,2595,2404,0,0,0,1.0,1,1.0,1,1.0,1,0.2584694360074184,55
3226,3,5002,2597,2405,0,0,0,1.0,1,1.0,1,1.0,1,0.2889489594335279,54
3227,0,5002,2597,2405,0,0,0,1.0,1,1.0,1,1.0,1,0.2543253204045825,53
3228,1,5003,2598,2405,0,0,0,1.0,1,1.0,1,1.0,1,0.29236875513731436,52
3229,6,5009,2601,2408,0,0,0,1.0,1,1.0,1,1.0,1,0.30339912998128066,52
3230,2,5011,2602,2409,0,0,0,1.0,1,1.0,1,1.0,1,0.253646243425126,50
3231,0,5011,2602,2409,0,0,0,1.0,1,1.0,1,1.0,1,0.253646243425126,50
3232,2,5013,2604,2409,0,0,0,1.0,1,1.0,1,1.0,1,0.26195190251079736,50
3233,4,5017,2606,2411,0,0,0,1.0,1,1.0,1,1.0,1,0.29250306025148515,50
3234,2,5019,2607,2412,0,0,0,1.0,1,1.0,1,1.0,1,0.26144593272642735,49
3235,2,5021,2608,2413,0,0,0,1.0,1,1.0,1,1.0,1,0.24667420803925783,49
3236,2,5023,2609,2414,0,0,0,1.0,1,1.0,1,1.0,1,0.26090822582823237,51
3237,2,5025,2610,2415,0,0,0,1.0,1,1.0,1,1.0,1,0.27560663654268586,53
3238,1,5026,2611,2415,0,0,0,1.0,1,1.0,1,1.0,1,0.28081780325853134,53
3239,0,5026,2611,2415,0,0,0,1.0,1,1.0,1,1.0,1,0.28081780325853134,53
3240,0,5026,2611,2415,0,0,0,1.0,1,1.0,1,1.0,1,0.2828129849672311,53
3241,1,5027,2611,2416,0,0,0,1.0,1,1.0,1,1.0,1,0.28252450582063177,53
3242,1,5028,2611,2417,0,0,0,1.0,1,1.0,1,1.0,1,0.271385718076377,53
3243,0,5028,2611,2417,0,0,0,1.0,1,1.0,1,1.0,1,0.2709885930285737,56
3244,0,5028,2611,2417,0,0,0,1.0,1,1.0,1,1.0,1,0.28074462273231193,57
3245,0,5028,2611,2417,0,0,0,1.0,1,1.0,1,1.0,1,0.2844317676369335,59
3246,1,5029,2611,2418,0,0,0,1.0,1,1.0,1,1.0,1,0.26799258452044467,59
3247,3,5032,2613,2419,0,0,0,1.0,1,1.0,1,1.0,1,0.2717072692092451,59
3248,2,5034,2614,2420,0,0,0,1.0,1,1.0,1,1.0,1,0.2634917414640351,59
3249,3,5037,2614,2423,0,0,0,1.0,1,1.0,1,1.0,1,0.2511583657186652,58
3250,1,5038,2615,2423,0,0,0,1.0,1,1.0,1,1.0,1,0.2454490643903232,58
3251,1,5039,2615,2424,0,0,0,1.0,1,1.0,1,1.0,1,0.23977373229158394,57
3252,1,5040,2616,2424,0,0,0,1.0,1,1.0,1,1.0,1,0.24713201269475832,57
3253,0,5040,2616,2424,0,0,0,1.0,1,1.0,1,1.0,1,0.2608588608498099,56
3254,2,5042,2617,2425,0,0,0,1.0,1,1.0,1,1.0,1,0.25195576915314455,57
3255,2,5044,2617,2427,0,0,0,1.0,1,1.0,1,1.0,1,0.2342191178976875,57
3256,1,5045,2618,2427,0,0,0,1.0,1,1.0,1,1.0,1,0.24443893001244618,57
3257,3,5048,2618,2430,0,0,0,1.0,1,1.0,1,1.0,1,0.21844591424770815,57
3258,1,5049,2618,2431,0,0,0,1.0,1,1.0,1,1.0,1,0.22040688167767075,58
3259,2,5051,2619,2432,0,0,0,1.0,1,1.0,1,1.0,1,0.22343423532254697,59
3260,1,5052,2620,2432,0,0,0,1.0,1,1.0,1,1.0,1,0.24819256856048813,60
3261,7,5059,2622,2437,0,0,0,1.0,1,1.0,1,1.0,1,0.19221146221055455,60
3262,2,5061,2623,2438,0,0,0,1.0,1,1.0,1,1.0,1,0.18277780973675944,61
3263,5,5066,2628,2438,0,0,0,1.0,1,1.0,1,1.0,1,0.197031625715955,62
3264,3,5069,2629,2440,0,0,0,1.0,1,1.0,1,1.0,1,0.16157964393566593,60
3265,2,5071,2631,2440,0,0,0,1.0,1,1.0,1,1.0,1,0.1524234388374848,58
3266,6,5077,2635,2442,0,0,0,1.0,1,1.0,1,1.0,1,0.20365337915286363,59
3267,1,5078,2636,2442,0,0,0,1.0,1,1.0,1,1.0,1,0.20285264227703836,60
3268,3,5081,2639,2442,0,0,0,1.0,1,1.0,1,1.0,1,0.20141560109055967,58
3269,1,5082,2639,2443,0,0,0,1.0,1,1.0,1,1.0,1,0.18881258503276915,57
3270,4,5086,2641,2445,0,0,0,1.0,1,1.0,1,1.0,1,0.1545259313710949,56
3271,2,5088,2643,2445,0,0,0,1.0,1,1.0,1,1.0,1,0.14019358634212187,55
3272,1,5089,2644,2445,0,0,0,1.0,1,1.0,1,1.0,1,0.13976606507907627,55
3273,5,5094,2646,2448,0,0,0,1.0,1,1.0,1,1.0,1,0.18259695750587673,55
3274,0,5094,2646,2448,0,0,0,1.0,1,1.0,1,1.0,1,0.1475685419613507,55
3275,1,5095,2646,2449,0,0,0,1.0,1,1.0,1,1.0,1,0.11044412213341603,55
3276,1,5096,2647,2449,0,0,0,1.0,1,1.0,1,1.0,1,0.11166883375097193,55
3277,1,5097,2648,2449,0,0,0,1.0,1,1.0,1,1.0,1,0.1385700996272482,57
3278,0,5097,2648,2449,0,0,0,1.0,1,1.0,1,1.0,1,0.1402223235765318,56
3279,2,5099,2649,2450,0,0,0,1.0,1,1.0,1,1.0,1,0.11059189351766707,54
3280,1,5100,2650,2450,0,0,0,1.0,1,1.0,1,1.0,1,0.16436897509195972,53
3281,4,5104,2652,2452,0,0,0,1.0,1,1.0,1,1.0,1,0.19836763575483707,52
3282,0,5104,2652,2452,0,0,0,1.0,1,1.0,1,1.0,1,0.18907134286025706,50
3283,0,5104,2652,2452,0,0,0,1.0,1,1.0,1,1.0,1,0.1880793578935569,50
3284,3,5107,2655,2452,0,0,0,1.0,1,1.0,1,1.0,1,0.274038894549982,47
3285,3,5110,2655,2455,0,0,0,1.0,1,1.0,1,1.0,1,0.21342519613834407,48
3286,2,5112,2656,2456,0,0,0,1.0,1,1.0,1,1.0,1,0.22559627653221917,46
3287,7,5119,2658,2461,0,0,0,1.0,1,1.0,1,1.0,1,0.21608188127574268,46
3288,6,5125,2662,2463,0,0,0,1.0,1,1.0,1,1.0,1,0.1968027325414418,46
3289,5,5130,2665,2465,0,0,0,1.0,1,1.0,1,1.0,1,0.1851942029667846,48
3290,3,5133,2667,2466,0,0,0,1.0,1,1.0,1,1.0,1,0.20624192974799024,48
3291,2,5135,2668,2467,0,0,0,1.0,1,1.0,1,1.0,1,0.19341521083002836,50
3292,1,5136,2669,2467,0,0,0,1.0,1,1.0,1,1.0,1,0.20814239628780135,50
3293,3,5139,2669,2470,0,0,0,1.0,1,1.0,1,1.0,1,0.13886714450502358,51
3294,2,5141,2670,2471,0,0,0,1.0,1,1.0,1,1.0,1,0.12015327243371435,50
3295,2,5143,2671,2472,0,0,0,1.0,1,1.0,1,1.0,1,0.1181907957556187,50
3296,0,5143,2671,2472,0,0,0,1.0,1,1.0,1,1.0,1,0.1181907957556187,50
3297,0,5143,2671,2472,0,0,0,1.0,1,1.0,1,1.0,1,0.11978893199344448,51
3298,0,5143,2671,2472,0,0,0,1.0,1,1.0,1,1.0,1,0.10952643528047024,52
3299,2,5145,2672,2473,0,0,0,1.0,1,1.0,1,1.0,1,0.09660521270927071,53
3300,0,5145,2672,2473,0,0,0,1.0,1,1.0,1,1.0,1,0.09660521270927071,53
3301,1,5146,2673,2473,0,0,0,1.0,1,1.0,1,1.0,1,0.1169682297935659,53
3302,2,5148,2675,2473,0,0,0,1.0,1,1.0,1,1.0,1,0.10139930355935507,53
3303,3,5151,2677,2474,0,0,0,1.0,1,1.0,1,1.0,1,0.10776060577321256,52
3304,4,5155,2679,2476,0,0,0,1.0,1,1.0,1,1.0,1,0.109380158241932,52
3305,2,5157,2681,2476,0,0,0,1.0,1,1.0,1,1.0,1,0.18036075839720564,51
3306,7,5164,2684,2480,0,0,0,1.0,1,1.0,1,1.0,1,0.16067314405538494,51
3307,1,5165,2684,2481,0,0,0,1.0,1,1.0,1,1.0,1,0.11857210422048409,48
3308,0,5165,2684,2481,0,0,0,1.0,1,1.0,1,1.0,1,0.11857210422048409,48
3309,0,5165,2684,2481,0,0,0,1.0,1,1.0,1,1.0,1,0.14304086760027307,48
3310,0,5165,2684,2481,0,0,0,1.0,1,1.0,1,1.0,1,0.2048075514741411,47
3311,2,5167,2685,2482,0,0,0,1.0,1,1.0,1,1.0,1,0.1946118476034915,49
3312,2,5169,2686,2483,0,0,0,1.0,1,1.0,1,1.0,1,0.20454754367129688,48
3313,3,5172,2689,2483,0,0,0,1.0,1,1.0,1,1.0,1,0.25842343675662094,49
3314,2,5174,2691,2483,0,0,0,1.0,1,1.0,1,1.0,1,0.28452099355223,47
3315,5,5179,2693,2486,0,0,0,1.0,1,1.0,1,1.0,1,0.25226757844021086,47
3316,1,5180,2693,2487,0,0,0,1.0,1,1.0,1,1.0,1,0.2389038193127196,47
3317,2,5182,2694,2488,0,0,0,1.0,1,1.0,1,1.0,1,0.23065334914470326,46
3318,4,5186,2696,2490,0,0,0,1.0,1,1.0,1,1.0,1,0.22635486969599994,45
3319,0,5186,2696,2490,0,0,0,1.0,1,1.0,1,1.0,1,0.21194827316505813,44
3320,1,5187,2697,2490,0,0,0,1.0,1,1.0,1,1.0,1,0.25993556958740077,43
3321,8,5195,2700,2495,0,0,0,1.0,1,1.0,1,1.0,1,0.21929541970419372,43
3322,1,5196,2700,2496,0,0,0,1.0,1,1.0,1,1.0,1,0.17425884924152624,40
3323,3,5199,2702,2497,0,0,0,1.0,1,1.0,1,1.0,1,0.15286789268360337,40
3324,2,5201,2704,2497,0,0,0,1.0,1,1.0,1,1.0,1,0.1753103729631364,40
3325,3,5204,2705,2499,0,0,0,1.0,1,1.0,1,1.0,1,0.1473109229211996,40
3326,1,5205,2706,2499,0,0,0,1.0,1,1.0,1,1.0,1,0.11488253971865003,41
3327,0,5205,2706,2499,0,0,0,1.0,1,1.0,1,1.0,1,0.11800525903082916,39
3328,3,5208,2709,2499,0,0,0,1.0,1,1.0,1,1.0,1,0.21781820691637557,41
3329,3,5211,2710,2501,0,0,0,1.0,1,1.0,1,1.0,1,0.17503633443614258,39
3330,2,5213,2712,2501,0,0,0,1.0,1,1.0,1,1.0,1,0.23482441972635268,40
3331,2,5215,2712,2503,0,0,0,1.0,1,1.0,1,1.0,1,0.1853091853121379,38
3332,0,5215,2712,2503,0,0,0,1.0,1,1.0,1,1.0,1,0.22849202740286845,38
3333,0,5215,2712,2503,0,0,0,1.0,1,1.0,1,1.0,1,0.22849202740286845,38
3334,1,5216,2712,2504,0,0,0,1.0,1,1.0,1,1.0,1,0.2252290982064536,40
3335,1,5217,2712,2505,0,0,0,1.0,1,1.0,1,1.0,1,0.21367933521788804,40
3336,0,5217,2712,2505,0,0,0,1.0,1,1.0,1,1.0,1,0.230965049391508,39
3337,0,5217,2712,2505,0,0,0,1.0,1,1.0,1,1.0,1,0.22171195273729458,40
3338,4,5221,2715,2506,0,0,0,1.0,1,1.0,1,1.0,1,0.24118635990498333,41
3339,2,5223,2716,2507,0,0,0,1.0,1,1.0,1,1.0,1,0.23768677771586585,42
3340,3,5226,2718,2508,0,0,0,1.0,1,1.0,1,1.0,1,0.2474864603277847,43
3341,0,5226,2718,2508,0,0,0,1.0,1,1.0,1,1.0,1,0.2474864603277847,43
3342,4,5230,2719,2511,0,0,0,1.0,1,1.0,1,1.0,1,0.25092328181806206,44
3343,2,5232,2721,2511,0,0,0,1.0,1,1.0,1,1.0,1,0.24054235377144723,44
3344,2,5234,2723,2511,0,0,0,1.0,1,1.0,1,1.0,1,0.2992883440504212,44
3345,0,5234,2723,2511,0,0,0,1.0,1,1.0,1,1.0,1,0.30956241301225473,43
3346,0,5234,2723,2511,0,0,0,1.0,1,1.0,1,1.0,1,0.33080941077270143,42
3347,0,5234,2723,2511,0,0,0,1.0,1,1.0,1,1.0,1,0.31208743604635003,44
3348,1,5235,2723,2512,0,0,0,1.0,1,1.0,1,1.0,1,0.3053083740516856,45
3349,0,5235,2723,2512,0,0,0,1.0,1,1.0,1,1.0,1,0.3053083740516856,45
3350,0,5235,2723,2512,0,0,0,1.0,1,1.0,1,1.0,1,0.287803569629336,46
3351,1,5236,2723,2513,0,0,0,1.0,1,1.0,1,1.0,1,0.26022962002818745,47
3352,1,5237,2723,2514,0,0,0,1.0,1,1.0,1,1.0,1,0.2399880550311172,47
3353,2,5239,2723,2516,0,0,0,1.0,1,1.0,1,1.0,1,0.22888113052502787,48
3354,2,5241,2724,2517,0,0,0,1.0,1,1.0,1,1.0,1,0.22861845089102426,48
3355,2,5243,2724,2519,0,0,0,1.0,1,1.0,1,1.0,1,0.23726056109853857,48
3356,2,5245,2725,2520,0,0,0,1.0,1,1.0,1,1.0,1,0.2065301121729951,48
3357,1,5246,2726,2520,0,0,0,1.0,1,1.0,1,1.0,1,0.197911959611993,47
3358,2,5248,2727,2521,0,0,0,1.0,1,1.0,1,1.0,1,0.26978191874106233,46
3359,2,5250,2729,2521,0,0,0,1.0,1,1.0,1,1.0,1,0.293652992288402,45
3360,4,5254,2731,2523,0,0,0,1.0,1,1.0,1,1.0,1,0.3035258586148606,44
3361,1,5255,2731,2524,0,0,0,1.0,1,1.0,1,1.0,1,0.2789363062376801,43
3362,3,5258,2732,2526,0,0,0,1.0,1,1.0,1,1.0,1,0.25331816027464166,42
3363,1,5259,2733,2526,0,0,0,1.0,1,1.0,1,1.0,1,0.2796718617800671,41
3364,1,5260,2733,2527,0,0,0,1.0,1,1.0,1,1.0,1,0.24656820123457582,41
3365,0,5260,2733,2527,0,0,0,1.0,1,1.0,1,1.0,1,0.2749017169330247,41
3366,1,5261,2733,2528,0,0,0,1.0,1,1.0,1,1.0,1,0.25838783223969275,40
3367,1,5262,2733,2529,0,0,0,1.0,1,1.0,1,1.0,1,0.21086345313793636,39
3368,2,5264,2734,2530,0,0,0,1.0,1,1.0,1,1.0,1,0.185558144358421,39
3369,1,5265,2734,2531,0,0,0,1.0,1,1.0,1,1.0,1,0.1638998518228621,40
3370,4,5269,2737,2532,0,0,0,1.0,1,1.0,1,1.0,1,0.13077203106526103,41
3371,1,5270,2738,2532,0,0,0,1.0,1,1.0,1,1.0,1,0.1670574064284754,41
3372,2,5272,2740,2532,0,0,0,1.0,1,1.0,1,1.0,1,0.19611117853137172,40
3373,1,5273,2740,2533,0,0,0,1.0,1,1.0,1,1.0,1,0.19582327820372497,41
3374,1,5274,2741,2533,0,0,0,1.0,1,1.0,1,1.0,1,0.17454080097387195,42
3375,1,5275,2741,2534,0,0,0,1.0,1,1.0,1,1.0,1,0.18362986091124145,44
3376,1,5276,2741,2535,0,0,0,1.0,1,1.0,1,1.0,1,0.15999240828721067,46
3377,1,5277,2741,2536,0,0,0,1.0,1,1.0,1,1.0,1,0.16681049817996274,47
3378,2,5279,2743,2536,0,0,0,1.0,1,1.0,1,1.0,1,0.20076105164378077,48
3379,2,5281,2743,2538,0,0,0,1.0,1,1.0,1,1.0,1,0.15886141313579763,48
3380,1,5282,2744,2538,0,0,0,1.0,1,1.0,1,1.0,1,0.17524951609802267,48
3381,1,5283,2744,2539,0,0,0,1.0,1,1.0,1,1.0,1,0.1619456721052673,48
3382,2,5285,2746,2539,0,0,0,1.0,1,1.0,1,1.0,1,0.22615031170406993,49
3383,0,5285,2746,2539,0,0,0,1.0,1,1.0,1,1.0,1,0.20584234319111697,47
3384,0,5285,2746,2539,0,0,0,1.0,1,1.0,1,1.0,1,0.2176260024103897,48
3385,0,5285,2746,2539,0,0,0,1.0,1,1.0,1,1.0,1,0.18805495004066927,47
3386,2,5287,2747,2540,0,0,0,1.0,1,1.0,1,1.0,1,0.22657697030985316,49
3387,2,5289,2747,2542,0,0,0,1.0,1,1.0,1,1.0,1,0.18572299780052287,48
3388,1,5290,2748,2542,0,0,0,1.0,1,1.0,1,1.0,1,0.2147080964157379,48
3389,2,5292,2748,2544,0,0,0,1.0,1,1.0,1,1.0,1,0.22017893240972822,50
3390,1,5293,2749,2544,0,0,0,1.0,1,1.0,1,1.0,1,0.1983724490490812,51
3391,1,5294,2749,2545,0,0,0,1.0,1,1.0,1,1.0,1,0.18523045097102014,51
3392,1,5295,2749,2546,0,0,0,1.0,1,1.0,1,1.0,1,0.2033731075100527,52
3393,2,5297,2750,2547,0,0,0,1.0,1,1.0,1,1.0,1,0.22405679738038078,52
3394,1,5298,2750,2548,0,0,0,1.0,1,1.0,1,1.0,1,0.20155431603242713,52
3395,1,5299,2750,2549,0,0,0,1.0,1,1.0,1,1.0,1,0.20269872766691835,50
3396,2,5301,2751,2550,0,0,0,1.0,1,1.0,1,1.0,1,0.16789481280395513,49
3397,1,5302,2752,2550,0,0,0,1.0,1,1.0,1,1.0,1,0.17688939191782266,49
3398,0,5302,2752,2550,0,0,0,1.0,1,1.0,1,1.0,1,0.17289872643321458,48
3399,1,5303,2753,2550,0,0,0,1.0,1,1.0,1,1.0,1,0.19873138322173584,49
3400,1,5304,2754,2550,0,0,0,1.0,1,1.0,1,1.0,1,0.1975917022047389,50
3401,2,5306,2754,2552,0,0,0,1.0,1,1.0,1,1.0,1,0.17338763685747607,51
3402,1,5307,2755,2552,0,0,0,1.0,1,1.0,1,1.0,1,0.20079350771312743,51
3403,4,5311,2757,2554,0,0,0,1.0,1,1.0,1,1.0,1,0.17945225095623007,51
3404,2,5313,2758,2555,0,0,0,1.0,1,1.0,1,1.0,1,0.17179949100164002,51
3405,2,5315,2759,2556,0,0,0,1.0,1,1.0,1,1.0,1,0.18522902853653667,51
3406,1,5316,2759,2557,0,0,0,1.0,1,1.0,1,1.0,1,0.1945708380276994,51
3407,0,5316,2759,2557,0,0,0,1.0,1,1.0,1,1.0,1,0.20370409206830045,52
3408,2,5318,2759,2559,0,0,0,1.0,1,1.0,1,1.0,1,0.20449256996230253,53
3409,1,5319,2759,2560,0,0,0,1.0,1,1.0,1,1.0,1,0.18410237904486348,54
3410,2,5321,2761,2560,0,0,0,1.0,1,1.0,1,1.0,1,0.17188122274027703,54
3411,2,5323,2762,2561,0,0,0,1.0,1,1.0,1,1.0,1,0.1722504994821727,54
3412,1,5324,2762,2562,0,0,0,1.0,1,1.0,1,1.0,1,0.1697238593638442,55
3413,0,5324,2762,2562,0,0,0,1.0,1,1.0,1,1.0,1,0.1697238593638442,55
3414,2,5326,2762,2564,0,0,0,1.0,1,1.0,1,1.0,1,0.1561826012153988,55
3415,2,5328,2763,2565,0,0,0,1.0,1,1.0,1,1.0,1,0.17991369021237635,56
3416,2,5330,2763,2567,0,0,0,1.0,1,1.0,1,1.0,1,0.1692998422212834,55
3417,1,5331,2763,2568,0,0,0,1.0,1,1.0,1,1.0,1,0.17706469525717572,56
3418,2,5333,2765,2568,0,0,0,1.0,1,1.0,1,1.0,1,0.18863446748455553,55
3419,1,5334,2765,2569,0,0,0,1.0,1,1.0,1,1.0,1,0.1977857297684035,56
3420,1,5335,2765,2570,0,0,0,1.0,1,1.0,1,1.0,1,0.19920853414955264,55
3421,3,5338,2765,2573,0,0,0,1.0,1,1.0,1,1.0,1,0.17455450750679236,57
3422,0,5338,2765,2573,0,0,0,1.0,1,1.0,1,1.0,1,0.1848632716676044,56
3423,2,5340,2767,2573,0,0,0,1.0,1,1.0,1,1.0,1,0.19008461247228942,56
3424,1,5341,2768,2573,0,0,0,1.0,1,1.0,1,1.0,1,0.2291757998058656,56
3425,3,5344,2770,2574,0,0,0,1.0,1,1.0,1,1.0,1,0.20921512625923325,56
3426,2,5346,2770,2576,0,0,0,1.0,1,1.0,1,1.0,1,0.21601403517062437,55
3427,5,5351,2771,2580,0,0,0,1.0,1,1.0,1,1.0,1,0.18775690982940196,55
3428,1,5352,2772,2580,0,0,0,1.0,1,1.0,1,1.0,1,0.196721008823508,55
3429,3,5355,2772,2583,0,0,0,1.0,1,1.0,1,1.0,1,0.17666736597656643,54
3430,0,5355,2772,2583,0,0,0,1.0,1,1.0,1,1.0,1,0.17955762594838465,56
3431,0,5355,2772,2583,0,0,0,1.0,1,1.0,1,1.0,1,0.15673162612312308,54
3432,4,5359,2775,2584,0,0,0,1.0,1,1.0,1,1.0,1,0.20718101922828971,56
3433,3,5362,2777,2585,0,0,0,1.0,1,1.0,1,1.0,1,0.19706661001504042,53
3434,1,5363,2778,2585,0,0,0,1.0,1,1.0,1,1.0,1,0.22816135406197036,51
3435,6,5369,2779,2590,0,0,0,1.0,1,1.0,1,1.0,1,0.13860523796012025,51
3436,3,5372,2781,2591,0,0,0,1.0,1,1.0,1,1.0,1,0.12084703018690222,51
3437,1,5373,2782,2591,0,0,0,1.0,1,1.0,1,1.0,1,0.12066180048543369,53
3438,2,5375,2783,2592,0,0,0,1.0,1,1.0,1,1.0,1,0.12517269769235517,52
3439,2,5377,2784,2593,0,0,0,1.0,1,1.0,1,1.0,1,0.14662513631321844,54
3440,2,5379,2785,2594,0,0,0,1.0,1,1.0,1,1.0,1,0.1540134527676292,52
3441,2,5381,2785,2596,0,0,0,1.0,1,1.0,1,1.0,1,0.1060211585075474,53
3442,2,5383,2786,2597,0,0,0,1.0,1,1.0,1,1.0,1,0.12998564917369046,53
3443,1,5384,2786,2598,0,0,0,1.0,1,1.0,1,1.0,1,0.11642885394325046,53
3444,0,5384,2786,2598,0,0,0,1.0,1,1.0,1,1.0,1,0.12901260876350687,52
3445,2,5386,2787,2599,0,0,0,1.0,1,1.0,1,1.0,1,0.1444160452237386,53
3446,3,5389,2788,2601,0,0,0,1.0,1,1.0,1,1.0,1,0.16184832322229153,53
3447,1,5390,2788,2602,0,0,0,1.0,1,1.0,1,1.0,1,0.14939060163366968,53
3448,2,5392,2789,2603,0,0,0,1.0,1,1.0,1,1.0,1,0.1626775963526213,52
3449,4,5396,2791,2605,0,0,0,1.0,1,1.0,1,1.0,1,0.11542488563814911,52
3450,1,5397,2792,2605,0,0,0,1.0,1,1.0,1,1.0,1,0.1211224654040482,52
3451,3,5400,2795,2605,0,0,0,1.0,1,1.0,1,1.0,1,0.15499438968210666,54
3452,1,5401,2796,2605,0,0,0,1.0,1,1.0,1,1.0,1,0.16716378768661258,54
3453,4,5405,2797,2608,0,0,0,1.0,1,1.0,1,1.0,1,0.13884531437850417,54
3454,1,5406,2797,2609,0,0,0,1.0,1,1.0,1,1.0,1,0.13880947465560056,57
3455,1,5407,2797,2610,0,0,0,1.0,1,1.0,1,1.0,1,0.12464189688042858,57
3456,0,5407,2797,2610,0,0,0,1.0,1,1.0,1,1.0,1,0.1365815233678294,58
3457,0,5407,2797,2610,0,0,0,1.0,1,1.0,1,1.0,1,0.15742584879068533,57
3458,0,5407,2797,2610,0,0,0,1.0,1,1.0,1,1.0,1,0.15748804001826527,57
3459,0,5407,2797,2610,0,0,0,1.0,1,1.0,1,1.0,1,0.15748804001826527,57
3460,0,5407,2797,2610,0,0,0,1.0,1,1.0,1,1.0,1,0.15840015763892004,58
3461,4,5411,2798,2613,0,0,0,1.0,1,1.0,1,1.0,1,0.14367883606199114,59
3462,1,5412,2799,2613,0,0,0,1.0,1,1.0,1,1.0,1,0.1590757135736621,59
3463,1,5413,2800,2613,0,0,0,1.0,1,1.0,1,1.0,1,0.17743853354362987,59
3464,6,5419,2802,2617,0,0,0,1.0,1,1.0,1,1.0,1,0.18886088037224358,59
3465,2,5421,2803,2618,0,0,0,1.0,1,1.0,1,1.0,1,0.1658670703127294,57
3466,0,5421,2803,2618,0,0,0,1.0,1,1.0,1,1.0,1,0.1658670703127294,57
3467,2,5423,2803,2620,0,0,0,1.0,1,1.0,1,1.0,1,0.1440059934271326,57
3468,2,5425,2805,2620,0,0,0,1.0,1,1.0,1,1.0,1,0.19359746793185764,57
3469,4,5429,2808,2621,0,0,0,1.0,1,1.0,1,1.0,1,0.19873091337484375,53
3470,4,5433,2812,2621,0,0,0,1.0,1,1.0,1,1.0,1,0.2538315204405514,50
3471,5,5438,2814,2624,0,0,0,1.0,1,1.0,1,1.0,1,0.2147644051120052,49
3472,3,5441,2814,2627,0,0,0,1.0,1,1.0,1,1.0,1,0.21636420763610786,47
3473,4,5445,2818,2627,0,0,0,1.0,1,1.0,1,1.0,1,0.2876843078661595,45
3474,0,5445,2818,2627,0,0,0,1.0,1,1.0,1,1.0,1,0.28508686596532307,42
3475,9,5454,2821,2633,0,0,0,1.0,1,1.0,1,1.0,1,0.24614989844357343,43
3476,2,5456,2823,2633,0,0,0,1.0,1,1.0,1,1.0,1,0.24664330130535644,41
3477,5,5461,2828,2633,0,0,0,1.0,1,1.0,1,1.0,1,0.27756052330763914,42
3478,3,5464,2830,2634,0,0,0,1.0,1,1.0,1,1.0,1,0.21044004811450118,40
3479,2,5466,2831,2635,0,0,0,1.0,1,1.0,1,1.0,1,0.16900398885211734,40
3480,1,5467,2832,2635,0,0,0,1.0,1,1.0,1,1.0,1,0.18369885763995158,40
3481,1,5468,2833,2635,0,0,0,1.0,1,1.0,1,1.0,1,0.2205768378297993,40
3482,1,5469,2833,2636,0,0,0,1.0,1,1.0,1,1.0,1,0.19892252937914554,40
3483,1,5470,2833,2637,0,0,0,1.0,1,1.0,1,1.0,1,0.17055957849396838,39
3484,0,5470,2833,2637,0,0,0,1.0,1,1.0,1,1.0,1,0.17055957849396838,39
3485,1,5471,2834,2637,0,0,0,1.0,1,1.0,1,1.0,1,0.2071551843324852,40
3486,0,5471,2834,2637,0,0,0,1.0,1,1.0,1,1.0,1,0.20778611206550923,41
3487,1,5472,2834,2638,0,0,0,1.0,1,1.0,1,1.0,1,0.2187356768968073,41
3488,1,5473,2835,2638,0,0,0,1.0,1,1.0,1,1.0,1,0.21474850809327,42
3489,2,5475,2836,2639,0,0,0,1.0,1,1.0,1,1.0,1,0.1880977571128457,44
3490,0,5475,2836,2639,0,0,0,1.0,1,1.0,1,1.0,1,0.1880977571128457,44
3491,1,5476,2837,2639,0,0,0,1.0,1,1.0,1,1.0,1,0.21530036305725042,45
3492,1,5477,2838,2639,0,0,0,1.0,1,1.0,1,1.0,1,0.23982112286038926,45
3493,1,5478,2839,2639,0,0,0,1.0,1,1.0,1,1.0,1,0.2517076292535602,45
3494,1,5479,2839,2640,0,0,0,1.0,1,1.0,1,1.0,1,0.24341543778014654,45
3495,1,5480,2839,2641,0,0,0,1.0,1,1.0,1,1.0,1,0.22243691679411853,45
3496,3,5483,2840,2643,0,0,0,1.0,1,1.0,1,1.0,1,0.2374787602381921,46
3497,3,5486,2841,2645,0,0,0,1.0,1,1.0,1,1.0,1,0.23616885926898867,47
3498,1,5487,2842,2645,0,0,0,1.0,1,1.0,1,1.0,1,0.2728954401036101,48
3499,1,5488,2843,2645,0,0,0,1.0,1,1.0,1,1.0,1,0.2989838234848918,47
3500,4,5492,2843,2649,0,0,0,1.0,1,1.0,1,1.0,1,0.25978932728548715,50
3501,2,5494,2844,2650,0,0,0,1.0,1,1.0,1,1.0,1,0.25856367544960407,50
3502,0,5494,2844,2650,0,0,0,1.0,1,1.0,1,1.0,1,0.25856367544960407,50
3503,1,5495,2845,2650,0,0,0,1.0,1,1.0,1,1.0,1,0.27475378228305347,50
3504,4,5499,2848,2651,0,0,0,1.0,1,1.0,1,1.0,1,0.3079466680894084,47
3505,3,5502,2849,2653,0,0,0,1.0,1,1.0,1,1.0,1,0.3110746214104005,48
3506,3,5505,2850,2655,0,0,0,1.0,1,1.0,1,1.0,1,0.32071048765375487,49
3507,0,5505,2850,2655,0,0,0,1.0,1,1.0,1,1.0,1,0.32376509585964347,46
3508,1,5506,2851,2655,0,0,0,1.0,1,1.0,1,1.0,1,0.34511188467223786,47
3509,0,5506,2851,2655,0,0,0,1.0,1,1.0,1,1.0,1,0.31964293729004667,44
3510,0,5506,2851,2655,0,0,0,1.0,1,1.0,1,1.0,1,0.3509469428136521,45
3511,1,5507,2852,2655,0,0,0,1.0,1,1.0,1,1.0,1,0.35717144444039156,44
3512,1,5508,2852,2656,0,0,0,1.0,1,1.0,1,1.0,1,0.3409727839724011,42
3513,1,5509,2852,2657,0,0,0,1.0,1,1.0,1,1.0,1,0.3239857952415697,42
3514,0,5509,2852,2657,0,0,0,1.0,1,1.0,1,1.0,1,0.34990978772305575,42
3515,5,5514,2854,2660,0,0,0,1.0,1,1.0,1,1.0,1,0.36434751075802074,42
3516,1,5515,2854,2661,0,0,0,1.0,1,1.0,1,1.0,1,0.3191899240547061,41
3517,1,5516,2854,2662,0,0,0,1.0,1,1.0,1,1.0,1,0.30694961528099146,44
3518,2,5518,2855,2663,0,0,0,1.0,1,1.0,1,1.0,1,0.3195236519785018,43
3519,1,5519,2855,2664,0,0,0,1.0,1,1.0,1,1.0,1,0.3223084575026356,44
3520,2,5521,2855,2666,0,0,0,1.0,1,1.0,1,1.0,1,0.2997036014025507,45
3521,2,5523,2855,2668,0,0,0,1.0,1,1.0,1,1.0,1,0.2827326892125149,45
3522,0,5523,2855,2668,0,0,0,1.0,1,1.0,1,1.0,1,0.27731095683982937,46
3523,1,5524,2855,2669,0,0,0,1.0,1,1.0,1,1.0,1,0.26266315209291935,46
3524,1,5525,2855,2670,0,0,0,1.0,1,1.0,1,1.0,1,0.235751807562564,47
3525,1,5526,2855,2671,0,0,0,1.0,1,1.0,1,1.0,1,0.2744585588071476,48
3526,0,5526,2855,2671,0,0,0,1.0,1,1.0,1,1.0,1,0.2606022181361591,49
3527,2,5528,2857,2671,0,0,0,1.0,1,1.0,1,1.0,1,0.3138034873578821,49
3528,3,5531,2857,2674,0,0,0,1.0,1,1.0,1,1.0,1,0.30347043878779284,51
3529,1,5532,2857,2675,0,0,0,1.0,1,1.0,1,1.0,1,0.2939618908887412,51
3530,1,5533,2858,2675,0,0,0,1.0,1,1.0,1,1.0,1,0.29959839556144013,52
3531,4,5537,2859,2678,0,0,0,1.0,1,1.0,1,1.0,1,0.28556287315708684,52
3532,1,5538,2859,2679,0,0,0,1.0,1,1.0,1,1.0,1,0.27520643132294004,52
3533,1,5539,2859,2680,0,0,0,1.0,1,1.0,1,1.0,1,0.2620209012641583,52
3534,0,5539,2859,2680,0,0,0,1.0,1,1.0,1,1.0,1,0.2620209012641583,52
3535,0,5539,2859,2680,0,0,0,1.0,1,1.0,1,1.0,1,0.2620209012641583,52
3536,0,5539,2859,2680,0,0,0,1.0,1,1.0,1,1.0,1,0.2812987862404332,54
3537,1,5540,2859,2681,0,0,0,1.0,1,1.0,1,1.0,1,0.2728058231392853,55
3538,0,5540,2859,2681,0,0,0,1.0,1,1.0,1,1.0,1,0.2728058231392853,55
3539,0,5540,2859,2681,0,0,0,1.0,1,1.0,1,1.0,1,0.2648596201836167,58
3540,2,5542,2860,2682,0,0,0,1.0,1,1.0,1,1.0,1,0.2640009054406688,59
3541,1,5543,2860,2683,0,0,0,1.0,1,1.0,1,1.0,1,0.25183329117234565,59
3542,0,5543,2860,2683,0,0,0,1.0,1,1.0,1,1.0,1,0.26921068821249616,61
3543,5,5548,2862,2686,0,0,0,1.0,1,1.0,1,1.0,1,0.2650703233397,62
3544,4,5552,2865,2687,0,0,0,1.0,1,1.0,1,1.0,1,0.24135972850499327,59
3545,6,5558,2868,2690,0,0,0,1.0,1,1.0,1,1.0,1,0.2439138517400828,59
3546,3,5561,2870,2691,0,0,0,1.0,1,1.0,1,1.0,1,0.28497262483530483,57
3547,3,5564,2872,2692,0,0,0,1.0,1,1.0,1,1.0,1,0.26785539814353393,53
3548,2,5566,2873,2693,0,0,0,1.0,1,1.0,1,1.0,1,0.27198838379045115,53
3549,3,5569,2874,2695,0,0,0,1.0,1,1.0,1,1.0,1,0.2465744966265514,52
3550,1,5570,2875,2695,0,0,0,1.0,1,1.0,1,1.0,1,0.2764956468401397,51
3551,2,5572,2876,2696,0,0,0,1.0,1,1.0,1,1.0,1,0.27575953150564875,51
3552,2,5574,2877,2697,0,0,0,1.0,1,1.0,1,1.0,1,0.3129604912966661,51
3553,0,5574,2877,2697,0,0,0,1.0,1,1.0,1,1.0,1,0.30673517872061146,49
3554,0,5574,2877,2697,0,0,0,1.0,1,1.0,1,1.0,1,0.30673517872061146,49
3555,3,5577,2877,2700,0,0,0,1.0,1,1.0,1,1.0,1,0.280604336518616,51
3556,1,5578,2877,2701,0,0,0,1.0,1,1.0,1,1.0,1,0.2609546299333739,51
3557,3,5581,2878,2703,0,0,0,1.0,1,1.0,1,1.0,1,0.24668555812717657,52
3558,2,5583,2879,2704,0,0,0,1.0,1,1.0,1,1.0,1,0.25023895935311347,52
3559,4,5587,2880,2707,0,0,0,1.0,1,1.0,1,1.0,1,0.2175375735171767,52
3560,1,5588,2880,2708,0,0,0,1.0,1,1.0,1,1.0,1,0.20326467232689377,53
3561,2,5590,2880,2710,0,0,0,1.0,1,1.0,1,1.0,1,0.19214676576117173,54
3562,1,5591,2881,2710,0,0,0,1.0,1,1.0,1,1.0,1,0.19267769541957797,54
3563,3,5594,2882,2712,0,0,0,1.0,1,1.0,1,1.0,1,0.1945695332043551,55
3564,2,5596,2882,2714,0,0,0,1.0,1,1.0,1,1.0,1,0.15371027284870895,57
3565,0,5596,2882,2714,0,0,0,1.0,1,1.0,1,1.0,1,0.16465398611845578,56
3566,0,5596,2882,2714,0,0,0,1.0,1,1.0,1,1.0,1,0.17619671059742023,57
3567,0,5596,2882,2714,0,0,0,1.0,1,1.0,1,1.0,1,0.17619671059742023,57
3568,1,5597,2883,2714,0,0,0,1.0,1,1.0,1,1.0,1,0.19778600043900918,57
3569,1,5598,2883,2715,0,0,0,1.0,1,1.0,1,1.0,1,0.1775990257048045,57
3570,4,5602,2885,2717,0,0,0,1.0,1,1.0,1,1.0,1,0.20894514040295645,59
3571,2,5604,2885,2719,0,0,0,1.0,1,1.0,1,1.0,1,0.18176001165206654,60
3572,0,5604,2885,2719,0,0,0,1.0,1,1.0,1,1.0,1,0.18369093855247925,61
3573,1,5605,2885,2720,0,0,0,1.0,1,1.0,1,1.0,1,0.18279074520178282,62
3574,0,5605,2885,2720,0,0,0,1.0,1,1.0,1,1.0,1,0.18679496112143398,63
3575,2,5607,2886,2721,0,0,0,1.0,1,1.0,1,1.0,1,0.2038052075747063,63
3576,1,5608,2886,2722,0,0,0,1.0,1,1.0,1,1.0,1,0.18871230320131877,63
3577,1,5609,2886,2723,0,0,0,1.0,1,1.0,1,1.0,1,0.19622059485336665,64
3578,0,5609,2886,2723,0,0,0,1.0,1,1.0,1,1.0,1,0.2086574375889427,64
3579,1,5610,2886,2724,0,0,0,1.0,1,1.0,1,1.0,1,0.20192608469606999,64
3580,1,5611,2886,2725,0,0,0,1.0,1,1.0,1,1.0,1,0.19900225856908887,65
3581,1,5612,2886,2726,0,0,0,1.0,1,1.0,1,1.0,1,0.2074953947220234,68
3582,8,5620,2888,2732,0,0,0,1.0,1,1.0,1,1.0,1,0.16181786114408947,68
3583,3,5623,2890,2733,0,0,0,1.0,1,1.0,1,1.0,1,0.16202215504130468,65
3584,2,5625,2892,2733,0,0,0,1.0,1,1.0,1,1.0,1,0.1862237237510394,64
3585,5,5630,2894,2736,0,0,0,1.0,1,1.0,1,1.0,1,0.14880299154782672,64
3586,4,5634,2897,2737,0,0,0,1.0,1,1.0,1,1.0,1,0.15864475924049995,65
3587,0,5634,2897,2737,0,0,0,1.0,1,1.0,1,1.0,1,0.14934873283331046,64
3588,2,5636,2899,2737,0,0,0,1.0,1,1.0,1,1.0,1,0.16839523353318972,62
3589,5,5641,2903,2738,0,0,0,1.0,1,1.0,1,1.0,1,0.21356679268951348,63
3590,2,5643,2904,2739,0,0,0,1.0,1,1.0,1,1.0,1,0.20956797773420696,63
3591,2,5645,2905,2740,0,0,0,1.0,1,1.0,1,1.0,1,0.205941074917292,62
3592,3,5648,2907,2741,0,0,0,1.0,1,1.0,1,1.0,1,0.17670233108587172,59
3593,2,5650,2909,2741,0,0,0,1.0,1,1.0,1,1.0,1,0.15244524604603413,58
3594,1,5651,2909,2742,0,0,0,1.0,1,1.0,1,1.0,1,0.14807505958048053,57
3595,1,5652,2910,2742,0,0,0,1.0,1,1.0,1,1.0,1,0.13645913160558665,59
3596,1,5653,2911,2742,0,0,0,1.0,1,1.0,1,1.0,1,0.09969646585902292,57
3597,3,5656,2914,2742,0,0,0,1.0,1,1.0,1,1.0,1,0.1633015136528975,57
3598,1,5657,2915,2742,0,0,0,1.0,1,1.0,1,1.0,1,0.1557208647874091,57
3599,5,5662,2918,2744,0,0,0,1.0,1,1.0,1,1.0,1,0.15896250576178547,58
3600,0,5662,2918,2744,0,0,0,1.0,1,1.0,1,1.0,1,0.15874023739818421,58
3601,0,5662,2918,2744,0,0,0,1.0,1,1.0,1,1.0,1,0.15874023739818421,58
3602,0,5662,2918,2744,0,0,0,1.0,1,1.0,1,1.0,1,0.1561385949712374,60
3603,0,5662,2918,2744,0,0,0,1.0,1,1.0,1,1.0,1,0.1561385949712374,60
3604,0,5662,2918,2744,0,0,0,1.0,1,1.0,1,1.0,1,0.1561385949712374,60
3605,2,5664,2919,2745,0,0,0,1.0,1,1.0,1,1.0,1,0.16725565844660994,61
3606,4,5668,2921,2747,0,0,0,1.0,1,1.0,1,1.0,1,0.15940247682361885,63
3607,3,5671,2922,2749,0,0,0,1.0,1,1.0,1,1.0,1,0.16322067317532338,63
3608,2,5673,2922,2751,0,0,0,1.0,1,1.0,1,1.0,1,0.14242523121067546,64
3609,5,5678,2923,2755,0,0,0,1.0,1,1.0,1,1.0,1,0.10122929493005398,66
3610,2,5680,2925,2755,0,0,0,1.0,1,1.0,1,1.0,1,0.11591328490045782,67
3611,2,5682,2927,2755,0,0,0,1.0,1,1.0,1,1.0,1,0.1565407626972623,67
3612,1,5683,2928,2755,0,0,0,1.0,1,1.0,1,1.0,1,0.207557995273323,66
3613,5,5688,2928,2760,0,0,0,1.0,1,1.0,1,1.0,1,0.1709342266098142,66
3614,1,5689,2929,2760,0,0,0,1.0,1,1.0,1,1.0,1,0.1658601986263335,65
3615,0,5689,2929,2760,0,0,0,1.0,1,1.0,1,1.0,1,0.17992885653816984,65
3616,1,5690,2930,2760,0,0,0,1.0,1,1.0,1,1.0,1,0.17901494864898435,65
3617,2,5692,2931,2761,0,0,0,1.0,1,1.0,1,1.0,1,0.17994159136589452,66
3618,1,5693,2931,2762,0,0,0,1.0,1,1.0,1,1.0,1,0.16863936400481255,66
3619,1,5694,2931,2763,0,0,0,1.0,1,1.0,1,1.0,1,0.14599613917224483,65
3620,2,5696,2932,2764,0,0,0,1.0,1,1.0,1,1.0,1,0.14123963177372537,66
3621,1,5697,2933,2764,0,0,0,1.0,1,1.0,1,1.0,1,0.14066628843814494,65
3622,3,5700,2934,2766,0,0,0,1.0,1,1.0,1,1.0,1,0.13473300604026459,65
3623,4,5704,2936,2768,0,0,0,1.0,1,1.0,1,1.0,1,0.14910125511028796,62
3624,2,5706,2938,2768,0,0,0,1.0,1,1.0,1,1.0,1,0.18467960684205853,62
3625,3,5709,2939,2770,0,0,0,1.0,1,1.0,1,1.0,1,0.19769147890420627,61
3626,4,5713,2942,2771,0,0,0,1.0,1,1.0,1,1.0,1,0.1738348900668841,58
3627,6,5719,2945,2774,0,0,0,1.0,1,1.0,1,1.0,1,0.16931437107853828,58
3628,0,5719,2945,2774,0,0,0,1.0,1,1.0,1,1.0,1,0.14744380392977186,57
3629,0,5719,2945,2774,0,0,0,1.0,1,1.0,1,1.0,1,0.15468357065099858,57
3630,2,5721,2947,2774,0,0,0,1.0,1,1.0,1,1.0,1,0.1752196151699983,56
3631,4,5725,2951,2774,0,0,0,1.0,1,1.0,1,1.0,1,0.18218265490945812,54
3632,1,5726,2951,2775,0,0,0,1.0,1,1.0,1,1.0,1,0.16827856342661246,52
3633,5,5731,2955,2776,0,0,0,1.0,1,1.0,1,1.0,1,0.24254135250446257,52
3634,3,5734,2957,2777,0,0,0,1.0,1,1.0,1,1.0,1,0.23492937564680783,49
3635,4,5738,2957,2781,0,0,0,1.0,1,1.0,1,1.0,1,0.1796309439291509,47
3636,1,5739,2958,2781,0,0,0,1.0,1,1.0,1,1.0,1,0.19222054314830975,48
3637,5,5744,2960,2784,0,0,0,1.0,1,1.0,1,1.0,1,0.17670820623711103,49
3638,1,5745,2960,2785,0,0,0,1.0,1,1.0,1,1.0,1,0.16193204492194,50
3639,3,5748,2962,2786,0,0,0,1.0,1,1.0,1,1.0,1,0.20774256298748384,52
3640,1,5749,2963,2786,0,0,0,1.0,1,1.0,1,1.0,1,0.21859658733295562,52
3641,2,5751,2963,2788,0,0,0,1.0,1,1.0,1,1.0,1,0.1946821984863387,52
3642,0,5751,2963,2788,0,0,0,1.0,1,1.0,1,1.0,1,0.1946821984863387,52
3643,0,5751,2963,2788,0,0,0,1.0,1,1.0,1,1.0,1,0.1946821984863387,52
3644,0,5751,2963,2788,0,0,0,1.0,1,1.0,1,1.0,1,0.1946821984863387,52
3645,0,5751,2963,2788,0,0,0,1.0,1,1.0,1,1.0,1,0.17647845598054415,53
3646,1,5752,2963,2789,0,0,0,1.0,1,1.0,1,1.0,1,0.1693508923857443,53
3647,0,5752,2963,2789,0,0,0,1.0,1,1.0,1,1.0,1,0.18542531955302818,55
3648,3,5755,2963,2792,0,0,0,1.0,1,1.0,1,1.0,1,0.1638035259787748,57
3649,3,5758,2964,2794,0,0,0,1.0,1,1.0,1,1.0,1,0.14704014920302422,57
3650,1,5759,2964,2795,0,0,0,1.0,1,1.0,1,1.0,1,0.14517457879145032,59
3651,1,5760,2965,2795,0,0,0,1.0,1,1.0,1,1.0,1,0.13538709009492061,59
3652,0,5760,2965,2795,0,0,0,1.0,1,1.0,1,1.0,1,0.13538709009492061,59
3653,0,5760,2965,2795,0,0,0,1.0,1,1.0,1,1.0,1,0.13538709009492061,59
3654,0,5760,2965,2795,0,0,0,1.0,1,1.0,1,1.0,1,0.13538709009492061,59
3655,1,5761,2965,2796,0,0,0,1.0,1,1.0,1,1.0,1,0.1296852138170772,62
3656,0,5761,2965,2796,0,0,0,1.0,1,1.0,1,1.0,1,0.1296852138170772,62
3657,0,5761,2965,2796,0,0,0,1.0,1,1.0,1,1.0,1,0.14149194458729436,63
3658,1,5762,2966,2796,0,0,0,1.0,1,1.0,1,1.0,1,0.15783051454869967,63
3659,1,5763,2966,2797,0,0,0,1.0,1,1.0,1,1.0,1,0.1518124194121444,62
3660,3,5766,2969,2797,0,0,0,1.0,1,1.0,1,1.0,1,0.19604434912212484,62
3661,2,5768,2970,2798,0,0,0,1.0,1,1.0,1,1.0,1,0.17690687160982124,61
3662,4,5772,2973,2799,0,0,0,1.0,1,1.0,1,1.0,1,0.2418418549883829,60
3663,8,5780,2976,2804,0,0,0,1.0,1,1.0,1,1.0,1,0.18893384417094292,61
3664,1,5781,2976,2805,0,0,0,1.0,1,1.0,1,1.0,1,0.18578231446514962,58
3665,3,5784,2978,2806,0,0,0,1.0,1,1.0,1,1.0,1,0.18759643503951073,58
3666,1,5785,2979,2806,0,0,0,1.0,1,1.0,1,1.0,1,0.16349713431407314,58
3667,2,5787,2981,2806,0,0,0,1.0,1,1.0,1,1.0,1,0.16295606889642503,58
3668,1,5788,2981,2807,0,0,0,1.0,1,1.0,1,1.0,1,0.1594728424587487,58
3669,2,5790,2982,2808,0,0,0,1.0,1,1.0,1,1.0,1,0.17565475975815106,57
3670,0,5790,2982,2808,0,0,0,1.0,1,1.0,1,1.0,1,0.16200994181394643,56
3671,1,5791,2983,2808,0,0,0,1.0,1,1.0,1,1.0,1,0.19806097376067783,57
3672,2,5793,2984,2809,0,0,0,1.0,1,1.0,1,1.0,1,0.22153503206674566,57
3673,0,5793,2984,2809,0,0,0,1.0,1,1.0,1,1.0,1,0.20830804171973696,58
3674,0,5793,2984,2809,0,0,0,1.0,1,1.0,1,1.0,1,0.2208580267499783,57
3675,0,5793,2984,2809,0,0,0,1.0,1,1.0,1,1.0,1,0.23038626044945268,58
3676,1,5794,2985,2809,0,0,0,1.0,1,1.0,1,1.0,1,0.2516094145996946,59
3677,5,5799,2986,2813,0,0,0,1.0,1,1.0,1,1.0,1,0.22294986987441784,60
3678,1,5800,2986,2814,0,0,0,1.0,1,1.0,1,1.0,1,0.2412319496671724,62
3679,2,5802,2986,2816,0,0,0,1.0,1,1.0,1,1.0,1,0.21183920562365213,62
3680,0,5802,2986,2816,0,0,0,1.0,1,1.0,1,1.0,1,0.19374056515613458,63
3681,0,5802,2986,2816,0,0,0,1.0,1,1.0,1,1.0,1,0.2004386989809988,64
3682,0,5802,2986,2816,0,0,0,1.0,1,1.0,1,1.0,1,0.2004386989809988,64
3683,0,5802,2986,2816,0,0,0,1.0,1,1.0,1,1.0,1,0.2004386989809988,64
3684,1,5803,2987,2816,0,0,0,1.0,1,1.0,1,1.0,1,0.22020290850271287,64
3685,0,5803,2987,2816,0,0,0,1.0,1,1.0,1,1.0,1,0.22020290850271287,64
3686,0,5803,2987,2816,0,0,0,1.0,1,1.0,1,1.0,1,0.21353019731085862,65
3687,0,5803,2987,2816,0,0,0,1.0,1,1.0,1,1.0,1,0.21353019731085862,65
3688,4,5807,2987,2820,0,0,0,1.0,1,1.0,1,1.0,1,0.18228158919087956,66
3689,0,5807,2987,2820,0,0,0,1.0,1,1.0,1,1.0,1,0.18228158919087956,66
3690,0,5807,2987,2820,0,0,0,1.0,1,1.0,1,1.0,1,0.18712177422381213,67
3691,1,5808,2987,2821,0,0,0,1.0,1,1.0,1,1.0,1,0.17354522083990873,68
3692,0,5808,2987,2821,0,0,0,1.0,1,1.0,1,1.0,1,0.17069142081050753,69
3693,0,5808,2987,2821,0,0,0,1.0,1,1.0,1,1.0,1,0.1812579590857748,69
3694,1,5809,2988,2821,0,0,0,1.0,1,1.0,1,1.0,1,0.177961306045265,70
3695,1,5810,2988,2822,0,0,0,1.0,1,1.0,1,1.0,1,0.17044731454665743,70
3696,1,5811,2989,2822,0,0,0,1.0,1,1.0,1,1.0,1,0.1747478601402853,71
3697,3,5814,2991,2823,0,0,0,1.0,1,1.0,1,1.0,1,0.18117568212806318,70
3698,0,5814,2991,2823,0,0,0,1.0,1,1.0,1,1.0,1,0.17986247684675455,70
3699,1,5815,2992,2823,0,0,0,1.0,1,1.0,1,1.0,1,0.18569102051440423,70
3700,4,5819,2996,2823,0,0,0,1.0,1,1.0,1,1.0,1,0.2269249975274531,68
3701,4,5823,2997,2826,0,0,0,1.0,1,1.0,1,1.0,1,0.2113847204126852,69
3702,1,5824,2998,2826,0,0,0,1.0,1,1.0,1,1.0,1,0.2109226070406584,69
3703,3,5827,2998,2829,0,0,0,1.0,1,1.0,1,1.0,1,0.19046158540942185,70
3704,2,5829,3000,2829,0,0,0,1.0,1,1.0,1,1.0,1,0.21121171531519053,69
3705,1,5830,3000,2830,0,0,0,1.0,1,1.0,1,1.0,1,0.18355978709702833,69
3706,3,5833,3001,2832,0,0,0,1.0,1,1.0,1,1.0,1,0.15735903598805692,69
3707,1,5834,3001,2833,0,0,0,1.0,1,1.0,1,1.0,1,0.13493375148370185,67
3708,0,5834,3001,2833,0,0,0,1.0,1,1.0,1,1.0,1,0.12360441611945444,67
3709,0,5834,3001,2833,0,0,0,1.0,1,1.0,1,1.0,1,0.12360441611945444,67
3710,0,5834,3001,2833,0,0,0,1.0,1,1.0,1,1.0,1,0.12496044687891586,67
3711,0,5834,3001,2833,0,0,0,1.0,1,1.0,1,1.0,1,0.12658874793376235,68
3712,1,5835,3002,2833,0,0,0,1.0,1,1.0,1,1.0,1,0.12035606682709213,68
3713,2,5837,3004,2833,0,0,0,1.0,1,1.0,1,1.0,1,0.140745540087113,68
3714,0,5837,3004,2833,0,0,0,1.0,1,1.0,1,1.0,1,0.15263202654415445,67
3715,3,5840,3005,2835,0,0,0,1.0,1,1.0,1,1.0,1,0.139078390375272,68
3716,1,5841,3006,2835,0,0,0,1.0,1,1.0,1,1.0,1,0.14143084064289904,67
3717,3,5844,3007,2837,0,0,0,1.0,1,1.0,1,1.0,1,0.14965616150753128,68
3718,0,5844,3007,2837,0,0,0,1.0,1,1.0,1,1.0,1,0.15977621146065152,68
3719,3,5847,3009,2838,0,0,0,1.0,1,1.0,1,1.0,1,0.22241844177139403,68
3720,0,5847,3009,2838,0,0,0,1.0,1,1.0,1,1.0,1,0.22241844177139403,68
3721,5,5852,3013,2839,0,0,0,1.0,1,1.0,1,1.0,1,0.17863423259795572,70
3722,0,5852,3013,2839,0,0,0,1.0,1,1.0,1,1.0,1,0.18702672698348155,71
3723,2,5854,3015,2839,0,0,0,1.0,1,1.0,1,1.0,1,0.20159183140454184,71
3724,0,5854,3015,2839,0,0,0,1.0,1,1.0,1,1.0,1,0.19112469444382282,72
3725,3,5857,3017,2840,0,0,0,1.0,1,1.0,1,1.0,1,0.1942164668409358,72
3726,0,5857,3017,2840,0,0,0,1.0,1,1.0,1,1.0,1,0.19476721942251618,71
3727,0,5857,3017,2840,0,0,0,1.0,1,1.0,1,1.0,1,0.19476721942251618,71
3728,0,5857,3017,2840,0,0,0,1.0,1,1.0,1,1.0,1,0.19920273240881697,70
3729,0,5857,3017,2840,0,0,0,1.0,1,1.0,1,1.0,1,0.19920273240881697,70
3730,3,5860,3018,2842,0,0,0,1.0,1,1.0,1,1.0,1,0.21626131432871903,71
3731,4,5864,3018,2846,0,0,0,1.0,1,1.0,1,1.0,1,0.17279896976034742,71
3732,0,5864,3018,2846,0,0,0,1.0,1,1.0,1,1.0,1,0.17498488878257196,72
3733,3,5867,3019,2848,0,0,0,1.0,1,1.0,1,1.0,1,0.18432428829902422,73
3734,5,5872,3021,2851,0,0,0,1.0,1,1.0,1,1.0,1,0.1999520903763225,74
3735,2,5874,3022,2852,0,0,0,1.0,1,1.0,1,1.0,1,0.19006216133034756,72
3736,0,5874,3022,2852,0,0,0,1.0,1,1.0,1,1.0,1,0.1709139024886023,72
3737,2,5876,3022,2854,0,0,0,1.0,1,1.0,1,1.0,1,0.15143135485883852,73
3738,0,5876,3022,2854,0,0,0,1.0,1,1.0,1,1.0,1,0.15541229295060668,72
3739,1,5877,3022,2855,0,0,0,1.0,1,1.0,1,1.0,1,0.14623843338607934,73
3740,0,5877,3022,2855,0,0,0,1.0,1,1.0,1,1.0,1,0.1626202888866569,70
3741,1,5878,3022,2856,0,0,0,1.0,1,1.0,1,1.0,1,0.1507524381857911,70
3742,3,5881,3024,2857,0,0,0,1.0,1,1.0,1,1.0,1,0.15102894909883366,70
3743,1,5882,3024,2858,0,0,0,1.0,1,1.0,1,1.0,1,0.15477252519349893,69
3744,5,5887,3029,2858,0,0,0,1.0,1,1.0,1,1.0,1,0.2243390657489783,69
3745,5,5892,3029,2863,0,0,0,1.0,1,1.0,1,1.0,1,0.1308537819665165,68
3746,2,5894,3030,2864,0,0,0,1.0,1,1.0,1,1.0,1,0.15125129940161616,66
3747,1,5895,3030,2865,0,0,0,1.0,1,1.0,1,1.0,1,0.145592900547013,66
3748,0,5895,3030,2865,0,0,0,1.0,1,1.0,1,1.0,1,0.12608783408605637,65
3749,1,5896,3031,2865,0,0,0,1.0,1,1.0,1,1.0,1,0.1293580551357412,64
3750,2,5898,3033,2865,0,0,0,1.0,1,1.0,1,1.0,1,0.14404681989141643,63
3751,0,5898,3033,2865,0,0,0,1.0,1,1.0,1,1.0,1,0.1306278445471726,64
3752,3,5901,3036,2865,0,0,0,1.0,1,1.0,1,1.0,1,0.1700874346968779,64
3753,4,5905,3037,2868,0,0,0,1.0,1,1.0,1,1.0,1,0.1651628657325068,65
3754,3,5908,3039,2869,0,0,0,1.0,1,1.0,1,1.0,1,0.1728542377597522,65
3755,6,5914,3041,2873,0,0,0,1.0,1,1.0,1,1.0,1,0.16539483505636407,65
3756,2,5916,3042,2874,0,0,0,1.0,1,1.0,1,1.0,1,0.17232139466952384,65
3757,2,5918,3044,2874,0,0,0,1.0,1,1.0,1,1.0,1,0.18422310418419685,65
3758,0,5918,3044,2874,0,0,0,1.0,1,1.0,1,1.0,1,0.19223973191893456,64
3759,2,5920,3045,2875,0,0,0,1.0,1,1.0,1,1.0,1,0.2019793710615571,64
3760,1,5921,3045,2876,0,0,0,1.0,1,1.0,1,1.0,1,0.22238193847194274,63
3761,1,5922,3045,2877,0,0,0,1.0,1,1.0,1,1.0,1,0.20484389977088557,63
3762,2,5924,3045,2879,0,0,0,1.0,1,1.0,1,1.0,1,0.18565111134052675,65
3763,1,5925,3046,2879,0,0,0,1.0,1,1.0,1,1.0,1,0.1968836941850653,65
3764,2,5927,3046,2881,0,0,0,1.0,1,1.0,1,1.0,1,0.18412189804611134,66
3765,1,5928,3046,2882,0,0,0,1.0,1,1.0,1,1.0,1,0.1901511320381192,67
3766,2,5930,3047,2883,0,0,0,1.0,1,1.0,1,1.0,1,0.2065985924993128,67
3767,4,5934,3048,2886,0,0,0,1.0,1,1.0,1,1.0,1,0.18533578020896918,68
3768,2,5936,3050,2886,0,0,0,1.0,1,1.0,1,1.0,1,0.20333097603032238,67
3769,1,5937,3050,2887,0,0,0,1.0,1,1.0,1,1.0,1,0.1852693551249494,69
3770,0,5937,3050,2887,0,0,0,1.0,1,1.0,1,1.0,1,0.1852693551249494,69
3771,1,5938,3050,2888,0,0,0,1.0,1,1.0,1,1.0,1,0.19605940418745016,69
3772,3,5941,3050,2891,0,0,0,1.0,1,1.0,1,1.0,1,0.17592881836340515,70
3773,2,5943,3050,2893,0,0,0,1.0,1,1.0,1,1.0,1,0.1477847922933993,68
3774,2,5945,3051,2894,0,0,0,1.0,1,1.0,1,1.0,1,0.14787938058044361,68
3775,3,5948,3052,2896,0,0,0,1.0,1,1.0,1,1.0,1,0.15963823612733188,68
3776,0,5948,3052,2896,0,0,0,1.0,1,1.0,1,1.0,1,0.1605138793402769,66
3777,2,5950,3054,2896,0,0,0,1.0,1,1.0,1,1.0,1,0.1502096218133138,65
3778,1,5951,3055,2896,0,0,0,1.0,1,1.0,1,1.0,1,0.1420359513533152,65
3779,3,5954,3056,2898,0,0,0,1.0,1,1.0,1,1.0,1,0.13219375976657238,65
3780,2,5956,3058,2898,0,0,0,1.0,1,1.0,1,1.0,1,0.13476404901513728,64
3781,0,5956,3058,2898,0,0,0,1.0,1,1.0,1,1.0,1,0.13476404901513728,64
3782,2,5958,3060,2898,0,0,0,1.0,1,1.0,1,1.0,1,0.15282333871197423,67
3783,2,5960,3061,2899,0,0,0,1.0,1,1.0,1,1.0,1,0.14073208387758673,65
3784,1,5961,3062,2899,0,0,0,1.0,1,1.0,1,1.0,1,0.1527212413199544,65
3785,5,5966,3064,2902,0,0,0,1.0,1,1.0,1,1.0,1,0.1423687230146625,63
3786,0,5966,3064,2902,0,0,0,1.0,1,1.0,1,1.0,1,0.1495645767630593,66
3787,2,5968,3066,2902,0,0,0,1.0,1,1.0,1,1.0,1,0.1802422359128052,65
3788,2,5970,3066,2904,0,0,0,1.0,1,1.0,1,1.0,1,0.15091580524253184,65
3789,2,5972,3068,2904,0,0,0,1.0,1,1.0,1,1.0,1,0.18383340871717557,65
3790,0,5972,3068,2904,0,0,0,1.0,1,1.0,1,1.0,1,0.18867991525182043,64
3791,5,5977,3070,2907,0,0,0,1.0,1,1.0,1,1.0,1,0.18067038812250433,64
3792,4,5981,3072,2909,0,0,0,1.0,1,1.0,1,1.0,1,0.17916443451765246,65
3793,3,5984,3073,2911,0,0,0,1.0,1,1.0,1,1.0,1,0.18568630975888958,68
3794,2,5986,3075,2911,0,0,0,1.0,1,1.0,1,1.0,1,0.195593230761319,68
3795,4,5990,3076,2914,0,0,0,1.0,1,1.0,1,1.0,1,0.20506894187332875,69
3796,3,5993,3076,2917,0,0,0,1.0,1,1.0,1,1.0,1,0.182088755910719,69
3797,0,5993,3076,2917,0,0,0,1.0,1,1.0,1,1.0,1,0.19855405796142203,70
3798,0,5993,3076,2917,0,0,0,1.0,1,1.0,1,1.0,1,0.19855405796142203,70
3799,2,5995,3077,2918,0,0,0,1.0,1,1.0,1,1.0,1,0.2070025947019497,69
3800,1,5996,3077,2919,0,0,0,1.0,1,1.0,1,1.0,1,0.19224254951340541,69
3801,1,5997,3077,2920,0,0,0,1.0,1,1.0,1,1.0,1,0.1993103303144366,67
3802,0,5997,3077,2920,0,0,0,1.0,1,1.0,1,1.0,1,0.1993103303144366,67
3803,4,6001,3079,2922,0,0,0,1.0,1,1.0,1,1.0,1,0.192002270731894,69
3804,3,6004,3080,2924,0,0,0,1.0,1,1.0,1,1.0,1,0.19005517550317882,70
3805,4,6008,3081,2927,0,0,0,1.0,1,1.0,1,1.0,1,0.17313550379185058,71
3806,2,6010,3082,2928,0,0,0,1.0,1,1.0,1,1.0,1,0.17109028732624645,71
3807,2,6012,3083,2929,0,0,0,1.0,1,1.0,1,1.0,1,0.18008840517758654,72
3808,0,6012,3083,2929,0,0,0,1.0,1,1.0,1,1.0,1,0.18008840517758654,72
3809,2,6014,3084,2930,0,0,0,1.0,1,1.0,1,1.0,1,0.1800105860677458,72
3810,1,6015,3085,2930,0,0,0,1.0,1,1.0,1,1.0,1,0.20386022591768652,72
3811,2,6017,3085,2932,0,0,0,1.0,1,1.0,1,1.0,1,0.17637276155548148,71
3812,0,6017,3085,2932,0,0,0,1.0,1,1.0,1,1.0,1,0.1735862293003133,72
3813,2,6019,3086,2933,0,0,0,1.0,1,1.0,1,1.0,1,0.21691304071686707,71
3814,0,6019,3086,2933,0,0,0,1.0,1,1.0,1,1.0,1,0.21596340582025725,72
3815,2,6021,3087,2934,0,0,0,1.0,1,1.0,1,1.0,1,0.20641157469777713,71
3816,0,6021,3087,2934,0,0,0,1.0,1,1.0,1,1.0,1,0.2137001143534642,69
3817,1,6022,3088,2934,0,0,0,1.0,1,1.0,1,1.0,1,0.23737590891487614,72
3818,0,6022,3088,2934,0,0,0,1.0,1,1.0,1,1.0,1,0.22496692281244465,72
3819,0,6022,3088,2934,0,0,0,1.0,1,1.0,1,1.0,1,0.22496692281244465,72
3820,3,6025,3089,2936,0,0,0,1.0,1,1.0,1,1.0,1,0.2253377106645878,72
3821,1,6026,3090,2936,0,0,0,1.0,1,1.0,1,1.0,1,0.24116153274569663,72
3822,2,6028,3091,2937,0,0,0,1.0,1,1.0,1,1.0,1,0.23902963786471687,69
3823,6,6034,3095,2939,0,0,0,1.0,1,1.0,1,1.0,1,0.23516610478205055,69
3824,1,6035,3096,2939,0,0,0,1.0,1,1.0,1,1.0,1,0.25976965263485124,65
3825,3,6038,3097,2941,0,0,0,1.0,1,1.0,1,1.0,1,0.24224585910353677,64
3826,1,6039,3097,2942,0,0,0,1.0,1,1.0,1,1.0,1,0.24106652796222505,65
3827,3,6042,3098,2944,0,0,0,1.0,1,1.0,1,1.0,1,0.2273082260319796,64
3828,2,6044,3099,2945,0,0,0,1.0,1,1.0,1,1.0,1,0.20950483642016554,65
3829,4,6048,3102,2946,0,0,0,1.0,1,1.0,1,1.0,1,0.2186638415477483,65
3830,1,6049,3102,2947,0,0,0,1.0,1,1.0,1,1.0,1,0.202992453841697,64
3831,1,6050,3103,2947,0,0,0,1.0,1,1.0,1,1.0,1,0.2049191139117122,63
3832,2,6052,3104,2948,0,0,0,1.0,1,1.0,1,1.0,1,0.22507482939621454,64
3833,2,6054,3106,2948,0,0,0,1.0,1,1.0,1,1.0,1,0.23523825255047529,64
3834,0,6054,3106,2948,0,0,0,1.0,1,1.0,1,1.0,1,0.24031583235683662,63
3835,2,6056,3107,2949,0,0,0,1.0,1,1.0,1,1.0,1,0.2570622591204191,63
3836,2,6058,3108,2950,0,0,0,1.0,1,1.0,1,1.0,1,0.2475366322199413,63
3837,4,6062,3110,2952,0,0,0,1.0,1,1.0,1,1.0,1,0.24609809333180316,62
3838,4,6066,3111,2955,0,0,0,1.0,1,1.0,1,1.0,1,0.22346896123058133,62
3839,1,6067,3112,2955,0,0,0,1.0,1,1.0,1,1.0,1,0.2640473826307112,60
3840,1,6068,3112,2956,0,0,0,1.0,1,1.0,1,1.0,1,0.2514466644641643,62
3841,1,6069,3113,2956,0,0,0,1.0,1,1.0,1,1.0,1,0.2868749259798307,62
3842,2,6071,3113,2958,0,0,0,1.0,1,1.0,1,1.0,1,0.2432075647861715,63
3843,1,6072,3113,2959,0,0,0,1.0,1,1.0,1,1.0,1,0.23026170547951622,64
3844,3,6075,3113,2962,0,0,0,1.0,1,1.0,1,1.0,1,0.20929652551458966,65
3845,2,6077,3113,2964,0,0,0,1.0,1,1.0,1,1.0,1,0.18744373359825856,66
3846,2,6079,3114,2965,0,0,0,1.0,1,1.0,1,1.0,1,0.1902974777463119,67
3847,2,6081,3115,2966,0,0,0,1.0,1,1.0,1,1.0,1,0.1845013385992929,67
3848,2,6083,3116,2967,0,0,0,1.0,1,1.0,1,1.0,1,0.18345989407534657,67
3849,6,6089,3118,2971,0,0,0,1.0,1,1.0,1,1.0,1,0.16716609581530933,67
3850,5,6094,3120,2974,0,0,0,1.0,1,1.0,1,1.0,1,0.13909491527610188,68
3851,1,6095,3121,2974,0,0,0,1.0,1,1.0,1,1.0,1,0.15186842572414752,68
3852,1,6096,3121,2975,0,0,0,1.0,1,1.0,1,1.0,1,0.16193053805464577,70
3853,0,6096,3121,2975,0,0,0,1.0,1,1.0,1,1.0,1,0.16193053805464577,70
3854,2,6098,3122,2976,0,0,0,1.0,1,1.0,1,1.0,1,0.16685557125219536,70
3855,1,6099,3123,2976,0,0,0,1.0,1,1.0,1,1.0,1,0.1795858916308142,69
3856,1,6100,3124,2976,0,0,0,1.0,1,1.0,1,1.0,1,0.1852594396457799,70
3857,5,6105,3126,2979,0,0,0,1.0,1,1.0,1,1.0,1,0.2053664671566315,68
3858,2,6107,3127,2980,0,0,0,1.0,1,1.0,1,1.0,1,0.20599830464883664,67
3859,2,6109,3127,2982,0,0,0,1.0,1,1.0,1,1.0,1,0.1864983400169278,66
3860,1,6110,3128,2982,0,0,0,1.0,1,1.0,1,1.0,1,0.2244376239210638,66
3861,2,6112,3129,2983,0,0,0,1.0,1,1.0,1,1.0,1,0.2278556740385396,66
3862,7,6119,3132,2987,0,0,0,1.0,1,1.0,1,1.0,1,0.23484497780934702,66
3863,0,6119,3132,2987,0,0,0,1.0,1,1.0,1,1.0,1,0.23176296303035712,63
3864,1,6120,3133,2987,0,0,0,1.0,1,1.0,1,1.0,1,0.2363209750802129,63
3865,1,6121,3133,2988,0,0,0,1.0,1,1.0,1,1.0,1,0.2270801941962971,61
3866,2,6123,3134,2989,0,0,0,1.0,1,1.0,1,1.0,1,0.217234034835751,61
3867,2,6125,3136,2989,0,0,0,1.0,1,1.0,1,1.0,1,0.22586498089262677,60
3868,0,6125,3136,2989,0,0,0,1.0,1,1.0,1,1.0,1,0.2195455595298064,59
3869,2,6127,3137,2990,0,0,0,1.0,1,1.0,1,1.0,1,0.20782536496178416,61
3870,0,6127,3137,2990,0,0,0,1.0,1,1.0,1,1.0,1,0.21972749946162126,61
3871,2,6129,3138,2991,0,0,0,1.0,1,1.0,1,1.0,1,0.2208208668080548,64
3872,1,6130,3138,2992,0,0,0,1.0,1,1.0,1,1.0,1,0.21380689573184608,63
3873,1,6131,3138,2993,0,0,0,1.0,1,1.0,1,1.0,1,0.21541767804550202,62
3874,2,6133,3139,2994,0,0,0,1.0,1,1.0,1,1.0,1,0.21806325867976745,63
3875,2,6135,3140,2995,0,0,0,1.0,1,1.0,1,1.0,1,0.20951471337312572,61
3876,1,6136,3140,2996,0,0,0,1.0,1,1.0,1,1.0,1,0.19529165836501294,62
3877,4,6140,3141,2999,0,0,0,1.0,1,1.0,1,1.0,1,0.200758060777244,63
3878,1,6141,3141,3000,0,0,0,1.0,1,1.0,1,1.0,1,0.1923914843003784,63
3879,1,6142,3142,3000,0,0,0,1.0,1,1.0,1,1.0,1,0.19927226317007146,63
3880,0,6142,3142,3000,0,0,0,1.0,1,1.0,1,1.0,1,0.19990988593448955,65
3881,1,6143,3143,3000,0,0,0,1.0,1,1.0,1,1.0,1,0.2132769904937512,65
3882,3,6146,3144,3002,0,0,0,1.0,1,1.0,1,1.0,1,0.1919079487184,66
3883,0,6146,3144,3002,0,0,0,1.0,1,1.0,1,1.0,1,0.1919079487184,66
3884,2,6148,3145,3003,0,0,0,1.0,1,1.0,1,1.0,1,0.2037242830961228,66
3885,1,6149,3145,3004,0,0,0,1.0,1,1.0,1,1.0,1,0.1922967236351369,66
3886,3,6152,3147,3005,0,0,0,1.0,1,1.0,1,1.0,1,0.19489714347848666,65
3887,2,6154,3147,3007,0,0,0,1.0,1,1.0,1,1.0,1,0.2189277581039711,65
3888,5,6159,3148,3011,0,0,0,1.0,1,1.0,1,1.0,1,0.20782226971322057,66
3889,1,6160,3148,3012,0,0,0,1.0,1,1.0,1,1.0,1,0.17913237613309396,64
3890,1,6161,3149,3012,0,0,0,1.0,1,1.0,1,1.0,1,0.1947019880427974,63
3891,3,6164,3150,3014,0,0,0,1.0,1,1.0,1,1.0,1,0.16934846214214686,66
3892,4,6168,3150,3018,0,0,0,1.0,1,1.0,1,1.0,1,0.12291455519305011,67
3893,0,6168,3150,3018,0,0,0,1.0,1,1.0,1,1.0,1,0.13503911637610716,66
3894,0,6168,3150,3018,0,0,0,1.0,1,1.0,1,1.0,1,0.14831450411590993,67
3895,1,6169,3151,3018,0,0,0,1.0,1,1.0,1,1.0,1,0.16882699218348676,66
3896,1,6170,3152,3018,0,0,0,1.0,1,1.0,1,1.0,1,0.17090650988474756,66
3897,0,6170,3152,3018,0,0,0,1.0,1,1.0,1,1.0,1,0.1781154552251181,65
3898,6,6176,3156,3020,0,0,0,1.0,1,1.0,1,1.0,1,0.21992587923679577,65
3899,3,6179,3158,3021,0,0,0,1.0,1,1.0,1,1.0,1,0.22726401094553314,64
3900,2,6181,3159,3022,0,0,0,1.0,1,1.0,1,1.0,1,0.2339558294341735,63
3901,4,6185,3160,3025,0,0,0,1.0,1,1.0,1,1.0,1,0.192993783363898,63
3902,1,6186,3160,3026,0,0,0,1.0,1,1.0,1,1.0,1,0.19614978662524832,64
3903,2,6188,3162,3026,0,0,0,1.0,1,1.0,1,1.0,1,0.18561886119299467,64
3904,0,6188,3162,3026,0,0,0,1.0,1,1.0,1,1.0,1,0.1879684189635917,63
3905,1,6189,3162,3027,0,0,0,1.0,1,1.0,1,1.0,1,0.19571773834758793,63
3906,2,6191,3164,3027,0,0,0,1.0,1,1.0,1,1.0,1,0.20095280207020474,64
3907,4,6195,3165,3030,0,0,0,1.0,1,1.0,1,1.0,1,0.18544164067822283,64
3908,0,6195,3165,3030,0,0,0,1.0,1,1.0,1,1.0,1,0.18772477614965272,63
3909,1,6196,3166,3030,0,0,0,1.0,1,1.0,1,1.0,1,0.19848042897071877,62
3910,0,6196,3166,3030,0,0,0,1.0,1,1.0,1,1.0,1,0.20395769635457184,62
3911,2,6198,3166,3032,0,0,0,1.0,1,1.0,1,1.0,1,0.1888512716553753,64
3912,1,6199,3166,3033,0,0,0,1.0,1,1.0,1,1.0,1,0.16958529536357503,64
3913,0,6199,3166,3033,0,0,0,1.0,1,1.0,1,1.0,1,0.17831636159279632,65
3914,1,6200,3166,3034,0,0,0,1.0,1,1.0,1,1.0,1,0.1874186573707694,65
3915,1,6201,3166,3035,0,0,0,1.0,1,1.0,1,1.0,1,0.17423375560684579,66
3916,1,6202,3167,3035,0,0,0,1.0,1,1.0,1,1.0,1,0.18562464429881145,66
3917,1,6203,3167,3036,0,0,0,1.0,1,1.0,1,1.0,1,0.17786298124758135,66
3918,1,6204,3167,3037,0,0,0,1.0,1,1.0,1,1.0,1,0.16725195522931713,67
3919,3,6207,3168,3039,0,0,0,1.0,1,1.0,1,1.0,1,0.17664360571466023,68
3920,1,6208,3169,3039,0,0,0,1.0,1,1.0,1,1.0,1,0.17143678874351126,69
3921,3,6211,3169,3042,0,0,0,1.0,1,1.0,1,1.0,1,0.15423352862137316,68
3922,3,6214,3172,3042,0,0,0,1.0,1,1.0,1,1.0,1,0.178644446428675,68
3923,0,6214,3172,3042,0,0,0,1.0,1,1.0,1,1.0,1,0.1885892040002693,69
3924,0,6214,3172,3042,0,0,0,1.0,1,1.0,1,1.0,1,0.2041917399495648,69
3925,2,6216,3174,3042,0,0,0,1.0,1,1.0,1,1.0,1,0.2306681943065488,67
3926,1,6217,3175,3042,0,0,0,1.0,1,1.0,1,1.0,1,0.25744375661751223,67
3927,2,6219,3175,3044,0,0,0,1.0,1,1.0,1,1.0,1,0.2653577891279159,65
3928,2,6221,3175,3046,0,0,0,1.0,1,1.0,1,1.0,1,0.23824341676999009,65
3929,1,6222,3176,3046,0,0,0,1.0,1,1.0,1,1.0,1,0.23547941697622424,64
3930,1,6223,3176,3047,0,0,0,1.0,1,1.0,1,1.0,1,0.2340141759877017,64
3931,1,6224,3177,3047,0,0,0,1.0,1,1.0,1,1.0,1,0.25141002654381805,62
3932,2,6226,3178,3048,0,0,0,1.0,1,1.0,1,1.0,1,0.2517874488650104,62
3933,1,6227,3179,3048,0,0,0,1.0,1,1.0,1,1.0,1,0.2492571642790601,62
3934,1,6228,3180,3048,0,0,0,1.0,1,1.0,1,1.0,1,0.24779947510057732,61
3935,4,6232,3180,3052,0,0,0,1.0,1,1.0,1,1.0,1,0.21324553391041567,64
3936,0,6232,3180,3052,0,0,0,1.0,1,1.0,1,1.0,1,0.221584718696226,65
3937,1,6233,3180,3053,0,0,0,1.0,1,1.0,1,1.0,1,0.2158860662678366,66
3938,1,6234,3181,3053,0,0,0,1.0,1,1.0,1,1.0,1,0.23276702378921096,66
3939,1,6235,3181,3054,0,0,0,1.0,1,1.0,1,1.0,1,0.22763566040844568,67
3940,1,6236,3182,3054,0,0,0,1.0,1,1.0,1,1.0,1,0.22553759234752402,69
3941,2,6238,3182,3056,0,0,0,1.0,1,1.0,1,1.0,1,0.18972101592711885,69
3942,1,6239,3183,3056,0,0,0,1.0,1,1.0,1,1.0,1,0.19771745738016924,69
3943,6,6245,3185,3060,0,0,0,1.0,1,1.0,1,1.0,1,0.18038972795434383,68
3944,1,6246,3186,3060,0,0,0,1.0,1,1.0,1,1.0,1,0.18674277431939837,68
3945,1,6247,3187,3060,0,0,0,1.0,1,1.0,1,1.0,1,0.1916205374111939,67
3946,1,6248,3188,3060,0,0,0,1.0,1,1.0,1,1.0,1,0.20944220039816805,67
3947,0,6248,3188,3060,0,0,0,1.0,1,1.0,1,1.0,1,0.2137467437578355,66
3948,3,6251,3189,3062,0,0,0,1.0,1,1.0,1,1.0,1,0.19651387333532452,67
3949,9,6260,3194,3066,0,0,0,1.0,1,1.0,1,1.0,1,0.2263548167312693,66
3950,2,6262,3194,3068,0,0,0,1.0,1,1.0,1,1.0,1,0.21964775852310886,65
3951,4,6266,3195,3071,0,0,0,1.0,1,1.0,1,1.0,1,0.17635777943719538,65
3952,1,6267,3196,3071,0,0,0,1.0,1,1.0,1,1.0,1,0.17957525926673126,65
3953,0,6267,3196,3071,0,0,0,1.0,1,1.0,1,1.0,1,0.19390648624050802,65
3954,0,6267,3196,3071,0,0,0,1.0,1,1.0,1,1.0,1,0.19563661783002553,64
3955,0,6267,3196,3071,0,0,0,1.0,1,1.0,1,1.0,1,0.2253350178947438,64
3956,1,6268,3197,3071,0,0,0,1.0,1,1.0,1,1.0,1,0.2112354655880415,63
3957,0,6268,3197,3071,0,0,0,1.0,1,1.0,1,1.0,1,0.2112354655880415,63
3958,1,6269,3198,3071,0,0,0,1.0,1,1.0,1,1.0,1,0.24560850242470408,63
3959,2,6271,3199,3072,0,0,0,1.0,1,1.0,1,1.0,1,0.25084880211053545,62
3960,0,6271,3199,3072,0,0,0,1.0,1,1.0,1,1.0,1,0.25084880211053545,62
3961,7,6278,3201,3077,0,0,0,1.0,1,1.0,1,1.0,1,0.23474158275038765,64
3962,2,6280,3202,3078,0,0,0,1.0,1,1.0,1,1.0,1,0.22601499904291208,64
3963,3,6283,3204,3079,0,0,0,1.0,1,1.0,1,1.0,1,0.24101329472696378,62
3964,2,6285,3204,3081,0,0,0,1.0,1,1.0,1,1.0,1,0.22046572969943537,63
3965,4,6289,3204,3085,0,0,0,1.0,1,1.0,1,1.0,1,0.21116431485811155,63
3966,1,6290,3204,3086,0,0,0,1.0,1,1.0,1,1.0,1,0.21537355438245068,62
3967,1,6291,3204,3087,0,0,0,1.0,1,1.0,1,1.0,1,0.2196269607099651,64
3968,2,6293,3204,3089,0,0,0,1.0,1,1.0,1,1.0,1,0.19377066379599833,63
3969,0,6293,3204,3089,0,0,0,1.0,1,1.0,1,1.0,1,0.19677360406052335,63
3970,0,6293,3204,3089,0,0,0,1.0,1,1.0,1,1.0,1,0.20150167137012084,65
3971,1,6294,3204,3090,0,0,0,1.0,1,1.0,1,1.0,1,0.19857479643539072,65
3972,3,6297,3205,3092,0,0,0,1.0,1,1.0,1,1.0,1,0.20350347186863,66
3973,0,6297,3205,3092,0,0,0,1.0,1,1.0,1,1.0,1,0.20350347186863,66
3974,2,6299,3207,3092,0,0,0,1.0,1,1.0,1,1.0,1,0.2362720109317618,66
3975,4,6303,3208,3095,0,0,0,1.0,1,1.0,1,1.0,1,0.20112684219521532,66
3976,0,6303,3208,3095,0,0,0,1.0,1,1.0,1,1.0,1,0.220368555002217,66
3977,2,6305,3209,3096,0,0,0,1.0,1,1.0,1,1.0,1,0.2168935864012034,64
3978,2,6307,3211,3096,0,0,0,1.0,1,1.0,1,1.0,1,0.2669582991389752,63
3979,3,6310,3212,3098,0,0,0,1.0,1,1.0,1,1.0,1,0.26845632535959685,63
3980,1,6311,3213,3098,0,0,0,1.0,1,1.0,1,1.0,1,0.27366261670652925,63
3981,4,6315,3213,3102,0,0,0,1.0,1,1.0,1,1.0,1,0.2298645063745515,64
3982,1,6316,3214,3102,0,0,0,1.0,1,1.0,1,1.0,1,0.2393796086961913,65
3983,1,6317,3215,3102,0,0,0,1.0,1,1.0,1,1.0,1,0.23642682143670352,64
3984,3,6320,3216,3104,0,0,0,1.0,1,1.0,1,1.0,1,0.2281533813838949,65
3985,3,6323,3217,3106,0,0,0,1.0,1,1.0,1,1.0,1,0.2173469672090087,64
3986,1,6324,3217,3107,0,0,0,1.0,1,1.0,1,1.0,1,0.19905707868254183,63
3987,1,6325,3218,3107,0,0,0,1.0,1,1.0,1,1.0,1,0.21219786088278367,63
3988,2,6327,3218,3109,0,0,0,1.0,1,1.0,1,1.0,1,0.18318589408428015,63
3989,2,6329,3219,3110,0,0,0,1.0,1,1.0,1,1.0,1,0.20883410189349413,63
3990,3,6332,3220,3112,0,0,0,1.0,1,1.0,1,1.0,1,0.22690895773971453,62
3991,4,6336,3220,3116,0,0,0,1.0,1,1.0,1,1.0,1,0.1769721209051287,62
3992,0,6336,3220,3116,0,0,0,1.0,1,1.0,1,1.0,1,0.17951781535915093,65
3993,2,6338,3220,3118,0,0,0,1.0,1,1.0,1,1.0,1,0.15960501728286344,65
3994,0,6338,3220,3118,0,0,0,1.0,1,1.0,1,1.0,1,0.15867692286887952,64
3995,1,6339,3220,3119,0,0,0,1.0,1,1.0,1,1.0,1,0.14327482270596503,64
3996,2,6341,3220,3121,0,0,0,1.0,1,1.0,1,1.0,1,0.12685138090291256,67
3997,3,6344,3220,3124,0,0,0,1.0,1,1.0,1,1.0,1,0.10315340939508673,69
3998,1,6345,3221,3124,0,0,0,1.0,1,1.0,1,1.0,1,0.10791366044052284,69
3999,1,6346,3221,3125,0,0,0,1.0,1,1.0,1,1.0,1,0.10204144658759777,69
4000,0,6346,3221,3125,0,0,0,1.0,1,1.0,1,1.0,1,0.11560660115456954,69
4001,0,6346,3221,3125,0,0,0,1.0,1,1.0,1,1.0,1,0.1291547328785729,68
4002,2,6348,3223,3125,0,0,0,1.0,1,1.0,1,1.0,1,0.17175083825950663,68
4003,2,6350,3224,3126,0,0,0,1.0,1,1.0,1,1.0,1,0.1825504902955019,68
4004,2,6352,3226,3126,0,0,0,1.0,1,1.0,1,1.0,1,0.20704523573660222,67
4005,2,6354,3226,3128,0,0,0,1.0,1,1.0,1,1.0,1,0.17325363778485187,67
4006,1,6355,3227,3128,0,0,0,1.0,1,1.0,1,1.0,1,0.19461316714785945,67
4007,2,6357,3228,3129,0,0,0,1.0,1,1.0,1,1.0,1,0.17299731374399643,67
4008,5,6362,3232,3130,0,0,0,1.0,1,1.0,1,1.0,1,0.20500974298395513,67
4009,1,6363,3232,3131,0,0,0,1.0,1,1.0,1,1.0,1,0.19243573912120784,67
4010,2,6365,3233,3132,0,0,0,1.0,1,1.0,1,1.0,1,0.23100068579455466,66
4011,5,6370,3234,3136,0,0,0,1.0,1,1.0,1,1.0,1,0.2072945087854733,66
4012,0,6370,3234,3136,0,0,0,1.0,1,1.0,1,1.0,1,0.21360048126799783,66
4013,2,6372,3234,3138,0,0,0,1.0,1,1.0,1,1.0,1,0.20236598313017098,66
4014,2,6374,3235,3139,0,0,0,1.0,1,1.0,1,1.0,1,0.1950287705491766,66
4015,0,6374,3235,3139,0,0,0,1.0,1,1.0,1,1.0,1,0.20654160761796864,64
4016,3,6377,3237,3140,0,0,0,1.0,1,1.0,1,1.0,1,0.2665804078428425,64
4017,1,6378,3237,3141,0,0,0,1.0,1,1.0,1,1.0,1,0.2509911370701868,66
4018,0,6378,3237,3141,0,0,0,1.0,1,1.0,1,1.0,1,0.2568695062396072,67
4019,1,6379,3238,3141,0,0,0,1.0,1,1.0,1,1.0,1,0.2691637556832749,67
4020,0,6379,3238,3141,0,0,0,1.0,1,1.0,1,1.0,1,0.28656156855589765,66
4021,3,6382,3241,3141,0,0,0,1.0,1,1.0,1,1.0,1,0.2971144727288094,66
4022,1,6383,3241,3142,0,0,0,1.0,1,1.0,1,1.0,1,0.291907543519948,66
4023,6,6389,3244,3145,0,0,0,1.0,1,1.0,1,1.0,1,0.26136013266365693,66
4024,2,6391,3246,3145,0,0,0,1.0,1,1.0,1,1.0,1,0.27536164715388134,66
4025,2,6393,3246,3147,0,0,0,1.0,1,1.0,1,1.0,1,0.23854456862503004,66
4026,0,6393,3246,3147,0,0,0,1.0,1,1.0,1,1.0,1,0.23983961521612704,66
4027,1,6394,3247,3147,0,0,0,1.0,1,1.0,1,1.0,1,0.24029179917031313,64
4028,3,6397,3249,3148,0,0,0,1.0,1,1.0,1,1.0,1,0.26311774068604965,63
4029,3,6400,3250,3150,0,0,0,1.0,1,1.0,1,1.0,1,0.23375484987732723,62
4030,1,6401,3251,3150,0,0,0,1.0,1,1.0,1,1.0,1,0.24931771154069307,63
4031,2,6403,3252,3151,0,0,0,1.0,1,1.0,1,1.0,1,0.25178137012594315,62
4032,3,6406,3255,3151,0,0,0,1.0,1,1.0,1,1.0,1,0.2868451556688409,62
4033,5,6411,3258,3153,0,0,0,1.0,1,1.0,1,1.0,1,0.2996027058160072,61
4034,1,6412,3259,3153,0,0,0,1.0,1,1.0,1,1.0,1,0.2829714816648332,60
4035,3,6415,3259,3156,0,0,0,1.0,1,1.0,1,1.0,1,0.2780260857095636,59
4036,2,6417,3260,3157,0,0,0,1.0,1,1.0,1,1.0,1,0.2800951854034588,58
4037,2,6419,3261,3158,0,0,0,1.0,1,1.0,1,1.0,1,0.2520282511700269,59
4038,0,6419,3261,3158,0,0,0,1.0,1,1.0,1,1.0,1,0.25184751127658905,58
4039,2,6421,3263,3158,0,0,0,1.0,1,1.0,1,1.0,1,0.30863398611989573,56
4040,0,6421,3263,3158,0,0,0,1.0,1,1.0,1,1.0,1,0.3320741721661746,55
4041,2,6423,3264,3159,0,0,0,1.0,1,1.0,1,1.0,1,0.35208332559381766,54
4042,3,6426,3265,3161,0,0,0,1.0,1,1.0,1,1.0,1,0.3345932861214785,56
4043,1,6427,3266,3161,0,0,0,1.0,1,1.0,1,1.0,1,0.34928312425254643,56
4044,0,6427,3266,3161,0,0,0,1.0,1,1.0,1,1.0,1,0.3643945089401053,56
4045,4,6431,3268,3163,0,0,0,1.0,1,1.0,1,1.0,1,0.35171049844341057,57
4046,3,6434,3268,3166,0,0,0,1.0,1,1.0,1,1.0,1,0.35927488477201314,59
4047,1,6435,3269,3166,0,0,0,1.0,1,1.0,1,1.0,1,0.3655403794182078,59
4048,1,6436,3270,3166,0,0,0,1.0,1,1.0,1,1.0,1,0.38027501777134304,59
4049,1,6437,3270,3167,0,0,0,1.0,1,1.0,1,1.0,1,0.3634122605795023,60
4050,0,6437,3270,3167,0,0,0,1.0,1,1.0,1,1.0,1,0.3634122605795023,60
4051,0,6437,3270,3167,0,0,0,1.0,1,1.0,1,1.0,1,0.3634122605795023,60
4052,0,6437,3270,3167,0,0,0,1.0,1,1.0,1,1.0,1,0.3634122605795023,60
4053,0,6437,3270,3167,0,0,0,1.0,1,1.0,1,1.0,1,0.3634122605795023,60
4054,2,6439,3271,3168,0,0,0,1.0,1,1.0,1,1.0,1,0.35854127773821903,61
4055,0,6439,3271,3168,0,0,0,1.0,1,1.0,1,1.0,1,0.35854127773821903,61
4056,0,6439,3271,3168,0,0,0,1.0,1,1.0,1,1.0,1,0.36782735503549063,62
4057,0,6439,3271,3168,0,0,0,1.0,1,1.0,1,1.0,1,0.37144327906816066,63
4058,0,6439,3271,3168,0,0,0,1.0,1,1.0,1,1.0,1,0.39501155556248957,64
4059,1,6440,3271,3169,0,0,0,1.0,1,1.0,1,1.0,1,0.3961562001103563,63
4060,0,6440,3271,3169,0,0,0,1.0,1,1.0,1,1.0,1,0.3961562001103563,63
4061,1,6441,3271,3170,0,0,0,1.0,1,1.0,1,1.0,1,0.3943084558550746,63
4062,5,6446,3273,3173,0,0,0,1.0,1,1.0,1,1.0,1,0.3747805464227725,65
4063,1,6447,3273,3174,0,0,0,1.0,1,1.0,1,1.0,1,0.345354081932449,64
4064,4,6451,3275,3176,0,0,0,1.0,1,1.0,1,1.0,1,0.3396739052134154,65
4065,6,6457,3277,3180,0,0,0,1.0,1,1.0,1,1.0,1,0.3078632257249628,64
4066,3,6460,3279,3181,0,0,0,1.0,1,1.0,1,1.0,1,0.31474387812971333,64
4067,2,6462,3280,3182,0,0,0,1.0,1,1.0,1,1.0,1,0.3241224465242963,63
4068,1,6463,3281,3182,0,0,0,1.0,1,1.0,1,1.0,1,0.3364612544128372,64
4069,9,6472,3285,3187,0,0,0,1.0,1,1.0,1,1.0,1,0.2913927336845473,62
4070,2,6474,3287,3187,0,0,0,1.0,1,1.0,1,1.0,1,0.31665118768670614,61
4071,6,6480,3289,3191,0,0,0,1.0,1,1.0,1,1.0,1,0.29554726151865796,61
4072,3,6483,3292,3191,0,0,0,1.0,1,1.0,1,1.0,1,0.3047972964894346,60
4073,4,6487,3294,3193,0,0,0,1.0,1,1.0,1,1.0,1,0.27871701737339755,60
4074,8,6495,3299,3196,0,0,0,1.0,1,1.0,1,1.0,1,0.27014829113537653,60
4075,1,6496,3299,3197,0,0,0,1.0,1,1.0,1,1.0,1,0.25037068033579885,59
4076,1,6497,3300,3197,0,0,0,1.0,1,1.0,1,1.0,1,0.27491955396268825,60
4077,3,6500,3302,3198,0,0,0,1.0,1,1.0,1,1.0,1,0.27448234864722426,61
4078,0,6500,3302,3198,0,0,0,1.0,1,1.0,1,1.0,1,0.2825482719462566,60
4079,2,6502,3303,3199,0,0,0,1.0,1,1.0,1,1.0,1,0.2967762015903902,58
4080,0,6502,3303,3199,0,0,0,1.0,1,1.0,1,1.0,1,0.3089880804932111,56
4081,0,6502,3303,3199,0,0,0,1.0,1,1.0,1,1.0,1,0.3084727203521494,56
4082,0,6502,3303,3199,0,0,0,1.0,1,1.0,1,1.0,1,0.3193367358077611,55
4083,0,6502,3303,3199,0,0,0,1.0,1,1.0,1,1.0,1,0.3193367358077611,55
4084,1,6503,3304,3199,0,0,0,1.0,1,1.0,1,1.0,1,0.3312053564959097,55
4085,4,6507,3305,3202,0,0,0,1.0,1,1.0,1,1.0,1,0.30534804282321915,56
4086,1,6508,3306,3202,0,0,0,1.0,1,1.0,1,1.0,1,0.286066416558248,57
4087,3,6511,3307,3204,0,0,0,1.0,1,1.0,1,1.0,1,0.28783671878578077,57
4088,1,6512,3307,3205,0,0,0,1.0,1,1.0,1,1.0,1,0.29623677737673293,57
4089,1,6513,3307,3206,0,0,0,1.0,1,1.0,1,1.0,1,0.30822310934107916,56
4090,1,6514,3308,3206,0,0,0,1.0,1,1.0,1,1.0,1,0.30344894134575434,56
4091,2,6516,3308,3208,0,0,0,1.0,1,1.0,1,1.0,1,0.2973168105112433,56
4092,1,6517,3308,3209,0,0,0,1.0,1,1.0,1,1.0,1,0.29384895656622345,57
4093,3,6520,3309,3211,0,0,0,1.0,1,1.0,1,1.0,1,0.2862385059213059,58
4094,1,6521,3310,3211,0,0,0,1.0,1,1.0,1,1.0,1,0.2950223439738945,57
4095,3,6524,3311,3213,0,0,0,1.0,1,1.0,1,1.0,1,0.2798323842692531,57
4096,1,6525,3311,3214,0,0,0,1.0,1,1.0,1,1.0,1,0.26693189260910916,59
4097,3,6528,3312,3216,0,0,0,1.0,1,1.0,1,1.0,1,0.24021320457181386,59
4098,1,6529,3313,3216,0,0,0,1.0,1,1.0,1,1.0,1,0.23460303781721156,59
4099,4,6533,3315,3218,0,0,0,1.0,1,1.0,1,1.0,1,0.214442501428313,60
4100,2,6535,3316,3219,0,0,0,1.0,1,1.0,1,1.0,1,0.22425824894668853,60
4101,3,6538,3316,3222,0,0,0,1.0,1,1.0,1,1.0,1,0.19424961775452962,60
4102,5,6543,3321,3222,0,0,0,1.0,1,1.0,1,1.0,1,0.21906251784140537,60
4103,4,6547,3323,3224,0,0,0,1.0,1,1.0,1,1.0,1,0.21632623546042679,58
4104,3,6550,3326,3224,0,0,0,1.0,1,1.0,1,1.0,1,0.21419161154692923,60
4105,2,6552,3327,3225,0,0,0,1.0,1,1.0,1,1.0,1,0.20705573292915827,59
4106,3,6555,3328,3227,0,0,0,1.0,1,1.0,1,1.0,1,0.19902568132818443,61
4107,0,6555,3328,3227,0,0,0,1.0,1,1.0,1,1.0,1,0.2023069954668181,59
4108,1,6556,3329,3227,0,0,0,1.0,1,1.0,1,1.0,1,0.19411296072593096,60
4109,1,6557,3329,3228,0,0,0,1.0,1,1.0,1,1.0,1,0.16502516424959934,59
4110,0,6557,3329,3228,0,0,0,1.0,1,1.0,1,1.0,1,0.1670800443869636,60
4111,2,6559,3330,3229,0,0,0,1.0,1,1.0,1,1.0,1,0.18025765075426706,61
4112,0,6559,3330,3229,0,0,0,1.0,1,1.0,1,1.0,1,0.17978130127377928,60
4113,2,6561,3331,3230,0,0,0,1.0,1,1.0,1,1.0,1,0.1790240790426979,61
4114,1,6562,3331,3231,0,0,0,1.0,1,1.0,1,1.0,1,0.16511069739665102,62
4115,4,6566,3332,3234,0,0,0,1.0,1,1.0,1,1.0,1,0.18193129251399212,60
4116,4,6570,3334,3236,0,0,0,1.0,1,1.0,1,1.0,1,0.17312419949431163,59
4117,5,6575,3336,3239,0,0,0,1.0,1,1.0,1,1.0,1,0.16265470635489346,56
4118,1,6576,3336,3240,0,0,0,1.0,1,1.0,1,1.0,1,0.16395923710732155,55
4119,3,6579,3336,3243,0,0,0,1.0,1,1.0,1,1.0,1,0.13169262022895523,53
4120,2,6581,3338,3243,0,0,0,1.0,1,1.0,1,1.0,1,0.13528716925771245,52
4121,4,6585,3342,3243,0,0,0,1.0,1,1.0,1,1.0,1,0.15049572440361644,53
4122,1,6586,3343,3243,0,0,0,1.0,1,1.0,1,1.0,1,0.13935153459976682,52
4123,5,6591,3346,3245,0,0,0,1.0,1,1.0,1,1.0,1,0.13494054709393394,51
4124,1,6592,3347,3245,0,0,0,1.0,1,1.0,1,1.0,1,0.14632244840528627,51
4125,1,6593,3348,3245,0,0,0,1.0,1,1.0,1,1.0,1,0.1492776856267495,50
4126,3,6596,3350,3246,0,0,0,1.0,1,1.0,1,1.0,1,0.19709040318088245,50
4127,1,6597,3350,3247,0,0,0,1.0,1,1.0,1,1.0,1,0.17430731194667481,49
4128,0,6597,3350,3247,0,0,0,1.0,1,1.0,1,1.0,1,0.17430731194667481,49
4129,0,6597,3350,3247,0,0,0,1.0,1,1.0,1,1.0,1,0.17430731194667481,49
4130,0,6597,3350,3247,0,0,0,1.0,1,1.0,1,1.0,1,0.17532654121051386,50
4131,0,6597,3350,3247,0,0,0,1.0,1,1.0,1,1.0,1,0.17532654121051386,50
4132,0,6597,3350,3247,0,0,0,1.0,1,1.0,1,1.0,1,0.17532654121051386,50
4133,1,6598,3351,3247,0,0,0,1.0,1,1.0,1,1.0,1,0.2271593941058791,51
4134,2,6600,3352,3248,0,0,0,1.0,1,1.0,1,1.0,1,0.20853423877119961,53
4135,2,6602,3352,3250,0,0,0,1.0,1,1.0,1,1.0,1,0.17857652233102084,54
4136,0,6602,3352,3250,0,0,0,1.0,1,1.0,1,1.0,1,0.17857652233102084,54
4137,2,6604,3354,3250,0,0,0,1.0,1,1.0,1,1.0,1,0.1597793341320092,55
4138,0,6604,3354,3250,0,0,0,1.0,1,1.0,1,1.0,1,0.15380070835237672,54
4139,0,6604,3354,3250,0,0,0,1.0,1,1.0,1,1.0,1,0.15380070835237672,54
4140,1,6605,3355,3250,0,0,0,1.0,1,1.0,1,1.0,1,0.16770437778270125,55
4141,0,6605,3355,3250,0,0,0,1.0,1,1.0,1,1.0,1,0.16631245178428802,55
4142,1,6606,3356,3250,0,0,0,1.0,1,1.0,1,1.0,1,0.16157459328332596,55
4143,1,6607,3357,3250,0,0,0,1.0,1,1.0,1,1.0,1,0.19874969017454427,53
4144,2,6609,3359,3250,0,0,0,1.0,1,1.0,1,1.0,1,0.22524245315079408,52
4145,2,6611,3360,3251,0,0,0,1.0,1,1.0,1,1.0,1,0.2271902959252481,51
4146,3,6614,3361,3253,0,0,0,1.0,1,1.0,1,1.0,1,0.20451807213752685,51
4147,1,6615,3362,3253,0,0,0,1.0,1,1.0,1,1.0,1,0.19513877181936903,50
4148,4,6619,3364,3255,0,0,0,1.0,1,1.0,1,1.0,1,0.2343069356221036,52
4149,1,6620,3364,3256,0,0,0,1.0,1,1.0,1,1.0,1,0.19422139673023858,53
4150,5,6625,3366,3259,0,0,0,1.0,1,1.0,1,1.0,1,0.15637389022775386,53
4151,1,6626,3367,3259,0,0,0,1.0,1,1.0,1,1.0,1,0.169789858858855,53
4152,3,6629,3368,3261,0,0,0,1.0,1,1.0,1,1.0,1,0.15306811659709724,54
4153,1,6630,3369,3261,0,0,0,1.0,1,1.0,1,1.0,1,0.18514134561767023,51
4154,1,6631,3370,3261,0,0,0,1.0,1,1.0,1,1.0,1,0.1804633872675596,51
4155,3,6634,3373,3261,0,0,0,1.0,1,1.0,1,1.0,1,0.2677093387237419,51
4156,3,6637,3375,3262,0,0,0,1.0,1,1.0,1,1.0,1,0.2633712653889462,52
4157,3,6640,3376,3264,0,0,0,1.0,1,1.0,1,1.0,1,0.24012437247640975,52
4158,0,6640,3376,3264,0,0,0,1.0,1,1.0,1,1.0,1,0.24200572490389669,52
4159,2,6642,3377,3265,0,0,0,1.0,1,1.0,1,1.0,1,0.1888299123992156,52
4160,1,6643,3378,3265,0,0,0,1.0,1,1.0,1,1.0,1,0.20656132222715404,50
4161,1,6644,3378,3266,0,0,0,1.0,1,1.0,1,1.0,1,0.18097238793438744,50
4162,0,6644,3378,3266,0,0,0,1.0,1,1.0,1,1.0,1,0.18163789568369698,51
4163,2,6646,3378,3268,0,0,0,1.0,1,1.0,1,1.0,1,0.18720107365558844,48
4164,4,6650,3381,3269,0,0,0,1.0,1,1.0,1,1.0,1,0.25486860053125987,50
4165,1,6651,3381,3270,0,0,0,1.0,1,1.0,1,1.0,1,0.22464716869481496,49
4166,2,6653,3382,3271,0,0,0,1.0,1,1.0,1,1.0,1,0.2273221254763518,50
4167,0,6653,3382,3271,0,0,0,1.0,1,1.0,1,1.0,1,0.25438555389612344,50
4168,0,6653,3382,3271,0,0,0,1.0,1,1.0,1,1.0,1,0.2745505513440316,50
4169,0,6653,3382,3271,0,0,0,1.0,1,1.0,1,1.0,1,0.2774642307827801,51
4170,0,6653,3382,3271,0,0,0,1.0,1,1.0,1,1.0,1,0.2969900406280806,50
4171,4,6657,3385,3272,0,0,0,1.0,1,1.0,1,1.0,1,0.2803416897120083,50
4172,0,6657,3385,3272,0,0,0,1.0,1,1.0,1,1.0,1,0.30468892649816903,49
4173,3,6660,3386,3274,0,0,0,1.0,1,1.0,1,1.0,1,0.3040659908861134,48
4174,2,6662,3387,3275,0,0,0,1.0,1,1.0,1,1.0,1,0.29724470202967,48
4175,1,6663,3387,3276,0,0,0,1.0,1,1.0,1,1.0,1,0.2693408763113805,48
4176,1,6664,3387,3277,0,0,0,1.0,1,1.0,1,1.0,1,0.27336694707699455,50
4177,4,6668,3389,3279,0,0,0,1.0,1,1.0,1,1.0,1,0.25834191165942816,52
4178,1,6669,3390,3279,0,0,0,1.0,1,1.0,1,1.0,1,0.25909547770811026,53
4179,4,6673,3392,3281,0,0,0,1.0,1,1.0,1,1.0,1,0.24186021344799374,54
4180,1,6674,3392,3282,0,0,0,1.0,1,1.0,1,1.0,1,0.2341942388963736,55
4181,3,6677,3392,3285,0,0,0,1.0,1,1.0,1,1.0,1,0.2052690375380828,56
4182,1,6678,3393,3285,0,0,0,1.0,1,1.0,1,1.0,1,0.2130643736760753,56
4183,7,6685,3395,3290,0,0,0,1.0,1,1.0,1,1.0,1,0.18793333578642493,57
4184,2,6687,3396,3291,0,0,0,1.0,1,1.0,1,1.0,1,0.22397113582073386,57
4185,2,6689,3396,3293,0,0,0,1.0,1,1.0,1,1.0,1,0.20072138669188502,54
4186,2,6691,3397,3294,0,0,0,1.0,1,1.0,1,1.0,1,0.18538971033081167,55
4187,0,6691,3397,3294,0,0,0,1.0,1,1.0,1,1.0,1,0.1929222085362603,53
4188,1,6692,3398,3294,0,0,0,1.0,1,1.0,1,1.0,1,0.20377683092860624,53
4189,2,6694,3398,3296,0,0,0,1.0,1,1.0,1,1.0,1,0.1783923439733693,53
4190,3,6697,3400,3297,0,0,0,1.0,1,1.0,1,1.0,1,0.1571617309860747,53
4191,1,6698,3400,3298,0,0,0,1.0,1,1.0,1,1.0,1,0.17255806705755408,51
4192,1,6699,3401,3298,0,0,0,1.0,1,1.0,1,1.0,1,0.19902514882446862,51
4193,2,6701,3403,3298,0,0,0,1.0,1,1.0,1,1.0,1,0.20011707888183497,50
4194,0,6701,3403,3298,0,0,0,1.0,1,1.0,1,1.0,1,0.1901049529662388,50
4195,1,6702,3404,3298,0,0,0,1.0,1,1.0,1,1.0,1,0.21820918401647277,50
4196,1,6703,3405,3298,0,0,0,1.0,1,1.0,1,1.0,1,0.2773210075978578,51
4197,4,6707,3407,3300,0,0,0,1.0,1,1.0,1,1.0,1,0.24326245701583216,50
4198,1,6708,3408,3300,0,0,0,1.0,1,1.0,1,1.0,1,0.26571933581762636,48
4199,3,6711,3408,3303,0,0,0,1.0,1,1.0,1,1.0,1,0.26968321928353856,48
4200,0,6711,3408,3303,0,0,0,1.0,1,1.0,1,1.0,1,0.2872576734228068,48
4201,0,6711,3408,3303,0,0,0,1.0,1,1.0,1,1.0,1,0.3054171854856274,47
4202,0,6711,3408,3303,0,0,0,1.0,1,1.0,1,1.0,1,0.3054171854856274,47
4203,0,6711,3408,3303,0,0,0,1.0,1,1.0,1,1.0,1,0.3054171854856274,47
4204,2,6713,3410,3303,0,0,0,1.0,1,1.0,1,1.0,1,0.3012692913266693,48
4205,0,6713,3410,3303,0,0,0,1.0,1,1.0,1,1.0,1,0.29208657259817367,49
4206,2,6715,3411,3304,0,0,0,1.0,1,1.0,1,1.0,1,0.2979452540757356,49
4207,0,6715,3411,3304,0,0,0,1.0,1,1.0,1,1.0,1,0.31622858072429394,48
4208,2,6717,3413,3304,0,0,0,1.0,1,1.0,1,1.0,1,0.3007958449776486,49
4209,4,6721,3415,3306,0,0,0,1.0,1,1.0,1,1.0,1,0.2794316870521039,51
4210,2,6723,3416,3307,0,0,0,1.0,1,1.0,1,1.0,1,0.3070644534165843,52
4211,1,6724,3416,3308,0,0,0,1.0,1,1.0,1,1.0,1,0.3138227193760943,53
4212,0,6724,3416,3308,0,0,0,1.0,1,1.0,1,1.0,1,0.3138227193760943,53
4213,1,6725,3416,3309,0,0,0,1.0,1,1.0,1,1.0,1,0.30493434271554953,54
4214,1,6726,3416,3310,0,0,0,1.0,1,1.0,1,1.0,1,0.301165644842138,54
4215,1,6727,3417,3310,0,0,0,1.0,1,1.0,1,1.0,1,0.30105619059181454,54
4216,1,6728,3417,3311,0,0,0,1.0,1,1.0,1,1.0,1,0.3082170822999137,53
4217,3,6731,3419,3312,0,0,0,1.0,1,1.0,1,1.0,1,0.33348145669143175,54
4218,2,6733,3420,3313,0,0,0,1.0,1,1.0,1,1.0,1,0.33955822440714806,53
4219,3,6736,3421,3315,0,0,0,1.0,1,1.0,1,1.0,1,0.35492243470219864,53
4220,0,6736,3421,3315,0,0,0,1.0,1,1.0,1,1.0,1,0.3620976277667258,53
4221,1,6737,3421,3316,0,0,0,1.0,1,1.0,1,1.0,1,0.3625360007283175,54
4222,2,6739,3422,3317,0,0,0,1.0,1,1.0,1,1.0,1,0.3522144138534052,55
4223,3,6742,3423,3319,0,0,0,1.0,1,1.0,1,1.0,1,0.3417111202440813,56
4224,2,6744,3425,3319,0,0,0,1.0,1,1.0,1,1.0,1,0.3446911789820788,55
4225,4,6748,3426,3322,0,0,0,1.0,1,1.0,1,1.0,1,0.3180355933268343,53
4226,5,6753,3429,3324,0,0,0,1.0,1,1.0,1,1.0,1,0.3319458728135184,54
4227,1,6754,3430,3324,0,0,0,1.0,1,1.0,1,1.0,1,0.3306498174758959,52
4228,2,6756,3432,3324,0,0,0,1.0,1,1.0,1,1.0,1,0.3359204267005185,51
4229,1,6757,3433,3324,0,0,0,1.0,1,1.0,1,1.0,1,0.35729673177706806,48
4230,1,6758,3434,3324,0,0,0,1.0,1,1.0,1,1.0,1,0.37387780137643073,48
4231,1,6759,3434,3325,0,0,0,1.0,1,1.0,1,1.0,1,0.33937910728543524,48
4232,2,6761,3435,3326,0,0,0,1.0,1,1.0,1,1.0,1,0.31832554646792466,48
4233,1,6762,3435,3327,0,0,0,1.0,1,1.0,1,1.0,1,0.2837980026397345,48
4234,1,6763,3436,3327,0,0,0,1.0,1,1.0,1,1.0,1,0.2924566371993173,49
4235,2,6765,3437,3328,0,0,0,1.0,1,1.0,1,1.0,1,0.2602220197981772,47
4236,3,6768,3438,3330,0,0,0,1.0,1,1.0,1,1.0,1,0.2746425206846795,47
4237,3,6771,3438,3333,0,0,0,1.0,1,1.0,1,1.0,1,0.2370669346104182,48
4238,1,6772,3438,3334,0,0,0,1.0,1,1.0,1,1.0,1,0.22335427249323245,47
4239,0,6772,3438,3334,0,0,0,1.0,1,1.0,1,1.0,1,0.23542695457678076,48
4240,1,6773,3439,3334,0,0,0,1.0,1,1.0,1,1.0,1,0.24572469531293065,47
4241,0,6773,3439,3334,0,0,0,1.0,1,1.0,1,1.0,1,0.2584680117111256,49
4242,0,6773,3439,3334,0,0,0,1.0,1,1.0,1,1.0,1,0.25371410835830693,49
4243,5,6778,3441,3337,0,0,0,1.0,1,1.0,1,1.0,1,0.25380613009869385,50
4244,1,6779,3441,3338,0,0,0,1.0,1,1.0,1,1.0,1,0.2651561897213284,51
4245,2,6781,3441,3340,0,0,0,1.0,1,1.0,1,1.0,1,0.2736381655602856,51
4246,1,6782,3441,3341,0,0,0,1.0,1,1.0,1,1.0,1,0.26379099725006216,51
4247,2,6784,3441,3343,0,0,0,1.0,1,1.0,1,1.0,1,0.25455769173959536,52
4248,3,6787,3442,3345,0,0,0,1.0,1,1.0,1,1.0,1,0.25485102162839834,52
4249,3,6790,3443,3347,0,0,0,1.0,1,1.0,1,1.0,1,0.23533958086341786,52
4250,1,6791,3444,3347,0,0,0,1.0,1,1.0,1,1.0,1,0.23487360947629454,52
4251,4,6795,3444,3351,0,0,0,1.0,1,1.0,1,1.0,1,0.16051651615962076,53
4252,0,6795,3444,3351,0,0,0,1.0,1,1.0,1,1.0,1,0.16051651615962076,53
4253,3,6798,3447,3351,0,0,0,1.0,1,1.0,1,1.0,1,0.17356222168112725,54
4254,2,6800,3449,3351,0,0,0,1.0,1,1.0,1,1.0,1,0.20283805042294875,54
4255,4,6804,3451,3353,0,0,0,1.0,1,1.0,1,1.0,1,0.2187655650890046,55
4256,3,6807,3452,3355,0,0,0,1.0,1,1.0,1,1.0,1,0.19491942311911933,57
4257,4,6811,3453,3358,0,0,0,1.0,1,1.0,1,1.0,1,0.16470239736565823,57
4258,1,6812,3453,3359,0,0,0,1.0,1,1.0,1,1.0,1,0.1670266020288042,57
4259,1,6813,3453,3360,0,0,0,1.0,1,1.0,1,1.0,1,0.14863359444054497,57
4260,1,6814,3453,3361,0,0,0,1.0,1,1.0,1,1.0,1,0.15276506724391586,58
4261,0,6814,3453,3361,0,0,0,1.0,1,1.0,1,1.0,1,0.15922489250161803,59
4262,2,6816,3454,3362,0,0,0,1.0,1,1.0,1,1.0,1,0.15878058189392588,60
4263,2,6818,3456,3362,0,0,0,1.0,1,1.0,1,1.0,1,0.18036322173356206,59
4264,2,6820,3458,3362,0,0,0,1.0,1,1.0,1,1.0,1,0.2109221485486365,58
4265,4,6824,3460,3364,0,0,0,1.0,1,1.0,1,1.0,1,0.18166326034370694,58
4266,1,6825,3461,3364,0,0,0,1.0,1,1.0,1,1.0,1,0.2025855060724362,58
4267,2,6827,3462,3365,0,0,0,1.0,1,1.0,1,1.0,1,0.20033601591562514,55
4268,5,6832,3465,3367,0,0,0,1.0,1,1.0,1,1.0,1,0.22333260558887086,55
4269,2,6834,3467,3367,0,0,0,1.0,1,1.0,1,1.0,1,0.22517116858846548,50
4270,1,6835,3468,3367,0,0,0,1.0,1,1.0,1,1.0,1,0.2523594647181544,47
4271,0,6835,3468,3367,0,0,0,1.0,1,1.0,1,1.0,1,0.2522653231077968,47
4272,0,6835,3468,3367,0,0,0,1.0,1,1.0,1,1.0,1,0.2725801251168693,46
4273,4,6839,3470,3369,0,0,0,1.0,1,1.0,1,1.0,1,0.2642802839486837,47
4274,2,6841,3471,3370,0,0,0,1.0,1,1.0,1,1.0,1,0.2782924344247773,45
4275,8,6849,3475,3374,0,0,0,1.0,1,1.0,1,1.0,1,0.23188569317747318,44
4276,1,6850,3475,3375,0,0,0,1.0,1,1.0,1,1.0,1,0.2136990222784347,43
4277,4,6854,3478,3376,0,0,0,1.0,1,1.0,1,1.0,1,0.2025447199293413,42
4278,4,6858,3480,3378,0,0,0,1.0,1,1.0,1,1.0,1,0.1823652883687416,43
4279,4,6862,3483,3379,0,0,0,1.0,1,1.0,1,1.0,1,0.24970649115345878,42
4280,5,6867,3485,3382,0,0,0,1.0,1,1.0,1,1.0,1,0.24061779533274846,44
4281,4,6871,3486,3385,0,0,0,1.0,1,1.0,1,1.0,1,0.18982202868522202,44
4282,0,6871,3486,3385,0,0,0,1.0,1,1.0,1,1.0,1,0.18982202868522202,44
4283,1,6872,3486,3386,0,0,0,1.0,1,1.0,1,1.0,1,0.1696603466383344,45
4284,0,6872,3486,3386,0,0,0,1.0,1,1.0,1,1.0,1,0.1696603466383344,45
4285,1,6873,3486,3387,0,0,0,1.0,1,1.0,1,1.0,1,0.13615656249147395,47
4286,0,6873,3486,3387,0,0,0,1.0,1,1.0,1,1.0,1,0.13615656249147395,47
4287,0,6873,3486,3387,0,0,0,1.0,1,1.0,1,1.0,1,0.15302623043948518,49
4288,1,6874,3486,3388,0,0,0,1.0,1,1.0,1,1.0,1,0.13746613672769076,49
4289,1,6875,3487,3388,0,0,0,1.0,1,1.0,1,1.0,1,0.13786412524357178,50
4290,0,6875,3487,3388,0,0,0,1.0,1,1.0,1,1.0,1,0.1429060211126942,51
4291,2,6877,3488,3389,0,0,0,1.0,1,1.0,1,1.0,1,0.1613956932109553,50
4292,1,6878,3489,3389,0,0,0,1.0,1,1.0,1,1.0,1,0.20508786324794814,51
4293,1,6879,3489,3390,0,0,0,1.0,1,1.0,1,1.0,1,0.17232636623306383,51
4294,2,6881,3491,3390,0,0,0,1.0,1,1.0,1,1.0,1,0.2318794706075591,50
4295,2,6883,3492,3391,0,0,0,1.0,1,1.0,1,1.0,1,0.22831405724279175,50
4296,0,6883,3492,3391,0,0,0,1.0,1,1.0,1,1.0,1,0.22845839479118046,49
4297,3,6886,3492,3394,0,0,0,1.0,1,1.0,1,1.0,1,0.1874506490184661,49
4298,0,6886,3492,3394,0,0,0,1.0,1,1.0,1,1.0,1,0.1874506490184661,49
4299,0,6886,3492,3394,0,0,0,1.0,1,1.0,1,1.0,1,0.20312933505144148,48
4300,3,6889,3493,3396,0,0,0,1.0,1,1.0,1,1.0,1,0.1669155224264517,49
4301,1,6890,3494,3396,0,0,0,1.0,1,1.0,1,1.0,1,0.17443690189283065,50
4302,3,6893,3495,3398,0,0,0,1.0,1,1.0,1,1.0,1,0.171454082422972,51
4303,2,6895,3497,3398,0,0,0,1.0,1,1.0,1,1.0,1,0.19547332247061144,51
4304,5,6900,3501,3399,0,0,0,1.0,1,1.0,1,1.0,1,0.2516980110807514,51
4305,8,6908,3503,3405,0,0,0,1.0,1,1.0,1,1.0,1,0.11349407684542366,49
4306,2,6910,3504,3406,0,0,0,1.0,1,1.0,1,1.0,1,0.12888007490333747,49
4307,4,6914,3508,3406,0,0,0,1.0,1,1.0,1,1.0,1,0.16463371310943362,46
4308,1,6915,3509,3406,0,0,0,1.0,1,1.0,1,1.0,1,0.1695372605275398,44
4309,1,6916,3509,3407,0,0,0,1.0,1,1.0,1,1.0,1,0.17207281744847266,44
4310,0,6916,3509,3407,0,0,0,1.0,1,1.0,1,1.0,1,0.19577301252956655,42
4311,0,6916,3509,3407,0,0,0,1.0,1,1.0,1,1.0,1,0.19577301252956655,42
4312,1,6917,3510,3407,0,0,0,1.0,1,1.0,1,1.0,1,0.19660746857118136,40
4313,4,6921,3513,3408,0,0,0,1.0,1,1.0,1,1.0,1,0.18924833629156854,40
4314,0,6921,3513,3408,0,0,0,1.0,1,1.0,1,1.0,1,0.21635227131531223,36
4315,4,6925,3515,3410,0,0,0,1.0,1,1.0,1,1.0,1,0.23151966266323235,37
4316,1,6926,3516,3410,0,0,0,1.0,1,1.0,1,1.0,1,0.3015150526784842,37
4317,6,6932,3520,3412,0,0,0,1.0,1,1.0,1,1.0,1,0.3734722682130762,36
4318,4,6936,3521,3415,0,0,0,1.0,1,1.0,1,1.0,1,0.28130756283274466,34
4319,1,6937,3521,3416,0,0,0,1.0,1,1.0,1,1.0,1,0.2523248689591703,34
4320,0,6937,3521,3416,0,0,0,1.0,1,1.0,1,1.0,1,0.2523248689591703,34
4321,0,6937,3521,3416,0,0,0,1.0,1,1.0,1,1.0,1,0.2916395577520223,35
4322,0,6937,3521,3416,0,0,0,1.0,1,1.0,1,1.0,1,0.2916395577520223,35
4323,0,6937,3521,3416,0,0,0,1.0,1,1.0,1,1.0,1,0.2916395577520223,35
4324,0,6937,3521,3416,0,0,0,1.0,1,1.0,1,1.0,1,0.319907558427142,34
4325,0,6937,3521,3416,0,0,0,1.0,1,1.0,1,1.0,1,0.319907558427142,34
4326,2,6939,3522,3417,0,0,0,1.0,1,1.0,1,1.0,1,0.32634753074193273,36
4327,1,6940,3522,3418,0,0,0,1.0,1,1.0,1,1.0,1,0.3024329962199905,35
4328,1,6941,3523,3418,0,0,0,1.0,1,1.0,1,1.0,1,0.30409809040887836,35
4329,6,6947,3524,3423,0,0,0,1.0,1,1.0,1,1.0,1,0.21417160739972702,38
4330,3,6950,3526,3424,0,0,0,1.0,1,1.0,1,1.0,1,0.2326425869311582,38
4331,0,6950,3526,3424,0,0,0,1.0,1,1.0,1,1.0,1,0.25063999866181075,39
4332,0,6950,3526,3424,0,0,0,1.0,1,1.0,1,1.0,1,0.26088863215685965,40
4333,0,6950,3526,3424,0,0,0,1.0,1,1.0,1,1.0,1,0.23688815950011252,41
4334,0,6950,3526,3424,0,0,0,1.0,1,1.0,1,1.0,1,0.23688815950011252,41
4335,3,6953,3528,3425,0,0,0,1.0,1,1.0,1,1.0,1,0.18365410804431967,42
4336,0,6953,3528,3425,0,0,0,1.0,1,1.0,1,1.0,1,0.19433532808947804,43
4337,3,6956,3528,3428,0,0,0,1.0,1,1.0,1,1.0,1,0.13607905890463398,44
4338,0,6956,3528,3428,0,0,0,1.0,1,1.0,1,1.0,1,0.13607905890463398,44
4339,3,6959,3531,3428,0,0,0,1.0,1,1.0,1,1.0,1,0.15805563213419105,46
4340,0,6959,3531,3428,0,0,0,1.0,1,1.0,1,1.0,1,0.16297026802448739,47
4341,3,6962,3532,3430,0,0,0,1.0,1,1.0,1,1.0,1,0.14259386227019674,47
4342,4,6966,3535,3431,0,0,0,1.0,1,1.0,1,1.0,1,0.20549908986747797,47
4343,1,6967,3536,3431,0,0,0,1.0,1,1.0,1,1.0,1,0.14878925301698928,42
4344,3,6970,3539,3431,0,0,0,1.0,1,1.0,1,1.0,1,0.248638269460308,42
4345,4,6974,3541,3433,0,0,0,1.0,1,1.0,1,1.0,1,0.23543307024907112,39
4346,0,6974,3541,3433,0,0,0,1.0,1,1.0,1,1.0,1,0.24433971818695763,37
4347,1,6975,3542,3433,0,0,0,1.0,1,1.0,1,1.0,1,0.304483248258018,37
4348,4,6979,3545,3434,0,0,0,1.0,1,1.0,1,1.0,1,0.3621981881971321,38
4349,3,6982,3545,3437,0,0,0,1.0,1,1.0,1,1.0,1,0.2586283660088786,36
4350,5,6987,3547,3440,0,0,0,1.0,1,1.0,1,1.0,1,0.2536788137641486,37
4351,1,6988,3548,3440,0,0,0,1.0,1,1.0,1,1.0,1,0.27438741289785473,35
4352,0,6988,3548,3440,0,0,0,1.0,1,1.0,1,1.0,1,0.2993281732006634,34
4353,2,6990,3548,3442,0,0,0,1.0,1,1.0,1,1.0,1,0.2671681610422123,34
4354,1,6991,3548,3443,0,0,0,1.0,1,1.0,1,1.0,1,0.29466195119926064,32
4355,4,6995,3548,3447,0,0,0,1.0,1,1.0,1,1.0,1,0.1785698463642336,32
4356,1,6996,3549,3447,0,0,0,1.0,1,1.0,1,1.0,1,0.15684765516317545,34
4357,0,6996,3549,3447,0,0,0,1.0,1,1.0,1,1.0,1,0.14442295996792281,35
4358,2,6998,3551,3447,0,0,0,1.0,1,1.0,1,1.0,1,0.20311363232803817,35
4359,2,7000,3552,3448,0,0,0,1.0,1,1.0,1,1.0,1,0.24898640250361065,37
4360,2,7002,3552,3450,0,0,0,1.0,1,1.0,1,1.0,1,0.23281463619792309,38
4361,3,7005,3553,3452,0,0,0,1.0,1,1.0,1,1.0,1,0.14920103633688434,39
4362,2,7007,3555,3452,0,0,0,1.0,1,1.0,1,1.0,1,0.20898512077225068,38
4363,2,7009,3556,3453,0,0,0,1.0,1,1.0,1,1.0,1,0.18359491588202406,38
4364,1,7010,3557,3453,0,0,0,1.0,1,1.0,1,1.0,1,0.18679198090539606,39
4365,1,7011,3557,3454,0,0,0,1.0,1,1.0,1,1.0,1,0.15386809559743334,39
4366,1,7012,3558,3454,0,0,0,1.0,1,1.0,1,1.0,1,0.17412430475764704,39
4367,1,7013,3558,3455,0,0,0,1.0,1,1.0,1,1.0,1,0.14763273724424136,41
4368,1,7014,3559,3455,0,0,0,1.0,1,1.0,1,1.0,1,0.18772735294964998,41
4369,0,7014,3559,3455,0,0,0,1.0,1,1.0,1,1.0,1,0.19181821610664002,42
4370,0,7014,3559,3455,0,0,0,1.0,1,1.0,1,1.0,1,0.19181821610664002,42
4371,0,7014,3559,3455,0,0,0,1.0,1,1.0,1,1.0,1,0.20488165306992867,43
4372,2,7016,3561,3455,0,0,0,1.0,1,1.0,1,1.0,1,0.26305377226522714,43
4373,3,7019,3562,3457,0,0,0,1.0,1,1.0,1,1.0,1,0.2396527225429636,43
4374,2,7021,3562,3459,0,0,0,1.0,1,1.0,1,1.0,1,0.2028421683544711,44
4375,1,7022,3563,3459,0,0,0,1.0,1,1.0,1,1.0,1,0.21128674170983627,45
4376,0,7022,3563,3459,0,0,0,1.0,1,1.0,1,1.0,1,0.22123728495938103,46
4377,4,7026,3565,3461,0,0,0,1.0,1,1.0,1,1.0,1,0.2198849441784705,47
4378,0,7026,3565,3461,0,0,0,1.0,1,1.0,1,1.0,1,0.22708732554056477,49
4379,2,7028,3567,3461,0,0,0,1.0,1,1.0,1,1.0,1,0.2285948227341333,51
4380,1,7029,3568,3461,0,0,0,1.0,1,1.0,1,1.0,1,0.25650051095781307,50
4381,0,7029,3568,3461,0,0,0,1.0,1,1.0,1,1.0,1,0.2570261076797813,49
4382,2,7031,3570,3461,0,0,0,1.0,1,1.0,1,1.0,1,0.2969028131118222,47
4383,3,7034,3572,3462,0,0,0,1.0,1,1.0,1,1.0,1,0.2956294691545233,47
4384,3,7037,3574,3463,0,0,0,1.0,1,1.0,1,1.0,1,0.29159837404471833,44
4385,3,7040,3575,3465,0,0,0,1.0,1,1.0,1,1.0,1,0.2518624260544532,42
4386,5,7045,3577,3468,0,0,0,1.0,1,1.0,1,1.0,1,0.2879614660800503,41
4387,1,7046,3578,3468,0,0,0,1.0,1,1.0,1,1.0,1,0.262584124827174,39
4388,1,7047,3578,3469,0,0,0,1.0,1,1.0,1,1.0,1,0.22870429687393268,39
4389,1,7048,3579,3469,0,0,0,1.0,1,1.0,1,1.0,1,0.22041390160304905,38
4390,1,7049,3579,3470,0,0,0,1.0,1,1.0,1,1.0,1,0.1952877955519013,38
4391,2,7051,3579,3472,0,0,0,1.0,1,1.0,1,1.0,1,0.16422079949796636,39
4392,1,7052,3579,3473,0,0,0,1.0,1,1.0,1,1.0,1,0.14444707386543335,39
4393,0,7052,3579,3473,0,0,0,1.0,1,1.0,1,1.0,1,0.1466883857897756,40
4394,0,7052,3579,3473,0,0,0,1.0,1,1.0,1,1.0,1,0.16676019461688898,39
4395,2,7054,3580,3474,0,0,0,1.0,1,1.0,1,1.0,1,0.16632572727688227,39
4396,0,7054,3580,3474,0,0,0,1.0,1,1.0,1,1.0,1,0.21320725426097936,39
4397,2,7056,3581,3475,0,0,0,1.0,1,1.0,1,1.0,1,0.22489941102807098,38
4398,0,7056,3581,3475,0,0,0,1.0,1,1.0,1,1.0,1,0.23185484614255666,39
4399,2,7058,3581,3477,0,0,0,1.0,1,1.0,1,1.0,1,0.2248037863719534,42
4400,0,7058,3581,3477,0,0,0,1.0,1,1.0,1,1.0,1,0.23751652155498043,43
4401,0,7058,3581,3477,0,0,0,1.0,1,1.0,1,1.0,1,0.22377048004278802,44
4402,0,7058,3581,3477,0,0,0,1.0,1,1.0,1,1.0,1,0.22377048004278802,44
4403,0,7058,3581,3477,0,0,0,1.0,1,1.0,1,1.0,1,0.2133914817391278,45
4404,0,7058,3581,3477,0,0,0,1.0,1,1.0,1,1.0,1,0.2133914817391278,45
4405,1,7059,3581,3478,0,0,0,1.0,1,1.0,1,1.0,1,0.2214542957946366,46
4406,1,7060,3582,3478,0,0,0,1.0,1,1.0,1,1.0,1,0.2626401609723311,46
4407,2,7062,3583,3479,0,0,0,1.0,1,1.0,1,1.0,1,0.24596489513414438,46
4408,0,7062,3583,3479,0,0,0,1.0,1,1.0,1,1.0,1,0.2508390597447695,47
4409,0,7062,3583,3479,0,0,0,1.0,1,1.0,1,1.0,1,0.2661055527525564,48
4410,0,7062,3583,3479,0,0,0,1.0,1,1.0,1,1.0,1,0.2661055527525564,48
4411,0,7062,3583,3479,0,0,0,1.0,1,1.0,1,1.0,1,0.2654689626984425,50
4412,2,7064,3583,3481,0,0,0,1.0,1,1.0,1,1.0,1,0.2381679600758827,50
4413,2,7066,3583,3483,0,0,0,1.0,1,1.0,1,1.0,1,0.21149202624133634,50
4414,1,7067,3584,3483,0,0,0,1.0,1,1.0,1,1.0,1,0.20184193381018514,51
4415,1,7068,3585,3483,0,0,0,1.0,1,1.0,1,1.0,1,0.195190420988279,51
4416,0,7068,3585,3483,0,0,0,1.0,1,1.0,1,1.0,1,0.195190420988279,51
4417,3,7071,3587,3484,0,0,0,1.0,1,1.0,1,1.0,1,0.19813015662962105,51
4418,0,7071,3587,3484,0,0,0,1.0,1,1.0,1,1.0,1,0.1879627933325662,51
4419,0,7071,3587,3484,0,0,0,1.0,1,1.0,1,1.0,1,0.18065909213351258,50
4420,1,7072,3588,3484,0,0,0,1.0,1,1.0,1,1.0,1,0.23427155517936563,50
4421,1,7073,3588,3485,0,0,0,1.0,1,1.0,1,1.0,1,0.21051696900315278,52
4422,0,7073,3588,3485,0,0,0,1.0,1,1.0,1,1.0,1,0.25558164600744393,51
4423,2,7075,3588,3487,0,0,0,1.0,1,1.0,1,1.0,1,0.22678635935317656,51
4424,1,7076,3588,3488,0,0,0,1.0,1,1.0,1,1.0,1,0.22404552927272106,53
4425,1,7077,3588,3489,0,0,0,1.0,1,1.0,1,1.0,1,0.22037246696306842,54
4426,2,7079,3589,3490,0,0,0,1.0,1,1.0,1,1.0,1,0.21182395606712084,55
4427,2,7081,3589,3492,0,0,0,1.0,1,1.0,1,1.0,1,0.17756893703197238,55
4428,0,7081,3589,3492,0,0,0,1.0,1,1.0,1,1.0,1,0.17756893703197238,55
4429,1,7082,3589,3493,0,0,0,1.0,1,1.0,1,1.0,1,0.16711433698302391,56
4430,0,7082,3589,3493,0,0,0,1.0,1,1.0,1,1.0,1,0.16557834682419426,55
4431,1,7083,3590,3493,0,0,0,1.0,1,1.0,1,1.0,1,0.1553173530987765,56
4432,2,7085,3591,3494,0,0,0,1.0,1,1.0,1,1.0,1,0.18258668822614207,56
4433,2,7087,3591,3496,0,0,0,1.0,1,1.0,1,1.0,1,0.17378236023782703,57
4434,0,7087,3591,3496,0,0,0,1.0,1,1.0,1,1.0,1,0.18266322732638496,56
4435,2,7089,3592,3497,0,0,0,1.0,1,1.0,1,1.0,1,0.16308536526792466,56
4436,1,7090,3593,3497,0,0,0,1.0,1,1.0,1,1.0,1,0.16655386078214637,55
4437,1,7091,3593,3498,0,0,0,1.0,1,1.0,1,1.0,1,0.17376122926868603,54
4438,2,7093,3595,3498,0,0,0,1.0,1,1.0,1,1.0,1,0.22229256878120487,54
4439,2,7095,3595,3500,0,0,0,1.0,1,1.0,1,1.0,1,0.18709718632876385,55
4440,1,7096,3596,3500,0,0,0,1.0,1,1.0,1,1.0,1,0.19998703931795575,55
4441,3,7099,3598,3501,0,0,0,1.0,1,1.0,1,1.0,1,0.18027585939946694,59
4442,2,7101,3599,3502,0,0,0,1.0,1,1.0,1,1.0,1,0.17620821509977153,61
4443,4,7105,3601,3504,0,0,0,1.0,1,1.0,1,1.0,1,0.191459134224675,60
4444,2,7107,3601,3506,0,0,0,1.0,1,1.0,1,1.0,1,0.17170280424960507,61
4445,2,7109,3601,3508,0,0,0,1.0,1,1.0,1,1.0,1,0.14684440071506683,61
4446,1,7110,3602,3508,0,0,0,1.0,1,1.0,1,1.0,1,0.16651262702203293,62
4447,0,7110,3602,3508,0,0,0,1.0,1,1.0,1,1.0,1,0.16190571757448613,63
4448,0,7110,3602,3508,0,0,0,1.0,1,1.0,1,1.0,1,0.16190571757448613,63
4449,0,7110,3602,3508,0,0,0,1.0,1,1.0,1,1.0,1,0.16190571757448613,63
4450,0,7110,3602,3508,0,0,0,1.0,1,1.0,1,1.0,1,0.16170932327676543,62
4451,0,7110,3602,3508,0,0,0,1.0,1,1.0,1,1.0,1,0.16168855845806207,63
4452,0,7110,3602,3508,0,0,0,1.0,1,1.0,1,1.0,1,0.1679146958631162,64
4453,1,7111,3602,3509,0,0,0,1.0,1,1.0,1,1.0,1,0.16016724857914102,65
4454,0,7111,3602,3509,0,0,0,1.0,1,1.0,1,1.0,1,0.15829484595072338,66
4455,1,7112,3602,3510,0,0,0,1.0,1,1.0,1,1.0,1,0.14534944355225668,67
4456,1,7113,3602,3511,0,0,0,1.0,1,1.0,1,1.0,1,0.1315916921617628,67
4457,2,7115,3602,3513,0,0,0,1.0,1,1.0,1,1.0,1,0.11744069622644651,65
4458,0,7115,3602,3513,0,0,0,1.0,1,1.0,1,1.0,1,0.142541861409065,65
4459,3,7118,3605,3513,0,0,0,1.0,1,1.0,1,1.0,1,0.21577478163742078,64
4460,0,7118,3605,3513,0,0,0,1.0,1,1.0,1,1.0,1,0.2331877133572616,63
4461,4,7122,3607,3515,0,0,0,1.0,1,1.0,1,1.0,1,0.233688201597198,62
4462,9,7131,3613,3518,0,0,0,1.0,1,1.0,1,1.0,1,0.31320256297167537,61
4463,7,7138,3615,3523,0,0,0,1.0,1,1.0,1,1.0,1,0.28427467327938805,61
4464,2,7140,3617,3523,0,0,0,1.0,1,1.0,1,1.0,1,0.28418685307888486,58
4465,3,7143,3618,3525,0,0,0,1.0,1,1.0,1,1.0,1,0.2731151892983955,57
4466,4,7147,3620,3527,0,0,0,1.0,1,1.0,1,1.0,1,0.25524779485120414,54
4467,2,7149,3621,3528,0,0,0,1.0,1,1.0,1,1.0,1,0.24123044089285473,52
4468,2,7151,3623,3528,0,0,0,1.0,1,1.0,1,1.0,1,0.23952771292193048,52
4469,3,7154,3624,3530,0,0,0,1.0,1,1.0,1,1.0,1,0.22010824009605676,51
4470,2,7156,3625,3531,0,0,0,1.0,1,1.0,1,1.0,1,0.1804271133934444,51
4471,1,7157,3626,3531,0,0,0,1.0,1,1.0,1,1.0,1,0.17543876056685337,50
4472,0,7157,3626,3531,0,0,0,1.0,1,1.0,1,1.0,1,0.17332808633159194,48
4473,0,7157,3626,3531,0,0,0,1.0,1,1.0,1,1.0,1,0.1862251979772291,47
4474,3,7160,3629,3531,0,0,0,1.0,1,1.0,1,1.0,1,0.20209978505917744,49
4475,2,7162,3630,3532,0,0,0,1.0,1,1.0,1,1.0,1,0.24191882971340462,47
4476,2,7164,3632,3532,0,0,0,1.0,1,1.0,1,1.0,1,0.24375347928736046,49
4477,5,7169,3633,3536,0,0,0,1.0,1,1.0,1,1.0,1,0.219144096208498,48
4478,1,7170,3633,3537,0,0,0,1.0,1,1.0,1,1.0,1,0.19851802036089178,48
4479,0,7170,3633,3537,0,0,0,1.0,1,1.0,1,1.0,1,0.19851802036089178,48
4480,3,7173,3633,3540,0,0,0,1.0,1,1.0,1,1.0,1,0.12321903842674777,49
4481,0,7173,3633,3540,0,0,0,1.0,1,1.0,1,1.0,1,0.1299866686808505,49
4482,0,7173,3633,3540,0,0,0,1.0,1,1.0,1,1.0,1,0.1299866686808505,49
4483,0,7173,3633,3540,0,0,0,1.0,1,1.0,1,1.0,1,0.1359895670797715,50
4484,2,7175,3634,3541,0,0,0,1.0,1,1.0,1,1.0,1,0.15704521115921585,52
4485,0,7175,3634,3541,0,0,0,1.0,1,1.0,1,1.0,1,0.16302010068397876,53
4486,2,7177,3636,3541,0,0,0,1.0,1,1.0,1,1.0,1,0.1967974049148852,55
4487,3,7180,3638,3542,0,0,0,1.0,1,1.0,1,1.0,1,0.18153534551238182,55
4488,0,7180,3638,3542,0,0,0,1.0,1,1.0,1,1.0,1,0.18072177426379304,54
4489,1,7181,3638,3543,0,0,0,1.0,1,1.0,1,1.0,1,0.19184973514052142,53
4490,1,7182,3639,3543,0,0,0,1.0,1,1.0,1,1.0,1,0.20928272018179164,53
4491,2,7184,3639,3545,0,0,0,1.0,1,1.0,1,1.0,1,0.20156387401125198,52
4492,0,7184,3639,3545,0,0,0,1.0,1,1.0,1,1.0,1,0.20156387401125198,52
4493,5,7189,3640,3549,0,0,0,1.0,1,1.0,1,1.0,1,0.21322486316765465,52
4494,0,7189,3640,3549,0,0,0,1.0,1,1.0,1,1.0,1,0.22472042776933596,53
4495,8,7197,3645,3552,0,0,0,1.0,1,1.0,1,1.0,1,0.185634484367644,50
4496,3,7200,3648,3552,0,0,0,1.0,1,1.0,1,1.0,1,0.2391977191290684,51
4497,4,7204,3650,3554,0,0,0,1.0,1,1.0,1,1.0,1,0.22180334928859904,50
4498,2,7206,3651,3555,0,0,0,1.0,1,1.0,1,1.0,1,0.21425828360290214,49
4499,0,7206,3651,3555,0,0,0,1.0,1,1.0,1,1.0,1,0.20502705591121786,48
4500,1,7207,3651,3556,0,0,0,1.0,1,1.0,1,1.0,1,0.17309697272198,48
4501,1,7208,3652,3556,0,0,0,1.0,1,1.0,1,1.0,1,0.18488977189749026,48
4502,1,7209,3653,3556,0,0,0,1.0,1,1.0,1,1.0,1,0.17262730286746616,49
4503,2,7211,3655,3556,0,0,0,1.0,1,1.0,1,1.0,1,0.20007672705704108,49
4504,2,7213,3657,3556,0,0,0,1.0,1,1.0,1,1.0,1,0.23874998431188516,45
4505,4,7217,3658,3559,0,0,0,1.0,1,1.0,1,1.0,1,0.22146908856202116,46
4506,3,7220,3661,3559,0,0,0,1.0,1,1.0,1,1.0,1,0.293733385776014,45
4507,5,7225,3662,3563,0,0,0,1.0,1,1.0,1,1.0,1,0.24956774889604555,45
4508,2,7227,3663,3564,0,0,0,1.0,1,1.0,1,1.0,1,0.2303634977650897,43
4509,1,7228,3663,3565,0,0,0,1.0,1,1.0,1,1.0,1,0.21264207436500915,41
4510,1,7229,3664,3565,0,0,0,1.0,1,1.0,1,1.0,1,0.24152709573213813,42
4511,1,7230,3665,3565,0,0,0,1.0,1,1.0,1,1.0,1,0.2646478694037907,41
4512,1,7231,3665,3566,0,0,0,1.0,1,1.0,1,1.0,1,0.24082990367308332,41
4513,1,7232,3666,3566,0,0,0,1.0,1,1.0,1,1.0,1,0.21114381171992677,41
4514,3,7235,3669,3566,0,0,0,1.0,1,1.0,1,1.0,1,0.24929584811854558,42
4515,4,7239,3670,3569,0,0,0,1.0,1,1.0,1,1.0,1,0.2220045928620758,41
4516,1,7240,3670,3570,0,0,0,1.0,1,1.0,1,1.0,1,0.2530072419203897,42
4517,2,7242,3671,3571,0,0,0,1.0,1,1.0,1,1.0,1,0.25248516500411733,43
4518,0,7242,3671,3571,0,0,0,1.0,1,1.0,1,1.0,1,0.2661434828655408,42
4519,2,7244,3673,3571,0,0,0,1.0,1,1.0,1,1.0,1,0.31389850189608376,42
4520,2,7246,3673,3573,0,0,0,1.0,1,1.0,1,1.0,1,0.3084058410354591,42
4521,4,7250,3674,3576,0,0,0,1.0,1,1.0,1,1.0,1,0.27420754566698907,42
4522,0,7250,3674,3576,0,0,0,1.0,1,1.0,1,1.0,1,0.27420754566698907,42
4523,0,7250,3674,3576,0,0,0,1.0,1,1.0,1,1.0,1,0.27420754566698907,42
4524,2,7252,3676,3576,0,0,0,1.0,1,1.0,1,1.0,1,0.26898349115391873,43
4525,3,7255,3676,3579,0,0,0,1.0,1,1.0,1,1.0,1,0.2252671815407549,46
4526,2,7257,3678,3579,0,0,0,1.0,1,1.0,1,1.0,1,0.21827793555458408,46
4527,4,7261,3679,3582,0,0,0,1.0,1,1.0,1,1.0,1,0.1821893075950586,47
4528,1,7262,3679,3583,0,0,0,1.0,1,1.0,1,1.0,1,0.18820432368914955,49
4529,2,7264,3680,3584,0,0,0,1.0,1,1.0,1,1.0,1,0.15289389577976356,50
4530,1,7265,3681,3584,0,0,0,1.0,1,1.0,1,1.0,1,0.14694879085534251,51
4531,1,7266,3682,3584,0,0,0,1.0,1,1.0,1,1.0,1,0.16022373568334422,51
4532,2,7268,3683,3585,0,0,0,1.0,1,1.0,1,1.0,1,0.18724296132286705,51
4533,1,7269,3683,3586,0,0,0,1.0,1,1.0,1,1.0,1,0.16903477460929245,50
4534,1,7270,3683,3587,0,0,0,1.0,1,1.0,1,1.0,1,0.15668690326531384,51
4535,1,7271,3684,3587,0,0,0,1.0,1,1.0,1,1.0,1,0.173726978858525,50
4536,0,7271,3684,3587,0,0,0,1.0,1,1.0,1,1.0,1,0.2044850022073632,48
4537,0,7271,3684,3587,0,0,0,1.0,1,1.0,1,1.0,1,0.21642867791714224,49
4538,1,7272,3684,3588,0,0,0,1.0,1,1.0,1,1.0,1,0.2378448163534638,48
4539,4,7276,3685,3591,0,0,0,1.0,1,1.0,1,1.0,1,0.24652195980862573,50
4540,0,7276,3685,3591,0,0,0,1.0,1,1.0,1,1.0,1,0.2259739682345904,49
4541,2,7278,3687,3591,0,0,0,1.0,1,1.0,1,1.0,1,0.2584142749494541,49
4542,4,7282,3690,3592,0,0,0,1.0,1,1.0,1,1.0,1,0.3038863474874347,47
4543,1,7283,3690,3593,0,0,0,1.0,1,1.0,1,1.0,1,0.28476966489893646,45
4544,1,7284,3691,3593,0,0,0,1.0,1,1.0,1,1.0,1,0.2974881374194487,45
4545,2,7286,3693,3593,0,0,0,1.0,1,1.0,1,1.0,1,0.3553971327919415,43
4546,3,7289,3694,3595,0,0,0,1.0,1,1.0,1,1.0,1,0.34061589175875734,43
4547,3,7292,3695,3597,0,0,0,1.0,1,1.0,1,1.0,1,0.3334227722829031,41
4548,2,7294,3696,3598,0,0,0,1.0,1,1.0,1,1.0,1,0.33605206197435394,42
4549,2,7296,3696,3600,0,0,0,1.0,1,1.0,1,1.0,1,0.2773863963867308,41
4550,0,7296,3696,3600,0,0,0,1.0,1,1.0,1,1.0,1,0.2773863963867308,41
4551,2,7298,3696,3602,0,0,0,1.0,1,1.0,1,1.0,1,0.2564874891053329,39
4552,0,7298,3696,3602,0,0,0,1.0,1,1.0,1,1.0,1,0.26847190464700055,38
4553,1,7299,3697,3602,0,0,0,1.0,1,1.0,1,1.0,1,0.27942170450143206,39
4554,1,7300,3698,3602,0,0,0,1.0,1,1.0,1,1.0,1,0.2990444619818037,38
4555,2,7302,3699,3603,0,0,0,1.0,1,1.0,1,1.0,1,0.3079305373670874,37
4556,0,7302,3699,3603,0,0,0,1.0,1,1.0,1,1.0,1,0.3196904409695053,36
4557,3,7305,3699,3606,0,0,0,1.0,1,1.0,1,1.0,1,0.22370839984146865,38
4558,1,7306,3700,3606,0,0,0,1.0,1,1.0,1,1.0,1,0.250285969084735,39
4559,1,7307,3700,3607,0,0,0,1.0,1,1.0,1,1.0,1,0.25930704998818466,38
4560,1,7308,3701,3607,0,0,0,1.0,1,1.0,1,1.0,1,0.30366887976910206,41
4561,1,7309,3701,3608,0,0,0,1.0,1,1.0,1,1.0,1,0.28657808617837105,41
4562,2,7311,3702,3609,0,0,0,1.0,1,1.0,1,1.0,1,0.2914049196488317,43
4563,0,7311,3702,3609,0,0,0,1.0,1,1.0,1,1.0,1,0.283456811814667,42
4564,0,7311,3702,3609,0,0,0,1.0,1,1.0,1,1.0,1,0.2993629613419111,43
4565,2,7313,3702,3611,0,0,0,1.0,1,1.0,1,1.0,1,0.2614056037822662,44
4566,3,7316,3702,3614,0,0,0,1.0,1,1.0,1,1.0,1,0.20497859905684937,45
4567,2,7318,3703,3615,0,0,0,1.0,1,1.0,1,1.0,1,0.1931033615783008,47
4568,1,7319,3704,3615,0,0,0,1.0,1,1.0,1,1.0,1,0.1757429051851924,47
4569,2,7321,3705,3616,0,0,0,1.0,1,1.0,1,1.0,1,0.1645610895691446,49
4570,1,7322,3706,3616,0,0,0,1.0,1,1.0,1,1.0,1,0.1710104994548964,49
4571,1,7323,3706,3617,0,0,0,1.0,1,1.0,1,1.0,1,0.16993938363860384,48
4572,0,7323,3706,3617,0,0,0,1.0,1,1.0,1,1.0,1,0.16993938363860384,48
4573,0,7323,3706,3617,0,0,0,1.0,1,1.0,1,1.0,1,0.16993938363860384,48
4574,1,7324,3707,3617,0,0,0,1.0,1,1.0,1,1.0,1,0.20460549418626883,50
4575,5,7329,3709,3620,0,0,0,1.0,1,1.0,1,1.0,1,0.24699280253765707,51
4576,1,7330,3709,3621,0,0,0,1.0,1,1.0,1,1.0,1,0.27337209273653196,48
4577,0,7330,3709,3621,0,0,0,1.0,1,1.0,1,1.0,1,0.28216105415267745,47
4578,1,7331,3710,3621,0,0,0,1.0,1,1.0,1,1.0,1,0.31393484509538777,46
4579,3,7334,3710,3624,0,0,0,1.0,1,1.0,1,1.0,1,0.23661284329557866,46
4580,1,7335,3710,3625,0,0,0,1.0,1,1.0,1,1.0,1,0.20956555710330124,47
4581,1,7336,3711,3625,0,0,0,1.0,1,1.0,1,1.0,1,0.24249875095470105,47
4582,0,7336,3711,3625,0,0,0,1.0,1,1.0,1,1.0,1,0.2581211624994453,48
4583,0,7336,3711,3625,0,0,0,1.0,1,1.0,1,1.0,1,0.2581211624994453,48
4584,0,7336,3711,3625,0,0,0,1.0,1,1.0,1,1.0,1,0.2630358918174136,50
4585,1,7337,3712,3625,0,0,0,1.0,1,1.0,1,1.0,1,0.28711767645091646,50
4586,0,7337,3712,3625,0,0,0,1.0,1,1.0,1,1.0,1,0.28711767645091646,50
4587,0,7337,3712,3625,0,0,0,1.0,1,1.0,1,1.0,1,0.28711767645091646,50
4588,0,7337,3712,3625,0,0,0,1.0,1,1.0,1,1.0,1,0.28711767645091646,50
4589,1,7338,3713,3625,0,0,0,1.0,1,1.0,1,1.0,1,0.29378305010172573,52
4590,0,7338,3713,3625,0,0,0,1.0,1,1.0,1,1.0,1,0.29378305010172573,52
4591,1,7339,3713,3626,0,0,0,1.0,1,1.0,1,1.0,1,0.3005419161654381,53
4592,0,7339,3713,3626,0,0,0,1.0,1,1.0,1,1.0,1,0.3088150885546257,54
4593,2,7341,3713,3628,0,0,0,1.0,1,1.0,1,1.0,1,0.26150897574279114,56
4594,4,7345,3713,3632,0,0,0,1.0,1,1.0,1,1.0,1,0.22726839173788718,57
4595,2,7347,3713,3634,0,0,0,1.0,1,1.0,1,1.0,1,0.21855037820237558,56
4596,1,7348,3713,3635,0,0,0,1.0,1,1.0,1,1.0,1,0.2041870852575016,56
4597,1,7349,3714,3635,0,0,0,1.0,1,1.0,1,1.0,1,0.20976934945755304,56
4598,3,7352,3716,3636,0,0,0,1.0,1,1.0,1,1.0,1,0.2360295399877959,57
4599,5,7357,3716,3641,0,0,0,1.0,1,1.0,1,1.0,1,0.16488526953820276,59
4600,0,7357,3716,3641,0,0,0,1.0,1,1.0,1,1.0,1,0.17720860106979727,60
4601,3,7360,3718,3642,0,0,0,1.0,1,1.0,1,1.0,1,0.20361018568284814,60
4602,2,7362,3718,3644,0,0,0,1.0,1,1.0,1,1.0,1,0.16343052361553786,62
4603,0,7362,3718,3644,0,0,0,1.0,1,1.0,1,1.0,1,0.16343052361553786,62
4604,0,7362,3718,3644,0,0,0,1.0,1,1.0,1,1.0,1,0.16108690974739787,63
4605,0,7362,3718,3644,0,0,0,1.0,1,1.0,1,1.0,1,0.16108690974739787,63
4606,0,7362,3718,3644,0,0,0,1.0,1,1.0,1,1.0,1,0.17084961884839275,64
4607,0,7362,3718,3644,0,0,0,1.0,1,1.0,1,1.0,1,0.17312837047999372,65
4608,2,7364,3719,3645,0,0,0,1.0,1,1.0,1,1.0,1,0.1903853481172342,66
4609,3,7367,3720,3647,0,0,0,1.0,1,1.0,1,1.0,1,0.1726831639915831,65
4610,0,7367,3720,3647,0,0,0,1.0,1,1.0,1,1.0,1,0.19365103957348256,63
4611,1,7368,3720,3648,0,0,0,1.0,1,1.0,1,1.0,1,0.18785800238114916,64
4612,0,7368,3720,3648,0,0,0,1.0,1,1.0,1,1.0,1,0.22751966023238263,62
4613,1,7369,3721,3648,0,0,0,1.0,1,1.0,1,1.0,1,0.2525935460696082,63
4614,2,7371,3723,3648,0,0,0,1.0,1,1.0,1,1.0,1,0.24190311343053356,61
4615,1,7372,3724,3648,0,0,0,1.0,1,1.0,1,1.0,1,0.2853771916153912,59
4616,1,7373,3725,3648,0,0,0,1.0,1,1.0,1,1.0,1,0.28597444550322215,58
4617,1,7374,3725,3649,0,0,0,1.0,1,1.0,1,1.0,1,0.28389147898195544,58
4618,1,7375,3726,3649,0,0,0,1.0,1,1.0,1,1.0,1,0.30073443853468235,57
4619,2,7377,3727,3650,0,0,0,1.0,1,1.0,1,1.0,1,0.28524522314861916,57
4620,1,7378,3727,3651,0,0,0,1.0,1,1.0,1,1.0,1,0.2689567510662008,57
4621,2,7380,3728,3652,0,0,0,1.0,1,1.0,1,1.0,1,0.26736139880204013,59
4622,4,7384,3730,3654,0,0,0,1.0,1,1.0,1,1.0,1,0.28224591018578615,60
4623,4,7388,3731,3657,0,0,0,1.0,1,1.0,1,1.0,1,0.27337938930683525,59
4624,2,7390,3733,3657,0,0,0,1.0,1,1.0,1,1.0,1,0.2908173328828799,59
4625,2,7392,3735,3657,0,0,0,1.0,1,1.0,1,1.0,1,0.2974224834162098,57
4626,3,7395,3737,3658,0,0,0,1.0,1,1.0,1,1.0,1,0.29978360845856544,56
4627,2,7397,3737,3660,0,0,0,1.0,1,1.0,1,1.0,1,0.27713775355660364,56
4628,3,7400,3737,3663,0,0,0,1.0,1,1.0,1,1.0,1,0.26261173752145933,56
4629,5,7405,3738,3667,0,0,0,1.0,1,1.0,1,1.0,1,0.2706190127733621,56
4630,0,7405,3738,3667,0,0,0,1.0,1,1.0,1,1.0,1,0.2698487136628563,57
4631,1,7406,3738,3668,0,0,0,1.0,1,1.0,1,1.0,1,0.2870067516923097,56
4632,3,7409,3739,3670,0,0,0,1.0,1,1.0,1,1.0,1,0.3184343967854745,57
4633,1,7410,3739,3671,0,0,0,1.0,1,1.0,1,1.0,1,0.30625583884922014,58
4634,0,7410,3739,3671,0,0,0,1.0,1,1.0,1,1.0,1,0.30625583884922014,58
4635,3,7413,3739,3674,0,0,0,1.0,1,1.0,1,1.0,1,0.2558108576915665,59
4636,0,7413,3739,3674,0,0,0,1.0,1,1.0,1,1.0,1,0.24269990359567536,60
4637,2,7415,3739,3676,0,0,0,1.0,1,1.0,1,1.0,1,0.23329419215325922,60
4638,0,7415,3739,3676,0,0,0,1.0,1,1.0,1,1.0,1,0.24724492654830957,61
4639,0,7415,3739,3676,0,0,0,1.0,1,1.0,1,1.0,1,0.2572967959645931,62
4640,4,7419,3739,3680,0,0,0,1.0,1,1.0,1,1.0,1,0.20878015002096367,63
4641,1,7420,3740,3680,0,0,0,1.0,1,1.0,1,1.0,1,0.21533197023662512,63
4642,0,7420,3740,3680,0,0,0,1.0,1,1.0,1,1.0,1,0.22520365158576236,62
4643,3,7423,3742,3681,0,0,0,1.0,1,1.0,1,1.0,1,0.21829095397162132,63
4644,2,7425,3743,3682,0,0,0,1.0,1,1.0,1,1.0,1,0.22799804703545162,62
4645,1,7426,3743,3683,0,0,0,1.0,1,1.0,1,1.0,1,0.22087211795020462,63
4646,1,7427,3744,3683,0,0,0,1.0,1,1.0,1,1.0,1,0.2449805396661009,63
4647,4,7431,3745,3686,0,0,0,1.0,1,1.0,1,1.0,1,0.25027044924643504,62
4648,2,7433,3747,3686,0,0,0,1.0,1,1.0,1,1.0,1,0.29544801046864744,63
4649,1,7434,3747,3687,0,0,0,1.0,1,1.0,1,1.0,1,0.2753906099505502,61
4650,3,7437,3749,3688,0,0,0,1.0,1,1.0,1,1.0,1,0.26718402672947367,63
4651,2,7439,3750,3689,0,0,0,1.0,1,1.0,1,1.0,1,0.25342309544097547,62
4652,0,7439,3750,3689,0,0,0,1.0,1,1.0,1,1.0,1,0.2504404312214789,59
4653,1,7440,3750,3690,0,0,0,1.0,1,1.0,1,1.0,1,0.24793114676711225,60
4654,1,7441,3751,3690,0,0,0,1.0,1,1.0,1,1.0,1,0.2477474653604155,60
4655,0,7441,3751,3690,0,0,0,1.0,1,1.0,1,1.0,1,0.2477474653604155,60
4656,2,7443,3753,3690,0,0,0,1.0,1,1.0,1,1.0,1,0.26934989656187236,61
4657,0,7443,3753,3690,0,0,0,1.0,1,1.0,1,1.0,1,0.26303410975443203,62
4658,2,7445,3754,3691,0,0,0,1.0,1,1.0,1,1.0,1,0.2841008612890915,62
4659,0,7445,3754,3691,0,0,0,1.0,1,1.0,1,1.0,1,0.298094012461988,61
4660,2,7447,3755,3692,0,0,0,1.0,1,1.0,1,1.0,1,0.31423928712438937,61
4661,1,7448,3755,3693,0,0,0,1.0,1,1.0,1,1.0,1,0.33558337888650885,61
4662,1,7449,3756,3693,0,0,0,1.0,1,1.0,1,1.0,1,0.32370159449148284,62
4663,3,7452,3756,3696,0,0,0,1.0,1,1.0,1,1.0,1,0.26454040279232416,61
4664,1,7453,3757,3696,0,0,0,1.0,1,1.0,1,1.0,1,0.26608207184797067,62
4665,4,7457,3759,3698,0,0,0,1.0,1,1.0,1,1.0,1,0.26061655596289474,61
4666,4,7461,3761,3700,0,0,0,1.0,1,1.0,1,1.0,1,0.25235993853816996,61
4667,1,7462,3761,3701,0,0,0,1.0,1,1.0,1,1.0,1,0.24683566008957494,59
4668,3,7465,3763,3702,0,0,0,1.0,1,1.0,1,1.0,1,0.23701585926856666,59
4669,2,7467,3765,3702,0,0,0,1.0,1,1.0,1,1.0,1,0.2484225507199176,58
4670,2,7469,3766,3703,0,0,0,1.0,1,1.0,1,1.0,1,0.26608294438948626,57
4671,3,7472,3766,3706,0,0,0,1.0,1,1.0,1,1.0,1,0.21819721455101124,55
4672,1,7473,3767,3706,0,0,0,1.0,1,1.0,1,1.0,1,0.24839159280008502,56
4673,3,7476,3767,3709,0,0,0,1.0,1,1.0,1,1.0,1,0.20021309229799306,58
4674,3,7479,3770,3709,0,0,0,1.0,1,1.0,1,1.0,1,0.21589150467588994,58
4675,2,7481,3770,3711,0,0,0,1.0,1,1.0,1,1.0,1,0.23241816999899845,57
4676,2,7483,3771,3712,0,0,0,1.0,1,1.0,1,1.0,1,0.2499128345765124,58
4677,2,7485,3771,3714,0,0,0,1.0,1,1.0,1,1.0,1,0.24888033409626045,57
4678,3,7488,3773,3715,0,0,0,1.0,1,1.0,1,1.0,1,0.25499750679116273,57
4679,3,7491,3773,3718,0,0,0,1.0,1,1.0,1,1.0,1,0.20935377692029122,57
4680,0,7491,3773,3718,0,0,0,1.0,1,1.0,1,1.0,1,0.21461912314555195,59
4681,3,7494,3774,3720,0,0,0,1.0,1,1.0,1,1.0,1,0.21521556670716693,60
4682,1,7495,3775,3720,0,0,0,1.0,1,1.0,1,1.0,1,0.21898211790464753,60
4683,2,7497,3776,3721,0,0,0,1.0,1,1.0,1,1.0,1,0.21514241279450189,60
4684,4,7501,3777,3724,0,0,0,1.0,1,1.0,1,1.0,1,0.20216962501075378,60
4685,0,7501,3777,3724,0,0,0,1.0,1,1.0,1,1.0,1,0.21588706556657575,59
4686,1,7502,3778,3724,0,0,0,1.0,1,1.0,1,1.0,1,0.2413967340474868,60
4687,1,7503,3779,3724,0,0,0,1.0,1,1.0,1,1.0,1,0.24780174022077403,59
4688,2,7505,3780,3725,0,0,0,1.0,1,1.0,1,1.0,1,0.2558616702487096,59
4689,4,7509,3782,3727,0,0,0,1.0,1,1.0,1,1.0,1,0.29173980428046525,59
4690,1,7510,3783,3727,0,0,0,1.0,1,1.0,1,1.0,1,0.29719295747269686,58
4691,4,7514,3784,3730,0,0,0,1.0,1,1.0,1,1.0,1,0.2635143721001771,57
4692,0,7514,3784,3730,0,0,0,1.0,1,1.0,1,1.0,1,0.2542788821328043,58
4693,1,7515,3784,3731,0,0,0,1.0,1,1.0,1,1.0,1,0.23966340977287495,57
4694,2,7517,3785,3732,0,0,0,1.0,1,1.0,1,1.0,1,0.23704842978681123,57
4695,3,7520,3785,3735,0,0,0,1.0,1,1.0,1,1.0,1,0.22780726707698676,56
4696,1,7521,3786,3735,0,0,0,1.0,1,1.0,1,1.0,1,0.24391691213011105,57
4697,3,7524,3786,3738,0,0,0,1.0,1,1.0,1,1.0,1,0.2096011729897362,58
4698,0,7524,3786,3738,0,0,0,1.0,1,1.0,1,1.0,1,0.21318136227765963,59
4699,0,7524,3786,3738,0,0,0,1.0,1,1.0,1,1.0,1,0.2201694021393632,58
4700,1,7525,3786,3739,0,0,0,1.0,1,1.0,1,1.0,1,0.19526922394627816,59
4701,2,7527,3787,3740,0,0,0,1.0,1,1.0,1,1.0,1,0.22472074162967728,60
4702,3,7530,3789,3741,0,0,0,1.0,1,1.0,1,1.0,1,0.22831308764347188,61
4703,3,7533,3791,3742,0,0,0,1.0,1,1.0,1,1.0,1,0.273510919656971,59
4704,2,7535,3793,3742,0,0,0,1.0,1,1.0,1,1.0,1,0.2945002893494876,58
4705,7,7542,3796,3746,0,0,0,1.0,1,1.0,1,1.0,1,0.23613177965670887,58
4706,5,7547,3797,3750,0,0,0,1.0,1,1.0,1,1.0,1,0.23900197060816628,60
4707,2,7549,3797,3752,0,0,0,1.0,1,1.0,1,1.0,1,0.22927219287607975,57
4708,3,7552,3799,3753,0,0,0,1.0,1,1.0,1,1.0,1,0.24808491961905718,57
4709,2,7554,3801,3753,0,0,0,1.0,1,1.0,1,1.0,1,0.25400557161457543,55
4710,1,7555,3801,3754,0,0,0,1.0,1,1.0,1,1.0,1,0.2500460969892494,53
4711,2,7557,3803,3754,0,0,0,1.0,1,1.0,1,1.0,1,0.24826412265104636,52
4712,1,7558,3804,3754,0,0,0,1.0,1,1.0,1,1.0,1,0.26063358789681557,52
4713,1,7559,3805,3754,0,0,0,1.0,1,1.0,1,1.0,1,0.26489769719050527,51
4714,0,7559,3805,3754,0,0,0,1.0,1,1.0,1,1.0,1,0.25841522135020106,50
4715,2,7561,3806,3755,0,0,0,1.0,1,1.0,1,1.0,1,0.2610498268314962,50
4716,2,7563,3807,3756,0,0,0,1.0,1,1.0,1,1.0,1,0.25276059188631705,49
4717,2,7565,3809,3756,0,0,0,1.0,1,1.0,1,1.0,1,0.2839026476574823,49
4718,2,7567,3809,3758,0,0,0,1.0,1,1.0,1,1.0,1,0.25237994993164253,50
4719,1,7568,3809,3759,0,0,0,1.0,1,1.0,1,1.0,1,0.2527179269439915,49
4720,1,7569,3809,3760,0,0,0,1.0,1,1.0,1,1.0,1,0.23259675678379352,49
4721,2,7571,3809,3762,0,0,0,1.0,1,1.0,1,1.0,1,0.21133319172270498,50
4722,2,7573,3810,3763,0,0,0,1.0,1,1.0,1,1.0,1,0.25378063273019447,51
4723,2,7575,3811,3764,0,0,0,1.0,1,1.0,1,1.0,1,0.2198981889539859,50
4724,1,7576,3811,3765,0,0,0,1.0,1,1.0,1,1.0,1,0.23807555322479992,50
4725,2,7578,3812,3766,0,0,0,1.0,1,1.0,1,1.0,1,0.25557441100715994,52
4726,1,7579,3813,3766,0,0,0,1.0,1,1.0,1,1.0,1,0.29085716112681936,51
4727,2,7581,3814,3767,0,0,0,1.0,1,1.0,1,1.0,1,0.26571265280821676,52
4728,0,7581,3814,3767,0,0,0,1.0,1,1.0,1,1.0,1,0.26571265280821676,52
4729,0,7581,3814,3767,0,0,0,1.0,1,1.0,1,1.0,1,0.26571265280821676,52
4730,1,7582,3815,3767,0,0,0,1.0,1,1.0,1,1.0,1,0.28750033098853894,50
4731,3,7585,3817,3768,0,0,0,1.0,1,1.0,1,1.0,1,0.2674488163837026,51
4732,3,7588,3819,3769,0,0,0,1.0,1,1.0,1,1.0,1,0.3316047509073102,52
4733,2,7590,3819,3771,0,0,0,1.0,1,1.0,1,1.0,1,0.3188167425886855,53
4734,1,7591,3820,3771,0,0,0,1.0,1,1.0,1,1.0,1,0.3295593685591915,53
4735,3,7594,3822,3772,0,0,0,1.0,1,1.0,1,1.0,1,0.3362670591455829,53
4736,1,7595,3823,3772,0,0,0,1.0,1,1.0,1,1.0,1,0.3420090974726476,55
4737,3,7598,3823,3775,0,0,0,1.0,1,1.0,1,1.0,1,0.32271367039170523,57
4738,2,7600,3824,3776,0,0,0,1.0,1,1.0,1,1.0,1,0.31844162365359596,57
4739,3,7603,3825,3778,0,0,0,1.0,1,1.0,1,1.0,1,0.29655119943657876,57
4740,0,7603,3825,3778,0,0,0,1.0,1,1.0,1,1.0,1,0.29655119943657876,57
4741,2,7605,3825,3780,0,0,0,1.0,1,1.0,1,1.0,1,0.2856829313842061,58
4742,1,7606,3826,3780,0,0,0,1.0,1,1.0,1,1.0,1,0.29490497557928447,58
4743,1,7607,3826,3781,0,0,0,1.0,1,1.0,1,1.0,1,0.26303332786061134,56
4744,3,7610,3828,3782,0,0,0,1.0,1,1.0,1,1.0,1,0.2693659093520285,57
4745,3,7613,3829,3784,0,0,0,1.0,1,1.0,1,1.0,1,0.2517366052541812,56
4746,4,7617,3832,3785,0,0,0,1.0,1,1.0,1,1.0,1,0.28162885438968305,56
4747,3,7620,3833,3787,0,0,0,1.0,1,1.0,1,1.0,1,0.2669201169900379,55
4748,3,7623,3835,3788,0,0,0,1.0,1,1.0,1,1.0,1,0.2857728969773768,55
4749,3,7626,3836,3790,0,0,0,1.0,1,1.0,1,1.0,1,0.276374725287837,54
4750,1,7627,3837,3790,0,0,0,1.0,1,1.0,1,1.0,1,0.2607686349770755,53
4751,1,7628,3837,3791,0,0,0,1.0,1,1.0,1,1.0,1,0.2754424020090196,53
4752,1,7629,3838,3791,0,0,0,1.0,1,1.0,1,1.0,1,0.2622039003094146,53
4753,4,7633,3839,3794,0,0,0,1.0,1,1.0,1,1.0,1,0.2543133425136782,52
4754,1,7634,3840,3794,0,0,0,1.0,1,1.0,1,1.0,1,0.27888815643404335,52
4755,0,7634,3840,3794,0,0,0,1.0,1,1.0,1,1.0,1,0.2784546861039895,51
4756,5,7639,3841,3798,0,0,0,1.0,1,1.0,1,1.0,1,0.259317975174918,52
4757,0,7639,3841,3798,0,0,0,1.0,1,1.0,1,1.0,1,0.2524999381806769,51
4758,0,7639,3841,3798,0,0,0,1.0,1,1.0,1,1.0,1,0.2524999381806769,51
4759,1,7640,3842,3798,0,0,0,1.0,1,1.0,1,1.0,1,0.24913488663039723,51
4760,3,7643,3842,3801,0,0,0,1.0,1,1.0,1,1.0,1,0.1904269505418772,52
4761,4,7647,3843,3804,0,0,0,1.0,1,1.0,1,1.0,1,0.1916241737710674,50
4762,2,7649,3843,3806,0,0,0,1.0,1,1.0,1,1.0,1,0.1787549645961819,51
4763,2,7651,3844,3807,0,0,0,1.0,1,1.0,1,1.0,1,0.18505830648286536,51
4764,1,7652,3845,3807,0,0,0,1.0,1,1.0,1,1.0,1,0.1995574755856737,53
4765,2,7654,3846,3808,0,0,0,1.0,1,1.0,1,1.0,1,0.21986282825651654,53
4766,2,7656,3848,3808,0,0,0,1.0,1,1.0,1,1.0,1,0.23868386457718735,55
4767,3,7659,3849,3810,0,0,0,1.0,1,1.0,1,1.0,1,0.2076333933470587,56
4768,0,7659,3849,3810,0,0,0,1.0,1,1.0,1,1.0,1,0.21180681723231357,56
4769,2,7661,3849,3812,0,0,0,1.0,1,1.0,1,1.0,1,0.18039264091871157,56
4770,0,7661,3849,3812,0,0,0,1.0,1,1.0,1,1.0,1,0.18039264091871157,56
4771,0,7661,3849,3812,0,0,0,1.0,1,1.0,1,1.0,1,0.1823539010844928,55
4772,2,7663,3850,3813,0,0,0,1.0,1,1.0,1,1.0,1,0.17765491003809453,56
4773,3,7666,3850,3816,0,0,0,1.0,1,1.0,1,1.0,1,0.13625229251681578,56
4774,0,7666,3850,3816,0,0,0,1.0,1,1.0,1,1.0,1,0.1268131653624293,58
4775,0,7666,3850,3816,0,0,0,1.0,1,1.0,1,1.0,1,0.1365883591996682,59
4776,0,7666,3850,3816,0,0,0,1.0,1,1.0,1,1.0,1,0.1365883591996682,59
4777,1,7667,3851,3816,0,0,0,1.0,1,1.0,1,1.0,1,0.16762516474331052,60
4778,3,7670,3852,3818,0,0,0,1.0,1,1.0,1,1.0,1,0.16065933446556518,60
4779,2,7672,3852,3820,0,0,0,1.0,1,1.0,1,1.0,1,0.14367689964193844,61
4780,1,7673,3852,3821,0,0,0,1.0,1,1.0,1,1.0,1,0.15750001095533517,63
4781,1,7674,3852,3822,0,0,0,1.0,1,1.0,1,1.0,1,0.15570649159211306,62
4782,2,7676,3853,3823,0,0,0,1.0,1,1.0,1,1.0,1,0.17630246324276463,63
4783,3,7679,3854,3825,0,0,0,1.0,1,1.0,1,1.0,1,0.1441145249415064,62
4784,4,7683,3857,3826,0,0,0,1.0,1,1.0,1,1.0,1,0.15864179413697616,62
4785,5,7688,3859,3829,0,0,0,1.0,1,1.0,1,1.0,1,0.16057785389112778,62
4786,3,7691,3861,3830,0,0,0,1.0,1,1.0,1,1.0,1,0.1936012431911893,63
4787,4,7695,3862,3833,0,0,0,1.0,1,1.0,1,1.0,1,0.1524306528077458,62
4788,2,7697,3864,3833,0,0,0,1.0,1,1.0,1,1.0,1,0.15920039341316689,62
4789,3,7700,3865,3835,0,0,0,1.0,1,1.0,1,1.0,1,0.15770985217500372,60
4790,2,7702,3867,3835,0,0,0,1.0,1,1.0,1,1.0,1,0.165963413902441,61
4791,5,7707,3868,3839,0,0,0,1.0,1,1.0,1,1.0,1,0.13970422663121737,60
4792,3,7710,3871,3839,0,0,0,1.0,1,1.0,1,1.0,1,0.1637227749978512,60
4793,4,7714,3874,3840,0,0,0,1.0,1,1.0,1,1.0,1,0.13504573481081067,61
4794,2,7716,3876,3840,0,0,0,1.0,1,1.0,1,1.0,1,0.1506003996684111,59
4795,1,7717,3877,3840,0,0,0,1.0,1,1.0,1,1.0,1,0.16486205210741892,61
4796,2,7719,3879,3840,0,0,0,1.0,1,1.0,1,1.0,1,0.1907044146393793,59
4797,2,7721,3879,3842,0,0,0,1.0,1,1.0,1,1.0,1,0.1286922637800511,58
4798,2,7723,3880,3843,0,0,0,1.0,1,1.0,1,1.0,1,0.10578364716439662,59
4799,2,7725,3881,3844,0,0,0,1.0,1,1.0,1,1.0,1,0.11857429985841648,57
4800,2,7727,3882,3845,0,0,0,1.0,1,1.0,1,1.0,1,0.12806840264044655,58
4801,4,7731,3884,3847,0,0,0,1.0,1,1.0,1,1.0,1,0.09505265123681408,57
4802,1,7732,3885,3847,0,0,0,1.0,1,1.0,1,1.0,1,0.11365347089418122,57
4803,0,7732,3885,3847,0,0,0,1.0,1,1.0,1,1.0,1,0.13057592211597568,56
4804,0,7732,3885,3847,0,0,0,1.0,1,1.0,1,1.0,1,0.1576256764386719,54
4805,3,7735,3885,3850,0,0,0,1.0,1,1.0,1,1.0,1,0.12332529410836772,56
4806,0,7735,3885,3850,0,0,0,1.0,1,1.0,1,1.0,1,0.12220861848030577,55
4807,2,7737,3887,3850,0,0,0,1.0,1,1.0,1,1.0,1,0.14127231747642535,54
4808,0,7737,3887,3850,0,0,0,1.0,1,1.0,1,1.0,1,0.1725772657210879,53
4809,1,7738,3888,3850,0,0,0,1.0,1,1.0,1,1.0,1,0.19251247193317383,53
4810,3,7741,3889,3852,0,0,0,1.0,1,1.0,1,1.0,1,0.18023370201991942,51
4811,1,7742,3889,3853,0,0,0,1.0,1,1.0,1,1.0,1,0.1552141657724655,52
4812,0,7742,3889,3853,0,0,0,1.0,1,1.0,1,1.0,1,0.1706248451431131,52
4813,0,7742,3889,3853,0,0,0,1.0,1,1.0,1,1.0,1,0.1706248451431131,52
4814,3,7745,3892,3853,0,0,0,1.0,1,1.0,1,1.0,1,0.172529693260832,53
4815,6,7751,3896,3855,0,0,0,1.0,1,1.0,1,1.0,1,0.1662346670223394,54
4816,2,7753,3897,3856,0,0,0,1.0,1,1.0,1,1.0,1,0.14886464889095014,54
4817,7,7760,3901,3859,0,0,0,1.0,1,1.0,1,1.0,1,0.20115596247327017,55
4818,4,7764,3905,3859,0,0,0,1.0,1,1.0,1,1.0,1,0.2016213065901251,55
4819,3,7767,3906,3861,0,0,0,1.0,1,1.0,1,1.0,1,0.21487640265341804,55
4820,3,7770,3908,3862,0,0,0,1.0,1,1.0,1,1.0,1,0.21301876107793968,55
4821,3,7773,3910,3863,0,0,0,1.0,1,1.0,1,1.0,1,0.19514871920949264,55
4822,1,7774,3911,3863,0,0,0,1.0,1,1.0,1,1.0,1,0.18007200026181897,54
4823,3,7777,3911,3866,0,0,0,1.0,1,1.0,1,1.0,1,0.08648230204136405,54
4824,2,7779,3912,3867,0,0,0,1.0,1,1.0,1,1.0,1,0.0891224601500302,55
4825,1,7780,3913,3867,0,0,0,1.0,1,1.0,1,1.0,1,0.08649005347176307,53
4826,2,7782,3915,3867,0,0,0,1.0,1,1.0,1,1.0,1,0.12696480124075193,54
4827,1,7783,3915,3868,0,0,0,1.0,1,1.0,1,1.0,1,0.11092057146348555,53
4828,0,7783,3915,3868,0,0,0,1.0,1,1.0,1,1.0,1,0.11743820825585764,54
4829,0,7783,3915,3868,0,0,0,1.0,1,1.0,1,1.0,1,0.12139714205051719,54
4830,1,7784,3916,3868,0,0,0,1.0,1,1.0,1,1.0,1,0.16003242066541595,53
4831,2,7786,3917,3869,0,0,0,1.0,1,1.0,1,1.0,1,0.15599283588747603,52
4832,0,7786,3917,3869,0,0,0,1.0,1,1.0,1,1.0,1,0.16589598582014578,50
4833,1,7787,3917,3870,0,0,0,1.0,1,1.0,1,1.0,1,0.16174198514708235,51
4834,2,7789,3918,3871,0,0,0,1.0,1,1.0,1,1.0,1,0.21198422497132405,51
4835,1,7790,3918,3872,0,0,0,1.0,1,1.0,1,1.0,1,0.18120431091986638,50
4836,1,7791,3919,3872,0,0,0,1.0,1,1.0,1,1.0,1,0.2512515271114054,50
4837,2,7793,3920,3873,0,0,0,1.0,1,1.0,1,1.0,1,0.2065671477686008,46
4838,2,7795,3921,3874,0,0,0,1.0,1,1.0,1,1.0,1,0.1956682455638874,47
4839,3,7798,3922,3876,0,0,0,1.0,1,1.0,1,1.0,1,0.1934108752525208,45
4840,2,7800,3924,3876,0,0,0,1.0,1,1.0,1,1.0,1,0.22957718735371732,45
4841,4,7804,3926,3878,0,0,0,1.0,1,1.0,1,1.0,1,0.2446715254468595,43
4842,0,7804,3926,3878,0,0,0,1.0,1,1.0,1,1.0,1,0.21970925638226635,43
4843,0,7804,3926,3878,0,0,0,1.0,1,1.0,1,1.0,1,0.22622079006001672,44
4844,1,7805,3927,3878,0,0,0,1.0,1,1.0,1,1.0,1,0.27840207106090603,43
4845,5,7810,3929,3881,0,0,0,1.0,1,1.0,1,1.0,1,0.2687452944395467,44
4846,0,7810,3929,3881,0,0,0,1.0,1,1.0,1,1.0,1,0.2741787213363966,43
4847,3,7813,3931,3882,0,0,0,1.0,1,1.0,1,1.0,1,0.3155401852058578,42
4848,2,7815,3932,3883,0,0,0,1.0,1,1.0,1,1.0,1,0.2829051511832428,41
4849,1,7816,3932,3884,0,0,0,1.0,1,1.0,1,1.0,1,0.2180110042754869,41
4850,0,7816,3932,3884,0,0,0,1.0,1,1.0,1,1.0,1,0.24776616465975007,41
4851,0,7816,3932,3884,0,0,0,1.0,1,1.0,1,1.0,1,0.24776616465975007,41
4852,0,7816,3932,3884,0,0,0,1.0,1,1.0,1,1.0,1,0.25335028766545037,43
4853,0,7816,3932,3884,0,0,0,1.0,1,1.0,1,1.0,1,0.267095229547956,44
4854,1,7817,3933,3884,0,0,0,1.0,1,1.0,1,1.0,1,0.29028491506417065,45
4855,0,7817,3933,3884,0,0,0,1.0,1,1.0,1,1.0,1,0.2744276745366231,44
4856,0,7817,3933,3884,0,0,0,1.0,1,1.0,1,1.0,1,0.2744276745366231,44
4857,0,7817,3933,3884,0,0,0,1.0,1,1.0,1,1.0,1,0.28576684978215344,44
4858,0,7817,3933,3884,0,0,0,1.0,1,1.0,1,1.0,1,0.29468441182132626,45
4859,1,7818,3933,3885,0,0,0,1.0,1,1.0,1,1.0,1,0.29459640365678064,46
4860,0,7818,3933,3885,0,0,0,1.0,1,1.0,1,1.0,1,0.29459640365678064,46
4861,3,7821,3933,3888,0,0,0,1.0,1,1.0,1,1.0,1,0.2558241405741494,46
4862,0,7821,3933,3888,0,0,0,1.0,1,1.0,1,1.0,1,0.26632516313561583,47
4863,3,7824,3934,3890,0,0,0,1.0,1,1.0,1,1.0,1,0.26231543981175104,47
4864,1,7825,3934,3891,0,0,0,1.0,1,1.0,1,1.0,1,0.2540821375076194,47
4865,1,7826,3935,3891,0,0,0,1.0,1,1.0,1,1.0,1,0.2524789981304712,48
4866,4,7830,3937,3893,0,0,0,1.0,1,1.0,1,1.0,1,0.22081661413890524,49
4867,3,7833,3937,3896,0,0,0,1.0,1,1.0,1,1.0,1,0.17565629322007598,50
4868,3,7836,3939,3897,0,0,0,1.0,1,1.0,1,1.0,1,0.17597738972287297,50
4869,0,7836,3939,3897,0,0,0,1.0,1,1.0,1,1.0,1,0.17597738972287297,50
4870,2,7838,3941,3897,0,0,0,1.0,1,1.0,1,1.0,1,0.22313708940602847,52
4871,1,7839,3941,3898,0,0,0,1.0,1,1.0,1,1.0,1,0.20406396843626853,52
4872,0,7839,3941,3898,0,0,0,1.0,1,1.0,1,1.0,1,0.1842416749609949,53
4873,1,7840,3942,3898,0,0,0,1.0,1,1.0,1,1.0,1,0.23648572751617966,55
4874,4,7844,3943,3901,0,0,0,1.0,1,1.0,1,1.0,1,0.20311443732316098,56
4875,1,7845,3944,3901,0,0,0,1.0,1,1.0,1,1.0,1,0.20346502034692618,55
4876,5,7850,3946,3904,0,0,0,1.0,1,1.0,1,1.0,1,0.20966717625384199,55
4877,2,7852,3948,3904,0,0,0,1.0,1,1.0,1,1.0,1,0.2162869069109462,54
4878,2,7854,3949,3905,0,0,0,1.0,1,1.0,1,1.0,1,0.23409752153159796,53
4879,1,7855,3950,3905,0,0,0,1.0,1,1.0,1,1.0,1,0.25330961129311746,54
4880,3,7858,3951,3907,0,0,0,1.0,1,1.0,1,1.0,1,0.24584902487473242,54
4881,1,7859,3951,3908,0,0,0,1.0,1,1.0,1,1.0,1,0.2207012407226249,53
4882,1,7860,3952,3908,0,0,0,1.0,1,1.0,1,1.0,1,0.2779643937460384,53
4883,3,7863,3952,3911,0,0,0,1.0,1,1.0,1,1.0,1,0.2628030147725614,53
4884,0,7863,3952,3911,0,0,0,1.0,1,1.0,1,1.0,1,0.27146875782918733,51
4885,1,7864,3953,3911,0,0,0,1.0,1,1.0,1,1.0,1,0.28293251170831624,50
4886,0,7864,3953,3911,0,0,0,1.0,1,1.0,1,1.0,1,0.2661912426901247,48
4887,0,7864,3953,3911,0,0,0,1.0,1,1.0,1,1.0,1,0.2661912426901247,48
4888,1,7865,3954,3911,0,0,0,1.0,1,1.0,1,1.0,1,0.280189527741967,48
4889,0,7865,3954,3911,0,0,0,1.0,1,1.0,1,1.0,1,0.280189527741967,48
4890,0,7865,3954,3911,0,0,0,1.0,1,1.0,1,1.0,1,0.2852208498339848,49
4891,1,7866,3955,3911,0,0,0,1.0,1,1.0,1,1.0,1,0.33012887689803455,50
4892,0,7866,3955,3911,0,0,0,1.0,1,1.0,1,1.0,1,0.34826277071298944,49
4893,1,7867,3955,3912,0,0,0,1.0,1,1.0,1,1.0,1,0.3348296618537914,50
4894,2,7869,3955,3914,0,0,0,1.0,1,1.0,1,1.0,1,0.2994186467295156,51
4895,1,7870,3955,3915,0,0,0,1.0,1,1.0,1,1.0,1,0.30207880731823444,52
4896,0,7870,3955,3915,0,0,0,1.0,1,1.0,1,1.0,1,0.3000652367422123,53
4897,1,7871,3955,3916,0,0,0,1.0,1,1.0,1,1.0,1,0.29431633347182756,53
4898,2,7873,3956,3917,0,0,0,1.0,1,1.0,1,1.0,1,0.27496497471887626,53
4899,3,7876,3957,3919,0,0,0,1.0,1,1.0,1,1.0,1,0.24012613225926102,55
4900,1,7877,3958,3919,0,0,0,1.0,1,1.0,1,1.0,1,0.23183624440833142,55
4901,4,7881,3960,3921,0,0,0,1.0,1,1.0,1,1.0,1,0.1968682127251901,56
4902,3,7884,3963,3921,0,0,0,1.0,1,1.0,1,1.0,1,0.24867353811150136,58
4903,3,7887,3964,3923,0,0,0,1.0,1,1.0,1,1.0,1,0.23785635587131304,58
4904,2,7889,3965,3924,0,0,0,1.0,1,1.0,1,1.0,1,0.21881192174201744,57
4905,0,7889,3965,3924,0,0,0,1.0,1,1.0,1,1.0,1,0.234371408594775,54
4906,0,7889,3965,3924,0,0,0,1.0,1,1.0,1,1.0,1,0.24799052549765446,55
4907,3,7892,3965,3927,0,0,0,1.0,1,1.0,1,1.0,1,0.24043721981857544,52
4908,5,7897,3967,3930,0,0,0,1.0,1,1.0,1,1.0,1,0.25168551228732394,53
4909,1,7898,3967,3931,0,0,0,1.0,1,1.0,1,1.0,1,0.23569117702163328,52
4910,1,7899,3967,3932,0,0,0,1.0,1,1.0,1,1.0,1,0.23935820899743482,53
4911,1,7900,3967,3933,0,0,0,1.0,1,1.0,1,1.0,1,0.23851769975397616,55
4912,0,7900,3967,3933,0,0,0,1.0,1,1.0,1,1.0,1,0.22561849066626877,54
4913,2,7902,3967,3935,0,0,0,1.0,1,1.0,1,1.0,1,0.19438620135015958,53
4914,0,7902,3967,3935,0,0,0,1.0,1,1.0,1,1.0,1,0.22822479040052004,53
4915,1,7903,3968,3935,0,0,0,1.0,1,1.0,1,1.0,1,0.2325879767697675,54
4916,1,7904,3969,3935,0,0,0,1.0,1,1.0,1,1.0,1,0.25586954576976295,52
4917,2,7906,3969,3937,0,0,0,1.0,1,1.0,1,1.0,1,0.21250491866978533,52
4918,1,7907,3969,3938,0,0,0,1.0,1,1.0,1,1.0,1,0.23374626856231473,51
4919,0,7907,3969,3938,0,0,0,1.0,1,1.0,1,1.0,1,0.24864072351625166,50
4920,0,7907,3969,3938,0,0,0,1.0,1,1.0,1,1.0,1,0.2503553225254011,51
4921,2,7909,3970,3939,0,0,0,1.0,1,1.0,1,1.0,1,0.23799306332119452,51
4922,2,7911,3971,3940,0,0,0,1.0,1,1.0,1,1.0,1,0.2749682906370466,53
4923,2,7913,3972,3941,0,0,0,1.0,1,1.0,1,1.0,1,0.25576996033050836,53
4924,3,7916,3973,3943,0,0,0,1.0,1,1.0,1,1.0,1,0.2178643025824792,55
4925,2,7918,3975,3943,0,0,0,1.0,1,1.0,1,1.0,1,0.2115083062364582,56
4926,0,7918,3975,3943,0,0,0,1.0,1,1.0,1,1.0,1,0.20457925847543668,55
4927,5,7923,3977,3946,0,0,0,1.0,1,1.0,1,1.0,1,0.15290719135090486,55
4928,0,7923,3977,3946,0,0,0,1.0,1,1.0,1,1.0,1,0.15290719135090486,55
4929,1,7924,3977,3947,0,0,0,1.0,1,1.0,1,1.0,1,0.12457339800610921,56
4930,1,7925,3978,3947,0,0,0,1.0,1,1.0,1,1.0,1,0.16855659601328105,58
4931,0,7925,3978,3947,0,0,0,1.0,1,1.0,1,1.0,1,0.17128393474603995,59
4932,1,7926,3978,3948,0,0,0,1.0,1,1.0,1,1.0,1,0.1806816394204965,60
4933,0,7926,3978,3948,0,0,0,1.0,1,1.0,1,1.0,1,0.1806816394204965,60
4934,0,7926,3978,3948,0,0,0,1.0,1,1.0,1,1.0,1,0.1806816394204965,60
4935,1,7927,3978,3949,0,0,0,1.0,1,1.0,1,1.0,1,0.16952508533893487,60
4936,0,7927,3978,3949,0,0,0,1.0,1,1.0,1,1.0,1,0.17660489445335117,61
4937,2,7929,3978,3951,0,0,0,1.0,1,1.0,1,1.0,1,0.17223082796080885,62
4938,1,7930,3978,3952,0,0,0,1.0,1,1.0,1,1.0,1,0.1449350123941309,62
4939,4,7934,3981,3953,0,0,0,1.0,1,1.0,1,1.0,1,0.16522016391646335,64
4940,1,7935,3981,3954,0,0,0,1.0,1,1.0,1,1.0,1,0.1829737074651336,67
4941,1,7936,3981,3955,0,0,0,1.0,1,1.0,1,1.0,1,0.1730463781607234,66
4942,4,7940,3983,3957,0,0,0,1.0,1,1.0,1,1.0,1,0.16829495073953257,67
4943,3,7943,3984,3959,0,0,0,1.0,1,1.0,1,1.0,1,0.1746479411265497,65
4944,3,7946,3987,3959,0,0,0,1.0,1,1.0,1,1.0,1,0.20481832712331496,65
4945,2,7948,3989,3959,0,0,0,1.0,1,1.0,1,1.0,1,0.22211499020223882,62
4946,4,7952,3991,3961,0,0,0,1.0,1,1.0,1,1.0,1,0.18884310867464466,61
4947,1,7953,3991,3962,0,0,0,1.0,1,1.0,1,1.0,1,0.16481838730726717,59
4948,4,7957,3994,3963,0,0,0,1.0,1,1.0,1,1.0,1,0.18679594114581036,59
4949,2,7959,3995,3964,0,0,0,1.0,1,1.0,1,1.0,1,0.19252671754348905,57
4950,6,7965,4000,3965,0,0,0,1.0,1,1.0,1,1.0,1,0.21665086925639632,58
4951,5,7970,4004,3966,0,0,0,1.0,1,1.0,1,1.0,1,0.1688697099096469,55
4952,4,7974,4006,3968,0,0,0,1.0,1,1.0,1,1.0,1,0.22198159294390704,53
4953,6,7980,4009,3971,0,0,0,1.0,1,1.0,1,1.0,1,0.20823557980333016,54
4954,1,7981,4009,3972,0,0,0,1.0,1,1.0,1,1.0,1,0.16305441251367003,52
4955,1,7982,4010,3972,0,0,0,1.0,1,1.0,1,1.0,1,0.1780414698020365,51
4956,0,7982,4010,3972,0,0,0,1.0,1,1.0,1,1.0,1,0.20647047683317668,47
4957,2,7984,4011,3973,0,0,0,1.0,1,1.0,1,1.0,1,0.21048934496753668,48
4958,0,7984,4011,3973,0,0,0,1.0,1,1.0,1,1.0,1,0.20187726760895294,47
4959,0,7984,4011,3973,0,0,0,1.0,1,1.0,1,1.0,1,0.20187726760895294,47
4960,2,7986,4011,3975,0,0,0,1.0,1,1.0,1,1.0,1,0.17929286759651364,48
4961,2,7988,4013,3975,0,0,0,1.0,1,1.0,1,1.0,1,0.20124228291496501,49
4962,2,7990,4013,3977,0,0,0,1.0,1,1.0,1,1.0,1,0.17546731189782025,49
4963,2,7992,4013,3979,0,0,0,1.0,1,1.0,1,1.0,1,0.15765754246190253,51
4964,0,7992,4013,3979,0,0,0,1.0,1,1.0,1,1.0,1,0.15765754246190253,51
4965,1,7993,4013,3980,0,0,0,1.0,1,1.0,1,1.0,1,0.14329288921173108,51
4966,0,7993,4013,3980,0,0,0,1.0,1,1.0,1,1.0,1,0.14329288921173108,51
4967,1,7994,4014,3980,0,0,0,1.0,1,1.0,1,1.0,1,0.16394472879434643,51
4968,3,7997,4016,3981,0,0,0,1.0,1,1.0,1,1.0,1,0.18139854918328266,52
4969,2,7999,4017,3982,0,0,0,1.0,1,1.0,1,1.0,1,0.20446489991914246,53
4970,3,8002,4019,3983,0,0,0,1.0,1,1.0,1,1.0,1,0.22580135721194455,54
4971,4,8006,4019,3987,0,0,0,1.0,1,1.0,1,1.0,1,0.17004264683119588,55
4972,1,8007,4019,3988,0,0,0,1.0,1,1.0,1,1.0,1,0.19415619013567997,56
4973,1,8008,4020,3988,0,0,0,1.0,1,1.0,1,1.0,1,0.18958507433040347,57
4974,1,8009,4021,3988,0,0,0,1.0,1,1.0,1,1.0,1,0.2333676704909667,56
4975,2,8011,4021,3990,0,0,0,1.0,1,1.0,1,1.0,1,0.20500169167811716,57
4976,2,8013,4021,3992,0,0,0,1.0,1,1.0,1,1.0,1,0.19187335316001508,57
4977,1,8014,4021,3993,0,0,0,1.0,1,1.0,1,1.0,1,0.17105088296060814,57
4978,2,8016,4023,3993,0,0,0,1.0,1,1.0,1,1.0,1,0.2055059635535514,58
4979,2,8018,4024,3994,0,0,0,1.0,1,1.0,1,1.0,1,0.20649881779633958,58
4980,6,8024,4025,3999,0,0,0,1.0,1,1.0,1,1.0,1,0.1597776081083631,59
4981,2,8026,4026,4000,0,0,0,1.0,1,1.0,1,1.0,1,0.18299554957191605,60
4982,2,8028,4026,4002,0,0,0,1.0,1,1.0,1,1.0,1,0.13155238627598756,61
4983,5,8033,4029,4004,0,0,0,1.0,1,1.0,1,1.0,1,0.12003259112711777,61
4984,2,8035,4031,4004,0,0,0,1.0,1,1.0,1,1.0,1,0.14558614556837543,59
4985,2,8037,4031,4006,0,0,0,1.0,1,1.0,1,1.0,1,0.1222080785804762,58
4986,2,8039,4032,4007,0,0,0,1.0,1,1.0,1,1.0,1,0.12070264139418892,59
4987,2,8041,4033,4008,0,0,0,1.0,1,1.0,1,1.0,1,0.13136748129593195,58
4988,2,8043,4035,4008,0,0,0,1.0,1,1.0,1,1.0,1,0.15674813198927745,57
4989,2,8045,4036,4009,0,0,0,1.0,1,1.0,1,1.0,1,0.15505701388421866,54
4990,2,8047,4037,4010,0,0,0,1.0,1,1.0,1,1.0,1,0.15405967815648836,53
4991,8,8055,4042,4013,0,0,0,1.0,1,1.0,1,1.0,1,0.21134097074787028,52
4992,5,8060,4045,4015,0,0,0,1.0,1,1.0,1,1.0,1,0.18714114968905046,48
4993,3,8063,4046,4017,0,0,0,1.0,1,1.0,1,1.0,1,0.15530687412239286,48
4994,1,8064,4047,4017,0,0,0,1.0,1,1.0,1,1.0,1,0.17954397274486236,45
4995,2,8066,4048,4018,0,0,0,1.0,1,1.0,1,1.0,1,0.14369128994163075,45
4996,2,8068,4050,4018,0,0,0,1.0,1,1.0,1,1.0,1,0.16804670042909994,45
4997,1,8069,4051,4018,0,0,0,1.0,1,1.0,1,1.0,1,0.18703461805183863,42
4998,1,8070,4052,4018,0,0,0,1.0,1,1.0,1,1.0,1,0.228451172446311,44
4999,3,8073,4054,4019,0,0,0,1.0,1,1.0,1,1.0,1,0.288572275778665,44
5000,0,8073,4054,4019,0,0,0,1.0,1,1.0,1,1.0,1,0.28673975181576344,42
5001,1,8074,4055,4019,0,0,0,1.0,1,1.0,1,1.0,1,0.2951714226638595,42
5002,2,8076,4056,4020,0,0,0,1.0,1,1.0,1,1.0,1,0.2862395926689458,41
5003,2,8078,4057,4021,0,0,0,1.0,1,1.0,1,1.0,1,0.29076428735112075,41
5004,1,8079,4058,4021,0,0,0,1.0,1,1.0,1,1.0,1,0.3207254743642913,41
5005,2,8081,4058,4023,0,0,0,1.0,1,1.0,1,1.0,1,0.27341703084181007,41
5006,1,8082,4058,4024,0,0,0,1.0,1,1.0,1,1.0,1,0.24089136854162943,42
5007,0,8082,4058,4024,0,0,0,1.0,1,1.0,1,1.0,1,0.24414929624667445,43
5008,0,8082,4058,4024,0,0,0,1.0,1,1.0,1,1.0,1,0.23079361884223637,46
5009,0,8082,4058,4024,0,0,0,1.0,1,1.0,1,1.0,1,0.23079361884223637,46
5010,0,8082,4058,4024,0,0,0,1.0,1,1.0,1,1.0,1,0.24843617082932798,46
5011,0,8082,4058,4024,0,0,0,1.0,1,1.0,1,1.0,1,0.25909243475370464,47
5012,0,8082,4058,4024,0,0,0,1.0,1,1.0,1,1.0,1,0.26686277288945925,48
5013,0,8082,4058,4024,0,0,0,1.0,1,1.0,1,1.0,1,0.26686277288945925,48
5014,0,8082,4058,4024,0,0,0,1.0,1,1.0,1,1.0,1,0.2661205859467044,49
5015,1,8083,4058,4025,0,0,0,1.0,1,1.0,1,1.0,1,0.24901745289630708,50
5016,5,8088,4060,4028,0,0,0,1.0,1,1.0,1,1.0,1,0.27441993442355817,51
5017,0,8088,4060,4028,0,0,0,1.0,1,1.0,1,1.0,1,0.27441993442355817,51
5018,1,8089,4061,4028,0,0,0,1.0,1,1.0,1,1.0,1,0.2644463187501085,51
5019,4,8093,4062,4031,0,0,0,1.0,1,1.0,1,1.0,1,0.24695800195814732,51
5020,0,8093,4062,4031,0,0,0,1.0,1,1.0,1,1.0,1,0.24695800195814732,51
5021,1,8094,4062,4032,0,0,0,1.0,1,1.0,1,1.0,1,0.2533636887101247,52
5022,4,8098,4064,4034,0,0,0,1.0,1,1.0,1,1.0,1,0.25243255207764165,52
5023,4,8102,4067,4035,0,0,0,1.0,1,1.0,1,1.0,1,0.2808005962001292,52
5024,4,8106,4069,4037,0,0,0,1.0,1,1.0,1,1.0,1,0.27179264609649767,51
5025,0,8106,4069,4037,0,0,0,1.0,1,1.0,1,1.0,1,0.25811136620101044,50
5026,2,8108,4070,4038,0,0,0,1.0,1,1.0,1,1.0,1,0.24587246603201143,49
5027,3,8111,4071,4040,0,0,0,1.0,1,1.0,1,1.0,1,0.2695903650991494,47
5028,3,8114,4073,4041,0,0,0,1.0,1,1.0,1,1.0,1,0.3088712065419092,47
5029,2,8116,4075,4041,0,0,0,1.0,1,1.0,1,1.0,1,0.3200975290060121,46
5030,2,8118,4075,4043,0,0,0,1.0,1,1.0,1,1.0,1,0.28640240865032907,48
5031,4,8122,4076,4046,0,0,0,1.0,1,1.0,1,1.0,1,0.25729305518732737,46
5032,1,8123,4077,4046,0,0,0,1.0,1,1.0,1,1.0,1,0.2909665655518069,46
5033,2,8125,4078,4047,0,0,0,1.0,1,1.0,1,1.0,1,0.29023446333164815,47
5034,1,8126,4079,4047,0,0,0,1.0,1,1.0,1,1.0,1,0.29733902586017386,48
5035,1,8127,4079,4048,0,0,0,1.0,1,1.0,1,1.0,1,0.27844235792870337,47
5036,1,8128,4080,4048,0,0,0,1.0,1,1.0,1,1.0,1,0.29884779626862634,47
5037,1,8129,4080,4049,0,0,0,1.0,1,1.0,1,1.0,1,0.2758958904431696,47
5038,1,8130,4081,4049,0,0,0,1.0,1,1.0,1,1.0,1,0.3102075443481538,48
5039,1,8131,4081,4050,0,0,0,1.0,1,1.0,1,1.0,1,0.28068742468653884,47
5040,0,8131,4081,4050,0,0,0,1.0,1,1.0,1,1.0,1,0.29033181913346273,48
5041,0,8131,4081,4050,0,0,0,1.0,1,1.0,1,1.0,1,0.28911017585967913,49
5042,2,8133,4081,4052,0,0,0,1.0,1,1.0,1,1.0,1,0.29198102308064916,50
5043,0,8133,4081,4052,0,0,0,1.0,1,1.0,1,1.0,1,0.27629298536992963,51
5044,1,8134,4081,4053,0,0,0,1.0,1,1.0,1,1.0,1,0.25844547939505436,51
5045,1,8135,4082,4053,0,0,0,1.0,1,1.0,1,1.0,1,0.2591712736245161,51
5046,1,8136,4083,4053,0,0,0,1.0,1,1.0,1,1.0,1,0.2783486479202788,52
5047,1,8137,4083,4054,0,0,0,1.0,1,1.0,1,1.0,1,0.2797164309490707,52
5048,0,8137,4083,4054,0,0,0,1.0,1,1.0,1,1.0,1,0.2797164309490707,52
5049,1,8138,4083,4055,0,0,0,1.0,1,1.0,1,1.0,1,0.29781296450384775,52
5050,2,8140,4084,4056,0,0,0,1.0,1,1.0,1,1.0,1,0.3105300754935419,55
5051,3,8143,4084,4059,0,0,0,1.0,1,1.0,1,1.0,1,0.27908591701634006,55
5052,0,8143,4084,4059,0,0,0,1.0,1,1.0,1,1.0,1,0.27908591701634006,55
5053,2,8145,4084,4061,0,0,0,1.0,1,1.0,1,1.0,1,0.2672159060151544,54
5054,1,8146,4085,4061,0,0,0,1.0,1,1.0,1,1.0,1,0.2743386265098298,54
5055,5,8151,4085,4066,0,0,0,1.0,1,1.0,1,1.0,1,0.23966481229490993,54
5056,1,8152,4085,4067,0,0,0,1.0,1,1.0,1,1.0,1,0.2368700868367289,55
5057,3,8155,4085,4070,0,0,0,1.0,1,1.0,1,1.0,1,0.2222474425434068,56
5058,0,8155,4085,4070,0,0,0,1.0,1,1.0,1,1.0,1,0.22818065185428005,58
5059,0,8155,4085,4070,0,0,0,1.0,1,1.0,1,1.0,1,0.22818065185428005,58
5060,3,8158,4086,4072,0,0,0,1.0,1,1.0,1,1.0,1,0.20417145654295327,59
5061,1,8159,4086,4073,0,0,0,1.0,1,1.0,1,1.0,1,0.17014961000696474,58
5062,1,8160,4087,4073,0,0,0,1.0,1,1.0,1,1.0,1,0.19370126836474266,58
5063,4,8164,4090,4074,0,0,0,1.0,1,1.0,1,1.0,1,0.21234942913266547,57
5064,3,8167,4093,4074,0,0,0,1.0,1,1.0,1,1.0,1,0.24857766218695454,57
5065,4,8171,4096,4075,0,0,0,1.0,1,1.0,1,1.0,1,0.2580366246818711,56
5066,3,8174,4097,4077,0,0,0,1.0,1,1.0,1,1.0,1,0.24522457532245553,55
5067,2,8176,4098,4078,0,0,0,1.0,1,1.0,1,1.0,1,0.23412036517202897,54
5068,3,8179,4100,4079,0,0,0,1.0,1,1.0,1,1.0,1,0.23263617348231827,54
5069,3,8182,4102,4080,0,0,0,1.0,1,1.0,1,1.0,1,0.2309694981108391,53
5070,0,8182,4102,4080,0,0,0,1.0,1,1.0,1,1.0,1,0.23420069374568978,53
5071,1,8183,4102,4081,0,0,0,1.0,1,1.0,1,1.0,1,0.22246414369180198,53
5072,0,8183,4102,4081,0,0,0,1.0,1,1.0,1,1.0,1,0.21557227878317772,53
5073,1,8184,4102,4082,0,0,0,1.0,1,1.0,1,1.0,1,0.2045738488913795,53
5074,0,8184,4102,4082,0,0,0,1.0,1,1.0,1,1.0,1,0.21608681604798322,52
5075,1,8185,4102,4083,0,0,0,1.0,1,1.0,1,1.0,1,0.20564111318993197,52
5076,2,8187,4103,4084,0,0,0,1.0,1,1.0,1,1.0,1,0.22600835259884786,55
5077,5,8192,4104,4088,0,0,0,1.0,1,1.0,1,1.0,1,0.20733934650414554,55
5078,0,8192,4104,4088,0,0,0,1.0,1,1.0,1,1.0,1,0.20733934650414554,55
5079,0,8192,4104,4088,0,0,0,1.0,1,1.0,1,1.0,1,0.2252937711586029,54
5080,1,8193,4105,4088,0,0,0,1.0,1,1.0,1,1.0,1,0.24201872935237184,55
5081,1,8194,4105,4089,0,0,0,1.0,1,1.0,1,1.0,1,0.23306460941964788,57
5082,0,8194,4105,4089,0,0,0,1.0,1,1.0,1,1.0,1,0.23306460941964788,57
5083,3,8197,4105,4092,0,0,0,1.0,1,1.0,1,1.0,1,0.19340865930142695,58
5084,3,8200,4105,4095,0,0,0,1.0,1,1.0,1,1.0,1,0.1749993329326401,58
5085,2,8202,4105,4097,0,0,0,1.0,1,1.0,1,1.0,1,0.14090372760472106,59
5086,2,8204,4106,4098,0,0,0,1.0,1,1.0,1,1.0,1,0.13686371458813712,60
5087,2,8206,4107,4099,0,0,0,1.0,1,1.0,1,1.0,1,0.15847402378285994,61
5088,3,8209,4109,4100,0,0,0,1.0,1,1.0,1,1.0,1,0.18172317130501006,62
5089,5,8214,4113,4101,0,0,0,1.0,1,1.0,1,1.0,1,0.1759620947690944,63
5090,2,8216,4114,4102,0,0,0,1.0,1,1.0,1,1.0,1,0.17397625089479404,63
5091,2,8218,4116,4102,0,0,0,1.0,1,1.0,1,1.0,1,0.2201598560591161,63
5092,2,8220,4117,4103,0,0,0,1.0,1,1.0,1,1.0,1,0.2439779552076978,63
5093,3,8223,4117,4106,0,0,0,1.0,1,1.0,1,1.0,1,0.21028765358783608,63
5094,1,8224,4118,4106,0,0,0,1.0,1,1.0,1,1.0,1,0.20419353417550165,64
5095,0,8224,4118,4106,0,0,0,1.0,1,1.0,1,1.0,1,0.20419353417550165,64
5096,4,8228,4119,4109,0,0,0,1.0,1,1.0,1,1.0,1,0.17089016646995409,67
5097,0,8228,4119,4109,0,0,0,1.0,1,1.0,1,1.0,1,0.17974378232941737,67
5098,1,8229,4120,4109,0,0,0,1.0,1,1.0,1,1.0,1,0.16531649763741993,68
5099,2,8231,4120,4111,0,0,0,1.0,1,1.0,1,1.0,1,0.158738372170187,70
5100,1,8232,4121,4111,0,0,0,1.0,1,1.0,1,1.0,1,0.16064004951837438,71
5101,3,8235,4122,4113,0,0,0,1.0,1,1.0,1,1.0,1,0.15238380670508875,71
5102,3,8238,4125,4113,0,0,0,1.0,1,1.0,1,1.0,1,0.19969341865013857,70
5103,0,8238,4125,4113,0,0,0,1.0,1,1.0,1,1.0,1,0.16139279122071998,67
5104,2,8240,4126,4114,0,0,0,1.0,1,1.0,1,1.0,1,0.17499548312659355,67
5105,3,8243,4128,4115,0,0,0,1.0,1,1.0,1,1.0,1,0.15738845912233781,63
5106,2,8245,4129,4116,0,0,0,1.0,1,1.0,1,1.0,1,0.16781138823278094,63
5107,6,8251,4135,4116,0,0,0,1.0,1,1.0,1,1.0,1,0.20152014993774728,60
5108,2,8253,4136,4117,0,0,0,1.0,1,1.0,1,1.0,1,0.20219154036959808,56
5109,5,8258,4139,4119,0,0,0,1.0,1,1.0,1,1.0,1,0.22971562102670023,56
5110,4,8262,4142,4120,0,0,0,1.0,1,1.0,1,1.0,1,0.20311070496066871,52
5111,6,8268,4145,4123,0,0,0,1.0,1,1.0,1,1.0,1,0.2160222815807408,51
5112,3,8271,4147,4124,0,0,0,1.0,1,1.0,1,1.0,1,0.19506375684086474,50
5113,5,8276,4149,4127,0,0,0,1.0,1,1.0,1,1.0,1,0.15849091323935674,48
5114,2,8278,4151,4127,0,0,0,1.0,1,1.0,1,1.0,1,0.15136424115227864,46
5115,1,8279,4151,4128,0,0,0,1.0,1,1.0,1,1.0,1,0.13435390297019761,44
5116,0,8279,4151,4128,0,0,0,1.0,1,1.0,1,1.0,1,0.1355513018620007,44
5117,0,8279,4151,4128,0,0,0,1.0,1,1.0,1,1.0,1,0.1355785639954326,46
5118,1,8280,4152,4128,0,0,0,1.0,1,1.0,1,1.0,1,0.131433442874364,46
5119,1,8281,4153,4128,0,0,0,1.0,1,1.0,1,1.0,1,0.13131136054485845,46
5120,2,8283,4155,4128,0,0,0,1.0,1,1.0,1,1.0,1,0.18773085236413278,46
5121,2,8285,4155,4130,0,0,0,1.0,1,1.0,1,1.0,1,0.15961528156189242,46
5122,1,8286,4156,4130,0,0,0,1.0,1,1.0,1,1.0,1,0.17922796622231366,46
5123,2,8288,4158,4130,0,0,0,1.0,1,1.0,1,1.0,1,0.22591467019549327,45
5124,4,8292,4160,4132,0,0,0,1.0,1,1.0,1,1.0,1,0.1983779452353025,47
5125,1,8293,4160,4133,0,0,0,1.0,1,1.0,1,1.0,1,0.21091966460202802,50
5126,2,8295,4161,4134,0,0,0,1.0,1,1.0,1,1.0,1,0.1768720411504821,50
5127,2,8297,4161,4136,0,0,0,1.0,1,1.0,1,1.0,1,0.1745705165241134,52
5128,2,8299,4162,4137,0,0,0,1.0,1,1.0,1,1.0,1,0.18455459874536162,53
5129,2,8301,4162,4139,0,0,0,1.0,1,1.0,1,1.0,1,0.17114406254926354,55
5130,1,8302,4163,4139,0,0,0,1.0,1,1.0,1,1.0,1,0.18023794512106683,55
5131,0,8302,4163,4139,0,0,0,1.0,1,1.0,1,1.0,1,0.19141593240336385,54
5132,0,8302,4163,4139,0,0,0,1.0,1,1.0,1,1.0,1,0.2154529144824083,54
5133,1,8303,4163,4140,0,0,0,1.0,1,1.0,1,1.0,1,0.19920153059169352,54
5134,0,8303,4163,4140,0,0,0,1.0,1,1.0,1,1.0,1,0.21744288402694945,53
5135,3,8306,4163,4143,0,0,0,1.0,1,1.0,1,1.0,1,0.17276529856533812,54
5136,0,8306,4163,4143,0,0,0,1.0,1,1.0,1,1.0,1,0.2139931697282761,54
5137,2,8308,4164,4144,0,0,0,1.0,1,1.0,1,1.0,1,0.19271321530230306,54
5138,1,8309,4165,4144,0,0,0,1.0,1,1.0,1,1.0,1,0.20128905263684818,54
5139,2,8311,4166,4145,0,0,0,1.0,1,1.0,1,1.0,1,0.1850335138380102,55
5140,6,8317,4170,4147,0,0,0,1.0,1,1.0,1,1.0,1,0.21158986825704248,55
5141,5,8322,4171,4151,0,0,0,1.0,1,1.0,1,1.0,1,0.11545576891370046,53
5142,2,8324,4173,4151,0,0,0,1.0,1,1.0,1,1.0,1,0.12508725427879547,54
5143,2,8326,4175,4151,0,0,0,1.0,1,1.0,1,1.0,1,0.13373860887092034,52
5144,4,8330,4178,4152,0,0,0,1.0,1,1.0,1,1.0,1,0.16193667276396692,50
5145,1,8331,4179,4152,0,0,0,1.0,1,1.0,1,1.0,1,0.1725717072564335,49
5146,1,8332,4180,4152,0,0,0,1.0,1,1.0,1,1.0,1,0.1982715077181612,49
5147,6,8338,4180,4158,0,0,0,1.0,1,1.0,1,1.0,1,0.1323242873901939,46
5148,2,8340,4181,4159,0,0,0,1.0,1,1.0,1,1.0,1,0.1678543275060554,46
5149,1,8341,4181,4160,0,0,0,1.0,1,1.0,1,1.0,1,0.1355321726382214,45
5150,3,8344,4184,4160,0,0,0,1.0,1,1.0,1,1.0,1,0.21043421847809846,47
5151,2,8346,4185,4161,0,0,0,1.0,1,1.0,1,1.0,1,0.1609775848921388,46
5152,1,8347,4186,4161,0,0,0,1.0,1,1.0,1,1.0,1,0.14264481237206564,46
5153,2,8349,4188,4161,0,0,0,1.0,1,1.0,1,1.0,1,0.17780642936066104,45
5154,4,8353,4190,4163,0,0,0,1.0,1,1.0,1,1.0,1,0.22683404740700452,47
5155,3,8356,4192,4164,0,0,0,1.0,1,1.0,1,1.0,1,0.2408923863051238,47
5156,2,8358,4193,4165,0,0,0,1.0,1,1.0,1,1.0,1,0.23704662559954615,47
5157,0,8358,4193,4165,0,0,0,1.0,1,1.0,1,1.0,1,0.22566337811622347,46
5158,0,8358,4193,4165,0,0,0,1.0,1,1.0,1,1.0,1,0.2317384280385339,47
5159,1,8359,4193,4166,0,0,0,1.0,1,1.0,1,1.0,1,0.2158745838716451,49
5160,0,8359,4193,4166,0,0,0,1.0,1,1.0,1,1.0,1,0.20898212491076726,48
5161,0,8359,4193,4166,0,0,0,1.0,1,1.0,1,1.0,1,0.20898212491076726,48
5162,1,8360,4193,4167,0,0,0,1.0,1,1.0,1,1.0,1,0.20328518747516727,49
5163,2,8362,4193,4169,0,0,0,1.0,1,1.0,1,1.0,1,0.18895179570649573,51
5164,0,8362,4193,4169,0,0,0,1.0,1,1.0,1,1.0,1,0.18895179570649573,51
5165,3,8365,4194,4171,0,0,0,1.0,1,1.0,1,1.0,1,0.1872345867376447,52
5166,3,8368,4196,4172,0,0,0,1.0,1,1.0,1,1.0,1,0.16421720915982144,52
5167,4,8372,4198,4174,0,0,0,1.0,1,1.0,1,1.0,1,0.14203163053842272,52
5168,0,8372,4198,4174,0,0,0,1.0,1,1.0,1,1.0,1,0.14203163053842272,52
5169,2,8374,4200,4174,0,0,0,1.0,1,1.0,1,1.0,1,0.16342720578553943,53
5170,0,8374,4200,4174,0,0,0,1.0,1,1.0,1,1.0,1,0.16342720578553943,53
5171,2,8376,4200,4176,0,0,0,1.0,1,1.0,1,1.0,1,0.1453996583690103,52
5172,1,8377,4201,4176,0,0,0,1.0,1,1.0,1,1.0,1,0.13807401616460888,53
5173,1,8378,4201,4177,0,0,0,1.0,1,1.0,1,1.0,1,0.14864695668931133,54
5174,2,8380,4201,4179,0,0,0,1.0,1,1.0,1,1.0,1,0.14184482721709513,56
5175,1,8381,4202,4179,0,0,0,1.0,1,1.0,1,1.0,1,0.16104332124132364,58
5176,1,8382,4203,4179,0,0,0,1.0,1,1.0,1,1.0,1,0.17054002314373393,58
5177,1,8383,4203,4180,0,0,0,1.0,1,1.0,1,1.0,1,0.17171059350868703,59
5178,3,8386,4206,4180,0,0,0,1.0,1,1.0,1,1.0,1,0.19694404857722111,57
5179,3,8389,4206,4183,0,0,0,1.0,1,1.0,1,1.0,1,0.15463438623694958,58
5180,2,8391,4207,4184,0,0,0,1.0,1,1.0,1,1.0,1,0.11809585141068293,56
5181,0,8391,4207,4184,0,0,0,1.0,1,1.0,1,1.0,1,0.10711061250761743,57
5182,3,8394,4210,4184,0,0,0,1.0,1,1.0,1,1.0,1,0.14607657725544995,56
5183,2,8396,4211,4185,0,0,0,1.0,1,1.0,1,1.0,1,0.1470025505242607,57
5184,4,8400,4214,4186,0,0,0,1.0,1,1.0,1,1.0,1,0.18990485834128085,56
5185,3,8403,4215,4188,0,0,0,1.0,1,1.0,1,1.0,1,0.17322554967286632,56
5186,2,8405,4217,4188,0,0,0,1.0,1,1.0,1,1.0,1,0.21897729883942726,54
5187,2,8407,4217,4190,0,0,0,1.0,1,1.0,1,1.0,1,0.214491448550088,51
5188,1,8408,4218,4190,0,0,0,1.0,1,1.0,1,1.0,1,0.22429994136196568,50
5189,1,8409,4218,4191,0,0,0,1.0,1,1.0,1,1.0,1,0.17997817137011762,49
5190,2,8411,4219,4192,0,0,0,1.0,1,1.0,1,1.0,1,0.19529959241594244,50
5191,2,8413,4219,4194,0,0,0,1.0,1,1.0,1,1.0,1,0.16172890014214247,50
5192,3,8416,4220,4196,0,0,0,1.0,1,1.0,1,1.0,1,0.10666309513488349,49
5193,1,8417,4220,4197,0,0,0,1.0,1,1.0,1,1.0,1,0.11561128489190861,50
5194,1,8418,4221,4197,0,0,0,1.0,1,1.0,1,1.0,1,0.1487814706550414,51
5195,1,8419,4222,4197,0,0,0,1.0,1,1.0,1,1.0,1,0.18441337133977262,51
5196,0,8419,4222,4197,0,0,0,1.0,1,1.0,1,1.0,1,0.18441337133977262,51
5197,1,8420,4222,4198,0,0,0,1.0,1,1.0,1,1.0,1,0.16680429704123517,51
5198,0,8420,4222,4198,0,0,0,1.0,1,1.0,1,1.0,1,0.16680429704123517,51
5199,1,8421,4222,4199,0,0,0,1.0,1,1.0,1,1.0,1,0.1570854568148149,54
5200,1,8422,4223,4199,0,0,0,1.0,1,1.0,1,1.0,1,0.14329909437884686,54
5201,3,8425,4225,4200,0,0,0,1.0,1,1.0,1,1.0,1,0.15170977220526313,55
5202,0,8425,4225,4200,0,0,0,1.0,1,1.0,1,1.0,1,0.16852927124663328,56
5203,2,8427,4226,4201,0,0,0,1.0,1,1.0,1,1.0,1,0.13115234844333495,56
5204,1,8428,4226,4202,0,0,0,1.0,1,1.0,1,1.0,1,0.13822192864479324,58
5205,0,8428,4226,4202,0,0,0,1.0,1,1.0,1,1.0,1,0.13822192864479324,58
5206,0,8428,4226,4202,0,0,0,1.0,1,1.0,1,1.0,1,0.13822192864479324,58
5207,3,8431,4228,4203,0,0,0,1.0,1,1.0,1,1.0,1,0.13184137937142676,59
5208,0,8431,4228,4203,0,0,0,1.0,1,1.0,1,1.0,1,0.1487548498693525,58
5209,1,8432,4228,4204,0,0,0,1.0,1,1.0,1,1.0,1,0.12624010897318036,58
5210,0,8432,4228,4204,0,0,0,1.0,1,1.0,1,1.0,1,0.13862597159500747,57
5211,0,8432,4228,4204,0,0,0,1.0,1,1.0,1,1.0,1,0.13862597159500747,57
5212,1,8433,4228,4205,0,0,0,1.0,1,1.0,1,1.0,1,0.14217971072709512,59
5213,2,8435,4230,4205,0,0,0,1.0,1,1.0,1,1.0,1,0.17524258379734658,59
5214,4,8439,4232,4207,0,0,0,1.0,1,1.0,1,1.0,1,0.21981239670191396,59
5215,3,8442,4233,4209,0,0,0,1.0,1,1.0,1,1.0,1,0.22547029600779278,58
5216,2,8444,4233,4211,0,0,0,1.0,1,1.0,1,1.0,1,0.19214212200768052,59
5217,3,8447,4235,4212,0,0,0,1.0,1,1.0,1,1.0,1,0.18594758701935707,58
5218,4,8451,4238,4213,0,0,0,1.0,1,1.0,1,1.0,1,0.23228862717405918,58
5219,1,8452,4238,4214,0,0,0,1.0,1,1.0,1,1.0,1,0.18913107423206682,57
5220,3,8455,4239,4216,0,0,0,1.0,1,1.0,1,1.0,1,0.21574572363022393,56
5221,3,8458,4241,4217,0,0,0,1.0,1,1.0,1,1.0,1,0.20461671261061268,58
5222,4,8462,4243,4219,0,0,0,1.0,1,1.0,1,1.0,1,0.19292386081602603,56
5223,1,8463,4244,4219,0,0,0,1.0,1,1.0,1,1.0,1,0.2452116209427958,55
5224,2,8465,4244,4221,0,0,0,1.0,1,1.0,1,1.0,1,0.23100042732413525,56
5225,1,8466,4244,4222,0,0,0,1.0,1,1.0,1,1.0,1,0.21987681356820288,55
5226,1,8467,4245,4222,0,0,0,1.0,1,1.0,1,1.0,1,0.2210397155564209,55
5227,1,8468,4246,4222,0,0,0,1.0,1,1.0,1,1.0,1,0.24097377065019274,53
5228,0,8468,4246,4222,0,0,0,1.0,1,1.0,1,1.0,1,0.23343199542083026,51
5229,3,8471,4247,4224,0,0,0,1.0,1,1.0,1,1.0,1,0.2392963825528336,51
5230,0,8471,4247,4224,0,0,0,1.0,1,1.0,1,1.0,1,0.2393646477370699,51
5231,4,8475,4248,4227,0,0,0,1.0,1,1.0,1,1.0,1,0.22130802840594174,52
5232,2,8477,4249,4228,0,0,0,1.0,1,1.0,1,1.0,1,0.25680991044061946,52
5233,2,8479,4249,4230,0,0,0,1.0,1,1.0,1,1.0,1,0.2623347556289194,53
5234,1,8480,4250,4230,0,0,0,1.0,1,1.0,1,1.0,1,0.3007803650363702,53
5235,3,8483,4251,4232,0,0,0,1.0,1,1.0,1,1.0,1,0.285883587721264,53
5236,3,8486,4253,4233,0,0,0,1.0,1,1.0,1,1.0,1,0.253952914540674,52
5237,1,8487,4253,4234,0,0,0,1.0,1,1.0,1,1.0,1,0.26542483714040904,52
5238,6,8493,4255,4238,0,0,0,1.0,1,1.0,1,1.0,1,0.2185929568926963,52
5239,0,8493,4255,4238,0,0,0,1.0,1,1.0,1,1.0,1,0.22898492547454494,51
5240,0,8493,4255,4238,0,0,0,1.0,1,1.0,1,1.0,1,0.24479180021818367,53
5241,0,8493,4255,4238,0,0,0,1.0,1,1.0,1,1.0,1,0.2637936222251522,53
5242,1,8494,4255,4239,0,0,0,1.0,1,1.0,1,1.0,1,0.26161210248070693,51
5243,1,8495,4255,4240,0,0,0,1.0,1,1.0,1,1.0,1,0.2515211078986437,51
5244,2,8497,4256,4241,0,0,0,1.0,1,1.0,1,1.0,1,0.26416482585974516,52
5245,2,8499,4256,4243,0,0,0,1.0,1,1.0,1,1.0,1,0.2373374605484207,53
5246,4,8503,4260,4243,0,0,0,1.0,1,1.0,1,1.0,1,0.2429752435029148,53
5247,3,8506,4260,4246,0,0,0,1.0,1,1.0,1,1.0,1,0.2293697007446644,54
5248,0,8506,4260,4246,0,0,0,1.0,1,1.0,1,1.0,1,0.2160379308217072,54
5249,2,8508,4261,4247,0,0,0,1.0,1,1.0,1,1.0,1,0.2030137732711347,55
5250,2,8510,4261,4249,0,0,0,1.0,1,1.0,1,1.0,1,0.21067231448014126,57
5251,1,8511,4261,4250,0,0,0,1.0,1,1.0,1,1.0,1,0.19826287281995977,58
5252,0,8511,4261,4250,0,0,0,1.0,1,1.0,1,1.0,1,0.19826287281995977,58
5253,5,8516,4264,4252,0,0,0,1.0,1,1.0,1,1.0,1,0.2234369608559229,58
5254,1,8517,4264,4253,0,0,0,1.0,1,1.0,1,1.0,1,0.22127106041300165,59
5255,4,8521,4268,4253,0,0,0,1.0,1,1.0,1,1.0,1,0.2495551386448443,58
5256,0,8521,4268,4253,0,0,0,1.0,1,1.0,1,1.0,1,0.2755137612296548,58
5257,1,8522,4268,4254,0,0,0,1.0,1,1.0,1,1.0,1,0.2648707086623406,57
5258,0,8522,4268,4254,0,0,0,1.0,1,1.0,1,1.0,1,0.24735305243493555,55
5259,0,8522,4268,4254,0,0,0,1.0,1,1.0,1,1.0,1,0.24437466252143814,56
5260,0,8522,4268,4254,0,0,0,1.0,1,1.0,1,1.0,1,0.23767637682732148,55
5261,0,8522,4268,4254,0,0,0,1.0,1,1.0,1,1.0,1,0.24565977054259228,54
5262,1,8523,4269,4254,0,0,0,1.0,1,1.0,1,1.0,1,0.268626199129256,54
5263,6,8529,4273,4256,0,0,0,1.0,1,1.0,1,1.0,1,0.27582088548317935,55
5264,3,8532,4275,4257,0,0,0,1.0,1,1.0,1,1.0,1,0.3169177437070897,53
5265,5,8537,4278,4259,0,0,0,1.0,1,1.0,1,1.0,1,0.29296887011423167,52
5266,1,8538,4279,4259,0,0,0,1.0,1,1.0,1,1.0,1,0.29760085874779046,49
5267,2,8540,4280,4260,0,0,0,1.0,1,1.0,1,1.0,1,0.300906346626622,49
5268,3,8543,4281,4262,0,0,0,1.0,1,1.0,1,1.0,1,0.28922222353416777,46
5269,1,8544,4282,4262,0,0,0,1.0,1,1.0,1,1.0,1,0.29462121622510323,45
5270,6,8550,4285,4265,0,0,0,1.0,1,1.0,1,1.0,1,0.25448944679970503,46
5271,4,8554,4286,4268,0,0,0,1.0,1,1.0,1,1.0,1,0.2576087859295882,46
5272,1,8555,4286,4269,0,0,0,1.0,1,1.0,1,1.0,1,0.2441580876117127,45
5273,5,8560,4290,4270,0,0,0,1.0,1,1.0,1,1.0,1,0.24899829587718617,45
5274,1,8561,4290,4271,0,0,0,1.0,1,1.0,1,1.0,1,0.23400769088841616,45
5275,6,8567,4293,4274,0,0,0,1.0,1,1.0,1,1.0,1,0.2026770024669912,46
5276,3,8570,4295,4275,0,0,0,1.0,1,1.0,1,1.0,1,0.20224029710369065,45
5277,0,8570,4295,4275,0,0,0,1.0,1,1.0,1,1.0,1,0.20206419350510477,45
5278,2,8572,4297,4275,0,0,0,1.0,1,1.0,1,1.0,1,0.24739020988091134,44
5279,1,8573,4298,4275,0,0,0,1.0,1,1.0,1,1.0,1,0.29091817210776233,45
5280,2,8575,4298,4277,0,0,0,1.0,1,1.0,1,1.0,1,0.27528510978095505,46
5281,1,8576,4298,4278,0,0,0,1.0,1,1.0,1,1.0,1,0.2564156870939166,46
5282,0,8576,4298,4278,0,0,0,1.0,1,1.0,1,1.0,1,0.26164016852928706,47
5283,1,8577,4298,4279,0,0,0,1.0,1,1.0,1,1.0,1,0.2565181123158912,48
5284,1,8578,4298,4280,0,0,0,1.0,1,1.0,1,1.0,1,0.23373220060474817,48
5285,0,8578,4298,4280,0,0,0,1.0,1,1.0,1,1.0,1,0.2144156973448449,48
5286,1,8579,4298,4281,0,0,0,1.0,1,1.0,1,1.0,1,0.21114354300805482,50
5287,0,8579,4298,4281,0,0,0,1.0,1,1.0,1,1.0,1,0.21114354300805482,50
5288,0,8579,4298,4281,0,0,0,1.0,1,1.0,1,1.0,1,0.21167981079857212,51
5289,0,8579,4298,4281,0,0,0,1.0,1,1.0,1,1.0,1,0.21167981079857212,51
5290,1,8580,4298,4282,0,0,0,1.0,1,1.0,1,1.0,1,0.21091684940120597,52
5291,3,8583,4299,4284,0,0,0,1.0,1,1.0,1,1.0,1,0.21563326916358347,52
5292,0,8583,4299,4284,0,0,0,1.0,1,1.0,1,1.0,1,0.2255974106377102,53
5293,1,8584,4300,4284,0,0,0,1.0,1,1.0,1,1.0,1,0.2912007524904344,51
5294,1,8585,4301,4284,0,0,0,1.0,1,1.0,1,1.0,1,0.2955677717688122,50
5295,0,8585,4301,4284,0,0,0,1.0,1,1.0,1,1.0,1,0.3086871451971122,49
5296,2,8587,4303,4284,0,0,0,1.0,1,1.0,1,1.0,1,0.36107586822241733,48
5297,0,8587,4303,4284,0,0,0,1.0,1,1.0,1,1.0,1,0.3777498260863709,46
5298,1,8588,4303,4285,0,0,0,1.0,1,1.0,1,1.0,1,0.36820833623681487,46
5299,0,8588,4303,4285,0,0,0,1.0,1,1.0,1,1.0,1,0.37298288807148283,47
5300,0,8588,4303,4285,0,0,0,1.0,1,1.0,1,1.0,1,0.35406428429476783,48
5301,0,8588,4303,4285,0,0,0,1.0,1,1.0,1,1.0,1,0.35406428429476783,48
5302,5,8593,4307,4286,0,0,0,1.0,1,1.0,1,1.0,1,0.34915709066739414,49
5303,6,8599,4309,4290,0,0,0,1.0,1,1.0,1,1.0,1,0.32395160892364827,48
5304,1,8600,4310,4290,0,0,0,1.0,1,1.0,1,1.0,1,0.33233921251436,48
5305,2,8602,4311,4291,0,0,0,1.0,1,1.0,1,1.0,1,0.31122457753398275,47
5306,3,8605,4313,4292,0,0,0,1.0,1,1.0,1,1.0,1,0.328815639750954,48
5307,2,8607,4314,4293,0,0,0,1.0,1,1.0,1,1.0,1,0.2954777500167716,48
5308,1,8608,4314,4294,0,0,0,1.0,1,1.0,1,1.0,1,0.27358282491657887,47
5309,1,8609,4315,4294,0,0,0,1.0,1,1.0,1,1.0,1,0.3027073208290068,46
5310,2,8611,4316,4295,0,0,0,1.0,1,1.0,1,1.0,1,0.2981119504363476,46
5311,4,8615,4317,4298,0,0,0,1.0,1,1.0,1,1.0,1,0.28470363477880695,46
5312,2,8617,4318,4299,0,0,0,1.0,1,1.0,1,1.0,1,0.30671194736696805,46
5313,2,8619,4318,4301,0,0,0,1.0,1,1.0,1,1.0,1,0.27033997624595413,46
5314,1,8620,4318,4302,0,0,0,1.0,1,1.0,1,1.0,1,0.2557801823667439,46
5315,5,8625,4319,4306,0,0,0,1.0,1,1.0,1,1.0,1,0.24449330331854974,47
5316,1,8626,4319,4307,0,0,0,1.0,1,1.0,1,1.0,1,0.25467566343766385,48
5317,4,8630,4319,4311,0,0,0,1.0,1,1.0,1,1.0,1,0.18880086713743627,49
5318,5,8635,4322,4313,0,0,0,1.0,1,1.0,1,1.0,1,0.1446818914659417,49
5319,1,8636,4323,4313,0,0,0,1.0,1,1.0,1,1.0,1,0.18182344933247352,50
5320,3,8639,4324,4315,0,0,0,1.0,1,1.0,1,1.0,1,0.1881485139785492,51
5321,0,8639,4324,4315,0,0,0,1.0,1,1.0,1,1.0,1,0.16407445952952604,52
5322,1,8640,4324,4316,0,0,0,1.0,1,1.0,1,1.0,1,0.16768191137853294,53
5323,0,8640,4324,4316,0,0,0,1.0,1,1.0,1,1.0,1,0.16736127212293994,53
5324,2,8642,4325,4317,0,0,0,1.0,1,1.0,1,1.0,1,0.18532460864236058,55
5325,1,8643,4326,4317,0,0,0,1.0,1,1.0,1,1.0,1,0.19290352065256552,55
5326,1,8644,4327,4317,0,0,0,1.0,1,1.0,1,1.0,1,0.17147353015972203,55
5327,1,8645,4327,4318,0,0,0,1.0,1,1.0,1,1.0,1,0.17400312728330689,56
5328,3,8648,4330,4318,0,0,0,1.0,1,1.0,1,1.0,1,0.1931414886227722,57
5329,4,8652,4330,4322,0,0,0,1.0,1,1.0,1,1.0,1,0.1104221084496083,57
5330,0,8652,4330,4322,0,0,0,1.0,1,1.0,1,1.0,1,0.09708808084394706,56
5331,0,8652,4330,4322,0,0,0,1.0,1,1.0,1,1.0,1,0.10998260249178839,57
5332,0,8652,4330,4322,0,0,0,1.0,1,1.0,1,1.0,1,0.11968674101842683,58
5333,0,8652,4330,4322,0,0,0,1.0,1,1.0,1,1.0,1,0.13172975738277126,59
5334,1,8653,4331,4322,0,0,0,1.0,1,1.0,1,1.0,1,0.14266550383756688,59
5335,0,8653,4331,4322,0,0,0,1.0,1,1.0,1,1.0,1,0.15901369266291343,58
5336,0,8653,4331,4322,0,0,0,1.0,1,1.0,1,1.0,1,0.16654635110867871,59
5337,0,8653,4331,4322,0,0,0,1.0,1,1.0,1,1.0,1,0.17786180654020242,60
5338,0,8653,4331,4322,0,0,0,1.0,1,1.0,1,1.0,1,0.17786180654020242,60
5339,0,8653,4331,4322,0,0,0,1.0,1,1.0,1,1.0,1,0.17786180654020242,60
5340,3,8656,4333,4323,0,0,0,1.0,1,1.0,1,1.0,1,0.21160325139921807,60
5341,2,8658,4333,4325,0,0,0,1.0,1,1.0,1,1.0,1,0.17908920426553818,61
5342,2,8660,4335,4325,0,0,0,1.0,1,1.0,1,1.0,1,0.22881957639817346,59
5343,5,8665,4337,4328,0,0,0,1.0,1,1.0,1,1.0,1,0.18394530624400487,58
5344,2,8667,4339,4328,0,0,0,1.0,1,1.0,1,1.0,1,0.23747990442490316,58
5345,5,8672,4343,4329,0,0,0,1.0,1,1.0,1,1.0,1,0.19435019322239258,54
5346,1,8673,4343,4330,0,0,0,1.0,1,1.0,1,1.0,1,0.1822268135283297,54
5347,4,8677,4347,4330,0,0,0,1.0,1,1.0,1,1.0,1,0.18731736352924444,54
5348,3,8680,4348,4332,0,0,0,1.0,1,1.0,1,1.0,1,0.16612899353206462,55
5349,4,8684,4349,4335,0,0,0,1.0,1,1.0,1,1.0,1,0.1628378768919849,56
5350,1,8685,4349,4336,0,0,0,1.0,1,1.0,1,1.0,1,0.18833814841996488,56
5351,1,8686,4350,4336,0,0,0,1.0,1,1.0,1,1.0,1,0.1712845945781098,57
5352,2,8688,4351,4337,0,0,0,1.0,1,1.0,1,1.0,1,0.20682598674358182,57
5353,2,8690,4352,4338,0,0,0,1.0,1,1.0,1,1.0,1,0.1668585613717994,57
5354,0,8690,4352,4338,0,0,0,1.0,1,1.0,1,1.0,1,0.1717295042414968,56
5355,2,8692,4352,4340,0,0,0,1.0,1,1.0,1,1.0,1,0.14014892025359893,57
5356,0,8692,4352,4340,0,0,0,1.0,1,1.0,1,1.0,1,0.15534851816678397,56
5357,2,8694,4352,4342,0,0,0,1.0,1,1.0,1,1.0,1,0.146167173816122,56
5358,0,8694,4352,4342,0,0,0,1.0,1,1.0,1,1.0,1,0.13426858797341207,57
5359,0,8694,4352,4342,0,0,0,1.0,1,1.0,1,1.0,1,0.13426858797341207,57
5360,1,8695,4353,4342,0,0,0,1.0,1,1.0,1,1.0,1,0.1597721850524239,55
5361,2,8697,4354,4343,0,0,0,1.0,1,1.0,1,1.0,1,0.17489137173451613,56
5362,1,8698,4355,4343,0,0,0,1.0,1,1.0,1,1.0,1,0.18464108205371202,57
5363,0,8698,4355,4343,0,0,0,1.0,1,1.0,1,1.0,1,0.18464108205371202,57
5364,2,8700,4355,4345,0,0,0,1.0,1,1.0,1,1.0,1,0.16866132916489168,58
5365,0,8700,4355,4345,0,0,0,1.0,1,1.0,1,1.0,1,0.1630447997754052,59
5366,6,8706,4358,4348,0,0,0,1.0,1,1.0,1,1.0,1,0.1560706348379567,60
5367,1,8707,4359,4348,0,0,0,1.0,1,1.0,1,1.0,1,0.1655578054104562,60
5368,1,8708,4360,4348,0,0,0,1.0,1,1.0,1,1.0,1,0.17717572305192175,58
5369,1,8709,4361,4348,0,0,0,1.0,1,1.0,1,1.0,1,0.17232502765666086,58
5370,1,8710,4362,4348,0,0,0,1.0,1,1.0,1,1.0,1,0.19017304181678457,57
5371,3,8713,4363,4350,0,0,0,1.0,1,1.0,1,1.0,1,0.19916469899011244,56
5372,3,8716,4366,4350,0,0,0,1.0,1,1.0,1,1.0,1,0.20241092329341345,55
5373,5,8721,4369,4352,0,0,0,1.0,1,1.0,1,1.0,1,0.20155929547211365,54
5374,1,8722,4370,4352,0,0,0,1.0,1,1.0,1,1.0,1,0.20269916101070462,53
5375,4,8726,4371,4355,0,0,0,1.0,1,1.0,1,1.0,1,0.20924785870119714,52
5376,3,8729,4371,4358,0,0,0,1.0,1,1.0,1,1.0,1,0.14741908843131069,52
5377,0,8729,4371,4358,0,0,0,1.0,1,1.0,1,1.0,1,0.15521206496127363,51
5378,3,8732,4373,4359,0,0,0,1.0,1,1.0,1,1.0,1,0.19583158502709977,52
5379,0,8732,4373,4359,0,0,0,1.0,1,1.0,1,1.0,1,0.17659043569018118,50
5380,6,8738,4376,4362,0,0,0,1.0,1,1.0,1,1.0,1,0.22683114459226683,51
5381,0,8738,4376,4362,0,0,0,1.0,1,1.0,1,1.0,1,0.20154145886429037,50
5382,1,8739,4376,4363,0,0,0,1.0,1,1.0,1,1.0,1,0.18256216906171496,48
5383,2,8741,4376,4365,0,0,0,1.0,1,1.0,1,1.0,1,0.17661962812772322,48
5384,1,8742,4376,4366,0,0,0,1.0,1,1.0,1,1.0,1,0.16361118222581889,48
5385,0,8742,4376,4366,0,0,0,1.0,1,1.0,1,1.0,1,0.1576867726746549,47
5386,2,8744,4378,4366,0,0,0,1.0,1,1.0,1,1.0,1,0.17226661602066612,48
5387,1,8745,4379,4366,0,0,0,1.0,1,1.0,1,1.0,1,0.1642360908687786,48
5388,0,8745,4379,4366,0,0,0,1.0,1,1.0,1,1.0,1,0.1642360908687786,48
5389,0,8745,4379,4366,0,0,0,1.0,1,1.0,1,1.0,1,0.15928785092701825,50
5390,3,8748,4381,4367,0,0,0,1.0,1,1.0,1,1.0,1,0.16054991372842947,52
5391,1,8749,4382,4367,0,0,0,1.0,1,1.0,1,1.0,1,0.18272070469443608,52
5392,1,8750,4382,4368,0,0,0,1.0,1,1.0,1,1.0,1,0.16435304576764534,51
5393,2,8752,4384,4368,0,0,0,1.0,1,1.0,1,1.0,1,0.22322584886815658,50
5394,1,8753,4385,4368,0,0,0,1.0,1,1.0,1,1.0,1,0.2487429782731642,50
5395,6,8759,4389,4370,0,0,0,1.0,1,1.0,1,1.0,1,0.2410327414924667,49
5396,3,8762,4390,4372,0,0,0,1.0,1,1.0,1,1.0,1,0.20866925704322195,48
5397,1,8763,4391,4372,0,0,0,1.0,1,1.0,1,1.0,1,0.2267612965563438,48
5398,0,8763,4391,4372,0,0,0,1.0,1,1.0,1,1.0,1,0.23629343150917997,46
5399,3,8766,4394,4372,0,0,0,1.0,1,1.0,1,1.0,1,0.24372054516724923,46
5400,4,8770,4396,4374,0,0,0,1.0,1,1.0,1,1.0,1,0.2700464941141714,48
5401,2,8772,4396,4376,0,0,0,1.0,1,1.0,1,1.0,1,0.2253599154422403,49
5402,0,8772,4396,4376,0,0,0,1.0,1,1.0,1,1.0,1,0.0,0
