,SuccessfulHandoverCount,TotalSuccessfulHandoverCount,TotalSuccessfulHandoverCountRange,TotalSuccessfulHandoverCountLoadBalancing,TotalSuccessfulHandoverCountOverload,FailedHandoverCount,TotalFailedHandoverCount,AvgQoS,MinQoS,AvgQoS_LoadBased,MinQoS_LoadBased,AvgQoS_RangeBased,MinQoS_RangeBased,GiniLoad,VehicleCount
0,0,0,0,0,0,0,0,1.0,1,1.0,1,1.0,1,0.0,0
1,21,21,0,21,0,0,0,1.0,1,1.0,1,1.0,1,0.2165790718897854,26
2,15,36,0,36,0,0,0,1.0,1,1.0,1,1.0,1,0.16846339338089764,27
3,13,49,0,49,0,0,0,1.0,1,1.0,1,1.0,1,0.22257496808157784,28
4,11,60,0,60,0,0,0,1.0,1,1.0,1,1.0,1,0.21762892822371374,29
5,0,60,0,60,0,0,0,1.0,1,1.0,1,1.0,1,0.21762892822371374,29
6,2,62,0,62,0,0,0,1.0,1,1.0,1,1.0,1,0.15373280314135493,32
7,0,62,0,62,0,0,0,1.0,1,1.0,1,1.0,1,0.145737787039708,33
8,0,62,0,62,0,0,0,1.0,1,1.0,1,1.0,1,0.14802346391797855,35
9,1,63,0,63,0,0,0,1.0,1,1.0,1,1.0,1,0.1270481767805859,35
10,1,64,1,63,0,0,0,1.0,1,1.0,1,1.0,1,0.13118680810987365,35
11,2,66,2,64,0,0,0,1.0,1,1.0,1,1.0,1,0.15654833956760916,35
12,1,67,3,64,0,0,0,1.0,1,1.0,1,1.0,1,0.13262640943513593,34
13,1,68,4,64,0,0,0,1.0,1,1.0,1,1.0,1,0.22016957522821395,32
14,2,70,6,64,0,0,0,1.0,1,1.0,1,1.0,1,0.23230215888549122,31
15,1,71,6,65,0,0,0,1.0,1,1.0,1,1.0,1,0.22186307226085172,30
16,0,71,6,65,0,0,0,1.0,1,1.0,1,1.0,1,0.2539852590645192,30
17,3,74,6,68,0,0,0,1.0,1,1.0,1,1.0,1,0.20713382847984013,29
18,1,75,7,68,0,0,0,1.0,1,1.0,1,1.0,1,0.24702339628538034,29
19,1,76,7,69,0,0,0,1.0,1,1.0,1,1.0,1,0.2275568496539936,28
20,0,76,7,69,0,0,0,1.0,1,1.0,1,1.0,1,0.2289688515473477,28
21,1,77,7,70,0,0,0,1.0,1,1.0,1,1.0,1,0.19892169150460642,28
22,3,80,9,71,0,0,0,1.0,1,1.0,1,1.0,1,0.2598593742321993,28
23,3,83,11,72,0,0,0,1.0,1,1.0,1,1.0,1,0.2911001899923326,27
24,2,85,13,72,0,0,0,1.0,1,1.0,1,1.0,1,0.31030034522885486,28
25,6,91,14,77,0,0,0,1.0,1,1.0,1,1.0,1,0.1835758168995654,28
26,7,98,17,81,0,0,0,1.0,1,1.0,1,1.0,1,0.21702920482015403,30
27,6,104,18,86,0,0,0,1.0,1,1.0,1,1.0,1,0.15053265570148028,30
28,3,107,18,89,0,0,0,1.0,1,1.0,1,1.0,1,0.18477777716408392,31
29,2,109,18,91,0,0,0,1.0,1,1.0,1,1.0,1,0.11103283015957773,30
30,1,110,19,91,0,0,0,1.0,1,1.0,1,1.0,1,0.11211925959573273,30
31,0,110,19,91,0,0,0,1.0,1,1.0,1,1.0,1,0.12999142112754192,31
32,0,110,19,91,0,0,0,1.0,1,1.0,1,1.0,1,0.13515347164695987,31
33,3,113,21,92,0,0,0,1.0,1,1.0,1,1.0,1,0.24096136380832348,31
34,1,114,22,92,0,0,0,1.0,1,1.0,1,1.0,1,0.2599672217549217,29
35,0,114,22,92,0,0,0,1.0,1,1.0,1,1.0,1,0.26100136636737997,30
36,1,115,22,93,0,0,0,1.0,1,1.0,1,1.0,1,0.2536974393117614,30
37,5,120,22,98,0,0,0,1.0,1,1.0,1,1.0,1,0.11351202065887096,31
38,1,121,22,99,0,0,0,1.0,1,1.0,1,1.0,1,0.14469553330037346,32
39,3,124,22,102,0,0,0,1.0,1,1.0,1,1.0,1,0.1019282364328833,36
40,0,124,22,102,0,0,0,1.0,1,1.0,1,1.0,1,0.11427077573475823,37
41,1,125,22,103,0,0,0,1.0,1,1.0,1,1.0,1,0.09454820900700849,37
42,1,126,22,104,0,0,0,1.0,1,1.0,1,1.0,1,0.10246735481386016,38
43,5,131,24,107,0,0,0,1.0,1,1.0,1,1.0,1,0.12303786475172009,40
44,1,132,24,108,0,0,0,1.0,1,1.0,1,1.0,1,0.1546775408153779,39
45,1,133,25,108,0,0,0,1.0,1,1.0,1,1.0,1,0.19836768909650063,40
46,0,133,25,108,0,0,0,1.0,1,1.0,1,1.0,1,0.18006855860507148,39
47,2,135,26,109,0,0,0,1.0,1,1.0,1,1.0,1,0.15672470091356974,39
48,1,136,26,110,0,0,0,1.0,1,1.0,1,1.0,1,0.14202890768046067,39
49,3,139,26,113,0,0,0,1.0,1,1.0,1,1.0,1,0.10748399590541266,37
50,2,141,27,114,0,0,0,1.0,1,1.0,1,1.0,1,0.10747388309155072,35
51,0,141,27,114,0,0,0,1.0,1,1.0,1,1.0,1,0.11178063986498626,34
52,1,142,27,115,0,0,0,1.0,1,1.0,1,1.0,1,0.12459952702294878,34
53,1,143,27,116,0,0,0,1.0,1,1.0,1,1.0,1,0.08455883373772555,35
54,0,143,27,116,0,0,0,1.0,1,1.0,1,1.0,1,0.11829861684181989,36
55,0,143,27,116,0,0,0,1.0,1,1.0,1,1.0,1,0.11829861684181989,36
56,2,145,28,117,0,0,0,1.0,1,1.0,1,1.0,1,0.14072119401830294,36
57,1,146,28,118,0,0,0,1.0,1,1.0,1,1.0,1,0.15458365872574867,37
58,3,149,31,118,0,0,0,1.0,1,1.0,1,1.0,1,0.19988907209570397,38
59,0,149,31,118,0,0,0,1.0,1,1.0,1,1.0,1,0.22172272370273885,37
60,2,151,31,120,0,0,0,1.0,1,1.0,1,1.0,1,0.17355209765710336,38
61,3,154,32,122,0,0,0,1.0,1,1.0,1,1.0,1,0.180664990527162,37
62,3,157,33,124,0,0,0,1.0,1,1.0,1,1.0,1,0.18101918763526345,39
63,2,159,34,125,0,0,0,1.0,1,1.0,1,1.0,1,0.19087513612813953,39
64,2,161,35,126,0,0,0,1.0,1,1.0,1,1.0,1,0.20219009781463004,38
65,5,166,36,130,0,0,0,1.0,1,1.0,1,1.0,1,0.11448490175778678,39
66,2,168,38,130,0,0,0,1.0,1,1.0,1,1.0,1,0.146936974372667,39
67,0,168,38,130,0,0,0,1.0,1,1.0,1,1.0,1,0.13137156770570413,36
68,1,169,39,130,0,0,0,1.0,1,1.0,1,1.0,1,0.16607187218007247,36
69,2,171,39,132,0,0,0,1.0,1,1.0,1,1.0,1,0.122798116819768,37
70,1,172,39,133,0,0,0,1.0,1,1.0,1,1.0,1,0.12039562230887528,36
71,1,173,39,134,0,0,0,1.0,1,1.0,1,1.0,1,0.13896837488900488,38
72,0,173,39,134,0,0,0,1.0,1,1.0,1,1.0,1,0.13896837488900488,38
73,1,174,39,135,0,0,0,1.0,1,1.0,1,1.0,1,0.1528800643934397,37
74,3,177,41,136,0,0,0,1.0,1,1.0,1,1.0,1,0.23883982138992668,38
75,3,180,42,138,0,0,0,1.0,1,1.0,1,1.0,1,0.18990059152650737,38
76,2,182,42,140,0,0,0,1.0,1,1.0,1,1.0,1,0.18791048717530906,39
77,3,185,42,143,0,0,0,1.0,1,1.0,1,1.0,1,0.1406704830565486,40
78,0,185,42,143,0,0,0,1.0,1,1.0,1,1.0,1,0.12414822574974903,41
79,0,185,42,143,0,0,0,1.0,1,1.0,1,1.0,1,0.12414822574974903,41
80,0,185,42,143,0,0,0,1.0,1,1.0,1,1.0,1,0.12414822574974903,41
81,1,186,43,143,0,0,0,1.0,1,1.0,1,1.0,1,0.19768122379429312,41
82,5,191,43,148,0,0,0,1.0,1,1.0,1,1.0,1,0.11429143145247841,44
83,2,193,43,150,0,0,0,1.0,1,1.0,1,1.0,1,0.11417021351827074,44
84,1,194,43,151,0,0,0,1.0,1,1.0,1,1.0,1,0.10573230989247535,45
85,2,196,43,153,0,0,0,1.0,1,1.0,1,1.0,1,0.07904974720442276,45
86,1,197,44,153,0,0,0,1.0,1,1.0,1,1.0,1,0.11889952944659835,45
87,0,197,44,153,0,0,0,1.0,1,1.0,1,1.0,1,0.13376311751241532,44
88,0,197,44,153,0,0,0,1.0,1,1.0,1,1.0,1,0.13376311751241532,44
89,2,199,44,155,0,0,0,1.0,1,1.0,1,1.0,1,0.10195324959775888,43
90,0,199,44,155,0,0,0,1.0,1,1.0,1,1.0,1,0.1491572752419973,44
91,2,201,45,156,0,0,0,1.0,1,1.0,1,1.0,1,0.14592860975157512,44
92,0,201,45,156,0,0,0,1.0,1,1.0,1,1.0,1,0.1363461269782036,43
93,1,202,45,157,0,0,0,1.0,1,1.0,1,1.0,1,0.15247616693276086,44
94,1,203,46,157,0,0,0,1.0,1,1.0,1,1.0,1,0.16588979163856685,44
95,1,204,46,158,0,0,0,1.0,1,1.0,1,1.0,1,0.17580005045937908,43
96,2,206,47,159,0,0,0,1.0,1,1.0,1,1.0,1,0.15634120166189464,44
97,0,206,47,159,0,0,0,1.0,1,1.0,1,1.0,1,0.15634120166189464,44
98,1,207,47,160,0,0,0,1.0,1,1.0,1,1.0,1,0.16767411535264057,43
99,0,207,47,160,0,0,0,1.0,1,1.0,1,1.0,1,0.16767411535264057,43
100,2,209,47,162,0,0,0,1.0,1,1.0,1,1.0,1,0.15883636658684672,47
101,1,210,47,163,0,0,0,1.0,1,1.0,1,1.0,1,0.14819211050932124,47
102,2,212,49,163,0,0,0,1.0,1,1.0,1,1.0,1,0.1925518050053921,47
103,2,214,51,163,0,0,0,1.0,1,1.0,1,1.0,1,0.1878147928158389,46
104,4,218,54,164,0,0,0,1.0,1,1.0,1,1.0,1,0.20280485282279612,45
105,5,223,56,167,0,0,0,1.0,1,1.0,1,1.0,1,0.1473382341488404,44
106,4,227,58,169,0,0,0,1.0,1,1.0,1,1.0,1,0.15945883219289875,45
107,1,228,59,169,0,0,0,1.0,1,1.0,1,1.0,1,0.1495389537262156,44
108,3,231,60,171,0,0,0,1.0,1,1.0,1,1.0,1,0.11828092570173436,46
109,4,235,61,174,0,0,0,1.0,1,1.0,1,1.0,1,0.09921506874631951,46
110,3,238,63,175,0,0,0,1.0,1,1.0,1,1.0,1,0.10629037694236505,46
111,1,239,64,175,0,0,0,1.0,1,1.0,1,1.0,1,0.1322165734871792,46
112,4,243,66,177,0,0,0,1.0,1,1.0,1,1.0,1,0.1277122399239197,46
113,5,248,67,181,0,0,0,1.0,1,1.0,1,1.0,1,0.05467285090075866,46
114,0,248,67,181,0,0,0,1.0,1,1.0,1,1.0,1,0.05467285090075866,46
115,2,250,68,182,0,0,0,1.0,1,1.0,1,1.0,1,0.04524370139583496,47
116,1,251,69,182,0,0,0,1.0,1,1.0,1,1.0,1,0.08286663756816251,47
117,1,252,70,182,0,0,0,1.0,1,1.0,1,1.0,1,0.10587298567015012,45
118,1,253,71,182,0,0,0,1.0,1,1.0,1,1.0,1,0.111489429650739,46
119,1,254,71,183,0,0,0,1.0,1,1.0,1,1.0,1,0.11106058845449367,46
120,0,254,71,183,0,0,0,1.0,1,1.0,1,1.0,1,0.10288822211332435,47
121,1,255,71,184,0,0,0,1.0,1,1.0,1,1.0,1,0.09163349560954476,46
122,1,256,72,184,0,0,0,1.0,1,1.0,1,1.0,1,0.10860505537475552,46
123,0,256,72,184,0,0,0,1.0,1,1.0,1,1.0,1,0.12588792482473476,45
124,1,257,72,185,0,0,0,1.0,1,1.0,1,1.0,1,0.10146547499700886,46
125,1,258,72,186,0,0,0,1.0,1,1.0,1,1.0,1,0.09336892880368879,44
126,2,260,73,187,0,0,0,1.0,1,1.0,1,1.0,1,0.08300461787980322,45
127,0,260,73,187,0,0,0,1.0,1,1.0,1,1.0,1,0.0853541634933421,45
128,0,260,73,187,0,0,0,1.0,1,1.0,1,1.0,1,0.09729307010149942,46
129,3,263,75,188,0,0,0,1.0,1,1.0,1,1.0,1,0.11713402476174524,48
130,1,264,75,189,0,0,0,1.0,1,1.0,1,1.0,1,0.0837325621576371,48
131,1,265,76,189,0,0,0,1.0,1,1.0,1,1.0,1,0.12558718143544295,49
132,5,270,77,193,0,0,0,1.0,1,1.0,1,1.0,1,0.13150908737765007,51
133,7,277,79,198,0,0,0,1.0,1,1.0,1,1.0,1,0.05609800373807623,49
134,2,279,80,199,0,0,0,1.0,1,1.0,1,1.0,1,0.06939039130055766,49
135,1,280,80,200,0,0,0,1.0,1,1.0,1,1.0,1,0.08358407146043151,49
136,6,286,86,200,0,0,0,1.0,1,1.0,1,1.0,1,0.13611119007377362,48
137,4,290,86,204,0,0,0,1.0,1,1.0,1,1.0,1,0.0801024994987564,47
138,1,291,86,205,0,0,0,1.0,1,1.0,1,1.0,1,0.06814636840613206,48
139,2,293,88,205,0,0,0,1.0,1,1.0,1,1.0,1,0.13151279161961357,48
140,3,296,89,207,0,0,0,1.0,1,1.0,1,1.0,1,0.09800075828729846,49
141,4,300,92,208,0,0,0,1.0,1,1.0,1,1.0,1,0.1054449479857639,49
142,4,304,94,210,0,0,0,1.0,1,1.0,1,1.0,1,0.147460539716501,49
143,2,306,95,211,0,0,0,1.0,1,1.0,1,1.0,1,0.14452812269699156,47
144,2,308,96,212,0,0,0,1.0,1,1.0,1,1.0,1,0.11201993121272429,46
145,2,310,96,214,0,0,0,1.0,1,1.0,1,1.0,1,0.08185122529680597,44
146,1,311,97,214,0,0,0,1.0,1,1.0,1,1.0,1,0.08137236756526382,44
147,2,313,98,215,0,0,0,1.0,1,1.0,1,1.0,1,0.09285878353899597,43
148,2,315,99,216,0,0,0,1.0,1,1.0,1,1.0,1,0.11345243404771972,43
149,2,317,100,217,0,0,0,1.0,1,1.0,1,1.0,1,0.10761063939464148,43
150,0,317,100,217,0,0,0,1.0,1,1.0,1,1.0,1,0.12620756591618176,42
151,2,319,101,218,0,0,0,1.0,1,1.0,1,1.0,1,0.13884210640968797,42
152,0,319,101,218,0,0,0,1.0,1,1.0,1,1.0,1,0.13884210640968797,42
153,0,319,101,218,0,0,0,1.0,1,1.0,1,1.0,1,0.12036744504640343,42
154,3,322,103,219,0,0,0,1.0,1,1.0,1,1.0,1,0.17849837179039915,43
155,0,322,103,219,0,0,0,1.0,1,1.0,1,1.0,1,0.164986101820297,43
156,2,324,105,219,0,0,0,1.0,1,1.0,1,1.0,1,0.1789076419226125,42
157,5,329,105,224,0,0,0,1.0,1,1.0,1,1.0,1,0.15597811062523947,41
158,3,332,106,226,0,0,0,1.0,1,1.0,1,1.0,1,0.14884386086013582,42
159,5,337,106,231,0,0,0,1.0,1,1.0,1,1.0,1,0.12180228868960764,43
160,5,342,107,235,0,0,0,1.0,1,1.0,1,1.0,1,0.1248116996406758,44
161,2,344,108,236,0,0,0,1.0,1,1.0,1,1.0,1,0.16234858458968549,44
162,1,345,108,237,0,0,0,1.0,1,1.0,1,1.0,1,0.14631272727741468,45
163,4,349,111,238,0,0,0,1.0,1,1.0,1,1.0,1,0.18126994778021177,43
164,2,351,113,238,0,0,0,1.0,1,1.0,1,1.0,1,0.23717317078508982,42
165,11,362,116,246,0,0,0,1.0,1,1.0,1,1.0,1,0.15149751438405942,42
166,1,363,116,247,0,0,0,1.0,1,1.0,1,1.0,1,0.13841949758330463,42
167,2,365,118,247,0,0,0,1.0,1,1.0,1,1.0,1,0.1494909783258674,41
168,1,366,118,248,0,0,0,1.0,1,1.0,1,1.0,1,0.15048893383246867,40
169,2,368,118,250,0,0,0,1.0,1,1.0,1,1.0,1,0.10466454115983144,40
170,1,369,118,251,0,0,0,1.0,1,1.0,1,1.0,1,0.13480914762475224,38
171,1,370,119,251,0,0,0,1.0,1,1.0,1,1.0,1,0.10547242696702368,37
172,4,374,123,251,0,0,0,1.0,1,1.0,1,1.0,1,0.15328678283425023,35
173,3,377,123,254,0,0,0,1.0,1,1.0,1,1.0,1,0.11366043449012521,36
174,0,377,123,254,0,0,0,1.0,1,1.0,1,1.0,1,0.09883112014087438,34
175,0,377,123,254,0,0,0,1.0,1,1.0,1,1.0,1,0.12262516901678809,33
176,0,377,123,254,0,0,0,1.0,1,1.0,1,1.0,1,0.10344651672019867,34
177,3,380,124,256,0,0,0,1.0,1,1.0,1,1.0,1,0.11573469160957449,36
178,1,381,124,257,0,0,0,1.0,1,1.0,1,1.0,1,0.10400848125254213,37
179,1,382,124,258,0,0,0,1.0,1,1.0,1,1.0,1,0.13161621172251953,37
180,0,382,124,258,0,0,0,1.0,1,1.0,1,1.0,1,0.15301959125520787,36
181,1,383,124,259,0,0,0,1.0,1,1.0,1,1.0,1,0.13524707209777484,36
182,6,389,126,263,0,0,0,1.0,1,1.0,1,1.0,1,0.1616089496568663,38
183,2,391,128,263,0,0,0,1.0,1,1.0,1,1.0,1,0.18912765766600312,37
184,5,396,130,266,0,0,0,1.0,1,1.0,1,1.0,1,0.17959679406594478,36
185,4,400,130,270,0,0,0,1.0,1,1.0,1,1.0,1,0.15089935087457484,35
186,1,401,130,271,0,0,0,1.0,1,1.0,1,1.0,1,0.11621600303011599,34
187,1,402,131,271,0,0,0,1.0,1,1.0,1,1.0,1,0.13486600760592754,33
188,0,402,131,271,0,0,0,1.0,1,1.0,1,1.0,1,0.13658165046999352,33
189,5,407,136,271,0,0,0,1.0,1,1.0,1,1.0,1,0.23939280621982656,33
190,5,412,137,275,0,0,0,1.0,1,1.0,1,1.0,1,0.13136511134816165,32
191,2,414,138,276,0,0,0,1.0,1,1.0,1,1.0,1,0.17564220224436605,34
192,1,415,138,277,0,0,0,1.0,1,1.0,1,1.0,1,0.17085117107884643,34
193,2,417,138,279,0,0,0,1.0,1,1.0,1,1.0,1,0.1259899319540945,35
194,0,417,138,279,0,0,0,1.0,1,1.0,1,1.0,1,0.13931073818679537,37
195,0,417,138,279,0,0,0,1.0,1,1.0,1,1.0,1,0.1552341564137457,36
196,0,417,138,279,0,0,0,1.0,1,1.0,1,1.0,1,0.1552341564137457,36
197,0,417,138,279,0,0,0,1.0,1,1.0,1,1.0,1,0.15621359489982595,37
198,3,420,139,281,0,0,0,1.0,1,1.0,1,1.0,1,0.1293465132936381,37
199,0,420,139,281,0,0,0,1.0,1,1.0,1,1.0,1,0.1293465132936381,37
200,0,420,139,281,0,0,0,1.0,1,1.0,1,1.0,1,0.1293465132936381,37
201,0,420,139,281,0,0,0,1.0,1,1.0,1,1.0,1,0.12505716471815576,36
202,1,421,140,281,0,0,0,1.0,1,1.0,1,1.0,1,0.08645687402241113,36
203,0,421,140,281,0,0,0,1.0,1,1.0,1,1.0,1,0.10594618708074859,35
204,2,423,142,281,0,0,0,1.0,1,1.0,1,1.0,1,0.15470173663477932,35
205,6,429,147,282,0,0,0,1.0,1,1.0,1,1.0,1,0.23597559924944006,35
206,7,436,149,287,0,0,0,1.0,1,1.0,1,1.0,1,0.21588928893057066,34
207,3,439,149,290,0,0,0,1.0,1,1.0,1,1.0,1,0.19876250983464935,34
208,2,441,149,292,0,0,0,1.0,1,1.0,1,1.0,1,0.22924871030329758,33
209,1,442,149,293,0,0,0,1.0,1,1.0,1,1.0,1,0.23052876065465622,33
210,5,447,151,296,0,0,0,1.0,1,1.0,1,1.0,1,0.2256953908172674,34
211,3,450,152,298,0,0,0,1.0,1,1.0,1,1.0,1,0.26500485624502074,33
212,2,452,153,299,0,0,0,1.0,1,1.0,1,1.0,1,0.20498657828207864,33
213,2,454,154,300,0,0,0,1.0,1,1.0,1,1.0,1,0.19498591488873865,35
214,5,459,155,304,0,0,0,1.0,1,1.0,1,1.0,1,0.1963827758866469,34
215,4,463,155,308,0,0,0,1.0,1,1.0,1,1.0,1,0.20027793814647052,35
216,3,466,155,311,0,0,0,1.0,1,1.0,1,1.0,1,0.17752307029564926,36
217,2,468,156,312,0,0,0,1.0,1,1.0,1,1.0,1,0.1270378244382453,36
218,2,470,158,312,0,0,0,1.0,1,1.0,1,1.0,1,0.19014071763260681,36
219,1,471,158,313,0,0,0,1.0,1,1.0,1,1.0,1,0.15331942195245477,37
220,5,476,159,317,0,0,0,1.0,1,1.0,1,1.0,1,0.12002881756336918,38
221,1,477,160,317,0,0,0,1.0,1,1.0,1,1.0,1,0.15006718338920835,37
222,2,479,161,318,0,0,0,1.0,1,1.0,1,1.0,1,0.14602530373021513,38
223,3,482,163,319,0,0,0,1.0,1,1.0,1,1.0,1,0.16975528060738576,38
224,4,486,166,320,0,0,0,1.0,1,1.0,1,1.0,1,0.21967798767715935,38
225,7,493,168,325,0,0,0,1.0,1,1.0,1,1.0,1,0.10988335771678943,36
226,3,496,169,327,0,0,0,1.0,1,1.0,1,1.0,1,0.1504511055263823,37
227,3,499,170,329,0,0,0,1.0,1,1.0,1,1.0,1,0.17201704933023645,35
228,2,501,171,330,0,0,0,1.0,1,1.0,1,1.0,1,0.16942477206916817,35
229,4,505,172,333,0,0,0,1.0,1,1.0,1,1.0,1,0.10468845928551346,35
230,1,506,173,333,0,0,0,1.0,1,1.0,1,1.0,1,0.12934755473843945,35
231,2,508,174,334,0,0,0,1.0,1,1.0,1,1.0,1,0.06479960827967202,35
232,2,510,176,334,0,0,0,1.0,1,1.0,1,1.0,1,0.0942874817453695,36
233,0,510,176,334,0,0,0,1.0,1,1.0,1,1.0,1,0.0942874817453695,36
234,4,514,178,336,0,0,0,1.0,1,1.0,1,1.0,1,0.12437951518070277,34
235,2,516,179,337,0,0,0,1.0,1,1.0,1,1.0,1,0.15344208358265543,33
236,1,517,180,337,0,0,0,1.0,1,1.0,1,1.0,1,0.17315979708725138,31
237,2,519,181,338,0,0,0,1.0,1,1.0,1,1.0,1,0.1635934717661744,32
238,3,522,182,340,0,0,0,1.0,1,1.0,1,1.0,1,0.1555771155800596,31
239,1,523,183,340,0,0,0,1.0,1,1.0,1,1.0,1,0.20905451290627747,30
240,0,523,183,340,0,0,0,1.0,1,1.0,1,1.0,1,0.21074721352280276,27
241,0,523,183,340,0,0,0,1.0,1,1.0,1,1.0,1,0.21074721352280276,27
242,0,523,183,340,0,0,0,1.0,1,1.0,1,1.0,1,0.19400852251431608,28
243,1,524,184,340,0,0,0,1.0,1,1.0,1,1.0,1,0.22558014171224425,28
244,1,525,185,340,0,0,0,1.0,1,1.0,1,1.0,1,0.21052677275140563,27
245,2,527,186,341,0,0,0,1.0,1,1.0,1,1.0,1,0.17186313328002262,27
246,4,531,188,343,0,0,0,1.0,1,1.0,1,1.0,1,0.19545900818665563,25
247,0,531,188,343,0,0,0,1.0,1,1.0,1,1.0,1,0.17745661611223407,24
248,0,531,188,343,0,0,0,1.0,1,1.0,1,1.0,1,0.17624000280787636,24
249,2,533,188,345,0,0,0,1.0,1,1.0,1,1.0,1,0.11165083585082328,25
250,0,533,188,345,0,0,0,1.0,1,1.0,1,1.0,1,0.16098186037607964,27
251,0,533,188,345,0,0,0,1.0,1,1.0,1,1.0,1,0.16098186037607964,27
252,0,533,188,345,0,0,0,1.0,1,1.0,1,1.0,1,0.16098186037607964,27
253,4,537,189,348,0,0,0,1.0,1,1.0,1,1.0,1,0.17115703668975898,29
254,4,541,192,349,0,0,0,1.0,1,1.0,1,1.0,1,0.18740895369689892,30
255,1,542,192,350,0,0,0,1.0,1,1.0,1,1.0,1,0.18358837097275735,31
256,4,546,194,352,0,0,0,1.0,1,1.0,1,1.0,1,0.17793097738347763,31
257,4,550,194,356,0,0,0,1.0,1,1.0,1,1.0,1,0.08797710092087539,33
258,1,551,195,356,0,0,0,1.0,1,1.0,1,1.0,1,0.12023013860132106,33
259,0,551,195,356,0,0,0,1.0,1,1.0,1,1.0,1,0.12023013860132106,33
260,1,552,196,356,0,0,0,1.0,1,1.0,1,1.0,1,0.16986438819045807,35
261,1,553,197,356,0,0,0,1.0,1,1.0,1,1.0,1,0.1975480716388272,35
262,2,555,199,356,0,0,0,1.0,1,1.0,1,1.0,1,0.27190917633456174,35
263,2,557,199,358,0,0,0,1.0,1,1.0,1,1.0,1,0.22110634189464531,34
264,2,559,201,358,0,0,0,1.0,1,1.0,1,1.0,1,0.3402391246149402,32
265,3,562,202,360,0,0,0,1.0,1,1.0,1,1.0,1,0.27682927351058567,30
266,1,563,203,360,0,0,0,1.0,1,1.0,1,1.0,1,0.30349195357940933,31
267,1,564,203,361,0,0,0,1.0,1,1.0,1,1.0,1,0.22466620146314673,30
268,3,567,203,364,0,0,0,1.0,1,1.0,1,1.0,1,0.1541324939739561,31
269,1,568,203,365,0,0,0,1.0,1,1.0,1,1.0,1,0.11351862706160117,31
270,3,571,205,366,0,0,0,1.0,1,1.0,1,1.0,1,0.2178652014351722,32
271,2,573,206,367,0,0,0,1.0,1,1.0,1,1.0,1,0.22930145624338444,31
272,3,576,207,369,0,0,0,1.0,1,1.0,1,1.0,1,0.3240404244255628,32
273,3,579,207,372,0,0,0,1.0,1,1.0,1,1.0,1,0.25567577493093196,32
274,1,580,207,373,0,0,0,1.0,1,1.0,1,1.0,1,0.24842129230717153,32
275,1,581,207,374,0,0,0,1.0,1,1.0,1,1.0,1,0.20577991859785671,33
276,2,583,208,375,0,0,0,1.0,1,1.0,1,1.0,1,0.20663207922868418,34
277,0,583,208,375,0,0,0,1.0,1,1.0,1,1.0,1,0.13316456633519977,32
278,1,584,208,376,0,0,0,1.0,1,1.0,1,1.0,1,0.11159817599124328,31
279,1,585,208,377,0,0,0,1.0,1,1.0,1,1.0,1,0.08075646655237056,31
280,1,586,209,377,0,0,0,1.0,1,1.0,1,1.0,1,0.14314268100854277,30
281,0,586,209,377,0,0,0,1.0,1,1.0,1,1.0,1,0.14306269098936075,31
282,3,589,211,378,0,0,0,1.0,1,1.0,1,1.0,1,0.2290787296013579,30
283,1,590,211,379,0,0,0,1.0,1,1.0,1,1.0,1,0.19991479784291682,31
284,2,592,212,380,0,0,0,1.0,1,1.0,1,1.0,1,0.18830770776921785,31
285,1,593,212,381,0,0,0,1.0,1,1.0,1,1.0,1,0.16174807816054,31
286,0,593,212,381,0,0,0,1.0,1,1.0,1,1.0,1,0.16174807816054,31
287,5,598,215,383,0,0,0,1.0,1,1.0,1,1.0,1,0.21092029885263808,33
288,1,599,215,384,0,0,0,1.0,1,1.0,1,1.0,1,0.18988058443236672,32
289,5,604,216,388,0,0,0,1.0,1,1.0,1,1.0,1,0.1461544112218242,32
290,0,604,216,388,0,0,0,1.0,1,1.0,1,1.0,1,0.14433050652708837,31
291,1,605,217,388,0,0,0,1.0,1,1.0,1,1.0,1,0.1538821516528183,30
292,1,606,218,388,0,0,0,1.0,1,1.0,1,1.0,1,0.16642979443143624,32
293,1,607,218,389,0,0,0,1.0,1,1.0,1,1.0,1,0.13923861471875315,32
294,1,608,218,390,0,0,0,1.0,1,1.0,1,1.0,1,0.13180574413754267,32
295,0,608,218,390,0,0,0,1.0,1,1.0,1,1.0,1,0.1376643880832201,34
296,0,608,218,390,0,0,0,1.0,1,1.0,1,1.0,1,0.1376643880832201,34
297,1,609,219,390,0,0,0,1.0,1,1.0,1,1.0,1,0.1306332767883116,34
298,0,609,219,390,0,0,0,1.0,1,1.0,1,1.0,1,0.15371394918904643,35
299,3,612,220,392,0,0,0,1.0,1,1.0,1,1.0,1,0.14417608439162033,35
300,1,613,221,392,0,0,0,1.0,1,1.0,1,1.0,1,0.1616153212938763,35
301,2,615,221,394,0,0,0,1.0,1,1.0,1,1.0,1,0.17167724876936014,38
302,2,617,223,394,0,0,0,1.0,1,1.0,1,1.0,1,0.19800419893435686,38
303,5,622,225,397,0,0,0,1.0,1,1.0,1,1.0,1,0.22410534130564044,37
304,6,628,227,401,0,0,0,1.0,1,1.0,1,1.0,1,0.2370134491092565,37
305,6,634,229,405,0,0,0,1.0,1,1.0,1,1.0,1,0.1984137419694453,36
306,4,638,230,408,0,0,0,1.0,1,1.0,1,1.0,1,0.20028409053763702,36
307,2,640,230,410,0,0,0,1.0,1,1.0,1,1.0,1,0.19474144690298387,35
308,3,643,230,413,0,0,0,1.0,1,1.0,1,1.0,1,0.17946171712612272,37
309,1,644,230,414,0,0,0,1.0,1,1.0,1,1.0,1,0.15834151995924423,37
310,1,645,230,415,0,0,0,1.0,1,1.0,1,1.0,1,0.13757584907064346,37
311,0,645,230,415,0,0,0,1.0,1,1.0,1,1.0,1,0.1282713165666126,39
312,0,645,230,415,0,0,0,1.0,1,1.0,1,1.0,1,0.1304903880533563,40
313,0,645,230,415,0,0,0,1.0,1,1.0,1,1.0,1,0.1277869778538702,39
314,1,646,231,415,0,0,0,1.0,1,1.0,1,1.0,1,0.16915400640880837,40
315,1,647,232,415,0,0,0,1.0,1,1.0,1,1.0,1,0.17973817680675683,39
316,0,647,232,415,0,0,0,1.0,1,1.0,1,1.0,1,0.17973817680675683,39
317,2,649,232,417,0,0,0,1.0,1,1.0,1,1.0,1,0.17455012821522134,40
318,3,652,233,419,0,0,0,1.0,1,1.0,1,1.0,1,0.16432001824863776,41
319,2,654,233,421,0,0,0,1.0,1,1.0,1,1.0,1,0.1551218611213603,41
320,1,655,233,422,0,0,0,1.0,1,1.0,1,1.0,1,0.16995987520233063,41
321,2,657,233,424,0,0,0,1.0,1,1.0,1,1.0,1,0.11895120352675267,41
322,2,659,235,424,0,0,0,1.0,1,1.0,1,1.0,1,0.1630251458538411,41
323,3,662,236,426,0,0,0,1.0,1,1.0,1,1.0,1,0.1064699403965886,41
324,3,665,237,428,0,0,0,1.0,1,1.0,1,1.0,1,0.12482045061510028,42
325,5,670,238,432,0,0,0,1.0,1,1.0,1,1.0,1,0.09356424101286656,42
326,2,672,239,433,0,0,0,1.0,1,1.0,1,1.0,1,0.09325738729541634,42
327,0,672,239,433,0,0,0,1.0,1,1.0,1,1.0,1,0.09325738729541634,42
328,0,672,239,433,0,0,0,1.0,1,1.0,1,1.0,1,0.10203006655205651,43
329,2,674,239,435,0,0,0,1.0,1,1.0,1,1.0,1,0.06834384207509225,43
330,2,676,240,436,0,0,0,1.0,1,1.0,1,1.0,1,0.09149646404138001,45
331,2,678,242,436,0,0,0,1.0,1,1.0,1,1.0,1,0.13987753057818306,45
332,2,680,242,438,0,0,0,1.0,1,1.0,1,1.0,1,0.1025788602223528,45
333,2,682,242,440,0,0,0,1.0,1,1.0,1,1.0,1,0.08213130627879886,46
334,2,684,243,441,0,0,0,1.0,1,1.0,1,1.0,1,0.09617907729643198,48
335,2,686,243,443,0,0,0,1.0,1,1.0,1,1.0,1,0.09192899439344059,48
336,0,686,243,443,0,0,0,1.0,1,1.0,1,1.0,1,0.09192899439344059,48
337,2,688,243,445,0,0,0,1.0,1,1.0,1,1.0,1,0.06141624660755005,49
338,1,689,243,446,0,0,0,1.0,1,1.0,1,1.0,1,0.06781820447576195,50
339,0,689,243,446,0,0,0,1.0,1,1.0,1,1.0,1,0.06781820447576195,50
340,0,689,243,446,0,0,0,1.0,1,1.0,1,1.0,1,0.06781820447576195,50
341,0,689,243,446,0,0,0,1.0,1,1.0,1,1.0,1,0.06463328894995811,51
342,1,690,244,446,0,0,0,1.0,1,1.0,1,1.0,1,0.09074195824297726,51
343,1,691,245,446,0,0,0,1.0,1,1.0,1,1.0,1,0.06824950059572422,51
344,0,691,245,446,0,0,0,1.0,1,1.0,1,1.0,1,0.08937142336711047,50
345,2,693,245,448,0,0,0,1.0,1,1.0,1,1.0,1,0.08879104188974145,51
346,1,694,246,448,0,0,0,1.0,1,1.0,1,1.0,1,0.11589321426102207,51
347,7,701,251,450,0,0,0,1.0,1,1.0,1,1.0,1,0.13604880340089595,51
348,5,706,253,453,0,0,0,1.0,1,1.0,1,1.0,1,0.08816633001646913,53
349,1,707,254,453,0,0,0,1.0,1,1.0,1,1.0,1,0.09805713567722148,55
350,0,707,254,453,0,0,0,1.0,1,1.0,1,1.0,1,0.10838455503906584,54
351,2,709,256,453,0,0,0,1.0,1,1.0,1,1.0,1,0.15938263456974078,54
352,2,711,257,454,0,0,0,1.0,1,1.0,1,1.0,1,0.16336938137475285,53
353,5,716,257,459,0,0,0,1.0,1,1.0,1,1.0,1,0.08647600168109858,53
354,1,717,258,459,0,0,0,1.0,1,1.0,1,1.0,1,0.09479698630811152,50
355,1,718,258,460,0,0,0,1.0,1,1.0,1,1.0,1,0.10237620088827701,51
356,1,719,259,460,0,0,0,1.0,1,1.0,1,1.0,1,0.10696731430162115,51
357,1,720,259,461,0,0,0,1.0,1,1.0,1,1.0,1,0.09744253789166002,50
358,2,722,261,461,0,0,0,1.0,1,1.0,1,1.0,1,0.1497364151782103,48
359,2,724,262,462,0,0,0,1.0,1,1.0,1,1.0,1,0.15305903114552386,47
360,0,724,262,462,0,0,0,1.0,1,1.0,1,1.0,1,0.1703595029722154,45
361,2,726,263,463,0,0,0,1.0,1,1.0,1,1.0,1,0.16668636797942157,44
362,0,726,263,463,0,0,0,1.0,1,1.0,1,1.0,1,0.17417355816832275,44
363,4,730,265,465,0,0,0,1.0,1,1.0,1,1.0,1,0.12794296356415336,44
364,2,732,265,467,0,0,0,1.0,1,1.0,1,1.0,1,0.11785331577832016,43
365,1,733,266,467,0,0,0,1.0,1,1.0,1,1.0,1,0.15689735385751655,43
366,3,736,268,468,0,0,0,1.0,1,1.0,1,1.0,1,0.1424041308009103,45
367,0,736,268,468,0,0,0,1.0,1,1.0,1,1.0,1,0.16568987294240906,44
368,1,737,268,469,0,0,0,1.0,1,1.0,1,1.0,1,0.15407403496727717,46
369,4,741,269,472,0,0,0,1.0,1,1.0,1,1.0,1,0.1109035158502222,45
370,2,743,271,472,0,0,0,1.0,1,1.0,1,1.0,1,0.17680770447800565,46
371,1,744,271,473,0,0,0,1.0,1,1.0,1,1.0,1,0.18705515288133692,47
372,0,744,271,473,0,0,0,1.0,1,1.0,1,1.0,1,0.20126408504030172,48
373,3,747,271,476,0,0,0,1.0,1,1.0,1,1.0,1,0.1566489288479558,48
374,4,751,271,480,0,0,0,1.0,1,1.0,1,1.0,1,0.12197578612906737,49
375,0,751,271,480,0,0,0,1.0,1,1.0,1,1.0,1,0.12197578612906737,49
376,3,754,273,481,0,0,0,1.0,1,1.0,1,1.0,1,0.13738878115564998,49
377,3,757,275,482,0,0,0,1.0,1,1.0,1,1.0,1,0.1393783696957597,49
378,3,760,276,484,0,0,0,1.0,1,1.0,1,1.0,1,0.11509726643139932,49
379,1,761,276,485,0,0,0,1.0,1,1.0,1,1.0,1,0.11115272020704307,50
380,1,762,277,485,0,0,0,1.0,1,1.0,1,1.0,1,0.12289946187630868,50
381,1,763,277,486,0,0,0,1.0,1,1.0,1,1.0,1,0.10072646377458484,51
382,0,763,277,486,0,0,0,1.0,1,1.0,1,1.0,1,0.0823158467379087,50
383,1,764,278,486,0,0,0,1.0,1,1.0,1,1.0,1,0.09263475914512738,51
384,2,766,280,486,0,0,0,1.0,1,1.0,1,1.0,1,0.1479361559816858,50
385,3,769,282,487,0,0,0,1.0,1,1.0,1,1.0,1,0.16453062357949555,50
386,0,769,282,487,0,0,0,1.0,1,1.0,1,1.0,1,0.15684025146600686,48
387,2,771,283,488,0,0,0,1.0,1,1.0,1,1.0,1,0.16487713558992773,47
388,3,774,283,491,0,0,0,1.0,1,1.0,1,1.0,1,0.14249253723268854,48
389,4,778,283,495,0,0,0,1.0,1,1.0,1,1.0,1,0.10256660185175802,47
390,5,783,285,498,0,0,0,1.0,1,1.0,1,1.0,1,0.09592531156012706,49
391,2,785,287,498,0,0,0,1.0,1,1.0,1,1.0,1,0.11711323389229449,46
392,2,787,287,500,0,0,0,1.0,1,1.0,1,1.0,1,0.10415498829641037,46
393,3,790,290,500,0,0,0,1.0,1,1.0,1,1.0,1,0.20423374888977563,44
394,2,792,290,502,0,0,0,1.0,1,1.0,1,1.0,1,0.18478769659955593,43
395,0,792,290,502,0,0,0,1.0,1,1.0,1,1.0,1,0.22287136858353881,42
396,2,794,292,502,0,0,0,1.0,1,1.0,1,1.0,1,0.26326860216782055,39
397,3,797,292,505,0,0,0,1.0,1,1.0,1,1.0,1,0.2509490712999957,39
398,2,799,292,507,0,0,0,1.0,1,1.0,1,1.0,1,0.19470025053287665,36
399,4,803,292,511,0,0,0,1.0,1,1.0,1,1.0,1,0.12680195269503233,36
400,1,804,293,511,0,0,0,1.0,1,1.0,1,1.0,1,0.13872668853267103,34
401,1,805,294,511,0,0,0,1.0,1,1.0,1,1.0,1,0.17219262249526382,33
402,1,806,294,512,0,0,0,1.0,1,1.0,1,1.0,1,0.15462850751722168,34
403,0,806,294,512,0,0,0,1.0,1,1.0,1,1.0,1,0.14999965548315225,36
404,1,807,295,512,0,0,0,1.0,1,1.0,1,1.0,1,0.16017484311486443,36
405,2,809,296,513,0,0,0,1.0,1,1.0,1,1.0,1,0.14375955782020167,37
406,0,809,296,513,0,0,0,1.0,1,1.0,1,1.0,1,0.14375955782020167,37
407,2,811,297,514,0,0,0,1.0,1,1.0,1,1.0,1,0.14954985624180447,39
408,8,819,300,519,0,0,0,1.0,1,1.0,1,1.0,1,0.22581677122160942,40
409,5,824,301,523,0,0,0,1.0,1,1.0,1,1.0,1,0.20707330925673292,41
410,3,827,302,525,0,0,0,1.0,1,1.0,1,1.0,1,0.17579208529738796,42
411,0,827,302,525,0,0,0,1.0,1,1.0,1,1.0,1,0.18206182568939167,43
412,3,830,303,527,0,0,0,1.0,1,1.0,1,1.0,1,0.22198790197920423,44
413,2,832,303,529,0,0,0,1.0,1,1.0,1,1.0,1,0.18247479842262498,44
414,0,832,303,529,0,0,0,1.0,1,1.0,1,1.0,1,0.17913822263746354,45
415,1,833,303,530,0,0,0,1.0,1,1.0,1,1.0,1,0.17641281363082723,45
416,2,835,303,532,0,0,0,1.0,1,1.0,1,1.0,1,0.1499288800729578,46
417,1,836,303,533,0,0,0,1.0,1,1.0,1,1.0,1,0.13736598931432556,46
418,1,837,303,534,0,0,0,1.0,1,1.0,1,1.0,1,0.12638634170889257,47
419,0,837,303,534,0,0,0,1.0,1,1.0,1,1.0,1,0.12638634170889257,47
420,0,837,303,534,0,0,0,1.0,1,1.0,1,1.0,1,0.12638634170889257,47
421,1,838,304,534,0,0,0,1.0,1,1.0,1,1.0,1,0.14745960052754256,47
422,2,840,305,535,0,0,0,1.0,1,1.0,1,1.0,1,0.15839708348168569,49
423,0,840,305,535,0,0,0,1.0,1,1.0,1,1.0,1,0.15608768658953098,47
424,3,843,307,536,0,0,0,1.0,1,1.0,1,1.0,1,0.15419448908612282,45
425,4,847,308,539,0,0,0,1.0,1,1.0,1,1.0,1,0.14719847835696204,46
426,2,849,309,540,0,0,0,1.0,1,1.0,1,1.0,1,0.16939461816270535,46
427,4,853,311,542,0,0,0,1.0,1,1.0,1,1.0,1,0.14151137924349633,45
428,2,855,311,544,0,0,0,1.0,1,1.0,1,1.0,1,0.09582413768678978,45
429,3,858,313,545,0,0,0,1.0,1,1.0,1,1.0,1,0.10053699465655133,42
430,1,859,314,545,0,0,0,1.0,1,1.0,1,1.0,1,0.137748367101704,40
431,3,862,316,546,0,0,0,1.0,1,1.0,1,1.0,1,0.12190586463426395,39
432,2,864,318,546,0,0,0,1.0,1,1.0,1,1.0,1,0.17967811050207974,37
433,6,870,321,549,0,0,0,1.0,1,1.0,1,1.0,1,0.13496331382369525,35
434,3,873,323,550,0,0,0,1.0,1,1.0,1,1.0,1,0.10240498670275973,33
435,4,877,323,554,0,0,0,1.0,1,1.0,1,1.0,1,0.03859126920687635,33
436,0,877,323,554,0,0,0,1.0,1,1.0,1,1.0,1,0.03859126920687635,33
437,0,877,323,554,0,0,0,1.0,1,1.0,1,1.0,1,0.07217144968635063,33
438,0,877,323,554,0,0,0,1.0,1,1.0,1,1.0,1,0.08017812992616115,32
439,2,879,325,554,0,0,0,1.0,1,1.0,1,1.0,1,0.13379404640814133,34
440,1,880,325,555,0,0,0,1.0,1,1.0,1,1.0,1,0.10786207592130923,34
441,2,882,326,556,0,0,0,1.0,1,1.0,1,1.0,1,0.148000716416782,35
442,4,886,328,558,0,0,0,1.0,1,1.0,1,1.0,1,0.178406382605863,37
443,7,893,332,561,0,0,0,1.0,1,1.0,1,1.0,1,0.24916126001988068,37
444,7,900,333,567,0,0,0,1.0,1,1.0,1,1.0,1,0.16017299611970756,38
445,2,902,334,568,0,0,0,1.0,1,1.0,1,1.0,1,0.16113897839603483,39
446,0,902,334,568,0,0,0,1.0,1,1.0,1,1.0,1,0.16113897839603483,39
447,4,906,335,571,0,0,0,1.0,1,1.0,1,1.0,1,0.18953893843652922,41
448,1,907,335,572,0,0,0,1.0,1,1.0,1,1.0,1,0.17988855388844133,41
449,0,907,335,572,0,0,0,1.0,1,1.0,1,1.0,1,0.17889254417655337,40
450,0,907,335,572,0,0,0,1.0,1,1.0,1,1.0,1,0.20043325825534908,40
451,1,908,335,573,0,0,0,1.0,1,1.0,1,1.0,1,0.19489413431715077,41
452,1,909,335,574,0,0,0,1.0,1,1.0,1,1.0,1,0.16886925814152243,41
453,0,909,335,574,0,0,0,1.0,1,1.0,1,1.0,1,0.17924643051249808,40
454,1,910,335,575,0,0,0,1.0,1,1.0,1,1.0,1,0.16184931304802383,41
455,3,913,336,577,0,0,0,1.0,1,1.0,1,1.0,1,0.14161657523867735,41
456,1,914,336,578,0,0,0,1.0,1,1.0,1,1.0,1,0.15051563445589206,43
457,4,918,337,581,0,0,0,1.0,1,1.0,1,1.0,1,0.11282573640651127,43
458,0,918,337,581,0,0,0,1.0,1,1.0,1,1.0,1,0.11282573640651127,43
459,0,918,337,581,0,0,0,1.0,1,1.0,1,1.0,1,0.09097858714768917,44
460,1,919,337,582,0,0,0,1.0,1,1.0,1,1.0,1,0.08791526692421439,47
461,1,920,337,583,0,0,0,1.0,1,1.0,1,1.0,1,0.055049704539718795,48
462,2,922,339,583,0,0,0,1.0,1,1.0,1,1.0,1,0.13244605898537104,49
463,2,924,340,584,0,0,0,1.0,1,1.0,1,1.0,1,0.09106328544719011,47
464,7,931,343,588,0,0,0,1.0,1,1.0,1,1.0,1,0.04527745948056601,48
465,5,936,344,592,0,0,0,1.0,1,1.0,1,1.0,1,0.0715368198065461,47
466,4,940,347,593,0,0,0,1.0,1,1.0,1,1.0,1,0.11924467464545788,46
467,8,948,351,597,0,0,0,1.0,1,1.0,1,1.0,1,0.14766506713516522,44
468,5,953,356,597,0,0,0,1.0,1,1.0,1,1.0,1,0.15275657246574637,41
469,1,954,357,597,0,0,0,1.0,1,1.0,1,1.0,1,0.12302597505071744,40
470,1,955,357,598,0,0,0,1.0,1,1.0,1,1.0,1,0.16924945137921585,39
471,5,960,361,599,0,0,0,1.0,1,1.0,1,1.0,1,0.19449474867575142,38
472,3,963,363,600,0,0,0,1.0,1,1.0,1,1.0,1,0.23461007122021654,36
473,7,970,366,604,0,0,0,1.0,1,1.0,1,1.0,1,0.15527413808281362,36
474,1,971,367,604,0,0,0,1.0,1,1.0,1,1.0,1,0.2281228500231203,34
475,4,975,369,606,0,0,0,1.0,1,1.0,1,1.0,1,0.20756111286330506,34
476,3,978,370,608,0,0,0,1.0,1,1.0,1,1.0,1,0.16536770488517696,32
477,0,978,370,608,0,0,0,1.0,1,1.0,1,1.0,1,0.1667040808710498,32
478,0,978,370,608,0,0,0,1.0,1,1.0,1,1.0,1,0.1498776087949837,30
479,1,979,371,608,0,0,0,1.0,1,1.0,1,1.0,1,0.1918913789605155,31
480,1,980,371,609,0,0,0,1.0,1,1.0,1,1.0,1,0.2717427124188495,27
481,4,984,373,611,0,0,0,1.0,1,1.0,1,1.0,1,0.299014830475238,28
482,4,988,374,614,0,0,0,1.0,1,1.0,1,1.0,1,0.20345989829426642,28
483,2,990,374,616,0,0,0,1.0,1,1.0,1,1.0,1,0.2095427221717302,29
484,1,991,374,617,0,0,0,1.0,1,1.0,1,1.0,1,0.19672701283568406,29
485,5,996,374,622,0,0,0,1.0,1,1.0,1,1.0,1,0.08295179427062073,29
486,1,997,375,622,0,0,0,1.0,1,1.0,1,1.0,1,0.09299519814366938,31
487,1,998,375,623,0,0,0,1.0,1,1.0,1,1.0,1,0.08295876689562695,33
488,1,999,375,624,0,0,0,1.0,1,1.0,1,1.0,1,0.10549406349758934,34
489,2,1001,376,625,0,0,0,1.0,1,1.0,1,1.0,1,0.16845425466498853,34
490,0,1001,376,625,0,0,0,1.0,1,1.0,1,1.0,1,0.16845425466498853,34
491,0,1001,376,625,0,0,0,1.0,1,1.0,1,1.0,1,0.16845425466498853,34
492,1,1002,376,626,0,0,0,1.0,1,1.0,1,1.0,1,0.15442590034591486,34
493,0,1002,376,626,0,0,0,1.0,1,1.0,1,1.0,1,0.15442590034591486,34
494,3,1005,377,628,0,0,0,1.0,1,1.0,1,1.0,1,0.11734485349409259,36
495,1,1006,377,629,0,0,0,1.0,1,1.0,1,1.0,1,0.11061870154007118,36
496,2,1008,377,631,0,0,0,1.0,1,1.0,1,1.0,1,0.12025468217495726,37
497,1,1009,377,632,0,0,0,1.0,1,1.0,1,1.0,1,0.09997053399216409,39
498,3,1012,379,633,0,0,0,1.0,1,1.0,1,1.0,1,0.09116688824999264,40
499,0,1012,379,633,0,0,0,1.0,1,1.0,1,1.0,1,0.09116688824999264,40
500,4,1016,382,634,0,0,0,1.0,1,1.0,1,1.0,1,0.18524745736003123,42
501,6,1022,382,640,0,0,0,1.0,1,1.0,1,1.0,1,0.07739677002493495,42
502,2,1024,383,641,0,0,0,1.0,1,1.0,1,1.0,1,0.1393467735360547,42
503,2,1026,384,642,0,0,0,1.0,1,1.0,1,1.0,1,0.15005089540369018,41
504,3,1029,387,642,0,0,0,1.0,1,1.0,1,1.0,1,0.21596118623012295,42
505,3,1032,387,645,0,0,0,1.0,1,1.0,1,1.0,1,0.09065813471873983,38
506,2,1034,387,647,0,0,0,1.0,1,1.0,1,1.0,1,0.1298640248917901,37
507,2,1036,387,649,0,0,0,1.0,1,1.0,1,1.0,1,0.17204366804430515,35
508,2,1038,389,649,0,0,0,1.0,1,1.0,1,1.0,1,0.2221366301384143,35
509,2,1040,389,651,0,0,0,1.0,1,1.0,1,1.0,1,0.17736189310093037,34
510,2,1042,390,652,0,0,0,1.0,1,1.0,1,1.0,1,0.20242337982014283,34
511,2,1044,391,653,0,0,0,1.0,1,1.0,1,1.0,1,0.18279907907492024,32
512,0,1044,391,653,0,0,0,1.0,1,1.0,1,1.0,1,0.21213598849421822,30
513,1,1045,391,654,0,0,0,1.0,1,1.0,1,1.0,1,0.18325718755792558,31
514,0,1045,391,654,0,0,0,1.0,1,1.0,1,1.0,1,0.18325718755792558,31
515,3,1048,393,655,0,0,0,1.0,1,1.0,1,1.0,1,0.23946350879350378,32
516,1,1049,393,656,0,0,0,1.0,1,1.0,1,1.0,1,0.20612829134315525,31
517,3,1052,395,657,0,0,0,1.0,1,1.0,1,1.0,1,0.1877587678583469,32
518,1,1053,395,658,0,0,0,1.0,1,1.0,1,1.0,1,0.14961519145668625,31
519,2,1055,397,658,0,0,0,1.0,1,1.0,1,1.0,1,0.1472816124367879,31
520,2,1057,399,658,0,0,0,1.0,1,1.0,1,1.0,1,0.18108512829640377,33
521,2,1059,400,659,0,0,0,1.0,1,1.0,1,1.0,1,0.17704441857811262,34
522,1,1060,400,660,0,0,0,1.0,1,1.0,1,1.0,1,0.15160615315081055,34
523,0,1060,400,660,0,0,0,1.0,1,1.0,1,1.0,1,0.17266625170363467,33
524,3,1063,401,662,0,0,0,1.0,1,1.0,1,1.0,1,0.1884051375528534,34
525,2,1065,401,664,0,0,0,1.0,1,1.0,1,1.0,1,0.18179546556706608,32
526,1,1066,401,665,0,0,0,1.0,1,1.0,1,1.0,1,0.15400727161461458,32
527,0,1066,401,665,0,0,0,1.0,1,1.0,1,1.0,1,0.18465152337899823,31
528,2,1068,402,666,0,0,0,1.0,1,1.0,1,1.0,1,0.19977670113509358,31
529,1,1069,402,667,0,0,0,1.0,1,1.0,1,1.0,1,0.2156187054541929,30
530,1,1070,403,667,0,0,0,1.0,1,1.0,1,1.0,1,0.23912542373399748,30
531,2,1072,403,669,0,0,0,1.0,1,1.0,1,1.0,1,0.2599523807780032,32
532,5,1077,405,672,0,0,0,1.0,1,1.0,1,1.0,1,0.2325948862138427,32
533,2,1079,406,673,0,0,0,1.0,1,1.0,1,1.0,1,0.2107846193457907,34
534,2,1081,407,674,0,0,0,1.0,1,1.0,1,1.0,1,0.21309138993671925,34
535,2,1083,408,675,0,0,0,1.0,1,1.0,1,1.0,1,0.24677468511545153,37
536,0,1083,408,675,0,0,0,1.0,1,1.0,1,1.0,1,0.24677468511545153,37
537,3,1086,410,676,0,0,0,1.0,1,1.0,1,1.0,1,0.2963832842519078,37
538,4,1090,411,679,0,0,0,1.0,1,1.0,1,1.0,1,0.2546219344781254,38
539,1,1091,411,680,0,0,0,1.0,1,1.0,1,1.0,1,0.24728018807977042,38
540,0,1091,411,680,0,0,0,1.0,1,1.0,1,1.0,1,0.24728018807977042,38
541,1,1092,411,681,0,0,0,1.0,1,1.0,1,1.0,1,0.22474558241807724,39
542,2,1094,412,682,0,0,0,1.0,1,1.0,1,1.0,1,0.208814281626133,40
543,1,1095,412,683,0,0,0,1.0,1,1.0,1,1.0,1,0.22692151422023832,37
544,6,1101,414,687,0,0,0,1.0,1,1.0,1,1.0,1,0.22300389272028442,35
545,3,1104,415,689,0,0,0,1.0,1,1.0,1,1.0,1,0.15175956122695533,35
546,4,1108,418,690,0,0,0,1.0,1,1.0,1,1.0,1,0.17358422657960834,35
547,0,1108,418,690,0,0,0,1.0,1,1.0,1,1.0,1,0.14268879523859637,34
548,4,1112,420,692,0,0,0,1.0,1,1.0,1,1.0,1,0.23223537124151764,34
549,4,1116,422,694,0,0,0,1.0,1,1.0,1,1.0,1,0.22953403913811812,31
550,2,1118,423,695,0,0,0,1.0,1,1.0,1,1.0,1,0.19118312422992398,30
551,2,1120,425,695,0,0,0,1.0,1,1.0,1,1.0,1,0.216153643675987,31
552,2,1122,425,697,0,0,0,1.0,1,1.0,1,1.0,1,0.11551944253869782,29
553,0,1122,425,697,0,0,0,1.0,1,1.0,1,1.0,1,0.10055804538407474,30
554,0,1122,425,697,0,0,0,1.0,1,1.0,1,1.0,1,0.14304677835877672,30
555,1,1123,425,698,0,0,0,1.0,1,1.0,1,1.0,1,0.10310266268851805,30
556,0,1123,425,698,0,0,0,1.0,1,1.0,1,1.0,1,0.12461980691115311,31
557,0,1123,425,698,0,0,0,1.0,1,1.0,1,1.0,1,0.12066801414939879,31
558,0,1123,425,698,0,0,0,1.0,1,1.0,1,1.0,1,0.12066801414939879,31
559,1,1124,426,698,0,0,0,1.0,1,1.0,1,1.0,1,0.12888443740853192,31
560,1,1125,426,699,0,0,0,1.0,1,1.0,1,1.0,1,0.09056865889052304,32
561,3,1128,427,701,0,0,0,1.0,1,1.0,1,1.0,1,0.14586433641466398,33
562,0,1128,427,701,0,0,0,1.0,1,1.0,1,1.0,1,0.14586433641466398,33
563,1,1129,428,701,0,0,0,1.0,1,1.0,1,1.0,1,0.1761438193517453,33
564,2,1131,429,702,0,0,0,1.0,1,1.0,1,1.0,1,0.17853539520869022,34
565,2,1133,429,704,0,0,0,1.0,1,1.0,1,1.0,1,0.12956519266794025,35
566,2,1135,429,706,0,0,0,1.0,1,1.0,1,1.0,1,0.10855512498999796,36
567,5,1140,431,709,0,0,0,1.0,1,1.0,1,1.0,1,0.17189133888717104,37
568,3,1143,432,711,0,0,0,1.0,1,1.0,1,1.0,1,0.18183008527713976,36
569,4,1147,432,715,0,0,0,1.0,1,1.0,1,1.0,1,0.15275591300962893,37
570,0,1147,432,715,0,0,0,1.0,1,1.0,1,1.0,1,0.14455002602858957,38
571,1,1148,433,715,0,0,0,1.0,1,1.0,1,1.0,1,0.16632987705399216,38
572,1,1149,433,716,0,0,0,1.0,1,1.0,1,1.0,1,0.16372175667231167,39
573,0,1149,433,716,0,0,0,1.0,1,1.0,1,1.0,1,0.16372175667231167,39
574,1,1150,433,717,0,0,0,1.0,1,1.0,1,1.0,1,0.17161433278588784,41
575,1,1151,433,718,0,0,0,1.0,1,1.0,1,1.0,1,0.16047547891682915,41
576,0,1151,433,718,0,0,0,1.0,1,1.0,1,1.0,1,0.1681443454000083,42
577,1,1152,433,719,0,0,0,1.0,1,1.0,1,1.0,1,0.1565337429777685,42
578,1,1153,433,720,0,0,0,1.0,1,1.0,1,1.0,1,0.15364032380357415,41
579,0,1153,433,720,0,0,0,1.0,1,1.0,1,1.0,1,0.14334836733577713,42
580,3,1156,435,721,0,0,0,1.0,1,1.0,1,1.0,1,0.2229054559242942,43
581,8,1164,439,725,0,0,0,1.0,1,1.0,1,1.0,1,0.17747809244054233,42
582,3,1167,440,727,0,0,0,1.0,1,1.0,1,1.0,1,0.18849705566758546,41
583,2,1169,441,728,0,0,0,1.0,1,1.0,1,1.0,1,0.16320239972409228,40
584,3,1172,443,729,0,0,0,1.0,1,1.0,1,1.0,1,0.19650825676184377,38
585,6,1178,445,733,0,0,0,1.0,1,1.0,1,1.0,1,0.0973512645735465,38
586,2,1180,447,733,0,0,0,1.0,1,1.0,1,1.0,1,0.09131730192146673,37
587,4,1184,450,734,0,0,0,1.0,1,1.0,1,1.0,1,0.16555694912567012,35
588,1,1185,451,734,0,0,0,1.0,1,1.0,1,1.0,1,0.17619504251690224,35
589,4,1189,451,738,0,0,0,1.0,1,1.0,1,1.0,1,0.10474035854126457,34
590,1,1190,452,738,0,0,0,1.0,1,1.0,1,1.0,1,0.11185689166537792,36
591,1,1191,452,739,0,0,0,1.0,1,1.0,1,1.0,1,0.12003228774784515,35
592,3,1194,453,741,0,0,0,1.0,1,1.0,1,1.0,1,0.08705624080502274,37
593,0,1194,453,741,0,0,0,1.0,1,1.0,1,1.0,1,0.09311115311334515,36
594,2,1196,455,741,0,0,0,1.0,1,1.0,1,1.0,1,0.14874062566702584,35
595,1,1197,455,742,0,0,0,1.0,1,1.0,1,1.0,1,0.11101010869062734,34
596,2,1199,456,743,0,0,0,1.0,1,1.0,1,1.0,1,0.1408725851722599,34
597,3,1202,458,744,0,0,0,1.0,1,1.0,1,1.0,1,0.1774082399376644,33
598,0,1202,458,744,0,0,0,1.0,1,1.0,1,1.0,1,0.1780936358155397,33
599,1,1203,459,744,0,0,0,1.0,1,1.0,1,1.0,1,0.2008283418561308,33
600,2,1205,460,745,0,0,0,1.0,1,1.0,1,1.0,1,0.24814471642433297,33
601,2,1207,461,746,0,0,0,1.0,1,1.0,1,1.0,1,0.2395181387123568,34
602,1,1208,461,747,0,0,0,1.0,1,1.0,1,1.0,1,0.24970700444123506,35
603,3,1211,462,749,0,0,0,1.0,1,1.0,1,1.0,1,0.21488799255251984,35
604,0,1211,462,749,0,0,0,1.0,1,1.0,1,1.0,1,0.20818392896790192,35
605,2,1213,462,751,0,0,0,1.0,1,1.0,1,1.0,1,0.15988900291634947,35
606,0,1213,462,751,0,0,0,1.0,1,1.0,1,1.0,1,0.1860032021430298,35
607,0,1213,462,751,0,0,0,1.0,1,1.0,1,1.0,1,0.1860032021430298,35
608,1,1214,462,752,0,0,0,1.0,1,1.0,1,1.0,1,0.1982754674861199,36
609,3,1217,463,754,0,0,0,1.0,1,1.0,1,1.0,1,0.19255266372118662,37
610,1,1218,463,755,0,0,0,1.0,1,1.0,1,1.0,1,0.15838770392139434,37
611,5,1223,464,759,0,0,0,1.0,1,1.0,1,1.0,1,0.13707903413456185,39
612,4,1227,464,763,0,0,0,1.0,1,1.0,1,1.0,1,0.11849128745528412,39
613,2,1229,465,764,0,0,0,1.0,1,1.0,1,1.0,1,0.13166075948664552,39
614,3,1232,466,766,0,0,0,1.0,1,1.0,1,1.0,1,0.1400901811399342,39
615,2,1234,467,767,0,0,0,1.0,1,1.0,1,1.0,1,0.10622642344294418,39
616,2,1236,468,768,0,0,0,1.0,1,1.0,1,1.0,1,0.16071836184116162,38
617,6,1242,471,771,0,0,0,1.0,1,1.0,1,1.0,1,0.15288394004137346,39
618,3,1245,471,774,0,0,0,1.0,1,1.0,1,1.0,1,0.12809229155212626,40
619,1,1246,472,774,0,0,0,1.0,1,1.0,1,1.0,1,0.13136675828754912,39
620,0,1246,472,774,0,0,0,1.0,1,1.0,1,1.0,1,0.13372919769725553,38
621,7,1253,474,779,0,0,0,1.0,1,1.0,1,1.0,1,0.0935850442896888,38
622,1,1254,475,779,0,0,0,1.0,1,1.0,1,1.0,1,0.12256637318889942,38
623,2,1256,477,779,0,0,0,1.0,1,1.0,1,1.0,1,0.1373988735202251,37
624,3,1259,479,780,0,0,0,1.0,1,1.0,1,1.0,1,0.20710870107593635,33
625,8,1267,479,788,0,0,0,1.0,1,1.0,1,1.0,1,0.14066876210304163,32
626,4,1271,480,791,0,0,0,1.0,1,1.0,1,1.0,1,0.11532876643634961,31
627,4,1275,481,794,0,0,0,1.0,1,1.0,1,1.0,1,0.22142758615706304,30
628,5,1280,483,797,0,0,0,1.0,1,1.0,1,1.0,1,0.21114111083887277,32
629,4,1284,484,800,0,0,0,1.0,1,1.0,1,1.0,1,0.12739079022004784,29
630,1,1285,485,800,0,0,0,1.0,1,1.0,1,1.0,1,0.13382316763012628,29
631,0,1285,485,800,0,0,0,1.0,1,1.0,1,1.0,1,0.11750240055790184,25
632,0,1285,485,800,0,0,0,1.0,1,1.0,1,1.0,1,0.16971154733271612,24
633,1,1286,486,800,0,0,0,1.0,1,1.0,1,1.0,1,0.21739469412427218,23
634,1,1287,487,800,0,0,0,1.0,1,1.0,1,1.0,1,0.22713414379390848,23
635,3,1290,489,801,0,0,0,1.0,1,1.0,1,1.0,1,0.254038877682554,22
636,0,1290,489,801,0,0,0,1.0,1,1.0,1,1.0,1,0.3026871479292703,22
637,2,1292,489,803,0,0,0,1.0,1,1.0,1,1.0,1,0.2229372608008696,23
638,4,1296,491,805,0,0,0,1.0,1,1.0,1,1.0,1,0.3053883764727768,23
639,4,1300,491,809,0,0,0,1.0,1,1.0,1,1.0,1,0.32622131235538715,24
640,2,1302,491,811,0,0,0,1.0,1,1.0,1,1.0,1,0.22491397060049956,24
641,2,1304,491,813,0,0,0,1.0,1,1.0,1,1.0,1,0.17922620231864134,25
642,0,1304,491,813,0,0,0,1.0,1,1.0,1,1.0,1,0.13845211914492359,26
643,1,1305,491,814,0,0,0,1.0,1,1.0,1,1.0,1,0.16687609857972982,28
644,1,1306,491,815,0,0,0,1.0,1,1.0,1,1.0,1,0.20231971703632703,28
645,4,1310,492,818,0,0,0,1.0,1,1.0,1,1.0,1,0.13780980071575505,28
646,0,1310,492,818,0,0,0,1.0,1,1.0,1,1.0,1,0.15909945260842362,29
647,6,1316,494,822,0,0,0,1.0,1,1.0,1,1.0,1,0.18450916451042224,30
648,1,1317,494,823,0,0,0,1.0,1,1.0,1,1.0,1,0.15992443921861388,30
649,2,1319,495,824,0,0,0,1.0,1,1.0,1,1.0,1,0.12671815255026847,31
650,0,1319,495,824,0,0,0,1.0,1,1.0,1,1.0,1,0.12671815255026847,31
651,1,1320,495,825,0,0,0,1.0,1,1.0,1,1.0,1,0.12445895029126441,32
652,0,1320,495,825,0,0,0,1.0,1,1.0,1,1.0,1,0.12445895029126441,32
653,1,1321,495,826,0,0,0,1.0,1,1.0,1,1.0,1,0.1288442799343756,33
654,1,1322,495,827,0,0,0,1.0,1,1.0,1,1.0,1,0.12021840323112742,33
655,4,1326,498,828,0,0,0,1.0,1,1.0,1,1.0,1,0.16400550212989373,36
656,3,1329,500,829,0,0,0,1.0,1,1.0,1,1.0,1,0.23022346855829456,36
657,4,1333,501,832,0,0,0,1.0,1,1.0,1,1.0,1,0.2056557889861699,35
658,1,1334,502,832,0,0,0,1.0,1,1.0,1,1.0,1,0.21699922520387652,33
659,1,1335,502,833,0,0,0,1.0,1,1.0,1,1.0,1,0.2239436110427814,35
660,2,1337,502,835,0,0,0,1.0,1,1.0,1,1.0,1,0.24955954135542147,34
661,0,1337,502,835,0,0,0,1.0,1,1.0,1,1.0,1,0.2575827932833167,33
662,3,1340,505,835,0,0,0,1.0,1,1.0,1,1.0,1,0.34701790249824777,31
663,5,1345,506,839,0,0,0,1.0,1,1.0,1,1.0,1,0.2520238663419004,29
664,3,1348,508,840,0,0,0,1.0,1,1.0,1,1.0,1,0.2664014543140209,27
665,1,1349,508,841,0,0,0,1.0,1,1.0,1,1.0,1,0.2236803825978002,27
666,4,1353,509,844,0,0,0,1.0,1,1.0,1,1.0,1,0.15711813895697394,28
667,0,1353,509,844,0,0,0,1.0,1,1.0,1,1.0,1,0.15025971742049132,26
668,1,1354,510,844,0,0,0,1.0,1,1.0,1,1.0,1,0.17099124739992494,26
669,3,1357,511,846,0,0,0,1.0,1,1.0,1,1.0,1,0.12484666700099041,25
670,0,1357,511,846,0,0,0,1.0,1,1.0,1,1.0,1,0.15748157702264495,24
671,0,1357,511,846,0,0,0,1.0,1,1.0,1,1.0,1,0.15748157702264495,24
672,1,1358,512,846,0,0,0,1.0,1,1.0,1,1.0,1,0.20932264473892997,25
673,4,1362,513,849,0,0,0,1.0,1,1.0,1,1.0,1,0.13358098861759812,25
674,1,1363,514,849,0,0,0,1.0,1,1.0,1,1.0,1,0.10612443510356023,25
675,3,1366,516,850,0,0,0,1.0,1,1.0,1,1.0,1,0.21280493484555038,26
676,5,1371,519,852,0,0,0,1.0,1,1.0,1,1.0,1,0.18626162549098885,27
677,2,1373,520,853,0,0,0,1.0,1,1.0,1,1.0,1,0.18924194069247122,28
678,1,1374,520,854,0,0,0,1.0,1,1.0,1,1.0,1,0.17579616347089763,28
679,4,1378,522,856,0,0,0,1.0,1,1.0,1,1.0,1,0.18266384785348755,30
680,5,1383,522,861,0,0,0,1.0,1,1.0,1,1.0,1,0.23418987541098593,29
681,4,1387,523,864,0,0,0,1.0,1,1.0,1,1.0,1,0.17974260175893267,29
682,1,1388,523,865,0,0,0,1.0,1,1.0,1,1.0,1,0.18538107274001317,30
683,1,1389,523,866,0,0,0,1.0,1,1.0,1,1.0,1,0.14276857673631496,30
684,0,1389,523,866,0,0,0,1.0,1,1.0,1,1.0,1,0.14665065371897348,31
685,2,1391,524,867,0,0,0,1.0,1,1.0,1,1.0,1,0.16761422940258439,30
686,0,1391,524,867,0,0,0,1.0,1,1.0,1,1.0,1,0.16761422940258439,30
687,1,1392,524,868,0,0,0,1.0,1,1.0,1,1.0,1,0.1353015186693523,30
688,2,1394,524,870,0,0,0,1.0,1,1.0,1,1.0,1,0.1533049752424961,31
689,0,1394,524,870,0,0,0,1.0,1,1.0,1,1.0,1,0.14035667124147136,32
690,0,1394,524,870,0,0,0,1.0,1,1.0,1,1.0,1,0.14035667124147136,32
691,3,1397,526,871,0,0,0,1.0,1,1.0,1,1.0,1,0.13848543044768247,32
692,0,1397,526,871,0,0,0,1.0,1,1.0,1,1.0,1,0.13848543044768247,32
693,1,1398,527,871,0,0,0,1.0,1,1.0,1,1.0,1,0.1287827224390881,34
694,6,1404,530,874,0,0,0,1.0,1,1.0,1,1.0,1,0.1493776268978183,36
695,2,1406,531,875,0,0,0,1.0,1,1.0,1,1.0,1,0.14551819386703627,34
696,1,1407,532,875,0,0,0,1.0,1,1.0,1,1.0,1,0.21632447124753013,33
697,3,1410,532,878,0,0,0,1.0,1,1.0,1,1.0,1,0.1168519628350169,33
698,0,1410,532,878,0,0,0,1.0,1,1.0,1,1.0,1,0.11115761300907051,34
699,0,1410,532,878,0,0,0,1.0,1,1.0,1,1.0,1,0.10740195959605596,33
700,1,1411,533,878,0,0,0,1.0,1,1.0,1,1.0,1,0.08583317747525618,32
701,0,1411,533,878,0,0,0,1.0,1,1.0,1,1.0,1,0.106185600706954,33
702,3,1414,535,879,0,0,0,1.0,1,1.0,1,1.0,1,0.18493955966519493,34
703,3,1417,536,881,0,0,0,1.0,1,1.0,1,1.0,1,0.14377390055581116,32
704,0,1417,536,881,0,0,0,1.0,1,1.0,1,1.0,1,0.129919982366832,31
705,3,1420,539,881,0,0,0,1.0,1,1.0,1,1.0,1,0.13211794305521732,33
706,2,1422,541,881,0,0,0,1.0,1,1.0,1,1.0,1,0.2195322186270375,33
707,2,1424,542,882,0,0,0,1.0,1,1.0,1,1.0,1,0.17378795976759698,31
708,2,1426,544,882,0,0,0,1.0,1,1.0,1,1.0,1,0.2736183861512301,31
709,2,1428,545,883,0,0,0,1.0,1,1.0,1,1.0,1,0.2615065171506299,30
710,0,1428,545,883,0,0,0,1.0,1,1.0,1,1.0,1,0.2615065171506299,30
711,0,1428,545,883,0,0,0,1.0,1,1.0,1,1.0,1,0.26366553181055574,30
712,1,1429,545,884,0,0,0,1.0,1,1.0,1,1.0,1,0.25909341909179984,30
713,1,1430,545,885,0,0,0,1.0,1,1.0,1,1.0,1,0.26577944913620666,31
714,0,1430,545,885,0,0,0,1.0,1,1.0,1,1.0,1,0.29790296761798846,31
715,0,1430,545,885,0,0,0,1.0,1,1.0,1,1.0,1,0.29009444301442716,30
716,1,1431,546,885,0,0,0,1.0,1,1.0,1,1.0,1,0.31672334324533125,31
717,2,1433,546,887,0,0,0,1.0,1,1.0,1,1.0,1,0.24104409829447,32
718,3,1436,546,890,0,0,0,1.0,1,1.0,1,1.0,1,0.19429782485575878,32
719,0,1436,546,890,0,0,0,1.0,1,1.0,1,1.0,1,0.19429782485575878,32
720,1,1437,546,891,0,0,0,1.0,1,1.0,1,1.0,1,0.16051592119923908,34
721,3,1440,547,893,0,0,0,1.0,1,1.0,1,1.0,1,0.15525279616192073,34
722,2,1442,549,893,0,0,0,1.0,1,1.0,1,1.0,1,0.21257126921989153,34
723,8,1450,549,901,0,0,0,1.0,1,1.0,1,1.0,1,0.20470470790867945,35
724,4,1454,550,904,0,0,0,1.0,1,1.0,1,1.0,1,0.25494265178368575,36
725,5,1459,550,909,0,0,0,1.0,1,1.0,1,1.0,1,0.19798636143486845,37
726,1,1460,550,910,0,0,0,1.0,1,1.0,1,1.0,1,0.1952569750529901,37
727,3,1463,550,913,0,0,0,1.0,1,1.0,1,1.0,1,0.1973190380978813,38
728,2,1465,550,915,0,0,0,1.0,1,1.0,1,1.0,1,0.18919752760969655,39
729,0,1465,550,915,0,0,0,1.0,1,1.0,1,1.0,1,0.18919752760969655,39
730,2,1467,550,917,0,0,0,1.0,1,1.0,1,1.0,1,0.1664233649500313,40
731,0,1467,550,917,0,0,0,1.0,1,1.0,1,1.0,1,0.1664233649500313,40
732,0,1467,550,917,0,0,0,1.0,1,1.0,1,1.0,1,0.180213926834757,41
733,1,1468,550,918,0,0,0,1.0,1,1.0,1,1.0,1,0.1375816359100509,41
734,1,1469,551,918,0,0,0,1.0,1,1.0,1,1.0,1,0.1380313225919692,42
735,2,1471,552,919,0,0,0,1.0,1,1.0,1,1.0,1,0.12610380000522894,42
736,1,1472,552,920,0,0,0,1.0,1,1.0,1,1.0,1,0.13404147612199796,41
737,2,1474,554,920,0,0,0,1.0,1,1.0,1,1.0,1,0.18135241504504843,41
738,0,1474,554,920,0,0,0,1.0,1,1.0,1,1.0,1,0.14807918640350193,39
739,1,1475,555,920,0,0,0,1.0,1,1.0,1,1.0,1,0.1896548078219394,39
740,0,1475,555,920,0,0,0,1.0,1,1.0,1,1.0,1,0.20505473305241628,39
741,3,1478,555,923,0,0,0,1.0,1,1.0,1,1.0,1,0.1494336324072381,38
742,3,1481,557,924,0,0,0,1.0,1,1.0,1,1.0,1,0.15609138035584344,39
743,6,1487,560,927,0,0,0,1.0,1,1.0,1,1.0,1,0.15257845942330903,39
744,3,1490,562,928,0,0,0,1.0,1,1.0,1,1.0,1,0.1612663007334449,39
745,10,1500,565,935,0,0,0,1.0,1,1.0,1,1.0,1,0.13251090266406454,39
746,8,1508,568,940,0,0,0,1.0,1,1.0,1,1.0,1,0.21799656092998837,40
747,6,1514,569,945,0,0,0,1.0,1,1.0,1,1.0,1,0.17104350982864946,41
748,9,1523,570,953,0,0,0,1.0,1,1.0,1,1.0,1,0.14573489185378757,41
749,3,1526,570,956,0,0,0,1.0,1,1.0,1,1.0,1,0.12272740371909908,41
750,3,1529,572,957,0,0,0,1.0,1,1.0,1,1.0,1,0.14963483577036374,39
751,4,1533,573,960,0,0,0,1.0,1,1.0,1,1.0,1,0.1669748404474747,41
752,7,1540,575,965,0,0,0,1.0,1,1.0,1,1.0,1,0.2266405794112105,41
753,5,1545,575,970,0,0,0,1.0,1,1.0,1,1.0,1,0.16762410156294805,41
754,6,1551,577,974,0,0,0,1.0,1,1.0,1,1.0,1,0.15233714691523587,41
755,2,1553,578,975,0,0,0,1.0,1,1.0,1,1.0,1,0.16573468127872035,41
756,0,1553,578,975,0,0,0,1.0,1,1.0,1,1.0,1,0.16573468127872035,41
757,1,1554,579,975,0,0,0,1.0,1,1.0,1,1.0,1,0.19832732032765693,39
758,2,1556,579,977,0,0,0,1.0,1,1.0,1,1.0,1,0.14324467857311798,39
759,0,1556,579,977,0,0,0,1.0,1,1.0,1,1.0,1,0.159871739485917,39
760,0,1556,579,977,0,0,0,1.0,1,1.0,1,1.0,1,0.1832641149598914,40
761,2,1558,579,979,0,0,0,1.0,1,1.0,1,1.0,1,0.12496431275110108,41
762,2,1560,579,981,0,0,0,1.0,1,1.0,1,1.0,1,0.1062829269130626,42
763,2,1562,579,983,0,0,0,1.0,1,1.0,1,1.0,1,0.12893681152615113,43
764,3,1565,579,986,0,0,0,1.0,1,1.0,1,1.0,1,0.140657312766937,43
765,2,1567,579,988,0,0,0,1.0,1,1.0,1,1.0,1,0.09840542970913141,45
766,0,1567,579,988,0,0,0,1.0,1,1.0,1,1.0,1,0.09840542970913141,45
767,1,1568,579,989,0,0,0,1.0,1,1.0,1,1.0,1,0.09519848952938145,46
768,0,1568,579,989,0,0,0,1.0,1,1.0,1,1.0,1,0.0868096764059242,45
769,1,1569,579,990,0,0,0,1.0,1,1.0,1,1.0,1,0.07642909884232521,46
770,0,1569,579,990,0,0,0,1.0,1,1.0,1,1.0,1,0.08058996469465315,47
771,3,1572,581,991,0,0,0,1.0,1,1.0,1,1.0,1,0.14859592779409964,47
772,2,1574,581,993,0,0,0,1.0,1,1.0,1,1.0,1,0.12206058884659117,46
773,1,1575,581,994,0,0,0,1.0,1,1.0,1,1.0,1,0.08313776920915164,45
774,0,1575,581,994,0,0,0,1.0,1,1.0,1,1.0,1,0.1123660187127079,45
775,2,1577,582,995,0,0,0,1.0,1,1.0,1,1.0,1,0.09025111717045009,45
776,1,1578,582,996,0,0,0,1.0,1,1.0,1,1.0,1,0.08100911039124313,43
777,1,1579,583,996,0,0,0,1.0,1,1.0,1,1.0,1,0.09671112546417393,44
778,3,1582,585,997,0,0,0,1.0,1,1.0,1,1.0,1,0.16357560147664185,45
779,1,1583,585,998,0,0,0,1.0,1,1.0,1,1.0,1,0.1547838853178154,45
780,2,1585,585,1000,0,0,0,1.0,1,1.0,1,1.0,1,0.1547838853178154,45
781,0,1585,585,1000,0,0,0,1.0,1,1.0,1,1.0,1,0.14064084061462107,46
782,3,1588,585,1003,0,0,0,1.0,1,1.0,1,1.0,1,0.1647565954012914,47
783,4,1592,586,1006,0,0,0,1.0,1,1.0,1,1.0,1,0.09780108391013353,46
784,2,1594,586,1008,0,0,0,1.0,1,1.0,1,1.0,1,0.0730737920651089,45
785,2,1596,586,1010,0,0,0,1.0,1,1.0,1,1.0,1,0.07121843273726255,43
786,0,1596,586,1010,0,0,0,1.0,1,1.0,1,1.0,1,0.07121843273726255,43
787,1,1597,587,1010,0,0,0,1.0,1,1.0,1,1.0,1,0.10280273026224493,43
788,3,1600,588,1012,0,0,0,1.0,1,1.0,1,1.0,1,0.15950047093348432,44
789,4,1604,589,1015,0,0,0,1.0,1,1.0,1,1.0,1,0.15518050089342603,46
790,3,1607,591,1016,0,0,0,1.0,1,1.0,1,1.0,1,0.16366392642577074,46
791,1,1608,592,1016,0,0,0,1.0,1,1.0,1,1.0,1,0.16835180902784533,46
792,1,1609,592,1017,0,0,0,1.0,1,1.0,1,1.0,1,0.14788404424721838,47
793,4,1613,592,1021,0,0,0,1.0,1,1.0,1,1.0,1,0.09245245221808457,48
794,1,1614,592,1022,0,0,0,1.0,1,1.0,1,1.0,1,0.12493530274867616,48
795,0,1614,592,1022,0,0,0,1.0,1,1.0,1,1.0,1,0.1296925614829877,47
796,1,1615,593,1022,0,0,0,1.0,1,1.0,1,1.0,1,0.2051181412679204,45
797,8,1623,593,1030,0,0,0,1.0,1,1.0,1,1.0,1,0.0935494319160042,47
798,0,1623,593,1030,0,0,0,1.0,1,1.0,1,1.0,1,0.09260907069122669,48
799,1,1624,594,1030,0,0,0,1.0,1,1.0,1,1.0,1,0.08206835257550314,48
800,2,1626,596,1030,0,0,0,1.0,1,1.0,1,1.0,1,0.10454930797610702,48
801,2,1628,597,1031,0,0,0,1.0,1,1.0,1,1.0,1,0.07308975808209477,49
802,2,1630,599,1031,0,0,0,1.0,1,1.0,1,1.0,1,0.13905582870717462,50
803,1,1631,599,1032,0,0,0,1.0,1,1.0,1,1.0,1,0.13538033036492517,50
804,2,1633,599,1034,0,0,0,1.0,1,1.0,1,1.0,1,0.1364262994271026,50
805,3,1636,600,1036,0,0,0,1.0,1,1.0,1,1.0,1,0.14306781498231635,50
806,1,1637,600,1037,0,0,0,1.0,1,1.0,1,1.0,1,0.14997221384825488,51
807,2,1639,602,1037,0,0,0,1.0,1,1.0,1,1.0,1,0.1625759999058686,51
808,1,1640,602,1038,0,0,0,1.0,1,1.0,1,1.0,1,0.1738598826000592,53
809,2,1642,602,1040,0,0,0,1.0,1,1.0,1,1.0,1,0.11725463649614506,51
810,0,1642,602,1040,0,0,0,1.0,1,1.0,1,1.0,1,0.12527084228998184,52
811,1,1643,602,1041,0,0,0,1.0,1,1.0,1,1.0,1,0.08638327809541496,50
812,2,1645,602,1043,0,0,0,1.0,1,1.0,1,1.0,1,0.07136637879257164,51
813,2,1647,604,1043,0,0,0,1.0,1,1.0,1,1.0,1,0.10872775684742048,51
814,1,1648,605,1043,0,0,0,1.0,1,1.0,1,1.0,1,0.15390277423228224,52
815,1,1649,606,1043,0,0,0,1.0,1,1.0,1,1.0,1,0.1993268263018036,50
816,2,1651,606,1045,0,0,0,1.0,1,1.0,1,1.0,1,0.1957637285563648,50
817,4,1655,606,1049,0,0,0,1.0,1,1.0,1,1.0,1,0.1373342093489021,49
818,3,1658,608,1050,0,0,0,1.0,1,1.0,1,1.0,1,0.17143657931548045,49
819,2,1660,608,1052,0,0,0,1.0,1,1.0,1,1.0,1,0.14244100947263952,50
820,1,1661,608,1053,0,0,0,1.0,1,1.0,1,1.0,1,0.1691938312132161,49
821,2,1663,608,1055,0,0,0,1.0,1,1.0,1,1.0,1,0.14122452453476206,49
822,1,1664,609,1055,0,0,0,1.0,1,1.0,1,1.0,1,0.13548117964060943,49
823,5,1669,612,1057,0,0,0,1.0,1,1.0,1,1.0,1,0.20332407761683582,47
824,6,1675,617,1058,0,0,0,1.0,1,1.0,1,1.0,1,0.19060099807007905,45
825,3,1678,617,1061,0,0,0,1.0,1,1.0,1,1.0,1,0.1349564803093678,43
826,2,1680,618,1062,0,0,0,1.0,1,1.0,1,1.0,1,0.11105035767723648,44
827,0,1680,618,1062,0,0,0,1.0,1,1.0,1,1.0,1,0.1097139221025082,43
828,2,1682,620,1062,0,0,0,1.0,1,1.0,1,1.0,1,0.14992959196960748,43
829,7,1689,622,1067,0,0,0,1.0,1,1.0,1,1.0,1,0.09678402600125956,45
830,3,1692,622,1070,0,0,0,1.0,1,1.0,1,1.0,1,0.07700774375143327,46
831,3,1695,623,1072,0,0,0,1.0,1,1.0,1,1.0,1,0.08679976724384678,48
832,4,1699,624,1075,0,0,0,1.0,1,1.0,1,1.0,1,0.10505815152555228,47
833,1,1700,624,1076,0,0,0,1.0,1,1.0,1,1.0,1,0.08387317666771381,47
834,0,1700,624,1076,0,0,0,1.0,1,1.0,1,1.0,1,0.10631937827643795,46
835,0,1700,624,1076,0,0,0,1.0,1,1.0,1,1.0,1,0.1087164416205294,45
836,3,1703,625,1078,0,0,0,1.0,1,1.0,1,1.0,1,0.10744893495377758,46
837,1,1704,625,1079,0,0,0,1.0,1,1.0,1,1.0,1,0.08482176014786566,46
838,0,1704,625,1079,0,0,0,1.0,1,1.0,1,1.0,1,0.09183970705287177,45
839,3,1707,627,1080,0,0,0,1.0,1,1.0,1,1.0,1,0.13928693007213672,46
840,3,1710,628,1082,0,0,0,1.0,1,1.0,1,1.0,1,0.1312922140018142,46
841,4,1714,629,1085,0,0,0,1.0,1,1.0,1,1.0,1,0.1363201727143507,46
842,1,1715,630,1085,0,0,0,1.0,1,1.0,1,1.0,1,0.1543458615970972,46
843,4,1719,632,1087,0,0,0,1.0,1,1.0,1,1.0,1,0.2020903260377551,46
844,7,1726,635,1091,0,0,0,1.0,1,1.0,1,1.0,1,0.23096959308154558,47
845,5,1731,636,1095,0,0,0,1.0,1,1.0,1,1.0,1,0.20582939621853305,48
846,4,1735,637,1098,0,0,0,1.0,1,1.0,1,1.0,1,0.1695002218553404,47
847,2,1737,637,1100,0,0,0,1.0,1,1.0,1,1.0,1,0.16452682781142713,48
848,1,1738,637,1101,0,0,0,1.0,1,1.0,1,1.0,1,0.17157432859476066,48
849,4,1742,638,1104,0,0,0,1.0,1,1.0,1,1.0,1,0.16368311269317024,48
850,2,1744,638,1106,0,0,0,1.0,1,1.0,1,1.0,1,0.1356700486550419,46
851,1,1745,638,1107,0,0,0,1.0,1,1.0,1,1.0,1,0.12937296135327134,45
852,0,1745,638,1107,0,0,0,1.0,1,1.0,1,1.0,1,0.15010231380489986,44
853,3,1748,639,1109,0,0,0,1.0,1,1.0,1,1.0,1,0.1064546672280916,44
854,2,1750,641,1109,0,0,0,1.0,1,1.0,1,1.0,1,0.12216998171198076,45
855,0,1750,641,1109,0,0,0,1.0,1,1.0,1,1.0,1,0.12691369101511993,46
856,2,1752,642,1110,0,0,0,1.0,1,1.0,1,1.0,1,0.11660333750276478,46
857,2,1754,642,1112,0,0,0,1.0,1,1.0,1,1.0,1,0.0886614545765751,47
858,2,1756,643,1113,0,0,0,1.0,1,1.0,1,1.0,1,0.09813165647996043,48
859,0,1756,643,1113,0,0,0,1.0,1,1.0,1,1.0,1,0.09813165647996043,48
860,1,1757,644,1113,0,0,0,1.0,1,1.0,1,1.0,1,0.12659353814694316,49
861,1,1758,645,1113,0,0,0,1.0,1,1.0,1,1.0,1,0.14043846774141444,49
862,3,1761,646,1115,0,0,0,1.0,1,1.0,1,1.0,1,0.11406273677525397,49
863,2,1763,648,1115,0,0,0,1.0,1,1.0,1,1.0,1,0.12819732322446253,48
864,3,1766,649,1117,0,0,0,1.0,1,1.0,1,1.0,1,0.10498357894332755,49
865,2,1768,649,1119,0,0,0,1.0,1,1.0,1,1.0,1,0.09324613243320823,48
866,2,1770,650,1120,0,0,0,1.0,1,1.0,1,1.0,1,0.09606366150390139,50
867,6,1776,651,1125,0,0,0,1.0,1,1.0,1,1.0,1,0.09626028811138147,50
868,6,1782,652,1130,0,0,0,1.0,1,1.0,1,1.0,1,0.08612572629976238,51
869,0,1782,652,1130,0,0,0,1.0,1,1.0,1,1.0,1,0.08036508499820787,49
870,3,1785,655,1130,0,0,0,1.0,1,1.0,1,1.0,1,0.12873076217261914,49
871,3,1788,657,1131,0,0,0,1.0,1,1.0,1,1.0,1,0.16499031563338618,49
872,2,1790,658,1132,0,0,0,1.0,1,1.0,1,1.0,1,0.19533337327744746,48
873,7,1797,660,1137,0,0,0,1.0,1,1.0,1,1.0,1,0.11922082627642575,49
874,0,1797,660,1137,0,0,0,1.0,1,1.0,1,1.0,1,0.12412094707115222,49
875,3,1800,661,1139,0,0,0,1.0,1,1.0,1,1.0,1,0.1383100832205981,50
876,2,1802,661,1141,0,0,0,1.0,1,1.0,1,1.0,1,0.1254522129572908,50
877,5,1807,663,1144,0,0,0,1.0,1,1.0,1,1.0,1,0.11803160942342808,50
878,2,1809,663,1146,0,0,0,1.0,1,1.0,1,1.0,1,0.11570186918295845,49
879,2,1811,665,1146,0,0,0,1.0,1,1.0,1,1.0,1,0.15177531456140983,49
880,1,1812,665,1147,0,0,0,1.0,1,1.0,1,1.0,1,0.13129024362552738,48
881,6,1818,667,1151,0,0,0,1.0,1,1.0,1,1.0,1,0.09792596804483324,49
882,0,1818,667,1151,0,0,0,1.0,1,1.0,1,1.0,1,0.08028842595198984,48
883,2,1820,667,1153,0,0,0,1.0,1,1.0,1,1.0,1,0.07804050951199047,50
884,4,1824,667,1157,0,0,0,1.0,1,1.0,1,1.0,1,0.10119501862020457,50
885,4,1828,669,1159,0,0,0,1.0,1,1.0,1,1.0,1,0.06754766368547084,49
886,3,1831,670,1161,0,0,0,1.0,1,1.0,1,1.0,1,0.12279190584472566,49
887,1,1832,670,1162,0,0,0,1.0,1,1.0,1,1.0,1,0.1118533464922403,49
888,2,1834,671,1163,0,0,0,1.0,1,1.0,1,1.0,1,0.15379465500669984,47
889,2,1836,671,1165,0,0,0,1.0,1,1.0,1,1.0,1,0.0993263235733473,46
890,0,1836,671,1165,0,0,0,1.0,1,1.0,1,1.0,1,0.11254452606332865,44
891,2,1838,672,1166,0,0,0,1.0,1,1.0,1,1.0,1,0.12187225237911184,45
892,2,1840,673,1167,0,0,0,1.0,1,1.0,1,1.0,1,0.12275371701639239,45
893,1,1841,674,1167,0,0,0,1.0,1,1.0,1,1.0,1,0.15375381489946735,45
894,1,1842,674,1168,0,0,0,1.0,1,1.0,1,1.0,1,0.1386758203338894,44
895,1,1843,675,1168,0,0,0,1.0,1,1.0,1,1.0,1,0.11163277997297567,45
896,1,1844,676,1168,0,0,0,1.0,1,1.0,1,1.0,1,0.11958270641467231,44
897,1,1845,676,1169,0,0,0,1.0,1,1.0,1,1.0,1,0.10792803736725909,44
898,0,1845,676,1169,0,0,0,1.0,1,1.0,1,1.0,1,0.11160499817233012,45
899,0,1845,676,1169,0,0,0,1.0,1,1.0,1,1.0,1,0.1296390033690361,44
900,3,1848,678,1170,0,0,0,1.0,1,1.0,1,1.0,1,0.17805705756858134,46
901,5,1853,678,1175,0,0,0,1.0,1,1.0,1,1.0,1,0.09616087474999752,45
902,2,1855,680,1175,0,0,0,1.0,1,1.0,1,1.0,1,0.13402181621782924,45
903,3,1858,682,1176,0,0,0,1.0,1,1.0,1,1.0,1,0.15969156844050347,44
904,2,1860,683,1177,0,0,0,1.0,1,1.0,1,1.0,1,0.18381978053905937,45
905,7,1867,684,1183,0,0,0,1.0,1,1.0,1,1.0,1,0.1739573503102083,45
906,1,1868,684,1184,0,0,0,1.0,1,1.0,1,1.0,1,0.15816867336001955,45
907,5,1873,685,1188,0,0,0,1.0,1,1.0,1,1.0,1,0.13431436806006308,46
908,4,1877,685,1192,0,0,0,1.0,1,1.0,1,1.0,1,0.11674650223402488,46
909,6,1883,688,1195,0,0,0,1.0,1,1.0,1,1.0,1,0.10026736812697866,46
910,0,1883,688,1195,0,0,0,1.0,1,1.0,1,1.0,1,0.13532497595104717,44
911,1,1884,689,1195,0,0,0,1.0,1,1.0,1,1.0,1,0.14904598892136828,45
912,0,1884,689,1195,0,0,0,1.0,1,1.0,1,1.0,1,0.1682672783907892,44
913,5,1889,690,1199,0,0,0,1.0,1,1.0,1,1.0,1,0.12184864336434507,45
914,3,1892,692,1200,0,0,0,1.0,1,1.0,1,1.0,1,0.1425608862718742,45
915,3,1895,693,1202,0,0,0,1.0,1,1.0,1,1.0,1,0.1614713623207626,45
916,1,1896,693,1203,0,0,0,1.0,1,1.0,1,1.0,1,0.17087027704433488,45
917,4,1900,693,1207,0,0,0,1.0,1,1.0,1,1.0,1,0.11082189728561906,46
918,1,1901,693,1208,0,0,0,1.0,1,1.0,1,1.0,1,0.13502694351708738,47
919,6,1907,694,1213,0,0,0,1.0,1,1.0,1,1.0,1,0.09321185373737088,47
920,0,1907,694,1213,0,0,0,1.0,1,1.0,1,1.0,1,0.09321185373737088,47
921,5,1912,696,1216,0,0,0,1.0,1,1.0,1,1.0,1,0.12306048497683102,49
922,0,1912,696,1216,0,0,0,1.0,1,1.0,1,1.0,1,0.12306048497683102,49
923,4,1916,698,1218,0,0,0,1.0,1,1.0,1,1.0,1,0.1468882844458507,47
924,2,1918,700,1218,0,0,0,1.0,1,1.0,1,1.0,1,0.15830428327665183,47
925,5,1923,702,1221,0,0,0,1.0,1,1.0,1,1.0,1,0.12243554135180844,47
926,1,1924,703,1221,0,0,0,1.0,1,1.0,1,1.0,1,0.1540934233554227,46
927,1,1925,704,1221,0,0,0,1.0,1,1.0,1,1.0,1,0.18850816732516118,45
928,0,1925,704,1221,0,0,0,1.0,1,1.0,1,1.0,1,0.22252703571874313,43
929,4,1929,704,1225,0,0,0,1.0,1,1.0,1,1.0,1,0.15184881249377258,42
930,3,1932,705,1227,0,0,0,1.0,1,1.0,1,1.0,1,0.14058194758414425,41
931,0,1932,705,1227,0,0,0,1.0,1,1.0,1,1.0,1,0.14573941965008655,40
932,0,1932,705,1227,0,0,0,1.0,1,1.0,1,1.0,1,0.14573941965008655,40
933,2,1934,707,1227,0,0,0,1.0,1,1.0,1,1.0,1,0.21130154963107076,39
934,2,1936,708,1228,0,0,0,1.0,1,1.0,1,1.0,1,0.22507136225536706,39
935,4,1940,710,1230,0,0,0,1.0,1,1.0,1,1.0,1,0.22968613805830249,41
936,4,1944,710,1234,0,0,0,1.0,1,1.0,1,1.0,1,0.21627573550051882,42
937,4,1948,710,1238,0,0,0,1.0,1,1.0,1,1.0,1,0.14288047609157398,43
938,0,1948,710,1238,0,0,0,1.0,1,1.0,1,1.0,1,0.16134310700296503,44
939,4,1952,710,1242,0,0,0,1.0,1,1.0,1,1.0,1,0.12848318013015658,46
940,0,1952,710,1242,0,0,0,1.0,1,1.0,1,1.0,1,0.16414987300408845,46
941,2,1954,711,1243,0,0,0,1.0,1,1.0,1,1.0,1,0.15722271571465302,46
942,3,1957,713,1244,0,0,0,1.0,1,1.0,1,1.0,1,0.1914926001226091,46
943,3,1960,714,1246,0,0,0,1.0,1,1.0,1,1.0,1,0.15179567992214751,45
944,1,1961,715,1246,0,0,0,1.0,1,1.0,1,1.0,1,0.13791320056574463,45
945,4,1965,716,1249,0,0,0,1.0,1,1.0,1,1.0,1,0.09384057901871212,44
946,2,1967,717,1250,0,0,0,1.0,1,1.0,1,1.0,1,0.10637911232062539,46
947,0,1967,717,1250,0,0,0,1.0,1,1.0,1,1.0,1,0.08338924680538531,44
948,1,1968,718,1250,0,0,0,1.0,1,1.0,1,1.0,1,0.11260344364401058,44
949,2,1970,719,1251,0,0,0,1.0,1,1.0,1,1.0,1,0.1354984323810777,44
950,0,1970,719,1251,0,0,0,1.0,1,1.0,1,1.0,1,0.14802686843134405,43
951,0,1970,719,1251,0,0,0,1.0,1,1.0,1,1.0,1,0.17205008209952213,42
952,1,1971,720,1251,0,0,0,1.0,1,1.0,1,1.0,1,0.19663097864784318,42
953,1,1972,720,1252,0,0,0,1.0,1,1.0,1,1.0,1,0.17021475624844176,41
954,1,1973,721,1252,0,0,0,1.0,1,1.0,1,1.0,1,0.17383355693852406,40
955,4,1977,721,1256,0,0,0,1.0,1,1.0,1,1.0,1,0.11774849813916764,42
956,2,1979,723,1256,0,0,0,1.0,1,1.0,1,1.0,1,0.1492680838236976,43
957,2,1981,723,1258,0,0,0,1.0,1,1.0,1,1.0,1,0.0992213169581089,42
958,0,1981,723,1258,0,0,0,1.0,1,1.0,1,1.0,1,0.13319177068430008,43
959,2,1983,724,1259,0,0,0,1.0,1,1.0,1,1.0,1,0.1837421658045125,45
960,5,1988,725,1263,0,0,0,1.0,1,1.0,1,1.0,1,0.20058943881141345,47
961,1,1989,725,1264,0,0,0,1.0,1,1.0,1,1.0,1,0.1558379440280347,45
962,2,1991,727,1264,0,0,0,1.0,1,1.0,1,1.0,1,0.19649377153035552,45
963,3,1994,728,1266,0,0,0,1.0,1,1.0,1,1.0,1,0.18419789498864023,44
964,0,1994,728,1266,0,0,0,1.0,1,1.0,1,1.0,1,0.1894383145548923,44
965,6,2000,728,1272,0,0,0,1.0,1,1.0,1,1.0,1,0.11181086423637634,45
966,1,2001,729,1272,0,0,0,1.0,1,1.0,1,1.0,1,0.10648938005520214,43
967,0,2001,729,1272,0,0,0,1.0,1,1.0,1,1.0,1,0.10648938005520214,43
968,0,2001,729,1272,0,0,0,1.0,1,1.0,1,1.0,1,0.10586123295206615,43
969,2,2003,730,1273,0,0,0,1.0,1,1.0,1,1.0,1,0.1449274882482196,42
970,2,2005,730,1275,0,0,0,1.0,1,1.0,1,1.0,1,0.1373890757752316,42
971,0,2005,730,1275,0,0,0,1.0,1,1.0,1,1.0,1,0.1373890757752316,42
972,0,2005,730,1275,0,0,0,1.0,1,1.0,1,1.0,1,0.1373890757752316,42
973,0,2005,730,1275,0,0,0,1.0,1,1.0,1,1.0,1,0.1389149386815691,43
974,1,2006,731,1275,0,0,0,1.0,1,1.0,1,1.0,1,0.1284161498083636,43
975,1,2007,731,1276,0,0,0,1.0,1,1.0,1,1.0,1,0.11829762016902232,43
976,4,2011,732,1279,0,0,0,1.0,1,1.0,1,1.0,1,0.11986588109645312,45
977,1,2012,732,1280,0,0,0,1.0,1,1.0,1,1.0,1,0.12396790880310944,44
978,2,2014,733,1281,0,0,0,1.0,1,1.0,1,1.0,1,0.1388382238892365,44
979,1,2015,733,1282,0,0,0,1.0,1,1.0,1,1.0,1,0.16142774454728878,45
980,1,2016,734,1282,0,0,0,1.0,1,1.0,1,1.0,1,0.14753728281777567,45
981,1,2017,734,1283,0,0,0,1.0,1,1.0,1,1.0,1,0.1345214313897748,45
982,3,2020,737,1283,0,0,0,1.0,1,1.0,1,1.0,1,0.22425003028182483,46
983,6,2026,739,1287,0,0,0,1.0,1,1.0,1,1.0,1,0.1889229155871308,45
984,1,2027,740,1287,0,0,0,1.0,1,1.0,1,1.0,1,0.18887391689802924,45
985,4,2031,744,1287,0,0,0,1.0,1,1.0,1,1.0,1,0.24017112295309995,45
986,1,2032,745,1287,0,0,0,1.0,1,1.0,1,1.0,1,0.2503074828285208,44
987,7,2039,746,1293,0,0,0,1.0,1,1.0,1,1.0,1,0.1982427976136319,45
988,4,2043,748,1295,0,0,0,1.0,1,1.0,1,1.0,1,0.19241949427138835,44
989,4,2047,749,1298,0,0,0,1.0,1,1.0,1,1.0,1,0.19633271819829967,43
990,1,2048,750,1298,0,0,0,1.0,1,1.0,1,1.0,1,0.21097454157687895,42
991,2,2050,751,1299,0,0,0,1.0,1,1.0,1,1.0,1,0.20090970813169928,42
992,0,2050,751,1299,0,0,0,1.0,1,1.0,1,1.0,1,0.20343826616063523,43
993,6,2056,753,1303,0,0,0,1.0,1,1.0,1,1.0,1,0.1761439767882651,43
994,0,2056,753,1303,0,0,0,1.0,1,1.0,1,1.0,1,0.19348805507460975,43
995,0,2056,753,1303,0,0,0,1.0,1,1.0,1,1.0,1,0.17780668070318748,43
996,0,2056,753,1303,0,0,0,1.0,1,1.0,1,1.0,1,0.18891871381019604,44
997,1,2057,753,1304,0,0,0,1.0,1,1.0,1,1.0,1,0.17802299337294486,44
998,1,2058,753,1305,0,0,0,1.0,1,1.0,1,1.0,1,0.17335243836578504,45
999,1,2059,753,1306,0,0,0,1.0,1,1.0,1,1.0,1,0.17234178176191461,42
1000,0,2059,753,1306,0,0,0,1.0,1,1.0,1,1.0,1,0.15192129453423805,43
1001,2,2061,753,1308,0,0,0,1.0,1,1.0,1,1.0,1,0.13421190067412211,42
1002,0,2061,753,1308,0,0,0,1.0,1,1.0,1,1.0,1,0.1429285863527566,43
1003,1,2062,753,1309,0,0,0,1.0,1,1.0,1,1.0,1,0.12144302654927049,43
1004,0,2062,753,1309,0,0,0,1.0,1,1.0,1,1.0,1,0.12144302654927049,43
1005,0,2062,753,1309,0,0,0,1.0,1,1.0,1,1.0,1,0.13157868674626066,44
1006,0,2062,753,1309,0,0,0,1.0,1,1.0,1,1.0,1,0.1591315101530818,46
1007,0,2062,753,1309,0,0,0,1.0,1,1.0,1,1.0,1,0.1591315101530818,46
1008,3,2065,753,1312,0,0,0,1.0,1,1.0,1,1.0,1,0.14170642112128565,47
1009,0,2065,753,1312,0,0,0,1.0,1,1.0,1,1.0,1,0.12332320567046659,48
1010,0,2065,753,1312,0,0,0,1.0,1,1.0,1,1.0,1,0.12332320567046659,48
1011,0,2065,753,1312,0,0,0,1.0,1,1.0,1,1.0,1,0.12332320567046659,48
1012,4,2069,755,1314,0,0,0,1.0,1,1.0,1,1.0,1,0.15369743791474064,49
1013,1,2070,756,1314,0,0,0,1.0,1,1.0,1,1.0,1,0.14036054165440662,50
1014,0,2070,756,1314,0,0,0,1.0,1,1.0,1,1.0,1,0.14036054165440662,50
1015,0,2070,756,1314,0,0,0,1.0,1,1.0,1,1.0,1,0.1449531162130618,51
1016,1,2071,757,1314,0,0,0,1.0,1,1.0,1,1.0,1,0.15306139324737492,51
1017,1,2072,757,1315,0,0,0,1.0,1,1.0,1,1.0,1,0.15325427067479086,52
1018,5,2077,759,1318,0,0,0,1.0,1,1.0,1,1.0,1,0.12658237120265445,52
1019,3,2080,759,1321,0,0,0,1.0,1,1.0,1,1.0,1,0.12728931592843862,52
1020,3,2083,759,1324,0,0,0,1.0,1,1.0,1,1.0,1,0.10544786444154718,53
1021,1,2084,759,1325,0,0,0,1.0,1,1.0,1,1.0,1,0.10769715959030933,53
1022,1,2085,759,1326,0,0,0,1.0,1,1.0,1,1.0,1,0.10544049470798798,54
1023,1,2086,760,1326,0,0,0,1.0,1,1.0,1,1.0,1,0.09666622154434645,55
1024,0,2086,760,1326,0,0,0,1.0,1,1.0,1,1.0,1,0.08969341802158746,55
1025,1,2087,760,1327,0,0,0,1.0,1,1.0,1,1.0,1,0.08161199324766319,56
1026,2,2089,761,1328,0,0,0,1.0,1,1.0,1,1.0,1,0.10695400186723004,57
1027,0,2089,761,1328,0,0,0,1.0,1,1.0,1,1.0,1,0.11093245745595062,58
1028,8,2097,765,1332,0,0,0,1.0,1,1.0,1,1.0,1,0.15393527623010772,58
1029,6,2103,766,1337,0,0,0,1.0,1,1.0,1,1.0,1,0.09661911025206327,59
1030,0,2103,766,1337,0,0,0,1.0,1,1.0,1,1.0,1,0.10407032327364298,60
1031,1,2104,767,1337,0,0,0,1.0,1,1.0,1,1.0,1,0.12973738857488185,60
1032,2,2106,767,1339,0,0,0,1.0,1,1.0,1,1.0,1,0.12150728950263111,61
1033,3,2109,768,1341,0,0,0,1.0,1,1.0,1,1.0,1,0.10190834737075541,60
1034,4,2113,771,1342,0,0,0,1.0,1,1.0,1,1.0,1,0.11086399560908303,60
1035,0,2113,771,1342,0,0,0,1.0,1,1.0,1,1.0,1,0.10810438746303305,59
1036,1,2114,772,1342,0,0,0,1.0,1,1.0,1,1.0,1,0.11463996216654387,60
1037,3,2117,773,1344,0,0,0,1.0,1,1.0,1,1.0,1,0.14540404284857153,59
1038,4,2121,774,1347,0,0,0,1.0,1,1.0,1,1.0,1,0.14574893901105906,60
1039,5,2126,777,1349,0,0,0,1.0,1,1.0,1,1.0,1,0.12855113077128158,60
1040,5,2131,778,1353,0,0,0,1.0,1,1.0,1,1.0,1,0.14152234720995185,58
1041,5,2136,780,1356,0,0,0,1.0,1,1.0,1,1.0,1,0.11533607093479897,56
1042,2,2138,780,1358,0,0,0,1.0,1,1.0,1,1.0,1,0.092262737296414,55
1043,0,2138,780,1358,0,0,0,1.0,1,1.0,1,1.0,1,0.092262737296414,55
1044,3,2141,783,1358,0,0,0,1.0,1,1.0,1,1.0,1,0.11104274910505062,52
1045,4,2145,783,1362,0,0,0,1.0,1,1.0,1,1.0,1,0.06587714063308947,52
1046,6,2151,784,1367,0,0,0,1.0,1,1.0,1,1.0,1,0.08956364017015149,53
1047,1,2152,784,1368,0,0,0,1.0,1,1.0,1,1.0,1,0.09253271213044259,54
1048,2,2154,786,1368,0,0,0,1.0,1,1.0,1,1.0,1,0.11698772550209816,56
1049,3,2157,787,1370,0,0,0,1.0,1,1.0,1,1.0,1,0.09662875342464657,55
1050,1,2158,787,1371,0,0,0,1.0,1,1.0,1,1.0,1,0.07316565487250627,56
1051,0,2158,787,1371,0,0,0,1.0,1,1.0,1,1.0,1,0.05868408483974792,55
1052,0,2158,787,1371,0,0,0,1.0,1,1.0,1,1.0,1,0.07812276751953266,56
1053,1,2159,787,1372,0,0,0,1.0,1,1.0,1,1.0,1,0.06064632414983502,56
1054,0,2159,787,1372,0,0,0,1.0,1,1.0,1,1.0,1,0.057227562511915624,57
1055,2,2161,787,1374,0,0,0,1.0,1,1.0,1,1.0,1,0.07618532034850956,58
1056,2,2163,787,1376,0,0,0,1.0,1,1.0,1,1.0,1,0.0684710629632317,59
1057,0,2163,787,1376,0,0,0,1.0,1,1.0,1,1.0,1,0.08035513277371609,60
1058,1,2164,788,1376,0,0,0,1.0,1,1.0,1,1.0,1,0.11411497776518464,60
1059,2,2166,788,1378,0,0,0,1.0,1,1.0,1,1.0,1,0.10972664533291746,60
1060,5,2171,790,1381,0,0,0,1.0,1,1.0,1,1.0,1,0.13477817949550214,60
1061,7,2178,792,1386,0,0,0,1.0,1,1.0,1,1.0,1,0.12869829996063517,59
1062,2,2180,793,1387,0,0,0,1.0,1,1.0,1,1.0,1,0.11037606237448863,59
1063,1,2181,794,1387,0,0,0,1.0,1,1.0,1,1.0,1,0.10435682748325793,58
1064,4,2185,796,1389,0,0,0,1.0,1,1.0,1,1.0,1,0.12808128338039582,58
1065,8,2193,799,1394,0,0,0,1.0,1,1.0,1,1.0,1,0.12480079815820747,60
1066,3,2196,801,1395,0,0,0,1.0,1,1.0,1,1.0,1,0.1344438367725997,58
1067,3,2199,802,1397,0,0,0,1.0,1,1.0,1,1.0,1,0.18051661829018587,59
1068,1,2200,803,1397,0,0,0,1.0,1,1.0,1,1.0,1,0.17126772756000505,59
1069,11,2211,804,1407,0,0,0,1.0,1,1.0,1,1.0,1,0.16127521164010797,58
1070,3,2214,805,1409,0,0,0,1.0,1,1.0,1,1.0,1,0.160633138022165,58
1071,5,2219,808,1411,0,0,0,1.0,1,1.0,1,1.0,1,0.2314918524752657,57
1072,5,2224,810,1414,0,0,0,1.0,1,1.0,1,1.0,1,0.196036001668575,56
1073,6,2230,810,1420,0,0,0,1.0,1,1.0,1,1.0,1,0.13580665685786017,54
1074,4,2234,811,1423,0,0,0,1.0,1,1.0,1,1.0,1,0.11937708120149532,54
1075,3,2237,811,1426,0,0,0,1.0,1,1.0,1,1.0,1,0.10346689683616488,51
1076,4,2241,812,1429,0,0,0,1.0,1,1.0,1,1.0,1,0.1340858005882301,51
1077,4,2245,814,1431,0,0,0,1.0,1,1.0,1,1.0,1,0.15400253091995836,51
1078,3,2248,814,1434,0,0,0,1.0,1,1.0,1,1.0,1,0.14508088362707577,52
1079,4,2252,817,1435,0,0,0,1.0,1,1.0,1,1.0,1,0.17382601656138325,51
1080,2,2254,818,1436,0,0,0,1.0,1,1.0,1,1.0,1,0.16966707519001997,51
1081,1,2255,818,1437,0,0,0,1.0,1,1.0,1,1.0,1,0.1741315928427305,48
1082,1,2256,819,1437,0,0,0,1.0,1,1.0,1,1.0,1,0.19035256171690987,47
1083,3,2259,820,1439,0,0,0,1.0,1,1.0,1,1.0,1,0.19272262314133362,46
1084,1,2260,820,1440,0,0,0,1.0,1,1.0,1,1.0,1,0.17569715616684448,45
1085,2,2262,821,1441,0,0,0,1.0,1,1.0,1,1.0,1,0.17059421432909888,46
1086,3,2265,821,1444,0,0,0,1.0,1,1.0,1,1.0,1,0.12332882965934444,45
1087,1,2266,821,1445,0,0,0,1.0,1,1.0,1,1.0,1,0.1214177754902643,44
1088,2,2268,821,1447,0,0,0,1.0,1,1.0,1,1.0,1,0.09702439982282318,45
1089,0,2268,821,1447,0,0,0,1.0,1,1.0,1,1.0,1,0.11107935807014221,46
1090,0,2268,821,1447,0,0,0,1.0,1,1.0,1,1.0,1,0.12132278462490792,47
1091,2,2270,822,1448,0,0,0,1.0,1,1.0,1,1.0,1,0.11056436448290038,47
1092,0,2270,822,1448,0,0,0,1.0,1,1.0,1,1.0,1,0.1012121487982766,48
1093,1,2271,823,1448,0,0,0,1.0,1,1.0,1,1.0,1,0.12341271697023273,48
1094,4,2275,825,1450,0,0,0,1.0,1,1.0,1,1.0,1,0.11819077222826938,48
1095,1,2276,825,1451,0,0,0,1.0,1,1.0,1,1.0,1,0.11585024458843556,49
1096,1,2277,826,1451,0,0,0,1.0,1,1.0,1,1.0,1,0.13453666042183202,49
1097,3,2280,827,1453,0,0,0,1.0,1,1.0,1,1.0,1,0.14207282182510525,50
1098,2,2282,827,1455,0,0,0,1.0,1,1.0,1,1.0,1,0.1212295889963914,51
1099,1,2283,827,1456,0,0,0,1.0,1,1.0,1,1.0,1,0.10904856887226977,54
1100,3,2286,828,1458,0,0,0,1.0,1,1.0,1,1.0,1,0.1341646351507976,54
1101,2,2288,828,1460,0,0,0,1.0,1,1.0,1,1.0,1,0.10113176652184556,54
1102,1,2289,828,1461,0,0,0,1.0,1,1.0,1,1.0,1,0.09495012739050439,54
1103,2,2291,829,1462,0,0,0,1.0,1,1.0,1,1.0,1,0.08499389010874195,53
1104,3,2294,831,1463,0,0,0,1.0,1,1.0,1,1.0,1,0.08211597080547872,53
1105,1,2295,832,1463,0,0,0,1.0,1,1.0,1,1.0,1,0.09952321724370934,52
1106,1,2296,832,1464,0,0,0,1.0,1,1.0,1,1.0,1,0.08583131317392098,52
1107,3,2299,833,1466,0,0,0,1.0,1,1.0,1,1.0,1,0.10783174051478639,52
1108,3,2302,835,1467,0,0,0,1.0,1,1.0,1,1.0,1,0.11292845758087573,51
1109,4,2306,838,1468,0,0,0,1.0,1,1.0,1,1.0,1,0.11519549611989081,49
1110,1,2307,839,1468,0,0,0,1.0,1,1.0,1,1.0,1,0.14635780480530808,48
1111,4,2311,842,1469,0,0,0,1.0,1,1.0,1,1.0,1,0.22121272239099535,47
1112,1,2312,843,1469,0,0,0,1.0,1,1.0,1,1.0,1,0.2620412539448362,46
1113,7,2319,845,1474,0,0,0,1.0,1,1.0,1,1.0,1,0.20995908684559872,43
1114,1,2320,846,1474,0,0,0,1.0,1,1.0,1,1.0,1,0.23232778369632198,41
1115,1,2321,847,1474,0,0,0,1.0,1,1.0,1,1.0,1,0.23934949685592627,40
1116,2,2323,848,1475,0,0,0,1.0,1,1.0,1,1.0,1,0.2474390581023928,39
1117,8,2331,851,1480,0,0,0,1.0,1,1.0,1,1.0,1,0.27129438989330723,40
1118,4,2335,852,1483,0,0,0,1.0,1,1.0,1,1.0,1,0.21929884275559705,40
1119,5,2340,852,1488,0,0,0,1.0,1,1.0,1,1.0,1,0.18978058920707094,40
1120,2,2342,852,1490,0,0,0,1.0,1,1.0,1,1.0,1,0.18978058920707094,40
1121,5,2347,854,1493,0,0,0,1.0,1,1.0,1,1.0,1,0.19346774507437622,40
1122,4,2351,854,1497,0,0,0,1.0,1,1.0,1,1.0,1,0.19420697809776272,41
1123,2,2353,855,1498,0,0,0,1.0,1,1.0,1,1.0,1,0.22766824140384484,41
1124,2,2355,855,1500,0,0,0,1.0,1,1.0,1,1.0,1,0.22766824140384484,41
1125,4,2359,856,1503,0,0,0,1.0,1,1.0,1,1.0,1,0.21528194905191075,41
1126,0,2359,856,1503,0,0,0,1.0,1,1.0,1,1.0,1,0.18287719800076602,41
1127,1,2360,856,1504,0,0,0,1.0,1,1.0,1,1.0,1,0.17580563910349617,41
1128,0,2360,856,1504,0,0,0,1.0,1,1.0,1,1.0,1,0.19123498221219842,42
1129,1,2361,856,1505,0,0,0,1.0,1,1.0,1,1.0,1,0.1755145808453115,42
1130,2,2363,856,1507,0,0,0,1.0,1,1.0,1,1.0,1,0.1559011614459285,42
1131,0,2363,856,1507,0,0,0,1.0,1,1.0,1,1.0,1,0.1559011614459285,42
1132,1,2364,856,1508,0,0,0,1.0,1,1.0,1,1.0,1,0.11660884742793823,43
1133,1,2365,856,1509,0,0,0,1.0,1,1.0,1,1.0,1,0.10543053436469174,45
1134,0,2365,856,1509,0,0,0,1.0,1,1.0,1,1.0,1,0.11654095945372984,46
1135,0,2365,856,1509,0,0,0,1.0,1,1.0,1,1.0,1,0.1313069189178353,45
1136,2,2367,856,1511,0,0,0,1.0,1,1.0,1,1.0,1,0.13473365718572372,48
1137,4,2371,856,1515,0,0,0,1.0,1,1.0,1,1.0,1,0.12891954354656965,49
1138,2,2373,856,1517,0,0,0,1.0,1,1.0,1,1.0,1,0.12891954354656965,49
1139,1,2374,856,1518,0,0,0,1.0,1,1.0,1,1.0,1,0.1501460929664815,49
1140,3,2377,857,1520,0,0,0,1.0,1,1.0,1,1.0,1,0.1481565944184065,49
1141,3,2380,858,1522,0,0,0,1.0,1,1.0,1,1.0,1,0.18101305464932066,48
1142,5,2385,862,1523,0,0,0,1.0,1,1.0,1,1.0,1,0.13485059864662813,48
1143,4,2389,865,1524,0,0,0,1.0,1,1.0,1,1.0,1,0.17205370022760041,48
1144,4,2393,868,1525,0,0,0,1.0,1,1.0,1,1.0,1,0.15168961428839633,48
1145,5,2398,869,1529,0,0,0,1.0,1,1.0,1,1.0,1,0.12326262986086958,48
1146,2,2400,871,1529,0,0,0,1.0,1,1.0,1,1.0,1,0.1577559058798891,48
1147,0,2400,871,1529,0,0,0,1.0,1,1.0,1,1.0,1,0.19643186093938675,46
1148,1,2401,872,1529,0,0,0,1.0,1,1.0,1,1.0,1,0.1984011397717845,46
1149,6,2407,872,1535,0,0,0,1.0,1,1.0,1,1.0,1,0.205546718154002,45
1150,3,2410,874,1536,0,0,0,1.0,1,1.0,1,1.0,1,0.1947174605775156,46
1151,3,2413,876,1537,0,0,0,1.0,1,1.0,1,1.0,1,0.19889400833806356,44
1152,1,2414,876,1538,0,0,0,1.0,1,1.0,1,1.0,1,0.18821309295089342,44
1153,7,2421,879,1542,0,0,0,1.0,1,1.0,1,1.0,1,0.15319621929769944,43
1154,4,2425,880,1545,0,0,0,1.0,1,1.0,1,1.0,1,0.1264063956101516,43
1155,1,2426,881,1545,0,0,0,1.0,1,1.0,1,1.0,1,0.1547883896885482,43
1156,0,2426,881,1545,0,0,0,1.0,1,1.0,1,1.0,1,0.14673146978118556,42
1157,0,2426,881,1545,0,0,0,1.0,1,1.0,1,1.0,1,0.14691523292994468,42
1158,0,2426,881,1545,0,0,0,1.0,1,1.0,1,1.0,1,0.15397093006079124,41
1159,0,2426,881,1545,0,0,0,1.0,1,1.0,1,1.0,1,0.1518270719598111,41
1160,0,2426,881,1545,0,0,0,1.0,1,1.0,1,1.0,1,0.1518270719598111,41
1161,0,2426,881,1545,0,0,0,1.0,1,1.0,1,1.0,1,0.157491841156886,42
1162,2,2428,881,1547,0,0,0,1.0,1,1.0,1,1.0,1,0.13550053627772543,43
1163,0,2428,881,1547,0,0,0,1.0,1,1.0,1,1.0,1,0.13550053627772543,43
1164,0,2428,881,1547,0,0,0,1.0,1,1.0,1,1.0,1,0.12304687514013835,44
1165,0,2428,881,1547,0,0,0,1.0,1,1.0,1,1.0,1,0.12304687514013835,44
1166,4,2432,882,1550,0,0,0,1.0,1,1.0,1,1.0,1,0.1349558339079072,46
1167,1,2433,883,1550,0,0,0,1.0,1,1.0,1,1.0,1,0.1360856470078717,46
1168,2,2435,883,1552,0,0,0,1.0,1,1.0,1,1.0,1,0.10995745657523591,47
1169,1,2436,884,1552,0,0,0,1.0,1,1.0,1,1.0,1,0.08781790723980476,46
1170,1,2437,884,1553,0,0,0,1.0,1,1.0,1,1.0,1,0.07341924124419041,48
1171,3,2440,886,1554,0,0,0,1.0,1,1.0,1,1.0,1,0.10335708513902818,49
1172,1,2441,886,1555,0,0,0,1.0,1,1.0,1,1.0,1,0.11334627912670256,49
1173,3,2444,886,1558,0,0,0,1.0,1,1.0,1,1.0,1,0.09348940177920587,49
1174,2,2446,887,1559,0,0,0,1.0,1,1.0,1,1.0,1,0.1052221286902998,49
1175,2,2448,887,1561,0,0,0,1.0,1,1.0,1,1.0,1,0.08553606404143668,50
1176,0,2448,887,1561,0,0,0,1.0,1,1.0,1,1.0,1,0.11341319592320939,52
1177,3,2451,889,1562,0,0,0,1.0,1,1.0,1,1.0,1,0.14326259043860495,52
1178,0,2451,889,1562,0,0,0,1.0,1,1.0,1,1.0,1,0.14326259043860495,52
1179,1,2452,890,1562,0,0,0,1.0,1,1.0,1,1.0,1,0.14196499242040894,53
1180,0,2452,890,1562,0,0,0,1.0,1,1.0,1,1.0,1,0.1325678468849967,54
1181,1,2453,890,1563,0,0,0,1.0,1,1.0,1,1.0,1,0.12648065973224676,55
1182,2,2455,892,1563,0,0,0,1.0,1,1.0,1,1.0,1,0.16439703417042023,55
1183,2,2457,894,1563,0,0,0,1.0,1,1.0,1,1.0,1,0.1652410474328205,53
1184,1,2458,895,1563,0,0,0,1.0,1,1.0,1,1.0,1,0.15762548139785676,54
1185,2,2460,895,1565,0,0,0,1.0,1,1.0,1,1.0,1,0.13983317769996548,53
1186,3,2463,896,1567,0,0,0,1.0,1,1.0,1,1.0,1,0.1711642584663282,54
1187,2,2465,896,1569,0,0,0,1.0,1,1.0,1,1.0,1,0.16447319305261676,55
1188,0,2465,896,1569,0,0,0,1.0,1,1.0,1,1.0,1,0.16447319305261676,55
1189,5,2470,897,1573,0,0,0,1.0,1,1.0,1,1.0,1,0.15193884607203698,54
1190,3,2473,899,1574,0,0,0,1.0,1,1.0,1,1.0,1,0.13175505223312503,55
1191,1,2474,900,1574,0,0,0,1.0,1,1.0,1,1.0,1,0.13270210241228902,54
1192,4,2478,901,1577,0,0,0,1.0,1,1.0,1,1.0,1,0.1429185799521118,52
1193,4,2482,901,1581,0,0,0,1.0,1,1.0,1,1.0,1,0.10172822971625525,53
1194,2,2484,902,1582,0,0,0,1.0,1,1.0,1,1.0,1,0.12819776748605086,53
1195,1,2485,902,1583,0,0,0,1.0,1,1.0,1,1.0,1,0.11098418263034247,54
1196,3,2488,902,1586,0,0,0,1.0,1,1.0,1,1.0,1,0.09206265036459566,56
1197,3,2491,904,1587,0,0,0,1.0,1,1.0,1,1.0,1,0.11199126895236236,56
1198,4,2495,905,1590,0,0,0,1.0,1,1.0,1,1.0,1,0.09720516097500723,58
1199,1,2496,906,1590,0,0,0,1.0,1,1.0,1,1.0,1,0.11274246013089985,58
1200,1,2497,906,1591,0,0,0,1.0,1,1.0,1,1.0,1,0.09401471800413459,58
1201,4,2501,908,1593,0,0,0,1.0,1,1.0,1,1.0,1,0.10793920529410592,58
1202,3,2504,909,1595,0,0,0,1.0,1,1.0,1,1.0,1,0.07693819350014902,60
1203,1,2505,909,1596,0,0,0,1.0,1,1.0,1,1.0,1,0.08654474265515648,58
1204,1,2506,910,1596,0,0,0,1.0,1,1.0,1,1.0,1,0.10390005247787228,59
1205,2,2508,911,1597,0,0,0,1.0,1,1.0,1,1.0,1,0.11581813560425111,59
1206,0,2508,911,1597,0,0,0,1.0,1,1.0,1,1.0,1,0.13830132751337956,58
1207,3,2511,911,1600,0,0,0,1.0,1,1.0,1,1.0,1,0.12410486638220834,60
1208,0,2511,911,1600,0,0,0,1.0,1,1.0,1,1.0,1,0.12410486638220834,60
1209,4,2515,911,1604,0,0,0,1.0,1,1.0,1,1.0,1,0.07754152705249688,61
1210,1,2516,912,1604,0,0,0,1.0,1,1.0,1,1.0,1,0.11117444003070455,61
1211,0,2516,912,1604,0,0,0,1.0,1,1.0,1,1.0,1,0.11127497348193899,63
1212,2,2518,913,1605,0,0,0,1.0,1,1.0,1,1.0,1,0.08989056956074394,63
1213,2,2520,914,1606,0,0,0,1.0,1,1.0,1,1.0,1,0.11024574584004715,63
1214,1,2521,915,1606,0,0,0,1.0,1,1.0,1,1.0,1,0.15507814283460428,62
1215,2,2523,915,1608,0,0,0,1.0,1,1.0,1,1.0,1,0.13954266516539646,63
1216,1,2524,915,1609,0,0,0,1.0,1,1.0,1,1.0,1,0.16145664959036804,64
1217,4,2528,915,1613,0,0,0,1.0,1,1.0,1,1.0,1,0.11889466991649805,65
1218,1,2529,915,1614,0,0,0,1.0,1,1.0,1,1.0,1,0.12760030726170854,64
1219,0,2529,915,1614,0,0,0,1.0,1,1.0,1,1.0,1,0.13917473541199224,65
1220,1,2530,916,1614,0,0,0,1.0,1,1.0,1,1.0,1,0.15541978368356005,64
1221,5,2535,918,1617,0,0,0,1.0,1,1.0,1,1.0,1,0.11395271947482837,65
1222,4,2539,919,1620,0,0,0,1.0,1,1.0,1,1.0,1,0.11353260598368185,66
1223,2,2541,920,1621,0,0,0,1.0,1,1.0,1,1.0,1,0.10245971084403337,64
1224,7,2548,922,1626,0,0,0,1.0,1,1.0,1,1.0,1,0.08304547597803615,66
1225,4,2552,923,1629,0,0,0,1.0,1,1.0,1,1.0,1,0.08180530515140869,66
1226,4,2556,924,1632,0,0,0,1.0,1,1.0,1,1.0,1,0.07623234899277397,68
1227,1,2557,925,1632,0,0,0,1.0,1,1.0,1,1.0,1,0.07375878396378631,64
1228,2,2559,926,1633,0,0,0,1.0,1,1.0,1,1.0,1,0.09631193415542658,62
1229,3,2562,927,1635,0,0,0,1.0,1,1.0,1,1.0,1,0.07337925822078828,61
1230,2,2564,929,1635,0,0,0,1.0,1,1.0,1,1.0,1,0.11727557632826896,58
1231,0,2564,929,1635,0,0,0,1.0,1,1.0,1,1.0,1,0.1096934940519088,57
1232,1,2565,930,1635,0,0,0,1.0,1,1.0,1,1.0,1,0.13833814016389576,53
1233,3,2568,932,1636,0,0,0,1.0,1,1.0,1,1.0,1,0.11764474739163025,53
1234,1,2569,932,1637,0,0,0,1.0,1,1.0,1,1.0,1,0.10407886830219748,54
1235,0,2569,932,1637,0,0,0,1.0,1,1.0,1,1.0,1,0.12310573243599594,55
1236,1,2570,933,1637,0,0,0,1.0,1,1.0,1,1.0,1,0.16406114780005254,55
1237,5,2575,935,1640,0,0,0,1.0,1,1.0,1,1.0,1,0.1427937777175169,55
1238,2,2577,936,1641,0,0,0,1.0,1,1.0,1,1.0,1,0.16194789489285513,54
1239,2,2579,936,1643,0,0,0,1.0,1,1.0,1,1.0,1,0.13637190806335586,55
1240,0,2579,936,1643,0,0,0,1.0,1,1.0,1,1.0,1,0.13637190806335586,55
1241,2,2581,936,1645,0,0,0,1.0,1,1.0,1,1.0,1,0.06926685243368218,54
1242,1,2582,937,1645,0,0,0,1.0,1,1.0,1,1.0,1,0.0867069981489117,54
1243,3,2585,938,1647,0,0,0,1.0,1,1.0,1,1.0,1,0.09611129252242347,55
1244,3,2588,938,1650,0,0,0,1.0,1,1.0,1,1.0,1,0.09398988149359289,55
1245,1,2589,939,1650,0,0,0,1.0,1,1.0,1,1.0,1,0.10781196267330763,55
1246,6,2595,941,1654,0,0,0,1.0,1,1.0,1,1.0,1,0.1278659735287162,55
1247,3,2598,941,1657,0,0,0,1.0,1,1.0,1,1.0,1,0.14467354801369967,57
1248,1,2599,941,1658,0,0,0,1.0,1,1.0,1,1.0,1,0.12286262153157039,56
1249,4,2603,943,1660,0,0,0,1.0,1,1.0,1,1.0,1,0.09786625641304399,56
1250,1,2604,943,1661,0,0,0,1.0,1,1.0,1,1.0,1,0.08989696795707815,56
1251,1,2605,943,1662,0,0,0,1.0,1,1.0,1,1.0,1,0.08480715459414878,58
1252,2,2607,944,1663,0,0,0,1.0,1,1.0,1,1.0,1,0.1076326203538439,58
1253,2,2609,946,1663,0,0,0,1.0,1,1.0,1,1.0,1,0.14133518779232454,58
1254,5,2614,946,1668,0,0,0,1.0,1,1.0,1,1.0,1,0.11066117854443044,60
1255,1,2615,946,1669,0,0,0,1.0,1,1.0,1,1.0,1,0.10457673926485013,61
1256,1,2616,946,1670,0,0,0,1.0,1,1.0,1,1.0,1,0.11714401777943172,61
1257,4,2620,948,1672,0,0,0,1.0,1,1.0,1,1.0,1,0.12126807946757645,62
1258,1,2621,948,1673,0,0,0,1.0,1,1.0,1,1.0,1,0.10793410112825536,63
1259,0,2621,948,1673,0,0,0,1.0,1,1.0,1,1.0,1,0.10793410112825536,63
1260,0,2621,948,1673,0,0,0,1.0,1,1.0,1,1.0,1,0.11222917306407197,63
1261,3,2624,948,1676,0,0,0,1.0,1,1.0,1,1.0,1,0.07808449458315234,63
1262,2,2626,949,1677,0,0,0,1.0,1,1.0,1,1.0,1,0.09327957324546149,64
1263,1,2627,950,1677,0,0,0,1.0,1,1.0,1,1.0,1,0.09863923916876274,63
1264,1,2628,951,1677,0,0,0,1.0,1,1.0,1,1.0,1,0.09966612454873107,63
1265,6,2634,954,1680,0,0,0,1.0,1,1.0,1,1.0,1,0.10655303765156209,60
1266,5,2639,957,1682,0,0,0,1.0,1,1.0,1,1.0,1,0.09822636033217148,61
1267,3,2642,959,1683,0,0,0,1.0,1,1.0,1,1.0,1,0.09028474284106791,58
1268,4,2646,962,1684,0,0,0,1.0,1,1.0,1,1.0,1,0.175614990201695,54
1269,5,2651,963,1688,0,0,0,1.0,1,1.0,1,1.0,1,0.1195823286141971,54
1270,1,2652,964,1688,0,0,0,1.0,1,1.0,1,1.0,1,0.12816000205435515,51
1271,0,2652,964,1688,0,0,0,1.0,1,1.0,1,1.0,1,0.14301584009274315,50
1272,2,2654,966,1688,0,0,0,1.0,1,1.0,1,1.0,1,0.21779317968679265,47
1273,7,2661,967,1694,0,0,0,1.0,1,1.0,1,1.0,1,0.1681832580997119,47
1274,5,2666,968,1698,0,0,0,1.0,1,1.0,1,1.0,1,0.15723730870308616,49
1275,2,2668,968,1700,0,0,0,1.0,1,1.0,1,1.0,1,0.1672213728972076,48
1276,3,2671,969,1702,0,0,0,1.0,1,1.0,1,1.0,1,0.1365764958513588,49
1277,5,2676,972,1704,0,0,0,1.0,1,1.0,1,1.0,1,0.15501143929633107,50
1278,5,2681,973,1708,0,0,0,1.0,1,1.0,1,1.0,1,0.12607757877914225,51
1279,2,2683,974,1709,0,0,0,1.0,1,1.0,1,1.0,1,0.11890677783664033,51
1280,0,2683,974,1709,0,0,0,1.0,1,1.0,1,1.0,1,0.09613648554285374,52
1281,0,2683,974,1709,0,0,0,1.0,1,1.0,1,1.0,1,0.09613648554285374,52
1282,2,2685,976,1709,0,0,0,1.0,1,1.0,1,1.0,1,0.1352460572837166,52
1283,1,2686,976,1710,0,0,0,1.0,1,1.0,1,1.0,1,0.11792486312809028,52
1284,2,2688,977,1711,0,0,0,1.0,1,1.0,1,1.0,1,0.12459879959352596,52
1285,1,2689,977,1712,0,0,0,1.0,1,1.0,1,1.0,1,0.14189296924644335,51
1286,2,2691,977,1714,0,0,0,1.0,1,1.0,1,1.0,1,0.13395425105957462,52
1287,0,2691,977,1714,0,0,0,1.0,1,1.0,1,1.0,1,0.1358708514224915,54
1288,2,2693,977,1716,0,0,0,1.0,1,1.0,1,1.0,1,0.10861591616115299,55
1289,0,2693,977,1716,0,0,0,1.0,1,1.0,1,1.0,1,0.09513582644977102,56
1290,1,2694,978,1716,0,0,0,1.0,1,1.0,1,1.0,1,0.07729969847175155,57
1291,0,2694,978,1716,0,0,0,1.0,1,1.0,1,1.0,1,0.09433120233814288,58
1292,2,2696,979,1717,0,0,0,1.0,1,1.0,1,1.0,1,0.10067171441314686,59
1293,0,2696,979,1717,0,0,0,1.0,1,1.0,1,1.0,1,0.10067171441314686,59
1294,0,2696,979,1717,0,0,0,1.0,1,1.0,1,1.0,1,0.10067171441314686,59
1295,3,2699,980,1719,0,0,0,1.0,1,1.0,1,1.0,1,0.09726670357482735,59
1296,3,2702,980,1722,0,0,0,1.0,1,1.0,1,1.0,1,0.09757100181166052,59
1297,1,2703,981,1722,0,0,0,1.0,1,1.0,1,1.0,1,0.10952835811999362,61
1298,1,2704,982,1722,0,0,0,1.0,1,1.0,1,1.0,1,0.1266431532488226,61
1299,1,2705,982,1723,0,0,0,1.0,1,1.0,1,1.0,1,0.13668138766789767,60
1300,2,2707,982,1725,0,0,0,1.0,1,1.0,1,1.0,1,0.1083176306548884,59
1301,4,2711,983,1728,0,0,0,1.0,1,1.0,1,1.0,1,0.12166971657413372,59
1302,7,2718,988,1730,0,0,0,1.0,1,1.0,1,1.0,1,0.12010601144275872,59
1303,6,2724,992,1732,0,0,0,1.0,1,1.0,1,1.0,1,0.167122738922438,55
1304,5,2729,997,1732,0,0,0,1.0,1,1.0,1,1.0,1,0.14221167892283468,56
1305,6,2735,998,1737,0,0,0,1.0,1,1.0,1,1.0,1,0.11811244972423987,54
1306,2,2737,998,1739,0,0,0,1.0,1,1.0,1,1.0,1,0.10428759363840776,53
1307,4,2741,1000,1741,0,0,0,1.0,1,1.0,1,1.0,1,0.1032270794319,52
1308,2,2743,1002,1741,0,0,0,1.0,1,1.0,1,1.0,1,0.1583462919441178,52
1309,11,2754,1006,1748,0,0,0,1.0,1,1.0,1,1.0,1,0.17710229968451716,54
1310,4,2758,1008,1750,0,0,0,1.0,1,1.0,1,1.0,1,0.19513440320054104,52
1311,3,2761,1009,1752,0,0,0,1.0,1,1.0,1,1.0,1,0.1506255061578456,51
1312,1,2762,1010,1752,0,0,0,1.0,1,1.0,1,1.0,1,0.17912690510352852,49
1313,0,2762,1010,1752,0,0,0,1.0,1,1.0,1,1.0,1,0.16771617516624457,47
1314,1,2763,1011,1752,0,0,0,1.0,1,1.0,1,1.0,1,0.15554676240126714,46
1315,3,2766,1012,1754,0,0,0,1.0,1,1.0,1,1.0,1,0.12668463410199762,45
1316,1,2767,1012,1755,0,0,0,1.0,1,1.0,1,1.0,1,0.10173233392424012,46
1317,1,2768,1012,1756,0,0,0,1.0,1,1.0,1,1.0,1,0.08589323747197818,45
1318,2,2770,1014,1756,0,0,0,1.0,1,1.0,1,1.0,1,0.11723219100195437,46
1319,0,2770,1014,1756,0,0,0,1.0,1,1.0,1,1.0,1,0.11723219100195437,46
1320,0,2770,1014,1756,0,0,0,1.0,1,1.0,1,1.0,1,0.11723219100195437,46
1321,1,2771,1014,1757,0,0,0,1.0,1,1.0,1,1.0,1,0.10127381193107911,48
1322,1,2772,1015,1757,0,0,0,1.0,1,1.0,1,1.0,1,0.11617536527355961,49
1323,0,2772,1015,1757,0,0,0,1.0,1,1.0,1,1.0,1,0.14054333709580166,49
1324,1,2773,1015,1758,0,0,0,1.0,1,1.0,1,1.0,1,0.14699279764702816,50
1325,2,2775,1015,1760,0,0,0,1.0,1,1.0,1,1.0,1,0.11214929785036092,49
1326,5,2780,1017,1763,0,0,0,1.0,1,1.0,1,1.0,1,0.14651453638968684,50
1327,1,2781,1018,1763,0,0,0,1.0,1,1.0,1,1.0,1,0.19135350535775927,50
1328,1,2782,1018,1764,0,0,0,1.0,1,1.0,1,1.0,1,0.21597388714434768,49
1329,4,2786,1018,1768,0,0,0,1.0,1,1.0,1,1.0,1,0.16223117646969296,50
1330,0,2786,1018,1768,0,0,0,1.0,1,1.0,1,1.0,1,0.16223117646969296,50
1331,3,2789,1019,1770,0,0,0,1.0,1,1.0,1,1.0,1,0.17481983365546108,50
1332,1,2790,1019,1771,0,0,0,1.0,1,1.0,1,1.0,1,0.15778792048018006,51
1333,3,2793,1019,1774,0,0,0,1.0,1,1.0,1,1.0,1,0.1261075904366334,52
1334,1,2794,1019,1775,0,0,0,1.0,1,1.0,1,1.0,1,0.1271129866989584,54
1335,1,2795,1019,1776,0,0,0,1.0,1,1.0,1,1.0,1,0.11683238848528267,54
1336,1,2796,1019,1777,0,0,0,1.0,1,1.0,1,1.0,1,0.1184526133648581,56
1337,6,2802,1022,1780,0,0,0,1.0,1,1.0,1,1.0,1,0.16348169304345342,57
1338,2,2804,1023,1781,0,0,0,1.0,1,1.0,1,1.0,1,0.1735054767466347,57
1339,3,2807,1025,1782,0,0,0,1.0,1,1.0,1,1.0,1,0.22535319351676278,58
1340,6,2813,1025,1788,0,0,0,1.0,1,1.0,1,1.0,1,0.21081342713572512,59
1341,2,2815,1025,1790,0,0,0,1.0,1,1.0,1,1.0,1,0.17106450795423947,57
1342,4,2819,1027,1792,0,0,0,1.0,1,1.0,1,1.0,1,0.1360880412525571,57
1343,0,2819,1027,1792,0,0,0,1.0,1,1.0,1,1.0,1,0.15263759132261973,55
1344,5,2824,1031,1793,0,0,0,1.0,1,1.0,1,1.0,1,0.14072038469349063,54
1345,2,2826,1032,1794,0,0,0,1.0,1,1.0,1,1.0,1,0.13378082014897763,53
1346,1,2827,1033,1794,0,0,0,1.0,1,1.0,1,1.0,1,0.15395198361585105,53
1347,1,2828,1034,1794,0,0,0,1.0,1,1.0,1,1.0,1,0.1416508999251502,51
1348,1,2829,1035,1794,0,0,0,1.0,1,1.0,1,1.0,1,0.17528522596234236,52
1349,4,2833,1035,1798,0,0,0,1.0,1,1.0,1,1.0,1,0.12959856292297442,50
1350,2,2835,1035,1800,0,0,0,1.0,1,1.0,1,1.0,1,0.13410111709512038,51
1351,0,2835,1035,1800,0,0,0,1.0,1,1.0,1,1.0,1,0.1355653908498444,50
1352,0,2835,1035,1800,0,0,0,1.0,1,1.0,1,1.0,1,0.13964367400925037,50
1353,4,2839,1036,1803,0,0,0,1.0,1,1.0,1,1.0,1,0.08807530097921204,50
1354,2,2841,1037,1804,0,0,0,1.0,1,1.0,1,1.0,1,0.10171328571813007,51
1355,2,2843,1038,1805,0,0,0,1.0,1,1.0,1,1.0,1,0.0921785597929623,53
1356,3,2846,1040,1806,0,0,0,1.0,1,1.0,1,1.0,1,0.12365974807843784,52
1357,4,2850,1040,1810,0,0,0,1.0,1,1.0,1,1.0,1,0.10608557148186984,52
1358,1,2851,1040,1811,0,0,0,1.0,1,1.0,1,1.0,1,0.08725259855574766,53
1359,3,2854,1041,1813,0,0,0,1.0,1,1.0,1,1.0,1,0.10580543293149586,54
1360,3,2857,1042,1815,0,0,0,1.0,1,1.0,1,1.0,1,0.11899612504687151,55
1361,1,2858,1043,1815,0,0,0,1.0,1,1.0,1,1.0,1,0.12022665051423986,55
1362,1,2859,1043,1816,0,0,0,1.0,1,1.0,1,1.0,1,0.08498825339076732,56
1363,0,2859,1043,1816,0,0,0,1.0,1,1.0,1,1.0,1,0.08498825339076732,56
1364,0,2859,1043,1816,0,0,0,1.0,1,1.0,1,1.0,1,0.08520758933041558,55
1365,2,2861,1044,1817,0,0,0,1.0,1,1.0,1,1.0,1,0.11864904734389795,56
1366,1,2862,1044,1818,0,0,0,1.0,1,1.0,1,1.0,1,0.12034007457163909,57
1367,4,2866,1045,1821,0,0,0,1.0,1,1.0,1,1.0,1,0.14411008831194277,57
1368,3,2869,1046,1823,0,0,0,1.0,1,1.0,1,1.0,1,0.17054070654944803,58
1369,6,2875,1047,1828,0,0,0,1.0,1,1.0,1,1.0,1,0.11666322082483266,59
1370,2,2877,1048,1829,0,0,0,1.0,1,1.0,1,1.0,1,0.1303824886604169,60
1371,2,2879,1048,1831,0,0,0,1.0,1,1.0,1,1.0,1,0.09729690445930378,59
1372,3,2882,1051,1831,0,0,0,1.0,1,1.0,1,1.0,1,0.12777602170604602,59
1373,3,2885,1052,1833,0,0,0,1.0,1,1.0,1,1.0,1,0.11663354317781224,59
1374,0,2885,1052,1833,0,0,0,1.0,1,1.0,1,1.0,1,0.11663354317781224,59
1375,2,2887,1052,1835,0,0,0,1.0,1,1.0,1,1.0,1,0.1290211265575018,62
1376,4,2891,1052,1839,0,0,0,1.0,1,1.0,1,1.0,1,0.11306751576890492,61
1377,4,2895,1054,1841,0,0,0,1.0,1,1.0,1,1.0,1,0.11943881894034118,63
1378,4,2899,1055,1844,0,0,0,1.0,1,1.0,1,1.0,1,0.14122069298882425,62
1379,3,2902,1057,1845,0,0,0,1.0,1,1.0,1,1.0,1,0.19392543480054214,61
1380,2,2904,1057,1847,0,0,0,1.0,1,1.0,1,1.0,1,0.18447656872108584,60
1381,7,2911,1058,1853,0,0,0,1.0,1,1.0,1,1.0,1,0.14462785911542464,58
1382,6,2917,1060,1857,0,0,0,1.0,1,1.0,1,1.0,1,0.117923367384716,56
1383,2,2919,1060,1859,0,0,0,1.0,1,1.0,1,1.0,1,0.12490762563593778,57
1384,5,2924,1062,1862,0,0,0,1.0,1,1.0,1,1.0,1,0.16183587634419153,55
1385,8,2932,1063,1869,0,0,0,1.0,1,1.0,1,1.0,1,0.09004847155399885,55
1386,0,2932,1063,1869,0,0,0,1.0,1,1.0,1,1.0,1,0.09170650840151626,54
1387,0,2932,1063,1869,0,0,0,1.0,1,1.0,1,1.0,1,0.11124018579294459,53
1388,2,2934,1064,1870,0,0,0,1.0,1,1.0,1,1.0,1,0.13188868306084348,52
1389,3,2937,1064,1873,0,0,0,1.0,1,1.0,1,1.0,1,0.12142016310184334,52
1390,2,2939,1064,1875,0,0,0,1.0,1,1.0,1,1.0,1,0.10505556612203498,51
1391,0,2939,1064,1875,0,0,0,1.0,1,1.0,1,1.0,1,0.11986570259473116,52
1392,1,2940,1065,1875,0,0,0,1.0,1,1.0,1,1.0,1,0.11224721143362222,51
1393,2,2942,1066,1876,0,0,0,1.0,1,1.0,1,1.0,1,0.11575618028312688,51
1394,1,2943,1066,1877,0,0,0,1.0,1,1.0,1,1.0,1,0.12654827961390674,52
1395,0,2943,1066,1877,0,0,0,1.0,1,1.0,1,1.0,1,0.12654827961390674,52
1396,0,2943,1066,1877,0,0,0,1.0,1,1.0,1,1.0,1,0.11992698622085463,53
1397,5,2948,1066,1882,0,0,0,1.0,1,1.0,1,1.0,1,0.08092479720307934,56
1398,2,2950,1067,1883,0,0,0,1.0,1,1.0,1,1.0,1,0.09766755491174957,56
1399,2,2952,1068,1884,0,0,0,1.0,1,1.0,1,1.0,1,0.09315247631632324,57
1400,1,2953,1069,1884,0,0,0,1.0,1,1.0,1,1.0,1,0.11748972259771108,57
1401,1,2954,1069,1885,0,0,0,1.0,1,1.0,1,1.0,1,0.11186936290575832,57
1402,2,2956,1070,1886,0,0,0,1.0,1,1.0,1,1.0,1,0.12157898648278627,57
1403,0,2956,1070,1886,0,0,0,1.0,1,1.0,1,1.0,1,0.13312506896348592,56
1404,1,2957,1070,1887,0,0,0,1.0,1,1.0,1,1.0,1,0.13072572589308373,58
1405,4,2961,1070,1891,0,0,0,1.0,1,1.0,1,1.0,1,0.1317051429032367,58
1406,0,2961,1070,1891,0,0,0,1.0,1,1.0,1,1.0,1,0.1317051429032367,58
1407,0,2961,1070,1891,0,0,0,1.0,1,1.0,1,1.0,1,0.14588632487403114,57
1408,1,2962,1070,1892,0,0,0,1.0,1,1.0,1,1.0,1,0.15106974282980506,58
1409,4,2966,1070,1896,0,0,0,1.0,1,1.0,1,1.0,1,0.1417652040721229,57
1410,0,2966,1070,1896,0,0,0,1.0,1,1.0,1,1.0,1,0.1417652040721229,57
1411,0,2966,1070,1896,0,0,0,1.0,1,1.0,1,1.0,1,0.15388871570483784,56
1412,0,2966,1070,1896,0,0,0,1.0,1,1.0,1,1.0,1,0.14372176379045798,55
1413,3,2969,1070,1899,0,0,0,1.0,1,1.0,1,1.0,1,0.12750102336120464,57
1414,0,2969,1070,1899,0,0,0,1.0,1,1.0,1,1.0,1,0.12750102336120464,57
1415,4,2973,1072,1901,0,0,0,1.0,1,1.0,1,1.0,1,0.12403043620781207,60
1416,5,2978,1074,1904,0,0,0,1.0,1,1.0,1,1.0,1,0.14411964935893923,61
1417,0,2978,1074,1904,0,0,0,1.0,1,1.0,1,1.0,1,0.13737185275049843,59
1418,2,2980,1074,1906,0,0,0,1.0,1,1.0,1,1.0,1,0.12290114362078645,60
1419,1,2981,1075,1906,0,0,0,1.0,1,1.0,1,1.0,1,0.13554714758143485,59
1420,2,2983,1076,1907,0,0,0,1.0,1,1.0,1,1.0,1,0.14105657883843375,58
1421,2,2985,1076,1909,0,0,0,1.0,1,1.0,1,1.0,1,0.13057005789778944,57
1422,0,2985,1076,1909,0,0,0,1.0,1,1.0,1,1.0,1,0.13057005789778944,57
1423,2,2987,1077,1910,0,0,0,1.0,1,1.0,1,1.0,1,0.12712606063848755,56
1424,1,2988,1078,1910,0,0,0,1.0,1,1.0,1,1.0,1,0.10530265643491059,57
1425,2,2990,1080,1910,0,0,0,1.0,1,1.0,1,1.0,1,0.11749768740864473,54
1426,2,2992,1082,1910,0,0,0,1.0,1,1.0,1,1.0,1,0.15433605286400656,54
1427,2,2994,1084,1910,0,0,0,1.0,1,1.0,1,1.0,1,0.22240718338938834,53
1428,3,2997,1084,1913,0,0,0,1.0,1,1.0,1,1.0,1,0.19363837088618585,52
1429,5,3002,1084,1918,0,0,0,1.0,1,1.0,1,1.0,1,0.12337700165617851,52
1430,3,3005,1086,1919,0,0,0,1.0,1,1.0,1,1.0,1,0.15550109112560537,51
1431,1,3006,1086,1920,0,0,0,1.0,1,1.0,1,1.0,1,0.12773040222895957,51
1432,6,3012,1088,1924,0,0,0,1.0,1,1.0,1,1.0,1,0.103589374636471,52
1433,2,3014,1089,1925,0,0,0,1.0,1,1.0,1,1.0,1,0.09792210391548854,52
1434,3,3017,1091,1926,0,0,0,1.0,1,1.0,1,1.0,1,0.11536649808573952,52
1435,2,3019,1093,1926,0,0,0,1.0,1,1.0,1,1.0,1,0.14656820929190423,50
1436,3,3022,1096,1926,0,0,0,1.0,1,1.0,1,1.0,1,0.21298902938465727,50
1437,6,3028,1097,1931,0,0,0,1.0,1,1.0,1,1.0,1,0.20261886499134965,49
1438,2,3030,1097,1933,0,0,0,1.0,1,1.0,1,1.0,1,0.20261886499134965,49
1439,2,3032,1098,1934,0,0,0,1.0,1,1.0,1,1.0,1,0.19519871974997932,50
1440,4,3036,1100,1936,0,0,0,1.0,1,1.0,1,1.0,1,0.2014865190860469,50
1441,5,3041,1101,1940,0,0,0,1.0,1,1.0,1,1.0,1,0.17149747084102548,51
1442,0,3041,1101,1940,0,0,0,1.0,1,1.0,1,1.0,1,0.1711001171119165,50
1443,1,3042,1101,1941,0,0,0,1.0,1,1.0,1,1.0,1,0.16917541274923942,51
1444,0,3042,1101,1941,0,0,0,1.0,1,1.0,1,1.0,1,0.16917541274923942,51
1445,5,3047,1103,1944,0,0,0,1.0,1,1.0,1,1.0,1,0.16292425884889714,51
1446,2,3049,1103,1946,0,0,0,1.0,1,1.0,1,1.0,1,0.14716867688812257,51
1447,0,3049,1103,1946,0,0,0,1.0,1,1.0,1,1.0,1,0.14716867688812257,51
1448,2,3051,1104,1947,0,0,0,1.0,1,1.0,1,1.0,1,0.12192258871943892,51
1449,1,3052,1105,1947,0,0,0,1.0,1,1.0,1,1.0,1,0.12843609298233022,51
1450,1,3053,1105,1948,0,0,0,1.0,1,1.0,1,1.0,1,0.11166976248658372,52
1451,1,3054,1105,1949,0,0,0,1.0,1,1.0,1,1.0,1,0.1178543339227624,54
1452,3,3057,1106,1951,0,0,0,1.0,1,1.0,1,1.0,1,0.13621709442413407,56
1453,7,3064,1108,1956,0,0,0,1.0,1,1.0,1,1.0,1,0.10715842779492235,56
1454,4,3068,1108,1960,0,0,0,1.0,1,1.0,1,1.0,1,0.11522502503259374,58
1455,3,3071,1109,1962,0,0,0,1.0,1,1.0,1,1.0,1,0.13805191418036283,55
1456,2,3073,1110,1963,0,0,0,1.0,1,1.0,1,1.0,1,0.1506227807875059,56
1457,3,3076,1111,1965,0,0,0,1.0,1,1.0,1,1.0,1,0.17519492537558545,54
1458,4,3080,1115,1965,0,0,0,1.0,1,1.0,1,1.0,1,0.21455720819828866,52
1459,3,3083,1115,1968,0,0,0,1.0,1,1.0,1,1.0,1,0.21099990420700526,52
1460,2,3085,1116,1969,0,0,0,1.0,1,1.0,1,1.0,1,0.1856528215701034,50
1461,4,3089,1117,1972,0,0,0,1.0,1,1.0,1,1.0,1,0.1861576933067439,53
1462,5,3094,1119,1975,0,0,0,1.0,1,1.0,1,1.0,1,0.14822011526112686,51
1463,5,3099,1120,1979,0,0,0,1.0,1,1.0,1,1.0,1,0.17536323393504852,51
1464,1,3100,1121,1979,0,0,0,1.0,1,1.0,1,1.0,1,0.19086307127883018,51
1465,3,3103,1121,1982,0,0,0,1.0,1,1.0,1,1.0,1,0.16536719333777142,49
1466,5,3108,1122,1986,0,0,0,1.0,1,1.0,1,1.0,1,0.167537556040964,49
1467,5,3113,1125,1988,0,0,0,1.0,1,1.0,1,1.0,1,0.21741559084185505,47
1468,7,3120,1126,1994,0,0,0,1.0,1,1.0,1,1.0,1,0.18868694257078597,48
1469,7,3127,1128,1999,0,0,0,1.0,1,1.0,1,1.0,1,0.1595717688296839,47
1470,6,3133,1129,2004,0,0,0,1.0,1,1.0,1,1.0,1,0.14981334441044358,49
1471,3,3136,1129,2007,0,0,0,1.0,1,1.0,1,1.0,1,0.17918973245321623,48
1472,2,3138,1129,2009,0,0,0,1.0,1,1.0,1,1.0,1,0.15020982144346287,48
1473,2,3140,1129,2011,0,0,0,1.0,1,1.0,1,1.0,1,0.1456198166533178,49
1474,0,3140,1129,2011,0,0,0,1.0,1,1.0,1,1.0,1,0.1456198166533178,49
1475,1,3141,1129,2012,0,0,0,1.0,1,1.0,1,1.0,1,0.12341237013316313,49
1476,1,3142,1130,2012,0,0,0,1.0,1,1.0,1,1.0,1,0.14612040500683465,51
1477,3,3145,1130,2015,0,0,0,1.0,1,1.0,1,1.0,1,0.10330039421593479,51
1478,0,3145,1130,2015,0,0,0,1.0,1,1.0,1,1.0,1,0.08814739310204285,52
1479,2,3147,1130,2017,0,0,0,1.0,1,1.0,1,1.0,1,0.09192634403447546,53
1480,1,3148,1131,2017,0,0,0,1.0,1,1.0,1,1.0,1,0.10494690984422408,53
1481,0,3148,1131,2017,0,0,0,1.0,1,1.0,1,1.0,1,0.10494690984422408,53
1482,1,3149,1132,2017,0,0,0,1.0,1,1.0,1,1.0,1,0.15242007658128306,52
1483,2,3151,1132,2019,0,0,0,1.0,1,1.0,1,1.0,1,0.11575143022356994,52
1484,2,3153,1132,2021,0,0,0,1.0,1,1.0,1,1.0,1,0.12341687525299093,53
1485,3,3156,1132,2024,0,0,0,1.0,1,1.0,1,1.0,1,0.08367496853685626,53
1486,2,3158,1132,2026,0,0,0,1.0,1,1.0,1,1.0,1,0.12296221763169882,54
1487,1,3159,1132,2027,0,0,0,1.0,1,1.0,1,1.0,1,0.12708877813978772,55
1488,3,3162,1132,2030,0,0,0,1.0,1,1.0,1,1.0,1,0.09916510887944326,57
1489,1,3163,1133,2030,0,0,0,1.0,1,1.0,1,1.0,1,0.10732035363388931,58
1490,0,3163,1133,2030,0,0,0,1.0,1,1.0,1,1.0,1,0.10732035363388931,58
1491,4,3167,1134,2033,0,0,0,1.0,1,1.0,1,1.0,1,0.11239045492601837,59
1492,1,3168,1135,2033,0,0,0,1.0,1,1.0,1,1.0,1,0.14441724657987703,59
1493,1,3169,1136,2033,0,0,0,1.0,1,1.0,1,1.0,1,0.13229789821623686,58
1494,1,3170,1137,2033,0,0,0,1.0,1,1.0,1,1.0,1,0.1631217100333243,58
1495,3,3173,1138,2035,0,0,0,1.0,1,1.0,1,1.0,1,0.14894095068822424,57
1496,1,3174,1138,2036,0,0,0,1.0,1,1.0,1,1.0,1,0.1360047235578731,59
1497,4,3178,1139,2039,0,0,0,1.0,1,1.0,1,1.0,1,0.11714444877270845,58
1498,1,3179,1140,2039,0,0,0,1.0,1,1.0,1,1.0,1,0.1395956274856886,58
1499,1,3180,1140,2040,0,0,0,1.0,1,1.0,1,1.0,1,0.12111206370953344,56
1500,3,3183,1141,2042,0,0,0,1.0,1,1.0,1,1.0,1,0.12383787050924439,57
1501,2,3185,1141,2044,0,0,0,1.0,1,1.0,1,1.0,1,0.09594001602639395,55
1502,1,3186,1142,2044,0,0,0,1.0,1,1.0,1,1.0,1,0.09358225165964244,55
1503,1,3187,1143,2044,0,0,0,1.0,1,1.0,1,1.0,1,0.1288118866395708,54
1504,3,3190,1145,2045,0,0,0,1.0,1,1.0,1,1.0,1,0.13788774996356473,55
1505,5,3195,1146,2049,0,0,0,1.0,1,1.0,1,1.0,1,0.06292361167722478,53
1506,2,3197,1147,2050,0,0,0,1.0,1,1.0,1,1.0,1,0.08001875305381963,55
1507,1,3198,1148,2050,0,0,0,1.0,1,1.0,1,1.0,1,0.08722279313119895,53
1508,2,3200,1150,2050,0,0,0,1.0,1,1.0,1,1.0,1,0.11220999888341619,53
1509,4,3204,1151,2053,0,0,0,1.0,1,1.0,1,1.0,1,0.10060560489510104,52
1510,2,3206,1153,2053,0,0,0,1.0,1,1.0,1,1.0,1,0.14175134310903775,50
1511,0,3206,1153,2053,0,0,0,1.0,1,1.0,1,1.0,1,0.14096929490399238,49
1512,2,3208,1155,2053,0,0,0,1.0,1,1.0,1,1.0,1,0.17333765274078233,48
1513,5,3213,1156,2057,0,0,0,1.0,1,1.0,1,1.0,1,0.16099234859506198,47
1514,1,3214,1157,2057,0,0,0,1.0,1,1.0,1,1.0,1,0.1491424242649266,48
1515,1,3215,1157,2058,0,0,0,1.0,1,1.0,1,1.0,1,0.13356765201190893,48
1516,0,3215,1157,2058,0,0,0,1.0,1,1.0,1,1.0,1,0.13360601114187282,47
1517,4,3219,1157,2062,0,0,0,1.0,1,1.0,1,1.0,1,0.09921734740506157,48
1518,0,3219,1157,2062,0,0,0,1.0,1,1.0,1,1.0,1,0.09921734740506157,48
1519,2,3221,1157,2064,0,0,0,1.0,1,1.0,1,1.0,1,0.09720381158850236,47
1520,2,3223,1159,2064,0,0,0,1.0,1,1.0,1,1.0,1,0.14273652053420266,48
1521,2,3225,1159,2066,0,0,0,1.0,1,1.0,1,1.0,1,0.1205257519697601,49
1522,1,3226,1160,2066,0,0,0,1.0,1,1.0,1,1.0,1,0.10178835565081445,48
1523,0,3226,1160,2066,0,0,0,1.0,1,1.0,1,1.0,1,0.11771300580487053,49
1524,1,3227,1161,2066,0,0,0,1.0,1,1.0,1,1.0,1,0.11416619246752943,49
1525,4,3231,1162,2069,0,0,0,1.0,1,1.0,1,1.0,1,0.10870517804916187,51
1526,1,3232,1162,2070,0,0,0,1.0,1,1.0,1,1.0,1,0.08826026526383095,52
1527,3,3235,1163,2072,0,0,0,1.0,1,1.0,1,1.0,1,0.1246833151102255,54
1528,3,3238,1164,2074,0,0,0,1.0,1,1.0,1,1.0,1,0.1437359643716129,54
1529,3,3241,1164,2077,0,0,0,1.0,1,1.0,1,1.0,1,0.11812976242082382,54
1530,4,3245,1165,2080,0,0,0,1.0,1,1.0,1,1.0,1,0.09572303218439304,54
1531,0,3245,1165,2080,0,0,0,1.0,1,1.0,1,1.0,1,0.11084262660983697,54
1532,1,3246,1165,2081,0,0,0,1.0,1,1.0,1,1.0,1,0.09749173041564531,54
1533,1,3247,1165,2082,0,0,0,1.0,1,1.0,1,1.0,1,0.08126761924765906,54
1534,0,3247,1165,2082,0,0,0,1.0,1,1.0,1,1.0,1,0.08126761924765906,54
1535,0,3247,1165,2082,0,0,0,1.0,1,1.0,1,1.0,1,0.08126761924765906,54
1536,0,3247,1165,2082,0,0,0,1.0,1,1.0,1,1.0,1,0.08370717825063488,55
1537,2,3249,1165,2084,0,0,0,1.0,1,1.0,1,1.0,1,0.07035413266210246,53
1538,0,3249,1165,2084,0,0,0,1.0,1,1.0,1,1.0,1,0.07422898347537692,54
1539,1,3250,1166,2084,0,0,0,1.0,1,1.0,1,1.0,1,0.11466988949699308,54
1540,2,3252,1167,2085,0,0,0,1.0,1,1.0,1,1.0,1,0.10797485807184574,54
1541,2,3254,1168,2086,0,0,0,1.0,1,1.0,1,1.0,1,0.0895679906253394,54
1542,6,3260,1170,2090,0,0,0,1.0,1,1.0,1,1.0,1,0.13181496698384063,57
1543,8,3268,1173,2095,0,0,0,1.0,1,1.0,1,1.0,1,0.11351263767339057,55
1544,7,3275,1176,2099,0,0,0,1.0,1,1.0,1,1.0,1,0.11846630629449838,54
1545,5,3280,1177,2103,0,0,0,1.0,1,1.0,1,1.0,1,0.06198785936680521,54
1546,3,3283,1179,2104,0,0,0,1.0,1,1.0,1,1.0,1,0.07467995414205925,53
1547,2,3285,1181,2104,0,0,0,1.0,1,1.0,1,1.0,1,0.08821648950953226,53
1548,3,3288,1182,2106,0,0,0,1.0,1,1.0,1,1.0,1,0.0634424842589492,54
1549,4,3292,1184,2108,0,0,0,1.0,1,1.0,1,1.0,1,0.054719831991339576,52
1550,5,3297,1189,2108,0,0,0,1.0,1,1.0,1,1.0,1,0.06794474995382802,52
1551,3,3300,1192,2108,0,0,0,1.0,1,1.0,1,1.0,1,0.13521633142093914,52
1552,4,3304,1195,2109,0,0,0,1.0,1,1.0,1,1.0,1,0.12005853274580215,51
1553,8,3312,1196,2116,0,0,0,1.0,1,1.0,1,1.0,1,0.11302651672433,51
1554,9,3321,1197,2124,0,0,0,1.0,1,1.0,1,1.0,1,0.12005459989421373,51
1555,5,3326,1197,2129,0,0,0,1.0,1,1.0,1,1.0,1,0.1046690890019809,50
1556,9,3335,1199,2136,0,0,0,1.0,1,1.0,1,1.0,1,0.11032530358055367,51
1557,3,3338,1200,2138,0,0,0,1.0,1,1.0,1,1.0,1,0.09959124538927619,51
1558,1,3339,1200,2139,0,0,0,1.0,1,1.0,1,1.0,1,0.08684363486340992,52
1559,3,3342,1202,2140,0,0,0,1.0,1,1.0,1,1.0,1,0.11456142131746525,53
1560,2,3344,1203,2141,0,0,0,1.0,1,1.0,1,1.0,1,0.07327659220606383,51
1561,0,3344,1203,2141,0,0,0,1.0,1,1.0,1,1.0,1,0.07327659220606383,51
1562,1,3345,1203,2142,0,0,0,1.0,1,1.0,1,1.0,1,0.0680575304482259,52
1563,0,3345,1203,2142,0,0,0,1.0,1,1.0,1,1.0,1,0.0680575304482259,52
1564,0,3345,1203,2142,0,0,0,1.0,1,1.0,1,1.0,1,0.08995573177963778,51
1565,1,3346,1204,2142,0,0,0,1.0,1,1.0,1,1.0,1,0.09465815103253414,53
1566,0,3346,1204,2142,0,0,0,1.0,1,1.0,1,1.0,1,0.12435384495289867,53
1567,1,3347,1204,2143,0,0,0,1.0,1,1.0,1,1.0,1,0.1260517446247673,52
1568,2,3349,1205,2144,0,0,0,1.0,1,1.0,1,1.0,1,0.13009370858946645,52
1569,3,3352,1206,2146,0,0,0,1.0,1,1.0,1,1.0,1,0.09679370073244295,49
1570,3,3355,1207,2148,0,0,0,1.0,1,1.0,1,1.0,1,0.113804687477808,48
1571,4,3359,1209,2150,0,0,0,1.0,1,1.0,1,1.0,1,0.10844182011946941,46
1572,1,3360,1210,2150,0,0,0,1.0,1,1.0,1,1.0,1,0.13022777907099803,47
1573,4,3364,1210,2154,0,0,0,1.0,1,1.0,1,1.0,1,0.06112740147378505,48
1574,3,3367,1213,2154,0,0,0,1.0,1,1.0,1,1.0,1,0.057638166493156055,46
1575,2,3369,1215,2154,0,0,0,1.0,1,1.0,1,1.0,1,0.1079604060300106,47
1576,5,3374,1219,2155,0,0,0,1.0,1,1.0,1,1.0,1,0.10410825391991131,46
1577,4,3378,1220,2158,0,0,0,1.0,1,1.0,1,1.0,1,0.0802511249336292,45
1578,0,3378,1220,2158,0,0,0,1.0,1,1.0,1,1.0,1,0.09714149816171103,44
1579,1,3379,1221,2158,0,0,0,1.0,1,1.0,1,1.0,1,0.13565492499662285,43
1580,0,3379,1221,2158,0,0,0,1.0,1,1.0,1,1.0,1,0.13565492499662285,43
1581,3,3382,1221,2161,0,0,0,1.0,1,1.0,1,1.0,1,0.1343687713742153,42
1582,1,3383,1222,2161,0,0,0,1.0,1,1.0,1,1.0,1,0.1321933583840567,42
1583,3,3386,1223,2163,0,0,0,1.0,1,1.0,1,1.0,1,0.1407538258438826,43
1584,4,3390,1227,2163,0,0,0,1.0,1,1.0,1,1.0,1,0.1932890377510608,41
1585,8,3398,1228,2170,0,0,0,1.0,1,1.0,1,1.0,1,0.08388283375304595,43
1586,3,3401,1229,2172,0,0,0,1.0,1,1.0,1,1.0,1,0.07208752229303364,42
1587,3,3404,1231,2173,0,0,0,1.0,1,1.0,1,1.0,1,0.12138629070153703,42
1588,4,3408,1233,2175,0,0,0,1.0,1,1.0,1,1.0,1,0.17864215978293718,42
1589,5,3413,1234,2179,0,0,0,1.0,1,1.0,1,1.0,1,0.11152410220478207,42
1590,0,3413,1234,2179,0,0,0,1.0,1,1.0,1,1.0,1,0.17855683701850672,41
1591,0,3413,1234,2179,0,0,0,1.0,1,1.0,1,1.0,1,0.19759343017597952,40
1592,2,3415,1235,2180,0,0,0,1.0,1,1.0,1,1.0,1,0.19556705465164162,39
1593,5,3420,1237,2183,0,0,0,1.0,1,1.0,1,1.0,1,0.17407393964077486,39
1594,2,3422,1237,2185,0,0,0,1.0,1,1.0,1,1.0,1,0.13548785258209634,39
1595,3,3425,1238,2187,0,0,0,1.0,1,1.0,1,1.0,1,0.16554698055469488,42
1596,2,3427,1238,2189,0,0,0,1.0,1,1.0,1,1.0,1,0.17303557245629167,41
1597,3,3430,1238,2192,0,0,0,1.0,1,1.0,1,1.0,1,0.10629182437125681,41
1598,2,3432,1238,2194,0,0,0,1.0,1,1.0,1,1.0,1,0.12607085781538013,39
1599,0,3432,1238,2194,0,0,0,1.0,1,1.0,1,1.0,1,0.12607085781538013,39
1600,4,3436,1241,2195,0,0,0,1.0,1,1.0,1,1.0,1,0.16325049285986812,40
1601,6,3442,1243,2199,0,0,0,1.0,1,1.0,1,1.0,1,0.10483252070362117,41
1602,1,3443,1244,2199,0,0,0,1.0,1,1.0,1,1.0,1,0.10818994535609147,41
1603,2,3445,1245,2200,0,0,0,1.0,1,1.0,1,1.0,1,0.1375111126631074,43
1604,0,3445,1245,2200,0,0,0,1.0,1,1.0,1,1.0,1,0.1375111126631074,43
1605,3,3448,1246,2202,0,0,0,1.0,1,1.0,1,1.0,1,0.1461268172593352,44
1606,4,3452,1248,2204,0,0,0,1.0,1,1.0,1,1.0,1,0.14566486592267036,44
1607,4,3456,1249,2207,0,0,0,1.0,1,1.0,1,1.0,1,0.12439384748350558,42
1608,2,3458,1251,2207,0,0,0,1.0,1,1.0,1,1.0,1,0.12891083831466402,41
1609,0,3458,1251,2207,0,0,0,1.0,1,1.0,1,1.0,1,0.09131098031236447,39
1610,0,3458,1251,2207,0,0,0,1.0,1,1.0,1,1.0,1,0.10459243911597688,39
1611,0,3458,1251,2207,0,0,0,1.0,1,1.0,1,1.0,1,0.12278383850385838,40
1612,0,3458,1251,2207,0,0,0,1.0,1,1.0,1,1.0,1,0.12021697879613838,39
1613,5,3463,1252,2211,0,0,0,1.0,1,1.0,1,1.0,1,0.1413588266239847,41
1614,2,3465,1253,2212,0,0,0,1.0,1,1.0,1,1.0,1,0.10845930685228207,41
1615,1,3466,1253,2213,0,0,0,1.0,1,1.0,1,1.0,1,0.11390448185075776,41
1616,5,3471,1253,2218,0,0,0,1.0,1,1.0,1,1.0,1,0.14711126899063035,43
1617,1,3472,1254,2218,0,0,0,1.0,1,1.0,1,1.0,1,0.16058302657068999,44
1618,0,3472,1254,2218,0,0,0,1.0,1,1.0,1,1.0,1,0.16058302657068999,44
1619,2,3474,1255,2219,0,0,0,1.0,1,1.0,1,1.0,1,0.20047022700451878,44
1620,5,3479,1256,2223,0,0,0,1.0,1,1.0,1,1.0,1,0.19425677627544974,45
1621,5,3484,1256,2228,0,0,0,1.0,1,1.0,1,1.0,1,0.11809447543006042,44
1622,1,3485,1257,2228,0,0,0,1.0,1,1.0,1,1.0,1,0.11116925628991746,44
1623,3,3488,1259,2229,0,0,0,1.0,1,1.0,1,1.0,1,0.1659872983923782,43
1624,0,3488,1259,2229,0,0,0,1.0,1,1.0,1,1.0,1,0.1192313576389592,43
1625,3,3491,1261,2230,0,0,0,1.0,1,1.0,1,1.0,1,0.1312362559699565,43
1626,1,3492,1262,2230,0,0,0,1.0,1,1.0,1,1.0,1,0.13436544267506004,42
1627,0,3492,1262,2230,0,0,0,1.0,1,1.0,1,1.0,1,0.13671997182162438,42
1628,3,3495,1263,2232,0,0,0,1.0,1,1.0,1,1.0,1,0.10831326343805854,42
1629,0,3495,1263,2232,0,0,0,1.0,1,1.0,1,1.0,1,0.11228322601039811,41
1630,3,3498,1266,2232,0,0,0,1.0,1,1.0,1,1.0,1,0.16931458650201578,41
1631,2,3500,1268,2232,0,0,0,1.0,1,1.0,1,1.0,1,0.1885182707759364,40
1632,2,3502,1268,2234,0,0,0,1.0,1,1.0,1,1.0,1,0.14718524545344472,39
1633,2,3504,1268,2236,0,0,0,1.0,1,1.0,1,1.0,1,0.10729268332648362,39
1634,2,3506,1269,2237,0,0,0,1.0,1,1.0,1,1.0,1,0.05816537317252391,39
1635,0,3506,1269,2237,0,0,0,1.0,1,1.0,1,1.0,1,0.05127921140812649,40
1636,0,3506,1269,2237,0,0,0,1.0,1,1.0,1,1.0,1,0.07072820804008897,41
1637,2,3508,1269,2239,0,0,0,1.0,1,1.0,1,1.0,1,0.07164902661083654,41
1638,0,3508,1269,2239,0,0,0,1.0,1,1.0,1,1.0,1,0.07134279981235477,42
1639,3,3511,1270,2241,0,0,0,1.0,1,1.0,1,1.0,1,0.09963489639906327,43
1640,0,3511,1270,2241,0,0,0,1.0,1,1.0,1,1.0,1,0.09963489639906327,43
1641,2,3513,1271,2242,0,0,0,1.0,1,1.0,1,1.0,1,0.07648846256380705,44
1642,2,3515,1272,2243,0,0,0,1.0,1,1.0,1,1.0,1,0.08826805919054688,45
1643,2,3517,1274,2243,0,0,0,1.0,1,1.0,1,1.0,1,0.0882282017434066,44
1644,1,3518,1275,2243,0,0,0,1.0,1,1.0,1,1.0,1,0.11453095979292681,45
1645,4,3522,1275,2247,0,0,0,1.0,1,1.0,1,1.0,1,0.09414447205635051,44
1646,2,3524,1276,2248,0,0,0,1.0,1,1.0,1,1.0,1,0.07101613496702561,43
1647,1,3525,1277,2248,0,0,0,1.0,1,1.0,1,1.0,1,0.125622055204193,43
1648,0,3525,1277,2248,0,0,0,1.0,1,1.0,1,1.0,1,0.17032129201761131,42
1649,0,3525,1277,2248,0,0,0,1.0,1,1.0,1,1.0,1,0.19074666084171574,41
1650,0,3525,1277,2248,0,0,0,1.0,1,1.0,1,1.0,1,0.19074666084171574,41
1651,1,3526,1278,2248,0,0,0,1.0,1,1.0,1,1.0,1,0.2236390261841545,40
1652,1,3527,1278,2249,0,0,0,1.0,1,1.0,1,1.0,1,0.21264701823477014,39
1653,3,3530,1278,2252,0,0,0,1.0,1,1.0,1,1.0,1,0.18238119808307346,39
1654,2,3532,1278,2254,0,0,0,1.0,1,1.0,1,1.0,1,0.14058248857679878,39
1655,6,3538,1281,2257,0,0,0,1.0,1,1.0,1,1.0,1,0.17150548124816392,40
1656,0,3538,1281,2257,0,0,0,1.0,1,1.0,1,1.0,1,0.17629482804078572,40
1657,2,3540,1281,2259,0,0,0,1.0,1,1.0,1,1.0,1,0.14946774201228355,40
1658,2,3542,1282,2260,0,0,0,1.0,1,1.0,1,1.0,1,0.13855771451216234,40
1659,2,3544,1284,2260,0,0,0,1.0,1,1.0,1,1.0,1,0.1639607572824147,40
1660,7,3551,1286,2265,0,0,0,1.0,1,1.0,1,1.0,1,0.14886772750035931,41
1661,6,3557,1287,2270,0,0,0,1.0,1,1.0,1,1.0,1,0.11626523184396012,42
1662,2,3559,1288,2271,0,0,0,1.0,1,1.0,1,1.0,1,0.13604961831353862,44
1663,2,3561,1290,2271,0,0,0,1.0,1,1.0,1,1.0,1,0.16772538262644884,43
1664,6,3567,1292,2275,0,0,0,1.0,1,1.0,1,1.0,1,0.12980489970580777,42
1665,3,3570,1292,2278,0,0,0,1.0,1,1.0,1,1.0,1,0.08109995895769037,42
1666,3,3573,1295,2278,0,0,0,1.0,1,1.0,1,1.0,1,0.16463833371584186,43
1667,2,3575,1297,2278,0,0,0,1.0,1,1.0,1,1.0,1,0.15835172304959205,40
1668,0,3575,1297,2278,0,0,0,1.0,1,1.0,1,1.0,1,0.13450199396100684,40
1669,3,3578,1298,2280,0,0,0,1.0,1,1.0,1,1.0,1,0.15028825897763068,40
1670,0,3578,1298,2280,0,0,0,1.0,1,1.0,1,1.0,1,0.13849965193704147,39
1671,1,3579,1298,2281,0,0,0,1.0,1,1.0,1,1.0,1,0.1271631368832675,39
1672,1,3580,1299,2281,0,0,0,1.0,1,1.0,1,1.0,1,0.1410570421270264,38
1673,4,3584,1300,2284,0,0,0,1.0,1,1.0,1,1.0,1,0.102664426589474,38
1674,3,3587,1301,2286,0,0,0,1.0,1,1.0,1,1.0,1,0.18379878569034863,38
1675,6,3593,1302,2291,0,0,0,1.0,1,1.0,1,1.0,1,0.2070638233946255,39
1676,2,3595,1302,2293,0,0,0,1.0,1,1.0,1,1.0,1,0.19660915903815565,39
1677,3,3598,1302,2296,0,0,0,1.0,1,1.0,1,1.0,1,0.12918861737912038,40
1678,1,3599,1302,2297,0,0,0,1.0,1,1.0,1,1.0,1,0.14355482198075983,39
1679,2,3601,1304,2297,0,0,0,1.0,1,1.0,1,1.0,1,0.15908864135547252,39
1680,2,3603,1304,2299,0,0,0,1.0,1,1.0,1,1.0,1,0.1746681763015381,40
1681,0,3603,1304,2299,0,0,0,1.0,1,1.0,1,1.0,1,0.15553100058543962,41
1682,0,3603,1304,2299,0,0,0,1.0,1,1.0,1,1.0,1,0.15579438606930832,40
1683,5,3608,1305,2303,0,0,0,1.0,1,1.0,1,1.0,1,0.13614405973074137,43
1684,4,3612,1307,2305,0,0,0,1.0,1,1.0,1,1.0,1,0.15654680463539186,42
1685,2,3614,1307,2307,0,0,0,1.0,1,1.0,1,1.0,1,0.0814738189841262,41
1686,1,3615,1307,2308,0,0,0,1.0,1,1.0,1,1.0,1,0.0791095760904419,39
1687,4,3619,1311,2308,0,0,0,1.0,1,1.0,1,1.0,1,0.16980244795838215,41
1688,4,3623,1313,2310,0,0,0,1.0,1,1.0,1,1.0,1,0.14011100548986083,39
1689,2,3625,1314,2311,0,0,0,1.0,1,1.0,1,1.0,1,0.12942635693877058,37
1690,0,3625,1314,2311,0,0,0,1.0,1,1.0,1,1.0,1,0.15531487620367632,36
1691,2,3627,1316,2311,0,0,0,1.0,1,1.0,1,1.0,1,0.19802532457888944,36
1692,0,3627,1316,2311,0,0,0,1.0,1,1.0,1,1.0,1,0.21587359299195386,34
1693,5,3632,1317,2315,0,0,0,1.0,1,1.0,1,1.0,1,0.1594138475805288,33
1694,0,3632,1317,2315,0,0,0,1.0,1,1.0,1,1.0,1,0.17923262055664085,32
1695,0,3632,1317,2315,0,0,0,1.0,1,1.0,1,1.0,1,0.169740168330043,32
1696,2,3634,1318,2316,0,0,0,1.0,1,1.0,1,1.0,1,0.22482696923339832,34
1697,2,3636,1318,2318,0,0,0,1.0,1,1.0,1,1.0,1,0.18869496878946623,34
1698,4,3640,1321,2319,0,0,0,1.0,1,1.0,1,1.0,1,0.24268797485573262,36
1699,2,3642,1323,2319,0,0,0,1.0,1,1.0,1,1.0,1,0.26901005076857487,36
1700,3,3645,1323,2322,0,0,0,1.0,1,1.0,1,1.0,1,0.2673467260498767,37
1701,1,3646,1323,2323,0,0,0,1.0,1,1.0,1,1.0,1,0.2457069103520637,39
1702,2,3648,1325,2323,0,0,0,1.0,1,1.0,1,1.0,1,0.25991684276590526,39
1703,1,3649,1325,2324,0,0,0,1.0,1,1.0,1,1.0,1,0.22640569643741573,38
1704,6,3655,1329,2326,0,0,0,1.0,1,1.0,1,1.0,1,0.2106688738045976,38
1705,1,3656,1330,2326,0,0,0,1.0,1,1.0,1,1.0,1,0.1956062130050859,37
1706,3,3659,1331,2328,0,0,0,1.0,1,1.0,1,1.0,1,0.17235330251842715,37
1707,2,3661,1333,2328,0,0,0,1.0,1,1.0,1,1.0,1,0.19526546535679443,36
1708,1,3662,1333,2329,0,0,0,1.0,1,1.0,1,1.0,1,0.192757397158637,34
1709,3,3665,1334,2331,0,0,0,1.0,1,1.0,1,1.0,1,0.15177405122656493,34
1710,1,3666,1334,2332,0,0,0,1.0,1,1.0,1,1.0,1,0.20447389786370793,33
1711,3,3669,1335,2334,0,0,0,1.0,1,1.0,1,1.0,1,0.17042944625083406,32
1712,0,3669,1335,2334,0,0,0,1.0,1,1.0,1,1.0,1,0.18141353608807545,31
1713,0,3669,1335,2334,0,0,0,1.0,1,1.0,1,1.0,1,0.20371725021135617,32
1714,0,3669,1335,2334,0,0,0,1.0,1,1.0,1,1.0,1,0.20371725021135617,32
1715,2,3671,1337,2334,0,0,0,1.0,1,1.0,1,1.0,1,0.25796041244775336,32
1716,3,3674,1338,2336,0,0,0,1.0,1,1.0,1,1.0,1,0.2272733940057483,34
1717,0,3674,1338,2336,0,0,0,1.0,1,1.0,1,1.0,1,0.2272733940057483,34
1718,1,3675,1338,2337,0,0,0,1.0,1,1.0,1,1.0,1,0.23520026828822435,34
1719,1,3676,1339,2337,0,0,0,1.0,1,1.0,1,1.0,1,0.2778823876956792,34
1720,1,3677,1339,2338,0,0,0,1.0,1,1.0,1,1.0,1,0.23709515978405973,34
1721,0,3677,1339,2338,0,0,0,1.0,1,1.0,1,1.0,1,0.2220154341893093,35
1722,1,3678,1339,2339,0,0,0,1.0,1,1.0,1,1.0,1,0.1949763253717188,35
1723,0,3678,1339,2339,0,0,0,1.0,1,1.0,1,1.0,1,0.20960484790331532,34
1724,2,3680,1339,2341,0,0,0,1.0,1,1.0,1,1.0,1,0.1243033255678888,33
1725,0,3680,1339,2341,0,0,0,1.0,1,1.0,1,1.0,1,0.13179515967159777,35
1726,0,3680,1339,2341,0,0,0,1.0,1,1.0,1,1.0,1,0.14183079684915015,34
1727,1,3681,1340,2341,0,0,0,1.0,1,1.0,1,1.0,1,0.17208424982305953,34
1728,0,3681,1340,2341,0,0,0,1.0,1,1.0,1,1.0,1,0.16874970827519567,35
1729,2,3683,1340,2343,0,0,0,1.0,1,1.0,1,1.0,1,0.1906532583916432,35
1730,4,3687,1342,2345,0,0,0,1.0,1,1.0,1,1.0,1,0.15542564186671315,35
1731,0,3687,1342,2345,0,0,0,1.0,1,1.0,1,1.0,1,0.18567142529701564,35
1732,0,3687,1342,2345,0,0,0,1.0,1,1.0,1,1.0,1,0.18567142529701564,35
1733,3,3690,1342,2348,0,0,0,1.0,1,1.0,1,1.0,1,0.16938795903130038,33
1734,1,3691,1343,2348,0,0,0,1.0,1,1.0,1,1.0,1,0.16385890875024375,34
1735,2,3693,1344,2349,0,0,0,1.0,1,1.0,1,1.0,1,0.16019463162325664,33
1736,4,3697,1347,2350,0,0,0,1.0,1,1.0,1,1.0,1,0.20751011315592044,33
1737,6,3703,1348,2355,0,0,0,1.0,1,1.0,1,1.0,1,0.13879348325498095,35
1738,5,3708,1350,2358,0,0,0,1.0,1,1.0,1,1.0,1,0.1427676483248929,36
1739,6,3714,1351,2363,0,0,0,1.0,1,1.0,1,1.0,1,0.11148565205828317,36
1740,4,3718,1352,2366,0,0,0,1.0,1,1.0,1,1.0,1,0.1665934285681936,37
1741,1,3719,1352,2367,0,0,0,1.0,1,1.0,1,1.0,1,0.13803218893013566,36
1742,1,3720,1353,2367,0,0,0,1.0,1,1.0,1,1.0,1,0.13128072200811,36
1743,1,3721,1353,2368,0,0,0,1.0,1,1.0,1,1.0,1,0.1389260267924573,37
1744,0,3721,1353,2368,0,0,0,1.0,1,1.0,1,1.0,1,0.1355174531156451,37
1745,7,3728,1356,2372,0,0,0,1.0,1,1.0,1,1.0,1,0.1926723679733009,38
1746,4,3732,1358,2374,0,0,0,1.0,1,1.0,1,1.0,1,0.1948946076734745,38
1747,2,3734,1359,2375,0,0,0,1.0,1,1.0,1,1.0,1,0.16362563092659024,37
1748,1,3735,1359,2376,0,0,0,1.0,1,1.0,1,1.0,1,0.16496234068680912,38
1749,2,3737,1359,2378,0,0,0,1.0,1,1.0,1,1.0,1,0.12791828417856413,38
1750,0,3737,1359,2378,0,0,0,1.0,1,1.0,1,1.0,1,0.1478417748884096,39
1751,1,3738,1359,2379,0,0,0,1.0,1,1.0,1,1.0,1,0.12101292297778696,41
1752,2,3740,1360,2380,0,0,0,1.0,1,1.0,1,1.0,1,0.1270733471464016,41
1753,3,3743,1361,2382,0,0,0,1.0,1,1.0,1,1.0,1,0.12056600865909137,41
1754,1,3744,1362,2382,0,0,0,1.0,1,1.0,1,1.0,1,0.14638865288843994,40
1755,2,3746,1363,2383,0,0,0,1.0,1,1.0,1,1.0,1,0.13374151385837832,41
1756,3,3749,1364,2385,0,0,0,1.0,1,1.0,1,1.0,1,0.13597441520300427,41
1757,3,3752,1365,2387,0,0,0,1.0,1,1.0,1,1.0,1,0.13290587252459013,40
1758,1,3753,1366,2387,0,0,0,1.0,1,1.0,1,1.0,1,0.1555007816700374,41
1759,0,3753,1366,2387,0,0,0,1.0,1,1.0,1,1.0,1,0.19430196972616845,38
1760,1,3754,1367,2387,0,0,0,1.0,1,1.0,1,1.0,1,0.22140470000390503,38
1761,4,3758,1369,2389,0,0,0,1.0,1,1.0,1,1.0,1,0.2315207993646198,37
1762,3,3761,1370,2391,0,0,0,1.0,1,1.0,1,1.0,1,0.1803367720892205,37
1763,2,3763,1372,2391,0,0,0,1.0,1,1.0,1,1.0,1,0.15160102932699812,37
1764,1,3764,1373,2391,0,0,0,1.0,1,1.0,1,1.0,1,0.2027063302330482,36
1765,4,3768,1375,2393,0,0,0,1.0,1,1.0,1,1.0,1,0.21278485703247668,36
1766,2,3770,1376,2394,0,0,0,1.0,1,1.0,1,1.0,1,0.18350405627666388,37
1767,3,3773,1378,2395,0,0,0,1.0,1,1.0,1,1.0,1,0.1638202117933352,37
1768,0,3773,1378,2395,0,0,0,1.0,1,1.0,1,1.0,1,0.15861532813593457,37
1769,1,3774,1379,2395,0,0,0,1.0,1,1.0,1,1.0,1,0.14777052600620216,38
1770,1,3775,1379,2396,0,0,0,1.0,1,1.0,1,1.0,1,0.16015369270455654,39
1771,0,3775,1379,2396,0,0,0,1.0,1,1.0,1,1.0,1,0.16015369270455654,39
1772,0,3775,1379,2396,0,0,0,1.0,1,1.0,1,1.0,1,0.16015369270455654,39
1773,0,3775,1379,2396,0,0,0,1.0,1,1.0,1,1.0,1,0.14198022979470085,41
1774,0,3775,1379,2396,0,0,0,1.0,1,1.0,1,1.0,1,0.14198022979470085,41
1775,1,3776,1379,2397,0,0,0,1.0,1,1.0,1,1.0,1,0.12833731578788043,42
1776,2,3778,1380,2398,0,0,0,1.0,1,1.0,1,1.0,1,0.1278322222733101,43
1777,0,3778,1380,2398,0,0,0,1.0,1,1.0,1,1.0,1,0.1278322222733101,43
1778,2,3780,1381,2399,0,0,0,1.0,1,1.0,1,1.0,1,0.13844037959247069,44
1779,2,3782,1381,2401,0,0,0,1.0,1,1.0,1,1.0,1,0.12796872708131113,46
1780,0,3782,1381,2401,0,0,0,1.0,1,1.0,1,1.0,1,0.12796872708131113,46
1781,1,3783,1382,2401,0,0,0,1.0,1,1.0,1,1.0,1,0.13254225980400022,46
1782,4,3787,1383,2404,0,0,0,1.0,1,1.0,1,1.0,1,0.13544745568559957,46
1783,1,3788,1384,2404,0,0,0,1.0,1,1.0,1,1.0,1,0.11517525377014097,44
1784,1,3789,1385,2404,0,0,0,1.0,1,1.0,1,1.0,1,0.13709389419091728,45
1785,2,3791,1386,2405,0,0,0,1.0,1,1.0,1,1.0,1,0.15200337517503087,42
1786,4,3795,1389,2406,0,0,0,1.0,1,1.0,1,1.0,1,0.22432082241799386,43
1787,4,3799,1392,2407,0,0,0,1.0,1,1.0,1,1.0,1,0.24988573876058473,41
1788,5,3804,1394,2410,0,0,0,1.0,1,1.0,1,1.0,1,0.259180445666797,41
1789,4,3808,1394,2414,0,0,0,1.0,1,1.0,1,1.0,1,0.1815019802977375,41
1790,2,3810,1394,2416,0,0,0,1.0,1,1.0,1,1.0,1,0.12909406888315467,41
1791,6,3816,1396,2420,0,0,0,1.0,1,1.0,1,1.0,1,0.1792949417757956,40
1792,4,3820,1398,2422,0,0,0,1.0,1,1.0,1,1.0,1,0.17384325959678817,40
1793,2,3822,1398,2424,0,0,0,1.0,1,1.0,1,1.0,1,0.14894342020457862,41
1794,4,3826,1400,2426,0,0,0,1.0,1,1.0,1,1.0,1,0.13227861076874317,41
1795,5,3831,1403,2428,0,0,0,1.0,1,1.0,1,1.0,1,0.15070676681931508,40
1796,1,3832,1404,2428,0,0,0,1.0,1,1.0,1,1.0,1,0.143603226969685,40
1797,1,3833,1405,2428,0,0,0,1.0,1,1.0,1,1.0,1,0.17728013849559435,37
1798,1,3834,1406,2428,0,0,0,1.0,1,1.0,1,1.0,1,0.19478607754017688,37
1799,6,3840,1408,2432,0,0,0,1.0,1,1.0,1,1.0,1,0.22143740947337717,36
1800,1,3841,1408,2433,0,0,0,1.0,1,1.0,1,1.0,1,0.2028481289738885,36
1801,0,3841,1408,2433,0,0,0,1.0,1,1.0,1,1.0,1,0.1751331921783521,34
1802,0,3841,1408,2433,0,0,0,1.0,1,1.0,1,1.0,1,0.17533939104279012,33
1803,1,3842,1408,2434,0,0,0,1.0,1,1.0,1,1.0,1,0.1355796368087234,33
1804,3,3845,1409,2436,0,0,0,1.0,1,1.0,1,1.0,1,0.14262858495485609,33
1805,2,3847,1409,2438,0,0,0,1.0,1,1.0,1,1.0,1,0.11610640746892344,35
1806,1,3848,1410,2438,0,0,0,1.0,1,1.0,1,1.0,1,0.1548282821327413,35
1807,4,3852,1410,2442,0,0,0,1.0,1,1.0,1,1.0,1,0.183967260730176,35
1808,2,3854,1410,2444,0,0,0,1.0,1,1.0,1,1.0,1,0.1785172050207393,36
1809,6,3860,1410,2450,0,0,0,1.0,1,1.0,1,1.0,1,0.11467978010647481,36
1810,1,3861,1410,2451,0,0,0,1.0,1,1.0,1,1.0,1,0.1292266460052496,35
1811,1,3862,1410,2452,0,0,0,1.0,1,1.0,1,1.0,1,0.17984243987540124,36
1812,3,3865,1411,2454,0,0,0,1.0,1,1.0,1,1.0,1,0.1780018111667693,36
1813,2,3867,1412,2455,0,0,0,1.0,1,1.0,1,1.0,1,0.16275660208132525,36
1814,1,3868,1413,2455,0,0,0,1.0,1,1.0,1,1.0,1,0.1667853788751919,34
1815,2,3870,1414,2456,0,0,0,1.0,1,1.0,1,1.0,1,0.16206177118325601,35
1816,1,3871,1415,2456,0,0,0,1.0,1,1.0,1,1.0,1,0.20630989913423847,34
1817,1,3872,1416,2456,0,0,0,1.0,1,1.0,1,1.0,1,0.19649575850700962,34
1818,2,3874,1416,2458,0,0,0,1.0,1,1.0,1,1.0,1,0.15001950590804974,34
1819,2,3876,1417,2459,0,0,0,1.0,1,1.0,1,1.0,1,0.14639681448685965,35
1820,2,3878,1418,2460,0,0,0,1.0,1,1.0,1,1.0,1,0.13029719773912768,36
1821,1,3879,1418,2461,0,0,0,1.0,1,1.0,1,1.0,1,0.10536547172262742,36
1822,0,3879,1418,2461,0,0,0,1.0,1,1.0,1,1.0,1,0.12703068792894748,37
1823,7,3886,1421,2465,0,0,0,1.0,1,1.0,1,1.0,1,0.1313304634883348,38
1824,0,3886,1421,2465,0,0,0,1.0,1,1.0,1,1.0,1,0.1108687729590233,37
1825,2,3888,1423,2465,0,0,0,1.0,1,1.0,1,1.0,1,0.16551326507280242,36
1826,0,3888,1423,2465,0,0,0,1.0,1,1.0,1,1.0,1,0.1437187314522147,35
1827,1,3889,1424,2465,0,0,0,1.0,1,1.0,1,1.0,1,0.15272030122061303,35
1828,1,3890,1425,2465,0,0,0,1.0,1,1.0,1,1.0,1,0.18454733251159464,33
1829,3,3893,1425,2468,0,0,0,1.0,1,1.0,1,1.0,1,0.09676510366821336,32
1830,2,3895,1426,2469,0,0,0,1.0,1,1.0,1,1.0,1,0.11213804817711198,32
1831,0,3895,1426,2469,0,0,0,1.0,1,1.0,1,1.0,1,0.15035066195461882,30
1832,3,3898,1429,2469,0,0,0,1.0,1,1.0,1,1.0,1,0.2370520027975904,30
1833,2,3900,1430,2470,0,0,0,1.0,1,1.0,1,1.0,1,0.2585641875197841,29
1834,6,3906,1432,2474,0,0,0,1.0,1,1.0,1,1.0,1,0.2577025934839306,28
1835,3,3909,1433,2476,0,0,0,1.0,1,1.0,1,1.0,1,0.33231763789315977,28
1836,3,3912,1434,2478,0,0,0,1.0,1,1.0,1,1.0,1,0.2612073555787609,29
1837,1,3913,1434,2479,0,0,0,1.0,1,1.0,1,1.0,1,0.2538990902880178,28
1838,1,3914,1435,2479,0,0,0,1.0,1,1.0,1,1.0,1,0.2270117096675068,28
1839,2,3916,1437,2479,0,0,0,1.0,1,1.0,1,1.0,1,0.2955542157259439,27
1840,2,3918,1437,2481,0,0,0,1.0,1,1.0,1,1.0,1,0.28911594465413015,26
1841,0,3918,1437,2481,0,0,0,1.0,1,1.0,1,1.0,1,0.2861850512375388,25
1842,1,3919,1437,2482,0,0,0,1.0,1,1.0,1,1.0,1,0.26495480965149754,26
1843,0,3919,1437,2482,0,0,0,1.0,1,1.0,1,1.0,1,0.26495480965149754,26
1844,4,3923,1439,2484,0,0,0,1.0,1,1.0,1,1.0,1,0.20901076161310814,26
1845,1,3924,1439,2485,0,0,0,1.0,1,1.0,1,1.0,1,0.19387811210226583,26
1846,3,3927,1441,2486,0,0,0,1.0,1,1.0,1,1.0,1,0.16810625056627343,26
1847,1,3928,1441,2487,0,0,0,1.0,1,1.0,1,1.0,1,0.13890270444216357,26
1848,1,3929,1442,2487,0,0,0,1.0,1,1.0,1,1.0,1,0.16111498381384354,27
1849,0,3929,1442,2487,0,0,0,1.0,1,1.0,1,1.0,1,0.16111498381384354,27
1850,2,3931,1442,2489,0,0,0,1.0,1,1.0,1,1.0,1,0.12092056728913782,28
1851,0,3931,1442,2489,0,0,0,1.0,1,1.0,1,1.0,1,0.12092056728913782,28
1852,0,3931,1442,2489,0,0,0,1.0,1,1.0,1,1.0,1,0.12092056728913782,28
1853,0,3931,1442,2489,0,0,0,1.0,1,1.0,1,1.0,1,0.14548426911566234,27
1854,0,3931,1442,2489,0,0,0,1.0,1,1.0,1,1.0,1,0.17293705206330437,28
1855,0,3931,1442,2489,0,0,0,1.0,1,1.0,1,1.0,1,0.17293705206330437,28
1856,0,3931,1442,2489,0,0,0,1.0,1,1.0,1,1.0,1,0.18766905934821845,30
1857,0,3931,1442,2489,0,0,0,1.0,1,1.0,1,1.0,1,0.19100127904272615,31
1858,2,3933,1443,2490,0,0,0,1.0,1,1.0,1,1.0,1,0.22773565248614897,31
1859,0,3933,1443,2490,0,0,0,1.0,1,1.0,1,1.0,1,0.22773565248614897,31
1860,0,3933,1443,2490,0,0,0,1.0,1,1.0,1,1.0,1,0.22773565248614897,31
1861,2,3935,1444,2491,0,0,0,1.0,1,1.0,1,1.0,1,0.23585065816346115,31
1862,1,3936,1445,2491,0,0,0,1.0,1,1.0,1,1.0,1,0.24101206804853653,31
1863,3,3939,1446,2493,0,0,0,1.0,1,1.0,1,1.0,1,0.23751107859101228,31
1864,5,3944,1448,2496,0,0,0,1.0,1,1.0,1,1.0,1,0.21932480963740206,30
1865,2,3946,1448,2498,0,0,0,1.0,1,1.0,1,1.0,1,0.2048059544916945,27
1866,2,3948,1450,2498,0,0,0,1.0,1,1.0,1,1.0,1,0.20916138905363474,28
1867,1,3949,1450,2499,0,0,0,1.0,1,1.0,1,1.0,1,0.21262216005278112,26
1868,1,3950,1451,2499,0,0,0,1.0,1,1.0,1,1.0,1,0.20351788370952206,26
1869,2,3952,1451,2501,0,0,0,1.0,1,1.0,1,1.0,1,0.1445038368426221,25
1870,1,3953,1452,2501,0,0,0,1.0,1,1.0,1,1.0,1,0.14365562788151678,25
1871,0,3953,1452,2501,0,0,0,1.0,1,1.0,1,1.0,1,0.16360870160336344,26
1872,1,3954,1453,2501,0,0,0,1.0,1,1.0,1,1.0,1,0.20449958981849842,25
1873,2,3956,1453,2503,0,0,0,1.0,1,1.0,1,1.0,1,0.14278278585890047,23
1874,1,3957,1453,2504,0,0,0,1.0,1,1.0,1,1.0,1,0.13198549970129642,23
1875,0,3957,1453,2504,0,0,0,1.0,1,1.0,1,1.0,1,0.17685281244164908,21
1876,2,3959,1454,2505,0,0,0,1.0,1,1.0,1,1.0,1,0.21304062424761655,24
1877,2,3961,1454,2507,0,0,0,1.0,1,1.0,1,1.0,1,0.1645170033504641,24
1878,0,3961,1454,2507,0,0,0,1.0,1,1.0,1,1.0,1,0.14050110668788454,26
1879,0,3961,1454,2507,0,0,0,1.0,1,1.0,1,1.0,1,0.14050110668788454,26
1880,0,3961,1454,2507,0,0,0,1.0,1,1.0,1,1.0,1,0.14050110668788454,26
1881,0,3961,1454,2507,0,0,0,1.0,1,1.0,1,1.0,1,0.14050110668788454,26
1882,0,3961,1454,2507,0,0,0,1.0,1,1.0,1,1.0,1,0.16303374513307975,25
1883,0,3961,1454,2507,0,0,0,1.0,1,1.0,1,1.0,1,0.16303374513307975,25
1884,0,3961,1454,2507,0,0,0,1.0,1,1.0,1,1.0,1,0.16303374513307975,25
1885,0,3961,1454,2507,0,0,0,1.0,1,1.0,1,1.0,1,0.16303374513307975,25
1886,0,3961,1454,2507,0,0,0,1.0,1,1.0,1,1.0,1,0.12394283712407649,26
1887,0,3961,1454,2507,0,0,0,1.0,1,1.0,1,1.0,1,0.12394283712407649,26
1888,1,3962,1455,2507,0,0,0,1.0,1,1.0,1,1.0,1,0.17868375498617436,27
1889,1,3963,1455,2508,0,0,0,1.0,1,1.0,1,1.0,1,0.1924156132405961,28
1890,0,3963,1455,2508,0,0,0,1.0,1,1.0,1,1.0,1,0.1924156132405961,28
1891,0,3963,1455,2508,0,0,0,1.0,1,1.0,1,1.0,1,0.22319709683448696,29
1892,0,3963,1455,2508,0,0,0,1.0,1,1.0,1,1.0,1,0.22319709683448696,29
1893,1,3964,1456,2508,0,0,0,1.0,1,1.0,1,1.0,1,0.21390216157918052,29
1894,1,3965,1456,2509,0,0,0,1.0,1,1.0,1,1.0,1,0.17133448534243295,29
1895,1,3966,1457,2509,0,0,0,1.0,1,1.0,1,1.0,1,0.162211355581125,31
1896,1,3967,1457,2510,0,0,0,1.0,1,1.0,1,1.0,1,0.1344547511815216,31
1897,0,3967,1457,2510,0,0,0,1.0,1,1.0,1,1.0,1,0.1344547511815216,31
1898,0,3967,1457,2510,0,0,0,1.0,1,1.0,1,1.0,1,0.1344547511815216,31
1899,1,3968,1457,2511,0,0,0,1.0,1,1.0,1,1.0,1,0.14467819402132936,32
1900,0,3968,1457,2511,0,0,0,1.0,1,1.0,1,1.0,1,0.14467819402132936,32
1901,0,3968,1457,2511,0,0,0,1.0,1,1.0,1,1.0,1,0.14467819402132936,32
1902,0,3968,1457,2511,0,0,0,1.0,1,1.0,1,1.0,1,0.14467819402132936,32
1903,0,3968,1457,2511,0,0,0,1.0,1,1.0,1,1.0,1,0.14467819402132936,32
1904,0,3968,1457,2511,0,0,0,1.0,1,1.0,1,1.0,1,0.13921369475134915,34
1905,0,3968,1457,2511,0,0,0,1.0,1,1.0,1,1.0,1,0.13921369475134915,34
1906,1,3969,1457,2512,0,0,0,1.0,1,1.0,1,1.0,1,0.14560992522669816,35
1907,0,3969,1457,2512,0,0,0,1.0,1,1.0,1,1.0,1,0.15225236512013893,36
1908,0,3969,1457,2512,0,0,0,1.0,1,1.0,1,1.0,1,0.15225236512013893,36
1909,1,3970,1457,2513,0,0,0,1.0,1,1.0,1,1.0,1,0.15049231756620696,37
1910,3,3973,1458,2515,0,0,0,1.0,1,1.0,1,1.0,1,0.16146840726148876,38
1911,2,3975,1458,2517,0,0,0,1.0,1,1.0,1,1.0,1,0.13474602373591615,37
1912,1,3976,1459,2517,0,0,0,1.0,1,1.0,1,1.0,1,0.14939209921237342,37
1913,1,3977,1460,2517,0,0,0,1.0,1,1.0,1,1.0,1,0.1780991578043334,36
1914,1,3978,1460,2518,0,0,0,1.0,1,1.0,1,1.0,1,0.17581288143277732,37
1915,2,3980,1462,2518,0,0,0,1.0,1,1.0,1,1.0,1,0.24913323308764154,37
1916,3,3983,1462,2521,0,0,0,1.0,1,1.0,1,1.0,1,0.19048430875005434,39
1917,3,3986,1463,2523,0,0,0,1.0,1,1.0,1,1.0,1,0.14960670813348986,38
1918,2,3988,1465,2523,0,0,0,1.0,1,1.0,1,1.0,1,0.18590273155377438,38
1919,3,3991,1465,2526,0,0,0,1.0,1,1.0,1,1.0,1,0.1951941968599918,38
1920,5,3996,1467,2529,0,0,0,1.0,1,1.0,1,1.0,1,0.19773920905353626,39
1921,1,3997,1467,2530,0,0,0,1.0,1,1.0,1,1.0,1,0.15866027773181657,38
1922,1,3998,1467,2531,0,0,0,1.0,1,1.0,1,1.0,1,0.12331429077613679,39
1923,1,3999,1468,2531,0,0,0,1.0,1,1.0,1,1.0,1,0.14260560109513307,40
1924,0,3999,1468,2531,0,0,0,1.0,1,1.0,1,1.0,1,0.14260560109513307,40
1925,2,4001,1468,2533,0,0,0,1.0,1,1.0,1,1.0,1,0.09572441734550378,40
1926,0,4001,1468,2533,0,0,0,1.0,1,1.0,1,1.0,1,0.09572441734550378,40
1927,2,4003,1469,2534,0,0,0,1.0,1,1.0,1,1.0,1,0.12306865653119475,41
1928,1,4004,1469,2535,0,0,0,1.0,1,1.0,1,1.0,1,0.09724718628337957,41
1929,2,4006,1470,2536,0,0,0,1.0,1,1.0,1,1.0,1,0.1304443965380326,40
1930,0,4006,1470,2536,0,0,0,1.0,1,1.0,1,1.0,1,0.1304443965380326,40
1931,2,4008,1471,2537,0,0,0,1.0,1,1.0,1,1.0,1,0.1421078070423886,40
1932,2,4010,1471,2539,0,0,0,1.0,1,1.0,1,1.0,1,0.09409512629154736,40
1933,1,4011,1471,2540,0,0,0,1.0,1,1.0,1,1.0,1,0.10800284344262218,42
1934,0,4011,1471,2540,0,0,0,1.0,1,1.0,1,1.0,1,0.11181025518279186,44
1935,0,4011,1471,2540,0,0,0,1.0,1,1.0,1,1.0,1,0.11181025518279186,44
1936,4,4015,1471,2544,0,0,0,1.0,1,1.0,1,1.0,1,0.12174277317373329,46
1937,1,4016,1471,2545,0,0,0,1.0,1,1.0,1,1.0,1,0.09949547623354804,47
1938,0,4016,1471,2545,0,0,0,1.0,1,1.0,1,1.0,1,0.09949547623354804,47
1939,0,4016,1471,2545,0,0,0,1.0,1,1.0,1,1.0,1,0.09949547623354804,47
1940,3,4019,1473,2546,0,0,0,1.0,1,1.0,1,1.0,1,0.11072834204654829,47
1941,4,4023,1475,2548,0,0,0,1.0,1,1.0,1,1.0,1,0.13762006930683857,47
1942,7,4030,1478,2552,0,0,0,1.0,1,1.0,1,1.0,1,0.15061656968271223,49
1943,4,4034,1480,2554,0,0,0,1.0,1,1.0,1,1.0,1,0.13676862566125225,47
1944,7,4041,1483,2558,0,0,0,1.0,1,1.0,1,1.0,1,0.16821678926914413,47
1945,4,4045,1484,2561,0,0,0,1.0,1,1.0,1,1.0,1,0.09897049521490792,45
1946,2,4047,1485,2562,0,0,0,1.0,1,1.0,1,1.0,1,0.10656789666528595,45
1947,6,4053,1487,2566,0,0,0,1.0,1,1.0,1,1.0,1,0.1509812580942865,45
1948,6,4059,1489,2570,0,0,0,1.0,1,1.0,1,1.0,1,0.21550897658625143,45
1949,6,4065,1490,2575,0,0,0,1.0,1,1.0,1,1.0,1,0.16922345364857,42
1950,3,4068,1492,2576,0,0,0,1.0,1,1.0,1,1.0,1,0.1542727321536791,42
1951,3,4071,1493,2578,0,0,0,1.0,1,1.0,1,1.0,1,0.14102955433815662,38
1952,4,4075,1496,2579,0,0,0,1.0,1,1.0,1,1.0,1,0.23853010056113882,36
1953,5,4080,1496,2584,0,0,0,1.0,1,1.0,1,1.0,1,0.13783317584517132,35
1954,2,4082,1497,2585,0,0,0,1.0,1,1.0,1,1.0,1,0.1623809092143982,32
1955,2,4084,1498,2586,0,0,0,1.0,1,1.0,1,1.0,1,0.1526443219643806,33
1956,2,4086,1499,2587,0,0,0,1.0,1,1.0,1,1.0,1,0.1868634301632449,31
1957,3,4089,1499,2590,0,0,0,1.0,1,1.0,1,1.0,1,0.12944881756092902,33
1958,3,4092,1501,2591,0,0,0,1.0,1,1.0,1,1.0,1,0.2225461715172076,34
1959,1,4093,1501,2592,0,0,0,1.0,1,1.0,1,1.0,1,0.20103395303424754,35
1960,1,4094,1502,2592,0,0,0,1.0,1,1.0,1,1.0,1,0.23512249821339123,36
1961,6,4100,1504,2596,0,0,0,1.0,1,1.0,1,1.0,1,0.20614325721924234,36
1962,1,4101,1504,2597,0,0,0,1.0,1,1.0,1,1.0,1,0.1964631928895301,35
1963,2,4103,1505,2598,0,0,0,1.0,1,1.0,1,1.0,1,0.15951538687826095,36
1964,1,4104,1505,2599,0,0,0,1.0,1,1.0,1,1.0,1,0.169354022448322,35
1965,1,4105,1505,2600,0,0,0,1.0,1,1.0,1,1.0,1,0.13270710398448643,36
1966,0,4105,1505,2600,0,0,0,1.0,1,1.0,1,1.0,1,0.13270710398448643,36
1967,1,4106,1506,2600,0,0,0,1.0,1,1.0,1,1.0,1,0.16049431098980804,36
1968,2,4108,1506,2602,0,0,0,1.0,1,1.0,1,1.0,1,0.14392375991974818,37
1969,3,4111,1507,2604,0,0,0,1.0,1,1.0,1,1.0,1,0.1175365453216474,37
1970,0,4111,1507,2604,0,0,0,1.0,1,1.0,1,1.0,1,0.14568638009851634,38
1971,1,4112,1508,2604,0,0,0,1.0,1,1.0,1,1.0,1,0.21337334382794335,37
1972,1,4113,1508,2605,0,0,0,1.0,1,1.0,1,1.0,1,0.20585595355714498,37
1973,4,4117,1509,2608,0,0,0,1.0,1,1.0,1,1.0,1,0.17110873785186267,37
1974,2,4119,1510,2609,0,0,0,1.0,1,1.0,1,1.0,1,0.17455997569706766,38
1975,2,4121,1510,2611,0,0,0,1.0,1,1.0,1,1.0,1,0.1276086706363045,37
1976,3,4124,1510,2614,0,0,0,1.0,1,1.0,1,1.0,1,0.16296435423853556,39
1977,4,4128,1510,2618,0,0,0,1.0,1,1.0,1,1.0,1,0.10240069606721047,42
1978,0,4128,1510,2618,0,0,0,1.0,1,1.0,1,1.0,1,0.10240069606721047,42
1979,0,4128,1510,2618,0,0,0,1.0,1,1.0,1,1.0,1,0.10240069606721047,42
1980,0,4128,1510,2618,0,0,0,1.0,1,1.0,1,1.0,1,0.09725997780906544,43
1981,0,4128,1510,2618,0,0,0,1.0,1,1.0,1,1.0,1,0.10458217481010121,44
1982,2,4130,1511,2619,0,0,0,1.0,1,1.0,1,1.0,1,0.08480320405058082,44
1983,3,4133,1513,2620,0,0,0,1.0,1,1.0,1,1.0,1,0.10584416743595423,44
1984,1,4134,1514,2620,0,0,0,1.0,1,1.0,1,1.0,1,0.11882910041593364,42
1985,5,4139,1517,2622,0,0,0,1.0,1,1.0,1,1.0,1,0.19925341825508744,41
1986,2,4141,1518,2623,0,0,0,1.0,1,1.0,1,1.0,1,0.19295588969495772,40
1987,2,4143,1519,2624,0,0,0,1.0,1,1.0,1,1.0,1,0.18540722716833133,37
1988,2,4145,1521,2624,0,0,0,1.0,1,1.0,1,1.0,1,0.19778857507902114,35
1989,1,4146,1521,2625,0,0,0,1.0,1,1.0,1,1.0,1,0.18215967089853863,32
1990,4,4150,1521,2629,0,0,0,1.0,1,1.0,1,1.0,1,0.13458254352540455,31
1991,2,4152,1521,2631,0,0,0,1.0,1,1.0,1,1.0,1,0.12769332979847964,32
1992,3,4155,1524,2631,0,0,0,1.0,1,1.0,1,1.0,1,0.2285432223528516,32
1993,5,4160,1525,2635,0,0,0,1.0,1,1.0,1,1.0,1,0.12327998159084512,32
1994,0,4160,1525,2635,0,0,0,1.0,1,1.0,1,1.0,1,0.13785345173763663,31
1995,3,4163,1525,2638,0,0,0,1.0,1,1.0,1,1.0,1,0.16073110967939755,32
1996,0,4163,1525,2638,0,0,0,1.0,1,1.0,1,1.0,1,0.13715976097697347,32
1997,1,4164,1525,2639,0,0,0,1.0,1,1.0,1,1.0,1,0.12843120743087325,31
1998,0,4164,1525,2639,0,0,0,1.0,1,1.0,1,1.0,1,0.11468433053702845,32
1999,0,4164,1525,2639,0,0,0,1.0,1,1.0,1,1.0,1,0.14546317655666657,31
2000,0,4164,1525,2639,0,0,0,1.0,1,1.0,1,1.0,1,0.16233382908165297,30
2001,2,4166,1525,2641,0,0,0,1.0,1,1.0,1,1.0,1,0.13964146922223103,29
2002,0,4166,1525,2641,0,0,0,1.0,1,1.0,1,1.0,1,0.15853174637320608,31
2003,1,4167,1526,2641,0,0,0,1.0,1,1.0,1,1.0,1,0.20333885472988078,33
2004,5,4172,1527,2645,0,0,0,1.0,1,1.0,1,1.0,1,0.19451631819739096,34
2005,4,4176,1528,2648,0,0,0,1.0,1,1.0,1,1.0,1,0.1714577166063921,35
2006,1,4177,1529,2648,0,0,0,1.0,1,1.0,1,1.0,1,0.16881793342588516,36
2007,2,4179,1530,2649,0,0,0,1.0,1,1.0,1,1.0,1,0.17626155027317306,36
2008,2,4181,1532,2649,0,0,0,1.0,1,1.0,1,1.0,1,0.21786495464542,36
2009,2,4183,1532,2651,0,0,0,1.0,1,1.0,1,1.0,1,0.1508849405472952,37
2010,2,4185,1533,2652,0,0,0,1.0,1,1.0,1,1.0,1,0.15714520274154428,37
2011,0,4185,1533,2652,0,0,0,1.0,1,1.0,1,1.0,1,0.15714520274154428,37
2012,0,4185,1533,2652,0,0,0,1.0,1,1.0,1,1.0,1,0.15714520274154428,37
2013,0,4185,1533,2652,0,0,0,1.0,1,1.0,1,1.0,1,0.18572517732942503,39
2014,1,4186,1533,2653,0,0,0,1.0,1,1.0,1,1.0,1,0.21397495041386527,39
2015,1,4187,1533,2654,0,0,0,1.0,1,1.0,1,1.0,1,0.18873311421205835,39
2016,1,4188,1533,2655,0,0,0,1.0,1,1.0,1,1.0,1,0.15497486081951434,41
2017,3,4191,1533,2658,0,0,0,1.0,1,1.0,1,1.0,1,0.13096477893513306,41
2018,2,4193,1534,2659,0,0,0,1.0,1,1.0,1,1.0,1,0.15766491372422153,42
2019,1,4194,1534,2660,0,0,0,1.0,1,1.0,1,1.0,1,0.12314158273860286,43
2020,2,4196,1535,2661,0,0,0,1.0,1,1.0,1,1.0,1,0.14014212539633067,43
2021,1,4197,1536,2661,0,0,0,1.0,1,1.0,1,1.0,1,0.10755402785529664,43
2022,0,4197,1536,2661,0,0,0,1.0,1,1.0,1,1.0,1,0.11037925762850749,44
2023,3,4200,1538,2662,0,0,0,1.0,1,1.0,1,1.0,1,0.1503560924277944,42
2024,1,4201,1539,2662,0,0,0,1.0,1,1.0,1,1.0,1,0.1450979243592168,41
2025,5,4206,1541,2665,0,0,0,1.0,1,1.0,1,1.0,1,0.08725463485978982,39
2026,0,4206,1541,2665,0,0,0,1.0,1,1.0,1,1.0,1,0.1123488351324787,39
2027,3,4209,1544,2665,0,0,0,1.0,1,1.0,1,1.0,1,0.23265177452682562,38
2028,2,4211,1545,2666,0,0,0,1.0,1,1.0,1,1.0,1,0.3092562830777195,37
2029,5,4216,1545,2671,0,0,0,1.0,1,1.0,1,1.0,1,0.15664260172000494,35
2030,0,4216,1545,2671,0,0,0,1.0,1,1.0,1,1.0,1,0.14614872550350902,32
2031,0,4216,1545,2671,0,0,0,1.0,1,1.0,1,1.0,1,0.17565366638968277,34
2032,2,4218,1546,2672,0,0,0,1.0,1,1.0,1,1.0,1,0.2196301843944043,35
2033,4,4222,1549,2673,0,0,0,1.0,1,1.0,1,1.0,1,0.22581808846896312,35
2034,0,4222,1549,2673,0,0,0,1.0,1,1.0,1,1.0,1,0.23657502543546813,35
2035,4,4226,1552,2674,0,0,0,1.0,1,1.0,1,1.0,1,0.2809313670466353,36
2036,2,4228,1552,2676,0,0,0,1.0,1,1.0,1,1.0,1,0.21210525010314124,35
2037,3,4231,1552,2679,0,0,0,1.0,1,1.0,1,1.0,1,0.16763884885595287,36
2038,4,4235,1553,2682,0,0,0,1.0,1,1.0,1,1.0,1,0.1668688769915951,38
2039,1,4236,1553,2683,0,0,0,1.0,1,1.0,1,1.0,1,0.16357224292519412,38
2040,2,4238,1553,2685,0,0,0,1.0,1,1.0,1,1.0,1,0.1960388183407493,37
2041,6,4244,1553,2691,0,0,0,1.0,1,1.0,1,1.0,1,0.14367066688829228,38
2042,1,4245,1553,2692,0,0,0,1.0,1,1.0,1,1.0,1,0.12411623906399098,38
2043,0,4245,1553,2692,0,0,0,1.0,1,1.0,1,1.0,1,0.12411623906399098,38
2044,0,4245,1553,2692,0,0,0,1.0,1,1.0,1,1.0,1,0.12116326328017407,39
2045,4,4249,1554,2695,0,0,0,1.0,1,1.0,1,1.0,1,0.13381341442581735,40
2046,1,4250,1554,2696,0,0,0,1.0,1,1.0,1,1.0,1,0.11880536241838154,41
2047,0,4250,1554,2696,0,0,0,1.0,1,1.0,1,1.0,1,0.11880536241838154,41
2048,0,4250,1554,2696,0,0,0,1.0,1,1.0,1,1.0,1,0.11950603732721801,43
2049,3,4253,1556,2697,0,0,0,1.0,1,1.0,1,1.0,1,0.09350783600971997,43
2050,0,4253,1556,2697,0,0,0,1.0,1,1.0,1,1.0,1,0.11546077961351793,43
2051,1,4254,1556,2698,0,0,0,1.0,1,1.0,1,1.0,1,0.12336997609468439,43
2052,1,4255,1556,2699,0,0,0,1.0,1,1.0,1,1.0,1,0.15701982764270808,44
2053,3,4258,1557,2701,0,0,0,1.0,1,1.0,1,1.0,1,0.17485470715515547,43
2054,1,4259,1558,2701,0,0,0,1.0,1,1.0,1,1.0,1,0.16581220490559323,44
2055,1,4260,1558,2702,0,0,0,1.0,1,1.0,1,1.0,1,0.1597650320600984,43
2056,3,4263,1559,2704,0,0,0,1.0,1,1.0,1,1.0,1,0.12576882186016483,44
2057,2,4265,1559,2706,0,0,0,1.0,1,1.0,1,1.0,1,0.11561457950240403,44
2058,1,4266,1560,2706,0,0,0,1.0,1,1.0,1,1.0,1,0.10284617357562092,44
2059,0,4266,1560,2706,0,0,0,1.0,1,1.0,1,1.0,1,0.11136711640648968,45
2060,1,4267,1561,2706,0,0,0,1.0,1,1.0,1,1.0,1,0.1311590941928041,46
2061,1,4268,1562,2706,0,0,0,1.0,1,1.0,1,1.0,1,0.16074566950813943,48
2062,2,4270,1563,2707,0,0,0,1.0,1,1.0,1,1.0,1,0.12889504058205006,48
2063,2,4272,1563,2709,0,0,0,1.0,1,1.0,1,1.0,1,0.13606386678230722,45
2064,4,4276,1565,2711,0,0,0,1.0,1,1.0,1,1.0,1,0.1429787561266926,44
2065,1,4277,1565,2712,0,0,0,1.0,1,1.0,1,1.0,1,0.09028976796052351,42
2066,5,4282,1570,2712,0,0,0,1.0,1,1.0,1,1.0,1,0.2181792245471284,42
2067,4,4286,1571,2715,0,0,0,1.0,1,1.0,1,1.0,1,0.1595054400665935,38
2068,1,4287,1571,2716,0,0,0,1.0,1,1.0,1,1.0,1,0.16236832465923642,37
2069,4,4291,1571,2720,0,0,0,1.0,1,1.0,1,1.0,1,0.12764098014240255,35
2070,2,4293,1573,2720,0,0,0,1.0,1,1.0,1,1.0,1,0.18362707727120758,35
2071,1,4294,1574,2720,0,0,0,1.0,1,1.0,1,1.0,1,0.22550220306453583,34
2072,4,4298,1575,2723,0,0,0,1.0,1,1.0,1,1.0,1,0.2407443144603926,35
2073,5,4303,1575,2728,0,0,0,1.0,1,1.0,1,1.0,1,0.16894947718379807,37
2074,0,4303,1575,2728,0,0,0,1.0,1,1.0,1,1.0,1,0.14978948073478626,36
2075,0,4303,1575,2728,0,0,0,1.0,1,1.0,1,1.0,1,0.1396528299250871,38
2076,0,4303,1575,2728,0,0,0,1.0,1,1.0,1,1.0,1,0.12107559300450621,37
2077,1,4304,1575,2729,0,0,0,1.0,1,1.0,1,1.0,1,0.09228717294126938,37
2078,0,4304,1575,2729,0,0,0,1.0,1,1.0,1,1.0,1,0.09228717294126938,37
2079,1,4305,1576,2729,0,0,0,1.0,1,1.0,1,1.0,1,0.1252917389934351,37
2080,0,4305,1576,2729,0,0,0,1.0,1,1.0,1,1.0,1,0.11335368633684842,36
2081,2,4307,1576,2731,0,0,0,1.0,1,1.0,1,1.0,1,0.07424613916070946,37
2082,3,4310,1578,2732,0,0,0,1.0,1,1.0,1,1.0,1,0.1384629932648318,38
2083,4,4314,1580,2734,0,0,0,1.0,1,1.0,1,1.0,1,0.15688669899204377,39
2084,3,4317,1580,2737,0,0,0,1.0,1,1.0,1,1.0,1,0.11503203467763176,41
2085,2,4319,1581,2738,0,0,0,1.0,1,1.0,1,1.0,1,0.12122841229378079,41
2086,2,4321,1581,2740,0,0,0,1.0,1,1.0,1,1.0,1,0.09977083243790033,44
2087,0,4321,1581,2740,0,0,0,1.0,1,1.0,1,1.0,1,0.09977083243790033,44
2088,0,4321,1581,2740,0,0,0,1.0,1,1.0,1,1.0,1,0.10628353452418747,45
2089,2,4323,1582,2741,0,0,0,1.0,1,1.0,1,1.0,1,0.11018615139245341,46
2090,2,4325,1582,2743,0,0,0,1.0,1,1.0,1,1.0,1,0.10831505766024298,47
2091,0,4325,1582,2743,0,0,0,1.0,1,1.0,1,1.0,1,0.10299663373255546,48
2092,2,4327,1584,2743,0,0,0,1.0,1,1.0,1,1.0,1,0.09392952111087888,48
2093,1,4328,1584,2744,0,0,0,1.0,1,1.0,1,1.0,1,0.0744514608815256,48
2094,0,4328,1584,2744,0,0,0,1.0,1,1.0,1,1.0,1,0.0892604211700317,47
2095,1,4329,1584,2745,0,0,0,1.0,1,1.0,1,1.0,1,0.08659634239683667,49
2096,1,4330,1585,2745,0,0,0,1.0,1,1.0,1,1.0,1,0.07965452032758909,50
2097,1,4331,1586,2745,0,0,0,1.0,1,1.0,1,1.0,1,0.07737078452652739,50
2098,5,4336,1589,2747,0,0,0,1.0,1,1.0,1,1.0,1,0.10194799189883086,51
2099,1,4337,1589,2748,0,0,0,1.0,1,1.0,1,1.0,1,0.08780834247368069,50
2100,3,4340,1592,2748,0,0,0,1.0,1,1.0,1,1.0,1,0.13311948336374108,49
2101,6,4346,1594,2752,0,0,0,1.0,1,1.0,1,1.0,1,0.18395226134311027,48
2102,6,4352,1596,2756,0,0,0,1.0,1,1.0,1,1.0,1,0.1928286607308139,49
2103,1,4353,1597,2756,0,0,0,1.0,1,1.0,1,1.0,1,0.217651447108142,44
2104,4,4357,1599,2758,0,0,0,1.0,1,1.0,1,1.0,1,0.1816456033207369,42
2105,3,4360,1599,2761,0,0,0,1.0,1,1.0,1,1.0,1,0.1452429563283023,40
2106,3,4363,1601,2762,0,0,0,1.0,1,1.0,1,1.0,1,0.19658594935637774,39
2107,2,4365,1603,2762,0,0,0,1.0,1,1.0,1,1.0,1,0.21276392415119044,37
2108,2,4367,1605,2762,0,0,0,1.0,1,1.0,1,1.0,1,0.2464195071059586,37
2109,6,4373,1607,2766,0,0,0,1.0,1,1.0,1,1.0,1,0.21747747282847243,36
2110,1,4374,1607,2767,0,0,0,1.0,1,1.0,1,1.0,1,0.16233358803835382,35
2111,0,4374,1607,2767,0,0,0,1.0,1,1.0,1,1.0,1,0.16233358803835382,35
2112,0,4374,1607,2767,0,0,0,1.0,1,1.0,1,1.0,1,0.16233358803835382,35
2113,1,4375,1607,2768,0,0,0,1.0,1,1.0,1,1.0,1,0.14225805052863566,35
2114,3,4378,1609,2769,0,0,0,1.0,1,1.0,1,1.0,1,0.193553288789979,36
2115,0,4378,1609,2769,0,0,0,1.0,1,1.0,1,1.0,1,0.19338956167419713,37
2116,5,4383,1611,2772,0,0,0,1.0,1,1.0,1,1.0,1,0.16497803164916508,39
2117,1,4384,1611,2773,0,0,0,1.0,1,1.0,1,1.0,1,0.12327825367928079,39
2118,1,4385,1611,2774,0,0,0,1.0,1,1.0,1,1.0,1,0.12476445258221282,41
2119,2,4387,1612,2775,0,0,0,1.0,1,1.0,1,1.0,1,0.1155952034519211,42
2120,0,4387,1612,2775,0,0,0,1.0,1,1.0,1,1.0,1,0.1155952034519211,42
2121,0,4387,1612,2775,0,0,0,1.0,1,1.0,1,1.0,1,0.1155952034519211,42
2122,0,4387,1612,2775,0,0,0,1.0,1,1.0,1,1.0,1,0.13714483952253378,43
2123,2,4389,1614,2775,0,0,0,1.0,1,1.0,1,1.0,1,0.1413407654767618,42
2124,0,4389,1614,2775,0,0,0,1.0,1,1.0,1,1.0,1,0.1413407654767618,42
2125,0,4389,1614,2775,0,0,0,1.0,1,1.0,1,1.0,1,0.15651974462965643,41
2126,0,4389,1614,2775,0,0,0,1.0,1,1.0,1,1.0,1,0.15651974462965643,41
2127,0,4389,1614,2775,0,0,0,1.0,1,1.0,1,1.0,1,0.15651974462965643,41
2128,1,4390,1614,2776,0,0,0,1.0,1,1.0,1,1.0,1,0.13998573806934025,42
2129,2,4392,1614,2778,0,0,0,1.0,1,1.0,1,1.0,1,0.13771976682642437,43
2130,1,4393,1614,2779,0,0,0,1.0,1,1.0,1,1.0,1,0.12219385635143111,45
2131,1,4394,1614,2780,0,0,0,1.0,1,1.0,1,1.0,1,0.10456027183111463,44
2132,0,4394,1614,2780,0,0,0,1.0,1,1.0,1,1.0,1,0.10456027183111463,44
2133,1,4395,1615,2780,0,0,0,1.0,1,1.0,1,1.0,1,0.15141766671667037,45
2134,3,4398,1617,2781,0,0,0,1.0,1,1.0,1,1.0,1,0.17905427860537387,45
2135,1,4399,1617,2782,0,0,0,1.0,1,1.0,1,1.0,1,0.16360206156568244,46
2136,1,4400,1617,2783,0,0,0,1.0,1,1.0,1,1.0,1,0.15035486473513754,47
2137,8,4408,1620,2788,0,0,0,1.0,1,1.0,1,1.0,1,0.11422083814746366,47
2138,2,4410,1621,2789,0,0,0,1.0,1,1.0,1,1.0,1,0.12143346456511497,45
2139,1,4411,1621,2790,0,0,0,1.0,1,1.0,1,1.0,1,0.12951508992282215,45
2140,1,4412,1621,2791,0,0,0,1.0,1,1.0,1,1.0,1,0.13625516939494162,44
2141,4,4416,1622,2794,0,0,0,1.0,1,1.0,1,1.0,1,0.09929119257486803,45
2142,7,4423,1625,2798,0,0,0,1.0,1,1.0,1,1.0,1,0.15153222481659223,46
2143,6,4429,1625,2804,0,0,0,1.0,1,1.0,1,1.0,1,0.10460340440396249,46
2144,4,4433,1628,2805,0,0,0,1.0,1,1.0,1,1.0,1,0.16421756872722143,48
2145,5,4438,1632,2806,0,0,0,1.0,1,1.0,1,1.0,1,0.10509895913355932,46
2146,1,4439,1632,2807,0,0,0,1.0,1,1.0,1,1.0,1,0.0735878088085377,45
2147,2,4441,1634,2807,0,0,0,1.0,1,1.0,1,1.0,1,0.11384629798720382,44
2148,3,4444,1635,2809,0,0,0,1.0,1,1.0,1,1.0,1,0.09557120887946619,44
2149,5,4449,1638,2811,0,0,0,1.0,1,1.0,1,1.0,1,0.11236740889055627,42
2150,3,4452,1640,2812,0,0,0,1.0,1,1.0,1,1.0,1,0.11688733205279124,40
2151,2,4454,1641,2813,0,0,0,1.0,1,1.0,1,1.0,1,0.1822485232421652,39
2152,3,4457,1643,2814,0,0,0,1.0,1,1.0,1,1.0,1,0.265874064622473,40
2153,7,4464,1644,2820,0,0,0,1.0,1,1.0,1,1.0,1,0.16784805253331572,42
2154,4,4468,1645,2823,0,0,0,1.0,1,1.0,1,1.0,1,0.1632003805389508,42
2155,3,4471,1647,2824,0,0,0,1.0,1,1.0,1,1.0,1,0.1759931641798658,41
2156,2,4473,1647,2826,0,0,0,1.0,1,1.0,1,1.0,1,0.17191265947084403,40
2157,3,4476,1648,2828,0,0,0,1.0,1,1.0,1,1.0,1,0.15333986165338287,40
2158,0,4476,1648,2828,0,0,0,1.0,1,1.0,1,1.0,1,0.16090611304127758,38
2159,1,4477,1648,2829,0,0,0,1.0,1,1.0,1,1.0,1,0.15393618482208168,38
2160,1,4478,1649,2829,0,0,0,1.0,1,1.0,1,1.0,1,0.16568784494306504,38
2161,1,4479,1649,2830,0,0,0,1.0,1,1.0,1,1.0,1,0.12492828690538378,38
2162,3,4482,1652,2830,0,0,0,1.0,1,1.0,1,1.0,1,0.15468849879597932,38
2163,2,4484,1653,2831,0,0,0,1.0,1,1.0,1,1.0,1,0.15575113588255615,40
2164,4,4488,1655,2833,0,0,0,1.0,1,1.0,1,1.0,1,0.1693970491710471,41
2165,7,4495,1656,2839,0,0,0,1.0,1,1.0,1,1.0,1,0.08039907780454518,42
2166,0,4495,1656,2839,0,0,0,1.0,1,1.0,1,1.0,1,0.08039907780454518,42
2167,0,4495,1656,2839,0,0,0,1.0,1,1.0,1,1.0,1,0.08384952621269699,43
2168,3,4498,1656,2842,0,0,0,1.0,1,1.0,1,1.0,1,0.10732464524285361,43
2169,3,4501,1656,2845,0,0,0,1.0,1,1.0,1,1.0,1,0.07281309429686872,45
2170,2,4503,1657,2846,0,0,0,1.0,1,1.0,1,1.0,1,0.10857739307185468,46
2171,2,4505,1657,2848,0,0,0,1.0,1,1.0,1,1.0,1,0.07878471201665828,48
2172,2,4507,1657,2850,0,0,0,1.0,1,1.0,1,1.0,1,0.08628507807828371,49
2173,1,4508,1658,2850,0,0,0,1.0,1,1.0,1,1.0,1,0.09510342994758622,49
2174,0,4508,1658,2850,0,0,0,1.0,1,1.0,1,1.0,1,0.09510342994758622,49
2175,0,4508,1658,2850,0,0,0,1.0,1,1.0,1,1.0,1,0.09510342994758622,49
2176,6,4514,1660,2854,0,0,0,1.0,1,1.0,1,1.0,1,0.11963022273888695,51
2177,1,4515,1661,2854,0,0,0,1.0,1,1.0,1,1.0,1,0.09884775977971244,51
2178,4,4519,1663,2856,0,0,0,1.0,1,1.0,1,1.0,1,0.08462311126384894,50
2179,1,4520,1664,2856,0,0,0,1.0,1,1.0,1,1.0,1,0.10094265088986297,49
2180,2,4522,1666,2856,0,0,0,1.0,1,1.0,1,1.0,1,0.1321410163923751,47
2181,3,4525,1668,2857,0,0,0,1.0,1,1.0,1,1.0,1,0.11495091909712352,47
2182,5,4530,1671,2859,0,0,0,1.0,1,1.0,1,1.0,1,0.15664014679313631,45
2183,2,4532,1673,2859,0,0,0,1.0,1,1.0,1,1.0,1,0.17026922142770867,44
2184,3,4535,1676,2859,0,0,0,1.0,1,1.0,1,1.0,1,0.23631290739237226,43
2185,10,4545,1679,2866,0,0,0,1.0,1,1.0,1,1.0,1,0.10107498040685423,40
2186,4,4549,1681,2868,0,0,0,1.0,1,1.0,1,1.0,1,0.1298741135968908,38
2187,5,4554,1684,2870,0,0,0,1.0,1,1.0,1,1.0,1,0.17320673444375523,35
2188,4,4558,1686,2872,0,0,0,1.0,1,1.0,1,1.0,1,0.1411100422943868,34
2189,3,4561,1687,2874,0,0,0,1.0,1,1.0,1,1.0,1,0.1622161415493851,31
2190,3,4564,1689,2875,0,0,0,1.0,1,1.0,1,1.0,1,0.1943270385593993,29
2191,1,4565,1690,2875,0,0,0,1.0,1,1.0,1,1.0,1,0.22814950462561953,28
2192,3,4568,1692,2876,0,0,0,1.0,1,1.0,1,1.0,1,0.24624214386000484,29
2193,2,4570,1692,2878,0,0,0,1.0,1,1.0,1,1.0,1,0.23198525476644447,28
2194,1,4571,1692,2879,0,0,0,1.0,1,1.0,1,1.0,1,0.20712497210587794,27
2195,3,4574,1694,2880,0,0,0,1.0,1,1.0,1,1.0,1,0.17681397039920646,27
2196,2,4576,1695,2881,0,0,0,1.0,1,1.0,1,1.0,1,0.2412442250337744,27
2197,1,4577,1695,2882,0,0,0,1.0,1,1.0,1,1.0,1,0.20219536092147553,27
2198,1,4578,1695,2883,0,0,0,1.0,1,1.0,1,1.0,1,0.16478157042891323,28
2199,1,4579,1695,2884,0,0,0,1.0,1,1.0,1,1.0,1,0.17875171066990114,29
2200,2,4581,1695,2886,0,0,0,1.0,1,1.0,1,1.0,1,0.1795547461634676,31
2201,1,4582,1696,2886,0,0,0,1.0,1,1.0,1,1.0,1,0.18504983250428453,32
2202,0,4582,1696,2886,0,0,0,1.0,1,1.0,1,1.0,1,0.20302104945766433,31
2203,0,4582,1696,2886,0,0,0,1.0,1,1.0,1,1.0,1,0.17220315946281795,32
2204,0,4582,1696,2886,0,0,0,1.0,1,1.0,1,1.0,1,0.17220315946281795,32
2205,3,4585,1697,2888,0,0,0,1.0,1,1.0,1,1.0,1,0.1745915624065947,33
2206,0,4585,1697,2888,0,0,0,1.0,1,1.0,1,1.0,1,0.16865873437559595,32
2207,2,4587,1697,2890,0,0,0,1.0,1,1.0,1,1.0,1,0.17783760541949356,33
2208,2,4589,1698,2891,0,0,0,1.0,1,1.0,1,1.0,1,0.18593190376699215,35
2209,2,4591,1700,2891,0,0,0,1.0,1,1.0,1,1.0,1,0.23081013914002607,36
2210,0,4591,1700,2891,0,0,0,1.0,1,1.0,1,1.0,1,0.22818849037616248,35
2211,3,4594,1700,2894,0,0,0,1.0,1,1.0,1,1.0,1,0.20075786074421811,36
2212,5,4599,1701,2898,0,0,0,1.0,1,1.0,1,1.0,1,0.14553495000966163,37
2213,1,4600,1702,2898,0,0,0,1.0,1,1.0,1,1.0,1,0.1422912731713961,37
2214,1,4601,1703,2898,0,0,0,1.0,1,1.0,1,1.0,1,0.18937520100464694,39
2215,3,4604,1705,2899,0,0,0,1.0,1,1.0,1,1.0,1,0.21216255162296763,36
2216,2,4606,1706,2900,0,0,0,1.0,1,1.0,1,1.0,1,0.21030779600652966,37
2217,4,4610,1707,2903,0,0,0,1.0,1,1.0,1,1.0,1,0.14206479980502434,35
2218,2,4612,1708,2904,0,0,0,1.0,1,1.0,1,1.0,1,0.13312995057929297,35
2219,0,4612,1708,2904,0,0,0,1.0,1,1.0,1,1.0,1,0.16722224997153481,33
2220,2,4614,1709,2905,0,0,0,1.0,1,1.0,1,1.0,1,0.1421617952202868,31
2221,3,4617,1710,2907,0,0,0,1.0,1,1.0,1,1.0,1,0.12400293038455334,31
2222,1,4618,1711,2907,0,0,0,1.0,1,1.0,1,1.0,1,0.17478341717679716,30
2223,2,4620,1713,2907,0,0,0,1.0,1,1.0,1,1.0,1,0.24899988254057465,28
2224,3,4623,1716,2907,0,0,0,1.0,1,1.0,1,1.0,1,0.3567452880138404,29
2225,5,4628,1718,2910,0,0,0,1.0,1,1.0,1,1.0,1,0.15121663620371564,28
2226,0,4628,1718,2910,0,0,0,1.0,1,1.0,1,1.0,1,0.12905882544788802,30
2227,1,4629,1718,2911,0,0,0,1.0,1,1.0,1,1.0,1,0.13832579173644427,28
2228,1,4630,1718,2912,0,0,0,1.0,1,1.0,1,1.0,1,0.15703180928743823,29
2229,2,4632,1719,2913,0,0,0,1.0,1,1.0,1,1.0,1,0.12160052682882655,28
2230,0,4632,1719,2913,0,0,0,1.0,1,1.0,1,1.0,1,0.12397501995721974,28
2231,1,4633,1720,2913,0,0,0,1.0,1,1.0,1,1.0,1,0.14983150482376556,27
2232,0,4633,1720,2913,0,0,0,1.0,1,1.0,1,1.0,1,0.16327596567641034,27
2233,6,4639,1724,2915,0,0,0,1.0,1,1.0,1,1.0,1,0.1949688720989294,28
2234,1,4640,1724,2916,0,0,0,1.0,1,1.0,1,1.0,1,0.19474185154316445,26
2235,1,4641,1725,2916,0,0,0,1.0,1,1.0,1,1.0,1,0.23933609872058717,26
2236,5,4646,1726,2920,0,0,0,1.0,1,1.0,1,1.0,1,0.27263376206731327,26
2237,2,4648,1727,2921,0,0,0,1.0,1,1.0,1,1.0,1,0.28890856508355534,26
2238,2,4650,1728,2922,0,0,0,1.0,1,1.0,1,1.0,1,0.3111850458566468,27
2239,3,4653,1729,2924,0,0,0,1.0,1,1.0,1,1.0,1,0.2846579536945135,28
2240,2,4655,1730,2925,0,0,0,1.0,1,1.0,1,1.0,1,0.2658552556343082,30
2241,5,4660,1732,2928,0,0,0,1.0,1,1.0,1,1.0,1,0.17392331676231995,29
2242,3,4663,1733,2930,0,0,0,1.0,1,1.0,1,1.0,1,0.1325261693455043,29
2243,1,4664,1734,2930,0,0,0,1.0,1,1.0,1,1.0,1,0.14937377786200862,29
2244,0,4664,1734,2930,0,0,0,1.0,1,1.0,1,1.0,1,0.14937377786200862,29
2245,0,4664,1734,2930,0,0,0,1.0,1,1.0,1,1.0,1,0.1692575278467265,30
2246,4,4668,1734,2934,0,0,0,1.0,1,1.0,1,1.0,1,0.0882347905562168,33
2247,0,4668,1734,2934,0,0,0,1.0,1,1.0,1,1.0,1,0.08796063736096593,34
2248,0,4668,1734,2934,0,0,0,1.0,1,1.0,1,1.0,1,0.08796063736096593,34
2249,0,4668,1734,2934,0,0,0,1.0,1,1.0,1,1.0,1,0.08593923184864416,35
2250,0,4668,1734,2934,0,0,0,1.0,1,1.0,1,1.0,1,0.08593923184864416,35
2251,0,4668,1734,2934,0,0,0,1.0,1,1.0,1,1.0,1,0.10964635319619281,36
2252,1,4669,1735,2934,0,0,0,1.0,1,1.0,1,1.0,1,0.15572312593551751,37
2253,1,4670,1736,2934,0,0,0,1.0,1,1.0,1,1.0,1,0.1606916286830785,35
2254,0,4670,1736,2934,0,0,0,1.0,1,1.0,1,1.0,1,0.1650859462149383,33
2255,1,4671,1737,2934,0,0,0,1.0,1,1.0,1,1.0,1,0.19865135393490094,35
2256,3,4674,1737,2937,0,0,0,1.0,1,1.0,1,1.0,1,0.20793761189139698,34
2257,5,4679,1739,2940,0,0,0,1.0,1,1.0,1,1.0,1,0.13976579577533715,36
2258,3,4682,1740,2942,0,0,0,1.0,1,1.0,1,1.0,1,0.18188259124639133,35
2259,1,4683,1741,2942,0,0,0,1.0,1,1.0,1,1.0,1,0.23140926123244132,35
2260,1,4684,1741,2943,0,0,0,1.0,1,1.0,1,1.0,1,0.18964889731740373,33
2261,2,4686,1742,2944,0,0,0,1.0,1,1.0,1,1.0,1,0.17401320073385446,33
2262,2,4688,1743,2945,0,0,0,1.0,1,1.0,1,1.0,1,0.22463257057138947,32
2263,1,4689,1744,2945,0,0,0,1.0,1,1.0,1,1.0,1,0.24427131160908402,31
2264,1,4690,1745,2945,0,0,0,1.0,1,1.0,1,1.0,1,0.2671117191168263,30
2265,2,4692,1745,2947,0,0,0,1.0,1,1.0,1,1.0,1,0.16746982351231,29
2266,4,4696,1748,2948,0,0,0,1.0,1,1.0,1,1.0,1,0.2906622190939014,30
2267,7,4703,1749,2954,0,0,0,1.0,1,1.0,1,1.0,1,0.23879189325374128,29
2268,3,4706,1750,2956,0,0,0,1.0,1,1.0,1,1.0,1,0.2069944645050369,30
2269,2,4708,1750,2958,0,0,0,1.0,1,1.0,1,1.0,1,0.16255258658297103,31
2270,0,4708,1750,2958,0,0,0,1.0,1,1.0,1,1.0,1,0.16255258658297103,31
2271,4,4712,1753,2959,0,0,0,1.0,1,1.0,1,1.0,1,0.1261482344897689,31
2272,2,4714,1754,2960,0,0,0,1.0,1,1.0,1,1.0,1,0.14190457045952873,31
2273,2,4716,1755,2961,0,0,0,1.0,1,1.0,1,1.0,1,0.1922924216193982,30
2274,3,4719,1755,2964,0,0,0,1.0,1,1.0,1,1.0,1,0.09663460879373428,31
2275,1,4720,1755,2965,0,0,0,1.0,1,1.0,1,1.0,1,0.08723231060161293,32
2276,2,4722,1757,2965,0,0,0,1.0,1,1.0,1,1.0,1,0.09147549085138518,31
2277,1,4723,1758,2965,0,0,0,1.0,1,1.0,1,1.0,1,0.11063497511596031,31
2278,1,4724,1758,2966,0,0,0,1.0,1,1.0,1,1.0,1,0.10874314380948802,32
2279,2,4726,1758,2968,0,0,0,1.0,1,1.0,1,1.0,1,0.11366379784532842,32
2280,0,4726,1758,2968,0,0,0,1.0,1,1.0,1,1.0,1,0.12375094859718459,33
2281,0,4726,1758,2968,0,0,0,1.0,1,1.0,1,1.0,1,0.1411885630509648,34
2282,1,4727,1759,2968,0,0,0,1.0,1,1.0,1,1.0,1,0.15136960540853905,34
2283,0,4727,1759,2968,0,0,0,1.0,1,1.0,1,1.0,1,0.15136960540853905,34
2284,2,4729,1760,2969,0,0,0,1.0,1,1.0,1,1.0,1,0.14191864858249711,34
2285,2,4731,1760,2971,0,0,0,1.0,1,1.0,1,1.0,1,0.09568098324597832,35
2286,0,4731,1760,2971,0,0,0,1.0,1,1.0,1,1.0,1,0.12433163585785553,34
2287,0,4731,1760,2971,0,0,0,1.0,1,1.0,1,1.0,1,0.12895319491288834,35
2288,1,4732,1760,2972,0,0,0,1.0,1,1.0,1,1.0,1,0.1801977139123951,35
2289,3,4735,1761,2974,0,0,0,1.0,1,1.0,1,1.0,1,0.15955721944957743,37
2290,3,4738,1763,2975,0,0,0,1.0,1,1.0,1,1.0,1,0.19817492692633262,37
2291,2,4740,1764,2976,0,0,0,1.0,1,1.0,1,1.0,1,0.22062162918433603,35
2292,0,4740,1764,2976,0,0,0,1.0,1,1.0,1,1.0,1,0.2239627611214246,35
2293,3,4743,1765,2978,0,0,0,1.0,1,1.0,1,1.0,1,0.1568822433068673,34
2294,2,4745,1765,2980,0,0,0,1.0,1,1.0,1,1.0,1,0.16430380018428692,33
2295,3,4748,1767,2981,0,0,0,1.0,1,1.0,1,1.0,1,0.22388623176387817,34
2296,0,4748,1767,2981,0,0,0,1.0,1,1.0,1,1.0,1,0.21446054611833443,33
2297,1,4749,1767,2982,0,0,0,1.0,1,1.0,1,1.0,1,0.21024736663480584,32
2298,2,4751,1767,2984,0,0,0,1.0,1,1.0,1,1.0,1,0.16625671231782074,32
2299,1,4752,1767,2985,0,0,0,1.0,1,1.0,1,1.0,1,0.1551482755979635,33
2300,1,4753,1768,2985,0,0,0,1.0,1,1.0,1,1.0,1,0.20362693204811338,33
2301,1,4754,1768,2986,0,0,0,1.0,1,1.0,1,1.0,1,0.19047436236863605,33
2302,1,4755,1768,2987,0,0,0,1.0,1,1.0,1,1.0,1,0.1418998716213546,34
2303,3,4758,1771,2987,0,0,0,1.0,1,1.0,1,1.0,1,0.18341703957081407,34
2304,2,4760,1773,2987,0,0,0,1.0,1,1.0,1,1.0,1,0.1800869643053193,33
2305,5,4765,1775,2990,0,0,0,1.0,1,1.0,1,1.0,1,0.1707982497888597,33
2306,3,4768,1777,2991,0,0,0,1.0,1,1.0,1,1.0,1,0.20697883950665194,33
2307,3,4771,1778,2993,0,0,0,1.0,1,1.0,1,1.0,1,0.16548915945055367,35
2308,1,4772,1779,2993,0,0,0,1.0,1,1.0,1,1.0,1,0.159559331620963,34
2309,1,4773,1780,2993,0,0,0,1.0,1,1.0,1,1.0,1,0.17643792546617373,34
2310,0,4773,1780,2993,0,0,0,1.0,1,1.0,1,1.0,1,0.17318265446002154,34
2311,0,4773,1780,2993,0,0,0,1.0,1,1.0,1,1.0,1,0.1659857531758726,35
2312,3,4776,1782,2994,0,0,0,1.0,1,1.0,1,1.0,1,0.19742121798632858,34
2313,5,4781,1783,2998,0,0,0,1.0,1,1.0,1,1.0,1,0.1192145982017003,35
2314,1,4782,1784,2998,0,0,0,1.0,1,1.0,1,1.0,1,0.16005248602429775,35
2315,4,4786,1784,3002,0,0,0,1.0,1,1.0,1,1.0,1,0.09847253259949355,34
2316,1,4787,1785,3002,0,0,0,1.0,1,1.0,1,1.0,1,0.11842925249632771,35
2317,0,4787,1785,3002,0,0,0,1.0,1,1.0,1,1.0,1,0.13773740523113281,32
2318,3,4790,1786,3004,0,0,0,1.0,1,1.0,1,1.0,1,0.1481742852474948,32
2319,0,4790,1786,3004,0,0,0,1.0,1,1.0,1,1.0,1,0.1481742852474948,32
2320,0,4790,1786,3004,0,0,0,1.0,1,1.0,1,1.0,1,0.16916240611283379,32
2321,2,4792,1786,3006,0,0,0,1.0,1,1.0,1,1.0,1,0.15321467193139612,33
2322,0,4792,1786,3006,0,0,0,1.0,1,1.0,1,1.0,1,0.15321467193139612,33
2323,0,4792,1786,3006,0,0,0,1.0,1,1.0,1,1.0,1,0.15321467193139612,33
2324,2,4794,1788,3006,0,0,0,1.0,1,1.0,1,1.0,1,0.1758756938868371,34
2325,0,4794,1788,3006,0,0,0,1.0,1,1.0,1,1.0,1,0.16951968986228927,35
2326,2,4796,1789,3007,0,0,0,1.0,1,1.0,1,1.0,1,0.15232870892952755,35
2327,1,4797,1789,3008,0,0,0,1.0,1,1.0,1,1.0,1,0.153313866512154,36
2328,1,4798,1789,3009,0,0,0,1.0,1,1.0,1,1.0,1,0.15867682234776356,37
2329,1,4799,1789,3010,0,0,0,1.0,1,1.0,1,1.0,1,0.17263649015863655,37
2330,1,4800,1789,3011,0,0,0,1.0,1,1.0,1,1.0,1,0.17982767705834649,38
2331,1,4801,1789,3012,0,0,0,1.0,1,1.0,1,1.0,1,0.16967096184828293,40
2332,1,4802,1789,3013,0,0,0,1.0,1,1.0,1,1.0,1,0.16406289161985022,40
2333,0,4802,1789,3013,0,0,0,1.0,1,1.0,1,1.0,1,0.15714629936089994,41
2334,0,4802,1789,3013,0,0,0,1.0,1,1.0,1,1.0,1,0.15714629936089994,41
2335,0,4802,1789,3013,0,0,0,1.0,1,1.0,1,1.0,1,0.15714629936089994,41
2336,1,4803,1789,3014,0,0,0,1.0,1,1.0,1,1.0,1,0.13665131197792765,41
2337,0,4803,1789,3014,0,0,0,1.0,1,1.0,1,1.0,1,0.14635786787036403,42
2338,1,4804,1789,3015,0,0,0,1.0,1,1.0,1,1.0,1,0.14801207799694172,43
2339,0,4804,1789,3015,0,0,0,1.0,1,1.0,1,1.0,1,0.14801207799694172,43
2340,5,4809,1789,3020,0,0,0,1.0,1,1.0,1,1.0,1,0.10588272475747403,45
2341,2,4811,1789,3022,0,0,0,1.0,1,1.0,1,1.0,1,0.08731010427081287,45
2342,1,4812,1790,3022,0,0,0,1.0,1,1.0,1,1.0,1,0.1253079147550222,46
2343,2,4814,1791,3023,0,0,0,1.0,1,1.0,1,1.0,1,0.11622847590777388,45
2344,4,4818,1794,3024,0,0,0,1.0,1,1.0,1,1.0,1,0.15309007304451183,44
2345,3,4821,1794,3027,0,0,0,1.0,1,1.0,1,1.0,1,0.0779554662798252,44
2346,1,4822,1795,3027,0,0,0,1.0,1,1.0,1,1.0,1,0.09363130852927881,44
2347,1,4823,1795,3028,0,0,0,1.0,1,1.0,1,1.0,1,0.08883043619789985,44
2348,0,4823,1795,3028,0,0,0,1.0,1,1.0,1,1.0,1,0.07196884131980649,45
2349,1,4824,1795,3029,0,0,0,1.0,1,1.0,1,1.0,1,0.06982306816769414,46
2350,2,4826,1796,3030,0,0,0,1.0,1,1.0,1,1.0,1,0.07884904256619489,47
2351,0,4826,1796,3030,0,0,0,1.0,1,1.0,1,1.0,1,0.07884904256619489,47
2352,1,4827,1797,3030,0,0,0,1.0,1,1.0,1,1.0,1,0.08166790381480132,47
2353,2,4829,1797,3032,0,0,0,1.0,1,1.0,1,1.0,1,0.05831792730802858,46
2354,2,4831,1799,3032,0,0,0,1.0,1,1.0,1,1.0,1,0.06938982937084774,47
2355,0,4831,1799,3032,0,0,0,1.0,1,1.0,1,1.0,1,0.06938982937084774,47
2356,3,4834,1800,3034,0,0,0,1.0,1,1.0,1,1.0,1,0.05746402383276158,47
2357,2,4836,1802,3034,0,0,0,1.0,1,1.0,1,1.0,1,0.10203205283220727,47
2358,0,4836,1802,3034,0,0,0,1.0,1,1.0,1,1.0,1,0.08604369189180865,48
2359,1,4837,1803,3034,0,0,0,1.0,1,1.0,1,1.0,1,0.12260821590137963,49
2360,1,4838,1803,3035,0,0,0,1.0,1,1.0,1,1.0,1,0.10461260686599323,49
2361,5,4843,1804,3039,0,0,0,1.0,1,1.0,1,1.0,1,0.1051442391852234,50
2362,1,4844,1804,3040,0,0,0,1.0,1,1.0,1,1.0,1,0.09080393751331618,51
2363,0,4844,1804,3040,0,0,0,1.0,1,1.0,1,1.0,1,0.09080393751331618,51
2364,2,4846,1804,3042,0,0,0,1.0,1,1.0,1,1.0,1,0.09905272705309316,52
2365,9,4855,1808,3047,0,0,0,1.0,1,1.0,1,1.0,1,0.07317556184124827,53
2366,1,4856,1809,3047,0,0,0,1.0,1,1.0,1,1.0,1,0.0991364011182373,54
2367,3,4859,1811,3048,0,0,0,1.0,1,1.0,1,1.0,1,0.09594108172744478,52
2368,2,4861,1813,3048,0,0,0,1.0,1,1.0,1,1.0,1,0.1445339999653711,51
2369,8,4869,1815,3054,0,0,0,1.0,1,1.0,1,1.0,1,0.07969297263864575,51
2370,1,4870,1816,3054,0,0,0,1.0,1,1.0,1,1.0,1,0.1008010426576363,52
2371,3,4873,1818,3055,0,0,0,1.0,1,1.0,1,1.0,1,0.07963040967203096,52
2372,2,4875,1820,3055,0,0,0,1.0,1,1.0,1,1.0,1,0.12455191885424037,49
2373,1,4876,1821,3055,0,0,0,1.0,1,1.0,1,1.0,1,0.12004560968338916,47
2374,1,4877,1821,3056,0,0,0,1.0,1,1.0,1,1.0,1,0.08638191103494988,45
2375,0,4877,1821,3056,0,0,0,1.0,1,1.0,1,1.0,1,0.09128902693504569,45
2376,1,4878,1821,3057,0,0,0,1.0,1,1.0,1,1.0,1,0.11835624546509069,43
2377,3,4881,1821,3060,0,0,0,1.0,1,1.0,1,1.0,1,0.07932335740750272,44
2378,1,4882,1822,3060,0,0,0,1.0,1,1.0,1,1.0,1,0.10375989208960412,43
2379,0,4882,1822,3060,0,0,0,1.0,1,1.0,1,1.0,1,0.10375989208960412,43
2380,2,4884,1823,3061,0,0,0,1.0,1,1.0,1,1.0,1,0.10813128089885111,43
2381,1,4885,1824,3061,0,0,0,1.0,1,1.0,1,1.0,1,0.12499546707303939,44
2382,5,4890,1826,3064,0,0,0,1.0,1,1.0,1,1.0,1,0.09906718926740796,44
2383,2,4892,1827,3065,0,0,0,1.0,1,1.0,1,1.0,1,0.10099289115880486,45
2384,2,4894,1829,3065,0,0,0,1.0,1,1.0,1,1.0,1,0.12004842692608055,45
2385,4,4898,1830,3068,0,0,0,1.0,1,1.0,1,1.0,1,0.06119890307074737,45
2386,5,4903,1832,3071,0,0,0,1.0,1,1.0,1,1.0,1,0.08491689752077779,46
2387,3,4906,1833,3073,0,0,0,1.0,1,1.0,1,1.0,1,0.08153194148050662,44
2388,2,4908,1835,3073,0,0,0,1.0,1,1.0,1,1.0,1,0.13451212771295165,44
2389,2,4910,1835,3075,0,0,0,1.0,1,1.0,1,1.0,1,0.055183599547389724,43
2390,0,4910,1835,3075,0,0,0,1.0,1,1.0,1,1.0,1,0.05795435677731661,44
2391,1,4911,1836,3075,0,0,0,1.0,1,1.0,1,1.0,1,0.0641675402626708,43
2392,2,4913,1838,3075,0,0,0,1.0,1,1.0,1,1.0,1,0.11181580029752869,44
2393,3,4916,1839,3077,0,0,0,1.0,1,1.0,1,1.0,1,0.10279634019885274,45
2394,3,4919,1842,3077,0,0,0,1.0,1,1.0,1,1.0,1,0.14373272205937473,44
2395,2,4921,1842,3079,0,0,0,1.0,1,1.0,1,1.0,1,0.13924897515387094,44
2396,2,4923,1843,3080,0,0,0,1.0,1,1.0,1,1.0,1,0.09852661234370462,45
2397,0,4923,1843,3080,0,0,0,1.0,1,1.0,1,1.0,1,0.11902070940471152,44
2398,2,4925,1844,3081,0,0,0,1.0,1,1.0,1,1.0,1,0.1399457588239087,44
2399,0,4925,1844,3081,0,0,0,1.0,1,1.0,1,1.0,1,0.15649538847314326,45
2400,1,4926,1844,3082,0,0,0,1.0,1,1.0,1,1.0,1,0.117172283641273,45
2401,1,4927,1844,3083,0,0,0,1.0,1,1.0,1,1.0,1,0.11909280350730206,46
2402,2,4929,1844,3085,0,0,0,1.0,1,1.0,1,1.0,1,0.07739806474706752,47
2403,4,4933,1845,3088,0,0,0,1.0,1,1.0,1,1.0,1,0.08901477725139384,48
2404,4,4937,1847,3090,0,0,0,1.0,1,1.0,1,1.0,1,0.11158895322731104,47
2405,1,4938,1847,3091,0,0,0,1.0,1,1.0,1,1.0,1,0.07820579469383118,45
2406,1,4939,1847,3092,0,0,0,1.0,1,1.0,1,1.0,1,0.0676500349884532,45
2407,0,4939,1847,3092,0,0,0,1.0,1,1.0,1,1.0,1,0.11619320267506478,42
2408,0,4939,1847,3092,0,0,0,1.0,1,1.0,1,1.0,1,0.12975568472729548,41
2409,3,4942,1847,3095,0,0,0,1.0,1,1.0,1,1.0,1,0.10508229255280858,41
2410,1,4943,1847,3096,0,0,0,1.0,1,1.0,1,1.0,1,0.12145763449446621,40
2411,2,4945,1849,3096,0,0,0,1.0,1,1.0,1,1.0,1,0.12326689296347011,40
2412,1,4946,1850,3096,0,0,0,1.0,1,1.0,1,1.0,1,0.1802547294343272,38
2413,9,4955,1854,3101,0,0,0,1.0,1,1.0,1,1.0,1,0.15669646826381786,38
2414,0,4955,1854,3101,0,0,0,1.0,1,1.0,1,1.0,1,0.16768007342680868,36
2415,1,4956,1855,3101,0,0,0,1.0,1,1.0,1,1.0,1,0.22016872861942957,36
2416,1,4957,1856,3101,0,0,0,1.0,1,1.0,1,1.0,1,0.2329143517312026,35
2417,8,4965,1857,3108,0,0,0,1.0,1,1.0,1,1.0,1,0.1982333381717728,33
2418,0,4965,1857,3108,0,0,0,1.0,1,1.0,1,1.0,1,0.1982333381717728,33
2419,1,4966,1857,3109,0,0,0,1.0,1,1.0,1,1.0,1,0.2058212692935071,33
2420,5,4971,1857,3114,0,0,0,1.0,1,1.0,1,1.0,1,0.25055689223695243,34
2421,7,4978,1859,3119,0,0,0,1.0,1,1.0,1,1.0,1,0.17298771369690302,34
2422,3,4981,1861,3120,0,0,0,1.0,1,1.0,1,1.0,1,0.1725791981797643,35
2423,5,4986,1863,3123,0,0,0,1.0,1,1.0,1,1.0,1,0.1790263418821602,36
2424,3,4989,1864,3125,0,0,0,1.0,1,1.0,1,1.0,1,0.12138987765297794,35
2425,0,4989,1864,3125,0,0,0,1.0,1,1.0,1,1.0,1,0.13269407069606032,33
2426,1,4990,1865,3125,0,0,0,1.0,1,1.0,1,1.0,1,0.17025168531630328,34
2427,1,4991,1865,3126,0,0,0,1.0,1,1.0,1,1.0,1,0.1853728046558042,34
2428,1,4992,1866,3126,0,0,0,1.0,1,1.0,1,1.0,1,0.15638221674783936,34
2429,4,4996,1867,3129,0,0,0,1.0,1,1.0,1,1.0,1,0.13902513082773701,34
2430,1,4997,1868,3129,0,0,0,1.0,1,1.0,1,1.0,1,0.16598640611558413,33
2431,1,4998,1869,3129,0,0,0,1.0,1,1.0,1,1.0,1,0.20214884394954752,33
2432,0,4998,1869,3129,0,0,0,1.0,1,1.0,1,1.0,1,0.22085455832478884,33
2433,4,5002,1870,3132,0,0,0,1.0,1,1.0,1,1.0,1,0.15260942077984158,34
2434,2,5004,1870,3134,0,0,0,1.0,1,1.0,1,1.0,1,0.12015642803128568,34
2435,0,5004,1870,3134,0,0,0,1.0,1,1.0,1,1.0,1,0.12015642803128568,34
2436,3,5007,1871,3136,0,0,0,1.0,1,1.0,1,1.0,1,0.07067199343741629,33
2437,0,5007,1871,3136,0,0,0,1.0,1,1.0,1,1.0,1,0.07067199343741629,33
2438,1,5008,1872,3136,0,0,0,1.0,1,1.0,1,1.0,1,0.06652577501794568,34
2439,0,5008,1872,3136,0,0,0,1.0,1,1.0,1,1.0,1,0.07715209909882896,35
2440,0,5008,1872,3136,0,0,0,1.0,1,1.0,1,1.0,1,0.07715209909882896,35
2441,5,5013,1876,3137,0,0,0,1.0,1,1.0,1,1.0,1,0.13011620099757618,35
2442,1,5014,1876,3138,0,0,0,1.0,1,1.0,1,1.0,1,0.12764730028826599,35
2443,4,5018,1877,3141,0,0,0,1.0,1,1.0,1,1.0,1,0.2178384594507639,35
2444,5,5023,1879,3144,0,0,0,1.0,1,1.0,1,1.0,1,0.20477839584562416,34
2445,5,5028,1881,3147,0,0,0,1.0,1,1.0,1,1.0,1,0.19567736363271127,33
2446,2,5030,1881,3149,0,0,0,1.0,1,1.0,1,1.0,1,0.14432762585417278,30
2447,1,5031,1882,3149,0,0,0,1.0,1,1.0,1,1.0,1,0.16885916168624182,29
2448,3,5034,1884,3150,0,0,0,1.0,1,1.0,1,1.0,1,0.22321018757989922,27
2449,2,5036,1884,3152,0,0,0,1.0,1,1.0,1,1.0,1,0.11931934447267933,26
2450,3,5039,1886,3153,0,0,0,1.0,1,1.0,1,1.0,1,0.10457286711874711,28
2451,0,5039,1886,3153,0,0,0,1.0,1,1.0,1,1.0,1,0.10457286711874711,28
2452,1,5040,1886,3154,0,0,0,1.0,1,1.0,1,1.0,1,0.12377837032698899,29
2453,1,5041,1886,3155,0,0,0,1.0,1,1.0,1,1.0,1,0.10010036625756506,30
2454,1,5042,1886,3156,0,0,0,1.0,1,1.0,1,1.0,1,0.10027261724158967,32
2455,2,5044,1887,3157,0,0,0,1.0,1,1.0,1,1.0,1,0.11283620174420605,33
2456,1,5045,1887,3158,0,0,0,1.0,1,1.0,1,1.0,1,0.09226743555390375,34
2457,1,5046,1888,3158,0,0,0,1.0,1,1.0,1,1.0,1,0.12190828973103486,34
2458,3,5049,1889,3160,0,0,0,1.0,1,1.0,1,1.0,1,0.15839366457557594,36
2459,1,5050,1889,3161,0,0,0,1.0,1,1.0,1,1.0,1,0.1305805822767736,36
2460,0,5050,1889,3161,0,0,0,1.0,1,1.0,1,1.0,1,0.14469336506556799,37
2461,3,5053,1890,3163,0,0,0,1.0,1,1.0,1,1.0,1,0.12878530253120113,37
2462,6,5059,1893,3166,0,0,0,1.0,1,1.0,1,1.0,1,0.14216313226631577,38
2463,2,5061,1894,3167,0,0,0,1.0,1,1.0,1,1.0,1,0.1108768461123608,38
2464,3,5064,1896,3168,0,0,0,1.0,1,1.0,1,1.0,1,0.1465949796034415,37
2465,1,5065,1897,3168,0,0,0,1.0,1,1.0,1,1.0,1,0.1437321343638114,36
2466,3,5068,1899,3169,0,0,0,1.0,1,1.0,1,1.0,1,0.1809848945663947,36
2467,0,5068,1899,3169,0,0,0,1.0,1,1.0,1,1.0,1,0.18794877234721247,34
2468,1,5069,1900,3169,0,0,0,1.0,1,1.0,1,1.0,1,0.23902772135655573,33
2469,3,5072,1900,3172,0,0,0,1.0,1,1.0,1,1.0,1,0.17654620016358322,32
2470,3,5075,1902,3173,0,0,0,1.0,1,1.0,1,1.0,1,0.25235962836889686,33
2471,3,5078,1902,3176,0,0,0,1.0,1,1.0,1,1.0,1,0.19386054333259886,31
2472,0,5078,1902,3176,0,0,0,1.0,1,1.0,1,1.0,1,0.19633685233720255,32
2473,0,5078,1902,3176,0,0,0,1.0,1,1.0,1,1.0,1,0.20919439798319653,31
2474,4,5082,1903,3179,0,0,0,1.0,1,1.0,1,1.0,1,0.1862191562333993,33
2475,2,5084,1904,3180,0,0,0,1.0,1,1.0,1,1.0,1,0.14998360688354131,33
2476,2,5086,1906,3180,0,0,0,1.0,1,1.0,1,1.0,1,0.1950127740460587,33
2477,2,5088,1906,3182,0,0,0,1.0,1,1.0,1,1.0,1,0.13696355732843438,33
2478,1,5089,1907,3182,0,0,0,1.0,1,1.0,1,1.0,1,0.14594835846960083,33
2479,4,5093,1909,3184,0,0,0,1.0,1,1.0,1,1.0,1,0.19671201508382047,33
2480,2,5095,1910,3185,0,0,0,1.0,1,1.0,1,1.0,1,0.167380624780816,34
2481,4,5099,1912,3187,0,0,0,1.0,1,1.0,1,1.0,1,0.14100187674656198,33
2482,2,5101,1912,3189,0,0,0,1.0,1,1.0,1,1.0,1,0.11013577608102565,34
2483,0,5101,1912,3189,0,0,0,1.0,1,1.0,1,1.0,1,0.17608350203983036,33
2484,3,5104,1913,3191,0,0,0,1.0,1,1.0,1,1.0,1,0.1951376658990775,32
2485,3,5107,1913,3194,0,0,0,1.0,1,1.0,1,1.0,1,0.14287485161633431,31
2486,1,5108,1914,3194,0,0,0,1.0,1,1.0,1,1.0,1,0.17708895299056016,29
2487,1,5109,1915,3194,0,0,0,1.0,1,1.0,1,1.0,1,0.1463874908741613,29
2488,3,5112,1915,3197,0,0,0,1.0,1,1.0,1,1.0,1,0.20062040984448734,30
2489,4,5116,1917,3199,0,0,0,1.0,1,1.0,1,1.0,1,0.20974472353210724,29
2490,2,5118,1917,3201,0,0,0,1.0,1,1.0,1,1.0,1,0.17142640811431728,30
2491,1,5119,1917,3202,0,0,0,1.0,1,1.0,1,1.0,1,0.1406006051392173,30
2492,0,5119,1917,3202,0,0,0,1.0,1,1.0,1,1.0,1,0.15995196387872354,29
2493,2,5121,1917,3204,0,0,0,1.0,1,1.0,1,1.0,1,0.10411033870629055,29
2494,0,5121,1917,3204,0,0,0,1.0,1,1.0,1,1.0,1,0.14565553830082517,28
2495,1,5122,1918,3204,0,0,0,1.0,1,1.0,1,1.0,1,0.18990104997595947,29
2496,0,5122,1918,3204,0,0,0,1.0,1,1.0,1,1.0,1,0.16815143572934255,28
2497,1,5123,1918,3205,0,0,0,1.0,1,1.0,1,1.0,1,0.12950817534459944,28
2498,0,5123,1918,3205,0,0,0,1.0,1,1.0,1,1.0,1,0.1579706399887485,29
2499,2,5125,1919,3206,0,0,0,1.0,1,1.0,1,1.0,1,0.21520129659313514,30
2500,4,5129,1920,3209,0,0,0,1.0,1,1.0,1,1.0,1,0.19076286104757093,29
2501,2,5131,1920,3211,0,0,0,1.0,1,1.0,1,1.0,1,0.17906179799707728,33
2502,5,5136,1923,3213,0,0,0,1.0,1,1.0,1,1.0,1,0.20783389602488597,33
2503,3,5139,1924,3215,0,0,0,1.0,1,1.0,1,1.0,1,0.17681960687040474,31
2504,9,5148,1928,3220,0,0,0,1.0,1,1.0,1,1.0,1,0.14155629925850005,31
2505,5,5153,1929,3224,0,0,0,1.0,1,1.0,1,1.0,1,0.1054955503258511,32
2506,3,5156,1931,3225,0,0,0,1.0,1,1.0,1,1.0,1,0.1474065582551171,31
2507,0,5156,1931,3225,0,0,0,1.0,1,1.0,1,1.0,1,0.17461279975541197,29
2508,6,5162,1936,3226,0,0,0,1.0,1,1.0,1,1.0,1,0.22414123006810535,31
2509,2,5164,1936,3228,0,0,0,1.0,1,1.0,1,1.0,1,0.13988525576373687,30
2510,2,5166,1936,3230,0,0,0,1.0,1,1.0,1,1.0,1,0.11972757939974417,31
2511,1,5167,1937,3230,0,0,0,1.0,1,1.0,1,1.0,1,0.17905429870166406,32
2512,2,5169,1938,3231,0,0,0,1.0,1,1.0,1,1.0,1,0.14892166526803644,32
2513,1,5170,1939,3231,0,0,0,1.0,1,1.0,1,1.0,1,0.10199787035365247,34
2514,2,5172,1940,3232,0,0,0,1.0,1,1.0,1,1.0,1,0.10571728752840706,35
2515,3,5175,1941,3234,0,0,0,1.0,1,1.0,1,1.0,1,0.12395889854124627,35
2516,5,5180,1942,3238,0,0,0,1.0,1,1.0,1,1.0,1,0.1519844034752317,34
2517,2,5182,1943,3239,0,0,0,1.0,1,1.0,1,1.0,1,0.1445693313786364,34
2518,3,5185,1946,3239,0,0,0,1.0,1,1.0,1,1.0,1,0.20484814489920555,33
2519,2,5187,1947,3240,0,0,0,1.0,1,1.0,1,1.0,1,0.1802926044042809,32
2520,1,5188,1948,3240,0,0,0,1.0,1,1.0,1,1.0,1,0.24373588297121013,31
2521,1,5189,1949,3240,0,0,0,1.0,1,1.0,1,1.0,1,0.1962984305264147,31
2522,0,5189,1949,3240,0,0,0,1.0,1,1.0,1,1.0,1,0.23548083232643033,30
2523,0,5189,1949,3240,0,0,0,1.0,1,1.0,1,1.0,1,0.21102142548447364,30
2524,1,5190,1949,3241,0,0,0,1.0,1,1.0,1,1.0,1,0.20992161806708262,29
2525,3,5193,1949,3244,0,0,0,1.0,1,1.0,1,1.0,1,0.11799117736561417,29
2526,0,5193,1949,3244,0,0,0,1.0,1,1.0,1,1.0,1,0.16989524557563146,27
2527,0,5193,1949,3244,0,0,0,1.0,1,1.0,1,1.0,1,0.13531989669732183,28
2528,0,5193,1949,3244,0,0,0,1.0,1,1.0,1,1.0,1,0.13531989669732183,28
2529,0,5193,1949,3244,0,0,0,1.0,1,1.0,1,1.0,1,0.13531989669732183,28
2530,0,5193,1949,3244,0,0,0,1.0,1,1.0,1,1.0,1,0.14980165100849432,29
2531,0,5193,1949,3244,0,0,0,1.0,1,1.0,1,1.0,1,0.17581899949104604,30
2532,0,5193,1949,3244,0,0,0,1.0,1,1.0,1,1.0,1,0.16387291539656082,31
2533,0,5193,1949,3244,0,0,0,1.0,1,1.0,1,1.0,1,0.16387291539656082,31
2534,0,5193,1949,3244,0,0,0,1.0,1,1.0,1,1.0,1,0.16387291539656082,31
2535,1,5194,1950,3244,0,0,0,1.0,1,1.0,1,1.0,1,0.19364400653977215,31
2536,3,5197,1951,3246,0,0,0,1.0,1,1.0,1,1.0,1,0.158492063385218,32
2537,1,5198,1952,3246,0,0,0,1.0,1,1.0,1,1.0,1,0.16471316457422958,33
2538,4,5202,1953,3249,0,0,0,1.0,1,1.0,1,1.0,1,0.18820164834455996,35
2539,4,5206,1954,3252,0,0,0,1.0,1,1.0,1,1.0,1,0.23806658016919308,37
2540,5,5211,1955,3256,0,0,0,1.0,1,1.0,1,1.0,1,0.2302407592529094,38
2541,4,5215,1956,3259,0,0,0,1.0,1,1.0,1,1.0,1,0.17626597368838776,39
2542,0,5215,1956,3259,0,0,0,1.0,1,1.0,1,1.0,1,0.20508276856249583,38
2543,5,5220,1958,3262,0,0,0,1.0,1,1.0,1,1.0,1,0.1987845230009105,41
2544,3,5223,1960,3263,0,0,0,1.0,1,1.0,1,1.0,1,0.17488566260576685,39
2545,7,5230,1962,3268,0,0,0,1.0,1,1.0,1,1.0,1,0.143323212982113,40
2546,1,5231,1963,3268,0,0,0,1.0,1,1.0,1,1.0,1,0.1396210037647392,38
2547,3,5234,1966,3268,0,0,0,1.0,1,1.0,1,1.0,1,0.23129588991367436,38
2548,2,5236,1966,3270,0,0,0,1.0,1,1.0,1,1.0,1,0.16551506543363276,35
2549,7,5243,1969,3274,0,0,0,1.0,1,1.0,1,1.0,1,0.13499544416340717,35
2550,2,5245,1970,3275,0,0,0,1.0,1,1.0,1,1.0,1,0.1049582473613745,33
2551,1,5246,1971,3275,0,0,0,1.0,1,1.0,1,1.0,1,0.13490611577244327,31
2552,0,5246,1971,3275,0,0,0,1.0,1,1.0,1,1.0,1,0.17286683639698774,30
2553,0,5246,1971,3275,0,0,0,1.0,1,1.0,1,1.0,1,0.17286683639698774,30
2554,0,5246,1971,3275,0,0,0,1.0,1,1.0,1,1.0,1,0.15991417654295417,32
2555,1,5247,1972,3275,0,0,0,1.0,1,1.0,1,1.0,1,0.22150017174163525,32
2556,2,5249,1973,3276,0,0,0,1.0,1,1.0,1,1.0,1,0.15703500780895846,32
2557,0,5249,1973,3276,0,0,0,1.0,1,1.0,1,1.0,1,0.21006240294517034,30
2558,3,5252,1975,3277,0,0,0,1.0,1,1.0,1,1.0,1,0.1882444863803578,31
2559,0,5252,1975,3277,0,0,0,1.0,1,1.0,1,1.0,1,0.1828610160277107,30
2560,0,5252,1975,3277,0,0,0,1.0,1,1.0,1,1.0,1,0.1828610160277107,30
2561,1,5253,1975,3278,0,0,0,1.0,1,1.0,1,1.0,1,0.1533111025052394,30
2562,1,5254,1975,3279,0,0,0,1.0,1,1.0,1,1.0,1,0.15217211263320127,33
2563,0,5254,1975,3279,0,0,0,1.0,1,1.0,1,1.0,1,0.15217211263320127,33
2564,0,5254,1975,3279,0,0,0,1.0,1,1.0,1,1.0,1,0.15217211263320127,33
2565,0,5254,1975,3279,0,0,0,1.0,1,1.0,1,1.0,1,0.15217211263320127,33
2566,1,5255,1975,3280,0,0,0,1.0,1,1.0,1,1.0,1,0.14099707273357417,35
2567,2,5257,1976,3281,0,0,0,1.0,1,1.0,1,1.0,1,0.14457327948510462,36
2568,2,5259,1977,3282,0,0,0,1.0,1,1.0,1,1.0,1,0.16860153731496455,37
2569,1,5260,1977,3283,0,0,0,1.0,1,1.0,1,1.0,1,0.14117998362083084,37
2570,0,5260,1977,3283,0,0,0,1.0,1,1.0,1,1.0,1,0.17759566185640763,37
2571,0,5260,1977,3283,0,0,0,1.0,1,1.0,1,1.0,1,0.17759566185640763,37
2572,1,5261,1977,3284,0,0,0,1.0,1,1.0,1,1.0,1,0.1785098174199014,39
2573,3,5264,1977,3287,0,0,0,1.0,1,1.0,1,1.0,1,0.1461869466626958,39
2574,0,5264,1977,3287,0,0,0,1.0,1,1.0,1,1.0,1,0.14135887255948862,38
2575,0,5264,1977,3287,0,0,0,1.0,1,1.0,1,1.0,1,0.14135887255948862,38
2576,0,5264,1977,3287,0,0,0,1.0,1,1.0,1,1.0,1,0.17142414051759475,37
2577,0,5264,1977,3287,0,0,0,1.0,1,1.0,1,1.0,1,0.18119614003986415,39
2578,2,5266,1978,3288,0,0,0,1.0,1,1.0,1,1.0,1,0.17515005193268285,40
2579,2,5268,1978,3290,0,0,0,1.0,1,1.0,1,1.0,1,0.09325043304415025,41
2580,3,5271,1978,3293,0,0,0,1.0,1,1.0,1,1.0,1,0.12763953083990018,42
2581,0,5271,1978,3293,0,0,0,1.0,1,1.0,1,1.0,1,0.1296972287578457,43
2582,0,5271,1978,3293,0,0,0,1.0,1,1.0,1,1.0,1,0.1296972287578457,43
2583,2,5273,1979,3294,0,0,0,1.0,1,1.0,1,1.0,1,0.14101856897354373,43
2584,1,5274,1980,3294,0,0,0,1.0,1,1.0,1,1.0,1,0.1713453614351809,43
2585,4,5278,1981,3297,0,0,0,1.0,1,1.0,1,1.0,1,0.13384848835227953,44
2586,1,5279,1982,3297,0,0,0,1.0,1,1.0,1,1.0,1,0.14679762301063148,43
2587,2,5281,1982,3299,0,0,0,1.0,1,1.0,1,1.0,1,0.1133407401126879,44
2588,0,5281,1982,3299,0,0,0,1.0,1,1.0,1,1.0,1,0.1133407401126879,44
2589,7,5288,1983,3305,0,0,0,1.0,1,1.0,1,1.0,1,0.050050119749270254,44
2590,0,5288,1983,3305,0,0,0,1.0,1,1.0,1,1.0,1,0.050050119749270254,44
2591,0,5288,1983,3305,0,0,0,1.0,1,1.0,1,1.0,1,0.050050119749270254,44
2592,2,5290,1985,3305,0,0,0,1.0,1,1.0,1,1.0,1,0.09393364485624171,44
2593,1,5291,1986,3305,0,0,0,1.0,1,1.0,1,1.0,1,0.08227795361181173,43
2594,7,5298,1988,3310,0,0,0,1.0,1,1.0,1,1.0,1,0.09990095616544954,48
2595,3,5301,1989,3312,0,0,0,1.0,1,1.0,1,1.0,1,0.08418741806874598,45
2596,4,5305,1991,3314,0,0,0,1.0,1,1.0,1,1.0,1,0.07460318204132342,46
2597,3,5308,1993,3315,0,0,0,1.0,1,1.0,1,1.0,1,0.11511221486718541,45
2598,0,5308,1993,3315,0,0,0,1.0,1,1.0,1,1.0,1,0.11511221486718541,45
2599,2,5310,1995,3315,0,0,0,1.0,1,1.0,1,1.0,1,0.16528908870259926,45
2600,4,5314,1998,3316,0,0,0,1.0,1,1.0,1,1.0,1,0.1797444312282217,48
2601,5,5319,1998,3321,0,0,0,1.0,1,1.0,1,1.0,1,0.11588646520179086,47
2602,1,5320,1998,3322,0,0,0,1.0,1,1.0,1,1.0,1,0.14900229866515416,48
2603,1,5321,1998,3323,0,0,0,1.0,1,1.0,1,1.0,1,0.12600756608866318,48
2604,0,5321,1998,3323,0,0,0,1.0,1,1.0,1,1.0,1,0.14823752633537288,47
2605,3,5324,1999,3325,0,0,0,1.0,1,1.0,1,1.0,1,0.11052728871250657,47
2606,0,5324,1999,3325,0,0,0,1.0,1,1.0,1,1.0,1,0.10236840888492699,46
2607,2,5326,2000,3326,0,0,0,1.0,1,1.0,1,1.0,1,0.12889431335767143,45
2608,3,5329,2002,3327,0,0,0,1.0,1,1.0,1,1.0,1,0.10880419834847242,45
2609,2,5331,2004,3327,0,0,0,1.0,1,1.0,1,1.0,1,0.12578111500390377,44
2610,1,5332,2004,3328,0,0,0,1.0,1,1.0,1,1.0,1,0.11027662127592487,45
2611,3,5335,2006,3329,0,0,0,1.0,1,1.0,1,1.0,1,0.1286901926406941,46
2612,6,5341,2008,3333,0,0,0,1.0,1,1.0,1,1.0,1,0.12996165032528034,47
2613,3,5344,2008,3336,0,0,0,1.0,1,1.0,1,1.0,1,0.09769227717056767,48
2614,1,5345,2009,3336,0,0,0,1.0,1,1.0,1,1.0,1,0.12513295193564825,48
2615,1,5346,2010,3336,0,0,0,1.0,1,1.0,1,1.0,1,0.12389055256236858,49
2616,3,5349,2011,3338,0,0,0,1.0,1,1.0,1,1.0,1,0.10356862135803219,49
2617,0,5349,2011,3338,0,0,0,1.0,1,1.0,1,1.0,1,0.08404084096230936,48
2618,0,5349,2011,3338,0,0,0,1.0,1,1.0,1,1.0,1,0.09399027683862053,47
2619,1,5350,2011,3339,0,0,0,1.0,1,1.0,1,1.0,1,0.06963673351139815,50
2620,1,5351,2012,3339,0,0,0,1.0,1,1.0,1,1.0,1,0.09550191749384115,51
2621,2,5353,2013,3340,0,0,0,1.0,1,1.0,1,1.0,1,0.10753724386496093,52
2622,0,5353,2013,3340,0,0,0,1.0,1,1.0,1,1.0,1,0.09590775145050294,52
2623,7,5360,2016,3344,0,0,0,1.0,1,1.0,1,1.0,1,0.10267838157635917,53
2624,2,5362,2016,3346,0,0,0,1.0,1,1.0,1,1.0,1,0.09572996450749184,51
2625,6,5368,2018,3350,0,0,0,1.0,1,1.0,1,1.0,1,0.07147857827081608,50
2626,2,5370,2020,3350,0,0,0,1.0,1,1.0,1,1.0,1,0.09568340196294185,49
2627,2,5372,2021,3351,0,0,0,1.0,1,1.0,1,1.0,1,0.07493450374789988,48
2628,1,5373,2022,3351,0,0,0,1.0,1,1.0,1,1.0,1,0.11178125297235375,48
2629,0,5373,2022,3351,0,0,0,1.0,1,1.0,1,1.0,1,0.10941466780645637,47
2630,2,5375,2023,3352,0,0,0,1.0,1,1.0,1,1.0,1,0.1321372884730301,47
2631,2,5377,2025,3352,0,0,0,1.0,1,1.0,1,1.0,1,0.1321569027591636,47
2632,0,5377,2025,3352,0,0,0,1.0,1,1.0,1,1.0,1,0.14177834419276883,47
2633,2,5379,2026,3353,0,0,0,1.0,1,1.0,1,1.0,1,0.1263533104542654,44
2634,0,5379,2026,3353,0,0,0,1.0,1,1.0,1,1.0,1,0.1284768576341099,44
2635,3,5382,2027,3355,0,0,0,1.0,1,1.0,1,1.0,1,0.13728709933705135,45
2636,0,5382,2027,3355,0,0,0,1.0,1,1.0,1,1.0,1,0.1639653046478257,40
2637,6,5388,2030,3358,0,0,0,1.0,1,1.0,1,1.0,1,0.1688490311986226,41
2638,4,5392,2031,3361,0,0,0,1.0,1,1.0,1,1.0,1,0.12109725274002207,38
2639,1,5393,2031,3362,0,0,0,1.0,1,1.0,1,1.0,1,0.11604658204806136,39
2640,3,5396,2034,3362,0,0,0,1.0,1,1.0,1,1.0,1,0.16773117847158678,38
2641,4,5400,2037,3363,0,0,0,1.0,1,1.0,1,1.0,1,0.19845180337336618,37
2642,5,5405,2039,3366,0,0,0,1.0,1,1.0,1,1.0,1,0.19941935905896857,38
2643,3,5408,2039,3369,0,0,0,1.0,1,1.0,1,1.0,1,0.12696593991876856,37
2644,0,5408,2039,3369,0,0,0,1.0,1,1.0,1,1.0,1,0.13027139169238144,36
2645,3,5411,2040,3371,0,0,0,1.0,1,1.0,1,1.0,1,0.09182338472148313,35
2646,0,5411,2040,3371,0,0,0,1.0,1,1.0,1,1.0,1,0.09150893754047675,35
2647,2,5413,2041,3372,0,0,0,1.0,1,1.0,1,1.0,1,0.1001452383630253,35
2648,0,5413,2041,3372,0,0,0,1.0,1,1.0,1,1.0,1,0.11727579698972596,36
2649,1,5414,2042,3372,0,0,0,1.0,1,1.0,1,1.0,1,0.09514568093229837,37
2650,1,5415,2042,3373,0,0,0,1.0,1,1.0,1,1.0,1,0.08638030154662969,39
2651,0,5415,2042,3373,0,0,0,1.0,1,1.0,1,1.0,1,0.08638030154662969,39
2652,0,5415,2042,3373,0,0,0,1.0,1,1.0,1,1.0,1,0.08638030154662969,39
2653,0,5415,2042,3373,0,0,0,1.0,1,1.0,1,1.0,1,0.08638030154662969,39
2654,2,5417,2043,3374,0,0,0,1.0,1,1.0,1,1.0,1,0.1227250730133963,40
2655,0,5417,2043,3374,0,0,0,1.0,1,1.0,1,1.0,1,0.1227250730133963,40
2656,0,5417,2043,3374,0,0,0,1.0,1,1.0,1,1.0,1,0.14035072462410322,39
2657,1,5418,2043,3375,0,0,0,1.0,1,1.0,1,1.0,1,0.14200195541066538,40
2658,2,5420,2044,3376,0,0,0,1.0,1,1.0,1,1.0,1,0.17205782824886304,41
2659,4,5424,2047,3377,0,0,0,1.0,1,1.0,1,1.0,1,0.18745237125797426,41
2660,5,5429,2049,3380,0,0,0,1.0,1,1.0,1,1.0,1,0.22391815653343838,40
2661,5,5434,2050,3384,0,0,0,1.0,1,1.0,1,1.0,1,0.18050134596209955,40
2662,6,5440,2053,3387,0,0,0,1.0,1,1.0,1,1.0,1,0.16778694606837125,42
2663,4,5444,2053,3391,0,0,0,1.0,1,1.0,1,1.0,1,0.10368954127424898,41
2664,1,5445,2053,3392,0,0,0,1.0,1,1.0,1,1.0,1,0.10754722406819123,42
2665,0,5445,2053,3392,0,0,0,1.0,1,1.0,1,1.0,1,0.09194049500799197,43
2666,5,5450,2057,3393,0,0,0,1.0,1,1.0,1,1.0,1,0.17334655301426213,44
2667,7,5457,2060,3397,0,0,0,1.0,1,1.0,1,1.0,1,0.22268997591356238,42
2668,5,5462,2061,3401,0,0,0,1.0,1,1.0,1,1.0,1,0.24264216101130956,41
2669,6,5468,2063,3405,0,0,0,1.0,1,1.0,1,1.0,1,0.25576342960089626,42
2670,1,5469,2063,3406,0,0,0,1.0,1,1.0,1,1.0,1,0.26704129628279644,40
2671,0,5469,2063,3406,0,0,0,1.0,1,1.0,1,1.0,1,0.27855691838802393,39
2672,0,5469,2063,3406,0,0,0,1.0,1,1.0,1,1.0,1,0.2788745891175942,36
2673,3,5472,2065,3407,0,0,0,1.0,1,1.0,1,1.0,1,0.2995384785955905,35
2674,2,5474,2065,3409,0,0,0,1.0,1,1.0,1,1.0,1,0.22378923861688266,33
2675,2,5476,2065,3411,0,0,0,1.0,1,1.0,1,1.0,1,0.14640821010604782,34
2676,0,5476,2065,3411,0,0,0,1.0,1,1.0,1,1.0,1,0.15222257157491784,32
2677,1,5477,2066,3411,0,0,0,1.0,1,1.0,1,1.0,1,0.21398560875062597,33
2678,0,5477,2066,3411,0,0,0,1.0,1,1.0,1,1.0,1,0.17722693320621533,33
2679,1,5478,2067,3411,0,0,0,1.0,1,1.0,1,1.0,1,0.25462915351844484,32
2680,2,5480,2069,3411,0,0,0,1.0,1,1.0,1,1.0,1,0.26943323150308185,32
2681,3,5483,2069,3414,0,0,0,1.0,1,1.0,1,1.0,1,0.15404981348402458,32
2682,1,5484,2070,3414,0,0,0,1.0,1,1.0,1,1.0,1,0.1717678732599994,33
2683,1,5485,2070,3415,0,0,0,1.0,1,1.0,1,1.0,1,0.16871136574730033,32
2684,2,5487,2070,3417,0,0,0,1.0,1,1.0,1,1.0,1,0.16411502330662317,31
2685,1,5488,2070,3418,0,0,0,1.0,1,1.0,1,1.0,1,0.14447614343322465,31
2686,0,5488,2070,3418,0,0,0,1.0,1,1.0,1,1.0,1,0.17383553175469654,30
2687,1,5489,2071,3418,0,0,0,1.0,1,1.0,1,1.0,1,0.1898022156648233,30
2688,1,5490,2072,3418,0,0,0,1.0,1,1.0,1,1.0,1,0.1563664908254103,30
2689,3,5493,2073,3420,0,0,0,1.0,1,1.0,1,1.0,1,0.1370393111917446,31
2690,3,5496,2075,3421,0,0,0,1.0,1,1.0,1,1.0,1,0.09616298989191334,31
2691,2,5498,2076,3422,0,0,0,1.0,1,1.0,1,1.0,1,0.12361223383132519,32
2692,2,5500,2078,3422,0,0,0,1.0,1,1.0,1,1.0,1,0.1633190909411686,32
2693,5,5505,2078,3427,0,0,0,1.0,1,1.0,1,1.0,1,0.07969345968565754,33
2694,0,5505,2078,3427,0,0,0,1.0,1,1.0,1,1.0,1,0.07402190576358994,34
2695,0,5505,2078,3427,0,0,0,1.0,1,1.0,1,1.0,1,0.06105861673770417,35
2696,0,5505,2078,3427,0,0,0,1.0,1,1.0,1,1.0,1,0.06105861673770417,35
2697,0,5505,2078,3427,0,0,0,1.0,1,1.0,1,1.0,1,0.06105861673770417,35
2698,1,5506,2078,3428,0,0,0,1.0,1,1.0,1,1.0,1,0.05033017340603507,36
2699,0,5506,2078,3428,0,0,0,1.0,1,1.0,1,1.0,1,0.06417975742080445,36
2700,2,5508,2079,3429,0,0,0,1.0,1,1.0,1,1.0,1,0.09305849924390804,37
2701,1,5509,2080,3429,0,0,0,1.0,1,1.0,1,1.0,1,0.11459395079401029,37
2702,7,5516,2084,3432,0,0,0,1.0,1,1.0,1,1.0,1,0.23390518645896424,37
2703,4,5520,2086,3434,0,0,0,1.0,1,1.0,1,1.0,1,0.21272561525452363,38
2704,1,5521,2087,3434,0,0,0,1.0,1,1.0,1,1.0,1,0.24842963481115304,37
2705,6,5527,2087,3440,0,0,0,1.0,1,1.0,1,1.0,1,0.14964466675863428,36
2706,1,5528,2088,3440,0,0,0,1.0,1,1.0,1,1.0,1,0.19337421275990369,36
2707,3,5531,2088,3443,0,0,0,1.0,1,1.0,1,1.0,1,0.17122741417723752,35
2708,7,5538,2092,3446,0,0,0,1.0,1,1.0,1,1.0,1,0.20124409587585798,36
2709,4,5542,2093,3449,0,0,0,1.0,1,1.0,1,1.0,1,0.1513941978935296,32
2710,0,5542,2093,3449,0,0,0,1.0,1,1.0,1,1.0,1,0.15404065432960548,29
2711,2,5544,2095,3449,0,0,0,1.0,1,1.0,1,1.0,1,0.1523030098272143,29
2712,1,5545,2096,3449,0,0,0,1.0,1,1.0,1,1.0,1,0.20208851602733616,28
2713,0,5545,2096,3449,0,0,0,1.0,1,1.0,1,1.0,1,0.18477329732853845,28
2714,0,5545,2096,3449,0,0,0,1.0,1,1.0,1,1.0,1,0.18704978055966545,26
2715,1,5546,2097,3449,0,0,0,1.0,1,1.0,1,1.0,1,0.20844283418386986,24
2716,0,5546,2097,3449,0,0,0,1.0,1,1.0,1,1.0,1,0.2097374800564647,24
2717,6,5552,2098,3454,0,0,0,1.0,1,1.0,1,1.0,1,0.15090448980399698,25
2718,2,5554,2099,3455,0,0,0,1.0,1,1.0,1,1.0,1,0.2088291077234656,25
2719,3,5557,2100,3457,0,0,0,1.0,1,1.0,1,1.0,1,0.275125032398753,25
2720,0,5557,2100,3457,0,0,0,1.0,1,1.0,1,1.0,1,0.275125032398753,25
2721,8,5565,2103,3462,0,0,0,1.0,1,1.0,1,1.0,1,0.17097530012338213,25
2722,2,5567,2103,3464,0,0,0,1.0,1,1.0,1,1.0,1,0.1707318774376673,26
2723,2,5569,2103,3466,0,0,0,1.0,1,1.0,1,1.0,1,0.1707318774376673,26
2724,3,5572,2104,3468,0,0,0,1.0,1,1.0,1,1.0,1,0.16280890131594733,27
2725,1,5573,2104,3469,0,0,0,1.0,1,1.0,1,1.0,1,0.14392316495231325,28
2726,1,5574,2105,3469,0,0,0,1.0,1,1.0,1,1.0,1,0.16501089752572984,28
2727,0,5574,2105,3469,0,0,0,1.0,1,1.0,1,1.0,1,0.19104102941771073,29
2728,1,5575,2106,3469,0,0,0,1.0,1,1.0,1,1.0,1,0.23386889089965318,29
2729,2,5577,2106,3471,0,0,0,1.0,1,1.0,1,1.0,1,0.19144661042614122,29
2730,2,5579,2107,3472,0,0,0,1.0,1,1.0,1,1.0,1,0.1745477374975481,29
2731,1,5580,2108,3472,0,0,0,1.0,1,1.0,1,1.0,1,0.1804028312783075,30
2732,1,5581,2108,3473,0,0,0,1.0,1,1.0,1,1.0,1,0.20772664823616727,29
2733,2,5583,2110,3473,0,0,0,1.0,1,1.0,1,1.0,1,0.2284065706978343,29
2734,0,5583,2110,3473,0,0,0,1.0,1,1.0,1,1.0,1,0.2284065706978343,29
2735,2,5585,2110,3475,0,0,0,1.0,1,1.0,1,1.0,1,0.14400804764514502,29
2736,2,5587,2111,3476,0,0,0,1.0,1,1.0,1,1.0,1,0.15798106313538052,30
2737,1,5588,2111,3477,0,0,0,1.0,1,1.0,1,1.0,1,0.1602594859995059,30
2738,2,5590,2112,3478,0,0,0,1.0,1,1.0,1,1.0,1,0.17482230199146864,30
2739,1,5591,2113,3478,0,0,0,1.0,1,1.0,1,1.0,1,0.23699874949898286,29
2740,2,5593,2115,3478,0,0,0,1.0,1,1.0,1,1.0,1,0.27557038301372544,29
2741,3,5596,2115,3481,0,0,0,1.0,1,1.0,1,1.0,1,0.20715714101088262,28
2742,1,5597,2116,3481,0,0,0,1.0,1,1.0,1,1.0,1,0.20128970391908746,28
2743,4,5601,2117,3484,0,0,0,1.0,1,1.0,1,1.0,1,0.18700303936279855,29
2744,1,5602,2118,3484,0,0,0,1.0,1,1.0,1,1.0,1,0.15750513264050217,27
2745,1,5603,2119,3484,0,0,0,1.0,1,1.0,1,1.0,1,0.14597517862350848,25
2746,5,5608,2121,3487,0,0,0,1.0,1,1.0,1,1.0,1,0.21336119641786172,25
2747,2,5610,2122,3488,0,0,0,1.0,1,1.0,1,1.0,1,0.21589597537424005,23
2748,0,5610,2122,3488,0,0,0,1.0,1,1.0,1,1.0,1,0.23177024118341427,22
2749,1,5611,2122,3489,0,0,0,1.0,1,1.0,1,1.0,1,0.2745158192423402,19
2750,3,5614,2124,3490,0,0,0,1.0,1,1.0,1,1.0,1,0.28211829364999497,18
2751,0,5614,2124,3490,0,0,0,1.0,1,1.0,1,1.0,1,0.31382471362150727,16
2752,0,5614,2124,3490,0,0,0,1.0,1,1.0,1,1.0,1,0.34783113447629405,15
2753,0,5614,2124,3490,0,0,0,1.0,1,1.0,1,1.0,1,0.34783113447629405,15
2754,0,5614,2124,3490,0,0,0,1.0,1,1.0,1,1.0,1,0.34783113447629405,15
2755,0,5614,2124,3490,0,0,0,1.0,1,1.0,1,1.0,1,0.34783113447629405,15
2756,1,5615,2124,3491,0,0,0,1.0,1,1.0,1,1.0,1,0.295623660990159,16
2757,0,5615,2124,3491,0,0,0,1.0,1,1.0,1,1.0,1,0.25835702080337913,17
2758,0,5615,2124,3491,0,0,0,1.0,1,1.0,1,1.0,1,0.25835702080337913,17
2759,0,5615,2124,3491,0,0,0,1.0,1,1.0,1,1.0,1,0.2675857305805325,18
2760,0,5615,2124,3491,0,0,0,1.0,1,1.0,1,1.0,1,0.2675857305805325,18
2761,0,5615,2124,3491,0,0,0,1.0,1,1.0,1,1.0,1,0.2675857305805325,18
2762,0,5615,2124,3491,0,0,0,1.0,1,1.0,1,1.0,1,0.2675857305805325,18
2763,1,5616,2124,3492,0,0,0,1.0,1,1.0,1,1.0,1,0.17712804946608118,17
2764,1,5617,2125,3492,0,0,0,1.0,1,1.0,1,1.0,1,0.2657678079923786,17
2765,1,5618,2125,3493,0,0,0,1.0,1,1.0,1,1.0,1,0.23370376758636793,18
2766,1,5619,2125,3494,0,0,0,1.0,1,1.0,1,1.0,1,0.19691223977628483,18
2767,0,5619,2125,3494,0,0,0,1.0,1,1.0,1,1.0,1,0.19691223977628483,18
2768,0,5619,2125,3494,0,0,0,1.0,1,1.0,1,1.0,1,0.19691223977628483,18
2769,1,5620,2126,3494,0,0,0,1.0,1,1.0,1,1.0,1,0.21875479535490464,18
2770,0,5620,2126,3494,0,0,0,1.0,1,1.0,1,1.0,1,0.21875479535490464,18
2771,0,5620,2126,3494,0,0,0,1.0,1,1.0,1,1.0,1,0.21875479535490464,18
2772,0,5620,2126,3494,0,0,0,1.0,1,1.0,1,1.0,1,0.21875479535490464,18
2773,0,5620,2126,3494,0,0,0,1.0,1,1.0,1,1.0,1,0.21875479535490464,18
2774,2,5622,2126,3496,0,0,0,1.0,1,1.0,1,1.0,1,0.20114582513160806,20
2775,2,5624,2128,3496,0,0,0,1.0,1,1.0,1,1.0,1,0.2633518279495407,21
2776,2,5626,2129,3497,0,0,0,1.0,1,1.0,1,1.0,1,0.29381972041027776,21
2777,1,5627,2129,3498,0,0,0,1.0,1,1.0,1,1.0,1,0.19470965420913267,22
2778,0,5627,2129,3498,0,0,0,1.0,1,1.0,1,1.0,1,0.17408447746305908,24
2779,2,5629,2131,3498,0,0,0,1.0,1,1.0,1,1.0,1,0.21052776178925323,24
2780,0,5629,2131,3498,0,0,0,1.0,1,1.0,1,1.0,1,0.21052776178925323,24
2781,2,5631,2131,3500,0,0,0,1.0,1,1.0,1,1.0,1,0.15125050242006893,24
2782,1,5632,2131,3501,0,0,0,1.0,1,1.0,1,1.0,1,0.09112492288403397,24
2783,0,5632,2131,3501,0,0,0,1.0,1,1.0,1,1.0,1,0.09112492288403397,24
2784,0,5632,2131,3501,0,0,0,1.0,1,1.0,1,1.0,1,0.1432447925218654,24
2785,0,5632,2131,3501,0,0,0,1.0,1,1.0,1,1.0,1,0.12628440819328907,22
2786,0,5632,2131,3501,0,0,0,1.0,1,1.0,1,1.0,1,0.19928314718501572,22
2787,0,5632,2131,3501,0,0,0,1.0,1,1.0,1,1.0,1,0.19655596440435022,21
2788,0,5632,2131,3501,0,0,0,1.0,1,1.0,1,1.0,1,0.2354590942979797,20
2789,3,5635,2132,3503,0,0,0,1.0,1,1.0,1,1.0,1,0.21838260055616482,20
2790,1,5636,2132,3504,0,0,0,1.0,1,1.0,1,1.0,1,0.17894716694452228,21
2791,2,5638,2133,3505,0,0,0,1.0,1,1.0,1,1.0,1,0.21981548183772687,21
2792,0,5638,2133,3505,0,0,0,1.0,1,1.0,1,1.0,1,0.21981548183772687,21
2793,0,5638,2133,3505,0,0,0,1.0,1,1.0,1,1.0,1,0.2243306366134702,18
2794,0,5638,2133,3505,0,0,0,1.0,1,1.0,1,1.0,1,0.2243306366134702,18
2795,0,5638,2133,3505,0,0,0,1.0,1,1.0,1,1.0,1,0.22920938723387072,20
2796,0,5638,2133,3505,0,0,0,1.0,1,1.0,1,1.0,1,0.21901985818686973,21
2797,3,5641,2133,3508,0,0,0,1.0,1,1.0,1,1.0,1,0.11682089435580002,21
2798,0,5641,2133,3508,0,0,0,1.0,1,1.0,1,1.0,1,0.11682089435580002,21
2799,0,5641,2133,3508,0,0,0,1.0,1,1.0,1,1.0,1,0.12483506811122647,22
2800,0,5641,2133,3508,0,0,0,1.0,1,1.0,1,1.0,1,0.12483506811122647,22
2801,2,5643,2135,3508,0,0,0,1.0,1,1.0,1,1.0,1,0.20551981007819192,22
2802,1,5644,2135,3509,0,0,0,1.0,1,1.0,1,1.0,1,0.17233523613980517,22
2803,0,5644,2135,3509,0,0,0,1.0,1,1.0,1,1.0,1,0.17233523613980517,22
2804,0,5644,2135,3509,0,0,0,1.0,1,1.0,1,1.0,1,0.19563169334863256,23
2805,0,5644,2135,3509,0,0,0,1.0,1,1.0,1,1.0,1,0.19563169334863256,23
2806,0,5644,2135,3509,0,0,0,1.0,1,1.0,1,1.0,1,0.19563169334863256,23
2807,0,5644,2135,3509,0,0,0,1.0,1,1.0,1,1.0,1,0.18050206560319085,24
2808,0,5644,2135,3509,0,0,0,1.0,1,1.0,1,1.0,1,0.18050206560319085,24
2809,1,5645,2135,3510,0,0,0,1.0,1,1.0,1,1.0,1,0.18420469475552034,25
2810,0,5645,2135,3510,0,0,0,1.0,1,1.0,1,1.0,1,0.19510351765325273,24
2811,1,5646,2135,3511,0,0,0,1.0,1,1.0,1,1.0,1,0.1700833247385196,26
2812,1,5647,2136,3511,0,0,0,1.0,1,1.0,1,1.0,1,0.1979406328605915,26
2813,1,5648,2136,3512,0,0,0,1.0,1,1.0,1,1.0,1,0.19798522514481834,27
2814,7,5655,2138,3517,0,0,0,1.0,1,1.0,1,1.0,1,0.18858756957587483,29
2815,0,5655,2138,3517,0,0,0,1.0,1,1.0,1,1.0,1,0.18858756957587483,29
2816,0,5655,2138,3517,0,0,0,1.0,1,1.0,1,1.0,1,0.18195035601653775,29
2817,3,5658,2140,3518,0,0,0,1.0,1,1.0,1,1.0,1,0.19662846267405876,29
2818,2,5660,2141,3519,0,0,0,1.0,1,1.0,1,1.0,1,0.28415056475437167,29
2819,1,5661,2141,3520,0,0,0,1.0,1,1.0,1,1.0,1,0.26957392874763064,30
2820,1,5662,2141,3521,0,0,0,1.0,1,1.0,1,1.0,1,0.2889131416115155,30
2821,6,5668,2143,3525,0,0,0,1.0,1,1.0,1,1.0,1,0.16299873914655663,31
2822,6,5674,2144,3530,0,0,0,1.0,1,1.0,1,1.0,1,0.1500034337886221,30
2823,4,5678,2145,3533,0,0,0,1.0,1,1.0,1,1.0,1,0.17731983995071696,27
2824,1,5679,2145,3534,0,0,0,1.0,1,1.0,1,1.0,1,0.12711217297516536,28
2825,4,5683,2148,3535,0,0,0,1.0,1,1.0,1,1.0,1,0.1646610076325573,28
2826,3,5686,2149,3537,0,0,0,1.0,1,1.0,1,1.0,1,0.18572945564138676,27
2827,2,5688,2150,3538,0,0,0,1.0,1,1.0,1,1.0,1,0.18995842456252257,28
2828,2,5690,2150,3540,0,0,0,1.0,1,1.0,1,1.0,1,0.21007792172823253,28
2829,2,5692,2150,3542,0,0,0,1.0,1,1.0,1,1.0,1,0.17614708696196643,27
2830,0,5692,2150,3542,0,0,0,1.0,1,1.0,1,1.0,1,0.17614708696196643,27
2831,0,5692,2150,3542,0,0,0,1.0,1,1.0,1,1.0,1,0.17614708696196643,27
2832,3,5695,2151,3544,0,0,0,1.0,1,1.0,1,1.0,1,0.16294284702827333,27
2833,1,5696,2151,3545,0,0,0,1.0,1,1.0,1,1.0,1,0.1680827068482054,26
2834,1,5697,2152,3545,0,0,0,1.0,1,1.0,1,1.0,1,0.15569153731220287,26
2835,0,5697,2152,3545,0,0,0,1.0,1,1.0,1,1.0,1,0.18816404515204688,25
2836,0,5697,2152,3545,0,0,0,1.0,1,1.0,1,1.0,1,0.2151160584846529,27
2837,2,5699,2153,3546,0,0,0,1.0,1,1.0,1,1.0,1,0.17147617236184426,27
2838,2,5701,2154,3547,0,0,0,1.0,1,1.0,1,1.0,1,0.11825965620756573,27
2839,1,5702,2154,3548,0,0,0,1.0,1,1.0,1,1.0,1,0.14206837133802686,29
2840,2,5704,2155,3549,0,0,0,1.0,1,1.0,1,1.0,1,0.1889188696610265,29
2841,3,5707,2155,3552,0,0,0,1.0,1,1.0,1,1.0,1,0.15321110613668107,31
2842,3,5710,2156,3554,0,0,0,1.0,1,1.0,1,1.0,1,0.15844035489176947,31
2843,3,5713,2156,3557,0,0,0,1.0,1,1.0,1,1.0,1,0.21350465903663124,32
2844,3,5716,2157,3559,0,0,0,1.0,1,1.0,1,1.0,1,0.2223215254866623,33
2845,1,5717,2157,3560,0,0,0,1.0,1,1.0,1,1.0,1,0.23841086145569873,32
2846,3,5720,2157,3563,0,0,0,1.0,1,1.0,1,1.0,1,0.17663917452585864,33
2847,1,5721,2158,3563,0,0,0,1.0,1,1.0,1,1.0,1,0.24484936902323431,32
2848,3,5724,2159,3565,0,0,0,1.0,1,1.0,1,1.0,1,0.2713028703161591,33
2849,1,5725,2159,3566,0,0,0,1.0,1,1.0,1,1.0,1,0.2509080561284383,34
2850,1,5726,2159,3567,0,0,0,1.0,1,1.0,1,1.0,1,0.2269634422661609,34
2851,2,5728,2159,3569,0,0,0,1.0,1,1.0,1,1.0,1,0.18714066254764133,34
2852,6,5734,2161,3573,0,0,0,1.0,1,1.0,1,1.0,1,0.13600440269234065,35
2853,1,5735,2161,3574,0,0,0,1.0,1,1.0,1,1.0,1,0.13418770693167298,36
2854,1,5736,2161,3575,0,0,0,1.0,1,1.0,1,1.0,1,0.1555166733655064,37
2855,2,5738,2162,3576,0,0,0,1.0,1,1.0,1,1.0,1,0.12023524078273734,38
2856,0,5738,2162,3576,0,0,0,1.0,1,1.0,1,1.0,1,0.12023524078273734,38
2857,1,5739,2163,3576,0,0,0,1.0,1,1.0,1,1.0,1,0.11626440796690486,39
2858,4,5743,2164,3579,0,0,0,1.0,1,1.0,1,1.0,1,0.11288344825672092,40
2859,1,5744,2165,3579,0,0,0,1.0,1,1.0,1,1.0,1,0.15375237198990685,40
2860,2,5746,2167,3579,0,0,0,1.0,1,1.0,1,1.0,1,0.13860721295584852,40
2861,1,5747,2168,3579,0,0,0,1.0,1,1.0,1,1.0,1,0.14158241961451853,38
2862,5,5752,2170,3582,0,0,0,1.0,1,1.0,1,1.0,1,0.17596660589971633,38
2863,2,5754,2171,3583,0,0,0,1.0,1,1.0,1,1.0,1,0.21502424644842869,38
2864,6,5760,2173,3587,0,0,0,1.0,1,1.0,1,1.0,1,0.19063155934336576,36
2865,5,5765,2175,3590,0,0,0,1.0,1,1.0,1,1.0,1,0.12391444474927406,34
2866,1,5766,2176,3590,0,0,0,1.0,1,1.0,1,1.0,1,0.13516871005622227,31
2867,1,5767,2176,3591,0,0,0,1.0,1,1.0,1,1.0,1,0.09958551314295533,30
2868,4,5771,2179,3592,0,0,0,1.0,1,1.0,1,1.0,1,0.17795932424652236,27
2869,3,5774,2180,3594,0,0,0,1.0,1,1.0,1,1.0,1,0.1192328624648359,27
2870,2,5776,2182,3594,0,0,0,1.0,1,1.0,1,1.0,1,0.17727144853435647,25
2871,3,5779,2184,3595,0,0,0,1.0,1,1.0,1,1.0,1,0.17607401560874544,25
2872,0,5779,2184,3595,0,0,0,1.0,1,1.0,1,1.0,1,0.17239797074806,23
2873,2,5781,2186,3595,0,0,0,1.0,1,1.0,1,1.0,1,0.26025291496562725,24
2874,3,5784,2187,3597,0,0,0,1.0,1,1.0,1,1.0,1,0.273688545991969,24
2875,1,5785,2187,3598,0,0,0,1.0,1,1.0,1,1.0,1,0.2547565486641137,23
2876,4,5789,2188,3601,0,0,0,1.0,1,1.0,1,1.0,1,0.22574481269752208,24
2877,3,5792,2189,3603,0,0,0,1.0,1,1.0,1,1.0,1,0.25454795074907594,24
2878,2,5794,2190,3604,0,0,0,1.0,1,1.0,1,1.0,1,0.18688075933320214,24
2879,5,5799,2192,3607,0,0,0,1.0,1,1.0,1,1.0,1,0.2651950177085498,25
2880,3,5802,2192,3610,0,0,0,1.0,1,1.0,1,1.0,1,0.2541383177537213,26
2881,0,5802,2192,3610,0,0,0,1.0,1,1.0,1,1.0,1,0.2541383177537213,26
2882,0,5802,2192,3610,0,0,0,1.0,1,1.0,1,1.0,1,0.22975868346514172,27
2883,4,5806,2192,3614,0,0,0,1.0,1,1.0,1,1.0,1,0.1443439519096487,28
2884,2,5808,2193,3615,0,0,0,1.0,1,1.0,1,1.0,1,0.19700951374426387,29
2885,4,5812,2194,3618,0,0,0,1.0,1,1.0,1,1.0,1,0.16583419060551793,31
2886,1,5813,2195,3618,0,0,0,1.0,1,1.0,1,1.0,1,0.19035639272423968,31
2887,1,5814,2195,3619,0,0,0,1.0,1,1.0,1,1.0,1,0.17084232104500247,33
2888,0,5814,2195,3619,0,0,0,1.0,1,1.0,1,1.0,1,0.19713514335129653,34
2889,2,5816,2195,3621,0,0,0,1.0,1,1.0,1,1.0,1,0.14577196744875048,35
2890,1,5817,2196,3621,0,0,0,1.0,1,1.0,1,1.0,1,0.15984966900752004,35
2891,2,5819,2197,3622,0,0,0,1.0,1,1.0,1,1.0,1,0.13145421795734746,35
2892,1,5820,2198,3622,0,0,0,1.0,1,1.0,1,1.0,1,0.15227781544301072,35
2893,0,5820,2198,3622,0,0,0,1.0,1,1.0,1,1.0,1,0.17161307289879735,37
2894,0,5820,2198,3622,0,0,0,1.0,1,1.0,1,1.0,1,0.17161307289879735,37
2895,0,5820,2198,3622,0,0,0,1.0,1,1.0,1,1.0,1,0.17161307289879735,37
2896,3,5823,2199,3624,0,0,0,1.0,1,1.0,1,1.0,1,0.20183642861287002,38
2897,0,5823,2199,3624,0,0,0,1.0,1,1.0,1,1.0,1,0.23776966953508605,37
2898,1,5824,2199,3625,0,0,0,1.0,1,1.0,1,1.0,1,0.24049241474486086,38
2899,1,5825,2200,3625,0,0,0,1.0,1,1.0,1,1.0,1,0.23279485397544175,37
2900,0,5825,2200,3625,0,0,0,1.0,1,1.0,1,1.0,1,0.21103618334853422,36
2901,1,5826,2200,3626,0,0,0,1.0,1,1.0,1,1.0,1,0.1778449582773031,37
2902,2,5828,2201,3627,0,0,0,1.0,1,1.0,1,1.0,1,0.18209294696363476,35
2903,0,5828,2201,3627,0,0,0,1.0,1,1.0,1,1.0,1,0.18793607002534787,35
2904,0,5828,2201,3627,0,0,0,1.0,1,1.0,1,1.0,1,0.2010245600676252,33
2905,1,5829,2201,3628,0,0,0,1.0,1,1.0,1,1.0,1,0.2034494940346016,34
2906,1,5830,2202,3628,0,0,0,1.0,1,1.0,1,1.0,1,0.22647067308908453,34
2907,1,5831,2202,3629,0,0,0,1.0,1,1.0,1,1.0,1,0.2020845278761969,35
2908,1,5832,2202,3630,0,0,0,1.0,1,1.0,1,1.0,1,0.20585208955456963,36
2909,1,5833,2202,3631,0,0,0,1.0,1,1.0,1,1.0,1,0.20098549374681796,38
2910,0,5833,2202,3631,0,0,0,1.0,1,1.0,1,1.0,1,0.20098549374681796,38
2911,1,5834,2203,3631,0,0,0,1.0,1,1.0,1,1.0,1,0.21705006289912085,37
2912,2,5836,2203,3633,0,0,0,1.0,1,1.0,1,1.0,1,0.1804723861258218,37
2913,0,5836,2203,3633,0,0,0,1.0,1,1.0,1,1.0,1,0.1878539577305131,38
2914,1,5837,2203,3634,0,0,0,1.0,1,1.0,1,1.0,1,0.16505838109835502,38
2915,1,5838,2203,3635,0,0,0,1.0,1,1.0,1,1.0,1,0.16143646534375486,39
2916,1,5839,2204,3635,0,0,0,1.0,1,1.0,1,1.0,1,0.19533614753119827,40
2917,3,5842,2205,3637,0,0,0,1.0,1,1.0,1,1.0,1,0.1885242825724897,41
2918,0,5842,2205,3637,0,0,0,1.0,1,1.0,1,1.0,1,0.2113681210845075,41
2919,0,5842,2205,3637,0,0,0,1.0,1,1.0,1,1.0,1,0.2113681210845075,41
2920,4,5846,2205,3641,0,0,0,1.0,1,1.0,1,1.0,1,0.20301056425590028,43
2921,3,5849,2205,3644,0,0,0,1.0,1,1.0,1,1.0,1,0.15214124066563453,42
2922,1,5850,2206,3644,0,0,0,1.0,1,1.0,1,1.0,1,0.11956696039744681,43
2923,2,5852,2206,3646,0,0,0,1.0,1,1.0,1,1.0,1,0.10383667083752858,44
2924,0,5852,2206,3646,0,0,0,1.0,1,1.0,1,1.0,1,0.07756372365064412,45
2925,1,5853,2206,3647,0,0,0,1.0,1,1.0,1,1.0,1,0.07530194289185434,45
2926,0,5853,2206,3647,0,0,0,1.0,1,1.0,1,1.0,1,0.07761092673644797,47
2927,0,5853,2206,3647,0,0,0,1.0,1,1.0,1,1.0,1,0.07761092673644797,47
2928,1,5854,2207,3647,0,0,0,1.0,1,1.0,1,1.0,1,0.08971283763916867,48
2929,1,5855,2208,3647,0,0,0,1.0,1,1.0,1,1.0,1,0.11088921703823845,48
2930,1,5856,2208,3648,0,0,0,1.0,1,1.0,1,1.0,1,0.11006199018271118,50
2931,0,5856,2208,3648,0,0,0,1.0,1,1.0,1,1.0,1,0.12022660857552639,51
2932,0,5856,2208,3648,0,0,0,1.0,1,1.0,1,1.0,1,0.12022660857552639,51
2933,4,5860,2209,3651,0,0,0,1.0,1,1.0,1,1.0,1,0.1146112300529114,52
2934,1,5861,2210,3651,0,0,0,1.0,1,1.0,1,1.0,1,0.12406821710804838,52
2935,0,5861,2210,3651,0,0,0,1.0,1,1.0,1,1.0,1,0.13642815252607488,51
2936,1,5862,2210,3652,0,0,0,1.0,1,1.0,1,1.0,1,0.11144315196860632,49
2937,2,5864,2210,3654,0,0,0,1.0,1,1.0,1,1.0,1,0.11239499571888842,50
2938,6,5870,2213,3657,0,0,0,1.0,1,1.0,1,1.0,1,0.1530684137466467,50
2939,5,5875,2213,3662,0,0,0,1.0,1,1.0,1,1.0,1,0.12109358154071126,51
2940,3,5878,2214,3664,0,0,0,1.0,1,1.0,1,1.0,1,0.16263249293484716,52
2941,5,5883,2215,3668,0,0,0,1.0,1,1.0,1,1.0,1,0.11437067199730507,53
2942,1,5884,2216,3668,0,0,0,1.0,1,1.0,1,1.0,1,0.1251115226331262,52
2943,2,5886,2217,3669,0,0,0,1.0,1,1.0,1,1.0,1,0.12921202778036756,51
2944,1,5887,2218,3669,0,0,0,1.0,1,1.0,1,1.0,1,0.12061984689598701,52
2945,0,5887,2218,3669,0,0,0,1.0,1,1.0,1,1.0,1,0.08746394116228391,50
2946,3,5890,2220,3670,0,0,0,1.0,1,1.0,1,1.0,1,0.14810126658751813,51
2947,4,5894,2222,3672,0,0,0,1.0,1,1.0,1,1.0,1,0.12133024793448541,50
2948,4,5898,2224,3674,0,0,0,1.0,1,1.0,1,1.0,1,0.10643705979290215,50
2949,3,5901,2224,3677,0,0,0,1.0,1,1.0,1,1.0,1,0.06812987399667658,49
2950,1,5902,2225,3677,0,0,0,1.0,1,1.0,1,1.0,1,0.12396761882782069,48
2951,0,5902,2225,3677,0,0,0,1.0,1,1.0,1,1.0,1,0.11095631723809914,48
2952,0,5902,2225,3677,0,0,0,1.0,1,1.0,1,1.0,1,0.1252412920979886,46
2953,3,5905,2225,3680,0,0,0,1.0,1,1.0,1,1.0,1,0.08851347471581254,46
2954,1,5906,2226,3680,0,0,0,1.0,1,1.0,1,1.0,1,0.11664545271040563,48
2955,1,5907,2226,3681,0,0,0,1.0,1,1.0,1,1.0,1,0.12183991565868604,48
2956,2,5909,2227,3682,0,0,0,1.0,1,1.0,1,1.0,1,0.14893966413428267,47
2957,5,5914,2228,3686,0,0,0,1.0,1,1.0,1,1.0,1,0.11725725724496941,48
2958,2,5916,2229,3687,0,0,0,1.0,1,1.0,1,1.0,1,0.14764294976966474,49
2959,3,5919,2231,3688,0,0,0,1.0,1,1.0,1,1.0,1,0.17423420169279338,49
2960,2,5921,2231,3690,0,0,0,1.0,1,1.0,1,1.0,1,0.11208211060706845,49
2961,5,5926,2232,3694,0,0,0,1.0,1,1.0,1,1.0,1,0.054444396460423684,51
2962,3,5929,2233,3696,0,0,0,1.0,1,1.0,1,1.0,1,0.04069696176823422,51
2963,3,5932,2233,3699,0,0,0,1.0,1,1.0,1,1.0,1,0.05904341222636157,51
2964,3,5935,2233,3702,0,0,0,1.0,1,1.0,1,1.0,1,0.054759715802217994,52
2965,2,5937,2233,3704,0,0,0,1.0,1,1.0,1,1.0,1,0.05067050565626957,53
2966,0,5937,2233,3704,0,0,0,1.0,1,1.0,1,1.0,1,0.05067050565626957,53
2967,3,5940,2235,3705,0,0,0,1.0,1,1.0,1,1.0,1,0.0677432475722395,53
2968,0,5940,2235,3705,0,0,0,1.0,1,1.0,1,1.0,1,0.07941913899965301,54
2969,1,5941,2236,3705,0,0,0,1.0,1,1.0,1,1.0,1,0.10001668793904175,55
2970,1,5942,2236,3706,0,0,0,1.0,1,1.0,1,1.0,1,0.07317332731784824,55
2971,0,5942,2236,3706,0,0,0,1.0,1,1.0,1,1.0,1,0.07317332731784824,55
2972,0,5942,2236,3706,0,0,0,1.0,1,1.0,1,1.0,1,0.07317332731784824,55
2973,1,5943,2236,3707,0,0,0,1.0,1,1.0,1,1.0,1,0.07434175819076824,55
2974,0,5943,2236,3707,0,0,0,1.0,1,1.0,1,1.0,1,0.07044683095700692,56
2975,0,5943,2236,3707,0,0,0,1.0,1,1.0,1,1.0,1,0.0790885670380333,55
2976,2,5945,2236,3709,0,0,0,1.0,1,1.0,1,1.0,1,0.054056949662056215,57
2977,0,5945,2236,3709,0,0,0,1.0,1,1.0,1,1.0,1,0.07638909222587899,59
2978,1,5946,2237,3709,0,0,0,1.0,1,1.0,1,1.0,1,0.07959234174127539,59
2979,1,5947,2238,3709,0,0,0,1.0,1,1.0,1,1.0,1,0.08413988803360163,59
2980,3,5950,2240,3710,0,0,0,1.0,1,1.0,1,1.0,1,0.10392876901282609,59
2981,5,5955,2242,3713,0,0,0,1.0,1,1.0,1,1.0,1,0.09427253660096449,59
2982,3,5958,2243,3715,0,0,0,1.0,1,1.0,1,1.0,1,0.10622962785660686,61
2983,6,5964,2248,3716,0,0,0,1.0,1,1.0,1,1.0,1,0.18152046857983176,61
2984,8,5972,2251,3721,0,0,0,1.0,1,1.0,1,1.0,1,0.1629846241917464,61
2985,6,5978,2254,3724,0,0,0,1.0,1,1.0,1,1.0,1,0.09523534086477613,57
2986,4,5982,2256,3726,0,0,0,1.0,1,1.0,1,1.0,1,0.13014817610436596,58
2987,4,5986,2259,3727,0,0,0,1.0,1,1.0,1,1.0,1,0.11488841041086684,56
2988,1,5987,2260,3727,0,0,0,1.0,1,1.0,1,1.0,1,0.103169740624801,55
2989,7,5994,2265,3729,0,0,0,1.0,1,1.0,1,1.0,1,0.1328643084959184,53
2990,3,5997,2267,3730,0,0,0,1.0,1,1.0,1,1.0,1,0.14221967478406627,52
2991,3,6000,2267,3733,0,0,0,1.0,1,1.0,1,1.0,1,0.0948335990692476,54
2992,2,6002,2268,3734,0,0,0,1.0,1,1.0,1,1.0,1,0.12005745815866409,55
2993,2,6004,2269,3735,0,0,0,1.0,1,1.0,1,1.0,1,0.12810243267637497,53
2994,4,6008,2271,3737,0,0,0,1.0,1,1.0,1,1.0,1,0.08930351146459162,53
2995,0,6008,2271,3737,0,0,0,1.0,1,1.0,1,1.0,1,0.07501155001721888,51
2996,1,6009,2272,3737,0,0,0,1.0,1,1.0,1,1.0,1,0.11594463866321798,52
2997,3,6012,2274,3738,0,0,0,1.0,1,1.0,1,1.0,1,0.15825017173883751,50
2998,3,6015,2275,3740,0,0,0,1.0,1,1.0,1,1.0,1,0.1644828668344041,51
2999,1,6016,2275,3741,0,0,0,1.0,1,1.0,1,1.0,1,0.1396485846878448,48
3000,2,6018,2276,3742,0,0,0,1.0,1,1.0,1,1.0,1,0.12717678863375204,48
3001,1,6019,2276,3743,0,0,0,1.0,1,1.0,1,1.0,1,0.10112700281329717,49
3002,1,6020,2276,3744,0,0,0,1.0,1,1.0,1,1.0,1,0.1114209596276123,50
3003,2,6022,2277,3745,0,0,0,1.0,1,1.0,1,1.0,1,0.11029075100416857,50
3004,2,6024,2277,3747,0,0,0,1.0,1,1.0,1,1.0,1,0.0661070663328529,51
3005,1,6025,2277,3748,0,0,0,1.0,1,1.0,1,1.0,1,0.06425303655740015,50
3006,0,6025,2277,3748,0,0,0,1.0,1,1.0,1,1.0,1,0.08345179536182341,51
3007,0,6025,2277,3748,0,0,0,1.0,1,1.0,1,1.0,1,0.10789503700072028,51
3008,3,6028,2278,3750,0,0,0,1.0,1,1.0,1,1.0,1,0.14183377854469048,53
3009,2,6030,2278,3752,0,0,0,1.0,1,1.0,1,1.0,1,0.12502419284054578,52
3010,1,6031,2278,3753,0,0,0,1.0,1,1.0,1,1.0,1,0.10779507845120077,52
3011,4,6035,2278,3757,0,0,0,1.0,1,1.0,1,1.0,1,0.11550220954572228,51
3012,5,6040,2281,3759,0,0,0,1.0,1,1.0,1,1.0,1,0.1171797492718026,54
3013,6,6046,2282,3764,0,0,0,1.0,1,1.0,1,1.0,1,0.07465722322019522,52
3014,2,6048,2284,3764,0,0,0,1.0,1,1.0,1,1.0,1,0.14540251296545983,51
3015,3,6051,2285,3766,0,0,0,1.0,1,1.0,1,1.0,1,0.11754510950565282,50
3016,5,6056,2289,3767,0,0,0,1.0,1,1.0,1,1.0,1,0.1561915170197795,50
3017,6,6062,2291,3771,0,0,0,1.0,1,1.0,1,1.0,1,0.12143158416422652,48
3018,2,6064,2292,3772,0,0,0,1.0,1,1.0,1,1.0,1,0.05838776607991391,48
3019,3,6067,2294,3773,0,0,0,1.0,1,1.0,1,1.0,1,0.07200252397040922,47
3020,2,6069,2296,3773,0,0,0,1.0,1,1.0,1,1.0,1,0.06427467108782414,47
3021,3,6072,2298,3774,0,0,0,1.0,1,1.0,1,1.0,1,0.10170149021590884,46
3022,4,6076,2301,3775,0,0,0,1.0,1,1.0,1,1.0,1,0.14253184392253102,45
3023,0,6076,2301,3775,0,0,0,1.0,1,1.0,1,1.0,1,0.10833967197051786,41
3024,3,6079,2304,3775,0,0,0,1.0,1,1.0,1,1.0,1,0.17809437690281651,43
3025,3,6082,2305,3777,0,0,0,1.0,1,1.0,1,1.0,1,0.1499435539810019,39
3026,1,6083,2306,3777,0,0,0,1.0,1,1.0,1,1.0,1,0.13392374631067805,38
3027,2,6085,2308,3777,0,0,0,1.0,1,1.0,1,1.0,1,0.15407473405888605,38
3028,1,6086,2309,3777,0,0,0,1.0,1,1.0,1,1.0,1,0.15652532637722102,38
3029,3,6089,2310,3779,0,0,0,1.0,1,1.0,1,1.0,1,0.12687348291136658,37
3030,1,6090,2310,3780,0,0,0,1.0,1,1.0,1,1.0,1,0.11999247565540135,38
3031,1,6091,2310,3781,0,0,0,1.0,1,1.0,1,1.0,1,0.10542894672149483,39
3032,2,6093,2312,3781,0,0,0,1.0,1,1.0,1,1.0,1,0.11855725125150268,39
3033,1,6094,2312,3782,0,0,0,1.0,1,1.0,1,1.0,1,0.08499208082407086,39
3034,0,6094,2312,3782,0,0,0,1.0,1,1.0,1,1.0,1,0.08367078646949964,38
3035,1,6095,2313,3782,0,0,0,1.0,1,1.0,1,1.0,1,0.10602539833509757,39
3036,0,6095,2313,3782,0,0,0,1.0,1,1.0,1,1.0,1,0.09265865606103918,39
3037,3,6098,2313,3785,0,0,0,1.0,1,1.0,1,1.0,1,0.09420310014274945,39
3038,1,6099,2314,3785,0,0,0,1.0,1,1.0,1,1.0,1,0.10120360565633899,40
3039,2,6101,2315,3786,0,0,0,1.0,1,1.0,1,1.0,1,0.10927956906654034,41
3040,2,6103,2316,3787,0,0,0,1.0,1,1.0,1,1.0,1,0.10013094621789524,42
3041,1,6104,2317,3787,0,0,0,1.0,1,1.0,1,1.0,1,0.14161917700161247,43
3042,2,6106,2318,3788,0,0,0,1.0,1,1.0,1,1.0,1,0.1548025419108401,45
3043,2,6108,2320,3788,0,0,0,1.0,1,1.0,1,1.0,1,0.1929769377595342,45
3044,2,6110,2320,3790,0,0,0,1.0,1,1.0,1,1.0,1,0.1700129624627637,45
3045,3,6113,2321,3792,0,0,0,1.0,1,1.0,1,1.0,1,0.13222301957852095,45
3046,1,6114,2321,3793,0,0,0,1.0,1,1.0,1,1.0,1,0.13630408999992774,46
3047,2,6116,2321,3795,0,0,0,1.0,1,1.0,1,1.0,1,0.10810818503066785,46
3048,1,6117,2321,3796,0,0,0,1.0,1,1.0,1,1.0,1,0.11670085980487337,49
3049,2,6119,2322,3797,0,0,0,1.0,1,1.0,1,1.0,1,0.12050226583837513,50
3050,0,6119,2322,3797,0,0,0,1.0,1,1.0,1,1.0,1,0.12050226583837513,50
3051,3,6122,2323,3799,0,0,0,1.0,1,1.0,1,1.0,1,0.12785105667113236,50
3052,1,6123,2324,3799,0,0,0,1.0,1,1.0,1,1.0,1,0.15532713534376516,50
3053,3,6126,2325,3801,0,0,0,1.0,1,1.0,1,1.0,1,0.11777431289282903,49
3054,0,6126,2325,3801,0,0,0,1.0,1,1.0,1,1.0,1,0.14651684151469985,47
3055,0,6126,2325,3801,0,0,0,1.0,1,1.0,1,1.0,1,0.15922798144594488,48
3056,2,6128,2327,3801,0,0,0,1.0,1,1.0,1,1.0,1,0.1776995000052423,47
3057,7,6135,2330,3805,0,0,0,1.0,1,1.0,1,1.0,1,0.19607616849469256,48
3058,4,6139,2331,3808,0,0,0,1.0,1,1.0,1,1.0,1,0.18398006097504058,46
3059,1,6140,2332,3808,0,0,0,1.0,1,1.0,1,1.0,1,0.21495699221968237,44
3060,2,6142,2332,3810,0,0,0,1.0,1,1.0,1,1.0,1,0.18218017236890727,44
3061,5,6147,2334,3813,0,0,0,1.0,1,1.0,1,1.0,1,0.18352749410112662,42
3062,6,6153,2337,3816,0,0,0,1.0,1,1.0,1,1.0,1,0.15131209058124542,42
3063,3,6156,2339,3817,0,0,0,1.0,1,1.0,1,1.0,1,0.10718767082553939,41
3064,4,6160,2341,3819,0,0,0,1.0,1,1.0,1,1.0,1,0.1709685523717836,42
3065,3,6163,2342,3821,0,0,0,1.0,1,1.0,1,1.0,1,0.0952762127924866,40
3066,3,6166,2343,3823,0,0,0,1.0,1,1.0,1,1.0,1,0.07828262523602428,42
3067,1,6167,2344,3823,0,0,0,1.0,1,1.0,1,1.0,1,0.10593469664989517,40
3068,1,6168,2345,3823,0,0,0,1.0,1,1.0,1,1.0,1,0.07626202021298253,39
3069,3,6171,2346,3825,0,0,0,1.0,1,1.0,1,1.0,1,0.07917271562488885,38
3070,2,6173,2347,3826,0,0,0,1.0,1,1.0,1,1.0,1,0.10461410459078405,39
3071,0,6173,2347,3826,0,0,0,1.0,1,1.0,1,1.0,1,0.10797568563147288,39
3072,5,6178,2349,3829,0,0,0,1.0,1,1.0,1,1.0,1,0.14528197841140883,40
3073,4,6182,2350,3832,0,0,0,1.0,1,1.0,1,1.0,1,0.14528677430292516,38
3074,1,6183,2350,3833,0,0,0,1.0,1,1.0,1,1.0,1,0.12570527602933032,38
3075,1,6184,2350,3834,0,0,0,1.0,1,1.0,1,1.0,1,0.0939140211834306,41
3076,0,6184,2350,3834,0,0,0,1.0,1,1.0,1,1.0,1,0.09909158468510322,42
3077,3,6187,2352,3835,0,0,0,1.0,1,1.0,1,1.0,1,0.13063459988518436,42
3078,0,6187,2352,3835,0,0,0,1.0,1,1.0,1,1.0,1,0.13063459988518436,42
3079,0,6187,2352,3835,0,0,0,1.0,1,1.0,1,1.0,1,0.13063459988518436,42
3080,3,6190,2352,3838,0,0,0,1.0,1,1.0,1,1.0,1,0.10540756726626208,43
3081,2,6192,2353,3839,0,0,0,1.0,1,1.0,1,1.0,1,0.11194435280125295,44
3082,0,6192,2353,3839,0,0,0,1.0,1,1.0,1,1.0,1,0.12325985842047738,45
3083,5,6197,2354,3843,0,0,0,1.0,1,1.0,1,1.0,1,0.1363458974655333,45
3084,2,6199,2354,3845,0,0,0,1.0,1,1.0,1,1.0,1,0.1363458974655333,45
3085,1,6200,2354,3846,0,0,0,1.0,1,1.0,1,1.0,1,0.16204716723334256,46
3086,0,6200,2354,3846,0,0,0,1.0,1,1.0,1,1.0,1,0.16204716723334256,46
3087,1,6201,2354,3847,0,0,0,1.0,1,1.0,1,1.0,1,0.1278778304201879,47
3088,4,6205,2356,3849,0,0,0,1.0,1,1.0,1,1.0,1,0.1686175903425856,48
3089,1,6206,2356,3850,0,0,0,1.0,1,1.0,1,1.0,1,0.14467709776705961,46
3090,2,6208,2357,3851,0,0,0,1.0,1,1.0,1,1.0,1,0.1379285443680525,46
3091,1,6209,2357,3852,0,0,0,1.0,1,1.0,1,1.0,1,0.14179593149312653,46
3092,4,6213,2358,3855,0,0,0,1.0,1,1.0,1,1.0,1,0.12135655448720178,47
3093,0,6213,2358,3855,0,0,0,1.0,1,1.0,1,1.0,1,0.11812107239518929,47
3094,3,6216,2358,3858,0,0,0,1.0,1,1.0,1,1.0,1,0.09615245182249267,45
3095,2,6218,2359,3859,0,0,0,1.0,1,1.0,1,1.0,1,0.0866296548329677,46
3096,0,6218,2359,3859,0,0,0,1.0,1,1.0,1,1.0,1,0.08296271885616845,46
3097,4,6222,2362,3860,0,0,0,1.0,1,1.0,1,1.0,1,0.1166334120018324,47
3098,3,6225,2363,3862,0,0,0,1.0,1,1.0,1,1.0,1,0.07755287147770913,47
3099,0,6225,2363,3862,0,0,0,1.0,1,1.0,1,1.0,1,0.07755287147770913,47
3100,0,6225,2363,3862,0,0,0,1.0,1,1.0,1,1.0,1,0.07755287147770913,47
3101,0,6225,2363,3862,0,0,0,1.0,1,1.0,1,1.0,1,0.07796105657386236,48
3102,0,6225,2363,3862,0,0,0,1.0,1,1.0,1,1.0,1,0.07796105657386236,48
3103,1,6226,2363,3863,0,0,0,1.0,1,1.0,1,1.0,1,0.07023179757787414,49
3104,2,6228,2365,3863,0,0,0,1.0,1,1.0,1,1.0,1,0.05851881725383599,48
3105,2,6230,2366,3864,0,0,0,1.0,1,1.0,1,1.0,1,0.10421635313302666,45
3106,3,6233,2369,3864,0,0,0,1.0,1,1.0,1,1.0,1,0.17906327094380692,46
3107,2,6235,2369,3866,0,0,0,1.0,1,1.0,1,1.0,1,0.10699875220171509,44
3108,0,6235,2369,3866,0,0,0,1.0,1,1.0,1,1.0,1,0.1122399467989677,45
3109,0,6235,2369,3866,0,0,0,1.0,1,1.0,1,1.0,1,0.10594184773460162,44
3110,3,6238,2371,3867,0,0,0,1.0,1,1.0,1,1.0,1,0.1520426465564309,46
3111,3,6241,2372,3869,0,0,0,1.0,1,1.0,1,1.0,1,0.12053066100752514,46
3112,0,6241,2372,3869,0,0,0,1.0,1,1.0,1,1.0,1,0.13521270206180266,47
3113,1,6242,2373,3869,0,0,0,1.0,1,1.0,1,1.0,1,0.12928501977918147,48
3114,0,6242,2373,3869,0,0,0,1.0,1,1.0,1,1.0,1,0.1429003539085674,48
3115,2,6244,2373,3871,0,0,0,1.0,1,1.0,1,1.0,1,0.13308279444837273,49
3116,0,6244,2373,3871,0,0,0,1.0,1,1.0,1,1.0,1,0.15904059528590717,48
3117,3,6247,2373,3874,0,0,0,1.0,1,1.0,1,1.0,1,0.1338780523127473,49
3118,0,6247,2373,3874,0,0,0,1.0,1,1.0,1,1.0,1,0.1760032510482943,50
3119,1,6248,2373,3875,0,0,0,1.0,1,1.0,1,1.0,1,0.15564595959022456,50
3120,2,6250,2373,3877,0,0,0,1.0,1,1.0,1,1.0,1,0.1321616582440177,50
3121,1,6251,2373,3878,0,0,0,1.0,1,1.0,1,1.0,1,0.11638528901589676,50
3122,0,6251,2373,3878,0,0,0,1.0,1,1.0,1,1.0,1,0.11638528901589676,50
3123,2,6253,2375,3878,0,0,0,1.0,1,1.0,1,1.0,1,0.11598559071997773,51
3124,1,6254,2376,3878,0,0,0,1.0,1,1.0,1,1.0,1,0.14043806525744743,51
3125,3,6257,2377,3880,0,0,0,1.0,1,1.0,1,1.0,1,0.1352836506013394,51
3126,5,6262,2378,3884,0,0,0,1.0,1,1.0,1,1.0,1,0.10281256751908516,54
3127,2,6264,2380,3884,0,0,0,1.0,1,1.0,1,1.0,1,0.13587859267941158,53
3128,2,6266,2381,3885,0,0,0,1.0,1,1.0,1,1.0,1,0.12321245879402756,52
3129,3,6269,2383,3886,0,0,0,1.0,1,1.0,1,1.0,1,0.0994672966508703,51
3130,1,6270,2384,3886,0,0,0,1.0,1,1.0,1,1.0,1,0.12350195197991413,50
3131,3,6273,2386,3887,0,0,0,1.0,1,1.0,1,1.0,1,0.11327066267814392,50
3132,2,6275,2388,3887,0,0,0,1.0,1,1.0,1,1.0,1,0.14412831024782344,49
3133,1,6276,2388,3888,0,0,0,1.0,1,1.0,1,1.0,1,0.13267699144509865,49
3134,2,6278,2389,3889,0,0,0,1.0,1,1.0,1,1.0,1,0.14525466239354773,46
3135,0,6278,2389,3889,0,0,0,1.0,1,1.0,1,1.0,1,0.1340942864774723,47
3136,1,6279,2389,3890,0,0,0,1.0,1,1.0,1,1.0,1,0.11507696198397363,46
3137,1,6280,2389,3891,0,0,0,1.0,1,1.0,1,1.0,1,0.10560480714253241,49
3138,0,6280,2389,3891,0,0,0,1.0,1,1.0,1,1.0,1,0.10560480714253241,49
3139,2,6282,2390,3892,0,0,0,1.0,1,1.0,1,1.0,1,0.11020195363524747,50
3140,5,6287,2391,3896,0,0,0,1.0,1,1.0,1,1.0,1,0.13674580620545806,51
3141,2,6289,2391,3898,0,0,0,1.0,1,1.0,1,1.0,1,0.10493198128108852,50
3142,1,6290,2392,3898,0,0,0,1.0,1,1.0,1,1.0,1,0.11933907631539405,50
3143,1,6291,2393,3898,0,0,0,1.0,1,1.0,1,1.0,1,0.15691290718114714,49
3144,2,6293,2394,3899,0,0,0,1.0,1,1.0,1,1.0,1,0.16207028796855052,49
3145,4,6297,2395,3902,0,0,0,1.0,1,1.0,1,1.0,1,0.14317614110309773,48
3146,1,6298,2396,3902,0,0,0,1.0,1,1.0,1,1.0,1,0.17644193151298226,49
3147,4,6302,2396,3906,0,0,0,1.0,1,1.0,1,1.0,1,0.12175424685089253,48
3148,2,6304,2397,3907,0,0,0,1.0,1,1.0,1,1.0,1,0.09756875576033197,48
3149,2,6306,2399,3907,0,0,0,1.0,1,1.0,1,1.0,1,0.09619147428519806,47
3150,0,6306,2399,3907,0,0,0,1.0,1,1.0,1,1.0,1,0.09619147428519806,47
3151,1,6307,2400,3907,0,0,0,1.0,1,1.0,1,1.0,1,0.1258097533052257,48
3152,0,6307,2400,3907,0,0,0,1.0,1,1.0,1,1.0,1,0.1327005022720224,47
3153,1,6308,2400,3908,0,0,0,1.0,1,1.0,1,1.0,1,0.10429590796450476,47
3154,3,6311,2401,3910,0,0,0,1.0,1,1.0,1,1.0,1,0.13382711520266033,48
3155,2,6313,2401,3912,0,0,0,1.0,1,1.0,1,1.0,1,0.1142746716438032,48
3156,1,6314,2402,3912,0,0,0,1.0,1,1.0,1,1.0,1,0.11004549643902702,48
3157,4,6318,2402,3916,0,0,0,1.0,1,1.0,1,1.0,1,0.10955195020247954,48
3158,1,6319,2403,3916,0,0,0,1.0,1,1.0,1,1.0,1,0.11652306212500363,48
3159,1,6320,2403,3917,0,0,0,1.0,1,1.0,1,1.0,1,0.10427473915490297,49
3160,1,6321,2403,3918,0,0,0,1.0,1,1.0,1,1.0,1,0.1259335561337822,51
3161,3,6324,2403,3921,0,0,0,1.0,1,1.0,1,1.0,1,0.09020149572564135,52
3162,2,6326,2404,3922,0,0,0,1.0,1,1.0,1,1.0,1,0.0950431689494273,51
3163,1,6327,2405,3922,0,0,0,1.0,1,1.0,1,1.0,1,0.1026691177495823,51
3164,2,6329,2405,3924,0,0,0,1.0,1,1.0,1,1.0,1,0.08867733313667514,52
3165,3,6332,2406,3926,0,0,0,1.0,1,1.0,1,1.0,1,0.0784894459275504,50
3166,4,6336,2408,3928,0,0,0,1.0,1,1.0,1,1.0,1,0.0698089838342875,50
3167,1,6337,2409,3928,0,0,0,1.0,1,1.0,1,1.0,1,0.08862738280202369,49
3168,1,6338,2410,3928,0,0,0,1.0,1,1.0,1,1.0,1,0.11254886817827366,47
3169,3,6341,2410,3931,0,0,0,1.0,1,1.0,1,1.0,1,0.07675812496947126,48
3170,1,6342,2411,3931,0,0,0,1.0,1,1.0,1,1.0,1,0.11774423016316858,47
3171,1,6343,2412,3931,0,0,0,1.0,1,1.0,1,1.0,1,0.1767366552600612,47
3172,0,6343,2412,3931,0,0,0,1.0,1,1.0,1,1.0,1,0.19970746188398744,46
3173,2,6345,2412,3933,0,0,0,1.0,1,1.0,1,1.0,1,0.16650263923673797,45
3174,4,6349,2413,3936,0,0,0,1.0,1,1.0,1,1.0,1,0.1644968567341107,43
3175,2,6351,2413,3938,0,0,0,1.0,1,1.0,1,1.0,1,0.13575172269398214,43
3176,1,6352,2413,3939,0,0,0,1.0,1,1.0,1,1.0,1,0.13027773874249493,44
3177,4,6356,2415,3941,0,0,0,1.0,1,1.0,1,1.0,1,0.11461845200252449,44
3178,4,6360,2416,3944,0,0,0,1.0,1,1.0,1,1.0,1,0.0934826056117802,47
3179,1,6361,2417,3944,0,0,0,1.0,1,1.0,1,1.0,1,0.09369167708449198,48
3180,1,6362,2418,3944,0,0,0,1.0,1,1.0,1,1.0,1,0.0913783317864728,48
3181,0,6362,2418,3944,0,0,0,1.0,1,1.0,1,1.0,1,0.0913783317864728,48
3182,0,6362,2418,3944,0,0,0,1.0,1,1.0,1,1.0,1,0.11047915702442901,51
3183,0,6362,2418,3944,0,0,0,1.0,1,1.0,1,1.0,1,0.1119354828366501,50
3184,3,6365,2420,3945,0,0,0,1.0,1,1.0,1,1.0,1,0.14936805150285073,50
3185,4,6369,2420,3949,0,0,0,1.0,1,1.0,1,1.0,1,0.10633519096867664,48
3186,2,6371,2422,3949,0,0,0,1.0,1,1.0,1,1.0,1,0.12710302281030864,48
3187,2,6373,2422,3951,0,0,0,1.0,1,1.0,1,1.0,1,0.11262439189840558,48
3188,2,6375,2423,3952,0,0,0,1.0,1,1.0,1,1.0,1,0.14484143158722454,48
3189,3,6378,2423,3955,0,0,0,1.0,1,1.0,1,1.0,1,0.10819716796212496,49
3190,2,6380,2423,3957,0,0,0,1.0,1,1.0,1,1.0,1,0.11583265467419031,51
3191,1,6381,2423,3958,0,0,0,1.0,1,1.0,1,1.0,1,0.09978271314291465,52
3192,1,6382,2424,3958,0,0,0,1.0,1,1.0,1,1.0,1,0.10628914147676959,52
3193,1,6383,2424,3959,0,0,0,1.0,1,1.0,1,1.0,1,0.09917257397424466,52
3194,2,6385,2425,3960,0,0,0,1.0,1,1.0,1,1.0,1,0.10028903300576955,54
3195,0,6385,2425,3960,0,0,0,1.0,1,1.0,1,1.0,1,0.10028903300576955,54
3196,1,6386,2426,3960,0,0,0,1.0,1,1.0,1,1.0,1,0.12221734535622217,54
3197,2,6388,2426,3962,0,0,0,1.0,1,1.0,1,1.0,1,0.11792947871198758,54
3198,1,6389,2426,3963,0,0,0,1.0,1,1.0,1,1.0,1,0.09546925392623118,54
3199,2,6391,2427,3964,0,0,0,1.0,1,1.0,1,1.0,1,0.04952827218451812,56
3200,2,6393,2429,3964,0,0,0,1.0,1,1.0,1,1.0,1,0.11530218915429258,56
3201,1,6394,2430,3964,0,0,0,1.0,1,1.0,1,1.0,1,0.12524253238544922,56
3202,3,6397,2431,3966,0,0,0,1.0,1,1.0,1,1.0,1,0.1390901063996878,57
3203,1,6398,2431,3967,0,0,0,1.0,1,1.0,1,1.0,1,0.125536609188535,56
3204,4,6402,2434,3968,0,0,0,1.0,1,1.0,1,1.0,1,0.15162554189574134,55
3205,1,6403,2434,3969,0,0,0,1.0,1,1.0,1,1.0,1,0.13935253861788605,54
3206,2,6405,2435,3970,0,0,0,1.0,1,1.0,1,1.0,1,0.1412036157952432,56
3207,1,6406,2436,3970,0,0,0,1.0,1,1.0,1,1.0,1,0.1642623418587861,54
3208,1,6407,2437,3970,0,0,0,1.0,1,1.0,1,1.0,1,0.17898138680438225,53
3209,1,6408,2437,3971,0,0,0,1.0,1,1.0,1,1.0,1,0.1576394988684232,54
3210,0,6408,2437,3971,0,0,0,1.0,1,1.0,1,1.0,1,0.1820152675983383,53
3211,1,6409,2438,3971,0,0,0,1.0,1,1.0,1,1.0,1,0.21032190007316684,53
3212,0,6409,2438,3971,0,0,0,1.0,1,1.0,1,1.0,1,0.21053071759850744,54
3213,1,6410,2438,3972,0,0,0,1.0,1,1.0,1,1.0,1,0.1994757242278223,54
3214,0,6410,2438,3972,0,0,0,1.0,1,1.0,1,1.0,1,0.21194338878596267,55
3215,2,6412,2439,3973,0,0,0,1.0,1,1.0,1,1.0,1,0.2048960898800788,55
3216,1,6413,2439,3974,0,0,0,1.0,1,1.0,1,1.0,1,0.19031635014580736,55
3217,6,6419,2441,3978,0,0,0,1.0,1,1.0,1,1.0,1,0.19168855241628743,54
3218,0,6419,2441,3978,0,0,0,1.0,1,1.0,1,1.0,1,0.19168855241628743,54
3219,2,6421,2443,3978,0,0,0,1.0,1,1.0,1,1.0,1,0.22843683378695953,55
3220,0,6421,2443,3978,0,0,0,1.0,1,1.0,1,1.0,1,0.20326157401037298,56
3221,6,6427,2445,3982,0,0,0,1.0,1,1.0,1,1.0,1,0.19856451569611053,57
3222,6,6433,2447,3986,0,0,0,1.0,1,1.0,1,1.0,1,0.19982422366460023,57
3223,1,6434,2447,3987,0,0,0,1.0,1,1.0,1,1.0,1,0.18464149953111159,56
3224,4,6438,2449,3989,0,0,0,1.0,1,1.0,1,1.0,1,0.1665403292151761,58
3225,3,6441,2449,3992,0,0,0,1.0,1,1.0,1,1.0,1,0.12841475333045718,55
3226,1,6442,2450,3992,0,0,0,1.0,1,1.0,1,1.0,1,0.14065344230814292,54
3227,0,6442,2450,3992,0,0,0,1.0,1,1.0,1,1.0,1,0.10852069537507752,53
3228,3,6445,2452,3993,0,0,0,1.0,1,1.0,1,1.0,1,0.13664200288723355,52
3229,7,6452,2455,3997,0,0,0,1.0,1,1.0,1,1.0,1,0.11202674230260294,52
3230,1,6453,2456,3997,0,0,0,1.0,1,1.0,1,1.0,1,0.11084986453819028,50
3231,2,6455,2458,3997,0,0,0,1.0,1,1.0,1,1.0,1,0.1294331945886605,50
3232,3,6458,2460,3998,0,0,0,1.0,1,1.0,1,1.0,1,0.15536198198686677,50
3233,4,6462,2463,3999,0,0,0,1.0,1,1.0,1,1.0,1,0.19034469901391804,50
3234,4,6466,2465,4001,0,0,0,1.0,1,1.0,1,1.0,1,0.17875543082140036,49
3235,0,6466,2465,4001,0,0,0,1.0,1,1.0,1,1.0,1,0.17363380205029,49
3236,1,6467,2466,4001,0,0,0,1.0,1,1.0,1,1.0,1,0.2016759556971044,51
3237,6,6473,2468,4005,0,0,0,1.0,1,1.0,1,1.0,1,0.2180284466036971,53
3238,1,6474,2468,4006,0,0,0,1.0,1,1.0,1,1.0,1,0.20507397895672674,53
3239,1,6475,2468,4007,0,0,0,1.0,1,1.0,1,1.0,1,0.20089663105647917,53
3240,0,6475,2468,4007,0,0,0,1.0,1,1.0,1,1.0,1,0.20425023782508972,53
3241,2,6477,2468,4009,0,0,0,1.0,1,1.0,1,1.0,1,0.19588262494498845,53
3242,1,6478,2468,4010,0,0,0,1.0,1,1.0,1,1.0,1,0.19256590645289315,53
3243,2,6480,2468,4012,0,0,0,1.0,1,1.0,1,1.0,1,0.16235168807001624,56
3244,2,6482,2468,4014,0,0,0,1.0,1,1.0,1,1.0,1,0.16983947846463365,57
3245,2,6484,2468,4016,0,0,0,1.0,1,1.0,1,1.0,1,0.15476468815010339,59
3246,0,6484,2468,4016,0,0,0,1.0,1,1.0,1,1.0,1,0.15476468815010339,59
3247,0,6484,2468,4016,0,0,0,1.0,1,1.0,1,1.0,1,0.15476468815010339,59
3248,0,6484,2468,4016,0,0,0,1.0,1,1.0,1,1.0,1,0.15476468815010339,59
3249,3,6487,2468,4019,0,0,0,1.0,1,1.0,1,1.0,1,0.1476146270158974,58
3250,0,6487,2468,4019,0,0,0,1.0,1,1.0,1,1.0,1,0.1476146270158974,58
3251,2,6489,2470,4019,0,0,0,1.0,1,1.0,1,1.0,1,0.1884619103281345,57
3252,2,6491,2471,4020,0,0,0,1.0,1,1.0,1,1.0,1,0.18302010313827646,57
3253,3,6494,2471,4023,0,0,0,1.0,1,1.0,1,1.0,1,0.16944421121027092,56
3254,1,6495,2472,4023,0,0,0,1.0,1,1.0,1,1.0,1,0.17089972187099153,57
3255,1,6496,2472,4024,0,0,0,1.0,1,1.0,1,1.0,1,0.1643994331133992,57
3256,0,6496,2472,4024,0,0,0,1.0,1,1.0,1,1.0,1,0.1643994331133992,57
3257,4,6500,2472,4028,0,0,0,1.0,1,1.0,1,1.0,1,0.1262790576451023,57
3258,3,6503,2472,4031,0,0,0,1.0,1,1.0,1,1.0,1,0.11290049120461333,58
3259,7,6510,2474,4036,0,0,0,1.0,1,1.0,1,1.0,1,0.17450169239131647,59
3260,6,6516,2475,4041,0,0,0,1.0,1,1.0,1,1.0,1,0.12022305978771147,60
3261,4,6520,2477,4043,0,0,0,1.0,1,1.0,1,1.0,1,0.13217697136226123,60
3262,4,6524,2478,4046,0,0,0,1.0,1,1.0,1,1.0,1,0.12710605975883757,61
3263,3,6527,2481,4046,0,0,0,1.0,1,1.0,1,1.0,1,0.11579295535271072,62
3264,3,6530,2483,4047,0,0,0,1.0,1,1.0,1,1.0,1,0.11714869039009354,60
3265,1,6531,2484,4047,0,0,0,1.0,1,1.0,1,1.0,1,0.10205680178198107,58
3266,4,6535,2486,4049,0,0,0,1.0,1,1.0,1,1.0,1,0.12457682287123364,59
3267,5,6540,2489,4051,0,0,0,1.0,1,1.0,1,1.0,1,0.1441749084970687,60
3268,5,6545,2493,4052,0,0,0,1.0,1,1.0,1,1.0,1,0.13238135858490463,58
3269,4,6549,2493,4056,0,0,0,1.0,1,1.0,1,1.0,1,0.059937101831596645,57
3270,1,6550,2494,4056,0,0,0,1.0,1,1.0,1,1.0,1,0.06554795781291185,56
3271,1,6551,2495,4056,0,0,0,1.0,1,1.0,1,1.0,1,0.05208160196442866,55
3272,0,6551,2495,4056,0,0,0,1.0,1,1.0,1,1.0,1,0.0518747555247435,55
3273,3,6554,2497,4057,0,0,0,1.0,1,1.0,1,1.0,1,0.09712514564782185,55
3274,0,6554,2497,4057,0,0,0,1.0,1,1.0,1,1.0,1,0.09280008467824193,55
3275,1,6555,2498,4057,0,0,0,1.0,1,1.0,1,1.0,1,0.10025378265052201,55
3276,0,6555,2498,4057,0,0,0,1.0,1,1.0,1,1.0,1,0.11568319671641882,55
3277,4,6559,2500,4059,0,0,0,1.0,1,1.0,1,1.0,1,0.08791885524364985,57
3278,2,6561,2500,4061,0,0,0,1.0,1,1.0,1,1.0,1,0.06653580159633193,56
3279,1,6562,2501,4061,0,0,0,1.0,1,1.0,1,1.0,1,0.08344259305631849,54
3280,2,6564,2502,4062,0,0,0,1.0,1,1.0,1,1.0,1,0.09968311453808355,53
3281,4,6568,2503,4065,0,0,0,1.0,1,1.0,1,1.0,1,0.06399831788236233,52
3282,1,6569,2503,4066,0,0,0,1.0,1,1.0,1,1.0,1,0.08664619196395018,50
3283,1,6570,2504,4066,0,0,0,1.0,1,1.0,1,1.0,1,0.07606576819380872,50
3284,3,6573,2507,4066,0,0,0,1.0,1,1.0,1,1.0,1,0.18642117733665342,47
3285,3,6576,2507,4069,0,0,0,1.0,1,1.0,1,1.0,1,0.1213078312284914,48
3286,5,6581,2509,4072,0,0,0,1.0,1,1.0,1,1.0,1,0.12240322665199489,46
3287,8,6589,2511,4078,0,0,0,1.0,1,1.0,1,1.0,1,0.17185203743536848,46
3288,9,6598,2514,4084,0,0,0,1.0,1,1.0,1,1.0,1,0.21360977985097074,46
3289,7,6605,2515,4090,0,0,0,1.0,1,1.0,1,1.0,1,0.12653475161223898,48
3290,2,6607,2515,4092,0,0,0,1.0,1,1.0,1,1.0,1,0.13541065500510896,48
3291,3,6610,2516,4094,0,0,0,1.0,1,1.0,1,1.0,1,0.09681170089657203,50
3292,2,6612,2517,4095,0,0,0,1.0,1,1.0,1,1.0,1,0.1039561915938124,50
3293,5,6617,2518,4099,0,0,0,1.0,1,1.0,1,1.0,1,0.0741185898437357,51
3294,2,6619,2518,4101,0,0,0,1.0,1,1.0,1,1.0,1,0.06973941384295229,50
3295,1,6620,2519,4101,0,0,0,1.0,1,1.0,1,1.0,1,0.09002987647817043,50
3296,1,6621,2519,4102,0,0,0,1.0,1,1.0,1,1.0,1,0.10350924734284249,50
3297,1,6622,2519,4103,0,0,0,1.0,1,1.0,1,1.0,1,0.10242663013697284,51
3298,2,6624,2521,4103,0,0,0,1.0,1,1.0,1,1.0,1,0.11877451631904754,52
3299,1,6625,2522,4103,0,0,0,1.0,1,1.0,1,1.0,1,0.10650773119932032,53
3300,1,6626,2522,4104,0,0,0,1.0,1,1.0,1,1.0,1,0.10482119520682123,53
3301,5,6631,2524,4107,0,0,0,1.0,1,1.0,1,1.0,1,0.08110852264133377,53
3302,6,6637,2528,4109,0,0,0,1.0,1,1.0,1,1.0,1,0.08429709763481986,53
3303,1,6638,2529,4109,0,0,0,1.0,1,1.0,1,1.0,1,0.09282154712416665,52
3304,4,6642,2531,4111,0,0,0,1.0,1,1.0,1,1.0,1,0.10186806479128821,52
3305,1,6643,2532,4111,0,0,0,1.0,1,1.0,1,1.0,1,0.12955160355623851,51
3306,3,6646,2533,4113,0,0,0,1.0,1,1.0,1,1.0,1,0.11611627215058717,51
3307,0,6646,2533,4113,0,0,0,1.0,1,1.0,1,1.0,1,0.1072924526323627,48
3308,2,6648,2535,4113,0,0,0,1.0,1,1.0,1,1.0,1,0.12751553535304128,48
3309,4,6652,2536,4116,0,0,0,1.0,1,1.0,1,1.0,1,0.07892111145160209,48
3310,1,6653,2536,4117,0,0,0,1.0,1,1.0,1,1.0,1,0.11325555544241986,47
3311,3,6656,2538,4118,0,0,0,1.0,1,1.0,1,1.0,1,0.14303772815054647,49
3312,1,6657,2538,4119,0,0,0,1.0,1,1.0,1,1.0,1,0.14645431920186283,48
3313,4,6661,2541,4120,0,0,0,1.0,1,1.0,1,1.0,1,0.19074899321556277,49
3314,2,6663,2542,4121,0,0,0,1.0,1,1.0,1,1.0,1,0.20429442635668305,47
3315,1,6664,2543,4121,0,0,0,1.0,1,1.0,1,1.0,1,0.23564304779855622,47
3316,0,6664,2543,4121,0,0,0,1.0,1,1.0,1,1.0,1,0.23564304779855622,47
3317,6,6670,2544,4126,0,0,0,1.0,1,1.0,1,1.0,1,0.1258454254372113,46
3318,2,6672,2545,4127,0,0,0,1.0,1,1.0,1,1.0,1,0.12467636476377951,45
3319,3,6675,2546,4129,0,0,0,1.0,1,1.0,1,1.0,1,0.12114140795130796,44
3320,2,6677,2547,4130,0,0,0,1.0,1,1.0,1,1.0,1,0.16732810616656427,43
3321,4,6681,2548,4133,0,0,0,1.0,1,1.0,1,1.0,1,0.1358762578363675,43
3322,0,6681,2548,4133,0,0,0,1.0,1,1.0,1,1.0,1,0.14179460801829752,40
3323,2,6683,2550,4133,0,0,0,1.0,1,1.0,1,1.0,1,0.15856568855487252,40
3324,3,6686,2552,4134,0,0,0,1.0,1,1.0,1,1.0,1,0.13502740176249023,40
3325,5,6691,2555,4136,0,0,0,1.0,1,1.0,1,1.0,1,0.15251254996157537,40
3326,1,6692,2556,4136,0,0,0,1.0,1,1.0,1,1.0,1,0.147844696101618,41
3327,0,6692,2556,4136,0,0,0,1.0,1,1.0,1,1.0,1,0.18351747408007463,39
3328,4,6696,2559,4137,0,0,0,1.0,1,1.0,1,1.0,1,0.22075166072223007,41
3329,3,6699,2560,4139,0,0,0,1.0,1,1.0,1,1.0,1,0.161775178291595,39
3330,2,6701,2561,4140,0,0,0,1.0,1,1.0,1,1.0,1,0.18432872654145732,40
3331,0,6701,2561,4140,0,0,0,1.0,1,1.0,1,1.0,1,0.17673857149841893,38
3332,0,6701,2561,4140,0,0,0,1.0,1,1.0,1,1.0,1,0.1986636196076038,38
3333,0,6701,2561,4140,0,0,0,1.0,1,1.0,1,1.0,1,0.1986636196076038,38
3334,2,6703,2561,4142,0,0,0,1.0,1,1.0,1,1.0,1,0.17484965772542355,40
3335,3,6706,2562,4144,0,0,0,1.0,1,1.0,1,1.0,1,0.13664984328550658,40
3336,0,6706,2562,4144,0,0,0,1.0,1,1.0,1,1.0,1,0.13991162786013853,39
3337,2,6708,2563,4145,0,0,0,1.0,1,1.0,1,1.0,1,0.09373021567439582,40
3338,1,6709,2564,4145,0,0,0,1.0,1,1.0,1,1.0,1,0.1037666070695398,41
3339,2,6711,2565,4146,0,0,0,1.0,1,1.0,1,1.0,1,0.14504151413909985,42
3340,2,6713,2567,4146,0,0,0,1.0,1,1.0,1,1.0,1,0.16812961973671633,43
3341,2,6715,2567,4148,0,0,0,1.0,1,1.0,1,1.0,1,0.13031724142865347,43
3342,3,6718,2568,4150,0,0,0,1.0,1,1.0,1,1.0,1,0.1734160206460247,44
3343,1,6719,2569,4150,0,0,0,1.0,1,1.0,1,1.0,1,0.1760973202332404,44
3344,4,6723,2571,4152,0,0,0,1.0,1,1.0,1,1.0,1,0.2092889817615009,44
3345,0,6723,2571,4152,0,0,0,1.0,1,1.0,1,1.0,1,0.2232785785209225,43
3346,0,6723,2571,4152,0,0,0,1.0,1,1.0,1,1.0,1,0.2483561549970845,42
3347,3,6726,2571,4155,0,0,0,1.0,1,1.0,1,1.0,1,0.19662043267966844,44
3348,1,6727,2571,4156,0,0,0,1.0,1,1.0,1,1.0,1,0.1944432257089457,45
3349,0,6727,2571,4156,0,0,0,1.0,1,1.0,1,1.0,1,0.1944432257089457,45
3350,1,6728,2571,4157,0,0,0,1.0,1,1.0,1,1.0,1,0.1684452367903116,46
3351,4,6732,2573,4159,0,0,0,1.0,1,1.0,1,1.0,1,0.17690330501969662,47
3352,1,6733,2573,4160,0,0,0,1.0,1,1.0,1,1.0,1,0.162646571835324,47
3353,2,6735,2573,4162,0,0,0,1.0,1,1.0,1,1.0,1,0.1298132643559806,48
3354,3,6738,2574,4164,0,0,0,1.0,1,1.0,1,1.0,1,0.13810417653277787,48
3355,2,6740,2574,4166,0,0,0,1.0,1,1.0,1,1.0,1,0.13137979467290392,48
3356,1,6741,2574,4167,0,0,0,1.0,1,1.0,1,1.0,1,0.1104422563118842,48
3357,1,6742,2575,4167,0,0,0,1.0,1,1.0,1,1.0,1,0.11314900953932361,47
3358,1,6743,2576,4167,0,0,0,1.0,1,1.0,1,1.0,1,0.16886265872938955,46
3359,4,6747,2578,4169,0,0,0,1.0,1,1.0,1,1.0,1,0.18308157707805742,45
3360,3,6750,2579,4171,0,0,0,1.0,1,1.0,1,1.0,1,0.17105068947275148,44
3361,2,6752,2579,4173,0,0,0,1.0,1,1.0,1,1.0,1,0.12530238414111708,43
3362,1,6753,2579,4174,0,0,0,1.0,1,1.0,1,1.0,1,0.13377900105860804,42
3363,1,6754,2580,4174,0,0,0,1.0,1,1.0,1,1.0,1,0.16173346964735755,41
3364,1,6755,2580,4175,0,0,0,1.0,1,1.0,1,1.0,1,0.14970109492931183,41
3365,4,6759,2581,4178,0,0,0,1.0,1,1.0,1,1.0,1,0.08552948890293892,41
3366,1,6760,2582,4178,0,0,0,1.0,1,1.0,1,1.0,1,0.10079519839439494,40
3367,1,6761,2583,4178,0,0,0,1.0,1,1.0,1,1.0,1,0.1218143749858435,39
3368,0,6761,2583,4178,0,0,0,1.0,1,1.0,1,1.0,1,0.1218143749858435,39
3369,3,6764,2583,4181,0,0,0,1.0,1,1.0,1,1.0,1,0.05655203405895227,40
3370,2,6766,2585,4181,0,0,0,1.0,1,1.0,1,1.0,1,0.12890621936643676,41
3371,2,6768,2586,4182,0,0,0,1.0,1,1.0,1,1.0,1,0.09545296957929296,41
3372,3,6771,2588,4183,0,0,0,1.0,1,1.0,1,1.0,1,0.14001406615829376,40
3373,3,6774,2588,4186,0,0,0,1.0,1,1.0,1,1.0,1,0.12824236538424297,41
3374,0,6774,2588,4186,0,0,0,1.0,1,1.0,1,1.0,1,0.1145588065974213,42
3375,3,6777,2588,4189,0,0,0,1.0,1,1.0,1,1.0,1,0.10099001934678584,44
3376,1,6778,2588,4190,0,0,0,1.0,1,1.0,1,1.0,1,0.11536231256015853,46
3377,3,6781,2588,4193,0,0,0,1.0,1,1.0,1,1.0,1,0.08041200350702585,47
3378,2,6783,2590,4193,0,0,0,1.0,1,1.0,1,1.0,1,0.12514531650837737,48
3379,2,6785,2590,4195,0,0,0,1.0,1,1.0,1,1.0,1,0.11067628244700385,48
3380,1,6786,2590,4196,0,0,0,1.0,1,1.0,1,1.0,1,0.10652086704024342,48
3381,1,6787,2590,4197,0,0,0,1.0,1,1.0,1,1.0,1,0.08479494188740651,48
3382,0,6787,2590,4197,0,0,0,1.0,1,1.0,1,1.0,1,0.09725189784151408,49
3383,0,6787,2590,4197,0,0,0,1.0,1,1.0,1,1.0,1,0.1010994931186949,47
3384,5,6792,2593,4199,0,0,0,1.0,1,1.0,1,1.0,1,0.12263307890310442,48
3385,3,6795,2593,4202,0,0,0,1.0,1,1.0,1,1.0,1,0.10066349138800268,47
3386,6,6801,2595,4206,0,0,0,1.0,1,1.0,1,1.0,1,0.12786724176674025,49
3387,0,6801,2595,4206,0,0,0,1.0,1,1.0,1,1.0,1,0.12339121482050008,48
3388,1,6802,2596,4206,0,0,0,1.0,1,1.0,1,1.0,1,0.16117292902328426,48
3389,5,6807,2596,4211,0,0,0,1.0,1,1.0,1,1.0,1,0.14490658897705308,50
3390,1,6808,2597,4211,0,0,0,1.0,1,1.0,1,1.0,1,0.1333446043120375,51
3391,1,6809,2597,4212,0,0,0,1.0,1,1.0,1,1.0,1,0.13111930415884718,51
3392,1,6810,2597,4213,0,0,0,1.0,1,1.0,1,1.0,1,0.0941482566760506,52
3393,4,6814,2597,4217,0,0,0,1.0,1,1.0,1,1.0,1,0.06934956181403112,52
3394,0,6814,2597,4217,0,0,0,1.0,1,1.0,1,1.0,1,0.06934956181403112,52
3395,0,6814,2597,4217,0,0,0,1.0,1,1.0,1,1.0,1,0.08065471075749868,50
3396,0,6814,2597,4217,0,0,0,1.0,1,1.0,1,1.0,1,0.09256648454273114,49
3397,3,6817,2598,4219,0,0,0,1.0,1,1.0,1,1.0,1,0.08933000661047161,49
3398,0,6817,2598,4219,0,0,0,1.0,1,1.0,1,1.0,1,0.09599692599173297,48
3399,1,6818,2599,4219,0,0,0,1.0,1,1.0,1,1.0,1,0.1282762641879922,49
3400,3,6821,2600,4221,0,0,0,1.0,1,1.0,1,1.0,1,0.129649300080476,50
3401,4,6825,2600,4225,0,0,0,1.0,1,1.0,1,1.0,1,0.0937357439984311,51
3402,2,6827,2601,4226,0,0,0,1.0,1,1.0,1,1.0,1,0.12306614296592398,51
3403,3,6830,2603,4227,0,0,0,1.0,1,1.0,1,1.0,1,0.09882206521306175,51
3404,1,6831,2604,4227,0,0,0,1.0,1,1.0,1,1.0,1,0.11487078143748017,51
3405,1,6832,2605,4227,0,0,0,1.0,1,1.0,1,1.0,1,0.14554594690986275,51
3406,1,6833,2605,4228,0,0,0,1.0,1,1.0,1,1.0,1,0.15554919487812777,51
3407,0,6833,2605,4228,0,0,0,1.0,1,1.0,1,1.0,1,0.16497292332372318,52
3408,0,6833,2605,4228,0,0,0,1.0,1,1.0,1,1.0,1,0.17782709170720976,53
3409,4,6837,2605,4232,0,0,0,1.0,1,1.0,1,1.0,1,0.14513262733977364,54
3410,1,6838,2606,4232,0,0,0,1.0,1,1.0,1,1.0,1,0.134558455100044,54
3411,1,6839,2606,4233,0,0,0,1.0,1,1.0,1,1.0,1,0.12959055082823556,54
3412,6,6845,2607,4238,0,0,0,1.0,1,1.0,1,1.0,1,0.1460817821735814,55
3413,2,6847,2607,4240,0,0,0,1.0,1,1.0,1,1.0,1,0.11833197928398509,55
3414,1,6848,2607,4241,0,0,0,1.0,1,1.0,1,1.0,1,0.1335492713346338,55
3415,8,6856,2611,4245,0,0,0,1.0,1,1.0,1,1.0,1,0.13717059087690833,56
3416,5,6861,2611,4250,0,0,0,1.0,1,1.0,1,1.0,1,0.15908629286736176,55
3417,4,6865,2611,4254,0,0,0,1.0,1,1.0,1,1.0,1,0.1338344438295632,56
3418,3,6868,2614,4254,0,0,0,1.0,1,1.0,1,1.0,1,0.17948229104896696,55
3419,3,6871,2615,4256,0,0,0,1.0,1,1.0,1,1.0,1,0.166947775645681,56
3420,3,6874,2615,4259,0,0,0,1.0,1,1.0,1,1.0,1,0.15902343026725876,55
3421,2,6876,2615,4261,0,0,0,1.0,1,1.0,1,1.0,1,0.14061060591097727,57
3422,2,6878,2617,4261,0,0,0,1.0,1,1.0,1,1.0,1,0.1427748510621571,56
3423,1,6879,2618,4261,0,0,0,1.0,1,1.0,1,1.0,1,0.13868959441253964,56
3424,1,6880,2618,4262,0,0,0,1.0,1,1.0,1,1.0,1,0.12767408490019855,56
3425,2,6882,2619,4263,0,0,0,1.0,1,1.0,1,1.0,1,0.12763750221340506,56
3426,1,6883,2619,4264,0,0,0,1.0,1,1.0,1,1.0,1,0.12117430477995024,55
3427,1,6884,2620,4264,0,0,0,1.0,1,1.0,1,1.0,1,0.151816680010806,55
3428,1,6885,2621,4264,0,0,0,1.0,1,1.0,1,1.0,1,0.14832103777292863,55
3429,3,6888,2621,4267,0,0,0,1.0,1,1.0,1,1.0,1,0.1240610970575478,54
3430,2,6890,2621,4269,0,0,0,1.0,1,1.0,1,1.0,1,0.10893002020044988,56
3431,0,6890,2621,4269,0,0,0,1.0,1,1.0,1,1.0,1,0.08601605210921894,54
3432,2,6892,2622,4270,0,0,0,1.0,1,1.0,1,1.0,1,0.11365105075493664,56
3433,3,6895,2624,4271,0,0,0,1.0,1,1.0,1,1.0,1,0.09153956390455076,53
3434,0,6895,2624,4271,0,0,0,1.0,1,1.0,1,1.0,1,0.09351306179028972,51
3435,1,6896,2625,4271,0,0,0,1.0,1,1.0,1,1.0,1,0.08942287443559502,51
3436,2,6898,2627,4271,0,0,0,1.0,1,1.0,1,1.0,1,0.1363966588682672,51
3437,5,6903,2628,4275,0,0,0,1.0,1,1.0,1,1.0,1,0.07038385548586723,53
3438,3,6906,2629,4277,0,0,0,1.0,1,1.0,1,1.0,1,0.08137543156792003,52
3439,1,6907,2629,4278,0,0,0,1.0,1,1.0,1,1.0,1,0.0971904099779442,54
3440,1,6908,2630,4278,0,0,0,1.0,1,1.0,1,1.0,1,0.07388125346581494,52
3441,0,6908,2630,4278,0,0,0,1.0,1,1.0,1,1.0,1,0.07649032558382363,53
3442,1,6909,2630,4279,0,0,0,1.0,1,1.0,1,1.0,1,0.08787698573767982,53
3443,1,6910,2631,4279,0,0,0,1.0,1,1.0,1,1.0,1,0.1151997611881112,53
3444,3,6913,2633,4280,0,0,0,1.0,1,1.0,1,1.0,1,0.15856581860779148,52
3445,6,6919,2635,4284,0,0,0,1.0,1,1.0,1,1.0,1,0.12447134283084181,53
3446,5,6924,2637,4287,0,0,0,1.0,1,1.0,1,1.0,1,0.13837263957218512,53
3447,2,6926,2638,4288,0,0,0,1.0,1,1.0,1,1.0,1,0.15372745242980385,53
3448,4,6930,2639,4291,0,0,0,1.0,1,1.0,1,1.0,1,0.11542420549892281,52
3449,1,6931,2639,4292,0,0,0,1.0,1,1.0,1,1.0,1,0.0893611683372819,52
3450,1,6932,2640,4292,0,0,0,1.0,1,1.0,1,1.0,1,0.10896751092455037,52
3451,2,6934,2642,4292,0,0,0,1.0,1,1.0,1,1.0,1,0.09441590743720893,54
3452,2,6936,2644,4292,0,0,0,1.0,1,1.0,1,1.0,1,0.13274531066675976,54
3453,5,6941,2646,4295,0,0,0,1.0,1,1.0,1,1.0,1,0.14013179317647215,54
3454,3,6944,2646,4298,0,0,0,1.0,1,1.0,1,1.0,1,0.13954580327354016,57
3455,2,6946,2646,4300,0,0,0,1.0,1,1.0,1,1.0,1,0.13954580327354016,57
3456,0,6946,2646,4300,0,0,0,1.0,1,1.0,1,1.0,1,0.1512525900148933,58
3457,1,6947,2646,4301,0,0,0,1.0,1,1.0,1,1.0,1,0.11618459315326637,57
3458,1,6948,2646,4302,0,0,0,1.0,1,1.0,1,1.0,1,0.11478005145226353,57
3459,0,6948,2646,4302,0,0,0,1.0,1,1.0,1,1.0,1,0.11478005145226353,57
3460,3,6951,2646,4305,0,0,0,1.0,1,1.0,1,1.0,1,0.11329679086895715,58
3461,3,6954,2647,4307,0,0,0,1.0,1,1.0,1,1.0,1,0.1054928878263986,59
3462,0,6954,2647,4307,0,0,0,1.0,1,1.0,1,1.0,1,0.1054928878263986,59
3463,2,6956,2648,4308,0,0,0,1.0,1,1.0,1,1.0,1,0.10262920156592477,59
3464,4,6960,2650,4310,0,0,0,1.0,1,1.0,1,1.0,1,0.12707949702529,59
3465,6,6966,2652,4314,0,0,0,1.0,1,1.0,1,1.0,1,0.07266939394123745,57
3466,0,6966,2652,4314,0,0,0,1.0,1,1.0,1,1.0,1,0.07266939394123745,57
3467,2,6968,2653,4315,0,0,0,1.0,1,1.0,1,1.0,1,0.09709616746843057,57
3468,3,6971,2654,4317,0,0,0,1.0,1,1.0,1,1.0,1,0.1272521238628979,57
3469,6,6977,2658,4319,0,0,0,1.0,1,1.0,1,1.0,1,0.11482807301003918,53
3470,4,6981,2662,4319,0,0,0,1.0,1,1.0,1,1.0,1,0.18492094727903463,50
3471,3,6984,2662,4322,0,0,0,1.0,1,1.0,1,1.0,1,0.0995201660262977,49
3472,5,6989,2664,4325,0,0,0,1.0,1,1.0,1,1.0,1,0.13950280879068158,47
3473,6,6995,2668,4327,0,0,0,1.0,1,1.0,1,1.0,1,0.16063855962423904,45
3474,4,6999,2668,4331,0,0,0,1.0,1,1.0,1,1.0,1,0.12214600999909583,42
3475,4,7003,2671,4332,0,0,0,1.0,1,1.0,1,1.0,1,0.1958884070215604,43
3476,6,7009,2673,4336,0,0,0,1.0,1,1.0,1,1.0,1,0.16947874320079281,41
3477,5,7014,2675,4339,0,0,0,1.0,1,1.0,1,1.0,1,0.10001388290236504,42
3478,2,7016,2676,4340,0,0,0,1.0,1,1.0,1,1.0,1,0.15907026379641043,40
3479,4,7020,2678,4342,0,0,0,1.0,1,1.0,1,1.0,1,0.22105505926494504,40
3480,0,7020,2678,4342,0,0,0,1.0,1,1.0,1,1.0,1,0.21648152260404127,40
3481,9,7029,2678,4351,0,0,0,1.0,1,1.0,1,1.0,1,0.23421218570331145,40
3482,7,7036,2678,4358,0,0,0,1.0,1,1.0,1,1.0,1,0.18773426525247666,40
3483,5,7041,2678,4363,0,0,0,1.0,1,1.0,1,1.0,1,0.18899245245891982,39
3484,6,7047,2678,4369,0,0,0,1.0,1,1.0,1,1.0,1,0.19635913827367987,39
3485,5,7052,2678,4374,0,0,0,1.0,1,1.0,1,1.0,1,0.12934150802354272,40
3486,5,7057,2678,4379,0,0,0,1.0,1,1.0,1,1.0,1,0.08956500541013786,41
3487,0,7057,2678,4379,0,0,0,1.0,1,1.0,1,1.0,1,0.11010323570997055,41
3488,1,7058,2678,4380,0,0,0,1.0,1,1.0,1,1.0,1,0.09377763266702602,42
3489,0,7058,2678,4380,0,0,0,1.0,1,1.0,1,1.0,1,0.10804169929431134,44
3490,0,7058,2678,4380,0,0,0,1.0,1,1.0,1,1.0,1,0.10804169929431134,44
3491,2,7060,2679,4381,0,0,0,1.0,1,1.0,1,1.0,1,0.10599298433829314,45
3492,1,7061,2680,4381,0,0,0,1.0,1,1.0,1,1.0,1,0.11735158165927909,45
3493,2,7063,2681,4382,0,0,0,1.0,1,1.0,1,1.0,1,0.08577350434000308,45
3494,0,7063,2681,4382,0,0,0,1.0,1,1.0,1,1.0,1,0.08577350434000308,45
3495,1,7064,2682,4382,0,0,0,1.0,1,1.0,1,1.0,1,0.08719865260456133,45
3496,0,7064,2682,4382,0,0,0,1.0,1,1.0,1,1.0,1,0.11309995564923843,46
3497,4,7068,2683,4385,0,0,0,1.0,1,1.0,1,1.0,1,0.08951123990462745,47
3498,1,7069,2684,4385,0,0,0,1.0,1,1.0,1,1.0,1,0.12851779860327864,48
3499,1,7070,2684,4386,0,0,0,1.0,1,1.0,1,1.0,1,0.12444481159927809,47
3500,0,7070,2684,4386,0,0,0,1.0,1,1.0,1,1.0,1,0.15674670551425432,50
3501,4,7074,2685,4389,0,0,0,1.0,1,1.0,1,1.0,1,0.1384353576311481,50
3502,1,7075,2686,4389,0,0,0,1.0,1,1.0,1,1.0,1,0.18352692308804888,50
3503,4,7079,2688,4391,0,0,0,1.0,1,1.0,1,1.0,1,0.1968681635134066,50
3504,4,7083,2691,4392,0,0,0,1.0,1,1.0,1,1.0,1,0.2407157813712558,47
3505,5,7088,2692,4396,0,0,0,1.0,1,1.0,1,1.0,1,0.19603287281483378,48
3506,3,7091,2693,4398,0,0,0,1.0,1,1.0,1,1.0,1,0.22103647566680526,49
3507,1,7092,2693,4399,0,0,0,1.0,1,1.0,1,1.0,1,0.19936025675464536,46
3508,1,7093,2694,4399,0,0,0,1.0,1,1.0,1,1.0,1,0.2284527337962587,47
3509,0,7093,2694,4399,0,0,0,1.0,1,1.0,1,1.0,1,0.18363123442409252,44
3510,4,7097,2695,4402,0,0,0,1.0,1,1.0,1,1.0,1,0.20835573294385426,45
3511,0,7097,2695,4402,0,0,0,1.0,1,1.0,1,1.0,1,0.2063507199633588,44
3512,0,7097,2695,4402,0,0,0,1.0,1,1.0,1,1.0,1,0.2284760298076347,42
3513,3,7100,2695,4405,0,0,0,1.0,1,1.0,1,1.0,1,0.16976522092197516,42
3514,0,7100,2695,4405,0,0,0,1.0,1,1.0,1,1.0,1,0.1824418628584671,42
3515,4,7104,2697,4407,0,0,0,1.0,1,1.0,1,1.0,1,0.18216830110786952,42
3516,3,7107,2697,4410,0,0,0,1.0,1,1.0,1,1.0,1,0.15060661169400494,41
3517,6,7113,2698,4415,0,0,0,1.0,1,1.0,1,1.0,1,0.08836706072971047,44
3518,1,7114,2698,4416,0,0,0,1.0,1,1.0,1,1.0,1,0.10029133117363728,43
3519,0,7114,2698,4416,0,0,0,1.0,1,1.0,1,1.0,1,0.10939997676030411,44
3520,0,7114,2698,4416,0,0,0,1.0,1,1.0,1,1.0,1,0.12809994009659026,45
3521,0,7114,2698,4416,0,0,0,1.0,1,1.0,1,1.0,1,0.12809994009659026,45
3522,0,7114,2698,4416,0,0,0,1.0,1,1.0,1,1.0,1,0.11762890808721922,46
3523,0,7114,2698,4416,0,0,0,1.0,1,1.0,1,1.0,1,0.11762890808721922,46
3524,1,7115,2698,4417,0,0,0,1.0,1,1.0,1,1.0,1,0.10094358033171302,47
3525,1,7116,2698,4418,0,0,0,1.0,1,1.0,1,1.0,1,0.1347477808881122,48
3526,0,7116,2698,4418,0,0,0,1.0,1,1.0,1,1.0,1,0.11926389685287098,49
3527,5,7121,2700,4421,0,0,0,1.0,1,1.0,1,1.0,1,0.14682907058794648,49
3528,5,7126,2701,4425,0,0,0,1.0,1,1.0,1,1.0,1,0.14524847817631203,51
3529,2,7128,2701,4427,0,0,0,1.0,1,1.0,1,1.0,1,0.11064906496691969,51
3530,2,7130,2702,4428,0,0,0,1.0,1,1.0,1,1.0,1,0.10902979881234579,52
3531,0,7130,2702,4428,0,0,0,1.0,1,1.0,1,1.0,1,0.10902979881234579,52
3532,0,7130,2702,4428,0,0,0,1.0,1,1.0,1,1.0,1,0.10902979881234579,52
3533,0,7130,2702,4428,0,0,0,1.0,1,1.0,1,1.0,1,0.10902979881234579,52
3534,0,7130,2702,4428,0,0,0,1.0,1,1.0,1,1.0,1,0.10902979881234579,52
3535,0,7130,2702,4428,0,0,0,1.0,1,1.0,1,1.0,1,0.10902979881234579,52
3536,1,7131,2702,4429,0,0,0,1.0,1,1.0,1,1.0,1,0.11891107968840542,54
3537,0,7131,2702,4429,0,0,0,1.0,1,1.0,1,1.0,1,0.11919134432647718,55
3538,0,7131,2702,4429,0,0,0,1.0,1,1.0,1,1.0,1,0.11919134432647718,55
3539,0,7131,2702,4429,0,0,0,1.0,1,1.0,1,1.0,1,0.11148175011559772,58
3540,3,7134,2703,4431,0,0,0,1.0,1,1.0,1,1.0,1,0.10448285215270015,59
3541,0,7134,2703,4431,0,0,0,1.0,1,1.0,1,1.0,1,0.10448285215270015,59
3542,2,7136,2704,4432,0,0,0,1.0,1,1.0,1,1.0,1,0.12444149260759711,61
3543,6,7142,2707,4435,0,0,0,1.0,1,1.0,1,1.0,1,0.12236472195909363,62
3544,1,7143,2708,4435,0,0,0,1.0,1,1.0,1,1.0,1,0.09834824840900758,59
3545,5,7148,2712,4436,0,0,0,1.0,1,1.0,1,1.0,1,0.11704707940412702,59
3546,2,7150,2713,4437,0,0,0,1.0,1,1.0,1,1.0,1,0.1162348534499694,57
3547,3,7153,2715,4438,0,0,0,1.0,1,1.0,1,1.0,1,0.10698825089429316,53
3548,0,7153,2715,4438,0,0,0,1.0,1,1.0,1,1.0,1,0.10698825089429316,53
3549,5,7158,2716,4442,0,0,0,1.0,1,1.0,1,1.0,1,0.06514914722522232,52
3550,1,7159,2717,4442,0,0,0,1.0,1,1.0,1,1.0,1,0.04929503118637635,51
3551,2,7161,2718,4443,0,0,0,1.0,1,1.0,1,1.0,1,0.0834504678700281,51
3552,2,7163,2719,4444,0,0,0,1.0,1,1.0,1,1.0,1,0.10724391134745682,51
3553,1,7164,2719,4445,0,0,0,1.0,1,1.0,1,1.0,1,0.10485716817912188,49
3554,0,7164,2719,4445,0,0,0,1.0,1,1.0,1,1.0,1,0.10485716817912188,49
3555,0,7164,2719,4445,0,0,0,1.0,1,1.0,1,1.0,1,0.11811675135738738,51
3556,0,7164,2719,4445,0,0,0,1.0,1,1.0,1,1.0,1,0.11811675135738738,51
3557,3,7167,2720,4447,0,0,0,1.0,1,1.0,1,1.0,1,0.09836406172916638,52
3558,2,7169,2722,4447,0,0,0,1.0,1,1.0,1,1.0,1,0.136164268680018,52
3559,2,7171,2724,4447,0,0,0,1.0,1,1.0,1,1.0,1,0.15477649243959615,52
3560,2,7173,2725,4448,0,0,0,1.0,1,1.0,1,1.0,1,0.14762732098211373,53
3561,1,7174,2725,4449,0,0,0,1.0,1,1.0,1,1.0,1,0.14866001692878558,54
3562,4,7178,2726,4452,0,0,0,1.0,1,1.0,1,1.0,1,0.114010055520444,54
3563,1,7179,2727,4452,0,0,0,1.0,1,1.0,1,1.0,1,0.14764290503692892,55
3564,1,7180,2727,4453,0,0,0,1.0,1,1.0,1,1.0,1,0.11188776834680743,57
3565,3,7183,2727,4456,0,0,0,1.0,1,1.0,1,1.0,1,0.09097532530530966,56
3566,1,7184,2727,4457,0,0,0,1.0,1,1.0,1,1.0,1,0.10019918834251536,57
3567,1,7185,2728,4457,0,0,0,1.0,1,1.0,1,1.0,1,0.10149653016537755,57
3568,0,7185,2728,4457,0,0,0,1.0,1,1.0,1,1.0,1,0.10149653016537755,57
3569,2,7187,2728,4459,0,0,0,1.0,1,1.0,1,1.0,1,0.07573398409137808,57
3570,1,7188,2728,4460,0,0,0,1.0,1,1.0,1,1.0,1,0.09421108598487825,59
3571,2,7190,2728,4462,0,0,0,1.0,1,1.0,1,1.0,1,0.07794190138533179,60
3572,1,7191,2729,4462,0,0,0,1.0,1,1.0,1,1.0,1,0.09350588761299262,61
3573,4,7195,2730,4465,0,0,0,1.0,1,1.0,1,1.0,1,0.07815561903500567,62
3574,2,7197,2730,4467,0,0,0,1.0,1,1.0,1,1.0,1,0.06480867013531012,63
3575,4,7201,2732,4469,0,0,0,1.0,1,1.0,1,1.0,1,0.11143948120655968,63
3576,5,7206,2734,4472,0,0,0,1.0,1,1.0,1,1.0,1,0.13550668402557728,63
3577,4,7210,2734,4476,0,0,0,1.0,1,1.0,1,1.0,1,0.09760963647222347,64
3578,2,7212,2735,4477,0,0,0,1.0,1,1.0,1,1.0,1,0.09440917770620899,64
3579,0,7212,2735,4477,0,0,0,1.0,1,1.0,1,1.0,1,0.09440917770620899,64
3580,2,7214,2736,4478,0,0,0,1.0,1,1.0,1,1.0,1,0.1131786233908984,65
3581,3,7217,2737,4480,0,0,0,1.0,1,1.0,1,1.0,1,0.10614917601451802,68
3582,4,7221,2739,4482,0,0,0,1.0,1,1.0,1,1.0,1,0.13318214805743858,68
3583,3,7224,2741,4483,0,0,0,1.0,1,1.0,1,1.0,1,0.1279647861459947,65
3584,3,7227,2744,4483,0,0,0,1.0,1,1.0,1,1.0,1,0.1664229057112524,64
3585,4,7231,2746,4485,0,0,0,1.0,1,1.0,1,1.0,1,0.14122870355837766,64
3586,6,7237,2749,4488,0,0,0,1.0,1,1.0,1,1.0,1,0.14929108849761266,65
3587,0,7237,2749,4488,0,0,0,1.0,1,1.0,1,1.0,1,0.1318286162833598,64
3588,3,7240,2751,4489,0,0,0,1.0,1,1.0,1,1.0,1,0.12489195753605599,62
3589,8,7248,2753,4495,0,0,0,1.0,1,1.0,1,1.0,1,0.13382342903473238,63
3590,3,7251,2754,4497,0,0,0,1.0,1,1.0,1,1.0,1,0.12450261139207236,63
3591,0,7251,2754,4497,0,0,0,1.0,1,1.0,1,1.0,1,0.11580543495780528,62
3592,2,7253,2755,4498,0,0,0,1.0,1,1.0,1,1.0,1,0.11244360169058688,59
3593,5,7258,2758,4500,0,0,0,1.0,1,1.0,1,1.0,1,0.09568870796796305,58
3594,2,7260,2758,4502,0,0,0,1.0,1,1.0,1,1.0,1,0.11118828186674579,57
3595,0,7260,2758,4502,0,0,0,1.0,1,1.0,1,1.0,1,0.1165141721105779,59
3596,6,7266,2760,4506,0,0,0,1.0,1,1.0,1,1.0,1,0.09290961891380929,57
3597,3,7269,2761,4508,0,0,0,1.0,1,1.0,1,1.0,1,0.07831113926629812,57
3598,3,7272,2762,4510,0,0,0,1.0,1,1.0,1,1.0,1,0.0768638811080685,57
3599,4,7276,2764,4512,0,0,0,1.0,1,1.0,1,1.0,1,0.07219933761243835,58
3600,2,7278,2765,4513,0,0,0,1.0,1,1.0,1,1.0,1,0.10115053848480848,58
3601,6,7284,2768,4516,0,0,0,1.0,1,1.0,1,1.0,1,0.09935203491655753,58
3602,1,7285,2768,4517,0,0,0,1.0,1,1.0,1,1.0,1,0.08849959781330893,60
3603,4,7289,2769,4520,0,0,0,1.0,1,1.0,1,1.0,1,0.06798371549789188,60
3604,0,7289,2769,4520,0,0,0,1.0,1,1.0,1,1.0,1,0.06798371549789188,60
3605,0,7289,2769,4520,0,0,0,1.0,1,1.0,1,1.0,1,0.07913574019693768,61
3606,1,7290,2770,4520,0,0,0,1.0,1,1.0,1,1.0,1,0.08312423064470884,63
3607,4,7294,2772,4522,0,0,0,1.0,1,1.0,1,1.0,1,0.12951401339730673,63
3608,3,7297,2773,4524,0,0,0,1.0,1,1.0,1,1.0,1,0.13562968757176083,64
3609,8,7305,2773,4532,0,0,0,1.0,1,1.0,1,1.0,1,0.07819091807183715,66
3610,0,7305,2773,4532,0,0,0,1.0,1,1.0,1,1.0,1,0.06793876463701545,67
3611,2,7307,2775,4532,0,0,0,1.0,1,1.0,1,1.0,1,0.08540106849971087,67
3612,2,7309,2776,4533,0,0,0,1.0,1,1.0,1,1.0,1,0.10205189203553057,66
3613,6,7315,2777,4538,0,0,0,1.0,1,1.0,1,1.0,1,0.0927470109836225,66
3614,1,7316,2778,4538,0,0,0,1.0,1,1.0,1,1.0,1,0.09579828641462013,65
3615,2,7318,2778,4540,0,0,0,1.0,1,1.0,1,1.0,1,0.07338590916372163,65
3616,1,7319,2778,4541,0,0,0,1.0,1,1.0,1,1.0,1,0.0884481578210476,65
3617,6,7325,2779,4546,0,0,0,1.0,1,1.0,1,1.0,1,0.06051360722176516,66
3618,1,7326,2780,4546,0,0,0,1.0,1,1.0,1,1.0,1,0.05883981217342152,66
3619,1,7327,2781,4546,0,0,0,1.0,1,1.0,1,1.0,1,0.0774975639286595,65
3620,3,7330,2782,4548,0,0,0,1.0,1,1.0,1,1.0,1,0.10916868132850184,66
3621,0,7330,2782,4548,0,0,0,1.0,1,1.0,1,1.0,1,0.08644681911651207,65
3622,0,7330,2782,4548,0,0,0,1.0,1,1.0,1,1.0,1,0.08437376446051094,65
3623,3,7333,2784,4549,0,0,0,1.0,1,1.0,1,1.0,1,0.10928026271098355,62
3624,2,7335,2786,4549,0,0,0,1.0,1,1.0,1,1.0,1,0.13935723032440228,62
3625,7,7342,2787,4555,0,0,0,1.0,1,1.0,1,1.0,1,0.05315455219260601,61
3626,3,7345,2790,4555,0,0,0,1.0,1,1.0,1,1.0,1,0.07823291478535051,58
3627,4,7349,2792,4557,0,0,0,1.0,1,1.0,1,1.0,1,0.07870609073575639,58
3628,6,7355,2795,4560,0,0,0,1.0,1,1.0,1,1.0,1,0.13396210025360983,57
3629,11,7366,2796,4570,0,0,0,1.0,1,1.0,1,1.0,1,0.11083680492934904,57
3630,4,7370,2798,4572,0,0,0,1.0,1,1.0,1,1.0,1,0.16620542271006544,56
3631,6,7376,2801,4575,0,0,0,1.0,1,1.0,1,1.0,1,0.15982599909946713,54
3632,5,7381,2801,4580,0,0,0,1.0,1,1.0,1,1.0,1,0.11275937853549338,52
3633,7,7388,2805,4583,0,0,0,1.0,1,1.0,1,1.0,1,0.13096390019112242,52
3634,2,7390,2805,4585,0,0,0,1.0,1,1.0,1,1.0,1,0.1503072135008249,49
3635,0,7390,2805,4585,0,0,0,1.0,1,1.0,1,1.0,1,0.18557624007715345,47
3636,2,7392,2807,4585,0,0,0,1.0,1,1.0,1,1.0,1,0.21108838770115335,48
3637,6,7398,2807,4591,0,0,0,1.0,1,1.0,1,1.0,1,0.1556766347704751,49
3638,2,7400,2808,4592,0,0,0,1.0,1,1.0,1,1.0,1,0.1559566839420932,50
3639,4,7404,2808,4596,0,0,0,1.0,1,1.0,1,1.0,1,0.14453252320277266,52
3640,1,7405,2808,4597,0,0,0,1.0,1,1.0,1,1.0,1,0.16079517701780244,52
3641,4,7409,2808,4601,0,0,0,1.0,1,1.0,1,1.0,1,0.12187474482928239,52
3642,0,7409,2808,4601,0,0,0,1.0,1,1.0,1,1.0,1,0.12187474482928239,52
3643,0,7409,2808,4601,0,0,0,1.0,1,1.0,1,1.0,1,0.12187474482928239,52
3644,0,7409,2808,4601,0,0,0,1.0,1,1.0,1,1.0,1,0.12187474482928239,52
3645,2,7411,2809,4602,0,0,0,1.0,1,1.0,1,1.0,1,0.12530062055144683,53
3646,0,7411,2809,4602,0,0,0,1.0,1,1.0,1,1.0,1,0.12530062055144683,53
3647,3,7414,2810,4604,0,0,0,1.0,1,1.0,1,1.0,1,0.12547726773452159,55
3648,4,7418,2810,4608,0,0,0,1.0,1,1.0,1,1.0,1,0.08921418303383137,57
3649,2,7420,2811,4609,0,0,0,1.0,1,1.0,1,1.0,1,0.07567140119378407,57
3650,2,7422,2811,4611,0,0,0,1.0,1,1.0,1,1.0,1,0.08954506658217778,59
3651,0,7422,2811,4611,0,0,0,1.0,1,1.0,1,1.0,1,0.08954506658217778,59
3652,0,7422,2811,4611,0,0,0,1.0,1,1.0,1,1.0,1,0.08954506658217778,59
3653,2,7424,2811,4613,0,0,0,1.0,1,1.0,1,1.0,1,0.06405485867998241,59
3654,0,7424,2811,4613,0,0,0,1.0,1,1.0,1,1.0,1,0.06405485867998241,59
3655,2,7426,2811,4615,0,0,0,1.0,1,1.0,1,1.0,1,0.0555769282877107,62
3656,0,7426,2811,4615,0,0,0,1.0,1,1.0,1,1.0,1,0.0555769282877107,62
3657,0,7426,2811,4615,0,0,0,1.0,1,1.0,1,1.0,1,0.06853615160217803,63
3658,4,7430,2813,4617,0,0,0,1.0,1,1.0,1,1.0,1,0.0850561118918416,63
3659,1,7431,2814,4617,0,0,0,1.0,1,1.0,1,1.0,1,0.10054030424431741,62
3660,4,7435,2818,4617,0,0,0,1.0,1,1.0,1,1.0,1,0.17786719118107538,62
3661,5,7440,2819,4621,0,0,0,1.0,1,1.0,1,1.0,1,0.11285714061851658,61
3662,3,7443,2821,4622,0,0,0,1.0,1,1.0,1,1.0,1,0.09668436771443524,60
3663,3,7446,2822,4624,0,0,0,1.0,1,1.0,1,1.0,1,0.09745148463339444,61
3664,0,7446,2822,4624,0,0,0,1.0,1,1.0,1,1.0,1,0.10904674812089274,58
3665,3,7449,2822,4627,0,0,0,1.0,1,1.0,1,1.0,1,0.07910820693788463,58
3666,1,7450,2823,4627,0,0,0,1.0,1,1.0,1,1.0,1,0.07012119025628065,58
3667,3,7453,2826,4627,0,0,0,1.0,1,1.0,1,1.0,1,0.09599035648396075,58
3668,3,7456,2827,4629,0,0,0,1.0,1,1.0,1,1.0,1,0.09089050783125228,58
3669,2,7458,2827,4631,0,0,0,1.0,1,1.0,1,1.0,1,0.06387198266493385,57
3670,1,7459,2828,4631,0,0,0,1.0,1,1.0,1,1.0,1,0.07708562176441582,56
3671,1,7460,2829,4631,0,0,0,1.0,1,1.0,1,1.0,1,0.11043639272869081,57
3672,4,7464,2830,4634,0,0,0,1.0,1,1.0,1,1.0,1,0.10900366401482521,57
3673,2,7466,2831,4635,0,0,0,1.0,1,1.0,1,1.0,1,0.11956564312778824,58
3674,0,7466,2831,4635,0,0,0,1.0,1,1.0,1,1.0,1,0.12745650487932617,57
3675,0,7466,2831,4635,0,0,0,1.0,1,1.0,1,1.0,1,0.13722854978612337,58
3676,0,7466,2831,4635,0,0,0,1.0,1,1.0,1,1.0,1,0.12601259501516499,59
3677,2,7468,2832,4636,0,0,0,1.0,1,1.0,1,1.0,1,0.1253563011715537,60
3678,2,7470,2832,4638,0,0,0,1.0,1,1.0,1,1.0,1,0.13311711232685294,62
3679,0,7470,2832,4638,0,0,0,1.0,1,1.0,1,1.0,1,0.13311711232685294,62
3680,0,7470,2832,4638,0,0,0,1.0,1,1.0,1,1.0,1,0.11679571857614766,63
3681,2,7472,2832,4640,0,0,0,1.0,1,1.0,1,1.0,1,0.12438280724133022,64
3682,0,7472,2832,4640,0,0,0,1.0,1,1.0,1,1.0,1,0.12438280724133022,64
3683,0,7472,2832,4640,0,0,0,1.0,1,1.0,1,1.0,1,0.12438280724133022,64
3684,3,7475,2833,4642,0,0,0,1.0,1,1.0,1,1.0,1,0.12414156577895032,64
3685,3,7478,2833,4645,0,0,0,1.0,1,1.0,1,1.0,1,0.09380765016234402,64
3686,0,7478,2833,4645,0,0,0,1.0,1,1.0,1,1.0,1,0.09102348736082505,65
3687,0,7478,2833,4645,0,0,0,1.0,1,1.0,1,1.0,1,0.09102348736082505,65
3688,0,7478,2833,4645,0,0,0,1.0,1,1.0,1,1.0,1,0.10461115137155286,66
3689,0,7478,2833,4645,0,0,0,1.0,1,1.0,1,1.0,1,0.10461115137155286,66
3690,2,7480,2833,4647,0,0,0,1.0,1,1.0,1,1.0,1,0.09918229949415934,67
3691,1,7481,2833,4648,0,0,0,1.0,1,1.0,1,1.0,1,0.08205141213754977,68
3692,0,7481,2833,4648,0,0,0,1.0,1,1.0,1,1.0,1,0.08180413602779726,69
3693,1,7482,2833,4649,0,0,0,1.0,1,1.0,1,1.0,1,0.07439753248338106,69
3694,1,7483,2833,4650,0,0,0,1.0,1,1.0,1,1.0,1,0.06993523971116877,70
3695,0,7483,2833,4650,0,0,0,1.0,1,1.0,1,1.0,1,0.06993523971116877,70
3696,0,7483,2833,4650,0,0,0,1.0,1,1.0,1,1.0,1,0.06193542763452058,71
3697,4,7487,2835,4652,0,0,0,1.0,1,1.0,1,1.0,1,0.07192465147982928,70
3698,1,7488,2836,4652,0,0,0,1.0,1,1.0,1,1.0,1,0.09659630059842783,70
3699,3,7491,2838,4653,0,0,0,1.0,1,1.0,1,1.0,1,0.10519327521969069,70
3700,5,7496,2842,4654,0,0,0,1.0,1,1.0,1,1.0,1,0.16574005819306142,68
3701,4,7500,2842,4658,0,0,0,1.0,1,1.0,1,1.0,1,0.1331169060380354,69
3702,1,7501,2842,4659,0,0,0,1.0,1,1.0,1,1.0,1,0.10897806323503632,69
3703,1,7502,2842,4660,0,0,0,1.0,1,1.0,1,1.0,1,0.11450028384398273,70
3704,2,7504,2844,4660,0,0,0,1.0,1,1.0,1,1.0,1,0.12128423537131672,69
3705,2,7506,2845,4661,0,0,0,1.0,1,1.0,1,1.0,1,0.10817544601599385,69
3706,5,7511,2847,4664,0,0,0,1.0,1,1.0,1,1.0,1,0.09960952447097769,69
3707,0,7511,2847,4664,0,0,0,1.0,1,1.0,1,1.0,1,0.09150069499109816,67
3708,1,7512,2847,4665,0,0,0,1.0,1,1.0,1,1.0,1,0.08265632559999109,67
3709,1,7513,2847,4666,0,0,0,1.0,1,1.0,1,1.0,1,0.07727139086634677,67
3710,2,7515,2847,4668,0,0,0,1.0,1,1.0,1,1.0,1,0.06260225195327629,67
3711,0,7515,2847,4668,0,0,0,1.0,1,1.0,1,1.0,1,0.07243673913493805,68
3712,0,7515,2847,4668,0,0,0,1.0,1,1.0,1,1.0,1,0.07243673913493805,68
3713,5,7520,2849,4671,0,0,0,1.0,1,1.0,1,1.0,1,0.0643934324117677,68
3714,0,7520,2849,4671,0,0,0,1.0,1,1.0,1,1.0,1,0.07615580773089545,67
3715,2,7522,2850,4672,0,0,0,1.0,1,1.0,1,1.0,1,0.07839728743825602,68
3716,0,7522,2850,4672,0,0,0,1.0,1,1.0,1,1.0,1,0.08561229991499959,67
3717,5,7527,2852,4675,0,0,0,1.0,1,1.0,1,1.0,1,0.10296901478007997,68
3718,1,7528,2852,4676,0,0,0,1.0,1,1.0,1,1.0,1,0.09308490747842577,68
3719,4,7532,2853,4679,0,0,0,1.0,1,1.0,1,1.0,1,0.14244375729755818,68
3720,0,7532,2853,4679,0,0,0,1.0,1,1.0,1,1.0,1,0.14244375729755818,68
3721,6,7538,2857,4681,0,0,0,1.0,1,1.0,1,1.0,1,0.13935986696708935,70
3722,1,7539,2857,4682,0,0,0,1.0,1,1.0,1,1.0,1,0.14302410218433537,71
3723,1,7540,2858,4682,0,0,0,1.0,1,1.0,1,1.0,1,0.1601771367032755,71
3724,2,7542,2859,4683,0,0,0,1.0,1,1.0,1,1.0,1,0.16656433515054336,72
3725,5,7547,2859,4688,0,0,0,1.0,1,1.0,1,1.0,1,0.11014253275776993,72
3726,0,7547,2859,4688,0,0,0,1.0,1,1.0,1,1.0,1,0.10455407506974915,71
3727,0,7547,2859,4688,0,0,0,1.0,1,1.0,1,1.0,1,0.10455407506974915,71
3728,2,7549,2860,4689,0,0,0,1.0,1,1.0,1,1.0,1,0.12987922528432536,70
3729,1,7550,2861,4689,0,0,0,1.0,1,1.0,1,1.0,1,0.12421474387918031,70
3730,2,7552,2862,4690,0,0,0,1.0,1,1.0,1,1.0,1,0.152029642365006,71
3731,2,7554,2863,4691,0,0,0,1.0,1,1.0,1,1.0,1,0.15147622630240448,71
3732,1,7555,2863,4692,0,0,0,1.0,1,1.0,1,1.0,1,0.14049518508404035,72
3733,2,7557,2864,4693,0,0,0,1.0,1,1.0,1,1.0,1,0.1448385193530167,73
3734,4,7561,2866,4695,0,0,0,1.0,1,1.0,1,1.0,1,0.16653180336033618,74
3735,1,7562,2866,4696,0,0,0,1.0,1,1.0,1,1.0,1,0.15164795957493013,72
3736,1,7563,2866,4697,0,0,0,1.0,1,1.0,1,1.0,1,0.13472737265031415,72
3737,4,7567,2866,4701,0,0,0,1.0,1,1.0,1,1.0,1,0.11037316205639308,73
3738,0,7567,2866,4701,0,0,0,1.0,1,1.0,1,1.0,1,0.117010463288012,72
3739,1,7568,2866,4702,0,0,0,1.0,1,1.0,1,1.0,1,0.11523430080985234,73
3740,0,7568,2866,4702,0,0,0,1.0,1,1.0,1,1.0,1,0.13836999701886454,70
3741,4,7572,2866,4706,0,0,0,1.0,1,1.0,1,1.0,1,0.11713681983782512,70
3742,0,7572,2866,4706,0,0,0,1.0,1,1.0,1,1.0,1,0.11713681983782512,70
3743,5,7577,2867,4710,0,0,0,1.0,1,1.0,1,1.0,1,0.09460708958237854,69
3744,8,7585,2869,4716,0,0,0,1.0,1,1.0,1,1.0,1,0.14220658790878962,69
3745,4,7589,2870,4719,0,0,0,1.0,1,1.0,1,1.0,1,0.11664676897664107,68
3746,2,7591,2871,4720,0,0,0,1.0,1,1.0,1,1.0,1,0.12849649096313873,66
3747,2,7593,2872,4721,0,0,0,1.0,1,1.0,1,1.0,1,0.12778732788356284,66
3748,1,7594,2872,4722,0,0,0,1.0,1,1.0,1,1.0,1,0.1107787105068407,65
3749,6,7600,2872,4728,0,0,0,1.0,1,1.0,1,1.0,1,0.07790715859224026,64
3750,1,7601,2872,4729,0,0,0,1.0,1,1.0,1,1.0,1,0.08855511874691732,63
3751,2,7603,2873,4730,0,0,0,1.0,1,1.0,1,1.0,1,0.10266724822892159,64
3752,4,7607,2876,4731,0,0,0,1.0,1,1.0,1,1.0,1,0.10778345095489664,64
3753,2,7609,2877,4732,0,0,0,1.0,1,1.0,1,1.0,1,0.12276617884621961,65
3754,4,7613,2880,4733,0,0,0,1.0,1,1.0,1,1.0,1,0.14309250757161374,65
3755,4,7617,2881,4736,0,0,0,1.0,1,1.0,1,1.0,1,0.14302825098661276,65
3756,6,7623,2882,4741,0,0,0,1.0,1,1.0,1,1.0,1,0.13569197223026333,65
3757,6,7629,2883,4746,0,0,0,1.0,1,1.0,1,1.0,1,0.11172930012285376,65
3758,0,7629,2883,4746,0,0,0,1.0,1,1.0,1,1.0,1,0.12089425402085117,64
3759,1,7630,2884,4746,0,0,0,1.0,1,1.0,1,1.0,1,0.1126332047411541,64
3760,2,7632,2885,4747,0,0,0,1.0,1,1.0,1,1.0,1,0.12277163727883703,63
3761,1,7633,2885,4748,0,0,0,1.0,1,1.0,1,1.0,1,0.11075752091034409,63
3762,2,7635,2885,4750,0,0,0,1.0,1,1.0,1,1.0,1,0.1057462247690185,65
3763,1,7636,2886,4750,0,0,0,1.0,1,1.0,1,1.0,1,0.11637279309508786,65
3764,0,7636,2886,4750,0,0,0,1.0,1,1.0,1,1.0,1,0.12736622139269926,66
3765,6,7642,2886,4756,0,0,0,1.0,1,1.0,1,1.0,1,0.08854617919953832,67
3766,4,7646,2888,4758,0,0,0,1.0,1,1.0,1,1.0,1,0.10671271343498871,67
3767,4,7650,2889,4761,0,0,0,1.0,1,1.0,1,1.0,1,0.09546459907741581,68
3768,5,7655,2891,4764,0,0,0,1.0,1,1.0,1,1.0,1,0.13719396833531608,67
3769,2,7657,2891,4766,0,0,0,1.0,1,1.0,1,1.0,1,0.10872485449762892,69
3770,0,7657,2891,4766,0,0,0,1.0,1,1.0,1,1.0,1,0.10872485449762892,69
3771,1,7658,2891,4767,0,0,0,1.0,1,1.0,1,1.0,1,0.11362023831546435,69
3772,4,7662,2893,4769,0,0,0,1.0,1,1.0,1,1.0,1,0.11821596573516402,70
3773,3,7665,2894,4771,0,0,0,1.0,1,1.0,1,1.0,1,0.1001735648134281,68
3774,2,7667,2895,4772,0,0,0,1.0,1,1.0,1,1.0,1,0.0921819496107355,68
3775,1,7668,2896,4772,0,0,0,1.0,1,1.0,1,1.0,1,0.1290230422062414,68
3776,2,7670,2896,4774,0,0,0,1.0,1,1.0,1,1.0,1,0.12689924351209902,66
3777,3,7673,2896,4777,0,0,0,1.0,1,1.0,1,1.0,1,0.09684531365704736,65
3778,0,7673,2896,4777,0,0,0,1.0,1,1.0,1,1.0,1,0.08914115462763345,65
3779,2,7675,2898,4777,0,0,0,1.0,1,1.0,1,1.0,1,0.10774864482801391,65
3780,1,7676,2898,4778,0,0,0,1.0,1,1.0,1,1.0,1,0.10378646253201708,64
3781,1,7677,2898,4779,0,0,0,1.0,1,1.0,1,1.0,1,0.08966774729248488,64
3782,3,7680,2900,4780,0,0,0,1.0,1,1.0,1,1.0,1,0.13602405909226115,67
3783,3,7683,2901,4782,0,0,0,1.0,1,1.0,1,1.0,1,0.1548013559429562,65
3784,1,7684,2901,4783,0,0,0,1.0,1,1.0,1,1.0,1,0.14494695465577434,65
3785,5,7689,2901,4788,0,0,0,1.0,1,1.0,1,1.0,1,0.12757113918082352,63
3786,3,7692,2901,4791,0,0,0,1.0,1,1.0,1,1.0,1,0.11562626823839432,66
3787,1,7693,2902,4791,0,0,0,1.0,1,1.0,1,1.0,1,0.1277578153082961,65
3788,4,7697,2903,4794,0,0,0,1.0,1,1.0,1,1.0,1,0.11850677385498799,65
3789,4,7701,2904,4797,0,0,0,1.0,1,1.0,1,1.0,1,0.11637094477244511,65
3790,2,7703,2905,4798,0,0,0,1.0,1,1.0,1,1.0,1,0.13833290774878776,64
3791,3,7706,2906,4800,0,0,0,1.0,1,1.0,1,1.0,1,0.13528441609171674,64
3792,2,7708,2907,4801,0,0,0,1.0,1,1.0,1,1.0,1,0.1338607086845219,65
3793,5,7713,2908,4805,0,0,0,1.0,1,1.0,1,1.0,1,0.1336196229642783,68
3794,3,7716,2909,4807,0,0,0,1.0,1,1.0,1,1.0,1,0.13625000020972314,68
3795,4,7720,2910,4810,0,0,0,1.0,1,1.0,1,1.0,1,0.14099791258346797,69
3796,2,7722,2910,4812,0,0,0,1.0,1,1.0,1,1.0,1,0.13331830005485235,69
3797,4,7726,2910,4816,0,0,0,1.0,1,1.0,1,1.0,1,0.120213089986412,70
3798,0,7726,2910,4816,0,0,0,1.0,1,1.0,1,1.0,1,0.120213089986412,70
3799,0,7726,2910,4816,0,0,0,1.0,1,1.0,1,1.0,1,0.13169392780319591,69
3800,1,7727,2910,4817,0,0,0,1.0,1,1.0,1,1.0,1,0.12322470935005839,69
3801,4,7731,2910,4821,0,0,0,1.0,1,1.0,1,1.0,1,0.1142810091416631,67
3802,3,7734,2911,4823,0,0,0,1.0,1,1.0,1,1.0,1,0.12388028546115032,67
3803,2,7736,2911,4825,0,0,0,1.0,1,1.0,1,1.0,1,0.1290654997006003,69
3804,2,7738,2911,4827,0,0,0,1.0,1,1.0,1,1.0,1,0.13140664330089763,70
3805,5,7743,2912,4831,0,0,0,1.0,1,1.0,1,1.0,1,0.11452166635522812,71
3806,1,7744,2912,4832,0,0,0,1.0,1,1.0,1,1.0,1,0.11172627199969334,71
3807,2,7746,2912,4834,0,0,0,1.0,1,1.0,1,1.0,1,0.11992609275322905,72
3808,2,7748,2912,4836,0,0,0,1.0,1,1.0,1,1.0,1,0.12642922236152399,72
3809,2,7750,2913,4837,0,0,0,1.0,1,1.0,1,1.0,1,0.13273981302852736,72
3810,2,7752,2914,4838,0,0,0,1.0,1,1.0,1,1.0,1,0.13551958975234038,72
3811,0,7752,2914,4838,0,0,0,1.0,1,1.0,1,1.0,1,0.1479934455211938,71
3812,2,7754,2914,4840,0,0,0,1.0,1,1.0,1,1.0,1,0.1293060492895699,72
3813,3,7757,2914,4843,0,0,0,1.0,1,1.0,1,1.0,1,0.1278044129927275,71
3814,1,7758,2915,4843,0,0,0,1.0,1,1.0,1,1.0,1,0.1232714183850996,72
3815,1,7759,2915,4844,0,0,0,1.0,1,1.0,1,1.0,1,0.11859772794720093,71
3816,1,7760,2916,4844,0,0,0,1.0,1,1.0,1,1.0,1,0.1340687042312168,69
3817,5,7765,2917,4848,0,0,0,1.0,1,1.0,1,1.0,1,0.1418610025112279,72
3818,1,7766,2918,4848,0,0,0,1.0,1,1.0,1,1.0,1,0.14156930220411704,72
3819,1,7767,2919,4848,0,0,0,1.0,1,1.0,1,1.0,1,0.153348592925897,72
3820,0,7767,2919,4848,0,0,0,1.0,1,1.0,1,1.0,1,0.153348592925897,72
3821,1,7768,2920,4848,0,0,0,1.0,1,1.0,1,1.0,1,0.18148556537888513,72
3822,2,7770,2921,4849,0,0,0,1.0,1,1.0,1,1.0,1,0.17524253751720265,69
3823,4,7774,2924,4850,0,0,0,1.0,1,1.0,1,1.0,1,0.1628585781129411,69
3824,2,7776,2925,4851,0,0,0,1.0,1,1.0,1,1.0,1,0.19074518909954735,65
3825,6,7782,2926,4856,0,0,0,1.0,1,1.0,1,1.0,1,0.16866266561430865,64
3826,2,7784,2926,4858,0,0,0,1.0,1,1.0,1,1.0,1,0.1742720329494439,65
3827,2,7786,2927,4859,0,0,0,1.0,1,1.0,1,1.0,1,0.16267223254498464,64
3828,1,7787,2927,4860,0,0,0,1.0,1,1.0,1,1.0,1,0.14689878866249334,65
3829,2,7789,2928,4861,0,0,0,1.0,1,1.0,1,1.0,1,0.13351414100215783,65
3830,0,7789,2928,4861,0,0,0,1.0,1,1.0,1,1.0,1,0.13199850387721326,64
3831,2,7791,2930,4861,0,0,0,1.0,1,1.0,1,1.0,1,0.15019593106934445,63
3832,5,7796,2931,4865,0,0,0,1.0,1,1.0,1,1.0,1,0.1550786973841293,64
3833,4,7800,2932,4868,0,0,0,1.0,1,1.0,1,1.0,1,0.13309020616365458,64
3834,3,7803,2934,4869,0,0,0,1.0,1,1.0,1,1.0,1,0.13645572788398191,63
3835,2,7805,2935,4870,0,0,0,1.0,1,1.0,1,1.0,1,0.1335401274396163,63
3836,2,7807,2936,4871,0,0,0,1.0,1,1.0,1,1.0,1,0.12357582316579797,63
3837,3,7810,2938,4872,0,0,0,1.0,1,1.0,1,1.0,1,0.15535010556835466,62
3838,3,7813,2939,4874,0,0,0,1.0,1,1.0,1,1.0,1,0.1562117583821432,62
3839,3,7816,2941,4875,0,0,0,1.0,1,1.0,1,1.0,1,0.1709024627479662,60
3840,5,7821,2942,4879,0,0,0,1.0,1,1.0,1,1.0,1,0.18973648071858193,62
3841,3,7824,2943,4881,0,0,0,1.0,1,1.0,1,1.0,1,0.1856860846015894,62
3842,2,7826,2943,4883,0,0,0,1.0,1,1.0,1,1.0,1,0.1584801511326095,63
3843,1,7827,2943,4884,0,0,0,1.0,1,1.0,1,1.0,1,0.15521085302170465,64
3844,3,7830,2943,4887,0,0,0,1.0,1,1.0,1,1.0,1,0.15489051285570699,65
3845,5,7835,2943,4892,0,0,0,1.0,1,1.0,1,1.0,1,0.1003089748556367,66
3846,1,7836,2943,4893,0,0,0,1.0,1,1.0,1,1.0,1,0.10872197520486959,67
3847,0,7836,2943,4893,0,0,0,1.0,1,1.0,1,1.0,1,0.10872197520486959,67
3848,2,7838,2943,4895,0,0,0,1.0,1,1.0,1,1.0,1,0.09560296952174463,67
3849,4,7842,2943,4899,0,0,0,1.0,1,1.0,1,1.0,1,0.11886800868326416,67
3850,3,7845,2945,4900,0,0,0,1.0,1,1.0,1,1.0,1,0.09694233880053696,68
3851,3,7848,2946,4902,0,0,0,1.0,1,1.0,1,1.0,1,0.10550625509995136,68
3852,5,7853,2947,4906,0,0,0,1.0,1,1.0,1,1.0,1,0.11999872463616978,70
3853,3,7856,2948,4908,0,0,0,1.0,1,1.0,1,1.0,1,0.1242820440555599,70
3854,0,7856,2948,4908,0,0,0,1.0,1,1.0,1,1.0,1,0.1242820440555599,70
3855,1,7857,2949,4908,0,0,0,1.0,1,1.0,1,1.0,1,0.15004772006704128,69
3856,0,7857,2949,4908,0,0,0,1.0,1,1.0,1,1.0,1,0.14706106591646867,70
3857,4,7861,2950,4911,0,0,0,1.0,1,1.0,1,1.0,1,0.14038581453155716,68
3858,3,7864,2951,4913,0,0,0,1.0,1,1.0,1,1.0,1,0.13587488378398022,67
3859,0,7864,2951,4913,0,0,0,1.0,1,1.0,1,1.0,1,0.14415896216119195,66
3860,3,7867,2952,4915,0,0,0,1.0,1,1.0,1,1.0,1,0.16281201273108048,66
3861,2,7869,2952,4917,0,0,0,1.0,1,1.0,1,1.0,1,0.13649269352474822,66
3862,4,7873,2955,4918,0,0,0,1.0,1,1.0,1,1.0,1,0.1764024914310648,66
3863,3,7876,2955,4921,0,0,0,1.0,1,1.0,1,1.0,1,0.12848012777020995,63
3864,3,7879,2957,4922,0,0,0,1.0,1,1.0,1,1.0,1,0.13417318131778394,63
3865,4,7883,2958,4925,0,0,0,1.0,1,1.0,1,1.0,1,0.11252752566890259,61
3866,0,7883,2958,4925,0,0,0,1.0,1,1.0,1,1.0,1,0.10712745153123263,61
3867,2,7885,2959,4926,0,0,0,1.0,1,1.0,1,1.0,1,0.10905030240259479,60
3868,2,7887,2960,4927,0,0,0,1.0,1,1.0,1,1.0,1,0.13700379885424582,59
3869,2,7889,2962,4927,0,0,0,1.0,1,1.0,1,1.0,1,0.10844778578360499,61
3870,0,7889,2962,4927,0,0,0,1.0,1,1.0,1,1.0,1,0.1252469692437087,61
3871,3,7892,2963,4929,0,0,0,1.0,1,1.0,1,1.0,1,0.10562936837112465,64
3872,2,7894,2964,4930,0,0,0,1.0,1,1.0,1,1.0,1,0.10031584524383683,63
3873,2,7896,2964,4932,0,0,0,1.0,1,1.0,1,1.0,1,0.06951202466983603,62
3874,0,7896,2964,4932,0,0,0,1.0,1,1.0,1,1.0,1,0.06861931162174077,63
3875,1,7897,2965,4932,0,0,0,1.0,1,1.0,1,1.0,1,0.08005071117112833,61
3876,0,7897,2965,4932,0,0,0,1.0,1,1.0,1,1.0,1,0.061948008739256114,62
3877,1,7898,2965,4933,0,0,0,1.0,1,1.0,1,1.0,1,0.08302550484837141,63
3878,1,7899,2966,4933,0,0,0,1.0,1,1.0,1,1.0,1,0.10349563291653292,63
3879,1,7900,2967,4933,0,0,0,1.0,1,1.0,1,1.0,1,0.1207892266498845,63
3880,3,7903,2969,4934,0,0,0,1.0,1,1.0,1,1.0,1,0.12954842024202978,65
3881,4,7907,2970,4937,0,0,0,1.0,1,1.0,1,1.0,1,0.13114508617652498,65
3882,0,7907,2970,4937,0,0,0,1.0,1,1.0,1,1.0,1,0.11826678544945927,66
3883,0,7907,2970,4937,0,0,0,1.0,1,1.0,1,1.0,1,0.11826678544945927,66
3884,0,7907,2970,4937,0,0,0,1.0,1,1.0,1,1.0,1,0.11826678544945927,66
3885,3,7910,2973,4937,0,0,0,1.0,1,1.0,1,1.0,1,0.15515179395174308,66
3886,3,7913,2975,4938,0,0,0,1.0,1,1.0,1,1.0,1,0.1578401048714079,65
3887,1,7914,2975,4939,0,0,0,1.0,1,1.0,1,1.0,1,0.13733842832098384,65
3888,1,7915,2975,4940,0,0,0,1.0,1,1.0,1,1.0,1,0.14623492185121933,66
3889,4,7919,2975,4944,0,0,0,1.0,1,1.0,1,1.0,1,0.10592719039511908,64
3890,1,7920,2976,4944,0,0,0,1.0,1,1.0,1,1.0,1,0.11411626979857213,63
3891,3,7923,2977,4946,0,0,0,1.0,1,1.0,1,1.0,1,0.12580812598988936,66
3892,3,7926,2977,4949,0,0,0,1.0,1,1.0,1,1.0,1,0.12199957261650635,67
3893,2,7928,2977,4951,0,0,0,1.0,1,1.0,1,1.0,1,0.10677646081659209,66
3894,2,7930,2977,4953,0,0,0,1.0,1,1.0,1,1.0,1,0.10067257595544617,67
3895,1,7931,2978,4953,0,0,0,1.0,1,1.0,1,1.0,1,0.11340515990653818,66
3896,0,7931,2978,4953,0,0,0,1.0,1,1.0,1,1.0,1,0.11340515990653818,66
3897,0,7931,2978,4953,0,0,0,1.0,1,1.0,1,1.0,1,0.11967282701129991,65
3898,5,7936,2981,4955,0,0,0,1.0,1,1.0,1,1.0,1,0.13129980361834465,65
3899,3,7939,2983,4956,0,0,0,1.0,1,1.0,1,1.0,1,0.1244154673732874,64
3900,4,7943,2984,4959,0,0,0,1.0,1,1.0,1,1.0,1,0.14425148858376,63
3901,5,7948,2986,4962,0,0,0,1.0,1,1.0,1,1.0,1,0.14229111799177854,63
3902,1,7949,2986,4963,0,0,0,1.0,1,1.0,1,1.0,1,0.14968210979283428,64
3903,2,7951,2987,4964,0,0,0,1.0,1,1.0,1,1.0,1,0.13883946069244185,64
3904,0,7951,2987,4964,0,0,0,1.0,1,1.0,1,1.0,1,0.14947325303387568,63
3905,5,7956,2987,4969,0,0,0,1.0,1,1.0,1,1.0,1,0.13480855618632231,63
3906,3,7959,2990,4969,0,0,0,1.0,1,1.0,1,1.0,1,0.16298661031882966,64
3907,4,7963,2992,4971,0,0,0,1.0,1,1.0,1,1.0,1,0.15675780149744842,64
3908,0,7963,2992,4971,0,0,0,1.0,1,1.0,1,1.0,1,0.1583824739367685,63
3909,6,7969,2992,4977,0,0,0,1.0,1,1.0,1,1.0,1,0.10010242794735345,62
3910,3,7972,2992,4980,0,0,0,1.0,1,1.0,1,1.0,1,0.10139830457220625,62
3911,5,7977,2994,4983,0,0,0,1.0,1,1.0,1,1.0,1,0.1461005547996631,64
3912,5,7982,2996,4986,0,0,0,1.0,1,1.0,1,1.0,1,0.1151070652658074,64
3913,1,7983,2996,4987,0,0,0,1.0,1,1.0,1,1.0,1,0.11644454015085279,65
3914,0,7983,2996,4987,0,0,0,1.0,1,1.0,1,1.0,1,0.1361660781958627,65
3915,0,7983,2996,4987,0,0,0,1.0,1,1.0,1,1.0,1,0.1302356389375003,66
3916,3,7986,2997,4989,0,0,0,1.0,1,1.0,1,1.0,1,0.13955868209445246,66
3917,2,7988,2997,4991,0,0,0,1.0,1,1.0,1,1.0,1,0.1195640625616542,66
3918,2,7990,2997,4993,0,0,0,1.0,1,1.0,1,1.0,1,0.11240394173209059,67
3919,2,7992,2998,4994,0,0,0,1.0,1,1.0,1,1.0,1,0.12250568166784664,68
3920,0,7992,2998,4994,0,0,0,1.0,1,1.0,1,1.0,1,0.1174744065595625,69
3921,2,7994,2999,4995,0,0,0,1.0,1,1.0,1,1.0,1,0.11938961234506462,68
3922,2,7996,3000,4996,0,0,0,1.0,1,1.0,1,1.0,1,0.13950138855032712,68
3923,2,7998,3000,4998,0,0,0,1.0,1,1.0,1,1.0,1,0.14749493994127272,69
3924,3,8001,3001,5000,0,0,0,1.0,1,1.0,1,1.0,1,0.15050495426547586,69
3925,3,8004,3003,5001,0,0,0,1.0,1,1.0,1,1.0,1,0.15136563272612302,67
3926,1,8005,3003,5002,0,0,0,1.0,1,1.0,1,1.0,1,0.15417018893723788,67
3927,1,8006,3003,5003,0,0,0,1.0,1,1.0,1,1.0,1,0.16796277512255894,65
3928,2,8008,3003,5005,0,0,0,1.0,1,1.0,1,1.0,1,0.15168958530089816,65
3929,4,8012,3004,5008,0,0,0,1.0,1,1.0,1,1.0,1,0.13877441268837717,64
3930,2,8014,3004,5010,0,0,0,1.0,1,1.0,1,1.0,1,0.14173641595457365,64
3931,0,8014,3004,5010,0,0,0,1.0,1,1.0,1,1.0,1,0.143445453372147,62
3932,0,8014,3004,5010,0,0,0,1.0,1,1.0,1,1.0,1,0.143445453372147,62
3933,1,8015,3004,5011,0,0,0,1.0,1,1.0,1,1.0,1,0.1332686940052266,62
3934,1,8016,3005,5011,0,0,0,1.0,1,1.0,1,1.0,1,0.1308892293734666,61
3935,4,8020,3006,5014,0,0,0,1.0,1,1.0,1,1.0,1,0.1428588153623197,64
3936,1,8021,3006,5015,0,0,0,1.0,1,1.0,1,1.0,1,0.14116508805037636,65
3937,3,8024,3006,5018,0,0,0,1.0,1,1.0,1,1.0,1,0.13127576747204628,66
3938,2,8026,3007,5019,0,0,0,1.0,1,1.0,1,1.0,1,0.14928783511025076,66
3939,3,8029,3007,5022,0,0,0,1.0,1,1.0,1,1.0,1,0.11578408974953207,67
3940,3,8032,3008,5024,0,0,0,1.0,1,1.0,1,1.0,1,0.12095321043881178,69
3941,2,8034,3008,5026,0,0,0,1.0,1,1.0,1,1.0,1,0.07222954497421309,69
3942,1,8035,3009,5026,0,0,0,1.0,1,1.0,1,1.0,1,0.07782269524028593,69
3943,2,8037,3011,5026,0,0,0,1.0,1,1.0,1,1.0,1,0.09905040436912833,68
3944,1,8038,3011,5027,0,0,0,1.0,1,1.0,1,1.0,1,0.10529152932118838,68
3945,4,8042,3014,5028,0,0,0,1.0,1,1.0,1,1.0,1,0.12979216156445963,67
3946,4,8046,3015,5031,0,0,0,1.0,1,1.0,1,1.0,1,0.15529353247537164,67
3947,3,8049,3015,5034,0,0,0,1.0,1,1.0,1,1.0,1,0.13477916061781767,66
3948,1,8050,3016,5034,0,0,0,1.0,1,1.0,1,1.0,1,0.146630361707735,67
3949,8,8058,3019,5039,0,0,0,1.0,1,1.0,1,1.0,1,0.18567502946464368,66
3950,2,8060,3020,5040,0,0,0,1.0,1,1.0,1,1.0,1,0.1643735652292126,65
3951,2,8062,3020,5042,0,0,0,1.0,1,1.0,1,1.0,1,0.14291824018799254,65
3952,2,8064,3021,5043,0,0,0,1.0,1,1.0,1,1.0,1,0.14697196927435718,65
3953,3,8067,3022,5045,0,0,0,1.0,1,1.0,1,1.0,1,0.13159773777488323,65
3954,0,8067,3022,5045,0,0,0,1.0,1,1.0,1,1.0,1,0.14254391773638972,64
3955,0,8067,3022,5045,0,0,0,1.0,1,1.0,1,1.0,1,0.16728576700558995,64
3956,0,8067,3022,5045,0,0,0,1.0,1,1.0,1,1.0,1,0.16040134834063874,63
3957,1,8068,3022,5046,0,0,0,1.0,1,1.0,1,1.0,1,0.15450241125176706,63
3958,1,8069,3022,5047,0,0,0,1.0,1,1.0,1,1.0,1,0.16344235175733712,63
3959,0,8069,3022,5047,0,0,0,1.0,1,1.0,1,1.0,1,0.16574983132490947,62
3960,0,8069,3022,5047,0,0,0,1.0,1,1.0,1,1.0,1,0.16574983132490947,62
3961,5,8074,3024,5050,0,0,0,1.0,1,1.0,1,1.0,1,0.1408924989972638,64
3962,1,8075,3025,5050,0,0,0,1.0,1,1.0,1,1.0,1,0.15299581094638873,64
3963,4,8079,3026,5053,0,0,0,1.0,1,1.0,1,1.0,1,0.12376260281307681,62
3964,2,8081,3027,5054,0,0,0,1.0,1,1.0,1,1.0,1,0.11621173460331222,63
3965,2,8083,3027,5056,0,0,0,1.0,1,1.0,1,1.0,1,0.10160866425790935,63
3966,1,8084,3028,5056,0,0,0,1.0,1,1.0,1,1.0,1,0.12030410327768289,62
3967,1,8085,3028,5057,0,0,0,1.0,1,1.0,1,1.0,1,0.13065405463346308,64
3968,5,8090,3030,5060,0,0,0,1.0,1,1.0,1,1.0,1,0.14277795137179908,63
3969,2,8092,3031,5061,0,0,0,1.0,1,1.0,1,1.0,1,0.1397402378174138,63
3970,2,8094,3031,5063,0,0,0,1.0,1,1.0,1,1.0,1,0.1277054306297236,65
3971,1,8095,3032,5063,0,0,0,1.0,1,1.0,1,1.0,1,0.12886802510289602,65
3972,2,8097,3033,5064,0,0,0,1.0,1,1.0,1,1.0,1,0.14032641570674156,66
3973,3,8100,3033,5067,0,0,0,1.0,1,1.0,1,1.0,1,0.09451122659126288,66
3974,2,8102,3034,5068,0,0,0,1.0,1,1.0,1,1.0,1,0.11300018190323388,66
3975,2,8104,3035,5069,0,0,0,1.0,1,1.0,1,1.0,1,0.10243392732718745,66
3976,2,8106,3037,5069,0,0,0,1.0,1,1.0,1,1.0,1,0.1331893020757187,66
3977,2,8108,3038,5070,0,0,0,1.0,1,1.0,1,1.0,1,0.1411521204759428,64
3978,3,8111,3039,5072,0,0,0,1.0,1,1.0,1,1.0,1,0.13805717467714168,63
3979,1,8112,3039,5073,0,0,0,1.0,1,1.0,1,1.0,1,0.15411807695676816,63
3980,1,8113,3040,5073,0,0,0,1.0,1,1.0,1,1.0,1,0.15857633257263332,63
3981,5,8118,3041,5077,0,0,0,1.0,1,1.0,1,1.0,1,0.129744242646111,64
3982,1,8119,3042,5077,0,0,0,1.0,1,1.0,1,1.0,1,0.12963205630427796,65
3983,2,8121,3043,5078,0,0,0,1.0,1,1.0,1,1.0,1,0.10522486147045541,64
3984,2,8123,3044,5079,0,0,0,1.0,1,1.0,1,1.0,1,0.11827500726146314,65
3985,5,8128,3048,5080,0,0,0,1.0,1,1.0,1,1.0,1,0.14294564799435652,64
3986,2,8130,3048,5082,0,0,0,1.0,1,1.0,1,1.0,1,0.13852325150103886,63
3987,3,8133,3048,5085,0,0,0,1.0,1,1.0,1,1.0,1,0.1490363907238303,63
3988,3,8136,3049,5087,0,0,0,1.0,1,1.0,1,1.0,1,0.13467869289547893,63
3989,3,8139,3049,5090,0,0,0,1.0,1,1.0,1,1.0,1,0.1231564259561858,63
3990,1,8140,3050,5090,0,0,0,1.0,1,1.0,1,1.0,1,0.1556674065448991,62
3991,2,8142,3050,5092,0,0,0,1.0,1,1.0,1,1.0,1,0.1345820143270432,62
3992,0,8142,3050,5092,0,0,0,1.0,1,1.0,1,1.0,1,0.12346996173146628,65
3993,2,8144,3051,5093,0,0,0,1.0,1,1.0,1,1.0,1,0.12320470111259242,65
3994,2,8146,3052,5094,0,0,0,1.0,1,1.0,1,1.0,1,0.11858221623576605,64
3995,0,8146,3052,5094,0,0,0,1.0,1,1.0,1,1.0,1,0.11858221623576605,64
3996,2,8148,3052,5096,0,0,0,1.0,1,1.0,1,1.0,1,0.13664681955709504,67
3997,5,8153,3052,5101,0,0,0,1.0,1,1.0,1,1.0,1,0.07624572727807541,69
3998,2,8155,3053,5102,0,0,0,1.0,1,1.0,1,1.0,1,0.0906030941316924,69
3999,0,8155,3053,5102,0,0,0,1.0,1,1.0,1,1.0,1,0.0906030941316924,69
4000,1,8156,3054,5102,0,0,0,1.0,1,1.0,1,1.0,1,0.08714312219552704,69
4001,3,8159,3054,5105,0,0,0,1.0,1,1.0,1,1.0,1,0.07788017577188973,68
4002,3,8162,3055,5107,0,0,0,1.0,1,1.0,1,1.0,1,0.10067138527603624,68
4003,3,8165,3056,5109,0,0,0,1.0,1,1.0,1,1.0,1,0.11335360037154511,68
4004,7,8172,3059,5113,0,0,0,1.0,1,1.0,1,1.0,1,0.117267250815763,67
4005,2,8174,3059,5115,0,0,0,1.0,1,1.0,1,1.0,1,0.08746139217489686,67
4006,1,8175,3060,5115,0,0,0,1.0,1,1.0,1,1.0,1,0.10530547993703096,67
4007,1,8176,3060,5116,0,0,0,1.0,1,1.0,1,1.0,1,0.0914552939221571,67
4008,5,8181,3064,5117,0,0,0,1.0,1,1.0,1,1.0,1,0.12303284943189025,67
4009,1,8182,3064,5118,0,0,0,1.0,1,1.0,1,1.0,1,0.11534241558959503,67
4010,2,8184,3065,5119,0,0,0,1.0,1,1.0,1,1.0,1,0.12574507039025323,66
4011,1,8185,3066,5119,0,0,0,1.0,1,1.0,1,1.0,1,0.1329808001431811,66
4012,0,8185,3066,5119,0,0,0,1.0,1,1.0,1,1.0,1,0.1523941943259417,66
4013,2,8187,3066,5121,0,0,0,1.0,1,1.0,1,1.0,1,0.14175402742135712,66
4014,5,8192,3068,5124,0,0,0,1.0,1,1.0,1,1.0,1,0.13529585825572257,66
4015,0,8192,3068,5124,0,0,0,1.0,1,1.0,1,1.0,1,0.1479269407749159,64
4016,1,8193,3069,5124,0,0,0,1.0,1,1.0,1,1.0,1,0.20383056731250426,64
4017,3,8196,3069,5127,0,0,0,1.0,1,1.0,1,1.0,1,0.16109884419488363,66
4018,3,8199,3069,5130,0,0,0,1.0,1,1.0,1,1.0,1,0.15012487205729544,67
4019,2,8201,3071,5130,0,0,0,1.0,1,1.0,1,1.0,1,0.18580120819019164,67
4020,0,8201,3071,5130,0,0,0,1.0,1,1.0,1,1.0,1,0.18993112006375396,66
4021,2,8203,3072,5131,0,0,0,1.0,1,1.0,1,1.0,1,0.19528459154823258,66
4022,0,8203,3072,5131,0,0,0,1.0,1,1.0,1,1.0,1,0.19528459154823258,66
4023,2,8205,3074,5131,0,0,0,1.0,1,1.0,1,1.0,1,0.18445789941446233,66
4024,2,8207,3075,5132,0,0,0,1.0,1,1.0,1,1.0,1,0.19852336571625143,66
4025,5,8212,3075,5137,0,0,0,1.0,1,1.0,1,1.0,1,0.1456053508126465,66
4026,4,8216,3076,5140,0,0,0,1.0,1,1.0,1,1.0,1,0.14296508956002763,66
4027,3,8219,3077,5142,0,0,0,1.0,1,1.0,1,1.0,1,0.13936120385539452,64
4028,5,8224,3080,5144,0,0,0,1.0,1,1.0,1,1.0,1,0.1830349619224789,63
4029,4,8228,3081,5147,0,0,0,1.0,1,1.0,1,1.0,1,0.15422275181322584,62
4030,3,8231,3082,5149,0,0,0,1.0,1,1.0,1,1.0,1,0.15451869109903535,63
4031,2,8233,3083,5150,0,0,0,1.0,1,1.0,1,1.0,1,0.15834817925248135,62
4032,2,8235,3085,5150,0,0,0,1.0,1,1.0,1,1.0,1,0.17058763896603224,62
4033,8,8243,3087,5156,0,0,0,1.0,1,1.0,1,1.0,1,0.13901862405464788,61
4034,3,8246,3087,5159,0,0,0,1.0,1,1.0,1,1.0,1,0.16980529524772767,60
4035,1,8247,3088,5159,0,0,0,1.0,1,1.0,1,1.0,1,0.18708605690921049,59
4036,6,8253,3089,5164,0,0,0,1.0,1,1.0,1,1.0,1,0.15435514398168662,58
4037,2,8255,3091,5164,0,0,0,1.0,1,1.0,1,1.0,1,0.14269779544338637,59
4038,3,8258,3092,5166,0,0,0,1.0,1,1.0,1,1.0,1,0.17028538673373791,58
4039,2,8260,3094,5166,0,0,0,1.0,1,1.0,1,1.0,1,0.2206164783789422,56
4040,1,8261,3094,5167,0,0,0,1.0,1,1.0,1,1.0,1,0.23895157094876007,55
4041,8,8269,3095,5174,0,0,0,1.0,1,1.0,1,1.0,1,0.1972947269980806,54
4042,3,8272,3097,5175,0,0,0,1.0,1,1.0,1,1.0,1,0.2190725092667033,56
4043,1,8273,3098,5175,0,0,0,1.0,1,1.0,1,1.0,1,0.23605597918380292,56
4044,3,8276,3099,5177,0,0,0,1.0,1,1.0,1,1.0,1,0.27052705314369513,56
4045,6,8282,3100,5182,0,0,0,1.0,1,1.0,1,1.0,1,0.20779127875771053,57
4046,0,8282,3100,5182,0,0,0,1.0,1,1.0,1,1.0,1,0.23813222923498334,59
4047,1,8283,3101,5182,0,0,0,1.0,1,1.0,1,1.0,1,0.26843022293601204,59
4048,1,8284,3101,5183,0,0,0,1.0,1,1.0,1,1.0,1,0.26022381048551024,59
4049,1,8285,3101,5184,0,0,0,1.0,1,1.0,1,1.0,1,0.23089259214115956,60
4050,1,8286,3101,5185,0,0,0,1.0,1,1.0,1,1.0,1,0.22084543301425066,60
4051,0,8286,3101,5185,0,0,0,1.0,1,1.0,1,1.0,1,0.22084543301425066,60
4052,0,8286,3101,5185,0,0,0,1.0,1,1.0,1,1.0,1,0.22084543301425066,60
4053,3,8289,3101,5188,0,0,0,1.0,1,1.0,1,1.0,1,0.2007198143215574,60
4054,0,8289,3101,5188,0,0,0,1.0,1,1.0,1,1.0,1,0.18921748091836896,61
4055,0,8289,3101,5188,0,0,0,1.0,1,1.0,1,1.0,1,0.18921748091836896,61
4056,2,8291,3102,5189,0,0,0,1.0,1,1.0,1,1.0,1,0.19501624099678447,62
4057,1,8292,3102,5190,0,0,0,1.0,1,1.0,1,1.0,1,0.1981706844162076,63
4058,1,8293,3102,5191,0,0,0,1.0,1,1.0,1,1.0,1,0.21314241601988393,64
4059,0,8293,3102,5191,0,0,0,1.0,1,1.0,1,1.0,1,0.22973872630173045,63
4060,0,8293,3102,5191,0,0,0,1.0,1,1.0,1,1.0,1,0.22973872630173045,63
4061,0,8293,3102,5191,0,0,0,1.0,1,1.0,1,1.0,1,0.23341814987657789,63
4062,2,8295,3103,5192,0,0,0,1.0,1,1.0,1,1.0,1,0.22294278259048492,65
4063,4,8299,3103,5196,0,0,0,1.0,1,1.0,1,1.0,1,0.18525335159340106,64
4064,3,8302,3105,5197,0,0,0,1.0,1,1.0,1,1.0,1,0.1887161172128994,65
4065,5,8307,3107,5200,0,0,0,1.0,1,1.0,1,1.0,1,0.13880524807893507,64
4066,3,8310,3109,5201,0,0,0,1.0,1,1.0,1,1.0,1,0.12697904056490802,64
4067,5,8315,3112,5203,0,0,0,1.0,1,1.0,1,1.0,1,0.19640489192186036,63
4068,4,8319,3114,5205,0,0,0,1.0,1,1.0,1,1.0,1,0.1651162630496141,64
4069,3,8322,3115,5207,0,0,0,1.0,1,1.0,1,1.0,1,0.14246838119581512,62
4070,5,8327,3118,5209,0,0,0,1.0,1,1.0,1,1.0,1,0.179820611026742,61
4071,3,8330,3121,5209,0,0,0,1.0,1,1.0,1,1.0,1,0.20414052642914124,61
4072,5,8335,3124,5211,0,0,0,1.0,1,1.0,1,1.0,1,0.19702912459235086,60
4073,4,8339,3125,5214,0,0,0,1.0,1,1.0,1,1.0,1,0.1806407854357621,60
4074,3,8342,3128,5214,0,0,0,1.0,1,1.0,1,1.0,1,0.21057563490013567,60
4075,2,8344,3128,5216,0,0,0,1.0,1,1.0,1,1.0,1,0.1711947142108244,59
4076,2,8346,3129,5217,0,0,0,1.0,1,1.0,1,1.0,1,0.1720935976015659,60
4077,8,8354,3131,5223,0,0,0,1.0,1,1.0,1,1.0,1,0.1470772977580118,61
4078,0,8354,3131,5223,0,0,0,1.0,1,1.0,1,1.0,1,0.16376294404691905,60
4079,2,8356,3132,5224,0,0,0,1.0,1,1.0,1,1.0,1,0.1899267920463876,58
4080,1,8357,3133,5224,0,0,0,1.0,1,1.0,1,1.0,1,0.21236798453249991,56
4081,5,8362,3133,5229,0,0,0,1.0,1,1.0,1,1.0,1,0.18564747881508828,56
4082,2,8364,3133,5231,0,0,0,1.0,1,1.0,1,1.0,1,0.18543933077650973,55
4083,1,8365,3134,5231,0,0,0,1.0,1,1.0,1,1.0,1,0.19777352420152974,55
4084,1,8366,3135,5231,0,0,0,1.0,1,1.0,1,1.0,1,0.21440041783745115,55
4085,4,8370,3135,5235,0,0,0,1.0,1,1.0,1,1.0,1,0.16385362373928636,56
4086,4,8374,3135,5239,0,0,0,1.0,1,1.0,1,1.0,1,0.13551661905383006,57
4087,3,8377,3136,5241,0,0,0,1.0,1,1.0,1,1.0,1,0.1692697655616999,57
4088,1,8378,3136,5242,0,0,0,1.0,1,1.0,1,1.0,1,0.17826880386978514,57
4089,2,8380,3136,5244,0,0,0,1.0,1,1.0,1,1.0,1,0.19384248427509487,56
4090,1,8381,3136,5245,0,0,0,1.0,1,1.0,1,1.0,1,0.18727182737100037,56
4091,4,8385,3136,5249,0,0,0,1.0,1,1.0,1,1.0,1,0.1523413718870538,56
4092,1,8386,3136,5250,0,0,0,1.0,1,1.0,1,1.0,1,0.138925394025481,57
4093,1,8387,3137,5250,0,0,0,1.0,1,1.0,1,1.0,1,0.1295446486106237,58
4094,1,8388,3138,5250,0,0,0,1.0,1,1.0,1,1.0,1,0.12120678192174415,57
4095,1,8389,3138,5251,0,0,0,1.0,1,1.0,1,1.0,1,0.10908663221162705,57
4096,2,8391,3138,5253,0,0,0,1.0,1,1.0,1,1.0,1,0.08757811901869204,59
4097,0,8391,3138,5253,0,0,0,1.0,1,1.0,1,1.0,1,0.08757811901869204,59
4098,2,8393,3139,5254,0,0,0,1.0,1,1.0,1,1.0,1,0.09152877420274393,59
4099,1,8394,3140,5254,0,0,0,1.0,1,1.0,1,1.0,1,0.11272054686057519,60
4100,1,8395,3140,5255,0,0,0,1.0,1,1.0,1,1.0,1,0.08908513265676775,60
4101,5,8400,3143,5257,0,0,0,1.0,1,1.0,1,1.0,1,0.10330933084472055,60
4102,6,8406,3148,5258,0,0,0,1.0,1,1.0,1,1.0,1,0.10841435128862414,60
4103,1,8407,3149,5258,0,0,0,1.0,1,1.0,1,1.0,1,0.11314027436417766,58
4104,4,8411,3152,5259,0,0,0,1.0,1,1.0,1,1.0,1,0.1062944412691047,60
4105,1,8412,3153,5259,0,0,0,1.0,1,1.0,1,1.0,1,0.119793462109844,59
4106,2,8414,3154,5260,0,0,0,1.0,1,1.0,1,1.0,1,0.10037812733338093,61
4107,0,8414,3154,5260,0,0,0,1.0,1,1.0,1,1.0,1,0.12179983583861062,59
4108,0,8414,3154,5260,0,0,0,1.0,1,1.0,1,1.0,1,0.11116992896382928,60
4109,3,8417,3155,5262,0,0,0,1.0,1,1.0,1,1.0,1,0.08420622821922473,59
4110,1,8418,3155,5263,0,0,0,1.0,1,1.0,1,1.0,1,0.07736749832164663,60
4111,2,8420,3156,5264,0,0,0,1.0,1,1.0,1,1.0,1,0.09269066498604052,61
4112,1,8421,3157,5264,0,0,0,1.0,1,1.0,1,1.0,1,0.10255810043634533,60
4113,3,8424,3157,5267,0,0,0,1.0,1,1.0,1,1.0,1,0.08102230376311562,61
4114,1,8425,3157,5268,0,0,0,1.0,1,1.0,1,1.0,1,0.0937044824710688,62
4115,9,8434,3161,5273,0,0,0,1.0,1,1.0,1,1.0,1,0.1576035757462846,60
4116,7,8441,3162,5279,0,0,0,1.0,1,1.0,1,1.0,1,0.15012807155848118,59
4117,5,8446,3164,5282,0,0,0,1.0,1,1.0,1,1.0,1,0.12919848757815877,56
4118,1,8447,3164,5283,0,0,0,1.0,1,1.0,1,1.0,1,0.12806267413289682,55
4119,1,8448,3164,5284,0,0,0,1.0,1,1.0,1,1.0,1,0.1373203049950103,53
4120,2,8450,3166,5284,0,0,0,1.0,1,1.0,1,1.0,1,0.12599076410950985,52
4121,5,8455,3168,5287,0,0,0,1.0,1,1.0,1,1.0,1,0.07916238442320284,53
4122,2,8457,3169,5288,0,0,0,1.0,1,1.0,1,1.0,1,0.08541437560313198,52
4123,1,8458,3169,5289,0,0,0,1.0,1,1.0,1,1.0,1,0.10374623366342792,51
4124,1,8459,3170,5289,0,0,0,1.0,1,1.0,1,1.0,1,0.10606370729190141,51
4125,1,8460,3170,5290,0,0,0,1.0,1,1.0,1,1.0,1,0.1113076437731252,50
4126,6,8466,3171,5295,0,0,0,1.0,1,1.0,1,1.0,1,0.0713687604629558,50
4127,0,8466,3171,5295,0,0,0,1.0,1,1.0,1,1.0,1,0.08646024736867779,49
4128,1,8467,3171,5296,0,0,0,1.0,1,1.0,1,1.0,1,0.08115102904009988,49
4129,1,8468,3171,5297,0,0,0,1.0,1,1.0,1,1.0,1,0.06350918469471617,49
4130,1,8469,3172,5297,0,0,0,1.0,1,1.0,1,1.0,1,0.06591460707601303,50
4131,2,8471,3173,5298,0,0,0,1.0,1,1.0,1,1.0,1,0.0975891173280104,50
4132,1,8472,3174,5298,0,0,0,1.0,1,1.0,1,1.0,1,0.12262263269849537,50
4133,2,8474,3174,5300,0,0,0,1.0,1,1.0,1,1.0,1,0.11529408542010958,51
4134,2,8476,3174,5302,0,0,0,1.0,1,1.0,1,1.0,1,0.07622074522312716,53
4135,0,8476,3174,5302,0,0,0,1.0,1,1.0,1,1.0,1,0.0866600676005145,54
4136,0,8476,3174,5302,0,0,0,1.0,1,1.0,1,1.0,1,0.0866600676005145,54
4137,6,8482,3176,5306,0,0,0,1.0,1,1.0,1,1.0,1,0.14472426878741923,55
4138,3,8485,3177,5308,0,0,0,1.0,1,1.0,1,1.0,1,0.09926310315885262,54
4139,1,8486,3177,5309,0,0,0,1.0,1,1.0,1,1.0,1,0.10496823918994068,54
4140,2,8488,3178,5310,0,0,0,1.0,1,1.0,1,1.0,1,0.1091707429882344,55
4141,2,8490,3178,5312,0,0,0,1.0,1,1.0,1,1.0,1,0.10455546580191863,55
4142,1,8491,3179,5312,0,0,0,1.0,1,1.0,1,1.0,1,0.10009712383551604,55
4143,0,8491,3179,5312,0,0,0,1.0,1,1.0,1,1.0,1,0.12641600547861076,53
4144,2,8493,3181,5312,0,0,0,1.0,1,1.0,1,1.0,1,0.15205108326692576,52
4145,6,8499,3184,5315,0,0,0,1.0,1,1.0,1,1.0,1,0.13382028409221167,51
4146,2,8501,3186,5315,0,0,0,1.0,1,1.0,1,1.0,1,0.1337690059639098,51
4147,3,8504,3187,5317,0,0,0,1.0,1,1.0,1,1.0,1,0.15549353767339089,50
4148,0,8504,3187,5317,0,0,0,1.0,1,1.0,1,1.0,1,0.1832669943251078,52
4149,6,8510,3187,5323,0,0,0,1.0,1,1.0,1,1.0,1,0.1175039191265262,53
4150,3,8513,3188,5325,0,0,0,1.0,1,1.0,1,1.0,1,0.0846172506262758,53
4151,0,8513,3188,5325,0,0,0,1.0,1,1.0,1,1.0,1,0.0846172506262758,53
4152,1,8514,3189,5325,0,0,0,1.0,1,1.0,1,1.0,1,0.10533463042989599,54
4153,1,8515,3190,5325,0,0,0,1.0,1,1.0,1,1.0,1,0.13346978525520053,51
4154,0,8515,3190,5325,0,0,0,1.0,1,1.0,1,1.0,1,0.13346978525520053,51
4155,2,8517,3192,5325,0,0,0,1.0,1,1.0,1,1.0,1,0.15837552458777548,51
4156,3,8520,3193,5327,0,0,0,1.0,1,1.0,1,1.0,1,0.15895646415891843,52
4157,4,8524,3194,5330,0,0,0,1.0,1,1.0,1,1.0,1,0.16024622126277324,52
4158,0,8524,3194,5330,0,0,0,1.0,1,1.0,1,1.0,1,0.15781995568464402,52
4159,0,8524,3194,5330,0,0,0,1.0,1,1.0,1,1.0,1,0.15686312822337234,52
4160,4,8528,3196,5332,0,0,0,1.0,1,1.0,1,1.0,1,0.16452355590002968,50
4161,1,8529,3197,5332,0,0,0,1.0,1,1.0,1,1.0,1,0.17293108912499697,50
4162,1,8530,3197,5333,0,0,0,1.0,1,1.0,1,1.0,1,0.16226555449751345,51
4163,0,8530,3197,5333,0,0,0,1.0,1,1.0,1,1.0,1,0.18894446070787302,48
4164,5,8535,3198,5337,0,0,0,1.0,1,1.0,1,1.0,1,0.1811278482972611,50
4165,1,8536,3198,5338,0,0,0,1.0,1,1.0,1,1.0,1,0.1769314562870046,49
4166,1,8537,3198,5339,0,0,0,1.0,1,1.0,1,1.0,1,0.1641119295688167,50
4167,2,8539,3198,5341,0,0,0,1.0,1,1.0,1,1.0,1,0.15741111248107817,50
4168,0,8539,3198,5341,0,0,0,1.0,1,1.0,1,1.0,1,0.17639097407558998,50
4169,1,8540,3199,5341,0,0,0,1.0,1,1.0,1,1.0,1,0.17819707302188206,51
4170,1,8541,3200,5341,0,0,0,1.0,1,1.0,1,1.0,1,0.2213689908391933,50
4171,5,8546,3203,5343,0,0,0,1.0,1,1.0,1,1.0,1,0.278991138909822,50
4172,5,8551,3204,5347,0,0,0,1.0,1,1.0,1,1.0,1,0.31311667707326546,49
4173,6,8557,3204,5353,0,0,0,1.0,1,1.0,1,1.0,1,0.26595182533826744,48
4174,2,8559,3204,5355,0,0,0,1.0,1,1.0,1,1.0,1,0.25723594977164943,48
4175,1,8560,3204,5356,0,0,0,1.0,1,1.0,1,1.0,1,0.24119762938302716,48
4176,3,8563,3204,5359,0,0,0,1.0,1,1.0,1,1.0,1,0.220437783937924,50
4177,6,8569,3205,5364,0,0,0,1.0,1,1.0,1,1.0,1,0.17278110235155525,52
4178,2,8571,3205,5366,0,0,0,1.0,1,1.0,1,1.0,1,0.15933532408850376,53
4179,1,8572,3205,5367,0,0,0,1.0,1,1.0,1,1.0,1,0.13988698954683715,54
4180,1,8573,3205,5368,0,0,0,1.0,1,1.0,1,1.0,1,0.14285142462946865,55
4181,3,8576,3205,5371,0,0,0,1.0,1,1.0,1,1.0,1,0.12715093653404264,56
4182,1,8577,3205,5372,0,0,0,1.0,1,1.0,1,1.0,1,0.12422077159177447,56
4183,2,8579,3206,5373,0,0,0,1.0,1,1.0,1,1.0,1,0.12457907387537662,57
4184,2,8581,3208,5373,0,0,0,1.0,1,1.0,1,1.0,1,0.16582052221767163,57
4185,2,8583,3208,5375,0,0,0,1.0,1,1.0,1,1.0,1,0.13694876078526064,54
4186,2,8585,3209,5376,0,0,0,1.0,1,1.0,1,1.0,1,0.15346230331695945,55
4187,1,8586,3210,5376,0,0,0,1.0,1,1.0,1,1.0,1,0.1614312594974536,53
4188,4,8590,3211,5379,0,0,0,1.0,1,1.0,1,1.0,1,0.1354450947008066,53
4189,2,8592,3211,5381,0,0,0,1.0,1,1.0,1,1.0,1,0.09426369144378016,53
4190,1,8593,3212,5381,0,0,0,1.0,1,1.0,1,1.0,1,0.08962681982124314,53
4191,0,8593,3212,5381,0,0,0,1.0,1,1.0,1,1.0,1,0.10685689170767258,51
4192,3,8596,3215,5381,0,0,0,1.0,1,1.0,1,1.0,1,0.18655522501609814,51
4193,4,8600,3216,5384,0,0,0,1.0,1,1.0,1,1.0,1,0.12334094412761767,50
4194,1,8601,3217,5384,0,0,0,1.0,1,1.0,1,1.0,1,0.1545734329079332,50
4195,4,8605,3219,5386,0,0,0,1.0,1,1.0,1,1.0,1,0.17792606972483885,50
4196,2,8607,3219,5388,0,0,0,1.0,1,1.0,1,1.0,1,0.16619993491528204,51
4197,3,8610,3221,5389,0,0,0,1.0,1,1.0,1,1.0,1,0.16121482039652443,50
4198,1,8611,3222,5389,0,0,0,1.0,1,1.0,1,1.0,1,0.1550789943375956,48
4199,2,8613,3223,5390,0,0,0,1.0,1,1.0,1,1.0,1,0.18162306102292838,48
4200,1,8614,3223,5391,0,0,0,1.0,1,1.0,1,1.0,1,0.20943527691299169,48
4201,1,8615,3223,5392,0,0,0,1.0,1,1.0,1,1.0,1,0.21266588317041407,47
4202,0,8615,3223,5392,0,0,0,1.0,1,1.0,1,1.0,1,0.21266588317041407,47
4203,1,8616,3224,5392,0,0,0,1.0,1,1.0,1,1.0,1,0.2400914511790844,47
4204,1,8617,3225,5392,0,0,0,1.0,1,1.0,1,1.0,1,0.2693338156797045,48
4205,2,8619,3225,5394,0,0,0,1.0,1,1.0,1,1.0,1,0.24542174145952417,49
4206,1,8620,3226,5394,0,0,0,1.0,1,1.0,1,1.0,1,0.27506541885819275,49
4207,0,8620,3226,5394,0,0,0,1.0,1,1.0,1,1.0,1,0.2624140606261337,48
4208,0,8620,3226,5394,0,0,0,1.0,1,1.0,1,1.0,1,0.2508881962118955,49
4209,2,8622,3227,5395,0,0,0,1.0,1,1.0,1,1.0,1,0.23288312739024436,51
4210,3,8625,3229,5396,0,0,0,1.0,1,1.0,1,1.0,1,0.24065341348731206,52
4211,1,8626,3229,5397,0,0,0,1.0,1,1.0,1,1.0,1,0.2373886721404508,53
4212,0,8626,3229,5397,0,0,0,1.0,1,1.0,1,1.0,1,0.2373886721404508,53
4213,2,8628,3229,5399,0,0,0,1.0,1,1.0,1,1.0,1,0.22550961693026292,54
4214,3,8631,3229,5402,0,0,0,1.0,1,1.0,1,1.0,1,0.19385785951098128,54
4215,2,8633,3231,5402,0,0,0,1.0,1,1.0,1,1.0,1,0.203496197376699,54
4216,0,8633,3231,5402,0,0,0,1.0,1,1.0,1,1.0,1,0.21570059320302457,53
4217,6,8639,3233,5406,0,0,0,1.0,1,1.0,1,1.0,1,0.1869731126167076,54
4218,1,8640,3233,5407,0,0,0,1.0,1,1.0,1,1.0,1,0.19088306658850399,53
4219,1,8641,3234,5407,0,0,0,1.0,1,1.0,1,1.0,1,0.22122766688824522,53
4220,2,8643,3235,5408,0,0,0,1.0,1,1.0,1,1.0,1,0.2594799053626117,53
4221,6,8649,3236,5413,0,0,0,1.0,1,1.0,1,1.0,1,0.26122391750403223,54
4222,5,8654,3239,5415,0,0,0,1.0,1,1.0,1,1.0,1,0.24940892141183235,55
4223,8,8662,3241,5421,0,0,0,1.0,1,1.0,1,1.0,1,0.22554452882371567,56
4224,5,8667,3242,5425,0,0,0,1.0,1,1.0,1,1.0,1,0.18392425866049442,55
4225,3,8670,3242,5428,0,0,0,1.0,1,1.0,1,1.0,1,0.16190129854179863,53
4226,3,8673,3244,5429,0,0,0,1.0,1,1.0,1,1.0,1,0.1964576361086566,54
4227,1,8674,3245,5429,0,0,0,1.0,1,1.0,1,1.0,1,0.18032887248758245,52
4228,0,8674,3245,5429,0,0,0,1.0,1,1.0,1,1.0,1,0.17996241612817052,51
4229,4,8678,3246,5432,0,0,0,1.0,1,1.0,1,1.0,1,0.16855666671099917,48
4230,2,8680,3248,5432,0,0,0,1.0,1,1.0,1,1.0,1,0.19184581520313407,48
4231,2,8682,3248,5434,0,0,0,1.0,1,1.0,1,1.0,1,0.15350206297706828,48
4232,2,8684,3249,5435,0,0,0,1.0,1,1.0,1,1.0,1,0.13874550679711287,48
4233,0,8684,3249,5435,0,0,0,1.0,1,1.0,1,1.0,1,0.1214766192646339,48
4234,3,8687,3250,5437,0,0,0,1.0,1,1.0,1,1.0,1,0.1318195129084991,49
4235,1,8688,3250,5438,0,0,0,1.0,1,1.0,1,1.0,1,0.0814234029181843,47
4236,1,8689,3251,5438,0,0,0,1.0,1,1.0,1,1.0,1,0.12448210987222011,47
4237,1,8690,3251,5439,0,0,0,1.0,1,1.0,1,1.0,1,0.10773115219312245,48
4238,1,8691,3251,5440,0,0,0,1.0,1,1.0,1,1.0,1,0.06790445178718069,47
4239,0,8691,3251,5440,0,0,0,1.0,1,1.0,1,1.0,1,0.08743280530641488,48
4240,0,8691,3251,5440,0,0,0,1.0,1,1.0,1,1.0,1,0.09772194353079258,47
4241,1,8692,3251,5441,0,0,0,1.0,1,1.0,1,1.0,1,0.10629712336922326,49
4242,1,8693,3252,5441,0,0,0,1.0,1,1.0,1,1.0,1,0.08558750204280038,49
4243,3,8696,3254,5442,0,0,0,1.0,1,1.0,1,1.0,1,0.10613935248621881,50
4244,4,8700,3254,5446,0,0,0,1.0,1,1.0,1,1.0,1,0.0754855441743212,51
4245,1,8701,3254,5447,0,0,0,1.0,1,1.0,1,1.0,1,0.09850329262942555,51
4246,1,8702,3254,5448,0,0,0,1.0,1,1.0,1,1.0,1,0.06469844778590421,51
4247,0,8702,3254,5448,0,0,0,1.0,1,1.0,1,1.0,1,0.07753243338905057,52
4248,1,8703,3255,5448,0,0,0,1.0,1,1.0,1,1.0,1,0.09678423337140138,52
4249,2,8705,3256,5449,0,0,0,1.0,1,1.0,1,1.0,1,0.09081722993924823,52
4250,1,8706,3257,5449,0,0,0,1.0,1,1.0,1,1.0,1,0.11014140026867622,52
4251,0,8706,3257,5449,0,0,0,1.0,1,1.0,1,1.0,1,0.10024464550536877,53
4252,6,8712,3260,5452,0,0,0,1.0,1,1.0,1,1.0,1,0.160996461622367,53
4253,6,8718,3261,5457,0,0,0,1.0,1,1.0,1,1.0,1,0.13617930156647512,54
4254,2,8720,3261,5459,0,0,0,1.0,1,1.0,1,1.0,1,0.11102440626774313,54
4255,3,8723,3262,5461,0,0,0,1.0,1,1.0,1,1.0,1,0.12306610347300723,55
4256,6,8729,3263,5466,0,0,0,1.0,1,1.0,1,1.0,1,0.08293985089797352,57
4257,2,8731,3264,5467,0,0,0,1.0,1,1.0,1,1.0,1,0.1048465240207477,57
4258,1,8732,3264,5468,0,0,0,1.0,1,1.0,1,1.0,1,0.11622335672625621,57
4259,1,8733,3264,5469,0,0,0,1.0,1,1.0,1,1.0,1,0.10369020972409886,57
4260,1,8734,3264,5470,0,0,0,1.0,1,1.0,1,1.0,1,0.09998762599285393,58
4261,1,8735,3265,5470,0,0,0,1.0,1,1.0,1,1.0,1,0.11726727110838298,59
4262,3,8738,3266,5472,0,0,0,1.0,1,1.0,1,1.0,1,0.09505427873418491,60
4263,1,8739,3267,5472,0,0,0,1.0,1,1.0,1,1.0,1,0.10453470239164987,59
4264,3,8742,3269,5473,0,0,0,1.0,1,1.0,1,1.0,1,0.11885681332135317,58
4265,6,8748,3271,5477,0,0,0,1.0,1,1.0,1,1.0,1,0.09011776691105905,58
4266,2,8750,3272,5478,0,0,0,1.0,1,1.0,1,1.0,1,0.08409437039127163,58
4267,2,8752,3274,5478,0,0,0,1.0,1,1.0,1,1.0,1,0.1094066126771318,55
4268,6,8758,3276,5482,0,0,0,1.0,1,1.0,1,1.0,1,0.08451297908874747,55
4269,2,8760,3277,5483,0,0,0,1.0,1,1.0,1,1.0,1,0.1087910265692408,50
4270,1,8761,3277,5484,0,0,0,1.0,1,1.0,1,1.0,1,0.07057850094008665,47
4271,0,8761,3277,5484,0,0,0,1.0,1,1.0,1,1.0,1,0.07766974270039716,47
4272,0,8761,3277,5484,0,0,0,1.0,1,1.0,1,1.0,1,0.0933841628694482,46
4273,2,8763,3278,5485,0,0,0,1.0,1,1.0,1,1.0,1,0.10878744769474666,47
4274,3,8766,3279,5487,0,0,0,1.0,1,1.0,1,1.0,1,0.09769847950924962,45
4275,4,8770,3282,5488,0,0,0,1.0,1,1.0,1,1.0,1,0.15299704806647005,44
4276,5,8775,3285,5490,0,0,0,1.0,1,1.0,1,1.0,1,0.11710875501199544,43
4277,3,8778,3286,5492,0,0,0,1.0,1,1.0,1,1.0,1,0.09382423737019716,42
4278,4,8782,3286,5496,0,0,0,1.0,1,1.0,1,1.0,1,0.07840185221636943,43
4279,4,8786,3288,5498,0,0,0,1.0,1,1.0,1,1.0,1,0.10756598277490051,42
4280,2,8788,3290,5498,0,0,0,1.0,1,1.0,1,1.0,1,0.15330599518075583,44
4281,3,8791,3291,5500,0,0,0,1.0,1,1.0,1,1.0,1,0.14369633097792434,44
4282,2,8793,3291,5502,0,0,0,1.0,1,1.0,1,1.0,1,0.0964190162122396,44
4283,3,8796,3292,5504,0,0,0,1.0,1,1.0,1,1.0,1,0.09446894583368003,45
4284,0,8796,3292,5504,0,0,0,1.0,1,1.0,1,1.0,1,0.09446894583368003,45
4285,1,8797,3292,5505,0,0,0,1.0,1,1.0,1,1.0,1,0.08909472564008734,47
4286,2,8799,3293,5506,0,0,0,1.0,1,1.0,1,1.0,1,0.08367253513046324,47
4287,2,8801,3293,5508,0,0,0,1.0,1,1.0,1,1.0,1,0.08761051006730976,49
4288,1,8802,3293,5509,0,0,0,1.0,1,1.0,1,1.0,1,0.07449017437701512,49
4289,2,8804,3294,5510,0,0,0,1.0,1,1.0,1,1.0,1,0.08322956632742978,50
4290,2,8806,3295,5511,0,0,0,1.0,1,1.0,1,1.0,1,0.09845152472184408,51
4291,4,8810,3296,5514,0,0,0,1.0,1,1.0,1,1.0,1,0.11177845288992466,50
4292,1,8811,3297,5514,0,0,0,1.0,1,1.0,1,1.0,1,0.13097740758393756,51
4293,5,8816,3299,5517,0,0,0,1.0,1,1.0,1,1.0,1,0.12253069138720427,51
4294,1,8817,3300,5517,0,0,0,1.0,1,1.0,1,1.0,1,0.14838991458101222,50
4295,5,8822,3302,5520,0,0,0,1.0,1,1.0,1,1.0,1,0.17094919854665064,50
4296,2,8824,3302,5522,0,0,0,1.0,1,1.0,1,1.0,1,0.14835656396497426,49
4297,4,8828,3302,5526,0,0,0,1.0,1,1.0,1,1.0,1,0.11610818879423848,49
4298,1,8829,3302,5527,0,0,0,1.0,1,1.0,1,1.0,1,0.09212979504577508,49
4299,1,8830,3302,5528,0,0,0,1.0,1,1.0,1,1.0,1,0.1055641140628056,48
4300,2,8832,3303,5529,0,0,0,1.0,1,1.0,1,1.0,1,0.07824010021322063,49
4301,2,8834,3304,5530,0,0,0,1.0,1,1.0,1,1.0,1,0.045334955084018844,50
4302,1,8835,3305,5530,0,0,0,1.0,1,1.0,1,1.0,1,0.0589362555884654,51
4303,2,8837,3307,5530,0,0,0,1.0,1,1.0,1,1.0,1,0.08400255019783515,51
4304,3,8840,3310,5530,0,0,0,1.0,1,1.0,1,1.0,1,0.15290139249173548,51
4305,7,8847,3313,5534,0,0,0,1.0,1,1.0,1,1.0,1,0.093150923173834,49
4306,6,8853,3316,5537,0,0,0,1.0,1,1.0,1,1.0,1,0.0975554436294687,49
4307,4,8857,3318,5539,0,0,0,1.0,1,1.0,1,1.0,1,0.12822448388780056,46
4308,1,8858,3318,5540,0,0,0,1.0,1,1.0,1,1.0,1,0.10188837986500705,44
4309,2,8860,3320,5540,0,0,0,1.0,1,1.0,1,1.0,1,0.15208296229446164,44
4310,1,8861,3321,5540,0,0,0,1.0,1,1.0,1,1.0,1,0.19023624151171456,42
4311,3,8864,3323,5541,0,0,0,1.0,1,1.0,1,1.0,1,0.18427004904420705,42
4312,1,8865,3324,5541,0,0,0,1.0,1,1.0,1,1.0,1,0.1821562456578479,40
4313,6,8871,3326,5545,0,0,0,1.0,1,1.0,1,1.0,1,0.15107163558522868,40
4314,0,8871,3326,5545,0,0,0,1.0,1,1.0,1,1.0,1,0.21268049614005868,36
4315,1,8872,3327,5545,0,0,0,1.0,1,1.0,1,1.0,1,0.18504336290175602,37
4316,1,8873,3328,5545,0,0,0,1.0,1,1.0,1,1.0,1,0.20221720058386788,37
4317,5,8878,3331,5547,0,0,0,1.0,1,1.0,1,1.0,1,0.18509362164148316,36
4318,4,8882,3333,5549,0,0,0,1.0,1,1.0,1,1.0,1,0.17307244932680066,34
4319,0,8882,3333,5549,0,0,0,1.0,1,1.0,1,1.0,1,0.14575472450355778,34
4320,0,8882,3333,5549,0,0,0,1.0,1,1.0,1,1.0,1,0.14575472450355778,34
4321,1,8883,3333,5550,0,0,0,1.0,1,1.0,1,1.0,1,0.2010136235041514,35
4322,0,8883,3333,5550,0,0,0,1.0,1,1.0,1,1.0,1,0.2010136235041514,35
4323,1,8884,3333,5551,0,0,0,1.0,1,1.0,1,1.0,1,0.17740291432620725,35
4324,1,8885,3333,5552,0,0,0,1.0,1,1.0,1,1.0,1,0.1945640127924204,34
4325,0,8885,3333,5552,0,0,0,1.0,1,1.0,1,1.0,1,0.1945640127924204,34
4326,3,8888,3334,5554,0,0,0,1.0,1,1.0,1,1.0,1,0.16150804352211623,36
4327,4,8892,3334,5558,0,0,0,1.0,1,1.0,1,1.0,1,0.13321126178696446,35
4328,0,8892,3334,5558,0,0,0,1.0,1,1.0,1,1.0,1,0.13321126178696446,35
4329,2,8894,3335,5559,0,0,0,1.0,1,1.0,1,1.0,1,0.10576392552340246,38
4330,2,8896,3337,5559,0,0,0,1.0,1,1.0,1,1.0,1,0.1877587571206698,38
4331,1,8897,3337,5560,0,0,0,1.0,1,1.0,1,1.0,1,0.17478763029600183,39
4332,2,8899,3337,5562,0,0,0,1.0,1,1.0,1,1.0,1,0.18348941885693834,40
4333,3,8902,3337,5565,0,0,0,1.0,1,1.0,1,1.0,1,0.11919613241495836,41
4334,2,8904,3338,5566,0,0,0,1.0,1,1.0,1,1.0,1,0.10715083094794843,41
4335,2,8906,3339,5567,0,0,0,1.0,1,1.0,1,1.0,1,0.07537362066426877,42
4336,2,8908,3339,5569,0,0,0,1.0,1,1.0,1,1.0,1,0.10727634330299397,43
4337,2,8910,3339,5571,0,0,0,1.0,1,1.0,1,1.0,1,0.05981010760928851,44
4338,1,8911,3339,5572,0,0,0,1.0,1,1.0,1,1.0,1,0.08140580051913482,44
4339,3,8914,3341,5573,0,0,0,1.0,1,1.0,1,1.0,1,0.11005435535016685,46
4340,1,8915,3341,5574,0,0,0,1.0,1,1.0,1,1.0,1,0.08380684763857905,47
4341,1,8916,3342,5574,0,0,0,1.0,1,1.0,1,1.0,1,0.10119006416498971,47
4342,7,8923,3345,5578,0,0,0,1.0,1,1.0,1,1.0,1,0.1528277036643512,47
4343,2,8925,3346,5579,0,0,0,1.0,1,1.0,1,1.0,1,0.13944912936699458,42
4344,3,8928,3348,5580,0,0,0,1.0,1,1.0,1,1.0,1,0.17433525226386362,42
4345,5,8933,3350,5583,0,0,0,1.0,1,1.0,1,1.0,1,0.14637261565193252,39
4346,2,8935,3352,5583,0,0,0,1.0,1,1.0,1,1.0,1,0.18040208020802118,37
4347,1,8936,3353,5583,0,0,0,1.0,1,1.0,1,1.0,1,0.24379217266652817,37
4348,6,8942,3357,5585,0,0,0,1.0,1,1.0,1,1.0,1,0.2722337553209736,38
4349,2,8944,3357,5587,0,0,0,1.0,1,1.0,1,1.0,1,0.2380628490097116,36
4350,3,8947,3358,5589,0,0,0,1.0,1,1.0,1,1.0,1,0.22346286140139532,37
4351,1,8948,3359,5589,0,0,0,1.0,1,1.0,1,1.0,1,0.2010763230017633,35
4352,1,8949,3359,5590,0,0,0,1.0,1,1.0,1,1.0,1,0.19824803024368498,34
4353,1,8950,3359,5591,0,0,0,1.0,1,1.0,1,1.0,1,0.22802347310895535,34
4354,1,8951,3359,5592,0,0,0,1.0,1,1.0,1,1.0,1,0.2526998853882936,32
4355,2,8953,3359,5594,0,0,0,1.0,1,1.0,1,1.0,1,0.21236977923908407,32
4356,3,8956,3360,5596,0,0,0,1.0,1,1.0,1,1.0,1,0.1857243804607446,34
4357,2,8958,3360,5598,0,0,0,1.0,1,1.0,1,1.0,1,0.16086615500109722,35
4358,4,8962,3363,5599,0,0,0,1.0,1,1.0,1,1.0,1,0.18656339642524009,35
4359,5,8967,3363,5604,0,0,0,1.0,1,1.0,1,1.0,1,0.13634480386678227,37
4360,2,8969,3363,5606,0,0,0,1.0,1,1.0,1,1.0,1,0.18005950580262828,38
4361,3,8972,3363,5609,0,0,0,1.0,1,1.0,1,1.0,1,0.08867484648714061,39
4362,2,8974,3365,5609,0,0,0,1.0,1,1.0,1,1.0,1,0.13618660492955298,38
4363,2,8976,3365,5611,0,0,0,1.0,1,1.0,1,1.0,1,0.07385262330506574,38
4364,3,8979,3367,5612,0,0,0,1.0,1,1.0,1,1.0,1,0.2007701048143651,39
4365,6,8985,3367,5618,0,0,0,1.0,1,1.0,1,1.0,1,0.08815384875432115,39
4366,3,8988,3368,5620,0,0,0,1.0,1,1.0,1,1.0,1,0.12039686144631047,39
4367,3,8991,3369,5622,0,0,0,1.0,1,1.0,1,1.0,1,0.16641564746510581,41
4368,1,8992,3369,5623,0,0,0,1.0,1,1.0,1,1.0,1,0.18434612876408274,41
4369,4,8996,3369,5627,0,0,0,1.0,1,1.0,1,1.0,1,0.12090995839661477,42
4370,0,8996,3369,5627,0,0,0,1.0,1,1.0,1,1.0,1,0.12090995839661477,42
4371,0,8996,3369,5627,0,0,0,1.0,1,1.0,1,1.0,1,0.11942092741163189,43
4372,1,8997,3370,5627,0,0,0,1.0,1,1.0,1,1.0,1,0.16138363527924332,43
4373,1,8998,3370,5628,0,0,0,1.0,1,1.0,1,1.0,1,0.1501062112364867,43
4374,2,9000,3370,5630,0,0,0,1.0,1,1.0,1,1.0,1,0.11565222168400945,44
4375,4,9004,3373,5631,0,0,0,1.0,1,1.0,1,1.0,1,0.13302471084188242,45
4376,2,9006,3373,5633,0,0,0,1.0,1,1.0,1,1.0,1,0.11438824291836713,46
4377,2,9008,3375,5633,0,0,0,1.0,1,1.0,1,1.0,1,0.12918407484566982,47
4378,2,9010,3376,5634,0,0,0,1.0,1,1.0,1,1.0,1,0.15496098191683808,49
4379,2,9012,3377,5635,0,0,0,1.0,1,1.0,1,1.0,1,0.16159837134085103,51
4380,2,9014,3377,5637,0,0,0,1.0,1,1.0,1,1.0,1,0.1444445166849531,50
4381,1,9015,3377,5638,0,0,0,1.0,1,1.0,1,1.0,1,0.14848377571535387,49
4382,4,9019,3380,5639,0,0,0,1.0,1,1.0,1,1.0,1,0.1889330185920089,47
4383,3,9022,3382,5640,0,0,0,1.0,1,1.0,1,1.0,1,0.20738231896735748,47
4384,1,9023,3382,5641,0,0,0,1.0,1,1.0,1,1.0,1,0.2164939566293992,44
4385,4,9027,3384,5643,0,0,0,1.0,1,1.0,1,1.0,1,0.17386615998636357,42
4386,1,9028,3385,5643,0,0,0,1.0,1,1.0,1,1.0,1,0.23959032957845577,41
4387,1,9029,3385,5644,0,0,0,1.0,1,1.0,1,1.0,1,0.18946815610831716,39
4388,1,9030,3386,5644,0,0,0,1.0,1,1.0,1,1.0,1,0.19619241426057019,39
4389,5,9035,3388,5647,0,0,0,1.0,1,1.0,1,1.0,1,0.1746555792919562,38
4390,0,9035,3388,5647,0,0,0,1.0,1,1.0,1,1.0,1,0.17339219074296974,38
4391,1,9036,3388,5648,0,0,0,1.0,1,1.0,1,1.0,1,0.16357718688189826,39
4392,2,9038,3388,5650,0,0,0,1.0,1,1.0,1,1.0,1,0.18933372088389896,39
4393,6,9044,3388,5656,0,0,0,1.0,1,1.0,1,1.0,1,0.1313001087425338,40
4394,3,9047,3388,5659,0,0,0,1.0,1,1.0,1,1.0,1,0.10760091616239427,39
4395,2,9049,3388,5661,0,0,0,1.0,1,1.0,1,1.0,1,0.10760091616239427,39
4396,0,9049,3388,5661,0,0,0,1.0,1,1.0,1,1.0,1,0.15348659031453424,39
4397,3,9052,3389,5663,0,0,0,1.0,1,1.0,1,1.0,1,0.14315758758648464,38
4398,4,9056,3389,5667,0,0,0,1.0,1,1.0,1,1.0,1,0.10506258605144823,39
4399,1,9057,3389,5668,0,0,0,1.0,1,1.0,1,1.0,1,0.12274897354079885,42
4400,2,9059,3389,5670,0,0,0,1.0,1,1.0,1,1.0,1,0.13234674773317243,43
4401,0,9059,3389,5670,0,0,0,1.0,1,1.0,1,1.0,1,0.1185055884886965,44
4402,0,9059,3389,5670,0,0,0,1.0,1,1.0,1,1.0,1,0.1185055884886965,44
4403,0,9059,3389,5670,0,0,0,1.0,1,1.0,1,1.0,1,0.1113881749190196,45
4404,0,9059,3389,5670,0,0,0,1.0,1,1.0,1,1.0,1,0.1113881749190196,45
4405,0,9059,3389,5670,0,0,0,1.0,1,1.0,1,1.0,1,0.10488354361198697,46
4406,0,9059,3389,5670,0,0,0,1.0,1,1.0,1,1.0,1,0.10488354361198697,46
4407,0,9059,3389,5670,0,0,0,1.0,1,1.0,1,1.0,1,0.10488354361198697,46
4408,0,9059,3389,5670,0,0,0,1.0,1,1.0,1,1.0,1,0.1191541962580702,47
4409,2,9061,3390,5671,0,0,0,1.0,1,1.0,1,1.0,1,0.15502649269034172,48
4410,0,9061,3390,5671,0,0,0,1.0,1,1.0,1,1.0,1,0.15502649269034172,48
4411,1,9062,3390,5672,0,0,0,1.0,1,1.0,1,1.0,1,0.15339217088117083,50
4412,2,9064,3391,5673,0,0,0,1.0,1,1.0,1,1.0,1,0.15770215489530442,50
4413,4,9068,3391,5677,0,0,0,1.0,1,1.0,1,1.0,1,0.11687912207204343,50
4414,2,9070,3391,5679,0,0,0,1.0,1,1.0,1,1.0,1,0.11822907790605107,51
4415,0,9070,3391,5679,0,0,0,1.0,1,1.0,1,1.0,1,0.11822907790605107,51
4416,1,9071,3391,5680,0,0,0,1.0,1,1.0,1,1.0,1,0.08879885820684229,51
4417,2,9073,3392,5681,0,0,0,1.0,1,1.0,1,1.0,1,0.07165089798841609,51
4418,0,9073,3392,5681,0,0,0,1.0,1,1.0,1,1.0,1,0.10479162962420698,51
4419,0,9073,3392,5681,0,0,0,1.0,1,1.0,1,1.0,1,0.11839996577473032,50
4420,1,9074,3393,5681,0,0,0,1.0,1,1.0,1,1.0,1,0.1469547554528059,50
4421,3,9077,3393,5684,0,0,0,1.0,1,1.0,1,1.0,1,0.12638322964665535,52
4422,1,9078,3393,5685,0,0,0,1.0,1,1.0,1,1.0,1,0.12947891041155604,51
4423,2,9080,3393,5687,0,0,0,1.0,1,1.0,1,1.0,1,0.10837354114977485,51
4424,0,9080,3393,5687,0,0,0,1.0,1,1.0,1,1.0,1,0.11172879305974555,53
4425,1,9081,3393,5688,0,0,0,1.0,1,1.0,1,1.0,1,0.10372632496848007,54
4426,2,9083,3394,5689,0,0,0,1.0,1,1.0,1,1.0,1,0.0697393461058778,55
4427,0,9083,3394,5689,0,0,0,1.0,1,1.0,1,1.0,1,0.0697393461058778,55
4428,0,9083,3394,5689,0,0,0,1.0,1,1.0,1,1.0,1,0.0697393461058778,55
4429,0,9083,3394,5689,0,0,0,1.0,1,1.0,1,1.0,1,0.0767980744768704,56
4430,2,9085,3395,5690,0,0,0,1.0,1,1.0,1,1.0,1,0.05366231671347027,55
4431,1,9086,3396,5690,0,0,0,1.0,1,1.0,1,1.0,1,0.06353152171774752,56
4432,1,9087,3397,5690,0,0,0,1.0,1,1.0,1,1.0,1,0.08705016911789548,56
4433,3,9090,3397,5693,0,0,0,1.0,1,1.0,1,1.0,1,0.05350631321817511,57
4434,0,9090,3397,5693,0,0,0,1.0,1,1.0,1,1.0,1,0.07316739884000804,56
4435,1,9091,3398,5693,0,0,0,1.0,1,1.0,1,1.0,1,0.09297957544360184,56
4436,1,9092,3399,5693,0,0,0,1.0,1,1.0,1,1.0,1,0.1052205066268454,55
4437,3,9095,3399,5696,0,0,0,1.0,1,1.0,1,1.0,1,0.06322026002264432,54
4438,2,9097,3401,5696,0,0,0,1.0,1,1.0,1,1.0,1,0.1157600816626968,54
4439,0,9097,3401,5696,0,0,0,1.0,1,1.0,1,1.0,1,0.14686717368127103,55
4440,3,9100,3402,5698,0,0,0,1.0,1,1.0,1,1.0,1,0.12175602898464008,55
4441,5,9105,3402,5703,0,0,0,1.0,1,1.0,1,1.0,1,0.10263426650558898,59
4442,3,9108,3403,5705,0,0,0,1.0,1,1.0,1,1.0,1,0.08267723595668008,61
4443,3,9111,3405,5706,0,0,0,1.0,1,1.0,1,1.0,1,0.10158392687691324,60
4444,0,9111,3405,5706,0,0,0,1.0,1,1.0,1,1.0,1,0.11407541955540973,61
4445,2,9113,3406,5707,0,0,0,1.0,1,1.0,1,1.0,1,0.12125078990601307,61
4446,4,9117,3407,5710,0,0,0,1.0,1,1.0,1,1.0,1,0.10743821894633636,62
4447,1,9118,3407,5711,0,0,0,1.0,1,1.0,1,1.0,1,0.09786147182170263,63
4448,0,9118,3407,5711,0,0,0,1.0,1,1.0,1,1.0,1,0.09786147182170263,63
4449,1,9119,3408,5711,0,0,0,1.0,1,1.0,1,1.0,1,0.117959168501855,63
4450,0,9119,3408,5711,0,0,0,1.0,1,1.0,1,1.0,1,0.1295836699576708,62
4451,1,9120,3408,5712,0,0,0,1.0,1,1.0,1,1.0,1,0.11129875916020551,63
4452,0,9120,3408,5712,0,0,0,1.0,1,1.0,1,1.0,1,0.114140266447526,64
4453,3,9123,3408,5715,0,0,0,1.0,1,1.0,1,1.0,1,0.09250479530694791,65
4454,0,9123,3408,5715,0,0,0,1.0,1,1.0,1,1.0,1,0.09437856424662892,66
4455,3,9126,3408,5718,0,0,0,1.0,1,1.0,1,1.0,1,0.09002463975005863,67
4456,1,9127,3409,5718,0,0,0,1.0,1,1.0,1,1.0,1,0.1096387244510561,67
4457,2,9129,3409,5720,0,0,0,1.0,1,1.0,1,1.0,1,0.07718599147992378,65
4458,1,9130,3409,5721,0,0,0,1.0,1,1.0,1,1.0,1,0.0964616795486531,65
4459,6,9136,3412,5724,0,0,0,1.0,1,1.0,1,1.0,1,0.14043990899176498,64
4460,3,9139,3412,5727,0,0,0,1.0,1,1.0,1,1.0,1,0.15640127610148225,63
4461,5,9144,3413,5731,0,0,0,1.0,1,1.0,1,1.0,1,0.11845310679259666,62
4462,6,9150,3419,5731,0,0,0,1.0,1,1.0,1,1.0,1,0.18706764373508292,61
4463,7,9157,3422,5735,0,0,0,1.0,1,1.0,1,1.0,1,0.2201089691107866,61
4464,4,9161,3425,5736,0,0,0,1.0,1,1.0,1,1.0,1,0.21889607082596976,58
4465,6,9167,3426,5741,0,0,0,1.0,1,1.0,1,1.0,1,0.17383356338439965,57
4466,4,9171,3430,5741,0,0,0,1.0,1,1.0,1,1.0,1,0.2180141990611752,54
4467,2,9173,3431,5742,0,0,0,1.0,1,1.0,1,1.0,1,0.19834827506854594,52
4468,6,9179,3433,5746,0,0,0,1.0,1,1.0,1,1.0,1,0.1511492759743706,52
4469,4,9183,3435,5748,0,0,0,1.0,1,1.0,1,1.0,1,0.11898272339960052,51
4470,1,9184,3436,5748,0,0,0,1.0,1,1.0,1,1.0,1,0.13125662082464612,51
4471,0,9184,3436,5748,0,0,0,1.0,1,1.0,1,1.0,1,0.11764061098287713,50
4472,1,9185,3437,5748,0,0,0,1.0,1,1.0,1,1.0,1,0.10382942849763625,48
4473,1,9186,3437,5749,0,0,0,1.0,1,1.0,1,1.0,1,0.09488787523912019,47
4474,5,9191,3441,5750,0,0,0,1.0,1,1.0,1,1.0,1,0.15606995680921693,49
4475,8,9199,3443,5756,0,0,0,1.0,1,1.0,1,1.0,1,0.1690962157856188,47
4476,2,9201,3445,5756,0,0,0,1.0,1,1.0,1,1.0,1,0.15003529986116396,49
4477,4,9205,3446,5759,0,0,0,1.0,1,1.0,1,1.0,1,0.13131212504120413,48
4478,0,9205,3446,5759,0,0,0,1.0,1,1.0,1,1.0,1,0.13131212504120413,48
4479,0,9205,3446,5759,0,0,0,1.0,1,1.0,1,1.0,1,0.13131212504120413,48
4480,2,9207,3446,5761,0,0,0,1.0,1,1.0,1,1.0,1,0.09593799038107871,49
4481,0,9207,3446,5761,0,0,0,1.0,1,1.0,1,1.0,1,0.12653279000565823,49
4482,0,9207,3446,5761,0,0,0,1.0,1,1.0,1,1.0,1,0.12653279000565823,49
4483,0,9207,3446,5761,0,0,0,1.0,1,1.0,1,1.0,1,0.11192754408593054,50
4484,3,9210,3447,5763,0,0,0,1.0,1,1.0,1,1.0,1,0.09279592015652519,52
4485,0,9210,3447,5763,0,0,0,1.0,1,1.0,1,1.0,1,0.10129695610674613,53
4486,5,9215,3449,5766,0,0,0,1.0,1,1.0,1,1.0,1,0.09051983998375306,55
4487,2,9217,3451,5766,0,0,0,1.0,1,1.0,1,1.0,1,0.09760629616079437,55
4488,2,9219,3452,5767,0,0,0,1.0,1,1.0,1,1.0,1,0.11462847357778715,54
4489,3,9222,3452,5770,0,0,0,1.0,1,1.0,1,1.0,1,0.09662867739864493,53
4490,1,9223,3453,5770,0,0,0,1.0,1,1.0,1,1.0,1,0.12381932060639246,53
4491,0,9223,3453,5770,0,0,0,1.0,1,1.0,1,1.0,1,0.1323413782110247,52
4492,0,9223,3453,5770,0,0,0,1.0,1,1.0,1,1.0,1,0.1323413782110247,52
4493,3,9226,3454,5772,0,0,0,1.0,1,1.0,1,1.0,1,0.15858189585881174,52
4494,3,9229,3455,5774,0,0,0,1.0,1,1.0,1,1.0,1,0.16741438951704468,53
4495,3,9232,3458,5774,0,0,0,1.0,1,1.0,1,1.0,1,0.13579129376885843,50
4496,5,9237,3461,5776,0,0,0,1.0,1,1.0,1,1.0,1,0.18357946419662655,51
4497,5,9242,3461,5781,0,0,0,1.0,1,1.0,1,1.0,1,0.1139547704815093,50
4498,2,9244,3463,5781,0,0,0,1.0,1,1.0,1,1.0,1,0.1326307708026364,49
4499,0,9244,3463,5781,0,0,0,1.0,1,1.0,1,1.0,1,0.1405769711264728,48
4500,4,9248,3465,5783,0,0,0,1.0,1,1.0,1,1.0,1,0.18294939821360068,48
4501,1,9249,3465,5784,0,0,0,1.0,1,1.0,1,1.0,1,0.1697370764667739,48
4502,5,9254,3467,5787,0,0,0,1.0,1,1.0,1,1.0,1,0.1598661881582727,49
4503,5,9259,3470,5789,0,0,0,1.0,1,1.0,1,1.0,1,0.18714792737341496,49
4504,3,9262,3471,5791,0,0,0,1.0,1,1.0,1,1.0,1,0.2235975022347377,45
4505,6,9268,3472,5796,0,0,0,1.0,1,1.0,1,1.0,1,0.10690976445969771,46
4506,2,9270,3474,5796,0,0,0,1.0,1,1.0,1,1.0,1,0.14844511907189883,45
4507,2,9272,3474,5798,0,0,0,1.0,1,1.0,1,1.0,1,0.1346609562408679,45
4508,2,9274,3475,5799,0,0,0,1.0,1,1.0,1,1.0,1,0.11488265203024364,43
4509,2,9276,3476,5800,0,0,0,1.0,1,1.0,1,1.0,1,0.11789481024755283,41
4510,2,9278,3478,5800,0,0,0,1.0,1,1.0,1,1.0,1,0.14445563022159957,42
4511,0,9278,3478,5800,0,0,0,1.0,1,1.0,1,1.0,1,0.15006356416032085,41
4512,0,9278,3478,5800,0,0,0,1.0,1,1.0,1,1.0,1,0.15006356416032085,41
4513,2,9280,3478,5802,0,0,0,1.0,1,1.0,1,1.0,1,0.08217821784890864,41
4514,0,9280,3478,5802,0,0,0,1.0,1,1.0,1,1.0,1,0.07798670608936946,42
4515,0,9280,3478,5802,0,0,0,1.0,1,1.0,1,1.0,1,0.12362929846528704,41
4516,0,9280,3478,5802,0,0,0,1.0,1,1.0,1,1.0,1,0.1420352566300074,42
4517,2,9282,3478,5804,0,0,0,1.0,1,1.0,1,1.0,1,0.1068899038701469,43
4518,0,9282,3478,5804,0,0,0,1.0,1,1.0,1,1.0,1,0.1264050214469834,42
4519,3,9285,3480,5805,0,0,0,1.0,1,1.0,1,1.0,1,0.1645069001820892,42
4520,0,9285,3480,5805,0,0,0,1.0,1,1.0,1,1.0,1,0.20419831054356474,42
4521,4,9289,3481,5808,0,0,0,1.0,1,1.0,1,1.0,1,0.15445399744706162,42
4522,0,9289,3481,5808,0,0,0,1.0,1,1.0,1,1.0,1,0.15445399744706162,42
4523,0,9289,3481,5808,0,0,0,1.0,1,1.0,1,1.0,1,0.15445399744706162,42
4524,2,9291,3483,5808,0,0,0,1.0,1,1.0,1,1.0,1,0.14364007856205713,43
4525,7,9298,3485,5813,0,0,0,1.0,1,1.0,1,1.0,1,0.15375050951692373,46
4526,6,9304,3488,5816,0,0,0,1.0,1,1.0,1,1.0,1,0.12348893499716797,46
4527,3,9307,3489,5818,0,0,0,1.0,1,1.0,1,1.0,1,0.12310016360832023,47
4528,3,9310,3489,5821,0,0,0,1.0,1,1.0,1,1.0,1,0.13152005238106781,49
4529,2,9312,3489,5823,0,0,0,1.0,1,1.0,1,1.0,1,0.10022579725021596,50
4530,2,9314,3490,5824,0,0,0,1.0,1,1.0,1,1.0,1,0.08749082696010019,51
4531,0,9314,3490,5824,0,0,0,1.0,1,1.0,1,1.0,1,0.08749082696010019,51
4532,2,9316,3492,5824,0,0,0,1.0,1,1.0,1,1.0,1,0.10848678560135898,51
4533,3,9319,3493,5826,0,0,0,1.0,1,1.0,1,1.0,1,0.14580990479121522,50
4534,3,9322,3493,5829,0,0,0,1.0,1,1.0,1,1.0,1,0.11265407862150786,51
4535,3,9325,3495,5830,0,0,0,1.0,1,1.0,1,1.0,1,0.14652710487363058,50
4536,2,9327,3495,5832,0,0,0,1.0,1,1.0,1,1.0,1,0.1825276219922637,48
4537,4,9331,3495,5836,0,0,0,1.0,1,1.0,1,1.0,1,0.13179588594950037,49
4538,4,9335,3496,5839,0,0,0,1.0,1,1.0,1,1.0,1,0.12271498236862063,48
4539,2,9337,3497,5840,0,0,0,1.0,1,1.0,1,1.0,1,0.18580515741280912,50
4540,3,9340,3498,5842,0,0,0,1.0,1,1.0,1,1.0,1,0.14416800910023136,49
4541,3,9343,3500,5843,0,0,0,1.0,1,1.0,1,1.0,1,0.15877668011324078,49
4542,3,9346,3503,5843,0,0,0,1.0,1,1.0,1,1.0,1,0.21235306440823767,47
4543,2,9348,3503,5845,0,0,0,1.0,1,1.0,1,1.0,1,0.17567606555575738,45
4544,1,9349,3504,5845,0,0,0,1.0,1,1.0,1,1.0,1,0.1801419152608501,45
4545,4,9353,3506,5847,0,0,0,1.0,1,1.0,1,1.0,1,0.1954778973142912,43
4546,1,9354,3507,5847,0,0,0,1.0,1,1.0,1,1.0,1,0.2072276518526017,43
4547,1,9355,3507,5848,0,0,0,1.0,1,1.0,1,1.0,1,0.20512546113353217,41
4548,6,9361,3510,5851,0,0,0,1.0,1,1.0,1,1.0,1,0.1793381677944066,42
4549,1,9362,3510,5852,0,0,0,1.0,1,1.0,1,1.0,1,0.13661087525922855,41
4550,3,9365,3512,5853,0,0,0,1.0,1,1.0,1,1.0,1,0.15209688578062214,41
4551,1,9366,3513,5853,0,0,0,1.0,1,1.0,1,1.0,1,0.15348517631249425,39
4552,0,9366,3513,5853,0,0,0,1.0,1,1.0,1,1.0,1,0.15944225258734465,38
4553,2,9368,3513,5855,0,0,0,1.0,1,1.0,1,1.0,1,0.1286807905429314,39
4554,1,9369,3514,5855,0,0,0,1.0,1,1.0,1,1.0,1,0.1496727028161142,38
4555,2,9371,3515,5856,0,0,0,1.0,1,1.0,1,1.0,1,0.14852939409496524,37
4556,1,9372,3516,5856,0,0,0,1.0,1,1.0,1,1.0,1,0.18497012375952,36
4557,3,9375,3516,5859,0,0,0,1.0,1,1.0,1,1.0,1,0.1363940102495647,38
4558,5,9380,3518,5862,0,0,0,1.0,1,1.0,1,1.0,1,0.16710448066389946,39
4559,3,9383,3519,5864,0,0,0,1.0,1,1.0,1,1.0,1,0.1979705684221403,38
4560,4,9387,3520,5867,0,0,0,1.0,1,1.0,1,1.0,1,0.23093730519744757,41
4561,1,9388,3520,5868,0,0,0,1.0,1,1.0,1,1.0,1,0.21237637054975417,41
4562,0,9388,3520,5868,0,0,0,1.0,1,1.0,1,1.0,1,0.2055012530648229,43
4563,0,9388,3520,5868,0,0,0,1.0,1,1.0,1,1.0,1,0.19238982440609476,42
4564,0,9388,3520,5868,0,0,0,1.0,1,1.0,1,1.0,1,0.2058995601010612,43
4565,6,9394,3520,5874,0,0,0,1.0,1,1.0,1,1.0,1,0.1302063694172691,44
4566,2,9396,3521,5875,0,0,0,1.0,1,1.0,1,1.0,1,0.08935927388183305,45
4567,1,9397,3522,5875,0,0,0,1.0,1,1.0,1,1.0,1,0.09324325194290699,47
4568,3,9400,3522,5878,0,0,0,1.0,1,1.0,1,1.0,1,0.09807218532295627,47
4569,2,9402,3523,5879,0,0,0,1.0,1,1.0,1,1.0,1,0.07903980336763405,49
4570,1,9403,3524,5879,0,0,0,1.0,1,1.0,1,1.0,1,0.08565126047624966,49
4571,0,9403,3524,5879,0,0,0,1.0,1,1.0,1,1.0,1,0.09045612127593787,48
4572,0,9403,3524,5879,0,0,0,1.0,1,1.0,1,1.0,1,0.09045612127593787,48
4573,2,9405,3526,5879,0,0,0,1.0,1,1.0,1,1.0,1,0.09908782848401512,48
4574,1,9406,3527,5879,0,0,0,1.0,1,1.0,1,1.0,1,0.11531879365718668,50
4575,2,9408,3528,5880,0,0,0,1.0,1,1.0,1,1.0,1,0.14355396459344258,51
4576,0,9408,3528,5880,0,0,0,1.0,1,1.0,1,1.0,1,0.16377099464162087,48
4577,3,9411,3528,5883,0,0,0,1.0,1,1.0,1,1.0,1,0.13049061767834544,47
4578,2,9413,3529,5884,0,0,0,1.0,1,1.0,1,1.0,1,0.14455093059060012,46
4579,0,9413,3529,5884,0,0,0,1.0,1,1.0,1,1.0,1,0.14372712266672052,46
4580,1,9414,3529,5885,0,0,0,1.0,1,1.0,1,1.0,1,0.1429792749219808,47
4581,3,9417,3530,5887,0,0,0,1.0,1,1.0,1,1.0,1,0.1245239646246433,47
4582,0,9417,3530,5887,0,0,0,1.0,1,1.0,1,1.0,1,0.14299767379258713,48
4583,0,9417,3530,5887,0,0,0,1.0,1,1.0,1,1.0,1,0.14299767379258713,48
4584,0,9417,3530,5887,0,0,0,1.0,1,1.0,1,1.0,1,0.1593563494890098,50
4585,3,9420,3532,5888,0,0,0,1.0,1,1.0,1,1.0,1,0.17109051871532313,50
4586,0,9420,3532,5888,0,0,0,1.0,1,1.0,1,1.0,1,0.17109051871532313,50
4587,0,9420,3532,5888,0,0,0,1.0,1,1.0,1,1.0,1,0.17109051871532313,50
4588,0,9420,3532,5888,0,0,0,1.0,1,1.0,1,1.0,1,0.17109051871532313,50
4589,0,9420,3532,5888,0,0,0,1.0,1,1.0,1,1.0,1,0.18551177370583857,52
4590,0,9420,3532,5888,0,0,0,1.0,1,1.0,1,1.0,1,0.18551177370583857,52
4591,1,9421,3532,5889,0,0,0,1.0,1,1.0,1,1.0,1,0.17580266754923793,53
4592,1,9422,3532,5890,0,0,0,1.0,1,1.0,1,1.0,1,0.17798019157105888,54
4593,1,9423,3532,5891,0,0,0,1.0,1,1.0,1,1.0,1,0.1511159582149401,56
4594,2,9425,3532,5893,0,0,0,1.0,1,1.0,1,1.0,1,0.14911297696810644,57
4595,0,9425,3532,5893,0,0,0,1.0,1,1.0,1,1.0,1,0.15668193080892084,56
4596,1,9426,3532,5894,0,0,0,1.0,1,1.0,1,1.0,1,0.14086219198933608,56
4597,2,9428,3533,5895,0,0,0,1.0,1,1.0,1,1.0,1,0.13309334331957529,56
4598,5,9433,3535,5898,0,0,0,1.0,1,1.0,1,1.0,1,0.15708515784903035,57
4599,4,9437,3536,5901,0,0,0,1.0,1,1.0,1,1.0,1,0.13584437903910299,59
4600,2,9439,3536,5903,0,0,0,1.0,1,1.0,1,1.0,1,0.14866201821230032,60
4601,4,9443,3538,5905,0,0,0,1.0,1,1.0,1,1.0,1,0.17298041282006152,60
4602,3,9446,3538,5908,0,0,0,1.0,1,1.0,1,1.0,1,0.1397304778578924,62
4603,0,9446,3538,5908,0,0,0,1.0,1,1.0,1,1.0,1,0.1397304778578924,62
4604,0,9446,3538,5908,0,0,0,1.0,1,1.0,1,1.0,1,0.1298971131377471,63
4605,3,9449,3538,5911,0,0,0,1.0,1,1.0,1,1.0,1,0.0984941033879525,63
4606,1,9450,3538,5912,0,0,0,1.0,1,1.0,1,1.0,1,0.10887939825265705,64
4607,1,9451,3538,5913,0,0,0,1.0,1,1.0,1,1.0,1,0.08750496810818661,65
4608,1,9452,3539,5913,0,0,0,1.0,1,1.0,1,1.0,1,0.11115190799718769,66
4609,1,9453,3540,5913,0,0,0,1.0,1,1.0,1,1.0,1,0.12350269899305263,65
4610,1,9454,3540,5914,0,0,0,1.0,1,1.0,1,1.0,1,0.11901739947054119,63
4611,2,9456,3540,5916,0,0,0,1.0,1,1.0,1,1.0,1,0.11325099030440955,64
4612,0,9456,3540,5916,0,0,0,1.0,1,1.0,1,1.0,1,0.15006699296212078,62
4613,3,9459,3542,5917,0,0,0,1.0,1,1.0,1,1.0,1,0.15073987100858757,63
4614,2,9461,3544,5917,0,0,0,1.0,1,1.0,1,1.0,1,0.124791918252583,61
4615,1,9462,3545,5917,0,0,0,1.0,1,1.0,1,1.0,1,0.14805954030195165,59
4616,3,9465,3548,5917,0,0,0,1.0,1,1.0,1,1.0,1,0.17906362978046106,58
4617,2,9467,3548,5919,0,0,0,1.0,1,1.0,1,1.0,1,0.1699226875358573,58
4618,3,9470,3549,5921,0,0,0,1.0,1,1.0,1,1.0,1,0.146026729056462,57
4619,1,9471,3550,5921,0,0,0,1.0,1,1.0,1,1.0,1,0.15707896490781995,57
4620,0,9471,3550,5921,0,0,0,1.0,1,1.0,1,1.0,1,0.15707896490781995,57
4621,3,9474,3551,5923,0,0,0,1.0,1,1.0,1,1.0,1,0.12945284076326066,59
4622,0,9474,3551,5923,0,0,0,1.0,1,1.0,1,1.0,1,0.14300864547807515,60
4623,1,9475,3552,5923,0,0,0,1.0,1,1.0,1,1.0,1,0.1581276150070403,59
4624,1,9476,3553,5923,0,0,0,1.0,1,1.0,1,1.0,1,0.17496541978796526,59
4625,4,9480,3554,5926,0,0,0,1.0,1,1.0,1,1.0,1,0.14873160887353512,57
4626,3,9483,3557,5926,0,0,0,1.0,1,1.0,1,1.0,1,0.1766898754843039,56
4627,0,9483,3557,5926,0,0,0,1.0,1,1.0,1,1.0,1,0.1771765621821853,56
4628,3,9486,3557,5929,0,0,0,1.0,1,1.0,1,1.0,1,0.15478206264741204,56
4629,3,9489,3557,5932,0,0,0,1.0,1,1.0,1,1.0,1,0.13855175104505,56
4630,2,9491,3558,5933,0,0,0,1.0,1,1.0,1,1.0,1,0.14938913427713124,57
4631,2,9493,3558,5935,0,0,0,1.0,1,1.0,1,1.0,1,0.16690371885564478,56
4632,2,9495,3559,5936,0,0,0,1.0,1,1.0,1,1.0,1,0.19946540233856005,57
4633,2,9497,3559,5938,0,0,0,1.0,1,1.0,1,1.0,1,0.17491728848510504,58
4634,1,9498,3559,5939,0,0,0,1.0,1,1.0,1,1.0,1,0.16444944696954,58
4635,2,9500,3559,5941,0,0,0,1.0,1,1.0,1,1.0,1,0.1363107711492751,59
4636,1,9501,3559,5942,0,0,0,1.0,1,1.0,1,1.0,1,0.1280016723335627,60
4637,0,9501,3559,5942,0,0,0,1.0,1,1.0,1,1.0,1,0.1280016723335627,60
4638,1,9502,3559,5943,0,0,0,1.0,1,1.0,1,1.0,1,0.12860381837662452,61
4639,2,9504,3559,5945,0,0,0,1.0,1,1.0,1,1.0,1,0.11224474747075065,62
4640,0,9504,3559,5945,0,0,0,1.0,1,1.0,1,1.0,1,0.12476637022362909,63
4641,4,9508,3561,5947,0,0,0,1.0,1,1.0,1,1.0,1,0.11800962614256073,63
4642,1,9509,3561,5948,0,0,0,1.0,1,1.0,1,1.0,1,0.11728876725994503,62
4643,5,9514,3564,5950,0,0,0,1.0,1,1.0,1,1.0,1,0.14483537276238084,63
4644,4,9518,3565,5953,0,0,0,1.0,1,1.0,1,1.0,1,0.17342240998860056,62
4645,4,9522,3566,5956,0,0,0,1.0,1,1.0,1,1.0,1,0.15856829282535165,63
4646,3,9525,3568,5957,0,0,0,1.0,1,1.0,1,1.0,1,0.15742685396025516,63
4647,5,9530,3569,5961,0,0,0,1.0,1,1.0,1,1.0,1,0.13545212012310695,62
4648,3,9533,3571,5962,0,0,0,1.0,1,1.0,1,1.0,1,0.18965261799757877,63
4649,1,9534,3571,5963,0,0,0,1.0,1,1.0,1,1.0,1,0.16174551998519623,61
4650,1,9535,3571,5964,0,0,0,1.0,1,1.0,1,1.0,1,0.1406377762095227,63
4651,2,9537,3572,5965,0,0,0,1.0,1,1.0,1,1.0,1,0.13865715183822439,62
4652,0,9537,3572,5965,0,0,0,1.0,1,1.0,1,1.0,1,0.14858223388361214,59
4653,3,9540,3572,5968,0,0,0,1.0,1,1.0,1,1.0,1,0.1238449861608846,60
4654,1,9541,3573,5968,0,0,0,1.0,1,1.0,1,1.0,1,0.1380867312452245,60
4655,0,9541,3573,5968,0,0,0,1.0,1,1.0,1,1.0,1,0.1380867312452245,60
4656,3,9544,3576,5968,0,0,0,1.0,1,1.0,1,1.0,1,0.2114354063571068,61
4657,5,9549,3576,5973,0,0,0,1.0,1,1.0,1,1.0,1,0.15979054581526467,62
4658,2,9551,3577,5974,0,0,0,1.0,1,1.0,1,1.0,1,0.19013118801120593,62
4659,1,9552,3578,5974,0,0,0,1.0,1,1.0,1,1.0,1,0.2128908778231963,61
4660,1,9553,3579,5974,0,0,0,1.0,1,1.0,1,1.0,1,0.22416507152962736,61
4661,2,9555,3579,5976,0,0,0,1.0,1,1.0,1,1.0,1,0.2209273055222878,61
4662,1,9556,3579,5977,0,0,0,1.0,1,1.0,1,1.0,1,0.1910689398483145,62
4663,4,9560,3579,5981,0,0,0,1.0,1,1.0,1,1.0,1,0.15692655269371517,61
4664,4,9564,3580,5984,0,0,0,1.0,1,1.0,1,1.0,1,0.14159848073593082,62
4665,5,9569,3581,5988,0,0,0,1.0,1,1.0,1,1.0,1,0.12161185374360692,61
4666,4,9573,3582,5991,0,0,0,1.0,1,1.0,1,1.0,1,0.1231684513277995,61
4667,1,9574,3582,5992,0,0,0,1.0,1,1.0,1,1.0,1,0.12197680463683022,59
4668,2,9576,3584,5992,0,0,0,1.0,1,1.0,1,1.0,1,0.1305846155438168,59
4669,3,9579,3585,5994,0,0,0,1.0,1,1.0,1,1.0,1,0.10071528648566588,58
4670,2,9581,3587,5994,0,0,0,1.0,1,1.0,1,1.0,1,0.10707432339652109,57
4671,0,9581,3587,5994,0,0,0,1.0,1,1.0,1,1.0,1,0.09325332068983902,55
4672,2,9583,3588,5995,0,0,0,1.0,1,1.0,1,1.0,1,0.11936791265500339,56
4673,2,9585,3588,5997,0,0,0,1.0,1,1.0,1,1.0,1,0.09188962230069908,58
4674,1,9586,3589,5997,0,0,0,1.0,1,1.0,1,1.0,1,0.11232379794340017,58
4675,1,9587,3589,5998,0,0,0,1.0,1,1.0,1,1.0,1,0.1390591717233158,57
4676,2,9589,3589,6000,0,0,0,1.0,1,1.0,1,1.0,1,0.14794294104103067,58
4677,4,9593,3589,6004,0,0,0,1.0,1,1.0,1,1.0,1,0.11953102126596346,57
4678,0,9593,3589,6004,0,0,0,1.0,1,1.0,1,1.0,1,0.11953102126596346,57
4679,0,9593,3589,6004,0,0,0,1.0,1,1.0,1,1.0,1,0.11953102126596346,57
4680,2,9595,3590,6005,0,0,0,1.0,1,1.0,1,1.0,1,0.14179666170945465,59
4681,4,9599,3592,6007,0,0,0,1.0,1,1.0,1,1.0,1,0.1537435922231086,60
4682,0,9599,3592,6007,0,0,0,1.0,1,1.0,1,1.0,1,0.1537435922231086,60
4683,3,9602,3593,6009,0,0,0,1.0,1,1.0,1,1.0,1,0.1683397651054934,60
4684,2,9604,3593,6011,0,0,0,1.0,1,1.0,1,1.0,1,0.17628357899651428,60
4685,5,9609,3594,6015,0,0,0,1.0,1,1.0,1,1.0,1,0.1492097739701291,59
4686,6,9615,3597,6018,0,0,0,1.0,1,1.0,1,1.0,1,0.1709369817204981,60
4687,1,9616,3598,6018,0,0,0,1.0,1,1.0,1,1.0,1,0.17943249190177737,59
4688,5,9621,3600,6021,0,0,0,1.0,1,1.0,1,1.0,1,0.19768897317629794,59
4689,2,9623,3600,6023,0,0,0,1.0,1,1.0,1,1.0,1,0.17708554619100453,59
4690,1,9624,3601,6023,0,0,0,1.0,1,1.0,1,1.0,1,0.1832801875110072,58
4691,3,9627,3602,6025,0,0,0,1.0,1,1.0,1,1.0,1,0.15382458331727153,57
4692,1,9628,3602,6026,0,0,0,1.0,1,1.0,1,1.0,1,0.14196405615730867,58
4693,1,9629,3602,6027,0,0,0,1.0,1,1.0,1,1.0,1,0.148671738145976,57
4694,2,9631,3603,6028,0,0,0,1.0,1,1.0,1,1.0,1,0.16301955680784674,57
4695,0,9631,3603,6028,0,0,0,1.0,1,1.0,1,1.0,1,0.1771722874531433,56
4696,1,9632,3604,6028,0,0,0,1.0,1,1.0,1,1.0,1,0.19776098478542345,57
4697,5,9637,3604,6033,0,0,0,1.0,1,1.0,1,1.0,1,0.14871674277549532,58
4698,3,9640,3605,6035,0,0,0,1.0,1,1.0,1,1.0,1,0.13812800838493255,59
4699,1,9641,3605,6036,0,0,0,1.0,1,1.0,1,1.0,1,0.13084243069407944,58
4700,0,9641,3605,6036,0,0,0,1.0,1,1.0,1,1.0,1,0.11358854770782803,59
4701,0,9641,3605,6036,0,0,0,1.0,1,1.0,1,1.0,1,0.13268146357662658,60
4702,1,9642,3605,6037,0,0,0,1.0,1,1.0,1,1.0,1,0.11448458414304219,61
4703,2,9644,3607,6037,0,0,0,1.0,1,1.0,1,1.0,1,0.12832589727464902,59
4704,3,9647,3609,6038,0,0,0,1.0,1,1.0,1,1.0,1,0.1496488823964955,58
4705,6,9653,3612,6041,0,0,0,1.0,1,1.0,1,1.0,1,0.15832666880453009,58
4706,5,9658,3614,6044,0,0,0,1.0,1,1.0,1,1.0,1,0.15816018666686252,60
4707,3,9661,3615,6046,0,0,0,1.0,1,1.0,1,1.0,1,0.1585415347616904,57
4708,2,9663,3615,6048,0,0,0,1.0,1,1.0,1,1.0,1,0.17204039075165756,57
4709,2,9665,3615,6050,0,0,0,1.0,1,1.0,1,1.0,1,0.14879586965222094,55
4710,1,9666,3616,6050,0,0,0,1.0,1,1.0,1,1.0,1,0.17808462347325182,53
4711,1,9667,3617,6050,0,0,0,1.0,1,1.0,1,1.0,1,0.1920767314408331,52
4712,4,9671,3620,6051,0,0,0,1.0,1,1.0,1,1.0,1,0.2520122182290092,52
4713,6,9677,3622,6055,0,0,0,1.0,1,1.0,1,1.0,1,0.1977834620415743,51
4714,3,9680,3622,6058,0,0,0,1.0,1,1.0,1,1.0,1,0.17457014384256925,50
4715,0,9680,3622,6058,0,0,0,1.0,1,1.0,1,1.0,1,0.17457014384256925,50
4716,3,9683,3623,6060,0,0,0,1.0,1,1.0,1,1.0,1,0.1724355331692619,49
4717,5,9688,3625,6063,0,0,0,1.0,1,1.0,1,1.0,1,0.15065845484405235,49
4718,0,9688,3625,6063,0,0,0,1.0,1,1.0,1,1.0,1,0.16849063127410335,50
4719,2,9690,3625,6065,0,0,0,1.0,1,1.0,1,1.0,1,0.10973649243161777,49
4720,0,9690,3625,6065,0,0,0,1.0,1,1.0,1,1.0,1,0.10973649243161777,49
4721,1,9691,3625,6066,0,0,0,1.0,1,1.0,1,1.0,1,0.09937854149192815,50
4722,1,9692,3625,6067,0,0,0,1.0,1,1.0,1,1.0,1,0.0975452712851511,51
4723,3,9695,3627,6068,0,0,0,1.0,1,1.0,1,1.0,1,0.10240855409407847,50
4724,3,9698,3629,6069,0,0,0,1.0,1,1.0,1,1.0,1,0.14477722857066588,50
4725,0,9698,3629,6069,0,0,0,1.0,1,1.0,1,1.0,1,0.15015271821758583,52
4726,0,9698,3629,6069,0,0,0,1.0,1,1.0,1,1.0,1,0.16704727498638808,51
4727,2,9700,3629,6071,0,0,0,1.0,1,1.0,1,1.0,1,0.13998740244670888,52
4728,0,9700,3629,6071,0,0,0,1.0,1,1.0,1,1.0,1,0.13998740244670888,52
4729,5,9705,3631,6074,0,0,0,1.0,1,1.0,1,1.0,1,0.16530112519434467,52
4730,2,9707,3631,6076,0,0,0,1.0,1,1.0,1,1.0,1,0.1916876474441556,50
4731,1,9708,3632,6076,0,0,0,1.0,1,1.0,1,1.0,1,0.18975551412670488,51
4732,2,9710,3633,6077,0,0,0,1.0,1,1.0,1,1.0,1,0.21417559187766474,52
4733,5,9715,3634,6081,0,0,0,1.0,1,1.0,1,1.0,1,0.2115499202074729,53
4734,1,9716,3634,6082,0,0,0,1.0,1,1.0,1,1.0,1,0.18131726525627653,53
4735,2,9718,3636,6082,0,0,0,1.0,1,1.0,1,1.0,1,0.22093814092175762,53
4736,6,9724,3637,6087,0,0,0,1.0,1,1.0,1,1.0,1,0.20971280454728844,55
4737,1,9725,3637,6088,0,0,0,1.0,1,1.0,1,1.0,1,0.1970421068195703,57
4738,0,9725,3637,6088,0,0,0,1.0,1,1.0,1,1.0,1,0.1970421068195703,57
4739,0,9725,3637,6088,0,0,0,1.0,1,1.0,1,1.0,1,0.1970421068195703,57
4740,1,9726,3637,6089,0,0,0,1.0,1,1.0,1,1.0,1,0.1858557413071814,57
4741,1,9727,3637,6090,0,0,0,1.0,1,1.0,1,1.0,1,0.17581403221598635,58
4742,3,9730,3639,6091,0,0,0,1.0,1,1.0,1,1.0,1,0.18801947143892156,58
4743,3,9733,3640,6093,0,0,0,1.0,1,1.0,1,1.0,1,0.1463346779050152,56
4744,4,9737,3641,6096,0,0,0,1.0,1,1.0,1,1.0,1,0.1474724046529718,57
4745,2,9739,3642,6097,0,0,0,1.0,1,1.0,1,1.0,1,0.12103001953583725,56
4746,5,9744,3645,6099,0,0,0,1.0,1,1.0,1,1.0,1,0.118187163484465,56
4747,2,9746,3646,6100,0,0,0,1.0,1,1.0,1,1.0,1,0.12691673052644897,55
4748,4,9750,3647,6103,0,0,0,1.0,1,1.0,1,1.0,1,0.12415326771428344,55
4749,4,9754,3648,6106,0,0,0,1.0,1,1.0,1,1.0,1,0.09966839677680957,54
4750,3,9757,3649,6108,0,0,0,1.0,1,1.0,1,1.0,1,0.07694460969393388,53
4751,1,9758,3650,6108,0,0,0,1.0,1,1.0,1,1.0,1,0.12289853212124538,53
4752,0,9758,3650,6108,0,0,0,1.0,1,1.0,1,1.0,1,0.1033649618423403,53
4753,3,9761,3651,6110,0,0,0,1.0,1,1.0,1,1.0,1,0.08788767245708755,52
4754,2,9763,3652,6111,0,0,0,1.0,1,1.0,1,1.0,1,0.09392119280034054,52
4755,1,9764,3652,6112,0,0,0,1.0,1,1.0,1,1.0,1,0.11379762985113834,51
4756,2,9766,3653,6113,0,0,0,1.0,1,1.0,1,1.0,1,0.1042140780361885,52
4757,0,9766,3653,6113,0,0,0,1.0,1,1.0,1,1.0,1,0.11105876867047802,51
4758,0,9766,3653,6113,0,0,0,1.0,1,1.0,1,1.0,1,0.11105876867047802,51
4759,1,9767,3654,6113,0,0,0,1.0,1,1.0,1,1.0,1,0.1321388327943064,51
4760,1,9768,3655,6113,0,0,0,1.0,1,1.0,1,1.0,1,0.1690024415775366,52
4761,8,9776,3655,6121,0,0,0,1.0,1,1.0,1,1.0,1,0.1617045077345352,50
4762,5,9781,3657,6124,0,0,0,1.0,1,1.0,1,1.0,1,0.10891562878135885,51
4763,5,9786,3659,6127,0,0,0,1.0,1,1.0,1,1.0,1,0.14391923071873464,51
4764,10,9796,3663,6133,0,0,0,1.0,1,1.0,1,1.0,1,0.1502769558001428,53
4765,3,9799,3663,6136,0,0,0,1.0,1,1.0,1,1.0,1,0.08658706449758725,53
4766,2,9801,3665,6136,0,0,0,1.0,1,1.0,1,1.0,1,0.12301331430809113,55
4767,0,9801,3665,6136,0,0,0,1.0,1,1.0,1,1.0,1,0.10525546650574781,56
4768,1,9802,3665,6137,0,0,0,1.0,1,1.0,1,1.0,1,0.0932702535943138,56
4769,2,9804,3665,6139,0,0,0,1.0,1,1.0,1,1.0,1,0.06781822163112707,56
4770,0,9804,3665,6139,0,0,0,1.0,1,1.0,1,1.0,1,0.06781822163112707,56
4771,0,9804,3665,6139,0,0,0,1.0,1,1.0,1,1.0,1,0.0776975909601959,55
4772,2,9806,3667,6139,0,0,0,1.0,1,1.0,1,1.0,1,0.12949778514245033,56
4773,2,9808,3668,6140,0,0,0,1.0,1,1.0,1,1.0,1,0.0962591008158486,56
4774,1,9809,3668,6141,0,0,0,1.0,1,1.0,1,1.0,1,0.09377088998727624,58
4775,3,9812,3669,6143,0,0,0,1.0,1,1.0,1,1.0,1,0.10589571178149211,59
4776,1,9813,3669,6144,0,0,0,1.0,1,1.0,1,1.0,1,0.10331512950897674,59
4777,3,9816,3670,6146,0,0,0,1.0,1,1.0,1,1.0,1,0.0918428405648424,60
4778,2,9818,3671,6147,0,0,0,1.0,1,1.0,1,1.0,1,0.06786202049382235,60
4779,1,9819,3671,6148,0,0,0,1.0,1,1.0,1,1.0,1,0.057478716430330055,61
4780,0,9819,3671,6148,0,0,0,1.0,1,1.0,1,1.0,1,0.08333033537994762,63
4781,1,9820,3671,6149,0,0,0,1.0,1,1.0,1,1.0,1,0.07031837947684946,62
4782,5,9825,3674,6151,0,0,0,1.0,1,1.0,1,1.0,1,0.11432048588236662,63
4783,4,9829,3676,6153,0,0,0,1.0,1,1.0,1,1.0,1,0.08209736092051778,62
4784,2,9831,3677,6154,0,0,0,1.0,1,1.0,1,1.0,1,0.10923924822644225,62
4785,4,9835,3679,6156,0,0,0,1.0,1,1.0,1,1.0,1,0.06409817823024119,62
4786,3,9838,3681,6157,0,0,0,1.0,1,1.0,1,1.0,1,0.11781545218320666,63
4787,5,9843,3682,6161,0,0,0,1.0,1,1.0,1,1.0,1,0.09526928914356755,62
4788,4,9847,3683,6164,0,0,0,1.0,1,1.0,1,1.0,1,0.0962456892706124,62
4789,5,9852,3684,6168,0,0,0,1.0,1,1.0,1,1.0,1,0.09156928504192612,60
4790,2,9854,3686,6168,0,0,0,1.0,1,1.0,1,1.0,1,0.0886260273410311,61
4791,2,9856,3688,6168,0,0,0,1.0,1,1.0,1,1.0,1,0.119933929593816,60
4792,3,9859,3691,6168,0,0,0,1.0,1,1.0,1,1.0,1,0.16321242773895683,60
4793,7,9866,3692,6174,0,0,0,1.0,1,1.0,1,1.0,1,0.09124608293816988,61
4794,4,9870,3694,6176,0,0,0,1.0,1,1.0,1,1.0,1,0.07896714085344485,59
4795,3,9873,3695,6178,0,0,0,1.0,1,1.0,1,1.0,1,0.08158910898441159,61
4796,5,9878,3697,6181,0,0,0,1.0,1,1.0,1,1.0,1,0.05756473664632028,59
4797,2,9880,3697,6183,0,0,0,1.0,1,1.0,1,1.0,1,0.08486987357589656,58
4798,1,9881,3697,6184,0,0,0,1.0,1,1.0,1,1.0,1,0.07304960954960645,59
4799,0,9881,3697,6184,0,0,0,1.0,1,1.0,1,1.0,1,0.10160663352234137,57
4800,1,9882,3697,6185,0,0,0,1.0,1,1.0,1,1.0,1,0.0891940788716051,58
4801,3,9885,3698,6187,0,0,0,1.0,1,1.0,1,1.0,1,0.05948756040207625,57
4802,1,9886,3699,6187,0,0,0,1.0,1,1.0,1,1.0,1,0.06402516147086713,57
4803,1,9887,3700,6187,0,0,0,1.0,1,1.0,1,1.0,1,0.0849469596693972,56
4804,0,9887,3700,6187,0,0,0,1.0,1,1.0,1,1.0,1,0.09006480268162574,54
4805,1,9888,3700,6188,0,0,0,1.0,1,1.0,1,1.0,1,0.07663866743840714,56
4806,1,9889,3701,6188,0,0,0,1.0,1,1.0,1,1.0,1,0.09585348564610502,55
4807,2,9891,3702,6189,0,0,0,1.0,1,1.0,1,1.0,1,0.07799189589751745,54
4808,2,9893,3702,6191,0,0,0,1.0,1,1.0,1,1.0,1,0.10784693150711537,53
4809,3,9896,3703,6193,0,0,0,1.0,1,1.0,1,1.0,1,0.11385510303369323,53
4810,1,9897,3703,6194,0,0,0,1.0,1,1.0,1,1.0,1,0.11948724267244851,51
4811,2,9899,3704,6195,0,0,0,1.0,1,1.0,1,1.0,1,0.09876354476115279,52
4812,1,9900,3704,6196,0,0,0,1.0,1,1.0,1,1.0,1,0.11983126661037136,52
4813,1,9901,3704,6197,0,0,0,1.0,1,1.0,1,1.0,1,0.10121077464492624,52
4814,4,9905,3707,6198,0,0,0,1.0,1,1.0,1,1.0,1,0.15824814977254384,53
4815,8,9913,3711,6202,0,0,0,1.0,1,1.0,1,1.0,1,0.1580976119213934,54
4816,4,9917,3712,6205,0,0,0,1.0,1,1.0,1,1.0,1,0.12831593646673087,54
4817,8,9925,3713,6212,0,0,0,1.0,1,1.0,1,1.0,1,0.05797185994407653,55
4818,5,9930,3715,6215,0,0,0,1.0,1,1.0,1,1.0,1,0.08244382924564793,55
4819,4,9934,3716,6218,0,0,0,1.0,1,1.0,1,1.0,1,0.10403974140873248,55
4820,6,9940,3717,6223,0,0,0,1.0,1,1.0,1,1.0,1,0.13969246622435166,55
4821,5,9945,3718,6227,0,0,0,1.0,1,1.0,1,1.0,1,0.10188960467520981,55
4822,1,9946,3718,6228,0,0,0,1.0,1,1.0,1,1.0,1,0.07963217791310404,54
4823,2,9948,3718,6230,0,0,0,1.0,1,1.0,1,1.0,1,0.03791859309690916,54
4824,1,9949,3719,6230,0,0,0,1.0,1,1.0,1,1.0,1,0.04008444966688873,55
4825,0,9949,3719,6230,0,0,0,1.0,1,1.0,1,1.0,1,0.06277989273062802,53
4826,5,9954,3723,6231,0,0,0,1.0,1,1.0,1,1.0,1,0.08215312325720907,54
4827,1,9955,3723,6232,0,0,0,1.0,1,1.0,1,1.0,1,0.08543585197970092,53
4828,2,9957,3724,6233,0,0,0,1.0,1,1.0,1,1.0,1,0.07806734707252456,54
4829,0,9957,3724,6233,0,0,0,1.0,1,1.0,1,1.0,1,0.0798927607065978,54
4830,3,9960,3726,6234,0,0,0,1.0,1,1.0,1,1.0,1,0.10182026733072265,53
4831,2,9962,3727,6235,0,0,0,1.0,1,1.0,1,1.0,1,0.08215420807140653,52
4832,0,9962,3727,6235,0,0,0,1.0,1,1.0,1,1.0,1,0.1014336450371861,50
4833,1,9963,3727,6236,0,0,0,1.0,1,1.0,1,1.0,1,0.10237511062906518,51
4834,4,9967,3728,6239,0,0,0,1.0,1,1.0,1,1.0,1,0.09733220077024718,51
4835,1,9968,3728,6240,0,0,0,1.0,1,1.0,1,1.0,1,0.12037149060710685,50
4836,2,9970,3730,6240,0,0,0,1.0,1,1.0,1,1.0,1,0.1679605475090555,50
4837,9,9979,3732,6247,0,0,0,1.0,1,1.0,1,1.0,1,0.15123914655890794,46
4838,1,9980,3732,6248,0,0,0,1.0,1,1.0,1,1.0,1,0.12454516717027429,47
4839,1,9981,3733,6248,0,0,0,1.0,1,1.0,1,1.0,1,0.128351690431831,45
4840,1,9982,3734,6248,0,0,0,1.0,1,1.0,1,1.0,1,0.16109620257910814,45
4841,4,9986,3735,6251,0,0,0,1.0,1,1.0,1,1.0,1,0.11948684618492592,43
4842,2,9988,3737,6251,0,0,0,1.0,1,1.0,1,1.0,1,0.1539252980635553,43
4843,2,9990,3737,6253,0,0,0,1.0,1,1.0,1,1.0,1,0.12880052658955937,44
4844,0,9990,3737,6253,0,0,0,1.0,1,1.0,1,1.0,1,0.1364943947650576,43
4845,1,9991,3738,6253,0,0,0,1.0,1,1.0,1,1.0,1,0.15784869777530133,44
4846,2,9993,3738,6255,0,0,0,1.0,1,1.0,1,1.0,1,0.16584593709501919,43
4847,2,9995,3740,6255,0,0,0,1.0,1,1.0,1,1.0,1,0.18729143736803808,42
4848,3,9998,3743,6255,0,0,0,1.0,1,1.0,1,1.0,1,0.26267064058867007,41
4849,2,10000,3743,6257,0,0,0,1.0,1,1.0,1,1.0,1,0.1948679299281146,41
4850,2,10002,3743,6259,0,0,0,1.0,1,1.0,1,1.0,1,0.1984746543088691,41
4851,1,10003,3743,6260,0,0,0,1.0,1,1.0,1,1.0,1,0.17879075580636947,41
4852,0,10003,3743,6260,0,0,0,1.0,1,1.0,1,1.0,1,0.18173403147631925,43
4853,0,10003,3743,6260,0,0,0,1.0,1,1.0,1,1.0,1,0.19064506948223012,44
4854,1,10004,3744,6260,0,0,0,1.0,1,1.0,1,1.0,1,0.23299269586117435,45
4855,1,10005,3745,6260,0,0,0,1.0,1,1.0,1,1.0,1,0.1956898849131805,44
4856,2,10007,3746,6261,0,0,0,1.0,1,1.0,1,1.0,1,0.201154821745242,44
4857,2,10009,3746,6263,0,0,0,1.0,1,1.0,1,1.0,1,0.19211651190167442,44
4858,3,10012,3746,6266,0,0,0,1.0,1,1.0,1,1.0,1,0.1568709051016841,45
4859,1,10013,3746,6267,0,0,0,1.0,1,1.0,1,1.0,1,0.1435034986561919,46
4860,0,10013,3746,6267,0,0,0,1.0,1,1.0,1,1.0,1,0.1435034986561919,46
4861,0,10013,3746,6267,0,0,0,1.0,1,1.0,1,1.0,1,0.14052653204396562,46
4862,2,10015,3746,6269,0,0,0,1.0,1,1.0,1,1.0,1,0.13090830680826374,47
4863,2,10017,3747,6270,0,0,0,1.0,1,1.0,1,1.0,1,0.1362516306133961,47
4864,1,10018,3747,6271,0,0,0,1.0,1,1.0,1,1.0,1,0.12124277779965408,47
4865,4,10022,3747,6275,0,0,0,1.0,1,1.0,1,1.0,1,0.08523599481129952,48
4866,0,10022,3747,6275,0,0,0,1.0,1,1.0,1,1.0,1,0.08861276046966392,49
4867,0,10022,3747,6275,0,0,0,1.0,1,1.0,1,1.0,1,0.10187942964460843,50
4868,2,10024,3749,6275,0,0,0,1.0,1,1.0,1,1.0,1,0.12342256921664314,50
4869,1,10025,3749,6276,0,0,0,1.0,1,1.0,1,1.0,1,0.10015794754624992,50
4870,4,10029,3751,6278,0,0,0,1.0,1,1.0,1,1.0,1,0.10808637844127555,52
4871,1,10030,3751,6279,0,0,0,1.0,1,1.0,1,1.0,1,0.0897448681158009,52
4872,1,10031,3752,6279,0,0,0,1.0,1,1.0,1,1.0,1,0.08760718330002797,53
4873,4,10035,3753,6282,0,0,0,1.0,1,1.0,1,1.0,1,0.1064200530737696,55
4874,2,10037,3755,6282,0,0,0,1.0,1,1.0,1,1.0,1,0.14266627489829029,56
4875,3,10040,3756,6284,0,0,0,1.0,1,1.0,1,1.0,1,0.1291950985907095,55
4876,4,10044,3757,6287,0,0,0,1.0,1,1.0,1,1.0,1,0.10720855061426768,55
4877,5,10049,3759,6290,0,0,0,1.0,1,1.0,1,1.0,1,0.13845780984248396,54
4878,1,10050,3759,6291,0,0,0,1.0,1,1.0,1,1.0,1,0.1340710149776565,53
4879,4,10054,3761,6293,0,0,0,1.0,1,1.0,1,1.0,1,0.19280358125099065,54
4880,2,10056,3761,6295,0,0,0,1.0,1,1.0,1,1.0,1,0.18208326803376995,54
4881,2,10058,3761,6297,0,0,0,1.0,1,1.0,1,1.0,1,0.12415210382709435,53
4882,2,10060,3763,6297,0,0,0,1.0,1,1.0,1,1.0,1,0.16261708835684036,53
4883,2,10062,3764,6298,0,0,0,1.0,1,1.0,1,1.0,1,0.19029504613944062,53
4884,1,10063,3764,6299,0,0,0,1.0,1,1.0,1,1.0,1,0.16096000937266497,51
4885,2,10065,3765,6300,0,0,0,1.0,1,1.0,1,1.0,1,0.17436493929328073,50
4886,0,10065,3765,6300,0,0,0,1.0,1,1.0,1,1.0,1,0.16313579200647296,48
4887,0,10065,3765,6300,0,0,0,1.0,1,1.0,1,1.0,1,0.16313579200647296,48
4888,1,10066,3766,6300,0,0,0,1.0,1,1.0,1,1.0,1,0.17726461286590364,48
4889,0,10066,3766,6300,0,0,0,1.0,1,1.0,1,1.0,1,0.17726461286590364,48
4890,0,10066,3766,6300,0,0,0,1.0,1,1.0,1,1.0,1,0.17883317916486052,49
4891,2,10068,3767,6301,0,0,0,1.0,1,1.0,1,1.0,1,0.17082626545358756,50
4892,1,10069,3767,6302,0,0,0,1.0,1,1.0,1,1.0,1,0.15296545582585536,49
4893,1,10070,3768,6302,0,0,0,1.0,1,1.0,1,1.0,1,0.16508443655648153,50
4894,2,10072,3768,6304,0,0,0,1.0,1,1.0,1,1.0,1,0.15110024336752087,51
4895,0,10072,3768,6304,0,0,0,1.0,1,1.0,1,1.0,1,0.15646670005247496,52
4896,2,10074,3768,6306,0,0,0,1.0,1,1.0,1,1.0,1,0.13786300216489694,53
4897,1,10075,3768,6307,0,0,0,1.0,1,1.0,1,1.0,1,0.10109381686156485,53
4898,0,10075,3768,6307,0,0,0,1.0,1,1.0,1,1.0,1,0.10109381686156485,53
4899,3,10078,3770,6308,0,0,0,1.0,1,1.0,1,1.0,1,0.0776988523992564,55
4900,1,10079,3771,6308,0,0,0,1.0,1,1.0,1,1.0,1,0.08292223974584684,55
4901,1,10080,3772,6308,0,0,0,1.0,1,1.0,1,1.0,1,0.07524184027533215,56
4902,2,10082,3773,6309,0,0,0,1.0,1,1.0,1,1.0,1,0.10910306698810848,58
4903,6,10088,3776,6312,0,0,0,1.0,1,1.0,1,1.0,1,0.1187178255816039,58
4904,4,10092,3778,6314,0,0,0,1.0,1,1.0,1,1.0,1,0.11519468101100482,57
4905,3,10095,3779,6316,0,0,0,1.0,1,1.0,1,1.0,1,0.14145655289600914,54
4906,5,10100,3781,6319,0,0,0,1.0,1,1.0,1,1.0,1,0.1520991266486891,55
4907,1,10101,3781,6320,0,0,0,1.0,1,1.0,1,1.0,1,0.14288820736869906,52
4908,3,10104,3783,6321,0,0,0,1.0,1,1.0,1,1.0,1,0.17320457719831706,53
4909,3,10107,3783,6324,0,0,0,1.0,1,1.0,1,1.0,1,0.11758598383044805,52
4910,4,10111,3784,6327,0,0,0,1.0,1,1.0,1,1.0,1,0.13301372999467823,53
4911,2,10113,3784,6329,0,0,0,1.0,1,1.0,1,1.0,1,0.11651982438194021,55
4912,3,10116,3785,6331,0,0,0,1.0,1,1.0,1,1.0,1,0.14578490113587428,54
4913,1,10117,3785,6332,0,0,0,1.0,1,1.0,1,1.0,1,0.1314398432334933,53
4914,2,10119,3785,6334,0,0,0,1.0,1,1.0,1,1.0,1,0.11097572759606257,53
4915,3,10122,3787,6335,0,0,0,1.0,1,1.0,1,1.0,1,0.14304561648291572,54
4916,2,10124,3788,6336,0,0,0,1.0,1,1.0,1,1.0,1,0.16260414108454554,52
4917,2,10126,3789,6337,0,0,0,1.0,1,1.0,1,1.0,1,0.18449391126177261,52
4918,1,10127,3789,6338,0,0,0,1.0,1,1.0,1,1.0,1,0.1906375014904816,51
4919,0,10127,3789,6338,0,0,0,1.0,1,1.0,1,1.0,1,0.1948195175112127,50
4920,1,10128,3789,6339,0,0,0,1.0,1,1.0,1,1.0,1,0.17089170371119902,51
4921,1,10129,3790,6339,0,0,0,1.0,1,1.0,1,1.0,1,0.17959797156044197,51
4922,3,10132,3791,6341,0,0,0,1.0,1,1.0,1,1.0,1,0.15675126597948638,53
4923,2,10134,3791,6343,0,0,0,1.0,1,1.0,1,1.0,1,0.14042249688297723,53
4924,3,10137,3791,6346,0,0,0,1.0,1,1.0,1,1.0,1,0.13292183560105703,55
4925,3,10140,3793,6347,0,0,0,1.0,1,1.0,1,1.0,1,0.11748314442818132,56
4926,0,10140,3793,6347,0,0,0,1.0,1,1.0,1,1.0,1,0.12523254904433323,55
4927,2,10142,3795,6347,0,0,0,1.0,1,1.0,1,1.0,1,0.13830745497736835,55
4928,0,10142,3795,6347,0,0,0,1.0,1,1.0,1,1.0,1,0.13830745497736835,55
4929,4,10146,3795,6351,0,0,0,1.0,1,1.0,1,1.0,1,0.06609849640252588,56
4930,1,10147,3796,6351,0,0,0,1.0,1,1.0,1,1.0,1,0.0999357124235632,58
4931,0,10147,3796,6351,0,0,0,1.0,1,1.0,1,1.0,1,0.10626371415835835,59
4932,3,10150,3797,6353,0,0,0,1.0,1,1.0,1,1.0,1,0.12401761001343238,60
4933,0,10150,3797,6353,0,0,0,1.0,1,1.0,1,1.0,1,0.12401761001343238,60
4934,0,10150,3797,6353,0,0,0,1.0,1,1.0,1,1.0,1,0.12401761001343238,60
4935,2,10152,3797,6355,0,0,0,1.0,1,1.0,1,1.0,1,0.09741742507832572,60
4936,2,10154,3798,6356,0,0,0,1.0,1,1.0,1,1.0,1,0.12415716305970616,61
4937,2,10156,3798,6358,0,0,0,1.0,1,1.0,1,1.0,1,0.1183843753285696,62
4938,1,10157,3798,6359,0,0,0,1.0,1,1.0,1,1.0,1,0.10088936844840733,62
4939,3,10160,3801,6359,0,0,0,1.0,1,1.0,1,1.0,1,0.1375560885527173,64
4940,5,10165,3801,6364,0,0,0,1.0,1,1.0,1,1.0,1,0.10042886473539424,67
4941,2,10167,3802,6365,0,0,0,1.0,1,1.0,1,1.0,1,0.11219717071391598,66
4942,4,10171,3804,6367,0,0,0,1.0,1,1.0,1,1.0,1,0.11206250291771695,67
4943,1,10172,3804,6368,0,0,0,1.0,1,1.0,1,1.0,1,0.10540023160899402,65
4944,1,10173,3805,6368,0,0,0,1.0,1,1.0,1,1.0,1,0.10861003864389764,65
4945,3,10176,3807,6369,0,0,0,1.0,1,1.0,1,1.0,1,0.1294315731339644,62
4946,5,10181,3810,6371,0,0,0,1.0,1,1.0,1,1.0,1,0.11556092912183787,61
4947,1,10182,3810,6372,0,0,0,1.0,1,1.0,1,1.0,1,0.12019632778392231,59
4948,4,10186,3813,6373,0,0,0,1.0,1,1.0,1,1.0,1,0.15175872103230767,59
4949,7,10193,3814,6379,0,0,0,1.0,1,1.0,1,1.0,1,0.13452182315275665,57
4950,7,10200,3818,6382,0,0,0,1.0,1,1.0,1,1.0,1,0.1155517414463467,58
4951,4,10204,3821,6383,0,0,0,1.0,1,1.0,1,1.0,1,0.12919197391880446,55
4952,3,10207,3823,6384,0,0,0,1.0,1,1.0,1,1.0,1,0.11382019731835988,53
4953,3,10210,3824,6386,0,0,0,1.0,1,1.0,1,1.0,1,0.12173960340297454,54
4954,1,10211,3824,6387,0,0,0,1.0,1,1.0,1,1.0,1,0.10728519256026188,52
4955,1,10212,3825,6387,0,0,0,1.0,1,1.0,1,1.0,1,0.11515935587622415,51
4956,0,10212,3825,6387,0,0,0,1.0,1,1.0,1,1.0,1,0.15356267662104073,47
4957,8,10220,3827,6393,0,0,0,1.0,1,1.0,1,1.0,1,0.098388320301516,48
4958,0,10220,3827,6393,0,0,0,1.0,1,1.0,1,1.0,1,0.08414151534765063,47
4959,0,10220,3827,6393,0,0,0,1.0,1,1.0,1,1.0,1,0.08414151534765063,47
4960,1,10221,3827,6394,0,0,0,1.0,1,1.0,1,1.0,1,0.08584933350550317,48
4961,2,10223,3829,6394,0,0,0,1.0,1,1.0,1,1.0,1,0.15495761330551988,49
4962,0,10223,3829,6394,0,0,0,1.0,1,1.0,1,1.0,1,0.15495761330551988,49
4963,3,10226,3829,6397,0,0,0,1.0,1,1.0,1,1.0,1,0.13048304041951736,51
4964,2,10228,3831,6397,0,0,0,1.0,1,1.0,1,1.0,1,0.13670516574722819,51
4965,4,10232,3832,6400,0,0,0,1.0,1,1.0,1,1.0,1,0.0984509891544657,51
4966,1,10233,3832,6401,0,0,0,1.0,1,1.0,1,1.0,1,0.07713188914407029,51
4967,2,10235,3834,6401,0,0,0,1.0,1,1.0,1,1.0,1,0.10851583184652924,51
4968,3,10238,3836,6402,0,0,0,1.0,1,1.0,1,1.0,1,0.12413369035269943,52
4969,4,10242,3837,6405,0,0,0,1.0,1,1.0,1,1.0,1,0.12399014855543276,53
4970,3,10245,3838,6407,0,0,0,1.0,1,1.0,1,1.0,1,0.14324562017326853,54
4971,3,10248,3838,6410,0,0,0,1.0,1,1.0,1,1.0,1,0.09767256881770385,55
4972,1,10249,3838,6411,0,0,0,1.0,1,1.0,1,1.0,1,0.1239444935158899,56
4973,2,10251,3839,6412,0,0,0,1.0,1,1.0,1,1.0,1,0.12304057005900146,57
4974,2,10253,3840,6413,0,0,0,1.0,1,1.0,1,1.0,1,0.14078020291480145,56
4975,2,10255,3840,6415,0,0,0,1.0,1,1.0,1,1.0,1,0.10577175695605333,57
4976,2,10257,3841,6416,0,0,0,1.0,1,1.0,1,1.0,1,0.11445283349318902,57
4977,2,10259,3841,6418,0,0,0,1.0,1,1.0,1,1.0,1,0.08990151228822117,57
4978,0,10259,3841,6418,0,0,0,1.0,1,1.0,1,1.0,1,0.09083403902625645,58
4979,2,10261,3843,6418,0,0,0,1.0,1,1.0,1,1.0,1,0.11915300176038664,58
4980,2,10263,3844,6419,0,0,0,1.0,1,1.0,1,1.0,1,0.11499757639640845,59
4981,6,10269,3846,6423,0,0,0,1.0,1,1.0,1,1.0,1,0.07409952611722637,60
4982,3,10272,3847,6425,0,0,0,1.0,1,1.0,1,1.0,1,0.05679251028486015,61
4983,4,10276,3850,6426,0,0,0,1.0,1,1.0,1,1.0,1,0.11534828051101015,61
4984,3,10279,3852,6427,0,0,0,1.0,1,1.0,1,1.0,1,0.10891696603939656,59
4985,4,10283,3852,6431,0,0,0,1.0,1,1.0,1,1.0,1,0.05602024919267032,58
4986,3,10286,3852,6434,0,0,0,1.0,1,1.0,1,1.0,1,0.06555249904982946,59
4987,6,10292,3854,6438,0,0,0,1.0,1,1.0,1,1.0,1,0.12645650429261043,58
4988,7,10299,3856,6443,0,0,0,1.0,1,1.0,1,1.0,1,0.12477531842020179,57
4989,4,10303,3856,6447,0,0,0,1.0,1,1.0,1,1.0,1,0.07903970563079057,54
4990,2,10305,3857,6448,0,0,0,1.0,1,1.0,1,1.0,1,0.0841610222709963,53
4991,4,10309,3861,6448,0,0,0,1.0,1,1.0,1,1.0,1,0.16827459411543771,52
4992,6,10315,3864,6451,0,0,0,1.0,1,1.0,1,1.0,1,0.11362355118752723,48
4993,1,10316,3864,6452,0,0,0,1.0,1,1.0,1,1.0,1,0.09138260917910548,48
4994,1,10317,3865,6452,0,0,0,1.0,1,1.0,1,1.0,1,0.1161253331665384,45
4995,3,10320,3868,6452,0,0,0,1.0,1,1.0,1,1.0,1,0.1625565371323338,45
4996,4,10324,3872,6452,0,0,0,1.0,1,1.0,1,1.0,1,0.19820461909303952,45
4997,3,10327,3873,6454,0,0,0,1.0,1,1.0,1,1.0,1,0.1873910785476137,42
4998,4,10331,3874,6457,0,0,0,1.0,1,1.0,1,1.0,1,0.18805329166687387,44
4999,5,10336,3876,6460,0,0,0,1.0,1,1.0,1,1.0,1,0.17737508917844627,44
5000,0,10336,3876,6460,0,0,0,1.0,1,1.0,1,1.0,1,0.15934267937975144,42
5001,1,10337,3876,6461,0,0,0,1.0,1,1.0,1,1.0,1,0.14956951283234574,42
5002,1,10338,3877,6461,0,0,0,1.0,1,1.0,1,1.0,1,0.16086635896443333,41
5003,1,10339,3878,6461,0,0,0,1.0,1,1.0,1,1.0,1,0.2147252834389315,41
5004,0,10339,3878,6461,0,0,0,1.0,1,1.0,1,1.0,1,0.22073243741350151,41
5005,0,10339,3878,6461,0,0,0,1.0,1,1.0,1,1.0,1,0.22073243741350151,41
5006,1,10340,3878,6462,0,0,0,1.0,1,1.0,1,1.0,1,0.19012171659650257,42
5007,0,10340,3878,6462,0,0,0,1.0,1,1.0,1,1.0,1,0.1799652958813156,43
5008,1,10341,3878,6463,0,0,0,1.0,1,1.0,1,1.0,1,0.17397744805077173,46
5009,0,10341,3878,6463,0,0,0,1.0,1,1.0,1,1.0,1,0.17397744805077173,46
5010,0,10341,3878,6463,0,0,0,1.0,1,1.0,1,1.0,1,0.17850777377378496,46
5011,1,10342,3878,6464,0,0,0,1.0,1,1.0,1,1.0,1,0.1507488130958628,47
5012,0,10342,3878,6464,0,0,0,1.0,1,1.0,1,1.0,1,0.14135777177961265,48
5013,1,10343,3878,6465,0,0,0,1.0,1,1.0,1,1.0,1,0.13466542262436546,48
5014,1,10344,3878,6466,0,0,0,1.0,1,1.0,1,1.0,1,0.12649267052060442,49
5015,3,10347,3879,6468,0,0,0,1.0,1,1.0,1,1.0,1,0.13053896386251662,50
5016,7,10354,3881,6473,0,0,0,1.0,1,1.0,1,1.0,1,0.16357622498423688,51
5017,4,10358,3882,6476,0,0,0,1.0,1,1.0,1,1.0,1,0.12220379892366054,51
5018,0,10358,3882,6476,0,0,0,1.0,1,1.0,1,1.0,1,0.12220379892366054,51
5019,2,10360,3884,6476,0,0,0,1.0,1,1.0,1,1.0,1,0.14865582024145083,51
5020,0,10360,3884,6476,0,0,0,1.0,1,1.0,1,1.0,1,0.14865582024145083,51
5021,1,10361,3884,6477,0,0,0,1.0,1,1.0,1,1.0,1,0.1253426997831614,52
5022,1,10362,3885,6477,0,0,0,1.0,1,1.0,1,1.0,1,0.13190071433739586,52
5023,5,10367,3888,6479,0,0,0,1.0,1,1.0,1,1.0,1,0.1298908618695725,52
5024,3,10370,3890,6480,0,0,0,1.0,1,1.0,1,1.0,1,0.15556715921263436,51
5025,3,10373,3890,6483,0,0,0,1.0,1,1.0,1,1.0,1,0.08443414941912374,50
5026,5,10378,3892,6486,0,0,0,1.0,1,1.0,1,1.0,1,0.09654621892422822,49
5027,4,10382,3893,6489,0,0,0,1.0,1,1.0,1,1.0,1,0.07799976022962946,47
5028,3,10385,3894,6491,0,0,0,1.0,1,1.0,1,1.0,1,0.1269382475779819,47
5029,2,10387,3894,6493,0,0,0,1.0,1,1.0,1,1.0,1,0.12804598159825123,46
5030,1,10388,3894,6494,0,0,0,1.0,1,1.0,1,1.0,1,0.09428674592416014,48
5031,1,10389,3895,6494,0,0,0,1.0,1,1.0,1,1.0,1,0.1256568682648611,46
5032,4,10393,3896,6497,0,0,0,1.0,1,1.0,1,1.0,1,0.16504254151711847,46
5033,5,10398,3897,6501,0,0,0,1.0,1,1.0,1,1.0,1,0.13442951937431405,47
5034,4,10402,3897,6505,0,0,0,1.0,1,1.0,1,1.0,1,0.12725546039473135,48
5035,2,10404,3897,6507,0,0,0,1.0,1,1.0,1,1.0,1,0.12744459485412146,47
5036,3,10407,3898,6509,0,0,0,1.0,1,1.0,1,1.0,1,0.13167460235848344,47
5037,1,10408,3898,6510,0,0,0,1.0,1,1.0,1,1.0,1,0.12391501318506123,47
5038,0,10408,3898,6510,0,0,0,1.0,1,1.0,1,1.0,1,0.13588860000715494,48
5039,1,10409,3898,6511,0,0,0,1.0,1,1.0,1,1.0,1,0.1337622555269723,47
5040,0,10409,3898,6511,0,0,0,1.0,1,1.0,1,1.0,1,0.12395302667414554,48
5041,0,10409,3898,6511,0,0,0,1.0,1,1.0,1,1.0,1,0.13082129393423564,49
5042,0,10409,3898,6511,0,0,0,1.0,1,1.0,1,1.0,1,0.12361455015690365,50
5043,1,10410,3898,6512,0,0,0,1.0,1,1.0,1,1.0,1,0.10002635039685683,51
5044,0,10410,3898,6512,0,0,0,1.0,1,1.0,1,1.0,1,0.10002635039685683,51
5045,3,10413,3899,6514,0,0,0,1.0,1,1.0,1,1.0,1,0.0715118862453905,51
5046,2,10415,3899,6516,0,0,0,1.0,1,1.0,1,1.0,1,0.0656723319391807,52
5047,0,10415,3899,6516,0,0,0,1.0,1,1.0,1,1.0,1,0.09650079311047967,52
5048,0,10415,3899,6516,0,0,0,1.0,1,1.0,1,1.0,1,0.09650079311047967,52
5049,2,10417,3899,6518,0,0,0,1.0,1,1.0,1,1.0,1,0.08935687764740063,52
5050,3,10420,3899,6521,0,0,0,1.0,1,1.0,1,1.0,1,0.07388285347936996,55
5051,1,10421,3899,6522,0,0,0,1.0,1,1.0,1,1.0,1,0.07946493430903626,55
5052,0,10421,3899,6522,0,0,0,1.0,1,1.0,1,1.0,1,0.07946493430903626,55
5053,1,10422,3899,6523,0,0,0,1.0,1,1.0,1,1.0,1,0.07347581619837219,54
5054,1,10423,3900,6523,0,0,0,1.0,1,1.0,1,1.0,1,0.08675491257983967,54
5055,0,10423,3900,6523,0,0,0,1.0,1,1.0,1,1.0,1,0.10876158395936755,54
5056,1,10424,3900,6524,0,0,0,1.0,1,1.0,1,1.0,1,0.08893607075395576,55
5057,1,10425,3900,6525,0,0,0,1.0,1,1.0,1,1.0,1,0.08899787979168831,56
5058,3,10428,3901,6527,0,0,0,1.0,1,1.0,1,1.0,1,0.08958538282777802,58
5059,0,10428,3901,6527,0,0,0,1.0,1,1.0,1,1.0,1,0.08958538282777802,58
5060,0,10428,3901,6527,0,0,0,1.0,1,1.0,1,1.0,1,0.09669119614061471,59
5061,1,10429,3901,6528,0,0,0,1.0,1,1.0,1,1.0,1,0.09338311706360984,58
5062,3,10432,3902,6530,0,0,0,1.0,1,1.0,1,1.0,1,0.08645531836963369,58
5063,4,10436,3905,6531,0,0,0,1.0,1,1.0,1,1.0,1,0.13442485397969717,57
5064,6,10442,3909,6533,0,0,0,1.0,1,1.0,1,1.0,1,0.15647135607302545,57
5065,3,10445,3910,6535,0,0,0,1.0,1,1.0,1,1.0,1,0.14984979873749799,56
5066,6,10451,3913,6538,0,0,0,1.0,1,1.0,1,1.0,1,0.1975643346554115,55
5067,1,10452,3913,6539,0,0,0,1.0,1,1.0,1,1.0,1,0.16486395561262313,54
5068,3,10455,3914,6541,0,0,0,1.0,1,1.0,1,1.0,1,0.16016179620595425,54
5069,3,10458,3915,6543,0,0,0,1.0,1,1.0,1,1.0,1,0.15677689806785472,53
5070,0,10458,3915,6543,0,0,0,1.0,1,1.0,1,1.0,1,0.15939978839266486,53
5071,0,10458,3915,6543,0,0,0,1.0,1,1.0,1,1.0,1,0.1391148433202687,53
5072,1,10459,3916,6543,0,0,0,1.0,1,1.0,1,1.0,1,0.12644031982022358,53
5073,2,10461,3916,6545,0,0,0,1.0,1,1.0,1,1.0,1,0.10554385367403776,53
5074,0,10461,3916,6545,0,0,0,1.0,1,1.0,1,1.0,1,0.10152656955990226,52
5075,0,10461,3916,6545,0,0,0,1.0,1,1.0,1,1.0,1,0.10152656955990226,52
5076,2,10463,3917,6546,0,0,0,1.0,1,1.0,1,1.0,1,0.11208122569780558,55
5077,2,10465,3918,6547,0,0,0,1.0,1,1.0,1,1.0,1,0.13856290148171882,55
5078,1,10466,3918,6548,0,0,0,1.0,1,1.0,1,1.0,1,0.12790527022541723,55
5079,0,10466,3918,6548,0,0,0,1.0,1,1.0,1,1.0,1,0.14455869469442373,54
5080,1,10467,3919,6548,0,0,0,1.0,1,1.0,1,1.0,1,0.15905884470715828,55
5081,3,10470,3919,6551,0,0,0,1.0,1,1.0,1,1.0,1,0.12772556590785986,57
5082,2,10472,3919,6553,0,0,0,1.0,1,1.0,1,1.0,1,0.10215315166725437,57
5083,2,10474,3920,6554,0,0,0,1.0,1,1.0,1,1.0,1,0.10096767048936478,58
5084,1,10475,3920,6555,0,0,0,1.0,1,1.0,1,1.0,1,0.07108044518510401,58
5085,3,10478,3922,6556,0,0,0,1.0,1,1.0,1,1.0,1,0.1265738515910187,59
5086,3,10481,3923,6558,0,0,0,1.0,1,1.0,1,1.0,1,0.09046004778147725,60
5087,5,10486,3925,6561,0,0,0,1.0,1,1.0,1,1.0,1,0.13752233417821905,61
5088,7,10493,3926,6567,0,0,0,1.0,1,1.0,1,1.0,1,0.16202888745154112,62
5089,9,10502,3929,6573,0,0,0,1.0,1,1.0,1,1.0,1,0.09822788538020648,63
5090,3,10505,3930,6575,0,0,0,1.0,1,1.0,1,1.0,1,0.10282095378901872,63
5091,3,10508,3933,6575,0,0,0,1.0,1,1.0,1,1.0,1,0.12328067895275607,63
5092,2,10510,3933,6577,0,0,0,1.0,1,1.0,1,1.0,1,0.11389479852591508,63
5093,4,10514,3935,6579,0,0,0,1.0,1,1.0,1,1.0,1,0.13114387965592908,63
5094,3,10517,3937,6580,0,0,0,1.0,1,1.0,1,1.0,1,0.1276322233050371,64
5095,4,10521,3938,6583,0,0,0,1.0,1,1.0,1,1.0,1,0.141834753755954,64
5096,8,10529,3939,6590,0,0,0,1.0,1,1.0,1,1.0,1,0.11776488502730446,67
5097,1,10530,3939,6591,0,0,0,1.0,1,1.0,1,1.0,1,0.12237703551960147,67
5098,0,10530,3939,6591,0,0,0,1.0,1,1.0,1,1.0,1,0.1198747293591105,68
5099,1,10531,3939,6592,0,0,0,1.0,1,1.0,1,1.0,1,0.10564448997919786,70
5100,2,10533,3939,6594,0,0,0,1.0,1,1.0,1,1.0,1,0.09040004043274869,71
5101,0,10533,3939,6594,0,0,0,1.0,1,1.0,1,1.0,1,0.09040004043274869,71
5102,5,10538,3941,6597,0,0,0,1.0,1,1.0,1,1.0,1,0.08164497984490936,70
5103,0,10538,3941,6597,0,0,0,1.0,1,1.0,1,1.0,1,0.06901944272224715,67
5104,1,10539,3942,6597,0,0,0,1.0,1,1.0,1,1.0,1,0.09926335987070194,67
5105,7,10546,3944,6602,0,0,0,1.0,1,1.0,1,1.0,1,0.08964116539785376,63
5106,4,10550,3945,6605,0,0,0,1.0,1,1.0,1,1.0,1,0.06913043847509004,63
5107,3,10553,3947,6606,0,0,0,1.0,1,1.0,1,1.0,1,0.10778540838223366,60
5108,2,10555,3948,6607,0,0,0,1.0,1,1.0,1,1.0,1,0.14311410484923304,56
5109,7,10562,3952,6610,0,0,0,1.0,1,1.0,1,1.0,1,0.13589602181981508,56
5110,3,10565,3953,6612,0,0,0,1.0,1,1.0,1,1.0,1,0.12904070961179567,52
5111,5,10570,3958,6612,0,0,0,1.0,1,1.0,1,1.0,1,0.1576648783575516,51
5112,2,10572,3960,6612,0,0,0,1.0,1,1.0,1,1.0,1,0.18483687138192686,50
5113,7,10579,3961,6618,0,0,0,1.0,1,1.0,1,1.0,1,0.13161431599823922,48
5114,1,10580,3961,6619,0,0,0,1.0,1,1.0,1,1.0,1,0.11810546974697356,46
5115,2,10582,3962,6620,0,0,0,1.0,1,1.0,1,1.0,1,0.14066231724327127,44
5116,3,10585,3963,6622,0,0,0,1.0,1,1.0,1,1.0,1,0.15764801064851755,44
5117,3,10588,3963,6625,0,0,0,1.0,1,1.0,1,1.0,1,0.09615536824828128,46
5118,2,10590,3964,6626,0,0,0,1.0,1,1.0,1,1.0,1,0.08140793481096367,46
5119,4,10594,3965,6629,0,0,0,1.0,1,1.0,1,1.0,1,0.08675242194388313,46
5120,3,10597,3965,6632,0,0,0,1.0,1,1.0,1,1.0,1,0.0832350397873483,46
5121,2,10599,3966,6633,0,0,0,1.0,1,1.0,1,1.0,1,0.10115095758437115,46
5122,7,10606,3970,6636,0,0,0,1.0,1,1.0,1,1.0,1,0.16165410860720186,46
5123,3,10609,3972,6637,0,0,0,1.0,1,1.0,1,1.0,1,0.19205714030230814,45
5124,3,10612,3974,6638,0,0,0,1.0,1,1.0,1,1.0,1,0.18952977811990598,47
5125,7,10619,3975,6644,0,0,0,1.0,1,1.0,1,1.0,1,0.11316155866174872,50
5126,2,10621,3976,6645,0,0,0,1.0,1,1.0,1,1.0,1,0.12022517146701063,50
5127,3,10624,3976,6648,0,0,0,1.0,1,1.0,1,1.0,1,0.09475090525510743,52
5128,3,10627,3977,6650,0,0,0,1.0,1,1.0,1,1.0,1,0.12800840917400638,53
5129,4,10631,3977,6654,0,0,0,1.0,1,1.0,1,1.0,1,0.0817344274253996,55
5130,2,10633,3978,6655,0,0,0,1.0,1,1.0,1,1.0,1,0.08007079936734982,55
5131,0,10633,3978,6655,0,0,0,1.0,1,1.0,1,1.0,1,0.09542109255996531,54
5132,0,10633,3978,6655,0,0,0,1.0,1,1.0,1,1.0,1,0.11815864600025806,54
5133,0,10633,3978,6655,0,0,0,1.0,1,1.0,1,1.0,1,0.11815864600025806,54
5134,0,10633,3978,6655,0,0,0,1.0,1,1.0,1,1.0,1,0.1324242965286939,53
5135,0,10633,3978,6655,0,0,0,1.0,1,1.0,1,1.0,1,0.13328285306035662,54
5136,3,10636,3978,6658,0,0,0,1.0,1,1.0,1,1.0,1,0.10539554258472139,54
5137,2,10638,3978,6660,0,0,0,1.0,1,1.0,1,1.0,1,0.08922981249515916,54
5138,3,10641,3979,6662,0,0,0,1.0,1,1.0,1,1.0,1,0.11633933585753325,54
5139,1,10642,3979,6663,0,0,0,1.0,1,1.0,1,1.0,1,0.10504970383085024,55
5140,0,10642,3979,6663,0,0,0,1.0,1,1.0,1,1.0,1,0.10504970383085024,55
5141,2,10644,3979,6665,0,0,0,1.0,1,1.0,1,1.0,1,0.08363065385069664,53
5142,1,10645,3980,6665,0,0,0,1.0,1,1.0,1,1.0,1,0.07186211062149385,54
5143,2,10647,3982,6665,0,0,0,1.0,1,1.0,1,1.0,1,0.10701671222686837,52
5144,3,10650,3983,6667,0,0,0,1.0,1,1.0,1,1.0,1,0.11247240037797678,50
5145,4,10654,3984,6670,0,0,0,1.0,1,1.0,1,1.0,1,0.09407347481893066,49
5146,4,10658,3985,6673,0,0,0,1.0,1,1.0,1,1.0,1,0.09808470728556087,49
5147,2,10660,3986,6674,0,0,0,1.0,1,1.0,1,1.0,1,0.1046318394354224,46
5148,2,10662,3988,6674,0,0,0,1.0,1,1.0,1,1.0,1,0.14757343916825738,46
5149,4,10666,3988,6678,0,0,0,1.0,1,1.0,1,1.0,1,0.06537418824131827,45
5150,1,10667,3989,6678,0,0,0,1.0,1,1.0,1,1.0,1,0.08030501661031345,47
5151,1,10668,3990,6678,0,0,0,1.0,1,1.0,1,1.0,1,0.11770314711900419,46
5152,2,10670,3992,6678,0,0,0,1.0,1,1.0,1,1.0,1,0.18445181795105273,46
5153,5,10675,3994,6681,0,0,0,1.0,1,1.0,1,1.0,1,0.14831402610293803,45
5154,3,10678,3995,6683,0,0,0,1.0,1,1.0,1,1.0,1,0.17271540120961265,47
5155,2,10680,3996,6684,0,0,0,1.0,1,1.0,1,1.0,1,0.21855849891284665,47
5156,2,10682,3997,6685,0,0,0,1.0,1,1.0,1,1.0,1,0.2242543011736598,47
5157,6,10688,3997,6691,0,0,0,1.0,1,1.0,1,1.0,1,0.13341769593381325,46
5158,1,10689,3997,6692,0,0,0,1.0,1,1.0,1,1.0,1,0.13568384855137022,47
5159,1,10690,3997,6693,0,0,0,1.0,1,1.0,1,1.0,1,0.13364161353212922,49
5160,1,10691,3997,6694,0,0,0,1.0,1,1.0,1,1.0,1,0.12173818701616511,48
5161,1,10692,3997,6695,0,0,0,1.0,1,1.0,1,1.0,1,0.08935377856893686,48
5162,0,10692,3997,6695,0,0,0,1.0,1,1.0,1,1.0,1,0.08868494245392305,49
5163,2,10694,3997,6697,0,0,0,1.0,1,1.0,1,1.0,1,0.09832226938431485,51
5164,0,10694,3997,6697,0,0,0,1.0,1,1.0,1,1.0,1,0.09832226938431485,51
5165,2,10696,3998,6698,0,0,0,1.0,1,1.0,1,1.0,1,0.13165716780257036,52
5166,2,10698,3998,6700,0,0,0,1.0,1,1.0,1,1.0,1,0.11194203364504694,52
5167,3,10701,4001,6700,0,0,0,1.0,1,1.0,1,1.0,1,0.14974847515636197,52
5168,1,10702,4001,6701,0,0,0,1.0,1,1.0,1,1.0,1,0.1407060365490643,52
5169,8,10710,4003,6707,0,0,0,1.0,1,1.0,1,1.0,1,0.06237440780347756,53
5170,0,10710,4003,6707,0,0,0,1.0,1,1.0,1,1.0,1,0.06237440780347756,53
5171,0,10710,4003,6707,0,0,0,1.0,1,1.0,1,1.0,1,0.07175752473681282,52
5172,1,10711,4004,6707,0,0,0,1.0,1,1.0,1,1.0,1,0.09096059029291145,53
5173,1,10712,4004,6708,0,0,0,1.0,1,1.0,1,1.0,1,0.09709341232479733,54
5174,1,10713,4004,6709,0,0,0,1.0,1,1.0,1,1.0,1,0.08417000852714686,56
5175,4,10717,4005,6712,0,0,0,1.0,1,1.0,1,1.0,1,0.07810989348901456,58
5176,1,10718,4005,6713,0,0,0,1.0,1,1.0,1,1.0,1,0.0772115186617644,58
5177,1,10719,4005,6714,0,0,0,1.0,1,1.0,1,1.0,1,0.07852108445394557,59
5178,5,10724,4008,6716,0,0,0,1.0,1,1.0,1,1.0,1,0.09161581500563684,57
5179,0,10724,4008,6716,0,0,0,1.0,1,1.0,1,1.0,1,0.10058510338781528,58
5180,1,10725,4009,6716,0,0,0,1.0,1,1.0,1,1.0,1,0.10926637335845561,56
5181,2,10727,4011,6716,0,0,0,1.0,1,1.0,1,1.0,1,0.14491698169126557,57
5182,5,10732,4013,6719,0,0,0,1.0,1,1.0,1,1.0,1,0.10918725706264344,56
5183,0,10732,4013,6719,0,0,0,1.0,1,1.0,1,1.0,1,0.12563778971655298,57
5184,6,10738,4016,6722,0,0,0,1.0,1,1.0,1,1.0,1,0.12026295182002453,56
5185,4,10742,4017,6725,0,0,0,1.0,1,1.0,1,1.0,1,0.09059908524888545,56
5186,3,10745,4019,6726,0,0,0,1.0,1,1.0,1,1.0,1,0.11033135425686487,54
5187,1,10746,4019,6727,0,0,0,1.0,1,1.0,1,1.0,1,0.0870092421873034,51
5188,2,10748,4020,6728,0,0,0,1.0,1,1.0,1,1.0,1,0.11011729298330954,50
5189,2,10750,4020,6730,0,0,0,1.0,1,1.0,1,1.0,1,0.08455585147897951,49
5190,1,10751,4020,6731,0,0,0,1.0,1,1.0,1,1.0,1,0.06838207332369332,50
5191,1,10752,4021,6731,0,0,0,1.0,1,1.0,1,1.0,1,0.07420740701226675,50
5192,2,10754,4022,6732,0,0,0,1.0,1,1.0,1,1.0,1,0.09109500453180218,49
5193,1,10755,4023,6732,0,0,0,1.0,1,1.0,1,1.0,1,0.13092726405629027,50
5194,2,10757,4023,6734,0,0,0,1.0,1,1.0,1,1.0,1,0.11199114668780119,51
5195,2,10759,4024,6735,0,0,0,1.0,1,1.0,1,1.0,1,0.13462816386303791,51
5196,1,10760,4024,6736,0,0,0,1.0,1,1.0,1,1.0,1,0.10606961863344491,51
5197,3,10763,4024,6739,0,0,0,1.0,1,1.0,1,1.0,1,0.08547473754418099,51
5198,1,10764,4024,6740,0,0,0,1.0,1,1.0,1,1.0,1,0.07730166137374574,51
5199,1,10765,4024,6741,0,0,0,1.0,1,1.0,1,1.0,1,0.0826220868877813,54
5200,1,10766,4025,6741,0,0,0,1.0,1,1.0,1,1.0,1,0.06466411375538426,54
5201,3,10769,4028,6741,0,0,0,1.0,1,1.0,1,1.0,1,0.11177699887220142,55
5202,3,10772,4028,6744,0,0,0,1.0,1,1.0,1,1.0,1,0.07691308125997158,56
5203,0,10772,4028,6744,0,0,0,1.0,1,1.0,1,1.0,1,0.07691308125997158,56
5204,0,10772,4028,6744,0,0,0,1.0,1,1.0,1,1.0,1,0.09071330263599951,58
5205,2,10774,4028,6746,0,0,0,1.0,1,1.0,1,1.0,1,0.05502954532693905,58
5206,0,10774,4028,6746,0,0,0,1.0,1,1.0,1,1.0,1,0.05502954532693905,58
5207,1,10775,4028,6747,0,0,0,1.0,1,1.0,1,1.0,1,0.05847772147600041,59
5208,0,10775,4028,6747,0,0,0,1.0,1,1.0,1,1.0,1,0.0663290778021905,58
5209,1,10776,4028,6748,0,0,0,1.0,1,1.0,1,1.0,1,0.053902200787438535,58
5210,0,10776,4028,6748,0,0,0,1.0,1,1.0,1,1.0,1,0.06974898397887472,57
5211,1,10777,4029,6748,0,0,0,1.0,1,1.0,1,1.0,1,0.08778710627373333,57
5212,0,10777,4029,6748,0,0,0,1.0,1,1.0,1,1.0,1,0.1071635448028655,59
5213,5,10782,4032,6750,0,0,0,1.0,1,1.0,1,1.0,1,0.13682005510227518,59
5214,5,10787,4033,6754,0,0,0,1.0,1,1.0,1,1.0,1,0.146101565218419,59
5215,2,10789,4034,6755,0,0,0,1.0,1,1.0,1,1.0,1,0.18950548223672845,58
5216,1,10790,4034,6756,0,0,0,1.0,1,1.0,1,1.0,1,0.17076888283691882,59
5217,5,10795,4037,6758,0,0,0,1.0,1,1.0,1,1.0,1,0.14282036443183524,58
5218,4,10799,4039,6760,0,0,0,1.0,1,1.0,1,1.0,1,0.15975187332121252,58
5219,3,10802,4039,6763,0,0,0,1.0,1,1.0,1,1.0,1,0.13628112198466144,57
5220,3,10805,4041,6764,0,0,0,1.0,1,1.0,1,1.0,1,0.13493746005568547,56
5221,4,10809,4043,6766,0,0,0,1.0,1,1.0,1,1.0,1,0.15992462955173845,58
5222,2,10811,4045,6766,0,0,0,1.0,1,1.0,1,1.0,1,0.1640344510435034,56
5223,2,10813,4046,6767,0,0,0,1.0,1,1.0,1,1.0,1,0.19269896687285928,55
5224,1,10814,4046,6768,0,0,0,1.0,1,1.0,1,1.0,1,0.20160922995435712,56
5225,7,10821,4046,6775,0,0,0,1.0,1,1.0,1,1.0,1,0.12621716255330767,55
5226,2,10823,4047,6776,0,0,0,1.0,1,1.0,1,1.0,1,0.1305570651849983,55
5227,1,10824,4047,6777,0,0,0,1.0,1,1.0,1,1.0,1,0.12413158631767345,53
5228,0,10824,4047,6777,0,0,0,1.0,1,1.0,1,1.0,1,0.14221064887295123,51
5229,6,10830,4048,6782,0,0,0,1.0,1,1.0,1,1.0,1,0.10309620318316193,51
5230,0,10830,4048,6782,0,0,0,1.0,1,1.0,1,1.0,1,0.10173143911118171,51
5231,3,10833,4049,6784,0,0,0,1.0,1,1.0,1,1.0,1,0.11584883798049463,52
5232,4,10837,4050,6787,0,0,0,1.0,1,1.0,1,1.0,1,0.17133769852112324,52
5233,4,10841,4051,6790,0,0,0,1.0,1,1.0,1,1.0,1,0.16162725943491962,53
5234,0,10841,4051,6790,0,0,0,1.0,1,1.0,1,1.0,1,0.15962824272260615,53
5235,4,10845,4052,6793,0,0,0,1.0,1,1.0,1,1.0,1,0.14643771313237902,53
5236,1,10846,4053,6793,0,0,0,1.0,1,1.0,1,1.0,1,0.14692178211867263,52
5237,2,10848,4053,6795,0,0,0,1.0,1,1.0,1,1.0,1,0.16764631215961134,52
5238,4,10852,4054,6798,0,0,0,1.0,1,1.0,1,1.0,1,0.14234022326729007,52
5239,0,10852,4054,6798,0,0,0,1.0,1,1.0,1,1.0,1,0.1585029623716043,51
5240,5,10857,4057,6800,0,0,0,1.0,1,1.0,1,1.0,1,0.18303643827066685,53
5241,6,10863,4057,6806,0,0,0,1.0,1,1.0,1,1.0,1,0.14616660761748662,53
5242,0,10863,4057,6806,0,0,0,1.0,1,1.0,1,1.0,1,0.1597615663591191,51
5243,1,10864,4058,6806,0,0,0,1.0,1,1.0,1,1.0,1,0.17987651773276278,51
5244,2,10866,4059,6807,0,0,0,1.0,1,1.0,1,1.0,1,0.1899936533708515,52
5245,2,10868,4059,6809,0,0,0,1.0,1,1.0,1,1.0,1,0.15995418074130913,53
5246,3,10871,4060,6811,0,0,0,1.0,1,1.0,1,1.0,1,0.1308797174011063,53
5247,4,10875,4062,6813,0,0,0,1.0,1,1.0,1,1.0,1,0.15672354370753913,54
5248,0,10875,4062,6813,0,0,0,1.0,1,1.0,1,1.0,1,0.14124670763400046,54
5249,3,10878,4063,6815,0,0,0,1.0,1,1.0,1,1.0,1,0.1011088562888859,55
5250,0,10878,4063,6815,0,0,0,1.0,1,1.0,1,1.0,1,0.12161347749452041,57
5251,1,10879,4063,6816,0,0,0,1.0,1,1.0,1,1.0,1,0.1134267644651624,58
5252,1,10880,4064,6816,0,0,0,1.0,1,1.0,1,1.0,1,0.11761704540562552,58
5253,3,10883,4067,6816,0,0,0,1.0,1,1.0,1,1.0,1,0.1764998917867989,58
5254,3,10886,4068,6818,0,0,0,1.0,1,1.0,1,1.0,1,0.19368224799610423,59
5255,6,10892,4072,6820,0,0,0,1.0,1,1.0,1,1.0,1,0.19883848554323796,58
5256,0,10892,4072,6820,0,0,0,1.0,1,1.0,1,1.0,1,0.20488878483547016,58
5257,5,10897,4072,6825,0,0,0,1.0,1,1.0,1,1.0,1,0.15466014263857727,57
5258,1,10898,4072,6826,0,0,0,1.0,1,1.0,1,1.0,1,0.16014232831826944,55
5259,1,10899,4072,6827,0,0,0,1.0,1,1.0,1,1.0,1,0.15206082259864415,56
5260,2,10901,4073,6828,0,0,0,1.0,1,1.0,1,1.0,1,0.13542319563029,55
5261,2,10903,4074,6829,0,0,0,1.0,1,1.0,1,1.0,1,0.13218052098835162,54
5262,3,10906,4076,6830,0,0,0,1.0,1,1.0,1,1.0,1,0.15008116420527182,54
5263,4,10910,4079,6831,0,0,0,1.0,1,1.0,1,1.0,1,0.18878309623526687,55
5264,5,10915,4081,6834,0,0,0,1.0,1,1.0,1,1.0,1,0.19492826524858903,53
5265,3,10918,4083,6835,0,0,0,1.0,1,1.0,1,1.0,1,0.16993210839676678,52
5266,0,10918,4083,6835,0,0,0,1.0,1,1.0,1,1.0,1,0.180668857754396,49
5267,1,10919,4083,6836,0,0,0,1.0,1,1.0,1,1.0,1,0.18821919795101621,49
5268,3,10922,4084,6838,0,0,0,1.0,1,1.0,1,1.0,1,0.15247383201325657,46
5269,4,10926,4085,6841,0,0,0,1.0,1,1.0,1,1.0,1,0.12906158332842071,45
5270,4,10930,4086,6844,0,0,0,1.0,1,1.0,1,1.0,1,0.11033557429878776,46
5271,4,10934,4089,6845,0,0,0,1.0,1,1.0,1,1.0,1,0.12786383686325017,46
5272,2,10936,4091,6845,0,0,0,1.0,1,1.0,1,1.0,1,0.1377628069857698,45
5273,2,10938,4091,6847,0,0,0,1.0,1,1.0,1,1.0,1,0.12097567048299816,45
5274,1,10939,4092,6847,0,0,0,1.0,1,1.0,1,1.0,1,0.11090816067719066,45
5275,2,10941,4094,6847,0,0,0,1.0,1,1.0,1,1.0,1,0.14273798567728926,46
5276,6,10947,4098,6849,0,0,0,1.0,1,1.0,1,1.0,1,0.20688312927766292,45
5277,3,10950,4098,6852,0,0,0,1.0,1,1.0,1,1.0,1,0.18162139663985535,45
5278,1,10951,4099,6852,0,0,0,1.0,1,1.0,1,1.0,1,0.18987145863750418,44
5279,1,10952,4099,6853,0,0,0,1.0,1,1.0,1,1.0,1,0.1996759181852691,45
5280,1,10953,4099,6854,0,0,0,1.0,1,1.0,1,1.0,1,0.1979228726152556,46
5281,1,10954,4099,6855,0,0,0,1.0,1,1.0,1,1.0,1,0.18420409667803767,46
5282,2,10956,4100,6856,0,0,0,1.0,1,1.0,1,1.0,1,0.20654442579653948,47
5283,4,10960,4100,6860,0,0,0,1.0,1,1.0,1,1.0,1,0.1734604187452926,48
5284,0,10960,4100,6860,0,0,0,1.0,1,1.0,1,1.0,1,0.1734604187452926,48
5285,1,10961,4100,6861,0,0,0,1.0,1,1.0,1,1.0,1,0.12388923255609527,48
5286,3,10964,4100,6864,0,0,0,1.0,1,1.0,1,1.0,1,0.10896474324877639,50
5287,0,10964,4100,6864,0,0,0,1.0,1,1.0,1,1.0,1,0.10896474324877639,50
5288,2,10966,4100,6866,0,0,0,1.0,1,1.0,1,1.0,1,0.0824066911656815,51
5289,0,10966,4100,6866,0,0,0,1.0,1,1.0,1,1.0,1,0.0824066911656815,51
5290,0,10966,4100,6866,0,0,0,1.0,1,1.0,1,1.0,1,0.09466582493963663,52
5291,2,10968,4101,6867,0,0,0,1.0,1,1.0,1,1.0,1,0.14741790638017713,52
5292,0,10968,4101,6867,0,0,0,1.0,1,1.0,1,1.0,1,0.15839163099860804,53
5293,1,10969,4102,6867,0,0,0,1.0,1,1.0,1,1.0,1,0.1972130990980925,51
5294,1,10970,4103,6867,0,0,0,1.0,1,1.0,1,1.0,1,0.21100296258788534,50
5295,2,10972,4103,6869,0,0,0,1.0,1,1.0,1,1.0,1,0.2423501347251364,49
5296,3,10975,4105,6870,0,0,0,1.0,1,1.0,1,1.0,1,0.2521542664341545,48
5297,7,10982,4105,6877,0,0,0,1.0,1,1.0,1,1.0,1,0.19842920936794886,46
5298,2,10984,4105,6879,0,0,0,1.0,1,1.0,1,1.0,1,0.1837243485393966,46
5299,1,10985,4105,6880,0,0,0,1.0,1,1.0,1,1.0,1,0.18793476714459348,47
5300,1,10986,4105,6881,0,0,0,1.0,1,1.0,1,1.0,1,0.16200982698297775,48
5301,3,10989,4106,6883,0,0,0,1.0,1,1.0,1,1.0,1,0.15717191634536515,48
5302,3,10992,4108,6884,0,0,0,1.0,1,1.0,1,1.0,1,0.1719372701740256,49
5303,1,10993,4109,6884,0,0,0,1.0,1,1.0,1,1.0,1,0.16330213950465536,48
5304,3,10996,4111,6885,0,0,0,1.0,1,1.0,1,1.0,1,0.1718846645203749,48
5305,3,10999,4112,6887,0,0,0,1.0,1,1.0,1,1.0,1,0.16500422511720592,47
5306,3,11002,4113,6889,0,0,0,1.0,1,1.0,1,1.0,1,0.15710924789560368,48
5307,1,11003,4113,6890,0,0,0,1.0,1,1.0,1,1.0,1,0.16777741453642916,48
5308,2,11005,4114,6891,0,0,0,1.0,1,1.0,1,1.0,1,0.15152962486587251,47
5309,0,11005,4114,6891,0,0,0,1.0,1,1.0,1,1.0,1,0.17533845450461732,46
5310,3,11008,4115,6893,0,0,0,1.0,1,1.0,1,1.0,1,0.1433075877371246,46
5311,3,11011,4116,6895,0,0,0,1.0,1,1.0,1,1.0,1,0.14319049976342027,46
5312,5,11016,4117,6899,0,0,0,1.0,1,1.0,1,1.0,1,0.1527144214657224,46
5313,1,11017,4117,6900,0,0,0,1.0,1,1.0,1,1.0,1,0.14822039519454366,46
5314,0,11017,4117,6900,0,0,0,1.0,1,1.0,1,1.0,1,0.14822039519454366,46
5315,7,11024,4121,6903,0,0,0,1.0,1,1.0,1,1.0,1,0.21266589683431183,47
5316,8,11032,4122,6910,0,0,0,1.0,1,1.0,1,1.0,1,0.11825685320889347,48
5317,2,11034,4124,6910,0,0,0,1.0,1,1.0,1,1.0,1,0.1384132348948411,49
5318,3,11037,4125,6912,0,0,0,1.0,1,1.0,1,1.0,1,0.11101372227594651,49
5319,2,11039,4126,6913,0,0,0,1.0,1,1.0,1,1.0,1,0.11886882269292212,50
5320,2,11041,4127,6914,0,0,0,1.0,1,1.0,1,1.0,1,0.1324956888886266,51
5321,1,11042,4127,6915,0,0,0,1.0,1,1.0,1,1.0,1,0.09319185209044217,52
5322,0,11042,4127,6915,0,0,0,1.0,1,1.0,1,1.0,1,0.09899976623476345,53
5323,0,11042,4127,6915,0,0,0,1.0,1,1.0,1,1.0,1,0.10990579603334161,53
5324,6,11048,4128,6920,0,0,0,1.0,1,1.0,1,1.0,1,0.07112092605036213,55
5325,0,11048,4128,6920,0,0,0,1.0,1,1.0,1,1.0,1,0.07112092605036213,55
5326,0,11048,4128,6920,0,0,0,1.0,1,1.0,1,1.0,1,0.07112092605036213,55
5327,1,11049,4128,6921,0,0,0,1.0,1,1.0,1,1.0,1,0.06249216897233592,56
5328,4,11053,4130,6923,0,0,0,1.0,1,1.0,1,1.0,1,0.055346309368732596,57
5329,0,11053,4130,6923,0,0,0,1.0,1,1.0,1,1.0,1,0.055346309368732596,57
5330,1,11054,4131,6923,0,0,0,1.0,1,1.0,1,1.0,1,0.07695854507357015,56
5331,1,11055,4132,6923,0,0,0,1.0,1,1.0,1,1.0,1,0.08817449847402915,57
5332,0,11055,4132,6923,0,0,0,1.0,1,1.0,1,1.0,1,0.10110797024196344,58
5333,1,11056,4132,6924,0,0,0,1.0,1,1.0,1,1.0,1,0.09114992053211288,59
5334,3,11059,4134,6925,0,0,0,1.0,1,1.0,1,1.0,1,0.09809997569662576,59
5335,1,11060,4135,6925,0,0,0,1.0,1,1.0,1,1.0,1,0.1196930994255735,58
5336,2,11062,4136,6926,0,0,0,1.0,1,1.0,1,1.0,1,0.12261112487871637,59
5337,2,11064,4136,6928,0,0,0,1.0,1,1.0,1,1.0,1,0.0837885233956549,60
5338,0,11064,4136,6928,0,0,0,1.0,1,1.0,1,1.0,1,0.0837885233956549,60
5339,1,11065,4137,6928,0,0,0,1.0,1,1.0,1,1.0,1,0.07607031452679035,60
5340,1,11066,4138,6928,0,0,0,1.0,1,1.0,1,1.0,1,0.0900479062499692,60
5341,1,11067,4139,6928,0,0,0,1.0,1,1.0,1,1.0,1,0.10580590973757592,61
5342,3,11070,4140,6930,0,0,0,1.0,1,1.0,1,1.0,1,0.10994686301064942,59
5343,0,11070,4140,6930,0,0,0,1.0,1,1.0,1,1.0,1,0.0986117339856668,58
5344,3,11073,4142,6931,0,0,0,1.0,1,1.0,1,1.0,1,0.1723397849468472,58
5345,5,11078,4143,6935,0,0,0,1.0,1,1.0,1,1.0,1,0.09268684271399473,54
5346,0,11078,4143,6935,0,0,0,1.0,1,1.0,1,1.0,1,0.09268684271399473,54
5347,6,11084,4147,6937,0,0,0,1.0,1,1.0,1,1.0,1,0.07134073092033927,54
5348,3,11087,4148,6939,0,0,0,1.0,1,1.0,1,1.0,1,0.06788754869832164,55
5349,5,11092,4149,6943,0,0,0,1.0,1,1.0,1,1.0,1,0.08997691002451098,56
5350,2,11094,4149,6945,0,0,0,1.0,1,1.0,1,1.0,1,0.07992971042610766,56
5351,1,11095,4150,6945,0,0,0,1.0,1,1.0,1,1.0,1,0.06909586831363183,57
5352,2,11097,4151,6946,0,0,0,1.0,1,1.0,1,1.0,1,0.09033949031133796,57
5353,1,11098,4152,6946,0,0,0,1.0,1,1.0,1,1.0,1,0.08202823387075636,57
5354,0,11098,4152,6946,0,0,0,1.0,1,1.0,1,1.0,1,0.07615774617828375,56
5355,0,11098,4152,6946,0,0,0,1.0,1,1.0,1,1.0,1,0.0819014400955354,57
5356,0,11098,4152,6946,0,0,0,1.0,1,1.0,1,1.0,1,0.09253652243985253,56
5357,0,11098,4152,6946,0,0,0,1.0,1,1.0,1,1.0,1,0.11442456903898016,56
5358,0,11098,4152,6946,0,0,0,1.0,1,1.0,1,1.0,1,0.10114934048913081,57
5359,0,11098,4152,6946,0,0,0,1.0,1,1.0,1,1.0,1,0.10114934048913081,57
5360,0,11098,4152,6946,0,0,0,1.0,1,1.0,1,1.0,1,0.11685002319693892,55
5361,3,11101,4154,6947,0,0,0,1.0,1,1.0,1,1.0,1,0.14582743995448336,56
5362,0,11101,4154,6947,0,0,0,1.0,1,1.0,1,1.0,1,0.13060311203059685,57
5363,0,11101,4154,6947,0,0,0,1.0,1,1.0,1,1.0,1,0.13060311203059685,57
5364,3,11104,4154,6950,0,0,0,1.0,1,1.0,1,1.0,1,0.1333763544581001,58
5365,2,11106,4155,6951,0,0,0,1.0,1,1.0,1,1.0,1,0.1195002953072042,59
5366,4,11110,4157,6953,0,0,0,1.0,1,1.0,1,1.0,1,0.13758898811461587,60
5367,2,11112,4158,6954,0,0,0,1.0,1,1.0,1,1.0,1,0.12916124175654067,60
5368,8,11120,4161,6959,0,0,0,1.0,1,1.0,1,1.0,1,0.15570950359319896,58
5369,2,11122,4162,6960,0,0,0,1.0,1,1.0,1,1.0,1,0.1307349267803195,58
5370,2,11124,4163,6961,0,0,0,1.0,1,1.0,1,1.0,1,0.1098002388443027,57
5371,2,11126,4165,6961,0,0,0,1.0,1,1.0,1,1.0,1,0.14020199979550815,56
5372,3,11129,4168,6961,0,0,0,1.0,1,1.0,1,1.0,1,0.16826435360032413,55
5373,5,11134,4171,6963,0,0,0,1.0,1,1.0,1,1.0,1,0.17990392150372306,54
5374,0,11134,4171,6963,0,0,0,1.0,1,1.0,1,1.0,1,0.1610486668083464,53
5375,5,11139,4173,6966,0,0,0,1.0,1,1.0,1,1.0,1,0.15336696344906287,52
5376,1,11140,4173,6967,0,0,0,1.0,1,1.0,1,1.0,1,0.09449491471451463,52
5377,2,11142,4174,6968,0,0,0,1.0,1,1.0,1,1.0,1,0.11555101944003178,51
5378,2,11144,4175,6969,0,0,0,1.0,1,1.0,1,1.0,1,0.09998229072443002,52
5379,0,11144,4175,6969,0,0,0,1.0,1,1.0,1,1.0,1,0.13146957581812213,50
5380,6,11150,4178,6972,0,0,0,1.0,1,1.0,1,1.0,1,0.16849660778377878,51
5381,2,11152,4179,6973,0,0,0,1.0,1,1.0,1,1.0,1,0.12076541169470706,50
5382,1,11153,4179,6974,0,0,0,1.0,1,1.0,1,1.0,1,0.13161258311941695,48
5383,1,11154,4179,6975,0,0,0,1.0,1,1.0,1,1.0,1,0.1113691576254405,48
5384,1,11155,4179,6976,0,0,0,1.0,1,1.0,1,1.0,1,0.09452243768040763,48
5385,0,11155,4179,6976,0,0,0,1.0,1,1.0,1,1.0,1,0.0949313721099333,47
5386,1,11156,4180,6976,0,0,0,1.0,1,1.0,1,1.0,1,0.1259202537491835,48
5387,0,11156,4180,6976,0,0,0,1.0,1,1.0,1,1.0,1,0.12850030886551947,48
5388,1,11157,4181,6976,0,0,0,1.0,1,1.0,1,1.0,1,0.11009394659890027,48
5389,4,11161,4181,6980,0,0,0,1.0,1,1.0,1,1.0,1,0.10304188080164083,50
5390,4,11165,4182,6983,0,0,0,1.0,1,1.0,1,1.0,1,0.09094970125938008,52
5391,1,11166,4183,6983,0,0,0,1.0,1,1.0,1,1.0,1,0.10599698070094828,52
5392,0,11166,4183,6983,0,0,0,1.0,1,1.0,1,1.0,1,0.11149931738649872,51
5393,4,11170,4185,6985,0,0,0,1.0,1,1.0,1,1.0,1,0.13844642141239044,50
5394,2,11172,4187,6985,0,0,0,1.0,1,1.0,1,1.0,1,0.13660572601787543,50
5395,6,11178,4191,6987,0,0,0,1.0,1,1.0,1,1.0,1,0.1777025457985149,49
5396,3,11181,4192,6989,0,0,0,1.0,1,1.0,1,1.0,1,0.18260623680143337,48
5397,5,11186,4194,6992,0,0,0,1.0,1,1.0,1,1.0,1,0.17197785204737873,48
5398,3,11189,4194,6995,0,0,0,1.0,1,1.0,1,1.0,1,0.13938612419414348,46
5399,3,11192,4196,6996,0,0,0,1.0,1,1.0,1,1.0,1,0.14625137268005503,46
5400,2,11194,4198,6996,0,0,0,1.0,1,1.0,1,1.0,1,0.16823242671477157,48
5401,4,11198,4198,7000,0,0,0,1.0,1,1.0,1,1.0,1,0.12294106708687204,49
5402,0,11198,4198,7000,0,0,0,1.0,1,1.0,1,1.0,1,0.0,0
