,SuccessfulHandoverCount,TotalSuccessfulHandoverCount,TotalSuccessfulHandoverCountRange,TotalSuccessfulHandoverCountLoadBalancing,TotalSuccessfulHandoverCountOverload,FailedHandoverCount,TotalFailedHandoverCount,AvgQoS,MinQoS,AvgQoS_LoadBased,MinQoS_LoadBased,AvgQoS_RangeBased,MinQoS_RangeBased,GiniLoad,VehicleCount
0,0,0,0,0,0,0,0,1.0,1,1.0,1,1.0,1,0.0,0
1,21,21,0,21,0,0,0,1.0,1,1.0,1,1.0,1,0.22146556179179222,30
2,17,38,0,38,0,0,0,1.0,1,1.0,1,1.0,1,0.23998861497877716,32
3,27,65,0,65,0,0,0,1.0,1,1.0,1,1.0,1,0.2620816184555264,33
4,17,82,0,82,0,0,0,1.0,1,1.0,1,1.0,1,0.35352239171283606,34
5,22,104,0,104,0,0,0,1.0,1,1.0,1,1.0,1,0.196849394705507,36
6,4,108,0,108,0,0,0,1.0,1,1.0,1,1.0,1,0.14550863649498477,38
7,1,109,0,109,0,0,0,1.0,1,1.0,1,1.0,1,0.16563530009692354,40
8,0,109,0,109,0,0,0,1.0,1,1.0,1,1.0,1,0.16563530009692354,40
9,0,109,0,109,0,0,0,1.0,1,1.0,1,1.0,1,0.16563530009692354,40
10,3,112,0,112,0,0,0,1.0,1,1.0,1,1.0,1,0.17402368983573355,41
11,3,115,2,113,0,0,0,1.0,1,1.0,1,1.0,1,0.18926952905517833,40
12,2,117,2,115,0,0,0,1.0,1,1.0,1,1.0,1,0.14408787053699923,39
13,2,119,4,115,0,0,0,1.0,1,1.0,1,1.0,1,0.1645426273501768,37
14,1,120,4,116,0,0,0,1.0,1,1.0,1,1.0,1,0.21140702776320758,35
15,2,122,5,117,0,0,0,1.0,1,1.0,1,1.0,1,0.1859099967915151,36
16,2,124,5,119,0,0,0,1.0,1,1.0,1,1.0,1,0.18878535205383723,34
17,0,124,5,119,0,0,0,1.0,1,1.0,1,1.0,1,0.2297232061069473,33
18,0,124,5,119,0,0,0,1.0,1,1.0,1,1.0,1,0.24066462397347232,34
19,1,125,6,119,0,0,0,1.0,1,1.0,1,1.0,1,0.2633605334952268,34
20,0,125,6,119,0,0,0,1.0,1,1.0,1,1.0,1,0.21909073939426885,34
21,3,128,7,121,0,0,0,1.0,1,1.0,1,1.0,1,0.2106327080340606,36
22,0,128,7,121,0,0,0,1.0,1,1.0,1,1.0,1,0.2184701650010166,35
23,2,130,8,122,0,0,0,1.0,1,1.0,1,1.0,1,0.23108815514808392,35
24,1,131,8,123,0,0,0,1.0,1,1.0,1,1.0,1,0.19839680385785458,35
25,5,136,11,125,0,0,0,1.0,1,1.0,1,1.0,1,0.22685021296028293,35
26,9,145,13,132,0,0,0,1.0,1,1.0,1,1.0,1,0.1620409441198907,36
27,5,150,15,135,0,0,0,1.0,1,1.0,1,1.0,1,0.09237828931863301,34
28,4,154,16,138,0,0,0,1.0,1,1.0,1,1.0,1,0.1272860101147384,35
29,1,155,16,139,0,0,0,1.0,1,1.0,1,1.0,1,0.15709399900578422,33
30,3,158,18,140,0,0,0,1.0,1,1.0,1,1.0,1,0.12643196900449902,33
31,2,160,18,142,0,0,0,1.0,1,1.0,1,1.0,1,0.18906898272412093,33
32,0,160,18,142,0,0,0,1.0,1,1.0,1,1.0,1,0.21361527645713882,32
33,3,163,18,145,0,0,0,1.0,1,1.0,1,1.0,1,0.15739258502340855,33
34,0,163,18,145,0,0,0,1.0,1,1.0,1,1.0,1,0.15739258502340855,33
35,2,165,18,147,0,0,0,1.0,1,1.0,1,1.0,1,0.14525255627915631,35
36,5,170,19,151,0,0,0,1.0,1,1.0,1,1.0,1,0.17351875289533508,36
37,6,176,20,156,0,0,0,1.0,1,1.0,1,1.0,1,0.1327020715059957,37
38,3,179,21,158,0,0,0,1.0,1,1.0,1,1.0,1,0.15189718882206668,36
39,7,186,21,165,0,0,0,1.0,1,1.0,1,1.0,1,0.18854349703347767,38
40,5,191,21,170,0,0,0,1.0,1,1.0,1,1.0,1,0.1815045993281334,40
41,3,194,21,173,0,0,0,1.0,1,1.0,1,1.0,1,0.1337349251918358,40
42,3,197,24,173,0,0,0,1.0,1,1.0,1,1.0,1,0.16464462466962965,40
43,6,203,25,178,0,0,0,1.0,1,1.0,1,1.0,1,0.16414361260712668,43
44,2,205,25,180,0,0,0,1.0,1,1.0,1,1.0,1,0.14603617134583044,43
45,2,207,26,181,0,0,0,1.0,1,1.0,1,1.0,1,0.15159361697066318,44
46,2,209,26,183,0,0,0,1.0,1,1.0,1,1.0,1,0.1367305496623554,44
47,1,210,27,183,0,0,0,1.0,1,1.0,1,1.0,1,0.16432157941566472,44
48,2,212,28,184,0,0,0,1.0,1,1.0,1,1.0,1,0.1927900459929059,44
49,0,212,28,184,0,0,0,1.0,1,1.0,1,1.0,1,0.19847703551834645,41
50,0,212,28,184,0,0,0,1.0,1,1.0,1,1.0,1,0.22714393799002888,40
51,5,217,28,189,0,0,0,1.0,1,1.0,1,1.0,1,0.225613582703412,38
52,3,220,28,192,0,0,0,1.0,1,1.0,1,1.0,1,0.21603719812553057,37
53,4,224,28,196,0,0,0,1.0,1,1.0,1,1.0,1,0.1902507596099988,38
54,2,226,28,198,0,0,0,1.0,1,1.0,1,1.0,1,0.2336103847040514,38
55,0,226,28,198,0,0,0,1.0,1,1.0,1,1.0,1,0.2336103847040514,38
56,3,229,28,201,0,0,0,1.0,1,1.0,1,1.0,1,0.15151262287243725,38
57,1,230,29,201,0,0,0,1.0,1,1.0,1,1.0,1,0.15794997555062126,38
58,3,233,30,203,0,0,0,1.0,1,1.0,1,1.0,1,0.20882613720697688,38
59,2,235,30,205,0,0,0,1.0,1,1.0,1,1.0,1,0.1958504713329727,40
60,3,238,31,207,0,0,0,1.0,1,1.0,1,1.0,1,0.1583007227132583,40
61,1,239,31,208,0,0,0,1.0,1,1.0,1,1.0,1,0.15873143024773825,40
62,1,240,31,209,0,0,0,1.0,1,1.0,1,1.0,1,0.14841314217246646,42
63,1,241,31,210,0,0,0,1.0,1,1.0,1,1.0,1,0.14662311327975286,40
64,0,241,31,210,0,0,0,1.0,1,1.0,1,1.0,1,0.13629652374654408,41
65,0,241,31,210,0,0,0,1.0,1,1.0,1,1.0,1,0.13629652374654408,41
66,1,242,32,210,0,0,0,1.0,1,1.0,1,1.0,1,0.14376042105590567,41
67,1,243,32,211,0,0,0,1.0,1,1.0,1,1.0,1,0.10615714689379807,41
68,0,243,32,211,0,0,0,1.0,1,1.0,1,1.0,1,0.0913311178346379,41
69,1,244,32,212,0,0,0,1.0,1,1.0,1,1.0,1,0.09469106611200488,41
70,0,244,32,212,0,0,0,1.0,1,1.0,1,1.0,1,0.11375260809944569,42
71,5,249,34,215,0,0,0,1.0,1,1.0,1,1.0,1,0.07354891410197033,44
72,1,250,34,216,0,0,0,1.0,1,1.0,1,1.0,1,0.058559836544975354,44
73,0,250,34,216,0,0,0,1.0,1,1.0,1,1.0,1,0.08165698746943291,46
74,1,251,35,216,0,0,0,1.0,1,1.0,1,1.0,1,0.10985221136439513,44
75,1,252,36,216,0,0,0,1.0,1,1.0,1,1.0,1,0.10213066568655578,44
76,3,255,38,217,0,0,0,1.0,1,1.0,1,1.0,1,0.11676887296439169,45
77,1,256,39,217,0,0,0,1.0,1,1.0,1,1.0,1,0.15293892488381094,44
78,3,259,41,218,0,0,0,1.0,1,1.0,1,1.0,1,0.1286319779298234,44
79,1,260,42,218,0,0,0,1.0,1,1.0,1,1.0,1,0.17821390658610092,43
80,1,261,43,218,0,0,0,1.0,1,1.0,1,1.0,1,0.1922931135295924,43
81,4,265,45,220,0,0,0,1.0,1,1.0,1,1.0,1,0.21688026003111213,44
82,4,269,47,222,0,0,0,1.0,1,1.0,1,1.0,1,0.20731273758424848,45
83,6,275,49,226,0,0,0,1.0,1,1.0,1,1.0,1,0.23911244588907388,45
84,4,279,49,230,0,0,0,1.0,1,1.0,1,1.0,1,0.24528120869608802,45
85,3,282,50,232,0,0,0,1.0,1,1.0,1,1.0,1,0.2325093697481102,45
86,2,284,50,234,0,0,0,1.0,1,1.0,1,1.0,1,0.20456340084421415,45
87,0,284,50,234,0,0,0,1.0,1,1.0,1,1.0,1,0.22498869698341278,44
88,0,284,50,234,0,0,0,1.0,1,1.0,1,1.0,1,0.21940312438131615,45
89,1,285,51,234,0,0,0,1.0,1,1.0,1,1.0,1,0.2421835154281741,46
90,0,285,51,234,0,0,0,1.0,1,1.0,1,1.0,1,0.2516454871835874,44
91,1,286,51,235,0,0,0,1.0,1,1.0,1,1.0,1,0.22933745748960205,45
92,2,288,51,237,0,0,0,1.0,1,1.0,1,1.0,1,0.2270467565664622,46
93,1,289,51,238,0,0,0,1.0,1,1.0,1,1.0,1,0.21005639451152608,46
94,1,290,51,239,0,0,0,1.0,1,1.0,1,1.0,1,0.20507398138020017,46
95,2,292,51,241,0,0,0,1.0,1,1.0,1,1.0,1,0.1960990229167027,46
96,0,292,51,241,0,0,0,1.0,1,1.0,1,1.0,1,0.1960990229167027,46
97,0,292,51,241,0,0,0,1.0,1,1.0,1,1.0,1,0.18994210755783342,47
98,0,292,51,241,0,0,0,1.0,1,1.0,1,1.0,1,0.18994210755783342,47
99,0,292,51,241,0,0,0,1.0,1,1.0,1,1.0,1,0.21616625415642207,46
100,1,293,52,241,0,0,0,1.0,1,1.0,1,1.0,1,0.23885371959197127,48
101,5,298,53,245,0,0,0,1.0,1,1.0,1,1.0,1,0.20812176157847964,49
102,1,299,54,245,0,0,0,1.0,1,1.0,1,1.0,1,0.22045113680292655,49
103,3,302,54,248,0,0,0,1.0,1,1.0,1,1.0,1,0.17419014101796976,48
104,2,304,56,248,0,0,0,1.0,1,1.0,1,1.0,1,0.20416616107091964,49
105,3,307,58,249,0,0,0,1.0,1,1.0,1,1.0,1,0.2035106863354528,48
106,8,315,59,256,0,0,0,1.0,1,1.0,1,1.0,1,0.13866682224787255,48
107,3,318,60,258,0,0,0,1.0,1,1.0,1,1.0,1,0.11545120092262803,47
108,2,320,60,260,0,0,0,1.0,1,1.0,1,1.0,1,0.14771721672846713,47
109,3,323,62,261,0,0,0,1.0,1,1.0,1,1.0,1,0.15566287283747518,47
110,3,326,63,263,0,0,0,1.0,1,1.0,1,1.0,1,0.18344275471661306,47
111,6,332,64,268,0,0,0,1.0,1,1.0,1,1.0,1,0.07939273051669064,46
112,3,335,66,269,0,0,0,1.0,1,1.0,1,1.0,1,0.08538674939803018,46
113,5,340,69,271,0,0,0,1.0,1,1.0,1,1.0,1,0.14940145407296732,45
114,3,343,69,274,0,0,0,1.0,1,1.0,1,1.0,1,0.1608012583086474,46
115,7,350,70,280,0,0,0,1.0,1,1.0,1,1.0,1,0.1810504502896918,47
116,5,355,70,285,0,0,0,1.0,1,1.0,1,1.0,1,0.13672802801599032,48
117,3,358,72,286,0,0,0,1.0,1,1.0,1,1.0,1,0.12315760539172332,48
118,0,358,72,286,0,0,0,1.0,1,1.0,1,1.0,1,0.12688697382480515,49
119,3,361,73,288,0,0,0,1.0,1,1.0,1,1.0,1,0.15346866120912,50
120,1,362,73,289,0,0,0,1.0,1,1.0,1,1.0,1,0.12997101006630168,51
121,0,362,73,289,0,0,0,1.0,1,1.0,1,1.0,1,0.12997101006630168,51
122,0,362,73,289,0,0,0,1.0,1,1.0,1,1.0,1,0.12997101006630168,51
123,0,362,73,289,0,0,0,1.0,1,1.0,1,1.0,1,0.12997101006630168,51
124,0,362,73,289,0,0,0,1.0,1,1.0,1,1.0,1,0.12997101006630168,51
125,0,362,73,289,0,0,0,1.0,1,1.0,1,1.0,1,0.16418532932851904,50
126,4,366,74,292,0,0,0,1.0,1,1.0,1,1.0,1,0.11390299168829135,52
127,1,367,74,293,0,0,0,1.0,1,1.0,1,1.0,1,0.1252757266256126,50
128,0,367,74,293,0,0,0,1.0,1,1.0,1,1.0,1,0.1252757266256126,50
129,2,369,74,295,0,0,0,1.0,1,1.0,1,1.0,1,0.13968924501759733,52
130,1,370,75,295,0,0,0,1.0,1,1.0,1,1.0,1,0.16958378512160183,52
131,6,376,76,300,0,0,0,1.0,1,1.0,1,1.0,1,0.1361979208747355,54
132,5,381,78,303,0,0,0,1.0,1,1.0,1,1.0,1,0.12402946303156918,54
133,0,381,78,303,0,0,0,1.0,1,1.0,1,1.0,1,0.12732150684339755,52
134,1,382,79,303,0,0,0,1.0,1,1.0,1,1.0,1,0.10352562936989282,52
135,4,386,83,303,0,0,0,1.0,1,1.0,1,1.0,1,0.12492151934777349,51
136,5,391,84,307,0,0,0,1.0,1,1.0,1,1.0,1,0.11367806340968169,51
137,2,393,84,309,0,0,0,1.0,1,1.0,1,1.0,1,0.0912876775018324,50
138,1,394,85,309,0,0,0,1.0,1,1.0,1,1.0,1,0.07811680320863615,52
139,3,397,87,310,0,0,0,1.0,1,1.0,1,1.0,1,0.10633127950958657,51
140,1,398,88,310,0,0,0,1.0,1,1.0,1,1.0,1,0.12874512152158957,51
141,3,401,89,312,0,0,0,1.0,1,1.0,1,1.0,1,0.11686083918273263,50
142,1,402,90,312,0,0,0,1.0,1,1.0,1,1.0,1,0.13279692800014636,51
143,0,402,90,312,0,0,0,1.0,1,1.0,1,1.0,1,0.16313507412463937,48
144,3,405,93,312,0,0,0,1.0,1,1.0,1,1.0,1,0.1596588136637637,49
145,5,410,96,314,0,0,0,1.0,1,1.0,1,1.0,1,0.12762168714713734,47
146,5,415,98,317,0,0,0,1.0,1,1.0,1,1.0,1,0.10772212396938438,49
147,0,415,98,317,0,0,0,1.0,1,1.0,1,1.0,1,0.12325196019079235,46
148,0,415,98,317,0,0,0,1.0,1,1.0,1,1.0,1,0.13231033403262119,47
149,1,416,99,317,0,0,0,1.0,1,1.0,1,1.0,1,0.14902909189002211,46
150,0,416,99,317,0,0,0,1.0,1,1.0,1,1.0,1,0.13604413008862815,47
151,4,420,100,320,0,0,0,1.0,1,1.0,1,1.0,1,0.12632523674726148,46
152,0,420,100,320,0,0,0,1.0,1,1.0,1,1.0,1,0.12993662872523953,45
153,1,421,100,321,0,0,0,1.0,1,1.0,1,1.0,1,0.12510282040518064,46
154,0,421,100,321,0,0,0,1.0,1,1.0,1,1.0,1,0.14152900121360273,44
155,4,425,103,322,0,0,0,1.0,1,1.0,1,1.0,1,0.22300463822008526,45
156,5,430,104,326,0,0,0,1.0,1,1.0,1,1.0,1,0.13433067636139956,43
157,3,433,105,328,0,0,0,1.0,1,1.0,1,1.0,1,0.12546828330385154,42
158,3,436,105,331,0,0,0,1.0,1,1.0,1,1.0,1,0.13219025819627878,43
159,5,441,106,335,0,0,0,1.0,1,1.0,1,1.0,1,0.17315718989921253,44
160,2,443,106,337,0,0,0,1.0,1,1.0,1,1.0,1,0.1810090443943622,44
161,4,447,107,340,0,0,0,1.0,1,1.0,1,1.0,1,0.16079293532188507,44
162,3,450,109,341,0,0,0,1.0,1,1.0,1,1.0,1,0.18638193598340072,44
163,6,456,113,343,0,0,0,1.0,1,1.0,1,1.0,1,0.20880063657357226,44
164,4,460,114,346,0,0,0,1.0,1,1.0,1,1.0,1,0.1616406558506613,44
165,3,463,116,347,0,0,0,1.0,1,1.0,1,1.0,1,0.1276042680968472,43
166,4,467,117,350,0,0,0,1.0,1,1.0,1,1.0,1,0.12842269356042216,43
167,0,467,117,350,0,0,0,1.0,1,1.0,1,1.0,1,0.13268279869460656,42
168,0,467,117,350,0,0,0,1.0,1,1.0,1,1.0,1,0.1477035922765473,40
169,4,471,118,353,0,0,0,1.0,1,1.0,1,1.0,1,0.084814305814745,41
170,1,472,118,354,0,0,0,1.0,1,1.0,1,1.0,1,0.120993022520562,39
171,2,474,120,354,0,0,0,1.0,1,1.0,1,1.0,1,0.1097654643247476,39
172,1,475,120,355,0,0,0,1.0,1,1.0,1,1.0,1,0.09818402013328337,38
173,4,479,124,355,0,0,0,1.0,1,1.0,1,1.0,1,0.24504109600761945,38
174,1,480,124,356,0,0,0,1.0,1,1.0,1,1.0,1,0.16385445427988432,37
175,1,481,125,356,0,0,0,1.0,1,1.0,1,1.0,1,0.18966795368567024,36
176,5,486,127,359,0,0,0,1.0,1,1.0,1,1.0,1,0.13770030871021158,36
177,0,486,127,359,0,0,0,1.0,1,1.0,1,1.0,1,0.14175170013059815,38
178,1,487,127,360,0,0,0,1.0,1,1.0,1,1.0,1,0.11615823334036633,39
179,0,487,127,360,0,0,0,1.0,1,1.0,1,1.0,1,0.12943317819496344,40
180,0,487,127,360,0,0,0,1.0,1,1.0,1,1.0,1,0.12943317819496344,40
181,1,488,127,361,0,0,0,1.0,1,1.0,1,1.0,1,0.14710327764767966,39
182,2,490,128,362,0,0,0,1.0,1,1.0,1,1.0,1,0.15758413858684908,40
183,3,493,129,364,0,0,0,1.0,1,1.0,1,1.0,1,0.20044939239092135,40
184,2,495,131,364,0,0,0,1.0,1,1.0,1,1.0,1,0.21498091153938725,38
185,4,499,132,367,0,0,0,1.0,1,1.0,1,1.0,1,0.17587236107633453,38
186,4,503,133,370,0,0,0,1.0,1,1.0,1,1.0,1,0.09339636483711927,37
187,2,505,134,371,0,0,0,1.0,1,1.0,1,1.0,1,0.10007800769857714,36
188,4,509,136,373,0,0,0,1.0,1,1.0,1,1.0,1,0.15765009308561787,36
189,2,511,137,374,0,0,0,1.0,1,1.0,1,1.0,1,0.1329897195099196,36
190,1,512,137,375,0,0,0,1.0,1,1.0,1,1.0,1,0.1669099022629484,36
191,1,513,138,375,0,0,0,1.0,1,1.0,1,1.0,1,0.17716718023202752,37
192,1,514,139,375,0,0,0,1.0,1,1.0,1,1.0,1,0.17694225324667684,37
193,0,514,139,375,0,0,0,1.0,1,1.0,1,1.0,1,0.16353645212938436,38
194,2,516,140,376,0,0,0,1.0,1,1.0,1,1.0,1,0.16775897841953286,39
195,2,518,142,376,0,0,0,1.0,1,1.0,1,1.0,1,0.18269812546584233,40
196,5,523,142,381,0,0,0,1.0,1,1.0,1,1.0,1,0.09946972138532433,40
197,0,523,142,381,0,0,0,1.0,1,1.0,1,1.0,1,0.15016765074595112,40
198,1,524,143,381,0,0,0,1.0,1,1.0,1,1.0,1,0.16779689735500608,40
199,3,527,144,383,0,0,0,1.0,1,1.0,1,1.0,1,0.10543098705942965,40
200,3,530,145,385,0,0,0,1.0,1,1.0,1,1.0,1,0.13817875091651408,40
201,2,532,146,386,0,0,0,1.0,1,1.0,1,1.0,1,0.09376392076805601,39
202,1,533,146,387,0,0,0,1.0,1,1.0,1,1.0,1,0.10700287759464022,40
203,3,536,148,388,0,0,0,1.0,1,1.0,1,1.0,1,0.11439205009686433,39
204,2,538,150,388,0,0,0,1.0,1,1.0,1,1.0,1,0.11232132187512653,38
205,0,538,150,388,0,0,0,1.0,1,1.0,1,1.0,1,0.10053953551563692,37
206,4,542,150,392,0,0,0,1.0,1,1.0,1,1.0,1,0.1009650384169175,36
207,1,543,151,392,0,0,0,1.0,1,1.0,1,1.0,1,0.08560707522073421,37
208,0,543,151,392,0,0,0,1.0,1,1.0,1,1.0,1,0.10674119649220046,36
209,1,544,152,392,0,0,0,1.0,1,1.0,1,1.0,1,0.11782546726809609,36
210,1,545,152,393,0,0,0,1.0,1,1.0,1,1.0,1,0.15374556422983263,36
211,0,545,152,393,0,0,0,1.0,1,1.0,1,1.0,1,0.193496796715185,34
212,1,546,153,393,0,0,0,1.0,1,1.0,1,1.0,1,0.22725377709946176,34
213,3,549,153,396,0,0,0,1.0,1,1.0,1,1.0,1,0.19931785991823017,36
214,4,553,154,399,0,0,0,1.0,1,1.0,1,1.0,1,0.20198420323255642,35
215,2,555,154,401,0,0,0,1.0,1,1.0,1,1.0,1,0.14496906815634458,35
216,1,556,154,402,0,0,0,1.0,1,1.0,1,1.0,1,0.13581488292278945,37
217,3,559,155,404,0,0,0,1.0,1,1.0,1,1.0,1,0.13097497203478237,37
218,5,564,157,407,0,0,0,1.0,1,1.0,1,1.0,1,0.17404597278188852,37
219,2,566,158,408,0,0,0,1.0,1,1.0,1,1.0,1,0.224286230970232,37
220,2,568,158,410,0,0,0,1.0,1,1.0,1,1.0,1,0.21999250751755395,38
221,7,575,160,415,0,0,0,1.0,1,1.0,1,1.0,1,0.17067787983451652,39
222,1,576,161,415,0,0,0,1.0,1,1.0,1,1.0,1,0.19399769069837475,39
223,3,579,162,417,0,0,0,1.0,1,1.0,1,1.0,1,0.16782041593049069,40
224,10,589,165,424,0,0,0,1.0,1,1.0,1,1.0,1,0.2029258577245071,40
225,1,590,165,425,0,0,0,1.0,1,1.0,1,1.0,1,0.16248286321083227,39
226,3,593,167,426,0,0,0,1.0,1,1.0,1,1.0,1,0.10467989081065607,39
227,1,594,167,427,0,0,0,1.0,1,1.0,1,1.0,1,0.11991311465516905,39
228,1,595,168,427,0,0,0,1.0,1,1.0,1,1.0,1,0.13037403022708238,38
229,2,597,169,428,0,0,0,1.0,1,1.0,1,1.0,1,0.1453617101040064,39
230,2,599,171,428,0,0,0,1.0,1,1.0,1,1.0,1,0.12456018417854782,38
231,6,605,175,430,0,0,0,1.0,1,1.0,1,1.0,1,0.14210809321577747,38
232,3,608,178,430,0,0,0,1.0,1,1.0,1,1.0,1,0.2106680963337942,37
233,2,610,179,431,0,0,0,1.0,1,1.0,1,1.0,1,0.23621056098581789,36
234,0,610,179,431,0,0,0,1.0,1,1.0,1,1.0,1,0.2602194141340165,34
235,1,611,180,431,0,0,0,1.0,1,1.0,1,1.0,1,0.29278427311950095,34
236,3,614,180,434,0,0,0,1.0,1,1.0,1,1.0,1,0.22684452402571895,33
237,0,614,180,434,0,0,0,1.0,1,1.0,1,1.0,1,0.2737352283655934,32
238,0,614,180,434,0,0,0,1.0,1,1.0,1,1.0,1,0.2758473072146409,32
239,4,618,181,437,0,0,0,1.0,1,1.0,1,1.0,1,0.20460698492455218,31
240,2,620,181,439,0,0,0,1.0,1,1.0,1,1.0,1,0.2276784795158055,28
241,2,622,182,440,0,0,0,1.0,1,1.0,1,1.0,1,0.2294760769113273,27
242,1,623,182,441,0,0,0,1.0,1,1.0,1,1.0,1,0.22790753131886504,29
243,2,625,183,442,0,0,0,1.0,1,1.0,1,1.0,1,0.24791918096545437,28
244,1,626,183,443,0,0,0,1.0,1,1.0,1,1.0,1,0.2619719813475928,28
245,3,629,184,445,0,0,0,1.0,1,1.0,1,1.0,1,0.29616972853348433,27
246,3,632,185,447,0,0,0,1.0,1,1.0,1,1.0,1,0.18236567842690826,25
247,3,635,186,449,0,0,0,1.0,1,1.0,1,1.0,1,0.1731339259317704,26
248,0,635,186,449,0,0,0,1.0,1,1.0,1,1.0,1,0.19860200406314427,27
249,0,635,186,449,0,0,0,1.0,1,1.0,1,1.0,1,0.18115232064043782,26
250,1,636,186,450,0,0,0,1.0,1,1.0,1,1.0,1,0.18428745219790357,27
251,2,638,187,451,0,0,0,1.0,1,1.0,1,1.0,1,0.18902331537303696,28
252,0,638,187,451,0,0,0,1.0,1,1.0,1,1.0,1,0.18902331537303696,28
253,0,638,187,451,0,0,0,1.0,1,1.0,1,1.0,1,0.1617102824058441,28
254,0,638,187,451,0,0,0,1.0,1,1.0,1,1.0,1,0.19448712071970897,29
255,2,640,188,452,0,0,0,1.0,1,1.0,1,1.0,1,0.2568059409917777,30
256,1,641,188,453,0,0,0,1.0,1,1.0,1,1.0,1,0.23807376470454736,30
257,0,641,188,453,0,0,0,1.0,1,1.0,1,1.0,1,0.24259541892844813,32
258,2,643,190,453,0,0,0,1.0,1,1.0,1,1.0,1,0.2618987534924503,32
259,1,644,190,454,0,0,0,1.0,1,1.0,1,1.0,1,0.25093157027917423,32
260,0,644,190,454,0,0,0,1.0,1,1.0,1,1.0,1,0.22968273593877284,34
261,2,646,190,456,0,0,0,1.0,1,1.0,1,1.0,1,0.20230689917240074,35
262,4,650,193,457,0,0,0,1.0,1,1.0,1,1.0,1,0.2575948146577419,36
263,0,650,193,457,0,0,0,1.0,1,1.0,1,1.0,1,0.22594131019703237,34
264,1,651,193,458,0,0,0,1.0,1,1.0,1,1.0,1,0.20441198494304608,34
265,0,651,193,458,0,0,0,1.0,1,1.0,1,1.0,1,0.20971036325129644,33
266,1,652,193,459,0,0,0,1.0,1,1.0,1,1.0,1,0.1973254813430391,34
267,0,652,193,459,0,0,0,1.0,1,1.0,1,1.0,1,0.20033827567130835,33
268,1,653,193,460,0,0,0,1.0,1,1.0,1,1.0,1,0.20550945217413477,34
269,1,654,194,460,0,0,0,1.0,1,1.0,1,1.0,1,0.21022825728948472,34
270,2,656,194,462,0,0,0,1.0,1,1.0,1,1.0,1,0.21154181635592012,36
271,0,656,194,462,0,0,0,1.0,1,1.0,1,1.0,1,0.21154181635592012,36
272,1,657,194,463,0,0,0,1.0,1,1.0,1,1.0,1,0.21422313389984834,38
273,1,658,194,464,0,0,0,1.0,1,1.0,1,1.0,1,0.18698378453758624,38
274,2,660,195,465,0,0,0,1.0,1,1.0,1,1.0,1,0.18717979334075377,38
275,1,661,195,466,0,0,0,1.0,1,1.0,1,1.0,1,0.17000397520792945,38
276,2,663,195,468,0,0,0,1.0,1,1.0,1,1.0,1,0.17915999256185228,39
277,2,665,196,469,0,0,0,1.0,1,1.0,1,1.0,1,0.18807742042305073,38
278,0,665,196,469,0,0,0,1.0,1,1.0,1,1.0,1,0.21687462371428667,38
279,1,666,197,469,0,0,0,1.0,1,1.0,1,1.0,1,0.2120204017474858,38
280,2,668,198,470,0,0,0,1.0,1,1.0,1,1.0,1,0.1980135269416002,38
281,3,671,198,473,0,0,0,1.0,1,1.0,1,1.0,1,0.11204441733068464,38
282,1,672,199,473,0,0,0,1.0,1,1.0,1,1.0,1,0.13285288563004266,38
283,2,674,201,473,0,0,0,1.0,1,1.0,1,1.0,1,0.17059456576865145,38
284,1,675,201,474,0,0,0,1.0,1,1.0,1,1.0,1,0.15177187610469092,39
285,0,675,201,474,0,0,0,1.0,1,1.0,1,1.0,1,0.15177187610469092,39
286,1,676,201,475,0,0,0,1.0,1,1.0,1,1.0,1,0.14133091385296762,39
287,1,677,201,476,0,0,0,1.0,1,1.0,1,1.0,1,0.15498880921200803,39
288,1,678,201,477,0,0,0,1.0,1,1.0,1,1.0,1,0.11007558187283636,39
289,2,680,202,478,0,0,0,1.0,1,1.0,1,1.0,1,0.12062944537340646,39
290,1,681,203,478,0,0,0,1.0,1,1.0,1,1.0,1,0.1487123389093573,39
291,2,683,203,480,0,0,0,1.0,1,1.0,1,1.0,1,0.09966376897029533,39
292,1,684,203,481,0,0,0,1.0,1,1.0,1,1.0,1,0.09616232334514298,40
293,0,684,203,481,0,0,0,1.0,1,1.0,1,1.0,1,0.09172207942106192,41
294,3,687,204,483,0,0,0,1.0,1,1.0,1,1.0,1,0.11049753161624946,40
295,4,691,206,485,0,0,0,1.0,1,1.0,1,1.0,1,0.1258829042306714,42
296,2,693,207,486,0,0,0,1.0,1,1.0,1,1.0,1,0.136037263773088,42
297,1,694,207,487,0,0,0,1.0,1,1.0,1,1.0,1,0.12020504425406148,43
298,2,696,209,487,0,0,0,1.0,1,1.0,1,1.0,1,0.11532010138527314,44
299,1,697,210,487,0,0,0,1.0,1,1.0,1,1.0,1,0.12477876822949883,44
300,3,700,211,489,0,0,0,1.0,1,1.0,1,1.0,1,0.08599329765959418,45
301,3,703,213,490,0,0,0,1.0,1,1.0,1,1.0,1,0.11163589770408286,47
302,6,709,216,493,0,0,0,1.0,1,1.0,1,1.0,1,0.11174256157231417,46
303,2,711,218,493,0,0,0,1.0,1,1.0,1,1.0,1,0.11539567810951451,45
304,3,714,219,495,0,0,0,1.0,1,1.0,1,1.0,1,0.09900480700453919,45
305,0,714,219,495,0,0,0,1.0,1,1.0,1,1.0,1,0.10742425795096913,43
306,5,719,219,500,0,0,0,1.0,1,1.0,1,1.0,1,0.10768272129524455,44
307,2,721,221,500,0,0,0,1.0,1,1.0,1,1.0,1,0.10955700688851862,42
308,2,723,223,500,0,0,0,1.0,1,1.0,1,1.0,1,0.14753391442293617,41
309,1,724,223,501,0,0,0,1.0,1,1.0,1,1.0,1,0.16302775584744617,42
310,2,726,223,503,0,0,0,1.0,1,1.0,1,1.0,1,0.16519728248524032,41
311,3,729,223,506,0,0,0,1.0,1,1.0,1,1.0,1,0.11649320666034771,41
312,1,730,223,507,0,0,0,1.0,1,1.0,1,1.0,1,0.09794589813831024,44
313,1,731,223,508,0,0,0,1.0,1,1.0,1,1.0,1,0.09444743033370817,43
314,0,731,223,508,0,0,0,1.0,1,1.0,1,1.0,1,0.09444743033370817,43
315,1,732,224,508,0,0,0,1.0,1,1.0,1,1.0,1,0.06291987027546209,43
316,1,733,225,508,0,0,0,1.0,1,1.0,1,1.0,1,0.08397914415975812,43
317,0,733,225,508,0,0,0,1.0,1,1.0,1,1.0,1,0.1032081289227132,44
318,2,735,227,508,0,0,0,1.0,1,1.0,1,1.0,1,0.18120762708658286,45
319,2,737,227,510,0,0,0,1.0,1,1.0,1,1.0,1,0.16027862508942947,46
320,2,739,228,511,0,0,0,1.0,1,1.0,1,1.0,1,0.12250389667570659,45
321,0,739,228,511,0,0,0,1.0,1,1.0,1,1.0,1,0.10815331533377463,44
322,0,739,228,511,0,0,0,1.0,1,1.0,1,1.0,1,0.12567945024304866,42
323,4,743,230,513,0,0,0,1.0,1,1.0,1,1.0,1,0.0689163449341475,42
324,0,743,230,513,0,0,0,1.0,1,1.0,1,1.0,1,0.06713007316524953,43
325,2,745,232,513,0,0,0,1.0,1,1.0,1,1.0,1,0.13303296671134474,43
326,4,749,232,517,0,0,0,1.0,1,1.0,1,1.0,1,0.10117187837328555,43
327,3,752,234,518,0,0,0,1.0,1,1.0,1,1.0,1,0.10526629259037602,44
328,0,752,234,518,0,0,0,1.0,1,1.0,1,1.0,1,0.10526629259037602,44
329,0,752,234,518,0,0,0,1.0,1,1.0,1,1.0,1,0.10010697780364065,45
330,1,753,234,519,0,0,0,1.0,1,1.0,1,1.0,1,0.1021517383978852,46
331,1,754,235,519,0,0,0,1.0,1,1.0,1,1.0,1,0.1155815143469786,46
332,1,755,235,520,0,0,0,1.0,1,1.0,1,1.0,1,0.08621857879533125,47
333,0,755,235,520,0,0,0,1.0,1,1.0,1,1.0,1,0.10125842366544473,48
334,0,755,235,520,0,0,0,1.0,1,1.0,1,1.0,1,0.10125842366544473,48
335,2,757,236,521,0,0,0,1.0,1,1.0,1,1.0,1,0.0980698166892859,49
336,3,760,236,524,0,0,0,1.0,1,1.0,1,1.0,1,0.09638201946665856,50
337,0,760,236,524,0,0,0,1.0,1,1.0,1,1.0,1,0.10644509016450637,51
338,1,761,237,524,0,0,0,1.0,1,1.0,1,1.0,1,0.14181990279479428,51
339,4,765,239,526,0,0,0,1.0,1,1.0,1,1.0,1,0.15272737912035128,51
340,2,767,240,527,0,0,0,1.0,1,1.0,1,1.0,1,0.1714518205157168,51
341,6,773,240,533,0,0,0,1.0,1,1.0,1,1.0,1,0.08796368301630633,51
342,1,774,241,533,0,0,0,1.0,1,1.0,1,1.0,1,0.11378667180046413,51
343,2,776,241,535,0,0,0,1.0,1,1.0,1,1.0,1,0.07480644725357166,51
344,2,778,242,536,0,0,0,1.0,1,1.0,1,1.0,1,0.11068921742058056,50
345,0,778,242,536,0,0,0,1.0,1,1.0,1,1.0,1,0.11068921742058056,50
346,2,780,243,537,0,0,0,1.0,1,1.0,1,1.0,1,0.15547785197035632,50
347,2,782,243,539,0,0,0,1.0,1,1.0,1,1.0,1,0.1335913217292915,51
348,0,782,243,539,0,0,0,1.0,1,1.0,1,1.0,1,0.13744413634383024,52
349,2,784,245,539,0,0,0,1.0,1,1.0,1,1.0,1,0.1538331356052389,54
350,5,789,245,544,0,0,0,1.0,1,1.0,1,1.0,1,0.14818939726064514,54
351,5,794,248,546,0,0,0,1.0,1,1.0,1,1.0,1,0.13870661985660102,54
352,3,797,249,548,0,0,0,1.0,1,1.0,1,1.0,1,0.14472517210630054,56
353,2,799,251,548,0,0,0,1.0,1,1.0,1,1.0,1,0.14364287726088806,54
354,5,804,251,553,0,0,0,1.0,1,1.0,1,1.0,1,0.1124338318027508,53
355,1,805,251,554,0,0,0,1.0,1,1.0,1,1.0,1,0.1158023359458916,54
356,5,810,252,558,0,0,0,1.0,1,1.0,1,1.0,1,0.15580773129980066,54
357,4,814,254,560,0,0,0,1.0,1,1.0,1,1.0,1,0.17896303092026541,53
358,2,816,254,562,0,0,0,1.0,1,1.0,1,1.0,1,0.19120835398326996,49
359,2,818,254,564,0,0,0,1.0,1,1.0,1,1.0,1,0.18079171904700597,48
360,2,820,254,566,0,0,0,1.0,1,1.0,1,1.0,1,0.19791186802711072,47
361,5,825,254,571,0,0,0,1.0,1,1.0,1,1.0,1,0.13433856773561675,46
362,0,825,254,571,0,0,0,1.0,1,1.0,1,1.0,1,0.13625441837890254,46
363,2,827,254,573,0,0,0,1.0,1,1.0,1,1.0,1,0.11345278744953323,47
364,3,830,255,575,0,0,0,1.0,1,1.0,1,1.0,1,0.12566838072538697,47
365,2,832,255,577,0,0,0,1.0,1,1.0,1,1.0,1,0.12566838072538697,47
366,5,837,257,580,0,0,0,1.0,1,1.0,1,1.0,1,0.14393424543590866,50
367,3,840,258,582,0,0,0,1.0,1,1.0,1,1.0,1,0.12113455884594508,50
368,0,840,258,582,0,0,0,1.0,1,1.0,1,1.0,1,0.09969888718633521,51
369,2,842,258,584,0,0,0,1.0,1,1.0,1,1.0,1,0.12291519125160197,51
370,0,842,258,584,0,0,0,1.0,1,1.0,1,1.0,1,0.12291519125160197,51
371,4,846,259,587,0,0,0,1.0,1,1.0,1,1.0,1,0.11877584635128774,52
372,1,847,259,588,0,0,0,1.0,1,1.0,1,1.0,1,0.12639621301121387,53
373,1,848,260,588,0,0,0,1.0,1,1.0,1,1.0,1,0.1341205765086708,53
374,5,853,261,592,0,0,0,1.0,1,1.0,1,1.0,1,0.1338858683424721,53
375,8,861,263,598,0,0,0,1.0,1,1.0,1,1.0,1,0.12101698331771367,53
376,3,864,264,600,0,0,0,1.0,1,1.0,1,1.0,1,0.08869200968274564,53
377,2,866,266,600,0,0,0,1.0,1,1.0,1,1.0,1,0.07879709125328582,53
378,2,868,267,601,0,0,0,1.0,1,1.0,1,1.0,1,0.07900763814103139,53
379,1,869,268,601,0,0,0,1.0,1,1.0,1,1.0,1,0.09873161793266062,54
380,0,869,268,601,0,0,0,1.0,1,1.0,1,1.0,1,0.09873161793266062,54
381,2,871,269,602,0,0,0,1.0,1,1.0,1,1.0,1,0.0739689276129475,54
382,1,872,270,602,0,0,0,1.0,1,1.0,1,1.0,1,0.10781419081497631,55
383,4,876,272,604,0,0,0,1.0,1,1.0,1,1.0,1,0.08443958268601644,55
384,1,877,273,604,0,0,0,1.0,1,1.0,1,1.0,1,0.11780593661893074,54
385,2,879,274,605,0,0,0,1.0,1,1.0,1,1.0,1,0.09975465935439227,52
386,3,882,275,607,0,0,0,1.0,1,1.0,1,1.0,1,0.09388545084970341,52
387,1,883,276,607,0,0,0,1.0,1,1.0,1,1.0,1,0.10861993088867312,50
388,5,888,278,610,0,0,0,1.0,1,1.0,1,1.0,1,0.0739292927714096,52
389,2,890,280,610,0,0,0,1.0,1,1.0,1,1.0,1,0.10919884074281766,51
390,1,891,281,610,0,0,0,1.0,1,1.0,1,1.0,1,0.10857620029366033,50
391,7,898,284,614,0,0,0,1.0,1,1.0,1,1.0,1,0.10527769308839081,49
392,2,900,286,614,0,0,0,1.0,1,1.0,1,1.0,1,0.12027831711116564,47
393,2,902,287,615,0,0,0,1.0,1,1.0,1,1.0,1,0.12943726553451973,47
394,3,905,288,617,0,0,0,1.0,1,1.0,1,1.0,1,0.14202692830256322,48
395,3,908,289,619,0,0,0,1.0,1,1.0,1,1.0,1,0.1760350548561165,46
396,6,914,290,624,0,0,0,1.0,1,1.0,1,1.0,1,0.12251246128120875,43
397,2,916,290,626,0,0,0,1.0,1,1.0,1,1.0,1,0.12874897293814944,42
398,2,918,292,626,0,0,0,1.0,1,1.0,1,1.0,1,0.18578589321969916,40
399,1,919,292,627,0,0,0,1.0,1,1.0,1,1.0,1,0.16874412247213846,39
400,0,919,292,627,0,0,0,1.0,1,1.0,1,1.0,1,0.18693996508876157,38
401,5,924,292,632,0,0,0,1.0,1,1.0,1,1.0,1,0.1368304976084492,37
402,0,924,292,632,0,0,0,1.0,1,1.0,1,1.0,1,0.15631218679328607,36
403,0,924,292,632,0,0,0,1.0,1,1.0,1,1.0,1,0.12934556997331859,38
404,1,925,293,632,0,0,0,1.0,1,1.0,1,1.0,1,0.11384081046062468,39
405,0,925,293,632,0,0,0,1.0,1,1.0,1,1.0,1,0.10175844972273701,40
406,1,926,293,633,0,0,0,1.0,1,1.0,1,1.0,1,0.10611459709069662,41
407,0,926,293,633,0,0,0,1.0,1,1.0,1,1.0,1,0.09458799650770928,42
408,0,926,293,633,0,0,0,1.0,1,1.0,1,1.0,1,0.07595818926426309,43
409,1,927,294,633,0,0,0,1.0,1,1.0,1,1.0,1,0.10523846965867686,44
410,1,928,294,634,0,0,0,1.0,1,1.0,1,1.0,1,0.1036122619925558,46
411,1,929,295,634,0,0,0,1.0,1,1.0,1,1.0,1,0.1329943258043987,46
412,2,931,295,636,0,0,0,1.0,1,1.0,1,1.0,1,0.12914816323630424,47
413,1,932,296,636,0,0,0,1.0,1,1.0,1,1.0,1,0.1589053469484455,47
414,1,933,296,637,0,0,0,1.0,1,1.0,1,1.0,1,0.1420096085578435,47
415,0,933,296,637,0,0,0,1.0,1,1.0,1,1.0,1,0.16150765535908423,48
416,5,938,297,641,0,0,0,1.0,1,1.0,1,1.0,1,0.1587553359022457,49
417,2,940,297,643,0,0,0,1.0,1,1.0,1,1.0,1,0.16039633576251303,49
418,3,943,298,645,0,0,0,1.0,1,1.0,1,1.0,1,0.16076679860494258,50
419,1,944,298,646,0,0,0,1.0,1,1.0,1,1.0,1,0.14631990857341926,50
420,2,946,298,648,0,0,0,1.0,1,1.0,1,1.0,1,0.14729401647454704,50
421,3,949,299,650,0,0,0,1.0,1,1.0,1,1.0,1,0.14103767422795072,50
422,1,950,300,650,0,0,0,1.0,1,1.0,1,1.0,1,0.1359242641417478,50
423,6,956,302,654,0,0,0,1.0,1,1.0,1,1.0,1,0.13653807156005018,51
424,1,957,302,655,0,0,0,1.0,1,1.0,1,1.0,1,0.12588149749637575,49
425,2,959,304,655,0,0,0,1.0,1,1.0,1,1.0,1,0.16423210387829146,48
426,4,963,305,658,0,0,0,1.0,1,1.0,1,1.0,1,0.1363344213392719,50
427,1,964,305,659,0,0,0,1.0,1,1.0,1,1.0,1,0.12570186035886666,48
428,2,966,307,659,0,0,0,1.0,1,1.0,1,1.0,1,0.17718148179690818,49
429,2,968,307,661,0,0,0,1.0,1,1.0,1,1.0,1,0.14949618444386936,45
430,3,971,308,663,0,0,0,1.0,1,1.0,1,1.0,1,0.1438570807256273,44
431,2,973,309,664,0,0,0,1.0,1,1.0,1,1.0,1,0.15276785624329908,42
432,0,973,309,664,0,0,0,1.0,1,1.0,1,1.0,1,0.18864451836545257,40
433,1,974,310,664,0,0,0,1.0,1,1.0,1,1.0,1,0.23706541854853355,39
434,3,977,312,665,0,0,0,1.0,1,1.0,1,1.0,1,0.1844525933773959,39
435,5,982,315,667,0,0,0,1.0,1,1.0,1,1.0,1,0.27196865531484143,38
436,7,989,315,674,0,0,0,1.0,1,1.0,1,1.0,1,0.16455005141528464,38
437,3,992,315,677,0,0,0,1.0,1,1.0,1,1.0,1,0.13541141873693782,39
438,2,994,316,678,0,0,0,1.0,1,1.0,1,1.0,1,0.14519943558040413,38
439,1,995,316,679,0,0,0,1.0,1,1.0,1,1.0,1,0.16641718140824252,39
440,2,997,316,681,0,0,0,1.0,1,1.0,1,1.0,1,0.17155000842239224,39
441,4,1001,317,684,0,0,0,1.0,1,1.0,1,1.0,1,0.10125011014848756,41
442,5,1006,317,689,0,0,0,1.0,1,1.0,1,1.0,1,0.11012809957090941,42
443,2,1008,317,691,0,0,0,1.0,1,1.0,1,1.0,1,0.11012809957090941,42
444,3,1011,317,694,0,0,0,1.0,1,1.0,1,1.0,1,0.09278728401600936,43
445,2,1013,317,696,0,0,0,1.0,1,1.0,1,1.0,1,0.10576654061284206,44
446,1,1014,318,696,0,0,0,1.0,1,1.0,1,1.0,1,0.05410728928860663,44
447,2,1016,318,698,0,0,0,1.0,1,1.0,1,1.0,1,0.053897664910931085,47
448,0,1016,318,698,0,0,0,1.0,1,1.0,1,1.0,1,0.059304369523122756,46
449,0,1016,318,698,0,0,0,1.0,1,1.0,1,1.0,1,0.059304369523122756,46
450,2,1018,318,700,0,0,0,1.0,1,1.0,1,1.0,1,0.09112018047785939,46
451,0,1018,318,700,0,0,0,1.0,1,1.0,1,1.0,1,0.10544492229055329,47
452,0,1018,318,700,0,0,0,1.0,1,1.0,1,1.0,1,0.1339190177589526,47
453,0,1018,318,700,0,0,0,1.0,1,1.0,1,1.0,1,0.1339190177589526,47
454,0,1018,318,700,0,0,0,1.0,1,1.0,1,1.0,1,0.1393342828819252,46
455,3,1021,320,701,0,0,0,1.0,1,1.0,1,1.0,1,0.14995771259620747,47
456,5,1026,320,706,0,0,0,1.0,1,1.0,1,1.0,1,0.08563832690122453,49
457,2,1028,321,707,0,0,0,1.0,1,1.0,1,1.0,1,0.0871357348724288,50
458,1,1029,321,708,0,0,0,1.0,1,1.0,1,1.0,1,0.06889299216040123,50
459,0,1029,321,708,0,0,0,1.0,1,1.0,1,1.0,1,0.06310183746722024,52
460,0,1029,321,708,0,0,0,1.0,1,1.0,1,1.0,1,0.08052450794777995,53
461,2,1031,321,710,0,0,0,1.0,1,1.0,1,1.0,1,0.06685387928929075,54
462,0,1031,321,710,0,0,0,1.0,1,1.0,1,1.0,1,0.06685387928929075,54
463,6,1037,323,714,0,0,0,1.0,1,1.0,1,1.0,1,0.06783260341605347,55
464,1,1038,323,715,0,0,0,1.0,1,1.0,1,1.0,1,0.07537334918571419,56
465,1,1039,324,715,0,0,0,1.0,1,1.0,1,1.0,1,0.0892561922395653,54
466,6,1045,328,717,0,0,0,1.0,1,1.0,1,1.0,1,0.14262871214989997,54
467,2,1047,329,718,0,0,0,1.0,1,1.0,1,1.0,1,0.1554681863534479,51
468,6,1053,332,721,0,0,0,1.0,1,1.0,1,1.0,1,0.16478282917584333,51
469,3,1056,334,722,0,0,0,1.0,1,1.0,1,1.0,1,0.1511777724240206,48
470,3,1059,336,723,0,0,0,1.0,1,1.0,1,1.0,1,0.1663770268534035,47
471,5,1064,339,725,0,0,0,1.0,1,1.0,1,1.0,1,0.14635705367421878,44
472,3,1067,342,725,0,0,0,1.0,1,1.0,1,1.0,1,0.20632564465997774,43
473,2,1069,343,726,0,0,0,1.0,1,1.0,1,1.0,1,0.2060114389722551,41
474,1,1070,343,727,0,0,0,1.0,1,1.0,1,1.0,1,0.13450495105743557,39
475,1,1071,344,727,0,0,0,1.0,1,1.0,1,1.0,1,0.16197212313066067,40
476,7,1078,348,730,0,0,0,1.0,1,1.0,1,1.0,1,0.16649875534867678,38
477,1,1079,348,731,0,0,0,1.0,1,1.0,1,1.0,1,0.16855206799635883,35
478,0,1079,348,731,0,0,0,1.0,1,1.0,1,1.0,1,0.1770840305940848,35
479,0,1079,348,731,0,0,0,1.0,1,1.0,1,1.0,1,0.24234489231943682,32
480,0,1079,348,731,0,0,0,1.0,1,1.0,1,1.0,1,0.24627313854950797,32
481,1,1080,348,732,0,0,0,1.0,1,1.0,1,1.0,1,0.20886465773787494,33
482,6,1086,351,735,0,0,0,1.0,1,1.0,1,1.0,1,0.20945686922117426,34
483,3,1089,352,737,0,0,0,1.0,1,1.0,1,1.0,1,0.16359763412209466,32
484,1,1090,352,738,0,0,0,1.0,1,1.0,1,1.0,1,0.11191413836858655,33
485,3,1093,353,740,0,0,0,1.0,1,1.0,1,1.0,1,0.09777436288582698,34
486,1,1094,353,741,0,0,0,1.0,1,1.0,1,1.0,1,0.12807671986618316,36
487,0,1094,353,741,0,0,0,1.0,1,1.0,1,1.0,1,0.12807671986618316,36
488,4,1098,353,745,0,0,0,1.0,1,1.0,1,1.0,1,0.07545527102637152,37
489,4,1102,355,747,0,0,0,1.0,1,1.0,1,1.0,1,0.10584526641714741,38
490,1,1103,356,747,0,0,0,1.0,1,1.0,1,1.0,1,0.10441764720883877,38
491,0,1103,356,747,0,0,0,1.0,1,1.0,1,1.0,1,0.11273608304646214,37
492,1,1104,357,747,0,0,0,1.0,1,1.0,1,1.0,1,0.12827748239860057,37
493,0,1104,357,747,0,0,0,1.0,1,1.0,1,1.0,1,0.12827748239860057,37
494,7,1111,360,751,0,0,0,1.0,1,1.0,1,1.0,1,0.12974795573829465,39
495,2,1113,360,753,0,0,0,1.0,1,1.0,1,1.0,1,0.12623276226673735,40
496,0,1113,360,753,0,0,0,1.0,1,1.0,1,1.0,1,0.12623276226673735,40
497,1,1114,360,754,0,0,0,1.0,1,1.0,1,1.0,1,0.10425053376853707,43
498,1,1115,361,754,0,0,0,1.0,1,1.0,1,1.0,1,0.12399459709026507,43
499,3,1118,363,755,0,0,0,1.0,1,1.0,1,1.0,1,0.17086405759873582,44
500,5,1123,363,760,0,0,0,1.0,1,1.0,1,1.0,1,0.1647590400791093,45
501,4,1127,363,764,0,0,0,1.0,1,1.0,1,1.0,1,0.12650283498931766,45
502,1,1128,364,764,0,0,0,1.0,1,1.0,1,1.0,1,0.11409615258719656,45
503,4,1132,366,766,0,0,0,1.0,1,1.0,1,1.0,1,0.15631909670859667,46
504,4,1136,369,767,0,0,0,1.0,1,1.0,1,1.0,1,0.19595581655898633,47
505,0,1136,369,767,0,0,0,1.0,1,1.0,1,1.0,1,0.21987500009120714,42
506,6,1142,370,772,0,0,0,1.0,1,1.0,1,1.0,1,0.1693864619158669,41
507,0,1142,370,772,0,0,0,1.0,1,1.0,1,1.0,1,0.18705902579667458,38
508,2,1144,372,772,0,0,0,1.0,1,1.0,1,1.0,1,0.2099548331910803,38
509,1,1145,373,772,0,0,0,1.0,1,1.0,1,1.0,1,0.2432662479677834,37
510,1,1146,374,772,0,0,0,1.0,1,1.0,1,1.0,1,0.24710291518496147,36
511,1,1147,374,773,0,0,0,1.0,1,1.0,1,1.0,1,0.20056028015055313,34
512,0,1147,374,773,0,0,0,1.0,1,1.0,1,1.0,1,0.20563084863731457,32
513,2,1149,374,775,0,0,0,1.0,1,1.0,1,1.0,1,0.11492744609921564,32
514,1,1150,374,776,0,0,0,1.0,1,1.0,1,1.0,1,0.10672739610782546,35
515,4,1154,374,780,0,0,0,1.0,1,1.0,1,1.0,1,0.13731660649948194,35
516,2,1156,374,782,0,0,0,1.0,1,1.0,1,1.0,1,0.09454218089765001,36
517,2,1158,375,783,0,0,0,1.0,1,1.0,1,1.0,1,0.11614819673360835,36
518,2,1160,375,785,0,0,0,1.0,1,1.0,1,1.0,1,0.14934423185470455,39
519,3,1163,376,787,0,0,0,1.0,1,1.0,1,1.0,1,0.18960203511040516,39
520,4,1167,376,791,0,0,0,1.0,1,1.0,1,1.0,1,0.1675248514888244,39
521,4,1171,376,795,0,0,0,1.0,1,1.0,1,1.0,1,0.1006273690074233,40
522,2,1173,377,796,0,0,0,1.0,1,1.0,1,1.0,1,0.07592479167054031,40
523,0,1173,377,796,0,0,0,1.0,1,1.0,1,1.0,1,0.06992808485475217,41
524,1,1174,377,797,0,0,0,1.0,1,1.0,1,1.0,1,0.06467388174906166,41
525,2,1176,378,798,0,0,0,1.0,1,1.0,1,1.0,1,0.08321990517850099,40
526,0,1176,378,798,0,0,0,1.0,1,1.0,1,1.0,1,0.0879471809403091,40
527,1,1177,379,798,0,0,0,1.0,1,1.0,1,1.0,1,0.12190217919921989,40
528,1,1178,380,798,0,0,0,1.0,1,1.0,1,1.0,1,0.12975746737648572,40
529,3,1181,381,800,0,0,0,1.0,1,1.0,1,1.0,1,0.14813225729632365,39
530,3,1184,383,801,0,0,0,1.0,1,1.0,1,1.0,1,0.16716223330959887,39
531,3,1187,384,803,0,0,0,1.0,1,1.0,1,1.0,1,0.13055743517926202,39
532,1,1188,384,804,0,0,0,1.0,1,1.0,1,1.0,1,0.13389123733024574,40
533,3,1191,385,806,0,0,0,1.0,1,1.0,1,1.0,1,0.18657688126777006,40
534,1,1192,385,807,0,0,0,1.0,1,1.0,1,1.0,1,0.1825316613668529,42
535,2,1194,386,808,0,0,0,1.0,1,1.0,1,1.0,1,0.1937022226393223,42
536,3,1197,386,811,0,0,0,1.0,1,1.0,1,1.0,1,0.13893056050140862,43
537,1,1198,386,812,0,0,0,1.0,1,1.0,1,1.0,1,0.130536637194288,43
538,1,1199,387,812,0,0,0,1.0,1,1.0,1,1.0,1,0.15358758896912414,44
539,0,1199,387,812,0,0,0,1.0,1,1.0,1,1.0,1,0.15358758896912414,44
540,0,1199,387,812,0,0,0,1.0,1,1.0,1,1.0,1,0.15358758896912414,44
541,0,1199,387,812,0,0,0,1.0,1,1.0,1,1.0,1,0.13793212067385668,45
542,2,1201,389,812,0,0,0,1.0,1,1.0,1,1.0,1,0.1777631255611253,46
543,5,1206,391,815,0,0,0,1.0,1,1.0,1,1.0,1,0.22268178780233677,43
544,3,1209,393,816,0,0,0,1.0,1,1.0,1,1.0,1,0.2573820303733652,42
545,4,1213,394,819,0,0,0,1.0,1,1.0,1,1.0,1,0.2087218917451852,43
546,5,1218,395,823,0,0,0,1.0,1,1.0,1,1.0,1,0.16947507766296183,41
547,1,1219,395,824,0,0,0,1.0,1,1.0,1,1.0,1,0.14203293265327632,40
548,2,1221,397,824,0,0,0,1.0,1,1.0,1,1.0,1,0.09793471466410138,40
549,2,1223,399,824,0,0,0,1.0,1,1.0,1,1.0,1,0.12554639488141464,39
550,4,1227,400,827,0,0,0,1.0,1,1.0,1,1.0,1,0.1404574991739393,38
551,2,1229,402,827,0,0,0,1.0,1,1.0,1,1.0,1,0.18814416263979816,38
552,3,1232,403,829,0,0,0,1.0,1,1.0,1,1.0,1,0.2217002076124988,39
553,1,1233,403,830,0,0,0,1.0,1,1.0,1,1.0,1,0.20124105829999664,38
554,4,1237,403,834,0,0,0,1.0,1,1.0,1,1.0,1,0.19950866062122585,39
555,2,1239,403,836,0,0,0,1.0,1,1.0,1,1.0,1,0.15769621521825486,39
556,1,1240,404,836,0,0,0,1.0,1,1.0,1,1.0,1,0.1475207445780786,40
557,1,1241,404,837,0,0,0,1.0,1,1.0,1,1.0,1,0.14372026093909224,40
558,0,1241,404,837,0,0,0,1.0,1,1.0,1,1.0,1,0.14372026093909224,40
559,1,1242,405,837,0,0,0,1.0,1,1.0,1,1.0,1,0.1113156555046967,40
560,0,1242,405,837,0,0,0,1.0,1,1.0,1,1.0,1,0.12353657081003663,41
561,3,1245,406,839,0,0,0,1.0,1,1.0,1,1.0,1,0.1521842062695967,42
562,1,1246,407,839,0,0,0,1.0,1,1.0,1,1.0,1,0.17907946382147327,42
563,1,1247,408,839,0,0,0,1.0,1,1.0,1,1.0,1,0.2145598799650547,42
564,1,1248,408,840,0,0,0,1.0,1,1.0,1,1.0,1,0.2243683834526127,43
565,5,1253,410,843,0,0,0,1.0,1,1.0,1,1.0,1,0.2334376221655023,44
566,3,1256,410,846,0,0,0,1.0,1,1.0,1,1.0,1,0.20359960337337463,45
567,1,1257,411,846,0,0,0,1.0,1,1.0,1,1.0,1,0.2248195119531803,45
568,2,1259,412,847,0,0,0,1.0,1,1.0,1,1.0,1,0.17917821179216564,46
569,6,1265,414,851,0,0,0,1.0,1,1.0,1,1.0,1,0.19248746964164604,47
570,2,1267,415,852,0,0,0,1.0,1,1.0,1,1.0,1,0.21479998085620652,48
571,2,1269,416,853,0,0,0,1.0,1,1.0,1,1.0,1,0.21038040514281847,48
572,1,1270,416,854,0,0,0,1.0,1,1.0,1,1.0,1,0.21774708627659253,47
573,3,1273,416,857,0,0,0,1.0,1,1.0,1,1.0,1,0.1726754273182086,49
574,1,1274,416,858,0,0,0,1.0,1,1.0,1,1.0,1,0.158329454233417,49
575,3,1277,416,861,0,0,0,1.0,1,1.0,1,1.0,1,0.11240882606703957,50
576,3,1280,416,864,0,0,0,1.0,1,1.0,1,1.0,1,0.09038013831644674,51
577,0,1280,416,864,0,0,0,1.0,1,1.0,1,1.0,1,0.09038013831644674,51
578,0,1280,416,864,0,0,0,1.0,1,1.0,1,1.0,1,0.09038013831644674,51
579,1,1281,417,864,0,0,0,1.0,1,1.0,1,1.0,1,0.1200474423769628,52
580,3,1284,417,867,0,0,0,1.0,1,1.0,1,1.0,1,0.11389695551116451,52
581,2,1286,418,868,0,0,0,1.0,1,1.0,1,1.0,1,0.13954892432554405,52
582,2,1288,418,870,0,0,0,1.0,1,1.0,1,1.0,1,0.1224852014319064,53
583,0,1288,418,870,0,0,0,1.0,1,1.0,1,1.0,1,0.13211268002974894,51
584,4,1292,421,871,0,0,0,1.0,1,1.0,1,1.0,1,0.09818898166741304,51
585,3,1295,423,872,0,0,0,1.0,1,1.0,1,1.0,1,0.15776731346418355,49
586,7,1302,424,878,0,0,0,1.0,1,1.0,1,1.0,1,0.09512108075206457,49
587,4,1306,426,880,0,0,0,1.0,1,1.0,1,1.0,1,0.0794426276152783,48
588,3,1309,426,883,0,0,0,1.0,1,1.0,1,1.0,1,0.09835630921213426,46
589,7,1316,427,889,0,0,0,1.0,1,1.0,1,1.0,1,0.17110762694244794,48
590,5,1321,427,894,0,0,0,1.0,1,1.0,1,1.0,1,0.12165217719751537,47
591,2,1323,427,896,0,0,0,1.0,1,1.0,1,1.0,1,0.0975504471222435,48
592,0,1323,427,896,0,0,0,1.0,1,1.0,1,1.0,1,0.0753008294648666,47
593,3,1326,430,896,0,0,0,1.0,1,1.0,1,1.0,1,0.12719163378845136,45
594,1,1327,431,896,0,0,0,1.0,1,1.0,1,1.0,1,0.13044005540813955,44
595,2,1329,433,896,0,0,0,1.0,1,1.0,1,1.0,1,0.19910262681570323,43
596,4,1333,436,897,0,0,0,1.0,1,1.0,1,1.0,1,0.2162836589000207,44
597,1,1334,436,898,0,0,0,1.0,1,1.0,1,1.0,1,0.19804957042794122,43
598,6,1340,439,901,0,0,0,1.0,1,1.0,1,1.0,1,0.26283849897744355,45
599,5,1345,441,904,0,0,0,1.0,1,1.0,1,1.0,1,0.2226911359916065,44
600,0,1345,441,904,0,0,0,1.0,1,1.0,1,1.0,1,0.2226911359916065,44
601,7,1352,442,910,0,0,0,1.0,1,1.0,1,1.0,1,0.17734271552546785,45
602,1,1353,442,911,0,0,0,1.0,1,1.0,1,1.0,1,0.16263289038958312,46
603,0,1353,442,911,0,0,0,1.0,1,1.0,1,1.0,1,0.14461427208502853,46
604,1,1354,442,912,0,0,0,1.0,1,1.0,1,1.0,1,0.12891097412849903,47
605,0,1354,442,912,0,0,0,1.0,1,1.0,1,1.0,1,0.12891097412849903,47
606,0,1354,442,912,0,0,0,1.0,1,1.0,1,1.0,1,0.13140980164869098,47
607,1,1355,442,913,0,0,0,1.0,1,1.0,1,1.0,1,0.1275403447745381,48
608,1,1356,442,914,0,0,0,1.0,1,1.0,1,1.0,1,0.13803447913209912,47
609,1,1357,442,915,0,0,0,1.0,1,1.0,1,1.0,1,0.12780967405072483,48
610,1,1358,442,916,0,0,0,1.0,1,1.0,1,1.0,1,0.12399561635227002,48
611,0,1358,442,916,0,0,0,1.0,1,1.0,1,1.0,1,0.13462064086182582,49
612,4,1362,442,920,0,0,0,1.0,1,1.0,1,1.0,1,0.09218208532330854,50
613,0,1362,442,920,0,0,0,1.0,1,1.0,1,1.0,1,0.09218208532330854,50
614,0,1362,442,920,0,0,0,1.0,1,1.0,1,1.0,1,0.09218208532330854,50
615,1,1363,443,920,0,0,0,1.0,1,1.0,1,1.0,1,0.08486462685055354,50
616,0,1363,443,920,0,0,0,1.0,1,1.0,1,1.0,1,0.08486462685055354,50
617,0,1363,443,920,0,0,0,1.0,1,1.0,1,1.0,1,0.09537301698170664,52
618,0,1363,443,920,0,0,0,1.0,1,1.0,1,1.0,1,0.09537301698170664,52
619,1,1364,444,920,0,0,0,1.0,1,1.0,1,1.0,1,0.0974486199167897,50
620,2,1366,444,922,0,0,0,1.0,1,1.0,1,1.0,1,0.08102167992170825,50
621,1,1367,445,922,0,0,0,1.0,1,1.0,1,1.0,1,0.08347093553812654,49
622,2,1369,446,923,0,0,0,1.0,1,1.0,1,1.0,1,0.12602414609089632,49
623,4,1373,449,924,0,0,0,1.0,1,1.0,1,1.0,1,0.17663181252317223,48
624,5,1378,451,927,0,0,0,1.0,1,1.0,1,1.0,1,0.20241521579338156,46
625,3,1381,452,929,0,0,0,1.0,1,1.0,1,1.0,1,0.18402908476133767,45
626,8,1389,455,934,0,0,0,1.0,1,1.0,1,1.0,1,0.1003807066496339,44
627,5,1394,456,938,0,0,0,1.0,1,1.0,1,1.0,1,0.16294123580579345,44
628,1,1395,456,939,0,0,0,1.0,1,1.0,1,1.0,1,0.17689650756402056,44
629,2,1397,457,940,0,0,0,1.0,1,1.0,1,1.0,1,0.1614001971066848,41
630,2,1399,458,941,0,0,0,1.0,1,1.0,1,1.0,1,0.19199845562935264,40
631,4,1403,461,942,0,0,0,1.0,1,1.0,1,1.0,1,0.17037276711175914,38
632,1,1404,462,942,0,0,0,1.0,1,1.0,1,1.0,1,0.18751344498305317,38
633,3,1407,463,944,0,0,0,1.0,1,1.0,1,1.0,1,0.19068061930549568,36
634,2,1409,464,945,0,0,0,1.0,1,1.0,1,1.0,1,0.1967235776832057,35
635,1,1410,465,945,0,0,0,1.0,1,1.0,1,1.0,1,0.20494774475852065,35
636,5,1415,466,949,0,0,0,1.0,1,1.0,1,1.0,1,0.1731182955464143,36
637,1,1416,466,950,0,0,0,1.0,1,1.0,1,1.0,1,0.18160006824875558,35
638,1,1417,467,950,0,0,0,1.0,1,1.0,1,1.0,1,0.23284045929122807,34
639,4,1421,468,953,0,0,0,1.0,1,1.0,1,1.0,1,0.23549385023307953,36
640,3,1424,468,956,0,0,0,1.0,1,1.0,1,1.0,1,0.24004732027063763,37
641,4,1428,468,960,0,0,0,1.0,1,1.0,1,1.0,1,0.16833499126096182,37
642,2,1430,468,962,0,0,0,1.0,1,1.0,1,1.0,1,0.15437374232669177,38
643,3,1433,469,964,0,0,0,1.0,1,1.0,1,1.0,1,0.14977933714270927,39
644,3,1436,470,966,0,0,0,1.0,1,1.0,1,1.0,1,0.176890489506286,39
645,6,1442,470,972,0,0,0,1.0,1,1.0,1,1.0,1,0.16079726246584544,39
646,1,1443,470,973,0,0,0,1.0,1,1.0,1,1.0,1,0.16286932480542177,40
647,1,1444,470,974,0,0,0,1.0,1,1.0,1,1.0,1,0.14617295409678616,40
648,1,1445,471,974,0,0,0,1.0,1,1.0,1,1.0,1,0.17306646408164192,40
649,1,1446,472,974,0,0,0,1.0,1,1.0,1,1.0,1,0.1726313566221484,40
650,2,1448,473,975,0,0,0,1.0,1,1.0,1,1.0,1,0.19373018852367724,41
651,3,1451,473,978,0,0,0,1.0,1,1.0,1,1.0,1,0.13683366395535657,42
652,1,1452,474,978,0,0,0,1.0,1,1.0,1,1.0,1,0.1932514424820113,41
653,0,1452,474,978,0,0,0,1.0,1,1.0,1,1.0,1,0.1932514424820113,41
654,1,1453,474,979,0,0,0,1.0,1,1.0,1,1.0,1,0.19849329906246563,42
655,1,1454,474,980,0,0,0,1.0,1,1.0,1,1.0,1,0.1871785098755729,45
656,4,1458,477,981,0,0,0,1.0,1,1.0,1,1.0,1,0.21074344435379344,45
657,2,1460,477,983,0,0,0,1.0,1,1.0,1,1.0,1,0.2041601582575982,43
658,1,1461,478,983,0,0,0,1.0,1,1.0,1,1.0,1,0.2662194956174259,43
659,3,1464,479,985,0,0,0,1.0,1,1.0,1,1.0,1,0.2167666591315584,43
660,6,1470,481,989,0,0,0,1.0,1,1.0,1,1.0,1,0.24744977221282932,43
661,6,1476,482,994,0,0,0,1.0,1,1.0,1,1.0,1,0.1949672191167387,41
662,4,1480,484,996,0,0,0,1.0,1,1.0,1,1.0,1,0.2211192491465881,40
663,1,1481,484,997,0,0,0,1.0,1,1.0,1,1.0,1,0.19220125635349133,39
664,1,1482,485,997,0,0,0,1.0,1,1.0,1,1.0,1,0.2327739494725505,36
665,2,1484,486,998,0,0,0,1.0,1,1.0,1,1.0,1,0.19309163217126188,36
666,3,1487,488,999,0,0,0,1.0,1,1.0,1,1.0,1,0.2310737547980548,36
667,2,1489,489,1000,0,0,0,1.0,1,1.0,1,1.0,1,0.23977218689016105,35
668,2,1491,491,1000,0,0,0,1.0,1,1.0,1,1.0,1,0.24694690811932868,34
669,4,1495,493,1002,0,0,0,1.0,1,1.0,1,1.0,1,0.24225365625894452,34
670,2,1497,494,1003,0,0,0,1.0,1,1.0,1,1.0,1,0.2547655424164606,32
671,6,1503,494,1009,0,0,0,1.0,1,1.0,1,1.0,1,0.17747996202672772,33
672,1,1504,494,1010,0,0,0,1.0,1,1.0,1,1.0,1,0.21656281374892597,32
673,2,1506,495,1011,0,0,0,1.0,1,1.0,1,1.0,1,0.116075449830397,32
674,1,1507,495,1012,0,0,0,1.0,1,1.0,1,1.0,1,0.18251232717645646,32
675,3,1510,497,1013,0,0,0,1.0,1,1.0,1,1.0,1,0.17575514199006642,34
676,2,1512,497,1015,0,0,0,1.0,1,1.0,1,1.0,1,0.12266391364699404,35
677,1,1513,498,1015,0,0,0,1.0,1,1.0,1,1.0,1,0.13220016893564804,35
678,0,1513,498,1015,0,0,0,1.0,1,1.0,1,1.0,1,0.13220016893564804,35
679,3,1516,499,1017,0,0,0,1.0,1,1.0,1,1.0,1,0.125486112434784,36
680,2,1518,499,1019,0,0,0,1.0,1,1.0,1,1.0,1,0.15165492670123687,37
681,3,1521,499,1022,0,0,0,1.0,1,1.0,1,1.0,1,0.11940938365344757,37
682,0,1521,499,1022,0,0,0,1.0,1,1.0,1,1.0,1,0.11940938365344757,37
683,0,1521,499,1022,0,0,0,1.0,1,1.0,1,1.0,1,0.12508481664179855,38
684,0,1521,499,1022,0,0,0,1.0,1,1.0,1,1.0,1,0.1360185909707382,39
685,2,1523,499,1024,0,0,0,1.0,1,1.0,1,1.0,1,0.11576763988381558,38
686,0,1523,499,1024,0,0,0,1.0,1,1.0,1,1.0,1,0.1296423465128592,37
687,1,1524,499,1025,0,0,0,1.0,1,1.0,1,1.0,1,0.11757416939883777,38
688,0,1524,499,1025,0,0,0,1.0,1,1.0,1,1.0,1,0.15131091098436486,37
689,1,1525,500,1025,0,0,0,1.0,1,1.0,1,1.0,1,0.209321814322068,39
690,0,1525,500,1025,0,0,0,1.0,1,1.0,1,1.0,1,0.23284518414493655,38
691,3,1528,501,1027,0,0,0,1.0,1,1.0,1,1.0,1,0.16182477804544645,38
692,2,1530,502,1028,0,0,0,1.0,1,1.0,1,1.0,1,0.1727966452612151,38
693,3,1533,503,1030,0,0,0,1.0,1,1.0,1,1.0,1,0.17414216401013458,40
694,3,1536,505,1031,0,0,0,1.0,1,1.0,1,1.0,1,0.18826754678645305,42
695,5,1541,508,1033,0,0,0,1.0,1,1.0,1,1.0,1,0.18608645823588899,40
696,4,1545,509,1036,0,0,0,1.0,1,1.0,1,1.0,1,0.2073985321236313,39
697,1,1546,509,1037,0,0,0,1.0,1,1.0,1,1.0,1,0.18378895245624016,39
698,1,1547,509,1038,0,0,0,1.0,1,1.0,1,1.0,1,0.1660961731465617,37
699,1,1548,509,1039,0,0,0,1.0,1,1.0,1,1.0,1,0.15900949209679288,37
700,1,1549,510,1039,0,0,0,1.0,1,1.0,1,1.0,1,0.1730258101687872,37
701,1,1550,511,1039,0,0,0,1.0,1,1.0,1,1.0,1,0.20026032230369967,37
702,1,1551,511,1040,0,0,0,1.0,1,1.0,1,1.0,1,0.1949381943850894,38
703,1,1552,511,1041,0,0,0,1.0,1,1.0,1,1.0,1,0.18818426685076198,36
704,4,1556,513,1043,0,0,0,1.0,1,1.0,1,1.0,1,0.17319705405800015,36
705,3,1559,515,1044,0,0,0,1.0,1,1.0,1,1.0,1,0.14093866145365655,36
706,3,1562,518,1044,0,0,0,1.0,1,1.0,1,1.0,1,0.1672324703519324,35
707,2,1564,520,1044,0,0,0,1.0,1,1.0,1,1.0,1,0.20491738736748882,36
708,9,1573,524,1049,0,0,0,1.0,1,1.0,1,1.0,1,0.1431832287919693,36
709,0,1573,524,1049,0,0,0,1.0,1,1.0,1,1.0,1,0.14201639791874907,34
710,2,1575,526,1049,0,0,0,1.0,1,1.0,1,1.0,1,0.14220238256925147,34
711,0,1575,526,1049,0,0,0,1.0,1,1.0,1,1.0,1,0.13366824087065773,34
712,1,1576,527,1049,0,0,0,1.0,1,1.0,1,1.0,1,0.1901149203117826,35
713,2,1578,528,1050,0,0,0,1.0,1,1.0,1,1.0,1,0.18251311076036597,34
714,0,1578,528,1050,0,0,0,1.0,1,1.0,1,1.0,1,0.17289254176519672,34
715,0,1578,528,1050,0,0,0,1.0,1,1.0,1,1.0,1,0.17907683057062565,35
716,2,1580,529,1051,0,0,0,1.0,1,1.0,1,1.0,1,0.15534183176114835,33
717,1,1581,530,1051,0,0,0,1.0,1,1.0,1,1.0,1,0.24015490955513033,33
718,0,1581,530,1051,0,0,0,1.0,1,1.0,1,1.0,1,0.22830401981773654,32
719,0,1581,530,1051,0,0,0,1.0,1,1.0,1,1.0,1,0.22830401981773654,32
720,2,1583,531,1052,0,0,0,1.0,1,1.0,1,1.0,1,0.19053292442144604,33
721,1,1584,531,1053,0,0,0,1.0,1,1.0,1,1.0,1,0.17779263267913406,33
722,3,1587,532,1055,0,0,0,1.0,1,1.0,1,1.0,1,0.20206730015503038,34
723,1,1588,532,1056,0,0,0,1.0,1,1.0,1,1.0,1,0.17003294630765742,34
724,2,1590,532,1058,0,0,0,1.0,1,1.0,1,1.0,1,0.17276776193396856,36
725,1,1591,532,1059,0,0,0,1.0,1,1.0,1,1.0,1,0.16585586150538825,36
726,2,1593,532,1061,0,0,0,1.0,1,1.0,1,1.0,1,0.10666207622693288,36
727,0,1593,532,1061,0,0,0,1.0,1,1.0,1,1.0,1,0.10666207622693288,36
728,0,1593,532,1061,0,0,0,1.0,1,1.0,1,1.0,1,0.12443574574472827,37
729,0,1593,532,1061,0,0,0,1.0,1,1.0,1,1.0,1,0.13796387577322583,37
730,1,1594,532,1062,0,0,0,1.0,1,1.0,1,1.0,1,0.11946558097491339,38
731,2,1596,532,1064,0,0,0,1.0,1,1.0,1,1.0,1,0.105497401716638,39
732,1,1597,533,1064,0,0,0,1.0,1,1.0,1,1.0,1,0.14167994764724776,41
733,2,1599,535,1064,0,0,0,1.0,1,1.0,1,1.0,1,0.13872864385322703,39
734,1,1600,536,1064,0,0,0,1.0,1,1.0,1,1.0,1,0.16878358499532237,39
735,1,1601,537,1064,0,0,0,1.0,1,1.0,1,1.0,1,0.19424919849335223,39
736,4,1605,537,1068,0,0,0,1.0,1,1.0,1,1.0,1,0.15594390116499962,38
737,5,1610,538,1072,0,0,0,1.0,1,1.0,1,1.0,1,0.15354097369735625,39
738,1,1611,538,1073,0,0,0,1.0,1,1.0,1,1.0,1,0.18746181089621716,37
739,3,1614,539,1075,0,0,0,1.0,1,1.0,1,1.0,1,0.2128423330452377,37
740,1,1615,539,1076,0,0,0,1.0,1,1.0,1,1.0,1,0.20354532172308418,35
741,2,1617,540,1077,0,0,0,1.0,1,1.0,1,1.0,1,0.2073614882070071,33
742,2,1619,541,1078,0,0,0,1.0,1,1.0,1,1.0,1,0.1975745555203246,35
743,3,1622,544,1078,0,0,0,1.0,1,1.0,1,1.0,1,0.24730618599989582,35
744,3,1625,546,1079,0,0,0,1.0,1,1.0,1,1.0,1,0.19115759459192247,34
745,4,1629,548,1081,0,0,0,1.0,1,1.0,1,1.0,1,0.1943286397237845,34
746,3,1632,549,1083,0,0,0,1.0,1,1.0,1,1.0,1,0.15566102750393115,33
747,0,1632,549,1083,0,0,0,1.0,1,1.0,1,1.0,1,0.15550900331074563,32
748,0,1632,549,1083,0,0,0,1.0,1,1.0,1,1.0,1,0.15135019423738394,33
749,0,1632,549,1083,0,0,0,1.0,1,1.0,1,1.0,1,0.15135019423738394,33
750,0,1632,549,1083,0,0,0,1.0,1,1.0,1,1.0,1,0.15184922229984615,34
751,5,1637,550,1087,0,0,0,1.0,1,1.0,1,1.0,1,0.06982797336722651,36
752,3,1640,553,1087,0,0,0,1.0,1,1.0,1,1.0,1,0.08928161730293177,35
753,3,1643,555,1088,0,0,0,1.0,1,1.0,1,1.0,1,0.16678863367922023,37
754,4,1647,557,1090,0,0,0,1.0,1,1.0,1,1.0,1,0.15897425199552043,37
755,1,1648,558,1090,0,0,0,1.0,1,1.0,1,1.0,1,0.17777377814388856,35
756,5,1653,558,1095,0,0,0,1.0,1,1.0,1,1.0,1,0.10178651379220806,36
757,1,1654,558,1096,0,0,0,1.0,1,1.0,1,1.0,1,0.09936681526590728,35
758,0,1654,558,1096,0,0,0,1.0,1,1.0,1,1.0,1,0.10253695585136331,36
759,1,1655,559,1096,0,0,0,1.0,1,1.0,1,1.0,1,0.11319836418347444,37
760,2,1657,559,1098,0,0,0,1.0,1,1.0,1,1.0,1,0.1370160028396362,36
761,1,1658,559,1099,0,0,0,1.0,1,1.0,1,1.0,1,0.11863578821874049,36
762,1,1659,559,1100,0,0,0,1.0,1,1.0,1,1.0,1,0.13396229820247607,37
763,2,1661,559,1102,0,0,0,1.0,1,1.0,1,1.0,1,0.10324110916201718,38
764,0,1661,559,1102,0,0,0,1.0,1,1.0,1,1.0,1,0.10324110916201718,38
765,0,1661,559,1102,0,0,0,1.0,1,1.0,1,1.0,1,0.10324110916201718,38
766,0,1661,559,1102,0,0,0,1.0,1,1.0,1,1.0,1,0.07905379932776876,40
767,0,1661,559,1102,0,0,0,1.0,1,1.0,1,1.0,1,0.09996112277148969,41
768,1,1662,560,1102,0,0,0,1.0,1,1.0,1,1.0,1,0.13268004104169773,41
769,2,1664,560,1104,0,0,0,1.0,1,1.0,1,1.0,1,0.11324666574673718,42
770,4,1668,561,1107,0,0,0,1.0,1,1.0,1,1.0,1,0.10840204021227033,41
771,1,1669,561,1108,0,0,0,1.0,1,1.0,1,1.0,1,0.10220274295918809,41
772,4,1673,564,1109,0,0,0,1.0,1,1.0,1,1.0,1,0.11565912107679667,41
773,1,1674,564,1110,0,0,0,1.0,1,1.0,1,1.0,1,0.0969471662587567,41
774,2,1676,566,1110,0,0,0,1.0,1,1.0,1,1.0,1,0.13920501501481952,42
775,1,1677,566,1111,0,0,0,1.0,1,1.0,1,1.0,1,0.11550820672565924,42
776,1,1678,566,1112,0,0,0,1.0,1,1.0,1,1.0,1,0.0996812332427134,42
777,0,1678,566,1112,0,0,0,1.0,1,1.0,1,1.0,1,0.0996812332427134,42
778,2,1680,567,1113,0,0,0,1.0,1,1.0,1,1.0,1,0.12243483375830902,44
779,1,1681,568,1113,0,0,0,1.0,1,1.0,1,1.0,1,0.16308012669375582,44
780,0,1681,568,1113,0,0,0,1.0,1,1.0,1,1.0,1,0.16308012669375582,44
781,0,1681,568,1113,0,0,0,1.0,1,1.0,1,1.0,1,0.15976734200362325,46
782,2,1683,569,1114,0,0,0,1.0,1,1.0,1,1.0,1,0.1660465694816168,45
783,3,1686,570,1116,0,0,0,1.0,1,1.0,1,1.0,1,0.14382239373449696,44
784,0,1686,570,1116,0,0,0,1.0,1,1.0,1,1.0,1,0.14382239373449696,44
785,1,1687,571,1116,0,0,0,1.0,1,1.0,1,1.0,1,0.10883961271103126,43
786,3,1690,572,1118,0,0,0,1.0,1,1.0,1,1.0,1,0.09558185716285507,43
787,0,1690,572,1118,0,0,0,1.0,1,1.0,1,1.0,1,0.09558185716285507,43
788,3,1693,573,1120,0,0,0,1.0,1,1.0,1,1.0,1,0.16855545421198073,45
789,4,1697,574,1123,0,0,0,1.0,1,1.0,1,1.0,1,0.16465630153281444,46
790,2,1699,574,1125,0,0,0,1.0,1,1.0,1,1.0,1,0.18820180616440454,45
791,7,1706,574,1132,0,0,0,1.0,1,1.0,1,1.0,1,0.10366513204894685,46
792,4,1710,576,1134,0,0,0,1.0,1,1.0,1,1.0,1,0.12033325135658954,46
793,1,1711,576,1135,0,0,0,1.0,1,1.0,1,1.0,1,0.11863181338452923,46
794,4,1715,576,1139,0,0,0,1.0,1,1.0,1,1.0,1,0.1745719739149265,47
795,5,1720,576,1144,0,0,0,1.0,1,1.0,1,1.0,1,0.13211292785269227,47
796,3,1723,577,1146,0,0,0,1.0,1,1.0,1,1.0,1,0.12979157796003665,46
797,2,1725,577,1148,0,0,0,1.0,1,1.0,1,1.0,1,0.14678215228636332,47
798,2,1727,579,1148,0,0,0,1.0,1,1.0,1,1.0,1,0.16358722926599775,48
799,1,1728,579,1149,0,0,0,1.0,1,1.0,1,1.0,1,0.1303809293181575,48
800,1,1729,580,1149,0,0,0,1.0,1,1.0,1,1.0,1,0.16018486501223847,48
801,8,1737,581,1156,0,0,0,1.0,1,1.0,1,1.0,1,0.09158811045369725,49
802,0,1737,581,1156,0,0,0,1.0,1,1.0,1,1.0,1,0.08556991778589293,50
803,1,1738,581,1157,0,0,0,1.0,1,1.0,1,1.0,1,0.08411666801274592,49
804,4,1742,581,1161,0,0,0,1.0,1,1.0,1,1.0,1,0.10500894765291013,50
805,3,1745,581,1164,0,0,0,1.0,1,1.0,1,1.0,1,0.08178842088577855,50
806,0,1745,581,1164,0,0,0,1.0,1,1.0,1,1.0,1,0.08178842088577855,50
807,1,1746,582,1164,0,0,0,1.0,1,1.0,1,1.0,1,0.12706588478278594,51
808,2,1748,583,1165,0,0,0,1.0,1,1.0,1,1.0,1,0.13224410131508652,51
809,8,1756,585,1171,0,0,0,1.0,1,1.0,1,1.0,1,0.09101823102839315,51
810,4,1760,587,1173,0,0,0,1.0,1,1.0,1,1.0,1,0.081019845201166,52
811,2,1762,588,1174,0,0,0,1.0,1,1.0,1,1.0,1,0.09592293611609647,50
812,1,1763,589,1174,0,0,0,1.0,1,1.0,1,1.0,1,0.10271361188920694,48
813,2,1765,590,1175,0,0,0,1.0,1,1.0,1,1.0,1,0.10901812007041439,49
814,0,1765,590,1175,0,0,0,1.0,1,1.0,1,1.0,1,0.13990272817469887,48
815,2,1767,592,1175,0,0,0,1.0,1,1.0,1,1.0,1,0.14639298722057872,48
816,4,1771,593,1178,0,0,0,1.0,1,1.0,1,1.0,1,0.15279055100517486,46
817,0,1771,593,1178,0,0,0,1.0,1,1.0,1,1.0,1,0.18402951902695372,44
818,0,1771,593,1178,0,0,0,1.0,1,1.0,1,1.0,1,0.1790357115541408,46
819,0,1771,593,1178,0,0,0,1.0,1,1.0,1,1.0,1,0.19188407082673142,44
820,2,1773,593,1180,0,0,0,1.0,1,1.0,1,1.0,1,0.19573654364939672,44
821,3,1776,593,1183,0,0,0,1.0,1,1.0,1,1.0,1,0.1246161752569624,44
822,4,1780,595,1185,0,0,0,1.0,1,1.0,1,1.0,1,0.17332820335053525,44
823,3,1783,596,1187,0,0,0,1.0,1,1.0,1,1.0,1,0.12474504470388735,42
824,6,1789,600,1189,0,0,0,1.0,1,1.0,1,1.0,1,0.17800456087991487,42
825,3,1792,602,1190,0,0,0,1.0,1,1.0,1,1.0,1,0.15352659771268562,40
826,5,1797,604,1193,0,0,0,1.0,1,1.0,1,1.0,1,0.1524241154634013,41
827,1,1798,605,1193,0,0,0,1.0,1,1.0,1,1.0,1,0.1794798340076317,40
828,3,1801,607,1194,0,0,0,1.0,1,1.0,1,1.0,1,0.1659018148818351,40
829,5,1806,609,1197,0,0,0,1.0,1,1.0,1,1.0,1,0.13735412385586324,42
830,4,1810,611,1199,0,0,0,1.0,1,1.0,1,1.0,1,0.1422322749258936,42
831,4,1814,613,1201,0,0,0,1.0,1,1.0,1,1.0,1,0.14390545348003553,43
832,3,1817,614,1203,0,0,0,1.0,1,1.0,1,1.0,1,0.1337574430662233,42
833,0,1817,614,1203,0,0,0,1.0,1,1.0,1,1.0,1,0.14992502064844812,41
834,2,1819,615,1204,0,0,0,1.0,1,1.0,1,1.0,1,0.1614703524055042,41
835,0,1819,615,1204,0,0,0,1.0,1,1.0,1,1.0,1,0.16667800460578203,41
836,0,1819,615,1204,0,0,0,1.0,1,1.0,1,1.0,1,0.16584905384586454,40
837,0,1819,615,1204,0,0,0,1.0,1,1.0,1,1.0,1,0.16630198481159353,41
838,1,1820,616,1204,0,0,0,1.0,1,1.0,1,1.0,1,0.1686879505650512,41
839,1,1821,617,1204,0,0,0,1.0,1,1.0,1,1.0,1,0.19087417820773986,41
840,4,1825,618,1207,0,0,0,1.0,1,1.0,1,1.0,1,0.19443345888980637,42
841,4,1829,618,1211,0,0,0,1.0,1,1.0,1,1.0,1,0.13432963151208757,42
842,0,1829,618,1211,0,0,0,1.0,1,1.0,1,1.0,1,0.13432963151208757,42
843,4,1833,621,1212,0,0,0,1.0,1,1.0,1,1.0,1,0.23484256416610333,42
844,5,1838,621,1217,0,0,0,1.0,1,1.0,1,1.0,1,0.24018399586565614,42
845,7,1845,622,1223,0,0,0,1.0,1,1.0,1,1.0,1,0.21293800933636425,44
846,1,1846,622,1224,0,0,0,1.0,1,1.0,1,1.0,1,0.20480361191215019,44
847,1,1847,623,1224,0,0,0,1.0,1,1.0,1,1.0,1,0.2012234317269187,42
848,4,1851,624,1227,0,0,0,1.0,1,1.0,1,1.0,1,0.17953887345968192,43
849,2,1853,624,1229,0,0,0,1.0,1,1.0,1,1.0,1,0.1490028454685929,43
850,1,1854,624,1230,0,0,0,1.0,1,1.0,1,1.0,1,0.18231147017051236,41
851,6,1860,624,1236,0,0,0,1.0,1,1.0,1,1.0,1,0.14942931396314893,40
852,3,1863,624,1239,0,0,0,1.0,1,1.0,1,1.0,1,0.11378428119289971,40
853,5,1868,624,1244,0,0,0,1.0,1,1.0,1,1.0,1,0.0786075138568751,40
854,4,1872,625,1247,0,0,0,1.0,1,1.0,1,1.0,1,0.1261105242094166,40
855,2,1874,626,1248,0,0,0,1.0,1,1.0,1,1.0,1,0.14494035142181538,41
856,3,1877,627,1250,0,0,0,1.0,1,1.0,1,1.0,1,0.12970748813660501,41
857,1,1878,628,1250,0,0,0,1.0,1,1.0,1,1.0,1,0.13625318047764534,42
858,1,1879,628,1251,0,0,0,1.0,1,1.0,1,1.0,1,0.0863731630908618,43
859,0,1879,628,1251,0,0,0,1.0,1,1.0,1,1.0,1,0.0863731630908618,43
860,0,1879,628,1251,0,0,0,1.0,1,1.0,1,1.0,1,0.09286352726953612,44
861,0,1879,628,1251,0,0,0,1.0,1,1.0,1,1.0,1,0.09286352726953612,44
862,0,1879,628,1251,0,0,0,1.0,1,1.0,1,1.0,1,0.09286352726953612,44
863,3,1882,630,1252,0,0,0,1.0,1,1.0,1,1.0,1,0.1276301713165333,44
864,2,1884,630,1254,0,0,0,1.0,1,1.0,1,1.0,1,0.08655044599494183,44
865,2,1886,632,1254,0,0,0,1.0,1,1.0,1,1.0,1,0.08603570338730819,43
866,10,1896,637,1259,0,0,0,1.0,1,1.0,1,1.0,1,0.10138656446599384,45
867,0,1896,637,1259,0,0,0,1.0,1,1.0,1,1.0,1,0.11506955194605473,44
868,4,1900,639,1261,0,0,0,1.0,1,1.0,1,1.0,1,0.162028137878432,45
869,5,1905,640,1265,0,0,0,1.0,1,1.0,1,1.0,1,0.18293780364186582,44
870,1,1906,640,1266,0,0,0,1.0,1,1.0,1,1.0,1,0.1968807999287377,44
871,6,1912,641,1271,0,0,0,1.0,1,1.0,1,1.0,1,0.08318097866482842,43
872,4,1916,642,1274,0,0,0,1.0,1,1.0,1,1.0,1,0.09923141760475511,43
873,5,1921,643,1278,0,0,0,1.0,1,1.0,1,1.0,1,0.12583256698515133,43
874,4,1925,644,1281,0,0,0,1.0,1,1.0,1,1.0,1,0.13976104830194844,46
875,3,1928,645,1283,0,0,0,1.0,1,1.0,1,1.0,1,0.1572224422815378,43
876,3,1931,646,1285,0,0,0,1.0,1,1.0,1,1.0,1,0.10198425563345993,44
877,2,1933,646,1287,0,0,0,1.0,1,1.0,1,1.0,1,0.10436912754178602,44
878,3,1936,647,1289,0,0,0,1.0,1,1.0,1,1.0,1,0.12989735166013863,44
879,2,1938,647,1291,0,0,0,1.0,1,1.0,1,1.0,1,0.12989735166013863,44
880,4,1942,649,1293,0,0,0,1.0,1,1.0,1,1.0,1,0.1913196728657685,44
881,4,1946,649,1297,0,0,0,1.0,1,1.0,1,1.0,1,0.11228115572482206,43
882,3,1949,651,1298,0,0,0,1.0,1,1.0,1,1.0,1,0.1366058632367337,45
883,2,1951,652,1299,0,0,0,1.0,1,1.0,1,1.0,1,0.13193092231469605,45
884,5,1956,655,1301,0,0,0,1.0,1,1.0,1,1.0,1,0.10989552487241885,45
885,5,1961,655,1306,0,0,0,1.0,1,1.0,1,1.0,1,0.15108391280913902,43
886,4,1965,656,1309,0,0,0,1.0,1,1.0,1,1.0,1,0.11832046049888414,43
887,0,1965,656,1309,0,0,0,1.0,1,1.0,1,1.0,1,0.10186322685603351,41
888,0,1965,656,1309,0,0,0,1.0,1,1.0,1,1.0,1,0.1228893586513847,40
889,5,1970,658,1312,0,0,0,1.0,1,1.0,1,1.0,1,0.13101400433998725,40
890,1,1971,659,1312,0,0,0,1.0,1,1.0,1,1.0,1,0.1474579048726476,38
891,3,1974,660,1314,0,0,0,1.0,1,1.0,1,1.0,1,0.2069501771080012,39
892,4,1978,662,1316,0,0,0,1.0,1,1.0,1,1.0,1,0.2326381452288406,39
893,1,1979,662,1317,0,0,0,1.0,1,1.0,1,1.0,1,0.19932000141489875,37
894,0,1979,662,1317,0,0,0,1.0,1,1.0,1,1.0,1,0.2044942134782215,36
895,0,1979,662,1317,0,0,0,1.0,1,1.0,1,1.0,1,0.19857154525613246,37
896,1,1980,663,1317,0,0,0,1.0,1,1.0,1,1.0,1,0.22120122510747517,36
897,1,1981,664,1317,0,0,0,1.0,1,1.0,1,1.0,1,0.2262057940573342,36
898,0,1981,664,1317,0,0,0,1.0,1,1.0,1,1.0,1,0.24677705852781784,35
899,1,1982,665,1317,0,0,0,1.0,1,1.0,1,1.0,1,0.24694867659772762,35
900,1,1983,665,1318,0,0,0,1.0,1,1.0,1,1.0,1,0.2861393452446963,36
901,6,1989,666,1323,0,0,0,1.0,1,1.0,1,1.0,1,0.1905249916578642,36
902,5,1994,670,1324,0,0,0,1.0,1,1.0,1,1.0,1,0.23102844870456551,36
903,3,1997,670,1327,0,0,0,1.0,1,1.0,1,1.0,1,0.1963143760519705,35
904,2,1999,672,1327,0,0,0,1.0,1,1.0,1,1.0,1,0.1756058819884945,37
905,1,2000,673,1327,0,0,0,1.0,1,1.0,1,1.0,1,0.19211833370487894,36
906,4,2004,674,1330,0,0,0,1.0,1,1.0,1,1.0,1,0.11608291293457822,37
907,3,2007,675,1332,0,0,0,1.0,1,1.0,1,1.0,1,0.1272686614016793,37
908,1,2008,676,1332,0,0,0,1.0,1,1.0,1,1.0,1,0.08466383362857088,36
909,0,2008,676,1332,0,0,0,1.0,1,1.0,1,1.0,1,0.09318608191057895,36
910,5,2013,679,1334,0,0,0,1.0,1,1.0,1,1.0,1,0.1349027446649866,37
911,7,2020,681,1339,0,0,0,1.0,1,1.0,1,1.0,1,0.11977678678312288,36
912,3,2023,682,1341,0,0,0,1.0,1,1.0,1,1.0,1,0.128283652613232,34
913,2,2025,683,1342,0,0,0,1.0,1,1.0,1,1.0,1,0.17521205307967339,34
914,0,2025,683,1342,0,0,0,1.0,1,1.0,1,1.0,1,0.21699569065573812,33
915,0,2025,683,1342,0,0,0,1.0,1,1.0,1,1.0,1,0.21699569065573812,33
916,5,2030,684,1346,0,0,0,1.0,1,1.0,1,1.0,1,0.15562148782073448,34
917,2,2032,685,1347,0,0,0,1.0,1,1.0,1,1.0,1,0.15699234339374132,34
918,1,2033,685,1348,0,0,0,1.0,1,1.0,1,1.0,1,0.19379830278201735,36
919,1,2034,685,1349,0,0,0,1.0,1,1.0,1,1.0,1,0.1676572668989988,36
920,4,2038,686,1352,0,0,0,1.0,1,1.0,1,1.0,1,0.1400903525146076,37
921,1,2039,686,1353,0,0,0,1.0,1,1.0,1,1.0,1,0.12827320697099623,37
922,1,2040,686,1354,0,0,0,1.0,1,1.0,1,1.0,1,0.10453827320735033,38
923,1,2041,687,1354,0,0,0,1.0,1,1.0,1,1.0,1,0.07028621952946285,36
924,1,2042,688,1354,0,0,0,1.0,1,1.0,1,1.0,1,0.1186637623669639,35
925,4,2046,690,1356,0,0,0,1.0,1,1.0,1,1.0,1,0.25134954545317423,35
926,5,2051,691,1360,0,0,0,1.0,1,1.0,1,1.0,1,0.1258912216262644,34
927,0,2051,691,1360,0,0,0,1.0,1,1.0,1,1.0,1,0.1616520457321182,32
928,1,2052,691,1361,0,0,0,1.0,1,1.0,1,1.0,1,0.19692574747185077,32
929,3,2055,693,1362,0,0,0,1.0,1,1.0,1,1.0,1,0.19829016833038743,31
930,0,2055,693,1362,0,0,0,1.0,1,1.0,1,1.0,1,0.2207915738347385,30
931,5,2060,696,1364,0,0,0,1.0,1,1.0,1,1.0,1,0.19693728197616928,29
932,0,2060,696,1364,0,0,0,1.0,1,1.0,1,1.0,1,0.19693728197616928,29
933,1,2061,696,1365,0,0,0,1.0,1,1.0,1,1.0,1,0.2130360127918448,29
934,0,2061,696,1365,0,0,0,1.0,1,1.0,1,1.0,1,0.2130360127918448,29
935,1,2062,696,1366,0,0,0,1.0,1,1.0,1,1.0,1,0.2638830022681712,31
936,5,2067,697,1370,0,0,0,1.0,1,1.0,1,1.0,1,0.18330677211916352,31
937,1,2068,697,1371,0,0,0,1.0,1,1.0,1,1.0,1,0.16931240726707406,34
938,0,2068,697,1371,0,0,0,1.0,1,1.0,1,1.0,1,0.1664672228177316,33
939,2,2070,697,1373,0,0,0,1.0,1,1.0,1,1.0,1,0.17887534921203188,36
940,0,2070,697,1373,0,0,0,1.0,1,1.0,1,1.0,1,0.19423131944010094,36
941,9,2079,700,1379,0,0,0,1.0,1,1.0,1,1.0,1,0.19113307585979536,36
942,2,2081,701,1380,0,0,0,1.0,1,1.0,1,1.0,1,0.17537703731242343,36
943,0,2081,701,1380,0,0,0,1.0,1,1.0,1,1.0,1,0.15808447126607514,35
944,1,2082,702,1380,0,0,0,1.0,1,1.0,1,1.0,1,0.11852764503248853,35
945,0,2082,702,1380,0,0,0,1.0,1,1.0,1,1.0,1,0.11783081226281795,33
946,2,2084,703,1381,0,0,0,1.0,1,1.0,1,1.0,1,0.1260758192071881,36
947,1,2085,704,1381,0,0,0,1.0,1,1.0,1,1.0,1,0.1414772894741226,34
948,2,2087,706,1381,0,0,0,1.0,1,1.0,1,1.0,1,0.2072481379297294,33
949,1,2088,707,1381,0,0,0,1.0,1,1.0,1,1.0,1,0.2862575544912294,34
950,0,2088,707,1381,0,0,0,1.0,1,1.0,1,1.0,1,0.29455778464251375,33
951,2,2090,707,1383,0,0,0,1.0,1,1.0,1,1.0,1,0.2550774176800391,33
952,1,2091,707,1384,0,0,0,1.0,1,1.0,1,1.0,1,0.2603360373863664,32
953,0,2091,707,1384,0,0,0,1.0,1,1.0,1,1.0,1,0.2603360373863664,32
954,0,2091,707,1384,0,0,0,1.0,1,1.0,1,1.0,1,0.28734567134510697,31
955,4,2095,707,1388,0,0,0,1.0,1,1.0,1,1.0,1,0.2502999272337098,32
956,2,2097,707,1390,0,0,0,1.0,1,1.0,1,1.0,1,0.20716762266815944,32
957,2,2099,707,1392,0,0,0,1.0,1,1.0,1,1.0,1,0.14114900634238278,33
958,2,2101,707,1394,0,0,0,1.0,1,1.0,1,1.0,1,0.11656655596685771,35
959,1,2102,708,1394,0,0,0,1.0,1,1.0,1,1.0,1,0.14191722931151754,36
960,1,2103,708,1395,0,0,0,1.0,1,1.0,1,1.0,1,0.1545201361360355,38
961,2,2105,710,1395,0,0,0,1.0,1,1.0,1,1.0,1,0.2270789496508958,37
962,3,2108,711,1397,0,0,0,1.0,1,1.0,1,1.0,1,0.31039276131876037,35
963,2,2110,711,1399,0,0,0,1.0,1,1.0,1,1.0,1,0.2642660928473394,35
964,2,2112,711,1401,0,0,0,1.0,1,1.0,1,1.0,1,0.2607614853140567,34
965,2,2114,711,1403,0,0,0,1.0,1,1.0,1,1.0,1,0.22317269416767438,35
966,1,2115,711,1404,0,0,0,1.0,1,1.0,1,1.0,1,0.17217694101919606,34
967,4,2119,712,1407,0,0,0,1.0,1,1.0,1,1.0,1,0.16517121125904569,35
968,1,2120,712,1408,0,0,0,1.0,1,1.0,1,1.0,1,0.1528859880862595,36
969,0,2120,712,1408,0,0,0,1.0,1,1.0,1,1.0,1,0.1766160485180745,35
970,0,2120,712,1408,0,0,0,1.0,1,1.0,1,1.0,1,0.211143776170689,34
971,3,2123,712,1411,0,0,0,1.0,1,1.0,1,1.0,1,0.16047867681472563,35
972,0,2123,712,1411,0,0,0,1.0,1,1.0,1,1.0,1,0.16047867681472563,35
973,0,2123,712,1411,0,0,0,1.0,1,1.0,1,1.0,1,0.18105659588006265,36
974,2,2125,713,1412,0,0,0,1.0,1,1.0,1,1.0,1,0.24452716510943737,35
975,2,2127,713,1414,0,0,0,1.0,1,1.0,1,1.0,1,0.2057897992554255,36
976,1,2128,713,1415,0,0,0,1.0,1,1.0,1,1.0,1,0.20818947246188316,38
977,0,2128,713,1415,0,0,0,1.0,1,1.0,1,1.0,1,0.20818947246188316,38
978,0,2128,713,1415,0,0,0,1.0,1,1.0,1,1.0,1,0.20818947246188316,38
979,1,2129,713,1416,0,0,0,1.0,1,1.0,1,1.0,1,0.17930926926268667,39
980,1,2130,714,1416,0,0,0,1.0,1,1.0,1,1.0,1,0.21198759384766036,39
981,2,2132,714,1418,0,0,0,1.0,1,1.0,1,1.0,1,0.2003930142213928,40
982,5,2137,717,1420,0,0,0,1.0,1,1.0,1,1.0,1,0.2668105386180202,40
983,0,2137,717,1420,0,0,0,1.0,1,1.0,1,1.0,1,0.2379394584797692,38
984,5,2142,719,1423,0,0,0,1.0,1,1.0,1,1.0,1,0.1750437464631227,39
985,5,2147,722,1425,0,0,0,1.0,1,1.0,1,1.0,1,0.21290371596161295,38
986,7,2154,724,1430,0,0,0,1.0,1,1.0,1,1.0,1,0.11301420048677817,38
987,1,2155,725,1430,0,0,0,1.0,1,1.0,1,1.0,1,0.1422466171339954,38
988,1,2156,725,1431,0,0,0,1.0,1,1.0,1,1.0,1,0.1312154343438662,38
989,0,2156,725,1431,0,0,0,1.0,1,1.0,1,1.0,1,0.14542774446466528,38
990,1,2157,725,1432,0,0,0,1.0,1,1.0,1,1.0,1,0.1222942397716343,38
991,0,2157,725,1432,0,0,0,1.0,1,1.0,1,1.0,1,0.10893302029375485,40
992,2,2159,727,1432,0,0,0,1.0,1,1.0,1,1.0,1,0.12021375410656,39
993,0,2159,727,1432,0,0,0,1.0,1,1.0,1,1.0,1,0.143002622277162,38
994,1,2160,727,1433,0,0,0,1.0,1,1.0,1,1.0,1,0.15873617694267153,39
995,0,2160,727,1433,0,0,0,1.0,1,1.0,1,1.0,1,0.1445817825148633,41
996,1,2161,727,1434,0,0,0,1.0,1,1.0,1,1.0,1,0.1261150914497725,40
997,1,2162,727,1435,0,0,0,1.0,1,1.0,1,1.0,1,0.12740591975418283,41
998,0,2162,727,1435,0,0,0,1.0,1,1.0,1,1.0,1,0.11951749133585574,40
999,0,2162,727,1435,0,0,0,1.0,1,1.0,1,1.0,1,0.13187338671866547,40
1000,0,2162,727,1435,0,0,0,1.0,1,1.0,1,1.0,1,0.13187338671866547,40
1001,1,2163,727,1436,0,0,0,1.0,1,1.0,1,1.0,1,0.12135948974217656,39
1002,0,2163,727,1436,0,0,0,1.0,1,1.0,1,1.0,1,0.12135948974217656,39
1003,0,2163,727,1436,0,0,0,1.0,1,1.0,1,1.0,1,0.12135948974217656,39
1004,0,2163,727,1436,0,0,0,1.0,1,1.0,1,1.0,1,0.12135948974217656,39
1005,1,2164,727,1437,0,0,0,1.0,1,1.0,1,1.0,1,0.10486541207194726,40
1006,0,2164,727,1437,0,0,0,1.0,1,1.0,1,1.0,1,0.11515832089461644,41
1007,2,2166,727,1439,0,0,0,1.0,1,1.0,1,1.0,1,0.09615052035682242,42
1008,1,2167,728,1439,0,0,0,1.0,1,1.0,1,1.0,1,0.16051866559631686,43
1009,2,2169,729,1440,0,0,0,1.0,1,1.0,1,1.0,1,0.16424856833501225,44
1010,2,2171,729,1442,0,0,0,1.0,1,1.0,1,1.0,1,0.14213713070484724,44
1011,1,2172,730,1442,0,0,0,1.0,1,1.0,1,1.0,1,0.14820286260236087,44
1012,2,2174,731,1443,0,0,0,1.0,1,1.0,1,1.0,1,0.16160397314146605,46
1013,0,2174,731,1443,0,0,0,1.0,1,1.0,1,1.0,1,0.16160397314146605,46
1014,1,2175,732,1443,0,0,0,1.0,1,1.0,1,1.0,1,0.1947759693634602,46
1015,0,2175,732,1443,0,0,0,1.0,1,1.0,1,1.0,1,0.1947759693634602,46
1016,4,2179,733,1446,0,0,0,1.0,1,1.0,1,1.0,1,0.1647570803324065,47
1017,1,2180,734,1446,0,0,0,1.0,1,1.0,1,1.0,1,0.1439872122709617,47
1018,4,2184,735,1449,0,0,0,1.0,1,1.0,1,1.0,1,0.1141625706014322,48
1019,7,2191,736,1455,0,0,0,1.0,1,1.0,1,1.0,1,0.1230887274545848,49
1020,2,2193,736,1457,0,0,0,1.0,1,1.0,1,1.0,1,0.11938477750435383,51
1021,4,2197,737,1460,0,0,0,1.0,1,1.0,1,1.0,1,0.0836033245088929,51
1022,0,2197,737,1460,0,0,0,1.0,1,1.0,1,1.0,1,0.07904424439434245,52
1023,2,2199,737,1462,0,0,0,1.0,1,1.0,1,1.0,1,0.0728991613802259,52
1024,0,2199,737,1462,0,0,0,1.0,1,1.0,1,1.0,1,0.0728991613802259,52
1025,1,2200,737,1463,0,0,0,1.0,1,1.0,1,1.0,1,0.05184619620820907,54
1026,0,2200,737,1463,0,0,0,1.0,1,1.0,1,1.0,1,0.05184619620820907,54
1027,1,2201,738,1463,0,0,0,1.0,1,1.0,1,1.0,1,0.07672102716087308,55
1028,2,2203,738,1465,0,0,0,1.0,1,1.0,1,1.0,1,0.07310491415797754,56
1029,1,2204,738,1466,0,0,0,1.0,1,1.0,1,1.0,1,0.0684001973538252,56
1030,3,2207,739,1468,0,0,0,1.0,1,1.0,1,1.0,1,0.09935962248715619,57
1031,1,2208,739,1469,0,0,0,1.0,1,1.0,1,1.0,1,0.09138080511428244,58
1032,3,2211,741,1470,0,0,0,1.0,1,1.0,1,1.0,1,0.08824487318562946,58
1033,0,2211,741,1470,0,0,0,1.0,1,1.0,1,1.0,1,0.08334248331637611,57
1034,2,2213,743,1470,0,0,0,1.0,1,1.0,1,1.0,1,0.11357420004181286,57
1035,3,2216,745,1471,0,0,0,1.0,1,1.0,1,1.0,1,0.12732147265689797,57
1036,5,2221,746,1475,0,0,0,1.0,1,1.0,1,1.0,1,0.11141576216624946,59
1037,4,2225,748,1477,0,0,0,1.0,1,1.0,1,1.0,1,0.10100182893041401,57
1038,2,2227,749,1478,0,0,0,1.0,1,1.0,1,1.0,1,0.11526060315893966,59
1039,3,2230,752,1478,0,0,0,1.0,1,1.0,1,1.0,1,0.12554097178804058,57
1040,3,2233,753,1480,0,0,0,1.0,1,1.0,1,1.0,1,0.16412217552907754,56
1041,3,2236,754,1482,0,0,0,1.0,1,1.0,1,1.0,1,0.13051671936920234,54
1042,1,2237,755,1482,0,0,0,1.0,1,1.0,1,1.0,1,0.1063305042067844,52
1043,1,2238,755,1483,0,0,0,1.0,1,1.0,1,1.0,1,0.10502490016086982,52
1044,1,2239,756,1483,0,0,0,1.0,1,1.0,1,1.0,1,0.12275220096094104,50
1045,4,2243,757,1486,0,0,0,1.0,1,1.0,1,1.0,1,0.13622431603732688,51
1046,4,2247,760,1487,0,0,0,1.0,1,1.0,1,1.0,1,0.11635601028390835,50
1047,1,2248,760,1488,0,0,0,1.0,1,1.0,1,1.0,1,0.11717072136962492,50
1048,3,2251,761,1490,0,0,0,1.0,1,1.0,1,1.0,1,0.122798042422773,50
1049,3,2254,762,1492,0,0,0,1.0,1,1.0,1,1.0,1,0.07902891076000179,50
1050,1,2255,763,1492,0,0,0,1.0,1,1.0,1,1.0,1,0.10050027755522342,50
1051,1,2256,763,1493,0,0,0,1.0,1,1.0,1,1.0,1,0.09062056499695602,50
1052,0,2256,763,1493,0,0,0,1.0,1,1.0,1,1.0,1,0.09984808127728204,51
1053,0,2256,763,1493,0,0,0,1.0,1,1.0,1,1.0,1,0.09984808127728204,51
1054,1,2257,763,1494,0,0,0,1.0,1,1.0,1,1.0,1,0.08332787396554071,53
1055,0,2257,763,1494,0,0,0,1.0,1,1.0,1,1.0,1,0.09932447969879463,54
1056,1,2258,763,1495,0,0,0,1.0,1,1.0,1,1.0,1,0.10539466860376948,54
1057,2,2260,764,1496,0,0,0,1.0,1,1.0,1,1.0,1,0.11509078966813541,55
1058,2,2262,764,1498,0,0,0,1.0,1,1.0,1,1.0,1,0.07315817062800685,54
1059,5,2267,767,1500,0,0,0,1.0,1,1.0,1,1.0,1,0.14857160995570245,53
1060,1,2268,767,1501,0,0,0,1.0,1,1.0,1,1.0,1,0.14689757567770878,53
1061,3,2271,770,1501,0,0,0,1.0,1,1.0,1,1.0,1,0.16410578541316795,53
1062,5,2276,775,1501,0,0,0,1.0,1,1.0,1,1.0,1,0.1773535198370925,54
1063,0,2276,775,1501,0,0,0,1.0,1,1.0,1,1.0,1,0.1960445396746747,53
1064,6,2282,779,1503,0,0,0,1.0,1,1.0,1,1.0,1,0.1692428776765129,55
1065,1,2283,780,1503,0,0,0,1.0,1,1.0,1,1.0,1,0.19400649681099574,54
1066,7,2290,781,1509,0,0,0,1.0,1,1.0,1,1.0,1,0.10917389547658257,55
1067,1,2291,782,1509,0,0,0,1.0,1,1.0,1,1.0,1,0.13932960577823852,55
1068,2,2293,782,1511,0,0,0,1.0,1,1.0,1,1.0,1,0.1595524254842497,55
1069,1,2294,782,1512,0,0,0,1.0,1,1.0,1,1.0,1,0.19414168153722994,55
1070,2,2296,782,1514,0,0,0,1.0,1,1.0,1,1.0,1,0.20900715798085742,54
1071,8,2304,783,1521,0,0,0,1.0,1,1.0,1,1.0,1,0.13824658860361266,55
1072,1,2305,784,1521,0,0,0,1.0,1,1.0,1,1.0,1,0.12637523417625574,54
1073,4,2309,787,1522,0,0,0,1.0,1,1.0,1,1.0,1,0.13701342157466806,54
1074,4,2313,790,1523,0,0,0,1.0,1,1.0,1,1.0,1,0.18718386555853386,52
1075,3,2316,791,1525,0,0,0,1.0,1,1.0,1,1.0,1,0.12445051304993114,51
1076,5,2321,793,1528,0,0,0,1.0,1,1.0,1,1.0,1,0.13354624012623872,52
1077,1,2322,794,1528,0,0,0,1.0,1,1.0,1,1.0,1,0.1295184942722304,49
1078,3,2325,797,1528,0,0,0,1.0,1,1.0,1,1.0,1,0.19095033000855718,48
1079,3,2328,799,1529,0,0,0,1.0,1,1.0,1,1.0,1,0.22602294608544501,47
1080,2,2330,801,1529,0,0,0,1.0,1,1.0,1,1.0,1,0.20876002729686952,47
1081,2,2332,802,1530,0,0,0,1.0,1,1.0,1,1.0,1,0.25506698409519674,45
1082,1,2333,802,1531,0,0,0,1.0,1,1.0,1,1.0,1,0.24289760686450532,42
1083,0,2333,802,1531,0,0,0,1.0,1,1.0,1,1.0,1,0.24289760686450532,42
1084,0,2333,802,1531,0,0,0,1.0,1,1.0,1,1.0,1,0.2805666965742036,40
1085,3,2336,802,1534,0,0,0,1.0,1,1.0,1,1.0,1,0.19805906718917782,43
1086,2,2338,802,1536,0,0,0,1.0,1,1.0,1,1.0,1,0.20206915825718363,41
1087,1,2339,802,1537,0,0,0,1.0,1,1.0,1,1.0,1,0.21521014249791723,41
1088,1,2340,802,1538,0,0,0,1.0,1,1.0,1,1.0,1,0.1993901785283524,41
1089,3,2343,805,1538,0,0,0,1.0,1,1.0,1,1.0,1,0.17475220717830384,42
1090,1,2344,805,1539,0,0,0,1.0,1,1.0,1,1.0,1,0.16442364549860947,43
1091,1,2345,806,1539,0,0,0,1.0,1,1.0,1,1.0,1,0.1414114440119141,43
1092,1,2346,807,1539,0,0,0,1.0,1,1.0,1,1.0,1,0.142527037347661,43
1093,1,2347,808,1539,0,0,0,1.0,1,1.0,1,1.0,1,0.16907434703185628,43
1094,2,2349,809,1540,0,0,0,1.0,1,1.0,1,1.0,1,0.15068475171542517,43
1095,2,2351,810,1541,0,0,0,1.0,1,1.0,1,1.0,1,0.1824166119768499,44
1096,1,2352,810,1542,0,0,0,1.0,1,1.0,1,1.0,1,0.14609341288486488,44
1097,5,2357,812,1545,0,0,0,1.0,1,1.0,1,1.0,1,0.21030559507849445,45
1098,0,2357,812,1545,0,0,0,1.0,1,1.0,1,1.0,1,0.20121803616758294,46
1099,2,2359,813,1546,0,0,0,1.0,1,1.0,1,1.0,1,0.22083212939428995,48
1100,3,2362,813,1549,0,0,0,1.0,1,1.0,1,1.0,1,0.15928631495496076,49
1101,2,2364,814,1550,0,0,0,1.0,1,1.0,1,1.0,1,0.15154123884028176,49
1102,5,2369,817,1552,0,0,0,1.0,1,1.0,1,1.0,1,0.12465378239364405,50
1103,3,2372,817,1555,0,0,0,1.0,1,1.0,1,1.0,1,0.07852232202661179,48
1104,7,2379,820,1559,0,0,0,1.0,1,1.0,1,1.0,1,0.12218714151360388,50
1105,3,2382,821,1561,0,0,0,1.0,1,1.0,1,1.0,1,0.11045187935423607,48
1106,2,2384,821,1563,0,0,0,1.0,1,1.0,1,1.0,1,0.07226206653781017,48
1107,3,2387,824,1563,0,0,0,1.0,1,1.0,1,1.0,1,0.10624084012072384,47
1108,2,2389,825,1564,0,0,0,1.0,1,1.0,1,1.0,1,0.11700593613220427,47
1109,4,2393,828,1565,0,0,0,1.0,1,1.0,1,1.0,1,0.15328488711543858,46
1110,2,2395,829,1566,0,0,0,1.0,1,1.0,1,1.0,1,0.19479936466077827,43
1111,11,2406,830,1576,0,0,0,1.0,1,1.0,1,1.0,1,0.08501604982103128,44
1112,2,2408,831,1577,0,0,0,1.0,1,1.0,1,1.0,1,0.13545556830258926,43
1113,3,2411,832,1579,0,0,0,1.0,1,1.0,1,1.0,1,0.188447184496389,39
1114,2,2413,832,1581,0,0,0,1.0,1,1.0,1,1.0,1,0.188447184496389,39
1115,3,2416,833,1583,0,0,0,1.0,1,1.0,1,1.0,1,0.1777447572344787,37
1116,2,2418,834,1584,0,0,0,1.0,1,1.0,1,1.0,1,0.11202835151099369,37
1117,3,2421,837,1584,0,0,0,1.0,1,1.0,1,1.0,1,0.17700456797985695,36
1118,1,2422,837,1585,0,0,0,1.0,1,1.0,1,1.0,1,0.1544850696954097,36
1119,0,2422,837,1585,0,0,0,1.0,1,1.0,1,1.0,1,0.1544850696954097,36
1120,0,2422,837,1585,0,0,0,1.0,1,1.0,1,1.0,1,0.1544850696954097,36
1121,1,2423,838,1585,0,0,0,1.0,1,1.0,1,1.0,1,0.19546698741930327,36
1122,2,2425,838,1587,0,0,0,1.0,1,1.0,1,1.0,1,0.1828717390036737,37
1123,3,2428,840,1588,0,0,0,1.0,1,1.0,1,1.0,1,0.2257850629464308,37
1124,0,2428,840,1588,0,0,0,1.0,1,1.0,1,1.0,1,0.2257850629464308,37
1125,6,2434,841,1593,0,0,0,1.0,1,1.0,1,1.0,1,0.2061763127003038,38
1126,3,2437,841,1596,0,0,0,1.0,1,1.0,1,1.0,1,0.16389848201909096,38
1127,0,2437,841,1596,0,0,0,1.0,1,1.0,1,1.0,1,0.181207567851034,39
1128,1,2438,841,1597,0,0,0,1.0,1,1.0,1,1.0,1,0.1574386890227057,39
1129,2,2440,842,1598,0,0,0,1.0,1,1.0,1,1.0,1,0.15657069839187576,39
1130,1,2441,842,1599,0,0,0,1.0,1,1.0,1,1.0,1,0.14278376783488145,39
1131,0,2441,842,1599,0,0,0,1.0,1,1.0,1,1.0,1,0.14278376783488145,39
1132,1,2442,843,1599,0,0,0,1.0,1,1.0,1,1.0,1,0.14845463220957167,39
1133,2,2444,843,1601,0,0,0,1.0,1,1.0,1,1.0,1,0.13218728025226723,42
1134,0,2444,843,1601,0,0,0,1.0,1,1.0,1,1.0,1,0.13218728025226723,42
1135,1,2445,843,1602,0,0,0,1.0,1,1.0,1,1.0,1,0.1565960710027508,44
1136,4,2449,844,1605,0,0,0,1.0,1,1.0,1,1.0,1,0.15169683637964584,46
1137,0,2449,844,1605,0,0,0,1.0,1,1.0,1,1.0,1,0.16883422238085574,45
1138,4,2453,844,1609,0,0,0,1.0,1,1.0,1,1.0,1,0.14150308568857248,46
1139,3,2456,845,1611,0,0,0,1.0,1,1.0,1,1.0,1,0.174227826215829,47
1140,3,2459,847,1612,0,0,0,1.0,1,1.0,1,1.0,1,0.16980351633950527,46
1141,4,2463,847,1616,0,0,0,1.0,1,1.0,1,1.0,1,0.13299954010427,45
1142,4,2467,850,1617,0,0,0,1.0,1,1.0,1,1.0,1,0.17384598035516297,45
1143,2,2469,851,1618,0,0,0,1.0,1,1.0,1,1.0,1,0.18656747219644057,43
1144,4,2473,853,1620,0,0,0,1.0,1,1.0,1,1.0,1,0.12045492215472099,45
1145,4,2477,855,1622,0,0,0,1.0,1,1.0,1,1.0,1,0.158231186516759,44
1146,8,2485,857,1628,0,0,0,1.0,1,1.0,1,1.0,1,0.07385309779993446,45
1147,4,2489,860,1629,0,0,0,1.0,1,1.0,1,1.0,1,0.06656340969641833,44
1148,3,2492,862,1630,0,0,0,1.0,1,1.0,1,1.0,1,0.10759434041914533,43
1149,1,2493,863,1630,0,0,0,1.0,1,1.0,1,1.0,1,0.16456112262910214,42
1150,4,2497,864,1633,0,0,0,1.0,1,1.0,1,1.0,1,0.18903985116371938,45
1151,5,2502,864,1638,0,0,0,1.0,1,1.0,1,1.0,1,0.1383696681560305,40
1152,2,2504,865,1639,0,0,0,1.0,1,1.0,1,1.0,1,0.12009787175590252,41
1153,2,2506,867,1639,0,0,0,1.0,1,1.0,1,1.0,1,0.15300093674140045,38
1154,1,2507,868,1639,0,0,0,1.0,1,1.0,1,1.0,1,0.13758972713280532,37
1155,4,2511,870,1641,0,0,0,1.0,1,1.0,1,1.0,1,0.1452793610430489,38
1156,0,2511,870,1641,0,0,0,1.0,1,1.0,1,1.0,1,0.17748660834184798,38
1157,0,2511,870,1641,0,0,0,1.0,1,1.0,1,1.0,1,0.19349209648979518,37
1158,1,2512,871,1641,0,0,0,1.0,1,1.0,1,1.0,1,0.18355160547465593,36
1159,0,2512,871,1641,0,0,0,1.0,1,1.0,1,1.0,1,0.17083094425847117,35
1160,0,2512,871,1641,0,0,0,1.0,1,1.0,1,1.0,1,0.17083094425847117,35
1161,0,2512,871,1641,0,0,0,1.0,1,1.0,1,1.0,1,0.18502407727410305,36
1162,0,2512,871,1641,0,0,0,1.0,1,1.0,1,1.0,1,0.19708970101560572,37
1163,0,2512,871,1641,0,0,0,1.0,1,1.0,1,1.0,1,0.19708970101560572,37
1164,0,2512,871,1641,0,0,0,1.0,1,1.0,1,1.0,1,0.1864135128566941,38
1165,1,2513,871,1642,0,0,0,1.0,1,1.0,1,1.0,1,0.1791488967537844,38
1166,2,2515,871,1644,0,0,0,1.0,1,1.0,1,1.0,1,0.18630550191122713,40
1167,5,2520,874,1646,0,0,0,1.0,1,1.0,1,1.0,1,0.1896734149502836,40
1168,1,2521,874,1647,0,0,0,1.0,1,1.0,1,1.0,1,0.16230063964137026,40
1169,0,2521,874,1647,0,0,0,1.0,1,1.0,1,1.0,1,0.17404740084876882,41
1170,2,2523,876,1647,0,0,0,1.0,1,1.0,1,1.0,1,0.16350184407348387,41
1171,4,2527,877,1650,0,0,0,1.0,1,1.0,1,1.0,1,0.1263148896481495,43
1172,1,2528,878,1650,0,0,0,1.0,1,1.0,1,1.0,1,0.10363461275300927,43
1173,0,2528,878,1650,0,0,0,1.0,1,1.0,1,1.0,1,0.10363461275300927,43
1174,0,2528,878,1650,0,0,0,1.0,1,1.0,1,1.0,1,0.10363461275300927,43
1175,1,2529,878,1651,0,0,0,1.0,1,1.0,1,1.0,1,0.089055387590892,44
1176,2,2531,879,1652,0,0,0,1.0,1,1.0,1,1.0,1,0.1161514949265351,45
1177,1,2532,880,1652,0,0,0,1.0,1,1.0,1,1.0,1,0.1597059625412534,45
1178,0,2532,880,1652,0,0,0,1.0,1,1.0,1,1.0,1,0.1597059625412534,45
1179,4,2536,882,1654,0,0,0,1.0,1,1.0,1,1.0,1,0.2089218379789807,46
1180,2,2538,882,1656,0,0,0,1.0,1,1.0,1,1.0,1,0.1836705589661776,47
1181,3,2541,882,1659,0,0,0,1.0,1,1.0,1,1.0,1,0.14591674964554444,48
1182,2,2543,884,1659,0,0,0,1.0,1,1.0,1,1.0,1,0.17433379450974593,48
1183,0,2543,884,1659,0,0,0,1.0,1,1.0,1,1.0,1,0.16660014822560879,46
1184,4,2547,886,1661,0,0,0,1.0,1,1.0,1,1.0,1,0.14277370133506012,47
1185,1,2548,887,1661,0,0,0,1.0,1,1.0,1,1.0,1,0.18895781920531668,44
1186,3,2551,887,1664,0,0,0,1.0,1,1.0,1,1.0,1,0.17039360086992814,47
1187,2,2553,887,1666,0,0,0,1.0,1,1.0,1,1.0,1,0.16271742796407648,49
1188,1,2554,887,1667,0,0,0,1.0,1,1.0,1,1.0,1,0.15342236847732194,50
1189,0,2554,887,1667,0,0,0,1.0,1,1.0,1,1.0,1,0.14847113382159366,48
1190,3,2557,888,1669,0,0,0,1.0,1,1.0,1,1.0,1,0.1693840509319393,48
1191,1,2558,888,1670,0,0,0,1.0,1,1.0,1,1.0,1,0.1535209212857373,46
1192,1,2559,888,1671,0,0,0,1.0,1,1.0,1,1.0,1,0.13952141218031713,46
1193,1,2560,888,1672,0,0,0,1.0,1,1.0,1,1.0,1,0.14362226695806998,45
1194,0,2560,888,1672,0,0,0,1.0,1,1.0,1,1.0,1,0.14362226695806998,45
1195,6,2566,890,1676,0,0,0,1.0,1,1.0,1,1.0,1,0.1944275972436346,47
1196,4,2570,890,1680,0,0,0,1.0,1,1.0,1,1.0,1,0.1476890804481754,48
1197,3,2573,890,1683,0,0,0,1.0,1,1.0,1,1.0,1,0.13924024739866164,49
1198,1,2574,890,1684,0,0,0,1.0,1,1.0,1,1.0,1,0.13358133239873057,49
1199,4,2578,890,1688,0,0,0,1.0,1,1.0,1,1.0,1,0.13695712075767422,50
1200,2,2580,891,1689,0,0,0,1.0,1,1.0,1,1.0,1,0.1426442095408942,50
1201,3,2583,891,1692,0,0,0,1.0,1,1.0,1,1.0,1,0.10818587871883607,50
1202,1,2584,892,1692,0,0,0,1.0,1,1.0,1,1.0,1,0.11096910134512868,51
1203,0,2584,892,1692,0,0,0,1.0,1,1.0,1,1.0,1,0.1083206927307051,52
1204,1,2585,892,1693,0,0,0,1.0,1,1.0,1,1.0,1,0.09805416853692905,52
1205,0,2585,892,1693,0,0,0,1.0,1,1.0,1,1.0,1,0.10389377952356997,53
1206,0,2585,892,1693,0,0,0,1.0,1,1.0,1,1.0,1,0.10389377952356997,53
1207,1,2586,892,1694,0,0,0,1.0,1,1.0,1,1.0,1,0.10005911419895568,55
1208,2,2588,892,1696,0,0,0,1.0,1,1.0,1,1.0,1,0.09501277571928718,56
1209,1,2589,892,1697,0,0,0,1.0,1,1.0,1,1.0,1,0.09025000135132216,55
1210,1,2590,893,1697,0,0,0,1.0,1,1.0,1,1.0,1,0.09808489482729042,55
1211,1,2591,893,1698,0,0,0,1.0,1,1.0,1,1.0,1,0.0693522790951681,57
1212,0,2591,893,1698,0,0,0,1.0,1,1.0,1,1.0,1,0.0693522790951681,57
1213,0,2591,893,1698,0,0,0,1.0,1,1.0,1,1.0,1,0.0693522790951681,57
1214,4,2595,895,1700,0,0,0,1.0,1,1.0,1,1.0,1,0.1033231319155604,57
1215,2,2597,895,1702,0,0,0,1.0,1,1.0,1,1.0,1,0.08702699640884724,59
1216,1,2598,895,1703,0,0,0,1.0,1,1.0,1,1.0,1,0.08950814902068738,61
1217,1,2599,896,1703,0,0,0,1.0,1,1.0,1,1.0,1,0.12004164531993042,61
1218,3,2602,897,1705,0,0,0,1.0,1,1.0,1,1.0,1,0.13234847172102665,61
1219,1,2603,898,1705,0,0,0,1.0,1,1.0,1,1.0,1,0.13476774669583197,61
1220,0,2603,898,1705,0,0,0,1.0,1,1.0,1,1.0,1,0.14358878501436378,60
1221,4,2607,899,1708,0,0,0,1.0,1,1.0,1,1.0,1,0.1369340044960021,61
1222,2,2609,900,1709,0,0,0,1.0,1,1.0,1,1.0,1,0.13052268645380768,61
1223,0,2609,900,1709,0,0,0,1.0,1,1.0,1,1.0,1,0.13582633730802177,59
1224,3,2612,903,1709,0,0,0,1.0,1,1.0,1,1.0,1,0.13174305618404428,60
1225,2,2614,904,1710,0,0,0,1.0,1,1.0,1,1.0,1,0.1548917514153064,60
1226,8,2622,906,1716,0,0,0,1.0,1,1.0,1,1.0,1,0.10503614783558014,61
1227,4,2626,908,1718,0,0,0,1.0,1,1.0,1,1.0,1,0.08217854891708892,59
1228,1,2627,908,1719,0,0,0,1.0,1,1.0,1,1.0,1,0.10409387275189,58
1229,2,2629,910,1719,0,0,0,1.0,1,1.0,1,1.0,1,0.1266824376652607,57
1230,1,2630,911,1719,0,0,0,1.0,1,1.0,1,1.0,1,0.12252472038871097,55
1231,5,2635,913,1722,0,0,0,1.0,1,1.0,1,1.0,1,0.11018745032564965,54
1232,5,2640,916,1724,0,0,0,1.0,1,1.0,1,1.0,1,0.08886779391427754,51
1233,2,2642,918,1724,0,0,0,1.0,1,1.0,1,1.0,1,0.11594881536379929,49
1234,3,2645,921,1724,0,0,0,1.0,1,1.0,1,1.0,1,0.2132315886956122,49
1235,1,2646,921,1725,0,0,0,1.0,1,1.0,1,1.0,1,0.20584825484115005,48
1236,7,2653,921,1732,0,0,0,1.0,1,1.0,1,1.0,1,0.14871288310550046,49
1237,3,2656,922,1734,0,0,0,1.0,1,1.0,1,1.0,1,0.19500679688552042,48
1238,2,2658,922,1736,0,0,0,1.0,1,1.0,1,1.0,1,0.19497540962015483,47
1239,5,2663,922,1741,0,0,0,1.0,1,1.0,1,1.0,1,0.18013842018119483,48
1240,6,2669,922,1747,0,0,0,1.0,1,1.0,1,1.0,1,0.1539947869439012,49
1241,6,2675,924,1751,0,0,0,1.0,1,1.0,1,1.0,1,0.09699751656803658,49
1242,3,2678,925,1753,0,0,0,1.0,1,1.0,1,1.0,1,0.10036044153737037,49
1243,0,2678,925,1753,0,0,0,1.0,1,1.0,1,1.0,1,0.1074104285163425,50
1244,1,2679,926,1753,0,0,0,1.0,1,1.0,1,1.0,1,0.15719605108571297,50
1245,1,2680,926,1754,0,0,0,1.0,1,1.0,1,1.0,1,0.14824574678251376,51
1246,4,2684,927,1757,0,0,0,1.0,1,1.0,1,1.0,1,0.14993008065331107,52
1247,0,2684,927,1757,0,0,0,1.0,1,1.0,1,1.0,1,0.14993008065331107,52
1248,3,2687,928,1759,0,0,0,1.0,1,1.0,1,1.0,1,0.1780582485667736,51
1249,2,2689,929,1760,0,0,0,1.0,1,1.0,1,1.0,1,0.14988700478840392,51
1250,5,2694,932,1762,0,0,0,1.0,1,1.0,1,1.0,1,0.16420390199793822,51
1251,8,2702,932,1770,0,0,0,1.0,1,1.0,1,1.0,1,0.11317879592884138,53
1252,0,2702,932,1770,0,0,0,1.0,1,1.0,1,1.0,1,0.11660401634041995,52
1253,0,2702,932,1770,0,0,0,1.0,1,1.0,1,1.0,1,0.11660401634041995,52
1254,3,2705,932,1773,0,0,0,1.0,1,1.0,1,1.0,1,0.12535297749785837,53
1255,8,2713,933,1780,0,0,0,1.0,1,1.0,1,1.0,1,0.10000059260294916,55
1256,2,2715,933,1782,0,0,0,1.0,1,1.0,1,1.0,1,0.07494659599851108,55
1257,0,2715,933,1782,0,0,0,1.0,1,1.0,1,1.0,1,0.09397469583953498,57
1258,0,2715,933,1782,0,0,0,1.0,1,1.0,1,1.0,1,0.09480671391649102,57
1259,0,2715,933,1782,0,0,0,1.0,1,1.0,1,1.0,1,0.09480671391649102,57
1260,0,2715,933,1782,0,0,0,1.0,1,1.0,1,1.0,1,0.10068369012838098,56
1261,3,2718,933,1785,0,0,0,1.0,1,1.0,1,1.0,1,0.08811110056967346,57
1262,1,2719,933,1786,0,0,0,1.0,1,1.0,1,1.0,1,0.07609712870808966,58
1263,1,2720,934,1786,0,0,0,1.0,1,1.0,1,1.0,1,0.09220550334076986,58
1264,0,2720,934,1786,0,0,0,1.0,1,1.0,1,1.0,1,0.054345405769189996,57
1265,6,2726,939,1787,0,0,0,1.0,1,1.0,1,1.0,1,0.11380785606527417,56
1266,2,2728,941,1787,0,0,0,1.0,1,1.0,1,1.0,1,0.1442149703597533,55
1267,2,2730,942,1788,0,0,0,1.0,1,1.0,1,1.0,1,0.13499702432601762,53
1268,5,2735,946,1789,0,0,0,1.0,1,1.0,1,1.0,1,0.17716998472956305,52
1269,4,2739,946,1793,0,0,0,1.0,1,1.0,1,1.0,1,0.09264289415002269,51
1270,0,2739,946,1793,0,0,0,1.0,1,1.0,1,1.0,1,0.10621737698516258,47
1271,2,2741,947,1794,0,0,0,1.0,1,1.0,1,1.0,1,0.10801617756997284,46
1272,2,2743,949,1794,0,0,0,1.0,1,1.0,1,1.0,1,0.13265664316498288,43
1273,3,2746,951,1795,0,0,0,1.0,1,1.0,1,1.0,1,0.1911925112503286,44
1274,3,2749,953,1796,0,0,0,1.0,1,1.0,1,1.0,1,0.2047153172167224,44
1275,3,2752,954,1798,0,0,0,1.0,1,1.0,1,1.0,1,0.18522780736727043,45
1276,8,2760,956,1804,0,0,0,1.0,1,1.0,1,1.0,1,0.1109691261446056,43
1277,2,2762,956,1806,0,0,0,1.0,1,1.0,1,1.0,1,0.09708672608174693,44
1278,4,2766,959,1807,0,0,0,1.0,1,1.0,1,1.0,1,0.15247153212059564,45
1279,2,2768,959,1809,0,0,0,1.0,1,1.0,1,1.0,1,0.0976456499763598,47
1280,4,2772,962,1810,0,0,0,1.0,1,1.0,1,1.0,1,0.11018993600097653,47
1281,0,2772,962,1810,0,0,0,1.0,1,1.0,1,1.0,1,0.11018993600097653,47
1282,1,2773,963,1810,0,0,0,1.0,1,1.0,1,1.0,1,0.10593354460417623,46
1283,0,2773,963,1810,0,0,0,1.0,1,1.0,1,1.0,1,0.10593354460417623,46
1284,0,2773,963,1810,0,0,0,1.0,1,1.0,1,1.0,1,0.10593354460417623,46
1285,1,2774,964,1810,0,0,0,1.0,1,1.0,1,1.0,1,0.1642958036056137,46
1286,4,2778,964,1814,0,0,0,1.0,1,1.0,1,1.0,1,0.0920684395673039,45
1287,3,2781,965,1816,0,0,0,1.0,1,1.0,1,1.0,1,0.13723018108924187,49
1288,0,2781,965,1816,0,0,0,1.0,1,1.0,1,1.0,1,0.13723018108924187,49
1289,5,2786,965,1821,0,0,0,1.0,1,1.0,1,1.0,1,0.13964156014137782,52
1290,3,2789,966,1823,0,0,0,1.0,1,1.0,1,1.0,1,0.08624859042429112,52
1291,0,2789,966,1823,0,0,0,1.0,1,1.0,1,1.0,1,0.08624859042429112,52
1292,2,2791,967,1824,0,0,0,1.0,1,1.0,1,1.0,1,0.08425011597011972,53
1293,0,2791,967,1824,0,0,0,1.0,1,1.0,1,1.0,1,0.08425011597011972,53
1294,0,2791,967,1824,0,0,0,1.0,1,1.0,1,1.0,1,0.08425011597011972,53
1295,1,2792,967,1825,0,0,0,1.0,1,1.0,1,1.0,1,0.07064567355683787,54
1296,0,2792,967,1825,0,0,0,1.0,1,1.0,1,1.0,1,0.07603510584347882,55
1297,0,2792,967,1825,0,0,0,1.0,1,1.0,1,1.0,1,0.09546731964353718,54
1298,1,2793,967,1826,0,0,0,1.0,1,1.0,1,1.0,1,0.09165754262161149,55
1299,0,2793,967,1826,0,0,0,1.0,1,1.0,1,1.0,1,0.11001036691847425,54
1300,3,2796,969,1827,0,0,0,1.0,1,1.0,1,1.0,1,0.14628385012859146,55
1301,4,2800,970,1830,0,0,0,1.0,1,1.0,1,1.0,1,0.08420574774405191,54
1302,4,2804,973,1831,0,0,0,1.0,1,1.0,1,1.0,1,0.11756630097151008,54
1303,5,2809,976,1833,0,0,0,1.0,1,1.0,1,1.0,1,0.16338330253478545,50
1304,3,2812,978,1834,0,0,0,1.0,1,1.0,1,1.0,1,0.1338027639621251,51
1305,2,2814,980,1834,0,0,0,1.0,1,1.0,1,1.0,1,0.15816651467834,48
1306,4,2818,983,1835,0,0,0,1.0,1,1.0,1,1.0,1,0.1961859565973739,48
1307,2,2820,984,1836,0,0,0,1.0,1,1.0,1,1.0,1,0.14988745247686122,48
1308,2,2822,986,1836,0,0,0,1.0,1,1.0,1,1.0,1,0.19957779256751934,46
1309,1,2823,987,1836,0,0,0,1.0,1,1.0,1,1.0,1,0.20488055630717147,47
1310,3,2826,987,1839,0,0,0,1.0,1,1.0,1,1.0,1,0.14232123776414582,46
1311,1,2827,988,1839,0,0,0,1.0,1,1.0,1,1.0,1,0.1478408527939038,46
1312,2,2829,990,1839,0,0,0,1.0,1,1.0,1,1.0,1,0.17268695101377002,45
1313,1,2830,990,1840,0,0,0,1.0,1,1.0,1,1.0,1,0.18389491495659055,44
1314,1,2831,991,1840,0,0,0,1.0,1,1.0,1,1.0,1,0.18550346309938576,42
1315,2,2833,993,1840,0,0,0,1.0,1,1.0,1,1.0,1,0.22696752945259493,40
1316,9,2842,993,1849,0,0,0,1.0,1,1.0,1,1.0,1,0.07673299042576376,42
1317,2,2844,994,1850,0,0,0,1.0,1,1.0,1,1.0,1,0.07883965359845363,42
1318,2,2846,994,1852,0,0,0,1.0,1,1.0,1,1.0,1,0.07883965359845363,42
1319,3,2849,995,1854,0,0,0,1.0,1,1.0,1,1.0,1,0.12461354314704698,42
1320,1,2850,995,1855,0,0,0,1.0,1,1.0,1,1.0,1,0.11862568817869681,42
1321,1,2851,995,1856,0,0,0,1.0,1,1.0,1,1.0,1,0.10736045274557482,45
1322,1,2852,995,1857,0,0,0,1.0,1,1.0,1,1.0,1,0.09100784554226334,45
1323,1,2853,995,1858,0,0,0,1.0,1,1.0,1,1.0,1,0.07711031587784557,46
1324,0,2853,995,1858,0,0,0,1.0,1,1.0,1,1.0,1,0.09218742320957685,45
1325,4,2857,996,1861,0,0,0,1.0,1,1.0,1,1.0,1,0.07631876658218215,46
1326,1,2858,997,1861,0,0,0,1.0,1,1.0,1,1.0,1,0.1290933694287525,45
1327,1,2859,997,1862,0,0,0,1.0,1,1.0,1,1.0,1,0.1512873692610904,46
1328,1,2860,997,1863,0,0,0,1.0,1,1.0,1,1.0,1,0.13053395697317963,47
1329,2,2862,998,1864,0,0,0,1.0,1,1.0,1,1.0,1,0.11349367804142792,47
1330,2,2864,998,1866,0,0,0,1.0,1,1.0,1,1.0,1,0.11521244344557716,46
1331,1,2865,998,1867,0,0,0,1.0,1,1.0,1,1.0,1,0.10568272864820845,46
1332,1,2866,998,1868,0,0,0,1.0,1,1.0,1,1.0,1,0.12852922988307508,49
1333,0,2866,998,1868,0,0,0,1.0,1,1.0,1,1.0,1,0.13898741870970516,50
1334,3,2869,999,1870,0,0,0,1.0,1,1.0,1,1.0,1,0.1466137358450046,50
1335,1,2870,999,1871,0,0,0,1.0,1,1.0,1,1.0,1,0.1603824491748433,52
1336,1,2871,1000,1871,0,0,0,1.0,1,1.0,1,1.0,1,0.1583803003573376,53
1337,2,2873,1001,1872,0,0,0,1.0,1,1.0,1,1.0,1,0.1787420082972002,54
1338,4,2877,1002,1875,0,0,0,1.0,1,1.0,1,1.0,1,0.1654648136561485,54
1339,1,2878,1003,1875,0,0,0,1.0,1,1.0,1,1.0,1,0.18749202247864738,54
1340,0,2878,1003,1875,0,0,0,1.0,1,1.0,1,1.0,1,0.20175915989959947,53
1341,3,2881,1003,1878,0,0,0,1.0,1,1.0,1,1.0,1,0.13787494780234236,53
1342,3,2884,1006,1878,0,0,0,1.0,1,1.0,1,1.0,1,0.15260419621875615,52
1343,0,2884,1006,1878,0,0,0,1.0,1,1.0,1,1.0,1,0.13664085475730783,50
1344,2,2886,1008,1878,0,0,0,1.0,1,1.0,1,1.0,1,0.1679405025923774,51
1345,1,2887,1008,1879,0,0,0,1.0,1,1.0,1,1.0,1,0.14082015323760474,50
1346,2,2889,1010,1879,0,0,0,1.0,1,1.0,1,1.0,1,0.17296705083159028,50
1347,1,2890,1010,1880,0,0,0,1.0,1,1.0,1,1.0,1,0.13918017965309015,48
1348,2,2892,1010,1882,0,0,0,1.0,1,1.0,1,1.0,1,0.11474620835522482,49
1349,0,2892,1010,1882,0,0,0,1.0,1,1.0,1,1.0,1,0.09931086793218431,48
1350,0,2892,1010,1882,0,0,0,1.0,1,1.0,1,1.0,1,0.11502343436780975,49
1351,0,2892,1010,1882,0,0,0,1.0,1,1.0,1,1.0,1,0.09663646254350773,48
1352,4,2896,1012,1884,0,0,0,1.0,1,1.0,1,1.0,1,0.07231280179306157,49
1353,0,2896,1012,1884,0,0,0,1.0,1,1.0,1,1.0,1,0.09274572528700312,49
1354,1,2897,1013,1884,0,0,0,1.0,1,1.0,1,1.0,1,0.10834514536767416,49
1355,2,2899,1014,1885,0,0,0,1.0,1,1.0,1,1.0,1,0.1190509134663236,50
1356,4,2903,1015,1888,0,0,0,1.0,1,1.0,1,1.0,1,0.06729111056612158,50
1357,4,2907,1017,1890,0,0,0,1.0,1,1.0,1,1.0,1,0.10784864541536401,50
1358,1,2908,1018,1890,0,0,0,1.0,1,1.0,1,1.0,1,0.1338177613011038,51
1359,1,2909,1019,1890,0,0,0,1.0,1,1.0,1,1.0,1,0.16596478976051754,53
1360,1,2910,1019,1891,0,0,0,1.0,1,1.0,1,1.0,1,0.14914629086067208,54
1361,6,2916,1019,1897,0,0,0,1.0,1,1.0,1,1.0,1,0.10515632834469082,54
1362,3,2919,1020,1899,0,0,0,1.0,1,1.0,1,1.0,1,0.109424500661132,55
1363,2,2921,1020,1901,0,0,0,1.0,1,1.0,1,1.0,1,0.11388063957668187,55
1364,3,2924,1020,1904,0,0,0,1.0,1,1.0,1,1.0,1,0.13767506659676249,55
1365,6,2930,1021,1909,0,0,0,1.0,1,1.0,1,1.0,1,0.12586955336451675,56
1366,5,2935,1021,1914,0,0,0,1.0,1,1.0,1,1.0,1,0.06419811445161892,56
1367,1,2936,1021,1915,0,0,0,1.0,1,1.0,1,1.0,1,0.059560157570039136,56
1368,3,2939,1022,1917,0,0,0,1.0,1,1.0,1,1.0,1,0.0769037963768849,58
1369,1,2940,1022,1918,0,0,0,1.0,1,1.0,1,1.0,1,0.0801496596029739,59
1370,2,2942,1024,1918,0,0,0,1.0,1,1.0,1,1.0,1,0.10791581946449157,59
1371,1,2943,1024,1919,0,0,0,1.0,1,1.0,1,1.0,1,0.09817410998138544,59
1372,2,2945,1025,1920,0,0,0,1.0,1,1.0,1,1.0,1,0.1051075553086466,59
1373,3,2948,1025,1923,0,0,0,1.0,1,1.0,1,1.0,1,0.0703635240550261,59
1374,4,2952,1029,1923,0,0,0,1.0,1,1.0,1,1.0,1,0.10715139017053708,60
1375,3,2955,1029,1926,0,0,0,1.0,1,1.0,1,1.0,1,0.08662305884012232,61
1376,2,2957,1029,1928,0,0,0,1.0,1,1.0,1,1.0,1,0.10533056011849318,61
1377,1,2958,1030,1928,0,0,0,1.0,1,1.0,1,1.0,1,0.11475947595621455,61
1378,1,2959,1031,1928,0,0,0,1.0,1,1.0,1,1.0,1,0.14288868301393906,61
1379,0,2959,1031,1928,0,0,0,1.0,1,1.0,1,1.0,1,0.13856308758305289,60
1380,1,2960,1032,1928,0,0,0,1.0,1,1.0,1,1.0,1,0.15466535282330038,60
1381,2,2962,1032,1930,0,0,0,1.0,1,1.0,1,1.0,1,0.12142324645701238,58
1382,2,2964,1033,1931,0,0,0,1.0,1,1.0,1,1.0,1,0.13267927778650332,58
1383,6,2970,1036,1934,0,0,0,1.0,1,1.0,1,1.0,1,0.10026141416201917,57
1384,2,2972,1038,1934,0,0,0,1.0,1,1.0,1,1.0,1,0.11899292923380042,54
1385,1,2973,1039,1934,0,0,0,1.0,1,1.0,1,1.0,1,0.11259745681708806,52
1386,3,2976,1040,1936,0,0,0,1.0,1,1.0,1,1.0,1,0.09288150004649962,51
1387,2,2978,1041,1937,0,0,0,1.0,1,1.0,1,1.0,1,0.11303407253127595,51
1388,2,2980,1043,1937,0,0,0,1.0,1,1.0,1,1.0,1,0.09930737045462831,52
1389,0,2980,1043,1937,0,0,0,1.0,1,1.0,1,1.0,1,0.16284058644362853,50
1390,2,2982,1045,1937,0,0,0,1.0,1,1.0,1,1.0,1,0.13635396717437817,51
1391,3,2985,1045,1940,0,0,0,1.0,1,1.0,1,1.0,1,0.10850067177430671,50
1392,1,2986,1046,1940,0,0,0,1.0,1,1.0,1,1.0,1,0.09966933044884001,50
1393,0,2986,1046,1940,0,0,0,1.0,1,1.0,1,1.0,1,0.12525445476549785,49
1394,2,2988,1047,1941,0,0,0,1.0,1,1.0,1,1.0,1,0.15655267955339386,50
1395,0,2988,1047,1941,0,0,0,1.0,1,1.0,1,1.0,1,0.16229395962133858,51
1396,5,2993,1048,1945,0,0,0,1.0,1,1.0,1,1.0,1,0.13511549933079586,52
1397,2,2995,1049,1946,0,0,0,1.0,1,1.0,1,1.0,1,0.12222420439321577,52
1398,1,2996,1050,1946,0,0,0,1.0,1,1.0,1,1.0,1,0.13148730665874844,53
1399,3,2999,1052,1947,0,0,0,1.0,1,1.0,1,1.0,1,0.18959687166681427,54
1400,3,3002,1052,1950,0,0,0,1.0,1,1.0,1,1.0,1,0.14229060402709096,54
1401,0,3002,1052,1950,0,0,0,1.0,1,1.0,1,1.0,1,0.14229060402709096,54
1402,1,3003,1053,1950,0,0,0,1.0,1,1.0,1,1.0,1,0.16150889319021128,53
1403,1,3004,1054,1950,0,0,0,1.0,1,1.0,1,1.0,1,0.20257433993748142,52
1404,0,3004,1054,1950,0,0,0,1.0,1,1.0,1,1.0,1,0.21099296118025448,53
1405,0,3004,1054,1950,0,0,0,1.0,1,1.0,1,1.0,1,0.21432104367587115,52
1406,3,3007,1054,1953,0,0,0,1.0,1,1.0,1,1.0,1,0.18755347111904755,53
1407,2,3009,1054,1955,0,0,0,1.0,1,1.0,1,1.0,1,0.17256048293504916,54
1408,0,3009,1054,1955,0,0,0,1.0,1,1.0,1,1.0,1,0.1876587398853601,53
1409,0,3009,1054,1955,0,0,0,1.0,1,1.0,1,1.0,1,0.1884808988726127,55
1410,0,3009,1054,1955,0,0,0,1.0,1,1.0,1,1.0,1,0.18863710149768917,54
1411,4,3013,1054,1959,0,0,0,1.0,1,1.0,1,1.0,1,0.15969001833919186,54
1412,0,3013,1054,1959,0,0,0,1.0,1,1.0,1,1.0,1,0.1631729060354487,53
1413,0,3013,1054,1959,0,0,0,1.0,1,1.0,1,1.0,1,0.15113458971015364,54
1414,1,3014,1054,1960,0,0,0,1.0,1,1.0,1,1.0,1,0.1609878431667162,55
1415,2,3016,1055,1961,0,0,0,1.0,1,1.0,1,1.0,1,0.13102013504550938,57
1416,4,3020,1056,1964,0,0,0,1.0,1,1.0,1,1.0,1,0.13447007803959143,59
1417,3,3023,1058,1965,0,0,0,1.0,1,1.0,1,1.0,1,0.1817002255051365,58
1418,4,3027,1059,1968,0,0,0,1.0,1,1.0,1,1.0,1,0.16078586454817187,57
1419,2,3029,1061,1968,0,0,0,1.0,1,1.0,1,1.0,1,0.17780612629447168,56
1420,3,3032,1062,1970,0,0,0,1.0,1,1.0,1,1.0,1,0.19675565569850767,54
1421,2,3034,1062,1972,0,0,0,1.0,1,1.0,1,1.0,1,0.1608663361269266,55
1422,0,3034,1062,1972,0,0,0,1.0,1,1.0,1,1.0,1,0.15032342171929075,52
1423,4,3038,1064,1974,0,0,0,1.0,1,1.0,1,1.0,1,0.16518522559355128,52
1424,3,3041,1067,1974,0,0,0,1.0,1,1.0,1,1.0,1,0.17559814916556515,51
1425,2,3043,1067,1976,0,0,0,1.0,1,1.0,1,1.0,1,0.12931737762503273,50
1426,4,3047,1069,1978,0,0,0,1.0,1,1.0,1,1.0,1,0.10371191341450808,50
1427,1,3048,1069,1979,0,0,0,1.0,1,1.0,1,1.0,1,0.12738716278701975,48
1428,2,3050,1071,1979,0,0,0,1.0,1,1.0,1,1.0,1,0.17595994318180772,48
1429,1,3051,1071,1980,0,0,0,1.0,1,1.0,1,1.0,1,0.191635175402239,48
1430,2,3053,1072,1981,0,0,0,1.0,1,1.0,1,1.0,1,0.17246008384017628,48
1431,3,3056,1072,1984,0,0,0,1.0,1,1.0,1,1.0,1,0.14985283971778607,48
1432,0,3056,1072,1984,0,0,0,1.0,1,1.0,1,1.0,1,0.12080130442445913,50
1433,3,3059,1074,1985,0,0,0,1.0,1,1.0,1,1.0,1,0.10432925239712063,51
1434,2,3061,1075,1986,0,0,0,1.0,1,1.0,1,1.0,1,0.14355811841550212,51
1435,8,3069,1079,1990,0,0,0,1.0,1,1.0,1,1.0,1,0.1827664488544022,50
1436,5,3074,1079,1995,0,0,0,1.0,1,1.0,1,1.0,1,0.1390398670626088,51
1437,1,3075,1079,1996,0,0,0,1.0,1,1.0,1,1.0,1,0.1200221719991552,51
1438,1,3076,1080,1996,0,0,0,1.0,1,1.0,1,1.0,1,0.13685903397507732,51
1439,4,3080,1082,1998,0,0,0,1.0,1,1.0,1,1.0,1,0.14743028160846675,50
1440,5,3085,1083,2002,0,0,0,1.0,1,1.0,1,1.0,1,0.18512087325385193,51
1441,3,3088,1083,2005,0,0,0,1.0,1,1.0,1,1.0,1,0.14772675984609884,51
1442,3,3091,1084,2007,0,0,0,1.0,1,1.0,1,1.0,1,0.1341039724309001,52
1443,4,3095,1084,2011,0,0,0,1.0,1,1.0,1,1.0,1,0.14036904956507296,53
1444,2,3097,1084,2013,0,0,0,1.0,1,1.0,1,1.0,1,0.13765997014937115,54
1445,3,3100,1085,2015,0,0,0,1.0,1,1.0,1,1.0,1,0.14397823967968199,54
1446,5,3105,1085,2020,0,0,0,1.0,1,1.0,1,1.0,1,0.14729613956100282,54
1447,1,3106,1085,2021,0,0,0,1.0,1,1.0,1,1.0,1,0.1024842107987804,55
1448,1,3107,1085,2022,0,0,0,1.0,1,1.0,1,1.0,1,0.0988669334144751,55
1449,0,3107,1085,2022,0,0,0,1.0,1,1.0,1,1.0,1,0.0988669334144751,55
1450,1,3108,1085,2023,0,0,0,1.0,1,1.0,1,1.0,1,0.10540517100290497,57
1451,2,3110,1085,2025,0,0,0,1.0,1,1.0,1,1.0,1,0.06897225773810205,57
1452,1,3111,1085,2026,0,0,0,1.0,1,1.0,1,1.0,1,0.05146418350129218,57
1453,2,3113,1087,2026,0,0,0,1.0,1,1.0,1,1.0,1,0.1024321534389484,57
1454,3,3116,1088,2028,0,0,0,1.0,1,1.0,1,1.0,1,0.12340861764559037,58
1455,0,3116,1088,2028,0,0,0,1.0,1,1.0,1,1.0,1,0.12226569327867325,56
1456,3,3119,1089,2030,0,0,0,1.0,1,1.0,1,1.0,1,0.0992665121653916,55
1457,0,3119,1089,2030,0,0,0,1.0,1,1.0,1,1.0,1,0.11761347429561438,54
1458,3,3122,1090,2032,0,0,0,1.0,1,1.0,1,1.0,1,0.10491736101664208,53
1459,3,3125,1091,2034,0,0,0,1.0,1,1.0,1,1.0,1,0.11997818163529025,52
1460,0,3125,1091,2034,0,0,0,1.0,1,1.0,1,1.0,1,0.1238497930244307,51
1461,5,3130,1093,2037,0,0,0,1.0,1,1.0,1,1.0,1,0.09663271558796013,51
1462,1,3131,1094,2037,0,0,0,1.0,1,1.0,1,1.0,1,0.09866221116873047,51
1463,3,3134,1097,2037,0,0,0,1.0,1,1.0,1,1.0,1,0.141374158392396,52
1464,3,3137,1098,2039,0,0,0,1.0,1,1.0,1,1.0,1,0.15226163457558686,52
1465,4,3141,1100,2041,0,0,0,1.0,1,1.0,1,1.0,1,0.16863185945956932,51
1466,12,3153,1106,2047,0,0,0,1.0,1,1.0,1,1.0,1,0.15130098965691027,50
1467,1,3154,1107,2047,0,0,0,1.0,1,1.0,1,1.0,1,0.15869992116761872,48
1468,9,3163,1111,2052,0,0,0,1.0,1,1.0,1,1.0,1,0.1107891809868947,48
1469,4,3167,1113,2054,0,0,0,1.0,1,1.0,1,1.0,1,0.16724616216566235,48
1470,2,3169,1115,2054,0,0,0,1.0,1,1.0,1,1.0,1,0.19239368630691192,48
1471,6,3175,1117,2058,0,0,0,1.0,1,1.0,1,1.0,1,0.17426023728003642,45
1472,1,3176,1117,2059,0,0,0,1.0,1,1.0,1,1.0,1,0.14182171155045004,45
1473,3,3179,1118,2061,0,0,0,1.0,1,1.0,1,1.0,1,0.14466707514667826,46
1474,3,3182,1118,2064,0,0,0,1.0,1,1.0,1,1.0,1,0.10211664498918681,46
1475,2,3184,1119,2065,0,0,0,1.0,1,1.0,1,1.0,1,0.10169603507237683,46
1476,2,3186,1119,2067,0,0,0,1.0,1,1.0,1,1.0,1,0.08364698842058473,47
1477,0,3186,1119,2067,0,0,0,1.0,1,1.0,1,1.0,1,0.08364698842058473,47
1478,3,3189,1119,2070,0,0,0,1.0,1,1.0,1,1.0,1,0.07480179406260672,47
1479,0,3189,1119,2070,0,0,0,1.0,1,1.0,1,1.0,1,0.06463612914034214,48
1480,1,3190,1120,2070,0,0,0,1.0,1,1.0,1,1.0,1,0.1174278026518679,47
1481,1,3191,1121,2070,0,0,0,1.0,1,1.0,1,1.0,1,0.12223817425639011,47
1482,2,3193,1122,2071,0,0,0,1.0,1,1.0,1,1.0,1,0.13347561202758026,46
1483,1,3194,1123,2071,0,0,0,1.0,1,1.0,1,1.0,1,0.1363456074567816,47
1484,1,3195,1123,2072,0,0,0,1.0,1,1.0,1,1.0,1,0.14075238838140172,47
1485,0,3195,1123,2072,0,0,0,1.0,1,1.0,1,1.0,1,0.18275649809995106,47
1486,3,3198,1123,2075,0,0,0,1.0,1,1.0,1,1.0,1,0.1525311162829584,49
1487,2,3200,1125,2075,0,0,0,1.0,1,1.0,1,1.0,1,0.1597440715938677,49
1488,3,3203,1126,2077,0,0,0,1.0,1,1.0,1,1.0,1,0.1505850376741312,51
1489,2,3205,1127,2078,0,0,0,1.0,1,1.0,1,1.0,1,0.15187395078245303,52
1490,0,3205,1127,2078,0,0,0,1.0,1,1.0,1,1.0,1,0.15187395078245303,52
1491,5,3210,1129,2081,0,0,0,1.0,1,1.0,1,1.0,1,0.11239502591817747,53
1492,5,3215,1131,2084,0,0,0,1.0,1,1.0,1,1.0,1,0.14395485021120316,53
1493,5,3220,1133,2087,0,0,0,1.0,1,1.0,1,1.0,1,0.12019179988677912,52
1494,2,3222,1133,2089,0,0,0,1.0,1,1.0,1,1.0,1,0.11374540116775436,50
1495,3,3225,1134,2091,0,0,0,1.0,1,1.0,1,1.0,1,0.12060158241845995,50
1496,5,3230,1135,2095,0,0,0,1.0,1,1.0,1,1.0,1,0.11125182465881907,52
1497,2,3232,1137,2095,0,0,0,1.0,1,1.0,1,1.0,1,0.15880656400077653,51
1498,2,3234,1138,2096,0,0,0,1.0,1,1.0,1,1.0,1,0.1823276021314617,50
1499,5,3239,1138,2101,0,0,0,1.0,1,1.0,1,1.0,1,0.14956992706650815,50
1500,2,3241,1139,2102,0,0,0,1.0,1,1.0,1,1.0,1,0.13307231772021968,49
1501,5,3246,1140,2106,0,0,0,1.0,1,1.0,1,1.0,1,0.11182961055283842,47
1502,3,3249,1143,2106,0,0,0,1.0,1,1.0,1,1.0,1,0.17828907199203467,47
1503,2,3251,1143,2108,0,0,0,1.0,1,1.0,1,1.0,1,0.141153522378703,47
1504,5,3256,1145,2111,0,0,0,1.0,1,1.0,1,1.0,1,0.153215611567878,48
1505,4,3260,1148,2112,0,0,0,1.0,1,1.0,1,1.0,1,0.12451480796489135,47
1506,3,3263,1150,2113,0,0,0,1.0,1,1.0,1,1.0,1,0.12408144398984804,47
1507,2,3265,1152,2113,0,0,0,1.0,1,1.0,1,1.0,1,0.15056540842271682,45
1508,4,3269,1155,2114,0,0,0,1.0,1,1.0,1,1.0,1,0.15867888762297214,45
1509,2,3271,1156,2115,0,0,0,1.0,1,1.0,1,1.0,1,0.1528585610170085,44
1510,3,3274,1159,2115,0,0,0,1.0,1,1.0,1,1.0,1,0.2500518013446785,42
1511,4,3278,1159,2119,0,0,0,1.0,1,1.0,1,1.0,1,0.20163161899191695,40
1512,5,3283,1163,2120,0,0,0,1.0,1,1.0,1,1.0,1,0.2958776605727157,39
1513,6,3289,1163,2126,0,0,0,1.0,1,1.0,1,1.0,1,0.18156419622641456,39
1514,0,3289,1163,2126,0,0,0,1.0,1,1.0,1,1.0,1,0.19640397525475314,38
1515,3,3292,1164,2128,0,0,0,1.0,1,1.0,1,1.0,1,0.1663945157731292,39
1516,1,3293,1164,2129,0,0,0,1.0,1,1.0,1,1.0,1,0.14686793396344605,39
1517,3,3296,1166,2130,0,0,0,1.0,1,1.0,1,1.0,1,0.17140964180578802,39
1518,1,3297,1166,2131,0,0,0,1.0,1,1.0,1,1.0,1,0.1636859827442802,39
1519,2,3299,1166,2133,0,0,0,1.0,1,1.0,1,1.0,1,0.13887634860727696,39
1520,4,3303,1167,2136,0,0,0,1.0,1,1.0,1,1.0,1,0.1479886108117407,39
1521,3,3306,1168,2138,0,0,0,1.0,1,1.0,1,1.0,1,0.1255122592438603,40
1522,0,3306,1168,2138,0,0,0,1.0,1,1.0,1,1.0,1,0.1255122592438603,40
1523,0,3306,1168,2138,0,0,0,1.0,1,1.0,1,1.0,1,0.1413687354361767,41
1524,2,3308,1168,2140,0,0,0,1.0,1,1.0,1,1.0,1,0.15271073288492437,42
1525,2,3310,1168,2142,0,0,0,1.0,1,1.0,1,1.0,1,0.1193381603047605,45
1526,1,3311,1168,2143,0,0,0,1.0,1,1.0,1,1.0,1,0.12429504801996033,46
1527,0,3311,1168,2143,0,0,0,1.0,1,1.0,1,1.0,1,0.12429504801996033,46
1528,1,3312,1168,2144,0,0,0,1.0,1,1.0,1,1.0,1,0.12360389789832893,47
1529,1,3313,1168,2145,0,0,0,1.0,1,1.0,1,1.0,1,0.09530751389787269,47
1530,1,3314,1168,2146,0,0,0,1.0,1,1.0,1,1.0,1,0.10768732683957483,48
1531,2,3316,1168,2148,0,0,0,1.0,1,1.0,1,1.0,1,0.09416113659482983,46
1532,2,3318,1169,2149,0,0,0,1.0,1,1.0,1,1.0,1,0.11606619518588755,47
1533,0,3318,1169,2149,0,0,0,1.0,1,1.0,1,1.0,1,0.1008281686245952,46
1534,3,3321,1169,2152,0,0,0,1.0,1,1.0,1,1.0,1,0.07262306824907906,47
1535,1,3322,1169,2153,0,0,0,1.0,1,1.0,1,1.0,1,0.05192051545624418,47
1536,0,3322,1169,2153,0,0,0,1.0,1,1.0,1,1.0,1,0.04820099450361497,48
1537,0,3322,1169,2153,0,0,0,1.0,1,1.0,1,1.0,1,0.06266356089422602,46
1538,0,3322,1169,2153,0,0,0,1.0,1,1.0,1,1.0,1,0.05649022125610369,47
1539,1,3323,1170,2153,0,0,0,1.0,1,1.0,1,1.0,1,0.1254445632174442,47
1540,3,3326,1171,2155,0,0,0,1.0,1,1.0,1,1.0,1,0.10088611661975466,47
1541,1,3327,1171,2156,0,0,0,1.0,1,1.0,1,1.0,1,0.08895226052185526,47
1542,5,3332,1175,2157,0,0,0,1.0,1,1.0,1,1.0,1,0.1440735355301741,50
1543,2,3334,1177,2157,0,0,0,1.0,1,1.0,1,1.0,1,0.13946922483598803,47
1544,4,3338,1179,2159,0,0,0,1.0,1,1.0,1,1.0,1,0.1260336145021941,48
1545,3,3341,1180,2161,0,0,0,1.0,1,1.0,1,1.0,1,0.10556797612698951,47
1546,2,3343,1182,2161,0,0,0,1.0,1,1.0,1,1.0,1,0.1167916774381701,47
1547,8,3351,1186,2165,0,0,0,1.0,1,1.0,1,1.0,1,0.1612015655248915,47
1548,4,3355,1189,2166,0,0,0,1.0,1,1.0,1,1.0,1,0.14813092084116694,47
1549,4,3359,1192,2167,0,0,0,1.0,1,1.0,1,1.0,1,0.18766958741875156,46
1550,7,3366,1194,2172,0,0,0,1.0,1,1.0,1,1.0,1,0.12217672430019988,44
1551,8,3374,1198,2176,0,0,0,1.0,1,1.0,1,1.0,1,0.09942472829078465,45
1552,3,3377,1201,2176,0,0,0,1.0,1,1.0,1,1.0,1,0.13278131161408552,43
1553,4,3381,1203,2178,0,0,0,1.0,1,1.0,1,1.0,1,0.1945628650064197,43
1554,4,3385,1203,2182,0,0,0,1.0,1,1.0,1,1.0,1,0.17829317157683677,41
1555,2,3387,1204,2183,0,0,0,1.0,1,1.0,1,1.0,1,0.22650476002540426,44
1556,8,3395,1205,2190,0,0,0,1.0,1,1.0,1,1.0,1,0.17540468068643805,45
1557,4,3399,1205,2194,0,0,0,1.0,1,1.0,1,1.0,1,0.17540468068643805,45
1558,1,3400,1205,2195,0,0,0,1.0,1,1.0,1,1.0,1,0.14133752418544782,46
1559,4,3404,1206,2198,0,0,0,1.0,1,1.0,1,1.0,1,0.13049980450286708,47
1560,2,3406,1208,2198,0,0,0,1.0,1,1.0,1,1.0,1,0.1205967341236474,46
1561,2,3408,1208,2200,0,0,0,1.0,1,1.0,1,1.0,1,0.10773244632218437,47
1562,2,3410,1208,2202,0,0,0,1.0,1,1.0,1,1.0,1,0.10670921804342555,47
1563,0,3410,1208,2202,0,0,0,1.0,1,1.0,1,1.0,1,0.10670921804342555,47
1564,0,3410,1208,2202,0,0,0,1.0,1,1.0,1,1.0,1,0.10670921804342555,47
1565,1,3411,1208,2203,0,0,0,1.0,1,1.0,1,1.0,1,0.09622379904816478,48
1566,1,3412,1208,2204,0,0,0,1.0,1,1.0,1,1.0,1,0.0773731418214915,48
1567,0,3412,1208,2204,0,0,0,1.0,1,1.0,1,1.0,1,0.12094593873368903,48
1568,2,3414,1209,2205,0,0,0,1.0,1,1.0,1,1.0,1,0.0974769921509075,48
1569,0,3414,1209,2205,0,0,0,1.0,1,1.0,1,1.0,1,0.09463478588767694,45
1570,1,3415,1210,2205,0,0,0,1.0,1,1.0,1,1.0,1,0.0968371109685561,44
1571,1,3416,1211,2205,0,0,0,1.0,1,1.0,1,1.0,1,0.14345933369708613,42
1572,0,3416,1211,2205,0,0,0,1.0,1,1.0,1,1.0,1,0.14708741645986084,43
1573,3,3419,1212,2207,0,0,0,1.0,1,1.0,1,1.0,1,0.12646341976845862,43
1574,2,3421,1214,2207,0,0,0,1.0,1,1.0,1,1.0,1,0.16105216208890208,42
1575,3,3424,1216,2208,0,0,0,1.0,1,1.0,1,1.0,1,0.20249635271950878,43
1576,7,3431,1218,2213,0,0,0,1.0,1,1.0,1,1.0,1,0.14481361996621414,41
1577,3,3434,1220,2214,0,0,0,1.0,1,1.0,1,1.0,1,0.17727811835404708,40
1578,0,3434,1220,2214,0,0,0,1.0,1,1.0,1,1.0,1,0.17515934648784498,40
1579,1,3435,1220,2215,0,0,0,1.0,1,1.0,1,1.0,1,0.18253378591432395,40
1580,3,3438,1220,2218,0,0,0,1.0,1,1.0,1,1.0,1,0.14718133049908907,40
1581,2,3440,1221,2219,0,0,0,1.0,1,1.0,1,1.0,1,0.14644853770346042,40
1582,8,3448,1226,2222,0,0,0,1.0,1,1.0,1,1.0,1,0.16266862692798015,40
1583,2,3450,1227,2223,0,0,0,1.0,1,1.0,1,1.0,1,0.15248184371427578,38
1584,3,3453,1229,2224,0,0,0,1.0,1,1.0,1,1.0,1,0.13816381375248016,39
1585,2,3455,1231,2224,0,0,0,1.0,1,1.0,1,1.0,1,0.16360020354041727,38
1586,4,3459,1233,2226,0,0,0,1.0,1,1.0,1,1.0,1,0.11322824844843477,38
1587,4,3463,1236,2227,0,0,0,1.0,1,1.0,1,1.0,1,0.10333620874228881,37
1588,4,3467,1238,2229,0,0,0,1.0,1,1.0,1,1.0,1,0.14898264935468136,39
1589,3,3470,1239,2231,0,0,0,1.0,1,1.0,1,1.0,1,0.12607617474353078,37
1590,1,3471,1240,2231,0,0,0,1.0,1,1.0,1,1.0,1,0.16291417480707107,37
1591,2,3473,1240,2233,0,0,0,1.0,1,1.0,1,1.0,1,0.13743453920759677,36
1592,2,3475,1240,2235,0,0,0,1.0,1,1.0,1,1.0,1,0.1877136857728846,34
1593,5,3480,1242,2238,0,0,0,1.0,1,1.0,1,1.0,1,0.15248440377353403,33
1594,0,3480,1242,2238,0,0,0,1.0,1,1.0,1,1.0,1,0.2209431071811936,31
1595,1,3481,1242,2239,0,0,0,1.0,1,1.0,1,1.0,1,0.1827046129252596,34
1596,2,3483,1242,2241,0,0,0,1.0,1,1.0,1,1.0,1,0.14554058167824202,33
1597,0,3483,1242,2241,0,0,0,1.0,1,1.0,1,1.0,1,0.14554058167824202,33
1598,0,3483,1242,2241,0,0,0,1.0,1,1.0,1,1.0,1,0.16743022434581323,33
1599,0,3483,1242,2241,0,0,0,1.0,1,1.0,1,1.0,1,0.16743022434581323,33
1600,3,3486,1244,2242,0,0,0,1.0,1,1.0,1,1.0,1,0.186095260179891,34
1601,5,3491,1244,2247,0,0,0,1.0,1,1.0,1,1.0,1,0.1405631304732462,35
1602,2,3493,1244,2249,0,0,0,1.0,1,1.0,1,1.0,1,0.13418296174097957,36
1603,6,3499,1245,2254,0,0,0,1.0,1,1.0,1,1.0,1,0.13417227893340195,38
1604,2,3501,1245,2256,0,0,0,1.0,1,1.0,1,1.0,1,0.12875552533265913,38
1605,1,3502,1246,2256,0,0,0,1.0,1,1.0,1,1.0,1,0.12036548389853204,38
1606,3,3505,1247,2258,0,0,0,1.0,1,1.0,1,1.0,1,0.15926571925540609,39
1607,1,3506,1248,2258,0,0,0,1.0,1,1.0,1,1.0,1,0.1874371938691536,37
1608,3,3509,1249,2260,0,0,0,1.0,1,1.0,1,1.0,1,0.21037475294996844,36
1609,2,3511,1249,2262,0,0,0,1.0,1,1.0,1,1.0,1,0.2369279129380351,34
1610,3,3514,1250,2264,0,0,0,1.0,1,1.0,1,1.0,1,0.24343580977279433,34
1611,5,3519,1250,2269,0,0,0,1.0,1,1.0,1,1.0,1,0.15556360846103262,35
1612,1,3520,1250,2270,0,0,0,1.0,1,1.0,1,1.0,1,0.17830510092035917,33
1613,2,3522,1251,2271,0,0,0,1.0,1,1.0,1,1.0,1,0.16969630001088246,34
1614,3,3525,1251,2274,0,0,0,1.0,1,1.0,1,1.0,1,0.17903986856918905,35
1615,1,3526,1251,2275,0,0,0,1.0,1,1.0,1,1.0,1,0.21652428876034194,35
1616,4,3530,1251,2279,0,0,0,1.0,1,1.0,1,1.0,1,0.15964580638276685,37
1617,4,3534,1252,2282,0,0,0,1.0,1,1.0,1,1.0,1,0.1854527028932003,38
1618,4,3538,1252,2286,0,0,0,1.0,1,1.0,1,1.0,1,0.18720838313842297,38
1619,3,3541,1253,2288,0,0,0,1.0,1,1.0,1,1.0,1,0.15634336108106245,38
1620,2,3543,1253,2290,0,0,0,1.0,1,1.0,1,1.0,1,0.1517171158540125,39
1621,4,3547,1253,2294,0,0,0,1.0,1,1.0,1,1.0,1,0.08698119626331431,37
1622,3,3550,1255,2295,0,0,0,1.0,1,1.0,1,1.0,1,0.11012119205616654,37
1623,1,3551,1256,2295,0,0,0,1.0,1,1.0,1,1.0,1,0.13684308935042755,37
1624,1,3552,1256,2296,0,0,0,1.0,1,1.0,1,1.0,1,0.07900609111936434,37
1625,2,3554,1257,2297,0,0,0,1.0,1,1.0,1,1.0,1,0.1317828839463172,35
1626,1,3555,1258,2297,0,0,0,1.0,1,1.0,1,1.0,1,0.15833534756750434,35
1627,2,3557,1259,2298,0,0,0,1.0,1,1.0,1,1.0,1,0.12713037710033048,34
1628,2,3559,1261,2298,0,0,0,1.0,1,1.0,1,1.0,1,0.18771008214635657,35
1629,2,3561,1263,2298,0,0,0,1.0,1,1.0,1,1.0,1,0.25411591419285623,34
1630,0,3561,1263,2298,0,0,0,1.0,1,1.0,1,1.0,1,0.24164692852406258,32
1631,6,3567,1264,2303,0,0,0,1.0,1,1.0,1,1.0,1,0.0641902991514118,33
1632,1,3568,1265,2303,0,0,0,1.0,1,1.0,1,1.0,1,0.12423330563124528,32
1633,0,3568,1265,2303,0,0,0,1.0,1,1.0,1,1.0,1,0.10580290018232551,31
1634,0,3568,1265,2303,0,0,0,1.0,1,1.0,1,1.0,1,0.10580290018232551,31
1635,1,3569,1265,2304,0,0,0,1.0,1,1.0,1,1.0,1,0.12801790875664837,31
1636,1,3570,1265,2305,0,0,0,1.0,1,1.0,1,1.0,1,0.1334272461946903,33
1637,0,3570,1265,2305,0,0,0,1.0,1,1.0,1,1.0,1,0.1334272461946903,33
1638,1,3571,1265,2306,0,0,0,1.0,1,1.0,1,1.0,1,0.12443242994048562,36
1639,0,3571,1265,2306,0,0,0,1.0,1,1.0,1,1.0,1,0.12443242994048562,36
1640,1,3572,1266,2306,0,0,0,1.0,1,1.0,1,1.0,1,0.1649430597571166,36
1641,4,3576,1266,2310,0,0,0,1.0,1,1.0,1,1.0,1,0.1379751714424516,38
1642,0,3576,1266,2310,0,0,0,1.0,1,1.0,1,1.0,1,0.15826088608994174,37
1643,1,3577,1267,2310,0,0,0,1.0,1,1.0,1,1.0,1,0.1520753272423014,37
1644,4,3581,1269,2312,0,0,0,1.0,1,1.0,1,1.0,1,0.18262469456317584,38
1645,1,3582,1269,2313,0,0,0,1.0,1,1.0,1,1.0,1,0.1579134780278328,36
1646,0,3582,1269,2313,0,0,0,1.0,1,1.0,1,1.0,1,0.17192420360770702,37
1647,0,3582,1269,2313,0,0,0,1.0,1,1.0,1,1.0,1,0.21427109802194153,35
1648,1,3583,1270,2313,0,0,0,1.0,1,1.0,1,1.0,1,0.2737662865302678,38
1649,1,3584,1271,2313,0,0,0,1.0,1,1.0,1,1.0,1,0.23887854703216183,35
1650,0,3584,1271,2313,0,0,0,1.0,1,1.0,1,1.0,1,0.25480009760745764,34
1651,0,3584,1271,2313,0,0,0,1.0,1,1.0,1,1.0,1,0.25330013517757377,32
1652,0,3584,1271,2313,0,0,0,1.0,1,1.0,1,1.0,1,0.26558530857933055,33
1653,0,3584,1271,2313,0,0,0,1.0,1,1.0,1,1.0,1,0.26558530857933055,33
1654,1,3585,1271,2314,0,0,0,1.0,1,1.0,1,1.0,1,0.2479084074743165,34
1655,9,3594,1272,2322,0,0,0,1.0,1,1.0,1,1.0,1,0.15554337391645193,35
1656,1,3595,1272,2323,0,0,0,1.0,1,1.0,1,1.0,1,0.1187675940869448,35
1657,2,3597,1272,2325,0,0,0,1.0,1,1.0,1,1.0,1,0.10613467207057077,36
1658,1,3598,1272,2326,0,0,0,1.0,1,1.0,1,1.0,1,0.0657100961220587,36
1659,0,3598,1272,2326,0,0,0,1.0,1,1.0,1,1.0,1,0.0657100961220587,36
1660,5,3603,1275,2328,0,0,0,1.0,1,1.0,1,1.0,1,0.13260464953195797,38
1661,2,3605,1275,2330,0,0,0,1.0,1,1.0,1,1.0,1,0.08051459888421751,38
1662,3,3608,1278,2330,0,0,0,1.0,1,1.0,1,1.0,1,0.1278947178098117,39
1663,2,3610,1279,2331,0,0,0,1.0,1,1.0,1,1.0,1,0.14694750482754115,40
1664,3,3613,1282,2331,0,0,0,1.0,1,1.0,1,1.0,1,0.2258428118916331,39
1665,2,3615,1282,2333,0,0,0,1.0,1,1.0,1,1.0,1,0.19296474279395767,40
1666,4,3619,1283,2336,0,0,0,1.0,1,1.0,1,1.0,1,0.1729912894377172,40
1667,1,3620,1283,2337,0,0,0,1.0,1,1.0,1,1.0,1,0.16105605828027245,40
1668,4,3624,1285,2339,0,0,0,1.0,1,1.0,1,1.0,1,0.14857842316869083,41
1669,1,3625,1285,2340,0,0,0,1.0,1,1.0,1,1.0,1,0.13897495557471545,40
1670,3,3628,1287,2341,0,0,0,1.0,1,1.0,1,1.0,1,0.17250036223335827,40
1671,3,3631,1287,2344,0,0,0,1.0,1,1.0,1,1.0,1,0.12530796860430363,41
1672,3,3634,1289,2345,0,0,0,1.0,1,1.0,1,1.0,1,0.19644541628973236,40
1673,1,3635,1290,2345,0,0,0,1.0,1,1.0,1,1.0,1,0.22999768953019706,39
1674,1,3636,1290,2346,0,0,0,1.0,1,1.0,1,1.0,1,0.21125403908743248,40
1675,0,3636,1290,2346,0,0,0,1.0,1,1.0,1,1.0,1,0.2112185503667456,38
1676,2,3638,1290,2348,0,0,0,1.0,1,1.0,1,1.0,1,0.1314337199260367,39
1677,0,3638,1290,2348,0,0,0,1.0,1,1.0,1,1.0,1,0.13185009070872733,39
1678,2,3640,1290,2350,0,0,0,1.0,1,1.0,1,1.0,1,0.10980369580973473,39
1679,1,3641,1291,2350,0,0,0,1.0,1,1.0,1,1.0,1,0.1263614885443494,39
1680,8,3649,1293,2356,0,0,0,1.0,1,1.0,1,1.0,1,0.16228680340667623,41
1681,8,3657,1295,2362,0,0,0,1.0,1,1.0,1,1.0,1,0.10724643180426337,41
1682,1,3658,1295,2363,0,0,0,1.0,1,1.0,1,1.0,1,0.06258127008887539,43
1683,3,3661,1296,2365,0,0,0,1.0,1,1.0,1,1.0,1,0.1413916339487157,43
1684,3,3664,1298,2366,0,0,0,1.0,1,1.0,1,1.0,1,0.15207147528776785,42
1685,2,3666,1298,2368,0,0,0,1.0,1,1.0,1,1.0,1,0.2024929017121473,41
1686,9,3675,1300,2375,0,0,0,1.0,1,1.0,1,1.0,1,0.10819819908545429,41
1687,3,3678,1302,2376,0,0,0,1.0,1,1.0,1,1.0,1,0.1650325528973872,40
1688,2,3680,1304,2376,0,0,0,1.0,1,1.0,1,1.0,1,0.11963000496066115,39
1689,1,3681,1304,2377,0,0,0,1.0,1,1.0,1,1.0,1,0.1504658526407436,38
1690,1,3682,1304,2378,0,0,0,1.0,1,1.0,1,1.0,1,0.1537620327233728,38
1691,2,3684,1305,2379,0,0,0,1.0,1,1.0,1,1.0,1,0.12057124079006955,36
1692,0,3684,1305,2379,0,0,0,1.0,1,1.0,1,1.0,1,0.1254444337702183,36
1693,2,3686,1307,2379,0,0,0,1.0,1,1.0,1,1.0,1,0.16009734295373387,35
1694,0,3686,1307,2379,0,0,0,1.0,1,1.0,1,1.0,1,0.16690824445090363,33
1695,0,3686,1307,2379,0,0,0,1.0,1,1.0,1,1.0,1,0.1571528819793436,34
1696,2,3688,1308,2380,0,0,0,1.0,1,1.0,1,1.0,1,0.1725289004160332,35
1697,0,3688,1308,2380,0,0,0,1.0,1,1.0,1,1.0,1,0.17643185358010666,36
1698,1,3689,1309,2380,0,0,0,1.0,1,1.0,1,1.0,1,0.19644902167921044,38
1699,1,3690,1310,2380,0,0,0,1.0,1,1.0,1,1.0,1,0.22328499651557623,38
1700,4,3694,1311,2383,0,0,0,1.0,1,1.0,1,1.0,1,0.18288016332045945,39
1701,2,3696,1312,2384,0,0,0,1.0,1,1.0,1,1.0,1,0.18775785653887778,40
1702,5,3701,1315,2386,0,0,0,1.0,1,1.0,1,1.0,1,0.23506862097897932,41
1703,1,3702,1315,2387,0,0,0,1.0,1,1.0,1,1.0,1,0.2205459531426511,41
1704,4,3706,1317,2389,0,0,0,1.0,1,1.0,1,1.0,1,0.13199973304174795,41
1705,2,3708,1317,2391,0,0,0,1.0,1,1.0,1,1.0,1,0.15806168584576316,40
1706,4,3712,1318,2394,0,0,0,1.0,1,1.0,1,1.0,1,0.10255541018504984,40
1707,0,3712,1318,2394,0,0,0,1.0,1,1.0,1,1.0,1,0.12873884857015025,39
1708,1,3713,1319,2394,0,0,0,1.0,1,1.0,1,1.0,1,0.13554859325512977,39
1709,0,3713,1319,2394,0,0,0,1.0,1,1.0,1,1.0,1,0.14637558697218395,38
1710,7,3720,1322,2398,0,0,0,1.0,1,1.0,1,1.0,1,0.14727817461245982,39
1711,1,3721,1322,2399,0,0,0,1.0,1,1.0,1,1.0,1,0.14040269203262656,38
1712,3,3724,1324,2400,0,0,0,1.0,1,1.0,1,1.0,1,0.10239555102110717,38
1713,0,3724,1324,2400,0,0,0,1.0,1,1.0,1,1.0,1,0.11671728261382149,37
1714,3,3727,1326,2401,0,0,0,1.0,1,1.0,1,1.0,1,0.17808950728145292,38
1715,5,3732,1327,2405,0,0,0,1.0,1,1.0,1,1.0,1,0.15884878109368186,40
1716,0,3732,1327,2405,0,0,0,1.0,1,1.0,1,1.0,1,0.1750590761815696,39
1717,0,3732,1327,2405,0,0,0,1.0,1,1.0,1,1.0,1,0.1725402339821613,38
1718,2,3734,1328,2406,0,0,0,1.0,1,1.0,1,1.0,1,0.19484536406960642,38
1719,1,3735,1328,2407,0,0,0,1.0,1,1.0,1,1.0,1,0.17454858284287278,38
1720,2,3737,1329,2408,0,0,0,1.0,1,1.0,1,1.0,1,0.19152133399612709,41
1721,1,3738,1330,2408,0,0,0,1.0,1,1.0,1,1.0,1,0.18133898592134948,39
1722,5,3743,1332,2411,0,0,0,1.0,1,1.0,1,1.0,1,0.17417010107613312,40
1723,0,3743,1332,2411,0,0,0,1.0,1,1.0,1,1.0,1,0.1815157613625217,38
1724,1,3744,1333,2411,0,0,0,1.0,1,1.0,1,1.0,1,0.2544375898882442,37
1725,3,3747,1334,2413,0,0,0,1.0,1,1.0,1,1.0,1,0.11478053762591664,38
1726,5,3752,1335,2417,0,0,0,1.0,1,1.0,1,1.0,1,0.10520684167246713,37
1727,0,3752,1335,2417,0,0,0,1.0,1,1.0,1,1.0,1,0.10520684167246713,37
1728,0,3752,1335,2417,0,0,0,1.0,1,1.0,1,1.0,1,0.09470833612985664,35
1729,0,3752,1335,2417,0,0,0,1.0,1,1.0,1,1.0,1,0.12673039948130385,37
1730,1,3753,1336,2417,0,0,0,1.0,1,1.0,1,1.0,1,0.18444787987442238,37
1731,4,3757,1338,2419,0,0,0,1.0,1,1.0,1,1.0,1,0.16931381872624643,37
1732,2,3759,1338,2421,0,0,0,1.0,1,1.0,1,1.0,1,0.16883859793795253,37
1733,2,3761,1340,2421,0,0,0,1.0,1,1.0,1,1.0,1,0.19882868420329042,36
1734,0,3761,1340,2421,0,0,0,1.0,1,1.0,1,1.0,1,0.20156955760239784,35
1735,3,3764,1342,2422,0,0,0,1.0,1,1.0,1,1.0,1,0.21734346514352584,34
1736,5,3769,1342,2427,0,0,0,1.0,1,1.0,1,1.0,1,0.12493819529834607,35
1737,2,3771,1344,2427,0,0,0,1.0,1,1.0,1,1.0,1,0.12658274586017274,36
1738,2,3773,1344,2429,0,0,0,1.0,1,1.0,1,1.0,1,0.12034794465997856,37
1739,2,3775,1345,2430,0,0,0,1.0,1,1.0,1,1.0,1,0.1060308655329938,38
1740,0,3775,1345,2430,0,0,0,1.0,1,1.0,1,1.0,1,0.11449695076614098,37
1741,0,3775,1345,2430,0,0,0,1.0,1,1.0,1,1.0,1,0.13413903023402354,38
1742,2,3777,1346,2431,0,0,0,1.0,1,1.0,1,1.0,1,0.16590204157560443,39
1743,2,3779,1348,2431,0,0,0,1.0,1,1.0,1,1.0,1,0.16015131769030327,37
1744,3,3782,1351,2431,0,0,0,1.0,1,1.0,1,1.0,1,0.21053174585522028,38
1745,4,3786,1352,2434,0,0,0,1.0,1,1.0,1,1.0,1,0.215000161608537,37
1746,5,3791,1352,2439,0,0,0,1.0,1,1.0,1,1.0,1,0.13341281617256237,38
1747,3,3794,1352,2442,0,0,0,1.0,1,1.0,1,1.0,1,0.16636423456053634,38
1748,2,3796,1353,2443,0,0,0,1.0,1,1.0,1,1.0,1,0.12970731354514053,38
1749,2,3798,1353,2445,0,0,0,1.0,1,1.0,1,1.0,1,0.15916692290506146,37
1750,3,3801,1353,2448,0,0,0,1.0,1,1.0,1,1.0,1,0.15259537765645506,39
1751,2,3803,1353,2450,0,0,0,1.0,1,1.0,1,1.0,1,0.09697810114590573,38
1752,1,3804,1354,2450,0,0,0,1.0,1,1.0,1,1.0,1,0.10200692311182527,39
1753,0,3804,1354,2450,0,0,0,1.0,1,1.0,1,1.0,1,0.09657487773385968,40
1754,1,3805,1354,2451,0,0,0,1.0,1,1.0,1,1.0,1,0.12786195932452166,41
1755,1,3806,1354,2452,0,0,0,1.0,1,1.0,1,1.0,1,0.1287228020231035,41
1756,5,3811,1355,2456,0,0,0,1.0,1,1.0,1,1.0,1,0.12296308121927695,42
1757,0,3811,1355,2456,0,0,0,1.0,1,1.0,1,1.0,1,0.09646088347464055,42
1758,3,3814,1357,2457,0,0,0,1.0,1,1.0,1,1.0,1,0.13622669653305872,42
1759,1,3815,1358,2457,0,0,0,1.0,1,1.0,1,1.0,1,0.19514430794404025,39
1760,5,3820,1360,2460,0,0,0,1.0,1,1.0,1,1.0,1,0.23606934713388472,39
1761,4,3824,1361,2463,0,0,0,1.0,1,1.0,1,1.0,1,0.14782773092953358,38
1762,4,3828,1361,2467,0,0,0,1.0,1,1.0,1,1.0,1,0.1198616134351754,37
1763,1,3829,1361,2468,0,0,0,1.0,1,1.0,1,1.0,1,0.1079253661959708,37
1764,3,3832,1362,2470,0,0,0,1.0,1,1.0,1,1.0,1,0.12018912177294362,36
1765,0,3832,1362,2470,0,0,0,1.0,1,1.0,1,1.0,1,0.12852811945670187,37
1766,1,3833,1362,2471,0,0,0,1.0,1,1.0,1,1.0,1,0.13479704405891665,36
1767,0,3833,1362,2471,0,0,0,1.0,1,1.0,1,1.0,1,0.13479704405891665,36
1768,0,3833,1362,2471,0,0,0,1.0,1,1.0,1,1.0,1,0.13479704405891665,36
1769,2,3835,1362,2473,0,0,0,1.0,1,1.0,1,1.0,1,0.14886372902334027,38
1770,1,3836,1362,2474,0,0,0,1.0,1,1.0,1,1.0,1,0.12167860473780298,38
1771,0,3836,1362,2474,0,0,0,1.0,1,1.0,1,1.0,1,0.12167860473780298,38
1772,0,3836,1362,2474,0,0,0,1.0,1,1.0,1,1.0,1,0.13590023300779094,40
1773,1,3837,1363,2474,0,0,0,1.0,1,1.0,1,1.0,1,0.17470260024926096,40
1774,1,3838,1363,2475,0,0,0,1.0,1,1.0,1,1.0,1,0.13894582126607705,40
1775,2,3840,1363,2477,0,0,0,1.0,1,1.0,1,1.0,1,0.12398250204959271,41
1776,2,3842,1364,2478,0,0,0,1.0,1,1.0,1,1.0,1,0.11456481346014102,43
1777,0,3842,1364,2478,0,0,0,1.0,1,1.0,1,1.0,1,0.1236238880825039,44
1778,4,3846,1367,2479,0,0,0,1.0,1,1.0,1,1.0,1,0.1930149301530424,44
1779,1,3847,1367,2480,0,0,0,1.0,1,1.0,1,1.0,1,0.1766288058836846,44
1780,3,3850,1367,2483,0,0,0,1.0,1,1.0,1,1.0,1,0.16954356731056355,46
1781,2,3852,1367,2485,0,0,0,1.0,1,1.0,1,1.0,1,0.1320828087224736,46
1782,2,3854,1369,2485,0,0,0,1.0,1,1.0,1,1.0,1,0.18796748944824102,45
1783,1,3855,1369,2486,0,0,0,1.0,1,1.0,1,1.0,1,0.16910918630553803,44
1784,3,3858,1371,2487,0,0,0,1.0,1,1.0,1,1.0,1,0.1782908397187233,44
1785,3,3861,1373,2488,0,0,0,1.0,1,1.0,1,1.0,1,0.20365234882414177,42
1786,11,3872,1376,2496,0,0,0,1.0,1,1.0,1,1.0,1,0.18339789828470626,42
1787,3,3875,1376,2499,0,0,0,1.0,1,1.0,1,1.0,1,0.21013613511707682,41
1788,6,3881,1378,2503,0,0,0,1.0,1,1.0,1,1.0,1,0.19676003376909737,41
1789,5,3886,1379,2507,0,0,0,1.0,1,1.0,1,1.0,1,0.2037777546793153,41
1790,6,3892,1382,2510,0,0,0,1.0,1,1.0,1,1.0,1,0.2003996027712616,41
1791,6,3898,1382,2516,0,0,0,1.0,1,1.0,1,1.0,1,0.07296880674876736,41
1792,2,3900,1382,2518,0,0,0,1.0,1,1.0,1,1.0,1,0.10474038523868016,43
1793,2,3902,1382,2520,0,0,0,1.0,1,1.0,1,1.0,1,0.10474038523868016,43
1794,2,3904,1382,2522,0,0,0,1.0,1,1.0,1,1.0,1,0.1360729657924133,41
1795,3,3907,1383,2524,0,0,0,1.0,1,1.0,1,1.0,1,0.1149921029914901,41
1796,4,3911,1384,2527,0,0,0,1.0,1,1.0,1,1.0,1,0.12729413924382302,40
1797,1,3912,1385,2527,0,0,0,1.0,1,1.0,1,1.0,1,0.20173988498301937,38
1798,1,3913,1386,2527,0,0,0,1.0,1,1.0,1,1.0,1,0.19278598519702245,38
1799,2,3915,1388,2527,0,0,0,1.0,1,1.0,1,1.0,1,0.22635547505598325,37
1800,2,3917,1389,2528,0,0,0,1.0,1,1.0,1,1.0,1,0.2369713832165068,35
1801,5,3922,1390,2532,0,0,0,1.0,1,1.0,1,1.0,1,0.09874055546566834,34
1802,0,3922,1390,2532,0,0,0,1.0,1,1.0,1,1.0,1,0.09937579138233757,33
1803,1,3923,1391,2532,0,0,0,1.0,1,1.0,1,1.0,1,0.11632828327248974,33
1804,2,3925,1392,2533,0,0,0,1.0,1,1.0,1,1.0,1,0.17101011498222232,33
1805,0,3925,1392,2533,0,0,0,1.0,1,1.0,1,1.0,1,0.16343513045748279,35
1806,1,3926,1392,2534,0,0,0,1.0,1,1.0,1,1.0,1,0.14466423011582055,36
1807,2,3928,1392,2536,0,0,0,1.0,1,1.0,1,1.0,1,0.08569270962394383,35
1808,3,3931,1393,2538,0,0,0,1.0,1,1.0,1,1.0,1,0.10083638325207658,37
1809,0,3931,1393,2538,0,0,0,1.0,1,1.0,1,1.0,1,0.10883165852261333,35
1810,1,3932,1394,2538,0,0,0,1.0,1,1.0,1,1.0,1,0.1482345713773606,36
1811,2,3934,1395,2539,0,0,0,1.0,1,1.0,1,1.0,1,0.2056478444249935,34
1812,1,3935,1395,2540,0,0,0,1.0,1,1.0,1,1.0,1,0.2210984339193578,36
1813,1,3936,1395,2541,0,0,0,1.0,1,1.0,1,1.0,1,0.2190156852863136,35
1814,2,3938,1396,2542,0,0,0,1.0,1,1.0,1,1.0,1,0.25110940581143887,36
1815,5,3943,1397,2546,0,0,0,1.0,1,1.0,1,1.0,1,0.25779601178165323,35
1816,4,3947,1397,2550,0,0,0,1.0,1,1.0,1,1.0,1,0.2116677037803267,35
1817,2,3949,1397,2552,0,0,0,1.0,1,1.0,1,1.0,1,0.18437125991359507,35
1818,3,3952,1398,2554,0,0,0,1.0,1,1.0,1,1.0,1,0.18489906209171514,36
1819,3,3955,1400,2555,0,0,0,1.0,1,1.0,1,1.0,1,0.17759743057833965,37
1820,6,3961,1400,2561,0,0,0,1.0,1,1.0,1,1.0,1,0.1706734324475901,37
1821,5,3966,1401,2565,0,0,0,1.0,1,1.0,1,1.0,1,0.13443602977265812,38
1822,5,3971,1403,2568,0,0,0,1.0,1,1.0,1,1.0,1,0.15141994754025456,37
1823,0,3971,1403,2568,0,0,0,1.0,1,1.0,1,1.0,1,0.1648358286046165,36
1824,4,3975,1407,2568,0,0,0,1.0,1,1.0,1,1.0,1,0.23294541948160025,36
1825,2,3977,1408,2569,0,0,0,1.0,1,1.0,1,1.0,1,0.20270782842554763,34
1826,2,3979,1408,2571,0,0,0,1.0,1,1.0,1,1.0,1,0.13974833015232793,35
1827,2,3981,1410,2571,0,0,0,1.0,1,1.0,1,1.0,1,0.15998300922725273,34
1828,3,3984,1412,2572,0,0,0,1.0,1,1.0,1,1.0,1,0.17637501127434677,33
1829,1,3985,1412,2573,0,0,0,1.0,1,1.0,1,1.0,1,0.11365321991887556,31
1830,1,3986,1413,2573,0,0,0,1.0,1,1.0,1,1.0,1,0.16020623885828741,31
1831,2,3988,1415,2573,0,0,0,1.0,1,1.0,1,1.0,1,0.19581178027822457,30
1832,1,3989,1415,2574,0,0,0,1.0,1,1.0,1,1.0,1,0.12798300829403753,29
1833,1,3990,1416,2574,0,0,0,1.0,1,1.0,1,1.0,1,0.18670388744783262,28
1834,2,3992,1417,2575,0,0,0,1.0,1,1.0,1,1.0,1,0.19568859145162035,27
1835,4,3996,1420,2576,0,0,0,1.0,1,1.0,1,1.0,1,0.2790138246985993,26
1836,4,4000,1421,2579,0,0,0,1.0,1,1.0,1,1.0,1,0.1869873852949283,26
1837,2,4002,1422,2580,0,0,0,1.0,1,1.0,1,1.0,1,0.3363361298493657,25
1838,1,4003,1422,2581,0,0,0,1.0,1,1.0,1,1.0,1,0.29837492821650907,25
1839,2,4005,1422,2583,0,0,0,1.0,1,1.0,1,1.0,1,0.2344614060877291,24
1840,1,4006,1423,2583,0,0,0,1.0,1,1.0,1,1.0,1,0.2611934339942533,23
1841,2,4008,1423,2585,0,0,0,1.0,1,1.0,1,1.0,1,0.20965262495240292,22
1842,1,4009,1424,2585,0,0,0,1.0,1,1.0,1,1.0,1,0.2685633270923371,23
1843,0,4009,1424,2585,0,0,0,1.0,1,1.0,1,1.0,1,0.2685633270923371,23
1844,1,4010,1424,2586,0,0,0,1.0,1,1.0,1,1.0,1,0.256079761491095,23
1845,2,4012,1425,2587,0,0,0,1.0,1,1.0,1,1.0,1,0.23303339677598736,23
1846,0,4012,1425,2587,0,0,0,1.0,1,1.0,1,1.0,1,0.23303339677598736,23
1847,1,4013,1425,2588,0,0,0,1.0,1,1.0,1,1.0,1,0.19101882823208563,24
1848,0,4013,1425,2588,0,0,0,1.0,1,1.0,1,1.0,1,0.19101882823208563,24
1849,0,4013,1425,2588,0,0,0,1.0,1,1.0,1,1.0,1,0.19990207622514072,25
1850,0,4013,1425,2588,0,0,0,1.0,1,1.0,1,1.0,1,0.19990207622514072,25
1851,0,4013,1425,2588,0,0,0,1.0,1,1.0,1,1.0,1,0.19990207622514072,25
1852,0,4013,1425,2588,0,0,0,1.0,1,1.0,1,1.0,1,0.19990207622514072,25
1853,0,4013,1425,2588,0,0,0,1.0,1,1.0,1,1.0,1,0.2239668376225752,25
1854,0,4013,1425,2588,0,0,0,1.0,1,1.0,1,1.0,1,0.2239668376225752,25
1855,1,4014,1425,2589,0,0,0,1.0,1,1.0,1,1.0,1,0.2339751070510034,26
1856,2,4016,1427,2589,0,0,0,1.0,1,1.0,1,1.0,1,0.296692232034512,27
1857,2,4018,1427,2591,0,0,0,1.0,1,1.0,1,1.0,1,0.2559469052192319,28
1858,4,4022,1428,2594,0,0,0,1.0,1,1.0,1,1.0,1,0.25715598069037704,28
1859,6,4028,1430,2598,0,0,0,1.0,1,1.0,1,1.0,1,0.3229526096204052,28
1860,4,4032,1430,2602,0,0,0,1.0,1,1.0,1,1.0,1,0.3229526096204052,28
1861,1,4033,1430,2603,0,0,0,1.0,1,1.0,1,1.0,1,0.3073576656478298,28
1862,0,4033,1430,2603,0,0,0,1.0,1,1.0,1,1.0,1,0.3073576656478298,28
1863,1,4034,1431,2603,0,0,0,1.0,1,1.0,1,1.0,1,0.31473887922866756,29
1864,2,4036,1433,2603,0,0,0,1.0,1,1.0,1,1.0,1,0.2954336118803948,27
1865,1,4037,1433,2604,0,0,0,1.0,1,1.0,1,1.0,1,0.2683795895681719,26
1866,1,4038,1434,2604,0,0,0,1.0,1,1.0,1,1.0,1,0.29173388123834637,26
1867,1,4039,1435,2604,0,0,0,1.0,1,1.0,1,1.0,1,0.3407549801643945,26
1868,1,4040,1435,2605,0,0,0,1.0,1,1.0,1,1.0,1,0.29136354556012173,26
1869,0,4040,1435,2605,0,0,0,1.0,1,1.0,1,1.0,1,0.29136354556012173,26
1870,2,4042,1435,2607,0,0,0,1.0,1,1.0,1,1.0,1,0.2570985657232305,27
1871,1,4043,1435,2608,0,0,0,1.0,1,1.0,1,1.0,1,0.23331803423976955,27
1872,0,4043,1435,2608,0,0,0,1.0,1,1.0,1,1.0,1,0.2650748016953345,25
1873,0,4043,1435,2608,0,0,0,1.0,1,1.0,1,1.0,1,0.2650748016953345,25
1874,2,4045,1435,2610,0,0,0,1.0,1,1.0,1,1.0,1,0.22512083264437774,25
1875,0,4045,1435,2610,0,0,0,1.0,1,1.0,1,1.0,1,0.22512083264437774,25
1876,0,4045,1435,2610,0,0,0,1.0,1,1.0,1,1.0,1,0.20536721889692852,26
1877,0,4045,1435,2610,0,0,0,1.0,1,1.0,1,1.0,1,0.19876076825707967,27
1878,2,4047,1437,2610,0,0,0,1.0,1,1.0,1,1.0,1,0.233637813213983,28
1879,1,4048,1437,2611,0,0,0,1.0,1,1.0,1,1.0,1,0.23256240134168052,29
1880,2,4050,1437,2613,0,0,0,1.0,1,1.0,1,1.0,1,0.19044237587971863,29
1881,0,4050,1437,2613,0,0,0,1.0,1,1.0,1,1.0,1,0.19044237587971863,29
1882,0,4050,1437,2613,0,0,0,1.0,1,1.0,1,1.0,1,0.1922350142801797,28
1883,0,4050,1437,2613,0,0,0,1.0,1,1.0,1,1.0,1,0.1922350142801797,28
1884,1,4051,1438,2613,0,0,0,1.0,1,1.0,1,1.0,1,0.21236504354352398,28
1885,0,4051,1438,2613,0,0,0,1.0,1,1.0,1,1.0,1,0.21236504354352398,28
1886,0,4051,1438,2613,0,0,0,1.0,1,1.0,1,1.0,1,0.19655478897009393,29
1887,0,4051,1438,2613,0,0,0,1.0,1,1.0,1,1.0,1,0.19655478897009393,29
1888,2,4053,1438,2615,0,0,0,1.0,1,1.0,1,1.0,1,0.17193547345975962,31
1889,0,4053,1438,2615,0,0,0,1.0,1,1.0,1,1.0,1,0.17193547345975962,31
1890,0,4053,1438,2615,0,0,0,1.0,1,1.0,1,1.0,1,0.17193547345975962,31
1891,0,4053,1438,2615,0,0,0,1.0,1,1.0,1,1.0,1,0.19311381431318247,32
1892,0,4053,1438,2615,0,0,0,1.0,1,1.0,1,1.0,1,0.19311381431318247,32
1893,0,4053,1438,2615,0,0,0,1.0,1,1.0,1,1.0,1,0.19311381431318247,32
1894,0,4053,1438,2615,0,0,0,1.0,1,1.0,1,1.0,1,0.17903109833117503,33
1895,3,4056,1439,2617,0,0,0,1.0,1,1.0,1,1.0,1,0.1490144736141473,35
1896,0,4056,1439,2617,0,0,0,1.0,1,1.0,1,1.0,1,0.17332276190972618,34
1897,0,4056,1439,2617,0,0,0,1.0,1,1.0,1,1.0,1,0.17332276190972618,34
1898,0,4056,1439,2617,0,0,0,1.0,1,1.0,1,1.0,1,0.17332276190972618,34
1899,0,4056,1439,2617,0,0,0,1.0,1,1.0,1,1.0,1,0.17332276190972618,34
1900,2,4058,1439,2619,0,0,0,1.0,1,1.0,1,1.0,1,0.13241968491493092,35
1901,0,4058,1439,2619,0,0,0,1.0,1,1.0,1,1.0,1,0.13241968491493092,35
1902,1,4059,1440,2619,0,0,0,1.0,1,1.0,1,1.0,1,0.15208349406121355,35
1903,0,4059,1440,2619,0,0,0,1.0,1,1.0,1,1.0,1,0.15208349406121355,35
1904,0,4059,1440,2619,0,0,0,1.0,1,1.0,1,1.0,1,0.15208349406121355,35
1905,1,4060,1440,2620,0,0,0,1.0,1,1.0,1,1.0,1,0.12577217904222404,37
1906,0,4060,1440,2620,0,0,0,1.0,1,1.0,1,1.0,1,0.12577217904222404,37
1907,0,4060,1440,2620,0,0,0,1.0,1,1.0,1,1.0,1,0.15133998293893788,39
1908,0,4060,1440,2620,0,0,0,1.0,1,1.0,1,1.0,1,0.15133998293893788,39
1909,1,4061,1440,2621,0,0,0,1.0,1,1.0,1,1.0,1,0.1497921606912461,41
1910,1,4062,1440,2622,0,0,0,1.0,1,1.0,1,1.0,1,0.1411956655820803,41
1911,3,4065,1440,2625,0,0,0,1.0,1,1.0,1,1.0,1,0.1577006122051745,40
1912,1,4066,1441,2625,0,0,0,1.0,1,1.0,1,1.0,1,0.17264780407431218,39
1913,1,4067,1442,2625,0,0,0,1.0,1,1.0,1,1.0,1,0.20042859184516476,40
1914,5,4072,1444,2628,0,0,0,1.0,1,1.0,1,1.0,1,0.22903711401785776,41
1915,2,4074,1445,2629,0,0,0,1.0,1,1.0,1,1.0,1,0.24445918438928277,42
1916,3,4077,1446,2631,0,0,0,1.0,1,1.0,1,1.0,1,0.21437182461348084,42
1917,1,4078,1447,2631,0,0,0,1.0,1,1.0,1,1.0,1,0.22890739510611086,41
1918,3,4081,1449,2632,0,0,0,1.0,1,1.0,1,1.0,1,0.20578903238742513,38
1919,2,4083,1450,2633,0,0,0,1.0,1,1.0,1,1.0,1,0.2707440336793961,38
1920,0,4083,1450,2633,0,0,0,1.0,1,1.0,1,1.0,1,0.2864332260675477,38
1921,3,4086,1450,2636,0,0,0,1.0,1,1.0,1,1.0,1,0.22161754849668633,39
1922,2,4088,1451,2637,0,0,0,1.0,1,1.0,1,1.0,1,0.22477992122878712,40
1923,3,4091,1451,2640,0,0,0,1.0,1,1.0,1,1.0,1,0.22127778110757823,41
1924,7,4098,1453,2645,0,0,0,1.0,1,1.0,1,1.0,1,0.24657300357363046,41
1925,3,4101,1453,2648,0,0,0,1.0,1,1.0,1,1.0,1,0.2325700223551701,41
1926,6,4107,1453,2654,0,0,0,1.0,1,1.0,1,1.0,1,0.1623139439558022,41
1927,1,4108,1453,2655,0,0,0,1.0,1,1.0,1,1.0,1,0.16787187468308784,41
1928,2,4110,1454,2656,0,0,0,1.0,1,1.0,1,1.0,1,0.142622246156522,42
1929,0,4110,1454,2656,0,0,0,1.0,1,1.0,1,1.0,1,0.16311700004980836,41
1930,0,4110,1454,2656,0,0,0,1.0,1,1.0,1,1.0,1,0.16311700004980836,41
1931,1,4111,1454,2657,0,0,0,1.0,1,1.0,1,1.0,1,0.1533570924755014,41
1932,0,4111,1454,2657,0,0,0,1.0,1,1.0,1,1.0,1,0.1533570924755014,41
1933,1,4112,1454,2658,0,0,0,1.0,1,1.0,1,1.0,1,0.1600850410020943,43
1934,0,4112,1454,2658,0,0,0,1.0,1,1.0,1,1.0,1,0.15694791823861753,44
1935,0,4112,1454,2658,0,0,0,1.0,1,1.0,1,1.0,1,0.13499349079729475,45
1936,0,4112,1454,2658,0,0,0,1.0,1,1.0,1,1.0,1,0.14368960318039004,48
1937,3,4115,1456,2659,0,0,0,1.0,1,1.0,1,1.0,1,0.15812105214628003,48
1938,3,4118,1457,2661,0,0,0,1.0,1,1.0,1,1.0,1,0.14448953858995256,48
1939,0,4118,1457,2661,0,0,0,1.0,1,1.0,1,1.0,1,0.14448953858995256,48
1940,0,4118,1457,2661,0,0,0,1.0,1,1.0,1,1.0,1,0.14448953858995256,48
1941,2,4120,1457,2663,0,0,0,1.0,1,1.0,1,1.0,1,0.11989817050549205,48
1942,4,4124,1459,2665,0,0,0,1.0,1,1.0,1,1.0,1,0.1760589028220829,49
1943,2,4126,1459,2667,0,0,0,1.0,1,1.0,1,1.0,1,0.13787715468683379,48
1944,1,4127,1460,2667,0,0,0,1.0,1,1.0,1,1.0,1,0.16179547556230942,47
1945,3,4130,1463,2667,0,0,0,1.0,1,1.0,1,1.0,1,0.17288932858815828,46
1946,4,4134,1464,2670,0,0,0,1.0,1,1.0,1,1.0,1,0.13113943798947045,46
1947,4,4138,1466,2672,0,0,0,1.0,1,1.0,1,1.0,1,0.20779027686871715,45
1948,1,4139,1466,2673,0,0,0,1.0,1,1.0,1,1.0,1,0.1852429544540486,46
1949,2,4141,1468,2673,0,0,0,1.0,1,1.0,1,1.0,1,0.27467175152568385,42
1950,2,4143,1468,2675,0,0,0,1.0,1,1.0,1,1.0,1,0.2863063029548534,40
1951,5,4148,1471,2677,0,0,0,1.0,1,1.0,1,1.0,1,0.28542414842997005,39
1952,2,4150,1472,2678,0,0,0,1.0,1,1.0,1,1.0,1,0.2500438482266959,35
1953,7,4157,1474,2683,0,0,0,1.0,1,1.0,1,1.0,1,0.19622133243743836,36
1954,5,4162,1475,2687,0,0,0,1.0,1,1.0,1,1.0,1,0.21212512252861984,34
1955,1,4163,1475,2688,0,0,0,1.0,1,1.0,1,1.0,1,0.21197370224377052,35
1956,2,4165,1475,2690,0,0,0,1.0,1,1.0,1,1.0,1,0.16334602254493544,37
1957,1,4166,1475,2691,0,0,0,1.0,1,1.0,1,1.0,1,0.155200982603067,37
1958,2,4168,1475,2693,0,0,0,1.0,1,1.0,1,1.0,1,0.15282456272805642,39
1959,4,4172,1475,2697,0,0,0,1.0,1,1.0,1,1.0,1,0.16027929401334678,41
1960,7,4179,1476,2703,0,0,0,1.0,1,1.0,1,1.0,1,0.22832484518390778,40
1961,4,4183,1476,2707,0,0,0,1.0,1,1.0,1,1.0,1,0.16320389742709948,41
1962,1,4184,1476,2708,0,0,0,1.0,1,1.0,1,1.0,1,0.17206033490669562,40
1963,3,4187,1476,2711,0,0,0,1.0,1,1.0,1,1.0,1,0.1765884191475824,41
1964,2,4189,1476,2713,0,0,0,1.0,1,1.0,1,1.0,1,0.20171394558156758,40
1965,3,4192,1476,2716,0,0,0,1.0,1,1.0,1,1.0,1,0.16058730206816943,41
1966,1,4193,1476,2717,0,0,0,1.0,1,1.0,1,1.0,1,0.15192966734290053,41
1967,2,4195,1477,2718,0,0,0,1.0,1,1.0,1,1.0,1,0.17292011773673607,42
1968,2,4197,1477,2720,0,0,0,1.0,1,1.0,1,1.0,1,0.13830677675518094,42
1969,2,4199,1479,2720,0,0,0,1.0,1,1.0,1,1.0,1,0.17862175711590977,43
1970,4,4203,1479,2724,0,0,0,1.0,1,1.0,1,1.0,1,0.17927987269678247,42
1971,2,4205,1479,2726,0,0,0,1.0,1,1.0,1,1.0,1,0.12914577154328,42
1972,0,4205,1479,2726,0,0,0,1.0,1,1.0,1,1.0,1,0.12914577154328,42
1973,0,4205,1479,2726,0,0,0,1.0,1,1.0,1,1.0,1,0.13857057630741934,43
1974,0,4205,1479,2726,0,0,0,1.0,1,1.0,1,1.0,1,0.16006149472816703,43
1975,1,4206,1479,2727,0,0,0,1.0,1,1.0,1,1.0,1,0.14896106261320552,43
1976,1,4207,1479,2728,0,0,0,1.0,1,1.0,1,1.0,1,0.1378413625541642,43
1977,4,4211,1479,2732,0,0,0,1.0,1,1.0,1,1.0,1,0.13210217574635894,48
1978,2,4213,1480,2733,0,0,0,1.0,1,1.0,1,1.0,1,0.14051802463096394,48
1979,3,4216,1481,2735,0,0,0,1.0,1,1.0,1,1.0,1,0.18726659606447987,49
1980,4,4220,1482,2738,0,0,0,1.0,1,1.0,1,1.0,1,0.20953642962719193,50
1981,6,4226,1482,2744,0,0,0,1.0,1,1.0,1,1.0,1,0.15863955737192093,50
1982,2,4228,1484,2744,0,0,0,1.0,1,1.0,1,1.0,1,0.15324738242733463,50
1983,1,4229,1485,2744,0,0,0,1.0,1,1.0,1,1.0,1,0.160819719604222,49
1984,2,4231,1487,2744,0,0,0,1.0,1,1.0,1,1.0,1,0.1907902852904178,48
1985,1,4232,1487,2745,0,0,0,1.0,1,1.0,1,1.0,1,0.1753751725658406,46
1986,5,4237,1488,2749,0,0,0,1.0,1,1.0,1,1.0,1,0.15733418691001408,46
1987,3,4240,1490,2750,0,0,0,1.0,1,1.0,1,1.0,1,0.16542207623295388,42
1988,0,4240,1490,2750,0,0,0,1.0,1,1.0,1,1.0,1,0.19437011127979517,40
1989,2,4242,1492,2750,0,0,0,1.0,1,1.0,1,1.0,1,0.19729827994142166,38
1990,1,4243,1492,2751,0,0,0,1.0,1,1.0,1,1.0,1,0.18748924143014878,38
1991,3,4246,1493,2753,0,0,0,1.0,1,1.0,1,1.0,1,0.17046769216949084,38
1992,0,4246,1493,2753,0,0,0,1.0,1,1.0,1,1.0,1,0.1901434377946244,39
1993,6,4252,1497,2755,0,0,0,1.0,1,1.0,1,1.0,1,0.2631569813570038,38
1994,1,4253,1498,2755,0,0,0,1.0,1,1.0,1,1.0,1,0.26567058311926767,37
1995,2,4255,1499,2756,0,0,0,1.0,1,1.0,1,1.0,1,0.2666500734823456,37
1996,2,4257,1499,2758,0,0,0,1.0,1,1.0,1,1.0,1,0.2278639205859581,37
1997,4,4261,1501,2760,0,0,0,1.0,1,1.0,1,1.0,1,0.24886798051275405,35
1998,1,4262,1502,2760,0,0,0,1.0,1,1.0,1,1.0,1,0.26020243288786493,34
1999,1,4263,1502,2761,0,0,0,1.0,1,1.0,1,1.0,1,0.21972979298213693,35
2000,0,4263,1502,2761,0,0,0,1.0,1,1.0,1,1.0,1,0.2505587885246292,34
2001,3,4266,1502,2764,0,0,0,1.0,1,1.0,1,1.0,1,0.17640588438780158,35
2002,2,4268,1503,2765,0,0,0,1.0,1,1.0,1,1.0,1,0.19572038158169192,36
2003,1,4269,1503,2766,0,0,0,1.0,1,1.0,1,1.0,1,0.18894901799147626,37
2004,4,4273,1504,2769,0,0,0,1.0,1,1.0,1,1.0,1,0.1979770699031869,38
2005,0,4273,1504,2769,0,0,0,1.0,1,1.0,1,1.0,1,0.1979770699031869,38
2006,2,4275,1504,2771,0,0,0,1.0,1,1.0,1,1.0,1,0.16803980596281323,38
2007,2,4277,1505,2772,0,0,0,1.0,1,1.0,1,1.0,1,0.14092429907963067,40
2008,1,4278,1506,2772,0,0,0,1.0,1,1.0,1,1.0,1,0.14082235227944692,40
2009,1,4279,1507,2772,0,0,0,1.0,1,1.0,1,1.0,1,0.11791906021962364,41
2010,0,4279,1507,2772,0,0,0,1.0,1,1.0,1,1.0,1,0.11791906021962364,41
2011,0,4279,1507,2772,0,0,0,1.0,1,1.0,1,1.0,1,0.11791906021962364,41
2012,0,4279,1507,2772,0,0,0,1.0,1,1.0,1,1.0,1,0.11791906021962364,41
2013,0,4279,1507,2772,0,0,0,1.0,1,1.0,1,1.0,1,0.1404887572926812,43
2014,0,4279,1507,2772,0,0,0,1.0,1,1.0,1,1.0,1,0.17215150619350186,43
2015,1,4280,1508,2772,0,0,0,1.0,1,1.0,1,1.0,1,0.1670605547223072,43
2016,4,4284,1509,2775,0,0,0,1.0,1,1.0,1,1.0,1,0.1730939423994994,44
2017,2,4286,1509,2777,0,0,0,1.0,1,1.0,1,1.0,1,0.15708483394198844,45
2018,3,4289,1511,2778,0,0,0,1.0,1,1.0,1,1.0,1,0.15892464863647035,46
2019,1,4290,1511,2779,0,0,0,1.0,1,1.0,1,1.0,1,0.12883434182606426,47
2020,1,4291,1511,2780,0,0,0,1.0,1,1.0,1,1.0,1,0.10724024312332059,47
2021,1,4292,1512,2780,0,0,0,1.0,1,1.0,1,1.0,1,0.11082406929261346,47
2022,0,4292,1512,2780,0,0,0,1.0,1,1.0,1,1.0,1,0.1260658681753196,48
2023,2,4294,1514,2780,0,0,0,1.0,1,1.0,1,1.0,1,0.16123161963402394,48
2024,5,4299,1517,2782,0,0,0,1.0,1,1.0,1,1.0,1,0.08057288129419482,45
2025,3,4302,1520,2782,0,0,0,1.0,1,1.0,1,1.0,1,0.18327156410484138,42
2026,9,4311,1525,2786,0,0,0,1.0,1,1.0,1,1.0,1,0.19357930125616687,44
2027,2,4313,1525,2788,0,0,0,1.0,1,1.0,1,1.0,1,0.16496548334174657,40
2028,0,4313,1525,2788,0,0,0,1.0,1,1.0,1,1.0,1,0.19065684758822526,39
2029,0,4313,1525,2788,0,0,0,1.0,1,1.0,1,1.0,1,0.2029308078538512,37
2030,1,4314,1526,2788,0,0,0,1.0,1,1.0,1,1.0,1,0.23680594029479116,34
2031,4,4318,1527,2791,0,0,0,1.0,1,1.0,1,1.0,1,0.20274001684861412,35
2032,2,4320,1528,2792,0,0,0,1.0,1,1.0,1,1.0,1,0.23946979479825892,34
2033,4,4324,1531,2793,0,0,0,1.0,1,1.0,1,1.0,1,0.2181892395911175,36
2034,1,4325,1532,2793,0,0,0,1.0,1,1.0,1,1.0,1,0.2461397683365013,34
2035,4,4329,1533,2796,0,0,0,1.0,1,1.0,1,1.0,1,0.21069757745760867,35
2036,3,4332,1533,2799,0,0,0,1.0,1,1.0,1,1.0,1,0.14673895775669465,34
2037,0,4332,1533,2799,0,0,0,1.0,1,1.0,1,1.0,1,0.14431025405103673,35
2038,0,4332,1533,2799,0,0,0,1.0,1,1.0,1,1.0,1,0.13988809454490972,36
2039,2,4334,1534,2800,0,0,0,1.0,1,1.0,1,1.0,1,0.13196891689161586,38
2040,0,4334,1534,2800,0,0,0,1.0,1,1.0,1,1.0,1,0.13196891689161586,38
2041,0,4334,1534,2800,0,0,0,1.0,1,1.0,1,1.0,1,0.13354094739730854,39
2042,1,4335,1534,2801,0,0,0,1.0,1,1.0,1,1.0,1,0.11108830367919711,39
2043,0,4335,1534,2801,0,0,0,1.0,1,1.0,1,1.0,1,0.11108830367919711,39
2044,0,4335,1534,2801,0,0,0,1.0,1,1.0,1,1.0,1,0.11108830367919711,39
2045,2,4337,1534,2803,0,0,0,1.0,1,1.0,1,1.0,1,0.06949828594991017,41
2046,1,4338,1534,2804,0,0,0,1.0,1,1.0,1,1.0,1,0.08007668207775039,42
2047,0,4338,1534,2804,0,0,0,1.0,1,1.0,1,1.0,1,0.08007668207775039,42
2048,1,4339,1535,2804,0,0,0,1.0,1,1.0,1,1.0,1,0.11636511547630696,43
2049,2,4341,1536,2805,0,0,0,1.0,1,1.0,1,1.0,1,0.15531800020705075,44
2050,2,4343,1536,2807,0,0,0,1.0,1,1.0,1,1.0,1,0.1317230172535649,44
2051,4,4347,1537,2810,0,0,0,1.0,1,1.0,1,1.0,1,0.13701821218509086,45
2052,0,4347,1537,2810,0,0,0,1.0,1,1.0,1,1.0,1,0.13701821218509086,45
2053,0,4347,1537,2810,0,0,0,1.0,1,1.0,1,1.0,1,0.13701821218509086,45
2054,2,4349,1538,2811,0,0,0,1.0,1,1.0,1,1.0,1,0.12482356654724343,46
2055,1,4350,1538,2812,0,0,0,1.0,1,1.0,1,1.0,1,0.11869175672379145,46
2056,5,4355,1540,2815,0,0,0,1.0,1,1.0,1,1.0,1,0.1301418758076655,46
2057,7,4362,1544,2818,0,0,0,1.0,1,1.0,1,1.0,1,0.1319518205282583,47
2058,5,4367,1546,2821,0,0,0,1.0,1,1.0,1,1.0,1,0.15320637655387967,47
2059,5,4372,1548,2824,0,0,0,1.0,1,1.0,1,1.0,1,0.19487905785362958,48
2060,4,4376,1549,2827,0,0,0,1.0,1,1.0,1,1.0,1,0.13764861936376693,50
2061,4,4380,1549,2831,0,0,0,1.0,1,1.0,1,1.0,1,0.08502871291513903,51
2062,4,4384,1552,2832,0,0,0,1.0,1,1.0,1,1.0,1,0.1598249315964285,49
2063,3,4387,1553,2834,0,0,0,1.0,1,1.0,1,1.0,1,0.12814856591741625,48
2064,3,4390,1555,2835,0,0,0,1.0,1,1.0,1,1.0,1,0.21581226009376617,45
2065,3,4393,1555,2838,0,0,0,1.0,1,1.0,1,1.0,1,0.1077662748023009,44
2066,0,4393,1555,2838,0,0,0,1.0,1,1.0,1,1.0,1,0.12336220666182685,42
2067,0,4393,1555,2838,0,0,0,1.0,1,1.0,1,1.0,1,0.11664098666963683,41
2068,1,4394,1556,2838,0,0,0,1.0,1,1.0,1,1.0,1,0.1598380819270006,40
2069,0,4394,1556,2838,0,0,0,1.0,1,1.0,1,1.0,1,0.16335123783116243,40
2070,0,4394,1556,2838,0,0,0,1.0,1,1.0,1,1.0,1,0.17565429323344228,40
2071,4,4398,1558,2840,0,0,0,1.0,1,1.0,1,1.0,1,0.1543861198195307,40
2072,1,4399,1558,2841,0,0,0,1.0,1,1.0,1,1.0,1,0.12747465116650622,41
2073,4,4403,1560,2843,0,0,0,1.0,1,1.0,1,1.0,1,0.16811586179065852,41
2074,2,4405,1560,2845,0,0,0,1.0,1,1.0,1,1.0,1,0.15083229206647947,41
2075,2,4407,1560,2847,0,0,0,1.0,1,1.0,1,1.0,1,0.18729494976926328,41
2076,4,4411,1562,2849,0,0,0,1.0,1,1.0,1,1.0,1,0.1550905214091344,41
2077,2,4413,1563,2850,0,0,0,1.0,1,1.0,1,1.0,1,0.11388655037586076,40
2078,1,4414,1564,2850,0,0,0,1.0,1,1.0,1,1.0,1,0.14468648673968548,40
2079,2,4416,1565,2851,0,0,0,1.0,1,1.0,1,1.0,1,0.13980417839294335,39
2080,1,4417,1565,2852,0,0,0,1.0,1,1.0,1,1.0,1,0.08716192928709034,38
2081,1,4418,1566,2852,0,0,0,1.0,1,1.0,1,1.0,1,0.10375056107315841,40
2082,5,4423,1569,2854,0,0,0,1.0,1,1.0,1,1.0,1,0.17144727380330205,41
2083,6,4429,1572,2857,0,0,0,1.0,1,1.0,1,1.0,1,0.1533764510312245,40
2084,5,4434,1572,2862,0,0,0,1.0,1,1.0,1,1.0,1,0.20070551806613657,42
2085,8,4442,1574,2868,0,0,0,1.0,1,1.0,1,1.0,1,0.19479062119100504,42
2086,3,4445,1574,2871,0,0,0,1.0,1,1.0,1,1.0,1,0.12003842252377964,43
2087,1,4446,1575,2871,0,0,0,1.0,1,1.0,1,1.0,1,0.14287520004736293,45
2088,1,4447,1576,2871,0,0,0,1.0,1,1.0,1,1.0,1,0.1320839061035243,46
2089,3,4450,1576,2874,0,0,0,1.0,1,1.0,1,1.0,1,0.12014216036543801,47
2090,2,4452,1576,2876,0,0,0,1.0,1,1.0,1,1.0,1,0.14653928049048628,49
2091,3,4455,1576,2879,0,0,0,1.0,1,1.0,1,1.0,1,0.11846506669956049,49
2092,1,4456,1576,2880,0,0,0,1.0,1,1.0,1,1.0,1,0.11530935375314931,49
2093,0,4456,1576,2880,0,0,0,1.0,1,1.0,1,1.0,1,0.11530935375314931,49
2094,0,4456,1576,2880,0,0,0,1.0,1,1.0,1,1.0,1,0.11530935375314931,49
2095,0,4456,1576,2880,0,0,0,1.0,1,1.0,1,1.0,1,0.10354535598038848,49
2096,1,4457,1576,2881,0,0,0,1.0,1,1.0,1,1.0,1,0.11074679474997785,51
2097,0,4457,1576,2881,0,0,0,1.0,1,1.0,1,1.0,1,0.11074679474997785,51
2098,2,4459,1577,2882,0,0,0,1.0,1,1.0,1,1.0,1,0.12257147339786237,52
2099,1,4460,1577,2883,0,0,0,1.0,1,1.0,1,1.0,1,0.14257311515296506,51
2100,4,4464,1577,2887,0,0,0,1.0,1,1.0,1,1.0,1,0.10223401383651165,51
2101,2,4466,1577,2889,0,0,0,1.0,1,1.0,1,1.0,1,0.1047740693188864,48
2102,9,4475,1581,2894,0,0,0,1.0,1,1.0,1,1.0,1,0.12019877612522764,49
2103,5,4480,1584,2896,0,0,0,1.0,1,1.0,1,1.0,1,0.15213580202063534,48
2104,1,4481,1585,2896,0,0,0,1.0,1,1.0,1,1.0,1,0.15721971931674728,43
2105,2,4483,1586,2897,0,0,0,1.0,1,1.0,1,1.0,1,0.17033511912017385,42
2106,4,4487,1587,2900,0,0,0,1.0,1,1.0,1,1.0,1,0.1497028059035254,40
2107,3,4490,1587,2903,0,0,0,1.0,1,1.0,1,1.0,1,0.13365402793278494,39
2108,4,4494,1589,2905,0,0,0,1.0,1,1.0,1,1.0,1,0.17030515345426586,38
2109,2,4496,1589,2907,0,0,0,1.0,1,1.0,1,1.0,1,0.1488422072968856,37
2110,2,4498,1591,2907,0,0,0,1.0,1,1.0,1,1.0,1,0.19255883592740147,38
2111,3,4501,1592,2909,0,0,0,1.0,1,1.0,1,1.0,1,0.2028076421447945,37
2112,3,4504,1594,2910,0,0,0,1.0,1,1.0,1,1.0,1,0.18337696334979714,36
2113,0,4504,1594,2910,0,0,0,1.0,1,1.0,1,1.0,1,0.18541835517038857,36
2114,1,4505,1594,2911,0,0,0,1.0,1,1.0,1,1.0,1,0.13544098058320955,36
2115,0,4505,1594,2911,0,0,0,1.0,1,1.0,1,1.0,1,0.13730203453527323,35
2116,1,4506,1595,2911,0,0,0,1.0,1,1.0,1,1.0,1,0.17144578595699395,37
2117,2,4508,1595,2913,0,0,0,1.0,1,1.0,1,1.0,1,0.1421857929510703,38
2118,4,4512,1595,2917,0,0,0,1.0,1,1.0,1,1.0,1,0.1332479383204505,40
2119,5,4517,1595,2922,0,0,0,1.0,1,1.0,1,1.0,1,0.16559237436810081,40
2120,3,4520,1596,2924,0,0,0,1.0,1,1.0,1,1.0,1,0.17158209802928825,41
2121,2,4522,1596,2926,0,0,0,1.0,1,1.0,1,1.0,1,0.14009700600081385,41
2122,0,4522,1596,2926,0,0,0,1.0,1,1.0,1,1.0,1,0.13930061378223,42
2123,0,4522,1596,2926,0,0,0,1.0,1,1.0,1,1.0,1,0.12827012545757083,43
2124,0,4522,1596,2926,0,0,0,1.0,1,1.0,1,1.0,1,0.13533808721689672,41
2125,0,4522,1596,2926,0,0,0,1.0,1,1.0,1,1.0,1,0.13533808721689672,41
2126,1,4523,1596,2927,0,0,0,1.0,1,1.0,1,1.0,1,0.13864577959708393,40
2127,0,4523,1596,2927,0,0,0,1.0,1,1.0,1,1.0,1,0.13864577959708393,40
2128,1,4524,1596,2928,0,0,0,1.0,1,1.0,1,1.0,1,0.14206858588917687,41
2129,1,4525,1596,2929,0,0,0,1.0,1,1.0,1,1.0,1,0.12896415029752956,42
2130,2,4527,1596,2931,0,0,0,1.0,1,1.0,1,1.0,1,0.13076418377709384,45
2131,0,4527,1596,2931,0,0,0,1.0,1,1.0,1,1.0,1,0.13076418377709384,45
2132,3,4530,1596,2934,0,0,0,1.0,1,1.0,1,1.0,1,0.10109743420815616,46
2133,2,4532,1598,2934,0,0,0,1.0,1,1.0,1,1.0,1,0.1103446571100439,46
2134,1,4533,1599,2934,0,0,0,1.0,1,1.0,1,1.0,1,0.10558718490772322,47
2135,2,4535,1601,2934,0,0,0,1.0,1,1.0,1,1.0,1,0.1326173988701905,47
2136,5,4540,1602,2938,0,0,0,1.0,1,1.0,1,1.0,1,0.08345827733452565,47
2137,0,4540,1602,2938,0,0,0,1.0,1,1.0,1,1.0,1,0.08717739719236776,49
2138,1,4541,1602,2939,0,0,0,1.0,1,1.0,1,1.0,1,0.07910566168467953,49
2139,2,4543,1604,2939,0,0,0,1.0,1,1.0,1,1.0,1,0.07445549718191244,47
2140,4,4547,1605,2942,0,0,0,1.0,1,1.0,1,1.0,1,0.06926039444167457,48
2141,3,4550,1606,2944,0,0,0,1.0,1,1.0,1,1.0,1,0.09629922469337159,47
2142,2,4552,1606,2946,0,0,0,1.0,1,1.0,1,1.0,1,0.10407818593859239,47
2143,4,4556,1606,2950,0,0,0,1.0,1,1.0,1,1.0,1,0.11292678640981371,48
2144,4,4560,1608,2952,0,0,0,1.0,1,1.0,1,1.0,1,0.1560725233939067,48
2145,5,4565,1609,2956,0,0,0,1.0,1,1.0,1,1.0,1,0.13562570956323322,46
2146,3,4568,1609,2959,0,0,0,1.0,1,1.0,1,1.0,1,0.07524288073187234,47
2147,6,4574,1614,2960,0,0,0,1.0,1,1.0,1,1.0,1,0.12124367580264828,48
2148,0,4574,1614,2960,0,0,0,1.0,1,1.0,1,1.0,1,0.13325012061580987,46
2149,3,4577,1616,2961,0,0,0,1.0,1,1.0,1,1.0,1,0.15480833702200042,46
2150,3,4580,1616,2964,0,0,0,1.0,1,1.0,1,1.0,1,0.1383253013853879,46
2151,3,4583,1618,2965,0,0,0,1.0,1,1.0,1,1.0,1,0.11075388714767474,44
2152,1,4584,1619,2965,0,0,0,1.0,1,1.0,1,1.0,1,0.17191556509298203,45
2153,5,4589,1621,2968,0,0,0,1.0,1,1.0,1,1.0,1,0.1661806935195297,48
2154,1,4590,1622,2968,0,0,0,1.0,1,1.0,1,1.0,1,0.1966813025772857,47
2155,4,4594,1624,2970,0,0,0,1.0,1,1.0,1,1.0,1,0.19196621934096092,48
2156,5,4599,1625,2974,0,0,0,1.0,1,1.0,1,1.0,1,0.13658181038407138,45
2157,1,4600,1625,2975,0,0,0,1.0,1,1.0,1,1.0,1,0.13543887360791348,43
2158,1,4601,1625,2976,0,0,0,1.0,1,1.0,1,1.0,1,0.10832857618832605,43
2159,6,4607,1627,2980,0,0,0,1.0,1,1.0,1,1.0,1,0.18749512697535436,43
2160,1,4608,1627,2981,0,0,0,1.0,1,1.0,1,1.0,1,0.14159429979211258,41
2161,4,4612,1628,2984,0,0,0,1.0,1,1.0,1,1.0,1,0.1078317743314779,41
2162,2,4614,1629,2985,0,0,0,1.0,1,1.0,1,1.0,1,0.06701033582909272,42
2163,2,4616,1630,2986,0,0,0,1.0,1,1.0,1,1.0,1,0.07376915163704753,43
2164,1,4617,1631,2986,0,0,0,1.0,1,1.0,1,1.0,1,0.13270224977765896,44
2165,0,4617,1631,2986,0,0,0,1.0,1,1.0,1,1.0,1,0.13270224977765896,44
2166,3,4620,1631,2989,0,0,0,1.0,1,1.0,1,1.0,1,0.11900251400969591,46
2167,0,4620,1631,2989,0,0,0,1.0,1,1.0,1,1.0,1,0.11900251400969591,46
2168,0,4620,1631,2989,0,0,0,1.0,1,1.0,1,1.0,1,0.10615675820629983,45
2169,5,4625,1632,2993,0,0,0,1.0,1,1.0,1,1.0,1,0.08559775058432671,49
2170,4,4629,1632,2997,0,0,0,1.0,1,1.0,1,1.0,1,0.058201824716875926,49
2171,4,4633,1634,2999,0,0,0,1.0,1,1.0,1,1.0,1,0.05990986654628751,51
2172,2,4635,1636,2999,0,0,0,1.0,1,1.0,1,1.0,1,0.07276883128519558,52
2173,1,4636,1636,3000,0,0,0,1.0,1,1.0,1,1.0,1,0.06536088821754561,52
2174,1,4637,1637,3000,0,0,0,1.0,1,1.0,1,1.0,1,0.08788774491816402,52
2175,0,4637,1637,3000,0,0,0,1.0,1,1.0,1,1.0,1,0.09461393965559899,53
2176,5,4642,1639,3003,0,0,0,1.0,1,1.0,1,1.0,1,0.09086556092171226,54
2177,2,4644,1641,3003,0,0,0,1.0,1,1.0,1,1.0,1,0.1383745963939548,55
2178,2,4646,1641,3005,0,0,0,1.0,1,1.0,1,1.0,1,0.09731292413162017,54
2179,1,4647,1642,3005,0,0,0,1.0,1,1.0,1,1.0,1,0.11497816447733347,52
2180,0,4647,1642,3005,0,0,0,1.0,1,1.0,1,1.0,1,0.11322609351739694,51
2181,0,4647,1642,3005,0,0,0,1.0,1,1.0,1,1.0,1,0.11726091364287754,49
2182,3,4650,1644,3006,0,0,0,1.0,1,1.0,1,1.0,1,0.12976015767744628,49
2183,3,4653,1647,3006,0,0,0,1.0,1,1.0,1,1.0,1,0.1685091140180339,46
2184,2,4655,1648,3007,0,0,0,1.0,1,1.0,1,1.0,1,0.1759256372478765,45
2185,1,4656,1648,3008,0,0,0,1.0,1,1.0,1,1.0,1,0.1542269163454899,44
2186,10,4666,1652,3014,0,0,0,1.0,1,1.0,1,1.0,1,0.1408782794240999,42
2187,12,4678,1658,3020,0,0,0,1.0,1,1.0,1,1.0,1,0.20876549411713463,40
2188,8,4686,1661,3025,0,0,0,1.0,1,1.0,1,1.0,1,0.20829777879522826,38
2189,3,4689,1662,3027,0,0,0,1.0,1,1.0,1,1.0,1,0.15795494352899977,36
2190,3,4692,1664,3028,0,0,0,1.0,1,1.0,1,1.0,1,0.2514974944762089,34
2191,6,4698,1664,3034,0,0,0,1.0,1,1.0,1,1.0,1,0.1305356468182891,34
2192,2,4700,1666,3034,0,0,0,1.0,1,1.0,1,1.0,1,0.16852034330957363,33
2193,0,4700,1666,3034,0,0,0,1.0,1,1.0,1,1.0,1,0.17935816515965478,32
2194,0,4700,1666,3034,0,0,0,1.0,1,1.0,1,1.0,1,0.17935816515965478,32
2195,0,4700,1666,3034,0,0,0,1.0,1,1.0,1,1.0,1,0.20293471138527394,31
2196,5,4705,1668,3037,0,0,0,1.0,1,1.0,1,1.0,1,0.1321118970470297,32
2197,1,4706,1669,3037,0,0,0,1.0,1,1.0,1,1.0,1,0.17766359143532184,31
2198,0,4706,1669,3037,0,0,0,1.0,1,1.0,1,1.0,1,0.17766359143532184,31
2199,2,4708,1669,3039,0,0,0,1.0,1,1.0,1,1.0,1,0.1680889567709805,32
2200,3,4711,1669,3042,0,0,0,1.0,1,1.0,1,1.0,1,0.17178508514805066,35
2201,3,4714,1670,3044,0,0,0,1.0,1,1.0,1,1.0,1,0.15213866619107097,36
2202,5,4719,1670,3049,0,0,0,1.0,1,1.0,1,1.0,1,0.1688277494399214,36
2203,1,4720,1670,3050,0,0,0,1.0,1,1.0,1,1.0,1,0.1574294081896356,37
2204,1,4721,1671,3050,0,0,0,1.0,1,1.0,1,1.0,1,0.1555383590592759,36
2205,1,4722,1671,3051,0,0,0,1.0,1,1.0,1,1.0,1,0.15476908987411603,37
2206,1,4723,1671,3052,0,0,0,1.0,1,1.0,1,1.0,1,0.18500107123227008,35
2207,3,4726,1671,3055,0,0,0,1.0,1,1.0,1,1.0,1,0.13960783098358648,37
2208,0,4726,1671,3055,0,0,0,1.0,1,1.0,1,1.0,1,0.14933181883307195,36
2209,3,4729,1673,3056,0,0,0,1.0,1,1.0,1,1.0,1,0.20163361718039402,35
2210,3,4732,1673,3059,0,0,0,1.0,1,1.0,1,1.0,1,0.22025995205236854,38
2211,4,4736,1673,3063,0,0,0,1.0,1,1.0,1,1.0,1,0.1567646026936773,37
2212,1,4737,1673,3064,0,0,0,1.0,1,1.0,1,1.0,1,0.14429753222700265,38
2213,0,4737,1673,3064,0,0,0,1.0,1,1.0,1,1.0,1,0.14429753222700265,38
2214,2,4739,1673,3066,0,0,0,1.0,1,1.0,1,1.0,1,0.14176626642171464,39
2215,0,4739,1673,3066,0,0,0,1.0,1,1.0,1,1.0,1,0.12417302574158205,39
2216,4,4743,1675,3068,0,0,0,1.0,1,1.0,1,1.0,1,0.15389560223933493,39
2217,0,4743,1675,3068,0,0,0,1.0,1,1.0,1,1.0,1,0.10886988897967143,38
2218,1,4744,1676,3068,0,0,0,1.0,1,1.0,1,1.0,1,0.12811845386733334,37
2219,2,4746,1677,3069,0,0,0,1.0,1,1.0,1,1.0,1,0.17378016553841386,36
2220,0,4746,1677,3069,0,0,0,1.0,1,1.0,1,1.0,1,0.21492796696588937,34
2221,4,4750,1678,3072,0,0,0,1.0,1,1.0,1,1.0,1,0.1646461064299829,35
2222,0,4750,1678,3072,0,0,0,1.0,1,1.0,1,1.0,1,0.18840778872315092,33
2223,2,4752,1680,3072,0,0,0,1.0,1,1.0,1,1.0,1,0.1734315972099728,34
2224,1,4753,1681,3072,0,0,0,1.0,1,1.0,1,1.0,1,0.19264758953182687,32
2225,4,4757,1684,3073,0,0,0,1.0,1,1.0,1,1.0,1,0.2852403738623215,33
2226,5,4762,1686,3076,0,0,0,1.0,1,1.0,1,1.0,1,0.24166368284520345,32
2227,0,4762,1686,3076,0,0,0,1.0,1,1.0,1,1.0,1,0.18806349538778255,31
2228,1,4763,1686,3077,0,0,0,1.0,1,1.0,1,1.0,1,0.15369490504548183,32
2229,1,4764,1686,3078,0,0,0,1.0,1,1.0,1,1.0,1,0.1429836697504311,32
2230,0,4764,1686,3078,0,0,0,1.0,1,1.0,1,1.0,1,0.17153855381873853,31
2231,1,4765,1686,3079,0,0,0,1.0,1,1.0,1,1.0,1,0.1387342992122056,32
2232,3,4768,1686,3082,0,0,0,1.0,1,1.0,1,1.0,1,0.11673302208903462,32
2233,0,4768,1686,3082,0,0,0,1.0,1,1.0,1,1.0,1,0.1413775191042463,31
2234,1,4769,1687,3082,0,0,0,1.0,1,1.0,1,1.0,1,0.1964193342121009,32
2235,1,4770,1687,3083,0,0,0,1.0,1,1.0,1,1.0,1,0.20694103815669163,31
2236,1,4771,1687,3084,0,0,0,1.0,1,1.0,1,1.0,1,0.17813647486189726,31
2237,1,4772,1688,3084,0,0,0,1.0,1,1.0,1,1.0,1,0.22205610961074865,31
2238,2,4774,1689,3085,0,0,0,1.0,1,1.0,1,1.0,1,0.22530330580403068,31
2239,2,4776,1689,3087,0,0,0,1.0,1,1.0,1,1.0,1,0.15308788258382375,31
2240,4,4780,1690,3090,0,0,0,1.0,1,1.0,1,1.0,1,0.12350121466628361,32
2241,1,4781,1690,3091,0,0,0,1.0,1,1.0,1,1.0,1,0.08142561388324869,32
2242,2,4783,1692,3091,0,0,0,1.0,1,1.0,1,1.0,1,0.07936953086503423,34
2243,3,4786,1695,3091,0,0,0,1.0,1,1.0,1,1.0,1,0.19394893523121454,34
2244,1,4787,1695,3092,0,0,0,1.0,1,1.0,1,1.0,1,0.15763176716456045,36
2245,1,4788,1695,3093,0,0,0,1.0,1,1.0,1,1.0,1,0.16110169009216846,36
2246,2,4790,1695,3095,0,0,0,1.0,1,1.0,1,1.0,1,0.1517984391638994,39
2247,1,4791,1695,3096,0,0,0,1.0,1,1.0,1,1.0,1,0.13507459651400244,40
2248,0,4791,1695,3096,0,0,0,1.0,1,1.0,1,1.0,1,0.13507459651400244,40
2249,0,4791,1695,3096,0,0,0,1.0,1,1.0,1,1.0,1,0.13069156394315848,41
2250,1,4792,1696,3096,0,0,0,1.0,1,1.0,1,1.0,1,0.15295086176029907,41
2251,1,4793,1696,3097,0,0,0,1.0,1,1.0,1,1.0,1,0.1525980456200816,42
2252,1,4794,1696,3098,0,0,0,1.0,1,1.0,1,1.0,1,0.147455241738288,41
2253,0,4794,1696,3098,0,0,0,1.0,1,1.0,1,1.0,1,0.13256561819323562,40
2254,1,4795,1697,3098,0,0,0,1.0,1,1.0,1,1.0,1,0.1633804559758005,39
2255,4,4799,1697,3102,0,0,0,1.0,1,1.0,1,1.0,1,0.12909841278419357,39
2256,1,4800,1698,3102,0,0,0,1.0,1,1.0,1,1.0,1,0.14627959502927088,40
2257,1,4801,1699,3102,0,0,0,1.0,1,1.0,1,1.0,1,0.1759088954634694,40
2258,2,4803,1701,3102,0,0,0,1.0,1,1.0,1,1.0,1,0.24729645404517683,39
2259,7,4810,1703,3107,0,0,0,1.0,1,1.0,1,1.0,1,0.15954643588591189,41
2260,0,4810,1703,3107,0,0,0,1.0,1,1.0,1,1.0,1,0.1723792035173688,38
2261,3,4813,1704,3109,0,0,0,1.0,1,1.0,1,1.0,1,0.140917224584581,38
2262,0,4813,1704,3109,0,0,0,1.0,1,1.0,1,1.0,1,0.18596926578467218,36
2263,1,4814,1705,3109,0,0,0,1.0,1,1.0,1,1.0,1,0.18553505356949587,35
2264,3,4817,1708,3109,0,0,0,1.0,1,1.0,1,1.0,1,0.26852337454042935,33
2265,2,4819,1709,3110,0,0,0,1.0,1,1.0,1,1.0,1,0.2525814914960477,33
2266,6,4825,1711,3114,0,0,0,1.0,1,1.0,1,1.0,1,0.16283390820685478,33
2267,5,4830,1714,3116,0,0,0,1.0,1,1.0,1,1.0,1,0.18956573608638355,33
2268,6,4836,1715,3121,0,0,0,1.0,1,1.0,1,1.0,1,0.1390535008522414,35
2269,4,4840,1716,3124,0,0,0,1.0,1,1.0,1,1.0,1,0.15825854450150495,36
2270,7,4847,1717,3130,0,0,0,1.0,1,1.0,1,1.0,1,0.19021903144460636,34
2271,4,4851,1719,3132,0,0,0,1.0,1,1.0,1,1.0,1,0.14214323157631978,34
2272,4,4855,1721,3134,0,0,0,1.0,1,1.0,1,1.0,1,0.11237645067042995,33
2273,4,4859,1723,3136,0,0,0,1.0,1,1.0,1,1.0,1,0.18008955323785394,32
2274,1,4860,1724,3136,0,0,0,1.0,1,1.0,1,1.0,1,0.1741681512137244,32
2275,2,4862,1724,3138,0,0,0,1.0,1,1.0,1,1.0,1,0.24324941432840141,32
2276,4,4866,1725,3141,0,0,0,1.0,1,1.0,1,1.0,1,0.15617731102690793,31
2277,0,4866,1725,3141,0,0,0,1.0,1,1.0,1,1.0,1,0.1832921237838274,30
2278,1,4867,1725,3142,0,0,0,1.0,1,1.0,1,1.0,1,0.1369546657350553,33
2279,0,4867,1725,3142,0,0,0,1.0,1,1.0,1,1.0,1,0.1369546657350553,33
2280,2,4869,1725,3144,0,0,0,1.0,1,1.0,1,1.0,1,0.14425184316391854,35
2281,1,4870,1725,3145,0,0,0,1.0,1,1.0,1,1.0,1,0.15162488416675438,36
2282,1,4871,1725,3146,0,0,0,1.0,1,1.0,1,1.0,1,0.14280753296865442,36
2283,0,4871,1725,3146,0,0,0,1.0,1,1.0,1,1.0,1,0.14280753296865442,36
2284,0,4871,1725,3146,0,0,0,1.0,1,1.0,1,1.0,1,0.14280753296865442,36
2285,1,4872,1725,3147,0,0,0,1.0,1,1.0,1,1.0,1,0.1291249582485788,37
2286,3,4875,1726,3149,0,0,0,1.0,1,1.0,1,1.0,1,0.12914864988787025,38
2287,0,4875,1726,3149,0,0,0,1.0,1,1.0,1,1.0,1,0.11545544644285273,38
2288,4,4879,1728,3151,0,0,0,1.0,1,1.0,1,1.0,1,0.193320686144941,40
2289,4,4883,1729,3154,0,0,0,1.0,1,1.0,1,1.0,1,0.19112060359280933,40
2290,1,4884,1729,3155,0,0,0,1.0,1,1.0,1,1.0,1,0.17219723294001685,39
2291,5,4889,1730,3159,0,0,0,1.0,1,1.0,1,1.0,1,0.11421720200436458,37
2292,0,4889,1730,3159,0,0,0,1.0,1,1.0,1,1.0,1,0.12525831208022065,35
2293,1,4890,1731,3159,0,0,0,1.0,1,1.0,1,1.0,1,0.1689383355211629,35
2294,2,4892,1731,3161,0,0,0,1.0,1,1.0,1,1.0,1,0.20542164146799047,35
2295,0,4892,1731,3161,0,0,0,1.0,1,1.0,1,1.0,1,0.19734944047042335,36
2296,3,4895,1731,3164,0,0,0,1.0,1,1.0,1,1.0,1,0.1488910480142068,34
2297,0,4895,1731,3164,0,0,0,1.0,1,1.0,1,1.0,1,0.16689143849241855,35
2298,0,4895,1731,3164,0,0,0,1.0,1,1.0,1,1.0,1,0.1662372345918861,34
2299,1,4896,1732,3164,0,0,0,1.0,1,1.0,1,1.0,1,0.15906056209535177,35
2300,0,4896,1732,3164,0,0,0,1.0,1,1.0,1,1.0,1,0.15906056209535177,35
2301,0,4896,1732,3164,0,0,0,1.0,1,1.0,1,1.0,1,0.15906056209535177,35
2302,4,4900,1735,3165,0,0,0,1.0,1,1.0,1,1.0,1,0.2279412083506092,37
2303,2,4902,1736,3166,0,0,0,1.0,1,1.0,1,1.0,1,0.13715546384332927,35
2304,3,4905,1738,3167,0,0,0,1.0,1,1.0,1,1.0,1,0.22432865728767973,36
2305,0,4905,1738,3167,0,0,0,1.0,1,1.0,1,1.0,1,0.2385149622626023,34
2306,4,4909,1738,3171,0,0,0,1.0,1,1.0,1,1.0,1,0.134651204065591,35
2307,3,4912,1739,3173,0,0,0,1.0,1,1.0,1,1.0,1,0.10488798565899189,35
2308,0,4912,1739,3173,0,0,0,1.0,1,1.0,1,1.0,1,0.10488798565899189,35
2309,0,4912,1739,3173,0,0,0,1.0,1,1.0,1,1.0,1,0.09103493640596104,34
2310,2,4914,1739,3175,0,0,0,1.0,1,1.0,1,1.0,1,0.09146862036578686,36
2311,1,4915,1740,3175,0,0,0,1.0,1,1.0,1,1.0,1,0.13185080411880665,38
2312,2,4917,1741,3176,0,0,0,1.0,1,1.0,1,1.0,1,0.14490846220876188,39
2313,3,4920,1743,3177,0,0,0,1.0,1,1.0,1,1.0,1,0.1436833688709146,39
2314,1,4921,1743,3178,0,0,0,1.0,1,1.0,1,1.0,1,0.14964720901044656,39
2315,7,4928,1744,3184,0,0,0,1.0,1,1.0,1,1.0,1,0.1417181806701832,40
2316,3,4931,1745,3186,0,0,0,1.0,1,1.0,1,1.0,1,0.12453472853048954,40
2317,0,4931,1745,3186,0,0,0,1.0,1,1.0,1,1.0,1,0.14596884461433057,41
2318,0,4931,1745,3186,0,0,0,1.0,1,1.0,1,1.0,1,0.14596884461433057,41
2319,0,4931,1745,3186,0,0,0,1.0,1,1.0,1,1.0,1,0.14596884461433057,41
2320,2,4933,1746,3187,0,0,0,1.0,1,1.0,1,1.0,1,0.12398487282309299,42
2321,2,4935,1746,3189,0,0,0,1.0,1,1.0,1,1.0,1,0.060707575226707555,43
2322,0,4935,1746,3189,0,0,0,1.0,1,1.0,1,1.0,1,0.07677440670691242,42
2323,2,4937,1747,3190,0,0,0,1.0,1,1.0,1,1.0,1,0.09719642932174251,43
2324,1,4938,1747,3191,0,0,0,1.0,1,1.0,1,1.0,1,0.11433952946141601,44
2325,3,4941,1748,3193,0,0,0,1.0,1,1.0,1,1.0,1,0.1293631418511517,44
2326,1,4942,1748,3194,0,0,0,1.0,1,1.0,1,1.0,1,0.09657571736723007,45
2327,0,4942,1748,3194,0,0,0,1.0,1,1.0,1,1.0,1,0.09657571736723007,45
2328,3,4945,1749,3196,0,0,0,1.0,1,1.0,1,1.0,1,0.1180163111231743,46
2329,5,4950,1750,3200,0,0,0,1.0,1,1.0,1,1.0,1,0.10610221251688187,45
2330,3,4953,1751,3202,0,0,0,1.0,1,1.0,1,1.0,1,0.08791401419343528,47
2331,2,4955,1752,3203,0,0,0,1.0,1,1.0,1,1.0,1,0.09939379999646268,48
2332,1,4956,1753,3203,0,0,0,1.0,1,1.0,1,1.0,1,0.13339360253199917,48
2333,1,4957,1754,3203,0,0,0,1.0,1,1.0,1,1.0,1,0.17338293555769507,49
2334,1,4958,1754,3204,0,0,0,1.0,1,1.0,1,1.0,1,0.1618867971368865,47
2335,1,4959,1755,3204,0,0,0,1.0,1,1.0,1,1.0,1,0.19045360334335648,46
2336,3,4962,1755,3207,0,0,0,1.0,1,1.0,1,1.0,1,0.158943357367334,46
2337,1,4963,1755,3208,0,0,0,1.0,1,1.0,1,1.0,1,0.1372969236280199,45
2338,0,4963,1755,3208,0,0,0,1.0,1,1.0,1,1.0,1,0.12406002060072281,44
2339,2,4965,1756,3209,0,0,0,1.0,1,1.0,1,1.0,1,0.10854903825598469,45
2340,3,4968,1757,3211,0,0,0,1.0,1,1.0,1,1.0,1,0.12249505340240177,44
2341,1,4969,1757,3212,0,0,0,1.0,1,1.0,1,1.0,1,0.12542762544360028,45
2342,2,4971,1759,3212,0,0,0,1.0,1,1.0,1,1.0,1,0.1279425565378291,47
2343,2,4973,1760,3213,0,0,0,1.0,1,1.0,1,1.0,1,0.11239291354919974,46
2344,3,4976,1761,3215,0,0,0,1.0,1,1.0,1,1.0,1,0.1324198231007979,46
2345,0,4976,1761,3215,0,0,0,1.0,1,1.0,1,1.0,1,0.13725919407825718,45
2346,4,4980,1761,3219,0,0,0,1.0,1,1.0,1,1.0,1,0.09825376858701,46
2347,3,4983,1761,3222,0,0,0,1.0,1,1.0,1,1.0,1,0.08473081123814387,47
2348,2,4985,1762,3223,0,0,0,1.0,1,1.0,1,1.0,1,0.09297738129779914,49
2349,1,4986,1763,3223,0,0,0,1.0,1,1.0,1,1.0,1,0.12663004944366774,49
2350,1,4987,1764,3223,0,0,0,1.0,1,1.0,1,1.0,1,0.13734678161046743,50
2351,3,4990,1765,3225,0,0,0,1.0,1,1.0,1,1.0,1,0.13910009686128288,50
2352,0,4990,1765,3225,0,0,0,1.0,1,1.0,1,1.0,1,0.14569510862274512,51
2353,2,4992,1765,3227,0,0,0,1.0,1,1.0,1,1.0,1,0.13602361800308077,51
2354,2,4994,1765,3229,0,0,0,1.0,1,1.0,1,1.0,1,0.16474455423148637,51
2355,0,4994,1765,3229,0,0,0,1.0,1,1.0,1,1.0,1,0.16702634397648702,50
2356,7,5001,1765,3236,0,0,0,1.0,1,1.0,1,1.0,1,0.1272195132456018,50
2357,6,5007,1766,3241,0,0,0,1.0,1,1.0,1,1.0,1,0.10744986131010326,49
2358,3,5010,1766,3244,0,0,0,1.0,1,1.0,1,1.0,1,0.07600481955027345,51
2359,2,5012,1766,3246,0,0,0,1.0,1,1.0,1,1.0,1,0.07702873253135815,51
2360,1,5013,1766,3247,0,0,0,1.0,1,1.0,1,1.0,1,0.06436883789523036,51
2361,1,5014,1767,3247,0,0,0,1.0,1,1.0,1,1.0,1,0.09601820845327073,52
2362,5,5019,1769,3250,0,0,0,1.0,1,1.0,1,1.0,1,0.09761446707459497,53
2363,4,5023,1770,3253,0,0,0,1.0,1,1.0,1,1.0,1,0.12319144457154638,54
2364,2,5025,1770,3255,0,0,0,1.0,1,1.0,1,1.0,1,0.12301131130299728,55
2365,6,5031,1771,3260,0,0,0,1.0,1,1.0,1,1.0,1,0.1668766265649893,53
2366,4,5035,1772,3263,0,0,0,1.0,1,1.0,1,1.0,1,0.10904763193844509,53
2367,2,5037,1774,3263,0,0,0,1.0,1,1.0,1,1.0,1,0.183796540243394,51
2368,4,5041,1776,3265,0,0,0,1.0,1,1.0,1,1.0,1,0.1614620652000578,50
2369,1,5042,1777,3265,0,0,0,1.0,1,1.0,1,1.0,1,0.18721746010386564,47
2370,0,5042,1777,3265,0,0,0,1.0,1,1.0,1,1.0,1,0.1813905985613382,48
2371,6,5048,1778,3270,0,0,0,1.0,1,1.0,1,1.0,1,0.1735000035506652,49
2372,1,5049,1778,3271,0,0,0,1.0,1,1.0,1,1.0,1,0.1950478084303037,48
2373,6,5055,1779,3276,0,0,0,1.0,1,1.0,1,1.0,1,0.1692470676536837,49
2374,5,5060,1779,3281,0,0,0,1.0,1,1.0,1,1.0,1,0.14924895090156892,50
2375,3,5063,1780,3283,0,0,0,1.0,1,1.0,1,1.0,1,0.16522013167197525,50
2376,1,5064,1780,3284,0,0,0,1.0,1,1.0,1,1.0,1,0.16528726480265715,50
2377,0,5064,1780,3284,0,0,0,1.0,1,1.0,1,1.0,1,0.16754970880139644,49
2378,0,5064,1780,3284,0,0,0,1.0,1,1.0,1,1.0,1,0.16754970880139644,49
2379,4,5068,1781,3287,0,0,0,1.0,1,1.0,1,1.0,1,0.1828953790633125,50
2380,3,5071,1782,3289,0,0,0,1.0,1,1.0,1,1.0,1,0.1722398217304537,50
2381,3,5074,1783,3291,0,0,0,1.0,1,1.0,1,1.0,1,0.17377507109691476,51
2382,4,5078,1785,3293,0,0,0,1.0,1,1.0,1,1.0,1,0.17550438020553397,51
2383,1,5079,1786,3293,0,0,0,1.0,1,1.0,1,1.0,1,0.17769017006288584,52
2384,3,5082,1787,3295,0,0,0,1.0,1,1.0,1,1.0,1,0.16332025464215244,52
2385,2,5084,1788,3296,0,0,0,1.0,1,1.0,1,1.0,1,0.16206024029858768,51
2386,7,5091,1790,3301,0,0,0,1.0,1,1.0,1,1.0,1,0.16312301848384692,52
2387,4,5095,1791,3304,0,0,0,1.0,1,1.0,1,1.0,1,0.14641173359641196,49
2388,2,5097,1793,3304,0,0,0,1.0,1,1.0,1,1.0,1,0.1748110540909903,48
2389,5,5102,1797,3305,0,0,0,1.0,1,1.0,1,1.0,1,0.2031845274269518,48
2390,2,5104,1797,3307,0,0,0,1.0,1,1.0,1,1.0,1,0.19516951416704847,49
2391,7,5111,1799,3312,0,0,0,1.0,1,1.0,1,1.0,1,0.1804938895952817,48
2392,4,5115,1800,3315,0,0,0,1.0,1,1.0,1,1.0,1,0.1449625349018519,49
2393,2,5117,1801,3316,0,0,0,1.0,1,1.0,1,1.0,1,0.1485636904743364,50
2394,5,5122,1804,3318,0,0,0,1.0,1,1.0,1,1.0,1,0.1686294266900888,50
2395,3,5125,1806,3319,0,0,0,1.0,1,1.0,1,1.0,1,0.18555368089947286,49
2396,4,5129,1806,3323,0,0,0,1.0,1,1.0,1,1.0,1,0.15271529936137124,50
2397,4,5133,1808,3325,0,0,0,1.0,1,1.0,1,1.0,1,0.17831571948552372,51
2398,5,5138,1810,3328,0,0,0,1.0,1,1.0,1,1.0,1,0.13810483976753357,49
2399,0,5138,1810,3328,0,0,0,1.0,1,1.0,1,1.0,1,0.13131096172081366,50
2400,0,5138,1810,3328,0,0,0,1.0,1,1.0,1,1.0,1,0.14084239400540366,51
2401,0,5138,1810,3328,0,0,0,1.0,1,1.0,1,1.0,1,0.1536457150253579,50
2402,0,5138,1810,3328,0,0,0,1.0,1,1.0,1,1.0,1,0.14977048860119285,51
2403,0,5138,1810,3328,0,0,0,1.0,1,1.0,1,1.0,1,0.15104130408640157,52
2404,3,5141,1810,3331,0,0,0,1.0,1,1.0,1,1.0,1,0.12903104851003305,53
2405,1,5142,1810,3332,0,0,0,1.0,1,1.0,1,1.0,1,0.11302972087294075,52
2406,1,5143,1811,3332,0,0,0,1.0,1,1.0,1,1.0,1,0.12883981092868108,52
2407,0,5143,1811,3332,0,0,0,1.0,1,1.0,1,1.0,1,0.14168960922019969,51
2408,1,5144,1812,3332,0,0,0,1.0,1,1.0,1,1.0,1,0.15272953484635987,50
2409,0,5144,1812,3332,0,0,0,1.0,1,1.0,1,1.0,1,0.16963814130080945,50
2410,2,5146,1813,3333,0,0,0,1.0,1,1.0,1,1.0,1,0.19526028022881772,49
2411,3,5149,1814,3335,0,0,0,1.0,1,1.0,1,1.0,1,0.22462274388983985,48
2412,1,5150,1814,3336,0,0,0,1.0,1,1.0,1,1.0,1,0.22371743371684932,47
2413,1,5151,1814,3337,0,0,0,1.0,1,1.0,1,1.0,1,0.20245386302834809,47
2414,2,5153,1814,3339,0,0,0,1.0,1,1.0,1,1.0,1,0.20968195031980144,47
2415,3,5156,1814,3342,0,0,0,1.0,1,1.0,1,1.0,1,0.2204797948810822,46
2416,2,5158,1815,3343,0,0,0,1.0,1,1.0,1,1.0,1,0.20909423005329422,47
2417,1,5159,1815,3344,0,0,0,1.0,1,1.0,1,1.0,1,0.20654738646570234,46
2418,4,5163,1816,3347,0,0,0,1.0,1,1.0,1,1.0,1,0.1801552303547826,48
2419,2,5165,1816,3349,0,0,0,1.0,1,1.0,1,1.0,1,0.1642309357780031,47
2420,2,5167,1816,3351,0,0,0,1.0,1,1.0,1,1.0,1,0.14283111816506833,49
2421,1,5168,1816,3352,0,0,0,1.0,1,1.0,1,1.0,1,0.1308069030245567,50
2422,4,5172,1819,3353,0,0,0,1.0,1,1.0,1,1.0,1,0.10929579184174058,50
2423,1,5173,1820,3353,0,0,0,1.0,1,1.0,1,1.0,1,0.1272969789700514,51
2424,5,5178,1824,3354,0,0,0,1.0,1,1.0,1,1.0,1,0.13237825346527834,50
2425,0,5178,1824,3354,0,0,0,1.0,1,1.0,1,1.0,1,0.12088992813625622,48
2426,4,5182,1827,3355,0,0,0,1.0,1,1.0,1,1.0,1,0.113886157867628,51
2427,2,5184,1829,3355,0,0,0,1.0,1,1.0,1,1.0,1,0.1251131864107616,50
2428,1,5185,1829,3356,0,0,0,1.0,1,1.0,1,1.0,1,0.12819326706612533,49
2429,2,5187,1831,3356,0,0,0,1.0,1,1.0,1,1.0,1,0.1376337276137805,49
2430,0,5187,1831,3356,0,0,0,1.0,1,1.0,1,1.0,1,0.17336892978518795,46
2431,4,5191,1832,3359,0,0,0,1.0,1,1.0,1,1.0,1,0.14877118162836875,45
2432,3,5194,1833,3361,0,0,0,1.0,1,1.0,1,1.0,1,0.22089526175335397,44
2433,2,5196,1834,3362,0,0,0,1.0,1,1.0,1,1.0,1,0.15390061102824928,45
2434,1,5197,1835,3362,0,0,0,1.0,1,1.0,1,1.0,1,0.18228483183437455,44
2435,2,5199,1835,3364,0,0,0,1.0,1,1.0,1,1.0,1,0.13779836614111743,44
2436,1,5200,1835,3365,0,0,0,1.0,1,1.0,1,1.0,1,0.1118864593196389,44
2437,3,5203,1836,3367,0,0,0,1.0,1,1.0,1,1.0,1,0.09926862981526027,45
2438,1,5204,1837,3367,0,0,0,1.0,1,1.0,1,1.0,1,0.12331038716198091,45
2439,4,5208,1837,3371,0,0,0,1.0,1,1.0,1,1.0,1,0.13696886214766482,46
2440,0,5208,1837,3371,0,0,0,1.0,1,1.0,1,1.0,1,0.15166391091892242,45
2441,4,5212,1837,3375,0,0,0,1.0,1,1.0,1,1.0,1,0.0881507741468222,45
2442,0,5212,1837,3375,0,0,0,1.0,1,1.0,1,1.0,1,0.08035126571095486,46
2443,0,5212,1837,3375,0,0,0,1.0,1,1.0,1,1.0,1,0.10819500553346885,45
2444,6,5218,1842,3376,0,0,0,1.0,1,1.0,1,1.0,1,0.21621645955103982,46
2445,3,5221,1843,3378,0,0,0,1.0,1,1.0,1,1.0,1,0.22703541303550884,44
2446,8,5229,1847,3382,0,0,0,1.0,1,1.0,1,1.0,1,0.1818208110173457,44
2447,2,5231,1848,3383,0,0,0,1.0,1,1.0,1,1.0,1,0.1710062992608155,42
2448,2,5233,1850,3383,0,0,0,1.0,1,1.0,1,1.0,1,0.18769528817128067,41
2449,1,5234,1851,3383,0,0,0,1.0,1,1.0,1,1.0,1,0.23403715218954413,40
2450,3,5237,1853,3384,0,0,0,1.0,1,1.0,1,1.0,1,0.21278170777381197,42
2451,7,5244,1853,3391,0,0,0,1.0,1,1.0,1,1.0,1,0.160196435478531,43
2452,1,5245,1853,3392,0,0,0,1.0,1,1.0,1,1.0,1,0.16527712869463637,43
2453,0,5245,1853,3392,0,0,0,1.0,1,1.0,1,1.0,1,0.1948896627817581,45
2454,2,5247,1854,3393,0,0,0,1.0,1,1.0,1,1.0,1,0.18738038434806684,47
2455,0,5247,1854,3393,0,0,0,1.0,1,1.0,1,1.0,1,0.19169113447898453,48
2456,5,5252,1856,3396,0,0,0,1.0,1,1.0,1,1.0,1,0.19913624036149483,49
2457,1,5253,1857,3396,0,0,0,1.0,1,1.0,1,1.0,1,0.23791344662883276,48
2458,1,5254,1857,3397,0,0,0,1.0,1,1.0,1,1.0,1,0.2298365162509235,49
2459,2,5256,1857,3399,0,0,0,1.0,1,1.0,1,1.0,1,0.21090877068984937,49
2460,4,5260,1858,3402,0,0,0,1.0,1,1.0,1,1.0,1,0.2239529781902494,50
2461,3,5263,1858,3405,0,0,0,1.0,1,1.0,1,1.0,1,0.1804713646558249,50
2462,6,5269,1861,3408,0,0,0,1.0,1,1.0,1,1.0,1,0.1853971877140983,51
2463,4,5273,1862,3411,0,0,0,1.0,1,1.0,1,1.0,1,0.17962654879211865,51
2464,3,5276,1864,3412,0,0,0,1.0,1,1.0,1,1.0,1,0.18683464777593703,50
2465,4,5280,1866,3414,0,0,0,1.0,1,1.0,1,1.0,1,0.17995672401499557,49
2466,2,5282,1867,3415,0,0,0,1.0,1,1.0,1,1.0,1,0.1482946240748836,49
2467,0,5282,1867,3415,0,0,0,1.0,1,1.0,1,1.0,1,0.16193338400119697,48
2468,3,5285,1870,3415,0,0,0,1.0,1,1.0,1,1.0,1,0.17869080723915798,47
2469,1,5286,1871,3415,0,0,0,1.0,1,1.0,1,1.0,1,0.14980534438178028,46
2470,1,5287,1872,3415,0,0,0,1.0,1,1.0,1,1.0,1,0.16170113571635658,44
2471,6,5293,1873,3420,0,0,0,1.0,1,1.0,1,1.0,1,0.11076626192855041,44
2472,1,5294,1873,3421,0,0,0,1.0,1,1.0,1,1.0,1,0.13043892704284385,44
2473,3,5297,1874,3423,0,0,0,1.0,1,1.0,1,1.0,1,0.12938262137770756,43
2474,3,5300,1876,3424,0,0,0,1.0,1,1.0,1,1.0,1,0.14960995941514513,44
2475,3,5303,1877,3426,0,0,0,1.0,1,1.0,1,1.0,1,0.1443107009168534,46
2476,1,5304,1877,3427,0,0,0,1.0,1,1.0,1,1.0,1,0.10813335802744745,46
2477,2,5306,1877,3429,0,0,0,1.0,1,1.0,1,1.0,1,0.07843730122673295,46
2478,0,5306,1877,3429,0,0,0,1.0,1,1.0,1,1.0,1,0.07843730122673295,46
2479,0,5306,1877,3429,0,0,0,1.0,1,1.0,1,1.0,1,0.07843730122673295,46
2480,1,5307,1878,3429,0,0,0,1.0,1,1.0,1,1.0,1,0.11332585316388225,47
2481,6,5313,1881,3432,0,0,0,1.0,1,1.0,1,1.0,1,0.11073817995360714,47
2482,2,5315,1882,3433,0,0,0,1.0,1,1.0,1,1.0,1,0.1185202784610521,45
2483,2,5317,1882,3435,0,0,0,1.0,1,1.0,1,1.0,1,0.12310963649522488,45
2484,3,5320,1883,3437,0,0,0,1.0,1,1.0,1,1.0,1,0.16606849689907713,46
2485,4,5324,1884,3440,0,0,0,1.0,1,1.0,1,1.0,1,0.14342023215755306,44
2486,2,5326,1884,3442,0,0,0,1.0,1,1.0,1,1.0,1,0.11386088804107887,43
2487,2,5328,1885,3443,0,0,0,1.0,1,1.0,1,1.0,1,0.11474123035348484,44
2488,1,5329,1886,3443,0,0,0,1.0,1,1.0,1,1.0,1,0.16422345036020675,45
2489,1,5330,1887,3443,0,0,0,1.0,1,1.0,1,1.0,1,0.21157029747359152,44
2490,4,5334,1889,3445,0,0,0,1.0,1,1.0,1,1.0,1,0.2012619561677873,44
2491,3,5337,1890,3447,0,0,0,1.0,1,1.0,1,1.0,1,0.2176593456165538,44
2492,1,5338,1890,3448,0,0,0,1.0,1,1.0,1,1.0,1,0.1983971164795169,44
2493,0,5338,1890,3448,0,0,0,1.0,1,1.0,1,1.0,1,0.22522919815564593,42
2494,5,5343,1892,3451,0,0,0,1.0,1,1.0,1,1.0,1,0.21576019975884453,42
2495,2,5345,1892,3453,0,0,0,1.0,1,1.0,1,1.0,1,0.16882317327182217,42
2496,1,5346,1893,3453,0,0,0,1.0,1,1.0,1,1.0,1,0.19404387751424818,42
2497,1,5347,1893,3454,0,0,0,1.0,1,1.0,1,1.0,1,0.17507813684289517,44
2498,0,5347,1893,3454,0,0,0,1.0,1,1.0,1,1.0,1,0.19066019069479517,43
2499,3,5350,1894,3456,0,0,0,1.0,1,1.0,1,1.0,1,0.16225721549016378,43
2500,2,5352,1894,3458,0,0,0,1.0,1,1.0,1,1.0,1,0.17349065909995365,44
2501,3,5355,1894,3461,0,0,0,1.0,1,1.0,1,1.0,1,0.14104131250438787,46
2502,2,5357,1896,3461,0,0,0,1.0,1,1.0,1,1.0,1,0.14286184331059684,47
2503,1,5358,1897,3461,0,0,0,1.0,1,1.0,1,1.0,1,0.15515199938899782,47
2504,2,5360,1898,3462,0,0,0,1.0,1,1.0,1,1.0,1,0.17402822400156043,46
2505,4,5364,1901,3463,0,0,0,1.0,1,1.0,1,1.0,1,0.22164442275495289,46
2506,9,5373,1902,3471,0,0,0,1.0,1,1.0,1,1.0,1,0.1891646577084344,45
2507,10,5383,1903,3480,0,0,0,1.0,1,1.0,1,1.0,1,0.18561464977278566,45
2508,6,5389,1903,3486,0,0,0,1.0,1,1.0,1,1.0,1,0.21064999944914842,46
2509,5,5394,1903,3491,0,0,0,1.0,1,1.0,1,1.0,1,0.1812099142768624,45
2510,6,5400,1904,3496,0,0,0,1.0,1,1.0,1,1.0,1,0.20699919353346286,46
2511,6,5406,1904,3502,0,0,0,1.0,1,1.0,1,1.0,1,0.1549336527298978,47
2512,2,5408,1905,3503,0,0,0,1.0,1,1.0,1,1.0,1,0.157328899185301,47
2513,2,5410,1906,3504,0,0,0,1.0,1,1.0,1,1.0,1,0.14343284443435608,48
2514,3,5413,1907,3506,0,0,0,1.0,1,1.0,1,1.0,1,0.16756397720763422,48
2515,5,5418,1907,3511,0,0,0,1.0,1,1.0,1,1.0,1,0.13187611998338136,49
2516,5,5423,1908,3515,0,0,0,1.0,1,1.0,1,1.0,1,0.12010444718394014,49
2517,2,5425,1909,3516,0,0,0,1.0,1,1.0,1,1.0,1,0.12629397143120136,49
2518,1,5426,1909,3517,0,0,0,1.0,1,1.0,1,1.0,1,0.12799112558537765,48
2519,0,5426,1909,3517,0,0,0,1.0,1,1.0,1,1.0,1,0.13595914354305183,48
2520,1,5427,1910,3517,0,0,0,1.0,1,1.0,1,1.0,1,0.17354747163448084,46
2521,4,5431,1912,3519,0,0,0,1.0,1,1.0,1,1.0,1,0.17993372093865687,47
2522,2,5433,1913,3520,0,0,0,1.0,1,1.0,1,1.0,1,0.19967631047827078,45
2523,1,5434,1914,3520,0,0,0,1.0,1,1.0,1,1.0,1,0.22532563859345475,44
2524,0,5434,1914,3520,0,0,0,1.0,1,1.0,1,1.0,1,0.2437050826198239,42
2525,4,5438,1916,3522,0,0,0,1.0,1,1.0,1,1.0,1,0.2545960029423095,42
2526,3,5441,1916,3525,0,0,0,1.0,1,1.0,1,1.0,1,0.19516269460359903,41
2527,0,5441,1916,3525,0,0,0,1.0,1,1.0,1,1.0,1,0.19516269460359903,41
2528,3,5444,1916,3528,0,0,0,1.0,1,1.0,1,1.0,1,0.1411778103887023,41
2529,0,5444,1916,3528,0,0,0,1.0,1,1.0,1,1.0,1,0.15501091050229632,42
2530,0,5444,1916,3528,0,0,0,1.0,1,1.0,1,1.0,1,0.17375491085665726,41
2531,3,5447,1916,3531,0,0,0,1.0,1,1.0,1,1.0,1,0.13103175292538516,41
2532,0,5447,1916,3531,0,0,0,1.0,1,1.0,1,1.0,1,0.15486884900466666,43
2533,0,5447,1916,3531,0,0,0,1.0,1,1.0,1,1.0,1,0.15486884900466666,43
2534,0,5447,1916,3531,0,0,0,1.0,1,1.0,1,1.0,1,0.15486884900466666,43
2535,1,5448,1916,3532,0,0,0,1.0,1,1.0,1,1.0,1,0.1605200007615298,44
2536,1,5449,1916,3533,0,0,0,1.0,1,1.0,1,1.0,1,0.14422955350038447,44
2537,1,5450,1916,3534,0,0,0,1.0,1,1.0,1,1.0,1,0.14576567646598165,45
2538,3,5453,1916,3537,0,0,0,1.0,1,1.0,1,1.0,1,0.15841508796846454,48
2539,7,5460,1918,3542,0,0,0,1.0,1,1.0,1,1.0,1,0.17004509994561445,48
2540,7,5467,1919,3548,0,0,0,1.0,1,1.0,1,1.0,1,0.18188912526155368,50
2541,4,5471,1921,3550,0,0,0,1.0,1,1.0,1,1.0,1,0.2070284659142236,52
2542,4,5475,1924,3551,0,0,0,1.0,1,1.0,1,1.0,1,0.22826053508164248,52
2543,3,5478,1926,3552,0,0,0,1.0,1,1.0,1,1.0,1,0.2454883160728101,51
2544,4,5482,1930,3552,0,0,0,1.0,1,1.0,1,1.0,1,0.2681996751538679,51
2545,2,5484,1930,3554,0,0,0,1.0,1,1.0,1,1.0,1,0.2311354085449218,50
2546,7,5491,1932,3559,0,0,0,1.0,1,1.0,1,1.0,1,0.18280290270040966,50
2547,2,5493,1933,3560,0,0,0,1.0,1,1.0,1,1.0,1,0.18286948579274914,47
2548,0,5493,1933,3560,0,0,0,1.0,1,1.0,1,1.0,1,0.17437202495716642,46
2549,2,5495,1935,3560,0,0,0,1.0,1,1.0,1,1.0,1,0.18872123481865685,46
2550,3,5498,1937,3561,0,0,0,1.0,1,1.0,1,1.0,1,0.21155830175139784,44
2551,4,5502,1938,3564,0,0,0,1.0,1,1.0,1,1.0,1,0.12991328928203766,43
2552,1,5503,1938,3565,0,0,0,1.0,1,1.0,1,1.0,1,0.15660828061213275,43
2553,3,5506,1938,3568,0,0,0,1.0,1,1.0,1,1.0,1,0.12559249787150495,44
2554,1,5507,1939,3568,0,0,0,1.0,1,1.0,1,1.0,1,0.14193753162143244,45
2555,1,5508,1940,3568,0,0,0,1.0,1,1.0,1,1.0,1,0.1552187647378314,44
2556,3,5511,1940,3571,0,0,0,1.0,1,1.0,1,1.0,1,0.10327868861047952,44
2557,1,5512,1941,3571,0,0,0,1.0,1,1.0,1,1.0,1,0.13821612023110713,41
2558,0,5512,1941,3571,0,0,0,1.0,1,1.0,1,1.0,1,0.13718065240878252,40
2559,0,5512,1941,3571,0,0,0,1.0,1,1.0,1,1.0,1,0.15588268678174413,41
2560,0,5512,1941,3571,0,0,0,1.0,1,1.0,1,1.0,1,0.15588268678174413,41
2561,4,5516,1941,3575,0,0,0,1.0,1,1.0,1,1.0,1,0.1188033974508531,43
2562,1,5517,1942,3575,0,0,0,1.0,1,1.0,1,1.0,1,0.15642908886433374,44
2563,1,5518,1943,3575,0,0,0,1.0,1,1.0,1,1.0,1,0.19163102454816924,44
2564,4,5522,1945,3577,0,0,0,1.0,1,1.0,1,1.0,1,0.23039319163261898,44
2565,3,5525,1945,3580,0,0,0,1.0,1,1.0,1,1.0,1,0.25035113619368315,45
2566,5,5530,1946,3584,0,0,0,1.0,1,1.0,1,1.0,1,0.2620438520680325,46
2567,4,5534,1946,3588,0,0,0,1.0,1,1.0,1,1.0,1,0.22898383472561093,48
2568,6,5540,1947,3593,0,0,0,1.0,1,1.0,1,1.0,1,0.2361701333761147,48
2569,4,5544,1947,3597,0,0,0,1.0,1,1.0,1,1.0,1,0.24267245233612597,49
2570,3,5547,1947,3600,0,0,0,1.0,1,1.0,1,1.0,1,0.22554676126764883,48
2571,3,5550,1947,3603,0,0,0,1.0,1,1.0,1,1.0,1,0.1980876792341409,48
2572,3,5553,1947,3606,0,0,0,1.0,1,1.0,1,1.0,1,0.15356871904925817,49
2573,2,5555,1947,3608,0,0,0,1.0,1,1.0,1,1.0,1,0.12613432729386584,50
2574,2,5557,1948,3609,0,0,0,1.0,1,1.0,1,1.0,1,0.14050268354373263,49
2575,0,5557,1948,3609,0,0,0,1.0,1,1.0,1,1.0,1,0.14245067697577699,48
2576,2,5559,1949,3610,0,0,0,1.0,1,1.0,1,1.0,1,0.14324218076723355,48
2577,1,5560,1949,3611,0,0,0,1.0,1,1.0,1,1.0,1,0.14646407711638643,50
2578,0,5560,1949,3611,0,0,0,1.0,1,1.0,1,1.0,1,0.14646407711638643,50
2579,3,5563,1950,3613,0,0,0,1.0,1,1.0,1,1.0,1,0.14063263405278997,51
2580,2,5565,1951,3614,0,0,0,1.0,1,1.0,1,1.0,1,0.15677451663959646,52
2581,2,5567,1952,3615,0,0,0,1.0,1,1.0,1,1.0,1,0.1565646062327003,51
2582,2,5569,1953,3616,0,0,0,1.0,1,1.0,1,1.0,1,0.16653535873970005,51
2583,4,5573,1954,3619,0,0,0,1.0,1,1.0,1,1.0,1,0.1392210837094462,51
2584,4,5577,1956,3621,0,0,0,1.0,1,1.0,1,1.0,1,0.13187142067335858,51
2585,4,5581,1956,3625,0,0,0,1.0,1,1.0,1,1.0,1,0.13143655059028653,50
2586,5,5586,1959,3627,0,0,0,1.0,1,1.0,1,1.0,1,0.13788407752593265,50
2587,3,5589,1960,3629,0,0,0,1.0,1,1.0,1,1.0,1,0.06582667865338672,48
2588,4,5593,1962,3631,0,0,0,1.0,1,1.0,1,1.0,1,0.1189092784967724,50
2589,3,5596,1963,3633,0,0,0,1.0,1,1.0,1,1.0,1,0.09437337648462525,48
2590,0,5596,1963,3633,0,0,0,1.0,1,1.0,1,1.0,1,0.08478936158715969,47
2591,2,5598,1964,3634,0,0,0,1.0,1,1.0,1,1.0,1,0.05409492119179598,47
2592,2,5600,1965,3635,0,0,0,1.0,1,1.0,1,1.0,1,0.04854570666503113,47
2593,1,5601,1966,3635,0,0,0,1.0,1,1.0,1,1.0,1,0.08077652144552805,47
2594,6,5607,1968,3639,0,0,0,1.0,1,1.0,1,1.0,1,0.10728608084006759,49
2595,6,5613,1969,3644,0,0,0,1.0,1,1.0,1,1.0,1,0.08815699527196694,48
2596,5,5618,1971,3647,0,0,0,1.0,1,1.0,1,1.0,1,0.07720086256426593,47
2597,2,5620,1973,3647,0,0,0,1.0,1,1.0,1,1.0,1,0.066628017441539,48
2598,2,5622,1975,3647,0,0,0,1.0,1,1.0,1,1.0,1,0.06749705003120961,48
2599,1,5623,1976,3647,0,0,0,1.0,1,1.0,1,1.0,1,0.0823819668505634,49
2600,7,5630,1978,3652,0,0,0,1.0,1,1.0,1,1.0,1,0.1062505093878681,52
2601,2,5632,1980,3652,0,0,0,1.0,1,1.0,1,1.0,1,0.16041245655243797,51
2602,1,5633,1980,3653,0,0,0,1.0,1,1.0,1,1.0,1,0.15729312163684367,52
2603,4,5637,1980,3657,0,0,0,1.0,1,1.0,1,1.0,1,0.1664824794467331,53
2604,2,5639,1980,3659,0,0,0,1.0,1,1.0,1,1.0,1,0.1664824794467331,53
2605,2,5641,1980,3661,0,0,0,1.0,1,1.0,1,1.0,1,0.19383945345589784,52
2606,3,5644,1980,3664,0,0,0,1.0,1,1.0,1,1.0,1,0.18039288385247837,52
2607,2,5646,1981,3665,0,0,0,1.0,1,1.0,1,1.0,1,0.1646048057496688,52
2608,2,5648,1981,3667,0,0,0,1.0,1,1.0,1,1.0,1,0.1304363755382056,52
2609,4,5652,1981,3671,0,0,0,1.0,1,1.0,1,1.0,1,0.10071938081946552,53
2610,2,5654,1982,3672,0,0,0,1.0,1,1.0,1,1.0,1,0.11510721811735788,54
2611,3,5657,1984,3673,0,0,0,1.0,1,1.0,1,1.0,1,0.09466883010821756,54
2612,1,5658,1985,3673,0,0,0,1.0,1,1.0,1,1.0,1,0.10700107242336292,56
2613,5,5663,1988,3675,0,0,0,1.0,1,1.0,1,1.0,1,0.15093570321498065,56
2614,10,5673,1989,3684,0,0,0,1.0,1,1.0,1,1.0,1,0.14497673224069113,56
2615,3,5676,1989,3687,0,0,0,1.0,1,1.0,1,1.0,1,0.11458922315503858,57
2616,5,5681,1990,3691,0,0,0,1.0,1,1.0,1,1.0,1,0.11755433620304835,57
2617,5,5686,1991,3695,0,0,0,1.0,1,1.0,1,1.0,1,0.1030601687401742,58
2618,0,5686,1991,3695,0,0,0,1.0,1,1.0,1,1.0,1,0.1030601687401742,58
2619,1,5687,1991,3696,0,0,0,1.0,1,1.0,1,1.0,1,0.11688736354952299,58
2620,1,5688,1991,3697,0,0,0,1.0,1,1.0,1,1.0,1,0.11194926937439006,60
2621,2,5690,1991,3699,0,0,0,1.0,1,1.0,1,1.0,1,0.07773451529478424,59
2622,1,5691,1991,3700,0,0,0,1.0,1,1.0,1,1.0,1,0.09230555356737799,60
2623,1,5692,1992,3700,0,0,0,1.0,1,1.0,1,1.0,1,0.08129711811599565,59
2624,1,5693,1993,3700,0,0,0,1.0,1,1.0,1,1.0,1,0.11376940594969602,58
2625,5,5698,1996,3702,0,0,0,1.0,1,1.0,1,1.0,1,0.10236809663180395,58
2626,4,5702,1999,3703,0,0,0,1.0,1,1.0,1,1.0,1,0.12339139068396085,57
2627,0,5702,1999,3703,0,0,0,1.0,1,1.0,1,1.0,1,0.1170310729950971,55
2628,7,5709,2003,3706,0,0,0,1.0,1,1.0,1,1.0,1,0.130025817790117,55
2629,1,5710,2003,3707,0,0,0,1.0,1,1.0,1,1.0,1,0.13775433207654436,54
2630,2,5712,2003,3709,0,0,0,1.0,1,1.0,1,1.0,1,0.14069838890955622,55
2631,2,5714,2004,3710,0,0,0,1.0,1,1.0,1,1.0,1,0.12436289252983833,55
2632,1,5715,2005,3710,0,0,0,1.0,1,1.0,1,1.0,1,0.1462964337030634,55
2633,2,5717,2006,3711,0,0,0,1.0,1,1.0,1,1.0,1,0.11061804639223259,53
2634,1,5718,2006,3712,0,0,0,1.0,1,1.0,1,1.0,1,0.11140082365163345,52
2635,1,5719,2006,3713,0,0,0,1.0,1,1.0,1,1.0,1,0.0850474911941525,52
2636,2,5721,2008,3713,0,0,0,1.0,1,1.0,1,1.0,1,0.10525489395951788,51
2637,1,5722,2009,3713,0,0,0,1.0,1,1.0,1,1.0,1,0.09230032326251073,50
2638,1,5723,2010,3713,0,0,0,1.0,1,1.0,1,1.0,1,0.12833567010463282,48
2639,3,5726,2012,3714,0,0,0,1.0,1,1.0,1,1.0,1,0.14941364687710432,48
2640,1,5727,2013,3714,0,0,0,1.0,1,1.0,1,1.0,1,0.15791466995777906,46
2641,10,5737,2016,3721,0,0,0,1.0,1,1.0,1,1.0,1,0.12625863878848045,46
2642,10,5747,2021,3726,0,0,0,1.0,1,1.0,1,1.0,1,0.14018862495096493,47
2643,9,5756,2023,3733,0,0,0,1.0,1,1.0,1,1.0,1,0.1856384210224538,45
2644,6,5762,2026,3736,0,0,0,1.0,1,1.0,1,1.0,1,0.23574962136690938,44
2645,6,5768,2027,3741,0,0,0,1.0,1,1.0,1,1.0,1,0.20552892644965556,42
2646,3,5771,2027,3744,0,0,0,1.0,1,1.0,1,1.0,1,0.180004336115781,43
2647,1,5772,2027,3745,0,0,0,1.0,1,1.0,1,1.0,1,0.14013603439060388,40
2648,0,5772,2027,3745,0,0,0,1.0,1,1.0,1,1.0,1,0.1186819669024506,41
2649,1,5773,2027,3746,0,0,0,1.0,1,1.0,1,1.0,1,0.11094472209193229,43
2650,2,5775,2027,3748,0,0,0,1.0,1,1.0,1,1.0,1,0.10832772669435223,43
2651,0,5775,2027,3748,0,0,0,1.0,1,1.0,1,1.0,1,0.10430727658388056,44
2652,0,5775,2027,3748,0,0,0,1.0,1,1.0,1,1.0,1,0.10430727658388056,44
2653,0,5775,2027,3748,0,0,0,1.0,1,1.0,1,1.0,1,0.10430727658388056,44
2654,3,5778,2028,3750,0,0,0,1.0,1,1.0,1,1.0,1,0.1222893471382785,45
2655,2,5780,2029,3751,0,0,0,1.0,1,1.0,1,1.0,1,0.10305558461399668,45
2656,1,5781,2030,3751,0,0,0,1.0,1,1.0,1,1.0,1,0.11896696735089521,45
2657,0,5781,2030,3751,0,0,0,1.0,1,1.0,1,1.0,1,0.14450372470502132,45
2658,1,5782,2030,3752,0,0,0,1.0,1,1.0,1,1.0,1,0.13492380256214545,47
2659,0,5782,2030,3752,0,0,0,1.0,1,1.0,1,1.0,1,0.15437967618308338,46
2660,0,5782,2030,3752,0,0,0,1.0,1,1.0,1,1.0,1,0.15437967618308338,46
2661,2,5784,2030,3754,0,0,0,1.0,1,1.0,1,1.0,1,0.13437759179201098,46
2662,3,5787,2032,3755,0,0,0,1.0,1,1.0,1,1.0,1,0.12204775708458224,47
2663,6,5793,2033,3760,0,0,0,1.0,1,1.0,1,1.0,1,0.10435714253334752,46
2664,6,5799,2036,3763,0,0,0,1.0,1,1.0,1,1.0,1,0.12646420004121955,45
2665,3,5802,2039,3763,0,0,0,1.0,1,1.0,1,1.0,1,0.11078386554959195,47
2666,7,5809,2043,3766,0,0,0,1.0,1,1.0,1,1.0,1,0.10508487779970556,47
2667,3,5812,2045,3767,0,0,0,1.0,1,1.0,1,1.0,1,0.1457038456690183,45
2668,2,5814,2046,3768,0,0,0,1.0,1,1.0,1,1.0,1,0.10447762591878533,45
2669,3,5817,2048,3769,0,0,0,1.0,1,1.0,1,1.0,1,0.15869312771738517,45
2670,4,5821,2050,3771,0,0,0,1.0,1,1.0,1,1.0,1,0.09403458461088131,45
2671,2,5823,2052,3771,0,0,0,1.0,1,1.0,1,1.0,1,0.17554882702051078,41
2672,4,5827,2054,3773,0,0,0,1.0,1,1.0,1,1.0,1,0.1202659779511539,40
2673,0,5827,2054,3773,0,0,0,1.0,1,1.0,1,1.0,1,0.11197526840276997,39
2674,1,5828,2055,3773,0,0,0,1.0,1,1.0,1,1.0,1,0.15050708267226162,37
2675,0,5828,2055,3773,0,0,0,1.0,1,1.0,1,1.0,1,0.14688626728792578,35
2676,2,5830,2056,3774,0,0,0,1.0,1,1.0,1,1.0,1,0.15644525321668115,34
2677,1,5831,2056,3775,0,0,0,1.0,1,1.0,1,1.0,1,0.15577818662933118,32
2678,2,5833,2057,3776,0,0,0,1.0,1,1.0,1,1.0,1,0.20995094128279035,33
2679,3,5836,2059,3777,0,0,0,1.0,1,1.0,1,1.0,1,0.22996032111980255,33
2680,5,5841,2062,3779,0,0,0,1.0,1,1.0,1,1.0,1,0.25445868315789383,33
2681,5,5846,2063,3783,0,0,0,1.0,1,1.0,1,1.0,1,0.13768154445766534,32
2682,1,5847,2063,3784,0,0,0,1.0,1,1.0,1,1.0,1,0.11225441527862909,32
2683,3,5850,2064,3786,0,0,0,1.0,1,1.0,1,1.0,1,0.25744999949185593,32
2684,3,5853,2064,3789,0,0,0,1.0,1,1.0,1,1.0,1,0.16184179655554573,31
2685,3,5856,2065,3791,0,0,0,1.0,1,1.0,1,1.0,1,0.16549152597763897,30
2686,3,5859,2065,3794,0,0,0,1.0,1,1.0,1,1.0,1,0.12228672751848753,29
2687,0,5859,2065,3794,0,0,0,1.0,1,1.0,1,1.0,1,0.15616730925916825,28
2688,0,5859,2065,3794,0,0,0,1.0,1,1.0,1,1.0,1,0.15616730925916825,28
2689,1,5860,2065,3795,0,0,0,1.0,1,1.0,1,1.0,1,0.20289265488778244,29
2690,0,5860,2065,3795,0,0,0,1.0,1,1.0,1,1.0,1,0.20289265488778244,29
2691,2,5862,2066,3796,0,0,0,1.0,1,1.0,1,1.0,1,0.16654133637759805,29
2692,2,5864,2066,3798,0,0,0,1.0,1,1.0,1,1.0,1,0.16859234698422415,31
2693,4,5868,2068,3800,0,0,0,1.0,1,1.0,1,1.0,1,0.2448776446462654,32
2694,4,5872,2068,3804,0,0,0,1.0,1,1.0,1,1.0,1,0.2448776446462654,32
2695,4,5876,2068,3808,0,0,0,1.0,1,1.0,1,1.0,1,0.2215391402449648,33
2696,5,5881,2069,3812,0,0,0,1.0,1,1.0,1,1.0,1,0.15311511910837267,33
2697,0,5881,2069,3812,0,0,0,1.0,1,1.0,1,1.0,1,0.13992933891636494,34
2698,1,5882,2070,3812,0,0,0,1.0,1,1.0,1,1.0,1,0.1439960591325027,34
2699,1,5883,2071,3812,0,0,0,1.0,1,1.0,1,1.0,1,0.17498032692479198,36
2700,1,5884,2071,3813,0,0,0,1.0,1,1.0,1,1.0,1,0.15470921601953078,36
2701,2,5886,2071,3815,0,0,0,1.0,1,1.0,1,1.0,1,0.1375634831584894,36
2702,1,5887,2072,3815,0,0,0,1.0,1,1.0,1,1.0,1,0.18477611374917424,36
2703,6,5893,2075,3818,0,0,0,1.0,1,1.0,1,1.0,1,0.19291992546682066,38
2704,3,5896,2076,3820,0,0,0,1.0,1,1.0,1,1.0,1,0.22199953121740393,37
2705,4,5900,2077,3823,0,0,0,1.0,1,1.0,1,1.0,1,0.13239105250388356,36
2706,2,5902,2078,3824,0,0,0,1.0,1,1.0,1,1.0,1,0.14101549541686806,34
2707,0,5902,2078,3824,0,0,0,1.0,1,1.0,1,1.0,1,0.15327817772456048,36
2708,3,5905,2080,3825,0,0,0,1.0,1,1.0,1,1.0,1,0.14464983718551244,36
2709,2,5907,2081,3826,0,0,0,1.0,1,1.0,1,1.0,1,0.1249498428905833,33
2710,2,5909,2083,3826,0,0,0,1.0,1,1.0,1,1.0,1,0.15839956897102425,32
2711,0,5909,2083,3826,0,0,0,1.0,1,1.0,1,1.0,1,0.13671638356734997,29
2712,0,5909,2083,3826,0,0,0,1.0,1,1.0,1,1.0,1,0.1608673665518179,28
2713,0,5909,2083,3826,0,0,0,1.0,1,1.0,1,1.0,1,0.19230538596891994,28
2714,0,5909,2083,3826,0,0,0,1.0,1,1.0,1,1.0,1,0.21433215788109897,25
2715,2,5911,2085,3826,0,0,0,1.0,1,1.0,1,1.0,1,0.34251579669708404,24
2716,3,5914,2086,3828,0,0,0,1.0,1,1.0,1,1.0,1,0.2564768227936792,23
2717,2,5916,2087,3829,0,0,0,1.0,1,1.0,1,1.0,1,0.14929980777926652,24
2718,0,5916,2087,3829,0,0,0,1.0,1,1.0,1,1.0,1,0.14929980777926652,24
2719,3,5919,2087,3832,0,0,0,1.0,1,1.0,1,1.0,1,0.09577945885224043,25
2720,1,5920,2088,3832,0,0,0,1.0,1,1.0,1,1.0,1,0.14561343369005889,25
2721,2,5922,2090,3832,0,0,0,1.0,1,1.0,1,1.0,1,0.21062230483999975,26
2722,1,5923,2091,3832,0,0,0,1.0,1,1.0,1,1.0,1,0.23962681744542005,26
2723,3,5926,2093,3833,0,0,0,1.0,1,1.0,1,1.0,1,0.20864552177431575,26
2724,3,5929,2094,3835,0,0,0,1.0,1,1.0,1,1.0,1,0.18120750836102906,27
2725,1,5930,2094,3836,0,0,0,1.0,1,1.0,1,1.0,1,0.1353606136774999,27
2726,1,5931,2094,3837,0,0,0,1.0,1,1.0,1,1.0,1,0.1026618901207466,28
2727,0,5931,2094,3837,0,0,0,1.0,1,1.0,1,1.0,1,0.10702516324885099,29
2728,0,5931,2094,3837,0,0,0,1.0,1,1.0,1,1.0,1,0.12477772153208423,28
2729,0,5931,2094,3837,0,0,0,1.0,1,1.0,1,1.0,1,0.12477772153208423,28
2730,0,5931,2094,3837,0,0,0,1.0,1,1.0,1,1.0,1,0.14481802017737083,29
2731,1,5932,2094,3838,0,0,0,1.0,1,1.0,1,1.0,1,0.13165302503080822,30
2732,2,5934,2096,3838,0,0,0,1.0,1,1.0,1,1.0,1,0.194209752856665,29
2733,1,5935,2097,3838,0,0,0,1.0,1,1.0,1,1.0,1,0.23626326690893987,29
2734,1,5936,2097,3839,0,0,0,1.0,1,1.0,1,1.0,1,0.21835975861912696,29
2735,1,5937,2098,3839,0,0,0,1.0,1,1.0,1,1.0,1,0.2531452217386055,29
2736,4,5941,2098,3843,0,0,0,1.0,1,1.0,1,1.0,1,0.15415616726724096,30
2737,0,5941,2098,3843,0,0,0,1.0,1,1.0,1,1.0,1,0.15415616726724096,30
2738,2,5943,2100,3843,0,0,0,1.0,1,1.0,1,1.0,1,0.19766627519483781,29
2739,2,5945,2100,3845,0,0,0,1.0,1,1.0,1,1.0,1,0.1819575827009574,30
2740,1,5946,2100,3846,0,0,0,1.0,1,1.0,1,1.0,1,0.1937952343991537,29
2741,1,5947,2100,3847,0,0,0,1.0,1,1.0,1,1.0,1,0.17724970555829933,29
2742,1,5948,2101,3847,0,0,0,1.0,1,1.0,1,1.0,1,0.18605724422036662,29
2743,1,5949,2101,3848,0,0,0,1.0,1,1.0,1,1.0,1,0.2009209936406254,30
2744,3,5952,2104,3848,0,0,0,1.0,1,1.0,1,1.0,1,0.3264183149001809,28
2745,1,5953,2104,3849,0,0,0,1.0,1,1.0,1,1.0,1,0.2970592232534166,27
2746,5,5958,2105,3853,0,0,0,1.0,1,1.0,1,1.0,1,0.21454914320933538,26
2747,2,5960,2106,3854,0,0,0,1.0,1,1.0,1,1.0,1,0.2904694538888027,22
2748,2,5962,2106,3856,0,0,0,1.0,1,1.0,1,1.0,1,0.3316141972853066,22
2749,2,5964,2106,3858,0,0,0,1.0,1,1.0,1,1.0,1,0.41913685639366255,20
2750,1,5965,2106,3859,0,0,0,1.0,1,1.0,1,1.0,1,0.4446945420680488,17
2751,1,5966,2106,3860,0,0,0,1.0,1,1.0,1,1.0,1,0.3906451971226539,17
2752,2,5968,2106,3862,0,0,0,1.0,1,1.0,1,1.0,1,0.24126614209571387,16
2753,2,5970,2107,3863,0,0,0,1.0,1,1.0,1,1.0,1,0.2565640301898978,16
2754,1,5971,2108,3863,0,0,0,1.0,1,1.0,1,1.0,1,0.3474600228294925,16
2755,2,5973,2108,3865,0,0,0,1.0,1,1.0,1,1.0,1,0.3474600228294925,16
2756,2,5975,2108,3867,0,0,0,1.0,1,1.0,1,1.0,1,0.28232797509035334,17
2757,1,5976,2108,3868,0,0,0,1.0,1,1.0,1,1.0,1,0.27202749207683746,18
2758,0,5976,2108,3868,0,0,0,1.0,1,1.0,1,1.0,1,0.27202749207683746,18
2759,1,5977,2109,3868,0,0,0,1.0,1,1.0,1,1.0,1,0.2909438128835892,19
2760,1,5978,2109,3869,0,0,0,1.0,1,1.0,1,1.0,1,0.2821543580926485,18
2761,0,5978,2109,3869,0,0,0,1.0,1,1.0,1,1.0,1,0.2821543580926485,18
2762,0,5978,2109,3869,0,0,0,1.0,1,1.0,1,1.0,1,0.2821543580926485,18
2763,0,5978,2109,3869,0,0,0,1.0,1,1.0,1,1.0,1,0.2821543580926485,18
2764,0,5978,2109,3869,0,0,0,1.0,1,1.0,1,1.0,1,0.2821543580926485,18
2765,2,5980,2109,3871,0,0,0,1.0,1,1.0,1,1.0,1,0.24497525667782194,18
2766,0,5980,2109,3871,0,0,0,1.0,1,1.0,1,1.0,1,0.24497525667782194,18
2767,0,5980,2109,3871,0,0,0,1.0,1,1.0,1,1.0,1,0.23710613054342825,17
2768,0,5980,2109,3871,0,0,0,1.0,1,1.0,1,1.0,1,0.23710613054342825,17
2769,0,5980,2109,3871,0,0,0,1.0,1,1.0,1,1.0,1,0.23710613054342825,17
2770,0,5980,2109,3871,0,0,0,1.0,1,1.0,1,1.0,1,0.23710613054342825,17
2771,0,5980,2109,3871,0,0,0,1.0,1,1.0,1,1.0,1,0.23710613054342825,17
2772,0,5980,2109,3871,0,0,0,1.0,1,1.0,1,1.0,1,0.23710613054342825,17
2773,2,5982,2111,3871,0,0,0,1.0,1,1.0,1,1.0,1,0.3449383491927985,17
2774,0,5982,2111,3871,0,0,0,1.0,1,1.0,1,1.0,1,0.30395272429009496,18
2775,2,5984,2112,3872,0,0,0,1.0,1,1.0,1,1.0,1,0.28440230188042204,20
2776,1,5985,2113,3872,0,0,0,1.0,1,1.0,1,1.0,1,0.3035075199299789,21
2777,3,5988,2114,3874,0,0,0,1.0,1,1.0,1,1.0,1,0.2986109923187338,21
2778,3,5991,2116,3875,0,0,0,1.0,1,1.0,1,1.0,1,0.3178948446074293,21
2779,1,5992,2117,3875,0,0,0,1.0,1,1.0,1,1.0,1,0.309618488181911,22
2780,2,5994,2117,3877,0,0,0,1.0,1,1.0,1,1.0,1,0.2650526947481883,22
2781,0,5994,2117,3877,0,0,0,1.0,1,1.0,1,1.0,1,0.2650526947481883,22
2782,0,5994,2117,3877,0,0,0,1.0,1,1.0,1,1.0,1,0.21622054242349012,23
2783,2,5996,2118,3878,0,0,0,1.0,1,1.0,1,1.0,1,0.19238193559141986,22
2784,3,5999,2120,3879,0,0,0,1.0,1,1.0,1,1.0,1,0.2637885751934193,21
2785,0,5999,2120,3879,0,0,0,1.0,1,1.0,1,1.0,1,0.23157678133250822,19
2786,0,5999,2120,3879,0,0,0,1.0,1,1.0,1,1.0,1,0.23157678133250822,19
2787,0,5999,2120,3879,0,0,0,1.0,1,1.0,1,1.0,1,0.2153055921543119,20
2788,0,5999,2120,3879,0,0,0,1.0,1,1.0,1,1.0,1,0.2153055921543119,20
2789,0,5999,2120,3879,0,0,0,1.0,1,1.0,1,1.0,1,0.24721363188389814,19
2790,0,5999,2120,3879,0,0,0,1.0,1,1.0,1,1.0,1,0.26266980596600403,20
2791,1,6000,2121,3879,0,0,0,1.0,1,1.0,1,1.0,1,0.32031812106513474,20
2792,1,6001,2121,3880,0,0,0,1.0,1,1.0,1,1.0,1,0.254790359616621,20
2793,0,6001,2121,3880,0,0,0,1.0,1,1.0,1,1.0,1,0.3016165426156961,19
2794,0,6001,2121,3880,0,0,0,1.0,1,1.0,1,1.0,1,0.2966838335427895,20
2795,0,6001,2121,3880,0,0,0,1.0,1,1.0,1,1.0,1,0.3157915485913402,21
2796,2,6003,2121,3882,0,0,0,1.0,1,1.0,1,1.0,1,0.24411841306873294,22
2797,0,6003,2121,3882,0,0,0,1.0,1,1.0,1,1.0,1,0.2889887684017625,21
2798,0,6003,2121,3882,0,0,0,1.0,1,1.0,1,1.0,1,0.2889887684017625,21
2799,0,6003,2121,3882,0,0,0,1.0,1,1.0,1,1.0,1,0.2718713463694665,20
2800,0,6003,2121,3882,0,0,0,1.0,1,1.0,1,1.0,1,0.2718713463694665,20
2801,2,6005,2121,3884,0,0,0,1.0,1,1.0,1,1.0,1,0.18971848988338577,20
2802,0,6005,2121,3884,0,0,0,1.0,1,1.0,1,1.0,1,0.18971848988338577,20
2803,1,6006,2122,3884,0,0,0,1.0,1,1.0,1,1.0,1,0.250165582153922,21
2804,3,6009,2123,3886,0,0,0,1.0,1,1.0,1,1.0,1,0.21557224458430974,22
2805,0,6009,2123,3886,0,0,0,1.0,1,1.0,1,1.0,1,0.21557224458430974,22
2806,4,6013,2124,3889,0,0,0,1.0,1,1.0,1,1.0,1,0.11716542860860824,23
2807,3,6016,2126,3890,0,0,0,1.0,1,1.0,1,1.0,1,0.20839823582039899,24
2808,3,6019,2128,3891,0,0,0,1.0,1,1.0,1,1.0,1,0.2152818149856172,24
2809,1,6020,2128,3892,0,0,0,1.0,1,1.0,1,1.0,1,0.19309428196793083,26
2810,0,6020,2128,3892,0,0,0,1.0,1,1.0,1,1.0,1,0.1520322178606805,26
2811,0,6020,2128,3892,0,0,0,1.0,1,1.0,1,1.0,1,0.11971542942174661,27
2812,0,6020,2128,3892,0,0,0,1.0,1,1.0,1,1.0,1,0.11971542942174661,27
2813,0,6020,2128,3892,0,0,0,1.0,1,1.0,1,1.0,1,0.14304333535593672,28
2814,2,6022,2130,3892,0,0,0,1.0,1,1.0,1,1.0,1,0.2685460429993979,29
2815,4,6026,2130,3896,0,0,0,1.0,1,1.0,1,1.0,1,0.14981190098182795,30
2816,3,6029,2130,3899,0,0,0,1.0,1,1.0,1,1.0,1,0.1291839090283741,31
2817,1,6030,2130,3900,0,0,0,1.0,1,1.0,1,1.0,1,0.15394368300352096,31
2818,3,6033,2131,3902,0,0,0,1.0,1,1.0,1,1.0,1,0.12412896002088389,32
2819,0,6033,2131,3902,0,0,0,1.0,1,1.0,1,1.0,1,0.12412896002088389,32
2820,0,6033,2131,3902,0,0,0,1.0,1,1.0,1,1.0,1,0.12077461047073744,33
2821,0,6033,2131,3902,0,0,0,1.0,1,1.0,1,1.0,1,0.1304127049934508,34
2822,0,6033,2131,3902,0,0,0,1.0,1,1.0,1,1.0,1,0.14774971632415604,35
2823,1,6034,2132,3902,0,0,0,1.0,1,1.0,1,1.0,1,0.16382732081507512,31
2824,5,6039,2135,3904,0,0,0,1.0,1,1.0,1,1.0,1,0.2371901673903128,33
2825,1,6040,2135,3905,0,0,0,1.0,1,1.0,1,1.0,1,0.20232867580638772,31
2826,3,6043,2136,3907,0,0,0,1.0,1,1.0,1,1.0,1,0.1982498919407473,31
2827,1,6044,2136,3908,0,0,0,1.0,1,1.0,1,1.0,1,0.1705046157615617,32
2828,2,6046,2137,3909,0,0,0,1.0,1,1.0,1,1.0,1,0.22401031320259673,33
2829,4,6050,2139,3911,0,0,0,1.0,1,1.0,1,1.0,1,0.19875300738401472,33
2830,2,6052,2139,3913,0,0,0,1.0,1,1.0,1,1.0,1,0.23091245023812818,32
2831,4,6056,2140,3916,0,0,0,1.0,1,1.0,1,1.0,1,0.14070896150236564,31
2832,1,6057,2141,3916,0,0,0,1.0,1,1.0,1,1.0,1,0.11997041142158407,30
2833,1,6058,2142,3916,0,0,0,1.0,1,1.0,1,1.0,1,0.13049102183767597,29
2834,3,6061,2144,3917,0,0,0,1.0,1,1.0,1,1.0,1,0.20835745991705912,29
2835,1,6062,2145,3917,0,0,0,1.0,1,1.0,1,1.0,1,0.29546031034410425,27
2836,5,6067,2145,3922,0,0,0,1.0,1,1.0,1,1.0,1,0.13556256011860765,27
2837,3,6070,2146,3924,0,0,0,1.0,1,1.0,1,1.0,1,0.15931183168699692,28
2838,3,6073,2147,3926,0,0,0,1.0,1,1.0,1,1.0,1,0.20770444879347535,29
2839,2,6075,2147,3928,0,0,0,1.0,1,1.0,1,1.0,1,0.23061586146058863,29
2840,3,6078,2147,3931,0,0,0,1.0,1,1.0,1,1.0,1,0.2529719454242657,29
2841,3,6081,2148,3933,0,0,0,1.0,1,1.0,1,1.0,1,0.18562798144136078,31
2842,3,6084,2148,3936,0,0,0,1.0,1,1.0,1,1.0,1,0.15664868425821443,32
2843,0,6084,2148,3936,0,0,0,1.0,1,1.0,1,1.0,1,0.15664868425821443,32
2844,1,6085,2148,3937,0,0,0,1.0,1,1.0,1,1.0,1,0.15253978296775958,33
2845,3,6088,2149,3939,0,0,0,1.0,1,1.0,1,1.0,1,0.11111873533129674,34
2846,1,6089,2150,3939,0,0,0,1.0,1,1.0,1,1.0,1,0.1241600277140059,34
2847,0,6089,2150,3939,0,0,0,1.0,1,1.0,1,1.0,1,0.13205998910049027,35
2848,3,6092,2151,3941,0,0,0,1.0,1,1.0,1,1.0,1,0.13951010849402187,37
2849,1,6093,2152,3941,0,0,0,1.0,1,1.0,1,1.0,1,0.16475948930928122,37
2850,0,6093,2152,3941,0,0,0,1.0,1,1.0,1,1.0,1,0.16475948930928122,37
2851,3,6096,2153,3943,0,0,0,1.0,1,1.0,1,1.0,1,0.10485407341346797,38
2852,0,6096,2153,3943,0,0,0,1.0,1,1.0,1,1.0,1,0.11920665253318329,36
2853,1,6097,2153,3944,0,0,0,1.0,1,1.0,1,1.0,1,0.14519883194400438,36
2854,1,6098,2153,3945,0,0,0,1.0,1,1.0,1,1.0,1,0.15988507483057698,37
2855,1,6099,2153,3946,0,0,0,1.0,1,1.0,1,1.0,1,0.1676752129666579,37
2856,1,6100,2153,3947,0,0,0,1.0,1,1.0,1,1.0,1,0.13482039173402904,38
2857,1,6101,2154,3947,0,0,0,1.0,1,1.0,1,1.0,1,0.18303360751842415,39
2858,3,6104,2154,3950,0,0,0,1.0,1,1.0,1,1.0,1,0.16428229417390947,39
2859,0,6104,2154,3950,0,0,0,1.0,1,1.0,1,1.0,1,0.16428229417390947,39
2860,1,6105,2154,3951,0,0,0,1.0,1,1.0,1,1.0,1,0.11144518350306028,40
2861,0,6105,2154,3951,0,0,0,1.0,1,1.0,1,1.0,1,0.08909108321706796,38
2862,9,6114,2162,3952,0,0,0,1.0,1,1.0,1,1.0,1,0.1468766551223812,38
2863,3,6117,2163,3954,0,0,0,1.0,1,1.0,1,1.0,1,0.16020788748839407,37
2864,6,6123,2169,3954,0,0,0,1.0,1,1.0,1,1.0,1,0.29318472421639696,35
2865,3,6126,2170,3956,0,0,0,1.0,1,1.0,1,1.0,1,0.2609642997700479,33
2866,5,6131,2171,3960,0,0,0,1.0,1,1.0,1,1.0,1,0.15035191535772519,31
2867,1,6132,2172,3960,0,0,0,1.0,1,1.0,1,1.0,1,0.1884092843853998,30
2868,2,6134,2174,3960,0,0,0,1.0,1,1.0,1,1.0,1,0.19346026816121556,31
2869,3,6137,2176,3961,0,0,0,1.0,1,1.0,1,1.0,1,0.24422539953004818,30
2870,0,6137,2176,3961,0,0,0,1.0,1,1.0,1,1.0,1,0.3032450100803532,26
2871,2,6139,2177,3962,0,0,0,1.0,1,1.0,1,1.0,1,0.28163271135226225,27
2872,0,6139,2177,3962,0,0,0,1.0,1,1.0,1,1.0,1,0.2686445180691178,25
2873,1,6140,2177,3963,0,0,0,1.0,1,1.0,1,1.0,1,0.273874554025255,24
2874,0,6140,2177,3963,0,0,0,1.0,1,1.0,1,1.0,1,0.2557956859404621,25
2875,1,6141,2177,3964,0,0,0,1.0,1,1.0,1,1.0,1,0.22491235850055463,26
2876,2,6143,2178,3965,0,0,0,1.0,1,1.0,1,1.0,1,0.24450036091593935,28
2877,0,6143,2178,3965,0,0,0,1.0,1,1.0,1,1.0,1,0.2611674268722597,29
2878,2,6145,2178,3967,0,0,0,1.0,1,1.0,1,1.0,1,0.17087828724390014,31
2879,0,6145,2178,3967,0,0,0,1.0,1,1.0,1,1.0,1,0.17087828724390014,31
2880,0,6145,2178,3967,0,0,0,1.0,1,1.0,1,1.0,1,0.17414446511902731,32
2881,0,6145,2178,3967,0,0,0,1.0,1,1.0,1,1.0,1,0.17087208287975234,31
2882,0,6145,2178,3967,0,0,0,1.0,1,1.0,1,1.0,1,0.17087208287975234,31
2883,1,6146,2178,3968,0,0,0,1.0,1,1.0,1,1.0,1,0.2108402355225259,32
2884,1,6147,2179,3968,0,0,0,1.0,1,1.0,1,1.0,1,0.22740614651142996,32
2885,3,6150,2180,3970,0,0,0,1.0,1,1.0,1,1.0,1,0.19296720962175848,33
2886,5,6155,2182,3973,0,0,0,1.0,1,1.0,1,1.0,1,0.12900112674012124,34
2887,2,6157,2182,3975,0,0,0,1.0,1,1.0,1,1.0,1,0.08935765139626717,34
2888,0,6157,2182,3975,0,0,0,1.0,1,1.0,1,1.0,1,0.08935765139626717,34
2889,2,6159,2183,3976,0,0,0,1.0,1,1.0,1,1.0,1,0.11983436615362424,37
2890,1,6160,2183,3977,0,0,0,1.0,1,1.0,1,1.0,1,0.09106706007774304,37
2891,5,6165,2186,3979,0,0,0,1.0,1,1.0,1,1.0,1,0.16592975849633454,37
2892,0,6165,2186,3979,0,0,0,1.0,1,1.0,1,1.0,1,0.16592975849633454,37
2893,1,6166,2186,3980,0,0,0,1.0,1,1.0,1,1.0,1,0.16600467800229174,38
2894,0,6166,2186,3980,0,0,0,1.0,1,1.0,1,1.0,1,0.15251080559948463,39
2895,1,6167,2187,3980,0,0,0,1.0,1,1.0,1,1.0,1,0.125737941064734,40
2896,2,6169,2188,3981,0,0,0,1.0,1,1.0,1,1.0,1,0.13662384009817027,41
2897,2,6171,2189,3982,0,0,0,1.0,1,1.0,1,1.0,1,0.13524425483353011,41
2898,3,6174,2190,3984,0,0,0,1.0,1,1.0,1,1.0,1,0.09282783850747003,41
2899,0,6174,2190,3984,0,0,0,1.0,1,1.0,1,1.0,1,0.0841362853938057,39
2900,3,6177,2192,3985,0,0,0,1.0,1,1.0,1,1.0,1,0.1605222590310431,40
2901,1,6178,2192,3986,0,0,0,1.0,1,1.0,1,1.0,1,0.14543956954459056,40
2902,2,6180,2194,3986,0,0,0,1.0,1,1.0,1,1.0,1,0.266594549405365,38
2903,1,6181,2194,3987,0,0,0,1.0,1,1.0,1,1.0,1,0.18928067831539097,36
2904,2,6183,2195,3988,0,0,0,1.0,1,1.0,1,1.0,1,0.2157656316052336,36
2905,1,6184,2196,3988,0,0,0,1.0,1,1.0,1,1.0,1,0.15371829389689423,35
2906,1,6185,2196,3989,0,0,0,1.0,1,1.0,1,1.0,1,0.14607815540486568,36
2907,1,6186,2197,3989,0,0,0,1.0,1,1.0,1,1.0,1,0.1905785429867605,37
2908,3,6189,2198,3991,0,0,0,1.0,1,1.0,1,1.0,1,0.22400946567842558,38
2909,1,6190,2199,3991,0,0,0,1.0,1,1.0,1,1.0,1,0.25753215358379283,37
2910,2,6192,2200,3992,0,0,0,1.0,1,1.0,1,1.0,1,0.2273294338558086,37
2911,5,6197,2200,3997,0,0,0,1.0,1,1.0,1,1.0,1,0.20214658941083619,36
2912,3,6200,2203,3997,0,0,0,1.0,1,1.0,1,1.0,1,0.21888766372298887,36
2913,1,6201,2203,3998,0,0,0,1.0,1,1.0,1,1.0,1,0.17764921565569372,36
2914,2,6203,2203,4000,0,0,0,1.0,1,1.0,1,1.0,1,0.15415934466536257,38
2915,1,6204,2204,4000,0,0,0,1.0,1,1.0,1,1.0,1,0.13904416114683557,37
2916,1,6205,2204,4001,0,0,0,1.0,1,1.0,1,1.0,1,0.1209280079677284,39
2917,4,6209,2205,4004,0,0,0,1.0,1,1.0,1,1.0,1,0.10995026355448789,40
2918,3,6212,2207,4005,0,0,0,1.0,1,1.0,1,1.0,1,0.18017185405154007,40
2919,3,6215,2208,4007,0,0,0,1.0,1,1.0,1,1.0,1,0.12606866804083014,42
2920,1,6216,2208,4008,0,0,0,1.0,1,1.0,1,1.0,1,0.1368325797276823,42
2921,3,6219,2208,4011,0,0,0,1.0,1,1.0,1,1.0,1,0.08336352468106871,42
2922,0,6219,2208,4011,0,0,0,1.0,1,1.0,1,1.0,1,0.06239791255146771,43
2923,0,6219,2208,4011,0,0,0,1.0,1,1.0,1,1.0,1,0.0770581149828077,45
2924,0,6219,2208,4011,0,0,0,1.0,1,1.0,1,1.0,1,0.08091111973543856,46
2925,0,6219,2208,4011,0,0,0,1.0,1,1.0,1,1.0,1,0.08091111973543856,46
2926,0,6219,2208,4011,0,0,0,1.0,1,1.0,1,1.0,1,0.08091111973543856,46
2927,2,6221,2209,4012,0,0,0,1.0,1,1.0,1,1.0,1,0.11628166868055148,48
2928,3,6224,2211,4013,0,0,0,1.0,1,1.0,1,1.0,1,0.12502566688275904,48
2929,0,6224,2211,4013,0,0,0,1.0,1,1.0,1,1.0,1,0.12502566688275904,48
2930,3,6227,2211,4016,0,0,0,1.0,1,1.0,1,1.0,1,0.11328321297519406,50
2931,2,6229,2212,4017,0,0,0,1.0,1,1.0,1,1.0,1,0.13155649099988725,51
2932,1,6230,2213,4017,0,0,0,1.0,1,1.0,1,1.0,1,0.1597643045824731,52
2933,0,6230,2213,4017,0,0,0,1.0,1,1.0,1,1.0,1,0.16330963756585903,53
2934,2,6232,2214,4018,0,0,0,1.0,1,1.0,1,1.0,1,0.1851226844669379,54
2935,5,6237,2216,4021,0,0,0,1.0,1,1.0,1,1.0,1,0.19973089969484528,53
2936,5,6242,2217,4025,0,0,0,1.0,1,1.0,1,1.0,1,0.17112957145423888,53
2937,0,6242,2217,4025,0,0,0,1.0,1,1.0,1,1.0,1,0.18873726915343067,51
2938,2,6244,2218,4026,0,0,0,1.0,1,1.0,1,1.0,1,0.21350020478904583,53
2939,3,6247,2219,4028,0,0,0,1.0,1,1.0,1,1.0,1,0.21436583044061683,52
2940,0,6247,2219,4028,0,0,0,1.0,1,1.0,1,1.0,1,0.21436583044061683,52
2941,7,6254,2219,4035,0,0,0,1.0,1,1.0,1,1.0,1,0.159560038820858,50
2942,4,6258,2220,4038,0,0,0,1.0,1,1.0,1,1.0,1,0.18831481535843472,50
2943,3,6261,2221,4040,0,0,0,1.0,1,1.0,1,1.0,1,0.18808053595936908,49
2944,6,6267,2221,4046,0,0,0,1.0,1,1.0,1,1.0,1,0.13405174759828467,48
2945,5,6272,2222,4050,0,0,0,1.0,1,1.0,1,1.0,1,0.1355216969655072,48
2946,7,6279,2224,4055,0,0,0,1.0,1,1.0,1,1.0,1,0.08461885461152768,47
2947,0,6279,2224,4055,0,0,0,1.0,1,1.0,1,1.0,1,0.09285576374811486,47
2948,1,6280,2224,4056,0,0,0,1.0,1,1.0,1,1.0,1,0.10818149918377885,48
2949,1,6281,2224,4057,0,0,0,1.0,1,1.0,1,1.0,1,0.10689084260447794,48
2950,0,6281,2224,4057,0,0,0,1.0,1,1.0,1,1.0,1,0.10689084260447794,48
2951,1,6282,2225,4057,0,0,0,1.0,1,1.0,1,1.0,1,0.15537039508818404,50
2952,0,6282,2225,4057,0,0,0,1.0,1,1.0,1,1.0,1,0.15537039508818404,50
2953,3,6285,2226,4059,0,0,0,1.0,1,1.0,1,1.0,1,0.1694599846852336,51
2954,1,6286,2226,4060,0,0,0,1.0,1,1.0,1,1.0,1,0.149709711159052,51
2955,2,6288,2227,4061,0,0,0,1.0,1,1.0,1,1.0,1,0.1616628581015679,51
2956,3,6291,2228,4063,0,0,0,1.0,1,1.0,1,1.0,1,0.15580746928741107,51
2957,4,6295,2228,4067,0,0,0,1.0,1,1.0,1,1.0,1,0.127625002059213,52
2958,2,6297,2229,4068,0,0,0,1.0,1,1.0,1,1.0,1,0.13265637802076172,52
2959,2,6299,2229,4070,0,0,0,1.0,1,1.0,1,1.0,1,0.10409975691851293,53
2960,1,6300,2229,4071,0,0,0,1.0,1,1.0,1,1.0,1,0.09421130338348473,52
2961,2,6302,2229,4073,0,0,0,1.0,1,1.0,1,1.0,1,0.0646864644595061,53
2962,0,6302,2229,4073,0,0,0,1.0,1,1.0,1,1.0,1,0.08035917024238662,54
2963,3,6305,2231,4074,0,0,0,1.0,1,1.0,1,1.0,1,0.10189991965083463,55
2964,3,6308,2231,4077,0,0,0,1.0,1,1.0,1,1.0,1,0.11472938195536059,55
2965,1,6309,2231,4078,0,0,0,1.0,1,1.0,1,1.0,1,0.13067796886357827,55
2966,1,6310,2231,4079,0,0,0,1.0,1,1.0,1,1.0,1,0.101557888044677,55
2967,1,6311,2231,4080,0,0,0,1.0,1,1.0,1,1.0,1,0.13274158801888772,56
2968,0,6311,2231,4080,0,0,0,1.0,1,1.0,1,1.0,1,0.13274158801888772,56
2969,1,6312,2232,4080,0,0,0,1.0,1,1.0,1,1.0,1,0.15275311914872677,55
2970,2,6314,2232,4082,0,0,0,1.0,1,1.0,1,1.0,1,0.14760226194493942,57
2971,5,6319,2232,4087,0,0,0,1.0,1,1.0,1,1.0,1,0.11073364575505311,56
2972,0,6319,2232,4087,0,0,0,1.0,1,1.0,1,1.0,1,0.12240989911192922,57
2973,2,6321,2232,4089,0,0,0,1.0,1,1.0,1,1.0,1,0.12774985902383018,59
2974,3,6324,2233,4091,0,0,0,1.0,1,1.0,1,1.0,1,0.13597535546973827,60
2975,4,6328,2234,4094,0,0,0,1.0,1,1.0,1,1.0,1,0.1817197903132509,58
2976,6,6334,2234,4100,0,0,0,1.0,1,1.0,1,1.0,1,0.09195854598093557,59
2977,4,6338,2235,4103,0,0,0,1.0,1,1.0,1,1.0,1,0.059543573007339604,59
2978,1,6339,2235,4104,0,0,0,1.0,1,1.0,1,1.0,1,0.07168196329389433,58
2979,1,6340,2236,4104,0,0,0,1.0,1,1.0,1,1.0,1,0.07471065353406046,57
2980,0,6340,2236,4104,0,0,0,1.0,1,1.0,1,1.0,1,0.08356480783475674,56
2981,3,6343,2238,4105,0,0,0,1.0,1,1.0,1,1.0,1,0.10645392863457882,56
2982,1,6344,2239,4105,0,0,0,1.0,1,1.0,1,1.0,1,0.12045986387200357,57
2983,4,6348,2241,4107,0,0,0,1.0,1,1.0,1,1.0,1,0.16797994243720846,57
2984,1,6349,2242,4107,0,0,0,1.0,1,1.0,1,1.0,1,0.15341588233671988,56
2985,3,6352,2243,4109,0,0,0,1.0,1,1.0,1,1.0,1,0.1652191395638224,55
2986,10,6362,2246,4116,0,0,0,1.0,1,1.0,1,1.0,1,0.09842430415006508,55
2987,2,6364,2247,4117,0,0,0,1.0,1,1.0,1,1.0,1,0.14327852333166177,51
2988,5,6369,2247,4122,0,0,0,1.0,1,1.0,1,1.0,1,0.13333404859382253,52
2989,4,6373,2247,4126,0,0,0,1.0,1,1.0,1,1.0,1,0.16475578470107508,50
2990,5,6378,2249,4129,0,0,0,1.0,1,1.0,1,1.0,1,0.19306187199288175,50
2991,7,6385,2249,4136,0,0,0,1.0,1,1.0,1,1.0,1,0.12619959039544895,50
2992,3,6388,2249,4139,0,0,0,1.0,1,1.0,1,1.0,1,0.1065548946646763,50
2993,4,6392,2249,4143,0,0,0,1.0,1,1.0,1,1.0,1,0.1046480740734653,51
2994,7,6399,2250,4149,0,0,0,1.0,1,1.0,1,1.0,1,0.09260644401797666,51
2995,5,6404,2250,4154,0,0,0,1.0,1,1.0,1,1.0,1,0.0956793084688123,51
2996,2,6406,2251,4155,0,0,0,1.0,1,1.0,1,1.0,1,0.09284598216611305,52
2997,2,6408,2252,4156,0,0,0,1.0,1,1.0,1,1.0,1,0.11695167354218255,52
2998,1,6409,2253,4156,0,0,0,1.0,1,1.0,1,1.0,1,0.15047219347061055,51
2999,1,6410,2253,4157,0,0,0,1.0,1,1.0,1,1.0,1,0.1407608008215388,51
3000,0,6410,2253,4157,0,0,0,1.0,1,1.0,1,1.0,1,0.1463137306171442,52
3001,1,6411,2253,4158,0,0,0,1.0,1,1.0,1,1.0,1,0.1363178471197072,52
3002,1,6412,2254,4158,0,0,0,1.0,1,1.0,1,1.0,1,0.1796510654485821,53
3003,3,6415,2254,4161,0,0,0,1.0,1,1.0,1,1.0,1,0.14584060458814574,54
3004,1,6416,2254,4162,0,0,0,1.0,1,1.0,1,1.0,1,0.15435497770957066,55
3005,2,6418,2254,4164,0,0,0,1.0,1,1.0,1,1.0,1,0.13974840597219015,56
3006,6,6424,2256,4168,0,0,0,1.0,1,1.0,1,1.0,1,0.13953603608018522,57
3007,2,6426,2256,4170,0,0,0,1.0,1,1.0,1,1.0,1,0.11989094152495357,58
3008,4,6430,2258,4172,0,0,0,1.0,1,1.0,1,1.0,1,0.1331711080745492,59
3009,1,6431,2258,4173,0,0,0,1.0,1,1.0,1,1.0,1,0.11365984309410948,59
3010,2,6433,2258,4175,0,0,0,1.0,1,1.0,1,1.0,1,0.10433627837616556,59
3011,1,6434,2259,4175,0,0,0,1.0,1,1.0,1,1.0,1,0.12228766454308146,59
3012,2,6436,2259,4177,0,0,0,1.0,1,1.0,1,1.0,1,0.10146816810380091,61
3013,2,6438,2260,4178,0,0,0,1.0,1,1.0,1,1.0,1,0.1010089415655181,59
3014,3,6441,2261,4180,0,0,0,1.0,1,1.0,1,1.0,1,0.11422122251366702,60
3015,2,6443,2262,4181,0,0,0,1.0,1,1.0,1,1.0,1,0.14355096803295309,58
3016,3,6446,2263,4183,0,0,0,1.0,1,1.0,1,1.0,1,0.14543313670200744,57
3017,1,6447,2264,4183,0,0,0,1.0,1,1.0,1,1.0,1,0.15435885037252514,58
3018,1,6448,2264,4184,0,0,0,1.0,1,1.0,1,1.0,1,0.1727042926184428,55
3019,3,6451,2266,4185,0,0,0,1.0,1,1.0,1,1.0,1,0.19315958773970165,56
3020,2,6453,2266,4187,0,0,0,1.0,1,1.0,1,1.0,1,0.2301448534740838,55
3021,6,6459,2268,4191,0,0,0,1.0,1,1.0,1,1.0,1,0.2008711928600253,55
3022,4,6463,2270,4193,0,0,0,1.0,1,1.0,1,1.0,1,0.2279679112241987,55
3023,2,6465,2271,4194,0,0,0,1.0,1,1.0,1,1.0,1,0.21255158973407592,54
3024,2,6467,2272,4195,0,0,0,1.0,1,1.0,1,1.0,1,0.19989260810327888,54
3025,4,6471,2275,4196,0,0,0,1.0,1,1.0,1,1.0,1,0.18529872367551983,54
3026,2,6473,2275,4198,0,0,0,1.0,1,1.0,1,1.0,1,0.12451136069175697,53
3027,3,6476,2277,4199,0,0,0,1.0,1,1.0,1,1.0,1,0.10099848622907763,53
3028,1,6477,2277,4200,0,0,0,1.0,1,1.0,1,1.0,1,0.10767040958985379,51
3029,0,6477,2277,4200,0,0,0,1.0,1,1.0,1,1.0,1,0.10614088501311526,51
3030,2,6479,2278,4201,0,0,0,1.0,1,1.0,1,1.0,1,0.13263497015794162,52
3031,5,6484,2279,4205,0,0,0,1.0,1,1.0,1,1.0,1,0.11048042412165601,51
3032,1,6485,2279,4206,0,0,0,1.0,1,1.0,1,1.0,1,0.0577566600697726,50
3033,4,6489,2280,4209,0,0,0,1.0,1,1.0,1,1.0,1,0.052944677797091895,52
3034,2,6491,2281,4210,0,0,0,1.0,1,1.0,1,1.0,1,0.042110494363291305,51
3035,0,6491,2281,4210,0,0,0,1.0,1,1.0,1,1.0,1,0.04434643350017155,51
3036,2,6493,2281,4212,0,0,0,1.0,1,1.0,1,1.0,1,0.03155007611830556,53
3037,0,6493,2281,4212,0,0,0,1.0,1,1.0,1,1.0,1,0.03115777232461586,52
3038,1,6494,2282,4212,0,0,0,1.0,1,1.0,1,1.0,1,0.06964571401811619,52
3039,1,6495,2283,4212,0,0,0,1.0,1,1.0,1,1.0,1,0.09150563253554381,54
3040,0,6495,2283,4212,0,0,0,1.0,1,1.0,1,1.0,1,0.09660777542697552,55
3041,1,6496,2283,4213,0,0,0,1.0,1,1.0,1,1.0,1,0.09510710930742637,56
3042,2,6498,2284,4214,0,0,0,1.0,1,1.0,1,1.0,1,0.09770291241965005,56
3043,2,6500,2285,4215,0,0,0,1.0,1,1.0,1,1.0,1,0.08802877587690193,57
3044,2,6502,2287,4215,0,0,0,1.0,1,1.0,1,1.0,1,0.1273908518451825,57
3045,0,6502,2287,4215,0,0,0,1.0,1,1.0,1,1.0,1,0.14039052526083554,56
3046,0,6502,2287,4215,0,0,0,1.0,1,1.0,1,1.0,1,0.14683554256042633,57
3047,0,6502,2287,4215,0,0,0,1.0,1,1.0,1,1.0,1,0.16377993550423345,56
3048,8,6510,2289,4221,0,0,0,1.0,1,1.0,1,1.0,1,0.123225989354145,58
3049,5,6515,2291,4224,0,0,0,1.0,1,1.0,1,1.0,1,0.1288604982984292,59
3050,2,6517,2291,4226,0,0,0,1.0,1,1.0,1,1.0,1,0.10093265938255766,60
3051,3,6520,2292,4228,0,0,0,1.0,1,1.0,1,1.0,1,0.11710327955703491,59
3052,1,6521,2292,4229,0,0,0,1.0,1,1.0,1,1.0,1,0.12075910700426545,58
3053,2,6523,2294,4229,0,0,0,1.0,1,1.0,1,1.0,1,0.17779461982347797,57
3054,3,6526,2296,4230,0,0,0,1.0,1,1.0,1,1.0,1,0.19694676050069826,55
3055,2,6528,2297,4231,0,0,0,1.0,1,1.0,1,1.0,1,0.2095952928377251,54
3056,11,6539,2300,4239,0,0,0,1.0,1,1.0,1,1.0,1,0.16018794714543177,55
3057,4,6543,2301,4242,0,0,0,1.0,1,1.0,1,1.0,1,0.18286634728044251,54
3058,4,6547,2302,4245,0,0,0,1.0,1,1.0,1,1.0,1,0.22466242981516116,55
3059,5,6552,2302,4250,0,0,0,1.0,1,1.0,1,1.0,1,0.21513390283208927,56
3060,3,6555,2302,4253,0,0,0,1.0,1,1.0,1,1.0,1,0.21119829490289305,56
3061,3,6558,2303,4255,0,0,0,1.0,1,1.0,1,1.0,1,0.20818735558162296,56
3062,7,6565,2306,4259,0,0,0,1.0,1,1.0,1,1.0,1,0.21257984580064182,57
3063,6,6571,2306,4265,0,0,0,1.0,1,1.0,1,1.0,1,0.14948629756002338,55
3064,4,6575,2308,4267,0,0,0,1.0,1,1.0,1,1.0,1,0.15970106163819842,56
3065,0,6575,2308,4267,0,0,0,1.0,1,1.0,1,1.0,1,0.1491909754140284,55
3066,2,6577,2309,4268,0,0,0,1.0,1,1.0,1,1.0,1,0.1555075064115913,55
3067,3,6580,2310,4270,0,0,0,1.0,1,1.0,1,1.0,1,0.13868514523005626,54
3068,5,6585,2313,4272,0,0,0,1.0,1,1.0,1,1.0,1,0.16594643506716913,53
3069,2,6587,2315,4272,0,0,0,1.0,1,1.0,1,1.0,1,0.2039811978088415,51
3070,1,6588,2315,4273,0,0,0,1.0,1,1.0,1,1.0,1,0.17556971996052742,50
3071,6,6594,2316,4278,0,0,0,1.0,1,1.0,1,1.0,1,0.10797854806377075,51
3072,1,6595,2316,4279,0,0,0,1.0,1,1.0,1,1.0,1,0.11271088805236495,53
3073,3,6598,2316,4282,0,0,0,1.0,1,1.0,1,1.0,1,0.1367333591561606,51
3074,3,6601,2316,4285,0,0,0,1.0,1,1.0,1,1.0,1,0.15310875191064194,50
3075,5,6606,2317,4289,0,0,0,1.0,1,1.0,1,1.0,1,0.1328944257053004,52
3076,5,6611,2318,4293,0,0,0,1.0,1,1.0,1,1.0,1,0.13119794935629492,53
3077,0,6611,2318,4293,0,0,0,1.0,1,1.0,1,1.0,1,0.13869287810823322,52
3078,0,6611,2318,4293,0,0,0,1.0,1,1.0,1,1.0,1,0.15119322382148842,53
3079,1,6612,2319,4293,0,0,0,1.0,1,1.0,1,1.0,1,0.16239185071379392,53
3080,3,6615,2319,4296,0,0,0,1.0,1,1.0,1,1.0,1,0.18227527443879646,52
3081,4,6619,2320,4299,0,0,0,1.0,1,1.0,1,1.0,1,0.1568248053884698,54
3082,4,6623,2323,4300,0,0,0,1.0,1,1.0,1,1.0,1,0.21174714782251067,54
3083,2,6625,2323,4302,0,0,0,1.0,1,1.0,1,1.0,1,0.19066363614856363,54
3084,1,6626,2324,4302,0,0,0,1.0,1,1.0,1,1.0,1,0.20285634179357284,55
3085,6,6632,2326,4306,0,0,0,1.0,1,1.0,1,1.0,1,0.2546717164015665,55
3086,7,6639,2326,4313,0,0,0,1.0,1,1.0,1,1.0,1,0.16188754371894426,56
3087,0,6639,2326,4313,0,0,0,1.0,1,1.0,1,1.0,1,0.17699875212180086,57
3088,0,6639,2326,4313,0,0,0,1.0,1,1.0,1,1.0,1,0.17297600370258204,56
3089,0,6639,2326,4313,0,0,0,1.0,1,1.0,1,1.0,1,0.19435074125723115,55
3090,2,6641,2326,4315,0,0,0,1.0,1,1.0,1,1.0,1,0.18902412193942894,54
3091,0,6641,2326,4315,0,0,0,1.0,1,1.0,1,1.0,1,0.20270871336748095,53
3092,1,6642,2326,4316,0,0,0,1.0,1,1.0,1,1.0,1,0.16928691844412685,56
3093,0,6642,2326,4316,0,0,0,1.0,1,1.0,1,1.0,1,0.16928691844412685,56
3094,1,6643,2326,4317,0,0,0,1.0,1,1.0,1,1.0,1,0.17602113682932743,58
3095,5,6648,2326,4322,0,0,0,1.0,1,1.0,1,1.0,1,0.14274172188479575,59
3096,0,6648,2326,4322,0,0,0,1.0,1,1.0,1,1.0,1,0.15150891541631234,60
3097,0,6648,2326,4322,0,0,0,1.0,1,1.0,1,1.0,1,0.1645978152369641,60
3098,0,6648,2326,4322,0,0,0,1.0,1,1.0,1,1.0,1,0.19514772500426708,58
3099,0,6648,2326,4322,0,0,0,1.0,1,1.0,1,1.0,1,0.21129140958237083,57
3100,0,6648,2326,4322,0,0,0,1.0,1,1.0,1,1.0,1,0.21129140958237083,57
3101,3,6651,2328,4323,0,0,0,1.0,1,1.0,1,1.0,1,0.18509329892954468,58
3102,6,6657,2330,4327,0,0,0,1.0,1,1.0,1,1.0,1,0.2078635587843732,59
3103,6,6663,2330,4333,0,0,0,1.0,1,1.0,1,1.0,1,0.12167377945682835,58
3104,8,6671,2334,4337,0,0,0,1.0,1,1.0,1,1.0,1,0.1427684157529845,58
3105,5,6676,2335,4341,0,0,0,1.0,1,1.0,1,1.0,1,0.12396901906021383,56
3106,3,6679,2337,4342,0,0,0,1.0,1,1.0,1,1.0,1,0.11492649949068746,57
3107,4,6683,2340,4343,0,0,0,1.0,1,1.0,1,1.0,1,0.09830901081742845,55
3108,5,6688,2343,4345,0,0,0,1.0,1,1.0,1,1.0,1,0.12714160819490752,55
3109,2,6690,2344,4346,0,0,0,1.0,1,1.0,1,1.0,1,0.1125918876499427,54
3110,2,6692,2345,4347,0,0,0,1.0,1,1.0,1,1.0,1,0.07477941109207253,54
3111,3,6695,2347,4348,0,0,0,1.0,1,1.0,1,1.0,1,0.12303297854493923,54
3112,8,6703,2352,4351,0,0,0,1.0,1,1.0,1,1.0,1,0.13805655152365945,56
3113,7,6710,2355,4355,0,0,0,1.0,1,1.0,1,1.0,1,0.1530468800958063,55
3114,5,6715,2357,4358,0,0,0,1.0,1,1.0,1,1.0,1,0.17812331247211594,54
3115,4,6719,2357,4362,0,0,0,1.0,1,1.0,1,1.0,1,0.16998291681983693,56
3116,8,6727,2359,4368,0,0,0,1.0,1,1.0,1,1.0,1,0.08564062259564437,56
3117,2,6729,2359,4370,0,0,0,1.0,1,1.0,1,1.0,1,0.1278705803489234,58
3118,1,6730,2359,4371,0,0,0,1.0,1,1.0,1,1.0,1,0.11158110619327109,57
3119,2,6732,2359,4373,0,0,0,1.0,1,1.0,1,1.0,1,0.11158110619327109,57
3120,2,6734,2359,4375,0,0,0,1.0,1,1.0,1,1.0,1,0.09358499472707175,56
3121,0,6734,2359,4375,0,0,0,1.0,1,1.0,1,1.0,1,0.09393538878869613,57
3122,1,6735,2359,4376,0,0,0,1.0,1,1.0,1,1.0,1,0.0808517730523696,57
3123,0,6735,2359,4376,0,0,0,1.0,1,1.0,1,1.0,1,0.0808517730523696,57
3124,0,6735,2359,4376,0,0,0,1.0,1,1.0,1,1.0,1,0.08134278009955735,59
3125,6,6741,2361,4380,0,0,0,1.0,1,1.0,1,1.0,1,0.08985927333718964,61
3126,5,6746,2363,4383,0,0,0,1.0,1,1.0,1,1.0,1,0.07869727440116744,60
3127,1,6747,2364,4383,0,0,0,1.0,1,1.0,1,1.0,1,0.08222318447578378,58
3128,1,6748,2364,4384,0,0,0,1.0,1,1.0,1,1.0,1,0.11049435579469914,58
3129,0,6748,2364,4384,0,0,0,1.0,1,1.0,1,1.0,1,0.11669452850058827,56
3130,2,6750,2364,4386,0,0,0,1.0,1,1.0,1,1.0,1,0.11775784069104722,56
3131,3,6753,2364,4389,0,0,0,1.0,1,1.0,1,1.0,1,0.07441817836830146,55
3132,1,6754,2365,4389,0,0,0,1.0,1,1.0,1,1.0,1,0.10222954314256989,53
3133,0,6754,2365,4389,0,0,0,1.0,1,1.0,1,1.0,1,0.12506810332455645,52
3134,2,6756,2366,4390,0,0,0,1.0,1,1.0,1,1.0,1,0.13614924358580535,52
3135,1,6757,2366,4391,0,0,0,1.0,1,1.0,1,1.0,1,0.12004154074428551,53
3136,7,6764,2369,4395,0,0,0,1.0,1,1.0,1,1.0,1,0.10315320832546993,54
3137,2,6766,2370,4396,0,0,0,1.0,1,1.0,1,1.0,1,0.09493172757971383,55
3138,5,6771,2373,4398,0,0,0,1.0,1,1.0,1,1.0,1,0.15126437564434544,57
3139,3,6774,2373,4401,0,0,0,1.0,1,1.0,1,1.0,1,0.16622122176264262,56
3140,2,6776,2373,4403,0,0,0,1.0,1,1.0,1,1.0,1,0.11417378420944671,56
3141,4,6780,2375,4405,0,0,0,1.0,1,1.0,1,1.0,1,0.13049989418530186,56
3142,3,6783,2376,4407,0,0,0,1.0,1,1.0,1,1.0,1,0.11825653143421244,56
3143,2,6785,2378,4407,0,0,0,1.0,1,1.0,1,1.0,1,0.14618409938121074,56
3144,0,6785,2378,4407,0,0,0,1.0,1,1.0,1,1.0,1,0.1225326120878899,54
3145,2,6787,2379,4408,0,0,0,1.0,1,1.0,1,1.0,1,0.14039255067156792,55
3146,4,6791,2379,4412,0,0,0,1.0,1,1.0,1,1.0,1,0.08808679238159248,53
3147,1,6792,2379,4413,0,0,0,1.0,1,1.0,1,1.0,1,0.09951854045843127,54
3148,1,6793,2380,4413,0,0,0,1.0,1,1.0,1,1.0,1,0.10018510341197769,54
3149,1,6794,2381,4413,0,0,0,1.0,1,1.0,1,1.0,1,0.09252431519134369,53
3150,1,6795,2381,4414,0,0,0,1.0,1,1.0,1,1.0,1,0.0784238028933552,53
3151,1,6796,2381,4415,0,0,0,1.0,1,1.0,1,1.0,1,0.0636487005864676,53
3152,0,6796,2381,4415,0,0,0,1.0,1,1.0,1,1.0,1,0.07291650644698822,54
3153,0,6796,2381,4415,0,0,0,1.0,1,1.0,1,1.0,1,0.09325432515425623,53
3154,3,6799,2382,4417,0,0,0,1.0,1,1.0,1,1.0,1,0.09410577996629127,55
3155,0,6799,2382,4417,0,0,0,1.0,1,1.0,1,1.0,1,0.08716091129720113,56
3156,3,6802,2383,4419,0,0,0,1.0,1,1.0,1,1.0,1,0.0742987236886982,56
3157,0,6802,2383,4419,0,0,0,1.0,1,1.0,1,1.0,1,0.0742987236886982,56
3158,2,6804,2383,4421,0,0,0,1.0,1,1.0,1,1.0,1,0.04743712512983821,57
3159,0,6804,2383,4421,0,0,0,1.0,1,1.0,1,1.0,1,0.06380086725741024,56
3160,1,6805,2384,4421,0,0,0,1.0,1,1.0,1,1.0,1,0.11395768723113646,58
3161,3,6808,2385,4423,0,0,0,1.0,1,1.0,1,1.0,1,0.10891205198667797,59
3162,2,6810,2386,4424,0,0,0,1.0,1,1.0,1,1.0,1,0.10817969080655701,59
3163,3,6813,2388,4425,0,0,0,1.0,1,1.0,1,1.0,1,0.11283167013549393,59
3164,2,6815,2388,4427,0,0,0,1.0,1,1.0,1,1.0,1,0.10301537690518042,60
3165,2,6817,2390,4427,0,0,0,1.0,1,1.0,1,1.0,1,0.1237783627571313,58
3166,2,6819,2390,4429,0,0,0,1.0,1,1.0,1,1.0,1,0.09716218246342043,59
3167,3,6822,2392,4430,0,0,0,1.0,1,1.0,1,1.0,1,0.11140084184467378,57
3168,2,6824,2393,4431,0,0,0,1.0,1,1.0,1,1.0,1,0.10830525539262591,58
3169,1,6825,2394,4431,0,0,0,1.0,1,1.0,1,1.0,1,0.08937486171887328,57
3170,1,6826,2395,4431,0,0,0,1.0,1,1.0,1,1.0,1,0.056989911516022,55
3171,5,6831,2399,4432,0,0,0,1.0,1,1.0,1,1.0,1,0.08167954355066193,56
3172,1,6832,2399,4433,0,0,0,1.0,1,1.0,1,1.0,1,0.07187283287950083,54
3173,2,6834,2401,4433,0,0,0,1.0,1,1.0,1,1.0,1,0.13119606947940304,53
3174,0,6834,2401,4433,0,0,0,1.0,1,1.0,1,1.0,1,0.13916567997048096,53
3175,3,6837,2402,4435,0,0,0,1.0,1,1.0,1,1.0,1,0.19969893314775938,52
3176,8,6845,2406,4439,0,0,0,1.0,1,1.0,1,1.0,1,0.12341758646543993,53
3177,3,6848,2407,4441,0,0,0,1.0,1,1.0,1,1.0,1,0.13785251214376767,52
3178,5,6853,2410,4443,0,0,0,1.0,1,1.0,1,1.0,1,0.1553466366001083,53
3179,4,6857,2410,4447,0,0,0,1.0,1,1.0,1,1.0,1,0.17227385250897306,54
3180,2,6859,2410,4449,0,0,0,1.0,1,1.0,1,1.0,1,0.1705851233308598,54
3181,5,6864,2410,4454,0,0,0,1.0,1,1.0,1,1.0,1,0.0863924440487886,55
3182,1,6865,2411,4454,0,0,0,1.0,1,1.0,1,1.0,1,0.1030779818507313,54
3183,3,6868,2411,4457,0,0,0,1.0,1,1.0,1,1.0,1,0.08500068249305445,56
3184,6,6874,2414,4460,0,0,0,1.0,1,1.0,1,1.0,1,0.09694757629618432,54
3185,1,6875,2414,4461,0,0,0,1.0,1,1.0,1,1.0,1,0.09356393652273148,53
3186,4,6879,2415,4464,0,0,0,1.0,1,1.0,1,1.0,1,0.09224998133028713,52
3187,0,6879,2415,4464,0,0,0,1.0,1,1.0,1,1.0,1,0.12708152541970563,50
3188,3,6882,2417,4465,0,0,0,1.0,1,1.0,1,1.0,1,0.12875345502366803,50
3189,3,6885,2419,4466,0,0,0,1.0,1,1.0,1,1.0,1,0.14983440359992925,49
3190,2,6887,2420,4467,0,0,0,1.0,1,1.0,1,1.0,1,0.17193924946070627,50
3191,4,6891,2421,4470,0,0,0,1.0,1,1.0,1,1.0,1,0.1640642034717316,49
3192,1,6892,2421,4471,0,0,0,1.0,1,1.0,1,1.0,1,0.16004834187295713,49
3193,0,6892,2421,4471,0,0,0,1.0,1,1.0,1,1.0,1,0.15490084010564745,49
3194,3,6895,2423,4472,0,0,0,1.0,1,1.0,1,1.0,1,0.168006037762614,50
3195,0,6895,2423,4472,0,0,0,1.0,1,1.0,1,1.0,1,0.18342889040193855,49
3196,2,6897,2423,4474,0,0,0,1.0,1,1.0,1,1.0,1,0.17379768597642734,49
3197,2,6899,2423,4476,0,0,0,1.0,1,1.0,1,1.0,1,0.11242450753062112,50
3198,2,6901,2423,4478,0,0,0,1.0,1,1.0,1,1.0,1,0.08364986519580918,50
3199,6,6907,2423,4484,0,0,0,1.0,1,1.0,1,1.0,1,0.1097020707219286,52
3200,7,6914,2425,4489,0,0,0,1.0,1,1.0,1,1.0,1,0.13277628255518806,53
3201,3,6917,2425,4492,0,0,0,1.0,1,1.0,1,1.0,1,0.099792710673987,55
3202,2,6919,2425,4494,0,0,0,1.0,1,1.0,1,1.0,1,0.10698146067443297,55
3203,2,6921,2425,4496,0,0,0,1.0,1,1.0,1,1.0,1,0.08922347569091686,53
3204,3,6924,2426,4498,0,0,0,1.0,1,1.0,1,1.0,1,0.12817239679980053,53
3205,3,6927,2428,4499,0,0,0,1.0,1,1.0,1,1.0,1,0.13964170409559873,53
3206,0,6927,2428,4499,0,0,0,1.0,1,1.0,1,1.0,1,0.14312737823937147,52
3207,2,6929,2429,4500,0,0,0,1.0,1,1.0,1,1.0,1,0.1576454855549026,53
3208,0,6929,2429,4500,0,0,0,1.0,1,1.0,1,1.0,1,0.22102662186246855,51
3209,2,6931,2429,4502,0,0,0,1.0,1,1.0,1,1.0,1,0.20247513545366655,52
3210,0,6931,2429,4502,0,0,0,1.0,1,1.0,1,1.0,1,0.18420214140473565,49
3211,6,6937,2431,4506,0,0,0,1.0,1,1.0,1,1.0,1,0.16338797281878262,48
3212,0,6937,2431,4506,0,0,0,1.0,1,1.0,1,1.0,1,0.1642811581414377,48
3213,2,6939,2432,4507,0,0,0,1.0,1,1.0,1,1.0,1,0.12593392051393162,49
3214,4,6943,2433,4510,0,0,0,1.0,1,1.0,1,1.0,1,0.08458666137321205,51
3215,2,6945,2433,4512,0,0,0,1.0,1,1.0,1,1.0,1,0.08458666137321205,51
3216,2,6947,2434,4513,0,0,0,1.0,1,1.0,1,1.0,1,0.07688256297119,51
3217,0,6947,2434,4513,0,0,0,1.0,1,1.0,1,1.0,1,0.07688256297119,51
3218,0,6947,2434,4513,0,0,0,1.0,1,1.0,1,1.0,1,0.07688256297119,51
3219,1,6948,2434,4514,0,0,0,1.0,1,1.0,1,1.0,1,0.08506599637289376,52
3220,0,6948,2434,4514,0,0,0,1.0,1,1.0,1,1.0,1,0.08506599637289376,52
3221,2,6950,2434,4516,0,0,0,1.0,1,1.0,1,1.0,1,0.07333050203799218,54
3222,0,6950,2434,4516,0,0,0,1.0,1,1.0,1,1.0,1,0.05963420383321123,54
3223,1,6951,2434,4517,0,0,0,1.0,1,1.0,1,1.0,1,0.06720978863179856,56
3224,1,6952,2435,4517,0,0,0,1.0,1,1.0,1,1.0,1,0.09268146092085948,57
3225,3,6955,2435,4520,0,0,0,1.0,1,1.0,1,1.0,1,0.10242581903967217,58
3226,1,6956,2435,4521,0,0,0,1.0,1,1.0,1,1.0,1,0.09437049261433134,58
3227,0,6956,2435,4521,0,0,0,1.0,1,1.0,1,1.0,1,0.09437049261433134,58
3228,0,6956,2435,4521,0,0,0,1.0,1,1.0,1,1.0,1,0.09437049261433134,58
3229,3,6959,2436,4523,0,0,0,1.0,1,1.0,1,1.0,1,0.13246620198646158,60
3230,0,6959,2436,4523,0,0,0,1.0,1,1.0,1,1.0,1,0.1309026251793329,61
3231,5,6964,2437,4527,0,0,0,1.0,1,1.0,1,1.0,1,0.10432272206857673,61
3232,0,6964,2437,4527,0,0,0,1.0,1,1.0,1,1.0,1,0.10432272206857673,61
3233,1,6965,2437,4528,0,0,0,1.0,1,1.0,1,1.0,1,0.10283828864878312,63
3234,1,6966,2438,4528,0,0,0,1.0,1,1.0,1,1.0,1,0.14429219001899404,64
3235,0,6966,2438,4528,0,0,0,1.0,1,1.0,1,1.0,1,0.13958225111637915,65
3236,3,6969,2438,4531,0,0,0,1.0,1,1.0,1,1.0,1,0.1302489918719278,66
3237,1,6970,2438,4532,0,0,0,1.0,1,1.0,1,1.0,1,0.11542615376455678,67
3238,0,6970,2438,4532,0,0,0,1.0,1,1.0,1,1.0,1,0.11542615376455678,67
3239,3,6973,2438,4535,0,0,0,1.0,1,1.0,1,1.0,1,0.1135559669285937,69
3240,1,6974,2439,4535,0,0,0,1.0,1,1.0,1,1.0,1,0.11798944198605818,69
3241,5,6979,2440,4539,0,0,0,1.0,1,1.0,1,1.0,1,0.1157257322290438,68
3242,1,6980,2440,4540,0,0,0,1.0,1,1.0,1,1.0,1,0.08815976797110765,67
3243,3,6983,2442,4541,0,0,0,1.0,1,1.0,1,1.0,1,0.0928309572580736,68
3244,2,6985,2442,4543,0,0,0,1.0,1,1.0,1,1.0,1,0.08442128105145592,68
3245,4,6989,2442,4547,0,0,0,1.0,1,1.0,1,1.0,1,0.07952478956366231,69
3246,2,6991,2443,4548,0,0,0,1.0,1,1.0,1,1.0,1,0.08597633479195768,68
3247,0,6991,2443,4548,0,0,0,1.0,1,1.0,1,1.0,1,0.08597633479195768,68
3248,1,6992,2444,4548,0,0,0,1.0,1,1.0,1,1.0,1,0.1041626765017965,68
3249,1,6993,2444,4549,0,0,0,1.0,1,1.0,1,1.0,1,0.10411120429420295,69
3250,1,6994,2444,4550,0,0,0,1.0,1,1.0,1,1.0,1,0.09988223885110413,69
3251,2,6996,2445,4551,0,0,0,1.0,1,1.0,1,1.0,1,0.11102024753925521,68
3252,0,6996,2445,4551,0,0,0,1.0,1,1.0,1,1.0,1,0.09539531417666014,68
3253,3,6999,2446,4553,0,0,0,1.0,1,1.0,1,1.0,1,0.08181820103363265,69
3254,0,6999,2446,4553,0,0,0,1.0,1,1.0,1,1.0,1,0.08181820103363265,69
3255,2,7001,2447,4554,0,0,0,1.0,1,1.0,1,1.0,1,0.07828164135587484,70
3256,3,7004,2448,4556,0,0,0,1.0,1,1.0,1,1.0,1,0.06983943908359888,70
3257,2,7006,2448,4558,0,0,0,1.0,1,1.0,1,1.0,1,0.07503694984577539,71
3258,5,7011,2450,4561,0,0,0,1.0,1,1.0,1,1.0,1,0.09126033099394194,72
3259,3,7014,2451,4563,0,0,0,1.0,1,1.0,1,1.0,1,0.10432030824840874,71
3260,1,7015,2451,4564,0,0,0,1.0,1,1.0,1,1.0,1,0.12246612983837812,72
3261,4,7019,2451,4568,0,0,0,1.0,1,1.0,1,1.0,1,0.08396820772424157,74
3262,3,7022,2453,4569,0,0,0,1.0,1,1.0,1,1.0,1,0.09515930975979346,73
3263,2,7024,2455,4569,0,0,0,1.0,1,1.0,1,1.0,1,0.10794461293749051,73
3264,4,7028,2457,4571,0,0,0,1.0,1,1.0,1,1.0,1,0.15558697003924307,71
3265,3,7031,2459,4572,0,0,0,1.0,1,1.0,1,1.0,1,0.1450510534715057,70
3266,5,7036,2462,4574,0,0,0,1.0,1,1.0,1,1.0,1,0.12325246047561608,69
3267,3,7039,2464,4575,0,0,0,1.0,1,1.0,1,1.0,1,0.13824248701435607,69
3268,1,7040,2465,4575,0,0,0,1.0,1,1.0,1,1.0,1,0.15269286115298658,68
3269,4,7044,2466,4578,0,0,0,1.0,1,1.0,1,1.0,1,0.165822237480775,68
3270,0,7044,2466,4578,0,0,0,1.0,1,1.0,1,1.0,1,0.17700223399736043,67
3271,5,7049,2466,4583,0,0,0,1.0,1,1.0,1,1.0,1,0.12031744524348487,66
3272,1,7050,2466,4584,0,0,0,1.0,1,1.0,1,1.0,1,0.10580112730339487,67
3273,3,7053,2467,4586,0,0,0,1.0,1,1.0,1,1.0,1,0.10751378396605811,66
3274,2,7055,2468,4587,0,0,0,1.0,1,1.0,1,1.0,1,0.11078275401541905,68
3275,2,7057,2468,4589,0,0,0,1.0,1,1.0,1,1.0,1,0.12564304171980414,68
3276,7,7064,2469,4595,0,0,0,1.0,1,1.0,1,1.0,1,0.07481746858703701,69
3277,1,7065,2470,4595,0,0,0,1.0,1,1.0,1,1.0,1,0.0974028701227144,68
3278,3,7068,2470,4598,0,0,0,1.0,1,1.0,1,1.0,1,0.09994326339737941,69
3279,3,7071,2471,4600,0,0,0,1.0,1,1.0,1,1.0,1,0.09609914548264105,67
3280,2,7073,2473,4600,0,0,0,1.0,1,1.0,1,1.0,1,0.1330174084722442,66
3281,9,7082,2476,4606,0,0,0,1.0,1,1.0,1,1.0,1,0.14910828025685885,67
3282,2,7084,2476,4608,0,0,0,1.0,1,1.0,1,1.0,1,0.12820101115454596,66
3283,1,7085,2477,4608,0,0,0,1.0,1,1.0,1,1.0,1,0.15885861305924712,67
3284,1,7086,2478,4608,0,0,0,1.0,1,1.0,1,1.0,1,0.13495170321071517,66
3285,0,7086,2478,4608,0,0,0,1.0,1,1.0,1,1.0,1,0.13495170321071517,66
3286,2,7088,2478,4610,0,0,0,1.0,1,1.0,1,1.0,1,0.13406991672099144,63
3287,2,7090,2480,4610,0,0,0,1.0,1,1.0,1,1.0,1,0.17976682520930026,61
3288,2,7092,2480,4612,0,0,0,1.0,1,1.0,1,1.0,1,0.188275950910613,63
3289,2,7094,2481,4613,0,0,0,1.0,1,1.0,1,1.0,1,0.20340643028302752,62
3290,2,7096,2481,4615,0,0,0,1.0,1,1.0,1,1.0,1,0.18573818643768705,63
3291,9,7105,2484,4621,0,0,0,1.0,1,1.0,1,1.0,1,0.17583381683777405,62
3292,1,7106,2484,4622,0,0,0,1.0,1,1.0,1,1.0,1,0.16582446163834916,63
3293,4,7110,2484,4626,0,0,0,1.0,1,1.0,1,1.0,1,0.15509560319162935,65
3294,1,7111,2484,4627,0,0,0,1.0,1,1.0,1,1.0,1,0.14835270239051396,65
3295,0,7111,2484,4627,0,0,0,1.0,1,1.0,1,1.0,1,0.14835270239051396,65
3296,5,7116,2486,4630,0,0,0,1.0,1,1.0,1,1.0,1,0.15139018415690675,65
3297,0,7116,2486,4630,0,0,0,1.0,1,1.0,1,1.0,1,0.14355687721515384,66
3298,0,7116,2486,4630,0,0,0,1.0,1,1.0,1,1.0,1,0.14355687721515384,66
3299,1,7117,2486,4631,0,0,0,1.0,1,1.0,1,1.0,1,0.13459037011912658,67
3300,1,7118,2487,4631,0,0,0,1.0,1,1.0,1,1.0,1,0.14861457092368388,67
3301,3,7121,2487,4634,0,0,0,1.0,1,1.0,1,1.0,1,0.13967845855628905,68
3302,0,7121,2487,4634,0,0,0,1.0,1,1.0,1,1.0,1,0.15179666503264969,67
3303,2,7123,2489,4634,0,0,0,1.0,1,1.0,1,1.0,1,0.16547835256496338,67
3304,3,7126,2490,4636,0,0,0,1.0,1,1.0,1,1.0,1,0.15914856558221602,67
3305,2,7128,2490,4638,0,0,0,1.0,1,1.0,1,1.0,1,0.16040134625795374,69
3306,3,7131,2490,4641,0,0,0,1.0,1,1.0,1,1.0,1,0.13217898955685128,70
3307,2,7133,2490,4643,0,0,0,1.0,1,1.0,1,1.0,1,0.11189610136065146,70
3308,1,7134,2490,4644,0,0,0,1.0,1,1.0,1,1.0,1,0.11983631750259452,70
3309,1,7135,2490,4645,0,0,0,1.0,1,1.0,1,1.0,1,0.12948908761041977,72
3310,4,7139,2490,4649,0,0,0,1.0,1,1.0,1,1.0,1,0.1259990780088214,74
3311,2,7141,2490,4651,0,0,0,1.0,1,1.0,1,1.0,1,0.11648189170045305,74
3312,0,7141,2490,4651,0,0,0,1.0,1,1.0,1,1.0,1,0.11648189170045305,74
3313,0,7141,2490,4651,0,0,0,1.0,1,1.0,1,1.0,1,0.12609801654969585,75
3314,2,7143,2490,4653,0,0,0,1.0,1,1.0,1,1.0,1,0.12631474523145747,76
3315,2,7145,2491,4654,0,0,0,1.0,1,1.0,1,1.0,1,0.15253725214849062,75
3316,5,7150,2492,4658,0,0,0,1.0,1,1.0,1,1.0,1,0.13319024834154053,76
3317,1,7151,2492,4659,0,0,0,1.0,1,1.0,1,1.0,1,0.13183536806609925,73
3318,3,7154,2494,4660,0,0,0,1.0,1,1.0,1,1.0,1,0.1533927967811689,72
3319,1,7155,2495,4660,0,0,0,1.0,1,1.0,1,1.0,1,0.15879237260657783,71
3320,1,7156,2495,4661,0,0,0,1.0,1,1.0,1,1.0,1,0.15091059302423426,70
3321,4,7160,2497,4663,0,0,0,1.0,1,1.0,1,1.0,1,0.1789638884671429,69
3322,0,7160,2497,4663,0,0,0,1.0,1,1.0,1,1.0,1,0.18297896017113643,68
3323,5,7165,2498,4667,0,0,0,1.0,1,1.0,1,1.0,1,0.1809125687417806,69
3324,3,7168,2500,4668,0,0,0,1.0,1,1.0,1,1.0,1,0.18382026275021604,69
3325,0,7168,2500,4668,0,0,0,1.0,1,1.0,1,1.0,1,0.1870373571047975,70
3326,5,7173,2502,4671,0,0,0,1.0,1,1.0,1,1.0,1,0.17574337297988382,69
3327,1,7174,2502,4672,0,0,0,1.0,1,1.0,1,1.0,1,0.15716677394207512,70
3328,2,7176,2502,4674,0,0,0,1.0,1,1.0,1,1.0,1,0.14502197465747546,73
3329,1,7177,2503,4674,0,0,0,1.0,1,1.0,1,1.0,1,0.1852408500004705,72
3330,5,7182,2505,4677,0,0,0,1.0,1,1.0,1,1.0,1,0.18807008497655545,72
3331,6,7188,2507,4681,0,0,0,1.0,1,1.0,1,1.0,1,0.17644210214472233,72
3332,1,7189,2507,4682,0,0,0,1.0,1,1.0,1,1.0,1,0.17250385285861838,73
3333,0,7189,2507,4682,0,0,0,1.0,1,1.0,1,1.0,1,0.17179755804077604,72
3334,2,7191,2507,4684,0,0,0,1.0,1,1.0,1,1.0,1,0.16011688399874738,73
3335,1,7192,2508,4684,0,0,0,1.0,1,1.0,1,1.0,1,0.1855917912867985,74
3336,6,7198,2508,4690,0,0,0,1.0,1,1.0,1,1.0,1,0.1456835055883585,74
3337,0,7198,2508,4690,0,0,0,1.0,1,1.0,1,1.0,1,0.1456835055883585,74
3338,1,7199,2508,4691,0,0,0,1.0,1,1.0,1,1.0,1,0.13354306768011623,74
3339,2,7201,2510,4691,0,0,0,1.0,1,1.0,1,1.0,1,0.15010447852605122,75
3340,1,7202,2510,4692,0,0,0,1.0,1,1.0,1,1.0,1,0.1500853242406029,75
3341,3,7205,2510,4695,0,0,0,1.0,1,1.0,1,1.0,1,0.1396974368157611,76
3342,0,7205,2510,4695,0,0,0,1.0,1,1.0,1,1.0,1,0.1538250257628837,76
3343,3,7208,2511,4697,0,0,0,1.0,1,1.0,1,1.0,1,0.15133989919083068,75
3344,2,7210,2513,4697,0,0,0,1.0,1,1.0,1,1.0,1,0.14724555576125747,75
3345,0,7210,2513,4697,0,0,0,1.0,1,1.0,1,1.0,1,0.17369220906823157,72
3346,5,7215,2514,4701,0,0,0,1.0,1,1.0,1,1.0,1,0.14628459452282805,73
3347,3,7218,2516,4702,0,0,0,1.0,1,1.0,1,1.0,1,0.1392684178455285,73
3348,2,7220,2516,4704,0,0,0,1.0,1,1.0,1,1.0,1,0.13465270241946403,73
3349,4,7224,2517,4707,0,0,0,1.0,1,1.0,1,1.0,1,0.12839898375838418,74
3350,3,7227,2518,4709,0,0,0,1.0,1,1.0,1,1.0,1,0.1415885583145572,73
3351,1,7228,2518,4710,0,0,0,1.0,1,1.0,1,1.0,1,0.14733800786368187,72
3352,2,7230,2519,4711,0,0,0,1.0,1,1.0,1,1.0,1,0.15004394119631245,72
3353,3,7233,2521,4712,0,0,0,1.0,1,1.0,1,1.0,1,0.17431554114658052,72
3354,3,7236,2523,4713,0,0,0,1.0,1,1.0,1,1.0,1,0.16215238071271665,70
3355,1,7237,2524,4713,0,0,0,1.0,1,1.0,1,1.0,1,0.1867604792969757,69
3356,6,7243,2526,4717,0,0,0,1.0,1,1.0,1,1.0,1,0.1970782965050628,69
3357,6,7249,2527,4722,0,0,0,1.0,1,1.0,1,1.0,1,0.1521243586479859,68
3358,6,7255,2529,4726,0,0,0,1.0,1,1.0,1,1.0,1,0.1805485631618114,68
3359,1,7256,2529,4727,0,0,0,1.0,1,1.0,1,1.0,1,0.17350158140943434,66
3360,5,7261,2531,4730,0,0,0,1.0,1,1.0,1,1.0,1,0.20049542548793017,65
3361,5,7266,2531,4735,0,0,0,1.0,1,1.0,1,1.0,1,0.17893593334079075,64
3362,0,7266,2531,4735,0,0,0,1.0,1,1.0,1,1.0,1,0.17893593334079075,64
3363,1,7267,2531,4736,0,0,0,1.0,1,1.0,1,1.0,1,0.16734061410370116,65
3364,2,7269,2531,4738,0,0,0,1.0,1,1.0,1,1.0,1,0.18577273052679505,66
3365,2,7271,2531,4740,0,0,0,1.0,1,1.0,1,1.0,1,0.18203341478781015,68
3366,8,7279,2531,4748,0,0,0,1.0,1,1.0,1,1.0,1,0.14148866132052226,66
3367,4,7283,2531,4752,0,0,0,1.0,1,1.0,1,1.0,1,0.11289446075995035,68
3368,7,7290,2532,4758,0,0,0,1.0,1,1.0,1,1.0,1,0.13007242806941594,68
3369,5,7295,2533,4762,0,0,0,1.0,1,1.0,1,1.0,1,0.14884015535446338,69
3370,1,7296,2533,4763,0,0,0,1.0,1,1.0,1,1.0,1,0.14822663136850084,71
3371,4,7300,2533,4767,0,0,0,1.0,1,1.0,1,1.0,1,0.11446053973052449,71
3372,1,7301,2534,4767,0,0,0,1.0,1,1.0,1,1.0,1,0.12419824388319325,71
3373,1,7302,2534,4768,0,0,0,1.0,1,1.0,1,1.0,1,0.11231135323984935,72
3374,0,7302,2534,4768,0,0,0,1.0,1,1.0,1,1.0,1,0.09869300481726218,72
3375,0,7302,2534,4768,0,0,0,1.0,1,1.0,1,1.0,1,0.09504488597269158,73
3376,1,7303,2534,4769,0,0,0,1.0,1,1.0,1,1.0,1,0.0812398539840791,75
3377,1,7304,2534,4770,0,0,0,1.0,1,1.0,1,1.0,1,0.0953320115034253,77
3378,0,7304,2534,4770,0,0,0,1.0,1,1.0,1,1.0,1,0.0953320115034253,77
3379,4,7308,2537,4771,0,0,0,1.0,1,1.0,1,1.0,1,0.13034057285943498,77
3380,1,7309,2538,4771,0,0,0,1.0,1,1.0,1,1.0,1,0.14475971089412903,76
3381,4,7313,2538,4775,0,0,0,1.0,1,1.0,1,1.0,1,0.09120375277758887,76
3382,6,7319,2541,4778,0,0,0,1.0,1,1.0,1,1.0,1,0.09820094719217327,78
3383,0,7319,2541,4778,0,0,0,1.0,1,1.0,1,1.0,1,0.09374870927202054,77
3384,3,7322,2544,4778,0,0,0,1.0,1,1.0,1,1.0,1,0.11814855408229166,77
3385,1,7323,2545,4778,0,0,0,1.0,1,1.0,1,1.0,1,0.1301049460621166,75
3386,9,7332,2548,4784,0,0,0,1.0,1,1.0,1,1.0,1,0.11264267502305268,76
3387,2,7334,2549,4785,0,0,0,1.0,1,1.0,1,1.0,1,0.10542233812957837,75
3388,2,7336,2550,4786,0,0,0,1.0,1,1.0,1,1.0,1,0.11995688000613128,76
3389,2,7338,2550,4788,0,0,0,1.0,1,1.0,1,1.0,1,0.12105031195856386,77
3390,1,7339,2550,4789,0,0,0,1.0,1,1.0,1,1.0,1,0.12139147084663698,76
3391,2,7341,2551,4790,0,0,0,1.0,1,1.0,1,1.0,1,0.10849035107981665,77
3392,2,7343,2552,4791,0,0,0,1.0,1,1.0,1,1.0,1,0.12257365228820254,78
3393,1,7344,2552,4792,0,0,0,1.0,1,1.0,1,1.0,1,0.0953768486537064,76
3394,1,7345,2553,4792,0,0,0,1.0,1,1.0,1,1.0,1,0.12045431731306996,75
3395,4,7349,2553,4796,0,0,0,1.0,1,1.0,1,1.0,1,0.09552333591244824,73
3396,2,7351,2553,4798,0,0,0,1.0,1,1.0,1,1.0,1,0.07608104352660121,73
3397,0,7351,2553,4798,0,0,0,1.0,1,1.0,1,1.0,1,0.07441842995149021,74
3398,1,7352,2553,4799,0,0,0,1.0,1,1.0,1,1.0,1,0.07136983748340782,74
3399,4,7356,2555,4801,0,0,0,1.0,1,1.0,1,1.0,1,0.07102421638161668,75
3400,2,7358,2556,4802,0,0,0,1.0,1,1.0,1,1.0,1,0.07909053127874696,75
3401,3,7361,2556,4805,0,0,0,1.0,1,1.0,1,1.0,1,0.0537552860478259,77
3402,1,7362,2557,4805,0,0,0,1.0,1,1.0,1,1.0,1,0.05612629356050767,77
3403,1,7363,2558,4805,0,0,0,1.0,1,1.0,1,1.0,1,0.07277792172795142,78
3404,1,7364,2559,4805,0,0,0,1.0,1,1.0,1,1.0,1,0.09304073103613202,78
3405,3,7367,2559,4808,0,0,0,1.0,1,1.0,1,1.0,1,0.07840810996958923,78
3406,4,7371,2561,4810,0,0,0,1.0,1,1.0,1,1.0,1,0.0779225738861348,78
3407,2,7373,2562,4811,0,0,0,1.0,1,1.0,1,1.0,1,0.09700179194531397,78
3408,2,7375,2562,4813,0,0,0,1.0,1,1.0,1,1.0,1,0.10162693298099089,79
3409,3,7378,2562,4816,0,0,0,1.0,1,1.0,1,1.0,1,0.10397287906812806,81
3410,5,7383,2562,4821,0,0,0,1.0,1,1.0,1,1.0,1,0.10033623435664928,82
3411,3,7386,2562,4824,0,0,0,1.0,1,1.0,1,1.0,1,0.06535865370936364,84
3412,0,7386,2562,4824,0,0,0,1.0,1,1.0,1,1.0,1,0.06535865370936364,84
3413,0,7386,2562,4824,0,0,0,1.0,1,1.0,1,1.0,1,0.06535865370936364,84
3414,0,7386,2562,4824,0,0,0,1.0,1,1.0,1,1.0,1,0.06535865370936364,84
3415,3,7389,2564,4825,0,0,0,1.0,1,1.0,1,1.0,1,0.07660519186094557,85
3416,1,7390,2565,4825,0,0,0,1.0,1,1.0,1,1.0,1,0.09716590795812914,85
3417,2,7392,2566,4826,0,0,0,1.0,1,1.0,1,1.0,1,0.11076499656109147,86
3418,4,7396,2569,4827,0,0,0,1.0,1,1.0,1,1.0,1,0.16230352429712036,86
3419,5,7401,2571,4830,0,0,0,1.0,1,1.0,1,1.0,1,0.18759465239004178,87
3420,4,7405,2571,4834,0,0,0,1.0,1,1.0,1,1.0,1,0.17256701086784107,88
3421,6,7411,2573,4838,0,0,0,1.0,1,1.0,1,1.0,1,0.14750994020247726,89
3422,5,7416,2573,4843,0,0,0,1.0,1,1.0,1,1.0,1,0.1409511559307941,90
3423,3,7419,2573,4846,0,0,0,1.0,1,1.0,1,1.0,1,0.1313346618441885,90
3424,1,7420,2573,4847,0,0,0,1.0,1,1.0,1,1.0,1,0.12310695792452417,91
3425,2,7422,2574,4848,0,0,0,1.0,1,1.0,1,1.0,1,0.12387876594874762,90
3426,4,7426,2575,4851,0,0,0,1.0,1,1.0,1,1.0,1,0.1011256532296269,92
3427,3,7429,2575,4854,0,0,0,1.0,1,1.0,1,1.0,1,0.11167996186551575,92
3428,0,7429,2575,4854,0,0,0,1.0,1,1.0,1,1.0,1,0.11884777900394401,91
3429,0,7429,2575,4854,0,0,0,1.0,1,1.0,1,1.0,1,0.11884777900394401,91
3430,3,7432,2578,4854,0,0,0,1.0,1,1.0,1,1.0,1,0.1326542612325971,91
3431,2,7434,2578,4856,0,0,0,1.0,1,1.0,1,1.0,1,0.11881195369797119,90
3432,5,7439,2580,4859,0,0,0,1.0,1,1.0,1,1.0,1,0.11367446766712003,91
3433,2,7441,2581,4860,0,0,0,1.0,1,1.0,1,1.0,1,0.11744634943917429,90
3434,0,7441,2581,4860,0,0,0,1.0,1,1.0,1,1.0,1,0.11371964933312319,89
3435,0,7441,2581,4860,0,0,0,1.0,1,1.0,1,1.0,1,0.11632194810889455,88
3436,3,7444,2582,4862,0,0,0,1.0,1,1.0,1,1.0,1,0.1286573897514529,86
3437,4,7448,2584,4864,0,0,0,1.0,1,1.0,1,1.0,1,0.1285104432939059,86
3438,1,7449,2584,4865,0,0,0,1.0,1,1.0,1,1.0,1,0.12327536366577688,87
3439,4,7453,2585,4868,0,0,0,1.0,1,1.0,1,1.0,1,0.13197620352909456,86
3440,2,7455,2585,4870,0,0,0,1.0,1,1.0,1,1.0,1,0.13725652411159436,86
3441,8,7463,2586,4877,0,0,0,1.0,1,1.0,1,1.0,1,0.11369520539666475,85
3442,1,7464,2587,4877,0,0,0,1.0,1,1.0,1,1.0,1,0.12496125346497527,85
3443,0,7464,2587,4877,0,0,0,1.0,1,1.0,1,1.0,1,0.13214438491134753,85
3444,4,7468,2589,4879,0,0,0,1.0,1,1.0,1,1.0,1,0.15173313980236397,85
3445,5,7473,2590,4883,0,0,0,1.0,1,1.0,1,1.0,1,0.1862488203219135,84
3446,7,7480,2590,4890,0,0,0,1.0,1,1.0,1,1.0,1,0.1548799410543542,85
3447,2,7482,2590,4892,0,0,0,1.0,1,1.0,1,1.0,1,0.15491366441762827,85
3448,2,7484,2591,4893,0,0,0,1.0,1,1.0,1,1.0,1,0.1543966370010973,85
3449,1,7485,2591,4894,0,0,0,1.0,1,1.0,1,1.0,1,0.15977552437592799,84
3450,0,7485,2591,4894,0,0,0,1.0,1,1.0,1,1.0,1,0.15977552437592799,84
3451,6,7491,2592,4899,0,0,0,1.0,1,1.0,1,1.0,1,0.1587208839299942,85
3452,2,7493,2593,4900,0,0,0,1.0,1,1.0,1,1.0,1,0.15749732786292447,86
3453,2,7495,2594,4901,0,0,0,1.0,1,1.0,1,1.0,1,0.15692328607632997,85
3454,2,7497,2594,4903,0,0,0,1.0,1,1.0,1,1.0,1,0.14363016541867177,88
3455,0,7497,2594,4903,0,0,0,1.0,1,1.0,1,1.0,1,0.14363016541867177,88
3456,3,7500,2595,4905,0,0,0,1.0,1,1.0,1,1.0,1,0.11808514622604342,88
3457,3,7503,2595,4908,0,0,0,1.0,1,1.0,1,1.0,1,0.11434856920207023,89
3458,2,7505,2595,4910,0,0,0,1.0,1,1.0,1,1.0,1,0.12388754358012322,88
3459,2,7507,2595,4912,0,0,0,1.0,1,1.0,1,1.0,1,0.12360830724410403,88
3460,2,7509,2595,4914,0,0,0,1.0,1,1.0,1,1.0,1,0.11640753606050888,89
3461,2,7511,2595,4916,0,0,0,1.0,1,1.0,1,1.0,1,0.11278389305489403,89
3462,2,7513,2596,4917,0,0,0,1.0,1,1.0,1,1.0,1,0.1074244116129219,90
3463,0,7513,2596,4917,0,0,0,1.0,1,1.0,1,1.0,1,0.11080390817244332,89
3464,1,7514,2597,4917,0,0,0,1.0,1,1.0,1,1.0,1,0.10932712101780276,88
3465,2,7516,2597,4919,0,0,0,1.0,1,1.0,1,1.0,1,0.12649436815865286,87
3466,3,7519,2597,4922,0,0,0,1.0,1,1.0,1,1.0,1,0.09366867590269114,87
3467,0,7519,2597,4922,0,0,0,1.0,1,1.0,1,1.0,1,0.09248348101331286,87
3468,5,7524,2598,4926,0,0,0,1.0,1,1.0,1,1.0,1,0.10854471379544069,88
3469,1,7525,2599,4926,0,0,0,1.0,1,1.0,1,1.0,1,0.13101524652713964,85
3470,3,7528,2601,4927,0,0,0,1.0,1,1.0,1,1.0,1,0.14125914595694072,86
3471,7,7535,2603,4932,0,0,0,1.0,1,1.0,1,1.0,1,0.13827137913656865,84
3472,1,7536,2603,4933,0,0,0,1.0,1,1.0,1,1.0,1,0.1366439089981699,83
3473,1,7537,2604,4933,0,0,0,1.0,1,1.0,1,1.0,1,0.15562606148566063,81
3474,2,7539,2605,4934,0,0,0,1.0,1,1.0,1,1.0,1,0.1402710107999311,80
3475,3,7542,2606,4936,0,0,0,1.0,1,1.0,1,1.0,1,0.14550641146209556,82
3476,6,7548,2607,4941,0,0,0,1.0,1,1.0,1,1.0,1,0.10872949692786053,81
3477,3,7551,2608,4943,0,0,0,1.0,1,1.0,1,1.0,1,0.1233044653166467,83
3478,2,7553,2609,4944,0,0,0,1.0,1,1.0,1,1.0,1,0.12579503853586643,83
3479,5,7558,2609,4949,0,0,0,1.0,1,1.0,1,1.0,1,0.11803845072473478,83
3480,4,7562,2610,4952,0,0,0,1.0,1,1.0,1,1.0,1,0.1222254372893004,83
3481,4,7566,2612,4954,0,0,0,1.0,1,1.0,1,1.0,1,0.10864592401130815,83
3482,4,7570,2613,4957,0,0,0,1.0,1,1.0,1,1.0,1,0.11663065446524228,83
3483,4,7574,2615,4959,0,0,0,1.0,1,1.0,1,1.0,1,0.1236371132902242,82
3484,3,7577,2616,4961,0,0,0,1.0,1,1.0,1,1.0,1,0.14938009636675728,82
3485,3,7580,2617,4963,0,0,0,1.0,1,1.0,1,1.0,1,0.15971810045864895,83
3486,6,7586,2617,4969,0,0,0,1.0,1,1.0,1,1.0,1,0.13383517736595865,83
3487,0,7586,2617,4969,0,0,0,1.0,1,1.0,1,1.0,1,0.1340370961081321,84
3488,1,7587,2617,4970,0,0,0,1.0,1,1.0,1,1.0,1,0.1390599204159081,84
3489,2,7589,2617,4972,0,0,0,1.0,1,1.0,1,1.0,1,0.13073295417709932,84
3490,3,7592,2617,4975,0,0,0,1.0,1,1.0,1,1.0,1,0.12669423619417455,84
3491,5,7597,2617,4980,0,0,0,1.0,1,1.0,1,1.0,1,0.09829845358159059,86
3492,0,7597,2617,4980,0,0,0,1.0,1,1.0,1,1.0,1,0.09829845358159059,86
3493,0,7597,2617,4980,0,0,0,1.0,1,1.0,1,1.0,1,0.09829845358159059,86
3494,1,7598,2617,4981,0,0,0,1.0,1,1.0,1,1.0,1,0.08703191786517278,86
3495,0,7598,2617,4981,0,0,0,1.0,1,1.0,1,1.0,1,0.08773157818689974,87
3496,2,7600,2617,4983,0,0,0,1.0,1,1.0,1,1.0,1,0.08305366221599657,88
3497,2,7602,2618,4984,0,0,0,1.0,1,1.0,1,1.0,1,0.10108087400182636,89
3498,2,7604,2618,4986,0,0,0,1.0,1,1.0,1,1.0,1,0.1007958569459349,89
3499,3,7607,2619,4988,0,0,0,1.0,1,1.0,1,1.0,1,0.09770127529989049,91
3500,0,7607,2619,4988,0,0,0,1.0,1,1.0,1,1.0,1,0.10514296250021654,90
3501,2,7609,2619,4990,0,0,0,1.0,1,1.0,1,1.0,1,0.0929541022109709,90
3502,1,7610,2619,4991,0,0,0,1.0,1,1.0,1,1.0,1,0.09001140088289726,91
3503,2,7612,2619,4993,0,0,0,1.0,1,1.0,1,1.0,1,0.09051415491879398,91
3504,4,7616,2623,4993,0,0,0,1.0,1,1.0,1,1.0,1,0.1669191167562699,89
3505,6,7622,2624,4998,0,0,0,1.0,1,1.0,1,1.0,1,0.15863977931221832,87
3506,7,7629,2626,5003,0,0,0,1.0,1,1.0,1,1.0,1,0.12680802426403753,87
3507,3,7632,2626,5006,0,0,0,1.0,1,1.0,1,1.0,1,0.1163746633402261,84
3508,3,7635,2627,5008,0,0,0,1.0,1,1.0,1,1.0,1,0.12143758832879906,83
3509,6,7641,2631,5010,0,0,0,1.0,1,1.0,1,1.0,1,0.13255871393743757,80
3510,3,7644,2631,5013,0,0,0,1.0,1,1.0,1,1.0,1,0.1482389513427445,78
3511,6,7650,2635,5015,0,0,0,1.0,1,1.0,1,1.0,1,0.12396766809553916,77
3512,1,7651,2635,5016,0,0,0,1.0,1,1.0,1,1.0,1,0.12346160884541196,74
3513,0,7651,2635,5016,0,0,0,1.0,1,1.0,1,1.0,1,0.11379433921139682,76
3514,0,7651,2635,5016,0,0,0,1.0,1,1.0,1,1.0,1,0.11410506734334849,76
3515,0,7651,2635,5016,0,0,0,1.0,1,1.0,1,1.0,1,0.12018383322089868,75
3516,2,7653,2635,5018,0,0,0,1.0,1,1.0,1,1.0,1,0.12707784511059406,73
3517,5,7658,2638,5020,0,0,0,1.0,1,1.0,1,1.0,1,0.12647186002813207,74
3518,0,7658,2638,5020,0,0,0,1.0,1,1.0,1,1.0,1,0.1436699628157841,74
3519,1,7659,2638,5021,0,0,0,1.0,1,1.0,1,1.0,1,0.14265624211743938,73
3520,0,7659,2638,5021,0,0,0,1.0,1,1.0,1,1.0,1,0.1355381340151225,74
3521,6,7665,2638,5027,0,0,0,1.0,1,1.0,1,1.0,1,0.09197039517157891,75
3522,2,7667,2638,5029,0,0,0,1.0,1,1.0,1,1.0,1,0.08385421366434445,75
3523,1,7668,2638,5030,0,0,0,1.0,1,1.0,1,1.0,1,0.08543742115230664,75
3524,6,7674,2639,5035,0,0,0,1.0,1,1.0,1,1.0,1,0.08708698930204764,75
3525,0,7674,2639,5035,0,0,0,1.0,1,1.0,1,1.0,1,0.08614689733466871,75
3526,3,7677,2639,5038,0,0,0,1.0,1,1.0,1,1.0,1,0.050871473206621894,76
3527,2,7679,2640,5039,0,0,0,1.0,1,1.0,1,1.0,1,0.09145131457411282,77
3528,4,7683,2641,5042,0,0,0,1.0,1,1.0,1,1.0,1,0.09714699807034381,77
3529,6,7689,2644,5045,0,0,0,1.0,1,1.0,1,1.0,1,0.14332810489796372,78
3530,2,7691,2644,5047,0,0,0,1.0,1,1.0,1,1.0,1,0.14771816366191043,78
3531,6,7697,2646,5051,0,0,0,1.0,1,1.0,1,1.0,1,0.1489364856280121,79
3532,2,7699,2646,5053,0,0,0,1.0,1,1.0,1,1.0,1,0.15510424155926594,79
3533,3,7702,2648,5054,0,0,0,1.0,1,1.0,1,1.0,1,0.19446601950106623,79
3534,5,7707,2649,5058,0,0,0,1.0,1,1.0,1,1.0,1,0.21169120836529468,80
3535,4,7711,2649,5062,0,0,0,1.0,1,1.0,1,1.0,1,0.200370020861805,81
3536,10,7721,2649,5072,0,0,0,1.0,1,1.0,1,1.0,1,0.1460592895288917,82
3537,4,7725,2649,5076,0,0,0,1.0,1,1.0,1,1.0,1,0.14672268409589082,82
3538,3,7728,2649,5079,0,0,0,1.0,1,1.0,1,1.0,1,0.1521970591154446,83
3539,1,7729,2649,5080,0,0,0,1.0,1,1.0,1,1.0,1,0.15349669428820775,83
3540,3,7732,2650,5082,0,0,0,1.0,1,1.0,1,1.0,1,0.145478148818736,85
3541,6,7738,2651,5087,0,0,0,1.0,1,1.0,1,1.0,1,0.11013374318490134,85
3542,4,7742,2651,5091,0,0,0,1.0,1,1.0,1,1.0,1,0.1053408388818798,88
3543,6,7748,2653,5095,0,0,0,1.0,1,1.0,1,1.0,1,0.10008221133748131,87
3544,3,7751,2653,5098,0,0,0,1.0,1,1.0,1,1.0,1,0.09255512703893273,87
3545,0,7751,2653,5098,0,0,0,1.0,1,1.0,1,1.0,1,0.08621712421162714,85
3546,1,7752,2653,5099,0,0,0,1.0,1,1.0,1,1.0,1,0.07291386943727025,83
3547,1,7753,2653,5100,0,0,0,1.0,1,1.0,1,1.0,1,0.07999457270274994,82
3548,0,7753,2653,5100,0,0,0,1.0,1,1.0,1,1.0,1,0.07999457270274994,82
3549,1,7754,2654,5100,0,0,0,1.0,1,1.0,1,1.0,1,0.08270537037195756,81
3550,1,7755,2655,5100,0,0,0,1.0,1,1.0,1,1.0,1,0.08352935427917796,79
3551,3,7758,2656,5102,0,0,0,1.0,1,1.0,1,1.0,1,0.07714983292040181,80
3552,2,7760,2657,5103,0,0,0,1.0,1,1.0,1,1.0,1,0.08233201847692753,78
3553,3,7763,2657,5106,0,0,0,1.0,1,1.0,1,1.0,1,0.0701339660565837,79
3554,1,7764,2658,5106,0,0,0,1.0,1,1.0,1,1.0,1,0.09342932758359136,77
3555,0,7764,2658,5106,0,0,0,1.0,1,1.0,1,1.0,1,0.10401459307790668,77
3556,4,7768,2658,5110,0,0,0,1.0,1,1.0,1,1.0,1,0.08020958818806452,76
3557,1,7769,2658,5111,0,0,0,1.0,1,1.0,1,1.0,1,0.07096889228280541,76
3558,1,7770,2659,5111,0,0,0,1.0,1,1.0,1,1.0,1,0.10041825204377643,76
3559,2,7772,2659,5113,0,0,0,1.0,1,1.0,1,1.0,1,0.08130725656040334,76
3560,2,7774,2660,5114,0,0,0,1.0,1,1.0,1,1.0,1,0.09087242906784228,78
3561,3,7777,2660,5117,0,0,0,1.0,1,1.0,1,1.0,1,0.08071602481903317,79
3562,1,7778,2660,5118,0,0,0,1.0,1,1.0,1,1.0,1,0.06095930834465738,79
3563,4,7782,2662,5120,0,0,0,1.0,1,1.0,1,1.0,1,0.05576597823681643,79
3564,7,7789,2665,5124,0,0,0,1.0,1,1.0,1,1.0,1,0.09110225349918148,80
3565,8,7797,2667,5130,0,0,0,1.0,1,1.0,1,1.0,1,0.13492176014449153,83
3566,10,7807,2668,5139,0,0,0,1.0,1,1.0,1,1.0,1,0.08114637148262904,84
3567,0,7807,2668,5139,0,0,0,1.0,1,1.0,1,1.0,1,0.08114637148262904,84
3568,1,7808,2669,5139,0,0,0,1.0,1,1.0,1,1.0,1,0.09007745919389985,84
3569,1,7809,2670,5139,0,0,0,1.0,1,1.0,1,1.0,1,0.0949596936435424,84
3570,4,7813,2671,5142,0,0,0,1.0,1,1.0,1,1.0,1,0.09261975585799788,87
3571,4,7817,2673,5144,0,0,0,1.0,1,1.0,1,1.0,1,0.11129329350650463,86
3572,2,7819,2674,5145,0,0,0,1.0,1,1.0,1,1.0,1,0.10903067963974655,87
3573,4,7823,2676,5147,0,0,0,1.0,1,1.0,1,1.0,1,0.13041175917333506,87
3574,8,7831,2678,5153,0,0,0,1.0,1,1.0,1,1.0,1,0.14735019245629005,88
3575,3,7834,2678,5156,0,0,0,1.0,1,1.0,1,1.0,1,0.13733355471648964,88
3576,3,7837,2679,5158,0,0,0,1.0,1,1.0,1,1.0,1,0.11923947693604364,90
3577,1,7838,2679,5159,0,0,0,1.0,1,1.0,1,1.0,1,0.11400211332530931,90
3578,1,7839,2679,5160,0,0,0,1.0,1,1.0,1,1.0,1,0.10941418725788765,91
3579,1,7840,2680,5160,0,0,0,1.0,1,1.0,1,1.0,1,0.10975914212552415,91
3580,1,7841,2680,5161,0,0,0,1.0,1,1.0,1,1.0,1,0.1279791298711872,91
3581,2,7843,2680,5163,0,0,0,1.0,1,1.0,1,1.0,1,0.10584424730882154,91
3582,3,7846,2681,5165,0,0,0,1.0,1,1.0,1,1.0,1,0.10979813991252722,92
3583,1,7847,2681,5166,0,0,0,1.0,1,1.0,1,1.0,1,0.10537687986223165,88
3584,0,7847,2681,5166,0,0,0,1.0,1,1.0,1,1.0,1,0.10947975412042134,87
3585,1,7848,2682,5166,0,0,0,1.0,1,1.0,1,1.0,1,0.12754024429653604,84
3586,5,7853,2685,5168,0,0,0,1.0,1,1.0,1,1.0,1,0.1106320246086057,83
3587,1,7854,2686,5168,0,0,0,1.0,1,1.0,1,1.0,1,0.10865748523716662,82
3588,5,7859,2689,5170,0,0,0,1.0,1,1.0,1,1.0,1,0.10093889249055941,81
3589,4,7863,2693,5170,0,0,0,1.0,1,1.0,1,1.0,1,0.14801698737957403,80
3590,3,7866,2694,5172,0,0,0,1.0,1,1.0,1,1.0,1,0.16419326939087936,78
3591,15,7881,2694,5187,0,0,0,1.0,1,1.0,1,1.0,1,0.11899687688850724,77
3592,3,7884,2695,5189,0,0,0,1.0,1,1.0,1,1.0,1,0.1212115769721126,75
3593,4,7888,2695,5193,0,0,0,1.0,1,1.0,1,1.0,1,0.13087019586840598,76
3594,4,7892,2696,5196,0,0,0,1.0,1,1.0,1,1.0,1,0.11825453789062941,74
3595,6,7898,2697,5201,0,0,0,1.0,1,1.0,1,1.0,1,0.1374269839812107,74
3596,3,7901,2697,5204,0,0,0,1.0,1,1.0,1,1.0,1,0.10600117121433203,73
3597,3,7904,2698,5206,0,0,0,1.0,1,1.0,1,1.0,1,0.09498484067577992,73
3598,3,7907,2699,5208,0,0,0,1.0,1,1.0,1,1.0,1,0.10240629199433908,73
3599,1,7908,2699,5209,0,0,0,1.0,1,1.0,1,1.0,1,0.10471875008113195,73
3600,4,7912,2699,5213,0,0,0,1.0,1,1.0,1,1.0,1,0.10714752575807691,74
3601,5,7917,2700,5217,0,0,0,1.0,1,1.0,1,1.0,1,0.0746568984324757,75
3602,1,7918,2700,5218,0,0,0,1.0,1,1.0,1,1.0,1,0.052706054150768115,76
3603,6,7924,2702,5222,0,0,0,1.0,1,1.0,1,1.0,1,0.07505655962527873,77
3604,8,7932,2704,5228,0,0,0,1.0,1,1.0,1,1.0,1,0.10777678491862837,78
3605,11,7943,2706,5237,0,0,0,1.0,1,1.0,1,1.0,1,0.11649943504989964,77
3606,6,7949,2706,5243,0,0,0,1.0,1,1.0,1,1.0,1,0.07515290172178038,79
3607,1,7950,2706,5244,0,0,0,1.0,1,1.0,1,1.0,1,0.07105029614012186,79
3608,2,7952,2706,5246,0,0,0,1.0,1,1.0,1,1.0,1,0.07544025639277453,79
3609,0,7952,2706,5246,0,0,0,1.0,1,1.0,1,1.0,1,0.07544025639277453,79
3610,3,7955,2709,5246,0,0,0,1.0,1,1.0,1,1.0,1,0.11434178397515517,80
3611,8,7963,2709,5254,0,0,0,1.0,1,1.0,1,1.0,1,0.04334476657391621,80
3612,3,7966,2710,5256,0,0,0,1.0,1,1.0,1,1.0,1,0.03971140534813128,79
3613,0,7966,2710,5256,0,0,0,1.0,1,1.0,1,1.0,1,0.03971140534813128,79
3614,3,7969,2710,5259,0,0,0,1.0,1,1.0,1,1.0,1,0.055386612930474456,78
3615,4,7973,2710,5263,0,0,0,1.0,1,1.0,1,1.0,1,0.04754786906618407,79
3616,2,7975,2711,5264,0,0,0,1.0,1,1.0,1,1.0,1,0.06473840922728302,79
3617,1,7976,2712,5264,0,0,0,1.0,1,1.0,1,1.0,1,0.06746168306976334,80
3618,3,7979,2712,5267,0,0,0,1.0,1,1.0,1,1.0,1,0.0877761186109737,82
3619,2,7981,2713,5268,0,0,0,1.0,1,1.0,1,1.0,1,0.09604050040402567,82
3620,1,7982,2714,5268,0,0,0,1.0,1,1.0,1,1.0,1,0.10492283584380552,81
3621,7,7989,2714,5275,0,0,0,1.0,1,1.0,1,1.0,1,0.08066330381689168,83
3622,0,7989,2714,5275,0,0,0,1.0,1,1.0,1,1.0,1,0.08564168032068498,81
3623,2,7991,2716,5275,0,0,0,1.0,1,1.0,1,1.0,1,0.1098024844787933,81
3624,2,7993,2717,5276,0,0,0,1.0,1,1.0,1,1.0,1,0.10643696973612149,79
3625,3,7996,2718,5278,0,0,0,1.0,1,1.0,1,1.0,1,0.12823496636455242,80
3626,5,8001,2718,5283,0,0,0,1.0,1,1.0,1,1.0,1,0.08395044362927424,78
3627,1,8002,2718,5284,0,0,0,1.0,1,1.0,1,1.0,1,0.10685937718158178,78
3628,1,8003,2718,5285,0,0,0,1.0,1,1.0,1,1.0,1,0.10549443191752597,77
3629,0,8003,2718,5285,0,0,0,1.0,1,1.0,1,1.0,1,0.10674952183776244,76
3630,3,8006,2719,5287,0,0,0,1.0,1,1.0,1,1.0,1,0.11003565844626202,77
3631,3,8009,2720,5289,0,0,0,1.0,1,1.0,1,1.0,1,0.07939346617750451,75
3632,2,8011,2722,5289,0,0,0,1.0,1,1.0,1,1.0,1,0.128011654599754,74
3633,3,8014,2723,5291,0,0,0,1.0,1,1.0,1,1.0,1,0.1168495430756829,75
3634,1,8015,2723,5292,0,0,0,1.0,1,1.0,1,1.0,1,0.1162993137509691,74
3635,4,8019,2725,5294,0,0,0,1.0,1,1.0,1,1.0,1,0.14096962340416785,74
3636,8,8027,2726,5301,0,0,0,1.0,1,1.0,1,1.0,1,0.0982011053939073,74
3637,3,8030,2726,5304,0,0,0,1.0,1,1.0,1,1.0,1,0.10454601457484787,74
3638,2,8032,2726,5306,0,0,0,1.0,1,1.0,1,1.0,1,0.11170153436471175,75
3639,2,8034,2727,5307,0,0,0,1.0,1,1.0,1,1.0,1,0.10468708736619138,76
3640,3,8037,2727,5310,0,0,0,1.0,1,1.0,1,1.0,1,0.11146834962844011,76
3641,5,8042,2728,5314,0,0,0,1.0,1,1.0,1,1.0,1,0.0774658960895032,75
3642,1,8043,2729,5314,0,0,0,1.0,1,1.0,1,1.0,1,0.08612827110898603,75
3643,1,8044,2729,5315,0,0,0,1.0,1,1.0,1,1.0,1,0.08722718356775222,74
3644,0,8044,2729,5315,0,0,0,1.0,1,1.0,1,1.0,1,0.08722718356775222,74
3645,0,8044,2729,5315,0,0,0,1.0,1,1.0,1,1.0,1,0.08722718356775222,74
3646,1,8045,2729,5316,0,0,0,1.0,1,1.0,1,1.0,1,0.07290835056775537,75
3647,1,8046,2729,5317,0,0,0,1.0,1,1.0,1,1.0,1,0.07425787051375485,77
3648,0,8046,2729,5317,0,0,0,1.0,1,1.0,1,1.0,1,0.09231165832012896,78
3649,1,8047,2729,5318,0,0,0,1.0,1,1.0,1,1.0,1,0.08371448983272294,80
3650,3,8050,2730,5320,0,0,0,1.0,1,1.0,1,1.0,1,0.10323094885889678,81
3651,0,8050,2730,5320,0,0,0,1.0,1,1.0,1,1.0,1,0.10323094885889678,81
3652,2,8052,2731,5321,0,0,0,1.0,1,1.0,1,1.0,1,0.11984724113349791,83
3653,2,8054,2731,5323,0,0,0,1.0,1,1.0,1,1.0,1,0.11540755937780833,83
3654,0,8054,2731,5323,0,0,0,1.0,1,1.0,1,1.0,1,0.11540755937780833,83
3655,0,8054,2731,5323,0,0,0,1.0,1,1.0,1,1.0,1,0.10912031669414718,84
3656,2,8056,2731,5325,0,0,0,1.0,1,1.0,1,1.0,1,0.1042421286054335,85
3657,0,8056,2731,5325,0,0,0,1.0,1,1.0,1,1.0,1,0.09830982909639302,86
3658,3,8059,2732,5327,0,0,0,1.0,1,1.0,1,1.0,1,0.11421811248762638,87
3659,2,8061,2734,5327,0,0,0,1.0,1,1.0,1,1.0,1,0.14320223002120055,87
3660,1,8062,2734,5328,0,0,0,1.0,1,1.0,1,1.0,1,0.1443852967733651,86
3661,8,8070,2735,5335,0,0,0,1.0,1,1.0,1,1.0,1,0.13742558509296507,86
3662,4,8074,2737,5337,0,0,0,1.0,1,1.0,1,1.0,1,0.15912194439860047,83
3663,5,8079,2739,5340,0,0,0,1.0,1,1.0,1,1.0,1,0.12338739125288083,85
3664,3,8082,2741,5341,0,0,0,1.0,1,1.0,1,1.0,1,0.12008797313105715,82
3665,2,8084,2742,5342,0,0,0,1.0,1,1.0,1,1.0,1,0.11111178882547373,81
3666,1,8085,2743,5342,0,0,0,1.0,1,1.0,1,1.0,1,0.13030809063914595,79
3667,2,8087,2743,5344,0,0,0,1.0,1,1.0,1,1.0,1,0.12545871815443002,79
3668,1,8088,2744,5344,0,0,0,1.0,1,1.0,1,1.0,1,0.13446365916860287,77
3669,1,8089,2745,5344,0,0,0,1.0,1,1.0,1,1.0,1,0.12867471150275028,75
3670,3,8092,2747,5345,0,0,0,1.0,1,1.0,1,1.0,1,0.14324098302740346,76
3671,4,8096,2748,5348,0,0,0,1.0,1,1.0,1,1.0,1,0.08481774929797313,74
3672,0,8096,2748,5348,0,0,0,1.0,1,1.0,1,1.0,1,0.07899392872751446,75
3673,2,8098,2749,5349,0,0,0,1.0,1,1.0,1,1.0,1,0.09601475421052283,75
3674,3,8101,2751,5350,0,0,0,1.0,1,1.0,1,1.0,1,0.13446399998217726,75
3675,4,8105,2751,5354,0,0,0,1.0,1,1.0,1,1.0,1,0.10901764308858544,75
3676,3,8108,2752,5356,0,0,0,1.0,1,1.0,1,1.0,1,0.1066903787936099,75
3677,2,8110,2752,5358,0,0,0,1.0,1,1.0,1,1.0,1,0.09748511685462675,75
3678,2,8112,2752,5360,0,0,0,1.0,1,1.0,1,1.0,1,0.09012960635431733,77
3679,1,8113,2753,5360,0,0,0,1.0,1,1.0,1,1.0,1,0.1157307790886322,78
3680,1,8114,2753,5361,0,0,0,1.0,1,1.0,1,1.0,1,0.1188836245538004,80
3681,1,8115,2753,5362,0,0,0,1.0,1,1.0,1,1.0,1,0.11359632835928296,81
3682,0,8115,2753,5362,0,0,0,1.0,1,1.0,1,1.0,1,0.11359632835928296,81
3683,3,8118,2754,5364,0,0,0,1.0,1,1.0,1,1.0,1,0.12894090583257778,81
3684,1,8119,2754,5365,0,0,0,1.0,1,1.0,1,1.0,1,0.125043009061223,81
3685,2,8121,2754,5367,0,0,0,1.0,1,1.0,1,1.0,1,0.125043009061223,81
3686,0,8121,2754,5367,0,0,0,1.0,1,1.0,1,1.0,1,0.125043009061223,81
3687,1,8122,2754,5368,0,0,0,1.0,1,1.0,1,1.0,1,0.1121533995440038,82
3688,1,8123,2754,5369,0,0,0,1.0,1,1.0,1,1.0,1,0.1128167362073868,84
3689,0,8123,2754,5369,0,0,0,1.0,1,1.0,1,1.0,1,0.1128167362073868,84
3690,1,8124,2755,5369,0,0,0,1.0,1,1.0,1,1.0,1,0.1273502479193702,85
3691,0,8124,2755,5369,0,0,0,1.0,1,1.0,1,1.0,1,0.1230399803141984,86
3692,1,8125,2755,5370,0,0,0,1.0,1,1.0,1,1.0,1,0.1134407521140152,86
3693,0,8125,2755,5370,0,0,0,1.0,1,1.0,1,1.0,1,0.1134407521140152,86
3694,0,8125,2755,5370,0,0,0,1.0,1,1.0,1,1.0,1,0.1134407521140152,86
3695,3,8128,2758,5370,0,0,0,1.0,1,1.0,1,1.0,1,0.15585633500406218,86
3696,4,8132,2758,5374,0,0,0,1.0,1,1.0,1,1.0,1,0.11617203805428465,87
3697,3,8135,2760,5375,0,0,0,1.0,1,1.0,1,1.0,1,0.13222285039692755,85
3698,0,8135,2760,5375,0,0,0,1.0,1,1.0,1,1.0,1,0.1310636217101631,85
3699,0,8135,2760,5375,0,0,0,1.0,1,1.0,1,1.0,1,0.12448425228178533,85
3700,2,8137,2762,5375,0,0,0,1.0,1,1.0,1,1.0,1,0.1382053799838599,84
3701,6,8143,2762,5381,0,0,0,1.0,1,1.0,1,1.0,1,0.14313313544774534,85
3702,8,8151,2765,5386,0,0,0,1.0,1,1.0,1,1.0,1,0.14794569973986257,85
3703,11,8162,2765,5397,0,0,0,1.0,1,1.0,1,1.0,1,0.1578934470053974,85
3704,15,8177,2767,5410,0,0,0,1.0,1,1.0,1,1.0,1,0.18265744387036775,85
3705,12,8189,2767,5422,0,0,0,1.0,1,1.0,1,1.0,1,0.15131877161606502,86
3706,1,8190,2767,5423,0,0,0,1.0,1,1.0,1,1.0,1,0.13254064920648587,86
3707,2,8192,2769,5423,0,0,0,1.0,1,1.0,1,1.0,1,0.15330141659582128,85
3708,2,8194,2769,5425,0,0,0,1.0,1,1.0,1,1.0,1,0.14012327607281685,84
3709,0,8194,2769,5425,0,0,0,1.0,1,1.0,1,1.0,1,0.13696618849961448,85
3710,0,8194,2769,5425,0,0,0,1.0,1,1.0,1,1.0,1,0.1417100665089773,84
3711,1,8195,2769,5426,0,0,0,1.0,1,1.0,1,1.0,1,0.13715916349195137,85
3712,4,8199,2769,5430,0,0,0,1.0,1,1.0,1,1.0,1,0.10659784790303033,85
3713,0,8199,2769,5430,0,0,0,1.0,1,1.0,1,1.0,1,0.10659784790303033,85
3714,2,8201,2770,5431,0,0,0,1.0,1,1.0,1,1.0,1,0.12557519881009632,85
3715,1,8202,2771,5431,0,0,0,1.0,1,1.0,1,1.0,1,0.12364153398982292,85
3716,1,8203,2771,5432,0,0,0,1.0,1,1.0,1,1.0,1,0.12995813570961498,84
3717,3,8206,2771,5435,0,0,0,1.0,1,1.0,1,1.0,1,0.12632009761200902,86
3718,2,8208,2772,5436,0,0,0,1.0,1,1.0,1,1.0,1,0.1367642892978977,85
3719,5,8213,2774,5439,0,0,0,1.0,1,1.0,1,1.0,1,0.1427634862996451,84
3720,0,8213,2774,5439,0,0,0,1.0,1,1.0,1,1.0,1,0.16261242987227134,84
3721,6,8219,2776,5443,0,0,0,1.0,1,1.0,1,1.0,1,0.13362900043962628,85
3722,1,8220,2777,5443,0,0,0,1.0,1,1.0,1,1.0,1,0.13850459958816388,85
3723,1,8221,2777,5444,0,0,0,1.0,1,1.0,1,1.0,1,0.15031213844718525,85
3724,1,8222,2777,5445,0,0,0,1.0,1,1.0,1,1.0,1,0.13726569728105717,86
3725,1,8223,2778,5445,0,0,0,1.0,1,1.0,1,1.0,1,0.13027239479486646,86
3726,3,8226,2779,5447,0,0,0,1.0,1,1.0,1,1.0,1,0.1308459542301908,86
3727,0,8226,2779,5447,0,0,0,1.0,1,1.0,1,1.0,1,0.1308459542301908,86
3728,0,8226,2779,5447,0,0,0,1.0,1,1.0,1,1.0,1,0.1308459542301908,86
3729,0,8226,2779,5447,0,0,0,1.0,1,1.0,1,1.0,1,0.1308459542301908,86
3730,0,8226,2779,5447,0,0,0,1.0,1,1.0,1,1.0,1,0.1427715567682094,85
3731,2,8228,2779,5449,0,0,0,1.0,1,1.0,1,1.0,1,0.13870562807902395,86
3732,1,8229,2780,5449,0,0,0,1.0,1,1.0,1,1.0,1,0.14870218056804047,87
3733,3,8232,2781,5451,0,0,0,1.0,1,1.0,1,1.0,1,0.15488048434087756,87
3734,1,8233,2781,5452,0,0,0,1.0,1,1.0,1,1.0,1,0.15164543879143494,87
3735,3,8236,2782,5454,0,0,0,1.0,1,1.0,1,1.0,1,0.14117612684731567,86
3736,0,8236,2782,5454,0,0,0,1.0,1,1.0,1,1.0,1,0.13619249797948543,87
3737,2,8238,2784,5454,0,0,0,1.0,1,1.0,1,1.0,1,0.158024404381992,87
3738,3,8241,2785,5456,0,0,0,1.0,1,1.0,1,1.0,1,0.148243810049326,87
3739,2,8243,2785,5458,0,0,0,1.0,1,1.0,1,1.0,1,0.13017787767285013,88
3740,3,8246,2785,5461,0,0,0,1.0,1,1.0,1,1.0,1,0.12472770323665158,87
3741,2,8248,2785,5463,0,0,0,1.0,1,1.0,1,1.0,1,0.11527977119245189,87
3742,2,8250,2786,5464,0,0,0,1.0,1,1.0,1,1.0,1,0.1108364024223916,86
3743,0,8250,2786,5464,0,0,0,1.0,1,1.0,1,1.0,1,0.12881665130909875,84
3744,3,8253,2787,5466,0,0,0,1.0,1,1.0,1,1.0,1,0.15782028963510047,83
3745,2,8255,2787,5468,0,0,0,1.0,1,1.0,1,1.0,1,0.16428984706789224,83
3746,9,8264,2788,5476,0,0,0,1.0,1,1.0,1,1.0,1,0.14251585603246833,83
3747,1,8265,2789,5476,0,0,0,1.0,1,1.0,1,1.0,1,0.15577275176831293,81
3748,0,8265,2789,5476,0,0,0,1.0,1,1.0,1,1.0,1,0.15435264425836365,81
3749,0,8265,2789,5476,0,0,0,1.0,1,1.0,1,1.0,1,0.16355594474015925,80
3750,0,8265,2789,5476,0,0,0,1.0,1,1.0,1,1.0,1,0.17316480797189798,79
3751,8,8273,2791,5482,0,0,0,1.0,1,1.0,1,1.0,1,0.15384218710471134,80
3752,3,8276,2792,5484,0,0,0,1.0,1,1.0,1,1.0,1,0.17146085817405077,80
3753,8,8284,2795,5489,0,0,0,1.0,1,1.0,1,1.0,1,0.16390449704070761,81
3754,5,8289,2796,5493,0,0,0,1.0,1,1.0,1,1.0,1,0.16790368381031612,81
3755,6,8295,2798,5497,0,0,0,1.0,1,1.0,1,1.0,1,0.17311249916380403,80
3756,6,8301,2799,5502,0,0,0,1.0,1,1.0,1,1.0,1,0.1797053200941158,79
3757,1,8302,2799,5503,0,0,0,1.0,1,1.0,1,1.0,1,0.1863208111579649,80
3758,3,8305,2799,5506,0,0,0,1.0,1,1.0,1,1.0,1,0.193992401887891,79
3759,3,8308,2800,5508,0,0,0,1.0,1,1.0,1,1.0,1,0.19990066674176016,79
3760,1,8309,2800,5509,0,0,0,1.0,1,1.0,1,1.0,1,0.19940360401319882,79
3761,1,8310,2800,5510,0,0,0,1.0,1,1.0,1,1.0,1,0.2095688111483485,78
3762,4,8314,2800,5514,0,0,0,1.0,1,1.0,1,1.0,1,0.18843325977382183,80
3763,1,8315,2800,5515,0,0,0,1.0,1,1.0,1,1.0,1,0.18538068852262599,80
3764,1,8316,2801,5515,0,0,0,1.0,1,1.0,1,1.0,1,0.20245010204690184,80
3765,6,8322,2802,5520,0,0,0,1.0,1,1.0,1,1.0,1,0.19378979552862519,81
3766,7,8329,2803,5526,0,0,0,1.0,1,1.0,1,1.0,1,0.17403258525272788,83
3767,2,8331,2803,5528,0,0,0,1.0,1,1.0,1,1.0,1,0.16305672604611848,83
3768,1,8332,2803,5529,0,0,0,1.0,1,1.0,1,1.0,1,0.16894527377278817,84
3769,0,8332,2803,5529,0,0,0,1.0,1,1.0,1,1.0,1,0.15147182963276956,86
3770,1,8333,2803,5530,0,0,0,1.0,1,1.0,1,1.0,1,0.14862445765552604,87
3771,4,8337,2804,5533,0,0,0,1.0,1,1.0,1,1.0,1,0.13829114381725782,87
3772,1,8338,2804,5534,0,0,0,1.0,1,1.0,1,1.0,1,0.1495841295215486,88
3773,2,8340,2804,5536,0,0,0,1.0,1,1.0,1,1.0,1,0.14389357063514802,85
3774,2,8342,2805,5537,0,0,0,1.0,1,1.0,1,1.0,1,0.14338597306846362,85
3775,2,8344,2806,5538,0,0,0,1.0,1,1.0,1,1.0,1,0.17513989971436886,83
3776,9,8353,2809,5544,0,0,0,1.0,1,1.0,1,1.0,1,0.17917427921770923,82
3777,6,8359,2810,5549,0,0,0,1.0,1,1.0,1,1.0,1,0.1492109721374127,81
3778,0,8359,2810,5549,0,0,0,1.0,1,1.0,1,1.0,1,0.15184550299836858,81
3779,2,8361,2811,5550,0,0,0,1.0,1,1.0,1,1.0,1,0.16107045040554283,80
3780,3,8364,2811,5553,0,0,0,1.0,1,1.0,1,1.0,1,0.16870816246850764,80
3781,3,8367,2811,5556,0,0,0,1.0,1,1.0,1,1.0,1,0.15167914872768695,80
3782,0,8367,2811,5556,0,0,0,1.0,1,1.0,1,1.0,1,0.15167914872768695,80
3783,0,8367,2811,5556,0,0,0,1.0,1,1.0,1,1.0,1,0.14502345963676264,80
3784,1,8368,2812,5556,0,0,0,1.0,1,1.0,1,1.0,1,0.16534733298959556,79
3785,2,8370,2813,5557,0,0,0,1.0,1,1.0,1,1.0,1,0.19147822563985917,77
3786,3,8373,2813,5560,0,0,0,1.0,1,1.0,1,1.0,1,0.1736387361072309,78
3787,3,8376,2815,5561,0,0,0,1.0,1,1.0,1,1.0,1,0.1790952505783311,77
3788,3,8379,2816,5563,0,0,0,1.0,1,1.0,1,1.0,1,0.16492607718224733,78
3789,4,8383,2819,5564,0,0,0,1.0,1,1.0,1,1.0,1,0.18798294292158857,77
3790,2,8385,2820,5565,0,0,0,1.0,1,1.0,1,1.0,1,0.19282725017938965,77
3791,5,8390,2820,5570,0,0,0,1.0,1,1.0,1,1.0,1,0.16735006146782824,77
3792,0,8390,2820,5570,0,0,0,1.0,1,1.0,1,1.0,1,0.15279200432342066,78
3793,2,8392,2821,5571,0,0,0,1.0,1,1.0,1,1.0,1,0.1545852322403492,80
3794,2,8394,2821,5573,0,0,0,1.0,1,1.0,1,1.0,1,0.14144094780320368,82
3795,1,8395,2821,5574,0,0,0,1.0,1,1.0,1,1.0,1,0.14603912477670056,83
3796,4,8399,2821,5578,0,0,0,1.0,1,1.0,1,1.0,1,0.12376596113100634,83
3797,1,8400,2821,5579,0,0,0,1.0,1,1.0,1,1.0,1,0.12325200592941904,82
3798,1,8401,2822,5579,0,0,0,1.0,1,1.0,1,1.0,1,0.12617836041985364,82
3799,4,8405,2822,5583,0,0,0,1.0,1,1.0,1,1.0,1,0.11582145127196457,83
3800,3,8408,2823,5585,0,0,0,1.0,1,1.0,1,1.0,1,0.12966035589912434,83
3801,3,8411,2823,5588,0,0,0,1.0,1,1.0,1,1.0,1,0.10885924872006168,83
3802,0,8411,2823,5588,0,0,0,1.0,1,1.0,1,1.0,1,0.12303545707796512,82
3803,0,8411,2823,5588,0,0,0,1.0,1,1.0,1,1.0,1,0.12088989084343979,84
3804,2,8413,2823,5590,0,0,0,1.0,1,1.0,1,1.0,1,0.11683759078847195,84
3805,2,8415,2824,5591,0,0,0,1.0,1,1.0,1,1.0,1,0.14152344903976696,86
3806,2,8417,2824,5593,0,0,0,1.0,1,1.0,1,1.0,1,0.13606681517120325,86
3807,1,8418,2825,5593,0,0,0,1.0,1,1.0,1,1.0,1,0.14808434800006726,86
3808,1,8419,2825,5594,0,0,0,1.0,1,1.0,1,1.0,1,0.1415686102200845,85
3809,2,8421,2826,5595,0,0,0,1.0,1,1.0,1,1.0,1,0.14377070303969613,85
3810,0,8421,2826,5595,0,0,0,1.0,1,1.0,1,1.0,1,0.14377070303969613,85
3811,4,8425,2827,5598,0,0,0,1.0,1,1.0,1,1.0,1,0.12533840123239856,84
3812,1,8426,2828,5598,0,0,0,1.0,1,1.0,1,1.0,1,0.12898679709333494,83
3813,0,8426,2828,5598,0,0,0,1.0,1,1.0,1,1.0,1,0.1290637863930371,82
3814,2,8428,2830,5598,0,0,0,1.0,1,1.0,1,1.0,1,0.1342565903759247,81
3815,4,8432,2830,5602,0,0,0,1.0,1,1.0,1,1.0,1,0.1174346693665659,82
3816,3,8435,2830,5605,0,0,0,1.0,1,1.0,1,1.0,1,0.09091648820978222,81
3817,2,8437,2830,5607,0,0,0,1.0,1,1.0,1,1.0,1,0.09091648820978222,81
3818,2,8439,2832,5607,0,0,0,1.0,1,1.0,1,1.0,1,0.1206142358203613,81
3819,4,8443,2834,5609,0,0,0,1.0,1,1.0,1,1.0,1,0.14547258456246215,82
3820,5,8448,2834,5614,0,0,0,1.0,1,1.0,1,1.0,1,0.15420347435386098,84
3821,4,8452,2835,5617,0,0,0,1.0,1,1.0,1,1.0,1,0.16380173079550878,84
3822,1,8453,2835,5618,0,0,0,1.0,1,1.0,1,1.0,1,0.1286399618702339,82
3823,2,8455,2837,5618,0,0,0,1.0,1,1.0,1,1.0,1,0.12393989017989895,81
3824,3,8458,2838,5620,0,0,0,1.0,1,1.0,1,1.0,1,0.14026325024906525,78
3825,0,8458,2838,5620,0,0,0,1.0,1,1.0,1,1.0,1,0.16059671851811322,76
3826,7,8465,2839,5626,0,0,0,1.0,1,1.0,1,1.0,1,0.12649127672533408,76
3827,1,8466,2840,5626,0,0,0,1.0,1,1.0,1,1.0,1,0.1483066201306452,75
3828,2,8468,2841,5627,0,0,0,1.0,1,1.0,1,1.0,1,0.1528414281683832,74
3829,4,8472,2843,5629,0,0,0,1.0,1,1.0,1,1.0,1,0.17527350427754898,74
3830,1,8473,2843,5630,0,0,0,1.0,1,1.0,1,1.0,1,0.17833882074549554,74
3831,8,8481,2845,5636,0,0,0,1.0,1,1.0,1,1.0,1,0.16350829152386778,74
3832,1,8482,2845,5637,0,0,0,1.0,1,1.0,1,1.0,1,0.15326636246167463,73
3833,2,8484,2847,5637,0,0,0,1.0,1,1.0,1,1.0,1,0.16604205752790985,73
3834,2,8486,2848,5638,0,0,0,1.0,1,1.0,1,1.0,1,0.1896512180421324,74
3835,6,8492,2849,5643,0,0,0,1.0,1,1.0,1,1.0,1,0.1897929199715976,75
3836,9,8501,2849,5652,0,0,0,1.0,1,1.0,1,1.0,1,0.11188469378793964,75
3837,5,8506,2850,5656,0,0,0,1.0,1,1.0,1,1.0,1,0.1239225848357839,78
3838,5,8511,2851,5660,0,0,0,1.0,1,1.0,1,1.0,1,0.12708381261351162,78
3839,5,8516,2851,5665,0,0,0,1.0,1,1.0,1,1.0,1,0.11785914401591166,79
3840,6,8522,2852,5670,0,0,0,1.0,1,1.0,1,1.0,1,0.14660471221865048,82
3841,4,8526,2852,5674,0,0,0,1.0,1,1.0,1,1.0,1,0.09971180261464169,82
3842,0,8526,2852,5674,0,0,0,1.0,1,1.0,1,1.0,1,0.09848235358365036,82
3843,0,8526,2852,5674,0,0,0,1.0,1,1.0,1,1.0,1,0.09848235358365036,82
3844,1,8527,2852,5675,0,0,0,1.0,1,1.0,1,1.0,1,0.08810860414901446,83
3845,2,8529,2852,5677,0,0,0,1.0,1,1.0,1,1.0,1,0.0762154248045983,84
3846,3,8532,2852,5680,0,0,0,1.0,1,1.0,1,1.0,1,0.06638970826163051,85
3847,0,8532,2852,5680,0,0,0,1.0,1,1.0,1,1.0,1,0.07707638992675415,84
3848,1,8533,2853,5680,0,0,0,1.0,1,1.0,1,1.0,1,0.09308677797381462,84
3849,2,8535,2853,5682,0,0,0,1.0,1,1.0,1,1.0,1,0.0712757194508278,83
3850,0,8535,2853,5682,0,0,0,1.0,1,1.0,1,1.0,1,0.08874098038462762,80
3851,3,8538,2853,5685,0,0,0,1.0,1,1.0,1,1.0,1,0.0655644311819408,80
3852,0,8538,2853,5685,0,0,0,1.0,1,1.0,1,1.0,1,0.07827786214130082,79
3853,1,8539,2854,5685,0,0,0,1.0,1,1.0,1,1.0,1,0.08349833432968963,79
3854,1,8540,2855,5685,0,0,0,1.0,1,1.0,1,1.0,1,0.10257159619105187,78
3855,2,8542,2856,5686,0,0,0,1.0,1,1.0,1,1.0,1,0.11536396378995135,78
3856,4,8546,2857,5689,0,0,0,1.0,1,1.0,1,1.0,1,0.11394909639983636,80
3857,4,8550,2858,5692,0,0,0,1.0,1,1.0,1,1.0,1,0.10577941968706675,81
3858,2,8552,2860,5692,0,0,0,1.0,1,1.0,1,1.0,1,0.12448452950642143,81
3859,0,8552,2860,5692,0,0,0,1.0,1,1.0,1,1.0,1,0.13070594253594453,83
3860,0,8552,2860,5692,0,0,0,1.0,1,1.0,1,1.0,1,0.13400658830582765,82
3861,2,8554,2860,5694,0,0,0,1.0,1,1.0,1,1.0,1,0.12613446049385232,84
3862,2,8556,2861,5695,0,0,0,1.0,1,1.0,1,1.0,1,0.13773356327675468,85
3863,1,8557,2861,5696,0,0,0,1.0,1,1.0,1,1.0,1,0.12486621919981053,84
3864,1,8558,2862,5696,0,0,0,1.0,1,1.0,1,1.0,1,0.11793492047563021,83
3865,1,8559,2863,5696,0,0,0,1.0,1,1.0,1,1.0,1,0.11615487471158756,82
3866,0,8559,2863,5696,0,0,0,1.0,1,1.0,1,1.0,1,0.11310473225482376,81
3867,4,8563,2867,5696,0,0,0,1.0,1,1.0,1,1.0,1,0.13299809450479982,81
3868,5,8568,2868,5700,0,0,0,1.0,1,1.0,1,1.0,1,0.11502466543352076,81
3869,4,8572,2870,5702,0,0,0,1.0,1,1.0,1,1.0,1,0.1144033722815866,81
3870,1,8573,2870,5703,0,0,0,1.0,1,1.0,1,1.0,1,0.11431018488096044,80
3871,5,8578,2871,5707,0,0,0,1.0,1,1.0,1,1.0,1,0.09236600829826298,82
3872,2,8580,2872,5708,0,0,0,1.0,1,1.0,1,1.0,1,0.08696810321733098,81
3873,0,8580,2872,5708,0,0,0,1.0,1,1.0,1,1.0,1,0.08696810321733098,81
3874,1,8581,2873,5708,0,0,0,1.0,1,1.0,1,1.0,1,0.09813334785979964,78
3875,1,8582,2873,5709,0,0,0,1.0,1,1.0,1,1.0,1,0.08371482047251753,77
3876,5,8587,2875,5712,0,0,0,1.0,1,1.0,1,1.0,1,0.09063824346136044,78
3877,1,8588,2876,5712,0,0,0,1.0,1,1.0,1,1.0,1,0.08014062604793785,75
3878,0,8588,2876,5712,0,0,0,1.0,1,1.0,1,1.0,1,0.08014062604793785,75
3879,0,8588,2876,5712,0,0,0,1.0,1,1.0,1,1.0,1,0.0976903677999648,73
3880,1,8589,2876,5713,0,0,0,1.0,1,1.0,1,1.0,1,0.0868337854156915,74
3881,1,8590,2876,5714,0,0,0,1.0,1,1.0,1,1.0,1,0.08317337429817019,75
3882,3,8593,2876,5717,0,0,0,1.0,1,1.0,1,1.0,1,0.060722477979749515,76
3883,0,8593,2876,5717,0,0,0,1.0,1,1.0,1,1.0,1,0.07115757769897114,77
3884,6,8599,2879,5720,0,0,0,1.0,1,1.0,1,1.0,1,0.08362137654141176,78
3885,0,8599,2879,5720,0,0,0,1.0,1,1.0,1,1.0,1,0.08362137654141176,78
3886,4,8603,2880,5723,0,0,0,1.0,1,1.0,1,1.0,1,0.04933018908165525,79
3887,1,8604,2880,5724,0,0,0,1.0,1,1.0,1,1.0,1,0.05386998054659857,78
3888,4,8608,2882,5726,0,0,0,1.0,1,1.0,1,1.0,1,0.07906787015824865,80
3889,4,8612,2883,5729,0,0,0,1.0,1,1.0,1,1.0,1,0.08923273531097567,82
3890,4,8616,2884,5732,0,0,0,1.0,1,1.0,1,1.0,1,0.08576953982022734,82
3891,4,8620,2885,5735,0,0,0,1.0,1,1.0,1,1.0,1,0.07794221614935182,85
3892,8,8628,2888,5740,0,0,0,1.0,1,1.0,1,1.0,1,0.08264122600144078,87
3893,3,8631,2888,5743,0,0,0,1.0,1,1.0,1,1.0,1,0.06694765381480121,86
3894,0,8631,2888,5743,0,0,0,1.0,1,1.0,1,1.0,1,0.07329188028018499,87
3895,2,8633,2890,5743,0,0,0,1.0,1,1.0,1,1.0,1,0.08965733613951722,87
3896,1,8634,2890,5744,0,0,0,1.0,1,1.0,1,1.0,1,0.09152251958288944,85
3897,1,8635,2891,5744,0,0,0,1.0,1,1.0,1,1.0,1,0.09421102574308246,85
3898,8,8643,2893,5750,0,0,0,1.0,1,1.0,1,1.0,1,0.10718455710333777,86
3899,3,8646,2895,5751,0,0,0,1.0,1,1.0,1,1.0,1,0.12376180474134386,86
3900,6,8652,2896,5756,0,0,0,1.0,1,1.0,1,1.0,1,0.12878746968186758,86
3901,8,8660,2898,5762,0,0,0,1.0,1,1.0,1,1.0,1,0.12570493658986895,86
3902,7,8667,2899,5768,0,0,0,1.0,1,1.0,1,1.0,1,0.10630460983167635,87
3903,1,8668,2899,5769,0,0,0,1.0,1,1.0,1,1.0,1,0.09070411855729892,87
3904,1,8669,2900,5769,0,0,0,1.0,1,1.0,1,1.0,1,0.09434544859718409,85
3905,1,8670,2901,5769,0,0,0,1.0,1,1.0,1,1.0,1,0.08157347298982928,84
3906,5,8675,2903,5772,0,0,0,1.0,1,1.0,1,1.0,1,0.0876295026929744,86
3907,3,8678,2903,5775,0,0,0,1.0,1,1.0,1,1.0,1,0.05145020599250695,84
3908,0,8678,2903,5775,0,0,0,1.0,1,1.0,1,1.0,1,0.05621637705228857,83
3909,1,8679,2903,5776,0,0,0,1.0,1,1.0,1,1.0,1,0.06083215823180956,81
3910,2,8681,2905,5776,0,0,0,1.0,1,1.0,1,1.0,1,0.11401027304445209,82
3911,11,8692,2908,5784,0,0,0,1.0,1,1.0,1,1.0,1,0.06440530066728038,81
3912,2,8694,2908,5786,0,0,0,1.0,1,1.0,1,1.0,1,0.06689229181341683,80
3913,3,8697,2910,5787,0,0,0,1.0,1,1.0,1,1.0,1,0.07810136035856584,80
3914,2,8699,2911,5788,0,0,0,1.0,1,1.0,1,1.0,1,0.0962836459214028,81
3915,5,8704,2914,5790,0,0,0,1.0,1,1.0,1,1.0,1,0.10796703715311438,81
3916,10,8714,2916,5798,0,0,0,1.0,1,1.0,1,1.0,1,0.09158174493480012,81
3917,2,8716,2916,5800,0,0,0,1.0,1,1.0,1,1.0,1,0.0719384924839584,82
3918,6,8722,2917,5805,0,0,0,1.0,1,1.0,1,1.0,1,0.0880121287769653,85
3919,1,8723,2917,5806,0,0,0,1.0,1,1.0,1,1.0,1,0.08536125889240782,85
3920,2,8725,2917,5808,0,0,0,1.0,1,1.0,1,1.0,1,0.0717227739609293,85
3921,4,8729,2919,5810,0,0,0,1.0,1,1.0,1,1.0,1,0.08033599321943743,88
3922,0,8729,2919,5810,0,0,0,1.0,1,1.0,1,1.0,1,0.08033599321943743,88
3923,0,8729,2919,5810,0,0,0,1.0,1,1.0,1,1.0,1,0.07288351938557368,89
3924,1,8730,2919,5811,0,0,0,1.0,1,1.0,1,1.0,1,0.07459226718107786,90
3925,1,8731,2920,5811,0,0,0,1.0,1,1.0,1,1.0,1,0.0838169042725885,88
3926,3,8734,2920,5814,0,0,0,1.0,1,1.0,1,1.0,1,0.06569578945525395,89
3927,1,8735,2921,5814,0,0,0,1.0,1,1.0,1,1.0,1,0.08346894968276494,89
3928,1,8736,2921,5815,0,0,0,1.0,1,1.0,1,1.0,1,0.08874619542885545,88
3929,0,8736,2921,5815,0,0,0,1.0,1,1.0,1,1.0,1,0.08874619542885545,88
3930,0,8736,2921,5815,0,0,0,1.0,1,1.0,1,1.0,1,0.10211440469838633,87
3931,5,8741,2923,5818,0,0,0,1.0,1,1.0,1,1.0,1,0.08478430619234989,86
3932,1,8742,2924,5818,0,0,0,1.0,1,1.0,1,1.0,1,0.09982153403619178,85
3933,0,8742,2924,5818,0,0,0,1.0,1,1.0,1,1.0,1,0.09945104586516401,84
3934,3,8745,2925,5820,0,0,0,1.0,1,1.0,1,1.0,1,0.09066518641854951,85
3935,2,8747,2927,5820,0,0,0,1.0,1,1.0,1,1.0,1,0.10470613966986415,84
3936,3,8750,2927,5823,0,0,0,1.0,1,1.0,1,1.0,1,0.08157588008554811,84
3937,0,8750,2927,5823,0,0,0,1.0,1,1.0,1,1.0,1,0.10158855065997224,82
3938,0,8750,2927,5823,0,0,0,1.0,1,1.0,1,1.0,1,0.10158855065997224,82
3939,1,8751,2927,5824,0,0,0,1.0,1,1.0,1,1.0,1,0.09136150173116138,84
3940,5,8756,2929,5827,0,0,0,1.0,1,1.0,1,1.0,1,0.0865245980299362,84
3941,3,8759,2929,5830,0,0,0,1.0,1,1.0,1,1.0,1,0.05339072127315191,85
3942,4,8763,2931,5832,0,0,0,1.0,1,1.0,1,1.0,1,0.04573473862452871,85
3943,0,8763,2931,5832,0,0,0,1.0,1,1.0,1,1.0,1,0.03809588651215556,84
3944,2,8765,2933,5832,0,0,0,1.0,1,1.0,1,1.0,1,0.0848545053382712,83
3945,4,8769,2934,5835,0,0,0,1.0,1,1.0,1,1.0,1,0.09854677221016434,83
3946,5,8774,2935,5839,0,0,0,1.0,1,1.0,1,1.0,1,0.08432590736561761,83
3947,0,8774,2935,5839,0,0,0,1.0,1,1.0,1,1.0,1,0.08432590736561761,83
3948,4,8778,2937,5841,0,0,0,1.0,1,1.0,1,1.0,1,0.10583107259199255,84
3949,1,8779,2937,5842,0,0,0,1.0,1,1.0,1,1.0,1,0.12364433559409294,84
3950,2,8781,2938,5843,0,0,0,1.0,1,1.0,1,1.0,1,0.1294369252351626,86
3951,5,8786,2938,5848,0,0,0,1.0,1,1.0,1,1.0,1,0.10598474861424965,87
3952,0,8786,2938,5848,0,0,0,1.0,1,1.0,1,1.0,1,0.09930978276734329,86
3953,2,8788,2939,5849,0,0,0,1.0,1,1.0,1,1.0,1,0.11112251169000578,86
3954,2,8790,2939,5851,0,0,0,1.0,1,1.0,1,1.0,1,0.10018842144036531,85
3955,2,8792,2940,5852,0,0,0,1.0,1,1.0,1,1.0,1,0.11853822959188746,85
3956,4,8796,2940,5856,0,0,0,1.0,1,1.0,1,1.0,1,0.08855259596492111,84
3957,1,8797,2940,5857,0,0,0,1.0,1,1.0,1,1.0,1,0.0860906832919001,85
3958,3,8800,2941,5859,0,0,0,1.0,1,1.0,1,1.0,1,0.08950941243128127,84
3959,1,8801,2941,5860,0,0,0,1.0,1,1.0,1,1.0,1,0.10506526684308204,83
3960,4,8805,2943,5862,0,0,0,1.0,1,1.0,1,1.0,1,0.12460535338082493,84
3961,5,8810,2944,5866,0,0,0,1.0,1,1.0,1,1.0,1,0.11859071488919994,83
3962,0,8810,2944,5866,0,0,0,1.0,1,1.0,1,1.0,1,0.10292810047373689,84
3963,2,8812,2945,5867,0,0,0,1.0,1,1.0,1,1.0,1,0.131541774250928,81
3964,4,8816,2947,5869,0,0,0,1.0,1,1.0,1,1.0,1,0.16369135500617638,81
3965,4,8820,2948,5872,0,0,0,1.0,1,1.0,1,1.0,1,0.13891876250517277,81
3966,7,8827,2950,5877,0,0,0,1.0,1,1.0,1,1.0,1,0.1062226998389342,79
3967,4,8831,2950,5881,0,0,0,1.0,1,1.0,1,1.0,1,0.07470912961926239,81
3968,1,8832,2950,5882,0,0,0,1.0,1,1.0,1,1.0,1,0.09687994345102736,79
3969,5,8837,2953,5884,0,0,0,1.0,1,1.0,1,1.0,1,0.10031178348741215,79
3970,2,8839,2954,5885,0,0,0,1.0,1,1.0,1,1.0,1,0.12159777137414159,78
3971,1,8840,2954,5886,0,0,0,1.0,1,1.0,1,1.0,1,0.11947880539062412,77
3972,2,8842,2955,5887,0,0,0,1.0,1,1.0,1,1.0,1,0.120430990429036,78
3973,1,8843,2956,5887,0,0,0,1.0,1,1.0,1,1.0,1,0.1338244029535857,77
3974,0,8843,2956,5887,0,0,0,1.0,1,1.0,1,1.0,1,0.1338244029535857,77
3975,3,8846,2958,5888,0,0,0,1.0,1,1.0,1,1.0,1,0.1817479496238302,76
3976,5,8851,2958,5893,0,0,0,1.0,1,1.0,1,1.0,1,0.13263694569523996,77
3977,0,8851,2958,5893,0,0,0,1.0,1,1.0,1,1.0,1,0.13730838314900976,78
3978,2,8853,2958,5895,0,0,0,1.0,1,1.0,1,1.0,1,0.12993595284163764,79
3979,2,8855,2958,5897,0,0,0,1.0,1,1.0,1,1.0,1,0.12948896652834357,79
3980,2,8857,2959,5898,0,0,0,1.0,1,1.0,1,1.0,1,0.1291143739699778,79
3981,4,8861,2960,5901,0,0,0,1.0,1,1.0,1,1.0,1,0.1459553684738244,83
3982,3,8864,2960,5904,0,0,0,1.0,1,1.0,1,1.0,1,0.12047689896327556,83
3983,2,8866,2961,5905,0,0,0,1.0,1,1.0,1,1.0,1,0.11563106044877455,82
3984,3,8869,2961,5908,0,0,0,1.0,1,1.0,1,1.0,1,0.1061812283456145,83
3985,3,8872,2962,5910,0,0,0,1.0,1,1.0,1,1.0,1,0.1139077403448305,84
3986,7,8879,2965,5914,0,0,0,1.0,1,1.0,1,1.0,1,0.1412374960612594,83
3987,3,8882,2965,5917,0,0,0,1.0,1,1.0,1,1.0,1,0.12285212237347112,82
3988,1,8883,2965,5918,0,0,0,1.0,1,1.0,1,1.0,1,0.12758581277410264,83
3989,0,8883,2965,5918,0,0,0,1.0,1,1.0,1,1.0,1,0.13363541081946428,81
3990,1,8884,2965,5919,0,0,0,1.0,1,1.0,1,1.0,1,0.12324015351319283,81
3991,4,8888,2965,5923,0,0,0,1.0,1,1.0,1,1.0,1,0.10752804171042173,79
3992,2,8890,2965,5925,0,0,0,1.0,1,1.0,1,1.0,1,0.09217943728055862,81
3993,3,8893,2966,5927,0,0,0,1.0,1,1.0,1,1.0,1,0.07896137085380467,80
3994,1,8894,2966,5928,0,0,0,1.0,1,1.0,1,1.0,1,0.07754890356020748,80
3995,1,8895,2966,5929,0,0,0,1.0,1,1.0,1,1.0,1,0.07020567344247527,81
3996,1,8896,2966,5930,0,0,0,1.0,1,1.0,1,1.0,1,0.0902004384438027,80
3997,1,8897,2967,5930,0,0,0,1.0,1,1.0,1,1.0,1,0.09030661487646967,81
3998,2,8899,2968,5931,0,0,0,1.0,1,1.0,1,1.0,1,0.0834418483023814,82
3999,2,8901,2969,5932,0,0,0,1.0,1,1.0,1,1.0,1,0.10037339172100651,82
4000,4,8905,2972,5933,0,0,0,1.0,1,1.0,1,1.0,1,0.10735108886382817,82
4001,3,8908,2973,5935,0,0,0,1.0,1,1.0,1,1.0,1,0.10135561046523586,81
4002,4,8912,2975,5937,0,0,0,1.0,1,1.0,1,1.0,1,0.10090896588137786,81
4003,4,8916,2977,5939,0,0,0,1.0,1,1.0,1,1.0,1,0.12490116927931504,81
4004,2,8918,2979,5939,0,0,0,1.0,1,1.0,1,1.0,1,0.12284557204716001,80
4005,1,8919,2980,5939,0,0,0,1.0,1,1.0,1,1.0,1,0.13067728211209428,78
4006,4,8923,2980,5943,0,0,0,1.0,1,1.0,1,1.0,1,0.0996840156172861,76
4007,2,8925,2980,5945,0,0,0,1.0,1,1.0,1,1.0,1,0.06890365673429735,75
4008,3,8928,2982,5946,0,0,0,1.0,1,1.0,1,1.0,1,0.06664631309832983,74
4009,4,8932,2985,5947,0,0,0,1.0,1,1.0,1,1.0,1,0.12982332606193855,75
4010,4,8936,2985,5951,0,0,0,1.0,1,1.0,1,1.0,1,0.10676510916178035,75
4011,3,8939,2986,5953,0,0,0,1.0,1,1.0,1,1.0,1,0.1007863630081291,74
4012,2,8941,2987,5954,0,0,0,1.0,1,1.0,1,1.0,1,0.09408633013531834,74
4013,2,8943,2988,5955,0,0,0,1.0,1,1.0,1,1.0,1,0.09202618442060673,74
4014,3,8946,2990,5956,0,0,0,1.0,1,1.0,1,1.0,1,0.11439359265566525,73
4015,2,8948,2991,5957,0,0,0,1.0,1,1.0,1,1.0,1,0.1290653215409129,74
4016,4,8952,2991,5961,0,0,0,1.0,1,1.0,1,1.0,1,0.11054980366435319,74
4017,6,8958,2994,5964,0,0,0,1.0,1,1.0,1,1.0,1,0.13692619193667732,78
4018,3,8961,2994,5967,0,0,0,1.0,1,1.0,1,1.0,1,0.12350031811496483,78
4019,3,8964,2994,5970,0,0,0,1.0,1,1.0,1,1.0,1,0.13265261471827602,78
4020,0,8964,2994,5970,0,0,0,1.0,1,1.0,1,1.0,1,0.13265261471827602,78
4021,3,8967,2995,5972,0,0,0,1.0,1,1.0,1,1.0,1,0.09819986470314178,78
4022,1,8968,2995,5973,0,0,0,1.0,1,1.0,1,1.0,1,0.09525222183562622,79
4023,1,8969,2996,5973,0,0,0,1.0,1,1.0,1,1.0,1,0.09017925251099117,78
4024,1,8970,2997,5973,0,0,0,1.0,1,1.0,1,1.0,1,0.08321612317797274,77
4025,1,8971,2998,5973,0,0,0,1.0,1,1.0,1,1.0,1,0.10910998684884943,76
4026,2,8973,2998,5975,0,0,0,1.0,1,1.0,1,1.0,1,0.08718417857298062,76
4027,2,8975,3000,5975,0,0,0,1.0,1,1.0,1,1.0,1,0.13380102417124212,75
4028,1,8976,3000,5976,0,0,0,1.0,1,1.0,1,1.0,1,0.1141498157076883,76
4029,0,8976,3000,5976,0,0,0,1.0,1,1.0,1,1.0,1,0.13470187845845277,75
4030,1,8977,3001,5976,0,0,0,1.0,1,1.0,1,1.0,1,0.12933301122132884,74
4031,5,8982,3004,5978,0,0,0,1.0,1,1.0,1,1.0,1,0.1344211917099524,73
4032,2,8984,3004,5980,0,0,0,1.0,1,1.0,1,1.0,1,0.11496410831935416,71
4033,2,8986,3005,5981,0,0,0,1.0,1,1.0,1,1.0,1,0.11089019817656312,73
4034,2,8988,3007,5981,0,0,0,1.0,1,1.0,1,1.0,1,0.0938567402244198,72
4035,1,8989,3008,5981,0,0,0,1.0,1,1.0,1,1.0,1,0.09940206946963294,71
4036,6,8995,3010,5985,0,0,0,1.0,1,1.0,1,1.0,1,0.07134114841296987,71
4037,2,8997,3012,5985,0,0,0,1.0,1,1.0,1,1.0,1,0.09897959372115048,70
4038,4,9001,3013,5988,0,0,0,1.0,1,1.0,1,1.0,1,0.1178292638173431,69
4039,5,9006,3014,5992,0,0,0,1.0,1,1.0,1,1.0,1,0.1673671980244553,68
4040,5,9011,3016,5995,0,0,0,1.0,1,1.0,1,1.0,1,0.20675434552498675,69
4041,8,9019,3017,6002,0,0,0,1.0,1,1.0,1,1.0,1,0.21046044040049966,67
4042,5,9024,3017,6007,0,0,0,1.0,1,1.0,1,1.0,1,0.22841131069256385,67
4043,6,9030,3018,6012,0,0,0,1.0,1,1.0,1,1.0,1,0.2359086930510438,66
4044,5,9035,3019,6016,0,0,0,1.0,1,1.0,1,1.0,1,0.23606160658019115,65
4045,1,9036,3019,6017,0,0,0,1.0,1,1.0,1,1.0,1,0.2362999830095411,66
4046,6,9042,3019,6023,0,0,0,1.0,1,1.0,1,1.0,1,0.18477615535929945,68
4047,1,9043,3020,6023,0,0,0,1.0,1,1.0,1,1.0,1,0.20195290011988304,68
4048,1,9044,3020,6024,0,0,0,1.0,1,1.0,1,1.0,1,0.20793839107261727,69
4049,0,9044,3020,6024,0,0,0,1.0,1,1.0,1,1.0,1,0.20793839107261727,69
4050,0,9044,3020,6024,0,0,0,1.0,1,1.0,1,1.0,1,0.20793398741223468,69
4051,4,9048,3020,6028,0,0,0,1.0,1,1.0,1,1.0,1,0.16517976116726374,69
4052,2,9050,3020,6030,0,0,0,1.0,1,1.0,1,1.0,1,0.1598432983404657,69
4053,0,9050,3020,6030,0,0,0,1.0,1,1.0,1,1.0,1,0.1598432983404657,69
4054,0,9050,3020,6030,0,0,0,1.0,1,1.0,1,1.0,1,0.15164763997880257,70
4055,2,9052,3020,6032,0,0,0,1.0,1,1.0,1,1.0,1,0.13460753042285956,70
4056,1,9053,3020,6033,0,0,0,1.0,1,1.0,1,1.0,1,0.1209549673868215,70
4057,1,9054,3020,6034,0,0,0,1.0,1,1.0,1,1.0,1,0.10618446225980892,71
4058,0,9054,3020,6034,0,0,0,1.0,1,1.0,1,1.0,1,0.10618446225980892,71
4059,2,9056,3021,6035,0,0,0,1.0,1,1.0,1,1.0,1,0.11160761654506166,72
4060,0,9056,3021,6035,0,0,0,1.0,1,1.0,1,1.0,1,0.11977064775130701,71
4061,3,9059,3022,6037,0,0,0,1.0,1,1.0,1,1.0,1,0.11301526664236781,72
4062,0,9059,3022,6037,0,0,0,1.0,1,1.0,1,1.0,1,0.11301526664236781,72
4063,2,9061,3024,6037,0,0,0,1.0,1,1.0,1,1.0,1,0.14634215985234036,72
4064,4,9065,3026,6039,0,0,0,1.0,1,1.0,1,1.0,1,0.14132529650118716,71
4065,2,9067,3027,6040,0,0,0,1.0,1,1.0,1,1.0,1,0.11279324177618161,70
4066,5,9072,3029,6043,0,0,0,1.0,1,1.0,1,1.0,1,0.11349578221673706,70
4067,1,9073,3029,6044,0,0,0,1.0,1,1.0,1,1.0,1,0.08876519796996606,68
4068,3,9076,3031,6045,0,0,0,1.0,1,1.0,1,1.0,1,0.112328150666806,70
4069,1,9077,3032,6045,0,0,0,1.0,1,1.0,1,1.0,1,0.10801862978732003,68
4070,1,9078,3033,6045,0,0,0,1.0,1,1.0,1,1.0,1,0.09605331110935914,67
4071,5,9083,3034,6049,0,0,0,1.0,1,1.0,1,1.0,1,0.07969611989375511,68
4072,3,9086,3035,6051,0,0,0,1.0,1,1.0,1,1.0,1,0.07741579204304709,70
4073,5,9091,3040,6051,0,0,0,1.0,1,1.0,1,1.0,1,0.13507688099100104,70
4074,12,9103,3048,6055,0,0,0,1.0,1,1.0,1,1.0,1,0.20263919438420055,71
4075,9,9112,3050,6062,0,0,0,1.0,1,1.0,1,1.0,1,0.2057894991531586,72
4076,15,9127,3052,6075,0,0,0,1.0,1,1.0,1,1.0,1,0.13337316564160492,73
4077,3,9130,3053,6077,0,0,0,1.0,1,1.0,1,1.0,1,0.15618083554950085,72
4078,2,9132,3055,6077,0,0,0,1.0,1,1.0,1,1.0,1,0.18411451146815697,71
4079,2,9134,3055,6079,0,0,0,1.0,1,1.0,1,1.0,1,0.17162044662018844,69
4080,1,9135,3056,6079,0,0,0,1.0,1,1.0,1,1.0,1,0.17559179052300733,67
4081,5,9140,3056,6084,0,0,0,1.0,1,1.0,1,1.0,1,0.12131951915166539,66
4082,1,9141,3056,6085,0,0,0,1.0,1,1.0,1,1.0,1,0.12634750489217156,65
4083,3,9144,3058,6086,0,0,0,1.0,1,1.0,1,1.0,1,0.15410608979053322,64
4084,3,9147,3060,6087,0,0,0,1.0,1,1.0,1,1.0,1,0.18168919154583021,64
4085,2,9149,3060,6089,0,0,0,1.0,1,1.0,1,1.0,1,0.16364230873200322,65
4086,6,9155,3060,6095,0,0,0,1.0,1,1.0,1,1.0,1,0.1241281379942621,66
4087,2,9157,3060,6097,0,0,0,1.0,1,1.0,1,1.0,1,0.1287900805594268,66
4088,4,9161,3061,6100,0,0,0,1.0,1,1.0,1,1.0,1,0.15163974293894122,65
4089,3,9164,3062,6102,0,0,0,1.0,1,1.0,1,1.0,1,0.1426362208463491,65
4090,0,9164,3062,6102,0,0,0,1.0,1,1.0,1,1.0,1,0.15706503351314202,65
4091,1,9165,3062,6103,0,0,0,1.0,1,1.0,1,1.0,1,0.15217661683914324,65
4092,2,9167,3062,6105,0,0,0,1.0,1,1.0,1,1.0,1,0.1437845280940741,64
4093,2,9169,3062,6107,0,0,0,1.0,1,1.0,1,1.0,1,0.11759679960965662,66
4094,1,9170,3063,6107,0,0,0,1.0,1,1.0,1,1.0,1,0.14284725346619664,65
4095,4,9174,3064,6110,0,0,0,1.0,1,1.0,1,1.0,1,0.14186294729544932,65
4096,5,9179,3064,6115,0,0,0,1.0,1,1.0,1,1.0,1,0.10896872016670034,67
4097,0,9179,3064,6115,0,0,0,1.0,1,1.0,1,1.0,1,0.10896872016670034,67
4098,2,9181,3066,6115,0,0,0,1.0,1,1.0,1,1.0,1,0.12495134816397417,68
4099,1,9182,3066,6116,0,0,0,1.0,1,1.0,1,1.0,1,0.13256666452912721,69
4100,5,9187,3068,6119,0,0,0,1.0,1,1.0,1,1.0,1,0.15627733061930646,70
4101,6,9193,3069,6124,0,0,0,1.0,1,1.0,1,1.0,1,0.11316628040964474,71
4102,1,9194,3069,6125,0,0,0,1.0,1,1.0,1,1.0,1,0.11208773882478872,71
4103,1,9195,3069,6126,0,0,0,1.0,1,1.0,1,1.0,1,0.11222007318767245,71
4104,4,9199,3072,6127,0,0,0,1.0,1,1.0,1,1.0,1,0.11360253898770029,69
4105,0,9199,3072,6127,0,0,0,1.0,1,1.0,1,1.0,1,0.13276139574608078,67
4106,3,9202,3072,6130,0,0,0,1.0,1,1.0,1,1.0,1,0.1132012828353006,68
4107,2,9204,3072,6132,0,0,0,1.0,1,1.0,1,1.0,1,0.10145715424130906,70
4108,0,9204,3072,6132,0,0,0,1.0,1,1.0,1,1.0,1,0.09888727410493178,70
4109,0,9204,3072,6132,0,0,0,1.0,1,1.0,1,1.0,1,0.10917296802775771,69
4110,0,9204,3072,6132,0,0,0,1.0,1,1.0,1,1.0,1,0.08784566083486947,71
4111,2,9206,3072,6134,0,0,0,1.0,1,1.0,1,1.0,1,0.07579073852304333,70
4112,0,9206,3072,6134,0,0,0,1.0,1,1.0,1,1.0,1,0.07208996847067872,72
4113,0,9206,3072,6134,0,0,0,1.0,1,1.0,1,1.0,1,0.07208996847067872,72
4114,3,9209,3074,6135,0,0,0,1.0,1,1.0,1,1.0,1,0.1042591843230186,72
4115,2,9211,3076,6135,0,0,0,1.0,1,1.0,1,1.0,1,0.09997674080151316,70
4116,5,9216,3077,6139,0,0,0,1.0,1,1.0,1,1.0,1,0.07920706865236625,67
4117,5,9221,3080,6141,0,0,0,1.0,1,1.0,1,1.0,1,0.11769899478537134,67
4118,3,9224,3080,6144,0,0,0,1.0,1,1.0,1,1.0,1,0.13552150605779326,66
4119,4,9228,3081,6147,0,0,0,1.0,1,1.0,1,1.0,1,0.15090776191197258,67
4120,1,9229,3081,6148,0,0,0,1.0,1,1.0,1,1.0,1,0.17711321180470707,64
4121,4,9233,3082,6151,0,0,0,1.0,1,1.0,1,1.0,1,0.16197185658881477,63
4122,2,9235,3083,6152,0,0,0,1.0,1,1.0,1,1.0,1,0.14214704829142916,63
4123,1,9236,3084,6152,0,0,0,1.0,1,1.0,1,1.0,1,0.14832822160764614,61
4124,3,9239,3086,6153,0,0,0,1.0,1,1.0,1,1.0,1,0.16615395060496535,62
4125,1,9240,3087,6153,0,0,0,1.0,1,1.0,1,1.0,1,0.16758842545223143,60
4126,5,9245,3089,6156,0,0,0,1.0,1,1.0,1,1.0,1,0.14835293007302758,59
4127,3,9248,3091,6157,0,0,0,1.0,1,1.0,1,1.0,1,0.14982581761091,60
4128,2,9250,3092,6158,0,0,0,1.0,1,1.0,1,1.0,1,0.13800369509252414,60
4129,0,9250,3092,6158,0,0,0,1.0,1,1.0,1,1.0,1,0.14096437789256794,60
4130,3,9253,3095,6158,0,0,0,1.0,1,1.0,1,1.0,1,0.14758813993298658,61
4131,2,9255,3095,6160,0,0,0,1.0,1,1.0,1,1.0,1,0.1504128329346097,60
4132,5,9260,3098,6162,0,0,0,1.0,1,1.0,1,1.0,1,0.1481356724429803,60
4133,1,9261,3099,6162,0,0,0,1.0,1,1.0,1,1.0,1,0.175894017837004,62
4134,4,9265,3100,6165,0,0,0,1.0,1,1.0,1,1.0,1,0.1582559421201625,63
4135,6,9271,3101,6170,0,0,0,1.0,1,1.0,1,1.0,1,0.1378058409805562,65
4136,2,9273,3101,6172,0,0,0,1.0,1,1.0,1,1.0,1,0.12465482312569236,65
4137,1,9274,3102,6172,0,0,0,1.0,1,1.0,1,1.0,1,0.1388853735937069,66
4138,2,9276,3103,6173,0,0,0,1.0,1,1.0,1,1.0,1,0.15319610820733082,67
4139,3,9279,3105,6174,0,0,0,1.0,1,1.0,1,1.0,1,0.1857293897037294,67
4140,4,9283,3105,6178,0,0,0,1.0,1,1.0,1,1.0,1,0.15893207961028386,66
4141,3,9286,3105,6181,0,0,0,1.0,1,1.0,1,1.0,1,0.12174222904369092,67
4142,1,9287,3105,6182,0,0,0,1.0,1,1.0,1,1.0,1,0.09401802752950683,67
4143,3,9290,3106,6184,0,0,0,1.0,1,1.0,1,1.0,1,0.0839641283919329,66
4144,1,9291,3107,6184,0,0,0,1.0,1,1.0,1,1.0,1,0.10469146892999225,64
4145,3,9294,3110,6184,0,0,0,1.0,1,1.0,1,1.0,1,0.1367957447955632,63
4146,8,9302,3113,6189,0,0,0,1.0,1,1.0,1,1.0,1,0.12042086467996142,62
4147,5,9307,3114,6193,0,0,0,1.0,1,1.0,1,1.0,1,0.143560093253045,60
4148,9,9316,3117,6199,0,0,0,1.0,1,1.0,1,1.0,1,0.1436787174389169,62
4149,7,9323,3117,6206,0,0,0,1.0,1,1.0,1,1.0,1,0.17100261490515428,61
4150,4,9327,3118,6209,0,0,0,1.0,1,1.0,1,1.0,1,0.157935806632817,60
4151,3,9330,3119,6211,0,0,0,1.0,1,1.0,1,1.0,1,0.13609229463538158,60
4152,1,9331,3120,6211,0,0,0,1.0,1,1.0,1,1.0,1,0.15606733185743787,60
4153,1,9332,3120,6212,0,0,0,1.0,1,1.0,1,1.0,1,0.16248575018442052,58
4154,0,9332,3120,6212,0,0,0,1.0,1,1.0,1,1.0,1,0.1852029523600933,57
4155,0,9332,3120,6212,0,0,0,1.0,1,1.0,1,1.0,1,0.1683453129457341,57
4156,11,9343,3122,6221,0,0,0,1.0,1,1.0,1,1.0,1,0.15906355193461366,58
4157,3,9346,3122,6224,0,0,0,1.0,1,1.0,1,1.0,1,0.1815941790795509,57
4158,3,9349,3123,6226,0,0,0,1.0,1,1.0,1,1.0,1,0.1822342246382271,55
4159,3,9352,3123,6229,0,0,0,1.0,1,1.0,1,1.0,1,0.20389398737200734,57
4160,4,9356,3124,6232,0,0,0,1.0,1,1.0,1,1.0,1,0.16873953663796704,58
4161,2,9358,3124,6234,0,0,0,1.0,1,1.0,1,1.0,1,0.13749237280498336,58
4162,0,9358,3124,6234,0,0,0,1.0,1,1.0,1,1.0,1,0.14445854491751325,57
4163,1,9359,3124,6235,0,0,0,1.0,1,1.0,1,1.0,1,0.12955991687391735,58
4164,2,9361,3126,6235,0,0,0,1.0,1,1.0,1,1.0,1,0.17593585624276287,56
4165,1,9362,3127,6235,0,0,0,1.0,1,1.0,1,1.0,1,0.17884821390012126,58
4166,3,9365,3127,6238,0,0,0,1.0,1,1.0,1,1.0,1,0.14841618176901905,57
4167,1,9366,3128,6238,0,0,0,1.0,1,1.0,1,1.0,1,0.14688605576732053,57
4168,0,9366,3128,6238,0,0,0,1.0,1,1.0,1,1.0,1,0.13946211187531452,58
4169,1,9367,3129,6238,0,0,0,1.0,1,1.0,1,1.0,1,0.15091702613403488,58
4170,1,9368,3130,6238,0,0,0,1.0,1,1.0,1,1.0,1,0.16646928403982056,58
4171,2,9370,3130,6240,0,0,0,1.0,1,1.0,1,1.0,1,0.16479269572903033,57
4172,0,9370,3130,6240,0,0,0,1.0,1,1.0,1,1.0,1,0.16479269572903033,57
4173,2,9372,3132,6240,0,0,0,1.0,1,1.0,1,1.0,1,0.22169760334852673,56
4174,2,9374,3133,6241,0,0,0,1.0,1,1.0,1,1.0,1,0.21324869250439943,56
4175,3,9377,3133,6244,0,0,0,1.0,1,1.0,1,1.0,1,0.19114292134788732,55
4176,6,9383,3134,6249,0,0,0,1.0,1,1.0,1,1.0,1,0.14918059304878556,57
4177,3,9386,3135,6251,0,0,0,1.0,1,1.0,1,1.0,1,0.14310528220249386,58
4178,6,9392,3136,6256,0,0,0,1.0,1,1.0,1,1.0,1,0.13055011498188468,60
4179,0,9392,3136,6256,0,0,0,1.0,1,1.0,1,1.0,1,0.13624258716129026,61
4180,1,9393,3136,6257,0,0,0,1.0,1,1.0,1,1.0,1,0.1384056351293218,62
4181,4,9397,3137,6260,0,0,0,1.0,1,1.0,1,1.0,1,0.1245811539379723,63
4182,1,9398,3137,6261,0,0,0,1.0,1,1.0,1,1.0,1,0.1184834980593086,63
4183,2,9400,3138,6262,0,0,0,1.0,1,1.0,1,1.0,1,0.10295716243255654,63
4184,1,9401,3138,6263,0,0,0,1.0,1,1.0,1,1.0,1,0.11364697515230299,63
4185,0,9401,3138,6263,0,0,0,1.0,1,1.0,1,1.0,1,0.1319188960769214,61
4186,5,9406,3139,6267,0,0,0,1.0,1,1.0,1,1.0,1,0.05873301598701269,62
4187,2,9408,3140,6268,0,0,0,1.0,1,1.0,1,1.0,1,0.06351641136639387,60
4188,2,9410,3142,6268,0,0,0,1.0,1,1.0,1,1.0,1,0.06284878673244233,60
4189,0,9410,3142,6268,0,0,0,1.0,1,1.0,1,1.0,1,0.06284878673244233,60
4190,5,9415,3147,6268,0,0,0,1.0,1,1.0,1,1.0,1,0.13513487485328018,61
4191,2,9417,3147,6270,0,0,0,1.0,1,1.0,1,1.0,1,0.08659103718517899,59
4192,0,9417,3147,6270,0,0,0,1.0,1,1.0,1,1.0,1,0.07669764414484562,58
4193,4,9421,3149,6272,0,0,0,1.0,1,1.0,1,1.0,1,0.07911237756758717,57
4194,2,9423,3151,6272,0,0,0,1.0,1,1.0,1,1.0,1,0.0885493183634396,54
4195,0,9423,3151,6272,0,0,0,1.0,1,1.0,1,1.0,1,0.08655664234312187,55
4196,4,9427,3152,6275,0,0,0,1.0,1,1.0,1,1.0,1,0.1083570763332449,56
4197,1,9428,3153,6275,0,0,0,1.0,1,1.0,1,1.0,1,0.11684048154670805,55
4198,2,9430,3154,6276,0,0,0,1.0,1,1.0,1,1.0,1,0.15781383605500757,56
4199,2,9432,3156,6276,0,0,0,1.0,1,1.0,1,1.0,1,0.20119042125050068,55
4200,0,9432,3156,6276,0,0,0,1.0,1,1.0,1,1.0,1,0.20102023252551432,55
4201,5,9437,3156,6281,0,0,0,1.0,1,1.0,1,1.0,1,0.15688979581367832,56
4202,2,9439,3156,6283,0,0,0,1.0,1,1.0,1,1.0,1,0.15688979581367832,56
4203,1,9440,3156,6284,0,0,0,1.0,1,1.0,1,1.0,1,0.14895615104332702,57
4204,2,9442,3157,6285,0,0,0,1.0,1,1.0,1,1.0,1,0.15166322209073893,57
4205,0,9442,3157,6285,0,0,0,1.0,1,1.0,1,1.0,1,0.14672033924245223,58
4206,2,9444,3158,6286,0,0,0,1.0,1,1.0,1,1.0,1,0.14019998824780083,58
4207,3,9447,3160,6287,0,0,0,1.0,1,1.0,1,1.0,1,0.12388550347202883,58
4208,0,9447,3160,6287,0,0,0,1.0,1,1.0,1,1.0,1,0.11860848940612669,60
4209,3,9450,3162,6288,0,0,0,1.0,1,1.0,1,1.0,1,0.1362632326551405,61
4210,3,9453,3163,6290,0,0,0,1.0,1,1.0,1,1.0,1,0.12839992572072761,62
4211,5,9458,3164,6294,0,0,0,1.0,1,1.0,1,1.0,1,0.10363983296269257,63
4212,1,9459,3164,6295,0,0,0,1.0,1,1.0,1,1.0,1,0.10348890192808205,64
4213,2,9461,3164,6297,0,0,0,1.0,1,1.0,1,1.0,1,0.11423566627658219,65
4214,1,9462,3164,6298,0,0,0,1.0,1,1.0,1,1.0,1,0.1203712204092756,65
4215,1,9463,3164,6299,0,0,0,1.0,1,1.0,1,1.0,1,0.10606599367453887,65
4216,1,9464,3164,6300,0,0,0,1.0,1,1.0,1,1.0,1,0.11026060487585751,64
4217,3,9467,3165,6302,0,0,0,1.0,1,1.0,1,1.0,1,0.12253173313105467,65
4218,2,9469,3165,6304,0,0,0,1.0,1,1.0,1,1.0,1,0.12445088036404368,65
4219,3,9472,3165,6307,0,0,0,1.0,1,1.0,1,1.0,1,0.11351104311181762,65
4220,3,9475,3166,6309,0,0,0,1.0,1,1.0,1,1.0,1,0.14875243940510147,65
4221,7,9482,3167,6315,0,0,0,1.0,1,1.0,1,1.0,1,0.14824731046019674,67
4222,2,9484,3167,6317,0,0,0,1.0,1,1.0,1,1.0,1,0.14807253614871346,68
4223,7,9491,3169,6322,0,0,0,1.0,1,1.0,1,1.0,1,0.14759670052652424,68
4224,3,9494,3171,6323,0,0,0,1.0,1,1.0,1,1.0,1,0.1488693013402464,68
4225,3,9497,3172,6325,0,0,0,1.0,1,1.0,1,1.0,1,0.1332101661181985,66
4226,2,9499,3172,6327,0,0,0,1.0,1,1.0,1,1.0,1,0.11250441144925336,66
4227,2,9501,3173,6328,0,0,0,1.0,1,1.0,1,1.0,1,0.1301907362949634,66
4228,1,9502,3173,6329,0,0,0,1.0,1,1.0,1,1.0,1,0.11370011369329264,65
4229,2,9504,3173,6331,0,0,0,1.0,1,1.0,1,1.0,1,0.12556803887769885,65
4230,3,9507,3174,6333,0,0,0,1.0,1,1.0,1,1.0,1,0.10339648854261844,64
4231,2,9509,3175,6334,0,0,0,1.0,1,1.0,1,1.0,1,0.1053492895576511,64
4232,1,9510,3175,6335,0,0,0,1.0,1,1.0,1,1.0,1,0.07640154896473415,65
4233,2,9512,3175,6337,0,0,0,1.0,1,1.0,1,1.0,1,0.06744989129477441,64
4234,0,9512,3175,6337,0,0,0,1.0,1,1.0,1,1.0,1,0.07658781383903801,63
4235,0,9512,3175,6337,0,0,0,1.0,1,1.0,1,1.0,1,0.07658781383903801,63
4236,0,9512,3175,6337,0,0,0,1.0,1,1.0,1,1.0,1,0.07658781383903801,63
4237,2,9514,3176,6338,0,0,0,1.0,1,1.0,1,1.0,1,0.10441358904900895,65
4238,1,9515,3176,6339,0,0,0,1.0,1,1.0,1,1.0,1,0.0878964129198084,65
4239,0,9515,3176,6339,0,0,0,1.0,1,1.0,1,1.0,1,0.0878964129198084,65
4240,1,9516,3177,6339,0,0,0,1.0,1,1.0,1,1.0,1,0.08070630814788679,66
4241,0,9516,3177,6339,0,0,0,1.0,1,1.0,1,1.0,1,0.08070630814788679,66
4242,1,9517,3177,6340,0,0,0,1.0,1,1.0,1,1.0,1,0.07661465943814094,69
4243,1,9518,3177,6341,0,0,0,1.0,1,1.0,1,1.0,1,0.0817814433674135,71
4244,0,9518,3177,6341,0,0,0,1.0,1,1.0,1,1.0,1,0.0817814433674135,71
4245,2,9520,3177,6343,0,0,0,1.0,1,1.0,1,1.0,1,0.07517861943610107,73
4246,0,9520,3177,6343,0,0,0,1.0,1,1.0,1,1.0,1,0.0743440308983425,74
4247,0,9520,3177,6343,0,0,0,1.0,1,1.0,1,1.0,1,0.0743440308983425,74
4248,1,9521,3178,6343,0,0,0,1.0,1,1.0,1,1.0,1,0.07518204573521527,74
4249,0,9521,3178,6343,0,0,0,1.0,1,1.0,1,1.0,1,0.07518204573521527,74
4250,1,9522,3179,6343,0,0,0,1.0,1,1.0,1,1.0,1,0.08986525996419908,74
4251,2,9524,3179,6345,0,0,0,1.0,1,1.0,1,1.0,1,0.07954954474599182,75
4252,5,9529,3184,6345,0,0,0,1.0,1,1.0,1,1.0,1,0.16837370795546844,75
4253,4,9533,3184,6349,0,0,0,1.0,1,1.0,1,1.0,1,0.15915419599192407,76
4254,2,9535,3185,6350,0,0,0,1.0,1,1.0,1,1.0,1,0.15733509354143235,75
4255,2,9537,3186,6351,0,0,0,1.0,1,1.0,1,1.0,1,0.15018315860243664,76
4256,6,9543,3186,6357,0,0,0,1.0,1,1.0,1,1.0,1,0.10781165627990906,78
4257,3,9546,3188,6358,0,0,0,1.0,1,1.0,1,1.0,1,0.10791887712026484,78
4258,2,9548,3189,6359,0,0,0,1.0,1,1.0,1,1.0,1,0.12570135468242127,77
4259,3,9551,3190,6361,0,0,0,1.0,1,1.0,1,1.0,1,0.11757704656918207,78
4260,1,9552,3190,6362,0,0,0,1.0,1,1.0,1,1.0,1,0.12540667574158035,77
4261,3,9555,3190,6365,0,0,0,1.0,1,1.0,1,1.0,1,0.1171693053252526,76
4262,0,9555,3190,6365,0,0,0,1.0,1,1.0,1,1.0,1,0.14214178348236334,75
4263,4,9559,3192,6367,0,0,0,1.0,1,1.0,1,1.0,1,0.11667423432837495,74
4264,0,9559,3192,6367,0,0,0,1.0,1,1.0,1,1.0,1,0.15630837905125933,74
4265,1,9560,3193,6367,0,0,0,1.0,1,1.0,1,1.0,1,0.14910937161843957,73
4266,9,9569,3194,6375,0,0,0,1.0,1,1.0,1,1.0,1,0.0963161467715992,71
4267,3,9572,3196,6376,0,0,0,1.0,1,1.0,1,1.0,1,0.10719843164576055,69
4268,3,9575,3197,6378,0,0,0,1.0,1,1.0,1,1.0,1,0.09863070913918269,67
4269,5,9580,3200,6380,0,0,0,1.0,1,1.0,1,1.0,1,0.12903672981575218,64
4270,4,9584,3203,6381,0,0,0,1.0,1,1.0,1,1.0,1,0.13486049604140518,63
4271,6,9590,3203,6387,0,0,0,1.0,1,1.0,1,1.0,1,0.10674283547341736,63
4272,1,9591,3204,6387,0,0,0,1.0,1,1.0,1,1.0,1,0.137742829744543,62
4273,2,9593,3205,6388,0,0,0,1.0,1,1.0,1,1.0,1,0.16097090967033537,62
4274,2,9595,3205,6390,0,0,0,1.0,1,1.0,1,1.0,1,0.1663327354383096,62
4275,2,9597,3205,6392,0,0,0,1.0,1,1.0,1,1.0,1,0.186899354291227,61
4276,5,9602,3205,6397,0,0,0,1.0,1,1.0,1,1.0,1,0.14568370724304924,62
4277,4,9606,3205,6401,0,0,0,1.0,1,1.0,1,1.0,1,0.136860620619204,63
4278,3,9609,3206,6403,0,0,0,1.0,1,1.0,1,1.0,1,0.1587245476989281,64
4279,5,9614,3208,6406,0,0,0,1.0,1,1.0,1,1.0,1,0.1807366243745288,65
4280,5,9619,3208,6411,0,0,0,1.0,1,1.0,1,1.0,1,0.1920265804904462,65
4281,7,9626,3208,6418,0,0,0,1.0,1,1.0,1,1.0,1,0.11785334041599424,65
4282,5,9631,3210,6421,0,0,0,1.0,1,1.0,1,1.0,1,0.1202930180740671,66
4283,1,9632,3211,6421,0,0,0,1.0,1,1.0,1,1.0,1,0.13710288424660347,66
4284,1,9633,3212,6421,0,0,0,1.0,1,1.0,1,1.0,1,0.16506435691242125,66
4285,2,9635,3212,6423,0,0,0,1.0,1,1.0,1,1.0,1,0.1599013549803141,67
4286,4,9639,3212,6427,0,0,0,1.0,1,1.0,1,1.0,1,0.14552154484061813,67
4287,0,9639,3212,6427,0,0,0,1.0,1,1.0,1,1.0,1,0.14552154484061813,67
4288,1,9640,3212,6428,0,0,0,1.0,1,1.0,1,1.0,1,0.12959444241418586,68
4289,0,9640,3212,6428,0,0,0,1.0,1,1.0,1,1.0,1,0.1301453252755042,68
4290,0,9640,3212,6428,0,0,0,1.0,1,1.0,1,1.0,1,0.1385588090980904,70
4291,1,9641,3212,6429,0,0,0,1.0,1,1.0,1,1.0,1,0.1267572501246696,71
4292,0,9641,3212,6429,0,0,0,1.0,1,1.0,1,1.0,1,0.1267572501246696,71
4293,1,9642,3212,6430,0,0,0,1.0,1,1.0,1,1.0,1,0.10838387413997665,71
4294,1,9643,3213,6430,0,0,0,1.0,1,1.0,1,1.0,1,0.11798578387900943,71
4295,0,9643,3213,6430,0,0,0,1.0,1,1.0,1,1.0,1,0.1301914786192644,72
4296,2,9645,3214,6431,0,0,0,1.0,1,1.0,1,1.0,1,0.13126995402438263,73
4297,0,9645,3214,6431,0,0,0,1.0,1,1.0,1,1.0,1,0.13126995402438263,73
4298,3,9648,3217,6431,0,0,0,1.0,1,1.0,1,1.0,1,0.1564582080565714,74
4299,0,9648,3217,6431,0,0,0,1.0,1,1.0,1,1.0,1,0.14212537159454786,75
4300,1,9649,3217,6432,0,0,0,1.0,1,1.0,1,1.0,1,0.12435897612821434,75
4301,0,9649,3217,6432,0,0,0,1.0,1,1.0,1,1.0,1,0.12237274506987006,76
4302,0,9649,3217,6432,0,0,0,1.0,1,1.0,1,1.0,1,0.12237274506987006,76
4303,2,9651,3217,6434,0,0,0,1.0,1,1.0,1,1.0,1,0.11254076595660786,75
4304,2,9653,3219,6434,0,0,0,1.0,1,1.0,1,1.0,1,0.1555315321754588,75
4305,4,9657,3220,6437,0,0,0,1.0,1,1.0,1,1.0,1,0.15239362454754435,73
4306,7,9664,3222,6442,0,0,0,1.0,1,1.0,1,1.0,1,0.1544706221549482,74
4307,6,9670,3223,6447,0,0,0,1.0,1,1.0,1,1.0,1,0.10664658745882186,73
4308,2,9672,3223,6449,0,0,0,1.0,1,1.0,1,1.0,1,0.11252924986383107,71
4309,5,9677,3224,6453,0,0,0,1.0,1,1.0,1,1.0,1,0.13096381716213146,70
4310,4,9681,3224,6457,0,0,0,1.0,1,1.0,1,1.0,1,0.1345360317331509,69
4311,4,9685,3225,6460,0,0,0,1.0,1,1.0,1,1.0,1,0.11604745103909579,69
4312,2,9687,3226,6461,0,0,0,1.0,1,1.0,1,1.0,1,0.1360859521720294,66
4313,4,9691,3229,6462,0,0,0,1.0,1,1.0,1,1.0,1,0.18605754958921758,64
4314,1,9692,3230,6462,0,0,0,1.0,1,1.0,1,1.0,1,0.2304112037943037,61
4315,2,9694,3231,6463,0,0,0,1.0,1,1.0,1,1.0,1,0.19631473556685777,61
4316,6,9700,3233,6467,0,0,0,1.0,1,1.0,1,1.0,1,0.153571519276347,60
4317,4,9704,3234,6470,0,0,0,1.0,1,1.0,1,1.0,1,0.14443906854721886,62
4318,1,9705,3235,6470,0,0,0,1.0,1,1.0,1,1.0,1,0.1520427107511159,59
4319,4,9709,3236,6473,0,0,0,1.0,1,1.0,1,1.0,1,0.14570338696786386,60
4320,1,9710,3236,6474,0,0,0,1.0,1,1.0,1,1.0,1,0.15293561027785954,60
4321,5,9715,3238,6477,0,0,0,1.0,1,1.0,1,1.0,1,0.15080426654447715,61
4322,1,9716,3239,6477,0,0,0,1.0,1,1.0,1,1.0,1,0.1712384265283731,61
4323,2,9718,3241,6477,0,0,0,1.0,1,1.0,1,1.0,1,0.20283532936095255,61
4324,1,9719,3242,6477,0,0,0,1.0,1,1.0,1,1.0,1,0.22069150392828027,60
4325,2,9721,3243,6478,0,0,0,1.0,1,1.0,1,1.0,1,0.2300998042969093,60
4326,5,9726,3243,6483,0,0,0,1.0,1,1.0,1,1.0,1,0.16958191656587804,61
4327,1,9727,3243,6484,0,0,0,1.0,1,1.0,1,1.0,1,0.15005268616827797,62
4328,0,9727,3243,6484,0,0,0,1.0,1,1.0,1,1.0,1,0.15005268616827797,62
4329,0,9727,3243,6484,0,0,0,1.0,1,1.0,1,1.0,1,0.13312309969318073,65
4330,2,9729,3243,6486,0,0,0,1.0,1,1.0,1,1.0,1,0.11901557354268867,65
4331,2,9731,3243,6488,0,0,0,1.0,1,1.0,1,1.0,1,0.09814066918279563,65
4332,1,9732,3244,6488,0,0,0,1.0,1,1.0,1,1.0,1,0.11266229919189694,66
4333,0,9732,3244,6488,0,0,0,1.0,1,1.0,1,1.0,1,0.11266229919189694,66
4334,1,9733,3245,6488,0,0,0,1.0,1,1.0,1,1.0,1,0.13089739387778337,66
4335,0,9733,3245,6488,0,0,0,1.0,1,1.0,1,1.0,1,0.14389495998807997,65
4336,6,9739,3249,6490,0,0,0,1.0,1,1.0,1,1.0,1,0.1280085255987705,67
4337,4,9743,3250,6493,0,0,0,1.0,1,1.0,1,1.0,1,0.1517620230684048,69
4338,4,9747,3250,6497,0,0,0,1.0,1,1.0,1,1.0,1,0.15430069748075448,70
4339,7,9754,3250,6504,0,0,0,1.0,1,1.0,1,1.0,1,0.16259970443720667,70
4340,7,9761,3250,6511,0,0,0,1.0,1,1.0,1,1.0,1,0.16292853168701815,71
4341,8,9769,3253,6516,0,0,0,1.0,1,1.0,1,1.0,1,0.13066868400903786,70
4342,0,9769,3253,6516,0,0,0,1.0,1,1.0,1,1.0,1,0.14018403475834437,71
4343,1,9770,3254,6516,0,0,0,1.0,1,1.0,1,1.0,1,0.1696273041196977,67
4344,5,9775,3256,6519,0,0,0,1.0,1,1.0,1,1.0,1,0.1855695921183955,67
4345,1,9776,3256,6520,0,0,0,1.0,1,1.0,1,1.0,1,0.2037581877736221,64
4346,7,9783,3260,6523,0,0,0,1.0,1,1.0,1,1.0,1,0.1610757849324326,64
4347,4,9787,3263,6524,0,0,0,1.0,1,1.0,1,1.0,1,0.21418683103257224,62
4348,5,9792,3265,6527,0,0,0,1.0,1,1.0,1,1.0,1,0.18505451471870246,62
4349,1,9793,3266,6527,0,0,0,1.0,1,1.0,1,1.0,1,0.19493573918593182,61
4350,2,9795,3268,6527,0,0,0,1.0,1,1.0,1,1.0,1,0.22654361267300865,60
4351,5,9800,3268,6532,0,0,0,1.0,1,1.0,1,1.0,1,0.19811604248644046,60
4352,0,9800,3268,6532,0,0,0,1.0,1,1.0,1,1.0,1,0.20896743401307563,57
4353,1,9801,3269,6532,0,0,0,1.0,1,1.0,1,1.0,1,0.23217413156884625,55
4354,3,9804,3270,6534,0,0,0,1.0,1,1.0,1,1.0,1,0.20219749826963224,55
4355,0,9804,3270,6534,0,0,0,1.0,1,1.0,1,1.0,1,0.19819333578394355,53
4356,5,9809,3270,6539,0,0,0,1.0,1,1.0,1,1.0,1,0.1357732161622908,55
4357,2,9811,3271,6540,0,0,0,1.0,1,1.0,1,1.0,1,0.13768220509834225,55
4358,3,9814,3272,6542,0,0,0,1.0,1,1.0,1,1.0,1,0.11444057304842938,55
4359,0,9814,3272,6542,0,0,0,1.0,1,1.0,1,1.0,1,0.13178291264335976,54
4360,3,9817,3272,6545,0,0,0,1.0,1,1.0,1,1.0,1,0.13083155469661872,55
4361,3,9820,3273,6547,0,0,0,1.0,1,1.0,1,1.0,1,0.11097152130952428,54
4362,0,9820,3273,6547,0,0,0,1.0,1,1.0,1,1.0,1,0.09857491116934314,55
4363,1,9821,3274,6547,0,0,0,1.0,1,1.0,1,1.0,1,0.13242337797573192,55
4364,4,9825,3276,6549,0,0,0,1.0,1,1.0,1,1.0,1,0.16246742194521174,55
4365,3,9828,3276,6552,0,0,0,1.0,1,1.0,1,1.0,1,0.1573591640092922,54
4366,4,9832,3278,6554,0,0,0,1.0,1,1.0,1,1.0,1,0.10724174602664577,54
4367,3,9835,3279,6556,0,0,0,1.0,1,1.0,1,1.0,1,0.10039125436721494,57
4368,1,9836,3279,6557,0,0,0,1.0,1,1.0,1,1.0,1,0.12146070641963759,57
4369,0,9836,3279,6557,0,0,0,1.0,1,1.0,1,1.0,1,0.12330657887271156,58
4370,3,9839,3280,6559,0,0,0,1.0,1,1.0,1,1.0,1,0.1285030089362307,59
4371,1,9840,3280,6560,0,0,0,1.0,1,1.0,1,1.0,1,0.10412982019776183,60
4372,0,9840,3280,6560,0,0,0,1.0,1,1.0,1,1.0,1,0.10412982019776183,60
4373,0,9840,3280,6560,0,0,0,1.0,1,1.0,1,1.0,1,0.10412982019776183,60
4374,0,9840,3280,6560,0,0,0,1.0,1,1.0,1,1.0,1,0.11301724524766579,59
4375,0,9840,3280,6560,0,0,0,1.0,1,1.0,1,1.0,1,0.12215208907859386,60
4376,1,9841,3281,6560,0,0,0,1.0,1,1.0,1,1.0,1,0.15306097532023474,60
4377,4,9845,3284,6561,0,0,0,1.0,1,1.0,1,1.0,1,0.22413937136225046,61
4378,6,9851,3285,6566,0,0,0,1.0,1,1.0,1,1.0,1,0.19725057968419293,64
4379,3,9854,3285,6569,0,0,0,1.0,1,1.0,1,1.0,1,0.2000948540628907,64
4380,2,9856,3285,6571,0,0,0,1.0,1,1.0,1,1.0,1,0.20774453210458216,65
4381,2,9858,3285,6573,0,0,0,1.0,1,1.0,1,1.0,1,0.17765973633178056,64
4382,3,9861,3286,6575,0,0,0,1.0,1,1.0,1,1.0,1,0.19225815129467697,64
4383,6,9867,3289,6578,0,0,0,1.0,1,1.0,1,1.0,1,0.19892559121353948,64
4384,4,9871,3290,6581,0,0,0,1.0,1,1.0,1,1.0,1,0.24557251007845268,60
4385,1,9872,3290,6582,0,0,0,1.0,1,1.0,1,1.0,1,0.24402659982607497,58
4386,3,9875,3291,6584,0,0,0,1.0,1,1.0,1,1.0,1,0.2268432558721061,58
4387,3,9878,3292,6586,0,0,0,1.0,1,1.0,1,1.0,1,0.20208068859847544,55
4388,4,9882,3294,6588,0,0,0,1.0,1,1.0,1,1.0,1,0.172545651873366,56
4389,1,9883,3294,6589,0,0,0,1.0,1,1.0,1,1.0,1,0.16157008769805406,55
4390,4,9887,3296,6591,0,0,0,1.0,1,1.0,1,1.0,1,0.1767913814653246,55
4391,5,9892,3297,6595,0,0,0,1.0,1,1.0,1,1.0,1,0.14325420637533237,56
4392,0,9892,3297,6595,0,0,0,1.0,1,1.0,1,1.0,1,0.14411475385903086,56
4393,3,9895,3298,6597,0,0,0,1.0,1,1.0,1,1.0,1,0.14602812235103996,55
4394,1,9896,3299,6597,0,0,0,1.0,1,1.0,1,1.0,1,0.14816709166923123,53
4395,2,9898,3300,6598,0,0,0,1.0,1,1.0,1,1.0,1,0.14888346623537171,53
4396,4,9902,3303,6599,0,0,0,1.0,1,1.0,1,1.0,1,0.1563455412202024,53
4397,1,9903,3304,6599,0,0,0,1.0,1,1.0,1,1.0,1,0.18474224090742816,50
4398,0,9903,3304,6599,0,0,0,1.0,1,1.0,1,1.0,1,0.2001802699571414,50
4399,0,9903,3304,6599,0,0,0,1.0,1,1.0,1,1.0,1,0.20126779476079246,52
4400,3,9906,3305,6601,0,0,0,1.0,1,1.0,1,1.0,1,0.22096498358509534,55
4401,4,9910,3305,6605,0,0,0,1.0,1,1.0,1,1.0,1,0.16443923731126361,56
4402,2,9912,3305,6607,0,0,0,1.0,1,1.0,1,1.0,1,0.14888316548674638,56
4403,4,9916,3307,6609,0,0,0,1.0,1,1.0,1,1.0,1,0.14681457326716138,57
4404,2,9918,3307,6611,0,0,0,1.0,1,1.0,1,1.0,1,0.14681457326716138,57
4405,3,9921,3307,6614,0,0,0,1.0,1,1.0,1,1.0,1,0.14843118549269776,58
4406,1,9922,3307,6615,0,0,0,1.0,1,1.0,1,1.0,1,0.1412613246953808,58
4407,0,9922,3307,6615,0,0,0,1.0,1,1.0,1,1.0,1,0.1412613246953808,58
4408,1,9923,3308,6615,0,0,0,1.0,1,1.0,1,1.0,1,0.15450156633817724,59
4409,1,9924,3308,6616,0,0,0,1.0,1,1.0,1,1.0,1,0.147858371186462,59
4410,0,9924,3308,6616,0,0,0,1.0,1,1.0,1,1.0,1,0.147858371186462,59
4411,0,9924,3308,6616,0,0,0,1.0,1,1.0,1,1.0,1,0.13846429470279345,62
4412,0,9924,3308,6616,0,0,0,1.0,1,1.0,1,1.0,1,0.14197544137936433,63
4413,1,9925,3308,6617,0,0,0,1.0,1,1.0,1,1.0,1,0.1214574543227819,63
4414,0,9925,3308,6617,0,0,0,1.0,1,1.0,1,1.0,1,0.1347211471153732,64
4415,1,9926,3308,6618,0,0,0,1.0,1,1.0,1,1.0,1,0.1139942560419424,64
4416,2,9928,3308,6620,0,0,0,1.0,1,1.0,1,1.0,1,0.09705161079677174,64
4417,0,9928,3308,6620,0,0,0,1.0,1,1.0,1,1.0,1,0.09487954704521312,65
4418,1,9929,3309,6620,0,0,0,1.0,1,1.0,1,1.0,1,0.11478428782841184,65
4419,0,9929,3309,6620,0,0,0,1.0,1,1.0,1,1.0,1,0.1385371745634719,62
4420,0,9929,3309,6620,0,0,0,1.0,1,1.0,1,1.0,1,0.13896770132434583,62
4421,4,9933,3310,6623,0,0,0,1.0,1,1.0,1,1.0,1,0.12322785541021718,65
4422,2,9935,3311,6624,0,0,0,1.0,1,1.0,1,1.0,1,0.12287997657190804,64
4423,1,9936,3312,6624,0,0,0,1.0,1,1.0,1,1.0,1,0.12301316755613952,63
4424,5,9941,3314,6627,0,0,0,1.0,1,1.0,1,1.0,1,0.11497048690653565,63
4425,4,9945,3316,6629,0,0,0,1.0,1,1.0,1,1.0,1,0.12596469111331093,63
4426,4,9949,3318,6631,0,0,0,1.0,1,1.0,1,1.0,1,0.10270897699518637,63
4427,2,9951,3319,6632,0,0,0,1.0,1,1.0,1,1.0,1,0.10069277210210345,62
4428,0,9951,3319,6632,0,0,0,1.0,1,1.0,1,1.0,1,0.10057589479231628,61
4429,2,9953,3321,6632,0,0,0,1.0,1,1.0,1,1.0,1,0.12494746617539254,62
4430,2,9955,3322,6633,0,0,0,1.0,1,1.0,1,1.0,1,0.11337384145606108,60
4431,4,9959,3324,6635,0,0,0,1.0,1,1.0,1,1.0,1,0.09691452870945762,59
4432,0,9959,3324,6635,0,0,0,1.0,1,1.0,1,1.0,1,0.10282254480054855,60
4433,7,9966,3328,6638,0,0,0,1.0,1,1.0,1,1.0,1,0.1304032189236977,61
4434,3,9969,3328,6641,0,0,0,1.0,1,1.0,1,1.0,1,0.09222155951108187,61
4435,2,9971,3329,6642,0,0,0,1.0,1,1.0,1,1.0,1,0.11827699963755217,61
4436,3,9974,3329,6645,0,0,0,1.0,1,1.0,1,1.0,1,0.07314271268538985,61
4437,3,9977,3331,6646,0,0,0,1.0,1,1.0,1,1.0,1,0.10928905607718996,61
4438,3,9980,3332,6648,0,0,0,1.0,1,1.0,1,1.0,1,0.0690457731248017,62
4439,0,9980,3332,6648,0,0,0,1.0,1,1.0,1,1.0,1,0.08402988561617782,63
4440,1,9981,3332,6649,0,0,0,1.0,1,1.0,1,1.0,1,0.08446221290280433,64
4441,2,9983,3333,6650,0,0,0,1.0,1,1.0,1,1.0,1,0.06619389285040937,64
4442,4,9987,3336,6651,0,0,0,1.0,1,1.0,1,1.0,1,0.10965415312976896,67
4443,4,9991,3338,6653,0,0,0,1.0,1,1.0,1,1.0,1,0.1226635140678211,68
4444,2,9993,3338,6655,0,0,0,1.0,1,1.0,1,1.0,1,0.12978851042964779,69
4445,7,10000,3340,6660,0,0,0,1.0,1,1.0,1,1.0,1,0.15189969802414524,71
4446,6,10006,3341,6665,0,0,0,1.0,1,1.0,1,1.0,1,0.08654177309878852,71
4447,2,10008,3341,6667,0,0,0,1.0,1,1.0,1,1.0,1,0.08564162516587391,72
4448,0,10008,3341,6667,0,0,0,1.0,1,1.0,1,1.0,1,0.09569909115512695,71
4449,2,10010,3342,6668,0,0,0,1.0,1,1.0,1,1.0,1,0.09263854488641765,70
4450,0,10010,3342,6668,0,0,0,1.0,1,1.0,1,1.0,1,0.1015422552899003,69
4451,2,10012,3342,6670,0,0,0,1.0,1,1.0,1,1.0,1,0.09073391955835568,69
4452,1,10013,3342,6671,0,0,0,1.0,1,1.0,1,1.0,1,0.08724575250374564,70
4453,2,10015,3342,6673,0,0,0,1.0,1,1.0,1,1.0,1,0.09127794201415244,70
4454,5,10020,3344,6676,0,0,0,1.0,1,1.0,1,1.0,1,0.0855715536187075,71
4455,2,10022,3344,6678,0,0,0,1.0,1,1.0,1,1.0,1,0.07432027820950032,71
4456,5,10027,3348,6679,0,0,0,1.0,1,1.0,1,1.0,1,0.08392208194108068,71
4457,2,10029,3348,6681,0,0,0,1.0,1,1.0,1,1.0,1,0.08429200217982244,69
4458,2,10031,3350,6681,0,0,0,1.0,1,1.0,1,1.0,1,0.10570111420564728,70
4459,2,10033,3352,6681,0,0,0,1.0,1,1.0,1,1.0,1,0.1279366371041469,68
4460,5,10038,3354,6684,0,0,0,1.0,1,1.0,1,1.0,1,0.15061587321665268,68
4461,11,10049,3355,6694,0,0,0,1.0,1,1.0,1,1.0,1,0.12353581457069454,67
4462,7,10056,3358,6698,0,0,0,1.0,1,1.0,1,1.0,1,0.15026935027123106,66
4463,3,10059,3359,6700,0,0,0,1.0,1,1.0,1,1.0,1,0.1091869449545496,65
4464,3,10062,3362,6700,0,0,0,1.0,1,1.0,1,1.0,1,0.1753464265614914,62
4465,5,10067,3364,6703,0,0,0,1.0,1,1.0,1,1.0,1,0.15540962740260317,61
4466,5,10072,3364,6708,0,0,0,1.0,1,1.0,1,1.0,1,0.10095255118407141,60
4467,3,10075,3367,6708,0,0,0,1.0,1,1.0,1,1.0,1,0.14837171021857512,58
4468,2,10077,3369,6708,0,0,0,1.0,1,1.0,1,1.0,1,0.14755272627735244,57
4469,3,10080,3370,6710,0,0,0,1.0,1,1.0,1,1.0,1,0.15849557013318785,56
4470,4,10084,3372,6712,0,0,0,1.0,1,1.0,1,1.0,1,0.12550072376756546,55
4471,3,10087,3372,6715,0,0,0,1.0,1,1.0,1,1.0,1,0.09197966018602881,55
4472,1,10088,3373,6715,0,0,0,1.0,1,1.0,1,1.0,1,0.11294687150476615,55
4473,4,10092,3376,6716,0,0,0,1.0,1,1.0,1,1.0,1,0.1450527313570328,55
4474,3,10095,3378,6717,0,0,0,1.0,1,1.0,1,1.0,1,0.14965733779448503,55
4475,5,10100,3380,6720,0,0,0,1.0,1,1.0,1,1.0,1,0.13456951834790942,56
4476,6,10106,3380,6726,0,0,0,1.0,1,1.0,1,1.0,1,0.06188348294199241,56
4477,0,10106,3380,6726,0,0,0,1.0,1,1.0,1,1.0,1,0.06803920903412156,57
4478,0,10106,3380,6726,0,0,0,1.0,1,1.0,1,1.0,1,0.079955065953558,55
4479,1,10107,3381,6726,0,0,0,1.0,1,1.0,1,1.0,1,0.09921031643187983,55
4480,3,10110,3383,6727,0,0,0,1.0,1,1.0,1,1.0,1,0.1285631348963311,54
4481,5,10115,3383,6732,0,0,0,1.0,1,1.0,1,1.0,1,0.11770884657428088,53
4482,2,10117,3385,6732,0,0,0,1.0,1,1.0,1,1.0,1,0.14339928643736952,54
4483,1,10118,3385,6733,0,0,0,1.0,1,1.0,1,1.0,1,0.14129827529348937,55
4484,7,10125,3386,6739,0,0,0,1.0,1,1.0,1,1.0,1,0.09935945710028486,57
4485,4,10129,3388,6741,0,0,0,1.0,1,1.0,1,1.0,1,0.11256901589467275,60
4486,4,10133,3389,6744,0,0,0,1.0,1,1.0,1,1.0,1,0.09177065087850719,60
4487,0,10133,3389,6744,0,0,0,1.0,1,1.0,1,1.0,1,0.09177065087850719,60
4488,0,10133,3389,6744,0,0,0,1.0,1,1.0,1,1.0,1,0.09177065087850719,60
4489,0,10133,3389,6744,0,0,0,1.0,1,1.0,1,1.0,1,0.09177065087850719,60
4490,0,10133,3389,6744,0,0,0,1.0,1,1.0,1,1.0,1,0.09177065087850719,60
4491,0,10133,3389,6744,0,0,0,1.0,1,1.0,1,1.0,1,0.09954097232857573,61
4492,1,10134,3390,6744,0,0,0,1.0,1,1.0,1,1.0,1,0.08979467904847481,61
4493,1,10135,3391,6744,0,0,0,1.0,1,1.0,1,1.0,1,0.11562810095923177,60
4494,0,10135,3391,6744,0,0,0,1.0,1,1.0,1,1.0,1,0.12384805506202948,61
4495,1,10136,3392,6744,0,0,0,1.0,1,1.0,1,1.0,1,0.14270396715458433,59
4496,6,10142,3394,6748,0,0,0,1.0,1,1.0,1,1.0,1,0.14191921460036339,60
4497,1,10143,3394,6749,0,0,0,1.0,1,1.0,1,1.0,1,0.12573608130752234,59
4498,0,10143,3394,6749,0,0,0,1.0,1,1.0,1,1.0,1,0.15530504942326437,57
4499,5,10148,3396,6752,0,0,0,1.0,1,1.0,1,1.0,1,0.12726491714213567,58
4500,1,10149,3397,6752,0,0,0,1.0,1,1.0,1,1.0,1,0.17702995500016747,56
4501,8,10157,3398,6759,0,0,0,1.0,1,1.0,1,1.0,1,0.11529065581258992,57
4502,7,10164,3401,6763,0,0,0,1.0,1,1.0,1,1.0,1,0.17325808638196558,56
4503,7,10171,3402,6769,0,0,0,1.0,1,1.0,1,1.0,1,0.195080613055198,54
4504,6,10177,3402,6775,0,0,0,1.0,1,1.0,1,1.0,1,0.23304167178987004,54
4505,6,10183,3405,6778,0,0,0,1.0,1,1.0,1,1.0,1,0.2221544334206382,51
4506,5,10188,3405,6783,0,0,0,1.0,1,1.0,1,1.0,1,0.10142681699132985,49
4507,3,10191,3407,6784,0,0,0,1.0,1,1.0,1,1.0,1,0.15148860411814685,48
4508,4,10195,3407,6788,0,0,0,1.0,1,1.0,1,1.0,1,0.12740909281396726,48
4509,3,10198,3409,6789,0,0,0,1.0,1,1.0,1,1.0,1,0.1349560733933954,46
4510,1,10199,3409,6790,0,0,0,1.0,1,1.0,1,1.0,1,0.12590844413683344,44
4511,1,10200,3409,6791,0,0,0,1.0,1,1.0,1,1.0,1,0.13353549347635954,45
4512,1,10201,3410,6791,0,0,0,1.0,1,1.0,1,1.0,1,0.12648478248884273,46
4513,3,10204,3411,6793,0,0,0,1.0,1,1.0,1,1.0,1,0.13348319074804568,45
4514,0,10204,3411,6793,0,0,0,1.0,1,1.0,1,1.0,1,0.11849685801798766,46
4515,4,10208,3411,6797,0,0,0,1.0,1,1.0,1,1.0,1,0.09396495066057216,48
4516,1,10209,3411,6798,0,0,0,1.0,1,1.0,1,1.0,1,0.09673274737418969,49
4517,1,10210,3412,6798,0,0,0,1.0,1,1.0,1,1.0,1,0.10936246730452294,50
4518,1,10211,3413,6798,0,0,0,1.0,1,1.0,1,1.0,1,0.12056358978193721,50
4519,2,10213,3415,6798,0,0,0,1.0,1,1.0,1,1.0,1,0.15567560560855964,49
4520,1,10214,3415,6799,0,0,0,1.0,1,1.0,1,1.0,1,0.1685694359346728,50
4521,3,10217,3415,6802,0,0,0,1.0,1,1.0,1,1.0,1,0.11281929877296132,50
4522,1,10218,3415,6803,0,0,0,1.0,1,1.0,1,1.0,1,0.08238673771059124,50
4523,2,10220,3416,6804,0,0,0,1.0,1,1.0,1,1.0,1,0.10212282473742723,51
4524,4,10224,3417,6807,0,0,0,1.0,1,1.0,1,1.0,1,0.10398943415095761,52
4525,3,10227,3417,6810,0,0,0,1.0,1,1.0,1,1.0,1,0.11183517296267875,53
4526,3,10230,3417,6813,0,0,0,1.0,1,1.0,1,1.0,1,0.05401871790301054,54
4527,2,10232,3418,6814,0,0,0,1.0,1,1.0,1,1.0,1,0.0982493256510725,55
4528,1,10233,3418,6815,0,0,0,1.0,1,1.0,1,1.0,1,0.0980243028434929,55
4529,2,10235,3420,6815,0,0,0,1.0,1,1.0,1,1.0,1,0.1407889660948069,55
4530,3,10238,3420,6818,0,0,0,1.0,1,1.0,1,1.0,1,0.12348901689684741,56
4531,5,10243,3422,6821,0,0,0,1.0,1,1.0,1,1.0,1,0.10283539773979455,56
4532,0,10243,3422,6821,0,0,0,1.0,1,1.0,1,1.0,1,0.10273091676335332,55
4533,1,10244,3423,6821,0,0,0,1.0,1,1.0,1,1.0,1,0.12266552820832634,54
4534,0,10244,3423,6821,0,0,0,1.0,1,1.0,1,1.0,1,0.11213497300359879,55
4535,1,10245,3424,6821,0,0,0,1.0,1,1.0,1,1.0,1,0.16497642807803292,52
4536,4,10249,3428,6821,0,0,0,1.0,1,1.0,1,1.0,1,0.13120280844667373,53
4537,4,10253,3429,6824,0,0,0,1.0,1,1.0,1,1.0,1,0.1236062042037045,52
4538,1,10254,3429,6825,0,0,0,1.0,1,1.0,1,1.0,1,0.13406989292220606,52
4539,3,10257,3430,6827,0,0,0,1.0,1,1.0,1,1.0,1,0.16088018290527728,53
4540,4,10261,3432,6829,0,0,0,1.0,1,1.0,1,1.0,1,0.1405416021256503,54
4541,5,10266,3432,6834,0,0,0,1.0,1,1.0,1,1.0,1,0.11688029401966353,53
4542,3,10269,3434,6835,0,0,0,1.0,1,1.0,1,1.0,1,0.12544035314788382,53
4543,1,10270,3435,6835,0,0,0,1.0,1,1.0,1,1.0,1,0.14701118179695863,53
4544,4,10274,3437,6837,0,0,0,1.0,1,1.0,1,1.0,1,0.12135335806055342,52
4545,1,10275,3438,6837,0,0,0,1.0,1,1.0,1,1.0,1,0.12407322733133506,50
4546,2,10277,3438,6839,0,0,0,1.0,1,1.0,1,1.0,1,0.09317324640259336,49
4547,2,10279,3439,6840,0,0,0,1.0,1,1.0,1,1.0,1,0.09372688586156397,49
4548,0,10279,3439,6840,0,0,0,1.0,1,1.0,1,1.0,1,0.09372688586156397,49
4549,0,10279,3439,6840,0,0,0,1.0,1,1.0,1,1.0,1,0.09841249715811182,50
4550,1,10280,3440,6840,0,0,0,1.0,1,1.0,1,1.0,1,0.13987751995340372,49
4551,1,10281,3440,6841,0,0,0,1.0,1,1.0,1,1.0,1,0.1225811144695361,49
4552,1,10282,3441,6841,0,0,0,1.0,1,1.0,1,1.0,1,0.11932000820054318,49
4553,4,10286,3443,6843,0,0,0,1.0,1,1.0,1,1.0,1,0.13895195432162474,49
4554,3,10289,3446,6843,0,0,0,1.0,1,1.0,1,1.0,1,0.19273206005163004,49
4555,3,10292,3447,6845,0,0,0,1.0,1,1.0,1,1.0,1,0.1804709382091211,48
4556,3,10295,3448,6847,0,0,0,1.0,1,1.0,1,1.0,1,0.15678588969259868,48
4557,4,10299,3450,6849,0,0,0,1.0,1,1.0,1,1.0,1,0.16471754764248092,49
4558,5,10304,3452,6852,0,0,0,1.0,1,1.0,1,1.0,1,0.17997160117782887,49
4559,3,10307,3453,6854,0,0,0,1.0,1,1.0,1,1.0,1,0.2150856726938323,50
4560,3,10310,3453,6857,0,0,0,1.0,1,1.0,1,1.0,1,0.20912710372769988,51
4561,2,10312,3453,6859,0,0,0,1.0,1,1.0,1,1.0,1,0.17718573933252807,52
4562,1,10313,3454,6859,0,0,0,1.0,1,1.0,1,1.0,1,0.1765595475547179,53
4563,0,10313,3454,6859,0,0,0,1.0,1,1.0,1,1.0,1,0.16668256206899856,52
4564,3,10316,3454,6862,0,0,0,1.0,1,1.0,1,1.0,1,0.15853051824764852,54
4565,5,10321,3454,6867,0,0,0,1.0,1,1.0,1,1.0,1,0.13935126326288597,55
4566,2,10323,3454,6869,0,0,0,1.0,1,1.0,1,1.0,1,0.12560596822977915,55
4567,2,10325,3456,6869,0,0,0,1.0,1,1.0,1,1.0,1,0.1029762558014145,56
4568,2,10327,3457,6870,0,0,0,1.0,1,1.0,1,1.0,1,0.1058596777305965,58
4569,0,10327,3457,6870,0,0,0,1.0,1,1.0,1,1.0,1,0.10017956112051923,59
4570,1,10328,3458,6870,0,0,0,1.0,1,1.0,1,1.0,1,0.09267644538271441,59
4571,2,10330,3458,6872,0,0,0,1.0,1,1.0,1,1.0,1,0.11260906789984026,57
4572,3,10333,3460,6873,0,0,0,1.0,1,1.0,1,1.0,1,0.13100638703132395,56
4573,0,10333,3460,6873,0,0,0,1.0,1,1.0,1,1.0,1,0.13116544019404272,56
4574,1,10334,3460,6874,0,0,0,1.0,1,1.0,1,1.0,1,0.16987028551991917,55
4575,2,10336,3461,6875,0,0,0,1.0,1,1.0,1,1.0,1,0.16731942972493058,55
4576,3,10339,3461,6878,0,0,0,1.0,1,1.0,1,1.0,1,0.15106203563667828,55
4577,0,10339,3461,6878,0,0,0,1.0,1,1.0,1,1.0,1,0.16474359700098207,54
4578,0,10339,3461,6878,0,0,0,1.0,1,1.0,1,1.0,1,0.16639226741110716,54
4579,2,10341,3462,6879,0,0,0,1.0,1,1.0,1,1.0,1,0.16170855452725272,54
4580,0,10341,3462,6879,0,0,0,1.0,1,1.0,1,1.0,1,0.15685833905100377,55
4581,2,10343,3463,6880,0,0,0,1.0,1,1.0,1,1.0,1,0.15254457168733965,56
4582,0,10343,3463,6880,0,0,0,1.0,1,1.0,1,1.0,1,0.15254457168733965,56
4583,1,10344,3464,6880,0,0,0,1.0,1,1.0,1,1.0,1,0.1470752340565334,57
4584,2,10346,3466,6880,0,0,0,1.0,1,1.0,1,1.0,1,0.18189735931148437,57
4585,0,10346,3466,6880,0,0,0,1.0,1,1.0,1,1.0,1,0.18189735931148437,57
4586,1,10347,3466,6881,0,0,0,1.0,1,1.0,1,1.0,1,0.17605013559098892,57
4587,0,10347,3466,6881,0,0,0,1.0,1,1.0,1,1.0,1,0.17605013559098892,57
4588,1,10348,3466,6882,0,0,0,1.0,1,1.0,1,1.0,1,0.1687199674768019,58
4589,0,10348,3466,6882,0,0,0,1.0,1,1.0,1,1.0,1,0.17255829012247922,59
4590,1,10349,3466,6883,0,0,0,1.0,1,1.0,1,1.0,1,0.1785087551062376,60
4591,1,10350,3466,6884,0,0,0,1.0,1,1.0,1,1.0,1,0.1697832661631497,61
4592,1,10351,3466,6885,0,0,0,1.0,1,1.0,1,1.0,1,0.15402733550224518,62
4593,2,10353,3466,6887,0,0,0,1.0,1,1.0,1,1.0,1,0.1312043883279647,64
4594,1,10354,3466,6888,0,0,0,1.0,1,1.0,1,1.0,1,0.11183026449315757,64
4595,5,10359,3468,6891,0,0,0,1.0,1,1.0,1,1.0,1,0.12319455600187665,63
4596,2,10361,3468,6893,0,0,0,1.0,1,1.0,1,1.0,1,0.10749837251302631,63
4597,0,10361,3468,6893,0,0,0,1.0,1,1.0,1,1.0,1,0.10749837251302631,63
4598,1,10362,3468,6894,0,0,0,1.0,1,1.0,1,1.0,1,0.10243981234714945,65
4599,3,10365,3469,6896,0,0,0,1.0,1,1.0,1,1.0,1,0.07542952961746044,66
4600,2,10367,3469,6898,0,0,0,1.0,1,1.0,1,1.0,1,0.06978203688760608,67
4601,2,10369,3471,6898,0,0,0,1.0,1,1.0,1,1.0,1,0.10507778212435219,67
4602,2,10371,3471,6900,0,0,0,1.0,1,1.0,1,1.0,1,0.11182265281147975,69
4603,2,10373,3472,6901,0,0,0,1.0,1,1.0,1,1.0,1,0.1179009511418645,69
4604,1,10374,3472,6902,0,0,0,1.0,1,1.0,1,1.0,1,0.1303192350371317,69
4605,4,10378,3472,6906,0,0,0,1.0,1,1.0,1,1.0,1,0.12315253354147489,70
4606,2,10380,3472,6908,0,0,0,1.0,1,1.0,1,1.0,1,0.0992648205015812,70
4607,1,10381,3473,6908,0,0,0,1.0,1,1.0,1,1.0,1,0.13039607957309798,72
4608,3,10384,3473,6911,0,0,0,1.0,1,1.0,1,1.0,1,0.12474550078513208,73
4609,0,10384,3473,6911,0,0,0,1.0,1,1.0,1,1.0,1,0.11995320127340936,72
4610,2,10386,3474,6912,0,0,0,1.0,1,1.0,1,1.0,1,0.11825802788149965,72
4611,2,10388,3474,6914,0,0,0,1.0,1,1.0,1,1.0,1,0.1087649857446329,71
4612,2,10390,3475,6915,0,0,0,1.0,1,1.0,1,1.0,1,0.11628554674109734,70
4613,0,10390,3475,6915,0,0,0,1.0,1,1.0,1,1.0,1,0.11758212887822543,69
4614,0,10390,3475,6915,0,0,0,1.0,1,1.0,1,1.0,1,0.12756563180662728,68
4615,1,10391,3476,6915,0,0,0,1.0,1,1.0,1,1.0,1,0.12690747361229213,68
4616,2,10393,3476,6917,0,0,0,1.0,1,1.0,1,1.0,1,0.12848309764285548,65
4617,1,10394,3477,6917,0,0,0,1.0,1,1.0,1,1.0,1,0.12485968356640482,66
4618,2,10396,3478,6918,0,0,0,1.0,1,1.0,1,1.0,1,0.12935959039381362,66
4619,0,10396,3478,6918,0,0,0,1.0,1,1.0,1,1.0,1,0.14020545978683274,65
4620,1,10397,3478,6919,0,0,0,1.0,1,1.0,1,1.0,1,0.12273616188545672,65
4621,8,10405,3482,6923,0,0,0,1.0,1,1.0,1,1.0,1,0.12852052427306812,67
4622,2,10407,3483,6924,0,0,0,1.0,1,1.0,1,1.0,1,0.14765902455397548,65
4623,2,10409,3485,6924,0,0,0,1.0,1,1.0,1,1.0,1,0.17604058056904454,66
4624,3,10412,3488,6924,0,0,0,1.0,1,1.0,1,1.0,1,0.1974228721546804,65
4625,4,10416,3488,6928,0,0,0,1.0,1,1.0,1,1.0,1,0.16456291194973438,64
4626,5,10421,3490,6931,0,0,0,1.0,1,1.0,1,1.0,1,0.13899220394223732,63
4627,3,10424,3490,6934,0,0,0,1.0,1,1.0,1,1.0,1,0.10980834374937389,65
4628,0,10424,3490,6934,0,0,0,1.0,1,1.0,1,1.0,1,0.12085700350221411,64
4629,3,10427,3492,6935,0,0,0,1.0,1,1.0,1,1.0,1,0.11859214074363734,64
4630,0,10427,3492,6935,0,0,0,1.0,1,1.0,1,1.0,1,0.11859214074363734,64
4631,10,10437,3495,6942,0,0,0,1.0,1,1.0,1,1.0,1,0.15180706632431035,66
4632,3,10440,3495,6945,0,0,0,1.0,1,1.0,1,1.0,1,0.15328434784593326,65
4633,5,10445,3495,6950,0,0,0,1.0,1,1.0,1,1.0,1,0.13371554613181444,66
4634,4,10449,3495,6954,0,0,0,1.0,1,1.0,1,1.0,1,0.12212172730219378,66
4635,3,10452,3495,6957,0,0,0,1.0,1,1.0,1,1.0,1,0.12086055965082165,66
4636,3,10455,3495,6960,0,0,0,1.0,1,1.0,1,1.0,1,0.08570597133672679,66
4637,0,10455,3495,6960,0,0,0,1.0,1,1.0,1,1.0,1,0.09362469047010942,68
4638,0,10455,3495,6960,0,0,0,1.0,1,1.0,1,1.0,1,0.09362469047010942,68
4639,3,10458,3496,6962,0,0,0,1.0,1,1.0,1,1.0,1,0.09164587139682291,69
4640,0,10458,3496,6962,0,0,0,1.0,1,1.0,1,1.0,1,0.09164587139682291,69
4641,3,10461,3496,6965,0,0,0,1.0,1,1.0,1,1.0,1,0.05278494026529029,70
4642,0,10461,3496,6965,0,0,0,1.0,1,1.0,1,1.0,1,0.06426017465259029,69
4643,3,10464,3497,6967,0,0,0,1.0,1,1.0,1,1.0,1,0.06255682987217596,70
4644,1,10465,3498,6967,0,0,0,1.0,1,1.0,1,1.0,1,0.0960816401006419,69
4645,1,10466,3498,6968,0,0,0,1.0,1,1.0,1,1.0,1,0.10195479511552445,70
4646,4,10470,3499,6971,0,0,0,1.0,1,1.0,1,1.0,1,0.09261150254113457,68
4647,3,10473,3502,6971,0,0,0,1.0,1,1.0,1,1.0,1,0.1324452623836543,68
4648,0,10473,3502,6971,0,0,0,1.0,1,1.0,1,1.0,1,0.1674624684233797,67
4649,6,10479,3505,6974,0,0,0,1.0,1,1.0,1,1.0,1,0.1823238419092174,67
4650,0,10479,3505,6974,0,0,0,1.0,1,1.0,1,1.0,1,0.156998576692632,67
4651,7,10486,3508,6978,0,0,0,1.0,1,1.0,1,1.0,1,0.12388881407244764,68
4652,0,10486,3508,6978,0,0,0,1.0,1,1.0,1,1.0,1,0.1256291308540134,66
4653,1,10487,3508,6979,0,0,0,1.0,1,1.0,1,1.0,1,0.11941486441785909,64
4654,2,10489,3508,6981,0,0,0,1.0,1,1.0,1,1.0,1,0.12027967781914504,65
4655,2,10491,3510,6981,0,0,0,1.0,1,1.0,1,1.0,1,0.15081393250459638,64
4656,4,10495,3512,6983,0,0,0,1.0,1,1.0,1,1.0,1,0.14638417251632457,65
4657,1,10496,3513,6983,0,0,0,1.0,1,1.0,1,1.0,1,0.15769506933700292,66
4658,5,10501,3516,6985,0,0,0,1.0,1,1.0,1,1.0,1,0.21849327399021368,65
4659,1,10502,3516,6986,0,0,0,1.0,1,1.0,1,1.0,1,0.22196393814578988,65
4660,4,10506,3518,6988,0,0,0,1.0,1,1.0,1,1.0,1,0.24896620379680603,66
4661,8,10514,3518,6996,0,0,0,1.0,1,1.0,1,1.0,1,0.18132277298837277,66
4662,1,10515,3518,6997,0,0,0,1.0,1,1.0,1,1.0,1,0.18606061979631033,68
4663,3,10518,3518,7000,0,0,0,1.0,1,1.0,1,1.0,1,0.18702271175207016,67
4664,5,10523,3519,7004,0,0,0,1.0,1,1.0,1,1.0,1,0.18814577213323788,67
4665,3,10526,3520,7006,0,0,0,1.0,1,1.0,1,1.0,1,0.17489437814578002,67
4666,10,10536,3521,7015,0,0,0,1.0,1,1.0,1,1.0,1,0.1200591502359235,67
4667,6,10542,3521,7021,0,0,0,1.0,1,1.0,1,1.0,1,0.10426340324693067,66
4668,5,10547,3522,7025,0,0,0,1.0,1,1.0,1,1.0,1,0.1345614165319489,66
4669,2,10549,3522,7027,0,0,0,1.0,1,1.0,1,1.0,1,0.15000722815591688,66
4670,4,10553,3522,7031,0,0,0,1.0,1,1.0,1,1.0,1,0.17728523244502595,64
4671,2,10555,3522,7033,0,0,0,1.0,1,1.0,1,1.0,1,0.15158460159542883,64
4672,1,10556,3523,7033,0,0,0,1.0,1,1.0,1,1.0,1,0.18924838756419332,64
4673,2,10558,3523,7035,0,0,0,1.0,1,1.0,1,1.0,1,0.1681298479770453,65
4674,2,10560,3525,7035,0,0,0,1.0,1,1.0,1,1.0,1,0.18947506651766527,66
4675,2,10562,3525,7037,0,0,0,1.0,1,1.0,1,1.0,1,0.18922474641032427,65
4676,6,10568,3525,7043,0,0,0,1.0,1,1.0,1,1.0,1,0.16385719753107145,65
4677,2,10570,3525,7045,0,0,0,1.0,1,1.0,1,1.0,1,0.1663895014972441,65
4678,0,10570,3525,7045,0,0,0,1.0,1,1.0,1,1.0,1,0.1855148339557313,64
4679,0,10570,3525,7045,0,0,0,1.0,1,1.0,1,1.0,1,0.1765996711467063,66
4680,1,10571,3525,7046,0,0,0,1.0,1,1.0,1,1.0,1,0.1722618275604746,67
4681,2,10573,3526,7047,0,0,0,1.0,1,1.0,1,1.0,1,0.1687299081765457,67
4682,1,10574,3527,7047,0,0,0,1.0,1,1.0,1,1.0,1,0.18641378034457606,67
4683,3,10577,3528,7049,0,0,0,1.0,1,1.0,1,1.0,1,0.1696806752377931,67
4684,4,10581,3531,7050,0,0,0,1.0,1,1.0,1,1.0,1,0.1615578463761082,66
4685,1,10582,3531,7051,0,0,0,1.0,1,1.0,1,1.0,1,0.13646972234262847,65
4686,3,10585,3533,7052,0,0,0,1.0,1,1.0,1,1.0,1,0.14969004044196746,65
4687,0,10585,3533,7052,0,0,0,1.0,1,1.0,1,1.0,1,0.13750551735064218,65
4688,1,10586,3534,7052,0,0,0,1.0,1,1.0,1,1.0,1,0.1574846758622902,64
4689,8,10594,3537,7057,0,0,0,1.0,1,1.0,1,1.0,1,0.18116091885978003,65
4690,2,10596,3537,7059,0,0,0,1.0,1,1.0,1,1.0,1,0.20045147602695887,63
4691,7,10603,3540,7063,0,0,0,1.0,1,1.0,1,1.0,1,0.19704888932160575,64
4692,3,10606,3540,7066,0,0,0,1.0,1,1.0,1,1.0,1,0.14083280629625045,63
4693,1,10607,3540,7067,0,0,0,1.0,1,1.0,1,1.0,1,0.13828124954101179,64
4694,0,10607,3540,7067,0,0,0,1.0,1,1.0,1,1.0,1,0.12756136377705374,63
4695,0,10607,3540,7067,0,0,0,1.0,1,1.0,1,1.0,1,0.13081196077774868,62
4696,4,10611,3541,7070,0,0,0,1.0,1,1.0,1,1.0,1,0.11874871449632142,61
4697,1,10612,3541,7071,0,0,0,1.0,1,1.0,1,1.0,1,0.09484237208309065,63
4698,0,10612,3541,7071,0,0,0,1.0,1,1.0,1,1.0,1,0.10615166011248192,63
4699,1,10613,3541,7072,0,0,0,1.0,1,1.0,1,1.0,1,0.08246974044622396,65
4700,0,10613,3541,7072,0,0,0,1.0,1,1.0,1,1.0,1,0.09376379441595822,64
4701,2,10615,3543,7072,0,0,0,1.0,1,1.0,1,1.0,1,0.11306436148269756,64
4702,1,10616,3543,7073,0,0,0,1.0,1,1.0,1,1.0,1,0.12212092845775405,66
4703,2,10618,3544,7074,0,0,0,1.0,1,1.0,1,1.0,1,0.12241604447099345,65
4704,2,10620,3546,7074,0,0,0,1.0,1,1.0,1,1.0,1,0.133564583066991,64
4705,8,10628,3549,7079,0,0,0,1.0,1,1.0,1,1.0,1,0.18295679105075646,65
4706,7,10635,3553,7082,0,0,0,1.0,1,1.0,1,1.0,1,0.17583455742154563,65
4707,5,10640,3555,7085,0,0,0,1.0,1,1.0,1,1.0,1,0.19967955460223427,63
4708,2,10642,3556,7086,0,0,0,1.0,1,1.0,1,1.0,1,0.18128378995705907,62
4709,5,10647,3559,7088,0,0,0,1.0,1,1.0,1,1.0,1,0.2112565194612266,61
4710,0,10647,3559,7088,0,0,0,1.0,1,1.0,1,1.0,1,0.20833172643116596,60
4711,7,10654,3561,7093,0,0,0,1.0,1,1.0,1,1.0,1,0.15184378194533762,59
4712,1,10655,3561,7094,0,0,0,1.0,1,1.0,1,1.0,1,0.14310850591895455,58
4713,4,10659,3564,7095,0,0,0,1.0,1,1.0,1,1.0,1,0.15550346495183118,58
4714,0,10659,3564,7095,0,0,0,1.0,1,1.0,1,1.0,1,0.14977067358895982,57
4715,0,10659,3564,7095,0,0,0,1.0,1,1.0,1,1.0,1,0.1446792783810233,57
4716,5,10664,3565,7099,0,0,0,1.0,1,1.0,1,1.0,1,0.0912406346187395,55
4717,3,10667,3567,7100,0,0,0,1.0,1,1.0,1,1.0,1,0.12501812866592138,57
4718,3,10670,3567,7103,0,0,0,1.0,1,1.0,1,1.0,1,0.09534705435282498,56
4719,3,10673,3568,7105,0,0,0,1.0,1,1.0,1,1.0,1,0.1461778579824339,56
4720,2,10675,3568,7107,0,0,0,1.0,1,1.0,1,1.0,1,0.14726359060282737,57
4721,3,10678,3568,7110,0,0,0,1.0,1,1.0,1,1.0,1,0.12269185860231589,57
4722,2,10680,3569,7111,0,0,0,1.0,1,1.0,1,1.0,1,0.13068933381491482,57
4723,3,10683,3569,7114,0,0,0,1.0,1,1.0,1,1.0,1,0.10841992151265108,57
4724,0,10683,3569,7114,0,0,0,1.0,1,1.0,1,1.0,1,0.11029634819035224,57
4725,0,10683,3569,7114,0,0,0,1.0,1,1.0,1,1.0,1,0.1283009111202213,57
4726,5,10688,3570,7118,0,0,0,1.0,1,1.0,1,1.0,1,0.07601299596537894,57
4727,0,10688,3570,7118,0,0,0,1.0,1,1.0,1,1.0,1,0.08837463063690107,56
4728,0,10688,3570,7118,0,0,0,1.0,1,1.0,1,1.0,1,0.10111082390728397,57
4729,0,10688,3570,7118,0,0,0,1.0,1,1.0,1,1.0,1,0.11625672578417305,56
4730,1,10689,3571,7118,0,0,0,1.0,1,1.0,1,1.0,1,0.13931995602083064,54
4731,1,10690,3571,7119,0,0,0,1.0,1,1.0,1,1.0,1,0.12036986112395354,54
4732,7,10697,3576,7121,0,0,0,1.0,1,1.0,1,1.0,1,0.23238667126725515,54
4733,7,10704,3577,7127,0,0,0,1.0,1,1.0,1,1.0,1,0.2079586708406379,55
4734,5,10709,3579,7130,0,0,0,1.0,1,1.0,1,1.0,1,0.2608648562971291,56
4735,6,10715,3580,7135,0,0,0,1.0,1,1.0,1,1.0,1,0.261164595304297,56
4736,6,10721,3581,7140,0,0,0,1.0,1,1.0,1,1.0,1,0.22140017362688225,58
4737,0,10721,3581,7140,0,0,0,1.0,1,1.0,1,1.0,1,0.21711239462635099,59
4738,1,10722,3582,7140,0,0,0,1.0,1,1.0,1,1.0,1,0.24946868484638038,60
4739,3,10725,3582,7143,0,0,0,1.0,1,1.0,1,1.0,1,0.21871468216805345,60
4740,0,10725,3582,7143,0,0,0,1.0,1,1.0,1,1.0,1,0.21871468216805345,60
4741,5,10730,3582,7148,0,0,0,1.0,1,1.0,1,1.0,1,0.18670123335346916,61
4742,2,10732,3584,7148,0,0,0,1.0,1,1.0,1,1.0,1,0.19881425938088576,61
4743,1,10733,3584,7149,0,0,0,1.0,1,1.0,1,1.0,1,0.18203574519917334,60
4744,5,10738,3586,7152,0,0,0,1.0,1,1.0,1,1.0,1,0.16136621644916901,60
4745,3,10741,3587,7154,0,0,0,1.0,1,1.0,1,1.0,1,0.165539089814747,59
4746,5,10746,3589,7157,0,0,0,1.0,1,1.0,1,1.0,1,0.16142371699985916,59
4747,4,10750,3590,7160,0,0,0,1.0,1,1.0,1,1.0,1,0.09836461150628133,58
4748,2,10752,3591,7161,0,0,0,1.0,1,1.0,1,1.0,1,0.08659715758848262,58
4749,3,10755,3592,7163,0,0,0,1.0,1,1.0,1,1.0,1,0.06273993974691065,58
4750,4,10759,3593,7166,0,0,0,1.0,1,1.0,1,1.0,1,0.09956966833072127,56
4751,5,10764,3596,7168,0,0,0,1.0,1,1.0,1,1.0,1,0.10223437276501754,58
4752,2,10766,3597,7169,0,0,0,1.0,1,1.0,1,1.0,1,0.07706626772064003,55
4753,0,10766,3597,7169,0,0,0,1.0,1,1.0,1,1.0,1,0.07706626772064003,55
4754,2,10768,3598,7170,0,0,0,1.0,1,1.0,1,1.0,1,0.10241192508261027,54
4755,1,10769,3598,7171,0,0,0,1.0,1,1.0,1,1.0,1,0.10945547173231897,54
4756,2,10771,3599,7172,0,0,0,1.0,1,1.0,1,1.0,1,0.12066580925033092,54
4757,3,10774,3599,7175,0,0,0,1.0,1,1.0,1,1.0,1,0.10004907788933787,53
4758,0,10774,3599,7175,0,0,0,1.0,1,1.0,1,1.0,1,0.10004907788933787,53
4759,1,10775,3600,7175,0,0,0,1.0,1,1.0,1,1.0,1,0.1319612686913512,53
4760,1,10776,3601,7175,0,0,0,1.0,1,1.0,1,1.0,1,0.17465943822819913,53
4761,10,10786,3603,7183,0,0,0,1.0,1,1.0,1,1.0,1,0.13342039472815476,52
4762,5,10791,3605,7186,0,0,0,1.0,1,1.0,1,1.0,1,0.1533690091747304,54
4763,2,10793,3605,7188,0,0,0,1.0,1,1.0,1,1.0,1,0.15051597877394787,54
4764,4,10797,3606,7191,0,0,0,1.0,1,1.0,1,1.0,1,0.14517587045991587,55
4765,4,10801,3607,7194,0,0,0,1.0,1,1.0,1,1.0,1,0.14924017621574215,56
4766,4,10805,3607,7198,0,0,0,1.0,1,1.0,1,1.0,1,0.09246660056672022,58
4767,3,10808,3607,7201,0,0,0,1.0,1,1.0,1,1.0,1,0.10657719637489069,59
4768,5,10813,3610,7203,0,0,0,1.0,1,1.0,1,1.0,1,0.14675919740247523,60
4769,4,10817,3610,7207,0,0,0,1.0,1,1.0,1,1.0,1,0.15082924918749552,59
4770,3,10820,3610,7210,0,0,0,1.0,1,1.0,1,1.0,1,0.13822455406688336,60
4771,4,10824,3610,7214,0,0,0,1.0,1,1.0,1,1.0,1,0.11812337036930001,59
4772,1,10825,3611,7214,0,0,0,1.0,1,1.0,1,1.0,1,0.13568919267393265,59
4773,2,10827,3611,7216,0,0,0,1.0,1,1.0,1,1.0,1,0.12659871653026555,60
4774,2,10829,3612,7217,0,0,0,1.0,1,1.0,1,1.0,1,0.14780373364325894,60
4775,2,10831,3612,7219,0,0,0,1.0,1,1.0,1,1.0,1,0.13527316130771597,62
4776,3,10834,3612,7222,0,0,0,1.0,1,1.0,1,1.0,1,0.09225397974246811,63
4777,0,10834,3612,7222,0,0,0,1.0,1,1.0,1,1.0,1,0.09225397974246811,63
4778,0,10834,3612,7222,0,0,0,1.0,1,1.0,1,1.0,1,0.09225397974246811,63
4779,0,10834,3612,7222,0,0,0,1.0,1,1.0,1,1.0,1,0.09225397974246811,63
4780,1,10835,3613,7222,0,0,0,1.0,1,1.0,1,1.0,1,0.1140751525808977,65
4781,1,10836,3613,7223,0,0,0,1.0,1,1.0,1,1.0,1,0.1127363741646896,64
4782,3,10839,3613,7226,0,0,0,1.0,1,1.0,1,1.0,1,0.08115995260608952,65
4783,5,10844,3616,7228,0,0,0,1.0,1,1.0,1,1.0,1,0.07666718481079653,66
4784,3,10847,3618,7229,0,0,0,1.0,1,1.0,1,1.0,1,0.06200681467335025,64
4785,5,10852,3621,7231,0,0,0,1.0,1,1.0,1,1.0,1,0.11228990738799119,65
4786,10,10862,3623,7239,0,0,0,1.0,1,1.0,1,1.0,1,0.13401973993843758,66
4787,11,10873,3624,7249,0,0,0,1.0,1,1.0,1,1.0,1,0.12091169931591428,63
4788,13,10886,3629,7257,0,0,0,1.0,1,1.0,1,1.0,1,0.15402571043105565,63
4789,14,10900,3631,7269,0,0,0,1.0,1,1.0,1,1.0,1,0.1280349396144952,60
4790,5,10905,3632,7273,0,0,0,1.0,1,1.0,1,1.0,1,0.168518779825687,61
4791,9,10914,3635,7279,0,0,0,1.0,1,1.0,1,1.0,1,0.11540388284098406,59
4792,1,10915,3636,7279,0,0,0,1.0,1,1.0,1,1.0,1,0.12271262091976319,59
4793,4,10919,3636,7283,0,0,0,1.0,1,1.0,1,1.0,1,0.09974058383131228,61
4794,2,10921,3637,7284,0,0,0,1.0,1,1.0,1,1.0,1,0.09862465588021184,60
4795,3,10924,3637,7287,0,0,0,1.0,1,1.0,1,1.0,1,0.10063206351680311,61
4796,5,10929,3638,7291,0,0,0,1.0,1,1.0,1,1.0,1,0.07096799036938173,60
4797,2,10931,3639,7292,0,0,0,1.0,1,1.0,1,1.0,1,0.07017846173575666,61
4798,1,10932,3639,7293,0,0,0,1.0,1,1.0,1,1.0,1,0.08206186838056342,61
4799,0,10932,3639,7293,0,0,0,1.0,1,1.0,1,1.0,1,0.0892580629409865,59
4800,1,10933,3640,7293,0,0,0,1.0,1,1.0,1,1.0,1,0.12044580422306499,57
4801,6,10939,3640,7299,0,0,0,1.0,1,1.0,1,1.0,1,0.09915441076921579,58
4802,5,10944,3641,7303,0,0,0,1.0,1,1.0,1,1.0,1,0.11143730882985822,56
4803,6,10950,3644,7306,0,0,0,1.0,1,1.0,1,1.0,1,0.10785508296012444,57
4804,2,10952,3644,7308,0,0,0,1.0,1,1.0,1,1.0,1,0.08150499226209618,55
4805,3,10955,3645,7310,0,0,0,1.0,1,1.0,1,1.0,1,0.0916173437330385,56
4806,0,10955,3645,7310,0,0,0,1.0,1,1.0,1,1.0,1,0.07620150332139565,55
4807,0,10955,3645,7310,0,0,0,1.0,1,1.0,1,1.0,1,0.06779398611816181,53
4808,2,10957,3647,7310,0,0,0,1.0,1,1.0,1,1.0,1,0.10332894801115712,54
4809,1,10958,3647,7311,0,0,0,1.0,1,1.0,1,1.0,1,0.1166378155387949,53
4810,3,10961,3649,7312,0,0,0,1.0,1,1.0,1,1.0,1,0.14003795321599538,53
4811,3,10964,3649,7315,0,0,0,1.0,1,1.0,1,1.0,1,0.07855197005202505,54
4812,2,10966,3651,7315,0,0,0,1.0,1,1.0,1,1.0,1,0.07955584492816824,54
4813,4,10970,3652,7318,0,0,0,1.0,1,1.0,1,1.0,1,0.07251411075136101,55
4814,2,10972,3654,7318,0,0,0,1.0,1,1.0,1,1.0,1,0.103029165996581,55
4815,4,10976,3654,7322,0,0,0,1.0,1,1.0,1,1.0,1,0.09102015788445342,56
4816,3,10979,3656,7323,0,0,0,1.0,1,1.0,1,1.0,1,0.07310951920896913,56
4817,3,10982,3658,7324,0,0,0,1.0,1,1.0,1,1.0,1,0.09986818223748088,58
4818,4,10986,3660,7326,0,0,0,1.0,1,1.0,1,1.0,1,0.14188377523414014,58
4819,1,10987,3661,7326,0,0,0,1.0,1,1.0,1,1.0,1,0.1437385403374607,58
4820,0,10987,3661,7326,0,0,0,1.0,1,1.0,1,1.0,1,0.1437385403374607,58
4821,2,10989,3662,7327,0,0,0,1.0,1,1.0,1,1.0,1,0.15036153629439203,58
4822,3,10992,3664,7328,0,0,0,1.0,1,1.0,1,1.0,1,0.1641805529713051,58
4823,3,10995,3665,7330,0,0,0,1.0,1,1.0,1,1.0,1,0.15431483047134945,57
4824,4,10999,3666,7333,0,0,0,1.0,1,1.0,1,1.0,1,0.12564787384766096,56
4825,1,11000,3666,7334,0,0,0,1.0,1,1.0,1,1.0,1,0.15866255806950952,57
4826,3,11003,3667,7336,0,0,0,1.0,1,1.0,1,1.0,1,0.14309956470951113,57
4827,0,11003,3667,7336,0,0,0,1.0,1,1.0,1,1.0,1,0.1726599066776326,56
4828,0,11003,3667,7336,0,0,0,1.0,1,1.0,1,1.0,1,0.1523398260575443,57
4829,0,11003,3667,7336,0,0,0,1.0,1,1.0,1,1.0,1,0.16121536277353846,56
4830,1,11004,3668,7336,0,0,0,1.0,1,1.0,1,1.0,1,0.14949044525895233,57
4831,5,11009,3670,7339,0,0,0,1.0,1,1.0,1,1.0,1,0.16828313346318496,57
4832,1,11010,3670,7340,0,0,0,1.0,1,1.0,1,1.0,1,0.16964610230301327,55
4833,3,11013,3672,7341,0,0,0,1.0,1,1.0,1,1.0,1,0.17815515381736924,55
4834,1,11014,3672,7342,0,0,0,1.0,1,1.0,1,1.0,1,0.17394440339647674,55
4835,4,11018,3673,7345,0,0,0,1.0,1,1.0,1,1.0,1,0.1790304779474835,55
4836,4,11022,3673,7349,0,0,0,1.0,1,1.0,1,1.0,1,0.12007190388995602,55
4837,1,11023,3673,7350,0,0,0,1.0,1,1.0,1,1.0,1,0.1102570770464891,53
4838,3,11026,3674,7352,0,0,0,1.0,1,1.0,1,1.0,1,0.09414235528344651,54
4839,3,11029,3677,7352,0,0,0,1.0,1,1.0,1,1.0,1,0.11016875648609928,53
4840,2,11031,3678,7353,0,0,0,1.0,1,1.0,1,1.0,1,0.09483683869564895,52
4841,8,11039,3682,7357,0,0,0,1.0,1,1.0,1,1.0,1,0.13838532023967315,51
4842,4,11043,3683,7360,0,0,0,1.0,1,1.0,1,1.0,1,0.16889797130872605,50
4843,5,11048,3684,7364,0,0,0,1.0,1,1.0,1,1.0,1,0.18941180767348087,51
4844,2,11050,3684,7366,0,0,0,1.0,1,1.0,1,1.0,1,0.1574557489169209,50
4845,3,11053,3686,7367,0,0,0,1.0,1,1.0,1,1.0,1,0.1725230841859806,49
4846,11,11064,3688,7376,0,0,0,1.0,1,1.0,1,1.0,1,0.16216171630327425,49
4847,4,11068,3689,7379,0,0,0,1.0,1,1.0,1,1.0,1,0.20440445143131197,48
4848,7,11075,3690,7385,0,0,0,1.0,1,1.0,1,1.0,1,0.203708765657903,48
4849,4,11079,3691,7388,0,0,0,1.0,1,1.0,1,1.0,1,0.1949084762656254,48
4850,6,11085,3691,7394,0,0,0,1.0,1,1.0,1,1.0,1,0.15934168281492986,49
4851,3,11088,3691,7397,0,0,0,1.0,1,1.0,1,1.0,1,0.11447546269079979,49
4852,1,11089,3691,7398,0,0,0,1.0,1,1.0,1,1.0,1,0.14788548364901033,49
4853,1,11090,3691,7399,0,0,0,1.0,1,1.0,1,1.0,1,0.13701443541775787,50
4854,0,11090,3691,7399,0,0,0,1.0,1,1.0,1,1.0,1,0.1460481506398903,51
4855,0,11090,3691,7399,0,0,0,1.0,1,1.0,1,1.0,1,0.1460481506398903,51
4856,2,11092,3692,7400,0,0,0,1.0,1,1.0,1,1.0,1,0.1385112276879055,50
4857,0,11092,3692,7400,0,0,0,1.0,1,1.0,1,1.0,1,0.1439870960317172,51
4858,2,11094,3692,7402,0,0,0,1.0,1,1.0,1,1.0,1,0.12979508632246445,51
4859,0,11094,3692,7402,0,0,0,1.0,1,1.0,1,1.0,1,0.14477889201337568,52
4860,0,11094,3692,7402,0,0,0,1.0,1,1.0,1,1.0,1,0.14477889201337568,52
4861,2,11096,3692,7404,0,0,0,1.0,1,1.0,1,1.0,1,0.126098951849802,53
4862,3,11099,3695,7404,0,0,0,1.0,1,1.0,1,1.0,1,0.1527421114956903,53
4863,0,11099,3695,7404,0,0,0,1.0,1,1.0,1,1.0,1,0.15703758112988836,51
4864,1,11100,3696,7404,0,0,0,1.0,1,1.0,1,1.0,1,0.17788575417519786,53
4865,1,11101,3696,7405,0,0,0,1.0,1,1.0,1,1.0,1,0.17175344284538793,52
4866,6,11107,3698,7409,0,0,0,1.0,1,1.0,1,1.0,1,0.10850790846965488,53
4867,1,11108,3698,7410,0,0,0,1.0,1,1.0,1,1.0,1,0.09483199233921533,51
4868,4,11112,3699,7413,0,0,0,1.0,1,1.0,1,1.0,1,0.09735582505485148,53
4869,2,11114,3699,7415,0,0,0,1.0,1,1.0,1,1.0,1,0.09735582505485148,53
4870,3,11117,3701,7416,0,0,0,1.0,1,1.0,1,1.0,1,0.13419384669179985,55
4871,4,11121,3702,7419,0,0,0,1.0,1,1.0,1,1.0,1,0.10215454894004632,55
4872,3,11124,3703,7421,0,0,0,1.0,1,1.0,1,1.0,1,0.11725007347520304,56
4873,1,11125,3703,7422,0,0,0,1.0,1,1.0,1,1.0,1,0.08691159484655882,56
4874,2,11127,3703,7424,0,0,0,1.0,1,1.0,1,1.0,1,0.10079560971644173,58
4875,1,11128,3704,7424,0,0,0,1.0,1,1.0,1,1.0,1,0.12089082192689941,56
4876,2,11130,3704,7426,0,0,0,1.0,1,1.0,1,1.0,1,0.09516596419773245,56
4877,2,11132,3705,7427,0,0,0,1.0,1,1.0,1,1.0,1,0.10657797427921765,54
4878,8,11140,3708,7432,0,0,0,1.0,1,1.0,1,1.0,1,0.0916587174315432,54
4879,6,11146,3711,7435,0,0,0,1.0,1,1.0,1,1.0,1,0.12756350613087972,54
4880,2,11148,3711,7437,0,0,0,1.0,1,1.0,1,1.0,1,0.13483766052266166,53
4881,4,11152,3713,7439,0,0,0,1.0,1,1.0,1,1.0,1,0.17332988053438655,54
4882,0,11152,3713,7439,0,0,0,1.0,1,1.0,1,1.0,1,0.1539726439544883,52
4883,4,11156,3714,7442,0,0,0,1.0,1,1.0,1,1.0,1,0.14818199445485622,54
4884,0,11156,3714,7442,0,0,0,1.0,1,1.0,1,1.0,1,0.13689313077479565,52
4885,0,11156,3714,7442,0,0,0,1.0,1,1.0,1,1.0,1,0.14415060575487337,51
4886,2,11158,3714,7444,0,0,0,1.0,1,1.0,1,1.0,1,0.14100847463027522,50
4887,0,11158,3714,7444,0,0,0,1.0,1,1.0,1,1.0,1,0.15947571132144914,49
4888,0,11158,3714,7444,0,0,0,1.0,1,1.0,1,1.0,1,0.17408755885482707,48
4889,0,11158,3714,7444,0,0,0,1.0,1,1.0,1,1.0,1,0.17408755885482707,48
4890,0,11158,3714,7444,0,0,0,1.0,1,1.0,1,1.0,1,0.17408755885482707,48
4891,1,11159,3715,7444,0,0,0,1.0,1,1.0,1,1.0,1,0.21247096319705808,49
4892,2,11161,3715,7446,0,0,0,1.0,1,1.0,1,1.0,1,0.1913238293580012,51
4893,2,11163,3715,7448,0,0,0,1.0,1,1.0,1,1.0,1,0.14717382124723352,51
4894,3,11166,3716,7450,0,0,0,1.0,1,1.0,1,1.0,1,0.13243390138333838,52
4895,2,11168,3716,7452,0,0,0,1.0,1,1.0,1,1.0,1,0.1465950112487836,52
4896,1,11169,3716,7453,0,0,0,1.0,1,1.0,1,1.0,1,0.11844186740276914,51
4897,2,11171,3716,7455,0,0,0,1.0,1,1.0,1,1.0,1,0.10297547962401071,52
4898,0,11171,3716,7455,0,0,0,1.0,1,1.0,1,1.0,1,0.10297547962401071,52
4899,0,11171,3716,7455,0,0,0,1.0,1,1.0,1,1.0,1,0.11316828354213905,53
4900,1,11172,3717,7455,0,0,0,1.0,1,1.0,1,1.0,1,0.0814445855530849,54
4901,3,11175,3720,7455,0,0,0,1.0,1,1.0,1,1.0,1,0.10828240209125688,54
4902,2,11177,3720,7457,0,0,0,1.0,1,1.0,1,1.0,1,0.08168971326700698,55
4903,2,11179,3721,7458,0,0,0,1.0,1,1.0,1,1.0,1,0.10192254599816343,56
4904,3,11182,3723,7459,0,0,0,1.0,1,1.0,1,1.0,1,0.12807777830196498,55
4905,0,11182,3723,7459,0,0,0,1.0,1,1.0,1,1.0,1,0.12526909821823232,54
4906,3,11185,3724,7461,0,0,0,1.0,1,1.0,1,1.0,1,0.14754927983553712,54
4907,0,11185,3724,7461,0,0,0,1.0,1,1.0,1,1.0,1,0.14739411932806493,54
4908,1,11186,3724,7462,0,0,0,1.0,1,1.0,1,1.0,1,0.1348944665385203,53
4909,4,11190,3725,7465,0,0,0,1.0,1,1.0,1,1.0,1,0.13325966421319843,54
4910,1,11191,3725,7466,0,0,0,1.0,1,1.0,1,1.0,1,0.11908064824017311,55
4911,4,11195,3727,7468,0,0,0,1.0,1,1.0,1,1.0,1,0.14913331825000414,57
4912,3,11198,3728,7470,0,0,0,1.0,1,1.0,1,1.0,1,0.13766686370680972,57
4913,0,11198,3728,7470,0,0,0,1.0,1,1.0,1,1.0,1,0.12319442830434066,56
4914,1,11199,3729,7470,0,0,0,1.0,1,1.0,1,1.0,1,0.11335707600086263,56
4915,2,11201,3730,7471,0,0,0,1.0,1,1.0,1,1.0,1,0.09539301275785748,56
4916,2,11203,3730,7473,0,0,0,1.0,1,1.0,1,1.0,1,0.10035473221348842,54
4917,2,11205,3731,7474,0,0,0,1.0,1,1.0,1,1.0,1,0.11074200827087738,53
4918,0,11205,3731,7474,0,0,0,1.0,1,1.0,1,1.0,1,0.11356690126857547,52
4919,1,11206,3732,7474,0,0,0,1.0,1,1.0,1,1.0,1,0.16550114353112383,49
4920,0,11206,3732,7474,0,0,0,1.0,1,1.0,1,1.0,1,0.16550114353112383,49
4921,4,11210,3734,7476,0,0,0,1.0,1,1.0,1,1.0,1,0.20920862162919523,50
4922,1,11211,3734,7477,0,0,0,1.0,1,1.0,1,1.0,1,0.18235812354904948,50
4923,3,11214,3736,7478,0,0,0,1.0,1,1.0,1,1.0,1,0.14005282788602214,52
4924,4,11218,3737,7481,0,0,0,1.0,1,1.0,1,1.0,1,0.17410440042352182,53
4925,6,11224,3738,7486,0,0,0,1.0,1,1.0,1,1.0,1,0.16508996982344615,54
4926,5,11229,3738,7491,0,0,0,1.0,1,1.0,1,1.0,1,0.11203384055161644,54
4927,1,11230,3739,7491,0,0,0,1.0,1,1.0,1,1.0,1,0.12338925233515977,54
4928,0,11230,3739,7491,0,0,0,1.0,1,1.0,1,1.0,1,0.12338925233515977,54
4929,1,11231,3739,7492,0,0,0,1.0,1,1.0,1,1.0,1,0.1246703494903408,55
4930,7,11238,3740,7498,0,0,0,1.0,1,1.0,1,1.0,1,0.12628375368637626,58
4931,1,11239,3740,7499,0,0,0,1.0,1,1.0,1,1.0,1,0.11606311081887076,58
4932,0,11239,3740,7499,0,0,0,1.0,1,1.0,1,1.0,1,0.11855535636468971,59
4933,0,11239,3740,7499,0,0,0,1.0,1,1.0,1,1.0,1,0.11855535636468971,59
4934,0,11239,3740,7499,0,0,0,1.0,1,1.0,1,1.0,1,0.11855535636468971,59
4935,1,11240,3740,7500,0,0,0,1.0,1,1.0,1,1.0,1,0.10916569997379647,59
4936,3,11243,3741,7502,0,0,0,1.0,1,1.0,1,1.0,1,0.1212803498605378,59
4937,3,11246,3741,7505,0,0,0,1.0,1,1.0,1,1.0,1,0.11203526322116773,61
4938,1,11247,3741,7506,0,0,0,1.0,1,1.0,1,1.0,1,0.11282867833045916,62
4939,3,11250,3742,7508,0,0,0,1.0,1,1.0,1,1.0,1,0.10541190357054578,63
4940,3,11253,3742,7511,0,0,0,1.0,1,1.0,1,1.0,1,0.12112864780906492,65
4941,1,11254,3742,7512,0,0,0,1.0,1,1.0,1,1.0,1,0.11013655838241085,65
4942,6,11260,3745,7515,0,0,0,1.0,1,1.0,1,1.0,1,0.13832037449430545,67
4943,2,11262,3745,7517,0,0,0,1.0,1,1.0,1,1.0,1,0.138003903213154,66
4944,6,11268,3748,7520,0,0,0,1.0,1,1.0,1,1.0,1,0.14704679551373148,63
4945,2,11270,3749,7521,0,0,0,1.0,1,1.0,1,1.0,1,0.12273055077576635,61
4946,6,11276,3751,7525,0,0,0,1.0,1,1.0,1,1.0,1,0.13647012847926313,60
4947,2,11278,3751,7527,0,0,0,1.0,1,1.0,1,1.0,1,0.07679997249716677,58
4948,2,11280,3752,7528,0,0,0,1.0,1,1.0,1,1.0,1,0.09941585872660459,57
4949,4,11284,3754,7530,0,0,0,1.0,1,1.0,1,1.0,1,0.09733063171950858,56
4950,1,11285,3754,7531,0,0,0,1.0,1,1.0,1,1.0,1,0.10200823226779457,57
4951,6,11291,3756,7535,0,0,0,1.0,1,1.0,1,1.0,1,0.09117528104786717,55
4952,4,11295,3760,7535,0,0,0,1.0,1,1.0,1,1.0,1,0.1578432683946881,55
4953,3,11298,3761,7537,0,0,0,1.0,1,1.0,1,1.0,1,0.10478439959740687,54
4954,1,11299,3762,7537,0,0,0,1.0,1,1.0,1,1.0,1,0.11558519462644824,54
4955,0,11299,3762,7537,0,0,0,1.0,1,1.0,1,1.0,1,0.0925862153022208,52
4956,3,11302,3762,7540,0,0,0,1.0,1,1.0,1,1.0,1,0.07455005031196546,52
4957,1,11303,3762,7541,0,0,0,1.0,1,1.0,1,1.0,1,0.04890444438368108,53
4958,1,11304,3763,7541,0,0,0,1.0,1,1.0,1,1.0,1,0.044911056941098954,52
4959,1,11305,3764,7541,0,0,0,1.0,1,1.0,1,1.0,1,0.07494231306852962,51
4960,0,11305,3764,7541,0,0,0,1.0,1,1.0,1,1.0,1,0.07492742555888579,53
4961,0,11305,3764,7541,0,0,0,1.0,1,1.0,1,1.0,1,0.07492742555888579,53
4962,1,11306,3764,7542,0,0,0,1.0,1,1.0,1,1.0,1,0.06958953542161128,55
4963,0,11306,3764,7542,0,0,0,1.0,1,1.0,1,1.0,1,0.06793729391475148,54
4964,2,11308,3766,7542,0,0,0,1.0,1,1.0,1,1.0,1,0.0752976853465864,54
4965,0,11308,3766,7542,0,0,0,1.0,1,1.0,1,1.0,1,0.0752976853465864,54
4966,1,11309,3767,7542,0,0,0,1.0,1,1.0,1,1.0,1,0.06169444074272578,54
4967,3,11312,3770,7542,0,0,0,1.0,1,1.0,1,1.0,1,0.15099321114056036,55
4968,6,11318,3773,7545,0,0,0,1.0,1,1.0,1,1.0,1,0.1314152392666173,55
4969,4,11322,3774,7548,0,0,0,1.0,1,1.0,1,1.0,1,0.1323626243425345,57
4970,4,11326,3774,7552,0,0,0,1.0,1,1.0,1,1.0,1,0.14973093408183458,56
4971,4,11330,3775,7555,0,0,0,1.0,1,1.0,1,1.0,1,0.14092685319913711,57
4972,0,11330,3775,7555,0,0,0,1.0,1,1.0,1,1.0,1,0.16524367830080608,57
4973,3,11333,3775,7558,0,0,0,1.0,1,1.0,1,1.0,1,0.15139784837893328,60
4974,2,11335,3775,7560,0,0,0,1.0,1,1.0,1,1.0,1,0.1599670534245441,58
4975,1,11336,3775,7561,0,0,0,1.0,1,1.0,1,1.0,1,0.15870940928449387,59
4976,5,11341,3776,7565,0,0,0,1.0,1,1.0,1,1.0,1,0.1125082521780692,59
4977,3,11344,3779,7565,0,0,0,1.0,1,1.0,1,1.0,1,0.13495001868662204,59
4978,1,11345,3780,7565,0,0,0,1.0,1,1.0,1,1.0,1,0.13444134146732603,59
4979,1,11346,3780,7566,0,0,0,1.0,1,1.0,1,1.0,1,0.13364777742058606,61
4980,2,11348,3782,7566,0,0,0,1.0,1,1.0,1,1.0,1,0.16485049063263027,62
4981,7,11355,3783,7572,0,0,0,1.0,1,1.0,1,1.0,1,0.13003534995100224,62
4982,5,11360,3784,7576,0,0,0,1.0,1,1.0,1,1.0,1,0.11298210511976071,63
4983,2,11362,3784,7578,0,0,0,1.0,1,1.0,1,1.0,1,0.1279863632991468,63
4984,2,11364,3786,7578,0,0,0,1.0,1,1.0,1,1.0,1,0.15407409519767715,61
4985,2,11366,3786,7580,0,0,0,1.0,1,1.0,1,1.0,1,0.1170741359118197,59
4986,5,11371,3787,7584,0,0,0,1.0,1,1.0,1,1.0,1,0.09012777193839558,62
4987,1,11372,3787,7585,0,0,0,1.0,1,1.0,1,1.0,1,0.10231735140961969,60
4988,0,11372,3787,7585,0,0,0,1.0,1,1.0,1,1.0,1,0.11631262433175714,59
4989,1,11373,3788,7585,0,0,0,1.0,1,1.0,1,1.0,1,0.12859138224143177,57
4990,0,11373,3788,7585,0,0,0,1.0,1,1.0,1,1.0,1,0.17697607713894148,55
4991,10,11383,3792,7591,0,0,0,1.0,1,1.0,1,1.0,1,0.08434872474662711,54
4992,3,11386,3792,7594,0,0,0,1.0,1,1.0,1,1.0,1,0.08508311718622297,52
4993,1,11387,3792,7595,0,0,0,1.0,1,1.0,1,1.0,1,0.0833143644814413,51
4994,2,11389,3794,7595,0,0,0,1.0,1,1.0,1,1.0,1,0.15965874991418513,49
4995,5,11394,3796,7598,0,0,0,1.0,1,1.0,1,1.0,1,0.15865883331513816,48
4996,4,11398,3798,7600,0,0,0,1.0,1,1.0,1,1.0,1,0.1270639944175573,48
4997,1,11399,3799,7600,0,0,0,1.0,1,1.0,1,1.0,1,0.13432195910126213,46
4998,3,11402,3800,7602,0,0,0,1.0,1,1.0,1,1.0,1,0.14662715533560713,48
4999,4,11406,3802,7604,0,0,0,1.0,1,1.0,1,1.0,1,0.17712046184021876,48
5000,0,11406,3802,7604,0,0,0,1.0,1,1.0,1,1.0,1,0.15957275162835446,47
5001,7,11413,3803,7610,0,0,0,1.0,1,1.0,1,1.0,1,0.10760666880056004,45
5002,3,11416,3804,7612,0,0,0,1.0,1,1.0,1,1.0,1,0.1260371468457494,46
5003,4,11420,3804,7616,0,0,0,1.0,1,1.0,1,1.0,1,0.12543907526723777,46
5004,2,11422,3804,7618,0,0,0,1.0,1,1.0,1,1.0,1,0.1136198638421271,46
5005,0,11422,3804,7618,0,0,0,1.0,1,1.0,1,1.0,1,0.14154633933532054,45
5006,0,11422,3804,7618,0,0,0,1.0,1,1.0,1,1.0,1,0.1604484743435843,45
5007,2,11424,3804,7620,0,0,0,1.0,1,1.0,1,1.0,1,0.13893559600365918,46
5008,1,11425,3805,7620,0,0,0,1.0,1,1.0,1,1.0,1,0.15861589800588083,49
5009,0,11425,3805,7620,0,0,0,1.0,1,1.0,1,1.0,1,0.15158907249643558,49
5010,1,11426,3805,7621,0,0,0,1.0,1,1.0,1,1.0,1,0.15280079317374012,50
5011,1,11427,3805,7622,0,0,0,1.0,1,1.0,1,1.0,1,0.14727026365538187,51
5012,0,11427,3805,7622,0,0,0,1.0,1,1.0,1,1.0,1,0.15682264525721246,52
5013,0,11427,3805,7622,0,0,0,1.0,1,1.0,1,1.0,1,0.15682264525721246,52
5014,0,11427,3805,7622,0,0,0,1.0,1,1.0,1,1.0,1,0.16126746613367327,53
5015,5,11432,3806,7626,0,0,0,1.0,1,1.0,1,1.0,1,0.15071601167183474,54
5016,1,11433,3806,7627,0,0,0,1.0,1,1.0,1,1.0,1,0.15135311728812384,55
5017,2,11435,3807,7628,0,0,0,1.0,1,1.0,1,1.0,1,0.15156764484302526,55
5018,1,11436,3807,7629,0,0,0,1.0,1,1.0,1,1.0,1,0.15618449815157653,56
5019,2,11438,3808,7630,0,0,0,1.0,1,1.0,1,1.0,1,0.1662975745537198,56
5020,0,11438,3808,7630,0,0,0,1.0,1,1.0,1,1.0,1,0.1763493756473273,55
5021,3,11441,3808,7633,0,0,0,1.0,1,1.0,1,1.0,1,0.11740689022739084,56
5022,2,11443,3810,7633,0,0,0,1.0,1,1.0,1,1.0,1,0.15041950811873356,56
5023,1,11444,3811,7633,0,0,0,1.0,1,1.0,1,1.0,1,0.14938770166070653,55
5024,4,11448,3815,7633,0,0,0,1.0,1,1.0,1,1.0,1,0.23101134026736764,55
5025,4,11452,3817,7635,0,0,0,1.0,1,1.0,1,1.0,1,0.1835893935162406,53
5026,6,11458,3819,7639,0,0,0,1.0,1,1.0,1,1.0,1,0.1303035875260267,52
5027,1,11459,3820,7639,0,0,0,1.0,1,1.0,1,1.0,1,0.16487009477347864,51
5028,2,11461,3821,7640,0,0,0,1.0,1,1.0,1,1.0,1,0.15089492548086786,51
5029,3,11464,3823,7641,0,0,0,1.0,1,1.0,1,1.0,1,0.17703294966813002,50
5030,2,11466,3825,7641,0,0,0,1.0,1,1.0,1,1.0,1,0.14348738160305513,49
5031,3,11469,3826,7643,0,0,0,1.0,1,1.0,1,1.0,1,0.1082670752592267,49
5032,2,11471,3828,7643,0,0,0,1.0,1,1.0,1,1.0,1,0.1380273004438483,48
5033,6,11477,3831,7646,0,0,0,1.0,1,1.0,1,1.0,1,0.14937749480504867,50
5034,1,11478,3831,7647,0,0,0,1.0,1,1.0,1,1.0,1,0.1250638259603293,49
5035,4,11482,3833,7649,0,0,0,1.0,1,1.0,1,1.0,1,0.14132761074529263,49
5036,3,11485,3833,7652,0,0,0,1.0,1,1.0,1,1.0,1,0.06275116371735018,47
5037,0,11485,3833,7652,0,0,0,1.0,1,1.0,1,1.0,1,0.09422955246813355,47
5038,0,11485,3833,7652,0,0,0,1.0,1,1.0,1,1.0,1,0.1234921127385503,47
5039,1,11486,3833,7653,0,0,0,1.0,1,1.0,1,1.0,1,0.09684000074817965,48
5040,0,11486,3833,7653,0,0,0,1.0,1,1.0,1,1.0,1,0.09684000074817965,48
5041,1,11487,3833,7654,0,0,0,1.0,1,1.0,1,1.0,1,0.08528664645759983,48
5042,0,11487,3833,7654,0,0,0,1.0,1,1.0,1,1.0,1,0.06450492583366572,50
5043,0,11487,3833,7654,0,0,0,1.0,1,1.0,1,1.0,1,0.0742815128911331,51
5044,0,11487,3833,7654,0,0,0,1.0,1,1.0,1,1.0,1,0.0742815128911331,51
5045,0,11487,3833,7654,0,0,0,1.0,1,1.0,1,1.0,1,0.07531824274651709,52
5046,2,11489,3834,7655,0,0,0,1.0,1,1.0,1,1.0,1,0.08865853312180401,51
5047,1,11490,3835,7655,0,0,0,1.0,1,1.0,1,1.0,1,0.08629908457708294,51
5048,2,11492,3836,7656,0,0,0,1.0,1,1.0,1,1.0,1,0.0626386637114772,52
5049,0,11492,3836,7656,0,0,0,1.0,1,1.0,1,1.0,1,0.08849692077285749,54
5050,5,11497,3836,7661,0,0,0,1.0,1,1.0,1,1.0,1,0.12094566620655162,56
5051,2,11499,3836,7663,0,0,0,1.0,1,1.0,1,1.0,1,0.11367615451526815,55
5052,0,11499,3836,7663,0,0,0,1.0,1,1.0,1,1.0,1,0.11367615451526815,55
5053,1,11500,3837,7663,0,0,0,1.0,1,1.0,1,1.0,1,0.13559055161827954,55
5054,2,11502,3838,7664,0,0,0,1.0,1,1.0,1,1.0,1,0.13877823483969245,55
5055,1,11503,3838,7665,0,0,0,1.0,1,1.0,1,1.0,1,0.1354292125876702,55
5056,2,11505,3838,7667,0,0,0,1.0,1,1.0,1,1.0,1,0.1323931951065992,56
5057,1,11506,3838,7668,0,0,0,1.0,1,1.0,1,1.0,1,0.11677132244052182,58
5058,4,11510,3839,7671,0,0,0,1.0,1,1.0,1,1.0,1,0.10251378966445954,59
5059,1,11511,3839,7672,0,0,0,1.0,1,1.0,1,1.0,1,0.09480979484669756,59
5060,1,11512,3839,7673,0,0,0,1.0,1,1.0,1,1.0,1,0.09613037184386855,59
5061,5,11517,3839,7678,0,0,0,1.0,1,1.0,1,1.0,1,0.07962152186316965,59
5062,2,11519,3841,7678,0,0,0,1.0,1,1.0,1,1.0,1,0.0994714322472296,59
5063,3,11522,3843,7679,0,0,0,1.0,1,1.0,1,1.0,1,0.11564204941655035,59
5064,6,11528,3848,7680,0,0,0,1.0,1,1.0,1,1.0,1,0.1631879899422048,57
5065,4,11532,3849,7683,0,0,0,1.0,1,1.0,1,1.0,1,0.1862666369026728,55
5066,7,11539,3851,7688,0,0,0,1.0,1,1.0,1,1.0,1,0.1246252424418178,55
5067,3,11542,3851,7691,0,0,0,1.0,1,1.0,1,1.0,1,0.1030572984333912,54
5068,1,11543,3851,7692,0,0,0,1.0,1,1.0,1,1.0,1,0.09997068267050978,54
5069,1,11544,3852,7692,0,0,0,1.0,1,1.0,1,1.0,1,0.10636261275086499,54
5070,1,11545,3853,7692,0,0,0,1.0,1,1.0,1,1.0,1,0.1321616097244452,52
5071,5,11550,3854,7696,0,0,0,1.0,1,1.0,1,1.0,1,0.0805170148051788,54
5072,0,11550,3854,7696,0,0,0,1.0,1,1.0,1,1.0,1,0.09907394062814141,52
5073,0,11550,3854,7696,0,0,0,1.0,1,1.0,1,1.0,1,0.11402235688285625,51
5074,5,11555,3855,7700,0,0,0,1.0,1,1.0,1,1.0,1,0.13541365318906237,52
5075,0,11555,3855,7700,0,0,0,1.0,1,1.0,1,1.0,1,0.13059028182080432,53
5076,3,11558,3855,7703,0,0,0,1.0,1,1.0,1,1.0,1,0.08100381179253986,53
5077,1,11559,3856,7703,0,0,0,1.0,1,1.0,1,1.0,1,0.11212144443141744,56
5078,2,11561,3856,7705,0,0,0,1.0,1,1.0,1,1.0,1,0.0728719238932623,55
5079,0,11561,3856,7705,0,0,0,1.0,1,1.0,1,1.0,1,0.08139671956729479,56
5080,0,11561,3856,7705,0,0,0,1.0,1,1.0,1,1.0,1,0.08680255969047995,57
5081,2,11563,3856,7707,0,0,0,1.0,1,1.0,1,1.0,1,0.07399298563540177,58
5082,0,11563,3856,7707,0,0,0,1.0,1,1.0,1,1.0,1,0.07399298563540177,58
5083,0,11563,3856,7707,0,0,0,1.0,1,1.0,1,1.0,1,0.07553510527497923,59
5084,1,11564,3857,7707,0,0,0,1.0,1,1.0,1,1.0,1,0.07974565885080777,59
5085,3,11567,3859,7708,0,0,0,1.0,1,1.0,1,1.0,1,0.08808686053409,60
5086,2,11569,3859,7710,0,0,0,1.0,1,1.0,1,1.0,1,0.08434326809410092,61
5087,6,11575,3862,7713,0,0,0,1.0,1,1.0,1,1.0,1,0.091703359676386,62
5088,4,11579,3864,7715,0,0,0,1.0,1,1.0,1,1.0,1,0.10460391800134797,64
5089,3,11582,3866,7716,0,0,0,1.0,1,1.0,1,1.0,1,0.12006159927351473,64
5090,1,11583,3866,7717,0,0,0,1.0,1,1.0,1,1.0,1,0.11918805877570508,64
5091,8,11591,3869,7722,0,0,0,1.0,1,1.0,1,1.0,1,0.09424350093240486,64
5092,3,11594,3871,7723,0,0,0,1.0,1,1.0,1,1.0,1,0.128006046411788,64
5093,0,11594,3871,7723,0,0,0,1.0,1,1.0,1,1.0,1,0.128006046411788,64
5094,1,11595,3872,7723,0,0,0,1.0,1,1.0,1,1.0,1,0.12357717411735016,65
5095,5,11600,3873,7727,0,0,0,1.0,1,1.0,1,1.0,1,0.13437601750004952,66
5096,5,11605,3874,7731,0,0,0,1.0,1,1.0,1,1.0,1,0.11327247491612749,66
5097,2,11607,3875,7732,0,0,0,1.0,1,1.0,1,1.0,1,0.10543697016621975,67
5098,0,11607,3875,7732,0,0,0,1.0,1,1.0,1,1.0,1,0.10543697016621975,67
5099,4,11611,3876,7735,0,0,0,1.0,1,1.0,1,1.0,1,0.1316554708466929,70
5100,7,11618,3877,7741,0,0,0,1.0,1,1.0,1,1.0,1,0.11179408089894638,71
5101,7,11625,3878,7747,0,0,0,1.0,1,1.0,1,1.0,1,0.0793028960706837,72
5102,6,11631,3881,7750,0,0,0,1.0,1,1.0,1,1.0,1,0.08939111698526994,72
5103,4,11635,3883,7752,0,0,0,1.0,1,1.0,1,1.0,1,0.10006647331720582,70
5104,4,11639,3885,7754,0,0,0,1.0,1,1.0,1,1.0,1,0.09903199736020939,67
5105,3,11642,3886,7756,0,0,0,1.0,1,1.0,1,1.0,1,0.09944797329397355,66
5106,2,11644,3887,7757,0,0,0,1.0,1,1.0,1,1.0,1,0.1109129213843142,64
5107,3,11647,3889,7758,0,0,0,1.0,1,1.0,1,1.0,1,0.08723591244273958,61
5108,3,11650,3891,7759,0,0,0,1.0,1,1.0,1,1.0,1,0.09664903137556279,57
5109,6,11656,3895,7761,0,0,0,1.0,1,1.0,1,1.0,1,0.12260622417052507,55
5110,3,11659,3898,7761,0,0,0,1.0,1,1.0,1,1.0,1,0.1389130159171957,53
5111,6,11665,3900,7765,0,0,0,1.0,1,1.0,1,1.0,1,0.14193171713088343,52
5112,3,11668,3903,7765,0,0,0,1.0,1,1.0,1,1.0,1,0.13651436736282635,52
5113,3,11671,3904,7767,0,0,0,1.0,1,1.0,1,1.0,1,0.17931113003317015,49
5114,2,11673,3905,7768,0,0,0,1.0,1,1.0,1,1.0,1,0.15392731535787132,49
5115,0,11673,3905,7768,0,0,0,1.0,1,1.0,1,1.0,1,0.1475806796600148,48
5116,4,11677,3906,7771,0,0,0,1.0,1,1.0,1,1.0,1,0.12555398494889627,47
5117,2,11679,3906,7773,0,0,0,1.0,1,1.0,1,1.0,1,0.12290857046454887,48
5118,0,11679,3906,7773,0,0,0,1.0,1,1.0,1,1.0,1,0.10137341938842799,49
5119,2,11681,3908,7773,0,0,0,1.0,1,1.0,1,1.0,1,0.09940246914198578,49
5120,2,11683,3909,7774,0,0,0,1.0,1,1.0,1,1.0,1,0.12551701652218836,48
5121,3,11686,3911,7775,0,0,0,1.0,1,1.0,1,1.0,1,0.14603394187902508,48
5122,2,11688,3912,7776,0,0,0,1.0,1,1.0,1,1.0,1,0.1400058639425285,46
5123,0,11688,3912,7776,0,0,0,1.0,1,1.0,1,1.0,1,0.1400058639425285,46
5124,0,11688,3912,7776,0,0,0,1.0,1,1.0,1,1.0,1,0.13641940311832365,47
5125,4,11692,3913,7779,0,0,0,1.0,1,1.0,1,1.0,1,0.12703940234901984,49
5126,2,11694,3913,7781,0,0,0,1.0,1,1.0,1,1.0,1,0.10314341502528368,49
5127,1,11695,3914,7781,0,0,0,1.0,1,1.0,1,1.0,1,0.11061991609079898,51
5128,2,11697,3915,7782,0,0,0,1.0,1,1.0,1,1.0,1,0.1489222341825086,53
5129,5,11702,3917,7785,0,0,0,1.0,1,1.0,1,1.0,1,0.1385837245987415,55
5130,2,11704,3917,7787,0,0,0,1.0,1,1.0,1,1.0,1,0.13337844538853694,55
5131,1,11705,3917,7788,0,0,0,1.0,1,1.0,1,1.0,1,0.10996304443985987,55
5132,0,11705,3917,7788,0,0,0,1.0,1,1.0,1,1.0,1,0.10996304443985987,55
5133,0,11705,3917,7788,0,0,0,1.0,1,1.0,1,1.0,1,0.11987670219040544,56
5134,1,11706,3917,7789,0,0,0,1.0,1,1.0,1,1.0,1,0.1350492334410561,56
5135,1,11707,3918,7789,0,0,0,1.0,1,1.0,1,1.0,1,0.14077036971336135,56
5136,2,11709,3918,7791,0,0,0,1.0,1,1.0,1,1.0,1,0.11032995517583075,55
5137,1,11710,3919,7791,0,0,0,1.0,1,1.0,1,1.0,1,0.13455470438180564,55
5138,1,11711,3919,7792,0,0,0,1.0,1,1.0,1,1.0,1,0.13378960371632406,54
5139,3,11714,3921,7793,0,0,0,1.0,1,1.0,1,1.0,1,0.13956638015554487,54
5140,1,11715,3922,7793,0,0,0,1.0,1,1.0,1,1.0,1,0.14553452346752258,54
5141,6,11721,3925,7796,0,0,0,1.0,1,1.0,1,1.0,1,0.17025618870316137,53
5142,10,11731,3928,7803,0,0,0,1.0,1,1.0,1,1.0,1,0.1350958607931059,55
5143,5,11736,3931,7805,0,0,0,1.0,1,1.0,1,1.0,1,0.16110306224561063,54
5144,7,11743,3933,7810,0,0,0,1.0,1,1.0,1,1.0,1,0.11181795112638321,50
5145,4,11747,3934,7813,0,0,0,1.0,1,1.0,1,1.0,1,0.08599657950642219,51
5146,4,11751,3934,7817,0,0,0,1.0,1,1.0,1,1.0,1,0.08270838582847607,48
5147,2,11753,3935,7818,0,0,0,1.0,1,1.0,1,1.0,1,0.1302838508731124,49
5148,2,11755,3936,7819,0,0,0,1.0,1,1.0,1,1.0,1,0.09043065084039033,47
5149,2,11757,3938,7819,0,0,0,1.0,1,1.0,1,1.0,1,0.15187125511489363,46
5150,4,11761,3940,7821,0,0,0,1.0,1,1.0,1,1.0,1,0.17596542964348247,46
5151,5,11766,3941,7825,0,0,0,1.0,1,1.0,1,1.0,1,0.126260798253904,45
5152,4,11770,3945,7825,0,0,0,1.0,1,1.0,1,1.0,1,0.14761452590083435,45
5153,2,11772,3945,7827,0,0,0,1.0,1,1.0,1,1.0,1,0.13486466242721504,45
5154,5,11777,3946,7831,0,0,0,1.0,1,1.0,1,1.0,1,0.14083215968296436,45
5155,3,11780,3948,7832,0,0,0,1.0,1,1.0,1,1.0,1,0.19560673793011704,44
5156,5,11785,3949,7836,0,0,0,1.0,1,1.0,1,1.0,1,0.12008218886637698,44
5157,0,11785,3949,7836,0,0,0,1.0,1,1.0,1,1.0,1,0.12866051012671864,42
5158,2,11787,3950,7837,0,0,0,1.0,1,1.0,1,1.0,1,0.12028579550178999,43
5159,1,11788,3950,7838,0,0,0,1.0,1,1.0,1,1.0,1,0.1264719143785482,43
5160,0,11788,3950,7838,0,0,0,1.0,1,1.0,1,1.0,1,0.1264719143785482,43
5161,0,11788,3950,7838,0,0,0,1.0,1,1.0,1,1.0,1,0.1264719143785482,43
5162,0,11788,3950,7838,0,0,0,1.0,1,1.0,1,1.0,1,0.11437870593689689,44
5163,3,11791,3950,7841,0,0,0,1.0,1,1.0,1,1.0,1,0.0950523708046363,46
5164,1,11792,3951,7841,0,0,0,1.0,1,1.0,1,1.0,1,0.09092827673140937,46
5165,1,11793,3952,7841,0,0,0,1.0,1,1.0,1,1.0,1,0.11026816290808897,46
5166,4,11797,3954,7843,0,0,0,1.0,1,1.0,1,1.0,1,0.12167416320704767,47
5167,1,11798,3954,7844,0,0,0,1.0,1,1.0,1,1.0,1,0.11777690883762729,47
5168,3,11801,3955,7846,0,0,0,1.0,1,1.0,1,1.0,1,0.14963931883853435,47
5169,2,11803,3956,7847,0,0,0,1.0,1,1.0,1,1.0,1,0.16954972086812925,47
5170,1,11804,3957,7847,0,0,0,1.0,1,1.0,1,1.0,1,0.15826877992483274,48
5171,6,11810,3958,7852,0,0,0,1.0,1,1.0,1,1.0,1,0.09455166092254108,48
5172,0,11810,3958,7852,0,0,0,1.0,1,1.0,1,1.0,1,0.09650331821318646,49
5173,3,11813,3958,7855,0,0,0,1.0,1,1.0,1,1.0,1,0.09346671006784113,49
5174,2,11815,3958,7857,0,0,0,1.0,1,1.0,1,1.0,1,0.08100053914256349,52
5175,1,11816,3958,7858,0,0,0,1.0,1,1.0,1,1.0,1,0.06936913836986189,53
5176,0,11816,3958,7858,0,0,0,1.0,1,1.0,1,1.0,1,0.08270224971484565,54
5177,2,11818,3960,7858,0,0,0,1.0,1,1.0,1,1.0,1,0.1234949127284557,54
5178,8,11826,3964,7862,0,0,0,1.0,1,1.0,1,1.0,1,0.15861414623218043,55
5179,2,11828,3964,7864,0,0,0,1.0,1,1.0,1,1.0,1,0.14553019967429445,53
5180,3,11831,3965,7866,0,0,0,1.0,1,1.0,1,1.0,1,0.14799438431252462,52
5181,5,11836,3966,7870,0,0,0,1.0,1,1.0,1,1.0,1,0.08640990621567986,52
5182,2,11838,3968,7870,0,0,0,1.0,1,1.0,1,1.0,1,0.07058738818139533,52
5183,4,11842,3972,7870,0,0,0,1.0,1,1.0,1,1.0,1,0.12370493255170058,52
5184,0,11842,3972,7870,0,0,0,1.0,1,1.0,1,1.0,1,0.12390189581883265,52
5185,2,11844,3973,7871,0,0,0,1.0,1,1.0,1,1.0,1,0.15320698298082036,50
5186,4,11848,3974,7874,0,0,0,1.0,1,1.0,1,1.0,1,0.13220544984570154,48
5187,0,11848,3974,7874,0,0,0,1.0,1,1.0,1,1.0,1,0.12753464305270307,46
5188,0,11848,3974,7874,0,0,0,1.0,1,1.0,1,1.0,1,0.12597423641801486,44
5189,0,11848,3974,7874,0,0,0,1.0,1,1.0,1,1.0,1,0.10955926629544735,44
5190,1,11849,3975,7874,0,0,0,1.0,1,1.0,1,1.0,1,0.14895704203191762,45
5191,1,11850,3975,7875,0,0,0,1.0,1,1.0,1,1.0,1,0.1347015392749094,45
5192,2,11852,3976,7876,0,0,0,1.0,1,1.0,1,1.0,1,0.14149089053003178,45
5193,1,11853,3976,7877,0,0,0,1.0,1,1.0,1,1.0,1,0.12804299605590624,45
5194,0,11853,3976,7877,0,0,0,1.0,1,1.0,1,1.0,1,0.13605680841408688,45
5195,2,11855,3976,7879,0,0,0,1.0,1,1.0,1,1.0,1,0.10143653973557532,46
5196,0,11855,3976,7879,0,0,0,1.0,1,1.0,1,1.0,1,0.10143653973557532,46
5197,1,11856,3977,7879,0,0,0,1.0,1,1.0,1,1.0,1,0.12354423550164774,46
5198,1,11857,3977,7880,0,0,0,1.0,1,1.0,1,1.0,1,0.09295210052998065,47
5199,2,11859,3979,7880,0,0,0,1.0,1,1.0,1,1.0,1,0.15324535502241826,49
5200,1,11860,3979,7881,0,0,0,1.0,1,1.0,1,1.0,1,0.13930232850882926,49
5201,4,11864,3981,7883,0,0,0,1.0,1,1.0,1,1.0,1,0.12105818484308267,50
5202,0,11864,3981,7883,0,0,0,1.0,1,1.0,1,1.0,1,0.1150603897830877,52
5203,0,11864,3981,7883,0,0,0,1.0,1,1.0,1,1.0,1,0.1150603897830877,52
5204,0,11864,3981,7883,0,0,0,1.0,1,1.0,1,1.0,1,0.11408434212080726,54
5205,0,11864,3981,7883,0,0,0,1.0,1,1.0,1,1.0,1,0.11408434212080726,54
5206,4,11868,3981,7887,0,0,0,1.0,1,1.0,1,1.0,1,0.09085040160645713,55
5207,0,11868,3981,7887,0,0,0,1.0,1,1.0,1,1.0,1,0.09727436759321052,54
5208,0,11868,3981,7887,0,0,0,1.0,1,1.0,1,1.0,1,0.09727436759321052,54
5209,2,11870,3982,7888,0,0,0,1.0,1,1.0,1,1.0,1,0.09679777860541809,54
5210,0,11870,3982,7888,0,0,0,1.0,1,1.0,1,1.0,1,0.09679777860541809,54
5211,2,11872,3983,7889,0,0,0,1.0,1,1.0,1,1.0,1,0.09141976136596819,56
5212,1,11873,3983,7890,0,0,0,1.0,1,1.0,1,1.0,1,0.07200768265373955,57
5213,3,11876,3986,7890,0,0,0,1.0,1,1.0,1,1.0,1,0.11672422744318163,57
5214,4,11880,3988,7892,0,0,0,1.0,1,1.0,1,1.0,1,0.1653952705180085,58
5215,3,11883,3988,7895,0,0,0,1.0,1,1.0,1,1.0,1,0.17483330111688244,57
5216,3,11886,3988,7898,0,0,0,1.0,1,1.0,1,1.0,1,0.13544581550363752,57
5217,3,11889,3990,7899,0,0,0,1.0,1,1.0,1,1.0,1,0.14266009933133153,56
5218,7,11896,3994,7902,0,0,0,1.0,1,1.0,1,1.0,1,0.16554606129950095,56
5219,4,11900,3994,7906,0,0,0,1.0,1,1.0,1,1.0,1,0.1408663471038794,54
5220,2,11902,3994,7908,0,0,0,1.0,1,1.0,1,1.0,1,0.15739314485276493,53
5221,2,11904,3994,7910,0,0,0,1.0,1,1.0,1,1.0,1,0.14119429242809603,52
5222,0,11904,3994,7910,0,0,0,1.0,1,1.0,1,1.0,1,0.14693894120473008,52
5223,2,11906,3996,7910,0,0,0,1.0,1,1.0,1,1.0,1,0.13364752771662727,52
5224,3,11909,3998,7911,0,0,0,1.0,1,1.0,1,1.0,1,0.13963140025130574,52
5225,2,11911,3998,7913,0,0,0,1.0,1,1.0,1,1.0,1,0.15174988097045283,50
5226,6,11917,4000,7917,0,0,0,1.0,1,1.0,1,1.0,1,0.0977605482934378,51
5227,2,11919,4002,7917,0,0,0,1.0,1,1.0,1,1.0,1,0.09747315151015944,49
5228,0,11919,4002,7917,0,0,0,1.0,1,1.0,1,1.0,1,0.109873313831815,48
5229,0,11919,4002,7917,0,0,0,1.0,1,1.0,1,1.0,1,0.10019241946406204,49
5230,2,11921,4003,7918,0,0,0,1.0,1,1.0,1,1.0,1,0.12405809481316057,49
5231,3,11924,4004,7920,0,0,0,1.0,1,1.0,1,1.0,1,0.12087437187026817,49
5232,2,11926,4005,7921,0,0,0,1.0,1,1.0,1,1.0,1,0.09917742930183701,51
5233,2,11928,4006,7922,0,0,0,1.0,1,1.0,1,1.0,1,0.11583177076936155,51
5234,4,11932,4008,7924,0,0,0,1.0,1,1.0,1,1.0,1,0.13398255475963525,52
5235,2,11934,4008,7926,0,0,0,1.0,1,1.0,1,1.0,1,0.12972934606310993,52
5236,3,11937,4008,7929,0,0,0,1.0,1,1.0,1,1.0,1,0.07093688748652431,52
5237,0,11937,4008,7929,0,0,0,1.0,1,1.0,1,1.0,1,0.08857184660702169,53
5238,0,11937,4008,7929,0,0,0,1.0,1,1.0,1,1.0,1,0.08857184660702169,53
5239,0,11937,4008,7929,0,0,0,1.0,1,1.0,1,1.0,1,0.08857184660702169,53
5240,4,11941,4009,7932,0,0,0,1.0,1,1.0,1,1.0,1,0.09368861915739497,55
5241,4,11945,4009,7936,0,0,0,1.0,1,1.0,1,1.0,1,0.06351810684757546,56
5242,1,11946,4009,7937,0,0,0,1.0,1,1.0,1,1.0,1,0.07796117513902168,54
5243,2,11948,4010,7938,0,0,0,1.0,1,1.0,1,1.0,1,0.07680300602977114,55
5244,5,11953,4014,7939,0,0,0,1.0,1,1.0,1,1.0,1,0.20697079037455632,55
5245,7,11960,4015,7945,0,0,0,1.0,1,1.0,1,1.0,1,0.18881004094186987,55
5246,6,11966,4016,7950,0,0,0,1.0,1,1.0,1,1.0,1,0.16650136592034,55
5247,2,11968,4017,7951,0,0,0,1.0,1,1.0,1,1.0,1,0.14523283935805462,54
5248,4,11972,4017,7955,0,0,0,1.0,1,1.0,1,1.0,1,0.0853387932590643,53
5249,3,11975,4017,7958,0,0,0,1.0,1,1.0,1,1.0,1,0.10942373409193391,55
5250,1,11976,4017,7959,0,0,0,1.0,1,1.0,1,1.0,1,0.07575138128314166,55
5251,1,11977,4017,7960,0,0,0,1.0,1,1.0,1,1.0,1,0.06907268641710057,57
5252,0,11977,4017,7960,0,0,0,1.0,1,1.0,1,1.0,1,0.07350444043822024,58
5253,4,11981,4019,7962,0,0,0,1.0,1,1.0,1,1.0,1,0.09866766359761657,59
5254,2,11983,4020,7963,0,0,0,1.0,1,1.0,1,1.0,1,0.09210330600998677,59
5255,1,11984,4021,7963,0,0,0,1.0,1,1.0,1,1.0,1,0.10696515673750293,58
5256,2,11986,4021,7965,0,0,0,1.0,1,1.0,1,1.0,1,0.07801687668210783,59
5257,2,11988,4023,7965,0,0,0,1.0,1,1.0,1,1.0,1,0.08553839341500184,58
5258,0,11988,4023,7965,0,0,0,1.0,1,1.0,1,1.0,1,0.10347957674405259,56
5259,2,11990,4023,7967,0,0,0,1.0,1,1.0,1,1.0,1,0.101322791730112,56
5260,1,11991,4023,7968,0,0,0,1.0,1,1.0,1,1.0,1,0.10683759064711591,55
5261,1,11992,4023,7969,0,0,0,1.0,1,1.0,1,1.0,1,0.0901645739599098,54
5262,1,11993,4024,7969,0,0,0,1.0,1,1.0,1,1.0,1,0.10133707208104474,54
5263,2,11995,4026,7969,0,0,0,1.0,1,1.0,1,1.0,1,0.15114081879853072,53
5264,1,11996,4026,7970,0,0,0,1.0,1,1.0,1,1.0,1,0.10882302934753334,51
5265,3,11999,4029,7970,0,0,0,1.0,1,1.0,1,1.0,1,0.1365600758507623,50
5266,8,12007,4031,7976,0,0,0,1.0,1,1.0,1,1.0,1,0.082840508648673,49
5267,3,12010,4033,7977,0,0,0,1.0,1,1.0,1,1.0,1,0.1156359780498036,48
5268,5,12015,4036,7979,0,0,0,1.0,1,1.0,1,1.0,1,0.10264221276681165,47
5269,0,12015,4036,7979,0,0,0,1.0,1,1.0,1,1.0,1,0.10853343083266187,45
5270,3,12018,4036,7982,0,0,0,1.0,1,1.0,1,1.0,1,0.11866203049761372,47
5271,2,12020,4036,7984,0,0,0,1.0,1,1.0,1,1.0,1,0.09971201230887038,45
5272,3,12023,4038,7985,0,0,0,1.0,1,1.0,1,1.0,1,0.11822267278460193,46
5273,1,12024,4038,7986,0,0,0,1.0,1,1.0,1,1.0,1,0.1494120825274032,44
5274,1,12025,4039,7986,0,0,0,1.0,1,1.0,1,1.0,1,0.17097036255249287,44
5275,4,12029,4041,7988,0,0,0,1.0,1,1.0,1,1.0,1,0.16361278491528594,46
5276,4,12033,4042,7991,0,0,0,1.0,1,1.0,1,1.0,1,0.12098522114473824,46
5277,2,12035,4043,7992,0,0,0,1.0,1,1.0,1,1.0,1,0.10325233197911263,46
5278,3,12038,4046,7992,0,0,0,1.0,1,1.0,1,1.0,1,0.13623083263464472,46
5279,3,12041,4047,7994,0,0,0,1.0,1,1.0,1,1.0,1,0.1749943482095946,47
5280,3,12044,4048,7996,0,0,0,1.0,1,1.0,1,1.0,1,0.1849595657198129,47
5281,3,12047,4048,7999,0,0,0,1.0,1,1.0,1,1.0,1,0.13710380118097057,48
5282,2,12049,4050,7999,0,0,0,1.0,1,1.0,1,1.0,1,0.16385302790760242,48
5283,1,12050,4050,8000,0,0,0,1.0,1,1.0,1,1.0,1,0.17338129564551347,49
5284,2,12052,4050,8002,0,0,0,1.0,1,1.0,1,1.0,1,0.17337092480046223,49
5285,2,12054,4050,8004,0,0,0,1.0,1,1.0,1,1.0,1,0.13653816486455947,50
5286,1,12055,4050,8005,0,0,0,1.0,1,1.0,1,1.0,1,0.14773131832414763,51
5287,1,12056,4050,8006,0,0,0,1.0,1,1.0,1,1.0,1,0.12707146616471313,51
5288,1,12057,4050,8007,0,0,0,1.0,1,1.0,1,1.0,1,0.1129915884857499,51
5289,1,12058,4050,8008,0,0,0,1.0,1,1.0,1,1.0,1,0.12931261292594376,53
5290,2,12060,4050,8010,0,0,0,1.0,1,1.0,1,1.0,1,0.10547026689100854,53
5291,4,12064,4051,8013,0,0,0,1.0,1,1.0,1,1.0,1,0.07902923293366021,53
5292,4,12068,4053,8015,0,0,0,1.0,1,1.0,1,1.0,1,0.10141746925431014,53
5293,3,12071,4055,8016,0,0,0,1.0,1,1.0,1,1.0,1,0.15271835534559283,53
5294,7,12078,4057,8021,0,0,0,1.0,1,1.0,1,1.0,1,0.15748592505658768,54
5295,6,12084,4059,8025,0,0,0,1.0,1,1.0,1,1.0,1,0.18505455735259618,52
5296,4,12088,4059,8029,0,0,0,1.0,1,1.0,1,1.0,1,0.12657148742847266,49
5297,4,12092,4061,8031,0,0,0,1.0,1,1.0,1,1.0,1,0.13633363766396248,49
5298,0,12092,4061,8031,0,0,0,1.0,1,1.0,1,1.0,1,0.13704370459663093,49
5299,3,12095,4063,8032,0,0,0,1.0,1,1.0,1,1.0,1,0.16403223106407683,50
5300,0,12095,4063,8032,0,0,0,1.0,1,1.0,1,1.0,1,0.176105900949609,48
5301,4,12099,4064,8035,0,0,0,1.0,1,1.0,1,1.0,1,0.17222916034149685,46
5302,3,12102,4065,8037,0,0,0,1.0,1,1.0,1,1.0,1,0.16791045068491103,47
5303,2,12104,4066,8038,0,0,0,1.0,1,1.0,1,1.0,1,0.14783757100409478,46
5304,2,12106,4068,8038,0,0,0,1.0,1,1.0,1,1.0,1,0.18443931497468602,45
5305,0,12106,4068,8038,0,0,0,1.0,1,1.0,1,1.0,1,0.1754652945040105,44
5306,3,12109,4070,8039,0,0,0,1.0,1,1.0,1,1.0,1,0.22013552261694536,42
5307,4,12113,4072,8041,0,0,0,1.0,1,1.0,1,1.0,1,0.20765468214370975,42
5308,2,12115,4073,8042,0,0,0,1.0,1,1.0,1,1.0,1,0.2014389210728671,43
5309,1,12116,4074,8042,0,0,0,1.0,1,1.0,1,1.0,1,0.2118304618124936,41
5310,3,12119,4075,8044,0,0,0,1.0,1,1.0,1,1.0,1,0.23373125163658554,41
5311,2,12121,4075,8046,0,0,0,1.0,1,1.0,1,1.0,1,0.1780558501497107,42
5312,1,12122,4075,8047,0,0,0,1.0,1,1.0,1,1.0,1,0.17687945289960066,43
5313,6,12128,4075,8053,0,0,0,1.0,1,1.0,1,1.0,1,0.13573590852469888,44
5314,1,12129,4075,8054,0,0,0,1.0,1,1.0,1,1.0,1,0.14688924943832102,44
5315,3,12132,4077,8055,0,0,0,1.0,1,1.0,1,1.0,1,0.1697935633963056,45
5316,4,12136,4077,8059,0,0,0,1.0,1,1.0,1,1.0,1,0.14257343783839727,46
5317,6,12142,4079,8063,0,0,0,1.0,1,1.0,1,1.0,1,0.15498914907187253,46
5318,3,12145,4080,8065,0,0,0,1.0,1,1.0,1,1.0,1,0.14310458452523933,46
5319,2,12147,4080,8067,0,0,0,1.0,1,1.0,1,1.0,1,0.18058477719387156,47
5320,6,12153,4081,8072,0,0,0,1.0,1,1.0,1,1.0,1,0.08794512500509033,48
5321,2,12155,4081,8074,0,0,0,1.0,1,1.0,1,1.0,1,0.061600197829850704,49
5322,0,12155,4081,8074,0,0,0,1.0,1,1.0,1,1.0,1,0.061600197829850704,49
5323,0,12155,4081,8074,0,0,0,1.0,1,1.0,1,1.0,1,0.07149694812605936,51
5324,0,12155,4081,8074,0,0,0,1.0,1,1.0,1,1.0,1,0.07579111114299242,53
5325,1,12156,4082,8074,0,0,0,1.0,1,1.0,1,1.0,1,0.07977554828848718,53
5326,1,12157,4083,8074,0,0,0,1.0,1,1.0,1,1.0,1,0.109282016690505,53
5327,1,12158,4083,8075,0,0,0,1.0,1,1.0,1,1.0,1,0.10742775772356589,53
5328,2,12160,4084,8076,0,0,0,1.0,1,1.0,1,1.0,1,0.08519030583815818,54
5329,1,12161,4085,8076,0,0,0,1.0,1,1.0,1,1.0,1,0.12045995068710107,53
5330,2,12163,4087,8076,0,0,0,1.0,1,1.0,1,1.0,1,0.15723628158247976,52
5331,2,12165,4087,8078,0,0,0,1.0,1,1.0,1,1.0,1,0.158352651130284,51
5332,1,12166,4087,8079,0,0,0,1.0,1,1.0,1,1.0,1,0.14527046839879387,52
5333,3,12169,4088,8081,0,0,0,1.0,1,1.0,1,1.0,1,0.15486387700205168,53
5334,4,12173,4089,8084,0,0,0,1.0,1,1.0,1,1.0,1,0.13708566711180667,54
5335,0,12173,4089,8084,0,0,0,1.0,1,1.0,1,1.0,1,0.14489226897008434,55
5336,2,12175,4089,8086,0,0,0,1.0,1,1.0,1,1.0,1,0.10546758958286266,54
5337,1,12176,4089,8087,0,0,0,1.0,1,1.0,1,1.0,1,0.11129070909495176,55
5338,1,12177,4090,8087,0,0,0,1.0,1,1.0,1,1.0,1,0.11671456162288397,55
5339,0,12177,4090,8087,0,0,0,1.0,1,1.0,1,1.0,1,0.11671456162288397,55
5340,0,12177,4090,8087,0,0,0,1.0,1,1.0,1,1.0,1,0.11671456162288397,55
5341,1,12178,4091,8087,0,0,0,1.0,1,1.0,1,1.0,1,0.14942968782904242,54
5342,1,12179,4092,8087,0,0,0,1.0,1,1.0,1,1.0,1,0.16501597243019864,55
5343,4,12183,4094,8089,0,0,0,1.0,1,1.0,1,1.0,1,0.1590475825442542,54
5344,3,12186,4097,8089,0,0,0,1.0,1,1.0,1,1.0,1,0.20114117738716944,55
5345,3,12189,4098,8091,0,0,0,1.0,1,1.0,1,1.0,1,0.14522257321476334,53
5346,3,12192,4099,8093,0,0,0,1.0,1,1.0,1,1.0,1,0.1301857683000764,53
5347,2,12194,4100,8094,0,0,0,1.0,1,1.0,1,1.0,1,0.12539931602849233,51
5348,3,12197,4102,8095,0,0,0,1.0,1,1.0,1,1.0,1,0.11462815066388783,53
5349,2,12199,4104,8095,0,0,0,1.0,1,1.0,1,1.0,1,0.13115045907400608,52
5350,1,12200,4105,8095,0,0,0,1.0,1,1.0,1,1.0,1,0.14628050078153781,50
5351,7,12207,4106,8101,0,0,0,1.0,1,1.0,1,1.0,1,0.1176949172393968,52
5352,1,12208,4107,8101,0,0,0,1.0,1,1.0,1,1.0,1,0.10532039519470035,49
5353,0,12208,4107,8101,0,0,0,1.0,1,1.0,1,1.0,1,0.10532039519470035,49
5354,0,12208,4107,8101,0,0,0,1.0,1,1.0,1,1.0,1,0.09360395423548132,49
5355,0,12208,4107,8101,0,0,0,1.0,1,1.0,1,1.0,1,0.10775549429168531,48
5356,2,12210,4108,8102,0,0,0,1.0,1,1.0,1,1.0,1,0.12935476910896962,49
5357,0,12210,4108,8102,0,0,0,1.0,1,1.0,1,1.0,1,0.15145768560536504,47
5358,2,12212,4109,8103,0,0,0,1.0,1,1.0,1,1.0,1,0.145867051019204,48
5359,2,12214,4109,8105,0,0,0,1.0,1,1.0,1,1.0,1,0.1272584106712509,48
5360,0,12214,4109,8105,0,0,0,1.0,1,1.0,1,1.0,1,0.1272584106712509,48
5361,4,12218,4110,8108,0,0,0,1.0,1,1.0,1,1.0,1,0.10198031990756952,50
5362,2,12220,4110,8110,0,0,0,1.0,1,1.0,1,1.0,1,0.1082703559106961,50
5363,0,12220,4110,8110,0,0,0,1.0,1,1.0,1,1.0,1,0.1082703559106961,50
5364,0,12220,4110,8110,0,0,0,1.0,1,1.0,1,1.0,1,0.10623569591938108,51
5365,2,12222,4110,8112,0,0,0,1.0,1,1.0,1,1.0,1,0.09177090978624666,52
5366,0,12222,4110,8112,0,0,0,1.0,1,1.0,1,1.0,1,0.09177090978624666,52
5367,0,12222,4110,8112,0,0,0,1.0,1,1.0,1,1.0,1,0.09139855837478816,54
5368,2,12224,4111,8113,0,0,0,1.0,1,1.0,1,1.0,1,0.10170782065174229,55
5369,2,12226,4112,8114,0,0,0,1.0,1,1.0,1,1.0,1,0.08384462397982591,53
5370,5,12231,4115,8116,0,0,0,1.0,1,1.0,1,1.0,1,0.14704034371522745,54
5371,4,12235,4118,8117,0,0,0,1.0,1,1.0,1,1.0,1,0.1315599275021718,53
5372,5,12240,4120,8120,0,0,0,1.0,1,1.0,1,1.0,1,0.19542663537000365,53
5373,0,12240,4120,8120,0,0,0,1.0,1,1.0,1,1.0,1,0.18184680600484668,52
5374,3,12243,4123,8120,0,0,0,1.0,1,1.0,1,1.0,1,0.2011417687961801,51
5375,1,12244,4123,8121,0,0,0,1.0,1,1.0,1,1.0,1,0.14897414513422425,52
5376,8,12252,4126,8126,0,0,0,1.0,1,1.0,1,1.0,1,0.14691167542765668,51
5377,3,12255,4126,8129,0,0,0,1.0,1,1.0,1,1.0,1,0.1320117018123949,52
5378,3,12258,4127,8131,0,0,0,1.0,1,1.0,1,1.0,1,0.1472485311023549,50
5379,0,12258,4127,8131,0,0,0,1.0,1,1.0,1,1.0,1,0.1472485311023549,50
5380,0,12258,4127,8131,0,0,0,1.0,1,1.0,1,1.0,1,0.16954508328012116,52
5381,2,12260,4127,8133,0,0,0,1.0,1,1.0,1,1.0,1,0.13273162314782438,52
5382,2,12262,4127,8135,0,0,0,1.0,1,1.0,1,1.0,1,0.13215648565985513,52
5383,0,12262,4127,8135,0,0,0,1.0,1,1.0,1,1.0,1,0.1335586481280993,51
5384,2,12264,4129,8135,0,0,0,1.0,1,1.0,1,1.0,1,0.13639566126938987,52
5385,3,12267,4130,8137,0,0,0,1.0,1,1.0,1,1.0,1,0.14424422046771873,51
5386,6,12273,4131,8142,0,0,0,1.0,1,1.0,1,1.0,1,0.0621346521044572,52
5387,2,12275,4132,8143,0,0,0,1.0,1,1.0,1,1.0,1,0.0756207088195857,53
5388,1,12276,4132,8144,0,0,0,1.0,1,1.0,1,1.0,1,0.04341547862620137,54
5389,2,12278,4132,8146,0,0,0,1.0,1,1.0,1,1.0,1,0.044074961818202744,55
5390,0,12278,4132,8146,0,0,0,1.0,1,1.0,1,1.0,1,0.040788687939406175,56
5391,1,12279,4133,8146,0,0,0,1.0,1,1.0,1,1.0,1,0.03751988015049081,56
5392,4,12283,4136,8147,0,0,0,1.0,1,1.0,1,1.0,1,0.0627879013110918,56
5393,1,12284,4137,8147,0,0,0,1.0,1,1.0,1,1.0,1,0.09803654380856082,54
5394,1,12285,4138,8147,0,0,0,1.0,1,1.0,1,1.0,1,0.11101452271378653,53
5395,3,12288,4140,8148,0,0,0,1.0,1,1.0,1,1.0,1,0.08610288778632295,53
5396,2,12290,4141,8149,0,0,0,1.0,1,1.0,1,1.0,1,0.0685660325583587,54
5397,1,12291,4142,8149,0,0,0,1.0,1,1.0,1,1.0,1,0.07203107042084275,53
5398,2,12293,4143,8150,0,0,0,1.0,1,1.0,1,1.0,1,0.0674624508688919,53
5399,9,12302,4149,8153,0,0,0,1.0,1,1.0,1,1.0,1,0.13178343249705032,55
5400,2,12304,4149,8155,0,0,0,1.0,1,1.0,1,1.0,1,0.12420387250975486,55
5401,9,12313,4152,8161,0,0,0,1.0,1,1.0,1,1.0,1,0.07057282420577964,56
5402,0,12313,4152,8161,0,0,0,1.0,1,1.0,1,1.0,1,0.0,0
