,SuccessfulHandoverCount,TotalSuccessfulHandoverCount,TotalSuccessfulHandoverCountRange,TotalSuccessfulHandoverCountLoadBalancing,TotalSuccessfulHandoverCountOverload,FailedHandoverCount,TotalFailedHandoverCount,AvgQoS,MinQoS,AvgQoS_LoadBased,MinQoS_LoadBased,AvgQoS_RangeBased,MinQoS_RangeBased,GiniLoad,VehicleCount
0,0,0,0,0,0,0,0,1.0,1,1.0,1,1.0,1,0.0,0
1,16,16,0,16,0,0,0,1.0,1,1.0,1,1.0,1,0.29816839317586874,30
2,13,29,0,29,0,0,0,1.0,1,1.0,1,1.0,1,0.31201973957963103,32
3,12,41,0,41,0,0,0,1.0,1,1.0,1,1.0,1,0.2975813495389383,33
4,14,55,0,55,0,0,0,1.0,1,1.0,1,1.0,1,0.24429833430659884,34
5,14,69,0,69,0,0,0,1.0,1,1.0,1,1.0,1,0.23627427373530635,36
6,14,83,0,83,0,0,0,1.0,1,1.0,1,1.0,1,0.18702316783465064,38
7,14,97,0,97,0,0,0,1.0,1,1.0,1,1.0,1,0.22062355819815602,40
8,18,115,0,115,0,0,0,1.0,1,1.0,1,1.0,1,0.21212122313990692,40
9,10,125,0,125,0,0,0,1.0,1,1.0,1,1.0,1,0.2219351887055718,40
10,13,138,0,138,0,0,0,1.0,1,1.0,1,1.0,1,0.1936781615886916,41
11,15,153,0,153,0,0,0,1.0,1,1.0,1,1.0,1,0.1834442563604673,40
12,14,167,0,167,0,0,0,1.0,1,1.0,1,1.0,1,0.18576290961327363,39
13,12,179,1,178,0,0,0,1.0,1,1.0,1,1.0,1,0.23053519215369955,37
14,12,191,1,190,0,0,0,1.0,1,1.0,1,1.0,1,0.26158247048369704,35
15,12,203,1,202,0,0,0,1.0,1,1.0,1,1.0,1,0.17948922364940836,36
16,6,209,1,208,0,0,0,1.0,1,1.0,1,1.0,1,0.2675562889495412,34
17,10,219,1,218,0,0,0,1.0,1,1.0,1,1.0,1,0.2985781606706411,33
18,9,228,1,227,0,0,0,1.0,1,1.0,1,1.0,1,0.2894393432880727,34
19,9,237,2,235,0,0,0,1.0,1,1.0,1,1.0,1,0.28150827437060655,34
20,6,243,2,241,0,0,0,1.0,1,1.0,1,1.0,1,0.2812960192431099,34
21,1,244,2,242,0,0,0,1.0,1,1.0,1,1.0,1,0.2743843834872796,36
22,0,244,2,242,0,0,0,1.0,1,1.0,1,1.0,1,0.30113135492566157,35
23,2,246,3,243,0,0,0,1.0,1,1.0,1,1.0,1,0.3205163410389878,35
24,0,246,3,243,0,0,0,1.0,1,1.0,1,1.0,1,0.27832755499219547,35
25,3,249,5,244,0,0,0,1.0,1,1.0,1,1.0,1,0.291199045267265,35
26,1,250,5,245,0,0,0,1.0,1,1.0,1,1.0,1,0.2595230029878534,36
27,0,250,5,245,0,0,0,1.0,1,1.0,1,1.0,1,0.24917197353196907,34
28,4,254,8,246,0,0,0,1.0,1,1.0,1,1.0,1,0.30213998708897916,35
29,1,255,8,247,0,0,0,1.0,1,1.0,1,1.0,1,0.25777127446762627,33
30,1,256,9,247,0,0,0,1.0,1,1.0,1,1.0,1,0.30313944832359296,33
31,2,258,11,247,0,0,0,1.0,1,1.0,1,1.0,1,0.3696161569356793,33
32,2,260,12,248,0,0,0,1.0,1,1.0,1,1.0,1,0.3876940493755482,32
33,2,262,13,249,0,0,0,1.0,1,1.0,1,1.0,1,0.33072691606929266,33
34,1,263,14,249,0,0,0,1.0,1,1.0,1,1.0,1,0.33081312543294683,33
35,0,263,14,249,0,0,0,1.0,1,1.0,1,1.0,1,0.32248854610919814,35
36,0,263,14,249,0,0,0,1.0,1,1.0,1,1.0,1,0.3401700532119547,36
37,1,264,14,250,0,0,0,1.0,1,1.0,1,1.0,1,0.29550293474057115,37
38,0,264,14,250,0,0,0,1.0,1,1.0,1,1.0,1,0.30149664488205347,36
39,2,266,14,252,0,0,0,1.0,1,1.0,1,1.0,1,0.27695264745480336,38
40,1,267,15,252,0,0,0,1.0,1,1.0,1,1.0,1,0.29935634330859545,40
41,0,267,15,252,0,0,0,1.0,1,1.0,1,1.0,1,0.29935634330859545,40
42,3,270,17,253,0,0,0,1.0,1,1.0,1,1.0,1,0.29996538765752917,40
43,4,274,19,255,0,0,0,1.0,1,1.0,1,1.0,1,0.33901396428447506,43
44,1,275,19,256,0,0,0,1.0,1,1.0,1,1.0,1,0.32973307167019417,43
45,0,275,19,256,0,0,0,1.0,1,1.0,1,1.0,1,0.3177830305465304,44
46,2,277,20,257,0,0,0,1.0,1,1.0,1,1.0,1,0.3192287420163492,44
47,0,277,20,257,0,0,0,1.0,1,1.0,1,1.0,1,0.3192287420163492,44
48,0,277,20,257,0,0,0,1.0,1,1.0,1,1.0,1,0.3192287420163492,44
49,0,277,20,257,0,0,0,1.0,1,1.0,1,1.0,1,0.3135920521804446,41
50,3,280,22,258,0,0,0,1.0,1,1.0,1,1.0,1,0.3162143587127806,40
51,0,280,22,258,0,0,0,1.0,1,1.0,1,1.0,1,0.32053578563945245,38
52,1,281,23,258,0,0,0,1.0,1,1.0,1,1.0,1,0.3508244395092103,37
53,1,282,23,259,0,0,0,1.0,1,1.0,1,1.0,1,0.3530139964465162,38
54,2,284,23,261,0,0,0,1.0,1,1.0,1,1.0,1,0.31913972365842397,38
55,2,286,24,262,0,0,0,1.0,1,1.0,1,1.0,1,0.3153870860160483,38
56,0,286,24,262,0,0,0,1.0,1,1.0,1,1.0,1,0.34333172684815594,38
57,1,287,25,262,0,0,0,1.0,1,1.0,1,1.0,1,0.3269515212379693,38
58,3,290,28,262,0,0,0,1.0,1,1.0,1,1.0,1,0.3864479412693458,38
59,2,292,28,264,0,0,0,1.0,1,1.0,1,1.0,1,0.354909393852639,40
60,2,294,29,265,0,0,0,1.0,1,1.0,1,1.0,1,0.32749945668235575,40
61,1,295,29,266,0,0,0,1.0,1,1.0,1,1.0,1,0.3057507827968412,40
62,2,297,30,267,0,0,0,1.0,1,1.0,1,1.0,1,0.3078263062091329,42
63,2,299,31,268,0,0,0,1.0,1,1.0,1,1.0,1,0.3017712149758513,40
64,0,299,31,268,0,0,0,1.0,1,1.0,1,1.0,1,0.292616487171509,41
65,1,300,32,268,0,0,0,1.0,1,1.0,1,1.0,1,0.3159030353538139,41
66,2,302,33,269,0,0,0,1.0,1,1.0,1,1.0,1,0.32973856099849363,41
67,1,303,33,270,0,0,0,1.0,1,1.0,1,1.0,1,0.2949870701144565,41
68,1,304,34,270,0,0,0,1.0,1,1.0,1,1.0,1,0.30332458222462405,41
69,3,307,35,272,0,0,0,1.0,1,1.0,1,1.0,1,0.26350270376356727,41
70,0,307,35,272,0,0,0,1.0,1,1.0,1,1.0,1,0.2785125907892469,42
71,1,308,36,272,0,0,0,1.0,1,1.0,1,1.0,1,0.27644957971601086,44
72,3,311,37,274,0,0,0,1.0,1,1.0,1,1.0,1,0.2327752146247264,44
73,1,312,37,275,0,0,0,1.0,1,1.0,1,1.0,1,0.23136848211596267,46
74,0,312,37,275,0,0,0,1.0,1,1.0,1,1.0,1,0.2465175211687355,44
75,0,312,37,275,0,0,0,1.0,1,1.0,1,1.0,1,0.2465175211687355,44
76,1,313,38,275,0,0,0,1.0,1,1.0,1,1.0,1,0.2917915645883404,45
77,0,313,38,275,0,0,0,1.0,1,1.0,1,1.0,1,0.2763014488468091,44
78,1,314,39,275,0,0,0,1.0,1,1.0,1,1.0,1,0.3121932559947601,44
79,0,314,39,275,0,0,0,1.0,1,1.0,1,1.0,1,0.3349193078157728,43
80,1,315,40,275,0,0,0,1.0,1,1.0,1,1.0,1,0.32203273652205694,43
81,6,321,43,278,0,0,0,1.0,1,1.0,1,1.0,1,0.30552213740492135,44
82,2,323,44,279,0,0,0,1.0,1,1.0,1,1.0,1,0.2767172694429811,45
83,2,325,46,279,0,0,0,1.0,1,1.0,1,1.0,1,0.32712634855562467,45
84,0,325,46,279,0,0,0,1.0,1,1.0,1,1.0,1,0.32712634855562467,45
85,2,327,47,280,0,0,0,1.0,1,1.0,1,1.0,1,0.31068871431680567,45
86,1,328,47,281,0,0,0,1.0,1,1.0,1,1.0,1,0.28149101807936305,45
87,0,328,47,281,0,0,0,1.0,1,1.0,1,1.0,1,0.3033532848493683,44
88,0,328,47,281,0,0,0,1.0,1,1.0,1,1.0,1,0.29383150725195717,45
89,0,328,47,281,0,0,0,1.0,1,1.0,1,1.0,1,0.30037153556722573,46
90,0,328,47,281,0,0,0,1.0,1,1.0,1,1.0,1,0.33246353670906703,44
91,1,329,48,281,0,0,0,1.0,1,1.0,1,1.0,1,0.3293525175525461,45
92,0,329,48,281,0,0,0,1.0,1,1.0,1,1.0,1,0.3434262677978563,46
93,0,329,48,281,0,0,0,1.0,1,1.0,1,1.0,1,0.3434262677978563,46
94,1,330,49,281,0,0,0,1.0,1,1.0,1,1.0,1,0.33074203835365723,46
95,2,332,49,283,0,0,0,1.0,1,1.0,1,1.0,1,0.30365627941182743,46
96,2,334,50,284,0,0,0,1.0,1,1.0,1,1.0,1,0.3029938502303771,46
97,1,335,50,285,0,0,0,1.0,1,1.0,1,1.0,1,0.2914383473733211,47
98,1,336,51,285,0,0,0,1.0,1,1.0,1,1.0,1,0.3117809473854145,47
99,1,337,51,286,0,0,0,1.0,1,1.0,1,1.0,1,0.30404585083386176,46
100,2,339,53,286,0,0,0,1.0,1,1.0,1,1.0,1,0.3537574712772532,48
101,7,346,54,292,0,0,0,1.0,1,1.0,1,1.0,1,0.3222083956065006,49
102,4,350,56,294,0,0,0,1.0,1,1.0,1,1.0,1,0.2698593874835489,49
103,5,355,56,299,0,0,0,1.0,1,1.0,1,1.0,1,0.1801036520472827,48
104,2,357,57,300,0,0,0,1.0,1,1.0,1,1.0,1,0.24172059914656588,49
105,4,361,57,304,0,0,0,1.0,1,1.0,1,1.0,1,0.20685832134041612,48
106,2,363,58,305,0,0,0,1.0,1,1.0,1,1.0,1,0.20368933146418286,48
107,1,364,59,305,0,0,0,1.0,1,1.0,1,1.0,1,0.22390903688627345,47
108,3,367,60,307,0,0,0,1.0,1,1.0,1,1.0,1,0.20138815492573406,47
109,2,369,62,307,0,0,0,1.0,1,1.0,1,1.0,1,0.2759274594840363,47
110,3,372,64,308,0,0,0,1.0,1,1.0,1,1.0,1,0.2827607574679127,47
111,8,380,66,314,0,0,0,1.0,1,1.0,1,1.0,1,0.19659406239175192,46
112,2,382,67,315,0,0,0,1.0,1,1.0,1,1.0,1,0.19335526924397003,46
113,1,383,68,315,0,0,0,1.0,1,1.0,1,1.0,1,0.18834007352933962,45
114,0,383,68,315,0,0,0,1.0,1,1.0,1,1.0,1,0.1818988785424351,46
115,3,386,70,316,0,0,0,1.0,1,1.0,1,1.0,1,0.18643298184903362,47
116,0,386,70,316,0,0,0,1.0,1,1.0,1,1.0,1,0.1704419687098921,48
117,5,391,73,318,0,0,0,1.0,1,1.0,1,1.0,1,0.23196937080934163,48
118,2,393,73,320,0,0,0,1.0,1,1.0,1,1.0,1,0.23089500232003923,49
119,2,395,73,322,0,0,0,1.0,1,1.0,1,1.0,1,0.22153739811952222,50
120,1,396,73,323,0,0,0,1.0,1,1.0,1,1.0,1,0.2008144689703234,51
121,4,400,73,327,0,0,0,1.0,1,1.0,1,1.0,1,0.12111771164570848,51
122,0,400,73,327,0,0,0,1.0,1,1.0,1,1.0,1,0.12111771164570848,51
123,0,400,73,327,0,0,0,1.0,1,1.0,1,1.0,1,0.12111771164570848,51
124,0,400,73,327,0,0,0,1.0,1,1.0,1,1.0,1,0.12111771164570848,51
125,0,400,73,327,0,0,0,1.0,1,1.0,1,1.0,1,0.15947352047262092,50
126,1,401,73,328,0,0,0,1.0,1,1.0,1,1.0,1,0.13923287449027433,52
127,0,401,73,328,0,0,0,1.0,1,1.0,1,1.0,1,0.16262763089806942,50
128,1,402,73,329,0,0,0,1.0,1,1.0,1,1.0,1,0.1395435360055799,50
129,1,403,73,330,0,0,0,1.0,1,1.0,1,1.0,1,0.14753661255168773,52
130,1,404,74,330,0,0,0,1.0,1,1.0,1,1.0,1,0.17743114153040684,52
131,0,404,74,330,0,0,0,1.0,1,1.0,1,1.0,1,0.1856947282338106,54
132,2,406,75,331,0,0,0,1.0,1,1.0,1,1.0,1,0.18039895068761402,54
133,0,406,75,331,0,0,0,1.0,1,1.0,1,1.0,1,0.19397802447452553,52
134,2,408,77,331,0,0,0,1.0,1,1.0,1,1.0,1,0.19694603238460054,52
135,5,413,82,331,0,0,0,1.0,1,1.0,1,1.0,1,0.28539076870372787,51
136,3,416,83,333,0,0,0,1.0,1,1.0,1,1.0,1,0.25930044140442793,51
137,3,419,84,335,0,0,0,1.0,1,1.0,1,1.0,1,0.25334009148467607,50
138,2,421,85,336,0,0,0,1.0,1,1.0,1,1.0,1,0.3078382187254265,52
139,3,424,87,337,0,0,0,1.0,1,1.0,1,1.0,1,0.35556613004884846,51
140,4,428,89,339,0,0,0,1.0,1,1.0,1,1.0,1,0.36864064803826435,51
141,11,439,91,348,0,0,0,1.0,1,1.0,1,1.0,1,0.18878958615977437,50
142,2,441,93,348,0,0,0,1.0,1,1.0,1,1.0,1,0.20098510266117653,51
143,0,441,93,348,0,0,0,1.0,1,1.0,1,1.0,1,0.2059341367725017,48
144,3,444,95,349,0,0,0,1.0,1,1.0,1,1.0,1,0.22153146309107494,49
145,2,446,96,350,0,0,0,1.0,1,1.0,1,1.0,1,0.2091829810675218,47
146,4,450,98,352,0,0,0,1.0,1,1.0,1,1.0,1,0.259596733184356,49
147,0,450,98,352,0,0,0,1.0,1,1.0,1,1.0,1,0.2660840392596908,46
148,3,453,100,353,0,0,0,1.0,1,1.0,1,1.0,1,0.29093012853583583,47
149,1,454,101,353,0,0,0,1.0,1,1.0,1,1.0,1,0.2947156575859822,46
150,1,455,102,353,0,0,0,1.0,1,1.0,1,1.0,1,0.30238179776803514,47
151,0,455,102,353,0,0,0,1.0,1,1.0,1,1.0,1,0.30411365277700775,46
152,1,456,103,353,0,0,0,1.0,1,1.0,1,1.0,1,0.32796074835195127,45
153,0,456,103,353,0,0,0,1.0,1,1.0,1,1.0,1,0.33867396194570254,46
154,2,458,103,355,0,0,0,1.0,1,1.0,1,1.0,1,0.33671640745878845,44
155,3,461,105,356,0,0,0,1.0,1,1.0,1,1.0,1,0.350021047647181,45
156,3,464,106,358,0,0,0,1.0,1,1.0,1,1.0,1,0.3282566737447796,43
157,1,465,107,358,0,0,0,1.0,1,1.0,1,1.0,1,0.35153250961672644,42
158,0,465,107,358,0,0,0,1.0,1,1.0,1,1.0,1,0.3669941256664405,43
159,3,468,107,361,0,0,0,1.0,1,1.0,1,1.0,1,0.32352833971911826,44
160,0,468,107,361,0,0,0,1.0,1,1.0,1,1.0,1,0.3367770244748995,44
161,13,481,109,372,0,0,0,1.0,1,1.0,1,1.0,1,0.20134320388304333,44
162,0,481,109,372,0,0,0,1.0,1,1.0,1,1.0,1,0.20134320388304333,44
163,6,487,114,373,0,0,0,1.0,1,1.0,1,1.0,1,0.29017135874190514,44
164,0,487,114,373,0,0,0,1.0,1,1.0,1,1.0,1,0.29017135874190514,44
165,1,488,115,373,0,0,0,1.0,1,1.0,1,1.0,1,0.24995918334896022,43
166,0,488,115,373,0,0,0,1.0,1,1.0,1,1.0,1,0.2596267128852217,43
167,2,490,116,374,0,0,0,1.0,1,1.0,1,1.0,1,0.24089536118622767,42
168,0,490,116,374,0,0,0,1.0,1,1.0,1,1.0,1,0.2719540882992373,40
169,1,491,116,375,0,0,0,1.0,1,1.0,1,1.0,1,0.2656329481313922,41
170,0,491,116,375,0,0,0,1.0,1,1.0,1,1.0,1,0.270895074805347,39
171,3,494,118,376,0,0,0,1.0,1,1.0,1,1.0,1,0.29263935010974323,39
172,0,494,118,376,0,0,0,1.0,1,1.0,1,1.0,1,0.29262138827352824,38
173,2,496,120,376,0,0,0,1.0,1,1.0,1,1.0,1,0.27480082706789655,38
174,2,498,121,377,0,0,0,1.0,1,1.0,1,1.0,1,0.2627113349322725,37
175,2,500,123,377,0,0,0,1.0,1,1.0,1,1.0,1,0.33852259909675503,36
176,1,501,124,377,0,0,0,1.0,1,1.0,1,1.0,1,0.3321922224403859,36
177,0,501,124,377,0,0,0,1.0,1,1.0,1,1.0,1,0.32295000294007453,38
178,1,502,125,377,0,0,0,1.0,1,1.0,1,1.0,1,0.33245717407588143,39
179,1,503,125,378,0,0,0,1.0,1,1.0,1,1.0,1,0.33833792939394447,40
180,0,503,125,378,0,0,0,1.0,1,1.0,1,1.0,1,0.33833792939394447,40
181,2,505,125,380,0,0,0,1.0,1,1.0,1,1.0,1,0.29644166262442534,39
182,3,508,127,381,0,0,0,1.0,1,1.0,1,1.0,1,0.27104206068169256,40
183,2,510,128,382,0,0,0,1.0,1,1.0,1,1.0,1,0.30581680788299326,40
184,1,511,129,382,0,0,0,1.0,1,1.0,1,1.0,1,0.3447190186704628,38
185,4,515,130,385,0,0,0,1.0,1,1.0,1,1.0,1,0.29704501977656184,38
186,3,518,132,386,0,0,0,1.0,1,1.0,1,1.0,1,0.3023717645762718,37
187,0,518,132,386,0,0,0,1.0,1,1.0,1,1.0,1,0.29780817298372736,36
188,2,520,134,386,0,0,0,1.0,1,1.0,1,1.0,1,0.2573702733837902,36
189,0,520,134,386,0,0,0,1.0,1,1.0,1,1.0,1,0.2585156071716341,36
190,2,522,135,387,0,0,0,1.0,1,1.0,1,1.0,1,0.28705421722837615,36
191,2,524,136,388,0,0,0,1.0,1,1.0,1,1.0,1,0.2876724511328067,37
192,3,527,137,390,0,0,0,1.0,1,1.0,1,1.0,1,0.2482217615208812,37
193,0,527,137,390,0,0,0,1.0,1,1.0,1,1.0,1,0.25063373361813623,38
194,0,527,137,390,0,0,0,1.0,1,1.0,1,1.0,1,0.26609365897654447,39
195,4,531,139,392,0,0,0,1.0,1,1.0,1,1.0,1,0.25479644882330393,40
196,1,532,140,392,0,0,0,1.0,1,1.0,1,1.0,1,0.21955302174065106,40
197,0,532,140,392,0,0,0,1.0,1,1.0,1,1.0,1,0.24796590173292227,40
198,2,534,142,392,0,0,0,1.0,1,1.0,1,1.0,1,0.2221230239922114,40
199,3,537,143,394,0,0,0,1.0,1,1.0,1,1.0,1,0.19980578722058157,40
200,2,539,145,394,0,0,0,1.0,1,1.0,1,1.0,1,0.19912185094435567,40
201,1,540,146,394,0,0,0,1.0,1,1.0,1,1.0,1,0.16096246320497742,39
202,0,540,146,394,0,0,0,1.0,1,1.0,1,1.0,1,0.13444254931509084,40
203,1,541,147,394,0,0,0,1.0,1,1.0,1,1.0,1,0.12300346194827051,39
204,1,542,148,394,0,0,0,1.0,1,1.0,1,1.0,1,0.1451088983727525,38
205,1,543,149,394,0,0,0,1.0,1,1.0,1,1.0,1,0.16687158622549986,37
206,0,543,149,394,0,0,0,1.0,1,1.0,1,1.0,1,0.18862785049181763,36
207,2,545,151,394,0,0,0,1.0,1,1.0,1,1.0,1,0.19887236652494925,37
208,0,545,151,394,0,0,0,1.0,1,1.0,1,1.0,1,0.21406928557642255,36
209,2,547,153,394,0,0,0,1.0,1,1.0,1,1.0,1,0.2784533179922226,36
210,2,549,154,395,0,0,0,1.0,1,1.0,1,1.0,1,0.31707493354044186,36
211,1,550,154,396,0,0,0,1.0,1,1.0,1,1.0,1,0.26589189420418896,34
212,2,552,155,397,0,0,0,1.0,1,1.0,1,1.0,1,0.2854986309726083,34
213,0,552,155,397,0,0,0,1.0,1,1.0,1,1.0,1,0.3100224407091733,36
214,1,553,156,397,0,0,0,1.0,1,1.0,1,1.0,1,0.2780056163450065,35
215,2,555,158,397,0,0,0,1.0,1,1.0,1,1.0,1,0.285688793324252,35
216,1,556,158,398,0,0,0,1.0,1,1.0,1,1.0,1,0.3044135628033183,37
217,2,558,159,399,0,0,0,1.0,1,1.0,1,1.0,1,0.30635776246785634,37
218,7,565,164,401,0,0,0,1.0,1,1.0,1,1.0,1,0.35616126264412423,37
219,3,568,165,403,0,0,0,1.0,1,1.0,1,1.0,1,0.3566903753578948,37
220,1,569,166,403,0,0,0,1.0,1,1.0,1,1.0,1,0.35488639102982084,38
221,8,577,168,409,0,0,0,1.0,1,1.0,1,1.0,1,0.19651932186214324,39
222,1,578,169,409,0,0,0,1.0,1,1.0,1,1.0,1,0.20618280833564043,39
223,1,579,169,410,0,0,0,1.0,1,1.0,1,1.0,1,0.2000909627703433,40
224,3,582,170,412,0,0,0,1.0,1,1.0,1,1.0,1,0.17389829939944532,40
225,2,584,171,413,0,0,0,1.0,1,1.0,1,1.0,1,0.2086783853027133,39
226,3,587,174,413,0,0,0,1.0,1,1.0,1,1.0,1,0.21585312129410528,39
227,2,589,175,414,0,0,0,1.0,1,1.0,1,1.0,1,0.21553109605382725,39
228,1,590,176,414,0,0,0,1.0,1,1.0,1,1.0,1,0.23012177503981904,38
229,3,593,177,416,0,0,0,1.0,1,1.0,1,1.0,1,0.2628254519139632,39
230,3,596,179,417,0,0,0,1.0,1,1.0,1,1.0,1,0.2792835695798882,38
231,2,598,181,417,0,0,0,1.0,1,1.0,1,1.0,1,0.2601640659853631,38
232,2,600,182,418,0,0,0,1.0,1,1.0,1,1.0,1,0.29360986356710866,37
233,2,602,183,419,0,0,0,1.0,1,1.0,1,1.0,1,0.3331048581190941,36
234,0,602,183,419,0,0,0,1.0,1,1.0,1,1.0,1,0.34300756836291146,34
235,0,602,183,419,0,0,0,1.0,1,1.0,1,1.0,1,0.377241887232269,34
236,0,602,183,419,0,0,0,1.0,1,1.0,1,1.0,1,0.4373862981176219,33
237,1,603,184,419,0,0,0,1.0,1,1.0,1,1.0,1,0.4383259574995467,32
238,1,604,185,419,0,0,0,1.0,1,1.0,1,1.0,1,0.45074542293752273,32
239,3,607,187,420,0,0,0,1.0,1,1.0,1,1.0,1,0.4147017396963705,31
240,0,607,187,420,0,0,0,1.0,1,1.0,1,1.0,1,0.5025431223988253,28
241,5,612,188,424,0,0,0,1.0,1,1.0,1,1.0,1,0.31603258203131707,27
242,1,613,188,425,0,0,0,1.0,1,1.0,1,1.0,1,0.2847072225025573,29
243,0,613,188,425,0,0,0,1.0,1,1.0,1,1.0,1,0.29317868415421205,28
244,0,613,188,425,0,0,0,1.0,1,1.0,1,1.0,1,0.2921002461568609,28
245,1,614,189,425,0,0,0,1.0,1,1.0,1,1.0,1,0.3017852549985187,27
246,2,616,191,425,0,0,0,1.0,1,1.0,1,1.0,1,0.34633649935329236,25
247,1,617,191,426,0,0,0,1.0,1,1.0,1,1.0,1,0.31698735040539466,26
248,0,617,191,426,0,0,0,1.0,1,1.0,1,1.0,1,0.3419105011202083,27
249,1,618,192,426,0,0,0,1.0,1,1.0,1,1.0,1,0.36788596116240807,26
250,1,619,192,427,0,0,0,1.0,1,1.0,1,1.0,1,0.37423648249196123,27
251,1,620,192,428,0,0,0,1.0,1,1.0,1,1.0,1,0.3563634634929839,28
252,3,623,193,430,0,0,0,1.0,1,1.0,1,1.0,1,0.3354222064538751,28
253,1,624,193,431,0,0,0,1.0,1,1.0,1,1.0,1,0.29514389964204124,28
254,0,624,193,431,0,0,0,1.0,1,1.0,1,1.0,1,0.32147946888829343,29
255,0,624,193,431,0,0,0,1.0,1,1.0,1,1.0,1,0.32529265104522315,30
256,0,624,193,431,0,0,0,1.0,1,1.0,1,1.0,1,0.32529265104522315,30
257,2,626,194,432,0,0,0,1.0,1,1.0,1,1.0,1,0.3758580099611476,32
258,3,629,196,433,0,0,0,1.0,1,1.0,1,1.0,1,0.3733273118903209,32
259,2,631,196,435,0,0,0,1.0,1,1.0,1,1.0,1,0.3733273118903209,32
260,0,631,196,435,0,0,0,1.0,1,1.0,1,1.0,1,0.3467415939612897,34
261,3,634,196,438,0,0,0,1.0,1,1.0,1,1.0,1,0.30454261924782733,35
262,4,638,198,440,0,0,0,1.0,1,1.0,1,1.0,1,0.3732098021872119,36
263,0,638,198,440,0,0,0,1.0,1,1.0,1,1.0,1,0.3776277946752814,34
264,1,639,199,440,0,0,0,1.0,1,1.0,1,1.0,1,0.3928820630936686,34
265,0,639,199,440,0,0,0,1.0,1,1.0,1,1.0,1,0.4304517130432463,33
266,1,640,200,440,0,0,0,1.0,1,1.0,1,1.0,1,0.43978316218474234,34
267,0,640,200,440,0,0,0,1.0,1,1.0,1,1.0,1,0.44721829923899376,33
268,1,641,200,441,0,0,0,1.0,1,1.0,1,1.0,1,0.43116353616310843,34
269,2,643,200,443,0,0,0,1.0,1,1.0,1,1.0,1,0.3960093393384092,34
270,1,644,200,444,0,0,0,1.0,1,1.0,1,1.0,1,0.4026529542709824,36
271,0,644,200,444,0,0,0,1.0,1,1.0,1,1.0,1,0.4026529542709824,36
272,2,646,200,446,0,0,0,1.0,1,1.0,1,1.0,1,0.37409683577349195,38
273,0,646,200,446,0,0,0,1.0,1,1.0,1,1.0,1,0.37409683577349195,38
274,2,648,201,447,0,0,0,1.0,1,1.0,1,1.0,1,0.4045163117489976,38
275,4,652,202,450,0,0,0,1.0,1,1.0,1,1.0,1,0.34120186424799237,38
276,1,653,202,451,0,0,0,1.0,1,1.0,1,1.0,1,0.3287546035463671,39
277,2,655,203,452,0,0,0,1.0,1,1.0,1,1.0,1,0.34439407919267007,38
278,3,658,204,454,0,0,0,1.0,1,1.0,1,1.0,1,0.3467988051964872,38
279,2,660,204,456,0,0,0,1.0,1,1.0,1,1.0,1,0.3323933926746089,38
280,1,661,204,457,0,0,0,1.0,1,1.0,1,1.0,1,0.3507248076934096,38
281,3,664,204,460,0,0,0,1.0,1,1.0,1,1.0,1,0.27191599070395234,38
282,0,664,204,460,0,0,0,1.0,1,1.0,1,1.0,1,0.2732078824387257,38
283,0,664,204,460,0,0,0,1.0,1,1.0,1,1.0,1,0.2732078824387257,38
284,1,665,204,461,0,0,0,1.0,1,1.0,1,1.0,1,0.24045872212781969,39
285,1,666,205,461,0,0,0,1.0,1,1.0,1,1.0,1,0.28202794668231596,39
286,0,666,205,461,0,0,0,1.0,1,1.0,1,1.0,1,0.28202794668231596,39
287,2,668,206,462,0,0,0,1.0,1,1.0,1,1.0,1,0.34910524103846596,39
288,1,669,206,463,0,0,0,1.0,1,1.0,1,1.0,1,0.3000013590557014,39
289,1,670,206,464,0,0,0,1.0,1,1.0,1,1.0,1,0.31386705452323127,39
290,0,670,206,464,0,0,0,1.0,1,1.0,1,1.0,1,0.3141226726735235,39
291,4,674,206,468,0,0,0,1.0,1,1.0,1,1.0,1,0.2728879800877118,39
292,2,676,206,470,0,0,0,1.0,1,1.0,1,1.0,1,0.27308163480514785,40
293,2,678,206,472,0,0,0,1.0,1,1.0,1,1.0,1,0.23413627967514933,41
294,1,679,207,472,0,0,0,1.0,1,1.0,1,1.0,1,0.23965548915770904,40
295,6,685,209,476,0,0,0,1.0,1,1.0,1,1.0,1,0.254437368958364,42
296,5,690,212,478,0,0,0,1.0,1,1.0,1,1.0,1,0.24150818181716216,42
297,8,698,212,486,0,0,0,1.0,1,1.0,1,1.0,1,0.2484037698552539,43
298,8,706,213,493,0,0,0,1.0,1,1.0,1,1.0,1,0.2520528972317024,44
299,7,713,214,499,0,0,0,1.0,1,1.0,1,1.0,1,0.28179703212799206,44
300,7,720,214,506,0,0,0,1.0,1,1.0,1,1.0,1,0.23855362080878478,45
301,5,725,214,511,0,0,0,1.0,1,1.0,1,1.0,1,0.1783002279325084,47
302,3,728,216,512,0,0,0,1.0,1,1.0,1,1.0,1,0.1922383849440274,46
303,1,729,217,512,0,0,0,1.0,1,1.0,1,1.0,1,0.20353097444828439,45
304,3,732,219,513,0,0,0,1.0,1,1.0,1,1.0,1,0.23704904151623568,45
305,1,733,220,513,0,0,0,1.0,1,1.0,1,1.0,1,0.24289720468780512,43
306,4,737,221,516,0,0,0,1.0,1,1.0,1,1.0,1,0.25565872855311345,44
307,2,739,222,517,0,0,0,1.0,1,1.0,1,1.0,1,0.23917204373415923,42
308,1,740,223,517,0,0,0,1.0,1,1.0,1,1.0,1,0.26330321456126954,41
309,1,741,223,518,0,0,0,1.0,1,1.0,1,1.0,1,0.2621581243729081,42
310,0,741,223,518,0,0,0,1.0,1,1.0,1,1.0,1,0.2676378331575025,41
311,0,741,223,518,0,0,0,1.0,1,1.0,1,1.0,1,0.2676378331575025,41
312,2,743,223,520,0,0,0,1.0,1,1.0,1,1.0,1,0.24179703671950104,44
313,1,744,223,521,0,0,0,1.0,1,1.0,1,1.0,1,0.24256876247816514,43
314,0,744,223,521,0,0,0,1.0,1,1.0,1,1.0,1,0.24256876247816514,43
315,1,745,224,521,0,0,0,1.0,1,1.0,1,1.0,1,0.2602284800168729,43
316,0,745,224,521,0,0,0,1.0,1,1.0,1,1.0,1,0.2602284800168729,43
317,0,745,224,521,0,0,0,1.0,1,1.0,1,1.0,1,0.2701186559099007,44
318,3,748,226,522,0,0,0,1.0,1,1.0,1,1.0,1,0.33619746483570123,45
319,3,751,226,525,0,0,0,1.0,1,1.0,1,1.0,1,0.33304143904062383,46
320,5,756,228,528,0,0,0,1.0,1,1.0,1,1.0,1,0.36203881317277753,45
321,6,762,228,534,0,0,0,1.0,1,1.0,1,1.0,1,0.2066201310525772,44
322,1,763,228,535,0,0,0,1.0,1,1.0,1,1.0,1,0.17628836990275895,42
323,3,766,230,536,0,0,0,1.0,1,1.0,1,1.0,1,0.1644732049495711,42
324,1,767,230,537,0,0,0,1.0,1,1.0,1,1.0,1,0.1651397630985754,43
325,2,769,232,537,0,0,0,1.0,1,1.0,1,1.0,1,0.20337889667355039,43
326,2,771,232,539,0,0,0,1.0,1,1.0,1,1.0,1,0.1975760180457356,43
327,4,775,234,541,0,0,0,1.0,1,1.0,1,1.0,1,0.23454248174413483,44
328,0,775,234,541,0,0,0,1.0,1,1.0,1,1.0,1,0.23454248174413483,44
329,0,775,234,541,0,0,0,1.0,1,1.0,1,1.0,1,0.21685565610450988,45
330,0,775,234,541,0,0,0,1.0,1,1.0,1,1.0,1,0.20932315016293718,46
331,0,775,234,541,0,0,0,1.0,1,1.0,1,1.0,1,0.20932315016293718,46
332,1,776,234,542,0,0,0,1.0,1,1.0,1,1.0,1,0.17127251662943402,47
333,0,776,234,542,0,0,0,1.0,1,1.0,1,1.0,1,0.18471867797901403,48
334,0,776,234,542,0,0,0,1.0,1,1.0,1,1.0,1,0.18471867797901403,48
335,3,779,235,544,0,0,0,1.0,1,1.0,1,1.0,1,0.15260572245024986,49
336,0,779,235,544,0,0,0,1.0,1,1.0,1,1.0,1,0.15488672242304424,50
337,0,779,235,544,0,0,0,1.0,1,1.0,1,1.0,1,0.17326587396697907,51
338,0,779,235,544,0,0,0,1.0,1,1.0,1,1.0,1,0.17326587396697907,51
339,2,781,236,545,0,0,0,1.0,1,1.0,1,1.0,1,0.16880071022786913,51
340,1,782,237,545,0,0,0,1.0,1,1.0,1,1.0,1,0.19435028038730814,51
341,1,783,237,546,0,0,0,1.0,1,1.0,1,1.0,1,0.16185279929045612,51
342,1,784,238,546,0,0,0,1.0,1,1.0,1,1.0,1,0.1935683690272073,51
343,1,785,238,547,0,0,0,1.0,1,1.0,1,1.0,1,0.19030354710837746,51
344,1,786,239,547,0,0,0,1.0,1,1.0,1,1.0,1,0.16764178936408636,50
345,0,786,239,547,0,0,0,1.0,1,1.0,1,1.0,1,0.16764178936408636,50
346,4,790,241,549,0,0,0,1.0,1,1.0,1,1.0,1,0.19982034587474753,50
347,2,792,241,551,0,0,0,1.0,1,1.0,1,1.0,1,0.17260623934502814,51
348,2,794,243,551,0,0,0,1.0,1,1.0,1,1.0,1,0.19981297539444212,52
349,2,796,245,551,0,0,0,1.0,1,1.0,1,1.0,1,0.22546093444549933,54
350,2,798,245,553,0,0,0,1.0,1,1.0,1,1.0,1,0.22604369119893994,54
351,2,800,247,553,0,0,0,1.0,1,1.0,1,1.0,1,0.23501254357369541,54
352,3,803,248,555,0,0,0,1.0,1,1.0,1,1.0,1,0.23759986008570583,56
353,1,804,249,555,0,0,0,1.0,1,1.0,1,1.0,1,0.20112456407766102,54
354,1,805,249,556,0,0,0,1.0,1,1.0,1,1.0,1,0.18026279068558676,53
355,3,808,252,556,0,0,0,1.0,1,1.0,1,1.0,1,0.18435686851421115,54
356,1,809,253,556,0,0,0,1.0,1,1.0,1,1.0,1,0.21014723629574583,54
357,3,812,256,556,0,0,0,1.0,1,1.0,1,1.0,1,0.25734487267577005,53
358,2,814,256,558,0,0,0,1.0,1,1.0,1,1.0,1,0.24937098641407504,49
359,0,814,256,558,0,0,0,1.0,1,1.0,1,1.0,1,0.23982274561054065,48
360,2,816,257,559,0,0,0,1.0,1,1.0,1,1.0,1,0.2157210295677724,47
361,1,817,257,560,0,0,0,1.0,1,1.0,1,1.0,1,0.1905388227003422,46
362,0,817,257,560,0,0,0,1.0,1,1.0,1,1.0,1,0.1930521858861491,46
363,0,817,257,560,0,0,0,1.0,1,1.0,1,1.0,1,0.20706074517309764,47
364,2,819,257,562,0,0,0,1.0,1,1.0,1,1.0,1,0.16065844827351616,47
365,1,820,258,562,0,0,0,1.0,1,1.0,1,1.0,1,0.19641922202966666,47
366,3,823,259,564,0,0,0,1.0,1,1.0,1,1.0,1,0.24539851184010378,50
367,4,827,260,567,0,0,0,1.0,1,1.0,1,1.0,1,0.19683145401389288,50
368,1,828,260,568,0,0,0,1.0,1,1.0,1,1.0,1,0.16000777165640787,51
369,0,828,260,568,0,0,0,1.0,1,1.0,1,1.0,1,0.18423158318335017,51
370,0,828,260,568,0,0,0,1.0,1,1.0,1,1.0,1,0.18423158318335017,51
371,2,830,261,569,0,0,0,1.0,1,1.0,1,1.0,1,0.20831456423188405,52
372,1,831,261,570,0,0,0,1.0,1,1.0,1,1.0,1,0.2117369849746148,53
373,2,833,263,570,0,0,0,1.0,1,1.0,1,1.0,1,0.22211069797572217,53
374,0,833,263,570,0,0,0,1.0,1,1.0,1,1.0,1,0.24755509932576927,53
375,4,837,267,570,0,0,0,1.0,1,1.0,1,1.0,1,0.23096002368980514,53
376,2,839,268,571,0,0,0,1.0,1,1.0,1,1.0,1,0.24002210057614787,53
377,3,842,271,571,0,0,0,1.0,1,1.0,1,1.0,1,0.23246458480365922,53
378,1,843,272,571,0,0,0,1.0,1,1.0,1,1.0,1,0.22736937070608168,53
379,2,845,273,572,0,0,0,1.0,1,1.0,1,1.0,1,0.2318240822118071,54
380,1,846,274,572,0,0,0,1.0,1,1.0,1,1.0,1,0.2469346179847456,54
381,5,851,275,576,0,0,0,1.0,1,1.0,1,1.0,1,0.16968286881116493,54
382,2,853,275,578,0,0,0,1.0,1,1.0,1,1.0,1,0.14505552087959042,55
383,1,854,276,578,0,0,0,1.0,1,1.0,1,1.0,1,0.14737547049958133,55
384,1,855,277,578,0,0,0,1.0,1,1.0,1,1.0,1,0.15967329783011774,54
385,1,856,278,578,0,0,0,1.0,1,1.0,1,1.0,1,0.16364764381015023,52
386,3,859,280,579,0,0,0,1.0,1,1.0,1,1.0,1,0.16343502871128288,52
387,1,860,281,579,0,0,0,1.0,1,1.0,1,1.0,1,0.18323061608452537,50
388,4,864,283,581,0,0,0,1.0,1,1.0,1,1.0,1,0.14611344503850401,52
389,1,865,284,581,0,0,0,1.0,1,1.0,1,1.0,1,0.1734007690046037,51
390,2,867,286,581,0,0,0,1.0,1,1.0,1,1.0,1,0.18466015160941954,50
391,2,869,288,581,0,0,0,1.0,1,1.0,1,1.0,1,0.21946758183010487,49
392,2,871,289,582,0,0,0,1.0,1,1.0,1,1.0,1,0.19148852809977768,47
393,2,873,291,582,0,0,0,1.0,1,1.0,1,1.0,1,0.2719989227233068,47
394,1,874,292,582,0,0,0,1.0,1,1.0,1,1.0,1,0.2931260423076006,48
395,6,880,293,587,0,0,0,1.0,1,1.0,1,1.0,1,0.26654608575626415,46
396,1,881,294,587,0,0,0,1.0,1,1.0,1,1.0,1,0.2975949845730671,43
397,0,881,294,587,0,0,0,1.0,1,1.0,1,1.0,1,0.362721379256962,42
398,2,883,296,587,0,0,0,1.0,1,1.0,1,1.0,1,0.43806790189673434,40
399,1,884,296,588,0,0,0,1.0,1,1.0,1,1.0,1,0.41234756464958305,39
400,0,884,296,588,0,0,0,1.0,1,1.0,1,1.0,1,0.3937312781609841,38
401,7,891,296,595,0,0,0,1.0,1,1.0,1,1.0,1,0.32612750857802403,37
402,3,894,298,596,0,0,0,1.0,1,1.0,1,1.0,1,0.2746081009703118,36
403,1,895,299,596,0,0,0,1.0,1,1.0,1,1.0,1,0.23790570021266488,38
404,4,899,301,598,0,0,0,1.0,1,1.0,1,1.0,1,0.22518105658984242,39
405,0,899,301,598,0,0,0,1.0,1,1.0,1,1.0,1,0.20109246879294385,40
406,0,899,301,598,0,0,0,1.0,1,1.0,1,1.0,1,0.2100897691899437,41
407,1,900,301,599,0,0,0,1.0,1,1.0,1,1.0,1,0.19290373875802908,42
408,2,902,301,601,0,0,0,1.0,1,1.0,1,1.0,1,0.18436337733102703,43
409,3,905,302,603,0,0,0,1.0,1,1.0,1,1.0,1,0.22711627030250098,44
410,4,909,302,607,0,0,0,1.0,1,1.0,1,1.0,1,0.23143874856397306,46
411,4,913,302,611,0,0,0,1.0,1,1.0,1,1.0,1,0.25690396572107493,46
412,3,916,302,614,0,0,0,1.0,1,1.0,1,1.0,1,0.24189988668643045,47
413,3,919,302,617,0,0,0,1.0,1,1.0,1,1.0,1,0.26685290806938805,47
414,6,925,302,623,0,0,0,1.0,1,1.0,1,1.0,1,0.26685290806938805,47
415,7,932,303,629,0,0,0,1.0,1,1.0,1,1.0,1,0.2162286643091086,48
416,7,939,303,636,0,0,0,1.0,1,1.0,1,1.0,1,0.2066723957086564,49
417,5,944,304,640,0,0,0,1.0,1,1.0,1,1.0,1,0.22781937654939846,49
418,7,951,304,647,0,0,0,1.0,1,1.0,1,1.0,1,0.23792288852478452,50
419,5,956,304,652,0,0,0,1.0,1,1.0,1,1.0,1,0.2370454458698575,50
420,8,964,304,660,0,0,0,1.0,1,1.0,1,1.0,1,0.241070335647359,50
421,3,967,304,663,0,0,0,1.0,1,1.0,1,1.0,1,0.16658987578727694,50
422,1,968,304,664,0,0,0,1.0,1,1.0,1,1.0,1,0.16337081657867064,50
423,2,970,306,664,0,0,0,1.0,1,1.0,1,1.0,1,0.16878515657730914,51
424,1,971,307,664,0,0,0,1.0,1,1.0,1,1.0,1,0.16904398978213972,49
425,4,975,309,666,0,0,0,1.0,1,1.0,1,1.0,1,0.184013973115004,48
426,1,976,309,667,0,0,0,1.0,1,1.0,1,1.0,1,0.18564717270577144,50
427,3,979,311,668,0,0,0,1.0,1,1.0,1,1.0,1,0.21481820916289765,48
428,6,985,315,670,0,0,0,1.0,1,1.0,1,1.0,1,0.2915177096206029,49
429,1,986,315,671,0,0,0,1.0,1,1.0,1,1.0,1,0.2826397585262635,45
430,5,991,316,675,0,0,0,1.0,1,1.0,1,1.0,1,0.30804308009295456,44
431,1,992,317,675,0,0,0,1.0,1,1.0,1,1.0,1,0.2979472710904923,42
432,2,994,318,676,0,0,0,1.0,1,1.0,1,1.0,1,0.28918642403183986,40
433,1,995,319,676,0,0,0,1.0,1,1.0,1,1.0,1,0.2895453782277407,39
434,0,995,319,676,0,0,0,1.0,1,1.0,1,1.0,1,0.2895453782277407,39
435,2,997,321,676,0,0,0,1.0,1,1.0,1,1.0,1,0.29489343940430846,38
436,1,998,322,676,0,0,0,1.0,1,1.0,1,1.0,1,0.2826747871774265,38
437,1,999,323,676,0,0,0,1.0,1,1.0,1,1.0,1,0.2985747241307643,39
438,2,1001,324,677,0,0,0,1.0,1,1.0,1,1.0,1,0.2740748059472585,38
439,1,1002,325,677,0,0,0,1.0,1,1.0,1,1.0,1,0.3182321078747237,39
440,0,1002,325,677,0,0,0,1.0,1,1.0,1,1.0,1,0.3182321078747237,39
441,8,1010,326,684,0,0,0,1.0,1,1.0,1,1.0,1,0.21866255446589036,41
442,1,1011,326,685,0,0,0,1.0,1,1.0,1,1.0,1,0.2351587349207609,42
443,0,1011,326,685,0,0,0,1.0,1,1.0,1,1.0,1,0.2351587349207609,42
444,4,1015,326,689,0,0,0,1.0,1,1.0,1,1.0,1,0.22099152365010333,43
445,5,1020,327,693,0,0,0,1.0,1,1.0,1,1.0,1,0.2166689660710383,44
446,5,1025,327,698,0,0,0,1.0,1,1.0,1,1.0,1,0.18732181286306518,44
447,5,1030,328,702,0,0,0,1.0,1,1.0,1,1.0,1,0.2636046881734483,47
448,9,1039,329,710,0,0,0,1.0,1,1.0,1,1.0,1,0.29035487075735505,46
449,3,1042,329,713,0,0,0,1.0,1,1.0,1,1.0,1,0.26568296740636405,46
450,3,1045,329,716,0,0,0,1.0,1,1.0,1,1.0,1,0.31544354471064867,46
451,6,1051,329,722,0,0,0,1.0,1,1.0,1,1.0,1,0.32254356839745807,47
452,3,1054,329,725,0,0,0,1.0,1,1.0,1,1.0,1,0.31666176704785226,47
453,3,1057,329,728,0,0,0,1.0,1,1.0,1,1.0,1,0.33391535550660345,47
454,5,1062,329,733,0,0,0,1.0,1,1.0,1,1.0,1,0.295774998601492,46
455,7,1069,330,739,0,0,0,1.0,1,1.0,1,1.0,1,0.26927830335829306,47
456,4,1073,331,742,0,0,0,1.0,1,1.0,1,1.0,1,0.2728098622120997,49
457,7,1080,332,748,0,0,0,1.0,1,1.0,1,1.0,1,0.22833442305506654,50
458,5,1085,332,753,0,0,0,1.0,1,1.0,1,1.0,1,0.23904590496526254,50
459,4,1089,332,757,0,0,0,1.0,1,1.0,1,1.0,1,0.22319389806859266,52
460,8,1097,332,765,0,0,0,1.0,1,1.0,1,1.0,1,0.20482272876592642,53
461,3,1100,332,768,0,0,0,1.0,1,1.0,1,1.0,1,0.1858994089612245,54
462,0,1100,332,768,0,0,0,1.0,1,1.0,1,1.0,1,0.1858994089612245,54
463,2,1102,332,770,0,0,0,1.0,1,1.0,1,1.0,1,0.170584181278207,55
464,3,1105,334,771,0,0,0,1.0,1,1.0,1,1.0,1,0.19129440195280037,56
465,0,1105,334,771,0,0,0,1.0,1,1.0,1,1.0,1,0.1779974108632369,54
466,3,1108,336,772,0,0,0,1.0,1,1.0,1,1.0,1,0.15012620708157565,54
467,2,1110,338,772,0,0,0,1.0,1,1.0,1,1.0,1,0.16202581332199462,51
468,3,1113,340,773,0,0,0,1.0,1,1.0,1,1.0,1,0.14696909941350203,51
469,0,1113,340,773,0,0,0,1.0,1,1.0,1,1.0,1,0.1332393337120348,48
470,3,1116,343,773,0,0,0,1.0,1,1.0,1,1.0,1,0.09499413226394118,47
471,2,1118,345,773,0,0,0,1.0,1,1.0,1,1.0,1,0.17515509429087847,44
472,3,1121,348,773,0,0,0,1.0,1,1.0,1,1.0,1,0.18257787912469095,43
473,2,1123,350,773,0,0,0,1.0,1,1.0,1,1.0,1,0.20967294143980625,41
474,1,1124,351,773,0,0,0,1.0,1,1.0,1,1.0,1,0.2147877508857352,39
475,4,1128,354,774,0,0,0,1.0,1,1.0,1,1.0,1,0.22829078860311558,40
476,3,1131,357,774,0,0,0,1.0,1,1.0,1,1.0,1,0.2894534704819925,38
477,1,1132,358,774,0,0,0,1.0,1,1.0,1,1.0,1,0.3300830725276336,35
478,0,1132,358,774,0,0,0,1.0,1,1.0,1,1.0,1,0.334668807833486,35
479,1,1133,359,774,0,0,0,1.0,1,1.0,1,1.0,1,0.4044329610007945,32
480,0,1133,359,774,0,0,0,1.0,1,1.0,1,1.0,1,0.40552675879672484,32
481,3,1136,359,777,0,0,0,1.0,1,1.0,1,1.0,1,0.3242595481621804,33
482,2,1138,360,778,0,0,0,1.0,1,1.0,1,1.0,1,0.3471007137292568,34
483,1,1139,361,778,0,0,0,1.0,1,1.0,1,1.0,1,0.32337604202496223,32
484,2,1141,361,780,0,0,0,1.0,1,1.0,1,1.0,1,0.25955128039317055,33
485,2,1143,362,781,0,0,0,1.0,1,1.0,1,1.0,1,0.24662146427626022,34
486,1,1144,362,782,0,0,0,1.0,1,1.0,1,1.0,1,0.24549743777796887,36
487,1,1145,362,783,0,0,0,1.0,1,1.0,1,1.0,1,0.2323083545668939,36
488,1,1146,363,783,0,0,0,1.0,1,1.0,1,1.0,1,0.25268179891829634,37
489,4,1150,365,785,0,0,0,1.0,1,1.0,1,1.0,1,0.27087354417479936,38
490,0,1150,365,785,0,0,0,1.0,1,1.0,1,1.0,1,0.27087354417479936,38
491,0,1150,365,785,0,0,0,1.0,1,1.0,1,1.0,1,0.273911520996035,37
492,1,1151,366,785,0,0,0,1.0,1,1.0,1,1.0,1,0.2946248146828735,37
493,0,1151,366,785,0,0,0,1.0,1,1.0,1,1.0,1,0.2946248146828735,37
494,3,1154,367,787,0,0,0,1.0,1,1.0,1,1.0,1,0.30070277900344416,39
495,0,1154,367,787,0,0,0,1.0,1,1.0,1,1.0,1,0.30236897726766476,40
496,1,1155,367,788,0,0,0,1.0,1,1.0,1,1.0,1,0.29328864088795514,40
497,2,1157,367,790,0,0,0,1.0,1,1.0,1,1.0,1,0.23626537948102033,43
498,0,1157,367,790,0,0,0,1.0,1,1.0,1,1.0,1,0.23626537948102033,43
499,1,1158,368,790,0,0,0,1.0,1,1.0,1,1.0,1,0.24292213434035143,44
500,2,1160,369,791,0,0,0,1.0,1,1.0,1,1.0,1,0.2075342537792864,45
501,3,1163,370,793,0,0,0,1.0,1,1.0,1,1.0,1,0.2041214607949473,45
502,2,1165,371,794,0,0,0,1.0,1,1.0,1,1.0,1,0.18629948802213359,45
503,3,1168,373,795,0,0,0,1.0,1,1.0,1,1.0,1,0.1957629487805927,46
504,3,1171,375,796,0,0,0,1.0,1,1.0,1,1.0,1,0.22788059226503699,47
505,0,1171,375,796,0,0,0,1.0,1,1.0,1,1.0,1,0.24067844839285527,42
506,3,1174,378,796,0,0,0,1.0,1,1.0,1,1.0,1,0.3269167576353724,41
507,0,1174,378,796,0,0,0,1.0,1,1.0,1,1.0,1,0.33579632592251196,38
508,1,1175,379,796,0,0,0,1.0,1,1.0,1,1.0,1,0.37967496799562933,38
509,3,1178,381,797,0,0,0,1.0,1,1.0,1,1.0,1,0.4131050047586973,37
510,2,1180,381,799,0,0,0,1.0,1,1.0,1,1.0,1,0.3895789605980023,36
511,0,1180,381,799,0,0,0,1.0,1,1.0,1,1.0,1,0.36902028664886527,34
512,0,1180,381,799,0,0,0,1.0,1,1.0,1,1.0,1,0.3532273762741975,32
513,0,1180,381,799,0,0,0,1.0,1,1.0,1,1.0,1,0.3532273762741975,32
514,0,1180,381,799,0,0,0,1.0,1,1.0,1,1.0,1,0.37922200714021187,35
515,0,1180,381,799,0,0,0,1.0,1,1.0,1,1.0,1,0.37922200714021187,35
516,1,1181,381,800,0,0,0,1.0,1,1.0,1,1.0,1,0.37888380943331584,36
517,0,1181,381,800,0,0,0,1.0,1,1.0,1,1.0,1,0.37888380943331584,36
518,0,1181,381,800,0,0,0,1.0,1,1.0,1,1.0,1,0.40291402409620686,39
519,1,1182,382,800,0,0,0,1.0,1,1.0,1,1.0,1,0.38098669778348165,39
520,1,1183,383,800,0,0,0,1.0,1,1.0,1,1.0,1,0.4189833800223827,39
521,9,1192,384,808,0,0,0,1.0,1,1.0,1,1.0,1,0.2751657845776657,40
522,2,1194,385,809,0,0,0,1.0,1,1.0,1,1.0,1,0.2699564023463559,40
523,0,1194,385,809,0,0,0,1.0,1,1.0,1,1.0,1,0.2740822670386562,41
524,2,1196,387,809,0,0,0,1.0,1,1.0,1,1.0,1,0.27232249979141027,41
525,1,1197,388,809,0,0,0,1.0,1,1.0,1,1.0,1,0.29172398754568346,40
526,0,1197,388,809,0,0,0,1.0,1,1.0,1,1.0,1,0.3003151000686395,40
527,0,1197,388,809,0,0,0,1.0,1,1.0,1,1.0,1,0.3003151000686395,40
528,3,1200,389,811,0,0,0,1.0,1,1.0,1,1.0,1,0.31680235456460787,40
529,0,1200,389,811,0,0,0,1.0,1,1.0,1,1.0,1,0.3327070849897596,39
530,1,1201,389,812,0,0,0,1.0,1,1.0,1,1.0,1,0.3043869935361177,39
531,1,1202,390,812,0,0,0,1.0,1,1.0,1,1.0,1,0.28354732278696354,39
532,1,1203,390,813,0,0,0,1.0,1,1.0,1,1.0,1,0.3080107164650324,40
533,2,1205,391,814,0,0,0,1.0,1,1.0,1,1.0,1,0.3430508951399944,40
534,1,1206,391,815,0,0,0,1.0,1,1.0,1,1.0,1,0.3411584689849911,42
535,3,1209,392,817,0,0,0,1.0,1,1.0,1,1.0,1,0.37984461218034415,42
536,2,1211,392,819,0,0,0,1.0,1,1.0,1,1.0,1,0.38759178316581594,43
537,2,1213,392,821,0,0,0,1.0,1,1.0,1,1.0,1,0.39835890884878455,43
538,0,1213,392,821,0,0,0,1.0,1,1.0,1,1.0,1,0.39902742161722354,44
539,1,1214,392,822,0,0,0,1.0,1,1.0,1,1.0,1,0.3853130400085989,44
540,3,1217,393,824,0,0,0,1.0,1,1.0,1,1.0,1,0.378055340636382,44
541,4,1221,393,828,0,0,0,1.0,1,1.0,1,1.0,1,0.3019136280528325,45
542,1,1222,394,828,0,0,0,1.0,1,1.0,1,1.0,1,0.30687505438193646,46
543,1,1223,395,828,0,0,0,1.0,1,1.0,1,1.0,1,0.3229793656850794,43
544,2,1225,397,828,0,0,0,1.0,1,1.0,1,1.0,1,0.33024221724607217,42
545,6,1231,398,833,0,0,0,1.0,1,1.0,1,1.0,1,0.25571772081116323,43
546,2,1233,400,833,0,0,0,1.0,1,1.0,1,1.0,1,0.29865420224359973,41
547,1,1234,400,834,0,0,0,1.0,1,1.0,1,1.0,1,0.2530257650584745,40
548,5,1239,403,836,0,0,0,1.0,1,1.0,1,1.0,1,0.3357447652675338,40
549,2,1241,405,836,0,0,0,1.0,1,1.0,1,1.0,1,0.3738048666365897,39
550,0,1241,405,836,0,0,0,1.0,1,1.0,1,1.0,1,0.3555976941272491,38
551,2,1243,407,836,0,0,0,1.0,1,1.0,1,1.0,1,0.3868886921445057,38
552,1,1244,408,836,0,0,0,1.0,1,1.0,1,1.0,1,0.41142586405907294,39
553,2,1246,408,838,0,0,0,1.0,1,1.0,1,1.0,1,0.3787218737082122,38
554,1,1247,409,838,0,0,0,1.0,1,1.0,1,1.0,1,0.4032526596377854,39
555,0,1247,409,838,0,0,0,1.0,1,1.0,1,1.0,1,0.39187582421067696,39
556,2,1249,410,839,0,0,0,1.0,1,1.0,1,1.0,1,0.3949271282077839,40
557,1,1250,410,840,0,0,0,1.0,1,1.0,1,1.0,1,0.3995771623921273,40
558,1,1251,410,841,0,0,0,1.0,1,1.0,1,1.0,1,0.3760750656273445,40
559,2,1253,411,842,0,0,0,1.0,1,1.0,1,1.0,1,0.3612310436600047,40
560,1,1254,411,843,0,0,0,1.0,1,1.0,1,1.0,1,0.35352373775990936,41
561,7,1261,412,849,0,0,0,1.0,1,1.0,1,1.0,1,0.2728369859601988,42
562,1,1262,413,849,0,0,0,1.0,1,1.0,1,1.0,1,0.27143465584255144,42
563,3,1265,415,850,0,0,0,1.0,1,1.0,1,1.0,1,0.31917802692536923,42
564,2,1267,415,852,0,0,0,1.0,1,1.0,1,1.0,1,0.2848849177061273,43
565,1,1268,415,853,0,0,0,1.0,1,1.0,1,1.0,1,0.27441511283396086,44
566,1,1269,415,854,0,0,0,1.0,1,1.0,1,1.0,1,0.2785919822678216,45
567,1,1270,416,854,0,0,0,1.0,1,1.0,1,1.0,1,0.30624971477910395,45
568,4,1274,416,858,0,0,0,1.0,1,1.0,1,1.0,1,0.2211461147626824,46
569,0,1274,416,858,0,0,0,1.0,1,1.0,1,1.0,1,0.20592139858429964,47
570,3,1277,417,860,0,0,0,1.0,1,1.0,1,1.0,1,0.23915230092865006,48
571,2,1279,418,861,0,0,0,1.0,1,1.0,1,1.0,1,0.2341553862412144,48
572,0,1279,418,861,0,0,0,1.0,1,1.0,1,1.0,1,0.24351906052799668,47
573,0,1279,418,861,0,0,0,1.0,1,1.0,1,1.0,1,0.24793511165496124,49
574,0,1279,418,861,0,0,0,1.0,1,1.0,1,1.0,1,0.24793511165496124,49
575,0,1279,418,861,0,0,0,1.0,1,1.0,1,1.0,1,0.24205331388764348,50
576,2,1281,418,863,0,0,0,1.0,1,1.0,1,1.0,1,0.24148374856088536,51
577,3,1284,418,866,0,0,0,1.0,1,1.0,1,1.0,1,0.21292431623847166,51
578,5,1289,419,870,0,0,0,1.0,1,1.0,1,1.0,1,0.2105169009056988,51
579,2,1291,419,872,0,0,0,1.0,1,1.0,1,1.0,1,0.20658684883814746,52
580,8,1299,420,879,0,0,0,1.0,1,1.0,1,1.0,1,0.1899558100973108,52
581,4,1303,421,882,0,0,0,1.0,1,1.0,1,1.0,1,0.12164231741923184,52
582,0,1303,421,882,0,0,0,1.0,1,1.0,1,1.0,1,0.1326950468752673,53
583,1,1304,422,882,0,0,0,1.0,1,1.0,1,1.0,1,0.13089858796600315,51
584,3,1307,425,882,0,0,0,1.0,1,1.0,1,1.0,1,0.12758076204416532,51
585,3,1310,428,882,0,0,0,1.0,1,1.0,1,1.0,1,0.19492419046981319,49
586,1,1311,429,882,0,0,0,1.0,1,1.0,1,1.0,1,0.18857388358984548,49
587,1,1312,430,882,0,0,0,1.0,1,1.0,1,1.0,1,0.2409630572626501,48
588,2,1314,432,882,0,0,0,1.0,1,1.0,1,1.0,1,0.28369846467687176,46
589,3,1317,433,884,0,0,0,1.0,1,1.0,1,1.0,1,0.26735927158005185,48
590,1,1318,434,884,0,0,0,1.0,1,1.0,1,1.0,1,0.24918223854269478,47
591,2,1320,436,884,0,0,0,1.0,1,1.0,1,1.0,1,0.239819456847208,48
592,0,1320,436,884,0,0,0,1.0,1,1.0,1,1.0,1,0.25032568818395606,47
593,3,1323,439,884,0,0,0,1.0,1,1.0,1,1.0,1,0.2921645491661057,45
594,2,1325,440,885,0,0,0,1.0,1,1.0,1,1.0,1,0.2857746271169548,44
595,3,1328,443,885,0,0,0,1.0,1,1.0,1,1.0,1,0.30457140018478834,43
596,2,1330,444,886,0,0,0,1.0,1,1.0,1,1.0,1,0.33688572600791616,44
597,0,1330,444,886,0,0,0,1.0,1,1.0,1,1.0,1,0.34128145771766616,43
598,3,1333,445,888,0,0,0,1.0,1,1.0,1,1.0,1,0.3042965119288785,45
599,3,1336,447,889,0,0,0,1.0,1,1.0,1,1.0,1,0.33474683805128014,44
600,1,1337,447,890,0,0,0,1.0,1,1.0,1,1.0,1,0.31499849887387815,44
601,5,1342,447,895,0,0,0,1.0,1,1.0,1,1.0,1,0.2427259441459606,45
602,2,1344,448,896,0,0,0,1.0,1,1.0,1,1.0,1,0.27638737785922574,46
603,0,1344,448,896,0,0,0,1.0,1,1.0,1,1.0,1,0.28237267456386855,46
604,1,1345,448,897,0,0,0,1.0,1,1.0,1,1.0,1,0.25952518794778584,47
605,1,1346,449,897,0,0,0,1.0,1,1.0,1,1.0,1,0.2544823856284893,47
606,0,1346,449,897,0,0,0,1.0,1,1.0,1,1.0,1,0.26727711083309386,47
607,2,1348,449,899,0,0,0,1.0,1,1.0,1,1.0,1,0.277740106526916,48
608,2,1350,449,901,0,0,0,1.0,1,1.0,1,1.0,1,0.30648502051463894,47
609,6,1356,449,907,0,0,0,1.0,1,1.0,1,1.0,1,0.28969973980480956,48
610,1,1357,449,908,0,0,0,1.0,1,1.0,1,1.0,1,0.31082406450163674,48
611,5,1362,451,911,0,0,0,1.0,1,1.0,1,1.0,1,0.2705862203981596,49
612,4,1366,451,915,0,0,0,1.0,1,1.0,1,1.0,1,0.24242517376299505,50
613,4,1370,452,918,0,0,0,1.0,1,1.0,1,1.0,1,0.24301017340869852,50
614,0,1370,452,918,0,0,0,1.0,1,1.0,1,1.0,1,0.24301017340869852,50
615,3,1373,453,920,0,0,0,1.0,1,1.0,1,1.0,1,0.21995468969940543,50
616,2,1375,453,922,0,0,0,1.0,1,1.0,1,1.0,1,0.21995468969940543,50
617,3,1378,453,925,0,0,0,1.0,1,1.0,1,1.0,1,0.22155772773235247,52
618,1,1379,453,926,0,0,0,1.0,1,1.0,1,1.0,1,0.2274626294177415,52
619,1,1380,453,927,0,0,0,1.0,1,1.0,1,1.0,1,0.20130999439426953,50
620,1,1381,453,928,0,0,0,1.0,1,1.0,1,1.0,1,0.19979343828798862,50
621,3,1384,455,929,0,0,0,1.0,1,1.0,1,1.0,1,0.21960018378815913,49
622,1,1385,455,930,0,0,0,1.0,1,1.0,1,1.0,1,0.20171218499710275,49
623,2,1387,456,931,0,0,0,1.0,1,1.0,1,1.0,1,0.1701913799366487,48
624,3,1390,459,931,0,0,0,1.0,1,1.0,1,1.0,1,0.2459774036185675,46
625,1,1391,460,931,0,0,0,1.0,1,1.0,1,1.0,1,0.23420419119947,45
626,6,1397,463,934,0,0,0,1.0,1,1.0,1,1.0,1,0.2433499541236274,44
627,2,1399,465,934,0,0,0,1.0,1,1.0,1,1.0,1,0.3025541421008195,44
628,3,1402,467,935,0,0,0,1.0,1,1.0,1,1.0,1,0.31011716083945295,44
629,1,1403,467,936,0,0,0,1.0,1,1.0,1,1.0,1,0.25810470277841113,41
630,4,1407,470,937,0,0,0,1.0,1,1.0,1,1.0,1,0.28907454024169066,40
631,2,1409,472,937,0,0,0,1.0,1,1.0,1,1.0,1,0.3888942212701159,38
632,2,1411,473,938,0,0,0,1.0,1,1.0,1,1.0,1,0.38960329148158124,38
633,0,1411,473,938,0,0,0,1.0,1,1.0,1,1.0,1,0.3922998672542228,36
634,0,1411,473,938,0,0,0,1.0,1,1.0,1,1.0,1,0.38585537562575634,35
635,1,1412,474,938,0,0,0,1.0,1,1.0,1,1.0,1,0.39784840916496167,35
636,1,1413,475,938,0,0,0,1.0,1,1.0,1,1.0,1,0.45140564894329893,36
637,1,1414,475,939,0,0,0,1.0,1,1.0,1,1.0,1,0.41665419594003494,35
638,1,1415,476,939,0,0,0,1.0,1,1.0,1,1.0,1,0.4357286794214481,34
639,1,1416,477,939,0,0,0,1.0,1,1.0,1,1.0,1,0.42220194911381076,36
640,3,1419,478,941,0,0,0,1.0,1,1.0,1,1.0,1,0.41696058382206974,37
641,7,1426,478,948,0,0,0,1.0,1,1.0,1,1.0,1,0.26178617745257643,37
642,1,1427,478,949,0,0,0,1.0,1,1.0,1,1.0,1,0.22098280538241938,38
643,4,1431,479,952,0,0,0,1.0,1,1.0,1,1.0,1,0.19559569285849435,39
644,3,1434,480,954,0,0,0,1.0,1,1.0,1,1.0,1,0.24036874282299958,39
645,5,1439,480,959,0,0,0,1.0,1,1.0,1,1.0,1,0.21796965506109053,39
646,5,1444,481,963,0,0,0,1.0,1,1.0,1,1.0,1,0.26492533588841594,40
647,4,1448,481,967,0,0,0,1.0,1,1.0,1,1.0,1,0.26434636691948094,40
648,4,1452,481,971,0,0,0,1.0,1,1.0,1,1.0,1,0.26173232812601327,40
649,6,1458,481,977,0,0,0,1.0,1,1.0,1,1.0,1,0.2746332985942236,40
650,5,1463,481,982,0,0,0,1.0,1,1.0,1,1.0,1,0.29429947675036866,41
651,7,1470,482,988,0,0,0,1.0,1,1.0,1,1.0,1,0.3020411607604975,42
652,8,1478,482,996,0,0,0,1.0,1,1.0,1,1.0,1,0.31217962173931535,41
653,6,1484,482,1002,0,0,0,1.0,1,1.0,1,1.0,1,0.31217962173931535,41
654,6,1490,482,1008,0,0,0,1.0,1,1.0,1,1.0,1,0.3162639130602569,42
655,7,1497,482,1015,0,0,0,1.0,1,1.0,1,1.0,1,0.2792328807698047,45
656,9,1506,485,1021,0,0,0,1.0,1,1.0,1,1.0,1,0.33642085791111087,45
657,4,1510,485,1025,0,0,0,1.0,1,1.0,1,1.0,1,0.2986744930913876,43
658,5,1515,486,1029,0,0,0,1.0,1,1.0,1,1.0,1,0.30313213692300944,43
659,1,1516,487,1029,0,0,0,1.0,1,1.0,1,1.0,1,0.2579130903298362,43
660,3,1519,488,1031,0,0,0,1.0,1,1.0,1,1.0,1,0.27825861414798897,43
661,1,1520,489,1031,0,0,0,1.0,1,1.0,1,1.0,1,0.29246356737237345,41
662,0,1520,489,1031,0,0,0,1.0,1,1.0,1,1.0,1,0.34061396760769613,40
663,2,1522,490,1032,0,0,0,1.0,1,1.0,1,1.0,1,0.3186071887243989,39
664,1,1523,491,1032,0,0,0,1.0,1,1.0,1,1.0,1,0.3359488727680718,36
665,1,1524,491,1033,0,0,0,1.0,1,1.0,1,1.0,1,0.30998291781828835,36
666,3,1527,494,1033,0,0,0,1.0,1,1.0,1,1.0,1,0.30908719095575826,36
667,2,1529,494,1035,0,0,0,1.0,1,1.0,1,1.0,1,0.2645692036728209,35
668,2,1531,496,1035,0,0,0,1.0,1,1.0,1,1.0,1,0.3021666411864296,34
669,3,1534,499,1035,0,0,0,1.0,1,1.0,1,1.0,1,0.33816378294673693,34
670,1,1535,500,1035,0,0,0,1.0,1,1.0,1,1.0,1,0.3771314733820347,32
671,1,1536,501,1035,0,0,0,1.0,1,1.0,1,1.0,1,0.3807144451177065,33
672,0,1536,501,1035,0,0,0,1.0,1,1.0,1,1.0,1,0.4083507797906973,32
673,0,1536,501,1035,0,0,0,1.0,1,1.0,1,1.0,1,0.4083507797906973,32
674,3,1539,503,1036,0,0,0,1.0,1,1.0,1,1.0,1,0.44056214832963586,32
675,3,1542,505,1037,0,0,0,1.0,1,1.0,1,1.0,1,0.46515907969015396,34
676,4,1546,506,1040,0,0,0,1.0,1,1.0,1,1.0,1,0.3477347338854945,35
677,0,1546,506,1040,0,0,0,1.0,1,1.0,1,1.0,1,0.3477347338854945,35
678,2,1548,508,1040,0,0,0,1.0,1,1.0,1,1.0,1,0.3036413482679353,35
679,3,1551,509,1042,0,0,0,1.0,1,1.0,1,1.0,1,0.2780129111767586,36
680,2,1553,510,1043,0,0,0,1.0,1,1.0,1,1.0,1,0.2390391762572983,37
681,3,1556,510,1046,0,0,0,1.0,1,1.0,1,1.0,1,0.17087354629483564,37
682,1,1557,511,1046,0,0,0,1.0,1,1.0,1,1.0,1,0.16332607574021782,37
683,0,1557,511,1046,0,0,0,1.0,1,1.0,1,1.0,1,0.14824016334709006,38
684,2,1559,512,1047,0,0,0,1.0,1,1.0,1,1.0,1,0.15923857999926444,39
685,0,1559,512,1047,0,0,0,1.0,1,1.0,1,1.0,1,0.14606530271671467,38
686,0,1559,512,1047,0,0,0,1.0,1,1.0,1,1.0,1,0.1363595560533869,37
687,2,1561,513,1048,0,0,0,1.0,1,1.0,1,1.0,1,0.1929913340427392,38
688,0,1561,513,1048,0,0,0,1.0,1,1.0,1,1.0,1,0.1873953265267873,37
689,3,1564,515,1049,0,0,0,1.0,1,1.0,1,1.0,1,0.25432247918904494,39
690,1,1565,515,1050,0,0,0,1.0,1,1.0,1,1.0,1,0.2507718712497972,38
691,1,1566,516,1050,0,0,0,1.0,1,1.0,1,1.0,1,0.24480122791506922,38
692,1,1567,517,1050,0,0,0,1.0,1,1.0,1,1.0,1,0.2435918797576561,38
693,3,1570,519,1051,0,0,0,1.0,1,1.0,1,1.0,1,0.26694025612167804,40
694,4,1574,521,1053,0,0,0,1.0,1,1.0,1,1.0,1,0.31133829209086966,42
695,1,1575,521,1054,0,0,0,1.0,1,1.0,1,1.0,1,0.26122418407432874,40
696,1,1576,522,1054,0,0,0,1.0,1,1.0,1,1.0,1,0.2798121668795125,39
697,0,1576,522,1054,0,0,0,1.0,1,1.0,1,1.0,1,0.283424656510589,39
698,2,1578,523,1055,0,0,0,1.0,1,1.0,1,1.0,1,0.25636189314998226,37
699,0,1578,523,1055,0,0,0,1.0,1,1.0,1,1.0,1,0.2462713520854277,37
700,4,1582,525,1057,0,0,0,1.0,1,1.0,1,1.0,1,0.25111488487212186,37
701,4,1586,527,1059,0,0,0,1.0,1,1.0,1,1.0,1,0.2144818793977734,37
702,0,1586,527,1059,0,0,0,1.0,1,1.0,1,1.0,1,0.22261832810400492,38
703,7,1593,531,1062,0,0,0,1.0,1,1.0,1,1.0,1,0.21295532145828197,36
704,2,1595,532,1063,0,0,0,1.0,1,1.0,1,1.0,1,0.1845417785666044,36
705,1,1596,533,1063,0,0,0,1.0,1,1.0,1,1.0,1,0.16571012391134676,36
706,3,1599,536,1063,0,0,0,1.0,1,1.0,1,1.0,1,0.23339981469922977,35
707,2,1601,538,1063,0,0,0,1.0,1,1.0,1,1.0,1,0.2578213032139138,36
708,4,1605,540,1065,0,0,0,1.0,1,1.0,1,1.0,1,0.2489905693299934,36
709,2,1607,541,1066,0,0,0,1.0,1,1.0,1,1.0,1,0.24255464884353123,34
710,1,1608,542,1066,0,0,0,1.0,1,1.0,1,1.0,1,0.2547219311625829,34
711,0,1608,542,1066,0,0,0,1.0,1,1.0,1,1.0,1,0.2575108854702763,34
712,2,1610,544,1066,0,0,0,1.0,1,1.0,1,1.0,1,0.28121005162162344,35
713,4,1614,546,1068,0,0,0,1.0,1,1.0,1,1.0,1,0.28144204159576475,34
714,0,1614,546,1068,0,0,0,1.0,1,1.0,1,1.0,1,0.26171003464786563,34
715,1,1615,546,1069,0,0,0,1.0,1,1.0,1,1.0,1,0.2704095493892823,35
716,0,1615,546,1069,0,0,0,1.0,1,1.0,1,1.0,1,0.2932923399711239,33
717,1,1616,547,1069,0,0,0,1.0,1,1.0,1,1.0,1,0.36075043822330616,33
718,1,1617,548,1069,0,0,0,1.0,1,1.0,1,1.0,1,0.400986213516229,32
719,3,1620,549,1071,0,0,0,1.0,1,1.0,1,1.0,1,0.4091731417141123,32
720,3,1623,549,1074,0,0,0,1.0,1,1.0,1,1.0,1,0.39865925626309084,33
721,3,1626,549,1077,0,0,0,1.0,1,1.0,1,1.0,1,0.3311117716404151,33
722,2,1628,550,1078,0,0,0,1.0,1,1.0,1,1.0,1,0.32052484730031,34
723,0,1628,550,1078,0,0,0,1.0,1,1.0,1,1.0,1,0.32052484730031,34
724,2,1630,550,1080,0,0,0,1.0,1,1.0,1,1.0,1,0.28535481307138744,36
725,0,1630,550,1080,0,0,0,1.0,1,1.0,1,1.0,1,0.28535481307138744,36
726,3,1633,551,1082,0,0,0,1.0,1,1.0,1,1.0,1,0.2582371889954932,36
727,1,1634,551,1083,0,0,0,1.0,1,1.0,1,1.0,1,0.22469388829676587,36
728,1,1635,551,1084,0,0,0,1.0,1,1.0,1,1.0,1,0.23232938633156228,37
729,0,1635,551,1084,0,0,0,1.0,1,1.0,1,1.0,1,0.24909248651043134,37
730,0,1635,551,1084,0,0,0,1.0,1,1.0,1,1.0,1,0.2579438713652859,38
731,0,1635,551,1084,0,0,0,1.0,1,1.0,1,1.0,1,0.27591512191723755,39
732,1,1636,551,1085,0,0,0,1.0,1,1.0,1,1.0,1,0.24833457294906805,41
733,1,1637,552,1085,0,0,0,1.0,1,1.0,1,1.0,1,0.23481010286555104,39
734,2,1639,554,1085,0,0,0,1.0,1,1.0,1,1.0,1,0.26155070570839356,39
735,0,1639,554,1085,0,0,0,1.0,1,1.0,1,1.0,1,0.2674518589735993,39
736,1,1640,554,1086,0,0,0,1.0,1,1.0,1,1.0,1,0.29041192497952484,38
737,1,1641,555,1086,0,0,0,1.0,1,1.0,1,1.0,1,0.32685564692452135,39
738,0,1641,555,1086,0,0,0,1.0,1,1.0,1,1.0,1,0.30049962286725834,37
739,2,1643,557,1086,0,0,0,1.0,1,1.0,1,1.0,1,0.3559213323739935,37
740,0,1643,557,1086,0,0,0,1.0,1,1.0,1,1.0,1,0.3353498606717795,35
741,3,1646,557,1089,0,0,0,1.0,1,1.0,1,1.0,1,0.23797489762141055,33
742,2,1648,558,1090,0,0,0,1.0,1,1.0,1,1.0,1,0.2794918388474777,35
743,3,1651,561,1090,0,0,0,1.0,1,1.0,1,1.0,1,0.35262335439968656,35
744,4,1655,564,1091,0,0,0,1.0,1,1.0,1,1.0,1,0.26843625265888243,34
745,4,1659,566,1093,0,0,0,1.0,1,1.0,1,1.0,1,0.26090923511632597,34
746,1,1660,567,1093,0,0,0,1.0,1,1.0,1,1.0,1,0.23352533534058414,33
747,0,1660,567,1093,0,0,0,1.0,1,1.0,1,1.0,1,0.22810600474506165,32
748,1,1661,567,1094,0,0,0,1.0,1,1.0,1,1.0,1,0.20385254975608164,33
749,1,1662,568,1094,0,0,0,1.0,1,1.0,1,1.0,1,0.1952510295760477,33
750,2,1664,569,1095,0,0,0,1.0,1,1.0,1,1.0,1,0.2165027578628734,34
751,1,1665,570,1095,0,0,0,1.0,1,1.0,1,1.0,1,0.2178276568814397,36
752,3,1668,572,1096,0,0,0,1.0,1,1.0,1,1.0,1,0.2742343256368338,35
753,0,1668,572,1096,0,0,0,1.0,1,1.0,1,1.0,1,0.28524818238169786,37
754,2,1670,573,1097,0,0,0,1.0,1,1.0,1,1.0,1,0.2864176268877883,37
755,2,1672,574,1098,0,0,0,1.0,1,1.0,1,1.0,1,0.2889175887371585,35
756,4,1676,575,1101,0,0,0,1.0,1,1.0,1,1.0,1,0.32492122788915895,36
757,1,1677,575,1102,0,0,0,1.0,1,1.0,1,1.0,1,0.34743339634507414,35
758,1,1678,575,1103,0,0,0,1.0,1,1.0,1,1.0,1,0.32460055850650604,36
759,1,1679,575,1104,0,0,0,1.0,1,1.0,1,1.0,1,0.345584557116519,37
760,2,1681,575,1106,0,0,0,1.0,1,1.0,1,1.0,1,0.37134442030738596,36
761,7,1688,575,1113,0,0,0,1.0,1,1.0,1,1.0,1,0.2033423580312515,36
762,0,1688,575,1113,0,0,0,1.0,1,1.0,1,1.0,1,0.2157053980794831,37
763,0,1688,575,1113,0,0,0,1.0,1,1.0,1,1.0,1,0.2280849729606801,38
764,0,1688,575,1113,0,0,0,1.0,1,1.0,1,1.0,1,0.2280849729606801,38
765,0,1688,575,1113,0,0,0,1.0,1,1.0,1,1.0,1,0.2280849729606801,38
766,0,1688,575,1113,0,0,0,1.0,1,1.0,1,1.0,1,0.21863161295606046,40
767,2,1690,575,1115,0,0,0,1.0,1,1.0,1,1.0,1,0.18874496968788024,41
768,1,1691,576,1115,0,0,0,1.0,1,1.0,1,1.0,1,0.21267424644679894,41
769,0,1691,576,1115,0,0,0,1.0,1,1.0,1,1.0,1,0.22474286501196672,42
770,0,1691,576,1115,0,0,0,1.0,1,1.0,1,1.0,1,0.26681349687957506,41
771,0,1691,576,1115,0,0,0,1.0,1,1.0,1,1.0,1,0.24915499707683775,41
772,2,1693,578,1115,0,0,0,1.0,1,1.0,1,1.0,1,0.2623112451816365,41
773,1,1694,578,1116,0,0,0,1.0,1,1.0,1,1.0,1,0.2525507869032611,41
774,2,1696,580,1116,0,0,0,1.0,1,1.0,1,1.0,1,0.2773252664728365,42
775,3,1699,580,1119,0,0,0,1.0,1,1.0,1,1.0,1,0.24392861250125167,42
776,2,1701,580,1121,0,0,0,1.0,1,1.0,1,1.0,1,0.26475194918441564,42
777,2,1703,580,1123,0,0,0,1.0,1,1.0,1,1.0,1,0.25253643132007586,42
778,2,1705,580,1125,0,0,0,1.0,1,1.0,1,1.0,1,0.2750554659533853,44
779,1,1706,581,1125,0,0,0,1.0,1,1.0,1,1.0,1,0.287982316815024,44
780,5,1711,582,1129,0,0,0,1.0,1,1.0,1,1.0,1,0.24051623850262085,44
781,3,1714,582,1132,0,0,0,1.0,1,1.0,1,1.0,1,0.21925372563056508,46
782,2,1716,583,1133,0,0,0,1.0,1,1.0,1,1.0,1,0.18140039786405576,45
783,0,1716,583,1133,0,0,0,1.0,1,1.0,1,1.0,1,0.1603173996751693,44
784,1,1717,584,1133,0,0,0,1.0,1,1.0,1,1.0,1,0.1953688607184702,44
785,1,1718,585,1133,0,0,0,1.0,1,1.0,1,1.0,1,0.2043637994836066,43
786,0,1718,585,1133,0,0,0,1.0,1,1.0,1,1.0,1,0.2043637994836066,43
787,0,1718,585,1133,0,0,0,1.0,1,1.0,1,1.0,1,0.2043637994836066,43
788,3,1721,587,1134,0,0,0,1.0,1,1.0,1,1.0,1,0.2108617041683789,45
789,2,1723,588,1135,0,0,0,1.0,1,1.0,1,1.0,1,0.20809819155594456,46
790,1,1724,589,1135,0,0,0,1.0,1,1.0,1,1.0,1,0.2426043971171389,45
791,3,1727,590,1137,0,0,0,1.0,1,1.0,1,1.0,1,0.24193910501964225,46
792,1,1728,590,1138,0,0,0,1.0,1,1.0,1,1.0,1,0.2799038249279648,46
793,0,1728,590,1138,0,0,0,1.0,1,1.0,1,1.0,1,0.2799038249279648,46
794,1,1729,590,1139,0,0,0,1.0,1,1.0,1,1.0,1,0.27563115280431405,47
795,0,1729,590,1139,0,0,0,1.0,1,1.0,1,1.0,1,0.27563115280431405,47
796,1,1730,591,1139,0,0,0,1.0,1,1.0,1,1.0,1,0.2961564143029572,46
797,2,1732,593,1139,0,0,0,1.0,1,1.0,1,1.0,1,0.30411974130532593,47
798,6,1738,594,1144,0,0,0,1.0,1,1.0,1,1.0,1,0.2684447878023004,48
799,3,1741,594,1147,0,0,0,1.0,1,1.0,1,1.0,1,0.22184872914443857,48
800,3,1744,595,1149,0,0,0,1.0,1,1.0,1,1.0,1,0.20441129139213898,48
801,4,1748,596,1152,0,0,0,1.0,1,1.0,1,1.0,1,0.17678941790485123,49
802,0,1748,596,1152,0,0,0,1.0,1,1.0,1,1.0,1,0.17522069857825753,50
803,0,1748,596,1152,0,0,0,1.0,1,1.0,1,1.0,1,0.18386975524550517,49
804,3,1751,599,1152,0,0,0,1.0,1,1.0,1,1.0,1,0.2060622939277792,50
805,0,1751,599,1152,0,0,0,1.0,1,1.0,1,1.0,1,0.2060622939277792,50
806,0,1751,599,1152,0,0,0,1.0,1,1.0,1,1.0,1,0.2060622939277792,50
807,2,1753,599,1154,0,0,0,1.0,1,1.0,1,1.0,1,0.187943527079063,51
808,1,1754,600,1154,0,0,0,1.0,1,1.0,1,1.0,1,0.21820807652150676,51
809,5,1759,601,1158,0,0,0,1.0,1,1.0,1,1.0,1,0.1783760026926454,51
810,1,1760,601,1159,0,0,0,1.0,1,1.0,1,1.0,1,0.17908142132535126,52
811,1,1761,601,1160,0,0,0,1.0,1,1.0,1,1.0,1,0.14266720203384256,50
812,1,1762,602,1160,0,0,0,1.0,1,1.0,1,1.0,1,0.18593769788730816,48
813,2,1764,603,1161,0,0,0,1.0,1,1.0,1,1.0,1,0.20363142862569358,49
814,0,1764,603,1161,0,0,0,1.0,1,1.0,1,1.0,1,0.1917621645943264,48
815,3,1767,606,1161,0,0,0,1.0,1,1.0,1,1.0,1,0.30343177836452645,48
816,2,1769,607,1162,0,0,0,1.0,1,1.0,1,1.0,1,0.26244536841222893,46
817,0,1769,607,1162,0,0,0,1.0,1,1.0,1,1.0,1,0.3098071880085888,44
818,0,1769,607,1162,0,0,0,1.0,1,1.0,1,1.0,1,0.30754600510113517,46
819,0,1769,607,1162,0,0,0,1.0,1,1.0,1,1.0,1,0.3102830629587135,44
820,0,1769,607,1162,0,0,0,1.0,1,1.0,1,1.0,1,0.3149024563040429,44
821,3,1772,607,1165,0,0,0,1.0,1,1.0,1,1.0,1,0.2564515399112509,44
822,2,1774,609,1165,0,0,0,1.0,1,1.0,1,1.0,1,0.31053475347562276,44
823,2,1776,610,1166,0,0,0,1.0,1,1.0,1,1.0,1,0.2770053186591077,42
824,4,1780,614,1166,0,0,0,1.0,1,1.0,1,1.0,1,0.26126476579593877,42
825,3,1783,615,1168,0,0,0,1.0,1,1.0,1,1.0,1,0.19831315928913365,40
826,2,1785,617,1168,0,0,0,1.0,1,1.0,1,1.0,1,0.20146110710301984,41
827,1,1786,618,1168,0,0,0,1.0,1,1.0,1,1.0,1,0.18059244792404547,40
828,3,1789,621,1168,0,0,0,1.0,1,1.0,1,1.0,1,0.2015679042741159,40
829,3,1792,623,1169,0,0,0,1.0,1,1.0,1,1.0,1,0.21831302912310996,42
830,2,1794,625,1169,0,0,0,1.0,1,1.0,1,1.0,1,0.25853878040373157,42
831,4,1798,627,1171,0,0,0,1.0,1,1.0,1,1.0,1,0.24584160722910825,43
832,4,1802,629,1173,0,0,0,1.0,1,1.0,1,1.0,1,0.2581069860495834,42
833,0,1802,629,1173,0,0,0,1.0,1,1.0,1,1.0,1,0.2819167276121777,41
834,2,1804,630,1174,0,0,0,1.0,1,1.0,1,1.0,1,0.2973382918278765,41
835,0,1804,630,1174,0,0,0,1.0,1,1.0,1,1.0,1,0.3071958638592794,41
836,0,1804,630,1174,0,0,0,1.0,1,1.0,1,1.0,1,0.33079061030222023,40
837,0,1804,630,1174,0,0,0,1.0,1,1.0,1,1.0,1,0.31264890360379294,41
838,1,1805,630,1175,0,0,0,1.0,1,1.0,1,1.0,1,0.31182813722254044,41
839,1,1806,631,1175,0,0,0,1.0,1,1.0,1,1.0,1,0.28338282369812323,41
840,2,1808,631,1177,0,0,0,1.0,1,1.0,1,1.0,1,0.3056341707300967,42
841,3,1811,631,1180,0,0,0,1.0,1,1.0,1,1.0,1,0.2695189193534478,42
842,1,1812,632,1180,0,0,0,1.0,1,1.0,1,1.0,1,0.2943614138958351,42
843,2,1814,633,1181,0,0,0,1.0,1,1.0,1,1.0,1,0.2908869777043096,42
844,5,1819,634,1185,0,0,0,1.0,1,1.0,1,1.0,1,0.23674353488886082,42
845,4,1823,635,1188,0,0,0,1.0,1,1.0,1,1.0,1,0.1813594954159475,44
846,1,1824,636,1188,0,0,0,1.0,1,1.0,1,1.0,1,0.21786098144616273,44
847,1,1825,637,1188,0,0,0,1.0,1,1.0,1,1.0,1,0.20255640518655474,42
848,0,1825,637,1188,0,0,0,1.0,1,1.0,1,1.0,1,0.24137656868358373,43
849,1,1826,637,1189,0,0,0,1.0,1,1.0,1,1.0,1,0.2317832615069104,43
850,4,1830,639,1191,0,0,0,1.0,1,1.0,1,1.0,1,0.2249735851675399,41
851,0,1830,639,1191,0,0,0,1.0,1,1.0,1,1.0,1,0.21139468073748735,40
852,0,1830,639,1191,0,0,0,1.0,1,1.0,1,1.0,1,0.21139468073748735,40
853,1,1831,640,1191,0,0,0,1.0,1,1.0,1,1.0,1,0.21185816378526912,40
854,1,1832,641,1191,0,0,0,1.0,1,1.0,1,1.0,1,0.22806813237496398,40
855,1,1833,642,1191,0,0,0,1.0,1,1.0,1,1.0,1,0.24154693938523708,41
856,2,1835,643,1192,0,0,0,1.0,1,1.0,1,1.0,1,0.259391453972049,41
857,1,1836,644,1192,0,0,0,1.0,1,1.0,1,1.0,1,0.26132775508122896,42
858,2,1838,644,1194,0,0,0,1.0,1,1.0,1,1.0,1,0.2522605990066295,43
859,1,1839,644,1195,0,0,0,1.0,1,1.0,1,1.0,1,0.24776671877246373,43
860,2,1841,644,1197,0,0,0,1.0,1,1.0,1,1.0,1,0.24545308313593037,44
861,4,1845,645,1200,0,0,0,1.0,1,1.0,1,1.0,1,0.2175041427733255,44
862,1,1846,645,1201,0,0,0,1.0,1,1.0,1,1.0,1,0.20638249228876496,44
863,2,1848,646,1202,0,0,0,1.0,1,1.0,1,1.0,1,0.2124762233346013,44
864,2,1850,647,1203,0,0,0,1.0,1,1.0,1,1.0,1,0.22262607293515332,44
865,1,1851,648,1203,0,0,0,1.0,1,1.0,1,1.0,1,0.190645811623665,43
866,5,1856,651,1205,0,0,0,1.0,1,1.0,1,1.0,1,0.22595316436629184,45
867,1,1857,651,1206,0,0,0,1.0,1,1.0,1,1.0,1,0.17203070563966372,44
868,2,1859,652,1207,0,0,0,1.0,1,1.0,1,1.0,1,0.1368977050023223,45
869,3,1862,655,1207,0,0,0,1.0,1,1.0,1,1.0,1,0.15795119432798674,44
870,1,1863,656,1207,0,0,0,1.0,1,1.0,1,1.0,1,0.17540158812477877,44
871,2,1865,657,1208,0,0,0,1.0,1,1.0,1,1.0,1,0.17319260552989413,43
872,1,1866,657,1209,0,0,0,1.0,1,1.0,1,1.0,1,0.18461628294541524,43
873,3,1869,659,1210,0,0,0,1.0,1,1.0,1,1.0,1,0.22739657768015553,43
874,7,1876,661,1215,0,0,0,1.0,1,1.0,1,1.0,1,0.18529686378187218,46
875,0,1876,661,1215,0,0,0,1.0,1,1.0,1,1.0,1,0.1980130501331429,43
876,0,1876,661,1215,0,0,0,1.0,1,1.0,1,1.0,1,0.20048776608994504,44
877,1,1877,662,1215,0,0,0,1.0,1,1.0,1,1.0,1,0.22293303691665178,44
878,2,1879,662,1217,0,0,0,1.0,1,1.0,1,1.0,1,0.22626351234260206,44
879,2,1881,663,1218,0,0,0,1.0,1,1.0,1,1.0,1,0.23601279364335587,44
880,3,1884,665,1219,0,0,0,1.0,1,1.0,1,1.0,1,0.2776286287262244,44
881,3,1887,665,1222,0,0,0,1.0,1,1.0,1,1.0,1,0.21986881417692145,43
882,2,1889,667,1222,0,0,0,1.0,1,1.0,1,1.0,1,0.24347441627071711,45
883,0,1889,667,1222,0,0,0,1.0,1,1.0,1,1.0,1,0.2506693531009983,45
884,4,1893,669,1224,0,0,0,1.0,1,1.0,1,1.0,1,0.2427226485259592,45
885,1,1894,670,1224,0,0,0,1.0,1,1.0,1,1.0,1,0.23827141737416413,43
886,3,1897,672,1225,0,0,0,1.0,1,1.0,1,1.0,1,0.2657955049845281,43
887,4,1901,673,1228,0,0,0,1.0,1,1.0,1,1.0,1,0.27635809307072456,41
888,2,1903,673,1230,0,0,0,1.0,1,1.0,1,1.0,1,0.2922942282273165,40
889,6,1909,677,1232,0,0,0,1.0,1,1.0,1,1.0,1,0.27486562980754203,40
890,1,1910,677,1233,0,0,0,1.0,1,1.0,1,1.0,1,0.24169173890206486,38
891,2,1912,678,1234,0,0,0,1.0,1,1.0,1,1.0,1,0.21940808052910496,39
892,4,1916,679,1237,0,0,0,1.0,1,1.0,1,1.0,1,0.2194931990533897,39
893,5,1921,679,1242,0,0,0,1.0,1,1.0,1,1.0,1,0.27073554352426715,37
894,8,1929,681,1248,0,0,0,1.0,1,1.0,1,1.0,1,0.29546165954225745,36
895,3,1932,681,1251,0,0,0,1.0,1,1.0,1,1.0,1,0.28765232701181553,37
896,8,1940,683,1257,0,0,0,1.0,1,1.0,1,1.0,1,0.2901635196273087,36
897,6,1946,685,1261,0,0,0,1.0,1,1.0,1,1.0,1,0.32329124590447866,36
898,10,1956,686,1270,0,0,0,1.0,1,1.0,1,1.0,1,0.31279129540031914,35
899,3,1959,687,1272,0,0,0,1.0,1,1.0,1,1.0,1,0.3503947070728339,35
900,2,1961,687,1274,0,0,0,1.0,1,1.0,1,1.0,1,0.338250533368937,36
901,2,1963,687,1276,0,0,0,1.0,1,1.0,1,1.0,1,0.3158357577459268,36
902,1,1964,688,1276,0,0,0,1.0,1,1.0,1,1.0,1,0.3378769063124864,36
903,2,1966,689,1277,0,0,0,1.0,1,1.0,1,1.0,1,0.2887521834470593,35
904,3,1969,691,1278,0,0,0,1.0,1,1.0,1,1.0,1,0.2896012957729832,37
905,2,1971,693,1278,0,0,0,1.0,1,1.0,1,1.0,1,0.3026045582083822,36
906,1,1972,694,1278,0,0,0,1.0,1,1.0,1,1.0,1,0.34480074500251057,37
907,4,1976,697,1279,0,0,0,1.0,1,1.0,1,1.0,1,0.2897468207963367,37
908,2,1978,698,1280,0,0,0,1.0,1,1.0,1,1.0,1,0.31674815200726375,36
909,2,1980,699,1281,0,0,0,1.0,1,1.0,1,1.0,1,0.27759415151950756,36
910,2,1982,701,1281,0,0,0,1.0,1,1.0,1,1.0,1,0.2875346899304329,37
911,1,1983,702,1281,0,0,0,1.0,1,1.0,1,1.0,1,0.33151333371488106,36
912,2,1985,704,1281,0,0,0,1.0,1,1.0,1,1.0,1,0.30832144816086293,34
913,3,1988,705,1283,0,0,0,1.0,1,1.0,1,1.0,1,0.31325745498360763,34
914,0,1988,705,1283,0,0,0,1.0,1,1.0,1,1.0,1,0.33660878416167783,33
915,1,1989,705,1284,0,0,0,1.0,1,1.0,1,1.0,1,0.30925305378161977,33
916,1,1990,706,1284,0,0,0,1.0,1,1.0,1,1.0,1,0.30088182507083594,34
917,0,1990,706,1284,0,0,0,1.0,1,1.0,1,1.0,1,0.30088182507083594,34
918,2,1992,706,1286,0,0,0,1.0,1,1.0,1,1.0,1,0.2784991497838631,36
919,0,1992,706,1286,0,0,0,1.0,1,1.0,1,1.0,1,0.2784991497838631,36
920,0,1992,706,1286,0,0,0,1.0,1,1.0,1,1.0,1,0.2717617408501924,37
921,3,1995,706,1289,0,0,0,1.0,1,1.0,1,1.0,1,0.2053298897557209,37
922,2,1997,707,1290,0,0,0,1.0,1,1.0,1,1.0,1,0.17851926721487502,38
923,1,1998,708,1290,0,0,0,1.0,1,1.0,1,1.0,1,0.159776846794835,36
924,1,1999,709,1290,0,0,0,1.0,1,1.0,1,1.0,1,0.12667807129447867,35
925,3,2002,710,1292,0,0,0,1.0,1,1.0,1,1.0,1,0.15618909940227826,35
926,1,2003,711,1292,0,0,0,1.0,1,1.0,1,1.0,1,0.13186529675854525,34
927,1,2004,712,1292,0,0,0,1.0,1,1.0,1,1.0,1,0.13808721864831985,32
928,1,2005,713,1292,0,0,0,1.0,1,1.0,1,1.0,1,0.21197647707285405,32
929,1,2006,714,1292,0,0,0,1.0,1,1.0,1,1.0,1,0.2114640245627657,31
930,1,2007,715,1292,0,0,0,1.0,1,1.0,1,1.0,1,0.28877342508024284,30
931,3,2010,717,1293,0,0,0,1.0,1,1.0,1,1.0,1,0.2946508283821202,29
932,2,2012,719,1293,0,0,0,1.0,1,1.0,1,1.0,1,0.2900107841121076,29
933,1,2013,720,1293,0,0,0,1.0,1,1.0,1,1.0,1,0.3617673430596154,29
934,1,2014,721,1293,0,0,0,1.0,1,1.0,1,1.0,1,0.3746579108098748,29
935,1,2015,722,1293,0,0,0,1.0,1,1.0,1,1.0,1,0.40759952338642347,31
936,1,2016,723,1293,0,0,0,1.0,1,1.0,1,1.0,1,0.424343190993991,31
937,1,2017,723,1294,0,0,0,1.0,1,1.0,1,1.0,1,0.408766821490524,34
938,0,2017,723,1294,0,0,0,1.0,1,1.0,1,1.0,1,0.4274682927916897,33
939,5,2022,724,1298,0,0,0,1.0,1,1.0,1,1.0,1,0.43897586064519684,36
940,1,2023,724,1299,0,0,0,1.0,1,1.0,1,1.0,1,0.41653659840974117,36
941,9,2032,726,1306,0,0,0,1.0,1,1.0,1,1.0,1,0.27083778344425014,36
942,4,2036,728,1308,0,0,0,1.0,1,1.0,1,1.0,1,0.2645202933984645,36
943,0,2036,728,1308,0,0,0,1.0,1,1.0,1,1.0,1,0.2589827386144913,35
944,3,2039,731,1308,0,0,0,1.0,1,1.0,1,1.0,1,0.27351905571353524,35
945,1,2040,732,1308,0,0,0,1.0,1,1.0,1,1.0,1,0.22545630546527068,33
946,1,2041,733,1308,0,0,0,1.0,1,1.0,1,1.0,1,0.3011293393596651,36
947,1,2042,733,1309,0,0,0,1.0,1,1.0,1,1.0,1,0.2568662944879663,34
948,2,2044,735,1309,0,0,0,1.0,1,1.0,1,1.0,1,0.30646877585778914,33
949,3,2047,735,1312,0,0,0,1.0,1,1.0,1,1.0,1,0.2898165218653989,34
950,2,2049,735,1314,0,0,0,1.0,1,1.0,1,1.0,1,0.2971381758505086,33
951,0,2049,735,1314,0,0,0,1.0,1,1.0,1,1.0,1,0.2971381758505086,33
952,0,2049,735,1314,0,0,0,1.0,1,1.0,1,1.0,1,0.3136246727038547,32
953,0,2049,735,1314,0,0,0,1.0,1,1.0,1,1.0,1,0.3136246727038547,32
954,1,2050,736,1314,0,0,0,1.0,1,1.0,1,1.0,1,0.30903553945570145,31
955,0,2050,736,1314,0,0,0,1.0,1,1.0,1,1.0,1,0.33121772765823426,32
956,1,2051,737,1314,0,0,0,1.0,1,1.0,1,1.0,1,0.3530442575493507,32
957,1,2052,737,1315,0,0,0,1.0,1,1.0,1,1.0,1,0.33003647083567816,33
958,1,2053,737,1316,0,0,0,1.0,1,1.0,1,1.0,1,0.3321828895460003,35
959,2,2055,738,1317,0,0,0,1.0,1,1.0,1,1.0,1,0.308716927906655,36
960,1,2056,739,1317,0,0,0,1.0,1,1.0,1,1.0,1,0.3411207003576897,38
961,3,2059,740,1319,0,0,0,1.0,1,1.0,1,1.0,1,0.34201792421566846,37
962,2,2061,742,1319,0,0,0,1.0,1,1.0,1,1.0,1,0.3459818825217752,35
963,1,2062,742,1320,0,0,0,1.0,1,1.0,1,1.0,1,0.33487316038155124,35
964,0,2062,742,1320,0,0,0,1.0,1,1.0,1,1.0,1,0.34170031582483656,34
965,2,2064,742,1322,0,0,0,1.0,1,1.0,1,1.0,1,0.3054670902691417,35
966,1,2065,743,1322,0,0,0,1.0,1,1.0,1,1.0,1,0.2967657632733155,34
967,3,2068,744,1324,0,0,0,1.0,1,1.0,1,1.0,1,0.29490290579958306,35
968,2,2070,745,1325,0,0,0,1.0,1,1.0,1,1.0,1,0.29759593681396324,36
969,1,2071,746,1325,0,0,0,1.0,1,1.0,1,1.0,1,0.2824443483716061,35
970,0,2071,746,1325,0,0,0,1.0,1,1.0,1,1.0,1,0.31829271510869983,34
971,0,2071,746,1325,0,0,0,1.0,1,1.0,1,1.0,1,0.3283561212795677,35
972,1,2072,747,1325,0,0,0,1.0,1,1.0,1,1.0,1,0.32378028744509607,35
973,0,2072,747,1325,0,0,0,1.0,1,1.0,1,1.0,1,0.33870683056881945,36
974,2,2074,747,1327,0,0,0,1.0,1,1.0,1,1.0,1,0.3604654372720559,35
975,0,2074,747,1327,0,0,0,1.0,1,1.0,1,1.0,1,0.3462102778560077,36
976,1,2075,748,1327,0,0,0,1.0,1,1.0,1,1.0,1,0.38921091207323055,38
977,1,2076,749,1327,0,0,0,1.0,1,1.0,1,1.0,1,0.4084313086291416,38
978,1,2077,749,1328,0,0,0,1.0,1,1.0,1,1.0,1,0.39955614527661387,38
979,1,2078,749,1329,0,0,0,1.0,1,1.0,1,1.0,1,0.41181336994111506,39
980,2,2080,751,1329,0,0,0,1.0,1,1.0,1,1.0,1,0.4449877662938351,39
981,7,2087,751,1336,0,0,0,1.0,1,1.0,1,1.0,1,0.32339650449402924,40
982,6,2093,754,1339,0,0,0,1.0,1,1.0,1,1.0,1,0.3338284696108109,40
983,1,2094,754,1340,0,0,0,1.0,1,1.0,1,1.0,1,0.2830127763089443,38
984,1,2095,755,1340,0,0,0,1.0,1,1.0,1,1.0,1,0.2930496659856913,39
985,3,2098,758,1340,0,0,0,1.0,1,1.0,1,1.0,1,0.35361505309178487,38
986,6,2104,761,1343,0,0,0,1.0,1,1.0,1,1.0,1,0.37138333795466655,38
987,2,2106,762,1344,0,0,0,1.0,1,1.0,1,1.0,1,0.3644680653629883,38
988,2,2108,763,1345,0,0,0,1.0,1,1.0,1,1.0,1,0.379073023891268,38
989,1,2109,763,1346,0,0,0,1.0,1,1.0,1,1.0,1,0.36384333567581867,38
990,0,2109,763,1346,0,0,0,1.0,1,1.0,1,1.0,1,0.36384333567581867,38
991,1,2110,764,1346,0,0,0,1.0,1,1.0,1,1.0,1,0.4024207434287023,40
992,0,2110,764,1346,0,0,0,1.0,1,1.0,1,1.0,1,0.3876254576470871,39
993,0,2110,764,1346,0,0,0,1.0,1,1.0,1,1.0,1,0.37944428229064475,38
994,2,2112,764,1348,0,0,0,1.0,1,1.0,1,1.0,1,0.3679763626541134,39
995,0,2112,764,1348,0,0,0,1.0,1,1.0,1,1.0,1,0.3596569376794509,41
996,1,2113,764,1349,0,0,0,1.0,1,1.0,1,1.0,1,0.36009371093896175,40
997,0,2113,764,1349,0,0,0,1.0,1,1.0,1,1.0,1,0.37513579387722884,41
998,1,2114,764,1350,0,0,0,1.0,1,1.0,1,1.0,1,0.3802899572003171,40
999,0,2114,764,1350,0,0,0,1.0,1,1.0,1,1.0,1,0.3827654949386248,40
1000,1,2115,765,1350,0,0,0,1.0,1,1.0,1,1.0,1,0.3875140935096364,40
1001,2,2117,765,1352,0,0,0,1.0,1,1.0,1,1.0,1,0.36438081193275557,39
1002,0,2117,765,1352,0,0,0,1.0,1,1.0,1,1.0,1,0.36438081193275557,39
1003,1,2118,765,1353,0,0,0,1.0,1,1.0,1,1.0,1,0.3427586224843139,39
1004,0,2118,765,1353,0,0,0,1.0,1,1.0,1,1.0,1,0.3427586224843139,39
1005,0,2118,765,1353,0,0,0,1.0,1,1.0,1,1.0,1,0.349710877250109,40
1006,0,2118,765,1353,0,0,0,1.0,1,1.0,1,1.0,1,0.3408742894825607,41
1007,2,2120,765,1355,0,0,0,1.0,1,1.0,1,1.0,1,0.32549298820861006,42
1008,1,2121,765,1356,0,0,0,1.0,1,1.0,1,1.0,1,0.316903850321324,43
1009,2,2123,765,1358,0,0,0,1.0,1,1.0,1,1.0,1,0.2945740550439136,44
1010,0,2123,765,1358,0,0,0,1.0,1,1.0,1,1.0,1,0.2945740550439136,44
1011,2,2125,765,1360,0,0,0,1.0,1,1.0,1,1.0,1,0.25238862861155825,44
1012,4,2129,767,1362,0,0,0,1.0,1,1.0,1,1.0,1,0.26953237114246337,46
1013,1,2130,767,1363,0,0,0,1.0,1,1.0,1,1.0,1,0.2603126079829371,46
1014,4,2134,768,1366,0,0,0,1.0,1,1.0,1,1.0,1,0.26239760271230744,46
1015,1,2135,768,1367,0,0,0,1.0,1,1.0,1,1.0,1,0.2720857100843703,46
1016,2,2137,769,1368,0,0,0,1.0,1,1.0,1,1.0,1,0.27425678130861325,47
1017,2,2139,769,1370,0,0,0,1.0,1,1.0,1,1.0,1,0.23948378571701384,47
1018,2,2141,769,1372,0,0,0,1.0,1,1.0,1,1.0,1,0.20337882595949108,48
1019,2,2143,769,1374,0,0,0,1.0,1,1.0,1,1.0,1,0.1809592032367929,49
1020,1,2144,769,1375,0,0,0,1.0,1,1.0,1,1.0,1,0.16398964528400856,51
1021,1,2145,770,1375,0,0,0,1.0,1,1.0,1,1.0,1,0.1774884538802528,51
1022,1,2146,771,1375,0,0,0,1.0,1,1.0,1,1.0,1,0.18694258323790128,52
1023,0,2146,771,1375,0,0,0,1.0,1,1.0,1,1.0,1,0.19720995097208757,52
1024,1,2147,772,1375,0,0,0,1.0,1,1.0,1,1.0,1,0.21546887978607143,52
1025,2,2149,772,1377,0,0,0,1.0,1,1.0,1,1.0,1,0.2052756095483573,54
1026,1,2150,772,1378,0,0,0,1.0,1,1.0,1,1.0,1,0.17633786441133256,54
1027,0,2150,772,1378,0,0,0,1.0,1,1.0,1,1.0,1,0.1759521897572476,55
1028,0,2150,772,1378,0,0,0,1.0,1,1.0,1,1.0,1,0.1871105413957247,56
1029,0,2150,772,1378,0,0,0,1.0,1,1.0,1,1.0,1,0.1871105413957247,56
1030,1,2151,772,1379,0,0,0,1.0,1,1.0,1,1.0,1,0.1975014814484954,57
1031,0,2151,772,1379,0,0,0,1.0,1,1.0,1,1.0,1,0.1990044620351326,58
1032,2,2153,774,1379,0,0,0,1.0,1,1.0,1,1.0,1,0.22126340871124306,58
1033,0,2153,774,1379,0,0,0,1.0,1,1.0,1,1.0,1,0.21760996202416305,57
1034,5,2158,779,1379,0,0,0,1.0,1,1.0,1,1.0,1,0.2701877011686869,57
1035,8,2166,781,1385,0,0,0,1.0,1,1.0,1,1.0,1,0.24476736350206668,57
1036,4,2170,782,1388,0,0,0,1.0,1,1.0,1,1.0,1,0.2196505563150265,59
1037,2,2172,784,1388,0,0,0,1.0,1,1.0,1,1.0,1,0.25090219981916095,57
1038,7,2179,786,1393,0,0,0,1.0,1,1.0,1,1.0,1,0.281316088331727,59
1039,6,2185,790,1395,0,0,0,1.0,1,1.0,1,1.0,1,0.2555044941477821,57
1040,3,2188,790,1398,0,0,0,1.0,1,1.0,1,1.0,1,0.2696197779938664,56
1041,4,2192,791,1401,0,0,0,1.0,1,1.0,1,1.0,1,0.23005392674531358,54
1042,1,2193,791,1402,0,0,0,1.0,1,1.0,1,1.0,1,0.18400909418691538,52
1043,1,2194,791,1403,0,0,0,1.0,1,1.0,1,1.0,1,0.1739667241606847,52
1044,0,2194,791,1403,0,0,0,1.0,1,1.0,1,1.0,1,0.1529487742245531,50
1045,1,2195,792,1403,0,0,0,1.0,1,1.0,1,1.0,1,0.1341197828180369,51
1046,1,2196,793,1403,0,0,0,1.0,1,1.0,1,1.0,1,0.1433802737119234,50
1047,0,2196,793,1403,0,0,0,1.0,1,1.0,1,1.0,1,0.12246188801929618,50
1048,1,2197,794,1403,0,0,0,1.0,1,1.0,1,1.0,1,0.14763698510912313,50
1049,3,2200,796,1404,0,0,0,1.0,1,1.0,1,1.0,1,0.1608331074960454,50
1050,0,2200,796,1404,0,0,0,1.0,1,1.0,1,1.0,1,0.1608331074960454,50
1051,0,2200,796,1404,0,0,0,1.0,1,1.0,1,1.0,1,0.14196013119954107,50
1052,0,2200,796,1404,0,0,0,1.0,1,1.0,1,1.0,1,0.16049137207137357,51
1053,0,2200,796,1404,0,0,0,1.0,1,1.0,1,1.0,1,0.16049137207137357,51
1054,0,2200,796,1404,0,0,0,1.0,1,1.0,1,1.0,1,0.14941632628596946,53
1055,1,2201,796,1405,0,0,0,1.0,1,1.0,1,1.0,1,0.14942236617953372,54
1056,0,2201,796,1405,0,0,0,1.0,1,1.0,1,1.0,1,0.16965472560595427,54
1057,1,2202,797,1405,0,0,0,1.0,1,1.0,1,1.0,1,0.19708091274362002,55
1058,0,2202,797,1405,0,0,0,1.0,1,1.0,1,1.0,1,0.20075315103456132,54
1059,3,2205,799,1406,0,0,0,1.0,1,1.0,1,1.0,1,0.24906030951911437,53
1060,1,2206,799,1407,0,0,0,1.0,1,1.0,1,1.0,1,0.21919423863509707,53
1061,3,2209,801,1408,0,0,0,1.0,1,1.0,1,1.0,1,0.2067464103864433,53
1062,4,2213,805,1408,0,0,0,1.0,1,1.0,1,1.0,1,0.2329886551762248,54
1063,4,2217,806,1411,0,0,0,1.0,1,1.0,1,1.0,1,0.22788918939969816,53
1064,5,2222,810,1412,0,0,0,1.0,1,1.0,1,1.0,1,0.2673238627410908,55
1065,3,2225,810,1415,0,0,0,1.0,1,1.0,1,1.0,1,0.2534398903451512,54
1066,2,2227,811,1416,0,0,0,1.0,1,1.0,1,1.0,1,0.27693169066538537,55
1067,2,2229,811,1418,0,0,0,1.0,1,1.0,1,1.0,1,0.29079724826213843,55
1068,1,2230,811,1419,0,0,0,1.0,1,1.0,1,1.0,1,0.2851844283776136,55
1069,2,2232,812,1420,0,0,0,1.0,1,1.0,1,1.0,1,0.2767953395610777,55
1070,2,2234,812,1422,0,0,0,1.0,1,1.0,1,1.0,1,0.29388503784874004,54
1071,0,2234,812,1422,0,0,0,1.0,1,1.0,1,1.0,1,0.2777947815391666,55
1072,2,2236,814,1422,0,0,0,1.0,1,1.0,1,1.0,1,0.24602289897789145,54
1073,2,2238,816,1422,0,0,0,1.0,1,1.0,1,1.0,1,0.25428070673111786,54
1074,3,2241,818,1423,0,0,0,1.0,1,1.0,1,1.0,1,0.2612524697608453,52
1075,2,2243,819,1424,0,0,0,1.0,1,1.0,1,1.0,1,0.27209911679663495,51
1076,3,2246,820,1426,0,0,0,1.0,1,1.0,1,1.0,1,0.25024751478759905,52
1077,2,2248,822,1426,0,0,0,1.0,1,1.0,1,1.0,1,0.22789907565821904,49
1078,1,2249,823,1426,0,0,0,1.0,1,1.0,1,1.0,1,0.27337472717355676,48
1079,1,2250,824,1426,0,0,0,1.0,1,1.0,1,1.0,1,0.28028107696138993,47
1080,1,2251,825,1426,0,0,0,1.0,1,1.0,1,1.0,1,0.31530907436304517,47
1081,6,2257,827,1430,0,0,0,1.0,1,1.0,1,1.0,1,0.3109071806310537,45
1082,4,2261,829,1432,0,0,0,1.0,1,1.0,1,1.0,1,0.3221407976067991,42
1083,2,2263,831,1432,0,0,0,1.0,1,1.0,1,1.0,1,0.37929690792696924,42
1084,0,2263,831,1432,0,0,0,1.0,1,1.0,1,1.0,1,0.363464204392579,40
1085,2,2265,832,1433,0,0,0,1.0,1,1.0,1,1.0,1,0.31089431291032404,43
1086,0,2265,832,1433,0,0,0,1.0,1,1.0,1,1.0,1,0.31337514326872024,41
1087,2,2267,833,1434,0,0,0,1.0,1,1.0,1,1.0,1,0.29433055603279884,41
1088,0,2267,833,1434,0,0,0,1.0,1,1.0,1,1.0,1,0.29433055603279884,41
1089,3,2270,835,1435,0,0,0,1.0,1,1.0,1,1.0,1,0.278323476931342,42
1090,1,2271,835,1436,0,0,0,1.0,1,1.0,1,1.0,1,0.24201936183581785,43
1091,1,2272,836,1436,0,0,0,1.0,1,1.0,1,1.0,1,0.24196087452345746,43
1092,1,2273,837,1436,0,0,0,1.0,1,1.0,1,1.0,1,0.22963614840895455,43
1093,1,2274,838,1436,0,0,0,1.0,1,1.0,1,1.0,1,0.2372578025875039,43
1094,1,2275,838,1437,0,0,0,1.0,1,1.0,1,1.0,1,0.2289260263136714,43
1095,0,2275,838,1437,0,0,0,1.0,1,1.0,1,1.0,1,0.24486314409000176,44
1096,2,2277,840,1437,0,0,0,1.0,1,1.0,1,1.0,1,0.2638772273607737,44
1097,3,2280,842,1438,0,0,0,1.0,1,1.0,1,1.0,1,0.332180941363985,45
1098,0,2280,842,1438,0,0,0,1.0,1,1.0,1,1.0,1,0.3308216258963434,46
1099,2,2282,842,1440,0,0,0,1.0,1,1.0,1,1.0,1,0.3015453156334443,48
1100,3,2285,843,1442,0,0,0,1.0,1,1.0,1,1.0,1,0.3064277487034349,49
1101,5,2290,844,1446,0,0,0,1.0,1,1.0,1,1.0,1,0.23944416001847735,49
1102,5,2295,847,1448,0,0,0,1.0,1,1.0,1,1.0,1,0.242381450645385,50
1103,3,2298,848,1450,0,0,0,1.0,1,1.0,1,1.0,1,0.198095949819532,48
1104,2,2300,850,1450,0,0,0,1.0,1,1.0,1,1.0,1,0.172712781205153,50
1105,3,2303,851,1452,0,0,0,1.0,1,1.0,1,1.0,1,0.1857656251951586,48
1106,2,2305,852,1453,0,0,0,1.0,1,1.0,1,1.0,1,0.18208542070908057,48
1107,2,2307,853,1454,0,0,0,1.0,1,1.0,1,1.0,1,0.1728304018098888,47
1108,1,2308,854,1454,0,0,0,1.0,1,1.0,1,1.0,1,0.18416114103323786,47
1109,3,2311,857,1454,0,0,0,1.0,1,1.0,1,1.0,1,0.22602335745144422,46
1110,2,2313,858,1455,0,0,0,1.0,1,1.0,1,1.0,1,0.26307214439335286,43
1111,3,2316,859,1457,0,0,0,1.0,1,1.0,1,1.0,1,0.2237884279425973,44
1112,3,2319,862,1457,0,0,0,1.0,1,1.0,1,1.0,1,0.28674623426855517,43
1113,2,2321,863,1458,0,0,0,1.0,1,1.0,1,1.0,1,0.32099483431764153,39
1114,0,2321,863,1458,0,0,0,1.0,1,1.0,1,1.0,1,0.32099483431764153,39
1115,2,2323,865,1458,0,0,0,1.0,1,1.0,1,1.0,1,0.30424912122936826,37
1116,2,2325,867,1458,0,0,0,1.0,1,1.0,1,1.0,1,0.3124222524074911,37
1117,5,2330,870,1460,0,0,0,1.0,1,1.0,1,1.0,1,0.3556401394855475,36
1118,0,2330,870,1460,0,0,0,1.0,1,1.0,1,1.0,1,0.35666385842300213,36
1119,0,2330,870,1460,0,0,0,1.0,1,1.0,1,1.0,1,0.35666385842300213,36
1120,0,2330,870,1460,0,0,0,1.0,1,1.0,1,1.0,1,0.35666385842300213,36
1121,4,2334,870,1464,0,0,0,1.0,1,1.0,1,1.0,1,0.2919051965517317,36
1122,1,2335,870,1465,0,0,0,1.0,1,1.0,1,1.0,1,0.2596187204115661,37
1123,1,2336,871,1465,0,0,0,1.0,1,1.0,1,1.0,1,0.2964280196335642,37
1124,1,2337,871,1466,0,0,0,1.0,1,1.0,1,1.0,1,0.2917944019122992,37
1125,6,2343,873,1470,0,0,0,1.0,1,1.0,1,1.0,1,0.3312340675835113,38
1126,0,2343,873,1470,0,0,0,1.0,1,1.0,1,1.0,1,0.3312340675835113,38
1127,2,2345,874,1471,0,0,0,1.0,1,1.0,1,1.0,1,0.3549572581244979,39
1128,3,2348,874,1474,0,0,0,1.0,1,1.0,1,1.0,1,0.33960453544483693,39
1129,1,2349,874,1475,0,0,0,1.0,1,1.0,1,1.0,1,0.3431561839133908,39
1130,3,2352,874,1478,0,0,0,1.0,1,1.0,1,1.0,1,0.33960453544483693,39
1131,2,2354,874,1480,0,0,0,1.0,1,1.0,1,1.0,1,0.3486084922639362,39
1132,6,2360,874,1486,0,0,0,1.0,1,1.0,1,1.0,1,0.3486084922639362,39
1133,5,2365,875,1490,0,0,0,1.0,1,1.0,1,1.0,1,0.31413256846429627,42
1134,3,2368,875,1493,0,0,0,1.0,1,1.0,1,1.0,1,0.31414506959605165,42
1135,6,2374,876,1498,0,0,0,1.0,1,1.0,1,1.0,1,0.3172325526855376,44
1136,7,2381,877,1504,0,0,0,1.0,1,1.0,1,1.0,1,0.339756739006278,46
1137,3,2384,877,1507,0,0,0,1.0,1,1.0,1,1.0,1,0.33794177220392846,45
1138,3,2387,877,1510,0,0,0,1.0,1,1.0,1,1.0,1,0.32439818704958234,46
1139,3,2390,878,1512,0,0,0,1.0,1,1.0,1,1.0,1,0.3335957071617766,47
1140,5,2395,878,1517,0,0,0,1.0,1,1.0,1,1.0,1,0.36683795549825177,46
1141,7,2402,878,1524,0,0,0,1.0,1,1.0,1,1.0,1,0.28442010503896265,45
1142,4,2406,881,1525,0,0,0,1.0,1,1.0,1,1.0,1,0.3332552385273933,45
1143,4,2410,882,1528,0,0,0,1.0,1,1.0,1,1.0,1,0.26050795672333665,43
1144,3,2413,883,1530,0,0,0,1.0,1,1.0,1,1.0,1,0.22970016442970478,45
1145,0,2413,883,1530,0,0,0,1.0,1,1.0,1,1.0,1,0.22874928181186863,44
1146,4,2417,883,1534,0,0,0,1.0,1,1.0,1,1.0,1,0.18555705554198046,45
1147,3,2420,884,1536,0,0,0,1.0,1,1.0,1,1.0,1,0.1906172700771716,44
1148,4,2424,887,1537,0,0,0,1.0,1,1.0,1,1.0,1,0.1780891429681231,43
1149,2,2426,888,1538,0,0,0,1.0,1,1.0,1,1.0,1,0.20589906183645398,42
1150,2,2428,889,1539,0,0,0,1.0,1,1.0,1,1.0,1,0.22037755886668137,45
1151,1,2429,890,1539,0,0,0,1.0,1,1.0,1,1.0,1,0.28202277409312554,40
1152,3,2432,893,1539,0,0,0,1.0,1,1.0,1,1.0,1,0.3205235385817373,41
1153,2,2434,894,1540,0,0,0,1.0,1,1.0,1,1.0,1,0.3276930774409546,38
1154,1,2435,895,1540,0,0,0,1.0,1,1.0,1,1.0,1,0.3335543808618408,37
1155,0,2435,895,1540,0,0,0,1.0,1,1.0,1,1.0,1,0.3191541510700557,38
1156,1,2436,896,1540,0,0,0,1.0,1,1.0,1,1.0,1,0.30245619098929377,38
1157,0,2436,896,1540,0,0,0,1.0,1,1.0,1,1.0,1,0.3166177225013423,37
1158,0,2436,896,1540,0,0,0,1.0,1,1.0,1,1.0,1,0.3403406443414704,36
1159,0,2436,896,1540,0,0,0,1.0,1,1.0,1,1.0,1,0.34823162479061515,35
1160,0,2436,896,1540,0,0,0,1.0,1,1.0,1,1.0,1,0.34823162479061515,35
1161,6,2442,896,1546,0,0,0,1.0,1,1.0,1,1.0,1,0.26871041540792484,36
1162,0,2442,896,1546,0,0,0,1.0,1,1.0,1,1.0,1,0.25764096880468074,37
1163,0,2442,896,1546,0,0,0,1.0,1,1.0,1,1.0,1,0.25764096880468074,37
1164,0,2442,896,1546,0,0,0,1.0,1,1.0,1,1.0,1,0.24548946588739404,38
1165,1,2443,896,1547,0,0,0,1.0,1,1.0,1,1.0,1,0.23382677971165564,38
1166,0,2443,896,1547,0,0,0,1.0,1,1.0,1,1.0,1,0.26399258864842257,40
1167,4,2447,898,1549,0,0,0,1.0,1,1.0,1,1.0,1,0.26218502114663955,40
1168,2,2449,900,1549,0,0,0,1.0,1,1.0,1,1.0,1,0.24135996843136887,40
1169,1,2450,900,1550,0,0,0,1.0,1,1.0,1,1.0,1,0.2307000245103143,41
1170,2,2452,902,1550,0,0,0,1.0,1,1.0,1,1.0,1,0.24725336023337482,41
1171,0,2452,902,1550,0,0,0,1.0,1,1.0,1,1.0,1,0.22573514383112675,43
1172,1,2453,903,1550,0,0,0,1.0,1,1.0,1,1.0,1,0.2401061215445519,43
1173,1,2454,903,1551,0,0,0,1.0,1,1.0,1,1.0,1,0.24204645438542946,43
1174,1,2455,903,1552,0,0,0,1.0,1,1.0,1,1.0,1,0.24262876263205452,43
1175,0,2455,903,1552,0,0,0,1.0,1,1.0,1,1.0,1,0.2560055440332615,44
1176,2,2457,904,1553,0,0,0,1.0,1,1.0,1,1.0,1,0.2812612401244897,45
1177,3,2460,905,1555,0,0,0,1.0,1,1.0,1,1.0,1,0.2898587218820236,45
1178,0,2460,905,1555,0,0,0,1.0,1,1.0,1,1.0,1,0.2898587218820236,45
1179,1,2461,905,1556,0,0,0,1.0,1,1.0,1,1.0,1,0.29856856335383825,46
1180,2,2463,905,1558,0,0,0,1.0,1,1.0,1,1.0,1,0.2752250145212851,47
1181,5,2468,905,1563,0,0,0,1.0,1,1.0,1,1.0,1,0.20685221624249067,48
1182,3,2471,907,1564,0,0,0,1.0,1,1.0,1,1.0,1,0.19708868107750716,48
1183,0,2471,907,1564,0,0,0,1.0,1,1.0,1,1.0,1,0.19475749956684119,46
1184,3,2474,909,1565,0,0,0,1.0,1,1.0,1,1.0,1,0.19041831104700993,47
1185,1,2475,910,1565,0,0,0,1.0,1,1.0,1,1.0,1,0.23315864247783155,44
1186,2,2477,910,1567,0,0,0,1.0,1,1.0,1,1.0,1,0.22631116802674928,47
1187,0,2477,910,1567,0,0,0,1.0,1,1.0,1,1.0,1,0.23966461072277076,49
1188,1,2478,910,1568,0,0,0,1.0,1,1.0,1,1.0,1,0.21784867087539486,50
1189,0,2478,910,1568,0,0,0,1.0,1,1.0,1,1.0,1,0.23313092141817293,48
1190,1,2479,911,1568,0,0,0,1.0,1,1.0,1,1.0,1,0.2777478297634494,48
1191,0,2479,911,1568,0,0,0,1.0,1,1.0,1,1.0,1,0.2895861750194519,46
1192,1,2480,912,1568,0,0,0,1.0,1,1.0,1,1.0,1,0.3104833822885869,46
1193,0,2480,912,1568,0,0,0,1.0,1,1.0,1,1.0,1,0.3409869425582736,45
1194,1,2481,912,1569,0,0,0,1.0,1,1.0,1,1.0,1,0.32736985117563017,45
1195,2,2483,912,1571,0,0,0,1.0,1,1.0,1,1.0,1,0.30117492121531236,47
1196,0,2483,912,1571,0,0,0,1.0,1,1.0,1,1.0,1,0.30999964071416425,48
1197,1,2484,912,1572,0,0,0,1.0,1,1.0,1,1.0,1,0.3103134752332793,49
1198,3,2487,914,1573,0,0,0,1.0,1,1.0,1,1.0,1,0.3262224605456518,49
1199,3,2490,914,1576,0,0,0,1.0,1,1.0,1,1.0,1,0.33089136649419604,50
1200,1,2491,915,1576,0,0,0,1.0,1,1.0,1,1.0,1,0.33743762115227494,50
1201,9,2500,915,1585,0,0,0,1.0,1,1.0,1,1.0,1,0.20430281090052393,50
1202,0,2500,915,1585,0,0,0,1.0,1,1.0,1,1.0,1,0.19625263130965703,51
1203,0,2500,915,1585,0,0,0,1.0,1,1.0,1,1.0,1,0.18308831098060843,52
1204,0,2500,915,1585,0,0,0,1.0,1,1.0,1,1.0,1,0.18308831098060843,52
1205,2,2502,916,1586,0,0,0,1.0,1,1.0,1,1.0,1,0.2035796801435734,53
1206,0,2502,916,1586,0,0,0,1.0,1,1.0,1,1.0,1,0.2035796801435734,53
1207,1,2503,916,1587,0,0,0,1.0,1,1.0,1,1.0,1,0.18381859285318602,55
1208,1,2504,916,1588,0,0,0,1.0,1,1.0,1,1.0,1,0.1851956831673574,56
1209,0,2504,916,1588,0,0,0,1.0,1,1.0,1,1.0,1,0.19707558080057966,55
1210,1,2505,916,1589,0,0,0,1.0,1,1.0,1,1.0,1,0.1899469304576725,55
1211,4,2509,916,1593,0,0,0,1.0,1,1.0,1,1.0,1,0.18298015838859574,57
1212,2,2511,916,1595,0,0,0,1.0,1,1.0,1,1.0,1,0.18298015838859574,57
1213,1,2512,916,1596,0,0,0,1.0,1,1.0,1,1.0,1,0.18996722120688211,57
1214,5,2517,917,1600,0,0,0,1.0,1,1.0,1,1.0,1,0.189133921085502,57
1215,1,2518,917,1601,0,0,0,1.0,1,1.0,1,1.0,1,0.21297032000560354,59
1216,2,2520,917,1603,0,0,0,1.0,1,1.0,1,1.0,1,0.200157084118976,61
1217,2,2522,917,1605,0,0,0,1.0,1,1.0,1,1.0,1,0.2002357250419706,61
1218,4,2526,918,1608,0,0,0,1.0,1,1.0,1,1.0,1,0.23230606065247655,61
1219,6,2532,919,1613,0,0,0,1.0,1,1.0,1,1.0,1,0.2177196685055026,61
1220,2,2534,919,1615,0,0,0,1.0,1,1.0,1,1.0,1,0.24220216428620958,60
1221,9,2543,921,1622,0,0,0,1.0,1,1.0,1,1.0,1,0.1881882701508524,61
1222,2,2545,921,1624,0,0,0,1.0,1,1.0,1,1.0,1,0.16892721590540694,61
1223,2,2547,923,1624,0,0,0,1.0,1,1.0,1,1.0,1,0.18816478744588688,59
1224,4,2551,926,1625,0,0,0,1.0,1,1.0,1,1.0,1,0.16978474988616893,60
1225,2,2553,927,1626,0,0,0,1.0,1,1.0,1,1.0,1,0.17374252265533574,60
1226,3,2556,928,1628,0,0,0,1.0,1,1.0,1,1.0,1,0.17521169560551544,61
1227,2,2558,929,1629,0,0,0,1.0,1,1.0,1,1.0,1,0.196093743312962,59
1228,2,2560,930,1630,0,0,0,1.0,1,1.0,1,1.0,1,0.22075939147089324,58
1229,4,2564,931,1633,0,0,0,1.0,1,1.0,1,1.0,1,0.2279277951775375,57
1230,5,2569,934,1635,0,0,0,1.0,1,1.0,1,1.0,1,0.16516694935611823,55
1231,2,2571,936,1635,0,0,0,1.0,1,1.0,1,1.0,1,0.20969946341370369,54
1232,2,2573,938,1635,0,0,0,1.0,1,1.0,1,1.0,1,0.2546292068851627,51
1233,1,2574,939,1635,0,0,0,1.0,1,1.0,1,1.0,1,0.2615131221890582,49
1234,2,2576,941,1635,0,0,0,1.0,1,1.0,1,1.0,1,0.28514466316348974,49
1235,3,2579,942,1637,0,0,0,1.0,1,1.0,1,1.0,1,0.3134836275565004,48
1236,0,2579,942,1637,0,0,0,1.0,1,1.0,1,1.0,1,0.3284297613631105,49
1237,4,2583,943,1640,0,0,0,1.0,1,1.0,1,1.0,1,0.3082248097729173,48
1238,2,2585,943,1642,0,0,0,1.0,1,1.0,1,1.0,1,0.2394895377495742,47
1239,1,2586,943,1643,0,0,0,1.0,1,1.0,1,1.0,1,0.22321487200040532,48
1240,1,2587,943,1644,0,0,0,1.0,1,1.0,1,1.0,1,0.23095367845629108,49
1241,3,2590,944,1646,0,0,0,1.0,1,1.0,1,1.0,1,0.171626091889127,49
1242,1,2591,944,1647,0,0,0,1.0,1,1.0,1,1.0,1,0.1479499516811531,49
1243,1,2592,944,1648,0,0,0,1.0,1,1.0,1,1.0,1,0.1433856291897388,50
1244,0,2592,944,1648,0,0,0,1.0,1,1.0,1,1.0,1,0.14409170070099356,50
1245,1,2593,945,1648,0,0,0,1.0,1,1.0,1,1.0,1,0.17724008535802044,51
1246,4,2597,946,1651,0,0,0,1.0,1,1.0,1,1.0,1,0.18686383954667155,52
1247,0,2597,946,1651,0,0,0,1.0,1,1.0,1,1.0,1,0.18686383954667155,52
1248,1,2598,947,1651,0,0,0,1.0,1,1.0,1,1.0,1,0.24368959178477154,51
1249,2,2600,949,1651,0,0,0,1.0,1,1.0,1,1.0,1,0.2377478080221644,51
1250,5,2605,952,1653,0,0,0,1.0,1,1.0,1,1.0,1,0.2299454300231734,51
1251,2,2607,952,1655,0,0,0,1.0,1,1.0,1,1.0,1,0.20736655494055392,53
1252,2,2609,954,1655,0,0,0,1.0,1,1.0,1,1.0,1,0.26370537664915,52
1253,2,2611,955,1656,0,0,0,1.0,1,1.0,1,1.0,1,0.24410077787330356,52
1254,0,2611,955,1656,0,0,0,1.0,1,1.0,1,1.0,1,0.2234356295056425,53
1255,0,2611,955,1656,0,0,0,1.0,1,1.0,1,1.0,1,0.2214094078935691,55
1256,0,2611,955,1656,0,0,0,1.0,1,1.0,1,1.0,1,0.2214094078935691,55
1257,0,2611,955,1656,0,0,0,1.0,1,1.0,1,1.0,1,0.2254986129314542,57
1258,0,2611,955,1656,0,0,0,1.0,1,1.0,1,1.0,1,0.22598834662332196,57
1259,0,2611,955,1656,0,0,0,1.0,1,1.0,1,1.0,1,0.22598834662332196,57
1260,1,2612,956,1656,0,0,0,1.0,1,1.0,1,1.0,1,0.21967168264247966,56
1261,3,2615,956,1659,0,0,0,1.0,1,1.0,1,1.0,1,0.17438589677238664,57
1262,2,2617,957,1660,0,0,0,1.0,1,1.0,1,1.0,1,0.171292428053198,58
1263,5,2622,960,1662,0,0,0,1.0,1,1.0,1,1.0,1,0.18412190498866532,58
1264,0,2622,960,1662,0,0,0,1.0,1,1.0,1,1.0,1,0.17268151500924142,57
1265,3,2625,963,1662,0,0,0,1.0,1,1.0,1,1.0,1,0.1777560340533795,56
1266,1,2626,964,1662,0,0,0,1.0,1,1.0,1,1.0,1,0.19178182036696753,55
1267,4,2630,966,1664,0,0,0,1.0,1,1.0,1,1.0,1,0.1735228937915806,53
1268,4,2634,970,1664,0,0,0,1.0,1,1.0,1,1.0,1,0.23920639486673637,52
1269,4,2638,972,1666,0,0,0,1.0,1,1.0,1,1.0,1,0.24520478276283544,51
1270,0,2638,972,1666,0,0,0,1.0,1,1.0,1,1.0,1,0.2512130699011511,47
1271,0,2638,972,1666,0,0,0,1.0,1,1.0,1,1.0,1,0.25987301976920185,46
1272,0,2638,972,1666,0,0,0,1.0,1,1.0,1,1.0,1,0.24536707336145433,43
1273,2,2640,974,1666,0,0,0,1.0,1,1.0,1,1.0,1,0.28789015199629947,44
1274,4,2644,975,1669,0,0,0,1.0,1,1.0,1,1.0,1,0.27337025818492944,44
1275,0,2644,975,1669,0,0,0,1.0,1,1.0,1,1.0,1,0.2775543653027289,45
1276,1,2645,976,1669,0,0,0,1.0,1,1.0,1,1.0,1,0.3037489459695663,43
1277,3,2648,978,1670,0,0,0,1.0,1,1.0,1,1.0,1,0.312568013740383,44
1278,3,2651,981,1670,0,0,0,1.0,1,1.0,1,1.0,1,0.3436914213288964,45
1279,0,2651,981,1670,0,0,0,1.0,1,1.0,1,1.0,1,0.3367653724033556,47
1280,0,2651,981,1670,0,0,0,1.0,1,1.0,1,1.0,1,0.3367653724033556,47
1281,7,2658,981,1677,0,0,0,1.0,1,1.0,1,1.0,1,0.19688279184207794,47
1282,3,2661,982,1679,0,0,0,1.0,1,1.0,1,1.0,1,0.24290159954207455,46
1283,1,2662,983,1679,0,0,0,1.0,1,1.0,1,1.0,1,0.24642016946574846,46
1284,1,2663,983,1680,0,0,0,1.0,1,1.0,1,1.0,1,0.21543373249974912,46
1285,1,2664,983,1681,0,0,0,1.0,1,1.0,1,1.0,1,0.23682986183952287,46
1286,0,2664,983,1681,0,0,0,1.0,1,1.0,1,1.0,1,0.2435240355255037,45
1287,6,2670,983,1687,0,0,0,1.0,1,1.0,1,1.0,1,0.14960429930523356,49
1288,1,2671,983,1688,0,0,0,1.0,1,1.0,1,1.0,1,0.14728038056090542,49
1289,0,2671,983,1688,0,0,0,1.0,1,1.0,1,1.0,1,0.12914427194387124,52
1290,0,2671,983,1688,0,0,0,1.0,1,1.0,1,1.0,1,0.12914427194387124,52
1291,3,2674,983,1691,0,0,0,1.0,1,1.0,1,1.0,1,0.1396926102214947,52
1292,4,2678,983,1695,0,0,0,1.0,1,1.0,1,1.0,1,0.13684892105262236,53
1293,3,2681,983,1698,0,0,0,1.0,1,1.0,1,1.0,1,0.14042433735086218,53
1294,6,2687,984,1703,0,0,0,1.0,1,1.0,1,1.0,1,0.15306550071290162,53
1295,7,2694,984,1710,0,0,0,1.0,1,1.0,1,1.0,1,0.1478436919645179,54
1296,4,2698,984,1714,0,0,0,1.0,1,1.0,1,1.0,1,0.1576648079518384,55
1297,4,2702,984,1718,0,0,0,1.0,1,1.0,1,1.0,1,0.1568650145496676,54
1298,1,2703,984,1719,0,0,0,1.0,1,1.0,1,1.0,1,0.16952063641270848,55
1299,1,2704,984,1720,0,0,0,1.0,1,1.0,1,1.0,1,0.1951152537745873,54
1300,3,2707,985,1722,0,0,0,1.0,1,1.0,1,1.0,1,0.1831821550588159,55
1301,3,2710,986,1724,0,0,0,1.0,1,1.0,1,1.0,1,0.1825938357288581,54
1302,5,2715,990,1725,0,0,0,1.0,1,1.0,1,1.0,1,0.18416497391512626,54
1303,6,2721,994,1727,0,0,0,1.0,1,1.0,1,1.0,1,0.2090531756117823,50
1304,3,2724,996,1728,0,0,0,1.0,1,1.0,1,1.0,1,0.16498858183495385,51
1305,3,2727,999,1728,0,0,0,1.0,1,1.0,1,1.0,1,0.1883114693107157,48
1306,5,2732,1004,1728,0,0,0,1.0,1,1.0,1,1.0,1,0.24543123373380218,48
1307,0,2732,1004,1728,0,0,0,1.0,1,1.0,1,1.0,1,0.21825957528889273,48
1308,1,2733,1005,1728,0,0,0,1.0,1,1.0,1,1.0,1,0.26331686701763307,46
1309,1,2734,1006,1728,0,0,0,1.0,1,1.0,1,1.0,1,0.2805748280261909,47
1310,1,2735,1007,1728,0,0,0,1.0,1,1.0,1,1.0,1,0.24424697382155777,46
1311,2,2737,1009,1728,0,0,0,1.0,1,1.0,1,1.0,1,0.27700918134514524,46
1312,2,2739,1011,1728,0,0,0,1.0,1,1.0,1,1.0,1,0.30365653825843303,45
1313,0,2739,1011,1728,0,0,0,1.0,1,1.0,1,1.0,1,0.3183683617479846,44
1314,0,2739,1011,1728,0,0,0,1.0,1,1.0,1,1.0,1,0.317873143167715,42
1315,2,2741,1012,1729,0,0,0,1.0,1,1.0,1,1.0,1,0.31705088173705553,40
1316,0,2741,1012,1729,0,0,0,1.0,1,1.0,1,1.0,1,0.3039459205472476,42
1317,2,2743,1013,1730,0,0,0,1.0,1,1.0,1,1.0,1,0.3381243607980907,42
1318,0,2743,1013,1730,0,0,0,1.0,1,1.0,1,1.0,1,0.3381243607980907,42
1319,3,2746,1015,1731,0,0,0,1.0,1,1.0,1,1.0,1,0.3438875943133386,42
1320,0,2746,1015,1731,0,0,0,1.0,1,1.0,1,1.0,1,0.3438875943133386,42
1321,7,2753,1015,1738,0,0,0,1.0,1,1.0,1,1.0,1,0.24383072987448492,45
1322,3,2756,1015,1741,0,0,0,1.0,1,1.0,1,1.0,1,0.237882719380237,45
1323,2,2758,1016,1742,0,0,0,1.0,1,1.0,1,1.0,1,0.242614974299123,46
1324,1,2759,1016,1743,0,0,0,1.0,1,1.0,1,1.0,1,0.2563462272209452,45
1325,8,2767,1017,1750,0,0,0,1.0,1,1.0,1,1.0,1,0.17518847710991725,46
1326,4,2771,1018,1753,0,0,0,1.0,1,1.0,1,1.0,1,0.24823790026843862,45
1327,2,2773,1018,1755,0,0,0,1.0,1,1.0,1,1.0,1,0.279240736579411,46
1328,2,2775,1018,1757,0,0,0,1.0,1,1.0,1,1.0,1,0.26047793377776746,47
1329,3,2778,1019,1759,0,0,0,1.0,1,1.0,1,1.0,1,0.23910557879169592,47
1330,2,2780,1019,1761,0,0,0,1.0,1,1.0,1,1.0,1,0.26308589049063935,46
1331,3,2783,1020,1763,0,0,0,1.0,1,1.0,1,1.0,1,0.25240557941682906,46
1332,3,2786,1021,1765,0,0,0,1.0,1,1.0,1,1.0,1,0.2706131485221614,49
1333,5,2791,1021,1770,0,0,0,1.0,1,1.0,1,1.0,1,0.24784189017347943,50
1334,3,2794,1021,1773,0,0,0,1.0,1,1.0,1,1.0,1,0.2436847317188989,50
1335,1,2795,1021,1774,0,0,0,1.0,1,1.0,1,1.0,1,0.2750750062019403,52
1336,2,2797,1022,1775,0,0,0,1.0,1,1.0,1,1.0,1,0.26689842395570595,53
1337,5,2802,1024,1778,0,0,0,1.0,1,1.0,1,1.0,1,0.29751809435709364,54
1338,3,2805,1024,1781,0,0,0,1.0,1,1.0,1,1.0,1,0.27990219496319785,54
1339,5,2810,1025,1785,0,0,0,1.0,1,1.0,1,1.0,1,0.3004363848286796,54
1340,2,2812,1025,1787,0,0,0,1.0,1,1.0,1,1.0,1,0.3043502633399539,53
1341,2,2814,1025,1789,0,0,0,1.0,1,1.0,1,1.0,1,0.2655862934304166,53
1342,1,2815,1026,1789,0,0,0,1.0,1,1.0,1,1.0,1,0.2621345502007526,52
1343,0,2815,1026,1789,0,0,0,1.0,1,1.0,1,1.0,1,0.2681717537907109,50
1344,1,2816,1027,1789,0,0,0,1.0,1,1.0,1,1.0,1,0.27318688093310356,51
1345,0,2816,1027,1789,0,0,0,1.0,1,1.0,1,1.0,1,0.26678977783798263,50
1346,3,2819,1030,1789,0,0,0,1.0,1,1.0,1,1.0,1,0.30098233321055656,50
1347,1,2820,1031,1789,0,0,0,1.0,1,1.0,1,1.0,1,0.2999403570068293,48
1348,5,2825,1032,1793,0,0,0,1.0,1,1.0,1,1.0,1,0.275859419673281,49
1349,1,2826,1033,1793,0,0,0,1.0,1,1.0,1,1.0,1,0.27656555901508534,48
1350,2,2828,1034,1794,0,0,0,1.0,1,1.0,1,1.0,1,0.32105687975527303,49
1351,1,2829,1034,1795,0,0,0,1.0,1,1.0,1,1.0,1,0.28835223766709156,48
1352,1,2830,1034,1796,0,0,0,1.0,1,1.0,1,1.0,1,0.2727687695859286,49
1353,0,2830,1034,1796,0,0,0,1.0,1,1.0,1,1.0,1,0.2751984162162968,49
1354,2,2832,1034,1798,0,0,0,1.0,1,1.0,1,1.0,1,0.27859702749905246,49
1355,0,2832,1034,1798,0,0,0,1.0,1,1.0,1,1.0,1,0.2769191099499546,50
1356,3,2835,1035,1800,0,0,0,1.0,1,1.0,1,1.0,1,0.2798292977228923,50
1357,6,2841,1038,1803,0,0,0,1.0,1,1.0,1,1.0,1,0.2926140437569377,50
1358,4,2845,1039,1806,0,0,0,1.0,1,1.0,1,1.0,1,0.2921898214591061,51
1359,3,2848,1040,1808,0,0,0,1.0,1,1.0,1,1.0,1,0.3188753796225773,53
1360,2,2850,1040,1810,0,0,0,1.0,1,1.0,1,1.0,1,0.326869910246898,54
1361,10,2860,1040,1820,0,0,0,1.0,1,1.0,1,1.0,1,0.20634606047186937,54
1362,3,2863,1041,1822,0,0,0,1.0,1,1.0,1,1.0,1,0.19469187481104488,55
1363,1,2864,1041,1823,0,0,0,1.0,1,1.0,1,1.0,1,0.1710633684760502,55
1364,3,2867,1041,1826,0,0,0,1.0,1,1.0,1,1.0,1,0.1584434564297226,55
1365,6,2873,1043,1830,0,0,0,1.0,1,1.0,1,1.0,1,0.19650060075985185,56
1366,2,2875,1043,1832,0,0,0,1.0,1,1.0,1,1.0,1,0.19650060075985185,56
1367,2,2877,1043,1834,0,0,0,1.0,1,1.0,1,1.0,1,0.19650060075985185,56
1368,4,2881,1043,1838,0,0,0,1.0,1,1.0,1,1.0,1,0.16860926089364148,58
1369,3,2884,1043,1841,0,0,0,1.0,1,1.0,1,1.0,1,0.16847890341793437,59
1370,2,2886,1043,1843,0,0,0,1.0,1,1.0,1,1.0,1,0.18049091999117275,59
1371,2,2888,1044,1844,0,0,0,1.0,1,1.0,1,1.0,1,0.19260229495170575,59
1372,3,2891,1045,1846,0,0,0,1.0,1,1.0,1,1.0,1,0.20762194048574645,59
1373,4,2895,1045,1850,0,0,0,1.0,1,1.0,1,1.0,1,0.20762194048574645,59
1374,8,2903,1047,1856,0,0,0,1.0,1,1.0,1,1.0,1,0.2152905350135625,60
1375,7,2910,1047,1863,0,0,0,1.0,1,1.0,1,1.0,1,0.20169261643835482,61
1376,6,2916,1047,1869,0,0,0,1.0,1,1.0,1,1.0,1,0.2190277349568116,61
1377,5,2921,1047,1874,0,0,0,1.0,1,1.0,1,1.0,1,0.2421297804306554,61
1378,9,2930,1049,1881,0,0,0,1.0,1,1.0,1,1.0,1,0.2550772644021735,61
1379,8,2938,1050,1888,0,0,0,1.0,1,1.0,1,1.0,1,0.2646549244066451,60
1380,8,2946,1051,1895,0,0,0,1.0,1,1.0,1,1.0,1,0.2801773817138671,60
1381,9,2955,1052,1903,0,0,0,1.0,1,1.0,1,1.0,1,0.19260473808948228,58
1382,2,2957,1054,1903,0,0,0,1.0,1,1.0,1,1.0,1,0.21929663920573608,58
1383,1,2958,1055,1903,0,0,0,1.0,1,1.0,1,1.0,1,0.16982898139848773,57
1384,3,2961,1058,1903,0,0,0,1.0,1,1.0,1,1.0,1,0.21251459532733624,54
1385,1,2962,1058,1904,0,0,0,1.0,1,1.0,1,1.0,1,0.20100566852107757,52
1386,3,2965,1060,1905,0,0,0,1.0,1,1.0,1,1.0,1,0.18065185184575236,51
1387,2,2967,1062,1905,0,0,0,1.0,1,1.0,1,1.0,1,0.2043704344992137,51
1388,3,2970,1065,1905,0,0,0,1.0,1,1.0,1,1.0,1,0.1872472263539867,52
1389,0,2970,1065,1905,0,0,0,1.0,1,1.0,1,1.0,1,0.246416047790174,50
1390,3,2973,1067,1906,0,0,0,1.0,1,1.0,1,1.0,1,0.2122507806815063,51
1391,0,2973,1067,1906,0,0,0,1.0,1,1.0,1,1.0,1,0.21693244721542748,50
1392,2,2975,1068,1907,0,0,0,1.0,1,1.0,1,1.0,1,0.21098643179976617,50
1393,0,2975,1068,1907,0,0,0,1.0,1,1.0,1,1.0,1,0.22944300174780496,49
1394,6,2981,1069,1912,0,0,0,1.0,1,1.0,1,1.0,1,0.15436716193623432,50
1395,1,2982,1069,1913,0,0,0,1.0,1,1.0,1,1.0,1,0.1723518791705571,51
1396,2,2984,1070,1914,0,0,0,1.0,1,1.0,1,1.0,1,0.15521801374593178,52
1397,0,2984,1070,1914,0,0,0,1.0,1,1.0,1,1.0,1,0.15521801374593178,52
1398,0,2984,1070,1914,0,0,0,1.0,1,1.0,1,1.0,1,0.1352565022447733,53
1399,3,2987,1072,1915,0,0,0,1.0,1,1.0,1,1.0,1,0.17233079319155145,54
1400,1,2988,1072,1916,0,0,0,1.0,1,1.0,1,1.0,1,0.19422716635909595,54
1401,2,2990,1073,1917,0,0,0,1.0,1,1.0,1,1.0,1,0.19203393203313793,54
1402,4,2994,1075,1919,0,0,0,1.0,1,1.0,1,1.0,1,0.1862105125392884,53
1403,0,2994,1075,1919,0,0,0,1.0,1,1.0,1,1.0,1,0.18973838620377975,52
1404,2,2996,1075,1921,0,0,0,1.0,1,1.0,1,1.0,1,0.18737977468771644,53
1405,1,2997,1076,1921,0,0,0,1.0,1,1.0,1,1.0,1,0.22631712073582083,52
1406,1,2998,1076,1922,0,0,0,1.0,1,1.0,1,1.0,1,0.20612923793810622,53
1407,1,2999,1077,1922,0,0,0,1.0,1,1.0,1,1.0,1,0.2207616660867997,54
1408,0,2999,1077,1922,0,0,0,1.0,1,1.0,1,1.0,1,0.24247724014424687,53
1409,0,2999,1077,1922,0,0,0,1.0,1,1.0,1,1.0,1,0.23583654263387516,55
1410,0,2999,1077,1922,0,0,0,1.0,1,1.0,1,1.0,1,0.24245086613003403,54
1411,0,2999,1077,1922,0,0,0,1.0,1,1.0,1,1.0,1,0.24245086613003403,54
1412,0,2999,1077,1922,0,0,0,1.0,1,1.0,1,1.0,1,0.26227898796959204,53
1413,0,2999,1077,1922,0,0,0,1.0,1,1.0,1,1.0,1,0.2575619246379017,54
1414,1,3000,1077,1923,0,0,0,1.0,1,1.0,1,1.0,1,0.2648642850184248,55
1415,2,3002,1079,1923,0,0,0,1.0,1,1.0,1,1.0,1,0.23481449223325662,57
1416,2,3004,1080,1924,0,0,0,1.0,1,1.0,1,1.0,1,0.24500955343854317,59
1417,2,3006,1081,1925,0,0,0,1.0,1,1.0,1,1.0,1,0.2364817376820916,58
1418,5,3011,1083,1928,0,0,0,1.0,1,1.0,1,1.0,1,0.21648634569834982,57
1419,4,3015,1084,1931,0,0,0,1.0,1,1.0,1,1.0,1,0.1914914447960252,56
1420,5,3020,1085,1935,0,0,0,1.0,1,1.0,1,1.0,1,0.20818622052535896,54
1421,2,3022,1086,1936,0,0,0,1.0,1,1.0,1,1.0,1,0.1903294103470483,55
1422,0,3022,1086,1936,0,0,0,1.0,1,1.0,1,1.0,1,0.17173823402093713,52
1423,3,3025,1088,1937,0,0,0,1.0,1,1.0,1,1.0,1,0.2265430084053652,52
1424,3,3028,1091,1937,0,0,0,1.0,1,1.0,1,1.0,1,0.2664477479291042,51
1425,0,3028,1091,1937,0,0,0,1.0,1,1.0,1,1.0,1,0.24721988366627395,50
1426,2,3030,1091,1939,0,0,0,1.0,1,1.0,1,1.0,1,0.1898844651376556,50
1427,0,3030,1091,1939,0,0,0,1.0,1,1.0,1,1.0,1,0.1999947017427437,48
1428,4,3034,1095,1939,0,0,0,1.0,1,1.0,1,1.0,1,0.2648417022672068,48
1429,0,3034,1095,1939,0,0,0,1.0,1,1.0,1,1.0,1,0.261148791284519,48
1430,1,3035,1096,1939,0,0,0,1.0,1,1.0,1,1.0,1,0.27653368467300643,48
1431,0,3035,1096,1939,0,0,0,1.0,1,1.0,1,1.0,1,0.27653368467300643,48
1432,2,3037,1096,1941,0,0,0,1.0,1,1.0,1,1.0,1,0.22370105148860267,50
1433,1,3038,1096,1942,0,0,0,1.0,1,1.0,1,1.0,1,0.22410135214204574,51
1434,5,3043,1099,1944,0,0,0,1.0,1,1.0,1,1.0,1,0.20903239471581894,51
1435,2,3045,1100,1945,0,0,0,1.0,1,1.0,1,1.0,1,0.21313269113592673,50
1436,1,3046,1101,1945,0,0,0,1.0,1,1.0,1,1.0,1,0.19944609526147367,51
1437,1,3047,1101,1946,0,0,0,1.0,1,1.0,1,1.0,1,0.18579393989942752,51
1438,1,3048,1102,1946,0,0,0,1.0,1,1.0,1,1.0,1,0.19378762764891228,51
1439,4,3052,1105,1947,0,0,0,1.0,1,1.0,1,1.0,1,0.2453590985166668,50
1440,2,3054,1106,1948,0,0,0,1.0,1,1.0,1,1.0,1,0.28609414829294966,51
1441,7,3061,1106,1955,0,0,0,1.0,1,1.0,1,1.0,1,0.1532951302542383,51
1442,2,3063,1107,1956,0,0,0,1.0,1,1.0,1,1.0,1,0.1735809117307334,52
1443,4,3067,1107,1960,0,0,0,1.0,1,1.0,1,1.0,1,0.18944256419639974,53
1444,4,3071,1108,1963,0,0,0,1.0,1,1.0,1,1.0,1,0.204156416927989,54
1445,4,3075,1108,1967,0,0,0,1.0,1,1.0,1,1.0,1,0.2039994370276719,54
1446,7,3082,1108,1974,0,0,0,1.0,1,1.0,1,1.0,1,0.2084784742179404,54
1447,6,3088,1108,1980,0,0,0,1.0,1,1.0,1,1.0,1,0.19940529076995303,55
1448,4,3092,1108,1984,0,0,0,1.0,1,1.0,1,1.0,1,0.15558644516899883,55
1449,4,3096,1108,1988,0,0,0,1.0,1,1.0,1,1.0,1,0.15558644516899883,55
1450,5,3101,1109,1992,0,0,0,1.0,1,1.0,1,1.0,1,0.16495714927633298,57
1451,3,3104,1109,1995,0,0,0,1.0,1,1.0,1,1.0,1,0.14595603671135451,57
1452,3,3107,1109,1998,0,0,0,1.0,1,1.0,1,1.0,1,0.139243593823882,57
1453,5,3112,1110,2002,0,0,0,1.0,1,1.0,1,1.0,1,0.15730620264866993,57
1454,8,3120,1112,2008,0,0,0,1.0,1,1.0,1,1.0,1,0.170379181348353,58
1455,4,3124,1112,2012,0,0,0,1.0,1,1.0,1,1.0,1,0.16458474375027268,56
1456,5,3129,1113,2016,0,0,0,1.0,1,1.0,1,1.0,1,0.16637219049845373,55
1457,2,3131,1113,2018,0,0,0,1.0,1,1.0,1,1.0,1,0.21406758795445105,54
1458,4,3135,1114,2021,0,0,0,1.0,1,1.0,1,1.0,1,0.22956668273798372,53
1459,3,3138,1114,2024,0,0,0,1.0,1,1.0,1,1.0,1,0.23761376949916324,52
1460,3,3141,1115,2026,0,0,0,1.0,1,1.0,1,1.0,1,0.1807342324111294,51
1461,4,3145,1117,2028,0,0,0,1.0,1,1.0,1,1.0,1,0.151744456088718,51
1462,3,3148,1120,2028,0,0,0,1.0,1,1.0,1,1.0,1,0.12328932273781244,51
1463,3,3151,1122,2029,0,0,0,1.0,1,1.0,1,1.0,1,0.18246382414970777,52
1464,3,3154,1125,2029,0,0,0,1.0,1,1.0,1,1.0,1,0.1951009222890829,52
1465,2,3156,1126,2030,0,0,0,1.0,1,1.0,1,1.0,1,0.200984852549154,51
1466,4,3160,1129,2031,0,0,0,1.0,1,1.0,1,1.0,1,0.21959993665081878,50
1467,2,3162,1131,2031,0,0,0,1.0,1,1.0,1,1.0,1,0.2508776051467228,48
1468,7,3169,1136,2033,0,0,0,1.0,1,1.0,1,1.0,1,0.2227504849861026,48
1469,2,3171,1137,2034,0,0,0,1.0,1,1.0,1,1.0,1,0.25422762590722775,48
1470,1,3172,1138,2034,0,0,0,1.0,1,1.0,1,1.0,1,0.2641463229882361,48
1471,2,3174,1140,2034,0,0,0,1.0,1,1.0,1,1.0,1,0.29827626759172804,45
1472,1,3175,1141,2034,0,0,0,1.0,1,1.0,1,1.0,1,0.2935882180880093,45
1473,2,3177,1142,2035,0,0,0,1.0,1,1.0,1,1.0,1,0.2956826638060576,46
1474,0,3177,1142,2035,0,0,0,1.0,1,1.0,1,1.0,1,0.3184753549461386,46
1475,0,3177,1142,2035,0,0,0,1.0,1,1.0,1,1.0,1,0.3184753549461386,46
1476,1,3178,1142,2036,0,0,0,1.0,1,1.0,1,1.0,1,0.3144735719997026,47
1477,3,3181,1143,2038,0,0,0,1.0,1,1.0,1,1.0,1,0.30486378814377474,47
1478,5,3186,1143,2043,0,0,0,1.0,1,1.0,1,1.0,1,0.3240303723306803,47
1479,1,3187,1143,2044,0,0,0,1.0,1,1.0,1,1.0,1,0.29865937850146007,48
1480,3,3190,1144,2046,0,0,0,1.0,1,1.0,1,1.0,1,0.33439024023842295,47
1481,12,3202,1145,2057,0,0,0,1.0,1,1.0,1,1.0,1,0.16298853763662224,47
1482,3,3205,1147,2058,0,0,0,1.0,1,1.0,1,1.0,1,0.21974838804663183,46
1483,5,3210,1148,2062,0,0,0,1.0,1,1.0,1,1.0,1,0.2259122003987797,47
1484,2,3212,1149,2063,0,0,0,1.0,1,1.0,1,1.0,1,0.2512393943261223,47
1485,8,3220,1149,2071,0,0,0,1.0,1,1.0,1,1.0,1,0.2777775697113709,47
1486,3,3223,1149,2074,0,0,0,1.0,1,1.0,1,1.0,1,0.22781765312912244,49
1487,8,3231,1152,2079,0,0,0,1.0,1,1.0,1,1.0,1,0.2099882798221896,49
1488,2,3233,1153,2080,0,0,0,1.0,1,1.0,1,1.0,1,0.18635395556064185,51
1489,3,3236,1154,2082,0,0,0,1.0,1,1.0,1,1.0,1,0.24850145894037715,52
1490,2,3238,1154,2084,0,0,0,1.0,1,1.0,1,1.0,1,0.21114662889239294,52
1491,7,3245,1156,2089,0,0,0,1.0,1,1.0,1,1.0,1,0.2220217077573732,53
1492,6,3251,1158,2093,0,0,0,1.0,1,1.0,1,1.0,1,0.30816067448393025,53
1493,7,3258,1158,2100,0,0,0,1.0,1,1.0,1,1.0,1,0.3004460820381132,52
1494,8,3266,1159,2107,0,0,0,1.0,1,1.0,1,1.0,1,0.26057952511486326,50
1495,10,3276,1161,2115,0,0,0,1.0,1,1.0,1,1.0,1,0.30234297864190446,50
1496,9,3285,1162,2123,0,0,0,1.0,1,1.0,1,1.0,1,0.3031215870797406,52
1497,6,3291,1163,2128,0,0,0,1.0,1,1.0,1,1.0,1,0.3074867578945421,51
1498,7,3298,1164,2134,0,0,0,1.0,1,1.0,1,1.0,1,0.3122878529427767,50
1499,4,3302,1164,2138,0,0,0,1.0,1,1.0,1,1.0,1,0.3115015910590918,50
1500,6,3308,1165,2143,0,0,0,1.0,1,1.0,1,1.0,1,0.32403972455015323,49
1501,2,3310,1165,2145,0,0,0,1.0,1,1.0,1,1.0,1,0.2886027801885746,47
1502,2,3312,1166,2146,0,0,0,1.0,1,1.0,1,1.0,1,0.2694433955019106,47
1503,0,3312,1166,2146,0,0,0,1.0,1,1.0,1,1.0,1,0.2621155752260162,47
1504,5,3317,1169,2148,0,0,0,1.0,1,1.0,1,1.0,1,0.21656101347218437,48
1505,4,3321,1172,2149,0,0,0,1.0,1,1.0,1,1.0,1,0.20453099956231285,47
1506,2,3323,1173,2150,0,0,0,1.0,1,1.0,1,1.0,1,0.19118456762673905,47
1507,1,3324,1174,2150,0,0,0,1.0,1,1.0,1,1.0,1,0.22459581106093576,45
1508,3,3327,1177,2150,0,0,0,1.0,1,1.0,1,1.0,1,0.2529306562806495,45
1509,2,3329,1179,2150,0,0,0,1.0,1,1.0,1,1.0,1,0.2854898314279572,44
1510,2,3331,1180,2151,0,0,0,1.0,1,1.0,1,1.0,1,0.2828980076795033,42
1511,1,3332,1181,2151,0,0,0,1.0,1,1.0,1,1.0,1,0.3414219852986051,40
1512,2,3334,1183,2151,0,0,0,1.0,1,1.0,1,1.0,1,0.38385818008154654,39
1513,1,3335,1183,2152,0,0,0,1.0,1,1.0,1,1.0,1,0.35612031663299626,39
1514,0,3335,1183,2152,0,0,0,1.0,1,1.0,1,1.0,1,0.3540265597963348,38
1515,0,3335,1183,2152,0,0,0,1.0,1,1.0,1,1.0,1,0.36981572319660583,39
1516,1,3336,1183,2153,0,0,0,1.0,1,1.0,1,1.0,1,0.3411108026643129,39
1517,2,3338,1185,2153,0,0,0,1.0,1,1.0,1,1.0,1,0.3313422558819598,39
1518,2,3340,1187,2153,0,0,0,1.0,1,1.0,1,1.0,1,0.3652313410338275,39
1519,1,3341,1188,2153,0,0,0,1.0,1,1.0,1,1.0,1,0.3937332002046413,39
1520,5,3346,1190,2156,0,0,0,1.0,1,1.0,1,1.0,1,0.403293830977642,39
1521,9,3355,1190,2165,0,0,0,1.0,1,1.0,1,1.0,1,0.1963011247490875,40
1522,2,3357,1191,2166,0,0,0,1.0,1,1.0,1,1.0,1,0.2110026968874741,40
1523,0,3357,1191,2166,0,0,0,1.0,1,1.0,1,1.0,1,0.2331619739021007,41
1524,0,3357,1191,2166,0,0,0,1.0,1,1.0,1,1.0,1,0.24347807150520384,42
1525,1,3358,1191,2167,0,0,0,1.0,1,1.0,1,1.0,1,0.2519043783044052,45
1526,0,3358,1191,2167,0,0,0,1.0,1,1.0,1,1.0,1,0.2596497845414525,46
1527,0,3358,1191,2167,0,0,0,1.0,1,1.0,1,1.0,1,0.2596497845414525,46
1528,1,3359,1191,2168,0,0,0,1.0,1,1.0,1,1.0,1,0.2580520761319437,47
1529,1,3360,1191,2169,0,0,0,1.0,1,1.0,1,1.0,1,0.22384175250639043,47
1530,0,3360,1191,2169,0,0,0,1.0,1,1.0,1,1.0,1,0.23247818297363054,48
1531,0,3360,1191,2169,0,0,0,1.0,1,1.0,1,1.0,1,0.23977818258416586,46
1532,4,3364,1192,2172,0,0,0,1.0,1,1.0,1,1.0,1,0.23605839936309042,47
1533,0,3364,1192,2172,0,0,0,1.0,1,1.0,1,1.0,1,0.22318630803152933,46
1534,0,3364,1192,2172,0,0,0,1.0,1,1.0,1,1.0,1,0.23880809905956307,47
1535,2,3366,1193,2173,0,0,0,1.0,1,1.0,1,1.0,1,0.23499391580475879,47
1536,0,3366,1193,2173,0,0,0,1.0,1,1.0,1,1.0,1,0.24700139952392858,48
1537,0,3366,1193,2173,0,0,0,1.0,1,1.0,1,1.0,1,0.2645024038466783,46
1538,1,3367,1193,2174,0,0,0,1.0,1,1.0,1,1.0,1,0.2463731428796568,47
1539,0,3367,1193,2174,0,0,0,1.0,1,1.0,1,1.0,1,0.2614000467843993,47
1540,1,3368,1194,2174,0,0,0,1.0,1,1.0,1,1.0,1,0.27431626883305266,47
1541,4,3372,1194,2178,0,0,0,1.0,1,1.0,1,1.0,1,0.20873325716506796,47
1542,5,3377,1197,2180,0,0,0,1.0,1,1.0,1,1.0,1,0.27273720687550806,50
1543,4,3381,1200,2181,0,0,0,1.0,1,1.0,1,1.0,1,0.28309684250346967,47
1544,5,3386,1203,2183,0,0,0,1.0,1,1.0,1,1.0,1,0.30356191718708914,48
1545,4,3390,1203,2187,0,0,0,1.0,1,1.0,1,1.0,1,0.25815412978056285,47
1546,3,3393,1204,2189,0,0,0,1.0,1,1.0,1,1.0,1,0.2671150527231968,47
1547,3,3396,1205,2191,0,0,0,1.0,1,1.0,1,1.0,1,0.27775355121142115,47
1548,6,3402,1208,2194,0,0,0,1.0,1,1.0,1,1.0,1,0.2385624537987292,47
1549,6,3408,1213,2195,0,0,0,1.0,1,1.0,1,1.0,1,0.2674035791640405,46
1550,5,3413,1214,2199,0,0,0,1.0,1,1.0,1,1.0,1,0.2559911735336619,44
1551,3,3416,1215,2201,0,0,0,1.0,1,1.0,1,1.0,1,0.20603805360095717,45
1552,4,3420,1217,2203,0,0,0,1.0,1,1.0,1,1.0,1,0.2695974576847605,43
1553,5,3425,1219,2206,0,0,0,1.0,1,1.0,1,1.0,1,0.3103892437807402,43
1554,2,3427,1220,2207,0,0,0,1.0,1,1.0,1,1.0,1,0.31186879179648974,41
1555,4,3431,1222,2209,0,0,0,1.0,1,1.0,1,1.0,1,0.21942049342073003,44
1556,1,3432,1223,2209,0,0,0,1.0,1,1.0,1,1.0,1,0.23492482249209798,45
1557,0,3432,1223,2209,0,0,0,1.0,1,1.0,1,1.0,1,0.23492482249209798,45
1558,3,3435,1223,2212,0,0,0,1.0,1,1.0,1,1.0,1,0.20540694116512548,46
1559,2,3437,1224,2213,0,0,0,1.0,1,1.0,1,1.0,1,0.1808089315148185,47
1560,4,3441,1226,2215,0,0,0,1.0,1,1.0,1,1.0,1,0.20670479180532994,46
1561,2,3443,1226,2217,0,0,0,1.0,1,1.0,1,1.0,1,0.1406986712490452,47
1562,1,3444,1226,2218,0,0,0,1.0,1,1.0,1,1.0,1,0.1356397930140495,47
1563,0,3444,1226,2218,0,0,0,1.0,1,1.0,1,1.0,1,0.1356397930140495,47
1564,0,3444,1226,2218,0,0,0,1.0,1,1.0,1,1.0,1,0.1356397930140495,47
1565,0,3444,1226,2218,0,0,0,1.0,1,1.0,1,1.0,1,0.1758493088505555,48
1566,0,3444,1226,2218,0,0,0,1.0,1,1.0,1,1.0,1,0.1758493088505555,48
1567,0,3444,1226,2218,0,0,0,1.0,1,1.0,1,1.0,1,0.1981465722964435,48
1568,1,3445,1227,2218,0,0,0,1.0,1,1.0,1,1.0,1,0.2119930136207177,48
1569,0,3445,1227,2218,0,0,0,1.0,1,1.0,1,1.0,1,0.2083832213511251,45
1570,0,3445,1227,2218,0,0,0,1.0,1,1.0,1,1.0,1,0.20452209978644809,44
1571,2,3447,1229,2218,0,0,0,1.0,1,1.0,1,1.0,1,0.2519738122601945,42
1572,4,3451,1231,2220,0,0,0,1.0,1,1.0,1,1.0,1,0.2782110127475435,43
1573,2,3453,1232,2221,0,0,0,1.0,1,1.0,1,1.0,1,0.2951987892300003,43
1574,6,3459,1235,2224,0,0,0,1.0,1,1.0,1,1.0,1,0.28605639661046744,42
1575,2,3461,1235,2226,0,0,0,1.0,1,1.0,1,1.0,1,0.26773687589301676,43
1576,5,3466,1238,2228,0,0,0,1.0,1,1.0,1,1.0,1,0.3072248660107407,41
1577,2,3468,1239,2229,0,0,0,1.0,1,1.0,1,1.0,1,0.3162127604494509,40
1578,5,3473,1241,2232,0,0,0,1.0,1,1.0,1,1.0,1,0.34238365792946024,40
1579,1,3474,1241,2233,0,0,0,1.0,1,1.0,1,1.0,1,0.33084647838226494,40
1580,0,3474,1241,2233,0,0,0,1.0,1,1.0,1,1.0,1,0.33084647838226494,40
1581,7,3481,1242,2239,0,0,0,1.0,1,1.0,1,1.0,1,0.23802914999735894,40
1582,3,3484,1244,2240,0,0,0,1.0,1,1.0,1,1.0,1,0.22071600783056608,40
1583,1,3485,1244,2241,0,0,0,1.0,1,1.0,1,1.0,1,0.2037256033298943,38
1584,2,3487,1244,2243,0,0,0,1.0,1,1.0,1,1.0,1,0.1776987339206668,39
1585,3,3490,1246,2244,0,0,0,1.0,1,1.0,1,1.0,1,0.1839872336469121,38
1586,3,3493,1249,2244,0,0,0,1.0,1,1.0,1,1.0,1,0.19957658073756068,38
1587,3,3496,1252,2244,0,0,0,1.0,1,1.0,1,1.0,1,0.26899280160102984,37
1588,2,3498,1254,2244,0,0,0,1.0,1,1.0,1,1.0,1,0.24304951800081134,39
1589,2,3500,1256,2244,0,0,0,1.0,1,1.0,1,1.0,1,0.2774893706984461,37
1590,2,3502,1258,2244,0,0,0,1.0,1,1.0,1,1.0,1,0.3311548661070432,37
1591,1,3503,1259,2244,0,0,0,1.0,1,1.0,1,1.0,1,0.3823636611207999,36
1592,2,3505,1259,2246,0,0,0,1.0,1,1.0,1,1.0,1,0.3651656009164516,34
1593,0,3505,1259,2246,0,0,0,1.0,1,1.0,1,1.0,1,0.3830979394872659,33
1594,0,3505,1259,2246,0,0,0,1.0,1,1.0,1,1.0,1,0.38038291619265346,31
1595,0,3505,1259,2246,0,0,0,1.0,1,1.0,1,1.0,1,0.3884856094045649,34
1596,3,3508,1259,2249,0,0,0,1.0,1,1.0,1,1.0,1,0.3063638559051159,33
1597,0,3508,1259,2249,0,0,0,1.0,1,1.0,1,1.0,1,0.3063638559051159,33
1598,0,3508,1259,2249,0,0,0,1.0,1,1.0,1,1.0,1,0.31462318881296736,33
1599,2,3510,1260,2250,0,0,0,1.0,1,1.0,1,1.0,1,0.3120864099779241,33
1600,1,3511,1260,2251,0,0,0,1.0,1,1.0,1,1.0,1,0.31427577482554303,34
1601,4,3515,1261,2254,0,0,0,1.0,1,1.0,1,1.0,1,0.2496972522797461,35
1602,1,3516,1261,2255,0,0,0,1.0,1,1.0,1,1.0,1,0.2131084849069566,36
1603,3,3519,1262,2257,0,0,0,1.0,1,1.0,1,1.0,1,0.22102513013534875,38
1604,1,3520,1263,2257,0,0,0,1.0,1,1.0,1,1.0,1,0.21261238052038334,38
1605,0,3520,1263,2257,0,0,0,1.0,1,1.0,1,1.0,1,0.21261238052038334,38
1606,4,3524,1265,2259,0,0,0,1.0,1,1.0,1,1.0,1,0.24725178150209756,39
1607,1,3525,1266,2259,0,0,0,1.0,1,1.0,1,1.0,1,0.24631240156242176,37
1608,4,3529,1268,2261,0,0,0,1.0,1,1.0,1,1.0,1,0.28425828109669493,36
1609,1,3530,1268,2262,0,0,0,1.0,1,1.0,1,1.0,1,0.27791714383284855,34
1610,6,3536,1269,2267,0,0,0,1.0,1,1.0,1,1.0,1,0.24852270125867149,34
1611,4,3540,1270,2270,0,0,0,1.0,1,1.0,1,1.0,1,0.3359920307193377,35
1612,4,3544,1270,2274,0,0,0,1.0,1,1.0,1,1.0,1,0.2865902749495227,33
1613,4,3548,1270,2278,0,0,0,1.0,1,1.0,1,1.0,1,0.2775072312376593,34
1614,4,3552,1270,2282,0,0,0,1.0,1,1.0,1,1.0,1,0.2954270482626801,35
1615,3,3555,1270,2285,0,0,0,1.0,1,1.0,1,1.0,1,0.27547143617543585,35
1616,4,3559,1271,2288,0,0,0,1.0,1,1.0,1,1.0,1,0.2219779446370345,37
1617,7,3566,1274,2292,0,0,0,1.0,1,1.0,1,1.0,1,0.2647631704457914,38
1618,1,3567,1274,2293,0,0,0,1.0,1,1.0,1,1.0,1,0.2728368628707101,38
1619,1,3568,1275,2293,0,0,0,1.0,1,1.0,1,1.0,1,0.29972445020511845,38
1620,0,3568,1275,2293,0,0,0,1.0,1,1.0,1,1.0,1,0.29750274684948247,39
1621,3,3571,1276,2295,0,0,0,1.0,1,1.0,1,1.0,1,0.2802078549497015,37
1622,0,3571,1276,2295,0,0,0,1.0,1,1.0,1,1.0,1,0.3064299985633945,37
1623,3,3574,1278,2296,0,0,0,1.0,1,1.0,1,1.0,1,0.3071096311629985,37
1624,2,3576,1280,2296,0,0,0,1.0,1,1.0,1,1.0,1,0.33572637550421786,37
1625,4,3580,1281,2299,0,0,0,1.0,1,1.0,1,1.0,1,0.29348774438227754,35
1626,2,3582,1283,2299,0,0,0,1.0,1,1.0,1,1.0,1,0.368390445721246,35
1627,1,3583,1283,2300,0,0,0,1.0,1,1.0,1,1.0,1,0.3552843154041993,34
1628,4,3587,1285,2302,0,0,0,1.0,1,1.0,1,1.0,1,0.36015150744280383,35
1629,2,3589,1287,2302,0,0,0,1.0,1,1.0,1,1.0,1,0.4180299407557355,34
1630,0,3589,1287,2302,0,0,0,1.0,1,1.0,1,1.0,1,0.40847808420753734,32
1631,0,3589,1287,2302,0,0,0,1.0,1,1.0,1,1.0,1,0.4125912671663585,33
1632,0,3589,1287,2302,0,0,0,1.0,1,1.0,1,1.0,1,0.4435691571359673,32
1633,1,3590,1287,2303,0,0,0,1.0,1,1.0,1,1.0,1,0.43603311801886385,31
1634,1,3591,1287,2304,0,0,0,1.0,1,1.0,1,1.0,1,0.4158655980881026,31
1635,0,3591,1287,2304,0,0,0,1.0,1,1.0,1,1.0,1,0.43036726551771254,31
1636,1,3592,1288,2304,0,0,0,1.0,1,1.0,1,1.0,1,0.4274376878018986,33
1637,0,3592,1288,2304,0,0,0,1.0,1,1.0,1,1.0,1,0.4274376878018986,33
1638,1,3593,1288,2305,0,0,0,1.0,1,1.0,1,1.0,1,0.416415309800624,36
1639,1,3594,1289,2305,0,0,0,1.0,1,1.0,1,1.0,1,0.4011982169055003,36
1640,0,3594,1289,2305,0,0,0,1.0,1,1.0,1,1.0,1,0.4011982169055003,36
1641,4,3598,1290,2308,0,0,0,1.0,1,1.0,1,1.0,1,0.2824345139230799,38
1642,3,3601,1292,2309,0,0,0,1.0,1,1.0,1,1.0,1,0.30406295927751753,37
1643,2,3603,1294,2309,0,0,0,1.0,1,1.0,1,1.0,1,0.31169827591397886,37
1644,4,3607,1296,2311,0,0,0,1.0,1,1.0,1,1.0,1,0.3580354206615986,38
1645,1,3608,1296,2312,0,0,0,1.0,1,1.0,1,1.0,1,0.3006151729600615,36
1646,0,3608,1296,2312,0,0,0,1.0,1,1.0,1,1.0,1,0.31334676397297473,37
1647,3,3611,1297,2314,0,0,0,1.0,1,1.0,1,1.0,1,0.29793436598319306,35
1648,0,3611,1297,2314,0,0,0,1.0,1,1.0,1,1.0,1,0.33121780467378414,38
1649,1,3612,1298,2314,0,0,0,1.0,1,1.0,1,1.0,1,0.38781058851649797,35
1650,0,3612,1298,2314,0,0,0,1.0,1,1.0,1,1.0,1,0.4020244566298087,34
1651,0,3612,1298,2314,0,0,0,1.0,1,1.0,1,1.0,1,0.39029104483193106,32
1652,0,3612,1298,2314,0,0,0,1.0,1,1.0,1,1.0,1,0.39850487014428215,33
1653,0,3612,1298,2314,0,0,0,1.0,1,1.0,1,1.0,1,0.39850487014428215,33
1654,1,3613,1298,2315,0,0,0,1.0,1,1.0,1,1.0,1,0.42444628583195426,34
1655,3,3616,1298,2318,0,0,0,1.0,1,1.0,1,1.0,1,0.40150301804030425,35
1656,2,3618,1298,2320,0,0,0,1.0,1,1.0,1,1.0,1,0.40150301804030425,35
1657,5,3623,1298,2325,0,0,0,1.0,1,1.0,1,1.0,1,0.2795231071330382,36
1658,2,3625,1299,2326,0,0,0,1.0,1,1.0,1,1.0,1,0.2582234082818204,36
1659,1,3626,1299,2327,0,0,0,1.0,1,1.0,1,1.0,1,0.25612616098423985,36
1660,8,3634,1302,2332,0,0,0,1.0,1,1.0,1,1.0,1,0.22584094667247515,38
1661,2,3636,1302,2334,0,0,0,1.0,1,1.0,1,1.0,1,0.16643708137835617,38
1662,5,3641,1305,2336,0,0,0,1.0,1,1.0,1,1.0,1,0.1465562544400203,39
1663,1,3642,1306,2336,0,0,0,1.0,1,1.0,1,1.0,1,0.19320350837391745,40
1664,2,3644,1307,2337,0,0,0,1.0,1,1.0,1,1.0,1,0.19401065936727666,39
1665,0,3644,1307,2337,0,0,0,1.0,1,1.0,1,1.0,1,0.2138819731899704,40
1666,0,3644,1307,2337,0,0,0,1.0,1,1.0,1,1.0,1,0.25149482145343954,40
1667,2,3646,1309,2337,0,0,0,1.0,1,1.0,1,1.0,1,0.25586406362137554,40
1668,5,3651,1312,2339,0,0,0,1.0,1,1.0,1,1.0,1,0.17812285690940238,41
1669,2,3653,1312,2341,0,0,0,1.0,1,1.0,1,1.0,1,0.14228965598382387,40
1670,2,3655,1314,2341,0,0,0,1.0,1,1.0,1,1.0,1,0.20105042015699817,40
1671,1,3656,1314,2342,0,0,0,1.0,1,1.0,1,1.0,1,0.2153920993930912,41
1672,0,3656,1314,2342,0,0,0,1.0,1,1.0,1,1.0,1,0.2303317586392577,40
1673,0,3656,1314,2342,0,0,0,1.0,1,1.0,1,1.0,1,0.22436655090225932,39
1674,0,3656,1314,2342,0,0,0,1.0,1,1.0,1,1.0,1,0.23885929170808035,40
1675,0,3656,1314,2342,0,0,0,1.0,1,1.0,1,1.0,1,0.24576543215182395,38
1676,2,3658,1315,2343,0,0,0,1.0,1,1.0,1,1.0,1,0.271891927310124,39
1677,0,3658,1315,2343,0,0,0,1.0,1,1.0,1,1.0,1,0.2722120344630391,39
1678,0,3658,1315,2343,0,0,0,1.0,1,1.0,1,1.0,1,0.2722120344630391,39
1679,1,3659,1316,2343,0,0,0,1.0,1,1.0,1,1.0,1,0.2969759383431865,39
1680,1,3660,1316,2344,0,0,0,1.0,1,1.0,1,1.0,1,0.27962603178929635,41
1681,5,3665,1317,2348,0,0,0,1.0,1,1.0,1,1.0,1,0.1552393064015245,41
1682,3,3668,1318,2350,0,0,0,1.0,1,1.0,1,1.0,1,0.15322267812494095,43
1683,2,3670,1320,2350,0,0,0,1.0,1,1.0,1,1.0,1,0.19162986399228324,43
1684,4,3674,1322,2352,0,0,0,1.0,1,1.0,1,1.0,1,0.21299863567861202,42
1685,3,3677,1322,2355,0,0,0,1.0,1,1.0,1,1.0,1,0.2103544903387677,41
1686,7,3684,1325,2359,0,0,0,1.0,1,1.0,1,1.0,1,0.28103254152796575,41
1687,5,3689,1326,2363,0,0,0,1.0,1,1.0,1,1.0,1,0.3021986656206641,40
1688,6,3695,1329,2366,0,0,0,1.0,1,1.0,1,1.0,1,0.34663929809928545,39
1689,3,3698,1329,2369,0,0,0,1.0,1,1.0,1,1.0,1,0.3922237937724715,38
1690,3,3701,1329,2372,0,0,0,1.0,1,1.0,1,1.0,1,0.39848317478220324,38
1691,8,3709,1331,2378,0,0,0,1.0,1,1.0,1,1.0,1,0.4464618332436676,36
1692,6,3715,1331,2384,0,0,0,1.0,1,1.0,1,1.0,1,0.4290218061684052,36
1693,4,3719,1332,2387,0,0,0,1.0,1,1.0,1,1.0,1,0.414526776919799,35
1694,2,3721,1332,2389,0,0,0,1.0,1,1.0,1,1.0,1,0.42096874591144445,33
1695,4,3725,1332,2393,0,0,0,1.0,1,1.0,1,1.0,1,0.4224576479576876,34
1696,6,3731,1332,2399,0,0,0,1.0,1,1.0,1,1.0,1,0.41351874469311334,35
1697,3,3734,1332,2402,0,0,0,1.0,1,1.0,1,1.0,1,0.40390343029806347,36
1698,7,3741,1334,2407,0,0,0,1.0,1,1.0,1,1.0,1,0.4030464839188496,38
1699,4,3745,1336,2409,0,0,0,1.0,1,1.0,1,1.0,1,0.4072248967962597,38
1700,3,3748,1336,2412,0,0,0,1.0,1,1.0,1,1.0,1,0.3673479370699988,39
1701,5,3753,1336,2417,0,0,0,1.0,1,1.0,1,1.0,1,0.2762065303121463,40
1702,3,3756,1338,2418,0,0,0,1.0,1,1.0,1,1.0,1,0.29607923141515474,41
1703,3,3759,1339,2420,0,0,0,1.0,1,1.0,1,1.0,1,0.2812981042305159,41
1704,6,3765,1341,2424,0,0,0,1.0,1,1.0,1,1.0,1,0.20170340757395447,41
1705,1,3766,1342,2424,0,0,0,1.0,1,1.0,1,1.0,1,0.1861138453242283,40
1706,1,3767,1342,2425,0,0,0,1.0,1,1.0,1,1.0,1,0.14414246991169355,40
1707,0,3767,1342,2425,0,0,0,1.0,1,1.0,1,1.0,1,0.14067106106717825,39
1708,0,3767,1342,2425,0,0,0,1.0,1,1.0,1,1.0,1,0.14067106106717825,39
1709,1,3768,1343,2425,0,0,0,1.0,1,1.0,1,1.0,1,0.15499838122814424,38
1710,5,3773,1346,2427,0,0,0,1.0,1,1.0,1,1.0,1,0.23743405604272197,39
1711,1,3774,1347,2427,0,0,0,1.0,1,1.0,1,1.0,1,0.25534461163427163,38
1712,2,3776,1349,2427,0,0,0,1.0,1,1.0,1,1.0,1,0.23277247107152388,38
1713,0,3776,1349,2427,0,0,0,1.0,1,1.0,1,1.0,1,0.247453846884082,37
1714,0,3776,1349,2427,0,0,0,1.0,1,1.0,1,1.0,1,0.2545765072872145,38
1715,1,3777,1349,2428,0,0,0,1.0,1,1.0,1,1.0,1,0.23698577097062323,40
1716,0,3777,1349,2428,0,0,0,1.0,1,1.0,1,1.0,1,0.24799792559353903,39
1717,1,3778,1350,2428,0,0,0,1.0,1,1.0,1,1.0,1,0.23343802947418377,38
1718,2,3780,1350,2430,0,0,0,1.0,1,1.0,1,1.0,1,0.23837169338802514,38
1719,0,3780,1350,2430,0,0,0,1.0,1,1.0,1,1.0,1,0.23837169338802514,38
1720,0,3780,1350,2430,0,0,0,1.0,1,1.0,1,1.0,1,0.23323995951487198,41
1721,0,3780,1350,2430,0,0,0,1.0,1,1.0,1,1.0,1,0.20393609491870976,39
1722,2,3782,1351,2431,0,0,0,1.0,1,1.0,1,1.0,1,0.15384973725151901,40
1723,1,3783,1352,2431,0,0,0,1.0,1,1.0,1,1.0,1,0.1495153281780128,38
1724,1,3784,1353,2431,0,0,0,1.0,1,1.0,1,1.0,1,0.1899878646262169,37
1725,1,3785,1353,2432,0,0,0,1.0,1,1.0,1,1.0,1,0.18056577768381019,38
1726,1,3786,1354,2432,0,0,0,1.0,1,1.0,1,1.0,1,0.23465475098940636,37
1727,0,3786,1354,2432,0,0,0,1.0,1,1.0,1,1.0,1,0.23465475098940636,37
1728,0,3786,1354,2432,0,0,0,1.0,1,1.0,1,1.0,1,0.23291595537573095,35
1729,1,3787,1355,2432,0,0,0,1.0,1,1.0,1,1.0,1,0.2388484507723201,37
1730,1,3788,1356,2432,0,0,0,1.0,1,1.0,1,1.0,1,0.2991808689279551,37
1731,0,3788,1356,2432,0,0,0,1.0,1,1.0,1,1.0,1,0.2991808689279551,37
1732,2,3790,1356,2434,0,0,0,1.0,1,1.0,1,1.0,1,0.3238911247823902,37
1733,3,3793,1358,2435,0,0,0,1.0,1,1.0,1,1.0,1,0.31818556181089747,36
1734,0,3793,1358,2435,0,0,0,1.0,1,1.0,1,1.0,1,0.3402100228494519,35
1735,2,3795,1360,2435,0,0,0,1.0,1,1.0,1,1.0,1,0.3409240144897344,34
1736,0,3795,1360,2435,0,0,0,1.0,1,1.0,1,1.0,1,0.3552825416852348,35
1737,2,3797,1362,2435,0,0,0,1.0,1,1.0,1,1.0,1,0.38772689114741593,36
1738,2,3799,1362,2437,0,0,0,1.0,1,1.0,1,1.0,1,0.3756190801354736,37
1739,2,3801,1364,2437,0,0,0,1.0,1,1.0,1,1.0,1,0.3643584026062338,38
1740,0,3801,1364,2437,0,0,0,1.0,1,1.0,1,1.0,1,0.37222767907879134,37
1741,3,3804,1365,2439,0,0,0,1.0,1,1.0,1,1.0,1,0.35025437308656643,38
1742,6,3810,1368,2442,0,0,0,1.0,1,1.0,1,1.0,1,0.3552118647712068,39
1743,3,3813,1371,2442,0,0,0,1.0,1,1.0,1,1.0,1,0.39624953177241756,37
1744,1,3814,1371,2443,0,0,0,1.0,1,1.0,1,1.0,1,0.3579541487767569,38
1745,4,3818,1372,2446,0,0,0,1.0,1,1.0,1,1.0,1,0.34237499933166204,37
1746,0,3818,1372,2446,0,0,0,1.0,1,1.0,1,1.0,1,0.3369972361762545,38
1747,2,3820,1372,2448,0,0,0,1.0,1,1.0,1,1.0,1,0.2737102867223625,38
1748,1,3821,1372,2449,0,0,0,1.0,1,1.0,1,1.0,1,0.2668770943586844,38
1749,0,3821,1372,2449,0,0,0,1.0,1,1.0,1,1.0,1,0.27679984570308996,37
1750,2,3823,1372,2451,0,0,0,1.0,1,1.0,1,1.0,1,0.2557767865449668,39
1751,0,3823,1372,2451,0,0,0,1.0,1,1.0,1,1.0,1,0.2464869691850206,38
1752,1,3824,1373,2451,0,0,0,1.0,1,1.0,1,1.0,1,0.22056285360623892,39
1753,0,3824,1373,2451,0,0,0,1.0,1,1.0,1,1.0,1,0.21556745462364663,40
1754,2,3826,1375,2451,0,0,0,1.0,1,1.0,1,1.0,1,0.24743003895028212,41
1755,1,3827,1375,2452,0,0,0,1.0,1,1.0,1,1.0,1,0.26475929637198964,41
1756,3,3830,1376,2454,0,0,0,1.0,1,1.0,1,1.0,1,0.2628813630852531,42
1757,1,3831,1376,2455,0,0,0,1.0,1,1.0,1,1.0,1,0.2442158717545683,42
1758,2,3833,1377,2456,0,0,0,1.0,1,1.0,1,1.0,1,0.24713374318323564,42
1759,0,3833,1377,2456,0,0,0,1.0,1,1.0,1,1.0,1,0.24202175886538024,39
1760,2,3835,1378,2457,0,0,0,1.0,1,1.0,1,1.0,1,0.32673851273905086,39
1761,7,3842,1381,2461,0,0,0,1.0,1,1.0,1,1.0,1,0.20573608955951814,38
1762,2,3844,1383,2461,0,0,0,1.0,1,1.0,1,1.0,1,0.20447203342514078,37
1763,0,3844,1383,2461,0,0,0,1.0,1,1.0,1,1.0,1,0.20447203342514078,37
1764,2,3846,1385,2461,0,0,0,1.0,1,1.0,1,1.0,1,0.22800848647983282,36
1765,3,3849,1387,2462,0,0,0,1.0,1,1.0,1,1.0,1,0.2334763437278329,37
1766,1,3850,1387,2463,0,0,0,1.0,1,1.0,1,1.0,1,0.21175595178161072,36
1767,0,3850,1387,2463,0,0,0,1.0,1,1.0,1,1.0,1,0.21175595178161072,36
1768,0,3850,1387,2463,0,0,0,1.0,1,1.0,1,1.0,1,0.21175595178161072,36
1769,1,3851,1388,2463,0,0,0,1.0,1,1.0,1,1.0,1,0.23105089875653656,38
1770,3,3854,1391,2463,0,0,0,1.0,1,1.0,1,1.0,1,0.24007034686424475,38
1771,0,3854,1391,2463,0,0,0,1.0,1,1.0,1,1.0,1,0.24007034686424475,38
1772,1,3855,1392,2463,0,0,0,1.0,1,1.0,1,1.0,1,0.23944116342282568,40
1773,1,3856,1393,2463,0,0,0,1.0,1,1.0,1,1.0,1,0.259479250786664,40
1774,0,3856,1393,2463,0,0,0,1.0,1,1.0,1,1.0,1,0.259479250786664,40
1775,1,3857,1393,2464,0,0,0,1.0,1,1.0,1,1.0,1,0.257532054691828,41
1776,1,3858,1393,2465,0,0,0,1.0,1,1.0,1,1.0,1,0.2170516097019718,43
1777,1,3859,1394,2465,0,0,0,1.0,1,1.0,1,1.0,1,0.20908990427335616,44
1778,3,3862,1397,2465,0,0,0,1.0,1,1.0,1,1.0,1,0.2566475034791975,44
1779,1,3863,1397,2466,0,0,0,1.0,1,1.0,1,1.0,1,0.22402439116999073,44
1780,1,3864,1397,2467,0,0,0,1.0,1,1.0,1,1.0,1,0.24030223223968414,46
1781,2,3866,1399,2467,0,0,0,1.0,1,1.0,1,1.0,1,0.24902532017567544,46
1782,3,3869,1400,2469,0,0,0,1.0,1,1.0,1,1.0,1,0.2428226249864534,45
1783,1,3870,1401,2469,0,0,0,1.0,1,1.0,1,1.0,1,0.2608456619493136,44
1784,2,3872,1403,2469,0,0,0,1.0,1,1.0,1,1.0,1,0.30966547792642396,44
1785,5,3877,1405,2472,0,0,0,1.0,1,1.0,1,1.0,1,0.2780804632340735,42
1786,3,3880,1407,2473,0,0,0,1.0,1,1.0,1,1.0,1,0.31313745444110364,42
1787,2,3882,1408,2474,0,0,0,1.0,1,1.0,1,1.0,1,0.355998503239616,41
1788,2,3884,1408,2476,0,0,0,1.0,1,1.0,1,1.0,1,0.3328327068453337,41
1789,3,3887,1410,2477,0,0,0,1.0,1,1.0,1,1.0,1,0.3363293594909334,41
1790,1,3888,1410,2478,0,0,0,1.0,1,1.0,1,1.0,1,0.324324829951886,41
1791,2,3890,1412,2478,0,0,0,1.0,1,1.0,1,1.0,1,0.31420604085552645,41
1792,2,3892,1413,2479,0,0,0,1.0,1,1.0,1,1.0,1,0.3343511255474977,43
1793,3,3895,1415,2480,0,0,0,1.0,1,1.0,1,1.0,1,0.25455355421845793,43
1794,3,3898,1418,2480,0,0,0,1.0,1,1.0,1,1.0,1,0.2566998636137213,41
1795,1,3899,1419,2480,0,0,0,1.0,1,1.0,1,1.0,1,0.2599692434143915,41
1796,2,3901,1420,2481,0,0,0,1.0,1,1.0,1,1.0,1,0.29661943335355323,40
1797,1,3902,1421,2481,0,0,0,1.0,1,1.0,1,1.0,1,0.33431932902180717,38
1798,0,3902,1421,2481,0,0,0,1.0,1,1.0,1,1.0,1,0.33431932902180717,38
1799,0,3902,1421,2481,0,0,0,1.0,1,1.0,1,1.0,1,0.31743510323384583,37
1800,2,3904,1422,2482,0,0,0,1.0,1,1.0,1,1.0,1,0.3480778305654405,35
1801,1,3905,1422,2483,0,0,0,1.0,1,1.0,1,1.0,1,0.30918552212558037,34
1802,0,3905,1422,2483,0,0,0,1.0,1,1.0,1,1.0,1,0.2941281911545652,33
1803,1,3906,1422,2484,0,0,0,1.0,1,1.0,1,1.0,1,0.2656404201496047,33
1804,2,3908,1423,2485,0,0,0,1.0,1,1.0,1,1.0,1,0.2577382669723277,33
1805,2,3910,1424,2486,0,0,0,1.0,1,1.0,1,1.0,1,0.27684220748930793,35
1806,5,3915,1426,2489,0,0,0,1.0,1,1.0,1,1.0,1,0.25882989887061436,36
1807,1,3916,1426,2490,0,0,0,1.0,1,1.0,1,1.0,1,0.248998346387979,35
1808,0,3916,1426,2490,0,0,0,1.0,1,1.0,1,1.0,1,0.24929900655153603,37
1809,0,3916,1426,2490,0,0,0,1.0,1,1.0,1,1.0,1,0.30995703676619046,35
1810,1,3917,1426,2491,0,0,0,1.0,1,1.0,1,1.0,1,0.2959845559583284,36
1811,0,3917,1426,2491,0,0,0,1.0,1,1.0,1,1.0,1,0.2860822038278873,34
1812,1,3918,1426,2492,0,0,0,1.0,1,1.0,1,1.0,1,0.2915377606309803,36
1813,2,3920,1426,2494,0,0,0,1.0,1,1.0,1,1.0,1,0.30932812480632443,35
1814,2,3922,1426,2496,0,0,0,1.0,1,1.0,1,1.0,1,0.32352056861053574,36
1815,2,3924,1426,2498,0,0,0,1.0,1,1.0,1,1.0,1,0.32936171684745047,35
1816,3,3927,1427,2500,0,0,0,1.0,1,1.0,1,1.0,1,0.29951008236004306,35
1817,3,3930,1428,2502,0,0,0,1.0,1,1.0,1,1.0,1,0.2915565948606407,35
1818,4,3934,1432,2502,0,0,0,1.0,1,1.0,1,1.0,1,0.26119812065141607,36
1819,6,3940,1434,2506,0,0,0,1.0,1,1.0,1,1.0,1,0.2676228817559788,37
1820,2,3942,1434,2508,0,0,0,1.0,1,1.0,1,1.0,1,0.26144507252043087,37
1821,5,3947,1435,2512,0,0,0,1.0,1,1.0,1,1.0,1,0.18970932328173215,38
1822,2,3949,1436,2513,0,0,0,1.0,1,1.0,1,1.0,1,0.21033634312657476,37
1823,2,3951,1437,2514,0,0,0,1.0,1,1.0,1,1.0,1,0.21163078529758028,36
1824,3,3954,1440,2514,0,0,0,1.0,1,1.0,1,1.0,1,0.2503961628073772,36
1825,1,3955,1441,2514,0,0,0,1.0,1,1.0,1,1.0,1,0.2559926121913408,34
1826,2,3957,1442,2515,0,0,0,1.0,1,1.0,1,1.0,1,0.22398289501010218,35
1827,3,3960,1445,2515,0,0,0,1.0,1,1.0,1,1.0,1,0.23765654186806306,34
1828,4,3964,1448,2516,0,0,0,1.0,1,1.0,1,1.0,1,0.23956084007784953,33
1829,3,3967,1449,2518,0,0,0,1.0,1,1.0,1,1.0,1,0.238455766997294,31
1830,2,3969,1450,2519,0,0,0,1.0,1,1.0,1,1.0,1,0.24257840588275553,31
1831,1,3970,1451,2519,0,0,0,1.0,1,1.0,1,1.0,1,0.2665208114817454,30
1832,0,3970,1451,2519,0,0,0,1.0,1,1.0,1,1.0,1,0.270409853391006,29
1833,2,3972,1453,2519,0,0,0,1.0,1,1.0,1,1.0,1,0.36438078476747515,28
1834,3,3975,1453,2522,0,0,0,1.0,1,1.0,1,1.0,1,0.3621274780617117,27
1835,4,3979,1455,2524,0,0,0,1.0,1,1.0,1,1.0,1,0.35578362229830646,26
1836,0,3979,1455,2524,0,0,0,1.0,1,1.0,1,1.0,1,0.4320409199085801,26
1837,0,3979,1455,2524,0,0,0,1.0,1,1.0,1,1.0,1,0.4757185742034666,25
1838,1,3980,1455,2525,0,0,0,1.0,1,1.0,1,1.0,1,0.4359323044759249,25
1839,0,3980,1455,2525,0,0,0,1.0,1,1.0,1,1.0,1,0.4541325535876785,24
1840,1,3981,1456,2525,0,0,0,1.0,1,1.0,1,1.0,1,0.5384667510876432,23
1841,3,3984,1456,2528,0,0,0,1.0,1,1.0,1,1.0,1,0.3911780739614495,22
1842,3,3987,1458,2529,0,0,0,1.0,1,1.0,1,1.0,1,0.34682071111206547,23
1843,0,3987,1458,2529,0,0,0,1.0,1,1.0,1,1.0,1,0.34682071111206547,23
1844,2,3989,1459,2530,0,0,0,1.0,1,1.0,1,1.0,1,0.3787686664218059,23
1845,1,3990,1459,2531,0,0,0,1.0,1,1.0,1,1.0,1,0.343078390336297,23
1846,0,3990,1459,2531,0,0,0,1.0,1,1.0,1,1.0,1,0.343078390336297,23
1847,0,3990,1459,2531,0,0,0,1.0,1,1.0,1,1.0,1,0.3635182862279332,24
1848,0,3990,1459,2531,0,0,0,1.0,1,1.0,1,1.0,1,0.3635182862279332,24
1849,0,3990,1459,2531,0,0,0,1.0,1,1.0,1,1.0,1,0.3859235787914737,25
1850,1,3991,1460,2531,0,0,0,1.0,1,1.0,1,1.0,1,0.3795685998151457,25
1851,0,3991,1460,2531,0,0,0,1.0,1,1.0,1,1.0,1,0.3795685998151457,25
1852,0,3991,1460,2531,0,0,0,1.0,1,1.0,1,1.0,1,0.3795685998151457,25
1853,0,3991,1460,2531,0,0,0,1.0,1,1.0,1,1.0,1,0.3916738935528268,25
1854,0,3991,1460,2531,0,0,0,1.0,1,1.0,1,1.0,1,0.3916738935528268,25
1855,3,3994,1460,2534,0,0,0,1.0,1,1.0,1,1.0,1,0.3477894200444724,26
1856,1,3995,1460,2535,0,0,0,1.0,1,1.0,1,1.0,1,0.3512259868202915,27
1857,1,3996,1460,2536,0,0,0,1.0,1,1.0,1,1.0,1,0.35273134079696433,28
1858,4,4000,1462,2538,0,0,0,1.0,1,1.0,1,1.0,1,0.3782979513884989,28
1859,5,4005,1464,2541,0,0,0,1.0,1,1.0,1,1.0,1,0.39074524158183527,28
1860,5,4010,1464,2546,0,0,0,1.0,1,1.0,1,1.0,1,0.3571062397733235,28
1861,2,4012,1464,2548,0,0,0,1.0,1,1.0,1,1.0,1,0.32742152322427304,28
1862,0,4012,1464,2548,0,0,0,1.0,1,1.0,1,1.0,1,0.32742152322427304,28
1863,0,4012,1464,2548,0,0,0,1.0,1,1.0,1,1.0,1,0.3361394989057694,29
1864,2,4014,1466,2548,0,0,0,1.0,1,1.0,1,1.0,1,0.3425626630186533,27
1865,1,4015,1466,2549,0,0,0,1.0,1,1.0,1,1.0,1,0.35663914644967637,26
1866,1,4016,1467,2549,0,0,0,1.0,1,1.0,1,1.0,1,0.3709017275576862,26
1867,1,4017,1468,2549,0,0,0,1.0,1,1.0,1,1.0,1,0.42237722307478354,26
1868,0,4017,1468,2549,0,0,0,1.0,1,1.0,1,1.0,1,0.42237722307478354,26
1869,0,4017,1468,2549,0,0,0,1.0,1,1.0,1,1.0,1,0.42237722307478354,26
1870,1,4018,1468,2550,0,0,0,1.0,1,1.0,1,1.0,1,0.42110499472380164,27
1871,0,4018,1468,2550,0,0,0,1.0,1,1.0,1,1.0,1,0.42110499472380164,27
1872,0,4018,1468,2550,0,0,0,1.0,1,1.0,1,1.0,1,0.46005688656803845,25
1873,1,4019,1468,2551,0,0,0,1.0,1,1.0,1,1.0,1,0.4214869654608522,25
1874,0,4019,1468,2551,0,0,0,1.0,1,1.0,1,1.0,1,0.38063791382929574,25
1875,0,4019,1468,2551,0,0,0,1.0,1,1.0,1,1.0,1,0.38063791382929574,25
1876,0,4019,1468,2551,0,0,0,1.0,1,1.0,1,1.0,1,0.3763170647902355,26
1877,0,4019,1468,2551,0,0,0,1.0,1,1.0,1,1.0,1,0.34905362622250563,27
1878,1,4020,1469,2551,0,0,0,1.0,1,1.0,1,1.0,1,0.330512059153928,28
1879,0,4020,1469,2551,0,0,0,1.0,1,1.0,1,1.0,1,0.3224834516073911,29
1880,1,4021,1469,2552,0,0,0,1.0,1,1.0,1,1.0,1,0.2904633342458031,29
1881,2,4023,1469,2554,0,0,0,1.0,1,1.0,1,1.0,1,0.23212699106124768,29
1882,0,4023,1469,2554,0,0,0,1.0,1,1.0,1,1.0,1,0.2700860428239634,28
1883,0,4023,1469,2554,0,0,0,1.0,1,1.0,1,1.0,1,0.2700860428239634,28
1884,1,4024,1470,2554,0,0,0,1.0,1,1.0,1,1.0,1,0.28438660016517114,28
1885,0,4024,1470,2554,0,0,0,1.0,1,1.0,1,1.0,1,0.28438660016517114,28
1886,0,4024,1470,2554,0,0,0,1.0,1,1.0,1,1.0,1,0.28264532637586826,29
1887,0,4024,1470,2554,0,0,0,1.0,1,1.0,1,1.0,1,0.28264532637586826,29
1888,1,4025,1470,2555,0,0,0,1.0,1,1.0,1,1.0,1,0.27789345432318946,31
1889,0,4025,1470,2555,0,0,0,1.0,1,1.0,1,1.0,1,0.27789345432318946,31
1890,1,4026,1471,2555,0,0,0,1.0,1,1.0,1,1.0,1,0.2964988517916462,31
1891,1,4027,1471,2556,0,0,0,1.0,1,1.0,1,1.0,1,0.2968256048901021,32
1892,0,4027,1471,2556,0,0,0,1.0,1,1.0,1,1.0,1,0.2968256048901021,32
1893,0,4027,1471,2556,0,0,0,1.0,1,1.0,1,1.0,1,0.2968256048901021,32
1894,0,4027,1471,2556,0,0,0,1.0,1,1.0,1,1.0,1,0.2848739100910728,33
1895,1,4028,1472,2556,0,0,0,1.0,1,1.0,1,1.0,1,0.29710476200483094,35
1896,1,4029,1472,2557,0,0,0,1.0,1,1.0,1,1.0,1,0.29262002873577037,34
1897,0,4029,1472,2557,0,0,0,1.0,1,1.0,1,1.0,1,0.29262002873577037,34
1898,0,4029,1472,2557,0,0,0,1.0,1,1.0,1,1.0,1,0.29262002873577037,34
1899,0,4029,1472,2557,0,0,0,1.0,1,1.0,1,1.0,1,0.29262002873577037,34
1900,1,4030,1472,2558,0,0,0,1.0,1,1.0,1,1.0,1,0.2999666904922706,35
1901,0,4030,1472,2558,0,0,0,1.0,1,1.0,1,1.0,1,0.2999666904922706,35
1902,0,4030,1472,2558,0,0,0,1.0,1,1.0,1,1.0,1,0.2999666904922706,35
1903,0,4030,1472,2558,0,0,0,1.0,1,1.0,1,1.0,1,0.2999666904922706,35
1904,0,4030,1472,2558,0,0,0,1.0,1,1.0,1,1.0,1,0.2999666904922706,35
1905,1,4031,1472,2559,0,0,0,1.0,1,1.0,1,1.0,1,0.2403007824964968,37
1906,1,4032,1472,2560,0,0,0,1.0,1,1.0,1,1.0,1,0.2078716314243696,37
1907,1,4033,1472,2561,0,0,0,1.0,1,1.0,1,1.0,1,0.21123772144683908,39
1908,0,4033,1472,2561,0,0,0,1.0,1,1.0,1,1.0,1,0.21123772144683908,39
1909,2,4035,1472,2563,0,0,0,1.0,1,1.0,1,1.0,1,0.21003041640151246,41
1910,0,4035,1472,2563,0,0,0,1.0,1,1.0,1,1.0,1,0.21003041640151246,41
1911,2,4037,1472,2565,0,0,0,1.0,1,1.0,1,1.0,1,0.24368228868937655,40
1912,4,4041,1475,2566,0,0,0,1.0,1,1.0,1,1.0,1,0.24612128839067277,39
1913,4,4045,1476,2569,0,0,0,1.0,1,1.0,1,1.0,1,0.28854402561569903,40
1914,5,4050,1477,2573,0,0,0,1.0,1,1.0,1,1.0,1,0.29912040971088116,41
1915,5,4055,1478,2577,0,0,0,1.0,1,1.0,1,1.0,1,0.31291128209645686,42
1916,10,4065,1481,2584,0,0,0,1.0,1,1.0,1,1.0,1,0.3009988731067204,42
1917,5,4070,1482,2588,0,0,0,1.0,1,1.0,1,1.0,1,0.3098121466227856,41
1918,4,4074,1483,2591,0,0,0,1.0,1,1.0,1,1.0,1,0.295613990225314,38
1919,5,4079,1484,2595,0,0,0,1.0,1,1.0,1,1.0,1,0.3644964391245859,38
1920,4,4083,1485,2598,0,0,0,1.0,1,1.0,1,1.0,1,0.35762181529418846,38
1921,4,4087,1485,2602,0,0,0,1.0,1,1.0,1,1.0,1,0.258372447141406,39
1922,0,4087,1485,2602,0,0,0,1.0,1,1.0,1,1.0,1,0.23906829847282324,40
1923,0,4087,1485,2602,0,0,0,1.0,1,1.0,1,1.0,1,0.2231553718490511,41
1924,6,4093,1488,2605,0,0,0,1.0,1,1.0,1,1.0,1,0.23142548665626614,41
1925,3,4096,1488,2608,0,0,0,1.0,1,1.0,1,1.0,1,0.20668204419315198,41
1926,0,4096,1488,2608,0,0,0,1.0,1,1.0,1,1.0,1,0.20668204419315198,41
1927,0,4096,1488,2608,0,0,0,1.0,1,1.0,1,1.0,1,0.20668204419315198,41
1928,2,4098,1489,2609,0,0,0,1.0,1,1.0,1,1.0,1,0.19943932652262558,42
1929,0,4098,1489,2609,0,0,0,1.0,1,1.0,1,1.0,1,0.22110643395063362,41
1930,0,4098,1489,2609,0,0,0,1.0,1,1.0,1,1.0,1,0.22110643395063362,41
1931,0,4098,1489,2609,0,0,0,1.0,1,1.0,1,1.0,1,0.22110643395063362,41
1932,0,4098,1489,2609,0,0,0,1.0,1,1.0,1,1.0,1,0.22110643395063362,41
1933,1,4099,1490,2609,0,0,0,1.0,1,1.0,1,1.0,1,0.27022565012832556,43
1934,0,4099,1490,2609,0,0,0,1.0,1,1.0,1,1.0,1,0.2779945433563193,44
1935,1,4100,1490,2610,0,0,0,1.0,1,1.0,1,1.0,1,0.22475327413421228,45
1936,0,4100,1490,2610,0,0,0,1.0,1,1.0,1,1.0,1,0.2159354497722228,48
1937,3,4103,1491,2612,0,0,0,1.0,1,1.0,1,1.0,1,0.2415512107999585,48
1938,2,4105,1492,2613,0,0,0,1.0,1,1.0,1,1.0,1,0.20470485448350714,48
1939,0,4105,1492,2613,0,0,0,1.0,1,1.0,1,1.0,1,0.20470485448350714,48
1940,0,4105,1492,2613,0,0,0,1.0,1,1.0,1,1.0,1,0.20470485448350714,48
1941,1,4106,1493,2613,0,0,0,1.0,1,1.0,1,1.0,1,0.2369892557438873,48
1942,3,4109,1495,2614,0,0,0,1.0,1,1.0,1,1.0,1,0.30630814374097837,49
1943,2,4111,1495,2616,0,0,0,1.0,1,1.0,1,1.0,1,0.2831162771323909,48
1944,6,4117,1499,2618,0,0,0,1.0,1,1.0,1,1.0,1,0.3141899792882028,47
1945,3,4120,1501,2619,0,0,0,1.0,1,1.0,1,1.0,1,0.29273206458669726,46
1946,0,4120,1501,2619,0,0,0,1.0,1,1.0,1,1.0,1,0.30544607777519117,46
1947,4,4124,1504,2620,0,0,0,1.0,1,1.0,1,1.0,1,0.3897474231670286,45
1948,5,4129,1506,2623,0,0,0,1.0,1,1.0,1,1.0,1,0.32958202616614196,46
1949,3,4132,1509,2623,0,0,0,1.0,1,1.0,1,1.0,1,0.3612881432576196,42
1950,1,4133,1509,2624,0,0,0,1.0,1,1.0,1,1.0,1,0.3145398767673673,40
1951,2,4135,1511,2624,0,0,0,1.0,1,1.0,1,1.0,1,0.33530432978479424,39
1952,1,4136,1512,2624,0,0,0,1.0,1,1.0,1,1.0,1,0.36054659102061354,35
1953,1,4137,1513,2624,0,0,0,1.0,1,1.0,1,1.0,1,0.3525141464648693,36
1954,2,4139,1514,2625,0,0,0,1.0,1,1.0,1,1.0,1,0.33194801344007996,34
1955,0,4139,1514,2625,0,0,0,1.0,1,1.0,1,1.0,1,0.3411133645864378,35
1956,1,4140,1515,2625,0,0,0,1.0,1,1.0,1,1.0,1,0.3697508426729925,37
1957,1,4141,1516,2625,0,0,0,1.0,1,1.0,1,1.0,1,0.37534349328571026,37
1958,1,4142,1516,2626,0,0,0,1.0,1,1.0,1,1.0,1,0.34082465001100876,39
1959,1,4143,1516,2627,0,0,0,1.0,1,1.0,1,1.0,1,0.33719898682676736,41
1960,2,4145,1518,2627,0,0,0,1.0,1,1.0,1,1.0,1,0.38791561845531214,40
1961,4,4149,1518,2631,0,0,0,1.0,1,1.0,1,1.0,1,0.34328520602207224,41
1962,2,4151,1518,2633,0,0,0,1.0,1,1.0,1,1.0,1,0.3557522733037281,40
1963,3,4154,1518,2636,0,0,0,1.0,1,1.0,1,1.0,1,0.3178988669960825,41
1964,0,4154,1518,2636,0,0,0,1.0,1,1.0,1,1.0,1,0.3429451758278887,40
1965,1,4155,1518,2637,0,0,0,1.0,1,1.0,1,1.0,1,0.3068119277524557,41
1966,1,4156,1518,2638,0,0,0,1.0,1,1.0,1,1.0,1,0.28893685726730733,41
1967,1,4157,1518,2639,0,0,0,1.0,1,1.0,1,1.0,1,0.28709484952342523,42
1968,0,4157,1518,2639,0,0,0,1.0,1,1.0,1,1.0,1,0.3009105688537624,42
1969,1,4158,1519,2639,0,0,0,1.0,1,1.0,1,1.0,1,0.29791042072897067,43
1970,1,4159,1519,2640,0,0,0,1.0,1,1.0,1,1.0,1,0.3229835149639703,42
1971,1,4160,1519,2641,0,0,0,1.0,1,1.0,1,1.0,1,0.32823086267920454,42
1972,1,4161,1519,2642,0,0,0,1.0,1,1.0,1,1.0,1,0.32338172999480014,42
1973,4,4165,1519,2646,0,0,0,1.0,1,1.0,1,1.0,1,0.32640048323934434,43
1974,2,4167,1519,2648,0,0,0,1.0,1,1.0,1,1.0,1,0.33918148780002105,43
1975,2,4169,1519,2650,0,0,0,1.0,1,1.0,1,1.0,1,0.3404865081852186,43
1976,4,4173,1521,2652,0,0,0,1.0,1,1.0,1,1.0,1,0.3046211527120949,43
1977,4,4177,1521,2656,0,0,0,1.0,1,1.0,1,1.0,1,0.31643258536316143,48
1978,6,4183,1525,2658,0,0,0,1.0,1,1.0,1,1.0,1,0.29698190807599784,48
1979,2,4185,1525,2660,0,0,0,1.0,1,1.0,1,1.0,1,0.3039788030251557,49
1980,3,4188,1525,2663,0,0,0,1.0,1,1.0,1,1.0,1,0.29932710393449713,50
1981,4,4192,1527,2665,0,0,0,1.0,1,1.0,1,1.0,1,0.27588889556487783,50
1982,1,4193,1528,2665,0,0,0,1.0,1,1.0,1,1.0,1,0.2808203765067816,50
1983,3,4196,1528,2668,0,0,0,1.0,1,1.0,1,1.0,1,0.24289215241582068,49
1984,2,4198,1530,2668,0,0,0,1.0,1,1.0,1,1.0,1,0.21309274926364094,48
1985,0,4198,1530,2668,0,0,0,1.0,1,1.0,1,1.0,1,0.22953933788071168,46
1986,1,4199,1531,2668,0,0,0,1.0,1,1.0,1,1.0,1,0.22161735627154858,46
1987,3,4202,1534,2668,0,0,0,1.0,1,1.0,1,1.0,1,0.21806357726400138,42
1988,0,4202,1534,2668,0,0,0,1.0,1,1.0,1,1.0,1,0.23169585617782346,40
1989,3,4205,1536,2669,0,0,0,1.0,1,1.0,1,1.0,1,0.26145873884338305,38
1990,1,4206,1536,2670,0,0,0,1.0,1,1.0,1,1.0,1,0.19563919968565066,38
1991,1,4207,1537,2670,0,0,0,1.0,1,1.0,1,1.0,1,0.21772450354922002,38
1992,1,4208,1538,2670,0,0,0,1.0,1,1.0,1,1.0,1,0.2565384070799072,39
1993,3,4211,1541,2670,0,0,0,1.0,1,1.0,1,1.0,1,0.38223990449804196,38
1994,2,4213,1543,2670,0,0,0,1.0,1,1.0,1,1.0,1,0.3441965274871021,37
1995,2,4215,1544,2671,0,0,0,1.0,1,1.0,1,1.0,1,0.3860730894576203,37
1996,1,4216,1545,2671,0,0,0,1.0,1,1.0,1,1.0,1,0.37196884102741334,37
1997,1,4217,1546,2671,0,0,0,1.0,1,1.0,1,1.0,1,0.38989305708803673,35
1998,1,4218,1546,2672,0,0,0,1.0,1,1.0,1,1.0,1,0.40150235789837585,34
1999,2,4220,1548,2672,0,0,0,1.0,1,1.0,1,1.0,1,0.3838204492167864,35
2000,0,4220,1548,2672,0,0,0,1.0,1,1.0,1,1.0,1,0.4191390707780659,34
2001,4,4224,1548,2676,0,0,0,1.0,1,1.0,1,1.0,1,0.32742592096938905,35
2002,2,4226,1548,2678,0,0,0,1.0,1,1.0,1,1.0,1,0.2939829872168993,36
2003,0,4226,1548,2678,0,0,0,1.0,1,1.0,1,1.0,1,0.3067195052134199,37
2004,7,4233,1550,2683,0,0,0,1.0,1,1.0,1,1.0,1,0.21357723795214356,38
2005,0,4233,1550,2683,0,0,0,1.0,1,1.0,1,1.0,1,0.21357723795214356,38
2006,0,4233,1550,2683,0,0,0,1.0,1,1.0,1,1.0,1,0.21357723795214356,38
2007,1,4234,1551,2683,0,0,0,1.0,1,1.0,1,1.0,1,0.23041526715541524,40
2008,1,4235,1552,2683,0,0,0,1.0,1,1.0,1,1.0,1,0.23477267398799062,40
2009,2,4237,1554,2683,0,0,0,1.0,1,1.0,1,1.0,1,0.24077983159495078,41
2010,0,4237,1554,2683,0,0,0,1.0,1,1.0,1,1.0,1,0.24077983159495078,41
2011,0,4237,1554,2683,0,0,0,1.0,1,1.0,1,1.0,1,0.24077983159495078,41
2012,1,4238,1554,2684,0,0,0,1.0,1,1.0,1,1.0,1,0.22631628636344678,41
2013,1,4239,1554,2685,0,0,0,1.0,1,1.0,1,1.0,1,0.2441479316979883,43
2014,1,4240,1554,2686,0,0,0,1.0,1,1.0,1,1.0,1,0.2700695158742698,43
2015,0,4240,1554,2686,0,0,0,1.0,1,1.0,1,1.0,1,0.2700695158742698,43
2016,1,4241,1554,2687,0,0,0,1.0,1,1.0,1,1.0,1,0.27210918437554044,44
2017,4,4245,1554,2691,0,0,0,1.0,1,1.0,1,1.0,1,0.23663582069658728,45
2018,4,4249,1557,2692,0,0,0,1.0,1,1.0,1,1.0,1,0.22854423829245402,46
2019,1,4250,1557,2693,0,0,0,1.0,1,1.0,1,1.0,1,0.18806670681301038,47
2020,1,4251,1557,2694,0,0,0,1.0,1,1.0,1,1.0,1,0.20959013755434464,47
2021,3,4254,1558,2696,0,0,0,1.0,1,1.0,1,1.0,1,0.1760611212323246,47
2022,0,4254,1558,2696,0,0,0,1.0,1,1.0,1,1.0,1,0.18244737785998147,48
2023,2,4256,1560,2696,0,0,0,1.0,1,1.0,1,1.0,1,0.18485032843268015,48
2024,4,4260,1563,2697,0,0,0,1.0,1,1.0,1,1.0,1,0.2312446980896702,45
2025,3,4263,1565,2698,0,0,0,1.0,1,1.0,1,1.0,1,0.2867483560710011,42
2026,5,4268,1567,2701,0,0,0,1.0,1,1.0,1,1.0,1,0.2694689350621946,44
2027,1,4269,1567,2702,0,0,0,1.0,1,1.0,1,1.0,1,0.2525517035461506,40
2028,1,4270,1568,2702,0,0,0,1.0,1,1.0,1,1.0,1,0.3199845123089457,39
2029,1,4271,1568,2703,0,0,0,1.0,1,1.0,1,1.0,1,0.3156101328512908,37
2030,3,4274,1570,2704,0,0,0,1.0,1,1.0,1,1.0,1,0.34263905538950246,34
2031,0,4274,1570,2704,0,0,0,1.0,1,1.0,1,1.0,1,0.35807964786737917,35
2032,4,4278,1572,2706,0,0,0,1.0,1,1.0,1,1.0,1,0.39339635868029554,34
2033,4,4282,1575,2707,0,0,0,1.0,1,1.0,1,1.0,1,0.37925711095198816,36
2034,0,4282,1575,2707,0,0,0,1.0,1,1.0,1,1.0,1,0.38328200535919277,34
2035,0,4282,1575,2707,0,0,0,1.0,1,1.0,1,1.0,1,0.37843360107413526,35
2036,1,4283,1576,2707,0,0,0,1.0,1,1.0,1,1.0,1,0.4112230736607339,34
2037,0,4283,1576,2707,0,0,0,1.0,1,1.0,1,1.0,1,0.4062449788359289,35
2038,0,4283,1576,2707,0,0,0,1.0,1,1.0,1,1.0,1,0.38783762696109797,36
2039,1,4284,1577,2707,0,0,0,1.0,1,1.0,1,1.0,1,0.38874238307226433,38
2040,0,4284,1577,2707,0,0,0,1.0,1,1.0,1,1.0,1,0.38874238307226433,38
2041,7,4291,1577,2714,0,0,0,1.0,1,1.0,1,1.0,1,0.22117905051548048,39
2042,1,4292,1577,2715,0,0,0,1.0,1,1.0,1,1.0,1,0.17304684720344093,39
2043,0,4292,1577,2715,0,0,0,1.0,1,1.0,1,1.0,1,0.17304684720344093,39
2044,0,4292,1577,2715,0,0,0,1.0,1,1.0,1,1.0,1,0.17304684720344093,39
2045,1,4293,1577,2716,0,0,0,1.0,1,1.0,1,1.0,1,0.1666889907914435,41
2046,0,4293,1577,2716,0,0,0,1.0,1,1.0,1,1.0,1,0.18844780678027756,42
2047,1,4294,1577,2717,0,0,0,1.0,1,1.0,1,1.0,1,0.21541542820803047,42
2048,2,4296,1578,2718,0,0,0,1.0,1,1.0,1,1.0,1,0.2210051363628439,43
2049,2,4298,1579,2719,0,0,0,1.0,1,1.0,1,1.0,1,0.24909553667185677,44
2050,1,4299,1579,2720,0,0,0,1.0,1,1.0,1,1.0,1,0.24691855804572194,44
2051,3,4302,1579,2723,0,0,0,1.0,1,1.0,1,1.0,1,0.23294540887146856,45
2052,0,4302,1579,2723,0,0,0,1.0,1,1.0,1,1.0,1,0.23294540887146856,45
2053,0,4302,1579,2723,0,0,0,1.0,1,1.0,1,1.0,1,0.23294540887146856,45
2054,1,4303,1580,2723,0,0,0,1.0,1,1.0,1,1.0,1,0.24300972386289527,46
2055,0,4303,1580,2723,0,0,0,1.0,1,1.0,1,1.0,1,0.24300972386289527,46
2056,1,4304,1580,2724,0,0,0,1.0,1,1.0,1,1.0,1,0.21911887746084235,46
2057,5,4309,1584,2725,0,0,0,1.0,1,1.0,1,1.0,1,0.14542960714456962,47
2058,2,4311,1585,2726,0,0,0,1.0,1,1.0,1,1.0,1,0.14635056992631973,47
2059,3,4314,1587,2727,0,0,0,1.0,1,1.0,1,1.0,1,0.1593790232407193,48
2060,5,4319,1590,2729,0,0,0,1.0,1,1.0,1,1.0,1,0.16102819768560012,50
2061,3,4322,1591,2731,0,0,0,1.0,1,1.0,1,1.0,1,0.12118286795686443,51
2062,1,4323,1592,2731,0,0,0,1.0,1,1.0,1,1.0,1,0.11729726459194252,49
2063,1,4324,1593,2731,0,0,0,1.0,1,1.0,1,1.0,1,0.11881571581333014,48
2064,1,4325,1594,2731,0,0,0,1.0,1,1.0,1,1.0,1,0.17523937192934236,45
2065,0,4325,1594,2731,0,0,0,1.0,1,1.0,1,1.0,1,0.16847576553356453,44
2066,1,4326,1595,2731,0,0,0,1.0,1,1.0,1,1.0,1,0.1699132305659784,42
2067,1,4327,1596,2731,0,0,0,1.0,1,1.0,1,1.0,1,0.19993450679165292,41
2068,1,4328,1597,2731,0,0,0,1.0,1,1.0,1,1.0,1,0.22309198059968233,40
2069,3,4331,1598,2733,0,0,0,1.0,1,1.0,1,1.0,1,0.22165164826017938,40
2070,1,4332,1599,2733,0,0,0,1.0,1,1.0,1,1.0,1,0.2454869396408831,40
2071,2,4334,1601,2733,0,0,0,1.0,1,1.0,1,1.0,1,0.26231440697758934,40
2072,1,4335,1601,2734,0,0,0,1.0,1,1.0,1,1.0,1,0.28491064980927716,41
2073,0,4335,1601,2734,0,0,0,1.0,1,1.0,1,1.0,1,0.28491064980927716,41
2074,0,4335,1601,2734,0,0,0,1.0,1,1.0,1,1.0,1,0.28386705922333666,41
2075,1,4336,1602,2734,0,0,0,1.0,1,1.0,1,1.0,1,0.29812442977535375,41
2076,2,4338,1604,2734,0,0,0,1.0,1,1.0,1,1.0,1,0.30123043660278603,41
2077,0,4338,1604,2734,0,0,0,1.0,1,1.0,1,1.0,1,0.3047148753055938,40
2078,0,4338,1604,2734,0,0,0,1.0,1,1.0,1,1.0,1,0.3047148753055938,40
2079,0,4338,1604,2734,0,0,0,1.0,1,1.0,1,1.0,1,0.31551918273058327,39
2080,1,4339,1605,2734,0,0,0,1.0,1,1.0,1,1.0,1,0.34065043893972785,38
2081,5,4344,1605,2739,0,0,0,1.0,1,1.0,1,1.0,1,0.19189465333410952,40
2082,2,4346,1606,2740,0,0,0,1.0,1,1.0,1,1.0,1,0.17918341059152432,41
2083,2,4348,1607,2741,0,0,0,1.0,1,1.0,1,1.0,1,0.2009904860116967,40
2084,4,4352,1609,2743,0,0,0,1.0,1,1.0,1,1.0,1,0.24489718602368057,42
2085,3,4355,1610,2745,0,0,0,1.0,1,1.0,1,1.0,1,0.24733902123890994,42
2086,5,4360,1611,2749,0,0,0,1.0,1,1.0,1,1.0,1,0.23378660530056541,43
2087,3,4363,1612,2751,0,0,0,1.0,1,1.0,1,1.0,1,0.2741779901027995,45
2088,4,4367,1613,2754,0,0,0,1.0,1,1.0,1,1.0,1,0.30207155237302025,46
2089,7,4374,1613,2761,0,0,0,1.0,1,1.0,1,1.0,1,0.27286189255183174,47
2090,9,4383,1614,2769,0,0,0,1.0,1,1.0,1,1.0,1,0.27864625552117356,49
2091,7,4390,1614,2776,0,0,0,1.0,1,1.0,1,1.0,1,0.26034985784015585,49
2092,3,4393,1614,2779,0,0,0,1.0,1,1.0,1,1.0,1,0.25545750967893377,49
2093,8,4401,1615,2786,0,0,0,1.0,1,1.0,1,1.0,1,0.25320688236528544,49
2094,3,4404,1615,2789,0,0,0,1.0,1,1.0,1,1.0,1,0.2534089030621119,49
2095,5,4409,1615,2794,0,0,0,1.0,1,1.0,1,1.0,1,0.22043736243840345,49
2096,8,4417,1615,2802,0,0,0,1.0,1,1.0,1,1.0,1,0.18723403415738857,51
2097,3,4420,1615,2805,0,0,0,1.0,1,1.0,1,1.0,1,0.18506817591545002,51
2098,4,4424,1615,2809,0,0,0,1.0,1,1.0,1,1.0,1,0.16375233115000357,52
2099,4,4428,1615,2813,0,0,0,1.0,1,1.0,1,1.0,1,0.1911059988310918,51
2100,2,4430,1615,2815,0,0,0,1.0,1,1.0,1,1.0,1,0.1927702582309141,51
2101,3,4433,1616,2817,0,0,0,1.0,1,1.0,1,1.0,1,0.21029166669579152,48
2102,3,4436,1618,2818,0,0,0,1.0,1,1.0,1,1.0,1,0.25192266014989767,49
2103,2,4438,1620,2818,0,0,0,1.0,1,1.0,1,1.0,1,0.262742602533279,48
2104,0,4438,1620,2818,0,0,0,1.0,1,1.0,1,1.0,1,0.2797722384558507,43
2105,1,4439,1621,2818,0,0,0,1.0,1,1.0,1,1.0,1,0.3068365030419675,42
2106,0,4439,1621,2818,0,0,0,1.0,1,1.0,1,1.0,1,0.3202580649000051,40
2107,1,4440,1622,2818,0,0,0,1.0,1,1.0,1,1.0,1,0.3467925915869582,39
2108,3,4443,1624,2819,0,0,0,1.0,1,1.0,1,1.0,1,0.3140839127763535,38
2109,1,4444,1625,2819,0,0,0,1.0,1,1.0,1,1.0,1,0.34217530305598765,37
2110,3,4447,1627,2820,0,0,0,1.0,1,1.0,1,1.0,1,0.3626385878560918,38
2111,1,4448,1628,2820,0,0,0,1.0,1,1.0,1,1.0,1,0.3908654746168766,37
2112,2,4450,1630,2820,0,0,0,1.0,1,1.0,1,1.0,1,0.4278163146333149,36
2113,3,4453,1631,2822,0,0,0,1.0,1,1.0,1,1.0,1,0.4650558967076844,36
2114,1,4454,1631,2823,0,0,0,1.0,1,1.0,1,1.0,1,0.4042318009815919,36
2115,0,4454,1631,2823,0,0,0,1.0,1,1.0,1,1.0,1,0.3915164806396648,35
2116,0,4454,1631,2823,0,0,0,1.0,1,1.0,1,1.0,1,0.39786080445828415,37
2117,6,4460,1632,2828,0,0,0,1.0,1,1.0,1,1.0,1,0.30202134796235736,38
2118,0,4460,1632,2828,0,0,0,1.0,1,1.0,1,1.0,1,0.30837965760183084,40
2119,1,4461,1633,2828,0,0,0,1.0,1,1.0,1,1.0,1,0.3060692436798902,40
2120,0,4461,1633,2828,0,0,0,1.0,1,1.0,1,1.0,1,0.3117597223690923,41
2121,1,4462,1633,2829,0,0,0,1.0,1,1.0,1,1.0,1,0.2982762064270228,41
2122,0,4462,1633,2829,0,0,0,1.0,1,1.0,1,1.0,1,0.30858587356726636,42
2123,3,4465,1635,2830,0,0,0,1.0,1,1.0,1,1.0,1,0.3196889129357955,43
2124,0,4465,1635,2830,0,0,0,1.0,1,1.0,1,1.0,1,0.3303935708761432,41
2125,0,4465,1635,2830,0,0,0,1.0,1,1.0,1,1.0,1,0.3303935708761432,41
2126,0,4465,1635,2830,0,0,0,1.0,1,1.0,1,1.0,1,0.344636884024478,40
2127,0,4465,1635,2830,0,0,0,1.0,1,1.0,1,1.0,1,0.344636884024478,40
2128,1,4466,1635,2831,0,0,0,1.0,1,1.0,1,1.0,1,0.35235070908404775,41
2129,0,4466,1635,2831,0,0,0,1.0,1,1.0,1,1.0,1,0.340201556695551,42
2130,2,4468,1635,2833,0,0,0,1.0,1,1.0,1,1.0,1,0.31070728259250996,45
2131,0,4468,1635,2833,0,0,0,1.0,1,1.0,1,1.0,1,0.31070728259250996,45
2132,2,4470,1635,2835,0,0,0,1.0,1,1.0,1,1.0,1,0.28129012348210336,46
2133,1,4471,1636,2835,0,0,0,1.0,1,1.0,1,1.0,1,0.3022678182562297,46
2134,2,4473,1637,2836,0,0,0,1.0,1,1.0,1,1.0,1,0.2671976001629293,47
2135,4,4477,1638,2839,0,0,0,1.0,1,1.0,1,1.0,1,0.19530133901826166,47
2136,3,4480,1638,2842,0,0,0,1.0,1,1.0,1,1.0,1,0.14945046212542365,47
2137,3,4483,1639,2844,0,0,0,1.0,1,1.0,1,1.0,1,0.13958769641962174,49
2138,3,4486,1640,2846,0,0,0,1.0,1,1.0,1,1.0,1,0.18101181911324274,49
2139,2,4488,1641,2847,0,0,0,1.0,1,1.0,1,1.0,1,0.12984384506250896,47
2140,2,4490,1642,2848,0,0,0,1.0,1,1.0,1,1.0,1,0.17025855080336627,48
2141,3,4493,1643,2850,0,0,0,1.0,1,1.0,1,1.0,1,0.0947220895555971,47
2142,0,4493,1643,2850,0,0,0,1.0,1,1.0,1,1.0,1,0.0947220895555971,47
2143,0,4493,1643,2850,0,0,0,1.0,1,1.0,1,1.0,1,0.11652293479640272,48
2144,2,4495,1645,2850,0,0,0,1.0,1,1.0,1,1.0,1,0.13799607745868733,48
2145,3,4498,1647,2851,0,0,0,1.0,1,1.0,1,1.0,1,0.1683397748403793,46
2146,2,4500,1648,2852,0,0,0,1.0,1,1.0,1,1.0,1,0.1219225487670356,47
2147,6,4506,1653,2853,0,0,0,1.0,1,1.0,1,1.0,1,0.17665923163991076,48
2148,1,4507,1653,2854,0,0,0,1.0,1,1.0,1,1.0,1,0.1152652717086905,46
2149,4,4511,1657,2854,0,0,0,1.0,1,1.0,1,1.0,1,0.17237167541584236,46
2150,1,4512,1658,2854,0,0,0,1.0,1,1.0,1,1.0,1,0.17595256650546684,46
2151,1,4513,1658,2855,0,0,0,1.0,1,1.0,1,1.0,1,0.20832154195280508,44
2152,3,4516,1659,2857,0,0,0,1.0,1,1.0,1,1.0,1,0.23939247976198696,45
2153,3,4519,1660,2859,0,0,0,1.0,1,1.0,1,1.0,1,0.2687761588453595,48
2154,2,4521,1661,2860,0,0,0,1.0,1,1.0,1,1.0,1,0.28027369263590524,47
2155,5,4526,1663,2863,0,0,0,1.0,1,1.0,1,1.0,1,0.3318813748088582,48
2156,4,4530,1664,2866,0,0,0,1.0,1,1.0,1,1.0,1,0.34910084394237084,45
2157,3,4533,1664,2869,0,0,0,1.0,1,1.0,1,1.0,1,0.34007793353565463,43
2158,3,4536,1665,2871,0,0,0,1.0,1,1.0,1,1.0,1,0.34933893582661746,43
2159,3,4539,1666,2873,0,0,0,1.0,1,1.0,1,1.0,1,0.3814597778128269,43
2160,3,4542,1666,2876,0,0,0,1.0,1,1.0,1,1.0,1,0.34165909796925914,41
2161,9,4551,1666,2885,0,0,0,1.0,1,1.0,1,1.0,1,0.1809310004474884,41
2162,1,4552,1666,2886,0,0,0,1.0,1,1.0,1,1.0,1,0.1667385062817719,42
2163,1,4553,1666,2887,0,0,0,1.0,1,1.0,1,1.0,1,0.17266718545264645,43
2164,4,4557,1668,2889,0,0,0,1.0,1,1.0,1,1.0,1,0.19774959363559014,44
2165,0,4557,1668,2889,0,0,0,1.0,1,1.0,1,1.0,1,0.19774959363559014,44
2166,1,4558,1668,2890,0,0,0,1.0,1,1.0,1,1.0,1,0.19486170241514922,46
2167,1,4559,1668,2891,0,0,0,1.0,1,1.0,1,1.0,1,0.20206799232244382,46
2168,0,4559,1668,2891,0,0,0,1.0,1,1.0,1,1.0,1,0.20164400123482204,45
2169,3,4562,1668,2894,0,0,0,1.0,1,1.0,1,1.0,1,0.16505348590929078,49
2170,0,4562,1668,2894,0,0,0,1.0,1,1.0,1,1.0,1,0.16505348590929078,49
2171,0,4562,1668,2894,0,0,0,1.0,1,1.0,1,1.0,1,0.15916428261151508,51
2172,1,4563,1669,2894,0,0,0,1.0,1,1.0,1,1.0,1,0.1460441332715484,52
2173,0,4563,1669,2894,0,0,0,1.0,1,1.0,1,1.0,1,0.1460441332715484,52
2174,1,4564,1670,2894,0,0,0,1.0,1,1.0,1,1.0,1,0.16420668934608953,52
2175,3,4567,1671,2896,0,0,0,1.0,1,1.0,1,1.0,1,0.16901874715870707,53
2176,2,4569,1671,2898,0,0,0,1.0,1,1.0,1,1.0,1,0.13682606421430807,54
2177,2,4571,1673,2898,0,0,0,1.0,1,1.0,1,1.0,1,0.16141058389445548,55
2178,2,4573,1674,2899,0,0,0,1.0,1,1.0,1,1.0,1,0.18156773002324222,54
2179,1,4574,1675,2899,0,0,0,1.0,1,1.0,1,1.0,1,0.21388778527562535,52
2180,2,4576,1676,2900,0,0,0,1.0,1,1.0,1,1.0,1,0.19887754741650368,51
2181,3,4579,1677,2902,0,0,0,1.0,1,1.0,1,1.0,1,0.15461943751972543,49
2182,3,4582,1679,2903,0,0,0,1.0,1,1.0,1,1.0,1,0.1751780547116431,49
2183,5,4587,1682,2905,0,0,0,1.0,1,1.0,1,1.0,1,0.21198338093414237,46
2184,2,4589,1683,2906,0,0,0,1.0,1,1.0,1,1.0,1,0.22867057711540162,45
2185,2,4591,1684,2907,0,0,0,1.0,1,1.0,1,1.0,1,0.20424728662504688,44
2186,1,4592,1685,2907,0,0,0,1.0,1,1.0,1,1.0,1,0.28427388220044914,42
2187,1,4593,1686,2907,0,0,0,1.0,1,1.0,1,1.0,1,0.2992054172837732,40
2188,3,4596,1689,2907,0,0,0,1.0,1,1.0,1,1.0,1,0.30015548857778845,38
2189,0,4596,1689,2907,0,0,0,1.0,1,1.0,1,1.0,1,0.3341348017140897,36
2190,3,4599,1692,2907,0,0,0,1.0,1,1.0,1,1.0,1,0.40394055451138405,34
2191,3,4602,1694,2908,0,0,0,1.0,1,1.0,1,1.0,1,0.37070909279560643,34
2192,3,4605,1697,2908,0,0,0,1.0,1,1.0,1,1.0,1,0.4136789344092173,33
2193,0,4605,1697,2908,0,0,0,1.0,1,1.0,1,1.0,1,0.40672805823340547,32
2194,1,4606,1698,2908,0,0,0,1.0,1,1.0,1,1.0,1,0.41034912042260535,32
2195,0,4606,1698,2908,0,0,0,1.0,1,1.0,1,1.0,1,0.4260807952458303,31
2196,0,4606,1698,2908,0,0,0,1.0,1,1.0,1,1.0,1,0.43215812948836296,32
2197,2,4608,1700,2908,0,0,0,1.0,1,1.0,1,1.0,1,0.4572984889411469,31
2198,0,4608,1700,2908,0,0,0,1.0,1,1.0,1,1.0,1,0.4572984889411469,31
2199,2,4610,1702,2908,0,0,0,1.0,1,1.0,1,1.0,1,0.44705212400060346,32
2200,3,4613,1702,2911,0,0,0,1.0,1,1.0,1,1.0,1,0.4404280840231827,35
2201,12,4625,1702,2923,0,0,0,1.0,1,1.0,1,1.0,1,0.1519988455809532,36
2202,1,4626,1702,2924,0,0,0,1.0,1,1.0,1,1.0,1,0.17032591669867247,36
2203,2,4628,1702,2926,0,0,0,1.0,1,1.0,1,1.0,1,0.15857209012485202,37
2204,2,4630,1703,2927,0,0,0,1.0,1,1.0,1,1.0,1,0.21019805714163634,36
2205,5,4635,1703,2932,0,0,0,1.0,1,1.0,1,1.0,1,0.21668488118588855,37
2206,7,4642,1706,2936,0,0,0,1.0,1,1.0,1,1.0,1,0.29726938301458267,35
2207,4,4646,1706,2940,0,0,0,1.0,1,1.0,1,1.0,1,0.2600580597794841,37
2208,2,4648,1706,2942,0,0,0,1.0,1,1.0,1,1.0,1,0.28978296790427344,36
2209,2,4650,1706,2944,0,0,0,1.0,1,1.0,1,1.0,1,0.3000267239138906,35
2210,3,4653,1706,2947,0,0,0,1.0,1,1.0,1,1.0,1,0.2667715030248628,38
2211,2,4655,1706,2949,0,0,0,1.0,1,1.0,1,1.0,1,0.31335306613547104,37
2212,6,4661,1707,2954,0,0,0,1.0,1,1.0,1,1.0,1,0.30188255760711347,38
2213,6,4667,1708,2959,0,0,0,1.0,1,1.0,1,1.0,1,0.2719941902388036,38
2214,2,4669,1709,2960,0,0,0,1.0,1,1.0,1,1.0,1,0.2773023337250912,39
2215,2,4671,1710,2961,0,0,0,1.0,1,1.0,1,1.0,1,0.28231692885864534,39
2216,4,4675,1711,2964,0,0,0,1.0,1,1.0,1,1.0,1,0.2735185152750321,39
2217,4,4679,1712,2967,0,0,0,1.0,1,1.0,1,1.0,1,0.2873120378087848,38
2218,3,4682,1713,2969,0,0,0,1.0,1,1.0,1,1.0,1,0.30298724056789755,37
2219,5,4687,1714,2973,0,0,0,1.0,1,1.0,1,1.0,1,0.25979185182644093,36
2220,3,4690,1714,2976,0,0,0,1.0,1,1.0,1,1.0,1,0.24641863125378313,34
2221,1,4691,1714,2977,0,0,0,1.0,1,1.0,1,1.0,1,0.22788127067804842,35
2222,1,4692,1714,2978,0,0,0,1.0,1,1.0,1,1.0,1,0.21748671567480835,33
2223,3,4695,1716,2979,0,0,0,1.0,1,1.0,1,1.0,1,0.21789149536151586,34
2224,1,4696,1717,2979,0,0,0,1.0,1,1.0,1,1.0,1,0.24108928442985725,32
2225,4,4700,1720,2980,0,0,0,1.0,1,1.0,1,1.0,1,0.29039912531538303,33
2226,2,4702,1722,2980,0,0,0,1.0,1,1.0,1,1.0,1,0.32575879259228363,32
2227,1,4703,1722,2981,0,0,0,1.0,1,1.0,1,1.0,1,0.2477568884150196,31
2228,1,4704,1723,2981,0,0,0,1.0,1,1.0,1,1.0,1,0.24062334856775738,32
2229,2,4706,1724,2982,0,0,0,1.0,1,1.0,1,1.0,1,0.2029053791918463,32
2230,0,4706,1724,2982,0,0,0,1.0,1,1.0,1,1.0,1,0.1940473803933335,31
2231,1,4707,1724,2983,0,0,0,1.0,1,1.0,1,1.0,1,0.18003937951533394,32
2232,2,4709,1726,2983,0,0,0,1.0,1,1.0,1,1.0,1,0.21628535297394147,32
2233,1,4710,1727,2983,0,0,0,1.0,1,1.0,1,1.0,1,0.2617844025702184,31
2234,2,4712,1728,2984,0,0,0,1.0,1,1.0,1,1.0,1,0.20883755555455194,32
2235,0,4712,1728,2984,0,0,0,1.0,1,1.0,1,1.0,1,0.24452773319583068,31
2236,0,4712,1728,2984,0,0,0,1.0,1,1.0,1,1.0,1,0.24452773319583068,31
2237,1,4713,1729,2984,0,0,0,1.0,1,1.0,1,1.0,1,0.27550818531294463,31
2238,1,4714,1729,2985,0,0,0,1.0,1,1.0,1,1.0,1,0.2581029093595028,31
2239,1,4715,1730,2985,0,0,0,1.0,1,1.0,1,1.0,1,0.2427577772972488,31
2240,3,4718,1732,2986,0,0,0,1.0,1,1.0,1,1.0,1,0.22428679415373073,32
2241,1,4719,1733,2986,0,0,0,1.0,1,1.0,1,1.0,1,0.24571442892533363,32
2242,2,4721,1735,2986,0,0,0,1.0,1,1.0,1,1.0,1,0.23015446441801432,34
2243,1,4722,1736,2986,0,0,0,1.0,1,1.0,1,1.0,1,0.24921512383638333,34
2244,0,4722,1736,2986,0,0,0,1.0,1,1.0,1,1.0,1,0.2608360994350791,36
2245,0,4722,1736,2986,0,0,0,1.0,1,1.0,1,1.0,1,0.2608360994350791,36
2246,1,4723,1736,2987,0,0,0,1.0,1,1.0,1,1.0,1,0.267770552515338,39
2247,0,4723,1736,2987,0,0,0,1.0,1,1.0,1,1.0,1,0.2780729204351635,40
2248,1,4724,1736,2988,0,0,0,1.0,1,1.0,1,1.0,1,0.26439791727485096,40
2249,2,4726,1736,2990,0,0,0,1.0,1,1.0,1,1.0,1,0.24226413556290582,41
2250,0,4726,1736,2990,0,0,0,1.0,1,1.0,1,1.0,1,0.24226413556290582,41
2251,0,4726,1736,2990,0,0,0,1.0,1,1.0,1,1.0,1,0.2602001593548986,42
2252,2,4728,1737,2991,0,0,0,1.0,1,1.0,1,1.0,1,0.28103917506910986,41
2253,1,4729,1737,2992,0,0,0,1.0,1,1.0,1,1.0,1,0.24866343388908674,40
2254,1,4730,1738,2992,0,0,0,1.0,1,1.0,1,1.0,1,0.2746767487183369,39
2255,1,4731,1738,2993,0,0,0,1.0,1,1.0,1,1.0,1,0.30692616166480524,39
2256,3,4734,1741,2993,0,0,0,1.0,1,1.0,1,1.0,1,0.3594873545598924,40
2257,4,4738,1742,2996,0,0,0,1.0,1,1.0,1,1.0,1,0.3404215109149503,40
2258,5,4743,1744,2999,0,0,0,1.0,1,1.0,1,1.0,1,0.26567270255250336,39
2259,2,4745,1745,3000,0,0,0,1.0,1,1.0,1,1.0,1,0.25620875901086704,41
2260,1,4746,1746,3000,0,0,0,1.0,1,1.0,1,1.0,1,0.2625241851458796,38
2261,1,4747,1746,3001,0,0,0,1.0,1,1.0,1,1.0,1,0.24200841996076505,38
2262,2,4749,1747,3002,0,0,0,1.0,1,1.0,1,1.0,1,0.2856958722645492,36
2263,1,4750,1748,3002,0,0,0,1.0,1,1.0,1,1.0,1,0.2998284390553572,35
2264,2,4752,1750,3002,0,0,0,1.0,1,1.0,1,1.0,1,0.35695546615780305,33
2265,3,4755,1751,3004,0,0,0,1.0,1,1.0,1,1.0,1,0.33659425853842617,33
2266,4,4759,1753,3006,0,0,0,1.0,1,1.0,1,1.0,1,0.3243055139211919,33
2267,3,4762,1756,3006,0,0,0,1.0,1,1.0,1,1.0,1,0.353375269195907,33
2268,4,4766,1758,3008,0,0,0,1.0,1,1.0,1,1.0,1,0.3173219278092464,35
2269,3,4769,1759,3010,0,0,0,1.0,1,1.0,1,1.0,1,0.3061176451298566,36
2270,0,4769,1759,3010,0,0,0,1.0,1,1.0,1,1.0,1,0.3063049178674809,34
2271,4,4773,1762,3011,0,0,0,1.0,1,1.0,1,1.0,1,0.2857094401986339,34
2272,2,4775,1763,3012,0,0,0,1.0,1,1.0,1,1.0,1,0.2533181755607497,33
2273,1,4776,1764,3012,0,0,0,1.0,1,1.0,1,1.0,1,0.22246702753791478,32
2274,0,4776,1764,3012,0,0,0,1.0,1,1.0,1,1.0,1,0.22246702753791478,32
2275,0,4776,1764,3012,0,0,0,1.0,1,1.0,1,1.0,1,0.2342940031596582,32
2276,0,4776,1764,3012,0,0,0,1.0,1,1.0,1,1.0,1,0.27368332114977173,31
2277,1,4777,1765,3012,0,0,0,1.0,1,1.0,1,1.0,1,0.2892859862398515,30
2278,1,4778,1766,3012,0,0,0,1.0,1,1.0,1,1.0,1,0.29995484904335723,33
2279,0,4778,1766,3012,0,0,0,1.0,1,1.0,1,1.0,1,0.29995484904335723,33
2280,1,4779,1767,3012,0,0,0,1.0,1,1.0,1,1.0,1,0.27450290296275304,35
2281,2,4781,1767,3014,0,0,0,1.0,1,1.0,1,1.0,1,0.24499399430561508,36
2282,0,4781,1767,3014,0,0,0,1.0,1,1.0,1,1.0,1,0.24499399430561508,36
2283,1,4782,1768,3014,0,0,0,1.0,1,1.0,1,1.0,1,0.2595102274728888,36
2284,1,4783,1769,3014,0,0,0,1.0,1,1.0,1,1.0,1,0.2596082006127478,36
2285,0,4783,1769,3014,0,0,0,1.0,1,1.0,1,1.0,1,0.2485102089907157,37
2286,0,4783,1769,3014,0,0,0,1.0,1,1.0,1,1.0,1,0.23491894113068618,38
2287,3,4786,1769,3017,0,0,0,1.0,1,1.0,1,1.0,1,0.17405397765586575,38
2288,1,4787,1770,3017,0,0,0,1.0,1,1.0,1,1.0,1,0.21543185827694994,40
2289,2,4789,1770,3019,0,0,0,1.0,1,1.0,1,1.0,1,0.189506629065275,40
2290,2,4791,1771,3020,0,0,0,1.0,1,1.0,1,1.0,1,0.21924569785866227,39
2291,1,4792,1772,3020,0,0,0,1.0,1,1.0,1,1.0,1,0.24115492257266727,37
2292,1,4793,1773,3020,0,0,0,1.0,1,1.0,1,1.0,1,0.3130677063878162,35
2293,2,4795,1775,3020,0,0,0,1.0,1,1.0,1,1.0,1,0.3551542665890172,35
2294,3,4798,1775,3023,0,0,0,1.0,1,1.0,1,1.0,1,0.4051656847260889,35
2295,5,4803,1775,3028,0,0,0,1.0,1,1.0,1,1.0,1,0.38047617138425505,36
2296,1,4804,1775,3029,0,0,0,1.0,1,1.0,1,1.0,1,0.3576699712593847,34
2297,2,4806,1775,3031,0,0,0,1.0,1,1.0,1,1.0,1,0.3597093401307735,35
2298,1,4807,1776,3031,0,0,0,1.0,1,1.0,1,1.0,1,0.37544714592018724,34
2299,3,4810,1777,3033,0,0,0,1.0,1,1.0,1,1.0,1,0.3595231506232691,35
2300,4,4814,1777,3037,0,0,0,1.0,1,1.0,1,1.0,1,0.3553526886493765,35
2301,3,4817,1777,3040,0,0,0,1.0,1,1.0,1,1.0,1,0.2938037656937749,35
2302,2,4819,1779,3040,0,0,0,1.0,1,1.0,1,1.0,1,0.34631579343456426,37
2303,0,4819,1779,3040,0,0,0,1.0,1,1.0,1,1.0,1,0.31631701908736154,35
2304,3,4822,1781,3041,0,0,0,1.0,1,1.0,1,1.0,1,0.3802255397226546,36
2305,0,4822,1781,3041,0,0,0,1.0,1,1.0,1,1.0,1,0.36851910737102384,34
2306,1,4823,1782,3041,0,0,0,1.0,1,1.0,1,1.0,1,0.42338514267887367,35
2307,0,4823,1782,3041,0,0,0,1.0,1,1.0,1,1.0,1,0.43588602582835123,35
2308,2,4825,1783,3042,0,0,0,1.0,1,1.0,1,1.0,1,0.4302219793549626,35
2309,0,4825,1783,3042,0,0,0,1.0,1,1.0,1,1.0,1,0.4494789591869903,34
2310,0,4825,1783,3042,0,0,0,1.0,1,1.0,1,1.0,1,0.44560526100887227,36
2311,4,4829,1783,3046,0,0,0,1.0,1,1.0,1,1.0,1,0.3883039074485689,38
2312,2,4831,1783,3048,0,0,0,1.0,1,1.0,1,1.0,1,0.360074802861665,39
2313,3,4834,1783,3051,0,0,0,1.0,1,1.0,1,1.0,1,0.3374767668387824,39
2314,2,4836,1783,3053,0,0,0,1.0,1,1.0,1,1.0,1,0.3021796547156356,39
2315,5,4841,1784,3057,0,0,0,1.0,1,1.0,1,1.0,1,0.2970394503004985,40
2316,1,4842,1784,3058,0,0,0,1.0,1,1.0,1,1.0,1,0.3087472707504696,40
2317,5,4847,1785,3062,0,0,0,1.0,1,1.0,1,1.0,1,0.2726957129083917,41
2318,3,4850,1786,3064,0,0,0,1.0,1,1.0,1,1.0,1,0.276293279685499,41
2319,1,4851,1786,3065,0,0,0,1.0,1,1.0,1,1.0,1,0.2777292594369238,41
2320,0,4851,1786,3065,0,0,0,1.0,1,1.0,1,1.0,1,0.2962335795648553,42
2321,4,4855,1786,3069,0,0,0,1.0,1,1.0,1,1.0,1,0.1810166069347372,43
2322,2,4857,1787,3070,0,0,0,1.0,1,1.0,1,1.0,1,0.23099176490551657,42
2323,1,4858,1787,3071,0,0,0,1.0,1,1.0,1,1.0,1,0.24137159114465245,43
2324,3,4861,1788,3073,0,0,0,1.0,1,1.0,1,1.0,1,0.2597249678294082,44
2325,3,4864,1788,3076,0,0,0,1.0,1,1.0,1,1.0,1,0.259592423817479,44
2326,4,4868,1788,3080,0,0,0,1.0,1,1.0,1,1.0,1,0.22586739434197506,45
2327,3,4871,1788,3083,0,0,0,1.0,1,1.0,1,1.0,1,0.27076577620091935,45
2328,4,4875,1788,3087,0,0,0,1.0,1,1.0,1,1.0,1,0.23895040259127373,46
2329,2,4877,1788,3089,0,0,0,1.0,1,1.0,1,1.0,1,0.26872893832715516,45
2330,5,4882,1788,3094,0,0,0,1.0,1,1.0,1,1.0,1,0.2787661060267328,47
2331,3,4885,1788,3097,0,0,0,1.0,1,1.0,1,1.0,1,0.24539758288994068,48
2332,2,4887,1788,3099,0,0,0,1.0,1,1.0,1,1.0,1,0.260746912468197,48
2333,5,4892,1789,3103,0,0,0,1.0,1,1.0,1,1.0,1,0.2620662131171162,49
2334,3,4895,1790,3105,0,0,0,1.0,1,1.0,1,1.0,1,0.3310367288137923,47
2335,5,4900,1791,3109,0,0,0,1.0,1,1.0,1,1.0,1,0.37540875886951897,46
2336,12,4912,1791,3121,0,0,0,1.0,1,1.0,1,1.0,1,0.3582423976473479,46
2337,8,4920,1792,3128,0,0,0,1.0,1,1.0,1,1.0,1,0.31707848898807306,45
2338,4,4924,1794,3130,0,0,0,1.0,1,1.0,1,1.0,1,0.2756006171185575,44
2339,6,4930,1795,3135,0,0,0,1.0,1,1.0,1,1.0,1,0.23613608489361385,45
2340,1,4931,1795,3136,0,0,0,1.0,1,1.0,1,1.0,1,0.25458884471369414,44
2341,3,4934,1795,3139,0,0,0,1.0,1,1.0,1,1.0,1,0.21213316796895967,45
2342,3,4937,1796,3141,0,0,0,1.0,1,1.0,1,1.0,1,0.16472467656117118,47
2343,1,4938,1797,3141,0,0,0,1.0,1,1.0,1,1.0,1,0.15974825008388566,46
2344,0,4938,1797,3141,0,0,0,1.0,1,1.0,1,1.0,1,0.1881501460758209,46
2345,1,4939,1797,3142,0,0,0,1.0,1,1.0,1,1.0,1,0.20767125415463167,45
2346,0,4939,1797,3142,0,0,0,1.0,1,1.0,1,1.0,1,0.1924639980429518,46
2347,0,4939,1797,3142,0,0,0,1.0,1,1.0,1,1.0,1,0.20393623806745856,47
2348,4,4943,1799,3144,0,0,0,1.0,1,1.0,1,1.0,1,0.2082967075886599,49
2349,1,4944,1800,3144,0,0,0,1.0,1,1.0,1,1.0,1,0.23517784499489267,49
2350,0,4944,1800,3144,0,0,0,1.0,1,1.0,1,1.0,1,0.21731532870253573,50
2351,1,4945,1801,3144,0,0,0,1.0,1,1.0,1,1.0,1,0.2409735953705887,50
2352,0,4945,1801,3144,0,0,0,1.0,1,1.0,1,1.0,1,0.24771024488697316,51
2353,2,4947,1801,3146,0,0,0,1.0,1,1.0,1,1.0,1,0.1917160669646447,51
2354,0,4947,1801,3146,0,0,0,1.0,1,1.0,1,1.0,1,0.2108860982678357,51
2355,1,4948,1802,3146,0,0,0,1.0,1,1.0,1,1.0,1,0.22764804744053505,50
2356,1,4949,1803,3146,0,0,0,1.0,1,1.0,1,1.0,1,0.20165234394990522,50
2357,0,4949,1803,3146,0,0,0,1.0,1,1.0,1,1.0,1,0.22339976833772407,49
2358,2,4951,1803,3148,0,0,0,1.0,1,1.0,1,1.0,1,0.2319752499428384,51
2359,0,4951,1803,3148,0,0,0,1.0,1,1.0,1,1.0,1,0.21445627412288032,51
2360,1,4952,1803,3149,0,0,0,1.0,1,1.0,1,1.0,1,0.19398826718550083,51
2361,2,4954,1804,3150,0,0,0,1.0,1,1.0,1,1.0,1,0.212928732247256,52
2362,2,4956,1805,3151,0,0,0,1.0,1,1.0,1,1.0,1,0.2103163758382422,53
2363,0,4956,1805,3151,0,0,0,1.0,1,1.0,1,1.0,1,0.21983383504139428,54
2364,1,4957,1806,3151,0,0,0,1.0,1,1.0,1,1.0,1,0.20776847574495255,55
2365,3,4960,1808,3152,0,0,0,1.0,1,1.0,1,1.0,1,0.19087791964355924,53
2366,3,4963,1810,3153,0,0,0,1.0,1,1.0,1,1.0,1,0.157938574409764,53
2367,3,4966,1812,3154,0,0,0,1.0,1,1.0,1,1.0,1,0.16661626909760208,51
2368,3,4969,1815,3154,0,0,0,1.0,1,1.0,1,1.0,1,0.21907268990321105,50
2369,2,4971,1816,3155,0,0,0,1.0,1,1.0,1,1.0,1,0.2468762511142516,47
2370,1,4972,1816,3156,0,0,0,1.0,1,1.0,1,1.0,1,0.25822418994249546,48
2371,1,4973,1817,3156,0,0,0,1.0,1,1.0,1,1.0,1,0.2531115618912644,49
2372,0,4973,1817,3156,0,0,0,1.0,1,1.0,1,1.0,1,0.27152158174310903,48
2373,0,4973,1817,3156,0,0,0,1.0,1,1.0,1,1.0,1,0.2623335341673122,49
2374,0,4973,1817,3156,0,0,0,1.0,1,1.0,1,1.0,1,0.2623285182410021,50
2375,2,4975,1819,3156,0,0,0,1.0,1,1.0,1,1.0,1,0.27627060719519764,50
2376,0,4975,1819,3156,0,0,0,1.0,1,1.0,1,1.0,1,0.27035363656182465,50
2377,0,4975,1819,3156,0,0,0,1.0,1,1.0,1,1.0,1,0.28013775416053643,49
2378,0,4975,1819,3156,0,0,0,1.0,1,1.0,1,1.0,1,0.28013775416053643,49
2379,1,4976,1820,3156,0,0,0,1.0,1,1.0,1,1.0,1,0.29098868913501036,50
2380,2,4978,1821,3157,0,0,0,1.0,1,1.0,1,1.0,1,0.29896812861838634,50
2381,4,4982,1822,3160,0,0,0,1.0,1,1.0,1,1.0,1,0.27672472188287983,51
2382,0,4982,1822,3160,0,0,0,1.0,1,1.0,1,1.0,1,0.27672472188287983,51
2383,3,4985,1823,3162,0,0,0,1.0,1,1.0,1,1.0,1,0.2661237601776911,52
2384,3,4988,1825,3163,0,0,0,1.0,1,1.0,1,1.0,1,0.2315679811979522,52
2385,2,4990,1827,3163,0,0,0,1.0,1,1.0,1,1.0,1,0.25786780901988365,51
2386,0,4990,1827,3163,0,0,0,1.0,1,1.0,1,1.0,1,0.27392007496043597,52
2387,1,4991,1828,3163,0,0,0,1.0,1,1.0,1,1.0,1,0.29490771926707116,49
2388,2,4993,1830,3163,0,0,0,1.0,1,1.0,1,1.0,1,0.33116458378506347,48
2389,3,4996,1832,3164,0,0,0,1.0,1,1.0,1,1.0,1,0.33618005393494116,48
2390,2,4998,1834,3164,0,0,0,1.0,1,1.0,1,1.0,1,0.345579348753111,49
2391,5,5003,1836,3167,0,0,0,1.0,1,1.0,1,1.0,1,0.29253068897512563,48
2392,3,5006,1838,3168,0,0,0,1.0,1,1.0,1,1.0,1,0.28748559458235995,49
2393,2,5008,1840,3168,0,0,0,1.0,1,1.0,1,1.0,1,0.2959978552876697,50
2394,4,5012,1843,3169,0,0,0,1.0,1,1.0,1,1.0,1,0.3302661568701374,50
2395,2,5014,1845,3169,0,0,0,1.0,1,1.0,1,1.0,1,0.3366971322902162,49
2396,1,5015,1845,3170,0,0,0,1.0,1,1.0,1,1.0,1,0.31116747007960205,50
2397,4,5019,1848,3171,0,0,0,1.0,1,1.0,1,1.0,1,0.32897238943192514,51
2398,2,5021,1850,3171,0,0,0,1.0,1,1.0,1,1.0,1,0.31729157496851274,49
2399,1,5022,1850,3172,0,0,0,1.0,1,1.0,1,1.0,1,0.29499659553847496,50
2400,1,5023,1851,3172,0,0,0,1.0,1,1.0,1,1.0,1,0.31289178160143166,51
2401,3,5026,1852,3174,0,0,0,1.0,1,1.0,1,1.0,1,0.2778359878928733,50
2402,1,5027,1852,3175,0,0,0,1.0,1,1.0,1,1.0,1,0.25431438519658556,51
2403,1,5028,1852,3176,0,0,0,1.0,1,1.0,1,1.0,1,0.2334253600841535,52
2404,1,5029,1852,3177,0,0,0,1.0,1,1.0,1,1.0,1,0.2336513272889586,53
2405,0,5029,1852,3177,0,0,0,1.0,1,1.0,1,1.0,1,0.2285930690713992,52
2406,0,5029,1852,3177,0,0,0,1.0,1,1.0,1,1.0,1,0.2285930690713992,52
2407,1,5030,1853,3177,0,0,0,1.0,1,1.0,1,1.0,1,0.261916855293638,51
2408,0,5030,1853,3177,0,0,0,1.0,1,1.0,1,1.0,1,0.26283727430049647,50
2409,1,5031,1853,3178,0,0,0,1.0,1,1.0,1,1.0,1,0.2711632705800615,50
2410,3,5034,1855,3179,0,0,0,1.0,1,1.0,1,1.0,1,0.3071477400281331,49
2411,1,5035,1855,3180,0,0,0,1.0,1,1.0,1,1.0,1,0.31963744559310514,48
2412,0,5035,1855,3180,0,0,0,1.0,1,1.0,1,1.0,1,0.32193389469124,47
2413,0,5035,1855,3180,0,0,0,1.0,1,1.0,1,1.0,1,0.32497807402311724,47
2414,4,5039,1856,3183,0,0,0,1.0,1,1.0,1,1.0,1,0.33429082169315605,47
2415,3,5042,1856,3186,0,0,0,1.0,1,1.0,1,1.0,1,0.3276109151930971,46
2416,2,5044,1856,3188,0,0,0,1.0,1,1.0,1,1.0,1,0.3180041290086947,47
2417,2,5046,1858,3188,0,0,0,1.0,1,1.0,1,1.0,1,0.3400754803840379,46
2418,5,5051,1859,3192,0,0,0,1.0,1,1.0,1,1.0,1,0.3322290879623919,48
2419,4,5055,1861,3194,0,0,0,1.0,1,1.0,1,1.0,1,0.2924009516035236,47
2420,1,5056,1861,3195,0,0,0,1.0,1,1.0,1,1.0,1,0.27894298830993247,49
2421,5,5061,1862,3199,0,0,0,1.0,1,1.0,1,1.0,1,0.21331203753023295,50
2422,3,5064,1864,3200,0,0,0,1.0,1,1.0,1,1.0,1,0.2013151695460911,50
2423,2,5066,1865,3201,0,0,0,1.0,1,1.0,1,1.0,1,0.20951784888135078,51
2424,1,5067,1866,3201,0,0,0,1.0,1,1.0,1,1.0,1,0.22589220003288094,50
2425,1,5068,1866,3202,0,0,0,1.0,1,1.0,1,1.0,1,0.19358047389662295,48
2426,3,5071,1869,3202,0,0,0,1.0,1,1.0,1,1.0,1,0.19605305199610673,51
2427,1,5072,1870,3202,0,0,0,1.0,1,1.0,1,1.0,1,0.21978168714548696,50
2428,1,5073,1871,3202,0,0,0,1.0,1,1.0,1,1.0,1,0.21615977077456833,49
2429,2,5075,1873,3202,0,0,0,1.0,1,1.0,1,1.0,1,0.26734526958081367,49
2430,1,5076,1873,3203,0,0,0,1.0,1,1.0,1,1.0,1,0.28022544948540024,46
2431,1,5077,1874,3203,0,0,0,1.0,1,1.0,1,1.0,1,0.29292543031055646,45
2432,1,5078,1875,3203,0,0,0,1.0,1,1.0,1,1.0,1,0.3781676914777524,44
2433,1,5079,1876,3203,0,0,0,1.0,1,1.0,1,1.0,1,0.3458348598715068,45
2434,0,5079,1876,3203,0,0,0,1.0,1,1.0,1,1.0,1,0.3586895902251831,44
2435,0,5079,1876,3203,0,0,0,1.0,1,1.0,1,1.0,1,0.3586895902251831,44
2436,0,5079,1876,3203,0,0,0,1.0,1,1.0,1,1.0,1,0.3586895902251831,44
2437,4,5083,1876,3207,0,0,0,1.0,1,1.0,1,1.0,1,0.2925067616894527,45
2438,2,5085,1877,3208,0,0,0,1.0,1,1.0,1,1.0,1,0.3175313675894291,45
2439,0,5085,1877,3208,0,0,0,1.0,1,1.0,1,1.0,1,0.3107140296127028,46
2440,0,5085,1877,3208,0,0,0,1.0,1,1.0,1,1.0,1,0.32471465598365473,45
2441,8,5093,1877,3216,0,0,0,1.0,1,1.0,1,1.0,1,0.1609092091701282,45
2442,2,5095,1877,3218,0,0,0,1.0,1,1.0,1,1.0,1,0.15656409070604865,46
2443,1,5096,1877,3219,0,0,0,1.0,1,1.0,1,1.0,1,0.18954190124823259,45
2444,11,5107,1882,3225,0,0,0,1.0,1,1.0,1,1.0,1,0.2639627711974008,46
2445,4,5111,1883,3228,0,0,0,1.0,1,1.0,1,1.0,1,0.2588868873786365,44
2446,10,5121,1886,3235,0,0,0,1.0,1,1.0,1,1.0,1,0.2786220477845355,44
2447,4,5125,1888,3237,0,0,0,1.0,1,1.0,1,1.0,1,0.2928158614053749,42
2448,3,5128,1890,3238,0,0,0,1.0,1,1.0,1,1.0,1,0.2843444182928078,41
2449,1,5129,1891,3238,0,0,0,1.0,1,1.0,1,1.0,1,0.28103605719018754,40
2450,3,5132,1893,3239,0,0,0,1.0,1,1.0,1,1.0,1,0.28808310767959094,42
2451,1,5133,1893,3240,0,0,0,1.0,1,1.0,1,1.0,1,0.2747612669198344,43
2452,2,5135,1894,3241,0,0,0,1.0,1,1.0,1,1.0,1,0.2746048204438294,43
2453,1,5136,1894,3242,0,0,0,1.0,1,1.0,1,1.0,1,0.2825223290900275,45
2454,2,5138,1896,3242,0,0,0,1.0,1,1.0,1,1.0,1,0.3208465624387482,47
2455,3,5141,1896,3245,0,0,0,1.0,1,1.0,1,1.0,1,0.3258080920205282,48
2456,3,5144,1897,3247,0,0,0,1.0,1,1.0,1,1.0,1,0.32580909342815206,49
2457,5,5149,1899,3250,0,0,0,1.0,1,1.0,1,1.0,1,0.391401048423919,48
2458,5,5154,1899,3255,0,0,0,1.0,1,1.0,1,1.0,1,0.37262850044567464,49
2459,2,5156,1899,3257,0,0,0,1.0,1,1.0,1,1.0,1,0.34987430948291776,49
2460,4,5160,1900,3260,0,0,0,1.0,1,1.0,1,1.0,1,0.35621997320842097,50
2461,3,5163,1900,3263,0,0,0,1.0,1,1.0,1,1.0,1,0.29975459846111213,50
2462,3,5166,1902,3264,0,0,0,1.0,1,1.0,1,1.0,1,0.2742194300437667,51
2463,0,5166,1902,3264,0,0,0,1.0,1,1.0,1,1.0,1,0.28242068774276496,51
2464,2,5168,1904,3264,0,0,0,1.0,1,1.0,1,1.0,1,0.2762046055933356,50
2465,0,5168,1904,3264,0,0,0,1.0,1,1.0,1,1.0,1,0.280619523411742,49
2466,3,5171,1906,3265,0,0,0,1.0,1,1.0,1,1.0,1,0.26420226757777243,49
2467,1,5172,1906,3266,0,0,0,1.0,1,1.0,1,1.0,1,0.25076311542458835,48
2468,3,5175,1909,3266,0,0,0,1.0,1,1.0,1,1.0,1,0.29793460317572823,47
2469,1,5176,1910,3266,0,0,0,1.0,1,1.0,1,1.0,1,0.285426246001394,46
2470,0,5176,1910,3266,0,0,0,1.0,1,1.0,1,1.0,1,0.2946800937797342,44
2471,4,5180,1911,3269,0,0,0,1.0,1,1.0,1,1.0,1,0.3043183028432053,44
2472,1,5181,1911,3270,0,0,0,1.0,1,1.0,1,1.0,1,0.3314280406156016,44
2473,2,5183,1912,3271,0,0,0,1.0,1,1.0,1,1.0,1,0.3316342056036236,43
2474,2,5185,1914,3271,0,0,0,1.0,1,1.0,1,1.0,1,0.3083780810715541,44
2475,5,5190,1915,3275,0,0,0,1.0,1,1.0,1,1.0,1,0.27536086895721484,46
2476,2,5192,1915,3277,0,0,0,1.0,1,1.0,1,1.0,1,0.27536086895721484,46
2477,1,5193,1915,3278,0,0,0,1.0,1,1.0,1,1.0,1,0.27697138468549815,46
2478,2,5195,1915,3280,0,0,0,1.0,1,1.0,1,1.0,1,0.27697138468549815,46
2479,3,5198,1916,3282,0,0,0,1.0,1,1.0,1,1.0,1,0.2932274221980513,46
2480,3,5201,1917,3284,0,0,0,1.0,1,1.0,1,1.0,1,0.3011460395457485,47
2481,6,5207,1918,3289,0,0,0,1.0,1,1.0,1,1.0,1,0.200306910959264,47
2482,1,5208,1918,3290,0,0,0,1.0,1,1.0,1,1.0,1,0.19504318466201626,45
2483,1,5209,1919,3290,0,0,0,1.0,1,1.0,1,1.0,1,0.20733200653643036,45
2484,1,5210,1920,3290,0,0,0,1.0,1,1.0,1,1.0,1,0.21368234301807298,46
2485,2,5212,1920,3292,0,0,0,1.0,1,1.0,1,1.0,1,0.19690888142186924,44
2486,0,5212,1920,3292,0,0,0,1.0,1,1.0,1,1.0,1,0.22320990690426154,43
2487,2,5214,1922,3292,0,0,0,1.0,1,1.0,1,1.0,1,0.17185705000838658,44
2488,3,5217,1924,3293,0,0,0,1.0,1,1.0,1,1.0,1,0.18459460701066677,45
2489,0,5217,1924,3293,0,0,0,1.0,1,1.0,1,1.0,1,0.2406820578539623,44
2490,4,5221,1926,3295,0,0,0,1.0,1,1.0,1,1.0,1,0.2669866041487446,44
2491,5,5226,1928,3298,0,0,0,1.0,1,1.0,1,1.0,1,0.2520453686534082,44
2492,2,5228,1928,3300,0,0,0,1.0,1,1.0,1,1.0,1,0.2520453686534082,44
2493,1,5229,1928,3301,0,0,0,1.0,1,1.0,1,1.0,1,0.24323092902120402,42
2494,3,5232,1929,3303,0,0,0,1.0,1,1.0,1,1.0,1,0.26690780078335896,42
2495,3,5235,1929,3306,0,0,0,1.0,1,1.0,1,1.0,1,0.24953923452971066,42
2496,3,5238,1930,3308,0,0,0,1.0,1,1.0,1,1.0,1,0.28945686351442373,42
2497,3,5241,1930,3311,0,0,0,1.0,1,1.0,1,1.0,1,0.27483122181885106,44
2498,2,5243,1930,3313,0,0,0,1.0,1,1.0,1,1.0,1,0.2943380762619564,43
2499,2,5245,1931,3314,0,0,0,1.0,1,1.0,1,1.0,1,0.26666560414591145,43
2500,3,5248,1934,3314,0,0,0,1.0,1,1.0,1,1.0,1,0.28695376820802176,44
2501,11,5259,1935,3324,0,0,0,1.0,1,1.0,1,1.0,1,0.19855818177855775,46
2502,6,5265,1937,3328,0,0,0,1.0,1,1.0,1,1.0,1,0.20770735808744467,47
2503,3,5268,1938,3330,0,0,0,1.0,1,1.0,1,1.0,1,0.24766408475022744,47
2504,4,5272,1939,3333,0,0,0,1.0,1,1.0,1,1.0,1,0.2645230091404259,46
2505,9,5281,1941,3340,0,0,0,1.0,1,1.0,1,1.0,1,0.2608980214176353,46
2506,5,5286,1941,3345,0,0,0,1.0,1,1.0,1,1.0,1,0.27929245694036653,45
2507,6,5292,1942,3350,0,0,0,1.0,1,1.0,1,1.0,1,0.3428938779553522,45
2508,7,5299,1944,3355,0,0,0,1.0,1,1.0,1,1.0,1,0.3466347745587261,46
2509,6,5305,1946,3359,0,0,0,1.0,1,1.0,1,1.0,1,0.3174209244202749,45
2510,8,5313,1947,3366,0,0,0,1.0,1,1.0,1,1.0,1,0.3240441837294201,46
2511,10,5323,1948,3375,0,0,0,1.0,1,1.0,1,1.0,1,0.3465856287744711,47
2512,9,5332,1948,3384,0,0,0,1.0,1,1.0,1,1.0,1,0.35044075519844503,47
2513,8,5340,1948,3392,0,0,0,1.0,1,1.0,1,1.0,1,0.2982072179546076,48
2514,4,5344,1949,3395,0,0,0,1.0,1,1.0,1,1.0,1,0.3034376082810942,48
2515,9,5353,1949,3404,0,0,0,1.0,1,1.0,1,1.0,1,0.2144846066935994,49
2516,4,5357,1951,3406,0,0,0,1.0,1,1.0,1,1.0,1,0.2653326738418683,49
2517,8,5365,1952,3413,0,0,0,1.0,1,1.0,1,1.0,1,0.2388518771395937,49
2518,6,5371,1952,3419,0,0,0,1.0,1,1.0,1,1.0,1,0.21355108887539054,48
2519,2,5373,1952,3421,0,0,0,1.0,1,1.0,1,1.0,1,0.21644231626630406,48
2520,1,5374,1952,3422,0,0,0,1.0,1,1.0,1,1.0,1,0.21245947165817325,46
2521,2,5376,1954,3422,0,0,0,1.0,1,1.0,1,1.0,1,0.2404670291112685,47
2522,1,5377,1955,3422,0,0,0,1.0,1,1.0,1,1.0,1,0.2721277024131305,45
2523,4,5381,1956,3425,0,0,0,1.0,1,1.0,1,1.0,1,0.27158878628481453,44
2524,0,5381,1956,3425,0,0,0,1.0,1,1.0,1,1.0,1,0.29819777818445276,42
2525,2,5383,1957,3426,0,0,0,1.0,1,1.0,1,1.0,1,0.3235110391687937,42
2526,0,5383,1957,3426,0,0,0,1.0,1,1.0,1,1.0,1,0.32526323973594745,41
2527,0,5383,1957,3426,0,0,0,1.0,1,1.0,1,1.0,1,0.32526323973594745,41
2528,0,5383,1957,3426,0,0,0,1.0,1,1.0,1,1.0,1,0.35295496875646476,41
2529,0,5383,1957,3426,0,0,0,1.0,1,1.0,1,1.0,1,0.35875881926591885,42
2530,1,5384,1957,3427,0,0,0,1.0,1,1.0,1,1.0,1,0.3135868808850479,41
2531,0,5384,1957,3427,0,0,0,1.0,1,1.0,1,1.0,1,0.3135868808850479,41
2532,3,5387,1957,3430,0,0,0,1.0,1,1.0,1,1.0,1,0.25745834999396666,43
2533,0,5387,1957,3430,0,0,0,1.0,1,1.0,1,1.0,1,0.25745834999396666,43
2534,0,5387,1957,3430,0,0,0,1.0,1,1.0,1,1.0,1,0.25745834999396666,43
2535,2,5389,1959,3430,0,0,0,1.0,1,1.0,1,1.0,1,0.29689323604008233,44
2536,0,5389,1959,3430,0,0,0,1.0,1,1.0,1,1.0,1,0.29689323604008233,44
2537,0,5389,1959,3430,0,0,0,1.0,1,1.0,1,1.0,1,0.30000728985188846,45
2538,2,5391,1959,3432,0,0,0,1.0,1,1.0,1,1.0,1,0.28933936159107326,48
2539,2,5393,1960,3433,0,0,0,1.0,1,1.0,1,1.0,1,0.3033268987702245,48
2540,4,5397,1962,3435,0,0,0,1.0,1,1.0,1,1.0,1,0.32563825914214434,50
2541,5,5402,1963,3439,0,0,0,1.0,1,1.0,1,1.0,1,0.27730704038129117,52
2542,4,5406,1965,3441,0,0,0,1.0,1,1.0,1,1.0,1,0.2638313830259197,52
2543,7,5413,1968,3445,0,0,0,1.0,1,1.0,1,1.0,1,0.23998306222554186,51
2544,3,5416,1970,3446,0,0,0,1.0,1,1.0,1,1.0,1,0.26012387004402954,51
2545,1,5417,1970,3447,0,0,0,1.0,1,1.0,1,1.0,1,0.21567624749955142,50
2546,1,5418,1971,3447,0,0,0,1.0,1,1.0,1,1.0,1,0.22678841281267148,50
2547,0,5418,1971,3447,0,0,0,1.0,1,1.0,1,1.0,1,0.24982090795929934,47
2548,1,5419,1972,3447,0,0,0,1.0,1,1.0,1,1.0,1,0.24036800401955594,46
2549,4,5423,1976,3447,0,0,0,1.0,1,1.0,1,1.0,1,0.2670555344624599,46
2550,2,5425,1978,3447,0,0,0,1.0,1,1.0,1,1.0,1,0.2841261870264779,44
2551,0,5425,1978,3447,0,0,0,1.0,1,1.0,1,1.0,1,0.27530737696170016,43
2552,0,5425,1978,3447,0,0,0,1.0,1,1.0,1,1.0,1,0.30395532513979995,43
2553,2,5427,1978,3449,0,0,0,1.0,1,1.0,1,1.0,1,0.287660608462191,44
2554,2,5429,1980,3449,0,0,0,1.0,1,1.0,1,1.0,1,0.31107542421782075,45
2555,2,5431,1981,3450,0,0,0,1.0,1,1.0,1,1.0,1,0.3475609413755123,44
2556,1,5432,1981,3451,0,0,0,1.0,1,1.0,1,1.0,1,0.3058298323366364,44
2557,1,5433,1982,3451,0,0,0,1.0,1,1.0,1,1.0,1,0.34931708490162106,41
2558,0,5433,1982,3451,0,0,0,1.0,1,1.0,1,1.0,1,0.3486328363252513,40
2559,3,5436,1982,3454,0,0,0,1.0,1,1.0,1,1.0,1,0.2821043259904746,41
2560,0,5436,1982,3454,0,0,0,1.0,1,1.0,1,1.0,1,0.2821043259904746,41
2561,3,5439,1982,3457,0,0,0,1.0,1,1.0,1,1.0,1,0.2387618767654484,43
2562,2,5441,1982,3459,0,0,0,1.0,1,1.0,1,1.0,1,0.23116801232790776,44
2563,1,5442,1982,3460,0,0,0,1.0,1,1.0,1,1.0,1,0.21442785313667645,44
2564,2,5444,1984,3460,0,0,0,1.0,1,1.0,1,1.0,1,0.25432029967969644,44
2565,5,5449,1986,3463,0,0,0,1.0,1,1.0,1,1.0,1,0.25541177965322237,45
2566,2,5451,1987,3464,0,0,0,1.0,1,1.0,1,1.0,1,0.2878670422016271,46
2567,3,5454,1988,3466,0,0,0,1.0,1,1.0,1,1.0,1,0.2908209897955055,48
2568,3,5457,1989,3468,0,0,0,1.0,1,1.0,1,1.0,1,0.2946173757503952,48
2569,2,5459,1989,3470,0,0,0,1.0,1,1.0,1,1.0,1,0.2929958661529656,49
2570,1,5460,1989,3471,0,0,0,1.0,1,1.0,1,1.0,1,0.27943762062150573,48
2571,1,5461,1989,3472,0,0,0,1.0,1,1.0,1,1.0,1,0.28493248500277046,48
2572,1,5462,1989,3473,0,0,0,1.0,1,1.0,1,1.0,1,0.2603965435045902,49
2573,5,5467,1989,3478,0,0,0,1.0,1,1.0,1,1.0,1,0.2524710388671677,50
2574,1,5468,1989,3479,0,0,0,1.0,1,1.0,1,1.0,1,0.2602661405531978,49
2575,1,5469,1989,3480,0,0,0,1.0,1,1.0,1,1.0,1,0.2746023702587142,48
2576,2,5471,1989,3482,0,0,0,1.0,1,1.0,1,1.0,1,0.2746023702587142,48
2577,3,5474,1989,3485,0,0,0,1.0,1,1.0,1,1.0,1,0.27628779187691777,50
2578,0,5474,1989,3485,0,0,0,1.0,1,1.0,1,1.0,1,0.27628779187691777,50
2579,2,5476,1990,3486,0,0,0,1.0,1,1.0,1,1.0,1,0.2536338356037818,51
2580,0,5476,1990,3486,0,0,0,1.0,1,1.0,1,1.0,1,0.2711378933854791,52
2581,3,5479,1990,3489,0,0,0,1.0,1,1.0,1,1.0,1,0.23624258461796113,51
2582,2,5481,1991,3490,0,0,0,1.0,1,1.0,1,1.0,1,0.23700353518375192,51
2583,2,5483,1992,3491,0,0,0,1.0,1,1.0,1,1.0,1,0.23686265589432218,51
2584,3,5486,1994,3492,0,0,0,1.0,1,1.0,1,1.0,1,0.2549101790063794,51
2585,1,5487,1994,3493,0,0,0,1.0,1,1.0,1,1.0,1,0.2355100039428196,50
2586,4,5491,1997,3494,0,0,0,1.0,1,1.0,1,1.0,1,0.2572860196871893,50
2587,2,5493,1998,3495,0,0,0,1.0,1,1.0,1,1.0,1,0.21347710024193656,48
2588,5,5498,2001,3497,0,0,0,1.0,1,1.0,1,1.0,1,0.24857459414121957,50
2589,3,5501,2002,3499,0,0,0,1.0,1,1.0,1,1.0,1,0.18918955662709672,48
2590,1,5502,2003,3499,0,0,0,1.0,1,1.0,1,1.0,1,0.22012798686091445,47
2591,2,5504,2004,3500,0,0,0,1.0,1,1.0,1,1.0,1,0.23295172596282931,47
2592,1,5505,2005,3500,0,0,0,1.0,1,1.0,1,1.0,1,0.2601835773068924,47
2593,2,5507,2006,3501,0,0,0,1.0,1,1.0,1,1.0,1,0.2908045084044554,47
2594,6,5513,2009,3504,0,0,0,1.0,1,1.0,1,1.0,1,0.20178872981666782,49
2595,0,5513,2009,3504,0,0,0,1.0,1,1.0,1,1.0,1,0.19122315061108103,48
2596,2,5515,2011,3504,0,0,0,1.0,1,1.0,1,1.0,1,0.17021557307241805,47
2597,4,5519,2014,3505,0,0,0,1.0,1,1.0,1,1.0,1,0.1885927358072001,48
2598,3,5522,2015,3507,0,0,0,1.0,1,1.0,1,1.0,1,0.17573868796257885,48
2599,2,5524,2016,3508,0,0,0,1.0,1,1.0,1,1.0,1,0.16425987364718617,49
2600,1,5525,2017,3508,0,0,0,1.0,1,1.0,1,1.0,1,0.1710601910891151,52
2601,5,5530,2018,3512,0,0,0,1.0,1,1.0,1,1.0,1,0.10731142168832035,51
2602,3,5533,2019,3514,0,0,0,1.0,1,1.0,1,1.0,1,0.1094594923203477,52
2603,1,5534,2020,3514,0,0,0,1.0,1,1.0,1,1.0,1,0.14984006617599557,53
2604,0,5534,2020,3514,0,0,0,1.0,1,1.0,1,1.0,1,0.14984006617599557,53
2605,0,5534,2020,3514,0,0,0,1.0,1,1.0,1,1.0,1,0.17676563144802673,52
2606,0,5534,2020,3514,0,0,0,1.0,1,1.0,1,1.0,1,0.17676563144802673,52
2607,0,5534,2020,3514,0,0,0,1.0,1,1.0,1,1.0,1,0.19048111596503298,52
2608,0,5534,2020,3514,0,0,0,1.0,1,1.0,1,1.0,1,0.19048111596503298,52
2609,0,5534,2020,3514,0,0,0,1.0,1,1.0,1,1.0,1,0.1837042449279638,53
2610,3,5537,2021,3516,0,0,0,1.0,1,1.0,1,1.0,1,0.20407962270099328,54
2611,2,5539,2021,3518,0,0,0,1.0,1,1.0,1,1.0,1,0.18964078634015225,54
2612,1,5540,2022,3518,0,0,0,1.0,1,1.0,1,1.0,1,0.19627208537538904,56
2613,3,5543,2024,3519,0,0,0,1.0,1,1.0,1,1.0,1,0.21146461994516458,56
2614,3,5546,2025,3521,0,0,0,1.0,1,1.0,1,1.0,1,0.21300995760862787,56
2615,3,5549,2026,3523,0,0,0,1.0,1,1.0,1,1.0,1,0.20442317247540534,57
2616,0,5549,2026,3523,0,0,0,1.0,1,1.0,1,1.0,1,0.20442317247540534,57
2617,2,5551,2027,3524,0,0,0,1.0,1,1.0,1,1.0,1,0.20487067887427338,58
2618,2,5553,2027,3526,0,0,0,1.0,1,1.0,1,1.0,1,0.21639697871364544,58
2619,2,5555,2027,3528,0,0,0,1.0,1,1.0,1,1.0,1,0.2527357177714312,58
2620,4,5559,2028,3531,0,0,0,1.0,1,1.0,1,1.0,1,0.23153394647757383,60
2621,7,5566,2028,3538,0,0,0,1.0,1,1.0,1,1.0,1,0.10867510455171149,59
2622,3,5569,2030,3539,0,0,0,1.0,1,1.0,1,1.0,1,0.13566200504454656,60
2623,2,5571,2031,3540,0,0,0,1.0,1,1.0,1,1.0,1,0.144460249110303,59
2624,1,5572,2032,3540,0,0,0,1.0,1,1.0,1,1.0,1,0.144606171706396,58
2625,3,5575,2034,3541,0,0,0,1.0,1,1.0,1,1.0,1,0.1938874667886134,58
2626,4,5579,2036,3543,0,0,0,1.0,1,1.0,1,1.0,1,0.20804532781729274,57
2627,1,5580,2037,3543,0,0,0,1.0,1,1.0,1,1.0,1,0.19556046859221626,55
2628,3,5583,2039,3544,0,0,0,1.0,1,1.0,1,1.0,1,0.23641741975262884,55
2629,0,5583,2039,3544,0,0,0,1.0,1,1.0,1,1.0,1,0.22557992083736886,54
2630,2,5585,2040,3545,0,0,0,1.0,1,1.0,1,1.0,1,0.23958245297261713,55
2631,1,5586,2040,3546,0,0,0,1.0,1,1.0,1,1.0,1,0.19962461965412626,55
2632,0,5586,2040,3546,0,0,0,1.0,1,1.0,1,1.0,1,0.19962461965412626,55
2633,1,5587,2041,3546,0,0,0,1.0,1,1.0,1,1.0,1,0.20117667980256795,53
2634,1,5588,2042,3546,0,0,0,1.0,1,1.0,1,1.0,1,0.20372117842954823,52
2635,0,5588,2042,3546,0,0,0,1.0,1,1.0,1,1.0,1,0.21674837054140145,52
2636,5,5593,2045,3548,0,0,0,1.0,1,1.0,1,1.0,1,0.2113743780786636,51
2637,0,5593,2045,3548,0,0,0,1.0,1,1.0,1,1.0,1,0.2171306398814258,50
2638,5,5598,2049,3549,0,0,0,1.0,1,1.0,1,1.0,1,0.18740336654683912,48
2639,2,5600,2050,3550,0,0,0,1.0,1,1.0,1,1.0,1,0.17906695445062906,48
2640,3,5603,2052,3551,0,0,0,1.0,1,1.0,1,1.0,1,0.19026203469364317,46
2641,5,5608,2054,3554,0,0,0,1.0,1,1.0,1,1.0,1,0.12420741550857683,46
2642,5,5613,2059,3554,0,0,0,1.0,1,1.0,1,1.0,1,0.15363209983265247,47
2643,1,5614,2060,3554,0,0,0,1.0,1,1.0,1,1.0,1,0.1483076667549215,45
2644,4,5618,2062,3556,0,0,0,1.0,1,1.0,1,1.0,1,0.2240170079026824,44
2645,1,5619,2063,3556,0,0,0,1.0,1,1.0,1,1.0,1,0.21672463671548745,42
2646,2,5621,2064,3557,0,0,0,1.0,1,1.0,1,1.0,1,0.2266823898705742,43
2647,2,5623,2066,3557,0,0,0,1.0,1,1.0,1,1.0,1,0.24917956104898778,40
2648,3,5626,2068,3558,0,0,0,1.0,1,1.0,1,1.0,1,0.21122918227680026,41
2649,1,5627,2068,3559,0,0,0,1.0,1,1.0,1,1.0,1,0.2209731199032535,43
2650,0,5627,2068,3559,0,0,0,1.0,1,1.0,1,1.0,1,0.2327704072624161,43
2651,1,5628,2069,3559,0,0,0,1.0,1,1.0,1,1.0,1,0.21168438241830745,44
2652,1,5629,2070,3559,0,0,0,1.0,1,1.0,1,1.0,1,0.1739281208472831,44
2653,0,5629,2070,3559,0,0,0,1.0,1,1.0,1,1.0,1,0.1739281208472831,44
2654,1,5630,2071,3559,0,0,0,1.0,1,1.0,1,1.0,1,0.1983925255890824,45
2655,1,5631,2072,3559,0,0,0,1.0,1,1.0,1,1.0,1,0.20507943130998266,45
2656,1,5632,2073,3559,0,0,0,1.0,1,1.0,1,1.0,1,0.22580230926025055,45
2657,0,5632,2073,3559,0,0,0,1.0,1,1.0,1,1.0,1,0.2482056267986062,45
2658,2,5634,2074,3560,0,0,0,1.0,1,1.0,1,1.0,1,0.24022501646792807,47
2659,1,5635,2074,3561,0,0,0,1.0,1,1.0,1,1.0,1,0.24472360996569664,46
2660,1,5636,2074,3562,0,0,0,1.0,1,1.0,1,1.0,1,0.2407523880583789,46
2661,5,5641,2076,3565,0,0,0,1.0,1,1.0,1,1.0,1,0.1637390905916567,46
2662,3,5644,2078,3566,0,0,0,1.0,1,1.0,1,1.0,1,0.1974060463909376,47
2663,4,5648,2081,3567,0,0,0,1.0,1,1.0,1,1.0,1,0.1721401470555037,46
2664,5,5653,2085,3568,0,0,0,1.0,1,1.0,1,1.0,1,0.2009421688851986,45
2665,3,5656,2087,3569,0,0,0,1.0,1,1.0,1,1.0,1,0.1917434514730384,47
2666,5,5661,2091,3570,0,0,0,1.0,1,1.0,1,1.0,1,0.2100167933717888,47
2667,3,5664,2091,3573,0,0,0,1.0,1,1.0,1,1.0,1,0.21313839701554094,45
2668,4,5668,2094,3574,0,0,0,1.0,1,1.0,1,1.0,1,0.22167682114389425,45
2669,3,5671,2095,3576,0,0,0,1.0,1,1.0,1,1.0,1,0.189808475031519,45
2670,4,5675,2098,3577,0,0,0,1.0,1,1.0,1,1.0,1,0.18447198413497354,45
2671,1,5676,2099,3577,0,0,0,1.0,1,1.0,1,1.0,1,0.15494694361063294,41
2672,0,5676,2099,3577,0,0,0,1.0,1,1.0,1,1.0,1,0.1731240187088484,40
2673,2,5678,2100,3578,0,0,0,1.0,1,1.0,1,1.0,1,0.2000619882451755,39
2674,1,5679,2101,3578,0,0,0,1.0,1,1.0,1,1.0,1,0.22892446565175462,37
2675,3,5682,2104,3578,0,0,0,1.0,1,1.0,1,1.0,1,0.271360212704092,35
2676,2,5684,2104,3580,0,0,0,1.0,1,1.0,1,1.0,1,0.28650651579254444,34
2677,2,5686,2105,3581,0,0,0,1.0,1,1.0,1,1.0,1,0.3152321069744589,32
2678,3,5689,2107,3582,0,0,0,1.0,1,1.0,1,1.0,1,0.3769308681524352,33
2679,0,5689,2107,3582,0,0,0,1.0,1,1.0,1,1.0,1,0.38724729585705275,33
2680,5,5694,2109,3585,0,0,0,1.0,1,1.0,1,1.0,1,0.3934264494860193,33
2681,5,5699,2110,3589,0,0,0,1.0,1,1.0,1,1.0,1,0.2883805904092733,32
2682,1,5700,2110,3590,0,0,0,1.0,1,1.0,1,1.0,1,0.2538323085979524,32
2683,1,5701,2111,3590,0,0,0,1.0,1,1.0,1,1.0,1,0.23610393628329934,32
2684,1,5702,2111,3591,0,0,0,1.0,1,1.0,1,1.0,1,0.179248808210294,31
2685,0,5702,2111,3591,0,0,0,1.0,1,1.0,1,1.0,1,0.1937624730289423,30
2686,0,5702,2111,3591,0,0,0,1.0,1,1.0,1,1.0,1,0.19257195179447784,29
2687,0,5702,2111,3591,0,0,0,1.0,1,1.0,1,1.0,1,0.206289242444729,28
2688,1,5703,2112,3591,0,0,0,1.0,1,1.0,1,1.0,1,0.236878435648869,28
2689,1,5704,2112,3592,0,0,0,1.0,1,1.0,1,1.0,1,0.26341797925720856,29
2690,1,5705,2112,3593,0,0,0,1.0,1,1.0,1,1.0,1,0.2586255248765056,29
2691,2,5707,2113,3594,0,0,0,1.0,1,1.0,1,1.0,1,0.25459161242249956,29
2692,2,5709,2113,3596,0,0,0,1.0,1,1.0,1,1.0,1,0.22297961558818113,31
2693,2,5711,2115,3596,0,0,0,1.0,1,1.0,1,1.0,1,0.30086127797062545,32
2694,3,5714,2116,3598,0,0,0,1.0,1,1.0,1,1.0,1,0.25210839136492835,32
2695,0,5714,2116,3598,0,0,0,1.0,1,1.0,1,1.0,1,0.22862105573639194,33
2696,0,5714,2116,3598,0,0,0,1.0,1,1.0,1,1.0,1,0.22862105573639194,33
2697,2,5716,2117,3599,0,0,0,1.0,1,1.0,1,1.0,1,0.21393823879100568,34
2698,1,5717,2118,3599,0,0,0,1.0,1,1.0,1,1.0,1,0.23548281014970324,34
2699,0,5717,2118,3599,0,0,0,1.0,1,1.0,1,1.0,1,0.22253622069134524,36
2700,1,5718,2119,3599,0,0,0,1.0,1,1.0,1,1.0,1,0.2527205211973737,36
2701,3,5721,2119,3602,0,0,0,1.0,1,1.0,1,1.0,1,0.1914034751022688,36
2702,1,5722,2119,3603,0,0,0,1.0,1,1.0,1,1.0,1,0.15810283557868474,36
2703,4,5726,2121,3605,0,0,0,1.0,1,1.0,1,1.0,1,0.17544870395182524,38
2704,2,5728,2122,3606,0,0,0,1.0,1,1.0,1,1.0,1,0.20449390677577656,37
2705,0,5728,2122,3606,0,0,0,1.0,1,1.0,1,1.0,1,0.20836894448386595,36
2706,4,5732,2125,3607,0,0,0,1.0,1,1.0,1,1.0,1,0.24791718830749,34
2707,0,5732,2125,3607,0,0,0,1.0,1,1.0,1,1.0,1,0.2530516552581496,36
2708,3,5735,2127,3608,0,0,0,1.0,1,1.0,1,1.0,1,0.28568664310261893,36
2709,3,5738,2128,3610,0,0,0,1.0,1,1.0,1,1.0,1,0.3129250400152376,33
2710,3,5741,2131,3610,0,0,0,1.0,1,1.0,1,1.0,1,0.3959718425107338,32
2711,1,5742,2132,3610,0,0,0,1.0,1,1.0,1,1.0,1,0.3930903989667533,29
2712,0,5742,2132,3610,0,0,0,1.0,1,1.0,1,1.0,1,0.4130585322309136,28
2713,2,5744,2133,3611,0,0,0,1.0,1,1.0,1,1.0,1,0.47670006063004855,28
2714,2,5746,2133,3613,0,0,0,1.0,1,1.0,1,1.0,1,0.41468355777143234,25
2715,2,5748,2134,3614,0,0,0,1.0,1,1.0,1,1.0,1,0.4155525962408824,24
2716,0,5748,2134,3614,0,0,0,1.0,1,1.0,1,1.0,1,0.39270851931753964,23
2717,1,5749,2135,3614,0,0,0,1.0,1,1.0,1,1.0,1,0.38960930146603334,24
2718,0,5749,2135,3614,0,0,0,1.0,1,1.0,1,1.0,1,0.38960930146603334,24
2719,1,5750,2136,3614,0,0,0,1.0,1,1.0,1,1.0,1,0.32911555163509115,25
2720,2,5752,2138,3614,0,0,0,1.0,1,1.0,1,1.0,1,0.37233211698331214,25
2721,3,5755,2139,3616,0,0,0,1.0,1,1.0,1,1.0,1,0.2621864723532273,26
2722,0,5755,2139,3616,0,0,0,1.0,1,1.0,1,1.0,1,0.2621864723532273,26
2723,1,5756,2140,3616,0,0,0,1.0,1,1.0,1,1.0,1,0.286233958513495,26
2724,2,5758,2141,3617,0,0,0,1.0,1,1.0,1,1.0,1,0.318848230063346,27
2725,0,5758,2141,3617,0,0,0,1.0,1,1.0,1,1.0,1,0.318848230063346,27
2726,1,5759,2141,3618,0,0,0,1.0,1,1.0,1,1.0,1,0.30477460862901207,28
2727,0,5759,2141,3618,0,0,0,1.0,1,1.0,1,1.0,1,0.2748955488032414,29
2728,0,5759,2141,3618,0,0,0,1.0,1,1.0,1,1.0,1,0.2822568853799631,28
2729,1,5760,2141,3619,0,0,0,1.0,1,1.0,1,1.0,1,0.26208195160868675,28
2730,1,5761,2141,3620,0,0,0,1.0,1,1.0,1,1.0,1,0.23091088940375756,29
2731,1,5762,2142,3620,0,0,0,1.0,1,1.0,1,1.0,1,0.23044284504178175,30
2732,0,5762,2142,3620,0,0,0,1.0,1,1.0,1,1.0,1,0.24435625663147104,29
2733,0,5762,2142,3620,0,0,0,1.0,1,1.0,1,1.0,1,0.24435625663147104,29
2734,0,5762,2142,3620,0,0,0,1.0,1,1.0,1,1.0,1,0.24435625663147104,29
2735,2,5764,2144,3620,0,0,0,1.0,1,1.0,1,1.0,1,0.3160178827113996,29
2736,3,5767,2144,3623,0,0,0,1.0,1,1.0,1,1.0,1,0.2743305438201972,30
2737,0,5767,2144,3623,0,0,0,1.0,1,1.0,1,1.0,1,0.2743305438201972,30
2738,2,5769,2146,3623,0,0,0,1.0,1,1.0,1,1.0,1,0.2970030401959554,29
2739,1,5770,2146,3624,0,0,0,1.0,1,1.0,1,1.0,1,0.2994391285760624,30
2740,0,5770,2146,3624,0,0,0,1.0,1,1.0,1,1.0,1,0.3229426409943691,29
2741,3,5773,2147,3626,0,0,0,1.0,1,1.0,1,1.0,1,0.26801770065812963,29
2742,1,5774,2148,3626,0,0,0,1.0,1,1.0,1,1.0,1,0.2724116698502644,29
2743,1,5775,2148,3627,0,0,0,1.0,1,1.0,1,1.0,1,0.28058708234181606,30
2744,4,5779,2151,3628,0,0,0,1.0,1,1.0,1,1.0,1,0.3747534711778073,28
2745,0,5779,2151,3628,0,0,0,1.0,1,1.0,1,1.0,1,0.35486439967493266,27
2746,1,5780,2152,3628,0,0,0,1.0,1,1.0,1,1.0,1,0.44054936952095725,26
2747,1,5781,2153,3628,0,0,0,1.0,1,1.0,1,1.0,1,0.4949269729391954,22
2748,0,5781,2153,3628,0,0,0,1.0,1,1.0,1,1.0,1,0.4898867377533397,22
2749,1,5782,2153,3629,0,0,0,1.0,1,1.0,1,1.0,1,0.459102179081268,20
2750,0,5782,2153,3629,0,0,0,1.0,1,1.0,1,1.0,1,0.5652981193130124,17
2751,0,5782,2153,3629,0,0,0,1.0,1,1.0,1,1.0,1,0.5652981193130124,17
2752,2,5784,2155,3629,0,0,0,1.0,1,1.0,1,1.0,1,0.5350260536595066,16
2753,1,5785,2155,3630,0,0,0,1.0,1,1.0,1,1.0,1,0.4985600155316854,16
2754,1,5786,2156,3630,0,0,0,1.0,1,1.0,1,1.0,1,0.49765770664300096,16
2755,0,5786,2156,3630,0,0,0,1.0,1,1.0,1,1.0,1,0.49765770664300096,16
2756,0,5786,2156,3630,0,0,0,1.0,1,1.0,1,1.0,1,0.5203601531626716,17
2757,0,5786,2156,3630,0,0,0,1.0,1,1.0,1,1.0,1,0.49328138843633873,18
2758,0,5786,2156,3630,0,0,0,1.0,1,1.0,1,1.0,1,0.49328138843633873,18
2759,2,5788,2157,3631,0,0,0,1.0,1,1.0,1,1.0,1,0.4774743023445751,19
2760,0,5788,2157,3631,0,0,0,1.0,1,1.0,1,1.0,1,0.44706426896347384,18
2761,0,5788,2157,3631,0,0,0,1.0,1,1.0,1,1.0,1,0.44706426896347384,18
2762,1,5789,2158,3631,0,0,0,1.0,1,1.0,1,1.0,1,0.4240083456421773,18
2763,0,5789,2158,3631,0,0,0,1.0,1,1.0,1,1.0,1,0.4240083456421773,18
2764,0,5789,2158,3631,0,0,0,1.0,1,1.0,1,1.0,1,0.4240083456421773,18
2765,1,5790,2159,3631,0,0,0,1.0,1,1.0,1,1.0,1,0.44886901833884757,18
2766,0,5790,2159,3631,0,0,0,1.0,1,1.0,1,1.0,1,0.44886901833884757,18
2767,0,5790,2159,3631,0,0,0,1.0,1,1.0,1,1.0,1,0.479394733183391,17
2768,0,5790,2159,3631,0,0,0,1.0,1,1.0,1,1.0,1,0.479394733183391,17
2769,1,5791,2160,3631,0,0,0,1.0,1,1.0,1,1.0,1,0.479394733183391,17
2770,0,5791,2160,3631,0,0,0,1.0,1,1.0,1,1.0,1,0.479394733183391,17
2771,0,5791,2160,3631,0,0,0,1.0,1,1.0,1,1.0,1,0.479394733183391,17
2772,0,5791,2160,3631,0,0,0,1.0,1,1.0,1,1.0,1,0.479394733183391,17
2773,0,5791,2160,3631,0,0,0,1.0,1,1.0,1,1.0,1,0.479394733183391,17
2774,0,5791,2160,3631,0,0,0,1.0,1,1.0,1,1.0,1,0.44040144572984957,18
2775,3,5794,2163,3631,0,0,0,1.0,1,1.0,1,1.0,1,0.46885539830272865,20
2776,0,5794,2163,3631,0,0,0,1.0,1,1.0,1,1.0,1,0.4550168372787212,21
2777,1,5795,2164,3631,0,0,0,1.0,1,1.0,1,1.0,1,0.4885519526244231,21
2778,4,5799,2166,3633,0,0,0,1.0,1,1.0,1,1.0,1,0.46680880471335295,21
2779,0,5799,2166,3633,0,0,0,1.0,1,1.0,1,1.0,1,0.46547821114249444,22
2780,0,5799,2166,3633,0,0,0,1.0,1,1.0,1,1.0,1,0.46547821114249444,22
2781,2,5801,2166,3635,0,0,0,1.0,1,1.0,1,1.0,1,0.4047867635990117,22
2782,2,5803,2166,3637,0,0,0,1.0,1,1.0,1,1.0,1,0.2550653326185906,23
2783,0,5803,2166,3637,0,0,0,1.0,1,1.0,1,1.0,1,0.22650302213336423,22
2784,2,5805,2168,3637,0,0,0,1.0,1,1.0,1,1.0,1,0.27529842248825803,21
2785,0,5805,2168,3637,0,0,0,1.0,1,1.0,1,1.0,1,0.2591012595968584,19
2786,2,5807,2169,3638,0,0,0,1.0,1,1.0,1,1.0,1,0.27454490483262867,19
2787,0,5807,2169,3638,0,0,0,1.0,1,1.0,1,1.0,1,0.28099917730468504,20
2788,1,5808,2170,3638,0,0,0,1.0,1,1.0,1,1.0,1,0.3272074277523782,20
2789,0,5808,2170,3638,0,0,0,1.0,1,1.0,1,1.0,1,0.3148048947865577,19
2790,1,5809,2170,3639,0,0,0,1.0,1,1.0,1,1.0,1,0.30805563105041844,20
2791,0,5809,2170,3639,0,0,0,1.0,1,1.0,1,1.0,1,0.30805563105041844,20
2792,0,5809,2170,3639,0,0,0,1.0,1,1.0,1,1.0,1,0.30805563105041844,20
2793,0,5809,2170,3639,0,0,0,1.0,1,1.0,1,1.0,1,0.31391324922420294,19
2794,0,5809,2170,3639,0,0,0,1.0,1,1.0,1,1.0,1,0.33557212838490186,20
2795,0,5809,2170,3639,0,0,0,1.0,1,1.0,1,1.0,1,0.32726939137835903,21
2796,0,5809,2170,3639,0,0,0,1.0,1,1.0,1,1.0,1,0.33737042637062625,22
2797,0,5809,2170,3639,0,0,0,1.0,1,1.0,1,1.0,1,0.3887028639383608,21
2798,1,5810,2171,3639,0,0,0,1.0,1,1.0,1,1.0,1,0.4299926280119861,21
2799,0,5810,2171,3639,0,0,0,1.0,1,1.0,1,1.0,1,0.426463400878528,20
2800,0,5810,2171,3639,0,0,0,1.0,1,1.0,1,1.0,1,0.426463400878528,20
2801,0,5810,2171,3639,0,0,0,1.0,1,1.0,1,1.0,1,0.426463400878528,20
2802,1,5811,2171,3640,0,0,0,1.0,1,1.0,1,1.0,1,0.3752483495958117,20
2803,1,5812,2171,3641,0,0,0,1.0,1,1.0,1,1.0,1,0.3364342925768383,21
2804,1,5813,2171,3642,0,0,0,1.0,1,1.0,1,1.0,1,0.3060446442274695,22
2805,1,5814,2172,3642,0,0,0,1.0,1,1.0,1,1.0,1,0.30249065979653733,22
2806,3,5817,2173,3644,0,0,0,1.0,1,1.0,1,1.0,1,0.20452507416989144,23
2807,3,5820,2176,3644,0,0,0,1.0,1,1.0,1,1.0,1,0.31776723006015617,24
2808,2,5822,2178,3644,0,0,0,1.0,1,1.0,1,1.0,1,0.3537908342837397,24
2809,1,5823,2178,3645,0,0,0,1.0,1,1.0,1,1.0,1,0.28308366656473044,26
2810,0,5823,2178,3645,0,0,0,1.0,1,1.0,1,1.0,1,0.23920564669010289,26
2811,0,5823,2178,3645,0,0,0,1.0,1,1.0,1,1.0,1,0.2139722262528665,27
2812,0,5823,2178,3645,0,0,0,1.0,1,1.0,1,1.0,1,0.2139722262528665,27
2813,0,5823,2178,3645,0,0,0,1.0,1,1.0,1,1.0,1,0.18605500391020702,28
2814,2,5825,2180,3645,0,0,0,1.0,1,1.0,1,1.0,1,0.24826320883994354,29
2815,1,5826,2180,3646,0,0,0,1.0,1,1.0,1,1.0,1,0.21951199013565595,30
2816,0,5826,2180,3646,0,0,0,1.0,1,1.0,1,1.0,1,0.20270284623628457,31
2817,0,5826,2180,3646,0,0,0,1.0,1,1.0,1,1.0,1,0.20270284623628457,31
2818,1,5827,2181,3646,0,0,0,1.0,1,1.0,1,1.0,1,0.19639879425490364,32
2819,0,5827,2181,3646,0,0,0,1.0,1,1.0,1,1.0,1,0.19639879425490364,32
2820,0,5827,2181,3646,0,0,0,1.0,1,1.0,1,1.0,1,0.20233941404291078,33
2821,1,5828,2181,3647,0,0,0,1.0,1,1.0,1,1.0,1,0.20704789192109951,34
2822,1,5829,2182,3647,0,0,0,1.0,1,1.0,1,1.0,1,0.21023465908994804,35
2823,1,5830,2183,3647,0,0,0,1.0,1,1.0,1,1.0,1,0.21129169083152807,31
2824,3,5833,2185,3648,0,0,0,1.0,1,1.0,1,1.0,1,0.3009295302239547,33
2825,0,5833,2185,3648,0,0,0,1.0,1,1.0,1,1.0,1,0.26748581928463877,31
2826,1,5834,2186,3648,0,0,0,1.0,1,1.0,1,1.0,1,0.30704193424803783,31
2827,4,5838,2189,3649,0,0,0,1.0,1,1.0,1,1.0,1,0.30860934739436924,32
2828,2,5840,2190,3650,0,0,0,1.0,1,1.0,1,1.0,1,0.3626728343940061,33
2829,1,5841,2190,3651,0,0,0,1.0,1,1.0,1,1.0,1,0.3175503658455639,33
2830,0,5841,2190,3651,0,0,0,1.0,1,1.0,1,1.0,1,0.3150466413740781,32
2831,4,5845,2192,3653,0,0,0,1.0,1,1.0,1,1.0,1,0.3519511648456856,31
2832,1,5846,2193,3653,0,0,0,1.0,1,1.0,1,1.0,1,0.3749135801955931,30
2833,1,5847,2194,3653,0,0,0,1.0,1,1.0,1,1.0,1,0.4217328361248675,29
2834,3,5850,2197,3653,0,0,0,1.0,1,1.0,1,1.0,1,0.45682208970105687,29
2835,1,5851,2198,3653,0,0,0,1.0,1,1.0,1,1.0,1,0.536480874433912,27
2836,1,5852,2199,3653,0,0,0,1.0,1,1.0,1,1.0,1,0.5127229835950552,27
2837,0,5852,2199,3653,0,0,0,1.0,1,1.0,1,1.0,1,0.5178182884770735,28
2838,0,5852,2199,3653,0,0,0,1.0,1,1.0,1,1.0,1,0.5113650122068628,29
2839,0,5852,2199,3653,0,0,0,1.0,1,1.0,1,1.0,1,0.4841120938504563,29
2840,1,5853,2200,3653,0,0,0,1.0,1,1.0,1,1.0,1,0.488716676734212,29
2841,9,5862,2201,3661,0,0,0,1.0,1,1.0,1,1.0,1,0.20558005108726396,31
2842,3,5865,2201,3664,0,0,0,1.0,1,1.0,1,1.0,1,0.13112809302299805,32
2843,0,5865,2201,3664,0,0,0,1.0,1,1.0,1,1.0,1,0.13112809302299805,32
2844,0,5865,2201,3664,0,0,0,1.0,1,1.0,1,1.0,1,0.1558042725704382,33
2845,2,5867,2202,3665,0,0,0,1.0,1,1.0,1,1.0,1,0.18597314694171105,34
2846,1,5868,2203,3665,0,0,0,1.0,1,1.0,1,1.0,1,0.21061619554979139,34
2847,2,5870,2204,3666,0,0,0,1.0,1,1.0,1,1.0,1,0.19368048287556786,35
2848,3,5873,2205,3668,0,0,0,1.0,1,1.0,1,1.0,1,0.2279609262228815,37
2849,2,5875,2206,3669,0,0,0,1.0,1,1.0,1,1.0,1,0.263135403363603,37
2850,1,5876,2206,3670,0,0,0,1.0,1,1.0,1,1.0,1,0.2715558816001934,37
2851,3,5879,2207,3672,0,0,0,1.0,1,1.0,1,1.0,1,0.252442562674303,38
2852,2,5881,2207,3674,0,0,0,1.0,1,1.0,1,1.0,1,0.2441572605318994,36
2853,2,5883,2207,3676,0,0,0,1.0,1,1.0,1,1.0,1,0.28587997475410204,36
2854,4,5887,2207,3680,0,0,0,1.0,1,1.0,1,1.0,1,0.2702691461121116,37
2855,2,5889,2207,3682,0,0,0,1.0,1,1.0,1,1.0,1,0.3260228733997753,37
2856,2,5891,2207,3684,0,0,0,1.0,1,1.0,1,1.0,1,0.30073354360509263,38
2857,3,5894,2208,3686,0,0,0,1.0,1,1.0,1,1.0,1,0.30506026422582677,39
2858,3,5897,2208,3689,0,0,0,1.0,1,1.0,1,1.0,1,0.23660632110536464,39
2859,2,5899,2208,3691,0,0,0,1.0,1,1.0,1,1.0,1,0.2586780872171421,39
2860,2,5901,2210,3691,0,0,0,1.0,1,1.0,1,1.0,1,0.3029866033371282,40
2861,5,5906,2211,3695,0,0,0,1.0,1,1.0,1,1.0,1,0.07924894325733525,38
2862,5,5911,2215,3696,0,0,0,1.0,1,1.0,1,1.0,1,0.19350456111675654,38
2863,5,5916,2216,3700,0,0,0,1.0,1,1.0,1,1.0,1,0.21863280075257993,37
2864,3,5919,2218,3701,0,0,0,1.0,1,1.0,1,1.0,1,0.24277638547368136,35
2865,1,5920,2218,3702,0,0,0,1.0,1,1.0,1,1.0,1,0.28179774541468516,33
2866,4,5924,2220,3704,0,0,0,1.0,1,1.0,1,1.0,1,0.29413131288005295,31
2867,3,5927,2222,3705,0,0,0,1.0,1,1.0,1,1.0,1,0.284193415509389,30
2868,4,5931,2223,3708,0,0,0,1.0,1,1.0,1,1.0,1,0.3085377923370275,31
2869,6,5937,2226,3711,0,0,0,1.0,1,1.0,1,1.0,1,0.42191550286522345,30
2870,1,5938,2226,3712,0,0,0,1.0,1,1.0,1,1.0,1,0.4361130610968507,26
2871,4,5942,2227,3715,0,0,0,1.0,1,1.0,1,1.0,1,0.3346477135440696,27
2872,1,5943,2228,3715,0,0,0,1.0,1,1.0,1,1.0,1,0.28485916086016605,25
2873,0,5943,2228,3715,0,0,0,1.0,1,1.0,1,1.0,1,0.272761482119382,24
2874,0,5943,2228,3715,0,0,0,1.0,1,1.0,1,1.0,1,0.26862335371770185,25
2875,0,5943,2228,3715,0,0,0,1.0,1,1.0,1,1.0,1,0.2924617357020534,26
2876,2,5945,2229,3716,0,0,0,1.0,1,1.0,1,1.0,1,0.31091205555737345,28
2877,1,5946,2229,3717,0,0,0,1.0,1,1.0,1,1.0,1,0.3192325980101073,29
2878,1,5947,2229,3718,0,0,0,1.0,1,1.0,1,1.0,1,0.3137691334038139,31
2879,0,5947,2229,3718,0,0,0,1.0,1,1.0,1,1.0,1,0.3137691334038139,31
2880,4,5951,2230,3721,0,0,0,1.0,1,1.0,1,1.0,1,0.35372546892173806,32
2881,3,5954,2230,3724,0,0,0,1.0,1,1.0,1,1.0,1,0.29081604602768835,31
2882,0,5954,2230,3724,0,0,0,1.0,1,1.0,1,1.0,1,0.29081604602768835,31
2883,2,5956,2230,3726,0,0,0,1.0,1,1.0,1,1.0,1,0.30966650910903626,32
2884,0,5956,2230,3726,0,0,0,1.0,1,1.0,1,1.0,1,0.30966650910903626,32
2885,4,5960,2230,3730,0,0,0,1.0,1,1.0,1,1.0,1,0.2251172613746696,33
2886,2,5962,2232,3730,0,0,0,1.0,1,1.0,1,1.0,1,0.22600098532153853,34
2887,1,5963,2232,3731,0,0,0,1.0,1,1.0,1,1.0,1,0.2150145100383917,34
2888,4,5967,2235,3732,0,0,0,1.0,1,1.0,1,1.0,1,0.20461927377562486,34
2889,2,5969,2236,3733,0,0,0,1.0,1,1.0,1,1.0,1,0.2507632943974593,37
2890,0,5969,2236,3733,0,0,0,1.0,1,1.0,1,1.0,1,0.2507632943974593,37
2891,1,5970,2237,3733,0,0,0,1.0,1,1.0,1,1.0,1,0.2591093099884464,37
2892,0,5970,2237,3733,0,0,0,1.0,1,1.0,1,1.0,1,0.2591093099884464,37
2893,2,5972,2238,3734,0,0,0,1.0,1,1.0,1,1.0,1,0.2974362453887429,38
2894,3,5975,2238,3737,0,0,0,1.0,1,1.0,1,1.0,1,0.30616583835599875,39
2895,2,5977,2238,3739,0,0,0,1.0,1,1.0,1,1.0,1,0.2945720293813832,40
2896,3,5980,2238,3742,0,0,0,1.0,1,1.0,1,1.0,1,0.2717293204759576,41
2897,2,5982,2238,3744,0,0,0,1.0,1,1.0,1,1.0,1,0.29982712882992035,41
2898,1,5983,2238,3745,0,0,0,1.0,1,1.0,1,1.0,1,0.2675106029634191,41
2899,3,5986,2239,3747,0,0,0,1.0,1,1.0,1,1.0,1,0.3037295273658477,39
2900,5,5991,2242,3749,0,0,0,1.0,1,1.0,1,1.0,1,0.3722938693965009,40
2901,2,5993,2242,3751,0,0,0,1.0,1,1.0,1,1.0,1,0.28660233556223913,40
2902,2,5995,2244,3751,0,0,0,1.0,1,1.0,1,1.0,1,0.3671611609746693,38
2903,0,5995,2244,3751,0,0,0,1.0,1,1.0,1,1.0,1,0.3476383988070031,36
2904,3,5998,2246,3752,0,0,0,1.0,1,1.0,1,1.0,1,0.3748483769178049,36
2905,2,6000,2246,3754,0,0,0,1.0,1,1.0,1,1.0,1,0.31570112550202656,35
2906,1,6001,2246,3755,0,0,0,1.0,1,1.0,1,1.0,1,0.30963102499281747,36
2907,2,6003,2247,3756,0,0,0,1.0,1,1.0,1,1.0,1,0.34477951606664947,37
2908,0,6003,2247,3756,0,0,0,1.0,1,1.0,1,1.0,1,0.35259951415304724,38
2909,1,6004,2248,3756,0,0,0,1.0,1,1.0,1,1.0,1,0.36442180459849166,37
2910,2,6006,2248,3758,0,0,0,1.0,1,1.0,1,1.0,1,0.3252260725400949,37
2911,1,6007,2248,3759,0,0,0,1.0,1,1.0,1,1.0,1,0.3171001224110289,36
2912,4,6011,2251,3760,0,0,0,1.0,1,1.0,1,1.0,1,0.3805026272695594,36
2913,1,6012,2252,3760,0,0,0,1.0,1,1.0,1,1.0,1,0.3754462526796226,36
2914,3,6015,2253,3762,0,0,0,1.0,1,1.0,1,1.0,1,0.38845574952019324,38
2915,1,6016,2253,3763,0,0,0,1.0,1,1.0,1,1.0,1,0.36298443848975165,37
2916,1,6017,2253,3764,0,0,0,1.0,1,1.0,1,1.0,1,0.35561044525980495,39
2917,0,6017,2253,3764,0,0,0,1.0,1,1.0,1,1.0,1,0.3680062608606874,40
2918,3,6020,2255,3765,0,0,0,1.0,1,1.0,1,1.0,1,0.3823386304411636,40
2919,2,6022,2256,3766,0,0,0,1.0,1,1.0,1,1.0,1,0.356988007402429,42
2920,0,6022,2256,3766,0,0,0,1.0,1,1.0,1,1.0,1,0.356988007402429,42
2921,7,6029,2256,3773,0,0,0,1.0,1,1.0,1,1.0,1,0.26775193093149957,42
2922,2,6031,2257,3774,0,0,0,1.0,1,1.0,1,1.0,1,0.25854873746799967,43
2923,1,6032,2257,3775,0,0,0,1.0,1,1.0,1,1.0,1,0.24773272263670562,45
2924,1,6033,2257,3776,0,0,0,1.0,1,1.0,1,1.0,1,0.21500152858166652,46
2925,2,6035,2257,3778,0,0,0,1.0,1,1.0,1,1.0,1,0.21500152858166652,46
2926,1,6036,2257,3779,0,0,0,1.0,1,1.0,1,1.0,1,0.22749538994400836,46
2927,4,6040,2258,3782,0,0,0,1.0,1,1.0,1,1.0,1,0.21474214303457814,48
2928,3,6043,2258,3785,0,0,0,1.0,1,1.0,1,1.0,1,0.23470220820093238,48
2929,1,6044,2258,3786,0,0,0,1.0,1,1.0,1,1.0,1,0.2533031332579244,48
2930,5,6049,2258,3791,0,0,0,1.0,1,1.0,1,1.0,1,0.23605317024464104,50
2931,6,6055,2259,3796,0,0,0,1.0,1,1.0,1,1.0,1,0.26116002768288193,51
2932,6,6061,2259,3802,0,0,0,1.0,1,1.0,1,1.0,1,0.25638071654811617,52
2933,5,6066,2259,3807,0,0,0,1.0,1,1.0,1,1.0,1,0.27588572230954694,53
2934,9,6075,2260,3815,0,0,0,1.0,1,1.0,1,1.0,1,0.24986487622684755,54
2935,5,6080,2261,3819,0,0,0,1.0,1,1.0,1,1.0,1,0.2874443168772518,53
2936,7,6087,2261,3826,0,0,0,1.0,1,1.0,1,1.0,1,0.27721361127064514,53
2937,3,6090,2262,3828,0,0,0,1.0,1,1.0,1,1.0,1,0.27089010876276154,51
2938,4,6094,2263,3831,0,0,0,1.0,1,1.0,1,1.0,1,0.29968079155465865,53
2939,3,6097,2263,3834,0,0,0,1.0,1,1.0,1,1.0,1,0.3173795475363049,52
2940,8,6105,2264,3841,0,0,0,1.0,1,1.0,1,1.0,1,0.3517189701279841,52
2941,6,6111,2264,3847,0,0,0,1.0,1,1.0,1,1.0,1,0.2644013535929867,50
2942,1,6112,2264,3848,0,0,0,1.0,1,1.0,1,1.0,1,0.261148684288484,50
2943,1,6113,2265,3848,0,0,0,1.0,1,1.0,1,1.0,1,0.24736238804224062,49
2944,3,6116,2266,3850,0,0,0,1.0,1,1.0,1,1.0,1,0.2273591118588643,48
2945,2,6118,2267,3851,0,0,0,1.0,1,1.0,1,1.0,1,0.19915124810607665,48
2946,3,6121,2270,3851,0,0,0,1.0,1,1.0,1,1.0,1,0.18168331217818873,47
2947,4,6125,2271,3854,0,0,0,1.0,1,1.0,1,1.0,1,0.12839557753264377,47
2948,1,6126,2272,3854,0,0,0,1.0,1,1.0,1,1.0,1,0.13035526631905753,48
2949,2,6128,2272,3856,0,0,0,1.0,1,1.0,1,1.0,1,0.13586136719809144,48
2950,1,6129,2273,3856,0,0,0,1.0,1,1.0,1,1.0,1,0.1487204904854776,48
2951,0,6129,2273,3856,0,0,0,1.0,1,1.0,1,1.0,1,0.17200541735922487,50
2952,0,6129,2273,3856,0,0,0,1.0,1,1.0,1,1.0,1,0.17200541735922487,50
2953,0,6129,2273,3856,0,0,0,1.0,1,1.0,1,1.0,1,0.196591744985459,51
2954,0,6129,2273,3856,0,0,0,1.0,1,1.0,1,1.0,1,0.196591744985459,51
2955,0,6129,2273,3856,0,0,0,1.0,1,1.0,1,1.0,1,0.196591744985459,51
2956,0,6129,2273,3856,0,0,0,1.0,1,1.0,1,1.0,1,0.196591744985459,51
2957,0,6129,2273,3856,0,0,0,1.0,1,1.0,1,1.0,1,0.20420953466973163,52
2958,0,6129,2273,3856,0,0,0,1.0,1,1.0,1,1.0,1,0.20420953466973163,52
2959,3,6132,2275,3857,0,0,0,1.0,1,1.0,1,1.0,1,0.24224313666091557,53
2960,1,6133,2276,3857,0,0,0,1.0,1,1.0,1,1.0,1,0.22326344694898922,52
2961,5,6138,2276,3862,0,0,0,1.0,1,1.0,1,1.0,1,0.17642230158319086,53
2962,2,6140,2276,3864,0,0,0,1.0,1,1.0,1,1.0,1,0.18395671185342535,54
2963,1,6141,2277,3864,0,0,0,1.0,1,1.0,1,1.0,1,0.18226631344397842,55
2964,2,6143,2277,3866,0,0,0,1.0,1,1.0,1,1.0,1,0.19790133226584342,55
2965,0,6143,2277,3866,0,0,0,1.0,1,1.0,1,1.0,1,0.20451823668690622,55
2966,0,6143,2277,3866,0,0,0,1.0,1,1.0,1,1.0,1,0.20451823668690622,55
2967,2,6145,2277,3868,0,0,0,1.0,1,1.0,1,1.0,1,0.23919911082433704,56
2968,1,6146,2277,3869,0,0,0,1.0,1,1.0,1,1.0,1,0.2090505737741449,56
2969,2,6148,2278,3870,0,0,0,1.0,1,1.0,1,1.0,1,0.195000581489224,55
2970,7,6155,2280,3875,0,0,0,1.0,1,1.0,1,1.0,1,0.22965122060638,57
2971,4,6159,2281,3878,0,0,0,1.0,1,1.0,1,1.0,1,0.17543090694927735,56
2972,3,6162,2282,3880,0,0,0,1.0,1,1.0,1,1.0,1,0.19110032678375652,57
2973,3,6165,2284,3881,0,0,0,1.0,1,1.0,1,1.0,1,0.1883069223455609,59
2974,3,6168,2285,3883,0,0,0,1.0,1,1.0,1,1.0,1,0.2067641641159095,60
2975,4,6172,2287,3885,0,0,0,1.0,1,1.0,1,1.0,1,0.2277002927554173,58
2976,2,6174,2288,3886,0,0,0,1.0,1,1.0,1,1.0,1,0.24923629053976376,59
2977,6,6180,2289,3891,0,0,0,1.0,1,1.0,1,1.0,1,0.22359374951329147,59
2978,3,6183,2291,3892,0,0,0,1.0,1,1.0,1,1.0,1,0.22918326707751377,58
2979,1,6184,2292,3892,0,0,0,1.0,1,1.0,1,1.0,1,0.23525518952461347,57
2980,0,6184,2292,3892,0,0,0,1.0,1,1.0,1,1.0,1,0.22744894633058937,56
2981,2,6186,2293,3893,0,0,0,1.0,1,1.0,1,1.0,1,0.247271475755125,56
2982,1,6187,2294,3893,0,0,0,1.0,1,1.0,1,1.0,1,0.24470930158885695,57
2983,3,6190,2295,3895,0,0,0,1.0,1,1.0,1,1.0,1,0.20978156071693133,57
2984,1,6191,2296,3895,0,0,0,1.0,1,1.0,1,1.0,1,0.21014099575579728,56
2985,2,6193,2297,3896,0,0,0,1.0,1,1.0,1,1.0,1,0.24301096564288346,55
2986,6,6199,2300,3899,0,0,0,1.0,1,1.0,1,1.0,1,0.2541095533037836,55
2987,1,6200,2300,3900,0,0,0,1.0,1,1.0,1,1.0,1,0.28953619236078076,51
2988,0,6200,2300,3900,0,0,0,1.0,1,1.0,1,1.0,1,0.28417514883907624,52
2989,1,6201,2300,3901,0,0,0,1.0,1,1.0,1,1.0,1,0.2760383492122475,50
2990,1,6202,2301,3901,0,0,0,1.0,1,1.0,1,1.0,1,0.26346444148026765,50
2991,1,6203,2301,3902,0,0,0,1.0,1,1.0,1,1.0,1,0.2583680755450034,50
2992,0,6203,2301,3902,0,0,0,1.0,1,1.0,1,1.0,1,0.2583680755450034,50
2993,1,6204,2301,3903,0,0,0,1.0,1,1.0,1,1.0,1,0.2745238207172271,51
2994,2,6206,2303,3903,0,0,0,1.0,1,1.0,1,1.0,1,0.2805403830845114,51
2995,0,6206,2303,3903,0,0,0,1.0,1,1.0,1,1.0,1,0.30206174056522384,51
2996,1,6207,2304,3903,0,0,0,1.0,1,1.0,1,1.0,1,0.31668868321220595,52
2997,3,6210,2305,3905,0,0,0,1.0,1,1.0,1,1.0,1,0.332504556653061,52
2998,5,6215,2310,3905,0,0,0,1.0,1,1.0,1,1.0,1,0.3340578122767414,51
2999,0,6215,2310,3905,0,0,0,1.0,1,1.0,1,1.0,1,0.3340578122767414,51
3000,2,6217,2312,3905,0,0,0,1.0,1,1.0,1,1.0,1,0.31924746553026645,52
3001,5,6222,2312,3910,0,0,0,1.0,1,1.0,1,1.0,1,0.2563834698209472,52
3002,2,6224,2313,3911,0,0,0,1.0,1,1.0,1,1.0,1,0.2747458268324421,53
3003,0,6224,2313,3911,0,0,0,1.0,1,1.0,1,1.0,1,0.26161100806045073,54
3004,2,6226,2313,3913,0,0,0,1.0,1,1.0,1,1.0,1,0.25399378078753154,55
3005,3,6229,2313,3916,0,0,0,1.0,1,1.0,1,1.0,1,0.22447059391423924,56
3006,2,6231,2313,3918,0,0,0,1.0,1,1.0,1,1.0,1,0.20442596873561317,57
3007,4,6235,2313,3922,0,0,0,1.0,1,1.0,1,1.0,1,0.21640993042129786,58
3008,3,6238,2314,3924,0,0,0,1.0,1,1.0,1,1.0,1,0.1992378196922884,59
3009,2,6240,2314,3926,0,0,0,1.0,1,1.0,1,1.0,1,0.2120088296937773,59
3010,4,6244,2314,3930,0,0,0,1.0,1,1.0,1,1.0,1,0.2120088296937773,59
3011,5,6249,2314,3935,0,0,0,1.0,1,1.0,1,1.0,1,0.17715787262477137,59
3012,5,6254,2314,3940,0,0,0,1.0,1,1.0,1,1.0,1,0.18868436621102244,61
3013,4,6258,2314,3944,0,0,0,1.0,1,1.0,1,1.0,1,0.1714173006472551,59
3014,6,6264,2314,3950,0,0,0,1.0,1,1.0,1,1.0,1,0.18256940872457023,60
3015,6,6270,2315,3955,0,0,0,1.0,1,1.0,1,1.0,1,0.19259634777177317,58
3016,5,6275,2317,3958,0,0,0,1.0,1,1.0,1,1.0,1,0.254326381703703,57
3017,7,6282,2320,3962,0,0,0,1.0,1,1.0,1,1.0,1,0.2698786865403179,58
3018,3,6285,2320,3965,0,0,0,1.0,1,1.0,1,1.0,1,0.30538179861281517,55
3019,3,6288,2320,3968,0,0,0,1.0,1,1.0,1,1.0,1,0.3036382770681201,56
3020,3,6291,2320,3971,0,0,0,1.0,1,1.0,1,1.0,1,0.3175051449650713,55
3021,2,6293,2321,3972,0,0,0,1.0,1,1.0,1,1.0,1,0.31302283475857856,55
3022,2,6295,2321,3974,0,0,0,1.0,1,1.0,1,1.0,1,0.31151427860907704,55
3023,3,6298,2322,3976,0,0,0,1.0,1,1.0,1,1.0,1,0.2804915235893314,54
3024,2,6300,2323,3977,0,0,0,1.0,1,1.0,1,1.0,1,0.268534782043824,54
3025,4,6304,2324,3980,0,0,0,1.0,1,1.0,1,1.0,1,0.24703732516505844,54
3026,4,6308,2324,3984,0,0,0,1.0,1,1.0,1,1.0,1,0.18539000517291424,53
3027,3,6311,2324,3987,0,0,0,1.0,1,1.0,1,1.0,1,0.1815896159825301,53
3028,4,6315,2327,3988,0,0,0,1.0,1,1.0,1,1.0,1,0.1584098450770473,51
3029,2,6317,2328,3989,0,0,0,1.0,1,1.0,1,1.0,1,0.19536229729575438,51
3030,5,6322,2330,3992,0,0,0,1.0,1,1.0,1,1.0,1,0.21080906571968724,52
3031,6,6328,2332,3996,0,0,0,1.0,1,1.0,1,1.0,1,0.2203876236050297,51
3032,4,6332,2332,4000,0,0,0,1.0,1,1.0,1,1.0,1,0.2146386362179646,50
3033,2,6334,2332,4002,0,0,0,1.0,1,1.0,1,1.0,1,0.19811681214315915,52
3034,2,6336,2332,4004,0,0,0,1.0,1,1.0,1,1.0,1,0.2142624708329044,51
3035,2,6338,2332,4006,0,0,0,1.0,1,1.0,1,1.0,1,0.21193635668405966,51
3036,4,6342,2332,4010,0,0,0,1.0,1,1.0,1,1.0,1,0.18321807172742696,53
3037,3,6345,2332,4013,0,0,0,1.0,1,1.0,1,1.0,1,0.17786503030368295,52
3038,1,6346,2332,4014,0,0,0,1.0,1,1.0,1,1.0,1,0.17245712456251922,52
3039,1,6347,2332,4015,0,0,0,1.0,1,1.0,1,1.0,1,0.16602168734232867,54
3040,1,6348,2333,4015,0,0,0,1.0,1,1.0,1,1.0,1,0.1605754646793941,55
3041,2,6350,2333,4017,0,0,0,1.0,1,1.0,1,1.0,1,0.14650212901754403,56
3042,3,6353,2335,4018,0,0,0,1.0,1,1.0,1,1.0,1,0.17778592576580748,56
3043,2,6355,2336,4019,0,0,0,1.0,1,1.0,1,1.0,1,0.13742283923706938,57
3044,1,6356,2337,4019,0,0,0,1.0,1,1.0,1,1.0,1,0.15485801598325255,57
3045,0,6356,2337,4019,0,0,0,1.0,1,1.0,1,1.0,1,0.1682090292631293,56
3046,3,6359,2339,4020,0,0,0,1.0,1,1.0,1,1.0,1,0.19117652105971122,57
3047,0,6359,2339,4020,0,0,0,1.0,1,1.0,1,1.0,1,0.20884632391520624,56
3048,2,6361,2339,4022,0,0,0,1.0,1,1.0,1,1.0,1,0.1986561113296958,58
3049,1,6362,2340,4022,0,0,0,1.0,1,1.0,1,1.0,1,0.22926377070060636,59
3050,1,6363,2340,4023,0,0,0,1.0,1,1.0,1,1.0,1,0.22692645682511467,60
3051,2,6365,2342,4023,0,0,0,1.0,1,1.0,1,1.0,1,0.27803903917704165,59
3052,4,6369,2343,4026,0,0,0,1.0,1,1.0,1,1.0,1,0.2814206645182186,58
3053,7,6376,2346,4030,0,0,0,1.0,1,1.0,1,1.0,1,0.32903200652107845,57
3054,6,6382,2348,4034,0,0,0,1.0,1,1.0,1,1.0,1,0.36055074306181,55
3055,2,6384,2348,4036,0,0,0,1.0,1,1.0,1,1.0,1,0.3439496889955828,54
3056,3,6387,2349,4038,0,0,0,1.0,1,1.0,1,1.0,1,0.3586518472114528,55
3057,7,6394,2349,4045,0,0,0,1.0,1,1.0,1,1.0,1,0.3841519369724242,54
3058,9,6403,2349,4054,0,0,0,1.0,1,1.0,1,1.0,1,0.36463990139223834,55
3059,11,6414,2349,4065,0,0,0,1.0,1,1.0,1,1.0,1,0.3497341557297407,56
3060,5,6419,2349,4070,0,0,0,1.0,1,1.0,1,1.0,1,0.35570260795552316,56
3061,7,6426,2349,4077,0,0,0,1.0,1,1.0,1,1.0,1,0.2556954593373946,56
3062,3,6429,2351,4078,0,0,0,1.0,1,1.0,1,1.0,1,0.278183458180282,57
3063,0,6429,2351,4078,0,0,0,1.0,1,1.0,1,1.0,1,0.2596117292395997,55
3064,2,6431,2352,4079,0,0,0,1.0,1,1.0,1,1.0,1,0.28399007593035525,56
3065,0,6431,2352,4079,0,0,0,1.0,1,1.0,1,1.0,1,0.29293606671849326,55
3066,2,6433,2352,4081,0,0,0,1.0,1,1.0,1,1.0,1,0.27741648364731314,55
3067,2,6435,2353,4082,0,0,0,1.0,1,1.0,1,1.0,1,0.2761129181835796,54
3068,4,6439,2356,4083,0,0,0,1.0,1,1.0,1,1.0,1,0.2653215988095288,53
3069,2,6441,2358,4083,0,0,0,1.0,1,1.0,1,1.0,1,0.2673823320454469,51
3070,0,6441,2358,4083,0,0,0,1.0,1,1.0,1,1.0,1,0.27762270671546785,50
3071,1,6442,2359,4083,0,0,0,1.0,1,1.0,1,1.0,1,0.25271030504742426,51
3072,3,6445,2361,4084,0,0,0,1.0,1,1.0,1,1.0,1,0.2464415752768285,53
3073,0,6445,2361,4084,0,0,0,1.0,1,1.0,1,1.0,1,0.26293715427843517,51
3074,2,6447,2362,4085,0,0,0,1.0,1,1.0,1,1.0,1,0.24457892641239212,50
3075,2,6449,2364,4085,0,0,0,1.0,1,1.0,1,1.0,1,0.24852465890435513,52
3076,2,6451,2364,4087,0,0,0,1.0,1,1.0,1,1.0,1,0.2587520368072044,53
3077,2,6453,2365,4088,0,0,0,1.0,1,1.0,1,1.0,1,0.2503357120689477,52
3078,0,6453,2365,4088,0,0,0,1.0,1,1.0,1,1.0,1,0.28063210313988746,53
3079,0,6453,2365,4088,0,0,0,1.0,1,1.0,1,1.0,1,0.28063210313988746,53
3080,0,6453,2365,4088,0,0,0,1.0,1,1.0,1,1.0,1,0.3021633371699666,52
3081,12,6465,2367,4098,0,0,0,1.0,1,1.0,1,1.0,1,0.2330894837828638,54
3082,4,6469,2369,4100,0,0,0,1.0,1,1.0,1,1.0,1,0.2653039960921272,54
3083,4,6473,2369,4104,0,0,0,1.0,1,1.0,1,1.0,1,0.25535274075756575,54
3084,2,6475,2370,4105,0,0,0,1.0,1,1.0,1,1.0,1,0.27695500184221894,55
3085,2,6477,2371,4106,0,0,0,1.0,1,1.0,1,1.0,1,0.2716041833127362,55
3086,4,6481,2371,4110,0,0,0,1.0,1,1.0,1,1.0,1,0.28208680136143693,56
3087,2,6483,2371,4112,0,0,0,1.0,1,1.0,1,1.0,1,0.2924578402641966,57
3088,2,6485,2371,4114,0,0,0,1.0,1,1.0,1,1.0,1,0.2843387764353293,56
3089,5,6490,2372,4118,0,0,0,1.0,1,1.0,1,1.0,1,0.30486752650446214,55
3090,4,6494,2372,4122,0,0,0,1.0,1,1.0,1,1.0,1,0.3020180807936204,54
3091,6,6500,2373,4127,0,0,0,1.0,1,1.0,1,1.0,1,0.2928322133385961,53
3092,8,6508,2373,4135,0,0,0,1.0,1,1.0,1,1.0,1,0.27110199906317595,56
3093,5,6513,2374,4139,0,0,0,1.0,1,1.0,1,1.0,1,0.27970556922876066,56
3094,7,6520,2374,4146,0,0,0,1.0,1,1.0,1,1.0,1,0.27730163914488715,58
3095,9,6529,2374,4155,0,0,0,1.0,1,1.0,1,1.0,1,0.2500550567125772,59
3096,8,6537,2374,4163,0,0,0,1.0,1,1.0,1,1.0,1,0.24217310832229685,60
3097,12,6549,2375,4174,0,0,0,1.0,1,1.0,1,1.0,1,0.23140672668680498,60
3098,3,6552,2375,4177,0,0,0,1.0,1,1.0,1,1.0,1,0.2542358218676059,58
3099,2,6554,2375,4179,0,0,0,1.0,1,1.0,1,1.0,1,0.2630162283408511,57
3100,5,6559,2375,4184,0,0,0,1.0,1,1.0,1,1.0,1,0.2780033793435788,57
3101,5,6564,2376,4188,0,0,0,1.0,1,1.0,1,1.0,1,0.2337618978167125,58
3102,3,6567,2377,4190,0,0,0,1.0,1,1.0,1,1.0,1,0.24122361675200807,59
3103,2,6569,2377,4192,0,0,0,1.0,1,1.0,1,1.0,1,0.20065600664773037,58
3104,5,6574,2379,4195,0,0,0,1.0,1,1.0,1,1.0,1,0.16607624076205366,58
3105,0,6574,2379,4195,0,0,0,1.0,1,1.0,1,1.0,1,0.14584582012206096,56
3106,2,6576,2381,4195,0,0,0,1.0,1,1.0,1,1.0,1,0.1875981288123405,57
3107,2,6578,2383,4195,0,0,0,1.0,1,1.0,1,1.0,1,0.18320698848359585,55
3108,3,6581,2386,4195,0,0,0,1.0,1,1.0,1,1.0,1,0.24688843021474974,55
3109,3,6584,2387,4197,0,0,0,1.0,1,1.0,1,1.0,1,0.22240067163039035,54
3110,4,6588,2389,4199,0,0,0,1.0,1,1.0,1,1.0,1,0.19384010517516018,54
3111,2,6590,2389,4201,0,0,0,1.0,1,1.0,1,1.0,1,0.16533342185071565,54
3112,4,6594,2392,4202,0,0,0,1.0,1,1.0,1,1.0,1,0.18312541345390831,56
3113,4,6598,2395,4203,0,0,0,1.0,1,1.0,1,1.0,1,0.22563528258851964,55
3114,1,6599,2396,4203,0,0,0,1.0,1,1.0,1,1.0,1,0.23964194423364285,54
3115,1,6600,2396,4204,0,0,0,1.0,1,1.0,1,1.0,1,0.22932072156693054,56
3116,2,6602,2397,4205,0,0,0,1.0,1,1.0,1,1.0,1,0.2297795276689511,56
3117,0,6602,2397,4205,0,0,0,1.0,1,1.0,1,1.0,1,0.2726239140323895,58
3118,1,6603,2398,4205,0,0,0,1.0,1,1.0,1,1.0,1,0.2797305189446576,57
3119,1,6604,2399,4205,0,0,0,1.0,1,1.0,1,1.0,1,0.3027275861048017,57
3120,1,6605,2399,4206,0,0,0,1.0,1,1.0,1,1.0,1,0.2726037348681031,56
3121,8,6613,2400,4213,0,0,0,1.0,1,1.0,1,1.0,1,0.15356993609848724,57
3122,1,6614,2400,4214,0,0,0,1.0,1,1.0,1,1.0,1,0.162492516023663,57
3123,2,6616,2401,4215,0,0,0,1.0,1,1.0,1,1.0,1,0.1544060194776646,57
3124,2,6618,2401,4217,0,0,0,1.0,1,1.0,1,1.0,1,0.16975667683002985,59
3125,6,6624,2403,4221,0,0,0,1.0,1,1.0,1,1.0,1,0.13743935933202156,61
3126,1,6625,2404,4221,0,0,0,1.0,1,1.0,1,1.0,1,0.15446841884886764,60
3127,0,6625,2404,4221,0,0,0,1.0,1,1.0,1,1.0,1,0.16902169906748113,58
3128,2,6627,2405,4222,0,0,0,1.0,1,1.0,1,1.0,1,0.1892176175116579,58
3129,0,6627,2405,4222,0,0,0,1.0,1,1.0,1,1.0,1,0.1981599798636603,56
3130,2,6629,2405,4224,0,0,0,1.0,1,1.0,1,1.0,1,0.20292791911477542,56
3131,2,6631,2406,4225,0,0,0,1.0,1,1.0,1,1.0,1,0.24559186468488153,55
3132,0,6631,2406,4225,0,0,0,1.0,1,1.0,1,1.0,1,0.2728747947341444,53
3133,1,6632,2407,4225,0,0,0,1.0,1,1.0,1,1.0,1,0.28900636156488774,52
3134,3,6635,2409,4226,0,0,0,1.0,1,1.0,1,1.0,1,0.29249940331394864,52
3135,5,6640,2411,4229,0,0,0,1.0,1,1.0,1,1.0,1,0.26256755864589776,53
3136,7,6647,2415,4232,0,0,0,1.0,1,1.0,1,1.0,1,0.307327663270522,54
3137,4,6651,2417,4234,0,0,0,1.0,1,1.0,1,1.0,1,0.2972661193093333,55
3138,10,6661,2419,4242,0,0,0,1.0,1,1.0,1,1.0,1,0.3295151651004533,57
3139,6,6667,2419,4248,0,0,0,1.0,1,1.0,1,1.0,1,0.3565899780312186,56
3140,8,6675,2419,4256,0,0,0,1.0,1,1.0,1,1.0,1,0.3431207279475968,56
3141,11,6686,2420,4266,0,0,0,1.0,1,1.0,1,1.0,1,0.18569337984153622,56
3142,1,6687,2421,4266,0,0,0,1.0,1,1.0,1,1.0,1,0.18622348856361765,56
3143,1,6688,2422,4266,0,0,0,1.0,1,1.0,1,1.0,1,0.19337951296819342,56
3144,1,6689,2423,4266,0,0,0,1.0,1,1.0,1,1.0,1,0.1817818048672352,54
3145,2,6691,2424,4267,0,0,0,1.0,1,1.0,1,1.0,1,0.1803803301445615,55
3146,0,6691,2424,4267,0,0,0,1.0,1,1.0,1,1.0,1,0.17212767952642333,53
3147,0,6691,2424,4267,0,0,0,1.0,1,1.0,1,1.0,1,0.1807707456247343,54
3148,0,6691,2424,4267,0,0,0,1.0,1,1.0,1,1.0,1,0.1807707456247343,54
3149,0,6691,2424,4267,0,0,0,1.0,1,1.0,1,1.0,1,0.18017570708307268,53
3150,2,6693,2424,4269,0,0,0,1.0,1,1.0,1,1.0,1,0.13368144039434116,53
3151,0,6693,2424,4269,0,0,0,1.0,1,1.0,1,1.0,1,0.13943305260412966,53
3152,4,6697,2425,4272,0,0,0,1.0,1,1.0,1,1.0,1,0.1372945454213246,54
3153,1,6698,2426,4272,0,0,0,1.0,1,1.0,1,1.0,1,0.14910109875516647,53
3154,2,6700,2427,4273,0,0,0,1.0,1,1.0,1,1.0,1,0.17021201250369203,55
3155,0,6700,2427,4273,0,0,0,1.0,1,1.0,1,1.0,1,0.17456102189715875,56
3156,0,6700,2427,4273,0,0,0,1.0,1,1.0,1,1.0,1,0.19242240817812414,56
3157,0,6700,2427,4273,0,0,0,1.0,1,1.0,1,1.0,1,0.19242240817812414,56
3158,2,6702,2428,4274,0,0,0,1.0,1,1.0,1,1.0,1,0.16370578529345844,57
3159,0,6702,2428,4274,0,0,0,1.0,1,1.0,1,1.0,1,0.16268312060031687,56
3160,4,6706,2429,4277,0,0,0,1.0,1,1.0,1,1.0,1,0.17096083117563113,58
3161,3,6709,2429,4280,0,0,0,1.0,1,1.0,1,1.0,1,0.08641561364870362,59
3162,1,6710,2430,4280,0,0,0,1.0,1,1.0,1,1.0,1,0.09721996526033962,59
3163,2,6712,2432,4280,0,0,0,1.0,1,1.0,1,1.0,1,0.1628338069754835,59
3164,3,6715,2433,4282,0,0,0,1.0,1,1.0,1,1.0,1,0.16603566183976576,60
3165,2,6717,2435,4282,0,0,0,1.0,1,1.0,1,1.0,1,0.16235812688409224,58
3166,5,6722,2438,4284,0,0,0,1.0,1,1.0,1,1.0,1,0.18049927320836248,59
3167,2,6724,2440,4284,0,0,0,1.0,1,1.0,1,1.0,1,0.2035913531464243,57
3168,2,6726,2440,4286,0,0,0,1.0,1,1.0,1,1.0,1,0.15828208313069236,58
3169,0,6726,2440,4286,0,0,0,1.0,1,1.0,1,1.0,1,0.14827484068205996,57
3170,1,6727,2441,4286,0,0,0,1.0,1,1.0,1,1.0,1,0.1552869482683572,55
3171,3,6730,2443,4287,0,0,0,1.0,1,1.0,1,1.0,1,0.15269652567906297,56
3172,1,6731,2444,4287,0,0,0,1.0,1,1.0,1,1.0,1,0.14607739012713622,54
3173,2,6733,2445,4288,0,0,0,1.0,1,1.0,1,1.0,1,0.1733131777657927,53
3174,1,6734,2446,4288,0,0,0,1.0,1,1.0,1,1.0,1,0.1867637687327155,53
3175,2,6736,2446,4290,0,0,0,1.0,1,1.0,1,1.0,1,0.17298735041328206,52
3176,4,6740,2449,4291,0,0,0,1.0,1,1.0,1,1.0,1,0.22249205853229975,53
3177,6,6746,2451,4295,0,0,0,1.0,1,1.0,1,1.0,1,0.2627514545667512,52
3178,1,6747,2451,4296,0,0,0,1.0,1,1.0,1,1.0,1,0.2749901842184576,53
3179,1,6748,2452,4296,0,0,0,1.0,1,1.0,1,1.0,1,0.23211550607671683,54
3180,0,6748,2452,4296,0,0,0,1.0,1,1.0,1,1.0,1,0.2670179410578384,54
3181,3,6751,2452,4299,0,0,0,1.0,1,1.0,1,1.0,1,0.21536808078820233,55
3182,0,6751,2452,4299,0,0,0,1.0,1,1.0,1,1.0,1,0.23020031736441066,54
3183,2,6753,2454,4299,0,0,0,1.0,1,1.0,1,1.0,1,0.22430998494810186,56
3184,4,6757,2456,4301,0,0,0,1.0,1,1.0,1,1.0,1,0.19421081618900776,54
3185,3,6760,2458,4302,0,0,0,1.0,1,1.0,1,1.0,1,0.2135624329361815,53
3186,4,6764,2460,4304,0,0,0,1.0,1,1.0,1,1.0,1,0.2294802148403863,52
3187,2,6766,2462,4304,0,0,0,1.0,1,1.0,1,1.0,1,0.18246283568732288,50
3188,2,6768,2464,4304,0,0,0,1.0,1,1.0,1,1.0,1,0.2258374410813326,50
3189,4,6772,2467,4305,0,0,0,1.0,1,1.0,1,1.0,1,0.24761509054983472,49
3190,2,6774,2467,4307,0,0,0,1.0,1,1.0,1,1.0,1,0.22731571323385272,50
3191,2,6776,2468,4308,0,0,0,1.0,1,1.0,1,1.0,1,0.24087483914078262,49
3192,1,6777,2468,4309,0,0,0,1.0,1,1.0,1,1.0,1,0.24047991121143622,49
3193,1,6778,2468,4310,0,0,0,1.0,1,1.0,1,1.0,1,0.23299512022345395,49
3194,2,6780,2469,4311,0,0,0,1.0,1,1.0,1,1.0,1,0.24649012206120136,50
3195,1,6781,2469,4312,0,0,0,1.0,1,1.0,1,1.0,1,0.2556132582381854,49
3196,0,6781,2469,4312,0,0,0,1.0,1,1.0,1,1.0,1,0.2556132582381854,49
3197,1,6782,2470,4312,0,0,0,1.0,1,1.0,1,1.0,1,0.23684197082190514,50
3198,0,6782,2470,4312,0,0,0,1.0,1,1.0,1,1.0,1,0.23684197082190514,50
3199,1,6783,2471,4312,0,0,0,1.0,1,1.0,1,1.0,1,0.2522187441369187,52
3200,2,6785,2473,4312,0,0,0,1.0,1,1.0,1,1.0,1,0.2159572652987767,53
3201,7,6792,2474,4318,0,0,0,1.0,1,1.0,1,1.0,1,0.150573181724616,55
3202,2,6794,2475,4319,0,0,0,1.0,1,1.0,1,1.0,1,0.1594206984733403,55
3203,1,6795,2475,4320,0,0,0,1.0,1,1.0,1,1.0,1,0.09521530874271383,53
3204,0,6795,2475,4320,0,0,0,1.0,1,1.0,1,1.0,1,0.10034817121657462,53
3205,0,6795,2475,4320,0,0,0,1.0,1,1.0,1,1.0,1,0.10034817121657462,53
3206,0,6795,2475,4320,0,0,0,1.0,1,1.0,1,1.0,1,0.1096569682313938,52
3207,2,6797,2477,4320,0,0,0,1.0,1,1.0,1,1.0,1,0.1507027799728436,53
3208,0,6797,2477,4320,0,0,0,1.0,1,1.0,1,1.0,1,0.18967760006120374,51
3209,2,6799,2478,4321,0,0,0,1.0,1,1.0,1,1.0,1,0.2207028216015157,52
3210,0,6799,2478,4321,0,0,0,1.0,1,1.0,1,1.0,1,0.24286113451493502,49
3211,2,6801,2480,4321,0,0,0,1.0,1,1.0,1,1.0,1,0.29362575184445855,48
3212,2,6803,2480,4323,0,0,0,1.0,1,1.0,1,1.0,1,0.28156819333341054,48
3213,2,6805,2482,4323,0,0,0,1.0,1,1.0,1,1.0,1,0.23025733722541042,49
3214,3,6808,2484,4324,0,0,0,1.0,1,1.0,1,1.0,1,0.22284801299302975,51
3215,0,6808,2484,4324,0,0,0,1.0,1,1.0,1,1.0,1,0.22284801299302975,51
3216,2,6810,2486,4324,0,0,0,1.0,1,1.0,1,1.0,1,0.23915346343290922,51
3217,1,6811,2487,4324,0,0,0,1.0,1,1.0,1,1.0,1,0.25008084035256245,51
3218,0,6811,2487,4324,0,0,0,1.0,1,1.0,1,1.0,1,0.25008084035256245,51
3219,0,6811,2487,4324,0,0,0,1.0,1,1.0,1,1.0,1,0.26458302270226663,52
3220,0,6811,2487,4324,0,0,0,1.0,1,1.0,1,1.0,1,0.26458302270226663,52
3221,4,6815,2487,4328,0,0,0,1.0,1,1.0,1,1.0,1,0.19107466624422353,54
3222,0,6815,2487,4328,0,0,0,1.0,1,1.0,1,1.0,1,0.19003627880792381,54
3223,2,6817,2487,4330,0,0,0,1.0,1,1.0,1,1.0,1,0.20074529856684886,56
3224,1,6818,2488,4330,0,0,0,1.0,1,1.0,1,1.0,1,0.1923072035131267,57
3225,1,6819,2488,4331,0,0,0,1.0,1,1.0,1,1.0,1,0.20009769266000524,58
3226,0,6819,2488,4331,0,0,0,1.0,1,1.0,1,1.0,1,0.20009769266000524,58
3227,0,6819,2488,4331,0,0,0,1.0,1,1.0,1,1.0,1,0.20009769266000524,58
3228,0,6819,2488,4331,0,0,0,1.0,1,1.0,1,1.0,1,0.20009769266000524,58
3229,5,6824,2490,4334,0,0,0,1.0,1,1.0,1,1.0,1,0.21849202919803168,60
3230,1,6825,2490,4335,0,0,0,1.0,1,1.0,1,1.0,1,0.20792924415919128,61
3231,0,6825,2490,4335,0,0,0,1.0,1,1.0,1,1.0,1,0.20792924415919128,61
3232,0,6825,2490,4335,0,0,0,1.0,1,1.0,1,1.0,1,0.20792924415919128,61
3233,0,6825,2490,4335,0,0,0,1.0,1,1.0,1,1.0,1,0.22665561254158373,63
3234,3,6828,2490,4338,0,0,0,1.0,1,1.0,1,1.0,1,0.21088797330872497,64
3235,1,6829,2490,4339,0,0,0,1.0,1,1.0,1,1.0,1,0.21232959050210498,65
3236,1,6830,2490,4340,0,0,0,1.0,1,1.0,1,1.0,1,0.20984650557808074,66
3237,2,6832,2490,4342,0,0,0,1.0,1,1.0,1,1.0,1,0.21963792613917538,67
3238,1,6833,2490,4343,0,0,0,1.0,1,1.0,1,1.0,1,0.18979064620772562,67
3239,3,6836,2490,4346,0,0,0,1.0,1,1.0,1,1.0,1,0.16802461739202604,69
3240,1,6837,2490,4347,0,0,0,1.0,1,1.0,1,1.0,1,0.15899159394058407,69
3241,3,6840,2493,4347,0,0,0,1.0,1,1.0,1,1.0,1,0.09927450091646388,68
3242,1,6841,2494,4347,0,0,0,1.0,1,1.0,1,1.0,1,0.11620681948127254,67
3243,2,6843,2496,4347,0,0,0,1.0,1,1.0,1,1.0,1,0.11291432617619175,68
3244,0,6843,2496,4347,0,0,0,1.0,1,1.0,1,1.0,1,0.14805492892729316,68
3245,1,6844,2496,4348,0,0,0,1.0,1,1.0,1,1.0,1,0.14571559039372162,69
3246,0,6844,2496,4348,0,0,0,1.0,1,1.0,1,1.0,1,0.13788369584484153,68
3247,0,6844,2496,4348,0,0,0,1.0,1,1.0,1,1.0,1,0.13788369584484153,68
3248,2,6846,2497,4349,0,0,0,1.0,1,1.0,1,1.0,1,0.14779276075685985,68
3249,0,6846,2497,4349,0,0,0,1.0,1,1.0,1,1.0,1,0.1554008559266503,69
3250,1,6847,2497,4350,0,0,0,1.0,1,1.0,1,1.0,1,0.14822625756227473,69
3251,2,6849,2498,4351,0,0,0,1.0,1,1.0,1,1.0,1,0.17306481145648822,68
3252,1,6850,2498,4352,0,0,0,1.0,1,1.0,1,1.0,1,0.16381766791461552,68
3253,2,6852,2498,4354,0,0,0,1.0,1,1.0,1,1.0,1,0.1777240934592838,69
3254,2,6854,2499,4355,0,0,0,1.0,1,1.0,1,1.0,1,0.15983707352987134,69
3255,1,6855,2499,4356,0,0,0,1.0,1,1.0,1,1.0,1,0.16433926868219942,70
3256,1,6856,2499,4357,0,0,0,1.0,1,1.0,1,1.0,1,0.15479388269553435,70
3257,0,6856,2499,4357,0,0,0,1.0,1,1.0,1,1.0,1,0.15809397211789647,71
3258,3,6859,2502,4357,0,0,0,1.0,1,1.0,1,1.0,1,0.16135985958758547,72
3259,2,6861,2503,4358,0,0,0,1.0,1,1.0,1,1.0,1,0.16407333076516525,71
3260,1,6862,2504,4358,0,0,0,1.0,1,1.0,1,1.0,1,0.20057333666757457,72
3261,3,6865,2505,4360,0,0,0,1.0,1,1.0,1,1.0,1,0.20257443928419333,74
3262,3,6868,2507,4361,0,0,0,1.0,1,1.0,1,1.0,1,0.19567383518328402,73
3263,3,6871,2510,4361,0,0,0,1.0,1,1.0,1,1.0,1,0.21689228485551695,73
3264,5,6876,2512,4364,0,0,0,1.0,1,1.0,1,1.0,1,0.22323817871838705,71
3265,1,6877,2513,4364,0,0,0,1.0,1,1.0,1,1.0,1,0.23380363986380212,70
3266,4,6881,2517,4364,0,0,0,1.0,1,1.0,1,1.0,1,0.22866567962106948,69
3267,0,6881,2517,4364,0,0,0,1.0,1,1.0,1,1.0,1,0.2421715373491526,69
3268,3,6884,2520,4364,0,0,0,1.0,1,1.0,1,1.0,1,0.26680917270003673,68
3269,1,6885,2521,4364,0,0,0,1.0,1,1.0,1,1.0,1,0.28991746321797907,68
3270,1,6886,2522,4364,0,0,0,1.0,1,1.0,1,1.0,1,0.28127421331856656,67
3271,1,6887,2523,4364,0,0,0,1.0,1,1.0,1,1.0,1,0.27777424524607147,66
3272,0,6887,2523,4364,0,0,0,1.0,1,1.0,1,1.0,1,0.26567488210473394,67
3273,0,6887,2523,4364,0,0,0,1.0,1,1.0,1,1.0,1,0.2887243703897999,66
3274,2,6889,2523,4366,0,0,0,1.0,1,1.0,1,1.0,1,0.2911614100574746,68
3275,1,6890,2523,4367,0,0,0,1.0,1,1.0,1,1.0,1,0.2841707859127165,68
3276,0,6890,2523,4367,0,0,0,1.0,1,1.0,1,1.0,1,0.2871633458496284,69
3277,1,6891,2524,4367,0,0,0,1.0,1,1.0,1,1.0,1,0.31128296332573896,68
3278,1,6892,2524,4368,0,0,0,1.0,1,1.0,1,1.0,1,0.2872551697952627,69
3279,1,6893,2525,4368,0,0,0,1.0,1,1.0,1,1.0,1,0.2959427056562205,67
3280,1,6894,2526,4368,0,0,0,1.0,1,1.0,1,1.0,1,0.29975796831183266,66
3281,9,6903,2527,4376,0,0,0,1.0,1,1.0,1,1.0,1,0.21863351765654662,67
3282,3,6906,2528,4378,0,0,0,1.0,1,1.0,1,1.0,1,0.19565586710593308,66
3283,3,6909,2530,4379,0,0,0,1.0,1,1.0,1,1.0,1,0.24991247794438542,67
3284,1,6910,2530,4380,0,0,0,1.0,1,1.0,1,1.0,1,0.20479173152589691,66
3285,0,6910,2530,4380,0,0,0,1.0,1,1.0,1,1.0,1,0.20479173152589691,66
3286,0,6910,2530,4380,0,0,0,1.0,1,1.0,1,1.0,1,0.20853113529084805,63
3287,1,6911,2531,4380,0,0,0,1.0,1,1.0,1,1.0,1,0.22458252137556226,61
3288,2,6913,2531,4382,0,0,0,1.0,1,1.0,1,1.0,1,0.2298406961372454,63
3289,3,6916,2532,4384,0,0,0,1.0,1,1.0,1,1.0,1,0.2593040526921115,62
3290,1,6917,2532,4385,0,0,0,1.0,1,1.0,1,1.0,1,0.2645791021657672,63
3291,4,6921,2532,4389,0,0,0,1.0,1,1.0,1,1.0,1,0.27668782471860387,62
3292,2,6923,2532,4391,0,0,0,1.0,1,1.0,1,1.0,1,0.28778532592292644,63
3293,6,6929,2535,4394,0,0,0,1.0,1,1.0,1,1.0,1,0.25533806677132703,65
3294,2,6931,2535,4396,0,0,0,1.0,1,1.0,1,1.0,1,0.25533806677132703,65
3295,2,6933,2537,4396,0,0,0,1.0,1,1.0,1,1.0,1,0.2465904427149243,65
3296,0,6933,2537,4396,0,0,0,1.0,1,1.0,1,1.0,1,0.2465904427149243,65
3297,1,6934,2538,4396,0,0,0,1.0,1,1.0,1,1.0,1,0.24323587228482124,66
3298,1,6935,2539,4396,0,0,0,1.0,1,1.0,1,1.0,1,0.2533305987087748,66
3299,0,6935,2539,4396,0,0,0,1.0,1,1.0,1,1.0,1,0.2610983046100071,67
3300,2,6937,2541,4396,0,0,0,1.0,1,1.0,1,1.0,1,0.27846823735938225,67
3301,7,6944,2541,4403,0,0,0,1.0,1,1.0,1,1.0,1,0.22846148579441589,68
3302,2,6946,2541,4405,0,0,0,1.0,1,1.0,1,1.0,1,0.21652116909410488,67
3303,1,6947,2541,4406,0,0,0,1.0,1,1.0,1,1.0,1,0.21099865627345032,67
3304,3,6950,2542,4408,0,0,0,1.0,1,1.0,1,1.0,1,0.219382681849327,67
3305,3,6953,2542,4411,0,0,0,1.0,1,1.0,1,1.0,1,0.21586813486118703,69
3306,0,6953,2542,4411,0,0,0,1.0,1,1.0,1,1.0,1,0.2038825634893677,70
3307,0,6953,2542,4411,0,0,0,1.0,1,1.0,1,1.0,1,0.2038825634893677,70
3308,0,6953,2542,4411,0,0,0,1.0,1,1.0,1,1.0,1,0.2038825634893677,70
3309,1,6954,2542,4412,0,0,0,1.0,1,1.0,1,1.0,1,0.21607492880790682,72
3310,2,6956,2542,4414,0,0,0,1.0,1,1.0,1,1.0,1,0.2192198107824959,74
3311,2,6958,2542,4416,0,0,0,1.0,1,1.0,1,1.0,1,0.19608188925155323,74
3312,0,6958,2542,4416,0,0,0,1.0,1,1.0,1,1.0,1,0.19608188925155323,74
3313,0,6958,2542,4416,0,0,0,1.0,1,1.0,1,1.0,1,0.205056135904946,75
3314,0,6958,2542,4416,0,0,0,1.0,1,1.0,1,1.0,1,0.2134286151520272,76
3315,2,6960,2543,4417,0,0,0,1.0,1,1.0,1,1.0,1,0.23759684850627716,75
3316,6,6966,2546,4420,0,0,0,1.0,1,1.0,1,1.0,1,0.25998916481202655,76
3317,2,6968,2547,4421,0,0,0,1.0,1,1.0,1,1.0,1,0.26086345288422114,73
3318,3,6971,2550,4421,0,0,0,1.0,1,1.0,1,1.0,1,0.2844861339299693,72
3319,4,6975,2551,4424,0,0,0,1.0,1,1.0,1,1.0,1,0.26605692411408166,71
3320,3,6978,2553,4425,0,0,0,1.0,1,1.0,1,1.0,1,0.2444035922626003,70
3321,3,6981,2555,4426,0,0,0,1.0,1,1.0,1,1.0,1,0.269142727968758,69
3322,2,6983,2557,4426,0,0,0,1.0,1,1.0,1,1.0,1,0.24957055114811086,68
3323,0,6983,2557,4426,0,0,0,1.0,1,1.0,1,1.0,1,0.2545376191055893,69
3324,2,6985,2559,4426,0,0,0,1.0,1,1.0,1,1.0,1,0.2559364379522279,69
3325,1,6986,2559,4427,0,0,0,1.0,1,1.0,1,1.0,1,0.2555974067476744,70
3326,6,6992,2562,4430,0,0,0,1.0,1,1.0,1,1.0,1,0.2627056717293854,69
3327,0,6992,2562,4430,0,0,0,1.0,1,1.0,1,1.0,1,0.25315283658063575,70
3328,3,6995,2562,4433,0,0,0,1.0,1,1.0,1,1.0,1,0.24155581882742821,73
3329,2,6997,2563,4434,0,0,0,1.0,1,1.0,1,1.0,1,0.2713265522468011,72
3330,1,6998,2564,4434,0,0,0,1.0,1,1.0,1,1.0,1,0.2765981726273887,72
3331,3,7001,2566,4435,0,0,0,1.0,1,1.0,1,1.0,1,0.280697020756529,72
3332,1,7002,2566,4436,0,0,0,1.0,1,1.0,1,1.0,1,0.27196376223079377,73
3333,0,7002,2566,4436,0,0,0,1.0,1,1.0,1,1.0,1,0.27582725466948116,72
3334,0,7002,2566,4436,0,0,0,1.0,1,1.0,1,1.0,1,0.2709090248570108,73
3335,0,7002,2566,4436,0,0,0,1.0,1,1.0,1,1.0,1,0.2802140840777426,74
3336,0,7002,2566,4436,0,0,0,1.0,1,1.0,1,1.0,1,0.2802140840777426,74
3337,0,7002,2566,4436,0,0,0,1.0,1,1.0,1,1.0,1,0.2802140840777426,74
3338,1,7003,2567,4436,0,0,0,1.0,1,1.0,1,1.0,1,0.27394665854808975,74
3339,4,7007,2568,4439,0,0,0,1.0,1,1.0,1,1.0,1,0.2641907230958964,75
3340,0,7007,2568,4439,0,0,0,1.0,1,1.0,1,1.0,1,0.2704340148542576,75
3341,2,7009,2568,4441,0,0,0,1.0,1,1.0,1,1.0,1,0.26409038188541606,76
3342,4,7013,2569,4444,0,0,0,1.0,1,1.0,1,1.0,1,0.2505032591415573,76
3343,4,7017,2572,4445,0,0,0,1.0,1,1.0,1,1.0,1,0.22448644084710712,75
3344,5,7022,2575,4447,0,0,0,1.0,1,1.0,1,1.0,1,0.23171808264745086,75
3345,1,7023,2576,4447,0,0,0,1.0,1,1.0,1,1.0,1,0.2480076852521529,72
3346,3,7026,2577,4449,0,0,0,1.0,1,1.0,1,1.0,1,0.25591500656655647,73
3347,1,7027,2578,4449,0,0,0,1.0,1,1.0,1,1.0,1,0.2474579123667689,73
3348,0,7027,2578,4449,0,0,0,1.0,1,1.0,1,1.0,1,0.2533761870019365,73
3349,2,7029,2579,4450,0,0,0,1.0,1,1.0,1,1.0,1,0.260405936254423,74
3350,3,7032,2581,4451,0,0,0,1.0,1,1.0,1,1.0,1,0.27047299271481856,73
3351,1,7033,2582,4451,0,0,0,1.0,1,1.0,1,1.0,1,0.27881184476267007,72
3352,1,7034,2583,4451,0,0,0,1.0,1,1.0,1,1.0,1,0.2933002429293082,72
3353,2,7036,2585,4451,0,0,0,1.0,1,1.0,1,1.0,1,0.32580001162240313,72
3354,1,7037,2586,4451,0,0,0,1.0,1,1.0,1,1.0,1,0.32436087896558746,70
3355,3,7040,2587,4453,0,0,0,1.0,1,1.0,1,1.0,1,0.3271484788434461,69
3356,2,7042,2588,4454,0,0,0,1.0,1,1.0,1,1.0,1,0.3172583011642846,69
3357,3,7045,2589,4456,0,0,0,1.0,1,1.0,1,1.0,1,0.29261910495951204,68
3358,2,7047,2591,4456,0,0,0,1.0,1,1.0,1,1.0,1,0.27435633748815075,68
3359,0,7047,2591,4456,0,0,0,1.0,1,1.0,1,1.0,1,0.27741279387583573,66
3360,2,7049,2593,4456,0,0,0,1.0,1,1.0,1,1.0,1,0.3131761246852447,65
3361,3,7052,2593,4459,0,0,0,1.0,1,1.0,1,1.0,1,0.28011968639732615,64
3362,0,7052,2593,4459,0,0,0,1.0,1,1.0,1,1.0,1,0.28011968639732615,64
3363,0,7052,2593,4459,0,0,0,1.0,1,1.0,1,1.0,1,0.28132474318837997,65
3364,0,7052,2593,4459,0,0,0,1.0,1,1.0,1,1.0,1,0.2767862713856898,66
3365,6,7058,2593,4465,0,0,0,1.0,1,1.0,1,1.0,1,0.24558008542489423,68
3366,1,7059,2594,4465,0,0,0,1.0,1,1.0,1,1.0,1,0.26375448473330587,66
3367,0,7059,2594,4465,0,0,0,1.0,1,1.0,1,1.0,1,0.2796269718076424,68
3368,2,7061,2595,4466,0,0,0,1.0,1,1.0,1,1.0,1,0.27779533133758466,68
3369,0,7061,2595,4466,0,0,0,1.0,1,1.0,1,1.0,1,0.28837236946163697,69
3370,2,7063,2595,4468,0,0,0,1.0,1,1.0,1,1.0,1,0.24807077002519315,71
3371,0,7063,2595,4468,0,0,0,1.0,1,1.0,1,1.0,1,0.24807077002519315,71
3372,3,7066,2597,4469,0,0,0,1.0,1,1.0,1,1.0,1,0.24652125746698877,71
3373,2,7068,2597,4471,0,0,0,1.0,1,1.0,1,1.0,1,0.2255344488258904,72
3374,1,7069,2597,4472,0,0,0,1.0,1,1.0,1,1.0,1,0.21746684069470573,72
3375,1,7070,2598,4472,0,0,0,1.0,1,1.0,1,1.0,1,0.22453482004503278,73
3376,0,7070,2598,4472,0,0,0,1.0,1,1.0,1,1.0,1,0.22469590493816327,75
3377,4,7074,2599,4475,0,0,0,1.0,1,1.0,1,1.0,1,0.21675013437269183,77
3378,0,7074,2599,4475,0,0,0,1.0,1,1.0,1,1.0,1,0.21675013437269183,77
3379,2,7076,2601,4475,0,0,0,1.0,1,1.0,1,1.0,1,0.23047047644707205,77
3380,5,7081,2601,4480,0,0,0,1.0,1,1.0,1,1.0,1,0.22219615086994104,76
3381,3,7084,2602,4482,0,0,0,1.0,1,1.0,1,1.0,1,0.2125533114460903,76
3382,3,7087,2604,4483,0,0,0,1.0,1,1.0,1,1.0,1,0.21857495329892748,78
3383,0,7087,2604,4483,0,0,0,1.0,1,1.0,1,1.0,1,0.21154574859606748,77
3384,4,7091,2608,4483,0,0,0,1.0,1,1.0,1,1.0,1,0.26194100619376665,77
3385,1,7092,2609,4483,0,0,0,1.0,1,1.0,1,1.0,1,0.27263539416439764,75
3386,1,7093,2610,4483,0,0,0,1.0,1,1.0,1,1.0,1,0.2648153585658251,76
3387,1,7094,2610,4484,0,0,0,1.0,1,1.0,1,1.0,1,0.2555637020861322,75
3388,1,7095,2611,4484,0,0,0,1.0,1,1.0,1,1.0,1,0.26224276726431034,76
3389,1,7096,2611,4485,0,0,0,1.0,1,1.0,1,1.0,1,0.26912592312461825,77
3390,0,7096,2611,4485,0,0,0,1.0,1,1.0,1,1.0,1,0.27003980923101467,76
3391,1,7097,2612,4485,0,0,0,1.0,1,1.0,1,1.0,1,0.25817926472268865,77
3392,2,7099,2612,4487,0,0,0,1.0,1,1.0,1,1.0,1,0.25024309712422727,78
3393,1,7100,2612,4488,0,0,0,1.0,1,1.0,1,1.0,1,0.22879005465262908,76
3394,0,7100,2612,4488,0,0,0,1.0,1,1.0,1,1.0,1,0.24937708330159047,75
3395,1,7101,2612,4489,0,0,0,1.0,1,1.0,1,1.0,1,0.24755817009514303,73
3396,1,7102,2612,4490,0,0,0,1.0,1,1.0,1,1.0,1,0.23593759407195108,73
3397,1,7103,2613,4490,0,0,0,1.0,1,1.0,1,1.0,1,0.23989508101347984,74
3398,1,7104,2614,4490,0,0,0,1.0,1,1.0,1,1.0,1,0.24494106518007336,74
3399,3,7107,2616,4491,0,0,0,1.0,1,1.0,1,1.0,1,0.2721369280364785,75
3400,4,7111,2617,4494,0,0,0,1.0,1,1.0,1,1.0,1,0.27184194891567576,75
3401,9,7120,2618,4502,0,0,0,1.0,1,1.0,1,1.0,1,0.19258672522375875,77
3402,2,7122,2619,4503,0,0,0,1.0,1,1.0,1,1.0,1,0.17979709450813233,77
3403,4,7126,2620,4506,0,0,0,1.0,1,1.0,1,1.0,1,0.16411283771625235,78
3404,1,7127,2621,4506,0,0,0,1.0,1,1.0,1,1.0,1,0.18197487497566864,78
3405,0,7127,2621,4506,0,0,0,1.0,1,1.0,1,1.0,1,0.18197487497566864,78
3406,2,7129,2622,4507,0,0,0,1.0,1,1.0,1,1.0,1,0.1827841870709982,78
3407,0,7129,2622,4507,0,0,0,1.0,1,1.0,1,1.0,1,0.19641870690997168,78
3408,2,7131,2622,4509,0,0,0,1.0,1,1.0,1,1.0,1,0.1846601105226281,79
3409,1,7132,2622,4510,0,0,0,1.0,1,1.0,1,1.0,1,0.1768535811141185,81
3410,3,7135,2622,4513,0,0,0,1.0,1,1.0,1,1.0,1,0.15719545588959635,82
3411,2,7137,2622,4515,0,0,0,1.0,1,1.0,1,1.0,1,0.13917693265496014,84
3412,2,7139,2622,4517,0,0,0,1.0,1,1.0,1,1.0,1,0.1338351112414468,84
3413,1,7140,2622,4518,0,0,0,1.0,1,1.0,1,1.0,1,0.13623091343961588,84
3414,1,7141,2622,4519,0,0,0,1.0,1,1.0,1,1.0,1,0.1338351112414468,84
3415,5,7146,2624,4522,0,0,0,1.0,1,1.0,1,1.0,1,0.1586250878721382,85
3416,2,7148,2624,4524,0,0,0,1.0,1,1.0,1,1.0,1,0.1586250878721382,85
3417,3,7151,2624,4527,0,0,0,1.0,1,1.0,1,1.0,1,0.15788275755206382,86
3418,3,7154,2625,4529,0,0,0,1.0,1,1.0,1,1.0,1,0.17904585712386267,86
3419,1,7155,2626,4529,0,0,0,1.0,1,1.0,1,1.0,1,0.20267277493867775,87
3420,2,7157,2626,4531,0,0,0,1.0,1,1.0,1,1.0,1,0.19396488023585925,88
3421,6,7163,2627,4536,0,0,0,1.0,1,1.0,1,1.0,1,0.17094214207858752,89
3422,1,7164,2627,4537,0,0,0,1.0,1,1.0,1,1.0,1,0.17388002163586747,90
3423,1,7165,2627,4538,0,0,0,1.0,1,1.0,1,1.0,1,0.16780928690960464,90
3424,2,7167,2627,4540,0,0,0,1.0,1,1.0,1,1.0,1,0.1576073452033976,91
3425,0,7167,2627,4540,0,0,0,1.0,1,1.0,1,1.0,1,0.15758839733094693,90
3426,2,7169,2629,4540,0,0,0,1.0,1,1.0,1,1.0,1,0.16252989354963043,92
3427,1,7170,2629,4541,0,0,0,1.0,1,1.0,1,1.0,1,0.17073221358248053,92
3428,0,7170,2629,4541,0,0,0,1.0,1,1.0,1,1.0,1,0.17354723720325085,91
3429,0,7170,2629,4541,0,0,0,1.0,1,1.0,1,1.0,1,0.17354723720325085,91
3430,3,7173,2632,4541,0,0,0,1.0,1,1.0,1,1.0,1,0.1988376495078856,91
3431,0,7173,2632,4541,0,0,0,1.0,1,1.0,1,1.0,1,0.1857968786834605,90
3432,0,7173,2632,4541,0,0,0,1.0,1,1.0,1,1.0,1,0.18015906923912825,91
3433,0,7173,2632,4541,0,0,0,1.0,1,1.0,1,1.0,1,0.1899144306802273,90
3434,0,7173,2632,4541,0,0,0,1.0,1,1.0,1,1.0,1,0.18308041344585685,89
3435,1,7174,2633,4541,0,0,0,1.0,1,1.0,1,1.0,1,0.19855580100048772,88
3436,0,7174,2633,4541,0,0,0,1.0,1,1.0,1,1.0,1,0.20270657384995203,86
3437,2,7176,2634,4542,0,0,0,1.0,1,1.0,1,1.0,1,0.21451037181726934,86
3438,3,7179,2635,4544,0,0,0,1.0,1,1.0,1,1.0,1,0.23080159666774924,87
3439,1,7180,2636,4544,0,0,0,1.0,1,1.0,1,1.0,1,0.25159902551935165,86
3440,1,7181,2636,4545,0,0,0,1.0,1,1.0,1,1.0,1,0.24762937981164357,86
3441,8,7189,2638,4551,0,0,0,1.0,1,1.0,1,1.0,1,0.1667964321903993,85
3442,2,7191,2639,4552,0,0,0,1.0,1,1.0,1,1.0,1,0.16982453982198123,85
3443,1,7192,2639,4553,0,0,0,1.0,1,1.0,1,1.0,1,0.17111370732889736,85
3444,2,7194,2640,4554,0,0,0,1.0,1,1.0,1,1.0,1,0.17994917641985242,85
3445,1,7195,2641,4554,0,0,0,1.0,1,1.0,1,1.0,1,0.19095823361128603,84
3446,3,7198,2643,4555,0,0,0,1.0,1,1.0,1,1.0,1,0.2097659935527045,85
3447,1,7199,2644,4555,0,0,0,1.0,1,1.0,1,1.0,1,0.22566011635086244,85
3448,3,7202,2645,4557,0,0,0,1.0,1,1.0,1,1.0,1,0.2192616145603733,85
3449,0,7202,2645,4557,0,0,0,1.0,1,1.0,1,1.0,1,0.2308504416150177,84
3450,3,7205,2647,4558,0,0,0,1.0,1,1.0,1,1.0,1,0.21531830703579105,84
3451,1,7206,2648,4558,0,0,0,1.0,1,1.0,1,1.0,1,0.21334590030844672,85
3452,3,7209,2651,4558,0,0,0,1.0,1,1.0,1,1.0,1,0.22816713748023926,86
3453,1,7210,2651,4559,0,0,0,1.0,1,1.0,1,1.0,1,0.21786881750481688,85
3454,1,7211,2651,4560,0,0,0,1.0,1,1.0,1,1.0,1,0.21988124073831206,88
3455,6,7217,2652,4565,0,0,0,1.0,1,1.0,1,1.0,1,0.22372113380578612,88
3456,2,7219,2653,4566,0,0,0,1.0,1,1.0,1,1.0,1,0.2341940713909892,88
3457,0,7219,2653,4566,0,0,0,1.0,1,1.0,1,1.0,1,0.23896520748988023,89
3458,0,7219,2653,4566,0,0,0,1.0,1,1.0,1,1.0,1,0.24652394218375268,88
3459,0,7219,2653,4566,0,0,0,1.0,1,1.0,1,1.0,1,0.24652394218375268,88
3460,0,7219,2653,4566,0,0,0,1.0,1,1.0,1,1.0,1,0.2384215823613864,89
3461,4,7223,2653,4570,0,0,0,1.0,1,1.0,1,1.0,1,0.19927265540506517,89
3462,0,7223,2653,4570,0,0,0,1.0,1,1.0,1,1.0,1,0.2054418925612072,90
3463,2,7225,2653,4572,0,0,0,1.0,1,1.0,1,1.0,1,0.1951764575193982,89
3464,1,7226,2654,4572,0,0,0,1.0,1,1.0,1,1.0,1,0.1964715705708856,88
3465,0,7226,2654,4572,0,0,0,1.0,1,1.0,1,1.0,1,0.22396745743948607,87
3466,0,7226,2654,4572,0,0,0,1.0,1,1.0,1,1.0,1,0.22396745743948607,87
3467,0,7226,2654,4572,0,0,0,1.0,1,1.0,1,1.0,1,0.22200583498380588,87
3468,7,7233,2656,4577,0,0,0,1.0,1,1.0,1,1.0,1,0.18985380782670547,88
3469,3,7236,2657,4579,0,0,0,1.0,1,1.0,1,1.0,1,0.197568083873087,85
3470,1,7237,2658,4579,0,0,0,1.0,1,1.0,1,1.0,1,0.210148226773157,86
3471,2,7239,2660,4579,0,0,0,1.0,1,1.0,1,1.0,1,0.23816418919361543,84
3472,1,7240,2661,4579,0,0,0,1.0,1,1.0,1,1.0,1,0.25421511338849384,83
3473,0,7240,2661,4579,0,0,0,1.0,1,1.0,1,1.0,1,0.2577074853681309,81
3474,2,7242,2662,4580,0,0,0,1.0,1,1.0,1,1.0,1,0.21462411393537525,80
3475,4,7246,2663,4583,0,0,0,1.0,1,1.0,1,1.0,1,0.23150906430025625,82
3476,1,7247,2663,4584,0,0,0,1.0,1,1.0,1,1.0,1,0.19863682553586545,81
3477,2,7249,2665,4584,0,0,0,1.0,1,1.0,1,1.0,1,0.19263834812397546,83
3478,2,7251,2667,4584,0,0,0,1.0,1,1.0,1,1.0,1,0.2190971772421394,83
3479,3,7254,2669,4585,0,0,0,1.0,1,1.0,1,1.0,1,0.23655130842461278,83
3480,1,7255,2669,4586,0,0,0,1.0,1,1.0,1,1.0,1,0.22933167319014552,83
3481,10,7265,2671,4594,0,0,0,1.0,1,1.0,1,1.0,1,0.20434211274093786,83
3482,4,7269,2672,4597,0,0,0,1.0,1,1.0,1,1.0,1,0.19670537785702347,83
3483,6,7275,2673,4602,0,0,0,1.0,1,1.0,1,1.0,1,0.15174679666237742,82
3484,2,7277,2674,4603,0,0,0,1.0,1,1.0,1,1.0,1,0.17761976945288233,82
3485,4,7281,2676,4605,0,0,0,1.0,1,1.0,1,1.0,1,0.19090302455864758,83
3486,3,7284,2676,4608,0,0,0,1.0,1,1.0,1,1.0,1,0.1797804790172035,83
3487,1,7285,2676,4609,0,0,0,1.0,1,1.0,1,1.0,1,0.19304756968809253,84
3488,3,7288,2676,4612,0,0,0,1.0,1,1.0,1,1.0,1,0.18475998848640385,84
3489,3,7291,2676,4615,0,0,0,1.0,1,1.0,1,1.0,1,0.1873862235916806,84
3490,4,7295,2676,4619,0,0,0,1.0,1,1.0,1,1.0,1,0.1873862235916806,84
3491,4,7299,2676,4623,0,0,0,1.0,1,1.0,1,1.0,1,0.17724565092124256,86
3492,4,7303,2677,4626,0,0,0,1.0,1,1.0,1,1.0,1,0.18550035376250362,86
3493,5,7308,2677,4631,0,0,0,1.0,1,1.0,1,1.0,1,0.17788839527695102,86
3494,2,7310,2677,4633,0,0,0,1.0,1,1.0,1,1.0,1,0.16942469185362324,86
3495,4,7314,2677,4637,0,0,0,1.0,1,1.0,1,1.0,1,0.18098232004872555,87
3496,6,7320,2678,4642,0,0,0,1.0,1,1.0,1,1.0,1,0.17537777971907767,88
3497,7,7327,2679,4648,0,0,0,1.0,1,1.0,1,1.0,1,0.15535824841841345,89
3498,3,7330,2679,4651,0,0,0,1.0,1,1.0,1,1.0,1,0.16275749533768583,89
3499,8,7338,2680,4658,0,0,0,1.0,1,1.0,1,1.0,1,0.15473349023676136,91
3500,4,7342,2681,4661,0,0,0,1.0,1,1.0,1,1.0,1,0.17140935613619487,90
3501,6,7348,2681,4667,0,0,0,1.0,1,1.0,1,1.0,1,0.12603844392487848,90
3502,0,7348,2681,4667,0,0,0,1.0,1,1.0,1,1.0,1,0.1269364811546377,91
3503,2,7350,2682,4668,0,0,0,1.0,1,1.0,1,1.0,1,0.13223272577356837,91
3504,3,7353,2685,4668,0,0,0,1.0,1,1.0,1,1.0,1,0.17918476722500817,89
3505,0,7353,2685,4668,0,0,0,1.0,1,1.0,1,1.0,1,0.1949890410203971,87
3506,4,7357,2689,4668,0,0,0,1.0,1,1.0,1,1.0,1,0.1990697951765252,87
3507,1,7358,2690,4668,0,0,0,1.0,1,1.0,1,1.0,1,0.19803247823995188,84
3508,3,7361,2693,4668,0,0,0,1.0,1,1.0,1,1.0,1,0.2444562927899014,83
3509,2,7363,2695,4668,0,0,0,1.0,1,1.0,1,1.0,1,0.2536063671952975,80
3510,1,7364,2696,4668,0,0,0,1.0,1,1.0,1,1.0,1,0.266676110088416,78
3511,1,7365,2697,4668,0,0,0,1.0,1,1.0,1,1.0,1,0.27371156275026304,77
3512,1,7366,2698,4668,0,0,0,1.0,1,1.0,1,1.0,1,0.2878353898783711,74
3513,4,7370,2700,4670,0,0,0,1.0,1,1.0,1,1.0,1,0.3135167819522259,76
3514,0,7370,2700,4670,0,0,0,1.0,1,1.0,1,1.0,1,0.31315926945938194,76
3515,2,7372,2701,4671,0,0,0,1.0,1,1.0,1,1.0,1,0.3024682672744214,75
3516,3,7375,2702,4673,0,0,0,1.0,1,1.0,1,1.0,1,0.301950660230327,73
3517,4,7379,2704,4675,0,0,0,1.0,1,1.0,1,1.0,1,0.3173302401811617,74
3518,0,7379,2704,4675,0,0,0,1.0,1,1.0,1,1.0,1,0.3316941605407235,74
3519,0,7379,2704,4675,0,0,0,1.0,1,1.0,1,1.0,1,0.34333180253405204,73
3520,1,7380,2704,4676,0,0,0,1.0,1,1.0,1,1.0,1,0.3227660653077475,74
3521,13,7393,2704,4689,0,0,0,1.0,1,1.0,1,1.0,1,0.17792975823716645,75
3522,1,7394,2704,4690,0,0,0,1.0,1,1.0,1,1.0,1,0.18082889033313349,75
3523,0,7394,2704,4690,0,0,0,1.0,1,1.0,1,1.0,1,0.18082889033313349,75
3524,3,7397,2705,4692,0,0,0,1.0,1,1.0,1,1.0,1,0.1816634982371792,75
3525,0,7397,2705,4692,0,0,0,1.0,1,1.0,1,1.0,1,0.19036174783179882,75
3526,2,7399,2705,4694,0,0,0,1.0,1,1.0,1,1.0,1,0.19923863728330204,76
3527,3,7402,2707,4695,0,0,0,1.0,1,1.0,1,1.0,1,0.24062046477580823,77
3528,2,7404,2707,4697,0,0,0,1.0,1,1.0,1,1.0,1,0.24657935995233757,77
3529,0,7404,2707,4697,0,0,0,1.0,1,1.0,1,1.0,1,0.25530981967287386,78
3530,3,7407,2707,4700,0,0,0,1.0,1,1.0,1,1.0,1,0.24877361649017316,78
3531,3,7410,2708,4702,0,0,0,1.0,1,1.0,1,1.0,1,0.26291664126220604,79
3532,3,7413,2709,4704,0,0,0,1.0,1,1.0,1,1.0,1,0.29107910854079794,79
3533,7,7420,2710,4710,0,0,0,1.0,1,1.0,1,1.0,1,0.28230161563003786,79
3534,11,7431,2712,4719,0,0,0,1.0,1,1.0,1,1.0,1,0.29103527026660114,80
3535,4,7435,2712,4723,0,0,0,1.0,1,1.0,1,1.0,1,0.30890991739996226,81
3536,7,7442,2712,4730,0,0,0,1.0,1,1.0,1,1.0,1,0.3122488808944037,82
3537,5,7447,2712,4735,0,0,0,1.0,1,1.0,1,1.0,1,0.2989214623546019,82
3538,9,7456,2712,4744,0,0,0,1.0,1,1.0,1,1.0,1,0.32058040367837093,83
3539,5,7461,2712,4749,0,0,0,1.0,1,1.0,1,1.0,1,0.30315076389607265,83
3540,8,7469,2713,4756,0,0,0,1.0,1,1.0,1,1.0,1,0.3111175245554893,85
3541,9,7478,2713,4765,0,0,0,1.0,1,1.0,1,1.0,1,0.242139017791089,85
3542,3,7481,2714,4767,0,0,0,1.0,1,1.0,1,1.0,1,0.20145016706880053,88
3543,1,7482,2715,4767,0,0,0,1.0,1,1.0,1,1.0,1,0.19674511108261353,87
3544,1,7483,2716,4767,0,0,0,1.0,1,1.0,1,1.0,1,0.19683640528159652,87
3545,1,7484,2717,4767,0,0,0,1.0,1,1.0,1,1.0,1,0.19567647748191264,85
3546,1,7485,2718,4767,0,0,0,1.0,1,1.0,1,1.0,1,0.19478559117582495,83
3547,1,7486,2718,4768,0,0,0,1.0,1,1.0,1,1.0,1,0.18407399302146635,82
3548,2,7488,2720,4768,0,0,0,1.0,1,1.0,1,1.0,1,0.1964165114337655,82
3549,1,7489,2720,4769,0,0,0,1.0,1,1.0,1,1.0,1,0.18071939947891125,81
3550,2,7491,2721,4770,0,0,0,1.0,1,1.0,1,1.0,1,0.1962903327829517,79
3551,1,7492,2722,4770,0,0,0,1.0,1,1.0,1,1.0,1,0.19591135069667728,80
3552,3,7495,2723,4772,0,0,0,1.0,1,1.0,1,1.0,1,0.19630380299951963,78
3553,0,7495,2723,4772,0,0,0,1.0,1,1.0,1,1.0,1,0.20215137150475257,79
3554,0,7495,2723,4772,0,0,0,1.0,1,1.0,1,1.0,1,0.21278249051951326,77
3555,1,7496,2724,4772,0,0,0,1.0,1,1.0,1,1.0,1,0.21981367362645918,77
3556,0,7496,2724,4772,0,0,0,1.0,1,1.0,1,1.0,1,0.22935316045559265,76
3557,0,7496,2724,4772,0,0,0,1.0,1,1.0,1,1.0,1,0.22955969571515872,76
3558,2,7498,2725,4773,0,0,0,1.0,1,1.0,1,1.0,1,0.2421291948201198,76
3559,2,7500,2725,4775,0,0,0,1.0,1,1.0,1,1.0,1,0.2197555483785443,76
3560,5,7505,2726,4779,0,0,0,1.0,1,1.0,1,1.0,1,0.20281821590377838,78
3561,6,7511,2727,4784,0,0,0,1.0,1,1.0,1,1.0,1,0.1767321111632694,79
3562,6,7517,2728,4789,0,0,0,1.0,1,1.0,1,1.0,1,0.14993835474811423,79
3563,3,7520,2729,4791,0,0,0,1.0,1,1.0,1,1.0,1,0.15311597346168213,79
3564,5,7525,2732,4793,0,0,0,1.0,1,1.0,1,1.0,1,0.17722577551847435,80
3565,2,7527,2733,4794,0,0,0,1.0,1,1.0,1,1.0,1,0.18219038190606013,83
3566,7,7534,2735,4799,0,0,0,1.0,1,1.0,1,1.0,1,0.2094419456078131,84
3567,4,7538,2735,4803,0,0,0,1.0,1,1.0,1,1.0,1,0.19602413033918953,84
3568,7,7545,2736,4809,0,0,0,1.0,1,1.0,1,1.0,1,0.21322087246779595,84
3569,5,7550,2736,4814,0,0,0,1.0,1,1.0,1,1.0,1,0.20622946809024612,84
3570,14,7564,2739,4825,0,0,0,1.0,1,1.0,1,1.0,1,0.20011553269285817,87
3571,5,7569,2739,4830,0,0,0,1.0,1,1.0,1,1.0,1,0.18238998634442577,86
3572,5,7574,2740,4834,0,0,0,1.0,1,1.0,1,1.0,1,0.1968870524602435,87
3573,6,7580,2741,4839,0,0,0,1.0,1,1.0,1,1.0,1,0.17728075853773517,87
3574,5,7585,2742,4843,0,0,0,1.0,1,1.0,1,1.0,1,0.18112415945475638,88
3575,5,7590,2742,4848,0,0,0,1.0,1,1.0,1,1.0,1,0.1613364063001208,88
3576,5,7595,2743,4852,0,0,0,1.0,1,1.0,1,1.0,1,0.1417712312133807,90
3577,3,7598,2743,4855,0,0,0,1.0,1,1.0,1,1.0,1,0.1287490731192127,90
3578,2,7600,2743,4857,0,0,0,1.0,1,1.0,1,1.0,1,0.13011287748690367,91
3579,1,7601,2744,4857,0,0,0,1.0,1,1.0,1,1.0,1,0.13268441240902742,91
3580,5,7606,2744,4862,0,0,0,1.0,1,1.0,1,1.0,1,0.1577965839962046,91
3581,3,7609,2745,4864,0,0,0,1.0,1,1.0,1,1.0,1,0.13531292550097065,91
3582,5,7614,2748,4866,0,0,0,1.0,1,1.0,1,1.0,1,0.1418587864232433,92
3583,1,7615,2748,4867,0,0,0,1.0,1,1.0,1,1.0,1,0.14020211951833544,88
3584,5,7620,2751,4869,0,0,0,1.0,1,1.0,1,1.0,1,0.1520969911532119,87
3585,7,7627,2754,4873,0,0,0,1.0,1,1.0,1,1.0,1,0.12364977962275839,84
3586,2,7629,2756,4873,0,0,0,1.0,1,1.0,1,1.0,1,0.15310289959162465,83
3587,1,7630,2757,4873,0,0,0,1.0,1,1.0,1,1.0,1,0.17097335465983157,82
3588,3,7633,2760,4873,0,0,0,1.0,1,1.0,1,1.0,1,0.17084974609571785,81
3589,2,7635,2762,4873,0,0,0,1.0,1,1.0,1,1.0,1,0.17705368469512117,80
3590,3,7638,2764,4874,0,0,0,1.0,1,1.0,1,1.0,1,0.18602034295173053,78
3591,3,7641,2767,4874,0,0,0,1.0,1,1.0,1,1.0,1,0.1751477308123197,77
3592,1,7642,2768,4874,0,0,0,1.0,1,1.0,1,1.0,1,0.18330748201828215,75
3593,0,7642,2768,4874,0,0,0,1.0,1,1.0,1,1.0,1,0.19840238816679026,76
3594,1,7643,2769,4874,0,0,0,1.0,1,1.0,1,1.0,1,0.2094538317154628,74
3595,2,7645,2771,4874,0,0,0,1.0,1,1.0,1,1.0,1,0.22318551424859354,74
3596,2,7647,2772,4875,0,0,0,1.0,1,1.0,1,1.0,1,0.21504219348304104,73
3597,2,7649,2774,4875,0,0,0,1.0,1,1.0,1,1.0,1,0.22073163026409795,73
3598,2,7651,2776,4875,0,0,0,1.0,1,1.0,1,1.0,1,0.23763081814580855,73
3599,1,7652,2777,4875,0,0,0,1.0,1,1.0,1,1.0,1,0.23850859297208163,73
3600,0,7652,2777,4875,0,0,0,1.0,1,1.0,1,1.0,1,0.23321759719968188,74
3601,8,7660,2779,4881,0,0,0,1.0,1,1.0,1,1.0,1,0.20453997496860574,75
3602,2,7662,2779,4883,0,0,0,1.0,1,1.0,1,1.0,1,0.15559096621877197,76
3603,1,7663,2779,4884,0,0,0,1.0,1,1.0,1,1.0,1,0.14465410608432341,77
3604,2,7665,2780,4885,0,0,0,1.0,1,1.0,1,1.0,1,0.15984196819708926,78
3605,1,7666,2781,4885,0,0,0,1.0,1,1.0,1,1.0,1,0.1633944059746308,77
3606,2,7668,2781,4887,0,0,0,1.0,1,1.0,1,1.0,1,0.16161117933062258,79
3607,6,7674,2782,4892,0,0,0,1.0,1,1.0,1,1.0,1,0.12013698603244148,79
3608,1,7675,2782,4893,0,0,0,1.0,1,1.0,1,1.0,1,0.10785961943084285,79
3609,0,7675,2782,4893,0,0,0,1.0,1,1.0,1,1.0,1,0.10785961943084285,79
3610,3,7678,2784,4894,0,0,0,1.0,1,1.0,1,1.0,1,0.11301412449328888,80
3611,1,7679,2785,4894,0,0,0,1.0,1,1.0,1,1.0,1,0.11139266216145138,80
3612,2,7681,2787,4894,0,0,0,1.0,1,1.0,1,1.0,1,0.14840766885601925,79
3613,3,7684,2789,4895,0,0,0,1.0,1,1.0,1,1.0,1,0.15121481703860726,79
3614,3,7687,2792,4895,0,0,0,1.0,1,1.0,1,1.0,1,0.15752771442210237,78
3615,0,7687,2792,4895,0,0,0,1.0,1,1.0,1,1.0,1,0.1468189750537474,79
3616,1,7688,2793,4895,0,0,0,1.0,1,1.0,1,1.0,1,0.16511291384651525,79
3617,3,7691,2795,4896,0,0,0,1.0,1,1.0,1,1.0,1,0.18267116231458033,80
3618,2,7693,2796,4897,0,0,0,1.0,1,1.0,1,1.0,1,0.2016833195677547,82
3619,5,7698,2797,4901,0,0,0,1.0,1,1.0,1,1.0,1,0.18252319620093593,82
3620,2,7700,2798,4902,0,0,0,1.0,1,1.0,1,1.0,1,0.19128763212219593,81
3621,6,7706,2799,4907,0,0,0,1.0,1,1.0,1,1.0,1,0.1784128157743673,83
3622,1,7707,2800,4907,0,0,0,1.0,1,1.0,1,1.0,1,0.18760407010942023,81
3623,2,7709,2802,4907,0,0,0,1.0,1,1.0,1,1.0,1,0.21175781522243325,81
3624,1,7710,2803,4907,0,0,0,1.0,1,1.0,1,1.0,1,0.2103126786810435,79
3625,5,7715,2806,4909,0,0,0,1.0,1,1.0,1,1.0,1,0.22645366870664962,80
3626,1,7716,2806,4910,0,0,0,1.0,1,1.0,1,1.0,1,0.1981900020158191,78
3627,2,7718,2806,4912,0,0,0,1.0,1,1.0,1,1.0,1,0.20327682882918685,78
3628,0,7718,2806,4912,0,0,0,1.0,1,1.0,1,1.0,1,0.18783809354108086,77
3629,1,7719,2806,4913,0,0,0,1.0,1,1.0,1,1.0,1,0.1748640522763599,76
3630,0,7719,2806,4913,0,0,0,1.0,1,1.0,1,1.0,1,0.17438192679542078,77
3631,1,7720,2807,4913,0,0,0,1.0,1,1.0,1,1.0,1,0.1819906428788134,75
3632,2,7722,2809,4913,0,0,0,1.0,1,1.0,1,1.0,1,0.18702275595176532,74
3633,3,7725,2811,4914,0,0,0,1.0,1,1.0,1,1.0,1,0.19257944027527663,75
3634,0,7725,2811,4914,0,0,0,1.0,1,1.0,1,1.0,1,0.19462836374482695,74
3635,2,7727,2812,4915,0,0,0,1.0,1,1.0,1,1.0,1,0.18659881325171804,74
3636,0,7727,2812,4915,0,0,0,1.0,1,1.0,1,1.0,1,0.19411243767269598,74
3637,1,7728,2812,4916,0,0,0,1.0,1,1.0,1,1.0,1,0.19440524982687182,74
3638,1,7729,2812,4917,0,0,0,1.0,1,1.0,1,1.0,1,0.19043832044720124,75
3639,4,7733,2816,4917,0,0,0,1.0,1,1.0,1,1.0,1,0.20145510393396193,76
3640,0,7733,2816,4917,0,0,0,1.0,1,1.0,1,1.0,1,0.20145510393396193,76
3641,10,7743,2818,4925,0,0,0,1.0,1,1.0,1,1.0,1,0.19434018612811496,75
3642,8,7751,2820,4931,0,0,0,1.0,1,1.0,1,1.0,1,0.1849442782180961,75
3643,2,7753,2820,4933,0,0,0,1.0,1,1.0,1,1.0,1,0.16724928908479275,74
3644,0,7753,2820,4933,0,0,0,1.0,1,1.0,1,1.0,1,0.16724928908479275,74
3645,0,7753,2820,4933,0,0,0,1.0,1,1.0,1,1.0,1,0.16724928908479275,74
3646,0,7753,2820,4933,0,0,0,1.0,1,1.0,1,1.0,1,0.15845286985615153,75
3647,2,7755,2820,4935,0,0,0,1.0,1,1.0,1,1.0,1,0.13139289743079513,77
3648,0,7755,2820,4935,0,0,0,1.0,1,1.0,1,1.0,1,0.13300414457986476,78
3649,0,7755,2820,4935,0,0,0,1.0,1,1.0,1,1.0,1,0.14785854944003748,80
3650,1,7756,2821,4935,0,0,0,1.0,1,1.0,1,1.0,1,0.16189644850544388,81
3651,1,7757,2821,4936,0,0,0,1.0,1,1.0,1,1.0,1,0.15701759363020631,81
3652,1,7758,2822,4936,0,0,0,1.0,1,1.0,1,1.0,1,0.17364008827419913,83
3653,1,7759,2822,4937,0,0,0,1.0,1,1.0,1,1.0,1,0.17050425293834662,83
3654,0,7759,2822,4937,0,0,0,1.0,1,1.0,1,1.0,1,0.17050425293834662,83
3655,1,7760,2822,4938,0,0,0,1.0,1,1.0,1,1.0,1,0.17223355648976316,84
3656,6,7766,2822,4944,0,0,0,1.0,1,1.0,1,1.0,1,0.13425185373540746,85
3657,3,7769,2823,4946,0,0,0,1.0,1,1.0,1,1.0,1,0.16486694375394417,86
3658,7,7776,2825,4951,0,0,0,1.0,1,1.0,1,1.0,1,0.17670285444923262,87
3659,5,7781,2825,4956,0,0,0,1.0,1,1.0,1,1.0,1,0.17353235821313134,87
3660,3,7784,2825,4959,0,0,0,1.0,1,1.0,1,1.0,1,0.17391595627192485,86
3661,4,7788,2826,4962,0,0,0,1.0,1,1.0,1,1.0,1,0.18276683092670964,86
3662,0,7788,2826,4962,0,0,0,1.0,1,1.0,1,1.0,1,0.17903812211854242,83
3663,3,7791,2829,4962,0,0,0,1.0,1,1.0,1,1.0,1,0.228337201965089,85
3664,2,7793,2830,4963,0,0,0,1.0,1,1.0,1,1.0,1,0.22258653394233638,82
3665,2,7795,2831,4964,0,0,0,1.0,1,1.0,1,1.0,1,0.21557223777252865,81
3666,4,7799,2834,4965,0,0,0,1.0,1,1.0,1,1.0,1,0.22891414237311067,79
3667,2,7801,2835,4966,0,0,0,1.0,1,1.0,1,1.0,1,0.23035691947809,79
3668,3,7804,2837,4967,0,0,0,1.0,1,1.0,1,1.0,1,0.20984333722018655,77
3669,1,7805,2838,4967,0,0,0,1.0,1,1.0,1,1.0,1,0.2185476782576616,75
3670,3,7808,2841,4967,0,0,0,1.0,1,1.0,1,1.0,1,0.24343955557089542,76
3671,1,7809,2842,4967,0,0,0,1.0,1,1.0,1,1.0,1,0.22042523959767021,74
3672,1,7810,2843,4967,0,0,0,1.0,1,1.0,1,1.0,1,0.21826137806517001,75
3673,0,7810,2843,4967,0,0,0,1.0,1,1.0,1,1.0,1,0.21826137806517001,75
3674,2,7812,2845,4967,0,0,0,1.0,1,1.0,1,1.0,1,0.23550604580758855,75
3675,0,7812,2845,4967,0,0,0,1.0,1,1.0,1,1.0,1,0.2366484790185581,75
3676,1,7813,2846,4967,0,0,0,1.0,1,1.0,1,1.0,1,0.2270646497954338,75
3677,0,7813,2846,4967,0,0,0,1.0,1,1.0,1,1.0,1,0.2334109109930388,75
3678,3,7816,2847,4969,0,0,0,1.0,1,1.0,1,1.0,1,0.2383168505020838,77
3679,0,7816,2847,4969,0,0,0,1.0,1,1.0,1,1.0,1,0.24107008599839608,78
3680,1,7817,2847,4970,0,0,0,1.0,1,1.0,1,1.0,1,0.2419586502521254,80
3681,12,7829,2847,4982,0,0,0,1.0,1,1.0,1,1.0,1,0.17185174773514358,81
3682,1,7830,2847,4983,0,0,0,1.0,1,1.0,1,1.0,1,0.159718837822772,81
3683,1,7831,2848,4983,0,0,0,1.0,1,1.0,1,1.0,1,0.1710887944598941,81
3684,0,7831,2848,4983,0,0,0,1.0,1,1.0,1,1.0,1,0.1710887944598941,81
3685,0,7831,2848,4983,0,0,0,1.0,1,1.0,1,1.0,1,0.1710887944598941,81
3686,0,7831,2848,4983,0,0,0,1.0,1,1.0,1,1.0,1,0.1710887944598941,81
3687,0,7831,2848,4983,0,0,0,1.0,1,1.0,1,1.0,1,0.16271729174169627,82
3688,2,7833,2848,4985,0,0,0,1.0,1,1.0,1,1.0,1,0.17204315724567426,84
3689,0,7833,2848,4985,0,0,0,1.0,1,1.0,1,1.0,1,0.17204315724567426,84
3690,1,7834,2849,4985,0,0,0,1.0,1,1.0,1,1.0,1,0.18012517863940428,85
3691,1,7835,2849,4986,0,0,0,1.0,1,1.0,1,1.0,1,0.1709391330882254,86
3692,2,7837,2849,4988,0,0,0,1.0,1,1.0,1,1.0,1,0.16684971372277274,86
3693,0,7837,2849,4988,0,0,0,1.0,1,1.0,1,1.0,1,0.16684971372277274,86
3694,0,7837,2849,4988,0,0,0,1.0,1,1.0,1,1.0,1,0.16684971372277274,86
3695,3,7840,2852,4988,0,0,0,1.0,1,1.0,1,1.0,1,0.20183060947430584,86
3696,2,7842,2852,4990,0,0,0,1.0,1,1.0,1,1.0,1,0.17407438881188741,87
3697,1,7843,2853,4990,0,0,0,1.0,1,1.0,1,1.0,1,0.1798315256189085,85
3698,1,7844,2854,4990,0,0,0,1.0,1,1.0,1,1.0,1,0.18629891621476327,85
3699,1,7845,2855,4990,0,0,0,1.0,1,1.0,1,1.0,1,0.17751702253502297,85
3700,4,7849,2858,4991,0,0,0,1.0,1,1.0,1,1.0,1,0.1858045845946891,84
3701,2,7851,2858,4993,0,0,0,1.0,1,1.0,1,1.0,1,0.179483518335696,85
3702,3,7854,2860,4994,0,0,0,1.0,1,1.0,1,1.0,1,0.1848900436296347,85
3703,0,7854,2860,4994,0,0,0,1.0,1,1.0,1,1.0,1,0.1848900436296347,85
3704,1,7855,2860,4995,0,0,0,1.0,1,1.0,1,1.0,1,0.17248786664989268,85
3705,0,7855,2860,4995,0,0,0,1.0,1,1.0,1,1.0,1,0.163288152332351,86
3706,1,7856,2861,4995,0,0,0,1.0,1,1.0,1,1.0,1,0.17154155635061485,86
3707,1,7857,2862,4995,0,0,0,1.0,1,1.0,1,1.0,1,0.1802615711327647,85
3708,2,7859,2862,4997,0,0,0,1.0,1,1.0,1,1.0,1,0.17466282624978768,84
3709,0,7859,2862,4997,0,0,0,1.0,1,1.0,1,1.0,1,0.1808858199101517,85
3710,0,7859,2862,4997,0,0,0,1.0,1,1.0,1,1.0,1,0.16984153382912573,84
3711,1,7860,2862,4998,0,0,0,1.0,1,1.0,1,1.0,1,0.17605618034715553,85
3712,2,7862,2863,4999,0,0,0,1.0,1,1.0,1,1.0,1,0.17077055589847062,85
3713,0,7862,2863,4999,0,0,0,1.0,1,1.0,1,1.0,1,0.17077055589847062,85
3714,3,7865,2864,5001,0,0,0,1.0,1,1.0,1,1.0,1,0.1899893305174595,85
3715,2,7867,2865,5002,0,0,0,1.0,1,1.0,1,1.0,1,0.18955127366041175,85
3716,3,7870,2865,5005,0,0,0,1.0,1,1.0,1,1.0,1,0.2080508358787044,84
3717,2,7872,2865,5007,0,0,0,1.0,1,1.0,1,1.0,1,0.2083149697785208,86
3718,0,7872,2865,5007,0,0,0,1.0,1,1.0,1,1.0,1,0.22009565549830912,85
3719,1,7873,2866,5007,0,0,0,1.0,1,1.0,1,1.0,1,0.2167560432535735,84
3720,0,7873,2866,5007,0,0,0,1.0,1,1.0,1,1.0,1,0.2376923927122554,84
3721,7,7880,2869,5011,0,0,0,1.0,1,1.0,1,1.0,1,0.19424175750540798,85
3722,1,7881,2869,5012,0,0,0,1.0,1,1.0,1,1.0,1,0.18934943902105794,85
3723,4,7885,2869,5016,0,0,0,1.0,1,1.0,1,1.0,1,0.17835092572785843,85
3724,2,7887,2869,5018,0,0,0,1.0,1,1.0,1,1.0,1,0.1672173237549413,86
3725,1,7888,2869,5019,0,0,0,1.0,1,1.0,1,1.0,1,0.16188661763493997,86
3726,0,7888,2869,5019,0,0,0,1.0,1,1.0,1,1.0,1,0.16188661763493997,86
3727,0,7888,2869,5019,0,0,0,1.0,1,1.0,1,1.0,1,0.16188661763493997,86
3728,0,7888,2869,5019,0,0,0,1.0,1,1.0,1,1.0,1,0.16188661763493997,86
3729,1,7889,2869,5020,0,0,0,1.0,1,1.0,1,1.0,1,0.15840211256052847,86
3730,0,7889,2869,5020,0,0,0,1.0,1,1.0,1,1.0,1,0.16545228537587425,85
3731,2,7891,2869,5022,0,0,0,1.0,1,1.0,1,1.0,1,0.15439938981085471,86
3732,1,7892,2870,5022,0,0,0,1.0,1,1.0,1,1.0,1,0.1638364192283141,87
3733,1,7893,2871,5022,0,0,0,1.0,1,1.0,1,1.0,1,0.1794276104259648,87
3734,0,7893,2871,5022,0,0,0,1.0,1,1.0,1,1.0,1,0.1794276104259648,87
3735,3,7896,2873,5023,0,0,0,1.0,1,1.0,1,1.0,1,0.19827741760991888,86
3736,2,7898,2873,5025,0,0,0,1.0,1,1.0,1,1.0,1,0.18450460184372425,87
3737,2,7900,2874,5026,0,0,0,1.0,1,1.0,1,1.0,1,0.19026839889665523,87
3738,0,7900,2874,5026,0,0,0,1.0,1,1.0,1,1.0,1,0.19608538919552826,87
3739,2,7902,2875,5027,0,0,0,1.0,1,1.0,1,1.0,1,0.17529598766773705,88
3740,3,7905,2877,5028,0,0,0,1.0,1,1.0,1,1.0,1,0.173023858814902,87
3741,1,7906,2877,5029,0,0,0,1.0,1,1.0,1,1.0,1,0.1653343354423251,87
3742,2,7908,2878,5030,0,0,0,1.0,1,1.0,1,1.0,1,0.15151975834683004,86
3743,0,7908,2878,5030,0,0,0,1.0,1,1.0,1,1.0,1,0.16873676988517494,84
3744,1,7909,2879,5030,0,0,0,1.0,1,1.0,1,1.0,1,0.20219541993415896,83
3745,1,7910,2880,5030,0,0,0,1.0,1,1.0,1,1.0,1,0.1918080075439906,83
3746,3,7913,2881,5032,0,0,0,1.0,1,1.0,1,1.0,1,0.20313763173491328,83
3747,1,7914,2882,5032,0,0,0,1.0,1,1.0,1,1.0,1,0.19687150933836964,81
3748,4,7918,2884,5034,0,0,0,1.0,1,1.0,1,1.0,1,0.1728299113872404,81
3749,1,7919,2884,5035,0,0,0,1.0,1,1.0,1,1.0,1,0.16733894702584795,80
3750,1,7920,2885,5035,0,0,0,1.0,1,1.0,1,1.0,1,0.1667136506042226,79
3751,4,7924,2889,5035,0,0,0,1.0,1,1.0,1,1.0,1,0.17790997666618194,80
3752,3,7927,2891,5036,0,0,0,1.0,1,1.0,1,1.0,1,0.2014362433305838,80
3753,5,7932,2895,5037,0,0,0,1.0,1,1.0,1,1.0,1,0.2255543925401871,81
3754,2,7934,2895,5039,0,0,0,1.0,1,1.0,1,1.0,1,0.24274941643141992,81
3755,2,7936,2896,5040,0,0,0,1.0,1,1.0,1,1.0,1,0.23354117887784578,80
3756,1,7937,2897,5040,0,0,0,1.0,1,1.0,1,1.0,1,0.24879347498477705,79
3757,2,7939,2898,5041,0,0,0,1.0,1,1.0,1,1.0,1,0.24433491397010149,80
3758,1,7940,2899,5041,0,0,0,1.0,1,1.0,1,1.0,1,0.2631262092630393,79
3759,1,7941,2900,5041,0,0,0,1.0,1,1.0,1,1.0,1,0.27802362925029717,79
3760,2,7943,2900,5043,0,0,0,1.0,1,1.0,1,1.0,1,0.2587879344272275,79
3761,5,7948,2900,5048,0,0,0,1.0,1,1.0,1,1.0,1,0.23259267714241433,78
3762,0,7948,2900,5048,0,0,0,1.0,1,1.0,1,1.0,1,0.22952205199695394,80
3763,2,7950,2900,5050,0,0,0,1.0,1,1.0,1,1.0,1,0.2190067815392883,80
3764,2,7952,2902,5050,0,0,0,1.0,1,1.0,1,1.0,1,0.2457063975518337,80
3765,3,7955,2902,5053,0,0,0,1.0,1,1.0,1,1.0,1,0.23279294654361096,81
3766,5,7960,2903,5057,0,0,0,1.0,1,1.0,1,1.0,1,0.2137046022002603,83
3767,1,7961,2903,5058,0,0,0,1.0,1,1.0,1,1.0,1,0.21252582102790496,83
3768,4,7965,2904,5061,0,0,0,1.0,1,1.0,1,1.0,1,0.20910639136966758,84
3769,7,7972,2904,5068,0,0,0,1.0,1,1.0,1,1.0,1,0.17083679810810304,86
3770,2,7974,2904,5070,0,0,0,1.0,1,1.0,1,1.0,1,0.18022393195349654,87
3771,5,7979,2905,5074,0,0,0,1.0,1,1.0,1,1.0,1,0.17979842907597426,87
3772,2,7981,2905,5076,0,0,0,1.0,1,1.0,1,1.0,1,0.1944904276827544,88
3773,2,7983,2905,5078,0,0,0,1.0,1,1.0,1,1.0,1,0.21248154262607616,85
3774,4,7987,2905,5082,0,0,0,1.0,1,1.0,1,1.0,1,0.2122119196726882,85
3775,7,7994,2906,5088,0,0,0,1.0,1,1.0,1,1.0,1,0.2247098000139122,83
3776,8,8002,2907,5095,0,0,0,1.0,1,1.0,1,1.0,1,0.22523124626720664,82
3777,6,8008,2907,5101,0,0,0,1.0,1,1.0,1,1.0,1,0.2023059481404879,81
3778,6,8014,2907,5107,0,0,0,1.0,1,1.0,1,1.0,1,0.19795641852907722,81
3779,7,8021,2909,5112,0,0,0,1.0,1,1.0,1,1.0,1,0.2183107265430515,80
3780,4,8025,2909,5116,0,0,0,1.0,1,1.0,1,1.0,1,0.21737290960867844,80
3781,3,8028,2909,5119,0,0,0,1.0,1,1.0,1,1.0,1,0.1904709547740163,80
3782,2,8030,2910,5120,0,0,0,1.0,1,1.0,1,1.0,1,0.19862567604736,80
3783,1,8031,2911,5120,0,0,0,1.0,1,1.0,1,1.0,1,0.20692799736223563,80
3784,0,8031,2911,5120,0,0,0,1.0,1,1.0,1,1.0,1,0.21459069776263748,79
3785,0,8031,2911,5120,0,0,0,1.0,1,1.0,1,1.0,1,0.23414840177734333,77
3786,2,8033,2913,5120,0,0,0,1.0,1,1.0,1,1.0,1,0.21055166298937866,78
3787,1,8034,2914,5120,0,0,0,1.0,1,1.0,1,1.0,1,0.20903663821464608,77
3788,3,8037,2916,5121,0,0,0,1.0,1,1.0,1,1.0,1,0.21456919383085118,78
3789,2,8039,2917,5122,0,0,0,1.0,1,1.0,1,1.0,1,0.20871758016464972,77
3790,3,8042,2918,5124,0,0,0,1.0,1,1.0,1,1.0,1,0.20680322975516896,77
3791,2,8044,2920,5124,0,0,0,1.0,1,1.0,1,1.0,1,0.2323923946317664,77
3792,0,8044,2920,5124,0,0,0,1.0,1,1.0,1,1.0,1,0.22000073827701558,78
3793,3,8047,2922,5125,0,0,0,1.0,1,1.0,1,1.0,1,0.20718258338533305,80
3794,2,8049,2923,5126,0,0,0,1.0,1,1.0,1,1.0,1,0.1926389014539078,82
3795,2,8051,2923,5128,0,0,0,1.0,1,1.0,1,1.0,1,0.18926050282774426,83
3796,0,8051,2923,5128,0,0,0,1.0,1,1.0,1,1.0,1,0.18926050282774426,83
3797,0,8051,2923,5128,0,0,0,1.0,1,1.0,1,1.0,1,0.19838257104061982,82
3798,1,8052,2924,5128,0,0,0,1.0,1,1.0,1,1.0,1,0.20675292149711955,82
3799,3,8055,2924,5131,0,0,0,1.0,1,1.0,1,1.0,1,0.18920891303549897,83
3800,1,8056,2925,5131,0,0,0,1.0,1,1.0,1,1.0,1,0.21680277376965448,83
3801,7,8063,2926,5137,0,0,0,1.0,1,1.0,1,1.0,1,0.17487960316546902,83
3802,0,8063,2926,5137,0,0,0,1.0,1,1.0,1,1.0,1,0.1913220699862904,82
3803,1,8064,2926,5138,0,0,0,1.0,1,1.0,1,1.0,1,0.1847533415229173,84
3804,0,8064,2926,5138,0,0,0,1.0,1,1.0,1,1.0,1,0.1847533415229173,84
3805,4,8068,2927,5141,0,0,0,1.0,1,1.0,1,1.0,1,0.19770495402416685,86
3806,2,8070,2928,5142,0,0,0,1.0,1,1.0,1,1.0,1,0.18372985996380367,86
3807,1,8071,2929,5142,0,0,0,1.0,1,1.0,1,1.0,1,0.19695619294422595,86
3808,1,8072,2930,5142,0,0,0,1.0,1,1.0,1,1.0,1,0.19224007599465295,85
3809,1,8073,2931,5142,0,0,0,1.0,1,1.0,1,1.0,1,0.20254200445316398,85
3810,0,8073,2931,5142,0,0,0,1.0,1,1.0,1,1.0,1,0.20254200445316398,85
3811,2,8075,2933,5142,0,0,0,1.0,1,1.0,1,1.0,1,0.20645608569172239,84
3812,0,8075,2933,5142,0,0,0,1.0,1,1.0,1,1.0,1,0.20466911834629334,83
3813,0,8075,2933,5142,0,0,0,1.0,1,1.0,1,1.0,1,0.1958188690021307,82
3814,1,8076,2934,5142,0,0,0,1.0,1,1.0,1,1.0,1,0.20506623591177975,81
3815,1,8077,2934,5143,0,0,0,1.0,1,1.0,1,1.0,1,0.1767905971958443,82
3816,3,8080,2935,5145,0,0,0,1.0,1,1.0,1,1.0,1,0.14990148868725042,81
3817,2,8082,2936,5146,0,0,0,1.0,1,1.0,1,1.0,1,0.16285670871910216,81
3818,2,8084,2938,5146,0,0,0,1.0,1,1.0,1,1.0,1,0.19698625585249566,81
3819,2,8086,2939,5147,0,0,0,1.0,1,1.0,1,1.0,1,0.21915112556838964,82
3820,4,8090,2939,5151,0,0,0,1.0,1,1.0,1,1.0,1,0.2040737843041933,84
3821,6,8096,2940,5156,0,0,0,1.0,1,1.0,1,1.0,1,0.20323811021806892,84
3822,1,8097,2940,5157,0,0,0,1.0,1,1.0,1,1.0,1,0.17588408423830898,82
3823,3,8100,2943,5157,0,0,0,1.0,1,1.0,1,1.0,1,0.17229792795405371,81
3824,0,8100,2943,5157,0,0,0,1.0,1,1.0,1,1.0,1,0.1806542712493568,78
3825,0,8100,2943,5157,0,0,0,1.0,1,1.0,1,1.0,1,0.1932579820849601,76
3826,1,8101,2944,5157,0,0,0,1.0,1,1.0,1,1.0,1,0.2158837761183985,76
3827,1,8102,2945,5157,0,0,0,1.0,1,1.0,1,1.0,1,0.2123384273752916,75
3828,1,8103,2946,5157,0,0,0,1.0,1,1.0,1,1.0,1,0.24029498194665264,74
3829,2,8105,2946,5159,0,0,0,1.0,1,1.0,1,1.0,1,0.2391228998361062,74
3830,0,8105,2946,5159,0,0,0,1.0,1,1.0,1,1.0,1,0.2391228998361062,74
3831,4,8109,2948,5161,0,0,0,1.0,1,1.0,1,1.0,1,0.25337033235599365,74
3832,0,8109,2948,5161,0,0,0,1.0,1,1.0,1,1.0,1,0.25728178579820515,73
3833,4,8113,2951,5162,0,0,0,1.0,1,1.0,1,1.0,1,0.24340229730374904,73
3834,0,8113,2951,5162,0,0,0,1.0,1,1.0,1,1.0,1,0.24058159264108145,74
3835,2,8115,2953,5162,0,0,0,1.0,1,1.0,1,1.0,1,0.26195715352449733,75
3836,3,8118,2953,5165,0,0,0,1.0,1,1.0,1,1.0,1,0.2508348149298519,75
3837,2,8120,2954,5166,0,0,0,1.0,1,1.0,1,1.0,1,0.2839225902994005,78
3838,3,8123,2956,5167,0,0,0,1.0,1,1.0,1,1.0,1,0.2648335030505841,78
3839,0,8123,2956,5167,0,0,0,1.0,1,1.0,1,1.0,1,0.27037408061884766,79
3840,3,8126,2957,5169,0,0,0,1.0,1,1.0,1,1.0,1,0.2782062886197961,82
3841,8,8134,2957,5177,0,0,0,1.0,1,1.0,1,1.0,1,0.19913731826278575,82
3842,0,8134,2957,5177,0,0,0,1.0,1,1.0,1,1.0,1,0.19704993635178028,82
3843,1,8135,2957,5178,0,0,0,1.0,1,1.0,1,1.0,1,0.1816475646168408,82
3844,0,8135,2957,5178,0,0,0,1.0,1,1.0,1,1.0,1,0.1777076771035322,83
3845,0,8135,2957,5178,0,0,0,1.0,1,1.0,1,1.0,1,0.17846271287561002,84
3846,3,8138,2958,5180,0,0,0,1.0,1,1.0,1,1.0,1,0.1643317298772017,85
3847,0,8138,2958,5180,0,0,0,1.0,1,1.0,1,1.0,1,0.17611408431863912,84
3848,2,8140,2960,5180,0,0,0,1.0,1,1.0,1,1.0,1,0.19514104719022368,84
3849,1,8141,2960,5181,0,0,0,1.0,1,1.0,1,1.0,1,0.17844472534216987,83
3850,0,8141,2960,5181,0,0,0,1.0,1,1.0,1,1.0,1,0.19946635573672064,80
3851,1,8142,2960,5182,0,0,0,1.0,1,1.0,1,1.0,1,0.19473661960911223,80
3852,0,8142,2960,5182,0,0,0,1.0,1,1.0,1,1.0,1,0.20649823136033998,79
3853,1,8143,2961,5182,0,0,0,1.0,1,1.0,1,1.0,1,0.21166971353890823,79
3854,2,8145,2963,5182,0,0,0,1.0,1,1.0,1,1.0,1,0.2400242086124157,78
3855,1,8146,2964,5182,0,0,0,1.0,1,1.0,1,1.0,1,0.2610285251070019,78
3856,1,8147,2965,5182,0,0,0,1.0,1,1.0,1,1.0,1,0.2817896638927488,80
3857,3,8150,2966,5184,0,0,0,1.0,1,1.0,1,1.0,1,0.2630428532950492,81
3858,1,8151,2967,5184,0,0,0,1.0,1,1.0,1,1.0,1,0.2707365946282667,81
3859,0,8151,2967,5184,0,0,0,1.0,1,1.0,1,1.0,1,0.2800782464737305,83
3860,2,8153,2969,5184,0,0,0,1.0,1,1.0,1,1.0,1,0.31175300659011856,82
3861,12,8165,2970,5195,0,0,0,1.0,1,1.0,1,1.0,1,0.26736005365643056,84
3862,5,8170,2971,5199,0,0,0,1.0,1,1.0,1,1.0,1,0.25583510117281005,85
3863,2,8172,2971,5201,0,0,0,1.0,1,1.0,1,1.0,1,0.2524837017191671,84
3864,1,8173,2972,5201,0,0,0,1.0,1,1.0,1,1.0,1,0.24884373341907887,83
3865,1,8174,2973,5201,0,0,0,1.0,1,1.0,1,1.0,1,0.24464333748459494,82
3866,0,8174,2973,5201,0,0,0,1.0,1,1.0,1,1.0,1,0.24487002103173153,81
3867,4,8178,2977,5201,0,0,0,1.0,1,1.0,1,1.0,1,0.2387434250240605,81
3868,1,8179,2978,5201,0,0,0,1.0,1,1.0,1,1.0,1,0.25102673824417815,81
3869,6,8185,2982,5203,0,0,0,1.0,1,1.0,1,1.0,1,0.23864332707268565,81
3870,0,8185,2982,5203,0,0,0,1.0,1,1.0,1,1.0,1,0.22950393727557983,80
3871,2,8187,2984,5203,0,0,0,1.0,1,1.0,1,1.0,1,0.23192254418712777,82
3872,2,8189,2985,5204,0,0,0,1.0,1,1.0,1,1.0,1,0.23784075247265063,81
3873,4,8193,2987,5206,0,0,0,1.0,1,1.0,1,1.0,1,0.23455340170127503,81
3874,3,8196,2989,5207,0,0,0,1.0,1,1.0,1,1.0,1,0.2373222232503295,78
3875,0,8196,2989,5207,0,0,0,1.0,1,1.0,1,1.0,1,0.23620915385178246,77
3876,9,8205,2992,5213,0,0,0,1.0,1,1.0,1,1.0,1,0.19292567556372925,78
3877,1,8206,2992,5214,0,0,0,1.0,1,1.0,1,1.0,1,0.1854330739489877,75
3878,3,8209,2994,5215,0,0,0,1.0,1,1.0,1,1.0,1,0.18186057991996754,75
3879,0,8209,2994,5215,0,0,0,1.0,1,1.0,1,1.0,1,0.19540898194463258,73
3880,0,8209,2994,5215,0,0,0,1.0,1,1.0,1,1.0,1,0.19950202504366443,74
3881,3,8212,2995,5217,0,0,0,1.0,1,1.0,1,1.0,1,0.20382629828198032,75
3882,4,8216,2995,5221,0,0,0,1.0,1,1.0,1,1.0,1,0.18032835556372054,76
3883,2,8218,2995,5223,0,0,0,1.0,1,1.0,1,1.0,1,0.1652049055290009,77
3884,2,8220,2996,5224,0,0,0,1.0,1,1.0,1,1.0,1,0.16950092130832084,78
3885,2,8222,2996,5226,0,0,0,1.0,1,1.0,1,1.0,1,0.14582403798616217,78
3886,1,8223,2997,5226,0,0,0,1.0,1,1.0,1,1.0,1,0.16420387055889082,79
3887,1,8224,2997,5227,0,0,0,1.0,1,1.0,1,1.0,1,0.14477022190130326,78
3888,6,8230,2998,5232,0,0,0,1.0,1,1.0,1,1.0,1,0.1773421560652208,80
3889,3,8233,2998,5235,0,0,0,1.0,1,1.0,1,1.0,1,0.1799720791847906,82
3890,9,8242,3001,5241,0,0,0,1.0,1,1.0,1,1.0,1,0.1958499409146833,82
3891,7,8249,3004,5245,0,0,0,1.0,1,1.0,1,1.0,1,0.1944162558498303,85
3892,3,8252,3005,5247,0,0,0,1.0,1,1.0,1,1.0,1,0.2154563060429141,87
3893,5,8257,3005,5252,0,0,0,1.0,1,1.0,1,1.0,1,0.18721950455478517,86
3894,2,8259,3005,5254,0,0,0,1.0,1,1.0,1,1.0,1,0.1830316990293225,87
3895,2,8261,3006,5255,0,0,0,1.0,1,1.0,1,1.0,1,0.18555052154405266,87
3896,3,8264,3007,5257,0,0,0,1.0,1,1.0,1,1.0,1,0.17707354816048884,85
3897,2,8266,3009,5257,0,0,0,1.0,1,1.0,1,1.0,1,0.17499825140229325,85
3898,2,8268,3009,5259,0,0,0,1.0,1,1.0,1,1.0,1,0.18166050087138466,86
3899,3,8271,3009,5262,0,0,0,1.0,1,1.0,1,1.0,1,0.1834719011819508,86
3900,2,8273,3009,5264,0,0,0,1.0,1,1.0,1,1.0,1,0.18556611706228662,86
3901,3,8276,3010,5266,0,0,0,1.0,1,1.0,1,1.0,1,0.17982790895010103,86
3902,1,8277,3011,5266,0,0,0,1.0,1,1.0,1,1.0,1,0.17145376579021213,87
3903,2,8279,3012,5267,0,0,0,1.0,1,1.0,1,1.0,1,0.16861982784107646,87
3904,1,8280,3013,5267,0,0,0,1.0,1,1.0,1,1.0,1,0.17916794452583462,85
3905,0,8280,3013,5267,0,0,0,1.0,1,1.0,1,1.0,1,0.1738441112877772,84
3906,3,8283,3014,5269,0,0,0,1.0,1,1.0,1,1.0,1,0.17040593989098318,86
3907,2,8285,3016,5269,0,0,0,1.0,1,1.0,1,1.0,1,0.1746456460823721,84
3908,1,8286,3017,5269,0,0,0,1.0,1,1.0,1,1.0,1,0.17835495053090666,83
3909,0,8286,3017,5269,0,0,0,1.0,1,1.0,1,1.0,1,0.1834577683354375,81
3910,8,8294,3021,5273,0,0,0,1.0,1,1.0,1,1.0,1,0.17808570327460999,82
3911,3,8297,3022,5275,0,0,0,1.0,1,1.0,1,1.0,1,0.16110361933329187,81
3912,1,8298,3022,5276,0,0,0,1.0,1,1.0,1,1.0,1,0.1540268849091822,80
3913,3,8301,3025,5276,0,0,0,1.0,1,1.0,1,1.0,1,0.18141529141910967,80
3914,2,8303,3026,5277,0,0,0,1.0,1,1.0,1,1.0,1,0.1911833207841214,81
3915,2,8305,3028,5277,0,0,0,1.0,1,1.0,1,1.0,1,0.20724039943862219,81
3916,4,8309,3029,5280,0,0,0,1.0,1,1.0,1,1.0,1,0.23759089867205285,81
3917,3,8312,3031,5281,0,0,0,1.0,1,1.0,1,1.0,1,0.24461881671998997,82
3918,12,8324,3033,5291,0,0,0,1.0,1,1.0,1,1.0,1,0.2643006018886131,85
3919,5,8329,3035,5294,0,0,0,1.0,1,1.0,1,1.0,1,0.27683085987728145,85
3920,3,8332,3036,5296,0,0,0,1.0,1,1.0,1,1.0,1,0.2651841334809588,85
3921,9,8341,3036,5305,0,0,0,1.0,1,1.0,1,1.0,1,0.1929480894417084,88
3922,2,8343,3036,5307,0,0,0,1.0,1,1.0,1,1.0,1,0.18168800484319791,88
3923,1,8344,3036,5308,0,0,0,1.0,1,1.0,1,1.0,1,0.16983908051303143,89
3924,0,8344,3036,5308,0,0,0,1.0,1,1.0,1,1.0,1,0.17340434035821561,90
3925,1,8345,3037,5308,0,0,0,1.0,1,1.0,1,1.0,1,0.17061888137329598,88
3926,2,8347,3037,5310,0,0,0,1.0,1,1.0,1,1.0,1,0.1431181983988579,89
3927,2,8349,3037,5312,0,0,0,1.0,1,1.0,1,1.0,1,0.15275175153619078,89
3928,3,8352,3037,5315,0,0,0,1.0,1,1.0,1,1.0,1,0.1386425823650619,88
3929,2,8354,3037,5317,0,0,0,1.0,1,1.0,1,1.0,1,0.14921611361524265,88
3930,1,8355,3037,5318,0,0,0,1.0,1,1.0,1,1.0,1,0.135459563734462,87
3931,3,8358,3038,5320,0,0,0,1.0,1,1.0,1,1.0,1,0.14220539837777035,86
3932,3,8361,3039,5322,0,0,0,1.0,1,1.0,1,1.0,1,0.16104142639096497,85
3933,3,8364,3039,5325,0,0,0,1.0,1,1.0,1,1.0,1,0.18212007536728536,84
3934,6,8370,3040,5330,0,0,0,1.0,1,1.0,1,1.0,1,0.21002044926259325,85
3935,6,8376,3041,5335,0,0,0,1.0,1,1.0,1,1.0,1,0.20641350645953965,84
3936,4,8380,3041,5339,0,0,0,1.0,1,1.0,1,1.0,1,0.20378822218688789,84
3937,4,8384,3041,5343,0,0,0,1.0,1,1.0,1,1.0,1,0.1928409119655774,82
3938,2,8386,3041,5345,0,0,0,1.0,1,1.0,1,1.0,1,0.19451328367254944,82
3939,6,8392,3041,5351,0,0,0,1.0,1,1.0,1,1.0,1,0.1826526643563265,84
3940,2,8394,3041,5353,0,0,0,1.0,1,1.0,1,1.0,1,0.19013378464303893,84
3941,6,8400,3042,5358,0,0,0,1.0,1,1.0,1,1.0,1,0.1424009881029813,85
3942,2,8402,3043,5359,0,0,0,1.0,1,1.0,1,1.0,1,0.13884053446633654,85
3943,1,8403,3044,5359,0,0,0,1.0,1,1.0,1,1.0,1,0.13883842290287823,84
3944,4,8407,3046,5361,0,0,0,1.0,1,1.0,1,1.0,1,0.17050712520484856,83
3945,1,8408,3047,5361,0,0,0,1.0,1,1.0,1,1.0,1,0.17947596630657714,83
3946,2,8410,3049,5361,0,0,0,1.0,1,1.0,1,1.0,1,0.21448539919293713,83
3947,1,8411,3050,5361,0,0,0,1.0,1,1.0,1,1.0,1,0.19929920057074557,83
3948,4,8415,3053,5362,0,0,0,1.0,1,1.0,1,1.0,1,0.21893489856746975,84
3949,5,8420,3054,5366,0,0,0,1.0,1,1.0,1,1.0,1,0.20316013869427874,84
3950,3,8423,3055,5368,0,0,0,1.0,1,1.0,1,1.0,1,0.1889945914982116,86
3951,2,8425,3055,5370,0,0,0,1.0,1,1.0,1,1.0,1,0.17389432838876753,87
3952,0,8425,3055,5370,0,0,0,1.0,1,1.0,1,1.0,1,0.17974579407302377,86
3953,1,8426,3056,5370,0,0,0,1.0,1,1.0,1,1.0,1,0.1934890994600117,86
3954,2,8428,3057,5371,0,0,0,1.0,1,1.0,1,1.0,1,0.1814622391198559,85
3955,4,8432,3058,5374,0,0,0,1.0,1,1.0,1,1.0,1,0.17178432604238206,85
3956,0,8432,3058,5374,0,0,0,1.0,1,1.0,1,1.0,1,0.1813866794918336,84
3957,2,8434,3059,5375,0,0,0,1.0,1,1.0,1,1.0,1,0.17957870774338755,85
3958,1,8435,3060,5375,0,0,0,1.0,1,1.0,1,1.0,1,0.18384911206522836,84
3959,0,8435,3060,5375,0,0,0,1.0,1,1.0,1,1.0,1,0.1959972908430263,83
3960,1,8436,3061,5375,0,0,0,1.0,1,1.0,1,1.0,1,0.19752831287140957,84
3961,5,8441,3061,5380,0,0,0,1.0,1,1.0,1,1.0,1,0.16144592039589015,83
3962,0,8441,3061,5380,0,0,0,1.0,1,1.0,1,1.0,1,0.14633490121481527,84
3963,1,8442,3062,5380,0,0,0,1.0,1,1.0,1,1.0,1,0.169864965042029,81
3964,2,8444,3063,5381,0,0,0,1.0,1,1.0,1,1.0,1,0.15491851254358138,81
3965,3,8447,3063,5384,0,0,0,1.0,1,1.0,1,1.0,1,0.12709302279501034,81
3966,1,8448,3064,5384,0,0,0,1.0,1,1.0,1,1.0,1,0.13761882605747752,79
3967,3,8451,3065,5386,0,0,0,1.0,1,1.0,1,1.0,1,0.14268746410181507,81
3968,2,8453,3067,5386,0,0,0,1.0,1,1.0,1,1.0,1,0.14042859133145344,79
3969,4,8457,3070,5387,0,0,0,1.0,1,1.0,1,1.0,1,0.19181001534281367,79
3970,3,8460,3072,5388,0,0,0,1.0,1,1.0,1,1.0,1,0.20709528627098278,78
3971,0,8460,3072,5388,0,0,0,1.0,1,1.0,1,1.0,1,0.22477986358267346,77
3972,1,8461,3073,5388,0,0,0,1.0,1,1.0,1,1.0,1,0.22267898384779863,78
3973,0,8461,3073,5388,0,0,0,1.0,1,1.0,1,1.0,1,0.2206998478066376,77
3974,1,8462,3074,5388,0,0,0,1.0,1,1.0,1,1.0,1,0.21653428699781313,77
3975,2,8464,3076,5388,0,0,0,1.0,1,1.0,1,1.0,1,0.250460299380007,76
3976,0,8464,3076,5388,0,0,0,1.0,1,1.0,1,1.0,1,0.2608571375210825,77
3977,0,8464,3076,5388,0,0,0,1.0,1,1.0,1,1.0,1,0.26512896660613855,78
3978,2,8466,3077,5389,0,0,0,1.0,1,1.0,1,1.0,1,0.2833753518373839,79
3979,2,8468,3078,5390,0,0,0,1.0,1,1.0,1,1.0,1,0.2924266082524052,79
3980,2,8470,3078,5392,0,0,0,1.0,1,1.0,1,1.0,1,0.2924266082524052,79
3981,15,8485,3080,5405,0,0,0,1.0,1,1.0,1,1.0,1,0.23736958126283775,83
3982,8,8493,3082,5411,0,0,0,1.0,1,1.0,1,1.0,1,0.19934978875256942,83
3983,1,8494,3083,5411,0,0,0,1.0,1,1.0,1,1.0,1,0.19411891379671228,82
3984,2,8496,3083,5413,0,0,0,1.0,1,1.0,1,1.0,1,0.19374007951471742,83
3985,2,8498,3084,5414,0,0,0,1.0,1,1.0,1,1.0,1,0.2045313714096079,84
3986,5,8503,3086,5417,0,0,0,1.0,1,1.0,1,1.0,1,0.22138471698757506,83
3987,4,8507,3087,5420,0,0,0,1.0,1,1.0,1,1.0,1,0.22334367671315966,82
3988,4,8511,3088,5423,0,0,0,1.0,1,1.0,1,1.0,1,0.22639465754341803,83
3989,2,8513,3088,5425,0,0,0,1.0,1,1.0,1,1.0,1,0.2394069492362696,81
3990,3,8516,3089,5427,0,0,0,1.0,1,1.0,1,1.0,1,0.22957078702555742,81
3991,4,8520,3090,5430,0,0,0,1.0,1,1.0,1,1.0,1,0.2358260781996254,79
3992,4,8524,3090,5434,0,0,0,1.0,1,1.0,1,1.0,1,0.2096846959729457,81
3993,0,8524,3090,5434,0,0,0,1.0,1,1.0,1,1.0,1,0.22119792665615795,80
3994,3,8527,3091,5436,0,0,0,1.0,1,1.0,1,1.0,1,0.22930893529253982,80
3995,7,8534,3094,5440,0,0,0,1.0,1,1.0,1,1.0,1,0.2340850388412846,81
3996,5,8539,3094,5445,0,0,0,1.0,1,1.0,1,1.0,1,0.2702133197112813,80
3997,9,8548,3095,5453,0,0,0,1.0,1,1.0,1,1.0,1,0.2742165185989408,81
3998,5,8553,3096,5457,0,0,0,1.0,1,1.0,1,1.0,1,0.2686979559860926,82
3999,3,8556,3096,5460,0,0,0,1.0,1,1.0,1,1.0,1,0.24015512051370416,82
4000,5,8561,3098,5463,0,0,0,1.0,1,1.0,1,1.0,1,0.2762024302242558,82
4001,11,8572,3099,5473,0,0,0,1.0,1,1.0,1,1.0,1,0.16659506478963435,81
4002,3,8575,3101,5474,0,0,0,1.0,1,1.0,1,1.0,1,0.1648475021207075,81
4003,0,8575,3101,5474,0,0,0,1.0,1,1.0,1,1.0,1,0.16579171706047818,81
4004,2,8577,3102,5475,0,0,0,1.0,1,1.0,1,1.0,1,0.16470746744602485,80
4005,4,8581,3104,5477,0,0,0,1.0,1,1.0,1,1.0,1,0.19007835187489258,78
4006,6,8587,3105,5482,0,0,0,1.0,1,1.0,1,1.0,1,0.17932353230488463,76
4007,6,8593,3106,5487,0,0,0,1.0,1,1.0,1,1.0,1,0.17838024439299457,75
4008,4,8597,3107,5490,0,0,0,1.0,1,1.0,1,1.0,1,0.2032524894568442,74
4009,4,8601,3108,5493,0,0,0,1.0,1,1.0,1,1.0,1,0.22818253476658784,75
4010,2,8603,3108,5495,0,0,0,1.0,1,1.0,1,1.0,1,0.2230263751155744,75
4011,3,8606,3109,5497,0,0,0,1.0,1,1.0,1,1.0,1,0.2393743442294331,74
4012,5,8611,3110,5501,0,0,0,1.0,1,1.0,1,1.0,1,0.23378132403489157,74
4013,7,8618,3111,5507,0,0,0,1.0,1,1.0,1,1.0,1,0.2614081959186073,74
4014,7,8625,3112,5513,0,0,0,1.0,1,1.0,1,1.0,1,0.28538317179485045,73
4015,6,8631,3112,5519,0,0,0,1.0,1,1.0,1,1.0,1,0.2929220377161204,74
4016,10,8641,3113,5528,0,0,0,1.0,1,1.0,1,1.0,1,0.28708832183121435,74
4017,15,8656,3114,5542,0,0,0,1.0,1,1.0,1,1.0,1,0.2828969454610152,78
4018,11,8667,3114,5553,0,0,0,1.0,1,1.0,1,1.0,1,0.2939224968329674,78
4019,11,8678,3114,5564,0,0,0,1.0,1,1.0,1,1.0,1,0.30138906881308963,78
4020,5,8683,3114,5569,0,0,0,1.0,1,1.0,1,1.0,1,0.28433196545846706,78
4021,5,8688,3114,5574,0,0,0,1.0,1,1.0,1,1.0,1,0.22854455640586502,78
4022,3,8691,3116,5575,0,0,0,1.0,1,1.0,1,1.0,1,0.24687598395330113,79
4023,0,8691,3116,5575,0,0,0,1.0,1,1.0,1,1.0,1,0.2504923880762761,78
4024,1,8692,3117,5575,0,0,0,1.0,1,1.0,1,1.0,1,0.28183806364974445,77
4025,1,8693,3118,5575,0,0,0,1.0,1,1.0,1,1.0,1,0.3024927476285621,76
4026,2,8695,3120,5575,0,0,0,1.0,1,1.0,1,1.0,1,0.29691971496422426,76
4027,3,8698,3122,5576,0,0,0,1.0,1,1.0,1,1.0,1,0.2914686998678155,75
4028,4,8702,3124,5578,0,0,0,1.0,1,1.0,1,1.0,1,0.2704823791114513,76
4029,3,8705,3126,5579,0,0,0,1.0,1,1.0,1,1.0,1,0.2823852652007542,75
4030,1,8706,3127,5579,0,0,0,1.0,1,1.0,1,1.0,1,0.2946985221167706,74
4031,2,8708,3129,5579,0,0,0,1.0,1,1.0,1,1.0,1,0.3071554689567221,73
4032,0,8708,3129,5579,0,0,0,1.0,1,1.0,1,1.0,1,0.30967130690682915,71
4033,3,8711,3129,5582,0,0,0,1.0,1,1.0,1,1.0,1,0.27052236657162004,73
4034,3,8714,3132,5582,0,0,0,1.0,1,1.0,1,1.0,1,0.26917887002635094,72
4035,1,8715,3133,5582,0,0,0,1.0,1,1.0,1,1.0,1,0.27302814121337016,71
4036,4,8719,3135,5584,0,0,0,1.0,1,1.0,1,1.0,1,0.2593815526518226,71
4037,1,8720,3136,5584,0,0,0,1.0,1,1.0,1,1.0,1,0.24488825144870766,70
4038,0,8720,3136,5584,0,0,0,1.0,1,1.0,1,1.0,1,0.26458901456129147,69
4039,2,8722,3136,5586,0,0,0,1.0,1,1.0,1,1.0,1,0.2567107165128559,68
4040,2,8724,3138,5586,0,0,0,1.0,1,1.0,1,1.0,1,0.2783407533719315,69
4041,12,8736,3139,5597,0,0,0,1.0,1,1.0,1,1.0,1,0.25943743002297454,67
4042,5,8741,3139,5602,0,0,0,1.0,1,1.0,1,1.0,1,0.30098230683856914,67
4043,5,8746,3140,5606,0,0,0,1.0,1,1.0,1,1.0,1,0.3187605988109125,66
4044,5,8751,3141,5610,0,0,0,1.0,1,1.0,1,1.0,1,0.3204335130962267,65
4045,5,8756,3141,5615,0,0,0,1.0,1,1.0,1,1.0,1,0.33541032824687156,66
4046,2,8758,3141,5617,0,0,0,1.0,1,1.0,1,1.0,1,0.35918966917536577,68
4047,5,8763,3141,5622,0,0,0,1.0,1,1.0,1,1.0,1,0.3696626201712603,68
4048,3,8766,3141,5625,0,0,0,1.0,1,1.0,1,1.0,1,0.3569429110809747,69
4049,4,8770,3141,5629,0,0,0,1.0,1,1.0,1,1.0,1,0.36569216313408054,69
4050,2,8772,3141,5631,0,0,0,1.0,1,1.0,1,1.0,1,0.3620522289898178,69
4051,4,8776,3141,5635,0,0,0,1.0,1,1.0,1,1.0,1,0.3620522289898178,69
4052,3,8779,3141,5638,0,0,0,1.0,1,1.0,1,1.0,1,0.3636161460443302,69
4053,4,8783,3141,5642,0,0,0,1.0,1,1.0,1,1.0,1,0.3636161460443302,69
4054,6,8789,3142,5647,0,0,0,1.0,1,1.0,1,1.0,1,0.3793830611102374,70
4055,6,8795,3142,5653,0,0,0,1.0,1,1.0,1,1.0,1,0.364595357975743,70
4056,8,8803,3142,5661,0,0,0,1.0,1,1.0,1,1.0,1,0.364595357975743,70
4057,5,8808,3142,5666,0,0,0,1.0,1,1.0,1,1.0,1,0.3625844564340729,71
4058,8,8816,3142,5674,0,0,0,1.0,1,1.0,1,1.0,1,0.3625844564340729,71
4059,9,8825,3143,5682,0,0,0,1.0,1,1.0,1,1.0,1,0.3597058495104591,72
4060,7,8832,3143,5689,0,0,0,1.0,1,1.0,1,1.0,1,0.36517786366453764,71
4061,11,8843,3144,5699,0,0,0,1.0,1,1.0,1,1.0,1,0.3081964423894765,72
4062,4,8847,3145,5702,0,0,0,1.0,1,1.0,1,1.0,1,0.30275434395141126,72
4063,3,8850,3146,5704,0,0,0,1.0,1,1.0,1,1.0,1,0.29125002878627243,72
4064,5,8855,3148,5707,0,0,0,1.0,1,1.0,1,1.0,1,0.28729251859330984,71
4065,3,8858,3149,5709,0,0,0,1.0,1,1.0,1,1.0,1,0.2768182572385834,70
4066,3,8861,3151,5710,0,0,0,1.0,1,1.0,1,1.0,1,0.2864276313746843,70
4067,6,8867,3152,5715,0,0,0,1.0,1,1.0,1,1.0,1,0.2812357060256527,68
4068,8,8875,3153,5722,0,0,0,1.0,1,1.0,1,1.0,1,0.2881170630019447,70
4069,6,8881,3154,5727,0,0,0,1.0,1,1.0,1,1.0,1,0.25960603530369836,68
4070,4,8885,3155,5730,0,0,0,1.0,1,1.0,1,1.0,1,0.24127214382654197,67
4071,3,8888,3155,5733,0,0,0,1.0,1,1.0,1,1.0,1,0.2506285483603244,68
4072,6,8894,3157,5737,0,0,0,1.0,1,1.0,1,1.0,1,0.23942259332274304,70
4073,5,8899,3161,5738,0,0,0,1.0,1,1.0,1,1.0,1,0.2458066354058901,70
4074,7,8906,3164,5742,0,0,0,1.0,1,1.0,1,1.0,1,0.24635809796380126,71
4075,4,8910,3166,5744,0,0,0,1.0,1,1.0,1,1.0,1,0.22962092648668142,72
4076,5,8915,3169,5746,0,0,0,1.0,1,1.0,1,1.0,1,0.24206114387478098,73
4077,2,8917,3169,5748,0,0,0,1.0,1,1.0,1,1.0,1,0.26140659735247895,72
4078,4,8921,3171,5750,0,0,0,1.0,1,1.0,1,1.0,1,0.28335895969642716,71
4079,6,8927,3173,5754,0,0,0,1.0,1,1.0,1,1.0,1,0.2614778497322349,69
4080,2,8929,3173,5756,0,0,0,1.0,1,1.0,1,1.0,1,0.25808636502919596,67
4081,7,8936,3173,5763,0,0,0,1.0,1,1.0,1,1.0,1,0.21413404842348233,66
4082,1,8937,3173,5764,0,0,0,1.0,1,1.0,1,1.0,1,0.23404348841292844,65
4083,1,8938,3173,5765,0,0,0,1.0,1,1.0,1,1.0,1,0.2173848865307716,64
4084,1,8939,3174,5765,0,0,0,1.0,1,1.0,1,1.0,1,0.2247829228394349,64
4085,1,8940,3174,5766,0,0,0,1.0,1,1.0,1,1.0,1,0.20695691855491585,65
4086,1,8941,3175,5766,0,0,0,1.0,1,1.0,1,1.0,1,0.2006921816832702,66
4087,1,8942,3176,5766,0,0,0,1.0,1,1.0,1,1.0,1,0.1997489951208632,66
4088,3,8945,3176,5769,0,0,0,1.0,1,1.0,1,1.0,1,0.23148266510604537,65
4089,1,8946,3176,5770,0,0,0,1.0,1,1.0,1,1.0,1,0.23196075349737802,65
4090,5,8951,3176,5775,0,0,0,1.0,1,1.0,1,1.0,1,0.21208104143298112,65
4091,1,8952,3176,5776,0,0,0,1.0,1,1.0,1,1.0,1,0.21658343337181188,65
4092,1,8953,3176,5777,0,0,0,1.0,1,1.0,1,1.0,1,0.22569063992263277,64
4093,2,8955,3176,5779,0,0,0,1.0,1,1.0,1,1.0,1,0.22245954562553297,66
4094,3,8958,3177,5781,0,0,0,1.0,1,1.0,1,1.0,1,0.25010818486260605,65
4095,6,8964,3180,5784,0,0,0,1.0,1,1.0,1,1.0,1,0.25149091298374754,65
4096,4,8968,3181,5787,0,0,0,1.0,1,1.0,1,1.0,1,0.22885554377345865,67
4097,6,8974,3185,5789,0,0,0,1.0,1,1.0,1,1.0,1,0.22379431942979658,67
4098,2,8976,3186,5790,0,0,0,1.0,1,1.0,1,1.0,1,0.22158623678743827,68
4099,3,8979,3188,5791,0,0,0,1.0,1,1.0,1,1.0,1,0.25166690355223287,69
4100,3,8982,3189,5793,0,0,0,1.0,1,1.0,1,1.0,1,0.24815461060447488,70
4101,9,8991,3190,5801,0,0,0,1.0,1,1.0,1,1.0,1,0.18904462484912363,71
4102,2,8993,3191,5802,0,0,0,1.0,1,1.0,1,1.0,1,0.18425122276440087,71
4103,1,8994,3192,5802,0,0,0,1.0,1,1.0,1,1.0,1,0.18974595472608194,71
4104,2,8996,3194,5802,0,0,0,1.0,1,1.0,1,1.0,1,0.22409970744920155,69
4105,1,8997,3195,5802,0,0,0,1.0,1,1.0,1,1.0,1,0.2322429534992903,67
4106,1,8998,3195,5803,0,0,0,1.0,1,1.0,1,1.0,1,0.23517560156336986,68
4107,3,9001,3195,5806,0,0,0,1.0,1,1.0,1,1.0,1,0.2085446020725996,70
4108,1,9002,3196,5806,0,0,0,1.0,1,1.0,1,1.0,1,0.2010326227838125,70
4109,1,9003,3197,5806,0,0,0,1.0,1,1.0,1,1.0,1,0.19949105832568867,69
4110,3,9006,3198,5808,0,0,0,1.0,1,1.0,1,1.0,1,0.18917526486972747,71
4111,1,9007,3198,5809,0,0,0,1.0,1,1.0,1,1.0,1,0.1744340292254699,70
4112,0,9007,3198,5809,0,0,0,1.0,1,1.0,1,1.0,1,0.17787771010493594,72
4113,0,9007,3198,5809,0,0,0,1.0,1,1.0,1,1.0,1,0.17787771010493594,72
4114,2,9009,3200,5809,0,0,0,1.0,1,1.0,1,1.0,1,0.1807458065303904,72
4115,1,9010,3201,5809,0,0,0,1.0,1,1.0,1,1.0,1,0.19782616738680586,70
4116,1,9011,3202,5809,0,0,0,1.0,1,1.0,1,1.0,1,0.2111169614364629,67
4117,1,9012,3203,5809,0,0,0,1.0,1,1.0,1,1.0,1,0.23999439825882996,67
4118,0,9012,3203,5809,0,0,0,1.0,1,1.0,1,1.0,1,0.25337416889089076,66
4119,1,9013,3204,5809,0,0,0,1.0,1,1.0,1,1.0,1,0.27688832119318496,67
4120,1,9014,3204,5810,0,0,0,1.0,1,1.0,1,1.0,1,0.2938470188784042,64
4121,7,9021,3205,5816,0,0,0,1.0,1,1.0,1,1.0,1,0.23243622325422023,63
4122,1,9022,3206,5816,0,0,0,1.0,1,1.0,1,1.0,1,0.24329313957179932,63
4123,2,9024,3208,5816,0,0,0,1.0,1,1.0,1,1.0,1,0.25463395888199075,61
4124,3,9027,3210,5817,0,0,0,1.0,1,1.0,1,1.0,1,0.2528544213512244,62
4125,1,9028,3211,5817,0,0,0,1.0,1,1.0,1,1.0,1,0.2845307412770448,60
4126,2,9030,3213,5817,0,0,0,1.0,1,1.0,1,1.0,1,0.3064070490672321,59
4127,3,9033,3215,5818,0,0,0,1.0,1,1.0,1,1.0,1,0.34478427609362733,60
4128,2,9035,3216,5819,0,0,0,1.0,1,1.0,1,1.0,1,0.3388947205397522,60
4129,0,9035,3216,5819,0,0,0,1.0,1,1.0,1,1.0,1,0.34623273457190357,60
4130,2,9037,3218,5819,0,0,0,1.0,1,1.0,1,1.0,1,0.34702817623710136,61
4131,1,9038,3218,5820,0,0,0,1.0,1,1.0,1,1.0,1,0.33831951694490736,60
4132,1,9039,3219,5820,0,0,0,1.0,1,1.0,1,1.0,1,0.3332223743173828,60
4133,3,9042,3220,5822,0,0,0,1.0,1,1.0,1,1.0,1,0.31182997728281614,62
4134,1,9043,3221,5822,0,0,0,1.0,1,1.0,1,1.0,1,0.30081079112704967,63
4135,6,9049,3223,5826,0,0,0,1.0,1,1.0,1,1.0,1,0.28019258922758017,65
4136,1,9050,3223,5827,0,0,0,1.0,1,1.0,1,1.0,1,0.2712749042721427,65
4137,1,9051,3224,5827,0,0,0,1.0,1,1.0,1,1.0,1,0.2711682945680486,66
4138,1,9052,3225,5827,0,0,0,1.0,1,1.0,1,1.0,1,0.27136980736384436,67
4139,2,9054,3227,5827,0,0,0,1.0,1,1.0,1,1.0,1,0.28960554505668284,67
4140,1,9055,3228,5827,0,0,0,1.0,1,1.0,1,1.0,1,0.27961463963611716,66
4141,4,9059,3228,5831,0,0,0,1.0,1,1.0,1,1.0,1,0.24421577372457387,67
4142,0,9059,3228,5831,0,0,0,1.0,1,1.0,1,1.0,1,0.24421577372457387,67
4143,2,9061,3229,5832,0,0,0,1.0,1,1.0,1,1.0,1,0.2273179662914612,66
4144,0,9061,3229,5832,0,0,0,1.0,1,1.0,1,1.0,1,0.24728281583312098,64
4145,2,9063,3231,5832,0,0,0,1.0,1,1.0,1,1.0,1,0.25070519188717105,63
4146,5,9068,3233,5835,0,0,0,1.0,1,1.0,1,1.0,1,0.2382121734032816,62
4147,2,9070,3233,5837,0,0,0,1.0,1,1.0,1,1.0,1,0.21312752382980604,60
4148,5,9075,3234,5841,0,0,0,1.0,1,1.0,1,1.0,1,0.16428668319551434,62
4149,2,9077,3235,5842,0,0,0,1.0,1,1.0,1,1.0,1,0.17263450239043748,61
4150,3,9080,3237,5843,0,0,0,1.0,1,1.0,1,1.0,1,0.16677133499088792,60
4151,1,9081,3238,5843,0,0,0,1.0,1,1.0,1,1.0,1,0.19767450484840157,60
4152,2,9083,3240,5843,0,0,0,1.0,1,1.0,1,1.0,1,0.22106621580215532,60
4153,1,9084,3241,5843,0,0,0,1.0,1,1.0,1,1.0,1,0.21107707241973514,58
4154,0,9084,3241,5843,0,0,0,1.0,1,1.0,1,1.0,1,0.21477567267674216,57
4155,1,9085,3242,5843,0,0,0,1.0,1,1.0,1,1.0,1,0.18511808302761676,57
4156,3,9088,3244,5844,0,0,0,1.0,1,1.0,1,1.0,1,0.2023048080838824,58
4157,2,9090,3245,5845,0,0,0,1.0,1,1.0,1,1.0,1,0.21554552042607777,57
4158,1,9091,3246,5845,0,0,0,1.0,1,1.0,1,1.0,1,0.24830632532964458,55
4159,1,9092,3247,5845,0,0,0,1.0,1,1.0,1,1.0,1,0.2545897184872572,57
4160,0,9092,3247,5845,0,0,0,1.0,1,1.0,1,1.0,1,0.2507651774126698,58
4161,4,9096,3247,5849,0,0,0,1.0,1,1.0,1,1.0,1,0.1711272445170874,58
4162,1,9097,3247,5850,0,0,0,1.0,1,1.0,1,1.0,1,0.17180123487939472,57
4163,1,9098,3248,5850,0,0,0,1.0,1,1.0,1,1.0,1,0.19612593077533622,58
4164,5,9103,3251,5852,0,0,0,1.0,1,1.0,1,1.0,1,0.2448202759414295,56
4165,3,9106,3252,5854,0,0,0,1.0,1,1.0,1,1.0,1,0.26231081693549396,58
4166,1,9107,3252,5855,0,0,0,1.0,1,1.0,1,1.0,1,0.23727711342628457,57
4167,1,9108,3253,5855,0,0,0,1.0,1,1.0,1,1.0,1,0.24691719599926448,57
4168,0,9108,3253,5855,0,0,0,1.0,1,1.0,1,1.0,1,0.24888478935986805,58
4169,1,9109,3254,5855,0,0,0,1.0,1,1.0,1,1.0,1,0.24470330725860262,58
4170,2,9111,3255,5856,0,0,0,1.0,1,1.0,1,1.0,1,0.26773246341529744,58
4171,0,9111,3255,5856,0,0,0,1.0,1,1.0,1,1.0,1,0.2822513246536488,57
4172,0,9111,3255,5856,0,0,0,1.0,1,1.0,1,1.0,1,0.2822513246536488,57
4173,0,9111,3255,5856,0,0,0,1.0,1,1.0,1,1.0,1,0.29703082488915783,56
4174,2,9113,3257,5856,0,0,0,1.0,1,1.0,1,1.0,1,0.31814176316843085,56
4175,4,9117,3258,5859,0,0,0,1.0,1,1.0,1,1.0,1,0.3158342991587433,55
4176,3,9120,3260,5860,0,0,0,1.0,1,1.0,1,1.0,1,0.31223172189030385,57
4177,1,9121,3261,5860,0,0,0,1.0,1,1.0,1,1.0,1,0.33315330406204924,58
4178,6,9127,3263,5864,0,0,0,1.0,1,1.0,1,1.0,1,0.3044742693863023,60
4179,1,9128,3264,5864,0,0,0,1.0,1,1.0,1,1.0,1,0.2956092414838835,61
4180,2,9130,3264,5866,0,0,0,1.0,1,1.0,1,1.0,1,0.2923581273225446,62
4181,6,9136,3264,5872,0,0,0,1.0,1,1.0,1,1.0,1,0.23198815303526998,63
4182,1,9137,3265,5872,0,0,0,1.0,1,1.0,1,1.0,1,0.24900623355229026,63
4183,0,9137,3265,5872,0,0,0,1.0,1,1.0,1,1.0,1,0.2451667371910895,63
4184,3,9140,3267,5873,0,0,0,1.0,1,1.0,1,1.0,1,0.2547512204923763,63
4185,1,9141,3267,5874,0,0,0,1.0,1,1.0,1,1.0,1,0.25117561033842617,61
4186,3,9144,3268,5876,0,0,0,1.0,1,1.0,1,1.0,1,0.235692483847424,62
4187,2,9146,3270,5876,0,0,0,1.0,1,1.0,1,1.0,1,0.26316848412319377,60
4188,2,9148,3270,5878,0,0,0,1.0,1,1.0,1,1.0,1,0.2383802844373271,60
4189,1,9149,3271,5878,0,0,0,1.0,1,1.0,1,1.0,1,0.26376035390098823,60
4190,1,9150,3272,5878,0,0,0,1.0,1,1.0,1,1.0,1,0.2801561817807722,61
4191,1,9151,3273,5878,0,0,0,1.0,1,1.0,1,1.0,1,0.28927264605613606,59
4192,1,9152,3274,5878,0,0,0,1.0,1,1.0,1,1.0,1,0.29876622541626846,58
4193,1,9153,3274,5879,0,0,0,1.0,1,1.0,1,1.0,1,0.2812340243619876,57
4194,0,9153,3274,5879,0,0,0,1.0,1,1.0,1,1.0,1,0.29081541272056455,54
4195,1,9154,3275,5879,0,0,0,1.0,1,1.0,1,1.0,1,0.28696564069718117,55
4196,1,9155,3275,5880,0,0,0,1.0,1,1.0,1,1.0,1,0.27561690867586097,56
4197,1,9156,3276,5880,0,0,0,1.0,1,1.0,1,1.0,1,0.30342240203935117,55
4198,2,9158,3276,5882,0,0,0,1.0,1,1.0,1,1.0,1,0.3008716556109917,56
4199,3,9161,3278,5883,0,0,0,1.0,1,1.0,1,1.0,1,0.3156200496850782,55
4200,0,9161,3278,5883,0,0,0,1.0,1,1.0,1,1.0,1,0.31558816877642637,55
4201,5,9166,3278,5888,0,0,0,1.0,1,1.0,1,1.0,1,0.24725908709123665,56
4202,1,9167,3278,5889,0,0,0,1.0,1,1.0,1,1.0,1,0.23477770644887144,56
4203,0,9167,3278,5889,0,0,0,1.0,1,1.0,1,1.0,1,0.2447033894704691,57
4204,0,9167,3278,5889,0,0,0,1.0,1,1.0,1,1.0,1,0.2447033894704691,57
4205,1,9168,3279,5889,0,0,0,1.0,1,1.0,1,1.0,1,0.232086282145616,58
4206,2,9170,3280,5890,0,0,0,1.0,1,1.0,1,1.0,1,0.2245707764164823,58
4207,4,9174,3282,5892,0,0,0,1.0,1,1.0,1,1.0,1,0.22098798971900582,58
4208,3,9177,3283,5894,0,0,0,1.0,1,1.0,1,1.0,1,0.2203148965767189,60
4209,3,9180,3285,5895,0,0,0,1.0,1,1.0,1,1.0,1,0.24362134966511748,61
4210,3,9183,3286,5897,0,0,0,1.0,1,1.0,1,1.0,1,0.22939351611335165,62
4211,2,9185,3286,5899,0,0,0,1.0,1,1.0,1,1.0,1,0.2205969743240433,63
4212,2,9187,3286,5901,0,0,0,1.0,1,1.0,1,1.0,1,0.20078904336218548,64
4213,3,9190,3286,5904,0,0,0,1.0,1,1.0,1,1.0,1,0.1869884757839793,65
4214,5,9195,3286,5909,0,0,0,1.0,1,1.0,1,1.0,1,0.17703325047375917,65
4215,4,9199,3286,5913,0,0,0,1.0,1,1.0,1,1.0,1,0.17703325047375917,65
4216,2,9201,3286,5915,0,0,0,1.0,1,1.0,1,1.0,1,0.2032420452978805,64
4217,1,9202,3287,5915,0,0,0,1.0,1,1.0,1,1.0,1,0.20887363326199418,65
4218,2,9204,3287,5917,0,0,0,1.0,1,1.0,1,1.0,1,0.19128791415962193,65
4219,5,9209,3288,5921,0,0,0,1.0,1,1.0,1,1.0,1,0.20905398281110701,65
4220,5,9214,3290,5924,0,0,0,1.0,1,1.0,1,1.0,1,0.20881645178853087,65
4221,6,9220,3292,5928,0,0,0,1.0,1,1.0,1,1.0,1,0.2244876170771592,67
4222,4,9224,3295,5929,0,0,0,1.0,1,1.0,1,1.0,1,0.24939282976014485,68
4223,3,9227,3296,5931,0,0,0,1.0,1,1.0,1,1.0,1,0.25944397651057793,68
4224,1,9228,3296,5932,0,0,0,1.0,1,1.0,1,1.0,1,0.2620209215325388,68
4225,0,9228,3296,5932,0,0,0,1.0,1,1.0,1,1.0,1,0.25283969043512317,66
4226,1,9229,3297,5932,0,0,0,1.0,1,1.0,1,1.0,1,0.26788004803551924,66
4227,0,9229,3297,5932,0,0,0,1.0,1,1.0,1,1.0,1,0.26788004803551924,66
4228,0,9229,3297,5932,0,0,0,1.0,1,1.0,1,1.0,1,0.26432460125803886,65
4229,1,9230,3298,5932,0,0,0,1.0,1,1.0,1,1.0,1,0.27335735915383325,65
4230,1,9231,3299,5932,0,0,0,1.0,1,1.0,1,1.0,1,0.3013962341417023,64
4231,0,9231,3299,5932,0,0,0,1.0,1,1.0,1,1.0,1,0.30226810423734174,64
4232,3,9234,3300,5934,0,0,0,1.0,1,1.0,1,1.0,1,0.30574019180208745,65
4233,0,9234,3300,5934,0,0,0,1.0,1,1.0,1,1.0,1,0.3033418232675013,64
4234,2,9236,3302,5934,0,0,0,1.0,1,1.0,1,1.0,1,0.3033126343123928,63
4235,2,9238,3304,5934,0,0,0,1.0,1,1.0,1,1.0,1,0.32521437794985625,63
4236,1,9239,3304,5935,0,0,0,1.0,1,1.0,1,1.0,1,0.3059416682873329,63
4237,3,9242,3306,5936,0,0,0,1.0,1,1.0,1,1.0,1,0.33334922369372444,65
4238,2,9244,3306,5938,0,0,0,1.0,1,1.0,1,1.0,1,0.32561042370219406,65
4239,2,9246,3306,5940,0,0,0,1.0,1,1.0,1,1.0,1,0.32561042370219406,65
4240,3,9249,3307,5942,0,0,0,1.0,1,1.0,1,1.0,1,0.3091899852535438,66
4241,10,9259,3307,5952,0,0,0,1.0,1,1.0,1,1.0,1,0.2040205556163978,66
4242,3,9262,3308,5954,0,0,0,1.0,1,1.0,1,1.0,1,0.18692880944606322,69
4243,1,9263,3308,5955,0,0,0,1.0,1,1.0,1,1.0,1,0.19258928308648923,71
4244,0,9263,3308,5955,0,0,0,1.0,1,1.0,1,1.0,1,0.19258928308648923,71
4245,1,9264,3308,5956,0,0,0,1.0,1,1.0,1,1.0,1,0.19009318872353204,73
4246,0,9264,3308,5956,0,0,0,1.0,1,1.0,1,1.0,1,0.1879828871889884,74
4247,1,9265,3308,5957,0,0,0,1.0,1,1.0,1,1.0,1,0.1842205616443348,74
4248,0,9265,3308,5957,0,0,0,1.0,1,1.0,1,1.0,1,0.1842205616443348,74
4249,1,9266,3308,5958,0,0,0,1.0,1,1.0,1,1.0,1,0.18254468760676332,74
4250,2,9268,3308,5960,0,0,0,1.0,1,1.0,1,1.0,1,0.18122563297633631,74
4251,3,9271,3308,5963,0,0,0,1.0,1,1.0,1,1.0,1,0.16007989151792432,75
4252,4,9275,3310,5965,0,0,0,1.0,1,1.0,1,1.0,1,0.20392979193163588,75
4253,7,9282,3312,5970,0,0,0,1.0,1,1.0,1,1.0,1,0.21024060485119508,76
4254,4,9286,3313,5973,0,0,0,1.0,1,1.0,1,1.0,1,0.2043751646611367,75
4255,5,9291,3314,5977,0,0,0,1.0,1,1.0,1,1.0,1,0.20698551815611402,76
4256,6,9297,3315,5982,0,0,0,1.0,1,1.0,1,1.0,1,0.21586314809613624,78
4257,3,9300,3316,5984,0,0,0,1.0,1,1.0,1,1.0,1,0.2091192702784685,78
4258,7,9307,3317,5990,0,0,0,1.0,1,1.0,1,1.0,1,0.21697087398179668,77
4259,4,9311,3318,5993,0,0,0,1.0,1,1.0,1,1.0,1,0.24674383716922432,78
4260,7,9318,3318,6000,0,0,0,1.0,1,1.0,1,1.0,1,0.24334137941442155,77
4261,3,9321,3320,6001,0,0,0,1.0,1,1.0,1,1.0,1,0.21086613031673793,76
4262,2,9323,3320,6003,0,0,0,1.0,1,1.0,1,1.0,1,0.20079630826108383,75
4263,4,9327,3323,6004,0,0,0,1.0,1,1.0,1,1.0,1,0.21102418476180027,74
4264,2,9329,3323,6006,0,0,0,1.0,1,1.0,1,1.0,1,0.22223089701634477,74
4265,0,9329,3323,6006,0,0,0,1.0,1,1.0,1,1.0,1,0.23150848262950446,73
4266,0,9329,3323,6006,0,0,0,1.0,1,1.0,1,1.0,1,0.25261653867274575,71
4267,2,9331,3325,6006,0,0,0,1.0,1,1.0,1,1.0,1,0.2609034553952612,69
4268,4,9335,3327,6008,0,0,0,1.0,1,1.0,1,1.0,1,0.2839668453250636,67
4269,0,9335,3327,6008,0,0,0,1.0,1,1.0,1,1.0,1,0.29591797950403315,64
4270,3,9338,3329,6009,0,0,0,1.0,1,1.0,1,1.0,1,0.2662801176180393,63
4271,1,9339,3330,6009,0,0,0,1.0,1,1.0,1,1.0,1,0.27139065888195585,63
4272,0,9339,3330,6009,0,0,0,1.0,1,1.0,1,1.0,1,0.2692164417651828,62
4273,1,9340,3331,6009,0,0,0,1.0,1,1.0,1,1.0,1,0.28212217772006615,62
4274,1,9341,3331,6010,0,0,0,1.0,1,1.0,1,1.0,1,0.2608390355068161,62
4275,3,9344,3333,6011,0,0,0,1.0,1,1.0,1,1.0,1,0.23548065525237136,61
4276,1,9345,3333,6012,0,0,0,1.0,1,1.0,1,1.0,1,0.2301019689941003,62
4277,0,9345,3333,6012,0,0,0,1.0,1,1.0,1,1.0,1,0.24156152730759672,63
4278,1,9346,3334,6012,0,0,0,1.0,1,1.0,1,1.0,1,0.23594756383972051,64
4279,0,9346,3334,6012,0,0,0,1.0,1,1.0,1,1.0,1,0.24727006246085467,65
4280,1,9347,3335,6012,0,0,0,1.0,1,1.0,1,1.0,1,0.2532041144940913,65
4281,10,9357,3336,6021,0,0,0,1.0,1,1.0,1,1.0,1,0.1706192892434459,65
4282,2,9359,3338,6021,0,0,0,1.0,1,1.0,1,1.0,1,0.17788612101719542,66
4283,4,9363,3341,6022,0,0,0,1.0,1,1.0,1,1.0,1,0.22708395237366047,66
4284,3,9366,3343,6023,0,0,0,1.0,1,1.0,1,1.0,1,0.2520733405942878,66
4285,2,9368,3344,6024,0,0,0,1.0,1,1.0,1,1.0,1,0.2474140781922264,67
4286,3,9371,3345,6026,0,0,0,1.0,1,1.0,1,1.0,1,0.2981222402510529,67
4287,1,9372,3345,6027,0,0,0,1.0,1,1.0,1,1.0,1,0.29901035526869313,67
4288,2,9374,3347,6027,0,0,0,1.0,1,1.0,1,1.0,1,0.2743088536336649,68
4289,1,9375,3348,6027,0,0,0,1.0,1,1.0,1,1.0,1,0.29573570528631593,68
4290,2,9377,3348,6029,0,0,0,1.0,1,1.0,1,1.0,1,0.27378693347054944,70
4291,0,9377,3348,6029,0,0,0,1.0,1,1.0,1,1.0,1,0.27559942098306783,71
4292,0,9377,3348,6029,0,0,0,1.0,1,1.0,1,1.0,1,0.27559942098306783,71
4293,0,9377,3348,6029,0,0,0,1.0,1,1.0,1,1.0,1,0.27559942098306783,71
4294,1,9378,3349,6029,0,0,0,1.0,1,1.0,1,1.0,1,0.26904336176323934,71
4295,0,9378,3349,6029,0,0,0,1.0,1,1.0,1,1.0,1,0.2754597154645513,72
4296,2,9380,3350,6030,0,0,0,1.0,1,1.0,1,1.0,1,0.28900465347607346,73
4297,0,9380,3350,6030,0,0,0,1.0,1,1.0,1,1.0,1,0.28900465347607346,73
4298,4,9384,3351,6033,0,0,0,1.0,1,1.0,1,1.0,1,0.28919354771981043,74
4299,1,9385,3351,6034,0,0,0,1.0,1,1.0,1,1.0,1,0.26696574148618946,75
4300,1,9386,3351,6035,0,0,0,1.0,1,1.0,1,1.0,1,0.2515794333737892,75
4301,6,9392,3351,6041,0,0,0,1.0,1,1.0,1,1.0,1,0.20052332676313933,76
4302,0,9392,3351,6041,0,0,0,1.0,1,1.0,1,1.0,1,0.20052332676313933,76
4303,2,9394,3351,6043,0,0,0,1.0,1,1.0,1,1.0,1,0.17789429117179453,75
4304,0,9394,3351,6043,0,0,0,1.0,1,1.0,1,1.0,1,0.17789429117179453,75
4305,0,9394,3351,6043,0,0,0,1.0,1,1.0,1,1.0,1,0.18577163221867893,73
4306,2,9396,3353,6043,0,0,0,1.0,1,1.0,1,1.0,1,0.19276759380535763,74
4307,4,9400,3355,6045,0,0,0,1.0,1,1.0,1,1.0,1,0.19446535948239257,73
4308,1,9401,3356,6045,0,0,0,1.0,1,1.0,1,1.0,1,0.18649319440456344,71
4309,1,9402,3357,6045,0,0,0,1.0,1,1.0,1,1.0,1,0.19343468008435538,70
4310,0,9402,3357,6045,0,0,0,1.0,1,1.0,1,1.0,1,0.2223206546473144,69
4311,1,9403,3358,6045,0,0,0,1.0,1,1.0,1,1.0,1,0.2272645079393517,69
4312,8,9411,3362,6049,0,0,0,1.0,1,1.0,1,1.0,1,0.20598933110981008,66
4313,1,9412,3362,6050,0,0,0,1.0,1,1.0,1,1.0,1,0.21376825745276953,64
4314,0,9412,3362,6050,0,0,0,1.0,1,1.0,1,1.0,1,0.24027643908458834,61
4315,1,9413,3363,6050,0,0,0,1.0,1,1.0,1,1.0,1,0.24583339786947828,61
4316,1,9414,3364,6050,0,0,0,1.0,1,1.0,1,1.0,1,0.2991600158171205,60
4317,1,9415,3365,6050,0,0,0,1.0,1,1.0,1,1.0,1,0.26248268453000007,62
4318,1,9416,3365,6051,0,0,0,1.0,1,1.0,1,1.0,1,0.2904676445879793,59
4319,2,9418,3367,6051,0,0,0,1.0,1,1.0,1,1.0,1,0.3201634777858241,60
4320,1,9419,3367,6052,0,0,0,1.0,1,1.0,1,1.0,1,0.3079930331439145,60
4321,8,9427,3370,6057,0,0,0,1.0,1,1.0,1,1.0,1,0.24112643829154215,61
4322,1,9428,3371,6057,0,0,0,1.0,1,1.0,1,1.0,1,0.25900065545775075,61
4323,1,9429,3371,6058,0,0,0,1.0,1,1.0,1,1.0,1,0.26537170520344716,61
4324,1,9430,3372,6058,0,0,0,1.0,1,1.0,1,1.0,1,0.290714977768243,60
4325,1,9431,3372,6059,0,0,0,1.0,1,1.0,1,1.0,1,0.2826819777672303,60
4326,1,9432,3372,6060,0,0,0,1.0,1,1.0,1,1.0,1,0.27346914418105595,61
4327,1,9433,3372,6061,0,0,0,1.0,1,1.0,1,1.0,1,0.25349764428430493,62
4328,1,9434,3372,6062,0,0,0,1.0,1,1.0,1,1.0,1,0.24047145581915674,62
4329,2,9436,3372,6064,0,0,0,1.0,1,1.0,1,1.0,1,0.24088619713737713,65
4330,2,9438,3372,6066,0,0,0,1.0,1,1.0,1,1.0,1,0.22391334283653352,65
4331,2,9440,3372,6068,0,0,0,1.0,1,1.0,1,1.0,1,0.22391334283653352,65
4332,3,9443,3373,6070,0,0,0,1.0,1,1.0,1,1.0,1,0.24202807475119403,66
4333,2,9445,3373,6072,0,0,0,1.0,1,1.0,1,1.0,1,0.24202807475119403,66
4334,2,9447,3374,6073,0,0,0,1.0,1,1.0,1,1.0,1,0.26538902172989515,66
4335,1,9448,3374,6074,0,0,0,1.0,1,1.0,1,1.0,1,0.27500814813973357,65
4336,10,9458,3378,6080,0,0,0,1.0,1,1.0,1,1.0,1,0.2574358953037665,67
4337,5,9463,3379,6084,0,0,0,1.0,1,1.0,1,1.0,1,0.29587445624358616,69
4338,4,9467,3379,6088,0,0,0,1.0,1,1.0,1,1.0,1,0.27479140407188524,70
4339,7,9474,3379,6095,0,0,0,1.0,1,1.0,1,1.0,1,0.27990876805386333,70
4340,9,9483,3379,6104,0,0,0,1.0,1,1.0,1,1.0,1,0.2801438369333588,71
4341,7,9490,3380,6110,0,0,0,1.0,1,1.0,1,1.0,1,0.2316277816413538,70
4342,2,9492,3380,6112,0,0,0,1.0,1,1.0,1,1.0,1,0.2265394769925986,71
4343,4,9496,3383,6113,0,0,0,1.0,1,1.0,1,1.0,1,0.24489584942402906,67
4344,5,9501,3387,6114,0,0,0,1.0,1,1.0,1,1.0,1,0.2539304494043453,67
4345,4,9505,3389,6116,0,0,0,1.0,1,1.0,1,1.0,1,0.2372303107033829,64
4346,6,9511,3394,6117,0,0,0,1.0,1,1.0,1,1.0,1,0.24800679582943286,64
4347,3,9514,3396,6118,0,0,0,1.0,1,1.0,1,1.0,1,0.28983930807800407,62
4348,2,9516,3398,6118,0,0,0,1.0,1,1.0,1,1.0,1,0.29140715123753136,62
4349,2,9518,3400,6118,0,0,0,1.0,1,1.0,1,1.0,1,0.31297040271508814,61
4350,3,9521,3403,6118,0,0,0,1.0,1,1.0,1,1.0,1,0.34012223561648336,60
4351,1,9522,3404,6118,0,0,0,1.0,1,1.0,1,1.0,1,0.34158275953358946,60
4352,0,9522,3404,6118,0,0,0,1.0,1,1.0,1,1.0,1,0.38257714134121407,57
4353,2,9524,3406,6118,0,0,0,1.0,1,1.0,1,1.0,1,0.3649579171170394,55
4354,3,9527,3406,6121,0,0,0,1.0,1,1.0,1,1.0,1,0.31964244554057564,55
4355,1,9528,3406,6122,0,0,0,1.0,1,1.0,1,1.0,1,0.3235505396653338,53
4356,1,9529,3407,6122,0,0,0,1.0,1,1.0,1,1.0,1,0.28388955355135465,55
4357,1,9530,3408,6122,0,0,0,1.0,1,1.0,1,1.0,1,0.32721769570990256,55
4358,3,9533,3409,6124,0,0,0,1.0,1,1.0,1,1.0,1,0.330670014318357,55
4359,0,9533,3409,6124,0,0,0,1.0,1,1.0,1,1.0,1,0.34844852438028745,54
4360,0,9533,3409,6124,0,0,0,1.0,1,1.0,1,1.0,1,0.3463845752040331,55
4361,10,9543,3410,6133,0,0,0,1.0,1,1.0,1,1.0,1,0.21559921967441667,54
4362,0,9543,3410,6133,0,0,0,1.0,1,1.0,1,1.0,1,0.2090425546706981,55
4363,1,9544,3410,6134,0,0,0,1.0,1,1.0,1,1.0,1,0.22742383321617574,55
4364,1,9545,3411,6134,0,0,0,1.0,1,1.0,1,1.0,1,0.24923524996679078,55
4365,1,9546,3412,6134,0,0,0,1.0,1,1.0,1,1.0,1,0.278165960375925,54
4366,4,9550,3413,6137,0,0,0,1.0,1,1.0,1,1.0,1,0.25435965799161947,54
4367,8,9558,3414,6144,0,0,0,1.0,1,1.0,1,1.0,1,0.25513145133228954,57
4368,5,9563,3414,6149,0,0,0,1.0,1,1.0,1,1.0,1,0.2834908928458776,57
4369,5,9568,3414,6154,0,0,0,1.0,1,1.0,1,1.0,1,0.2663135918740607,58
4370,3,9571,3414,6157,0,0,0,1.0,1,1.0,1,1.0,1,0.26937748010179446,59
4371,2,9573,3414,6159,0,0,0,1.0,1,1.0,1,1.0,1,0.2723739449462911,60
4372,5,9578,3415,6163,0,0,0,1.0,1,1.0,1,1.0,1,0.29580263490051706,60
4373,6,9584,3415,6169,0,0,0,1.0,1,1.0,1,1.0,1,0.2902144862194217,60
4374,4,9588,3416,6172,0,0,0,1.0,1,1.0,1,1.0,1,0.31980556001872296,59
4375,7,9595,3417,6178,0,0,0,1.0,1,1.0,1,1.0,1,0.31163574588086995,60
4376,6,9601,3417,6184,0,0,0,1.0,1,1.0,1,1.0,1,0.3311523865859755,60
4377,5,9606,3418,6188,0,0,0,1.0,1,1.0,1,1.0,1,0.34271259444029284,61
4378,7,9613,3418,6195,0,0,0,1.0,1,1.0,1,1.0,1,0.32068186154459705,64
4379,7,9620,3419,6201,0,0,0,1.0,1,1.0,1,1.0,1,0.3221423510269318,64
4380,9,9629,3421,6208,0,0,0,1.0,1,1.0,1,1.0,1,0.3130967212316625,65
4381,4,9633,3421,6212,0,0,0,1.0,1,1.0,1,1.0,1,0.2585963319391636,64
4382,6,9639,3422,6217,0,0,0,1.0,1,1.0,1,1.0,1,0.2279124096013435,64
4383,0,9639,3422,6217,0,0,0,1.0,1,1.0,1,1.0,1,0.2357188246544678,64
4384,1,9640,3423,6217,0,0,0,1.0,1,1.0,1,1.0,1,0.3131089364791641,60
4385,1,9641,3423,6218,0,0,0,1.0,1,1.0,1,1.0,1,0.304288124043332,58
4386,1,9642,3424,6218,0,0,0,1.0,1,1.0,1,1.0,1,0.29857533987024054,58
4387,3,9645,3425,6220,0,0,0,1.0,1,1.0,1,1.0,1,0.3056365589750589,55
4388,5,9650,3428,6222,0,0,0,1.0,1,1.0,1,1.0,1,0.2545561287700551,56
4389,0,9650,3428,6222,0,0,0,1.0,1,1.0,1,1.0,1,0.2605230423796059,55
4390,0,9650,3428,6222,0,0,0,1.0,1,1.0,1,1.0,1,0.2605230423796059,55
4391,2,9652,3430,6222,0,0,0,1.0,1,1.0,1,1.0,1,0.2525730077794909,56
4392,0,9652,3430,6222,0,0,0,1.0,1,1.0,1,1.0,1,0.2540894444914259,56
4393,1,9653,3431,6222,0,0,0,1.0,1,1.0,1,1.0,1,0.29243354341773153,55
4394,1,9654,3432,6222,0,0,0,1.0,1,1.0,1,1.0,1,0.2998450644723907,53
4395,2,9656,3434,6222,0,0,0,1.0,1,1.0,1,1.0,1,0.3335575429900243,53
4396,4,9660,3438,6222,0,0,0,1.0,1,1.0,1,1.0,1,0.3232188426830116,53
4397,1,9661,3439,6222,0,0,0,1.0,1,1.0,1,1.0,1,0.36656240865886486,50
4398,0,9661,3439,6222,0,0,0,1.0,1,1.0,1,1.0,1,0.36105913344860197,50
4399,0,9661,3439,6222,0,0,0,1.0,1,1.0,1,1.0,1,0.36191954401643694,52
4400,2,9663,3440,6223,0,0,0,1.0,1,1.0,1,1.0,1,0.3720638634502608,55
4401,6,9669,3440,6229,0,0,0,1.0,1,1.0,1,1.0,1,0.2947534283777922,56
4402,0,9669,3440,6229,0,0,0,1.0,1,1.0,1,1.0,1,0.2947534283777922,56
4403,2,9671,3441,6230,0,0,0,1.0,1,1.0,1,1.0,1,0.277465319348432,57
4404,2,9673,3443,6230,0,0,0,1.0,1,1.0,1,1.0,1,0.2984347361518527,57
4405,1,9674,3443,6231,0,0,0,1.0,1,1.0,1,1.0,1,0.2902052621834065,58
4406,0,9674,3443,6231,0,0,0,1.0,1,1.0,1,1.0,1,0.2902052621834065,58
4407,0,9674,3443,6231,0,0,0,1.0,1,1.0,1,1.0,1,0.2902052621834065,58
4408,1,9675,3443,6232,0,0,0,1.0,1,1.0,1,1.0,1,0.2975490966486853,59
4409,1,9676,3443,6233,0,0,0,1.0,1,1.0,1,1.0,1,0.2930800961832772,59
4410,1,9677,3443,6234,0,0,0,1.0,1,1.0,1,1.0,1,0.297813542671919,59
4411,1,9678,3443,6235,0,0,0,1.0,1,1.0,1,1.0,1,0.2895442739670007,62
4412,1,9679,3443,6236,0,0,0,1.0,1,1.0,1,1.0,1,0.2825080108366309,63
4413,1,9680,3444,6236,0,0,0,1.0,1,1.0,1,1.0,1,0.29753010078387093,63
4414,1,9681,3444,6237,0,0,0,1.0,1,1.0,1,1.0,1,0.2696269661825296,64
4415,2,9683,3444,6239,0,0,0,1.0,1,1.0,1,1.0,1,0.2588943109352294,64
4416,0,9683,3444,6239,0,0,0,1.0,1,1.0,1,1.0,1,0.2588943109352294,64
4417,2,9685,3444,6241,0,0,0,1.0,1,1.0,1,1.0,1,0.24760219729183763,65
4418,4,9689,3445,6244,0,0,0,1.0,1,1.0,1,1.0,1,0.27016686908577725,65
4419,3,9692,3445,6247,0,0,0,1.0,1,1.0,1,1.0,1,0.31490769362630505,62
4420,2,9694,3445,6249,0,0,0,1.0,1,1.0,1,1.0,1,0.33464020404154626,62
4421,10,9704,3445,6259,0,0,0,1.0,1,1.0,1,1.0,1,0.2213509503338896,65
4422,2,9706,3446,6260,0,0,0,1.0,1,1.0,1,1.0,1,0.22845323364433084,64
4423,1,9707,3447,6260,0,0,0,1.0,1,1.0,1,1.0,1,0.22901816030149932,63
4424,4,9711,3448,6263,0,0,0,1.0,1,1.0,1,1.0,1,0.1907134388993585,63
4425,5,9716,3449,6267,0,0,0,1.0,1,1.0,1,1.0,1,0.18639485833172803,63
4426,4,9720,3450,6270,0,0,0,1.0,1,1.0,1,1.0,1,0.170637901109126,63
4427,3,9723,3451,6272,0,0,0,1.0,1,1.0,1,1.0,1,0.17860171808231828,62
4428,3,9726,3451,6275,0,0,0,1.0,1,1.0,1,1.0,1,0.15518561085142255,61
4429,4,9730,3452,6278,0,0,0,1.0,1,1.0,1,1.0,1,0.15692918073956955,62
4430,3,9733,3453,6280,0,0,0,1.0,1,1.0,1,1.0,1,0.17641114830991553,60
4431,1,9734,3453,6281,0,0,0,1.0,1,1.0,1,1.0,1,0.17180230792531082,59
4432,5,9739,3456,6283,0,0,0,1.0,1,1.0,1,1.0,1,0.14643652497834608,60
4433,2,9741,3458,6283,0,0,0,1.0,1,1.0,1,1.0,1,0.12273976066280749,61
4434,3,9744,3459,6285,0,0,0,1.0,1,1.0,1,1.0,1,0.13457086458286496,61
4435,3,9747,3461,6286,0,0,0,1.0,1,1.0,1,1.0,1,0.18631819722679588,61
4436,0,9747,3461,6286,0,0,0,1.0,1,1.0,1,1.0,1,0.18631819722679588,61
4437,4,9751,3464,6287,0,0,0,1.0,1,1.0,1,1.0,1,0.25400918133022526,61
4438,1,9752,3464,6288,0,0,0,1.0,1,1.0,1,1.0,1,0.23188445989594492,62
4439,0,9752,3464,6288,0,0,0,1.0,1,1.0,1,1.0,1,0.24234996765026207,63
4440,1,9753,3464,6289,0,0,0,1.0,1,1.0,1,1.0,1,0.2307156514039602,64
4441,7,9760,3464,6296,0,0,0,1.0,1,1.0,1,1.0,1,0.1474835433059069,64
4442,4,9764,3466,6298,0,0,0,1.0,1,1.0,1,1.0,1,0.17195799802809617,67
4443,3,9767,3467,6300,0,0,0,1.0,1,1.0,1,1.0,1,0.17375490713041775,68
4444,6,9773,3468,6305,0,0,0,1.0,1,1.0,1,1.0,1,0.187413382897257,69
4445,9,9782,3469,6313,0,0,0,1.0,1,1.0,1,1.0,1,0.2209782239558039,71
4446,11,9793,3469,6324,0,0,0,1.0,1,1.0,1,1.0,1,0.22615146267957142,71
4447,4,9797,3469,6328,0,0,0,1.0,1,1.0,1,1.0,1,0.2138418785769784,72
4448,8,9805,3469,6336,0,0,0,1.0,1,1.0,1,1.0,1,0.20997714094061087,71
4449,5,9810,3470,6340,0,0,0,1.0,1,1.0,1,1.0,1,0.22378471045707243,70
4450,5,9815,3470,6345,0,0,0,1.0,1,1.0,1,1.0,1,0.21876724692385002,69
4451,8,9823,3470,6353,0,0,0,1.0,1,1.0,1,1.0,1,0.22424787088796516,69
4452,6,9829,3470,6359,0,0,0,1.0,1,1.0,1,1.0,1,0.2410344158491871,70
4453,6,9835,3470,6365,0,0,0,1.0,1,1.0,1,1.0,1,0.23998399193362235,70
4454,7,9842,3470,6372,0,0,0,1.0,1,1.0,1,1.0,1,0.2116316350301555,71
4455,5,9847,3470,6377,0,0,0,1.0,1,1.0,1,1.0,1,0.20645010887317325,71
4456,5,9852,3472,6380,0,0,0,1.0,1,1.0,1,1.0,1,0.2375763436401218,71
4457,6,9858,3472,6386,0,0,0,1.0,1,1.0,1,1.0,1,0.23570595382213094,69
4458,7,9865,3475,6390,0,0,0,1.0,1,1.0,1,1.0,1,0.2519224062656001,70
4459,4,9869,3475,6394,0,0,0,1.0,1,1.0,1,1.0,1,0.24316262408214817,68
4460,6,9875,3478,6397,0,0,0,1.0,1,1.0,1,1.0,1,0.2362793276042001,68
4461,5,9880,3478,6402,0,0,0,1.0,1,1.0,1,1.0,1,0.17721220958895123,67
4462,1,9881,3479,6402,0,0,0,1.0,1,1.0,1,1.0,1,0.19695636650388568,66
4463,0,9881,3479,6402,0,0,0,1.0,1,1.0,1,1.0,1,0.21665762716283427,65
4464,2,9883,3481,6402,0,0,0,1.0,1,1.0,1,1.0,1,0.23326407005928018,62
4465,3,9886,3483,6403,0,0,0,1.0,1,1.0,1,1.0,1,0.22955510939403345,61
4466,1,9887,3484,6403,0,0,0,1.0,1,1.0,1,1.0,1,0.2593866308313821,60
4467,3,9890,3486,6404,0,0,0,1.0,1,1.0,1,1.0,1,0.25911276915267933,58
4468,2,9892,3488,6404,0,0,0,1.0,1,1.0,1,1.0,1,0.24554660464152275,57
4469,2,9894,3489,6405,0,0,0,1.0,1,1.0,1,1.0,1,0.252318453238465,56
4470,4,9898,3491,6407,0,0,0,1.0,1,1.0,1,1.0,1,0.21473050683642553,55
4471,1,9899,3492,6407,0,0,0,1.0,1,1.0,1,1.0,1,0.20322048745568305,55
4472,3,9902,3495,6407,0,0,0,1.0,1,1.0,1,1.0,1,0.22399526997610603,55
4473,1,9903,3496,6407,0,0,0,1.0,1,1.0,1,1.0,1,0.23774057015902297,55
4474,3,9906,3498,6408,0,0,0,1.0,1,1.0,1,1.0,1,0.254969177950427,55
4475,2,9908,3500,6408,0,0,0,1.0,1,1.0,1,1.0,1,0.27341209158291213,56
4476,1,9909,3500,6409,0,0,0,1.0,1,1.0,1,1.0,1,0.2565995986519104,56
4477,0,9909,3500,6409,0,0,0,1.0,1,1.0,1,1.0,1,0.26663137319166985,57
4478,0,9909,3500,6409,0,0,0,1.0,1,1.0,1,1.0,1,0.27572281114813213,55
4479,1,9910,3501,6409,0,0,0,1.0,1,1.0,1,1.0,1,0.29401192504910656,55
4480,0,9910,3501,6409,0,0,0,1.0,1,1.0,1,1.0,1,0.29521337419203186,54
4481,7,9917,3501,6416,0,0,0,1.0,1,1.0,1,1.0,1,0.23072481970394562,53
4482,5,9922,3503,6419,0,0,0,1.0,1,1.0,1,1.0,1,0.20930023467601078,54
4483,1,9923,3503,6420,0,0,0,1.0,1,1.0,1,1.0,1,0.19151405700749313,55
4484,2,9925,3505,6420,0,0,0,1.0,1,1.0,1,1.0,1,0.2009608806786222,57
4485,5,9930,3507,6423,0,0,0,1.0,1,1.0,1,1.0,1,0.2124464963168069,60
4486,3,9933,3508,6425,0,0,0,1.0,1,1.0,1,1.0,1,0.21861406475494477,60
4487,2,9935,3508,6427,0,0,0,1.0,1,1.0,1,1.0,1,0.21707039039607803,60
4488,0,9935,3508,6427,0,0,0,1.0,1,1.0,1,1.0,1,0.21707039039607803,60
4489,1,9936,3509,6427,0,0,0,1.0,1,1.0,1,1.0,1,0.2240920050167868,60
4490,1,9937,3509,6428,0,0,0,1.0,1,1.0,1,1.0,1,0.22157395936216864,60
4491,0,9937,3509,6428,0,0,0,1.0,1,1.0,1,1.0,1,0.20656489649862148,61
4492,1,9938,3510,6428,0,0,0,1.0,1,1.0,1,1.0,1,0.1863785514442358,61
4493,2,9940,3512,6428,0,0,0,1.0,1,1.0,1,1.0,1,0.20135870260501473,60
4494,6,9946,3514,6432,0,0,0,1.0,1,1.0,1,1.0,1,0.17879034075266836,61
4495,2,9948,3515,6433,0,0,0,1.0,1,1.0,1,1.0,1,0.19953569676732974,59
4496,2,9950,3515,6435,0,0,0,1.0,1,1.0,1,1.0,1,0.19339000176170604,60
4497,4,9954,3516,6438,0,0,0,1.0,1,1.0,1,1.0,1,0.22420462500487326,59
4498,1,9955,3516,6439,0,0,0,1.0,1,1.0,1,1.0,1,0.20455295682161584,57
4499,6,9961,3519,6442,0,0,0,1.0,1,1.0,1,1.0,1,0.23456374163280824,58
4500,2,9963,3520,6443,0,0,0,1.0,1,1.0,1,1.0,1,0.20608749501812218,56
4501,3,9966,3520,6446,0,0,0,1.0,1,1.0,1,1.0,1,0.18657887806556142,57
4502,5,9971,3525,6446,0,0,0,1.0,1,1.0,1,1.0,1,0.24273762672068208,56
4503,1,9972,3525,6447,0,0,0,1.0,1,1.0,1,1.0,1,0.23075783672999958,54
4504,1,9973,3526,6447,0,0,0,1.0,1,1.0,1,1.0,1,0.21459820661872447,54
4505,4,9977,3530,6447,0,0,0,1.0,1,1.0,1,1.0,1,0.24575785589644517,51
4506,2,9979,3531,6448,0,0,0,1.0,1,1.0,1,1.0,1,0.2399180786641264,49
4507,4,9983,3534,6449,0,0,0,1.0,1,1.0,1,1.0,1,0.30008812097023735,48
4508,4,9987,3534,6453,0,0,0,1.0,1,1.0,1,1.0,1,0.27625184440441114,48
4509,2,9989,3534,6455,0,0,0,1.0,1,1.0,1,1.0,1,0.2973708936116211,46
4510,1,9990,3534,6456,0,0,0,1.0,1,1.0,1,1.0,1,0.28569481792118845,44
4511,0,9990,3534,6456,0,0,0,1.0,1,1.0,1,1.0,1,0.3006182351984499,45
4512,1,9991,3535,6456,0,0,0,1.0,1,1.0,1,1.0,1,0.3037080720281015,46
4513,0,9991,3535,6456,0,0,0,1.0,1,1.0,1,1.0,1,0.3131659673905329,45
4514,1,9992,3536,6456,0,0,0,1.0,1,1.0,1,1.0,1,0.2746276722121307,46
4515,2,9994,3536,6458,0,0,0,1.0,1,1.0,1,1.0,1,0.25588394092646827,48
4516,0,9994,3536,6458,0,0,0,1.0,1,1.0,1,1.0,1,0.25006688288860623,49
4517,1,9995,3537,6458,0,0,0,1.0,1,1.0,1,1.0,1,0.26545039785226926,50
4518,1,9996,3538,6458,0,0,0,1.0,1,1.0,1,1.0,1,0.25926054693559647,50
4519,3,9999,3540,6459,0,0,0,1.0,1,1.0,1,1.0,1,0.2648821803199188,49
4520,0,9999,3540,6459,0,0,0,1.0,1,1.0,1,1.0,1,0.2766075718889456,50
4521,1,10000,3540,6460,0,0,0,1.0,1,1.0,1,1.0,1,0.2523792352349372,50
4522,2,10002,3540,6462,0,0,0,1.0,1,1.0,1,1.0,1,0.220366021080505,50
4523,1,10003,3540,6463,0,0,0,1.0,1,1.0,1,1.0,1,0.2118551578208312,51
4524,1,10004,3541,6463,0,0,0,1.0,1,1.0,1,1.0,1,0.2307415326576397,52
4525,3,10007,3543,6464,0,0,0,1.0,1,1.0,1,1.0,1,0.2506313502868718,53
4526,2,10009,3543,6466,0,0,0,1.0,1,1.0,1,1.0,1,0.23161300675449023,54
4527,2,10011,3543,6468,0,0,0,1.0,1,1.0,1,1.0,1,0.21504102197501487,55
4528,0,10011,3543,6468,0,0,0,1.0,1,1.0,1,1.0,1,0.21504102197501487,55
4529,3,10014,3543,6471,0,0,0,1.0,1,1.0,1,1.0,1,0.1789722649381326,55
4530,0,10014,3543,6471,0,0,0,1.0,1,1.0,1,1.0,1,0.17750712508547747,56
4531,2,10016,3545,6471,0,0,0,1.0,1,1.0,1,1.0,1,0.24888406258333692,56
4532,2,10018,3546,6472,0,0,0,1.0,1,1.0,1,1.0,1,0.2984426652893031,55
4533,1,10019,3547,6472,0,0,0,1.0,1,1.0,1,1.0,1,0.3167161611551918,54
4534,1,10020,3547,6473,0,0,0,1.0,1,1.0,1,1.0,1,0.314176562812636,55
4535,0,10020,3547,6473,0,0,0,1.0,1,1.0,1,1.0,1,0.307421250153179,52
4536,2,10022,3549,6473,0,0,0,1.0,1,1.0,1,1.0,1,0.29887146229333267,53
4537,1,10023,3550,6473,0,0,0,1.0,1,1.0,1,1.0,1,0.28299183198078964,52
4538,1,10024,3551,6473,0,0,0,1.0,1,1.0,1,1.0,1,0.30277716444721253,52
4539,1,10025,3552,6473,0,0,0,1.0,1,1.0,1,1.0,1,0.3316460235027916,53
4540,3,10028,3553,6475,0,0,0,1.0,1,1.0,1,1.0,1,0.30913441902486355,54
4541,6,10034,3553,6481,0,0,0,1.0,1,1.0,1,1.0,1,0.2248123525554444,53
4542,4,10038,3557,6481,0,0,0,1.0,1,1.0,1,1.0,1,0.2297498704711835,53
4543,3,10041,3559,6482,0,0,0,1.0,1,1.0,1,1.0,1,0.23317056719989396,53
4544,2,10043,3561,6482,0,0,0,1.0,1,1.0,1,1.0,1,0.2517166643713254,52
4545,0,10043,3561,6482,0,0,0,1.0,1,1.0,1,1.0,1,0.25758162557284875,50
4546,1,10044,3562,6482,0,0,0,1.0,1,1.0,1,1.0,1,0.23023989563753813,49
4547,1,10045,3563,6482,0,0,0,1.0,1,1.0,1,1.0,1,0.23242309606412231,49
4548,0,10045,3563,6482,0,0,0,1.0,1,1.0,1,1.0,1,0.23242309606412231,49
4549,2,10047,3564,6483,0,0,0,1.0,1,1.0,1,1.0,1,0.2186350305337915,50
4550,0,10047,3564,6483,0,0,0,1.0,1,1.0,1,1.0,1,0.21388803557075106,49
4551,1,10048,3565,6483,0,0,0,1.0,1,1.0,1,1.0,1,0.20138488224992634,49
4552,0,10048,3565,6483,0,0,0,1.0,1,1.0,1,1.0,1,0.20138488224992634,49
4553,1,10049,3565,6484,0,0,0,1.0,1,1.0,1,1.0,1,0.19264100569421364,49
4554,0,10049,3565,6484,0,0,0,1.0,1,1.0,1,1.0,1,0.19264100569421364,49
4555,1,10050,3566,6484,0,0,0,1.0,1,1.0,1,1.0,1,0.2114175449467948,48
4556,3,10053,3569,6484,0,0,0,1.0,1,1.0,1,1.0,1,0.1609744947218048,48
4557,1,10054,3570,6484,0,0,0,1.0,1,1.0,1,1.0,1,0.17713644051625121,49
4558,1,10055,3571,6484,0,0,0,1.0,1,1.0,1,1.0,1,0.16394115826867797,49
4559,0,10055,3571,6484,0,0,0,1.0,1,1.0,1,1.0,1,0.18719998661231693,50
4560,0,10055,3571,6484,0,0,0,1.0,1,1.0,1,1.0,1,0.19331568341651031,51
4561,0,10055,3571,6484,0,0,0,1.0,1,1.0,1,1.0,1,0.19373009221933937,52
4562,1,10056,3572,6484,0,0,0,1.0,1,1.0,1,1.0,1,0.23434180437252528,53
4563,2,10058,3573,6485,0,0,0,1.0,1,1.0,1,1.0,1,0.20679603074658365,52
4564,0,10058,3573,6485,0,0,0,1.0,1,1.0,1,1.0,1,0.2125424311703133,54
4565,4,10062,3576,6486,0,0,0,1.0,1,1.0,1,1.0,1,0.21629773552717776,55
4566,3,10065,3577,6488,0,0,0,1.0,1,1.0,1,1.0,1,0.180523080593418,55
4567,1,10066,3578,6488,0,0,0,1.0,1,1.0,1,1.0,1,0.1736906917218443,56
4568,1,10067,3579,6488,0,0,0,1.0,1,1.0,1,1.0,1,0.2074907998880738,58
4569,1,10068,3579,6489,0,0,0,1.0,1,1.0,1,1.0,1,0.1882399204274931,59
4570,1,10069,3580,6489,0,0,0,1.0,1,1.0,1,1.0,1,0.18616582587025884,59
4571,0,10069,3580,6489,0,0,0,1.0,1,1.0,1,1.0,1,0.1872257628952805,57
4572,3,10072,3583,6489,0,0,0,1.0,1,1.0,1,1.0,1,0.2321532059643475,56
4573,3,10075,3584,6491,0,0,0,1.0,1,1.0,1,1.0,1,0.22797425183266587,56
4574,0,10075,3584,6491,0,0,0,1.0,1,1.0,1,1.0,1,0.24741548771120386,55
4575,0,10075,3584,6491,0,0,0,1.0,1,1.0,1,1.0,1,0.24741548771120386,55
4576,0,10075,3584,6491,0,0,0,1.0,1,1.0,1,1.0,1,0.2392124077294638,55
4577,0,10075,3584,6491,0,0,0,1.0,1,1.0,1,1.0,1,0.25405366719428124,54
4578,1,10076,3585,6491,0,0,0,1.0,1,1.0,1,1.0,1,0.26196282809480426,54
4579,1,10077,3585,6492,0,0,0,1.0,1,1.0,1,1.0,1,0.24514949145639298,54
4580,0,10077,3585,6492,0,0,0,1.0,1,1.0,1,1.0,1,0.23792841789333344,55
4581,3,10080,3586,6494,0,0,0,1.0,1,1.0,1,1.0,1,0.2490186680025295,56
4582,0,10080,3586,6494,0,0,0,1.0,1,1.0,1,1.0,1,0.2490186680025295,56
4583,1,10081,3587,6494,0,0,0,1.0,1,1.0,1,1.0,1,0.24860347018787807,57
4584,1,10082,3588,6494,0,0,0,1.0,1,1.0,1,1.0,1,0.2715333378043939,57
4585,0,10082,3588,6494,0,0,0,1.0,1,1.0,1,1.0,1,0.2715333378043939,57
4586,0,10082,3588,6494,0,0,0,1.0,1,1.0,1,1.0,1,0.2715333378043939,57
4587,0,10082,3588,6494,0,0,0,1.0,1,1.0,1,1.0,1,0.2715333378043939,57
4588,1,10083,3588,6495,0,0,0,1.0,1,1.0,1,1.0,1,0.2751210787793139,58
4589,1,10084,3588,6496,0,0,0,1.0,1,1.0,1,1.0,1,0.26870450053727457,59
4590,0,10084,3588,6496,0,0,0,1.0,1,1.0,1,1.0,1,0.27790389627058165,60
4591,0,10084,3588,6496,0,0,0,1.0,1,1.0,1,1.0,1,0.2846559901003967,61
4592,0,10084,3588,6496,0,0,0,1.0,1,1.0,1,1.0,1,0.28619705023153297,62
4593,4,10088,3589,6499,0,0,0,1.0,1,1.0,1,1.0,1,0.29729123476206143,64
4594,1,10089,3589,6500,0,0,0,1.0,1,1.0,1,1.0,1,0.27477522534409565,64
4595,1,10090,3590,6500,0,0,0,1.0,1,1.0,1,1.0,1,0.27811735596461223,63
4596,1,10091,3591,6500,0,0,0,1.0,1,1.0,1,1.0,1,0.27536555657154344,63
4597,2,10093,3592,6501,0,0,0,1.0,1,1.0,1,1.0,1,0.26054362685009036,63
4598,2,10095,3593,6502,0,0,0,1.0,1,1.0,1,1.0,1,0.23464825639750075,65
4599,2,10097,3594,6503,0,0,0,1.0,1,1.0,1,1.0,1,0.228114958671642,66
4600,2,10099,3595,6504,0,0,0,1.0,1,1.0,1,1.0,1,0.24596970325810394,67
4601,4,10103,3595,6508,0,0,0,1.0,1,1.0,1,1.0,1,0.18594071102112747,67
4602,2,10105,3595,6510,0,0,0,1.0,1,1.0,1,1.0,1,0.17027808305963957,69
4603,1,10106,3596,6510,0,0,0,1.0,1,1.0,1,1.0,1,0.1913546992850575,69
4604,0,10106,3596,6510,0,0,0,1.0,1,1.0,1,1.0,1,0.1913546992850575,69
4605,0,10106,3596,6510,0,0,0,1.0,1,1.0,1,1.0,1,0.19397770337831982,70
4606,0,10106,3596,6510,0,0,0,1.0,1,1.0,1,1.0,1,0.19397770337831982,70
4607,1,10107,3596,6511,0,0,0,1.0,1,1.0,1,1.0,1,0.19044173524507593,72
4608,1,10108,3596,6512,0,0,0,1.0,1,1.0,1,1.0,1,0.18449224858809382,73
4609,1,10109,3597,6512,0,0,0,1.0,1,1.0,1,1.0,1,0.20273723311827185,72
4610,3,10112,3598,6514,0,0,0,1.0,1,1.0,1,1.0,1,0.1866585805378705,72
4611,0,10112,3598,6514,0,0,0,1.0,1,1.0,1,1.0,1,0.18042274280220635,71
4612,2,10114,3600,6514,0,0,0,1.0,1,1.0,1,1.0,1,0.22133899997192885,70
4613,0,10114,3600,6514,0,0,0,1.0,1,1.0,1,1.0,1,0.2123180444694231,69
4614,1,10115,3600,6515,0,0,0,1.0,1,1.0,1,1.0,1,0.22372747199541654,68
4615,3,10118,3602,6516,0,0,0,1.0,1,1.0,1,1.0,1,0.22086244261037694,68
4616,5,10123,3602,6521,0,0,0,1.0,1,1.0,1,1.0,1,0.23648199016296925,65
4617,1,10124,3603,6521,0,0,0,1.0,1,1.0,1,1.0,1,0.23377659779955895,66
4618,2,10126,3604,6522,0,0,0,1.0,1,1.0,1,1.0,1,0.2521739742420635,66
4619,1,10127,3604,6523,0,0,0,1.0,1,1.0,1,1.0,1,0.26883544096722223,65
4620,3,10130,3604,6526,0,0,0,1.0,1,1.0,1,1.0,1,0.2630123434732314,65
4621,10,10140,3608,6532,0,0,0,1.0,1,1.0,1,1.0,1,0.22933539240959963,67
4622,1,10141,3609,6532,0,0,0,1.0,1,1.0,1,1.0,1,0.24472166124304404,65
4623,2,10143,3611,6532,0,0,0,1.0,1,1.0,1,1.0,1,0.2515390975619202,66
4624,2,10145,3613,6532,0,0,0,1.0,1,1.0,1,1.0,1,0.24002235465565266,65
4625,1,10146,3613,6533,0,0,0,1.0,1,1.0,1,1.0,1,0.23428169259593473,64
4626,2,10148,3615,6533,0,0,0,1.0,1,1.0,1,1.0,1,0.23984849605074482,63
4627,2,10150,3616,6534,0,0,0,1.0,1,1.0,1,1.0,1,0.22353878508140948,65
4628,0,10150,3616,6534,0,0,0,1.0,1,1.0,1,1.0,1,0.23865030885701197,64
4629,2,10152,3618,6534,0,0,0,1.0,1,1.0,1,1.0,1,0.25166806997086544,64
4630,3,10155,3619,6536,0,0,0,1.0,1,1.0,1,1.0,1,0.226869723712046,64
4631,4,10159,3620,6539,0,0,0,1.0,1,1.0,1,1.0,1,0.23313406465744665,66
4632,0,10159,3620,6539,0,0,0,1.0,1,1.0,1,1.0,1,0.24197516207929873,65
4633,0,10159,3620,6539,0,0,0,1.0,1,1.0,1,1.0,1,0.22960029052733338,66
4634,0,10159,3620,6539,0,0,0,1.0,1,1.0,1,1.0,1,0.22960029052733338,66
4635,0,10159,3620,6539,0,0,0,1.0,1,1.0,1,1.0,1,0.23100339454233604,66
4636,0,10159,3620,6539,0,0,0,1.0,1,1.0,1,1.0,1,0.23100339454233604,66
4637,2,10161,3620,6541,0,0,0,1.0,1,1.0,1,1.0,1,0.2159847868455508,68
4638,0,10161,3620,6541,0,0,0,1.0,1,1.0,1,1.0,1,0.2159847868455508,68
4639,3,10164,3621,6543,0,0,0,1.0,1,1.0,1,1.0,1,0.20097520834077792,69
4640,0,10164,3621,6543,0,0,0,1.0,1,1.0,1,1.0,1,0.20097520834077792,69
4641,7,10171,3622,6549,0,0,0,1.0,1,1.0,1,1.0,1,0.12240884755197902,70
4642,0,10171,3622,6549,0,0,0,1.0,1,1.0,1,1.0,1,0.12534365987452606,69
4643,1,10172,3623,6549,0,0,0,1.0,1,1.0,1,1.0,1,0.14570695922400126,70
4644,1,10173,3624,6549,0,0,0,1.0,1,1.0,1,1.0,1,0.180073868507966,69
4645,1,10174,3624,6550,0,0,0,1.0,1,1.0,1,1.0,1,0.1725310153012751,70
4646,2,10176,3626,6550,0,0,0,1.0,1,1.0,1,1.0,1,0.2150284047916355,68
4647,2,10178,3628,6550,0,0,0,1.0,1,1.0,1,1.0,1,0.25811548465037926,68
4648,2,10180,3628,6552,0,0,0,1.0,1,1.0,1,1.0,1,0.28646863322474647,67
4649,7,10187,3630,6557,0,0,0,1.0,1,1.0,1,1.0,1,0.29993195668150113,67
4650,3,10190,3631,6559,0,0,0,1.0,1,1.0,1,1.0,1,0.2617978486258686,67
4651,6,10196,3634,6562,0,0,0,1.0,1,1.0,1,1.0,1,0.26990127130318436,68
4652,5,10201,3636,6565,0,0,0,1.0,1,1.0,1,1.0,1,0.2775676309388762,66
4653,2,10203,3637,6566,0,0,0,1.0,1,1.0,1,1.0,1,0.2542926858387679,64
4654,2,10205,3638,6567,0,0,0,1.0,1,1.0,1,1.0,1,0.28418617070452606,65
4655,0,10205,3638,6567,0,0,0,1.0,1,1.0,1,1.0,1,0.2814069919346361,64
4656,1,10206,3638,6568,0,0,0,1.0,1,1.0,1,1.0,1,0.2791673728766657,65
4657,2,10208,3640,6568,0,0,0,1.0,1,1.0,1,1.0,1,0.27464853517764015,66
4658,3,10211,3641,6570,0,0,0,1.0,1,1.0,1,1.0,1,0.2941356915325064,65
4659,1,10212,3641,6571,0,0,0,1.0,1,1.0,1,1.0,1,0.2985580786688589,65
4660,1,10213,3642,6571,0,0,0,1.0,1,1.0,1,1.0,1,0.31837017194587763,66
4661,5,10218,3642,6576,0,0,0,1.0,1,1.0,1,1.0,1,0.28186167723101324,66
4662,2,10220,3642,6578,0,0,0,1.0,1,1.0,1,1.0,1,0.2605893494233393,68
4663,4,10224,3643,6581,0,0,0,1.0,1,1.0,1,1.0,1,0.23760292970905603,67
4664,2,10226,3644,6582,0,0,0,1.0,1,1.0,1,1.0,1,0.24353442078312254,67
4665,1,10227,3645,6582,0,0,0,1.0,1,1.0,1,1.0,1,0.2421968578252559,67
4666,2,10229,3646,6583,0,0,0,1.0,1,1.0,1,1.0,1,0.25394842203946444,67
4667,1,10230,3647,6583,0,0,0,1.0,1,1.0,1,1.0,1,0.2569350104259915,66
4668,1,10231,3648,6583,0,0,0,1.0,1,1.0,1,1.0,1,0.27114323985027905,66
4669,3,10234,3650,6584,0,0,0,1.0,1,1.0,1,1.0,1,0.2612974244279584,66
4670,0,10234,3650,6584,0,0,0,1.0,1,1.0,1,1.0,1,0.2728709716331322,64
4671,0,10234,3650,6584,0,0,0,1.0,1,1.0,1,1.0,1,0.2728709716331322,64
4672,1,10235,3651,6584,0,0,0,1.0,1,1.0,1,1.0,1,0.3040802262970751,64
4673,1,10236,3652,6584,0,0,0,1.0,1,1.0,1,1.0,1,0.3067059494373283,65
4674,6,10242,3654,6588,0,0,0,1.0,1,1.0,1,1.0,1,0.2878123509241385,66
4675,2,10244,3654,6590,0,0,0,1.0,1,1.0,1,1.0,1,0.2962747423059152,65
4676,2,10246,3654,6592,0,0,0,1.0,1,1.0,1,1.0,1,0.3004834972977963,65
4677,2,10248,3656,6592,0,0,0,1.0,1,1.0,1,1.0,1,0.29370938907649374,65
4678,0,10248,3656,6592,0,0,0,1.0,1,1.0,1,1.0,1,0.30931785151287067,64
4679,4,10252,3657,6595,0,0,0,1.0,1,1.0,1,1.0,1,0.30349834709655643,66
4680,3,10255,3657,6598,0,0,0,1.0,1,1.0,1,1.0,1,0.30769503592017633,67
4681,13,10268,3658,6610,0,0,0,1.0,1,1.0,1,1.0,1,0.19072090766587524,67
4682,5,10273,3660,6613,0,0,0,1.0,1,1.0,1,1.0,1,0.20065497248603245,67
4683,3,10276,3661,6615,0,0,0,1.0,1,1.0,1,1.0,1,0.20869120754728143,67
4684,2,10278,3661,6617,0,0,0,1.0,1,1.0,1,1.0,1,0.20841955643879506,66
4685,2,10280,3661,6619,0,0,0,1.0,1,1.0,1,1.0,1,0.17884369617734816,65
4686,2,10282,3661,6621,0,0,0,1.0,1,1.0,1,1.0,1,0.18478744194385807,65
4687,4,10286,3661,6625,0,0,0,1.0,1,1.0,1,1.0,1,0.1821724998573769,65
4688,5,10291,3663,6628,0,0,0,1.0,1,1.0,1,1.0,1,0.23553003414804002,64
4689,8,10299,3665,6634,0,0,0,1.0,1,1.0,1,1.0,1,0.2569617853067429,65
4690,3,10302,3665,6637,0,0,0,1.0,1,1.0,1,1.0,1,0.2623163710445596,63
4691,11,10313,3668,6645,0,0,0,1.0,1,1.0,1,1.0,1,0.27388416748558114,64
4692,2,10315,3668,6647,0,0,0,1.0,1,1.0,1,1.0,1,0.2705122143496217,63
4693,2,10317,3668,6649,0,0,0,1.0,1,1.0,1,1.0,1,0.256262486788972,64
4694,3,10320,3669,6651,0,0,0,1.0,1,1.0,1,1.0,1,0.25803613163278266,63
4695,4,10324,3669,6655,0,0,0,1.0,1,1.0,1,1.0,1,0.2587674201559165,62
4696,3,10327,3669,6658,0,0,0,1.0,1,1.0,1,1.0,1,0.2361805035078119,61
4697,6,10333,3669,6664,0,0,0,1.0,1,1.0,1,1.0,1,0.22006738359482222,63
4698,6,10339,3669,6670,0,0,0,1.0,1,1.0,1,1.0,1,0.23071500976335108,63
4699,5,10344,3669,6675,0,0,0,1.0,1,1.0,1,1.0,1,0.24464959128620165,65
4700,6,10350,3669,6681,0,0,0,1.0,1,1.0,1,1.0,1,0.2587156249745717,64
4701,6,10356,3669,6687,0,0,0,1.0,1,1.0,1,1.0,1,0.20178629605914214,64
4702,0,10356,3669,6687,0,0,0,1.0,1,1.0,1,1.0,1,0.20159783644662957,66
4703,0,10356,3669,6687,0,0,0,1.0,1,1.0,1,1.0,1,0.2004679315443323,65
4704,6,10362,3672,6690,0,0,0,1.0,1,1.0,1,1.0,1,0.16948412143565275,64
4705,4,10366,3674,6692,0,0,0,1.0,1,1.0,1,1.0,1,0.23269266782235107,65
4706,3,10369,3676,6693,0,0,0,1.0,1,1.0,1,1.0,1,0.2509201039907711,65
4707,5,10374,3679,6695,0,0,0,1.0,1,1.0,1,1.0,1,0.2841049585084514,63
4708,2,10376,3680,6696,0,0,0,1.0,1,1.0,1,1.0,1,0.2647469491939918,62
4709,3,10379,3683,6696,0,0,0,1.0,1,1.0,1,1.0,1,0.32439055199940536,61
4710,0,10379,3683,6696,0,0,0,1.0,1,1.0,1,1.0,1,0.3258431646217904,60
4711,3,10382,3685,6697,0,0,0,1.0,1,1.0,1,1.0,1,0.3362717180246682,59
4712,0,10382,3685,6697,0,0,0,1.0,1,1.0,1,1.0,1,0.3376505902982281,58
4713,2,10384,3686,6698,0,0,0,1.0,1,1.0,1,1.0,1,0.35664722064900334,58
4714,3,10387,3686,6701,0,0,0,1.0,1,1.0,1,1.0,1,0.3424475394404789,57
4715,3,10390,3686,6704,0,0,0,1.0,1,1.0,1,1.0,1,0.34135008439211106,57
4716,3,10393,3687,6706,0,0,0,1.0,1,1.0,1,1.0,1,0.32305707429950953,55
4717,2,10395,3688,6707,0,0,0,1.0,1,1.0,1,1.0,1,0.338060421349054,57
4718,1,10396,3688,6708,0,0,0,1.0,1,1.0,1,1.0,1,0.33324872845691217,56
4719,3,10399,3689,6710,0,0,0,1.0,1,1.0,1,1.0,1,0.3607935305661375,56
4720,0,10399,3689,6710,0,0,0,1.0,1,1.0,1,1.0,1,0.3531181885125089,57
4721,12,10411,3689,6722,0,0,0,1.0,1,1.0,1,1.0,1,0.19941329526686458,57
4722,0,10411,3689,6722,0,0,0,1.0,1,1.0,1,1.0,1,0.19941329526686458,57
4723,2,10413,3691,6722,0,0,0,1.0,1,1.0,1,1.0,1,0.19903839619328395,57
4724,0,10413,3691,6722,0,0,0,1.0,1,1.0,1,1.0,1,0.20059621951568435,57
4725,2,10415,3692,6723,0,0,0,1.0,1,1.0,1,1.0,1,0.23333905102539199,57
4726,0,10415,3692,6723,0,0,0,1.0,1,1.0,1,1.0,1,0.23333905102539199,57
4727,0,10415,3692,6723,0,0,0,1.0,1,1.0,1,1.0,1,0.24880476329309098,56
4728,0,10415,3692,6723,0,0,0,1.0,1,1.0,1,1.0,1,0.2562462852951945,57
4729,1,10416,3692,6724,0,0,0,1.0,1,1.0,1,1.0,1,0.25532341899152955,56
4730,2,10418,3694,6724,0,0,0,1.0,1,1.0,1,1.0,1,0.31595193538533434,54
4731,1,10419,3694,6725,0,0,0,1.0,1,1.0,1,1.0,1,0.31836031112246094,54
4732,2,10421,3695,6726,0,0,0,1.0,1,1.0,1,1.0,1,0.35004860252047787,54
4733,2,10423,3696,6727,0,0,0,1.0,1,1.0,1,1.0,1,0.35794091906546804,55
4734,5,10428,3697,6731,0,0,0,1.0,1,1.0,1,1.0,1,0.373594807006214,56
4735,3,10431,3698,6733,0,0,0,1.0,1,1.0,1,1.0,1,0.395114985133817,56
4736,3,10434,3699,6735,0,0,0,1.0,1,1.0,1,1.0,1,0.3879482635571794,58
4737,8,10442,3699,6743,0,0,0,1.0,1,1.0,1,1.0,1,0.3731984629148211,59
4738,3,10445,3699,6746,0,0,0,1.0,1,1.0,1,1.0,1,0.38684294349467524,60
4739,3,10448,3699,6749,0,0,0,1.0,1,1.0,1,1.0,1,0.3816352970996015,60
4740,0,10448,3699,6749,0,0,0,1.0,1,1.0,1,1.0,1,0.3816352970996015,60
4741,10,10458,3700,6758,0,0,0,1.0,1,1.0,1,1.0,1,0.29241289362982587,61
4742,2,10460,3701,6759,0,0,0,1.0,1,1.0,1,1.0,1,0.2835202398108039,61
4743,0,10460,3701,6759,0,0,0,1.0,1,1.0,1,1.0,1,0.2737485657350316,60
4744,1,10461,3702,6759,0,0,0,1.0,1,1.0,1,1.0,1,0.2668279236763351,60
4745,2,10463,3702,6761,0,0,0,1.0,1,1.0,1,1.0,1,0.24346489068806826,59
4746,2,10465,3704,6761,0,0,0,1.0,1,1.0,1,1.0,1,0.28129554569910825,59
4747,4,10469,3706,6763,0,0,0,1.0,1,1.0,1,1.0,1,0.2734466011689904,58
4748,5,10474,3708,6766,0,0,0,1.0,1,1.0,1,1.0,1,0.26171571030192975,58
4749,5,10479,3710,6769,0,0,0,1.0,1,1.0,1,1.0,1,0.25655412219659063,58
4750,1,10480,3711,6769,0,0,0,1.0,1,1.0,1,1.0,1,0.2679892071040384,56
4751,8,10488,3713,6775,0,0,0,1.0,1,1.0,1,1.0,1,0.23099014778479857,58
4752,3,10491,3714,6777,0,0,0,1.0,1,1.0,1,1.0,1,0.22807725000417228,55
4753,1,10492,3714,6778,0,0,0,1.0,1,1.0,1,1.0,1,0.22456428696453243,55
4754,4,10496,3715,6781,0,0,0,1.0,1,1.0,1,1.0,1,0.2297609555186474,54
4755,3,10499,3716,6783,0,0,0,1.0,1,1.0,1,1.0,1,0.20348671717300593,54
4756,4,10503,3719,6784,0,0,0,1.0,1,1.0,1,1.0,1,0.24045687742849076,54
4757,1,10504,3719,6785,0,0,0,1.0,1,1.0,1,1.0,1,0.2497251665112809,53
4758,1,10505,3719,6786,0,0,0,1.0,1,1.0,1,1.0,1,0.2369798684693685,53
4759,3,10508,3719,6789,0,0,0,1.0,1,1.0,1,1.0,1,0.23050561431370578,53
4760,2,10510,3720,6790,0,0,0,1.0,1,1.0,1,1.0,1,0.25820721032124294,53
4761,5,10515,3722,6793,0,0,0,1.0,1,1.0,1,1.0,1,0.1964604246880199,52
4762,3,10518,3724,6794,0,0,0,1.0,1,1.0,1,1.0,1,0.24004892886038784,54
4763,3,10521,3725,6796,0,0,0,1.0,1,1.0,1,1.0,1,0.25579473484398596,54
4764,3,10524,3725,6799,0,0,0,1.0,1,1.0,1,1.0,1,0.23323378179825596,55
4765,6,10530,3728,6802,0,0,0,1.0,1,1.0,1,1.0,1,0.27609181251380926,56
4766,4,10534,3729,6805,0,0,0,1.0,1,1.0,1,1.0,1,0.2730471078518644,58
4767,7,10541,3730,6811,0,0,0,1.0,1,1.0,1,1.0,1,0.26277302314330075,59
4768,6,10547,3731,6816,0,0,0,1.0,1,1.0,1,1.0,1,0.2357425956232518,60
4769,5,10552,3731,6821,0,0,0,1.0,1,1.0,1,1.0,1,0.23277801685624439,59
4770,5,10557,3731,6826,0,0,0,1.0,1,1.0,1,1.0,1,0.23549969898602424,60
4771,2,10559,3731,6828,0,0,0,1.0,1,1.0,1,1.0,1,0.2447338674779048,59
4772,5,10564,3731,6833,0,0,0,1.0,1,1.0,1,1.0,1,0.23713421410259006,59
4773,4,10568,3731,6837,0,0,0,1.0,1,1.0,1,1.0,1,0.22477631575416288,60
4774,3,10571,3732,6839,0,0,0,1.0,1,1.0,1,1.0,1,0.26155864610354845,60
4775,2,10573,3732,6841,0,0,0,1.0,1,1.0,1,1.0,1,0.25054075294039324,62
4776,5,10578,3732,6846,0,0,0,1.0,1,1.0,1,1.0,1,0.2287638245326192,63
4777,1,10579,3732,6847,0,0,0,1.0,1,1.0,1,1.0,1,0.2232192086119091,63
4778,2,10581,3732,6849,0,0,0,1.0,1,1.0,1,1.0,1,0.2232192086119091,63
4779,4,10585,3732,6853,0,0,0,1.0,1,1.0,1,1.0,1,0.2232192086119091,63
4780,5,10590,3733,6857,0,0,0,1.0,1,1.0,1,1.0,1,0.21854355385590635,65
4781,4,10594,3734,6860,0,0,0,1.0,1,1.0,1,1.0,1,0.2018396240563245,64
4782,2,10596,3734,6862,0,0,0,1.0,1,1.0,1,1.0,1,0.20297255984586254,65
4783,4,10600,3735,6865,0,0,0,1.0,1,1.0,1,1.0,1,0.18377035662839905,66
4784,4,10604,3738,6866,0,0,0,1.0,1,1.0,1,1.0,1,0.19858004548078764,64
4785,3,10607,3739,6868,0,0,0,1.0,1,1.0,1,1.0,1,0.1839056494452195,65
4786,3,10610,3741,6869,0,0,0,1.0,1,1.0,1,1.0,1,0.21587240130513147,66
4787,3,10613,3742,6871,0,0,0,1.0,1,1.0,1,1.0,1,0.1826029937117344,63
4788,9,10622,3747,6875,0,0,0,1.0,1,1.0,1,1.0,1,0.18150321703886732,63
4789,3,10625,3750,6875,0,0,0,1.0,1,1.0,1,1.0,1,0.19549563464150604,60
4790,4,10629,3754,6875,0,0,0,1.0,1,1.0,1,1.0,1,0.2115052321875311,61
4791,8,10637,3758,6879,0,0,0,1.0,1,1.0,1,1.0,1,0.20342056139779216,59
4792,3,10640,3761,6879,0,0,0,1.0,1,1.0,1,1.0,1,0.21632335103979572,59
4793,1,10641,3761,6880,0,0,0,1.0,1,1.0,1,1.0,1,0.20059501544677918,61
4794,3,10644,3763,6881,0,0,0,1.0,1,1.0,1,1.0,1,0.18691134305346296,60
4795,0,10644,3763,6881,0,0,0,1.0,1,1.0,1,1.0,1,0.19579126429197113,61
4796,1,10645,3764,6881,0,0,0,1.0,1,1.0,1,1.0,1,0.1863310107382414,60
4797,3,10648,3766,6882,0,0,0,1.0,1,1.0,1,1.0,1,0.21273407630993424,61
4798,0,10648,3766,6882,0,0,0,1.0,1,1.0,1,1.0,1,0.22220865819641966,61
4799,0,10648,3766,6882,0,0,0,1.0,1,1.0,1,1.0,1,0.21827373141249234,59
4800,1,10649,3767,6882,0,0,0,1.0,1,1.0,1,1.0,1,0.2212461975136799,57
4801,4,10653,3767,6886,0,0,0,1.0,1,1.0,1,1.0,1,0.15727523267986337,58
4802,0,10653,3767,6886,0,0,0,1.0,1,1.0,1,1.0,1,0.16116593015546615,56
4803,3,10656,3769,6887,0,0,0,1.0,1,1.0,1,1.0,1,0.17322099812697406,57
4804,0,10656,3769,6887,0,0,0,1.0,1,1.0,1,1.0,1,0.15737890005826335,55
4805,2,10658,3771,6887,0,0,0,1.0,1,1.0,1,1.0,1,0.19919875881048138,56
4806,1,10659,3771,6888,0,0,0,1.0,1,1.0,1,1.0,1,0.16248709738758202,55
4807,0,10659,3771,6888,0,0,0,1.0,1,1.0,1,1.0,1,0.17995973229337156,53
4808,0,10659,3771,6888,0,0,0,1.0,1,1.0,1,1.0,1,0.18355057341571895,54
4809,0,10659,3771,6888,0,0,0,1.0,1,1.0,1,1.0,1,0.20532854854983196,53
4810,0,10659,3771,6888,0,0,0,1.0,1,1.0,1,1.0,1,0.20532854854983196,53
4811,2,10661,3771,6890,0,0,0,1.0,1,1.0,1,1.0,1,0.1651165769756569,54
4812,2,10663,3773,6890,0,0,0,1.0,1,1.0,1,1.0,1,0.18038691407024748,54
4813,0,10663,3773,6890,0,0,0,1.0,1,1.0,1,1.0,1,0.18477267301557795,55
4814,2,10665,3775,6890,0,0,0,1.0,1,1.0,1,1.0,1,0.2118119621191349,55
4815,1,10666,3775,6891,0,0,0,1.0,1,1.0,1,1.0,1,0.19448827089307033,56
4816,4,10670,3779,6891,0,0,0,1.0,1,1.0,1,1.0,1,0.22107883788472324,56
4817,2,10672,3781,6891,0,0,0,1.0,1,1.0,1,1.0,1,0.2748165766691112,58
4818,7,10679,3785,6894,0,0,0,1.0,1,1.0,1,1.0,1,0.29531525920514795,58
4819,0,10679,3785,6894,0,0,0,1.0,1,1.0,1,1.0,1,0.26973992445245254,58
4820,1,10680,3785,6895,0,0,0,1.0,1,1.0,1,1.0,1,0.25578796200341675,58
4821,8,10688,3786,6902,0,0,0,1.0,1,1.0,1,1.0,1,0.17045068120889031,58
4822,2,10690,3787,6903,0,0,0,1.0,1,1.0,1,1.0,1,0.1745098927915451,58
4823,1,10691,3788,6903,0,0,0,1.0,1,1.0,1,1.0,1,0.18498820007565306,57
4824,2,10693,3790,6903,0,0,0,1.0,1,1.0,1,1.0,1,0.22402459210933257,56
4825,3,10696,3790,6906,0,0,0,1.0,1,1.0,1,1.0,1,0.2044444008103107,57
4826,2,10698,3791,6907,0,0,0,1.0,1,1.0,1,1.0,1,0.20598558438897027,57
4827,0,10698,3791,6907,0,0,0,1.0,1,1.0,1,1.0,1,0.23147508349653287,56
4828,2,10700,3793,6907,0,0,0,1.0,1,1.0,1,1.0,1,0.19816016124111452,57
4829,0,10700,3793,6907,0,0,0,1.0,1,1.0,1,1.0,1,0.20512403638790735,56
4830,0,10700,3793,6907,0,0,0,1.0,1,1.0,1,1.0,1,0.1909198541665729,57
4831,5,10705,3796,6909,0,0,0,1.0,1,1.0,1,1.0,1,0.23937639415178635,57
4832,3,10708,3796,6912,0,0,0,1.0,1,1.0,1,1.0,1,0.25116015069354863,55
4833,6,10714,3797,6917,0,0,0,1.0,1,1.0,1,1.0,1,0.27345035314735083,55
4834,5,10719,3798,6921,0,0,0,1.0,1,1.0,1,1.0,1,0.2937832923308744,55
4835,5,10724,3798,6926,0,0,0,1.0,1,1.0,1,1.0,1,0.2816322841952603,55
4836,2,10726,3798,6928,0,0,0,1.0,1,1.0,1,1.0,1,0.27414393477705623,55
4837,3,10729,3799,6930,0,0,0,1.0,1,1.0,1,1.0,1,0.2820294195925072,53
4838,1,10730,3799,6931,0,0,0,1.0,1,1.0,1,1.0,1,0.2695776238408782,54
4839,3,10733,3800,6933,0,0,0,1.0,1,1.0,1,1.0,1,0.2770288027607016,53
4840,5,10738,3801,6937,0,0,0,1.0,1,1.0,1,1.0,1,0.22828376443755027,52
4841,4,10742,3803,6939,0,0,0,1.0,1,1.0,1,1.0,1,0.19705033623642337,51
4842,4,10746,3804,6942,0,0,0,1.0,1,1.0,1,1.0,1,0.19048293057247845,50
4843,3,10749,3806,6943,0,0,0,1.0,1,1.0,1,1.0,1,0.19353041028663256,51
4844,1,10750,3806,6944,0,0,0,1.0,1,1.0,1,1.0,1,0.1675138055890386,50
4845,2,10752,3808,6944,0,0,0,1.0,1,1.0,1,1.0,1,0.19121799191859493,49
4846,2,10754,3809,6945,0,0,0,1.0,1,1.0,1,1.0,1,0.1776329623087301,49
4847,0,10754,3809,6945,0,0,0,1.0,1,1.0,1,1.0,1,0.18351531961002843,48
4848,2,10756,3811,6945,0,0,0,1.0,1,1.0,1,1.0,1,0.2298208444124774,48
4849,3,10759,3812,6947,0,0,0,1.0,1,1.0,1,1.0,1,0.19994696221811828,48
4850,1,10760,3812,6948,0,0,0,1.0,1,1.0,1,1.0,1,0.18768457986351506,49
4851,1,10761,3813,6948,0,0,0,1.0,1,1.0,1,1.0,1,0.17471789535609628,49
4852,1,10762,3813,6949,0,0,0,1.0,1,1.0,1,1.0,1,0.19238270359192744,49
4853,0,10762,3813,6949,0,0,0,1.0,1,1.0,1,1.0,1,0.1912383692742159,50
4854,1,10763,3814,6949,0,0,0,1.0,1,1.0,1,1.0,1,0.2078337807416745,51
4855,1,10764,3814,6950,0,0,0,1.0,1,1.0,1,1.0,1,0.20153879353173906,51
4856,0,10764,3814,6950,0,0,0,1.0,1,1.0,1,1.0,1,0.20481451676991785,50
4857,1,10765,3814,6951,0,0,0,1.0,1,1.0,1,1.0,1,0.18912920458913168,51
4858,0,10765,3814,6951,0,0,0,1.0,1,1.0,1,1.0,1,0.18837694499138552,51
4859,0,10765,3814,6951,0,0,0,1.0,1,1.0,1,1.0,1,0.20291111498560638,52
4860,0,10765,3814,6951,0,0,0,1.0,1,1.0,1,1.0,1,0.20291111498560638,52
4861,5,10770,3814,6956,0,0,0,1.0,1,1.0,1,1.0,1,0.1550004026673502,53
4862,2,10772,3816,6956,0,0,0,1.0,1,1.0,1,1.0,1,0.17835806960152575,53
4863,0,10772,3816,6956,0,0,0,1.0,1,1.0,1,1.0,1,0.18119137584539804,51
4864,1,10773,3817,6956,0,0,0,1.0,1,1.0,1,1.0,1,0.20697407796365283,53
4865,0,10773,3817,6956,0,0,0,1.0,1,1.0,1,1.0,1,0.20716675578746116,52
4866,1,10774,3818,6956,0,0,0,1.0,1,1.0,1,1.0,1,0.2322312527778153,53
4867,1,10775,3819,6956,0,0,0,1.0,1,1.0,1,1.0,1,0.23284067088675803,51
4868,3,10778,3820,6958,0,0,0,1.0,1,1.0,1,1.0,1,0.19729978601195755,53
4869,0,10778,3820,6958,0,0,0,1.0,1,1.0,1,1.0,1,0.19729978601195755,53
4870,3,10781,3822,6959,0,0,0,1.0,1,1.0,1,1.0,1,0.20784855329186572,55
4871,2,10783,3823,6960,0,0,0,1.0,1,1.0,1,1.0,1,0.23252361334485203,55
4872,4,10787,3825,6962,0,0,0,1.0,1,1.0,1,1.0,1,0.21864533319604465,56
4873,1,10788,3825,6963,0,0,0,1.0,1,1.0,1,1.0,1,0.21118757687114448,56
4874,3,10791,3826,6965,0,0,0,1.0,1,1.0,1,1.0,1,0.19161846218142892,58
4875,1,10792,3827,6965,0,0,0,1.0,1,1.0,1,1.0,1,0.20108478164650967,56
4876,2,10794,3828,6966,0,0,0,1.0,1,1.0,1,1.0,1,0.2065029602723947,56
4877,1,10795,3829,6966,0,0,0,1.0,1,1.0,1,1.0,1,0.24779979153757709,54
4878,6,10801,3832,6969,0,0,0,1.0,1,1.0,1,1.0,1,0.27554900738392274,54
4879,3,10804,3835,6969,0,0,0,1.0,1,1.0,1,1.0,1,0.2705788917335225,54
4880,0,10804,3835,6969,0,0,0,1.0,1,1.0,1,1.0,1,0.24207009865878615,53
4881,6,10810,3837,6973,0,0,0,1.0,1,1.0,1,1.0,1,0.2090016907593974,54
4882,2,10812,3838,6974,0,0,0,1.0,1,1.0,1,1.0,1,0.20643177134547142,52
4883,2,10814,3839,6975,0,0,0,1.0,1,1.0,1,1.0,1,0.22233914164745822,54
4884,0,10814,3839,6975,0,0,0,1.0,1,1.0,1,1.0,1,0.19522412160368646,52
4885,1,10815,3840,6975,0,0,0,1.0,1,1.0,1,1.0,1,0.2141342127724215,51
4886,0,10815,3840,6975,0,0,0,1.0,1,1.0,1,1.0,1,0.20192690859655005,50
4887,1,10816,3840,6976,0,0,0,1.0,1,1.0,1,1.0,1,0.20036510628194998,49
4888,0,10816,3840,6976,0,0,0,1.0,1,1.0,1,1.0,1,0.2155468541984595,48
4889,0,10816,3840,6976,0,0,0,1.0,1,1.0,1,1.0,1,0.2155468541984595,48
4890,0,10816,3840,6976,0,0,0,1.0,1,1.0,1,1.0,1,0.2155468541984595,48
4891,2,10818,3842,6976,0,0,0,1.0,1,1.0,1,1.0,1,0.2787617059474679,49
4892,2,10820,3842,6978,0,0,0,1.0,1,1.0,1,1.0,1,0.2902181318455307,51
4893,1,10821,3842,6979,0,0,0,1.0,1,1.0,1,1.0,1,0.28182842089274196,51
4894,0,10821,3842,6979,0,0,0,1.0,1,1.0,1,1.0,1,0.27543232203658696,52
4895,2,10823,3843,6980,0,0,0,1.0,1,1.0,1,1.0,1,0.24637680248342403,52
4896,3,10826,3845,6981,0,0,0,1.0,1,1.0,1,1.0,1,0.22180654503719027,51
4897,2,10828,3845,6983,0,0,0,1.0,1,1.0,1,1.0,1,0.21232988546262763,52
4898,4,10832,3848,6984,0,0,0,1.0,1,1.0,1,1.0,1,0.18701410147543648,52
4899,2,10834,3848,6986,0,0,0,1.0,1,1.0,1,1.0,1,0.18710025986082554,53
4900,3,10837,3850,6987,0,0,0,1.0,1,1.0,1,1.0,1,0.1536538585476575,54
4901,7,10844,3854,6990,0,0,0,1.0,1,1.0,1,1.0,1,0.13455604175066263,54
4902,1,10845,3854,6991,0,0,0,1.0,1,1.0,1,1.0,1,0.1399867235641718,55
4903,1,10846,3855,6991,0,0,0,1.0,1,1.0,1,1.0,1,0.16712738743158206,56
4904,2,10848,3856,6992,0,0,0,1.0,1,1.0,1,1.0,1,0.19536614840716365,55
4905,0,10848,3856,6992,0,0,0,1.0,1,1.0,1,1.0,1,0.20187007023505885,54
4906,0,10848,3856,6992,0,0,0,1.0,1,1.0,1,1.0,1,0.2299812823827211,54
4907,0,10848,3856,6992,0,0,0,1.0,1,1.0,1,1.0,1,0.2296880285889654,54
4908,0,10848,3856,6992,0,0,0,1.0,1,1.0,1,1.0,1,0.2265973919062966,53
4909,4,10852,3857,6995,0,0,0,1.0,1,1.0,1,1.0,1,0.2312067663183748,54
4910,3,10855,3857,6998,0,0,0,1.0,1,1.0,1,1.0,1,0.23529641468003684,55
4911,5,10860,3860,7000,0,0,0,1.0,1,1.0,1,1.0,1,0.22911344925570293,57
4912,6,10866,3864,7002,0,0,0,1.0,1,1.0,1,1.0,1,0.23809121170943992,57
4913,4,10870,3864,7006,0,0,0,1.0,1,1.0,1,1.0,1,0.21363811742475156,56
4914,3,10873,3865,7008,0,0,0,1.0,1,1.0,1,1.0,1,0.2394172473109558,56
4915,3,10876,3866,7010,0,0,0,1.0,1,1.0,1,1.0,1,0.22487085592149,56
4916,2,10878,3866,7012,0,0,0,1.0,1,1.0,1,1.0,1,0.2303629711115151,54
4917,0,10878,3866,7012,0,0,0,1.0,1,1.0,1,1.0,1,0.23682452570847506,53
4918,1,10879,3866,7013,0,0,0,1.0,1,1.0,1,1.0,1,0.24810722430811513,52
4919,0,10879,3866,7013,0,0,0,1.0,1,1.0,1,1.0,1,0.2760846156916708,49
4920,0,10879,3866,7013,0,0,0,1.0,1,1.0,1,1.0,1,0.2760846156916708,49
4921,5,10884,3868,7016,0,0,0,1.0,1,1.0,1,1.0,1,0.31859712082551,50
4922,3,10887,3868,7019,0,0,0,1.0,1,1.0,1,1.0,1,0.2902675192584247,50
4923,2,10889,3868,7021,0,0,0,1.0,1,1.0,1,1.0,1,0.26962501104062575,52
4924,3,10892,3869,7023,0,0,0,1.0,1,1.0,1,1.0,1,0.23866235796754395,53
4925,3,10895,3870,7025,0,0,0,1.0,1,1.0,1,1.0,1,0.18195586411681458,54
4926,0,10895,3870,7025,0,0,0,1.0,1,1.0,1,1.0,1,0.18195586411681458,54
4927,2,10897,3872,7025,0,0,0,1.0,1,1.0,1,1.0,1,0.20170611727059873,54
4928,0,10897,3872,7025,0,0,0,1.0,1,1.0,1,1.0,1,0.20170611727059873,54
4929,0,10897,3872,7025,0,0,0,1.0,1,1.0,1,1.0,1,0.17749257028069948,55
4930,1,10898,3873,7025,0,0,0,1.0,1,1.0,1,1.0,1,0.2128173503089574,58
4931,2,10900,3874,7026,0,0,0,1.0,1,1.0,1,1.0,1,0.20761476362939704,58
4932,0,10900,3874,7026,0,0,0,1.0,1,1.0,1,1.0,1,0.22086235516064828,59
4933,0,10900,3874,7026,0,0,0,1.0,1,1.0,1,1.0,1,0.22086235516064828,59
4934,0,10900,3874,7026,0,0,0,1.0,1,1.0,1,1.0,1,0.22086235516064828,59
4935,2,10902,3875,7027,0,0,0,1.0,1,1.0,1,1.0,1,0.22661293886994918,59
4936,0,10902,3875,7027,0,0,0,1.0,1,1.0,1,1.0,1,0.22661293886994918,59
4937,1,10903,3875,7028,0,0,0,1.0,1,1.0,1,1.0,1,0.21412292784010692,61
4938,2,10905,3876,7029,0,0,0,1.0,1,1.0,1,1.0,1,0.21056351200771314,62
4939,1,10906,3876,7030,0,0,0,1.0,1,1.0,1,1.0,1,0.19676070745653698,63
4940,3,10909,3877,7032,0,0,0,1.0,1,1.0,1,1.0,1,0.19405513337238287,65
4941,6,10915,3878,7037,0,0,0,1.0,1,1.0,1,1.0,1,0.14180172491479937,65
4942,5,10920,3881,7039,0,0,0,1.0,1,1.0,1,1.0,1,0.15842535045466996,67
4943,3,10923,3882,7041,0,0,0,1.0,1,1.0,1,1.0,1,0.17316930441784978,66
4944,4,10927,3884,7043,0,0,0,1.0,1,1.0,1,1.0,1,0.21341854138788038,63
4945,2,10929,3885,7044,0,0,0,1.0,1,1.0,1,1.0,1,0.2131494151947552,61
4946,3,10932,3887,7045,0,0,0,1.0,1,1.0,1,1.0,1,0.2540492506224967,60
4947,0,10932,3887,7045,0,0,0,1.0,1,1.0,1,1.0,1,0.25205398568466075,58
4948,4,10936,3889,7047,0,0,0,1.0,1,1.0,1,1.0,1,0.26796774768957066,57
4949,2,10938,3890,7048,0,0,0,1.0,1,1.0,1,1.0,1,0.2747970328156328,56
4950,3,10941,3892,7049,0,0,0,1.0,1,1.0,1,1.0,1,0.2649774227944675,57
4951,2,10943,3894,7049,0,0,0,1.0,1,1.0,1,1.0,1,0.30433091662268286,55
4952,5,10948,3898,7050,0,0,0,1.0,1,1.0,1,1.0,1,0.36109860554980633,55
4953,4,10952,3901,7051,0,0,0,1.0,1,1.0,1,1.0,1,0.37864022615737974,54
4954,1,10953,3902,7051,0,0,0,1.0,1,1.0,1,1.0,1,0.39608001614107735,54
4955,1,10954,3902,7052,0,0,0,1.0,1,1.0,1,1.0,1,0.34278462781702895,52
4956,0,10954,3902,7052,0,0,0,1.0,1,1.0,1,1.0,1,0.34278462781702895,52
4957,2,10956,3903,7053,0,0,0,1.0,1,1.0,1,1.0,1,0.31854882787797273,53
4958,0,10956,3903,7053,0,0,0,1.0,1,1.0,1,1.0,1,0.32779070301332086,52
4959,0,10956,3903,7053,0,0,0,1.0,1,1.0,1,1.0,1,0.33738881753902256,51
4960,0,10956,3903,7053,0,0,0,1.0,1,1.0,1,1.0,1,0.33076555100195504,53
4961,14,10970,3905,7065,0,0,0,1.0,1,1.0,1,1.0,1,0.11813152369929643,53
4962,3,10973,3905,7068,0,0,0,1.0,1,1.0,1,1.0,1,0.10596772184691912,55
4963,1,10974,3905,7069,0,0,0,1.0,1,1.0,1,1.0,1,0.07186341030338061,54
4964,3,10977,3906,7071,0,0,0,1.0,1,1.0,1,1.0,1,0.059993747702263955,54
4965,1,10978,3907,7071,0,0,0,1.0,1,1.0,1,1.0,1,0.08485719445531714,54
4966,1,10979,3908,7071,0,0,0,1.0,1,1.0,1,1.0,1,0.12639658534372045,54
4967,2,10981,3910,7071,0,0,0,1.0,1,1.0,1,1.0,1,0.148646718103925,55
4968,2,10983,3911,7072,0,0,0,1.0,1,1.0,1,1.0,1,0.163708825551702,55
4969,7,10990,3912,7078,0,0,0,1.0,1,1.0,1,1.0,1,0.18966127077425673,57
4970,1,10991,3913,7078,0,0,0,1.0,1,1.0,1,1.0,1,0.21343247902982387,56
4971,4,10995,3914,7081,0,0,0,1.0,1,1.0,1,1.0,1,0.20420240504924686,57
4972,6,11001,3915,7086,0,0,0,1.0,1,1.0,1,1.0,1,0.2496197519098269,57
4973,7,11008,3917,7091,0,0,0,1.0,1,1.0,1,1.0,1,0.27443650203992503,60
4974,3,11011,3917,7094,0,0,0,1.0,1,1.0,1,1.0,1,0.2825265265140849,58
4975,5,11016,3918,7098,0,0,0,1.0,1,1.0,1,1.0,1,0.28869992458983657,59
4976,6,11022,3920,7102,0,0,0,1.0,1,1.0,1,1.0,1,0.24658888133134113,59
4977,5,11027,3923,7104,0,0,0,1.0,1,1.0,1,1.0,1,0.2507126934103002,59
4978,5,11032,3924,7108,0,0,0,1.0,1,1.0,1,1.0,1,0.2482980599893316,59
4979,8,11040,3925,7115,0,0,0,1.0,1,1.0,1,1.0,1,0.2207126033457687,61
4980,3,11043,3926,7117,0,0,0,1.0,1,1.0,1,1.0,1,0.2021860973528266,62
4981,4,11047,3927,7120,0,0,0,1.0,1,1.0,1,1.0,1,0.17901741268754667,62
4982,1,11048,3928,7120,0,0,0,1.0,1,1.0,1,1.0,1,0.1768718964404265,63
4983,1,11049,3929,7120,0,0,0,1.0,1,1.0,1,1.0,1,0.18053425116924188,63
4984,1,11050,3930,7120,0,0,0,1.0,1,1.0,1,1.0,1,0.1861609137714465,61
4985,1,11051,3931,7120,0,0,0,1.0,1,1.0,1,1.0,1,0.18731750785685208,59
4986,3,11054,3932,7122,0,0,0,1.0,1,1.0,1,1.0,1,0.18645199080377461,62
4987,0,11054,3932,7122,0,0,0,1.0,1,1.0,1,1.0,1,0.1801614462339903,60
4988,1,11055,3933,7122,0,0,0,1.0,1,1.0,1,1.0,1,0.18987244424928534,59
4989,4,11059,3935,7124,0,0,0,1.0,1,1.0,1,1.0,1,0.17512357692655248,57
4990,1,11060,3935,7125,0,0,0,1.0,1,1.0,1,1.0,1,0.17585071307660174,55
4991,2,11062,3937,7125,0,0,0,1.0,1,1.0,1,1.0,1,0.1849209340688185,54
4992,0,11062,3937,7125,0,0,0,1.0,1,1.0,1,1.0,1,0.20155460506522468,52
4993,0,11062,3937,7125,0,0,0,1.0,1,1.0,1,1.0,1,0.1892080835313536,51
4994,1,11063,3938,7125,0,0,0,1.0,1,1.0,1,1.0,1,0.22175628228705885,49
4995,3,11066,3940,7126,0,0,0,1.0,1,1.0,1,1.0,1,0.26995054712433775,48
4996,4,11070,3944,7126,0,0,0,1.0,1,1.0,1,1.0,1,0.22089258161251574,48
4997,0,11070,3944,7126,0,0,0,1.0,1,1.0,1,1.0,1,0.22596094864848992,46
4998,1,11071,3945,7126,0,0,0,1.0,1,1.0,1,1.0,1,0.25337158330567466,48
4999,5,11076,3949,7127,0,0,0,1.0,1,1.0,1,1.0,1,0.31307501509773195,48
5000,2,11078,3950,7128,0,0,0,1.0,1,1.0,1,1.0,1,0.2670019749913873,47
5001,8,11086,3951,7135,0,0,0,1.0,1,1.0,1,1.0,1,0.18680618123791676,45
5002,3,11089,3953,7136,0,0,0,1.0,1,1.0,1,1.0,1,0.22563643092924662,46
5003,2,11091,3953,7138,0,0,0,1.0,1,1.0,1,1.0,1,0.2401088582784874,46
5004,4,11095,3954,7141,0,0,0,1.0,1,1.0,1,1.0,1,0.19350187376913258,46
5005,0,11095,3954,7141,0,0,0,1.0,1,1.0,1,1.0,1,0.22386902130677822,45
5006,0,11095,3954,7141,0,0,0,1.0,1,1.0,1,1.0,1,0.23843963749038247,45
5007,1,11096,3954,7142,0,0,0,1.0,1,1.0,1,1.0,1,0.22063546691865074,46
5008,0,11096,3954,7142,0,0,0,1.0,1,1.0,1,1.0,1,0.21989781097998334,49
5009,0,11096,3954,7142,0,0,0,1.0,1,1.0,1,1.0,1,0.21853949584900734,49
5010,0,11096,3954,7142,0,0,0,1.0,1,1.0,1,1.0,1,0.22601037962500145,50
5011,1,11097,3954,7143,0,0,0,1.0,1,1.0,1,1.0,1,0.22514120613198046,51
5012,0,11097,3954,7143,0,0,0,1.0,1,1.0,1,1.0,1,0.23511984271108344,52
5013,0,11097,3954,7143,0,0,0,1.0,1,1.0,1,1.0,1,0.23511984271108344,52
5014,0,11097,3954,7143,0,0,0,1.0,1,1.0,1,1.0,1,0.23179030774093146,53
5015,2,11099,3955,7144,0,0,0,1.0,1,1.0,1,1.0,1,0.2650895880912468,54
5016,3,11102,3956,7146,0,0,0,1.0,1,1.0,1,1.0,1,0.2772038615283976,55
5017,3,11105,3956,7149,0,0,0,1.0,1,1.0,1,1.0,1,0.27826588875756514,55
5018,2,11107,3956,7151,0,0,0,1.0,1,1.0,1,1.0,1,0.2851645294572915,56
5019,2,11109,3956,7153,0,0,0,1.0,1,1.0,1,1.0,1,0.2712532163951129,56
5020,5,11114,3956,7158,0,0,0,1.0,1,1.0,1,1.0,1,0.2792404032411196,55
5021,4,11118,3956,7162,0,0,0,1.0,1,1.0,1,1.0,1,0.22923267678289988,56
5022,2,11120,3958,7162,0,0,0,1.0,1,1.0,1,1.0,1,0.2507879828139683,56
5023,0,11120,3958,7162,0,0,0,1.0,1,1.0,1,1.0,1,0.23918775887813715,55
5024,3,11123,3961,7162,0,0,0,1.0,1,1.0,1,1.0,1,0.2844804276953431,55
5025,1,11124,3962,7162,0,0,0,1.0,1,1.0,1,1.0,1,0.271515495137385,53
5026,3,11127,3965,7162,0,0,0,1.0,1,1.0,1,1.0,1,0.2659229787476946,52
5027,2,11129,3967,7162,0,0,0,1.0,1,1.0,1,1.0,1,0.2848456442687239,51
5028,3,11132,3969,7163,0,0,0,1.0,1,1.0,1,1.0,1,0.28952574218027244,51
5029,1,11133,3970,7163,0,0,0,1.0,1,1.0,1,1.0,1,0.3199119492881825,50
5030,1,11134,3971,7163,0,0,0,1.0,1,1.0,1,1.0,1,0.30479429865557606,49
5031,2,11136,3972,7164,0,0,0,1.0,1,1.0,1,1.0,1,0.2999127658532994,49
5032,1,11137,3973,7164,0,0,0,1.0,1,1.0,1,1.0,1,0.3368551773821522,48
5033,2,11139,3975,7164,0,0,0,1.0,1,1.0,1,1.0,1,0.3598169040152189,50
5034,4,11143,3977,7166,0,0,0,1.0,1,1.0,1,1.0,1,0.32826018228069714,49
5035,3,11146,3979,7167,0,0,0,1.0,1,1.0,1,1.0,1,0.34723057547059877,49
5036,2,11148,3981,7167,0,0,0,1.0,1,1.0,1,1.0,1,0.3495743786101463,47
5037,2,11150,3982,7168,0,0,0,1.0,1,1.0,1,1.0,1,0.348599725611373,47
5038,1,11151,3982,7169,0,0,0,1.0,1,1.0,1,1.0,1,0.3465971703317669,47
5039,0,11151,3982,7169,0,0,0,1.0,1,1.0,1,1.0,1,0.3506029408423636,48
5040,2,11153,3982,7171,0,0,0,1.0,1,1.0,1,1.0,1,0.33366798787171126,48
5041,6,11159,3982,7177,0,0,0,1.0,1,1.0,1,1.0,1,0.22567885423015396,48
5042,0,11159,3982,7177,0,0,0,1.0,1,1.0,1,1.0,1,0.2199215399969491,50
5043,0,11159,3982,7177,0,0,0,1.0,1,1.0,1,1.0,1,0.21197412463483897,51
5044,0,11159,3982,7177,0,0,0,1.0,1,1.0,1,1.0,1,0.21197412463483897,51
5045,1,11160,3982,7178,0,0,0,1.0,1,1.0,1,1.0,1,0.21772569021523425,52
5046,1,11161,3983,7178,0,0,0,1.0,1,1.0,1,1.0,1,0.2406447909246893,51
5047,1,11162,3983,7179,0,0,0,1.0,1,1.0,1,1.0,1,0.24856025597530415,51
5048,1,11163,3983,7180,0,0,0,1.0,1,1.0,1,1.0,1,0.2402378859628797,52
5049,1,11164,3984,7180,0,0,0,1.0,1,1.0,1,1.0,1,0.2558424985367177,54
5050,0,11164,3984,7180,0,0,0,1.0,1,1.0,1,1.0,1,0.2761107252559126,56
5051,1,11165,3984,7181,0,0,0,1.0,1,1.0,1,1.0,1,0.26038887696705376,55
5052,0,11165,3984,7181,0,0,0,1.0,1,1.0,1,1.0,1,0.26038887696705376,55
5053,1,11166,3985,7181,0,0,0,1.0,1,1.0,1,1.0,1,0.26933115741771346,55
5054,1,11167,3986,7181,0,0,0,1.0,1,1.0,1,1.0,1,0.2689851465558652,55
5055,0,11167,3986,7181,0,0,0,1.0,1,1.0,1,1.0,1,0.2929523602867418,55
5056,0,11167,3986,7181,0,0,0,1.0,1,1.0,1,1.0,1,0.30431684339934706,56
5057,7,11174,3986,7188,0,0,0,1.0,1,1.0,1,1.0,1,0.1824282596756838,58
5058,5,11179,3987,7192,0,0,0,1.0,1,1.0,1,1.0,1,0.14604476630586233,59
5059,3,11182,3987,7195,0,0,0,1.0,1,1.0,1,1.0,1,0.14017872733922315,59
5060,0,11182,3987,7195,0,0,0,1.0,1,1.0,1,1.0,1,0.14017872733922315,59
5061,3,11185,3988,7197,0,0,0,1.0,1,1.0,1,1.0,1,0.12217151117462086,59
5062,4,11189,3991,7198,0,0,0,1.0,1,1.0,1,1.0,1,0.1964910951974911,59
5063,2,11191,3992,7199,0,0,0,1.0,1,1.0,1,1.0,1,0.1974392683018083,59
5064,3,11194,3995,7199,0,0,0,1.0,1,1.0,1,1.0,1,0.22291877932848894,57
5065,2,11196,3996,7200,0,0,0,1.0,1,1.0,1,1.0,1,0.2170970899191688,55
5066,4,11200,3997,7203,0,0,0,1.0,1,1.0,1,1.0,1,0.21769331109900086,55
5067,3,11203,3999,7204,0,0,0,1.0,1,1.0,1,1.0,1,0.23585506426956798,54
5068,1,11204,4000,7204,0,0,0,1.0,1,1.0,1,1.0,1,0.24154266073227115,54
5069,2,11206,4001,7205,0,0,0,1.0,1,1.0,1,1.0,1,0.2496588895814446,54
5070,0,11206,4001,7205,0,0,0,1.0,1,1.0,1,1.0,1,0.24488310745333824,52
5071,1,11207,4002,7205,0,0,0,1.0,1,1.0,1,1.0,1,0.2673103122627043,54
5072,0,11207,4002,7205,0,0,0,1.0,1,1.0,1,1.0,1,0.2432955281874588,52
5073,0,11207,4002,7205,0,0,0,1.0,1,1.0,1,1.0,1,0.24804502345870455,51
5074,0,11207,4002,7205,0,0,0,1.0,1,1.0,1,1.0,1,0.24118799043797298,52
5075,0,11207,4002,7205,0,0,0,1.0,1,1.0,1,1.0,1,0.2448007952733421,53
5076,0,11207,4002,7205,0,0,0,1.0,1,1.0,1,1.0,1,0.2448007952733421,53
5077,4,11211,4004,7207,0,0,0,1.0,1,1.0,1,1.0,1,0.2831432318564336,56
5078,1,11212,4004,7208,0,0,0,1.0,1,1.0,1,1.0,1,0.2803057246268277,55
5079,0,11212,4004,7208,0,0,0,1.0,1,1.0,1,1.0,1,0.28893958505983725,56
5080,1,11213,4004,7209,0,0,0,1.0,1,1.0,1,1.0,1,0.25920555335774564,57
5081,3,11216,4004,7212,0,0,0,1.0,1,1.0,1,1.0,1,0.22938691510042533,58
5082,2,11218,4004,7214,0,0,0,1.0,1,1.0,1,1.0,1,0.19344334953775916,58
5083,1,11219,4004,7215,0,0,0,1.0,1,1.0,1,1.0,1,0.18481209559192296,59
5084,3,11222,4006,7216,0,0,0,1.0,1,1.0,1,1.0,1,0.18538884315383958,59
5085,2,11224,4007,7217,0,0,0,1.0,1,1.0,1,1.0,1,0.20804290517675808,60
5086,3,11227,4008,7219,0,0,0,1.0,1,1.0,1,1.0,1,0.18696401093166828,61
5087,3,11230,4010,7220,0,0,0,1.0,1,1.0,1,1.0,1,0.1858393106907591,62
5088,4,11234,4011,7223,0,0,0,1.0,1,1.0,1,1.0,1,0.1688816464154029,64
5089,3,11237,4014,7223,0,0,0,1.0,1,1.0,1,1.0,1,0.19390937073105347,64
5090,4,11241,4014,7227,0,0,0,1.0,1,1.0,1,1.0,1,0.14487758556422128,64
5091,5,11246,4016,7230,0,0,0,1.0,1,1.0,1,1.0,1,0.17366674413204156,64
5092,3,11249,4017,7232,0,0,0,1.0,1,1.0,1,1.0,1,0.1978484770012234,64
5093,1,11250,4017,7233,0,0,0,1.0,1,1.0,1,1.0,1,0.19169265026266066,64
5094,1,11251,4018,7233,0,0,0,1.0,1,1.0,1,1.0,1,0.1996258159862107,65
5095,2,11253,4019,7234,0,0,0,1.0,1,1.0,1,1.0,1,0.2054812889932527,66
5096,1,11254,4019,7235,0,0,0,1.0,1,1.0,1,1.0,1,0.21362721823394534,66
5097,0,11254,4019,7235,0,0,0,1.0,1,1.0,1,1.0,1,0.22310939608173017,67
5098,2,11256,4020,7236,0,0,0,1.0,1,1.0,1,1.0,1,0.1921045591483858,67
5099,2,11258,4020,7238,0,0,0,1.0,1,1.0,1,1.0,1,0.16436881876586582,70
5100,4,11262,4022,7240,0,0,0,1.0,1,1.0,1,1.0,1,0.1548552209559663,71
5101,0,11262,4022,7240,0,0,0,1.0,1,1.0,1,1.0,1,0.15352622076523592,72
5102,5,11267,4026,7241,0,0,0,1.0,1,1.0,1,1.0,1,0.18042734341626737,72
5103,1,11268,4027,7241,0,0,0,1.0,1,1.0,1,1.0,1,0.17381204928700775,70
5104,2,11270,4029,7241,0,0,0,1.0,1,1.0,1,1.0,1,0.1973188354082993,67
5105,7,11277,4032,7245,0,0,0,1.0,1,1.0,1,1.0,1,0.20942015892566498,66
5106,6,11283,4036,7247,0,0,0,1.0,1,1.0,1,1.0,1,0.2597326292208552,64
5107,2,11285,4038,7247,0,0,0,1.0,1,1.0,1,1.0,1,0.26037725855263005,61
5108,1,11286,4039,7247,0,0,0,1.0,1,1.0,1,1.0,1,0.2903071997681539,57
5109,3,11289,4042,7247,0,0,0,1.0,1,1.0,1,1.0,1,0.32646571483825043,55
5110,1,11290,4043,7247,0,0,0,1.0,1,1.0,1,1.0,1,0.32472404336944666,53
5111,5,11295,4046,7249,0,0,0,1.0,1,1.0,1,1.0,1,0.3422975988700116,52
5112,2,11297,4048,7249,0,0,0,1.0,1,1.0,1,1.0,1,0.3187476274742667,52
5113,2,11299,4048,7251,0,0,0,1.0,1,1.0,1,1.0,1,0.3204577243162146,49
5114,5,11304,4053,7251,0,0,0,1.0,1,1.0,1,1.0,1,0.31337110731408135,49
5115,0,11304,4053,7251,0,0,0,1.0,1,1.0,1,1.0,1,0.3074033959366109,48
5116,4,11308,4055,7253,0,0,0,1.0,1,1.0,1,1.0,1,0.2701265217187956,47
5117,0,11308,4055,7253,0,0,0,1.0,1,1.0,1,1.0,1,0.27715202783448833,48
5118,0,11308,4055,7253,0,0,0,1.0,1,1.0,1,1.0,1,0.26696578309026814,49
5119,2,11310,4056,7254,0,0,0,1.0,1,1.0,1,1.0,1,0.2653386749736642,49
5120,2,11312,4058,7254,0,0,0,1.0,1,1.0,1,1.0,1,0.3443967937937812,48
5121,8,11320,4059,7261,0,0,0,1.0,1,1.0,1,1.0,1,0.26357898147090636,48
5122,2,11322,4060,7262,0,0,0,1.0,1,1.0,1,1.0,1,0.26012751743209517,46
5123,1,11323,4060,7263,0,0,0,1.0,1,1.0,1,1.0,1,0.2549733576815362,46
5124,1,11324,4060,7264,0,0,0,1.0,1,1.0,1,1.0,1,0.24751424885406303,47
5125,4,11328,4061,7267,0,0,0,1.0,1,1.0,1,1.0,1,0.23109729190283382,49
5126,3,11331,4061,7270,0,0,0,1.0,1,1.0,1,1.0,1,0.2173064167046428,49
5127,4,11335,4062,7273,0,0,0,1.0,1,1.0,1,1.0,1,0.19323630398436142,51
5128,7,11342,4063,7279,0,0,0,1.0,1,1.0,1,1.0,1,0.1891453077186848,53
5129,6,11348,4065,7283,0,0,0,1.0,1,1.0,1,1.0,1,0.20706337196298782,55
5130,5,11353,4065,7288,0,0,0,1.0,1,1.0,1,1.0,1,0.20987619940103425,55
5131,6,11359,4065,7294,0,0,0,1.0,1,1.0,1,1.0,1,0.20987619940103425,55
5132,7,11366,4065,7301,0,0,0,1.0,1,1.0,1,1.0,1,0.202167474822319,55
5133,6,11372,4065,7307,0,0,0,1.0,1,1.0,1,1.0,1,0.20112348086708604,56
5134,5,11377,4065,7312,0,0,0,1.0,1,1.0,1,1.0,1,0.22888387988740896,56
5135,9,11386,4066,7320,0,0,0,1.0,1,1.0,1,1.0,1,0.23259874671491662,56
5136,4,11390,4066,7324,0,0,0,1.0,1,1.0,1,1.0,1,0.25128446908793894,55
5137,6,11396,4067,7329,0,0,0,1.0,1,1.0,1,1.0,1,0.26284215658419735,55
5138,6,11402,4067,7335,0,0,0,1.0,1,1.0,1,1.0,1,0.22949634421263498,54
5139,4,11406,4068,7338,0,0,0,1.0,1,1.0,1,1.0,1,0.20348477886622848,54
5140,6,11412,4070,7342,0,0,0,1.0,1,1.0,1,1.0,1,0.18570359617563018,54
5141,4,11416,4072,7344,0,0,0,1.0,1,1.0,1,1.0,1,0.17436057474609126,53
5142,4,11420,4074,7346,0,0,0,1.0,1,1.0,1,1.0,1,0.2053285567402028,55
5143,2,11422,4076,7346,0,0,0,1.0,1,1.0,1,1.0,1,0.18256474386185279,54
5144,4,11426,4078,7348,0,0,0,1.0,1,1.0,1,1.0,1,0.20272759936522391,50
5145,0,11426,4078,7348,0,0,0,1.0,1,1.0,1,1.0,1,0.21294215241784828,51
5146,2,11428,4080,7348,0,0,0,1.0,1,1.0,1,1.0,1,0.2330869104063569,48
5147,3,11431,4082,7349,0,0,0,1.0,1,1.0,1,1.0,1,0.23106226414083805,49
5148,3,11434,4084,7350,0,0,0,1.0,1,1.0,1,1.0,1,0.25087937470219646,47
5149,1,11435,4085,7350,0,0,0,1.0,1,1.0,1,1.0,1,0.26809665024194246,46
5150,4,11439,4088,7351,0,0,0,1.0,1,1.0,1,1.0,1,0.3005688540347221,46
5151,0,11439,4088,7351,0,0,0,1.0,1,1.0,1,1.0,1,0.29325426683673855,45
5152,5,11444,4093,7351,0,0,0,1.0,1,1.0,1,1.0,1,0.31210901923751255,45
5153,7,11451,4095,7356,0,0,0,1.0,1,1.0,1,1.0,1,0.2650754845175783,45
5154,2,11453,4097,7356,0,0,0,1.0,1,1.0,1,1.0,1,0.3054439480156457,45
5155,0,11453,4097,7356,0,0,0,1.0,1,1.0,1,1.0,1,0.3282446768341985,44
5156,0,11453,4097,7356,0,0,0,1.0,1,1.0,1,1.0,1,0.3285297920654656,44
5157,1,11454,4098,7356,0,0,0,1.0,1,1.0,1,1.0,1,0.32553505965176766,42
5158,2,11456,4099,7357,0,0,0,1.0,1,1.0,1,1.0,1,0.3103429821085996,43
5159,0,11456,4099,7357,0,0,0,1.0,1,1.0,1,1.0,1,0.3443922175601327,43
5160,0,11456,4099,7357,0,0,0,1.0,1,1.0,1,1.0,1,0.3443922175601327,43
5161,5,11461,4099,7362,0,0,0,1.0,1,1.0,1,1.0,1,0.2733692362277462,43
5162,0,11461,4099,7362,0,0,0,1.0,1,1.0,1,1.0,1,0.2636033286768859,44
5163,1,11462,4099,7363,0,0,0,1.0,1,1.0,1,1.0,1,0.2719342012653544,46
5164,2,11464,4099,7365,0,0,0,1.0,1,1.0,1,1.0,1,0.2285028831746255,46
5165,1,11465,4100,7365,0,0,0,1.0,1,1.0,1,1.0,1,0.22183664703785785,46
5166,5,11470,4102,7368,0,0,0,1.0,1,1.0,1,1.0,1,0.19095327156023537,47
5167,2,11472,4102,7370,0,0,0,1.0,1,1.0,1,1.0,1,0.19095327156023537,47
5168,4,11476,4103,7373,0,0,0,1.0,1,1.0,1,1.0,1,0.19364928274304957,47
5169,3,11479,4103,7376,0,0,0,1.0,1,1.0,1,1.0,1,0.19256868350406858,47
5170,2,11481,4104,7377,0,0,0,1.0,1,1.0,1,1.0,1,0.20407655438921266,48
5171,3,11484,4105,7379,0,0,0,1.0,1,1.0,1,1.0,1,0.22093796020382658,48
5172,4,11488,4105,7383,0,0,0,1.0,1,1.0,1,1.0,1,0.19226548144540967,49
5173,3,11491,4105,7386,0,0,0,1.0,1,1.0,1,1.0,1,0.19862795393527674,49
5174,5,11496,4105,7391,0,0,0,1.0,1,1.0,1,1.0,1,0.14331144524592387,52
5175,6,11502,4106,7396,0,0,0,1.0,1,1.0,1,1.0,1,0.1484361285468485,53
5176,5,11507,4106,7401,0,0,0,1.0,1,1.0,1,1.0,1,0.17173747730882555,54
5177,5,11512,4109,7403,0,0,0,1.0,1,1.0,1,1.0,1,0.1960808062815231,54
5178,3,11515,4111,7404,0,0,0,1.0,1,1.0,1,1.0,1,0.2090591604029486,55
5179,0,11515,4111,7404,0,0,0,1.0,1,1.0,1,1.0,1,0.1801960867456283,53
5180,0,11515,4111,7404,0,0,0,1.0,1,1.0,1,1.0,1,0.17912169566814104,52
5181,2,11517,4112,7405,0,0,0,1.0,1,1.0,1,1.0,1,0.14805376761833172,52
5182,1,11518,4113,7405,0,0,0,1.0,1,1.0,1,1.0,1,0.14141809696430144,52
5183,2,11520,4115,7405,0,0,0,1.0,1,1.0,1,1.0,1,0.2004416050511615,52
5184,3,11523,4116,7407,0,0,0,1.0,1,1.0,1,1.0,1,0.2066721196240429,52
5185,3,11526,4118,7408,0,0,0,1.0,1,1.0,1,1.0,1,0.23498677725315292,50
5186,1,11527,4119,7408,0,0,0,1.0,1,1.0,1,1.0,1,0.2717849638598048,48
5187,0,11527,4119,7408,0,0,0,1.0,1,1.0,1,1.0,1,0.28054419080324056,46
5188,0,11527,4119,7408,0,0,0,1.0,1,1.0,1,1.0,1,0.27989551257373135,44
5189,0,11527,4119,7408,0,0,0,1.0,1,1.0,1,1.0,1,0.26464597304635873,44
5190,1,11528,4120,7408,0,0,0,1.0,1,1.0,1,1.0,1,0.2992153207350932,45
5191,0,11528,4120,7408,0,0,0,1.0,1,1.0,1,1.0,1,0.2977744916179354,45
5192,0,11528,4120,7408,0,0,0,1.0,1,1.0,1,1.0,1,0.2977744916179354,45
5193,0,11528,4120,7408,0,0,0,1.0,1,1.0,1,1.0,1,0.2977744916179354,45
5194,3,11531,4120,7411,0,0,0,1.0,1,1.0,1,1.0,1,0.2667191989239072,45
5195,1,11532,4121,7411,0,0,0,1.0,1,1.0,1,1.0,1,0.270560510647311,46
5196,0,11532,4121,7411,0,0,0,1.0,1,1.0,1,1.0,1,0.270560510647311,46
5197,2,11534,4123,7411,0,0,0,1.0,1,1.0,1,1.0,1,0.2849357250840147,46
5198,0,11534,4123,7411,0,0,0,1.0,1,1.0,1,1.0,1,0.2754789961133335,47
5199,2,11536,4124,7412,0,0,0,1.0,1,1.0,1,1.0,1,0.2886743807682986,49
5200,1,11537,4125,7412,0,0,0,1.0,1,1.0,1,1.0,1,0.29392957537889375,49
5201,8,11545,4126,7419,0,0,0,1.0,1,1.0,1,1.0,1,0.17269805995114074,50
5202,2,11547,4126,7421,0,0,0,1.0,1,1.0,1,1.0,1,0.15613506336343375,52
5203,1,11548,4126,7422,0,0,0,1.0,1,1.0,1,1.0,1,0.14930637872898328,52
5204,0,11548,4126,7422,0,0,0,1.0,1,1.0,1,1.0,1,0.16578687887844987,54
5205,0,11548,4126,7422,0,0,0,1.0,1,1.0,1,1.0,1,0.16578687887844987,54
5206,1,11549,4126,7423,0,0,0,1.0,1,1.0,1,1.0,1,0.14699654566596176,55
5207,0,11549,4126,7423,0,0,0,1.0,1,1.0,1,1.0,1,0.13874013874419924,54
5208,0,11549,4126,7423,0,0,0,1.0,1,1.0,1,1.0,1,0.13874013874419924,54
5209,1,11550,4126,7424,0,0,0,1.0,1,1.0,1,1.0,1,0.15444682904146673,54
5210,1,11551,4126,7425,0,0,0,1.0,1,1.0,1,1.0,1,0.13874013874419924,54
5211,6,11557,4127,7430,0,0,0,1.0,1,1.0,1,1.0,1,0.1029408895014129,56
5212,1,11558,4127,7431,0,0,0,1.0,1,1.0,1,1.0,1,0.0893647868915822,57
5213,5,11563,4130,7433,0,0,0,1.0,1,1.0,1,1.0,1,0.1485930479765265,57
5214,4,11567,4132,7435,0,0,0,1.0,1,1.0,1,1.0,1,0.21010213315319407,58
5215,3,11570,4132,7438,0,0,0,1.0,1,1.0,1,1.0,1,0.22574419647435146,57
5216,4,11574,4132,7442,0,0,0,1.0,1,1.0,1,1.0,1,0.224042429805509,57
5217,3,11577,4133,7444,0,0,0,1.0,1,1.0,1,1.0,1,0.2308862722503304,56
5218,8,11585,4135,7450,0,0,0,1.0,1,1.0,1,1.0,1,0.2401525181929737,56
5219,3,11588,4135,7453,0,0,0,1.0,1,1.0,1,1.0,1,0.21882106808849308,54
5220,2,11590,4136,7454,0,0,0,1.0,1,1.0,1,1.0,1,0.24630671226441334,53
5221,4,11594,4136,7458,0,0,0,1.0,1,1.0,1,1.0,1,0.16794747066015622,52
5222,2,11596,4137,7459,0,0,0,1.0,1,1.0,1,1.0,1,0.19111687611199907,52
5223,2,11598,4138,7460,0,0,0,1.0,1,1.0,1,1.0,1,0.20627583708078712,52
5224,2,11600,4140,7460,0,0,0,1.0,1,1.0,1,1.0,1,0.22106142527966038,52
5225,0,11600,4140,7460,0,0,0,1.0,1,1.0,1,1.0,1,0.22252152726682448,50
5226,4,11604,4142,7462,0,0,0,1.0,1,1.0,1,1.0,1,0.21697918437089553,51
5227,3,11607,4145,7462,0,0,0,1.0,1,1.0,1,1.0,1,0.24692980510392876,49
5228,0,11607,4145,7462,0,0,0,1.0,1,1.0,1,1.0,1,0.2708885631552489,48
5229,2,11609,4146,7463,0,0,0,1.0,1,1.0,1,1.0,1,0.20664979508324144,49
5230,1,11610,4146,7464,0,0,0,1.0,1,1.0,1,1.0,1,0.2290768794071088,49
5231,2,11612,4147,7465,0,0,0,1.0,1,1.0,1,1.0,1,0.199879780571938,49
5232,1,11613,4148,7465,0,0,0,1.0,1,1.0,1,1.0,1,0.1936374599510271,51
5233,1,11614,4149,7465,0,0,0,1.0,1,1.0,1,1.0,1,0.21785741138484366,51
5234,5,11619,4151,7468,0,0,0,1.0,1,1.0,1,1.0,1,0.2055943206019568,52
5235,0,11619,4151,7468,0,0,0,1.0,1,1.0,1,1.0,1,0.20738928387414562,52
5236,0,11619,4151,7468,0,0,0,1.0,1,1.0,1,1.0,1,0.20738928387414562,52
5237,1,11620,4152,7468,0,0,0,1.0,1,1.0,1,1.0,1,0.22721217012933007,53
5238,0,11620,4152,7468,0,0,0,1.0,1,1.0,1,1.0,1,0.22721217012933007,53
5239,1,11621,4152,7469,0,0,0,1.0,1,1.0,1,1.0,1,0.22953817668158075,53
5240,6,11627,4154,7473,0,0,0,1.0,1,1.0,1,1.0,1,0.19537039736722542,55
5241,2,11629,4154,7475,0,0,0,1.0,1,1.0,1,1.0,1,0.16055646853817956,56
5242,2,11631,4155,7476,0,0,0,1.0,1,1.0,1,1.0,1,0.18682828447427882,54
5243,2,11633,4156,7477,0,0,0,1.0,1,1.0,1,1.0,1,0.17684310315655685,55
5244,1,11634,4157,7477,0,0,0,1.0,1,1.0,1,1.0,1,0.19835514384781447,55
5245,1,11635,4157,7478,0,0,0,1.0,1,1.0,1,1.0,1,0.19344131705008472,55
5246,3,11638,4159,7479,0,0,0,1.0,1,1.0,1,1.0,1,0.26089354080663496,55
5247,7,11645,4160,7485,0,0,0,1.0,1,1.0,1,1.0,1,0.20029234504898766,54
5248,6,11651,4160,7491,0,0,0,1.0,1,1.0,1,1.0,1,0.21923382637282457,53
5249,7,11658,4164,7494,0,0,0,1.0,1,1.0,1,1.0,1,0.19832230223111463,55
5250,5,11663,4166,7497,0,0,0,1.0,1,1.0,1,1.0,1,0.2030715155713628,55
5251,3,11666,4167,7499,0,0,0,1.0,1,1.0,1,1.0,1,0.21900044116444675,57
5252,2,11668,4167,7501,0,0,0,1.0,1,1.0,1,1.0,1,0.2088560711815974,58
5253,4,11672,4168,7504,0,0,0,1.0,1,1.0,1,1.0,1,0.20829323898575333,59
5254,3,11675,4169,7506,0,0,0,1.0,1,1.0,1,1.0,1,0.21761496661039278,59
5255,3,11678,4170,7508,0,0,0,1.0,1,1.0,1,1.0,1,0.22638546971625712,58
5256,4,11682,4172,7510,0,0,0,1.0,1,1.0,1,1.0,1,0.25630741227637766,59
5257,2,11684,4173,7511,0,0,0,1.0,1,1.0,1,1.0,1,0.2323784682659669,58
5258,2,11686,4173,7513,0,0,0,1.0,1,1.0,1,1.0,1,0.23547707784088354,56
5259,0,11686,4173,7513,0,0,0,1.0,1,1.0,1,1.0,1,0.22496457775130863,56
5260,4,11690,4173,7517,0,0,0,1.0,1,1.0,1,1.0,1,0.19426572093725122,55
5261,1,11691,4173,7518,0,0,0,1.0,1,1.0,1,1.0,1,0.15167042400990582,54
5262,1,11692,4174,7518,0,0,0,1.0,1,1.0,1,1.0,1,0.164557222574879,54
5263,4,11696,4177,7519,0,0,0,1.0,1,1.0,1,1.0,1,0.19330647042065208,53
5264,1,11697,4178,7519,0,0,0,1.0,1,1.0,1,1.0,1,0.19338717275825387,51
5265,2,11699,4180,7519,0,0,0,1.0,1,1.0,1,1.0,1,0.2253437963312044,50
5266,5,11704,4183,7521,0,0,0,1.0,1,1.0,1,1.0,1,0.19985481191834828,49
5267,0,11704,4183,7521,0,0,0,1.0,1,1.0,1,1.0,1,0.19132605648255066,48
5268,1,11705,4184,7521,0,0,0,1.0,1,1.0,1,1.0,1,0.18390502448008858,47
5269,0,11705,4184,7521,0,0,0,1.0,1,1.0,1,1.0,1,0.1992240948188535,45
5270,0,11705,4184,7521,0,0,0,1.0,1,1.0,1,1.0,1,0.20463864581672264,47
5271,1,11706,4184,7522,0,0,0,1.0,1,1.0,1,1.0,1,0.20066040763676335,45
5272,5,11711,4188,7523,0,0,0,1.0,1,1.0,1,1.0,1,0.3213021880311088,46
5273,1,11712,4188,7524,0,0,0,1.0,1,1.0,1,1.0,1,0.33427259408895055,44
5274,3,11715,4190,7525,0,0,0,1.0,1,1.0,1,1.0,1,0.3504415921938617,44
5275,3,11718,4191,7527,0,0,0,1.0,1,1.0,1,1.0,1,0.3183383577020108,46
5276,1,11719,4192,7527,0,0,0,1.0,1,1.0,1,1.0,1,0.2811273325883602,46
5277,3,11722,4194,7528,0,0,0,1.0,1,1.0,1,1.0,1,0.3044365996133977,46
5278,4,11726,4198,7528,0,0,0,1.0,1,1.0,1,1.0,1,0.2946644219285942,46
5279,2,11728,4199,7529,0,0,0,1.0,1,1.0,1,1.0,1,0.3267405704444675,47
5280,2,11730,4200,7530,0,0,0,1.0,1,1.0,1,1.0,1,0.3156567017671931,47
5281,6,11736,4200,7536,0,0,0,1.0,1,1.0,1,1.0,1,0.23515354849819795,48
5282,1,11737,4201,7536,0,0,0,1.0,1,1.0,1,1.0,1,0.22315153118002606,48
5283,0,11737,4201,7536,0,0,0,1.0,1,1.0,1,1.0,1,0.2384478576174097,49
5284,0,11737,4201,7536,0,0,0,1.0,1,1.0,1,1.0,1,0.2384478576174097,49
5285,0,11737,4201,7536,0,0,0,1.0,1,1.0,1,1.0,1,0.22960926061693915,50
5286,4,11741,4201,7540,0,0,0,1.0,1,1.0,1,1.0,1,0.1990914397845297,51
5287,0,11741,4201,7540,0,0,0,1.0,1,1.0,1,1.0,1,0.1990914397845297,51
5288,1,11742,4201,7541,0,0,0,1.0,1,1.0,1,1.0,1,0.1790165449482408,51
5289,0,11742,4201,7541,0,0,0,1.0,1,1.0,1,1.0,1,0.19673559309466832,53
5290,1,11743,4201,7542,0,0,0,1.0,1,1.0,1,1.0,1,0.18356138459693205,53
5291,4,11747,4202,7545,0,0,0,1.0,1,1.0,1,1.0,1,0.2062719032247558,53
5292,8,11755,4204,7551,0,0,0,1.0,1,1.0,1,1.0,1,0.22678913992759359,53
5293,4,11759,4205,7554,0,0,0,1.0,1,1.0,1,1.0,1,0.25377112252714307,53
5294,2,11761,4205,7556,0,0,0,1.0,1,1.0,1,1.0,1,0.25321417692338255,54
5295,5,11766,4208,7558,0,0,0,1.0,1,1.0,1,1.0,1,0.24964479077753832,52
5296,3,11769,4208,7561,0,0,0,1.0,1,1.0,1,1.0,1,0.2579564037642962,49
5297,3,11772,4209,7563,0,0,0,1.0,1,1.0,1,1.0,1,0.28344763835616954,49
5298,0,11772,4209,7563,0,0,0,1.0,1,1.0,1,1.0,1,0.2802943179292476,49
5299,1,11773,4210,7563,0,0,0,1.0,1,1.0,1,1.0,1,0.2485119626453992,50
5300,0,11773,4210,7563,0,0,0,1.0,1,1.0,1,1.0,1,0.2482739143968823,48
5301,1,11774,4211,7563,0,0,0,1.0,1,1.0,1,1.0,1,0.26320858234700145,46
5302,0,11774,4211,7563,0,0,0,1.0,1,1.0,1,1.0,1,0.2675961732692663,47
5303,2,11776,4213,7563,0,0,0,1.0,1,1.0,1,1.0,1,0.2764639516923336,46
5304,3,11779,4215,7564,0,0,0,1.0,1,1.0,1,1.0,1,0.30553642314373713,45
5305,1,11780,4215,7565,0,0,0,1.0,1,1.0,1,1.0,1,0.2873964955408553,44
5306,3,11783,4218,7565,0,0,0,1.0,1,1.0,1,1.0,1,0.37151638067697335,42
5307,5,11788,4220,7568,0,0,0,1.0,1,1.0,1,1.0,1,0.37269235613425067,42
5308,3,11791,4221,7570,0,0,0,1.0,1,1.0,1,1.0,1,0.39258494455755794,43
5309,1,11792,4222,7570,0,0,0,1.0,1,1.0,1,1.0,1,0.4047538835570449,41
5310,1,11793,4223,7570,0,0,0,1.0,1,1.0,1,1.0,1,0.44722340566250335,41
5311,2,11795,4224,7571,0,0,0,1.0,1,1.0,1,1.0,1,0.42813621709187977,42
5312,4,11799,4224,7575,0,0,0,1.0,1,1.0,1,1.0,1,0.41936245643932907,43
5313,2,11801,4224,7577,0,0,0,1.0,1,1.0,1,1.0,1,0.4156598210159277,44
5314,1,11802,4224,7578,0,0,0,1.0,1,1.0,1,1.0,1,0.4112436444231808,44
5315,1,11803,4224,7579,0,0,0,1.0,1,1.0,1,1.0,1,0.41879102656971373,45
5316,4,11807,4224,7583,0,0,0,1.0,1,1.0,1,1.0,1,0.40238239337437,46
5317,3,11810,4225,7585,0,0,0,1.0,1,1.0,1,1.0,1,0.42411924521990857,46
5318,1,11811,4226,7585,0,0,0,1.0,1,1.0,1,1.0,1,0.413473339533422,46
5319,1,11812,4226,7586,0,0,0,1.0,1,1.0,1,1.0,1,0.42341228335960257,47
5320,3,11815,4227,7588,0,0,0,1.0,1,1.0,1,1.0,1,0.38375051297742685,48
5321,12,11827,4227,7600,0,0,0,1.0,1,1.0,1,1.0,1,0.2003594631266761,49
5322,3,11830,4227,7603,0,0,0,1.0,1,1.0,1,1.0,1,0.20334724257801232,49
5323,4,11834,4227,7607,0,0,0,1.0,1,1.0,1,1.0,1,0.23888690819824496,51
5324,4,11838,4227,7611,0,0,0,1.0,1,1.0,1,1.0,1,0.2207008082416311,53
5325,6,11844,4228,7616,0,0,0,1.0,1,1.0,1,1.0,1,0.24308390439485525,53
5326,6,11850,4228,7622,0,0,0,1.0,1,1.0,1,1.0,1,0.22190389492370563,53
5327,6,11856,4228,7628,0,0,0,1.0,1,1.0,1,1.0,1,0.24428785243380535,53
5328,7,11863,4228,7635,0,0,0,1.0,1,1.0,1,1.0,1,0.2266656630052247,54
5329,7,11870,4229,7641,0,0,0,1.0,1,1.0,1,1.0,1,0.24774736086168764,53
5330,4,11874,4229,7645,0,0,0,1.0,1,1.0,1,1.0,1,0.23927887299058276,52
5331,7,11881,4229,7652,0,0,0,1.0,1,1.0,1,1.0,1,0.22521600115217136,51
5332,3,11884,4230,7654,0,0,0,1.0,1,1.0,1,1.0,1,0.2697123317313936,52
5333,7,11891,4231,7660,0,0,0,1.0,1,1.0,1,1.0,1,0.22250326172947685,53
5334,4,11895,4231,7664,0,0,0,1.0,1,1.0,1,1.0,1,0.24729285973933893,54
5335,5,11900,4231,7669,0,0,0,1.0,1,1.0,1,1.0,1,0.24534412046404552,55
5336,3,11903,4231,7672,0,0,0,1.0,1,1.0,1,1.0,1,0.2401944981205667,54
5337,5,11908,4231,7677,0,0,0,1.0,1,1.0,1,1.0,1,0.23672321689289805,55
5338,2,11910,4231,7679,0,0,0,1.0,1,1.0,1,1.0,1,0.2581856291157519,55
5339,6,11916,4231,7685,0,0,0,1.0,1,1.0,1,1.0,1,0.2581856291157519,55
5340,7,11923,4231,7692,0,0,0,1.0,1,1.0,1,1.0,1,0.2719238330520693,55
5341,4,11927,4231,7696,0,0,0,1.0,1,1.0,1,1.0,1,0.2892417179997039,54
5342,1,11928,4231,7697,0,0,0,1.0,1,1.0,1,1.0,1,0.270635892513559,55
5343,1,11929,4232,7697,0,0,0,1.0,1,1.0,1,1.0,1,0.2616119382019415,54
5344,2,11931,4234,7697,0,0,0,1.0,1,1.0,1,1.0,1,0.2598723901888903,55
5345,0,11931,4234,7697,0,0,0,1.0,1,1.0,1,1.0,1,0.24819980546406967,53
5346,3,11934,4236,7698,0,0,0,1.0,1,1.0,1,1.0,1,0.2581137359176434,53
5347,2,11936,4237,7699,0,0,0,1.0,1,1.0,1,1.0,1,0.2675658443898364,51
5348,2,11938,4238,7700,0,0,0,1.0,1,1.0,1,1.0,1,0.23886897948613114,53
5349,3,11941,4241,7700,0,0,0,1.0,1,1.0,1,1.0,1,0.2717509101532811,52
5350,1,11942,4242,7700,0,0,0,1.0,1,1.0,1,1.0,1,0.2805292143219958,50
5351,5,11947,4243,7704,0,0,0,1.0,1,1.0,1,1.0,1,0.27031348452848597,52
5352,2,11949,4245,7704,0,0,0,1.0,1,1.0,1,1.0,1,0.28918654267271193,49
5353,0,11949,4245,7704,0,0,0,1.0,1,1.0,1,1.0,1,0.28918654267271193,49
5354,2,11951,4245,7706,0,0,0,1.0,1,1.0,1,1.0,1,0.24525762303753867,49
5355,0,11951,4245,7706,0,0,0,1.0,1,1.0,1,1.0,1,0.23186658821569783,48
5356,2,11953,4246,7707,0,0,0,1.0,1,1.0,1,1.0,1,0.2422631929332452,49
5357,0,11953,4246,7707,0,0,0,1.0,1,1.0,1,1.0,1,0.2416162799996822,47
5358,1,11954,4247,7707,0,0,0,1.0,1,1.0,1,1.0,1,0.26686913793898887,48
5359,3,11957,4247,7710,0,0,0,1.0,1,1.0,1,1.0,1,0.24047970329750507,48
5360,2,11959,4247,7712,0,0,0,1.0,1,1.0,1,1.0,1,0.21712279584118838,48
5361,2,11961,4247,7714,0,0,0,1.0,1,1.0,1,1.0,1,0.2023546114327425,50
5362,0,11961,4247,7714,0,0,0,1.0,1,1.0,1,1.0,1,0.2023546114327425,50
5363,0,11961,4247,7714,0,0,0,1.0,1,1.0,1,1.0,1,0.2023546114327425,50
5364,1,11962,4248,7714,0,0,0,1.0,1,1.0,1,1.0,1,0.20896149182015833,51
5365,1,11963,4248,7715,0,0,0,1.0,1,1.0,1,1.0,1,0.21643032227303632,52
5366,0,11963,4248,7715,0,0,0,1.0,1,1.0,1,1.0,1,0.21643032227303632,52
5367,2,11965,4249,7716,0,0,0,1.0,1,1.0,1,1.0,1,0.20715870448261425,54
5368,3,11968,4249,7719,0,0,0,1.0,1,1.0,1,1.0,1,0.18209793183408546,55
5369,1,11969,4249,7720,0,0,0,1.0,1,1.0,1,1.0,1,0.14703305986007703,53
5370,2,11971,4251,7720,0,0,0,1.0,1,1.0,1,1.0,1,0.1859753174166594,54
5371,3,11974,4254,7720,0,0,0,1.0,1,1.0,1,1.0,1,0.23533680058096654,53
5372,4,11978,4257,7721,0,0,0,1.0,1,1.0,1,1.0,1,0.34670164508301154,53
5373,5,11983,4257,7726,0,0,0,1.0,1,1.0,1,1.0,1,0.3064226604716044,52
5374,3,11986,4258,7728,0,0,0,1.0,1,1.0,1,1.0,1,0.3262365999714156,51
5375,1,11987,4258,7729,0,0,0,1.0,1,1.0,1,1.0,1,0.2928071503606248,52
5376,3,11990,4259,7731,0,0,0,1.0,1,1.0,1,1.0,1,0.27920610665471024,51
5377,2,11992,4261,7731,0,0,0,1.0,1,1.0,1,1.0,1,0.2694879643279289,52
5378,1,11993,4262,7731,0,0,0,1.0,1,1.0,1,1.0,1,0.2732505790646809,50
5379,1,11994,4262,7732,0,0,0,1.0,1,1.0,1,1.0,1,0.27100512988247494,50
5380,0,11994,4262,7732,0,0,0,1.0,1,1.0,1,1.0,1,0.27667741420864106,52
5381,0,11994,4262,7732,0,0,0,1.0,1,1.0,1,1.0,1,0.27667741420864106,52
5382,2,11996,4262,7734,0,0,0,1.0,1,1.0,1,1.0,1,0.2659751740090904,52
5383,0,11996,4262,7734,0,0,0,1.0,1,1.0,1,1.0,1,0.252231788085123,51
5384,4,12000,4263,7737,0,0,0,1.0,1,1.0,1,1.0,1,0.20052392539016536,52
5385,3,12003,4264,7739,0,0,0,1.0,1,1.0,1,1.0,1,0.21010024843656244,51
5386,0,12003,4264,7739,0,0,0,1.0,1,1.0,1,1.0,1,0.22273199988444156,52
5387,3,12006,4265,7741,0,0,0,1.0,1,1.0,1,1.0,1,0.19004020705883692,53
5388,2,12008,4266,7742,0,0,0,1.0,1,1.0,1,1.0,1,0.17571718645963996,54
5389,2,12010,4266,7744,0,0,0,1.0,1,1.0,1,1.0,1,0.14841013421547633,55
5390,3,12013,4267,7746,0,0,0,1.0,1,1.0,1,1.0,1,0.11052096042134572,56
5391,1,12014,4268,7746,0,0,0,1.0,1,1.0,1,1.0,1,0.12402480113832358,56
5392,3,12017,4270,7747,0,0,0,1.0,1,1.0,1,1.0,1,0.13203197709835587,56
5393,1,12018,4271,7747,0,0,0,1.0,1,1.0,1,1.0,1,0.16779121909539163,54
5394,2,12020,4272,7748,0,0,0,1.0,1,1.0,1,1.0,1,0.15856759243444052,53
5395,1,12021,4273,7748,0,0,0,1.0,1,1.0,1,1.0,1,0.15508029720599528,53
5396,1,12022,4273,7749,0,0,0,1.0,1,1.0,1,1.0,1,0.13553228900686837,54
5397,1,12023,4274,7749,0,0,0,1.0,1,1.0,1,1.0,1,0.1476689659020064,53
5398,1,12024,4274,7750,0,0,0,1.0,1,1.0,1,1.0,1,0.14063955406288323,53
5399,4,12028,4278,7750,0,0,0,1.0,1,1.0,1,1.0,1,0.2319583294700184,55
5400,5,12033,4279,7754,0,0,0,1.0,1,1.0,1,1.0,1,0.1777426565073041,55
5401,5,12038,4280,7758,0,0,0,1.0,1,1.0,1,1.0,1,0.12525711885159307,56
5402,0,12038,4280,7758,0,0,0,1.0,1,1.0,1,1.0,1,0.0,0
