,SuccessfulHandoverCount,TotalSuccessfulHandoverCount,TotalSuccessfulHandoverCountRange,TotalSuccessfulHandoverCountLoadBalancing,TotalSuccessfulHandoverCountOverload,FailedHandoverCount,TotalFailedHandoverCount,AvgQoS,MinQoS,AvgQoS_LoadBased,MinQoS_LoadBased,AvgQoS_RangeBased,MinQoS_RangeBased,GiniLoad,VehicleCount
0,0,0,0,0,0,0,0,1.0,1,1.0,1,1.0,1,0.0,0
1,16,16,0,16,0,0,0,1.0,1,1.0,1,1.0,1,0.29816839317586874,30
2,13,29,0,29,0,0,0,1.0,1,1.0,1,1.0,1,0.31201973957963103,32
3,12,41,0,41,0,0,0,1.0,1,1.0,1,1.0,1,0.2975813495389383,33
4,3,44,0,44,0,0,0,1.0,1,1.0,1,1.0,1,0.20125073863445114,34
5,2,46,0,46,0,0,0,1.0,1,1.0,1,1.0,1,0.13631432263665214,36
6,0,46,0,46,0,0,0,1.0,1,1.0,1,1.0,1,0.13715374809916311,38
7,0,46,0,46,0,0,0,1.0,1,1.0,1,1.0,1,0.14915310846799587,40
8,0,46,0,46,0,0,0,1.0,1,1.0,1,1.0,1,0.14915310846799587,40
9,1,47,1,46,0,0,0,1.0,1,1.0,1,1.0,1,0.1973138606761081,40
10,2,49,2,47,0,0,0,1.0,1,1.0,1,1.0,1,0.22552850212934988,41
11,1,50,3,47,0,0,0,1.0,1,1.0,1,1.0,1,0.18437222486109886,40
12,1,51,4,47,0,0,0,1.0,1,1.0,1,1.0,1,0.20778277769348244,39
13,2,53,5,48,0,0,0,1.0,1,1.0,1,1.0,1,0.20494311076954572,37
14,0,53,5,48,0,0,0,1.0,1,1.0,1,1.0,1,0.2513062717975333,35
15,1,54,6,48,0,0,0,1.0,1,1.0,1,1.0,1,0.2303594588618309,36
16,1,55,7,48,0,0,0,1.0,1,1.0,1,1.0,1,0.30124274943606844,34
17,0,55,7,48,0,0,0,1.0,1,1.0,1,1.0,1,0.33356384923248106,33
18,3,58,7,51,0,0,0,1.0,1,1.0,1,1.0,1,0.2863206017947901,34
19,2,60,8,52,0,0,0,1.0,1,1.0,1,1.0,1,0.2883762065688889,34
20,1,61,8,53,0,0,0,1.0,1,1.0,1,1.0,1,0.2382838572021782,34
21,2,63,9,54,0,0,0,1.0,1,1.0,1,1.0,1,0.27816377450799695,36
22,0,63,9,54,0,0,0,1.0,1,1.0,1,1.0,1,0.28560589751626037,35
23,5,68,10,58,0,0,0,1.0,1,1.0,1,1.0,1,0.2470598948069165,35
24,2,70,12,58,0,0,0,1.0,1,1.0,1,1.0,1,0.2618752691722135,35
25,5,75,15,60,0,0,0,1.0,1,1.0,1,1.0,1,0.27727903926104547,35
26,4,79,17,62,0,0,0,1.0,1,1.0,1,1.0,1,0.2885258659909403,36
27,1,80,18,62,0,0,0,1.0,1,1.0,1,1.0,1,0.257783087204286,34
28,1,81,19,62,0,0,0,1.0,1,1.0,1,1.0,1,0.29371061048108055,35
29,2,83,20,63,0,0,0,1.0,1,1.0,1,1.0,1,0.24099734468671183,33
30,2,85,21,64,0,0,0,1.0,1,1.0,1,1.0,1,0.2650670422858095,33
31,4,89,22,67,0,0,0,1.0,1,1.0,1,1.0,1,0.2379068553907942,33
32,2,91,23,68,0,0,0,1.0,1,1.0,1,1.0,1,0.2787501901491988,32
33,1,92,23,69,0,0,0,1.0,1,1.0,1,1.0,1,0.2658683936178621,33
34,2,94,24,70,0,0,0,1.0,1,1.0,1,1.0,1,0.3079976252806638,33
35,1,95,24,71,0,0,0,1.0,1,1.0,1,1.0,1,0.28382845600864914,35
36,0,95,24,71,0,0,0,1.0,1,1.0,1,1.0,1,0.2973580565340686,36
37,5,100,25,75,0,0,0,1.0,1,1.0,1,1.0,1,0.18694392863815046,37
38,1,101,25,76,0,0,0,1.0,1,1.0,1,1.0,1,0.17884333356880827,36
39,0,101,25,76,0,0,0,1.0,1,1.0,1,1.0,1,0.20296705445621274,38
40,0,101,25,76,0,0,0,1.0,1,1.0,1,1.0,1,0.21637347488018435,40
41,0,101,25,76,0,0,0,1.0,1,1.0,1,1.0,1,0.21637347488018435,40
42,2,103,27,76,0,0,0,1.0,1,1.0,1,1.0,1,0.24534113891767265,40
43,3,106,28,78,0,0,0,1.0,1,1.0,1,1.0,1,0.26687867906434065,43
44,1,107,28,79,0,0,0,1.0,1,1.0,1,1.0,1,0.23904064447658147,43
45,1,108,29,79,0,0,0,1.0,1,1.0,1,1.0,1,0.253533064464916,44
46,0,108,29,79,0,0,0,1.0,1,1.0,1,1.0,1,0.253533064464916,44
47,2,110,30,80,0,0,0,1.0,1,1.0,1,1.0,1,0.2519001157415336,44
48,1,111,31,80,0,0,0,1.0,1,1.0,1,1.0,1,0.2906565623484644,44
49,1,112,31,81,0,0,0,1.0,1,1.0,1,1.0,1,0.25846663205084525,41
50,2,114,33,81,0,0,0,1.0,1,1.0,1,1.0,1,0.267828308293913,40
51,0,114,33,81,0,0,0,1.0,1,1.0,1,1.0,1,0.2620970154326951,38
52,1,115,34,81,0,0,0,1.0,1,1.0,1,1.0,1,0.28442501856651425,37
53,0,115,34,81,0,0,0,1.0,1,1.0,1,1.0,1,0.3035565253151744,38
54,0,115,34,81,0,0,0,1.0,1,1.0,1,1.0,1,0.32348052636808067,38
55,1,116,34,82,0,0,0,1.0,1,1.0,1,1.0,1,0.2954328186317588,38
56,4,120,35,85,0,0,0,1.0,1,1.0,1,1.0,1,0.2852282451955342,38
57,0,120,35,85,0,0,0,1.0,1,1.0,1,1.0,1,0.2852282451955342,38
58,4,124,38,86,0,0,0,1.0,1,1.0,1,1.0,1,0.3385531009933552,38
59,2,126,38,88,0,0,0,1.0,1,1.0,1,1.0,1,0.3056116238716867,40
60,3,129,40,89,0,0,0,1.0,1,1.0,1,1.0,1,0.3043084997434436,40
61,2,131,40,91,0,0,0,1.0,1,1.0,1,1.0,1,0.29483260265768996,40
62,4,135,42,93,0,0,0,1.0,1,1.0,1,1.0,1,0.29695029847605814,42
63,2,137,43,94,0,0,0,1.0,1,1.0,1,1.0,1,0.28987643508422756,40
64,0,137,43,94,0,0,0,1.0,1,1.0,1,1.0,1,0.2893263278092929,41
65,0,137,43,94,0,0,0,1.0,1,1.0,1,1.0,1,0.2893263278092929,41
66,1,138,44,94,0,0,0,1.0,1,1.0,1,1.0,1,0.31038344068287604,41
67,2,140,45,95,0,0,0,1.0,1,1.0,1,1.0,1,0.28745114347775363,41
68,2,142,46,96,0,0,0,1.0,1,1.0,1,1.0,1,0.28188581203368723,41
69,1,143,46,97,0,0,0,1.0,1,1.0,1,1.0,1,0.2865121664583029,41
70,5,148,46,102,0,0,0,1.0,1,1.0,1,1.0,1,0.22238751416750055,42
71,1,149,47,102,0,0,0,1.0,1,1.0,1,1.0,1,0.23791072311672737,44
72,2,151,47,104,0,0,0,1.0,1,1.0,1,1.0,1,0.19507174163559,44
73,0,151,47,104,0,0,0,1.0,1,1.0,1,1.0,1,0.21923675178861235,46
74,0,151,47,104,0,0,0,1.0,1,1.0,1,1.0,1,0.23943530457953222,44
75,1,152,48,104,0,0,0,1.0,1,1.0,1,1.0,1,0.25408820997284437,44
76,4,156,50,106,0,0,0,1.0,1,1.0,1,1.0,1,0.3119494976148439,45
77,2,158,50,108,0,0,0,1.0,1,1.0,1,1.0,1,0.2729155578832593,44
78,0,158,50,108,0,0,0,1.0,1,1.0,1,1.0,1,0.2910483830005434,44
79,4,162,50,112,0,0,0,1.0,1,1.0,1,1.0,1,0.2404131129381189,43
80,0,162,50,112,0,0,0,1.0,1,1.0,1,1.0,1,0.2404131129381189,43
81,4,166,53,113,0,0,0,1.0,1,1.0,1,1.0,1,0.30141711333457005,44
82,2,168,54,114,0,0,0,1.0,1,1.0,1,1.0,1,0.28222637284753943,45
83,3,171,56,115,0,0,0,1.0,1,1.0,1,1.0,1,0.2947096377053633,45
84,0,171,56,115,0,0,0,1.0,1,1.0,1,1.0,1,0.2947096377053633,45
85,2,173,57,116,0,0,0,1.0,1,1.0,1,1.0,1,0.2851237768442118,45
86,1,174,57,117,0,0,0,1.0,1,1.0,1,1.0,1,0.24605834635976243,45
87,0,174,57,117,0,0,0,1.0,1,1.0,1,1.0,1,0.25449797937647844,44
88,0,174,57,117,0,0,0,1.0,1,1.0,1,1.0,1,0.2459024520148646,45
89,0,174,57,117,0,0,0,1.0,1,1.0,1,1.0,1,0.2576760920572807,46
90,0,174,57,117,0,0,0,1.0,1,1.0,1,1.0,1,0.2881050865080931,44
91,1,175,58,117,0,0,0,1.0,1,1.0,1,1.0,1,0.2861823696650766,45
92,1,176,58,118,0,0,0,1.0,1,1.0,1,1.0,1,0.28512622608457916,46
93,0,176,58,118,0,0,0,1.0,1,1.0,1,1.0,1,0.28512622608457916,46
94,2,178,59,119,0,0,0,1.0,1,1.0,1,1.0,1,0.27244199664038016,46
95,0,178,59,119,0,0,0,1.0,1,1.0,1,1.0,1,0.28681073619305747,46
96,1,179,60,119,0,0,0,1.0,1,1.0,1,1.0,1,0.307330986123918,46
97,1,180,60,120,0,0,0,1.0,1,1.0,1,1.0,1,0.2914380901520562,47
98,0,180,60,120,0,0,0,1.0,1,1.0,1,1.0,1,0.2914380901520562,47
99,0,180,60,120,0,0,0,1.0,1,1.0,1,1.0,1,0.3081977684164622,46
100,4,184,61,123,0,0,0,1.0,1,1.0,1,1.0,1,0.3109935277045026,48
101,0,184,61,123,0,0,0,1.0,1,1.0,1,1.0,1,0.3087544470238343,49
102,1,185,62,123,0,0,0,1.0,1,1.0,1,1.0,1,0.3160420389673426,49
103,3,188,63,125,0,0,0,1.0,1,1.0,1,1.0,1,0.2650212407942759,48
104,3,191,65,126,0,0,0,1.0,1,1.0,1,1.0,1,0.2979631691657101,49
105,4,195,68,127,0,0,0,1.0,1,1.0,1,1.0,1,0.2863060363669947,48
106,4,199,69,130,0,0,0,1.0,1,1.0,1,1.0,1,0.26488467485064715,48
107,1,200,70,130,0,0,0,1.0,1,1.0,1,1.0,1,0.28087487913023873,47
108,2,202,70,132,0,0,0,1.0,1,1.0,1,1.0,1,0.2461387235761605,47
109,4,206,71,135,0,0,0,1.0,1,1.0,1,1.0,1,0.22068432789548148,47
110,1,207,72,135,0,0,0,1.0,1,1.0,1,1.0,1,0.23780972277499246,47
111,2,209,73,136,0,0,0,1.0,1,1.0,1,1.0,1,0.17968853863972054,46
112,3,212,75,137,0,0,0,1.0,1,1.0,1,1.0,1,0.17339356534161546,46
113,2,214,77,137,0,0,0,1.0,1,1.0,1,1.0,1,0.15562479189110012,45
114,0,214,77,137,0,0,0,1.0,1,1.0,1,1.0,1,0.15384099363014805,46
115,1,215,78,137,0,0,0,1.0,1,1.0,1,1.0,1,0.16988495567819453,47
116,0,215,78,137,0,0,0,1.0,1,1.0,1,1.0,1,0.16287785422253911,48
117,3,218,81,137,0,0,0,1.0,1,1.0,1,1.0,1,0.19586993179115536,48
118,1,219,81,138,0,0,0,1.0,1,1.0,1,1.0,1,0.1925350571324986,49
119,1,220,82,138,0,0,0,1.0,1,1.0,1,1.0,1,0.21303129305074225,50
120,0,220,82,138,0,0,0,1.0,1,1.0,1,1.0,1,0.20886669083809686,51
121,1,221,82,139,0,0,0,1.0,1,1.0,1,1.0,1,0.20006326040461062,51
122,1,222,83,139,0,0,0,1.0,1,1.0,1,1.0,1,0.18106216800286964,51
123,0,222,83,139,0,0,0,1.0,1,1.0,1,1.0,1,0.18106216800286964,51
124,0,222,83,139,0,0,0,1.0,1,1.0,1,1.0,1,0.18106216800286964,51
125,0,222,83,139,0,0,0,1.0,1,1.0,1,1.0,1,0.23852190890873928,50
126,2,224,85,139,0,0,0,1.0,1,1.0,1,1.0,1,0.2472464664138364,52
127,8,232,85,147,0,0,0,1.0,1,1.0,1,1.0,1,0.15076913717106966,50
128,1,233,85,148,0,0,0,1.0,1,1.0,1,1.0,1,0.1376720929928138,50
129,1,234,85,149,0,0,0,1.0,1,1.0,1,1.0,1,0.1673416957033945,52
130,1,235,85,150,0,0,0,1.0,1,1.0,1,1.0,1,0.14473177735015788,52
131,1,236,85,151,0,0,0,1.0,1,1.0,1,1.0,1,0.13508484088468348,54
132,1,237,86,151,0,0,0,1.0,1,1.0,1,1.0,1,0.13421077971530612,54
133,1,238,87,151,0,0,0,1.0,1,1.0,1,1.0,1,0.14542664540063824,52
134,1,239,88,151,0,0,0,1.0,1,1.0,1,1.0,1,0.12244403666256667,52
135,4,243,92,151,0,0,0,1.0,1,1.0,1,1.0,1,0.19932424470720578,51
136,3,246,94,152,0,0,0,1.0,1,1.0,1,1.0,1,0.18692788048971512,51
137,3,249,95,154,0,0,0,1.0,1,1.0,1,1.0,1,0.11733545419645063,50
138,1,250,96,154,0,0,0,1.0,1,1.0,1,1.0,1,0.13882331046472213,52
139,6,256,99,157,0,0,0,1.0,1,1.0,1,1.0,1,0.13707493009789448,51
140,1,257,100,157,0,0,0,1.0,1,1.0,1,1.0,1,0.14652798580595772,51
141,1,258,101,157,0,0,0,1.0,1,1.0,1,1.0,1,0.1756806979884568,50
142,3,261,104,157,0,0,0,1.0,1,1.0,1,1.0,1,0.1774214057632025,51
143,0,261,104,157,0,0,0,1.0,1,1.0,1,1.0,1,0.18846122287697978,48
144,2,263,105,158,0,0,0,1.0,1,1.0,1,1.0,1,0.20296633052464536,49
145,3,266,107,159,0,0,0,1.0,1,1.0,1,1.0,1,0.1528329160767413,47
146,3,269,110,159,0,0,0,1.0,1,1.0,1,1.0,1,0.23388896224874092,49
147,3,272,110,162,0,0,0,1.0,1,1.0,1,1.0,1,0.18226656047664647,46
148,3,275,111,164,0,0,0,1.0,1,1.0,1,1.0,1,0.13794716474199975,47
149,0,275,111,164,0,0,0,1.0,1,1.0,1,1.0,1,0.143608851523719,46
150,0,275,111,164,0,0,0,1.0,1,1.0,1,1.0,1,0.13795812968405166,47
151,1,276,112,164,0,0,0,1.0,1,1.0,1,1.0,1,0.16949811550483537,46
152,1,277,113,164,0,0,0,1.0,1,1.0,1,1.0,1,0.19452559777542708,45
153,0,277,113,164,0,0,0,1.0,1,1.0,1,1.0,1,0.20778730049948352,46
154,1,278,113,165,0,0,0,1.0,1,1.0,1,1.0,1,0.19549729751712713,44
155,3,281,116,165,0,0,0,1.0,1,1.0,1,1.0,1,0.24116644712924437,45
156,1,282,117,165,0,0,0,1.0,1,1.0,1,1.0,1,0.2807960238922129,43
157,3,285,117,168,0,0,0,1.0,1,1.0,1,1.0,1,0.22439272554586268,42
158,3,288,117,171,0,0,0,1.0,1,1.0,1,1.0,1,0.1831898358771833,43
159,2,290,118,172,0,0,0,1.0,1,1.0,1,1.0,1,0.22328400753033614,44
160,4,294,118,176,0,0,0,1.0,1,1.0,1,1.0,1,0.17144444868160125,44
161,3,297,120,177,0,0,0,1.0,1,1.0,1,1.0,1,0.17023640245397129,44
162,1,298,121,177,0,0,0,1.0,1,1.0,1,1.0,1,0.1848964768107048,44
163,6,304,126,178,0,0,0,1.0,1,1.0,1,1.0,1,0.28281213263940647,44
164,3,307,128,179,0,0,0,1.0,1,1.0,1,1.0,1,0.31498346116107434,44
165,3,310,129,181,0,0,0,1.0,1,1.0,1,1.0,1,0.26736874896693275,43
166,2,312,129,183,0,0,0,1.0,1,1.0,1,1.0,1,0.24323672512552028,43
167,1,313,129,184,0,0,0,1.0,1,1.0,1,1.0,1,0.20984879082521138,42
168,1,314,129,185,0,0,0,1.0,1,1.0,1,1.0,1,0.2143100395004901,40
169,1,315,129,186,0,0,0,1.0,1,1.0,1,1.0,1,0.16660041895311148,41
170,0,315,129,186,0,0,0,1.0,1,1.0,1,1.0,1,0.17203375411474298,39
171,1,316,130,186,0,0,0,1.0,1,1.0,1,1.0,1,0.18099157412069983,39
172,0,316,130,186,0,0,0,1.0,1,1.0,1,1.0,1,0.17730408605642725,38
173,2,318,132,186,0,0,0,1.0,1,1.0,1,1.0,1,0.24028322031100643,38
174,1,319,132,187,0,0,0,1.0,1,1.0,1,1.0,1,0.22970425049967885,37
175,1,320,133,187,0,0,0,1.0,1,1.0,1,1.0,1,0.27780430516057597,36
176,1,321,134,187,0,0,0,1.0,1,1.0,1,1.0,1,0.31880730142395025,36
177,1,322,135,187,0,0,0,1.0,1,1.0,1,1.0,1,0.3221213926636921,38
178,1,323,135,188,0,0,0,1.0,1,1.0,1,1.0,1,0.31018328799923756,39
179,4,327,135,192,0,0,0,1.0,1,1.0,1,1.0,1,0.24040751153579962,40
180,0,327,135,192,0,0,0,1.0,1,1.0,1,1.0,1,0.24040751153579962,40
181,0,327,135,192,0,0,0,1.0,1,1.0,1,1.0,1,0.26865213022954604,39
182,1,328,136,192,0,0,0,1.0,1,1.0,1,1.0,1,0.2594871159694707,40
183,3,331,138,193,0,0,0,1.0,1,1.0,1,1.0,1,0.2796364502153947,40
184,1,332,139,193,0,0,0,1.0,1,1.0,1,1.0,1,0.29844428779569004,38
185,3,335,141,194,0,0,0,1.0,1,1.0,1,1.0,1,0.32814243145689465,38
186,2,337,142,195,0,0,0,1.0,1,1.0,1,1.0,1,0.32058779337578247,37
187,4,341,144,197,0,0,0,1.0,1,1.0,1,1.0,1,0.2918406952803321,36
188,6,347,146,201,0,0,0,1.0,1,1.0,1,1.0,1,0.19804125268735542,36
189,0,347,146,201,0,0,0,1.0,1,1.0,1,1.0,1,0.1990886660245132,36
190,3,350,147,203,0,0,0,1.0,1,1.0,1,1.0,1,0.2103157002919365,36
191,1,351,148,203,0,0,0,1.0,1,1.0,1,1.0,1,0.223293629066879,37
192,2,353,148,205,0,0,0,1.0,1,1.0,1,1.0,1,0.18075133480286656,37
193,0,353,148,205,0,0,0,1.0,1,1.0,1,1.0,1,0.17394881959390676,38
194,0,353,148,205,0,0,0,1.0,1,1.0,1,1.0,1,0.1912662200344044,39
195,2,355,149,206,0,0,0,1.0,1,1.0,1,1.0,1,0.1972017449851492,40
196,1,356,150,206,0,0,0,1.0,1,1.0,1,1.0,1,0.1670895120641937,40
197,0,356,150,206,0,0,0,1.0,1,1.0,1,1.0,1,0.22225117782703785,40
198,0,356,150,206,0,0,0,1.0,1,1.0,1,1.0,1,0.22225117782703785,40
199,1,357,151,206,0,0,0,1.0,1,1.0,1,1.0,1,0.2234515936344805,40
200,0,357,151,206,0,0,0,1.0,1,1.0,1,1.0,1,0.2234515936344805,40
201,2,359,153,206,0,0,0,1.0,1,1.0,1,1.0,1,0.17267360695133677,39
202,0,359,153,206,0,0,0,1.0,1,1.0,1,1.0,1,0.15018157564145226,40
203,2,361,155,206,0,0,0,1.0,1,1.0,1,1.0,1,0.15662175290547856,39
204,2,363,157,206,0,0,0,1.0,1,1.0,1,1.0,1,0.18855787945899685,38
205,1,364,158,206,0,0,0,1.0,1,1.0,1,1.0,1,0.17822266053391114,37
206,0,364,158,206,0,0,0,1.0,1,1.0,1,1.0,1,0.22378529607887004,36
207,1,365,159,206,0,0,0,1.0,1,1.0,1,1.0,1,0.25351962090939134,37
208,0,365,159,206,0,0,0,1.0,1,1.0,1,1.0,1,0.27369937917444137,36
209,1,366,160,206,0,0,0,1.0,1,1.0,1,1.0,1,0.30851529265658567,36
210,2,368,162,206,0,0,0,1.0,1,1.0,1,1.0,1,0.3306128638292518,36
211,0,368,162,206,0,0,0,1.0,1,1.0,1,1.0,1,0.32357521723709437,34
212,2,370,163,207,0,0,0,1.0,1,1.0,1,1.0,1,0.35371797059968507,34
213,2,372,163,209,0,0,0,1.0,1,1.0,1,1.0,1,0.3291488766872962,36
214,1,373,164,209,0,0,0,1.0,1,1.0,1,1.0,1,0.296718799444072,35
215,2,375,166,209,0,0,0,1.0,1,1.0,1,1.0,1,0.2809886797230557,35
216,2,377,166,211,0,0,0,1.0,1,1.0,1,1.0,1,0.24553159836642333,37
217,4,381,167,214,0,0,0,1.0,1,1.0,1,1.0,1,0.20968178589539618,37
218,5,386,172,214,0,0,0,1.0,1,1.0,1,1.0,1,0.22015052409742902,37
219,1,387,173,214,0,0,0,1.0,1,1.0,1,1.0,1,0.24061888511516483,37
220,4,391,174,217,0,0,0,1.0,1,1.0,1,1.0,1,0.18021305281445948,38
221,1,392,175,217,0,0,0,1.0,1,1.0,1,1.0,1,0.13935439574344252,39
222,1,393,176,217,0,0,0,1.0,1,1.0,1,1.0,1,0.15524006914307276,39
223,4,397,177,220,0,0,0,1.0,1,1.0,1,1.0,1,0.13234019568633842,40
224,3,400,179,221,0,0,0,1.0,1,1.0,1,1.0,1,0.1536167173088972,40
225,1,401,179,222,0,0,0,1.0,1,1.0,1,1.0,1,0.12705725727816755,39
226,2,403,181,222,0,0,0,1.0,1,1.0,1,1.0,1,0.13186190391099667,39
227,0,403,181,222,0,0,0,1.0,1,1.0,1,1.0,1,0.1328863879655369,39
228,1,404,182,222,0,0,0,1.0,1,1.0,1,1.0,1,0.1384712674838294,38
229,4,408,185,223,0,0,0,1.0,1,1.0,1,1.0,1,0.22367287954727325,39
230,4,412,187,225,0,0,0,1.0,1,1.0,1,1.0,1,0.15612324243232995,38
231,3,415,189,226,0,0,0,1.0,1,1.0,1,1.0,1,0.2001575408571214,38
232,4,419,192,227,0,0,0,1.0,1,1.0,1,1.0,1,0.24550336743197657,37
233,0,419,192,227,0,0,0,1.0,1,1.0,1,1.0,1,0.22948933621890052,36
234,1,420,193,227,0,0,0,1.0,1,1.0,1,1.0,1,0.2385619012788181,34
235,0,420,193,227,0,0,0,1.0,1,1.0,1,1.0,1,0.26257887282133563,34
236,0,420,193,227,0,0,0,1.0,1,1.0,1,1.0,1,0.28265077974192804,33
237,0,420,193,227,0,0,0,1.0,1,1.0,1,1.0,1,0.32684908604116586,32
238,1,421,193,228,0,0,0,1.0,1,1.0,1,1.0,1,0.3043503661083161,32
239,3,424,195,229,0,0,0,1.0,1,1.0,1,1.0,1,0.24233583012298332,31
240,0,424,195,229,0,0,0,1.0,1,1.0,1,1.0,1,0.2821841947489823,28
241,1,425,195,230,0,0,0,1.0,1,1.0,1,1.0,1,0.30156670700224764,27
242,0,425,195,230,0,0,0,1.0,1,1.0,1,1.0,1,0.3344748439683741,29
243,2,427,196,231,0,0,0,1.0,1,1.0,1,1.0,1,0.29172205194056633,28
244,0,427,196,231,0,0,0,1.0,1,1.0,1,1.0,1,0.25684259342336585,28
245,1,428,197,231,0,0,0,1.0,1,1.0,1,1.0,1,0.24613843867662027,27
246,3,431,199,232,0,0,0,1.0,1,1.0,1,1.0,1,0.2710187324703793,25
247,2,433,200,233,0,0,0,1.0,1,1.0,1,1.0,1,0.24984198085451914,26
248,1,434,200,234,0,0,0,1.0,1,1.0,1,1.0,1,0.2160207418308286,27
249,1,435,201,234,0,0,0,1.0,1,1.0,1,1.0,1,0.2300180619378611,26
250,2,437,201,236,0,0,0,1.0,1,1.0,1,1.0,1,0.22064241827654188,27
251,0,437,201,236,0,0,0,1.0,1,1.0,1,1.0,1,0.23838909743286574,28
252,0,437,201,236,0,0,0,1.0,1,1.0,1,1.0,1,0.23838909743286574,28
253,1,438,202,236,0,0,0,1.0,1,1.0,1,1.0,1,0.19803313592467414,28
254,1,439,202,237,0,0,0,1.0,1,1.0,1,1.0,1,0.2209549783094435,29
255,1,440,203,237,0,0,0,1.0,1,1.0,1,1.0,1,0.28461014665656537,30
256,0,440,203,237,0,0,0,1.0,1,1.0,1,1.0,1,0.28461014665656537,30
257,2,442,204,238,0,0,0,1.0,1,1.0,1,1.0,1,0.33117104736536696,32
258,2,444,206,238,0,0,0,1.0,1,1.0,1,1.0,1,0.3315243435772474,32
259,2,446,206,240,0,0,0,1.0,1,1.0,1,1.0,1,0.2923939114035059,32
260,1,447,207,240,0,0,0,1.0,1,1.0,1,1.0,1,0.27583534885279437,34
261,0,447,207,240,0,0,0,1.0,1,1.0,1,1.0,1,0.29066785426151304,35
262,3,450,209,241,0,0,0,1.0,1,1.0,1,1.0,1,0.38902164270411865,36
263,0,450,209,241,0,0,0,1.0,1,1.0,1,1.0,1,0.3693319403305267,34
264,2,452,210,242,0,0,0,1.0,1,1.0,1,1.0,1,0.3731199762427268,34
265,1,453,210,243,0,0,0,1.0,1,1.0,1,1.0,1,0.3596610096166743,33
266,0,453,210,243,0,0,0,1.0,1,1.0,1,1.0,1,0.3578949956076302,34
267,0,453,210,243,0,0,0,1.0,1,1.0,1,1.0,1,0.3575163954746047,33
268,4,457,210,247,0,0,0,1.0,1,1.0,1,1.0,1,0.2929063932062003,34
269,0,457,210,247,0,0,0,1.0,1,1.0,1,1.0,1,0.2929063932062003,34
270,0,457,210,247,0,0,0,1.0,1,1.0,1,1.0,1,0.31292877959737253,36
271,0,457,210,247,0,0,0,1.0,1,1.0,1,1.0,1,0.31292877959737253,36
272,1,458,210,248,0,0,0,1.0,1,1.0,1,1.0,1,0.3174823763927,38
273,0,458,210,248,0,0,0,1.0,1,1.0,1,1.0,1,0.3174823763927,38
274,1,459,211,248,0,0,0,1.0,1,1.0,1,1.0,1,0.32166803699401103,38
275,1,460,211,249,0,0,0,1.0,1,1.0,1,1.0,1,0.2998765684519642,38
276,0,460,211,249,0,0,0,1.0,1,1.0,1,1.0,1,0.32478946637132416,39
277,2,462,212,250,0,0,0,1.0,1,1.0,1,1.0,1,0.3074435316517242,38
278,1,463,212,251,0,0,0,1.0,1,1.0,1,1.0,1,0.3385688819342098,38
279,1,464,213,251,0,0,0,1.0,1,1.0,1,1.0,1,0.34184548535098874,38
280,1,465,213,252,0,0,0,1.0,1,1.0,1,1.0,1,0.3257757431527379,38
281,0,465,213,252,0,0,0,1.0,1,1.0,1,1.0,1,0.3194749044598011,38
282,0,465,213,252,0,0,0,1.0,1,1.0,1,1.0,1,0.31581023922115137,38
283,2,467,215,252,0,0,0,1.0,1,1.0,1,1.0,1,0.3835573941812934,38
284,1,468,215,253,0,0,0,1.0,1,1.0,1,1.0,1,0.36989771214227485,39
285,0,468,215,253,0,0,0,1.0,1,1.0,1,1.0,1,0.36989771214227485,39
286,1,469,215,254,0,0,0,1.0,1,1.0,1,1.0,1,0.35915076730778583,39
287,1,470,215,255,0,0,0,1.0,1,1.0,1,1.0,1,0.35981672154118705,39
288,2,472,215,257,0,0,0,1.0,1,1.0,1,1.0,1,0.3020178408202234,39
289,2,474,216,258,0,0,0,1.0,1,1.0,1,1.0,1,0.3306955641439767,39
290,0,474,216,258,0,0,0,1.0,1,1.0,1,1.0,1,0.33094370140877144,39
291,0,474,216,258,0,0,0,1.0,1,1.0,1,1.0,1,0.33094370140877144,39
292,2,476,216,260,0,0,0,1.0,1,1.0,1,1.0,1,0.30592720772074805,40
293,2,478,217,261,0,0,0,1.0,1,1.0,1,1.0,1,0.2367171152279928,41
294,3,481,218,263,0,0,0,1.0,1,1.0,1,1.0,1,0.18341182231338116,40
295,2,483,219,264,0,0,0,1.0,1,1.0,1,1.0,1,0.1713823802534418,42
296,3,486,222,264,0,0,0,1.0,1,1.0,1,1.0,1,0.20699616650562466,42
297,3,489,222,267,0,0,0,1.0,1,1.0,1,1.0,1,0.1518082940336737,43
298,1,490,223,267,0,0,0,1.0,1,1.0,1,1.0,1,0.16687991205162694,44
299,1,491,224,267,0,0,0,1.0,1,1.0,1,1.0,1,0.17570077215748714,44
300,0,491,224,267,0,0,0,1.0,1,1.0,1,1.0,1,0.19515873199069914,45
301,4,495,227,268,0,0,0,1.0,1,1.0,1,1.0,1,0.20434397271898375,47
302,6,501,229,272,0,0,0,1.0,1,1.0,1,1.0,1,0.19659650466579168,46
303,1,502,230,272,0,0,0,1.0,1,1.0,1,1.0,1,0.20197950530804015,45
304,3,505,232,273,0,0,0,1.0,1,1.0,1,1.0,1,0.22704559002270802,45
305,0,505,232,273,0,0,0,1.0,1,1.0,1,1.0,1,0.22584244458534883,43
306,2,507,232,275,0,0,0,1.0,1,1.0,1,1.0,1,0.23820806819762458,44
307,3,510,233,277,0,0,0,1.0,1,1.0,1,1.0,1,0.22159376074820908,42
308,1,511,234,277,0,0,0,1.0,1,1.0,1,1.0,1,0.24397406239464844,41
309,0,511,234,277,0,0,0,1.0,1,1.0,1,1.0,1,0.2544559748770897,42
310,2,513,234,279,0,0,0,1.0,1,1.0,1,1.0,1,0.21487987149422008,41
311,0,513,234,279,0,0,0,1.0,1,1.0,1,1.0,1,0.21487987149422008,41
312,1,514,234,280,0,0,0,1.0,1,1.0,1,1.0,1,0.17067721860432983,44
313,0,514,234,280,0,0,0,1.0,1,1.0,1,1.0,1,0.18856411426841874,43
314,2,516,235,281,0,0,0,1.0,1,1.0,1,1.0,1,0.18744326031518416,43
315,0,516,235,281,0,0,0,1.0,1,1.0,1,1.0,1,0.15136932969560646,43
316,1,517,236,281,0,0,0,1.0,1,1.0,1,1.0,1,0.17424662379589273,43
317,0,517,236,281,0,0,0,1.0,1,1.0,1,1.0,1,0.15953791214053742,44
318,2,519,238,281,0,0,0,1.0,1,1.0,1,1.0,1,0.24523021883754975,45
319,3,522,238,284,0,0,0,1.0,1,1.0,1,1.0,1,0.23286415013233064,46
320,1,523,238,285,0,0,0,1.0,1,1.0,1,1.0,1,0.23726469120424368,45
321,0,523,238,285,0,0,0,1.0,1,1.0,1,1.0,1,0.22249421787183754,44
322,1,524,238,286,0,0,0,1.0,1,1.0,1,1.0,1,0.1985247944294483,42
323,3,527,240,287,0,0,0,1.0,1,1.0,1,1.0,1,0.16988426075557936,42
324,0,527,240,287,0,0,0,1.0,1,1.0,1,1.0,1,0.18162092592299714,43
325,2,529,242,287,0,0,0,1.0,1,1.0,1,1.0,1,0.23597236408340552,43
326,1,530,242,288,0,0,0,1.0,1,1.0,1,1.0,1,0.21888934492237933,43
327,1,531,243,288,0,0,0,1.0,1,1.0,1,1.0,1,0.2545387083767871,44
328,6,537,244,293,0,0,0,1.0,1,1.0,1,1.0,1,0.2047198165840185,44
329,0,537,244,293,0,0,0,1.0,1,1.0,1,1.0,1,0.19547914295097382,45
330,1,538,244,294,0,0,0,1.0,1,1.0,1,1.0,1,0.17696346559944812,46
331,0,538,244,294,0,0,0,1.0,1,1.0,1,1.0,1,0.17696346559944812,46
332,0,538,244,294,0,0,0,1.0,1,1.0,1,1.0,1,0.18183166348277652,47
333,0,538,244,294,0,0,0,1.0,1,1.0,1,1.0,1,0.1950799753994389,48
334,0,538,244,294,0,0,0,1.0,1,1.0,1,1.0,1,0.1950799753994389,48
335,2,540,246,294,0,0,0,1.0,1,1.0,1,1.0,1,0.20358859532794374,49
336,1,541,246,295,0,0,0,1.0,1,1.0,1,1.0,1,0.20458334033373754,50
337,3,544,247,297,0,0,0,1.0,1,1.0,1,1.0,1,0.16933397274114279,51
338,0,544,247,297,0,0,0,1.0,1,1.0,1,1.0,1,0.16933397274114279,51
339,1,545,248,297,0,0,0,1.0,1,1.0,1,1.0,1,0.18297461170053814,51
340,1,546,249,297,0,0,0,1.0,1,1.0,1,1.0,1,0.2181802330703577,51
341,0,546,249,297,0,0,0,1.0,1,1.0,1,1.0,1,0.2132485775737983,51
342,1,547,249,298,0,0,0,1.0,1,1.0,1,1.0,1,0.20393329780564398,51
343,1,548,249,299,0,0,0,1.0,1,1.0,1,1.0,1,0.19067153539637188,51
344,0,548,249,299,0,0,0,1.0,1,1.0,1,1.0,1,0.1896581715147756,50
345,0,548,249,299,0,0,0,1.0,1,1.0,1,1.0,1,0.1896581715147756,50
346,4,552,251,301,0,0,0,1.0,1,1.0,1,1.0,1,0.21636813472209743,50
347,0,552,251,301,0,0,0,1.0,1,1.0,1,1.0,1,0.22177919195876775,51
348,2,554,253,301,0,0,0,1.0,1,1.0,1,1.0,1,0.24858759931231159,52
349,4,558,255,303,0,0,0,1.0,1,1.0,1,1.0,1,0.21607651733746225,54
350,4,562,255,307,0,0,0,1.0,1,1.0,1,1.0,1,0.203294176198725,54
351,2,564,257,307,0,0,0,1.0,1,1.0,1,1.0,1,0.20467861081417965,54
352,2,566,257,309,0,0,0,1.0,1,1.0,1,1.0,1,0.19432061742682794,56
353,2,568,259,309,0,0,0,1.0,1,1.0,1,1.0,1,0.1897970511697041,54
354,1,569,259,310,0,0,0,1.0,1,1.0,1,1.0,1,0.18404042229234555,53
355,2,571,260,311,0,0,0,1.0,1,1.0,1,1.0,1,0.15812076123080607,54
356,1,572,261,311,0,0,0,1.0,1,1.0,1,1.0,1,0.1842199528482439,54
357,3,575,264,311,0,0,0,1.0,1,1.0,1,1.0,1,0.22224893744561716,53
358,3,578,264,314,0,0,0,1.0,1,1.0,1,1.0,1,0.2344333846772518,49
359,1,579,264,315,0,0,0,1.0,1,1.0,1,1.0,1,0.21287652348449282,48
360,0,579,264,315,0,0,0,1.0,1,1.0,1,1.0,1,0.23051017962496384,47
361,1,580,264,316,0,0,0,1.0,1,1.0,1,1.0,1,0.19440450874197326,46
362,0,580,264,316,0,0,0,1.0,1,1.0,1,1.0,1,0.1961041811258478,46
363,1,581,264,317,0,0,0,1.0,1,1.0,1,1.0,1,0.19093163069209568,47
364,0,581,264,317,0,0,0,1.0,1,1.0,1,1.0,1,0.19093163069209568,47
365,1,582,265,317,0,0,0,1.0,1,1.0,1,1.0,1,0.22707339661933237,47
366,3,585,266,319,0,0,0,1.0,1,1.0,1,1.0,1,0.27457176499092706,50
367,0,585,266,319,0,0,0,1.0,1,1.0,1,1.0,1,0.27457176499092706,50
368,0,585,266,319,0,0,0,1.0,1,1.0,1,1.0,1,0.25201401162345427,51
369,1,586,266,320,0,0,0,1.0,1,1.0,1,1.0,1,0.24123912959161897,51
370,1,587,266,321,0,0,0,1.0,1,1.0,1,1.0,1,0.23736420257501223,51
371,4,591,266,325,0,0,0,1.0,1,1.0,1,1.0,1,0.21073824518126966,52
372,0,591,266,325,0,0,0,1.0,1,1.0,1,1.0,1,0.21747670321826043,53
373,5,596,269,327,0,0,0,1.0,1,1.0,1,1.0,1,0.17436406517847794,53
374,2,598,270,328,0,0,0,1.0,1,1.0,1,1.0,1,0.1984969798550126,53
375,3,601,272,329,0,0,0,1.0,1,1.0,1,1.0,1,0.2002755174999379,53
376,4,605,273,332,0,0,0,1.0,1,1.0,1,1.0,1,0.13724973604877438,53
377,1,606,274,332,0,0,0,1.0,1,1.0,1,1.0,1,0.13425452510914215,53
378,1,607,275,332,0,0,0,1.0,1,1.0,1,1.0,1,0.14087599695215175,53
379,1,608,276,332,0,0,0,1.0,1,1.0,1,1.0,1,0.1427695657876791,54
380,1,609,277,332,0,0,0,1.0,1,1.0,1,1.0,1,0.13345996150670703,54
381,1,610,278,332,0,0,0,1.0,1,1.0,1,1.0,1,0.14703306654961357,54
382,2,612,279,333,0,0,0,1.0,1,1.0,1,1.0,1,0.13179465384545402,55
383,2,614,280,334,0,0,0,1.0,1,1.0,1,1.0,1,0.12172653058631845,55
384,1,615,281,334,0,0,0,1.0,1,1.0,1,1.0,1,0.15652867680275212,54
385,0,615,281,334,0,0,0,1.0,1,1.0,1,1.0,1,0.1627487681883591,52
386,4,619,283,336,0,0,0,1.0,1,1.0,1,1.0,1,0.15890601160744158,52
387,3,622,285,337,0,0,0,1.0,1,1.0,1,1.0,1,0.17246438686800855,50
388,2,624,285,339,0,0,0,1.0,1,1.0,1,1.0,1,0.1558648109668797,52
389,3,627,287,340,0,0,0,1.0,1,1.0,1,1.0,1,0.16995556932125147,51
390,1,628,288,340,0,0,0,1.0,1,1.0,1,1.0,1,0.1920660520156146,50
391,5,633,290,343,0,0,0,1.0,1,1.0,1,1.0,1,0.15936110524378275,49
392,2,635,292,343,0,0,0,1.0,1,1.0,1,1.0,1,0.206381059471132,47
393,1,636,293,343,0,0,0,1.0,1,1.0,1,1.0,1,0.2196368913566866,47
394,3,639,295,344,0,0,0,1.0,1,1.0,1,1.0,1,0.23539565701570503,48
395,5,644,297,347,0,0,0,1.0,1,1.0,1,1.0,1,0.2706441919158657,46
396,3,647,298,349,0,0,0,1.0,1,1.0,1,1.0,1,0.28996894319033223,43
397,2,649,298,351,0,0,0,1.0,1,1.0,1,1.0,1,0.2579378642161744,42
398,1,650,299,351,0,0,0,1.0,1,1.0,1,1.0,1,0.32777379045444416,40
399,0,650,299,351,0,0,0,1.0,1,1.0,1,1.0,1,0.3171567594794653,39
400,3,653,300,353,0,0,0,1.0,1,1.0,1,1.0,1,0.24428706102563683,38
401,0,653,300,353,0,0,0,1.0,1,1.0,1,1.0,1,0.2709458453274283,37
402,1,654,301,353,0,0,0,1.0,1,1.0,1,1.0,1,0.2573137740752109,36
403,2,656,302,354,0,0,0,1.0,1,1.0,1,1.0,1,0.20192754532447305,38
404,2,658,303,355,0,0,0,1.0,1,1.0,1,1.0,1,0.23100216496913495,39
405,0,658,303,355,0,0,0,1.0,1,1.0,1,1.0,1,0.21224739452092525,40
406,1,659,303,356,0,0,0,1.0,1,1.0,1,1.0,1,0.1862149312792948,41
407,0,659,303,356,0,0,0,1.0,1,1.0,1,1.0,1,0.1784511622922513,42
408,0,659,303,356,0,0,0,1.0,1,1.0,1,1.0,1,0.1663771853807448,43
409,1,660,304,356,0,0,0,1.0,1,1.0,1,1.0,1,0.2026168200804435,44
410,0,660,304,356,0,0,0,1.0,1,1.0,1,1.0,1,0.20912296767340102,46
411,0,660,304,356,0,0,0,1.0,1,1.0,1,1.0,1,0.20912296767340102,46
412,0,660,304,356,0,0,0,1.0,1,1.0,1,1.0,1,0.225627524932796,47
413,1,661,305,356,0,0,0,1.0,1,1.0,1,1.0,1,0.25054462183138365,47
414,1,662,305,357,0,0,0,1.0,1,1.0,1,1.0,1,0.22865015477332323,47
415,4,666,306,360,0,0,0,1.0,1,1.0,1,1.0,1,0.21091737791491655,48
416,1,667,306,361,0,0,0,1.0,1,1.0,1,1.0,1,0.19816543114878893,49
417,0,667,306,361,0,0,0,1.0,1,1.0,1,1.0,1,0.19816543114878893,49
418,2,669,307,362,0,0,0,1.0,1,1.0,1,1.0,1,0.21969297213453867,50
419,1,670,307,363,0,0,0,1.0,1,1.0,1,1.0,1,0.20850495593390914,50
420,1,671,308,363,0,0,0,1.0,1,1.0,1,1.0,1,0.2106449023074904,50
421,1,672,308,364,0,0,0,1.0,1,1.0,1,1.0,1,0.19398991071217053,50
422,1,673,309,364,0,0,0,1.0,1,1.0,1,1.0,1,0.2173990681150349,50
423,3,676,311,365,0,0,0,1.0,1,1.0,1,1.0,1,0.2416741561086751,51
424,4,680,311,369,0,0,0,1.0,1,1.0,1,1.0,1,0.19377645220819373,49
425,1,681,312,369,0,0,0,1.0,1,1.0,1,1.0,1,0.22244583131764498,48
426,5,686,313,373,0,0,0,1.0,1,1.0,1,1.0,1,0.18538290236552712,50
427,3,689,315,374,0,0,0,1.0,1,1.0,1,1.0,1,0.221427805180996,48
428,5,694,318,376,0,0,0,1.0,1,1.0,1,1.0,1,0.2693241978388396,49
429,0,694,318,376,0,0,0,1.0,1,1.0,1,1.0,1,0.26129007278317407,45
430,6,700,319,381,0,0,0,1.0,1,1.0,1,1.0,1,0.1998346732451839,44
431,2,702,319,383,0,0,0,1.0,1,1.0,1,1.0,1,0.18835331033035646,42
432,2,704,319,385,0,0,0,1.0,1,1.0,1,1.0,1,0.19553515224630566,40
433,1,705,320,385,0,0,0,1.0,1,1.0,1,1.0,1,0.20146399764370576,39
434,1,706,321,385,0,0,0,1.0,1,1.0,1,1.0,1,0.19133988836268054,39
435,2,708,323,385,0,0,0,1.0,1,1.0,1,1.0,1,0.28452662810712576,38
436,4,712,323,389,0,0,0,1.0,1,1.0,1,1.0,1,0.2087056793945965,38
437,1,713,323,390,0,0,0,1.0,1,1.0,1,1.0,1,0.20336646333433744,39
438,0,713,323,390,0,0,0,1.0,1,1.0,1,1.0,1,0.1998506372024603,38
439,2,715,323,392,0,0,0,1.0,1,1.0,1,1.0,1,0.17192632579106018,39
440,2,717,323,394,0,0,0,1.0,1,1.0,1,1.0,1,0.10344533460858046,39
441,2,719,325,394,0,0,0,1.0,1,1.0,1,1.0,1,0.1512175574815625,41
442,0,719,325,394,0,0,0,1.0,1,1.0,1,1.0,1,0.19320695482612948,42
443,0,719,325,394,0,0,0,1.0,1,1.0,1,1.0,1,0.19320695482612948,42
444,0,719,325,394,0,0,0,1.0,1,1.0,1,1.0,1,0.19747792544807688,43
445,3,722,327,395,0,0,0,1.0,1,1.0,1,1.0,1,0.20134532102991723,44
446,2,724,328,396,0,0,0,1.0,1,1.0,1,1.0,1,0.21676302506421746,44
447,1,725,329,396,0,0,0,1.0,1,1.0,1,1.0,1,0.2531557701302841,47
448,2,727,329,398,0,0,0,1.0,1,1.0,1,1.0,1,0.2339853149407507,46
449,0,727,329,398,0,0,0,1.0,1,1.0,1,1.0,1,0.2339853149407507,46
450,0,727,329,398,0,0,0,1.0,1,1.0,1,1.0,1,0.26776583195587045,46
451,2,729,329,400,0,0,0,1.0,1,1.0,1,1.0,1,0.23763483072138902,47
452,0,729,329,400,0,0,0,1.0,1,1.0,1,1.0,1,0.2540103544719335,47
453,0,729,329,400,0,0,0,1.0,1,1.0,1,1.0,1,0.2540103544719335,47
454,2,731,329,402,0,0,0,1.0,1,1.0,1,1.0,1,0.20126752385157715,46
455,4,735,330,405,0,0,0,1.0,1,1.0,1,1.0,1,0.17568930614678818,47
456,1,736,330,406,0,0,0,1.0,1,1.0,1,1.0,1,0.15699162653647794,49
457,1,737,331,406,0,0,0,1.0,1,1.0,1,1.0,1,0.1759188464912999,50
458,0,737,331,406,0,0,0,1.0,1,1.0,1,1.0,1,0.1759188464912999,50
459,1,738,331,407,0,0,0,1.0,1,1.0,1,1.0,1,0.14004650644426697,52
460,0,738,331,407,0,0,0,1.0,1,1.0,1,1.0,1,0.15637436425442275,53
461,1,739,331,408,0,0,0,1.0,1,1.0,1,1.0,1,0.16701504079638374,54
462,1,740,331,409,0,0,0,1.0,1,1.0,1,1.0,1,0.1541311565097462,54
463,2,742,332,410,0,0,0,1.0,1,1.0,1,1.0,1,0.14188654622557095,55
464,2,744,333,411,0,0,0,1.0,1,1.0,1,1.0,1,0.15779621983597858,56
465,1,745,334,411,0,0,0,1.0,1,1.0,1,1.0,1,0.159182039728452,54
466,3,748,335,413,0,0,0,1.0,1,1.0,1,1.0,1,0.12584272436291713,54
467,2,750,336,414,0,0,0,1.0,1,1.0,1,1.0,1,0.12183634730870574,51
468,5,755,340,415,0,0,0,1.0,1,1.0,1,1.0,1,0.1669059167394045,51
469,0,755,340,415,0,0,0,1.0,1,1.0,1,1.0,1,0.1608807931715076,48
470,4,759,343,416,0,0,0,1.0,1,1.0,1,1.0,1,0.20294084301453907,47
471,4,763,346,417,0,0,0,1.0,1,1.0,1,1.0,1,0.1972977829609424,44
472,7,770,350,420,0,0,0,1.0,1,1.0,1,1.0,1,0.21766545186975214,43
473,1,771,350,421,0,0,0,1.0,1,1.0,1,1.0,1,0.16010320975615858,41
474,0,771,350,421,0,0,0,1.0,1,1.0,1,1.0,1,0.18986945745463374,39
475,2,773,350,423,0,0,0,1.0,1,1.0,1,1.0,1,0.15651512912088011,40
476,2,775,352,423,0,0,0,1.0,1,1.0,1,1.0,1,0.1952993384610428,38
477,2,777,353,424,0,0,0,1.0,1,1.0,1,1.0,1,0.27907546588959414,35
478,0,777,353,424,0,0,0,1.0,1,1.0,1,1.0,1,0.2786769044136759,35
479,1,778,354,424,0,0,0,1.0,1,1.0,1,1.0,1,0.3008904064816968,32
480,0,778,354,424,0,0,0,1.0,1,1.0,1,1.0,1,0.3287920985289729,32
481,0,778,354,424,0,0,0,1.0,1,1.0,1,1.0,1,0.31151853384134615,33
482,2,780,356,424,0,0,0,1.0,1,1.0,1,1.0,1,0.33824358345472105,34
483,0,780,356,424,0,0,0,1.0,1,1.0,1,1.0,1,0.3414625332374949,32
484,2,782,357,425,0,0,0,1.0,1,1.0,1,1.0,1,0.3173354857448996,33
485,2,784,358,426,0,0,0,1.0,1,1.0,1,1.0,1,0.3123930900421075,34
486,4,788,358,430,0,0,0,1.0,1,1.0,1,1.0,1,0.25885057265004885,36
487,3,791,358,433,0,0,0,1.0,1,1.0,1,1.0,1,0.21591978976765827,36
488,1,792,359,433,0,0,0,1.0,1,1.0,1,1.0,1,0.21858459312030862,37
489,3,795,361,434,0,0,0,1.0,1,1.0,1,1.0,1,0.2600932736237379,38
490,4,799,361,438,0,0,0,1.0,1,1.0,1,1.0,1,0.19056847305408967,38
491,0,799,361,438,0,0,0,1.0,1,1.0,1,1.0,1,0.19706454770793297,37
492,1,800,362,438,0,0,0,1.0,1,1.0,1,1.0,1,0.2167641648133576,37
493,1,801,362,439,0,0,0,1.0,1,1.0,1,1.0,1,0.1874281360365791,37
494,2,803,364,439,0,0,0,1.0,1,1.0,1,1.0,1,0.26673818433463253,39
495,0,803,364,439,0,0,0,1.0,1,1.0,1,1.0,1,0.26594717034973314,40
496,1,804,364,440,0,0,0,1.0,1,1.0,1,1.0,1,0.211834529463413,40
497,2,806,364,442,0,0,0,1.0,1,1.0,1,1.0,1,0.17946018800908137,43
498,2,808,365,443,0,0,0,1.0,1,1.0,1,1.0,1,0.1617562677713292,43
499,3,811,366,445,0,0,0,1.0,1,1.0,1,1.0,1,0.1597885321920283,44
500,1,812,367,445,0,0,0,1.0,1,1.0,1,1.0,1,0.15542060425983345,45
501,3,815,368,447,0,0,0,1.0,1,1.0,1,1.0,1,0.1383841842688752,45
502,1,816,369,447,0,0,0,1.0,1,1.0,1,1.0,1,0.14708322029582577,45
503,2,818,371,447,0,0,0,1.0,1,1.0,1,1.0,1,0.18751854167162674,46
504,2,820,372,448,0,0,0,1.0,1,1.0,1,1.0,1,0.21571128741439863,47
505,1,821,372,449,0,0,0,1.0,1,1.0,1,1.0,1,0.20552699671328362,42
506,2,823,374,449,0,0,0,1.0,1,1.0,1,1.0,1,0.2843624324987341,41
507,1,824,374,450,0,0,0,1.0,1,1.0,1,1.0,1,0.26269279283432273,38
508,2,826,376,450,0,0,0,1.0,1,1.0,1,1.0,1,0.31420275053116553,38
509,0,826,376,450,0,0,0,1.0,1,1.0,1,1.0,1,0.30486798076622107,37
510,0,826,376,450,0,0,0,1.0,1,1.0,1,1.0,1,0.3249551861505057,36
511,1,827,377,450,0,0,0,1.0,1,1.0,1,1.0,1,0.38434509000590206,34
512,0,827,377,450,0,0,0,1.0,1,1.0,1,1.0,1,0.35731712161128876,32
513,0,827,377,450,0,0,0,1.0,1,1.0,1,1.0,1,0.35731712161128876,32
514,0,827,377,450,0,0,0,1.0,1,1.0,1,1.0,1,0.386119181714615,35
515,2,829,377,452,0,0,0,1.0,1,1.0,1,1.0,1,0.3511309106821983,35
516,2,831,377,454,0,0,0,1.0,1,1.0,1,1.0,1,0.32398618634157295,36
517,2,833,377,456,0,0,0,1.0,1,1.0,1,1.0,1,0.28422326511202933,36
518,1,834,377,457,0,0,0,1.0,1,1.0,1,1.0,1,0.30395742487143346,39
519,1,835,378,457,0,0,0,1.0,1,1.0,1,1.0,1,0.2917758785382851,39
520,3,838,379,459,0,0,0,1.0,1,1.0,1,1.0,1,0.2920831429297191,39
521,0,838,379,459,0,0,0,1.0,1,1.0,1,1.0,1,0.27964567083159647,40
522,1,839,380,459,0,0,0,1.0,1,1.0,1,1.0,1,0.2647282770199966,40
523,1,840,381,459,0,0,0,1.0,1,1.0,1,1.0,1,0.27233817248841846,41
524,1,841,382,459,0,0,0,1.0,1,1.0,1,1.0,1,0.26629010566217537,41
525,3,844,383,461,0,0,0,1.0,1,1.0,1,1.0,1,0.2512280940412227,40
526,1,845,383,462,0,0,0,1.0,1,1.0,1,1.0,1,0.24964135941952495,40
527,1,846,384,462,0,0,0,1.0,1,1.0,1,1.0,1,0.28596271076432583,40
528,0,846,384,462,0,0,0,1.0,1,1.0,1,1.0,1,0.28596271076432583,40
529,3,849,384,465,0,0,0,1.0,1,1.0,1,1.0,1,0.2520355284385752,39
530,1,850,385,465,0,0,0,1.0,1,1.0,1,1.0,1,0.2631372879237634,39
531,0,850,385,465,0,0,0,1.0,1,1.0,1,1.0,1,0.27067273321015517,39
532,1,851,386,465,0,0,0,1.0,1,1.0,1,1.0,1,0.3093227203758595,40
533,3,854,387,467,0,0,0,1.0,1,1.0,1,1.0,1,0.3279890004496392,40
534,1,855,387,468,0,0,0,1.0,1,1.0,1,1.0,1,0.3324355561038881,42
535,3,858,387,471,0,0,0,1.0,1,1.0,1,1.0,1,0.3044946055733393,42
536,0,858,387,471,0,0,0,1.0,1,1.0,1,1.0,1,0.3066245093572187,43
537,0,858,387,471,0,0,0,1.0,1,1.0,1,1.0,1,0.3066245093572187,43
538,1,859,388,471,0,0,0,1.0,1,1.0,1,1.0,1,0.3351394306410106,44
539,0,859,388,471,0,0,0,1.0,1,1.0,1,1.0,1,0.3351394306410106,44
540,1,860,389,471,0,0,0,1.0,1,1.0,1,1.0,1,0.3494045885002119,44
541,3,863,389,474,0,0,0,1.0,1,1.0,1,1.0,1,0.2840966308855109,45
542,3,866,390,476,0,0,0,1.0,1,1.0,1,1.0,1,0.24825756466643825,46
543,3,869,393,476,0,0,0,1.0,1,1.0,1,1.0,1,0.289298786338826,43
544,2,871,394,477,0,0,0,1.0,1,1.0,1,1.0,1,0.27580342867911445,42
545,1,872,395,477,0,0,0,1.0,1,1.0,1,1.0,1,0.2801868610154179,43
546,5,877,398,479,0,0,0,1.0,1,1.0,1,1.0,1,0.2914806553325571,41
547,0,877,398,479,0,0,0,1.0,1,1.0,1,1.0,1,0.2530640897154351,40
548,6,883,402,481,0,0,0,1.0,1,1.0,1,1.0,1,0.3367676134836091,40
549,2,885,403,482,0,0,0,1.0,1,1.0,1,1.0,1,0.30900346125499034,39
550,3,888,404,484,0,0,0,1.0,1,1.0,1,1.0,1,0.3144142191997479,38
551,2,890,406,484,0,0,0,1.0,1,1.0,1,1.0,1,0.3707829705871383,38
552,1,891,407,484,0,0,0,1.0,1,1.0,1,1.0,1,0.40079170749467846,39
553,1,892,407,485,0,0,0,1.0,1,1.0,1,1.0,1,0.3871885361401675,38
554,1,893,407,486,0,0,0,1.0,1,1.0,1,1.0,1,0.39243913694734767,39
555,0,893,407,486,0,0,0,1.0,1,1.0,1,1.0,1,0.3814507679994432,39
556,3,896,408,488,0,0,0,1.0,1,1.0,1,1.0,1,0.34008076470546544,40
557,1,897,408,489,0,0,0,1.0,1,1.0,1,1.0,1,0.3418766059704631,40
558,0,897,408,489,0,0,0,1.0,1,1.0,1,1.0,1,0.3418766059704631,40
559,1,898,408,490,0,0,0,1.0,1,1.0,1,1.0,1,0.3123472912195139,40
560,1,899,408,491,0,0,0,1.0,1,1.0,1,1.0,1,0.29209917794551116,41
561,2,901,409,492,0,0,0,1.0,1,1.0,1,1.0,1,0.2903446201950481,42
562,2,903,410,493,0,0,0,1.0,1,1.0,1,1.0,1,0.28388853373565454,42
563,3,906,411,495,0,0,0,1.0,1,1.0,1,1.0,1,0.28832787336426285,42
564,2,908,411,497,0,0,0,1.0,1,1.0,1,1.0,1,0.26345064121047734,43
565,2,910,413,497,0,0,0,1.0,1,1.0,1,1.0,1,0.31347791456071916,44
566,1,911,413,498,0,0,0,1.0,1,1.0,1,1.0,1,0.29897488394914173,45
567,0,911,413,498,0,0,0,1.0,1,1.0,1,1.0,1,0.29897488394914173,45
568,3,914,413,501,0,0,0,1.0,1,1.0,1,1.0,1,0.2059168879245112,46
569,2,916,413,503,0,0,0,1.0,1,1.0,1,1.0,1,0.18738541827944136,47
570,3,919,414,505,0,0,0,1.0,1,1.0,1,1.0,1,0.180989520232394,48
571,1,920,415,505,0,0,0,1.0,1,1.0,1,1.0,1,0.21226378364148182,48
572,0,920,415,505,0,0,0,1.0,1,1.0,1,1.0,1,0.20294062555327444,47
573,1,921,415,506,0,0,0,1.0,1,1.0,1,1.0,1,0.20796895226819836,49
574,0,921,415,506,0,0,0,1.0,1,1.0,1,1.0,1,0.20796895226819836,49
575,1,922,415,507,0,0,0,1.0,1,1.0,1,1.0,1,0.1746552121349083,50
576,1,923,415,508,0,0,0,1.0,1,1.0,1,1.0,1,0.1738167475180548,51
577,1,924,415,509,0,0,0,1.0,1,1.0,1,1.0,1,0.1466725839054817,51
578,0,924,415,509,0,0,0,1.0,1,1.0,1,1.0,1,0.1466725839054817,51
579,2,926,417,509,0,0,0,1.0,1,1.0,1,1.0,1,0.1752744366608956,52
580,3,929,417,512,0,0,0,1.0,1,1.0,1,1.0,1,0.15860924100504126,52
581,2,931,418,513,0,0,0,1.0,1,1.0,1,1.0,1,0.164138717460538,52
582,2,933,419,514,0,0,0,1.0,1,1.0,1,1.0,1,0.17505990984294462,53
583,1,934,419,515,0,0,0,1.0,1,1.0,1,1.0,1,0.1630419467851163,51
584,1,935,420,515,0,0,0,1.0,1,1.0,1,1.0,1,0.16566639984575396,51
585,3,938,423,515,0,0,0,1.0,1,1.0,1,1.0,1,0.19121393604413336,49
586,3,941,425,516,0,0,0,1.0,1,1.0,1,1.0,1,0.19798215509394607,49
587,1,942,426,516,0,0,0,1.0,1,1.0,1,1.0,1,0.20710235875730343,48
588,3,945,428,517,0,0,0,1.0,1,1.0,1,1.0,1,0.25111125462494593,46
589,8,953,430,523,0,0,0,1.0,1,1.0,1,1.0,1,0.18306880490983174,48
590,1,954,431,523,0,0,0,1.0,1,1.0,1,1.0,1,0.19999670538224681,47
591,0,954,431,523,0,0,0,1.0,1,1.0,1,1.0,1,0.21005645603515163,48
592,1,955,431,524,0,0,0,1.0,1,1.0,1,1.0,1,0.18974695122812524,47
593,2,957,432,525,0,0,0,1.0,1,1.0,1,1.0,1,0.20583254509933768,45
594,2,959,434,525,0,0,0,1.0,1,1.0,1,1.0,1,0.22820598802659714,44
595,1,960,435,525,0,0,0,1.0,1,1.0,1,1.0,1,0.23410149410271106,43
596,5,965,436,529,0,0,0,1.0,1,1.0,1,1.0,1,0.1955261285111642,44
597,0,965,436,529,0,0,0,1.0,1,1.0,1,1.0,1,0.20088034014199493,43
598,1,966,437,529,0,0,0,1.0,1,1.0,1,1.0,1,0.18690864328055462,45
599,2,968,439,529,0,0,0,1.0,1,1.0,1,1.0,1,0.22675314033349492,44
600,1,969,439,530,0,0,0,1.0,1,1.0,1,1.0,1,0.19334936354187038,44
601,0,969,439,530,0,0,0,1.0,1,1.0,1,1.0,1,0.19963848326461547,45
602,3,972,441,531,0,0,0,1.0,1,1.0,1,1.0,1,0.23008186955919396,46
603,0,972,441,531,0,0,0,1.0,1,1.0,1,1.0,1,0.2248679111576491,46
604,2,974,441,533,0,0,0,1.0,1,1.0,1,1.0,1,0.1915219122185966,47
605,1,975,442,533,0,0,0,1.0,1,1.0,1,1.0,1,0.19344540700972726,47
606,0,975,442,533,0,0,0,1.0,1,1.0,1,1.0,1,0.20885521631691142,47
607,2,977,442,535,0,0,0,1.0,1,1.0,1,1.0,1,0.16117753297170576,48
608,0,977,442,535,0,0,0,1.0,1,1.0,1,1.0,1,0.187415706291649,47
609,1,978,442,536,0,0,0,1.0,1,1.0,1,1.0,1,0.17348359363518942,48
610,1,979,442,537,0,0,0,1.0,1,1.0,1,1.0,1,0.16894690150489228,48
611,1,980,443,537,0,0,0,1.0,1,1.0,1,1.0,1,0.16125673987162026,49
612,1,981,443,538,0,0,0,1.0,1,1.0,1,1.0,1,0.16849037733962144,50
613,2,983,444,539,0,0,0,1.0,1,1.0,1,1.0,1,0.1626062948664143,50
614,0,983,444,539,0,0,0,1.0,1,1.0,1,1.0,1,0.1626062948664143,50
615,2,985,445,540,0,0,0,1.0,1,1.0,1,1.0,1,0.159708214736554,50
616,0,985,445,540,0,0,0,1.0,1,1.0,1,1.0,1,0.159708214736554,50
617,0,985,445,540,0,0,0,1.0,1,1.0,1,1.0,1,0.17802708713326904,52
618,3,988,446,542,0,0,0,1.0,1,1.0,1,1.0,1,0.152674129771745,52
619,3,991,448,543,0,0,0,1.0,1,1.0,1,1.0,1,0.13779120201097958,50
620,0,991,448,543,0,0,0,1.0,1,1.0,1,1.0,1,0.16616909613359643,50
621,1,992,449,543,0,0,0,1.0,1,1.0,1,1.0,1,0.17787160582801764,49
622,2,994,449,545,0,0,0,1.0,1,1.0,1,1.0,1,0.19546817019885698,49
623,3,997,451,546,0,0,0,1.0,1,1.0,1,1.0,1,0.22274098533163297,48
624,2,999,452,547,0,0,0,1.0,1,1.0,1,1.0,1,0.2143195205792121,46
625,1,1000,452,548,0,0,0,1.0,1,1.0,1,1.0,1,0.194201529414659,45
626,5,1005,456,549,0,0,0,1.0,1,1.0,1,1.0,1,0.24779377055579715,44
627,3,1008,459,549,0,0,0,1.0,1,1.0,1,1.0,1,0.27928395290543334,44
628,3,1011,460,551,0,0,0,1.0,1,1.0,1,1.0,1,0.2203904927115329,44
629,3,1014,461,553,0,0,0,1.0,1,1.0,1,1.0,1,0.18427893030450923,41
630,2,1016,463,553,0,0,0,1.0,1,1.0,1,1.0,1,0.22657820499076672,40
631,2,1018,464,554,0,0,0,1.0,1,1.0,1,1.0,1,0.2840295652286891,38
632,2,1020,465,555,0,0,0,1.0,1,1.0,1,1.0,1,0.2781606558137822,38
633,0,1020,465,555,0,0,0,1.0,1,1.0,1,1.0,1,0.32447101752234797,36
634,0,1020,465,555,0,0,0,1.0,1,1.0,1,1.0,1,0.32296559852428286,35
635,0,1020,465,555,0,0,0,1.0,1,1.0,1,1.0,1,0.32296559852428286,35
636,2,1022,467,555,0,0,0,1.0,1,1.0,1,1.0,1,0.38789370556016467,36
637,3,1025,467,558,0,0,0,1.0,1,1.0,1,1.0,1,0.28603736499631355,35
638,3,1028,469,559,0,0,0,1.0,1,1.0,1,1.0,1,0.2848049200737189,34
639,3,1031,470,561,0,0,0,1.0,1,1.0,1,1.0,1,0.22580962765747972,36
640,3,1034,471,563,0,0,0,1.0,1,1.0,1,1.0,1,0.2240071883040505,37
641,0,1034,471,563,0,0,0,1.0,1,1.0,1,1.0,1,0.2240071883040505,37
642,0,1034,471,563,0,0,0,1.0,1,1.0,1,1.0,1,0.1996040388493784,38
643,1,1035,471,564,0,0,0,1.0,1,1.0,1,1.0,1,0.1722543302701178,39
644,2,1037,473,564,0,0,0,1.0,1,1.0,1,1.0,1,0.21127854208777072,39
645,0,1037,473,564,0,0,0,1.0,1,1.0,1,1.0,1,0.19476289906139274,39
646,4,1041,475,566,0,0,0,1.0,1,1.0,1,1.0,1,0.24498986214772325,40
647,0,1041,475,566,0,0,0,1.0,1,1.0,1,1.0,1,0.24498986214772325,40
648,0,1041,475,566,0,0,0,1.0,1,1.0,1,1.0,1,0.24498986214772325,40
649,0,1041,475,566,0,0,0,1.0,1,1.0,1,1.0,1,0.24498986214772325,40
650,2,1043,476,567,0,0,0,1.0,1,1.0,1,1.0,1,0.2453077344144866,41
651,2,1045,477,568,0,0,0,1.0,1,1.0,1,1.0,1,0.2361683030780508,42
652,2,1047,477,570,0,0,0,1.0,1,1.0,1,1.0,1,0.22888991247926455,41
653,1,1048,477,571,0,0,0,1.0,1,1.0,1,1.0,1,0.21568874406661928,41
654,1,1049,477,572,0,0,0,1.0,1,1.0,1,1.0,1,0.21714393573974847,42
655,0,1049,477,572,0,0,0,1.0,1,1.0,1,1.0,1,0.22992153285303898,45
656,4,1053,481,572,0,0,0,1.0,1,1.0,1,1.0,1,0.31767072783030054,45
657,2,1055,481,574,0,0,0,1.0,1,1.0,1,1.0,1,0.24051763100798226,43
658,3,1058,483,575,0,0,0,1.0,1,1.0,1,1.0,1,0.30331136555512794,43
659,1,1059,483,576,0,0,0,1.0,1,1.0,1,1.0,1,0.2754832011217816,43
660,3,1062,486,576,0,0,0,1.0,1,1.0,1,1.0,1,0.3616374853178401,43
661,2,1064,487,577,0,0,0,1.0,1,1.0,1,1.0,1,0.3691877570542675,41
662,3,1067,488,579,0,0,0,1.0,1,1.0,1,1.0,1,0.3767855694036242,40
663,3,1070,490,580,0,0,0,1.0,1,1.0,1,1.0,1,0.335230622645718,39
664,1,1071,490,581,0,0,0,1.0,1,1.0,1,1.0,1,0.33056450707009777,36
665,3,1074,491,583,0,0,0,1.0,1,1.0,1,1.0,1,0.31024823271013635,36
666,2,1076,492,584,0,0,0,1.0,1,1.0,1,1.0,1,0.2644423358340978,36
667,2,1078,493,585,0,0,0,1.0,1,1.0,1,1.0,1,0.26463870815606927,35
668,3,1081,496,585,0,0,0,1.0,1,1.0,1,1.0,1,0.2722295585114236,34
669,2,1083,498,585,0,0,0,1.0,1,1.0,1,1.0,1,0.2894193790776764,34
670,4,1087,499,588,0,0,0,1.0,1,1.0,1,1.0,1,0.2554852567550822,32
671,2,1089,500,589,0,0,0,1.0,1,1.0,1,1.0,1,0.24102171848014342,33
672,0,1089,500,589,0,0,0,1.0,1,1.0,1,1.0,1,0.25886820466334853,32
673,0,1089,500,589,0,0,0,1.0,1,1.0,1,1.0,1,0.25886820466334853,32
674,3,1092,501,591,0,0,0,1.0,1,1.0,1,1.0,1,0.2694503626248134,32
675,2,1094,502,592,0,0,0,1.0,1,1.0,1,1.0,1,0.2651556161458391,34
676,2,1096,502,594,0,0,0,1.0,1,1.0,1,1.0,1,0.20977721039164604,35
677,1,1097,503,594,0,0,0,1.0,1,1.0,1,1.0,1,0.20781232638811337,35
678,0,1097,503,594,0,0,0,1.0,1,1.0,1,1.0,1,0.20781232638811337,35
679,2,1099,504,595,0,0,0,1.0,1,1.0,1,1.0,1,0.16990144957957512,36
680,1,1100,505,595,0,0,0,1.0,1,1.0,1,1.0,1,0.15625964216811616,37
681,0,1100,505,595,0,0,0,1.0,1,1.0,1,1.0,1,0.15625964216811616,37
682,1,1101,506,595,0,0,0,1.0,1,1.0,1,1.0,1,0.17026796927184054,37
683,0,1101,506,595,0,0,0,1.0,1,1.0,1,1.0,1,0.18165098161705448,38
684,1,1102,507,595,0,0,0,1.0,1,1.0,1,1.0,1,0.21241975337251842,39
685,0,1102,507,595,0,0,0,1.0,1,1.0,1,1.0,1,0.207993709120919,38
686,0,1102,507,595,0,0,0,1.0,1,1.0,1,1.0,1,0.24312412258905824,37
687,4,1106,508,598,0,0,0,1.0,1,1.0,1,1.0,1,0.25629584780306175,38
688,0,1106,508,598,0,0,0,1.0,1,1.0,1,1.0,1,0.29791537504125465,37
689,1,1107,509,598,0,0,0,1.0,1,1.0,1,1.0,1,0.2968112907342054,39
690,0,1107,509,598,0,0,0,1.0,1,1.0,1,1.0,1,0.30277627245581284,38
691,1,1108,510,598,0,0,0,1.0,1,1.0,1,1.0,1,0.2882237951341607,38
692,2,1110,512,598,0,0,0,1.0,1,1.0,1,1.0,1,0.30807611232286275,38
693,3,1113,514,599,0,0,0,1.0,1,1.0,1,1.0,1,0.32159063444093827,40
694,5,1118,516,602,0,0,0,1.0,1,1.0,1,1.0,1,0.31965431675371814,42
695,1,1119,516,603,0,0,0,1.0,1,1.0,1,1.0,1,0.2666103091681022,40
696,4,1123,518,605,0,0,0,1.0,1,1.0,1,1.0,1,0.24180560992562755,39
697,1,1124,519,605,0,0,0,1.0,1,1.0,1,1.0,1,0.24859414811307107,39
698,1,1125,519,606,0,0,0,1.0,1,1.0,1,1.0,1,0.19308464955635884,37
699,0,1125,519,606,0,0,0,1.0,1,1.0,1,1.0,1,0.17472500538057809,37
700,1,1126,520,606,0,0,0,1.0,1,1.0,1,1.0,1,0.2103194697453769,37
701,0,1126,520,606,0,0,0,1.0,1,1.0,1,1.0,1,0.2103194697453769,37
702,2,1128,521,607,0,0,0,1.0,1,1.0,1,1.0,1,0.2389124679385811,38
703,4,1132,523,609,0,0,0,1.0,1,1.0,1,1.0,1,0.22236499135622992,36
704,1,1133,524,609,0,0,0,1.0,1,1.0,1,1.0,1,0.23200013581858522,36
705,2,1135,526,609,0,0,0,1.0,1,1.0,1,1.0,1,0.25049087101408324,36
706,4,1139,530,609,0,0,0,1.0,1,1.0,1,1.0,1,0.3619950584939678,35
707,3,1142,532,610,0,0,0,1.0,1,1.0,1,1.0,1,0.3576279376952807,36
708,4,1146,533,613,0,0,0,1.0,1,1.0,1,1.0,1,0.31732704421414065,36
709,1,1147,534,613,0,0,0,1.0,1,1.0,1,1.0,1,0.2846169735472106,34
710,0,1147,534,613,0,0,0,1.0,1,1.0,1,1.0,1,0.2846169735472106,34
711,0,1147,534,613,0,0,0,1.0,1,1.0,1,1.0,1,0.2811816661695615,34
712,5,1152,536,616,0,0,0,1.0,1,1.0,1,1.0,1,0.2645947005890127,35
713,4,1156,538,618,0,0,0,1.0,1,1.0,1,1.0,1,0.26469447235154503,34
714,1,1157,539,618,0,0,0,1.0,1,1.0,1,1.0,1,0.27298210893128866,34
715,1,1158,539,619,0,0,0,1.0,1,1.0,1,1.0,1,0.2819547599478703,35
716,1,1159,540,619,0,0,0,1.0,1,1.0,1,1.0,1,0.30981122630560615,33
717,2,1161,540,621,0,0,0,1.0,1,1.0,1,1.0,1,0.30337784038406423,33
718,2,1163,541,622,0,0,0,1.0,1,1.0,1,1.0,1,0.33761721614522316,32
719,2,1165,541,624,0,0,0,1.0,1,1.0,1,1.0,1,0.27887318680110323,32
720,1,1166,541,625,0,0,0,1.0,1,1.0,1,1.0,1,0.25367325991126605,33
721,2,1168,542,626,0,0,0,1.0,1,1.0,1,1.0,1,0.23846000537162002,33
722,1,1169,542,627,0,0,0,1.0,1,1.0,1,1.0,1,0.21490623598140743,34
723,0,1169,542,627,0,0,0,1.0,1,1.0,1,1.0,1,0.21490623598140743,34
724,1,1170,542,628,0,0,0,1.0,1,1.0,1,1.0,1,0.21890350807291986,36
725,0,1170,542,628,0,0,0,1.0,1,1.0,1,1.0,1,0.21890350807291986,36
726,0,1170,542,628,0,0,0,1.0,1,1.0,1,1.0,1,0.21890350807291986,36
727,0,1170,542,628,0,0,0,1.0,1,1.0,1,1.0,1,0.21890350807291986,36
728,2,1172,543,629,0,0,0,1.0,1,1.0,1,1.0,1,0.21634281994681523,37
729,0,1172,543,629,0,0,0,1.0,1,1.0,1,1.0,1,0.23706722258835128,37
730,2,1174,543,631,0,0,0,1.0,1,1.0,1,1.0,1,0.19674882703172206,38
731,2,1176,544,632,0,0,0,1.0,1,1.0,1,1.0,1,0.24973141857999337,39
732,0,1176,544,632,0,0,0,1.0,1,1.0,1,1.0,1,0.22684731029157243,41
733,0,1176,544,632,0,0,0,1.0,1,1.0,1,1.0,1,0.18548032299218944,39
734,2,1178,546,632,0,0,0,1.0,1,1.0,1,1.0,1,0.24681718561252527,39
735,3,1181,549,632,0,0,0,1.0,1,1.0,1,1.0,1,0.3133536677084539,39
736,1,1182,549,633,0,0,0,1.0,1,1.0,1,1.0,1,0.28402508497441165,38
737,0,1182,549,633,0,0,0,1.0,1,1.0,1,1.0,1,0.29991914015146726,39
738,0,1182,549,633,0,0,0,1.0,1,1.0,1,1.0,1,0.31657709939008694,37
739,1,1183,549,634,0,0,0,1.0,1,1.0,1,1.0,1,0.29600576998159267,37
740,0,1183,549,634,0,0,0,1.0,1,1.0,1,1.0,1,0.2871286155045431,35
741,0,1183,549,634,0,0,0,1.0,1,1.0,1,1.0,1,0.2936878104284127,33
742,1,1184,550,634,0,0,0,1.0,1,1.0,1,1.0,1,0.31421259699810816,35
743,3,1187,552,635,0,0,0,1.0,1,1.0,1,1.0,1,0.3295468612208574,35
744,3,1190,554,636,0,0,0,1.0,1,1.0,1,1.0,1,0.29794444629883254,34
745,2,1192,555,637,0,0,0,1.0,1,1.0,1,1.0,1,0.31287517328656744,34
746,3,1195,558,637,0,0,0,1.0,1,1.0,1,1.0,1,0.27108808812682783,33
747,1,1196,558,638,0,0,0,1.0,1,1.0,1,1.0,1,0.22112702429214787,32
748,0,1196,558,638,0,0,0,1.0,1,1.0,1,1.0,1,0.21865882726420685,33
749,0,1196,558,638,0,0,0,1.0,1,1.0,1,1.0,1,0.21865882726420685,33
750,1,1197,559,638,0,0,0,1.0,1,1.0,1,1.0,1,0.2410116540979482,34
751,1,1198,560,638,0,0,0,1.0,1,1.0,1,1.0,1,0.2637000485851153,36
752,3,1201,563,638,0,0,0,1.0,1,1.0,1,1.0,1,0.24774188500432728,35
753,3,1204,564,640,0,0,0,1.0,1,1.0,1,1.0,1,0.2765367856170955,37
754,3,1207,566,641,0,0,0,1.0,1,1.0,1,1.0,1,0.3003644689899544,37
755,2,1209,567,642,0,0,0,1.0,1,1.0,1,1.0,1,0.28117457849177696,35
756,1,1210,567,643,0,0,0,1.0,1,1.0,1,1.0,1,0.29156846551989574,36
757,2,1212,567,645,0,0,0,1.0,1,1.0,1,1.0,1,0.2499919346280442,35
758,0,1212,567,645,0,0,0,1.0,1,1.0,1,1.0,1,0.261699034530669,36
759,0,1212,567,645,0,0,0,1.0,1,1.0,1,1.0,1,0.26603347841772446,37
760,1,1213,567,646,0,0,0,1.0,1,1.0,1,1.0,1,0.2738880859381641,36
761,0,1213,567,646,0,0,0,1.0,1,1.0,1,1.0,1,0.2738880859381641,36
762,0,1213,567,646,0,0,0,1.0,1,1.0,1,1.0,1,0.28585192899320055,37
763,0,1213,567,646,0,0,0,1.0,1,1.0,1,1.0,1,0.2954856140353292,38
764,0,1213,567,646,0,0,0,1.0,1,1.0,1,1.0,1,0.2954856140353292,38
765,0,1213,567,646,0,0,0,1.0,1,1.0,1,1.0,1,0.2954856140353292,38
766,1,1214,567,647,0,0,0,1.0,1,1.0,1,1.0,1,0.2731091227100085,40
767,0,1214,567,647,0,0,0,1.0,1,1.0,1,1.0,1,0.2865820541609153,41
768,3,1217,568,649,0,0,0,1.0,1,1.0,1,1.0,1,0.28444125203148146,41
769,1,1218,568,650,0,0,0,1.0,1,1.0,1,1.0,1,0.2866008368480742,42
770,2,1220,569,651,0,0,0,1.0,1,1.0,1,1.0,1,0.3008203664511493,41
771,0,1220,569,651,0,0,0,1.0,1,1.0,1,1.0,1,0.32653653572218305,41
772,4,1224,571,653,0,0,0,1.0,1,1.0,1,1.0,1,0.28381896532228806,41
773,2,1226,571,655,0,0,0,1.0,1,1.0,1,1.0,1,0.23995142120971683,41
774,2,1228,573,655,0,0,0,1.0,1,1.0,1,1.0,1,0.2663904939247203,42
775,1,1229,573,656,0,0,0,1.0,1,1.0,1,1.0,1,0.23767995788495663,42
776,0,1229,573,656,0,0,0,1.0,1,1.0,1,1.0,1,0.23767995788495663,42
777,0,1229,573,656,0,0,0,1.0,1,1.0,1,1.0,1,0.23767995788495663,42
778,1,1230,573,657,0,0,0,1.0,1,1.0,1,1.0,1,0.25295976863052033,44
779,0,1230,573,657,0,0,0,1.0,1,1.0,1,1.0,1,0.25295976863052033,44
780,0,1230,573,657,0,0,0,1.0,1,1.0,1,1.0,1,0.25295976863052033,44
781,1,1231,573,658,0,0,0,1.0,1,1.0,1,1.0,1,0.23890058589705787,46
782,2,1233,575,658,0,0,0,1.0,1,1.0,1,1.0,1,0.2760148796489064,45
783,1,1234,576,658,0,0,0,1.0,1,1.0,1,1.0,1,0.32064231163343415,44
784,4,1238,578,660,0,0,0,1.0,1,1.0,1,1.0,1,0.2884489727560467,44
785,3,1241,579,662,0,0,0,1.0,1,1.0,1,1.0,1,0.2815505449314115,43
786,1,1242,580,662,0,0,0,1.0,1,1.0,1,1.0,1,0.2696708394540548,43
787,0,1242,580,662,0,0,0,1.0,1,1.0,1,1.0,1,0.2696708394540548,43
788,4,1246,581,665,0,0,0,1.0,1,1.0,1,1.0,1,0.22569042260345706,45
789,2,1248,582,666,0,0,0,1.0,1,1.0,1,1.0,1,0.2068333622701514,46
790,1,1249,582,667,0,0,0,1.0,1,1.0,1,1.0,1,0.21630708519550812,45
791,0,1249,582,667,0,0,0,1.0,1,1.0,1,1.0,1,0.2339501616329722,46
792,2,1251,583,668,0,0,0,1.0,1,1.0,1,1.0,1,0.25314957841534286,46
793,4,1255,583,672,0,0,0,1.0,1,1.0,1,1.0,1,0.17143861582062123,46
794,1,1256,584,672,0,0,0,1.0,1,1.0,1,1.0,1,0.2245073427276603,47
795,2,1258,584,674,0,0,0,1.0,1,1.0,1,1.0,1,0.20042938812500335,47
796,3,1261,585,676,0,0,0,1.0,1,1.0,1,1.0,1,0.1929396655140516,46
797,3,1264,587,677,0,0,0,1.0,1,1.0,1,1.0,1,0.21475427206250278,47
798,3,1267,589,678,0,0,0,1.0,1,1.0,1,1.0,1,0.26326698011896216,48
799,7,1274,589,685,0,0,0,1.0,1,1.0,1,1.0,1,0.12991386926711437,48
800,1,1275,590,685,0,0,0,1.0,1,1.0,1,1.0,1,0.1539054976645511,48
801,1,1276,590,686,0,0,0,1.0,1,1.0,1,1.0,1,0.15108940669473456,49
802,0,1276,590,686,0,0,0,1.0,1,1.0,1,1.0,1,0.13579728424058185,50
803,0,1276,590,686,0,0,0,1.0,1,1.0,1,1.0,1,0.13042198984661021,49
804,1,1277,591,686,0,0,0,1.0,1,1.0,1,1.0,1,0.1071072691547079,50
805,0,1277,591,686,0,0,0,1.0,1,1.0,1,1.0,1,0.1071072691547079,50
806,0,1277,591,686,0,0,0,1.0,1,1.0,1,1.0,1,0.1071072691547079,50
807,1,1278,591,687,0,0,0,1.0,1,1.0,1,1.0,1,0.11915069112491271,51
808,0,1278,591,687,0,0,0,1.0,1,1.0,1,1.0,1,0.11915069112491271,51
809,1,1279,592,687,0,0,0,1.0,1,1.0,1,1.0,1,0.14262686663479474,51
810,1,1280,592,688,0,0,0,1.0,1,1.0,1,1.0,1,0.1409140499096757,52
811,3,1283,594,689,0,0,0,1.0,1,1.0,1,1.0,1,0.15464324999001072,50
812,2,1285,596,689,0,0,0,1.0,1,1.0,1,1.0,1,0.16630353156719388,48
813,2,1287,597,690,0,0,0,1.0,1,1.0,1,1.0,1,0.17879180644270312,49
814,1,1288,597,691,0,0,0,1.0,1,1.0,1,1.0,1,0.15420631035323754,48
815,1,1289,598,691,0,0,0,1.0,1,1.0,1,1.0,1,0.1995036114944378,48
816,2,1291,599,692,0,0,0,1.0,1,1.0,1,1.0,1,0.17031338680433597,46
817,0,1291,599,692,0,0,0,1.0,1,1.0,1,1.0,1,0.2066599147756576,44
818,1,1292,599,693,0,0,0,1.0,1,1.0,1,1.0,1,0.18542503361056148,46
819,0,1292,599,693,0,0,0,1.0,1,1.0,1,1.0,1,0.19982609114132033,44
820,1,1293,599,694,0,0,0,1.0,1,1.0,1,1.0,1,0.21696516883780406,44
821,0,1293,599,694,0,0,0,1.0,1,1.0,1,1.0,1,0.21696516883780406,44
822,2,1295,600,695,0,0,0,1.0,1,1.0,1,1.0,1,0.22372869547993296,44
823,3,1298,602,696,0,0,0,1.0,1,1.0,1,1.0,1,0.20075814846559023,42
824,3,1301,605,696,0,0,0,1.0,1,1.0,1,1.0,1,0.21846727198397475,42
825,2,1303,607,696,0,0,0,1.0,1,1.0,1,1.0,1,0.22795256639160036,40
826,5,1308,610,698,0,0,0,1.0,1,1.0,1,1.0,1,0.2265488954981114,41
827,2,1310,611,699,0,0,0,1.0,1,1.0,1,1.0,1,0.1880208809656804,40
828,4,1314,614,700,0,0,0,1.0,1,1.0,1,1.0,1,0.19760414163174644,40
829,1,1315,615,700,0,0,0,1.0,1,1.0,1,1.0,1,0.2290387080594999,42
830,2,1317,617,700,0,0,0,1.0,1,1.0,1,1.0,1,0.2605902625431445,42
831,4,1321,619,702,0,0,0,1.0,1,1.0,1,1.0,1,0.2687262029496834,43
832,5,1326,619,707,0,0,0,1.0,1,1.0,1,1.0,1,0.17841646385250634,42
833,1,1327,620,707,0,0,0,1.0,1,1.0,1,1.0,1,0.2203008438724352,41
834,0,1327,620,707,0,0,0,1.0,1,1.0,1,1.0,1,0.2203008438724352,41
835,0,1327,620,707,0,0,0,1.0,1,1.0,1,1.0,1,0.22139031292335332,41
836,0,1327,620,707,0,0,0,1.0,1,1.0,1,1.0,1,0.2162112573160708,40
837,0,1327,620,707,0,0,0,1.0,1,1.0,1,1.0,1,0.2198802955995938,41
838,0,1327,620,707,0,0,0,1.0,1,1.0,1,1.0,1,0.2198802955995938,41
839,2,1329,622,707,0,0,0,1.0,1,1.0,1,1.0,1,0.24603419992898662,41
840,3,1332,623,709,0,0,0,1.0,1,1.0,1,1.0,1,0.24843857258678861,42
841,3,1335,623,712,0,0,0,1.0,1,1.0,1,1.0,1,0.17559244323006695,42
842,2,1337,624,713,0,0,0,1.0,1,1.0,1,1.0,1,0.18288574468007465,42
843,1,1338,625,713,0,0,0,1.0,1,1.0,1,1.0,1,0.19339285805798376,42
844,0,1338,625,713,0,0,0,1.0,1,1.0,1,1.0,1,0.20433010307792668,42
845,2,1340,625,715,0,0,0,1.0,1,1.0,1,1.0,1,0.24997884268912957,44
846,3,1343,626,717,0,0,0,1.0,1,1.0,1,1.0,1,0.2361145804989211,44
847,1,1344,627,717,0,0,0,1.0,1,1.0,1,1.0,1,0.23562202719266173,42
848,0,1344,627,717,0,0,0,1.0,1,1.0,1,1.0,1,0.2714737265403447,43
849,2,1346,627,719,0,0,0,1.0,1,1.0,1,1.0,1,0.22399206952759226,43
850,5,1351,628,723,0,0,0,1.0,1,1.0,1,1.0,1,0.213829632079006,41
851,1,1352,629,723,0,0,0,1.0,1,1.0,1,1.0,1,0.19706995876382158,40
852,0,1352,629,723,0,0,0,1.0,1,1.0,1,1.0,1,0.19706995876382158,40
853,2,1354,630,724,0,0,0,1.0,1,1.0,1,1.0,1,0.16603142275600738,40
854,1,1355,631,724,0,0,0,1.0,1,1.0,1,1.0,1,0.1890647935889581,40
855,1,1356,632,724,0,0,0,1.0,1,1.0,1,1.0,1,0.18211356181988114,41
856,1,1357,633,724,0,0,0,1.0,1,1.0,1,1.0,1,0.1967796611750367,41
857,1,1358,634,724,0,0,0,1.0,1,1.0,1,1.0,1,0.1927768363889004,42
858,1,1359,634,725,0,0,0,1.0,1,1.0,1,1.0,1,0.1754889041037583,43
859,0,1359,634,725,0,0,0,1.0,1,1.0,1,1.0,1,0.1754889041037583,43
860,0,1359,634,725,0,0,0,1.0,1,1.0,1,1.0,1,0.1860553641671795,44
861,1,1360,635,725,0,0,0,1.0,1,1.0,1,1.0,1,0.20524675188782643,44
862,2,1362,636,726,0,0,0,1.0,1,1.0,1,1.0,1,0.1796605638794032,44
863,2,1364,638,726,0,0,0,1.0,1,1.0,1,1.0,1,0.20543250172524422,44
864,3,1367,639,728,0,0,0,1.0,1,1.0,1,1.0,1,0.19998924393374637,44
865,2,1369,641,728,0,0,0,1.0,1,1.0,1,1.0,1,0.18070148456138443,43
866,7,1376,645,731,0,0,0,1.0,1,1.0,1,1.0,1,0.2647684330522679,45
867,1,1377,645,732,0,0,0,1.0,1,1.0,1,1.0,1,0.2157778515614856,44
868,3,1380,646,734,0,0,0,1.0,1,1.0,1,1.0,1,0.2062927627110995,45
869,4,1384,649,735,0,0,0,1.0,1,1.0,1,1.0,1,0.20636568416420864,44
870,2,1386,649,737,0,0,0,1.0,1,1.0,1,1.0,1,0.14487485964804644,44
871,2,1388,650,738,0,0,0,1.0,1,1.0,1,1.0,1,0.14339384751184134,43
872,1,1389,650,739,0,0,0,1.0,1,1.0,1,1.0,1,0.1390254986749482,43
873,1,1390,651,739,0,0,0,1.0,1,1.0,1,1.0,1,0.18433335238147108,43
874,4,1394,654,740,0,0,0,1.0,1,1.0,1,1.0,1,0.21082617029838038,46
875,0,1394,654,740,0,0,0,1.0,1,1.0,1,1.0,1,0.20248936338067494,43
876,1,1395,655,740,0,0,0,1.0,1,1.0,1,1.0,1,0.22127399166920078,44
877,6,1401,655,746,0,0,0,1.0,1,1.0,1,1.0,1,0.14052579418442426,44
878,1,1402,656,746,0,0,0,1.0,1,1.0,1,1.0,1,0.15709878281586837,44
879,0,1402,656,746,0,0,0,1.0,1,1.0,1,1.0,1,0.15709878281586837,44
880,4,1406,658,748,0,0,0,1.0,1,1.0,1,1.0,1,0.19972552011099667,44
881,0,1406,658,748,0,0,0,1.0,1,1.0,1,1.0,1,0.18556209984787728,43
882,1,1407,659,748,0,0,0,1.0,1,1.0,1,1.0,1,0.18506295368779319,45
883,2,1409,660,749,0,0,0,1.0,1,1.0,1,1.0,1,0.18009105422493296,45
884,3,1412,662,750,0,0,0,1.0,1,1.0,1,1.0,1,0.20429011815939188,45
885,0,1412,662,750,0,0,0,1.0,1,1.0,1,1.0,1,0.1762617547788077,43
886,1,1413,663,750,0,0,0,1.0,1,1.0,1,1.0,1,0.23210552725551134,43
887,1,1414,664,750,0,0,0,1.0,1,1.0,1,1.0,1,0.21188431288786622,41
888,0,1414,664,750,0,0,0,1.0,1,1.0,1,1.0,1,0.2343253954239925,40
889,4,1418,667,751,0,0,0,1.0,1,1.0,1,1.0,1,0.2713100087633079,40
890,1,1419,668,751,0,0,0,1.0,1,1.0,1,1.0,1,0.29164970144654007,38
891,2,1421,669,752,0,0,0,1.0,1,1.0,1,1.0,1,0.2520148989787254,39
892,6,1427,671,756,0,0,0,1.0,1,1.0,1,1.0,1,0.26664611985106873,39
893,0,1427,671,756,0,0,0,1.0,1,1.0,1,1.0,1,0.23533948999087279,37
894,0,1427,671,756,0,0,0,1.0,1,1.0,1,1.0,1,0.21837379981408336,36
895,0,1427,671,756,0,0,0,1.0,1,1.0,1,1.0,1,0.23779359804446915,37
896,1,1428,672,756,0,0,0,1.0,1,1.0,1,1.0,1,0.2582723059812889,36
897,2,1430,674,756,0,0,0,1.0,1,1.0,1,1.0,1,0.23025770585068853,36
898,1,1431,674,757,0,0,0,1.0,1,1.0,1,1.0,1,0.23655366625326077,35
899,1,1432,675,757,0,0,0,1.0,1,1.0,1,1.0,1,0.2519343596366498,35
900,1,1433,676,757,0,0,0,1.0,1,1.0,1,1.0,1,0.31328119411035255,36
901,3,1436,678,758,0,0,0,1.0,1,1.0,1,1.0,1,0.315798672423703,36
902,2,1438,680,758,0,0,0,1.0,1,1.0,1,1.0,1,0.3683144223263065,36
903,3,1441,680,761,0,0,0,1.0,1,1.0,1,1.0,1,0.2941415007352517,35
904,5,1446,683,763,0,0,0,1.0,1,1.0,1,1.0,1,0.2810153859764089,37
905,2,1448,685,763,0,0,0,1.0,1,1.0,1,1.0,1,0.30649170986234603,36
906,1,1449,685,764,0,0,0,1.0,1,1.0,1,1.0,1,0.29460753869606887,37
907,7,1456,688,768,0,0,0,1.0,1,1.0,1,1.0,1,0.25718163770454505,37
908,3,1459,689,770,0,0,0,1.0,1,1.0,1,1.0,1,0.1999403303731792,36
909,3,1462,691,771,0,0,0,1.0,1,1.0,1,1.0,1,0.18501092186617904,36
910,2,1464,692,772,0,0,0,1.0,1,1.0,1,1.0,1,0.18649556171936216,37
911,2,1466,693,773,0,0,0,1.0,1,1.0,1,1.0,1,0.2377038670968287,36
912,0,1466,693,773,0,0,0,1.0,1,1.0,1,1.0,1,0.24273330305653157,34
913,4,1470,694,776,0,0,0,1.0,1,1.0,1,1.0,1,0.20635906106877372,34
914,0,1470,694,776,0,0,0,1.0,1,1.0,1,1.0,1,0.24856978116378728,33
915,2,1472,694,778,0,0,0,1.0,1,1.0,1,1.0,1,0.17606565925806966,33
916,0,1472,694,778,0,0,0,1.0,1,1.0,1,1.0,1,0.19783949751623,34
917,0,1472,694,778,0,0,0,1.0,1,1.0,1,1.0,1,0.19783949751623,34
918,0,1472,694,778,0,0,0,1.0,1,1.0,1,1.0,1,0.20412151197203673,36
919,0,1472,694,778,0,0,0,1.0,1,1.0,1,1.0,1,0.20412151197203673,36
920,1,1473,695,778,0,0,0,1.0,1,1.0,1,1.0,1,0.20300861065086337,37
921,0,1473,695,778,0,0,0,1.0,1,1.0,1,1.0,1,0.20300861065086337,37
922,2,1475,696,779,0,0,0,1.0,1,1.0,1,1.0,1,0.2219672437533433,38
923,1,1476,697,779,0,0,0,1.0,1,1.0,1,1.0,1,0.1942509490977613,36
924,2,1478,698,780,0,0,0,1.0,1,1.0,1,1.0,1,0.18717208254945283,35
925,3,1481,699,782,0,0,0,1.0,1,1.0,1,1.0,1,0.23811615026494362,35
926,1,1482,700,782,0,0,0,1.0,1,1.0,1,1.0,1,0.2395649027488324,34
927,0,1482,700,782,0,0,0,1.0,1,1.0,1,1.0,1,0.27810437504851004,32
928,1,1483,700,783,0,0,0,1.0,1,1.0,1,1.0,1,0.22544308932893914,32
929,0,1483,700,783,0,0,0,1.0,1,1.0,1,1.0,1,0.26162608650527885,31
930,0,1483,700,783,0,0,0,1.0,1,1.0,1,1.0,1,0.2909514243282954,30
931,3,1486,703,783,0,0,0,1.0,1,1.0,1,1.0,1,0.3105688284990032,29
932,0,1486,703,783,0,0,0,1.0,1,1.0,1,1.0,1,0.3105688284990032,29
933,0,1486,703,783,0,0,0,1.0,1,1.0,1,1.0,1,0.3105688284990032,29
934,1,1487,704,783,0,0,0,1.0,1,1.0,1,1.0,1,0.3078963372936276,29
935,1,1488,704,784,0,0,0,1.0,1,1.0,1,1.0,1,0.3295478161782055,31
936,2,1490,705,785,0,0,0,1.0,1,1.0,1,1.0,1,0.32791610972598945,31
937,6,1496,707,789,0,0,0,1.0,1,1.0,1,1.0,1,0.2613973800227219,34
938,0,1496,707,789,0,0,0,1.0,1,1.0,1,1.0,1,0.2781519372102609,33
939,4,1500,708,792,0,0,0,1.0,1,1.0,1,1.0,1,0.30352863058416757,36
940,3,1503,708,795,0,0,0,1.0,1,1.0,1,1.0,1,0.26978107626670195,36
941,1,1504,709,795,0,0,0,1.0,1,1.0,1,1.0,1,0.2952643983868867,36
942,1,1505,710,795,0,0,0,1.0,1,1.0,1,1.0,1,0.2987797050174667,36
943,1,1506,710,796,0,0,0,1.0,1,1.0,1,1.0,1,0.2707570461504503,35
944,3,1509,713,796,0,0,0,1.0,1,1.0,1,1.0,1,0.2855844172451323,35
945,1,1510,714,796,0,0,0,1.0,1,1.0,1,1.0,1,0.26227186957097853,33
946,2,1512,715,797,0,0,0,1.0,1,1.0,1,1.0,1,0.3035010082942397,36
947,1,1513,716,797,0,0,0,1.0,1,1.0,1,1.0,1,0.3231791973704756,34
948,1,1514,717,797,0,0,0,1.0,1,1.0,1,1.0,1,0.34271087375085774,33
949,0,1514,717,797,0,0,0,1.0,1,1.0,1,1.0,1,0.37380309979396514,34
950,0,1514,717,797,0,0,0,1.0,1,1.0,1,1.0,1,0.3820721366485251,33
951,0,1514,717,797,0,0,0,1.0,1,1.0,1,1.0,1,0.3820721366485251,33
952,1,1515,717,798,0,0,0,1.0,1,1.0,1,1.0,1,0.3916907605165741,32
953,1,1516,717,799,0,0,0,1.0,1,1.0,1,1.0,1,0.3631160514300527,32
954,0,1516,717,799,0,0,0,1.0,1,1.0,1,1.0,1,0.35427164767717834,31
955,2,1518,717,801,0,0,0,1.0,1,1.0,1,1.0,1,0.3376390119062008,32
956,2,1520,718,802,0,0,0,1.0,1,1.0,1,1.0,1,0.2835020815051382,32
957,0,1520,718,802,0,0,0,1.0,1,1.0,1,1.0,1,0.28876838071906774,33
958,0,1520,718,802,0,0,0,1.0,1,1.0,1,1.0,1,0.2862907705363017,35
959,2,1522,719,803,0,0,0,1.0,1,1.0,1,1.0,1,0.2968790961956474,36
960,0,1522,719,803,0,0,0,1.0,1,1.0,1,1.0,1,0.3199017083951005,38
961,2,1524,721,803,0,0,0,1.0,1,1.0,1,1.0,1,0.4080564940884321,37
962,2,1526,722,804,0,0,0,1.0,1,1.0,1,1.0,1,0.38191060573775965,35
963,0,1526,722,804,0,0,0,1.0,1,1.0,1,1.0,1,0.3989481910472353,35
964,2,1528,722,806,0,0,0,1.0,1,1.0,1,1.0,1,0.35884796212236186,34
965,1,1529,722,807,0,0,0,1.0,1,1.0,1,1.0,1,0.3316164934493614,35
966,0,1529,722,807,0,0,0,1.0,1,1.0,1,1.0,1,0.32689612329218587,34
967,2,1531,722,809,0,0,0,1.0,1,1.0,1,1.0,1,0.2965179605821568,35
968,1,1532,723,809,0,0,0,1.0,1,1.0,1,1.0,1,0.28631431337567487,36
969,0,1532,723,809,0,0,0,1.0,1,1.0,1,1.0,1,0.31417969918104866,35
970,1,1533,723,810,0,0,0,1.0,1,1.0,1,1.0,1,0.3456544067888761,34
971,0,1533,723,810,0,0,0,1.0,1,1.0,1,1.0,1,0.35198531447800524,35
972,2,1535,724,811,0,0,0,1.0,1,1.0,1,1.0,1,0.3267582331872544,35
973,2,1537,724,813,0,0,0,1.0,1,1.0,1,1.0,1,0.31689322661845265,36
974,0,1537,724,813,0,0,0,1.0,1,1.0,1,1.0,1,0.3529857923934744,35
975,0,1537,724,813,0,0,0,1.0,1,1.0,1,1.0,1,0.3395197283257171,36
976,1,1538,725,813,0,0,0,1.0,1,1.0,1,1.0,1,0.3820147725253784,38
977,0,1538,725,813,0,0,0,1.0,1,1.0,1,1.0,1,0.3820147725253784,38
978,0,1538,725,813,0,0,0,1.0,1,1.0,1,1.0,1,0.3820147725253784,38
979,1,1539,725,814,0,0,0,1.0,1,1.0,1,1.0,1,0.3818598002563202,39
980,4,1543,728,815,0,0,0,1.0,1,1.0,1,1.0,1,0.3981212347786885,39
981,3,1546,729,817,0,0,0,1.0,1,1.0,1,1.0,1,0.39742451915499766,40
982,8,1554,731,823,0,0,0,1.0,1,1.0,1,1.0,1,0.3418254205456201,40
983,0,1554,731,823,0,0,0,1.0,1,1.0,1,1.0,1,0.3127801328965567,38
984,1,1555,732,823,0,0,0,1.0,1,1.0,1,1.0,1,0.3159268157448169,39
985,4,1559,735,824,0,0,0,1.0,1,1.0,1,1.0,1,0.3490515092376096,38
986,4,1563,738,825,0,0,0,1.0,1,1.0,1,1.0,1,0.3619711287936792,38
987,5,1568,739,829,0,0,0,1.0,1,1.0,1,1.0,1,0.3077157407631979,38
988,1,1569,739,830,0,0,0,1.0,1,1.0,1,1.0,1,0.29626740066111423,38
989,0,1569,739,830,0,0,0,1.0,1,1.0,1,1.0,1,0.29909865132935587,38
990,2,1571,740,831,0,0,0,1.0,1,1.0,1,1.0,1,0.3179924465161058,38
991,2,1573,741,832,0,0,0,1.0,1,1.0,1,1.0,1,0.3377606006603896,40
992,1,1574,742,832,0,0,0,1.0,1,1.0,1,1.0,1,0.36982403797260066,39
993,0,1574,742,832,0,0,0,1.0,1,1.0,1,1.0,1,0.36112094495223224,38
994,1,1575,742,833,0,0,0,1.0,1,1.0,1,1.0,1,0.3561856652503992,39
995,0,1575,742,833,0,0,0,1.0,1,1.0,1,1.0,1,0.3474066163789198,41
996,0,1575,742,833,0,0,0,1.0,1,1.0,1,1.0,1,0.3530079862190355,40
997,1,1576,742,834,0,0,0,1.0,1,1.0,1,1.0,1,0.3579309812284467,41
998,1,1577,742,835,0,0,0,1.0,1,1.0,1,1.0,1,0.3755794546449044,40
999,0,1577,742,835,0,0,0,1.0,1,1.0,1,1.0,1,0.3751713349241781,40
1000,2,1579,743,836,0,0,0,1.0,1,1.0,1,1.0,1,0.37194167211080087,40
1001,0,1579,743,836,0,0,0,1.0,1,1.0,1,1.0,1,0.3708621021401457,39
1002,0,1579,743,836,0,0,0,1.0,1,1.0,1,1.0,1,0.3708621021401457,39
1003,0,1579,743,836,0,0,0,1.0,1,1.0,1,1.0,1,0.3708621021401457,39
1004,0,1579,743,836,0,0,0,1.0,1,1.0,1,1.0,1,0.3708621021401457,39
1005,0,1579,743,836,0,0,0,1.0,1,1.0,1,1.0,1,0.37721115314523795,40
1006,0,1579,743,836,0,0,0,1.0,1,1.0,1,1.0,1,0.3659506866953521,41
1007,1,1580,743,837,0,0,0,1.0,1,1.0,1,1.0,1,0.36183914880232826,42
1008,4,1584,743,841,0,0,0,1.0,1,1.0,1,1.0,1,0.31245852852115824,43
1009,4,1588,743,845,0,0,0,1.0,1,1.0,1,1.0,1,0.24205605724014492,44
1010,0,1588,743,845,0,0,0,1.0,1,1.0,1,1.0,1,0.24205605724014492,44
1011,0,1588,743,845,0,0,0,1.0,1,1.0,1,1.0,1,0.24205605724014492,44
1012,3,1591,745,846,0,0,0,1.0,1,1.0,1,1.0,1,0.23319642444684763,46
1013,0,1591,745,846,0,0,0,1.0,1,1.0,1,1.0,1,0.23319642444684763,46
1014,1,1592,746,846,0,0,0,1.0,1,1.0,1,1.0,1,0.2547568989866127,46
1015,0,1592,746,846,0,0,0,1.0,1,1.0,1,1.0,1,0.2547568989866127,46
1016,2,1594,747,847,0,0,0,1.0,1,1.0,1,1.0,1,0.26233348723076744,47
1017,0,1594,747,847,0,0,0,1.0,1,1.0,1,1.0,1,0.26233348723076744,47
1018,4,1598,748,850,0,0,0,1.0,1,1.0,1,1.0,1,0.24300433459727758,48
1019,3,1601,748,853,0,0,0,1.0,1,1.0,1,1.0,1,0.22223345728349597,49
1020,0,1601,748,853,0,0,0,1.0,1,1.0,1,1.0,1,0.21254972615352047,51
1021,3,1604,749,855,0,0,0,1.0,1,1.0,1,1.0,1,0.189790225381611,51
1022,2,1606,750,856,0,0,0,1.0,1,1.0,1,1.0,1,0.17515091680711026,52
1023,1,1607,750,857,0,0,0,1.0,1,1.0,1,1.0,1,0.16048938555631817,52
1024,1,1608,751,857,0,0,0,1.0,1,1.0,1,1.0,1,0.18483462397496336,52
1025,1,1609,751,858,0,0,0,1.0,1,1.0,1,1.0,1,0.18697350832449222,54
1026,0,1609,751,858,0,0,0,1.0,1,1.0,1,1.0,1,0.18697350832449222,54
1027,2,1611,752,859,0,0,0,1.0,1,1.0,1,1.0,1,0.1669797483327029,55
1028,2,1613,753,860,0,0,0,1.0,1,1.0,1,1.0,1,0.18927720185302327,56
1029,0,1613,753,860,0,0,0,1.0,1,1.0,1,1.0,1,0.18927720185302327,56
1030,3,1616,753,863,0,0,0,1.0,1,1.0,1,1.0,1,0.16372146103238502,57
1031,0,1616,753,863,0,0,0,1.0,1,1.0,1,1.0,1,0.17199550685451795,58
1032,2,1618,755,863,0,0,0,1.0,1,1.0,1,1.0,1,0.18820896919440816,58
1033,0,1618,755,863,0,0,0,1.0,1,1.0,1,1.0,1,0.18037667428639637,57
1034,5,1623,759,864,0,0,0,1.0,1,1.0,1,1.0,1,0.19637326772639224,57
1035,4,1627,761,866,0,0,0,1.0,1,1.0,1,1.0,1,0.19928244842980783,57
1036,3,1630,762,868,0,0,0,1.0,1,1.0,1,1.0,1,0.1758288203554895,59
1037,3,1633,765,868,0,0,0,1.0,1,1.0,1,1.0,1,0.2083906751550371,57
1038,5,1638,766,872,0,0,0,1.0,1,1.0,1,1.0,1,0.1767240335346274,59
1039,3,1641,769,872,0,0,0,1.0,1,1.0,1,1.0,1,0.19438894047006308,57
1040,2,1643,770,873,0,0,0,1.0,1,1.0,1,1.0,1,0.24004464784436078,56
1041,3,1646,771,875,0,0,0,1.0,1,1.0,1,1.0,1,0.2198419433658303,54
1042,0,1646,771,875,0,0,0,1.0,1,1.0,1,1.0,1,0.19230304894281158,52
1043,3,1649,772,877,0,0,0,1.0,1,1.0,1,1.0,1,0.1602438045001165,52
1044,0,1649,772,877,0,0,0,1.0,1,1.0,1,1.0,1,0.15912412888735297,50
1045,3,1652,773,879,0,0,0,1.0,1,1.0,1,1.0,1,0.1486730008395487,51
1046,2,1654,775,879,0,0,0,1.0,1,1.0,1,1.0,1,0.1447877127879767,50
1047,0,1654,775,879,0,0,0,1.0,1,1.0,1,1.0,1,0.12042861922980425,50
1048,1,1655,776,879,0,0,0,1.0,1,1.0,1,1.0,1,0.14161493714822027,50
1049,1,1656,777,879,0,0,0,1.0,1,1.0,1,1.0,1,0.16224890833191566,50
1050,2,1658,778,880,0,0,0,1.0,1,1.0,1,1.0,1,0.14635859403239163,50
1051,1,1659,778,881,0,0,0,1.0,1,1.0,1,1.0,1,0.12015783715936953,50
1052,1,1660,779,881,0,0,0,1.0,1,1.0,1,1.0,1,0.14973009841381849,51
1053,0,1660,779,881,0,0,0,1.0,1,1.0,1,1.0,1,0.14973009841381849,51
1054,1,1661,779,882,0,0,0,1.0,1,1.0,1,1.0,1,0.1288187590908138,53
1055,0,1661,779,882,0,0,0,1.0,1,1.0,1,1.0,1,0.14434437607746173,54
1056,0,1661,779,882,0,0,0,1.0,1,1.0,1,1.0,1,0.16052944014291304,54
1057,1,1662,779,883,0,0,0,1.0,1,1.0,1,1.0,1,0.16883311599547138,55
1058,0,1662,779,883,0,0,0,1.0,1,1.0,1,1.0,1,0.16563509307225707,54
1059,3,1665,781,884,0,0,0,1.0,1,1.0,1,1.0,1,0.20815210615832544,53
1060,0,1665,781,884,0,0,0,1.0,1,1.0,1,1.0,1,0.20815210615832544,53
1061,3,1668,784,884,0,0,0,1.0,1,1.0,1,1.0,1,0.22335758067796058,53
1062,5,1673,789,884,0,0,0,1.0,1,1.0,1,1.0,1,0.24172667724705002,54
1063,2,1675,789,886,0,0,0,1.0,1,1.0,1,1.0,1,0.243397347643844,53
1064,5,1680,792,888,0,0,0,1.0,1,1.0,1,1.0,1,0.24673368472809803,55
1065,2,1682,793,889,0,0,0,1.0,1,1.0,1,1.0,1,0.2670770922024376,54
1066,3,1685,794,891,0,0,0,1.0,1,1.0,1,1.0,1,0.2528174758719242,55
1067,2,1687,795,892,0,0,0,1.0,1,1.0,1,1.0,1,0.27558327486240747,55
1068,3,1690,795,895,0,0,0,1.0,1,1.0,1,1.0,1,0.2505207349217506,55
1069,2,1692,795,897,0,0,0,1.0,1,1.0,1,1.0,1,0.24577820479584328,55
1070,2,1694,796,898,0,0,0,1.0,1,1.0,1,1.0,1,0.23859839212956904,54
1071,0,1694,796,898,0,0,0,1.0,1,1.0,1,1.0,1,0.22605167488958128,55
1072,1,1695,797,898,0,0,0,1.0,1,1.0,1,1.0,1,0.21836747228800843,54
1073,2,1697,798,899,0,0,0,1.0,1,1.0,1,1.0,1,0.21698141371373236,54
1074,1,1698,799,899,0,0,0,1.0,1,1.0,1,1.0,1,0.2331567443443941,52
1075,2,1700,799,901,0,0,0,1.0,1,1.0,1,1.0,1,0.21276163830327582,51
1076,1,1701,800,901,0,0,0,1.0,1,1.0,1,1.0,1,0.21438328971975634,52
1077,5,1706,804,902,0,0,0,1.0,1,1.0,1,1.0,1,0.22042680948169188,49
1078,5,1711,807,904,0,0,0,1.0,1,1.0,1,1.0,1,0.24430853678525996,48
1079,6,1717,809,908,0,0,0,1.0,1,1.0,1,1.0,1,0.21818206708500737,47
1080,2,1719,811,908,0,0,0,1.0,1,1.0,1,1.0,1,0.29712911067518943,47
1081,1,1720,812,908,0,0,0,1.0,1,1.0,1,1.0,1,0.34028458199591544,45
1082,0,1720,812,908,0,0,0,1.0,1,1.0,1,1.0,1,0.3296138370314455,42
1083,1,1721,813,908,0,0,0,1.0,1,1.0,1,1.0,1,0.3750464632550035,42
1084,1,1722,813,909,0,0,0,1.0,1,1.0,1,1.0,1,0.36587762788777317,40
1085,2,1724,813,911,0,0,0,1.0,1,1.0,1,1.0,1,0.31323690026256434,43
1086,3,1727,814,913,0,0,0,1.0,1,1.0,1,1.0,1,0.2885664228767584,41
1087,0,1727,814,913,0,0,0,1.0,1,1.0,1,1.0,1,0.3017349429047199,41
1088,1,1728,814,914,0,0,0,1.0,1,1.0,1,1.0,1,0.2828577820068004,41
1089,2,1730,815,915,0,0,0,1.0,1,1.0,1,1.0,1,0.26957187575544195,42
1090,0,1730,815,915,0,0,0,1.0,1,1.0,1,1.0,1,0.2704371320098359,43
1091,0,1730,815,915,0,0,0,1.0,1,1.0,1,1.0,1,0.28240729375487633,43
1092,1,1731,816,915,0,0,0,1.0,1,1.0,1,1.0,1,0.27100669738079275,43
1093,1,1732,817,915,0,0,0,1.0,1,1.0,1,1.0,1,0.2702823194876512,43
1094,1,1733,817,916,0,0,0,1.0,1,1.0,1,1.0,1,0.2538493513349807,43
1095,2,1735,818,917,0,0,0,1.0,1,1.0,1,1.0,1,0.2826064078926598,44
1096,1,1736,819,917,0,0,0,1.0,1,1.0,1,1.0,1,0.297748084754768,44
1097,6,1742,821,921,0,0,0,1.0,1,1.0,1,1.0,1,0.34372093969531087,45
1098,1,1743,821,922,0,0,0,1.0,1,1.0,1,1.0,1,0.31885116660963236,46
1099,2,1745,821,924,0,0,0,1.0,1,1.0,1,1.0,1,0.2867716554693397,48
1100,0,1745,821,924,0,0,0,1.0,1,1.0,1,1.0,1,0.28897261938516544,49
1101,2,1747,821,926,0,0,0,1.0,1,1.0,1,1.0,1,0.2421942055439383,49
1102,3,1750,823,927,0,0,0,1.0,1,1.0,1,1.0,1,0.2278572015217616,50
1103,3,1753,824,929,0,0,0,1.0,1,1.0,1,1.0,1,0.17788381642391046,48
1104,3,1756,827,929,0,0,0,1.0,1,1.0,1,1.0,1,0.2066057972439736,50
1105,3,1759,830,929,0,0,0,1.0,1,1.0,1,1.0,1,0.2174513301646914,48
1106,2,1761,832,929,0,0,0,1.0,1,1.0,1,1.0,1,0.24375379706192557,48
1107,3,1764,834,930,0,0,0,1.0,1,1.0,1,1.0,1,0.26945955518481174,47
1108,2,1766,834,932,0,0,0,1.0,1,1.0,1,1.0,1,0.2588385600874035,47
1109,4,1770,836,934,0,0,0,1.0,1,1.0,1,1.0,1,0.2137583881346313,46
1110,0,1770,836,934,0,0,0,1.0,1,1.0,1,1.0,1,0.21092097182368938,43
1111,1,1771,837,934,0,0,0,1.0,1,1.0,1,1.0,1,0.2677706216541957,44
1112,0,1771,837,934,0,0,0,1.0,1,1.0,1,1.0,1,0.2705202518404315,43
1113,4,1775,838,937,0,0,0,1.0,1,1.0,1,1.0,1,0.29011304766605595,39
1114,2,1777,838,939,0,0,0,1.0,1,1.0,1,1.0,1,0.25044044135118204,39
1115,1,1778,839,939,0,0,0,1.0,1,1.0,1,1.0,1,0.22721268284260845,37
1116,4,1782,842,940,0,0,0,1.0,1,1.0,1,1.0,1,0.2818566053193146,37
1117,5,1787,844,943,0,0,0,1.0,1,1.0,1,1.0,1,0.23797857029449615,36
1118,1,1788,844,944,0,0,0,1.0,1,1.0,1,1.0,1,0.20052991015641344,36
1119,0,1788,844,944,0,0,0,1.0,1,1.0,1,1.0,1,0.20052991015641344,36
1120,0,1788,844,944,0,0,0,1.0,1,1.0,1,1.0,1,0.20052991015641344,36
1121,0,1788,844,944,0,0,0,1.0,1,1.0,1,1.0,1,0.20052991015641344,36
1122,1,1789,844,945,0,0,0,1.0,1,1.0,1,1.0,1,0.21294853088218466,37
1123,0,1789,844,945,0,0,0,1.0,1,1.0,1,1.0,1,0.21294853088218466,37
1124,0,1789,844,945,0,0,0,1.0,1,1.0,1,1.0,1,0.21294853088218466,37
1125,2,1791,845,946,0,0,0,1.0,1,1.0,1,1.0,1,0.2831963234195985,38
1126,0,1791,845,946,0,0,0,1.0,1,1.0,1,1.0,1,0.2831963234195985,38
1127,3,1794,846,948,0,0,0,1.0,1,1.0,1,1.0,1,0.26022623395944544,39
1128,1,1795,846,949,0,0,0,1.0,1,1.0,1,1.0,1,0.24250973505323156,39
1129,1,1796,846,950,0,0,0,1.0,1,1.0,1,1.0,1,0.2378708085770786,39
1130,2,1798,847,951,0,0,0,1.0,1,1.0,1,1.0,1,0.23360355134822505,39
1131,0,1798,847,951,0,0,0,1.0,1,1.0,1,1.0,1,0.23360355134822505,39
1132,1,1799,848,951,0,0,0,1.0,1,1.0,1,1.0,1,0.2486779089146668,39
1133,1,1800,849,951,0,0,0,1.0,1,1.0,1,1.0,1,0.21189749517061726,42
1134,0,1800,849,951,0,0,0,1.0,1,1.0,1,1.0,1,0.21189749517061726,42
1135,4,1804,850,954,0,0,0,1.0,1,1.0,1,1.0,1,0.2645072094458564,44
1136,1,1805,851,954,0,0,0,1.0,1,1.0,1,1.0,1,0.30193607351467355,46
1137,0,1805,851,954,0,0,0,1.0,1,1.0,1,1.0,1,0.3165820980504652,45
1138,4,1809,852,957,0,0,0,1.0,1,1.0,1,1.0,1,0.2621780025559067,46
1139,2,1811,853,958,0,0,0,1.0,1,1.0,1,1.0,1,0.2731412090387508,47
1140,2,1813,854,959,0,0,0,1.0,1,1.0,1,1.0,1,0.2779352110524383,46
1141,2,1815,854,961,0,0,0,1.0,1,1.0,1,1.0,1,0.24675461630787757,45
1142,1,1816,855,961,0,0,0,1.0,1,1.0,1,1.0,1,0.25913797017041007,45
1143,3,1819,857,962,0,0,0,1.0,1,1.0,1,1.0,1,0.24258354868123458,43
1144,4,1823,859,964,0,0,0,1.0,1,1.0,1,1.0,1,0.22905311956178048,45
1145,3,1826,861,965,0,0,0,1.0,1,1.0,1,1.0,1,0.23548470631697896,44
1146,3,1829,862,967,0,0,0,1.0,1,1.0,1,1.0,1,0.22673620397122568,45
1147,4,1833,865,968,0,0,0,1.0,1,1.0,1,1.0,1,0.26208446721458223,44
1148,4,1837,868,969,0,0,0,1.0,1,1.0,1,1.0,1,0.2702684912785064,43
1149,2,1839,869,970,0,0,0,1.0,1,1.0,1,1.0,1,0.28134574185928396,42
1150,5,1844,870,974,0,0,0,1.0,1,1.0,1,1.0,1,0.26355000669994894,45
1151,3,1847,871,976,0,0,0,1.0,1,1.0,1,1.0,1,0.24036645942999474,40
1152,2,1849,871,978,0,0,0,1.0,1,1.0,1,1.0,1,0.20161544968268427,41
1153,1,1850,872,978,0,0,0,1.0,1,1.0,1,1.0,1,0.22147576777718306,38
1154,1,1851,873,978,0,0,0,1.0,1,1.0,1,1.0,1,0.2024353197548466,37
1155,1,1852,874,978,0,0,0,1.0,1,1.0,1,1.0,1,0.217556755162489,38
1156,1,1853,874,979,0,0,0,1.0,1,1.0,1,1.0,1,0.23673498801328205,38
1157,0,1853,874,979,0,0,0,1.0,1,1.0,1,1.0,1,0.25392062439121565,37
1158,1,1854,875,979,0,0,0,1.0,1,1.0,1,1.0,1,0.31388277036154283,36
1159,1,1855,875,980,0,0,0,1.0,1,1.0,1,1.0,1,0.28234160413792886,35
1160,0,1855,875,980,0,0,0,1.0,1,1.0,1,1.0,1,0.28234160413792886,35
1161,0,1855,875,980,0,0,0,1.0,1,1.0,1,1.0,1,0.29605485586984176,36
1162,0,1855,875,980,0,0,0,1.0,1,1.0,1,1.0,1,0.2946370091521323,37
1163,0,1855,875,980,0,0,0,1.0,1,1.0,1,1.0,1,0.2946370091521323,37
1164,0,1855,875,980,0,0,0,1.0,1,1.0,1,1.0,1,0.2831389778926984,38
1165,1,1856,875,981,0,0,0,1.0,1,1.0,1,1.0,1,0.2700543876501164,38
1166,0,1856,875,981,0,0,0,1.0,1,1.0,1,1.0,1,0.2947646952124228,40
1167,4,1860,877,983,0,0,0,1.0,1,1.0,1,1.0,1,0.2902080511773376,40
1168,4,1864,878,986,0,0,0,1.0,1,1.0,1,1.0,1,0.21647195515083573,40
1169,0,1864,878,986,0,0,0,1.0,1,1.0,1,1.0,1,0.22545004628719972,41
1170,2,1866,880,986,0,0,0,1.0,1,1.0,1,1.0,1,0.2039457067111383,41
1171,3,1869,881,988,0,0,0,1.0,1,1.0,1,1.0,1,0.21189680977161235,43
1172,1,1870,882,988,0,0,0,1.0,1,1.0,1,1.0,1,0.2036689583960342,43
1173,0,1870,882,988,0,0,0,1.0,1,1.0,1,1.0,1,0.2036689583960342,43
1174,1,1871,882,989,0,0,0,1.0,1,1.0,1,1.0,1,0.19372962497408658,43
1175,1,1872,882,990,0,0,0,1.0,1,1.0,1,1.0,1,0.1764866486951043,44
1176,1,1873,883,990,0,0,0,1.0,1,1.0,1,1.0,1,0.18582633294265327,45
1177,2,1875,884,991,0,0,0,1.0,1,1.0,1,1.0,1,0.20168596091359034,45
1178,0,1875,884,991,0,0,0,1.0,1,1.0,1,1.0,1,0.20168596091359034,45
1179,2,1877,885,992,0,0,0,1.0,1,1.0,1,1.0,1,0.24777296677631502,46
1180,2,1879,886,993,0,0,0,1.0,1,1.0,1,1.0,1,0.20105145675768918,47
1181,0,1879,886,993,0,0,0,1.0,1,1.0,1,1.0,1,0.21622085414300096,48
1182,2,1881,888,993,0,0,0,1.0,1,1.0,1,1.0,1,0.23413732169167165,48
1183,1,1882,888,994,0,0,0,1.0,1,1.0,1,1.0,1,0.21577758172986783,46
1184,1,1883,889,994,0,0,0,1.0,1,1.0,1,1.0,1,0.2145162755227828,47
1185,1,1884,890,994,0,0,0,1.0,1,1.0,1,1.0,1,0.24477403058655975,44
1186,2,1886,890,996,0,0,0,1.0,1,1.0,1,1.0,1,0.24589528985238449,47
1187,1,1887,890,997,0,0,0,1.0,1,1.0,1,1.0,1,0.24895091492889693,49
1188,1,1888,891,997,0,0,0,1.0,1,1.0,1,1.0,1,0.24922962030257267,50
1189,0,1888,891,997,0,0,0,1.0,1,1.0,1,1.0,1,0.25139273207325624,48
1190,0,1888,891,997,0,0,0,1.0,1,1.0,1,1.0,1,0.28213002244966573,48
1191,1,1889,891,998,0,0,0,1.0,1,1.0,1,1.0,1,0.28476962191998456,46
1192,0,1889,891,998,0,0,0,1.0,1,1.0,1,1.0,1,0.28476962191998456,46
1193,0,1889,891,998,0,0,0,1.0,1,1.0,1,1.0,1,0.3127561701152953,45
1194,1,1890,891,999,0,0,0,1.0,1,1.0,1,1.0,1,0.2944704232259352,45
1195,1,1891,891,1000,0,0,0,1.0,1,1.0,1,1.0,1,0.2772242515624372,47
1196,4,1895,892,1003,0,0,0,1.0,1,1.0,1,1.0,1,0.24201524824326776,48
1197,2,1897,892,1005,0,0,0,1.0,1,1.0,1,1.0,1,0.1940471061806985,49
1198,1,1898,893,1005,0,0,0,1.0,1,1.0,1,1.0,1,0.19516578840845536,49
1199,0,1898,893,1005,0,0,0,1.0,1,1.0,1,1.0,1,0.2042611207064214,50
1200,1,1899,894,1005,0,0,0,1.0,1,1.0,1,1.0,1,0.21101322343679,50
1201,1,1900,894,1006,0,0,0,1.0,1,1.0,1,1.0,1,0.20075439308926854,50
1202,1,1901,895,1006,0,0,0,1.0,1,1.0,1,1.0,1,0.21378747430042014,51
1203,1,1902,895,1007,0,0,0,1.0,1,1.0,1,1.0,1,0.1953342062182754,52
1204,0,1902,895,1007,0,0,0,1.0,1,1.0,1,1.0,1,0.1953342062182754,52
1205,1,1903,895,1008,0,0,0,1.0,1,1.0,1,1.0,1,0.18161504344783014,53
1206,0,1903,895,1008,0,0,0,1.0,1,1.0,1,1.0,1,0.18161504344783014,53
1207,1,1904,895,1009,0,0,0,1.0,1,1.0,1,1.0,1,0.17934772908549634,55
1208,0,1904,895,1009,0,0,0,1.0,1,1.0,1,1.0,1,0.18999341347522392,56
1209,0,1904,895,1009,0,0,0,1.0,1,1.0,1,1.0,1,0.19726919958044062,55
1210,0,1904,895,1009,0,0,0,1.0,1,1.0,1,1.0,1,0.19726919958044062,55
1211,0,1904,895,1009,0,0,0,1.0,1,1.0,1,1.0,1,0.18603476541954367,57
1212,0,1904,895,1009,0,0,0,1.0,1,1.0,1,1.0,1,0.18603476541954367,57
1213,1,1905,896,1009,0,0,0,1.0,1,1.0,1,1.0,1,0.1844003234024594,57
1214,6,1911,900,1011,0,0,0,1.0,1,1.0,1,1.0,1,0.2270820199851312,57
1215,5,1916,900,1016,0,0,0,1.0,1,1.0,1,1.0,1,0.17939821446618082,59
1216,2,1918,900,1018,0,0,0,1.0,1,1.0,1,1.0,1,0.1706346696210688,61
1217,1,1919,901,1018,0,0,0,1.0,1,1.0,1,1.0,1,0.19905763227144452,61
1218,4,1923,902,1021,0,0,0,1.0,1,1.0,1,1.0,1,0.1910245947856913,61
1219,1,1924,903,1021,0,0,0,1.0,1,1.0,1,1.0,1,0.19344386899640448,61
1220,2,1926,904,1022,0,0,0,1.0,1,1.0,1,1.0,1,0.1948877445196828,60
1221,1,1927,904,1023,0,0,0,1.0,1,1.0,1,1.0,1,0.1970689773345337,61
1222,1,1928,904,1024,0,0,0,1.0,1,1.0,1,1.0,1,0.17738522454979666,61
1223,2,1930,906,1024,0,0,0,1.0,1,1.0,1,1.0,1,0.19553237532253,59
1224,3,1933,909,1024,0,0,0,1.0,1,1.0,1,1.0,1,0.19643988015898758,60
1225,5,1938,910,1028,0,0,0,1.0,1,1.0,1,1.0,1,0.186125885097976,60
1226,4,1942,912,1030,0,0,0,1.0,1,1.0,1,1.0,1,0.18394705035931855,61
1227,0,1942,912,1030,0,0,0,1.0,1,1.0,1,1.0,1,0.20019560707158732,59
1228,3,1945,913,1032,0,0,0,1.0,1,1.0,1,1.0,1,0.17461125714837789,58
1229,5,1950,915,1035,0,0,0,1.0,1,1.0,1,1.0,1,0.14126179444965722,57
1230,1,1951,916,1035,0,0,0,1.0,1,1.0,1,1.0,1,0.12896117691654474,55
1231,3,1954,918,1036,0,0,0,1.0,1,1.0,1,1.0,1,0.1387830245730047,54
1232,3,1957,921,1036,0,0,0,1.0,1,1.0,1,1.0,1,0.18140969196634746,51
1233,2,1959,923,1036,0,0,0,1.0,1,1.0,1,1.0,1,0.2079802075948723,49
1234,5,1964,925,1039,0,0,0,1.0,1,1.0,1,1.0,1,0.2097960696268566,49
1235,1,1965,926,1039,0,0,0,1.0,1,1.0,1,1.0,1,0.23376148087754908,48
1236,3,1968,926,1042,0,0,0,1.0,1,1.0,1,1.0,1,0.2138426724020704,49
1237,2,1970,927,1043,0,0,0,1.0,1,1.0,1,1.0,1,0.25302083205700765,48
1238,1,1971,927,1044,0,0,0,1.0,1,1.0,1,1.0,1,0.2318004375740066,47
1239,0,1971,927,1044,0,0,0,1.0,1,1.0,1,1.0,1,0.21508678755074487,48
1240,3,1974,927,1047,0,0,0,1.0,1,1.0,1,1.0,1,0.20265068952106044,49
1241,0,1974,927,1047,0,0,0,1.0,1,1.0,1,1.0,1,0.20265068952106044,49
1242,0,1974,927,1047,0,0,0,1.0,1,1.0,1,1.0,1,0.20007617248287005,49
1243,1,1975,927,1048,0,0,0,1.0,1,1.0,1,1.0,1,0.18736809953391503,50
1244,1,1976,928,1048,0,0,0,1.0,1,1.0,1,1.0,1,0.2408361715251643,50
1245,2,1978,928,1050,0,0,0,1.0,1,1.0,1,1.0,1,0.2275972752879756,51
1246,4,1982,929,1053,0,0,0,1.0,1,1.0,1,1.0,1,0.2152144445020314,52
1247,0,1982,929,1053,0,0,0,1.0,1,1.0,1,1.0,1,0.2152144445020314,52
1248,1,1983,929,1054,0,0,0,1.0,1,1.0,1,1.0,1,0.2087239786439176,51
1249,1,1984,929,1055,0,0,0,1.0,1,1.0,1,1.0,1,0.200220965944303,51
1250,3,1987,932,1055,0,0,0,1.0,1,1.0,1,1.0,1,0.20505064259314557,51
1251,3,1990,932,1058,0,0,0,1.0,1,1.0,1,1.0,1,0.1783908804729287,53
1252,2,1992,934,1058,0,0,0,1.0,1,1.0,1,1.0,1,0.1903833672759226,52
1253,0,1992,934,1058,0,0,0,1.0,1,1.0,1,1.0,1,0.1903833672759226,52
1254,0,1992,934,1058,0,0,0,1.0,1,1.0,1,1.0,1,0.17097143881290677,53
1255,2,1994,935,1059,0,0,0,1.0,1,1.0,1,1.0,1,0.17892436500544057,55
1256,0,1994,935,1059,0,0,0,1.0,1,1.0,1,1.0,1,0.17892436500544057,55
1257,0,1994,935,1059,0,0,0,1.0,1,1.0,1,1.0,1,0.19030115709038772,57
1258,1,1995,935,1060,0,0,0,1.0,1,1.0,1,1.0,1,0.18177286562017558,57
1259,0,1995,935,1060,0,0,0,1.0,1,1.0,1,1.0,1,0.18177286562017558,57
1260,1,1996,936,1060,0,0,0,1.0,1,1.0,1,1.0,1,0.179102164890589,56
1261,0,1996,936,1060,0,0,0,1.0,1,1.0,1,1.0,1,0.18215878832266302,57
1262,2,1998,937,1061,0,0,0,1.0,1,1.0,1,1.0,1,0.17966304296439936,58
1263,4,2002,940,1062,0,0,0,1.0,1,1.0,1,1.0,1,0.20746199850368974,58
1264,3,2005,940,1065,0,0,0,1.0,1,1.0,1,1.0,1,0.15110343017517092,57
1265,4,2009,942,1067,0,0,0,1.0,1,1.0,1,1.0,1,0.16821567335194654,56
1266,3,2012,944,1068,0,0,0,1.0,1,1.0,1,1.0,1,0.2277637011847346,55
1267,4,2016,946,1070,0,0,0,1.0,1,1.0,1,1.0,1,0.2323637786160459,53
1268,5,2021,949,1072,0,0,0,1.0,1,1.0,1,1.0,1,0.22045490689504832,52
1269,1,2022,950,1072,0,0,0,1.0,1,1.0,1,1.0,1,0.22087918453602273,51
1270,3,2025,950,1075,0,0,0,1.0,1,1.0,1,1.0,1,0.15267622068617914,47
1271,1,2026,951,1075,0,0,0,1.0,1,1.0,1,1.0,1,0.17584661232122253,46
1272,0,2026,951,1075,0,0,0,1.0,1,1.0,1,1.0,1,0.15407557189973423,43
1273,1,2027,952,1075,0,0,0,1.0,1,1.0,1,1.0,1,0.16834021168299354,44
1274,1,2028,953,1075,0,0,0,1.0,1,1.0,1,1.0,1,0.22277530246813296,44
1275,1,2029,954,1075,0,0,0,1.0,1,1.0,1,1.0,1,0.2450064774667474,45
1276,4,2033,955,1078,0,0,0,1.0,1,1.0,1,1.0,1,0.163762055205662,43
1277,3,2036,958,1078,0,0,0,1.0,1,1.0,1,1.0,1,0.1531100774884354,44
1278,4,2040,961,1079,0,0,0,1.0,1,1.0,1,1.0,1,0.18851132741144597,45
1279,0,2040,961,1079,0,0,0,1.0,1,1.0,1,1.0,1,0.17988598329543598,47
1280,0,2040,961,1079,0,0,0,1.0,1,1.0,1,1.0,1,0.17988598329543598,47
1281,0,2040,961,1079,0,0,0,1.0,1,1.0,1,1.0,1,0.17988598329543598,47
1282,1,2041,962,1079,0,0,0,1.0,1,1.0,1,1.0,1,0.23021336660575611,46
1283,1,2042,963,1079,0,0,0,1.0,1,1.0,1,1.0,1,0.2311179304468498,46
1284,0,2042,963,1079,0,0,0,1.0,1,1.0,1,1.0,1,0.2311179304468498,46
1285,0,2042,963,1079,0,0,0,1.0,1,1.0,1,1.0,1,0.256324422339773,46
1286,0,2042,963,1079,0,0,0,1.0,1,1.0,1,1.0,1,0.25536855686188237,45
1287,4,2046,964,1082,0,0,0,1.0,1,1.0,1,1.0,1,0.24663125563580815,49
1288,3,2049,964,1085,0,0,0,1.0,1,1.0,1,1.0,1,0.17214121663426707,49
1289,0,2049,964,1085,0,0,0,1.0,1,1.0,1,1.0,1,0.16775235868775437,52
1290,0,2049,964,1085,0,0,0,1.0,1,1.0,1,1.0,1,0.16775235868775437,52
1291,2,2051,964,1087,0,0,0,1.0,1,1.0,1,1.0,1,0.1486090758142635,52
1292,0,2051,964,1087,0,0,0,1.0,1,1.0,1,1.0,1,0.1431672388991939,53
1293,0,2051,964,1087,0,0,0,1.0,1,1.0,1,1.0,1,0.1431672388991939,53
1294,1,2052,965,1087,0,0,0,1.0,1,1.0,1,1.0,1,0.14684226673394943,53
1295,0,2052,965,1087,0,0,0,1.0,1,1.0,1,1.0,1,0.15709657523949377,54
1296,1,2053,966,1087,0,0,0,1.0,1,1.0,1,1.0,1,0.1551616956067563,55
1297,0,2053,966,1087,0,0,0,1.0,1,1.0,1,1.0,1,0.17618740027611107,54
1298,0,2053,966,1087,0,0,0,1.0,1,1.0,1,1.0,1,0.1891554467722681,55
1299,1,2054,967,1087,0,0,0,1.0,1,1.0,1,1.0,1,0.19504697413208338,54
1300,2,2056,967,1089,0,0,0,1.0,1,1.0,1,1.0,1,0.19470246251507783,55
1301,3,2059,970,1089,0,0,0,1.0,1,1.0,1,1.0,1,0.22841770368207023,54
1302,5,2064,972,1092,0,0,0,1.0,1,1.0,1,1.0,1,0.2294477538853536,54
1303,8,2072,976,1096,0,0,0,1.0,1,1.0,1,1.0,1,0.2468113840398414,50
1304,4,2076,979,1097,0,0,0,1.0,1,1.0,1,1.0,1,0.2341888217941888,51
1305,2,2078,980,1098,0,0,0,1.0,1,1.0,1,1.0,1,0.26409655418139294,48
1306,6,2084,984,1100,0,0,0,1.0,1,1.0,1,1.0,1,0.29658981319858085,48
1307,2,2086,984,1102,0,0,0,1.0,1,1.0,1,1.0,1,0.23289965088790313,48
1308,1,2087,985,1102,0,0,0,1.0,1,1.0,1,1.0,1,0.2497430232079901,46
1309,3,2090,986,1104,0,0,0,1.0,1,1.0,1,1.0,1,0.21967971571627168,47
1310,0,2090,986,1104,0,0,0,1.0,1,1.0,1,1.0,1,0.19415008032122905,46
1311,2,2092,988,1104,0,0,0,1.0,1,1.0,1,1.0,1,0.2492271287234216,46
1312,2,2094,990,1104,0,0,0,1.0,1,1.0,1,1.0,1,0.2733569957346402,45
1313,2,2096,991,1105,0,0,0,1.0,1,1.0,1,1.0,1,0.3120853430915588,44
1314,0,2096,991,1105,0,0,0,1.0,1,1.0,1,1.0,1,0.3045856038385924,42
1315,3,2099,991,1108,0,0,0,1.0,1,1.0,1,1.0,1,0.28649360698457943,40
1316,3,2102,991,1111,0,0,0,1.0,1,1.0,1,1.0,1,0.23005984188193224,42
1317,0,2102,991,1111,0,0,0,1.0,1,1.0,1,1.0,1,0.2304829831638682,42
1318,0,2102,991,1111,0,0,0,1.0,1,1.0,1,1.0,1,0.2304829831638682,42
1319,0,2102,991,1111,0,0,0,1.0,1,1.0,1,1.0,1,0.2304829831638682,42
1320,0,2102,991,1111,0,0,0,1.0,1,1.0,1,1.0,1,0.2304829831638682,42
1321,0,2102,991,1111,0,0,0,1.0,1,1.0,1,1.0,1,0.22544654338655468,45
1322,0,2102,991,1111,0,0,0,1.0,1,1.0,1,1.0,1,0.22544654338655468,45
1323,1,2103,992,1111,0,0,0,1.0,1,1.0,1,1.0,1,0.23066819106899752,46
1324,0,2103,992,1111,0,0,0,1.0,1,1.0,1,1.0,1,0.2389435972589521,45
1325,4,2107,993,1114,0,0,0,1.0,1,1.0,1,1.0,1,0.21478330971233092,46
1326,1,2108,994,1114,0,0,0,1.0,1,1.0,1,1.0,1,0.2563745442882828,45
1327,0,2108,994,1114,0,0,0,1.0,1,1.0,1,1.0,1,0.2894083671825525,46
1328,1,2109,994,1115,0,0,0,1.0,1,1.0,1,1.0,1,0.2534831176769944,47
1329,1,2110,995,1115,0,0,0,1.0,1,1.0,1,1.0,1,0.26375757903086633,47
1330,4,2114,995,1119,0,0,0,1.0,1,1.0,1,1.0,1,0.22836487251973403,46
1331,1,2115,996,1119,0,0,0,1.0,1,1.0,1,1.0,1,0.2185690809821757,46
1332,3,2118,998,1120,0,0,0,1.0,1,1.0,1,1.0,1,0.24261120766005564,49
1333,2,2120,998,1122,0,0,0,1.0,1,1.0,1,1.0,1,0.24220704241654736,50
1334,1,2121,999,1122,0,0,0,1.0,1,1.0,1,1.0,1,0.2380136242269645,50
1335,1,2122,999,1123,0,0,0,1.0,1,1.0,1,1.0,1,0.25815162040867545,52
1336,1,2123,999,1124,0,0,0,1.0,1,1.0,1,1.0,1,0.2363424124883555,53
1337,2,2125,999,1126,0,0,0,1.0,1,1.0,1,1.0,1,0.22438138680586683,54
1338,2,2127,1001,1126,0,0,0,1.0,1,1.0,1,1.0,1,0.2638054432357302,54
1339,2,2129,1003,1126,0,0,0,1.0,1,1.0,1,1.0,1,0.2861996131027658,54
1340,1,2130,1003,1127,0,0,0,1.0,1,1.0,1,1.0,1,0.2606923193999458,53
1341,1,2131,1003,1128,0,0,0,1.0,1,1.0,1,1.0,1,0.2386661837137515,53
1342,1,2132,1004,1128,0,0,0,1.0,1,1.0,1,1.0,1,0.2519814428032692,52
1343,1,2133,1005,1128,0,0,0,1.0,1,1.0,1,1.0,1,0.24488467014517554,50
1344,4,2137,1008,1129,0,0,0,1.0,1,1.0,1,1.0,1,0.26563577257285914,51
1345,1,2138,1008,1130,0,0,0,1.0,1,1.0,1,1.0,1,0.25050470740714476,50
1346,1,2139,1009,1130,0,0,0,1.0,1,1.0,1,1.0,1,0.2572772854040206,50
1347,1,2140,1009,1131,0,0,0,1.0,1,1.0,1,1.0,1,0.25926068742353353,48
1348,3,2143,1009,1134,0,0,0,1.0,1,1.0,1,1.0,1,0.20995563388156682,49
1349,1,2144,1010,1134,0,0,0,1.0,1,1.0,1,1.0,1,0.2109849039368524,48
1350,1,2145,1011,1134,0,0,0,1.0,1,1.0,1,1.0,1,0.23169701911525167,49
1351,3,2148,1011,1137,0,0,0,1.0,1,1.0,1,1.0,1,0.18760812068606533,48
1352,1,2149,1012,1137,0,0,0,1.0,1,1.0,1,1.0,1,0.19637266909963774,49
1353,0,2149,1012,1137,0,0,0,1.0,1,1.0,1,1.0,1,0.18678173354958413,49
1354,0,2149,1012,1137,0,0,0,1.0,1,1.0,1,1.0,1,0.20597301448452165,49
1355,4,2153,1013,1140,0,0,0,1.0,1,1.0,1,1.0,1,0.15450187703612217,50
1356,2,2155,1014,1141,0,0,0,1.0,1,1.0,1,1.0,1,0.15814622653910368,50
1357,5,2160,1018,1142,0,0,0,1.0,1,1.0,1,1.0,1,0.1945319745734784,50
1358,3,2163,1019,1144,0,0,0,1.0,1,1.0,1,1.0,1,0.19707740903691218,51
1359,1,2164,1020,1144,0,0,0,1.0,1,1.0,1,1.0,1,0.2184885037181269,53
1360,3,2167,1020,1147,0,0,0,1.0,1,1.0,1,1.0,1,0.18177647881322942,54
1361,0,2167,1020,1147,0,0,0,1.0,1,1.0,1,1.0,1,0.18177647881322942,54
1362,1,2168,1021,1147,0,0,0,1.0,1,1.0,1,1.0,1,0.176523153313667,55
1363,0,2168,1021,1147,0,0,0,1.0,1,1.0,1,1.0,1,0.176523153313667,55
1364,1,2169,1021,1148,0,0,0,1.0,1,1.0,1,1.0,1,0.18509907085065458,55
1365,1,2170,1022,1148,0,0,0,1.0,1,1.0,1,1.0,1,0.20414273484502843,56
1366,1,2171,1022,1149,0,0,0,1.0,1,1.0,1,1.0,1,0.1912359066552839,56
1367,3,2174,1022,1152,0,0,0,1.0,1,1.0,1,1.0,1,0.14842216787225843,56
1368,0,2174,1022,1152,0,0,0,1.0,1,1.0,1,1.0,1,0.1513169555603577,58
1369,0,2174,1022,1152,0,0,0,1.0,1,1.0,1,1.0,1,0.15633854661605087,59
1370,1,2175,1023,1152,0,0,0,1.0,1,1.0,1,1.0,1,0.15660645778004526,59
1371,1,2176,1024,1152,0,0,0,1.0,1,1.0,1,1.0,1,0.16448596857316838,59
1372,3,2179,1025,1154,0,0,0,1.0,1,1.0,1,1.0,1,0.1388792820998521,59
1373,0,2179,1025,1154,0,0,0,1.0,1,1.0,1,1.0,1,0.1388792820998521,59
1374,4,2183,1027,1156,0,0,0,1.0,1,1.0,1,1.0,1,0.1551906967117148,60
1375,3,2186,1027,1159,0,0,0,1.0,1,1.0,1,1.0,1,0.12264503185951653,61
1376,0,2186,1027,1159,0,0,0,1.0,1,1.0,1,1.0,1,0.15137390624481623,61
1377,0,2186,1027,1159,0,0,0,1.0,1,1.0,1,1.0,1,0.15137390624481623,61
1378,2,2188,1028,1160,0,0,0,1.0,1,1.0,1,1.0,1,0.1471512022892383,61
1379,3,2191,1031,1160,0,0,0,1.0,1,1.0,1,1.0,1,0.17491667098374447,60
1380,1,2192,1032,1160,0,0,0,1.0,1,1.0,1,1.0,1,0.19955507322983077,60
1381,1,2193,1033,1160,0,0,0,1.0,1,1.0,1,1.0,1,0.22597307977247558,58
1382,5,2198,1038,1160,0,0,0,1.0,1,1.0,1,1.0,1,0.250469066739355,58
1383,3,2201,1040,1161,0,0,0,1.0,1,1.0,1,1.0,1,0.19558230900454873,57
1384,6,2207,1043,1164,0,0,0,1.0,1,1.0,1,1.0,1,0.22757690720231358,54
1385,0,2207,1043,1164,0,0,0,1.0,1,1.0,1,1.0,1,0.22007508864982447,52
1386,3,2210,1044,1166,0,0,0,1.0,1,1.0,1,1.0,1,0.18856735212691098,51
1387,3,2213,1045,1168,0,0,0,1.0,1,1.0,1,1.0,1,0.21511995550611615,51
1388,3,2216,1047,1169,0,0,0,1.0,1,1.0,1,1.0,1,0.1881829375592024,52
1389,2,2218,1047,1171,0,0,0,1.0,1,1.0,1,1.0,1,0.21941059644026084,50
1390,3,2221,1048,1173,0,0,0,1.0,1,1.0,1,1.0,1,0.18037216857221108,51
1391,0,2221,1048,1173,0,0,0,1.0,1,1.0,1,1.0,1,0.19478999583073547,50
1392,1,2222,1049,1173,0,0,0,1.0,1,1.0,1,1.0,1,0.1703661695331438,50
1393,2,2224,1049,1175,0,0,0,1.0,1,1.0,1,1.0,1,0.14044042167471113,49
1394,0,2224,1049,1175,0,0,0,1.0,1,1.0,1,1.0,1,0.15442228354514118,50
1395,0,2224,1049,1175,0,0,0,1.0,1,1.0,1,1.0,1,0.16608378649467892,51
1396,1,2225,1049,1176,0,0,0,1.0,1,1.0,1,1.0,1,0.17591497238155465,52
1397,0,2225,1049,1176,0,0,0,1.0,1,1.0,1,1.0,1,0.17591497238155465,52
1398,1,2226,1050,1176,0,0,0,1.0,1,1.0,1,1.0,1,0.16266778320626724,53
1399,1,2227,1051,1176,0,0,0,1.0,1,1.0,1,1.0,1,0.19938297669985203,54
1400,2,2229,1052,1177,0,0,0,1.0,1,1.0,1,1.0,1,0.2110015403932756,54
1401,1,2230,1053,1177,0,0,0,1.0,1,1.0,1,1.0,1,0.22404271096667364,54
1402,2,2232,1055,1177,0,0,0,1.0,1,1.0,1,1.0,1,0.22711492076811138,53
1403,0,2232,1055,1177,0,0,0,1.0,1,1.0,1,1.0,1,0.24578946948689312,52
1404,0,2232,1055,1177,0,0,0,1.0,1,1.0,1,1.0,1,0.25367799308253,53
1405,1,2233,1055,1178,0,0,0,1.0,1,1.0,1,1.0,1,0.24962337370863158,52
1406,0,2233,1055,1178,0,0,0,1.0,1,1.0,1,1.0,1,0.23463167650673203,53
1407,0,2233,1055,1178,0,0,0,1.0,1,1.0,1,1.0,1,0.24407436429611687,54
1408,1,2234,1055,1179,0,0,0,1.0,1,1.0,1,1.0,1,0.2426999465632337,53
1409,1,2235,1055,1180,0,0,0,1.0,1,1.0,1,1.0,1,0.24070445657015097,55
1410,0,2235,1055,1180,0,0,0,1.0,1,1.0,1,1.0,1,0.24327311445069855,54
1411,0,2235,1055,1180,0,0,0,1.0,1,1.0,1,1.0,1,0.24327311445069855,54
1412,0,2235,1055,1180,0,0,0,1.0,1,1.0,1,1.0,1,0.2577703992268296,53
1413,0,2235,1055,1180,0,0,0,1.0,1,1.0,1,1.0,1,0.24574767665254751,54
1414,5,2240,1055,1185,0,0,0,1.0,1,1.0,1,1.0,1,0.20271848337783052,55
1415,1,2241,1056,1185,0,0,0,1.0,1,1.0,1,1.0,1,0.20744255319835875,57
1416,3,2244,1057,1187,0,0,0,1.0,1,1.0,1,1.0,1,0.2133031541938584,59
1417,3,2247,1058,1189,0,0,0,1.0,1,1.0,1,1.0,1,0.2177383088415935,58
1418,4,2251,1059,1192,0,0,0,1.0,1,1.0,1,1.0,1,0.18537734520521776,57
1419,1,2252,1060,1192,0,0,0,1.0,1,1.0,1,1.0,1,0.2067670134928488,56
1420,1,2253,1060,1193,0,0,0,1.0,1,1.0,1,1.0,1,0.2290947352516682,54
1421,0,2253,1060,1193,0,0,0,1.0,1,1.0,1,1.0,1,0.2240194613167924,55
1422,2,2255,1061,1194,0,0,0,1.0,1,1.0,1,1.0,1,0.1892822329087644,52
1423,3,2258,1063,1195,0,0,0,1.0,1,1.0,1,1.0,1,0.2149820669902284,52
1424,3,2261,1066,1195,0,0,0,1.0,1,1.0,1,1.0,1,0.25060004783548645,51
1425,0,2261,1066,1195,0,0,0,1.0,1,1.0,1,1.0,1,0.25604538260652193,50
1426,6,2267,1067,1200,0,0,0,1.0,1,1.0,1,1.0,1,0.2064794632015211,50
1427,0,2267,1067,1200,0,0,0,1.0,1,1.0,1,1.0,1,0.20696217444055692,48
1428,5,2272,1070,1202,0,0,0,1.0,1,1.0,1,1.0,1,0.21635474052921988,48
1429,4,2276,1071,1205,0,0,0,1.0,1,1.0,1,1.0,1,0.18353375286017598,48
1430,1,2277,1072,1205,0,0,0,1.0,1,1.0,1,1.0,1,0.18865865796827272,48
1431,0,2277,1072,1205,0,0,0,1.0,1,1.0,1,1.0,1,0.18865865796827272,48
1432,2,2279,1073,1206,0,0,0,1.0,1,1.0,1,1.0,1,0.15480068290539634,50
1433,2,2281,1073,1208,0,0,0,1.0,1,1.0,1,1.0,1,0.1595539195499993,51
1434,2,2283,1073,1210,0,0,0,1.0,1,1.0,1,1.0,1,0.1578327885583795,51
1435,2,2285,1074,1211,0,0,0,1.0,1,1.0,1,1.0,1,0.1757731969815107,50
1436,1,2286,1075,1211,0,0,0,1.0,1,1.0,1,1.0,1,0.18833878069675716,51
1437,0,2286,1075,1211,0,0,0,1.0,1,1.0,1,1.0,1,0.18833878069675716,51
1438,1,2287,1076,1211,0,0,0,1.0,1,1.0,1,1.0,1,0.20929438693354194,51
1439,4,2291,1079,1212,0,0,0,1.0,1,1.0,1,1.0,1,0.22140070565671163,50
1440,3,2294,1080,1214,0,0,0,1.0,1,1.0,1,1.0,1,0.22860597078084155,51
1441,3,2297,1080,1217,0,0,0,1.0,1,1.0,1,1.0,1,0.1874370818437681,51
1442,3,2300,1082,1218,0,0,0,1.0,1,1.0,1,1.0,1,0.1865505649747188,52
1443,3,2303,1082,1221,0,0,0,1.0,1,1.0,1,1.0,1,0.17459735554492967,53
1444,0,2303,1082,1221,0,0,0,1.0,1,1.0,1,1.0,1,0.17141250114237946,54
1445,0,2303,1082,1221,0,0,0,1.0,1,1.0,1,1.0,1,0.17141250114237946,54
1446,1,2304,1082,1222,0,0,0,1.0,1,1.0,1,1.0,1,0.18199438698320178,54
1447,1,2305,1082,1223,0,0,0,1.0,1,1.0,1,1.0,1,0.1480012883338831,55
1448,0,2305,1082,1223,0,0,0,1.0,1,1.0,1,1.0,1,0.1480012883338831,55
1449,0,2305,1082,1223,0,0,0,1.0,1,1.0,1,1.0,1,0.1480012883338831,55
1450,2,2307,1082,1225,0,0,0,1.0,1,1.0,1,1.0,1,0.13102349763234022,57
1451,1,2308,1083,1225,0,0,0,1.0,1,1.0,1,1.0,1,0.14310647014826222,57
1452,0,2308,1083,1225,0,0,0,1.0,1,1.0,1,1.0,1,0.14310647014826222,57
1453,2,2310,1085,1225,0,0,0,1.0,1,1.0,1,1.0,1,0.1739063758646936,57
1454,2,2312,1086,1226,0,0,0,1.0,1,1.0,1,1.0,1,0.1945819411982114,58
1455,1,2313,1086,1227,0,0,0,1.0,1,1.0,1,1.0,1,0.17234971991620895,56
1456,4,2317,1088,1229,0,0,0,1.0,1,1.0,1,1.0,1,0.13474417240097214,55
1457,0,2317,1088,1229,0,0,0,1.0,1,1.0,1,1.0,1,0.16127711542992335,54
1458,1,2318,1089,1229,0,0,0,1.0,1,1.0,1,1.0,1,0.17403618872346274,53
1459,4,2322,1090,1232,0,0,0,1.0,1,1.0,1,1.0,1,0.11635809887294986,52
1460,0,2322,1090,1232,0,0,0,1.0,1,1.0,1,1.0,1,0.11005133814413885,51
1461,2,2324,1092,1232,0,0,0,1.0,1,1.0,1,1.0,1,0.1317760745126521,51
1462,4,2328,1096,1232,0,0,0,1.0,1,1.0,1,1.0,1,0.148054275343521,51
1463,4,2332,1099,1233,0,0,0,1.0,1,1.0,1,1.0,1,0.1911415566892238,52
1464,4,2336,1102,1234,0,0,0,1.0,1,1.0,1,1.0,1,0.22265402422741892,52
1465,5,2341,1102,1239,0,0,0,1.0,1,1.0,1,1.0,1,0.17394788278837495,51
1466,4,2345,1105,1240,0,0,0,1.0,1,1.0,1,1.0,1,0.148620649359156,50
1467,2,2347,1107,1240,0,0,0,1.0,1,1.0,1,1.0,1,0.1577152613918901,48
1468,2,2349,1108,1241,0,0,0,1.0,1,1.0,1,1.0,1,0.12405459937692849,48
1469,3,2352,1110,1242,0,0,0,1.0,1,1.0,1,1.0,1,0.17156060488239855,48
1470,2,2354,1111,1243,0,0,0,1.0,1,1.0,1,1.0,1,0.15651467703785538,48
1471,2,2356,1113,1243,0,0,0,1.0,1,1.0,1,1.0,1,0.18857241426434201,45
1472,1,2357,1113,1244,0,0,0,1.0,1,1.0,1,1.0,1,0.17381707748098704,45
1473,2,2359,1114,1245,0,0,0,1.0,1,1.0,1,1.0,1,0.15444685837414704,46
1474,1,2360,1114,1246,0,0,0,1.0,1,1.0,1,1.0,1,0.17062400586542473,46
1475,0,2360,1114,1246,0,0,0,1.0,1,1.0,1,1.0,1,0.17062400586542473,46
1476,1,2361,1114,1247,0,0,0,1.0,1,1.0,1,1.0,1,0.17492818722685216,47
1477,2,2363,1116,1247,0,0,0,1.0,1,1.0,1,1.0,1,0.18462562613160405,47
1478,0,2363,1116,1247,0,0,0,1.0,1,1.0,1,1.0,1,0.21388020401137556,47
1479,0,2363,1116,1247,0,0,0,1.0,1,1.0,1,1.0,1,0.2140116446729422,48
1480,1,2364,1117,1247,0,0,0,1.0,1,1.0,1,1.0,1,0.2307265883651318,47
1481,1,2365,1118,1247,0,0,0,1.0,1,1.0,1,1.0,1,0.24571635746936088,47
1482,3,2368,1120,1248,0,0,0,1.0,1,1.0,1,1.0,1,0.2595292276732643,46
1483,5,2373,1121,1252,0,0,0,1.0,1,1.0,1,1.0,1,0.22232520743148457,47
1484,2,2375,1122,1253,0,0,0,1.0,1,1.0,1,1.0,1,0.1993820634040872,47
1485,0,2375,1122,1253,0,0,0,1.0,1,1.0,1,1.0,1,0.2416794266598137,47
1486,4,2379,1123,1256,0,0,0,1.0,1,1.0,1,1.0,1,0.2005937334798583,49
1487,2,2381,1125,1256,0,0,0,1.0,1,1.0,1,1.0,1,0.1832509455636259,49
1488,1,2382,1126,1256,0,0,0,1.0,1,1.0,1,1.0,1,0.18209815757496842,51
1489,4,2386,1127,1259,0,0,0,1.0,1,1.0,1,1.0,1,0.18011663818024923,52
1490,1,2387,1127,1260,0,0,0,1.0,1,1.0,1,1.0,1,0.1630952705329567,52
1491,2,2389,1129,1260,0,0,0,1.0,1,1.0,1,1.0,1,0.16973221591031978,53
1492,5,2394,1132,1262,0,0,0,1.0,1,1.0,1,1.0,1,0.17946965164167028,53
1493,1,2395,1132,1263,0,0,0,1.0,1,1.0,1,1.0,1,0.13084863367015498,52
1494,2,2397,1134,1263,0,0,0,1.0,1,1.0,1,1.0,1,0.12365489383620365,50
1495,2,2399,1136,1263,0,0,0,1.0,1,1.0,1,1.0,1,0.15003128794640908,50
1496,6,2405,1138,1267,0,0,0,1.0,1,1.0,1,1.0,1,0.1473975734899257,52
1497,1,2406,1139,1267,0,0,0,1.0,1,1.0,1,1.0,1,0.1652225210886297,51
1498,1,2407,1140,1267,0,0,0,1.0,1,1.0,1,1.0,1,0.17950659066984737,50
1499,0,2407,1140,1267,0,0,0,1.0,1,1.0,1,1.0,1,0.165918831493945,50
1500,1,2408,1141,1267,0,0,0,1.0,1,1.0,1,1.0,1,0.19054333547381147,49
1501,1,2409,1141,1268,0,0,0,1.0,1,1.0,1,1.0,1,0.18638137805257823,47
1502,5,2414,1145,1269,0,0,0,1.0,1,1.0,1,1.0,1,0.26290982551248004,47
1503,2,2416,1146,1270,0,0,0,1.0,1,1.0,1,1.0,1,0.2061551640519511,47
1504,2,2418,1148,1270,0,0,0,1.0,1,1.0,1,1.0,1,0.25656631383460465,48
1505,2,2420,1149,1271,0,0,0,1.0,1,1.0,1,1.0,1,0.2512411313909953,47
1506,3,2423,1150,1273,0,0,0,1.0,1,1.0,1,1.0,1,0.19117163462389086,47
1507,1,2424,1151,1273,0,0,0,1.0,1,1.0,1,1.0,1,0.20684021512459058,45
1508,1,2425,1152,1273,0,0,0,1.0,1,1.0,1,1.0,1,0.21046336395278684,45
1509,3,2428,1155,1273,0,0,0,1.0,1,1.0,1,1.0,1,0.25410894940796414,44
1510,3,2431,1157,1274,0,0,0,1.0,1,1.0,1,1.0,1,0.3019880435714805,42
1511,0,2431,1157,1274,0,0,0,1.0,1,1.0,1,1.0,1,0.2877023599263354,40
1512,4,2435,1161,1274,0,0,0,1.0,1,1.0,1,1.0,1,0.3660238078257331,39
1513,3,2438,1161,1277,0,0,0,1.0,1,1.0,1,1.0,1,0.26722659443186014,39
1514,1,2439,1161,1278,0,0,0,1.0,1,1.0,1,1.0,1,0.23825601591598727,38
1515,0,2439,1161,1278,0,0,0,1.0,1,1.0,1,1.0,1,0.2574627317121548,39
1516,2,2441,1161,1280,0,0,0,1.0,1,1.0,1,1.0,1,0.2163433144785103,39
1517,3,2444,1163,1281,0,0,0,1.0,1,1.0,1,1.0,1,0.2254936909347011,39
1518,2,2446,1164,1282,0,0,0,1.0,1,1.0,1,1.0,1,0.2320276741263176,39
1519,2,2448,1164,1284,0,0,0,1.0,1,1.0,1,1.0,1,0.17428747861450652,39
1520,1,2449,1165,1284,0,0,0,1.0,1,1.0,1,1.0,1,0.23173686774479943,39
1521,1,2450,1166,1284,0,0,0,1.0,1,1.0,1,1.0,1,0.23442106172646787,40
1522,2,2452,1167,1285,0,0,0,1.0,1,1.0,1,1.0,1,0.23186359800459208,40
1523,1,2453,1167,1286,0,0,0,1.0,1,1.0,1,1.0,1,0.22958849306761261,41
1524,0,2453,1167,1286,0,0,0,1.0,1,1.0,1,1.0,1,0.23937564595408228,42
1525,3,2456,1168,1288,0,0,0,1.0,1,1.0,1,1.0,1,0.183499501947962,45
1526,0,2456,1168,1288,0,0,0,1.0,1,1.0,1,1.0,1,0.19667217340450313,46
1527,0,2456,1168,1288,0,0,0,1.0,1,1.0,1,1.0,1,0.19667217340450313,46
1528,1,2457,1168,1289,0,0,0,1.0,1,1.0,1,1.0,1,0.19257968553671964,47
1529,0,2457,1168,1289,0,0,0,1.0,1,1.0,1,1.0,1,0.19257968553671964,47
1530,1,2458,1168,1290,0,0,0,1.0,1,1.0,1,1.0,1,0.1792380085182086,48
1531,0,2458,1168,1290,0,0,0,1.0,1,1.0,1,1.0,1,0.17737008594935583,46
1532,1,2459,1169,1290,0,0,0,1.0,1,1.0,1,1.0,1,0.199348659722388,47
1533,0,2459,1169,1290,0,0,0,1.0,1,1.0,1,1.0,1,0.19438728634412036,46
1534,1,2460,1170,1290,0,0,0,1.0,1,1.0,1,1.0,1,0.19161416484273938,47
1535,1,2461,1171,1290,0,0,0,1.0,1,1.0,1,1.0,1,0.20115420386944582,47
1536,1,2462,1171,1291,0,0,0,1.0,1,1.0,1,1.0,1,0.20121484015039923,48
1537,2,2464,1171,1293,0,0,0,1.0,1,1.0,1,1.0,1,0.16886322710552965,46
1538,0,2464,1171,1293,0,0,0,1.0,1,1.0,1,1.0,1,0.1812854504505193,47
1539,1,2465,1172,1293,0,0,0,1.0,1,1.0,1,1.0,1,0.20697363266232574,47
1540,1,2466,1173,1293,0,0,0,1.0,1,1.0,1,1.0,1,0.21810761462480624,47
1541,0,2466,1173,1293,0,0,0,1.0,1,1.0,1,1.0,1,0.21749748998755486,47
1542,4,2470,1176,1294,0,0,0,1.0,1,1.0,1,1.0,1,0.2585306126686501,50
1543,4,2474,1179,1295,0,0,0,1.0,1,1.0,1,1.0,1,0.27680123470786977,47
1544,7,2481,1183,1298,0,0,0,1.0,1,1.0,1,1.0,1,0.29893030367296025,48
1545,3,2484,1184,1300,0,0,0,1.0,1,1.0,1,1.0,1,0.25036493324586717,47
1546,6,2490,1185,1305,0,0,0,1.0,1,1.0,1,1.0,1,0.18343049247580853,47
1547,2,2492,1185,1307,0,0,0,1.0,1,1.0,1,1.0,1,0.1470268874543406,47
1548,3,2495,1188,1307,0,0,0,1.0,1,1.0,1,1.0,1,0.15844532021267188,47
1549,6,2501,1192,1309,0,0,0,1.0,1,1.0,1,1.0,1,0.12187977391470071,46
1550,3,2504,1194,1310,0,0,0,1.0,1,1.0,1,1.0,1,0.20384231777553136,44
1551,6,2510,1198,1312,0,0,0,1.0,1,1.0,1,1.0,1,0.2356376952326068,45
1552,9,2519,1201,1318,0,0,0,1.0,1,1.0,1,1.0,1,0.1743997498422844,43
1553,3,2522,1202,1320,0,0,0,1.0,1,1.0,1,1.0,1,0.1657446513268805,43
1554,0,2522,1202,1320,0,0,0,1.0,1,1.0,1,1.0,1,0.19450431883966798,41
1555,0,2522,1202,1320,0,0,0,1.0,1,1.0,1,1.0,1,0.205456714275571,44
1556,2,2524,1204,1320,0,0,0,1.0,1,1.0,1,1.0,1,0.20183678622253018,45
1557,1,2525,1204,1321,0,0,0,1.0,1,1.0,1,1.0,1,0.19002608733502482,45
1558,1,2526,1204,1322,0,0,0,1.0,1,1.0,1,1.0,1,0.1814106542822217,46
1559,3,2529,1205,1324,0,0,0,1.0,1,1.0,1,1.0,1,0.15971171970833273,47
1560,1,2530,1206,1324,0,0,0,1.0,1,1.0,1,1.0,1,0.16491352139788462,46
1561,0,2530,1206,1324,0,0,0,1.0,1,1.0,1,1.0,1,0.14854590005356283,47
1562,0,2530,1206,1324,0,0,0,1.0,1,1.0,1,1.0,1,0.15814673359216394,47
1563,0,2530,1206,1324,0,0,0,1.0,1,1.0,1,1.0,1,0.15814673359216394,47
1564,0,2530,1206,1324,0,0,0,1.0,1,1.0,1,1.0,1,0.15814673359216394,47
1565,0,2530,1206,1324,0,0,0,1.0,1,1.0,1,1.0,1,0.1963613056734039,48
1566,0,2530,1206,1324,0,0,0,1.0,1,1.0,1,1.0,1,0.1963613056734039,48
1567,1,2531,1206,1325,0,0,0,1.0,1,1.0,1,1.0,1,0.22801742038802808,48
1568,3,2534,1207,1327,0,0,0,1.0,1,1.0,1,1.0,1,0.213973024426413,48
1569,1,2535,1207,1328,0,0,0,1.0,1,1.0,1,1.0,1,0.1615352838392713,45
1570,1,2536,1208,1328,0,0,0,1.0,1,1.0,1,1.0,1,0.17362506958298776,44
1571,2,2538,1210,1328,0,0,0,1.0,1,1.0,1,1.0,1,0.20103530398326522,42
1572,3,2541,1211,1330,0,0,0,1.0,1,1.0,1,1.0,1,0.16197151288814174,43
1573,0,2541,1211,1330,0,0,0,1.0,1,1.0,1,1.0,1,0.16197151288814174,43
1574,3,2544,1214,1330,0,0,0,1.0,1,1.0,1,1.0,1,0.23018421991856672,42
1575,1,2545,1215,1330,0,0,0,1.0,1,1.0,1,1.0,1,0.2382277176426653,43
1576,5,2550,1218,1332,0,0,0,1.0,1,1.0,1,1.0,1,0.2094021759914913,41
1577,2,2552,1219,1333,0,0,0,1.0,1,1.0,1,1.0,1,0.24689746849760408,40
1578,0,2552,1219,1333,0,0,0,1.0,1,1.0,1,1.0,1,0.22860672239152896,40
1579,0,2552,1219,1333,0,0,0,1.0,1,1.0,1,1.0,1,0.22763804113508884,40
1580,0,2552,1219,1333,0,0,0,1.0,1,1.0,1,1.0,1,0.22763804113508884,40
1581,2,2554,1221,1333,0,0,0,1.0,1,1.0,1,1.0,1,0.25642465116288354,40
1582,8,2562,1225,1337,0,0,0,1.0,1,1.0,1,1.0,1,0.23852246128775204,40
1583,1,2563,1226,1337,0,0,0,1.0,1,1.0,1,1.0,1,0.23431668611393053,38
1584,6,2569,1230,1339,0,0,0,1.0,1,1.0,1,1.0,1,0.26594581047483584,39
1585,4,2573,1233,1340,0,0,0,1.0,1,1.0,1,1.0,1,0.23727532115639693,38
1586,5,2578,1237,1341,0,0,0,1.0,1,1.0,1,1.0,1,0.25067940853319226,38
1587,1,2579,1238,1341,0,0,0,1.0,1,1.0,1,1.0,1,0.20334923817405473,37
1588,2,2581,1240,1341,0,0,0,1.0,1,1.0,1,1.0,1,0.24196506506682733,39
1589,2,2583,1242,1341,0,0,0,1.0,1,1.0,1,1.0,1,0.26558339209230025,37
1590,1,2584,1243,1341,0,0,0,1.0,1,1.0,1,1.0,1,0.2642692341561513,37
1591,4,2588,1244,1344,0,0,0,1.0,1,1.0,1,1.0,1,0.294301688143367,36
1592,0,2588,1244,1344,0,0,0,1.0,1,1.0,1,1.0,1,0.3099296278108824,34
1593,0,2588,1244,1344,0,0,0,1.0,1,1.0,1,1.0,1,0.3526171580305373,33
1594,1,2589,1244,1345,0,0,0,1.0,1,1.0,1,1.0,1,0.31045670775300316,31
1595,2,2591,1244,1347,0,0,0,1.0,1,1.0,1,1.0,1,0.2826384361293469,34
1596,0,2591,1244,1347,0,0,0,1.0,1,1.0,1,1.0,1,0.28642242938846646,33
1597,0,2591,1244,1347,0,0,0,1.0,1,1.0,1,1.0,1,0.28642242938846646,33
1598,2,2593,1244,1349,0,0,0,1.0,1,1.0,1,1.0,1,0.21878597484749704,33
1599,1,2594,1245,1349,0,0,0,1.0,1,1.0,1,1.0,1,0.20145394543491713,33
1600,1,2595,1245,1350,0,0,0,1.0,1,1.0,1,1.0,1,0.20483187235226338,34
1601,3,2598,1247,1351,0,0,0,1.0,1,1.0,1,1.0,1,0.24519465048943165,35
1602,1,2599,1247,1352,0,0,0,1.0,1,1.0,1,1.0,1,0.19667367399179586,36
1603,1,2600,1248,1352,0,0,0,1.0,1,1.0,1,1.0,1,0.2567896516309831,38
1604,2,2602,1249,1353,0,0,0,1.0,1,1.0,1,1.0,1,0.23172082020296142,38
1605,0,2602,1249,1353,0,0,0,1.0,1,1.0,1,1.0,1,0.23172082020296142,38
1606,4,2606,1251,1355,0,0,0,1.0,1,1.0,1,1.0,1,0.2538589531281363,39
1607,1,2607,1251,1356,0,0,0,1.0,1,1.0,1,1.0,1,0.2320974082346396,37
1608,1,2608,1252,1356,0,0,0,1.0,1,1.0,1,1.0,1,0.2539802514599451,36
1609,1,2609,1253,1356,0,0,0,1.0,1,1.0,1,1.0,1,0.23733043041460872,34
1610,1,2610,1254,1356,0,0,0,1.0,1,1.0,1,1.0,1,0.2356898322023911,34
1611,4,2614,1257,1357,0,0,0,1.0,1,1.0,1,1.0,1,0.22174538600518856,35
1612,1,2615,1257,1358,0,0,0,1.0,1,1.0,1,1.0,1,0.195409297980164,33
1613,2,2617,1258,1359,0,0,0,1.0,1,1.0,1,1.0,1,0.17977216268535975,34
1614,0,2617,1258,1359,0,0,0,1.0,1,1.0,1,1.0,1,0.18696253422734183,35
1615,2,2619,1259,1360,0,0,0,1.0,1,1.0,1,1.0,1,0.2271948967806079,35
1616,2,2621,1261,1360,0,0,0,1.0,1,1.0,1,1.0,1,0.22049488300876777,37
1617,2,2623,1263,1360,0,0,0,1.0,1,1.0,1,1.0,1,0.2659089903020675,38
1618,2,2625,1264,1361,0,0,0,1.0,1,1.0,1,1.0,1,0.24833412547812192,38
1619,0,2625,1264,1361,0,0,0,1.0,1,1.0,1,1.0,1,0.2469930272396155,38
1620,3,2628,1265,1363,0,0,0,1.0,1,1.0,1,1.0,1,0.24555431389588933,39
1621,1,2629,1266,1363,0,0,0,1.0,1,1.0,1,1.0,1,0.2901353422173905,37
1622,4,2633,1267,1366,0,0,0,1.0,1,1.0,1,1.0,1,0.2673342258442926,37
1623,2,2635,1269,1366,0,0,0,1.0,1,1.0,1,1.0,1,0.29644829669318445,37
1624,1,2636,1270,1366,0,0,0,1.0,1,1.0,1,1.0,1,0.3091516595056954,37
1625,3,2639,1270,1369,0,0,0,1.0,1,1.0,1,1.0,1,0.26534870969668956,35
1626,1,2640,1271,1369,0,0,0,1.0,1,1.0,1,1.0,1,0.3006137516171376,35
1627,0,2640,1271,1369,0,0,0,1.0,1,1.0,1,1.0,1,0.28563125229193326,34
1628,5,2645,1273,1372,0,0,0,1.0,1,1.0,1,1.0,1,0.2766912341491236,35
1629,2,2647,1275,1372,0,0,0,1.0,1,1.0,1,1.0,1,0.3481316936165832,34
1630,1,2648,1275,1373,0,0,0,1.0,1,1.0,1,1.0,1,0.2861333464935268,32
1631,2,2650,1276,1374,0,0,0,1.0,1,1.0,1,1.0,1,0.32046875216228743,33
1632,0,2650,1276,1374,0,0,0,1.0,1,1.0,1,1.0,1,0.3177293576518523,32
1633,0,2650,1276,1374,0,0,0,1.0,1,1.0,1,1.0,1,0.3093189668965446,31
1634,0,2650,1276,1374,0,0,0,1.0,1,1.0,1,1.0,1,0.3093189668965446,31
1635,1,2651,1276,1375,0,0,0,1.0,1,1.0,1,1.0,1,0.30814449502863234,31
1636,2,2653,1276,1377,0,0,0,1.0,1,1.0,1,1.0,1,0.2652348914461592,33
1637,0,2653,1276,1377,0,0,0,1.0,1,1.0,1,1.0,1,0.2652348914461592,33
1638,2,2655,1276,1379,0,0,0,1.0,1,1.0,1,1.0,1,0.26810983498077723,36
1639,1,2656,1276,1380,0,0,0,1.0,1,1.0,1,1.0,1,0.2498446598822916,36
1640,1,2657,1277,1380,0,0,0,1.0,1,1.0,1,1.0,1,0.28216059964370366,36
1641,2,2659,1278,1381,0,0,0,1.0,1,1.0,1,1.0,1,0.26665961983030184,38
1642,0,2659,1278,1381,0,0,0,1.0,1,1.0,1,1.0,1,0.28412215964046267,37
1643,2,2661,1280,1381,0,0,0,1.0,1,1.0,1,1.0,1,0.29833284018480666,37
1644,2,2663,1282,1381,0,0,0,1.0,1,1.0,1,1.0,1,0.36678541853321034,38
1645,0,2663,1282,1381,0,0,0,1.0,1,1.0,1,1.0,1,0.33435341742637237,36
1646,0,2663,1282,1381,0,0,0,1.0,1,1.0,1,1.0,1,0.3463548355309813,37
1647,1,2664,1283,1381,0,0,0,1.0,1,1.0,1,1.0,1,0.4151126558117134,35
1648,5,2669,1283,1386,0,0,0,1.0,1,1.0,1,1.0,1,0.34749336012886406,38
1649,1,2670,1284,1386,0,0,0,1.0,1,1.0,1,1.0,1,0.35632924976927055,35
1650,0,2670,1284,1386,0,0,0,1.0,1,1.0,1,1.0,1,0.3749874128677098,34
1651,2,2672,1284,1388,0,0,0,1.0,1,1.0,1,1.0,1,0.3451949098497739,32
1652,2,2674,1284,1390,0,0,0,1.0,1,1.0,1,1.0,1,0.3033154320578419,33
1653,0,2674,1284,1390,0,0,0,1.0,1,1.0,1,1.0,1,0.3033154320578419,33
1654,1,2675,1284,1391,0,0,0,1.0,1,1.0,1,1.0,1,0.3043603333565713,34
1655,2,2677,1284,1393,0,0,0,1.0,1,1.0,1,1.0,1,0.2422619066221576,35
1656,0,2677,1284,1393,0,0,0,1.0,1,1.0,1,1.0,1,0.2422619066221576,35
1657,2,2679,1284,1395,0,0,0,1.0,1,1.0,1,1.0,1,0.21391462272325262,36
1658,1,2680,1285,1395,0,0,0,1.0,1,1.0,1,1.0,1,0.2168032017182132,36
1659,1,2681,1285,1396,0,0,0,1.0,1,1.0,1,1.0,1,0.17996998061195113,36
1660,4,2685,1288,1397,0,0,0,1.0,1,1.0,1,1.0,1,0.17931718717833892,38
1661,0,2685,1288,1397,0,0,0,1.0,1,1.0,1,1.0,1,0.17931718717833892,38
1662,3,2688,1291,1397,0,0,0,1.0,1,1.0,1,1.0,1,0.21521954995218168,39
1663,3,2691,1292,1399,0,0,0,1.0,1,1.0,1,1.0,1,0.20770113472911314,40
1664,2,2693,1293,1400,0,0,0,1.0,1,1.0,1,1.0,1,0.22715185171870408,39
1665,2,2695,1294,1401,0,0,0,1.0,1,1.0,1,1.0,1,0.2459326264768347,40
1666,4,2699,1295,1404,0,0,0,1.0,1,1.0,1,1.0,1,0.21064296071300687,40
1667,1,2700,1296,1404,0,0,0,1.0,1,1.0,1,1.0,1,0.20693756109417058,40
1668,1,2701,1297,1404,0,0,0,1.0,1,1.0,1,1.0,1,0.22025761246073444,41
1669,0,2701,1297,1404,0,0,0,1.0,1,1.0,1,1.0,1,0.205026317177313,40
1670,2,2703,1299,1404,0,0,0,1.0,1,1.0,1,1.0,1,0.19431590574694982,40
1671,0,2703,1299,1404,0,0,0,1.0,1,1.0,1,1.0,1,0.21659996316756094,41
1672,1,2704,1300,1404,0,0,0,1.0,1,1.0,1,1.0,1,0.24388228989753846,40
1673,1,2705,1301,1404,0,0,0,1.0,1,1.0,1,1.0,1,0.2646360589875476,39
1674,2,2707,1301,1406,0,0,0,1.0,1,1.0,1,1.0,1,0.23890202451657142,40
1675,1,2708,1301,1407,0,0,0,1.0,1,1.0,1,1.0,1,0.2183182164433127,38
1676,1,2709,1302,1407,0,0,0,1.0,1,1.0,1,1.0,1,0.2460366449552894,39
1677,0,2709,1302,1407,0,0,0,1.0,1,1.0,1,1.0,1,0.2463263118487076,39
1678,0,2709,1302,1407,0,0,0,1.0,1,1.0,1,1.0,1,0.2463263118487076,39
1679,2,2711,1303,1408,0,0,0,1.0,1,1.0,1,1.0,1,0.23010195366396696,39
1680,4,2715,1304,1411,0,0,0,1.0,1,1.0,1,1.0,1,0.20512716457970923,41
1681,0,2715,1304,1411,0,0,0,1.0,1,1.0,1,1.0,1,0.20512716457970923,41
1682,1,2716,1304,1412,0,0,0,1.0,1,1.0,1,1.0,1,0.20863572935858904,43
1683,5,2721,1307,1414,0,0,0,1.0,1,1.0,1,1.0,1,0.2284718587092608,43
1684,2,2723,1308,1415,0,0,0,1.0,1,1.0,1,1.0,1,0.2176646176628048,42
1685,4,2727,1310,1417,0,0,0,1.0,1,1.0,1,1.0,1,0.21616710537119013,41
1686,6,2733,1312,1421,0,0,0,1.0,1,1.0,1,1.0,1,0.20791348384259176,41
1687,1,2734,1313,1421,0,0,0,1.0,1,1.0,1,1.0,1,0.20525689994810334,40
1688,2,2736,1315,1421,0,0,0,1.0,1,1.0,1,1.0,1,0.2267032312993099,39
1689,2,2738,1316,1422,0,0,0,1.0,1,1.0,1,1.0,1,0.22073294493734316,38
1690,1,2739,1317,1422,0,0,0,1.0,1,1.0,1,1.0,1,0.21348795274933,38
1691,0,2739,1317,1422,0,0,0,1.0,1,1.0,1,1.0,1,0.2691516730669753,36
1692,0,2739,1317,1422,0,0,0,1.0,1,1.0,1,1.0,1,0.25186754217234314,36
1693,1,2740,1318,1422,0,0,0,1.0,1,1.0,1,1.0,1,0.2675456464182806,35
1694,0,2740,1318,1422,0,0,0,1.0,1,1.0,1,1.0,1,0.2960632006890999,33
1695,0,2740,1318,1422,0,0,0,1.0,1,1.0,1,1.0,1,0.28567635342724207,34
1696,4,2744,1319,1425,0,0,0,1.0,1,1.0,1,1.0,1,0.248462606874563,35
1697,0,2744,1319,1425,0,0,0,1.0,1,1.0,1,1.0,1,0.24555663867660668,36
1698,1,2745,1320,1425,0,0,0,1.0,1,1.0,1,1.0,1,0.26101214151264907,38
1699,2,2747,1321,1426,0,0,0,1.0,1,1.0,1,1.0,1,0.2364947197934624,38
1700,0,2747,1321,1426,0,0,0,1.0,1,1.0,1,1.0,1,0.25267798192191415,39
1701,0,2747,1321,1426,0,0,0,1.0,1,1.0,1,1.0,1,0.26211687760763025,40
1702,3,2750,1324,1426,0,0,0,1.0,1,1.0,1,1.0,1,0.3103238478400659,41
1703,3,2753,1325,1428,0,0,0,1.0,1,1.0,1,1.0,1,0.3094776712685132,41
1704,5,2758,1329,1429,0,0,0,1.0,1,1.0,1,1.0,1,0.34166211646180356,41
1705,2,2760,1329,1431,0,0,0,1.0,1,1.0,1,1.0,1,0.27768289962346393,40
1706,1,2761,1329,1432,0,0,0,1.0,1,1.0,1,1.0,1,0.2580569976851911,40
1707,2,2763,1329,1434,0,0,0,1.0,1,1.0,1,1.0,1,0.24351153576428014,39
1708,0,2763,1329,1434,0,0,0,1.0,1,1.0,1,1.0,1,0.24351153576428014,39
1709,1,2764,1330,1434,0,0,0,1.0,1,1.0,1,1.0,1,0.26439333357264433,38
1710,5,2769,1333,1436,0,0,0,1.0,1,1.0,1,1.0,1,0.28264709477582833,39
1711,1,2770,1333,1437,0,0,0,1.0,1,1.0,1,1.0,1,0.28004723899044026,38
1712,1,2771,1334,1437,0,0,0,1.0,1,1.0,1,1.0,1,0.29265235342963314,38
1713,0,2771,1334,1437,0,0,0,1.0,1,1.0,1,1.0,1,0.30763881461266535,37
1714,1,2772,1334,1438,0,0,0,1.0,1,1.0,1,1.0,1,0.2820486294246615,38
1715,3,2775,1335,1440,0,0,0,1.0,1,1.0,1,1.0,1,0.25636996301754,40
1716,0,2775,1335,1440,0,0,0,1.0,1,1.0,1,1.0,1,0.26632586366546374,39
1717,2,2777,1336,1441,0,0,0,1.0,1,1.0,1,1.0,1,0.27205292317764135,38
1718,0,2777,1336,1441,0,0,0,1.0,1,1.0,1,1.0,1,0.2999496771164307,38
1719,4,2781,1337,1444,0,0,0,1.0,1,1.0,1,1.0,1,0.2890298955736557,38
1720,2,2783,1337,1446,0,0,0,1.0,1,1.0,1,1.0,1,0.2536969472325703,41
1721,0,2783,1337,1446,0,0,0,1.0,1,1.0,1,1.0,1,0.2347953382107533,39
1722,2,2785,1338,1447,0,0,0,1.0,1,1.0,1,1.0,1,0.23795883602129686,40
1723,1,2786,1339,1447,0,0,0,1.0,1,1.0,1,1.0,1,0.21330190540855146,38
1724,0,2786,1339,1447,0,0,0,1.0,1,1.0,1,1.0,1,0.25118259643126173,37
1725,1,2787,1339,1448,0,0,0,1.0,1,1.0,1,1.0,1,0.24784124780263417,38
1726,1,2788,1339,1449,0,0,0,1.0,1,1.0,1,1.0,1,0.23082552751380125,37
1727,2,2790,1340,1450,0,0,0,1.0,1,1.0,1,1.0,1,0.2078807413494747,37
1728,0,2790,1340,1450,0,0,0,1.0,1,1.0,1,1.0,1,0.23820816044301066,35
1729,1,2791,1341,1450,0,0,0,1.0,1,1.0,1,1.0,1,0.23993530812228867,37
1730,1,2792,1342,1450,0,0,0,1.0,1,1.0,1,1.0,1,0.3072745307501561,37
1731,0,2792,1342,1450,0,0,0,1.0,1,1.0,1,1.0,1,0.3072745307501561,37
1732,3,2795,1342,1453,0,0,0,1.0,1,1.0,1,1.0,1,0.2969196126319737,37
1733,3,2798,1344,1454,0,0,0,1.0,1,1.0,1,1.0,1,0.26335335540960164,36
1734,2,2800,1344,1456,0,0,0,1.0,1,1.0,1,1.0,1,0.244606146943279,35
1735,1,2801,1345,1456,0,0,0,1.0,1,1.0,1,1.0,1,0.23159717746402972,34
1736,1,2802,1345,1457,0,0,0,1.0,1,1.0,1,1.0,1,0.22465758342172923,35
1737,2,2804,1347,1457,0,0,0,1.0,1,1.0,1,1.0,1,0.21559789138085456,36
1738,2,2806,1348,1458,0,0,0,1.0,1,1.0,1,1.0,1,0.25720946659672744,37
1739,1,2807,1349,1458,0,0,0,1.0,1,1.0,1,1.0,1,0.2436688337310419,38
1740,0,2807,1349,1458,0,0,0,1.0,1,1.0,1,1.0,1,0.2513891287708197,37
1741,2,2809,1350,1459,0,0,0,1.0,1,1.0,1,1.0,1,0.24206586473775574,38
1742,3,2812,1352,1460,0,0,0,1.0,1,1.0,1,1.0,1,0.2780354794104846,39
1743,1,2813,1353,1460,0,0,0,1.0,1,1.0,1,1.0,1,0.29101678910225837,37
1744,3,2816,1355,1461,0,0,0,1.0,1,1.0,1,1.0,1,0.27952297093849304,38
1745,3,2819,1356,1463,0,0,0,1.0,1,1.0,1,1.0,1,0.28062713906273495,37
1746,1,2820,1356,1464,0,0,0,1.0,1,1.0,1,1.0,1,0.24436858319634547,38
1747,1,2821,1357,1464,0,0,0,1.0,1,1.0,1,1.0,1,0.26905684606976693,38
1748,2,2823,1358,1465,0,0,0,1.0,1,1.0,1,1.0,1,0.2664861941728228,38
1749,1,2824,1358,1466,0,0,0,1.0,1,1.0,1,1.0,1,0.2571279442712275,37
1750,2,2826,1358,1468,0,0,0,1.0,1,1.0,1,1.0,1,0.21317586968195854,39
1751,0,2826,1358,1468,0,0,0,1.0,1,1.0,1,1.0,1,0.23237821206512138,38
1752,1,2827,1358,1469,0,0,0,1.0,1,1.0,1,1.0,1,0.21213109335929664,39
1753,1,2828,1358,1470,0,0,0,1.0,1,1.0,1,1.0,1,0.19752087944974633,40
1754,3,2831,1359,1472,0,0,0,1.0,1,1.0,1,1.0,1,0.2220464627871146,41
1755,1,2832,1359,1473,0,0,0,1.0,1,1.0,1,1.0,1,0.21120843458243907,41
1756,1,2833,1360,1473,0,0,0,1.0,1,1.0,1,1.0,1,0.23148528002635071,42
1757,0,2833,1360,1473,0,0,0,1.0,1,1.0,1,1.0,1,0.25739914841204725,42
1758,2,2835,1362,1473,0,0,0,1.0,1,1.0,1,1.0,1,0.30288838618271635,42
1759,2,2837,1362,1475,0,0,0,1.0,1,1.0,1,1.0,1,0.2878244371123528,39
1760,9,2846,1364,1482,0,0,0,1.0,1,1.0,1,1.0,1,0.2545961318229678,39
1761,3,2849,1366,1483,0,0,0,1.0,1,1.0,1,1.0,1,0.24060006021828542,38
1762,4,2853,1367,1486,0,0,0,1.0,1,1.0,1,1.0,1,0.14010240279010513,37
1763,2,2855,1368,1487,0,0,0,1.0,1,1.0,1,1.0,1,0.1791491820632525,37
1764,1,2856,1369,1487,0,0,0,1.0,1,1.0,1,1.0,1,0.16800710978159902,36
1765,3,2859,1372,1487,0,0,0,1.0,1,1.0,1,1.0,1,0.16959289336028088,37
1766,1,2860,1372,1488,0,0,0,1.0,1,1.0,1,1.0,1,0.12778928405061832,36
1767,0,2860,1372,1488,0,0,0,1.0,1,1.0,1,1.0,1,0.12778928405061832,36
1768,0,2860,1372,1488,0,0,0,1.0,1,1.0,1,1.0,1,0.12778928405061832,36
1769,0,2860,1372,1488,0,0,0,1.0,1,1.0,1,1.0,1,0.11794910124200952,38
1770,1,2861,1373,1488,0,0,0,1.0,1,1.0,1,1.0,1,0.1309615436980061,38
1771,0,2861,1373,1488,0,0,0,1.0,1,1.0,1,1.0,1,0.1309615436980061,38
1772,0,2861,1373,1488,0,0,0,1.0,1,1.0,1,1.0,1,0.13282122765018625,40
1773,1,2862,1374,1488,0,0,0,1.0,1,1.0,1,1.0,1,0.16202907450578047,40
1774,0,2862,1374,1488,0,0,0,1.0,1,1.0,1,1.0,1,0.16202907450578047,40
1775,0,2862,1374,1488,0,0,0,1.0,1,1.0,1,1.0,1,0.1736827021622325,41
1776,0,2862,1374,1488,0,0,0,1.0,1,1.0,1,1.0,1,0.16153104423540426,43
1777,1,2863,1375,1488,0,0,0,1.0,1,1.0,1,1.0,1,0.17784650442380764,44
1778,3,2866,1377,1489,0,0,0,1.0,1,1.0,1,1.0,1,0.21998605413418426,44
1779,1,2867,1377,1490,0,0,0,1.0,1,1.0,1,1.0,1,0.18981733229571263,44
1780,2,2869,1378,1491,0,0,0,1.0,1,1.0,1,1.0,1,0.20078638526320067,46
1781,2,2871,1380,1491,0,0,0,1.0,1,1.0,1,1.0,1,0.2156266089278053,46
1782,5,2876,1382,1494,0,0,0,1.0,1,1.0,1,1.0,1,0.21516688573789775,45
1783,2,2878,1384,1494,0,0,0,1.0,1,1.0,1,1.0,1,0.2558048922868694,44
1784,3,2881,1386,1495,0,0,0,1.0,1,1.0,1,1.0,1,0.3005600857204507,44
1785,4,2885,1388,1497,0,0,0,1.0,1,1.0,1,1.0,1,0.3051876092915913,42
1786,8,2893,1391,1502,0,0,0,1.0,1,1.0,1,1.0,1,0.28300966124755184,42
1787,0,2893,1391,1502,0,0,0,1.0,1,1.0,1,1.0,1,0.30460851469755396,41
1788,4,2897,1393,1504,0,0,0,1.0,1,1.0,1,1.0,1,0.3222167944387104,41
1789,6,2903,1394,1509,0,0,0,1.0,1,1.0,1,1.0,1,0.21404593530127913,41
1790,0,2903,1394,1509,0,0,0,1.0,1,1.0,1,1.0,1,0.21404593530127913,41
1791,0,2903,1394,1509,0,0,0,1.0,1,1.0,1,1.0,1,0.22061354558634863,41
1792,2,2905,1395,1510,0,0,0,1.0,1,1.0,1,1.0,1,0.19902752996391312,43
1793,1,2906,1396,1510,0,0,0,1.0,1,1.0,1,1.0,1,0.20044405263637782,43
1794,2,2908,1398,1510,0,0,0,1.0,1,1.0,1,1.0,1,0.25516757795293693,41
1795,5,2913,1400,1513,0,0,0,1.0,1,1.0,1,1.0,1,0.19620987433602863,41
1796,2,2915,1401,1514,0,0,0,1.0,1,1.0,1,1.0,1,0.26053048200052753,40
1797,1,2916,1402,1514,0,0,0,1.0,1,1.0,1,1.0,1,0.2821818385298243,38
1798,1,2917,1402,1515,0,0,0,1.0,1,1.0,1,1.0,1,0.2737796023592274,38
1799,4,2921,1404,1517,0,0,0,1.0,1,1.0,1,1.0,1,0.21069342623548423,37
1800,2,2923,1405,1518,0,0,0,1.0,1,1.0,1,1.0,1,0.20749269515297356,35
1801,0,2923,1405,1518,0,0,0,1.0,1,1.0,1,1.0,1,0.1991853136788383,34
1802,0,2923,1405,1518,0,0,0,1.0,1,1.0,1,1.0,1,0.1812708153349457,33
1803,0,2923,1405,1518,0,0,0,1.0,1,1.0,1,1.0,1,0.1812708153349457,33
1804,1,2924,1406,1518,0,0,0,1.0,1,1.0,1,1.0,1,0.22451543862744913,33
1805,2,2926,1406,1520,0,0,0,1.0,1,1.0,1,1.0,1,0.19062033120924674,35
1806,1,2927,1407,1520,0,0,0,1.0,1,1.0,1,1.0,1,0.25592539727756014,36
1807,1,2928,1407,1521,0,0,0,1.0,1,1.0,1,1.0,1,0.27433385869727683,35
1808,1,2929,1407,1522,0,0,0,1.0,1,1.0,1,1.0,1,0.24152366377059323,37
1809,0,2929,1407,1522,0,0,0,1.0,1,1.0,1,1.0,1,0.29042260540002485,35
1810,2,2931,1407,1524,0,0,0,1.0,1,1.0,1,1.0,1,0.26676860720276524,36
1811,0,2931,1407,1524,0,0,0,1.0,1,1.0,1,1.0,1,0.27242676232593155,34
1812,1,2932,1407,1525,0,0,0,1.0,1,1.0,1,1.0,1,0.27803474672626993,36
1813,1,2933,1407,1526,0,0,0,1.0,1,1.0,1,1.0,1,0.252112593959308,35
1814,0,2933,1407,1526,0,0,0,1.0,1,1.0,1,1.0,1,0.2653510832555575,36
1815,1,2934,1407,1527,0,0,0,1.0,1,1.0,1,1.0,1,0.2690069306657863,35
1816,2,2936,1408,1528,0,0,0,1.0,1,1.0,1,1.0,1,0.24589254478278808,35
1817,0,2936,1408,1528,0,0,0,1.0,1,1.0,1,1.0,1,0.24589254478278808,35
1818,3,2939,1411,1528,0,0,0,1.0,1,1.0,1,1.0,1,0.23381678106513631,36
1819,4,2943,1413,1530,0,0,0,1.0,1,1.0,1,1.0,1,0.21114222102830082,37
1820,2,2945,1413,1532,0,0,0,1.0,1,1.0,1,1.0,1,0.1666971829239681,37
1821,1,2946,1414,1532,0,0,0,1.0,1,1.0,1,1.0,1,0.16931992087318065,38
1822,6,2952,1417,1535,0,0,0,1.0,1,1.0,1,1.0,1,0.18832354458471348,37
1823,3,2955,1420,1535,0,0,0,1.0,1,1.0,1,1.0,1,0.23745941506731708,36
1824,2,2957,1422,1535,0,0,0,1.0,1,1.0,1,1.0,1,0.25994422856213933,36
1825,2,2959,1423,1536,0,0,0,1.0,1,1.0,1,1.0,1,0.23111764646522698,34
1826,2,2961,1424,1537,0,0,0,1.0,1,1.0,1,1.0,1,0.1989655615759458,35
1827,1,2962,1425,1537,0,0,0,1.0,1,1.0,1,1.0,1,0.2087420118440538,34
1828,1,2963,1426,1537,0,0,0,1.0,1,1.0,1,1.0,1,0.20579682776495453,33
1829,1,2964,1427,1537,0,0,0,1.0,1,1.0,1,1.0,1,0.20069337481783014,31
1830,0,2964,1427,1537,0,0,0,1.0,1,1.0,1,1.0,1,0.20973885788001473,31
1831,1,2965,1428,1537,0,0,0,1.0,1,1.0,1,1.0,1,0.21359852147358088,30
1832,0,2965,1428,1537,0,0,0,1.0,1,1.0,1,1.0,1,0.21702448118268755,29
1833,3,2968,1431,1537,0,0,0,1.0,1,1.0,1,1.0,1,0.3497130371799688,28
1834,3,2971,1432,1539,0,0,0,1.0,1,1.0,1,1.0,1,0.26915429886007974,27
1835,4,2975,1435,1540,0,0,0,1.0,1,1.0,1,1.0,1,0.2990537943850739,26
1836,3,2978,1436,1542,0,0,0,1.0,1,1.0,1,1.0,1,0.24970711873328524,26
1837,2,2980,1437,1543,0,0,0,1.0,1,1.0,1,1.0,1,0.27370018240070865,25
1838,0,2980,1437,1543,0,0,0,1.0,1,1.0,1,1.0,1,0.25849999076123487,25
1839,0,2980,1437,1543,0,0,0,1.0,1,1.0,1,1.0,1,0.3115570588380837,24
1840,2,2982,1438,1544,0,0,0,1.0,1,1.0,1,1.0,1,0.38406970184520284,23
1841,1,2983,1438,1545,0,0,0,1.0,1,1.0,1,1.0,1,0.3152506985594259,22
1842,3,2986,1440,1546,0,0,0,1.0,1,1.0,1,1.0,1,0.33416519313215143,23
1843,0,2986,1440,1546,0,0,0,1.0,1,1.0,1,1.0,1,0.33416519313215143,23
1844,2,2988,1441,1547,0,0,0,1.0,1,1.0,1,1.0,1,0.3483840080345944,23
1845,2,2990,1443,1547,0,0,0,1.0,1,1.0,1,1.0,1,0.35642984410721534,23
1846,1,2991,1443,1548,0,0,0,1.0,1,1.0,1,1.0,1,0.3205402056162835,23
1847,0,2991,1443,1548,0,0,0,1.0,1,1.0,1,1.0,1,0.34013244100416207,24
1848,0,2991,1443,1548,0,0,0,1.0,1,1.0,1,1.0,1,0.34013244100416207,24
1849,0,2991,1443,1548,0,0,0,1.0,1,1.0,1,1.0,1,0.36353506136151226,25
1850,0,2991,1443,1548,0,0,0,1.0,1,1.0,1,1.0,1,0.36353506136151226,25
1851,0,2991,1443,1548,0,0,0,1.0,1,1.0,1,1.0,1,0.36353506136151226,25
1852,0,2991,1443,1548,0,0,0,1.0,1,1.0,1,1.0,1,0.36353506136151226,25
1853,0,2991,1443,1548,0,0,0,1.0,1,1.0,1,1.0,1,0.37560502227452686,25
1854,0,2991,1443,1548,0,0,0,1.0,1,1.0,1,1.0,1,0.37560502227452686,25
1855,1,2992,1443,1549,0,0,0,1.0,1,1.0,1,1.0,1,0.36696481313430507,26
1856,0,2992,1443,1549,0,0,0,1.0,1,1.0,1,1.0,1,0.3509013242499572,27
1857,0,2992,1443,1549,0,0,0,1.0,1,1.0,1,1.0,1,0.3449649006840657,28
1858,2,2994,1445,1549,0,0,0,1.0,1,1.0,1,1.0,1,0.3515000490928178,28
1859,3,2997,1447,1550,0,0,0,1.0,1,1.0,1,1.0,1,0.36992128587498874,28
1860,0,2997,1447,1550,0,0,0,1.0,1,1.0,1,1.0,1,0.36992128587498874,28
1861,1,2998,1447,1551,0,0,0,1.0,1,1.0,1,1.0,1,0.3544000884934076,28
1862,0,2998,1447,1551,0,0,0,1.0,1,1.0,1,1.0,1,0.3544000884934076,28
1863,1,2999,1448,1551,0,0,0,1.0,1,1.0,1,1.0,1,0.36803424891057074,29
1864,1,3000,1449,1551,0,0,0,1.0,1,1.0,1,1.0,1,0.3531507465853049,27
1865,2,3002,1450,1552,0,0,0,1.0,1,1.0,1,1.0,1,0.37502460746414534,26
1866,1,3003,1451,1552,0,0,0,1.0,1,1.0,1,1.0,1,0.4131382361450689,26
1867,0,3003,1451,1552,0,0,0,1.0,1,1.0,1,1.0,1,0.4131382361450689,26
1868,1,3004,1451,1553,0,0,0,1.0,1,1.0,1,1.0,1,0.36815677777152883,26
1869,0,3004,1451,1553,0,0,0,1.0,1,1.0,1,1.0,1,0.36815677777152883,26
1870,1,3005,1451,1554,0,0,0,1.0,1,1.0,1,1.0,1,0.3687372051695262,27
1871,1,3006,1452,1554,0,0,0,1.0,1,1.0,1,1.0,1,0.37556449371887085,27
1872,0,3006,1452,1554,0,0,0,1.0,1,1.0,1,1.0,1,0.36728561565154577,25
1873,1,3007,1452,1555,0,0,0,1.0,1,1.0,1,1.0,1,0.3080033584586235,25
1874,1,3008,1452,1556,0,0,0,1.0,1,1.0,1,1.0,1,0.3500557256094804,25
1875,1,3009,1452,1557,0,0,0,1.0,1,1.0,1,1.0,1,0.31984471142003645,25
1876,0,3009,1452,1557,0,0,0,1.0,1,1.0,1,1.0,1,0.3096370282848519,26
1877,0,3009,1452,1557,0,0,0,1.0,1,1.0,1,1.0,1,0.3218643676199325,27
1878,3,3012,1454,1558,0,0,0,1.0,1,1.0,1,1.0,1,0.2946967057473283,28
1879,1,3013,1454,1559,0,0,0,1.0,1,1.0,1,1.0,1,0.2496358794823406,29
1880,0,3013,1454,1559,0,0,0,1.0,1,1.0,1,1.0,1,0.2496358794823406,29
1881,0,3013,1454,1559,0,0,0,1.0,1,1.0,1,1.0,1,0.2496358794823406,29
1882,0,3013,1454,1559,0,0,0,1.0,1,1.0,1,1.0,1,0.23278146724852986,28
1883,0,3013,1454,1559,0,0,0,1.0,1,1.0,1,1.0,1,0.23278146724852986,28
1884,1,3014,1455,1559,0,0,0,1.0,1,1.0,1,1.0,1,0.2495929064142031,28
1885,0,3014,1455,1559,0,0,0,1.0,1,1.0,1,1.0,1,0.2495929064142031,28
1886,0,3014,1455,1559,0,0,0,1.0,1,1.0,1,1.0,1,0.24419212698263507,29
1887,0,3014,1455,1559,0,0,0,1.0,1,1.0,1,1.0,1,0.24419212698263507,29
1888,1,3015,1455,1560,0,0,0,1.0,1,1.0,1,1.0,1,0.26499042921761756,31
1889,0,3015,1455,1560,0,0,0,1.0,1,1.0,1,1.0,1,0.26499042921761756,31
1890,1,3016,1456,1560,0,0,0,1.0,1,1.0,1,1.0,1,0.28581776360157035,31
1891,0,3016,1456,1560,0,0,0,1.0,1,1.0,1,1.0,1,0.30279608173066547,32
1892,0,3016,1456,1560,0,0,0,1.0,1,1.0,1,1.0,1,0.30279608173066547,32
1893,0,3016,1456,1560,0,0,0,1.0,1,1.0,1,1.0,1,0.30279608173066547,32
1894,0,3016,1456,1560,0,0,0,1.0,1,1.0,1,1.0,1,0.2877097911149552,33
1895,3,3019,1457,1562,0,0,0,1.0,1,1.0,1,1.0,1,0.25718753203739075,35
1896,0,3019,1457,1562,0,0,0,1.0,1,1.0,1,1.0,1,0.2840292800124154,34
1897,0,3019,1457,1562,0,0,0,1.0,1,1.0,1,1.0,1,0.2840292800124154,34
1898,0,3019,1457,1562,0,0,0,1.0,1,1.0,1,1.0,1,0.2840292800124154,34
1899,0,3019,1457,1562,0,0,0,1.0,1,1.0,1,1.0,1,0.2840292800124154,34
1900,2,3021,1457,1564,0,0,0,1.0,1,1.0,1,1.0,1,0.23164922641637137,35
1901,1,3022,1457,1565,0,0,0,1.0,1,1.0,1,1.0,1,0.20129787923217762,35
1902,0,3022,1457,1565,0,0,0,1.0,1,1.0,1,1.0,1,0.20129787923217762,35
1903,0,3022,1457,1565,0,0,0,1.0,1,1.0,1,1.0,1,0.20129787923217762,35
1904,0,3022,1457,1565,0,0,0,1.0,1,1.0,1,1.0,1,0.20129787923217762,35
1905,0,3022,1457,1565,0,0,0,1.0,1,1.0,1,1.0,1,0.1905036489577589,37
1906,0,3022,1457,1565,0,0,0,1.0,1,1.0,1,1.0,1,0.1905036489577589,37
1907,1,3023,1457,1566,0,0,0,1.0,1,1.0,1,1.0,1,0.1729541033895153,39
1908,0,3023,1457,1566,0,0,0,1.0,1,1.0,1,1.0,1,0.1729541033895153,39
1909,0,3023,1457,1566,0,0,0,1.0,1,1.0,1,1.0,1,0.18988311030156005,41
1910,0,3023,1457,1566,0,0,0,1.0,1,1.0,1,1.0,1,0.18988311030156005,41
1911,0,3023,1457,1566,0,0,0,1.0,1,1.0,1,1.0,1,0.22491249290799262,40
1912,3,3026,1460,1566,0,0,0,1.0,1,1.0,1,1.0,1,0.25969040865556087,39
1913,4,3030,1462,1568,0,0,0,1.0,1,1.0,1,1.0,1,0.25320226193168915,40
1914,2,3032,1463,1569,0,0,0,1.0,1,1.0,1,1.0,1,0.24418008051903967,41
1915,4,3036,1464,1572,0,0,0,1.0,1,1.0,1,1.0,1,0.22537123065441986,42
1916,2,3038,1465,1573,0,0,0,1.0,1,1.0,1,1.0,1,0.21766942172471077,42
1917,1,3039,1466,1573,0,0,0,1.0,1,1.0,1,1.0,1,0.21982668633419422,41
1918,2,3041,1468,1573,0,0,0,1.0,1,1.0,1,1.0,1,0.23802541403328467,38
1919,1,3042,1469,1573,0,0,0,1.0,1,1.0,1,1.0,1,0.3072146727148595,38
1920,1,3043,1469,1574,0,0,0,1.0,1,1.0,1,1.0,1,0.317136459905187,38
1921,3,3046,1469,1577,0,0,0,1.0,1,1.0,1,1.0,1,0.2191839185336143,39
1922,0,3046,1469,1577,0,0,0,1.0,1,1.0,1,1.0,1,0.20702808615279347,40
1923,0,3046,1469,1577,0,0,0,1.0,1,1.0,1,1.0,1,0.20341814573063102,41
1924,4,3050,1472,1578,0,0,0,1.0,1,1.0,1,1.0,1,0.24326446830195514,41
1925,1,3051,1472,1579,0,0,0,1.0,1,1.0,1,1.0,1,0.22420766904426376,41
1926,0,3051,1472,1579,0,0,0,1.0,1,1.0,1,1.0,1,0.22420766904426376,41
1927,2,3053,1472,1581,0,0,0,1.0,1,1.0,1,1.0,1,0.1834109494050221,41
1928,2,3055,1474,1581,0,0,0,1.0,1,1.0,1,1.0,1,0.18713580321002815,42
1929,0,3055,1474,1581,0,0,0,1.0,1,1.0,1,1.0,1,0.1931513278240863,41
1930,0,3055,1474,1581,0,0,0,1.0,1,1.0,1,1.0,1,0.1931513278240863,41
1931,0,3055,1474,1581,0,0,0,1.0,1,1.0,1,1.0,1,0.1931513278240863,41
1932,0,3055,1474,1581,0,0,0,1.0,1,1.0,1,1.0,1,0.1931513278240863,41
1933,2,3057,1475,1582,0,0,0,1.0,1,1.0,1,1.0,1,0.2384488387062525,43
1934,0,3057,1475,1582,0,0,0,1.0,1,1.0,1,1.0,1,0.2509227533039603,44
1935,0,3057,1475,1582,0,0,0,1.0,1,1.0,1,1.0,1,0.2335579703767266,45
1936,2,3059,1475,1584,0,0,0,1.0,1,1.0,1,1.0,1,0.19164107568711033,48
1937,3,3062,1477,1585,0,0,0,1.0,1,1.0,1,1.0,1,0.20617033674902413,48
1938,0,3062,1477,1585,0,0,0,1.0,1,1.0,1,1.0,1,0.20617033674902413,48
1939,0,3062,1477,1585,0,0,0,1.0,1,1.0,1,1.0,1,0.20617033674902413,48
1940,0,3062,1477,1585,0,0,0,1.0,1,1.0,1,1.0,1,0.20617033674902413,48
1941,0,3062,1477,1585,0,0,0,1.0,1,1.0,1,1.0,1,0.20617033674902413,48
1942,2,3064,1478,1586,0,0,0,1.0,1,1.0,1,1.0,1,0.26020210805124466,49
1943,0,3064,1478,1586,0,0,0,1.0,1,1.0,1,1.0,1,0.2562757516403304,48
1944,5,3069,1481,1588,0,0,0,1.0,1,1.0,1,1.0,1,0.28476974577741077,47
1945,5,3074,1482,1592,0,0,0,1.0,1,1.0,1,1.0,1,0.24722559267024322,46
1946,4,3078,1483,1595,0,0,0,1.0,1,1.0,1,1.0,1,0.26866843170534666,46
1947,3,3081,1486,1595,0,0,0,1.0,1,1.0,1,1.0,1,0.37091258642234126,45
1948,4,3085,1486,1599,0,0,0,1.0,1,1.0,1,1.0,1,0.262757233332633,46
1949,1,3086,1487,1599,0,0,0,1.0,1,1.0,1,1.0,1,0.3061197388773956,42
1950,1,3087,1487,1600,0,0,0,1.0,1,1.0,1,1.0,1,0.27639928027820326,40
1951,1,3088,1488,1600,0,0,0,1.0,1,1.0,1,1.0,1,0.3314896015955963,39
1952,1,3089,1489,1600,0,0,0,1.0,1,1.0,1,1.0,1,0.36839562563809336,35
1953,4,3093,1492,1601,0,0,0,1.0,1,1.0,1,1.0,1,0.316050435433855,36
1954,4,3097,1493,1604,0,0,0,1.0,1,1.0,1,1.0,1,0.3147755515068585,34
1955,0,3097,1493,1604,0,0,0,1.0,1,1.0,1,1.0,1,0.3257974761373517,35
1956,3,3100,1495,1605,0,0,0,1.0,1,1.0,1,1.0,1,0.34193682325405,37
1957,3,3103,1495,1608,0,0,0,1.0,1,1.0,1,1.0,1,0.29777263321105857,37
1958,0,3103,1495,1608,0,0,0,1.0,1,1.0,1,1.0,1,0.294438747649887,39
1959,1,3104,1495,1609,0,0,0,1.0,1,1.0,1,1.0,1,0.2785012980821461,41
1960,4,3108,1496,1612,0,0,0,1.0,1,1.0,1,1.0,1,0.2627997872918397,40
1961,1,3109,1497,1612,0,0,0,1.0,1,1.0,1,1.0,1,0.25262407945847193,41
1962,1,3110,1497,1613,0,0,0,1.0,1,1.0,1,1.0,1,0.2688809090313076,40
1963,1,3111,1497,1614,0,0,0,1.0,1,1.0,1,1.0,1,0.2726473457189694,41
1964,1,3112,1498,1614,0,0,0,1.0,1,1.0,1,1.0,1,0.2824013478001986,40
1965,1,3113,1498,1615,0,0,0,1.0,1,1.0,1,1.0,1,0.24856968484942496,41
1966,0,3113,1498,1615,0,0,0,1.0,1,1.0,1,1.0,1,0.24856968484942496,41
1967,3,3116,1500,1616,0,0,0,1.0,1,1.0,1,1.0,1,0.2666596637717612,42
1968,0,3116,1500,1616,0,0,0,1.0,1,1.0,1,1.0,1,0.28009021834407166,42
1969,2,3118,1501,1617,0,0,0,1.0,1,1.0,1,1.0,1,0.25429578913014106,43
1970,0,3118,1501,1617,0,0,0,1.0,1,1.0,1,1.0,1,0.27807764646555716,42
1971,0,3118,1501,1617,0,0,0,1.0,1,1.0,1,1.0,1,0.27807764646555716,42
1972,0,3118,1501,1617,0,0,0,1.0,1,1.0,1,1.0,1,0.27807764646555716,42
1973,1,3119,1501,1618,0,0,0,1.0,1,1.0,1,1.0,1,0.27103729214700867,43
1974,0,3119,1501,1618,0,0,0,1.0,1,1.0,1,1.0,1,0.2777007949984853,43
1975,2,3121,1501,1620,0,0,0,1.0,1,1.0,1,1.0,1,0.25864510131622986,43
1976,1,3122,1502,1620,0,0,0,1.0,1,1.0,1,1.0,1,0.25418484246582673,43
1977,3,3125,1502,1623,0,0,0,1.0,1,1.0,1,1.0,1,0.2608701728253961,48
1978,2,3127,1504,1623,0,0,0,1.0,1,1.0,1,1.0,1,0.28263035648149215,48
1979,2,3129,1504,1625,0,0,0,1.0,1,1.0,1,1.0,1,0.27389619794564757,49
1980,2,3131,1504,1627,0,0,0,1.0,1,1.0,1,1.0,1,0.25306665116147936,50
1981,2,3133,1505,1628,0,0,0,1.0,1,1.0,1,1.0,1,0.23660107502924332,50
1982,3,3136,1507,1629,0,0,0,1.0,1,1.0,1,1.0,1,0.22281685683447564,50
1983,3,3139,1508,1631,0,0,0,1.0,1,1.0,1,1.0,1,0.19410973726840317,49
1984,2,3141,1510,1631,0,0,0,1.0,1,1.0,1,1.0,1,0.1970718390836703,48
1985,0,3141,1510,1631,0,0,0,1.0,1,1.0,1,1.0,1,0.1838487769148002,46
1986,1,3142,1510,1632,0,0,0,1.0,1,1.0,1,1.0,1,0.1754779832916185,46
1987,2,3144,1511,1633,0,0,0,1.0,1,1.0,1,1.0,1,0.17163146151801553,42
1988,1,3145,1511,1634,0,0,0,1.0,1,1.0,1,1.0,1,0.1831911496147196,40
1989,5,3150,1516,1634,0,0,0,1.0,1,1.0,1,1.0,1,0.2068899736803793,38
1990,1,3151,1516,1635,0,0,0,1.0,1,1.0,1,1.0,1,0.185930642673805,38
1991,2,3153,1517,1636,0,0,0,1.0,1,1.0,1,1.0,1,0.22076975074886038,38
1992,0,3153,1517,1636,0,0,0,1.0,1,1.0,1,1.0,1,0.2390678407139624,39
1993,1,3154,1518,1636,0,0,0,1.0,1,1.0,1,1.0,1,0.300818205849425,38
1994,1,3155,1519,1636,0,0,0,1.0,1,1.0,1,1.0,1,0.28125643397500344,37
1995,2,3157,1520,1637,0,0,0,1.0,1,1.0,1,1.0,1,0.29922875454675585,37
1996,2,3159,1520,1639,0,0,0,1.0,1,1.0,1,1.0,1,0.2403034700359526,37
1997,1,3160,1521,1639,0,0,0,1.0,1,1.0,1,1.0,1,0.2993364022667045,35
1998,1,3161,1522,1639,0,0,0,1.0,1,1.0,1,1.0,1,0.3321734138298332,34
1999,3,3164,1524,1640,0,0,0,1.0,1,1.0,1,1.0,1,0.30180577978725376,35
2000,0,3164,1524,1640,0,0,0,1.0,1,1.0,1,1.0,1,0.32531968006474465,34
2001,1,3165,1524,1641,0,0,0,1.0,1,1.0,1,1.0,1,0.3408720707421911,35
2002,4,3169,1524,1645,0,0,0,1.0,1,1.0,1,1.0,1,0.25242657636287186,36
2003,0,3169,1524,1645,0,0,0,1.0,1,1.0,1,1.0,1,0.2660527879617344,37
2004,5,3174,1526,1648,0,0,0,1.0,1,1.0,1,1.0,1,0.21737506756891808,38
2005,1,3175,1527,1648,0,0,0,1.0,1,1.0,1,1.0,1,0.20651098842239954,38
2006,0,3175,1527,1648,0,0,0,1.0,1,1.0,1,1.0,1,0.20651098842239954,38
2007,1,3176,1528,1648,0,0,0,1.0,1,1.0,1,1.0,1,0.2123827997944184,40
2008,2,3178,1529,1649,0,0,0,1.0,1,1.0,1,1.0,1,0.19406531257294268,40
2009,2,3180,1531,1649,0,0,0,1.0,1,1.0,1,1.0,1,0.20757711784761193,41
2010,0,3180,1531,1649,0,0,0,1.0,1,1.0,1,1.0,1,0.20757711784761193,41
2011,0,3180,1531,1649,0,0,0,1.0,1,1.0,1,1.0,1,0.20757711784761193,41
2012,0,3180,1531,1649,0,0,0,1.0,1,1.0,1,1.0,1,0.20757711784761193,41
2013,1,3181,1531,1650,0,0,0,1.0,1,1.0,1,1.0,1,0.22319622996488472,43
2014,1,3182,1531,1651,0,0,0,1.0,1,1.0,1,1.0,1,0.23646689980764385,43
2015,1,3183,1531,1652,0,0,0,1.0,1,1.0,1,1.0,1,0.21850916845803237,43
2016,1,3184,1532,1652,0,0,0,1.0,1,1.0,1,1.0,1,0.2381057520136633,44
2017,1,3185,1532,1653,0,0,0,1.0,1,1.0,1,1.0,1,0.21949831821225127,45
2018,3,3188,1534,1654,0,0,0,1.0,1,1.0,1,1.0,1,0.21319167347963658,46
2019,0,3188,1534,1654,0,0,0,1.0,1,1.0,1,1.0,1,0.19449798569418825,47
2020,1,3189,1534,1655,0,0,0,1.0,1,1.0,1,1.0,1,0.1885265945945036,47
2021,1,3190,1535,1655,0,0,0,1.0,1,1.0,1,1.0,1,0.1906140141879575,47
2022,1,3191,1535,1656,0,0,0,1.0,1,1.0,1,1.0,1,0.19120682302971034,48
2023,2,3193,1537,1656,0,0,0,1.0,1,1.0,1,1.0,1,0.19636441217991654,48
2024,3,3196,1540,1656,0,0,0,1.0,1,1.0,1,1.0,1,0.21827914256522385,45
2025,3,3199,1542,1657,0,0,0,1.0,1,1.0,1,1.0,1,0.26816345673153863,42
2026,3,3202,1543,1659,0,0,0,1.0,1,1.0,1,1.0,1,0.23890832642701204,44
2027,2,3204,1545,1659,0,0,0,1.0,1,1.0,1,1.0,1,0.27506446579180166,40
2028,2,3206,1546,1660,0,0,0,1.0,1,1.0,1,1.0,1,0.32491039456945553,39
2029,2,3208,1546,1662,0,0,0,1.0,1,1.0,1,1.0,1,0.3075480504763296,37
2030,1,3209,1547,1662,0,0,0,1.0,1,1.0,1,1.0,1,0.37535032087093484,34
2031,4,3213,1549,1664,0,0,0,1.0,1,1.0,1,1.0,1,0.33426566724448153,35
2032,3,3216,1550,1666,0,0,0,1.0,1,1.0,1,1.0,1,0.3248958867028998,34
2033,6,3222,1553,1669,0,0,0,1.0,1,1.0,1,1.0,1,0.26232108651065106,36
2034,0,3222,1553,1669,0,0,0,1.0,1,1.0,1,1.0,1,0.26959546659605654,34
2035,1,3223,1554,1669,0,0,0,1.0,1,1.0,1,1.0,1,0.2803509932709121,35
2036,2,3225,1555,1670,0,0,0,1.0,1,1.0,1,1.0,1,0.25693333882056674,34
2037,1,3226,1555,1671,0,0,0,1.0,1,1.0,1,1.0,1,0.23692280723851353,35
2038,1,3227,1555,1672,0,0,0,1.0,1,1.0,1,1.0,1,0.22515114751846618,36
2039,2,3229,1556,1673,0,0,0,1.0,1,1.0,1,1.0,1,0.20623449385182674,38
2040,0,3229,1556,1673,0,0,0,1.0,1,1.0,1,1.0,1,0.20623449385182674,38
2041,0,3229,1556,1673,0,0,0,1.0,1,1.0,1,1.0,1,0.21287603328510943,39
2042,0,3229,1556,1673,0,0,0,1.0,1,1.0,1,1.0,1,0.21287603328510943,39
2043,0,3229,1556,1673,0,0,0,1.0,1,1.0,1,1.0,1,0.21287603328510943,39
2044,0,3229,1556,1673,0,0,0,1.0,1,1.0,1,1.0,1,0.21287603328510943,39
2045,1,3230,1556,1674,0,0,0,1.0,1,1.0,1,1.0,1,0.19689141277971733,41
2046,0,3230,1556,1674,0,0,0,1.0,1,1.0,1,1.0,1,0.21774027441354357,42
2047,1,3231,1556,1675,0,0,0,1.0,1,1.0,1,1.0,1,0.20121387898935372,42
2048,3,3234,1557,1677,0,0,0,1.0,1,1.0,1,1.0,1,0.18494641239076823,43
2049,1,3235,1558,1677,0,0,0,1.0,1,1.0,1,1.0,1,0.23274334501984745,44
2050,5,3240,1558,1682,0,0,0,1.0,1,1.0,1,1.0,1,0.1376110503723643,44
2051,2,3242,1559,1683,0,0,0,1.0,1,1.0,1,1.0,1,0.16888198396034848,45
2052,0,3242,1559,1683,0,0,0,1.0,1,1.0,1,1.0,1,0.16888198396034848,45
2053,2,3244,1559,1685,0,0,0,1.0,1,1.0,1,1.0,1,0.13708154697422306,45
2054,1,3245,1560,1685,0,0,0,1.0,1,1.0,1,1.0,1,0.1547306483914352,46
2055,0,3245,1560,1685,0,0,0,1.0,1,1.0,1,1.0,1,0.1547306483914352,46
2056,1,3246,1560,1686,0,0,0,1.0,1,1.0,1,1.0,1,0.15051307294788574,46
2057,3,3249,1563,1686,0,0,0,1.0,1,1.0,1,1.0,1,0.1456518055100052,47
2058,2,3251,1565,1686,0,0,0,1.0,1,1.0,1,1.0,1,0.20190277803626372,47
2059,3,3254,1566,1688,0,0,0,1.0,1,1.0,1,1.0,1,0.15121685245584976,48
2060,1,3255,1567,1688,0,0,0,1.0,1,1.0,1,1.0,1,0.1833893942698785,50
2061,1,3256,1567,1689,0,0,0,1.0,1,1.0,1,1.0,1,0.1542769090774275,51
2062,3,3259,1569,1690,0,0,0,1.0,1,1.0,1,1.0,1,0.17278376569993226,49
2063,3,3262,1572,1690,0,0,0,1.0,1,1.0,1,1.0,1,0.1827712827509948,48
2064,1,3263,1573,1690,0,0,0,1.0,1,1.0,1,1.0,1,0.2125807476463515,45
2065,2,3265,1575,1690,0,0,0,1.0,1,1.0,1,1.0,1,0.2220041999521751,44
2066,2,3267,1576,1691,0,0,0,1.0,1,1.0,1,1.0,1,0.25524348958358956,42
2067,2,3269,1577,1692,0,0,0,1.0,1,1.0,1,1.0,1,0.24652682543897214,41
2068,2,3271,1577,1694,0,0,0,1.0,1,1.0,1,1.0,1,0.1813011588754687,40
2069,0,3271,1577,1694,0,0,0,1.0,1,1.0,1,1.0,1,0.18142669587542157,40
2070,1,3272,1577,1695,0,0,0,1.0,1,1.0,1,1.0,1,0.167691004430557,40
2071,1,3273,1578,1695,0,0,0,1.0,1,1.0,1,1.0,1,0.17833751740182693,40
2072,2,3275,1578,1697,0,0,0,1.0,1,1.0,1,1.0,1,0.17495975473397735,41
2073,2,3277,1580,1697,0,0,0,1.0,1,1.0,1,1.0,1,0.21239907912752085,41
2074,1,3278,1580,1698,0,0,0,1.0,1,1.0,1,1.0,1,0.18591733961741222,41
2075,2,3280,1581,1699,0,0,0,1.0,1,1.0,1,1.0,1,0.17432879193512385,41
2076,5,3285,1584,1701,0,0,0,1.0,1,1.0,1,1.0,1,0.1860351904802189,41
2077,0,3285,1584,1701,0,0,0,1.0,1,1.0,1,1.0,1,0.17973055320821274,40
2078,0,3285,1584,1701,0,0,0,1.0,1,1.0,1,1.0,1,0.17973055320821274,40
2079,1,3286,1584,1702,0,0,0,1.0,1,1.0,1,1.0,1,0.1377803862418901,39
2080,0,3286,1584,1702,0,0,0,1.0,1,1.0,1,1.0,1,0.16430865364311203,38
2081,0,3286,1584,1702,0,0,0,1.0,1,1.0,1,1.0,1,0.17162143891340464,40
2082,1,3287,1585,1702,0,0,0,1.0,1,1.0,1,1.0,1,0.23639453266129015,41
2083,4,3291,1587,1704,0,0,0,1.0,1,1.0,1,1.0,1,0.18338170439569343,40
2084,4,3295,1590,1705,0,0,0,1.0,1,1.0,1,1.0,1,0.19381638967954237,42
2085,0,3295,1590,1705,0,0,0,1.0,1,1.0,1,1.0,1,0.19381638967954237,42
2086,1,3296,1591,1705,0,0,0,1.0,1,1.0,1,1.0,1,0.17081212052925482,43
2087,2,3298,1592,1706,0,0,0,1.0,1,1.0,1,1.0,1,0.17860977714776355,45
2088,3,3301,1594,1707,0,0,0,1.0,1,1.0,1,1.0,1,0.22403898787627066,46
2089,1,3302,1594,1708,0,0,0,1.0,1,1.0,1,1.0,1,0.1987216969671666,47
2090,1,3303,1594,1709,0,0,0,1.0,1,1.0,1,1.0,1,0.20489202210683616,49
2091,0,3303,1594,1709,0,0,0,1.0,1,1.0,1,1.0,1,0.20489202210683616,49
2092,2,3305,1594,1711,0,0,0,1.0,1,1.0,1,1.0,1,0.1888963386022162,49
2093,2,3307,1595,1712,0,0,0,1.0,1,1.0,1,1.0,1,0.18619356290300695,49
2094,0,3307,1595,1712,0,0,0,1.0,1,1.0,1,1.0,1,0.18619356290300695,49
2095,1,3308,1595,1713,0,0,0,1.0,1,1.0,1,1.0,1,0.14793750453123272,49
2096,1,3309,1595,1714,0,0,0,1.0,1,1.0,1,1.0,1,0.14112398312707156,51
2097,0,3309,1595,1714,0,0,0,1.0,1,1.0,1,1.0,1,0.14112398312707156,51
2098,2,3311,1596,1715,0,0,0,1.0,1,1.0,1,1.0,1,0.14556162997940716,52
2099,0,3311,1596,1715,0,0,0,1.0,1,1.0,1,1.0,1,0.17244259871499132,51
2100,2,3313,1598,1715,0,0,0,1.0,1,1.0,1,1.0,1,0.19710562630694725,51
2101,5,3318,1598,1720,0,0,0,1.0,1,1.0,1,1.0,1,0.17149556831199944,48
2102,2,3320,1600,1720,0,0,0,1.0,1,1.0,1,1.0,1,0.2249055865126657,49
2103,4,3324,1603,1721,0,0,0,1.0,1,1.0,1,1.0,1,0.28742046031908713,48
2104,5,3329,1603,1726,0,0,0,1.0,1,1.0,1,1.0,1,0.23539134951859822,43
2105,0,3329,1603,1726,0,0,0,1.0,1,1.0,1,1.0,1,0.2599510804855851,42
2106,2,3331,1604,1727,0,0,0,1.0,1,1.0,1,1.0,1,0.25453703720740656,40
2107,0,3331,1604,1727,0,0,0,1.0,1,1.0,1,1.0,1,0.2579487485610013,39
2108,2,3333,1606,1727,0,0,0,1.0,1,1.0,1,1.0,1,0.24974829025746131,38
2109,1,3334,1607,1727,0,0,0,1.0,1,1.0,1,1.0,1,0.24844869051818125,37
2110,2,3336,1609,1727,0,0,0,1.0,1,1.0,1,1.0,1,0.2943314025458835,38
2111,1,3337,1610,1727,0,0,0,1.0,1,1.0,1,1.0,1,0.31616718868654126,37
2112,3,3340,1612,1728,0,0,0,1.0,1,1.0,1,1.0,1,0.3388680580038867,36
2113,2,3342,1613,1729,0,0,0,1.0,1,1.0,1,1.0,1,0.3991360250892634,36
2114,1,3343,1613,1730,0,0,0,1.0,1,1.0,1,1.0,1,0.3653648409244668,36
2115,0,3343,1613,1730,0,0,0,1.0,1,1.0,1,1.0,1,0.35162981848764796,35
2116,1,3344,1613,1731,0,0,0,1.0,1,1.0,1,1.0,1,0.324385574025164,37
2117,1,3345,1613,1732,0,0,0,1.0,1,1.0,1,1.0,1,0.27087326007700846,38
2118,0,3345,1613,1732,0,0,0,1.0,1,1.0,1,1.0,1,0.2731585709682857,40
2119,1,3346,1614,1732,0,0,0,1.0,1,1.0,1,1.0,1,0.26273737975261174,40
2120,1,3347,1615,1732,0,0,0,1.0,1,1.0,1,1.0,1,0.305467224013915,41
2121,1,3348,1615,1733,0,0,0,1.0,1,1.0,1,1.0,1,0.28889535672906735,41
2122,1,3349,1616,1733,0,0,0,1.0,1,1.0,1,1.0,1,0.2928886902423232,42
2123,1,3350,1616,1734,0,0,0,1.0,1,1.0,1,1.0,1,0.27798748146559865,43
2124,0,3350,1616,1734,0,0,0,1.0,1,1.0,1,1.0,1,0.30398277726339,41
2125,3,3353,1616,1737,0,0,0,1.0,1,1.0,1,1.0,1,0.2615920636643408,41
2126,0,3353,1616,1737,0,0,0,1.0,1,1.0,1,1.0,1,0.2880291521018045,40
2127,0,3353,1616,1737,0,0,0,1.0,1,1.0,1,1.0,1,0.2880291521018045,40
2128,0,3353,1616,1737,0,0,0,1.0,1,1.0,1,1.0,1,0.3004531289401961,41
2129,0,3353,1616,1737,0,0,0,1.0,1,1.0,1,1.0,1,0.2987989625925992,42
2130,1,3354,1616,1738,0,0,0,1.0,1,1.0,1,1.0,1,0.3063813469203243,45
2131,1,3355,1616,1739,0,0,0,1.0,1,1.0,1,1.0,1,0.2847341338238666,45
2132,1,3356,1616,1740,0,0,0,1.0,1,1.0,1,1.0,1,0.2715417843213779,46
2133,3,3359,1617,1742,0,0,0,1.0,1,1.0,1,1.0,1,0.2637547366173604,46
2134,3,3362,1617,1745,0,0,0,1.0,1,1.0,1,1.0,1,0.2406217881391295,47
2135,4,3366,1618,1748,0,0,0,1.0,1,1.0,1,1.0,1,0.17835701661562128,47
2136,1,3367,1618,1749,0,0,0,1.0,1,1.0,1,1.0,1,0.16877397685791298,47
2137,1,3368,1619,1749,0,0,0,1.0,1,1.0,1,1.0,1,0.19169022991613535,49
2138,1,3369,1620,1749,0,0,0,1.0,1,1.0,1,1.0,1,0.18551811792463238,49
2139,2,3371,1621,1750,0,0,0,1.0,1,1.0,1,1.0,1,0.15018908431779698,47
2140,3,3374,1623,1751,0,0,0,1.0,1,1.0,1,1.0,1,0.1640999068678112,48
2141,1,3375,1624,1751,0,0,0,1.0,1,1.0,1,1.0,1,0.1784925573640211,47
2142,0,3375,1624,1751,0,0,0,1.0,1,1.0,1,1.0,1,0.1784925573640211,47
2143,2,3377,1625,1752,0,0,0,1.0,1,1.0,1,1.0,1,0.16350550767734434,48
2144,1,3378,1626,1752,0,0,0,1.0,1,1.0,1,1.0,1,0.2066578520297805,48
2145,4,3382,1629,1753,0,0,0,1.0,1,1.0,1,1.0,1,0.17360792878380826,46
2146,3,3385,1631,1754,0,0,0,1.0,1,1.0,1,1.0,1,0.17187804176072977,47
2147,2,3387,1633,1754,0,0,0,1.0,1,1.0,1,1.0,1,0.14403273388516774,48
2148,2,3389,1634,1755,0,0,0,1.0,1,1.0,1,1.0,1,0.13186024951802644,46
2149,2,3391,1636,1755,0,0,0,1.0,1,1.0,1,1.0,1,0.16268334521317535,46
2150,4,3395,1639,1756,0,0,0,1.0,1,1.0,1,1.0,1,0.22952238152252785,46
2151,3,3398,1640,1758,0,0,0,1.0,1,1.0,1,1.0,1,0.2488614987950722,44
2152,4,3402,1641,1761,0,0,0,1.0,1,1.0,1,1.0,1,0.2527722314949425,45
2153,2,3404,1642,1762,0,0,0,1.0,1,1.0,1,1.0,1,0.25990023351476044,48
2154,1,3405,1642,1763,0,0,0,1.0,1,1.0,1,1.0,1,0.2795164996179566,47
2155,4,3409,1644,1765,0,0,0,1.0,1,1.0,1,1.0,1,0.2850826604357414,48
2156,0,3409,1644,1765,0,0,0,1.0,1,1.0,1,1.0,1,0.3038111444287279,45
2157,0,3409,1644,1765,0,0,0,1.0,1,1.0,1,1.0,1,0.31717126898506626,43
2158,3,3412,1645,1767,0,0,0,1.0,1,1.0,1,1.0,1,0.278794651381729,43
2159,3,3415,1647,1768,0,0,0,1.0,1,1.0,1,1.0,1,0.3104045697934448,43
2160,3,3418,1647,1771,0,0,0,1.0,1,1.0,1,1.0,1,0.24486228546091812,41
2161,5,3423,1647,1776,0,0,0,1.0,1,1.0,1,1.0,1,0.14466938094376325,41
2162,1,3424,1648,1776,0,0,0,1.0,1,1.0,1,1.0,1,0.14237998975482136,42
2163,2,3426,1649,1777,0,0,0,1.0,1,1.0,1,1.0,1,0.15267540595582763,43
2164,2,3428,1651,1777,0,0,0,1.0,1,1.0,1,1.0,1,0.22921748226503275,44
2165,0,3428,1651,1777,0,0,0,1.0,1,1.0,1,1.0,1,0.22921748226503275,44
2166,0,3428,1651,1777,0,0,0,1.0,1,1.0,1,1.0,1,0.22386310270164847,46
2167,6,3434,1652,1782,0,0,0,1.0,1,1.0,1,1.0,1,0.15941933206925143,46
2168,0,3434,1652,1782,0,0,0,1.0,1,1.0,1,1.0,1,0.1487482049580343,45
2169,3,3437,1653,1784,0,0,0,1.0,1,1.0,1,1.0,1,0.12351732230424153,49
2170,0,3437,1653,1784,0,0,0,1.0,1,1.0,1,1.0,1,0.12351732230424153,49
2171,2,3439,1654,1785,0,0,0,1.0,1,1.0,1,1.0,1,0.14205522235555082,51
2172,2,3441,1655,1786,0,0,0,1.0,1,1.0,1,1.0,1,0.0950819726715964,52
2173,1,3442,1656,1786,0,0,0,1.0,1,1.0,1,1.0,1,0.12574287846684976,52
2174,1,3443,1656,1787,0,0,0,1.0,1,1.0,1,1.0,1,0.09924138705634832,52
2175,0,3443,1656,1787,0,0,0,1.0,1,1.0,1,1.0,1,0.1102639092674273,53
2176,2,3445,1657,1788,0,0,0,1.0,1,1.0,1,1.0,1,0.11220211198808015,54
2177,3,3448,1659,1789,0,0,0,1.0,1,1.0,1,1.0,1,0.1597552826497647,55
2178,2,3450,1660,1790,0,0,0,1.0,1,1.0,1,1.0,1,0.14748422688689788,54
2179,1,3451,1661,1790,0,0,0,1.0,1,1.0,1,1.0,1,0.1653276641590098,52
2180,3,3454,1663,1791,0,0,0,1.0,1,1.0,1,1.0,1,0.16335964724929947,51
2181,0,3454,1663,1791,0,0,0,1.0,1,1.0,1,1.0,1,0.14365170652242437,49
2182,4,3458,1666,1792,0,0,0,1.0,1,1.0,1,1.0,1,0.2202083312157727,49
2183,4,3462,1669,1793,0,0,0,1.0,1,1.0,1,1.0,1,0.2490477518925508,46
2184,4,3466,1671,1795,0,0,0,1.0,1,1.0,1,1.0,1,0.2659211021994127,45
2185,4,3470,1671,1799,0,0,0,1.0,1,1.0,1,1.0,1,0.20541858382392042,44
2186,2,3472,1673,1799,0,0,0,1.0,1,1.0,1,1.0,1,0.1840915779970714,42
2187,3,3475,1676,1799,0,0,0,1.0,1,1.0,1,1.0,1,0.25442767914109465,40
2188,4,3479,1679,1800,0,0,0,1.0,1,1.0,1,1.0,1,0.24851597921087187,38
2189,2,3481,1680,1801,0,0,0,1.0,1,1.0,1,1.0,1,0.23455257644688293,36
2190,2,3483,1682,1801,0,0,0,1.0,1,1.0,1,1.0,1,0.2847750272380978,34
2191,5,3488,1684,1804,0,0,0,1.0,1,1.0,1,1.0,1,0.1759300471392703,34
2192,3,3491,1686,1805,0,0,0,1.0,1,1.0,1,1.0,1,0.18839731438406335,33
2193,0,3491,1686,1805,0,0,0,1.0,1,1.0,1,1.0,1,0.20654426497865494,32
2194,2,3493,1687,1806,0,0,0,1.0,1,1.0,1,1.0,1,0.1678274295056959,32
2195,0,3493,1687,1806,0,0,0,1.0,1,1.0,1,1.0,1,0.18987231939606308,31
2196,2,3495,1688,1807,0,0,0,1.0,1,1.0,1,1.0,1,0.19053496385116925,32
2197,1,3496,1688,1808,0,0,0,1.0,1,1.0,1,1.0,1,0.16915206485130746,31
2198,0,3496,1688,1808,0,0,0,1.0,1,1.0,1,1.0,1,0.16915206485130746,31
2199,1,3497,1689,1808,0,0,0,1.0,1,1.0,1,1.0,1,0.15383612134035585,32
2200,1,3498,1689,1809,0,0,0,1.0,1,1.0,1,1.0,1,0.186859717623335,35
2201,0,3498,1689,1809,0,0,0,1.0,1,1.0,1,1.0,1,0.18075564385047613,36
2202,2,3500,1691,1809,0,0,0,1.0,1,1.0,1,1.0,1,0.16289556887434734,36
2203,0,3500,1691,1809,0,0,0,1.0,1,1.0,1,1.0,1,0.17226377139188812,37
2204,1,3501,1692,1809,0,0,0,1.0,1,1.0,1,1.0,1,0.22499479550262214,36
2205,0,3501,1692,1809,0,0,0,1.0,1,1.0,1,1.0,1,0.23120176610965248,37
2206,3,3504,1694,1810,0,0,0,1.0,1,1.0,1,1.0,1,0.27437983160677704,35
2207,4,3508,1695,1813,0,0,0,1.0,1,1.0,1,1.0,1,0.26302146360472023,37
2208,0,3508,1695,1813,0,0,0,1.0,1,1.0,1,1.0,1,0.25095045644913044,36
2209,2,3510,1696,1814,0,0,0,1.0,1,1.0,1,1.0,1,0.25118898305960163,35
2210,1,3511,1696,1815,0,0,0,1.0,1,1.0,1,1.0,1,0.2427141921504769,38
2211,0,3511,1696,1815,0,0,0,1.0,1,1.0,1,1.0,1,0.26480029576043157,37
2212,1,3512,1696,1816,0,0,0,1.0,1,1.0,1,1.0,1,0.2498767140867538,38
2213,1,3513,1697,1816,0,0,0,1.0,1,1.0,1,1.0,1,0.24464349088874837,38
2214,1,3514,1697,1817,0,0,0,1.0,1,1.0,1,1.0,1,0.22626479447603548,39
2215,1,3515,1698,1817,0,0,0,1.0,1,1.0,1,1.0,1,0.22265546494629984,39
2216,1,3516,1699,1817,0,0,0,1.0,1,1.0,1,1.0,1,0.25184569197115636,39
2217,2,3518,1700,1818,0,0,0,1.0,1,1.0,1,1.0,1,0.18161810315679217,38
2218,2,3520,1702,1818,0,0,0,1.0,1,1.0,1,1.0,1,0.18555416002204325,37
2219,1,3521,1703,1818,0,0,0,1.0,1,1.0,1,1.0,1,0.2099694795982786,36
2220,1,3522,1703,1819,0,0,0,1.0,1,1.0,1,1.0,1,0.2172925058296559,34
2221,2,3524,1705,1819,0,0,0,1.0,1,1.0,1,1.0,1,0.24076085591299137,35
2222,1,3525,1705,1820,0,0,0,1.0,1,1.0,1,1.0,1,0.21789300149799423,33
2223,3,3528,1707,1821,0,0,0,1.0,1,1.0,1,1.0,1,0.2056623917746249,34
2224,1,3529,1708,1821,0,0,0,1.0,1,1.0,1,1.0,1,0.16084246164319974,32
2225,4,3533,1711,1822,0,0,0,1.0,1,1.0,1,1.0,1,0.21789386568406652,33
2226,2,3535,1713,1822,0,0,0,1.0,1,1.0,1,1.0,1,0.2961795286107377,32
2227,1,3536,1713,1823,0,0,0,1.0,1,1.0,1,1.0,1,0.20023411014768017,31
2228,2,3538,1714,1824,0,0,0,1.0,1,1.0,1,1.0,1,0.16682190454669263,32
2229,0,3538,1714,1824,0,0,0,1.0,1,1.0,1,1.0,1,0.16682190454669263,32
2230,0,3538,1714,1824,0,0,0,1.0,1,1.0,1,1.0,1,0.19408679353419378,31
2231,1,3539,1714,1825,0,0,0,1.0,1,1.0,1,1.0,1,0.15578894432721163,32
2232,0,3539,1714,1825,0,0,0,1.0,1,1.0,1,1.0,1,0.16778129882795578,32
2233,1,3540,1714,1826,0,0,0,1.0,1,1.0,1,1.0,1,0.17337733256493373,31
2234,1,3541,1715,1826,0,0,0,1.0,1,1.0,1,1.0,1,0.24152003571509711,32
2235,0,3541,1715,1826,0,0,0,1.0,1,1.0,1,1.0,1,0.2833739722156678,31
2236,2,3543,1716,1827,0,0,0,1.0,1,1.0,1,1.0,1,0.28727105116282875,31
2237,1,3544,1717,1827,0,0,0,1.0,1,1.0,1,1.0,1,0.3354994452673264,31
2238,4,3548,1718,1830,0,0,0,1.0,1,1.0,1,1.0,1,0.31222710943618187,31
2239,1,3549,1718,1831,0,0,0,1.0,1,1.0,1,1.0,1,0.2717269655106834,31
2240,3,3552,1720,1832,0,0,0,1.0,1,1.0,1,1.0,1,0.2517526779235766,32
2241,1,3553,1721,1832,0,0,0,1.0,1,1.0,1,1.0,1,0.2738657644015098,32
2242,3,3556,1723,1833,0,0,0,1.0,1,1.0,1,1.0,1,0.22789892296191408,34
2243,0,3556,1723,1833,0,0,0,1.0,1,1.0,1,1.0,1,0.22789892296191408,34
2244,2,3558,1723,1835,0,0,0,1.0,1,1.0,1,1.0,1,0.1824562217098564,36
2245,0,3558,1723,1835,0,0,0,1.0,1,1.0,1,1.0,1,0.1824562217098564,36
2246,1,3559,1723,1836,0,0,0,1.0,1,1.0,1,1.0,1,0.1907245486604187,39
2247,0,3559,1723,1836,0,0,0,1.0,1,1.0,1,1.0,1,0.19421326932006355,40
2248,0,3559,1723,1836,0,0,0,1.0,1,1.0,1,1.0,1,0.19421326932006355,40
2249,0,3559,1723,1836,0,0,0,1.0,1,1.0,1,1.0,1,0.19070059136761755,41
2250,0,3559,1723,1836,0,0,0,1.0,1,1.0,1,1.0,1,0.19070059136761755,41
2251,0,3559,1723,1836,0,0,0,1.0,1,1.0,1,1.0,1,0.21006688047303837,42
2252,3,3562,1724,1838,0,0,0,1.0,1,1.0,1,1.0,1,0.22070183791259,41
2253,0,3562,1724,1838,0,0,0,1.0,1,1.0,1,1.0,1,0.20728317394299842,40
2254,1,3563,1725,1838,0,0,0,1.0,1,1.0,1,1.0,1,0.253654477648793,39
2255,0,3563,1725,1838,0,0,0,1.0,1,1.0,1,1.0,1,0.2529930402986359,39
2256,4,3567,1729,1838,0,0,0,1.0,1,1.0,1,1.0,1,0.29743508952928616,40
2257,5,3572,1731,1841,0,0,0,1.0,1,1.0,1,1.0,1,0.273298395190024,40
2258,1,3573,1732,1841,0,0,0,1.0,1,1.0,1,1.0,1,0.2518086404509193,39
2259,3,3576,1734,1842,0,0,0,1.0,1,1.0,1,1.0,1,0.22296015172246886,41
2260,1,3577,1735,1842,0,0,0,1.0,1,1.0,1,1.0,1,0.21084814519751954,38
2261,1,3578,1736,1842,0,0,0,1.0,1,1.0,1,1.0,1,0.21658641652285712,38
2262,2,3580,1738,1842,0,0,0,1.0,1,1.0,1,1.0,1,0.2895296669226676,36
2263,6,3586,1742,1844,0,0,0,1.0,1,1.0,1,1.0,1,0.2958518959469421,35
2264,2,3588,1744,1844,0,0,0,1.0,1,1.0,1,1.0,1,0.3225131565398043,33
2265,1,3589,1744,1845,0,0,0,1.0,1,1.0,1,1.0,1,0.272331451408917,33
2266,2,3591,1745,1846,0,0,0,1.0,1,1.0,1,1.0,1,0.22522202960753582,33
2267,4,3595,1748,1847,0,0,0,1.0,1,1.0,1,1.0,1,0.2354513086623656,33
2268,6,3601,1750,1851,0,0,0,1.0,1,1.0,1,1.0,1,0.11813287994320934,35
2269,2,3603,1752,1851,0,0,0,1.0,1,1.0,1,1.0,1,0.2050696331788634,36
2270,1,3604,1752,1852,0,0,0,1.0,1,1.0,1,1.0,1,0.1633861348660449,34
2271,6,3610,1757,1853,0,0,0,1.0,1,1.0,1,1.0,1,0.2718647708972224,34
2272,4,3614,1759,1855,0,0,0,1.0,1,1.0,1,1.0,1,0.1748094832577056,33
2273,0,3614,1759,1855,0,0,0,1.0,1,1.0,1,1.0,1,0.16730083513618513,32
2274,0,3614,1759,1855,0,0,0,1.0,1,1.0,1,1.0,1,0.16730083513618513,32
2275,2,3616,1760,1856,0,0,0,1.0,1,1.0,1,1.0,1,0.17042043241990878,32
2276,0,3616,1760,1856,0,0,0,1.0,1,1.0,1,1.0,1,0.20647769856681455,31
2277,1,3617,1761,1856,0,0,0,1.0,1,1.0,1,1.0,1,0.204009012444661,30
2278,3,3620,1763,1857,0,0,0,1.0,1,1.0,1,1.0,1,0.18867124518781686,33
2279,0,3620,1763,1857,0,0,0,1.0,1,1.0,1,1.0,1,0.18867124518781686,33
2280,2,3622,1763,1859,0,0,0,1.0,1,1.0,1,1.0,1,0.2004801987126206,35
2281,0,3622,1763,1859,0,0,0,1.0,1,1.0,1,1.0,1,0.2156810958844487,36
2282,0,3622,1763,1859,0,0,0,1.0,1,1.0,1,1.0,1,0.2156810958844487,36
2283,1,3623,1764,1859,0,0,0,1.0,1,1.0,1,1.0,1,0.20502940768004183,36
2284,1,3624,1765,1859,0,0,0,1.0,1,1.0,1,1.0,1,0.24332543581920335,36
2285,0,3624,1765,1859,0,0,0,1.0,1,1.0,1,1.0,1,0.23040400153737065,37
2286,2,3626,1766,1860,0,0,0,1.0,1,1.0,1,1.0,1,0.24964654014463072,38
2287,3,3629,1766,1863,0,0,0,1.0,1,1.0,1,1.0,1,0.16941065514087586,38
2288,2,3631,1768,1863,0,0,0,1.0,1,1.0,1,1.0,1,0.25692311937520423,40
2289,1,3632,1768,1864,0,0,0,1.0,1,1.0,1,1.0,1,0.2552933122148365,40
2290,3,3635,1769,1866,0,0,0,1.0,1,1.0,1,1.0,1,0.26188336575920446,39
2291,1,3636,1770,1866,0,0,0,1.0,1,1.0,1,1.0,1,0.2426254282333049,37
2292,1,3637,1771,1866,0,0,0,1.0,1,1.0,1,1.0,1,0.282150411116078,35
2293,1,3638,1772,1866,0,0,0,1.0,1,1.0,1,1.0,1,0.32447874532152643,35
2294,2,3640,1773,1867,0,0,0,1.0,1,1.0,1,1.0,1,0.3012133563393656,35
2295,0,3640,1773,1867,0,0,0,1.0,1,1.0,1,1.0,1,0.308792238965543,36
2296,0,3640,1773,1867,0,0,0,1.0,1,1.0,1,1.0,1,0.27249071949364484,34
2297,0,3640,1773,1867,0,0,0,1.0,1,1.0,1,1.0,1,0.29403536287024246,35
2298,1,3641,1774,1867,0,0,0,1.0,1,1.0,1,1.0,1,0.3470728493772291,34
2299,4,3645,1776,1869,0,0,0,1.0,1,1.0,1,1.0,1,0.3134836182677599,35
2300,0,3645,1776,1869,0,0,0,1.0,1,1.0,1,1.0,1,0.3134836182677599,35
2301,0,3645,1776,1869,0,0,0,1.0,1,1.0,1,1.0,1,0.3134836182677599,35
2302,4,3649,1779,1870,0,0,0,1.0,1,1.0,1,1.0,1,0.36971431594285875,37
2303,0,3649,1779,1870,0,0,0,1.0,1,1.0,1,1.0,1,0.33234019041122814,35
2304,4,3653,1781,1872,0,0,0,1.0,1,1.0,1,1.0,1,0.39924841205121236,36
2305,1,3654,1781,1873,0,0,0,1.0,1,1.0,1,1.0,1,0.3393256653899881,34
2306,0,3654,1781,1873,0,0,0,1.0,1,1.0,1,1.0,1,0.3556437864159402,35
2307,3,3657,1781,1876,0,0,0,1.0,1,1.0,1,1.0,1,0.3068531787166344,35
2308,0,3657,1781,1876,0,0,0,1.0,1,1.0,1,1.0,1,0.3068531787166344,35
2309,0,3657,1781,1876,0,0,0,1.0,1,1.0,1,1.0,1,0.3185014986341235,34
2310,0,3657,1781,1876,0,0,0,1.0,1,1.0,1,1.0,1,0.3253621479729013,36
2311,1,3658,1781,1877,0,0,0,1.0,1,1.0,1,1.0,1,0.31799343450402207,38
2312,4,3662,1783,1879,0,0,0,1.0,1,1.0,1,1.0,1,0.3270552442906867,39
2313,2,3664,1785,1879,0,0,0,1.0,1,1.0,1,1.0,1,0.2926099646260864,39
2314,1,3665,1785,1880,0,0,0,1.0,1,1.0,1,1.0,1,0.28377653121190133,39
2315,7,3672,1787,1885,0,0,0,1.0,1,1.0,1,1.0,1,0.21147548328978724,40
2316,2,3674,1787,1887,0,0,0,1.0,1,1.0,1,1.0,1,0.1700460550235963,40
2317,1,3675,1788,1887,0,0,0,1.0,1,1.0,1,1.0,1,0.21835340881377674,41
2318,1,3676,1789,1887,0,0,0,1.0,1,1.0,1,1.0,1,0.22292127451219362,41
2319,1,3677,1789,1888,0,0,0,1.0,1,1.0,1,1.0,1,0.20470427782953574,41
2320,0,3677,1789,1888,0,0,0,1.0,1,1.0,1,1.0,1,0.225419604005447,42
2321,0,3677,1789,1888,0,0,0,1.0,1,1.0,1,1.0,1,0.21059859948494683,43
2322,1,3678,1790,1888,0,0,0,1.0,1,1.0,1,1.0,1,0.2452515807417607,42
2323,2,3680,1790,1890,0,0,0,1.0,1,1.0,1,1.0,1,0.22812452557591006,43
2324,3,3683,1791,1892,0,0,0,1.0,1,1.0,1,1.0,1,0.22819257368366477,44
2325,1,3684,1791,1893,0,0,0,1.0,1,1.0,1,1.0,1,0.20894559902097143,44
2326,0,3684,1791,1893,0,0,0,1.0,1,1.0,1,1.0,1,0.20525613925004454,45
2327,0,3684,1791,1893,0,0,0,1.0,1,1.0,1,1.0,1,0.20525613925004454,45
2328,1,3685,1791,1894,0,0,0,1.0,1,1.0,1,1.0,1,0.1966244711464654,46
2329,2,3687,1792,1895,0,0,0,1.0,1,1.0,1,1.0,1,0.20199423209177236,45
2330,0,3687,1792,1895,0,0,0,1.0,1,1.0,1,1.0,1,0.1915912004844512,47
2331,1,3688,1792,1896,0,0,0,1.0,1,1.0,1,1.0,1,0.19088375610772215,48
2332,1,3689,1792,1897,0,0,0,1.0,1,1.0,1,1.0,1,0.16713203959609116,48
2333,1,3690,1793,1897,0,0,0,1.0,1,1.0,1,1.0,1,0.20528178233741373,49
2334,1,3691,1794,1897,0,0,0,1.0,1,1.0,1,1.0,1,0.24087284434440806,47
2335,2,3693,1795,1898,0,0,0,1.0,1,1.0,1,1.0,1,0.27241880451454725,46
2336,4,3697,1795,1902,0,0,0,1.0,1,1.0,1,1.0,1,0.23853675989723316,46
2337,0,3697,1795,1902,0,0,0,1.0,1,1.0,1,1.0,1,0.2259353722391919,45
2338,2,3699,1796,1903,0,0,0,1.0,1,1.0,1,1.0,1,0.19622456380534833,44
2339,1,3700,1797,1903,0,0,0,1.0,1,1.0,1,1.0,1,0.18225594814237958,45
2340,1,3701,1798,1903,0,0,0,1.0,1,1.0,1,1.0,1,0.20024821613150964,44
2341,1,3702,1798,1904,0,0,0,1.0,1,1.0,1,1.0,1,0.19487926374313325,45
2342,2,3704,1800,1904,0,0,0,1.0,1,1.0,1,1.0,1,0.18417515318795835,47
2343,2,3706,1801,1905,0,0,0,1.0,1,1.0,1,1.0,1,0.16930523539353803,46
2344,0,3706,1801,1905,0,0,0,1.0,1,1.0,1,1.0,1,0.19892415416189804,46
2345,0,3706,1801,1905,0,0,0,1.0,1,1.0,1,1.0,1,0.21411362370994522,45
2346,0,3706,1801,1905,0,0,0,1.0,1,1.0,1,1.0,1,0.20062315865952082,46
2347,0,3706,1801,1905,0,0,0,1.0,1,1.0,1,1.0,1,0.21048220192048256,47
2348,3,3709,1802,1907,0,0,0,1.0,1,1.0,1,1.0,1,0.19371829038380659,49
2349,1,3710,1803,1907,0,0,0,1.0,1,1.0,1,1.0,1,0.22011054173658462,49
2350,1,3711,1804,1907,0,0,0,1.0,1,1.0,1,1.0,1,0.23642990102954609,50
2351,2,3713,1805,1908,0,0,0,1.0,1,1.0,1,1.0,1,0.24045138448079445,50
2352,1,3714,1805,1909,0,0,0,1.0,1,1.0,1,1.0,1,0.2336384678512106,51
2353,2,3716,1805,1911,0,0,0,1.0,1,1.0,1,1.0,1,0.19203351323478374,51
2354,0,3716,1805,1911,0,0,0,1.0,1,1.0,1,1.0,1,0.2095068060131968,51
2355,2,3718,1806,1912,0,0,0,1.0,1,1.0,1,1.0,1,0.23599549227944178,50
2356,1,3719,1807,1912,0,0,0,1.0,1,1.0,1,1.0,1,0.21551049536360328,50
2357,0,3719,1807,1912,0,0,0,1.0,1,1.0,1,1.0,1,0.22633938594453043,49
2358,2,3721,1807,1914,0,0,0,1.0,1,1.0,1,1.0,1,0.198906653797396,51
2359,2,3723,1807,1916,0,0,0,1.0,1,1.0,1,1.0,1,0.16069688543759086,51
2360,0,3723,1807,1916,0,0,0,1.0,1,1.0,1,1.0,1,0.16069688543759086,51
2361,2,3725,1808,1917,0,0,0,1.0,1,1.0,1,1.0,1,0.18924978979219564,52
2362,2,3727,1809,1918,0,0,0,1.0,1,1.0,1,1.0,1,0.1865802616866254,53
2363,2,3729,1810,1919,0,0,0,1.0,1,1.0,1,1.0,1,0.19185726016887292,54
2364,1,3730,1811,1919,0,0,0,1.0,1,1.0,1,1.0,1,0.18832023627401492,55
2365,3,3733,1814,1919,0,0,0,1.0,1,1.0,1,1.0,1,0.231533442122614,53
2366,4,3737,1816,1921,0,0,0,1.0,1,1.0,1,1.0,1,0.19858115914491262,53
2367,2,3739,1818,1921,0,0,0,1.0,1,1.0,1,1.0,1,0.2256324141357238,51
2368,6,3745,1821,1924,0,0,0,1.0,1,1.0,1,1.0,1,0.18391923005078784,50
2369,2,3747,1822,1925,0,0,0,1.0,1,1.0,1,1.0,1,0.1928715478607574,47
2370,0,3747,1822,1925,0,0,0,1.0,1,1.0,1,1.0,1,0.2233508472253932,48
2371,1,3748,1822,1926,0,0,0,1.0,1,1.0,1,1.0,1,0.2169512447692361,49
2372,1,3749,1822,1927,0,0,0,1.0,1,1.0,1,1.0,1,0.1966829670443763,48
2373,1,3750,1823,1927,0,0,0,1.0,1,1.0,1,1.0,1,0.20611772510894283,49
2374,1,3751,1823,1928,0,0,0,1.0,1,1.0,1,1.0,1,0.19286138460044797,50
2375,3,3754,1826,1928,0,0,0,1.0,1,1.0,1,1.0,1,0.2303502166253821,50
2376,0,3754,1826,1928,0,0,0,1.0,1,1.0,1,1.0,1,0.22991714349408776,50
2377,0,3754,1826,1928,0,0,0,1.0,1,1.0,1,1.0,1,0.23094804286000403,49
2378,0,3754,1826,1928,0,0,0,1.0,1,1.0,1,1.0,1,0.23094804286000403,49
2379,1,3755,1827,1928,0,0,0,1.0,1,1.0,1,1.0,1,0.26819618685164626,50
2380,1,3756,1828,1928,0,0,0,1.0,1,1.0,1,1.0,1,0.28688769656643104,50
2381,1,3757,1829,1928,0,0,0,1.0,1,1.0,1,1.0,1,0.3140527022327047,51
2382,2,3759,1830,1929,0,0,0,1.0,1,1.0,1,1.0,1,0.31829285926374223,51
2383,7,3766,1831,1935,0,0,0,1.0,1,1.0,1,1.0,1,0.24536669140284398,52
2384,0,3766,1831,1935,0,0,0,1.0,1,1.0,1,1.0,1,0.22988564322947724,52
2385,2,3768,1833,1935,0,0,0,1.0,1,1.0,1,1.0,1,0.24642111547477102,51
2386,3,3771,1834,1937,0,0,0,1.0,1,1.0,1,1.0,1,0.24680944401695668,52
2387,1,3772,1835,1937,0,0,0,1.0,1,1.0,1,1.0,1,0.2634235544978726,49
2388,1,3773,1836,1937,0,0,0,1.0,1,1.0,1,1.0,1,0.2666657423107136,48
2389,3,3776,1838,1938,0,0,0,1.0,1,1.0,1,1.0,1,0.27358382504057505,48
2390,3,3779,1839,1940,0,0,0,1.0,1,1.0,1,1.0,1,0.24966811525477983,49
2391,2,3781,1840,1941,0,0,0,1.0,1,1.0,1,1.0,1,0.23384485923751958,48
2392,3,3784,1843,1941,0,0,0,1.0,1,1.0,1,1.0,1,0.22557453754572251,49
2393,2,3786,1844,1942,0,0,0,1.0,1,1.0,1,1.0,1,0.2296487801309321,50
2394,4,3790,1848,1942,0,0,0,1.0,1,1.0,1,1.0,1,0.2715282609352218,50
2395,4,3794,1850,1944,0,0,0,1.0,1,1.0,1,1.0,1,0.24033435243817508,49
2396,2,3796,1850,1946,0,0,0,1.0,1,1.0,1,1.0,1,0.2309179549098961,50
2397,1,3797,1851,1946,0,0,0,1.0,1,1.0,1,1.0,1,0.23687033540906735,51
2398,5,3802,1854,1948,0,0,0,1.0,1,1.0,1,1.0,1,0.2161888021837689,49
2399,1,3803,1854,1949,0,0,0,1.0,1,1.0,1,1.0,1,0.1987011316740304,50
2400,0,3803,1854,1949,0,0,0,1.0,1,1.0,1,1.0,1,0.21098917773949702,51
2401,0,3803,1854,1949,0,0,0,1.0,1,1.0,1,1.0,1,0.2166306167679235,50
2402,0,3803,1854,1949,0,0,0,1.0,1,1.0,1,1.0,1,0.21275586536706093,51
2403,0,3803,1854,1949,0,0,0,1.0,1,1.0,1,1.0,1,0.21240479430013146,52
2404,1,3804,1854,1950,0,0,0,1.0,1,1.0,1,1.0,1,0.20541332141412175,53
2405,0,3804,1854,1950,0,0,0,1.0,1,1.0,1,1.0,1,0.20749254353750649,52
2406,1,3805,1855,1950,0,0,0,1.0,1,1.0,1,1.0,1,0.22061076239645588,52
2407,0,3805,1855,1950,0,0,0,1.0,1,1.0,1,1.0,1,0.2509444021902952,51
2408,1,3806,1856,1950,0,0,0,1.0,1,1.0,1,1.0,1,0.2652617083371288,50
2409,0,3806,1856,1950,0,0,0,1.0,1,1.0,1,1.0,1,0.27640992473019493,50
2410,2,3808,1858,1950,0,0,0,1.0,1,1.0,1,1.0,1,0.3196052391289072,49
2411,3,3811,1858,1953,0,0,0,1.0,1,1.0,1,1.0,1,0.29266393278382746,48
2412,0,3811,1858,1953,0,0,0,1.0,1,1.0,1,1.0,1,0.31043219343973344,47
2413,3,3814,1858,1956,0,0,0,1.0,1,1.0,1,1.0,1,0.2692253728831982,47
2414,2,3816,1859,1957,0,0,0,1.0,1,1.0,1,1.0,1,0.3073714202586801,47
2415,0,3816,1859,1957,0,0,0,1.0,1,1.0,1,1.0,1,0.3165850614857596,46
2416,2,3818,1859,1959,0,0,0,1.0,1,1.0,1,1.0,1,0.28083918296249716,47
2417,1,3819,1859,1960,0,0,0,1.0,1,1.0,1,1.0,1,0.2775216662785979,46
2418,3,3822,1860,1962,0,0,0,1.0,1,1.0,1,1.0,1,0.2713239976852251,48
2419,2,3824,1861,1963,0,0,0,1.0,1,1.0,1,1.0,1,0.2527726201556024,47
2420,2,3826,1862,1964,0,0,0,1.0,1,1.0,1,1.0,1,0.2277747835737706,49
2421,1,3827,1863,1964,0,0,0,1.0,1,1.0,1,1.0,1,0.2281937504177672,50
2422,3,3830,1865,1965,0,0,0,1.0,1,1.0,1,1.0,1,0.20090163948686063,50
2423,1,3831,1865,1966,0,0,0,1.0,1,1.0,1,1.0,1,0.1928289759260452,51
2424,2,3833,1867,1966,0,0,0,1.0,1,1.0,1,1.0,1,0.17523316047557416,50
2425,2,3835,1867,1968,0,0,0,1.0,1,1.0,1,1.0,1,0.15846208505605477,48
2426,4,3839,1870,1969,0,0,0,1.0,1,1.0,1,1.0,1,0.20411201728125883,51
2427,2,3841,1872,1969,0,0,0,1.0,1,1.0,1,1.0,1,0.22467906640977484,50
2428,2,3843,1873,1970,0,0,0,1.0,1,1.0,1,1.0,1,0.1804358362648972,49
2429,2,3845,1875,1970,0,0,0,1.0,1,1.0,1,1.0,1,0.24188298271020325,49
2430,0,3845,1875,1970,0,0,0,1.0,1,1.0,1,1.0,1,0.23813494161571333,46
2431,2,3847,1875,1972,0,0,0,1.0,1,1.0,1,1.0,1,0.2186149577030549,45
2432,2,3849,1876,1973,0,0,0,1.0,1,1.0,1,1.0,1,0.2671694717075872,44
2433,0,3849,1876,1973,0,0,0,1.0,1,1.0,1,1.0,1,0.24325906269703873,45
2434,2,3851,1877,1974,0,0,0,1.0,1,1.0,1,1.0,1,0.24555855229202045,44
2435,0,3851,1877,1974,0,0,0,1.0,1,1.0,1,1.0,1,0.24555855229202045,44
2436,1,3852,1877,1975,0,0,0,1.0,1,1.0,1,1.0,1,0.20217404844716058,44
2437,2,3854,1878,1976,0,0,0,1.0,1,1.0,1,1.0,1,0.1891808510028208,45
2438,1,3855,1879,1976,0,0,0,1.0,1,1.0,1,1.0,1,0.22741523169720299,45
2439,2,3857,1879,1978,0,0,0,1.0,1,1.0,1,1.0,1,0.2116027322523647,46
2440,1,3858,1879,1979,0,0,0,1.0,1,1.0,1,1.0,1,0.2070864901163063,45
2441,3,3861,1881,1980,0,0,0,1.0,1,1.0,1,1.0,1,0.2102355828405652,45
2442,0,3861,1881,1980,0,0,0,1.0,1,1.0,1,1.0,1,0.21046263839292234,46
2443,4,3865,1881,1984,0,0,0,1.0,1,1.0,1,1.0,1,0.2090636291260849,45
2444,5,3870,1885,1985,0,0,0,1.0,1,1.0,1,1.0,1,0.30778487646221603,46
2445,1,3871,1885,1986,0,0,0,1.0,1,1.0,1,1.0,1,0.3478009805224098,44
2446,3,3874,1887,1987,0,0,0,1.0,1,1.0,1,1.0,1,0.3352344464706272,44
2447,2,3876,1888,1988,0,0,0,1.0,1,1.0,1,1.0,1,0.2919130590853384,42
2448,4,3880,1891,1989,0,0,0,1.0,1,1.0,1,1.0,1,0.2705862409240912,41
2449,1,3881,1892,1989,0,0,0,1.0,1,1.0,1,1.0,1,0.2660305663419762,40
2450,5,3886,1896,1990,0,0,0,1.0,1,1.0,1,1.0,1,0.2739901905094029,42
2451,0,3886,1896,1990,0,0,0,1.0,1,1.0,1,1.0,1,0.2687923030901694,43
2452,2,3888,1896,1992,0,0,0,1.0,1,1.0,1,1.0,1,0.21206993916810105,43
2453,0,3888,1896,1992,0,0,0,1.0,1,1.0,1,1.0,1,0.22646382512747604,45
2454,2,3890,1898,1992,0,0,0,1.0,1,1.0,1,1.0,1,0.2610540571448862,47
2455,1,3891,1898,1993,0,0,0,1.0,1,1.0,1,1.0,1,0.24726801417078156,48
2456,1,3892,1899,1993,0,0,0,1.0,1,1.0,1,1.0,1,0.27329653077208116,49
2457,2,3894,1900,1994,0,0,0,1.0,1,1.0,1,1.0,1,0.3282406269194771,48
2458,2,3896,1900,1996,0,0,0,1.0,1,1.0,1,1.0,1,0.26792485154707985,49
2459,2,3898,1900,1998,0,0,0,1.0,1,1.0,1,1.0,1,0.253214187760003,49
2460,2,3900,1902,1998,0,0,0,1.0,1,1.0,1,1.0,1,0.2817043999534592,50
2461,1,3901,1902,1999,0,0,0,1.0,1,1.0,1,1.0,1,0.27212006007399653,50
2462,3,3904,1904,2000,0,0,0,1.0,1,1.0,1,1.0,1,0.31398596543321533,51
2463,2,3906,1904,2002,0,0,0,1.0,1,1.0,1,1.0,1,0.2780208051268493,51
2464,2,3908,1905,2003,0,0,0,1.0,1,1.0,1,1.0,1,0.25341549838218913,50
2465,0,3908,1905,2003,0,0,0,1.0,1,1.0,1,1.0,1,0.2574661498797066,49
2466,1,3909,1906,2003,0,0,0,1.0,1,1.0,1,1.0,1,0.2527639790102068,49
2467,0,3909,1906,2003,0,0,0,1.0,1,1.0,1,1.0,1,0.2687316492503204,48
2468,3,3912,1909,2003,0,0,0,1.0,1,1.0,1,1.0,1,0.28999390252550544,47
2469,1,3913,1910,2003,0,0,0,1.0,1,1.0,1,1.0,1,0.27162734883766454,46
2470,5,3918,1911,2007,0,0,0,1.0,1,1.0,1,1.0,1,0.21735755844341872,44
2471,1,3919,1912,2007,0,0,0,1.0,1,1.0,1,1.0,1,0.23061393262924265,44
2472,2,3921,1912,2009,0,0,0,1.0,1,1.0,1,1.0,1,0.23835461133180405,44
2473,5,3926,1914,2012,0,0,0,1.0,1,1.0,1,1.0,1,0.2058333751845888,43
2474,2,3928,1916,2012,0,0,0,1.0,1,1.0,1,1.0,1,0.24967680193897712,44
2475,3,3931,1918,2013,0,0,0,1.0,1,1.0,1,1.0,1,0.21002530720145113,46
2476,1,3932,1918,2014,0,0,0,1.0,1,1.0,1,1.0,1,0.17327998484548068,46
2477,0,3932,1918,2014,0,0,0,1.0,1,1.0,1,1.0,1,0.17327998484548068,46
2478,0,3932,1918,2014,0,0,0,1.0,1,1.0,1,1.0,1,0.17327998484548068,46
2479,0,3932,1918,2014,0,0,0,1.0,1,1.0,1,1.0,1,0.17327998484548068,46
2480,2,3934,1919,2015,0,0,0,1.0,1,1.0,1,1.0,1,0.173441224960011,47
2481,2,3936,1921,2015,0,0,0,1.0,1,1.0,1,1.0,1,0.1898686209455153,47
2482,2,3938,1922,2016,0,0,0,1.0,1,1.0,1,1.0,1,0.20882863953460853,45
2483,0,3938,1922,2016,0,0,0,1.0,1,1.0,1,1.0,1,0.21237811600555478,45
2484,2,3940,1923,2017,0,0,0,1.0,1,1.0,1,1.0,1,0.23186605188642506,46
2485,1,3941,1924,2017,0,0,0,1.0,1,1.0,1,1.0,1,0.2295840346823748,44
2486,1,3942,1924,2018,0,0,0,1.0,1,1.0,1,1.0,1,0.19006076552206716,43
2487,2,3944,1925,2019,0,0,0,1.0,1,1.0,1,1.0,1,0.20120538802468715,44
2488,2,3946,1926,2020,0,0,0,1.0,1,1.0,1,1.0,1,0.17510371479363324,45
2489,0,3946,1926,2020,0,0,0,1.0,1,1.0,1,1.0,1,0.19066575209335127,44
2490,1,3947,1927,2020,0,0,0,1.0,1,1.0,1,1.0,1,0.2177538160078672,44
2491,2,3949,1928,2021,0,0,0,1.0,1,1.0,1,1.0,1,0.19968516682087933,44
2492,2,3951,1930,2021,0,0,0,1.0,1,1.0,1,1.0,1,0.23402958972621257,44
2493,1,3952,1931,2021,0,0,0,1.0,1,1.0,1,1.0,1,0.2793982453973476,42
2494,1,3953,1931,2022,0,0,0,1.0,1,1.0,1,1.0,1,0.24782585990373626,42
2495,2,3955,1931,2024,0,0,0,1.0,1,1.0,1,1.0,1,0.20163831727777637,42
2496,1,3956,1932,2024,0,0,0,1.0,1,1.0,1,1.0,1,0.22078029761895937,42
2497,2,3958,1933,2025,0,0,0,1.0,1,1.0,1,1.0,1,0.2307103322589234,44
2498,0,3958,1933,2025,0,0,0,1.0,1,1.0,1,1.0,1,0.249390483399548,43
2499,1,3959,1934,2025,0,0,0,1.0,1,1.0,1,1.0,1,0.21844090888571865,43
2500,2,3961,1936,2025,0,0,0,1.0,1,1.0,1,1.0,1,0.22971809285860248,44
2501,2,3963,1936,2027,0,0,0,1.0,1,1.0,1,1.0,1,0.20762644030770724,46
2502,1,3964,1937,2027,0,0,0,1.0,1,1.0,1,1.0,1,0.20449220145762873,47
2503,2,3966,1938,2028,0,0,0,1.0,1,1.0,1,1.0,1,0.21879954694388348,47
2504,3,3969,1939,2030,0,0,0,1.0,1,1.0,1,1.0,1,0.22274769048073526,46
2505,3,3972,1942,2030,0,0,0,1.0,1,1.0,1,1.0,1,0.22876373976352515,46
2506,3,3975,1944,2031,0,0,0,1.0,1,1.0,1,1.0,1,0.22097473872409726,45
2507,1,3976,1945,2031,0,0,0,1.0,1,1.0,1,1.0,1,0.2508431544195033,45
2508,3,3979,1946,2033,0,0,0,1.0,1,1.0,1,1.0,1,0.23333848232273666,46
2509,2,3981,1946,2035,0,0,0,1.0,1,1.0,1,1.0,1,0.20197319576839123,45
2510,3,3984,1948,2036,0,0,0,1.0,1,1.0,1,1.0,1,0.22293538751127615,46
2511,0,3984,1948,2036,0,0,0,1.0,1,1.0,1,1.0,1,0.21116301734616225,47
2512,2,3986,1949,2037,0,0,0,1.0,1,1.0,1,1.0,1,0.2092601228325189,47
2513,2,3988,1950,2038,0,0,0,1.0,1,1.0,1,1.0,1,0.18542889033734053,48
2514,1,3989,1950,2039,0,0,0,1.0,1,1.0,1,1.0,1,0.16137772877917447,48
2515,0,3989,1950,2039,0,0,0,1.0,1,1.0,1,1.0,1,0.16896117262804503,49
2516,1,3990,1951,2039,0,0,0,1.0,1,1.0,1,1.0,1,0.19029732139805705,49
2517,2,3992,1952,2040,0,0,0,1.0,1,1.0,1,1.0,1,0.17511339854308045,49
2518,3,3995,1955,2040,0,0,0,1.0,1,1.0,1,1.0,1,0.2223874126713702,48
2519,1,3996,1956,2040,0,0,0,1.0,1,1.0,1,1.0,1,0.2493708349101511,48
2520,3,3999,1957,2042,0,0,0,1.0,1,1.0,1,1.0,1,0.2716854808586992,46
2521,3,4002,1959,2043,0,0,0,1.0,1,1.0,1,1.0,1,0.2822319763653267,47
2522,1,4003,1960,2043,0,0,0,1.0,1,1.0,1,1.0,1,0.3176495166925401,45
2523,1,4004,1960,2044,0,0,0,1.0,1,1.0,1,1.0,1,0.30886219289819017,44
2524,1,4005,1960,2045,0,0,0,1.0,1,1.0,1,1.0,1,0.29861913289897113,42
2525,2,4007,1961,2046,0,0,0,1.0,1,1.0,1,1.0,1,0.3265580413293967,42
2526,0,4007,1961,2046,0,0,0,1.0,1,1.0,1,1.0,1,0.3213928654851821,41
2527,2,4009,1961,2048,0,0,0,1.0,1,1.0,1,1.0,1,0.29322645738637987,41
2528,1,4010,1961,2049,0,0,0,1.0,1,1.0,1,1.0,1,0.31201141874975946,41
2529,2,4012,1962,2050,0,0,0,1.0,1,1.0,1,1.0,1,0.3199304114470484,42
2530,1,4013,1962,2051,0,0,0,1.0,1,1.0,1,1.0,1,0.3077604472507462,41
2531,0,4013,1962,2051,0,0,0,1.0,1,1.0,1,1.0,1,0.3077604472507462,41
2532,2,4015,1962,2053,0,0,0,1.0,1,1.0,1,1.0,1,0.2750341543601144,43
2533,0,4015,1962,2053,0,0,0,1.0,1,1.0,1,1.0,1,0.2750341543601144,43
2534,0,4015,1962,2053,0,0,0,1.0,1,1.0,1,1.0,1,0.2750341543601144,43
2535,1,4016,1963,2053,0,0,0,1.0,1,1.0,1,1.0,1,0.30272313001545087,44
2536,1,4017,1963,2054,0,0,0,1.0,1,1.0,1,1.0,1,0.2774792849693279,44
2537,0,4017,1963,2054,0,0,0,1.0,1,1.0,1,1.0,1,0.2903830248183624,45
2538,1,4018,1963,2055,0,0,0,1.0,1,1.0,1,1.0,1,0.2735260350979093,48
2539,2,4020,1965,2055,0,0,0,1.0,1,1.0,1,1.0,1,0.24870127297426836,48
2540,3,4023,1966,2057,0,0,0,1.0,1,1.0,1,1.0,1,0.2307668199445991,50
2541,1,4024,1967,2057,0,0,0,1.0,1,1.0,1,1.0,1,0.24442876697593652,52
2542,4,4028,1969,2059,0,0,0,1.0,1,1.0,1,1.0,1,0.24637382752146617,52
2543,4,4032,1972,2060,0,0,0,1.0,1,1.0,1,1.0,1,0.25880688832439974,51
2544,6,4038,1977,2061,0,0,0,1.0,1,1.0,1,1.0,1,0.294196433204088,51
2545,3,4041,1977,2064,0,0,0,1.0,1,1.0,1,1.0,1,0.23953368134402303,50
2546,3,4044,1979,2065,0,0,0,1.0,1,1.0,1,1.0,1,0.24839841268707596,50
2547,0,4044,1979,2065,0,0,0,1.0,1,1.0,1,1.0,1,0.2707748526928172,47
2548,1,4045,1980,2065,0,0,0,1.0,1,1.0,1,1.0,1,0.2707933882780758,46
2549,4,4049,1982,2067,0,0,0,1.0,1,1.0,1,1.0,1,0.27211235200039596,46
2550,3,4052,1984,2068,0,0,0,1.0,1,1.0,1,1.0,1,0.2594663610324255,44
2551,2,4054,1985,2069,0,0,0,1.0,1,1.0,1,1.0,1,0.24108549279499303,43
2552,1,4055,1985,2070,0,0,0,1.0,1,1.0,1,1.0,1,0.2617425114086742,43
2553,0,4055,1985,2070,0,0,0,1.0,1,1.0,1,1.0,1,0.26459697570751173,44
2554,2,4057,1987,2070,0,0,0,1.0,1,1.0,1,1.0,1,0.28707229264375256,45
2555,1,4058,1987,2071,0,0,0,1.0,1,1.0,1,1.0,1,0.29062229540221346,44
2556,2,4060,1987,2073,0,0,0,1.0,1,1.0,1,1.0,1,0.2451857429666418,44
2557,2,4062,1988,2074,0,0,0,1.0,1,1.0,1,1.0,1,0.28388035478740675,41
2558,1,4063,1989,2074,0,0,0,1.0,1,1.0,1,1.0,1,0.28108405939785513,40
2559,3,4066,1989,2077,0,0,0,1.0,1,1.0,1,1.0,1,0.23447066972779196,41
2560,0,4066,1989,2077,0,0,0,1.0,1,1.0,1,1.0,1,0.23447066972779196,41
2561,0,4066,1989,2077,0,0,0,1.0,1,1.0,1,1.0,1,0.24508544596248635,43
2562,0,4066,1989,2077,0,0,0,1.0,1,1.0,1,1.0,1,0.2614191192124254,44
2563,1,4067,1989,2078,0,0,0,1.0,1,1.0,1,1.0,1,0.24321649245642746,44
2564,1,4068,1990,2078,0,0,0,1.0,1,1.0,1,1.0,1,0.24766272480362958,44
2565,4,4072,1992,2080,0,0,0,1.0,1,1.0,1,1.0,1,0.22796655129245633,45
2566,1,4073,1992,2081,0,0,0,1.0,1,1.0,1,1.0,1,0.2302633991861011,46
2567,2,4075,1993,2082,0,0,0,1.0,1,1.0,1,1.0,1,0.23650462248899043,48
2568,3,4078,1995,2083,0,0,0,1.0,1,1.0,1,1.0,1,0.27008308077254056,48
2569,1,4079,1995,2084,0,0,0,1.0,1,1.0,1,1.0,1,0.2689855082625791,49
2570,0,4079,1995,2084,0,0,0,1.0,1,1.0,1,1.0,1,0.2874731011716812,48
2571,0,4079,1995,2084,0,0,0,1.0,1,1.0,1,1.0,1,0.2874731011716812,48
2572,1,4080,1995,2085,0,0,0,1.0,1,1.0,1,1.0,1,0.26487677817718774,49
2573,0,4080,1995,2085,0,0,0,1.0,1,1.0,1,1.0,1,0.2571478365303833,50
2574,2,4082,1996,2086,0,0,0,1.0,1,1.0,1,1.0,1,0.2578892086602745,49
2575,3,4085,1996,2089,0,0,0,1.0,1,1.0,1,1.0,1,0.23412623064367208,48
2576,1,4086,1996,2090,0,0,0,1.0,1,1.0,1,1.0,1,0.21334540206870886,48
2577,0,4086,1996,2090,0,0,0,1.0,1,1.0,1,1.0,1,0.23630732529849185,50
2578,0,4086,1996,2090,0,0,0,1.0,1,1.0,1,1.0,1,0.23630732529849185,50
2579,2,4088,1997,2091,0,0,0,1.0,1,1.0,1,1.0,1,0.2296271855036156,51
2580,1,4089,1998,2091,0,0,0,1.0,1,1.0,1,1.0,1,0.24985031193064355,52
2581,1,4090,1999,2091,0,0,0,1.0,1,1.0,1,1.0,1,0.27339340470852586,51
2582,3,4093,2000,2093,0,0,0,1.0,1,1.0,1,1.0,1,0.254607136863186,51
2583,3,4096,2002,2094,0,0,0,1.0,1,1.0,1,1.0,1,0.253602132074828,51
2584,5,4101,2005,2096,0,0,0,1.0,1,1.0,1,1.0,1,0.28313419826240466,51
2585,3,4104,2005,2099,0,0,0,1.0,1,1.0,1,1.0,1,0.228496289478283,50
2586,2,4106,2007,2099,0,0,0,1.0,1,1.0,1,1.0,1,0.27875417903858907,50
2587,3,4109,2007,2102,0,0,0,1.0,1,1.0,1,1.0,1,0.19478392278337042,48
2588,3,4112,2009,2103,0,0,0,1.0,1,1.0,1,1.0,1,0.23963487159994537,50
2589,1,4113,2009,2104,0,0,0,1.0,1,1.0,1,1.0,1,0.19668855275692923,48
2590,3,4116,2010,2106,0,0,0,1.0,1,1.0,1,1.0,1,0.20942826444452714,47
2591,0,4116,2010,2106,0,0,0,1.0,1,1.0,1,1.0,1,0.20942826444452714,47
2592,2,4118,2011,2107,0,0,0,1.0,1,1.0,1,1.0,1,0.19978463654688441,47
2593,3,4121,2012,2109,0,0,0,1.0,1,1.0,1,1.0,1,0.2064157807949177,47
2594,4,4125,2013,2112,0,0,0,1.0,1,1.0,1,1.0,1,0.2092314216886434,49
2595,2,4127,2015,2112,0,0,0,1.0,1,1.0,1,1.0,1,0.23995039890485267,48
2596,1,4128,2016,2112,0,0,0,1.0,1,1.0,1,1.0,1,0.20579136056264158,47
2597,3,4131,2018,2113,0,0,0,1.0,1,1.0,1,1.0,1,0.19227189650102378,48
2598,3,4134,2019,2115,0,0,0,1.0,1,1.0,1,1.0,1,0.16356422826934033,48
2599,1,4135,2020,2115,0,0,0,1.0,1,1.0,1,1.0,1,0.14917844084831286,49
2600,1,4136,2020,2116,0,0,0,1.0,1,1.0,1,1.0,1,0.15662063030963722,52
2601,2,4138,2022,2116,0,0,0,1.0,1,1.0,1,1.0,1,0.21826502560941358,51
2602,4,4142,2022,2120,0,0,0,1.0,1,1.0,1,1.0,1,0.12105883401843587,52
2603,1,4143,2023,2120,0,0,0,1.0,1,1.0,1,1.0,1,0.17574747826797918,53
2604,0,4143,2023,2120,0,0,0,1.0,1,1.0,1,1.0,1,0.17574747826797918,53
2605,2,4145,2024,2121,0,0,0,1.0,1,1.0,1,1.0,1,0.1940565801388606,52
2606,2,4147,2024,2123,0,0,0,1.0,1,1.0,1,1.0,1,0.17112954220932244,52
2607,1,4148,2025,2123,0,0,0,1.0,1,1.0,1,1.0,1,0.1931652047296994,52
2608,3,4151,2025,2126,0,0,0,1.0,1,1.0,1,1.0,1,0.13891370405301925,52
2609,0,4151,2025,2126,0,0,0,1.0,1,1.0,1,1.0,1,0.1359788382178256,53
2610,1,4152,2026,2126,0,0,0,1.0,1,1.0,1,1.0,1,0.16720644271467103,54
2611,2,4154,2027,2127,0,0,0,1.0,1,1.0,1,1.0,1,0.13781206186546308,54
2612,2,4156,2029,2127,0,0,0,1.0,1,1.0,1,1.0,1,0.12108991007343294,56
2613,1,4157,2030,2127,0,0,0,1.0,1,1.0,1,1.0,1,0.11944328019427065,56
2614,1,4158,2031,2127,0,0,0,1.0,1,1.0,1,1.0,1,0.1400623764898191,56
2615,3,4161,2032,2129,0,0,0,1.0,1,1.0,1,1.0,1,0.11206006418788136,57
2616,0,4161,2032,2129,0,0,0,1.0,1,1.0,1,1.0,1,0.11206006418788136,57
2617,1,4162,2033,2129,0,0,0,1.0,1,1.0,1,1.0,1,0.12989590839311937,58
2618,1,4163,2033,2130,0,0,0,1.0,1,1.0,1,1.0,1,0.11656821449544147,58
2619,1,4164,2033,2131,0,0,0,1.0,1,1.0,1,1.0,1,0.1171999415133844,58
2620,2,4166,2034,2132,0,0,0,1.0,1,1.0,1,1.0,1,0.09968821325544734,60
2621,1,4167,2035,2132,0,0,0,1.0,1,1.0,1,1.0,1,0.0957696218131288,59
2622,1,4168,2036,2132,0,0,0,1.0,1,1.0,1,1.0,1,0.10451016938790271,60
2623,4,4172,2037,2135,0,0,0,1.0,1,1.0,1,1.0,1,0.09362302662484735,59
2624,3,4175,2040,2135,0,0,0,1.0,1,1.0,1,1.0,1,0.16893904528200185,58
2625,2,4177,2041,2136,0,0,0,1.0,1,1.0,1,1.0,1,0.15589460118186038,58
2626,2,4179,2043,2136,0,0,0,1.0,1,1.0,1,1.0,1,0.19060022978256547,57
2627,1,4180,2044,2136,0,0,0,1.0,1,1.0,1,1.0,1,0.15613966176447627,55
2628,4,4184,2047,2137,0,0,0,1.0,1,1.0,1,1.0,1,0.2066815490087939,55
2629,0,4184,2047,2137,0,0,0,1.0,1,1.0,1,1.0,1,0.19125991727131916,54
2630,1,4185,2047,2138,0,0,0,1.0,1,1.0,1,1.0,1,0.20906589021246333,55
2631,1,4186,2047,2139,0,0,0,1.0,1,1.0,1,1.0,1,0.1977112998718808,55
2632,2,4188,2049,2139,0,0,0,1.0,1,1.0,1,1.0,1,0.23687019640731666,55
2633,2,4190,2050,2140,0,0,0,1.0,1,1.0,1,1.0,1,0.2266973687063873,53
2634,4,4194,2052,2142,0,0,0,1.0,1,1.0,1,1.0,1,0.2304406942872033,52
2635,2,4196,2052,2144,0,0,0,1.0,1,1.0,1,1.0,1,0.2122925342243474,52
2636,6,4202,2055,2147,0,0,0,1.0,1,1.0,1,1.0,1,0.21805592729462833,51
2637,1,4203,2056,2147,0,0,0,1.0,1,1.0,1,1.0,1,0.2088391522296168,50
2638,4,4207,2058,2149,0,0,0,1.0,1,1.0,1,1.0,1,0.20616244211397422,48
2639,3,4210,2061,2149,0,0,0,1.0,1,1.0,1,1.0,1,0.234105936096111,48
2640,5,4215,2065,2150,0,0,0,1.0,1,1.0,1,1.0,1,0.23996477544991923,46
2641,1,4216,2066,2150,0,0,0,1.0,1,1.0,1,1.0,1,0.23039513004708884,46
2642,5,4221,2069,2152,0,0,0,1.0,1,1.0,1,1.0,1,0.19657240313062324,47
2643,1,4222,2070,2152,0,0,0,1.0,1,1.0,1,1.0,1,0.191577878777153,45
2644,5,4227,2074,2153,0,0,0,1.0,1,1.0,1,1.0,1,0.2782741077936426,44
2645,1,4228,2075,2153,0,0,0,1.0,1,1.0,1,1.0,1,0.28092164621925064,42
2646,6,4234,2076,2158,0,0,0,1.0,1,1.0,1,1.0,1,0.21205818641658514,43
2647,2,4236,2076,2160,0,0,0,1.0,1,1.0,1,1.0,1,0.15567371764065105,40
2648,0,4236,2076,2160,0,0,0,1.0,1,1.0,1,1.0,1,0.12685179350008396,41
2649,0,4236,2076,2160,0,0,0,1.0,1,1.0,1,1.0,1,0.16171560031304852,43
2650,2,4238,2076,2162,0,0,0,1.0,1,1.0,1,1.0,1,0.09506153672738381,43
2651,1,4239,2077,2162,0,0,0,1.0,1,1.0,1,1.0,1,0.10950266553389511,44
2652,1,4240,2078,2162,0,0,0,1.0,1,1.0,1,1.0,1,0.10082012575424854,44
2653,0,4240,2078,2162,0,0,0,1.0,1,1.0,1,1.0,1,0.10082012575424854,44
2654,1,4241,2079,2162,0,0,0,1.0,1,1.0,1,1.0,1,0.13374228286906314,45
2655,1,4242,2080,2162,0,0,0,1.0,1,1.0,1,1.0,1,0.12259902752988106,45
2656,0,4242,2080,2162,0,0,0,1.0,1,1.0,1,1.0,1,0.12259902752988106,45
2657,0,4242,2080,2162,0,0,0,1.0,1,1.0,1,1.0,1,0.15734899062774327,45
2658,3,4245,2082,2163,0,0,0,1.0,1,1.0,1,1.0,1,0.1920972096092098,47
2659,2,4247,2082,2165,0,0,0,1.0,1,1.0,1,1.0,1,0.14289925659312516,46
2660,1,4248,2083,2165,0,0,0,1.0,1,1.0,1,1.0,1,0.16259450225640207,46
2661,1,4249,2084,2165,0,0,0,1.0,1,1.0,1,1.0,1,0.16430374811414497,46
2662,4,4253,2086,2167,0,0,0,1.0,1,1.0,1,1.0,1,0.15991914317403208,47
2663,3,4256,2089,2167,0,0,0,1.0,1,1.0,1,1.0,1,0.19277667334943263,46
2664,1,4257,2090,2167,0,0,0,1.0,1,1.0,1,1.0,1,0.18602934109326202,45
2665,3,4260,2092,2168,0,0,0,1.0,1,1.0,1,1.0,1,0.16623923012373293,47
2666,4,4264,2094,2170,0,0,0,1.0,1,1.0,1,1.0,1,0.1325138411260182,47
2667,2,4266,2096,2170,0,0,0,1.0,1,1.0,1,1.0,1,0.19389161807603109,45
2668,2,4268,2096,2172,0,0,0,1.0,1,1.0,1,1.0,1,0.12722284005893186,45
2669,2,4270,2097,2173,0,0,0,1.0,1,1.0,1,1.0,1,0.14059147749244558,45
2670,3,4273,2100,2173,0,0,0,1.0,1,1.0,1,1.0,1,0.09835940603649596,45
2671,2,4275,2102,2173,0,0,0,1.0,1,1.0,1,1.0,1,0.12569087497809478,41
2672,2,4277,2104,2173,0,0,0,1.0,1,1.0,1,1.0,1,0.15930041955175223,40
2673,2,4279,2106,2173,0,0,0,1.0,1,1.0,1,1.0,1,0.19057278260480773,39
2674,3,4282,2108,2174,0,0,0,1.0,1,1.0,1,1.0,1,0.2694364330439211,37
2675,2,4284,2109,2175,0,0,0,1.0,1,1.0,1,1.0,1,0.25829358392003815,35
2676,1,4285,2109,2176,0,0,0,1.0,1,1.0,1,1.0,1,0.23687159892727092,34
2677,1,4286,2110,2176,0,0,0,1.0,1,1.0,1,1.0,1,0.25929208106907425,32
2678,1,4287,2111,2176,0,0,0,1.0,1,1.0,1,1.0,1,0.30744107412820937,33
2679,1,4288,2112,2176,0,0,0,1.0,1,1.0,1,1.0,1,0.3484137417341613,33
2680,7,4295,2115,2180,0,0,0,1.0,1,1.0,1,1.0,1,0.31414233320717744,33
2681,2,4297,2116,2181,0,0,0,1.0,1,1.0,1,1.0,1,0.24008630588520136,32
2682,4,4301,2117,2184,0,0,0,1.0,1,1.0,1,1.0,1,0.13712186554301042,32
2683,1,4302,2118,2184,0,0,0,1.0,1,1.0,1,1.0,1,0.2572675056032328,32
2684,0,4302,2118,2184,0,0,0,1.0,1,1.0,1,1.0,1,0.2658750523601779,31
2685,1,4303,2119,2184,0,0,0,1.0,1,1.0,1,1.0,1,0.3237260160394095,30
2686,2,4305,2119,2186,0,0,0,1.0,1,1.0,1,1.0,1,0.2426512868076183,29
2687,0,4305,2119,2186,0,0,0,1.0,1,1.0,1,1.0,1,0.2400365496487995,28
2688,1,4306,2119,2187,0,0,0,1.0,1,1.0,1,1.0,1,0.23112832152127105,28
2689,0,4306,2119,2187,0,0,0,1.0,1,1.0,1,1.0,1,0.2677204666669543,29
2690,1,4307,2119,2188,0,0,0,1.0,1,1.0,1,1.0,1,0.24416973039290482,29
2691,2,4309,2121,2188,0,0,0,1.0,1,1.0,1,1.0,1,0.2660116819413476,29
2692,3,4312,2121,2191,0,0,0,1.0,1,1.0,1,1.0,1,0.21471420198606012,31
2693,2,4314,2123,2191,0,0,0,1.0,1,1.0,1,1.0,1,0.2969083990415297,32
2694,2,4316,2124,2192,0,0,0,1.0,1,1.0,1,1.0,1,0.2668427220750337,32
2695,0,4316,2124,2192,0,0,0,1.0,1,1.0,1,1.0,1,0.24762650771132477,33
2696,1,4317,2124,2193,0,0,0,1.0,1,1.0,1,1.0,1,0.21192577872786506,33
2697,3,4320,2125,2195,0,0,0,1.0,1,1.0,1,1.0,1,0.14942476265847088,34
2698,1,4321,2126,2195,0,0,0,1.0,1,1.0,1,1.0,1,0.17006718696795878,34
2699,1,4322,2127,2195,0,0,0,1.0,1,1.0,1,1.0,1,0.16520729998527986,36
2700,1,4323,2127,2196,0,0,0,1.0,1,1.0,1,1.0,1,0.15623001558036256,36
2701,0,4323,2127,2196,0,0,0,1.0,1,1.0,1,1.0,1,0.15623001558036256,36
2702,2,4325,2129,2196,0,0,0,1.0,1,1.0,1,1.0,1,0.20814741410812798,36
2703,4,4329,2130,2199,0,0,0,1.0,1,1.0,1,1.0,1,0.17754259259154137,38
2704,2,4331,2131,2200,0,0,0,1.0,1,1.0,1,1.0,1,0.22449184869238983,37
2705,4,4335,2134,2201,0,0,0,1.0,1,1.0,1,1.0,1,0.23782395431028167,36
2706,1,4336,2135,2201,0,0,0,1.0,1,1.0,1,1.0,1,0.25583360591116455,34
2707,2,4338,2136,2202,0,0,0,1.0,1,1.0,1,1.0,1,0.2641481593594343,36
2708,3,4341,2139,2202,0,0,0,1.0,1,1.0,1,1.0,1,0.2840492093840582,36
2709,2,4343,2140,2203,0,0,0,1.0,1,1.0,1,1.0,1,0.2829701673858359,33
2710,2,4345,2142,2203,0,0,0,1.0,1,1.0,1,1.0,1,0.28101527839448676,32
2711,1,4346,2143,2203,0,0,0,1.0,1,1.0,1,1.0,1,0.251424161130512,29
2712,0,4346,2143,2203,0,0,0,1.0,1,1.0,1,1.0,1,0.2926536489223109,28
2713,1,4347,2143,2204,0,0,0,1.0,1,1.0,1,1.0,1,0.2733280297213172,28
2714,2,4349,2145,2204,0,0,0,1.0,1,1.0,1,1.0,1,0.34755493855315595,25
2715,2,4351,2146,2205,0,0,0,1.0,1,1.0,1,1.0,1,0.33975128761820395,24
2716,3,4354,2148,2206,0,0,0,1.0,1,1.0,1,1.0,1,0.4316300831451783,23
2717,3,4357,2149,2208,0,0,0,1.0,1,1.0,1,1.0,1,0.3075838277612651,24
2718,1,4358,2149,2209,0,0,0,1.0,1,1.0,1,1.0,1,0.2633335426418267,24
2719,1,4359,2149,2210,0,0,0,1.0,1,1.0,1,1.0,1,0.2276192488848544,25
2720,2,4361,2151,2210,0,0,0,1.0,1,1.0,1,1.0,1,0.2677604440548812,25
2721,3,4364,2153,2211,0,0,0,1.0,1,1.0,1,1.0,1,0.1920246393091122,26
2722,1,4365,2154,2211,0,0,0,1.0,1,1.0,1,1.0,1,0.2270966803362863,26
2723,1,4366,2155,2211,0,0,0,1.0,1,1.0,1,1.0,1,0.23299684287827505,26
2724,2,4368,2156,2212,0,0,0,1.0,1,1.0,1,1.0,1,0.27016608213514,27
2725,1,4369,2157,2212,0,0,0,1.0,1,1.0,1,1.0,1,0.26933734298880174,27
2726,1,4370,2157,2213,0,0,0,1.0,1,1.0,1,1.0,1,0.22146775931733614,28
2727,0,4370,2157,2213,0,0,0,1.0,1,1.0,1,1.0,1,0.20761746653241472,29
2728,0,4370,2157,2213,0,0,0,1.0,1,1.0,1,1.0,1,0.1953247405054765,28
2729,0,4370,2157,2213,0,0,0,1.0,1,1.0,1,1.0,1,0.1953247405054765,28
2730,0,4370,2157,2213,0,0,0,1.0,1,1.0,1,1.0,1,0.18991812306455141,29
2731,0,4370,2157,2213,0,0,0,1.0,1,1.0,1,1.0,1,0.21904616657047435,30
2732,0,4370,2157,2213,0,0,0,1.0,1,1.0,1,1.0,1,0.22457638575267894,29
2733,0,4370,2157,2213,0,0,0,1.0,1,1.0,1,1.0,1,0.22457638575267894,29
2734,0,4370,2157,2213,0,0,0,1.0,1,1.0,1,1.0,1,0.22457638575267894,29
2735,2,4372,2159,2213,0,0,0,1.0,1,1.0,1,1.0,1,0.31747900512580157,29
2736,2,4374,2159,2215,0,0,0,1.0,1,1.0,1,1.0,1,0.3012104011015569,30
2737,0,4374,2159,2215,0,0,0,1.0,1,1.0,1,1.0,1,0.3012104011015569,30
2738,3,4377,2162,2215,0,0,0,1.0,1,1.0,1,1.0,1,0.36503369118591994,29
2739,0,4377,2162,2215,0,0,0,1.0,1,1.0,1,1.0,1,0.3716482506869075,30
2740,2,4379,2163,2216,0,0,0,1.0,1,1.0,1,1.0,1,0.3812845400578788,29
2741,1,4380,2164,2216,0,0,0,1.0,1,1.0,1,1.0,1,0.3597426805647877,29
2742,1,4381,2165,2216,0,0,0,1.0,1,1.0,1,1.0,1,0.3772933193003488,29
2743,4,4385,2165,2220,0,0,0,1.0,1,1.0,1,1.0,1,0.35244732001311657,30
2744,2,4387,2167,2220,0,0,0,1.0,1,1.0,1,1.0,1,0.40327439008949056,28
2745,1,4388,2167,2221,0,0,0,1.0,1,1.0,1,1.0,1,0.34597710562104234,27
2746,1,4389,2168,2221,0,0,0,1.0,1,1.0,1,1.0,1,0.43440114012257885,26
2747,3,4392,2170,2222,0,0,0,1.0,1,1.0,1,1.0,1,0.4707806125123789,22
2748,0,4392,2170,2222,0,0,0,1.0,1,1.0,1,1.0,1,0.4654314557518571,22
2749,2,4394,2170,2224,0,0,0,1.0,1,1.0,1,1.0,1,0.43840163595838433,20
2750,0,4394,2170,2224,0,0,0,1.0,1,1.0,1,1.0,1,0.4475622930413912,17
2751,0,4394,2170,2224,0,0,0,1.0,1,1.0,1,1.0,1,0.4475622930413912,17
2752,1,4395,2170,2225,0,0,0,1.0,1,1.0,1,1.0,1,0.3657912269187156,16
2753,0,4395,2170,2225,0,0,0,1.0,1,1.0,1,1.0,1,0.3657912269187156,16
2754,1,4396,2171,2225,0,0,0,1.0,1,1.0,1,1.0,1,0.4001935879401934,16
2755,1,4397,2172,2225,0,0,0,1.0,1,1.0,1,1.0,1,0.43140450267556557,16
2756,1,4398,2172,2226,0,0,0,1.0,1,1.0,1,1.0,1,0.4486840337629508,17
2757,1,4399,2173,2226,0,0,0,1.0,1,1.0,1,1.0,1,0.44141519585964323,18
2758,0,4399,2173,2226,0,0,0,1.0,1,1.0,1,1.0,1,0.44141519585964323,18
2759,0,4399,2173,2226,0,0,0,1.0,1,1.0,1,1.0,1,0.4613971283433634,19
2760,0,4399,2173,2226,0,0,0,1.0,1,1.0,1,1.0,1,0.4297987379762901,18
2761,0,4399,2173,2226,0,0,0,1.0,1,1.0,1,1.0,1,0.4297987379762901,18
2762,0,4399,2173,2226,0,0,0,1.0,1,1.0,1,1.0,1,0.4297987379762901,18
2763,0,4399,2173,2226,0,0,0,1.0,1,1.0,1,1.0,1,0.4297987379762901,18
2764,1,4400,2174,2226,0,0,0,1.0,1,1.0,1,1.0,1,0.41345768494680873,18
2765,1,4401,2175,2226,0,0,0,1.0,1,1.0,1,1.0,1,0.3761336373824709,18
2766,0,4401,2175,2226,0,0,0,1.0,1,1.0,1,1.0,1,0.3761336373824709,18
2767,0,4401,2175,2226,0,0,0,1.0,1,1.0,1,1.0,1,0.40356928668418146,17
2768,0,4401,2175,2226,0,0,0,1.0,1,1.0,1,1.0,1,0.40356928668418146,17
2769,1,4402,2176,2226,0,0,0,1.0,1,1.0,1,1.0,1,0.40356928668418146,17
2770,0,4402,2176,2226,0,0,0,1.0,1,1.0,1,1.0,1,0.40356928668418146,17
2771,0,4402,2176,2226,0,0,0,1.0,1,1.0,1,1.0,1,0.40356928668418146,17
2772,0,4402,2176,2226,0,0,0,1.0,1,1.0,1,1.0,1,0.40356928668418146,17
2773,0,4402,2176,2226,0,0,0,1.0,1,1.0,1,1.0,1,0.40356928668418146,17
2774,0,4402,2176,2226,0,0,0,1.0,1,1.0,1,1.0,1,0.3690381624107091,18
2775,3,4405,2179,2226,0,0,0,1.0,1,1.0,1,1.0,1,0.36695525560176695,20
2776,0,4405,2179,2226,0,0,0,1.0,1,1.0,1,1.0,1,0.3618489548312526,21
2777,0,4405,2179,2226,0,0,0,1.0,1,1.0,1,1.0,1,0.3618489548312526,21
2778,4,4409,2181,2228,0,0,0,1.0,1,1.0,1,1.0,1,0.38894009962362686,21
2779,1,4410,2182,2228,0,0,0,1.0,1,1.0,1,1.0,1,0.3976577080798962,22
2780,2,4412,2183,2229,0,0,0,1.0,1,1.0,1,1.0,1,0.4570916977409929,22
2781,2,4414,2183,2231,0,0,0,1.0,1,1.0,1,1.0,1,0.3745297992903283,22
2782,2,4416,2184,2232,0,0,0,1.0,1,1.0,1,1.0,1,0.30980804331006695,23
2783,0,4416,2184,2232,0,0,0,1.0,1,1.0,1,1.0,1,0.285516325770525,22
2784,2,4418,2185,2233,0,0,0,1.0,1,1.0,1,1.0,1,0.264274184942381,21
2785,0,4418,2185,2233,0,0,0,1.0,1,1.0,1,1.0,1,0.2946045355314448,19
2786,1,4419,2186,2233,0,0,0,1.0,1,1.0,1,1.0,1,0.3188605444965748,19
2787,0,4419,2186,2233,0,0,0,1.0,1,1.0,1,1.0,1,0.3427479740099163,20
2788,1,4420,2187,2233,0,0,0,1.0,1,1.0,1,1.0,1,0.36296017768914,20
2789,0,4420,2187,2233,0,0,0,1.0,1,1.0,1,1.0,1,0.3787564324574384,19
2790,0,4420,2187,2233,0,0,0,1.0,1,1.0,1,1.0,1,0.3853863006904708,20
2791,0,4420,2187,2233,0,0,0,1.0,1,1.0,1,1.0,1,0.3853863006904708,20
2792,0,4420,2187,2233,0,0,0,1.0,1,1.0,1,1.0,1,0.3853863006904708,20
2793,1,4421,2187,2234,0,0,0,1.0,1,1.0,1,1.0,1,0.37750424505841584,19
2794,1,4422,2187,2235,0,0,0,1.0,1,1.0,1,1.0,1,0.35491479022396843,20
2795,0,4422,2187,2235,0,0,0,1.0,1,1.0,1,1.0,1,0.34862249936365014,21
2796,0,4422,2187,2235,0,0,0,1.0,1,1.0,1,1.0,1,0.3352424614285272,22
2797,0,4422,2187,2235,0,0,0,1.0,1,1.0,1,1.0,1,0.3740292509713551,21
2798,1,4423,2188,2235,0,0,0,1.0,1,1.0,1,1.0,1,0.42499236857722267,21
2799,0,4423,2188,2235,0,0,0,1.0,1,1.0,1,1.0,1,0.42119646407527817,20
2800,1,4424,2188,2236,0,0,0,1.0,1,1.0,1,1.0,1,0.3570961827289365,20
2801,0,4424,2188,2236,0,0,0,1.0,1,1.0,1,1.0,1,0.3570961827289365,20
2802,1,4425,2188,2237,0,0,0,1.0,1,1.0,1,1.0,1,0.31283305478312917,20
2803,0,4425,2188,2237,0,0,0,1.0,1,1.0,1,1.0,1,0.3261779929393739,21
2804,0,4425,2188,2237,0,0,0,1.0,1,1.0,1,1.0,1,0.3454428396591893,22
2805,2,4427,2190,2237,0,0,0,1.0,1,1.0,1,1.0,1,0.29697813413686874,22
2806,1,4428,2190,2238,0,0,0,1.0,1,1.0,1,1.0,1,0.28156676563861993,23
2807,5,4433,2193,2240,0,0,0,1.0,1,1.0,1,1.0,1,0.3031533026436071,24
2808,3,4436,2195,2241,0,0,0,1.0,1,1.0,1,1.0,1,0.3446309823123806,24
2809,2,4438,2195,2243,0,0,0,1.0,1,1.0,1,1.0,1,0.2584276917708074,26
2810,0,4438,2195,2243,0,0,0,1.0,1,1.0,1,1.0,1,0.2070802495287915,26
2811,0,4438,2195,2243,0,0,0,1.0,1,1.0,1,1.0,1,0.17663585066137866,27
2812,0,4438,2195,2243,0,0,0,1.0,1,1.0,1,1.0,1,0.17663585066137866,27
2813,0,4438,2195,2243,0,0,0,1.0,1,1.0,1,1.0,1,0.16759584545253584,28
2814,2,4440,2197,2243,0,0,0,1.0,1,1.0,1,1.0,1,0.2581992280911113,29
2815,1,4441,2197,2244,0,0,0,1.0,1,1.0,1,1.0,1,0.234105364682417,30
2816,0,4441,2197,2244,0,0,0,1.0,1,1.0,1,1.0,1,0.2136533409172149,31
2817,0,4441,2197,2244,0,0,0,1.0,1,1.0,1,1.0,1,0.2136533409172149,31
2818,1,4442,2198,2244,0,0,0,1.0,1,1.0,1,1.0,1,0.21875222313635193,32
2819,0,4442,2198,2244,0,0,0,1.0,1,1.0,1,1.0,1,0.21875222313635193,32
2820,0,4442,2198,2244,0,0,0,1.0,1,1.0,1,1.0,1,0.2329653245874119,33
2821,2,4444,2198,2246,0,0,0,1.0,1,1.0,1,1.0,1,0.18951188651501474,34
2822,1,4445,2199,2246,0,0,0,1.0,1,1.0,1,1.0,1,0.2048803612124716,35
2823,1,4446,2200,2246,0,0,0,1.0,1,1.0,1,1.0,1,0.2539778041921885,31
2824,3,4449,2202,2247,0,0,0,1.0,1,1.0,1,1.0,1,0.34435940143732374,33
2825,0,4449,2202,2247,0,0,0,1.0,1,1.0,1,1.0,1,0.3082802066968377,31
2826,1,4450,2203,2247,0,0,0,1.0,1,1.0,1,1.0,1,0.33901977964699875,31
2827,4,4454,2205,2249,0,0,0,1.0,1,1.0,1,1.0,1,0.22107375353723205,32
2828,1,4455,2206,2249,0,0,0,1.0,1,1.0,1,1.0,1,0.2966030679338921,33
2829,5,4460,2208,2252,0,0,0,1.0,1,1.0,1,1.0,1,0.21253866136236285,33
2830,1,4461,2208,2253,0,0,0,1.0,1,1.0,1,1.0,1,0.20089824941517376,32
2831,1,4462,2209,2253,0,0,0,1.0,1,1.0,1,1.0,1,0.22910096933738078,31
2832,2,4464,2211,2253,0,0,0,1.0,1,1.0,1,1.0,1,0.2549707000818939,30
2833,3,4467,2213,2254,0,0,0,1.0,1,1.0,1,1.0,1,0.24852216669865426,29
2834,3,4470,2215,2255,0,0,0,1.0,1,1.0,1,1.0,1,0.20723204208067422,29
2835,3,4473,2217,2256,0,0,0,1.0,1,1.0,1,1.0,1,0.32299742688399274,27
2836,1,4474,2218,2256,0,0,0,1.0,1,1.0,1,1.0,1,0.2781488926350625,27
2837,0,4474,2218,2256,0,0,0,1.0,1,1.0,1,1.0,1,0.28974099724526753,28
2838,0,4474,2218,2256,0,0,0,1.0,1,1.0,1,1.0,1,0.2971841302407214,29
2839,0,4474,2218,2256,0,0,0,1.0,1,1.0,1,1.0,1,0.2467260326657988,29
2840,0,4474,2218,2256,0,0,0,1.0,1,1.0,1,1.0,1,0.2467260326657988,29
2841,2,4476,2219,2257,0,0,0,1.0,1,1.0,1,1.0,1,0.2514625814425784,31
2842,1,4477,2220,2257,0,0,0,1.0,1,1.0,1,1.0,1,0.2815677874938372,32
2843,0,4477,2220,2257,0,0,0,1.0,1,1.0,1,1.0,1,0.2815677874938372,32
2844,3,4480,2221,2259,0,0,0,1.0,1,1.0,1,1.0,1,0.2916772257233801,33
2845,5,4485,2223,2262,0,0,0,1.0,1,1.0,1,1.0,1,0.2092368782415293,34
2846,0,4485,2223,2262,0,0,0,1.0,1,1.0,1,1.0,1,0.2092368782415293,34
2847,2,4487,2224,2263,0,0,0,1.0,1,1.0,1,1.0,1,0.18671706868446653,35
2848,2,4489,2225,2264,0,0,0,1.0,1,1.0,1,1.0,1,0.17826179085919117,37
2849,0,4489,2225,2264,0,0,0,1.0,1,1.0,1,1.0,1,0.17826179085919117,37
2850,0,4489,2225,2264,0,0,0,1.0,1,1.0,1,1.0,1,0.17826179085919117,37
2851,2,4491,2226,2265,0,0,0,1.0,1,1.0,1,1.0,1,0.1880715173353745,38
2852,0,4491,2226,2265,0,0,0,1.0,1,1.0,1,1.0,1,0.20035291080124815,36
2853,0,4491,2226,2265,0,0,0,1.0,1,1.0,1,1.0,1,0.2354998996012633,36
2854,0,4491,2226,2265,0,0,0,1.0,1,1.0,1,1.0,1,0.25227797756415166,37
2855,0,4491,2226,2265,0,0,0,1.0,1,1.0,1,1.0,1,0.29677468143605096,37
2856,2,4493,2226,2267,0,0,0,1.0,1,1.0,1,1.0,1,0.2449586014964226,38
2857,1,4494,2227,2267,0,0,0,1.0,1,1.0,1,1.0,1,0.30666060225764036,39
2858,4,4498,2228,2270,0,0,0,1.0,1,1.0,1,1.0,1,0.28076897533733075,39
2859,1,4499,2229,2270,0,0,0,1.0,1,1.0,1,1.0,1,0.2748955411756983,39
2860,3,4502,2230,2272,0,0,0,1.0,1,1.0,1,1.0,1,0.24654384272687968,40
2861,2,4504,2231,2273,0,0,0,1.0,1,1.0,1,1.0,1,0.1737626082975992,38
2862,4,4508,2235,2273,0,0,0,1.0,1,1.0,1,1.0,1,0.21235390378795832,38
2863,4,4512,2237,2275,0,0,0,1.0,1,1.0,1,1.0,1,0.17137124410396914,37
2864,3,4515,2240,2275,0,0,0,1.0,1,1.0,1,1.0,1,0.21028230674298687,35
2865,1,4516,2241,2275,0,0,0,1.0,1,1.0,1,1.0,1,0.2270766921700063,33
2866,6,4522,2244,2278,0,0,0,1.0,1,1.0,1,1.0,1,0.2148931607769144,31
2867,1,4523,2245,2278,0,0,0,1.0,1,1.0,1,1.0,1,0.23810243081705684,30
2868,1,4524,2246,2278,0,0,0,1.0,1,1.0,1,1.0,1,0.27431222741079253,31
2869,5,4529,2249,2280,0,0,0,1.0,1,1.0,1,1.0,1,0.3346594967435409,30
2870,0,4529,2249,2280,0,0,0,1.0,1,1.0,1,1.0,1,0.3229807072516075,26
2871,1,4530,2250,2280,0,0,0,1.0,1,1.0,1,1.0,1,0.38802450184754195,27
2872,1,4531,2251,2280,0,0,0,1.0,1,1.0,1,1.0,1,0.3424549870956271,25
2873,0,4531,2251,2280,0,0,0,1.0,1,1.0,1,1.0,1,0.33033019185182394,24
2874,1,4532,2251,2281,0,0,0,1.0,1,1.0,1,1.0,1,0.2729075531664403,25
2875,1,4533,2252,2281,0,0,0,1.0,1,1.0,1,1.0,1,0.30897030458904057,26
2876,2,4535,2253,2282,0,0,0,1.0,1,1.0,1,1.0,1,0.3277868808625852,28
2877,1,4536,2253,2283,0,0,0,1.0,1,1.0,1,1.0,1,0.3097624593784173,29
2878,2,4538,2253,2285,0,0,0,1.0,1,1.0,1,1.0,1,0.21707692393895323,31
2879,0,4538,2253,2285,0,0,0,1.0,1,1.0,1,1.0,1,0.21707692393895323,31
2880,0,4538,2253,2285,0,0,0,1.0,1,1.0,1,1.0,1,0.2230207008270548,32
2881,1,4539,2253,2286,0,0,0,1.0,1,1.0,1,1.0,1,0.23182516469804226,31
2882,0,4539,2253,2286,0,0,0,1.0,1,1.0,1,1.0,1,0.23182516469804226,31
2883,0,4539,2253,2286,0,0,0,1.0,1,1.0,1,1.0,1,0.24148729196807447,32
2884,1,4540,2254,2286,0,0,0,1.0,1,1.0,1,1.0,1,0.24995167423852813,32
2885,2,4542,2255,2287,0,0,0,1.0,1,1.0,1,1.0,1,0.2570209470976141,33
2886,3,4545,2257,2288,0,0,0,1.0,1,1.0,1,1.0,1,0.2322786207807785,34
2887,0,4545,2257,2288,0,0,0,1.0,1,1.0,1,1.0,1,0.24192560830304263,34
2888,2,4547,2259,2288,0,0,0,1.0,1,1.0,1,1.0,1,0.2558167982889524,34
2889,2,4549,2260,2289,0,0,0,1.0,1,1.0,1,1.0,1,0.25657213651921695,37
2890,1,4550,2260,2290,0,0,0,1.0,1,1.0,1,1.0,1,0.23633755982938817,37
2891,1,4551,2261,2290,0,0,0,1.0,1,1.0,1,1.0,1,0.2760564697851654,37
2892,0,4551,2261,2290,0,0,0,1.0,1,1.0,1,1.0,1,0.2760564697851654,37
2893,2,4553,2262,2291,0,0,0,1.0,1,1.0,1,1.0,1,0.2943799469733007,38
2894,3,4556,2262,2294,0,0,0,1.0,1,1.0,1,1.0,1,0.23956828879931127,39
2895,0,4556,2262,2294,0,0,0,1.0,1,1.0,1,1.0,1,0.2250964988367441,40
2896,1,4557,2263,2294,0,0,0,1.0,1,1.0,1,1.0,1,0.2581407617906455,41
2897,1,4558,2264,2294,0,0,0,1.0,1,1.0,1,1.0,1,0.2659086246687636,41
2898,4,4562,2266,2296,0,0,0,1.0,1,1.0,1,1.0,1,0.25305953264082715,41
2899,2,4564,2267,2297,0,0,0,1.0,1,1.0,1,1.0,1,0.23093158443136122,39
2900,4,4568,2270,2298,0,0,0,1.0,1,1.0,1,1.0,1,0.3464402454140667,40
2901,0,4568,2270,2298,0,0,0,1.0,1,1.0,1,1.0,1,0.314345795942216,40
2902,2,4570,2271,2299,0,0,0,1.0,1,1.0,1,1.0,1,0.34353913847725137,38
2903,0,4570,2271,2299,0,0,0,1.0,1,1.0,1,1.0,1,0.31036438888489726,36
2904,3,4573,2272,2301,0,0,0,1.0,1,1.0,1,1.0,1,0.2921755198765263,36
2905,1,4574,2272,2302,0,0,0,1.0,1,1.0,1,1.0,1,0.24351117958137136,35
2906,0,4574,2272,2302,0,0,0,1.0,1,1.0,1,1.0,1,0.2600603099512192,36
2907,2,4576,2273,2303,0,0,0,1.0,1,1.0,1,1.0,1,0.2932385441529004,37
2908,1,4577,2274,2303,0,0,0,1.0,1,1.0,1,1.0,1,0.3262188368792488,38
2909,1,4578,2275,2303,0,0,0,1.0,1,1.0,1,1.0,1,0.3506597697598798,37
2910,1,4579,2276,2303,0,0,0,1.0,1,1.0,1,1.0,1,0.3577002742378808,37
2911,4,4583,2276,2307,0,0,0,1.0,1,1.0,1,1.0,1,0.30704974333652135,36
2912,4,4587,2278,2309,0,0,0,1.0,1,1.0,1,1.0,1,0.25189404124046216,36
2913,0,4587,2278,2309,0,0,0,1.0,1,1.0,1,1.0,1,0.2421041341210961,36
2914,0,4587,2278,2309,0,0,0,1.0,1,1.0,1,1.0,1,0.2640147499818877,38
2915,0,4587,2278,2309,0,0,0,1.0,1,1.0,1,1.0,1,0.25454859989226447,37
2916,0,4587,2278,2309,0,0,0,1.0,1,1.0,1,1.0,1,0.2675026238574108,39
2917,3,4590,2280,2310,0,0,0,1.0,1,1.0,1,1.0,1,0.26587507458325865,40
2918,2,4592,2282,2310,0,0,0,1.0,1,1.0,1,1.0,1,0.2479006104685308,40
2919,1,4593,2283,2310,0,0,0,1.0,1,1.0,1,1.0,1,0.2559665836369637,42
2920,3,4596,2283,2313,0,0,0,1.0,1,1.0,1,1.0,1,0.21012424508655628,42
2921,0,4596,2283,2313,0,0,0,1.0,1,1.0,1,1.0,1,0.21012424508655628,42
2922,1,4597,2283,2314,0,0,0,1.0,1,1.0,1,1.0,1,0.18626218213215626,43
2923,0,4597,2283,2314,0,0,0,1.0,1,1.0,1,1.0,1,0.20791892016744434,45
2924,2,4599,2284,2315,0,0,0,1.0,1,1.0,1,1.0,1,0.19714685725157607,46
2925,0,4599,2284,2315,0,0,0,1.0,1,1.0,1,1.0,1,0.19714685725157607,46
2926,3,4602,2284,2318,0,0,0,1.0,1,1.0,1,1.0,1,0.14009623418102318,46
2927,1,4603,2285,2318,0,0,0,1.0,1,1.0,1,1.0,1,0.15269100121647397,48
2928,0,4603,2285,2318,0,0,0,1.0,1,1.0,1,1.0,1,0.15269100121647397,48
2929,0,4603,2285,2318,0,0,0,1.0,1,1.0,1,1.0,1,0.15269100121647397,48
2930,0,4603,2285,2318,0,0,0,1.0,1,1.0,1,1.0,1,0.16658080785605595,50
2931,1,4604,2286,2318,0,0,0,1.0,1,1.0,1,1.0,1,0.19566431221600056,51
2932,0,4604,2286,2318,0,0,0,1.0,1,1.0,1,1.0,1,0.2066493424459752,52
2933,0,4604,2286,2318,0,0,0,1.0,1,1.0,1,1.0,1,0.21400684313716234,53
2934,1,4605,2287,2318,0,0,0,1.0,1,1.0,1,1.0,1,0.23067238661296152,54
2935,3,4608,2289,2319,0,0,0,1.0,1,1.0,1,1.0,1,0.25493915615987056,53
2936,1,4609,2289,2320,0,0,0,1.0,1,1.0,1,1.0,1,0.2420604086144671,53
2937,1,4610,2290,2320,0,0,0,1.0,1,1.0,1,1.0,1,0.27229430549018324,51
2938,6,4616,2292,2324,0,0,0,1.0,1,1.0,1,1.0,1,0.28175704057777834,53
2939,3,4619,2293,2326,0,0,0,1.0,1,1.0,1,1.0,1,0.2875448935247243,52
2940,3,4622,2295,2327,0,0,0,1.0,1,1.0,1,1.0,1,0.3276735029681759,52
2941,1,4623,2296,2327,0,0,0,1.0,1,1.0,1,1.0,1,0.32886863813505607,50
2942,3,4626,2296,2330,0,0,0,1.0,1,1.0,1,1.0,1,0.2624915453925671,50
2943,4,4630,2297,2333,0,0,0,1.0,1,1.0,1,1.0,1,0.2165466316414428,49
2944,3,4633,2297,2336,0,0,0,1.0,1,1.0,1,1.0,1,0.15184253969663647,48
2945,1,4634,2297,2337,0,0,0,1.0,1,1.0,1,1.0,1,0.13611031647544314,48
2946,1,4635,2298,2337,0,0,0,1.0,1,1.0,1,1.0,1,0.13468473163980987,47
2947,1,4636,2299,2337,0,0,0,1.0,1,1.0,1,1.0,1,0.11199149915931107,47
2948,2,4638,2300,2338,0,0,0,1.0,1,1.0,1,1.0,1,0.10947568735324018,48
2949,0,4638,2300,2338,0,0,0,1.0,1,1.0,1,1.0,1,0.10947568735324018,48
2950,0,4638,2300,2338,0,0,0,1.0,1,1.0,1,1.0,1,0.10947568735324018,48
2951,0,4638,2300,2338,0,0,0,1.0,1,1.0,1,1.0,1,0.1329949516617845,50
2952,0,4638,2300,2338,0,0,0,1.0,1,1.0,1,1.0,1,0.1329949516617845,50
2953,0,4638,2300,2338,0,0,0,1.0,1,1.0,1,1.0,1,0.1474156415448608,51
2954,0,4638,2300,2338,0,0,0,1.0,1,1.0,1,1.0,1,0.1474156415448608,51
2955,0,4638,2300,2338,0,0,0,1.0,1,1.0,1,1.0,1,0.1474156415448608,51
2956,1,4639,2301,2338,0,0,0,1.0,1,1.0,1,1.0,1,0.1765067915104073,51
2957,0,4639,2301,2338,0,0,0,1.0,1,1.0,1,1.0,1,0.18805128525464193,52
2958,0,4639,2301,2338,0,0,0,1.0,1,1.0,1,1.0,1,0.18805128525464193,52
2959,1,4640,2302,2338,0,0,0,1.0,1,1.0,1,1.0,1,0.20938839405025603,53
2960,2,4642,2303,2339,0,0,0,1.0,1,1.0,1,1.0,1,0.20628309804592057,52
2961,2,4644,2304,2340,0,0,0,1.0,1,1.0,1,1.0,1,0.18321442384654357,53
2962,1,4645,2304,2341,0,0,0,1.0,1,1.0,1,1.0,1,0.18663151529643054,54
2963,1,4646,2305,2341,0,0,0,1.0,1,1.0,1,1.0,1,0.19989162879220954,55
2964,1,4647,2305,2342,0,0,0,1.0,1,1.0,1,1.0,1,0.21154343461924666,55
2965,3,4650,2305,2345,0,0,0,1.0,1,1.0,1,1.0,1,0.17518926308494115,55
2966,0,4650,2305,2345,0,0,0,1.0,1,1.0,1,1.0,1,0.17518926308494115,55
2967,1,4651,2305,2346,0,0,0,1.0,1,1.0,1,1.0,1,0.20577609101445477,56
2968,1,4652,2305,2347,0,0,0,1.0,1,1.0,1,1.0,1,0.19109252165354074,56
2969,0,4652,2305,2347,0,0,0,1.0,1,1.0,1,1.0,1,0.20353259062533677,55
2970,5,4657,2306,2351,0,0,0,1.0,1,1.0,1,1.0,1,0.19227638636738661,57
2971,1,4658,2307,2351,0,0,0,1.0,1,1.0,1,1.0,1,0.1949089546434709,56
2972,2,4660,2308,2352,0,0,0,1.0,1,1.0,1,1.0,1,0.20286158296268217,57
2973,2,4662,2310,2352,0,0,0,1.0,1,1.0,1,1.0,1,0.204004964412993,59
2974,3,4665,2311,2354,0,0,0,1.0,1,1.0,1,1.0,1,0.19436567687151773,60
2975,2,4667,2313,2354,0,0,0,1.0,1,1.0,1,1.0,1,0.2554500812372187,58
2976,1,4668,2314,2354,0,0,0,1.0,1,1.0,1,1.0,1,0.2747748602821182,59
2977,8,4676,2315,2361,0,0,0,1.0,1,1.0,1,1.0,1,0.20304479352370924,59
2978,2,4678,2316,2362,0,0,0,1.0,1,1.0,1,1.0,1,0.18109309792570197,58
2979,1,4679,2317,2362,0,0,0,1.0,1,1.0,1,1.0,1,0.19187345956985796,57
2980,3,4682,2319,2363,0,0,0,1.0,1,1.0,1,1.0,1,0.18727462230831604,56
2981,0,4682,2319,2363,0,0,0,1.0,1,1.0,1,1.0,1,0.18727462230831604,56
2982,0,4682,2319,2363,0,0,0,1.0,1,1.0,1,1.0,1,0.18698301444405246,57
2983,2,4684,2321,2363,0,0,0,1.0,1,1.0,1,1.0,1,0.21061416609266598,57
2984,0,4684,2321,2363,0,0,0,1.0,1,1.0,1,1.0,1,0.20156823143358926,56
2985,2,4686,2321,2365,0,0,0,1.0,1,1.0,1,1.0,1,0.21531898110538886,55
2986,5,4691,2323,2368,0,0,0,1.0,1,1.0,1,1.0,1,0.2017835868273328,55
2987,1,4692,2324,2368,0,0,0,1.0,1,1.0,1,1.0,1,0.21088995890117712,51
2988,3,4695,2325,2370,0,0,0,1.0,1,1.0,1,1.0,1,0.196515997074803,52
2989,3,4698,2325,2373,0,0,0,1.0,1,1.0,1,1.0,1,0.15531440182196074,50
2990,1,4699,2326,2373,0,0,0,1.0,1,1.0,1,1.0,1,0.17259587865237597,50
2991,0,4699,2326,2373,0,0,0,1.0,1,1.0,1,1.0,1,0.15308825034061216,50
2992,0,4699,2326,2373,0,0,0,1.0,1,1.0,1,1.0,1,0.15308825034061216,50
2993,1,4700,2326,2374,0,0,0,1.0,1,1.0,1,1.0,1,0.180596125268748,51
2994,2,4702,2328,2374,0,0,0,1.0,1,1.0,1,1.0,1,0.2174228565229357,51
2995,2,4704,2328,2376,0,0,0,1.0,1,1.0,1,1.0,1,0.14959557117656916,51
2996,0,4704,2328,2376,0,0,0,1.0,1,1.0,1,1.0,1,0.16179957873919112,52
2997,2,4706,2329,2377,0,0,0,1.0,1,1.0,1,1.0,1,0.18476760864725547,52
2998,5,4711,2333,2378,0,0,0,1.0,1,1.0,1,1.0,1,0.19871184327067928,51
2999,0,4711,2333,2378,0,0,0,1.0,1,1.0,1,1.0,1,0.19871184327067928,51
3000,2,4713,2335,2378,0,0,0,1.0,1,1.0,1,1.0,1,0.19605665004032974,52
3001,0,4713,2335,2378,0,0,0,1.0,1,1.0,1,1.0,1,0.19605665004032974,52
3002,1,4714,2336,2378,0,0,0,1.0,1,1.0,1,1.0,1,0.22068025558959148,53
3003,1,4715,2336,2379,0,0,0,1.0,1,1.0,1,1.0,1,0.20636446949631507,54
3004,0,4715,2336,2379,0,0,0,1.0,1,1.0,1,1.0,1,0.21456234902151547,55
3005,2,4717,2336,2381,0,0,0,1.0,1,1.0,1,1.0,1,0.2097958206876422,56
3006,1,4718,2337,2381,0,0,0,1.0,1,1.0,1,1.0,1,0.2153630355232692,57
3007,1,4719,2337,2382,0,0,0,1.0,1,1.0,1,1.0,1,0.21816656240145194,58
3008,2,4721,2338,2383,0,0,0,1.0,1,1.0,1,1.0,1,0.21346126240290855,59
3009,0,4721,2338,2383,0,0,0,1.0,1,1.0,1,1.0,1,0.21346126240290855,59
3010,1,4722,2338,2384,0,0,0,1.0,1,1.0,1,1.0,1,0.19248485558682307,59
3011,3,4725,2339,2386,0,0,0,1.0,1,1.0,1,1.0,1,0.16915983771247967,59
3012,1,4726,2340,2386,0,0,0,1.0,1,1.0,1,1.0,1,0.20702554894332412,61
3013,0,4726,2340,2386,0,0,0,1.0,1,1.0,1,1.0,1,0.2328087959023535,59
3014,0,4726,2340,2386,0,0,0,1.0,1,1.0,1,1.0,1,0.2394541041332616,60
3015,1,4727,2341,2386,0,0,0,1.0,1,1.0,1,1.0,1,0.27076502609097436,58
3016,2,4729,2341,2388,0,0,0,1.0,1,1.0,1,1.0,1,0.23951777139805616,57
3017,2,4731,2343,2388,0,0,0,1.0,1,1.0,1,1.0,1,0.24431413049567044,58
3018,0,4731,2343,2388,0,0,0,1.0,1,1.0,1,1.0,1,0.29616832484578104,55
3019,2,4733,2343,2390,0,0,0,1.0,1,1.0,1,1.0,1,0.28833798373547725,56
3020,1,4734,2344,2390,0,0,0,1.0,1,1.0,1,1.0,1,0.2977023900649363,55
3021,2,4736,2345,2391,0,0,0,1.0,1,1.0,1,1.0,1,0.2860732860976518,55
3022,6,4742,2348,2394,0,0,0,1.0,1,1.0,1,1.0,1,0.2680934515926319,55
3023,2,4744,2349,2395,0,0,0,1.0,1,1.0,1,1.0,1,0.2523532333160834,54
3024,3,4747,2351,2396,0,0,0,1.0,1,1.0,1,1.0,1,0.2568915218083709,54
3025,4,4751,2353,2398,0,0,0,1.0,1,1.0,1,1.0,1,0.2484016300166894,54
3026,1,4752,2353,2399,0,0,0,1.0,1,1.0,1,1.0,1,0.22132210159008894,53
3027,4,4756,2356,2400,0,0,0,1.0,1,1.0,1,1.0,1,0.13954899825670272,53
3028,1,4757,2357,2400,0,0,0,1.0,1,1.0,1,1.0,1,0.15933795382800892,51
3029,1,4758,2358,2400,0,0,0,1.0,1,1.0,1,1.0,1,0.200283739239206,51
3030,2,4760,2360,2400,0,0,0,1.0,1,1.0,1,1.0,1,0.2373927327572882,52
3031,7,4767,2363,2404,0,0,0,1.0,1,1.0,1,1.0,1,0.18970473816404299,51
3032,0,4767,2363,2404,0,0,0,1.0,1,1.0,1,1.0,1,0.18326778754084724,50
3033,2,4769,2364,2405,0,0,0,1.0,1,1.0,1,1.0,1,0.18172479879819825,52
3034,1,4770,2364,2406,0,0,0,1.0,1,1.0,1,1.0,1,0.17339599389602345,51
3035,1,4771,2364,2407,0,0,0,1.0,1,1.0,1,1.0,1,0.15387645534505434,51
3036,1,4772,2364,2408,0,0,0,1.0,1,1.0,1,1.0,1,0.13391489403175,53
3037,0,4772,2364,2408,0,0,0,1.0,1,1.0,1,1.0,1,0.14150494459901966,52
3038,0,4772,2364,2408,0,0,0,1.0,1,1.0,1,1.0,1,0.14150494459901966,52
3039,1,4773,2364,2409,0,0,0,1.0,1,1.0,1,1.0,1,0.11260234681336932,54
3040,0,4773,2364,2409,0,0,0,1.0,1,1.0,1,1.0,1,0.11956799100525568,55
3041,1,4774,2364,2410,0,0,0,1.0,1,1.0,1,1.0,1,0.12104586145264279,56
3042,3,4777,2367,2410,0,0,0,1.0,1,1.0,1,1.0,1,0.1722075650962438,56
3043,2,4779,2367,2412,0,0,0,1.0,1,1.0,1,1.0,1,0.13176446585565885,57
3044,2,4781,2369,2412,0,0,0,1.0,1,1.0,1,1.0,1,0.1777160489954621,57
3045,1,4782,2369,2413,0,0,0,1.0,1,1.0,1,1.0,1,0.17158612152073022,56
3046,3,4785,2370,2415,0,0,0,1.0,1,1.0,1,1.0,1,0.17872760609937813,57
3047,2,4787,2372,2415,0,0,0,1.0,1,1.0,1,1.0,1,0.19679961726426914,56
3048,4,4791,2372,2419,0,0,0,1.0,1,1.0,1,1.0,1,0.1600792228960587,58
3049,4,4795,2373,2422,0,0,0,1.0,1,1.0,1,1.0,1,0.1552338152406905,59
3050,0,4795,2373,2422,0,0,0,1.0,1,1.0,1,1.0,1,0.15131411927099825,60
3051,1,4796,2374,2422,0,0,0,1.0,1,1.0,1,1.0,1,0.19070875682461136,59
3052,3,4799,2374,2425,0,0,0,1.0,1,1.0,1,1.0,1,0.1506096838185513,58
3053,2,4801,2376,2425,0,0,0,1.0,1,1.0,1,1.0,1,0.18918052069233757,57
3054,2,4803,2378,2425,0,0,0,1.0,1,1.0,1,1.0,1,0.2321913738866954,55
3055,2,4805,2379,2426,0,0,0,1.0,1,1.0,1,1.0,1,0.22912229576003204,54
3056,2,4807,2380,2427,0,0,0,1.0,1,1.0,1,1.0,1,0.2689167076147984,55
3057,0,4807,2380,2427,0,0,0,1.0,1,1.0,1,1.0,1,0.28324269284182885,54
3058,2,4809,2381,2428,0,0,0,1.0,1,1.0,1,1.0,1,0.3013990744437199,55
3059,1,4810,2381,2429,0,0,0,1.0,1,1.0,1,1.0,1,0.28049204752931034,56
3060,0,4810,2381,2429,0,0,0,1.0,1,1.0,1,1.0,1,0.28049204752931034,56
3061,2,4812,2382,2430,0,0,0,1.0,1,1.0,1,1.0,1,0.2650603330916153,56
3062,5,4817,2384,2433,0,0,0,1.0,1,1.0,1,1.0,1,0.25989625726741905,57
3063,1,4818,2385,2433,0,0,0,1.0,1,1.0,1,1.0,1,0.2366153104618901,55
3064,3,4821,2388,2433,0,0,0,1.0,1,1.0,1,1.0,1,0.2760968512407138,56
3065,2,4823,2390,2433,0,0,0,1.0,1,1.0,1,1.0,1,0.2818131262271334,55
3066,2,4825,2391,2434,0,0,0,1.0,1,1.0,1,1.0,1,0.28805096110389383,55
3067,3,4828,2392,2436,0,0,0,1.0,1,1.0,1,1.0,1,0.27054819108980654,54
3068,6,4834,2395,2439,0,0,0,1.0,1,1.0,1,1.0,1,0.2912542755111985,53
3069,3,4837,2396,2441,0,0,0,1.0,1,1.0,1,1.0,1,0.22650785347861294,51
3070,0,4837,2396,2441,0,0,0,1.0,1,1.0,1,1.0,1,0.23100654791651606,50
3071,0,4837,2396,2441,0,0,0,1.0,1,1.0,1,1.0,1,0.2141495579227217,51
3072,2,4839,2398,2441,0,0,0,1.0,1,1.0,1,1.0,1,0.20740208793354867,53
3073,0,4839,2398,2441,0,0,0,1.0,1,1.0,1,1.0,1,0.21639290270994674,51
3074,1,4840,2399,2441,0,0,0,1.0,1,1.0,1,1.0,1,0.22677937789819683,50
3075,3,4843,2400,2443,0,0,0,1.0,1,1.0,1,1.0,1,0.23053304275552636,52
3076,1,4844,2400,2444,0,0,0,1.0,1,1.0,1,1.0,1,0.24406147256567784,53
3077,0,4844,2400,2444,0,0,0,1.0,1,1.0,1,1.0,1,0.2368504621000944,52
3078,0,4844,2400,2444,0,0,0,1.0,1,1.0,1,1.0,1,0.2737566556498369,53
3079,1,4845,2400,2445,0,0,0,1.0,1,1.0,1,1.0,1,0.2581291221714442,53
3080,1,4846,2400,2446,0,0,0,1.0,1,1.0,1,1.0,1,0.25702797723751536,52
3081,1,4847,2401,2446,0,0,0,1.0,1,1.0,1,1.0,1,0.2923465918202986,54
3082,5,4852,2403,2449,0,0,0,1.0,1,1.0,1,1.0,1,0.2873580164130678,54
3083,0,4852,2403,2449,0,0,0,1.0,1,1.0,1,1.0,1,0.2873580164130678,54
3084,1,4853,2404,2449,0,0,0,1.0,1,1.0,1,1.0,1,0.3102472900988938,55
3085,5,4858,2404,2454,0,0,0,1.0,1,1.0,1,1.0,1,0.24628706602431183,55
3086,0,4858,2404,2454,0,0,0,1.0,1,1.0,1,1.0,1,0.2513232572038709,56
3087,0,4858,2404,2454,0,0,0,1.0,1,1.0,1,1.0,1,0.2645471235900377,57
3088,1,4859,2404,2455,0,0,0,1.0,1,1.0,1,1.0,1,0.25856600420225073,56
3089,2,4861,2406,2455,0,0,0,1.0,1,1.0,1,1.0,1,0.2936164602625883,55
3090,1,4862,2406,2456,0,0,0,1.0,1,1.0,1,1.0,1,0.2914144599652027,54
3091,1,4863,2406,2457,0,0,0,1.0,1,1.0,1,1.0,1,0.30203775900173346,53
3092,2,4865,2406,2459,0,0,0,1.0,1,1.0,1,1.0,1,0.26502840158918606,56
3093,1,4866,2407,2459,0,0,0,1.0,1,1.0,1,1.0,1,0.28061889833739817,56
3094,0,4866,2407,2459,0,0,0,1.0,1,1.0,1,1.0,1,0.293673751466854,58
3095,1,4867,2407,2460,0,0,0,1.0,1,1.0,1,1.0,1,0.28850799489467516,59
3096,0,4867,2407,2460,0,0,0,1.0,1,1.0,1,1.0,1,0.29556243939443916,60
3097,2,4869,2408,2461,0,0,0,1.0,1,1.0,1,1.0,1,0.27495429200433474,60
3098,0,4869,2408,2461,0,0,0,1.0,1,1.0,1,1.0,1,0.3019458516212275,58
3099,0,4869,2408,2461,0,0,0,1.0,1,1.0,1,1.0,1,0.3097518621022619,57
3100,0,4869,2408,2461,0,0,0,1.0,1,1.0,1,1.0,1,0.3097518621022619,57
3101,3,4872,2410,2462,0,0,0,1.0,1,1.0,1,1.0,1,0.2961657287751972,58
3102,3,4875,2412,2463,0,0,0,1.0,1,1.0,1,1.0,1,0.3357820355044159,59
3103,3,4878,2412,2466,0,0,0,1.0,1,1.0,1,1.0,1,0.27757003196829094,58
3104,5,4883,2414,2469,0,0,0,1.0,1,1.0,1,1.0,1,0.23865296628399285,58
3105,1,4884,2415,2469,0,0,0,1.0,1,1.0,1,1.0,1,0.21789563897154765,56
3106,5,4889,2419,2470,0,0,0,1.0,1,1.0,1,1.0,1,0.2369101026219839,57
3107,3,4892,2420,2472,0,0,0,1.0,1,1.0,1,1.0,1,0.1986984257701875,55
3108,3,4895,2422,2473,0,0,0,1.0,1,1.0,1,1.0,1,0.20454408718509756,55
3109,4,4899,2424,2475,0,0,0,1.0,1,1.0,1,1.0,1,0.2081150708580384,54
3110,3,4902,2427,2475,0,0,0,1.0,1,1.0,1,1.0,1,0.17974616508784275,54
3111,1,4903,2427,2476,0,0,0,1.0,1,1.0,1,1.0,1,0.15975957186035067,54
3112,4,4907,2430,2477,0,0,0,1.0,1,1.0,1,1.0,1,0.1854959911007273,56
3113,3,4910,2432,2478,0,0,0,1.0,1,1.0,1,1.0,1,0.16059151115372444,55
3114,2,4912,2434,2478,0,0,0,1.0,1,1.0,1,1.0,1,0.17736358487439524,54
3115,1,4913,2434,2479,0,0,0,1.0,1,1.0,1,1.0,1,0.15402987626659215,56
3116,2,4915,2436,2479,0,0,0,1.0,1,1.0,1,1.0,1,0.17547787792057806,56
3117,2,4917,2436,2481,0,0,0,1.0,1,1.0,1,1.0,1,0.19480970264278533,58
3118,2,4919,2437,2482,0,0,0,1.0,1,1.0,1,1.0,1,0.19395207750138704,57
3119,0,4919,2437,2482,0,0,0,1.0,1,1.0,1,1.0,1,0.19395207750138704,57
3120,0,4919,2437,2482,0,0,0,1.0,1,1.0,1,1.0,1,0.18666935863151327,56
3121,2,4921,2439,2482,0,0,0,1.0,1,1.0,1,1.0,1,0.16777850918003512,57
3122,0,4921,2439,2482,0,0,0,1.0,1,1.0,1,1.0,1,0.16777850918003512,57
3123,0,4921,2439,2482,0,0,0,1.0,1,1.0,1,1.0,1,0.16777850918003512,57
3124,2,4923,2439,2484,0,0,0,1.0,1,1.0,1,1.0,1,0.15387752745659947,59
3125,4,4927,2441,2486,0,0,0,1.0,1,1.0,1,1.0,1,0.17074705195950407,61
3126,2,4929,2442,2487,0,0,0,1.0,1,1.0,1,1.0,1,0.18085146221631038,60
3127,2,4931,2443,2488,0,0,0,1.0,1,1.0,1,1.0,1,0.17660344315906978,58
3128,2,4933,2444,2489,0,0,0,1.0,1,1.0,1,1.0,1,0.22611376868927083,58
3129,1,4934,2444,2490,0,0,0,1.0,1,1.0,1,1.0,1,0.24806021835875475,56
3130,3,4937,2444,2493,0,0,0,1.0,1,1.0,1,1.0,1,0.2123063480953895,56
3131,3,4940,2445,2495,0,0,0,1.0,1,1.0,1,1.0,1,0.22307406399640448,55
3132,0,4940,2445,2495,0,0,0,1.0,1,1.0,1,1.0,1,0.21002279659401876,53
3133,3,4943,2445,2498,0,0,0,1.0,1,1.0,1,1.0,1,0.14708968771376874,52
3134,1,4944,2445,2499,0,0,0,1.0,1,1.0,1,1.0,1,0.16260524040174232,52
3135,2,4946,2446,2500,0,0,0,1.0,1,1.0,1,1.0,1,0.15396797659484984,53
3136,5,4951,2449,2502,0,0,0,1.0,1,1.0,1,1.0,1,0.14802651864274022,54
3137,2,4953,2450,2503,0,0,0,1.0,1,1.0,1,1.0,1,0.14201308617518896,55
3138,5,4958,2453,2505,0,0,0,1.0,1,1.0,1,1.0,1,0.17582417400469524,57
3139,3,4961,2454,2507,0,0,0,1.0,1,1.0,1,1.0,1,0.17136876373926999,56
3140,2,4963,2454,2509,0,0,0,1.0,1,1.0,1,1.0,1,0.09598687825288124,56
3141,1,4964,2455,2509,0,0,0,1.0,1,1.0,1,1.0,1,0.12521303385150503,56
3142,0,4964,2455,2509,0,0,0,1.0,1,1.0,1,1.0,1,0.12521303385150503,56
3143,1,4965,2456,2509,0,0,0,1.0,1,1.0,1,1.0,1,0.12647170426665463,56
3144,1,4966,2457,2509,0,0,0,1.0,1,1.0,1,1.0,1,0.1475360297810707,54
3145,2,4968,2458,2510,0,0,0,1.0,1,1.0,1,1.0,1,0.1591385657742071,55
3146,2,4970,2459,2511,0,0,0,1.0,1,1.0,1,1.0,1,0.166016983876009,53
3147,2,4972,2459,2513,0,0,0,1.0,1,1.0,1,1.0,1,0.14871132097797837,54
3148,4,4976,2461,2515,0,0,0,1.0,1,1.0,1,1.0,1,0.122670280157963,54
3149,0,4976,2461,2515,0,0,0,1.0,1,1.0,1,1.0,1,0.11968284291361579,53
3150,0,4976,2461,2515,0,0,0,1.0,1,1.0,1,1.0,1,0.11968284291361579,53
3151,0,4976,2461,2515,0,0,0,1.0,1,1.0,1,1.0,1,0.13446810492956698,53
3152,1,4977,2461,2516,0,0,0,1.0,1,1.0,1,1.0,1,0.10054463546672235,54
3153,0,4977,2461,2516,0,0,0,1.0,1,1.0,1,1.0,1,0.12545988104298117,53
3154,2,4979,2462,2517,0,0,0,1.0,1,1.0,1,1.0,1,0.1478113349838389,55
3155,0,4979,2462,2517,0,0,0,1.0,1,1.0,1,1.0,1,0.14204996585431734,56
3156,1,4980,2463,2517,0,0,0,1.0,1,1.0,1,1.0,1,0.18905520731872108,56
3157,2,4982,2463,2519,0,0,0,1.0,1,1.0,1,1.0,1,0.16201095836769908,56
3158,0,4982,2463,2519,0,0,0,1.0,1,1.0,1,1.0,1,0.16113645029975582,57
3159,2,4984,2464,2520,0,0,0,1.0,1,1.0,1,1.0,1,0.15440795112294478,56
3160,1,4985,2464,2521,0,0,0,1.0,1,1.0,1,1.0,1,0.13814246220991747,58
3161,1,4986,2465,2521,0,0,0,1.0,1,1.0,1,1.0,1,0.14897772141625237,59
3162,2,4988,2466,2522,0,0,0,1.0,1,1.0,1,1.0,1,0.1582646216693824,59
3163,2,4990,2468,2522,0,0,0,1.0,1,1.0,1,1.0,1,0.21694757844515603,59
3164,4,4994,2469,2525,0,0,0,1.0,1,1.0,1,1.0,1,0.2278125048674356,60
3165,1,4995,2470,2525,0,0,0,1.0,1,1.0,1,1.0,1,0.2661193689564322,58
3166,9,5004,2472,2532,0,0,0,1.0,1,1.0,1,1.0,1,0.1772672239249536,59
3167,4,5008,2474,2534,0,0,0,1.0,1,1.0,1,1.0,1,0.13033837339847545,57
3168,3,5011,2475,2536,0,0,0,1.0,1,1.0,1,1.0,1,0.1362275920891444,58
3169,1,5012,2475,2537,0,0,0,1.0,1,1.0,1,1.0,1,0.11076116267948355,57
3170,0,5012,2475,2537,0,0,0,1.0,1,1.0,1,1.0,1,0.13368488956198132,55
3171,3,5015,2476,2539,0,0,0,1.0,1,1.0,1,1.0,1,0.13175751974471567,56
3172,0,5015,2476,2539,0,0,0,1.0,1,1.0,1,1.0,1,0.11781277900386988,54
3173,1,5016,2477,2539,0,0,0,1.0,1,1.0,1,1.0,1,0.15225334359699166,53
3174,1,5017,2478,2539,0,0,0,1.0,1,1.0,1,1.0,1,0.20832305576652996,53
3175,1,5018,2478,2540,0,0,0,1.0,1,1.0,1,1.0,1,0.19401947054992158,52
3176,4,5022,2482,2540,0,0,0,1.0,1,1.0,1,1.0,1,0.23736601100737237,53
3177,5,5027,2484,2543,0,0,0,1.0,1,1.0,1,1.0,1,0.26943299177594426,52
3178,3,5030,2484,2546,0,0,0,1.0,1,1.0,1,1.0,1,0.2439980072820876,53
3179,2,5032,2484,2548,0,0,0,1.0,1,1.0,1,1.0,1,0.1930218279249224,54
3180,0,5032,2484,2548,0,0,0,1.0,1,1.0,1,1.0,1,0.2254311995925285,54
3181,3,5035,2484,2551,0,0,0,1.0,1,1.0,1,1.0,1,0.17522887599424378,55
3182,1,5036,2484,2552,0,0,0,1.0,1,1.0,1,1.0,1,0.17639221560247392,54
3183,2,5038,2485,2553,0,0,0,1.0,1,1.0,1,1.0,1,0.19833136469063095,56
3184,6,5044,2487,2557,0,0,0,1.0,1,1.0,1,1.0,1,0.16319472024797163,54
3185,2,5046,2489,2557,0,0,0,1.0,1,1.0,1,1.0,1,0.17162916004807674,53
3186,3,5049,2490,2559,0,0,0,1.0,1,1.0,1,1.0,1,0.1679058433280335,52
3187,0,5049,2490,2559,0,0,0,1.0,1,1.0,1,1.0,1,0.17871204473788438,50
3188,2,5051,2492,2559,0,0,0,1.0,1,1.0,1,1.0,1,0.20654653361047268,50
3189,3,5054,2494,2560,0,0,0,1.0,1,1.0,1,1.0,1,0.21825321919984783,49
3190,2,5056,2495,2561,0,0,0,1.0,1,1.0,1,1.0,1,0.2242903059471442,50
3191,2,5058,2497,2561,0,0,0,1.0,1,1.0,1,1.0,1,0.2572837267977749,49
3192,1,5059,2497,2562,0,0,0,1.0,1,1.0,1,1.0,1,0.24935211245492903,49
3193,0,5059,2497,2562,0,0,0,1.0,1,1.0,1,1.0,1,0.24779953397416465,49
3194,1,5060,2498,2562,0,0,0,1.0,1,1.0,1,1.0,1,0.2816981279947745,50
3195,1,5061,2498,2563,0,0,0,1.0,1,1.0,1,1.0,1,0.27625106911110586,49
3196,2,5063,2499,2564,0,0,0,1.0,1,1.0,1,1.0,1,0.2678264732955645,49
3197,1,5064,2499,2565,0,0,0,1.0,1,1.0,1,1.0,1,0.21796178081831633,50
3198,2,5066,2499,2567,0,0,0,1.0,1,1.0,1,1.0,1,0.18058011975994084,50
3199,3,5069,2499,2570,0,0,0,1.0,1,1.0,1,1.0,1,0.12043469221446557,52
3200,1,5070,2499,2571,0,0,0,1.0,1,1.0,1,1.0,1,0.11381821697016119,53
3201,1,5071,2499,2572,0,0,0,1.0,1,1.0,1,1.0,1,0.12303104509832341,55
3202,0,5071,2499,2572,0,0,0,1.0,1,1.0,1,1.0,1,0.12303104509832341,55
3203,0,5071,2499,2572,0,0,0,1.0,1,1.0,1,1.0,1,0.1241339503002406,53
3204,0,5071,2499,2572,0,0,0,1.0,1,1.0,1,1.0,1,0.14605144552848592,53
3205,1,5072,2500,2572,0,0,0,1.0,1,1.0,1,1.0,1,0.12680235926516706,53
3206,0,5072,2500,2572,0,0,0,1.0,1,1.0,1,1.0,1,0.15051590606878107,52
3207,3,5075,2503,2572,0,0,0,1.0,1,1.0,1,1.0,1,0.1949758880717596,53
3208,1,5076,2503,2573,0,0,0,1.0,1,1.0,1,1.0,1,0.20814992072118133,51
3209,2,5078,2504,2574,0,0,0,1.0,1,1.0,1,1.0,1,0.24632271530785435,52
3210,0,5078,2504,2574,0,0,0,1.0,1,1.0,1,1.0,1,0.26667803667624174,49
3211,3,5081,2507,2574,0,0,0,1.0,1,1.0,1,1.0,1,0.2788357605578166,48
3212,1,5082,2507,2575,0,0,0,1.0,1,1.0,1,1.0,1,0.25433810135411616,48
3213,2,5084,2509,2575,0,0,0,1.0,1,1.0,1,1.0,1,0.1977243410457802,49
3214,2,5086,2511,2575,0,0,0,1.0,1,1.0,1,1.0,1,0.17332965933940844,51
3215,0,5086,2511,2575,0,0,0,1.0,1,1.0,1,1.0,1,0.17332965933940844,51
3216,2,5088,2513,2575,0,0,0,1.0,1,1.0,1,1.0,1,0.177962055343754,51
3217,1,5089,2514,2575,0,0,0,1.0,1,1.0,1,1.0,1,0.1985379875143378,51
3218,0,5089,2514,2575,0,0,0,1.0,1,1.0,1,1.0,1,0.1985379875143378,51
3219,0,5089,2514,2575,0,0,0,1.0,1,1.0,1,1.0,1,0.21421029264567654,52
3220,0,5089,2514,2575,0,0,0,1.0,1,1.0,1,1.0,1,0.21421029264567654,52
3221,1,5090,2514,2576,0,0,0,1.0,1,1.0,1,1.0,1,0.20198706061299881,54
3222,0,5090,2514,2576,0,0,0,1.0,1,1.0,1,1.0,1,0.19393093289565205,54
3223,1,5091,2514,2577,0,0,0,1.0,1,1.0,1,1.0,1,0.2037829857500149,56
3224,1,5092,2515,2577,0,0,0,1.0,1,1.0,1,1.0,1,0.21684072180553032,57
3225,1,5093,2515,2578,0,0,0,1.0,1,1.0,1,1.0,1,0.22591539626467408,58
3226,2,5095,2515,2580,0,0,0,1.0,1,1.0,1,1.0,1,0.19190620246557882,58
3227,0,5095,2515,2580,0,0,0,1.0,1,1.0,1,1.0,1,0.19190620246557882,58
3228,0,5095,2515,2580,0,0,0,1.0,1,1.0,1,1.0,1,0.19190620246557882,58
3229,0,5095,2515,2580,0,0,0,1.0,1,1.0,1,1.0,1,0.19660997470624683,60
3230,0,5095,2515,2580,0,0,0,1.0,1,1.0,1,1.0,1,0.191666252559133,61
3231,1,5096,2516,2580,0,0,0,1.0,1,1.0,1,1.0,1,0.21194339467369916,61
3232,0,5096,2516,2580,0,0,0,1.0,1,1.0,1,1.0,1,0.21194339467369916,61
3233,5,5101,2516,2585,0,0,0,1.0,1,1.0,1,1.0,1,0.16319718907660338,63
3234,1,5102,2517,2585,0,0,0,1.0,1,1.0,1,1.0,1,0.20214768716687112,64
3235,3,5105,2517,2588,0,0,0,1.0,1,1.0,1,1.0,1,0.17089258747326044,65
3236,0,5105,2517,2588,0,0,0,1.0,1,1.0,1,1.0,1,0.17867374453760432,66
3237,1,5106,2517,2589,0,0,0,1.0,1,1.0,1,1.0,1,0.16310965311987907,67
3238,0,5106,2517,2589,0,0,0,1.0,1,1.0,1,1.0,1,0.16310965311987907,67
3239,2,5108,2518,2590,0,0,0,1.0,1,1.0,1,1.0,1,0.17090188788111785,69
3240,1,5109,2519,2590,0,0,0,1.0,1,1.0,1,1.0,1,0.17797655963796374,69
3241,5,5114,2522,2592,0,0,0,1.0,1,1.0,1,1.0,1,0.19202830092266254,68
3242,0,5114,2522,2592,0,0,0,1.0,1,1.0,1,1.0,1,0.18054946113092765,67
3243,3,5117,2524,2593,0,0,0,1.0,1,1.0,1,1.0,1,0.19727024741486784,68
3244,2,5119,2524,2595,0,0,0,1.0,1,1.0,1,1.0,1,0.165211150429729,68
3245,1,5120,2524,2596,0,0,0,1.0,1,1.0,1,1.0,1,0.1524989509351902,69
3246,2,5122,2525,2597,0,0,0,1.0,1,1.0,1,1.0,1,0.1540829695530019,68
3247,0,5122,2525,2597,0,0,0,1.0,1,1.0,1,1.0,1,0.1540829695530019,68
3248,1,5123,2526,2597,0,0,0,1.0,1,1.0,1,1.0,1,0.1605537062193172,68
3249,0,5123,2526,2597,0,0,0,1.0,1,1.0,1,1.0,1,0.16577989429361398,69
3250,0,5123,2526,2597,0,0,0,1.0,1,1.0,1,1.0,1,0.16577989429361398,69
3251,1,5124,2527,2597,0,0,0,1.0,1,1.0,1,1.0,1,0.18923181477694645,68
3252,0,5124,2527,2597,0,0,0,1.0,1,1.0,1,1.0,1,0.17062292804366808,68
3253,2,5126,2528,2598,0,0,0,1.0,1,1.0,1,1.0,1,0.1720223629461906,69
3254,0,5126,2528,2598,0,0,0,1.0,1,1.0,1,1.0,1,0.1720223629461906,69
3255,4,5130,2528,2602,0,0,0,1.0,1,1.0,1,1.0,1,0.14662590335801395,70
3256,1,5131,2528,2603,0,0,0,1.0,1,1.0,1,1.0,1,0.1254198701814781,70
3257,0,5131,2528,2603,0,0,0,1.0,1,1.0,1,1.0,1,0.13392951850006973,71
3258,2,5133,2530,2603,0,0,0,1.0,1,1.0,1,1.0,1,0.13928296502344184,72
3259,1,5134,2531,2603,0,0,0,1.0,1,1.0,1,1.0,1,0.14798456685480066,71
3260,0,5134,2531,2603,0,0,0,1.0,1,1.0,1,1.0,1,0.17100455324474936,72
3261,1,5135,2532,2603,0,0,0,1.0,1,1.0,1,1.0,1,0.19867791613714003,74
3262,5,5140,2533,2607,0,0,0,1.0,1,1.0,1,1.0,1,0.1777628182942666,73
3263,2,5142,2534,2608,0,0,0,1.0,1,1.0,1,1.0,1,0.17869558184040663,73
3264,2,5144,2536,2608,0,0,0,1.0,1,1.0,1,1.0,1,0.22731828369284796,71
3265,5,5149,2538,2611,0,0,0,1.0,1,1.0,1,1.0,1,0.19573028241570292,70
3266,3,5152,2541,2611,0,0,0,1.0,1,1.0,1,1.0,1,0.18842811144045696,69
3267,4,5156,2542,2614,0,0,0,1.0,1,1.0,1,1.0,1,0.17623503592296252,69
3268,4,5160,2545,2615,0,0,0,1.0,1,1.0,1,1.0,1,0.19326495628568444,68
3269,4,5164,2547,2617,0,0,0,1.0,1,1.0,1,1.0,1,0.20397512983129876,68
3270,0,5164,2547,2617,0,0,0,1.0,1,1.0,1,1.0,1,0.21371079736991966,67
3271,1,5165,2547,2618,0,0,0,1.0,1,1.0,1,1.0,1,0.2145288417130628,66
3272,1,5166,2548,2618,0,0,0,1.0,1,1.0,1,1.0,1,0.20591900025792406,67
3273,1,5167,2548,2619,0,0,0,1.0,1,1.0,1,1.0,1,0.21899005369075258,66
3274,4,5171,2549,2622,0,0,0,1.0,1,1.0,1,1.0,1,0.22068333973252213,68
3275,1,5172,2549,2623,0,0,0,1.0,1,1.0,1,1.0,1,0.21030442665792087,68
3276,0,5172,2549,2623,0,0,0,1.0,1,1.0,1,1.0,1,0.21629880327169881,69
3277,4,5176,2549,2627,0,0,0,1.0,1,1.0,1,1.0,1,0.17712189105711648,68
3278,1,5177,2549,2628,0,0,0,1.0,1,1.0,1,1.0,1,0.17037502290582446,69
3279,1,5178,2550,2628,0,0,0,1.0,1,1.0,1,1.0,1,0.1711371853307486,67
3280,3,5181,2551,2630,0,0,0,1.0,1,1.0,1,1.0,1,0.1738284537306256,66
3281,2,5183,2552,2631,0,0,0,1.0,1,1.0,1,1.0,1,0.17432563362879647,67
3282,3,5186,2553,2633,0,0,0,1.0,1,1.0,1,1.0,1,0.20218400511080142,66
3283,3,5189,2555,2634,0,0,0,1.0,1,1.0,1,1.0,1,0.22186133854741164,67
3284,4,5193,2555,2638,0,0,0,1.0,1,1.0,1,1.0,1,0.15515160287982122,66
3285,1,5194,2556,2638,0,0,0,1.0,1,1.0,1,1.0,1,0.16898952822847346,66
3286,1,5195,2556,2639,0,0,0,1.0,1,1.0,1,1.0,1,0.16343572883344204,63
3287,1,5196,2557,2639,0,0,0,1.0,1,1.0,1,1.0,1,0.20781164979409433,61
3288,1,5197,2557,2640,0,0,0,1.0,1,1.0,1,1.0,1,0.2066034120890397,63
3289,3,5200,2558,2642,0,0,0,1.0,1,1.0,1,1.0,1,0.21244305851601683,62
3290,2,5202,2559,2643,0,0,0,1.0,1,1.0,1,1.0,1,0.21589899014296732,63
3291,2,5204,2560,2644,0,0,0,1.0,1,1.0,1,1.0,1,0.24874296682500374,62
3292,1,5205,2560,2645,0,0,0,1.0,1,1.0,1,1.0,1,0.24633650280656819,63
3293,3,5208,2561,2647,0,0,0,1.0,1,1.0,1,1.0,1,0.25093399840445363,65
3294,0,5208,2561,2647,0,0,0,1.0,1,1.0,1,1.0,1,0.25093399840445363,65
3295,4,5212,2563,2649,0,0,0,1.0,1,1.0,1,1.0,1,0.2253399909317134,65
3296,0,5212,2563,2649,0,0,0,1.0,1,1.0,1,1.0,1,0.2253399909317134,65
3297,1,5213,2564,2649,0,0,0,1.0,1,1.0,1,1.0,1,0.21851840096275946,66
3298,2,5215,2565,2650,0,0,0,1.0,1,1.0,1,1.0,1,0.21459435357299939,66
3299,0,5215,2565,2650,0,0,0,1.0,1,1.0,1,1.0,1,0.21740354973147444,67
3300,2,5217,2567,2650,0,0,0,1.0,1,1.0,1,1.0,1,0.23462659674718553,67
3301,3,5220,2568,2652,0,0,0,1.0,1,1.0,1,1.0,1,0.23947795918074835,68
3302,1,5221,2568,2653,0,0,0,1.0,1,1.0,1,1.0,1,0.23452744473744083,67
3303,1,5222,2569,2653,0,0,0,1.0,1,1.0,1,1.0,1,0.2293596734245134,67
3304,0,5222,2569,2653,0,0,0,1.0,1,1.0,1,1.0,1,0.2300346317580058,67
3305,4,5226,2569,2657,0,0,0,1.0,1,1.0,1,1.0,1,0.22898633373965305,69
3306,1,5227,2569,2658,0,0,0,1.0,1,1.0,1,1.0,1,0.2109708268284323,70
3307,1,5228,2569,2659,0,0,0,1.0,1,1.0,1,1.0,1,0.20607049522779727,70
3308,0,5228,2569,2659,0,0,0,1.0,1,1.0,1,1.0,1,0.20607049522779727,70
3309,0,5228,2569,2659,0,0,0,1.0,1,1.0,1,1.0,1,0.22112512029948916,72
3310,3,5231,2569,2662,0,0,0,1.0,1,1.0,1,1.0,1,0.21836803361188878,74
3311,2,5233,2569,2664,0,0,0,1.0,1,1.0,1,1.0,1,0.19399909039957408,74
3312,0,5233,2569,2664,0,0,0,1.0,1,1.0,1,1.0,1,0.19399909039957408,74
3313,1,5234,2569,2665,0,0,0,1.0,1,1.0,1,1.0,1,0.19490479180009662,75
3314,2,5236,2569,2667,0,0,0,1.0,1,1.0,1,1.0,1,0.19103017147842655,76
3315,1,5237,2570,2667,0,0,0,1.0,1,1.0,1,1.0,1,0.22233151400996082,75
3316,5,5242,2572,2670,0,0,0,1.0,1,1.0,1,1.0,1,0.21786693312904354,76
3317,2,5244,2574,2670,0,0,0,1.0,1,1.0,1,1.0,1,0.228996314530339,73
3318,3,5247,2577,2670,0,0,0,1.0,1,1.0,1,1.0,1,0.2788551922338332,72
3319,8,5255,2578,2677,0,0,0,1.0,1,1.0,1,1.0,1,0.20499922521728603,71
3320,0,5255,2578,2677,0,0,0,1.0,1,1.0,1,1.0,1,0.20600311235952404,70
3321,2,5257,2580,2677,0,0,0,1.0,1,1.0,1,1.0,1,0.2334344485368034,69
3322,2,5259,2582,2677,0,0,0,1.0,1,1.0,1,1.0,1,0.20405555605554349,68
3323,1,5260,2582,2678,0,0,0,1.0,1,1.0,1,1.0,1,0.19767378233678537,69
3324,2,5262,2583,2679,0,0,0,1.0,1,1.0,1,1.0,1,0.18790059596199427,69
3325,0,5262,2583,2679,0,0,0,1.0,1,1.0,1,1.0,1,0.18925277823073036,70
3326,3,5265,2585,2680,0,0,0,1.0,1,1.0,1,1.0,1,0.20509083481007573,69
3327,1,5266,2586,2680,0,0,0,1.0,1,1.0,1,1.0,1,0.21318899431440208,70
3328,1,5267,2586,2681,0,0,0,1.0,1,1.0,1,1.0,1,0.2058259057144133,73
3329,1,5268,2587,2681,0,0,0,1.0,1,1.0,1,1.0,1,0.24558839850828884,72
3330,1,5269,2588,2681,0,0,0,1.0,1,1.0,1,1.0,1,0.25472625150434974,72
3331,1,5270,2589,2681,0,0,0,1.0,1,1.0,1,1.0,1,0.2425858434640752,72
3332,1,5271,2589,2682,0,0,0,1.0,1,1.0,1,1.0,1,0.24023259214348522,73
3333,0,5271,2589,2682,0,0,0,1.0,1,1.0,1,1.0,1,0.24056439254258044,72
3334,1,5272,2589,2683,0,0,0,1.0,1,1.0,1,1.0,1,0.2265905799090028,73
3335,0,5272,2589,2683,0,0,0,1.0,1,1.0,1,1.0,1,0.2332169026862394,74
3336,0,5272,2589,2683,0,0,0,1.0,1,1.0,1,1.0,1,0.2332169026862394,74
3337,0,5272,2589,2683,0,0,0,1.0,1,1.0,1,1.0,1,0.2332169026862394,74
3338,0,5272,2589,2683,0,0,0,1.0,1,1.0,1,1.0,1,0.2332169026862394,74
3339,2,5274,2590,2684,0,0,0,1.0,1,1.0,1,1.0,1,0.24065649726736044,75
3340,2,5276,2590,2686,0,0,0,1.0,1,1.0,1,1.0,1,0.22932141379772286,75
3341,2,5278,2590,2688,0,0,0,1.0,1,1.0,1,1.0,1,0.22961831257291462,76
3342,1,5279,2590,2689,0,0,0,1.0,1,1.0,1,1.0,1,0.24019075281070576,76
3343,3,5282,2591,2691,0,0,0,1.0,1,1.0,1,1.0,1,0.22385853704311884,75
3344,3,5285,2592,2693,0,0,0,1.0,1,1.0,1,1.0,1,0.21799971682116526,75
3345,2,5287,2594,2693,0,0,0,1.0,1,1.0,1,1.0,1,0.24231636794027062,72
3346,5,5292,2595,2697,0,0,0,1.0,1,1.0,1,1.0,1,0.22586867051856788,73
3347,4,5296,2597,2699,0,0,0,1.0,1,1.0,1,1.0,1,0.21643858608923658,73
3348,1,5297,2598,2699,0,0,0,1.0,1,1.0,1,1.0,1,0.2300135608313446,73
3349,6,5303,2599,2704,0,0,0,1.0,1,1.0,1,1.0,1,0.18673731431492238,74
3350,4,5307,2601,2706,0,0,0,1.0,1,1.0,1,1.0,1,0.1893321768883705,73
3351,1,5308,2602,2706,0,0,0,1.0,1,1.0,1,1.0,1,0.19444201825382387,72
3352,0,5308,2602,2706,0,0,0,1.0,1,1.0,1,1.0,1,0.20729044915651157,72
3353,1,5309,2603,2706,0,0,0,1.0,1,1.0,1,1.0,1,0.23475185162614357,72
3354,5,5314,2605,2709,0,0,0,1.0,1,1.0,1,1.0,1,0.221141466704372,70
3355,2,5316,2606,2710,0,0,0,1.0,1,1.0,1,1.0,1,0.24344043140704866,69
3356,3,5319,2609,2710,0,0,0,1.0,1,1.0,1,1.0,1,0.26198280945203195,69
3357,2,5321,2610,2711,0,0,0,1.0,1,1.0,1,1.0,1,0.24118239460896626,68
3358,1,5322,2611,2711,0,0,0,1.0,1,1.0,1,1.0,1,0.2566870959145452,68
3359,1,5323,2612,2711,0,0,0,1.0,1,1.0,1,1.0,1,0.2613396068363233,66
3360,2,5325,2614,2711,0,0,0,1.0,1,1.0,1,1.0,1,0.3127162665752076,65
3361,2,5327,2614,2713,0,0,0,1.0,1,1.0,1,1.0,1,0.25863235174356164,64
3362,0,5327,2614,2713,0,0,0,1.0,1,1.0,1,1.0,1,0.25863235174356164,64
3363,0,5327,2614,2713,0,0,0,1.0,1,1.0,1,1.0,1,0.2578288601819047,65
3364,1,5328,2614,2714,0,0,0,1.0,1,1.0,1,1.0,1,0.24251771120573065,66
3365,0,5328,2614,2714,0,0,0,1.0,1,1.0,1,1.0,1,0.2492649190303898,68
3366,1,5329,2615,2714,0,0,0,1.0,1,1.0,1,1.0,1,0.26791523181443605,66
3367,1,5330,2615,2715,0,0,0,1.0,1,1.0,1,1.0,1,0.27692249011482667,68
3368,2,5332,2616,2716,0,0,0,1.0,1,1.0,1,1.0,1,0.27579812072994864,68
3369,1,5333,2616,2717,0,0,0,1.0,1,1.0,1,1.0,1,0.2689234654495789,69
3370,2,5335,2616,2719,0,0,0,1.0,1,1.0,1,1.0,1,0.24116251506256647,71
3371,1,5336,2616,2720,0,0,0,1.0,1,1.0,1,1.0,1,0.23432065707172872,71
3372,2,5338,2617,2721,0,0,0,1.0,1,1.0,1,1.0,1,0.2398266137735143,71
3373,3,5341,2617,2724,0,0,0,1.0,1,1.0,1,1.0,1,0.21601902471761417,72
3374,1,5342,2617,2725,0,0,0,1.0,1,1.0,1,1.0,1,0.20846281664643326,72
3375,1,5343,2618,2725,0,0,0,1.0,1,1.0,1,1.0,1,0.21399560832034395,73
3376,2,5345,2618,2727,0,0,0,1.0,1,1.0,1,1.0,1,0.19839375568652876,75
3377,1,5346,2619,2727,0,0,0,1.0,1,1.0,1,1.0,1,0.20276568277552692,77
3378,0,5346,2619,2727,0,0,0,1.0,1,1.0,1,1.0,1,0.20276568277552692,77
3379,3,5349,2621,2728,0,0,0,1.0,1,1.0,1,1.0,1,0.2034480231017194,77
3380,0,5349,2621,2728,0,0,0,1.0,1,1.0,1,1.0,1,0.21314164036017058,76
3381,1,5350,2622,2728,0,0,0,1.0,1,1.0,1,1.0,1,0.213057664319846,76
3382,2,5352,2623,2729,0,0,0,1.0,1,1.0,1,1.0,1,0.21754048136834478,78
3383,0,5352,2623,2729,0,0,0,1.0,1,1.0,1,1.0,1,0.21594766692769135,77
3384,5,5357,2628,2729,0,0,0,1.0,1,1.0,1,1.0,1,0.27216512323245906,77
3385,8,5365,2629,2736,0,0,0,1.0,1,1.0,1,1.0,1,0.24816442842036557,75
3386,1,5366,2630,2736,0,0,0,1.0,1,1.0,1,1.0,1,0.24635264248778826,76
3387,1,5367,2630,2737,0,0,0,1.0,1,1.0,1,1.0,1,0.23611930797359257,75
3388,2,5369,2631,2738,0,0,0,1.0,1,1.0,1,1.0,1,0.2421342314011524,76
3389,0,5369,2631,2738,0,0,0,1.0,1,1.0,1,1.0,1,0.24040311455567256,77
3390,0,5369,2631,2738,0,0,0,1.0,1,1.0,1,1.0,1,0.24250846996772843,76
3391,1,5370,2632,2738,0,0,0,1.0,1,1.0,1,1.0,1,0.2216901584544528,77
3392,2,5372,2632,2740,0,0,0,1.0,1,1.0,1,1.0,1,0.20607434634498276,78
3393,2,5374,2633,2741,0,0,0,1.0,1,1.0,1,1.0,1,0.19354454734091042,76
3394,3,5377,2634,2743,0,0,0,1.0,1,1.0,1,1.0,1,0.20768050572774627,75
3395,0,5377,2634,2743,0,0,0,1.0,1,1.0,1,1.0,1,0.21042626528107025,73
3396,1,5378,2634,2744,0,0,0,1.0,1,1.0,1,1.0,1,0.19269193635627896,73
3397,1,5379,2635,2744,0,0,0,1.0,1,1.0,1,1.0,1,0.18416653056166393,74
3398,1,5380,2636,2744,0,0,0,1.0,1,1.0,1,1.0,1,0.18641351273676005,74
3399,3,5383,2638,2745,0,0,0,1.0,1,1.0,1,1.0,1,0.19743912078323786,75
3400,5,5388,2639,2749,0,0,0,1.0,1,1.0,1,1.0,1,0.15835036852837808,75
3401,3,5391,2640,2751,0,0,0,1.0,1,1.0,1,1.0,1,0.14330755833900438,77
3402,1,5392,2641,2751,0,0,0,1.0,1,1.0,1,1.0,1,0.14723992494289395,77
3403,4,5396,2642,2754,0,0,0,1.0,1,1.0,1,1.0,1,0.14078537813689532,78
3404,1,5397,2643,2754,0,0,0,1.0,1,1.0,1,1.0,1,0.14893874909340346,78
3405,0,5397,2643,2754,0,0,0,1.0,1,1.0,1,1.0,1,0.14893874909340346,78
3406,1,5398,2644,2754,0,0,0,1.0,1,1.0,1,1.0,1,0.15584894535841548,78
3407,0,5398,2644,2754,0,0,0,1.0,1,1.0,1,1.0,1,0.15575376023591275,78
3408,1,5399,2644,2755,0,0,0,1.0,1,1.0,1,1.0,1,0.13972857390737906,79
3409,0,5399,2644,2755,0,0,0,1.0,1,1.0,1,1.0,1,0.14415554670404104,81
3410,0,5399,2644,2755,0,0,0,1.0,1,1.0,1,1.0,1,0.15007870941421206,82
3411,1,5400,2644,2756,0,0,0,1.0,1,1.0,1,1.0,1,0.14498145799343995,84
3412,0,5400,2644,2756,0,0,0,1.0,1,1.0,1,1.0,1,0.14498145799343995,84
3413,1,5401,2645,2756,0,0,0,1.0,1,1.0,1,1.0,1,0.14696361172210468,84
3414,0,5401,2645,2756,0,0,0,1.0,1,1.0,1,1.0,1,0.14696361172210468,84
3415,3,5404,2647,2757,0,0,0,1.0,1,1.0,1,1.0,1,0.16756106902803114,85
3416,1,5405,2648,2757,0,0,0,1.0,1,1.0,1,1.0,1,0.15812014891700982,85
3417,3,5408,2649,2759,0,0,0,1.0,1,1.0,1,1.0,1,0.158407776104981,86
3418,1,5409,2650,2759,0,0,0,1.0,1,1.0,1,1.0,1,0.17928269928704998,86
3419,2,5411,2651,2760,0,0,0,1.0,1,1.0,1,1.0,1,0.19554212643935776,87
3420,1,5412,2651,2761,0,0,0,1.0,1,1.0,1,1.0,1,0.1935646619130136,88
3421,5,5417,2653,2764,0,0,0,1.0,1,1.0,1,1.0,1,0.18129570744630835,89
3422,3,5420,2653,2767,0,0,0,1.0,1,1.0,1,1.0,1,0.17336234106010956,90
3423,0,5420,2653,2767,0,0,0,1.0,1,1.0,1,1.0,1,0.1734061954375603,90
3424,1,5421,2653,2768,0,0,0,1.0,1,1.0,1,1.0,1,0.16045572319854542,91
3425,1,5422,2654,2768,0,0,0,1.0,1,1.0,1,1.0,1,0.15969567741925178,90
3426,2,5424,2656,2768,0,0,0,1.0,1,1.0,1,1.0,1,0.16638143374261663,92
3427,2,5426,2656,2770,0,0,0,1.0,1,1.0,1,1.0,1,0.16379308795598416,92
3428,1,5427,2656,2771,0,0,0,1.0,1,1.0,1,1.0,1,0.16336799620923934,91
3429,1,5428,2656,2772,0,0,0,1.0,1,1.0,1,1.0,1,0.16170189516642514,91
3430,3,5431,2658,2773,0,0,0,1.0,1,1.0,1,1.0,1,0.17539071151787153,91
3431,0,5431,2658,2773,0,0,0,1.0,1,1.0,1,1.0,1,0.16236932593128955,90
3432,2,5433,2659,2774,0,0,0,1.0,1,1.0,1,1.0,1,0.17070628960862655,91
3433,3,5436,2659,2777,0,0,0,1.0,1,1.0,1,1.0,1,0.16530381840638775,90
3434,0,5436,2659,2777,0,0,0,1.0,1,1.0,1,1.0,1,0.15817973089796664,89
3435,2,5438,2660,2778,0,0,0,1.0,1,1.0,1,1.0,1,0.16914933884105404,88
3436,0,5438,2660,2778,0,0,0,1.0,1,1.0,1,1.0,1,0.17267385574622238,86
3437,2,5440,2661,2779,0,0,0,1.0,1,1.0,1,1.0,1,0.1854631084966099,86
3438,1,5441,2661,2780,0,0,0,1.0,1,1.0,1,1.0,1,0.19853003192633076,87
3439,3,5444,2662,2782,0,0,0,1.0,1,1.0,1,1.0,1,0.1897593349374897,86
3440,1,5445,2662,2783,0,0,0,1.0,1,1.0,1,1.0,1,0.17585862701974508,86
3441,1,5446,2663,2783,0,0,0,1.0,1,1.0,1,1.0,1,0.17947293785588797,85
3442,2,5448,2663,2785,0,0,0,1.0,1,1.0,1,1.0,1,0.15928447596804512,85
3443,1,5449,2663,2786,0,0,0,1.0,1,1.0,1,1.0,1,0.1612857068316063,85
3444,2,5451,2664,2787,0,0,0,1.0,1,1.0,1,1.0,1,0.14951021620460642,85
3445,3,5454,2666,2788,0,0,0,1.0,1,1.0,1,1.0,1,0.1712190825893842,84
3446,4,5458,2669,2789,0,0,0,1.0,1,1.0,1,1.0,1,0.21496010534082438,85
3447,1,5459,2669,2790,0,0,0,1.0,1,1.0,1,1.0,1,0.21417542148547297,85
3448,5,5464,2671,2793,0,0,0,1.0,1,1.0,1,1.0,1,0.21025217754075232,85
3449,0,5464,2671,2793,0,0,0,1.0,1,1.0,1,1.0,1,0.21942282791256235,84
3450,0,5464,2671,2793,0,0,0,1.0,1,1.0,1,1.0,1,0.21942282791256235,84
3451,1,5465,2672,2793,0,0,0,1.0,1,1.0,1,1.0,1,0.22164372772560778,85
3452,1,5466,2673,2793,0,0,0,1.0,1,1.0,1,1.0,1,0.21423039628163593,86
3453,0,5466,2673,2793,0,0,0,1.0,1,1.0,1,1.0,1,0.2164072648187444,85
3454,4,5470,2673,2797,0,0,0,1.0,1,1.0,1,1.0,1,0.18101008410125255,88
3455,0,5470,2673,2797,0,0,0,1.0,1,1.0,1,1.0,1,0.18101008410125255,88
3456,1,5471,2674,2797,0,0,0,1.0,1,1.0,1,1.0,1,0.1883920793402457,88
3457,2,5473,2674,2799,0,0,0,1.0,1,1.0,1,1.0,1,0.17651995710911436,89
3458,0,5473,2674,2799,0,0,0,1.0,1,1.0,1,1.0,1,0.18312607970800715,88
3459,0,5473,2674,2799,0,0,0,1.0,1,1.0,1,1.0,1,0.18312607970800715,88
3460,1,5474,2674,2800,0,0,0,1.0,1,1.0,1,1.0,1,0.17331768659273775,89
3461,0,5474,2674,2800,0,0,0,1.0,1,1.0,1,1.0,1,0.17331768659273775,89
3462,0,5474,2674,2800,0,0,0,1.0,1,1.0,1,1.0,1,0.1797191142777694,90
3463,2,5476,2674,2802,0,0,0,1.0,1,1.0,1,1.0,1,0.1595346997168176,89
3464,0,5476,2674,2802,0,0,0,1.0,1,1.0,1,1.0,1,0.16311707509584975,88
3465,0,5476,2674,2802,0,0,0,1.0,1,1.0,1,1.0,1,0.19332635510676113,87
3466,3,5479,2674,2805,0,0,0,1.0,1,1.0,1,1.0,1,0.16403584586693848,87
3467,3,5482,2675,2807,0,0,0,1.0,1,1.0,1,1.0,1,0.16533028475697936,87
3468,5,5487,2677,2810,0,0,0,1.0,1,1.0,1,1.0,1,0.1775342900585308,88
3469,4,5491,2678,2813,0,0,0,1.0,1,1.0,1,1.0,1,0.1656916534598316,85
3470,2,5493,2680,2813,0,0,0,1.0,1,1.0,1,1.0,1,0.19487001717981628,86
3471,5,5498,2682,2816,0,0,0,1.0,1,1.0,1,1.0,1,0.2008743899085923,84
3472,2,5500,2683,2817,0,0,0,1.0,1,1.0,1,1.0,1,0.2034598888418078,83
3473,0,5500,2683,2817,0,0,0,1.0,1,1.0,1,1.0,1,0.2060475038585542,81
3474,3,5503,2684,2819,0,0,0,1.0,1,1.0,1,1.0,1,0.16122771530097338,80
3475,3,5506,2685,2821,0,0,0,1.0,1,1.0,1,1.0,1,0.1904888202043921,82
3476,3,5509,2686,2823,0,0,0,1.0,1,1.0,1,1.0,1,0.15486170983558467,81
3477,1,5510,2687,2823,0,0,0,1.0,1,1.0,1,1.0,1,0.1864078117859172,83
3478,2,5512,2688,2824,0,0,0,1.0,1,1.0,1,1.0,1,0.1929477431735928,83
3479,3,5515,2690,2825,0,0,0,1.0,1,1.0,1,1.0,1,0.18245555052504245,83
3480,0,5515,2690,2825,0,0,0,1.0,1,1.0,1,1.0,1,0.18245555052504245,83
3481,3,5518,2692,2826,0,0,0,1.0,1,1.0,1,1.0,1,0.18882560289948666,83
3482,3,5521,2692,2829,0,0,0,1.0,1,1.0,1,1.0,1,0.18224633088976572,83
3483,5,5526,2694,2832,0,0,0,1.0,1,1.0,1,1.0,1,0.164639295179469,82
3484,0,5526,2694,2832,0,0,0,1.0,1,1.0,1,1.0,1,0.164639295179469,82
3485,3,5529,2696,2833,0,0,0,1.0,1,1.0,1,1.0,1,0.18570003339470018,83
3486,1,5530,2696,2834,0,0,0,1.0,1,1.0,1,1.0,1,0.17467774258441374,83
3487,0,5530,2696,2834,0,0,0,1.0,1,1.0,1,1.0,1,0.1801998735857222,84
3488,0,5530,2696,2834,0,0,0,1.0,1,1.0,1,1.0,1,0.1825786076305123,84
3489,1,5531,2696,2835,0,0,0,1.0,1,1.0,1,1.0,1,0.1639216213173546,84
3490,0,5531,2696,2835,0,0,0,1.0,1,1.0,1,1.0,1,0.1639216213173546,84
3491,1,5532,2696,2836,0,0,0,1.0,1,1.0,1,1.0,1,0.16330264233404165,86
3492,2,5534,2697,2837,0,0,0,1.0,1,1.0,1,1.0,1,0.14725380619365097,86
3493,1,5535,2697,2838,0,0,0,1.0,1,1.0,1,1.0,1,0.1337012529993266,86
3494,0,5535,2697,2838,0,0,0,1.0,1,1.0,1,1.0,1,0.1337012529993266,86
3495,1,5536,2697,2839,0,0,0,1.0,1,1.0,1,1.0,1,0.12570443297272604,87
3496,1,5537,2698,2839,0,0,0,1.0,1,1.0,1,1.0,1,0.12695657572988778,88
3497,2,5539,2699,2840,0,0,0,1.0,1,1.0,1,1.0,1,0.13202533223944302,89
3498,0,5539,2699,2840,0,0,0,1.0,1,1.0,1,1.0,1,0.14837939605049177,89
3499,3,5542,2700,2842,0,0,0,1.0,1,1.0,1,1.0,1,0.13851664150397056,91
3500,2,5544,2701,2843,0,0,0,1.0,1,1.0,1,1.0,1,0.1405307422700494,90
3501,0,5544,2701,2843,0,0,0,1.0,1,1.0,1,1.0,1,0.1405307422700494,90
3502,0,5544,2701,2843,0,0,0,1.0,1,1.0,1,1.0,1,0.14580708477501808,91
3503,2,5546,2703,2843,0,0,0,1.0,1,1.0,1,1.0,1,0.15505914030072832,91
3504,2,5548,2705,2843,0,0,0,1.0,1,1.0,1,1.0,1,0.1803171284347245,89
3505,3,5551,2706,2845,0,0,0,1.0,1,1.0,1,1.0,1,0.1711781152627163,87
3506,2,5553,2708,2845,0,0,0,1.0,1,1.0,1,1.0,1,0.1817728376359078,87
3507,5,5558,2711,2847,0,0,0,1.0,1,1.0,1,1.0,1,0.15267087830952006,84
3508,3,5561,2713,2848,0,0,0,1.0,1,1.0,1,1.0,1,0.1831992472989584,83
3509,1,5562,2714,2848,0,0,0,1.0,1,1.0,1,1.0,1,0.1788274153591168,80
3510,0,5562,2714,2848,0,0,0,1.0,1,1.0,1,1.0,1,0.17104236740185674,78
3511,0,5562,2714,2848,0,0,0,1.0,1,1.0,1,1.0,1,0.17134255942036858,77
3512,0,5562,2714,2848,0,0,0,1.0,1,1.0,1,1.0,1,0.18144341690897065,74
3513,1,5563,2715,2848,0,0,0,1.0,1,1.0,1,1.0,1,0.20159888707039716,76
3514,2,5565,2716,2849,0,0,0,1.0,1,1.0,1,1.0,1,0.1943370490280153,76
3515,1,5566,2717,2849,0,0,0,1.0,1,1.0,1,1.0,1,0.1974975518692631,75
3516,1,5567,2718,2849,0,0,0,1.0,1,1.0,1,1.0,1,0.2048846730814296,73
3517,5,5572,2721,2851,0,0,0,1.0,1,1.0,1,1.0,1,0.21932410397149538,74
3518,0,5572,2721,2851,0,0,0,1.0,1,1.0,1,1.0,1,0.2300716196315267,74
3519,0,5572,2721,2851,0,0,0,1.0,1,1.0,1,1.0,1,0.2404950177946963,73
3520,3,5575,2721,2854,0,0,0,1.0,1,1.0,1,1.0,1,0.2122561053452087,74
3521,1,5576,2721,2855,0,0,0,1.0,1,1.0,1,1.0,1,0.2009924946349306,75
3522,0,5576,2721,2855,0,0,0,1.0,1,1.0,1,1.0,1,0.2009924946349306,75
3523,3,5579,2721,2858,0,0,0,1.0,1,1.0,1,1.0,1,0.16776224698281345,75
3524,1,5580,2722,2858,0,0,0,1.0,1,1.0,1,1.0,1,0.16199036007764114,75
3525,0,5580,2722,2858,0,0,0,1.0,1,1.0,1,1.0,1,0.17358674068464056,75
3526,3,5583,2724,2859,0,0,0,1.0,1,1.0,1,1.0,1,0.18857787054127406,76
3527,2,5585,2726,2859,0,0,0,1.0,1,1.0,1,1.0,1,0.2353849334057271,77
3528,8,5593,2727,2866,0,0,0,1.0,1,1.0,1,1.0,1,0.19452610079858954,77
3529,4,5597,2729,2868,0,0,0,1.0,1,1.0,1,1.0,1,0.20492717144934014,78
3530,1,5598,2729,2869,0,0,0,1.0,1,1.0,1,1.0,1,0.21516519311159643,78
3531,1,5599,2730,2869,0,0,0,1.0,1,1.0,1,1.0,1,0.24235041212346525,79
3532,4,5603,2731,2872,0,0,0,1.0,1,1.0,1,1.0,1,0.23972559451910322,79
3533,1,5604,2732,2872,0,0,0,1.0,1,1.0,1,1.0,1,0.259162531266081,79
3534,2,5606,2734,2872,0,0,0,1.0,1,1.0,1,1.0,1,0.28935739016485207,80
3535,2,5608,2734,2874,0,0,0,1.0,1,1.0,1,1.0,1,0.26893105750051605,81
3536,2,5610,2734,2876,0,0,0,1.0,1,1.0,1,1.0,1,0.25756648492976003,82
3537,0,5610,2734,2876,0,0,0,1.0,1,1.0,1,1.0,1,0.25756648492976003,82
3538,3,5613,2735,2878,0,0,0,1.0,1,1.0,1,1.0,1,0.2376167563535592,83
3539,0,5613,2735,2878,0,0,0,1.0,1,1.0,1,1.0,1,0.2376167563535592,83
3540,1,5614,2736,2878,0,0,0,1.0,1,1.0,1,1.0,1,0.2365288394853988,85
3541,3,5617,2737,2880,0,0,0,1.0,1,1.0,1,1.0,1,0.2289404016425653,85
3542,2,5619,2737,2882,0,0,0,1.0,1,1.0,1,1.0,1,0.19933792107928444,88
3543,1,5620,2738,2882,0,0,0,1.0,1,1.0,1,1.0,1,0.19665326966794133,87
3544,1,5621,2739,2882,0,0,0,1.0,1,1.0,1,1.0,1,0.20312496402885105,87
3545,0,5621,2739,2882,0,0,0,1.0,1,1.0,1,1.0,1,0.19768243137334385,85
3546,0,5621,2739,2882,0,0,0,1.0,1,1.0,1,1.0,1,0.1924624583316806,83
3547,1,5622,2739,2883,0,0,0,1.0,1,1.0,1,1.0,1,0.17768912790351565,82
3548,1,5623,2740,2883,0,0,0,1.0,1,1.0,1,1.0,1,0.18027427160009749,82
3549,1,5624,2741,2883,0,0,0,1.0,1,1.0,1,1.0,1,0.18010220555382003,81
3550,3,5627,2743,2884,0,0,0,1.0,1,1.0,1,1.0,1,0.1831488735435712,79
3551,2,5629,2745,2884,0,0,0,1.0,1,1.0,1,1.0,1,0.187788481042627,80
3552,2,5631,2746,2885,0,0,0,1.0,1,1.0,1,1.0,1,0.19308494014279837,78
3553,2,5633,2747,2886,0,0,0,1.0,1,1.0,1,1.0,1,0.1921491189254192,79
3554,1,5634,2747,2887,0,0,0,1.0,1,1.0,1,1.0,1,0.18661201939895153,77
3555,1,5635,2748,2887,0,0,0,1.0,1,1.0,1,1.0,1,0.19929494871539433,77
3556,1,5636,2748,2888,0,0,0,1.0,1,1.0,1,1.0,1,0.2038778172473305,76
3557,1,5637,2748,2889,0,0,0,1.0,1,1.0,1,1.0,1,0.19333563944867685,76
3558,2,5639,2749,2890,0,0,0,1.0,1,1.0,1,1.0,1,0.20180020634484788,76
3559,5,5644,2749,2895,0,0,0,1.0,1,1.0,1,1.0,1,0.16936528595493394,76
3560,3,5647,2750,2897,0,0,0,1.0,1,1.0,1,1.0,1,0.18380554092240478,78
3561,2,5649,2750,2899,0,0,0,1.0,1,1.0,1,1.0,1,0.17037624874130922,79
3562,2,5651,2751,2900,0,0,0,1.0,1,1.0,1,1.0,1,0.15428900628168382,79
3563,3,5654,2753,2901,0,0,0,1.0,1,1.0,1,1.0,1,0.1513948916683872,79
3564,2,5656,2755,2901,0,0,0,1.0,1,1.0,1,1.0,1,0.1735039748878754,80
3565,2,5658,2756,2902,0,0,0,1.0,1,1.0,1,1.0,1,0.17400990666692168,83
3566,2,5660,2757,2903,0,0,0,1.0,1,1.0,1,1.0,1,0.20341901935013273,84
3567,1,5661,2757,2904,0,0,0,1.0,1,1.0,1,1.0,1,0.1941117313990543,84
3568,6,5667,2758,2909,0,0,0,1.0,1,1.0,1,1.0,1,0.16045876848350804,84
3569,1,5668,2759,2909,0,0,0,1.0,1,1.0,1,1.0,1,0.16657559801830724,84
3570,5,5673,2761,2912,0,0,0,1.0,1,1.0,1,1.0,1,0.1665141068269579,87
3571,3,5676,2762,2914,0,0,0,1.0,1,1.0,1,1.0,1,0.17420010157551566,86
3572,3,5679,2763,2916,0,0,0,1.0,1,1.0,1,1.0,1,0.15527811380606135,87
3573,1,5680,2764,2916,0,0,0,1.0,1,1.0,1,1.0,1,0.16443665752808087,87
3574,2,5682,2766,2916,0,0,0,1.0,1,1.0,1,1.0,1,0.17979747808756813,88
3575,1,5683,2766,2917,0,0,0,1.0,1,1.0,1,1.0,1,0.17561694810450298,88
3576,1,5684,2767,2917,0,0,0,1.0,1,1.0,1,1.0,1,0.17408167089201776,90
3577,2,5686,2767,2919,0,0,0,1.0,1,1.0,1,1.0,1,0.1535354497045408,90
3578,1,5687,2768,2919,0,0,0,1.0,1,1.0,1,1.0,1,0.15931813130608052,91
3579,1,5688,2769,2919,0,0,0,1.0,1,1.0,1,1.0,1,0.15995713152379443,91
3580,2,5690,2769,2921,0,0,0,1.0,1,1.0,1,1.0,1,0.16206066999714433,91
3581,1,5691,2770,2921,0,0,0,1.0,1,1.0,1,1.0,1,0.16380469191602764,91
3582,3,5694,2771,2923,0,0,0,1.0,1,1.0,1,1.0,1,0.1578589876693016,92
3583,1,5695,2771,2924,0,0,0,1.0,1,1.0,1,1.0,1,0.14891924051631497,88
3584,4,5699,2774,2925,0,0,0,1.0,1,1.0,1,1.0,1,0.16749395181828125,87
3585,5,5704,2778,2926,0,0,0,1.0,1,1.0,1,1.0,1,0.1907711860980579,84
3586,6,5710,2781,2929,0,0,0,1.0,1,1.0,1,1.0,1,0.15878771644036224,83
3587,1,5711,2781,2930,0,0,0,1.0,1,1.0,1,1.0,1,0.1566019110520869,82
3588,2,5713,2783,2930,0,0,0,1.0,1,1.0,1,1.0,1,0.17702339283829624,81
3589,6,5719,2787,2932,0,0,0,1.0,1,1.0,1,1.0,1,0.20221779968161718,80
3590,3,5722,2789,2933,0,0,0,1.0,1,1.0,1,1.0,1,0.20994613639444576,78
3591,3,5725,2791,2934,0,0,0,1.0,1,1.0,1,1.0,1,0.19258361993243722,77
3592,6,5731,2792,2939,0,0,0,1.0,1,1.0,1,1.0,1,0.17106762654010313,75
3593,4,5735,2794,2941,0,0,0,1.0,1,1.0,1,1.0,1,0.17007322059180457,76
3594,0,5735,2794,2941,0,0,0,1.0,1,1.0,1,1.0,1,0.17848655437492741,74
3595,4,5739,2796,2943,0,0,0,1.0,1,1.0,1,1.0,1,0.1849009888256481,74
3596,1,5740,2797,2943,0,0,0,1.0,1,1.0,1,1.0,1,0.183101944339566,73
3597,3,5743,2799,2944,0,0,0,1.0,1,1.0,1,1.0,1,0.1698072702952951,73
3598,2,5745,2801,2944,0,0,0,1.0,1,1.0,1,1.0,1,0.1823500591460441,73
3599,3,5748,2802,2946,0,0,0,1.0,1,1.0,1,1.0,1,0.16353618263570943,73
3600,0,5748,2802,2946,0,0,0,1.0,1,1.0,1,1.0,1,0.160180306127903,74
3601,4,5752,2803,2949,0,0,0,1.0,1,1.0,1,1.0,1,0.14204963325029207,75
3602,2,5754,2803,2951,0,0,0,1.0,1,1.0,1,1.0,1,0.10961419219129329,76
3603,2,5756,2805,2951,0,0,0,1.0,1,1.0,1,1.0,1,0.1435757140955557,77
3604,3,5759,2806,2953,0,0,0,1.0,1,1.0,1,1.0,1,0.13595702854539607,78
3605,1,5760,2806,2954,0,0,0,1.0,1,1.0,1,1.0,1,0.11253852639368817,77
3606,1,5761,2807,2954,0,0,0,1.0,1,1.0,1,1.0,1,0.12306370356033265,79
3607,0,5761,2807,2954,0,0,0,1.0,1,1.0,1,1.0,1,0.12306370356033265,79
3608,0,5761,2807,2954,0,0,0,1.0,1,1.0,1,1.0,1,0.12306370356033265,79
3609,0,5761,2807,2954,0,0,0,1.0,1,1.0,1,1.0,1,0.12306370356033265,79
3610,1,5762,2808,2954,0,0,0,1.0,1,1.0,1,1.0,1,0.1454215128937763,80
3611,2,5764,2809,2955,0,0,0,1.0,1,1.0,1,1.0,1,0.13360667811104054,80
3612,1,5765,2809,2956,0,0,0,1.0,1,1.0,1,1.0,1,0.13483379483587307,79
3613,1,5766,2810,2956,0,0,0,1.0,1,1.0,1,1.0,1,0.1310009792093636,79
3614,3,5769,2813,2956,0,0,0,1.0,1,1.0,1,1.0,1,0.14991128291044087,78
3615,1,5770,2813,2957,0,0,0,1.0,1,1.0,1,1.0,1,0.13488902210638698,79
3616,2,5772,2814,2958,0,0,0,1.0,1,1.0,1,1.0,1,0.14709603330991086,79
3617,2,5774,2816,2958,0,0,0,1.0,1,1.0,1,1.0,1,0.15275575244452075,80
3618,4,5778,2816,2962,0,0,0,1.0,1,1.0,1,1.0,1,0.14074556430616658,82
3619,3,5781,2816,2965,0,0,0,1.0,1,1.0,1,1.0,1,0.12148798273603795,82
3620,2,5783,2817,2966,0,0,0,1.0,1,1.0,1,1.0,1,0.136856999637859,81
3621,0,5783,2817,2966,0,0,0,1.0,1,1.0,1,1.0,1,0.15168216579471824,83
3622,4,5787,2818,2969,0,0,0,1.0,1,1.0,1,1.0,1,0.1467756245167509,81
3623,3,5790,2821,2969,0,0,0,1.0,1,1.0,1,1.0,1,0.18552690344557612,81
3624,3,5793,2823,2970,0,0,0,1.0,1,1.0,1,1.0,1,0.18990005796940834,79
3625,7,5800,2826,2974,0,0,0,1.0,1,1.0,1,1.0,1,0.21544223777733976,80
3626,0,5800,2826,2974,0,0,0,1.0,1,1.0,1,1.0,1,0.185089079608038,78
3627,1,5801,2826,2975,0,0,0,1.0,1,1.0,1,1.0,1,0.1927904787288202,78
3628,2,5803,2826,2977,0,0,0,1.0,1,1.0,1,1.0,1,0.1620902866685589,77
3629,0,5803,2826,2977,0,0,0,1.0,1,1.0,1,1.0,1,0.15834894272552938,76
3630,1,5804,2826,2978,0,0,0,1.0,1,1.0,1,1.0,1,0.14234347489362992,77
3631,2,5806,2828,2978,0,0,0,1.0,1,1.0,1,1.0,1,0.14433072944078618,75
3632,3,5809,2831,2978,0,0,0,1.0,1,1.0,1,1.0,1,0.1963781397780545,74
3633,3,5812,2833,2979,0,0,0,1.0,1,1.0,1,1.0,1,0.17791478935534,75
3634,3,5815,2834,2981,0,0,0,1.0,1,1.0,1,1.0,1,0.18034534072475633,74
3635,2,5817,2835,2982,0,0,0,1.0,1,1.0,1,1.0,1,0.17656848117494692,74
3636,0,5817,2835,2982,0,0,0,1.0,1,1.0,1,1.0,1,0.18721695179736278,74
3637,4,5821,2835,2986,0,0,0,1.0,1,1.0,1,1.0,1,0.17257500057319547,74
3638,3,5824,2835,2989,0,0,0,1.0,1,1.0,1,1.0,1,0.15520894302752103,75
3639,3,5827,2838,2989,0,0,0,1.0,1,1.0,1,1.0,1,0.15388088544500692,76
3640,3,5830,2838,2992,0,0,0,1.0,1,1.0,1,1.0,1,0.12476571659710206,76
3641,2,5832,2840,2992,0,0,0,1.0,1,1.0,1,1.0,1,0.16467107947966353,75
3642,4,5836,2842,2994,0,0,0,1.0,1,1.0,1,1.0,1,0.1789491773443841,75
3643,2,5838,2842,2996,0,0,0,1.0,1,1.0,1,1.0,1,0.15960208912147475,74
3644,1,5839,2843,2996,0,0,0,1.0,1,1.0,1,1.0,1,0.15284551384480796,74
3645,0,5839,2843,2996,0,0,0,1.0,1,1.0,1,1.0,1,0.15284551384480796,74
3646,0,5839,2843,2996,0,0,0,1.0,1,1.0,1,1.0,1,0.14439906444409453,75
3647,1,5840,2843,2997,0,0,0,1.0,1,1.0,1,1.0,1,0.14480309728959997,77
3648,1,5841,2843,2998,0,0,0,1.0,1,1.0,1,1.0,1,0.15646203342860876,78
3649,1,5842,2843,2999,0,0,0,1.0,1,1.0,1,1.0,1,0.15057027460097847,80
3650,3,5845,2844,3001,0,0,0,1.0,1,1.0,1,1.0,1,0.1538247880081526,81
3651,1,5846,2844,3002,0,0,0,1.0,1,1.0,1,1.0,1,0.14310758981736282,81
3652,1,5847,2845,3002,0,0,0,1.0,1,1.0,1,1.0,1,0.17424920323122914,83
3653,1,5848,2845,3003,0,0,0,1.0,1,1.0,1,1.0,1,0.1594372225855088,83
3654,0,5848,2845,3003,0,0,0,1.0,1,1.0,1,1.0,1,0.1594372225855088,83
3655,0,5848,2845,3003,0,0,0,1.0,1,1.0,1,1.0,1,0.15265552003255484,84
3656,0,5848,2845,3003,0,0,0,1.0,1,1.0,1,1.0,1,0.1594107383013421,85
3657,1,5849,2846,3003,0,0,0,1.0,1,1.0,1,1.0,1,0.17038486795787197,86
3658,2,5851,2846,3005,0,0,0,1.0,1,1.0,1,1.0,1,0.16611174745047042,87
3659,0,5851,2846,3005,0,0,0,1.0,1,1.0,1,1.0,1,0.16381376563021724,87
3660,0,5851,2846,3005,0,0,0,1.0,1,1.0,1,1.0,1,0.17108511428875078,86
3661,4,5855,2847,3008,0,0,0,1.0,1,1.0,1,1.0,1,0.16567429435482145,86
3662,0,5855,2847,3008,0,0,0,1.0,1,1.0,1,1.0,1,0.1731406802615145,83
3663,5,5860,2851,3009,0,0,0,1.0,1,1.0,1,1.0,1,0.22409346270602898,85
3664,6,5866,2852,3014,0,0,0,1.0,1,1.0,1,1.0,1,0.1644401671504952,82
3665,3,5869,2853,3016,0,0,0,1.0,1,1.0,1,1.0,1,0.15497418526574844,81
3666,2,5871,2855,3016,0,0,0,1.0,1,1.0,1,1.0,1,0.19040804493110755,79
3667,3,5874,2855,3019,0,0,0,1.0,1,1.0,1,1.0,1,0.16714482905874453,79
3668,1,5875,2856,3019,0,0,0,1.0,1,1.0,1,1.0,1,0.15816291709437916,77
3669,0,5875,2856,3019,0,0,0,1.0,1,1.0,1,1.0,1,0.1778890824240254,75
3670,2,5877,2858,3019,0,0,0,1.0,1,1.0,1,1.0,1,0.17598402495340484,76
3671,1,5878,2859,3019,0,0,0,1.0,1,1.0,1,1.0,1,0.1645901958486987,74
3672,2,5880,2860,3020,0,0,0,1.0,1,1.0,1,1.0,1,0.16098679879471062,75
3673,0,5880,2860,3020,0,0,0,1.0,1,1.0,1,1.0,1,0.16098679879471062,75
3674,3,5883,2863,3020,0,0,0,1.0,1,1.0,1,1.0,1,0.16367262612374373,75
3675,1,5884,2863,3021,0,0,0,1.0,1,1.0,1,1.0,1,0.15804687649062663,75
3676,1,5885,2864,3021,0,0,0,1.0,1,1.0,1,1.0,1,0.170034716116954,75
3677,0,5885,2864,3021,0,0,0,1.0,1,1.0,1,1.0,1,0.17867413670285454,75
3678,0,5885,2864,3021,0,0,0,1.0,1,1.0,1,1.0,1,0.1914638605315726,77
3679,2,5887,2865,3022,0,0,0,1.0,1,1.0,1,1.0,1,0.20749474327938083,78
3680,2,5889,2865,3024,0,0,0,1.0,1,1.0,1,1.0,1,0.19966631365959434,80
3681,1,5890,2865,3025,0,0,0,1.0,1,1.0,1,1.0,1,0.20350534259226735,81
3682,0,5890,2865,3025,0,0,0,1.0,1,1.0,1,1.0,1,0.20350534259226735,81
3683,1,5891,2866,3025,0,0,0,1.0,1,1.0,1,1.0,1,0.21670472347805567,81
3684,0,5891,2866,3025,0,0,0,1.0,1,1.0,1,1.0,1,0.21670472347805567,81
3685,0,5891,2866,3025,0,0,0,1.0,1,1.0,1,1.0,1,0.21670472347805567,81
3686,0,5891,2866,3025,0,0,0,1.0,1,1.0,1,1.0,1,0.21670472347805567,81
3687,1,5892,2866,3026,0,0,0,1.0,1,1.0,1,1.0,1,0.20465443637546557,82
3688,4,5896,2866,3030,0,0,0,1.0,1,1.0,1,1.0,1,0.19392118819643475,84
3689,0,5896,2866,3030,0,0,0,1.0,1,1.0,1,1.0,1,0.19392118819643475,84
3690,0,5896,2866,3030,0,0,0,1.0,1,1.0,1,1.0,1,0.2033489225173472,85
3691,0,5896,2866,3030,0,0,0,1.0,1,1.0,1,1.0,1,0.20014090896122763,86
3692,0,5896,2866,3030,0,0,0,1.0,1,1.0,1,1.0,1,0.1982801142820276,86
3693,1,5897,2866,3031,0,0,0,1.0,1,1.0,1,1.0,1,0.1952981201794407,86
3694,1,5898,2866,3032,0,0,0,1.0,1,1.0,1,1.0,1,0.18699111594821358,86
3695,2,5900,2868,3032,0,0,0,1.0,1,1.0,1,1.0,1,0.22516034407444788,86
3696,4,5904,2868,3036,0,0,0,1.0,1,1.0,1,1.0,1,0.17580881501291032,87
3697,2,5906,2870,3036,0,0,0,1.0,1,1.0,1,1.0,1,0.17862953821591618,85
3698,1,5907,2871,3036,0,0,0,1.0,1,1.0,1,1.0,1,0.17960237766876794,85
3699,1,5908,2872,3036,0,0,0,1.0,1,1.0,1,1.0,1,0.17245774724202445,85
3700,3,5911,2874,3037,0,0,0,1.0,1,1.0,1,1.0,1,0.17811977976357923,84
3701,1,5912,2874,3038,0,0,0,1.0,1,1.0,1,1.0,1,0.17080018289493654,85
3702,2,5914,2876,3038,0,0,0,1.0,1,1.0,1,1.0,1,0.17420239986155317,85
3703,0,5914,2876,3038,0,0,0,1.0,1,1.0,1,1.0,1,0.17420239986155317,85
3704,3,5917,2878,3039,0,0,0,1.0,1,1.0,1,1.0,1,0.19802608712317635,85
3705,0,5917,2878,3039,0,0,0,1.0,1,1.0,1,1.0,1,0.18854639537215284,86
3706,2,5919,2879,3040,0,0,0,1.0,1,1.0,1,1.0,1,0.1915564976139123,86
3707,1,5920,2880,3040,0,0,0,1.0,1,1.0,1,1.0,1,0.2005515082472807,85
3708,2,5922,2880,3042,0,0,0,1.0,1,1.0,1,1.0,1,0.17561930406245685,84
3709,0,5922,2880,3042,0,0,0,1.0,1,1.0,1,1.0,1,0.1798977598403561,85
3710,0,5922,2880,3042,0,0,0,1.0,1,1.0,1,1.0,1,0.17230455114128548,84
3711,1,5923,2880,3043,0,0,0,1.0,1,1.0,1,1.0,1,0.1700636442922579,85
3712,1,5924,2880,3044,0,0,0,1.0,1,1.0,1,1.0,1,0.1654134834876321,85
3713,0,5924,2880,3044,0,0,0,1.0,1,1.0,1,1.0,1,0.1654134834876321,85
3714,3,5927,2881,3046,0,0,0,1.0,1,1.0,1,1.0,1,0.1782315266083008,85
3715,2,5929,2882,3047,0,0,0,1.0,1,1.0,1,1.0,1,0.17110000558087055,85
3716,1,5930,2883,3047,0,0,0,1.0,1,1.0,1,1.0,1,0.1718642406685908,84
3717,0,5930,2883,3047,0,0,0,1.0,1,1.0,1,1.0,1,0.17816604127805563,86
3718,2,5932,2883,3049,0,0,0,1.0,1,1.0,1,1.0,1,0.17952538093874068,85
3719,1,5933,2884,3049,0,0,0,1.0,1,1.0,1,1.0,1,0.18748206806087517,84
3720,0,5933,2884,3049,0,0,0,1.0,1,1.0,1,1.0,1,0.2069738611222639,84
3721,5,5938,2888,3050,0,0,0,1.0,1,1.0,1,1.0,1,0.2136863649663664,85
3722,1,5939,2888,3051,0,0,0,1.0,1,1.0,1,1.0,1,0.20789959104962868,85
3723,2,5941,2889,3052,0,0,0,1.0,1,1.0,1,1.0,1,0.20971869926200426,85
3724,3,5944,2889,3055,0,0,0,1.0,1,1.0,1,1.0,1,0.18803028792871804,86
3725,1,5945,2889,3056,0,0,0,1.0,1,1.0,1,1.0,1,0.17566716513624198,86
3726,0,5945,2889,3056,0,0,0,1.0,1,1.0,1,1.0,1,0.17566716513624198,86
3727,0,5945,2889,3056,0,0,0,1.0,1,1.0,1,1.0,1,0.17566716513624198,86
3728,1,5946,2890,3056,0,0,0,1.0,1,1.0,1,1.0,1,0.1921227745446326,86
3729,3,5949,2891,3058,0,0,0,1.0,1,1.0,1,1.0,1,0.18569571415895297,86
3730,0,5949,2891,3058,0,0,0,1.0,1,1.0,1,1.0,1,0.1956639258312154,85
3731,1,5950,2891,3059,0,0,0,1.0,1,1.0,1,1.0,1,0.20119552787876835,86
3732,0,5950,2891,3059,0,0,0,1.0,1,1.0,1,1.0,1,0.19649601075821552,87
3733,1,5951,2892,3059,0,0,0,1.0,1,1.0,1,1.0,1,0.2067367814739409,87
3734,0,5951,2892,3059,0,0,0,1.0,1,1.0,1,1.0,1,0.2067367814739409,87
3735,2,5953,2893,3060,0,0,0,1.0,1,1.0,1,1.0,1,0.22392906478419514,86
3736,3,5956,2893,3063,0,0,0,1.0,1,1.0,1,1.0,1,0.18997013335722335,87
3737,1,5957,2894,3063,0,0,0,1.0,1,1.0,1,1.0,1,0.20765524501822358,87
3738,2,5959,2896,3063,0,0,0,1.0,1,1.0,1,1.0,1,0.22244883799278728,87
3739,7,5966,2896,3070,0,0,0,1.0,1,1.0,1,1.0,1,0.17603107653201577,88
3740,4,5970,2898,3072,0,0,0,1.0,1,1.0,1,1.0,1,0.20848253173257264,87
3741,3,5973,2898,3075,0,0,0,1.0,1,1.0,1,1.0,1,0.20053085192948897,87
3742,6,5979,2899,3080,0,0,0,1.0,1,1.0,1,1.0,1,0.1738924873514389,86
3743,0,5979,2899,3080,0,0,0,1.0,1,1.0,1,1.0,1,0.18987405512227656,84
3744,4,5983,2902,3081,0,0,0,1.0,1,1.0,1,1.0,1,0.1908046622637609,83
3745,4,5987,2902,3085,0,0,0,1.0,1,1.0,1,1.0,1,0.16232678467338585,83
3746,1,5988,2903,3085,0,0,0,1.0,1,1.0,1,1.0,1,0.19154713533571333,83
3747,2,5990,2904,3086,0,0,0,1.0,1,1.0,1,1.0,1,0.17785947912888686,81
3748,4,5994,2904,3090,0,0,0,1.0,1,1.0,1,1.0,1,0.1618724472371833,81
3749,2,5996,2904,3092,0,0,0,1.0,1,1.0,1,1.0,1,0.151041963358031,80
3750,0,5996,2904,3092,0,0,0,1.0,1,1.0,1,1.0,1,0.1562480193447683,79
3751,3,5999,2906,3093,0,0,0,1.0,1,1.0,1,1.0,1,0.16555934944156211,80
3752,2,6001,2907,3094,0,0,0,1.0,1,1.0,1,1.0,1,0.17551748828065783,80
3753,4,6005,2911,3094,0,0,0,1.0,1,1.0,1,1.0,1,0.21114533443626288,81
3754,2,6007,2912,3095,0,0,0,1.0,1,1.0,1,1.0,1,0.21287208338779565,81
3755,1,6008,2912,3096,0,0,0,1.0,1,1.0,1,1.0,1,0.20951935445034786,80
3756,1,6009,2913,3096,0,0,0,1.0,1,1.0,1,1.0,1,0.2223212753441239,79
3757,4,6013,2913,3100,0,0,0,1.0,1,1.0,1,1.0,1,0.19527460657454446,80
3758,2,6015,2914,3101,0,0,0,1.0,1,1.0,1,1.0,1,0.20432899899837045,79
3759,1,6016,2915,3101,0,0,0,1.0,1,1.0,1,1.0,1,0.2200477151660633,79
3760,0,6016,2915,3101,0,0,0,1.0,1,1.0,1,1.0,1,0.2200477151660633,79
3761,0,6016,2915,3101,0,0,0,1.0,1,1.0,1,1.0,1,0.23442771032215182,78
3762,1,6017,2915,3102,0,0,0,1.0,1,1.0,1,1.0,1,0.22362386811483415,80
3763,1,6018,2915,3103,0,0,0,1.0,1,1.0,1,1.0,1,0.21783016496898472,80
3764,4,6022,2917,3105,0,0,0,1.0,1,1.0,1,1.0,1,0.2376728683110275,80
3765,1,6023,2917,3106,0,0,0,1.0,1,1.0,1,1.0,1,0.2364812141387472,81
3766,6,6029,2919,3110,0,0,0,1.0,1,1.0,1,1.0,1,0.2119172295611778,83
3767,2,6031,2919,3112,0,0,0,1.0,1,1.0,1,1.0,1,0.19221739220994263,83
3768,3,6034,2920,3114,0,0,0,1.0,1,1.0,1,1.0,1,0.19072339698190946,84
3769,2,6036,2920,3116,0,0,0,1.0,1,1.0,1,1.0,1,0.1589970776621377,86
3770,0,6036,2920,3116,0,0,0,1.0,1,1.0,1,1.0,1,0.1634951488890677,87
3771,1,6037,2921,3116,0,0,0,1.0,1,1.0,1,1.0,1,0.16519329385380965,87
3772,1,6038,2921,3117,0,0,0,1.0,1,1.0,1,1.0,1,0.17160539779295877,88
3773,0,6038,2921,3117,0,0,0,1.0,1,1.0,1,1.0,1,0.1888744670966972,85
3774,1,6039,2921,3118,0,0,0,1.0,1,1.0,1,1.0,1,0.18508766241304936,85
3775,2,6041,2922,3119,0,0,0,1.0,1,1.0,1,1.0,1,0.2102558159253168,83
3776,2,6043,2923,3120,0,0,0,1.0,1,1.0,1,1.0,1,0.2213853324535925,82
3777,4,6047,2925,3122,0,0,0,1.0,1,1.0,1,1.0,1,0.20068922239619627,81
3778,3,6050,2925,3125,0,0,0,1.0,1,1.0,1,1.0,1,0.18970399666694837,81
3779,2,6052,2927,3125,0,0,0,1.0,1,1.0,1,1.0,1,0.22120279812910326,80
3780,2,6054,2927,3127,0,0,0,1.0,1,1.0,1,1.0,1,0.20442103831264455,80
3781,0,6054,2927,3127,0,0,0,1.0,1,1.0,1,1.0,1,0.20442103831264455,80
3782,1,6055,2927,3128,0,0,0,1.0,1,1.0,1,1.0,1,0.2013000250808543,80
3783,1,6056,2928,3128,0,0,0,1.0,1,1.0,1,1.0,1,0.2116764989378824,80
3784,1,6057,2928,3129,0,0,0,1.0,1,1.0,1,1.0,1,0.20324011143704915,79
3785,1,6058,2929,3129,0,0,0,1.0,1,1.0,1,1.0,1,0.2341851010330553,77
3786,2,6060,2931,3129,0,0,0,1.0,1,1.0,1,1.0,1,0.21670591228651606,78
3787,2,6062,2931,3131,0,0,0,1.0,1,1.0,1,1.0,1,0.1958235759144423,77
3788,1,6063,2931,3132,0,0,0,1.0,1,1.0,1,1.0,1,0.19570055576458698,78
3789,4,6067,2933,3134,0,0,0,1.0,1,1.0,1,1.0,1,0.21676295399670267,77
3790,5,6072,2934,3138,0,0,0,1.0,1,1.0,1,1.0,1,0.20412015018694266,77
3791,1,6073,2935,3138,0,0,0,1.0,1,1.0,1,1.0,1,0.21569714734954715,77
3792,1,6074,2935,3139,0,0,0,1.0,1,1.0,1,1.0,1,0.19604652786082416,78
3793,3,6077,2935,3142,0,0,0,1.0,1,1.0,1,1.0,1,0.17370826173634935,80
3794,0,6077,2935,3142,0,0,0,1.0,1,1.0,1,1.0,1,0.17195398747064508,82
3795,1,6078,2935,3143,0,0,0,1.0,1,1.0,1,1.0,1,0.17668120919225752,83
3796,2,6080,2935,3145,0,0,0,1.0,1,1.0,1,1.0,1,0.15489789908666488,83
3797,0,6080,2935,3145,0,0,0,1.0,1,1.0,1,1.0,1,0.16251221262351023,82
3798,2,6082,2936,3146,0,0,0,1.0,1,1.0,1,1.0,1,0.16111989565217003,82
3799,0,6082,2936,3146,0,0,0,1.0,1,1.0,1,1.0,1,0.1699655167201772,83
3800,2,6084,2937,3147,0,0,0,1.0,1,1.0,1,1.0,1,0.19390027094391066,83
3801,2,6086,2938,3148,0,0,0,1.0,1,1.0,1,1.0,1,0.18412214352600262,83
3802,2,6088,2938,3150,0,0,0,1.0,1,1.0,1,1.0,1,0.17906843763692828,82
3803,0,6088,2938,3150,0,0,0,1.0,1,1.0,1,1.0,1,0.17980279113750908,84
3804,1,6089,2938,3151,0,0,0,1.0,1,1.0,1,1.0,1,0.1740906207374105,84
3805,5,6094,2939,3155,0,0,0,1.0,1,1.0,1,1.0,1,0.18083010587394832,86
3806,0,6094,2939,3155,0,0,0,1.0,1,1.0,1,1.0,1,0.18083010587394832,86
3807,2,6096,2940,3156,0,0,0,1.0,1,1.0,1,1.0,1,0.18672040029570056,86
3808,3,6099,2940,3159,0,0,0,1.0,1,1.0,1,1.0,1,0.15923373526033435,85
3809,2,6101,2941,3160,0,0,0,1.0,1,1.0,1,1.0,1,0.16915548485112636,85
3810,0,6101,2941,3160,0,0,0,1.0,1,1.0,1,1.0,1,0.16915548485112636,85
3811,1,6102,2942,3160,0,0,0,1.0,1,1.0,1,1.0,1,0.16393983017011934,84
3812,0,6102,2942,3160,0,0,0,1.0,1,1.0,1,1.0,1,0.1600610975629253,83
3813,0,6102,2942,3160,0,0,0,1.0,1,1.0,1,1.0,1,0.14876745070906378,82
3814,1,6103,2943,3160,0,0,0,1.0,1,1.0,1,1.0,1,0.1678774180396793,81
3815,0,6103,2943,3160,0,0,0,1.0,1,1.0,1,1.0,1,0.16575601176283986,82
3816,2,6105,2944,3161,0,0,0,1.0,1,1.0,1,1.0,1,0.16264960003649054,81
3817,2,6107,2945,3162,0,0,0,1.0,1,1.0,1,1.0,1,0.17433127904644646,81
3818,2,6109,2947,3162,0,0,0,1.0,1,1.0,1,1.0,1,0.21538013358269414,81
3819,3,6112,2948,3164,0,0,0,1.0,1,1.0,1,1.0,1,0.21506389019618108,82
3820,6,6118,2948,3170,0,0,0,1.0,1,1.0,1,1.0,1,0.18550420990265368,84
3821,2,6120,2949,3171,0,0,0,1.0,1,1.0,1,1.0,1,0.20971306209335527,84
3822,1,6121,2949,3172,0,0,0,1.0,1,1.0,1,1.0,1,0.18195354288137247,82
3823,4,6125,2951,3174,0,0,0,1.0,1,1.0,1,1.0,1,0.16391820072676705,81
3824,0,6125,2951,3174,0,0,0,1.0,1,1.0,1,1.0,1,0.17714180391698656,78
3825,1,6126,2951,3175,0,0,0,1.0,1,1.0,1,1.0,1,0.17563944463515013,76
3826,2,6128,2953,3175,0,0,0,1.0,1,1.0,1,1.0,1,0.20350905426880103,76
3827,2,6130,2954,3176,0,0,0,1.0,1,1.0,1,1.0,1,0.21792502661262328,75
3828,2,6132,2955,3177,0,0,0,1.0,1,1.0,1,1.0,1,0.2128771166203145,74
3829,7,6139,2956,3183,0,0,0,1.0,1,1.0,1,1.0,1,0.19262078609042693,74
3830,2,6141,2957,3184,0,0,0,1.0,1,1.0,1,1.0,1,0.1780470242284567,74
3831,4,6145,2959,3186,0,0,0,1.0,1,1.0,1,1.0,1,0.22358049349186784,74
3832,1,6146,2959,3187,0,0,0,1.0,1,1.0,1,1.0,1,0.2139557515761929,73
3833,4,6150,2962,3188,0,0,0,1.0,1,1.0,1,1.0,1,0.2192409821292332,73
3834,0,6150,2962,3188,0,0,0,1.0,1,1.0,1,1.0,1,0.2170332113308413,74
3835,1,6151,2963,3188,0,0,0,1.0,1,1.0,1,1.0,1,0.2395223630696826,75
3836,1,6152,2963,3189,0,0,0,1.0,1,1.0,1,1.0,1,0.23052540914262318,75
3837,5,6157,2964,3193,0,0,0,1.0,1,1.0,1,1.0,1,0.23775770310674035,78
3838,5,6162,2965,3197,0,0,0,1.0,1,1.0,1,1.0,1,0.21980393299555837,78
3839,3,6165,2965,3200,0,0,0,1.0,1,1.0,1,1.0,1,0.17952774232498492,79
3840,2,6167,2966,3201,0,0,0,1.0,1,1.0,1,1.0,1,0.1879423529448964,82
3841,0,6167,2966,3201,0,0,0,1.0,1,1.0,1,1.0,1,0.1879423529448964,82
3842,0,6167,2966,3201,0,0,0,1.0,1,1.0,1,1.0,1,0.1858436190037098,82
3843,1,6168,2966,3202,0,0,0,1.0,1,1.0,1,1.0,1,0.1731025123831897,82
3844,0,6168,2966,3202,0,0,0,1.0,1,1.0,1,1.0,1,0.17486569693624016,83
3845,0,6168,2966,3202,0,0,0,1.0,1,1.0,1,1.0,1,0.18101056950508543,84
3846,1,6169,2966,3203,0,0,0,1.0,1,1.0,1,1.0,1,0.17469390344912977,85
3847,2,6171,2966,3205,0,0,0,1.0,1,1.0,1,1.0,1,0.17862795304650772,84
3848,3,6174,2969,3205,0,0,0,1.0,1,1.0,1,1.0,1,0.20451332522347762,84
3849,2,6176,2969,3207,0,0,0,1.0,1,1.0,1,1.0,1,0.1787533843008482,83
3850,2,6178,2969,3209,0,0,0,1.0,1,1.0,1,1.0,1,0.1793134247008555,80
3851,1,6179,2969,3210,0,0,0,1.0,1,1.0,1,1.0,1,0.1662716009892357,80
3852,0,6179,2969,3210,0,0,0,1.0,1,1.0,1,1.0,1,0.18396650203899734,79
3853,1,6180,2970,3210,0,0,0,1.0,1,1.0,1,1.0,1,0.19186688445839498,79
3854,2,6182,2972,3210,0,0,0,1.0,1,1.0,1,1.0,1,0.2308777483493424,78
3855,2,6184,2973,3211,0,0,0,1.0,1,1.0,1,1.0,1,0.24548012292945925,78
3856,3,6187,2974,3213,0,0,0,1.0,1,1.0,1,1.0,1,0.24514134246158487,80
3857,2,6189,2974,3215,0,0,0,1.0,1,1.0,1,1.0,1,0.22427324387694106,81
3858,1,6190,2975,3215,0,0,0,1.0,1,1.0,1,1.0,1,0.22937328722885883,81
3859,2,6192,2975,3217,0,0,0,1.0,1,1.0,1,1.0,1,0.2299142780851695,83
3860,2,6194,2976,3218,0,0,0,1.0,1,1.0,1,1.0,1,0.24722812476963296,82
3861,2,6196,2977,3219,0,0,0,1.0,1,1.0,1,1.0,1,0.2662430118578644,84
3862,4,6200,2979,3221,0,0,0,1.0,1,1.0,1,1.0,1,0.257749298465316,85
3863,0,6200,2979,3221,0,0,0,1.0,1,1.0,1,1.0,1,0.25153837084267794,84
3864,1,6201,2980,3221,0,0,0,1.0,1,1.0,1,1.0,1,0.24795185291433597,83
3865,1,6202,2981,3221,0,0,0,1.0,1,1.0,1,1.0,1,0.2484983818157324,82
3866,3,6205,2982,3223,0,0,0,1.0,1,1.0,1,1.0,1,0.2360086136372784,81
3867,4,6209,2986,3223,0,0,0,1.0,1,1.0,1,1.0,1,0.25117759697327197,81
3868,3,6212,2987,3225,0,0,0,1.0,1,1.0,1,1.0,1,0.24322823046790684,81
3869,5,6217,2990,3227,0,0,0,1.0,1,1.0,1,1.0,1,0.24054980981078442,81
3870,0,6217,2990,3227,0,0,0,1.0,1,1.0,1,1.0,1,0.2117836149312434,80
3871,1,6218,2991,3227,0,0,0,1.0,1,1.0,1,1.0,1,0.22547903666191407,82
3872,2,6220,2992,3228,0,0,0,1.0,1,1.0,1,1.0,1,0.2155954421933288,81
3873,0,6220,2992,3228,0,0,0,1.0,1,1.0,1,1.0,1,0.2155954421933288,81
3874,4,6224,2994,3230,0,0,0,1.0,1,1.0,1,1.0,1,0.20217950897497497,78
3875,0,6224,2994,3230,0,0,0,1.0,1,1.0,1,1.0,1,0.19968336714014892,77
3876,3,6227,2996,3231,0,0,0,1.0,1,1.0,1,1.0,1,0.19841545743227582,78
3877,4,6231,2996,3235,0,0,0,1.0,1,1.0,1,1.0,1,0.16267276553571314,75
3878,2,6233,2998,3235,0,0,0,1.0,1,1.0,1,1.0,1,0.16657610310990234,75
3879,0,6233,2998,3235,0,0,0,1.0,1,1.0,1,1.0,1,0.17538967758054827,73
3880,3,6236,2998,3238,0,0,0,1.0,1,1.0,1,1.0,1,0.17188845742902537,74
3881,4,6240,2999,3241,0,0,0,1.0,1,1.0,1,1.0,1,0.17906689769764628,75
3882,3,6243,2999,3244,0,0,0,1.0,1,1.0,1,1.0,1,0.15496922749196118,76
3883,1,6244,2999,3245,0,0,0,1.0,1,1.0,1,1.0,1,0.15636740226960968,77
3884,1,6245,3000,3245,0,0,0,1.0,1,1.0,1,1.0,1,0.17425482325733155,78
3885,1,6246,3000,3246,0,0,0,1.0,1,1.0,1,1.0,1,0.16456015749355132,78
3886,2,6248,3001,3247,0,0,0,1.0,1,1.0,1,1.0,1,0.1666112872127158,79
3887,3,6251,3002,3249,0,0,0,1.0,1,1.0,1,1.0,1,0.16841336526931053,78
3888,4,6255,3003,3252,0,0,0,1.0,1,1.0,1,1.0,1,0.16809036200670927,80
3889,4,6259,3003,3256,0,0,0,1.0,1,1.0,1,1.0,1,0.12311148621476059,82
3890,3,6262,3005,3257,0,0,0,1.0,1,1.0,1,1.0,1,0.12491990693861933,82
3891,3,6265,3008,3257,0,0,0,1.0,1,1.0,1,1.0,1,0.14991425479997694,85
3892,4,6269,3010,3259,0,0,0,1.0,1,1.0,1,1.0,1,0.16859011293484846,87
3893,1,6270,3010,3260,0,0,0,1.0,1,1.0,1,1.0,1,0.1548308628090961,86
3894,0,6270,3010,3260,0,0,0,1.0,1,1.0,1,1.0,1,0.16049675368633434,87
3895,4,6274,3011,3263,0,0,0,1.0,1,1.0,1,1.0,1,0.14886101462581836,87
3896,0,6274,3011,3263,0,0,0,1.0,1,1.0,1,1.0,1,0.1545538720267741,85
3897,1,6275,3012,3263,0,0,0,1.0,1,1.0,1,1.0,1,0.1629119149992267,85
3898,3,6278,3013,3265,0,0,0,1.0,1,1.0,1,1.0,1,0.1711483287005869,86
3899,2,6280,3015,3265,0,0,0,1.0,1,1.0,1,1.0,1,0.17247049145077042,86
3900,1,6281,3015,3266,0,0,0,1.0,1,1.0,1,1.0,1,0.16815203326309414,86
3901,1,6282,3016,3266,0,0,0,1.0,1,1.0,1,1.0,1,0.17672647090784177,86
3902,1,6283,3017,3266,0,0,0,1.0,1,1.0,1,1.0,1,0.16983170529214048,87
3903,4,6287,3020,3267,0,0,0,1.0,1,1.0,1,1.0,1,0.17941224036797745,87
3904,5,6292,3021,3271,0,0,0,1.0,1,1.0,1,1.0,1,0.16628095491550135,85
3905,2,6294,3022,3272,0,0,0,1.0,1,1.0,1,1.0,1,0.15736298820141378,84
3906,3,6297,3024,3273,0,0,0,1.0,1,1.0,1,1.0,1,0.16345200790081946,86
3907,4,6301,3025,3276,0,0,0,1.0,1,1.0,1,1.0,1,0.1392672841162913,84
3908,0,6301,3025,3276,0,0,0,1.0,1,1.0,1,1.0,1,0.13248114946097098,83
3909,1,6302,3025,3277,0,0,0,1.0,1,1.0,1,1.0,1,0.11917775680375917,81
3910,4,6306,3029,3277,0,0,0,1.0,1,1.0,1,1.0,1,0.15544476394879433,82
3911,1,6307,3030,3277,0,0,0,1.0,1,1.0,1,1.0,1,0.15391679398806127,81
3912,2,6309,3030,3279,0,0,0,1.0,1,1.0,1,1.0,1,0.12328676347774202,80
3913,2,6311,3032,3279,0,0,0,1.0,1,1.0,1,1.0,1,0.14253510320186072,80
3914,3,6314,3035,3279,0,0,0,1.0,1,1.0,1,1.0,1,0.136993744168706,81
3915,2,6316,3036,3280,0,0,0,1.0,1,1.0,1,1.0,1,0.1344618879970372,81
3916,2,6318,3037,3281,0,0,0,1.0,1,1.0,1,1.0,1,0.16703776990522193,81
3917,3,6321,3039,3282,0,0,0,1.0,1,1.0,1,1.0,1,0.1562401422568738,82
3918,6,6327,3042,3285,0,0,0,1.0,1,1.0,1,1.0,1,0.1742482298337095,85
3919,3,6330,3043,3287,0,0,0,1.0,1,1.0,1,1.0,1,0.1757320039081542,85
3920,1,6331,3044,3287,0,0,0,1.0,1,1.0,1,1.0,1,0.18079637535733808,85
3921,2,6333,3044,3289,0,0,0,1.0,1,1.0,1,1.0,1,0.17349047625793193,88
3922,1,6334,3044,3290,0,0,0,1.0,1,1.0,1,1.0,1,0.1669360704965105,88
3923,1,6335,3044,3291,0,0,0,1.0,1,1.0,1,1.0,1,0.15577363433664115,89
3924,1,6336,3044,3292,0,0,0,1.0,1,1.0,1,1.0,1,0.15448273976964422,90
3925,2,6338,3046,3292,0,0,0,1.0,1,1.0,1,1.0,1,0.15330852854493104,88
3926,1,6339,3047,3292,0,0,0,1.0,1,1.0,1,1.0,1,0.16821118545709196,89
3927,0,6339,3047,3292,0,0,0,1.0,1,1.0,1,1.0,1,0.17082722607324446,89
3928,4,6343,3047,3296,0,0,0,1.0,1,1.0,1,1.0,1,0.16591135906014173,88
3929,1,6344,3048,3296,0,0,0,1.0,1,1.0,1,1.0,1,0.1813689810802344,88
3930,0,6344,3048,3296,0,0,0,1.0,1,1.0,1,1.0,1,0.17469578411061049,87
3931,4,6348,3050,3298,0,0,0,1.0,1,1.0,1,1.0,1,0.17607530578062794,86
3932,1,6349,3051,3298,0,0,0,1.0,1,1.0,1,1.0,1,0.1911527648619366,85
3933,1,6350,3052,3298,0,0,0,1.0,1,1.0,1,1.0,1,0.20046525934009957,84
3934,3,6353,3052,3301,0,0,0,1.0,1,1.0,1,1.0,1,0.18084114252812294,85
3935,0,6353,3052,3301,0,0,0,1.0,1,1.0,1,1.0,1,0.1870053982306299,84
3936,0,6353,3052,3301,0,0,0,1.0,1,1.0,1,1.0,1,0.1825502180049185,84
3937,3,6356,3052,3304,0,0,0,1.0,1,1.0,1,1.0,1,0.1335091100335308,82
3938,1,6357,3052,3305,0,0,0,1.0,1,1.0,1,1.0,1,0.12529363719758244,82
3939,0,6357,3052,3305,0,0,0,1.0,1,1.0,1,1.0,1,0.12739228123073482,84
3940,2,6359,3053,3306,0,0,0,1.0,1,1.0,1,1.0,1,0.12113264837727968,84
3941,0,6359,3053,3306,0,0,0,1.0,1,1.0,1,1.0,1,0.11392145067589361,85
3942,2,6361,3054,3307,0,0,0,1.0,1,1.0,1,1.0,1,0.11220053729833841,85
3943,2,6363,3055,3308,0,0,0,1.0,1,1.0,1,1.0,1,0.1039447105363666,84
3944,4,6367,3057,3310,0,0,0,1.0,1,1.0,1,1.0,1,0.13056567135131905,83
3945,1,6368,3058,3310,0,0,0,1.0,1,1.0,1,1.0,1,0.1223529793091022,83
3946,3,6371,3059,3312,0,0,0,1.0,1,1.0,1,1.0,1,0.13080302674066943,83
3947,0,6371,3059,3312,0,0,0,1.0,1,1.0,1,1.0,1,0.13080302674066943,83
3948,2,6373,3061,3312,0,0,0,1.0,1,1.0,1,1.0,1,0.15227411163296106,84
3949,1,6374,3061,3313,0,0,0,1.0,1,1.0,1,1.0,1,0.16165961904779355,84
3950,5,6379,3063,3316,0,0,0,1.0,1,1.0,1,1.0,1,0.16059902871143122,86
3951,3,6382,3064,3318,0,0,0,1.0,1,1.0,1,1.0,1,0.14234792103264007,87
3952,1,6383,3065,3318,0,0,0,1.0,1,1.0,1,1.0,1,0.12422742965021624,86
3953,1,6384,3066,3318,0,0,0,1.0,1,1.0,1,1.0,1,0.14760937666084986,86
3954,1,6385,3066,3319,0,0,0,1.0,1,1.0,1,1.0,1,0.13436742423551637,85
3955,4,6389,3068,3321,0,0,0,1.0,1,1.0,1,1.0,1,0.1488558742480834,85
3956,2,6391,3068,3323,0,0,0,1.0,1,1.0,1,1.0,1,0.13327420905881862,84
3957,2,6393,3069,3324,0,0,0,1.0,1,1.0,1,1.0,1,0.13182300620967718,85
3958,1,6394,3070,3324,0,0,0,1.0,1,1.0,1,1.0,1,0.14201238944581088,84
3959,0,6394,3070,3324,0,0,0,1.0,1,1.0,1,1.0,1,0.1522950770132889,83
3960,3,6397,3071,3326,0,0,0,1.0,1,1.0,1,1.0,1,0.1406730029732314,84
3961,2,6399,3071,3328,0,0,0,1.0,1,1.0,1,1.0,1,0.13286085977856188,83
3962,2,6401,3073,3328,0,0,0,1.0,1,1.0,1,1.0,1,0.15095009919809552,84
3963,1,6402,3074,3328,0,0,0,1.0,1,1.0,1,1.0,1,0.18443671608604098,81
3964,2,6404,3076,3328,0,0,0,1.0,1,1.0,1,1.0,1,0.19684352965827043,81
3965,2,6406,3076,3330,0,0,0,1.0,1,1.0,1,1.0,1,0.18297653324112137,81
3966,3,6409,3079,3330,0,0,0,1.0,1,1.0,1,1.0,1,0.22700713516927665,79
3967,9,6418,3080,3338,0,0,0,1.0,1,1.0,1,1.0,1,0.18057792844488504,81
3968,2,6420,3082,3338,0,0,0,1.0,1,1.0,1,1.0,1,0.1515185604946897,79
3969,1,6421,3083,3338,0,0,0,1.0,1,1.0,1,1.0,1,0.16319953177255073,79
3970,3,6424,3085,3339,0,0,0,1.0,1,1.0,1,1.0,1,0.16470534869808212,78
3971,0,6424,3085,3339,0,0,0,1.0,1,1.0,1,1.0,1,0.164422667789494,77
3972,1,6425,3086,3339,0,0,0,1.0,1,1.0,1,1.0,1,0.16512865894258205,78
3973,1,6426,3087,3339,0,0,0,1.0,1,1.0,1,1.0,1,0.16778699497029506,77
3974,1,6427,3088,3339,0,0,0,1.0,1,1.0,1,1.0,1,0.17017251362238758,77
3975,2,6429,3090,3339,0,0,0,1.0,1,1.0,1,1.0,1,0.20855560525497763,76
3976,1,6430,3090,3340,0,0,0,1.0,1,1.0,1,1.0,1,0.21098344814078757,77
3977,0,6430,3090,3340,0,0,0,1.0,1,1.0,1,1.0,1,0.21592018350660988,78
3978,3,6433,3090,3343,0,0,0,1.0,1,1.0,1,1.0,1,0.20395273847037318,79
3979,0,6433,3090,3343,0,0,0,1.0,1,1.0,1,1.0,1,0.20395273847037318,79
3980,1,6434,3090,3344,0,0,0,1.0,1,1.0,1,1.0,1,0.1994255806324063,79
3981,3,6437,3092,3345,0,0,0,1.0,1,1.0,1,1.0,1,0.22383083762221267,83
3982,2,6439,3093,3346,0,0,0,1.0,1,1.0,1,1.0,1,0.2175954523688503,83
3983,2,6441,3094,3347,0,0,0,1.0,1,1.0,1,1.0,1,0.21113625743205502,82
3984,6,6447,3096,3351,0,0,0,1.0,1,1.0,1,1.0,1,0.20476180799576155,83
3985,3,6450,3097,3353,0,0,0,1.0,1,1.0,1,1.0,1,0.20311316925433237,84
3986,4,6454,3100,3354,0,0,0,1.0,1,1.0,1,1.0,1,0.22818580173393002,83
3987,1,6455,3101,3354,0,0,0,1.0,1,1.0,1,1.0,1,0.23540892336821484,82
3988,3,6458,3101,3357,0,0,0,1.0,1,1.0,1,1.0,1,0.2083496289685821,83
3989,0,6458,3101,3357,0,0,0,1.0,1,1.0,1,1.0,1,0.21960821472843117,81
3990,4,6462,3102,3360,0,0,0,1.0,1,1.0,1,1.0,1,0.19307113862952097,81
3991,3,6465,3103,3362,0,0,0,1.0,1,1.0,1,1.0,1,0.1953301162171592,79
3992,2,6467,3104,3363,0,0,0,1.0,1,1.0,1,1.0,1,0.18960636638687148,81
3993,1,6468,3104,3364,0,0,0,1.0,1,1.0,1,1.0,1,0.17337895884411073,80
3994,1,6469,3104,3365,0,0,0,1.0,1,1.0,1,1.0,1,0.1666262500675345,80
3995,2,6471,3106,3365,0,0,0,1.0,1,1.0,1,1.0,1,0.16146447069397524,81
3996,3,6474,3106,3368,0,0,0,1.0,1,1.0,1,1.0,1,0.17539257363962335,80
3997,4,6478,3107,3371,0,0,0,1.0,1,1.0,1,1.0,1,0.15466948962179533,81
3998,1,6479,3107,3372,0,0,0,1.0,1,1.0,1,1.0,1,0.1419256389242364,82
3999,2,6481,3108,3373,0,0,0,1.0,1,1.0,1,1.0,1,0.14579534676230177,82
4000,6,6487,3111,3376,0,0,0,1.0,1,1.0,1,1.0,1,0.1597014161577668,82
4001,1,6488,3112,3376,0,0,0,1.0,1,1.0,1,1.0,1,0.16352871497431778,81
4002,2,6490,3114,3376,0,0,0,1.0,1,1.0,1,1.0,1,0.17499547330164306,81
4003,3,6493,3115,3378,0,0,0,1.0,1,1.0,1,1.0,1,0.1662754357217098,81
4004,2,6495,3116,3379,0,0,0,1.0,1,1.0,1,1.0,1,0.19091664351031812,80
4005,1,6496,3117,3379,0,0,0,1.0,1,1.0,1,1.0,1,0.2070096621915698,78
4006,1,6497,3118,3379,0,0,0,1.0,1,1.0,1,1.0,1,0.19339821082611602,76
4007,3,6500,3119,3381,0,0,0,1.0,1,1.0,1,1.0,1,0.19246812440509323,75
4008,3,6503,3121,3382,0,0,0,1.0,1,1.0,1,1.0,1,0.19569369982039228,74
4009,6,6509,3123,3386,0,0,0,1.0,1,1.0,1,1.0,1,0.20640736657405662,75
4010,1,6510,3123,3387,0,0,0,1.0,1,1.0,1,1.0,1,0.2275796266803415,75
4011,2,6512,3125,3387,0,0,0,1.0,1,1.0,1,1.0,1,0.21866267090318658,74
4012,3,6515,3126,3389,0,0,0,1.0,1,1.0,1,1.0,1,0.20539813845301397,74
4013,2,6517,3127,3390,0,0,0,1.0,1,1.0,1,1.0,1,0.18682607312321184,74
4014,1,6518,3127,3391,0,0,0,1.0,1,1.0,1,1.0,1,0.19496344702698856,73
4015,1,6519,3127,3392,0,0,0,1.0,1,1.0,1,1.0,1,0.19959565528813764,74
4016,1,6520,3128,3392,0,0,0,1.0,1,1.0,1,1.0,1,0.22071248819759845,74
4017,3,6523,3129,3394,0,0,0,1.0,1,1.0,1,1.0,1,0.2088461037568138,78
4018,1,6524,3130,3394,0,0,0,1.0,1,1.0,1,1.0,1,0.22260614163693881,78
4019,0,6524,3130,3394,0,0,0,1.0,1,1.0,1,1.0,1,0.22260614163693881,78
4020,1,6525,3130,3395,0,0,0,1.0,1,1.0,1,1.0,1,0.21413563185342496,78
4021,0,6525,3130,3395,0,0,0,1.0,1,1.0,1,1.0,1,0.21413563185342496,78
4022,2,6527,3132,3395,0,0,0,1.0,1,1.0,1,1.0,1,0.2197345077482737,79
4023,0,6527,3132,3395,0,0,0,1.0,1,1.0,1,1.0,1,0.2148689060154264,78
4024,1,6528,3133,3395,0,0,0,1.0,1,1.0,1,1.0,1,0.21523974346168195,77
4025,0,6528,3133,3395,0,0,0,1.0,1,1.0,1,1.0,1,0.21211650172378607,76
4026,1,6529,3134,3395,0,0,0,1.0,1,1.0,1,1.0,1,0.20704343677868497,76
4027,5,6534,3137,3397,0,0,0,1.0,1,1.0,1,1.0,1,0.19466197559237103,75
4028,1,6535,3137,3398,0,0,0,1.0,1,1.0,1,1.0,1,0.19250566956193227,76
4029,2,6537,3138,3399,0,0,0,1.0,1,1.0,1,1.0,1,0.18894799959401667,75
4030,2,6539,3139,3400,0,0,0,1.0,1,1.0,1,1.0,1,0.19003617810638382,74
4031,3,6542,3141,3401,0,0,0,1.0,1,1.0,1,1.0,1,0.2181504331707135,73
4032,0,6542,3141,3401,0,0,0,1.0,1,1.0,1,1.0,1,0.22120052758628755,71
4033,5,6547,3141,3406,0,0,0,1.0,1,1.0,1,1.0,1,0.16594406942463089,73
4034,3,6550,3143,3407,0,0,0,1.0,1,1.0,1,1.0,1,0.15132277682623718,72
4035,1,6551,3144,3407,0,0,0,1.0,1,1.0,1,1.0,1,0.16244130793842032,71
4036,2,6553,3145,3408,0,0,0,1.0,1,1.0,1,1.0,1,0.15448713643996925,71
4037,1,6554,3146,3408,0,0,0,1.0,1,1.0,1,1.0,1,0.17171872389069967,70
4038,0,6554,3146,3408,0,0,0,1.0,1,1.0,1,1.0,1,0.19014807706018755,69
4039,3,6557,3147,3410,0,0,0,1.0,1,1.0,1,1.0,1,0.2247804518403174,68
4040,4,6561,3149,3412,0,0,0,1.0,1,1.0,1,1.0,1,0.2662995758851409,69
4041,0,6561,3149,3412,0,0,0,1.0,1,1.0,1,1.0,1,0.2801076356252073,67
4042,4,6565,3150,3415,0,0,0,1.0,1,1.0,1,1.0,1,0.2890112741145786,67
4043,3,6568,3151,3417,0,0,0,1.0,1,1.0,1,1.0,1,0.31245332306498125,66
4044,0,6568,3151,3417,0,0,0,1.0,1,1.0,1,1.0,1,0.31869840330763904,65
4045,1,6569,3151,3418,0,0,0,1.0,1,1.0,1,1.0,1,0.3137642039992826,66
4046,2,6571,3152,3419,0,0,0,1.0,1,1.0,1,1.0,1,0.3300740257745491,68
4047,0,6571,3152,3419,0,0,0,1.0,1,1.0,1,1.0,1,0.3300740257745491,68
4048,1,6572,3152,3420,0,0,0,1.0,1,1.0,1,1.0,1,0.31516331286171334,69
4049,0,6572,3152,3420,0,0,0,1.0,1,1.0,1,1.0,1,0.31516331286171334,69
4050,0,6572,3152,3420,0,0,0,1.0,1,1.0,1,1.0,1,0.3170191156222572,69
4051,1,6573,3152,3421,0,0,0,1.0,1,1.0,1,1.0,1,0.31414283029829027,69
4052,1,6574,3152,3422,0,0,0,1.0,1,1.0,1,1.0,1,0.3012731535453501,69
4053,0,6574,3152,3422,0,0,0,1.0,1,1.0,1,1.0,1,0.3012731535453501,69
4054,0,6574,3152,3422,0,0,0,1.0,1,1.0,1,1.0,1,0.2979758520510398,70
4055,2,6576,3152,3424,0,0,0,1.0,1,1.0,1,1.0,1,0.27554945667048597,70
4056,0,6576,3152,3424,0,0,0,1.0,1,1.0,1,1.0,1,0.27554945667048597,70
4057,2,6578,3152,3426,0,0,0,1.0,1,1.0,1,1.0,1,0.25742849039789256,71
4058,0,6578,3152,3426,0,0,0,1.0,1,1.0,1,1.0,1,0.25742849039789256,71
4059,2,6580,3153,3427,0,0,0,1.0,1,1.0,1,1.0,1,0.254719634219478,72
4060,0,6580,3153,3427,0,0,0,1.0,1,1.0,1,1.0,1,0.2643837118339571,71
4061,1,6581,3154,3427,0,0,0,1.0,1,1.0,1,1.0,1,0.2759171155626601,72
4062,3,6584,3156,3428,0,0,0,1.0,1,1.0,1,1.0,1,0.2765472003404413,72
4063,5,6589,3157,3432,0,0,0,1.0,1,1.0,1,1.0,1,0.23672974524653392,72
4064,4,6593,3160,3433,0,0,0,1.0,1,1.0,1,1.0,1,0.23049923418260815,71
4065,4,6597,3163,3434,0,0,0,1.0,1,1.0,1,1.0,1,0.2327641785475571,70
4066,3,6600,3165,3435,0,0,0,1.0,1,1.0,1,1.0,1,0.24057850275680617,70
4067,3,6603,3166,3437,0,0,0,1.0,1,1.0,1,1.0,1,0.21819510541710732,68
4068,7,6610,3169,3441,0,0,0,1.0,1,1.0,1,1.0,1,0.22801304049879262,70
4069,5,6615,3170,3445,0,0,0,1.0,1,1.0,1,1.0,1,0.18388638656348172,68
4070,1,6616,3170,3446,0,0,0,1.0,1,1.0,1,1.0,1,0.16663635489280385,67
4071,2,6618,3171,3447,0,0,0,1.0,1,1.0,1,1.0,1,0.16000924671361594,68
4072,4,6622,3174,3448,0,0,0,1.0,1,1.0,1,1.0,1,0.17934873975317314,70
4073,1,6623,3175,3448,0,0,0,1.0,1,1.0,1,1.0,1,0.18329002425245727,70
4074,6,6629,3180,3449,0,0,0,1.0,1,1.0,1,1.0,1,0.1942664531723911,71
4075,4,6633,3183,3450,0,0,0,1.0,1,1.0,1,1.0,1,0.19398613846407586,72
4076,3,6636,3185,3451,0,0,0,1.0,1,1.0,1,1.0,1,0.2126478790681693,73
4077,2,6638,3186,3452,0,0,0,1.0,1,1.0,1,1.0,1,0.2399828271743183,72
4078,8,6646,3190,3456,0,0,0,1.0,1,1.0,1,1.0,1,0.2332860833021195,71
4079,1,6647,3191,3456,0,0,0,1.0,1,1.0,1,1.0,1,0.24402139781984836,69
4080,1,6648,3192,3456,0,0,0,1.0,1,1.0,1,1.0,1,0.2568020856260569,67
4081,2,6650,3192,3458,0,0,0,1.0,1,1.0,1,1.0,1,0.24408953492093435,66
4082,1,6651,3192,3459,0,0,0,1.0,1,1.0,1,1.0,1,0.2584455883337862,65
4083,2,6653,3193,3460,0,0,0,1.0,1,1.0,1,1.0,1,0.24454908578341147,64
4084,2,6655,3194,3461,0,0,0,1.0,1,1.0,1,1.0,1,0.2413280419458489,64
4085,1,6656,3194,3462,0,0,0,1.0,1,1.0,1,1.0,1,0.2240616964666625,65
4086,1,6657,3195,3462,0,0,0,1.0,1,1.0,1,1.0,1,0.21283808110626695,66
4087,1,6658,3196,3462,0,0,0,1.0,1,1.0,1,1.0,1,0.20464058780408684,66
4088,0,6658,3196,3462,0,0,0,1.0,1,1.0,1,1.0,1,0.2281168438214976,65
4089,0,6658,3196,3462,0,0,0,1.0,1,1.0,1,1.0,1,0.2281168438214976,65
4090,1,6659,3196,3463,0,0,0,1.0,1,1.0,1,1.0,1,0.22574687012285735,65
4091,1,6660,3196,3464,0,0,0,1.0,1,1.0,1,1.0,1,0.21440230817888842,65
4092,1,6661,3196,3465,0,0,0,1.0,1,1.0,1,1.0,1,0.20533484260908016,64
4093,2,6663,3196,3467,0,0,0,1.0,1,1.0,1,1.0,1,0.19199724065334778,66
4094,1,6664,3197,3467,0,0,0,1.0,1,1.0,1,1.0,1,0.21873616396271578,65
4095,4,6668,3198,3470,0,0,0,1.0,1,1.0,1,1.0,1,0.206300745062725,65
4096,5,6673,3200,3473,0,0,0,1.0,1,1.0,1,1.0,1,0.18357690386034314,67
4097,0,6673,3200,3473,0,0,0,1.0,1,1.0,1,1.0,1,0.18357690386034314,67
4098,2,6675,3202,3473,0,0,0,1.0,1,1.0,1,1.0,1,0.2170014647231475,68
4099,6,6681,3204,3477,0,0,0,1.0,1,1.0,1,1.0,1,0.16538159243765355,69
4100,1,6682,3205,3477,0,0,0,1.0,1,1.0,1,1.0,1,0.19870125473492578,70
4101,4,6686,3207,3479,0,0,0,1.0,1,1.0,1,1.0,1,0.18562587243576759,71
4102,4,6690,3209,3481,0,0,0,1.0,1,1.0,1,1.0,1,0.18038866042176943,71
4103,0,6690,3209,3481,0,0,0,1.0,1,1.0,1,1.0,1,0.18045544920178033,71
4104,2,6692,3210,3482,0,0,0,1.0,1,1.0,1,1.0,1,0.19672887390935476,69
4105,0,6692,3210,3482,0,0,0,1.0,1,1.0,1,1.0,1,0.199923053263838,67
4106,2,6694,3211,3483,0,0,0,1.0,1,1.0,1,1.0,1,0.19614124850679202,68
4107,2,6696,3211,3485,0,0,0,1.0,1,1.0,1,1.0,1,0.17429627345438273,70
4108,3,6699,3211,3488,0,0,0,1.0,1,1.0,1,1.0,1,0.15735991170530986,70
4109,0,6699,3211,3488,0,0,0,1.0,1,1.0,1,1.0,1,0.15665330498893906,69
4110,0,6699,3211,3488,0,0,0,1.0,1,1.0,1,1.0,1,0.1497515724663013,71
4111,1,6700,3211,3489,0,0,0,1.0,1,1.0,1,1.0,1,0.1284259120882943,70
4112,0,6700,3211,3489,0,0,0,1.0,1,1.0,1,1.0,1,0.1415730637783656,72
4113,0,6700,3211,3489,0,0,0,1.0,1,1.0,1,1.0,1,0.1415730637783656,72
4114,4,6704,3213,3491,0,0,0,1.0,1,1.0,1,1.0,1,0.16314469543398785,72
4115,0,6704,3213,3491,0,0,0,1.0,1,1.0,1,1.0,1,0.16104371506920134,70
4116,1,6705,3214,3491,0,0,0,1.0,1,1.0,1,1.0,1,0.17816732753095443,67
4117,2,6707,3215,3492,0,0,0,1.0,1,1.0,1,1.0,1,0.18320292636406085,67
4118,0,6707,3215,3492,0,0,0,1.0,1,1.0,1,1.0,1,0.18819844003406905,66
4119,2,6709,3217,3492,0,0,0,1.0,1,1.0,1,1.0,1,0.23070517011609268,67
4120,6,6715,3219,3496,0,0,0,1.0,1,1.0,1,1.0,1,0.28769132814033477,64
4121,4,6719,3219,3500,0,0,0,1.0,1,1.0,1,1.0,1,0.28533012272768843,63
4122,3,6722,3222,3500,0,0,0,1.0,1,1.0,1,1.0,1,0.2826085054375947,63
4123,5,6727,3224,3503,0,0,0,1.0,1,1.0,1,1.0,1,0.23424853884525002,61
4124,3,6730,3226,3504,0,0,0,1.0,1,1.0,1,1.0,1,0.23840070011975045,62
4125,2,6732,3227,3505,0,0,0,1.0,1,1.0,1,1.0,1,0.2391161076837067,60
4126,2,6734,3229,3505,0,0,0,1.0,1,1.0,1,1.0,1,0.24885775656964573,59
4127,1,6735,3230,3505,0,0,0,1.0,1,1.0,1,1.0,1,0.26393517824554535,60
4128,0,6735,3230,3505,0,0,0,1.0,1,1.0,1,1.0,1,0.26393517824554535,60
4129,5,6740,3230,3510,0,0,0,1.0,1,1.0,1,1.0,1,0.22928736223714002,60
4130,2,6742,3232,3510,0,0,0,1.0,1,1.0,1,1.0,1,0.23813553303361262,61
4131,1,6743,3232,3511,0,0,0,1.0,1,1.0,1,1.0,1,0.21999845451449895,60
4132,1,6744,3233,3511,0,0,0,1.0,1,1.0,1,1.0,1,0.2365058059144627,60
4133,2,6746,3234,3512,0,0,0,1.0,1,1.0,1,1.0,1,0.23675149298895934,62
4134,1,6747,3235,3512,0,0,0,1.0,1,1.0,1,1.0,1,0.2253013291923636,63
4135,4,6751,3236,3515,0,0,0,1.0,1,1.0,1,1.0,1,0.20060327216621437,65
4136,0,6751,3236,3515,0,0,0,1.0,1,1.0,1,1.0,1,0.20060327216621437,65
4137,1,6752,3237,3515,0,0,0,1.0,1,1.0,1,1.0,1,0.19837851107863871,66
4138,1,6753,3238,3515,0,0,0,1.0,1,1.0,1,1.0,1,0.20994003880420797,67
4139,1,6754,3239,3515,0,0,0,1.0,1,1.0,1,1.0,1,0.2413900163848261,67
4140,0,6754,3239,3515,0,0,0,1.0,1,1.0,1,1.0,1,0.22924155924262987,66
4141,0,6754,3239,3515,0,0,0,1.0,1,1.0,1,1.0,1,0.22606939347432312,67
4142,0,6754,3239,3515,0,0,0,1.0,1,1.0,1,1.0,1,0.22606939347432312,67
4143,1,6755,3239,3516,0,0,0,1.0,1,1.0,1,1.0,1,0.20349306859726984,66
4144,0,6755,3239,3516,0,0,0,1.0,1,1.0,1,1.0,1,0.21492862264531912,64
4145,1,6756,3240,3516,0,0,0,1.0,1,1.0,1,1.0,1,0.21896579698473626,63
4146,2,6758,3241,3517,0,0,0,1.0,1,1.0,1,1.0,1,0.21146953812344346,62
4147,2,6760,3241,3519,0,0,0,1.0,1,1.0,1,1.0,1,0.17448999760550182,60
4148,2,6762,3242,3520,0,0,0,1.0,1,1.0,1,1.0,1,0.15717122101776623,62
4149,4,6766,3246,3520,0,0,0,1.0,1,1.0,1,1.0,1,0.1585667439621514,61
4150,4,6770,3248,3522,0,0,0,1.0,1,1.0,1,1.0,1,0.15656585685050228,60
4151,1,6771,3249,3522,0,0,0,1.0,1,1.0,1,1.0,1,0.1743754651103582,60
4152,4,6775,3251,3524,0,0,0,1.0,1,1.0,1,1.0,1,0.16607132432054447,60
4153,1,6776,3252,3524,0,0,0,1.0,1,1.0,1,1.0,1,0.17377653181869665,58
4154,1,6777,3253,3524,0,0,0,1.0,1,1.0,1,1.0,1,0.20666414930393137,57
4155,2,6779,3255,3524,0,0,0,1.0,1,1.0,1,1.0,1,0.21493489158875329,57
4156,6,6785,3258,3527,0,0,0,1.0,1,1.0,1,1.0,1,0.2195725160750762,58
4157,0,6785,3258,3527,0,0,0,1.0,1,1.0,1,1.0,1,0.22143943742870154,57
4158,1,6786,3259,3527,0,0,0,1.0,1,1.0,1,1.0,1,0.24745557291198436,55
4159,1,6787,3259,3528,0,0,0,1.0,1,1.0,1,1.0,1,0.23790842240258267,57
4160,1,6788,3260,3528,0,0,0,1.0,1,1.0,1,1.0,1,0.23964783961476727,58
4161,1,6789,3260,3529,0,0,0,1.0,1,1.0,1,1.0,1,0.21968861565097197,58
4162,0,6789,3260,3529,0,0,0,1.0,1,1.0,1,1.0,1,0.22708040001167992,57
4163,1,6790,3261,3529,0,0,0,1.0,1,1.0,1,1.0,1,0.23849123747600068,58
4164,3,6793,3264,3529,0,0,0,1.0,1,1.0,1,1.0,1,0.27819605842703077,56
4165,6,6799,3265,3534,0,0,0,1.0,1,1.0,1,1.0,1,0.26732796086668414,58
4166,0,6799,3265,3534,0,0,0,1.0,1,1.0,1,1.0,1,0.26155318492968505,57
4167,1,6800,3266,3534,0,0,0,1.0,1,1.0,1,1.0,1,0.2813798234179812,57
4168,2,6802,3266,3536,0,0,0,1.0,1,1.0,1,1.0,1,0.2581758151149499,58
4169,0,6802,3266,3536,0,0,0,1.0,1,1.0,1,1.0,1,0.2581758151149499,58
4170,1,6803,3267,3536,0,0,0,1.0,1,1.0,1,1.0,1,0.28137671562589295,58
4171,0,6803,3267,3536,0,0,0,1.0,1,1.0,1,1.0,1,0.2961737366899287,57
4172,0,6803,3267,3536,0,0,0,1.0,1,1.0,1,1.0,1,0.2961737366899287,57
4173,1,6804,3267,3537,0,0,0,1.0,1,1.0,1,1.0,1,0.3077822832740749,56
4174,0,6804,3267,3537,0,0,0,1.0,1,1.0,1,1.0,1,0.3077822832740749,56
4175,2,6806,3267,3539,0,0,0,1.0,1,1.0,1,1.0,1,0.2847619329540662,55
4176,3,6809,3268,3541,0,0,0,1.0,1,1.0,1,1.0,1,0.2869181450197738,57
4177,5,6814,3269,3545,0,0,0,1.0,1,1.0,1,1.0,1,0.2688959447078881,58
4178,6,6820,3272,3548,0,0,0,1.0,1,1.0,1,1.0,1,0.25096118369573234,60
4179,2,6822,3273,3549,0,0,0,1.0,1,1.0,1,1.0,1,0.234740001875427,61
4180,1,6823,3273,3550,0,0,0,1.0,1,1.0,1,1.0,1,0.21088958371434674,62
4181,1,6824,3273,3551,0,0,0,1.0,1,1.0,1,1.0,1,0.203814108262641,63
4182,1,6825,3274,3551,0,0,0,1.0,1,1.0,1,1.0,1,0.2013970352297853,63
4183,0,6825,3274,3551,0,0,0,1.0,1,1.0,1,1.0,1,0.19858496016848703,63
4184,3,6828,3276,3552,0,0,0,1.0,1,1.0,1,1.0,1,0.21693294187170606,63
4185,0,6828,3276,3552,0,0,0,1.0,1,1.0,1,1.0,1,0.2184492125512931,61
4186,8,6836,3280,3556,0,0,0,1.0,1,1.0,1,1.0,1,0.17681404057265265,62
4187,2,6838,3281,3557,0,0,0,1.0,1,1.0,1,1.0,1,0.17537304464233683,60
4188,1,6839,3281,3558,0,0,0,1.0,1,1.0,1,1.0,1,0.15536060755223924,60
4189,2,6841,3282,3559,0,0,0,1.0,1,1.0,1,1.0,1,0.17094161691959506,60
4190,0,6841,3282,3559,0,0,0,1.0,1,1.0,1,1.0,1,0.1754313643700365,61
4191,1,6842,3283,3559,0,0,0,1.0,1,1.0,1,1.0,1,0.1823676249623402,59
4192,2,6844,3284,3560,0,0,0,1.0,1,1.0,1,1.0,1,0.17146263247290933,58
4193,1,6845,3285,3560,0,0,0,1.0,1,1.0,1,1.0,1,0.18571627157158718,57
4194,0,6845,3285,3560,0,0,0,1.0,1,1.0,1,1.0,1,0.20926841910984936,54
4195,2,6847,3286,3561,0,0,0,1.0,1,1.0,1,1.0,1,0.19926765999618012,55
4196,0,6847,3286,3561,0,0,0,1.0,1,1.0,1,1.0,1,0.20978362548716606,56
4197,1,6848,3287,3561,0,0,0,1.0,1,1.0,1,1.0,1,0.22600889671625723,55
4198,1,6849,3288,3561,0,0,0,1.0,1,1.0,1,1.0,1,0.26121224990896813,56
4199,2,6851,3290,3561,0,0,0,1.0,1,1.0,1,1.0,1,0.2946541170433979,55
4200,0,6851,3290,3561,0,0,0,1.0,1,1.0,1,1.0,1,0.2946720421780479,55
4201,0,6851,3290,3561,0,0,0,1.0,1,1.0,1,1.0,1,0.2783847168509669,56
4202,0,6851,3290,3561,0,0,0,1.0,1,1.0,1,1.0,1,0.2783847168509669,56
4203,2,6853,3290,3563,0,0,0,1.0,1,1.0,1,1.0,1,0.2805797360482126,57
4204,1,6854,3290,3564,0,0,0,1.0,1,1.0,1,1.0,1,0.26830077468070007,57
4205,0,6854,3290,3564,0,0,0,1.0,1,1.0,1,1.0,1,0.26475375543556207,58
4206,3,6857,3292,3565,0,0,0,1.0,1,1.0,1,1.0,1,0.22686405099971127,58
4207,2,6859,3294,3565,0,0,0,1.0,1,1.0,1,1.0,1,0.22095959089574554,58
4208,1,6860,3295,3565,0,0,0,1.0,1,1.0,1,1.0,1,0.22977755024500446,60
4209,3,6863,3298,3565,0,0,0,1.0,1,1.0,1,1.0,1,0.23786224831154712,61
4210,5,6868,3299,3569,0,0,0,1.0,1,1.0,1,1.0,1,0.19610093846171664,62
4211,0,6868,3299,3569,0,0,0,1.0,1,1.0,1,1.0,1,0.18938529455079464,63
4212,1,6869,3299,3570,0,0,0,1.0,1,1.0,1,1.0,1,0.188975628431437,64
4213,2,6871,3299,3572,0,0,0,1.0,1,1.0,1,1.0,1,0.1825152258745594,65
4214,0,6871,3299,3572,0,0,0,1.0,1,1.0,1,1.0,1,0.18820743748804006,65
4215,0,6871,3299,3572,0,0,0,1.0,1,1.0,1,1.0,1,0.18820743748804006,65
4216,0,6871,3299,3572,0,0,0,1.0,1,1.0,1,1.0,1,0.19865028571703816,64
4217,1,6872,3300,3572,0,0,0,1.0,1,1.0,1,1.0,1,0.20235474005994294,65
4218,1,6873,3300,3573,0,0,0,1.0,1,1.0,1,1.0,1,0.19049967999826525,65
4219,1,6874,3301,3573,0,0,0,1.0,1,1.0,1,1.0,1,0.21671707410935254,65
4220,0,6874,3301,3573,0,0,0,1.0,1,1.0,1,1.0,1,0.21671707410935254,65
4221,1,6875,3301,3574,0,0,0,1.0,1,1.0,1,1.0,1,0.21877268612032152,67
4222,1,6876,3301,3575,0,0,0,1.0,1,1.0,1,1.0,1,0.20900877652618,68
4223,3,6879,3303,3576,0,0,0,1.0,1,1.0,1,1.0,1,0.22192756720465914,68
4224,1,6880,3304,3576,0,0,0,1.0,1,1.0,1,1.0,1,0.24282675166328382,68
4225,0,6880,3304,3576,0,0,0,1.0,1,1.0,1,1.0,1,0.23519501528456854,66
4226,1,6881,3305,3576,0,0,0,1.0,1,1.0,1,1.0,1,0.2484950912671488,66
4227,1,6882,3306,3576,0,0,0,1.0,1,1.0,1,1.0,1,0.2740182548039749,66
4228,1,6883,3306,3577,0,0,0,1.0,1,1.0,1,1.0,1,0.27939980449921636,65
4229,1,6884,3307,3577,0,0,0,1.0,1,1.0,1,1.0,1,0.27932442709397404,65
4230,2,6886,3308,3578,0,0,0,1.0,1,1.0,1,1.0,1,0.28072236189379035,64
4231,2,6888,3308,3580,0,0,0,1.0,1,1.0,1,1.0,1,0.26004464374851655,64
4232,2,6890,3308,3582,0,0,0,1.0,1,1.0,1,1.0,1,0.22654145369822737,65
4233,0,6890,3308,3582,0,0,0,1.0,1,1.0,1,1.0,1,0.22277364076789521,64
4234,0,6890,3308,3582,0,0,0,1.0,1,1.0,1,1.0,1,0.22985005040114415,63
4235,2,6892,3310,3582,0,0,0,1.0,1,1.0,1,1.0,1,0.2380184740426929,63
4236,1,6893,3310,3583,0,0,0,1.0,1,1.0,1,1.0,1,0.2240734881039113,63
4237,5,6898,3312,3586,0,0,0,1.0,1,1.0,1,1.0,1,0.21218960266203732,65
4238,1,6899,3312,3587,0,0,0,1.0,1,1.0,1,1.0,1,0.20142121044276096,65
4239,0,6899,3312,3587,0,0,0,1.0,1,1.0,1,1.0,1,0.20142121044276096,65
4240,2,6901,3313,3588,0,0,0,1.0,1,1.0,1,1.0,1,0.19128814018755513,66
4241,0,6901,3313,3588,0,0,0,1.0,1,1.0,1,1.0,1,0.19128814018755513,66
4242,0,6901,3313,3588,0,0,0,1.0,1,1.0,1,1.0,1,0.18908484991720395,69
4243,2,6903,3313,3590,0,0,0,1.0,1,1.0,1,1.0,1,0.19147694542197885,71
4244,0,6903,3313,3590,0,0,0,1.0,1,1.0,1,1.0,1,0.19147694542197885,71
4245,1,6904,3313,3591,0,0,0,1.0,1,1.0,1,1.0,1,0.18506265907903,73
4246,1,6905,3313,3592,0,0,0,1.0,1,1.0,1,1.0,1,0.16939643862188603,74
4247,0,6905,3313,3592,0,0,0,1.0,1,1.0,1,1.0,1,0.16939643862188603,74
4248,0,6905,3313,3592,0,0,0,1.0,1,1.0,1,1.0,1,0.16939643862188603,74
4249,1,6906,3313,3593,0,0,0,1.0,1,1.0,1,1.0,1,0.1645187858568426,74
4250,0,6906,3313,3593,0,0,0,1.0,1,1.0,1,1.0,1,0.1645187858568426,74
4251,1,6907,3313,3594,0,0,0,1.0,1,1.0,1,1.0,1,0.15616777248803185,75
4252,2,6909,3315,3594,0,0,0,1.0,1,1.0,1,1.0,1,0.19789160251141527,75
4253,1,6910,3315,3595,0,0,0,1.0,1,1.0,1,1.0,1,0.18962224231021144,76
4254,2,6912,3317,3595,0,0,0,1.0,1,1.0,1,1.0,1,0.20449200869228937,75
4255,4,6916,3320,3596,0,0,0,1.0,1,1.0,1,1.0,1,0.21673594832256832,76
4256,3,6919,3321,3598,0,0,0,1.0,1,1.0,1,1.0,1,0.2053086647873295,78
4257,1,6920,3322,3598,0,0,0,1.0,1,1.0,1,1.0,1,0.20447737439542502,78
4258,2,6922,3323,3599,0,0,0,1.0,1,1.0,1,1.0,1,0.21578550469095212,77
4259,5,6927,3325,3602,0,0,0,1.0,1,1.0,1,1.0,1,0.21901299834147372,78
4260,2,6929,3325,3604,0,0,0,1.0,1,1.0,1,1.0,1,0.19616419213302688,77
4261,2,6931,3326,3605,0,0,0,1.0,1,1.0,1,1.0,1,0.1786090198319082,76
4262,0,6931,3326,3605,0,0,0,1.0,1,1.0,1,1.0,1,0.19314691656512772,75
4263,4,6935,3330,3605,0,0,0,1.0,1,1.0,1,1.0,1,0.18197480118431028,74
4264,3,6938,3330,3608,0,0,0,1.0,1,1.0,1,1.0,1,0.19339445664194274,74
4265,3,6941,3332,3609,0,0,0,1.0,1,1.0,1,1.0,1,0.18849634593660008,73
4266,2,6943,3333,3610,0,0,0,1.0,1,1.0,1,1.0,1,0.1882291105818369,71
4267,4,6947,3336,3611,0,0,0,1.0,1,1.0,1,1.0,1,0.19249275268129404,69
4268,2,6949,3337,3612,0,0,0,1.0,1,1.0,1,1.0,1,0.24190248840724357,67
4269,1,6950,3338,3612,0,0,0,1.0,1,1.0,1,1.0,1,0.2510212914117279,64
4270,6,6956,3339,3617,0,0,0,1.0,1,1.0,1,1.0,1,0.19706609014443258,63
4271,2,6958,3340,3618,0,0,0,1.0,1,1.0,1,1.0,1,0.2184301696040637,63
4272,1,6959,3341,3618,0,0,0,1.0,1,1.0,1,1.0,1,0.22439315194971515,62
4273,2,6961,3341,3620,0,0,0,1.0,1,1.0,1,1.0,1,0.21064131069188355,62
4274,1,6962,3341,3621,0,0,0,1.0,1,1.0,1,1.0,1,0.2174969856460842,62
4275,0,6962,3341,3621,0,0,0,1.0,1,1.0,1,1.0,1,0.2121803900591723,61
4276,0,6962,3341,3621,0,0,0,1.0,1,1.0,1,1.0,1,0.21589083687192578,62
4277,0,6962,3341,3621,0,0,0,1.0,1,1.0,1,1.0,1,0.22759759696241083,63
4278,1,6963,3341,3622,0,0,0,1.0,1,1.0,1,1.0,1,0.2131298274170364,64
4279,4,6967,3343,3624,0,0,0,1.0,1,1.0,1,1.0,1,0.2004912427852828,65
4280,2,6969,3345,3624,0,0,0,1.0,1,1.0,1,1.0,1,0.20745781039033465,65
4281,1,6970,3345,3625,0,0,0,1.0,1,1.0,1,1.0,1,0.20684231896276822,65
4282,6,6976,3348,3628,0,0,0,1.0,1,1.0,1,1.0,1,0.22078831786549932,66
4283,2,6978,3349,3629,0,0,0,1.0,1,1.0,1,1.0,1,0.2404003454087008,66
4284,2,6980,3350,3630,0,0,0,1.0,1,1.0,1,1.0,1,0.2605805067617154,66
4285,5,6985,3351,3634,0,0,0,1.0,1,1.0,1,1.0,1,0.23344728694084227,67
4286,1,6986,3351,3635,0,0,0,1.0,1,1.0,1,1.0,1,0.24062080171313377,67
4287,2,6988,3351,3637,0,0,0,1.0,1,1.0,1,1.0,1,0.22121850631379544,67
4288,1,6989,3351,3638,0,0,0,1.0,1,1.0,1,1.0,1,0.20722524726729763,68
4289,0,6989,3351,3638,0,0,0,1.0,1,1.0,1,1.0,1,0.21951140268607552,68
4290,0,6989,3351,3638,0,0,0,1.0,1,1.0,1,1.0,1,0.21871467606219822,70
4291,0,6989,3351,3638,0,0,0,1.0,1,1.0,1,1.0,1,0.21639179195996916,71
4292,1,6990,3351,3639,0,0,0,1.0,1,1.0,1,1.0,1,0.2100866157326041,71
4293,1,6991,3351,3640,0,0,0,1.0,1,1.0,1,1.0,1,0.20509435097814127,71
4294,0,6991,3351,3640,0,0,0,1.0,1,1.0,1,1.0,1,0.20509435097814127,71
4295,0,6991,3351,3640,0,0,0,1.0,1,1.0,1,1.0,1,0.21252328489707906,72
4296,1,6992,3352,3640,0,0,0,1.0,1,1.0,1,1.0,1,0.21730888744780172,73
4297,0,6992,3352,3640,0,0,0,1.0,1,1.0,1,1.0,1,0.21730888744780172,73
4298,1,6993,3352,3641,0,0,0,1.0,1,1.0,1,1.0,1,0.2152561798834462,74
4299,0,6993,3352,3641,0,0,0,1.0,1,1.0,1,1.0,1,0.2031541876712672,75
4300,1,6994,3352,3642,0,0,0,1.0,1,1.0,1,1.0,1,0.18631432720130492,75
4301,0,6994,3352,3642,0,0,0,1.0,1,1.0,1,1.0,1,0.1845333012794975,76
4302,0,6994,3352,3642,0,0,0,1.0,1,1.0,1,1.0,1,0.1845333012794975,76
4303,2,6996,3352,3644,0,0,0,1.0,1,1.0,1,1.0,1,0.16178095386256475,75
4304,1,6997,3353,3644,0,0,0,1.0,1,1.0,1,1.0,1,0.18902949666117821,75
4305,1,6998,3354,3644,0,0,0,1.0,1,1.0,1,1.0,1,0.225222786628476,73
4306,7,7005,3357,3648,0,0,0,1.0,1,1.0,1,1.0,1,0.23151967249674432,74
4307,4,7009,3359,3650,0,0,0,1.0,1,1.0,1,1.0,1,0.22194003628657863,73
4308,1,7010,3360,3650,0,0,0,1.0,1,1.0,1,1.0,1,0.24685387853602753,71
4309,1,7011,3361,3650,0,0,0,1.0,1,1.0,1,1.0,1,0.24625099589777144,70
4310,2,7013,3362,3651,0,0,0,1.0,1,1.0,1,1.0,1,0.24699691283594774,69
4311,5,7018,3365,3653,0,0,0,1.0,1,1.0,1,1.0,1,0.24061720590834446,69
4312,5,7023,3367,3656,0,0,0,1.0,1,1.0,1,1.0,1,0.23075598183533216,66
4313,1,7024,3368,3656,0,0,0,1.0,1,1.0,1,1.0,1,0.22796194912083453,64
4314,2,7026,3370,3656,0,0,0,1.0,1,1.0,1,1.0,1,0.26673189538620684,61
4315,2,7028,3372,3656,0,0,0,1.0,1,1.0,1,1.0,1,0.2762891053429448,61
4316,3,7031,3374,3657,0,0,0,1.0,1,1.0,1,1.0,1,0.2623608900118368,60
4317,2,7033,3375,3658,0,0,0,1.0,1,1.0,1,1.0,1,0.23741225060645962,62
4318,7,7040,3375,3665,0,0,0,1.0,1,1.0,1,1.0,1,0.21725943656030192,59
4319,0,7040,3375,3665,0,0,0,1.0,1,1.0,1,1.0,1,0.21210706864044904,60
4320,0,7040,3375,3665,0,0,0,1.0,1,1.0,1,1.0,1,0.21210706864044904,60
4321,3,7043,3378,3665,0,0,0,1.0,1,1.0,1,1.0,1,0.23332468790989294,61
4322,2,7045,3379,3666,0,0,0,1.0,1,1.0,1,1.0,1,0.23675339622890165,61
4323,0,7045,3379,3666,0,0,0,1.0,1,1.0,1,1.0,1,0.23675339622890165,61
4324,0,7045,3379,3666,0,0,0,1.0,1,1.0,1,1.0,1,0.24867450458884757,60
4325,1,7046,3379,3667,0,0,0,1.0,1,1.0,1,1.0,1,0.22884821552260542,60
4326,0,7046,3379,3667,0,0,0,1.0,1,1.0,1,1.0,1,0.2246724916404377,61
4327,0,7046,3379,3667,0,0,0,1.0,1,1.0,1,1.0,1,0.22611857081290007,62
4328,1,7047,3379,3668,0,0,0,1.0,1,1.0,1,1.0,1,0.21331663520173325,62
4329,0,7047,3379,3668,0,0,0,1.0,1,1.0,1,1.0,1,0.2074913599464078,65
4330,1,7048,3379,3669,0,0,0,1.0,1,1.0,1,1.0,1,0.1934363823004372,65
4331,0,7048,3379,3669,0,0,0,1.0,1,1.0,1,1.0,1,0.1934363823004372,65
4332,2,7050,3380,3670,0,0,0,1.0,1,1.0,1,1.0,1,0.20271201551865276,66
4333,2,7052,3381,3671,0,0,0,1.0,1,1.0,1,1.0,1,0.18926637825800752,66
4334,1,7053,3382,3671,0,0,0,1.0,1,1.0,1,1.0,1,0.20801814388899492,66
4335,0,7053,3382,3671,0,0,0,1.0,1,1.0,1,1.0,1,0.22356877650850357,65
4336,5,7058,3384,3674,0,0,0,1.0,1,1.0,1,1.0,1,0.20334450488112868,67
4337,1,7059,3384,3675,0,0,0,1.0,1,1.0,1,1.0,1,0.2117927996886795,69
4338,0,7059,3384,3675,0,0,0,1.0,1,1.0,1,1.0,1,0.21733843409865652,70
4339,2,7061,3384,3677,0,0,0,1.0,1,1.0,1,1.0,1,0.2142104912406496,70
4340,0,7061,3384,3677,0,0,0,1.0,1,1.0,1,1.0,1,0.2229645951615142,71
4341,3,7064,3386,3678,0,0,0,1.0,1,1.0,1,1.0,1,0.21830778500870074,70
4342,4,7068,3388,3680,0,0,0,1.0,1,1.0,1,1.0,1,0.22281259803055495,71
4343,4,7072,3392,3680,0,0,0,1.0,1,1.0,1,1.0,1,0.2780316880803606,67
4344,6,7078,3396,3682,0,0,0,1.0,1,1.0,1,1.0,1,0.30444932104780315,67
4345,7,7085,3399,3686,0,0,0,1.0,1,1.0,1,1.0,1,0.287433603912033,64
4346,4,7089,3402,3687,0,0,0,1.0,1,1.0,1,1.0,1,0.2801995507691388,64
4347,4,7093,3404,3689,0,0,0,1.0,1,1.0,1,1.0,1,0.2589413091518069,62
4348,3,7096,3406,3690,0,0,0,1.0,1,1.0,1,1.0,1,0.24427185246663738,62
4349,2,7098,3407,3691,0,0,0,1.0,1,1.0,1,1.0,1,0.2721600902061929,61
4350,1,7099,3408,3691,0,0,0,1.0,1,1.0,1,1.0,1,0.27033236428012286,60
4351,1,7100,3408,3692,0,0,0,1.0,1,1.0,1,1.0,1,0.26695521022353463,60
4352,0,7100,3408,3692,0,0,0,1.0,1,1.0,1,1.0,1,0.2867053941108024,57
4353,2,7102,3409,3693,0,0,0,1.0,1,1.0,1,1.0,1,0.27338006994524955,55
4354,3,7105,3410,3695,0,0,0,1.0,1,1.0,1,1.0,1,0.264602112335797,55
4355,1,7106,3410,3696,0,0,0,1.0,1,1.0,1,1.0,1,0.27618735216560697,53
4356,1,7107,3410,3697,0,0,0,1.0,1,1.0,1,1.0,1,0.2515249252879352,55
4357,2,7109,3410,3699,0,0,0,1.0,1,1.0,1,1.0,1,0.24699371828205496,55
4358,2,7111,3411,3700,0,0,0,1.0,1,1.0,1,1.0,1,0.22076835420748486,55
4359,0,7111,3411,3700,0,0,0,1.0,1,1.0,1,1.0,1,0.2340346770714031,54
4360,2,7113,3412,3701,0,0,0,1.0,1,1.0,1,1.0,1,0.21373870188872449,55
4361,1,7114,3413,3701,0,0,0,1.0,1,1.0,1,1.0,1,0.24632393651103449,54
4362,2,7116,3413,3703,0,0,0,1.0,1,1.0,1,1.0,1,0.20837003957928918,55
4363,2,7118,3414,3704,0,0,0,1.0,1,1.0,1,1.0,1,0.18492602050113835,55
4364,2,7120,3415,3705,0,0,0,1.0,1,1.0,1,1.0,1,0.17118726225864964,55
4365,1,7121,3415,3706,0,0,0,1.0,1,1.0,1,1.0,1,0.17498099441832113,54
4366,3,7124,3417,3707,0,0,0,1.0,1,1.0,1,1.0,1,0.18911783529588624,54
4367,0,7124,3417,3707,0,0,0,1.0,1,1.0,1,1.0,1,0.18962904328433536,57
4368,2,7126,3418,3708,0,0,0,1.0,1,1.0,1,1.0,1,0.23005794165436894,57
4369,1,7127,3418,3709,0,0,0,1.0,1,1.0,1,1.0,1,0.21575900069796186,58
4370,1,7128,3419,3709,0,0,0,1.0,1,1.0,1,1.0,1,0.24353525553824917,59
4371,0,7128,3419,3709,0,0,0,1.0,1,1.0,1,1.0,1,0.23511818250395547,60
4372,3,7131,3421,3710,0,0,0,1.0,1,1.0,1,1.0,1,0.2300828670941611,60
4373,0,7131,3421,3710,0,0,0,1.0,1,1.0,1,1.0,1,0.2300828670941611,60
4374,1,7132,3422,3710,0,0,0,1.0,1,1.0,1,1.0,1,0.26459620209300583,59
4375,3,7135,3422,3713,0,0,0,1.0,1,1.0,1,1.0,1,0.22807757369633258,60
4376,0,7135,3422,3713,0,0,0,1.0,1,1.0,1,1.0,1,0.2494188509175384,60
4377,2,7137,3423,3714,0,0,0,1.0,1,1.0,1,1.0,1,0.2559532335945006,61
4378,1,7138,3423,3715,0,0,0,1.0,1,1.0,1,1.0,1,0.2368323178271565,64
4379,0,7138,3423,3715,0,0,0,1.0,1,1.0,1,1.0,1,0.2368323178271565,64
4380,2,7140,3425,3715,0,0,0,1.0,1,1.0,1,1.0,1,0.23065668999588207,65
4381,0,7140,3425,3715,0,0,0,1.0,1,1.0,1,1.0,1,0.23477350160551588,64
4382,2,7142,3426,3716,0,0,0,1.0,1,1.0,1,1.0,1,0.25623325981114903,64
4383,3,7145,3427,3718,0,0,0,1.0,1,1.0,1,1.0,1,0.26437364322513296,64
4384,1,7146,3428,3718,0,0,0,1.0,1,1.0,1,1.0,1,0.29318032904419966,60
4385,1,7147,3428,3719,0,0,0,1.0,1,1.0,1,1.0,1,0.27045803366008164,58
4386,2,7149,3430,3719,0,0,0,1.0,1,1.0,1,1.0,1,0.28921772368525495,58
4387,4,7153,3431,3722,0,0,0,1.0,1,1.0,1,1.0,1,0.26275002903478656,55
4388,3,7156,3433,3723,0,0,0,1.0,1,1.0,1,1.0,1,0.2713663350059802,56
4389,0,7156,3433,3723,0,0,0,1.0,1,1.0,1,1.0,1,0.25885085518377643,55
4390,4,7160,3435,3725,0,0,0,1.0,1,1.0,1,1.0,1,0.22570802810252627,55
4391,4,7164,3437,3727,0,0,0,1.0,1,1.0,1,1.0,1,0.2035599548981111,56
4392,0,7164,3437,3727,0,0,0,1.0,1,1.0,1,1.0,1,0.220716936987432,56
4393,2,7166,3438,3728,0,0,0,1.0,1,1.0,1,1.0,1,0.25420391401909803,55
4394,2,7168,3440,3728,0,0,0,1.0,1,1.0,1,1.0,1,0.253249297733632,53
4395,1,7169,3441,3728,0,0,0,1.0,1,1.0,1,1.0,1,0.27069994618012677,53
4396,3,7172,3444,3728,0,0,0,1.0,1,1.0,1,1.0,1,0.3166236046376503,53
4397,1,7173,3445,3728,0,0,0,1.0,1,1.0,1,1.0,1,0.33169986129088397,50
4398,2,7175,3447,3728,0,0,0,1.0,1,1.0,1,1.0,1,0.39589632853695333,50
4399,2,7177,3447,3730,0,0,0,1.0,1,1.0,1,1.0,1,0.3578151744397361,52
4400,3,7180,3447,3733,0,0,0,1.0,1,1.0,1,1.0,1,0.3093330371689323,55
4401,0,7180,3447,3733,0,0,0,1.0,1,1.0,1,1.0,1,0.2912803640447263,56
4402,0,7180,3447,3733,0,0,0,1.0,1,1.0,1,1.0,1,0.2912803640447263,56
4403,3,7183,3449,3734,0,0,0,1.0,1,1.0,1,1.0,1,0.28124771345293925,57
4404,0,7183,3449,3734,0,0,0,1.0,1,1.0,1,1.0,1,0.28124771345293925,57
4405,0,7183,3449,3734,0,0,0,1.0,1,1.0,1,1.0,1,0.2774276533788319,58
4406,0,7183,3449,3734,0,0,0,1.0,1,1.0,1,1.0,1,0.2774276533788319,58
4407,0,7183,3449,3734,0,0,0,1.0,1,1.0,1,1.0,1,0.2774276533788319,58
4408,0,7183,3449,3734,0,0,0,1.0,1,1.0,1,1.0,1,0.2852219682100519,59
4409,0,7183,3449,3734,0,0,0,1.0,1,1.0,1,1.0,1,0.2852219682100519,59
4410,0,7183,3449,3734,0,0,0,1.0,1,1.0,1,1.0,1,0.2852219682100519,59
4411,0,7183,3449,3734,0,0,0,1.0,1,1.0,1,1.0,1,0.2759594439522985,62
4412,0,7183,3449,3734,0,0,0,1.0,1,1.0,1,1.0,1,0.27045331216746443,63
4413,0,7183,3449,3734,0,0,0,1.0,1,1.0,1,1.0,1,0.27045331216746443,63
4414,2,7185,3449,3736,0,0,0,1.0,1,1.0,1,1.0,1,0.2551470475049222,64
4415,1,7186,3449,3737,0,0,0,1.0,1,1.0,1,1.0,1,0.24500733732887334,64
4416,0,7186,3449,3737,0,0,0,1.0,1,1.0,1,1.0,1,0.24500733732887334,64
4417,2,7188,3449,3739,0,0,0,1.0,1,1.0,1,1.0,1,0.22985029546324534,65
4418,2,7190,3451,3739,0,0,0,1.0,1,1.0,1,1.0,1,0.25000183745080895,65
4419,2,7192,3451,3741,0,0,0,1.0,1,1.0,1,1.0,1,0.2888451954410439,62
4420,2,7194,3451,3743,0,0,0,1.0,1,1.0,1,1.0,1,0.2836515475687361,62
4421,1,7195,3452,3743,0,0,0,1.0,1,1.0,1,1.0,1,0.2969024365150119,65
4422,4,7199,3454,3745,0,0,0,1.0,1,1.0,1,1.0,1,0.3049799777849642,64
4423,1,7200,3454,3746,0,0,0,1.0,1,1.0,1,1.0,1,0.28949210442022416,63
4424,4,7204,3455,3749,0,0,0,1.0,1,1.0,1,1.0,1,0.26495175543563293,63
4425,1,7205,3456,3749,0,0,0,1.0,1,1.0,1,1.0,1,0.2946646287831186,63
4426,5,7210,3458,3752,0,0,0,1.0,1,1.0,1,1.0,1,0.27686095354166496,63
4427,2,7212,3458,3754,0,0,0,1.0,1,1.0,1,1.0,1,0.24084473012889862,62
4428,1,7213,3458,3755,0,0,0,1.0,1,1.0,1,1.0,1,0.22293601765125662,61
4429,5,7218,3460,3758,0,0,0,1.0,1,1.0,1,1.0,1,0.23223030981377307,62
4430,2,7220,3461,3759,0,0,0,1.0,1,1.0,1,1.0,1,0.21225831810773882,60
4431,2,7222,3462,3760,0,0,0,1.0,1,1.0,1,1.0,1,0.1899293459374871,59
4432,2,7224,3462,3762,0,0,0,1.0,1,1.0,1,1.0,1,0.15066153094920728,60
4433,3,7227,3464,3763,0,0,0,1.0,1,1.0,1,1.0,1,0.13805144157201843,61
4434,2,7229,3466,3763,0,0,0,1.0,1,1.0,1,1.0,1,0.15522775581288947,61
4435,3,7232,3467,3765,0,0,0,1.0,1,1.0,1,1.0,1,0.131617744865215,61
4436,1,7233,3468,3765,0,0,0,1.0,1,1.0,1,1.0,1,0.15857975982316191,61
4437,5,7238,3472,3766,0,0,0,1.0,1,1.0,1,1.0,1,0.17644988704090006,61
4438,1,7239,3472,3767,0,0,0,1.0,1,1.0,1,1.0,1,0.17210190361762537,62
4439,0,7239,3472,3767,0,0,0,1.0,1,1.0,1,1.0,1,0.18483193715451263,63
4440,1,7240,3472,3768,0,0,0,1.0,1,1.0,1,1.0,1,0.18115375823785732,64
4441,1,7241,3472,3769,0,0,0,1.0,1,1.0,1,1.0,1,0.16809415504385766,64
4442,4,7245,3475,3770,0,0,0,1.0,1,1.0,1,1.0,1,0.1629341885378853,67
4443,2,7247,3475,3772,0,0,0,1.0,1,1.0,1,1.0,1,0.14496700448002853,68
4444,0,7247,3475,3772,0,0,0,1.0,1,1.0,1,1.0,1,0.1426178035735376,69
4445,1,7248,3476,3772,0,0,0,1.0,1,1.0,1,1.0,1,0.17465144462364526,71
4446,0,7248,3476,3772,0,0,0,1.0,1,1.0,1,1.0,1,0.17465144462364526,71
4447,2,7250,3476,3774,0,0,0,1.0,1,1.0,1,1.0,1,0.16157377082776306,72
4448,0,7250,3476,3774,0,0,0,1.0,1,1.0,1,1.0,1,0.17083896952981073,71
4449,1,7251,3477,3774,0,0,0,1.0,1,1.0,1,1.0,1,0.1772904584343727,70
4450,2,7253,3477,3776,0,0,0,1.0,1,1.0,1,1.0,1,0.16612750718295807,69
4451,0,7253,3477,3776,0,0,0,1.0,1,1.0,1,1.0,1,0.16819784426984333,69
4452,2,7255,3477,3778,0,0,0,1.0,1,1.0,1,1.0,1,0.16124244596971704,70
4453,2,7257,3477,3780,0,0,0,1.0,1,1.0,1,1.0,1,0.15388360708795934,70
4454,3,7260,3479,3781,0,0,0,1.0,1,1.0,1,1.0,1,0.17757391838929307,71
4455,3,7263,3481,3782,0,0,0,1.0,1,1.0,1,1.0,1,0.18178177854785477,71
4456,7,7270,3485,3785,0,0,0,1.0,1,1.0,1,1.0,1,0.18733196352735892,71
4457,2,7272,3486,3786,0,0,0,1.0,1,1.0,1,1.0,1,0.15774148146751155,69
4458,2,7274,3488,3786,0,0,0,1.0,1,1.0,1,1.0,1,0.18320753578955568,70
4459,3,7277,3489,3788,0,0,0,1.0,1,1.0,1,1.0,1,0.16780629264184482,68
4460,3,7280,3492,3788,0,0,0,1.0,1,1.0,1,1.0,1,0.18083246028440975,68
4461,2,7282,3493,3789,0,0,0,1.0,1,1.0,1,1.0,1,0.16569722251264937,67
4462,5,7287,3498,3789,0,0,0,1.0,1,1.0,1,1.0,1,0.16634469576472635,66
4463,4,7291,3501,3790,0,0,0,1.0,1,1.0,1,1.0,1,0.19361125742584828,65
4464,3,7294,3504,3790,0,0,0,1.0,1,1.0,1,1.0,1,0.2518630778975148,62
4465,7,7301,3506,3795,0,0,0,1.0,1,1.0,1,1.0,1,0.20634830201224558,61
4466,2,7303,3506,3797,0,0,0,1.0,1,1.0,1,1.0,1,0.17617111871782218,60
4467,4,7307,3508,3799,0,0,0,1.0,1,1.0,1,1.0,1,0.15338569559584003,58
4468,2,7309,3509,3800,0,0,0,1.0,1,1.0,1,1.0,1,0.15787394352082817,57
4469,3,7312,3512,3800,0,0,0,1.0,1,1.0,1,1.0,1,0.19445694278087233,56
4470,1,7313,3513,3800,0,0,0,1.0,1,1.0,1,1.0,1,0.19240882435557707,55
4471,2,7315,3514,3801,0,0,0,1.0,1,1.0,1,1.0,1,0.18505371285971167,55
4472,3,7318,3517,3801,0,0,0,1.0,1,1.0,1,1.0,1,0.1863585628364342,55
4473,0,7318,3517,3801,0,0,0,1.0,1,1.0,1,1.0,1,0.18652311734078886,55
4474,4,7322,3519,3803,0,0,0,1.0,1,1.0,1,1.0,1,0.2131694507577862,55
4475,1,7323,3520,3803,0,0,0,1.0,1,1.0,1,1.0,1,0.1933654990257706,56
4476,1,7324,3520,3804,0,0,0,1.0,1,1.0,1,1.0,1,0.17800360993823683,56
4477,2,7326,3520,3806,0,0,0,1.0,1,1.0,1,1.0,1,0.16949027621299104,57
4478,0,7326,3520,3806,0,0,0,1.0,1,1.0,1,1.0,1,0.18230570137547225,55
4479,1,7327,3521,3806,0,0,0,1.0,1,1.0,1,1.0,1,0.18691396247962253,55
4480,0,7327,3521,3806,0,0,0,1.0,1,1.0,1,1.0,1,0.20023286602027882,54
4481,0,7327,3521,3806,0,0,0,1.0,1,1.0,1,1.0,1,0.24685379345427266,53
4482,2,7329,3522,3807,0,0,0,1.0,1,1.0,1,1.0,1,0.24060929638978393,54
4483,2,7331,3522,3809,0,0,0,1.0,1,1.0,1,1.0,1,0.19999919819322423,55
4484,1,7332,3523,3809,0,0,0,1.0,1,1.0,1,1.0,1,0.20318380850718726,57
4485,4,7336,3525,3811,0,0,0,1.0,1,1.0,1,1.0,1,0.22731902381014904,60
4486,4,7340,3526,3814,0,0,0,1.0,1,1.0,1,1.0,1,0.19611928917360505,60
4487,1,7341,3526,3815,0,0,0,1.0,1,1.0,1,1.0,1,0.1818034085959187,60
4488,0,7341,3526,3815,0,0,0,1.0,1,1.0,1,1.0,1,0.1818034085959187,60
4489,1,7342,3527,3815,0,0,0,1.0,1,1.0,1,1.0,1,0.17324510740382512,60
4490,0,7342,3527,3815,0,0,0,1.0,1,1.0,1,1.0,1,0.17324510740382512,60
4491,1,7343,3528,3815,0,0,0,1.0,1,1.0,1,1.0,1,0.1732772044937798,61
4492,1,7344,3529,3815,0,0,0,1.0,1,1.0,1,1.0,1,0.15524401392679998,61
4493,1,7345,3530,3815,0,0,0,1.0,1,1.0,1,1.0,1,0.17494795144320247,60
4494,1,7346,3531,3815,0,0,0,1.0,1,1.0,1,1.0,1,0.19052617701241858,61
4495,1,7347,3531,3816,0,0,0,1.0,1,1.0,1,1.0,1,0.15972451514364686,59
4496,0,7347,3531,3816,0,0,0,1.0,1,1.0,1,1.0,1,0.18935107347052627,60
4497,0,7347,3531,3816,0,0,0,1.0,1,1.0,1,1.0,1,0.20954632053095767,59
4498,2,7349,3532,3817,0,0,0,1.0,1,1.0,1,1.0,1,0.18069306325483223,57
4499,3,7352,3534,3818,0,0,0,1.0,1,1.0,1,1.0,1,0.2017167818722579,58
4500,0,7352,3534,3818,0,0,0,1.0,1,1.0,1,1.0,1,0.208799531272793,56
4501,2,7354,3536,3818,0,0,0,1.0,1,1.0,1,1.0,1,0.26772669932556586,57
4502,9,7363,3540,3823,0,0,0,1.0,1,1.0,1,1.0,1,0.2672045376472667,56
4503,4,7367,3542,3825,0,0,0,1.0,1,1.0,1,1.0,1,0.28959310470787486,54
4504,5,7372,3542,3830,0,0,0,1.0,1,1.0,1,1.0,1,0.19188962315487063,54
4505,2,7374,3544,3830,0,0,0,1.0,1,1.0,1,1.0,1,0.18591502415878655,51
4506,0,7374,3544,3830,0,0,0,1.0,1,1.0,1,1.0,1,0.18598105894693331,49
4507,2,7376,3545,3831,0,0,0,1.0,1,1.0,1,1.0,1,0.20198599786502583,48
4508,1,7377,3545,3832,0,0,0,1.0,1,1.0,1,1.0,1,0.21989446071961088,48
4509,3,7380,3548,3832,0,0,0,1.0,1,1.0,1,1.0,1,0.23057820315249192,46
4510,1,7381,3548,3833,0,0,0,1.0,1,1.0,1,1.0,1,0.2431943846687177,44
4511,4,7385,3549,3836,0,0,0,1.0,1,1.0,1,1.0,1,0.20995159363966476,45
4512,1,7386,3550,3836,0,0,0,1.0,1,1.0,1,1.0,1,0.23019767412345699,46
4513,3,7389,3550,3839,0,0,0,1.0,1,1.0,1,1.0,1,0.19767970506503735,45
4514,0,7389,3550,3839,0,0,0,1.0,1,1.0,1,1.0,1,0.18442774901214606,46
4515,2,7391,3550,3841,0,0,0,1.0,1,1.0,1,1.0,1,0.17062705097073122,48
4516,1,7392,3551,3841,0,0,0,1.0,1,1.0,1,1.0,1,0.1824822442783178,49
4517,1,7393,3552,3841,0,0,0,1.0,1,1.0,1,1.0,1,0.17605713404245038,50
4518,1,7394,3553,3841,0,0,0,1.0,1,1.0,1,1.0,1,0.16165990610231268,50
4519,2,7396,3555,3841,0,0,0,1.0,1,1.0,1,1.0,1,0.17984441620743152,49
4520,0,7396,3555,3841,0,0,0,1.0,1,1.0,1,1.0,1,0.1890993061600171,50
4521,0,7396,3555,3841,0,0,0,1.0,1,1.0,1,1.0,1,0.1890993061600171,50
4522,1,7397,3555,3842,0,0,0,1.0,1,1.0,1,1.0,1,0.16542330222507282,50
4523,0,7397,3555,3842,0,0,0,1.0,1,1.0,1,1.0,1,0.1688230782354409,51
4524,3,7400,3556,3844,0,0,0,1.0,1,1.0,1,1.0,1,0.16471440311083518,52
4525,2,7402,3557,3845,0,0,0,1.0,1,1.0,1,1.0,1,0.15126578770882082,53
4526,0,7402,3557,3845,0,0,0,1.0,1,1.0,1,1.0,1,0.13952216450383614,54
4527,0,7402,3557,3845,0,0,0,1.0,1,1.0,1,1.0,1,0.15325164225290144,55
4528,1,7403,3557,3846,0,0,0,1.0,1,1.0,1,1.0,1,0.1446486775440721,55
4529,0,7403,3557,3846,0,0,0,1.0,1,1.0,1,1.0,1,0.15698360578723133,55
4530,0,7403,3557,3846,0,0,0,1.0,1,1.0,1,1.0,1,0.1591243737402973,56
4531,5,7408,3561,3847,0,0,0,1.0,1,1.0,1,1.0,1,0.2065109376314638,56
4532,2,7410,3562,3848,0,0,0,1.0,1,1.0,1,1.0,1,0.23286173871344884,55
4533,2,7412,3563,3849,0,0,0,1.0,1,1.0,1,1.0,1,0.27430736440742176,54
4534,4,7416,3563,3853,0,0,0,1.0,1,1.0,1,1.0,1,0.21447723317443926,55
4535,1,7417,3563,3854,0,0,0,1.0,1,1.0,1,1.0,1,0.22065391635864623,52
4536,2,7419,3564,3855,0,0,0,1.0,1,1.0,1,1.0,1,0.20458521138098726,53
4537,2,7421,3565,3856,0,0,0,1.0,1,1.0,1,1.0,1,0.2054324356904231,52
4538,0,7421,3565,3856,0,0,0,1.0,1,1.0,1,1.0,1,0.21990463128144455,52
4539,2,7423,3566,3857,0,0,0,1.0,1,1.0,1,1.0,1,0.243974650803958,53
4540,4,7427,3567,3860,0,0,0,1.0,1,1.0,1,1.0,1,0.2132040817950241,54
4541,0,7427,3567,3860,0,0,0,1.0,1,1.0,1,1.0,1,0.22781098530850266,53
4542,2,7429,3569,3860,0,0,0,1.0,1,1.0,1,1.0,1,0.24992365852046244,53
4543,4,7433,3570,3863,0,0,0,1.0,1,1.0,1,1.0,1,0.22172529259046775,53
4544,4,7437,3572,3865,0,0,0,1.0,1,1.0,1,1.0,1,0.18255029566896913,52
4545,0,7437,3572,3865,0,0,0,1.0,1,1.0,1,1.0,1,0.19955893364139296,50
4546,1,7438,3572,3866,0,0,0,1.0,1,1.0,1,1.0,1,0.20544208664244606,49
4547,2,7440,3573,3867,0,0,0,1.0,1,1.0,1,1.0,1,0.20236190716507974,49
4548,0,7440,3573,3867,0,0,0,1.0,1,1.0,1,1.0,1,0.20236190716507974,49
4549,1,7441,3574,3867,0,0,0,1.0,1,1.0,1,1.0,1,0.20659616876608047,50
4550,1,7442,3575,3867,0,0,0,1.0,1,1.0,1,1.0,1,0.22943785328718103,49
4551,0,7442,3575,3867,0,0,0,1.0,1,1.0,1,1.0,1,0.22943785328718103,49
4552,1,7443,3576,3867,0,0,0,1.0,1,1.0,1,1.0,1,0.2260284088661993,49
4553,2,7445,3578,3867,0,0,0,1.0,1,1.0,1,1.0,1,0.27176821144089286,49
4554,2,7447,3579,3868,0,0,0,1.0,1,1.0,1,1.0,1,0.26581985523422663,49
4555,5,7452,3580,3872,0,0,0,1.0,1,1.0,1,1.0,1,0.23058208745787734,48
4556,0,7452,3580,3872,0,0,0,1.0,1,1.0,1,1.0,1,0.23058208745787734,48
4557,1,7453,3580,3873,0,0,0,1.0,1,1.0,1,1.0,1,0.2353398886219256,49
4558,2,7455,3581,3874,0,0,0,1.0,1,1.0,1,1.0,1,0.19445755644190055,49
4559,0,7455,3581,3874,0,0,0,1.0,1,1.0,1,1.0,1,0.2197152171548736,50
4560,1,7456,3582,3874,0,0,0,1.0,1,1.0,1,1.0,1,0.2328188476090151,51
4561,1,7457,3582,3875,0,0,0,1.0,1,1.0,1,1.0,1,0.21673786457156033,52
4562,1,7458,3583,3875,0,0,0,1.0,1,1.0,1,1.0,1,0.25759626350412396,53
4563,0,7458,3583,3875,0,0,0,1.0,1,1.0,1,1.0,1,0.24532235408419675,52
4564,4,7462,3583,3879,0,0,0,1.0,1,1.0,1,1.0,1,0.1850105655840881,54
4565,1,7463,3583,3880,0,0,0,1.0,1,1.0,1,1.0,1,0.19130901711559462,55
4566,1,7464,3583,3881,0,0,0,1.0,1,1.0,1,1.0,1,0.18003067996649177,55
4567,2,7466,3585,3881,0,0,0,1.0,1,1.0,1,1.0,1,0.15806571237491013,56
4568,2,7468,3586,3882,0,0,0,1.0,1,1.0,1,1.0,1,0.17864596937156946,58
4569,0,7468,3586,3882,0,0,0,1.0,1,1.0,1,1.0,1,0.17170534110977673,59
4570,1,7469,3587,3882,0,0,0,1.0,1,1.0,1,1.0,1,0.17534744936127014,59
4571,0,7469,3587,3882,0,0,0,1.0,1,1.0,1,1.0,1,0.16327012524687717,57
4572,3,7472,3589,3883,0,0,0,1.0,1,1.0,1,1.0,1,0.18612358886520175,56
4573,3,7475,3591,3884,0,0,0,1.0,1,1.0,1,1.0,1,0.20127309809206018,56
4574,0,7475,3591,3884,0,0,0,1.0,1,1.0,1,1.0,1,0.2672699434252282,55
4575,0,7475,3591,3884,0,0,0,1.0,1,1.0,1,1.0,1,0.2672699434252282,55
4576,2,7477,3591,3886,0,0,0,1.0,1,1.0,1,1.0,1,0.2472477834199615,55
4577,0,7477,3591,3886,0,0,0,1.0,1,1.0,1,1.0,1,0.24172992390737366,54
4578,1,7478,3592,3886,0,0,0,1.0,1,1.0,1,1.0,1,0.24488770255066544,54
4579,1,7479,3592,3887,0,0,0,1.0,1,1.0,1,1.0,1,0.22306557659929951,54
4580,1,7480,3592,3888,0,0,0,1.0,1,1.0,1,1.0,1,0.20470651709145019,55
4581,1,7481,3593,3888,0,0,0,1.0,1,1.0,1,1.0,1,0.24154326003943272,56
4582,0,7481,3593,3888,0,0,0,1.0,1,1.0,1,1.0,1,0.24154326003943272,56
4583,1,7482,3594,3888,0,0,0,1.0,1,1.0,1,1.0,1,0.25141186922819114,57
4584,1,7483,3595,3888,0,0,0,1.0,1,1.0,1,1.0,1,0.2813802043401562,57
4585,2,7485,3595,3890,0,0,0,1.0,1,1.0,1,1.0,1,0.24871878605942194,57
4586,0,7485,3595,3890,0,0,0,1.0,1,1.0,1,1.0,1,0.24871878605942194,57
4587,0,7485,3595,3890,0,0,0,1.0,1,1.0,1,1.0,1,0.24871878605942194,57
4588,0,7485,3595,3890,0,0,0,1.0,1,1.0,1,1.0,1,0.25871477499881873,58
4589,0,7485,3595,3890,0,0,0,1.0,1,1.0,1,1.0,1,0.2573827369941627,59
4590,1,7486,3595,3891,0,0,0,1.0,1,1.0,1,1.0,1,0.25854871431059767,60
4591,0,7486,3595,3891,0,0,0,1.0,1,1.0,1,1.0,1,0.26949656304394837,61
4592,1,7487,3595,3892,0,0,0,1.0,1,1.0,1,1.0,1,0.2564879635179934,62
4593,3,7490,3595,3895,0,0,0,1.0,1,1.0,1,1.0,1,0.2295092180106701,64
4594,0,7490,3595,3895,0,0,0,1.0,1,1.0,1,1.0,1,0.2295092180106701,64
4595,0,7490,3595,3895,0,0,0,1.0,1,1.0,1,1.0,1,0.24180050180463858,63
4596,0,7490,3595,3895,0,0,0,1.0,1,1.0,1,1.0,1,0.24180050180463858,63
4597,2,7492,3597,3895,0,0,0,1.0,1,1.0,1,1.0,1,0.2423878134519719,63
4598,3,7495,3598,3897,0,0,0,1.0,1,1.0,1,1.0,1,0.20380411793973685,65
4599,3,7498,3599,3899,0,0,0,1.0,1,1.0,1,1.0,1,0.19846527884567328,66
4600,4,7502,3600,3902,0,0,0,1.0,1,1.0,1,1.0,1,0.1720112112318048,67
4601,0,7502,3600,3902,0,0,0,1.0,1,1.0,1,1.0,1,0.1720112112318048,67
4602,0,7502,3600,3902,0,0,0,1.0,1,1.0,1,1.0,1,0.17304215405862736,69
4603,5,7507,3601,3906,0,0,0,1.0,1,1.0,1,1.0,1,0.1539088616087975,69
4604,1,7508,3602,3906,0,0,0,1.0,1,1.0,1,1.0,1,0.15658617948933004,69
4605,0,7508,3602,3906,0,0,0,1.0,1,1.0,1,1.0,1,0.15444431602730846,70
4606,0,7508,3602,3906,0,0,0,1.0,1,1.0,1,1.0,1,0.15444431602730846,70
4607,1,7509,3603,3906,0,0,0,1.0,1,1.0,1,1.0,1,0.1809802545080813,72
4608,1,7510,3603,3907,0,0,0,1.0,1,1.0,1,1.0,1,0.17629787133030228,73
4609,1,7511,3603,3908,0,0,0,1.0,1,1.0,1,1.0,1,0.16058311254262786,72
4610,2,7513,3604,3909,0,0,0,1.0,1,1.0,1,1.0,1,0.15011668701741554,72
4611,0,7513,3604,3909,0,0,0,1.0,1,1.0,1,1.0,1,0.17036313416389792,71
4612,1,7514,3605,3909,0,0,0,1.0,1,1.0,1,1.0,1,0.18351167139394262,70
4613,0,7514,3605,3909,0,0,0,1.0,1,1.0,1,1.0,1,0.17398982798542803,69
4614,0,7514,3605,3909,0,0,0,1.0,1,1.0,1,1.0,1,0.2072294047743967,68
4615,4,7518,3607,3911,0,0,0,1.0,1,1.0,1,1.0,1,0.1995449653353826,68
4616,0,7518,3607,3911,0,0,0,1.0,1,1.0,1,1.0,1,0.22744328551804976,65
4617,1,7519,3608,3911,0,0,0,1.0,1,1.0,1,1.0,1,0.2268574643989877,66
4618,3,7522,3609,3913,0,0,0,1.0,1,1.0,1,1.0,1,0.22605993842530037,66
4619,0,7522,3609,3913,0,0,0,1.0,1,1.0,1,1.0,1,0.2332018108228508,65
4620,1,7523,3609,3914,0,0,0,1.0,1,1.0,1,1.0,1,0.22098523769012415,65
4621,7,7530,3613,3917,0,0,0,1.0,1,1.0,1,1.0,1,0.2341368403376432,67
4622,0,7530,3613,3917,0,0,0,1.0,1,1.0,1,1.0,1,0.2446228438242299,65
4623,2,7532,3615,3917,0,0,0,1.0,1,1.0,1,1.0,1,0.2735701941811129,66
4624,3,7535,3617,3918,0,0,0,1.0,1,1.0,1,1.0,1,0.26309765564629334,65
4625,2,7537,3617,3920,0,0,0,1.0,1,1.0,1,1.0,1,0.24865762307280662,64
4626,2,7539,3619,3920,0,0,0,1.0,1,1.0,1,1.0,1,0.2490508501644846,63
4627,7,7546,3620,3926,0,0,0,1.0,1,1.0,1,1.0,1,0.18217679488183156,65
4628,1,7547,3620,3927,0,0,0,1.0,1,1.0,1,1.0,1,0.17962396908496112,64
4629,3,7550,3622,3928,0,0,0,1.0,1,1.0,1,1.0,1,0.19576506867056967,64
4630,4,7554,3622,3932,0,0,0,1.0,1,1.0,1,1.0,1,0.14590716476456156,64
4631,3,7557,3623,3934,0,0,0,1.0,1,1.0,1,1.0,1,0.17409695585831098,66
4632,1,7558,3623,3935,0,0,0,1.0,1,1.0,1,1.0,1,0.1762773210798802,65
4633,0,7558,3623,3935,0,0,0,1.0,1,1.0,1,1.0,1,0.17312935915084746,66
4634,1,7559,3624,3935,0,0,0,1.0,1,1.0,1,1.0,1,0.17676934117208273,66
4635,0,7559,3624,3935,0,0,0,1.0,1,1.0,1,1.0,1,0.1766281903482631,66
4636,0,7559,3624,3935,0,0,0,1.0,1,1.0,1,1.0,1,0.1766281903482631,66
4637,1,7560,3624,3936,0,0,0,1.0,1,1.0,1,1.0,1,0.15194427756783255,68
4638,0,7560,3624,3936,0,0,0,1.0,1,1.0,1,1.0,1,0.15194427756783255,68
4639,1,7561,3625,3936,0,0,0,1.0,1,1.0,1,1.0,1,0.17189681487714367,69
4640,0,7561,3625,3936,0,0,0,1.0,1,1.0,1,1.0,1,0.17189681487714367,69
4641,2,7563,3626,3937,0,0,0,1.0,1,1.0,1,1.0,1,0.1936277126403206,70
4642,6,7569,3626,3943,0,0,0,1.0,1,1.0,1,1.0,1,0.12167406248386686,69
4643,1,7570,3627,3943,0,0,0,1.0,1,1.0,1,1.0,1,0.1404213689136905,70
4644,1,7571,3628,3943,0,0,0,1.0,1,1.0,1,1.0,1,0.17108666663828978,69
4645,1,7572,3629,3943,0,0,0,1.0,1,1.0,1,1.0,1,0.17912866713400183,70
4646,2,7574,3630,3944,0,0,0,1.0,1,1.0,1,1.0,1,0.20297444085486194,68
4647,2,7576,3632,3944,0,0,0,1.0,1,1.0,1,1.0,1,0.22069160371205748,68
4648,2,7578,3632,3946,0,0,0,1.0,1,1.0,1,1.0,1,0.2309777707311957,67
4649,2,7580,3633,3947,0,0,0,1.0,1,1.0,1,1.0,1,0.2582605738751129,67
4650,0,7580,3633,3947,0,0,0,1.0,1,1.0,1,1.0,1,0.23705444013898916,67
4651,4,7584,3636,3948,0,0,0,1.0,1,1.0,1,1.0,1,0.2357177582409953,68
4652,1,7585,3637,3948,0,0,0,1.0,1,1.0,1,1.0,1,0.2579818450207585,66
4653,1,7586,3638,3948,0,0,0,1.0,1,1.0,1,1.0,1,0.23635419823676243,64
4654,2,7588,3639,3949,0,0,0,1.0,1,1.0,1,1.0,1,0.2654541461690769,65
4655,1,7589,3639,3950,0,0,0,1.0,1,1.0,1,1.0,1,0.2488338210697216,64
4656,1,7590,3640,3950,0,0,0,1.0,1,1.0,1,1.0,1,0.2547852045099393,65
4657,3,7593,3641,3952,0,0,0,1.0,1,1.0,1,1.0,1,0.22824046661971778,66
4658,1,7594,3642,3952,0,0,0,1.0,1,1.0,1,1.0,1,0.2669867221536978,65
4659,1,7595,3642,3953,0,0,0,1.0,1,1.0,1,1.0,1,0.26387776213566566,65
4660,3,7598,3642,3956,0,0,0,1.0,1,1.0,1,1.0,1,0.25308770825175986,66
4661,1,7599,3642,3957,0,0,0,1.0,1,1.0,1,1.0,1,0.2611179798784637,66
4662,1,7600,3642,3958,0,0,0,1.0,1,1.0,1,1.0,1,0.2523398183942966,68
4663,0,7600,3642,3958,0,0,0,1.0,1,1.0,1,1.0,1,0.25628252505324534,67
4664,3,7603,3644,3959,0,0,0,1.0,1,1.0,1,1.0,1,0.26317342395486387,67
4665,2,7605,3645,3960,0,0,0,1.0,1,1.0,1,1.0,1,0.25326833874344856,67
4666,5,7610,3645,3965,0,0,0,1.0,1,1.0,1,1.0,1,0.2025146960318163,67
4667,1,7611,3646,3965,0,0,0,1.0,1,1.0,1,1.0,1,0.20412837937831535,66
4668,2,7613,3648,3965,0,0,0,1.0,1,1.0,1,1.0,1,0.2186573971579325,66
4669,2,7615,3649,3966,0,0,0,1.0,1,1.0,1,1.0,1,0.21923519838095776,66
4670,0,7615,3649,3966,0,0,0,1.0,1,1.0,1,1.0,1,0.23666967437078218,64
4671,0,7615,3649,3966,0,0,0,1.0,1,1.0,1,1.0,1,0.23666967437078218,64
4672,5,7620,3651,3969,0,0,0,1.0,1,1.0,1,1.0,1,0.24856131324277334,64
4673,1,7621,3651,3970,0,0,0,1.0,1,1.0,1,1.0,1,0.23710183189201126,65
4674,2,7623,3653,3970,0,0,0,1.0,1,1.0,1,1.0,1,0.2576057128699946,66
4675,4,7627,3654,3973,0,0,0,1.0,1,1.0,1,1.0,1,0.2382255315104486,65
4676,1,7628,3654,3974,0,0,0,1.0,1,1.0,1,1.0,1,0.23782456754190773,65
4677,2,7630,3656,3974,0,0,0,1.0,1,1.0,1,1.0,1,0.24963417583503894,65
4678,2,7632,3656,3976,0,0,0,1.0,1,1.0,1,1.0,1,0.22792968989681983,64
4679,1,7633,3657,3976,0,0,0,1.0,1,1.0,1,1.0,1,0.224570702055075,66
4680,2,7635,3657,3978,0,0,0,1.0,1,1.0,1,1.0,1,0.22288808829402493,67
4681,2,7637,3658,3979,0,0,0,1.0,1,1.0,1,1.0,1,0.21328820519605696,67
4682,3,7640,3661,3979,0,0,0,1.0,1,1.0,1,1.0,1,0.23787299897255992,67
4683,4,7644,3662,3982,0,0,0,1.0,1,1.0,1,1.0,1,0.2075992609331792,67
4684,1,7645,3663,3982,0,0,0,1.0,1,1.0,1,1.0,1,0.2199923381486715,66
4685,0,7645,3663,3982,0,0,0,1.0,1,1.0,1,1.0,1,0.2123792678829506,65
4686,1,7646,3664,3982,0,0,0,1.0,1,1.0,1,1.0,1,0.24388605907014485,65
4687,1,7647,3664,3983,0,0,0,1.0,1,1.0,1,1.0,1,0.2261613593940855,65
4688,3,7650,3666,3984,0,0,0,1.0,1,1.0,1,1.0,1,0.25075027039663045,64
4689,6,7656,3668,3988,0,0,0,1.0,1,1.0,1,1.0,1,0.26589405128641985,65
4690,1,7657,3668,3989,0,0,0,1.0,1,1.0,1,1.0,1,0.2754150922820918,63
4691,4,7661,3670,3991,0,0,0,1.0,1,1.0,1,1.0,1,0.2772947866255671,64
4692,0,7661,3670,3991,0,0,0,1.0,1,1.0,1,1.0,1,0.24729546612367753,63
4693,0,7661,3670,3991,0,0,0,1.0,1,1.0,1,1.0,1,0.2577365104882157,64
4694,0,7661,3670,3991,0,0,0,1.0,1,1.0,1,1.0,1,0.2469322388006708,63
4695,1,7662,3670,3992,0,0,0,1.0,1,1.0,1,1.0,1,0.23883092912532017,62
4696,2,7664,3671,3993,0,0,0,1.0,1,1.0,1,1.0,1,0.22997269809864154,61
4697,2,7666,3672,3994,0,0,0,1.0,1,1.0,1,1.0,1,0.21845590428655204,63
4698,0,7666,3672,3994,0,0,0,1.0,1,1.0,1,1.0,1,0.22990171523731262,63
4699,2,7668,3672,3996,0,0,0,1.0,1,1.0,1,1.0,1,0.2106715567131282,65
4700,0,7668,3672,3996,0,0,0,1.0,1,1.0,1,1.0,1,0.21930960949736664,64
4701,1,7669,3673,3996,0,0,0,1.0,1,1.0,1,1.0,1,0.22994919930356808,64
4702,1,7670,3673,3997,0,0,0,1.0,1,1.0,1,1.0,1,0.2197703823519292,66
4703,2,7672,3674,3998,0,0,0,1.0,1,1.0,1,1.0,1,0.21522119249767546,65
4704,3,7675,3676,3999,0,0,0,1.0,1,1.0,1,1.0,1,0.20783946723948962,64
4705,5,7680,3678,4002,0,0,0,1.0,1,1.0,1,1.0,1,0.242398993743049,65
4706,4,7684,3681,4003,0,0,0,1.0,1,1.0,1,1.0,1,0.2477292576688136,65
4707,0,7684,3681,4003,0,0,0,1.0,1,1.0,1,1.0,1,0.2559761585821591,63
4708,4,7688,3682,4006,0,0,0,1.0,1,1.0,1,1.0,1,0.21163309107914044,62
4709,7,7695,3687,4008,0,0,0,1.0,1,1.0,1,1.0,1,0.24359763396316855,61
4710,0,7695,3687,4008,0,0,0,1.0,1,1.0,1,1.0,1,0.2399776938991113,60
4711,3,7698,3689,4009,0,0,0,1.0,1,1.0,1,1.0,1,0.23407310700361256,59
4712,0,7698,3689,4009,0,0,0,1.0,1,1.0,1,1.0,1,0.22884299826053556,58
4713,2,7700,3691,4009,0,0,0,1.0,1,1.0,1,1.0,1,0.23349789484694597,58
4714,1,7701,3691,4010,0,0,0,1.0,1,1.0,1,1.0,1,0.21433875747726755,57
4715,0,7701,3691,4010,0,0,0,1.0,1,1.0,1,1.0,1,0.21772710277340365,57
4716,1,7702,3692,4010,0,0,0,1.0,1,1.0,1,1.0,1,0.24098576523337542,55
4717,3,7705,3693,4012,0,0,0,1.0,1,1.0,1,1.0,1,0.22654007274930316,57
4718,1,7706,3693,4013,0,0,0,1.0,1,1.0,1,1.0,1,0.19727205728907893,56
4719,2,7708,3694,4014,0,0,0,1.0,1,1.0,1,1.0,1,0.2292916513320721,56
4720,3,7711,3694,4017,0,0,0,1.0,1,1.0,1,1.0,1,0.20911336540534137,57
4721,1,7712,3694,4018,0,0,0,1.0,1,1.0,1,1.0,1,0.19650913403690812,57
4722,0,7712,3694,4018,0,0,0,1.0,1,1.0,1,1.0,1,0.19650913403690812,57
4723,4,7716,3696,4020,0,0,0,1.0,1,1.0,1,1.0,1,0.21497514463286269,57
4724,0,7716,3696,4020,0,0,0,1.0,1,1.0,1,1.0,1,0.21657154961872724,57
4725,0,7716,3696,4020,0,0,0,1.0,1,1.0,1,1.0,1,0.25782208335461726,57
4726,4,7720,3698,4022,0,0,0,1.0,1,1.0,1,1.0,1,0.25993523156565224,57
4727,0,7720,3698,4022,0,0,0,1.0,1,1.0,1,1.0,1,0.27203930288680195,56
4728,1,7721,3698,4023,0,0,0,1.0,1,1.0,1,1.0,1,0.2717741909253544,57
4729,0,7721,3698,4023,0,0,0,1.0,1,1.0,1,1.0,1,0.28441059997159474,56
4730,2,7723,3700,4023,0,0,0,1.0,1,1.0,1,1.0,1,0.2923100776995073,54
4731,0,7723,3700,4023,0,0,0,1.0,1,1.0,1,1.0,1,0.2928430972274822,54
4732,1,7724,3701,4023,0,0,0,1.0,1,1.0,1,1.0,1,0.32153952613197295,54
4733,2,7726,3702,4024,0,0,0,1.0,1,1.0,1,1.0,1,0.31814491286508717,55
4734,2,7728,3704,4024,0,0,0,1.0,1,1.0,1,1.0,1,0.3399703501539389,56
4735,7,7735,3707,4028,0,0,0,1.0,1,1.0,1,1.0,1,0.3191907086396907,56
4736,1,7736,3707,4029,0,0,0,1.0,1,1.0,1,1.0,1,0.31232852648846676,58
4737,0,7736,3707,4029,0,0,0,1.0,1,1.0,1,1.0,1,0.30627977215164787,59
4738,4,7740,3711,4029,0,0,0,1.0,1,1.0,1,1.0,1,0.3612235217966971,60
4739,2,7742,3711,4031,0,0,0,1.0,1,1.0,1,1.0,1,0.3398198539924128,60
4740,0,7742,3711,4031,0,0,0,1.0,1,1.0,1,1.0,1,0.3398198539924128,60
4741,7,7749,3712,4037,0,0,0,1.0,1,1.0,1,1.0,1,0.30791817138527894,61
4742,3,7752,3713,4039,0,0,0,1.0,1,1.0,1,1.0,1,0.30645832207025175,61
4743,0,7752,3713,4039,0,0,0,1.0,1,1.0,1,1.0,1,0.3022794710277064,60
4744,3,7755,3715,4040,0,0,0,1.0,1,1.0,1,1.0,1,0.2812378167556062,60
4745,0,7755,3715,4040,0,0,0,1.0,1,1.0,1,1.0,1,0.2735609721455679,59
4746,1,7756,3716,4040,0,0,0,1.0,1,1.0,1,1.0,1,0.28092488703876944,59
4747,4,7760,3718,4042,0,0,0,1.0,1,1.0,1,1.0,1,0.25199503252422156,58
4748,4,7764,3720,4044,0,0,0,1.0,1,1.0,1,1.0,1,0.23176764111161466,58
4749,4,7768,3722,4046,0,0,0,1.0,1,1.0,1,1.0,1,0.23621716731139758,58
4750,6,7774,3723,4051,0,0,0,1.0,1,1.0,1,1.0,1,0.18988027582097095,56
4751,2,7776,3724,4052,0,0,0,1.0,1,1.0,1,1.0,1,0.1819607526970959,58
4752,0,7776,3724,4052,0,0,0,1.0,1,1.0,1,1.0,1,0.16885372120795994,55
4753,1,7777,3725,4052,0,0,0,1.0,1,1.0,1,1.0,1,0.17021340459232337,55
4754,0,7777,3725,4052,0,0,0,1.0,1,1.0,1,1.0,1,0.1676991148015204,54
4755,1,7778,3726,4052,0,0,0,1.0,1,1.0,1,1.0,1,0.19407072819076612,54
4756,1,7779,3727,4052,0,0,0,1.0,1,1.0,1,1.0,1,0.21563339913607613,54
4757,0,7779,3727,4052,0,0,0,1.0,1,1.0,1,1.0,1,0.21082262209732444,53
4758,1,7780,3728,4052,0,0,0,1.0,1,1.0,1,1.0,1,0.23736390881073444,53
4759,1,7781,3728,4053,0,0,0,1.0,1,1.0,1,1.0,1,0.22590095537820482,53
4760,1,7782,3729,4053,0,0,0,1.0,1,1.0,1,1.0,1,0.2681388204233924,53
4761,5,7787,3732,4055,0,0,0,1.0,1,1.0,1,1.0,1,0.2660308879807669,52
4762,6,7793,3733,4060,0,0,0,1.0,1,1.0,1,1.0,1,0.23649990114946232,54
4763,3,7796,3734,4062,0,0,0,1.0,1,1.0,1,1.0,1,0.23041357498946458,54
4764,1,7797,3735,4062,0,0,0,1.0,1,1.0,1,1.0,1,0.2501359637237739,55
4765,1,7798,3735,4063,0,0,0,1.0,1,1.0,1,1.0,1,0.24907793260409303,56
4766,2,7800,3736,4064,0,0,0,1.0,1,1.0,1,1.0,1,0.2368181253522851,58
4767,0,7800,3736,4064,0,0,0,1.0,1,1.0,1,1.0,1,0.24094115425951593,59
4768,3,7803,3738,4065,0,0,0,1.0,1,1.0,1,1.0,1,0.23983176793877947,60
4769,3,7806,3738,4068,0,0,0,1.0,1,1.0,1,1.0,1,0.22105922648360923,59
4770,0,7806,3738,4068,0,0,0,1.0,1,1.0,1,1.0,1,0.2331932226286122,60
4771,3,7809,3738,4071,0,0,0,1.0,1,1.0,1,1.0,1,0.2083585188327347,59
4772,0,7809,3738,4071,0,0,0,1.0,1,1.0,1,1.0,1,0.2083585188327347,59
4773,1,7810,3738,4072,0,0,0,1.0,1,1.0,1,1.0,1,0.19116506952720935,60
4774,1,7811,3738,4073,0,0,0,1.0,1,1.0,1,1.0,1,0.1825204397869548,60
4775,0,7811,3738,4073,0,0,0,1.0,1,1.0,1,1.0,1,0.19024993558418365,62
4776,0,7811,3738,4073,0,0,0,1.0,1,1.0,1,1.0,1,0.17871340527147375,63
4777,3,7814,3739,4075,0,0,0,1.0,1,1.0,1,1.0,1,0.16799782319866075,63
4778,1,7815,3739,4076,0,0,0,1.0,1,1.0,1,1.0,1,0.152198461399986,63
4779,0,7815,3739,4076,0,0,0,1.0,1,1.0,1,1.0,1,0.152198461399986,63
4780,2,7817,3740,4077,0,0,0,1.0,1,1.0,1,1.0,1,0.16117562523447543,65
4781,0,7817,3740,4077,0,0,0,1.0,1,1.0,1,1.0,1,0.18021841969096508,64
4782,1,7818,3740,4078,0,0,0,1.0,1,1.0,1,1.0,1,0.18151248980073145,65
4783,3,7821,3742,4079,0,0,0,1.0,1,1.0,1,1.0,1,0.2037198402295842,66
4784,3,7824,3744,4080,0,0,0,1.0,1,1.0,1,1.0,1,0.19360860240263897,64
4785,4,7828,3746,4082,0,0,0,1.0,1,1.0,1,1.0,1,0.217869446629576,65
4786,7,7835,3748,4087,0,0,0,1.0,1,1.0,1,1.0,1,0.20905827123726292,66
4787,2,7837,3749,4088,0,0,0,1.0,1,1.0,1,1.0,1,0.16205024114912017,63
4788,6,7843,3752,4091,0,0,0,1.0,1,1.0,1,1.0,1,0.15697201152490883,63
4789,4,7847,3756,4091,0,0,0,1.0,1,1.0,1,1.0,1,0.19283028262523508,60
4790,6,7853,3759,4094,0,0,0,1.0,1,1.0,1,1.0,1,0.17052754562309952,61
4791,3,7856,3761,4095,0,0,0,1.0,1,1.0,1,1.0,1,0.18598031342073784,59
4792,3,7859,3764,4095,0,0,0,1.0,1,1.0,1,1.0,1,0.1689538596292888,59
4793,2,7861,3765,4096,0,0,0,1.0,1,1.0,1,1.0,1,0.1578740480157745,61
4794,2,7863,3767,4096,0,0,0,1.0,1,1.0,1,1.0,1,0.17179276340228167,60
4795,3,7866,3768,4098,0,0,0,1.0,1,1.0,1,1.0,1,0.14418370685382437,61
4796,2,7868,3769,4099,0,0,0,1.0,1,1.0,1,1.0,1,0.14606811191110172,60
4797,1,7869,3770,4099,0,0,0,1.0,1,1.0,1,1.0,1,0.1548804735578687,61
4798,2,7871,3771,4100,0,0,0,1.0,1,1.0,1,1.0,1,0.15000891900681632,61
4799,1,7872,3771,4101,0,0,0,1.0,1,1.0,1,1.0,1,0.17185159676968817,59
4800,1,7873,3771,4102,0,0,0,1.0,1,1.0,1,1.0,1,0.17249055611085679,57
4801,3,7876,3772,4104,0,0,0,1.0,1,1.0,1,1.0,1,0.1488761604029537,58
4802,0,7876,3772,4104,0,0,0,1.0,1,1.0,1,1.0,1,0.14943520046421777,56
4803,0,7876,3772,4104,0,0,0,1.0,1,1.0,1,1.0,1,0.1579702310686366,57
4804,3,7879,3773,4106,0,0,0,1.0,1,1.0,1,1.0,1,0.12181966303696594,55
4805,0,7879,3773,4106,0,0,0,1.0,1,1.0,1,1.0,1,0.12922043462245295,56
4806,1,7880,3773,4107,0,0,0,1.0,1,1.0,1,1.0,1,0.10780051256914129,55
4807,1,7881,3773,4108,0,0,0,1.0,1,1.0,1,1.0,1,0.12467099702536881,53
4808,1,7882,3774,4108,0,0,0,1.0,1,1.0,1,1.0,1,0.1348721793387439,54
4809,0,7882,3774,4108,0,0,0,1.0,1,1.0,1,1.0,1,0.15774077728649016,53
4810,1,7883,3775,4108,0,0,0,1.0,1,1.0,1,1.0,1,0.1441715678593607,53
4811,1,7884,3775,4109,0,0,0,1.0,1,1.0,1,1.0,1,0.1208788052183544,54
4812,2,7886,3777,4109,0,0,0,1.0,1,1.0,1,1.0,1,0.12444590282017626,54
4813,0,7886,3777,4109,0,0,0,1.0,1,1.0,1,1.0,1,0.125274354680516,55
4814,2,7888,3779,4109,0,0,0,1.0,1,1.0,1,1.0,1,0.1611744017725113,55
4815,2,7890,3779,4111,0,0,0,1.0,1,1.0,1,1.0,1,0.1495655584913784,56
4816,4,7894,3782,4112,0,0,0,1.0,1,1.0,1,1.0,1,0.1657066711956091,56
4817,2,7896,3784,4112,0,0,0,1.0,1,1.0,1,1.0,1,0.21922830908457727,58
4818,3,7899,3786,4113,0,0,0,1.0,1,1.0,1,1.0,1,0.26205593246318454,58
4819,4,7903,3786,4117,0,0,0,1.0,1,1.0,1,1.0,1,0.2250515966080701,58
4820,2,7905,3786,4119,0,0,0,1.0,1,1.0,1,1.0,1,0.21194808438639284,58
4821,0,7905,3786,4119,0,0,0,1.0,1,1.0,1,1.0,1,0.2284030885890004,58
4822,5,7910,3787,4123,0,0,0,1.0,1,1.0,1,1.0,1,0.20695581937594415,58
4823,3,7913,3788,4125,0,0,0,1.0,1,1.0,1,1.0,1,0.19720744572113721,57
4824,0,7913,3788,4125,0,0,0,1.0,1,1.0,1,1.0,1,0.20169860889593008,56
4825,3,7916,3788,4128,0,0,0,1.0,1,1.0,1,1.0,1,0.16368307176698077,57
4826,1,7917,3789,4128,0,0,0,1.0,1,1.0,1,1.0,1,0.16991407472587414,57
4827,0,7917,3789,4128,0,0,0,1.0,1,1.0,1,1.0,1,0.2015950938342287,56
4828,2,7919,3789,4130,0,0,0,1.0,1,1.0,1,1.0,1,0.16525057200643997,57
4829,1,7920,3790,4130,0,0,0,1.0,1,1.0,1,1.0,1,0.1837040330795612,56
4830,1,7921,3791,4130,0,0,0,1.0,1,1.0,1,1.0,1,0.175880805169832,57
4831,2,7923,3793,4130,0,0,0,1.0,1,1.0,1,1.0,1,0.227684899423726,57
4832,0,7923,3793,4130,0,0,0,1.0,1,1.0,1,1.0,1,0.2367378773718626,55
4833,2,7925,3795,4130,0,0,0,1.0,1,1.0,1,1.0,1,0.26906525193774417,55
4834,2,7927,3795,4132,0,0,0,1.0,1,1.0,1,1.0,1,0.24075198361555109,55
4835,1,7928,3795,4133,0,0,0,1.0,1,1.0,1,1.0,1,0.24256126850175508,55
4836,1,7929,3795,4134,0,0,0,1.0,1,1.0,1,1.0,1,0.2226950978488429,55
4837,0,7929,3795,4134,0,0,0,1.0,1,1.0,1,1.0,1,0.2028904224944728,53
4838,3,7932,3796,4136,0,0,0,1.0,1,1.0,1,1.0,1,0.18627268796604377,54
4839,5,7937,3800,4137,0,0,0,1.0,1,1.0,1,1.0,1,0.2022899852466327,53
4840,3,7940,3801,4139,0,0,0,1.0,1,1.0,1,1.0,1,0.19964067671739408,52
4841,2,7942,3803,4139,0,0,0,1.0,1,1.0,1,1.0,1,0.21430563630073843,51
4842,2,7944,3805,4139,0,0,0,1.0,1,1.0,1,1.0,1,0.23575045162094493,50
4843,6,7950,3808,4142,0,0,0,1.0,1,1.0,1,1.0,1,0.24490675802923195,51
4844,1,7951,3808,4143,0,0,0,1.0,1,1.0,1,1.0,1,0.21493753220556383,50
4845,1,7952,3809,4143,0,0,0,1.0,1,1.0,1,1.0,1,0.23427085918989116,49
4846,3,7955,3810,4145,0,0,0,1.0,1,1.0,1,1.0,1,0.17500653626415374,49
4847,1,7956,3810,4146,0,0,0,1.0,1,1.0,1,1.0,1,0.1662266767632937,48
4848,1,7957,3811,4146,0,0,0,1.0,1,1.0,1,1.0,1,0.17996439879650222,48
4849,1,7958,3812,4146,0,0,0,1.0,1,1.0,1,1.0,1,0.16255891355542756,48
4850,1,7959,3813,4146,0,0,0,1.0,1,1.0,1,1.0,1,0.17838631228466528,49
4851,1,7960,3814,4146,0,0,0,1.0,1,1.0,1,1.0,1,0.17619625024532626,49
4852,2,7962,3814,4148,0,0,0,1.0,1,1.0,1,1.0,1,0.15890990909109515,49
4853,0,7962,3814,4148,0,0,0,1.0,1,1.0,1,1.0,1,0.1608151464745289,50
4854,0,7962,3814,4148,0,0,0,1.0,1,1.0,1,1.0,1,0.16823538700491597,51
4855,1,7963,3814,4149,0,0,0,1.0,1,1.0,1,1.0,1,0.1645166751621965,51
4856,0,7963,3814,4149,0,0,0,1.0,1,1.0,1,1.0,1,0.15552302184544908,50
4857,0,7963,3814,4149,0,0,0,1.0,1,1.0,1,1.0,1,0.15919487925843837,51
4858,0,7963,3814,4149,0,0,0,1.0,1,1.0,1,1.0,1,0.16197276807056335,51
4859,1,7964,3814,4150,0,0,0,1.0,1,1.0,1,1.0,1,0.16782116824386048,52
4860,0,7964,3814,4150,0,0,0,1.0,1,1.0,1,1.0,1,0.16782116824386048,52
4861,0,7964,3814,4150,0,0,0,1.0,1,1.0,1,1.0,1,0.1832836759536878,53
4862,2,7966,3816,4150,0,0,0,1.0,1,1.0,1,1.0,1,0.23261835092175015,53
4863,0,7966,3816,4150,0,0,0,1.0,1,1.0,1,1.0,1,0.21663410035503908,51
4864,6,7972,3817,4155,0,0,0,1.0,1,1.0,1,1.0,1,0.16593185235281666,53
4865,1,7973,3817,4156,0,0,0,1.0,1,1.0,1,1.0,1,0.15003949609648248,52
4866,1,7974,3818,4156,0,0,0,1.0,1,1.0,1,1.0,1,0.18133590351578766,53
4867,1,7975,3819,4156,0,0,0,1.0,1,1.0,1,1.0,1,0.1679966711707895,51
4868,2,7977,3821,4156,0,0,0,1.0,1,1.0,1,1.0,1,0.17604812480054133,53
4869,1,7978,3821,4157,0,0,0,1.0,1,1.0,1,1.0,1,0.1586372561447436,53
4870,3,7981,3824,4157,0,0,0,1.0,1,1.0,1,1.0,1,0.18029782380849557,55
4871,4,7985,3825,4160,0,0,0,1.0,1,1.0,1,1.0,1,0.1609165717979665,55
4872,3,7988,3827,4161,0,0,0,1.0,1,1.0,1,1.0,1,0.18935705178572002,56
4873,4,7992,3828,4164,0,0,0,1.0,1,1.0,1,1.0,1,0.13261929443138437,56
4874,2,7994,3828,4166,0,0,0,1.0,1,1.0,1,1.0,1,0.11497019032610939,58
4875,1,7995,3829,4166,0,0,0,1.0,1,1.0,1,1.0,1,0.15123089730551623,56
4876,2,7997,3829,4168,0,0,0,1.0,1,1.0,1,1.0,1,0.15507512430412668,56
4877,3,8000,3831,4169,0,0,0,1.0,1,1.0,1,1.0,1,0.17657791004306056,54
4878,4,8004,3832,4172,0,0,0,1.0,1,1.0,1,1.0,1,0.16011222488672,54
4879,3,8007,3835,4172,0,0,0,1.0,1,1.0,1,1.0,1,0.1962039424835462,54
4880,0,8007,3835,4172,0,0,0,1.0,1,1.0,1,1.0,1,0.18535347150320164,53
4881,0,8007,3835,4172,0,0,0,1.0,1,1.0,1,1.0,1,0.1895576447372713,54
4882,1,8008,3835,4173,0,0,0,1.0,1,1.0,1,1.0,1,0.17650551925772334,52
4883,2,8010,3836,4174,0,0,0,1.0,1,1.0,1,1.0,1,0.16578821180981218,54
4884,0,8010,3836,4174,0,0,0,1.0,1,1.0,1,1.0,1,0.15445256977487012,52
4885,1,8011,3837,4174,0,0,0,1.0,1,1.0,1,1.0,1,0.19929500984451654,51
4886,0,8011,3837,4174,0,0,0,1.0,1,1.0,1,1.0,1,0.19427672158319229,50
4887,0,8011,3837,4174,0,0,0,1.0,1,1.0,1,1.0,1,0.21769512830174229,49
4888,0,8011,3837,4174,0,0,0,1.0,1,1.0,1,1.0,1,0.23311841770155922,48
4889,0,8011,3837,4174,0,0,0,1.0,1,1.0,1,1.0,1,0.23311841770155922,48
4890,0,8011,3837,4174,0,0,0,1.0,1,1.0,1,1.0,1,0.23311841770155922,48
4891,2,8013,3839,4174,0,0,0,1.0,1,1.0,1,1.0,1,0.2797334905337979,49
4892,1,8014,3839,4175,0,0,0,1.0,1,1.0,1,1.0,1,0.296802983096642,51
4893,0,8014,3839,4175,0,0,0,1.0,1,1.0,1,1.0,1,0.2980109055026006,51
4894,1,8015,3839,4176,0,0,0,1.0,1,1.0,1,1.0,1,0.2794791389652328,52
4895,0,8015,3839,4176,0,0,0,1.0,1,1.0,1,1.0,1,0.2794791389652328,52
4896,2,8017,3840,4177,0,0,0,1.0,1,1.0,1,1.0,1,0.2618805481836231,51
4897,0,8017,3840,4177,0,0,0,1.0,1,1.0,1,1.0,1,0.2503834573640042,52
4898,3,8020,3842,4178,0,0,0,1.0,1,1.0,1,1.0,1,0.23087745967221568,52
4899,1,8021,3842,4179,0,0,0,1.0,1,1.0,1,1.0,1,0.21010969087490497,53
4900,4,8025,3844,4181,0,0,0,1.0,1,1.0,1,1.0,1,0.1669087436547346,54
4901,2,8027,3846,4181,0,0,0,1.0,1,1.0,1,1.0,1,0.18270241491279351,54
4902,1,8028,3847,4181,0,0,0,1.0,1,1.0,1,1.0,1,0.18563681196071735,55
4903,4,8032,3848,4184,0,0,0,1.0,1,1.0,1,1.0,1,0.19739789433429572,56
4904,3,8035,3849,4186,0,0,0,1.0,1,1.0,1,1.0,1,0.2072037438938502,55
4905,0,8035,3849,4186,0,0,0,1.0,1,1.0,1,1.0,1,0.2052327834267178,54
4906,3,8038,3850,4188,0,0,0,1.0,1,1.0,1,1.0,1,0.2228718183105636,54
4907,0,8038,3850,4188,0,0,0,1.0,1,1.0,1,1.0,1,0.22281340402093558,54
4908,0,8038,3850,4188,0,0,0,1.0,1,1.0,1,1.0,1,0.23881231084282203,53
4909,6,8044,3852,4192,0,0,0,1.0,1,1.0,1,1.0,1,0.19235933541708478,54
4910,0,8044,3852,4192,0,0,0,1.0,1,1.0,1,1.0,1,0.20205881928919364,55
4911,7,8051,3854,4197,0,0,0,1.0,1,1.0,1,1.0,1,0.16390615368907294,57
4912,4,8055,3857,4198,0,0,0,1.0,1,1.0,1,1.0,1,0.16060002840811968,57
4913,0,8055,3857,4198,0,0,0,1.0,1,1.0,1,1.0,1,0.14276817103540246,56
4914,1,8056,3858,4198,0,0,0,1.0,1,1.0,1,1.0,1,0.17619848257581522,56
4915,2,8058,3859,4199,0,0,0,1.0,1,1.0,1,1.0,1,0.1571781390479633,56
4916,0,8058,3859,4199,0,0,0,1.0,1,1.0,1,1.0,1,0.17363152699105597,54
4917,0,8058,3859,4199,0,0,0,1.0,1,1.0,1,1.0,1,0.18854835058308828,53
4918,1,8059,3860,4199,0,0,0,1.0,1,1.0,1,1.0,1,0.19990020820601445,52
4919,0,8059,3860,4199,0,0,0,1.0,1,1.0,1,1.0,1,0.23864560388347683,49
4920,0,8059,3860,4199,0,0,0,1.0,1,1.0,1,1.0,1,0.23864560388347683,49
4921,3,8062,3862,4200,0,0,0,1.0,1,1.0,1,1.0,1,0.2885681581800973,50
4922,0,8062,3862,4200,0,0,0,1.0,1,1.0,1,1.0,1,0.2885681581800973,50
4923,2,8064,3864,4200,0,0,0,1.0,1,1.0,1,1.0,1,0.276783031480767,52
4924,2,8066,3865,4201,0,0,0,1.0,1,1.0,1,1.0,1,0.2835772881895975,53
4925,2,8068,3866,4202,0,0,0,1.0,1,1.0,1,1.0,1,0.2333431580680843,54
4926,0,8068,3866,4202,0,0,0,1.0,1,1.0,1,1.0,1,0.2333431580680843,54
4927,3,8071,3868,4203,0,0,0,1.0,1,1.0,1,1.0,1,0.22144728644612935,54
4928,0,8071,3868,4203,0,0,0,1.0,1,1.0,1,1.0,1,0.22144728644612935,54
4929,0,8071,3868,4203,0,0,0,1.0,1,1.0,1,1.0,1,0.20914130688115043,55
4930,3,8074,3869,4205,0,0,0,1.0,1,1.0,1,1.0,1,0.21159427148382137,58
4931,0,8074,3869,4205,0,0,0,1.0,1,1.0,1,1.0,1,0.21159427148382137,58
4932,0,8074,3869,4205,0,0,0,1.0,1,1.0,1,1.0,1,0.2247644802221612,59
4933,1,8075,3869,4206,0,0,0,1.0,1,1.0,1,1.0,1,0.20683428346383495,59
4934,0,8075,3869,4206,0,0,0,1.0,1,1.0,1,1.0,1,0.20683428346383495,59
4935,2,8077,3869,4208,0,0,0,1.0,1,1.0,1,1.0,1,0.1780581350991917,59
4936,1,8078,3870,4208,0,0,0,1.0,1,1.0,1,1.0,1,0.20390580179388051,59
4937,1,8079,3870,4209,0,0,0,1.0,1,1.0,1,1.0,1,0.1980527799917937,61
4938,1,8080,3870,4210,0,0,0,1.0,1,1.0,1,1.0,1,0.2051778550695872,62
4939,4,8084,3870,4214,0,0,0,1.0,1,1.0,1,1.0,1,0.15457777991783384,63
4940,1,8085,3870,4215,0,0,0,1.0,1,1.0,1,1.0,1,0.16300745438788575,65
4941,1,8086,3871,4215,0,0,0,1.0,1,1.0,1,1.0,1,0.17358484335211177,65
4942,3,8089,3873,4216,0,0,0,1.0,1,1.0,1,1.0,1,0.18658487797054407,67
4943,4,8093,3874,4219,0,0,0,1.0,1,1.0,1,1.0,1,0.16593992854848102,66
4944,3,8096,3877,4219,0,0,0,1.0,1,1.0,1,1.0,1,0.2139728228882676,63
4945,2,8098,3877,4221,0,0,0,1.0,1,1.0,1,1.0,1,0.15414961723513598,61
4946,2,8100,3879,4221,0,0,0,1.0,1,1.0,1,1.0,1,0.2097991504950936,60
4947,1,8101,3880,4221,0,0,0,1.0,1,1.0,1,1.0,1,0.19585908578951103,58
4948,5,8106,3881,4225,0,0,0,1.0,1,1.0,1,1.0,1,0.16599057841701353,57
4949,1,8107,3882,4225,0,0,0,1.0,1,1.0,1,1.0,1,0.166122112774383,56
4950,2,8109,3884,4225,0,0,0,1.0,1,1.0,1,1.0,1,0.18376670995573077,57
4951,5,8114,3885,4229,0,0,0,1.0,1,1.0,1,1.0,1,0.15700290231466854,55
4952,4,8118,3889,4229,0,0,0,1.0,1,1.0,1,1.0,1,0.19629539182902114,55
4953,3,8121,3891,4230,0,0,0,1.0,1,1.0,1,1.0,1,0.2097020290972816,54
4954,5,8126,3892,4234,0,0,0,1.0,1,1.0,1,1.0,1,0.17578957499529152,54
4955,1,8127,3892,4235,0,0,0,1.0,1,1.0,1,1.0,1,0.12122305417888873,52
4956,0,8127,3892,4235,0,0,0,1.0,1,1.0,1,1.0,1,0.12122305417888873,52
4957,1,8128,3893,4235,0,0,0,1.0,1,1.0,1,1.0,1,0.11600574203863374,53
4958,0,8128,3893,4235,0,0,0,1.0,1,1.0,1,1.0,1,0.12143664811099744,52
4959,1,8129,3894,4235,0,0,0,1.0,1,1.0,1,1.0,1,0.14816099714466696,51
4960,2,8131,3894,4237,0,0,0,1.0,1,1.0,1,1.0,1,0.12057074783049444,53
4961,0,8131,3894,4237,0,0,0,1.0,1,1.0,1,1.0,1,0.12057074783049444,53
4962,0,8131,3894,4237,0,0,0,1.0,1,1.0,1,1.0,1,0.13634675887139366,55
4963,0,8131,3894,4237,0,0,0,1.0,1,1.0,1,1.0,1,0.11808799513935278,54
4964,1,8132,3895,4237,0,0,0,1.0,1,1.0,1,1.0,1,0.12130457170437951,54
4965,0,8132,3895,4237,0,0,0,1.0,1,1.0,1,1.0,1,0.12130457170437951,54
4966,1,8133,3896,4237,0,0,0,1.0,1,1.0,1,1.0,1,0.11855894902457245,54
4967,2,8135,3897,4238,0,0,0,1.0,1,1.0,1,1.0,1,0.15225476326870813,55
4968,3,8138,3899,4239,0,0,0,1.0,1,1.0,1,1.0,1,0.15008550108498472,55
4969,2,8140,3900,4240,0,0,0,1.0,1,1.0,1,1.0,1,0.15711603671138544,57
4970,1,8141,3901,4240,0,0,0,1.0,1,1.0,1,1.0,1,0.17146940254565557,56
4971,4,8145,3902,4243,0,0,0,1.0,1,1.0,1,1.0,1,0.15250362658334193,57
4972,2,8147,3903,4244,0,0,0,1.0,1,1.0,1,1.0,1,0.19669009809178456,57
4973,0,8147,3903,4244,0,0,0,1.0,1,1.0,1,1.0,1,0.19426443373403524,60
4974,0,8147,3903,4244,0,0,0,1.0,1,1.0,1,1.0,1,0.2050153064412745,58
4975,1,8148,3903,4245,0,0,0,1.0,1,1.0,1,1.0,1,0.19873481038470264,59
4976,3,8151,3905,4246,0,0,0,1.0,1,1.0,1,1.0,1,0.17739800142782217,59
4977,4,8155,3909,4246,0,0,0,1.0,1,1.0,1,1.0,1,0.1961736233551683,59
4978,4,8159,3911,4248,0,0,0,1.0,1,1.0,1,1.0,1,0.15653200255803304,59
4979,1,8160,3911,4249,0,0,0,1.0,1,1.0,1,1.0,1,0.15469093967382358,61
4980,2,8162,3912,4250,0,0,0,1.0,1,1.0,1,1.0,1,0.16607544908844185,62
4981,3,8165,3913,4252,0,0,0,1.0,1,1.0,1,1.0,1,0.1644962663957218,62
4982,2,8167,3914,4253,0,0,0,1.0,1,1.0,1,1.0,1,0.1445259116692928,63
4983,1,8168,3915,4253,0,0,0,1.0,1,1.0,1,1.0,1,0.15166154027855927,63
4984,1,8169,3915,4254,0,0,0,1.0,1,1.0,1,1.0,1,0.14158677769411537,61
4985,0,8169,3915,4254,0,0,0,1.0,1,1.0,1,1.0,1,0.1412459479137641,59
4986,3,8172,3917,4255,0,0,0,1.0,1,1.0,1,1.0,1,0.17673210889943375,62
4987,0,8172,3917,4255,0,0,0,1.0,1,1.0,1,1.0,1,0.1764452107371448,60
4988,2,8174,3918,4256,0,0,0,1.0,1,1.0,1,1.0,1,0.1664136543109561,59
4989,4,8178,3921,4257,0,0,0,1.0,1,1.0,1,1.0,1,0.22240580937254367,57
4990,3,8181,3921,4260,0,0,0,1.0,1,1.0,1,1.0,1,0.17183507230218636,55
4991,5,8186,3924,4262,0,0,0,1.0,1,1.0,1,1.0,1,0.18101542372482388,54
4992,1,8187,3924,4263,0,0,0,1.0,1,1.0,1,1.0,1,0.1857523184638706,52
4993,0,8187,3924,4263,0,0,0,1.0,1,1.0,1,1.0,1,0.16911787132512582,51
4994,1,8188,3925,4263,0,0,0,1.0,1,1.0,1,1.0,1,0.2351963197321804,49
4995,4,8192,3927,4265,0,0,0,1.0,1,1.0,1,1.0,1,0.2336708705281547,48
4996,5,8197,3930,4267,0,0,0,1.0,1,1.0,1,1.0,1,0.20800763249807394,48
4997,0,8197,3930,4267,0,0,0,1.0,1,1.0,1,1.0,1,0.19994339570041755,46
4998,1,8198,3931,4267,0,0,0,1.0,1,1.0,1,1.0,1,0.24055715696849947,48
4999,7,8205,3934,4271,0,0,0,1.0,1,1.0,1,1.0,1,0.272835154108261,48
5000,1,8206,3935,4271,0,0,0,1.0,1,1.0,1,1.0,1,0.26526523578862815,47
5001,1,8207,3936,4271,0,0,0,1.0,1,1.0,1,1.0,1,0.31602573742776513,45
5002,6,8213,3939,4274,0,0,0,1.0,1,1.0,1,1.0,1,0.2873626666482734,46
5003,0,8213,3939,4274,0,0,0,1.0,1,1.0,1,1.0,1,0.2960533518993714,46
5004,2,8215,3939,4276,0,0,0,1.0,1,1.0,1,1.0,1,0.26598271384816485,46
5005,1,8216,3939,4277,0,0,0,1.0,1,1.0,1,1.0,1,0.2640187611080876,45
5006,0,8216,3939,4277,0,0,0,1.0,1,1.0,1,1.0,1,0.28480513423119286,45
5007,1,8217,3939,4278,0,0,0,1.0,1,1.0,1,1.0,1,0.26294229356782695,46
5008,0,8217,3939,4278,0,0,0,1.0,1,1.0,1,1.0,1,0.26638225213342065,49
5009,0,8217,3939,4278,0,0,0,1.0,1,1.0,1,1.0,1,0.2676282729072242,49
5010,0,8217,3939,4278,0,0,0,1.0,1,1.0,1,1.0,1,0.27481043793856397,50
5011,1,8218,3939,4279,0,0,0,1.0,1,1.0,1,1.0,1,0.2738560537478453,51
5012,0,8218,3939,4279,0,0,0,1.0,1,1.0,1,1.0,1,0.2845108320026033,52
5013,0,8218,3939,4279,0,0,0,1.0,1,1.0,1,1.0,1,0.2845108320026033,52
5014,0,8218,3939,4279,0,0,0,1.0,1,1.0,1,1.0,1,0.2799346719873533,53
5015,2,8220,3940,4280,0,0,0,1.0,1,1.0,1,1.0,1,0.30320211895756716,54
5016,1,8221,3940,4281,0,0,0,1.0,1,1.0,1,1.0,1,0.3021399304662261,55
5017,1,8222,3940,4282,0,0,0,1.0,1,1.0,1,1.0,1,0.2956187855928067,55
5018,0,8222,3940,4282,0,0,0,1.0,1,1.0,1,1.0,1,0.30108336731616564,56
5019,0,8222,3940,4282,0,0,0,1.0,1,1.0,1,1.0,1,0.30108336731616564,56
5020,1,8223,3941,4282,0,0,0,1.0,1,1.0,1,1.0,1,0.2998944557222549,55
5021,3,8226,3941,4285,0,0,0,1.0,1,1.0,1,1.0,1,0.28305496535173014,56
5022,3,8229,3944,4285,0,0,0,1.0,1,1.0,1,1.0,1,0.32372442947590346,56
5023,4,8233,3945,4288,0,0,0,1.0,1,1.0,1,1.0,1,0.28279420930685994,55
5024,5,8238,3949,4289,0,0,0,1.0,1,1.0,1,1.0,1,0.30504042291519834,55
5025,2,8240,3950,4290,0,0,0,1.0,1,1.0,1,1.0,1,0.28266235846593896,53
5026,3,8243,3952,4291,0,0,0,1.0,1,1.0,1,1.0,1,0.28760496756313697,52
5027,2,8245,3953,4292,0,0,0,1.0,1,1.0,1,1.0,1,0.29977590575723567,51
5028,3,8248,3955,4293,0,0,0,1.0,1,1.0,1,1.0,1,0.33172208546174836,51
5029,2,8250,3956,4294,0,0,0,1.0,1,1.0,1,1.0,1,0.3498768480753011,50
5030,2,8252,3958,4294,0,0,0,1.0,1,1.0,1,1.0,1,0.3339072034743904,49
5031,1,8253,3958,4295,0,0,0,1.0,1,1.0,1,1.0,1,0.3223104930750254,49
5032,2,8255,3958,4297,0,0,0,1.0,1,1.0,1,1.0,1,0.2894371221690898,48
5033,4,8259,3961,4298,0,0,0,1.0,1,1.0,1,1.0,1,0.32986741724926266,50
5034,1,8260,3962,4298,0,0,0,1.0,1,1.0,1,1.0,1,0.3224049760037897,49
5035,4,8264,3964,4300,0,0,0,1.0,1,1.0,1,1.0,1,0.3350596960134349,49
5036,1,8265,3965,4300,0,0,0,1.0,1,1.0,1,1.0,1,0.3308187484703603,47
5037,1,8266,3966,4300,0,0,0,1.0,1,1.0,1,1.0,1,0.35826008936464787,47
5038,4,8270,3966,4304,0,0,0,1.0,1,1.0,1,1.0,1,0.301210280053246,47
5039,0,8270,3966,4304,0,0,0,1.0,1,1.0,1,1.0,1,0.3085355151385108,48
5040,0,8270,3966,4304,0,0,0,1.0,1,1.0,1,1.0,1,0.3085355151385108,48
5041,2,8272,3966,4306,0,0,0,1.0,1,1.0,1,1.0,1,0.2919752854081279,48
5042,0,8272,3966,4306,0,0,0,1.0,1,1.0,1,1.0,1,0.28953694245473577,50
5043,0,8272,3966,4306,0,0,0,1.0,1,1.0,1,1.0,1,0.28539553715034033,51
5044,0,8272,3966,4306,0,0,0,1.0,1,1.0,1,1.0,1,0.28539553715034033,51
5045,2,8274,3966,4308,0,0,0,1.0,1,1.0,1,1.0,1,0.2756951323691909,52
5046,2,8276,3967,4309,0,0,0,1.0,1,1.0,1,1.0,1,0.2949287436180978,51
5047,2,8278,3967,4311,0,0,0,1.0,1,1.0,1,1.0,1,0.2669459353305421,51
5048,2,8280,3968,4312,0,0,0,1.0,1,1.0,1,1.0,1,0.2492721635405356,52
5049,1,8281,3969,4312,0,0,0,1.0,1,1.0,1,1.0,1,0.2808037703967442,54
5050,6,8287,3969,4318,0,0,0,1.0,1,1.0,1,1.0,1,0.22192271813233339,56
5051,1,8288,3969,4319,0,0,0,1.0,1,1.0,1,1.0,1,0.23164186665153177,55
5052,0,8288,3969,4319,0,0,0,1.0,1,1.0,1,1.0,1,0.23164186665153177,55
5053,0,8288,3969,4319,0,0,0,1.0,1,1.0,1,1.0,1,0.23164186665153177,55
5054,1,8289,3970,4319,0,0,0,1.0,1,1.0,1,1.0,1,0.24334944847226855,55
5055,0,8289,3970,4319,0,0,0,1.0,1,1.0,1,1.0,1,0.270929763540311,55
5056,1,8290,3971,4319,0,0,0,1.0,1,1.0,1,1.0,1,0.3000136902109772,56
5057,3,8293,3971,4322,0,0,0,1.0,1,1.0,1,1.0,1,0.21912009576682948,58
5058,2,8295,3971,4324,0,0,0,1.0,1,1.0,1,1.0,1,0.18549622154280285,59
5059,2,8297,3971,4326,0,0,0,1.0,1,1.0,1,1.0,1,0.16670764881134786,59
5060,0,8297,3971,4326,0,0,0,1.0,1,1.0,1,1.0,1,0.16670764881134786,59
5061,1,8298,3971,4327,0,0,0,1.0,1,1.0,1,1.0,1,0.17314093721969848,59
5062,3,8301,3973,4328,0,0,0,1.0,1,1.0,1,1.0,1,0.22155831180437263,59
5063,2,8303,3974,4329,0,0,0,1.0,1,1.0,1,1.0,1,0.24379218837216077,59
5064,5,8308,3978,4330,0,0,0,1.0,1,1.0,1,1.0,1,0.2934282997562581,57
5065,3,8311,3979,4332,0,0,0,1.0,1,1.0,1,1.0,1,0.2616113176087227,55
5066,3,8314,3981,4333,0,0,0,1.0,1,1.0,1,1.0,1,0.30747077152489627,55
5067,2,8316,3981,4335,0,0,0,1.0,1,1.0,1,1.0,1,0.26267643737527707,54
5068,1,8317,3981,4336,0,0,0,1.0,1,1.0,1,1.0,1,0.24922773744702573,54
5069,1,8318,3982,4336,0,0,0,1.0,1,1.0,1,1.0,1,0.24184869909314743,54
5070,2,8320,3984,4336,0,0,0,1.0,1,1.0,1,1.0,1,0.2604385034231786,52
5071,4,8324,3986,4338,0,0,0,1.0,1,1.0,1,1.0,1,0.2666212825466827,54
5072,1,8325,3986,4339,0,0,0,1.0,1,1.0,1,1.0,1,0.2313263791097539,52
5073,1,8326,3986,4340,0,0,0,1.0,1,1.0,1,1.0,1,0.20362143046597797,51
5074,1,8327,3986,4341,0,0,0,1.0,1,1.0,1,1.0,1,0.17837055624489165,52
5075,0,8327,3986,4341,0,0,0,1.0,1,1.0,1,1.0,1,0.1879531868166774,53
5076,0,8327,3986,4341,0,0,0,1.0,1,1.0,1,1.0,1,0.1879531868166774,53
5077,2,8329,3987,4342,0,0,0,1.0,1,1.0,1,1.0,1,0.18712571866256747,56
5078,0,8329,3987,4342,0,0,0,1.0,1,1.0,1,1.0,1,0.2061828470998718,55
5079,1,8330,3987,4343,0,0,0,1.0,1,1.0,1,1.0,1,0.21195243751067896,56
5080,2,8332,3987,4345,0,0,0,1.0,1,1.0,1,1.0,1,0.18063359940790022,57
5081,0,8332,3987,4345,0,0,0,1.0,1,1.0,1,1.0,1,0.1887609753357226,58
5082,0,8332,3987,4345,0,0,0,1.0,1,1.0,1,1.0,1,0.1887609753357226,58
5083,0,8332,3987,4345,0,0,0,1.0,1,1.0,1,1.0,1,0.1968356049117391,59
5084,1,8333,3987,4346,0,0,0,1.0,1,1.0,1,1.0,1,0.16808403296537947,59
5085,0,8333,3987,4346,0,0,0,1.0,1,1.0,1,1.0,1,0.17504866015983359,60
5086,3,8336,3988,4348,0,0,0,1.0,1,1.0,1,1.0,1,0.16643515134811984,61
5087,6,8342,3992,4350,0,0,0,1.0,1,1.0,1,1.0,1,0.1907728350611272,62
5088,6,8348,3993,4355,0,0,0,1.0,1,1.0,1,1.0,1,0.14498810406982982,64
5089,3,8351,3995,4356,0,0,0,1.0,1,1.0,1,1.0,1,0.13948249742104157,64
5090,2,8353,3996,4357,0,0,0,1.0,1,1.0,1,1.0,1,0.1362851678314771,64
5091,1,8354,3997,4357,0,0,0,1.0,1,1.0,1,1.0,1,0.14869714503087342,64
5092,1,8355,3998,4357,0,0,0,1.0,1,1.0,1,1.0,1,0.1616349174504744,64
5093,0,8355,3998,4357,0,0,0,1.0,1,1.0,1,1.0,1,0.1616349174504744,64
5094,1,8356,3999,4357,0,0,0,1.0,1,1.0,1,1.0,1,0.17332561168032082,65
5095,3,8359,4001,4358,0,0,0,1.0,1,1.0,1,1.0,1,0.1752356830780407,66
5096,0,8359,4001,4358,0,0,0,1.0,1,1.0,1,1.0,1,0.17242386441874352,66
5097,1,8360,4002,4358,0,0,0,1.0,1,1.0,1,1.0,1,0.18947278255530592,67
5098,2,8362,4003,4359,0,0,0,1.0,1,1.0,1,1.0,1,0.1674593034731247,67
5099,4,8366,4004,4362,0,0,0,1.0,1,1.0,1,1.0,1,0.1569604774540466,70
5100,2,8368,4005,4363,0,0,0,1.0,1,1.0,1,1.0,1,0.16523312694395123,71
5101,4,8372,4006,4366,0,0,0,1.0,1,1.0,1,1.0,1,0.14041197053308327,72
5102,6,8378,4009,4369,0,0,0,1.0,1,1.0,1,1.0,1,0.15564425161444065,72
5103,3,8381,4011,4370,0,0,0,1.0,1,1.0,1,1.0,1,0.16880805637081697,70
5104,8,8389,4014,4375,0,0,0,1.0,1,1.0,1,1.0,1,0.1701588120475568,67
5105,1,8390,4014,4376,0,0,0,1.0,1,1.0,1,1.0,1,0.1686650295937859,66
5106,4,8394,4018,4376,0,0,0,1.0,1,1.0,1,1.0,1,0.2282418765963209,64
5107,5,8399,4021,4378,0,0,0,1.0,1,1.0,1,1.0,1,0.21642589859680175,61
5108,2,8401,4022,4379,0,0,0,1.0,1,1.0,1,1.0,1,0.22084507176280713,57
5109,3,8404,4025,4379,0,0,0,1.0,1,1.0,1,1.0,1,0.25581833065813764,55
5110,8,8412,4027,4385,0,0,0,1.0,1,1.0,1,1.0,1,0.20462588047282187,53
5111,4,8416,4030,4386,0,0,0,1.0,1,1.0,1,1.0,1,0.23064985792660256,52
5112,1,8417,4031,4386,0,0,0,1.0,1,1.0,1,1.0,1,0.23566554939271017,52
5113,4,8421,4031,4390,0,0,0,1.0,1,1.0,1,1.0,1,0.1556982653797791,49
5114,5,8426,4036,4390,0,0,0,1.0,1,1.0,1,1.0,1,0.15538423049657651,49
5115,1,8427,4036,4391,0,0,0,1.0,1,1.0,1,1.0,1,0.14663393977834643,48
5116,1,8428,4037,4391,0,0,0,1.0,1,1.0,1,1.0,1,0.15780507204003552,47
5117,0,8428,4037,4391,0,0,0,1.0,1,1.0,1,1.0,1,0.1612390540856758,48
5118,1,8429,4038,4391,0,0,0,1.0,1,1.0,1,1.0,1,0.18904367763728316,49
5119,2,8431,4039,4392,0,0,0,1.0,1,1.0,1,1.0,1,0.17247844589728178,49
5120,1,8432,4039,4393,0,0,0,1.0,1,1.0,1,1.0,1,0.16769613628739166,48
5121,0,8432,4039,4393,0,0,0,1.0,1,1.0,1,1.0,1,0.16769613628739166,48
5122,0,8432,4039,4393,0,0,0,1.0,1,1.0,1,1.0,1,0.1799731240847175,46
5123,0,8432,4039,4393,0,0,0,1.0,1,1.0,1,1.0,1,0.1799731240847175,46
5124,0,8432,4039,4393,0,0,0,1.0,1,1.0,1,1.0,1,0.17676958089826408,47
5125,5,8437,4041,4396,0,0,0,1.0,1,1.0,1,1.0,1,0.17304283980708288,49
5126,1,8438,4041,4397,0,0,0,1.0,1,1.0,1,1.0,1,0.15911869720253724,49
5127,2,8440,4041,4399,0,0,0,1.0,1,1.0,1,1.0,1,0.157816715365406,51
5128,3,8443,4042,4401,0,0,0,1.0,1,1.0,1,1.0,1,0.1910812311747048,53
5129,3,8446,4043,4403,0,0,0,1.0,1,1.0,1,1.0,1,0.17048560682241293,55
5130,0,8446,4043,4403,0,0,0,1.0,1,1.0,1,1.0,1,0.17048560682241293,55
5131,0,8446,4043,4403,0,0,0,1.0,1,1.0,1,1.0,1,0.17048560682241293,55
5132,0,8446,4043,4403,0,0,0,1.0,1,1.0,1,1.0,1,0.17048560682241293,55
5133,0,8446,4043,4403,0,0,0,1.0,1,1.0,1,1.0,1,0.1714437359760436,56
5134,2,8448,4043,4405,0,0,0,1.0,1,1.0,1,1.0,1,0.17608149589357802,56
5135,1,8449,4044,4405,0,0,0,1.0,1,1.0,1,1.0,1,0.18445775264969433,56
5136,0,8449,4044,4405,0,0,0,1.0,1,1.0,1,1.0,1,0.19418717086071985,55
5137,3,8452,4045,4407,0,0,0,1.0,1,1.0,1,1.0,1,0.18417772901969695,55
5138,0,8452,4045,4407,0,0,0,1.0,1,1.0,1,1.0,1,0.19609901087825757,54
5139,3,8455,4048,4407,0,0,0,1.0,1,1.0,1,1.0,1,0.20814124350088345,54
5140,2,8457,4049,4408,0,0,0,1.0,1,1.0,1,1.0,1,0.2226349063774821,54
5141,3,8460,4052,4408,0,0,0,1.0,1,1.0,1,1.0,1,0.2681126384281784,53
5142,9,8469,4056,4413,0,0,0,1.0,1,1.0,1,1.0,1,0.25743396103077226,55
5143,6,8475,4059,4416,0,0,0,1.0,1,1.0,1,1.0,1,0.18978894193759616,54
5144,2,8477,4060,4417,0,0,0,1.0,1,1.0,1,1.0,1,0.1891619050130019,50
5145,4,8481,4061,4420,0,0,0,1.0,1,1.0,1,1.0,1,0.18249983167225742,51
5146,2,8483,4062,4421,0,0,0,1.0,1,1.0,1,1.0,1,0.15836247212678004,48
5147,2,8485,4063,4422,0,0,0,1.0,1,1.0,1,1.0,1,0.17069798809271344,49
5148,3,8488,4065,4423,0,0,0,1.0,1,1.0,1,1.0,1,0.14711349694222353,47
5149,2,8490,4066,4424,0,0,0,1.0,1,1.0,1,1.0,1,0.16671532317832963,46
5150,4,8494,4070,4424,0,0,0,1.0,1,1.0,1,1.0,1,0.18186250002216367,46
5151,0,8494,4070,4424,0,0,0,1.0,1,1.0,1,1.0,1,0.17612583868962603,45
5152,4,8498,4074,4424,0,0,0,1.0,1,1.0,1,1.0,1,0.21681983628005985,45
5153,1,8499,4075,4424,0,0,0,1.0,1,1.0,1,1.0,1,0.23838679730994414,45
5154,3,8502,4077,4425,0,0,0,1.0,1,1.0,1,1.0,1,0.260209804100833,45
5155,1,8503,4077,4426,0,0,0,1.0,1,1.0,1,1.0,1,0.21943028537733278,44
5156,0,8503,4077,4426,0,0,0,1.0,1,1.0,1,1.0,1,0.2182275787926841,44
5157,0,8503,4077,4426,0,0,0,1.0,1,1.0,1,1.0,1,0.20655172176986578,42
5158,1,8504,4078,4426,0,0,0,1.0,1,1.0,1,1.0,1,0.22452716374988266,43
5159,0,8504,4078,4426,0,0,0,1.0,1,1.0,1,1.0,1,0.23442218006014923,43
5160,0,8504,4078,4426,0,0,0,1.0,1,1.0,1,1.0,1,0.23442218006014923,43
5161,0,8504,4078,4426,0,0,0,1.0,1,1.0,1,1.0,1,0.23442218006014923,43
5162,0,8504,4078,4426,0,0,0,1.0,1,1.0,1,1.0,1,0.23744987094793987,44
5163,2,8506,4078,4428,0,0,0,1.0,1,1.0,1,1.0,1,0.23208922811594254,46
5164,2,8508,4079,4429,0,0,0,1.0,1,1.0,1,1.0,1,0.2102305833918584,46
5165,1,8509,4079,4430,0,0,0,1.0,1,1.0,1,1.0,1,0.20078416081878273,46
5166,4,8513,4081,4432,0,0,0,1.0,1,1.0,1,1.0,1,0.17666844965467887,47
5167,2,8515,4081,4434,0,0,0,1.0,1,1.0,1,1.0,1,0.1559657024346031,47
5168,2,8517,4083,4434,0,0,0,1.0,1,1.0,1,1.0,1,0.20163876224735863,47
5169,0,8517,4083,4434,0,0,0,1.0,1,1.0,1,1.0,1,0.20163876224735863,47
5170,3,8520,4084,4436,0,0,0,1.0,1,1.0,1,1.0,1,0.18011619048562932,48
5171,1,8521,4085,4436,0,0,0,1.0,1,1.0,1,1.0,1,0.20562355079345848,48
5172,0,8521,4085,4436,0,0,0,1.0,1,1.0,1,1.0,1,0.1760696102854402,49
5173,0,8521,4085,4436,0,0,0,1.0,1,1.0,1,1.0,1,0.20435740936895136,49
5174,3,8524,4085,4439,0,0,0,1.0,1,1.0,1,1.0,1,0.17293118491833767,52
5175,1,8525,4086,4439,0,0,0,1.0,1,1.0,1,1.0,1,0.1660125198564166,53
5176,0,8525,4086,4439,0,0,0,1.0,1,1.0,1,1.0,1,0.17940554098927355,54
5177,4,8529,4089,4440,0,0,0,1.0,1,1.0,1,1.0,1,0.19945104458738236,54
5178,4,8533,4091,4442,0,0,0,1.0,1,1.0,1,1.0,1,0.20303933371549907,55
5179,1,8534,4091,4443,0,0,0,1.0,1,1.0,1,1.0,1,0.19472902638862272,53
5180,1,8535,4091,4444,0,0,0,1.0,1,1.0,1,1.0,1,0.19636814861901206,52
5181,2,8537,4093,4444,0,0,0,1.0,1,1.0,1,1.0,1,0.20239674376001757,52
5182,1,8538,4094,4444,0,0,0,1.0,1,1.0,1,1.0,1,0.200701541056608,52
5183,2,8540,4096,4444,0,0,0,1.0,1,1.0,1,1.0,1,0.25014989299428336,52
5184,1,8541,4097,4444,0,0,0,1.0,1,1.0,1,1.0,1,0.2582250415844878,52
5185,2,8543,4098,4445,0,0,0,1.0,1,1.0,1,1.0,1,0.2412602833195949,50
5186,1,8544,4099,4445,0,0,0,1.0,1,1.0,1,1.0,1,0.2873754694549578,48
5187,1,8545,4100,4445,0,0,0,1.0,1,1.0,1,1.0,1,0.30367776809597674,46
5188,3,8548,4100,4448,0,0,0,1.0,1,1.0,1,1.0,1,0.26790290803734457,44
5189,0,8548,4100,4448,0,0,0,1.0,1,1.0,1,1.0,1,0.30896107414238927,44
5190,1,8549,4101,4448,0,0,0,1.0,1,1.0,1,1.0,1,0.3142847952178677,45
5191,1,8550,4101,4449,0,0,0,1.0,1,1.0,1,1.0,1,0.3009117712084313,45
5192,2,8552,4102,4450,0,0,0,1.0,1,1.0,1,1.0,1,0.2991291933229267,45
5193,1,8553,4102,4451,0,0,0,1.0,1,1.0,1,1.0,1,0.28073541650897643,45
5194,1,8554,4102,4452,0,0,0,1.0,1,1.0,1,1.0,1,0.2713026609145828,45
5195,3,8557,4103,4454,0,0,0,1.0,1,1.0,1,1.0,1,0.26126713175265415,46
5196,0,8557,4103,4454,0,0,0,1.0,1,1.0,1,1.0,1,0.26126713175265415,46
5197,2,8559,4105,4454,0,0,0,1.0,1,1.0,1,1.0,1,0.28399642270863557,46
5198,1,8560,4105,4455,0,0,0,1.0,1,1.0,1,1.0,1,0.25693664166128827,47
5199,2,8562,4106,4456,0,0,0,1.0,1,1.0,1,1.0,1,0.27859895088933956,49
5200,6,8568,4107,4461,0,0,0,1.0,1,1.0,1,1.0,1,0.19401110585002382,49
5201,2,8570,4109,4461,0,0,0,1.0,1,1.0,1,1.0,1,0.20980302516219626,50
5202,1,8571,4109,4462,0,0,0,1.0,1,1.0,1,1.0,1,0.203373586535116,52
5203,1,8572,4109,4463,0,0,0,1.0,1,1.0,1,1.0,1,0.1852362121605606,52
5204,1,8573,4109,4464,0,0,0,1.0,1,1.0,1,1.0,1,0.18782693338706788,54
5205,0,8573,4109,4464,0,0,0,1.0,1,1.0,1,1.0,1,0.18782693338706788,54
5206,1,8574,4109,4465,0,0,0,1.0,1,1.0,1,1.0,1,0.17321453260427366,55
5207,0,8574,4109,4465,0,0,0,1.0,1,1.0,1,1.0,1,0.18558290995673907,54
5208,0,8574,4109,4465,0,0,0,1.0,1,1.0,1,1.0,1,0.18558290995673907,54
5209,1,8575,4109,4466,0,0,0,1.0,1,1.0,1,1.0,1,0.16618433991159817,54
5210,0,8575,4109,4466,0,0,0,1.0,1,1.0,1,1.0,1,0.16618433991159817,54
5211,1,8576,4109,4467,0,0,0,1.0,1,1.0,1,1.0,1,0.17172371791480331,56
5212,0,8576,4109,4467,0,0,0,1.0,1,1.0,1,1.0,1,0.17247560860524594,57
5213,1,8577,4110,4467,0,0,0,1.0,1,1.0,1,1.0,1,0.21328324807140847,57
5214,5,8582,4111,4471,0,0,0,1.0,1,1.0,1,1.0,1,0.18174217822477956,58
5215,0,8582,4111,4471,0,0,0,1.0,1,1.0,1,1.0,1,0.19345351804820277,57
5216,1,8583,4111,4472,0,0,0,1.0,1,1.0,1,1.0,1,0.17099766419362872,57
5217,4,8587,4113,4474,0,0,0,1.0,1,1.0,1,1.0,1,0.1442615279114607,56
5218,4,8591,4116,4475,0,0,0,1.0,1,1.0,1,1.0,1,0.17540410943664134,56
5219,1,8592,4116,4476,0,0,0,1.0,1,1.0,1,1.0,1,0.1740964158068799,54
5220,0,8592,4116,4476,0,0,0,1.0,1,1.0,1,1.0,1,0.19718192096254777,53
5221,1,8593,4116,4477,0,0,0,1.0,1,1.0,1,1.0,1,0.18879590298850488,52
5222,0,8593,4116,4477,0,0,0,1.0,1,1.0,1,1.0,1,0.2105651244417771,52
5223,2,8595,4118,4477,0,0,0,1.0,1,1.0,1,1.0,1,0.22822040114825878,52
5224,7,8602,4121,4481,0,0,0,1.0,1,1.0,1,1.0,1,0.2086180177707325,52
5225,0,8602,4121,4481,0,0,0,1.0,1,1.0,1,1.0,1,0.21296795481856629,50
5226,2,8604,4123,4481,0,0,0,1.0,1,1.0,1,1.0,1,0.22297668689730482,51
5227,4,8608,4125,4483,0,0,0,1.0,1,1.0,1,1.0,1,0.23973094534038827,49
5228,0,8608,4125,4483,0,0,0,1.0,1,1.0,1,1.0,1,0.2605252587507582,48
5229,0,8608,4125,4483,0,0,0,1.0,1,1.0,1,1.0,1,0.2442791221438176,49
5230,0,8608,4125,4483,0,0,0,1.0,1,1.0,1,1.0,1,0.2442791221438176,49
5231,1,8609,4126,4483,0,0,0,1.0,1,1.0,1,1.0,1,0.2447737509410971,49
5232,4,8613,4128,4485,0,0,0,1.0,1,1.0,1,1.0,1,0.2193803223427222,51
5233,5,8618,4129,4489,0,0,0,1.0,1,1.0,1,1.0,1,0.17825295938997013,51
5234,4,8622,4132,4490,0,0,0,1.0,1,1.0,1,1.0,1,0.200178110768571,52
5235,1,8623,4132,4491,0,0,0,1.0,1,1.0,1,1.0,1,0.18253548989453564,52
5236,2,8625,4133,4492,0,0,0,1.0,1,1.0,1,1.0,1,0.19276266295198313,52
5237,2,8627,4133,4494,0,0,0,1.0,1,1.0,1,1.0,1,0.19654323530303866,53
5238,1,8628,4134,4494,0,0,0,1.0,1,1.0,1,1.0,1,0.18211470415462344,53
5239,1,8629,4134,4495,0,0,0,1.0,1,1.0,1,1.0,1,0.16413693274964422,53
5240,2,8631,4134,4497,0,0,0,1.0,1,1.0,1,1.0,1,0.13927601582842922,55
5241,0,8631,4134,4497,0,0,0,1.0,1,1.0,1,1.0,1,0.1450054205957935,56
5242,2,8633,4135,4498,0,0,0,1.0,1,1.0,1,1.0,1,0.15569538099654823,54
5243,2,8635,4136,4499,0,0,0,1.0,1,1.0,1,1.0,1,0.16631366441659512,55
5244,1,8636,4136,4500,0,0,0,1.0,1,1.0,1,1.0,1,0.1739673364745312,55
5245,1,8637,4136,4501,0,0,0,1.0,1,1.0,1,1.0,1,0.15272561994130235,55
5246,2,8639,4138,4501,0,0,0,1.0,1,1.0,1,1.0,1,0.22872962801494803,55
5247,2,8641,4140,4501,0,0,0,1.0,1,1.0,1,1.0,1,0.2362539297903532,54
5248,3,8644,4141,4503,0,0,0,1.0,1,1.0,1,1.0,1,0.2388469120025072,53
5249,1,8645,4142,4503,0,0,0,1.0,1,1.0,1,1.0,1,0.21717053603975534,55
5250,3,8648,4144,4504,0,0,0,1.0,1,1.0,1,1.0,1,0.22386378966067103,55
5251,5,8653,4145,4508,0,0,0,1.0,1,1.0,1,1.0,1,0.18754233686517155,57
5252,1,8654,4145,4509,0,0,0,1.0,1,1.0,1,1.0,1,0.17874393690608137,58
5253,3,8657,4146,4511,0,0,0,1.0,1,1.0,1,1.0,1,0.17896714137908498,59
5254,2,8659,4147,4512,0,0,0,1.0,1,1.0,1,1.0,1,0.1692937825821399,59
5255,0,8659,4147,4512,0,0,0,1.0,1,1.0,1,1.0,1,0.16398066137311276,58
5256,3,8662,4149,4513,0,0,0,1.0,1,1.0,1,1.0,1,0.19361324546481082,59
5257,1,8663,4150,4513,0,0,0,1.0,1,1.0,1,1.0,1,0.20853177756233035,58
5258,0,8663,4150,4513,0,0,0,1.0,1,1.0,1,1.0,1,0.20531483609661788,56
5259,0,8663,4150,4513,0,0,0,1.0,1,1.0,1,1.0,1,0.21710423409821453,56
5260,0,8663,4150,4513,0,0,0,1.0,1,1.0,1,1.0,1,0.20797816872224995,55
5261,1,8664,4150,4514,0,0,0,1.0,1,1.0,1,1.0,1,0.19012146552238857,54
5262,1,8665,4151,4514,0,0,0,1.0,1,1.0,1,1.0,1,0.19868187832792233,54
5263,4,8669,4153,4516,0,0,0,1.0,1,1.0,1,1.0,1,0.23075436481939965,53
5264,1,8670,4154,4516,0,0,0,1.0,1,1.0,1,1.0,1,0.23944133080381302,51
5265,1,8671,4155,4516,0,0,0,1.0,1,1.0,1,1.0,1,0.23852527020007763,50
5266,6,8677,4158,4519,0,0,0,1.0,1,1.0,1,1.0,1,0.22148796378719918,49
5267,2,8679,4160,4519,0,0,0,1.0,1,1.0,1,1.0,1,0.2515022966330224,48
5268,2,8681,4161,4520,0,0,0,1.0,1,1.0,1,1.0,1,0.2328130007694301,47
5269,4,8685,4162,4523,0,0,0,1.0,1,1.0,1,1.0,1,0.18244438008595676,45
5270,0,8685,4162,4523,0,0,0,1.0,1,1.0,1,1.0,1,0.20073135507303017,47
5271,1,8686,4162,4524,0,0,0,1.0,1,1.0,1,1.0,1,0.20011254343070878,45
5272,4,8690,4165,4525,0,0,0,1.0,1,1.0,1,1.0,1,0.22644166008409933,46
5273,0,8690,4165,4525,0,0,0,1.0,1,1.0,1,1.0,1,0.2433130242674193,44
5274,0,8690,4165,4525,0,0,0,1.0,1,1.0,1,1.0,1,0.25652492985254405,44
5275,7,8697,4168,4529,0,0,0,1.0,1,1.0,1,1.0,1,0.22459932025137616,46
5276,1,8698,4169,4529,0,0,0,1.0,1,1.0,1,1.0,1,0.2213340518985981,46
5277,1,8699,4170,4529,0,0,0,1.0,1,1.0,1,1.0,1,0.21106503094946416,46
5278,4,8703,4174,4529,0,0,0,1.0,1,1.0,1,1.0,1,0.23199594328837264,46
5279,3,8706,4176,4530,0,0,0,1.0,1,1.0,1,1.0,1,0.24729016730617986,47
5280,2,8708,4177,4531,0,0,0,1.0,1,1.0,1,1.0,1,0.22208144663053225,47
5281,0,8708,4177,4531,0,0,0,1.0,1,1.0,1,1.0,1,0.23478995316748957,48
5282,1,8709,4178,4531,0,0,0,1.0,1,1.0,1,1.0,1,0.2440744583701051,48
5283,0,8709,4178,4531,0,0,0,1.0,1,1.0,1,1.0,1,0.2566234079545916,49
5284,0,8709,4178,4531,0,0,0,1.0,1,1.0,1,1.0,1,0.2566234079545916,49
5285,1,8710,4178,4532,0,0,0,1.0,1,1.0,1,1.0,1,0.21649281770200013,50
5286,2,8712,4178,4534,0,0,0,1.0,1,1.0,1,1.0,1,0.19942162638708233,51
5287,0,8712,4178,4534,0,0,0,1.0,1,1.0,1,1.0,1,0.19942162638708233,51
5288,1,8713,4178,4535,0,0,0,1.0,1,1.0,1,1.0,1,0.19120868819544137,51
5289,2,8715,4178,4537,0,0,0,1.0,1,1.0,1,1.0,1,0.1828661691290035,53
5290,1,8716,4178,4538,0,0,0,1.0,1,1.0,1,1.0,1,0.15550742033020803,53
5291,2,8718,4179,4539,0,0,0,1.0,1,1.0,1,1.0,1,0.15435408365767145,53
5292,1,8719,4180,4539,0,0,0,1.0,1,1.0,1,1.0,1,0.14187014783517155,53
5293,2,8721,4182,4539,0,0,0,1.0,1,1.0,1,1.0,1,0.22601363704580385,53
5294,3,8724,4183,4541,0,0,0,1.0,1,1.0,1,1.0,1,0.24017407574832764,54
5295,2,8726,4185,4541,0,0,0,1.0,1,1.0,1,1.0,1,0.2807634898882699,52
5296,1,8727,4186,4541,0,0,0,1.0,1,1.0,1,1.0,1,0.2763635649857873,49
5297,2,8729,4188,4541,0,0,0,1.0,1,1.0,1,1.0,1,0.33076537299344705,49
5298,3,8732,4189,4543,0,0,0,1.0,1,1.0,1,1.0,1,0.28428026667434286,49
5299,4,8736,4190,4546,0,0,0,1.0,1,1.0,1,1.0,1,0.24772041903236136,50
5300,1,8737,4191,4546,0,0,0,1.0,1,1.0,1,1.0,1,0.25653126495602285,48
5301,2,8739,4192,4547,0,0,0,1.0,1,1.0,1,1.0,1,0.28741012471080785,46
5302,2,8741,4193,4548,0,0,0,1.0,1,1.0,1,1.0,1,0.2757335604714868,47
5303,1,8742,4194,4548,0,0,0,1.0,1,1.0,1,1.0,1,0.2839725113985813,46
5304,1,8743,4195,4548,0,0,0,1.0,1,1.0,1,1.0,1,0.32576010714963527,45
5305,2,8745,4196,4549,0,0,0,1.0,1,1.0,1,1.0,1,0.2920918695119542,44
5306,2,8747,4198,4549,0,0,0,1.0,1,1.0,1,1.0,1,0.33382388462423673,42
5307,3,8750,4200,4550,0,0,0,1.0,1,1.0,1,1.0,1,0.33133843443201627,42
5308,3,8753,4202,4551,0,0,0,1.0,1,1.0,1,1.0,1,0.35270990124451596,43
5309,1,8754,4203,4551,0,0,0,1.0,1,1.0,1,1.0,1,0.37000881947235703,41
5310,0,8754,4203,4551,0,0,0,1.0,1,1.0,1,1.0,1,0.3766899666750797,41
5311,0,8754,4203,4551,0,0,0,1.0,1,1.0,1,1.0,1,0.35877241146308897,42
5312,3,8757,4203,4554,0,0,0,1.0,1,1.0,1,1.0,1,0.3137086519289084,43
5313,0,8757,4203,4554,0,0,0,1.0,1,1.0,1,1.0,1,0.31187946482321266,44
5314,2,8759,4203,4556,0,0,0,1.0,1,1.0,1,1.0,1,0.27423015627783837,44
5315,4,8763,4204,4559,0,0,0,1.0,1,1.0,1,1.0,1,0.2675286721925297,45
5316,0,8763,4204,4559,0,0,0,1.0,1,1.0,1,1.0,1,0.2748691580598712,46
5317,3,8766,4205,4561,0,0,0,1.0,1,1.0,1,1.0,1,0.26175665259213843,46
5318,1,8767,4206,4561,0,0,0,1.0,1,1.0,1,1.0,1,0.25870870042826183,46
5319,1,8768,4206,4562,0,0,0,1.0,1,1.0,1,1.0,1,0.2584760617334114,47
5320,5,8773,4207,4566,0,0,0,1.0,1,1.0,1,1.0,1,0.18079372970096297,48
5321,0,8773,4207,4566,0,0,0,1.0,1,1.0,1,1.0,1,0.19148012359351313,49
5322,0,8773,4207,4566,0,0,0,1.0,1,1.0,1,1.0,1,0.19148012359351313,49
5323,1,8774,4207,4567,0,0,0,1.0,1,1.0,1,1.0,1,0.20728826430388222,51
5324,0,8774,4207,4567,0,0,0,1.0,1,1.0,1,1.0,1,0.20486441459469987,53
5325,1,8775,4208,4567,0,0,0,1.0,1,1.0,1,1.0,1,0.2156322254744189,53
5326,1,8776,4209,4567,0,0,0,1.0,1,1.0,1,1.0,1,0.23521421715112106,53
5327,1,8777,4209,4568,0,0,0,1.0,1,1.0,1,1.0,1,0.24537369265597225,53
5328,1,8778,4209,4569,0,0,0,1.0,1,1.0,1,1.0,1,0.22825018661880328,54
5329,2,8780,4211,4569,0,0,0,1.0,1,1.0,1,1.0,1,0.2524822295288162,53
5330,2,8782,4213,4569,0,0,0,1.0,1,1.0,1,1.0,1,0.2812058284549133,52
5331,3,8785,4214,4571,0,0,0,1.0,1,1.0,1,1.0,1,0.3008078387769807,51
5332,2,8787,4214,4573,0,0,0,1.0,1,1.0,1,1.0,1,0.2771416208437813,52
5333,2,8789,4215,4574,0,0,0,1.0,1,1.0,1,1.0,1,0.3027324215574455,53
5334,2,8791,4216,4575,0,0,0,1.0,1,1.0,1,1.0,1,0.32102488463634654,54
5335,1,8792,4216,4576,0,0,0,1.0,1,1.0,1,1.0,1,0.3121696651643572,55
5336,0,8792,4216,4576,0,0,0,1.0,1,1.0,1,1.0,1,0.31878319119344484,54
5337,0,8792,4216,4576,0,0,0,1.0,1,1.0,1,1.0,1,0.3250457328850966,55
5338,2,8794,4217,4577,0,0,0,1.0,1,1.0,1,1.0,1,0.33458499203729186,55
5339,0,8794,4217,4577,0,0,0,1.0,1,1.0,1,1.0,1,0.33458499203729186,55
5340,0,8794,4217,4577,0,0,0,1.0,1,1.0,1,1.0,1,0.33458499203729186,55
5341,3,8797,4218,4579,0,0,0,1.0,1,1.0,1,1.0,1,0.3499253866434798,54
5342,0,8797,4218,4579,0,0,0,1.0,1,1.0,1,1.0,1,0.3430085147156966,55
5343,4,8801,4220,4581,0,0,0,1.0,1,1.0,1,1.0,1,0.31494702439334454,54
5344,4,8805,4223,4582,0,0,0,1.0,1,1.0,1,1.0,1,0.33536213968292283,55
5345,1,8806,4223,4583,0,0,0,1.0,1,1.0,1,1.0,1,0.3173315471681907,53
5346,4,8810,4226,4584,0,0,0,1.0,1,1.0,1,1.0,1,0.355068142496842,53
5347,8,8818,4228,4590,0,0,0,1.0,1,1.0,1,1.0,1,0.28285368150081447,51
5348,2,8820,4229,4591,0,0,0,1.0,1,1.0,1,1.0,1,0.26196508373423893,53
5349,4,8824,4231,4593,0,0,0,1.0,1,1.0,1,1.0,1,0.22459937702039035,52
5350,2,8826,4231,4595,0,0,0,1.0,1,1.0,1,1.0,1,0.19089140541388758,50
5351,1,8827,4232,4595,0,0,0,1.0,1,1.0,1,1.0,1,0.22503207819930146,52
5352,3,8830,4234,4596,0,0,0,1.0,1,1.0,1,1.0,1,0.22511668409641936,49
5353,0,8830,4234,4596,0,0,0,1.0,1,1.0,1,1.0,1,0.22511668409641936,49
5354,2,8832,4235,4597,0,0,0,1.0,1,1.0,1,1.0,1,0.21422346290187352,49
5355,0,8832,4235,4597,0,0,0,1.0,1,1.0,1,1.0,1,0.2041553202820371,48
5356,3,8835,4236,4599,0,0,0,1.0,1,1.0,1,1.0,1,0.22671696314447565,49
5357,0,8835,4236,4599,0,0,0,1.0,1,1.0,1,1.0,1,0.22934052153316806,47
5358,0,8835,4236,4599,0,0,0,1.0,1,1.0,1,1.0,1,0.23339453645423205,48
5359,2,8837,4236,4601,0,0,0,1.0,1,1.0,1,1.0,1,0.19359124664023467,48
5360,0,8837,4236,4601,0,0,0,1.0,1,1.0,1,1.0,1,0.19359124664023467,48
5361,1,8838,4236,4602,0,0,0,1.0,1,1.0,1,1.0,1,0.20458957604679992,50
5362,1,8839,4236,4603,0,0,0,1.0,1,1.0,1,1.0,1,0.19758982564067498,50
5363,0,8839,4236,4603,0,0,0,1.0,1,1.0,1,1.0,1,0.19758982564067498,50
5364,1,8840,4237,4603,0,0,0,1.0,1,1.0,1,1.0,1,0.19140990723369253,51
5365,2,8842,4237,4605,0,0,0,1.0,1,1.0,1,1.0,1,0.18290844214038368,52
5366,0,8842,4237,4605,0,0,0,1.0,1,1.0,1,1.0,1,0.18290844214038368,52
5367,0,8842,4237,4605,0,0,0,1.0,1,1.0,1,1.0,1,0.18094969882170212,54
5368,2,8844,4238,4606,0,0,0,1.0,1,1.0,1,1.0,1,0.19270865451997032,55
5369,1,8845,4239,4606,0,0,0,1.0,1,1.0,1,1.0,1,0.2308229271844088,53
5370,5,8850,4241,4609,0,0,0,1.0,1,1.0,1,1.0,1,0.24063643120289518,54
5371,4,8854,4242,4612,0,0,0,1.0,1,1.0,1,1.0,1,0.22921572807011387,53
5372,5,8859,4245,4614,0,0,0,1.0,1,1.0,1,1.0,1,0.23533923526621167,53
5373,1,8860,4245,4615,0,0,0,1.0,1,1.0,1,1.0,1,0.20981168523141955,52
5374,3,8863,4247,4616,0,0,0,1.0,1,1.0,1,1.0,1,0.22407601493993043,51
5375,1,8864,4247,4617,0,0,0,1.0,1,1.0,1,1.0,1,0.17451094080075608,52
5376,1,8865,4248,4617,0,0,0,1.0,1,1.0,1,1.0,1,0.21556401903199832,51
5377,0,8865,4248,4617,0,0,0,1.0,1,1.0,1,1.0,1,0.22815370980392624,52
5378,2,8867,4250,4617,0,0,0,1.0,1,1.0,1,1.0,1,0.27694271041123464,50
5379,1,8868,4250,4618,0,0,0,1.0,1,1.0,1,1.0,1,0.27059523281516,50
5380,3,8871,4250,4621,0,0,0,1.0,1,1.0,1,1.0,1,0.2751816165024321,52
5381,0,8871,4250,4621,0,0,0,1.0,1,1.0,1,1.0,1,0.2751816165024321,52
5382,1,8872,4250,4622,0,0,0,1.0,1,1.0,1,1.0,1,0.26303676408559157,52
5383,0,8872,4250,4622,0,0,0,1.0,1,1.0,1,1.0,1,0.24823594943345986,51
5384,3,8875,4251,4624,0,0,0,1.0,1,1.0,1,1.0,1,0.24328811660807337,52
5385,2,8877,4252,4625,0,0,0,1.0,1,1.0,1,1.0,1,0.24599839670405094,51
5386,5,8882,4253,4629,0,0,0,1.0,1,1.0,1,1.0,1,0.2168445741053626,52
5387,2,8884,4254,4630,0,0,0,1.0,1,1.0,1,1.0,1,0.17594010633331716,53
5388,2,8886,4254,4632,0,0,0,1.0,1,1.0,1,1.0,1,0.16201595902206795,54
5389,3,8889,4255,4634,0,0,0,1.0,1,1.0,1,1.0,1,0.12676920854963547,55
5390,2,8891,4256,4635,0,0,0,1.0,1,1.0,1,1.0,1,0.12410852389710775,56
5391,1,8892,4257,4635,0,0,0,1.0,1,1.0,1,1.0,1,0.12953553380334434,56
5392,3,8895,4259,4636,0,0,0,1.0,1,1.0,1,1.0,1,0.16574700176482565,56
5393,1,8896,4259,4637,0,0,0,1.0,1,1.0,1,1.0,1,0.14696895100576157,54
5394,1,8897,4260,4637,0,0,0,1.0,1,1.0,1,1.0,1,0.15925458488274846,53
5395,1,8898,4260,4638,0,0,0,1.0,1,1.0,1,1.0,1,0.15054757852674464,53
5396,1,8899,4261,4638,0,0,0,1.0,1,1.0,1,1.0,1,0.1844399950477999,54
5397,2,8901,4263,4638,0,0,0,1.0,1,1.0,1,1.0,1,0.18963242904790498,53
5398,5,8906,4264,4642,0,0,0,1.0,1,1.0,1,1.0,1,0.13522117793272945,53
5399,5,8911,4267,4644,0,0,0,1.0,1,1.0,1,1.0,1,0.19713572511192703,55
5400,2,8913,4267,4646,0,0,0,1.0,1,1.0,1,1.0,1,0.15535631333223354,55
5401,4,8917,4268,4649,0,0,0,1.0,1,1.0,1,1.0,1,0.1425017173799822,56
5402,0,8917,4268,4649,0,0,0,1.0,1,1.0,1,1.0,1,0.0,0
