,SuccessfulHandoverCount,TotalSuccessfulHandoverCount,TotalSuccessfulHandoverCountRange,TotalSuccessfulHandoverCountLoadBalancing,TotalSuccessfulHandoverCountOverload,FailedHandoverCount,TotalFailedHandoverCount,AvgQoS,MinQoS,AvgQoS_LoadBased,MinQoS_LoadBased,AvgQoS_RangeBased,MinQoS_RangeBased,GiniLoad,VehicleCount
0,0,0,0,0,0,0,0,1.0,1,1.0,1,1.0,1,0.0,0
1,12,12,0,12,0,0,0,1.0,1,1.0,1,1.0,1,0.1671661592158646,26
2,13,25,0,25,0,0,0,1.0,1,1.0,1,1.0,1,0.10004035169416303,27
3,8,33,0,33,0,0,0,1.0,1,1.0,1,1.0,1,0.1512627947031473,28
4,11,44,0,44,0,0,0,1.0,1,1.0,1,1.0,1,0.09196232473349847,29
5,0,44,0,44,0,0,0,1.0,1,1.0,1,1.0,1,0.09196232473349847,29
6,0,44,0,44,0,0,0,1.0,1,1.0,1,1.0,1,0.05782362544943963,32
7,1,45,1,44,0,0,0,1.0,1,1.0,1,1.0,1,0.07881048476989697,33
8,1,46,1,45,0,0,0,1.0,1,1.0,1,1.0,1,0.049158889414766094,35
9,1,47,2,45,0,0,0,1.0,1,1.0,1,1.0,1,0.05094672067973581,35
10,1,48,3,45,0,0,0,1.0,1,1.0,1,1.0,1,0.052982460575960136,35
11,2,50,5,45,0,0,0,1.0,1,1.0,1,1.0,1,0.055129084823159966,35
12,0,50,5,45,0,0,0,1.0,1,1.0,1,1.0,1,0.04160537474875198,34
13,1,51,6,45,0,0,0,1.0,1,1.0,1,1.0,1,0.09571122032483964,32
14,2,53,8,45,0,0,0,1.0,1,1.0,1,1.0,1,0.1435085410407716,31
15,1,54,9,45,0,0,0,1.0,1,1.0,1,1.0,1,0.12092009317984018,30
16,0,54,9,45,0,0,0,1.0,1,1.0,1,1.0,1,0.11514517979422921,30
17,0,54,9,45,0,0,0,1.0,1,1.0,1,1.0,1,0.08954327856715534,29
18,0,54,9,45,0,0,0,1.0,1,1.0,1,1.0,1,0.08954327856715534,29
19,0,54,9,45,0,0,0,1.0,1,1.0,1,1.0,1,0.06654061656660733,28
20,2,56,11,45,0,0,0,1.0,1,1.0,1,1.0,1,0.15012166394636128,28
21,1,57,12,45,0,0,0,1.0,1,1.0,1,1.0,1,0.13064678129314722,28
22,1,58,13,45,0,0,0,1.0,1,1.0,1,1.0,1,0.1464617056830715,28
23,2,60,15,45,0,0,0,1.0,1,1.0,1,1.0,1,0.2449387883764789,27
24,5,65,20,45,0,0,0,1.0,1,1.0,1,1.0,1,0.2265269533383306,28
25,5,70,22,48,0,0,0,1.0,1,1.0,1,1.0,1,0.07148793759013375,28
26,2,72,23,49,0,0,0,1.0,1,1.0,1,1.0,1,0.11282315177174551,30
27,3,75,24,51,0,0,0,1.0,1,1.0,1,1.0,1,0.05402048603700565,30
28,2,77,25,52,0,0,0,1.0,1,1.0,1,1.0,1,0.07708876842183417,31
29,1,78,25,53,0,0,0,1.0,1,1.0,1,1.0,1,0.05374935834488307,30
30,0,78,25,53,0,0,0,1.0,1,1.0,1,1.0,1,0.05374935834488307,30
31,0,78,25,53,0,0,0,1.0,1,1.0,1,1.0,1,0.07117621659597924,31
32,0,78,25,53,0,0,0,1.0,1,1.0,1,1.0,1,0.09852764004415215,31
33,1,79,25,54,0,0,0,1.0,1,1.0,1,1.0,1,0.042518980352757224,31
34,2,81,26,55,0,0,0,1.0,1,1.0,1,1.0,1,0.11211884730382708,29
35,1,82,27,55,0,0,0,1.0,1,1.0,1,1.0,1,0.11681669424850202,30
36,0,82,27,55,0,0,0,1.0,1,1.0,1,1.0,1,0.1505477508299547,30
37,1,83,28,55,0,0,0,1.0,1,1.0,1,1.0,1,0.17636920997794658,31
38,4,87,29,58,0,0,0,1.0,1,1.0,1,1.0,1,0.11928030105308428,32
39,4,91,29,62,0,0,0,1.0,1,1.0,1,1.0,1,0.046831362882031324,36
40,1,92,30,62,0,0,0,1.0,1,1.0,1,1.0,1,0.026498878206575326,37
41,1,93,31,62,0,0,0,1.0,1,1.0,1,1.0,1,0.042495066463420224,37
42,0,93,31,62,0,0,0,1.0,1,1.0,1,1.0,1,0.03435623466719806,38
43,1,94,32,62,0,0,0,1.0,1,1.0,1,1.0,1,0.08555152630338694,40
44,0,94,32,62,0,0,0,1.0,1,1.0,1,1.0,1,0.06666464172705253,39
45,0,94,32,62,0,0,0,1.0,1,1.0,1,1.0,1,0.05637886408375082,40
46,0,94,32,62,0,0,0,1.0,1,1.0,1,1.0,1,0.04502349903551031,39
47,2,96,34,62,0,0,0,1.0,1,1.0,1,1.0,1,0.08894346454565147,39
48,1,97,34,63,0,0,0,1.0,1,1.0,1,1.0,1,0.06623217633183136,39
49,0,97,34,63,0,0,0,1.0,1,1.0,1,1.0,1,0.029334863277924655,37
50,1,98,35,63,0,0,0,1.0,1,1.0,1,1.0,1,0.06095236784089833,35
51,0,98,35,63,0,0,0,1.0,1,1.0,1,1.0,1,0.051383359478469746,34
52,0,98,35,63,0,0,0,1.0,1,1.0,1,1.0,1,0.028668091876271718,34
53,0,98,35,63,0,0,0,1.0,1,1.0,1,1.0,1,0.027368845263878627,35
54,0,98,35,63,0,0,0,1.0,1,1.0,1,1.0,1,0.06327772435029602,36
55,1,99,36,63,0,0,0,1.0,1,1.0,1,1.0,1,0.06575524297657559,36
56,7,106,40,66,0,0,0,1.0,1,1.0,1,1.0,1,0.10547984336089636,36
57,2,108,40,68,0,0,0,1.0,1,1.0,1,1.0,1,0.0705883775692149,37
58,2,110,42,68,0,0,0,1.0,1,1.0,1,1.0,1,0.10954313108240721,38
59,2,112,43,69,0,0,0,1.0,1,1.0,1,1.0,1,0.13547182263374563,37
60,0,112,43,69,0,0,0,1.0,1,1.0,1,1.0,1,0.1194031199394314,38
61,4,116,46,70,0,0,0,1.0,1,1.0,1,1.0,1,0.12185816088783528,37
62,5,121,48,73,0,0,0,1.0,1,1.0,1,1.0,1,0.08006993167472412,39
63,0,121,48,73,0,0,0,1.0,1,1.0,1,1.0,1,0.08006993167472412,39
64,2,123,50,73,0,0,0,1.0,1,1.0,1,1.0,1,0.13617062799595678,38
65,0,123,50,73,0,0,0,1.0,1,1.0,1,1.0,1,0.11058775915028533,39
66,0,123,50,73,0,0,0,1.0,1,1.0,1,1.0,1,0.10960178128493926,39
67,1,124,51,73,0,0,0,1.0,1,1.0,1,1.0,1,0.12978028627462038,36
68,3,127,53,74,0,0,0,1.0,1,1.0,1,1.0,1,0.09422743521919329,36
69,2,129,54,75,0,0,0,1.0,1,1.0,1,1.0,1,0.09622634134196235,37
70,1,130,54,76,0,0,0,1.0,1,1.0,1,1.0,1,0.06471338571012625,36
71,1,131,54,77,0,0,0,1.0,1,1.0,1,1.0,1,0.019668939419258534,38
72,0,131,54,77,0,0,0,1.0,1,1.0,1,1.0,1,0.019668939419258534,38
73,0,131,54,77,0,0,0,1.0,1,1.0,1,1.0,1,0.01990730839018119,37
74,1,132,55,77,0,0,0,1.0,1,1.0,1,1.0,1,0.04073407023930757,38
75,0,132,55,77,0,0,0,1.0,1,1.0,1,1.0,1,0.04073407023930757,38
76,2,134,56,78,0,0,0,1.0,1,1.0,1,1.0,1,0.0647256369531188,39
77,0,134,56,78,0,0,0,1.0,1,1.0,1,1.0,1,0.06325031441912694,40
78,0,134,56,78,0,0,0,1.0,1,1.0,1,1.0,1,0.03988809193636534,41
79,1,135,57,78,0,0,0,1.0,1,1.0,1,1.0,1,0.03851641033111593,41
80,0,135,57,78,0,0,0,1.0,1,1.0,1,1.0,1,0.03851641033111593,41
81,0,135,57,78,0,0,0,1.0,1,1.0,1,1.0,1,0.033838570730859045,41
82,0,135,57,78,0,0,0,1.0,1,1.0,1,1.0,1,0.05076396013656529,44
83,0,135,57,78,0,0,0,1.0,1,1.0,1,1.0,1,0.05076396013656529,44
84,1,136,58,78,0,0,0,1.0,1,1.0,1,1.0,1,0.09200367532490249,45
85,1,137,59,78,0,0,0,1.0,1,1.0,1,1.0,1,0.12152434299244741,45
86,0,137,59,78,0,0,0,1.0,1,1.0,1,1.0,1,0.12152434299244741,45
87,2,139,60,79,0,0,0,1.0,1,1.0,1,1.0,1,0.126544009084844,44
88,0,139,60,79,0,0,0,1.0,1,1.0,1,1.0,1,0.126544009084844,44
89,1,140,61,79,0,0,0,1.0,1,1.0,1,1.0,1,0.07805779202934567,43
90,0,140,61,79,0,0,0,1.0,1,1.0,1,1.0,1,0.09545036665995328,44
91,1,141,62,79,0,0,0,1.0,1,1.0,1,1.0,1,0.11816819864242618,44
92,0,141,62,79,0,0,0,1.0,1,1.0,1,1.0,1,0.11459916566801857,43
93,0,141,62,79,0,0,0,1.0,1,1.0,1,1.0,1,0.1317420059623394,44
94,0,141,62,79,0,0,0,1.0,1,1.0,1,1.0,1,0.1317420059623394,44
95,1,142,62,80,0,0,0,1.0,1,1.0,1,1.0,1,0.11880114496564313,43
96,0,142,62,80,0,0,0,1.0,1,1.0,1,1.0,1,0.12138874528524042,44
97,1,143,63,80,0,0,0,1.0,1,1.0,1,1.0,1,0.13713516176741106,44
98,2,145,65,80,0,0,0,1.0,1,1.0,1,1.0,1,0.20958364090598558,43
99,0,145,65,80,0,0,0,1.0,1,1.0,1,1.0,1,0.20958364090598558,43
100,3,148,67,81,0,0,0,1.0,1,1.0,1,1.0,1,0.2239520046749789,47
101,2,150,67,83,0,0,0,1.0,1,1.0,1,1.0,1,0.20668571447063985,47
102,1,151,68,83,0,0,0,1.0,1,1.0,1,1.0,1,0.2293828182767383,47
103,4,155,69,86,0,0,0,1.0,1,1.0,1,1.0,1,0.13853919150000998,46
104,3,158,71,87,0,0,0,1.0,1,1.0,1,1.0,1,0.10113493275421481,45
105,2,160,72,88,0,0,0,1.0,1,1.0,1,1.0,1,0.07649939531425985,44
106,5,165,74,91,0,0,0,1.0,1,1.0,1,1.0,1,0.06075241605058746,45
107,2,167,75,92,0,0,0,1.0,1,1.0,1,1.0,1,0.09623040307205726,44
108,3,170,76,94,0,0,0,1.0,1,1.0,1,1.0,1,0.05614916904707459,46
109,3,173,79,94,0,0,0,1.0,1,1.0,1,1.0,1,0.10228576247996538,46
110,2,175,80,95,0,0,0,1.0,1,1.0,1,1.0,1,0.06581077843935858,46
111,2,177,82,95,0,0,0,1.0,1,1.0,1,1.0,1,0.05742713155106014,46
112,5,182,85,97,0,0,0,1.0,1,1.0,1,1.0,1,0.03239863277720957,46
113,1,183,86,97,0,0,0,1.0,1,1.0,1,1.0,1,0.04106413612696299,46
114,0,183,86,97,0,0,0,1.0,1,1.0,1,1.0,1,0.04106413612696299,46
115,0,183,86,97,0,0,0,1.0,1,1.0,1,1.0,1,0.03461835774367782,47
116,0,183,86,97,0,0,0,1.0,1,1.0,1,1.0,1,0.03461835774367782,47
117,2,185,88,97,0,0,0,1.0,1,1.0,1,1.0,1,0.062056611313943945,45
118,0,185,88,97,0,0,0,1.0,1,1.0,1,1.0,1,0.06599936201771511,46
119,1,186,89,97,0,0,0,1.0,1,1.0,1,1.0,1,0.079437542970412,46
120,3,189,91,98,0,0,0,1.0,1,1.0,1,1.0,1,0.08396380933804282,47
121,1,190,92,98,0,0,0,1.0,1,1.0,1,1.0,1,0.12621713664399536,46
122,1,191,92,99,0,0,0,1.0,1,1.0,1,1.0,1,0.11476960316565805,46
123,1,192,92,100,0,0,0,1.0,1,1.0,1,1.0,1,0.11549806552608208,45
124,1,193,93,100,0,0,0,1.0,1,1.0,1,1.0,1,0.13033535561790072,46
125,1,194,93,101,0,0,0,1.0,1,1.0,1,1.0,1,0.11277816856039546,44
126,1,195,93,102,0,0,0,1.0,1,1.0,1,1.0,1,0.08978805359859846,45
127,0,195,93,102,0,0,0,1.0,1,1.0,1,1.0,1,0.08970252659945703,45
128,0,195,93,102,0,0,0,1.0,1,1.0,1,1.0,1,0.08111964436379915,46
129,2,197,94,103,0,0,0,1.0,1,1.0,1,1.0,1,0.07345098770803075,48
130,0,197,94,103,0,0,0,1.0,1,1.0,1,1.0,1,0.07345098770803075,48
131,1,198,95,103,0,0,0,1.0,1,1.0,1,1.0,1,0.05876112740468364,49
132,2,200,96,104,0,0,0,1.0,1,1.0,1,1.0,1,0.041155007633296256,51
133,3,203,98,105,0,0,0,1.0,1,1.0,1,1.0,1,0.09670705155637135,49
134,2,205,100,105,0,0,0,1.0,1,1.0,1,1.0,1,0.14836466833016915,49
135,1,206,100,106,0,0,0,1.0,1,1.0,1,1.0,1,0.11091553857965239,49
136,3,209,103,106,0,0,0,1.0,1,1.0,1,1.0,1,0.14341382380589826,48
137,3,212,103,109,0,0,0,1.0,1,1.0,1,1.0,1,0.08983064871921428,47
138,5,217,107,110,0,0,0,1.0,1,1.0,1,1.0,1,0.10790021471769894,48
139,5,222,110,112,0,0,0,1.0,1,1.0,1,1.0,1,0.119846690883655,48
140,1,223,111,112,0,0,0,1.0,1,1.0,1,1.0,1,0.13414929668657752,49
141,3,226,111,115,0,0,0,1.0,1,1.0,1,1.0,1,0.06434418363578641,49
142,1,227,112,115,0,0,0,1.0,1,1.0,1,1.0,1,0.038570843315539616,49
143,0,227,112,115,0,0,0,1.0,1,1.0,1,1.0,1,0.045377096850667875,47
144,2,229,114,115,0,0,0,1.0,1,1.0,1,1.0,1,0.042535496088198156,46
145,1,230,115,115,0,0,0,1.0,1,1.0,1,1.0,1,0.08831918155140431,44
146,1,231,116,115,0,0,0,1.0,1,1.0,1,1.0,1,0.1031467047819318,44
147,0,231,116,115,0,0,0,1.0,1,1.0,1,1.0,1,0.11978845402473311,43
148,0,231,116,115,0,0,0,1.0,1,1.0,1,1.0,1,0.15008064190579506,43
149,3,234,117,117,0,0,0,1.0,1,1.0,1,1.0,1,0.13419350208759204,43
150,1,235,118,117,0,0,0,1.0,1,1.0,1,1.0,1,0.1464223495380823,42
151,1,236,119,117,0,0,0,1.0,1,1.0,1,1.0,1,0.16539237008636687,42
152,3,239,120,119,0,0,0,1.0,1,1.0,1,1.0,1,0.1332582648751422,42
153,1,240,120,120,0,0,0,1.0,1,1.0,1,1.0,1,0.09191377995530606,42
154,1,241,120,121,0,0,0,1.0,1,1.0,1,1.0,1,0.08575824305008214,43
155,0,241,120,121,0,0,0,1.0,1,1.0,1,1.0,1,0.05346768882610743,43
156,0,241,120,121,0,0,0,1.0,1,1.0,1,1.0,1,0.07404006563652873,42
157,0,241,120,121,0,0,0,1.0,1,1.0,1,1.0,1,0.09762972821679582,41
158,0,241,120,121,0,0,0,1.0,1,1.0,1,1.0,1,0.09063947803138228,42
159,0,241,120,121,0,0,0,1.0,1,1.0,1,1.0,1,0.09395104561335034,43
160,4,245,123,122,0,0,0,1.0,1,1.0,1,1.0,1,0.19471665163611726,44
161,5,250,124,126,0,0,0,1.0,1,1.0,1,1.0,1,0.1953160696065376,44
162,2,252,125,127,0,0,0,1.0,1,1.0,1,1.0,1,0.2072740273573239,45
163,1,253,126,127,0,0,0,1.0,1,1.0,1,1.0,1,0.2515931966675317,43
164,0,253,126,127,0,0,0,1.0,1,1.0,1,1.0,1,0.25163089800268157,42
165,6,259,129,130,0,0,0,1.0,1,1.0,1,1.0,1,0.20146550572652802,42
166,2,261,130,131,0,0,0,1.0,1,1.0,1,1.0,1,0.17794639066930193,42
167,2,263,132,131,0,0,0,1.0,1,1.0,1,1.0,1,0.14381163889013676,41
168,0,263,132,131,0,0,0,1.0,1,1.0,1,1.0,1,0.1414785365735125,40
169,3,266,134,132,0,0,0,1.0,1,1.0,1,1.0,1,0.08388830958011677,40
170,1,267,134,133,0,0,0,1.0,1,1.0,1,1.0,1,0.05780342776608885,38
171,2,269,136,133,0,0,0,1.0,1,1.0,1,1.0,1,0.07807636042947542,37
172,4,273,140,133,0,0,0,1.0,1,1.0,1,1.0,1,0.14218772566181032,35
173,3,276,141,135,0,0,0,1.0,1,1.0,1,1.0,1,0.050825888690938834,36
174,2,278,143,135,0,0,0,1.0,1,1.0,1,1.0,1,0.08452552629849278,34
175,0,278,143,135,0,0,0,1.0,1,1.0,1,1.0,1,0.0591346526603431,33
176,1,279,144,135,0,0,0,1.0,1,1.0,1,1.0,1,0.06303871338657129,34
177,0,279,144,135,0,0,0,1.0,1,1.0,1,1.0,1,0.05485633588824318,36
178,2,281,145,136,0,0,0,1.0,1,1.0,1,1.0,1,0.06281566891382995,37
179,1,282,146,136,0,0,0,1.0,1,1.0,1,1.0,1,0.07497076129532777,37
180,0,282,146,136,0,0,0,1.0,1,1.0,1,1.0,1,0.08390675282858841,36
181,1,283,147,136,0,0,0,1.0,1,1.0,1,1.0,1,0.06679168513717829,36
182,0,283,147,136,0,0,0,1.0,1,1.0,1,1.0,1,0.06691822791146497,38
183,1,284,148,136,0,0,0,1.0,1,1.0,1,1.0,1,0.07161082189537744,37
184,0,284,148,136,0,0,0,1.0,1,1.0,1,1.0,1,0.08449420544951423,36
185,1,285,149,136,0,0,0,1.0,1,1.0,1,1.0,1,0.11419462569441904,35
186,1,286,149,137,0,0,0,1.0,1,1.0,1,1.0,1,0.09959370164168989,34
187,2,288,151,137,0,0,0,1.0,1,1.0,1,1.0,1,0.1353750492511006,33
188,1,289,152,137,0,0,0,1.0,1,1.0,1,1.0,1,0.16017870356233693,33
189,3,292,154,138,0,0,0,1.0,1,1.0,1,1.0,1,0.11602366750974599,33
190,0,292,154,138,0,0,0,1.0,1,1.0,1,1.0,1,0.14183436572128919,32
191,3,295,156,139,0,0,0,1.0,1,1.0,1,1.0,1,0.15050067443221865,34
192,1,296,156,140,0,0,0,1.0,1,1.0,1,1.0,1,0.11419515581227505,34
193,1,297,156,141,0,0,0,1.0,1,1.0,1,1.0,1,0.09130809474230164,35
194,1,298,156,142,0,0,0,1.0,1,1.0,1,1.0,1,0.09446515379739379,37
195,0,298,156,142,0,0,0,1.0,1,1.0,1,1.0,1,0.11427813514894547,36
196,0,298,156,142,0,0,0,1.0,1,1.0,1,1.0,1,0.11427813514894547,36
197,1,299,156,143,0,0,0,1.0,1,1.0,1,1.0,1,0.08638585829944223,37
198,3,302,159,143,0,0,0,1.0,1,1.0,1,1.0,1,0.12372216877507931,37
199,0,302,159,143,0,0,0,1.0,1,1.0,1,1.0,1,0.12372216877507931,37
200,2,304,161,143,0,0,0,1.0,1,1.0,1,1.0,1,0.14662305001491333,37
201,3,307,162,145,0,0,0,1.0,1,1.0,1,1.0,1,0.08227165310969971,36
202,0,307,162,145,0,0,0,1.0,1,1.0,1,1.0,1,0.051356016091239805,36
203,3,310,165,145,0,0,0,1.0,1,1.0,1,1.0,1,0.10373879551211865,35
204,0,310,165,145,0,0,0,1.0,1,1.0,1,1.0,1,0.1030006789865043,35
205,3,313,168,145,0,0,0,1.0,1,1.0,1,1.0,1,0.08934227797739913,35
206,2,315,169,146,0,0,0,1.0,1,1.0,1,1.0,1,0.06780251918732945,34
207,0,315,169,146,0,0,0,1.0,1,1.0,1,1.0,1,0.06580954883727934,34
208,2,317,170,147,0,0,0,1.0,1,1.0,1,1.0,1,0.10458695079256897,33
209,0,317,170,147,0,0,0,1.0,1,1.0,1,1.0,1,0.1465351914158363,33
210,1,318,171,147,0,0,0,1.0,1,1.0,1,1.0,1,0.14905925689208446,34
211,1,319,172,147,0,0,0,1.0,1,1.0,1,1.0,1,0.2027531648207289,33
212,0,319,172,147,0,0,0,1.0,1,1.0,1,1.0,1,0.2027531648207289,33
213,3,322,173,149,0,0,0,1.0,1,1.0,1,1.0,1,0.10352116672871027,35
214,2,324,175,149,0,0,0,1.0,1,1.0,1,1.0,1,0.12603967779594666,34
215,1,325,176,149,0,0,0,1.0,1,1.0,1,1.0,1,0.15713227490551632,35
216,1,326,177,149,0,0,0,1.0,1,1.0,1,1.0,1,0.16244989172436228,36
217,3,329,178,151,0,0,0,1.0,1,1.0,1,1.0,1,0.10775146372052423,36
218,1,330,179,151,0,0,0,1.0,1,1.0,1,1.0,1,0.15566556994607253,36
219,0,330,179,151,0,0,0,1.0,1,1.0,1,1.0,1,0.13571627462356295,37
220,2,332,180,152,0,0,0,1.0,1,1.0,1,1.0,1,0.11400385997870968,38
221,1,333,180,153,0,0,0,1.0,1,1.0,1,1.0,1,0.10902283465008432,37
222,2,335,182,153,0,0,0,1.0,1,1.0,1,1.0,1,0.08823415020030764,38
223,0,335,182,153,0,0,0,1.0,1,1.0,1,1.0,1,0.08823415020030764,38
224,3,338,183,155,0,0,0,1.0,1,1.0,1,1.0,1,0.11284397891943332,38
225,1,339,184,155,0,0,0,1.0,1,1.0,1,1.0,1,0.13575529234466843,36
226,1,340,185,155,0,0,0,1.0,1,1.0,1,1.0,1,0.13763568654675815,37
227,3,343,188,155,0,0,0,1.0,1,1.0,1,1.0,1,0.17416103094214083,35
228,2,345,190,155,0,0,0,1.0,1,1.0,1,1.0,1,0.13432219117544578,35
229,5,350,193,157,0,0,0,1.0,1,1.0,1,1.0,1,0.10938893012932384,35
230,0,350,193,157,0,0,0,1.0,1,1.0,1,1.0,1,0.10938893012932384,35
231,2,352,195,157,0,0,0,1.0,1,1.0,1,1.0,1,0.1351913432758309,35
232,3,355,197,158,0,0,0,1.0,1,1.0,1,1.0,1,0.09823673928589514,36
233,1,356,198,158,0,0,0,1.0,1,1.0,1,1.0,1,0.06988443813191632,36
234,0,356,198,158,0,0,0,1.0,1,1.0,1,1.0,1,0.0844386279667462,34
235,2,358,200,158,0,0,0,1.0,1,1.0,1,1.0,1,0.08812056898732078,33
236,1,359,201,158,0,0,0,1.0,1,1.0,1,1.0,1,0.09491477704415904,31
237,1,360,201,159,0,0,0,1.0,1,1.0,1,1.0,1,0.06690384779498158,32
238,1,361,202,159,0,0,0,1.0,1,1.0,1,1.0,1,0.0892112388409892,31
239,1,362,203,159,0,0,0,1.0,1,1.0,1,1.0,1,0.12603129020169912,30
240,1,363,204,159,0,0,0,1.0,1,1.0,1,1.0,1,0.16427811455746927,27
241,5,368,208,160,0,0,0,1.0,1,1.0,1,1.0,1,0.16621282853720354,27
242,0,368,208,160,0,0,0,1.0,1,1.0,1,1.0,1,0.13821761145156858,28
243,1,369,209,160,0,0,0,1.0,1,1.0,1,1.0,1,0.14770797046061881,28
244,1,370,210,160,0,0,0,1.0,1,1.0,1,1.0,1,0.13120517523785347,27
245,1,371,210,161,0,0,0,1.0,1,1.0,1,1.0,1,0.10293549167297,27
246,1,372,211,161,0,0,0,1.0,1,1.0,1,1.0,1,0.11203082755096858,25
247,0,372,211,161,0,0,0,1.0,1,1.0,1,1.0,1,0.07903897917333805,24
248,0,372,211,161,0,0,0,1.0,1,1.0,1,1.0,1,0.08092731298612367,24
249,1,373,211,162,0,0,0,1.0,1,1.0,1,1.0,1,0.08030524138474944,25
250,0,373,211,162,0,0,0,1.0,1,1.0,1,1.0,1,0.06164804200084931,27
251,0,373,211,162,0,0,0,1.0,1,1.0,1,1.0,1,0.06164804200084931,27
252,2,375,213,162,0,0,0,1.0,1,1.0,1,1.0,1,0.07055828927302098,27
253,1,376,214,162,0,0,0,1.0,1,1.0,1,1.0,1,0.13525082672166885,29
254,4,380,217,163,0,0,0,1.0,1,1.0,1,1.0,1,0.12212750579753857,30
255,2,382,218,164,0,0,0,1.0,1,1.0,1,1.0,1,0.13985752141529548,31
256,2,384,220,164,0,0,0,1.0,1,1.0,1,1.0,1,0.11889710563785162,31
257,3,387,221,166,0,0,0,1.0,1,1.0,1,1.0,1,0.0935944796826109,33
258,1,388,222,166,0,0,0,1.0,1,1.0,1,1.0,1,0.08611927290644743,33
259,0,388,222,166,0,0,0,1.0,1,1.0,1,1.0,1,0.08611927290644743,33
260,1,389,223,166,0,0,0,1.0,1,1.0,1,1.0,1,0.11247847046598591,35
261,3,392,223,169,0,0,0,1.0,1,1.0,1,1.0,1,0.04992873091869428,35
262,0,392,223,169,0,0,0,1.0,1,1.0,1,1.0,1,0.04992873091869428,35
263,0,392,223,169,0,0,0,1.0,1,1.0,1,1.0,1,0.07958178486053544,34
264,0,392,223,169,0,0,0,1.0,1,1.0,1,1.0,1,0.10071746859971567,32
265,2,394,225,169,0,0,0,1.0,1,1.0,1,1.0,1,0.12002762617454427,30
266,2,396,226,170,0,0,0,1.0,1,1.0,1,1.0,1,0.09806418197085134,31
267,0,396,226,170,0,0,0,1.0,1,1.0,1,1.0,1,0.09463322422410161,30
268,1,397,227,170,0,0,0,1.0,1,1.0,1,1.0,1,0.1119568980187468,31
269,2,399,228,171,0,0,0,1.0,1,1.0,1,1.0,1,0.13075619895685797,31
270,2,401,229,172,0,0,0,1.0,1,1.0,1,1.0,1,0.17532862188719886,32
271,0,401,229,172,0,0,0,1.0,1,1.0,1,1.0,1,0.19810748582803933,31
272,2,403,230,173,0,0,0,1.0,1,1.0,1,1.0,1,0.27106787484759426,32
273,3,406,230,176,0,0,0,1.0,1,1.0,1,1.0,1,0.21935625964400232,32
274,0,406,230,176,0,0,0,1.0,1,1.0,1,1.0,1,0.21935625964400232,32
275,2,408,231,177,0,0,0,1.0,1,1.0,1,1.0,1,0.16647216184540023,33
276,1,409,232,177,0,0,0,1.0,1,1.0,1,1.0,1,0.1901915278421906,34
277,2,411,233,178,0,0,0,1.0,1,1.0,1,1.0,1,0.10200611410891186,32
278,0,411,233,178,0,0,0,1.0,1,1.0,1,1.0,1,0.07235429016606312,31
279,0,411,233,178,0,0,0,1.0,1,1.0,1,1.0,1,0.043184853776447624,31
280,0,411,233,178,0,0,0,1.0,1,1.0,1,1.0,1,0.040714344636938835,30
281,0,411,233,178,0,0,0,1.0,1,1.0,1,1.0,1,0.012764048782638626,31
282,0,411,233,178,0,0,0,1.0,1,1.0,1,1.0,1,0.062481015598121296,30
283,1,412,234,178,0,0,0,1.0,1,1.0,1,1.0,1,0.06273791616135017,31
284,1,413,235,178,0,0,0,1.0,1,1.0,1,1.0,1,0.07452468787080195,31
285,2,415,237,178,0,0,0,1.0,1,1.0,1,1.0,1,0.15359326992993103,31
286,0,415,237,178,0,0,0,1.0,1,1.0,1,1.0,1,0.15359326992993103,31
287,1,416,238,178,0,0,0,1.0,1,1.0,1,1.0,1,0.22240072139802458,33
288,0,416,238,178,0,0,0,1.0,1,1.0,1,1.0,1,0.17209244988260552,32
289,2,418,238,180,0,0,0,1.0,1,1.0,1,1.0,1,0.1028803183410561,32
290,0,418,238,180,0,0,0,1.0,1,1.0,1,1.0,1,0.08593932563308176,31
291,1,419,239,180,0,0,0,1.0,1,1.0,1,1.0,1,0.14878544827379311,30
292,2,421,240,181,0,0,0,1.0,1,1.0,1,1.0,1,0.13093797919834038,32
293,1,422,240,182,0,0,0,1.0,1,1.0,1,1.0,1,0.10805753009413378,32
294,0,422,240,182,0,0,0,1.0,1,1.0,1,1.0,1,0.10805753009413378,32
295,0,422,240,182,0,0,0,1.0,1,1.0,1,1.0,1,0.10671920362391142,34
296,0,422,240,182,0,0,0,1.0,1,1.0,1,1.0,1,0.10671920362391142,34
297,0,422,240,182,0,0,0,1.0,1,1.0,1,1.0,1,0.10671920362391142,34
298,2,424,241,183,0,0,0,1.0,1,1.0,1,1.0,1,0.07141196309636966,35
299,0,424,241,183,0,0,0,1.0,1,1.0,1,1.0,1,0.10671130710798811,35
300,2,426,243,183,0,0,0,1.0,1,1.0,1,1.0,1,0.14620536815020388,35
301,5,431,244,187,0,0,0,1.0,1,1.0,1,1.0,1,0.05644562062629424,38
302,1,432,245,187,0,0,0,1.0,1,1.0,1,1.0,1,0.0514905582594747,38
303,1,433,246,187,0,0,0,1.0,1,1.0,1,1.0,1,0.07287482382543219,37
304,2,435,246,189,0,0,0,1.0,1,1.0,1,1.0,1,0.10673913657570508,37
305,3,438,247,191,0,0,0,1.0,1,1.0,1,1.0,1,0.12934257386320985,36
306,1,439,248,191,0,0,0,1.0,1,1.0,1,1.0,1,0.14386925338064446,36
307,0,439,248,191,0,0,0,1.0,1,1.0,1,1.0,1,0.15392671501207741,35
308,0,439,248,191,0,0,0,1.0,1,1.0,1,1.0,1,0.143805675783622,37
309,1,440,248,192,0,0,0,1.0,1,1.0,1,1.0,1,0.130982632055609,37
310,0,440,248,192,0,0,0,1.0,1,1.0,1,1.0,1,0.130982632055609,37
311,1,441,249,192,0,0,0,1.0,1,1.0,1,1.0,1,0.09252972902963191,39
312,2,443,249,194,0,0,0,1.0,1,1.0,1,1.0,1,0.05846121362965591,40
313,0,443,249,194,0,0,0,1.0,1,1.0,1,1.0,1,0.055950938368153263,39
314,2,445,251,194,0,0,0,1.0,1,1.0,1,1.0,1,0.08644772697334271,40
315,1,446,252,194,0,0,0,1.0,1,1.0,1,1.0,1,0.09429508699709827,39
316,0,446,252,194,0,0,0,1.0,1,1.0,1,1.0,1,0.09429508699709827,39
317,2,448,252,196,0,0,0,1.0,1,1.0,1,1.0,1,0.02688681508039664,40
318,1,449,253,196,0,0,0,1.0,1,1.0,1,1.0,1,0.07377686874066423,41
319,1,450,254,196,0,0,0,1.0,1,1.0,1,1.0,1,0.03407232927481895,41
320,0,450,254,196,0,0,0,1.0,1,1.0,1,1.0,1,0.034027734663398555,41
321,1,451,255,196,0,0,0,1.0,1,1.0,1,1.0,1,0.051933809694155716,41
322,2,453,257,196,0,0,0,1.0,1,1.0,1,1.0,1,0.05520739787542938,41
323,0,453,257,196,0,0,0,1.0,1,1.0,1,1.0,1,0.05520739787542938,41
324,3,456,259,197,0,0,0,1.0,1,1.0,1,1.0,1,0.10557021402288988,42
325,3,459,260,199,0,0,0,1.0,1,1.0,1,1.0,1,0.0945291667048576,42
326,1,460,261,199,0,0,0,1.0,1,1.0,1,1.0,1,0.13806290090955192,42
327,0,460,261,199,0,0,0,1.0,1,1.0,1,1.0,1,0.13806290090955192,42
328,0,460,261,199,0,0,0,1.0,1,1.0,1,1.0,1,0.13884477716800828,43
329,2,462,261,201,0,0,0,1.0,1,1.0,1,1.0,1,0.11851521469912471,43
330,0,462,261,201,0,0,0,1.0,1,1.0,1,1.0,1,0.1150590647293165,45
331,0,462,261,201,0,0,0,1.0,1,1.0,1,1.0,1,0.1150590647293165,45
332,0,462,261,201,0,0,0,1.0,1,1.0,1,1.0,1,0.09375853794701064,45
333,0,462,261,201,0,0,0,1.0,1,1.0,1,1.0,1,0.09612780794848834,46
334,2,464,262,202,0,0,0,1.0,1,1.0,1,1.0,1,0.047940038452170174,48
335,1,465,263,202,0,0,0,1.0,1,1.0,1,1.0,1,0.07593415624960416,48
336,1,466,264,202,0,0,0,1.0,1,1.0,1,1.0,1,0.11270697648893509,48
337,1,467,264,203,0,0,0,1.0,1,1.0,1,1.0,1,0.10792119677074692,49
338,1,468,264,204,0,0,0,1.0,1,1.0,1,1.0,1,0.08724450955818075,50
339,1,469,265,204,0,0,0,1.0,1,1.0,1,1.0,1,0.12166710646913166,50
340,1,470,265,205,0,0,0,1.0,1,1.0,1,1.0,1,0.1017870911954244,50
341,0,470,265,205,0,0,0,1.0,1,1.0,1,1.0,1,0.11387042968898597,51
342,0,470,265,205,0,0,0,1.0,1,1.0,1,1.0,1,0.11387042968898597,51
343,1,471,266,205,0,0,0,1.0,1,1.0,1,1.0,1,0.0905688385644795,51
344,1,472,266,206,0,0,0,1.0,1,1.0,1,1.0,1,0.06142232913298811,50
345,0,472,266,206,0,0,0,1.0,1,1.0,1,1.0,1,0.07543478734673183,51
346,2,474,267,207,0,0,0,1.0,1,1.0,1,1.0,1,0.08315103305758248,51
347,6,480,272,208,0,0,0,1.0,1,1.0,1,1.0,1,0.08892898177769372,51
348,1,481,273,208,0,0,0,1.0,1,1.0,1,1.0,1,0.06839563167599198,53
349,2,483,274,209,0,0,0,1.0,1,1.0,1,1.0,1,0.07532411786554999,55
350,0,483,274,209,0,0,0,1.0,1,1.0,1,1.0,1,0.09451389637335716,54
351,2,485,276,209,0,0,0,1.0,1,1.0,1,1.0,1,0.08298514535139596,54
352,1,486,277,209,0,0,0,1.0,1,1.0,1,1.0,1,0.116331075939089,53
353,3,489,279,210,0,0,0,1.0,1,1.0,1,1.0,1,0.0953779299469659,53
354,1,490,280,210,0,0,0,1.0,1,1.0,1,1.0,1,0.11701935310998747,50
355,1,491,281,210,0,0,0,1.0,1,1.0,1,1.0,1,0.1250161681185891,51
356,1,492,282,210,0,0,0,1.0,1,1.0,1,1.0,1,0.12235606919524128,51
357,5,497,285,212,0,0,0,1.0,1,1.0,1,1.0,1,0.12110301984885936,50
358,3,500,287,213,0,0,0,1.0,1,1.0,1,1.0,1,0.12702347870421418,48
359,1,501,288,213,0,0,0,1.0,1,1.0,1,1.0,1,0.14253387459720676,47
360,0,501,288,213,0,0,0,1.0,1,1.0,1,1.0,1,0.13720131537153987,45
361,2,503,288,215,0,0,0,1.0,1,1.0,1,1.0,1,0.10575521580508217,44
362,1,504,288,216,0,0,0,1.0,1,1.0,1,1.0,1,0.12488359673311804,44
363,5,509,291,218,0,0,0,1.0,1,1.0,1,1.0,1,0.08605790915414858,44
364,0,509,291,218,0,0,0,1.0,1,1.0,1,1.0,1,0.10195268148604594,43
365,4,513,294,219,0,0,0,1.0,1,1.0,1,1.0,1,0.10953194756200291,43
366,2,515,295,220,0,0,0,1.0,1,1.0,1,1.0,1,0.05633317555481891,45
367,1,516,296,220,0,0,0,1.0,1,1.0,1,1.0,1,0.12505139142636237,44
368,0,516,296,220,0,0,0,1.0,1,1.0,1,1.0,1,0.10379878187062189,46
369,2,518,297,221,0,0,0,1.0,1,1.0,1,1.0,1,0.11013631837871468,45
370,1,519,297,222,0,0,0,1.0,1,1.0,1,1.0,1,0.09624062497893231,46
371,1,520,297,223,0,0,0,1.0,1,1.0,1,1.0,1,0.10177743745752575,47
372,1,521,297,224,0,0,0,1.0,1,1.0,1,1.0,1,0.08510294536731426,48
373,0,521,297,224,0,0,0,1.0,1,1.0,1,1.0,1,0.08510294536731426,48
374,2,523,298,225,0,0,0,1.0,1,1.0,1,1.0,1,0.07667048252817343,49
375,0,523,298,225,0,0,0,1.0,1,1.0,1,1.0,1,0.07667048252817343,49
376,3,526,300,226,0,0,0,1.0,1,1.0,1,1.0,1,0.08974988536686573,49
377,5,531,304,227,0,0,0,1.0,1,1.0,1,1.0,1,0.09518559524096293,49
378,1,532,305,227,0,0,0,1.0,1,1.0,1,1.0,1,0.06922880564597132,49
379,0,532,305,227,0,0,0,1.0,1,1.0,1,1.0,1,0.07959508257409538,50
380,1,533,306,227,0,0,0,1.0,1,1.0,1,1.0,1,0.09765969223010547,50
381,5,538,308,230,0,0,0,1.0,1,1.0,1,1.0,1,0.05476272587598448,51
382,1,539,309,230,0,0,0,1.0,1,1.0,1,1.0,1,0.059801991219111734,50
383,1,540,309,231,0,0,0,1.0,1,1.0,1,1.0,1,0.06376673398774703,51
384,1,541,310,231,0,0,0,1.0,1,1.0,1,1.0,1,0.07189092687786536,50
385,1,542,310,232,0,0,0,1.0,1,1.0,1,1.0,1,0.06952177047757187,50
386,0,542,310,232,0,0,0,1.0,1,1.0,1,1.0,1,0.06984379627876071,48
387,1,543,310,233,0,0,0,1.0,1,1.0,1,1.0,1,0.06798475521681452,47
388,0,543,310,233,0,0,0,1.0,1,1.0,1,1.0,1,0.08406924973830097,48
389,4,547,311,236,0,0,0,1.0,1,1.0,1,1.0,1,0.03535682358524116,47
390,1,548,312,236,0,0,0,1.0,1,1.0,1,1.0,1,0.08449223505983416,49
391,2,550,314,236,0,0,0,1.0,1,1.0,1,1.0,1,0.08071892528092643,46
392,0,550,314,236,0,0,0,1.0,1,1.0,1,1.0,1,0.11053964370506365,46
393,7,557,318,239,0,0,0,1.0,1,1.0,1,1.0,1,0.13335844376840625,44
394,0,557,318,239,0,0,0,1.0,1,1.0,1,1.0,1,0.13980926047620326,43
395,0,557,318,239,0,0,0,1.0,1,1.0,1,1.0,1,0.14463097793858215,42
396,1,558,319,239,0,0,0,1.0,1,1.0,1,1.0,1,0.19193301490884618,39
397,4,562,320,242,0,0,0,1.0,1,1.0,1,1.0,1,0.21241166984715243,39
398,0,562,320,242,0,0,0,1.0,1,1.0,1,1.0,1,0.2105940666332934,36
399,1,563,320,243,0,0,0,1.0,1,1.0,1,1.0,1,0.18803391027173721,36
400,1,564,321,243,0,0,0,1.0,1,1.0,1,1.0,1,0.19445649791151026,34
401,1,565,322,243,0,0,0,1.0,1,1.0,1,1.0,1,0.16237352540990974,33
402,0,565,322,243,0,0,0,1.0,1,1.0,1,1.0,1,0.13535416210725185,34
403,0,565,322,243,0,0,0,1.0,1,1.0,1,1.0,1,0.14462898375978941,36
404,0,565,322,243,0,0,0,1.0,1,1.0,1,1.0,1,0.14462898375978941,36
405,0,565,322,243,0,0,0,1.0,1,1.0,1,1.0,1,0.13027577144869545,37
406,0,565,322,243,0,0,0,1.0,1,1.0,1,1.0,1,0.13027577144869545,37
407,4,569,325,244,0,0,0,1.0,1,1.0,1,1.0,1,0.10561278891840022,39
408,3,572,328,244,0,0,0,1.0,1,1.0,1,1.0,1,0.1548187111167162,40
409,3,575,330,245,0,0,0,1.0,1,1.0,1,1.0,1,0.18343437994340725,41
410,3,578,332,246,0,0,0,1.0,1,1.0,1,1.0,1,0.18775745917395398,42
411,1,579,332,247,0,0,0,1.0,1,1.0,1,1.0,1,0.1918302014877032,43
412,2,581,333,248,0,0,0,1.0,1,1.0,1,1.0,1,0.1858720513762585,44
413,2,583,334,249,0,0,0,1.0,1,1.0,1,1.0,1,0.1918768308605592,44
414,1,584,334,250,0,0,0,1.0,1,1.0,1,1.0,1,0.16562195821521475,45
415,0,584,334,250,0,0,0,1.0,1,1.0,1,1.0,1,0.16562195821521475,45
416,1,585,334,251,0,0,0,1.0,1,1.0,1,1.0,1,0.13618546305628915,46
417,1,586,335,251,0,0,0,1.0,1,1.0,1,1.0,1,0.1562414266085577,46
418,1,587,335,252,0,0,0,1.0,1,1.0,1,1.0,1,0.13582385465994767,47
419,0,587,335,252,0,0,0,1.0,1,1.0,1,1.0,1,0.13582385465994767,47
420,0,587,335,252,0,0,0,1.0,1,1.0,1,1.0,1,0.13582385465994767,47
421,0,587,335,252,0,0,0,1.0,1,1.0,1,1.0,1,0.13582385465994767,47
422,0,587,335,252,0,0,0,1.0,1,1.0,1,1.0,1,0.12857016642821845,49
423,0,587,335,252,0,0,0,1.0,1,1.0,1,1.0,1,0.14037841909582122,47
424,1,588,335,253,0,0,0,1.0,1,1.0,1,1.0,1,0.1402903894970729,45
425,3,591,337,254,0,0,0,1.0,1,1.0,1,1.0,1,0.1136125398616512,46
426,1,592,338,254,0,0,0,1.0,1,1.0,1,1.0,1,0.14003307499837778,46
427,4,596,340,256,0,0,0,1.0,1,1.0,1,1.0,1,0.11416675781791948,45
428,0,596,340,256,0,0,0,1.0,1,1.0,1,1.0,1,0.13486928551529637,45
429,1,597,341,256,0,0,0,1.0,1,1.0,1,1.0,1,0.10723835817326026,42
430,0,597,341,256,0,0,0,1.0,1,1.0,1,1.0,1,0.12435479541386063,40
431,2,599,343,256,0,0,0,1.0,1,1.0,1,1.0,1,0.12659104567797494,39
432,0,599,343,256,0,0,0,1.0,1,1.0,1,1.0,1,0.14747391838428658,37
433,5,604,346,258,0,0,0,1.0,1,1.0,1,1.0,1,0.0903356251404244,35
434,2,606,347,259,0,0,0,1.0,1,1.0,1,1.0,1,0.11095923941961994,33
435,0,606,347,259,0,0,0,1.0,1,1.0,1,1.0,1,0.11095923941961994,33
436,0,606,347,259,0,0,0,1.0,1,1.0,1,1.0,1,0.11095923941961994,33
437,3,609,349,260,0,0,0,1.0,1,1.0,1,1.0,1,0.059314754341312996,33
438,0,609,349,260,0,0,0,1.0,1,1.0,1,1.0,1,0.08522021164755052,32
439,4,613,353,260,0,0,0,1.0,1,1.0,1,1.0,1,0.07329986067549803,34
440,2,615,354,261,0,0,0,1.0,1,1.0,1,1.0,1,0.06959115851624019,34
441,1,616,355,261,0,0,0,1.0,1,1.0,1,1.0,1,0.11454245104648203,35
442,4,620,358,262,0,0,0,1.0,1,1.0,1,1.0,1,0.1495967382026623,37
443,5,625,361,264,0,0,0,1.0,1,1.0,1,1.0,1,0.1626969309649489,37
444,2,627,362,265,0,0,0,1.0,1,1.0,1,1.0,1,0.12196511735064364,38
445,1,628,362,266,0,0,0,1.0,1,1.0,1,1.0,1,0.07302070006407857,39
446,0,628,362,266,0,0,0,1.0,1,1.0,1,1.0,1,0.07302070006407857,39
447,0,628,362,266,0,0,0,1.0,1,1.0,1,1.0,1,0.06348609112346185,41
448,0,628,362,266,0,0,0,1.0,1,1.0,1,1.0,1,0.06348609112346185,41
449,0,628,362,266,0,0,0,1.0,1,1.0,1,1.0,1,0.08223405121011294,40
450,0,628,362,266,0,0,0,1.0,1,1.0,1,1.0,1,0.04786188787529212,40
451,0,628,362,266,0,0,0,1.0,1,1.0,1,1.0,1,0.08719794233760626,41
452,0,628,362,266,0,0,0,1.0,1,1.0,1,1.0,1,0.08719794233760626,41
453,2,630,364,266,0,0,0,1.0,1,1.0,1,1.0,1,0.11761804332214186,40
454,0,630,364,266,0,0,0,1.0,1,1.0,1,1.0,1,0.10870275856128243,41
455,3,633,367,266,0,0,0,1.0,1,1.0,1,1.0,1,0.10462591861280476,41
456,2,635,367,268,0,0,0,1.0,1,1.0,1,1.0,1,0.08330226588362807,43
457,2,637,368,269,0,0,0,1.0,1,1.0,1,1.0,1,0.0937297821422747,43
458,1,638,369,269,0,0,0,1.0,1,1.0,1,1.0,1,0.08001510695863749,43
459,0,638,369,269,0,0,0,1.0,1,1.0,1,1.0,1,0.06040793138902483,44
460,1,639,369,270,0,0,0,1.0,1,1.0,1,1.0,1,0.055934523115788046,47
461,1,640,370,270,0,0,0,1.0,1,1.0,1,1.0,1,0.06570538633549051,48
462,0,640,370,270,0,0,0,1.0,1,1.0,1,1.0,1,0.05995457467273469,49
463,0,640,370,270,0,0,0,1.0,1,1.0,1,1.0,1,0.07306805715831784,47
464,1,641,371,270,0,0,0,1.0,1,1.0,1,1.0,1,0.029863144774832966,48
465,4,645,374,271,0,0,0,1.0,1,1.0,1,1.0,1,0.041977965610282275,47
466,4,649,377,272,0,0,0,1.0,1,1.0,1,1.0,1,0.0759311431530525,46
467,2,651,379,272,0,0,0,1.0,1,1.0,1,1.0,1,0.07478454547186532,44
468,2,653,381,272,0,0,0,1.0,1,1.0,1,1.0,1,0.12737943229073456,41
469,5,658,385,273,0,0,0,1.0,1,1.0,1,1.0,1,0.09409510638307166,40
470,3,661,387,274,0,0,0,1.0,1,1.0,1,1.0,1,0.07613155502919029,39
471,2,663,389,274,0,0,0,1.0,1,1.0,1,1.0,1,0.06762446663529284,38
472,1,664,390,274,0,0,0,1.0,1,1.0,1,1.0,1,0.09665091661043648,36
473,2,666,392,274,0,0,0,1.0,1,1.0,1,1.0,1,0.06289228396195187,36
474,1,667,393,274,0,0,0,1.0,1,1.0,1,1.0,1,0.10042499950365531,34
475,1,668,394,274,0,0,0,1.0,1,1.0,1,1.0,1,0.12405057454241256,34
476,1,669,395,274,0,0,0,1.0,1,1.0,1,1.0,1,0.16797113153231766,32
477,1,670,395,275,0,0,0,1.0,1,1.0,1,1.0,1,0.15226487766144742,32
478,1,671,396,275,0,0,0,1.0,1,1.0,1,1.0,1,0.16147284182737598,30
479,0,671,396,275,0,0,0,1.0,1,1.0,1,1.0,1,0.17551399728169087,31
480,0,671,396,275,0,0,0,1.0,1,1.0,1,1.0,1,0.17087979404233544,27
481,1,672,397,275,0,0,0,1.0,1,1.0,1,1.0,1,0.14298431206755682,28
482,2,674,399,275,0,0,0,1.0,1,1.0,1,1.0,1,0.16724533777541403,28
483,3,677,401,276,0,0,0,1.0,1,1.0,1,1.0,1,0.09657173019059082,29
484,1,678,402,276,0,0,0,1.0,1,1.0,1,1.0,1,0.1314691533833961,29
485,2,680,402,278,0,0,0,1.0,1,1.0,1,1.0,1,0.05883416191323939,29
486,1,681,403,278,0,0,0,1.0,1,1.0,1,1.0,1,0.07061075596754446,31
487,0,681,403,278,0,0,0,1.0,1,1.0,1,1.0,1,0.10261721717394556,33
488,1,682,403,279,0,0,0,1.0,1,1.0,1,1.0,1,0.07970002617361446,34
489,3,685,405,280,0,0,0,1.0,1,1.0,1,1.0,1,0.13250896707745005,34
490,0,685,405,280,0,0,0,1.0,1,1.0,1,1.0,1,0.13250896707745005,34
491,1,686,406,280,0,0,0,1.0,1,1.0,1,1.0,1,0.09840980698946869,34
492,0,686,406,280,0,0,0,1.0,1,1.0,1,1.0,1,0.09840980698946869,34
493,3,689,409,280,0,0,0,1.0,1,1.0,1,1.0,1,0.0967902256252417,34
494,1,690,410,280,0,0,0,1.0,1,1.0,1,1.0,1,0.12474750148092364,36
495,0,690,410,280,0,0,0,1.0,1,1.0,1,1.0,1,0.12474750148092364,36
496,1,691,411,280,0,0,0,1.0,1,1.0,1,1.0,1,0.11731280350440701,37
497,1,692,411,281,0,0,0,1.0,1,1.0,1,1.0,1,0.07893496911487888,39
498,0,692,411,281,0,0,0,1.0,1,1.0,1,1.0,1,0.09837432229979377,40
499,1,693,412,281,0,0,0,1.0,1,1.0,1,1.0,1,0.1159085428656082,40
500,2,695,413,282,0,0,0,1.0,1,1.0,1,1.0,1,0.10158378680296598,42
501,3,698,415,283,0,0,0,1.0,1,1.0,1,1.0,1,0.0707338309165338,42
502,0,698,415,283,0,0,0,1.0,1,1.0,1,1.0,1,0.05734264880588857,42
503,3,701,418,283,0,0,0,1.0,1,1.0,1,1.0,1,0.1051351764200566,41
504,1,702,418,284,0,0,0,1.0,1,1.0,1,1.0,1,0.08981105004972971,42
505,3,705,420,285,0,0,0,1.0,1,1.0,1,1.0,1,0.1300622399872659,38
506,1,706,421,285,0,0,0,1.0,1,1.0,1,1.0,1,0.13530918809807013,37
507,2,708,422,286,0,0,0,1.0,1,1.0,1,1.0,1,0.12976395298535306,35
508,2,710,424,286,0,0,0,1.0,1,1.0,1,1.0,1,0.18139503696676504,35
509,6,716,426,290,0,0,0,1.0,1,1.0,1,1.0,1,0.12264736170849085,34
510,0,716,426,290,0,0,0,1.0,1,1.0,1,1.0,1,0.1373849543821364,34
511,0,716,426,290,0,0,0,1.0,1,1.0,1,1.0,1,0.12455880960850703,32
512,0,716,426,290,0,0,0,1.0,1,1.0,1,1.0,1,0.1523489545760512,30
513,0,716,426,290,0,0,0,1.0,1,1.0,1,1.0,1,0.14140892946073227,31
514,0,716,426,290,0,0,0,1.0,1,1.0,1,1.0,1,0.14140892946073227,31
515,1,717,426,291,0,0,0,1.0,1,1.0,1,1.0,1,0.10820928226075421,32
516,2,719,426,293,0,0,0,1.0,1,1.0,1,1.0,1,0.03974483976345966,31
517,0,719,426,293,0,0,0,1.0,1,1.0,1,1.0,1,0.016164320386974643,32
518,0,719,426,293,0,0,0,1.0,1,1.0,1,1.0,1,0.03423051347457008,31
519,2,721,428,293,0,0,0,1.0,1,1.0,1,1.0,1,0.09583526344982804,31
520,2,723,430,293,0,0,0,1.0,1,1.0,1,1.0,1,0.06807642927008443,33
521,1,724,431,293,0,0,0,1.0,1,1.0,1,1.0,1,0.0775058137217821,34
522,1,725,432,293,0,0,0,1.0,1,1.0,1,1.0,1,0.05244909964853578,34
523,0,725,432,293,0,0,0,1.0,1,1.0,1,1.0,1,0.05363681775157237,33
524,2,727,433,294,0,0,0,1.0,1,1.0,1,1.0,1,0.02672785391585918,34
525,0,727,433,294,0,0,0,1.0,1,1.0,1,1.0,1,0.02407859924466349,32
526,1,728,434,294,0,0,0,1.0,1,1.0,1,1.0,1,0.047762801818524075,32
527,0,728,434,294,0,0,0,1.0,1,1.0,1,1.0,1,0.04973409838969317,31
528,0,728,434,294,0,0,0,1.0,1,1.0,1,1.0,1,0.04973409838969317,31
529,0,728,434,294,0,0,0,1.0,1,1.0,1,1.0,1,0.07351787121340485,30
530,1,729,435,294,0,0,0,1.0,1,1.0,1,1.0,1,0.12297745511192389,30
531,1,730,436,294,0,0,0,1.0,1,1.0,1,1.0,1,0.13309196136800214,32
532,2,732,438,294,0,0,0,1.0,1,1.0,1,1.0,1,0.18827869039959536,32
533,5,737,441,296,0,0,0,1.0,1,1.0,1,1.0,1,0.16821518943099753,34
534,1,738,442,296,0,0,0,1.0,1,1.0,1,1.0,1,0.1917644478376591,34
535,2,740,443,297,0,0,0,1.0,1,1.0,1,1.0,1,0.21578043632733374,37
536,1,741,443,298,0,0,0,1.0,1,1.0,1,1.0,1,0.20304427820111173,37
537,1,742,444,298,0,0,0,1.0,1,1.0,1,1.0,1,0.23811435481386822,37
538,0,742,444,298,0,0,0,1.0,1,1.0,1,1.0,1,0.22345419417742501,38
539,0,742,444,298,0,0,0,1.0,1,1.0,1,1.0,1,0.22345419417742501,38
540,2,744,445,299,0,0,0,1.0,1,1.0,1,1.0,1,0.19248462628063778,38
541,0,744,445,299,0,0,0,1.0,1,1.0,1,1.0,1,0.17625277828117616,39
542,4,748,448,300,0,0,0,1.0,1,1.0,1,1.0,1,0.19464433885156113,40
543,1,749,449,300,0,0,0,1.0,1,1.0,1,1.0,1,0.2211216273678466,37
544,0,749,449,300,0,0,0,1.0,1,1.0,1,1.0,1,0.22233584581332375,35
545,2,751,451,300,0,0,0,1.0,1,1.0,1,1.0,1,0.18362346430784313,35
546,1,752,452,300,0,0,0,1.0,1,1.0,1,1.0,1,0.17815110784196647,35
547,2,754,454,300,0,0,0,1.0,1,1.0,1,1.0,1,0.19674598861600354,34
548,1,755,455,300,0,0,0,1.0,1,1.0,1,1.0,1,0.2334703830886394,34
549,1,756,456,300,0,0,0,1.0,1,1.0,1,1.0,1,0.26759180782561826,31
550,0,756,456,300,0,0,0,1.0,1,1.0,1,1.0,1,0.25382544611173985,30
551,2,758,458,300,0,0,0,1.0,1,1.0,1,1.0,1,0.22801922880055825,31
552,0,758,458,300,0,0,0,1.0,1,1.0,1,1.0,1,0.19129987213535787,29
553,1,759,458,301,0,0,0,1.0,1,1.0,1,1.0,1,0.14785225995649634,30
554,0,759,458,301,0,0,0,1.0,1,1.0,1,1.0,1,0.1333821480674058,30
555,2,761,458,303,0,0,0,1.0,1,1.0,1,1.0,1,0.06464920581066283,30
556,0,761,458,303,0,0,0,1.0,1,1.0,1,1.0,1,0.04898877428222528,31
557,1,762,459,303,0,0,0,1.0,1,1.0,1,1.0,1,0.1012069912541356,31
558,2,764,460,304,0,0,0,1.0,1,1.0,1,1.0,1,0.09421152804092563,31
559,1,765,461,304,0,0,0,1.0,1,1.0,1,1.0,1,0.06882019344777425,31
560,1,766,462,304,0,0,0,1.0,1,1.0,1,1.0,1,0.10475813427119345,32
561,3,769,464,305,0,0,0,1.0,1,1.0,1,1.0,1,0.1544131457841106,33
562,2,771,465,306,0,0,0,1.0,1,1.0,1,1.0,1,0.18299188595045301,33
563,3,774,467,307,0,0,0,1.0,1,1.0,1,1.0,1,0.24905217437147092,33
564,1,775,467,308,0,0,0,1.0,1,1.0,1,1.0,1,0.23736142540875757,34
565,2,777,468,309,0,0,0,1.0,1,1.0,1,1.0,1,0.18975951902071125,35
566,2,779,470,309,0,0,0,1.0,1,1.0,1,1.0,1,0.15009223642085157,36
567,1,780,470,310,0,0,0,1.0,1,1.0,1,1.0,1,0.1050095801458196,37
568,4,784,473,311,0,0,0,1.0,1,1.0,1,1.0,1,0.0771194252203407,36
569,2,786,475,311,0,0,0,1.0,1,1.0,1,1.0,1,0.04466914179664225,37
570,0,786,475,311,0,0,0,1.0,1,1.0,1,1.0,1,0.034639736758571696,38
571,2,788,477,311,0,0,0,1.0,1,1.0,1,1.0,1,0.08053060553330275,38
572,0,788,477,311,0,0,0,1.0,1,1.0,1,1.0,1,0.06481327812254345,39
573,0,788,477,311,0,0,0,1.0,1,1.0,1,1.0,1,0.06481327812254345,39
574,0,788,477,311,0,0,0,1.0,1,1.0,1,1.0,1,0.0405682113890106,41
575,0,788,477,311,0,0,0,1.0,1,1.0,1,1.0,1,0.0405682113890106,41
576,0,788,477,311,0,0,0,1.0,1,1.0,1,1.0,1,0.030541328648148826,42
577,0,788,477,311,0,0,0,1.0,1,1.0,1,1.0,1,0.030541328648148826,42
578,1,789,478,311,0,0,0,1.0,1,1.0,1,1.0,1,0.029383161344267737,41
579,0,789,478,311,0,0,0,1.0,1,1.0,1,1.0,1,0.021358010405477412,42
580,2,791,480,311,0,0,0,1.0,1,1.0,1,1.0,1,0.0701450131993199,43
581,2,793,482,311,0,0,0,1.0,1,1.0,1,1.0,1,0.08390005224335054,42
582,0,793,482,311,0,0,0,1.0,1,1.0,1,1.0,1,0.07849903710293407,41
583,4,797,486,311,0,0,0,1.0,1,1.0,1,1.0,1,0.08016952688889735,40
584,0,797,486,311,0,0,0,1.0,1,1.0,1,1.0,1,0.08204353638255087,38
585,5,802,490,312,0,0,0,1.0,1,1.0,1,1.0,1,0.15676545629247468,38
586,3,805,493,312,0,0,0,1.0,1,1.0,1,1.0,1,0.1531961447479431,37
587,2,807,495,312,0,0,0,1.0,1,1.0,1,1.0,1,0.17284827946156442,35
588,3,810,497,313,0,0,0,1.0,1,1.0,1,1.0,1,0.146696747808973,35
589,4,814,497,317,0,0,0,1.0,1,1.0,1,1.0,1,0.057486084141054786,34
590,0,814,497,317,0,0,0,1.0,1,1.0,1,1.0,1,0.048025912844853684,36
591,1,815,498,317,0,0,0,1.0,1,1.0,1,1.0,1,0.03698912520348694,35
592,0,815,498,317,0,0,0,1.0,1,1.0,1,1.0,1,0.039454657518032794,37
593,0,815,498,317,0,0,0,1.0,1,1.0,1,1.0,1,0.016003763506779168,36
594,1,816,499,317,0,0,0,1.0,1,1.0,1,1.0,1,0.05098966952043981,35
595,2,818,501,317,0,0,0,1.0,1,1.0,1,1.0,1,0.133196707955043,34
596,3,821,503,318,0,0,0,1.0,1,1.0,1,1.0,1,0.11900182957281119,34
597,3,824,505,319,0,0,0,1.0,1,1.0,1,1.0,1,0.13763272345846544,33
598,1,825,505,320,0,0,0,1.0,1,1.0,1,1.0,1,0.17106939384575015,33
599,2,827,507,320,0,0,0,1.0,1,1.0,1,1.0,1,0.19765485646864675,33
600,1,828,508,320,0,0,0,1.0,1,1.0,1,1.0,1,0.20885668452528813,33
601,1,829,508,321,0,0,0,1.0,1,1.0,1,1.0,1,0.16451210845164277,34
602,1,830,508,322,0,0,0,1.0,1,1.0,1,1.0,1,0.17549715999936727,35
603,3,833,508,325,0,0,0,1.0,1,1.0,1,1.0,1,0.13182851602970797,35
604,0,833,508,325,0,0,0,1.0,1,1.0,1,1.0,1,0.10723492048037571,35
605,2,835,508,327,0,0,0,1.0,1,1.0,1,1.0,1,0.08295404394354931,35
606,0,835,508,327,0,0,0,1.0,1,1.0,1,1.0,1,0.061135019626843944,35
607,0,835,508,327,0,0,0,1.0,1,1.0,1,1.0,1,0.061135019626843944,35
608,1,836,508,328,0,0,0,1.0,1,1.0,1,1.0,1,0.0541836032739743,36
609,0,836,508,328,0,0,0,1.0,1,1.0,1,1.0,1,0.06919120057199862,37
610,0,836,508,328,0,0,0,1.0,1,1.0,1,1.0,1,0.06919120057199862,37
611,2,838,510,328,0,0,0,1.0,1,1.0,1,1.0,1,0.05235643731408398,39
612,1,839,511,328,0,0,0,1.0,1,1.0,1,1.0,1,0.07962413776991883,39
613,2,841,512,329,0,0,0,1.0,1,1.0,1,1.0,1,0.10050987322643014,39
614,1,842,513,329,0,0,0,1.0,1,1.0,1,1.0,1,0.14348279707005626,39
615,0,842,513,329,0,0,0,1.0,1,1.0,1,1.0,1,0.14348279707005626,39
616,1,843,514,329,0,0,0,1.0,1,1.0,1,1.0,1,0.204374684580161,38
617,3,846,516,330,0,0,0,1.0,1,1.0,1,1.0,1,0.1729344841997594,39
618,2,848,517,331,0,0,0,1.0,1,1.0,1,1.0,1,0.19689128293020408,40
619,3,851,519,332,0,0,0,1.0,1,1.0,1,1.0,1,0.13310649976020114,39
620,0,851,519,332,0,0,0,1.0,1,1.0,1,1.0,1,0.1260331281400476,38
621,3,854,521,333,0,0,0,1.0,1,1.0,1,1.0,1,0.1002107473474296,38
622,3,857,524,333,0,0,0,1.0,1,1.0,1,1.0,1,0.024505136851584966,38
623,1,858,525,333,0,0,0,1.0,1,1.0,1,1.0,1,0.04162788140287193,37
624,3,861,528,333,0,0,0,1.0,1,1.0,1,1.0,1,0.07463693978182029,33
625,2,863,530,333,0,0,0,1.0,1,1.0,1,1.0,1,0.05871753723694391,32
626,2,865,532,333,0,0,0,1.0,1,1.0,1,1.0,1,0.08388344681968567,31
627,2,867,534,333,0,0,0,1.0,1,1.0,1,1.0,1,0.15615970122613085,30
628,3,870,537,333,0,0,0,1.0,1,1.0,1,1.0,1,0.16281388021191173,32
629,2,872,537,335,0,0,0,1.0,1,1.0,1,1.0,1,0.10086651175051835,29
630,1,873,538,335,0,0,0,1.0,1,1.0,1,1.0,1,0.14009997680339584,29
631,2,875,540,335,0,0,0,1.0,1,1.0,1,1.0,1,0.20980719513445,25
632,0,875,540,335,0,0,0,1.0,1,1.0,1,1.0,1,0.22818627573824415,24
633,2,877,541,336,0,0,0,1.0,1,1.0,1,1.0,1,0.26262695304615646,23
634,0,877,541,336,0,0,0,1.0,1,1.0,1,1.0,1,0.26262695304615646,23
635,0,877,541,336,0,0,0,1.0,1,1.0,1,1.0,1,0.29901417026713273,22
636,0,877,541,336,0,0,0,1.0,1,1.0,1,1.0,1,0.34798548197120877,22
637,3,880,541,339,0,0,0,1.0,1,1.0,1,1.0,1,0.21346906727247586,23
638,2,882,543,339,0,0,0,1.0,1,1.0,1,1.0,1,0.26589612688410347,23
639,0,882,543,339,0,0,0,1.0,1,1.0,1,1.0,1,0.265328581977412,24
640,2,884,545,339,0,0,0,1.0,1,1.0,1,1.0,1,0.26862990959650057,24
641,2,886,545,341,0,0,0,1.0,1,1.0,1,1.0,1,0.23629356128935397,25
642,0,886,545,341,0,0,0,1.0,1,1.0,1,1.0,1,0.19434657509751585,26
643,2,888,546,342,0,0,0,1.0,1,1.0,1,1.0,1,0.09441194487161894,28
644,2,890,547,343,0,0,0,1.0,1,1.0,1,1.0,1,0.044111482084296424,28
645,1,891,548,343,0,0,0,1.0,1,1.0,1,1.0,1,0.07223600697423528,28
646,0,891,548,343,0,0,0,1.0,1,1.0,1,1.0,1,0.05946373766381728,29
647,1,892,549,343,0,0,0,1.0,1,1.0,1,1.0,1,0.05750290341716569,30
648,1,893,550,343,0,0,0,1.0,1,1.0,1,1.0,1,0.06988252089993681,30
649,2,895,551,344,0,0,0,1.0,1,1.0,1,1.0,1,0.08860396239142398,31
650,0,895,551,344,0,0,0,1.0,1,1.0,1,1.0,1,0.08860396239142398,31
651,0,895,551,344,0,0,0,1.0,1,1.0,1,1.0,1,0.10445394723242622,32
652,1,896,552,344,0,0,0,1.0,1,1.0,1,1.0,1,0.0916134462729234,32
653,1,897,552,345,0,0,0,1.0,1,1.0,1,1.0,1,0.08177782018187812,33
654,2,899,554,345,0,0,0,1.0,1,1.0,1,1.0,1,0.06740818416954393,33
655,1,900,555,345,0,0,0,1.0,1,1.0,1,1.0,1,0.07787935374683344,36
656,1,901,556,345,0,0,0,1.0,1,1.0,1,1.0,1,0.10527080088567198,36
657,1,902,557,345,0,0,0,1.0,1,1.0,1,1.0,1,0.10943843345246503,35
658,1,903,558,345,0,0,0,1.0,1,1.0,1,1.0,1,0.15181376721532808,33
659,2,905,560,345,0,0,0,1.0,1,1.0,1,1.0,1,0.20475133204180535,35
660,1,906,561,345,0,0,0,1.0,1,1.0,1,1.0,1,0.15698539454271843,34
661,3,909,562,347,0,0,0,1.0,1,1.0,1,1.0,1,0.12833117709760686,33
662,0,909,562,347,0,0,0,1.0,1,1.0,1,1.0,1,0.09065745813280697,31
663,3,912,564,348,0,0,0,1.0,1,1.0,1,1.0,1,0.12531546098276958,29
664,0,912,564,348,0,0,0,1.0,1,1.0,1,1.0,1,0.11392181872490163,27
665,1,913,565,348,0,0,0,1.0,1,1.0,1,1.0,1,0.13908823218570016,27
666,2,915,565,350,0,0,0,1.0,1,1.0,1,1.0,1,0.08666166421938316,28
667,0,915,565,350,0,0,0,1.0,1,1.0,1,1.0,1,0.07545817319291181,26
668,1,916,566,350,0,0,0,1.0,1,1.0,1,1.0,1,0.1592664171784821,26
669,3,919,569,350,0,0,0,1.0,1,1.0,1,1.0,1,0.09046114598077586,25
670,0,919,569,350,0,0,0,1.0,1,1.0,1,1.0,1,0.11751786227567874,24
671,0,919,569,350,0,0,0,1.0,1,1.0,1,1.0,1,0.11751786227567874,24
672,2,921,570,351,0,0,0,1.0,1,1.0,1,1.0,1,0.1582477673702571,25
673,3,924,572,352,0,0,0,1.0,1,1.0,1,1.0,1,0.15128616882272392,25
674,1,925,572,353,0,0,0,1.0,1,1.0,1,1.0,1,0.08982497290579679,25
675,2,927,573,354,0,0,0,1.0,1,1.0,1,1.0,1,0.09314324086994755,26
676,3,930,576,354,0,0,0,1.0,1,1.0,1,1.0,1,0.07026442679679397,27
677,1,931,577,354,0,0,0,1.0,1,1.0,1,1.0,1,0.1279672380728369,28
678,0,931,577,354,0,0,0,1.0,1,1.0,1,1.0,1,0.1279672380728369,28
679,3,934,579,355,0,0,0,1.0,1,1.0,1,1.0,1,0.09764257105019958,30
680,0,934,579,355,0,0,0,1.0,1,1.0,1,1.0,1,0.1340534023160416,29
681,1,935,579,356,0,0,0,1.0,1,1.0,1,1.0,1,0.09942676707031951,29
682,0,935,579,356,0,0,0,1.0,1,1.0,1,1.0,1,0.09166475864375495,30
683,0,935,579,356,0,0,0,1.0,1,1.0,1,1.0,1,0.09166475864375495,30
684,0,935,579,356,0,0,0,1.0,1,1.0,1,1.0,1,0.09803881677701216,31
685,0,935,579,356,0,0,0,1.0,1,1.0,1,1.0,1,0.08237203815506905,30
686,2,937,581,356,0,0,0,1.0,1,1.0,1,1.0,1,0.04468030204918139,30
687,1,938,582,356,0,0,0,1.0,1,1.0,1,1.0,1,0.02663998123174247,30
688,0,938,582,356,0,0,0,1.0,1,1.0,1,1.0,1,0.04792987440167201,31
689,1,939,583,356,0,0,0,1.0,1,1.0,1,1.0,1,0.07428177155192808,32
690,0,939,583,356,0,0,0,1.0,1,1.0,1,1.0,1,0.07428177155192808,32
691,1,940,584,356,0,0,0,1.0,1,1.0,1,1.0,1,0.1265920036941816,32
692,3,943,587,356,0,0,0,1.0,1,1.0,1,1.0,1,0.15815247915495206,32
693,1,944,588,356,0,0,0,1.0,1,1.0,1,1.0,1,0.14534518363070847,34
694,2,946,590,356,0,0,0,1.0,1,1.0,1,1.0,1,0.20339110755591647,36
695,1,947,591,356,0,0,0,1.0,1,1.0,1,1.0,1,0.20580101990261904,34
696,1,948,591,357,0,0,0,1.0,1,1.0,1,1.0,1,0.1728245257799359,33
697,1,949,591,358,0,0,0,1.0,1,1.0,1,1.0,1,0.13744649716810298,33
698,2,951,593,358,0,0,0,1.0,1,1.0,1,1.0,1,0.19013712302549676,34
699,0,951,593,358,0,0,0,1.0,1,1.0,1,1.0,1,0.1729941175015303,33
700,0,951,593,358,0,0,0,1.0,1,1.0,1,1.0,1,0.15062381003223008,32
701,0,951,593,358,0,0,0,1.0,1,1.0,1,1.0,1,0.13939321107162694,33
702,3,954,595,359,0,0,0,1.0,1,1.0,1,1.0,1,0.1406715637909365,34
703,2,956,597,359,0,0,0,1.0,1,1.0,1,1.0,1,0.14751756882419148,32
704,0,956,597,359,0,0,0,1.0,1,1.0,1,1.0,1,0.13286809441468939,31
705,6,962,599,363,0,0,0,1.0,1,1.0,1,1.0,1,0.0331042350524267,33
706,2,964,600,364,0,0,0,1.0,1,1.0,1,1.0,1,0.09743656795522293,33
707,1,965,601,364,0,0,0,1.0,1,1.0,1,1.0,1,0.13515022562648446,31
708,1,966,602,364,0,0,0,1.0,1,1.0,1,1.0,1,0.16966304501001298,31
709,1,967,603,364,0,0,0,1.0,1,1.0,1,1.0,1,0.1788274610782464,30
710,0,967,603,364,0,0,0,1.0,1,1.0,1,1.0,1,0.1788274610782464,30
711,0,967,603,364,0,0,0,1.0,1,1.0,1,1.0,1,0.162474780851778,30
712,0,967,603,364,0,0,0,1.0,1,1.0,1,1.0,1,0.15806387836234595,30
713,0,967,603,364,0,0,0,1.0,1,1.0,1,1.0,1,0.1782946805031075,31
714,1,968,604,364,0,0,0,1.0,1,1.0,1,1.0,1,0.14672401984303102,31
715,1,969,604,365,0,0,0,1.0,1,1.0,1,1.0,1,0.12428493104779184,30
716,0,969,604,365,0,0,0,1.0,1,1.0,1,1.0,1,0.08689749746464043,31
717,0,969,604,365,0,0,0,1.0,1,1.0,1,1.0,1,0.1021626857621886,32
718,2,971,606,365,0,0,0,1.0,1,1.0,1,1.0,1,0.17829950397010064,32
719,3,974,608,366,0,0,0,1.0,1,1.0,1,1.0,1,0.1419568584024357,32
720,0,974,608,366,0,0,0,1.0,1,1.0,1,1.0,1,0.12092276647532088,34
721,1,975,609,366,0,0,0,1.0,1,1.0,1,1.0,1,0.15649358937273933,34
722,1,976,609,367,0,0,0,1.0,1,1.0,1,1.0,1,0.13903457037116254,34
723,1,977,609,368,0,0,0,1.0,1,1.0,1,1.0,1,0.139940043425139,35
724,1,978,609,369,0,0,0,1.0,1,1.0,1,1.0,1,0.1294424548662487,36
725,1,979,609,370,0,0,0,1.0,1,1.0,1,1.0,1,0.12748456198630112,37
726,0,979,609,370,0,0,0,1.0,1,1.0,1,1.0,1,0.12748456198630112,37
727,0,979,609,370,0,0,0,1.0,1,1.0,1,1.0,1,0.14350008760614644,38
728,1,980,609,371,0,0,0,1.0,1,1.0,1,1.0,1,0.13314138221528854,39
729,1,981,609,372,0,0,0,1.0,1,1.0,1,1.0,1,0.12334186927767209,39
730,0,981,609,372,0,0,0,1.0,1,1.0,1,1.0,1,0.1160517753566777,40
731,1,982,610,372,0,0,0,1.0,1,1.0,1,1.0,1,0.1419448140077587,40
732,1,983,610,373,0,0,0,1.0,1,1.0,1,1.0,1,0.15184383673299107,41
733,3,986,612,374,0,0,0,1.0,1,1.0,1,1.0,1,0.16273317897997633,41
734,0,986,612,374,0,0,0,1.0,1,1.0,1,1.0,1,0.15415531764293108,42
735,1,987,613,374,0,0,0,1.0,1,1.0,1,1.0,1,0.13964067681810913,42
736,0,987,613,374,0,0,0,1.0,1,1.0,1,1.0,1,0.13087809781151205,41
737,2,989,614,375,0,0,0,1.0,1,1.0,1,1.0,1,0.16623829695915862,41
738,0,989,614,375,0,0,0,1.0,1,1.0,1,1.0,1,0.14821027032219675,39
739,1,990,615,375,0,0,0,1.0,1,1.0,1,1.0,1,0.11810108125541255,39
740,0,990,615,375,0,0,0,1.0,1,1.0,1,1.0,1,0.12562231164751525,39
741,1,991,615,376,0,0,0,1.0,1,1.0,1,1.0,1,0.1029624038209296,38
742,0,991,615,376,0,0,0,1.0,1,1.0,1,1.0,1,0.10779964420233476,39
743,1,992,616,376,0,0,0,1.0,1,1.0,1,1.0,1,0.10105266316168605,39
744,3,995,619,376,0,0,0,1.0,1,1.0,1,1.0,1,0.08752741370843495,39
745,3,998,622,376,0,0,0,1.0,1,1.0,1,1.0,1,0.11848460743900417,39
746,3,1001,625,376,0,0,0,1.0,1,1.0,1,1.0,1,0.12989873200484747,40
747,1,1002,626,376,0,0,0,1.0,1,1.0,1,1.0,1,0.13159019402467975,41
748,1,1003,627,376,0,0,0,1.0,1,1.0,1,1.0,1,0.11496746687502471,41
749,0,1003,627,376,0,0,0,1.0,1,1.0,1,1.0,1,0.11496746687502471,41
750,3,1006,630,376,0,0,0,1.0,1,1.0,1,1.0,1,0.1437882228477406,39
751,2,1008,632,376,0,0,0,1.0,1,1.0,1,1.0,1,0.11346413822516571,41
752,4,1012,636,376,0,0,0,1.0,1,1.0,1,1.0,1,0.16674912828936275,41
753,4,1016,636,380,0,0,0,1.0,1,1.0,1,1.0,1,0.15100748082836707,41
754,2,1018,638,380,0,0,0,1.0,1,1.0,1,1.0,1,0.19037656789832194,41
755,2,1020,638,382,0,0,0,1.0,1,1.0,1,1.0,1,0.19863052814258997,41
756,0,1020,638,382,0,0,0,1.0,1,1.0,1,1.0,1,0.19863052814258997,41
757,4,1024,639,385,0,0,0,1.0,1,1.0,1,1.0,1,0.2117542450618274,39
758,0,1024,639,385,0,0,0,1.0,1,1.0,1,1.0,1,0.1981776928447756,39
759,0,1024,639,385,0,0,0,1.0,1,1.0,1,1.0,1,0.1983038492085016,39
760,0,1024,639,385,0,0,0,1.0,1,1.0,1,1.0,1,0.2161294021965477,40
761,2,1026,639,387,0,0,0,1.0,1,1.0,1,1.0,1,0.16764157563330995,41
762,0,1026,639,387,0,0,0,1.0,1,1.0,1,1.0,1,0.16706579027650675,42
763,0,1026,639,387,0,0,0,1.0,1,1.0,1,1.0,1,0.18177741362041108,43
764,3,1029,639,390,0,0,0,1.0,1,1.0,1,1.0,1,0.14979940498227437,43
765,1,1030,639,391,0,0,0,1.0,1,1.0,1,1.0,1,0.1017601415902771,45
766,1,1031,640,391,0,0,0,1.0,1,1.0,1,1.0,1,0.1109083308204673,45
767,1,1032,640,392,0,0,0,1.0,1,1.0,1,1.0,1,0.100212218587151,46
768,0,1032,640,392,0,0,0,1.0,1,1.0,1,1.0,1,0.0915753391709916,45
769,1,1033,641,392,0,0,0,1.0,1,1.0,1,1.0,1,0.13137021714965455,46
770,0,1033,641,392,0,0,0,1.0,1,1.0,1,1.0,1,0.11766282845873607,47
771,3,1036,644,392,0,0,0,1.0,1,1.0,1,1.0,1,0.1328153182611585,47
772,0,1036,644,392,0,0,0,1.0,1,1.0,1,1.0,1,0.12230454104956773,46
773,2,1038,646,392,0,0,0,1.0,1,1.0,1,1.0,1,0.09723000329233245,45
774,0,1038,646,392,0,0,0,1.0,1,1.0,1,1.0,1,0.07438185533674418,45
775,2,1040,648,392,0,0,0,1.0,1,1.0,1,1.0,1,0.10887653591901422,45
776,0,1040,648,392,0,0,0,1.0,1,1.0,1,1.0,1,0.10367169441428443,43
777,1,1041,648,393,0,0,0,1.0,1,1.0,1,1.0,1,0.10251004467620288,44
778,2,1043,650,393,0,0,0,1.0,1,1.0,1,1.0,1,0.1422557984748092,45
779,0,1043,650,393,0,0,0,1.0,1,1.0,1,1.0,1,0.1422557984748092,45
780,2,1045,652,393,0,0,0,1.0,1,1.0,1,1.0,1,0.2054277808299191,45
781,0,1045,652,393,0,0,0,1.0,1,1.0,1,1.0,1,0.19144918697889976,46
782,1,1046,652,394,0,0,0,1.0,1,1.0,1,1.0,1,0.21574762290373195,47
783,1,1047,652,395,0,0,0,1.0,1,1.0,1,1.0,1,0.19496367671646117,46
784,0,1047,652,395,0,0,0,1.0,1,1.0,1,1.0,1,0.20243065782761638,45
785,1,1048,652,396,0,0,0,1.0,1,1.0,1,1.0,1,0.18581754166130723,43
786,1,1049,652,397,0,0,0,1.0,1,1.0,1,1.0,1,0.15565196349754096,43
787,2,1051,653,398,0,0,0,1.0,1,1.0,1,1.0,1,0.12954050927837804,43
788,0,1051,653,398,0,0,0,1.0,1,1.0,1,1.0,1,0.14466179599405088,44
789,2,1053,654,399,0,0,0,1.0,1,1.0,1,1.0,1,0.10055792017722226,46
790,3,1056,656,400,0,0,0,1.0,1,1.0,1,1.0,1,0.1469796715552083,46
791,0,1056,656,400,0,0,0,1.0,1,1.0,1,1.0,1,0.1821948774925027,46
792,2,1058,657,401,0,0,0,1.0,1,1.0,1,1.0,1,0.1902832110658154,47
793,3,1061,657,404,0,0,0,1.0,1,1.0,1,1.0,1,0.17064068409105437,48
794,2,1063,657,406,0,0,0,1.0,1,1.0,1,1.0,1,0.17083283174617211,48
795,0,1063,657,406,0,0,0,1.0,1,1.0,1,1.0,1,0.1774174037282557,47
796,0,1063,657,406,0,0,0,1.0,1,1.0,1,1.0,1,0.21400081752868488,45
797,5,1068,657,411,0,0,0,1.0,1,1.0,1,1.0,1,0.16721684460198483,47
798,1,1069,657,412,0,0,0,1.0,1,1.0,1,1.0,1,0.17260753567564052,48
799,0,1069,657,412,0,0,0,1.0,1,1.0,1,1.0,1,0.17260753567564052,48
800,2,1071,659,412,0,0,0,1.0,1,1.0,1,1.0,1,0.18612465347352047,48
801,3,1074,660,414,0,0,0,1.0,1,1.0,1,1.0,1,0.14379328648886594,49
802,3,1077,662,415,0,0,0,1.0,1,1.0,1,1.0,1,0.18838636881905532,50
803,3,1080,662,418,0,0,0,1.0,1,1.0,1,1.0,1,0.1594270641801715,50
804,0,1080,662,418,0,0,0,1.0,1,1.0,1,1.0,1,0.1594270641801715,50
805,3,1083,663,420,0,0,0,1.0,1,1.0,1,1.0,1,0.1576168267891534,50
806,0,1083,663,420,0,0,0,1.0,1,1.0,1,1.0,1,0.14836231525441876,51
807,0,1083,663,420,0,0,0,1.0,1,1.0,1,1.0,1,0.14836231525441876,51
808,1,1084,663,421,0,0,0,1.0,1,1.0,1,1.0,1,0.14973540498788893,53
809,1,1085,663,422,0,0,0,1.0,1,1.0,1,1.0,1,0.09580285323044495,51
810,2,1087,663,424,0,0,0,1.0,1,1.0,1,1.0,1,0.08592981836487272,52
811,2,1089,665,424,0,0,0,1.0,1,1.0,1,1.0,1,0.13383601565113892,50
812,1,1090,665,425,0,0,0,1.0,1,1.0,1,1.0,1,0.11677081030179397,51
813,4,1094,667,427,0,0,0,1.0,1,1.0,1,1.0,1,0.15219181031484724,51
814,0,1094,667,427,0,0,0,1.0,1,1.0,1,1.0,1,0.15459233314764792,52
815,1,1095,668,427,0,0,0,1.0,1,1.0,1,1.0,1,0.1520905211801903,50
816,1,1096,668,428,0,0,0,1.0,1,1.0,1,1.0,1,0.1337785819344424,50
817,1,1097,669,428,0,0,0,1.0,1,1.0,1,1.0,1,0.15565836698904117,49
818,1,1098,669,429,0,0,0,1.0,1,1.0,1,1.0,1,0.14454813688580845,49
819,0,1098,669,429,0,0,0,1.0,1,1.0,1,1.0,1,0.14075863374794967,50
820,1,1099,670,429,0,0,0,1.0,1,1.0,1,1.0,1,0.14791151066902666,49
821,2,1101,671,430,0,0,0,1.0,1,1.0,1,1.0,1,0.16871759903721628,49
822,1,1102,671,431,0,0,0,1.0,1,1.0,1,1.0,1,0.15867094475871776,49
823,1,1103,671,432,0,0,0,1.0,1,1.0,1,1.0,1,0.16808076744545192,47
824,1,1104,672,432,0,0,0,1.0,1,1.0,1,1.0,1,0.1592339354590923,45
825,2,1106,672,434,0,0,0,1.0,1,1.0,1,1.0,1,0.1486079773277721,43
826,1,1107,672,435,0,0,0,1.0,1,1.0,1,1.0,1,0.12997305012465912,44
827,0,1107,672,435,0,0,0,1.0,1,1.0,1,1.0,1,0.15552465142072783,43
828,2,1109,673,436,0,0,0,1.0,1,1.0,1,1.0,1,0.15539503077351707,43
829,4,1113,674,439,0,0,0,1.0,1,1.0,1,1.0,1,0.14510379546175356,45
830,1,1114,674,440,0,0,0,1.0,1,1.0,1,1.0,1,0.13176612096191717,46
831,1,1115,674,441,0,0,0,1.0,1,1.0,1,1.0,1,0.11502755089363172,48
832,0,1115,674,441,0,0,0,1.0,1,1.0,1,1.0,1,0.12440878213085843,47
833,3,1118,674,444,0,0,0,1.0,1,1.0,1,1.0,1,0.106930764964823,47
834,0,1118,674,444,0,0,0,1.0,1,1.0,1,1.0,1,0.12791338591979196,46
835,0,1118,674,444,0,0,0,1.0,1,1.0,1,1.0,1,0.13485181191492235,45
836,0,1118,674,444,0,0,0,1.0,1,1.0,1,1.0,1,0.14784445208855893,46
837,2,1120,674,446,0,0,0,1.0,1,1.0,1,1.0,1,0.13041739176526376,46
838,1,1121,674,447,0,0,0,1.0,1,1.0,1,1.0,1,0.11168983701604719,45
839,2,1123,675,448,0,0,0,1.0,1,1.0,1,1.0,1,0.11746346727628486,46
840,0,1123,675,448,0,0,0,1.0,1,1.0,1,1.0,1,0.13083052317562444,46
841,2,1125,675,450,0,0,0,1.0,1,1.0,1,1.0,1,0.10972746219084993,46
842,2,1127,677,450,0,0,0,1.0,1,1.0,1,1.0,1,0.14146725161864965,46
843,4,1131,678,453,0,0,0,1.0,1,1.0,1,1.0,1,0.12179422917837286,46
844,0,1131,678,453,0,0,0,1.0,1,1.0,1,1.0,1,0.1234940538259456,47
845,4,1135,680,455,0,0,0,1.0,1,1.0,1,1.0,1,0.1758889423328023,48
846,1,1136,680,456,0,0,0,1.0,1,1.0,1,1.0,1,0.15060584236343863,47
847,2,1138,680,458,0,0,0,1.0,1,1.0,1,1.0,1,0.12927439006699762,48
848,3,1141,681,460,0,0,0,1.0,1,1.0,1,1.0,1,0.11117138959047157,48
849,1,1142,681,461,0,0,0,1.0,1,1.0,1,1.0,1,0.10056812665221693,48
850,0,1142,681,461,0,0,0,1.0,1,1.0,1,1.0,1,0.10396294595921304,46
851,0,1142,681,461,0,0,0,1.0,1,1.0,1,1.0,1,0.0942385017206557,45
852,0,1142,681,461,0,0,0,1.0,1,1.0,1,1.0,1,0.08166848543222599,44
853,1,1143,682,461,0,0,0,1.0,1,1.0,1,1.0,1,0.07195970396367043,44
854,2,1145,684,461,0,0,0,1.0,1,1.0,1,1.0,1,0.09961070402532966,45
855,1,1146,684,462,0,0,0,1.0,1,1.0,1,1.0,1,0.04490258535430429,46
856,1,1147,685,462,0,0,0,1.0,1,1.0,1,1.0,1,0.05457027629293598,46
857,2,1149,686,463,0,0,0,1.0,1,1.0,1,1.0,1,0.03614067671608529,47
858,0,1149,686,463,0,0,0,1.0,1,1.0,1,1.0,1,0.02654039814600898,48
859,1,1150,687,463,0,0,0,1.0,1,1.0,1,1.0,1,0.06295446934273882,48
860,1,1151,687,464,0,0,0,1.0,1,1.0,1,1.0,1,0.06391407984373088,49
861,1,1152,688,464,0,0,0,1.0,1,1.0,1,1.0,1,0.06240831843620205,49
862,0,1152,688,464,0,0,0,1.0,1,1.0,1,1.0,1,0.06240831843620205,49
863,1,1153,689,464,0,0,0,1.0,1,1.0,1,1.0,1,0.07936196622819955,48
864,0,1153,689,464,0,0,0,1.0,1,1.0,1,1.0,1,0.08148662407677824,49
865,2,1155,690,465,0,0,0,1.0,1,1.0,1,1.0,1,0.09118915445321159,48
866,3,1158,691,467,0,0,0,1.0,1,1.0,1,1.0,1,0.05575344084999956,50
867,2,1160,691,469,0,0,0,1.0,1,1.0,1,1.0,1,0.03692471900251532,50
868,2,1162,693,469,0,0,0,1.0,1,1.0,1,1.0,1,0.031964945355984424,51
869,1,1163,693,470,0,0,0,1.0,1,1.0,1,1.0,1,0.05966178522821977,49
870,1,1164,694,470,0,0,0,1.0,1,1.0,1,1.0,1,0.05432815856951947,49
871,0,1164,694,470,0,0,0,1.0,1,1.0,1,1.0,1,0.08332410261151688,49
872,0,1164,694,470,0,0,0,1.0,1,1.0,1,1.0,1,0.10579871948096659,48
873,4,1168,696,472,0,0,0,1.0,1,1.0,1,1.0,1,0.09644580147773554,49
874,1,1169,697,472,0,0,0,1.0,1,1.0,1,1.0,1,0.08956602987457155,49
875,1,1170,697,473,0,0,0,1.0,1,1.0,1,1.0,1,0.07461738417197027,50
876,2,1172,699,473,0,0,0,1.0,1,1.0,1,1.0,1,0.11610405620043324,50
877,2,1174,700,474,0,0,0,1.0,1,1.0,1,1.0,1,0.10176217347853175,50
878,3,1177,701,476,0,0,0,1.0,1,1.0,1,1.0,1,0.10426473760091691,49
879,1,1178,702,476,0,0,0,1.0,1,1.0,1,1.0,1,0.11652435895465303,49
880,1,1179,703,476,0,0,0,1.0,1,1.0,1,1.0,1,0.13655818017405338,48
881,5,1184,705,479,0,0,0,1.0,1,1.0,1,1.0,1,0.10810713286462069,49
882,0,1184,705,479,0,0,0,1.0,1,1.0,1,1.0,1,0.10431109342255089,48
883,1,1185,706,479,0,0,0,1.0,1,1.0,1,1.0,1,0.12160133790773019,50
884,2,1187,706,481,0,0,0,1.0,1,1.0,1,1.0,1,0.0870689503679599,50
885,3,1190,708,482,0,0,0,1.0,1,1.0,1,1.0,1,0.0934555055925195,49
886,1,1191,708,483,0,0,0,1.0,1,1.0,1,1.0,1,0.0824921423691407,49
887,3,1194,710,484,0,0,0,1.0,1,1.0,1,1.0,1,0.1311821915104449,49
888,0,1194,710,484,0,0,0,1.0,1,1.0,1,1.0,1,0.10197623849941113,47
889,2,1196,711,485,0,0,0,1.0,1,1.0,1,1.0,1,0.1339803664851157,46
890,0,1196,711,485,0,0,0,1.0,1,1.0,1,1.0,1,0.10228776967608331,44
891,1,1197,711,486,0,0,0,1.0,1,1.0,1,1.0,1,0.08059925705015714,45
892,1,1198,712,486,0,0,0,1.0,1,1.0,1,1.0,1,0.10204352270428556,45
893,1,1199,712,487,0,0,0,1.0,1,1.0,1,1.0,1,0.09203250127983739,45
894,0,1199,712,487,0,0,0,1.0,1,1.0,1,1.0,1,0.08157012566570897,44
895,2,1201,714,487,0,0,0,1.0,1,1.0,1,1.0,1,0.0890376030676396,45
896,1,1202,715,487,0,0,0,1.0,1,1.0,1,1.0,1,0.09306090458753864,44
897,1,1203,715,488,0,0,0,1.0,1,1.0,1,1.0,1,0.06419128583827732,44
898,1,1204,716,488,0,0,0,1.0,1,1.0,1,1.0,1,0.0489123046290901,45
899,0,1204,716,488,0,0,0,1.0,1,1.0,1,1.0,1,0.06539430615746039,44
900,0,1204,716,488,0,0,0,1.0,1,1.0,1,1.0,1,0.07159525417270746,46
901,1,1205,716,489,0,0,0,1.0,1,1.0,1,1.0,1,0.0853140262430123,45
902,2,1207,718,489,0,0,0,1.0,1,1.0,1,1.0,1,0.13951441161164158,45
903,2,1209,720,489,0,0,0,1.0,1,1.0,1,1.0,1,0.1776760365048616,44
904,1,1210,721,489,0,0,0,1.0,1,1.0,1,1.0,1,0.2072332433158014,45
905,6,1216,722,494,0,0,0,1.0,1,1.0,1,1.0,1,0.1853778685706165,45
906,1,1217,723,494,0,0,0,1.0,1,1.0,1,1.0,1,0.21419969967465602,45
907,1,1218,723,495,0,0,0,1.0,1,1.0,1,1.0,1,0.1888855191288504,46
908,0,1218,723,495,0,0,0,1.0,1,1.0,1,1.0,1,0.19004592928964603,46
909,4,1222,724,498,0,0,0,1.0,1,1.0,1,1.0,1,0.15670532020951675,46
910,1,1223,724,499,0,0,0,1.0,1,1.0,1,1.0,1,0.18403232712265755,44
911,1,1224,724,500,0,0,0,1.0,1,1.0,1,1.0,1,0.17925724240298602,45
912,0,1224,724,500,0,0,0,1.0,1,1.0,1,1.0,1,0.20126953288134544,44
913,3,1227,724,503,0,0,0,1.0,1,1.0,1,1.0,1,0.17057000091793967,45
914,2,1229,725,504,0,0,0,1.0,1,1.0,1,1.0,1,0.1593735834224681,45
915,2,1231,725,506,0,0,0,1.0,1,1.0,1,1.0,1,0.12873203842723482,45
916,0,1231,725,506,0,0,0,1.0,1,1.0,1,1.0,1,0.12873203842723482,45
917,1,1232,725,507,0,0,0,1.0,1,1.0,1,1.0,1,0.13196844971846636,46
918,1,1233,725,508,0,0,0,1.0,1,1.0,1,1.0,1,0.1205864715338357,47
919,0,1233,725,508,0,0,0,1.0,1,1.0,1,1.0,1,0.1205864715338357,47
920,1,1234,726,508,0,0,0,1.0,1,1.0,1,1.0,1,0.1182242057585661,47
921,4,1238,728,510,0,0,0,1.0,1,1.0,1,1.0,1,0.1190933547192045,49
922,3,1241,730,511,0,0,0,1.0,1,1.0,1,1.0,1,0.09905509317038481,49
923,3,1244,732,512,0,0,0,1.0,1,1.0,1,1.0,1,0.09935839986052483,47
924,1,1245,733,512,0,0,0,1.0,1,1.0,1,1.0,1,0.1075447226235383,47
925,2,1247,734,513,0,0,0,1.0,1,1.0,1,1.0,1,0.11820779150244418,47
926,2,1249,736,513,0,0,0,1.0,1,1.0,1,1.0,1,0.1565763399474043,46
927,2,1251,737,514,0,0,0,1.0,1,1.0,1,1.0,1,0.12964940649799428,45
928,0,1251,737,514,0,0,0,1.0,1,1.0,1,1.0,1,0.11022469170954181,43
929,3,1254,737,517,0,0,0,1.0,1,1.0,1,1.0,1,0.07901495602989955,42
930,0,1254,737,517,0,0,0,1.0,1,1.0,1,1.0,1,0.06191239758641446,41
931,0,1254,737,517,0,0,0,1.0,1,1.0,1,1.0,1,0.07626532940462219,40
932,1,1255,738,517,0,0,0,1.0,1,1.0,1,1.0,1,0.06233025085849313,40
933,0,1255,738,517,0,0,0,1.0,1,1.0,1,1.0,1,0.07522943889396659,39
934,0,1255,738,517,0,0,0,1.0,1,1.0,1,1.0,1,0.07522943889396659,39
935,4,1259,742,517,0,0,0,1.0,1,1.0,1,1.0,1,0.163292491380473,41
936,2,1261,742,519,0,0,0,1.0,1,1.0,1,1.0,1,0.10377705431876098,42
937,4,1265,744,521,0,0,0,1.0,1,1.0,1,1.0,1,0.17627430587384826,43
938,1,1266,744,522,0,0,0,1.0,1,1.0,1,1.0,1,0.18214115502057812,44
939,2,1268,744,524,0,0,0,1.0,1,1.0,1,1.0,1,0.17182120105526033,46
940,1,1269,744,525,0,0,0,1.0,1,1.0,1,1.0,1,0.15074811064778515,46
941,1,1270,745,525,0,0,0,1.0,1,1.0,1,1.0,1,0.1727540621519746,46
942,1,1271,745,526,0,0,0,1.0,1,1.0,1,1.0,1,0.160298170693126,46
943,0,1271,745,526,0,0,0,1.0,1,1.0,1,1.0,1,0.17158814609162182,45
944,1,1272,745,527,0,0,0,1.0,1,1.0,1,1.0,1,0.14956177766038592,45
945,5,1277,746,531,0,0,0,1.0,1,1.0,1,1.0,1,0.11763898669028422,44
946,0,1277,746,531,0,0,0,1.0,1,1.0,1,1.0,1,0.09673390610707856,46
947,0,1277,746,531,0,0,0,1.0,1,1.0,1,1.0,1,0.1037546619203853,44
948,0,1277,746,531,0,0,0,1.0,1,1.0,1,1.0,1,0.1037546619203853,44
949,5,1282,747,535,0,0,0,1.0,1,1.0,1,1.0,1,0.10253114630950239,44
950,1,1283,748,535,0,0,0,1.0,1,1.0,1,1.0,1,0.11931184603180607,43
951,0,1283,748,535,0,0,0,1.0,1,1.0,1,1.0,1,0.1446247162343871,42
952,0,1283,748,535,0,0,0,1.0,1,1.0,1,1.0,1,0.1446247162343871,42
953,1,1284,748,536,0,0,0,1.0,1,1.0,1,1.0,1,0.13963440301278976,41
954,1,1285,749,536,0,0,0,1.0,1,1.0,1,1.0,1,0.16000216320934932,40
955,0,1285,749,536,0,0,0,1.0,1,1.0,1,1.0,1,0.1531875232040485,42
956,1,1286,750,536,0,0,0,1.0,1,1.0,1,1.0,1,0.1450930022536287,43
957,1,1287,750,537,0,0,0,1.0,1,1.0,1,1.0,1,0.15274477722723845,42
958,1,1288,750,538,0,0,0,1.0,1,1.0,1,1.0,1,0.15559119264452093,43
959,2,1290,751,539,0,0,0,1.0,1,1.0,1,1.0,1,0.18853844918832124,45
960,1,1291,752,539,0,0,0,1.0,1,1.0,1,1.0,1,0.2039023452356013,47
961,1,1292,753,539,0,0,0,1.0,1,1.0,1,1.0,1,0.21218466063337338,45
962,0,1292,753,539,0,0,0,1.0,1,1.0,1,1.0,1,0.2026244303866677,45
963,2,1294,754,540,0,0,0,1.0,1,1.0,1,1.0,1,0.2204709672857348,44
964,1,1295,754,541,0,0,0,1.0,1,1.0,1,1.0,1,0.19911053898509348,44
965,1,1296,754,542,0,0,0,1.0,1,1.0,1,1.0,1,0.17323915363246514,45
966,1,1297,755,542,0,0,0,1.0,1,1.0,1,1.0,1,0.16924731959202766,43
967,1,1298,755,543,0,0,0,1.0,1,1.0,1,1.0,1,0.16032208712117463,43
968,0,1298,755,543,0,0,0,1.0,1,1.0,1,1.0,1,0.1540090501273121,43
969,1,1299,755,544,0,0,0,1.0,1,1.0,1,1.0,1,0.15420105745246662,42
970,0,1299,755,544,0,0,0,1.0,1,1.0,1,1.0,1,0.1614184146590647,42
971,1,1300,755,545,0,0,0,1.0,1,1.0,1,1.0,1,0.13533617336534415,42
972,1,1301,755,546,0,0,0,1.0,1,1.0,1,1.0,1,0.10460344822278653,42
973,0,1301,755,546,0,0,0,1.0,1,1.0,1,1.0,1,0.09880830374716978,43
974,0,1301,755,546,0,0,0,1.0,1,1.0,1,1.0,1,0.09880830374716978,43
975,0,1301,755,546,0,0,0,1.0,1,1.0,1,1.0,1,0.10300866198274447,43
976,1,1302,755,547,0,0,0,1.0,1,1.0,1,1.0,1,0.09755278695679905,45
977,1,1303,756,547,0,0,0,1.0,1,1.0,1,1.0,1,0.10636953269904868,44
978,0,1303,756,547,0,0,0,1.0,1,1.0,1,1.0,1,0.10636953269904868,44
979,0,1303,756,547,0,0,0,1.0,1,1.0,1,1.0,1,0.13907218663595225,45
980,1,1304,757,547,0,0,0,1.0,1,1.0,1,1.0,1,0.11916281677889162,45
981,1,1305,757,548,0,0,0,1.0,1,1.0,1,1.0,1,0.10522573910461377,45
982,3,1308,759,549,0,0,0,1.0,1,1.0,1,1.0,1,0.15994084910926293,46
983,1,1309,760,549,0,0,0,1.0,1,1.0,1,1.0,1,0.17547538329017243,45
984,1,1310,761,549,0,0,0,1.0,1,1.0,1,1.0,1,0.17654400197727455,45
985,6,1316,765,551,0,0,0,1.0,1,1.0,1,1.0,1,0.202026703980129,45
986,1,1317,765,552,0,0,0,1.0,1,1.0,1,1.0,1,0.17647680211308386,44
987,2,1319,766,553,0,0,0,1.0,1,1.0,1,1.0,1,0.1884779032865248,45
988,2,1321,768,553,0,0,0,1.0,1,1.0,1,1.0,1,0.2270372318739751,44
989,2,1323,768,555,0,0,0,1.0,1,1.0,1,1.0,1,0.18166940399747253,43
990,1,1324,769,555,0,0,0,1.0,1,1.0,1,1.0,1,0.19071637846076023,42
991,0,1324,769,555,0,0,0,1.0,1,1.0,1,1.0,1,0.16969097200866073,42
992,0,1324,769,555,0,0,0,1.0,1,1.0,1,1.0,1,0.16012188030131203,43
993,0,1324,769,555,0,0,0,1.0,1,1.0,1,1.0,1,0.16012188030131203,43
994,1,1325,769,556,0,0,0,1.0,1,1.0,1,1.0,1,0.16937633280819467,43
995,0,1325,769,556,0,0,0,1.0,1,1.0,1,1.0,1,0.12283829883752663,43
996,0,1325,769,556,0,0,0,1.0,1,1.0,1,1.0,1,0.13261547840998408,44
997,1,1326,770,556,0,0,0,1.0,1,1.0,1,1.0,1,0.1734716582700328,44
998,0,1326,770,556,0,0,0,1.0,1,1.0,1,1.0,1,0.1871811037522659,45
999,0,1326,770,556,0,0,0,1.0,1,1.0,1,1.0,1,0.1894707696113962,42
1000,0,1326,770,556,0,0,0,1.0,1,1.0,1,1.0,1,0.17880039848669374,43
1001,1,1327,770,557,0,0,0,1.0,1,1.0,1,1.0,1,0.14314500154043497,42
1002,0,1327,770,557,0,0,0,1.0,1,1.0,1,1.0,1,0.14178398379678858,43
1003,1,1328,770,558,0,0,0,1.0,1,1.0,1,1.0,1,0.1310389971804325,43
1004,1,1329,770,559,0,0,0,1.0,1,1.0,1,1.0,1,0.10751174571041919,43
1005,1,1330,770,560,0,0,0,1.0,1,1.0,1,1.0,1,0.10965227525133917,44
1006,1,1331,770,561,0,0,0,1.0,1,1.0,1,1.0,1,0.09166384958962363,46
1007,0,1331,770,561,0,0,0,1.0,1,1.0,1,1.0,1,0.09166384958962363,46
1008,0,1331,770,561,0,0,0,1.0,1,1.0,1,1.0,1,0.1038278334317499,47
1009,2,1333,772,561,0,0,0,1.0,1,1.0,1,1.0,1,0.10269642559473305,48
1010,1,1334,773,561,0,0,0,1.0,1,1.0,1,1.0,1,0.11840380640126816,48
1011,1,1335,774,561,0,0,0,1.0,1,1.0,1,1.0,1,0.13348489633809826,48
1012,3,1338,776,562,0,0,0,1.0,1,1.0,1,1.0,1,0.1593695603454579,49
1013,1,1339,777,562,0,0,0,1.0,1,1.0,1,1.0,1,0.16312188572613492,50
1014,1,1340,778,562,0,0,0,1.0,1,1.0,1,1.0,1,0.1845576374099855,50
1015,1,1341,778,563,0,0,0,1.0,1,1.0,1,1.0,1,0.1736608999860649,51
1016,2,1343,779,564,0,0,0,1.0,1,1.0,1,1.0,1,0.15722913146843523,51
1017,0,1343,779,564,0,0,0,1.0,1,1.0,1,1.0,1,0.16688592825276388,52
1018,1,1344,780,564,0,0,0,1.0,1,1.0,1,1.0,1,0.18383938989078646,52
1019,1,1345,780,565,0,0,0,1.0,1,1.0,1,1.0,1,0.1865457628205046,52
1020,0,1345,780,565,0,0,0,1.0,1,1.0,1,1.0,1,0.16223549370327922,53
1021,0,1345,780,565,0,0,0,1.0,1,1.0,1,1.0,1,0.16833358677688706,53
1022,0,1345,780,565,0,0,0,1.0,1,1.0,1,1.0,1,0.16035339836478885,54
1023,2,1347,780,567,0,0,0,1.0,1,1.0,1,1.0,1,0.10926218411942994,55
1024,0,1347,780,567,0,0,0,1.0,1,1.0,1,1.0,1,0.12806403173635972,55
1025,2,1349,780,569,0,0,0,1.0,1,1.0,1,1.0,1,0.09370303143309616,56
1026,0,1349,780,569,0,0,0,1.0,1,1.0,1,1.0,1,0.10284096505483104,57
1027,0,1349,780,569,0,0,0,1.0,1,1.0,1,1.0,1,0.08253346274315373,58
1028,3,1352,782,570,0,0,0,1.0,1,1.0,1,1.0,1,0.10847597599861766,58
1029,3,1355,783,572,0,0,0,1.0,1,1.0,1,1.0,1,0.10530809212901447,59
1030,0,1355,783,572,0,0,0,1.0,1,1.0,1,1.0,1,0.10037466365418828,60
1031,1,1356,784,572,0,0,0,1.0,1,1.0,1,1.0,1,0.1255708392633379,60
1032,0,1356,784,572,0,0,0,1.0,1,1.0,1,1.0,1,0.13290282834486322,61
1033,0,1356,784,572,0,0,0,1.0,1,1.0,1,1.0,1,0.1389499213484685,60
1034,4,1360,787,573,0,0,0,1.0,1,1.0,1,1.0,1,0.12617847552071604,60
1035,2,1362,789,573,0,0,0,1.0,1,1.0,1,1.0,1,0.16575038228378003,59
1036,3,1365,791,574,0,0,0,1.0,1,1.0,1,1.0,1,0.16278632559097964,60
1037,7,1372,794,578,0,0,0,1.0,1,1.0,1,1.0,1,0.12885537809960557,59
1038,1,1373,795,578,0,0,0,1.0,1,1.0,1,1.0,1,0.14081967817833715,60
1039,4,1377,798,579,0,0,0,1.0,1,1.0,1,1.0,1,0.16353302640029613,60
1040,2,1379,799,580,0,0,0,1.0,1,1.0,1,1.0,1,0.16181272970908228,58
1041,6,1385,800,585,0,0,0,1.0,1,1.0,1,1.0,1,0.09601997695104071,56
1042,0,1385,800,585,0,0,0,1.0,1,1.0,1,1.0,1,0.09002967768750163,55
1043,0,1385,800,585,0,0,0,1.0,1,1.0,1,1.0,1,0.09002967768750163,55
1044,0,1385,800,585,0,0,0,1.0,1,1.0,1,1.0,1,0.07136022388995708,52
1045,1,1386,800,586,0,0,0,1.0,1,1.0,1,1.0,1,0.03307246210749436,52
1046,1,1387,801,586,0,0,0,1.0,1,1.0,1,1.0,1,0.06929280439686113,53
1047,1,1388,802,586,0,0,0,1.0,1,1.0,1,1.0,1,0.06082404742877796,54
1048,2,1390,803,587,0,0,0,1.0,1,1.0,1,1.0,1,0.07398982310064703,56
1049,2,1392,804,588,0,0,0,1.0,1,1.0,1,1.0,1,0.07387349635681943,55
1050,1,1393,805,588,0,0,0,1.0,1,1.0,1,1.0,1,0.08697024670992168,56
1051,0,1393,805,588,0,0,0,1.0,1,1.0,1,1.0,1,0.07468968107055643,55
1052,0,1393,805,588,0,0,0,1.0,1,1.0,1,1.0,1,0.0910039274177842,56
1053,2,1395,806,589,0,0,0,1.0,1,1.0,1,1.0,1,0.0866382894349506,56
1054,1,1396,807,589,0,0,0,1.0,1,1.0,1,1.0,1,0.06874802529135425,57
1055,0,1396,807,589,0,0,0,1.0,1,1.0,1,1.0,1,0.04915245498756836,58
1056,0,1396,807,589,0,0,0,1.0,1,1.0,1,1.0,1,0.06020335861542088,59
1057,1,1397,807,590,0,0,0,1.0,1,1.0,1,1.0,1,0.06651845906010131,60
1058,1,1398,808,590,0,0,0,1.0,1,1.0,1,1.0,1,0.08991525152871274,60
1059,3,1401,809,592,0,0,0,1.0,1,1.0,1,1.0,1,0.08531773688885516,60
1060,1,1402,810,592,0,0,0,1.0,1,1.0,1,1.0,1,0.10389472304860312,60
1061,6,1408,814,594,0,0,0,1.0,1,1.0,1,1.0,1,0.09272845316075597,59
1062,0,1408,814,594,0,0,0,1.0,1,1.0,1,1.0,1,0.09468039852108757,59
1063,1,1409,815,594,0,0,0,1.0,1,1.0,1,1.0,1,0.11373395666282607,58
1064,3,1412,817,595,0,0,0,1.0,1,1.0,1,1.0,1,0.1651250166594966,58
1065,4,1416,818,598,0,0,0,1.0,1,1.0,1,1.0,1,0.09234684965509289,60
1066,0,1416,818,598,0,0,0,1.0,1,1.0,1,1.0,1,0.12342111087391824,58
1067,0,1416,818,598,0,0,0,1.0,1,1.0,1,1.0,1,0.1768332731951713,59
1068,0,1416,818,598,0,0,0,1.0,1,1.0,1,1.0,1,0.1768332731951713,59
1069,3,1419,818,601,0,0,0,1.0,1,1.0,1,1.0,1,0.16761516939454812,58
1070,4,1423,818,605,0,0,0,1.0,1,1.0,1,1.0,1,0.11921141267444056,58
1071,0,1423,818,605,0,0,0,1.0,1,1.0,1,1.0,1,0.13346087696819553,57
1072,2,1425,819,606,0,0,0,1.0,1,1.0,1,1.0,1,0.14564666600872378,56
1073,4,1429,820,609,0,0,0,1.0,1,1.0,1,1.0,1,0.12239893237578889,54
1074,1,1430,821,609,0,0,0,1.0,1,1.0,1,1.0,1,0.13844132719316077,54
1075,3,1433,823,610,0,0,0,1.0,1,1.0,1,1.0,1,0.11852545523821151,51
1076,1,1434,824,610,0,0,0,1.0,1,1.0,1,1.0,1,0.13400178162768261,51
1077,3,1437,826,611,0,0,0,1.0,1,1.0,1,1.0,1,0.13465477425705105,51
1078,1,1438,826,612,0,0,0,1.0,1,1.0,1,1.0,1,0.1365696577757783,52
1079,4,1442,830,612,0,0,0,1.0,1,1.0,1,1.0,1,0.17773649736120842,51
1080,2,1444,832,612,0,0,0,1.0,1,1.0,1,1.0,1,0.20503583150133353,51
1081,2,1446,833,613,0,0,0,1.0,1,1.0,1,1.0,1,0.22028026834732417,48
1082,1,1447,834,613,0,0,0,1.0,1,1.0,1,1.0,1,0.237153424530364,47
1083,4,1451,835,616,0,0,0,1.0,1,1.0,1,1.0,1,0.23250607112239577,46
1084,0,1451,835,616,0,0,0,1.0,1,1.0,1,1.0,1,0.22342717029260314,45
1085,2,1453,835,618,0,0,0,1.0,1,1.0,1,1.0,1,0.18319490834163107,46
1086,1,1454,835,619,0,0,0,1.0,1,1.0,1,1.0,1,0.16610672874502413,45
1087,1,1455,835,620,0,0,0,1.0,1,1.0,1,1.0,1,0.1825875188007132,44
1088,1,1456,835,621,0,0,0,1.0,1,1.0,1,1.0,1,0.16320441030939387,45
1089,0,1456,835,621,0,0,0,1.0,1,1.0,1,1.0,1,0.1810811758200411,46
1090,0,1456,835,621,0,0,0,1.0,1,1.0,1,1.0,1,0.18207010629370382,47
1091,1,1457,836,621,0,0,0,1.0,1,1.0,1,1.0,1,0.17138087328265914,47
1092,0,1457,836,621,0,0,0,1.0,1,1.0,1,1.0,1,0.16187150028189784,48
1093,2,1459,837,622,0,0,0,1.0,1,1.0,1,1.0,1,0.14975974547166065,48
1094,4,1463,839,624,0,0,0,1.0,1,1.0,1,1.0,1,0.18035788604679992,48
1095,1,1464,839,625,0,0,0,1.0,1,1.0,1,1.0,1,0.18953725544269312,49
1096,1,1465,840,625,0,0,0,1.0,1,1.0,1,1.0,1,0.21048463744130957,49
1097,5,1470,841,629,0,0,0,1.0,1,1.0,1,1.0,1,0.19091943506565115,50
1098,1,1471,841,630,0,0,0,1.0,1,1.0,1,1.0,1,0.18647545632531107,51
1099,2,1473,841,632,0,0,0,1.0,1,1.0,1,1.0,1,0.14685440135205208,54
1100,0,1473,841,632,0,0,0,1.0,1,1.0,1,1.0,1,0.14685440135205208,54
1101,1,1474,841,633,0,0,0,1.0,1,1.0,1,1.0,1,0.13517413418139482,54
1102,1,1475,841,634,0,0,0,1.0,1,1.0,1,1.0,1,0.10798287946272936,54
1103,0,1475,841,634,0,0,0,1.0,1,1.0,1,1.0,1,0.11791232689861719,53
1104,2,1477,842,635,0,0,0,1.0,1,1.0,1,1.0,1,0.12523556575847644,53
1105,4,1481,842,639,0,0,0,1.0,1,1.0,1,1.0,1,0.08519578778235166,52
1106,0,1481,842,639,0,0,0,1.0,1,1.0,1,1.0,1,0.11834496585204592,52
1107,1,1482,842,640,0,0,0,1.0,1,1.0,1,1.0,1,0.12975990021344083,52
1108,1,1483,842,641,0,0,0,1.0,1,1.0,1,1.0,1,0.11209161458039044,51
1109,3,1486,843,643,0,0,0,1.0,1,1.0,1,1.0,1,0.14209225686336854,49
1110,0,1486,843,643,0,0,0,1.0,1,1.0,1,1.0,1,0.15283754632425553,48
1111,2,1488,844,644,0,0,0,1.0,1,1.0,1,1.0,1,0.20104237630110589,47
1112,2,1490,845,645,0,0,0,1.0,1,1.0,1,1.0,1,0.2499898355768224,46
1113,2,1492,846,646,0,0,0,1.0,1,1.0,1,1.0,1,0.2673216146991596,43
1114,0,1492,846,646,0,0,0,1.0,1,1.0,1,1.0,1,0.2794524689207027,41
1115,2,1494,848,646,0,0,0,1.0,1,1.0,1,1.0,1,0.25555997961600263,40
1116,1,1495,848,647,0,0,0,1.0,1,1.0,1,1.0,1,0.23339423897399694,39
1117,3,1498,850,648,0,0,0,1.0,1,1.0,1,1.0,1,0.22047754082130164,40
1118,0,1498,850,648,0,0,0,1.0,1,1.0,1,1.0,1,0.21185476256521887,40
1119,0,1498,850,648,0,0,0,1.0,1,1.0,1,1.0,1,0.21185476256521887,40
1120,0,1498,850,648,0,0,0,1.0,1,1.0,1,1.0,1,0.21185476256521887,40
1121,2,1500,852,648,0,0,0,1.0,1,1.0,1,1.0,1,0.25928958624292814,40
1122,0,1500,852,648,0,0,0,1.0,1,1.0,1,1.0,1,0.2634879427885394,41
1123,3,1503,854,649,0,0,0,1.0,1,1.0,1,1.0,1,0.3157562759264139,41
1124,2,1505,854,651,0,0,0,1.0,1,1.0,1,1.0,1,0.2845465702778475,41
1125,5,1510,855,655,0,0,0,1.0,1,1.0,1,1.0,1,0.2781301925142401,41
1126,1,1511,855,656,0,0,0,1.0,1,1.0,1,1.0,1,0.23664618583382507,41
1127,1,1512,855,657,0,0,0,1.0,1,1.0,1,1.0,1,0.22837237202962157,41
1128,0,1512,855,657,0,0,0,1.0,1,1.0,1,1.0,1,0.2430099482095353,42
1129,2,1514,856,658,0,0,0,1.0,1,1.0,1,1.0,1,0.24747341570084555,42
1130,0,1514,856,658,0,0,0,1.0,1,1.0,1,1.0,1,0.24747341570084555,42
1131,0,1514,856,658,0,0,0,1.0,1,1.0,1,1.0,1,0.24747341570084555,42
1132,0,1514,856,658,0,0,0,1.0,1,1.0,1,1.0,1,0.21666729592013428,43
1133,3,1517,857,660,0,0,0,1.0,1,1.0,1,1.0,1,0.17292289032576416,45
1134,0,1517,857,660,0,0,0,1.0,1,1.0,1,1.0,1,0.18107032391919675,46
1135,0,1517,857,660,0,0,0,1.0,1,1.0,1,1.0,1,0.194682775759513,45
1136,0,1517,857,660,0,0,0,1.0,1,1.0,1,1.0,1,0.19625107185146262,48
1137,0,1517,857,660,0,0,0,1.0,1,1.0,1,1.0,1,0.20556067674939726,49
1138,5,1522,857,665,0,0,0,1.0,1,1.0,1,1.0,1,0.14124985099701998,49
1139,1,1523,857,666,0,0,0,1.0,1,1.0,1,1.0,1,0.16538666444733618,49
1140,1,1524,857,667,0,0,0,1.0,1,1.0,1,1.0,1,0.15605258918439158,49
1141,3,1527,858,669,0,0,0,1.0,1,1.0,1,1.0,1,0.17857147506645638,48
1142,1,1528,858,670,0,0,0,1.0,1,1.0,1,1.0,1,0.16812909025323547,48
1143,4,1532,860,672,0,0,0,1.0,1,1.0,1,1.0,1,0.1760392701321702,48
1144,0,1532,860,672,0,0,0,1.0,1,1.0,1,1.0,1,0.16756877603615059,48
1145,5,1537,860,677,0,0,0,1.0,1,1.0,1,1.0,1,0.1400697937549047,48
1146,0,1537,860,677,0,0,0,1.0,1,1.0,1,1.0,1,0.15840721402881736,48
1147,0,1537,860,677,0,0,0,1.0,1,1.0,1,1.0,1,0.18100181046435737,46
1148,0,1537,860,677,0,0,0,1.0,1,1.0,1,1.0,1,0.18100181046435737,46
1149,4,1541,860,681,0,0,0,1.0,1,1.0,1,1.0,1,0.1693709360779389,45
1150,1,1542,860,682,0,0,0,1.0,1,1.0,1,1.0,1,0.17765825551770886,46
1151,2,1544,862,682,0,0,0,1.0,1,1.0,1,1.0,1,0.21308300119671514,44
1152,0,1544,862,682,0,0,0,1.0,1,1.0,1,1.0,1,0.18773460127245048,44
1153,3,1547,865,682,0,0,0,1.0,1,1.0,1,1.0,1,0.26234638131574817,43
1154,2,1549,865,684,0,0,0,1.0,1,1.0,1,1.0,1,0.22842518915352025,43
1155,2,1551,866,685,0,0,0,1.0,1,1.0,1,1.0,1,0.2529471304881923,43
1156,2,1553,866,687,0,0,0,1.0,1,1.0,1,1.0,1,0.21385413145995139,42
1157,1,1554,866,688,0,0,0,1.0,1,1.0,1,1.0,1,0.20256832482462084,42
1158,1,1555,866,689,0,0,0,1.0,1,1.0,1,1.0,1,0.17969380893336884,41
1159,0,1555,866,689,0,0,0,1.0,1,1.0,1,1.0,1,0.17906136422625474,41
1160,0,1555,866,689,0,0,0,1.0,1,1.0,1,1.0,1,0.17906136422625474,41
1161,0,1555,866,689,0,0,0,1.0,1,1.0,1,1.0,1,0.18104454317927698,42
1162,0,1555,866,689,0,0,0,1.0,1,1.0,1,1.0,1,0.17077034009860023,43
1163,0,1555,866,689,0,0,0,1.0,1,1.0,1,1.0,1,0.17077034009860023,43
1164,0,1555,866,689,0,0,0,1.0,1,1.0,1,1.0,1,0.15601118582616064,44
1165,1,1556,866,690,0,0,0,1.0,1,1.0,1,1.0,1,0.1262550456195231,44
1166,1,1557,866,691,0,0,0,1.0,1,1.0,1,1.0,1,0.1385804740836121,46
1167,2,1559,867,692,0,0,0,1.0,1,1.0,1,1.0,1,0.139759160916415,46
1168,2,1561,867,694,0,0,0,1.0,1,1.0,1,1.0,1,0.11040772938968438,47
1169,0,1561,867,694,0,0,0,1.0,1,1.0,1,1.0,1,0.09310446859199013,46
1170,0,1561,867,694,0,0,0,1.0,1,1.0,1,1.0,1,0.09717560171290515,48
1171,2,1563,868,695,0,0,0,1.0,1,1.0,1,1.0,1,0.11307949834332959,49
1172,0,1563,868,695,0,0,0,1.0,1,1.0,1,1.0,1,0.11307949834332959,49
1173,1,1564,868,696,0,0,0,1.0,1,1.0,1,1.0,1,0.10393035776192587,49
1174,1,1565,869,696,0,0,0,1.0,1,1.0,1,1.0,1,0.12548857374441744,49
1175,1,1566,869,697,0,0,0,1.0,1,1.0,1,1.0,1,0.12360213940563028,50
1176,1,1567,869,698,0,0,0,1.0,1,1.0,1,1.0,1,0.12483205005894184,52
1177,3,1570,871,699,0,0,0,1.0,1,1.0,1,1.0,1,0.1493030615787356,52
1178,0,1570,871,699,0,0,0,1.0,1,1.0,1,1.0,1,0.1493030615787356,52
1179,0,1570,871,699,0,0,0,1.0,1,1.0,1,1.0,1,0.13004019887495716,53
1180,1,1571,872,699,0,0,0,1.0,1,1.0,1,1.0,1,0.1398257266178434,54
1181,0,1571,872,699,0,0,0,1.0,1,1.0,1,1.0,1,0.14986560996940773,55
1182,0,1571,872,699,0,0,0,1.0,1,1.0,1,1.0,1,0.14986560996940773,55
1183,1,1572,873,699,0,0,0,1.0,1,1.0,1,1.0,1,0.18386018557494066,53
1184,2,1574,874,700,0,0,0,1.0,1,1.0,1,1.0,1,0.17935255803773972,54
1185,1,1575,874,701,0,0,0,1.0,1,1.0,1,1.0,1,0.1815519322316177,53
1186,3,1578,875,703,0,0,0,1.0,1,1.0,1,1.0,1,0.19299093614383295,54
1187,2,1580,876,704,0,0,0,1.0,1,1.0,1,1.0,1,0.22602663670699893,55
1188,0,1580,876,704,0,0,0,1.0,1,1.0,1,1.0,1,0.22602663670699893,55
1189,1,1581,876,705,0,0,0,1.0,1,1.0,1,1.0,1,0.2155282079803988,54
1190,0,1581,876,705,0,0,0,1.0,1,1.0,1,1.0,1,0.20201815619530744,55
1191,2,1583,876,707,0,0,0,1.0,1,1.0,1,1.0,1,0.18118149906348682,54
1192,1,1584,876,708,0,0,0,1.0,1,1.0,1,1.0,1,0.16630783504281943,52
1193,0,1584,876,708,0,0,0,1.0,1,1.0,1,1.0,1,0.16770971026803308,53
1194,2,1586,876,710,0,0,0,1.0,1,1.0,1,1.0,1,0.12913696169835628,53
1195,1,1587,876,711,0,0,0,1.0,1,1.0,1,1.0,1,0.10491582145472379,54
1196,2,1589,876,713,0,0,0,1.0,1,1.0,1,1.0,1,0.10557506189957419,56
1197,0,1589,876,713,0,0,0,1.0,1,1.0,1,1.0,1,0.10557506189957419,56
1198,2,1591,877,714,0,0,0,1.0,1,1.0,1,1.0,1,0.0845630280254401,58
1199,1,1592,878,714,0,0,0,1.0,1,1.0,1,1.0,1,0.08794302734011913,58
1200,0,1592,878,714,0,0,0,1.0,1,1.0,1,1.0,1,0.08794302734011913,58
1201,1,1593,879,714,0,0,0,1.0,1,1.0,1,1.0,1,0.10758021751261894,58
1202,0,1593,879,714,0,0,0,1.0,1,1.0,1,1.0,1,0.08834314003793668,60
1203,0,1593,879,714,0,0,0,1.0,1,1.0,1,1.0,1,0.09401744457605077,58
1204,2,1595,880,715,0,0,0,1.0,1,1.0,1,1.0,1,0.10866537863036344,59
1205,2,1597,881,716,0,0,0,1.0,1,1.0,1,1.0,1,0.12062278395369751,59
1206,0,1597,881,716,0,0,0,1.0,1,1.0,1,1.0,1,0.1365176659806061,58
1207,2,1599,881,718,0,0,0,1.0,1,1.0,1,1.0,1,0.1242964528655428,60
1208,0,1599,881,718,0,0,0,1.0,1,1.0,1,1.0,1,0.1242964528655428,60
1209,2,1601,881,720,0,0,0,1.0,1,1.0,1,1.0,1,0.11480562688385038,61
1210,1,1602,881,721,0,0,0,1.0,1,1.0,1,1.0,1,0.10767157532925664,61
1211,1,1603,881,722,0,0,0,1.0,1,1.0,1,1.0,1,0.08667356154271343,63
1212,0,1603,881,722,0,0,0,1.0,1,1.0,1,1.0,1,0.08667356154271343,63
1213,0,1603,881,722,0,0,0,1.0,1,1.0,1,1.0,1,0.08667356154271343,63
1214,4,1607,883,724,0,0,0,1.0,1,1.0,1,1.0,1,0.1469366018514573,62
1215,3,1610,883,727,0,0,0,1.0,1,1.0,1,1.0,1,0.11713650578444222,63
1216,2,1612,884,728,0,0,0,1.0,1,1.0,1,1.0,1,0.15356977894431295,64
1217,1,1613,884,729,0,0,0,1.0,1,1.0,1,1.0,1,0.1456506064870456,65
1218,1,1614,884,730,0,0,0,1.0,1,1.0,1,1.0,1,0.15243989538993982,64
1219,2,1616,884,732,0,0,0,1.0,1,1.0,1,1.0,1,0.14844130993298962,65
1220,1,1617,884,733,0,0,0,1.0,1,1.0,1,1.0,1,0.1499638690062078,64
1221,2,1619,884,735,0,0,0,1.0,1,1.0,1,1.0,1,0.13251393499729,65
1222,1,1620,884,736,0,0,0,1.0,1,1.0,1,1.0,1,0.118564058229325,66
1223,0,1620,884,736,0,0,0,1.0,1,1.0,1,1.0,1,0.12805763487783045,64
1224,1,1621,885,736,0,0,0,1.0,1,1.0,1,1.0,1,0.11567788644258097,66
1225,3,1624,886,738,0,0,0,1.0,1,1.0,1,1.0,1,0.13125367289001813,66
1226,3,1627,887,740,0,0,0,1.0,1,1.0,1,1.0,1,0.14624186018588148,68
1227,1,1628,888,740,0,0,0,1.0,1,1.0,1,1.0,1,0.14171410728944103,64
1228,0,1628,888,740,0,0,0,1.0,1,1.0,1,1.0,1,0.15309019553513165,62
1229,2,1630,888,742,0,0,0,1.0,1,1.0,1,1.0,1,0.12763831467773684,61
1230,0,1630,888,742,0,0,0,1.0,1,1.0,1,1.0,1,0.13498686724210102,58
1231,0,1630,888,742,0,0,0,1.0,1,1.0,1,1.0,1,0.12659599559508622,57
1232,1,1631,889,742,0,0,0,1.0,1,1.0,1,1.0,1,0.15270218381426226,53
1233,1,1632,890,742,0,0,0,1.0,1,1.0,1,1.0,1,0.1678407897038049,53
1234,1,1633,890,743,0,0,0,1.0,1,1.0,1,1.0,1,0.14854789893144962,54
1235,0,1633,890,743,0,0,0,1.0,1,1.0,1,1.0,1,0.17649117035297848,55
1236,2,1635,892,743,0,0,0,1.0,1,1.0,1,1.0,1,0.201074953893315,55
1237,4,1639,892,747,0,0,0,1.0,1,1.0,1,1.0,1,0.16505058530520775,55
1238,0,1639,892,747,0,0,0,1.0,1,1.0,1,1.0,1,0.17318240415376965,54
1239,2,1641,892,749,0,0,0,1.0,1,1.0,1,1.0,1,0.158528060716837,55
1240,0,1641,892,749,0,0,0,1.0,1,1.0,1,1.0,1,0.158528060716837,55
1241,1,1642,892,750,0,0,0,1.0,1,1.0,1,1.0,1,0.1321836761421488,54
1242,0,1642,892,750,0,0,0,1.0,1,1.0,1,1.0,1,0.1409323737157127,54
1243,0,1642,892,750,0,0,0,1.0,1,1.0,1,1.0,1,0.14342822569880032,55
1244,2,1644,892,752,0,0,0,1.0,1,1.0,1,1.0,1,0.13669212487419388,55
1245,3,1647,893,754,0,0,0,1.0,1,1.0,1,1.0,1,0.13735827108975263,55
1246,1,1648,893,755,0,0,0,1.0,1,1.0,1,1.0,1,0.1510990611083392,55
1247,3,1651,894,757,0,0,0,1.0,1,1.0,1,1.0,1,0.17162317071952604,57
1248,0,1651,894,757,0,0,0,1.0,1,1.0,1,1.0,1,0.1834405169142615,56
1249,6,1657,897,760,0,0,0,1.0,1,1.0,1,1.0,1,0.20718395664850844,56
1250,1,1658,898,760,0,0,0,1.0,1,1.0,1,1.0,1,0.19823591104424063,56
1251,2,1660,898,762,0,0,0,1.0,1,1.0,1,1.0,1,0.18156065128347332,58
1252,1,1661,899,762,0,0,0,1.0,1,1.0,1,1.0,1,0.17217368404290487,58
1253,5,1666,901,765,0,0,0,1.0,1,1.0,1,1.0,1,0.17689684386991966,58
1254,1,1667,901,766,0,0,0,1.0,1,1.0,1,1.0,1,0.14272555987906665,60
1255,2,1669,901,768,0,0,0,1.0,1,1.0,1,1.0,1,0.13411146665934756,61
1256,0,1669,901,768,0,0,0,1.0,1,1.0,1,1.0,1,0.13411146665934756,61
1257,1,1670,902,768,0,0,0,1.0,1,1.0,1,1.0,1,0.1611469338418405,62
1258,4,1674,902,772,0,0,0,1.0,1,1.0,1,1.0,1,0.14273786529061544,63
1259,0,1674,902,772,0,0,0,1.0,1,1.0,1,1.0,1,0.14273786529061544,63
1260,1,1675,902,773,0,0,0,1.0,1,1.0,1,1.0,1,0.1266922003654004,63
1261,1,1676,902,774,0,0,0,1.0,1,1.0,1,1.0,1,0.11889008494499809,63
1262,1,1677,902,775,0,0,0,1.0,1,1.0,1,1.0,1,0.11905408397312123,64
1263,1,1678,903,775,0,0,0,1.0,1,1.0,1,1.0,1,0.15340077036527572,63
1264,0,1678,903,775,0,0,0,1.0,1,1.0,1,1.0,1,0.14209339538090981,63
1265,5,1683,906,777,0,0,0,1.0,1,1.0,1,1.0,1,0.16199744920980852,60
1266,2,1685,906,779,0,0,0,1.0,1,1.0,1,1.0,1,0.14678062177194376,61
1267,1,1686,907,779,0,0,0,1.0,1,1.0,1,1.0,1,0.13771223010161912,58
1268,1,1687,908,779,0,0,0,1.0,1,1.0,1,1.0,1,0.17673966602720448,54
1269,3,1690,908,782,0,0,0,1.0,1,1.0,1,1.0,1,0.11652840279408506,54
1270,0,1690,908,782,0,0,0,1.0,1,1.0,1,1.0,1,0.10897192902089083,51
1271,0,1690,908,782,0,0,0,1.0,1,1.0,1,1.0,1,0.11573334969935131,50
1272,0,1690,908,782,0,0,0,1.0,1,1.0,1,1.0,1,0.13441401697820404,47
1273,0,1690,908,782,0,0,0,1.0,1,1.0,1,1.0,1,0.13441401697820404,47
1274,2,1692,908,784,0,0,0,1.0,1,1.0,1,1.0,1,0.13095461399235647,49
1275,3,1695,910,785,0,0,0,1.0,1,1.0,1,1.0,1,0.1523545338022154,48
1276,1,1696,911,785,0,0,0,1.0,1,1.0,1,1.0,1,0.18777002550190866,49
1277,7,1703,915,788,0,0,0,1.0,1,1.0,1,1.0,1,0.1730902732233099,50
1278,4,1707,915,792,0,0,0,1.0,1,1.0,1,1.0,1,0.15483509957488717,51
1279,0,1707,915,792,0,0,0,1.0,1,1.0,1,1.0,1,0.15483509957488717,51
1280,0,1707,915,792,0,0,0,1.0,1,1.0,1,1.0,1,0.14485075205090375,52
1281,1,1708,915,793,0,0,0,1.0,1,1.0,1,1.0,1,0.13734945095041767,52
1282,0,1708,915,793,0,0,0,1.0,1,1.0,1,1.0,1,0.13734945095041767,52
1283,1,1709,916,793,0,0,0,1.0,1,1.0,1,1.0,1,0.17387156665984455,52
1284,3,1712,917,795,0,0,0,1.0,1,1.0,1,1.0,1,0.18275028539511734,52
1285,4,1716,917,799,0,0,0,1.0,1,1.0,1,1.0,1,0.17590858717147417,51
1286,1,1717,917,800,0,0,0,1.0,1,1.0,1,1.0,1,0.175755270158354,52
1287,2,1719,918,801,0,0,0,1.0,1,1.0,1,1.0,1,0.19190285999224743,54
1288,1,1720,918,802,0,0,0,1.0,1,1.0,1,1.0,1,0.18358651733798687,55
1289,4,1724,918,806,0,0,0,1.0,1,1.0,1,1.0,1,0.1343577364275012,56
1290,1,1725,918,807,0,0,0,1.0,1,1.0,1,1.0,1,0.10819021830976268,57
1291,1,1726,918,808,0,0,0,1.0,1,1.0,1,1.0,1,0.1098650403298176,58
1292,0,1726,918,808,0,0,0,1.0,1,1.0,1,1.0,1,0.10361161315049013,59
1293,1,1727,918,809,0,0,0,1.0,1,1.0,1,1.0,1,0.09654353381048264,59
1294,1,1728,919,809,0,0,0,1.0,1,1.0,1,1.0,1,0.08871578582147409,59
1295,0,1728,919,809,0,0,0,1.0,1,1.0,1,1.0,1,0.08871578582147409,59
1296,0,1728,919,809,0,0,0,1.0,1,1.0,1,1.0,1,0.11683978874495278,59
1297,1,1729,919,810,0,0,0,1.0,1,1.0,1,1.0,1,0.11155622016928493,61
1298,2,1731,919,812,0,0,0,1.0,1,1.0,1,1.0,1,0.11680584327197477,61
1299,1,1732,919,813,0,0,0,1.0,1,1.0,1,1.0,1,0.11976186821287803,60
1300,0,1732,919,813,0,0,0,1.0,1,1.0,1,1.0,1,0.11812318219584118,59
1301,6,1738,920,818,0,0,0,1.0,1,1.0,1,1.0,1,0.11998871777430144,59
1302,0,1738,920,818,0,0,0,1.0,1,1.0,1,1.0,1,0.11998871777430144,59
1303,2,1740,922,818,0,0,0,1.0,1,1.0,1,1.0,1,0.15977709432319967,55
1304,0,1740,922,818,0,0,0,1.0,1,1.0,1,1.0,1,0.14772048755556488,56
1305,5,1745,923,822,0,0,0,1.0,1,1.0,1,1.0,1,0.1379202736642972,54
1306,0,1745,923,822,0,0,0,1.0,1,1.0,1,1.0,1,0.12737238812895033,53
1307,2,1747,925,822,0,0,0,1.0,1,1.0,1,1.0,1,0.14234720787886668,52
1308,2,1749,927,822,0,0,0,1.0,1,1.0,1,1.0,1,0.20347280359166153,52
1309,6,1755,928,827,0,0,0,1.0,1,1.0,1,1.0,1,0.18135523083107039,54
1310,1,1756,929,827,0,0,0,1.0,1,1.0,1,1.0,1,0.20196440329279863,52
1311,1,1757,929,828,0,0,0,1.0,1,1.0,1,1.0,1,0.180897950623072,51
1312,1,1758,930,828,0,0,0,1.0,1,1.0,1,1.0,1,0.22466100325252347,49
1313,1,1759,930,829,0,0,0,1.0,1,1.0,1,1.0,1,0.2145594003556733,47
1314,1,1760,930,830,0,0,0,1.0,1,1.0,1,1.0,1,0.1898670371237932,46
1315,0,1760,930,830,0,0,0,1.0,1,1.0,1,1.0,1,0.20088927856711186,45
1316,1,1761,930,831,0,0,0,1.0,1,1.0,1,1.0,1,0.17827480402796164,46
1317,1,1762,930,832,0,0,0,1.0,1,1.0,1,1.0,1,0.1530278103443395,45
1318,1,1763,930,833,0,0,0,1.0,1,1.0,1,1.0,1,0.15416208542193885,46
1319,1,1764,930,834,0,0,0,1.0,1,1.0,1,1.0,1,0.14327281857113316,46
1320,0,1764,930,834,0,0,0,1.0,1,1.0,1,1.0,1,0.14327281857113316,46
1321,1,1765,930,835,0,0,0,1.0,1,1.0,1,1.0,1,0.10910541157245184,48
1322,0,1765,930,835,0,0,0,1.0,1,1.0,1,1.0,1,0.12299325039418131,49
1323,1,1766,930,836,0,0,0,1.0,1,1.0,1,1.0,1,0.11787586850986934,49
1324,1,1767,930,837,0,0,0,1.0,1,1.0,1,1.0,1,0.1225866273708239,50
1325,1,1768,930,838,0,0,0,1.0,1,1.0,1,1.0,1,0.1296968313231513,49
1326,2,1770,931,839,0,0,0,1.0,1,1.0,1,1.0,1,0.17531373345646897,50
1327,3,1773,932,841,0,0,0,1.0,1,1.0,1,1.0,1,0.17951221090000916,50
1328,0,1773,932,841,0,0,0,1.0,1,1.0,1,1.0,1,0.198031154833178,49
1329,4,1777,932,845,0,0,0,1.0,1,1.0,1,1.0,1,0.15098593574862096,50
1330,0,1777,932,845,0,0,0,1.0,1,1.0,1,1.0,1,0.15098593574862096,50
1331,1,1778,933,845,0,0,0,1.0,1,1.0,1,1.0,1,0.17920688853862785,50
1332,1,1779,934,845,0,0,0,1.0,1,1.0,1,1.0,1,0.1650205076855644,51
1333,2,1781,934,847,0,0,0,1.0,1,1.0,1,1.0,1,0.15052417560545667,52
1334,3,1784,934,850,0,0,0,1.0,1,1.0,1,1.0,1,0.1290240180056869,54
1335,1,1785,934,851,0,0,0,1.0,1,1.0,1,1.0,1,0.1207911787658467,54
1336,0,1785,934,851,0,0,0,1.0,1,1.0,1,1.0,1,0.11179538529321832,56
1337,4,1789,936,853,0,0,0,1.0,1,1.0,1,1.0,1,0.1682304192860255,57
1338,1,1790,936,854,0,0,0,1.0,1,1.0,1,1.0,1,0.1603513205430312,57
1339,4,1794,938,856,0,0,0,1.0,1,1.0,1,1.0,1,0.19090347671603441,58
1340,1,1795,938,857,0,0,0,1.0,1,1.0,1,1.0,1,0.19369186316678927,59
1341,0,1795,938,857,0,0,0,1.0,1,1.0,1,1.0,1,0.171438291502078,57
1342,0,1795,938,857,0,0,0,1.0,1,1.0,1,1.0,1,0.15474808681242477,57
1343,0,1795,938,857,0,0,0,1.0,1,1.0,1,1.0,1,0.15529681147982569,55
1344,0,1795,938,857,0,0,0,1.0,1,1.0,1,1.0,1,0.14413822083850564,54
1345,2,1797,938,859,0,0,0,1.0,1,1.0,1,1.0,1,0.12172209883809322,53
1346,0,1797,938,859,0,0,0,1.0,1,1.0,1,1.0,1,0.12760572860992134,53
1347,0,1797,938,859,0,0,0,1.0,1,1.0,1,1.0,1,0.13854661442142235,51
1348,0,1797,938,859,0,0,0,1.0,1,1.0,1,1.0,1,0.15461215578746731,52
1349,3,1800,939,861,0,0,0,1.0,1,1.0,1,1.0,1,0.18227215086020396,50
1350,1,1801,939,862,0,0,0,1.0,1,1.0,1,1.0,1,0.16792817900825785,51
1351,0,1801,939,862,0,0,0,1.0,1,1.0,1,1.0,1,0.17914438294961868,50
1352,1,1802,939,863,0,0,0,1.0,1,1.0,1,1.0,1,0.1630633606499493,50
1353,2,1804,939,865,0,0,0,1.0,1,1.0,1,1.0,1,0.14414525724652597,50
1354,1,1805,939,866,0,0,0,1.0,1,1.0,1,1.0,1,0.1537529478699835,51
1355,1,1806,940,866,0,0,0,1.0,1,1.0,1,1.0,1,0.1205076510118135,53
1356,2,1808,941,867,0,0,0,1.0,1,1.0,1,1.0,1,0.15504339139234505,52
1357,2,1810,941,869,0,0,0,1.0,1,1.0,1,1.0,1,0.14517393374302293,52
1358,2,1812,942,870,0,0,0,1.0,1,1.0,1,1.0,1,0.11242744151284213,53
1359,2,1814,944,870,0,0,0,1.0,1,1.0,1,1.0,1,0.14163004508469038,54
1360,1,1815,945,870,0,0,0,1.0,1,1.0,1,1.0,1,0.1357961698584023,55
1361,2,1817,946,871,0,0,0,1.0,1,1.0,1,1.0,1,0.13741702347004822,55
1362,0,1817,946,871,0,0,0,1.0,1,1.0,1,1.0,1,0.11959673343080103,56
1363,0,1817,946,871,0,0,0,1.0,1,1.0,1,1.0,1,0.11959673343080103,56
1364,1,1818,946,872,0,0,0,1.0,1,1.0,1,1.0,1,0.11120084684602849,55
1365,2,1820,946,874,0,0,0,1.0,1,1.0,1,1.0,1,0.09959836698371252,56
1366,0,1820,946,874,0,0,0,1.0,1,1.0,1,1.0,1,0.11087327097957186,57
1367,0,1820,946,874,0,0,0,1.0,1,1.0,1,1.0,1,0.11087327097957186,57
1368,2,1822,946,876,0,0,0,1.0,1,1.0,1,1.0,1,0.10861097805205508,58
1369,3,1825,948,877,0,0,0,1.0,1,1.0,1,1.0,1,0.12114232176913377,59
1370,4,1829,950,879,0,0,0,1.0,1,1.0,1,1.0,1,0.10042838296321811,60
1371,0,1829,950,879,0,0,0,1.0,1,1.0,1,1.0,1,0.09781619569441524,59
1372,1,1830,951,879,0,0,0,1.0,1,1.0,1,1.0,1,0.10616949376201988,59
1373,4,1834,952,882,0,0,0,1.0,1,1.0,1,1.0,1,0.08005944570625838,59
1374,1,1835,953,882,0,0,0,1.0,1,1.0,1,1.0,1,0.0863560646009326,59
1375,1,1836,953,883,0,0,0,1.0,1,1.0,1,1.0,1,0.10354940539823827,62
1376,3,1839,954,885,0,0,0,1.0,1,1.0,1,1.0,1,0.10841651545444213,61
1377,3,1842,954,888,0,0,0,1.0,1,1.0,1,1.0,1,0.08684948042133092,63
1378,2,1844,956,888,0,0,0,1.0,1,1.0,1,1.0,1,0.14467063227246774,62
1379,6,1850,959,891,0,0,0,1.0,1,1.0,1,1.0,1,0.18277579251018605,61
1380,1,1851,959,892,0,0,0,1.0,1,1.0,1,1.0,1,0.1648883365048634,60
1381,4,1855,960,895,0,0,0,1.0,1,1.0,1,1.0,1,0.16988586525110178,58
1382,0,1855,960,895,0,0,0,1.0,1,1.0,1,1.0,1,0.15586965166380248,56
1383,1,1856,960,896,0,0,0,1.0,1,1.0,1,1.0,1,0.14411379311812883,57
1384,0,1856,960,896,0,0,0,1.0,1,1.0,1,1.0,1,0.14723291987762174,55
1385,3,1859,960,899,0,0,0,1.0,1,1.0,1,1.0,1,0.10644440387691513,55
1386,0,1859,960,899,0,0,0,1.0,1,1.0,1,1.0,1,0.09563256273266418,54
1387,0,1859,960,899,0,0,0,1.0,1,1.0,1,1.0,1,0.10200008929030253,53
1388,3,1862,962,900,0,0,0,1.0,1,1.0,1,1.0,1,0.12255081531638169,52
1389,0,1862,962,900,0,0,0,1.0,1,1.0,1,1.0,1,0.14688771116971364,52
1390,1,1863,962,901,0,0,0,1.0,1,1.0,1,1.0,1,0.14949894715350198,51
1391,1,1864,962,902,0,0,0,1.0,1,1.0,1,1.0,1,0.15064308720217606,52
1392,0,1864,962,902,0,0,0,1.0,1,1.0,1,1.0,1,0.14041153067243142,51
1393,1,1865,963,902,0,0,0,1.0,1,1.0,1,1.0,1,0.1618408575609709,51
1394,2,1867,963,904,0,0,0,1.0,1,1.0,1,1.0,1,0.1547017036588679,52
1395,0,1867,963,904,0,0,0,1.0,1,1.0,1,1.0,1,0.1547017036588679,52
1396,0,1867,963,904,0,0,0,1.0,1,1.0,1,1.0,1,0.1476693288866665,53
1397,1,1868,963,905,0,0,0,1.0,1,1.0,1,1.0,1,0.14536744120637726,56
1398,1,1869,964,905,0,0,0,1.0,1,1.0,1,1.0,1,0.13845169036845184,56
1399,3,1872,965,907,0,0,0,1.0,1,1.0,1,1.0,1,0.124149265252139,57
1400,3,1875,967,908,0,0,0,1.0,1,1.0,1,1.0,1,0.12730209514426066,57
1401,1,1876,967,909,0,0,0,1.0,1,1.0,1,1.0,1,0.11847376593191825,57
1402,4,1880,971,909,0,0,0,1.0,1,1.0,1,1.0,1,0.17418335499777726,57
1403,2,1882,971,911,0,0,0,1.0,1,1.0,1,1.0,1,0.17194959689777717,56
1404,3,1885,973,912,0,0,0,1.0,1,1.0,1,1.0,1,0.1653191217578615,58
1405,5,1890,974,916,0,0,0,1.0,1,1.0,1,1.0,1,0.18867054368957503,58
1406,0,1890,974,916,0,0,0,1.0,1,1.0,1,1.0,1,0.18867054368957503,58
1407,0,1890,974,916,0,0,0,1.0,1,1.0,1,1.0,1,0.2089014923024192,57
1408,1,1891,974,917,0,0,0,1.0,1,1.0,1,1.0,1,0.21099251175898182,58
1409,0,1891,974,917,0,0,0,1.0,1,1.0,1,1.0,1,0.2055962576878692,57
1410,1,1892,975,917,0,0,0,1.0,1,1.0,1,1.0,1,0.2113450222989354,57
1411,0,1892,975,917,0,0,0,1.0,1,1.0,1,1.0,1,0.22729366183320784,56
1412,0,1892,975,917,0,0,0,1.0,1,1.0,1,1.0,1,0.22699269292308388,55
1413,0,1892,975,917,0,0,0,1.0,1,1.0,1,1.0,1,0.22947951647654247,57
1414,0,1892,975,917,0,0,0,1.0,1,1.0,1,1.0,1,0.22947951647654247,57
1415,1,1893,976,917,0,0,0,1.0,1,1.0,1,1.0,1,0.2474540312925641,60
1416,2,1895,976,919,0,0,0,1.0,1,1.0,1,1.0,1,0.23431106938302318,61
1417,2,1897,976,921,0,0,0,1.0,1,1.0,1,1.0,1,0.18865791697798562,59
1418,1,1898,976,922,0,0,0,1.0,1,1.0,1,1.0,1,0.18274799639610087,60
1419,2,1900,977,923,0,0,0,1.0,1,1.0,1,1.0,1,0.18538400739403638,59
1420,0,1900,977,923,0,0,0,1.0,1,1.0,1,1.0,1,0.17348324234092735,58
1421,2,1902,977,925,0,0,0,1.0,1,1.0,1,1.0,1,0.14374198493428705,57
1422,0,1902,977,925,0,0,0,1.0,1,1.0,1,1.0,1,0.14374198493428705,57
1423,0,1902,977,925,0,0,0,1.0,1,1.0,1,1.0,1,0.13783462116040876,56
1424,0,1902,977,925,0,0,0,1.0,1,1.0,1,1.0,1,0.14086229040922443,57
1425,2,1904,977,927,0,0,0,1.0,1,1.0,1,1.0,1,0.13746575091466295,54
1426,0,1904,977,927,0,0,0,1.0,1,1.0,1,1.0,1,0.15718505183730447,54
1427,1,1905,978,927,0,0,0,1.0,1,1.0,1,1.0,1,0.21405029355888272,53
1428,1,1906,979,927,0,0,0,1.0,1,1.0,1,1.0,1,0.2096828083519872,52
1429,2,1908,979,929,0,0,0,1.0,1,1.0,1,1.0,1,0.19084744804287043,52
1430,2,1910,981,929,0,0,0,1.0,1,1.0,1,1.0,1,0.21648183383251252,51
1431,0,1910,981,929,0,0,0,1.0,1,1.0,1,1.0,1,0.21634642259042644,51
1432,4,1914,983,931,0,0,0,1.0,1,1.0,1,1.0,1,0.1984296663929153,52
1433,1,1915,983,932,0,0,0,1.0,1,1.0,1,1.0,1,0.1865898865805037,52
1434,2,1917,985,932,0,0,0,1.0,1,1.0,1,1.0,1,0.20586506962596765,52
1435,0,1917,985,932,0,0,0,1.0,1,1.0,1,1.0,1,0.22801526689209142,50
1436,1,1918,986,932,0,0,0,1.0,1,1.0,1,1.0,1,0.25198096335756237,50
1437,3,1921,987,934,0,0,0,1.0,1,1.0,1,1.0,1,0.25142315319215164,49
1438,2,1923,988,935,0,0,0,1.0,1,1.0,1,1.0,1,0.24176133882888323,49
1439,1,1924,989,935,0,0,0,1.0,1,1.0,1,1.0,1,0.2618250571123844,50
1440,2,1926,991,935,0,0,0,1.0,1,1.0,1,1.0,1,0.29056403362874744,50
1441,2,1928,992,936,0,0,0,1.0,1,1.0,1,1.0,1,0.28597038599553576,51
1442,0,1928,992,936,0,0,0,1.0,1,1.0,1,1.0,1,0.2980799350145125,50
1443,1,1929,992,937,0,0,0,1.0,1,1.0,1,1.0,1,0.2815140475592869,51
1444,3,1932,992,940,0,0,0,1.0,1,1.0,1,1.0,1,0.23965598675455685,51
1445,4,1936,993,943,0,0,0,1.0,1,1.0,1,1.0,1,0.2465244751578612,51
1446,3,1939,994,945,0,0,0,1.0,1,1.0,1,1.0,1,0.21685079082736564,51
1447,2,1941,994,947,0,0,0,1.0,1,1.0,1,1.0,1,0.1916025335227619,51
1448,4,1945,995,950,0,0,0,1.0,1,1.0,1,1.0,1,0.13321742194488306,51
1449,2,1947,995,952,0,0,0,1.0,1,1.0,1,1.0,1,0.11244510829039069,51
1450,1,1948,995,953,0,0,0,1.0,1,1.0,1,1.0,1,0.0991997997937211,52
1451,1,1949,996,953,0,0,0,1.0,1,1.0,1,1.0,1,0.10085249677105473,54
1452,2,1951,996,955,0,0,0,1.0,1,1.0,1,1.0,1,0.10799442624763288,56
1453,5,1956,998,958,0,0,0,1.0,1,1.0,1,1.0,1,0.12211210392892795,56
1454,1,1957,998,959,0,0,0,1.0,1,1.0,1,1.0,1,0.1371981736922077,58
1455,4,1961,1000,961,0,0,0,1.0,1,1.0,1,1.0,1,0.1536388690155772,55
1456,0,1961,1000,961,0,0,0,1.0,1,1.0,1,1.0,1,0.16427711436777645,56
1457,3,1964,1001,963,0,0,0,1.0,1,1.0,1,1.0,1,0.18900030980906607,54
1458,2,1966,1002,964,0,0,0,1.0,1,1.0,1,1.0,1,0.1839518492156981,52
1459,0,1966,1002,964,0,0,0,1.0,1,1.0,1,1.0,1,0.18934578201218902,52
1460,0,1966,1002,964,0,0,0,1.0,1,1.0,1,1.0,1,0.17118538313761975,50
1461,3,1969,1003,966,0,0,0,1.0,1,1.0,1,1.0,1,0.1711346102701282,53
1462,1,1970,1004,966,0,0,0,1.0,1,1.0,1,1.0,1,0.18254033000358166,51
1463,1,1971,1004,967,0,0,0,1.0,1,1.0,1,1.0,1,0.18329335961723686,51
1464,0,1971,1004,967,0,0,0,1.0,1,1.0,1,1.0,1,0.18329335961723686,51
1465,4,1975,1004,971,0,0,0,1.0,1,1.0,1,1.0,1,0.12781349415698645,49
1466,2,1977,1005,972,0,0,0,1.0,1,1.0,1,1.0,1,0.14451378874875617,49
1467,1,1978,1006,972,0,0,0,1.0,1,1.0,1,1.0,1,0.18829813567938733,47
1468,1,1979,1007,972,0,0,0,1.0,1,1.0,1,1.0,1,0.2144290794141288,48
1469,2,1981,1008,973,0,0,0,1.0,1,1.0,1,1.0,1,0.2381884465849719,47
1470,1,1982,1008,974,0,0,0,1.0,1,1.0,1,1.0,1,0.21833334488143485,49
1471,1,1983,1008,975,0,0,0,1.0,1,1.0,1,1.0,1,0.23425127911986965,48
1472,0,1983,1008,975,0,0,0,1.0,1,1.0,1,1.0,1,0.2263125515885625,48
1473,0,1983,1008,975,0,0,0,1.0,1,1.0,1,1.0,1,0.2346383847619097,49
1474,1,1984,1008,976,0,0,0,1.0,1,1.0,1,1.0,1,0.22143174016193584,49
1475,0,1984,1008,976,0,0,0,1.0,1,1.0,1,1.0,1,0.22143174016193584,49
1476,1,1985,1008,977,0,0,0,1.0,1,1.0,1,1.0,1,0.21244394566932637,51
1477,0,1985,1008,977,0,0,0,1.0,1,1.0,1,1.0,1,0.21244394566932637,51
1478,2,1987,1008,979,0,0,0,1.0,1,1.0,1,1.0,1,0.1762630307916976,52
1479,2,1989,1008,981,0,0,0,1.0,1,1.0,1,1.0,1,0.16473216831550566,53
1480,4,1993,1009,984,0,0,0,1.0,1,1.0,1,1.0,1,0.15637540122996987,53
1481,1,1994,1009,985,0,0,0,1.0,1,1.0,1,1.0,1,0.1464821772847329,53
1482,1,1995,1010,985,0,0,0,1.0,1,1.0,1,1.0,1,0.18685989914898346,52
1483,0,1995,1010,985,0,0,0,1.0,1,1.0,1,1.0,1,0.18685989914898346,52
1484,2,1997,1010,987,0,0,0,1.0,1,1.0,1,1.0,1,0.19602940315748207,53
1485,3,2000,1010,990,0,0,0,1.0,1,1.0,1,1.0,1,0.16728874782954906,53
1486,3,2003,1010,993,0,0,0,1.0,1,1.0,1,1.0,1,0.17041342581591154,54
1487,0,2003,1010,993,0,0,0,1.0,1,1.0,1,1.0,1,0.17821987281995602,55
1488,1,2004,1010,994,0,0,0,1.0,1,1.0,1,1.0,1,0.17842649184944728,57
1489,3,2007,1010,997,0,0,0,1.0,1,1.0,1,1.0,1,0.14506596836745272,58
1490,0,2007,1010,997,0,0,0,1.0,1,1.0,1,1.0,1,0.14506596836745272,58
1491,1,2008,1011,997,0,0,0,1.0,1,1.0,1,1.0,1,0.16921084923341725,59
1492,1,2009,1011,998,0,0,0,1.0,1,1.0,1,1.0,1,0.15909870591909256,59
1493,2,2011,1012,999,0,0,0,1.0,1,1.0,1,1.0,1,0.15061456047796384,58
1494,3,2014,1013,1001,0,0,0,1.0,1,1.0,1,1.0,1,0.16262678121476898,58
1495,1,2015,1014,1001,0,0,0,1.0,1,1.0,1,1.0,1,0.17803547570621442,57
1496,0,2015,1014,1001,0,0,0,1.0,1,1.0,1,1.0,1,0.16647283918911365,59
1497,1,2016,1015,1001,0,0,0,1.0,1,1.0,1,1.0,1,0.18279706559924522,58
1498,3,2019,1016,1003,0,0,0,1.0,1,1.0,1,1.0,1,0.18556140814189412,58
1499,0,2019,1016,1003,0,0,0,1.0,1,1.0,1,1.0,1,0.1691943213940305,56
1500,1,2020,1016,1004,0,0,0,1.0,1,1.0,1,1.0,1,0.17062627310551032,57
1501,0,2020,1016,1004,0,0,0,1.0,1,1.0,1,1.0,1,0.15933679588373917,55
1502,0,2020,1016,1004,0,0,0,1.0,1,1.0,1,1.0,1,0.1594906812779993,55
1503,1,2021,1017,1004,0,0,0,1.0,1,1.0,1,1.0,1,0.19164603473367878,54
1504,1,2022,1017,1005,0,0,0,1.0,1,1.0,1,1.0,1,0.14331440947707672,55
1505,3,2025,1018,1007,0,0,0,1.0,1,1.0,1,1.0,1,0.11658553294939751,53
1506,0,2025,1018,1007,0,0,0,1.0,1,1.0,1,1.0,1,0.12743526784196274,55
1507,0,2025,1018,1007,0,0,0,1.0,1,1.0,1,1.0,1,0.15049683647980325,53
1508,1,2026,1018,1008,0,0,0,1.0,1,1.0,1,1.0,1,0.13867397323268238,53
1509,2,2028,1018,1010,0,0,0,1.0,1,1.0,1,1.0,1,0.1608314683518196,52
1510,1,2029,1018,1011,0,0,0,1.0,1,1.0,1,1.0,1,0.17306968220522556,50
1511,0,2029,1018,1011,0,0,0,1.0,1,1.0,1,1.0,1,0.18242482397473583,49
1512,2,2031,1020,1011,0,0,0,1.0,1,1.0,1,1.0,1,0.23964058591943943,48
1513,2,2033,1020,1013,0,0,0,1.0,1,1.0,1,1.0,1,0.2599145357009122,47
1514,2,2035,1020,1015,0,0,0,1.0,1,1.0,1,1.0,1,0.2196514234301519,48
1515,1,2036,1020,1016,0,0,0,1.0,1,1.0,1,1.0,1,0.2117182662012,48
1516,0,2036,1020,1016,0,0,0,1.0,1,1.0,1,1.0,1,0.21927422825305254,47
1517,5,2041,1020,1021,0,0,0,1.0,1,1.0,1,1.0,1,0.17957953658624398,48
1518,1,2042,1020,1022,0,0,0,1.0,1,1.0,1,1.0,1,0.16761016837782583,48
1519,0,2042,1020,1022,0,0,0,1.0,1,1.0,1,1.0,1,0.18161677666573794,47
1520,0,2042,1020,1022,0,0,0,1.0,1,1.0,1,1.0,1,0.19034103891813,48
1521,1,2043,1020,1023,0,0,0,1.0,1,1.0,1,1.0,1,0.16998421083593662,49
1522,0,2043,1020,1023,0,0,0,1.0,1,1.0,1,1.0,1,0.16840757575174445,48
1523,0,2043,1020,1023,0,0,0,1.0,1,1.0,1,1.0,1,0.18021667798115376,49
1524,3,2046,1021,1025,0,0,0,1.0,1,1.0,1,1.0,1,0.17744096457192632,49
1525,1,2047,1021,1026,0,0,0,1.0,1,1.0,1,1.0,1,0.17329852504108248,51
1526,0,2047,1021,1026,0,0,0,1.0,1,1.0,1,1.0,1,0.15445008740126798,52
1527,1,2048,1021,1027,0,0,0,1.0,1,1.0,1,1.0,1,0.14807454991679048,54
1528,1,2049,1021,1028,0,0,0,1.0,1,1.0,1,1.0,1,0.1263472568815404,54
1529,0,2049,1021,1028,0,0,0,1.0,1,1.0,1,1.0,1,0.1263472568815404,54
1530,1,2050,1022,1028,0,0,0,1.0,1,1.0,1,1.0,1,0.15388486906578028,54
1531,1,2051,1022,1029,0,0,0,1.0,1,1.0,1,1.0,1,0.12441585005592787,54
1532,2,2053,1023,1030,0,0,0,1.0,1,1.0,1,1.0,1,0.09451488242280087,54
1533,0,2053,1023,1030,0,0,0,1.0,1,1.0,1,1.0,1,0.1023165836587266,54
1534,1,2054,1023,1031,0,0,0,1.0,1,1.0,1,1.0,1,0.08822330669017027,54
1535,0,2054,1023,1031,0,0,0,1.0,1,1.0,1,1.0,1,0.08822330669017027,54
1536,1,2055,1023,1032,0,0,0,1.0,1,1.0,1,1.0,1,0.0799791926598756,55
1537,0,2055,1023,1032,0,0,0,1.0,1,1.0,1,1.0,1,0.08825182854203803,53
1538,1,2056,1023,1033,0,0,0,1.0,1,1.0,1,1.0,1,0.09038474873617511,54
1539,0,2056,1023,1033,0,0,0,1.0,1,1.0,1,1.0,1,0.11184386397795401,54
1540,1,2057,1024,1033,0,0,0,1.0,1,1.0,1,1.0,1,0.12119407196897834,54
1541,2,2059,1024,1035,0,0,0,1.0,1,1.0,1,1.0,1,0.09535187099483691,54
1542,4,2063,1025,1038,0,0,0,1.0,1,1.0,1,1.0,1,0.07426037354918091,57
1543,2,2065,1026,1039,0,0,0,1.0,1,1.0,1,1.0,1,0.10822144413999052,55
1544,3,2068,1028,1040,0,0,0,1.0,1,1.0,1,1.0,1,0.1139627832360314,54
1545,1,2069,1028,1041,0,0,0,1.0,1,1.0,1,1.0,1,0.12052742898354593,54
1546,3,2072,1030,1042,0,0,0,1.0,1,1.0,1,1.0,1,0.10116965930939802,53
1547,2,2074,1032,1042,0,0,0,1.0,1,1.0,1,1.0,1,0.08492539015248575,53
1548,3,2077,1035,1042,0,0,0,1.0,1,1.0,1,1.0,1,0.08907584954394603,54
1549,5,2082,1037,1045,0,0,0,1.0,1,1.0,1,1.0,1,0.08631521892969095,52
1550,3,2085,1040,1045,0,0,0,1.0,1,1.0,1,1.0,1,0.11307547822568352,52
1551,3,2088,1042,1046,0,0,0,1.0,1,1.0,1,1.0,1,0.13179798975892948,52
1552,2,2090,1043,1047,0,0,0,1.0,1,1.0,1,1.0,1,0.14782815393934004,51
1553,6,2096,1043,1053,0,0,0,1.0,1,1.0,1,1.0,1,0.12664198275019903,51
1554,2,2098,1045,1053,0,0,0,1.0,1,1.0,1,1.0,1,0.08830183199183686,51
1555,1,2099,1046,1053,0,0,0,1.0,1,1.0,1,1.0,1,0.11762987325818267,50
1556,2,2101,1048,1053,0,0,0,1.0,1,1.0,1,1.0,1,0.11110932423195108,51
1557,4,2105,1050,1055,0,0,0,1.0,1,1.0,1,1.0,1,0.09243922608353772,51
1558,1,2106,1050,1056,0,0,0,1.0,1,1.0,1,1.0,1,0.09013349439737382,52
1559,0,2106,1050,1056,0,0,0,1.0,1,1.0,1,1.0,1,0.07442473058250912,53
1560,1,2107,1051,1056,0,0,0,1.0,1,1.0,1,1.0,1,0.11563587277309942,51
1561,2,2109,1051,1058,0,0,0,1.0,1,1.0,1,1.0,1,0.08270300719920425,51
1562,0,2109,1051,1058,0,0,0,1.0,1,1.0,1,1.0,1,0.08634577912013053,52
1563,1,2110,1052,1058,0,0,0,1.0,1,1.0,1,1.0,1,0.12278086752213234,52
1564,0,2110,1052,1058,0,0,0,1.0,1,1.0,1,1.0,1,0.10805116287937619,51
1565,1,2111,1052,1059,0,0,0,1.0,1,1.0,1,1.0,1,0.10698874439305538,53
1566,2,2113,1052,1061,0,0,0,1.0,1,1.0,1,1.0,1,0.08348780721760711,53
1567,1,2114,1053,1061,0,0,0,1.0,1,1.0,1,1.0,1,0.07810136562867435,52
1568,2,2116,1054,1062,0,0,0,1.0,1,1.0,1,1.0,1,0.07725466448769734,52
1569,1,2117,1055,1062,0,0,0,1.0,1,1.0,1,1.0,1,0.10628616854399887,49
1570,1,2118,1056,1062,0,0,0,1.0,1,1.0,1,1.0,1,0.12323588988711874,48
1571,2,2120,1058,1062,0,0,0,1.0,1,1.0,1,1.0,1,0.14524486216243096,46
1572,3,2123,1061,1062,0,0,0,1.0,1,1.0,1,1.0,1,0.13256609774891295,47
1573,4,2127,1062,1065,0,0,0,1.0,1,1.0,1,1.0,1,0.10664094128191014,48
1574,2,2129,1064,1065,0,0,0,1.0,1,1.0,1,1.0,1,0.09408030542071069,46
1575,1,2130,1065,1065,0,0,0,1.0,1,1.0,1,1.0,1,0.12672145380972305,47
1576,3,2133,1068,1065,0,0,0,1.0,1,1.0,1,1.0,1,0.09051462799917144,46
1577,0,2133,1068,1065,0,0,0,1.0,1,1.0,1,1.0,1,0.0773744404036105,45
1578,1,2134,1069,1065,0,0,0,1.0,1,1.0,1,1.0,1,0.07987053524702006,44
1579,1,2135,1069,1066,0,0,0,1.0,1,1.0,1,1.0,1,0.0551943766857828,43
1580,0,2135,1069,1066,0,0,0,1.0,1,1.0,1,1.0,1,0.0551943766857828,43
1581,2,2137,1069,1068,0,0,0,1.0,1,1.0,1,1.0,1,0.056284816833885774,42
1582,0,2137,1069,1068,0,0,0,1.0,1,1.0,1,1.0,1,0.056284816833885774,42
1583,0,2137,1069,1068,0,0,0,1.0,1,1.0,1,1.0,1,0.055408023574652424,43
1584,1,2138,1069,1069,0,0,0,1.0,1,1.0,1,1.0,1,0.06438409221517077,41
1585,5,2143,1073,1070,0,0,0,1.0,1,1.0,1,1.0,1,0.06780031329949229,43
1586,1,2144,1074,1070,0,0,0,1.0,1,1.0,1,1.0,1,0.10593027389083047,42
1587,3,2147,1076,1071,0,0,0,1.0,1,1.0,1,1.0,1,0.13438982273944983,42
1588,1,2148,1077,1071,0,0,0,1.0,1,1.0,1,1.0,1,0.17698896796538768,42
1589,3,2151,1078,1073,0,0,0,1.0,1,1.0,1,1.0,1,0.1369193629226744,42
1590,2,2153,1078,1075,0,0,0,1.0,1,1.0,1,1.0,1,0.16489219272133754,41
1591,0,2153,1078,1075,0,0,0,1.0,1,1.0,1,1.0,1,0.18096649080006313,40
1592,0,2153,1078,1075,0,0,0,1.0,1,1.0,1,1.0,1,0.2019502893737981,39
1593,5,2158,1079,1079,0,0,0,1.0,1,1.0,1,1.0,1,0.11377348761932447,39
1594,0,2158,1079,1079,0,0,0,1.0,1,1.0,1,1.0,1,0.13831056909598574,39
1595,0,2158,1079,1079,0,0,0,1.0,1,1.0,1,1.0,1,0.14622639489670425,42
1596,0,2158,1079,1079,0,0,0,1.0,1,1.0,1,1.0,1,0.17614998631113213,41
1597,2,2160,1079,1081,0,0,0,1.0,1,1.0,1,1.0,1,0.15683173095252273,41
1598,0,2160,1079,1081,0,0,0,1.0,1,1.0,1,1.0,1,0.19884618387253514,39
1599,1,2161,1080,1081,0,0,0,1.0,1,1.0,1,1.0,1,0.2005934641211599,39
1600,2,2163,1080,1083,0,0,0,1.0,1,1.0,1,1.0,1,0.17860095587685548,40
1601,5,2168,1082,1086,0,0,0,1.0,1,1.0,1,1.0,1,0.16395122296110076,41
1602,0,2168,1082,1086,0,0,0,1.0,1,1.0,1,1.0,1,0.14482251848123895,41
1603,1,2169,1083,1086,0,0,0,1.0,1,1.0,1,1.0,1,0.1786937544602545,43
1604,1,2170,1084,1086,0,0,0,1.0,1,1.0,1,1.0,1,0.19198370922398283,43
1605,4,2174,1085,1089,0,0,0,1.0,1,1.0,1,1.0,1,0.14878795689359442,44
1606,3,2177,1086,1091,0,0,0,1.0,1,1.0,1,1.0,1,0.13460590613144535,44
1607,1,2178,1087,1091,0,0,0,1.0,1,1.0,1,1.0,1,0.1132750239050651,42
1608,0,2178,1087,1091,0,0,0,1.0,1,1.0,1,1.0,1,0.12367464711788662,41
1609,0,2178,1087,1091,0,0,0,1.0,1,1.0,1,1.0,1,0.08234062488710601,39
1610,0,2178,1087,1091,0,0,0,1.0,1,1.0,1,1.0,1,0.042440334606686045,39
1611,1,2179,1087,1092,0,0,0,1.0,1,1.0,1,1.0,1,0.027337569037654438,40
1612,0,2179,1087,1092,0,0,0,1.0,1,1.0,1,1.0,1,0.02461221326839251,39
1613,0,2179,1087,1092,0,0,0,1.0,1,1.0,1,1.0,1,0.028211879182990684,41
1614,1,2180,1088,1092,0,0,0,1.0,1,1.0,1,1.0,1,0.019880083882039153,41
1615,1,2181,1089,1092,0,0,0,1.0,1,1.0,1,1.0,1,0.04572792164201307,41
1616,2,2183,1091,1092,0,0,0,1.0,1,1.0,1,1.0,1,0.05357415228380896,43
1617,2,2185,1092,1093,0,0,0,1.0,1,1.0,1,1.0,1,0.06474855233793941,44
1618,0,2185,1092,1093,0,0,0,1.0,1,1.0,1,1.0,1,0.06474855233793941,44
1619,2,2187,1094,1093,0,0,0,1.0,1,1.0,1,1.0,1,0.11908393803239799,44
1620,2,2189,1095,1094,0,0,0,1.0,1,1.0,1,1.0,1,0.1111479426129055,45
1621,1,2190,1095,1095,0,0,0,1.0,1,1.0,1,1.0,1,0.09313557289525065,44
1622,2,2192,1097,1095,0,0,0,1.0,1,1.0,1,1.0,1,0.13277769016258711,44
1623,1,2193,1097,1096,0,0,0,1.0,1,1.0,1,1.0,1,0.13157338003353142,43
1624,0,2193,1097,1096,0,0,0,1.0,1,1.0,1,1.0,1,0.1095791393075097,43
1625,2,2195,1099,1096,0,0,0,1.0,1,1.0,1,1.0,1,0.12320162751605031,43
1626,1,2196,1099,1097,0,0,0,1.0,1,1.0,1,1.0,1,0.11996993527616448,42
1627,1,2197,1100,1097,0,0,0,1.0,1,1.0,1,1.0,1,0.1253736061754831,42
1628,0,2197,1100,1097,0,0,0,1.0,1,1.0,1,1.0,1,0.13331261245579218,42
1629,2,2199,1101,1098,0,0,0,1.0,1,1.0,1,1.0,1,0.1182947209808741,41
1630,2,2201,1102,1099,0,0,0,1.0,1,1.0,1,1.0,1,0.10150814963102099,41
1631,0,2201,1102,1099,0,0,0,1.0,1,1.0,1,1.0,1,0.12656642306723767,40
1632,0,2201,1102,1099,0,0,0,1.0,1,1.0,1,1.0,1,0.13381437815687555,39
1633,1,2202,1102,1100,0,0,0,1.0,1,1.0,1,1.0,1,0.1186436055608947,39
1634,0,2202,1102,1100,0,0,0,1.0,1,1.0,1,1.0,1,0.1186436055608947,39
1635,1,2203,1102,1101,0,0,0,1.0,1,1.0,1,1.0,1,0.11465098871479634,40
1636,1,2204,1102,1102,0,0,0,1.0,1,1.0,1,1.0,1,0.11990415139156839,41
1637,1,2205,1102,1103,0,0,0,1.0,1,1.0,1,1.0,1,0.123716079363209,41
1638,3,2208,1103,1105,0,0,0,1.0,1,1.0,1,1.0,1,0.12014652636526935,42
1639,1,2209,1104,1105,0,0,0,1.0,1,1.0,1,1.0,1,0.10129531399614235,43
1640,2,2211,1106,1105,0,0,0,1.0,1,1.0,1,1.0,1,0.06561595229969293,43
1641,1,2212,1107,1105,0,0,0,1.0,1,1.0,1,1.0,1,0.05100798325962506,44
1642,6,2218,1111,1107,0,0,0,1.0,1,1.0,1,1.0,1,0.09820849368523643,45
1643,1,2219,1112,1107,0,0,0,1.0,1,1.0,1,1.0,1,0.1275593825073199,44
1644,2,2221,1113,1108,0,0,0,1.0,1,1.0,1,1.0,1,0.10920648145065841,45
1645,0,2221,1113,1108,0,0,0,1.0,1,1.0,1,1.0,1,0.09607340556538674,44
1646,1,2222,1113,1109,0,0,0,1.0,1,1.0,1,1.0,1,0.06705502821196156,43
1647,1,2223,1114,1109,0,0,0,1.0,1,1.0,1,1.0,1,0.1065965421713783,43
1648,0,2223,1114,1109,0,0,0,1.0,1,1.0,1,1.0,1,0.12738723247701272,42
1649,1,2224,1114,1110,0,0,0,1.0,1,1.0,1,1.0,1,0.10974941380366098,41
1650,0,2224,1114,1110,0,0,0,1.0,1,1.0,1,1.0,1,0.10974941380366098,41
1651,0,2224,1114,1110,0,0,0,1.0,1,1.0,1,1.0,1,0.1187953342336026,40
1652,1,2225,1114,1111,0,0,0,1.0,1,1.0,1,1.0,1,0.07689309486679244,39
1653,1,2226,1114,1112,0,0,0,1.0,1,1.0,1,1.0,1,0.08021638649640259,39
1654,1,2227,1114,1113,0,0,0,1.0,1,1.0,1,1.0,1,0.03550171621601029,39
1655,2,2229,1116,1113,0,0,0,1.0,1,1.0,1,1.0,1,0.07979393949939426,40
1656,1,2230,1117,1113,0,0,0,1.0,1,1.0,1,1.0,1,0.1258806825892799,40
1657,1,2231,1118,1113,0,0,0,1.0,1,1.0,1,1.0,1,0.11538396348562724,40
1658,1,2232,1119,1113,0,0,0,1.0,1,1.0,1,1.0,1,0.10889830725309804,40
1659,3,2235,1122,1113,0,0,0,1.0,1,1.0,1,1.0,1,0.18124760320938824,40
1660,3,2238,1124,1114,0,0,0,1.0,1,1.0,1,1.0,1,0.13773551456706257,41
1661,5,2243,1126,1117,0,0,0,1.0,1,1.0,1,1.0,1,0.06785073872117822,42
1662,1,2244,1127,1117,0,0,0,1.0,1,1.0,1,1.0,1,0.02041491685375778,44
1663,1,2245,1128,1117,0,0,0,1.0,1,1.0,1,1.0,1,0.06969133088693338,43
1664,1,2246,1129,1117,0,0,0,1.0,1,1.0,1,1.0,1,0.058807239320099174,42
1665,1,2247,1130,1117,0,0,0,1.0,1,1.0,1,1.0,1,0.0848844794858825,42
1666,3,2250,1133,1117,0,0,0,1.0,1,1.0,1,1.0,1,0.051488603928079565,43
1667,2,2252,1135,1117,0,0,0,1.0,1,1.0,1,1.0,1,0.0659066994303784,40
1668,0,2252,1135,1117,0,0,0,1.0,1,1.0,1,1.0,1,0.0740619740595411,40
1669,3,2255,1138,1117,0,0,0,1.0,1,1.0,1,1.0,1,0.08899005028231295,40
1670,1,2256,1139,1117,0,0,0,1.0,1,1.0,1,1.0,1,0.10076475384446648,39
1671,1,2257,1140,1117,0,0,0,1.0,1,1.0,1,1.0,1,0.11626261078709287,39
1672,2,2259,1142,1117,0,0,0,1.0,1,1.0,1,1.0,1,0.1594908234578741,38
1673,2,2261,1144,1117,0,0,0,1.0,1,1.0,1,1.0,1,0.1877964048739457,38
1674,2,2263,1145,1118,0,0,0,1.0,1,1.0,1,1.0,1,0.17308582382977605,38
1675,0,2263,1145,1118,0,0,0,1.0,1,1.0,1,1.0,1,0.151619888123614,39
1676,1,2264,1145,1119,0,0,0,1.0,1,1.0,1,1.0,1,0.1565388462276758,39
1677,0,2264,1145,1119,0,0,0,1.0,1,1.0,1,1.0,1,0.13932709443313024,40
1678,1,2265,1146,1119,0,0,0,1.0,1,1.0,1,1.0,1,0.17994832298883606,39
1679,0,2265,1146,1119,0,0,0,1.0,1,1.0,1,1.0,1,0.17994832298883606,39
1680,0,2265,1146,1119,0,0,0,1.0,1,1.0,1,1.0,1,0.1822003385349831,40
1681,1,2266,1147,1119,0,0,0,1.0,1,1.0,1,1.0,1,0.16818391843506408,41
1682,2,2268,1147,1121,0,0,0,1.0,1,1.0,1,1.0,1,0.12038222995420968,40
1683,5,2273,1151,1122,0,0,0,1.0,1,1.0,1,1.0,1,0.13442373249707407,43
1684,3,2276,1152,1124,0,0,0,1.0,1,1.0,1,1.0,1,0.13291843986873444,42
1685,4,2280,1154,1126,0,0,0,1.0,1,1.0,1,1.0,1,0.09529424949277497,41
1686,0,2280,1154,1126,0,0,0,1.0,1,1.0,1,1.0,1,0.06969326269461948,39
1687,5,2285,1158,1127,0,0,0,1.0,1,1.0,1,1.0,1,0.1266521553860619,41
1688,0,2285,1158,1127,0,0,0,1.0,1,1.0,1,1.0,1,0.11520722268077374,39
1689,4,2289,1161,1128,0,0,0,1.0,1,1.0,1,1.0,1,0.09376432840877871,37
1690,0,2289,1161,1128,0,0,0,1.0,1,1.0,1,1.0,1,0.0942039515665567,36
1691,1,2290,1162,1128,0,0,0,1.0,1,1.0,1,1.0,1,0.13843830195304338,36
1692,0,2290,1162,1128,0,0,0,1.0,1,1.0,1,1.0,1,0.13181952434898253,34
1693,2,2292,1163,1129,0,0,0,1.0,1,1.0,1,1.0,1,0.08493305056684165,33
1694,0,2292,1163,1129,0,0,0,1.0,1,1.0,1,1.0,1,0.12125196872629801,32
1695,0,2292,1163,1129,0,0,0,1.0,1,1.0,1,1.0,1,0.11368862983777887,32
1696,2,2294,1164,1130,0,0,0,1.0,1,1.0,1,1.0,1,0.12379558599088249,34
1697,1,2295,1165,1130,0,0,0,1.0,1,1.0,1,1.0,1,0.15729670545292407,34
1698,3,2298,1167,1131,0,0,0,1.0,1,1.0,1,1.0,1,0.16812598089302613,36
1699,3,2301,1169,1132,0,0,0,1.0,1,1.0,1,1.0,1,0.17357362438612933,36
1700,1,2302,1169,1133,0,0,0,1.0,1,1.0,1,1.0,1,0.18257756756667706,37
1701,1,2303,1169,1134,0,0,0,1.0,1,1.0,1,1.0,1,0.1436648809200569,39
1702,0,2303,1169,1134,0,0,0,1.0,1,1.0,1,1.0,1,0.1436648809200569,39
1703,1,2304,1170,1134,0,0,0,1.0,1,1.0,1,1.0,1,0.1548553732708648,38
1704,0,2304,1170,1134,0,0,0,1.0,1,1.0,1,1.0,1,0.11849067683164757,38
1705,3,2307,1172,1135,0,0,0,1.0,1,1.0,1,1.0,1,0.1263653353585539,37
1706,3,2310,1173,1137,0,0,0,1.0,1,1.0,1,1.0,1,0.08277337257438824,37
1707,1,2311,1174,1137,0,0,0,1.0,1,1.0,1,1.0,1,0.11742401502841042,36
1708,0,2311,1174,1137,0,0,0,1.0,1,1.0,1,1.0,1,0.1578992857865706,34
1709,2,2313,1174,1139,0,0,0,1.0,1,1.0,1,1.0,1,0.11324975916920155,34
1710,5,2318,1177,1141,0,0,0,1.0,1,1.0,1,1.0,1,0.20942237907700822,33
1711,0,2318,1177,1141,0,0,0,1.0,1,1.0,1,1.0,1,0.19654767900581233,32
1712,1,2319,1178,1141,0,0,0,1.0,1,1.0,1,1.0,1,0.2289316438768621,31
1713,2,2321,1178,1143,0,0,0,1.0,1,1.0,1,1.0,1,0.19166980586946492,32
1714,0,2321,1178,1143,0,0,0,1.0,1,1.0,1,1.0,1,0.19166980586946492,32
1715,0,2321,1178,1143,0,0,0,1.0,1,1.0,1,1.0,1,0.19166980586946492,32
1716,3,2324,1179,1145,0,0,0,1.0,1,1.0,1,1.0,1,0.12811639391574967,34
1717,1,2325,1179,1146,0,0,0,1.0,1,1.0,1,1.0,1,0.09049876884140311,34
1718,1,2326,1179,1147,0,0,0,1.0,1,1.0,1,1.0,1,0.10349954017894791,34
1719,1,2327,1180,1147,0,0,0,1.0,1,1.0,1,1.0,1,0.14813789310333694,34
1720,2,2329,1181,1148,0,0,0,1.0,1,1.0,1,1.0,1,0.14955782074194757,34
1721,3,2332,1182,1150,0,0,0,1.0,1,1.0,1,1.0,1,0.14704990557686914,35
1722,0,2332,1182,1150,0,0,0,1.0,1,1.0,1,1.0,1,0.12187762098059399,35
1723,0,2332,1182,1150,0,0,0,1.0,1,1.0,1,1.0,1,0.10470287339663369,34
1724,1,2333,1183,1150,0,0,0,1.0,1,1.0,1,1.0,1,0.060178306162820536,33
1725,0,2333,1183,1150,0,0,0,1.0,1,1.0,1,1.0,1,0.05643856674222018,35
1726,0,2333,1183,1150,0,0,0,1.0,1,1.0,1,1.0,1,0.0899673675504615,34
1727,0,2333,1183,1150,0,0,0,1.0,1,1.0,1,1.0,1,0.0899673675504615,34
1728,1,2334,1184,1150,0,0,0,1.0,1,1.0,1,1.0,1,0.07352096882734549,35
1729,2,2336,1185,1151,0,0,0,1.0,1,1.0,1,1.0,1,0.038823369153374754,35
1730,0,2336,1185,1151,0,0,0,1.0,1,1.0,1,1.0,1,0.038823369153374754,35
1731,1,2337,1186,1151,0,0,0,1.0,1,1.0,1,1.0,1,0.11012820921015459,35
1732,0,2337,1186,1151,0,0,0,1.0,1,1.0,1,1.0,1,0.11012820921015459,35
1733,1,2338,1186,1152,0,0,0,1.0,1,1.0,1,1.0,1,0.11419802847982992,33
1734,0,2338,1186,1152,0,0,0,1.0,1,1.0,1,1.0,1,0.13083519892296888,34
1735,0,2338,1186,1152,0,0,0,1.0,1,1.0,1,1.0,1,0.15982015419843365,33
1736,3,2341,1189,1152,0,0,0,1.0,1,1.0,1,1.0,1,0.1517548989701643,33
1737,1,2342,1189,1153,0,0,0,1.0,1,1.0,1,1.0,1,0.10365470000345439,35
1738,1,2343,1190,1153,0,0,0,1.0,1,1.0,1,1.0,1,0.08549309312500106,36
1739,3,2346,1192,1154,0,0,0,1.0,1,1.0,1,1.0,1,0.05605923456878132,36
1740,1,2347,1193,1154,0,0,0,1.0,1,1.0,1,1.0,1,0.06110213787131046,37
1741,0,2347,1193,1154,0,0,0,1.0,1,1.0,1,1.0,1,0.06780143186732926,36
1742,0,2347,1193,1154,0,0,0,1.0,1,1.0,1,1.0,1,0.06780143186732926,36
1743,3,2350,1195,1155,0,0,0,1.0,1,1.0,1,1.0,1,0.1269435259317306,37
1744,1,2351,1195,1156,0,0,0,1.0,1,1.0,1,1.0,1,0.1144365882848142,37
1745,5,2356,1199,1157,0,0,0,1.0,1,1.0,1,1.0,1,0.24395597247129916,38
1746,2,2358,1199,1159,0,0,0,1.0,1,1.0,1,1.0,1,0.21778558441889537,38
1747,3,2361,1200,1161,0,0,0,1.0,1,1.0,1,1.0,1,0.2186470774245919,37
1748,2,2363,1202,1161,0,0,0,1.0,1,1.0,1,1.0,1,0.19200394098763707,38
1749,2,2365,1202,1163,0,0,0,1.0,1,1.0,1,1.0,1,0.1603941070641043,38
1750,0,2365,1202,1163,0,0,0,1.0,1,1.0,1,1.0,1,0.17601398032072443,39
1751,0,2365,1202,1163,0,0,0,1.0,1,1.0,1,1.0,1,0.16855527479493282,41
1752,0,2365,1202,1163,0,0,0,1.0,1,1.0,1,1.0,1,0.16855527479493282,41
1753,2,2367,1202,1165,0,0,0,1.0,1,1.0,1,1.0,1,0.15909717985873584,41
1754,2,2369,1203,1166,0,0,0,1.0,1,1.0,1,1.0,1,0.1387987311548579,40
1755,0,2369,1203,1166,0,0,0,1.0,1,1.0,1,1.0,1,0.14087159372097946,41
1756,0,2369,1203,1166,0,0,0,1.0,1,1.0,1,1.0,1,0.18175605675522966,41
1757,2,2371,1203,1168,0,0,0,1.0,1,1.0,1,1.0,1,0.17063697583185472,40
1758,1,2372,1203,1169,0,0,0,1.0,1,1.0,1,1.0,1,0.1479016654553756,41
1759,1,2373,1204,1169,0,0,0,1.0,1,1.0,1,1.0,1,0.18351254193044023,38
1760,2,2375,1205,1170,0,0,0,1.0,1,1.0,1,1.0,1,0.16212877683164548,38
1761,3,2378,1206,1172,0,0,0,1.0,1,1.0,1,1.0,1,0.1583685197879626,37
1762,1,2379,1207,1172,0,0,0,1.0,1,1.0,1,1.0,1,0.16680671273566638,37
1763,3,2382,1209,1173,0,0,0,1.0,1,1.0,1,1.0,1,0.155564616991557,37
1764,2,2384,1210,1174,0,0,0,1.0,1,1.0,1,1.0,1,0.16971715558833445,36
1765,4,2388,1213,1175,0,0,0,1.0,1,1.0,1,1.0,1,0.20545357051063093,36
1766,1,2389,1214,1175,0,0,0,1.0,1,1.0,1,1.0,1,0.19822089310929772,37
1767,3,2392,1216,1176,0,0,0,1.0,1,1.0,1,1.0,1,0.21686224732062312,37
1768,0,2392,1216,1176,0,0,0,1.0,1,1.0,1,1.0,1,0.17137799994934988,37
1769,2,2394,1217,1177,0,0,0,1.0,1,1.0,1,1.0,1,0.1513582025905784,38
1770,1,2395,1218,1177,0,0,0,1.0,1,1.0,1,1.0,1,0.16773860979886782,39
1771,0,2395,1218,1177,0,0,0,1.0,1,1.0,1,1.0,1,0.16773860979886782,39
1772,1,2396,1219,1177,0,0,0,1.0,1,1.0,1,1.0,1,0.18055398951161922,39
1773,3,2399,1220,1179,0,0,0,1.0,1,1.0,1,1.0,1,0.11757348394335662,41
1774,1,2400,1221,1179,0,0,0,1.0,1,1.0,1,1.0,1,0.1407384029344281,41
1775,0,2400,1221,1179,0,0,0,1.0,1,1.0,1,1.0,1,0.14409882561362644,42
1776,2,2402,1222,1180,0,0,0,1.0,1,1.0,1,1.0,1,0.13564443072601456,43
1777,1,2403,1222,1181,0,0,0,1.0,1,1.0,1,1.0,1,0.10004226901864643,43
1778,0,2403,1222,1181,0,0,0,1.0,1,1.0,1,1.0,1,0.11515510074730666,44
1779,2,2405,1222,1183,0,0,0,1.0,1,1.0,1,1.0,1,0.09000401023344196,46
1780,0,2405,1222,1183,0,0,0,1.0,1,1.0,1,1.0,1,0.09000401023344196,46
1781,1,2406,1222,1184,0,0,0,1.0,1,1.0,1,1.0,1,0.08023623868953533,46
1782,0,2406,1222,1184,0,0,0,1.0,1,1.0,1,1.0,1,0.08774687091348785,46
1783,0,2406,1222,1184,0,0,0,1.0,1,1.0,1,1.0,1,0.1030704842028651,44
1784,0,2406,1222,1184,0,0,0,1.0,1,1.0,1,1.0,1,0.08369915579348722,45
1785,1,2407,1222,1185,0,0,0,1.0,1,1.0,1,1.0,1,0.11184708445490833,42
1786,1,2408,1223,1185,0,0,0,1.0,1,1.0,1,1.0,1,0.11841052616378926,43
1787,1,2409,1224,1185,0,0,0,1.0,1,1.0,1,1.0,1,0.1408597196638542,41
1788,2,2411,1225,1186,0,0,0,1.0,1,1.0,1,1.0,1,0.16233682843338906,41
1789,3,2414,1225,1189,0,0,0,1.0,1,1.0,1,1.0,1,0.13600082808651243,41
1790,2,2416,1227,1189,0,0,0,1.0,1,1.0,1,1.0,1,0.13359913565995815,41
1791,2,2418,1228,1190,0,0,0,1.0,1,1.0,1,1.0,1,0.10752964421054696,40
1792,3,2421,1231,1190,0,0,0,1.0,1,1.0,1,1.0,1,0.10595895824319679,40
1793,3,2424,1232,1192,0,0,0,1.0,1,1.0,1,1.0,1,0.07278957582273082,41
1794,0,2424,1232,1192,0,0,0,1.0,1,1.0,1,1.0,1,0.07278957582273082,41
1795,4,2428,1236,1192,0,0,0,1.0,1,1.0,1,1.0,1,0.14360546265518698,40
1796,2,2430,1237,1193,0,0,0,1.0,1,1.0,1,1.0,1,0.12596430422254443,40
1797,3,2433,1238,1195,0,0,0,1.0,1,1.0,1,1.0,1,0.09919254458638183,37
1798,1,2434,1239,1195,0,0,0,1.0,1,1.0,1,1.0,1,0.1314517951042925,37
1799,0,2434,1239,1195,0,0,0,1.0,1,1.0,1,1.0,1,0.11567716493283887,36
1800,0,2434,1239,1195,0,0,0,1.0,1,1.0,1,1.0,1,0.11567716493283887,36
1801,0,2434,1239,1195,0,0,0,1.0,1,1.0,1,1.0,1,0.0923037987741655,34
1802,1,2435,1240,1195,0,0,0,1.0,1,1.0,1,1.0,1,0.0752482989419019,33
1803,2,2437,1242,1195,0,0,0,1.0,1,1.0,1,1.0,1,0.09634712783859604,33
1804,1,2438,1243,1195,0,0,0,1.0,1,1.0,1,1.0,1,0.13895475216636602,33
1805,4,2442,1245,1197,0,0,0,1.0,1,1.0,1,1.0,1,0.10982118135062863,35
1806,1,2443,1246,1197,0,0,0,1.0,1,1.0,1,1.0,1,0.13843353322352028,35
1807,1,2444,1246,1198,0,0,0,1.0,1,1.0,1,1.0,1,0.07111112225549966,35
1808,0,2444,1246,1198,0,0,0,1.0,1,1.0,1,1.0,1,0.036713293123969676,36
1809,0,2444,1246,1198,0,0,0,1.0,1,1.0,1,1.0,1,0.034656395621539854,36
1810,3,2447,1248,1199,0,0,0,1.0,1,1.0,1,1.0,1,0.11262705244308382,35
1811,4,2451,1249,1202,0,0,0,1.0,1,1.0,1,1.0,1,0.17061699258472682,36
1812,0,2451,1249,1202,0,0,0,1.0,1,1.0,1,1.0,1,0.15843139933643413,36
1813,1,2452,1249,1203,0,0,0,1.0,1,1.0,1,1.0,1,0.14226068395704664,36
1814,1,2453,1249,1204,0,0,0,1.0,1,1.0,1,1.0,1,0.11153081863907997,34
1815,0,2453,1249,1204,0,0,0,1.0,1,1.0,1,1.0,1,0.1242438779849486,35
1816,0,2453,1249,1204,0,0,0,1.0,1,1.0,1,1.0,1,0.133062308345493,34
1817,1,2454,1250,1204,0,0,0,1.0,1,1.0,1,1.0,1,0.11973636438318047,34
1818,0,2454,1250,1204,0,0,0,1.0,1,1.0,1,1.0,1,0.11973636438318047,34
1819,3,2457,1252,1205,0,0,0,1.0,1,1.0,1,1.0,1,0.11412105018086244,35
1820,0,2457,1252,1205,0,0,0,1.0,1,1.0,1,1.0,1,0.09125269981901364,36
1821,1,2458,1252,1206,0,0,0,1.0,1,1.0,1,1.0,1,0.047753595528536426,36
1822,1,2459,1253,1206,0,0,0,1.0,1,1.0,1,1.0,1,0.03603568841418553,37
1823,1,2460,1254,1206,0,0,0,1.0,1,1.0,1,1.0,1,0.10213889821232232,38
1824,1,2461,1255,1206,0,0,0,1.0,1,1.0,1,1.0,1,0.1010486137833985,37
1825,2,2463,1257,1206,0,0,0,1.0,1,1.0,1,1.0,1,0.12204762613622837,36
1826,1,2464,1258,1206,0,0,0,1.0,1,1.0,1,1.0,1,0.12796057002069128,35
1827,2,2466,1259,1207,0,0,0,1.0,1,1.0,1,1.0,1,0.11919337499877262,35
1828,0,2466,1259,1207,0,0,0,1.0,1,1.0,1,1.0,1,0.14554024679104863,33
1829,3,2469,1259,1210,0,0,0,1.0,1,1.0,1,1.0,1,0.10814675717987979,32
1830,1,2470,1260,1210,0,0,0,1.0,1,1.0,1,1.0,1,0.10286425736983563,32
1831,2,2472,1261,1211,0,0,0,1.0,1,1.0,1,1.0,1,0.16493120695693705,30
1832,0,2472,1261,1211,0,0,0,1.0,1,1.0,1,1.0,1,0.16493120695693705,30
1833,5,2477,1263,1214,0,0,0,1.0,1,1.0,1,1.0,1,0.19050869035697526,29
1834,0,2477,1263,1214,0,0,0,1.0,1,1.0,1,1.0,1,0.16523438552618666,28
1835,3,2480,1265,1215,0,0,0,1.0,1,1.0,1,1.0,1,0.20037596307168717,28
1836,0,2480,1265,1215,0,0,0,1.0,1,1.0,1,1.0,1,0.2024666784862554,29
1837,2,2482,1266,1216,0,0,0,1.0,1,1.0,1,1.0,1,0.23711798990343577,28
1838,0,2482,1266,1216,0,0,0,1.0,1,1.0,1,1.0,1,0.19951707550479578,28
1839,0,2482,1266,1216,0,0,0,1.0,1,1.0,1,1.0,1,0.21512611919970034,27
1840,2,2484,1266,1218,0,0,0,1.0,1,1.0,1,1.0,1,0.20431381546373123,26
1841,1,2485,1266,1219,0,0,0,1.0,1,1.0,1,1.0,1,0.17340580522215196,25
1842,2,2487,1267,1220,0,0,0,1.0,1,1.0,1,1.0,1,0.10392562142917297,26
1843,0,2487,1267,1220,0,0,0,1.0,1,1.0,1,1.0,1,0.10392562142917297,26
1844,0,2487,1267,1220,0,0,0,1.0,1,1.0,1,1.0,1,0.10392562142917297,26
1845,0,2487,1267,1220,0,0,0,1.0,1,1.0,1,1.0,1,0.10392562142917297,26
1846,1,2488,1268,1220,0,0,0,1.0,1,1.0,1,1.0,1,0.10866376909669372,26
1847,0,2488,1268,1220,0,0,0,1.0,1,1.0,1,1.0,1,0.10866376909669372,26
1848,0,2488,1268,1220,0,0,0,1.0,1,1.0,1,1.0,1,0.11409457495778588,27
1849,1,2489,1268,1221,0,0,0,1.0,1,1.0,1,1.0,1,0.07101160435798037,27
1850,0,2489,1268,1221,0,0,0,1.0,1,1.0,1,1.0,1,0.09516753931305795,28
1851,0,2489,1268,1221,0,0,0,1.0,1,1.0,1,1.0,1,0.09516753931305795,28
1852,0,2489,1268,1221,0,0,0,1.0,1,1.0,1,1.0,1,0.09516753931305795,28
1853,0,2489,1268,1221,0,0,0,1.0,1,1.0,1,1.0,1,0.12806796574444668,27
1854,0,2489,1268,1221,0,0,0,1.0,1,1.0,1,1.0,1,0.13311529382323678,28
1855,1,2490,1269,1221,0,0,0,1.0,1,1.0,1,1.0,1,0.15036140146621352,28
1856,7,2497,1272,1225,0,0,0,1.0,1,1.0,1,1.0,1,0.16541399984084582,30
1857,1,2498,1272,1226,0,0,0,1.0,1,1.0,1,1.0,1,0.13402408599098936,31
1858,2,2500,1274,1226,0,0,0,1.0,1,1.0,1,1.0,1,0.23038615869469642,31
1859,0,2500,1274,1226,0,0,0,1.0,1,1.0,1,1.0,1,0.23038615869469642,31
1860,1,2501,1275,1226,0,0,0,1.0,1,1.0,1,1.0,1,0.21534609861980947,31
1861,0,2501,1275,1226,0,0,0,1.0,1,1.0,1,1.0,1,0.21534609861980947,31
1862,1,2502,1276,1226,0,0,0,1.0,1,1.0,1,1.0,1,0.21994226260992789,31
1863,1,2503,1276,1227,0,0,0,1.0,1,1.0,1,1.0,1,0.1937464485185304,31
1864,2,2505,1278,1227,0,0,0,1.0,1,1.0,1,1.0,1,0.17724297294242522,30
1865,1,2506,1279,1227,0,0,0,1.0,1,1.0,1,1.0,1,0.14889998487646489,27
1866,1,2507,1280,1227,0,0,0,1.0,1,1.0,1,1.0,1,0.15449613646365293,28
1867,0,2507,1280,1227,0,0,0,1.0,1,1.0,1,1.0,1,0.1801601996375266,26
1868,2,2509,1282,1227,0,0,0,1.0,1,1.0,1,1.0,1,0.17718397878635148,26
1869,1,2510,1282,1228,0,0,0,1.0,1,1.0,1,1.0,1,0.17524597167067502,25
1870,1,2511,1283,1228,0,0,0,1.0,1,1.0,1,1.0,1,0.15227806390595408,25
1871,0,2511,1283,1228,0,0,0,1.0,1,1.0,1,1.0,1,0.1559767301545701,26
1872,0,2511,1283,1228,0,0,0,1.0,1,1.0,1,1.0,1,0.14144398601268354,25
1873,0,2511,1283,1228,0,0,0,1.0,1,1.0,1,1.0,1,0.15865835696933267,23
1874,1,2512,1284,1228,0,0,0,1.0,1,1.0,1,1.0,1,0.14537227577196504,23
1875,1,2513,1284,1229,0,0,0,1.0,1,1.0,1,1.0,1,0.1446155012370726,21
1876,1,2514,1285,1229,0,0,0,1.0,1,1.0,1,1.0,1,0.1840163115092038,24
1877,2,2516,1286,1230,0,0,0,1.0,1,1.0,1,1.0,1,0.17946214697840715,24
1878,2,2518,1287,1231,0,0,0,1.0,1,1.0,1,1.0,1,0.09652346870873421,26
1879,0,2518,1287,1231,0,0,0,1.0,1,1.0,1,1.0,1,0.09652346870873421,26
1880,0,2518,1287,1231,0,0,0,1.0,1,1.0,1,1.0,1,0.09652346870873421,26
1881,0,2518,1287,1231,0,0,0,1.0,1,1.0,1,1.0,1,0.09652346870873421,26
1882,0,2518,1287,1231,0,0,0,1.0,1,1.0,1,1.0,1,0.11998979489848303,25
1883,0,2518,1287,1231,0,0,0,1.0,1,1.0,1,1.0,1,0.11998979489848303,25
1884,0,2518,1287,1231,0,0,0,1.0,1,1.0,1,1.0,1,0.11998979489848303,25
1885,0,2518,1287,1231,0,0,0,1.0,1,1.0,1,1.0,1,0.11998979489848303,25
1886,0,2518,1287,1231,0,0,0,1.0,1,1.0,1,1.0,1,0.07907484685077458,26
1887,0,2518,1287,1231,0,0,0,1.0,1,1.0,1,1.0,1,0.07907484685077458,26
1888,1,2519,1288,1231,0,0,0,1.0,1,1.0,1,1.0,1,0.10740684944216769,27
1889,0,2519,1288,1231,0,0,0,1.0,1,1.0,1,1.0,1,0.13616041249849026,28
1890,0,2519,1288,1231,0,0,0,1.0,1,1.0,1,1.0,1,0.13616041249849026,28
1891,1,2520,1288,1232,0,0,0,1.0,1,1.0,1,1.0,1,0.13084221032202972,29
1892,0,2520,1288,1232,0,0,0,1.0,1,1.0,1,1.0,1,0.13084221032202972,29
1893,0,2520,1288,1232,0,0,0,1.0,1,1.0,1,1.0,1,0.13084221032202972,29
1894,0,2520,1288,1232,0,0,0,1.0,1,1.0,1,1.0,1,0.13084221032202972,29
1895,2,2522,1289,1233,0,0,0,1.0,1,1.0,1,1.0,1,0.10533209134415371,31
1896,2,2524,1290,1234,0,0,0,1.0,1,1.0,1,1.0,1,0.08127692035786906,31
1897,0,2524,1290,1234,0,0,0,1.0,1,1.0,1,1.0,1,0.08127692035786906,31
1898,0,2524,1290,1234,0,0,0,1.0,1,1.0,1,1.0,1,0.08127692035786906,31
1899,0,2524,1290,1234,0,0,0,1.0,1,1.0,1,1.0,1,0.08062118200039779,32
1900,0,2524,1290,1234,0,0,0,1.0,1,1.0,1,1.0,1,0.08062118200039779,32
1901,0,2524,1290,1234,0,0,0,1.0,1,1.0,1,1.0,1,0.08062118200039779,32
1902,1,2525,1291,1234,0,0,0,1.0,1,1.0,1,1.0,1,0.10295701729303401,32
1903,0,2525,1291,1234,0,0,0,1.0,1,1.0,1,1.0,1,0.10295701729303401,32
1904,0,2525,1291,1234,0,0,0,1.0,1,1.0,1,1.0,1,0.0690498618298815,34
1905,0,2525,1291,1234,0,0,0,1.0,1,1.0,1,1.0,1,0.0690498618298815,34
1906,0,2525,1291,1234,0,0,0,1.0,1,1.0,1,1.0,1,0.08226520308504236,35
1907,0,2525,1291,1234,0,0,0,1.0,1,1.0,1,1.0,1,0.08083088986172242,36
1908,0,2525,1291,1234,0,0,0,1.0,1,1.0,1,1.0,1,0.08083088986172242,36
1909,0,2525,1291,1234,0,0,0,1.0,1,1.0,1,1.0,1,0.08348415867086752,37
1910,1,2526,1291,1235,0,0,0,1.0,1,1.0,1,1.0,1,0.05544374455134643,38
1911,0,2526,1291,1235,0,0,0,1.0,1,1.0,1,1.0,1,0.04979256791862823,37
1912,2,2528,1293,1235,0,0,0,1.0,1,1.0,1,1.0,1,0.0574601239755471,37
1913,0,2528,1293,1235,0,0,0,1.0,1,1.0,1,1.0,1,0.07322757945260785,36
1914,4,2532,1296,1236,0,0,0,1.0,1,1.0,1,1.0,1,0.10497185695034995,37
1915,1,2533,1297,1236,0,0,0,1.0,1,1.0,1,1.0,1,0.09559336939117315,37
1916,2,2535,1298,1237,0,0,0,1.0,1,1.0,1,1.0,1,0.13222358042294677,39
1917,2,2537,1300,1237,0,0,0,1.0,1,1.0,1,1.0,1,0.22923983967863182,38
1918,9,2546,1302,1244,0,0,0,1.0,1,1.0,1,1.0,1,0.14490264460286564,38
1919,0,2546,1302,1244,0,0,0,1.0,1,1.0,1,1.0,1,0.18023431208820537,38
1920,1,2547,1303,1244,0,0,0,1.0,1,1.0,1,1.0,1,0.2005506422502232,39
1921,2,2549,1303,1246,0,0,0,1.0,1,1.0,1,1.0,1,0.15075181094665044,38
1922,1,2550,1304,1246,0,0,0,1.0,1,1.0,1,1.0,1,0.15271834940465362,39
1923,3,2553,1306,1247,0,0,0,1.0,1,1.0,1,1.0,1,0.1539757472220106,40
1924,1,2554,1306,1248,0,0,0,1.0,1,1.0,1,1.0,1,0.12395727851854232,40
1925,1,2555,1306,1249,0,0,0,1.0,1,1.0,1,1.0,1,0.06283499686547468,40
1926,1,2556,1307,1249,0,0,0,1.0,1,1.0,1,1.0,1,0.07620755595744014,40
1927,0,2556,1307,1249,0,0,0,1.0,1,1.0,1,1.0,1,0.07127864511913502,41
1928,1,2557,1308,1249,0,0,0,1.0,1,1.0,1,1.0,1,0.05741593807223762,41
1929,1,2558,1309,1249,0,0,0,1.0,1,1.0,1,1.0,1,0.10328220134868529,40
1930,1,2559,1310,1249,0,0,0,1.0,1,1.0,1,1.0,1,0.13132509638139236,40
1931,1,2560,1310,1250,0,0,0,1.0,1,1.0,1,1.0,1,0.09847726311668016,40
1932,0,2560,1310,1250,0,0,0,1.0,1,1.0,1,1.0,1,0.09847726311668016,40
1933,0,2560,1310,1250,0,0,0,1.0,1,1.0,1,1.0,1,0.11767927250490373,42
1934,2,2562,1310,1252,0,0,0,1.0,1,1.0,1,1.0,1,0.08190916389581587,44
1935,0,2562,1310,1252,0,0,0,1.0,1,1.0,1,1.0,1,0.08190916389581587,44
1936,2,2564,1311,1253,0,0,0,1.0,1,1.0,1,1.0,1,0.10721669282859768,46
1937,2,2566,1313,1253,0,0,0,1.0,1,1.0,1,1.0,1,0.09069313037921985,47
1938,1,2567,1313,1254,0,0,0,1.0,1,1.0,1,1.0,1,0.0649957899925677,47
1939,1,2568,1314,1254,0,0,0,1.0,1,1.0,1,1.0,1,0.05733908625380312,47
1940,0,2568,1314,1254,0,0,0,1.0,1,1.0,1,1.0,1,0.05733908625380312,47
1941,2,2570,1316,1254,0,0,0,1.0,1,1.0,1,1.0,1,0.0695828395293422,47
1942,2,2572,1317,1255,0,0,0,1.0,1,1.0,1,1.0,1,0.077950028854384,49
1943,2,2574,1318,1256,0,0,0,1.0,1,1.0,1,1.0,1,0.0984495336681794,47
1944,0,2574,1318,1256,0,0,0,1.0,1,1.0,1,1.0,1,0.0984495336681794,47
1945,3,2577,1319,1258,0,0,0,1.0,1,1.0,1,1.0,1,0.13224086900819298,45
1946,2,2579,1319,1260,0,0,0,1.0,1,1.0,1,1.0,1,0.11041007933886338,45
1947,5,2584,1322,1262,0,0,0,1.0,1,1.0,1,1.0,1,0.1573390156524929,45
1948,2,2586,1322,1264,0,0,0,1.0,1,1.0,1,1.0,1,0.1534304607303749,45
1949,5,2591,1324,1267,0,0,0,1.0,1,1.0,1,1.0,1,0.1533001167806183,42
1950,0,2591,1324,1267,0,0,0,1.0,1,1.0,1,1.0,1,0.1419618777894371,42
1951,0,2591,1324,1267,0,0,0,1.0,1,1.0,1,1.0,1,0.15279910785318748,38
1952,1,2592,1325,1267,0,0,0,1.0,1,1.0,1,1.0,1,0.1509451901709925,36
1953,4,2596,1326,1270,0,0,0,1.0,1,1.0,1,1.0,1,0.09322329395047182,35
1954,0,2596,1326,1270,0,0,0,1.0,1,1.0,1,1.0,1,0.12848283364515603,32
1955,0,2596,1326,1270,0,0,0,1.0,1,1.0,1,1.0,1,0.10287977041434426,33
1956,2,2598,1328,1270,0,0,0,1.0,1,1.0,1,1.0,1,0.18455477428153708,31
1957,3,2601,1328,1273,0,0,0,1.0,1,1.0,1,1.0,1,0.049817891353996356,33
1958,2,2603,1330,1273,0,0,0,1.0,1,1.0,1,1.0,1,0.12770902033588832,34
1959,0,2603,1330,1273,0,0,0,1.0,1,1.0,1,1.0,1,0.10122802462820345,35
1960,2,2605,1332,1273,0,0,0,1.0,1,1.0,1,1.0,1,0.1194096938197211,36
1961,2,2607,1333,1274,0,0,0,1.0,1,1.0,1,1.0,1,0.1266943697538416,36
1962,0,2607,1333,1274,0,0,0,1.0,1,1.0,1,1.0,1,0.10458625448068999,35
1963,0,2607,1333,1274,0,0,0,1.0,1,1.0,1,1.0,1,0.11992303824693516,36
1964,2,2609,1335,1274,0,0,0,1.0,1,1.0,1,1.0,1,0.12928408306984118,35
1965,1,2610,1336,1274,0,0,0,1.0,1,1.0,1,1.0,1,0.10191714827327762,36
1966,4,2614,1338,1276,0,0,0,1.0,1,1.0,1,1.0,1,0.0763289066861893,36
1967,1,2615,1339,1276,0,0,0,1.0,1,1.0,1,1.0,1,0.07468288500696182,36
1968,1,2616,1340,1276,0,0,0,1.0,1,1.0,1,1.0,1,0.0961796952613955,37
1969,1,2617,1340,1277,0,0,0,1.0,1,1.0,1,1.0,1,0.08279300559659897,37
1970,1,2618,1341,1277,0,0,0,1.0,1,1.0,1,1.0,1,0.15136836254884353,38
1971,1,2619,1342,1277,0,0,0,1.0,1,1.0,1,1.0,1,0.15780950371940575,37
1972,0,2619,1342,1277,0,0,0,1.0,1,1.0,1,1.0,1,0.15780950371940575,37
1973,2,2621,1343,1278,0,0,0,1.0,1,1.0,1,1.0,1,0.1735488626556895,37
1974,2,2623,1343,1280,0,0,0,1.0,1,1.0,1,1.0,1,0.1183409067148087,38
1975,0,2623,1343,1280,0,0,0,1.0,1,1.0,1,1.0,1,0.1470152615955763,37
1976,1,2624,1343,1281,0,0,0,1.0,1,1.0,1,1.0,1,0.1646436738121763,39
1977,3,2627,1344,1283,0,0,0,1.0,1,1.0,1,1.0,1,0.09385367929674944,42
1978,0,2627,1344,1283,0,0,0,1.0,1,1.0,1,1.0,1,0.09385367929674944,42
1979,0,2627,1344,1283,0,0,0,1.0,1,1.0,1,1.0,1,0.09385367929674944,42
1980,0,2627,1344,1283,0,0,0,1.0,1,1.0,1,1.0,1,0.10655896600664226,43
1981,0,2627,1344,1283,0,0,0,1.0,1,1.0,1,1.0,1,0.11779992195415755,44
1982,3,2630,1346,1284,0,0,0,1.0,1,1.0,1,1.0,1,0.0814099421282383,44
1983,1,2631,1347,1284,0,0,0,1.0,1,1.0,1,1.0,1,0.08599107446205584,44
1984,1,2632,1348,1284,0,0,0,1.0,1,1.0,1,1.0,1,0.1200423903861126,42
1985,1,2633,1348,1285,0,0,0,1.0,1,1.0,1,1.0,1,0.0946362625549463,41
1986,0,2633,1348,1285,0,0,0,1.0,1,1.0,1,1.0,1,0.10532448505115075,40
1987,1,2634,1348,1286,0,0,0,1.0,1,1.0,1,1.0,1,0.054908755566952475,37
1988,2,2636,1350,1286,0,0,0,1.0,1,1.0,1,1.0,1,0.10924531742847894,35
1989,3,2639,1351,1288,0,0,0,1.0,1,1.0,1,1.0,1,0.11171773219115336,32
1990,2,2641,1353,1288,0,0,0,1.0,1,1.0,1,1.0,1,0.10762679146131329,31
1991,0,2641,1353,1288,0,0,0,1.0,1,1.0,1,1.0,1,0.13275551205251587,32
1992,2,2643,1355,1288,0,0,0,1.0,1,1.0,1,1.0,1,0.16046974488124358,32
1993,4,2647,1358,1289,0,0,0,1.0,1,1.0,1,1.0,1,0.14132339139096028,32
1994,0,2647,1358,1289,0,0,0,1.0,1,1.0,1,1.0,1,0.12797469715821314,31
1995,0,2647,1358,1289,0,0,0,1.0,1,1.0,1,1.0,1,0.11343058634239152,32
1996,1,2648,1358,1290,0,0,0,1.0,1,1.0,1,1.0,1,0.08711256603573167,32
1997,1,2649,1358,1291,0,0,0,1.0,1,1.0,1,1.0,1,0.10964237622153088,31
1998,0,2649,1358,1291,0,0,0,1.0,1,1.0,1,1.0,1,0.0822705454268856,32
1999,0,2649,1358,1291,0,0,0,1.0,1,1.0,1,1.0,1,0.11821588481028918,31
2000,0,2649,1358,1291,0,0,0,1.0,1,1.0,1,1.0,1,0.11680924796364617,30
2001,1,2650,1358,1292,0,0,0,1.0,1,1.0,1,1.0,1,0.13761068549479136,29
2002,1,2651,1358,1293,0,0,0,1.0,1,1.0,1,1.0,1,0.07910341219917559,31
2003,0,2651,1358,1293,0,0,0,1.0,1,1.0,1,1.0,1,0.10770211935583711,33
2004,2,2653,1359,1294,0,0,0,1.0,1,1.0,1,1.0,1,0.12695366896842497,34
2005,1,2654,1359,1295,0,0,0,1.0,1,1.0,1,1.0,1,0.1247324839452214,35
2006,1,2655,1360,1295,0,0,0,1.0,1,1.0,1,1.0,1,0.1139872713703826,36
2007,1,2656,1361,1295,0,0,0,1.0,1,1.0,1,1.0,1,0.10421266458810304,36
2008,3,2659,1363,1296,0,0,0,1.0,1,1.0,1,1.0,1,0.14013584904582455,36
2009,1,2660,1364,1296,0,0,0,1.0,1,1.0,1,1.0,1,0.12018924880244593,37
2010,1,2661,1365,1296,0,0,0,1.0,1,1.0,1,1.0,1,0.10951624905785275,37
2011,0,2661,1365,1296,0,0,0,1.0,1,1.0,1,1.0,1,0.10951624905785275,37
2012,1,2662,1366,1296,0,0,0,1.0,1,1.0,1,1.0,1,0.09868016158674352,37
2013,1,2663,1366,1297,0,0,0,1.0,1,1.0,1,1.0,1,0.10241151262263752,39
2014,1,2664,1366,1298,0,0,0,1.0,1,1.0,1,1.0,1,0.13087148698123563,39
2015,0,2664,1366,1298,0,0,0,1.0,1,1.0,1,1.0,1,0.13087148698123563,39
2016,2,2666,1368,1298,0,0,0,1.0,1,1.0,1,1.0,1,0.1061437257590926,41
2017,1,2667,1368,1299,0,0,0,1.0,1,1.0,1,1.0,1,0.08555256277598347,41
2018,5,2672,1371,1301,0,0,0,1.0,1,1.0,1,1.0,1,0.09522643421843031,42
2019,1,2673,1372,1301,0,0,0,1.0,1,1.0,1,1.0,1,0.09951390274931221,43
2020,2,2675,1374,1301,0,0,0,1.0,1,1.0,1,1.0,1,0.1275337485795466,43
2021,1,2676,1374,1302,0,0,0,1.0,1,1.0,1,1.0,1,0.11196987443654352,43
2022,0,2676,1374,1302,0,0,0,1.0,1,1.0,1,1.0,1,0.09486780419136326,44
2023,2,2678,1376,1302,0,0,0,1.0,1,1.0,1,1.0,1,0.19734647240273587,42
2024,5,2683,1379,1304,0,0,0,1.0,1,1.0,1,1.0,1,0.14905125853137147,41
2025,5,2688,1381,1307,0,0,0,1.0,1,1.0,1,1.0,1,0.18094382141561033,39
2026,0,2688,1381,1307,0,0,0,1.0,1,1.0,1,1.0,1,0.15988116698956162,39
2027,1,2689,1382,1307,0,0,0,1.0,1,1.0,1,1.0,1,0.24232656557290436,38
2028,0,2689,1382,1307,0,0,0,1.0,1,1.0,1,1.0,1,0.22449443277586556,37
2029,2,2691,1382,1309,0,0,0,1.0,1,1.0,1,1.0,1,0.2025866397416888,35
2030,0,2691,1382,1309,0,0,0,1.0,1,1.0,1,1.0,1,0.18625833430043984,32
2031,3,2694,1384,1310,0,0,0,1.0,1,1.0,1,1.0,1,0.15625082998083412,34
2032,0,2694,1384,1310,0,0,0,1.0,1,1.0,1,1.0,1,0.13325887153723143,35
2033,3,2697,1387,1310,0,0,0,1.0,1,1.0,1,1.0,1,0.14378868806906078,35
2034,3,2700,1388,1312,0,0,0,1.0,1,1.0,1,1.0,1,0.10407313809123286,35
2035,2,2702,1390,1312,0,0,0,1.0,1,1.0,1,1.0,1,0.12298023110553581,36
2036,1,2703,1391,1312,0,0,0,1.0,1,1.0,1,1.0,1,0.17972480446574549,35
2037,4,2707,1392,1315,0,0,0,1.0,1,1.0,1,1.0,1,0.10636427186483623,36
2038,1,2708,1393,1315,0,0,0,1.0,1,1.0,1,1.0,1,0.12693190618710815,38
2039,1,2709,1394,1315,0,0,0,1.0,1,1.0,1,1.0,1,0.10236848904861885,38
2040,0,2709,1394,1315,0,0,0,1.0,1,1.0,1,1.0,1,0.08816300487097052,37
2041,0,2709,1394,1315,0,0,0,1.0,1,1.0,1,1.0,1,0.09221610875000663,38
2042,0,2709,1394,1315,0,0,0,1.0,1,1.0,1,1.0,1,0.09221610875000663,38
2043,1,2710,1395,1315,0,0,0,1.0,1,1.0,1,1.0,1,0.12201798284617514,38
2044,2,2712,1397,1315,0,0,0,1.0,1,1.0,1,1.0,1,0.08278245746682765,39
2045,0,2712,1397,1315,0,0,0,1.0,1,1.0,1,1.0,1,0.100816218319613,40
2046,1,2713,1398,1315,0,0,0,1.0,1,1.0,1,1.0,1,0.07145952683957088,41
2047,1,2714,1398,1316,0,0,0,1.0,1,1.0,1,1.0,1,0.052559031418748035,41
2048,1,2715,1399,1316,0,0,0,1.0,1,1.0,1,1.0,1,0.015222236635348163,43
2049,0,2715,1399,1316,0,0,0,1.0,1,1.0,1,1.0,1,0.015222236635348163,43
2050,0,2715,1399,1316,0,0,0,1.0,1,1.0,1,1.0,1,0.021902429795752184,43
2051,1,2716,1400,1316,0,0,0,1.0,1,1.0,1,1.0,1,0.07995616271923393,43
2052,0,2716,1400,1316,0,0,0,1.0,1,1.0,1,1.0,1,0.08357380990308379,44
2053,1,2717,1401,1316,0,0,0,1.0,1,1.0,1,1.0,1,0.13185596888772347,43
2054,3,2720,1403,1317,0,0,0,1.0,1,1.0,1,1.0,1,0.11588665490158234,44
2055,2,2722,1403,1319,0,0,0,1.0,1,1.0,1,1.0,1,0.08449174836970685,43
2056,0,2722,1403,1319,0,0,0,1.0,1,1.0,1,1.0,1,0.0715156076072111,44
2057,3,2725,1406,1319,0,0,0,1.0,1,1.0,1,1.0,1,0.07809887758615826,44
2058,2,2727,1408,1319,0,0,0,1.0,1,1.0,1,1.0,1,0.07305196517570135,44
2059,2,2729,1409,1320,0,0,0,1.0,1,1.0,1,1.0,1,0.07059582775048988,45
2060,1,2730,1410,1320,0,0,0,1.0,1,1.0,1,1.0,1,0.08977530120465944,46
2061,2,2732,1411,1321,0,0,0,1.0,1,1.0,1,1.0,1,0.0967926152403307,48
2062,1,2733,1411,1322,0,0,0,1.0,1,1.0,1,1.0,1,0.08648950051532586,48
2063,1,2734,1412,1322,0,0,0,1.0,1,1.0,1,1.0,1,0.10680549225917654,45
2064,1,2735,1413,1322,0,0,0,1.0,1,1.0,1,1.0,1,0.08105036594738868,44
2065,1,2736,1413,1323,0,0,0,1.0,1,1.0,1,1.0,1,0.08309932642305005,42
2066,2,2738,1415,1323,0,0,0,1.0,1,1.0,1,1.0,1,0.0669395961696998,42
2067,1,2739,1415,1324,0,0,0,1.0,1,1.0,1,1.0,1,0.03639091751606557,38
2068,0,2739,1415,1324,0,0,0,1.0,1,1.0,1,1.0,1,0.057613161116068574,37
2069,0,2739,1415,1324,0,0,0,1.0,1,1.0,1,1.0,1,0.07683315510603318,35
2070,2,2741,1417,1324,0,0,0,1.0,1,1.0,1,1.0,1,0.08080624249585835,35
2071,0,2741,1417,1324,0,0,0,1.0,1,1.0,1,1.0,1,0.10733493522920858,34
2072,3,2744,1419,1325,0,0,0,1.0,1,1.0,1,1.0,1,0.14015469450363255,35
2073,1,2745,1419,1326,0,0,0,1.0,1,1.0,1,1.0,1,0.1208248987206671,37
2074,0,2745,1419,1326,0,0,0,1.0,1,1.0,1,1.0,1,0.10417234631503135,36
2075,0,2745,1419,1326,0,0,0,1.0,1,1.0,1,1.0,1,0.09412221313187787,38
2076,0,2745,1419,1326,0,0,0,1.0,1,1.0,1,1.0,1,0.07531802166083523,37
2077,0,2745,1419,1326,0,0,0,1.0,1,1.0,1,1.0,1,0.07531802166083523,37
2078,0,2745,1419,1326,0,0,0,1.0,1,1.0,1,1.0,1,0.07531802166083523,37
2079,0,2745,1419,1326,0,0,0,1.0,1,1.0,1,1.0,1,0.07531802166083523,37
2080,0,2745,1419,1326,0,0,0,1.0,1,1.0,1,1.0,1,0.0715729075363828,36
2081,2,2747,1421,1326,0,0,0,1.0,1,1.0,1,1.0,1,0.044821859554889265,37
2082,1,2748,1422,1326,0,0,0,1.0,1,1.0,1,1.0,1,0.07970875216690568,38
2083,1,2749,1423,1326,0,0,0,1.0,1,1.0,1,1.0,1,0.08293670999960101,39
2084,2,2751,1424,1327,0,0,0,1.0,1,1.0,1,1.0,1,0.12630967050412076,41
2085,4,2755,1427,1328,0,0,0,1.0,1,1.0,1,1.0,1,0.12981862925156168,41
2086,0,2755,1427,1328,0,0,0,1.0,1,1.0,1,1.0,1,0.1163617455377744,44
2087,2,2757,1429,1328,0,0,0,1.0,1,1.0,1,1.0,1,0.13150963319316192,44
2088,1,2758,1429,1329,0,0,0,1.0,1,1.0,1,1.0,1,0.107693469669001,45
2089,2,2760,1430,1330,0,0,0,1.0,1,1.0,1,1.0,1,0.07273759139352205,46
2090,1,2761,1430,1331,0,0,0,1.0,1,1.0,1,1.0,1,0.05339023567889547,47
2091,3,2764,1432,1332,0,0,0,1.0,1,1.0,1,1.0,1,0.06619062713355994,48
2092,5,2769,1434,1335,0,0,0,1.0,1,1.0,1,1.0,1,0.05201292992098658,48
2093,0,2769,1434,1335,0,0,0,1.0,1,1.0,1,1.0,1,0.05201292992098658,48
2094,0,2769,1434,1335,0,0,0,1.0,1,1.0,1,1.0,1,0.06058359144350361,47
2095,1,2770,1435,1335,0,0,0,1.0,1,1.0,1,1.0,1,0.05898977549414573,49
2096,0,2770,1435,1335,0,0,0,1.0,1,1.0,1,1.0,1,0.0455246020451647,50
2097,0,2770,1435,1335,0,0,0,1.0,1,1.0,1,1.0,1,0.0455246020451647,50
2098,2,2772,1437,1335,0,0,0,1.0,1,1.0,1,1.0,1,0.05547264528142073,51
2099,1,2773,1438,1335,0,0,0,1.0,1,1.0,1,1.0,1,0.09620677941081963,50
2100,1,2774,1439,1335,0,0,0,1.0,1,1.0,1,1.0,1,0.10232555715630694,49
2101,3,2777,1439,1338,0,0,0,1.0,1,1.0,1,1.0,1,0.07462282557018027,48
2102,4,2781,1442,1339,0,0,0,1.0,1,1.0,1,1.0,1,0.12209235182619067,49
2103,1,2782,1443,1339,0,0,0,1.0,1,1.0,1,1.0,1,0.11083701556887474,44
2104,0,2782,1443,1339,0,0,0,1.0,1,1.0,1,1.0,1,0.12841864232241942,42
2105,2,2784,1445,1339,0,0,0,1.0,1,1.0,1,1.0,1,0.1466774168947014,40
2106,0,2784,1445,1339,0,0,0,1.0,1,1.0,1,1.0,1,0.17371398362434812,39
2107,1,2785,1446,1339,0,0,0,1.0,1,1.0,1,1.0,1,0.15605717231876656,37
2108,1,2786,1447,1339,0,0,0,1.0,1,1.0,1,1.0,1,0.14660079630315462,37
2109,0,2786,1447,1339,0,0,0,1.0,1,1.0,1,1.0,1,0.12843719044324198,36
2110,0,2786,1447,1339,0,0,0,1.0,1,1.0,1,1.0,1,0.09801846072806311,35
2111,3,2789,1449,1340,0,0,0,1.0,1,1.0,1,1.0,1,0.08764556808278819,35
2112,0,2789,1449,1340,0,0,0,1.0,1,1.0,1,1.0,1,0.08764556808278819,35
2113,1,2790,1450,1340,0,0,0,1.0,1,1.0,1,1.0,1,0.11603439836981311,35
2114,1,2791,1451,1340,0,0,0,1.0,1,1.0,1,1.0,1,0.10816448599252561,36
2115,0,2791,1451,1340,0,0,0,1.0,1,1.0,1,1.0,1,0.10970013919580492,37
2116,3,2794,1453,1341,0,0,0,1.0,1,1.0,1,1.0,1,0.10890810058788916,39
2117,0,2794,1453,1341,0,0,0,1.0,1,1.0,1,1.0,1,0.07882076211161096,39
2118,1,2795,1453,1342,0,0,0,1.0,1,1.0,1,1.0,1,0.0691689564906031,41
2119,1,2796,1454,1342,0,0,0,1.0,1,1.0,1,1.0,1,0.0909891034218715,42
2120,1,2797,1454,1343,0,0,0,1.0,1,1.0,1,1.0,1,0.06017032518468727,42
2121,1,2798,1455,1343,0,0,0,1.0,1,1.0,1,1.0,1,0.07405232940121002,42
2122,1,2799,1455,1344,0,0,0,1.0,1,1.0,1,1.0,1,0.06533987898866467,43
2123,0,2799,1455,1344,0,0,0,1.0,1,1.0,1,1.0,1,0.08785071135261993,42
2124,0,2799,1455,1344,0,0,0,1.0,1,1.0,1,1.0,1,0.08785071135261993,42
2125,0,2799,1455,1344,0,0,0,1.0,1,1.0,1,1.0,1,0.09396346102171735,41
2126,0,2799,1455,1344,0,0,0,1.0,1,1.0,1,1.0,1,0.09396346102171735,41
2127,0,2799,1455,1344,0,0,0,1.0,1,1.0,1,1.0,1,0.09396346102171735,41
2128,1,2800,1455,1345,0,0,0,1.0,1,1.0,1,1.0,1,0.05037588732304949,42
2129,0,2800,1455,1345,0,0,0,1.0,1,1.0,1,1.0,1,0.06299694802950175,43
2130,1,2801,1455,1346,0,0,0,1.0,1,1.0,1,1.0,1,0.03011861018175216,45
2131,2,2803,1457,1346,0,0,0,1.0,1,1.0,1,1.0,1,0.033915746569967375,44
2132,0,2803,1457,1346,0,0,0,1.0,1,1.0,1,1.0,1,0.033915746569967375,44
2133,1,2804,1458,1346,0,0,0,1.0,1,1.0,1,1.0,1,0.032347111294969005,45
2134,2,2806,1460,1346,0,0,0,1.0,1,1.0,1,1.0,1,0.0593645760354297,45
2135,2,2808,1462,1346,0,0,0,1.0,1,1.0,1,1.0,1,0.042246613839509936,46
2136,2,2810,1464,1346,0,0,0,1.0,1,1.0,1,1.0,1,0.10309337289593837,47
2137,6,2816,1468,1348,0,0,0,1.0,1,1.0,1,1.0,1,0.1427410593276923,47
2138,3,2819,1470,1349,0,0,0,1.0,1,1.0,1,1.0,1,0.13849984153076708,45
2139,2,2821,1471,1350,0,0,0,1.0,1,1.0,1,1.0,1,0.14051372061831546,45
2140,2,2823,1473,1350,0,0,0,1.0,1,1.0,1,1.0,1,0.1297727215207974,44
2141,4,2827,1475,1352,0,0,0,1.0,1,1.0,1,1.0,1,0.06343944012899502,45
2142,1,2828,1476,1352,0,0,0,1.0,1,1.0,1,1.0,1,0.0767574005683501,46
2143,3,2831,1477,1354,0,0,0,1.0,1,1.0,1,1.0,1,0.08193962466912555,46
2144,1,2832,1478,1354,0,0,0,1.0,1,1.0,1,1.0,1,0.03335153323186428,48
2145,2,2834,1480,1354,0,0,0,1.0,1,1.0,1,1.0,1,0.07882124477343908,46
2146,2,2836,1482,1354,0,0,0,1.0,1,1.0,1,1.0,1,0.04075943611065949,45
2147,2,2838,1484,1354,0,0,0,1.0,1,1.0,1,1.0,1,0.08274400278912082,44
2148,1,2839,1485,1354,0,0,0,1.0,1,1.0,1,1.0,1,0.04587024261522871,44
2149,4,2843,1489,1354,0,0,0,1.0,1,1.0,1,1.0,1,0.07007013216136196,42
2150,2,2845,1491,1354,0,0,0,1.0,1,1.0,1,1.0,1,0.05110724851446571,40
2151,1,2846,1492,1354,0,0,0,1.0,1,1.0,1,1.0,1,0.057624996506205346,39
2152,1,2847,1493,1354,0,0,0,1.0,1,1.0,1,1.0,1,0.04117449252129179,40
2153,3,2850,1495,1355,0,0,0,1.0,1,1.0,1,1.0,1,0.07148931958606744,42
2154,1,2851,1495,1356,0,0,0,1.0,1,1.0,1,1.0,1,0.08419735238655303,42
2155,0,2851,1495,1356,0,0,0,1.0,1,1.0,1,1.0,1,0.0837673678431463,41
2156,0,2851,1495,1356,0,0,0,1.0,1,1.0,1,1.0,1,0.1286332839702706,40
2157,1,2852,1495,1357,0,0,0,1.0,1,1.0,1,1.0,1,0.10966145636637799,40
2158,1,2853,1496,1357,0,0,0,1.0,1,1.0,1,1.0,1,0.11416813579431302,38
2159,0,2853,1496,1357,0,0,0,1.0,1,1.0,1,1.0,1,0.11869818234937264,38
2160,1,2854,1497,1357,0,0,0,1.0,1,1.0,1,1.0,1,0.1275256426634259,38
2161,4,2858,1499,1359,0,0,0,1.0,1,1.0,1,1.0,1,0.12323646315373253,38
2162,1,2859,1500,1359,0,0,0,1.0,1,1.0,1,1.0,1,0.15478949873918382,38
2163,2,2861,1502,1359,0,0,0,1.0,1,1.0,1,1.0,1,0.20822023418945176,40
2164,1,2862,1503,1359,0,0,0,1.0,1,1.0,1,1.0,1,0.26767102362879225,41
2165,5,2867,1505,1362,0,0,0,1.0,1,1.0,1,1.0,1,0.21474165093596553,42
2166,1,2868,1505,1363,0,0,0,1.0,1,1.0,1,1.0,1,0.19947083382957864,42
2167,0,2868,1505,1363,0,0,0,1.0,1,1.0,1,1.0,1,0.17626466699370832,43
2168,0,2868,1505,1363,0,0,0,1.0,1,1.0,1,1.0,1,0.15685167394983468,43
2169,1,2869,1505,1364,0,0,0,1.0,1,1.0,1,1.0,1,0.14660494617939632,45
2170,6,2875,1507,1368,0,0,0,1.0,1,1.0,1,1.0,1,0.1159571449714293,46
2171,1,2876,1507,1369,0,0,0,1.0,1,1.0,1,1.0,1,0.10835932894188222,48
2172,1,2877,1508,1369,0,0,0,1.0,1,1.0,1,1.0,1,0.11669936440608329,49
2173,1,2878,1509,1369,0,0,0,1.0,1,1.0,1,1.0,1,0.09458000064752153,49
2174,2,2880,1510,1370,0,0,0,1.0,1,1.0,1,1.0,1,0.07314439138628874,49
2175,0,2880,1510,1370,0,0,0,1.0,1,1.0,1,1.0,1,0.07314439138628874,49
2176,0,2880,1510,1370,0,0,0,1.0,1,1.0,1,1.0,1,0.08173819602291126,51
2177,2,2882,1512,1370,0,0,0,1.0,1,1.0,1,1.0,1,0.05369250500484663,51
2178,2,2884,1514,1370,0,0,0,1.0,1,1.0,1,1.0,1,0.05635065388831631,50
2179,4,2888,1518,1370,0,0,0,1.0,1,1.0,1,1.0,1,0.06914281080155617,49
2180,0,2888,1518,1370,0,0,0,1.0,1,1.0,1,1.0,1,0.081224567431589,47
2181,2,2890,1520,1370,0,0,0,1.0,1,1.0,1,1.0,1,0.040781665511217285,47
2182,1,2891,1521,1370,0,0,0,1.0,1,1.0,1,1.0,1,0.011432519931577434,45
2183,2,2893,1523,1370,0,0,0,1.0,1,1.0,1,1.0,1,0.03564037461852969,44
2184,2,2895,1525,1370,0,0,0,1.0,1,1.0,1,1.0,1,0.07499197661394112,43
2185,4,2899,1529,1370,0,0,0,1.0,1,1.0,1,1.0,1,0.13459029760891497,40
2186,4,2903,1533,1370,0,0,0,1.0,1,1.0,1,1.0,1,0.11391737215972979,38
2187,3,2906,1536,1370,0,0,0,1.0,1,1.0,1,1.0,1,0.1097485633410739,35
2188,1,2907,1537,1370,0,0,0,1.0,1,1.0,1,1.0,1,0.1345726808447345,34
2189,0,2907,1537,1370,0,0,0,1.0,1,1.0,1,1.0,1,0.0970426800209183,31
2190,1,2908,1538,1370,0,0,0,1.0,1,1.0,1,1.0,1,0.1514697148992697,29
2191,1,2909,1539,1370,0,0,0,1.0,1,1.0,1,1.0,1,0.17537882783758776,28
2192,2,2911,1540,1371,0,0,0,1.0,1,1.0,1,1.0,1,0.20952346592738966,29
2193,3,2914,1541,1373,0,0,0,1.0,1,1.0,1,1.0,1,0.19107240592120045,28
2194,0,2914,1541,1373,0,0,0,1.0,1,1.0,1,1.0,1,0.18954536471839215,27
2195,2,2916,1543,1373,0,0,0,1.0,1,1.0,1,1.0,1,0.15332334896183172,27
2196,3,2919,1544,1375,0,0,0,1.0,1,1.0,1,1.0,1,0.19510380728538806,27
2197,2,2921,1545,1376,0,0,0,1.0,1,1.0,1,1.0,1,0.1554019368375493,27
2198,0,2921,1545,1376,0,0,0,1.0,1,1.0,1,1.0,1,0.1256411972712746,28
2199,1,2922,1545,1377,0,0,0,1.0,1,1.0,1,1.0,1,0.1295311610308666,29
2200,2,2924,1546,1378,0,0,0,1.0,1,1.0,1,1.0,1,0.14085834165407748,31
2201,2,2926,1548,1378,0,0,0,1.0,1,1.0,1,1.0,1,0.16168158918815778,32
2202,0,2926,1548,1378,0,0,0,1.0,1,1.0,1,1.0,1,0.17773105047914298,31
2203,0,2926,1548,1378,0,0,0,1.0,1,1.0,1,1.0,1,0.14254491064846952,32
2204,0,2926,1548,1378,0,0,0,1.0,1,1.0,1,1.0,1,0.14254491064846952,32
2205,1,2927,1548,1379,0,0,0,1.0,1,1.0,1,1.0,1,0.12177511330573501,33
2206,1,2928,1549,1379,0,0,0,1.0,1,1.0,1,1.0,1,0.11514540474179433,32
2207,1,2929,1549,1380,0,0,0,1.0,1,1.0,1,1.0,1,0.0865577870171943,33
2208,0,2929,1549,1380,0,0,0,1.0,1,1.0,1,1.0,1,0.05851240697216207,35
2209,1,2930,1550,1380,0,0,0,1.0,1,1.0,1,1.0,1,0.10863859791305762,36
2210,0,2930,1550,1380,0,0,0,1.0,1,1.0,1,1.0,1,0.12712035592570048,35
2211,1,2931,1550,1381,0,0,0,1.0,1,1.0,1,1.0,1,0.12976366968266395,36
2212,1,2932,1551,1381,0,0,0,1.0,1,1.0,1,1.0,1,0.12406502342471123,37
2213,4,2936,1555,1381,0,0,0,1.0,1,1.0,1,1.0,1,0.12157568450616774,37
2214,0,2936,1555,1381,0,0,0,1.0,1,1.0,1,1.0,1,0.09275623404186059,39
2215,4,2940,1559,1381,0,0,0,1.0,1,1.0,1,1.0,1,0.10669122148040867,36
2216,2,2942,1561,1381,0,0,0,1.0,1,1.0,1,1.0,1,0.11093069007535333,37
2217,3,2945,1563,1382,0,0,0,1.0,1,1.0,1,1.0,1,0.10914115948940488,35
2218,1,2946,1563,1383,0,0,0,1.0,1,1.0,1,1.0,1,0.09323106559052288,35
2219,0,2946,1563,1383,0,0,0,1.0,1,1.0,1,1.0,1,0.05967210161685619,33
2220,0,2946,1563,1383,0,0,0,1.0,1,1.0,1,1.0,1,0.05249248218697206,31
2221,0,2946,1563,1383,0,0,0,1.0,1,1.0,1,1.0,1,0.05249248218697206,31
2222,1,2947,1564,1383,0,0,0,1.0,1,1.0,1,1.0,1,0.08608031246781625,30
2223,0,2947,1564,1383,0,0,0,1.0,1,1.0,1,1.0,1,0.08218382364764597,28
2224,3,2950,1567,1383,0,0,0,1.0,1,1.0,1,1.0,1,0.11249197429847595,29
2225,2,2952,1569,1383,0,0,0,1.0,1,1.0,1,1.0,1,0.12333880707134566,28
2226,1,2953,1570,1383,0,0,0,1.0,1,1.0,1,1.0,1,0.08345296643927204,30
2227,0,2953,1570,1383,0,0,0,1.0,1,1.0,1,1.0,1,0.1290684431862684,28
2228,2,2955,1572,1383,0,0,0,1.0,1,1.0,1,1.0,1,0.10127181670041611,29
2229,1,2956,1573,1383,0,0,0,1.0,1,1.0,1,1.0,1,0.10409773342252288,28
2230,0,2956,1573,1383,0,0,0,1.0,1,1.0,1,1.0,1,0.10143681405157325,28
2231,1,2957,1574,1383,0,0,0,1.0,1,1.0,1,1.0,1,0.19161556150489975,27
2232,0,2957,1574,1383,0,0,0,1.0,1,1.0,1,1.0,1,0.1792279253489788,27
2233,2,2959,1574,1385,0,0,0,1.0,1,1.0,1,1.0,1,0.09185793368589623,28
2234,2,2961,1576,1385,0,0,0,1.0,1,1.0,1,1.0,1,0.08027334265586344,26
2235,0,2961,1576,1385,0,0,0,1.0,1,1.0,1,1.0,1,0.08027334265586344,26
2236,1,2962,1577,1385,0,0,0,1.0,1,1.0,1,1.0,1,0.017525384786216205,26
2237,4,2966,1581,1385,0,0,0,1.0,1,1.0,1,1.0,1,0.1000584246602748,26
2238,1,2967,1582,1385,0,0,0,1.0,1,1.0,1,1.0,1,0.13078701483882402,27
2239,3,2970,1584,1386,0,0,0,1.0,1,1.0,1,1.0,1,0.13920711740710137,28
2240,4,2974,1587,1387,0,0,0,1.0,1,1.0,1,1.0,1,0.1311964415394928,30
2241,2,2976,1588,1388,0,0,0,1.0,1,1.0,1,1.0,1,0.10540751156930168,29
2242,2,2978,1590,1388,0,0,0,1.0,1,1.0,1,1.0,1,0.1422593524260437,29
2243,1,2979,1591,1388,0,0,0,1.0,1,1.0,1,1.0,1,0.1565379545505147,29
2244,0,2979,1591,1388,0,0,0,1.0,1,1.0,1,1.0,1,0.1565379545505147,29
2245,1,2980,1591,1389,0,0,0,1.0,1,1.0,1,1.0,1,0.1297736628257207,30
2246,1,2981,1591,1390,0,0,0,1.0,1,1.0,1,1.0,1,0.09242973448344785,33
2247,0,2981,1591,1390,0,0,0,1.0,1,1.0,1,1.0,1,0.07494733465778952,34
2248,0,2981,1591,1390,0,0,0,1.0,1,1.0,1,1.0,1,0.07494733465778952,34
2249,0,2981,1591,1390,0,0,0,1.0,1,1.0,1,1.0,1,0.07387828481834338,35
2250,1,2982,1592,1390,0,0,0,1.0,1,1.0,1,1.0,1,0.10847465050850322,35
2251,1,2983,1593,1390,0,0,0,1.0,1,1.0,1,1.0,1,0.11913827018845878,36
2252,1,2984,1594,1390,0,0,0,1.0,1,1.0,1,1.0,1,0.16909654596812615,37
2253,2,2986,1596,1390,0,0,0,1.0,1,1.0,1,1.0,1,0.19915110755218687,35
2254,0,2986,1596,1390,0,0,0,1.0,1,1.0,1,1.0,1,0.16705606286052027,33
2255,1,2987,1597,1390,0,0,0,1.0,1,1.0,1,1.0,1,0.19819675331470188,35
2256,5,2992,1599,1393,0,0,0,1.0,1,1.0,1,1.0,1,0.15683434238432467,34
2257,3,2995,1601,1394,0,0,0,1.0,1,1.0,1,1.0,1,0.12979439028520864,36
2258,1,2996,1602,1394,0,0,0,1.0,1,1.0,1,1.0,1,0.13001607461463852,35
2259,0,2996,1602,1394,0,0,0,1.0,1,1.0,1,1.0,1,0.13397243984514381,35
2260,3,2999,1603,1396,0,0,0,1.0,1,1.0,1,1.0,1,0.07404081969237102,33
2261,1,3000,1604,1396,0,0,0,1.0,1,1.0,1,1.0,1,0.0992726513991007,33
2262,1,3001,1604,1397,0,0,0,1.0,1,1.0,1,1.0,1,0.12491032460157518,32
2263,2,3003,1606,1397,0,0,0,1.0,1,1.0,1,1.0,1,0.1497971980294801,31
2264,1,3004,1606,1398,0,0,0,1.0,1,1.0,1,1.0,1,0.1322567644699647,30
2265,1,3005,1607,1398,0,0,0,1.0,1,1.0,1,1.0,1,0.09829982621785326,29
2266,1,3006,1608,1398,0,0,0,1.0,1,1.0,1,1.0,1,0.05290234273318982,30
2267,1,3007,1609,1398,0,0,0,1.0,1,1.0,1,1.0,1,0.055934999754539506,29
2268,4,3011,1613,1398,0,0,0,1.0,1,1.0,1,1.0,1,0.09755472001676217,30
2269,1,3012,1614,1398,0,0,0,1.0,1,1.0,1,1.0,1,0.09562747996027124,31
2270,4,3016,1617,1399,0,0,0,1.0,1,1.0,1,1.0,1,0.14296276795844706,31
2271,2,3018,1619,1399,0,0,0,1.0,1,1.0,1,1.0,1,0.15276769120749462,31
2272,1,3019,1620,1399,0,0,0,1.0,1,1.0,1,1.0,1,0.19186555973941316,31
2273,2,3021,1622,1399,0,0,0,1.0,1,1.0,1,1.0,1,0.11773519876583734,30
2274,1,3022,1623,1399,0,0,0,1.0,1,1.0,1,1.0,1,0.0721770712773069,31
2275,0,3022,1623,1399,0,0,0,1.0,1,1.0,1,1.0,1,0.08543089512350531,32
2276,0,3022,1623,1399,0,0,0,1.0,1,1.0,1,1.0,1,0.11400434766182377,31
2277,1,3023,1623,1400,0,0,0,1.0,1,1.0,1,1.0,1,0.10867310000986581,31
2278,2,3025,1625,1400,0,0,0,1.0,1,1.0,1,1.0,1,0.14363930757029172,32
2279,2,3027,1626,1401,0,0,0,1.0,1,1.0,1,1.0,1,0.152184499850719,32
2280,0,3027,1626,1401,0,0,0,1.0,1,1.0,1,1.0,1,0.13141927077609566,33
2281,2,3029,1626,1403,0,0,0,1.0,1,1.0,1,1.0,1,0.07411315176917556,34
2282,1,3030,1627,1403,0,0,0,1.0,1,1.0,1,1.0,1,0.11130605762271106,34
2283,0,3030,1627,1403,0,0,0,1.0,1,1.0,1,1.0,1,0.11130605762271106,34
2284,0,3030,1627,1403,0,0,0,1.0,1,1.0,1,1.0,1,0.11130605762271106,34
2285,1,3031,1627,1404,0,0,0,1.0,1,1.0,1,1.0,1,0.09356119754829488,35
2286,0,3031,1627,1404,0,0,0,1.0,1,1.0,1,1.0,1,0.0888921834409932,34
2287,1,3032,1628,1404,0,0,0,1.0,1,1.0,1,1.0,1,0.10219547669996712,35
2288,0,3032,1628,1404,0,0,0,1.0,1,1.0,1,1.0,1,0.06441774299896857,35
2289,2,3034,1630,1404,0,0,0,1.0,1,1.0,1,1.0,1,0.1329123012392902,37
2290,0,3034,1630,1404,0,0,0,1.0,1,1.0,1,1.0,1,0.12060673666805087,37
2291,2,3036,1632,1404,0,0,0,1.0,1,1.0,1,1.0,1,0.15068563597390408,35
2292,0,3036,1632,1404,0,0,0,1.0,1,1.0,1,1.0,1,0.15668051457125182,35
2293,1,3037,1633,1404,0,0,0,1.0,1,1.0,1,1.0,1,0.1719124636956537,34
2294,1,3038,1633,1405,0,0,0,1.0,1,1.0,1,1.0,1,0.12135958422117597,33
2295,0,3038,1633,1405,0,0,0,1.0,1,1.0,1,1.0,1,0.11230251428900849,34
2296,1,3039,1634,1405,0,0,0,1.0,1,1.0,1,1.0,1,0.11648738358020863,33
2297,1,3040,1634,1406,0,0,0,1.0,1,1.0,1,1.0,1,0.0849372106224787,32
2298,3,3043,1636,1407,0,0,0,1.0,1,1.0,1,1.0,1,0.12967730365612506,32
2299,0,3043,1636,1407,0,0,0,1.0,1,1.0,1,1.0,1,0.10608711548252789,33
2300,1,3044,1637,1407,0,0,0,1.0,1,1.0,1,1.0,1,0.10739029870068449,33
2301,2,3046,1639,1407,0,0,0,1.0,1,1.0,1,1.0,1,0.13848885990628426,33
2302,2,3048,1641,1407,0,0,0,1.0,1,1.0,1,1.0,1,0.19138890286514712,34
2303,2,3050,1643,1407,0,0,0,1.0,1,1.0,1,1.0,1,0.22216017438573923,34
2304,1,3051,1643,1408,0,0,0,1.0,1,1.0,1,1.0,1,0.1744788695662293,33
2305,2,3053,1644,1409,0,0,0,1.0,1,1.0,1,1.0,1,0.16412070332226264,33
2306,4,3057,1647,1410,0,0,0,1.0,1,1.0,1,1.0,1,0.23480763883708097,33
2307,0,3057,1647,1410,0,0,0,1.0,1,1.0,1,1.0,1,0.21642095885753326,35
2308,2,3059,1649,1410,0,0,0,1.0,1,1.0,1,1.0,1,0.23704902169506617,34
2309,4,3063,1651,1412,0,0,0,1.0,1,1.0,1,1.0,1,0.16538207141340475,34
2310,1,3064,1652,1412,0,0,0,1.0,1,1.0,1,1.0,1,0.1743140343025217,34
2311,0,3064,1652,1412,0,0,0,1.0,1,1.0,1,1.0,1,0.14429317798797925,35
2312,1,3065,1653,1412,0,0,0,1.0,1,1.0,1,1.0,1,0.13649249136143357,34
2313,0,3065,1653,1412,0,0,0,1.0,1,1.0,1,1.0,1,0.08340939099411189,35
2314,1,3066,1654,1412,0,0,0,1.0,1,1.0,1,1.0,1,0.1278207422956003,35
2315,0,3066,1654,1412,0,0,0,1.0,1,1.0,1,1.0,1,0.14788973935506566,34
2316,1,3067,1654,1413,0,0,0,1.0,1,1.0,1,1.0,1,0.10886445081504915,35
2317,1,3068,1655,1413,0,0,0,1.0,1,1.0,1,1.0,1,0.14433194697320129,32
2318,0,3068,1655,1413,0,0,0,1.0,1,1.0,1,1.0,1,0.14433194697320129,32
2319,1,3069,1656,1413,0,0,0,1.0,1,1.0,1,1.0,1,0.16365254207037677,32
2320,0,3069,1656,1413,0,0,0,1.0,1,1.0,1,1.0,1,0.15613111033935173,32
2321,2,3071,1656,1415,0,0,0,1.0,1,1.0,1,1.0,1,0.10248294870415336,33
2322,0,3071,1656,1415,0,0,0,1.0,1,1.0,1,1.0,1,0.10248294870415336,33
2323,0,3071,1656,1415,0,0,0,1.0,1,1.0,1,1.0,1,0.10248294870415336,33
2324,0,3071,1656,1415,0,0,0,1.0,1,1.0,1,1.0,1,0.10693527890511083,34
2325,0,3071,1656,1415,0,0,0,1.0,1,1.0,1,1.0,1,0.09776674024909547,35
2326,0,3071,1656,1415,0,0,0,1.0,1,1.0,1,1.0,1,0.09776674024909547,35
2327,0,3071,1656,1415,0,0,0,1.0,1,1.0,1,1.0,1,0.1188823755980398,36
2328,1,3072,1656,1416,0,0,0,1.0,1,1.0,1,1.0,1,0.10920633537941614,37
2329,0,3072,1656,1416,0,0,0,1.0,1,1.0,1,1.0,1,0.1131835168522956,37
2330,0,3072,1656,1416,0,0,0,1.0,1,1.0,1,1.0,1,0.11708101914127794,38
2331,0,3072,1656,1416,0,0,0,1.0,1,1.0,1,1.0,1,0.11633594462472958,40
2332,0,3072,1656,1416,0,0,0,1.0,1,1.0,1,1.0,1,0.11633594462472958,40
2333,1,3073,1657,1416,0,0,0,1.0,1,1.0,1,1.0,1,0.11716794742295256,41
2334,0,3073,1657,1416,0,0,0,1.0,1,1.0,1,1.0,1,0.11716794742295256,41
2335,0,3073,1657,1416,0,0,0,1.0,1,1.0,1,1.0,1,0.11716794742295256,41
2336,1,3074,1657,1417,0,0,0,1.0,1,1.0,1,1.0,1,0.0876172852096334,41
2337,2,3076,1657,1419,0,0,0,1.0,1,1.0,1,1.0,1,0.034979047976296716,42
2338,4,3080,1659,1421,0,0,0,1.0,1,1.0,1,1.0,1,0.06776234577945474,43
2339,0,3080,1659,1421,0,0,0,1.0,1,1.0,1,1.0,1,0.06776234577945474,43
2340,3,3083,1661,1422,0,0,0,1.0,1,1.0,1,1.0,1,0.09944079704626317,45
2341,3,3086,1661,1425,0,0,0,1.0,1,1.0,1,1.0,1,0.05342484094156,45
2342,1,3087,1662,1425,0,0,0,1.0,1,1.0,1,1.0,1,0.0947616795767343,46
2343,1,3088,1663,1425,0,0,0,1.0,1,1.0,1,1.0,1,0.07250715449031937,45
2344,3,3091,1665,1426,0,0,0,1.0,1,1.0,1,1.0,1,0.08900666170337088,44
2345,3,3094,1666,1428,0,0,0,1.0,1,1.0,1,1.0,1,0.11893187129467059,44
2346,1,3095,1666,1429,0,0,0,1.0,1,1.0,1,1.0,1,0.10693148556495169,44
2347,1,3096,1666,1430,0,0,0,1.0,1,1.0,1,1.0,1,0.09938080488118879,44
2348,1,3097,1666,1431,0,0,0,1.0,1,1.0,1,1.0,1,0.08284438160379204,45
2349,0,3097,1666,1431,0,0,0,1.0,1,1.0,1,1.0,1,0.09143009378024224,46
2350,2,3099,1667,1432,0,0,0,1.0,1,1.0,1,1.0,1,0.10191897192751473,47
2351,0,3099,1667,1432,0,0,0,1.0,1,1.0,1,1.0,1,0.10191897192751473,47
2352,0,3099,1667,1432,0,0,0,1.0,1,1.0,1,1.0,1,0.10191897192751473,47
2353,1,3100,1668,1432,0,0,0,1.0,1,1.0,1,1.0,1,0.13708924817015014,46
2354,3,3103,1671,1432,0,0,0,1.0,1,1.0,1,1.0,1,0.12889353831872533,47
2355,1,3104,1671,1433,0,0,0,1.0,1,1.0,1,1.0,1,0.12151695249594044,47
2356,2,3106,1673,1433,0,0,0,1.0,1,1.0,1,1.0,1,0.12413130025342137,47
2357,3,3109,1674,1435,0,0,0,1.0,1,1.0,1,1.0,1,0.09326886892380207,47
2358,1,3110,1674,1436,0,0,0,1.0,1,1.0,1,1.0,1,0.061211062942237146,48
2359,1,3111,1674,1437,0,0,0,1.0,1,1.0,1,1.0,1,0.05324408429247958,49
2360,1,3112,1675,1437,0,0,0,1.0,1,1.0,1,1.0,1,0.0473761716280926,49
2361,0,3112,1675,1437,0,0,0,1.0,1,1.0,1,1.0,1,0.046589141074225536,50
2362,0,3112,1675,1437,0,0,0,1.0,1,1.0,1,1.0,1,0.03479627491635939,51
2363,0,3112,1675,1437,0,0,0,1.0,1,1.0,1,1.0,1,0.03479627491635939,51
2364,1,3113,1676,1437,0,0,0,1.0,1,1.0,1,1.0,1,0.03339788574823902,52
2365,2,3115,1678,1437,0,0,0,1.0,1,1.0,1,1.0,1,0.05192100595303197,53
2366,3,3118,1680,1438,0,0,0,1.0,1,1.0,1,1.0,1,0.07564157579133399,54
2367,3,3121,1683,1438,0,0,0,1.0,1,1.0,1,1.0,1,0.09245197378232183,52
2368,3,3124,1686,1438,0,0,0,1.0,1,1.0,1,1.0,1,0.12211945921087008,51
2369,6,3130,1688,1442,0,0,0,1.0,1,1.0,1,1.0,1,0.07862174892903889,51
2370,4,3134,1692,1442,0,0,0,1.0,1,1.0,1,1.0,1,0.10867674582717464,52
2371,3,3137,1695,1442,0,0,0,1.0,1,1.0,1,1.0,1,0.11453560363619644,52
2372,1,3138,1696,1442,0,0,0,1.0,1,1.0,1,1.0,1,0.13953817734704715,49
2373,3,3141,1697,1444,0,0,0,1.0,1,1.0,1,1.0,1,0.11360461671188919,47
2374,0,3141,1697,1444,0,0,0,1.0,1,1.0,1,1.0,1,0.09499535472381411,45
2375,0,3141,1697,1444,0,0,0,1.0,1,1.0,1,1.0,1,0.06517357435145828,45
2376,0,3141,1697,1444,0,0,0,1.0,1,1.0,1,1.0,1,0.06611073710724026,43
2377,3,3144,1699,1445,0,0,0,1.0,1,1.0,1,1.0,1,0.051164723721105955,44
2378,3,3147,1701,1446,0,0,0,1.0,1,1.0,1,1.0,1,0.07634626947827401,43
2379,2,3149,1702,1447,0,0,0,1.0,1,1.0,1,1.0,1,0.08113845881349627,43
2380,0,3149,1702,1447,0,0,0,1.0,1,1.0,1,1.0,1,0.08113845881349627,43
2381,3,3152,1705,1447,0,0,0,1.0,1,1.0,1,1.0,1,0.0728223252580499,44
2382,1,3153,1705,1448,0,0,0,1.0,1,1.0,1,1.0,1,0.0487594590180243,44
2383,1,3154,1706,1448,0,0,0,1.0,1,1.0,1,1.0,1,0.05829143012223913,45
2384,1,3155,1706,1449,0,0,0,1.0,1,1.0,1,1.0,1,0.051469339597218736,45
2385,1,3156,1707,1449,0,0,0,1.0,1,1.0,1,1.0,1,0.05016188776826643,45
2386,2,3158,1709,1449,0,0,0,1.0,1,1.0,1,1.0,1,0.023038426122121872,46
2387,1,3159,1710,1449,0,0,0,1.0,1,1.0,1,1.0,1,0.06460887052109063,44
2388,1,3160,1711,1449,0,0,0,1.0,1,1.0,1,1.0,1,0.045936475390030235,44
2389,1,3161,1712,1449,0,0,0,1.0,1,1.0,1,1.0,1,0.05366246486429491,43
2390,3,3164,1714,1450,0,0,0,1.0,1,1.0,1,1.0,1,0.04942874381016729,44
2391,0,3164,1714,1450,0,0,0,1.0,1,1.0,1,1.0,1,0.05572988895173377,43
2392,1,3165,1715,1450,0,0,0,1.0,1,1.0,1,1.0,1,0.09084384964015141,44
2393,2,3167,1717,1450,0,0,0,1.0,1,1.0,1,1.0,1,0.1421392019834008,45
2394,1,3168,1718,1450,0,0,0,1.0,1,1.0,1,1.0,1,0.15490216265790935,44
2395,2,3170,1719,1451,0,0,0,1.0,1,1.0,1,1.0,1,0.18288811787784268,44
2396,3,3173,1720,1453,0,0,0,1.0,1,1.0,1,1.0,1,0.1917255960216655,45
2397,4,3177,1720,1457,0,0,0,1.0,1,1.0,1,1.0,1,0.1724286601355404,44
2398,1,3178,1721,1457,0,0,0,1.0,1,1.0,1,1.0,1,0.207218411069846,44
2399,0,3178,1721,1457,0,0,0,1.0,1,1.0,1,1.0,1,0.20830617280930963,45
2400,0,3178,1721,1457,0,0,0,1.0,1,1.0,1,1.0,1,0.20830617280930963,45
2401,4,3182,1721,1461,0,0,0,1.0,1,1.0,1,1.0,1,0.16575165276834605,46
2402,1,3183,1721,1462,0,0,0,1.0,1,1.0,1,1.0,1,0.12314565675230772,47
2403,1,3184,1721,1463,0,0,0,1.0,1,1.0,1,1.0,1,0.10706703419522878,48
2404,2,3186,1723,1463,0,0,0,1.0,1,1.0,1,1.0,1,0.13382326073311718,47
2405,1,3187,1723,1464,0,0,0,1.0,1,1.0,1,1.0,1,0.09705214111238325,45
2406,0,3187,1723,1464,0,0,0,1.0,1,1.0,1,1.0,1,0.09705214111238325,45
2407,2,3189,1725,1464,0,0,0,1.0,1,1.0,1,1.0,1,0.04945155188057656,42
2408,1,3190,1726,1464,0,0,0,1.0,1,1.0,1,1.0,1,0.05926170517133977,41
2409,3,3193,1729,1464,0,0,0,1.0,1,1.0,1,1.0,1,0.059228199420498645,41
2410,0,3193,1729,1464,0,0,0,1.0,1,1.0,1,1.0,1,0.048302662403653905,40
2411,3,3196,1732,1464,0,0,0,1.0,1,1.0,1,1.0,1,0.05903799823273603,40
2412,2,3198,1734,1464,0,0,0,1.0,1,1.0,1,1.0,1,0.054843704237123064,38
2413,2,3200,1736,1464,0,0,0,1.0,1,1.0,1,1.0,1,0.13033927228449926,38
2414,1,3201,1737,1464,0,0,0,1.0,1,1.0,1,1.0,1,0.13117409439960218,36
2415,2,3203,1738,1465,0,0,0,1.0,1,1.0,1,1.0,1,0.17522854422596976,36
2416,0,3203,1738,1465,0,0,0,1.0,1,1.0,1,1.0,1,0.18287051159653564,35
2417,4,3207,1738,1469,0,0,0,1.0,1,1.0,1,1.0,1,0.1287007931556503,33
2418,0,3207,1738,1469,0,0,0,1.0,1,1.0,1,1.0,1,0.1287007931556503,33
2419,1,3208,1739,1469,0,0,0,1.0,1,1.0,1,1.0,1,0.2158277886802314,33
2420,1,3209,1740,1469,0,0,0,1.0,1,1.0,1,1.0,1,0.1251533025886837,34
2421,1,3210,1740,1470,0,0,0,1.0,1,1.0,1,1.0,1,0.1156349270226495,34
2422,4,3214,1743,1471,0,0,0,1.0,1,1.0,1,1.0,1,0.03964433418278179,35
2423,1,3215,1744,1471,0,0,0,1.0,1,1.0,1,1.0,1,0.04186103515721184,36
2424,1,3216,1745,1471,0,0,0,1.0,1,1.0,1,1.0,1,0.04935493537654446,35
2425,3,3219,1748,1471,0,0,0,1.0,1,1.0,1,1.0,1,0.14445520352521218,33
2426,1,3220,1748,1472,0,0,0,1.0,1,1.0,1,1.0,1,0.13501848499937882,34
2427,1,3221,1749,1472,0,0,0,1.0,1,1.0,1,1.0,1,0.12203376743657765,34
2428,0,3221,1749,1472,0,0,0,1.0,1,1.0,1,1.0,1,0.12203376743657765,34
2429,2,3223,1750,1473,0,0,0,1.0,1,1.0,1,1.0,1,0.16575935263991293,34
2430,1,3224,1750,1474,0,0,0,1.0,1,1.0,1,1.0,1,0.18647837351652535,33
2431,0,3224,1750,1474,0,0,0,1.0,1,1.0,1,1.0,1,0.18647837351652535,33
2432,1,3225,1750,1475,0,0,0,1.0,1,1.0,1,1.0,1,0.2023073965864484,33
2433,5,3230,1752,1478,0,0,0,1.0,1,1.0,1,1.0,1,0.14823985041958812,34
2434,0,3230,1752,1478,0,0,0,1.0,1,1.0,1,1.0,1,0.14823985041958812,34
2435,2,3232,1753,1479,0,0,0,1.0,1,1.0,1,1.0,1,0.15764120271780652,34
2436,1,3233,1754,1479,0,0,0,1.0,1,1.0,1,1.0,1,0.14778528151396328,33
2437,1,3234,1754,1480,0,0,0,1.0,1,1.0,1,1.0,1,0.13520302097847503,33
2438,2,3236,1755,1481,0,0,0,1.0,1,1.0,1,1.0,1,0.13120147593853368,34
2439,0,3236,1755,1481,0,0,0,1.0,1,1.0,1,1.0,1,0.12282642084214,35
2440,0,3236,1755,1481,0,0,0,1.0,1,1.0,1,1.0,1,0.12282642084214,35
2441,2,3238,1757,1481,0,0,0,1.0,1,1.0,1,1.0,1,0.129285922647727,35
2442,1,3239,1757,1482,0,0,0,1.0,1,1.0,1,1.0,1,0.09412545895639052,35
2443,3,3242,1760,1482,0,0,0,1.0,1,1.0,1,1.0,1,0.19398908374747556,35
2444,2,3244,1760,1484,0,0,0,1.0,1,1.0,1,1.0,1,0.19486988894142926,34
2445,5,3249,1761,1488,0,0,0,1.0,1,1.0,1,1.0,1,0.14701519642686403,33
2446,0,3249,1761,1488,0,0,0,1.0,1,1.0,1,1.0,1,0.15579268700313562,30
2447,0,3249,1761,1488,0,0,0,1.0,1,1.0,1,1.0,1,0.13377571393483698,29
2448,2,3251,1763,1488,0,0,0,1.0,1,1.0,1,1.0,1,0.07946900737347311,27
2449,0,3251,1763,1488,0,0,0,1.0,1,1.0,1,1.0,1,0.08810459228547986,26
2450,1,3252,1764,1488,0,0,0,1.0,1,1.0,1,1.0,1,0.12079625992106335,28
2451,0,3252,1764,1488,0,0,0,1.0,1,1.0,1,1.0,1,0.12079625992106335,28
2452,1,3253,1765,1488,0,0,0,1.0,1,1.0,1,1.0,1,0.11377488112018636,29
2453,1,3254,1766,1488,0,0,0,1.0,1,1.0,1,1.0,1,0.1165417163185371,30
2454,4,3258,1768,1490,0,0,0,1.0,1,1.0,1,1.0,1,0.05301241385936698,32
2455,1,3259,1769,1490,0,0,0,1.0,1,1.0,1,1.0,1,0.02088868407297235,33
2456,2,3261,1771,1490,0,0,0,1.0,1,1.0,1,1.0,1,0.06620400206974322,34
2457,1,3262,1772,1490,0,0,0,1.0,1,1.0,1,1.0,1,0.09847331855455134,34
2458,0,3262,1772,1490,0,0,0,1.0,1,1.0,1,1.0,1,0.10671792759744488,36
2459,0,3262,1772,1490,0,0,0,1.0,1,1.0,1,1.0,1,0.10671792759744488,36
2460,1,3263,1773,1490,0,0,0,1.0,1,1.0,1,1.0,1,0.11906627053958452,37
2461,2,3265,1775,1490,0,0,0,1.0,1,1.0,1,1.0,1,0.14012262388210578,37
2462,1,3266,1776,1490,0,0,0,1.0,1,1.0,1,1.0,1,0.17565341021345468,38
2463,1,3267,1777,1490,0,0,0,1.0,1,1.0,1,1.0,1,0.13637357348086138,38
2464,3,3270,1779,1491,0,0,0,1.0,1,1.0,1,1.0,1,0.10583730576425766,37
2465,2,3272,1780,1492,0,0,0,1.0,1,1.0,1,1.0,1,0.08415689969262459,36
2466,1,3273,1781,1492,0,0,0,1.0,1,1.0,1,1.0,1,0.11392256368405307,36
2467,1,3274,1781,1493,0,0,0,1.0,1,1.0,1,1.0,1,0.101425602397375,34
2468,1,3275,1782,1493,0,0,0,1.0,1,1.0,1,1.0,1,0.14667554571346314,33
2469,4,3279,1783,1496,0,0,0,1.0,1,1.0,1,1.0,1,0.07419783680679314,32
2470,0,3279,1783,1496,0,0,0,1.0,1,1.0,1,1.0,1,0.05235653631958285,33
2471,0,3279,1783,1496,0,0,0,1.0,1,1.0,1,1.0,1,0.1180464605476187,31
2472,0,3279,1783,1496,0,0,0,1.0,1,1.0,1,1.0,1,0.11069034327962844,32
2473,1,3280,1784,1496,0,0,0,1.0,1,1.0,1,1.0,1,0.15376035608157096,31
2474,1,3281,1784,1497,0,0,0,1.0,1,1.0,1,1.0,1,0.12811830186828574,33
2475,2,3283,1785,1498,0,0,0,1.0,1,1.0,1,1.0,1,0.15919570096683416,33
2476,1,3284,1786,1498,0,0,0,1.0,1,1.0,1,1.0,1,0.21008404329327643,33
2477,2,3286,1787,1499,0,0,0,1.0,1,1.0,1,1.0,1,0.22834278532026558,33
2478,1,3287,1787,1500,0,0,0,1.0,1,1.0,1,1.0,1,0.21127781222558703,33
2479,2,3289,1789,1500,0,0,0,1.0,1,1.0,1,1.0,1,0.24224143220276415,33
2480,1,3290,1790,1500,0,0,0,1.0,1,1.0,1,1.0,1,0.2250925830515931,34
2481,5,3295,1793,1502,0,0,0,1.0,1,1.0,1,1.0,1,0.15912947649845083,33
2482,2,3297,1794,1503,0,0,0,1.0,1,1.0,1,1.0,1,0.1134627727475564,34
2483,0,3297,1794,1503,0,0,0,1.0,1,1.0,1,1.0,1,0.09216535599343662,33
2484,1,3298,1795,1503,0,0,0,1.0,1,1.0,1,1.0,1,0.0788743384398349,32
2485,2,3300,1797,1503,0,0,0,1.0,1,1.0,1,1.0,1,0.05437523832252867,31
2486,2,3302,1799,1503,0,0,0,1.0,1,1.0,1,1.0,1,0.03198301077339064,29
2487,0,3302,1799,1503,0,0,0,1.0,1,1.0,1,1.0,1,0.03198301077339064,29
2488,3,3305,1802,1503,0,0,0,1.0,1,1.0,1,1.0,1,0.09396013021121795,30
2489,0,3305,1802,1503,0,0,0,1.0,1,1.0,1,1.0,1,0.0723657244323412,29
2490,1,3306,1803,1503,0,0,0,1.0,1,1.0,1,1.0,1,0.06352588893544048,30
2491,1,3307,1804,1503,0,0,0,1.0,1,1.0,1,1.0,1,0.04872444441864466,30
2492,0,3307,1804,1503,0,0,0,1.0,1,1.0,1,1.0,1,0.07710891328577026,29
2493,0,3307,1804,1503,0,0,0,1.0,1,1.0,1,1.0,1,0.07710891328577026,29
2494,1,3308,1805,1503,0,0,0,1.0,1,1.0,1,1.0,1,0.04935700156446409,28
2495,0,3308,1805,1503,0,0,0,1.0,1,1.0,1,1.0,1,0.047342262562581415,29
2496,0,3308,1805,1503,0,0,0,1.0,1,1.0,1,1.0,1,0.042106769454960905,28
2497,0,3308,1805,1503,0,0,0,1.0,1,1.0,1,1.0,1,0.07706593762418279,28
2498,0,3308,1805,1503,0,0,0,1.0,1,1.0,1,1.0,1,0.09353120508252796,29
2499,0,3308,1805,1503,0,0,0,1.0,1,1.0,1,1.0,1,0.08154897812572884,30
2500,2,3310,1807,1503,0,0,0,1.0,1,1.0,1,1.0,1,0.09923724451117542,29
2501,4,3314,1810,1504,0,0,0,1.0,1,1.0,1,1.0,1,0.05746007634166975,33
2502,1,3315,1811,1504,0,0,0,1.0,1,1.0,1,1.0,1,0.0715929603571923,33
2503,2,3317,1813,1504,0,0,0,1.0,1,1.0,1,1.0,1,0.09668752248951125,31
2504,2,3319,1815,1504,0,0,0,1.0,1,1.0,1,1.0,1,0.06714180120663626,31
2505,2,3321,1817,1504,0,0,0,1.0,1,1.0,1,1.0,1,0.040050577011630756,32
2506,2,3323,1819,1504,0,0,0,1.0,1,1.0,1,1.0,1,0.10099986457226252,31
2507,3,3326,1822,1504,0,0,0,1.0,1,1.0,1,1.0,1,0.18683204146879606,29
2508,3,3329,1824,1505,0,0,0,1.0,1,1.0,1,1.0,1,0.1553484696729587,31
2509,2,3331,1824,1507,0,0,0,1.0,1,1.0,1,1.0,1,0.10343955608742102,30
2510,1,3332,1824,1508,0,0,0,1.0,1,1.0,1,1.0,1,0.09764058718004463,31
2511,0,3332,1824,1508,0,0,0,1.0,1,1.0,1,1.0,1,0.09060293168694131,32
2512,3,3335,1826,1509,0,0,0,1.0,1,1.0,1,1.0,1,0.09305690205631637,32
2513,2,3337,1827,1510,0,0,0,1.0,1,1.0,1,1.0,1,0.028825615242922854,34
2514,2,3339,1828,1511,0,0,0,1.0,1,1.0,1,1.0,1,0.05839232873350769,35
2515,0,3339,1828,1511,0,0,0,1.0,1,1.0,1,1.0,1,0.05839232873350769,35
2516,2,3341,1829,1512,0,0,0,1.0,1,1.0,1,1.0,1,0.16194376468743582,34
2517,3,3344,1829,1515,0,0,0,1.0,1,1.0,1,1.0,1,0.09478111066381953,34
2518,1,3345,1830,1515,0,0,0,1.0,1,1.0,1,1.0,1,0.13460056686120309,33
2519,0,3345,1830,1515,0,0,0,1.0,1,1.0,1,1.0,1,0.10201022550926397,32
2520,1,3346,1831,1515,0,0,0,1.0,1,1.0,1,1.0,1,0.07971264881072765,31
2521,1,3347,1832,1515,0,0,0,1.0,1,1.0,1,1.0,1,0.07628155731414658,31
2522,0,3347,1832,1515,0,0,0,1.0,1,1.0,1,1.0,1,0.04312589688657807,30
2523,0,3347,1832,1515,0,0,0,1.0,1,1.0,1,1.0,1,0.06457262026488245,30
2524,1,3348,1832,1516,0,0,0,1.0,1,1.0,1,1.0,1,0.10052005202801116,29
2525,0,3348,1832,1516,0,0,0,1.0,1,1.0,1,1.0,1,0.10052005202801116,29
2526,0,3348,1832,1516,0,0,0,1.0,1,1.0,1,1.0,1,0.13728905113686407,27
2527,0,3348,1832,1516,0,0,0,1.0,1,1.0,1,1.0,1,0.1212148241804461,28
2528,0,3348,1832,1516,0,0,0,1.0,1,1.0,1,1.0,1,0.1212148241804461,28
2529,0,3348,1832,1516,0,0,0,1.0,1,1.0,1,1.0,1,0.1212148241804461,28
2530,1,3349,1832,1517,0,0,0,1.0,1,1.0,1,1.0,1,0.08298126094415657,29
2531,0,3349,1832,1517,0,0,0,1.0,1,1.0,1,1.0,1,0.08886065116336628,30
2532,0,3349,1832,1517,0,0,0,1.0,1,1.0,1,1.0,1,0.08051606824657428,31
2533,1,3350,1833,1517,0,0,0,1.0,1,1.0,1,1.0,1,0.12090990056692134,31
2534,0,3350,1833,1517,0,0,0,1.0,1,1.0,1,1.0,1,0.12090990056692134,31
2535,1,3351,1834,1517,0,0,0,1.0,1,1.0,1,1.0,1,0.14840996937538736,31
2536,0,3351,1834,1517,0,0,0,1.0,1,1.0,1,1.0,1,0.173213478341899,32
2537,4,3355,1836,1519,0,0,0,1.0,1,1.0,1,1.0,1,0.12732542117602585,33
2538,0,3355,1836,1519,0,0,0,1.0,1,1.0,1,1.0,1,0.12164381175033688,35
2539,3,3358,1838,1520,0,0,0,1.0,1,1.0,1,1.0,1,0.131178179042766,37
2540,6,3364,1842,1522,0,0,0,1.0,1,1.0,1,1.0,1,0.16000486578699855,38
2541,0,3364,1842,1522,0,0,0,1.0,1,1.0,1,1.0,1,0.15143873995365362,39
2542,3,3367,1845,1522,0,0,0,1.0,1,1.0,1,1.0,1,0.19876976129383497,38
2543,2,3369,1847,1522,0,0,0,1.0,1,1.0,1,1.0,1,0.17959767761772452,41
2544,1,3370,1848,1522,0,0,0,1.0,1,1.0,1,1.0,1,0.16648272391899016,39
2545,1,3371,1849,1522,0,0,0,1.0,1,1.0,1,1.0,1,0.1964751899485969,40
2546,1,3372,1850,1522,0,0,0,1.0,1,1.0,1,1.0,1,0.17352878429110485,38
2547,3,3375,1853,1522,0,0,0,1.0,1,1.0,1,1.0,1,0.1641384554800979,38
2548,0,3375,1853,1522,0,0,0,1.0,1,1.0,1,1.0,1,0.1441279960492192,35
2549,0,3375,1853,1522,0,0,0,1.0,1,1.0,1,1.0,1,0.13150372165720253,35
2550,0,3375,1853,1522,0,0,0,1.0,1,1.0,1,1.0,1,0.1344470346973982,33
2551,1,3376,1854,1522,0,0,0,1.0,1,1.0,1,1.0,1,0.19306211362615286,31
2552,0,3376,1854,1522,0,0,0,1.0,1,1.0,1,1.0,1,0.2008464373572543,30
2553,2,3378,1855,1523,0,0,0,1.0,1,1.0,1,1.0,1,0.21583542489677598,30
2554,0,3378,1855,1523,0,0,0,1.0,1,1.0,1,1.0,1,0.20429906834607464,32
2555,0,3378,1855,1523,0,0,0,1.0,1,1.0,1,1.0,1,0.2403478483682811,32
2556,1,3379,1856,1523,0,0,0,1.0,1,1.0,1,1.0,1,0.20766572422491147,32
2557,1,3380,1857,1523,0,0,0,1.0,1,1.0,1,1.0,1,0.20778725431280282,30
2558,0,3380,1857,1523,0,0,0,1.0,1,1.0,1,1.0,1,0.1717019809754598,31
2559,0,3380,1857,1523,0,0,0,1.0,1,1.0,1,1.0,1,0.15954741200548278,30
2560,0,3380,1857,1523,0,0,0,1.0,1,1.0,1,1.0,1,0.15954741200548278,30
2561,0,3380,1857,1523,0,0,0,1.0,1,1.0,1,1.0,1,0.15954741200548278,30
2562,0,3380,1857,1523,0,0,0,1.0,1,1.0,1,1.0,1,0.16646273489155242,33
2563,0,3380,1857,1523,0,0,0,1.0,1,1.0,1,1.0,1,0.16646273489155242,33
2564,0,3380,1857,1523,0,0,0,1.0,1,1.0,1,1.0,1,0.16646273489155242,33
2565,1,3381,1858,1523,0,0,0,1.0,1,1.0,1,1.0,1,0.14100354075954258,33
2566,1,3382,1859,1523,0,0,0,1.0,1,1.0,1,1.0,1,0.14074663476196111,35
2567,2,3384,1861,1523,0,0,0,1.0,1,1.0,1,1.0,1,0.1646074323090838,36
2568,2,3386,1862,1524,0,0,0,1.0,1,1.0,1,1.0,1,0.18581192482967052,37
2569,0,3386,1862,1524,0,0,0,1.0,1,1.0,1,1.0,1,0.18581192482967052,37
2570,0,3386,1862,1524,0,0,0,1.0,1,1.0,1,1.0,1,0.19714944090878272,37
2571,0,3386,1862,1524,0,0,0,1.0,1,1.0,1,1.0,1,0.19714944090878272,37
2572,0,3386,1862,1524,0,0,0,1.0,1,1.0,1,1.0,1,0.17665526384990732,39
2573,0,3386,1862,1524,0,0,0,1.0,1,1.0,1,1.0,1,0.17665526384990732,39
2574,0,3386,1862,1524,0,0,0,1.0,1,1.0,1,1.0,1,0.17471569501214215,38
2575,0,3386,1862,1524,0,0,0,1.0,1,1.0,1,1.0,1,0.17471569501214215,38
2576,0,3386,1862,1524,0,0,0,1.0,1,1.0,1,1.0,1,0.2031741225103959,37
2577,1,3387,1863,1524,0,0,0,1.0,1,1.0,1,1.0,1,0.2169964576149346,39
2578,4,3391,1865,1526,0,0,0,1.0,1,1.0,1,1.0,1,0.2287440614511133,40
2579,1,3392,1865,1527,0,0,0,1.0,1,1.0,1,1.0,1,0.19812359483420522,41
2580,3,3395,1866,1529,0,0,0,1.0,1,1.0,1,1.0,1,0.16638324356868536,42
2581,2,3397,1866,1531,0,0,0,1.0,1,1.0,1,1.0,1,0.11153900548983581,43
2582,2,3399,1866,1533,0,0,0,1.0,1,1.0,1,1.0,1,0.05868261317362092,43
2583,3,3402,1867,1535,0,0,0,1.0,1,1.0,1,1.0,1,0.04217154413257558,43
2584,2,3404,1867,1537,0,0,0,1.0,1,1.0,1,1.0,1,0.010370595696146902,43
2585,0,3404,1867,1537,0,0,0,1.0,1,1.0,1,1.0,1,0.027828560061777505,44
2586,0,3404,1867,1537,0,0,0,1.0,1,1.0,1,1.0,1,0.013965086566375875,43
2587,4,3408,1871,1537,0,0,0,1.0,1,1.0,1,1.0,1,0.07322427035053379,44
2588,1,3409,1871,1538,0,0,0,1.0,1,1.0,1,1.0,1,0.06254842502750362,44
2589,1,3410,1872,1538,0,0,0,1.0,1,1.0,1,1.0,1,0.07354674636461242,44
2590,1,3411,1873,1538,0,0,0,1.0,1,1.0,1,1.0,1,0.04174194351661089,44
2591,1,3412,1874,1538,0,0,0,1.0,1,1.0,1,1.0,1,0.05290497375685056,44
2592,1,3413,1875,1538,0,0,0,1.0,1,1.0,1,1.0,1,0.07595097113270434,44
2593,5,3418,1877,1541,0,0,0,1.0,1,1.0,1,1.0,1,0.04020715880578263,43
2594,1,3419,1878,1541,0,0,0,1.0,1,1.0,1,1.0,1,0.04846563361087153,48
2595,1,3420,1879,1541,0,0,0,1.0,1,1.0,1,1.0,1,0.04154606781473148,45
2596,1,3421,1879,1542,0,0,0,1.0,1,1.0,1,1.0,1,0.056006439485984556,46
2597,2,3423,1880,1543,0,0,0,1.0,1,1.0,1,1.0,1,0.0198919758263303,45
2598,1,3424,1881,1543,0,0,0,1.0,1,1.0,1,1.0,1,0.05438071452321158,45
2599,1,3425,1882,1543,0,0,0,1.0,1,1.0,1,1.0,1,0.07736604999558955,45
2600,1,3426,1883,1543,0,0,0,1.0,1,1.0,1,1.0,1,0.06752542897855203,48
2601,2,3428,1883,1545,0,0,0,1.0,1,1.0,1,1.0,1,0.021252078147452617,47
2602,0,3428,1883,1545,0,0,0,1.0,1,1.0,1,1.0,1,0.02735308833595385,48
2603,0,3428,1883,1545,0,0,0,1.0,1,1.0,1,1.0,1,0.02735308833595385,48
2604,0,3428,1883,1545,0,0,0,1.0,1,1.0,1,1.0,1,0.029404691308528436,47
2605,0,3428,1883,1545,0,0,0,1.0,1,1.0,1,1.0,1,0.029404691308528436,47
2606,0,3428,1883,1545,0,0,0,1.0,1,1.0,1,1.0,1,0.0274592513431911,46
2607,0,3428,1883,1545,0,0,0,1.0,1,1.0,1,1.0,1,0.04905812417107038,45
2608,1,3429,1884,1545,0,0,0,1.0,1,1.0,1,1.0,1,0.03114812616743943,45
2609,1,3430,1885,1545,0,0,0,1.0,1,1.0,1,1.0,1,0.033371592660158114,44
2610,2,3432,1887,1545,0,0,0,1.0,1,1.0,1,1.0,1,0.0941523622050181,45
2611,5,3437,1892,1545,0,0,0,1.0,1,1.0,1,1.0,1,0.13091242038751982,46
2612,2,3439,1894,1545,0,0,0,1.0,1,1.0,1,1.0,1,0.13385795542798656,47
2613,3,3442,1895,1547,0,0,0,1.0,1,1.0,1,1.0,1,0.14838636812052766,48
2614,2,3444,1897,1547,0,0,0,1.0,1,1.0,1,1.0,1,0.21217046865809142,48
2615,4,3448,1900,1548,0,0,0,1.0,1,1.0,1,1.0,1,0.18574270801173906,49
2616,1,3449,1900,1549,0,0,0,1.0,1,1.0,1,1.0,1,0.17259131657050297,49
2617,3,3452,1900,1552,0,0,0,1.0,1,1.0,1,1.0,1,0.12796613067788093,48
2618,0,3452,1900,1552,0,0,0,1.0,1,1.0,1,1.0,1,0.1350388637573868,47
2619,0,3452,1900,1552,0,0,0,1.0,1,1.0,1,1.0,1,0.11228785211915565,50
2620,3,3455,1903,1552,0,0,0,1.0,1,1.0,1,1.0,1,0.1460260689875326,51
2621,5,3460,1904,1556,0,0,0,1.0,1,1.0,1,1.0,1,0.11036349932469589,52
2622,2,3462,1905,1557,0,0,0,1.0,1,1.0,1,1.0,1,0.08533627946525657,52
2623,1,3463,1905,1558,0,0,0,1.0,1,1.0,1,1.0,1,0.06558974189211533,53
2624,0,3463,1905,1558,0,0,0,1.0,1,1.0,1,1.0,1,0.102752386289086,51
2625,3,3466,1907,1559,0,0,0,1.0,1,1.0,1,1.0,1,0.09694557194155977,50
2626,1,3467,1907,1560,0,0,0,1.0,1,1.0,1,1.0,1,0.09856938008097486,49
2627,1,3468,1908,1560,0,0,0,1.0,1,1.0,1,1.0,1,0.10004999115369792,48
2628,1,3469,1909,1560,0,0,0,1.0,1,1.0,1,1.0,1,0.11648619318807119,48
2629,1,3470,1909,1561,0,0,0,1.0,1,1.0,1,1.0,1,0.09664088888474326,47
2630,0,3470,1909,1561,0,0,0,1.0,1,1.0,1,1.0,1,0.1010090135350017,47
2631,0,3470,1909,1561,0,0,0,1.0,1,1.0,1,1.0,1,0.09819663706677109,47
2632,0,3470,1909,1561,0,0,0,1.0,1,1.0,1,1.0,1,0.11257236203288334,47
2633,3,3473,1912,1561,0,0,0,1.0,1,1.0,1,1.0,1,0.10982131951516487,44
2634,1,3474,1912,1562,0,0,0,1.0,1,1.0,1,1.0,1,0.08602652318062738,44
2635,3,3477,1914,1563,0,0,0,1.0,1,1.0,1,1.0,1,0.0790797788784183,45
2636,3,3480,1917,1563,0,0,0,1.0,1,1.0,1,1.0,1,0.1330535288931328,40
2637,6,3486,1921,1565,0,0,0,1.0,1,1.0,1,1.0,1,0.12493754269379119,41
2638,2,3488,1923,1565,0,0,0,1.0,1,1.0,1,1.0,1,0.17431468176030146,38
2639,2,3490,1923,1567,0,0,0,1.0,1,1.0,1,1.0,1,0.13271903869416088,39
2640,2,3492,1925,1567,0,0,0,1.0,1,1.0,1,1.0,1,0.15466758422973906,38
2641,2,3494,1926,1568,0,0,0,1.0,1,1.0,1,1.0,1,0.12156217581166448,37
2642,2,3496,1928,1568,0,0,0,1.0,1,1.0,1,1.0,1,0.1468522184963359,38
2643,1,3497,1928,1569,0,0,0,1.0,1,1.0,1,1.0,1,0.08156786730446777,37
2644,2,3499,1930,1569,0,0,0,1.0,1,1.0,1,1.0,1,0.09821647106780299,36
2645,0,3499,1930,1569,0,0,0,1.0,1,1.0,1,1.0,1,0.07547047403001593,35
2646,1,3500,1931,1569,0,0,0,1.0,1,1.0,1,1.0,1,0.1106513156461896,35
2647,3,3503,1934,1569,0,0,0,1.0,1,1.0,1,1.0,1,0.11284584902370175,35
2648,0,3503,1934,1569,0,0,0,1.0,1,1.0,1,1.0,1,0.08456827221565125,36
2649,1,3504,1934,1570,0,0,0,1.0,1,1.0,1,1.0,1,0.06058529855188086,37
2650,2,3506,1936,1570,0,0,0,1.0,1,1.0,1,1.0,1,0.07277407783995328,39
2651,1,3507,1937,1570,0,0,0,1.0,1,1.0,1,1.0,1,0.06552233584123468,39
2652,0,3507,1937,1570,0,0,0,1.0,1,1.0,1,1.0,1,0.06552233584123468,39
2653,0,3507,1937,1570,0,0,0,1.0,1,1.0,1,1.0,1,0.06552233584123468,39
2654,1,3508,1937,1571,0,0,0,1.0,1,1.0,1,1.0,1,0.06863429518515374,40
2655,0,3508,1937,1571,0,0,0,1.0,1,1.0,1,1.0,1,0.06863429518515374,40
2656,2,3510,1939,1571,0,0,0,1.0,1,1.0,1,1.0,1,0.07987582261045861,39
2657,1,3511,1939,1572,0,0,0,1.0,1,1.0,1,1.0,1,0.06304340714234112,40
2658,1,3512,1939,1573,0,0,0,1.0,1,1.0,1,1.0,1,0.07488446694993639,41
2659,0,3512,1939,1573,0,0,0,1.0,1,1.0,1,1.0,1,0.07488446694993639,41
2660,2,3514,1940,1574,0,0,0,1.0,1,1.0,1,1.0,1,0.05636072839302123,40
2661,2,3516,1941,1575,0,0,0,1.0,1,1.0,1,1.0,1,0.06213323448909465,40
2662,1,3517,1942,1575,0,0,0,1.0,1,1.0,1,1.0,1,0.035144199949930496,42
2663,2,3519,1944,1575,0,0,0,1.0,1,1.0,1,1.0,1,0.025745514982917186,41
2664,1,3520,1945,1575,0,0,0,1.0,1,1.0,1,1.0,1,0.06261763109987953,42
2665,4,3524,1948,1576,0,0,0,1.0,1,1.0,1,1.0,1,0.10813286250714053,43
2666,2,3526,1950,1576,0,0,0,1.0,1,1.0,1,1.0,1,0.13168620335809456,44
2667,3,3529,1951,1578,0,0,0,1.0,1,1.0,1,1.0,1,0.16899467243456565,42
2668,2,3531,1951,1580,0,0,0,1.0,1,1.0,1,1.0,1,0.16102653983274748,41
2669,3,3534,1951,1583,0,0,0,1.0,1,1.0,1,1.0,1,0.12135202992754117,42
2670,0,3534,1951,1583,0,0,0,1.0,1,1.0,1,1.0,1,0.1463319399918977,40
2671,1,3535,1952,1583,0,0,0,1.0,1,1.0,1,1.0,1,0.12932884637749179,39
2672,1,3536,1953,1583,0,0,0,1.0,1,1.0,1,1.0,1,0.10144439646313017,36
2673,3,3539,1955,1584,0,0,0,1.0,1,1.0,1,1.0,1,0.09957450967793242,35
2674,2,3541,1957,1584,0,0,0,1.0,1,1.0,1,1.0,1,0.07208556337286473,33
2675,2,3543,1959,1584,0,0,0,1.0,1,1.0,1,1.0,1,0.14230639879007767,34
2676,1,3544,1960,1584,0,0,0,1.0,1,1.0,1,1.0,1,0.07333181594074589,32
2677,4,3548,1963,1585,0,0,0,1.0,1,1.0,1,1.0,1,0.14742977787130696,33
2678,0,3548,1963,1585,0,0,0,1.0,1,1.0,1,1.0,1,0.1366666481653247,33
2679,2,3550,1965,1585,0,0,0,1.0,1,1.0,1,1.0,1,0.15287838923074432,32
2680,1,3551,1966,1585,0,0,0,1.0,1,1.0,1,1.0,1,0.1113901728632019,32
2681,0,3551,1966,1585,0,0,0,1.0,1,1.0,1,1.0,1,0.06310649233288694,32
2682,0,3551,1966,1585,0,0,0,1.0,1,1.0,1,1.0,1,0.030074809041087253,33
2683,0,3551,1966,1585,0,0,0,1.0,1,1.0,1,1.0,1,0.025301109712969956,32
2684,0,3551,1966,1585,0,0,0,1.0,1,1.0,1,1.0,1,0.01983310409856209,31
2685,0,3551,1966,1585,0,0,0,1.0,1,1.0,1,1.0,1,0.01983310409856209,31
2686,0,3551,1966,1585,0,0,0,1.0,1,1.0,1,1.0,1,0.04816975094692105,30
2687,0,3551,1966,1585,0,0,0,1.0,1,1.0,1,1.0,1,0.04816975094692105,30
2688,1,3552,1967,1585,0,0,0,1.0,1,1.0,1,1.0,1,0.07014191663674597,30
2689,2,3554,1969,1585,0,0,0,1.0,1,1.0,1,1.0,1,0.10441686649058472,31
2690,7,3561,1974,1587,0,0,0,1.0,1,1.0,1,1.0,1,0.12732436431745223,31
2691,1,3562,1975,1587,0,0,0,1.0,1,1.0,1,1.0,1,0.14397743485155928,32
2692,2,3564,1977,1587,0,0,0,1.0,1,1.0,1,1.0,1,0.2074802127578103,32
2693,5,3569,1979,1590,0,0,0,1.0,1,1.0,1,1.0,1,0.08072389355867922,33
2694,0,3569,1979,1590,0,0,0,1.0,1,1.0,1,1.0,1,0.10189847058678628,34
2695,0,3569,1979,1590,0,0,0,1.0,1,1.0,1,1.0,1,0.07521416465514949,35
2696,0,3569,1979,1590,0,0,0,1.0,1,1.0,1,1.0,1,0.07521416465514949,35
2697,2,3571,1981,1590,0,0,0,1.0,1,1.0,1,1.0,1,0.07046109526892806,35
2698,1,3572,1981,1591,0,0,0,1.0,1,1.0,1,1.0,1,0.026793016148853623,36
2699,0,3572,1981,1591,0,0,0,1.0,1,1.0,1,1.0,1,0.05645317107913383,36
2700,0,3572,1981,1591,0,0,0,1.0,1,1.0,1,1.0,1,0.06958709081942693,37
2701,1,3573,1982,1591,0,0,0,1.0,1,1.0,1,1.0,1,0.042829484924042795,37
2702,3,3576,1985,1591,0,0,0,1.0,1,1.0,1,1.0,1,0.14152906721771694,37
2703,1,3577,1986,1591,0,0,0,1.0,1,1.0,1,1.0,1,0.11979274651756829,38
2704,2,3579,1987,1592,0,0,0,1.0,1,1.0,1,1.0,1,0.1357966788238077,37
2705,3,3582,1988,1594,0,0,0,1.0,1,1.0,1,1.0,1,0.10600625151210478,36
2706,3,3585,1990,1595,0,0,0,1.0,1,1.0,1,1.0,1,0.11090162008699189,36
2707,1,3586,1991,1595,0,0,0,1.0,1,1.0,1,1.0,1,0.1438516443327856,35
2708,1,3587,1992,1595,0,0,0,1.0,1,1.0,1,1.0,1,0.16886952090307916,36
2709,3,3590,1994,1596,0,0,0,1.0,1,1.0,1,1.0,1,0.1609905864389329,32
2710,0,3590,1994,1596,0,0,0,1.0,1,1.0,1,1.0,1,0.15427373156184374,29
2711,1,3591,1995,1596,0,0,0,1.0,1,1.0,1,1.0,1,0.08663365520006189,29
2712,0,3591,1995,1596,0,0,0,1.0,1,1.0,1,1.0,1,0.09930872167168543,28
2713,0,3591,1995,1596,0,0,0,1.0,1,1.0,1,1.0,1,0.08224424665033847,28
2714,1,3592,1996,1596,0,0,0,1.0,1,1.0,1,1.0,1,0.09544652876788508,26
2715,0,3592,1996,1596,0,0,0,1.0,1,1.0,1,1.0,1,0.11910060528556309,24
2716,1,3593,1997,1596,0,0,0,1.0,1,1.0,1,1.0,1,0.11135823236390208,24
2717,5,3598,2001,1597,0,0,0,1.0,1,1.0,1,1.0,1,0.11780578417471763,25
2718,1,3599,2002,1597,0,0,0,1.0,1,1.0,1,1.0,1,0.1943199693947402,25
2719,3,3602,2004,1598,0,0,0,1.0,1,1.0,1,1.0,1,0.20189005182905143,25
2720,3,3605,2006,1599,0,0,0,1.0,1,1.0,1,1.0,1,0.30522871893047093,25
2721,6,3611,2009,1602,0,0,0,1.0,1,1.0,1,1.0,1,0.17504174274314477,25
2722,2,3613,2010,1603,0,0,0,1.0,1,1.0,1,1.0,1,0.17766337450943612,26
2723,0,3613,2010,1603,0,0,0,1.0,1,1.0,1,1.0,1,0.17766337450943612,26
2724,1,3614,2011,1603,0,0,0,1.0,1,1.0,1,1.0,1,0.12168840962330356,27
2725,0,3614,2011,1603,0,0,0,1.0,1,1.0,1,1.0,1,0.10104651230295698,28
2726,0,3614,2011,1603,0,0,0,1.0,1,1.0,1,1.0,1,0.10104651230295698,28
2727,0,3614,2011,1603,0,0,0,1.0,1,1.0,1,1.0,1,0.10723081185123906,29
2728,1,3615,2011,1604,0,0,0,1.0,1,1.0,1,1.0,1,0.09140666327789436,29
2729,0,3615,2011,1604,0,0,0,1.0,1,1.0,1,1.0,1,0.104008835705113,29
2730,1,3616,2012,1604,0,0,0,1.0,1,1.0,1,1.0,1,0.08896976016964143,29
2731,0,3616,2012,1604,0,0,0,1.0,1,1.0,1,1.0,1,0.07924371193642181,30
2732,1,3617,2013,1604,0,0,0,1.0,1,1.0,1,1.0,1,0.10416778530054838,29
2733,2,3619,2014,1605,0,0,0,1.0,1,1.0,1,1.0,1,0.07309674898249215,29
2734,0,3619,2014,1605,0,0,0,1.0,1,1.0,1,1.0,1,0.07309674898249215,29
2735,1,3620,2015,1605,0,0,0,1.0,1,1.0,1,1.0,1,0.12881425504133717,29
2736,3,3623,2015,1608,0,0,0,1.0,1,1.0,1,1.0,1,0.11278072908516645,30
2737,1,3624,2015,1609,0,0,0,1.0,1,1.0,1,1.0,1,0.09824381199534242,30
2738,2,3626,2017,1609,0,0,0,1.0,1,1.0,1,1.0,1,0.14767168501445707,30
2739,1,3627,2018,1609,0,0,0,1.0,1,1.0,1,1.0,1,0.13950875790146303,29
2740,1,3628,2018,1610,0,0,0,1.0,1,1.0,1,1.0,1,0.11324048266773146,29
2741,0,3628,2018,1610,0,0,0,1.0,1,1.0,1,1.0,1,0.1420786287700223,28
2742,2,3630,2020,1610,0,0,0,1.0,1,1.0,1,1.0,1,0.19811616545175645,28
2743,1,3631,2020,1611,0,0,0,1.0,1,1.0,1,1.0,1,0.1857161954680688,29
2744,0,3631,2020,1611,0,0,0,1.0,1,1.0,1,1.0,1,0.15790616700299298,27
2745,4,3635,2022,1613,0,0,0,1.0,1,1.0,1,1.0,1,0.12033855490650117,25
2746,0,3635,2022,1613,0,0,0,1.0,1,1.0,1,1.0,1,0.1318030784398514,25
2747,1,3636,2023,1613,0,0,0,1.0,1,1.0,1,1.0,1,0.16752885665658496,23
2748,0,3636,2023,1613,0,0,0,1.0,1,1.0,1,1.0,1,0.1374893372389379,22
2749,0,3636,2023,1613,0,0,0,1.0,1,1.0,1,1.0,1,0.16410214528955425,19
2750,0,3636,2023,1613,0,0,0,1.0,1,1.0,1,1.0,1,0.13996664675650927,18
2751,0,3636,2023,1613,0,0,0,1.0,1,1.0,1,1.0,1,0.19284218737271253,16
2752,1,3637,2024,1613,0,0,0,1.0,1,1.0,1,1.0,1,0.16211180106105527,15
2753,0,3637,2024,1613,0,0,0,1.0,1,1.0,1,1.0,1,0.16211180106105527,15
2754,0,3637,2024,1613,0,0,0,1.0,1,1.0,1,1.0,1,0.16211180106105527,15
2755,0,3637,2024,1613,0,0,0,1.0,1,1.0,1,1.0,1,0.16211180106105527,15
2756,1,3638,2024,1614,0,0,0,1.0,1,1.0,1,1.0,1,0.12824168057583576,16
2757,0,3638,2024,1614,0,0,0,1.0,1,1.0,1,1.0,1,0.07752905412346474,17
2758,0,3638,2024,1614,0,0,0,1.0,1,1.0,1,1.0,1,0.07752905412346474,17
2759,0,3638,2024,1614,0,0,0,1.0,1,1.0,1,1.0,1,0.07271757591458759,18
2760,0,3638,2024,1614,0,0,0,1.0,1,1.0,1,1.0,1,0.07271757591458759,18
2761,0,3638,2024,1614,0,0,0,1.0,1,1.0,1,1.0,1,0.07271757591458759,18
2762,0,3638,2024,1614,0,0,0,1.0,1,1.0,1,1.0,1,0.07271757591458759,18
2763,0,3638,2024,1614,0,0,0,1.0,1,1.0,1,1.0,1,0.07803400305854893,17
2764,2,3640,2026,1614,0,0,0,1.0,1,1.0,1,1.0,1,0.22142638973461062,17
2765,1,3641,2027,1614,0,0,0,1.0,1,1.0,1,1.0,1,0.2243764412110456,18
2766,0,3641,2027,1614,0,0,0,1.0,1,1.0,1,1.0,1,0.2243764412110456,18
2767,0,3641,2027,1614,0,0,0,1.0,1,1.0,1,1.0,1,0.2243764412110456,18
2768,1,3642,2028,1614,0,0,0,1.0,1,1.0,1,1.0,1,0.20204123685961162,18
2769,2,3644,2029,1615,0,0,0,1.0,1,1.0,1,1.0,1,0.16104605358938032,18
2770,1,3645,2030,1615,0,0,0,1.0,1,1.0,1,1.0,1,0.19177282187428893,18
2771,0,3645,2030,1615,0,0,0,1.0,1,1.0,1,1.0,1,0.19177282187428893,18
2772,0,3645,2030,1615,0,0,0,1.0,1,1.0,1,1.0,1,0.19177282187428893,18
2773,1,3646,2030,1616,0,0,0,1.0,1,1.0,1,1.0,1,0.12170335215039514,18
2774,0,3646,2030,1616,0,0,0,1.0,1,1.0,1,1.0,1,0.16368986912201833,20
2775,2,3648,2032,1616,0,0,0,1.0,1,1.0,1,1.0,1,0.18023376031839586,21
2776,1,3649,2033,1616,0,0,0,1.0,1,1.0,1,1.0,1,0.14992566622316542,21
2777,0,3649,2033,1616,0,0,0,1.0,1,1.0,1,1.0,1,0.1334586679534875,22
2778,1,3650,2034,1616,0,0,0,1.0,1,1.0,1,1.0,1,0.1649917049892392,24
2779,2,3652,2036,1616,0,0,0,1.0,1,1.0,1,1.0,1,0.17382909218791726,24
2780,1,3653,2037,1616,0,0,0,1.0,1,1.0,1,1.0,1,0.12449919475374403,24
2781,0,3653,2037,1616,0,0,0,1.0,1,1.0,1,1.0,1,0.12449919475374403,24
2782,0,3653,2037,1616,0,0,0,1.0,1,1.0,1,1.0,1,0.12449919475374403,24
2783,0,3653,2037,1616,0,0,0,1.0,1,1.0,1,1.0,1,0.12449919475374403,24
2784,1,3654,2037,1617,0,0,0,1.0,1,1.0,1,1.0,1,0.15878243052761543,24
2785,0,3654,2037,1617,0,0,0,1.0,1,1.0,1,1.0,1,0.11784943567171635,22
2786,0,3654,2037,1617,0,0,0,1.0,1,1.0,1,1.0,1,0.18084605617973845,22
2787,1,3655,2038,1617,0,0,0,1.0,1,1.0,1,1.0,1,0.1124925434902004,21
2788,0,3655,2038,1617,0,0,0,1.0,1,1.0,1,1.0,1,0.10839850324062805,20
2789,1,3656,2039,1617,0,0,0,1.0,1,1.0,1,1.0,1,0.1455553602696606,20
2790,1,3657,2039,1618,0,0,0,1.0,1,1.0,1,1.0,1,0.15056148937403233,21
2791,0,3657,2039,1618,0,0,0,1.0,1,1.0,1,1.0,1,0.15056148937403233,21
2792,0,3657,2039,1618,0,0,0,1.0,1,1.0,1,1.0,1,0.15056148937403233,21
2793,1,3658,2039,1619,0,0,0,1.0,1,1.0,1,1.0,1,0.10751675156366487,18
2794,0,3658,2039,1619,0,0,0,1.0,1,1.0,1,1.0,1,0.10751675156366487,18
2795,1,3659,2040,1619,0,0,0,1.0,1,1.0,1,1.0,1,0.11395115248850278,20
2796,1,3660,2041,1619,0,0,0,1.0,1,1.0,1,1.0,1,0.09388484094596024,21
2797,0,3660,2041,1619,0,0,0,1.0,1,1.0,1,1.0,1,0.09388484094596024,21
2798,0,3660,2041,1619,0,0,0,1.0,1,1.0,1,1.0,1,0.09388484094596024,21
2799,0,3660,2041,1619,0,0,0,1.0,1,1.0,1,1.0,1,0.10825345303252093,22
2800,0,3660,2041,1619,0,0,0,1.0,1,1.0,1,1.0,1,0.10825345303252093,22
2801,3,3663,2043,1620,0,0,0,1.0,1,1.0,1,1.0,1,0.16492780027126777,22
2802,0,3663,2043,1620,0,0,0,1.0,1,1.0,1,1.0,1,0.16492780027126777,22
2803,1,3664,2044,1620,0,0,0,1.0,1,1.0,1,1.0,1,0.20275967141115447,22
2804,0,3664,2044,1620,0,0,0,1.0,1,1.0,1,1.0,1,0.21361126634119743,23
2805,0,3664,2044,1620,0,0,0,1.0,1,1.0,1,1.0,1,0.21361126634119743,23
2806,0,3664,2044,1620,0,0,0,1.0,1,1.0,1,1.0,1,0.21361126634119743,23
2807,1,3665,2044,1621,0,0,0,1.0,1,1.0,1,1.0,1,0.171492075557058,24
2808,0,3665,2044,1621,0,0,0,1.0,1,1.0,1,1.0,1,0.171492075557058,24
2809,0,3665,2044,1621,0,0,0,1.0,1,1.0,1,1.0,1,0.1871897422619123,25
2810,0,3665,2044,1621,0,0,0,1.0,1,1.0,1,1.0,1,0.18488639072155397,24
2811,1,3666,2045,1621,0,0,0,1.0,1,1.0,1,1.0,1,0.16084613044796112,26
2812,0,3666,2045,1621,0,0,0,1.0,1,1.0,1,1.0,1,0.16084613044796112,26
2813,1,3667,2046,1621,0,0,0,1.0,1,1.0,1,1.0,1,0.14274197905166247,27
2814,3,3670,2047,1623,0,0,0,1.0,1,1.0,1,1.0,1,0.17451707743546116,29
2815,1,3671,2048,1623,0,0,0,1.0,1,1.0,1,1.0,1,0.16267971216611918,29
2816,0,3671,2048,1623,0,0,0,1.0,1,1.0,1,1.0,1,0.16638034301714763,29
2817,1,3672,2049,1623,0,0,0,1.0,1,1.0,1,1.0,1,0.14310058173265625,29
2818,2,3674,2051,1623,0,0,0,1.0,1,1.0,1,1.0,1,0.159424994142891,29
2819,1,3675,2052,1623,0,0,0,1.0,1,1.0,1,1.0,1,0.13904865370495872,30
2820,2,3677,2053,1624,0,0,0,1.0,1,1.0,1,1.0,1,0.1837233094498894,30
2821,2,3679,2054,1625,0,0,0,1.0,1,1.0,1,1.0,1,0.14392807174751684,31
2822,0,3679,2054,1625,0,0,0,1.0,1,1.0,1,1.0,1,0.16225518075919473,30
2823,2,3681,2055,1626,0,0,0,1.0,1,1.0,1,1.0,1,0.05920019837151451,27
2824,0,3681,2055,1626,0,0,0,1.0,1,1.0,1,1.0,1,0.044180438083132274,28
2825,3,3684,2058,1626,0,0,0,1.0,1,1.0,1,1.0,1,0.11507043895310279,28
2826,1,3685,2059,1626,0,0,0,1.0,1,1.0,1,1.0,1,0.18059772833976567,27
2827,0,3685,2059,1626,0,0,0,1.0,1,1.0,1,1.0,1,0.2018921431805056,28
2828,0,3685,2059,1626,0,0,0,1.0,1,1.0,1,1.0,1,0.22885597808724753,28
2829,2,3687,2060,1627,0,0,0,1.0,1,1.0,1,1.0,1,0.20303635679128781,27
2830,1,3688,2061,1627,0,0,0,1.0,1,1.0,1,1.0,1,0.22254421262141827,27
2831,4,3692,2063,1629,0,0,0,1.0,1,1.0,1,1.0,1,0.1824985167712505,27
2832,1,3693,2063,1630,0,0,0,1.0,1,1.0,1,1.0,1,0.21414813899062804,27
2833,2,3695,2064,1631,0,0,0,1.0,1,1.0,1,1.0,1,0.21393009069017324,26
2834,1,3696,2065,1631,0,0,0,1.0,1,1.0,1,1.0,1,0.12093623932234537,26
2835,1,3697,2066,1631,0,0,0,1.0,1,1.0,1,1.0,1,0.08254133378591387,25
2836,0,3697,2066,1631,0,0,0,1.0,1,1.0,1,1.0,1,0.11561818237610517,27
2837,1,3698,2067,1631,0,0,0,1.0,1,1.0,1,1.0,1,0.15778487480783493,27
2838,0,3698,2067,1631,0,0,0,1.0,1,1.0,1,1.0,1,0.15778487480783493,27
2839,2,3700,2068,1632,0,0,0,1.0,1,1.0,1,1.0,1,0.18425821968354106,29
2840,0,3700,2068,1632,0,0,0,1.0,1,1.0,1,1.0,1,0.18425821968354106,29
2841,3,3703,2069,1634,0,0,0,1.0,1,1.0,1,1.0,1,0.17695920213700755,31
2842,0,3703,2069,1634,0,0,0,1.0,1,1.0,1,1.0,1,0.17695920213700755,31
2843,0,3703,2069,1634,0,0,0,1.0,1,1.0,1,1.0,1,0.11813646398684985,32
2844,5,3708,2072,1636,0,0,0,1.0,1,1.0,1,1.0,1,0.056510263444018514,33
2845,0,3708,2072,1636,0,0,0,1.0,1,1.0,1,1.0,1,0.07364571716366863,32
2846,2,3710,2074,1636,0,0,0,1.0,1,1.0,1,1.0,1,0.07570529687525836,33
2847,2,3712,2075,1637,0,0,0,1.0,1,1.0,1,1.0,1,0.136715007855712,32
2848,2,3714,2077,1637,0,0,0,1.0,1,1.0,1,1.0,1,0.16266832247554158,33
2849,2,3716,2077,1639,0,0,0,1.0,1,1.0,1,1.0,1,0.11522538462146865,34
2850,0,3716,2077,1639,0,0,0,1.0,1,1.0,1,1.0,1,0.11522538462146865,34
2851,0,3716,2077,1639,0,0,0,1.0,1,1.0,1,1.0,1,0.11522538462146865,34
2852,6,3722,2082,1640,0,0,0,1.0,1,1.0,1,1.0,1,0.13488447921484578,35
2853,2,3724,2082,1642,0,0,0,1.0,1,1.0,1,1.0,1,0.07917024171278857,36
2854,0,3724,2082,1642,0,0,0,1.0,1,1.0,1,1.0,1,0.0855391194018777,37
2855,1,3725,2083,1642,0,0,0,1.0,1,1.0,1,1.0,1,0.05841442349695464,38
2856,0,3725,2083,1642,0,0,0,1.0,1,1.0,1,1.0,1,0.05841442349695464,38
2857,2,3727,2085,1642,0,0,0,1.0,1,1.0,1,1.0,1,0.06147115110331267,39
2858,1,3728,2086,1642,0,0,0,1.0,1,1.0,1,1.0,1,0.06471814527046542,40
2859,2,3730,2088,1642,0,0,0,1.0,1,1.0,1,1.0,1,0.13790390337209385,40
2860,2,3732,2089,1643,0,0,0,1.0,1,1.0,1,1.0,1,0.10201648645840433,40
2861,2,3734,2090,1644,0,0,0,1.0,1,1.0,1,1.0,1,0.07863133149225217,38
2862,1,3735,2091,1644,0,0,0,1.0,1,1.0,1,1.0,1,0.13699776015274795,38
2863,2,3737,2093,1644,0,0,0,1.0,1,1.0,1,1.0,1,0.1473315401940697,38
2864,1,3738,2094,1644,0,0,0,1.0,1,1.0,1,1.0,1,0.17132799808411278,36
2865,3,3741,2097,1644,0,0,0,1.0,1,1.0,1,1.0,1,0.18085534753186597,34
2866,0,3741,2097,1644,0,0,0,1.0,1,1.0,1,1.0,1,0.14444860942708176,31
2867,1,3742,2098,1644,0,0,0,1.0,1,1.0,1,1.0,1,0.1355597567490934,30
2868,2,3744,2100,1644,0,0,0,1.0,1,1.0,1,1.0,1,0.1837788385236374,27
2869,0,3744,2100,1644,0,0,0,1.0,1,1.0,1,1.0,1,0.2023437458289373,27
2870,1,3745,2101,1644,0,0,0,1.0,1,1.0,1,1.0,1,0.23217502759989575,25
2871,0,3745,2101,1644,0,0,0,1.0,1,1.0,1,1.0,1,0.2320714323354182,25
2872,3,3748,2102,1646,0,0,0,1.0,1,1.0,1,1.0,1,0.19306870483427163,23
2873,2,3750,2102,1648,0,0,0,1.0,1,1.0,1,1.0,1,0.10659306853630249,24
2874,0,3750,2102,1648,0,0,0,1.0,1,1.0,1,1.0,1,0.11548187565217274,24
2875,1,3751,2102,1649,0,0,0,1.0,1,1.0,1,1.0,1,0.15878823296876113,23
2876,2,3753,2103,1650,0,0,0,1.0,1,1.0,1,1.0,1,0.14670095345623985,24
2877,2,3755,2104,1651,0,0,0,1.0,1,1.0,1,1.0,1,0.14212860223520865,24
2878,2,3757,2105,1652,0,0,0,1.0,1,1.0,1,1.0,1,0.13332841680482052,24
2879,2,3759,2107,1652,0,0,0,1.0,1,1.0,1,1.0,1,0.20277634434307648,25
2880,0,3759,2107,1652,0,0,0,1.0,1,1.0,1,1.0,1,0.20459760688476408,26
2881,1,3760,2107,1653,0,0,0,1.0,1,1.0,1,1.0,1,0.19074460539555488,26
2882,0,3760,2107,1653,0,0,0,1.0,1,1.0,1,1.0,1,0.16582274610464748,27
2883,1,3761,2107,1654,0,0,0,1.0,1,1.0,1,1.0,1,0.13809120172746386,28
2884,1,3762,2107,1655,0,0,0,1.0,1,1.0,1,1.0,1,0.12059932825435545,29
2885,1,3763,2107,1656,0,0,0,1.0,1,1.0,1,1.0,1,0.08977505924857303,31
2886,1,3764,2108,1656,0,0,0,1.0,1,1.0,1,1.0,1,0.11770264969828458,31
2887,0,3764,2108,1656,0,0,0,1.0,1,1.0,1,1.0,1,0.09473488058161612,33
2888,4,3768,2109,1659,0,0,0,1.0,1,1.0,1,1.0,1,0.13346217246376296,34
2889,2,3770,2111,1659,0,0,0,1.0,1,1.0,1,1.0,1,0.15462116954763877,35
2890,1,3771,2112,1659,0,0,0,1.0,1,1.0,1,1.0,1,0.15749130494288827,35
2891,1,3772,2112,1660,0,0,0,1.0,1,1.0,1,1.0,1,0.13666261513070171,35
2892,2,3774,2114,1660,0,0,0,1.0,1,1.0,1,1.0,1,0.1750120163677239,35
2893,1,3775,2114,1661,0,0,0,1.0,1,1.0,1,1.0,1,0.1554529429238952,37
2894,0,3775,2114,1661,0,0,0,1.0,1,1.0,1,1.0,1,0.1554529429238952,37
2895,0,3775,2114,1661,0,0,0,1.0,1,1.0,1,1.0,1,0.1554529429238952,37
2896,2,3777,2115,1662,0,0,0,1.0,1,1.0,1,1.0,1,0.1944686186271169,38
2897,0,3777,2115,1662,0,0,0,1.0,1,1.0,1,1.0,1,0.22552674516284213,37
2898,0,3777,2115,1662,0,0,0,1.0,1,1.0,1,1.0,1,0.23956807542463743,38
2899,2,3779,2117,1662,0,0,0,1.0,1,1.0,1,1.0,1,0.263759822847514,37
2900,0,3779,2117,1662,0,0,0,1.0,1,1.0,1,1.0,1,0.24574313397518138,36
2901,1,3780,2117,1663,0,0,0,1.0,1,1.0,1,1.0,1,0.18672766791360335,37
2902,0,3780,2117,1663,0,0,0,1.0,1,1.0,1,1.0,1,0.17461431410509218,35
2903,0,3780,2117,1663,0,0,0,1.0,1,1.0,1,1.0,1,0.18477621971076133,35
2904,0,3780,2117,1663,0,0,0,1.0,1,1.0,1,1.0,1,0.1814644399308316,33
2905,1,3781,2117,1664,0,0,0,1.0,1,1.0,1,1.0,1,0.18267759223408103,34
2906,3,3784,2119,1665,0,0,0,1.0,1,1.0,1,1.0,1,0.2611136568886312,34
2907,0,3784,2119,1665,0,0,0,1.0,1,1.0,1,1.0,1,0.24965548480796623,35
2908,0,3784,2119,1665,0,0,0,1.0,1,1.0,1,1.0,1,0.2570370985441164,36
2909,0,3784,2119,1665,0,0,0,1.0,1,1.0,1,1.0,1,0.26131482906740117,38
2910,0,3784,2119,1665,0,0,0,1.0,1,1.0,1,1.0,1,0.26131482906740117,38
2911,1,3785,2120,1665,0,0,0,1.0,1,1.0,1,1.0,1,0.2794927929246266,37
2912,0,3785,2120,1665,0,0,0,1.0,1,1.0,1,1.0,1,0.2794927929246266,37
2913,1,3786,2120,1666,0,0,0,1.0,1,1.0,1,1.0,1,0.277105392408614,38
2914,0,3786,2120,1666,0,0,0,1.0,1,1.0,1,1.0,1,0.277105392408614,38
2915,1,3787,2120,1667,0,0,0,1.0,1,1.0,1,1.0,1,0.2525178294105276,39
2916,2,3789,2120,1669,0,0,0,1.0,1,1.0,1,1.0,1,0.2455557430188101,40
2917,2,3791,2120,1671,0,0,0,1.0,1,1.0,1,1.0,1,0.19882828039233102,41
2918,1,3792,2120,1672,0,0,0,1.0,1,1.0,1,1.0,1,0.2082086859797705,41
2919,0,3792,2120,1672,0,0,0,1.0,1,1.0,1,1.0,1,0.2082086859797705,41
2920,0,3792,2120,1672,0,0,0,1.0,1,1.0,1,1.0,1,0.20623143465117186,43
2921,2,3794,2120,1674,0,0,0,1.0,1,1.0,1,1.0,1,0.17952440742204914,42
2922,0,3794,2120,1674,0,0,0,1.0,1,1.0,1,1.0,1,0.15684410739833335,43
2923,0,3794,2120,1674,0,0,0,1.0,1,1.0,1,1.0,1,0.16759729857070096,44
2924,0,3794,2120,1674,0,0,0,1.0,1,1.0,1,1.0,1,0.1414784128472027,45
2925,1,3795,2121,1674,0,0,0,1.0,1,1.0,1,1.0,1,0.18350340797680925,45
2926,1,3796,2122,1674,0,0,0,1.0,1,1.0,1,1.0,1,0.14116546843862995,47
2927,0,3796,2122,1674,0,0,0,1.0,1,1.0,1,1.0,1,0.14116546843862995,47
2928,3,3799,2123,1676,0,0,0,1.0,1,1.0,1,1.0,1,0.14468815918114994,48
2929,0,3799,2123,1676,0,0,0,1.0,1,1.0,1,1.0,1,0.14468815918114994,48
2930,0,3799,2123,1676,0,0,0,1.0,1,1.0,1,1.0,1,0.14525157518695314,50
2931,0,3799,2123,1676,0,0,0,1.0,1,1.0,1,1.0,1,0.14563840203808529,51
2932,0,3799,2123,1676,0,0,0,1.0,1,1.0,1,1.0,1,0.14563840203808529,51
2933,1,3800,2123,1677,0,0,0,1.0,1,1.0,1,1.0,1,0.1443485201526608,52
2934,0,3800,2123,1677,0,0,0,1.0,1,1.0,1,1.0,1,0.1443485201526608,52
2935,0,3800,2123,1677,0,0,0,1.0,1,1.0,1,1.0,1,0.1637923900800756,51
2936,1,3801,2124,1677,0,0,0,1.0,1,1.0,1,1.0,1,0.1806218957169835,49
2937,0,3801,2124,1677,0,0,0,1.0,1,1.0,1,1.0,1,0.18103494651015162,50
2938,3,3804,2125,1679,0,0,0,1.0,1,1.0,1,1.0,1,0.17958070645313123,50
2939,0,3804,2125,1679,0,0,0,1.0,1,1.0,1,1.0,1,0.18532086412575083,51
2940,3,3807,2127,1680,0,0,0,1.0,1,1.0,1,1.0,1,0.18219976081831524,52
2941,3,3810,2129,1681,0,0,0,1.0,1,1.0,1,1.0,1,0.21773028319925575,53
2942,0,3810,2129,1681,0,0,0,1.0,1,1.0,1,1.0,1,0.21715224663157048,52
2943,2,3812,2131,1681,0,0,0,1.0,1,1.0,1,1.0,1,0.2537336157456737,51
2944,0,3812,2131,1681,0,0,0,1.0,1,1.0,1,1.0,1,0.2340224290229883,52
2945,3,3815,2132,1683,0,0,0,1.0,1,1.0,1,1.0,1,0.2134757335718944,50
2946,1,3816,2133,1683,0,0,0,1.0,1,1.0,1,1.0,1,0.21761505556073518,51
2947,1,3817,2134,1683,0,0,0,1.0,1,1.0,1,1.0,1,0.21373788292720514,50
2948,2,3819,2135,1684,0,0,0,1.0,1,1.0,1,1.0,1,0.1798316590479847,50
2949,2,3821,2135,1686,0,0,0,1.0,1,1.0,1,1.0,1,0.14573351664606035,49
2950,0,3821,2135,1686,0,0,0,1.0,1,1.0,1,1.0,1,0.16401198253372345,48
2951,0,3821,2135,1686,0,0,0,1.0,1,1.0,1,1.0,1,0.14906683247755764,48
2952,0,3821,2135,1686,0,0,0,1.0,1,1.0,1,1.0,1,0.14467007738054516,46
2953,0,3821,2135,1686,0,0,0,1.0,1,1.0,1,1.0,1,0.14467007738054516,46
2954,1,3822,2136,1686,0,0,0,1.0,1,1.0,1,1.0,1,0.17717376436982427,48
2955,4,3826,2136,1690,0,0,0,1.0,1,1.0,1,1.0,1,0.10685040208632852,48
2956,1,3827,2136,1691,0,0,0,1.0,1,1.0,1,1.0,1,0.1101302778934534,47
2957,2,3829,2136,1693,0,0,0,1.0,1,1.0,1,1.0,1,0.09227458908613202,48
2958,1,3830,2136,1694,0,0,0,1.0,1,1.0,1,1.0,1,0.06665446024340926,49
2959,1,3831,2137,1694,0,0,0,1.0,1,1.0,1,1.0,1,0.04986688050098925,49
2960,0,3831,2137,1694,0,0,0,1.0,1,1.0,1,1.0,1,0.04986688050098925,49
2961,2,3833,2139,1694,0,0,0,1.0,1,1.0,1,1.0,1,0.03627163540762955,51
2962,2,3835,2141,1694,0,0,0,1.0,1,1.0,1,1.0,1,0.050197430189412376,51
2963,2,3837,2143,1694,0,0,0,1.0,1,1.0,1,1.0,1,0.08111544205076596,51
2964,1,3838,2144,1694,0,0,0,1.0,1,1.0,1,1.0,1,0.1025539369615486,52
2965,3,3841,2146,1695,0,0,0,1.0,1,1.0,1,1.0,1,0.09036406102272702,53
2966,4,3845,2148,1697,0,0,0,1.0,1,1.0,1,1.0,1,0.04903076562522595,53
2967,1,3846,2148,1698,0,0,0,1.0,1,1.0,1,1.0,1,0.01642187973673754,53
2968,0,3846,2148,1698,0,0,0,1.0,1,1.0,1,1.0,1,0.021680218117571762,54
2969,2,3848,2150,1698,0,0,0,1.0,1,1.0,1,1.0,1,0.011177254227185258,55
2970,0,3848,2150,1698,0,0,0,1.0,1,1.0,1,1.0,1,0.011177254227185258,55
2971,1,3849,2151,1698,0,0,0,1.0,1,1.0,1,1.0,1,0.02569622893198039,55
2972,1,3850,2152,1698,0,0,0,1.0,1,1.0,1,1.0,1,0.057672262701984146,55
2973,0,3850,2152,1698,0,0,0,1.0,1,1.0,1,1.0,1,0.07419343926843723,55
2974,1,3851,2152,1699,0,0,0,1.0,1,1.0,1,1.0,1,0.07830944366099159,56
2975,0,3851,2152,1699,0,0,0,1.0,1,1.0,1,1.0,1,0.08250311518215542,55
2976,0,3851,2152,1699,0,0,0,1.0,1,1.0,1,1.0,1,0.07770112932965785,57
2977,2,3853,2152,1701,0,0,0,1.0,1,1.0,1,1.0,1,0.05712063778312919,59
2978,2,3855,2154,1701,0,0,0,1.0,1,1.0,1,1.0,1,0.1036898314875282,59
2979,0,3855,2154,1701,0,0,0,1.0,1,1.0,1,1.0,1,0.1036898314875282,59
2980,1,3856,2155,1701,0,0,0,1.0,1,1.0,1,1.0,1,0.13660998933999963,59
2981,5,3861,2157,1704,0,0,0,1.0,1,1.0,1,1.0,1,0.11578045761084034,59
2982,3,3864,2158,1706,0,0,0,1.0,1,1.0,1,1.0,1,0.09585178836538696,61
2983,5,3869,2160,1709,0,0,0,1.0,1,1.0,1,1.0,1,0.05041685155601549,61
2984,3,3872,2161,1711,0,0,0,1.0,1,1.0,1,1.0,1,0.046153290649394,61
2985,4,3876,2165,1711,0,0,0,1.0,1,1.0,1,1.0,1,0.04501912260099336,57
2986,2,3878,2167,1711,0,0,0,1.0,1,1.0,1,1.0,1,0.06033061767671292,58
2987,1,3879,2168,1711,0,0,0,1.0,1,1.0,1,1.0,1,0.05118029359121415,56
2988,4,3883,2172,1711,0,0,0,1.0,1,1.0,1,1.0,1,0.04794382114276869,55
2989,3,3886,2175,1711,0,0,0,1.0,1,1.0,1,1.0,1,0.09047049952578239,53
2990,3,3889,2178,1711,0,0,0,1.0,1,1.0,1,1.0,1,0.0835247606293649,52
2991,2,3891,2180,1711,0,0,0,1.0,1,1.0,1,1.0,1,0.08647000290086126,54
2992,1,3892,2181,1711,0,0,0,1.0,1,1.0,1,1.0,1,0.09062422821127997,55
2993,3,3895,2183,1712,0,0,0,1.0,1,1.0,1,1.0,1,0.06814460432710388,53
2994,1,3896,2183,1713,0,0,0,1.0,1,1.0,1,1.0,1,0.08467792661255763,53
2995,0,3896,2183,1713,0,0,0,1.0,1,1.0,1,1.0,1,0.09949799506795524,51
2996,1,3897,2184,1713,0,0,0,1.0,1,1.0,1,1.0,1,0.12524458340024097,52
2997,3,3900,2185,1715,0,0,0,1.0,1,1.0,1,1.0,1,0.10878969330178384,50
2998,3,3903,2186,1717,0,0,0,1.0,1,1.0,1,1.0,1,0.07773793615977635,51
2999,0,3903,2186,1717,0,0,0,1.0,1,1.0,1,1.0,1,0.09997726087488137,48
3000,1,3904,2187,1717,0,0,0,1.0,1,1.0,1,1.0,1,0.11402870924371653,48
3001,3,3907,2187,1720,0,0,0,1.0,1,1.0,1,1.0,1,0.049360119179827605,49
3002,1,3908,2188,1720,0,0,0,1.0,1,1.0,1,1.0,1,0.07188343180388027,50
3003,0,3908,2188,1720,0,0,0,1.0,1,1.0,1,1.0,1,0.07188343180388027,50
3004,0,3908,2188,1720,0,0,0,1.0,1,1.0,1,1.0,1,0.06763848626667535,51
3005,0,3908,2188,1720,0,0,0,1.0,1,1.0,1,1.0,1,0.06433253046281737,50
3006,0,3908,2188,1720,0,0,0,1.0,1,1.0,1,1.0,1,0.08040646430163292,51
3007,0,3908,2188,1720,0,0,0,1.0,1,1.0,1,1.0,1,0.08120088137971032,51
3008,2,3910,2188,1722,0,0,0,1.0,1,1.0,1,1.0,1,0.03064596417203333,53
3009,0,3910,2188,1722,0,0,0,1.0,1,1.0,1,1.0,1,0.0499255618091782,52
3010,0,3910,2188,1722,0,0,0,1.0,1,1.0,1,1.0,1,0.0499255618091782,52
3011,1,3911,2189,1722,0,0,0,1.0,1,1.0,1,1.0,1,0.08610207964667316,51
3012,3,3914,2191,1723,0,0,0,1.0,1,1.0,1,1.0,1,0.10365034968201808,54
3013,4,3918,2195,1723,0,0,0,1.0,1,1.0,1,1.0,1,0.09913336013632376,52
3014,2,3920,2197,1723,0,0,0,1.0,1,1.0,1,1.0,1,0.12495271681164222,51
3015,2,3922,2199,1723,0,0,0,1.0,1,1.0,1,1.0,1,0.13567170721882021,50
3016,2,3924,2201,1723,0,0,0,1.0,1,1.0,1,1.0,1,0.14919697933114537,50
3017,6,3930,2204,1726,0,0,0,1.0,1,1.0,1,1.0,1,0.1397984822608899,48
3018,3,3933,2206,1727,0,0,0,1.0,1,1.0,1,1.0,1,0.11130303908650219,48
3019,1,3934,2207,1727,0,0,0,1.0,1,1.0,1,1.0,1,0.10367896783387263,47
3020,2,3936,2209,1727,0,0,0,1.0,1,1.0,1,1.0,1,0.10784697882531322,47
3021,3,3939,2211,1728,0,0,0,1.0,1,1.0,1,1.0,1,0.094835575605261,46
3022,2,3941,2213,1728,0,0,0,1.0,1,1.0,1,1.0,1,0.13932158095331112,45
3023,2,3943,2215,1728,0,0,0,1.0,1,1.0,1,1.0,1,0.11350057888133468,41
3024,3,3946,2218,1728,0,0,0,1.0,1,1.0,1,1.0,1,0.1248442377732714,43
3025,4,3950,2219,1731,0,0,0,1.0,1,1.0,1,1.0,1,0.08284740675339301,39
3026,1,3951,2220,1731,0,0,0,1.0,1,1.0,1,1.0,1,0.13570802908603796,38
3027,1,3952,2221,1731,0,0,0,1.0,1,1.0,1,1.0,1,0.12602301807704827,38
3028,2,3954,2222,1732,0,0,0,1.0,1,1.0,1,1.0,1,0.14703210621800733,38
3029,2,3956,2223,1733,0,0,0,1.0,1,1.0,1,1.0,1,0.1368175927666413,37
3030,2,3958,2224,1734,0,0,0,1.0,1,1.0,1,1.0,1,0.1605564452636829,38
3031,1,3959,2224,1735,0,0,0,1.0,1,1.0,1,1.0,1,0.14680532939148488,39
3032,0,3959,2224,1735,0,0,0,1.0,1,1.0,1,1.0,1,0.14680532939148488,39
3033,2,3961,2224,1737,0,0,0,1.0,1,1.0,1,1.0,1,0.12412233484419048,39
3034,0,3961,2224,1737,0,0,0,1.0,1,1.0,1,1.0,1,0.12119127810203013,38
3035,0,3961,2224,1737,0,0,0,1.0,1,1.0,1,1.0,1,0.10067091625328423,39
3036,0,3961,2224,1737,0,0,0,1.0,1,1.0,1,1.0,1,0.1117578232720264,39
3037,0,3961,2224,1737,0,0,0,1.0,1,1.0,1,1.0,1,0.13560582395866072,39
3038,2,3963,2225,1738,0,0,0,1.0,1,1.0,1,1.0,1,0.09955922630598886,40
3039,1,3964,2226,1738,0,0,0,1.0,1,1.0,1,1.0,1,0.1232058554526311,41
3040,2,3966,2228,1738,0,0,0,1.0,1,1.0,1,1.0,1,0.13663801841220477,42
3041,1,3967,2228,1739,0,0,0,1.0,1,1.0,1,1.0,1,0.10736320258011006,43
3042,2,3969,2230,1739,0,0,0,1.0,1,1.0,1,1.0,1,0.10782124578458067,45
3043,2,3971,2231,1740,0,0,0,1.0,1,1.0,1,1.0,1,0.12418391138466603,45
3044,2,3973,2232,1741,0,0,0,1.0,1,1.0,1,1.0,1,0.08306449547269418,45
3045,0,3973,2232,1741,0,0,0,1.0,1,1.0,1,1.0,1,0.08306449547269418,45
3046,0,3973,2232,1741,0,0,0,1.0,1,1.0,1,1.0,1,0.09381361230297781,46
3047,0,3973,2232,1741,0,0,0,1.0,1,1.0,1,1.0,1,0.09381361230297781,46
3048,3,3976,2232,1744,0,0,0,1.0,1,1.0,1,1.0,1,0.06008739943579631,49
3049,1,3977,2233,1744,0,0,0,1.0,1,1.0,1,1.0,1,0.07115237868338325,50
3050,1,3978,2233,1745,0,0,0,1.0,1,1.0,1,1.0,1,0.057756972188163204,50
3051,2,3980,2235,1745,0,0,0,1.0,1,1.0,1,1.0,1,0.08623560513399937,50
3052,1,3981,2235,1746,0,0,0,1.0,1,1.0,1,1.0,1,0.07675198784612751,50
3053,2,3983,2237,1746,0,0,0,1.0,1,1.0,1,1.0,1,0.09887977007748543,49
3054,1,3984,2238,1746,0,0,0,1.0,1,1.0,1,1.0,1,0.11070114325486854,47
3055,1,3985,2239,1746,0,0,0,1.0,1,1.0,1,1.0,1,0.12733900144722177,48
3056,1,3986,2240,1746,0,0,0,1.0,1,1.0,1,1.0,1,0.1401879794915549,47
3057,4,3990,2241,1749,0,0,0,1.0,1,1.0,1,1.0,1,0.13449722830488517,48
3058,2,3992,2243,1749,0,0,0,1.0,1,1.0,1,1.0,1,0.10437680149027187,46
3059,0,3992,2243,1749,0,0,0,1.0,1,1.0,1,1.0,1,0.11156693919108557,44
3060,2,3994,2244,1750,0,0,0,1.0,1,1.0,1,1.0,1,0.07280158841178423,44
3061,1,3995,2245,1750,0,0,0,1.0,1,1.0,1,1.0,1,0.07547470101897266,42
3062,3,3998,2247,1751,0,0,0,1.0,1,1.0,1,1.0,1,0.07023941839339026,42
3063,3,4001,2250,1751,0,0,0,1.0,1,1.0,1,1.0,1,0.12801102644817766,41
3064,1,4002,2251,1751,0,0,0,1.0,1,1.0,1,1.0,1,0.10278789770717675,42
3065,2,4004,2252,1752,0,0,0,1.0,1,1.0,1,1.0,1,0.07085267442671969,40
3066,3,4007,2254,1753,0,0,0,1.0,1,1.0,1,1.0,1,0.07284727256261928,42
3067,3,4010,2257,1753,0,0,0,1.0,1,1.0,1,1.0,1,0.1340955268639914,40
3068,2,4012,2259,1753,0,0,0,1.0,1,1.0,1,1.0,1,0.13078669884976982,39
3069,2,4014,2259,1755,0,0,0,1.0,1,1.0,1,1.0,1,0.11240213504696225,38
3070,0,4014,2259,1755,0,0,0,1.0,1,1.0,1,1.0,1,0.1309552045742492,39
3071,0,4014,2259,1755,0,0,0,1.0,1,1.0,1,1.0,1,0.147482047230985,39
3072,3,4017,2260,1757,0,0,0,1.0,1,1.0,1,1.0,1,0.15690505900887475,40
3073,4,4021,2261,1760,0,0,0,1.0,1,1.0,1,1.0,1,0.17089495745784045,38
3074,0,4021,2261,1760,0,0,0,1.0,1,1.0,1,1.0,1,0.15432253732615442,38
3075,3,4024,2262,1762,0,0,0,1.0,1,1.0,1,1.0,1,0.17706599608849982,41
3076,1,4025,2263,1762,0,0,0,1.0,1,1.0,1,1.0,1,0.15241508089008562,42
3077,1,4026,2263,1763,0,0,0,1.0,1,1.0,1,1.0,1,0.14236251371512482,42
3078,0,4026,2263,1763,0,0,0,1.0,1,1.0,1,1.0,1,0.14236251371512482,42
3079,0,4026,2263,1763,0,0,0,1.0,1,1.0,1,1.0,1,0.14236251371512482,42
3080,0,4026,2263,1763,0,0,0,1.0,1,1.0,1,1.0,1,0.1353289589630128,43
3081,1,4027,2263,1764,0,0,0,1.0,1,1.0,1,1.0,1,0.12080015821445095,44
3082,2,4029,2264,1765,0,0,0,1.0,1,1.0,1,1.0,1,0.12017019026300274,45
3083,0,4029,2264,1765,0,0,0,1.0,1,1.0,1,1.0,1,0.12017019026300274,45
3084,1,4030,2265,1765,0,0,0,1.0,1,1.0,1,1.0,1,0.1070610159764569,45
3085,1,4031,2265,1766,0,0,0,1.0,1,1.0,1,1.0,1,0.12371795541267132,46
3086,1,4032,2266,1766,0,0,0,1.0,1,1.0,1,1.0,1,0.11971608072568878,46
3087,2,4034,2267,1767,0,0,0,1.0,1,1.0,1,1.0,1,0.12715402667404033,47
3088,1,4035,2268,1767,0,0,0,1.0,1,1.0,1,1.0,1,0.1556034074825749,48
3089,0,4035,2268,1767,0,0,0,1.0,1,1.0,1,1.0,1,0.13399383180633614,46
3090,1,4036,2268,1768,0,0,0,1.0,1,1.0,1,1.0,1,0.12902164885464462,46
3091,1,4037,2268,1769,0,0,0,1.0,1,1.0,1,1.0,1,0.12096485161615858,46
3092,3,4040,2270,1770,0,0,0,1.0,1,1.0,1,1.0,1,0.09193242697056461,47
3093,1,4041,2270,1771,0,0,0,1.0,1,1.0,1,1.0,1,0.06702284192516028,47
3094,0,4041,2270,1771,0,0,0,1.0,1,1.0,1,1.0,1,0.059156263677838834,45
3095,1,4042,2271,1771,0,0,0,1.0,1,1.0,1,1.0,1,0.046259128468482374,46
3096,0,4042,2271,1771,0,0,0,1.0,1,1.0,1,1.0,1,0.04470587112839529,46
3097,2,4044,2273,1771,0,0,0,1.0,1,1.0,1,1.0,1,0.07048012697754996,47
3098,1,4045,2274,1771,0,0,0,1.0,1,1.0,1,1.0,1,0.030480887342374887,47
3099,0,4045,2274,1771,0,0,0,1.0,1,1.0,1,1.0,1,0.030480887342374887,47
3100,0,4045,2274,1771,0,0,0,1.0,1,1.0,1,1.0,1,0.030480887342374887,47
3101,0,4045,2274,1771,0,0,0,1.0,1,1.0,1,1.0,1,0.025853283702689505,48
3102,1,4046,2275,1771,0,0,0,1.0,1,1.0,1,1.0,1,0.01741771068171771,48
3103,0,4046,2275,1771,0,0,0,1.0,1,1.0,1,1.0,1,0.03330622553814754,49
3104,1,4047,2276,1771,0,0,0,1.0,1,1.0,1,1.0,1,0.058563510469211884,48
3105,3,4050,2277,1773,0,0,0,1.0,1,1.0,1,1.0,1,0.0864566602407442,45
3106,1,4051,2278,1773,0,0,0,1.0,1,1.0,1,1.0,1,0.14238354357629393,46
3107,2,4053,2279,1774,0,0,0,1.0,1,1.0,1,1.0,1,0.15312045975554478,44
3108,2,4055,2281,1774,0,0,0,1.0,1,1.0,1,1.0,1,0.1682816607175877,45
3109,3,4058,2281,1777,0,0,0,1.0,1,1.0,1,1.0,1,0.12928656761512844,44
3110,4,4062,2284,1778,0,0,0,1.0,1,1.0,1,1.0,1,0.08422971581456552,46
3111,1,4063,2285,1778,0,0,0,1.0,1,1.0,1,1.0,1,0.10329964322330308,46
3112,0,4063,2285,1778,0,0,0,1.0,1,1.0,1,1.0,1,0.11575377349288626,47
3113,2,4065,2286,1779,0,0,0,1.0,1,1.0,1,1.0,1,0.08174063543803263,48
3114,0,4065,2286,1779,0,0,0,1.0,1,1.0,1,1.0,1,0.0811412344235038,48
3115,1,4066,2286,1780,0,0,0,1.0,1,1.0,1,1.0,1,0.08794896033924786,49
3116,1,4067,2286,1781,0,0,0,1.0,1,1.0,1,1.0,1,0.07364012142602884,48
3117,4,4071,2288,1783,0,0,0,1.0,1,1.0,1,1.0,1,0.11747123672514521,49
3118,2,4073,2288,1785,0,0,0,1.0,1,1.0,1,1.0,1,0.1034187471433969,50
3119,0,4073,2288,1785,0,0,0,1.0,1,1.0,1,1.0,1,0.1034187471433969,50
3120,1,4074,2289,1785,0,0,0,1.0,1,1.0,1,1.0,1,0.11952577848516971,50
3121,2,4076,2291,1785,0,0,0,1.0,1,1.0,1,1.0,1,0.10160036276999689,50
3122,0,4076,2291,1785,0,0,0,1.0,1,1.0,1,1.0,1,0.10160036276999689,50
3123,2,4078,2293,1785,0,0,0,1.0,1,1.0,1,1.0,1,0.09949796879218786,51
3124,1,4079,2294,1785,0,0,0,1.0,1,1.0,1,1.0,1,0.11448663096922328,51
3125,3,4082,2295,1787,0,0,0,1.0,1,1.0,1,1.0,1,0.08538074968616642,51
3126,1,4083,2296,1787,0,0,0,1.0,1,1.0,1,1.0,1,0.08849832376490047,54
3127,2,4085,2298,1787,0,0,0,1.0,1,1.0,1,1.0,1,0.1070915525808443,53
3128,0,4085,2298,1787,0,0,0,1.0,1,1.0,1,1.0,1,0.09043114016855368,52
3129,4,4089,2300,1789,0,0,0,1.0,1,1.0,1,1.0,1,0.0836771285405487,51
3130,0,4089,2300,1789,0,0,0,1.0,1,1.0,1,1.0,1,0.06829349928194657,50
3131,2,4091,2302,1789,0,0,0,1.0,1,1.0,1,1.0,1,0.11694148955074107,50
3132,0,4091,2302,1789,0,0,0,1.0,1,1.0,1,1.0,1,0.09150534439994079,49
3133,0,4091,2302,1789,0,0,0,1.0,1,1.0,1,1.0,1,0.09150534439994079,49
3134,0,4091,2302,1789,0,0,0,1.0,1,1.0,1,1.0,1,0.0928845788409808,46
3135,2,4093,2304,1789,0,0,0,1.0,1,1.0,1,1.0,1,0.12822556372147895,47
3136,1,4094,2305,1789,0,0,0,1.0,1,1.0,1,1.0,1,0.09936251723800893,46
3137,2,4096,2307,1789,0,0,0,1.0,1,1.0,1,1.0,1,0.13355481292246102,49
3138,1,4097,2308,1789,0,0,0,1.0,1,1.0,1,1.0,1,0.16091574534945263,49
3139,4,4101,2310,1791,0,0,0,1.0,1,1.0,1,1.0,1,0.15691662995053463,50
3140,2,4103,2311,1792,0,0,0,1.0,1,1.0,1,1.0,1,0.17175065118622027,51
3141,2,4105,2311,1794,0,0,0,1.0,1,1.0,1,1.0,1,0.16871518665317428,50
3142,0,4105,2311,1794,0,0,0,1.0,1,1.0,1,1.0,1,0.16871518665317428,50
3143,0,4105,2311,1794,0,0,0,1.0,1,1.0,1,1.0,1,0.18642375431808614,49
3144,1,4106,2311,1795,0,0,0,1.0,1,1.0,1,1.0,1,0.17714346042758067,49
3145,3,4109,2312,1797,0,0,0,1.0,1,1.0,1,1.0,1,0.19016140572874207,48
3146,2,4111,2312,1799,0,0,0,1.0,1,1.0,1,1.0,1,0.16014678817804365,49
3147,1,4112,2312,1800,0,0,0,1.0,1,1.0,1,1.0,1,0.19292181080220983,48
3148,1,4113,2312,1801,0,0,0,1.0,1,1.0,1,1.0,1,0.18543644179237906,48
3149,4,4117,2313,1804,0,0,0,1.0,1,1.0,1,1.0,1,0.15414122978150044,47
3150,0,4117,2313,1804,0,0,0,1.0,1,1.0,1,1.0,1,0.15414122978150044,47
3151,0,4117,2313,1804,0,0,0,1.0,1,1.0,1,1.0,1,0.16203373647196564,48
3152,0,4117,2313,1804,0,0,0,1.0,1,1.0,1,1.0,1,0.17286995459763102,47
3153,2,4119,2313,1806,0,0,0,1.0,1,1.0,1,1.0,1,0.1485907282634715,47
3154,3,4122,2314,1808,0,0,0,1.0,1,1.0,1,1.0,1,0.13568718551468553,48
3155,0,4122,2314,1808,0,0,0,1.0,1,1.0,1,1.0,1,0.13171644174918015,48
3156,0,4122,2314,1808,0,0,0,1.0,1,1.0,1,1.0,1,0.13973794853965846,48
3157,3,4125,2314,1811,0,0,0,1.0,1,1.0,1,1.0,1,0.12130981639935445,48
3158,0,4125,2314,1811,0,0,0,1.0,1,1.0,1,1.0,1,0.12130981639935445,48
3159,0,4125,2314,1811,0,0,0,1.0,1,1.0,1,1.0,1,0.11576644485312321,49
3160,2,4127,2314,1813,0,0,0,1.0,1,1.0,1,1.0,1,0.09687644917698804,51
3161,1,4128,2314,1814,0,0,0,1.0,1,1.0,1,1.0,1,0.07996900705711686,52
3162,1,4129,2315,1814,0,0,0,1.0,1,1.0,1,1.0,1,0.10118860216016053,51
3163,1,4130,2316,1814,0,0,0,1.0,1,1.0,1,1.0,1,0.0947486537281361,51
3164,2,4132,2317,1815,0,0,0,1.0,1,1.0,1,1.0,1,0.11318143649082746,52
3165,1,4133,2317,1816,0,0,0,1.0,1,1.0,1,1.0,1,0.06352964357246993,50
3166,0,4133,2317,1816,0,0,0,1.0,1,1.0,1,1.0,1,0.06352964357246993,50
3167,4,4137,2321,1816,0,0,0,1.0,1,1.0,1,1.0,1,0.07780050579436737,49
3168,1,4138,2322,1816,0,0,0,1.0,1,1.0,1,1.0,1,0.10753441075169064,47
3169,3,4141,2323,1818,0,0,0,1.0,1,1.0,1,1.0,1,0.1303854168178672,48
3170,1,4142,2324,1818,0,0,0,1.0,1,1.0,1,1.0,1,0.19305956464984841,47
3171,2,4144,2325,1819,0,0,0,1.0,1,1.0,1,1.0,1,0.18755782791436287,47
3172,0,4144,2325,1819,0,0,0,1.0,1,1.0,1,1.0,1,0.2095658401175042,46
3173,2,4146,2325,1821,0,0,0,1.0,1,1.0,1,1.0,1,0.13825256534609562,45
3174,0,4146,2325,1821,0,0,0,1.0,1,1.0,1,1.0,1,0.1631128286747502,43
3175,0,4146,2325,1821,0,0,0,1.0,1,1.0,1,1.0,1,0.15824480878029806,43
3176,0,4146,2325,1821,0,0,0,1.0,1,1.0,1,1.0,1,0.14217763463397504,44
3177,3,4149,2327,1822,0,0,0,1.0,1,1.0,1,1.0,1,0.12176437218405863,44
3178,0,4149,2327,1822,0,0,0,1.0,1,1.0,1,1.0,1,0.11091623956694632,47
3179,2,4151,2328,1823,0,0,0,1.0,1,1.0,1,1.0,1,0.12012197659512634,48
3180,0,4151,2328,1823,0,0,0,1.0,1,1.0,1,1.0,1,0.12012197659512634,48
3181,2,4153,2328,1825,0,0,0,1.0,1,1.0,1,1.0,1,0.08747495664925743,48
3182,1,4154,2328,1826,0,0,0,1.0,1,1.0,1,1.0,1,0.07517501106439002,51
3183,1,4155,2329,1826,0,0,0,1.0,1,1.0,1,1.0,1,0.07220888142470637,50
3184,2,4157,2330,1827,0,0,0,1.0,1,1.0,1,1.0,1,0.06383918772172752,50
3185,1,4158,2330,1828,0,0,0,1.0,1,1.0,1,1.0,1,0.07552950977757263,48
3186,1,4159,2331,1828,0,0,0,1.0,1,1.0,1,1.0,1,0.09001886662990638,48
3187,1,4160,2331,1829,0,0,0,1.0,1,1.0,1,1.0,1,0.0932213895798423,48
3188,2,4162,2333,1829,0,0,0,1.0,1,1.0,1,1.0,1,0.1218541006982413,48
3189,2,4164,2333,1831,0,0,0,1.0,1,1.0,1,1.0,1,0.10511851702561394,49
3190,2,4166,2334,1832,0,0,0,1.0,1,1.0,1,1.0,1,0.10655309981680734,51
3191,1,4167,2335,1832,0,0,0,1.0,1,1.0,1,1.0,1,0.09507560518690032,52
3192,1,4168,2336,1832,0,0,0,1.0,1,1.0,1,1.0,1,0.08256731792367736,52
3193,2,4170,2337,1833,0,0,0,1.0,1,1.0,1,1.0,1,0.08832399795683388,52
3194,1,4171,2338,1833,0,0,0,1.0,1,1.0,1,1.0,1,0.07724238416865134,54
3195,1,4172,2338,1834,0,0,0,1.0,1,1.0,1,1.0,1,0.05599396754028031,54
3196,1,4173,2339,1834,0,0,0,1.0,1,1.0,1,1.0,1,0.04755381719775975,54
3197,0,4173,2339,1834,0,0,0,1.0,1,1.0,1,1.0,1,0.04568237367509258,54
3198,2,4175,2341,1834,0,0,0,1.0,1,1.0,1,1.0,1,0.06733584766868637,54
3199,3,4178,2343,1835,0,0,0,1.0,1,1.0,1,1.0,1,0.044926912182089454,56
3200,1,4179,2344,1835,0,0,0,1.0,1,1.0,1,1.0,1,0.06967960273412672,56
3201,0,4179,2344,1835,0,0,0,1.0,1,1.0,1,1.0,1,0.06967960273412672,56
3202,3,4182,2346,1836,0,0,0,1.0,1,1.0,1,1.0,1,0.08909612868075695,57
3203,2,4184,2347,1837,0,0,0,1.0,1,1.0,1,1.0,1,0.0845993097454112,56
3204,0,4184,2347,1837,0,0,0,1.0,1,1.0,1,1.0,1,0.07858110800010266,55
3205,2,4186,2347,1839,0,0,0,1.0,1,1.0,1,1.0,1,0.050901870530860406,54
3206,4,4190,2351,1839,0,0,0,1.0,1,1.0,1,1.0,1,0.10491842715278582,56
3207,0,4190,2351,1839,0,0,0,1.0,1,1.0,1,1.0,1,0.1327931859694306,54
3208,3,4193,2353,1840,0,0,0,1.0,1,1.0,1,1.0,1,0.16483460996081428,53
3209,0,4193,2353,1840,0,0,0,1.0,1,1.0,1,1.0,1,0.1573236417312364,54
3210,2,4195,2355,1840,0,0,0,1.0,1,1.0,1,1.0,1,0.1994209130139378,53
3211,1,4196,2356,1840,0,0,0,1.0,1,1.0,1,1.0,1,0.21397971958898224,53
3212,1,4197,2356,1841,0,0,0,1.0,1,1.0,1,1.0,1,0.20235760995131297,54
3213,0,4197,2356,1841,0,0,0,1.0,1,1.0,1,1.0,1,0.18820093640050523,54
3214,1,4198,2356,1842,0,0,0,1.0,1,1.0,1,1.0,1,0.18206585588173543,55
3215,2,4200,2357,1843,0,0,0,1.0,1,1.0,1,1.0,1,0.1626511333340056,55
3216,1,4201,2358,1843,0,0,0,1.0,1,1.0,1,1.0,1,0.17198288336909096,55
3217,4,4205,2361,1844,0,0,0,1.0,1,1.0,1,1.0,1,0.20187408227108444,54
3218,0,4205,2361,1844,0,0,0,1.0,1,1.0,1,1.0,1,0.20187408227108444,54
3219,1,4206,2362,1844,0,0,0,1.0,1,1.0,1,1.0,1,0.21118476280718237,55
3220,0,4206,2362,1844,0,0,0,1.0,1,1.0,1,1.0,1,0.18940764956409983,56
3221,0,4206,2362,1844,0,0,0,1.0,1,1.0,1,1.0,1,0.19789546712671693,57
3222,0,4206,2362,1844,0,0,0,1.0,1,1.0,1,1.0,1,0.19789546712671693,57
3223,0,4206,2362,1844,0,0,0,1.0,1,1.0,1,1.0,1,0.2045590397278665,56
3224,2,4208,2363,1845,0,0,0,1.0,1,1.0,1,1.0,1,0.17729821472100732,58
3225,3,4211,2366,1845,0,0,0,1.0,1,1.0,1,1.0,1,0.1888230033344756,55
3226,2,4213,2367,1846,0,0,0,1.0,1,1.0,1,1.0,1,0.1878912140663112,54
3227,1,4214,2368,1846,0,0,0,1.0,1,1.0,1,1.0,1,0.18226889726009748,53
3228,2,4216,2369,1847,0,0,0,1.0,1,1.0,1,1.0,1,0.1440825009972745,52
3229,0,4216,2369,1847,0,0,0,1.0,1,1.0,1,1.0,1,0.13341740183496498,52
3230,2,4218,2371,1847,0,0,0,1.0,1,1.0,1,1.0,1,0.1321922165681331,50
3231,1,4219,2372,1847,0,0,0,1.0,1,1.0,1,1.0,1,0.15376008091066926,50
3232,3,4222,2375,1847,0,0,0,1.0,1,1.0,1,1.0,1,0.17353169985822503,50
3233,1,4223,2375,1848,0,0,0,1.0,1,1.0,1,1.0,1,0.17459070005044305,50
3234,2,4225,2376,1849,0,0,0,1.0,1,1.0,1,1.0,1,0.19311705045579736,49
3235,2,4227,2378,1849,0,0,0,1.0,1,1.0,1,1.0,1,0.23102190444664908,49
3236,1,4228,2378,1850,0,0,0,1.0,1,1.0,1,1.0,1,0.2091413180314979,51
3237,0,4228,2378,1850,0,0,0,1.0,1,1.0,1,1.0,1,0.21714218145902273,53
3238,2,4230,2379,1851,0,0,0,1.0,1,1.0,1,1.0,1,0.2323838478917272,53
3239,0,4230,2379,1851,0,0,0,1.0,1,1.0,1,1.0,1,0.2323838478917272,53
3240,1,4231,2379,1852,0,0,0,1.0,1,1.0,1,1.0,1,0.21323131854624697,53
3241,0,4231,2379,1852,0,0,0,1.0,1,1.0,1,1.0,1,0.2070010665242495,53
3242,1,4232,2380,1852,0,0,0,1.0,1,1.0,1,1.0,1,0.21653748664775838,53
3243,1,4233,2380,1853,0,0,0,1.0,1,1.0,1,1.0,1,0.17773525792359776,56
3244,0,4233,2380,1853,0,0,0,1.0,1,1.0,1,1.0,1,0.18715731520848963,57
3245,1,4234,2380,1854,0,0,0,1.0,1,1.0,1,1.0,1,0.16800877247496118,59
3246,0,4234,2380,1854,0,0,0,1.0,1,1.0,1,1.0,1,0.16800877247496118,59
3247,1,4235,2381,1854,0,0,0,1.0,1,1.0,1,1.0,1,0.1792036371822699,59
3248,1,4236,2381,1855,0,0,0,1.0,1,1.0,1,1.0,1,0.1583860591270602,59
3249,1,4237,2381,1856,0,0,0,1.0,1,1.0,1,1.0,1,0.15759998311328705,58
3250,0,4237,2381,1856,0,0,0,1.0,1,1.0,1,1.0,1,0.15759998311328705,58
3251,1,4238,2382,1856,0,0,0,1.0,1,1.0,1,1.0,1,0.1773720867944209,57
3252,0,4238,2382,1856,0,0,0,1.0,1,1.0,1,1.0,1,0.1990318042027776,57
3253,1,4239,2382,1857,0,0,0,1.0,1,1.0,1,1.0,1,0.1899039059473179,56
3254,2,4241,2382,1859,0,0,0,1.0,1,1.0,1,1.0,1,0.1584239578002331,57
3255,2,4243,2383,1860,0,0,0,1.0,1,1.0,1,1.0,1,0.14042063022331197,57
3256,2,4245,2383,1862,0,0,0,1.0,1,1.0,1,1.0,1,0.10532665970629594,57
3257,1,4246,2383,1863,0,0,0,1.0,1,1.0,1,1.0,1,0.08241532349536722,57
3258,4,4250,2384,1866,0,0,0,1.0,1,1.0,1,1.0,1,0.022494139172714884,58
3259,0,4250,2384,1866,0,0,0,1.0,1,1.0,1,1.0,1,0.0141495216248355,59
3260,2,4252,2385,1867,0,0,0,1.0,1,1.0,1,1.0,1,0.028983518213109037,60
3261,3,4255,2388,1867,0,0,0,1.0,1,1.0,1,1.0,1,0.061042133524521175,60
3262,3,4258,2391,1867,0,0,0,1.0,1,1.0,1,1.0,1,0.08247575420855427,61
3263,4,4262,2395,1867,0,0,0,1.0,1,1.0,1,1.0,1,0.06020592373920495,62
3264,2,4264,2397,1867,0,0,0,1.0,1,1.0,1,1.0,1,0.07547617183179355,60
3265,4,4268,2400,1868,0,0,0,1.0,1,1.0,1,1.0,1,0.06942121529785811,58
3266,3,4271,2402,1869,0,0,0,1.0,1,1.0,1,1.0,1,0.08911311832256712,59
3267,2,4273,2403,1870,0,0,0,1.0,1,1.0,1,1.0,1,0.11437942093872744,60
3268,1,4274,2404,1870,0,0,0,1.0,1,1.0,1,1.0,1,0.14674766436840667,58
3269,4,4278,2406,1872,0,0,0,1.0,1,1.0,1,1.0,1,0.07896140299379423,57
3270,1,4279,2407,1872,0,0,0,1.0,1,1.0,1,1.0,1,0.06436906364304891,56
3271,2,4281,2409,1872,0,0,0,1.0,1,1.0,1,1.0,1,0.05964324381131388,55
3272,1,4282,2410,1872,0,0,0,1.0,1,1.0,1,1.0,1,0.07608488578214137,55
3273,1,4283,2411,1872,0,0,0,1.0,1,1.0,1,1.0,1,0.06225427033075454,55
3274,0,4283,2411,1872,0,0,0,1.0,1,1.0,1,1.0,1,0.0689883021583452,55
3275,1,4284,2412,1872,0,0,0,1.0,1,1.0,1,1.0,1,0.062344240821104825,55
3276,1,4285,2412,1873,0,0,0,1.0,1,1.0,1,1.0,1,0.06950157831406663,55
3277,1,4286,2412,1874,0,0,0,1.0,1,1.0,1,1.0,1,0.02612658982125298,57
3278,0,4286,2412,1874,0,0,0,1.0,1,1.0,1,1.0,1,0.01750567737594502,56
3279,1,4287,2413,1874,0,0,0,1.0,1,1.0,1,1.0,1,0.017468960402149885,54
3280,0,4287,2413,1874,0,0,0,1.0,1,1.0,1,1.0,1,0.036106267728167704,53
3281,2,4289,2415,1874,0,0,0,1.0,1,1.0,1,1.0,1,0.08277402577021895,52
3282,0,4289,2415,1874,0,0,0,1.0,1,1.0,1,1.0,1,0.08290333322868594,50
3283,1,4290,2416,1874,0,0,0,1.0,1,1.0,1,1.0,1,0.11992240646317164,50
3284,5,4295,2421,1874,0,0,0,1.0,1,1.0,1,1.0,1,0.1191999460868515,47
3285,1,4296,2421,1875,0,0,0,1.0,1,1.0,1,1.0,1,0.09139909435221684,48
3286,4,4300,2425,1875,0,0,0,1.0,1,1.0,1,1.0,1,0.10018148728943099,46
3287,4,4304,2427,1877,0,0,0,1.0,1,1.0,1,1.0,1,0.13539766687952198,46
3288,3,4307,2430,1877,0,0,0,1.0,1,1.0,1,1.0,1,0.19968563436204606,46
3289,9,4316,2432,1884,0,0,0,1.0,1,1.0,1,1.0,1,0.07102357100402522,48
3290,4,4320,2434,1886,0,0,0,1.0,1,1.0,1,1.0,1,0.06356572699163679,48
3291,1,4321,2435,1886,0,0,0,1.0,1,1.0,1,1.0,1,0.07322942939430059,50
3292,3,4324,2436,1888,0,0,0,1.0,1,1.0,1,1.0,1,0.06926014598650468,50
3293,1,4325,2436,1889,0,0,0,1.0,1,1.0,1,1.0,1,0.03355494883774525,51
3294,1,4326,2437,1889,0,0,0,1.0,1,1.0,1,1.0,1,0.06543263725187687,50
3295,3,4329,2440,1889,0,0,0,1.0,1,1.0,1,1.0,1,0.06985283083645535,50
3296,1,4330,2440,1890,0,0,0,1.0,1,1.0,1,1.0,1,0.053407268531633675,50
3297,3,4333,2442,1891,0,0,0,1.0,1,1.0,1,1.0,1,0.03397024860045097,51
3298,1,4334,2443,1891,0,0,0,1.0,1,1.0,1,1.0,1,0.05583748744756788,52
3299,1,4335,2444,1891,0,0,0,1.0,1,1.0,1,1.0,1,0.041598174055414834,53
3300,1,4336,2445,1891,0,0,0,1.0,1,1.0,1,1.0,1,0.028000533050601795,53
3301,0,4336,2445,1891,0,0,0,1.0,1,1.0,1,1.0,1,0.028000533050601795,53
3302,1,4337,2446,1891,0,0,0,1.0,1,1.0,1,1.0,1,0.053333303574539984,53
3303,1,4338,2446,1892,0,0,0,1.0,1,1.0,1,1.0,1,0.03282570534845896,52
3304,0,4338,2446,1892,0,0,0,1.0,1,1.0,1,1.0,1,0.023951093631052776,52
3305,1,4339,2447,1892,0,0,0,1.0,1,1.0,1,1.0,1,0.05860746375317907,51
3306,0,4339,2447,1892,0,0,0,1.0,1,1.0,1,1.0,1,0.04183425707916058,51
3307,1,4340,2448,1892,0,0,0,1.0,1,1.0,1,1.0,1,0.06362719425213458,48
3308,1,4341,2449,1892,0,0,0,1.0,1,1.0,1,1.0,1,0.08340933884479838,48
3309,2,4343,2450,1893,0,0,0,1.0,1,1.0,1,1.0,1,0.08491506378423135,48
3310,0,4343,2450,1893,0,0,0,1.0,1,1.0,1,1.0,1,0.11019259075106817,47
3311,4,4347,2453,1894,0,0,0,1.0,1,1.0,1,1.0,1,0.1137030712145655,49
3312,1,4348,2454,1894,0,0,0,1.0,1,1.0,1,1.0,1,0.1523450603061842,48
3313,3,4351,2457,1894,0,0,0,1.0,1,1.0,1,1.0,1,0.19071776783931418,49
3314,3,4354,2458,1896,0,0,0,1.0,1,1.0,1,1.0,1,0.20670246454352864,47
3315,1,4355,2459,1896,0,0,0,1.0,1,1.0,1,1.0,1,0.2331106257921353,47
3316,0,4355,2459,1896,0,0,0,1.0,1,1.0,1,1.0,1,0.2331106257921353,47
3317,4,4359,2459,1900,0,0,0,1.0,1,1.0,1,1.0,1,0.1638559676706522,46
3318,0,4359,2459,1900,0,0,0,1.0,1,1.0,1,1.0,1,0.14780855745334742,45
3319,1,4360,2460,1900,0,0,0,1.0,1,1.0,1,1.0,1,0.15411816849992777,44
3320,1,4361,2461,1900,0,0,0,1.0,1,1.0,1,1.0,1,0.13086858451736438,43
3321,4,4365,2463,1902,0,0,0,1.0,1,1.0,1,1.0,1,0.09793197789289791,43
3322,1,4366,2464,1902,0,0,0,1.0,1,1.0,1,1.0,1,0.09133552767178692,40
3323,4,4370,2468,1902,0,0,0,1.0,1,1.0,1,1.0,1,0.1409115185767519,40
3324,1,4371,2469,1902,0,0,0,1.0,1,1.0,1,1.0,1,0.14102850504660866,40
3325,4,4375,2471,1904,0,0,0,1.0,1,1.0,1,1.0,1,0.13152262819437105,40
3326,4,4379,2474,1905,0,0,0,1.0,1,1.0,1,1.0,1,0.09646173287783812,41
3327,1,4380,2474,1906,0,0,0,1.0,1,1.0,1,1.0,1,0.08070898554811187,39
3328,3,4383,2477,1906,0,0,0,1.0,1,1.0,1,1.0,1,0.1333915713345776,41
3329,1,4384,2477,1907,0,0,0,1.0,1,1.0,1,1.0,1,0.09427101933902464,39
3330,1,4385,2478,1907,0,0,0,1.0,1,1.0,1,1.0,1,0.09147755175453043,40
3331,0,4385,2478,1907,0,0,0,1.0,1,1.0,1,1.0,1,0.06592723306686121,38
3332,0,4385,2478,1907,0,0,0,1.0,1,1.0,1,1.0,1,0.07385650553872875,38
3333,2,4387,2479,1908,0,0,0,1.0,1,1.0,1,1.0,1,0.08968715324195049,38
3334,1,4388,2479,1909,0,0,0,1.0,1,1.0,1,1.0,1,0.09356876292172286,40
3335,0,4388,2479,1909,0,0,0,1.0,1,1.0,1,1.0,1,0.09356876292172286,40
3336,0,4388,2479,1909,0,0,0,1.0,1,1.0,1,1.0,1,0.12065418664247031,39
3337,0,4388,2479,1909,0,0,0,1.0,1,1.0,1,1.0,1,0.1233736395422207,40
3338,4,4392,2482,1910,0,0,0,1.0,1,1.0,1,1.0,1,0.12643629894194555,41
3339,3,4395,2483,1912,0,0,0,1.0,1,1.0,1,1.0,1,0.0851244812713773,42
3340,2,4397,2485,1912,0,0,0,1.0,1,1.0,1,1.0,1,0.13877733492511593,43
3341,2,4399,2485,1914,0,0,0,1.0,1,1.0,1,1.0,1,0.11290495890115368,43
3342,1,4400,2486,1914,0,0,0,1.0,1,1.0,1,1.0,1,0.1536190723464609,44
3343,0,4400,2486,1914,0,0,0,1.0,1,1.0,1,1.0,1,0.1536190723464609,44
3344,1,4401,2486,1915,0,0,0,1.0,1,1.0,1,1.0,1,0.17203553846151906,44
3345,1,4402,2486,1916,0,0,0,1.0,1,1.0,1,1.0,1,0.14543025383635222,43
3346,0,4402,2486,1916,0,0,0,1.0,1,1.0,1,1.0,1,0.1700729730937802,42
3347,0,4402,2486,1916,0,0,0,1.0,1,1.0,1,1.0,1,0.15314283837553594,44
3348,1,4403,2486,1917,0,0,0,1.0,1,1.0,1,1.0,1,0.14762949571004655,45
3349,2,4405,2488,1917,0,0,0,1.0,1,1.0,1,1.0,1,0.129515669400173,45
3350,0,4405,2488,1917,0,0,0,1.0,1,1.0,1,1.0,1,0.10941497202237681,46
3351,0,4405,2488,1917,0,0,0,1.0,1,1.0,1,1.0,1,0.11492939951675404,47
3352,0,4405,2488,1917,0,0,0,1.0,1,1.0,1,1.0,1,0.11492939951675404,47
3353,1,4406,2488,1918,0,0,0,1.0,1,1.0,1,1.0,1,0.09873701868095328,48
3354,1,4407,2489,1918,0,0,0,1.0,1,1.0,1,1.0,1,0.124848726753315,48
3355,1,4408,2490,1918,0,0,0,1.0,1,1.0,1,1.0,1,0.12208809969800721,48
3356,0,4408,2490,1918,0,0,0,1.0,1,1.0,1,1.0,1,0.09516935927369162,48
3357,1,4409,2491,1918,0,0,0,1.0,1,1.0,1,1.0,1,0.1004515116591766,47
3358,1,4410,2492,1918,0,0,0,1.0,1,1.0,1,1.0,1,0.12177644577837153,46
3359,1,4411,2493,1918,0,0,0,1.0,1,1.0,1,1.0,1,0.13786137164635068,45
3360,2,4413,2495,1918,0,0,0,1.0,1,1.0,1,1.0,1,0.1885994533704346,44
3361,4,4417,2496,1921,0,0,0,1.0,1,1.0,1,1.0,1,0.16128945918763582,43
3362,1,4418,2497,1921,0,0,0,1.0,1,1.0,1,1.0,1,0.20078142984728276,42
3363,2,4420,2498,1922,0,0,0,1.0,1,1.0,1,1.0,1,0.21966539325838685,41
3364,1,4421,2498,1923,0,0,0,1.0,1,1.0,1,1.0,1,0.1795810816176022,41
3365,2,4423,2498,1925,0,0,0,1.0,1,1.0,1,1.0,1,0.15765983235707537,41
3366,0,4423,2498,1925,0,0,0,1.0,1,1.0,1,1.0,1,0.1417337348380498,40
3367,0,4423,2498,1925,0,0,0,1.0,1,1.0,1,1.0,1,0.12246314209227357,39
3368,0,4423,2498,1925,0,0,0,1.0,1,1.0,1,1.0,1,0.12246314209227357,39
3369,0,4423,2498,1925,0,0,0,1.0,1,1.0,1,1.0,1,0.10715116712130657,40
3370,2,4425,2500,1925,0,0,0,1.0,1,1.0,1,1.0,1,0.09392296519087996,41
3371,1,4426,2501,1925,0,0,0,1.0,1,1.0,1,1.0,1,0.12387422567839063,41
3372,2,4428,2503,1925,0,0,0,1.0,1,1.0,1,1.0,1,0.14337163134336361,40
3373,3,4431,2503,1928,0,0,0,1.0,1,1.0,1,1.0,1,0.10092733778875229,41
3374,1,4432,2503,1929,0,0,0,1.0,1,1.0,1,1.0,1,0.08292430681955262,42
3375,0,4432,2503,1929,0,0,0,1.0,1,1.0,1,1.0,1,0.09846774854462391,44
3376,1,4433,2503,1930,0,0,0,1.0,1,1.0,1,1.0,1,0.07825449285384163,46
3377,1,4434,2503,1931,0,0,0,1.0,1,1.0,1,1.0,1,0.07856222019365072,47
3378,3,4437,2504,1933,0,0,0,1.0,1,1.0,1,1.0,1,0.06508140173903573,48
3379,0,4437,2504,1933,0,0,0,1.0,1,1.0,1,1.0,1,0.06508140173903573,48
3380,0,4437,2504,1933,0,0,0,1.0,1,1.0,1,1.0,1,0.06508140173903573,48
3381,0,4437,2504,1933,0,0,0,1.0,1,1.0,1,1.0,1,0.06508140173903573,48
3382,2,4439,2505,1934,0,0,0,1.0,1,1.0,1,1.0,1,0.055017640756164596,49
3383,0,4439,2505,1934,0,0,0,1.0,1,1.0,1,1.0,1,0.08531625743627416,47
3384,3,4442,2507,1935,0,0,0,1.0,1,1.0,1,1.0,1,0.12403164059051786,48
3385,3,4445,2507,1938,0,0,0,1.0,1,1.0,1,1.0,1,0.11607465395204018,47
3386,3,4448,2508,1940,0,0,0,1.0,1,1.0,1,1.0,1,0.13912881476399255,49
3387,0,4448,2508,1940,0,0,0,1.0,1,1.0,1,1.0,1,0.14702061011890372,48
3388,1,4449,2509,1940,0,0,0,1.0,1,1.0,1,1.0,1,0.17912119126641865,48
3389,4,4453,2509,1944,0,0,0,1.0,1,1.0,1,1.0,1,0.15604675098016518,50
3390,0,4453,2509,1944,0,0,0,1.0,1,1.0,1,1.0,1,0.13735649510941758,51
3391,1,4454,2510,1944,0,0,0,1.0,1,1.0,1,1.0,1,0.16762784935032043,51
3392,2,4456,2510,1946,0,0,0,1.0,1,1.0,1,1.0,1,0.13740519147512822,52
3393,2,4458,2511,1947,0,0,0,1.0,1,1.0,1,1.0,1,0.121686000085035,52
3394,0,4458,2511,1947,0,0,0,1.0,1,1.0,1,1.0,1,0.121686000085035,52
3395,0,4458,2511,1947,0,0,0,1.0,1,1.0,1,1.0,1,0.1161298998857464,50
3396,0,4458,2511,1947,0,0,0,1.0,1,1.0,1,1.0,1,0.11332960276897355,49
3397,4,4462,2512,1950,0,0,0,1.0,1,1.0,1,1.0,1,0.05935884951533852,49
3398,0,4462,2512,1950,0,0,0,1.0,1,1.0,1,1.0,1,0.05455625452016052,48
3399,1,4463,2513,1950,0,0,0,1.0,1,1.0,1,1.0,1,0.06377878076520556,49
3400,1,4464,2514,1950,0,0,0,1.0,1,1.0,1,1.0,1,0.05658097315572649,50
3401,1,4465,2514,1951,0,0,0,1.0,1,1.0,1,1.0,1,0.056730072431737666,51
3402,1,4466,2515,1951,0,0,0,1.0,1,1.0,1,1.0,1,0.08224667537222434,51
3403,2,4468,2517,1951,0,0,0,1.0,1,1.0,1,1.0,1,0.0953167816524459,51
3404,1,4469,2518,1951,0,0,0,1.0,1,1.0,1,1.0,1,0.1021151952211993,51
3405,1,4470,2519,1951,0,0,0,1.0,1,1.0,1,1.0,1,0.1229959932803046,51
3406,0,4470,2519,1951,0,0,0,1.0,1,1.0,1,1.0,1,0.12809557312526157,51
3407,1,4471,2520,1951,0,0,0,1.0,1,1.0,1,1.0,1,0.13388205321285945,52
3408,1,4472,2520,1952,0,0,0,1.0,1,1.0,1,1.0,1,0.13709411908365876,53
3409,1,4473,2521,1952,0,0,0,1.0,1,1.0,1,1.0,1,0.1263393666789075,54
3410,1,4474,2522,1952,0,0,0,1.0,1,1.0,1,1.0,1,0.13481505903777558,54
3411,1,4475,2523,1952,0,0,0,1.0,1,1.0,1,1.0,1,0.13369339306171976,54
3412,2,4477,2524,1953,0,0,0,1.0,1,1.0,1,1.0,1,0.15027367870204772,55
3413,1,4478,2524,1954,0,0,0,1.0,1,1.0,1,1.0,1,0.13312467115430243,55
3414,0,4478,2524,1954,0,0,0,1.0,1,1.0,1,1.0,1,0.13886024750418258,55
3415,3,4481,2526,1955,0,0,0,1.0,1,1.0,1,1.0,1,0.13694657668211188,56
3416,3,4484,2526,1958,0,0,0,1.0,1,1.0,1,1.0,1,0.11152713180782585,55
3417,2,4486,2526,1960,0,0,0,1.0,1,1.0,1,1.0,1,0.1092315514393607,56
3418,1,4487,2527,1960,0,0,0,1.0,1,1.0,1,1.0,1,0.15288035696836244,55
3419,2,4489,2527,1962,0,0,0,1.0,1,1.0,1,1.0,1,0.14357804567581353,56
3420,0,4489,2527,1962,0,0,0,1.0,1,1.0,1,1.0,1,0.16405799991032816,55
3421,3,4492,2527,1965,0,0,0,1.0,1,1.0,1,1.0,1,0.14329350398260032,57
3422,0,4492,2527,1965,0,0,0,1.0,1,1.0,1,1.0,1,0.1489475682483683,56
3423,1,4493,2528,1965,0,0,0,1.0,1,1.0,1,1.0,1,0.1430731773573279,56
3424,1,4494,2529,1965,0,0,0,1.0,1,1.0,1,1.0,1,0.15861641499968737,56
3425,3,4497,2529,1968,0,0,0,1.0,1,1.0,1,1.0,1,0.10423386283864049,56
3426,0,4497,2529,1968,0,0,0,1.0,1,1.0,1,1.0,1,0.13394378756694367,55
3427,1,4498,2529,1969,0,0,0,1.0,1,1.0,1,1.0,1,0.1469377893326726,55
3428,0,4498,2529,1969,0,0,0,1.0,1,1.0,1,1.0,1,0.15052975992858117,55
3429,4,4502,2530,1972,0,0,0,1.0,1,1.0,1,1.0,1,0.13879766231505775,54
3430,1,4503,2530,1973,0,0,0,1.0,1,1.0,1,1.0,1,0.1229492670333421,56
3431,1,4504,2531,1973,0,0,0,1.0,1,1.0,1,1.0,1,0.11936331970694697,54
3432,2,4506,2532,1974,0,0,0,1.0,1,1.0,1,1.0,1,0.13355415502346776,56
3433,2,4508,2533,1975,0,0,0,1.0,1,1.0,1,1.0,1,0.1355083760572095,53
3434,2,4510,2535,1975,0,0,0,1.0,1,1.0,1,1.0,1,0.13313731279559696,51
3435,4,4514,2538,1976,0,0,0,1.0,1,1.0,1,1.0,1,0.14678259423813192,51
3436,1,4515,2539,1976,0,0,0,1.0,1,1.0,1,1.0,1,0.1360120437931466,51
3437,4,4519,2541,1978,0,0,0,1.0,1,1.0,1,1.0,1,0.1359264237030101,53
3438,2,4521,2541,1980,0,0,0,1.0,1,1.0,1,1.0,1,0.06337846467685528,52
3439,1,4522,2542,1980,0,0,0,1.0,1,1.0,1,1.0,1,0.0939381590337153,54
3440,0,4522,2542,1980,0,0,0,1.0,1,1.0,1,1.0,1,0.07207027745166539,52
3441,1,4523,2542,1981,0,0,0,1.0,1,1.0,1,1.0,1,0.06738934269897998,53
3442,0,4523,2542,1981,0,0,0,1.0,1,1.0,1,1.0,1,0.05738327600624696,53
3443,0,4523,2542,1981,0,0,0,1.0,1,1.0,1,1.0,1,0.06408697969879394,53
3444,0,4523,2542,1981,0,0,0,1.0,1,1.0,1,1.0,1,0.06749168587519101,52
3445,2,4525,2544,1981,0,0,0,1.0,1,1.0,1,1.0,1,0.07170989375867322,53
3446,2,4527,2545,1982,0,0,0,1.0,1,1.0,1,1.0,1,0.11854299600712351,53
3447,2,4529,2546,1983,0,0,0,1.0,1,1.0,1,1.0,1,0.09994779797434997,53
3448,2,4531,2548,1983,0,0,0,1.0,1,1.0,1,1.0,1,0.18137537580008986,52
3449,3,4534,2551,1983,0,0,0,1.0,1,1.0,1,1.0,1,0.15432826380355646,52
3450,3,4537,2553,1984,0,0,0,1.0,1,1.0,1,1.0,1,0.15356199940540885,52
3451,5,4542,2557,1985,0,0,0,1.0,1,1.0,1,1.0,1,0.17468808505488997,54
3452,1,4543,2558,1985,0,0,0,1.0,1,1.0,1,1.0,1,0.1756838381686564,54
3453,4,4547,2559,1988,0,0,0,1.0,1,1.0,1,1.0,1,0.12496207693873282,54
3454,0,4547,2559,1988,0,0,0,1.0,1,1.0,1,1.0,1,0.11876301344394723,57
3455,0,4547,2559,1988,0,0,0,1.0,1,1.0,1,1.0,1,0.11876301344394723,57
3456,1,4548,2559,1989,0,0,0,1.0,1,1.0,1,1.0,1,0.12037062185004525,58
3457,3,4551,2559,1992,0,0,0,1.0,1,1.0,1,1.0,1,0.11278808607133432,57
3458,0,4551,2559,1992,0,0,0,1.0,1,1.0,1,1.0,1,0.1132871082013495,57
3459,0,4551,2559,1992,0,0,0,1.0,1,1.0,1,1.0,1,0.1132871082013495,57
3460,1,4552,2559,1993,0,0,0,1.0,1,1.0,1,1.0,1,0.09613047577728938,58
3461,2,4554,2559,1995,0,0,0,1.0,1,1.0,1,1.0,1,0.0881459507084879,59
3462,2,4556,2560,1996,0,0,0,1.0,1,1.0,1,1.0,1,0.07366320489319457,59
3463,1,4557,2561,1996,0,0,0,1.0,1,1.0,1,1.0,1,0.06721595268298329,59
3464,0,4557,2561,1996,0,0,0,1.0,1,1.0,1,1.0,1,0.07852748153354093,59
3465,3,4560,2562,1998,0,0,0,1.0,1,1.0,1,1.0,1,0.06245656184187575,57
3466,0,4560,2562,1998,0,0,0,1.0,1,1.0,1,1.0,1,0.06245656184187575,57
3467,3,4563,2564,1999,0,0,0,1.0,1,1.0,1,1.0,1,0.10915492855073773,57
3468,0,4563,2564,1999,0,0,0,1.0,1,1.0,1,1.0,1,0.11332467654318445,57
3469,4,4567,2568,1999,0,0,0,1.0,1,1.0,1,1.0,1,0.11431235472931968,53
3470,1,4568,2569,1999,0,0,0,1.0,1,1.0,1,1.0,1,0.1351165754485319,50
3471,2,4570,2571,1999,0,0,0,1.0,1,1.0,1,1.0,1,0.18153918347636408,49
3472,1,4571,2572,1999,0,0,0,1.0,1,1.0,1,1.0,1,0.17413306908888881,47
3473,6,4577,2575,2002,0,0,0,1.0,1,1.0,1,1.0,1,0.18340271561714233,45
3474,2,4579,2576,2003,0,0,0,1.0,1,1.0,1,1.0,1,0.16578808385303634,42
3475,3,4582,2578,2004,0,0,0,1.0,1,1.0,1,1.0,1,0.2251343607435176,43
3476,1,4583,2579,2004,0,0,0,1.0,1,1.0,1,1.0,1,0.24557489714361444,41
3477,4,4587,2582,2005,0,0,0,1.0,1,1.0,1,1.0,1,0.1900530165531409,42
3478,2,4589,2584,2005,0,0,0,1.0,1,1.0,1,1.0,1,0.20906033248799105,40
3479,1,4590,2584,2006,0,0,0,1.0,1,1.0,1,1.0,1,0.15562686671635,40
3480,1,4591,2585,2006,0,0,0,1.0,1,1.0,1,1.0,1,0.15913718402074106,40
3481,2,4593,2585,2008,0,0,0,1.0,1,1.0,1,1.0,1,0.12404166676222252,40
3482,0,4593,2585,2008,0,0,0,1.0,1,1.0,1,1.0,1,0.12404166676222252,40
3483,2,4595,2587,2008,0,0,0,1.0,1,1.0,1,1.0,1,0.16399686478335468,39
3484,1,4596,2587,2009,0,0,0,1.0,1,1.0,1,1.0,1,0.15530330236245168,39
3485,4,4600,2589,2011,0,0,0,1.0,1,1.0,1,1.0,1,0.21651112363601727,40
3486,3,4603,2589,2014,0,0,0,1.0,1,1.0,1,1.0,1,0.18229618033624628,41
3487,2,4605,2589,2016,0,0,0,1.0,1,1.0,1,1.0,1,0.1796380863674322,41
3488,0,4605,2589,2016,0,0,0,1.0,1,1.0,1,1.0,1,0.1663154908068738,42
3489,4,4609,2591,2018,0,0,0,1.0,1,1.0,1,1.0,1,0.09750309252961395,44
3490,0,4609,2591,2018,0,0,0,1.0,1,1.0,1,1.0,1,0.09750309252961395,44
3491,1,4610,2591,2019,0,0,0,1.0,1,1.0,1,1.0,1,0.09679216776273485,45
3492,1,4611,2592,2019,0,0,0,1.0,1,1.0,1,1.0,1,0.10631870160821301,45
3493,2,4613,2592,2021,0,0,0,1.0,1,1.0,1,1.0,1,0.07111982097632746,45
3494,0,4613,2592,2021,0,0,0,1.0,1,1.0,1,1.0,1,0.07111982097632746,45
3495,1,4614,2593,2021,0,0,0,1.0,1,1.0,1,1.0,1,0.07802162272823708,45
3496,0,4614,2593,2021,0,0,0,1.0,1,1.0,1,1.0,1,0.07102480628021818,46
3497,1,4615,2593,2022,0,0,0,1.0,1,1.0,1,1.0,1,0.05727817927679901,47
3498,2,4617,2594,2023,0,0,0,1.0,1,1.0,1,1.0,1,0.07590347282693928,48
3499,0,4617,2594,2023,0,0,0,1.0,1,1.0,1,1.0,1,0.09123765901640175,47
3500,0,4617,2594,2023,0,0,0,1.0,1,1.0,1,1.0,1,0.09576313503412977,50
3501,1,4618,2595,2023,0,0,0,1.0,1,1.0,1,1.0,1,0.11170175994762488,50
3502,1,4619,2596,2023,0,0,0,1.0,1,1.0,1,1.0,1,0.1407342218083723,50
3503,0,4619,2596,2023,0,0,0,1.0,1,1.0,1,1.0,1,0.1407342218083723,50
3504,1,4620,2597,2023,0,0,0,1.0,1,1.0,1,1.0,1,0.2029765260215758,47
3505,0,4620,2597,2023,0,0,0,1.0,1,1.0,1,1.0,1,0.21480104347359352,48
3506,0,4620,2597,2023,0,0,0,1.0,1,1.0,1,1.0,1,0.2200097317701307,49
3507,1,4621,2597,2024,0,0,0,1.0,1,1.0,1,1.0,1,0.19546149459685955,46
3508,2,4623,2599,2024,0,0,0,1.0,1,1.0,1,1.0,1,0.2620625748846111,47
3509,0,4623,2599,2024,0,0,0,1.0,1,1.0,1,1.0,1,0.23695757761490097,44
3510,2,4625,2600,2025,0,0,0,1.0,1,1.0,1,1.0,1,0.25681708059679015,45
3511,0,4625,2600,2025,0,0,0,1.0,1,1.0,1,1.0,1,0.2456129616254441,44
3512,0,4625,2600,2025,0,0,0,1.0,1,1.0,1,1.0,1,0.23418329430899218,42
3513,0,4625,2600,2025,0,0,0,1.0,1,1.0,1,1.0,1,0.23418329430899218,42
3514,0,4625,2600,2025,0,0,0,1.0,1,1.0,1,1.0,1,0.22719121993277366,42
3515,2,4627,2600,2027,0,0,0,1.0,1,1.0,1,1.0,1,0.17873606483034063,42
3516,0,4627,2600,2027,0,0,0,1.0,1,1.0,1,1.0,1,0.19222562133174845,41
3517,1,4628,2600,2028,0,0,0,1.0,1,1.0,1,1.0,1,0.168734943455881,44
3518,0,4628,2600,2028,0,0,0,1.0,1,1.0,1,1.0,1,0.17855960566110696,43
3519,0,4628,2600,2028,0,0,0,1.0,1,1.0,1,1.0,1,0.16799951384327955,44
3520,0,4628,2600,2028,0,0,0,1.0,1,1.0,1,1.0,1,0.18189626577092785,45
3521,1,4629,2600,2029,0,0,0,1.0,1,1.0,1,1.0,1,0.17442783333945436,45
3522,1,4630,2600,2030,0,0,0,1.0,1,1.0,1,1.0,1,0.16718469751606424,46
3523,0,4630,2600,2030,0,0,0,1.0,1,1.0,1,1.0,1,0.16718469751606424,46
3524,0,4630,2600,2030,0,0,0,1.0,1,1.0,1,1.0,1,0.14534472086335037,47
3525,0,4630,2600,2030,0,0,0,1.0,1,1.0,1,1.0,1,0.16151932059505847,48
3526,0,4630,2600,2030,0,0,0,1.0,1,1.0,1,1.0,1,0.14206911487312723,49
3527,3,4633,2602,2031,0,0,0,1.0,1,1.0,1,1.0,1,0.19308204903028114,49
3528,2,4635,2602,2033,0,0,0,1.0,1,1.0,1,1.0,1,0.17547096143702753,51
3529,0,4635,2602,2033,0,0,0,1.0,1,1.0,1,1.0,1,0.17547096143702753,51
3530,2,4637,2602,2035,0,0,0,1.0,1,1.0,1,1.0,1,0.16289381411664952,52
3531,0,4637,2602,2035,0,0,0,1.0,1,1.0,1,1.0,1,0.16289381411664952,52
3532,0,4637,2602,2035,0,0,0,1.0,1,1.0,1,1.0,1,0.16289381411664952,52
3533,0,4637,2602,2035,0,0,0,1.0,1,1.0,1,1.0,1,0.16289381411664952,52
3534,0,4637,2602,2035,0,0,0,1.0,1,1.0,1,1.0,1,0.16289381411664952,52
3535,0,4637,2602,2035,0,0,0,1.0,1,1.0,1,1.0,1,0.16289381411664952,52
3536,1,4638,2602,2036,0,0,0,1.0,1,1.0,1,1.0,1,0.15631517850346208,54
3537,0,4638,2602,2036,0,0,0,1.0,1,1.0,1,1.0,1,0.15677505340323467,55
3538,0,4638,2602,2036,0,0,0,1.0,1,1.0,1,1.0,1,0.15677505340323467,55
3539,1,4639,2602,2037,0,0,0,1.0,1,1.0,1,1.0,1,0.13725903046755866,58
3540,5,4644,2606,2038,0,0,0,1.0,1,1.0,1,1.0,1,0.1687375560526484,59
3541,1,4645,2606,2039,0,0,0,1.0,1,1.0,1,1.0,1,0.16024608803499965,59
3542,3,4648,2608,2040,0,0,0,1.0,1,1.0,1,1.0,1,0.18740536999876053,61
3543,2,4650,2608,2042,0,0,0,1.0,1,1.0,1,1.0,1,0.1532534814498654,62
3544,2,4652,2610,2042,0,0,0,1.0,1,1.0,1,1.0,1,0.16940649416448122,59
3545,3,4655,2611,2044,0,0,0,1.0,1,1.0,1,1.0,1,0.16650252123900042,59
3546,0,4655,2611,2044,0,0,0,1.0,1,1.0,1,1.0,1,0.15620515266774712,57
3547,1,4656,2612,2044,0,0,0,1.0,1,1.0,1,1.0,1,0.1670766274645039,53
3548,0,4656,2612,2044,0,0,0,1.0,1,1.0,1,1.0,1,0.1670766274645039,53
3549,2,4658,2612,2046,0,0,0,1.0,1,1.0,1,1.0,1,0.13875036496164952,52
3550,0,4658,2612,2046,0,0,0,1.0,1,1.0,1,1.0,1,0.1560023596321781,51
3551,1,4659,2612,2047,0,0,0,1.0,1,1.0,1,1.0,1,0.1386725993516863,51
3552,1,4660,2612,2048,0,0,0,1.0,1,1.0,1,1.0,1,0.1211010269651098,51
3553,2,4662,2612,2050,0,0,0,1.0,1,1.0,1,1.0,1,0.11106576079104269,49
3554,2,4664,2612,2052,0,0,0,1.0,1,1.0,1,1.0,1,0.07238990461581442,49
3555,1,4665,2612,2053,0,0,0,1.0,1,1.0,1,1.0,1,0.07706694644827577,51
3556,1,4666,2612,2054,0,0,0,1.0,1,1.0,1,1.0,1,0.06714933367122525,51
3557,2,4668,2613,2055,0,0,0,1.0,1,1.0,1,1.0,1,0.05078709546676269,52
3558,1,4669,2614,2055,0,0,0,1.0,1,1.0,1,1.0,1,0.07568146125101759,52
3559,1,4670,2615,2055,0,0,0,1.0,1,1.0,1,1.0,1,0.08747885027872218,52
3560,2,4672,2617,2055,0,0,0,1.0,1,1.0,1,1.0,1,0.05902083044854108,53
3561,1,4673,2618,2055,0,0,0,1.0,1,1.0,1,1.0,1,0.08092627557890905,54
3562,2,4675,2620,2055,0,0,0,1.0,1,1.0,1,1.0,1,0.1125150686356298,54
3563,1,4676,2621,2055,0,0,0,1.0,1,1.0,1,1.0,1,0.13970156373520506,55
3564,0,4676,2621,2055,0,0,0,1.0,1,1.0,1,1.0,1,0.11551324346500798,57
3565,1,4677,2621,2056,0,0,0,1.0,1,1.0,1,1.0,1,0.11235100003818188,56
3566,0,4677,2621,2056,0,0,0,1.0,1,1.0,1,1.0,1,0.12524867719484578,57
3567,0,4677,2621,2056,0,0,0,1.0,1,1.0,1,1.0,1,0.12524867719484578,57
3568,0,4677,2621,2056,0,0,0,1.0,1,1.0,1,1.0,1,0.12524867719484578,57
3569,1,4678,2621,2057,0,0,0,1.0,1,1.0,1,1.0,1,0.10297414244048572,57
3570,2,4680,2623,2057,0,0,0,1.0,1,1.0,1,1.0,1,0.1441391324696376,59
3571,2,4682,2623,2059,0,0,0,1.0,1,1.0,1,1.0,1,0.10992766446631028,60
3572,0,4682,2623,2059,0,0,0,1.0,1,1.0,1,1.0,1,0.10057797095544439,61
3573,2,4684,2624,2060,0,0,0,1.0,1,1.0,1,1.0,1,0.10197196862584208,62
3574,0,4684,2624,2060,0,0,0,1.0,1,1.0,1,1.0,1,0.09583103182727869,63
3575,0,4684,2624,2060,0,0,0,1.0,1,1.0,1,1.0,1,0.09583103182727869,63
3576,1,4685,2625,2060,0,0,0,1.0,1,1.0,1,1.0,1,0.11295471401904648,63
3577,0,4685,2625,2060,0,0,0,1.0,1,1.0,1,1.0,1,0.10539602768671727,64
3578,0,4685,2625,2060,0,0,0,1.0,1,1.0,1,1.0,1,0.09617769451833887,64
3579,0,4685,2625,2060,0,0,0,1.0,1,1.0,1,1.0,1,0.09617769451833887,64
3580,0,4685,2625,2060,0,0,0,1.0,1,1.0,1,1.0,1,0.10654248300984819,65
3581,1,4686,2626,2060,0,0,0,1.0,1,1.0,1,1.0,1,0.11443755545039899,68
3582,0,4686,2626,2060,0,0,0,1.0,1,1.0,1,1.0,1,0.13924128416666554,68
3583,4,4690,2630,2060,0,0,0,1.0,1,1.0,1,1.0,1,0.17321062747160829,65
3584,3,4693,2633,2060,0,0,0,1.0,1,1.0,1,1.0,1,0.21570268412884455,64
3585,4,4697,2635,2062,0,0,0,1.0,1,1.0,1,1.0,1,0.17823662499993428,64
3586,8,4705,2639,2066,0,0,0,1.0,1,1.0,1,1.0,1,0.16116685561497618,65
3587,2,4707,2640,2067,0,0,0,1.0,1,1.0,1,1.0,1,0.11872214725868366,64
3588,3,4710,2642,2068,0,0,0,1.0,1,1.0,1,1.0,1,0.10624046116276976,62
3589,6,4716,2645,2071,0,0,0,1.0,1,1.0,1,1.0,1,0.12110468953843691,63
3590,2,4718,2646,2072,0,0,0,1.0,1,1.0,1,1.0,1,0.12081630744194609,63
3591,2,4720,2647,2073,0,0,0,1.0,1,1.0,1,1.0,1,0.10945473143613137,62
3592,1,4721,2648,2073,0,0,0,1.0,1,1.0,1,1.0,1,0.10878172029164182,59
3593,1,4722,2648,2074,0,0,0,1.0,1,1.0,1,1.0,1,0.07540415977759832,58
3594,0,4722,2648,2074,0,0,0,1.0,1,1.0,1,1.0,1,0.09155389357551387,57
3595,1,4723,2648,2075,0,0,0,1.0,1,1.0,1,1.0,1,0.0823901883997572,59
3596,1,4724,2649,2075,0,0,0,1.0,1,1.0,1,1.0,1,0.07044019584348107,57
3597,2,4726,2649,2077,0,0,0,1.0,1,1.0,1,1.0,1,0.07595906019011157,57
3598,1,4727,2650,2077,0,0,0,1.0,1,1.0,1,1.0,1,0.09765007884719597,57
3599,0,4727,2650,2077,0,0,0,1.0,1,1.0,1,1.0,1,0.10759717160572244,58
3600,2,4729,2651,2078,0,0,0,1.0,1,1.0,1,1.0,1,0.09397959402694903,58
3601,3,4732,2652,2080,0,0,0,1.0,1,1.0,1,1.0,1,0.07541353192326687,58
3602,0,4732,2652,2080,0,0,0,1.0,1,1.0,1,1.0,1,0.0586129812104401,60
3603,1,4733,2653,2080,0,0,0,1.0,1,1.0,1,1.0,1,0.0763465947070547,60
3604,1,4734,2654,2080,0,0,0,1.0,1,1.0,1,1.0,1,0.10281449852059889,60
3605,4,4738,2656,2082,0,0,0,1.0,1,1.0,1,1.0,1,0.11249394804744679,61
3606,5,4743,2658,2085,0,0,0,1.0,1,1.0,1,1.0,1,0.07388658960349058,63
3607,1,4744,2659,2085,0,0,0,1.0,1,1.0,1,1.0,1,0.08685594883153215,63
3608,0,4744,2659,2085,0,0,0,1.0,1,1.0,1,1.0,1,0.09442463105492799,64
3609,1,4745,2659,2086,0,0,0,1.0,1,1.0,1,1.0,1,0.09780994229107721,66
3610,2,4747,2661,2086,0,0,0,1.0,1,1.0,1,1.0,1,0.11554120730846794,67
3611,3,4750,2663,2087,0,0,0,1.0,1,1.0,1,1.0,1,0.13090791991607645,67
3612,1,4751,2664,2087,0,0,0,1.0,1,1.0,1,1.0,1,0.14851480349363708,66
3613,2,4753,2664,2089,0,0,0,1.0,1,1.0,1,1.0,1,0.1312980752278357,66
3614,2,4755,2665,2090,0,0,0,1.0,1,1.0,1,1.0,1,0.13624010740959888,65
3615,0,4755,2665,2090,0,0,0,1.0,1,1.0,1,1.0,1,0.12109108055667893,65
3616,0,4755,2665,2090,0,0,0,1.0,1,1.0,1,1.0,1,0.12109108055667893,65
3617,0,4755,2665,2090,0,0,0,1.0,1,1.0,1,1.0,1,0.11381991042539953,66
3618,0,4755,2665,2090,0,0,0,1.0,1,1.0,1,1.0,1,0.11381991042539953,66
3619,1,4756,2666,2090,0,0,0,1.0,1,1.0,1,1.0,1,0.12126472157971532,65
3620,4,4760,2667,2093,0,0,0,1.0,1,1.0,1,1.0,1,0.1337427614312705,66
3621,2,4762,2668,2094,0,0,0,1.0,1,1.0,1,1.0,1,0.11912797919945996,65
3622,3,4765,2669,2096,0,0,0,1.0,1,1.0,1,1.0,1,0.09417991008979826,65
3623,1,4766,2670,2096,0,0,0,1.0,1,1.0,1,1.0,1,0.10496904273239266,62
3624,4,4770,2673,2097,0,0,0,1.0,1,1.0,1,1.0,1,0.12050234333988456,62
3625,4,4774,2674,2100,0,0,0,1.0,1,1.0,1,1.0,1,0.11622346179862879,61
3626,1,4775,2675,2100,0,0,0,1.0,1,1.0,1,1.0,1,0.0965346295659488,58
3627,1,4776,2676,2100,0,0,0,1.0,1,1.0,1,1.0,1,0.14259589602718212,58
3628,1,4777,2676,2101,0,0,0,1.0,1,1.0,1,1.0,1,0.10920758153363302,57
3629,3,4780,2677,2103,0,0,0,1.0,1,1.0,1,1.0,1,0.1054925737550286,57
3630,1,4781,2678,2103,0,0,0,1.0,1,1.0,1,1.0,1,0.06287271600659373,56
3631,1,4782,2679,2103,0,0,0,1.0,1,1.0,1,1.0,1,0.07867126777862236,54
3632,0,4782,2679,2103,0,0,0,1.0,1,1.0,1,1.0,1,0.07528689471676665,52
3633,3,4785,2680,2105,0,0,0,1.0,1,1.0,1,1.0,1,0.08434192468731647,52
3634,1,4786,2681,2105,0,0,0,1.0,1,1.0,1,1.0,1,0.10415815164372791,49
3635,1,4787,2682,2105,0,0,0,1.0,1,1.0,1,1.0,1,0.15175003147285632,47
3636,2,4789,2682,2107,0,0,0,1.0,1,1.0,1,1.0,1,0.14723857001479895,48
3637,7,4796,2685,2111,0,0,0,1.0,1,1.0,1,1.0,1,0.15271364044323138,49
3638,2,4798,2685,2113,0,0,0,1.0,1,1.0,1,1.0,1,0.12595601181901975,50
3639,2,4800,2687,2113,0,0,0,1.0,1,1.0,1,1.0,1,0.1500583047637862,52
3640,3,4803,2688,2115,0,0,0,1.0,1,1.0,1,1.0,1,0.1562274515052798,52
3641,2,4805,2688,2117,0,0,0,1.0,1,1.0,1,1.0,1,0.12479937709896274,52
3642,0,4805,2688,2117,0,0,0,1.0,1,1.0,1,1.0,1,0.12479937709896274,52
3643,0,4805,2688,2117,0,0,0,1.0,1,1.0,1,1.0,1,0.12479937709896274,52
3644,2,4807,2688,2119,0,0,0,1.0,1,1.0,1,1.0,1,0.09217888739392166,52
3645,1,4808,2689,2119,0,0,0,1.0,1,1.0,1,1.0,1,0.08023712635603927,53
3646,1,4809,2689,2120,0,0,0,1.0,1,1.0,1,1.0,1,0.07168953344206473,53
3647,0,4809,2689,2120,0,0,0,1.0,1,1.0,1,1.0,1,0.08041907435140888,55
3648,0,4809,2689,2120,0,0,0,1.0,1,1.0,1,1.0,1,0.09486756123696194,57
3649,0,4809,2689,2120,0,0,0,1.0,1,1.0,1,1.0,1,0.09486756123696194,57
3650,0,4809,2689,2120,0,0,0,1.0,1,1.0,1,1.0,1,0.0942600466041061,59
3651,0,4809,2689,2120,0,0,0,1.0,1,1.0,1,1.0,1,0.0942600466041061,59
3652,0,4809,2689,2120,0,0,0,1.0,1,1.0,1,1.0,1,0.0942600466041061,59
3653,0,4809,2689,2120,0,0,0,1.0,1,1.0,1,1.0,1,0.0942600466041061,59
3654,2,4811,2689,2122,0,0,0,1.0,1,1.0,1,1.0,1,0.07436715911087607,59
3655,1,4812,2689,2123,0,0,0,1.0,1,1.0,1,1.0,1,0.05499560352319855,62
3656,0,4812,2689,2123,0,0,0,1.0,1,1.0,1,1.0,1,0.05499560352319855,62
3657,2,4814,2690,2124,0,0,0,1.0,1,1.0,1,1.0,1,0.07204773656597212,63
3658,1,4815,2691,2124,0,0,0,1.0,1,1.0,1,1.0,1,0.09786380473280287,63
3659,2,4817,2692,2125,0,0,0,1.0,1,1.0,1,1.0,1,0.1071014908524153,62
3660,2,4819,2694,2125,0,0,0,1.0,1,1.0,1,1.0,1,0.1464461910312551,62
3661,5,4824,2695,2129,0,0,0,1.0,1,1.0,1,1.0,1,0.10712918936547716,61
3662,1,4825,2696,2129,0,0,0,1.0,1,1.0,1,1.0,1,0.13704528240077327,60
3663,3,4828,2697,2131,0,0,0,1.0,1,1.0,1,1.0,1,0.128081008891461,61
3664,1,4829,2698,2131,0,0,0,1.0,1,1.0,1,1.0,1,0.1365902810997045,58
3665,3,4832,2700,2132,0,0,0,1.0,1,1.0,1,1.0,1,0.13003547977274338,58
3666,1,4833,2700,2133,0,0,0,1.0,1,1.0,1,1.0,1,0.1142788575920692,58
3667,1,4834,2701,2133,0,0,0,1.0,1,1.0,1,1.0,1,0.1007440165902222,58
3668,0,4834,2701,2133,0,0,0,1.0,1,1.0,1,1.0,1,0.10255875270591382,58
3669,1,4835,2702,2133,0,0,0,1.0,1,1.0,1,1.0,1,0.1039076275210903,57
3670,1,4836,2703,2133,0,0,0,1.0,1,1.0,1,1.0,1,0.11690852969169788,56
3671,1,4837,2704,2133,0,0,0,1.0,1,1.0,1,1.0,1,0.1537489189825003,57
3672,1,4838,2705,2133,0,0,0,1.0,1,1.0,1,1.0,1,0.18623027101519624,57
3673,1,4839,2705,2134,0,0,0,1.0,1,1.0,1,1.0,1,0.16249502849820102,58
3674,0,4839,2705,2134,0,0,0,1.0,1,1.0,1,1.0,1,0.17338853519314132,57
3675,0,4839,2705,2134,0,0,0,1.0,1,1.0,1,1.0,1,0.17501199913930168,58
3676,3,4842,2707,2135,0,0,0,1.0,1,1.0,1,1.0,1,0.18514321570697337,59
3677,0,4842,2707,2135,0,0,0,1.0,1,1.0,1,1.0,1,0.17668583635446156,60
3678,1,4843,2707,2136,0,0,0,1.0,1,1.0,1,1.0,1,0.19013280715050662,62
3679,0,4843,2707,2136,0,0,0,1.0,1,1.0,1,1.0,1,0.19013280715050662,62
3680,0,4843,2707,2136,0,0,0,1.0,1,1.0,1,1.0,1,0.17091432584451974,63
3681,1,4844,2707,2137,0,0,0,1.0,1,1.0,1,1.0,1,0.1723928763290162,64
3682,0,4844,2707,2137,0,0,0,1.0,1,1.0,1,1.0,1,0.1723928763290162,64
3683,0,4844,2707,2137,0,0,0,1.0,1,1.0,1,1.0,1,0.1723928763290162,64
3684,1,4845,2708,2137,0,0,0,1.0,1,1.0,1,1.0,1,0.1914137538762967,64
3685,0,4845,2708,2137,0,0,0,1.0,1,1.0,1,1.0,1,0.1914137538762967,64
3686,2,4847,2709,2138,0,0,0,1.0,1,1.0,1,1.0,1,0.19528088843474425,65
3687,0,4847,2709,2138,0,0,0,1.0,1,1.0,1,1.0,1,0.19528088843474425,65
3688,0,4847,2709,2138,0,0,0,1.0,1,1.0,1,1.0,1,0.20465822724804542,66
3689,0,4847,2709,2138,0,0,0,1.0,1,1.0,1,1.0,1,0.20465822724804542,66
3690,2,4849,2709,2140,0,0,0,1.0,1,1.0,1,1.0,1,0.1961651193731891,67
3691,1,4850,2709,2141,0,0,0,1.0,1,1.0,1,1.0,1,0.17959726730169534,68
3692,0,4850,2709,2141,0,0,0,1.0,1,1.0,1,1.0,1,0.17413261703826594,69
3693,0,4850,2709,2141,0,0,0,1.0,1,1.0,1,1.0,1,0.17153054511729945,69
3694,1,4851,2710,2141,0,0,0,1.0,1,1.0,1,1.0,1,0.18812036509101146,70
3695,0,4851,2710,2141,0,0,0,1.0,1,1.0,1,1.0,1,0.18812036509101146,70
3696,2,4853,2712,2141,0,0,0,1.0,1,1.0,1,1.0,1,0.17350221942635882,71
3697,3,4856,2714,2142,0,0,0,1.0,1,1.0,1,1.0,1,0.18976713636079323,70
3698,0,4856,2714,2142,0,0,0,1.0,1,1.0,1,1.0,1,0.189482982930798,70
3699,2,4858,2715,2143,0,0,0,1.0,1,1.0,1,1.0,1,0.1771781243255713,70
3700,3,4861,2718,2143,0,0,0,1.0,1,1.0,1,1.0,1,0.19737866088281797,68
3701,1,4862,2719,2143,0,0,0,1.0,1,1.0,1,1.0,1,0.20653750916999883,69
3702,1,4863,2720,2143,0,0,0,1.0,1,1.0,1,1.0,1,0.21097519427851794,69
3703,1,4864,2721,2143,0,0,0,1.0,1,1.0,1,1.0,1,0.24141120749299705,70
3704,2,4866,2723,2143,0,0,0,1.0,1,1.0,1,1.0,1,0.26493277770718576,69
3705,2,4868,2723,2145,0,0,0,1.0,1,1.0,1,1.0,1,0.2253967953230356,69
3706,3,4871,2724,2147,0,0,0,1.0,1,1.0,1,1.0,1,0.22574583866406261,69
3707,0,4871,2724,2147,0,0,0,1.0,1,1.0,1,1.0,1,0.2090186384700516,67
3708,0,4871,2724,2147,0,0,0,1.0,1,1.0,1,1.0,1,0.19859561025230835,67
3709,0,4871,2724,2147,0,0,0,1.0,1,1.0,1,1.0,1,0.19859561025230835,67
3710,2,4873,2726,2147,0,0,0,1.0,1,1.0,1,1.0,1,0.19128109811869384,67
3711,0,4873,2726,2147,0,0,0,1.0,1,1.0,1,1.0,1,0.19218741503221592,68
3712,1,4874,2727,2147,0,0,0,1.0,1,1.0,1,1.0,1,0.19993354943308841,68
3713,3,4877,2728,2149,0,0,0,1.0,1,1.0,1,1.0,1,0.1765967364724852,68
3714,0,4877,2728,2149,0,0,0,1.0,1,1.0,1,1.0,1,0.1932203563549547,67
3715,1,4878,2728,2150,0,0,0,1.0,1,1.0,1,1.0,1,0.1860472544106501,68
3716,1,4879,2728,2151,0,0,0,1.0,1,1.0,1,1.0,1,0.18975869705305828,67
3717,5,4884,2729,2155,0,0,0,1.0,1,1.0,1,1.0,1,0.19600617775526274,68
3718,1,4885,2729,2156,0,0,0,1.0,1,1.0,1,1.0,1,0.19803767256812843,68
3719,1,4886,2730,2156,0,0,0,1.0,1,1.0,1,1.0,1,0.2418154968416231,68
3720,0,4886,2730,2156,0,0,0,1.0,1,1.0,1,1.0,1,0.2418154968416231,68
3721,2,4888,2731,2157,0,0,0,1.0,1,1.0,1,1.0,1,0.20628771111744226,70
3722,0,4888,2731,2157,0,0,0,1.0,1,1.0,1,1.0,1,0.21308397647322136,71
3723,4,4892,2731,2161,0,0,0,1.0,1,1.0,1,1.0,1,0.18679444409986748,71
3724,0,4892,2731,2161,0,0,0,1.0,1,1.0,1,1.0,1,0.18159305959752864,72
3725,6,4898,2733,2165,0,0,0,1.0,1,1.0,1,1.0,1,0.19949093977293583,72
3726,1,4899,2733,2166,0,0,0,1.0,1,1.0,1,1.0,1,0.18994663723223718,71
3727,2,4901,2734,2167,0,0,0,1.0,1,1.0,1,1.0,1,0.20664370715505015,71
3728,3,4904,2734,2170,0,0,0,1.0,1,1.0,1,1.0,1,0.19794083407322752,70
3729,1,4905,2734,2171,0,0,0,1.0,1,1.0,1,1.0,1,0.1888699131676853,70
3730,3,4908,2735,2173,0,0,0,1.0,1,1.0,1,1.0,1,0.2053757126530831,71
3731,0,4908,2735,2173,0,0,0,1.0,1,1.0,1,1.0,1,0.2053757126530831,71
3732,0,4908,2735,2173,0,0,0,1.0,1,1.0,1,1.0,1,0.20075307692237565,72
3733,1,4909,2736,2173,0,0,0,1.0,1,1.0,1,1.0,1,0.21527101064846163,73
3734,2,4911,2737,2174,0,0,0,1.0,1,1.0,1,1.0,1,0.23300187329772368,74
3735,2,4913,2738,2175,0,0,0,1.0,1,1.0,1,1.0,1,0.23204477722532946,72
3736,1,4914,2738,2176,0,0,0,1.0,1,1.0,1,1.0,1,0.20186497876096482,72
3737,1,4915,2738,2177,0,0,0,1.0,1,1.0,1,1.0,1,0.19121085489718545,73
3738,0,4915,2738,2177,0,0,0,1.0,1,1.0,1,1.0,1,0.17882750065096545,72
3739,0,4915,2738,2177,0,0,0,1.0,1,1.0,1,1.0,1,0.173085035696047,73
3740,1,4916,2738,2178,0,0,0,1.0,1,1.0,1,1.0,1,0.17428322856292688,70
3741,0,4916,2738,2178,0,0,0,1.0,1,1.0,1,1.0,1,0.17428322856292688,70
3742,0,4916,2738,2178,0,0,0,1.0,1,1.0,1,1.0,1,0.17428322856292688,70
3743,0,4916,2738,2178,0,0,0,1.0,1,1.0,1,1.0,1,0.20032816243242235,69
3744,5,4921,2740,2181,0,0,0,1.0,1,1.0,1,1.0,1,0.22113061323804778,69
3745,4,4925,2740,2185,0,0,0,1.0,1,1.0,1,1.0,1,0.1903834089707053,68
3746,1,4926,2740,2186,0,0,0,1.0,1,1.0,1,1.0,1,0.20240071452081246,66
3747,2,4928,2740,2188,0,0,0,1.0,1,1.0,1,1.0,1,0.1909161498479341,66
3748,1,4929,2740,2189,0,0,0,1.0,1,1.0,1,1.0,1,0.16827830042849726,65
3749,1,4930,2740,2190,0,0,0,1.0,1,1.0,1,1.0,1,0.16367417120171307,64
3750,0,4930,2740,2190,0,0,0,1.0,1,1.0,1,1.0,1,0.16988629699160795,63
3751,0,4930,2740,2190,0,0,0,1.0,1,1.0,1,1.0,1,0.16225072277431213,64
3752,1,4931,2741,2190,0,0,0,1.0,1,1.0,1,1.0,1,0.15286177608782156,64
3753,4,4935,2741,2194,0,0,0,1.0,1,1.0,1,1.0,1,0.12464993522444597,65
3754,1,4936,2742,2194,0,0,0,1.0,1,1.0,1,1.0,1,0.14666400092701087,65
3755,3,4939,2743,2196,0,0,0,1.0,1,1.0,1,1.0,1,0.1647104607233132,65
3756,0,4939,2743,2196,0,0,0,1.0,1,1.0,1,1.0,1,0.17310109466694695,65
3757,5,4944,2745,2199,0,0,0,1.0,1,1.0,1,1.0,1,0.18632272162562474,65
3758,0,4944,2745,2199,0,0,0,1.0,1,1.0,1,1.0,1,0.19469749617077506,64
3759,2,4946,2746,2200,0,0,0,1.0,1,1.0,1,1.0,1,0.20426426187205826,64
3760,0,4946,2746,2200,0,0,0,1.0,1,1.0,1,1.0,1,0.2293015492586195,63
3761,1,4947,2746,2201,0,0,0,1.0,1,1.0,1,1.0,1,0.21979627656451867,63
3762,0,4947,2746,2201,0,0,0,1.0,1,1.0,1,1.0,1,0.22030601189429294,65
3763,0,4947,2746,2201,0,0,0,1.0,1,1.0,1,1.0,1,0.22030601189429294,65
3764,4,4951,2747,2204,0,0,0,1.0,1,1.0,1,1.0,1,0.19499997371046035,66
3765,4,4955,2747,2208,0,0,0,1.0,1,1.0,1,1.0,1,0.18138625747651102,67
3766,1,4956,2747,2209,0,0,0,1.0,1,1.0,1,1.0,1,0.17548434868389312,67
3767,0,4956,2747,2209,0,0,0,1.0,1,1.0,1,1.0,1,0.17069321344860283,68
3768,4,4960,2749,2211,0,0,0,1.0,1,1.0,1,1.0,1,0.20057733559723004,67
3769,3,4963,2749,2214,0,0,0,1.0,1,1.0,1,1.0,1,0.15795766794517302,69
3770,0,4963,2749,2214,0,0,0,1.0,1,1.0,1,1.0,1,0.15795766794517302,69
3771,4,4967,2750,2217,0,0,0,1.0,1,1.0,1,1.0,1,0.16777461378094377,69
3772,1,4968,2750,2218,0,0,0,1.0,1,1.0,1,1.0,1,0.16594664056953512,70
3773,5,4973,2751,2222,0,0,0,1.0,1,1.0,1,1.0,1,0.1534646910749472,68
3774,0,4973,2751,2222,0,0,0,1.0,1,1.0,1,1.0,1,0.15287441984723338,68
3775,3,4976,2752,2224,0,0,0,1.0,1,1.0,1,1.0,1,0.17117627596130242,68
3776,1,4977,2752,2225,0,0,0,1.0,1,1.0,1,1.0,1,0.15540761415294968,66
3777,2,4979,2752,2227,0,0,0,1.0,1,1.0,1,1.0,1,0.13085991079063042,65
3778,0,4979,2752,2227,0,0,0,1.0,1,1.0,1,1.0,1,0.1150113159116976,65
3779,1,4980,2753,2227,0,0,0,1.0,1,1.0,1,1.0,1,0.13913295652884342,65
3780,0,4980,2753,2227,0,0,0,1.0,1,1.0,1,1.0,1,0.12687727033240048,64
3781,0,4980,2753,2227,0,0,0,1.0,1,1.0,1,1.0,1,0.12687727033240048,64
3782,0,4980,2753,2227,0,0,0,1.0,1,1.0,1,1.0,1,0.13712825514810345,67
3783,0,4980,2753,2227,0,0,0,1.0,1,1.0,1,1.0,1,0.1327206199047142,65
3784,1,4981,2753,2228,0,0,0,1.0,1,1.0,1,1.0,1,0.12625265928972895,65
3785,2,4983,2755,2228,0,0,0,1.0,1,1.0,1,1.0,1,0.16394131662484077,63
3786,3,4986,2755,2231,0,0,0,1.0,1,1.0,1,1.0,1,0.1342752928007717,66
3787,1,4987,2756,2231,0,0,0,1.0,1,1.0,1,1.0,1,0.16596572039767699,65
3788,1,4988,2756,2232,0,0,0,1.0,1,1.0,1,1.0,1,0.15703872224243004,65
3789,3,4991,2758,2233,0,0,0,1.0,1,1.0,1,1.0,1,0.16882609365692205,65
3790,1,4992,2759,2233,0,0,0,1.0,1,1.0,1,1.0,1,0.20221570178916645,64
3791,1,4993,2760,2233,0,0,0,1.0,1,1.0,1,1.0,1,0.19895804138467285,64
3792,3,4996,2763,2233,0,0,0,1.0,1,1.0,1,1.0,1,0.21743114689699863,65
3793,3,4999,2764,2235,0,0,0,1.0,1,1.0,1,1.0,1,0.21441891647958908,68
3794,2,5001,2765,2236,0,0,0,1.0,1,1.0,1,1.0,1,0.20764296421388212,68
3795,2,5003,2765,2238,0,0,0,1.0,1,1.0,1,1.0,1,0.1862014830188953,69
3796,0,5003,2765,2238,0,0,0,1.0,1,1.0,1,1.0,1,0.1862014830188953,69
3797,5,5008,2765,2243,0,0,0,1.0,1,1.0,1,1.0,1,0.1684894357613999,70
3798,1,5009,2765,2244,0,0,0,1.0,1,1.0,1,1.0,1,0.1612593128557273,70
3799,1,5010,2765,2245,0,0,0,1.0,1,1.0,1,1.0,1,0.16305807448376403,69
3800,1,5011,2765,2246,0,0,0,1.0,1,1.0,1,1.0,1,0.15847863616784671,69
3801,4,5015,2765,2250,0,0,0,1.0,1,1.0,1,1.0,1,0.14258662507282413,67
3802,1,5016,2765,2251,0,0,0,1.0,1,1.0,1,1.0,1,0.1357794948139509,67
3803,2,5018,2765,2253,0,0,0,1.0,1,1.0,1,1.0,1,0.12673001334374445,69
3804,2,5020,2765,2255,0,0,0,1.0,1,1.0,1,1.0,1,0.11712601569654647,70
3805,2,5022,2765,2257,0,0,0,1.0,1,1.0,1,1.0,1,0.11231631045362198,71
3806,0,5022,2765,2257,0,0,0,1.0,1,1.0,1,1.0,1,0.11231631045362198,71
3807,0,5022,2765,2257,0,0,0,1.0,1,1.0,1,1.0,1,0.11904148476882569,72
3808,0,5022,2765,2257,0,0,0,1.0,1,1.0,1,1.0,1,0.11904148476882569,72
3809,2,5024,2766,2258,0,0,0,1.0,1,1.0,1,1.0,1,0.13592855686064534,72
3810,3,5027,2767,2260,0,0,0,1.0,1,1.0,1,1.0,1,0.14248780220061183,72
3811,1,5028,2768,2260,0,0,0,1.0,1,1.0,1,1.0,1,0.14195983625155384,71
3812,0,5028,2768,2260,0,0,0,1.0,1,1.0,1,1.0,1,0.1514627240209229,72
3813,2,5030,2769,2261,0,0,0,1.0,1,1.0,1,1.0,1,0.16045492901464659,71
3814,0,5030,2769,2261,0,0,0,1.0,1,1.0,1,1.0,1,0.16659179750880465,72
3815,0,5030,2769,2261,0,0,0,1.0,1,1.0,1,1.0,1,0.15502820983890794,71
3816,0,5030,2769,2261,0,0,0,1.0,1,1.0,1,1.0,1,0.15215537258599324,69
3817,1,5031,2770,2261,0,0,0,1.0,1,1.0,1,1.0,1,0.1790035239617207,72
3818,1,5032,2771,2261,0,0,0,1.0,1,1.0,1,1.0,1,0.1787211274148999,72
3819,1,5033,2772,2261,0,0,0,1.0,1,1.0,1,1.0,1,0.18762704564422317,72
3820,2,5035,2773,2262,0,0,0,1.0,1,1.0,1,1.0,1,0.18320819307877662,72
3821,1,5036,2774,2262,0,0,0,1.0,1,1.0,1,1.0,1,0.19596916584370527,72
3822,0,5036,2774,2262,0,0,0,1.0,1,1.0,1,1.0,1,0.20743417483983645,69
3823,0,5036,2774,2262,0,0,0,1.0,1,1.0,1,1.0,1,0.20743417483983645,69
3824,3,5039,2774,2265,0,0,0,1.0,1,1.0,1,1.0,1,0.20220642547202755,65
3825,0,5039,2774,2265,0,0,0,1.0,1,1.0,1,1.0,1,0.2129506970543051,64
3826,1,5040,2774,2266,0,0,0,1.0,1,1.0,1,1.0,1,0.19915639637392665,65
3827,1,5041,2774,2267,0,0,0,1.0,1,1.0,1,1.0,1,0.19607807762630686,64
3828,1,5042,2774,2268,0,0,0,1.0,1,1.0,1,1.0,1,0.1776919092126964,65
3829,2,5044,2775,2269,0,0,0,1.0,1,1.0,1,1.0,1,0.19601668082865728,65
3830,0,5044,2775,2269,0,0,0,1.0,1,1.0,1,1.0,1,0.2028164072083459,64
3831,2,5046,2776,2270,0,0,0,1.0,1,1.0,1,1.0,1,0.19481763029216123,63
3832,0,5046,2776,2270,0,0,0,1.0,1,1.0,1,1.0,1,0.20915029556037423,64
3833,2,5048,2777,2271,0,0,0,1.0,1,1.0,1,1.0,1,0.19292659312481406,64
3834,0,5048,2777,2271,0,0,0,1.0,1,1.0,1,1.0,1,0.21525949281353368,63
3835,0,5048,2777,2271,0,0,0,1.0,1,1.0,1,1.0,1,0.21404071320195373,63
3836,2,5050,2779,2271,0,0,0,1.0,1,1.0,1,1.0,1,0.21348074413470794,63
3837,4,5054,2780,2274,0,0,0,1.0,1,1.0,1,1.0,1,0.1950247670998549,62
3838,2,5056,2782,2274,0,0,0,1.0,1,1.0,1,1.0,1,0.18918992197887657,62
3839,1,5057,2783,2274,0,0,0,1.0,1,1.0,1,1.0,1,0.21292214224222036,60
3840,1,5058,2783,2275,0,0,0,1.0,1,1.0,1,1.0,1,0.19458961510306372,62
3841,0,5058,2783,2275,0,0,0,1.0,1,1.0,1,1.0,1,0.19458961510306372,62
3842,2,5060,2783,2277,0,0,0,1.0,1,1.0,1,1.0,1,0.16120955120966085,63
3843,1,5061,2783,2278,0,0,0,1.0,1,1.0,1,1.0,1,0.14844126092114807,64
3844,2,5063,2783,2280,0,0,0,1.0,1,1.0,1,1.0,1,0.1261664694621915,65
3845,3,5066,2783,2283,0,0,0,1.0,1,1.0,1,1.0,1,0.09193694376361569,66
3846,2,5068,2783,2285,0,0,0,1.0,1,1.0,1,1.0,1,0.07438238773574173,67
3847,0,5068,2783,2285,0,0,0,1.0,1,1.0,1,1.0,1,0.07438238773574173,67
3848,1,5069,2784,2285,0,0,0,1.0,1,1.0,1,1.0,1,0.07796871564368105,67
3849,3,5072,2785,2287,0,0,0,1.0,1,1.0,1,1.0,1,0.037458814701725344,67
3850,2,5074,2787,2287,0,0,0,1.0,1,1.0,1,1.0,1,0.060693114268792016,68
3851,2,5076,2789,2287,0,0,0,1.0,1,1.0,1,1.0,1,0.08095424843956414,68
3852,1,5077,2789,2288,0,0,0,1.0,1,1.0,1,1.0,1,0.08155374755790412,70
3853,4,5081,2791,2290,0,0,0,1.0,1,1.0,1,1.0,1,0.10930998452994548,70
3854,3,5084,2793,2291,0,0,0,1.0,1,1.0,1,1.0,1,0.11759686562774707,70
3855,1,5085,2794,2291,0,0,0,1.0,1,1.0,1,1.0,1,0.12961652319967873,69
3856,2,5087,2795,2292,0,0,0,1.0,1,1.0,1,1.0,1,0.14388530530791666,70
3857,3,5090,2796,2294,0,0,0,1.0,1,1.0,1,1.0,1,0.16246272225983363,68
3858,0,5090,2796,2294,0,0,0,1.0,1,1.0,1,1.0,1,0.15201629989941978,67
3859,1,5091,2796,2295,0,0,0,1.0,1,1.0,1,1.0,1,0.12838298396284167,66
3860,0,5091,2796,2295,0,0,0,1.0,1,1.0,1,1.0,1,0.13168713870168058,66
3861,0,5091,2796,2295,0,0,0,1.0,1,1.0,1,1.0,1,0.13290673655086202,66
3862,0,5091,2796,2295,0,0,0,1.0,1,1.0,1,1.0,1,0.13290673655086202,66
3863,1,5092,2797,2295,0,0,0,1.0,1,1.0,1,1.0,1,0.13518569678205666,63
3864,1,5093,2798,2295,0,0,0,1.0,1,1.0,1,1.0,1,0.1468850422661828,63
3865,1,5094,2798,2296,0,0,0,1.0,1,1.0,1,1.0,1,0.13322161595818496,61
3866,0,5094,2798,2296,0,0,0,1.0,1,1.0,1,1.0,1,0.14152561262399327,61
3867,0,5094,2798,2296,0,0,0,1.0,1,1.0,1,1.0,1,0.14892276569061166,60
3868,2,5096,2800,2296,0,0,0,1.0,1,1.0,1,1.0,1,0.18821065157300454,59
3869,2,5098,2800,2298,0,0,0,1.0,1,1.0,1,1.0,1,0.16713248731497055,61
3870,1,5099,2800,2299,0,0,0,1.0,1,1.0,1,1.0,1,0.16864272823131768,61
3871,1,5100,2800,2300,0,0,0,1.0,1,1.0,1,1.0,1,0.1666635665042753,64
3872,1,5101,2800,2301,0,0,0,1.0,1,1.0,1,1.0,1,0.16402311304980904,63
3873,1,5102,2800,2302,0,0,0,1.0,1,1.0,1,1.0,1,0.16426478307899042,62
3874,0,5102,2800,2302,0,0,0,1.0,1,1.0,1,1.0,1,0.15891742994858646,63
3875,0,5102,2800,2302,0,0,0,1.0,1,1.0,1,1.0,1,0.15638617734655388,61
3876,0,5102,2800,2302,0,0,0,1.0,1,1.0,1,1.0,1,0.14875415136804934,62
3877,3,5105,2802,2303,0,0,0,1.0,1,1.0,1,1.0,1,0.16132460312483513,63
3878,0,5105,2802,2303,0,0,0,1.0,1,1.0,1,1.0,1,0.16132460312483513,63
3879,1,5106,2803,2303,0,0,0,1.0,1,1.0,1,1.0,1,0.1671180533977048,63
3880,0,5106,2803,2303,0,0,0,1.0,1,1.0,1,1.0,1,0.15671104728593346,65
3881,1,5107,2804,2303,0,0,0,1.0,1,1.0,1,1.0,1,0.17514893371982926,65
3882,3,5110,2806,2304,0,0,0,1.0,1,1.0,1,1.0,1,0.16820287778047846,66
3883,1,5111,2807,2304,0,0,0,1.0,1,1.0,1,1.0,1,0.17857906888478892,66
3884,2,5113,2808,2305,0,0,0,1.0,1,1.0,1,1.0,1,0.2006244426498197,66
3885,3,5116,2809,2307,0,0,0,1.0,1,1.0,1,1.0,1,0.20420212234061416,66
3886,1,5117,2810,2307,0,0,0,1.0,1,1.0,1,1.0,1,0.21090847252341524,65
3887,0,5117,2810,2307,0,0,0,1.0,1,1.0,1,1.0,1,0.19910988778511932,65
3888,0,5117,2810,2307,0,0,0,1.0,1,1.0,1,1.0,1,0.21047601533841323,66
3889,2,5119,2811,2308,0,0,0,1.0,1,1.0,1,1.0,1,0.2033449440889581,64
3890,3,5122,2813,2309,0,0,0,1.0,1,1.0,1,1.0,1,0.20708987537672982,63
3891,2,5124,2813,2311,0,0,0,1.0,1,1.0,1,1.0,1,0.17095919923007535,66
3892,2,5126,2813,2313,0,0,0,1.0,1,1.0,1,1.0,1,0.1376429377732844,67
3893,0,5126,2813,2313,0,0,0,1.0,1,1.0,1,1.0,1,0.1362937549936529,66
3894,3,5129,2814,2315,0,0,0,1.0,1,1.0,1,1.0,1,0.1316641161092708,67
3895,1,5130,2814,2316,0,0,0,1.0,1,1.0,1,1.0,1,0.12365521626739304,66
3896,1,5131,2815,2316,0,0,0,1.0,1,1.0,1,1.0,1,0.13295950164332512,66
3897,3,5134,2815,2319,0,0,0,1.0,1,1.0,1,1.0,1,0.10843667788666218,65
3898,5,5139,2818,2321,0,0,0,1.0,1,1.0,1,1.0,1,0.15577038094876566,65
3899,2,5141,2820,2321,0,0,0,1.0,1,1.0,1,1.0,1,0.1788263240210184,64
3900,1,5142,2821,2321,0,0,0,1.0,1,1.0,1,1.0,1,0.21027111235514878,63
3901,4,5146,2823,2323,0,0,0,1.0,1,1.0,1,1.0,1,0.20285958351946332,63
3902,2,5148,2824,2324,0,0,0,1.0,1,1.0,1,1.0,1,0.21418685517250563,64
3903,3,5151,2824,2327,0,0,0,1.0,1,1.0,1,1.0,1,0.17467846654716854,64
3904,0,5151,2824,2327,0,0,0,1.0,1,1.0,1,1.0,1,0.18064610673597023,63
3905,1,5152,2824,2328,0,0,0,1.0,1,1.0,1,1.0,1,0.15874957660429978,63
3906,0,5152,2824,2328,0,0,0,1.0,1,1.0,1,1.0,1,0.146378335904179,64
3907,2,5154,2824,2330,0,0,0,1.0,1,1.0,1,1.0,1,0.1495606334822242,64
3908,1,5155,2825,2330,0,0,0,1.0,1,1.0,1,1.0,1,0.16176834529874484,63
3909,1,5156,2825,2331,0,0,0,1.0,1,1.0,1,1.0,1,0.17366853584581562,62
3910,0,5156,2825,2331,0,0,0,1.0,1,1.0,1,1.0,1,0.18607179762682996,62
3911,2,5158,2826,2332,0,0,0,1.0,1,1.0,1,1.0,1,0.18161267075906531,64
3912,1,5159,2827,2332,0,0,0,1.0,1,1.0,1,1.0,1,0.20817885354485402,64
3913,2,5161,2827,2334,0,0,0,1.0,1,1.0,1,1.0,1,0.20258621963890872,65
3914,1,5162,2827,2335,0,0,0,1.0,1,1.0,1,1.0,1,0.20053820088350005,65
3915,1,5163,2828,2335,0,0,0,1.0,1,1.0,1,1.0,1,0.18380814078778163,66
3916,1,5164,2829,2335,0,0,0,1.0,1,1.0,1,1.0,1,0.20998140699357531,66
3917,1,5165,2829,2336,0,0,0,1.0,1,1.0,1,1.0,1,0.20307280402860667,66
3918,3,5168,2831,2337,0,0,0,1.0,1,1.0,1,1.0,1,0.18918062747057846,67
3919,0,5168,2831,2337,0,0,0,1.0,1,1.0,1,1.0,1,0.18364817898689717,68
3920,1,5169,2832,2337,0,0,0,1.0,1,1.0,1,1.0,1,0.16824010296976108,69
3921,1,5170,2832,2338,0,0,0,1.0,1,1.0,1,1.0,1,0.17239425242371229,68
3922,2,5172,2834,2338,0,0,0,1.0,1,1.0,1,1.0,1,0.20630258018970504,68
3923,2,5174,2834,2340,0,0,0,1.0,1,1.0,1,1.0,1,0.1995942868080831,69
3924,3,5177,2835,2342,0,0,0,1.0,1,1.0,1,1.0,1,0.1808416799771305,69
3925,4,5181,2837,2344,0,0,0,1.0,1,1.0,1,1.0,1,0.19682694570351653,67
3926,1,5182,2837,2345,0,0,0,1.0,1,1.0,1,1.0,1,0.19817355042754792,67
3927,1,5183,2837,2346,0,0,0,1.0,1,1.0,1,1.0,1,0.20179943660306937,65
3928,1,5184,2837,2347,0,0,0,1.0,1,1.0,1,1.0,1,0.19591083643661997,65
3929,3,5187,2838,2349,0,0,0,1.0,1,1.0,1,1.0,1,0.1838808456587436,64
3930,0,5187,2838,2349,0,0,0,1.0,1,1.0,1,1.0,1,0.17825755277746433,64
3931,0,5187,2838,2349,0,0,0,1.0,1,1.0,1,1.0,1,0.16558813472616302,62
3932,0,5187,2838,2349,0,0,0,1.0,1,1.0,1,1.0,1,0.16558813472616302,62
3933,1,5188,2839,2349,0,0,0,1.0,1,1.0,1,1.0,1,0.15494146763670577,62
3934,2,5190,2840,2350,0,0,0,1.0,1,1.0,1,1.0,1,0.12988530751067215,61
3935,0,5190,2840,2350,0,0,0,1.0,1,1.0,1,1.0,1,0.1352757815839797,64
3936,0,5190,2840,2350,0,0,0,1.0,1,1.0,1,1.0,1,0.14286617402981522,65
3937,1,5191,2840,2351,0,0,0,1.0,1,1.0,1,1.0,1,0.11918820766565304,66
3938,0,5191,2840,2351,0,0,0,1.0,1,1.0,1,1.0,1,0.11918820766565304,66
3939,0,5191,2840,2351,0,0,0,1.0,1,1.0,1,1.0,1,0.13016309544391041,67
3940,1,5192,2840,2352,0,0,0,1.0,1,1.0,1,1.0,1,0.10946694736058402,69
3941,0,5192,2840,2352,0,0,0,1.0,1,1.0,1,1.0,1,0.10946694736058402,69
3942,1,5193,2841,2352,0,0,0,1.0,1,1.0,1,1.0,1,0.12784314834149083,69
3943,1,5194,2842,2352,0,0,0,1.0,1,1.0,1,1.0,1,0.15843976918266622,68
3944,2,5196,2842,2354,0,0,0,1.0,1,1.0,1,1.0,1,0.15663328486034692,68
3945,4,5200,2845,2355,0,0,0,1.0,1,1.0,1,1.0,1,0.1571357669833724,67
3946,4,5204,2847,2357,0,0,0,1.0,1,1.0,1,1.0,1,0.17817657762436617,67
3947,2,5206,2848,2358,0,0,0,1.0,1,1.0,1,1.0,1,0.17175902922639638,66
3948,3,5209,2850,2359,0,0,0,1.0,1,1.0,1,1.0,1,0.15007332081468933,67
3949,5,5214,2854,2360,0,0,0,1.0,1,1.0,1,1.0,1,0.23879983573558147,66
3950,0,5214,2854,2360,0,0,0,1.0,1,1.0,1,1.0,1,0.24768370537477907,65
3951,1,5215,2854,2361,0,0,0,1.0,1,1.0,1,1.0,1,0.2348670837764804,65
3952,3,5218,2855,2363,0,0,0,1.0,1,1.0,1,1.0,1,0.2144710654116298,65
3953,3,5221,2855,2366,0,0,0,1.0,1,1.0,1,1.0,1,0.20145169837266005,65
3954,2,5223,2855,2368,0,0,0,1.0,1,1.0,1,1.0,1,0.19360593554029937,64
3955,0,5223,2855,2368,0,0,0,1.0,1,1.0,1,1.0,1,0.21071149882703502,64
3956,1,5224,2855,2369,0,0,0,1.0,1,1.0,1,1.0,1,0.19660534169825147,63
3957,2,5226,2855,2371,0,0,0,1.0,1,1.0,1,1.0,1,0.1839446885980462,63
3958,1,5227,2855,2372,0,0,0,1.0,1,1.0,1,1.0,1,0.18564920146474406,63
3959,0,5227,2855,2372,0,0,0,1.0,1,1.0,1,1.0,1,0.18474938142082367,62
3960,0,5227,2855,2372,0,0,0,1.0,1,1.0,1,1.0,1,0.18474938142082367,62
3961,2,5229,2857,2372,0,0,0,1.0,1,1.0,1,1.0,1,0.1943267146870058,64
3962,1,5230,2857,2373,0,0,0,1.0,1,1.0,1,1.0,1,0.18525283941206833,64
3963,5,5235,2861,2374,0,0,0,1.0,1,1.0,1,1.0,1,0.21424272095056504,62
3964,1,5236,2861,2375,0,0,0,1.0,1,1.0,1,1.0,1,0.18704378000562655,63
3965,4,5240,2861,2379,0,0,0,1.0,1,1.0,1,1.0,1,0.13071021884448702,63
3966,0,5240,2861,2379,0,0,0,1.0,1,1.0,1,1.0,1,0.1287888843364072,62
3967,3,5243,2861,2382,0,0,0,1.0,1,1.0,1,1.0,1,0.10160260991906706,64
3968,0,5243,2861,2382,0,0,0,1.0,1,1.0,1,1.0,1,0.09971649900907119,63
3969,1,5244,2861,2383,0,0,0,1.0,1,1.0,1,1.0,1,0.09947292720080553,63
3970,0,5244,2861,2383,0,0,0,1.0,1,1.0,1,1.0,1,0.09719153691233316,65
3971,0,5244,2861,2383,0,0,0,1.0,1,1.0,1,1.0,1,0.09719153691233316,65
3972,3,5247,2863,2384,0,0,0,1.0,1,1.0,1,1.0,1,0.12276689353754941,66
3973,2,5249,2863,2386,0,0,0,1.0,1,1.0,1,1.0,1,0.09879214086618236,66
3974,1,5250,2864,2386,0,0,0,1.0,1,1.0,1,1.0,1,0.11952692724693052,66
3975,3,5253,2866,2387,0,0,0,1.0,1,1.0,1,1.0,1,0.12490250945290216,66
3976,2,5255,2867,2388,0,0,0,1.0,1,1.0,1,1.0,1,0.13552778994766854,66
3977,3,5258,2869,2389,0,0,0,1.0,1,1.0,1,1.0,1,0.13110173973994815,64
3978,3,5261,2871,2390,0,0,0,1.0,1,1.0,1,1.0,1,0.14592188497925077,63
3979,2,5263,2871,2392,0,0,0,1.0,1,1.0,1,1.0,1,0.14418309989123218,63
3980,1,5264,2871,2393,0,0,0,1.0,1,1.0,1,1.0,1,0.13647037940482856,63
3981,2,5266,2871,2395,0,0,0,1.0,1,1.0,1,1.0,1,0.1267824784566457,64
3982,0,5266,2871,2395,0,0,0,1.0,1,1.0,1,1.0,1,0.12318924794519875,65
3983,0,5266,2871,2395,0,0,0,1.0,1,1.0,1,1.0,1,0.12729091375587423,64
3984,1,5267,2871,2396,0,0,0,1.0,1,1.0,1,1.0,1,0.12617264700112787,65
3985,2,5269,2872,2397,0,0,0,1.0,1,1.0,1,1.0,1,0.13106646009233194,64
3986,1,5270,2872,2398,0,0,0,1.0,1,1.0,1,1.0,1,0.12778658053750247,63
3987,0,5270,2872,2398,0,0,0,1.0,1,1.0,1,1.0,1,0.143168199890971,63
3988,0,5270,2872,2398,0,0,0,1.0,1,1.0,1,1.0,1,0.14117971426196763,63
3989,0,5270,2872,2398,0,0,0,1.0,1,1.0,1,1.0,1,0.15750256155192,63
3990,1,5271,2873,2398,0,0,0,1.0,1,1.0,1,1.0,1,0.18730691999138724,62
3991,1,5272,2873,2399,0,0,0,1.0,1,1.0,1,1.0,1,0.17483350233128098,62
3992,0,5272,2873,2399,0,0,0,1.0,1,1.0,1,1.0,1,0.16576815769834868,65
3993,0,5272,2873,2399,0,0,0,1.0,1,1.0,1,1.0,1,0.16576815769834868,65
3994,1,5273,2873,2400,0,0,0,1.0,1,1.0,1,1.0,1,0.1525562558264215,64
3995,0,5273,2873,2400,0,0,0,1.0,1,1.0,1,1.0,1,0.1525562558264215,64
3996,1,5274,2873,2401,0,0,0,1.0,1,1.0,1,1.0,1,0.13281302875426515,67
3997,3,5277,2874,2403,0,0,0,1.0,1,1.0,1,1.0,1,0.12314803583356981,69
3998,2,5279,2875,2404,0,0,0,1.0,1,1.0,1,1.0,1,0.1291480175745952,69
3999,2,5281,2877,2404,0,0,0,1.0,1,1.0,1,1.0,1,0.13321499338005077,69
4000,0,5281,2877,2404,0,0,0,1.0,1,1.0,1,1.0,1,0.11362646540513986,69
4001,0,5281,2877,2404,0,0,0,1.0,1,1.0,1,1.0,1,0.10493433899239218,68
4002,1,5282,2878,2404,0,0,0,1.0,1,1.0,1,1.0,1,0.0894800469685928,68
4003,2,5284,2880,2404,0,0,0,1.0,1,1.0,1,1.0,1,0.12393258125030013,68
4004,5,5289,2883,2406,0,0,0,1.0,1,1.0,1,1.0,1,0.08993609616170248,67
4005,1,5290,2884,2406,0,0,0,1.0,1,1.0,1,1.0,1,0.09745216265821306,67
4006,4,5294,2886,2408,0,0,0,1.0,1,1.0,1,1.0,1,0.09420582999528314,67
4007,1,5295,2887,2408,0,0,0,1.0,1,1.0,1,1.0,1,0.11347185388807657,67
4008,3,5298,2889,2409,0,0,0,1.0,1,1.0,1,1.0,1,0.11634435466222592,67
4009,3,5301,2891,2410,0,0,0,1.0,1,1.0,1,1.0,1,0.12632631654555987,67
4010,2,5303,2892,2411,0,0,0,1.0,1,1.0,1,1.0,1,0.1257239187360238,66
4011,2,5305,2893,2412,0,0,0,1.0,1,1.0,1,1.0,1,0.11524719206790848,66
4012,2,5307,2895,2412,0,0,0,1.0,1,1.0,1,1.0,1,0.12796907323712856,66
4013,3,5310,2895,2415,0,0,0,1.0,1,1.0,1,1.0,1,0.07673942322976428,66
4014,1,5311,2896,2415,0,0,0,1.0,1,1.0,1,1.0,1,0.08742305195622965,66
4015,0,5311,2896,2415,0,0,0,1.0,1,1.0,1,1.0,1,0.10944738960790222,64
4016,1,5312,2897,2415,0,0,0,1.0,1,1.0,1,1.0,1,0.15093228268640427,64
4017,3,5315,2899,2416,0,0,0,1.0,1,1.0,1,1.0,1,0.16662134850660432,66
4018,0,5315,2899,2416,0,0,0,1.0,1,1.0,1,1.0,1,0.1740534690112749,67
4019,1,5316,2900,2416,0,0,0,1.0,1,1.0,1,1.0,1,0.1853120843584725,67
4020,0,5316,2900,2416,0,0,0,1.0,1,1.0,1,1.0,1,0.20444897942988485,66
4021,1,5317,2901,2416,0,0,0,1.0,1,1.0,1,1.0,1,0.21519796024930574,66
4022,0,5317,2901,2416,0,0,0,1.0,1,1.0,1,1.0,1,0.21519796024930574,66
4023,1,5318,2902,2416,0,0,0,1.0,1,1.0,1,1.0,1,0.21496612508346805,66
4024,2,5320,2903,2417,0,0,0,1.0,1,1.0,1,1.0,1,0.21005182801419614,66
4025,2,5322,2903,2419,0,0,0,1.0,1,1.0,1,1.0,1,0.1735168964181731,66
4026,0,5322,2903,2419,0,0,0,1.0,1,1.0,1,1.0,1,0.17400348417654415,66
4027,1,5323,2904,2419,0,0,0,1.0,1,1.0,1,1.0,1,0.18983870478742595,64
4028,3,5326,2906,2420,0,0,0,1.0,1,1.0,1,1.0,1,0.20263100355285,63
4029,2,5328,2906,2422,0,0,0,1.0,1,1.0,1,1.0,1,0.17544485033051183,62
4030,1,5329,2906,2423,0,0,0,1.0,1,1.0,1,1.0,1,0.1500288996806057,63
4031,0,5329,2906,2423,0,0,0,1.0,1,1.0,1,1.0,1,0.15711314800509357,62
4032,1,5330,2907,2423,0,0,0,1.0,1,1.0,1,1.0,1,0.1704031288561049,62
4033,0,5330,2907,2423,0,0,0,1.0,1,1.0,1,1.0,1,0.18238235277997714,61
4034,4,5334,2909,2425,0,0,0,1.0,1,1.0,1,1.0,1,0.1930664745228255,60
4035,0,5334,2909,2425,0,0,0,1.0,1,1.0,1,1.0,1,0.2066999592196631,59
4036,3,5337,2911,2426,0,0,0,1.0,1,1.0,1,1.0,1,0.21254575221147265,58
4037,4,5341,2913,2428,0,0,0,1.0,1,1.0,1,1.0,1,0.1960837038911663,59
4038,3,5344,2914,2430,0,0,0,1.0,1,1.0,1,1.0,1,0.18852509094704642,58
4039,0,5344,2914,2430,0,0,0,1.0,1,1.0,1,1.0,1,0.21654229859928087,56
4040,0,5344,2914,2430,0,0,0,1.0,1,1.0,1,1.0,1,0.22592022362649158,55
4041,4,5348,2916,2432,0,0,0,1.0,1,1.0,1,1.0,1,0.24699247710263939,54
4042,1,5349,2917,2432,0,0,0,1.0,1,1.0,1,1.0,1,0.25588549204589583,56
4043,2,5351,2918,2433,0,0,0,1.0,1,1.0,1,1.0,1,0.274375126308033,56
4044,3,5354,2919,2435,0,0,0,1.0,1,1.0,1,1.0,1,0.29964071816408994,56
4045,2,5356,2921,2435,0,0,0,1.0,1,1.0,1,1.0,1,0.3293528828254055,57
4046,2,5358,2921,2437,0,0,0,1.0,1,1.0,1,1.0,1,0.3172341945107111,59
4047,2,5360,2923,2437,0,0,0,1.0,1,1.0,1,1.0,1,0.3514022162675218,59
4048,1,5361,2923,2438,0,0,0,1.0,1,1.0,1,1.0,1,0.34434735912504133,59
4049,0,5361,2923,2438,0,0,0,1.0,1,1.0,1,1.0,1,0.32849055906923874,60
4050,1,5362,2923,2439,0,0,0,1.0,1,1.0,1,1.0,1,0.3073602914156134,60
4051,1,5363,2924,2439,0,0,0,1.0,1,1.0,1,1.0,1,0.3163039340818304,60
4052,0,5363,2924,2439,0,0,0,1.0,1,1.0,1,1.0,1,0.3163039340818304,60
4053,0,5363,2924,2439,0,0,0,1.0,1,1.0,1,1.0,1,0.3163039340818304,60
4054,1,5364,2925,2439,0,0,0,1.0,1,1.0,1,1.0,1,0.314227482525724,61
4055,0,5364,2925,2439,0,0,0,1.0,1,1.0,1,1.0,1,0.314227482525724,61
4056,0,5364,2925,2439,0,0,0,1.0,1,1.0,1,1.0,1,0.3225461857651012,62
4057,0,5364,2925,2439,0,0,0,1.0,1,1.0,1,1.0,1,0.3216517228114654,63
4058,0,5364,2925,2439,0,0,0,1.0,1,1.0,1,1.0,1,0.33699124542331343,64
4059,0,5364,2925,2439,0,0,0,1.0,1,1.0,1,1.0,1,0.3542960387056438,63
4060,0,5364,2925,2439,0,0,0,1.0,1,1.0,1,1.0,1,0.3542960387056438,63
4061,0,5364,2925,2439,0,0,0,1.0,1,1.0,1,1.0,1,0.3598823005035931,63
4062,0,5364,2925,2439,0,0,0,1.0,1,1.0,1,1.0,1,0.35009324209046777,65
4063,1,5365,2925,2440,0,0,0,1.0,1,1.0,1,1.0,1,0.31682567068738327,64
4064,1,5366,2925,2441,0,0,0,1.0,1,1.0,1,1.0,1,0.3003852299348394,65
4065,4,5370,2927,2443,0,0,0,1.0,1,1.0,1,1.0,1,0.2581491436753283,64
4066,1,5371,2927,2444,0,0,0,1.0,1,1.0,1,1.0,1,0.24587256575041214,64
4067,4,5375,2929,2446,0,0,0,1.0,1,1.0,1,1.0,1,0.21416324560722289,63
4068,1,5376,2929,2447,0,0,0,1.0,1,1.0,1,1.0,1,0.20223788685051272,64
4069,8,5384,2932,2452,0,0,0,1.0,1,1.0,1,1.0,1,0.22273537011207936,62
4070,2,5386,2932,2454,0,0,0,1.0,1,1.0,1,1.0,1,0.2033796180265252,61
4071,4,5390,2935,2455,0,0,0,1.0,1,1.0,1,1.0,1,0.2655717306013766,61
4072,2,5392,2936,2456,0,0,0,1.0,1,1.0,1,1.0,1,0.2848446472504165,60
4073,7,5399,2937,2462,0,0,0,1.0,1,1.0,1,1.0,1,0.21910866460475634,60
4074,3,5402,2939,2463,0,0,0,1.0,1,1.0,1,1.0,1,0.2589324623442115,60
4075,2,5404,2939,2465,0,0,0,1.0,1,1.0,1,1.0,1,0.2241823355673432,59
4076,1,5405,2939,2466,0,0,0,1.0,1,1.0,1,1.0,1,0.21843420653946377,60
4077,3,5408,2939,2469,0,0,0,1.0,1,1.0,1,1.0,1,0.20370174718144712,61
4078,1,5409,2939,2470,0,0,0,1.0,1,1.0,1,1.0,1,0.21273335931509105,60
4079,0,5409,2939,2470,0,0,0,1.0,1,1.0,1,1.0,1,0.22938966164943192,58
4080,1,5410,2940,2470,0,0,0,1.0,1,1.0,1,1.0,1,0.23542175750070513,56
4081,3,5413,2941,2472,0,0,0,1.0,1,1.0,1,1.0,1,0.21346193934720187,56
4082,1,5414,2941,2473,0,0,0,1.0,1,1.0,1,1.0,1,0.22173649411901614,55
4083,0,5414,2941,2473,0,0,0,1.0,1,1.0,1,1.0,1,0.22173649411901614,55
4084,1,5415,2942,2473,0,0,0,1.0,1,1.0,1,1.0,1,0.2345159286349683,55
4085,3,5418,2943,2475,0,0,0,1.0,1,1.0,1,1.0,1,0.22308355671323044,56
4086,2,5420,2944,2476,0,0,0,1.0,1,1.0,1,1.0,1,0.22529632992048626,57
4087,1,5421,2945,2476,0,0,0,1.0,1,1.0,1,1.0,1,0.2241012627354198,57
4088,1,5422,2945,2477,0,0,0,1.0,1,1.0,1,1.0,1,0.21774111309818692,57
4089,0,5422,2945,2477,0,0,0,1.0,1,1.0,1,1.0,1,0.24108532262727178,56
4090,1,5423,2946,2477,0,0,0,1.0,1,1.0,1,1.0,1,0.26747783314131973,56
4091,2,5425,2946,2479,0,0,0,1.0,1,1.0,1,1.0,1,0.2617569405864437,56
4092,2,5427,2946,2481,0,0,0,1.0,1,1.0,1,1.0,1,0.23793805252248557,57
4093,6,5433,2946,2487,0,0,0,1.0,1,1.0,1,1.0,1,0.17064206014333624,58
4094,1,5434,2946,2488,0,0,0,1.0,1,1.0,1,1.0,1,0.15291833718346443,57
4095,1,5435,2946,2489,0,0,0,1.0,1,1.0,1,1.0,1,0.14485026620413846,57
4096,0,5435,2946,2489,0,0,0,1.0,1,1.0,1,1.0,1,0.14886869683197018,59
4097,3,5438,2946,2492,0,0,0,1.0,1,1.0,1,1.0,1,0.12738622674075717,59
4098,0,5438,2946,2492,0,0,0,1.0,1,1.0,1,1.0,1,0.12738622674075717,59
4099,3,5441,2948,2493,0,0,0,1.0,1,1.0,1,1.0,1,0.08995836093787475,60
4100,0,5441,2948,2493,0,0,0,1.0,1,1.0,1,1.0,1,0.08995836093787475,60
4101,1,5442,2949,2493,0,0,0,1.0,1,1.0,1,1.0,1,0.10929059647078085,60
4102,3,5445,2952,2493,0,0,0,1.0,1,1.0,1,1.0,1,0.1674138901044618,60
4103,2,5447,2953,2494,0,0,0,1.0,1,1.0,1,1.0,1,0.1989350570868264,58
4104,3,5450,2954,2496,0,0,0,1.0,1,1.0,1,1.0,1,0.16454979195034763,60
4105,2,5452,2954,2498,0,0,0,1.0,1,1.0,1,1.0,1,0.14286717518499384,59
4106,2,5454,2955,2499,0,0,0,1.0,1,1.0,1,1.0,1,0.14843338196716446,61
4107,0,5454,2955,2499,0,0,0,1.0,1,1.0,1,1.0,1,0.15122217159354226,59
4108,1,5455,2956,2499,0,0,0,1.0,1,1.0,1,1.0,1,0.1456088109629639,60
4109,1,5456,2956,2500,0,0,0,1.0,1,1.0,1,1.0,1,0.13354750334201307,59
4110,1,5457,2957,2500,0,0,0,1.0,1,1.0,1,1.0,1,0.12785446523323385,60
4111,0,5457,2957,2500,0,0,0,1.0,1,1.0,1,1.0,1,0.14838709002037834,61
4112,1,5458,2958,2500,0,0,0,1.0,1,1.0,1,1.0,1,0.15974801653556508,60
4113,3,5461,2958,2503,0,0,0,1.0,1,1.0,1,1.0,1,0.09534489785671951,61
4114,0,5461,2958,2503,0,0,0,1.0,1,1.0,1,1.0,1,0.08335538358856497,62
4115,2,5463,2958,2505,0,0,0,1.0,1,1.0,1,1.0,1,0.10137552302687751,60
4116,0,5463,2958,2505,0,0,0,1.0,1,1.0,1,1.0,1,0.09865305702374,59
4117,4,5467,2960,2507,0,0,0,1.0,1,1.0,1,1.0,1,0.09433863156023058,56
4118,0,5467,2960,2507,0,0,0,1.0,1,1.0,1,1.0,1,0.11364946721942876,55
4119,1,5468,2961,2507,0,0,0,1.0,1,1.0,1,1.0,1,0.14163208043238215,53
4120,2,5470,2963,2507,0,0,0,1.0,1,1.0,1,1.0,1,0.13921046679021828,52
4121,6,5476,2969,2507,0,0,0,1.0,1,1.0,1,1.0,1,0.11526332464113231,53
4122,1,5477,2970,2507,0,0,0,1.0,1,1.0,1,1.0,1,0.14659523710027061,52
4123,4,5481,2973,2508,0,0,0,1.0,1,1.0,1,1.0,1,0.1596703440161498,51
4124,0,5481,2973,2508,0,0,0,1.0,1,1.0,1,1.0,1,0.15537362717619566,51
4125,3,5484,2974,2510,0,0,0,1.0,1,1.0,1,1.0,1,0.14974205698850282,50
4126,2,5486,2975,2511,0,0,0,1.0,1,1.0,1,1.0,1,0.16549713394579418,50
4127,1,5487,2976,2511,0,0,0,1.0,1,1.0,1,1.0,1,0.17297926832852045,49
4128,0,5487,2976,2511,0,0,0,1.0,1,1.0,1,1.0,1,0.17297926832852045,49
4129,1,5488,2976,2512,0,0,0,1.0,1,1.0,1,1.0,1,0.16433652051822686,49
4130,1,5489,2977,2512,0,0,0,1.0,1,1.0,1,1.0,1,0.14288526321807227,50
4131,2,5491,2979,2512,0,0,0,1.0,1,1.0,1,1.0,1,0.1791588515173602,50
4132,1,5492,2979,2513,0,0,0,1.0,1,1.0,1,1.0,1,0.15180087602660072,50
4133,3,5495,2982,2513,0,0,0,1.0,1,1.0,1,1.0,1,0.15065541112031972,51
4134,2,5497,2984,2513,0,0,0,1.0,1,1.0,1,1.0,1,0.14876336229979137,53
4135,1,5498,2985,2513,0,0,0,1.0,1,1.0,1,1.0,1,0.16716415958331746,54
4136,0,5498,2985,2513,0,0,0,1.0,1,1.0,1,1.0,1,0.16716415958331746,54
4137,1,5499,2986,2513,0,0,0,1.0,1,1.0,1,1.0,1,0.1431999192358932,55
4138,1,5500,2987,2513,0,0,0,1.0,1,1.0,1,1.0,1,0.15921495637543426,54
4139,1,5501,2988,2513,0,0,0,1.0,1,1.0,1,1.0,1,0.17701867937927096,54
4140,0,5501,2988,2513,0,0,0,1.0,1,1.0,1,1.0,1,0.15969803800874685,55
4141,0,5501,2988,2513,0,0,0,1.0,1,1.0,1,1.0,1,0.16002045935309803,55
4142,0,5501,2988,2513,0,0,0,1.0,1,1.0,1,1.0,1,0.16002045935309803,55
4143,2,5503,2988,2515,0,0,0,1.0,1,1.0,1,1.0,1,0.1346193951967137,53
4144,0,5503,2988,2515,0,0,0,1.0,1,1.0,1,1.0,1,0.15418416666067533,52
4145,2,5505,2988,2517,0,0,0,1.0,1,1.0,1,1.0,1,0.1344462746657881,51
4146,4,5509,2991,2518,0,0,0,1.0,1,1.0,1,1.0,1,0.15077540875625403,51
4147,2,5511,2992,2519,0,0,0,1.0,1,1.0,1,1.0,1,0.14800142337973005,50
4148,1,5512,2993,2519,0,0,0,1.0,1,1.0,1,1.0,1,0.17542883700839915,52
4149,0,5512,2993,2519,0,0,0,1.0,1,1.0,1,1.0,1,0.1554206457748603,53
4150,2,5514,2995,2519,0,0,0,1.0,1,1.0,1,1.0,1,0.17516327684424546,53
4151,1,5515,2996,2519,0,0,0,1.0,1,1.0,1,1.0,1,0.18184234608660826,53
4152,1,5516,2997,2519,0,0,0,1.0,1,1.0,1,1.0,1,0.1698383669642978,54
4153,2,5518,2999,2519,0,0,0,1.0,1,1.0,1,1.0,1,0.1962609123264006,51
4154,2,5520,2999,2521,0,0,0,1.0,1,1.0,1,1.0,1,0.1468816603145461,51
4155,2,5522,3001,2521,0,0,0,1.0,1,1.0,1,1.0,1,0.1706649075211903,51
4156,7,5529,3005,2524,0,0,0,1.0,1,1.0,1,1.0,1,0.18677457752560186,52
4157,1,5530,3005,2525,0,0,0,1.0,1,1.0,1,1.0,1,0.16441495616438515,52
4158,1,5531,3006,2525,0,0,0,1.0,1,1.0,1,1.0,1,0.18342746179317934,52
4159,2,5533,3008,2525,0,0,0,1.0,1,1.0,1,1.0,1,0.19030125585201785,52
4160,4,5537,3012,2525,0,0,0,1.0,1,1.0,1,1.0,1,0.22794575865120514,50
4161,2,5539,3013,2526,0,0,0,1.0,1,1.0,1,1.0,1,0.2400100036156399,50
4162,1,5540,3014,2526,0,0,0,1.0,1,1.0,1,1.0,1,0.2599095118457302,51
4163,2,5542,3015,2527,0,0,0,1.0,1,1.0,1,1.0,1,0.2407231276959775,48
4164,2,5544,3017,2527,0,0,0,1.0,1,1.0,1,1.0,1,0.2586086655387187,50
4165,4,5548,3017,2531,0,0,0,1.0,1,1.0,1,1.0,1,0.20853114104807915,49
4166,2,5550,3018,2532,0,0,0,1.0,1,1.0,1,1.0,1,0.2053456764248482,50
4167,0,5550,3018,2532,0,0,0,1.0,1,1.0,1,1.0,1,0.2055583720374316,50
4168,1,5551,3018,2533,0,0,0,1.0,1,1.0,1,1.0,1,0.20338624190375876,50
4169,1,5552,3018,2534,0,0,0,1.0,1,1.0,1,1.0,1,0.1923349085375172,51
4170,0,5552,3018,2534,0,0,0,1.0,1,1.0,1,1.0,1,0.210405138108431,50
4171,3,5555,3020,2535,0,0,0,1.0,1,1.0,1,1.0,1,0.22411441209826083,50
4172,0,5555,3020,2535,0,0,0,1.0,1,1.0,1,1.0,1,0.23851270058820548,49
4173,4,5559,3020,2539,0,0,0,1.0,1,1.0,1,1.0,1,0.20012839237031502,48
4174,2,5561,3021,2540,0,0,0,1.0,1,1.0,1,1.0,1,0.2070049245442829,48
4175,2,5563,3021,2542,0,0,0,1.0,1,1.0,1,1.0,1,0.18066116022449152,48
4176,1,5564,3021,2543,0,0,0,1.0,1,1.0,1,1.0,1,0.16973861447649324,50
4177,2,5566,3021,2545,0,0,0,1.0,1,1.0,1,1.0,1,0.13682936646468036,52
4178,1,5567,3022,2545,0,0,0,1.0,1,1.0,1,1.0,1,0.14518460392317442,53
4179,1,5568,3022,2546,0,0,0,1.0,1,1.0,1,1.0,1,0.13260451912021187,54
4180,0,5568,3022,2546,0,0,0,1.0,1,1.0,1,1.0,1,0.13415147223870563,55
4181,2,5570,3022,2548,0,0,0,1.0,1,1.0,1,1.0,1,0.09725039155476688,56
4182,0,5570,3022,2548,0,0,0,1.0,1,1.0,1,1.0,1,0.09725039155476688,56
4183,3,5573,3023,2550,0,0,0,1.0,1,1.0,1,1.0,1,0.08387918122881037,57
4184,1,5574,3023,2551,0,0,0,1.0,1,1.0,1,1.0,1,0.08591649345469232,57
4185,0,5574,3023,2551,0,0,0,1.0,1,1.0,1,1.0,1,0.08630627875692148,54
4186,2,5576,3024,2552,0,0,0,1.0,1,1.0,1,1.0,1,0.1043055452978996,55
4187,0,5576,3024,2552,0,0,0,1.0,1,1.0,1,1.0,1,0.10853081822023714,53
4188,1,5577,3024,2553,0,0,0,1.0,1,1.0,1,1.0,1,0.09027493911897869,53
4189,1,5578,3024,2554,0,0,0,1.0,1,1.0,1,1.0,1,0.057903378003284545,53
4190,3,5581,3027,2554,0,0,0,1.0,1,1.0,1,1.0,1,0.08877674556647909,53
4191,1,5582,3028,2554,0,0,0,1.0,1,1.0,1,1.0,1,0.09717674724472168,51
4192,4,5586,3031,2555,0,0,0,1.0,1,1.0,1,1.0,1,0.09427408433841329,51
4193,2,5588,3033,2555,0,0,0,1.0,1,1.0,1,1.0,1,0.09494640213227394,50
4194,1,5589,3034,2555,0,0,0,1.0,1,1.0,1,1.0,1,0.10770374652137334,50
4195,2,5591,3035,2556,0,0,0,1.0,1,1.0,1,1.0,1,0.11323605763294944,50
4196,2,5593,3037,2556,0,0,0,1.0,1,1.0,1,1.0,1,0.1126141304997088,51
4197,3,5596,3038,2558,0,0,0,1.0,1,1.0,1,1.0,1,0.1114944881655987,50
4198,1,5597,3039,2558,0,0,0,1.0,1,1.0,1,1.0,1,0.13109123638085995,48
4199,1,5598,3039,2559,0,0,0,1.0,1,1.0,1,1.0,1,0.16210102637616824,48
4200,0,5598,3039,2559,0,0,0,1.0,1,1.0,1,1.0,1,0.17430861575648723,48
4201,2,5600,3040,2560,0,0,0,1.0,1,1.0,1,1.0,1,0.20371041856020194,47
4202,0,5600,3040,2560,0,0,0,1.0,1,1.0,1,1.0,1,0.20371041856020194,47
4203,0,5600,3040,2560,0,0,0,1.0,1,1.0,1,1.0,1,0.20371041856020194,47
4204,3,5603,3042,2561,0,0,0,1.0,1,1.0,1,1.0,1,0.2378914051941325,48
4205,1,5604,3042,2562,0,0,0,1.0,1,1.0,1,1.0,1,0.2040147889717411,49
4206,1,5605,3043,2562,0,0,0,1.0,1,1.0,1,1.0,1,0.2361797973603601,49
4207,0,5605,3043,2562,0,0,0,1.0,1,1.0,1,1.0,1,0.225470906851085,48
4208,4,5609,3045,2564,0,0,0,1.0,1,1.0,1,1.0,1,0.20426676453883144,49
4209,3,5612,3047,2565,0,0,0,1.0,1,1.0,1,1.0,1,0.21274590709676472,51
4210,2,5614,3048,2566,0,0,0,1.0,1,1.0,1,1.0,1,0.2291385686200853,52
4211,2,5616,3049,2567,0,0,0,1.0,1,1.0,1,1.0,1,0.22407529727554887,53
4212,1,5617,3049,2568,0,0,0,1.0,1,1.0,1,1.0,1,0.18690813969464506,53
4213,0,5617,3049,2568,0,0,0,1.0,1,1.0,1,1.0,1,0.18775933246739387,54
4214,1,5618,3050,2568,0,0,0,1.0,1,1.0,1,1.0,1,0.19489153149373678,54
4215,0,5618,3050,2568,0,0,0,1.0,1,1.0,1,1.0,1,0.19489153149373678,54
4216,1,5619,3050,2569,0,0,0,1.0,1,1.0,1,1.0,1,0.19100214220969675,53
4217,1,5620,3051,2569,0,0,0,1.0,1,1.0,1,1.0,1,0.21657107147139135,54
4218,3,5623,3052,2571,0,0,0,1.0,1,1.0,1,1.0,1,0.22416836559674497,53
4219,0,5623,3052,2571,0,0,0,1.0,1,1.0,1,1.0,1,0.22416836559674497,53
4220,0,5623,3052,2571,0,0,0,1.0,1,1.0,1,1.0,1,0.23151376312896257,53
4221,1,5624,3053,2571,0,0,0,1.0,1,1.0,1,1.0,1,0.2509859025803543,54
4222,3,5627,3055,2572,0,0,0,1.0,1,1.0,1,1.0,1,0.27466119067679373,55
4223,0,5627,3055,2572,0,0,0,1.0,1,1.0,1,1.0,1,0.2803630440733424,56
4224,0,5627,3055,2572,0,0,0,1.0,1,1.0,1,1.0,1,0.28110209164905864,55
4225,2,5629,3056,2573,0,0,0,1.0,1,1.0,1,1.0,1,0.259254914807686,53
4226,1,5630,3057,2573,0,0,0,1.0,1,1.0,1,1.0,1,0.28096608363844355,54
4227,0,5630,3057,2573,0,0,0,1.0,1,1.0,1,1.0,1,0.28195353582971605,52
4228,1,5631,3058,2573,0,0,0,1.0,1,1.0,1,1.0,1,0.2702785283130592,51
4229,1,5632,3059,2573,0,0,0,1.0,1,1.0,1,1.0,1,0.28314917817504726,48
4230,2,5634,3060,2574,0,0,0,1.0,1,1.0,1,1.0,1,0.2654857871298702,48
4231,1,5635,3061,2574,0,0,0,1.0,1,1.0,1,1.0,1,0.25305763968308975,48
4232,1,5636,3062,2574,0,0,0,1.0,1,1.0,1,1.0,1,0.23136219984316755,48
4233,1,5637,3062,2575,0,0,0,1.0,1,1.0,1,1.0,1,0.18084358744069806,48
4234,0,5637,3062,2575,0,0,0,1.0,1,1.0,1,1.0,1,0.17395490812287867,49
4235,0,5637,3062,2575,0,0,0,1.0,1,1.0,1,1.0,1,0.1695617867485915,47
4236,1,5638,3062,2576,0,0,0,1.0,1,1.0,1,1.0,1,0.12662981105858057,47
4237,1,5639,3062,2577,0,0,0,1.0,1,1.0,1,1.0,1,0.10150714640020003,48
4238,0,5639,3062,2577,0,0,0,1.0,1,1.0,1,1.0,1,0.11711004062055967,47
4239,0,5639,3062,2577,0,0,0,1.0,1,1.0,1,1.0,1,0.12073231477045078,48
4240,1,5640,3063,2577,0,0,0,1.0,1,1.0,1,1.0,1,0.12038641322361968,47
4241,2,5642,3063,2579,0,0,0,1.0,1,1.0,1,1.0,1,0.08459430820452664,49
4242,0,5642,3063,2579,0,0,0,1.0,1,1.0,1,1.0,1,0.0829948187513498,49
4243,2,5644,3064,2580,0,0,0,1.0,1,1.0,1,1.0,1,0.056901473560506954,50
4244,1,5645,3064,2581,0,0,0,1.0,1,1.0,1,1.0,1,0.0596709875953931,51
4245,1,5646,3064,2582,0,0,0,1.0,1,1.0,1,1.0,1,0.06472132999205449,51
4246,0,5646,3064,2582,0,0,0,1.0,1,1.0,1,1.0,1,0.06472132999205449,51
4247,1,5647,3064,2583,0,0,0,1.0,1,1.0,1,1.0,1,0.04692801135564115,52
4248,0,5647,3064,2583,0,0,0,1.0,1,1.0,1,1.0,1,0.04692801135564115,52
4249,0,5647,3064,2583,0,0,0,1.0,1,1.0,1,1.0,1,0.04692801135564115,52
4250,3,5650,3067,2583,0,0,0,1.0,1,1.0,1,1.0,1,0.1077422092106127,52
4251,5,5655,3071,2584,0,0,0,1.0,1,1.0,1,1.0,1,0.09761149018899191,53
4252,5,5660,3075,2585,0,0,0,1.0,1,1.0,1,1.0,1,0.13496798505135219,53
4253,5,5665,3077,2588,0,0,0,1.0,1,1.0,1,1.0,1,0.07997704064037738,54
4254,3,5668,3079,2589,0,0,0,1.0,1,1.0,1,1.0,1,0.08654292926642164,54
4255,1,5669,3080,2589,0,0,0,1.0,1,1.0,1,1.0,1,0.11554210396742706,55
4256,1,5670,3080,2590,0,0,0,1.0,1,1.0,1,1.0,1,0.0839277454908131,57
4257,1,5671,3080,2591,0,0,0,1.0,1,1.0,1,1.0,1,0.07519076250626802,57
4258,0,5671,3080,2591,0,0,0,1.0,1,1.0,1,1.0,1,0.08290007635365151,57
4259,0,5671,3080,2591,0,0,0,1.0,1,1.0,1,1.0,1,0.08290007635365151,57
4260,2,5673,3081,2592,0,0,0,1.0,1,1.0,1,1.0,1,0.08352222620459128,58
4261,3,5676,3082,2594,0,0,0,1.0,1,1.0,1,1.0,1,0.07270482251997375,59
4262,1,5677,3082,2595,0,0,0,1.0,1,1.0,1,1.0,1,0.05579084288267625,60
4263,0,5677,3082,2595,0,0,0,1.0,1,1.0,1,1.0,1,0.052180681665183214,59
4264,0,5677,3082,2595,0,0,0,1.0,1,1.0,1,1.0,1,0.048769310787349814,58
4265,1,5678,3083,2595,0,0,0,1.0,1,1.0,1,1.0,1,0.0405582775894186,58
4266,1,5679,3084,2595,0,0,0,1.0,1,1.0,1,1.0,1,0.04016520215733597,58
4267,0,5679,3084,2595,0,0,0,1.0,1,1.0,1,1.0,1,0.04915675842023008,55
4268,0,5679,3084,2595,0,0,0,1.0,1,1.0,1,1.0,1,0.04915675842023008,55
4269,3,5682,3086,2596,0,0,0,1.0,1,1.0,1,1.0,1,0.0673088110413874,50
4270,0,5682,3086,2596,0,0,0,1.0,1,1.0,1,1.0,1,0.08401529007547956,47
4271,2,5684,3088,2596,0,0,0,1.0,1,1.0,1,1.0,1,0.1267281412759729,47
4272,0,5684,3088,2596,0,0,0,1.0,1,1.0,1,1.0,1,0.1155563341825363,46
4273,6,5690,3090,2600,0,0,0,1.0,1,1.0,1,1.0,1,0.10144843393519326,47
4274,2,5692,3092,2600,0,0,0,1.0,1,1.0,1,1.0,1,0.07948262558720987,45
4275,4,5696,3096,2600,0,0,0,1.0,1,1.0,1,1.0,1,0.14081923011654945,44
4276,3,5699,3099,2600,0,0,0,1.0,1,1.0,1,1.0,1,0.22304429861527672,43
4277,9,5708,3102,2606,0,0,0,1.0,1,1.0,1,1.0,1,0.1304448985255774,42
4278,4,5712,3103,2609,0,0,0,1.0,1,1.0,1,1.0,1,0.09151205298510448,43
4279,2,5714,3105,2609,0,0,0,1.0,1,1.0,1,1.0,1,0.19377038432346685,42
4280,5,5719,3107,2612,0,0,0,1.0,1,1.0,1,1.0,1,0.16355571092645058,44
4281,4,5723,3108,2615,0,0,0,1.0,1,1.0,1,1.0,1,0.09890797762671791,44
4282,1,5724,3108,2616,0,0,0,1.0,1,1.0,1,1.0,1,0.07476596789432277,44
4283,0,5724,3108,2616,0,0,0,1.0,1,1.0,1,1.0,1,0.05226024775602981,45
4284,0,5724,3108,2616,0,0,0,1.0,1,1.0,1,1.0,1,0.05226024775602981,45
4285,0,5724,3108,2616,0,0,0,1.0,1,1.0,1,1.0,1,0.025247373346565974,47
4286,2,5726,3110,2616,0,0,0,1.0,1,1.0,1,1.0,1,0.058455959835712175,47
4287,2,5728,3111,2617,0,0,0,1.0,1,1.0,1,1.0,1,0.02573790982877169,49
4288,0,5728,3111,2617,0,0,0,1.0,1,1.0,1,1.0,1,0.02573790982877169,49
4289,2,5730,3113,2617,0,0,0,1.0,1,1.0,1,1.0,1,0.01942066294308523,50
4290,1,5731,3114,2617,0,0,0,1.0,1,1.0,1,1.0,1,0.025967603013406802,51
4291,1,5732,3115,2617,0,0,0,1.0,1,1.0,1,1.0,1,0.02187164205595445,50
4292,2,5734,3117,2617,0,0,0,1.0,1,1.0,1,1.0,1,0.04699346269730561,51
4293,0,5734,3117,2617,0,0,0,1.0,1,1.0,1,1.0,1,0.0338244763965927,51
4294,0,5734,3117,2617,0,0,0,1.0,1,1.0,1,1.0,1,0.03541999650856014,50
4295,0,5734,3117,2617,0,0,0,1.0,1,1.0,1,1.0,1,0.04245828488086431,50
4296,0,5734,3117,2617,0,0,0,1.0,1,1.0,1,1.0,1,0.054663698638525625,49
4297,1,5735,3117,2618,0,0,0,1.0,1,1.0,1,1.0,1,0.038435899511517706,49
4298,0,5735,3117,2618,0,0,0,1.0,1,1.0,1,1.0,1,0.038435899511517706,49
4299,0,5735,3117,2618,0,0,0,1.0,1,1.0,1,1.0,1,0.04985447054183641,48
4300,1,5736,3118,2618,0,0,0,1.0,1,1.0,1,1.0,1,0.008845012112906635,49
4301,1,5737,3119,2618,0,0,0,1.0,1,1.0,1,1.0,1,0.024219843840182095,50
4302,0,5737,3119,2618,0,0,0,1.0,1,1.0,1,1.0,1,0.023406877121706696,51
4303,1,5738,3120,2618,0,0,0,1.0,1,1.0,1,1.0,1,0.06509473697322438,51
4304,0,5738,3120,2618,0,0,0,1.0,1,1.0,1,1.0,1,0.0796088622202566,51
4305,6,5744,3125,2619,0,0,0,1.0,1,1.0,1,1.0,1,0.07746938069318737,49
4306,2,5746,3126,2620,0,0,0,1.0,1,1.0,1,1.0,1,0.06759170622863218,49
4307,4,5750,3130,2620,0,0,0,1.0,1,1.0,1,1.0,1,0.11893037118928522,46
4308,3,5753,3131,2622,0,0,0,1.0,1,1.0,1,1.0,1,0.09883743208959166,44
4309,6,5759,3134,2625,0,0,0,1.0,1,1.0,1,1.0,1,0.06868556770446878,44
4310,0,5759,3134,2625,0,0,0,1.0,1,1.0,1,1.0,1,0.09049641168086033,42
4311,3,5762,3136,2626,0,0,0,1.0,1,1.0,1,1.0,1,0.08876432726079196,42
4312,0,5762,3136,2626,0,0,0,1.0,1,1.0,1,1.0,1,0.12993201850980735,40
4313,2,5764,3137,2627,0,0,0,1.0,1,1.0,1,1.0,1,0.08419933442635356,40
4314,2,5766,3139,2627,0,0,0,1.0,1,1.0,1,1.0,1,0.10128418987558296,36
4315,1,5767,3140,2627,0,0,0,1.0,1,1.0,1,1.0,1,0.08935212405635683,37
4316,2,5769,3142,2627,0,0,0,1.0,1,1.0,1,1.0,1,0.07610279398741329,37
4317,1,5770,3142,2628,0,0,0,1.0,1,1.0,1,1.0,1,0.06893964357082348,36
4318,1,5771,3143,2628,0,0,0,1.0,1,1.0,1,1.0,1,0.08327743656801032,34
4319,1,5772,3144,2628,0,0,0,1.0,1,1.0,1,1.0,1,0.09040956117549413,34
4320,0,5772,3144,2628,0,0,0,1.0,1,1.0,1,1.0,1,0.09040956117549413,34
4321,2,5774,3145,2629,0,0,0,1.0,1,1.0,1,1.0,1,0.11849202970197019,35
4322,0,5774,3145,2629,0,0,0,1.0,1,1.0,1,1.0,1,0.11849202970197019,35
4323,1,5775,3146,2629,0,0,0,1.0,1,1.0,1,1.0,1,0.1755734986462998,35
4324,0,5775,3146,2629,0,0,0,1.0,1,1.0,1,1.0,1,0.20186007875174947,34
4325,4,5779,3148,2631,0,0,0,1.0,1,1.0,1,1.0,1,0.16079699119212892,34
4326,1,5780,3148,2632,0,0,0,1.0,1,1.0,1,1.0,1,0.16146031284734455,36
4327,0,5780,3148,2632,0,0,0,1.0,1,1.0,1,1.0,1,0.17908389823720072,35
4328,1,5781,3149,2632,0,0,0,1.0,1,1.0,1,1.0,1,0.16689188687387052,35
4329,3,5784,3150,2634,0,0,0,1.0,1,1.0,1,1.0,1,0.09780651479674954,38
4330,2,5786,3152,2634,0,0,0,1.0,1,1.0,1,1.0,1,0.13268567234897907,38
4331,0,5786,3152,2634,0,0,0,1.0,1,1.0,1,1.0,1,0.12439935976731424,39
4332,1,5787,3152,2635,0,0,0,1.0,1,1.0,1,1.0,1,0.15469035267991285,40
4333,0,5787,3152,2635,0,0,0,1.0,1,1.0,1,1.0,1,0.135757220370983,41
4334,2,5789,3152,2637,0,0,0,1.0,1,1.0,1,1.0,1,0.09492496405853895,41
4335,3,5792,3154,2638,0,0,0,1.0,1,1.0,1,1.0,1,0.05444955816128364,42
4336,0,5792,3154,2638,0,0,0,1.0,1,1.0,1,1.0,1,0.06674434503080325,43
4337,0,5792,3154,2638,0,0,0,1.0,1,1.0,1,1.0,1,0.06166345057109555,44
4338,0,5792,3154,2638,0,0,0,1.0,1,1.0,1,1.0,1,0.06166345057109555,44
4339,1,5793,3154,2639,0,0,0,1.0,1,1.0,1,1.0,1,0.0514869703899695,46
4340,2,5795,3155,2640,0,0,0,1.0,1,1.0,1,1.0,1,0.03770306124439076,47
4341,2,5797,3157,2640,0,0,0,1.0,1,1.0,1,1.0,1,0.05432769943250693,47
4342,0,5797,3157,2640,0,0,0,1.0,1,1.0,1,1.0,1,0.05432769943250693,47
4343,1,5798,3158,2640,0,0,0,1.0,1,1.0,1,1.0,1,0.05351128172484417,42
4344,2,5800,3160,2640,0,0,0,1.0,1,1.0,1,1.0,1,0.07273081840877232,42
4345,0,5800,3160,2640,0,0,0,1.0,1,1.0,1,1.0,1,0.09275465961332689,39
4346,1,5801,3161,2640,0,0,0,1.0,1,1.0,1,1.0,1,0.0667560898181858,37
4347,1,5802,3162,2640,0,0,0,1.0,1,1.0,1,1.0,1,0.12614365497144026,37
4348,3,5805,3164,2641,0,0,0,1.0,1,1.0,1,1.0,1,0.20224593745176458,38
4349,1,5806,3164,2642,0,0,0,1.0,1,1.0,1,1.0,1,0.18529132040040575,36
4350,2,5808,3166,2642,0,0,0,1.0,1,1.0,1,1.0,1,0.24615742591140552,37
4351,0,5808,3166,2642,0,0,0,1.0,1,1.0,1,1.0,1,0.2229070126587392,35
4352,0,5808,3166,2642,0,0,0,1.0,1,1.0,1,1.0,1,0.2511230677478803,34
4353,4,5812,3166,2646,0,0,0,1.0,1,1.0,1,1.0,1,0.15027063233591353,34
4354,0,5812,3166,2646,0,0,0,1.0,1,1.0,1,1.0,1,0.14484389493263053,32
4355,1,5813,3167,2646,0,0,0,1.0,1,1.0,1,1.0,1,0.16414614144047443,32
4356,3,5816,3169,2647,0,0,0,1.0,1,1.0,1,1.0,1,0.13786986865302994,34
4357,2,5818,3169,2649,0,0,0,1.0,1,1.0,1,1.0,1,0.06887145525788003,35
4358,2,5820,3171,2649,0,0,0,1.0,1,1.0,1,1.0,1,0.0850369145980346,35
4359,2,5822,3172,2650,0,0,0,1.0,1,1.0,1,1.0,1,0.12212487512988526,37
4360,1,5823,3172,2651,0,0,0,1.0,1,1.0,1,1.0,1,0.126309368406983,38
4361,0,5823,3172,2651,0,0,0,1.0,1,1.0,1,1.0,1,0.09729890624515534,39
4362,2,5825,3174,2651,0,0,0,1.0,1,1.0,1,1.0,1,0.11772469154113936,38
4363,2,5827,3175,2652,0,0,0,1.0,1,1.0,1,1.0,1,0.08162140641045376,38
4364,2,5829,3176,2653,0,0,0,1.0,1,1.0,1,1.0,1,0.02369206909202095,39
4365,0,5829,3176,2653,0,0,0,1.0,1,1.0,1,1.0,1,0.02369206909202095,39
4366,1,5830,3177,2653,0,0,0,1.0,1,1.0,1,1.0,1,0.02043332583717767,39
4367,1,5831,3178,2653,0,0,0,1.0,1,1.0,1,1.0,1,0.023028991369253474,41
4368,1,5832,3179,2653,0,0,0,1.0,1,1.0,1,1.0,1,0.06833433947741518,41
4369,0,5832,3179,2653,0,0,0,1.0,1,1.0,1,1.0,1,0.05523530919817073,42
4370,0,5832,3179,2653,0,0,0,1.0,1,1.0,1,1.0,1,0.05523530919817073,42
4371,0,5832,3179,2653,0,0,0,1.0,1,1.0,1,1.0,1,0.04795238761761597,43
4372,0,5832,3179,2653,0,0,0,1.0,1,1.0,1,1.0,1,0.04795238761761597,43
4373,0,5832,3179,2653,0,0,0,1.0,1,1.0,1,1.0,1,0.04795238761761597,43
4374,0,5832,3179,2653,0,0,0,1.0,1,1.0,1,1.0,1,0.04708289314208461,44
4375,5,5837,3182,2655,0,0,0,1.0,1,1.0,1,1.0,1,0.1357155924254891,45
4376,1,5838,3182,2656,0,0,0,1.0,1,1.0,1,1.0,1,0.1231927892346531,46
4377,6,5844,3187,2657,0,0,0,1.0,1,1.0,1,1.0,1,0.1787138341377434,47
4378,1,5845,3187,2658,0,0,0,1.0,1,1.0,1,1.0,1,0.15181915164500706,49
4379,4,5849,3190,2659,0,0,0,1.0,1,1.0,1,1.0,1,0.14004682849328212,51
4380,0,5849,3190,2659,0,0,0,1.0,1,1.0,1,1.0,1,0.12825888990623352,50
4381,2,5851,3191,2660,0,0,0,1.0,1,1.0,1,1.0,1,0.12595427910306403,49
4382,3,5854,3194,2660,0,0,0,1.0,1,1.0,1,1.0,1,0.1768809053476945,47
4383,1,5855,3194,2661,0,0,0,1.0,1,1.0,1,1.0,1,0.17018097912977223,47
4384,0,5855,3194,2661,0,0,0,1.0,1,1.0,1,1.0,1,0.20214594386897428,44
4385,2,5857,3195,2662,0,0,0,1.0,1,1.0,1,1.0,1,0.17360448525007557,42
4386,2,5859,3195,2664,0,0,0,1.0,1,1.0,1,1.0,1,0.2048343624159294,41
4387,2,5861,3197,2664,0,0,0,1.0,1,1.0,1,1.0,1,0.20263790425232853,39
4388,0,5861,3197,2664,0,0,0,1.0,1,1.0,1,1.0,1,0.20263790425232853,39
4389,4,5865,3199,2666,0,0,0,1.0,1,1.0,1,1.0,1,0.14750519151119712,38
4390,1,5866,3199,2667,0,0,0,1.0,1,1.0,1,1.0,1,0.10093810105027402,38
4391,0,5866,3199,2667,0,0,0,1.0,1,1.0,1,1.0,1,0.10176625439203336,39
4392,0,5866,3199,2667,0,0,0,1.0,1,1.0,1,1.0,1,0.10176625439203336,39
4393,3,5869,3200,2669,0,0,0,1.0,1,1.0,1,1.0,1,0.09850283112141296,40
4394,0,5869,3200,2669,0,0,0,1.0,1,1.0,1,1.0,1,0.08428070534961209,39
4395,0,5869,3200,2669,0,0,0,1.0,1,1.0,1,1.0,1,0.08428070534961209,39
4396,1,5870,3201,2669,0,0,0,1.0,1,1.0,1,1.0,1,0.08166120765215634,39
4397,1,5871,3201,2670,0,0,0,1.0,1,1.0,1,1.0,1,0.08481468597516563,38
4398,1,5872,3201,2671,0,0,0,1.0,1,1.0,1,1.0,1,0.05806238207341589,39
4399,0,5872,3201,2671,0,0,0,1.0,1,1.0,1,1.0,1,0.07102844305879898,42
4400,0,5872,3201,2671,0,0,0,1.0,1,1.0,1,1.0,1,0.06442679702008279,43
4401,0,5872,3201,2671,0,0,0,1.0,1,1.0,1,1.0,1,0.05144495554209748,44
4402,0,5872,3201,2671,0,0,0,1.0,1,1.0,1,1.0,1,0.05144495554209748,44
4403,0,5872,3201,2671,0,0,0,1.0,1,1.0,1,1.0,1,0.03904043887561463,45
4404,0,5872,3201,2671,0,0,0,1.0,1,1.0,1,1.0,1,0.03904043887561463,45
4405,0,5872,3201,2671,0,0,0,1.0,1,1.0,1,1.0,1,0.04107059760254611,46
4406,1,5873,3202,2671,0,0,0,1.0,1,1.0,1,1.0,1,0.08041821078142915,46
4407,1,5874,3203,2671,0,0,0,1.0,1,1.0,1,1.0,1,0.11169022862318459,46
4408,0,5874,3203,2671,0,0,0,1.0,1,1.0,1,1.0,1,0.10493028444162941,47
4409,2,5876,3204,2672,0,0,0,1.0,1,1.0,1,1.0,1,0.12794070986361833,48
4410,1,5877,3204,2673,0,0,0,1.0,1,1.0,1,1.0,1,0.11742622385484318,48
4411,1,5878,3204,2674,0,0,0,1.0,1,1.0,1,1.0,1,0.09587667674295397,50
4412,1,5879,3205,2674,0,0,0,1.0,1,1.0,1,1.0,1,0.11737895292742993,50
4413,1,5880,3205,2675,0,0,0,1.0,1,1.0,1,1.0,1,0.1120003969585115,50
4414,1,5881,3205,2676,0,0,0,1.0,1,1.0,1,1.0,1,0.09399860574711345,51
4415,0,5881,3205,2676,0,0,0,1.0,1,1.0,1,1.0,1,0.09399860574711345,51
4416,1,5882,3206,2676,0,0,0,1.0,1,1.0,1,1.0,1,0.12066667274575411,51
4417,2,5884,3208,2676,0,0,0,1.0,1,1.0,1,1.0,1,0.11621538222688772,51
4418,1,5885,3208,2677,0,0,0,1.0,1,1.0,1,1.0,1,0.08019450545353497,51
4419,0,5885,3208,2677,0,0,0,1.0,1,1.0,1,1.0,1,0.06535947672845899,50
4420,0,5885,3208,2677,0,0,0,1.0,1,1.0,1,1.0,1,0.0707589203241151,50
4421,1,5886,3208,2678,0,0,0,1.0,1,1.0,1,1.0,1,0.06231143663956986,52
4422,0,5886,3208,2678,0,0,0,1.0,1,1.0,1,1.0,1,0.06128253495113018,51
4423,0,5886,3208,2678,0,0,0,1.0,1,1.0,1,1.0,1,0.06128253495113018,51
4424,0,5886,3208,2678,0,0,0,1.0,1,1.0,1,1.0,1,0.05877805983436028,53
4425,0,5886,3208,2678,0,0,0,1.0,1,1.0,1,1.0,1,0.051110452766085064,54
4426,1,5887,3209,2678,0,0,0,1.0,1,1.0,1,1.0,1,0.049445189181084995,55
4427,0,5887,3209,2678,0,0,0,1.0,1,1.0,1,1.0,1,0.049445189181084995,55
4428,1,5888,3210,2678,0,0,0,1.0,1,1.0,1,1.0,1,0.041117723477552895,55
4429,0,5888,3210,2678,0,0,0,1.0,1,1.0,1,1.0,1,0.0376271102162041,56
4430,2,5890,3212,2678,0,0,0,1.0,1,1.0,1,1.0,1,0.05291086843956876,55
4431,0,5890,3212,2678,0,0,0,1.0,1,1.0,1,1.0,1,0.05891401986843842,56
4432,1,5891,3213,2678,0,0,0,1.0,1,1.0,1,1.0,1,0.08330710289422673,56
4433,1,5892,3213,2679,0,0,0,1.0,1,1.0,1,1.0,1,0.08253085181992312,57
4434,2,5894,3214,2680,0,0,0,1.0,1,1.0,1,1.0,1,0.057754804336685374,56
4435,1,5895,3215,2680,0,0,0,1.0,1,1.0,1,1.0,1,0.05392222973996758,56
4436,4,5899,3217,2682,0,0,0,1.0,1,1.0,1,1.0,1,0.049860127359763126,55
4437,1,5900,3218,2682,0,0,0,1.0,1,1.0,1,1.0,1,0.08260688571457743,54
4438,3,5903,3219,2684,0,0,0,1.0,1,1.0,1,1.0,1,0.05574796434657324,54
4439,4,5907,3222,2685,0,0,0,1.0,1,1.0,1,1.0,1,0.09724498707066198,55
4440,0,5907,3222,2685,0,0,0,1.0,1,1.0,1,1.0,1,0.09724498707066198,55
4441,4,5911,3225,2686,0,0,0,1.0,1,1.0,1,1.0,1,0.0850355474652189,59
4442,1,5912,3226,2686,0,0,0,1.0,1,1.0,1,1.0,1,0.07154921463267991,61
4443,2,5914,3228,2686,0,0,0,1.0,1,1.0,1,1.0,1,0.08598637105220538,60
4444,0,5914,3228,2686,0,0,0,1.0,1,1.0,1,1.0,1,0.09890659144249207,61
4445,2,5916,3228,2688,0,0,0,1.0,1,1.0,1,1.0,1,0.08626447048127214,61
4446,2,5918,3229,2689,0,0,0,1.0,1,1.0,1,1.0,1,0.07870813970643561,62
4447,0,5918,3229,2689,0,0,0,1.0,1,1.0,1,1.0,1,0.07474006275245532,63
4448,0,5918,3229,2689,0,0,0,1.0,1,1.0,1,1.0,1,0.07474006275245532,63
4449,0,5918,3229,2689,0,0,0,1.0,1,1.0,1,1.0,1,0.07474006275245532,63
4450,0,5918,3229,2689,0,0,0,1.0,1,1.0,1,1.0,1,0.0852605358182754,62
4451,0,5918,3229,2689,0,0,0,1.0,1,1.0,1,1.0,1,0.07378918026276551,63
4452,0,5918,3229,2689,0,0,0,1.0,1,1.0,1,1.0,1,0.0822401395877676,64
4453,2,5920,3229,2691,0,0,0,1.0,1,1.0,1,1.0,1,0.05891127815077116,65
4454,1,5921,3230,2691,0,0,0,1.0,1,1.0,1,1.0,1,0.04783693429583689,66
4455,1,5922,3231,2691,0,0,0,1.0,1,1.0,1,1.0,1,0.0709155097223335,67
4456,2,5924,3233,2691,0,0,0,1.0,1,1.0,1,1.0,1,0.09306506089288837,67
4457,3,5927,3235,2692,0,0,0,1.0,1,1.0,1,1.0,1,0.07484503042485535,65
4458,0,5927,3235,2692,0,0,0,1.0,1,1.0,1,1.0,1,0.0697137972027657,65
4459,3,5930,3238,2692,0,0,0,1.0,1,1.0,1,1.0,1,0.09994302715601351,64
4460,0,5930,3238,2692,0,0,0,1.0,1,1.0,1,1.0,1,0.09693888013171631,63
4461,4,5934,3240,2694,0,0,0,1.0,1,1.0,1,1.0,1,0.12026255215118904,62
4462,3,5937,3242,2695,0,0,0,1.0,1,1.0,1,1.0,1,0.12848991393654854,61
4463,3,5940,3244,2696,0,0,0,1.0,1,1.0,1,1.0,1,0.16939322107331345,61
4464,0,5940,3244,2696,0,0,0,1.0,1,1.0,1,1.0,1,0.1750302589311124,58
4465,5,5945,3245,2700,0,0,0,1.0,1,1.0,1,1.0,1,0.1499352931873251,57
4466,3,5948,3246,2702,0,0,0,1.0,1,1.0,1,1.0,1,0.18067838738914452,54
4467,1,5949,3246,2703,0,0,0,1.0,1,1.0,1,1.0,1,0.14067930429241135,52
4468,1,5950,3247,2703,0,0,0,1.0,1,1.0,1,1.0,1,0.14834245229057452,52
4469,3,5953,3248,2705,0,0,0,1.0,1,1.0,1,1.0,1,0.1289148487007631,51
4470,1,5954,3248,2706,0,0,0,1.0,1,1.0,1,1.0,1,0.11122224927236819,51
4471,1,5955,3249,2706,0,0,0,1.0,1,1.0,1,1.0,1,0.13191940120152576,50
4472,0,5955,3249,2706,0,0,0,1.0,1,1.0,1,1.0,1,0.14763709458817081,48
4473,2,5957,3249,2708,0,0,0,1.0,1,1.0,1,1.0,1,0.10604878233659823,47
4474,1,5958,3250,2708,0,0,0,1.0,1,1.0,1,1.0,1,0.11656150081821363,49
4475,1,5959,3250,2709,0,0,0,1.0,1,1.0,1,1.0,1,0.1407344427748101,47
4476,0,5959,3250,2709,0,0,0,1.0,1,1.0,1,1.0,1,0.12270440230119709,49
4477,4,5963,3251,2712,0,0,0,1.0,1,1.0,1,1.0,1,0.1298870103152536,48
4478,1,5964,3251,2713,0,0,0,1.0,1,1.0,1,1.0,1,0.12131287291280193,48
4479,1,5965,3252,2713,0,0,0,1.0,1,1.0,1,1.0,1,0.1515694507198939,48
4480,0,5965,3252,2713,0,0,0,1.0,1,1.0,1,1.0,1,0.1530801728346506,49
4481,3,5968,3252,2716,0,0,0,1.0,1,1.0,1,1.0,1,0.16634581831446457,49
4482,0,5968,3252,2716,0,0,0,1.0,1,1.0,1,1.0,1,0.16634581831446457,49
4483,1,5969,3252,2717,0,0,0,1.0,1,1.0,1,1.0,1,0.1302866074428744,50
4484,2,5971,3254,2717,0,0,0,1.0,1,1.0,1,1.0,1,0.12781115802649998,52
4485,2,5973,3254,2719,0,0,0,1.0,1,1.0,1,1.0,1,0.10677404052674423,53
4486,4,5977,3257,2720,0,0,0,1.0,1,1.0,1,1.0,1,0.0950960864105234,55
4487,3,5980,3259,2721,0,0,0,1.0,1,1.0,1,1.0,1,0.09453483677322704,55
4488,2,5982,3260,2722,0,0,0,1.0,1,1.0,1,1.0,1,0.1245445838553607,54
4489,2,5984,3260,2724,0,0,0,1.0,1,1.0,1,1.0,1,0.11457158025046783,53
4490,0,5984,3260,2724,0,0,0,1.0,1,1.0,1,1.0,1,0.11457158025046783,53
4491,0,5984,3260,2724,0,0,0,1.0,1,1.0,1,1.0,1,0.13020456211351125,52
4492,2,5986,3260,2726,0,0,0,1.0,1,1.0,1,1.0,1,0.1049487399166946,52
4493,1,5987,3261,2726,0,0,0,1.0,1,1.0,1,1.0,1,0.11968269070804667,52
4494,1,5988,3261,2727,0,0,0,1.0,1,1.0,1,1.0,1,0.12279975831000563,53
4495,3,5991,3264,2727,0,0,0,1.0,1,1.0,1,1.0,1,0.1487507647453265,50
4496,1,5992,3265,2727,0,0,0,1.0,1,1.0,1,1.0,1,0.15041469049032627,51
4497,3,5995,3267,2728,0,0,0,1.0,1,1.0,1,1.0,1,0.1278692810399973,50
4498,0,5995,3267,2728,0,0,0,1.0,1,1.0,1,1.0,1,0.11760507218411415,49
4499,1,5996,3268,2728,0,0,0,1.0,1,1.0,1,1.0,1,0.12825989314039346,48
4500,2,5998,3270,2728,0,0,0,1.0,1,1.0,1,1.0,1,0.10590354713070646,48
4501,1,5999,3271,2728,0,0,0,1.0,1,1.0,1,1.0,1,0.09882870300479064,48
4502,2,6001,3273,2728,0,0,0,1.0,1,1.0,1,1.0,1,0.14978302837574153,49
4503,2,6003,3275,2728,0,0,0,1.0,1,1.0,1,1.0,1,0.19869280929850633,49
4504,0,6003,3275,2728,0,0,0,1.0,1,1.0,1,1.0,1,0.19694074692982547,45
4505,1,6004,3276,2728,0,0,0,1.0,1,1.0,1,1.0,1,0.17691235287679327,46
4506,5,6009,3278,2731,0,0,0,1.0,1,1.0,1,1.0,1,0.18240562146848244,45
4507,1,6010,3278,2732,0,0,0,1.0,1,1.0,1,1.0,1,0.18591423119011677,45
4508,2,6012,3279,2733,0,0,0,1.0,1,1.0,1,1.0,1,0.16338988322000078,43
4509,3,6015,3280,2735,0,0,0,1.0,1,1.0,1,1.0,1,0.1327534921214224,41
4510,1,6016,3280,2736,0,0,0,1.0,1,1.0,1,1.0,1,0.13676798640617613,42
4511,2,6018,3281,2737,0,0,0,1.0,1,1.0,1,1.0,1,0.15432057438224536,41
4512,0,6018,3281,2737,0,0,0,1.0,1,1.0,1,1.0,1,0.15432057438224536,41
4513,2,6020,3281,2739,0,0,0,1.0,1,1.0,1,1.0,1,0.11989373435452172,41
4514,3,6023,3283,2740,0,0,0,1.0,1,1.0,1,1.0,1,0.0786818166881809,42
4515,1,6024,3283,2741,0,0,0,1.0,1,1.0,1,1.0,1,0.09566268037909852,41
4516,2,6026,3284,2742,0,0,0,1.0,1,1.0,1,1.0,1,0.11492398924491179,42
4517,0,6026,3284,2742,0,0,0,1.0,1,1.0,1,1.0,1,0.11767763263802264,43
4518,0,6026,3284,2742,0,0,0,1.0,1,1.0,1,1.0,1,0.14072879300667343,42
4519,1,6027,3285,2742,0,0,0,1.0,1,1.0,1,1.0,1,0.18608219626066624,42
4520,3,6030,3285,2745,0,0,0,1.0,1,1.0,1,1.0,1,0.18145196061940544,42
4521,1,6031,3285,2746,0,0,0,1.0,1,1.0,1,1.0,1,0.1673234457225387,42
4522,1,6032,3286,2746,0,0,0,1.0,1,1.0,1,1.0,1,0.15846911117898685,42
4523,0,6032,3286,2746,0,0,0,1.0,1,1.0,1,1.0,1,0.15846911117898685,42
4524,2,6034,3288,2746,0,0,0,1.0,1,1.0,1,1.0,1,0.14538588441239322,43
4525,4,6038,3290,2748,0,0,0,1.0,1,1.0,1,1.0,1,0.06892038321598763,46
4526,3,6041,3293,2748,0,0,0,1.0,1,1.0,1,1.0,1,0.04983266230800357,46
4527,1,6042,3294,2748,0,0,0,1.0,1,1.0,1,1.0,1,0.05276908865490119,47
4528,1,6043,3294,2749,0,0,0,1.0,1,1.0,1,1.0,1,0.04724710592265496,49
4529,1,6044,3295,2749,0,0,0,1.0,1,1.0,1,1.0,1,0.04733359435574134,50
4530,2,6046,3296,2750,0,0,0,1.0,1,1.0,1,1.0,1,0.032101340805790246,51
4531,2,6048,3298,2750,0,0,0,1.0,1,1.0,1,1.0,1,0.057844915280245886,51
4532,0,6048,3298,2750,0,0,0,1.0,1,1.0,1,1.0,1,0.057844915280245886,51
4533,3,6051,3300,2751,0,0,0,1.0,1,1.0,1,1.0,1,0.06268679872301278,50
4534,0,6051,3300,2751,0,0,0,1.0,1,1.0,1,1.0,1,0.08220132574373461,51
4535,3,6054,3302,2752,0,0,0,1.0,1,1.0,1,1.0,1,0.09590324919079857,50
4536,1,6055,3303,2752,0,0,0,1.0,1,1.0,1,1.0,1,0.09079157059295474,48
4537,2,6057,3304,2753,0,0,0,1.0,1,1.0,1,1.0,1,0.12032885063057219,49
4538,0,6057,3304,2753,0,0,0,1.0,1,1.0,1,1.0,1,0.11555426089485299,48
4539,1,6058,3304,2754,0,0,0,1.0,1,1.0,1,1.0,1,0.11865472187612357,50
4540,1,6059,3305,2754,0,0,0,1.0,1,1.0,1,1.0,1,0.09622653136465818,49
4541,1,6060,3305,2755,0,0,0,1.0,1,1.0,1,1.0,1,0.08736439074638958,49
4542,1,6061,3306,2755,0,0,0,1.0,1,1.0,1,1.0,1,0.10447795105901468,47
4543,0,6061,3306,2755,0,0,0,1.0,1,1.0,1,1.0,1,0.1158018080609558,45
4544,1,6062,3307,2755,0,0,0,1.0,1,1.0,1,1.0,1,0.13015054285143052,45
4545,1,6063,3308,2755,0,0,0,1.0,1,1.0,1,1.0,1,0.13351122434135632,43
4546,0,6063,3308,2755,0,0,0,1.0,1,1.0,1,1.0,1,0.13312354277636204,43
4547,1,6064,3309,2755,0,0,0,1.0,1,1.0,1,1.0,1,0.14410788419787404,41
4548,0,6064,3309,2755,0,0,0,1.0,1,1.0,1,1.0,1,0.13727568511292637,42
4549,3,6067,3311,2756,0,0,0,1.0,1,1.0,1,1.0,1,0.10786489844766046,41
4550,3,6070,3313,2757,0,0,0,1.0,1,1.0,1,1.0,1,0.12049763014397384,41
4551,0,6070,3313,2757,0,0,0,1.0,1,1.0,1,1.0,1,0.09874095279788969,39
4552,0,6070,3313,2757,0,0,0,1.0,1,1.0,1,1.0,1,0.10427835578868368,38
4553,0,6070,3313,2757,0,0,0,1.0,1,1.0,1,1.0,1,0.11636697138006602,39
4554,0,6070,3313,2757,0,0,0,1.0,1,1.0,1,1.0,1,0.12363323136328624,38
4555,0,6070,3313,2757,0,0,0,1.0,1,1.0,1,1.0,1,0.13184681450863325,37
4556,4,6074,3316,2758,0,0,0,1.0,1,1.0,1,1.0,1,0.13295644059366984,36
4557,1,6075,3316,2759,0,0,0,1.0,1,1.0,1,1.0,1,0.11339038201508947,38
4558,2,6077,3317,2760,0,0,0,1.0,1,1.0,1,1.0,1,0.11901185727925294,39
4559,3,6080,3319,2761,0,0,0,1.0,1,1.0,1,1.0,1,0.15542289915615146,38
4560,4,6084,3320,2764,0,0,0,1.0,1,1.0,1,1.0,1,0.17738324096209176,41
4561,0,6084,3320,2764,0,0,0,1.0,1,1.0,1,1.0,1,0.17738324096209176,41
4562,3,6087,3321,2766,0,0,0,1.0,1,1.0,1,1.0,1,0.1566800984026893,43
4563,1,6088,3321,2767,0,0,0,1.0,1,1.0,1,1.0,1,0.12570640922409734,42
4564,1,6089,3321,2768,0,0,0,1.0,1,1.0,1,1.0,1,0.12062868044463702,43
4565,1,6090,3321,2769,0,0,0,1.0,1,1.0,1,1.0,1,0.1269949183042209,44
4566,0,6090,3321,2769,0,0,0,1.0,1,1.0,1,1.0,1,0.10392638164119669,45
4567,3,6093,3324,2769,0,0,0,1.0,1,1.0,1,1.0,1,0.13835405713831908,47
4568,2,6095,3325,2770,0,0,0,1.0,1,1.0,1,1.0,1,0.09269152479307541,47
4569,1,6096,3326,2770,0,0,0,1.0,1,1.0,1,1.0,1,0.08521332147409952,49
4570,1,6097,3327,2770,0,0,0,1.0,1,1.0,1,1.0,1,0.10373636549430638,49
4571,2,6099,3329,2770,0,0,0,1.0,1,1.0,1,1.0,1,0.11000476650565927,48
4572,1,6100,3330,2770,0,0,0,1.0,1,1.0,1,1.0,1,0.12292339175145982,48
4573,2,6102,3332,2770,0,0,0,1.0,1,1.0,1,1.0,1,0.1509544532126081,48
4574,2,6104,3334,2770,0,0,0,1.0,1,1.0,1,1.0,1,0.18005278924959248,50
4575,1,6105,3334,2771,0,0,0,1.0,1,1.0,1,1.0,1,0.14539021655693182,51
4576,0,6105,3334,2771,0,0,0,1.0,1,1.0,1,1.0,1,0.14382773624398143,48
4577,1,6106,3334,2772,0,0,0,1.0,1,1.0,1,1.0,1,0.12706826032807492,47
4578,1,6107,3335,2772,0,0,0,1.0,1,1.0,1,1.0,1,0.11984976816537607,46
4579,0,6107,3335,2772,0,0,0,1.0,1,1.0,1,1.0,1,0.11820686063370814,46
4580,0,6107,3335,2772,0,0,0,1.0,1,1.0,1,1.0,1,0.1032451446512668,47
4581,1,6108,3336,2772,0,0,0,1.0,1,1.0,1,1.0,1,0.12846291090554585,47
4582,0,6108,3336,2772,0,0,0,1.0,1,1.0,1,1.0,1,0.13134748496393525,48
4583,0,6108,3336,2772,0,0,0,1.0,1,1.0,1,1.0,1,0.13134748496393525,48
4584,0,6108,3336,2772,0,0,0,1.0,1,1.0,1,1.0,1,0.13481066044751144,50
4585,2,6110,3337,2773,0,0,0,1.0,1,1.0,1,1.0,1,0.1510039123062005,50
4586,0,6110,3337,2773,0,0,0,1.0,1,1.0,1,1.0,1,0.1510039123062005,50
4587,0,6110,3337,2773,0,0,0,1.0,1,1.0,1,1.0,1,0.1510039123062005,50
4588,0,6110,3337,2773,0,0,0,1.0,1,1.0,1,1.0,1,0.1510039123062005,50
4589,0,6110,3337,2773,0,0,0,1.0,1,1.0,1,1.0,1,0.14721756107412545,52
4590,0,6110,3337,2773,0,0,0,1.0,1,1.0,1,1.0,1,0.14721756107412545,52
4591,1,6111,3337,2774,0,0,0,1.0,1,1.0,1,1.0,1,0.1385361202907861,53
4592,0,6111,3337,2774,0,0,0,1.0,1,1.0,1,1.0,1,0.15213209725522742,54
4593,2,6113,3339,2774,0,0,0,1.0,1,1.0,1,1.0,1,0.18085385858970918,56
4594,0,6113,3339,2774,0,0,0,1.0,1,1.0,1,1.0,1,0.19108768416074579,57
4595,1,6114,3340,2774,0,0,0,1.0,1,1.0,1,1.0,1,0.17285110323076577,56
4596,0,6114,3340,2774,0,0,0,1.0,1,1.0,1,1.0,1,0.17285110323076577,56
4597,2,6116,3342,2774,0,0,0,1.0,1,1.0,1,1.0,1,0.17221459730213043,56
4598,2,6118,3344,2774,0,0,0,1.0,1,1.0,1,1.0,1,0.20232911599619388,57
4599,0,6118,3344,2774,0,0,0,1.0,1,1.0,1,1.0,1,0.174945929638277,59
4600,0,6118,3344,2774,0,0,0,1.0,1,1.0,1,1.0,1,0.17620743666321187,60
4601,1,6119,3345,2774,0,0,0,1.0,1,1.0,1,1.0,1,0.18521955832149417,60
4602,0,6119,3345,2774,0,0,0,1.0,1,1.0,1,1.0,1,0.1710743111098544,62
4603,0,6119,3345,2774,0,0,0,1.0,1,1.0,1,1.0,1,0.1710743111098544,62
4604,1,6120,3346,2774,0,0,0,1.0,1,1.0,1,1.0,1,0.1722466773443651,63
4605,1,6121,3346,2775,0,0,0,1.0,1,1.0,1,1.0,1,0.16640526651574905,63
4606,0,6121,3346,2775,0,0,0,1.0,1,1.0,1,1.0,1,0.17414135138660713,64
4607,2,6123,3347,2776,0,0,0,1.0,1,1.0,1,1.0,1,0.16761427985805805,65
4608,1,6124,3348,2776,0,0,0,1.0,1,1.0,1,1.0,1,0.185793604846877,66
4609,1,6125,3349,2776,0,0,0,1.0,1,1.0,1,1.0,1,0.19816212992395632,65
4610,1,6126,3349,2777,0,0,0,1.0,1,1.0,1,1.0,1,0.1706646238897229,63
4611,5,6131,3353,2778,0,0,0,1.0,1,1.0,1,1.0,1,0.19751314936109443,64
4612,1,6132,3353,2779,0,0,0,1.0,1,1.0,1,1.0,1,0.17132141257419692,62
4613,2,6134,3355,2779,0,0,0,1.0,1,1.0,1,1.0,1,0.18536626151569202,63
4614,3,6137,3355,2782,0,0,0,1.0,1,1.0,1,1.0,1,0.13363479603622894,61
4615,1,6138,3356,2782,0,0,0,1.0,1,1.0,1,1.0,1,0.12715210705211946,59
4616,0,6138,3356,2782,0,0,0,1.0,1,1.0,1,1.0,1,0.1238783852708971,58
4617,3,6141,3357,2784,0,0,0,1.0,1,1.0,1,1.0,1,0.12143790597086536,58
4618,4,6145,3358,2787,0,0,0,1.0,1,1.0,1,1.0,1,0.13163195857222199,57
4619,4,6149,3360,2789,0,0,0,1.0,1,1.0,1,1.0,1,0.16121352304564954,57
4620,0,6149,3360,2789,0,0,0,1.0,1,1.0,1,1.0,1,0.16121352304564954,57
4621,3,6152,3361,2791,0,0,0,1.0,1,1.0,1,1.0,1,0.15697126190539465,59
4622,2,6154,3362,2792,0,0,0,1.0,1,1.0,1,1.0,1,0.15968114522951835,60
4623,1,6155,3362,2793,0,0,0,1.0,1,1.0,1,1.0,1,0.16165274441286964,59
4624,2,6157,3364,2793,0,0,0,1.0,1,1.0,1,1.0,1,0.19919991370226664,59
4625,1,6158,3364,2794,0,0,0,1.0,1,1.0,1,1.0,1,0.19544630123962728,57
4626,2,6160,3366,2794,0,0,0,1.0,1,1.0,1,1.0,1,0.21780600738224468,56
4627,2,6162,3366,2796,0,0,0,1.0,1,1.0,1,1.0,1,0.20224780146432697,56
4628,0,6162,3366,2796,0,0,0,1.0,1,1.0,1,1.0,1,0.19565892706445195,56
4629,3,6165,3367,2798,0,0,0,1.0,1,1.0,1,1.0,1,0.22270147111185934,56
4630,0,6165,3367,2798,0,0,0,1.0,1,1.0,1,1.0,1,0.21262076633755866,57
4631,0,6165,3367,2798,0,0,0,1.0,1,1.0,1,1.0,1,0.24896776038112722,56
4632,1,6166,3368,2798,0,0,0,1.0,1,1.0,1,1.0,1,0.28647884837190035,57
4633,1,6167,3368,2799,0,0,0,1.0,1,1.0,1,1.0,1,0.26352808401834404,58
4634,0,6167,3368,2799,0,0,0,1.0,1,1.0,1,1.0,1,0.26352808401834404,58
4635,0,6167,3368,2799,0,0,0,1.0,1,1.0,1,1.0,1,0.2525104997482232,59
4636,0,6167,3368,2799,0,0,0,1.0,1,1.0,1,1.0,1,0.23384700702336625,60
4637,3,6170,3370,2800,0,0,0,1.0,1,1.0,1,1.0,1,0.20671480468994954,60
4638,1,6171,3370,2801,0,0,0,1.0,1,1.0,1,1.0,1,0.2121226503314615,61
4639,3,6174,3371,2803,0,0,0,1.0,1,1.0,1,1.0,1,0.1993079464515908,62
4640,0,6174,3371,2803,0,0,0,1.0,1,1.0,1,1.0,1,0.21055755305079907,63
4641,5,6179,3373,2806,0,0,0,1.0,1,1.0,1,1.0,1,0.17063181033580965,63
4642,0,6179,3373,2806,0,0,0,1.0,1,1.0,1,1.0,1,0.18433150005049725,62
4643,3,6182,3374,2808,0,0,0,1.0,1,1.0,1,1.0,1,0.17880239714322055,63
4644,2,6184,3374,2810,0,0,0,1.0,1,1.0,1,1.0,1,0.18053751140132865,62
4645,4,6188,3375,2813,0,0,0,1.0,1,1.0,1,1.0,1,0.17191501269835388,63
4646,4,6192,3377,2815,0,0,0,1.0,1,1.0,1,1.0,1,0.1910866769366774,63
4647,3,6195,3378,2817,0,0,0,1.0,1,1.0,1,1.0,1,0.18654134903111338,62
4648,3,6198,3379,2819,0,0,0,1.0,1,1.0,1,1.0,1,0.19602951805290073,63
4649,2,6200,3379,2821,0,0,0,1.0,1,1.0,1,1.0,1,0.16390270915050528,61
4650,0,6200,3379,2821,0,0,0,1.0,1,1.0,1,1.0,1,0.14039469086956982,63
4651,1,6201,3379,2822,0,0,0,1.0,1,1.0,1,1.0,1,0.13207610974546677,62
4652,0,6201,3379,2822,0,0,0,1.0,1,1.0,1,1.0,1,0.11768990547751478,59
4653,1,6202,3379,2823,0,0,0,1.0,1,1.0,1,1.0,1,0.11170692520224804,60
4654,0,6202,3379,2823,0,0,0,1.0,1,1.0,1,1.0,1,0.11270185556770973,60
4655,1,6203,3380,2823,0,0,0,1.0,1,1.0,1,1.0,1,0.12999443006990427,60
4656,4,6207,3382,2825,0,0,0,1.0,1,1.0,1,1.0,1,0.16786372009912034,61
4657,1,6208,3382,2826,0,0,0,1.0,1,1.0,1,1.0,1,0.15539893015715037,62
4658,2,6210,3384,2826,0,0,0,1.0,1,1.0,1,1.0,1,0.18050695960211627,62
4659,0,6210,3384,2826,0,0,0,1.0,1,1.0,1,1.0,1,0.17106079914580316,61
4660,3,6213,3386,2827,0,0,0,1.0,1,1.0,1,1.0,1,0.22269114546093127,61
4661,0,6213,3386,2827,0,0,0,1.0,1,1.0,1,1.0,1,0.2220603492947597,61
4662,0,6213,3386,2827,0,0,0,1.0,1,1.0,1,1.0,1,0.21054870681512325,62
4663,1,6214,3386,2828,0,0,0,1.0,1,1.0,1,1.0,1,0.2077837440201732,61
4664,2,6216,3386,2830,0,0,0,1.0,1,1.0,1,1.0,1,0.2017034166214099,62
4665,1,6217,3386,2831,0,0,0,1.0,1,1.0,1,1.0,1,0.20250544211711408,61
4666,2,6219,3387,2832,0,0,0,1.0,1,1.0,1,1.0,1,0.20484573678488174,61
4667,1,6220,3388,2832,0,0,0,1.0,1,1.0,1,1.0,1,0.21214143939861152,59
4668,2,6222,3389,2833,0,0,0,1.0,1,1.0,1,1.0,1,0.21999100742257469,59
4669,4,6226,3389,2837,0,0,0,1.0,1,1.0,1,1.0,1,0.20917372674808626,58
4670,2,6228,3390,2838,0,0,0,1.0,1,1.0,1,1.0,1,0.2084463671117998,57
4671,0,6228,3390,2838,0,0,0,1.0,1,1.0,1,1.0,1,0.22681623967476444,55
4672,4,6232,3392,2840,0,0,0,1.0,1,1.0,1,1.0,1,0.2228037219983456,56
4673,2,6234,3392,2842,0,0,0,1.0,1,1.0,1,1.0,1,0.18691265480711566,58
4674,2,6236,3393,2843,0,0,0,1.0,1,1.0,1,1.0,1,0.2018780554889284,58
4675,3,6239,3393,2846,0,0,0,1.0,1,1.0,1,1.0,1,0.20673094162487424,57
4676,0,6239,3393,2846,0,0,0,1.0,1,1.0,1,1.0,1,0.21528863702922685,58
4677,2,6241,3393,2848,0,0,0,1.0,1,1.0,1,1.0,1,0.2089712272578659,57
4678,1,6242,3393,2849,0,0,0,1.0,1,1.0,1,1.0,1,0.20246190520110033,57
4679,0,6242,3393,2849,0,0,0,1.0,1,1.0,1,1.0,1,0.20246190520110033,57
4680,1,6243,3393,2850,0,0,0,1.0,1,1.0,1,1.0,1,0.19695537991911852,59
4681,1,6244,3393,2851,0,0,0,1.0,1,1.0,1,1.0,1,0.1886211234655253,60
4682,0,6244,3393,2851,0,0,0,1.0,1,1.0,1,1.0,1,0.1886211234655253,60
4683,4,6248,3394,2854,0,0,0,1.0,1,1.0,1,1.0,1,0.1562285483756628,60
4684,1,6249,3395,2854,0,0,0,1.0,1,1.0,1,1.0,1,0.17577031739434654,60
4685,2,6251,3396,2855,0,0,0,1.0,1,1.0,1,1.0,1,0.17817792910745014,59
4686,3,6254,3398,2856,0,0,0,1.0,1,1.0,1,1.0,1,0.17780883904651648,60
4687,2,6256,3399,2857,0,0,0,1.0,1,1.0,1,1.0,1,0.18151899383938275,59
4688,1,6257,3400,2857,0,0,0,1.0,1,1.0,1,1.0,1,0.2051794755832528,59
4689,3,6260,3401,2859,0,0,0,1.0,1,1.0,1,1.0,1,0.21379955583708585,59
4690,3,6263,3402,2861,0,0,0,1.0,1,1.0,1,1.0,1,0.1832651106935105,58
4691,0,6263,3402,2861,0,0,0,1.0,1,1.0,1,1.0,1,0.18224728706634566,57
4692,0,6263,3402,2861,0,0,0,1.0,1,1.0,1,1.0,1,0.1775646407872045,58
4693,1,6264,3402,2862,0,0,0,1.0,1,1.0,1,1.0,1,0.1685432435343294,57
4694,2,6266,3402,2864,0,0,0,1.0,1,1.0,1,1.0,1,0.14162715893038402,57
4695,1,6267,3402,2865,0,0,0,1.0,1,1.0,1,1.0,1,0.14133210905357854,56
4696,1,6268,3403,2865,0,0,0,1.0,1,1.0,1,1.0,1,0.1558674600154702,57
4697,1,6269,3403,2866,0,0,0,1.0,1,1.0,1,1.0,1,0.13837162273294254,58
4698,2,6271,3403,2868,0,0,0,1.0,1,1.0,1,1.0,1,0.08727146796374605,59
4699,0,6271,3403,2868,0,0,0,1.0,1,1.0,1,1.0,1,0.10054817223133468,58
4700,0,6271,3403,2868,0,0,0,1.0,1,1.0,1,1.0,1,0.0816758842130708,59
4701,0,6271,3403,2868,0,0,0,1.0,1,1.0,1,1.0,1,0.09071770732811664,60
4702,0,6271,3403,2868,0,0,0,1.0,1,1.0,1,1.0,1,0.09912285156938824,61
4703,1,6272,3404,2868,0,0,0,1.0,1,1.0,1,1.0,1,0.12859373828340584,59
4704,2,6274,3404,2870,0,0,0,1.0,1,1.0,1,1.0,1,0.10505739144158822,58
4705,4,6278,3407,2871,0,0,0,1.0,1,1.0,1,1.0,1,0.12307525674804236,58
4706,3,6281,3409,2872,0,0,0,1.0,1,1.0,1,1.0,1,0.15522826286272096,60
4707,0,6281,3409,2872,0,0,0,1.0,1,1.0,1,1.0,1,0.16503580394700829,57
4708,4,6285,3411,2874,0,0,0,1.0,1,1.0,1,1.0,1,0.20323979976500384,57
4709,3,6288,3413,2875,0,0,0,1.0,1,1.0,1,1.0,1,0.23036480372128157,55
4710,2,6290,3414,2876,0,0,0,1.0,1,1.0,1,1.0,1,0.2294584396955882,53
4711,0,6290,3414,2876,0,0,0,1.0,1,1.0,1,1.0,1,0.21802567777649245,52
4712,0,6290,3414,2876,0,0,0,1.0,1,1.0,1,1.0,1,0.2177292532504036,52
4713,3,6293,3415,2878,0,0,0,1.0,1,1.0,1,1.0,1,0.2206100684729242,51
4714,0,6293,3415,2878,0,0,0,1.0,1,1.0,1,1.0,1,0.21995871926673952,50
4715,2,6295,3415,2880,0,0,0,1.0,1,1.0,1,1.0,1,0.17358258338429688,50
4716,1,6296,3416,2880,0,0,0,1.0,1,1.0,1,1.0,1,0.2173858227443993,49
4717,5,6301,3417,2884,0,0,0,1.0,1,1.0,1,1.0,1,0.1807677538173687,49
4718,0,6301,3417,2884,0,0,0,1.0,1,1.0,1,1.0,1,0.1814405926129706,50
4719,1,6302,3417,2885,0,0,0,1.0,1,1.0,1,1.0,1,0.17683962590331642,49
4720,1,6303,3417,2886,0,0,0,1.0,1,1.0,1,1.0,1,0.144819638291977,49
4721,1,6304,3417,2887,0,0,0,1.0,1,1.0,1,1.0,1,0.12386960814089679,50
4722,1,6305,3417,2888,0,0,0,1.0,1,1.0,1,1.0,1,0.12849202150772024,51
4723,0,6305,3417,2888,0,0,0,1.0,1,1.0,1,1.0,1,0.09659671271704653,50
4724,2,6307,3419,2888,0,0,0,1.0,1,1.0,1,1.0,1,0.1342658575671943,50
4725,1,6308,3419,2889,0,0,0,1.0,1,1.0,1,1.0,1,0.13007349012066252,52
4726,1,6309,3420,2889,0,0,0,1.0,1,1.0,1,1.0,1,0.16249667536454132,51
4727,1,6310,3421,2889,0,0,0,1.0,1,1.0,1,1.0,1,0.1753848615804674,52
4728,2,6312,3422,2890,0,0,0,1.0,1,1.0,1,1.0,1,0.17662694621660122,52
4729,0,6312,3422,2890,0,0,0,1.0,1,1.0,1,1.0,1,0.17662694621660122,52
4730,1,6313,3422,2891,0,0,0,1.0,1,1.0,1,1.0,1,0.17215499830872222,50
4731,3,6316,3425,2891,0,0,0,1.0,1,1.0,1,1.0,1,0.2016942825971807,51
4732,1,6317,3425,2892,0,0,0,1.0,1,1.0,1,1.0,1,0.19018444258416864,52
4733,6,6323,3428,2895,0,0,0,1.0,1,1.0,1,1.0,1,0.2593773100777928,53
4734,2,6325,3428,2897,0,0,0,1.0,1,1.0,1,1.0,1,0.2596383219402602,53
4735,2,6327,3429,2898,0,0,0,1.0,1,1.0,1,1.0,1,0.2602043412969442,53
4736,2,6329,3430,2899,0,0,0,1.0,1,1.0,1,1.0,1,0.2862073457052421,55
4737,1,6330,3430,2900,0,0,0,1.0,1,1.0,1,1.0,1,0.2665931743706117,57
4738,0,6330,3430,2900,0,0,0,1.0,1,1.0,1,1.0,1,0.2665931743706117,57
4739,0,6330,3430,2900,0,0,0,1.0,1,1.0,1,1.0,1,0.2665931743706117,57
4740,1,6331,3430,2901,0,0,0,1.0,1,1.0,1,1.0,1,0.23865228086154006,57
4741,0,6331,3430,2901,0,0,0,1.0,1,1.0,1,1.0,1,0.24489382449717115,58
4742,1,6332,3431,2901,0,0,0,1.0,1,1.0,1,1.0,1,0.2534290421736039,58
4743,1,6333,3431,2902,0,0,0,1.0,1,1.0,1,1.0,1,0.2150752160378854,56
4744,0,6333,3431,2902,0,0,0,1.0,1,1.0,1,1.0,1,0.20482533529007352,57
4745,3,6336,3433,2903,0,0,0,1.0,1,1.0,1,1.0,1,0.1990591022515118,56
4746,1,6337,3434,2903,0,0,0,1.0,1,1.0,1,1.0,1,0.20938233915187637,56
4747,1,6338,3435,2903,0,0,0,1.0,1,1.0,1,1.0,1,0.1896935804263167,55
4748,1,6339,3436,2903,0,0,0,1.0,1,1.0,1,1.0,1,0.19845423348776287,55
4749,1,6340,3436,2904,0,0,0,1.0,1,1.0,1,1.0,1,0.17716129025110303,54
4750,1,6341,3437,2904,0,0,0,1.0,1,1.0,1,1.0,1,0.16335982292536863,53
4751,0,6341,3437,2904,0,0,0,1.0,1,1.0,1,1.0,1,0.19389215056798406,53
4752,1,6342,3438,2904,0,0,0,1.0,1,1.0,1,1.0,1,0.18240732352736883,53
4753,0,6342,3438,2904,0,0,0,1.0,1,1.0,1,1.0,1,0.20517829141041408,52
4754,2,6344,3438,2906,0,0,0,1.0,1,1.0,1,1.0,1,0.15477187391337802,52
4755,2,6346,3438,2908,0,0,0,1.0,1,1.0,1,1.0,1,0.11085036594628142,51
4756,3,6349,3438,2911,0,0,0,1.0,1,1.0,1,1.0,1,0.0755463685127668,52
4757,1,6350,3438,2912,0,0,0,1.0,1,1.0,1,1.0,1,0.0685870229510684,51
4758,0,6350,3438,2912,0,0,0,1.0,1,1.0,1,1.0,1,0.0685870229510684,51
4759,0,6350,3438,2912,0,0,0,1.0,1,1.0,1,1.0,1,0.0685870229510684,51
4760,1,6351,3439,2912,0,0,0,1.0,1,1.0,1,1.0,1,0.05261675896938713,52
4761,2,6353,3441,2912,0,0,0,1.0,1,1.0,1,1.0,1,0.060211503853394334,50
4762,7,6360,3446,2914,0,0,0,1.0,1,1.0,1,1.0,1,0.12314243262322627,51
4763,0,6360,3446,2914,0,0,0,1.0,1,1.0,1,1.0,1,0.12314243262322627,51
4764,5,6365,3450,2915,0,0,0,1.0,1,1.0,1,1.0,1,0.16118513690437883,53
4765,6,6371,3450,2921,0,0,0,1.0,1,1.0,1,1.0,1,0.05800531994397196,53
4766,1,6372,3451,2921,0,0,0,1.0,1,1.0,1,1.0,1,0.09244515622844898,55
4767,0,6372,3451,2921,0,0,0,1.0,1,1.0,1,1.0,1,0.07357343737668474,56
4768,0,6372,3451,2921,0,0,0,1.0,1,1.0,1,1.0,1,0.059431740598945036,56
4769,1,6373,3452,2921,0,0,0,1.0,1,1.0,1,1.0,1,0.07864636733167232,56
4770,1,6374,3453,2921,0,0,0,1.0,1,1.0,1,1.0,1,0.060950438901184845,56
4771,0,6374,3453,2921,0,0,0,1.0,1,1.0,1,1.0,1,0.0713745658493881,55
4772,1,6375,3454,2921,0,0,0,1.0,1,1.0,1,1.0,1,0.10572492643657637,56
4773,1,6376,3454,2922,0,0,0,1.0,1,1.0,1,1.0,1,0.0956199008762385,56
4774,2,6378,3454,2924,0,0,0,1.0,1,1.0,1,1.0,1,0.0559916754840374,58
4775,0,6378,3454,2924,0,0,0,1.0,1,1.0,1,1.0,1,0.05845529721504042,59
4776,0,6378,3454,2924,0,0,0,1.0,1,1.0,1,1.0,1,0.05845529721504042,59
4777,1,6379,3455,2924,0,0,0,1.0,1,1.0,1,1.0,1,0.0700038310033248,60
4778,0,6379,3455,2924,0,0,0,1.0,1,1.0,1,1.0,1,0.0700038310033248,60
4779,1,6380,3455,2925,0,0,0,1.0,1,1.0,1,1.0,1,0.06446899938439529,61
4780,2,6382,3456,2926,0,0,0,1.0,1,1.0,1,1.0,1,0.05291952217729847,63
4781,1,6383,3457,2926,0,0,0,1.0,1,1.0,1,1.0,1,0.05398368877921615,62
4782,2,6385,3458,2927,0,0,0,1.0,1,1.0,1,1.0,1,0.0430107601630542,63
4783,1,6386,3459,2927,0,0,0,1.0,1,1.0,1,1.0,1,0.04752956769746275,62
4784,0,6386,3459,2927,0,0,0,1.0,1,1.0,1,1.0,1,0.06241930109756792,62
4785,2,6388,3461,2927,0,0,0,1.0,1,1.0,1,1.0,1,0.06550898375938184,62
4786,5,6393,3465,2928,0,0,0,1.0,1,1.0,1,1.0,1,0.05387585449021205,63
4787,1,6394,3466,2928,0,0,0,1.0,1,1.0,1,1.0,1,0.08044691436119247,62
4788,4,6398,3469,2929,0,0,0,1.0,1,1.0,1,1.0,1,0.10861304463893325,62
4789,6,6404,3472,2932,0,0,0,1.0,1,1.0,1,1.0,1,0.0752865405412805,60
4790,3,6407,3475,2932,0,0,0,1.0,1,1.0,1,1.0,1,0.12063418363667937,61
4791,2,6409,3476,2933,0,0,0,1.0,1,1.0,1,1.0,1,0.11794016084294597,60
4792,3,6412,3479,2933,0,0,0,1.0,1,1.0,1,1.0,1,0.1214226649222892,60
4793,6,6418,3480,2938,0,0,0,1.0,1,1.0,1,1.0,1,0.03785640729553378,61
4794,2,6420,3481,2939,0,0,0,1.0,1,1.0,1,1.0,1,0.051249806534669304,59
4795,3,6423,3483,2940,0,0,0,1.0,1,1.0,1,1.0,1,0.0422444038002088,61
4796,0,6423,3483,2940,0,0,0,1.0,1,1.0,1,1.0,1,0.06046342986225291,59
4797,3,6426,3485,2941,0,0,0,1.0,1,1.0,1,1.0,1,0.08527083291361429,58
4798,0,6426,3485,2941,0,0,0,1.0,1,1.0,1,1.0,1,0.08719124259584583,59
4799,0,6426,3485,2941,0,0,0,1.0,1,1.0,1,1.0,1,0.08198158098781959,57
4800,2,6428,3486,2942,0,0,0,1.0,1,1.0,1,1.0,1,0.108895393628471,58
4801,4,6432,3487,2945,0,0,0,1.0,1,1.0,1,1.0,1,0.0827144307266279,57
4802,0,6432,3487,2945,0,0,0,1.0,1,1.0,1,1.0,1,0.0827144307266279,57
4803,0,6432,3487,2945,0,0,0,1.0,1,1.0,1,1.0,1,0.08057358959261544,56
4804,0,6432,3487,2945,0,0,0,1.0,1,1.0,1,1.0,1,0.08560793829031024,54
4805,3,6435,3488,2947,0,0,0,1.0,1,1.0,1,1.0,1,0.06348626806624207,56
4806,0,6435,3488,2947,0,0,0,1.0,1,1.0,1,1.0,1,0.0607840585404096,55
4807,0,6435,3488,2947,0,0,0,1.0,1,1.0,1,1.0,1,0.057111853401621185,54
4808,0,6435,3488,2947,0,0,0,1.0,1,1.0,1,1.0,1,0.07392341128366267,53
4809,1,6436,3488,2948,0,0,0,1.0,1,1.0,1,1.0,1,0.041111095392366195,53
4810,0,6436,3488,2948,0,0,0,1.0,1,1.0,1,1.0,1,0.06509094839137962,51
4811,3,6439,3490,2949,0,0,0,1.0,1,1.0,1,1.0,1,0.05544228175142962,52
4812,2,6441,3492,2949,0,0,0,1.0,1,1.0,1,1.0,1,0.06145314551125871,52
4813,0,6441,3492,2949,0,0,0,1.0,1,1.0,1,1.0,1,0.06145314551125871,52
4814,2,6443,3494,2949,0,0,0,1.0,1,1.0,1,1.0,1,0.11849426810657232,53
4815,6,6449,3499,2950,0,0,0,1.0,1,1.0,1,1.0,1,0.139879805627087,54
4816,1,6450,3500,2950,0,0,0,1.0,1,1.0,1,1.0,1,0.1496903438566704,54
4817,7,6457,3502,2955,0,0,0,1.0,1,1.0,1,1.0,1,0.13538429233380725,55
4818,4,6461,3505,2956,0,0,0,1.0,1,1.0,1,1.0,1,0.12117645411207267,55
4819,2,6463,3506,2957,0,0,0,1.0,1,1.0,1,1.0,1,0.10284328050865255,55
4820,1,6464,3506,2958,0,0,0,1.0,1,1.0,1,1.0,1,0.09342998905077604,55
4821,3,6467,3507,2960,0,0,0,1.0,1,1.0,1,1.0,1,0.07389810272636417,55
4822,1,6468,3507,2961,0,0,0,1.0,1,1.0,1,1.0,1,0.06110831266640886,54
4823,1,6469,3508,2961,0,0,0,1.0,1,1.0,1,1.0,1,0.051822305071905495,54
4824,1,6470,3509,2961,0,0,0,1.0,1,1.0,1,1.0,1,0.055532274415004815,55
4825,2,6472,3510,2962,0,0,0,1.0,1,1.0,1,1.0,1,0.08658852007812923,53
4826,1,6473,3510,2963,0,0,0,1.0,1,1.0,1,1.0,1,0.06597234725117038,54
4827,3,6476,3512,2964,0,0,0,1.0,1,1.0,1,1.0,1,0.1307162975931175,53
4828,1,6477,3512,2965,0,0,0,1.0,1,1.0,1,1.0,1,0.10123463560346216,54
4829,2,6479,3512,2967,0,0,0,1.0,1,1.0,1,1.0,1,0.06215825794615962,54
4830,0,6479,3512,2967,0,0,0,1.0,1,1.0,1,1.0,1,0.0574913178827623,53
4831,0,6479,3512,2967,0,0,0,1.0,1,1.0,1,1.0,1,0.0681580876910182,52
4832,0,6479,3512,2967,0,0,0,1.0,1,1.0,1,1.0,1,0.07921530221820473,50
4833,1,6480,3512,2968,0,0,0,1.0,1,1.0,1,1.0,1,0.08696100829671986,51
4834,2,6482,3512,2970,0,0,0,1.0,1,1.0,1,1.0,1,0.08005423641596585,51
4835,0,6482,3512,2970,0,0,0,1.0,1,1.0,1,1.0,1,0.11165826482941167,50
4836,1,6483,3512,2971,0,0,0,1.0,1,1.0,1,1.0,1,0.07364375017793276,50
4837,3,6486,3513,2973,0,0,0,1.0,1,1.0,1,1.0,1,0.08854054855498741,46
4838,3,6489,3515,2974,0,0,0,1.0,1,1.0,1,1.0,1,0.1073779719106572,47
4839,2,6491,3517,2974,0,0,0,1.0,1,1.0,1,1.0,1,0.127267978532277,45
4840,0,6491,3517,2974,0,0,0,1.0,1,1.0,1,1.0,1,0.127267978532277,45
4841,4,6495,3518,2977,0,0,0,1.0,1,1.0,1,1.0,1,0.12672306162239166,43
4842,0,6495,3518,2977,0,0,0,1.0,1,1.0,1,1.0,1,0.10517504525263302,43
4843,0,6495,3518,2977,0,0,0,1.0,1,1.0,1,1.0,1,0.10080659487151274,44
4844,0,6495,3518,2977,0,0,0,1.0,1,1.0,1,1.0,1,0.10927550831299805,43
4845,3,6498,3520,2978,0,0,0,1.0,1,1.0,1,1.0,1,0.06985286696070515,44
4846,1,6499,3521,2978,0,0,0,1.0,1,1.0,1,1.0,1,0.046204985257123056,43
4847,1,6500,3522,2978,0,0,0,1.0,1,1.0,1,1.0,1,0.06067492078503762,42
4848,3,6503,3524,2979,0,0,0,1.0,1,1.0,1,1.0,1,0.09851497061735418,41
4849,4,6507,3526,2981,0,0,0,1.0,1,1.0,1,1.0,1,0.06840602698763003,41
4850,0,6507,3526,2981,0,0,0,1.0,1,1.0,1,1.0,1,0.10909443605454983,41
4851,0,6507,3526,2981,0,0,0,1.0,1,1.0,1,1.0,1,0.10909443605454983,41
4852,1,6508,3527,2981,0,0,0,1.0,1,1.0,1,1.0,1,0.13344971722441828,43
4853,0,6508,3527,2981,0,0,0,1.0,1,1.0,1,1.0,1,0.15038968937481428,44
4854,0,6508,3527,2981,0,0,0,1.0,1,1.0,1,1.0,1,0.141340546029201,45
4855,0,6508,3527,2981,0,0,0,1.0,1,1.0,1,1.0,1,0.1435699897031285,44
4856,0,6508,3527,2981,0,0,0,1.0,1,1.0,1,1.0,1,0.1435699897031285,44
4857,1,6509,3527,2982,0,0,0,1.0,1,1.0,1,1.0,1,0.14175382350109794,44
4858,1,6510,3527,2983,0,0,0,1.0,1,1.0,1,1.0,1,0.13057581469541857,45
4859,1,6511,3527,2984,0,0,0,1.0,1,1.0,1,1.0,1,0.1315500143157844,46
4860,0,6511,3527,2984,0,0,0,1.0,1,1.0,1,1.0,1,0.1315500143157844,46
4861,0,6511,3527,2984,0,0,0,1.0,1,1.0,1,1.0,1,0.11941808713290929,46
4862,1,6512,3527,2985,0,0,0,1.0,1,1.0,1,1.0,1,0.11595153518804027,47
4863,2,6514,3528,2986,0,0,0,1.0,1,1.0,1,1.0,1,0.08039459117069164,47
4864,1,6515,3528,2987,0,0,0,1.0,1,1.0,1,1.0,1,0.07802537204212444,47
4865,0,6515,3528,2987,0,0,0,1.0,1,1.0,1,1.0,1,0.09247104140991912,48
4866,0,6515,3528,2987,0,0,0,1.0,1,1.0,1,1.0,1,0.08163001912072956,49
4867,1,6516,3528,2988,0,0,0,1.0,1,1.0,1,1.0,1,0.07179208098959418,50
4868,1,6517,3529,2988,0,0,0,1.0,1,1.0,1,1.0,1,0.07117183224267541,50
4869,0,6517,3529,2988,0,0,0,1.0,1,1.0,1,1.0,1,0.07117183224267541,50
4870,2,6519,3531,2988,0,0,0,1.0,1,1.0,1,1.0,1,0.09690823823848126,52
4871,0,6519,3531,2988,0,0,0,1.0,1,1.0,1,1.0,1,0.09690823823848126,52
4872,0,6519,3531,2988,0,0,0,1.0,1,1.0,1,1.0,1,0.07781821002443441,53
4873,5,6524,3533,2991,0,0,0,1.0,1,1.0,1,1.0,1,0.08511671959137236,55
4874,2,6526,3534,2992,0,0,0,1.0,1,1.0,1,1.0,1,0.0843239415632646,56
4875,2,6528,3536,2992,0,0,0,1.0,1,1.0,1,1.0,1,0.09354067615967343,55
4876,3,6531,3537,2994,0,0,0,1.0,1,1.0,1,1.0,1,0.1038307783254879,55
4877,4,6535,3539,2996,0,0,0,1.0,1,1.0,1,1.0,1,0.12650518772341846,54
4878,2,6537,3541,2996,0,0,0,1.0,1,1.0,1,1.0,1,0.1500066127803567,53
4879,2,6539,3542,2997,0,0,0,1.0,1,1.0,1,1.0,1,0.15587400734043205,54
4880,2,6541,3543,2998,0,0,0,1.0,1,1.0,1,1.0,1,0.16006108676813027,54
4881,4,6545,3544,3001,0,0,0,1.0,1,1.0,1,1.0,1,0.14806395771662104,53
4882,1,6546,3545,3001,0,0,0,1.0,1,1.0,1,1.0,1,0.1543847688493601,53
4883,0,6546,3545,3001,0,0,0,1.0,1,1.0,1,1.0,1,0.15444812470286104,53
4884,0,6546,3545,3001,0,0,0,1.0,1,1.0,1,1.0,1,0.14080418672531778,51
4885,0,6546,3545,3001,0,0,0,1.0,1,1.0,1,1.0,1,0.13639558543607633,50
4886,1,6547,3546,3001,0,0,0,1.0,1,1.0,1,1.0,1,0.15663628128530685,48
4887,0,6547,3546,3001,0,0,0,1.0,1,1.0,1,1.0,1,0.15663628128530685,48
4888,0,6547,3546,3001,0,0,0,1.0,1,1.0,1,1.0,1,0.15663628128530685,48
4889,1,6548,3546,3002,0,0,0,1.0,1,1.0,1,1.0,1,0.13280861515353745,48
4890,0,6548,3546,3002,0,0,0,1.0,1,1.0,1,1.0,1,0.13166678459062106,49
4891,2,6550,3547,3003,0,0,0,1.0,1,1.0,1,1.0,1,0.14846766803723319,50
4892,1,6551,3547,3004,0,0,0,1.0,1,1.0,1,1.0,1,0.13863291778457118,49
4893,1,6552,3547,3005,0,0,0,1.0,1,1.0,1,1.0,1,0.12947465820715623,50
4894,1,6553,3547,3006,0,0,0,1.0,1,1.0,1,1.0,1,0.10771998916527617,51
4895,1,6554,3547,3007,0,0,0,1.0,1,1.0,1,1.0,1,0.1115369729711083,52
4896,1,6555,3547,3008,0,0,0,1.0,1,1.0,1,1.0,1,0.09274856769667959,53
4897,1,6556,3547,3009,0,0,0,1.0,1,1.0,1,1.0,1,0.08477968891325546,53
4898,0,6556,3547,3009,0,0,0,1.0,1,1.0,1,1.0,1,0.08477968891325546,53
4899,2,6558,3548,3010,0,0,0,1.0,1,1.0,1,1.0,1,0.06671469854603787,55
4900,2,6560,3549,3011,0,0,0,1.0,1,1.0,1,1.0,1,0.08018398065594422,55
4901,0,6560,3549,3011,0,0,0,1.0,1,1.0,1,1.0,1,0.0937336286843342,56
4902,2,6562,3550,3012,0,0,0,1.0,1,1.0,1,1.0,1,0.12180159492396872,58
4903,2,6564,3551,3013,0,0,0,1.0,1,1.0,1,1.0,1,0.12900139356936446,58
4904,1,6565,3551,3014,0,0,0,1.0,1,1.0,1,1.0,1,0.11660141228397294,57
4905,3,6568,3552,3016,0,0,0,1.0,1,1.0,1,1.0,1,0.14610548358382286,54
4906,1,6569,3552,3017,0,0,0,1.0,1,1.0,1,1.0,1,0.14937091526371502,55
4907,0,6569,3552,3017,0,0,0,1.0,1,1.0,1,1.0,1,0.1643252613971901,52
4908,1,6570,3553,3017,0,0,0,1.0,1,1.0,1,1.0,1,0.18535601040548894,53
4909,2,6572,3553,3019,0,0,0,1.0,1,1.0,1,1.0,1,0.1747147262473388,52
4910,3,6575,3555,3020,0,0,0,1.0,1,1.0,1,1.0,1,0.19588764678943804,53
4911,0,6575,3555,3020,0,0,0,1.0,1,1.0,1,1.0,1,0.19574057967693867,55
4912,3,6578,3557,3021,0,0,0,1.0,1,1.0,1,1.0,1,0.20738620590625656,54
4913,1,6579,3557,3022,0,0,0,1.0,1,1.0,1,1.0,1,0.18919820157120257,53
4914,1,6580,3557,3023,0,0,0,1.0,1,1.0,1,1.0,1,0.1679461406102399,53
4915,1,6581,3557,3024,0,0,0,1.0,1,1.0,1,1.0,1,0.1599114080199318,54
4916,2,6583,3557,3026,0,0,0,1.0,1,1.0,1,1.0,1,0.1301364615206852,52
4917,2,6585,3558,3027,0,0,0,1.0,1,1.0,1,1.0,1,0.11134037068362312,52
4918,1,6586,3558,3028,0,0,0,1.0,1,1.0,1,1.0,1,0.0876983422700171,51
4919,1,6587,3559,3028,0,0,0,1.0,1,1.0,1,1.0,1,0.12672949011097254,50
4920,1,6588,3559,3029,0,0,0,1.0,1,1.0,1,1.0,1,0.10794837812291606,51
4921,0,6588,3559,3029,0,0,0,1.0,1,1.0,1,1.0,1,0.10794837812291606,51
4922,2,6590,3560,3030,0,0,0,1.0,1,1.0,1,1.0,1,0.1356105182344159,53
4923,1,6591,3560,3031,0,0,0,1.0,1,1.0,1,1.0,1,0.12315565954848755,53
4924,0,6591,3560,3031,0,0,0,1.0,1,1.0,1,1.0,1,0.12413297564787032,55
4925,3,6594,3562,3032,0,0,0,1.0,1,1.0,1,1.0,1,0.09261643075500588,56
4926,0,6594,3562,3032,0,0,0,1.0,1,1.0,1,1.0,1,0.07737551285151842,55
4927,3,6597,3564,3033,0,0,0,1.0,1,1.0,1,1.0,1,0.08161836851595015,55
4928,0,6597,3564,3033,0,0,0,1.0,1,1.0,1,1.0,1,0.08161836851595015,55
4929,1,6598,3564,3034,0,0,0,1.0,1,1.0,1,1.0,1,0.0709562251523779,56
4930,1,6599,3564,3035,0,0,0,1.0,1,1.0,1,1.0,1,0.06768744096703129,58
4931,0,6599,3564,3035,0,0,0,1.0,1,1.0,1,1.0,1,0.06309907556938209,59
4932,0,6599,3564,3035,0,0,0,1.0,1,1.0,1,1.0,1,0.07753395246895146,60
4933,2,6601,3565,3036,0,0,0,1.0,1,1.0,1,1.0,1,0.09124991503751154,60
4934,1,6602,3566,3036,0,0,0,1.0,1,1.0,1,1.0,1,0.10947042470330108,60
4935,0,6602,3566,3036,0,0,0,1.0,1,1.0,1,1.0,1,0.10947042470330108,60
4936,1,6603,3567,3036,0,0,0,1.0,1,1.0,1,1.0,1,0.13618756304257998,61
4937,5,6608,3569,3039,0,0,0,1.0,1,1.0,1,1.0,1,0.14619958566815563,62
4938,1,6609,3569,3040,0,0,0,1.0,1,1.0,1,1.0,1,0.13798056785454937,62
4939,3,6612,3571,3041,0,0,0,1.0,1,1.0,1,1.0,1,0.13314849174919938,64
4940,1,6613,3571,3042,0,0,0,1.0,1,1.0,1,1.0,1,0.13169205652302876,67
4941,1,6614,3571,3043,0,0,0,1.0,1,1.0,1,1.0,1,0.13413746773422006,66
4942,2,6616,3571,3045,0,0,0,1.0,1,1.0,1,1.0,1,0.11568354133647356,67
4943,0,6616,3571,3045,0,0,0,1.0,1,1.0,1,1.0,1,0.13278556387459706,65
4944,0,6616,3571,3045,0,0,0,1.0,1,1.0,1,1.0,1,0.13278556387459706,65
4945,3,6619,3571,3048,0,0,0,1.0,1,1.0,1,1.0,1,0.13206938540802243,62
4946,1,6620,3571,3049,0,0,0,1.0,1,1.0,1,1.0,1,0.12889272665230184,61
4947,1,6621,3572,3049,0,0,0,1.0,1,1.0,1,1.0,1,0.1422694419061028,59
4948,1,6622,3573,3049,0,0,0,1.0,1,1.0,1,1.0,1,0.16741896577534787,59
4949,5,6627,3573,3054,0,0,0,1.0,1,1.0,1,1.0,1,0.12901966015692604,57
4950,4,6631,3576,3055,0,0,0,1.0,1,1.0,1,1.0,1,0.1576776055816089,58
4951,3,6634,3579,3055,0,0,0,1.0,1,1.0,1,1.0,1,0.18134553287991068,55
4952,2,6636,3581,3055,0,0,0,1.0,1,1.0,1,1.0,1,0.16743352085428134,53
4953,5,6641,3583,3058,0,0,0,1.0,1,1.0,1,1.0,1,0.1657852485300403,54
4954,0,6641,3583,3058,0,0,0,1.0,1,1.0,1,1.0,1,0.1441457503587901,52
4955,1,6642,3583,3059,0,0,0,1.0,1,1.0,1,1.0,1,0.141636165348492,51
4956,0,6642,3583,3059,0,0,0,1.0,1,1.0,1,1.0,1,0.1382820035147004,47
4957,3,6645,3583,3062,0,0,0,1.0,1,1.0,1,1.0,1,0.0916720125469817,48
4958,0,6645,3583,3062,0,0,0,1.0,1,1.0,1,1.0,1,0.07884985073978544,47
4959,0,6645,3583,3062,0,0,0,1.0,1,1.0,1,1.0,1,0.07884985073978544,47
4960,0,6645,3583,3062,0,0,0,1.0,1,1.0,1,1.0,1,0.09364790831242537,48
4961,1,6646,3583,3063,0,0,0,1.0,1,1.0,1,1.0,1,0.07461976767488891,49
4962,1,6647,3584,3063,0,0,0,1.0,1,1.0,1,1.0,1,0.07239781962127696,49
4963,1,6648,3584,3064,0,0,0,1.0,1,1.0,1,1.0,1,0.07830076708178293,51
4964,2,6650,3585,3065,0,0,0,1.0,1,1.0,1,1.0,1,0.09574404495427677,51
4965,3,6653,3587,3066,0,0,0,1.0,1,1.0,1,1.0,1,0.11771326615221575,51
4966,2,6655,3588,3067,0,0,0,1.0,1,1.0,1,1.0,1,0.10979539306242907,51
4967,3,6658,3590,3068,0,0,0,1.0,1,1.0,1,1.0,1,0.14509452941758644,51
4968,1,6659,3591,3068,0,0,0,1.0,1,1.0,1,1.0,1,0.12704562633050806,52
4969,3,6662,3591,3071,0,0,0,1.0,1,1.0,1,1.0,1,0.10742337703750761,53
4970,2,6664,3592,3072,0,0,0,1.0,1,1.0,1,1.0,1,0.11748010164215408,54
4971,2,6666,3592,3074,0,0,0,1.0,1,1.0,1,1.0,1,0.10497939992582996,55
4972,2,6668,3593,3075,0,0,0,1.0,1,1.0,1,1.0,1,0.11077927951925762,56
4973,1,6669,3593,3076,0,0,0,1.0,1,1.0,1,1.0,1,0.08436888076586394,57
4974,0,6669,3593,3076,0,0,0,1.0,1,1.0,1,1.0,1,0.1084386829635174,56
4975,2,6671,3594,3077,0,0,0,1.0,1,1.0,1,1.0,1,0.12672731389241923,57
4976,2,6673,3595,3078,0,0,0,1.0,1,1.0,1,1.0,1,0.11018753160718753,57
4977,1,6674,3595,3079,0,0,0,1.0,1,1.0,1,1.0,1,0.10172443525518995,57
4978,1,6675,3596,3079,0,0,0,1.0,1,1.0,1,1.0,1,0.09511171579255215,58
4979,1,6676,3597,3079,0,0,0,1.0,1,1.0,1,1.0,1,0.10622667907822617,58
4980,2,6678,3598,3080,0,0,0,1.0,1,1.0,1,1.0,1,0.11962008641953698,59
4981,4,6682,3599,3083,0,0,0,1.0,1,1.0,1,1.0,1,0.10906035023238535,60
4982,0,6682,3599,3083,0,0,0,1.0,1,1.0,1,1.0,1,0.0965144664657593,61
4983,1,6683,3600,3083,0,0,0,1.0,1,1.0,1,1.0,1,0.0749940518977571,61
4984,0,6683,3600,3083,0,0,0,1.0,1,1.0,1,1.0,1,0.0998240792413509,59
4985,3,6686,3600,3086,0,0,0,1.0,1,1.0,1,1.0,1,0.10157205315025605,58
4986,0,6686,3600,3086,0,0,0,1.0,1,1.0,1,1.0,1,0.08536197895608617,59
4987,2,6688,3601,3087,0,0,0,1.0,1,1.0,1,1.0,1,0.1106001174530795,58
4988,1,6689,3601,3088,0,0,0,1.0,1,1.0,1,1.0,1,0.09989382995708303,57
4989,3,6692,3603,3089,0,0,0,1.0,1,1.0,1,1.0,1,0.12720547610903696,54
4990,2,6694,3604,3090,0,0,0,1.0,1,1.0,1,1.0,1,0.11730118130357256,53
4991,4,6698,3607,3091,0,0,0,1.0,1,1.0,1,1.0,1,0.1311726833002046,52
4992,1,6699,3608,3091,0,0,0,1.0,1,1.0,1,1.0,1,0.1608059461838322,48
4993,4,6703,3609,3094,0,0,0,1.0,1,1.0,1,1.0,1,0.12632237080352743,48
4994,2,6705,3610,3095,0,0,0,1.0,1,1.0,1,1.0,1,0.09783435301816916,45
4995,2,6707,3612,3095,0,0,0,1.0,1,1.0,1,1.0,1,0.14315369105336914,45
4996,2,6709,3614,3095,0,0,0,1.0,1,1.0,1,1.0,1,0.08120066607455012,45
4997,3,6712,3615,3097,0,0,0,1.0,1,1.0,1,1.0,1,0.09142333883115743,42
4998,2,6714,3616,3098,0,0,0,1.0,1,1.0,1,1.0,1,0.1138471504124504,44
4999,1,6715,3617,3098,0,0,0,1.0,1,1.0,1,1.0,1,0.14868933221674482,44
5000,1,6716,3618,3098,0,0,0,1.0,1,1.0,1,1.0,1,0.19733908024260088,42
5001,1,6717,3618,3099,0,0,0,1.0,1,1.0,1,1.0,1,0.17750465054575962,42
5002,1,6718,3619,3099,0,0,0,1.0,1,1.0,1,1.0,1,0.18136660323943005,41
5003,2,6720,3620,3100,0,0,0,1.0,1,1.0,1,1.0,1,0.2306908513779317,41
5004,0,6720,3620,3100,0,0,0,1.0,1,1.0,1,1.0,1,0.23818782954414422,41
5005,0,6720,3620,3100,0,0,0,1.0,1,1.0,1,1.0,1,0.23818782954414422,41
5006,0,6720,3620,3100,0,0,0,1.0,1,1.0,1,1.0,1,0.2245117971786109,42
5007,0,6720,3620,3100,0,0,0,1.0,1,1.0,1,1.0,1,0.21881086247165477,43
5008,0,6720,3620,3100,0,0,0,1.0,1,1.0,1,1.0,1,0.19780078875083187,46
5009,0,6720,3620,3100,0,0,0,1.0,1,1.0,1,1.0,1,0.19780078875083187,46
5010,0,6720,3620,3100,0,0,0,1.0,1,1.0,1,1.0,1,0.21163471318532634,46
5011,0,6720,3620,3100,0,0,0,1.0,1,1.0,1,1.0,1,0.20905790729473164,47
5012,0,6720,3620,3100,0,0,0,1.0,1,1.0,1,1.0,1,0.20983590996013746,48
5013,1,6721,3620,3101,0,0,0,1.0,1,1.0,1,1.0,1,0.1929042747520659,48
5014,0,6721,3620,3101,0,0,0,1.0,1,1.0,1,1.0,1,0.1855642910941162,49
5015,2,6723,3620,3103,0,0,0,1.0,1,1.0,1,1.0,1,0.15120945498850197,50
5016,1,6724,3621,3103,0,0,0,1.0,1,1.0,1,1.0,1,0.1905813750515018,51
5017,3,6727,3621,3106,0,0,0,1.0,1,1.0,1,1.0,1,0.14869029445131418,51
5018,0,6727,3621,3106,0,0,0,1.0,1,1.0,1,1.0,1,0.14869029445131418,51
5019,0,6727,3621,3106,0,0,0,1.0,1,1.0,1,1.0,1,0.1555623101217772,51
5020,0,6727,3621,3106,0,0,0,1.0,1,1.0,1,1.0,1,0.1555623101217772,51
5021,2,6729,3621,3108,0,0,0,1.0,1,1.0,1,1.0,1,0.13892004365733784,52
5022,1,6730,3622,3108,0,0,0,1.0,1,1.0,1,1.0,1,0.13653532399024487,52
5023,1,6731,3623,3108,0,0,0,1.0,1,1.0,1,1.0,1,0.14827845291615901,52
5024,0,6731,3623,3108,0,0,0,1.0,1,1.0,1,1.0,1,0.13381542108257516,51
5025,1,6732,3623,3109,0,0,0,1.0,1,1.0,1,1.0,1,0.12372617931307532,50
5026,3,6735,3624,3111,0,0,0,1.0,1,1.0,1,1.0,1,0.16155923673313824,49
5027,1,6736,3625,3111,0,0,0,1.0,1,1.0,1,1.0,1,0.1704303031660877,47
5028,1,6737,3626,3111,0,0,0,1.0,1,1.0,1,1.0,1,0.20682633092623864,47
5029,1,6738,3626,3112,0,0,0,1.0,1,1.0,1,1.0,1,0.16918265847736652,46
5030,1,6739,3627,3112,0,0,0,1.0,1,1.0,1,1.0,1,0.1559341323797669,48
5031,1,6740,3628,3112,0,0,0,1.0,1,1.0,1,1.0,1,0.16841389929196213,46
5032,0,6740,3628,3112,0,0,0,1.0,1,1.0,1,1.0,1,0.16841389929196213,46
5033,2,6742,3629,3113,0,0,0,1.0,1,1.0,1,1.0,1,0.17225383182609955,47
5034,0,6742,3629,3113,0,0,0,1.0,1,1.0,1,1.0,1,0.15572445480261582,48
5035,0,6742,3629,3113,0,0,0,1.0,1,1.0,1,1.0,1,0.1539702004769743,47
5036,0,6742,3629,3113,0,0,0,1.0,1,1.0,1,1.0,1,0.1539702004769743,47
5037,0,6742,3629,3113,0,0,0,1.0,1,1.0,1,1.0,1,0.1620993590028702,47
5038,0,6742,3629,3113,0,0,0,1.0,1,1.0,1,1.0,1,0.17225777229588132,48
5039,1,6743,3630,3113,0,0,0,1.0,1,1.0,1,1.0,1,0.22294411887800072,47
5040,0,6743,3630,3113,0,0,0,1.0,1,1.0,1,1.0,1,0.21550303133011764,48
5041,1,6744,3630,3114,0,0,0,1.0,1,1.0,1,1.0,1,0.19608851049586928,49
5042,0,6744,3630,3114,0,0,0,1.0,1,1.0,1,1.0,1,0.18428225722796263,50
5043,1,6745,3630,3115,0,0,0,1.0,1,1.0,1,1.0,1,0.14945490020901464,51
5044,0,6745,3630,3115,0,0,0,1.0,1,1.0,1,1.0,1,0.14945490020901464,51
5045,1,6746,3630,3116,0,0,0,1.0,1,1.0,1,1.0,1,0.13764218014223512,51
5046,1,6747,3631,3116,0,0,0,1.0,1,1.0,1,1.0,1,0.1579910542007685,52
5047,1,6748,3631,3117,0,0,0,1.0,1,1.0,1,1.0,1,0.13852286388502882,52
5048,1,6749,3631,3118,0,0,0,1.0,1,1.0,1,1.0,1,0.13036978115250036,52
5049,2,6751,3631,3120,0,0,0,1.0,1,1.0,1,1.0,1,0.13921121399393332,52
5050,0,6751,3631,3120,0,0,0,1.0,1,1.0,1,1.0,1,0.13319015694706848,55
5051,1,6752,3631,3121,0,0,0,1.0,1,1.0,1,1.0,1,0.14466952004503872,55
5052,0,6752,3631,3121,0,0,0,1.0,1,1.0,1,1.0,1,0.14466952004503872,55
5053,1,6753,3631,3122,0,0,0,1.0,1,1.0,1,1.0,1,0.14782001315184207,54
5054,2,6755,3632,3123,0,0,0,1.0,1,1.0,1,1.0,1,0.1413945730804686,54
5055,1,6756,3632,3124,0,0,0,1.0,1,1.0,1,1.0,1,0.13557185164016164,54
5056,2,6758,3632,3126,0,0,0,1.0,1,1.0,1,1.0,1,0.12287051534937392,55
5057,1,6759,3632,3127,0,0,0,1.0,1,1.0,1,1.0,1,0.12023438040781212,56
5058,4,6763,3634,3129,0,0,0,1.0,1,1.0,1,1.0,1,0.08314038863566219,58
5059,0,6763,3634,3129,0,0,0,1.0,1,1.0,1,1.0,1,0.08314038863566219,58
5060,4,6767,3637,3130,0,0,0,1.0,1,1.0,1,1.0,1,0.06671543071700992,59
5061,2,6769,3637,3132,0,0,0,1.0,1,1.0,1,1.0,1,0.03292834464656742,58
5062,1,6770,3638,3132,0,0,0,1.0,1,1.0,1,1.0,1,0.016255385398062122,58
5063,3,6773,3641,3132,0,0,0,1.0,1,1.0,1,1.0,1,0.07487631448415775,57
5064,2,6775,3642,3133,0,0,0,1.0,1,1.0,1,1.0,1,0.10428684502989849,57
5065,3,6778,3643,3135,0,0,0,1.0,1,1.0,1,1.0,1,0.10285526776389964,56
5066,2,6780,3645,3135,0,0,0,1.0,1,1.0,1,1.0,1,0.15756552612779298,55
5067,0,6780,3645,3135,0,0,0,1.0,1,1.0,1,1.0,1,0.14472252952462356,54
5068,2,6782,3646,3136,0,0,0,1.0,1,1.0,1,1.0,1,0.16216036113491084,54
5069,2,6784,3647,3137,0,0,0,1.0,1,1.0,1,1.0,1,0.17342658041151532,53
5070,2,6786,3648,3138,0,0,0,1.0,1,1.0,1,1.0,1,0.2010804057972956,53
5071,1,6787,3649,3138,0,0,0,1.0,1,1.0,1,1.0,1,0.18355762065499914,53
5072,1,6788,3649,3139,0,0,0,1.0,1,1.0,1,1.0,1,0.16204813499652362,53
5073,3,6791,3650,3141,0,0,0,1.0,1,1.0,1,1.0,1,0.12290424066402662,53
5074,0,6791,3650,3141,0,0,0,1.0,1,1.0,1,1.0,1,0.09984025874132246,52
5075,0,6791,3650,3141,0,0,0,1.0,1,1.0,1,1.0,1,0.09984025874132246,52
5076,0,6791,3650,3141,0,0,0,1.0,1,1.0,1,1.0,1,0.0781597158997536,55
5077,3,6794,3652,3142,0,0,0,1.0,1,1.0,1,1.0,1,0.10983909104582695,55
5078,0,6794,3652,3142,0,0,0,1.0,1,1.0,1,1.0,1,0.10983909104582695,55
5079,0,6794,3652,3142,0,0,0,1.0,1,1.0,1,1.0,1,0.12394363208283399,54
5080,1,6795,3653,3142,0,0,0,1.0,1,1.0,1,1.0,1,0.13787937000733405,55
5081,2,6797,3653,3144,0,0,0,1.0,1,1.0,1,1.0,1,0.13384214993746799,57
5082,0,6797,3653,3144,0,0,0,1.0,1,1.0,1,1.0,1,0.13384214993746799,57
5083,1,6798,3653,3145,0,0,0,1.0,1,1.0,1,1.0,1,0.11696007332504962,58
5084,1,6799,3653,3146,0,0,0,1.0,1,1.0,1,1.0,1,0.10757516329280044,58
5085,1,6800,3653,3147,0,0,0,1.0,1,1.0,1,1.0,1,0.09143118796769974,59
5086,2,6802,3655,3147,0,0,0,1.0,1,1.0,1,1.0,1,0.07286453215959332,60
5087,1,6803,3656,3147,0,0,0,1.0,1,1.0,1,1.0,1,0.0897421503358406,61
5088,3,6806,3658,3148,0,0,0,1.0,1,1.0,1,1.0,1,0.12203249959400299,62
5089,6,6812,3661,3151,0,0,0,1.0,1,1.0,1,1.0,1,0.09772689748004708,63
5090,0,6812,3661,3151,0,0,0,1.0,1,1.0,1,1.0,1,0.09772689748004708,63
5091,3,6815,3664,3151,0,0,0,1.0,1,1.0,1,1.0,1,0.14285697883773277,63
5092,1,6816,3664,3152,0,0,0,1.0,1,1.0,1,1.0,1,0.1300325243893522,63
5093,3,6819,3664,3155,0,0,0,1.0,1,1.0,1,1.0,1,0.10043547550874805,63
5094,2,6821,3665,3156,0,0,0,1.0,1,1.0,1,1.0,1,0.09238640961373074,64
5095,1,6822,3665,3157,0,0,0,1.0,1,1.0,1,1.0,1,0.07649207623929842,64
5096,1,6823,3665,3158,0,0,0,1.0,1,1.0,1,1.0,1,0.05833385411605208,67
5097,4,6827,3666,3161,0,0,0,1.0,1,1.0,1,1.0,1,0.05843665763502128,67
5098,0,6827,3666,3161,0,0,0,1.0,1,1.0,1,1.0,1,0.06077598190471956,68
5099,0,6827,3666,3161,0,0,0,1.0,1,1.0,1,1.0,1,0.06786822560676331,70
5100,0,6827,3666,3161,0,0,0,1.0,1,1.0,1,1.0,1,0.054453083334323485,71
5101,2,6829,3667,3162,0,0,0,1.0,1,1.0,1,1.0,1,0.056984996549844735,71
5102,1,6830,3668,3162,0,0,0,1.0,1,1.0,1,1.0,1,0.06641896379567065,70
5103,1,6831,3669,3162,0,0,0,1.0,1,1.0,1,1.0,1,0.07366634868619999,67
5104,2,6833,3671,3162,0,0,0,1.0,1,1.0,1,1.0,1,0.08267797190221854,67
5105,4,6837,3674,3163,0,0,0,1.0,1,1.0,1,1.0,1,0.09340475648605359,63
5106,1,6838,3675,3163,0,0,0,1.0,1,1.0,1,1.0,1,0.13180689767798678,63
5107,3,6841,3678,3163,0,0,0,1.0,1,1.0,1,1.0,1,0.16613188407704454,60
5108,2,6843,3680,3163,0,0,0,1.0,1,1.0,1,1.0,1,0.20546347747214788,56
5109,7,6850,3681,3169,0,0,0,1.0,1,1.0,1,1.0,1,0.14556625577596727,56
5110,1,6851,3682,3169,0,0,0,1.0,1,1.0,1,1.0,1,0.1833503834733525,52
5111,3,6854,3685,3169,0,0,0,1.0,1,1.0,1,1.0,1,0.22871308343778118,51
5112,1,6855,3685,3170,0,0,0,1.0,1,1.0,1,1.0,1,0.24299034575671125,50
5113,6,6861,3687,3174,0,0,0,1.0,1,1.0,1,1.0,1,0.2125380458845263,48
5114,3,6864,3688,3176,0,0,0,1.0,1,1.0,1,1.0,1,0.1632102291396839,46
5115,0,6864,3688,3176,0,0,0,1.0,1,1.0,1,1.0,1,0.14139479891905413,44
5116,0,6864,3688,3176,0,0,0,1.0,1,1.0,1,1.0,1,0.14414463019556106,44
5117,4,6868,3688,3180,0,0,0,1.0,1,1.0,1,1.0,1,0.08953503204155576,46
5118,0,6868,3688,3180,0,0,0,1.0,1,1.0,1,1.0,1,0.08953503204155576,46
5119,1,6869,3689,3180,0,0,0,1.0,1,1.0,1,1.0,1,0.11235887795650104,46
5120,2,6871,3690,3181,0,0,0,1.0,1,1.0,1,1.0,1,0.13557666511912578,46
5121,2,6873,3691,3182,0,0,0,1.0,1,1.0,1,1.0,1,0.16972288831077426,46
5122,2,6875,3692,3183,0,0,0,1.0,1,1.0,1,1.0,1,0.183929234728318,46
5123,3,6878,3694,3184,0,0,0,1.0,1,1.0,1,1.0,1,0.16704262842855175,45
5124,2,6880,3695,3185,0,0,0,1.0,1,1.0,1,1.0,1,0.17917464561001692,47
5125,4,6884,3696,3188,0,0,0,1.0,1,1.0,1,1.0,1,0.1479612821533904,50
5126,3,6887,3696,3191,0,0,0,1.0,1,1.0,1,1.0,1,0.1076551187592765,50
5127,0,6887,3696,3191,0,0,0,1.0,1,1.0,1,1.0,1,0.11315195604961928,52
5128,1,6888,3696,3192,0,0,0,1.0,1,1.0,1,1.0,1,0.10480480086463685,53
5129,1,6889,3696,3193,0,0,0,1.0,1,1.0,1,1.0,1,0.10009800941545322,55
5130,0,6889,3696,3193,0,0,0,1.0,1,1.0,1,1.0,1,0.10009800941545322,55
5131,0,6889,3696,3193,0,0,0,1.0,1,1.0,1,1.0,1,0.11787951663491088,54
5132,1,6890,3696,3194,0,0,0,1.0,1,1.0,1,1.0,1,0.11732348066001133,54
5133,1,6891,3696,3195,0,0,0,1.0,1,1.0,1,1.0,1,0.10763486475764587,54
5134,0,6891,3696,3195,0,0,0,1.0,1,1.0,1,1.0,1,0.12201643410401602,53
5135,1,6892,3696,3196,0,0,0,1.0,1,1.0,1,1.0,1,0.12449139387281925,54
5136,0,6892,3696,3196,0,0,0,1.0,1,1.0,1,1.0,1,0.1593681468112944,54
5137,2,6894,3697,3197,0,0,0,1.0,1,1.0,1,1.0,1,0.1374310308939069,54
5138,3,6897,3699,3198,0,0,0,1.0,1,1.0,1,1.0,1,0.1554608782288582,54
5139,1,6898,3700,3198,0,0,0,1.0,1,1.0,1,1.0,1,0.13782595207741163,55
5140,4,6902,3703,3199,0,0,0,1.0,1,1.0,1,1.0,1,0.15057374824691763,55
5141,3,6905,3704,3201,0,0,0,1.0,1,1.0,1,1.0,1,0.11654066193565091,53
5142,1,6906,3704,3202,0,0,0,1.0,1,1.0,1,1.0,1,0.09527846506515616,54
5143,2,6908,3706,3202,0,0,0,1.0,1,1.0,1,1.0,1,0.13598643745858377,52
5144,0,6908,3706,3202,0,0,0,1.0,1,1.0,1,1.0,1,0.10853630289757771,50
5145,2,6910,3706,3204,0,0,0,1.0,1,1.0,1,1.0,1,0.09927044714568652,49
5146,0,6910,3706,3204,0,0,0,1.0,1,1.0,1,1.0,1,0.1015131522889812,49
5147,0,6910,3706,3204,0,0,0,1.0,1,1.0,1,1.0,1,0.11342863636561104,46
5148,0,6910,3706,3204,0,0,0,1.0,1,1.0,1,1.0,1,0.09021723804037302,46
5149,1,6911,3706,3205,0,0,0,1.0,1,1.0,1,1.0,1,0.0857129265505656,45
5150,3,6914,3708,3206,0,0,0,1.0,1,1.0,1,1.0,1,0.09245180341631627,47
5151,1,6915,3709,3206,0,0,0,1.0,1,1.0,1,1.0,1,0.1391466476499615,46
5152,4,6919,3711,3208,0,0,0,1.0,1,1.0,1,1.0,1,0.15850694974498836,46
5153,1,6920,3711,3209,0,0,0,1.0,1,1.0,1,1.0,1,0.159160893119793,45
5154,2,6922,3712,3210,0,0,0,1.0,1,1.0,1,1.0,1,0.1788836546763022,47
5155,3,6925,3713,3212,0,0,0,1.0,1,1.0,1,1.0,1,0.19765303174280946,47
5156,1,6926,3713,3213,0,0,0,1.0,1,1.0,1,1.0,1,0.17112961187337752,47
5157,2,6928,3713,3215,0,0,0,1.0,1,1.0,1,1.0,1,0.16399736068265267,46
5158,0,6928,3713,3215,0,0,0,1.0,1,1.0,1,1.0,1,0.15829216951975159,47
5159,2,6930,3713,3217,0,0,0,1.0,1,1.0,1,1.0,1,0.14732550729907887,49
5160,0,6930,3713,3217,0,0,0,1.0,1,1.0,1,1.0,1,0.15486313324641493,48
5161,0,6930,3713,3217,0,0,0,1.0,1,1.0,1,1.0,1,0.15486313324641493,48
5162,1,6931,3713,3218,0,0,0,1.0,1,1.0,1,1.0,1,0.13546143121477766,49
5163,2,6933,3713,3220,0,0,0,1.0,1,1.0,1,1.0,1,0.1243780369208029,51
5164,1,6934,3713,3221,0,0,0,1.0,1,1.0,1,1.0,1,0.1172705534047584,51
5165,2,6936,3713,3223,0,0,0,1.0,1,1.0,1,1.0,1,0.10817990076583375,52
5166,2,6938,3715,3223,0,0,0,1.0,1,1.0,1,1.0,1,0.09749233825061802,52
5167,1,6939,3716,3223,0,0,0,1.0,1,1.0,1,1.0,1,0.10907105804920249,52
5168,0,6939,3716,3223,0,0,0,1.0,1,1.0,1,1.0,1,0.10907105804920249,52
5169,2,6941,3717,3224,0,0,0,1.0,1,1.0,1,1.0,1,0.09430026303612253,53
5170,0,6941,3717,3224,0,0,0,1.0,1,1.0,1,1.0,1,0.09430026303612253,53
5171,0,6941,3717,3224,0,0,0,1.0,1,1.0,1,1.0,1,0.09098945812666209,52
5172,1,6942,3718,3224,0,0,0,1.0,1,1.0,1,1.0,1,0.08152768731932368,53
5173,2,6944,3718,3226,0,0,0,1.0,1,1.0,1,1.0,1,0.08371609462745429,54
5174,2,6946,3718,3228,0,0,0,1.0,1,1.0,1,1.0,1,0.06760200681169495,56
5175,3,6949,3719,3230,0,0,0,1.0,1,1.0,1,1.0,1,0.04673616002979575,58
5176,1,6950,3720,3230,0,0,0,1.0,1,1.0,1,1.0,1,0.07332468850257734,58
5177,1,6951,3720,3231,0,0,0,1.0,1,1.0,1,1.0,1,0.0809709401017221,59
5178,3,6954,3722,3232,0,0,0,1.0,1,1.0,1,1.0,1,0.08259546511283797,57
5179,0,6954,3722,3232,0,0,0,1.0,1,1.0,1,1.0,1,0.09411647964150857,58
5180,0,6954,3722,3232,0,0,0,1.0,1,1.0,1,1.0,1,0.07264014299831534,56
5181,3,6957,3724,3233,0,0,0,1.0,1,1.0,1,1.0,1,0.09951643211694816,57
5182,0,6957,3724,3233,0,0,0,1.0,1,1.0,1,1.0,1,0.09096694259163647,56
5183,2,6959,3726,3233,0,0,0,1.0,1,1.0,1,1.0,1,0.14580731613950634,57
5184,0,6959,3726,3233,0,0,0,1.0,1,1.0,1,1.0,1,0.15087382541939776,56
5185,3,6962,3726,3236,0,0,0,1.0,1,1.0,1,1.0,1,0.1433999671900943,56
5186,2,6964,3727,3237,0,0,0,1.0,1,1.0,1,1.0,1,0.1422178213798807,54
5187,0,6964,3727,3237,0,0,0,1.0,1,1.0,1,1.0,1,0.13401209966691516,51
5188,0,6964,3727,3237,0,0,0,1.0,1,1.0,1,1.0,1,0.11876160061824276,50
5189,1,6965,3727,3238,0,0,0,1.0,1,1.0,1,1.0,1,0.1254375235452397,49
5190,2,6967,3729,3238,0,0,0,1.0,1,1.0,1,1.0,1,0.11302493789513497,50
5191,0,6967,3729,3238,0,0,0,1.0,1,1.0,1,1.0,1,0.11302493789513497,50
5192,2,6969,3731,3238,0,0,0,1.0,1,1.0,1,1.0,1,0.10975054490397139,49
5193,3,6972,3731,3241,0,0,0,1.0,1,1.0,1,1.0,1,0.08126199625697611,50
5194,2,6974,3732,3242,0,0,0,1.0,1,1.0,1,1.0,1,0.09916168145362886,51
5195,1,6975,3733,3242,0,0,0,1.0,1,1.0,1,1.0,1,0.12045645577598216,51
5196,0,6975,3733,3242,0,0,0,1.0,1,1.0,1,1.0,1,0.12045645577598216,51
5197,0,6975,3733,3242,0,0,0,1.0,1,1.0,1,1.0,1,0.12045645577598216,51
5198,0,6975,3733,3242,0,0,0,1.0,1,1.0,1,1.0,1,0.12045645577598216,51
5199,0,6975,3733,3242,0,0,0,1.0,1,1.0,1,1.0,1,0.10149791670233256,54
5200,1,6976,3734,3242,0,0,0,1.0,1,1.0,1,1.0,1,0.1005141469791676,54
5201,2,6978,3736,3242,0,0,0,1.0,1,1.0,1,1.0,1,0.12340349323232404,55
5202,1,6979,3736,3243,0,0,0,1.0,1,1.0,1,1.0,1,0.12067193715334183,56
5203,0,6979,3736,3243,0,0,0,1.0,1,1.0,1,1.0,1,0.12067193715334183,56
5204,1,6980,3737,3243,0,0,0,1.0,1,1.0,1,1.0,1,0.11925883329826201,58
5205,1,6981,3737,3244,0,0,0,1.0,1,1.0,1,1.0,1,0.10513413384538985,58
5206,3,6984,3738,3246,0,0,0,1.0,1,1.0,1,1.0,1,0.08981691674350303,58
5207,0,6984,3738,3246,0,0,0,1.0,1,1.0,1,1.0,1,0.09836657347124592,59
5208,1,6985,3739,3246,0,0,0,1.0,1,1.0,1,1.0,1,0.10552629968848348,58
5209,1,6986,3739,3247,0,0,0,1.0,1,1.0,1,1.0,1,0.09207742034665124,58
5210,1,6987,3739,3248,0,0,0,1.0,1,1.0,1,1.0,1,0.07745327408204898,57
5211,0,6987,3739,3248,0,0,0,1.0,1,1.0,1,1.0,1,0.07745327408204898,57
5212,2,6989,3739,3250,0,0,0,1.0,1,1.0,1,1.0,1,0.07150655660911695,59
5213,3,6992,3741,3251,0,0,0,1.0,1,1.0,1,1.0,1,0.1147545360364592,59
5214,2,6994,3742,3252,0,0,0,1.0,1,1.0,1,1.0,1,0.16212568079644935,59
5215,2,6996,3743,3253,0,0,0,1.0,1,1.0,1,1.0,1,0.1935018533889041,58
5216,1,6997,3744,3253,0,0,0,1.0,1,1.0,1,1.0,1,0.19412970202730997,59
5217,4,7001,3748,3253,0,0,0,1.0,1,1.0,1,1.0,1,0.16100382239405964,58
5218,4,7005,3750,3255,0,0,0,1.0,1,1.0,1,1.0,1,0.16598570254420528,58
5219,1,7006,3751,3255,0,0,0,1.0,1,1.0,1,1.0,1,0.16414545536297692,57
5220,0,7006,3751,3255,0,0,0,1.0,1,1.0,1,1.0,1,0.1513328937552143,56
5221,3,7009,3752,3257,0,0,0,1.0,1,1.0,1,1.0,1,0.13281575674930407,58
5222,0,7009,3752,3257,0,0,0,1.0,1,1.0,1,1.0,1,0.1233337041696161,56
5223,3,7012,3754,3258,0,0,0,1.0,1,1.0,1,1.0,1,0.16281053011288385,55
5224,0,7012,3754,3258,0,0,0,1.0,1,1.0,1,1.0,1,0.16872413021863075,56
5225,3,7015,3755,3260,0,0,0,1.0,1,1.0,1,1.0,1,0.1954861658945585,55
5226,0,7015,3755,3260,0,0,0,1.0,1,1.0,1,1.0,1,0.1954861658945585,55
5227,1,7016,3755,3261,0,0,0,1.0,1,1.0,1,1.0,1,0.17910394287624581,53
5228,0,7016,3755,3261,0,0,0,1.0,1,1.0,1,1.0,1,0.17259221783516426,51
5229,1,7017,3755,3262,0,0,0,1.0,1,1.0,1,1.0,1,0.1434253186033323,51
5230,0,7017,3755,3262,0,0,0,1.0,1,1.0,1,1.0,1,0.14501862546298025,51
5231,1,7018,3756,3262,0,0,0,1.0,1,1.0,1,1.0,1,0.17447849726086873,52
5232,1,7019,3757,3262,0,0,0,1.0,1,1.0,1,1.0,1,0.21680945866754653,52
5233,2,7021,3758,3263,0,0,0,1.0,1,1.0,1,1.0,1,0.20828710080877313,53
5234,3,7024,3759,3265,0,0,0,1.0,1,1.0,1,1.0,1,0.21612071834627825,53
5235,1,7025,3760,3265,0,0,0,1.0,1,1.0,1,1.0,1,0.20890428295277372,53
5236,1,7026,3760,3266,0,0,0,1.0,1,1.0,1,1.0,1,0.20867929579292752,52
5237,4,7030,3760,3270,0,0,0,1.0,1,1.0,1,1.0,1,0.19672427920153165,52
5238,2,7032,3760,3272,0,0,0,1.0,1,1.0,1,1.0,1,0.17563483112522663,52
5239,0,7032,3760,3272,0,0,0,1.0,1,1.0,1,1.0,1,0.19017496218193336,51
5240,1,7033,3760,3273,0,0,0,1.0,1,1.0,1,1.0,1,0.18770023142541517,53
5241,2,7035,3761,3274,0,0,0,1.0,1,1.0,1,1.0,1,0.18076866720619694,53
5242,2,7037,3762,3275,0,0,0,1.0,1,1.0,1,1.0,1,0.16963738519402308,51
5243,3,7040,3763,3277,0,0,0,1.0,1,1.0,1,1.0,1,0.1768190051702799,51
5244,1,7041,3764,3277,0,0,0,1.0,1,1.0,1,1.0,1,0.1787198324124374,52
5245,5,7046,3766,3280,0,0,0,1.0,1,1.0,1,1.0,1,0.1480331835957921,53
5246,0,7046,3766,3280,0,0,0,1.0,1,1.0,1,1.0,1,0.1480331835957921,53
5247,2,7048,3767,3281,0,0,0,1.0,1,1.0,1,1.0,1,0.13116253403101738,54
5248,1,7049,3767,3282,0,0,0,1.0,1,1.0,1,1.0,1,0.11500265088461213,54
5249,0,7049,3767,3282,0,0,0,1.0,1,1.0,1,1.0,1,0.09805893556388633,55
5250,2,7051,3767,3284,0,0,0,1.0,1,1.0,1,1.0,1,0.09890301932888955,57
5251,1,7052,3767,3285,0,0,0,1.0,1,1.0,1,1.0,1,0.07435214887727104,58
5252,2,7054,3769,3285,0,0,0,1.0,1,1.0,1,1.0,1,0.09930572162049764,58
5253,3,7057,3771,3286,0,0,0,1.0,1,1.0,1,1.0,1,0.12981063471417953,58
5254,1,7058,3772,3286,0,0,0,1.0,1,1.0,1,1.0,1,0.15483309911874896,59
5255,3,7061,3774,3287,0,0,0,1.0,1,1.0,1,1.0,1,0.158696571579396,58
5256,0,7061,3774,3287,0,0,0,1.0,1,1.0,1,1.0,1,0.16527723798928984,58
5257,1,7062,3775,3287,0,0,0,1.0,1,1.0,1,1.0,1,0.18223002290012516,57
5258,1,7063,3775,3288,0,0,0,1.0,1,1.0,1,1.0,1,0.14907142608743335,55
5259,0,7063,3775,3288,0,0,0,1.0,1,1.0,1,1.0,1,0.14425340428177047,56
5260,0,7063,3775,3288,0,0,0,1.0,1,1.0,1,1.0,1,0.14217299917755494,55
5261,1,7064,3775,3289,0,0,0,1.0,1,1.0,1,1.0,1,0.11945041683480391,54
5262,1,7065,3776,3289,0,0,0,1.0,1,1.0,1,1.0,1,0.14277183258703913,54
5263,0,7065,3776,3289,0,0,0,1.0,1,1.0,1,1.0,1,0.15685858233952116,55
5264,2,7067,3777,3290,0,0,0,1.0,1,1.0,1,1.0,1,0.1490571100582902,53
5265,2,7069,3778,3291,0,0,0,1.0,1,1.0,1,1.0,1,0.14403077751315319,52
5266,0,7069,3778,3291,0,0,0,1.0,1,1.0,1,1.0,1,0.1643937984767218,49
5267,3,7072,3780,3292,0,0,0,1.0,1,1.0,1,1.0,1,0.16452519309243874,49
5268,1,7073,3781,3292,0,0,0,1.0,1,1.0,1,1.0,1,0.19727794415094307,46
5269,6,7079,3782,3297,0,0,0,1.0,1,1.0,1,1.0,1,0.12160878512398089,45
5270,2,7081,3783,3298,0,0,0,1.0,1,1.0,1,1.0,1,0.11149977242372486,46
5271,2,7083,3785,3298,0,0,0,1.0,1,1.0,1,1.0,1,0.17886880339128908,46
5272,2,7085,3785,3300,0,0,0,1.0,1,1.0,1,1.0,1,0.13672689175475497,45
5273,3,7088,3785,3303,0,0,0,1.0,1,1.0,1,1.0,1,0.0952825903709352,45
5274,0,7088,3785,3303,0,0,0,1.0,1,1.0,1,1.0,1,0.09168157763242551,45
5275,4,7092,3788,3304,0,0,0,1.0,1,1.0,1,1.0,1,0.1341135164341805,46
5276,4,7096,3791,3305,0,0,0,1.0,1,1.0,1,1.0,1,0.17454483472237023,45
5277,3,7099,3791,3308,0,0,0,1.0,1,1.0,1,1.0,1,0.13454925341764012,45
5278,2,7101,3793,3308,0,0,0,1.0,1,1.0,1,1.0,1,0.16823706906144942,44
5279,1,7102,3794,3308,0,0,0,1.0,1,1.0,1,1.0,1,0.19736854277995186,45
5280,1,7103,3795,3308,0,0,0,1.0,1,1.0,1,1.0,1,0.19120695389247538,46
5281,1,7104,3795,3309,0,0,0,1.0,1,1.0,1,1.0,1,0.1827327067171252,46
5282,2,7106,3796,3310,0,0,0,1.0,1,1.0,1,1.0,1,0.1975479318120183,47
5283,0,7106,3796,3310,0,0,0,1.0,1,1.0,1,1.0,1,0.20934678781276883,48
5284,1,7107,3796,3311,0,0,0,1.0,1,1.0,1,1.0,1,0.1990391173799684,48
5285,1,7108,3796,3312,0,0,0,1.0,1,1.0,1,1.0,1,0.16899957729368112,48
5286,2,7110,3796,3314,0,0,0,1.0,1,1.0,1,1.0,1,0.15298131338546742,50
5287,0,7110,3796,3314,0,0,0,1.0,1,1.0,1,1.0,1,0.15298131338546742,50
5288,0,7110,3796,3314,0,0,0,1.0,1,1.0,1,1.0,1,0.14570793802146093,51
5289,0,7110,3796,3314,0,0,0,1.0,1,1.0,1,1.0,1,0.14570793802146093,51
5290,1,7111,3796,3315,0,0,0,1.0,1,1.0,1,1.0,1,0.13163699920625122,52
5291,2,7113,3798,3315,0,0,0,1.0,1,1.0,1,1.0,1,0.14458682625448407,52
5292,1,7114,3798,3316,0,0,0,1.0,1,1.0,1,1.0,1,0.14067155103209705,53
5293,1,7115,3799,3316,0,0,0,1.0,1,1.0,1,1.0,1,0.16111909684446157,51
5294,0,7115,3799,3316,0,0,0,1.0,1,1.0,1,1.0,1,0.14780631408650607,50
5295,0,7115,3799,3316,0,0,0,1.0,1,1.0,1,1.0,1,0.1720956424221828,49
5296,0,7115,3799,3316,0,0,0,1.0,1,1.0,1,1.0,1,0.17096872272672148,48
5297,0,7115,3799,3316,0,0,0,1.0,1,1.0,1,1.0,1,0.19517082869906835,46
5298,0,7115,3799,3316,0,0,0,1.0,1,1.0,1,1.0,1,0.1959048127016835,46
5299,1,7116,3800,3316,0,0,0,1.0,1,1.0,1,1.0,1,0.22083403456765766,47
5300,0,7116,3800,3316,0,0,0,1.0,1,1.0,1,1.0,1,0.19846434641533153,48
5301,0,7116,3800,3316,0,0,0,1.0,1,1.0,1,1.0,1,0.19846434641533153,48
5302,1,7117,3801,3316,0,0,0,1.0,1,1.0,1,1.0,1,0.2221151077204386,49
5303,0,7117,3801,3316,0,0,0,1.0,1,1.0,1,1.0,1,0.22137076175952167,48
5304,1,7118,3802,3316,0,0,0,1.0,1,1.0,1,1.0,1,0.20294396320397867,48
5305,0,7118,3802,3316,0,0,0,1.0,1,1.0,1,1.0,1,0.21035294624732648,47
5306,2,7120,3804,3316,0,0,0,1.0,1,1.0,1,1.0,1,0.2126511403115539,48
5307,1,7121,3805,3316,0,0,0,1.0,1,1.0,1,1.0,1,0.22570059890342348,48
5308,1,7122,3805,3317,0,0,0,1.0,1,1.0,1,1.0,1,0.20540879096304315,47
5309,0,7122,3805,3317,0,0,0,1.0,1,1.0,1,1.0,1,0.22075295893742736,46
5310,1,7123,3805,3318,0,0,0,1.0,1,1.0,1,1.0,1,0.2116612872779237,46
5311,2,7125,3806,3319,0,0,0,1.0,1,1.0,1,1.0,1,0.17464271931947392,46
5312,1,7126,3806,3320,0,0,0,1.0,1,1.0,1,1.0,1,0.1792773942958657,46
5313,2,7128,3806,3322,0,0,0,1.0,1,1.0,1,1.0,1,0.17433784038720865,46
5314,1,7129,3806,3323,0,0,0,1.0,1,1.0,1,1.0,1,0.1671450089869714,46
5315,1,7130,3806,3324,0,0,0,1.0,1,1.0,1,1.0,1,0.13846098520854302,47
5316,3,7133,3807,3326,0,0,0,1.0,1,1.0,1,1.0,1,0.1349285059454483,48
5317,2,7135,3807,3328,0,0,0,1.0,1,1.0,1,1.0,1,0.10678781864601423,49
5318,4,7139,3811,3328,0,0,0,1.0,1,1.0,1,1.0,1,0.09321714343804817,49
5319,1,7140,3812,3328,0,0,0,1.0,1,1.0,1,1.0,1,0.11999219482031856,50
5320,1,7141,3813,3328,0,0,0,1.0,1,1.0,1,1.0,1,0.14044635202364109,51
5321,1,7142,3813,3329,0,0,0,1.0,1,1.0,1,1.0,1,0.10844720633286625,52
5322,1,7143,3813,3330,0,0,0,1.0,1,1.0,1,1.0,1,0.0983013503715386,53
5323,1,7144,3814,3330,0,0,0,1.0,1,1.0,1,1.0,1,0.06286890357932984,53
5324,2,7146,3814,3332,0,0,0,1.0,1,1.0,1,1.0,1,0.04729731674200425,55
5325,1,7147,3815,3332,0,0,0,1.0,1,1.0,1,1.0,1,0.05404559282198375,55
5326,2,7149,3817,3332,0,0,0,1.0,1,1.0,1,1.0,1,0.03451011193781175,55
5327,2,7151,3818,3333,0,0,0,1.0,1,1.0,1,1.0,1,0.02995131052324915,56
5328,1,7152,3819,3333,0,0,0,1.0,1,1.0,1,1.0,1,0.03760391595363196,57
5329,2,7154,3820,3334,0,0,0,1.0,1,1.0,1,1.0,1,0.04418224187430053,57
5330,1,7155,3821,3334,0,0,0,1.0,1,1.0,1,1.0,1,0.07122942409037239,56
5331,2,7157,3822,3335,0,0,0,1.0,1,1.0,1,1.0,1,0.05211821366245329,57
5332,0,7157,3822,3335,0,0,0,1.0,1,1.0,1,1.0,1,0.055314481624998565,58
5333,1,7158,3823,3335,0,0,0,1.0,1,1.0,1,1.0,1,0.06444525356867999,59
5334,1,7159,3824,3335,0,0,0,1.0,1,1.0,1,1.0,1,0.07782581110645324,59
5335,0,7159,3824,3335,0,0,0,1.0,1,1.0,1,1.0,1,0.06717312284228646,58
5336,2,7161,3825,3336,0,0,0,1.0,1,1.0,1,1.0,1,0.05802318728389762,59
5337,0,7161,3825,3336,0,0,0,1.0,1,1.0,1,1.0,1,0.053106757105048634,60
5338,2,7163,3827,3336,0,0,0,1.0,1,1.0,1,1.0,1,0.07481842679840962,60
5339,0,7163,3827,3336,0,0,0,1.0,1,1.0,1,1.0,1,0.07481842679840962,60
5340,3,7166,3830,3336,0,0,0,1.0,1,1.0,1,1.0,1,0.11748428282006583,60
5341,4,7170,3831,3339,0,0,0,1.0,1,1.0,1,1.0,1,0.11342755496218655,61
5342,1,7171,3831,3340,0,0,0,1.0,1,1.0,1,1.0,1,0.0897964008445844,59
5343,2,7173,3833,3340,0,0,0,1.0,1,1.0,1,1.0,1,0.11319084174904999,58
5344,0,7173,3833,3340,0,0,0,1.0,1,1.0,1,1.0,1,0.10638858651448968,58
5345,2,7175,3835,3340,0,0,0,1.0,1,1.0,1,1.0,1,0.10590189310668058,54
5346,0,7175,3835,3340,0,0,0,1.0,1,1.0,1,1.0,1,0.10590189310668058,54
5347,5,7180,3840,3340,0,0,0,1.0,1,1.0,1,1.0,1,0.10379285532281382,54
5348,0,7180,3840,3340,0,0,0,1.0,1,1.0,1,1.0,1,0.11679324674130064,55
5349,5,7185,3841,3344,0,0,0,1.0,1,1.0,1,1.0,1,0.10564320725556658,56
5350,1,7186,3841,3345,0,0,0,1.0,1,1.0,1,1.0,1,0.12275976208870562,56
5351,0,7186,3841,3345,0,0,0,1.0,1,1.0,1,1.0,1,0.10730389398537665,57
5352,1,7187,3842,3345,0,0,0,1.0,1,1.0,1,1.0,1,0.1306350524706455,57
5353,4,7191,3843,3348,0,0,0,1.0,1,1.0,1,1.0,1,0.08516954105023455,57
5354,0,7191,3843,3348,0,0,0,1.0,1,1.0,1,1.0,1,0.0920890464908127,56
5355,0,7191,3843,3348,0,0,0,1.0,1,1.0,1,1.0,1,0.08524259632870727,57
5356,0,7191,3843,3348,0,0,0,1.0,1,1.0,1,1.0,1,0.09764260864484255,56
5357,1,7192,3843,3349,0,0,0,1.0,1,1.0,1,1.0,1,0.11040864628976495,56
5358,1,7193,3843,3350,0,0,0,1.0,1,1.0,1,1.0,1,0.08399207842561777,57
5359,1,7194,3844,3350,0,0,0,1.0,1,1.0,1,1.0,1,0.09584223789668068,57
5360,0,7194,3844,3350,0,0,0,1.0,1,1.0,1,1.0,1,0.11793114910399594,55
5361,5,7199,3847,3352,0,0,0,1.0,1,1.0,1,1.0,1,0.13598502654239375,56
5362,0,7199,3847,3352,0,0,0,1.0,1,1.0,1,1.0,1,0.12294906468447032,57
5363,1,7200,3848,3352,0,0,0,1.0,1,1.0,1,1.0,1,0.14429430962749534,57
5364,0,7200,3848,3352,0,0,0,1.0,1,1.0,1,1.0,1,0.15373086865009924,58
5365,0,7200,3848,3352,0,0,0,1.0,1,1.0,1,1.0,1,0.13770359125469023,59
5366,2,7202,3849,3353,0,0,0,1.0,1,1.0,1,1.0,1,0.14563657149370127,60
5367,1,7203,3850,3353,0,0,0,1.0,1,1.0,1,1.0,1,0.16788853464580325,60
5368,0,7203,3850,3353,0,0,0,1.0,1,1.0,1,1.0,1,0.16184766448158497,58
5369,2,7205,3852,3353,0,0,0,1.0,1,1.0,1,1.0,1,0.17056501915959366,58
5370,0,7205,3852,3353,0,0,0,1.0,1,1.0,1,1.0,1,0.16490909438024995,57
5371,3,7208,3855,3353,0,0,0,1.0,1,1.0,1,1.0,1,0.2225607055516338,56
5372,1,7209,3856,3353,0,0,0,1.0,1,1.0,1,1.0,1,0.19571116409888667,55
5373,6,7215,3860,3355,0,0,0,1.0,1,1.0,1,1.0,1,0.22116790879619083,54
5374,1,7216,3861,3355,0,0,0,1.0,1,1.0,1,1.0,1,0.21079671577592066,53
5375,4,7220,3863,3357,0,0,0,1.0,1,1.0,1,1.0,1,0.18423004122282452,52
5376,2,7222,3865,3357,0,0,0,1.0,1,1.0,1,1.0,1,0.20630392400524558,52
5377,4,7226,3866,3360,0,0,0,1.0,1,1.0,1,1.0,1,0.15388699437731262,51
5378,3,7229,3868,3361,0,0,0,1.0,1,1.0,1,1.0,1,0.20817386069026425,52
5379,0,7229,3868,3361,0,0,0,1.0,1,1.0,1,1.0,1,0.18846011164674567,50
5380,1,7230,3869,3361,0,0,0,1.0,1,1.0,1,1.0,1,0.223349195409385,51
5381,3,7233,3870,3363,0,0,0,1.0,1,1.0,1,1.0,1,0.2011974404882641,50
5382,0,7233,3870,3363,0,0,0,1.0,1,1.0,1,1.0,1,0.20971922948909028,48
5383,0,7233,3870,3363,0,0,0,1.0,1,1.0,1,1.0,1,0.2102797209673967,48
5384,3,7236,3871,3365,0,0,0,1.0,1,1.0,1,1.0,1,0.17674141988942693,48
5385,1,7237,3871,3366,0,0,0,1.0,1,1.0,1,1.0,1,0.1735806418736942,47
5386,6,7243,3875,3368,0,0,0,1.0,1,1.0,1,1.0,1,0.16420734146858157,48
5387,1,7244,3876,3368,0,0,0,1.0,1,1.0,1,1.0,1,0.1709745630264601,48
5388,0,7244,3876,3368,0,0,0,1.0,1,1.0,1,1.0,1,0.1709745630264601,48
5389,2,7246,3876,3370,0,0,0,1.0,1,1.0,1,1.0,1,0.12553744274584175,50
5390,2,7248,3877,3371,0,0,0,1.0,1,1.0,1,1.0,1,0.12961660310084389,52
5391,1,7249,3877,3372,0,0,0,1.0,1,1.0,1,1.0,1,0.10923523064557165,52
5392,0,7249,3877,3372,0,0,0,1.0,1,1.0,1,1.0,1,0.12720076350766427,51
5393,1,7250,3878,3372,0,0,0,1.0,1,1.0,1,1.0,1,0.13802020829695683,50
5394,0,7250,3878,3372,0,0,0,1.0,1,1.0,1,1.0,1,0.13577831361312978,50
5395,2,7252,3879,3373,0,0,0,1.0,1,1.0,1,1.0,1,0.1506446889460988,49
5396,0,7252,3879,3373,0,0,0,1.0,1,1.0,1,1.0,1,0.15658074180444648,48
5397,5,7257,3880,3377,0,0,0,1.0,1,1.0,1,1.0,1,0.09434315887288376,48
5398,1,7258,3881,3377,0,0,0,1.0,1,1.0,1,1.0,1,0.13788492799417468,46
5399,3,7261,3884,3377,0,0,0,1.0,1,1.0,1,1.0,1,0.1527785252293618,46
5400,2,7263,3886,3377,0,0,0,1.0,1,1.0,1,1.0,1,0.17422185084350025,48
5401,3,7266,3886,3380,0,0,0,1.0,1,1.0,1,1.0,1,0.0903602613722327,49
5402,0,7266,3886,3380,0,0,0,1.0,1,1.0,1,1.0,1,0.0,0
