,SuccessfulHandoverCount,TotalSuccessfulHandoverCount,TotalSuccessfulHandoverCountRange,TotalSuccessfulHandoverCountLoadBalancing,TotalSuccessfulHandoverCountOverload,FailedHandoverCount,TotalFailedHandoverCount,AvgQoS,MinQoS,AvgQoS_LoadBased,MinQoS_LoadBased,AvgQoS_RangeBased,MinQoS_RangeBased,GiniLoad,VehicleCount
0,0,0,0,0,0,0,0,1.0,1,1.0,1,1.0,1,0.0,0
1,21,21,0,21,0,0,0,1.0,1,1.0,1,1.0,1,0.2165790718897854,26
2,17,38,0,38,0,0,0,1.0,1,1.0,1,1.0,1,0.18791858244832024,27
3,17,55,0,55,0,0,0,1.0,1,1.0,1,1.0,1,0.25024768830641797,28
4,13,68,0,68,0,0,0,1.0,1,1.0,1,1.0,1,0.22822342948356183,29
5,15,83,0,83,0,0,0,1.0,1,1.0,1,1.0,1,0.26922230265739816,29
6,17,100,0,100,0,0,0,1.0,1,1.0,1,1.0,1,0.22708442386982752,32
7,20,120,0,120,0,0,0,1.0,1,1.0,1,1.0,1,0.19626410754392068,33
8,20,140,0,140,0,0,0,1.0,1,1.0,1,1.0,1,0.21547705794871122,35
9,18,158,0,158,0,0,0,1.0,1,1.0,1,1.0,1,0.23368209851404168,35
10,18,176,0,176,0,0,0,1.0,1,1.0,1,1.0,1,0.1876986438900981,35
11,18,194,0,194,0,0,0,1.0,1,1.0,1,1.0,1,0.1679553681716169,35
12,12,206,0,206,0,0,0,1.0,1,1.0,1,1.0,1,0.23891437697563497,34
13,9,215,0,215,0,0,0,1.0,1,1.0,1,1.0,1,0.2024936641852062,32
14,13,228,1,227,0,0,0,1.0,1,1.0,1,1.0,1,0.31933410371690674,31
15,12,240,1,239,0,0,0,1.0,1,1.0,1,1.0,1,0.22971736660152747,30
16,12,252,1,251,0,0,0,1.0,1,1.0,1,1.0,1,0.25087395177267036,30
17,7,259,1,258,0,0,0,1.0,1,1.0,1,1.0,1,0.1903501716551918,29
18,8,267,2,265,0,0,0,1.0,1,1.0,1,1.0,1,0.25555628601314,29
19,9,276,2,274,0,0,0,1.0,1,1.0,1,1.0,1,0.23747574256634418,28
20,12,288,2,286,0,0,0,1.0,1,1.0,1,1.0,1,0.27880303778314963,28
21,3,291,2,289,0,0,0,1.0,1,1.0,1,1.0,1,0.18889561369241306,28
22,2,293,3,290,0,0,0,1.0,1,1.0,1,1.0,1,0.1999769289725176,28
23,3,296,4,292,0,0,0,1.0,1,1.0,1,1.0,1,0.3018371989482736,27
24,3,299,6,293,0,0,0,1.0,1,1.0,1,1.0,1,0.2331447209255118,28
25,1,300,7,293,0,0,0,1.0,1,1.0,1,1.0,1,0.16041921870015086,28
26,3,303,9,294,0,0,0,1.0,1,1.0,1,1.0,1,0.20731589779045503,30
27,1,304,9,295,0,0,0,1.0,1,1.0,1,1.0,1,0.15032948374342991,30
28,3,307,11,296,0,0,0,1.0,1,1.0,1,1.0,1,0.1905378431737327,31
29,1,308,11,297,0,0,0,1.0,1,1.0,1,1.0,1,0.2226277680871239,30
30,1,309,12,297,0,0,0,1.0,1,1.0,1,1.0,1,0.2472071577153921,30
31,1,310,13,297,0,0,0,1.0,1,1.0,1,1.0,1,0.23265396385086684,31
32,2,312,13,299,0,0,0,1.0,1,1.0,1,1.0,1,0.25500130405891547,31
33,3,315,15,300,0,0,0,1.0,1,1.0,1,1.0,1,0.18060760160895506,31
34,1,316,16,300,0,0,0,1.0,1,1.0,1,1.0,1,0.16193726732174318,29
35,1,317,17,300,0,0,0,1.0,1,1.0,1,1.0,1,0.19483471450178286,30
36,0,317,17,300,0,0,0,1.0,1,1.0,1,1.0,1,0.17515264053898477,30
37,1,318,17,301,0,0,0,1.0,1,1.0,1,1.0,1,0.1770910683461891,31
38,1,319,17,302,0,0,0,1.0,1,1.0,1,1.0,1,0.15861916299606235,32
39,1,320,17,303,0,0,0,1.0,1,1.0,1,1.0,1,0.16738591268014794,36
40,1,321,17,304,0,0,0,1.0,1,1.0,1,1.0,1,0.17125474219958023,37
41,3,324,17,307,0,0,0,1.0,1,1.0,1,1.0,1,0.09712911675571967,37
42,1,325,17,308,0,0,0,1.0,1,1.0,1,1.0,1,0.0910170407252386,38
43,1,326,18,308,0,0,0,1.0,1,1.0,1,1.0,1,0.08964973935912857,40
44,0,326,18,308,0,0,0,1.0,1,1.0,1,1.0,1,0.09869253245341612,39
45,1,327,19,308,0,0,0,1.0,1,1.0,1,1.0,1,0.14218558725734085,40
46,0,327,19,308,0,0,0,1.0,1,1.0,1,1.0,1,0.11737876953799796,39
47,0,327,19,308,0,0,0,1.0,1,1.0,1,1.0,1,0.11737876953799796,39
48,4,331,21,310,0,0,0,1.0,1,1.0,1,1.0,1,0.14567900192643568,39
49,3,334,22,312,0,0,0,1.0,1,1.0,1,1.0,1,0.1744795075198866,37
50,2,336,23,313,0,0,0,1.0,1,1.0,1,1.0,1,0.16077433848870024,35
51,0,336,23,313,0,0,0,1.0,1,1.0,1,1.0,1,0.15281924835343993,34
52,0,336,23,313,0,0,0,1.0,1,1.0,1,1.0,1,0.18242539200717395,34
53,2,338,23,315,0,0,0,1.0,1,1.0,1,1.0,1,0.19398119920900833,35
54,2,340,23,317,0,0,0,1.0,1,1.0,1,1.0,1,0.22969195458308417,36
55,4,344,24,320,0,0,0,1.0,1,1.0,1,1.0,1,0.22384727775528274,36
56,2,346,24,322,0,0,0,1.0,1,1.0,1,1.0,1,0.23907067055477466,36
57,0,346,24,322,0,0,0,1.0,1,1.0,1,1.0,1,0.2383612023829534,37
58,8,354,27,327,0,0,0,1.0,1,1.0,1,1.0,1,0.22488194115575572,38
59,3,357,29,328,0,0,0,1.0,1,1.0,1,1.0,1,0.2280047310711905,37
60,3,360,30,330,0,0,0,1.0,1,1.0,1,1.0,1,0.21277350917522492,38
61,4,364,30,334,0,0,0,1.0,1,1.0,1,1.0,1,0.13971063650732102,37
62,1,365,31,334,0,0,0,1.0,1,1.0,1,1.0,1,0.1455791204889322,39
63,3,368,32,336,0,0,0,1.0,1,1.0,1,1.0,1,0.14494788249295537,39
64,2,370,34,336,0,0,0,1.0,1,1.0,1,1.0,1,0.17950924252106168,38
65,2,372,35,337,0,0,0,1.0,1,1.0,1,1.0,1,0.1550201042568902,39
66,2,374,37,337,0,0,0,1.0,1,1.0,1,1.0,1,0.17890742888723105,39
67,2,376,37,339,0,0,0,1.0,1,1.0,1,1.0,1,0.16661971067060372,36
68,4,380,38,342,0,0,0,1.0,1,1.0,1,1.0,1,0.17858609517420265,36
69,4,384,39,345,0,0,0,1.0,1,1.0,1,1.0,1,0.19180528267211328,37
70,2,386,39,347,0,0,0,1.0,1,1.0,1,1.0,1,0.23348773654451002,36
71,1,387,39,348,0,0,0,1.0,1,1.0,1,1.0,1,0.23510006241510809,38
72,1,388,40,348,0,0,0,1.0,1,1.0,1,1.0,1,0.1985098981553058,38
73,4,392,41,351,0,0,0,1.0,1,1.0,1,1.0,1,0.23410799717903527,37
74,5,397,42,355,0,0,0,1.0,1,1.0,1,1.0,1,0.2658624886594918,38
75,7,404,42,362,0,0,0,1.0,1,1.0,1,1.0,1,0.2545978041253722,38
76,3,407,43,364,0,0,0,1.0,1,1.0,1,1.0,1,0.289990466958355,39
77,3,410,43,367,0,0,0,1.0,1,1.0,1,1.0,1,0.28700904648760517,40
78,5,415,43,372,0,0,0,1.0,1,1.0,1,1.0,1,0.31034914873863745,41
79,6,421,43,378,0,0,0,1.0,1,1.0,1,1.0,1,0.28824584497899064,41
80,7,428,43,385,0,0,0,1.0,1,1.0,1,1.0,1,0.26485205090733877,41
81,5,433,44,389,0,0,0,1.0,1,1.0,1,1.0,1,0.17912979096367018,41
82,4,437,44,393,0,0,0,1.0,1,1.0,1,1.0,1,0.12062502916091204,44
83,0,437,44,393,0,0,0,1.0,1,1.0,1,1.0,1,0.12062502916091204,44
84,2,439,44,395,0,0,0,1.0,1,1.0,1,1.0,1,0.13662530987056704,45
85,2,441,44,397,0,0,0,1.0,1,1.0,1,1.0,1,0.14482278900089443,45
86,2,443,44,399,0,0,0,1.0,1,1.0,1,1.0,1,0.12103932455115493,45
87,1,444,44,400,0,0,0,1.0,1,1.0,1,1.0,1,0.16204880133447652,44
88,1,445,44,401,0,0,0,1.0,1,1.0,1,1.0,1,0.14088055778407052,44
89,4,449,44,405,0,0,0,1.0,1,1.0,1,1.0,1,0.1560680674490408,43
90,4,453,44,409,0,0,0,1.0,1,1.0,1,1.0,1,0.10702332007916035,44
91,4,457,46,411,0,0,0,1.0,1,1.0,1,1.0,1,0.11503945765333512,44
92,0,457,46,411,0,0,0,1.0,1,1.0,1,1.0,1,0.10064889893825885,43
93,0,457,46,411,0,0,0,1.0,1,1.0,1,1.0,1,0.11190569993584962,44
94,0,457,46,411,0,0,0,1.0,1,1.0,1,1.0,1,0.11190569993584962,44
95,3,460,46,414,0,0,0,1.0,1,1.0,1,1.0,1,0.11510113102159843,43
96,2,462,46,416,0,0,0,1.0,1,1.0,1,1.0,1,0.11137261480353912,44
97,3,465,47,418,0,0,0,1.0,1,1.0,1,1.0,1,0.12678136060389567,44
98,4,469,47,422,0,0,0,1.0,1,1.0,1,1.0,1,0.16078159153365332,43
99,1,470,47,423,0,0,0,1.0,1,1.0,1,1.0,1,0.1621167196515686,43
100,6,476,48,428,0,0,0,1.0,1,1.0,1,1.0,1,0.16271543197080446,47
101,2,478,49,429,0,0,0,1.0,1,1.0,1,1.0,1,0.17810330143569544,47
102,2,480,50,430,0,0,0,1.0,1,1.0,1,1.0,1,0.17679533231279898,47
103,5,485,53,432,0,0,0,1.0,1,1.0,1,1.0,1,0.21092853916023424,46
104,3,488,56,432,0,0,0,1.0,1,1.0,1,1.0,1,0.22551514837650685,45
105,2,490,56,434,0,0,0,1.0,1,1.0,1,1.0,1,0.21359846355449233,44
106,5,495,59,436,0,0,0,1.0,1,1.0,1,1.0,1,0.20441879081015563,45
107,1,496,59,437,0,0,0,1.0,1,1.0,1,1.0,1,0.17093495064149763,44
108,2,498,60,438,0,0,0,1.0,1,1.0,1,1.0,1,0.17416100752790276,46
109,5,503,63,440,0,0,0,1.0,1,1.0,1,1.0,1,0.13212744056174353,46
110,3,506,65,441,0,0,0,1.0,1,1.0,1,1.0,1,0.11791664369763401,46
111,3,509,66,443,0,0,0,1.0,1,1.0,1,1.0,1,0.13026322295243264,46
112,1,510,67,443,0,0,0,1.0,1,1.0,1,1.0,1,0.1452369140442975,46
113,0,510,67,443,0,0,0,1.0,1,1.0,1,1.0,1,0.13783847534733207,46
114,2,512,68,444,0,0,0,1.0,1,1.0,1,1.0,1,0.1132283575298493,46
115,3,515,69,446,0,0,0,1.0,1,1.0,1,1.0,1,0.11092702380498946,47
116,3,518,70,448,0,0,0,1.0,1,1.0,1,1.0,1,0.14248672776726726,47
117,2,520,71,449,0,0,0,1.0,1,1.0,1,1.0,1,0.10430658058761706,45
118,2,522,72,450,0,0,0,1.0,1,1.0,1,1.0,1,0.08391250824011047,46
119,0,522,72,450,0,0,0,1.0,1,1.0,1,1.0,1,0.10384083828831249,46
120,0,522,72,450,0,0,0,1.0,1,1.0,1,1.0,1,0.11127767971347574,47
121,2,524,72,452,0,0,0,1.0,1,1.0,1,1.0,1,0.08369932187626271,46
122,2,526,72,454,0,0,0,1.0,1,1.0,1,1.0,1,0.048844411688744,46
123,0,526,72,454,0,0,0,1.0,1,1.0,1,1.0,1,0.06854197626680127,45
124,2,528,73,455,0,0,0,1.0,1,1.0,1,1.0,1,0.11256090459705767,46
125,2,530,74,456,0,0,0,1.0,1,1.0,1,1.0,1,0.07395560590102171,44
126,3,533,74,459,0,0,0,1.0,1,1.0,1,1.0,1,0.07505778016914581,45
127,1,534,74,460,0,0,0,1.0,1,1.0,1,1.0,1,0.07684321973104008,45
128,3,537,76,461,0,0,0,1.0,1,1.0,1,1.0,1,0.12298331721898693,46
129,4,541,76,465,0,0,0,1.0,1,1.0,1,1.0,1,0.12112248730477633,48
130,4,545,77,468,0,0,0,1.0,1,1.0,1,1.0,1,0.12259695977298858,48
131,1,546,78,468,0,0,0,1.0,1,1.0,1,1.0,1,0.14281497228689533,49
132,3,549,78,471,0,0,0,1.0,1,1.0,1,1.0,1,0.13669249696245317,51
133,4,553,80,473,0,0,0,1.0,1,1.0,1,1.0,1,0.12721569498393667,49
134,5,558,83,475,0,0,0,1.0,1,1.0,1,1.0,1,0.14986277653489036,49
135,4,562,84,478,0,0,0,1.0,1,1.0,1,1.0,1,0.17023922880803513,49
136,9,571,88,483,0,0,0,1.0,1,1.0,1,1.0,1,0.22812366427986344,48
137,3,574,88,486,0,0,0,1.0,1,1.0,1,1.0,1,0.22857254260608234,47
138,6,580,90,490,0,0,0,1.0,1,1.0,1,1.0,1,0.21758938347012782,48
139,4,584,91,493,0,0,0,1.0,1,1.0,1,1.0,1,0.20472111300321175,48
140,9,593,93,500,0,0,0,1.0,1,1.0,1,1.0,1,0.20401950828515394,49
141,5,598,95,503,0,0,0,1.0,1,1.0,1,1.0,1,0.16698892746920294,49
142,3,601,96,505,0,0,0,1.0,1,1.0,1,1.0,1,0.1263613112688021,49
143,1,602,97,505,0,0,0,1.0,1,1.0,1,1.0,1,0.11506746053328543,47
144,1,603,98,505,0,0,0,1.0,1,1.0,1,1.0,1,0.11195409458759915,46
145,4,607,99,508,0,0,0,1.0,1,1.0,1,1.0,1,0.1544458147466575,44
146,1,608,100,508,0,0,0,1.0,1,1.0,1,1.0,1,0.18074760924245709,44
147,0,608,100,508,0,0,0,1.0,1,1.0,1,1.0,1,0.16683747730711485,43
148,4,612,101,511,0,0,0,1.0,1,1.0,1,1.0,1,0.16467867200552522,43
149,2,614,102,512,0,0,0,1.0,1,1.0,1,1.0,1,0.13325020243714109,43
150,2,616,102,514,0,0,0,1.0,1,1.0,1,1.0,1,0.13309290819230052,42
151,2,618,103,515,0,0,0,1.0,1,1.0,1,1.0,1,0.14351646419350392,42
152,1,619,104,515,0,0,0,1.0,1,1.0,1,1.0,1,0.15297890048228696,42
153,0,619,104,515,0,0,0,1.0,1,1.0,1,1.0,1,0.17349009655844275,42
154,3,622,106,516,0,0,0,1.0,1,1.0,1,1.0,1,0.22307647247841197,43
155,1,623,106,517,0,0,0,1.0,1,1.0,1,1.0,1,0.21611306267332572,43
156,1,624,106,518,0,0,0,1.0,1,1.0,1,1.0,1,0.1963118267419404,42
157,3,627,106,521,0,0,0,1.0,1,1.0,1,1.0,1,0.21637502243022605,41
158,0,627,106,521,0,0,0,1.0,1,1.0,1,1.0,1,0.21380117738141333,42
159,3,630,106,524,0,0,0,1.0,1,1.0,1,1.0,1,0.2448093940386831,43
160,5,635,109,526,0,0,0,1.0,1,1.0,1,1.0,1,0.3379413858195087,44
161,10,645,110,535,0,0,0,1.0,1,1.0,1,1.0,1,0.1771999665244386,44
162,6,651,111,540,0,0,0,1.0,1,1.0,1,1.0,1,0.16748225991466142,45
163,2,653,111,542,0,0,0,1.0,1,1.0,1,1.0,1,0.16081803237485456,43
164,2,655,112,543,0,0,0,1.0,1,1.0,1,1.0,1,0.17345412122716475,42
165,4,659,114,545,0,0,0,1.0,1,1.0,1,1.0,1,0.17973599545628252,42
166,2,661,114,547,0,0,0,1.0,1,1.0,1,1.0,1,0.14240439548604455,42
167,4,665,116,549,0,0,0,1.0,1,1.0,1,1.0,1,0.1581971018291403,41
168,2,667,116,551,0,0,0,1.0,1,1.0,1,1.0,1,0.18939337257608346,40
169,6,673,117,556,0,0,0,1.0,1,1.0,1,1.0,1,0.2055919407714319,40
170,4,677,117,560,0,0,0,1.0,1,1.0,1,1.0,1,0.1602917190957041,38
171,3,680,118,562,0,0,0,1.0,1,1.0,1,1.0,1,0.2050341453765093,37
172,4,684,121,563,0,0,0,1.0,1,1.0,1,1.0,1,0.24592168396821218,35
173,3,687,122,565,0,0,0,1.0,1,1.0,1,1.0,1,0.30988082462868266,36
174,6,693,124,569,0,0,0,1.0,1,1.0,1,1.0,1,0.3070495620526307,34
175,4,697,124,573,0,0,0,1.0,1,1.0,1,1.0,1,0.33361465959312525,33
176,5,702,124,578,0,0,0,1.0,1,1.0,1,1.0,1,0.3058704346603794,34
177,8,710,124,586,0,0,0,1.0,1,1.0,1,1.0,1,0.3044345167731554,36
178,6,716,125,591,0,0,0,1.0,1,1.0,1,1.0,1,0.2517909155299577,37
179,8,724,125,599,0,0,0,1.0,1,1.0,1,1.0,1,0.2517909155299577,37
180,4,728,125,603,0,0,0,1.0,1,1.0,1,1.0,1,0.2768363911788283,36
181,4,732,125,607,0,0,0,1.0,1,1.0,1,1.0,1,0.1870096500441837,36
182,3,735,126,609,0,0,0,1.0,1,1.0,1,1.0,1,0.11594406976582297,38
183,1,736,127,609,0,0,0,1.0,1,1.0,1,1.0,1,0.12648440067654207,37
184,0,736,127,609,0,0,0,1.0,1,1.0,1,1.0,1,0.1253426670722637,36
185,1,737,127,610,0,0,0,1.0,1,1.0,1,1.0,1,0.13604653093890207,35
186,3,740,128,612,0,0,0,1.0,1,1.0,1,1.0,1,0.11490894537098047,34
187,4,744,130,614,0,0,0,1.0,1,1.0,1,1.0,1,0.1839844997017445,33
188,2,746,131,615,0,0,0,1.0,1,1.0,1,1.0,1,0.19849448870294992,33
189,8,754,135,619,0,0,0,1.0,1,1.0,1,1.0,1,0.21987119612850767,33
190,1,755,135,620,0,0,0,1.0,1,1.0,1,1.0,1,0.2372274208881013,32
191,2,757,136,621,0,0,0,1.0,1,1.0,1,1.0,1,0.2265813985641796,34
192,4,761,136,625,0,0,0,1.0,1,1.0,1,1.0,1,0.2585013503566831,34
193,4,765,136,629,0,0,0,1.0,1,1.0,1,1.0,1,0.2552655811695806,35
194,8,773,137,636,0,0,0,1.0,1,1.0,1,1.0,1,0.26348384403486075,37
195,8,781,137,644,0,0,0,1.0,1,1.0,1,1.0,1,0.30096581013676055,36
196,6,787,138,649,0,0,0,1.0,1,1.0,1,1.0,1,0.24308113555786556,36
197,3,790,138,652,0,0,0,1.0,1,1.0,1,1.0,1,0.23477528576619294,37
198,2,792,138,654,0,0,0,1.0,1,1.0,1,1.0,1,0.22689328675154274,37
199,4,796,139,657,0,0,0,1.0,1,1.0,1,1.0,1,0.263043717610984,37
200,10,806,141,665,0,0,0,1.0,1,1.0,1,1.0,1,0.21918828154052575,37
201,7,813,141,672,0,0,0,1.0,1,1.0,1,1.0,1,0.16431285122683326,36
202,3,816,141,675,0,0,0,1.0,1,1.0,1,1.0,1,0.12278799197584193,36
203,1,817,141,676,0,0,0,1.0,1,1.0,1,1.0,1,0.13118243714299804,35
204,2,819,142,677,0,0,0,1.0,1,1.0,1,1.0,1,0.1307339709032862,35
205,1,820,143,677,0,0,0,1.0,1,1.0,1,1.0,1,0.13067213533166236,35
206,2,822,144,678,0,0,0,1.0,1,1.0,1,1.0,1,0.14868148924072144,34
207,4,826,145,681,0,0,0,1.0,1,1.0,1,1.0,1,0.2117957982060539,34
208,4,830,146,684,0,0,0,1.0,1,1.0,1,1.0,1,0.25844124052296286,33
209,5,835,146,689,0,0,0,1.0,1,1.0,1,1.0,1,0.2686227485750681,33
210,6,841,148,693,0,0,0,1.0,1,1.0,1,1.0,1,0.3063183754396991,34
211,4,845,149,696,0,0,0,1.0,1,1.0,1,1.0,1,0.36178391375644625,33
212,4,849,149,700,0,0,0,1.0,1,1.0,1,1.0,1,0.3699737832656236,33
213,8,857,150,707,0,0,0,1.0,1,1.0,1,1.0,1,0.25076766274353623,35
214,9,866,151,715,0,0,0,1.0,1,1.0,1,1.0,1,0.23966834557656927,34
215,5,871,152,719,0,0,0,1.0,1,1.0,1,1.0,1,0.1958980623276238,35
216,6,877,152,725,0,0,0,1.0,1,1.0,1,1.0,1,0.18785295496533025,36
217,3,880,153,727,0,0,0,1.0,1,1.0,1,1.0,1,0.22582545731200893,36
218,5,885,154,731,0,0,0,1.0,1,1.0,1,1.0,1,0.2421432765953466,36
219,2,887,154,733,0,0,0,1.0,1,1.0,1,1.0,1,0.18622333099775062,37
220,6,893,155,738,0,0,0,1.0,1,1.0,1,1.0,1,0.21374193836014893,38
221,4,897,156,741,0,0,0,1.0,1,1.0,1,1.0,1,0.14133307669785677,37
222,1,898,156,742,0,0,0,1.0,1,1.0,1,1.0,1,0.12077216915582215,38
223,1,899,157,742,0,0,0,1.0,1,1.0,1,1.0,1,0.14369487199005349,38
224,9,908,162,746,0,0,0,1.0,1,1.0,1,1.0,1,0.2849493565629686,38
225,1,909,162,747,0,0,0,1.0,1,1.0,1,1.0,1,0.2168088435572116,36
226,6,915,165,750,0,0,0,1.0,1,1.0,1,1.0,1,0.23390674726006402,37
227,3,918,167,751,0,0,0,1.0,1,1.0,1,1.0,1,0.20817663645455117,35
228,1,919,167,752,0,0,0,1.0,1,1.0,1,1.0,1,0.1698991607695411,35
229,2,921,169,752,0,0,0,1.0,1,1.0,1,1.0,1,0.1553884978650596,35
230,0,921,169,752,0,0,0,1.0,1,1.0,1,1.0,1,0.1553884978650596,35
231,0,921,169,752,0,0,0,1.0,1,1.0,1,1.0,1,0.15811245679431604,35
232,4,925,173,752,0,0,0,1.0,1,1.0,1,1.0,1,0.16021386844716057,36
233,2,927,173,754,0,0,0,1.0,1,1.0,1,1.0,1,0.1433784090147243,36
234,3,930,175,755,0,0,0,1.0,1,1.0,1,1.0,1,0.14015579994980232,34
235,5,935,178,757,0,0,0,1.0,1,1.0,1,1.0,1,0.11608647342068076,33
236,1,936,179,757,0,0,0,1.0,1,1.0,1,1.0,1,0.13533605244552255,31
237,3,939,180,759,0,0,0,1.0,1,1.0,1,1.0,1,0.18432639321966232,32
238,1,940,181,759,0,0,0,1.0,1,1.0,1,1.0,1,0.23581451378140378,31
239,4,944,183,761,0,0,0,1.0,1,1.0,1,1.0,1,0.2416896800191247,30
240,2,946,183,763,0,0,0,1.0,1,1.0,1,1.0,1,0.2964659343706237,27
241,7,953,184,769,0,0,0,1.0,1,1.0,1,1.0,1,0.21147426021568674,27
242,3,956,184,772,0,0,0,1.0,1,1.0,1,1.0,1,0.22448477733960073,28
243,3,959,184,775,0,0,0,1.0,1,1.0,1,1.0,1,0.23922475369641777,28
244,3,962,184,778,0,0,0,1.0,1,1.0,1,1.0,1,0.29192556099684913,27
245,3,965,184,781,0,0,0,1.0,1,1.0,1,1.0,1,0.2599422936271828,27
246,4,969,186,783,0,0,0,1.0,1,1.0,1,1.0,1,0.2285564844433683,25
247,0,969,186,783,0,0,0,1.0,1,1.0,1,1.0,1,0.23832380644085982,24
248,0,969,186,783,0,0,0,1.0,1,1.0,1,1.0,1,0.23585028947903094,24
249,1,970,187,783,0,0,0,1.0,1,1.0,1,1.0,1,0.28367923966290515,25
250,4,974,187,787,0,0,0,1.0,1,1.0,1,1.0,1,0.3170624340303559,27
251,3,977,188,789,0,0,0,1.0,1,1.0,1,1.0,1,0.29680755300489725,27
252,2,979,188,791,0,0,0,1.0,1,1.0,1,1.0,1,0.2925612160335008,27
253,3,982,188,794,0,0,0,1.0,1,1.0,1,1.0,1,0.27667973372137494,29
254,8,990,192,798,0,0,0,1.0,1,1.0,1,1.0,1,0.4142218656767725,30
255,7,997,192,805,0,0,0,1.0,1,1.0,1,1.0,1,0.35682028873496774,31
256,8,1005,193,812,0,0,0,1.0,1,1.0,1,1.0,1,0.38542771263250875,31
257,12,1017,193,824,0,0,0,1.0,1,1.0,1,1.0,1,0.37154937266287946,33
258,5,1022,193,829,0,0,0,1.0,1,1.0,1,1.0,1,0.2926542509439787,33
259,4,1026,193,833,0,0,0,1.0,1,1.0,1,1.0,1,0.2926542509439787,33
260,7,1033,194,839,0,0,0,1.0,1,1.0,1,1.0,1,0.3304506782148807,35
261,9,1042,195,847,0,0,0,1.0,1,1.0,1,1.0,1,0.16500013188298632,35
262,0,1042,195,847,0,0,0,1.0,1,1.0,1,1.0,1,0.16500013188298632,35
263,0,1042,195,847,0,0,0,1.0,1,1.0,1,1.0,1,0.19467427663500492,34
264,1,1043,196,847,0,0,0,1.0,1,1.0,1,1.0,1,0.2375054315237988,32
265,1,1044,197,847,0,0,0,1.0,1,1.0,1,1.0,1,0.23460568861238232,30
266,1,1045,198,847,0,0,0,1.0,1,1.0,1,1.0,1,0.249017580914695,31
267,2,1047,200,847,0,0,0,1.0,1,1.0,1,1.0,1,0.2547459493436111,30
268,1,1048,200,848,0,0,0,1.0,1,1.0,1,1.0,1,0.22048926214687423,31
269,2,1050,202,848,0,0,0,1.0,1,1.0,1,1.0,1,0.25499076528221065,31
270,2,1052,203,849,0,0,0,1.0,1,1.0,1,1.0,1,0.31339440519550216,32
271,3,1055,204,851,0,0,0,1.0,1,1.0,1,1.0,1,0.3506974022527292,31
272,5,1060,205,855,0,0,0,1.0,1,1.0,1,1.0,1,0.4106692573103393,32
273,1,1061,205,856,0,0,0,1.0,1,1.0,1,1.0,1,0.4200061554643958,32
274,0,1061,205,856,0,0,0,1.0,1,1.0,1,1.0,1,0.4200061554643958,32
275,1,1062,205,857,0,0,0,1.0,1,1.0,1,1.0,1,0.3457642539452402,33
276,5,1067,205,862,0,0,0,1.0,1,1.0,1,1.0,1,0.30923929925472393,34
277,1,1068,205,863,0,0,0,1.0,1,1.0,1,1.0,1,0.3145419938016873,32
278,2,1070,205,865,0,0,0,1.0,1,1.0,1,1.0,1,0.31553504535200483,31
279,1,1071,205,866,0,0,0,1.0,1,1.0,1,1.0,1,0.27812051526940934,31
280,0,1071,205,866,0,0,0,1.0,1,1.0,1,1.0,1,0.25744317733650857,30
281,5,1076,206,870,0,0,0,1.0,1,1.0,1,1.0,1,0.11102577066663129,31
282,0,1076,206,870,0,0,0,1.0,1,1.0,1,1.0,1,0.08375956494167817,30
283,0,1076,206,870,0,0,0,1.0,1,1.0,1,1.0,1,0.1010534446969957,31
284,3,1079,208,871,0,0,0,1.0,1,1.0,1,1.0,1,0.17421391269371156,31
285,4,1083,209,874,0,0,0,1.0,1,1.0,1,1.0,1,0.23788462178052294,31
286,4,1087,209,878,0,0,0,1.0,1,1.0,1,1.0,1,0.23788462178052294,31
287,4,1091,210,881,0,0,0,1.0,1,1.0,1,1.0,1,0.23914914663153541,33
288,4,1095,210,885,0,0,0,1.0,1,1.0,1,1.0,1,0.18991713741287336,32
289,5,1100,211,889,0,0,0,1.0,1,1.0,1,1.0,1,0.25488788621077135,32
290,2,1102,211,891,0,0,0,1.0,1,1.0,1,1.0,1,0.2614440626563782,31
291,4,1106,211,895,0,0,0,1.0,1,1.0,1,1.0,1,0.23774014281067182,30
292,2,1108,211,897,0,0,0,1.0,1,1.0,1,1.0,1,0.21593063863985446,32
293,2,1110,211,899,0,0,0,1.0,1,1.0,1,1.0,1,0.23663742521449568,32
294,6,1116,211,905,0,0,0,1.0,1,1.0,1,1.0,1,0.2558600844599498,32
295,6,1122,212,910,0,0,0,1.0,1,1.0,1,1.0,1,0.17648656802684345,34
296,6,1128,213,915,0,0,0,1.0,1,1.0,1,1.0,1,0.19049595719352552,34
297,5,1133,214,919,0,0,0,1.0,1,1.0,1,1.0,1,0.22588179113618442,34
298,6,1139,214,925,0,0,0,1.0,1,1.0,1,1.0,1,0.22846411749901344,35
299,8,1147,214,933,0,0,0,1.0,1,1.0,1,1.0,1,0.2522170679138405,35
300,6,1153,214,939,0,0,0,1.0,1,1.0,1,1.0,1,0.2562910720243191,35
301,12,1165,214,951,0,0,0,1.0,1,1.0,1,1.0,1,0.1823614948833386,38
302,4,1169,214,955,0,0,0,1.0,1,1.0,1,1.0,1,0.18096884778951972,38
303,5,1174,215,959,0,0,0,1.0,1,1.0,1,1.0,1,0.22618195181392242,37
304,7,1181,216,965,0,0,0,1.0,1,1.0,1,1.0,1,0.17800391051589703,37
305,6,1187,218,969,0,0,0,1.0,1,1.0,1,1.0,1,0.2136076477370668,36
306,7,1194,220,974,0,0,0,1.0,1,1.0,1,1.0,1,0.26534452223438354,36
307,2,1196,220,976,0,0,0,1.0,1,1.0,1,1.0,1,0.27733176737917065,35
308,8,1204,220,984,0,0,0,1.0,1,1.0,1,1.0,1,0.21926307353233673,37
309,5,1209,220,989,0,0,0,1.0,1,1.0,1,1.0,1,0.18871917761180623,37
310,1,1210,220,990,0,0,0,1.0,1,1.0,1,1.0,1,0.1902515507047677,37
311,2,1212,220,992,0,0,0,1.0,1,1.0,1,1.0,1,0.16524579789740526,39
312,3,1215,221,994,0,0,0,1.0,1,1.0,1,1.0,1,0.1640573412973372,40
313,4,1219,221,998,0,0,0,1.0,1,1.0,1,1.0,1,0.16310272346049884,39
314,3,1222,221,1001,0,0,0,1.0,1,1.0,1,1.0,1,0.1896983081227828,40
315,3,1225,222,1003,0,0,0,1.0,1,1.0,1,1.0,1,0.21810011483833766,39
316,2,1227,222,1005,0,0,0,1.0,1,1.0,1,1.0,1,0.21810011483833766,39
317,7,1234,222,1012,0,0,0,1.0,1,1.0,1,1.0,1,0.23508395971457577,40
318,8,1242,222,1020,0,0,0,1.0,1,1.0,1,1.0,1,0.24194518896979972,41
319,4,1246,222,1024,0,0,0,1.0,1,1.0,1,1.0,1,0.2738480932658597,41
320,5,1251,223,1028,0,0,0,1.0,1,1.0,1,1.0,1,0.18101679936780388,41
321,6,1257,223,1034,0,0,0,1.0,1,1.0,1,1.0,1,0.11449765972713268,41
322,3,1260,223,1037,0,0,0,1.0,1,1.0,1,1.0,1,0.08792040643109864,41
323,1,1261,223,1038,0,0,0,1.0,1,1.0,1,1.0,1,0.1179036198393307,41
324,4,1265,225,1040,0,0,0,1.0,1,1.0,1,1.0,1,0.1900153349355075,42
325,4,1269,225,1044,0,0,0,1.0,1,1.0,1,1.0,1,0.1900153349355075,42
326,4,1273,226,1047,0,0,0,1.0,1,1.0,1,1.0,1,0.23009008020541566,42
327,4,1277,226,1051,0,0,0,1.0,1,1.0,1,1.0,1,0.19138203174433643,42
328,4,1281,226,1055,0,0,0,1.0,1,1.0,1,1.0,1,0.21179775544304708,43
329,4,1285,226,1059,0,0,0,1.0,1,1.0,1,1.0,1,0.22460635991543992,43
330,3,1288,226,1062,0,0,0,1.0,1,1.0,1,1.0,1,0.21363041826683676,45
331,5,1293,226,1067,0,0,0,1.0,1,1.0,1,1.0,1,0.1933192706974501,45
332,4,1297,226,1071,0,0,0,1.0,1,1.0,1,1.0,1,0.18057577240195838,45
333,4,1301,226,1075,0,0,0,1.0,1,1.0,1,1.0,1,0.18894765591059426,46
334,3,1304,227,1077,0,0,0,1.0,1,1.0,1,1.0,1,0.15009893996206386,48
335,8,1312,228,1084,0,0,0,1.0,1,1.0,1,1.0,1,0.1575009956109809,48
336,5,1317,228,1089,0,0,0,1.0,1,1.0,1,1.0,1,0.13436618042975512,48
337,4,1321,228,1093,0,0,0,1.0,1,1.0,1,1.0,1,0.15097015136456166,49
338,3,1324,228,1096,0,0,0,1.0,1,1.0,1,1.0,1,0.17555817912394756,50
339,2,1326,228,1098,0,0,0,1.0,1,1.0,1,1.0,1,0.12832054176695684,50
340,3,1329,228,1101,0,0,0,1.0,1,1.0,1,1.0,1,0.18678155297693402,50
341,7,1336,228,1108,0,0,0,1.0,1,1.0,1,1.0,1,0.06938444616338793,51
342,1,1337,228,1109,0,0,0,1.0,1,1.0,1,1.0,1,0.08211120480593696,51
343,1,1338,228,1110,0,0,0,1.0,1,1.0,1,1.0,1,0.08910843095343035,51
344,1,1339,228,1111,0,0,0,1.0,1,1.0,1,1.0,1,0.09380169696891655,50
345,3,1342,230,1112,0,0,0,1.0,1,1.0,1,1.0,1,0.13602647145936422,51
346,3,1345,230,1115,0,0,0,1.0,1,1.0,1,1.0,1,0.12741014345970983,51
347,5,1350,231,1119,0,0,0,1.0,1,1.0,1,1.0,1,0.11640891929913955,51
348,9,1359,232,1127,0,0,0,1.0,1,1.0,1,1.0,1,0.1715322265026457,53
349,7,1366,234,1132,0,0,0,1.0,1,1.0,1,1.0,1,0.17841111500271623,55
350,3,1369,235,1134,0,0,0,1.0,1,1.0,1,1.0,1,0.19754310820746124,54
351,2,1371,236,1135,0,0,0,1.0,1,1.0,1,1.0,1,0.2044020443171549,54
352,5,1376,238,1138,0,0,0,1.0,1,1.0,1,1.0,1,0.2159701244558738,53
353,2,1378,238,1140,0,0,0,1.0,1,1.0,1,1.0,1,0.21314160193156204,53
354,2,1380,238,1142,0,0,0,1.0,1,1.0,1,1.0,1,0.1986372579769751,50
355,3,1383,238,1145,0,0,0,1.0,1,1.0,1,1.0,1,0.1777222374669599,51
356,3,1386,239,1147,0,0,0,1.0,1,1.0,1,1.0,1,0.1882916739849357,51
357,8,1394,242,1152,0,0,0,1.0,1,1.0,1,1.0,1,0.1831137719217591,50
358,4,1398,243,1155,0,0,0,1.0,1,1.0,1,1.0,1,0.1976489700804821,48
359,3,1401,244,1157,0,0,0,1.0,1,1.0,1,1.0,1,0.22518963176230508,47
360,1,1402,244,1158,0,0,0,1.0,1,1.0,1,1.0,1,0.24062739835344826,45
361,4,1406,244,1162,0,0,0,1.0,1,1.0,1,1.0,1,0.19723530227404162,44
362,1,1407,244,1163,0,0,0,1.0,1,1.0,1,1.0,1,0.19193284477962266,44
363,3,1410,246,1164,0,0,0,1.0,1,1.0,1,1.0,1,0.19077345752211064,44
364,0,1410,246,1164,0,0,0,1.0,1,1.0,1,1.0,1,0.21103814831152853,43
365,4,1414,247,1167,0,0,0,1.0,1,1.0,1,1.0,1,0.14862341342884036,43
366,3,1417,249,1168,0,0,0,1.0,1,1.0,1,1.0,1,0.15555630598916165,45
367,1,1418,249,1169,0,0,0,1.0,1,1.0,1,1.0,1,0.16161583789750958,44
368,2,1420,251,1169,0,0,0,1.0,1,1.0,1,1.0,1,0.12436859472625843,46
369,2,1422,252,1170,0,0,0,1.0,1,1.0,1,1.0,1,0.1449870968669354,45
370,1,1423,252,1171,0,0,0,1.0,1,1.0,1,1.0,1,0.15430820133670844,46
371,1,1424,252,1172,0,0,0,1.0,1,1.0,1,1.0,1,0.15122024867213005,47
372,1,1425,252,1173,0,0,0,1.0,1,1.0,1,1.0,1,0.15614388497644713,48
373,0,1425,252,1173,0,0,0,1.0,1,1.0,1,1.0,1,0.15614388497644713,48
374,3,1428,253,1175,0,0,0,1.0,1,1.0,1,1.0,1,0.16518391379023903,49
375,3,1431,253,1178,0,0,0,1.0,1,1.0,1,1.0,1,0.14101957368510812,49
376,3,1434,253,1181,0,0,0,1.0,1,1.0,1,1.0,1,0.11520048050445074,49
377,1,1435,254,1181,0,0,0,1.0,1,1.0,1,1.0,1,0.10781293243993495,49
378,1,1436,255,1181,0,0,0,1.0,1,1.0,1,1.0,1,0.11386078133167765,49
379,2,1438,256,1182,0,0,0,1.0,1,1.0,1,1.0,1,0.14087749406835104,50
380,3,1441,257,1184,0,0,0,1.0,1,1.0,1,1.0,1,0.16169505911582882,50
381,4,1445,258,1187,0,0,0,1.0,1,1.0,1,1.0,1,0.12723603707280834,51
382,3,1448,259,1189,0,0,0,1.0,1,1.0,1,1.0,1,0.12402486770913296,50
383,1,1449,260,1189,0,0,0,1.0,1,1.0,1,1.0,1,0.1495992219521141,51
384,5,1454,263,1191,0,0,0,1.0,1,1.0,1,1.0,1,0.14972704580020083,50
385,4,1458,264,1194,0,0,0,1.0,1,1.0,1,1.0,1,0.15355635498845588,50
386,2,1460,264,1196,0,0,0,1.0,1,1.0,1,1.0,1,0.13506281324770036,48
387,0,1460,264,1196,0,0,0,1.0,1,1.0,1,1.0,1,0.13853209225359198,47
388,1,1461,264,1197,0,0,0,1.0,1,1.0,1,1.0,1,0.12022510049622613,48
389,2,1463,265,1198,0,0,0,1.0,1,1.0,1,1.0,1,0.13759644745531124,47
390,2,1465,266,1199,0,0,0,1.0,1,1.0,1,1.0,1,0.13439663708466124,49
391,2,1467,267,1200,0,0,0,1.0,1,1.0,1,1.0,1,0.13038433216971268,46
392,1,1468,268,1200,0,0,0,1.0,1,1.0,1,1.0,1,0.1651324346369006,46
393,2,1470,270,1200,0,0,0,1.0,1,1.0,1,1.0,1,0.16358950213004778,44
394,3,1473,271,1202,0,0,0,1.0,1,1.0,1,1.0,1,0.1954337706369694,43
395,0,1473,271,1202,0,0,0,1.0,1,1.0,1,1.0,1,0.20883566830908448,42
396,1,1474,272,1202,0,0,0,1.0,1,1.0,1,1.0,1,0.27336392832484746,39
397,6,1480,274,1206,0,0,0,1.0,1,1.0,1,1.0,1,0.319086623176467,39
398,2,1482,274,1208,0,0,0,1.0,1,1.0,1,1.0,1,0.3309937279276804,36
399,0,1482,274,1208,0,0,0,1.0,1,1.0,1,1.0,1,0.3309937279276804,36
400,2,1484,276,1208,0,0,0,1.0,1,1.0,1,1.0,1,0.34042930103338054,34
401,10,1494,277,1217,0,0,0,1.0,1,1.0,1,1.0,1,0.12639785344979354,33
402,2,1496,277,1219,0,0,0,1.0,1,1.0,1,1.0,1,0.11849332983937878,34
403,1,1497,277,1220,0,0,0,1.0,1,1.0,1,1.0,1,0.15154258144115834,36
404,2,1499,278,1221,0,0,0,1.0,1,1.0,1,1.0,1,0.17110628799370123,36
405,3,1502,279,1223,0,0,0,1.0,1,1.0,1,1.0,1,0.22237030449201434,37
406,6,1508,279,1229,0,0,0,1.0,1,1.0,1,1.0,1,0.22237030449201434,37
407,6,1514,280,1234,0,0,0,1.0,1,1.0,1,1.0,1,0.25985431033332546,39
408,10,1524,281,1243,0,0,0,1.0,1,1.0,1,1.0,1,0.28506308707519873,40
409,9,1533,281,1252,0,0,0,1.0,1,1.0,1,1.0,1,0.2727470166688294,41
410,11,1544,282,1262,0,0,0,1.0,1,1.0,1,1.0,1,0.29596657269728627,42
411,10,1554,282,1272,0,0,0,1.0,1,1.0,1,1.0,1,0.2824401070040376,43
412,13,1567,283,1284,0,0,0,1.0,1,1.0,1,1.0,1,0.26408909675810355,44
413,12,1579,284,1295,0,0,0,1.0,1,1.0,1,1.0,1,0.2488689394764592,44
414,5,1584,284,1300,0,0,0,1.0,1,1.0,1,1.0,1,0.2541271424717329,45
415,10,1594,284,1310,0,0,0,1.0,1,1.0,1,1.0,1,0.2529976212589661,45
416,13,1607,284,1323,0,0,0,1.0,1,1.0,1,1.0,1,0.2392294658791402,46
417,12,1619,285,1334,0,0,0,1.0,1,1.0,1,1.0,1,0.23935320879439578,46
418,12,1631,285,1346,0,0,0,1.0,1,1.0,1,1.0,1,0.24662572159330748,47
419,9,1640,285,1355,0,0,0,1.0,1,1.0,1,1.0,1,0.23575445844972834,47
420,4,1644,285,1359,0,0,0,1.0,1,1.0,1,1.0,1,0.2224467166897398,47
421,7,1651,285,1366,0,0,0,1.0,1,1.0,1,1.0,1,0.1743962971215256,47
422,7,1658,287,1371,0,0,0,1.0,1,1.0,1,1.0,1,0.2094051326478773,49
423,5,1663,287,1376,0,0,0,1.0,1,1.0,1,1.0,1,0.20069056393713963,47
424,4,1667,288,1379,0,0,0,1.0,1,1.0,1,1.0,1,0.23549496698021874,45
425,4,1671,288,1383,0,0,0,1.0,1,1.0,1,1.0,1,0.18515330541432667,46
426,7,1678,288,1390,0,0,0,1.0,1,1.0,1,1.0,1,0.20870671087355727,46
427,7,1685,290,1395,0,0,0,1.0,1,1.0,1,1.0,1,0.20501273548478102,45
428,7,1692,291,1401,0,0,0,1.0,1,1.0,1,1.0,1,0.15399504402963246,45
429,5,1697,293,1404,0,0,0,1.0,1,1.0,1,1.0,1,0.1778038107747517,42
430,4,1701,294,1407,0,0,0,1.0,1,1.0,1,1.0,1,0.17670436761394634,40
431,7,1708,298,1410,0,0,0,1.0,1,1.0,1,1.0,1,0.24772258929427673,39
432,4,1712,300,1412,0,0,0,1.0,1,1.0,1,1.0,1,0.30338582316655693,37
433,2,1714,302,1412,0,0,0,1.0,1,1.0,1,1.0,1,0.27894585337376215,35
434,2,1716,302,1414,0,0,0,1.0,1,1.0,1,1.0,1,0.31545341480436667,33
435,1,1717,302,1415,0,0,0,1.0,1,1.0,1,1.0,1,0.2803035162678156,33
436,0,1717,302,1415,0,0,0,1.0,1,1.0,1,1.0,1,0.2803035162678156,33
437,2,1719,304,1415,0,0,0,1.0,1,1.0,1,1.0,1,0.3337646537498403,33
438,2,1721,305,1416,0,0,0,1.0,1,1.0,1,1.0,1,0.37251377591371626,32
439,5,1726,306,1420,0,0,0,1.0,1,1.0,1,1.0,1,0.3805558284973121,34
440,4,1730,306,1424,0,0,0,1.0,1,1.0,1,1.0,1,0.35963648321673725,34
441,13,1743,307,1436,0,0,0,1.0,1,1.0,1,1.0,1,0.23669256198547994,35
442,8,1751,309,1442,0,0,0,1.0,1,1.0,1,1.0,1,0.22950913620371555,37
443,4,1755,310,1445,0,0,0,1.0,1,1.0,1,1.0,1,0.22726315941197997,37
444,3,1758,310,1448,0,0,0,1.0,1,1.0,1,1.0,1,0.24990684637279942,38
445,6,1764,310,1454,0,0,0,1.0,1,1.0,1,1.0,1,0.1390768358714069,39
446,4,1768,310,1458,0,0,0,1.0,1,1.0,1,1.0,1,0.15565084682379737,39
447,8,1776,311,1465,0,0,0,1.0,1,1.0,1,1.0,1,0.15339823859608656,41
448,7,1783,311,1472,0,0,0,1.0,1,1.0,1,1.0,1,0.15825271187941595,41
449,7,1790,312,1478,0,0,0,1.0,1,1.0,1,1.0,1,0.22245940387620153,40
450,4,1794,312,1482,0,0,0,1.0,1,1.0,1,1.0,1,0.2533070615792469,40
451,5,1799,312,1487,0,0,0,1.0,1,1.0,1,1.0,1,0.2553293786050608,41
452,7,1806,312,1494,0,0,0,1.0,1,1.0,1,1.0,1,0.24342162474086682,41
453,8,1814,313,1501,0,0,0,1.0,1,1.0,1,1.0,1,0.2414233577020165,40
454,8,1822,313,1509,0,0,0,1.0,1,1.0,1,1.0,1,0.2517599227426659,41
455,7,1829,315,1514,0,0,0,1.0,1,1.0,1,1.0,1,0.2904528608728374,41
456,13,1842,315,1527,0,0,0,1.0,1,1.0,1,1.0,1,0.2806986363507598,43
457,11,1853,316,1537,0,0,0,1.0,1,1.0,1,1.0,1,0.3467148245999074,43
458,10,1863,316,1547,0,0,0,1.0,1,1.0,1,1.0,1,0.27770695920203387,43
459,12,1875,316,1559,0,0,0,1.0,1,1.0,1,1.0,1,0.26592764037988376,44
460,9,1884,316,1568,0,0,0,1.0,1,1.0,1,1.0,1,0.27756596618093426,47
461,10,1894,316,1578,0,0,0,1.0,1,1.0,1,1.0,1,0.13798147507211792,48
462,3,1897,319,1578,0,0,0,1.0,1,1.0,1,1.0,1,0.1055030474171989,49
463,0,1897,319,1578,0,0,0,1.0,1,1.0,1,1.0,1,0.09059912757582311,47
464,1,1898,320,1578,0,0,0,1.0,1,1.0,1,1.0,1,0.11651869679051585,48
465,8,1906,325,1581,0,0,0,1.0,1,1.0,1,1.0,1,0.12294566345781184,47
466,3,1909,326,1583,0,0,0,1.0,1,1.0,1,1.0,1,0.1259178264251337,46
467,7,1916,329,1587,0,0,0,1.0,1,1.0,1,1.0,1,0.11938924768775257,44
468,1,1917,329,1588,0,0,0,1.0,1,1.0,1,1.0,1,0.09344148308072235,41
469,2,1919,330,1589,0,0,0,1.0,1,1.0,1,1.0,1,0.15285318988161634,40
470,2,1921,330,1591,0,0,0,1.0,1,1.0,1,1.0,1,0.10950384862840713,39
471,3,1924,333,1591,0,0,0,1.0,1,1.0,1,1.0,1,0.0869843582110636,38
472,4,1928,336,1592,0,0,0,1.0,1,1.0,1,1.0,1,0.1676316470019011,36
473,6,1934,339,1595,0,0,0,1.0,1,1.0,1,1.0,1,0.13124489490217692,36
474,2,1936,340,1596,0,0,0,1.0,1,1.0,1,1.0,1,0.20791838485505784,34
475,2,1938,341,1597,0,0,0,1.0,1,1.0,1,1.0,1,0.23291387305647343,34
476,2,1940,341,1599,0,0,0,1.0,1,1.0,1,1.0,1,0.28605824648060757,32
477,1,1941,341,1600,0,0,0,1.0,1,1.0,1,1.0,1,0.2802531580886431,32
478,1,1942,342,1600,0,0,0,1.0,1,1.0,1,1.0,1,0.2895189171271505,30
479,0,1942,342,1600,0,0,0,1.0,1,1.0,1,1.0,1,0.2962161921286371,31
480,0,1942,342,1600,0,0,0,1.0,1,1.0,1,1.0,1,0.3129749657832435,27
481,6,1948,344,1604,0,0,0,1.0,1,1.0,1,1.0,1,0.24883538737751965,28
482,0,1948,344,1604,0,0,0,1.0,1,1.0,1,1.0,1,0.2388682990942498,28
483,2,1950,344,1606,0,0,0,1.0,1,1.0,1,1.0,1,0.16506311951497468,29
484,2,1952,345,1607,0,0,0,1.0,1,1.0,1,1.0,1,0.1655251341379539,29
485,3,1955,345,1610,0,0,0,1.0,1,1.0,1,1.0,1,0.2054396328913114,29
486,2,1957,346,1611,0,0,0,1.0,1,1.0,1,1.0,1,0.19336454348391127,31
487,4,1961,346,1615,0,0,0,1.0,1,1.0,1,1.0,1,0.2060297729476338,33
488,7,1968,346,1622,0,0,0,1.0,1,1.0,1,1.0,1,0.17126071931057404,34
489,4,1972,346,1626,0,0,0,1.0,1,1.0,1,1.0,1,0.23849304030195068,34
490,1,1973,346,1627,0,0,0,1.0,1,1.0,1,1.0,1,0.23465932993302901,34
491,3,1976,347,1629,0,0,0,1.0,1,1.0,1,1.0,1,0.2645249227145893,34
492,6,1982,347,1635,0,0,0,1.0,1,1.0,1,1.0,1,0.2538145684406567,34
493,5,1987,348,1639,0,0,0,1.0,1,1.0,1,1.0,1,0.25311713885147186,34
494,9,1996,350,1646,0,0,0,1.0,1,1.0,1,1.0,1,0.33711826028486747,36
495,9,2005,351,1654,0,0,0,1.0,1,1.0,1,1.0,1,0.2773495274791189,36
496,11,2016,352,1664,0,0,0,1.0,1,1.0,1,1.0,1,0.3159180741591128,37
497,12,2028,352,1676,0,0,0,1.0,1,1.0,1,1.0,1,0.29769106556342906,39
498,13,2041,353,1688,0,0,0,1.0,1,1.0,1,1.0,1,0.31920847167634653,40
499,10,2051,353,1698,0,0,0,1.0,1,1.0,1,1.0,1,0.3275897186785541,40
500,15,2066,354,1712,0,0,0,1.0,1,1.0,1,1.0,1,0.2668894457819815,42
501,11,2077,354,1723,0,0,0,1.0,1,1.0,1,1.0,1,0.08857108660793557,42
502,5,2082,356,1726,0,0,0,1.0,1,1.0,1,1.0,1,0.1361097078398101,42
503,2,2084,357,1727,0,0,0,1.0,1,1.0,1,1.0,1,0.11760978233175642,41
504,6,2090,359,1731,0,0,0,1.0,1,1.0,1,1.0,1,0.17788805254814663,42
505,4,2094,359,1735,0,0,0,1.0,1,1.0,1,1.0,1,0.1514599209849933,38
506,3,2097,359,1738,0,0,0,1.0,1,1.0,1,1.0,1,0.13803508919029167,37
507,0,2097,359,1738,0,0,0,1.0,1,1.0,1,1.0,1,0.1665564164862859,35
508,2,2099,361,1738,0,0,0,1.0,1,1.0,1,1.0,1,0.1506327097966,35
509,0,2099,361,1738,0,0,0,1.0,1,1.0,1,1.0,1,0.15502885719597564,34
510,2,2101,361,1740,0,0,0,1.0,1,1.0,1,1.0,1,0.21124957250754398,34
511,2,2103,362,1741,0,0,0,1.0,1,1.0,1,1.0,1,0.22103099109443314,32
512,1,2104,363,1741,0,0,0,1.0,1,1.0,1,1.0,1,0.23358663673436483,30
513,0,2104,363,1741,0,0,0,1.0,1,1.0,1,1.0,1,0.22119300932607028,31
514,0,2104,363,1741,0,0,0,1.0,1,1.0,1,1.0,1,0.22119300932607028,31
515,3,2107,365,1742,0,0,0,1.0,1,1.0,1,1.0,1,0.23526168827916238,32
516,1,2108,365,1743,0,0,0,1.0,1,1.0,1,1.0,1,0.1787784450747942,31
517,4,2112,368,1744,0,0,0,1.0,1,1.0,1,1.0,1,0.1547560235901163,32
518,1,2113,368,1745,0,0,0,1.0,1,1.0,1,1.0,1,0.13627712456085916,31
519,2,2115,369,1746,0,0,0,1.0,1,1.0,1,1.0,1,0.16391949634955766,31
520,1,2116,370,1746,0,0,0,1.0,1,1.0,1,1.0,1,0.17460316202428477,33
521,1,2117,371,1746,0,0,0,1.0,1,1.0,1,1.0,1,0.17822694709279138,34
522,3,2120,372,1748,0,0,0,1.0,1,1.0,1,1.0,1,0.1313260012505962,34
523,0,2120,372,1748,0,0,0,1.0,1,1.0,1,1.0,1,0.14979750259678143,33
524,2,2122,373,1749,0,0,0,1.0,1,1.0,1,1.0,1,0.1019113528241948,34
525,1,2123,373,1750,0,0,0,1.0,1,1.0,1,1.0,1,0.1111599381736365,32
526,1,2124,374,1750,0,0,0,1.0,1,1.0,1,1.0,1,0.15357306649600774,32
527,0,2124,374,1750,0,0,0,1.0,1,1.0,1,1.0,1,0.20210936205198973,31
528,4,2128,378,1750,0,0,0,1.0,1,1.0,1,1.0,1,0.2686168687834287,31
529,1,2129,378,1751,0,0,0,1.0,1,1.0,1,1.0,1,0.3019906998695503,30
530,3,2132,380,1752,0,0,0,1.0,1,1.0,1,1.0,1,0.35400613873880593,30
531,7,2139,381,1758,0,0,0,1.0,1,1.0,1,1.0,1,0.31952856647696365,32
532,5,2144,381,1763,0,0,0,1.0,1,1.0,1,1.0,1,0.31366624068530025,32
533,4,2148,381,1767,0,0,0,1.0,1,1.0,1,1.0,1,0.324517088261069,34
534,5,2153,381,1772,0,0,0,1.0,1,1.0,1,1.0,1,0.32620489866318086,34
535,9,2162,382,1780,0,0,0,1.0,1,1.0,1,1.0,1,0.3336322974640696,37
536,6,2168,382,1786,0,0,0,1.0,1,1.0,1,1.0,1,0.3120398521647455,37
537,3,2171,383,1788,0,0,0,1.0,1,1.0,1,1.0,1,0.34698655180421445,37
538,8,2179,383,1796,0,0,0,1.0,1,1.0,1,1.0,1,0.33295742236301656,38
539,6,2185,383,1802,0,0,0,1.0,1,1.0,1,1.0,1,0.35537529660920036,38
540,5,2190,383,1807,0,0,0,1.0,1,1.0,1,1.0,1,0.32140510678207385,38
541,7,2197,383,1814,0,0,0,1.0,1,1.0,1,1.0,1,0.18643334720029553,39
542,1,2198,384,1814,0,0,0,1.0,1,1.0,1,1.0,1,0.1766282357587227,40
543,1,2199,385,1814,0,0,0,1.0,1,1.0,1,1.0,1,0.18678507573707784,37
544,1,2200,386,1814,0,0,0,1.0,1,1.0,1,1.0,1,0.21467110744885926,35
545,2,2202,387,1815,0,0,0,1.0,1,1.0,1,1.0,1,0.1769403488556361,35
546,3,2205,389,1816,0,0,0,1.0,1,1.0,1,1.0,1,0.22872049075954265,35
547,6,2211,392,1819,0,0,0,1.0,1,1.0,1,1.0,1,0.20484205608583317,34
548,3,2214,393,1821,0,0,0,1.0,1,1.0,1,1.0,1,0.21283381650399888,34
549,4,2218,395,1823,0,0,0,1.0,1,1.0,1,1.0,1,0.22380973960854128,31
550,1,2219,395,1824,0,0,0,1.0,1,1.0,1,1.0,1,0.19530000077001117,30
551,2,2221,396,1825,0,0,0,1.0,1,1.0,1,1.0,1,0.1877374494255515,31
552,1,2222,396,1826,0,0,0,1.0,1,1.0,1,1.0,1,0.13535498932415937,29
553,1,2223,397,1826,0,0,0,1.0,1,1.0,1,1.0,1,0.13790356464424797,30
554,0,2223,397,1826,0,0,0,1.0,1,1.0,1,1.0,1,0.12901870092067771,30
555,0,2223,397,1826,0,0,0,1.0,1,1.0,1,1.0,1,0.18156159377362766,30
556,5,2228,397,1831,0,0,0,1.0,1,1.0,1,1.0,1,0.16884967178391577,31
557,2,2230,397,1833,0,0,0,1.0,1,1.0,1,1.0,1,0.1380282718696445,31
558,2,2232,397,1835,0,0,0,1.0,1,1.0,1,1.0,1,0.16376890115194337,31
559,2,2234,397,1837,0,0,0,1.0,1,1.0,1,1.0,1,0.16894128655413182,31
560,4,2238,397,1841,0,0,0,1.0,1,1.0,1,1.0,1,0.18345848497168146,32
561,4,2242,397,1845,0,0,0,1.0,1,1.0,1,1.0,1,0.1388600080184283,33
562,1,2243,397,1846,0,0,0,1.0,1,1.0,1,1.0,1,0.1154899309900785,33
563,2,2245,399,1846,0,0,0,1.0,1,1.0,1,1.0,1,0.2018627638017982,33
564,2,2247,400,1847,0,0,0,1.0,1,1.0,1,1.0,1,0.20698644607017053,34
565,6,2253,402,1851,0,0,0,1.0,1,1.0,1,1.0,1,0.2762080586073469,35
566,6,2259,404,1855,0,0,0,1.0,1,1.0,1,1.0,1,0.23155007793891993,36
567,0,2259,404,1855,0,0,0,1.0,1,1.0,1,1.0,1,0.203675970829803,37
568,1,2260,405,1855,0,0,0,1.0,1,1.0,1,1.0,1,0.21416033998486153,36
569,0,2260,405,1855,0,0,0,1.0,1,1.0,1,1.0,1,0.1888234815217745,37
570,1,2261,405,1856,0,0,0,1.0,1,1.0,1,1.0,1,0.19082349774721327,38
571,0,2261,405,1856,0,0,0,1.0,1,1.0,1,1.0,1,0.19082349774721327,38
572,0,2261,405,1856,0,0,0,1.0,1,1.0,1,1.0,1,0.1775355171386598,39
573,0,2261,405,1856,0,0,0,1.0,1,1.0,1,1.0,1,0.1775355171386598,39
574,1,2262,405,1857,0,0,0,1.0,1,1.0,1,1.0,1,0.17989050171633486,41
575,2,2264,406,1858,0,0,0,1.0,1,1.0,1,1.0,1,0.17365859940728548,41
576,3,2267,406,1861,0,0,0,1.0,1,1.0,1,1.0,1,0.15734279624576294,42
577,1,2268,406,1862,0,0,0,1.0,1,1.0,1,1.0,1,0.17388583492508397,42
578,1,2269,406,1863,0,0,0,1.0,1,1.0,1,1.0,1,0.17051888602893714,41
579,2,2271,406,1865,0,0,0,1.0,1,1.0,1,1.0,1,0.14764567722870806,42
580,5,2276,407,1869,0,0,0,1.0,1,1.0,1,1.0,1,0.20333336850586875,43
581,4,2280,408,1872,0,0,0,1.0,1,1.0,1,1.0,1,0.13936518203310755,42
582,2,2282,409,1873,0,0,0,1.0,1,1.0,1,1.0,1,0.12166487387040831,41
583,2,2284,411,1873,0,0,0,1.0,1,1.0,1,1.0,1,0.154053152575182,40
584,8,2292,414,1878,0,0,0,1.0,1,1.0,1,1.0,1,0.18842870136192688,38
585,2,2294,414,1880,0,0,0,1.0,1,1.0,1,1.0,1,0.2420325181058591,38
586,4,2298,416,1882,0,0,0,1.0,1,1.0,1,1.0,1,0.21208922183434184,37
587,3,2301,419,1882,0,0,0,1.0,1,1.0,1,1.0,1,0.25160401621951467,35
588,3,2304,421,1883,0,0,0,1.0,1,1.0,1,1.0,1,0.23084353515173606,35
589,0,2304,421,1883,0,0,0,1.0,1,1.0,1,1.0,1,0.28578617972798415,34
590,2,2306,422,1884,0,0,0,1.0,1,1.0,1,1.0,1,0.25560755653128414,36
591,1,2307,422,1885,0,0,0,1.0,1,1.0,1,1.0,1,0.21103719959091088,35
592,3,2310,424,1886,0,0,0,1.0,1,1.0,1,1.0,1,0.24399418641249052,37
593,3,2313,425,1888,0,0,0,1.0,1,1.0,1,1.0,1,0.22282945709974214,36
594,1,2314,426,1888,0,0,0,1.0,1,1.0,1,1.0,1,0.2186427511888893,35
595,3,2317,428,1889,0,0,0,1.0,1,1.0,1,1.0,1,0.2134027692173044,34
596,5,2322,431,1891,0,0,0,1.0,1,1.0,1,1.0,1,0.26314407438039605,34
597,4,2326,434,1892,0,0,0,1.0,1,1.0,1,1.0,1,0.3188806510399082,33
598,0,2326,434,1892,0,0,0,1.0,1,1.0,1,1.0,1,0.33529458775090687,33
599,1,2327,435,1892,0,0,0,1.0,1,1.0,1,1.0,1,0.3354761901682096,33
600,1,2328,436,1892,0,0,0,1.0,1,1.0,1,1.0,1,0.359961726968641,33
601,5,2333,436,1897,0,0,0,1.0,1,1.0,1,1.0,1,0.25434103143014025,34
602,2,2335,436,1899,0,0,0,1.0,1,1.0,1,1.0,1,0.25449106501013524,35
603,4,2339,436,1903,0,0,0,1.0,1,1.0,1,1.0,1,0.2127720970956896,35
604,2,2341,436,1905,0,0,0,1.0,1,1.0,1,1.0,1,0.18968020736619284,35
605,3,2344,436,1908,0,0,0,1.0,1,1.0,1,1.0,1,0.18357382816962003,35
606,3,2347,436,1911,0,0,0,1.0,1,1.0,1,1.0,1,0.2221716956343331,35
607,2,2349,437,1912,0,0,0,1.0,1,1.0,1,1.0,1,0.23592571619831612,35
608,4,2353,437,1916,0,0,0,1.0,1,1.0,1,1.0,1,0.16841810121500414,36
609,8,2361,438,1923,0,0,0,1.0,1,1.0,1,1.0,1,0.14978190650124565,37
610,8,2369,438,1931,0,0,0,1.0,1,1.0,1,1.0,1,0.1785348052829403,37
611,8,2377,438,1939,0,0,0,1.0,1,1.0,1,1.0,1,0.22088363819093987,39
612,7,2384,439,1945,0,0,0,1.0,1,1.0,1,1.0,1,0.2268216787443682,39
613,14,2398,439,1959,0,0,0,1.0,1,1.0,1,1.0,1,0.2289532401386261,39
614,9,2407,439,1968,0,0,0,1.0,1,1.0,1,1.0,1,0.26242559742875643,39
615,9,2416,439,1977,0,0,0,1.0,1,1.0,1,1.0,1,0.215176085455821,39
616,9,2425,441,1984,0,0,0,1.0,1,1.0,1,1.0,1,0.26970686511849945,38
617,14,2439,442,1997,0,0,0,1.0,1,1.0,1,1.0,1,0.23130243876565212,39
618,5,2444,442,2002,0,0,0,1.0,1,1.0,1,1.0,1,0.20816299326937426,40
619,10,2454,443,2011,0,0,0,1.0,1,1.0,1,1.0,1,0.2862505054965526,39
620,6,2460,443,2017,0,0,0,1.0,1,1.0,1,1.0,1,0.28457133745078567,38
621,13,2473,444,2029,0,0,0,1.0,1,1.0,1,1.0,1,0.23728920793350933,38
622,6,2479,445,2034,0,0,0,1.0,1,1.0,1,1.0,1,0.2319909372297792,38
623,9,2488,446,2042,0,0,0,1.0,1,1.0,1,1.0,1,0.20600867033836917,37
624,7,2495,449,2046,0,0,0,1.0,1,1.0,1,1.0,1,0.24498243229898323,33
625,7,2502,450,2052,0,0,0,1.0,1,1.0,1,1.0,1,0.37115850741488415,32
626,6,2508,453,2055,0,0,0,1.0,1,1.0,1,1.0,1,0.3472803903532772,31
627,11,2519,455,2064,0,0,0,1.0,1,1.0,1,1.0,1,0.4222460373633087,30
628,11,2530,456,2074,0,0,0,1.0,1,1.0,1,1.0,1,0.4274082451855397,32
629,12,2542,457,2085,0,0,0,1.0,1,1.0,1,1.0,1,0.42279929162400937,29
630,11,2553,458,2095,0,0,0,1.0,1,1.0,1,1.0,1,0.4054021698899301,29
631,7,2560,459,2101,0,0,0,1.0,1,1.0,1,1.0,1,0.4959902405170115,25
632,1,2561,459,2102,0,0,0,1.0,1,1.0,1,1.0,1,0.5085537086040487,24
633,3,2564,459,2105,0,0,0,1.0,1,1.0,1,1.0,1,0.49261266629552636,23
634,5,2569,460,2109,0,0,0,1.0,1,1.0,1,1.0,1,0.423105899106308,23
635,3,2572,460,2112,0,0,0,1.0,1,1.0,1,1.0,1,0.4620948961345808,22
636,2,2574,460,2114,0,0,0,1.0,1,1.0,1,1.0,1,0.4333485242674741,22
637,4,2578,460,2118,0,0,0,1.0,1,1.0,1,1.0,1,0.3960941717740834,23
638,2,2580,460,2120,0,0,0,1.0,1,1.0,1,1.0,1,0.3960941717740834,23
639,2,2582,460,2122,0,0,0,1.0,1,1.0,1,1.0,1,0.3704886922405493,24
640,1,2583,460,2123,0,0,0,1.0,1,1.0,1,1.0,1,0.2956076642507447,24
641,3,2586,460,2126,0,0,0,1.0,1,1.0,1,1.0,1,0.20937852189551545,25
642,1,2587,460,2127,0,0,0,1.0,1,1.0,1,1.0,1,0.20844115440339442,26
643,5,2592,460,2132,0,0,0,1.0,1,1.0,1,1.0,1,0.19649509265820483,28
644,4,2596,460,2136,0,0,0,1.0,1,1.0,1,1.0,1,0.19649509265820483,28
645,3,2599,460,2139,0,0,0,1.0,1,1.0,1,1.0,1,0.17777098882029874,28
646,3,2602,460,2142,0,0,0,1.0,1,1.0,1,1.0,1,0.19375558699744702,29
647,7,2609,462,2147,0,0,0,1.0,1,1.0,1,1.0,1,0.2582136106046444,30
648,5,2614,462,2152,0,0,0,1.0,1,1.0,1,1.0,1,0.27032176855993756,30
649,9,2623,463,2160,0,0,0,1.0,1,1.0,1,1.0,1,0.2460257714136423,31
650,10,2633,463,2170,0,0,0,1.0,1,1.0,1,1.0,1,0.1812506293410463,31
651,4,2637,463,2174,0,0,0,1.0,1,1.0,1,1.0,1,0.14942107889769032,32
652,6,2643,464,2179,0,0,0,1.0,1,1.0,1,1.0,1,0.24216962925174734,32
653,12,2655,464,2191,0,0,0,1.0,1,1.0,1,1.0,1,0.1802021259823745,33
654,6,2661,464,2197,0,0,0,1.0,1,1.0,1,1.0,1,0.1802021259823745,33
655,12,2673,465,2208,0,0,0,1.0,1,1.0,1,1.0,1,0.16151862984599427,36
656,10,2683,466,2217,0,0,0,1.0,1,1.0,1,1.0,1,0.2277554482538385,36
657,13,2696,467,2229,0,0,0,1.0,1,1.0,1,1.0,1,0.2218480076235637,35
658,5,2701,467,2234,0,0,0,1.0,1,1.0,1,1.0,1,0.2503733506290994,33
659,4,2705,467,2238,0,0,0,1.0,1,1.0,1,1.0,1,0.23057285674048436,35
660,6,2711,468,2243,0,0,0,1.0,1,1.0,1,1.0,1,0.24710766614216323,34
661,5,2716,468,2248,0,0,0,1.0,1,1.0,1,1.0,1,0.2388580736539562,33
662,4,2720,470,2250,0,0,0,1.0,1,1.0,1,1.0,1,0.21054946191400342,31
663,6,2726,472,2254,0,0,0,1.0,1,1.0,1,1.0,1,0.22730913244488604,29
664,2,2728,473,2255,0,0,0,1.0,1,1.0,1,1.0,1,0.23601099864659073,27
665,1,2729,473,2256,0,0,0,1.0,1,1.0,1,1.0,1,0.1930793531649059,27
666,9,2738,475,2263,0,0,0,1.0,1,1.0,1,1.0,1,0.22128418809981729,28
667,3,2741,475,2266,0,0,0,1.0,1,1.0,1,1.0,1,0.26090464141155484,26
668,6,2747,477,2270,0,0,0,1.0,1,1.0,1,1.0,1,0.28580315924295663,26
669,5,2752,480,2272,0,0,0,1.0,1,1.0,1,1.0,1,0.3333369497202608,25
670,2,2754,480,2274,0,0,0,1.0,1,1.0,1,1.0,1,0.26077105999856737,24
671,1,2755,480,2275,0,0,0,1.0,1,1.0,1,1.0,1,0.26274594460350853,24
672,3,2758,481,2277,0,0,0,1.0,1,1.0,1,1.0,1,0.23714434345641605,25
673,1,2759,481,2278,0,0,0,1.0,1,1.0,1,1.0,1,0.2638022356337708,25
674,0,2759,481,2278,0,0,0,1.0,1,1.0,1,1.0,1,0.2638022356337708,25
675,2,2761,482,2279,0,0,0,1.0,1,1.0,1,1.0,1,0.2874266056663616,26
676,6,2767,484,2283,0,0,0,1.0,1,1.0,1,1.0,1,0.26778581839773163,27
677,4,2771,484,2287,0,0,0,1.0,1,1.0,1,1.0,1,0.3107003105407321,28
678,2,2773,485,2288,0,0,0,1.0,1,1.0,1,1.0,1,0.3243190578654246,28
679,4,2777,486,2291,0,0,0,1.0,1,1.0,1,1.0,1,0.3644023962726107,30
680,2,2779,486,2293,0,0,0,1.0,1,1.0,1,1.0,1,0.37947989205981447,29
681,6,2785,486,2299,0,0,0,1.0,1,1.0,1,1.0,1,0.16974880967333886,29
682,3,2788,486,2302,0,0,0,1.0,1,1.0,1,1.0,1,0.1739221658001123,30
683,2,2790,486,2304,0,0,0,1.0,1,1.0,1,1.0,1,0.1871553993015353,30
684,5,2795,486,2309,0,0,0,1.0,1,1.0,1,1.0,1,0.1776719287612067,31
685,4,2799,486,2313,0,0,0,1.0,1,1.0,1,1.0,1,0.1794486613331176,30
686,6,2805,487,2318,0,0,0,1.0,1,1.0,1,1.0,1,0.25547070564638336,30
687,6,2811,488,2323,0,0,0,1.0,1,1.0,1,1.0,1,0.2320866461587744,30
688,4,2815,488,2327,0,0,0,1.0,1,1.0,1,1.0,1,0.19155110046141033,31
689,7,2822,489,2333,0,0,0,1.0,1,1.0,1,1.0,1,0.2489182405714533,32
690,8,2830,489,2341,0,0,0,1.0,1,1.0,1,1.0,1,0.2461010595077298,32
691,6,2836,490,2346,0,0,0,1.0,1,1.0,1,1.0,1,0.21592261375494373,32
692,5,2841,491,2350,0,0,0,1.0,1,1.0,1,1.0,1,0.21399279334169916,32
693,5,2846,492,2354,0,0,0,1.0,1,1.0,1,1.0,1,0.174679174411864,34
694,5,2851,493,2358,0,0,0,1.0,1,1.0,1,1.0,1,0.19373374372823307,36
695,6,2857,495,2362,0,0,0,1.0,1,1.0,1,1.0,1,0.23825048068563173,34
696,5,2862,496,2366,0,0,0,1.0,1,1.0,1,1.0,1,0.2501164388749174,33
697,4,2866,496,2370,0,0,0,1.0,1,1.0,1,1.0,1,0.24508717564432247,33
698,3,2869,496,2373,0,0,0,1.0,1,1.0,1,1.0,1,0.23696637268607065,34
699,2,2871,496,2375,0,0,0,1.0,1,1.0,1,1.0,1,0.18837403403013725,33
700,3,2874,496,2378,0,0,0,1.0,1,1.0,1,1.0,1,0.1725543874963585,32
701,3,2877,496,2381,0,0,0,1.0,1,1.0,1,1.0,1,0.1337389881807335,33
702,6,2883,500,2383,0,0,0,1.0,1,1.0,1,1.0,1,0.21647216035396813,34
703,4,2887,501,2386,0,0,0,1.0,1,1.0,1,1.0,1,0.1654368184330919,32
704,0,2887,501,2386,0,0,0,1.0,1,1.0,1,1.0,1,0.1283852433067,31
705,3,2890,503,2387,0,0,0,1.0,1,1.0,1,1.0,1,0.12064763925278726,33
706,0,2890,503,2387,0,0,0,1.0,1,1.0,1,1.0,1,0.11233947088580895,33
707,1,2891,504,2387,0,0,0,1.0,1,1.0,1,1.0,1,0.2155467956577012,31
708,3,2894,506,2388,0,0,0,1.0,1,1.0,1,1.0,1,0.212013803178415,31
709,0,2894,506,2388,0,0,0,1.0,1,1.0,1,1.0,1,0.24544878681158694,30
710,1,2895,507,2388,0,0,0,1.0,1,1.0,1,1.0,1,0.2428091953224202,30
711,0,2895,507,2388,0,0,0,1.0,1,1.0,1,1.0,1,0.22679720471691103,30
712,0,2895,507,2388,0,0,0,1.0,1,1.0,1,1.0,1,0.2127815655076195,30
713,1,2896,507,2389,0,0,0,1.0,1,1.0,1,1.0,1,0.19982506770256,31
714,0,2896,507,2389,0,0,0,1.0,1,1.0,1,1.0,1,0.20405231125291784,31
715,0,2896,507,2389,0,0,0,1.0,1,1.0,1,1.0,1,0.2116236955402351,30
716,1,2897,508,2389,0,0,0,1.0,1,1.0,1,1.0,1,0.23990810559658865,31
717,0,2897,508,2389,0,0,0,1.0,1,1.0,1,1.0,1,0.25484820761081395,32
718,3,2900,509,2391,0,0,0,1.0,1,1.0,1,1.0,1,0.2322829840136235,32
719,2,2902,509,2393,0,0,0,1.0,1,1.0,1,1.0,1,0.2688427288945981,32
720,3,2905,509,2396,0,0,0,1.0,1,1.0,1,1.0,1,0.2223367035444692,34
721,1,2906,509,2397,0,0,0,1.0,1,1.0,1,1.0,1,0.2103854885517602,34
722,2,2908,511,2397,0,0,0,1.0,1,1.0,1,1.0,1,0.27399360701434733,34
723,2,2910,511,2399,0,0,0,1.0,1,1.0,1,1.0,1,0.23692861272153837,35
724,1,2911,512,2399,0,0,0,1.0,1,1.0,1,1.0,1,0.252969344642788,36
725,3,2914,512,2402,0,0,0,1.0,1,1.0,1,1.0,1,0.203754828302529,37
726,0,2914,512,2402,0,0,0,1.0,1,1.0,1,1.0,1,0.203754828302529,37
727,2,2916,512,2404,0,0,0,1.0,1,1.0,1,1.0,1,0.20562261519877026,38
728,0,2916,512,2404,0,0,0,1.0,1,1.0,1,1.0,1,0.19678818808431953,39
729,0,2916,512,2404,0,0,0,1.0,1,1.0,1,1.0,1,0.19678818808431953,39
730,0,2916,512,2404,0,0,0,1.0,1,1.0,1,1.0,1,0.19698725627541305,40
731,1,2917,512,2405,0,0,0,1.0,1,1.0,1,1.0,1,0.1843635171170906,40
732,1,2918,512,2406,0,0,0,1.0,1,1.0,1,1.0,1,0.1926806348245608,41
733,1,2919,512,2407,0,0,0,1.0,1,1.0,1,1.0,1,0.15923849286966146,41
734,1,2920,512,2408,0,0,0,1.0,1,1.0,1,1.0,1,0.17293659388855992,42
735,1,2921,513,2408,0,0,0,1.0,1,1.0,1,1.0,1,0.12358908581447962,42
736,2,2923,513,2410,0,0,0,1.0,1,1.0,1,1.0,1,0.10643831157670007,41
737,2,2925,515,2410,0,0,0,1.0,1,1.0,1,1.0,1,0.14554811213244756,41
738,2,2927,516,2411,0,0,0,1.0,1,1.0,1,1.0,1,0.13559748542815178,39
739,1,2928,517,2411,0,0,0,1.0,1,1.0,1,1.0,1,0.18796289104305783,39
740,5,2933,517,2416,0,0,0,1.0,1,1.0,1,1.0,1,0.22471999552972216,39
741,3,2936,517,2419,0,0,0,1.0,1,1.0,1,1.0,1,0.18254034771571914,38
742,2,2938,518,2420,0,0,0,1.0,1,1.0,1,1.0,1,0.13458703769993838,39
743,4,2942,520,2422,0,0,0,1.0,1,1.0,1,1.0,1,0.14635888996393465,39
744,3,2945,523,2422,0,0,0,1.0,1,1.0,1,1.0,1,0.1505714329240288,39
745,4,2949,526,2423,0,0,0,1.0,1,1.0,1,1.0,1,0.15079096729400118,39
746,2,2951,527,2424,0,0,0,1.0,1,1.0,1,1.0,1,0.16296323597174905,40
747,4,2955,529,2426,0,0,0,1.0,1,1.0,1,1.0,1,0.17224494192722628,41
748,5,2960,531,2429,0,0,0,1.0,1,1.0,1,1.0,1,0.16182806037671404,41
749,3,2963,531,2432,0,0,0,1.0,1,1.0,1,1.0,1,0.13405949587162458,41
750,8,2971,533,2438,0,0,0,1.0,1,1.0,1,1.0,1,0.17295204645078663,39
751,7,2978,534,2444,0,0,0,1.0,1,1.0,1,1.0,1,0.1581641784658891,41
752,6,2984,535,2449,0,0,0,1.0,1,1.0,1,1.0,1,0.10942538352675717,41
753,8,2992,535,2457,0,0,0,1.0,1,1.0,1,1.0,1,0.13909108161753958,41
754,9,3001,539,2462,0,0,0,1.0,1,1.0,1,1.0,1,0.17937960280562276,41
755,8,3009,539,2470,0,0,0,1.0,1,1.0,1,1.0,1,0.24622649411456152,41
756,9,3018,540,2478,0,0,0,1.0,1,1.0,1,1.0,1,0.18630546548199642,41
757,9,3027,541,2486,0,0,0,1.0,1,1.0,1,1.0,1,0.2811798947909306,39
758,10,3037,541,2496,0,0,0,1.0,1,1.0,1,1.0,1,0.24225821166616024,39
759,6,3043,541,2502,0,0,0,1.0,1,1.0,1,1.0,1,0.20515255063476062,39
760,8,3051,541,2510,0,0,0,1.0,1,1.0,1,1.0,1,0.24580189565736027,40
761,10,3061,541,2520,0,0,0,1.0,1,1.0,1,1.0,1,0.11763665496237376,41
762,6,3067,541,2526,0,0,0,1.0,1,1.0,1,1.0,1,0.09411834092590005,42
763,3,3070,541,2529,0,0,0,1.0,1,1.0,1,1.0,1,0.11315358027565704,43
764,3,3073,541,2532,0,0,0,1.0,1,1.0,1,1.0,1,0.10440778608416244,43
765,3,3076,541,2535,0,0,0,1.0,1,1.0,1,1.0,1,0.08379499637015135,45
766,4,3080,541,2539,0,0,0,1.0,1,1.0,1,1.0,1,0.08379499637015135,45
767,3,3083,541,2542,0,0,0,1.0,1,1.0,1,1.0,1,0.11598212217271071,46
768,3,3086,541,2545,0,0,0,1.0,1,1.0,1,1.0,1,0.10081273782111762,45
769,6,3092,541,2551,0,0,0,1.0,1,1.0,1,1.0,1,0.11818510084937657,46
770,8,3100,541,2559,0,0,0,1.0,1,1.0,1,1.0,1,0.1179545050906798,47
771,8,3108,544,2564,0,0,0,1.0,1,1.0,1,1.0,1,0.12470314905931068,47
772,5,3113,545,2568,0,0,0,1.0,1,1.0,1,1.0,1,0.14207048028832592,46
773,7,3120,547,2573,0,0,0,1.0,1,1.0,1,1.0,1,0.1393461416352296,45
774,7,3127,547,2580,0,0,0,1.0,1,1.0,1,1.0,1,0.11931507203725236,45
775,5,3132,549,2583,0,0,0,1.0,1,1.0,1,1.0,1,0.16308700309474145,45
776,4,3136,549,2587,0,0,0,1.0,1,1.0,1,1.0,1,0.11287850044113794,43
777,6,3142,549,2593,0,0,0,1.0,1,1.0,1,1.0,1,0.12850647495769693,44
778,8,3150,550,2600,0,0,0,1.0,1,1.0,1,1.0,1,0.14912520139061713,45
779,4,3154,550,2604,0,0,0,1.0,1,1.0,1,1.0,1,0.14912520139061713,45
780,6,3160,552,2608,0,0,0,1.0,1,1.0,1,1.0,1,0.1815790195832198,45
781,1,3161,552,2609,0,0,0,1.0,1,1.0,1,1.0,1,0.15655224246635221,46
782,7,3168,553,2615,0,0,0,1.0,1,1.0,1,1.0,1,0.14394136473876468,47
783,2,3170,553,2617,0,0,0,1.0,1,1.0,1,1.0,1,0.13159617963596232,46
784,0,3170,553,2617,0,0,0,1.0,1,1.0,1,1.0,1,0.13607808398199386,45
785,1,3171,553,2618,0,0,0,1.0,1,1.0,1,1.0,1,0.13636133698803532,43
786,1,3172,554,2618,0,0,0,1.0,1,1.0,1,1.0,1,0.14504340937300034,43
787,2,3174,555,2619,0,0,0,1.0,1,1.0,1,1.0,1,0.16304117660102402,43
788,2,3176,556,2620,0,0,0,1.0,1,1.0,1,1.0,1,0.19404248737847835,44
789,2,3178,556,2622,0,0,0,1.0,1,1.0,1,1.0,1,0.17821254756461577,46
790,5,3183,557,2626,0,0,0,1.0,1,1.0,1,1.0,1,0.1908819291029013,46
791,6,3189,558,2631,0,0,0,1.0,1,1.0,1,1.0,1,0.17399774433277254,46
792,1,3190,558,2632,0,0,0,1.0,1,1.0,1,1.0,1,0.18237463882752109,47
793,3,3193,558,2635,0,0,0,1.0,1,1.0,1,1.0,1,0.2010441517953007,48
794,3,3196,558,2638,0,0,0,1.0,1,1.0,1,1.0,1,0.20483280778429866,48
795,1,3197,558,2639,0,0,0,1.0,1,1.0,1,1.0,1,0.1867485461876101,47
796,3,3200,559,2641,0,0,0,1.0,1,1.0,1,1.0,1,0.23039433509339613,45
797,6,3206,560,2646,0,0,0,1.0,1,1.0,1,1.0,1,0.2015071319811828,47
798,3,3209,560,2649,0,0,0,1.0,1,1.0,1,1.0,1,0.2257439034876131,48
799,4,3213,560,2653,0,0,0,1.0,1,1.0,1,1.0,1,0.19608383823046688,48
800,5,3218,561,2657,0,0,0,1.0,1,1.0,1,1.0,1,0.25276093732568766,48
801,5,3223,562,2661,0,0,0,1.0,1,1.0,1,1.0,1,0.1671910814095962,49
802,4,3227,563,2664,0,0,0,1.0,1,1.0,1,1.0,1,0.16821887810493025,50
803,2,3229,563,2666,0,0,0,1.0,1,1.0,1,1.0,1,0.16821887810493025,50
804,5,3234,563,2671,0,0,0,1.0,1,1.0,1,1.0,1,0.13805106116479626,50
805,2,3236,564,2672,0,0,0,1.0,1,1.0,1,1.0,1,0.1498852264285367,50
806,2,3238,564,2674,0,0,0,1.0,1,1.0,1,1.0,1,0.1271421502961171,51
807,3,3241,565,2676,0,0,0,1.0,1,1.0,1,1.0,1,0.13824694900181622,51
808,2,3243,565,2678,0,0,0,1.0,1,1.0,1,1.0,1,0.11644509765606567,53
809,1,3244,565,2679,0,0,0,1.0,1,1.0,1,1.0,1,0.09702035431474246,51
810,0,3244,565,2679,0,0,0,1.0,1,1.0,1,1.0,1,0.09006004884888201,52
811,7,3251,566,2685,0,0,0,1.0,1,1.0,1,1.0,1,0.10042171588482199,50
812,3,3254,567,2687,0,0,0,1.0,1,1.0,1,1.0,1,0.10008433520110685,51
813,7,3261,569,2692,0,0,0,1.0,1,1.0,1,1.0,1,0.1063807303429383,51
814,3,3264,570,2694,0,0,0,1.0,1,1.0,1,1.0,1,0.13568009467660183,52
815,2,3266,571,2695,0,0,0,1.0,1,1.0,1,1.0,1,0.14625971698268755,50
816,1,3267,572,2695,0,0,0,1.0,1,1.0,1,1.0,1,0.15625865329623842,50
817,3,3270,572,2698,0,0,0,1.0,1,1.0,1,1.0,1,0.14345120024954902,49
818,3,3273,574,2699,0,0,0,1.0,1,1.0,1,1.0,1,0.1711173643922118,49
819,4,3277,574,2703,0,0,0,1.0,1,1.0,1,1.0,1,0.15806046907746907,50
820,1,3278,574,2704,0,0,0,1.0,1,1.0,1,1.0,1,0.1698855818761486,49
821,4,3282,574,2708,0,0,0,1.0,1,1.0,1,1.0,1,0.1358744038283859,49
822,4,3286,576,2710,0,0,0,1.0,1,1.0,1,1.0,1,0.09889258885063194,49
823,3,3289,578,2711,0,0,0,1.0,1,1.0,1,1.0,1,0.1442921430783834,47
824,3,3292,580,2712,0,0,0,1.0,1,1.0,1,1.0,1,0.15909749896770894,45
825,0,3292,580,2712,0,0,0,1.0,1,1.0,1,1.0,1,0.1743078934090379,43
826,2,3294,582,2712,0,0,0,1.0,1,1.0,1,1.0,1,0.1454648085996566,44
827,2,3296,583,2713,0,0,0,1.0,1,1.0,1,1.0,1,0.1492936904870959,43
828,2,3298,585,2713,0,0,0,1.0,1,1.0,1,1.0,1,0.18547776288739878,43
829,4,3302,587,2715,0,0,0,1.0,1,1.0,1,1.0,1,0.17350541139353046,45
830,3,3305,588,2717,0,0,0,1.0,1,1.0,1,1.0,1,0.19707690025627622,46
831,3,3308,590,2718,0,0,0,1.0,1,1.0,1,1.0,1,0.22440773423724367,48
832,4,3312,591,2721,0,0,0,1.0,1,1.0,1,1.0,1,0.20954918584258417,47
833,5,3317,592,2725,0,0,0,1.0,1,1.0,1,1.0,1,0.20586296347471103,47
834,2,3319,593,2726,0,0,0,1.0,1,1.0,1,1.0,1,0.23258130282328257,46
835,0,3319,593,2726,0,0,0,1.0,1,1.0,1,1.0,1,0.24483479659316643,45
836,3,3322,595,2727,0,0,0,1.0,1,1.0,1,1.0,1,0.21008364287475811,46
837,2,3324,595,2729,0,0,0,1.0,1,1.0,1,1.0,1,0.210392900400581,46
838,4,3328,596,2732,0,0,0,1.0,1,1.0,1,1.0,1,0.2582295433729621,45
839,5,3333,599,2734,0,0,0,1.0,1,1.0,1,1.0,1,0.26504410313101884,46
840,3,3336,599,2737,0,0,0,1.0,1,1.0,1,1.0,1,0.24846425949150486,46
841,9,3345,601,2744,0,0,0,1.0,1,1.0,1,1.0,1,0.12619536396911363,46
842,0,3345,601,2744,0,0,0,1.0,1,1.0,1,1.0,1,0.12619536396911363,46
843,2,3347,602,2745,0,0,0,1.0,1,1.0,1,1.0,1,0.13146461914041346,46
844,9,3356,605,2751,0,0,0,1.0,1,1.0,1,1.0,1,0.1611179399752639,47
845,4,3360,606,2754,0,0,0,1.0,1,1.0,1,1.0,1,0.17314984190310084,48
846,3,3363,606,2757,0,0,0,1.0,1,1.0,1,1.0,1,0.13076324165762837,47
847,2,3365,606,2759,0,0,0,1.0,1,1.0,1,1.0,1,0.12032293341935002,48
848,3,3368,606,2762,0,0,0,1.0,1,1.0,1,1.0,1,0.14387770936963667,48
849,5,3373,607,2766,0,0,0,1.0,1,1.0,1,1.0,1,0.156728127560302,48
850,0,3373,607,2766,0,0,0,1.0,1,1.0,1,1.0,1,0.1752682990956285,46
851,3,3376,608,2768,0,0,0,1.0,1,1.0,1,1.0,1,0.18334035677879681,45
852,3,3379,608,2771,0,0,0,1.0,1,1.0,1,1.0,1,0.1911862226818387,44
853,3,3382,608,2774,0,0,0,1.0,1,1.0,1,1.0,1,0.21359093261980974,44
854,2,3384,608,2776,0,0,0,1.0,1,1.0,1,1.0,1,0.1711378637936091,45
855,3,3387,608,2779,0,0,0,1.0,1,1.0,1,1.0,1,0.17940661716020456,46
856,6,3393,609,2784,0,0,0,1.0,1,1.0,1,1.0,1,0.18917612739900727,46
857,6,3399,609,2790,0,0,0,1.0,1,1.0,1,1.0,1,0.19151483805476102,47
858,6,3405,611,2794,0,0,0,1.0,1,1.0,1,1.0,1,0.2547810892917066,48
859,4,3409,611,2798,0,0,0,1.0,1,1.0,1,1.0,1,0.2340108758931396,48
860,7,3416,612,2804,0,0,0,1.0,1,1.0,1,1.0,1,0.2433075706888085,49
861,8,3424,613,2811,0,0,0,1.0,1,1.0,1,1.0,1,0.19744479144339683,49
862,6,3430,613,2817,0,0,0,1.0,1,1.0,1,1.0,1,0.16009071717231835,49
863,3,3433,614,2819,0,0,0,1.0,1,1.0,1,1.0,1,0.17678324612246626,48
864,5,3438,615,2823,0,0,0,1.0,1,1.0,1,1.0,1,0.1420690318547048,49
865,2,3440,615,2825,0,0,0,1.0,1,1.0,1,1.0,1,0.14178650002603557,48
866,3,3443,616,2827,0,0,0,1.0,1,1.0,1,1.0,1,0.12315729892083899,50
867,2,3445,616,2829,0,0,0,1.0,1,1.0,1,1.0,1,0.11783074188787973,50
868,9,3454,619,2835,0,0,0,1.0,1,1.0,1,1.0,1,0.16619426000849818,51
869,4,3458,619,2839,0,0,0,1.0,1,1.0,1,1.0,1,0.15093977104910256,49
870,6,3464,621,2843,0,0,0,1.0,1,1.0,1,1.0,1,0.1351649432750598,49
871,6,3470,622,2848,0,0,0,1.0,1,1.0,1,1.0,1,0.17351048215248657,49
872,5,3475,623,2852,0,0,0,1.0,1,1.0,1,1.0,1,0.19464524966403063,48
873,7,3482,626,2856,0,0,0,1.0,1,1.0,1,1.0,1,0.20245397090227243,49
874,3,3485,626,2859,0,0,0,1.0,1,1.0,1,1.0,1,0.2025137439393618,49
875,4,3489,628,2861,0,0,0,1.0,1,1.0,1,1.0,1,0.21357289281074995,50
876,7,3496,628,2868,0,0,0,1.0,1,1.0,1,1.0,1,0.26075517326055514,50
877,13,3509,632,2877,0,0,0,1.0,1,1.0,1,1.0,1,0.24701058552730096,50
878,10,3519,632,2887,0,0,0,1.0,1,1.0,1,1.0,1,0.28002665586329056,49
879,11,3530,634,2896,0,0,0,1.0,1,1.0,1,1.0,1,0.3277584243491099,49
880,10,3540,634,2906,0,0,0,1.0,1,1.0,1,1.0,1,0.3106849731136522,48
881,20,3560,636,2924,0,0,0,1.0,1,1.0,1,1.0,1,0.17943491123000743,49
882,2,3562,636,2926,0,0,0,1.0,1,1.0,1,1.0,1,0.18299145327348518,48
883,1,3563,636,2927,0,0,0,1.0,1,1.0,1,1.0,1,0.1878892604553609,50
884,1,3564,636,2928,0,0,0,1.0,1,1.0,1,1.0,1,0.18804524549397805,50
885,1,3565,636,2929,0,0,0,1.0,1,1.0,1,1.0,1,0.12534834750426524,49
886,1,3566,636,2930,0,0,0,1.0,1,1.0,1,1.0,1,0.15913972581739105,49
887,5,3571,636,2935,0,0,0,1.0,1,1.0,1,1.0,1,0.16733198898058801,49
888,3,3574,636,2938,0,0,0,1.0,1,1.0,1,1.0,1,0.10371245457323001,47
889,4,3578,636,2942,0,0,0,1.0,1,1.0,1,1.0,1,0.1595082471812579,46
890,3,3581,636,2945,0,0,0,1.0,1,1.0,1,1.0,1,0.14716785642502264,44
891,4,3585,637,2948,0,0,0,1.0,1,1.0,1,1.0,1,0.14961884222222713,45
892,4,3589,637,2952,0,0,0,1.0,1,1.0,1,1.0,1,0.2153043826179077,45
893,4,3593,638,2955,0,0,0,1.0,1,1.0,1,1.0,1,0.21784750406658093,45
894,1,3594,638,2956,0,0,0,1.0,1,1.0,1,1.0,1,0.2024975631472939,44
895,4,3598,638,2960,0,0,0,1.0,1,1.0,1,1.0,1,0.19540167169238537,45
896,6,3604,639,2965,0,0,0,1.0,1,1.0,1,1.0,1,0.2731524239149643,44
897,6,3610,639,2971,0,0,0,1.0,1,1.0,1,1.0,1,0.29274430250036404,44
898,4,3614,639,2975,0,0,0,1.0,1,1.0,1,1.0,1,0.2847517777979596,45
899,3,3617,639,2978,0,0,0,1.0,1,1.0,1,1.0,1,0.28979399978603326,44
900,3,3620,639,2981,0,0,0,1.0,1,1.0,1,1.0,1,0.28758275997457367,46
901,10,3630,640,2990,0,0,0,1.0,1,1.0,1,1.0,1,0.17796557420099843,45
902,6,3636,642,2994,0,0,0,1.0,1,1.0,1,1.0,1,0.11388189139694387,45
903,4,3640,643,2997,0,0,0,1.0,1,1.0,1,1.0,1,0.14360542258675232,44
904,2,3642,643,2999,0,0,0,1.0,1,1.0,1,1.0,1,0.1351431562156691,45
905,1,3643,643,3000,0,0,0,1.0,1,1.0,1,1.0,1,0.15258279699940386,45
906,6,3649,643,3006,0,0,0,1.0,1,1.0,1,1.0,1,0.1368367420582234,45
907,4,3653,645,3008,0,0,0,1.0,1,1.0,1,1.0,1,0.09999910147746839,46
908,2,3655,645,3010,0,0,0,1.0,1,1.0,1,1.0,1,0.12482598837892676,46
909,7,3662,648,3014,0,0,0,1.0,1,1.0,1,1.0,1,0.16997461763589264,46
910,7,3669,648,3021,0,0,0,1.0,1,1.0,1,1.0,1,0.161457698031494,44
911,7,3676,649,3027,0,0,0,1.0,1,1.0,1,1.0,1,0.1696599199095058,45
912,6,3682,649,3033,0,0,0,1.0,1,1.0,1,1.0,1,0.204237299152367,44
913,4,3686,649,3037,0,0,0,1.0,1,1.0,1,1.0,1,0.20137030681569365,45
914,6,3692,651,3041,0,0,0,1.0,1,1.0,1,1.0,1,0.2387441283915409,45
915,4,3696,651,3045,0,0,0,1.0,1,1.0,1,1.0,1,0.2387441283915409,45
916,4,3700,651,3049,0,0,0,1.0,1,1.0,1,1.0,1,0.2387441283915409,45
917,9,3709,652,3057,0,0,0,1.0,1,1.0,1,1.0,1,0.21752005245428085,46
918,7,3716,653,3063,0,0,0,1.0,1,1.0,1,1.0,1,0.21513931872407155,47
919,8,3724,653,3071,0,0,0,1.0,1,1.0,1,1.0,1,0.22978923168033738,47
920,5,3729,653,3076,0,0,0,1.0,1,1.0,1,1.0,1,0.22985059490582369,47
921,7,3736,653,3083,0,0,0,1.0,1,1.0,1,1.0,1,0.11619968309245386,49
922,1,3737,653,3084,0,0,0,1.0,1,1.0,1,1.0,1,0.1053903029690663,49
923,4,3741,655,3086,0,0,0,1.0,1,1.0,1,1.0,1,0.10263895346508878,47
924,1,3742,655,3087,0,0,0,1.0,1,1.0,1,1.0,1,0.06341118603153974,47
925,4,3746,655,3091,0,0,0,1.0,1,1.0,1,1.0,1,0.07600220508218207,47
926,3,3749,657,3092,0,0,0,1.0,1,1.0,1,1.0,1,0.10024277850716848,46
927,4,3753,658,3095,0,0,0,1.0,1,1.0,1,1.0,1,0.1157356772460548,45
928,1,3754,658,3096,0,0,0,1.0,1,1.0,1,1.0,1,0.1419034500211186,43
929,3,3757,658,3099,0,0,0,1.0,1,1.0,1,1.0,1,0.1418324095154613,42
930,5,3762,659,3103,0,0,0,1.0,1,1.0,1,1.0,1,0.17487542265318257,41
931,3,3765,660,3105,0,0,0,1.0,1,1.0,1,1.0,1,0.18316055867374928,40
932,3,3768,660,3108,0,0,0,1.0,1,1.0,1,1.0,1,0.17791159203782372,40
933,3,3771,661,3110,0,0,0,1.0,1,1.0,1,1.0,1,0.22805402675384506,39
934,4,3775,662,3113,0,0,0,1.0,1,1.0,1,1.0,1,0.20933727139175243,39
935,3,3778,664,3114,0,0,0,1.0,1,1.0,1,1.0,1,0.22572049621654697,41
936,4,3782,664,3118,0,0,0,1.0,1,1.0,1,1.0,1,0.21653521894722685,42
937,5,3787,665,3122,0,0,0,1.0,1,1.0,1,1.0,1,0.24861480509842757,43
938,4,3791,666,3125,0,0,0,1.0,1,1.0,1,1.0,1,0.29354103758056194,44
939,5,3796,666,3130,0,0,0,1.0,1,1.0,1,1.0,1,0.28632122486812384,46
940,5,3801,666,3135,0,0,0,1.0,1,1.0,1,1.0,1,0.31064349921359796,46
941,9,3810,666,3144,0,0,0,1.0,1,1.0,1,1.0,1,0.16867716782560038,46
942,3,3813,666,3147,0,0,0,1.0,1,1.0,1,1.0,1,0.15867537941037527,46
943,3,3816,667,3149,0,0,0,1.0,1,1.0,1,1.0,1,0.14390086902594856,45
944,2,3818,667,3151,0,0,0,1.0,1,1.0,1,1.0,1,0.1259000207650185,45
945,4,3822,667,3155,0,0,0,1.0,1,1.0,1,1.0,1,0.14557503840936337,44
946,5,3827,668,3159,0,0,0,1.0,1,1.0,1,1.0,1,0.1372707194570367,46
947,1,3828,668,3160,0,0,0,1.0,1,1.0,1,1.0,1,0.1562570923703455,44
948,7,3835,670,3165,0,0,0,1.0,1,1.0,1,1.0,1,0.1395735510100988,44
949,7,3842,671,3171,0,0,0,1.0,1,1.0,1,1.0,1,0.22314017916304754,44
950,3,3845,671,3174,0,0,0,1.0,1,1.0,1,1.0,1,0.2622466109724327,43
951,3,3848,671,3177,0,0,0,1.0,1,1.0,1,1.0,1,0.2869958916366456,42
952,4,3852,671,3181,0,0,0,1.0,1,1.0,1,1.0,1,0.2869958916366456,42
953,4,3856,671,3185,0,0,0,1.0,1,1.0,1,1.0,1,0.27559234256843596,41
954,3,3859,672,3187,0,0,0,1.0,1,1.0,1,1.0,1,0.27354165023401417,40
955,2,3861,672,3189,0,0,0,1.0,1,1.0,1,1.0,1,0.24774000008614888,42
956,7,3868,674,3194,0,0,0,1.0,1,1.0,1,1.0,1,0.2326438506626512,43
957,3,3871,674,3197,0,0,0,1.0,1,1.0,1,1.0,1,0.24855988939485998,42
958,6,3877,675,3202,0,0,0,1.0,1,1.0,1,1.0,1,0.25669031689747135,43
959,8,3885,676,3209,0,0,0,1.0,1,1.0,1,1.0,1,0.21940783786226684,45
960,4,3889,677,3212,0,0,0,1.0,1,1.0,1,1.0,1,0.2231537760239007,47
961,2,3891,678,3213,0,0,0,1.0,1,1.0,1,1.0,1,0.20570144672316176,45
962,4,3895,679,3216,0,0,0,1.0,1,1.0,1,1.0,1,0.1902509019738637,45
963,3,3898,680,3218,0,0,0,1.0,1,1.0,1,1.0,1,0.20748618250648174,44
964,0,3898,680,3218,0,0,0,1.0,1,1.0,1,1.0,1,0.20095673777912249,44
965,2,3900,681,3219,0,0,0,1.0,1,1.0,1,1.0,1,0.1761208162207972,45
966,2,3902,682,3220,0,0,0,1.0,1,1.0,1,1.0,1,0.18481545496073712,43
967,3,3905,682,3223,0,0,0,1.0,1,1.0,1,1.0,1,0.1512108556820869,43
968,1,3906,682,3224,0,0,0,1.0,1,1.0,1,1.0,1,0.15195398184789385,43
969,1,3907,682,3225,0,0,0,1.0,1,1.0,1,1.0,1,0.15981095717936175,42
970,2,3909,682,3227,0,0,0,1.0,1,1.0,1,1.0,1,0.16866668711320623,42
971,2,3911,682,3229,0,0,0,1.0,1,1.0,1,1.0,1,0.16866668711320623,42
972,2,3913,684,3229,0,0,0,1.0,1,1.0,1,1.0,1,0.13958727352511155,42
973,1,3914,684,3230,0,0,0,1.0,1,1.0,1,1.0,1,0.1452286520696149,43
974,3,3917,685,3232,0,0,0,1.0,1,1.0,1,1.0,1,0.16627529659469464,43
975,4,3921,685,3236,0,0,0,1.0,1,1.0,1,1.0,1,0.16592260016946628,43
976,7,3928,687,3241,0,0,0,1.0,1,1.0,1,1.0,1,0.2344588441604379,45
977,6,3934,687,3247,0,0,0,1.0,1,1.0,1,1.0,1,0.24112004720280733,44
978,6,3940,688,3252,0,0,0,1.0,1,1.0,1,1.0,1,0.2779020113247239,44
979,8,3948,688,3260,0,0,0,1.0,1,1.0,1,1.0,1,0.23798744639240826,45
980,8,3956,689,3267,0,0,0,1.0,1,1.0,1,1.0,1,0.24299146068237362,45
981,8,3964,689,3275,0,0,0,1.0,1,1.0,1,1.0,1,0.12293764135238154,45
982,5,3969,691,3278,0,0,0,1.0,1,1.0,1,1.0,1,0.18201261580185105,46
983,3,3972,692,3280,0,0,0,1.0,1,1.0,1,1.0,1,0.15588023388474342,45
984,1,3973,692,3281,0,0,0,1.0,1,1.0,1,1.0,1,0.13849079996887914,45
985,4,3977,694,3283,0,0,0,1.0,1,1.0,1,1.0,1,0.16431761428963493,45
986,4,3981,695,3286,0,0,0,1.0,1,1.0,1,1.0,1,0.16173400590567164,44
987,2,3983,695,3288,0,0,0,1.0,1,1.0,1,1.0,1,0.17448686295869184,45
988,4,3987,698,3289,0,0,0,1.0,1,1.0,1,1.0,1,0.18991350938981386,44
989,3,3990,699,3291,0,0,0,1.0,1,1.0,1,1.0,1,0.19700362032984678,43
990,4,3994,701,3293,0,0,0,1.0,1,1.0,1,1.0,1,0.19466089908092934,42
991,3,3997,701,3296,0,0,0,1.0,1,1.0,1,1.0,1,0.17424902351484234,42
992,1,3998,701,3297,0,0,0,1.0,1,1.0,1,1.0,1,0.18532734824910008,43
993,2,4000,702,3298,0,0,0,1.0,1,1.0,1,1.0,1,0.20452458030887757,43
994,3,4003,702,3301,0,0,0,1.0,1,1.0,1,1.0,1,0.19812978839882564,43
995,0,4003,702,3301,0,0,0,1.0,1,1.0,1,1.0,1,0.1724656874514722,43
996,1,4004,702,3302,0,0,0,1.0,1,1.0,1,1.0,1,0.17671588091337875,44
997,2,4006,703,3303,0,0,0,1.0,1,1.0,1,1.0,1,0.22033256060772446,44
998,9,4015,703,3312,0,0,0,1.0,1,1.0,1,1.0,1,0.22802018358397752,45
999,7,4022,703,3319,0,0,0,1.0,1,1.0,1,1.0,1,0.2059283917184245,42
1000,7,4029,703,3326,0,0,0,1.0,1,1.0,1,1.0,1,0.1779384418641482,43
1001,2,4031,703,3328,0,0,0,1.0,1,1.0,1,1.0,1,0.1378596570564416,42
1002,0,4031,703,3328,0,0,0,1.0,1,1.0,1,1.0,1,0.14224208114993464,43
1003,0,4031,703,3328,0,0,0,1.0,1,1.0,1,1.0,1,0.14224208114993464,43
1004,1,4032,703,3329,0,0,0,1.0,1,1.0,1,1.0,1,0.11863086881185228,43
1005,0,4032,703,3329,0,0,0,1.0,1,1.0,1,1.0,1,0.13376365249680472,44
1006,2,4034,703,3331,0,0,0,1.0,1,1.0,1,1.0,1,0.10759067698661538,46
1007,0,4034,703,3331,0,0,0,1.0,1,1.0,1,1.0,1,0.10759067698661538,46
1008,0,4034,703,3331,0,0,0,1.0,1,1.0,1,1.0,1,0.1219092530674753,47
1009,2,4036,703,3333,0,0,0,1.0,1,1.0,1,1.0,1,0.12536560431131907,48
1010,2,4038,704,3334,0,0,0,1.0,1,1.0,1,1.0,1,0.16967359246233957,48
1011,2,4040,704,3336,0,0,0,1.0,1,1.0,1,1.0,1,0.1521090183399723,48
1012,5,4045,705,3340,0,0,0,1.0,1,1.0,1,1.0,1,0.17480329770241587,49
1013,3,4048,706,3342,0,0,0,1.0,1,1.0,1,1.0,1,0.1798625434051303,50
1014,3,4051,707,3344,0,0,0,1.0,1,1.0,1,1.0,1,0.20020628332237483,50
1015,5,4056,707,3349,0,0,0,1.0,1,1.0,1,1.0,1,0.18537579847319507,51
1016,5,4061,707,3354,0,0,0,1.0,1,1.0,1,1.0,1,0.17505331451832787,51
1017,7,4068,707,3361,0,0,0,1.0,1,1.0,1,1.0,1,0.17488647749686603,52
1018,7,4075,708,3367,0,0,0,1.0,1,1.0,1,1.0,1,0.17918923823193877,52
1019,10,4085,709,3376,0,0,0,1.0,1,1.0,1,1.0,1,0.17520098021436084,52
1020,11,4096,710,3386,0,0,0,1.0,1,1.0,1,1.0,1,0.1374212155621045,53
1021,6,4102,711,3391,0,0,0,1.0,1,1.0,1,1.0,1,0.1188266410832737,53
1022,1,4103,711,3392,0,0,0,1.0,1,1.0,1,1.0,1,0.11397411819281081,54
1023,4,4107,712,3395,0,0,0,1.0,1,1.0,1,1.0,1,0.12870828134085757,55
1024,5,4112,713,3399,0,0,0,1.0,1,1.0,1,1.0,1,0.1358777979895754,55
1025,5,4117,713,3404,0,0,0,1.0,1,1.0,1,1.0,1,0.1544301087238283,56
1026,6,4123,714,3409,0,0,0,1.0,1,1.0,1,1.0,1,0.18960130217294682,57
1027,2,4125,714,3411,0,0,0,1.0,1,1.0,1,1.0,1,0.16295398785620105,58
1028,2,4127,715,3412,0,0,0,1.0,1,1.0,1,1.0,1,0.1719342828663477,58
1029,2,4129,715,3414,0,0,0,1.0,1,1.0,1,1.0,1,0.18355841497994216,59
1030,3,4132,715,3417,0,0,0,1.0,1,1.0,1,1.0,1,0.17089612349416072,60
1031,4,4136,717,3419,0,0,0,1.0,1,1.0,1,1.0,1,0.196384258549608,60
1032,7,4143,718,3425,0,0,0,1.0,1,1.0,1,1.0,1,0.19857674540839254,61
1033,4,4147,718,3429,0,0,0,1.0,1,1.0,1,1.0,1,0.11773520609200643,60
1034,4,4151,719,3432,0,0,0,1.0,1,1.0,1,1.0,1,0.12347923469132221,60
1035,5,4156,720,3436,0,0,0,1.0,1,1.0,1,1.0,1,0.11055790511217249,59
1036,3,4159,720,3439,0,0,0,1.0,1,1.0,1,1.0,1,0.10660284019853263,60
1037,3,4162,722,3440,0,0,0,1.0,1,1.0,1,1.0,1,0.1112315701080779,59
1038,4,4166,725,3441,0,0,0,1.0,1,1.0,1,1.0,1,0.10044026993490793,60
1039,8,4174,729,3445,0,0,0,1.0,1,1.0,1,1.0,1,0.13380794986354796,60
1040,5,4179,730,3449,0,0,0,1.0,1,1.0,1,1.0,1,0.1156500527732579,58
1041,2,4181,731,3450,0,0,0,1.0,1,1.0,1,1.0,1,0.11849062748195963,56
1042,0,4181,731,3450,0,0,0,1.0,1,1.0,1,1.0,1,0.12748696139262175,55
1043,1,4182,731,3451,0,0,0,1.0,1,1.0,1,1.0,1,0.11700301657054084,55
1044,1,4183,732,3451,0,0,0,1.0,1,1.0,1,1.0,1,0.12702414623068908,52
1045,0,4183,732,3451,0,0,0,1.0,1,1.0,1,1.0,1,0.13725954373053503,52
1046,0,4183,732,3451,0,0,0,1.0,1,1.0,1,1.0,1,0.14727075464085446,53
1047,0,4183,732,3451,0,0,0,1.0,1,1.0,1,1.0,1,0.14208095849314506,54
1048,2,4185,734,3451,0,0,0,1.0,1,1.0,1,1.0,1,0.1707516864696875,56
1049,6,4191,737,3454,0,0,0,1.0,1,1.0,1,1.0,1,0.14941194417149076,55
1050,0,4191,737,3454,0,0,0,1.0,1,1.0,1,1.0,1,0.15300612698232982,56
1051,1,4192,738,3454,0,0,0,1.0,1,1.0,1,1.0,1,0.12791211654707058,55
1052,0,4192,738,3454,0,0,0,1.0,1,1.0,1,1.0,1,0.14627549083361113,56
1053,2,4194,739,3455,0,0,0,1.0,1,1.0,1,1.0,1,0.1463411611993154,56
1054,0,4194,739,3455,0,0,0,1.0,1,1.0,1,1.0,1,0.1450895685688797,57
1055,4,4198,740,3458,0,0,0,1.0,1,1.0,1,1.0,1,0.12603406189214542,58
1056,3,4201,740,3461,0,0,0,1.0,1,1.0,1,1.0,1,0.1223702464274322,59
1057,4,4205,741,3464,0,0,0,1.0,1,1.0,1,1.0,1,0.12761452220234346,60
1058,4,4209,742,3467,0,0,0,1.0,1,1.0,1,1.0,1,0.1379989609578001,60
1059,5,4214,742,3472,0,0,0,1.0,1,1.0,1,1.0,1,0.1317597737770323,60
1060,9,4223,744,3479,0,0,0,1.0,1,1.0,1,1.0,1,0.16434664648622868,60
1061,6,4229,748,3481,0,0,0,1.0,1,1.0,1,1.0,1,0.12728407779883621,59
1062,4,4233,750,3483,0,0,0,1.0,1,1.0,1,1.0,1,0.15402314449666257,59
1063,2,4235,751,3484,0,0,0,1.0,1,1.0,1,1.0,1,0.14425264690108514,58
1064,4,4239,754,3485,0,0,0,1.0,1,1.0,1,1.0,1,0.1834177250543042,58
1065,3,4242,755,3487,0,0,0,1.0,1,1.0,1,1.0,1,0.16446905617239146,60
1066,5,4247,757,3490,0,0,0,1.0,1,1.0,1,1.0,1,0.15666483110399892,58
1067,8,4255,759,3496,0,0,0,1.0,1,1.0,1,1.0,1,0.20638562434482882,59
1068,6,4261,761,3500,0,0,0,1.0,1,1.0,1,1.0,1,0.188313758550537,59
1069,2,4263,762,3501,0,0,0,1.0,1,1.0,1,1.0,1,0.21897017345589176,58
1070,5,4268,764,3504,0,0,0,1.0,1,1.0,1,1.0,1,0.20478231852734938,58
1071,2,4270,766,3504,0,0,0,1.0,1,1.0,1,1.0,1,0.24108825267048903,57
1072,1,4271,766,3505,0,0,0,1.0,1,1.0,1,1.0,1,0.22627010185152122,56
1073,2,4273,766,3507,0,0,0,1.0,1,1.0,1,1.0,1,0.25493564532855545,54
1074,1,4274,767,3507,0,0,0,1.0,1,1.0,1,1.0,1,0.25145531230095286,54
1075,0,4274,767,3507,0,0,0,1.0,1,1.0,1,1.0,1,0.265679274637449,51
1076,1,4275,767,3508,0,0,0,1.0,1,1.0,1,1.0,1,0.23472648800053517,51
1077,2,4277,768,3509,0,0,0,1.0,1,1.0,1,1.0,1,0.22684320077578266,51
1078,1,4278,769,3509,0,0,0,1.0,1,1.0,1,1.0,1,0.2524810270376773,52
1079,2,4280,771,3509,0,0,0,1.0,1,1.0,1,1.0,1,0.2598423864627439,51
1080,2,4282,773,3509,0,0,0,1.0,1,1.0,1,1.0,1,0.2710961748594129,51
1081,13,4295,774,3521,0,0,0,1.0,1,1.0,1,1.0,1,0.20806403911963836,48
1082,5,4300,775,3525,0,0,0,1.0,1,1.0,1,1.0,1,0.22377320816199023,47
1083,7,4307,776,3531,0,0,0,1.0,1,1.0,1,1.0,1,0.27488653044851424,46
1084,7,4314,776,3538,0,0,0,1.0,1,1.0,1,1.0,1,0.2580377754872289,45
1085,5,4319,776,3543,0,0,0,1.0,1,1.0,1,1.0,1,0.2538936495744452,46
1086,5,4324,776,3548,0,0,0,1.0,1,1.0,1,1.0,1,0.22010864828530155,45
1087,3,4327,776,3551,0,0,0,1.0,1,1.0,1,1.0,1,0.256366246206158,44
1088,4,4331,776,3555,0,0,0,1.0,1,1.0,1,1.0,1,0.2339658956094629,45
1089,6,4337,777,3560,0,0,0,1.0,1,1.0,1,1.0,1,0.21077102512210652,46
1090,3,4340,777,3563,0,0,0,1.0,1,1.0,1,1.0,1,0.1844959361713094,47
1091,3,4343,778,3565,0,0,0,1.0,1,1.0,1,1.0,1,0.1816057510729831,47
1092,4,4347,778,3569,0,0,0,1.0,1,1.0,1,1.0,1,0.16137501997929068,48
1093,3,4350,779,3571,0,0,0,1.0,1,1.0,1,1.0,1,0.19407108237948226,48
1094,6,4356,781,3575,0,0,0,1.0,1,1.0,1,1.0,1,0.20205064037711812,48
1095,2,4358,781,3577,0,0,0,1.0,1,1.0,1,1.0,1,0.19455652342492757,49
1096,3,4361,782,3579,0,0,0,1.0,1,1.0,1,1.0,1,0.23681502593614256,49
1097,7,4368,783,3585,0,0,0,1.0,1,1.0,1,1.0,1,0.22015055719697796,50
1098,8,4376,783,3593,0,0,0,1.0,1,1.0,1,1.0,1,0.22971048100538624,51
1099,6,4382,783,3599,0,0,0,1.0,1,1.0,1,1.0,1,0.22617103663493215,54
1100,10,4392,784,3608,0,0,0,1.0,1,1.0,1,1.0,1,0.21789301682546977,54
1101,6,4398,785,3613,0,0,0,1.0,1,1.0,1,1.0,1,0.12838084063822963,54
1102,2,4400,785,3615,0,0,0,1.0,1,1.0,1,1.0,1,0.12510270972142334,54
1103,5,4405,787,3618,0,0,0,1.0,1,1.0,1,1.0,1,0.11914651875391384,53
1104,2,4407,788,3619,0,0,0,1.0,1,1.0,1,1.0,1,0.10283621292422682,53
1105,4,4411,789,3622,0,0,0,1.0,1,1.0,1,1.0,1,0.13914225947242054,52
1106,1,4412,789,3623,0,0,0,1.0,1,1.0,1,1.0,1,0.16871317832530353,52
1107,6,4418,790,3628,0,0,0,1.0,1,1.0,1,1.0,1,0.21217376224783466,52
1108,5,4423,792,3631,0,0,0,1.0,1,1.0,1,1.0,1,0.18054999883650552,51
1109,4,4427,795,3632,0,0,0,1.0,1,1.0,1,1.0,1,0.21588367657387197,49
1110,2,4429,795,3634,0,0,0,1.0,1,1.0,1,1.0,1,0.2299799520912467,48
1111,5,4434,799,3635,0,0,0,1.0,1,1.0,1,1.0,1,0.2496427617926388,47
1112,0,4434,799,3635,0,0,0,1.0,1,1.0,1,1.0,1,0.2653255078384459,46
1113,3,4437,801,3636,0,0,0,1.0,1,1.0,1,1.0,1,0.2585249581648279,43
1114,3,4440,802,3638,0,0,0,1.0,1,1.0,1,1.0,1,0.25553630411236483,41
1115,4,4444,803,3641,0,0,0,1.0,1,1.0,1,1.0,1,0.3093561272534042,40
1116,1,4445,804,3641,0,0,0,1.0,1,1.0,1,1.0,1,0.30671014389000645,39
1117,3,4448,806,3642,0,0,0,1.0,1,1.0,1,1.0,1,0.2797724927837779,40
1118,4,4452,807,3645,0,0,0,1.0,1,1.0,1,1.0,1,0.31985610295240247,40
1119,4,4456,808,3648,0,0,0,1.0,1,1.0,1,1.0,1,0.32759203523093167,40
1120,3,4459,808,3651,0,0,0,1.0,1,1.0,1,1.0,1,0.31850890219179423,40
1121,9,4468,809,3659,0,0,0,1.0,1,1.0,1,1.0,1,0.2608926125673623,40
1122,6,4474,809,3665,0,0,0,1.0,1,1.0,1,1.0,1,0.22762327289723805,41
1123,2,4476,809,3667,0,0,0,1.0,1,1.0,1,1.0,1,0.1882582630456649,41
1124,5,4481,809,3672,0,0,0,1.0,1,1.0,1,1.0,1,0.16206670435597356,41
1125,8,4489,811,3678,0,0,0,1.0,1,1.0,1,1.0,1,0.27506242814966253,41
1126,4,4493,811,3682,0,0,0,1.0,1,1.0,1,1.0,1,0.26333667005306427,41
1127,6,4499,811,3688,0,0,0,1.0,1,1.0,1,1.0,1,0.26333667005306427,41
1128,7,4506,811,3695,0,0,0,1.0,1,1.0,1,1.0,1,0.25291798484670186,42
1129,8,4514,812,3702,0,0,0,1.0,1,1.0,1,1.0,1,0.26544880666397763,42
1130,6,4520,812,3708,0,0,0,1.0,1,1.0,1,1.0,1,0.26544880666397763,42
1131,7,4527,813,3714,0,0,0,1.0,1,1.0,1,1.0,1,0.24756373911797566,42
1132,7,4534,814,3720,0,0,0,1.0,1,1.0,1,1.0,1,0.17464228854962685,43
1133,3,4537,814,3723,0,0,0,1.0,1,1.0,1,1.0,1,0.12880708740862232,45
1134,7,4544,815,3729,0,0,0,1.0,1,1.0,1,1.0,1,0.15189773425560898,46
1135,8,4552,815,3737,0,0,0,1.0,1,1.0,1,1.0,1,0.16718295093528912,45
1136,8,4560,816,3744,0,0,0,1.0,1,1.0,1,1.0,1,0.2176671014065461,48
1137,6,4566,816,3750,0,0,0,1.0,1,1.0,1,1.0,1,0.22807273817388607,49
1138,11,4577,816,3761,0,0,0,1.0,1,1.0,1,1.0,1,0.221071693182534,49
1139,5,4582,816,3766,0,0,0,1.0,1,1.0,1,1.0,1,0.23539134077002033,49
1140,4,4586,816,3770,0,0,0,1.0,1,1.0,1,1.0,1,0.25769279507774356,49
1141,9,4595,818,3777,0,0,0,1.0,1,1.0,1,1.0,1,0.12181456816350231,48
1142,5,4600,820,3780,0,0,0,1.0,1,1.0,1,1.0,1,0.12079030462852831,48
1143,8,4608,821,3787,0,0,0,1.0,1,1.0,1,1.0,1,0.11333902780245667,48
1144,5,4613,822,3791,0,0,0,1.0,1,1.0,1,1.0,1,0.11316164476073297,48
1145,5,4618,822,3796,0,0,0,1.0,1,1.0,1,1.0,1,0.15054407946639808,48
1146,7,4625,823,3802,0,0,0,1.0,1,1.0,1,1.0,1,0.17572196395514145,48
1147,1,4626,823,3803,0,0,0,1.0,1,1.0,1,1.0,1,0.22162797544084925,46
1148,4,4630,826,3804,0,0,0,1.0,1,1.0,1,1.0,1,0.23318288202263635,46
1149,1,4631,826,3805,0,0,0,1.0,1,1.0,1,1.0,1,0.272680239541415,45
1150,4,4635,828,3807,0,0,0,1.0,1,1.0,1,1.0,1,0.2587432395218451,46
1151,2,4637,830,3807,0,0,0,1.0,1,1.0,1,1.0,1,0.29683247076857117,44
1152,5,4642,831,3811,0,0,0,1.0,1,1.0,1,1.0,1,0.22987309644788156,44
1153,4,4646,834,3812,0,0,0,1.0,1,1.0,1,1.0,1,0.2518496234412238,43
1154,1,4647,834,3813,0,0,0,1.0,1,1.0,1,1.0,1,0.26082114766304065,43
1155,1,4648,834,3814,0,0,0,1.0,1,1.0,1,1.0,1,0.2343730818336422,43
1156,1,4649,834,3815,0,0,0,1.0,1,1.0,1,1.0,1,0.23928285729595633,42
1157,2,4651,836,3815,0,0,0,1.0,1,1.0,1,1.0,1,0.25588973814511173,42
1158,0,4651,836,3815,0,0,0,1.0,1,1.0,1,1.0,1,0.24165331709216326,41
1159,0,4651,836,3815,0,0,0,1.0,1,1.0,1,1.0,1,0.2439720764071059,41
1160,0,4651,836,3815,0,0,0,1.0,1,1.0,1,1.0,1,0.2439720764071059,41
1161,5,4656,836,3820,0,0,0,1.0,1,1.0,1,1.0,1,0.21745344606545206,42
1162,3,4659,836,3823,0,0,0,1.0,1,1.0,1,1.0,1,0.16759707507218363,43
1163,3,4662,836,3826,0,0,0,1.0,1,1.0,1,1.0,1,0.17585286688340657,43
1164,1,4663,836,3827,0,0,0,1.0,1,1.0,1,1.0,1,0.17912450503426997,44
1165,2,4665,836,3829,0,0,0,1.0,1,1.0,1,1.0,1,0.17912450503426997,44
1166,7,4672,837,3835,0,0,0,1.0,1,1.0,1,1.0,1,0.16419957475577,46
1167,3,4675,837,3838,0,0,0,1.0,1,1.0,1,1.0,1,0.1536701478204454,46
1168,5,4680,838,3842,0,0,0,1.0,1,1.0,1,1.0,1,0.1386009453917122,47
1169,3,4683,839,3844,0,0,0,1.0,1,1.0,1,1.0,1,0.17024476316535536,46
1170,5,4688,840,3848,0,0,0,1.0,1,1.0,1,1.0,1,0.17975620215153046,48
1171,5,4693,841,3852,0,0,0,1.0,1,1.0,1,1.0,1,0.19190105550493083,49
1172,6,4699,841,3858,0,0,0,1.0,1,1.0,1,1.0,1,0.1766706405603228,49
1173,6,4705,841,3864,0,0,0,1.0,1,1.0,1,1.0,1,0.18105903545915078,49
1174,2,4707,842,3865,0,0,0,1.0,1,1.0,1,1.0,1,0.1927658336572374,49
1175,4,4711,842,3869,0,0,0,1.0,1,1.0,1,1.0,1,0.17727249707864107,50
1176,8,4719,842,3877,0,0,0,1.0,1,1.0,1,1.0,1,0.2019017231784,52
1177,6,4725,843,3882,0,0,0,1.0,1,1.0,1,1.0,1,0.21800622786673424,52
1178,3,4728,843,3885,0,0,0,1.0,1,1.0,1,1.0,1,0.20740759414652993,52
1179,10,4738,844,3894,0,0,0,1.0,1,1.0,1,1.0,1,0.21239491152992665,53
1180,9,4747,844,3903,0,0,0,1.0,1,1.0,1,1.0,1,0.2283899143726201,54
1181,10,4757,844,3913,0,0,0,1.0,1,1.0,1,1.0,1,0.06889255940549849,55
1182,1,4758,844,3914,0,0,0,1.0,1,1.0,1,1.0,1,0.08470250703393163,55
1183,3,4761,845,3916,0,0,0,1.0,1,1.0,1,1.0,1,0.1263572919048755,53
1184,2,4763,846,3917,0,0,0,1.0,1,1.0,1,1.0,1,0.1387341786917529,54
1185,1,4764,846,3918,0,0,0,1.0,1,1.0,1,1.0,1,0.15902623941648403,53
1186,4,4768,847,3921,0,0,0,1.0,1,1.0,1,1.0,1,0.17822991188421108,54
1187,4,4772,848,3924,0,0,0,1.0,1,1.0,1,1.0,1,0.21258049818396463,55
1188,2,4774,848,3926,0,0,0,1.0,1,1.0,1,1.0,1,0.20873633203561706,55
1189,5,4779,848,3931,0,0,0,1.0,1,1.0,1,1.0,1,0.19495587275319537,54
1190,6,4785,848,3937,0,0,0,1.0,1,1.0,1,1.0,1,0.15311603417052874,55
1191,8,4793,848,3945,0,0,0,1.0,1,1.0,1,1.0,1,0.1543059274141877,54
1192,6,4799,849,3950,0,0,0,1.0,1,1.0,1,1.0,1,0.15329162488999415,52
1193,7,4806,849,3957,0,0,0,1.0,1,1.0,1,1.0,1,0.15415635789386992,53
1194,4,4810,851,3959,0,0,0,1.0,1,1.0,1,1.0,1,0.1745325397233936,53
1195,6,4816,851,3965,0,0,0,1.0,1,1.0,1,1.0,1,0.15690065944383458,54
1196,3,4819,851,3968,0,0,0,1.0,1,1.0,1,1.0,1,0.17262787548109515,56
1197,9,4828,852,3976,0,0,0,1.0,1,1.0,1,1.0,1,0.18015789090995465,56
1198,10,4838,854,3984,0,0,0,1.0,1,1.0,1,1.0,1,0.19615471996231013,58
1199,5,4843,855,3988,0,0,0,1.0,1,1.0,1,1.0,1,0.18270028619957995,58
1200,2,4845,855,3990,0,0,0,1.0,1,1.0,1,1.0,1,0.18752137695286938,58
1201,8,4853,856,3997,0,0,0,1.0,1,1.0,1,1.0,1,0.08011323095361439,58
1202,5,4858,857,4001,0,0,0,1.0,1,1.0,1,1.0,1,0.11031452803618974,60
1203,3,4861,857,4004,0,0,0,1.0,1,1.0,1,1.0,1,0.11712691560150168,58
1204,6,4867,858,4009,0,0,0,1.0,1,1.0,1,1.0,1,0.14236708631618084,59
1205,4,4871,858,4013,0,0,0,1.0,1,1.0,1,1.0,1,0.1140413884508974,59
1206,5,4876,858,4018,0,0,0,1.0,1,1.0,1,1.0,1,0.12514523281407863,58
1207,3,4879,858,4021,0,0,0,1.0,1,1.0,1,1.0,1,0.161489120837287,60
1208,3,4882,858,4024,0,0,0,1.0,1,1.0,1,1.0,1,0.14882307146653628,60
1209,6,4888,858,4030,0,0,0,1.0,1,1.0,1,1.0,1,0.14619347879620234,61
1210,2,4890,858,4032,0,0,0,1.0,1,1.0,1,1.0,1,0.1574504597988537,61
1211,4,4894,858,4036,0,0,0,1.0,1,1.0,1,1.0,1,0.14579842821356215,63
1212,7,4901,858,4043,0,0,0,1.0,1,1.0,1,1.0,1,0.1272522631268875,63
1213,6,4907,859,4048,0,0,0,1.0,1,1.0,1,1.0,1,0.12340574837445135,63
1214,9,4916,860,4056,0,0,0,1.0,1,1.0,1,1.0,1,0.1578044946786807,62
1215,8,4924,860,4064,0,0,0,1.0,1,1.0,1,1.0,1,0.16527667469200089,63
1216,8,4932,860,4072,0,0,0,1.0,1,1.0,1,1.0,1,0.1620294687711509,64
1217,6,4938,860,4078,0,0,0,1.0,1,1.0,1,1.0,1,0.20194047575977833,65
1218,5,4943,860,4083,0,0,0,1.0,1,1.0,1,1.0,1,0.2065583509905749,64
1219,8,4951,860,4091,0,0,0,1.0,1,1.0,1,1.0,1,0.2239552815559522,65
1220,7,4958,860,4098,0,0,0,1.0,1,1.0,1,1.0,1,0.21595299271150165,64
1221,9,4967,860,4107,0,0,0,1.0,1,1.0,1,1.0,1,0.131992971706136,65
1222,2,4969,860,4109,0,0,0,1.0,1,1.0,1,1.0,1,0.11547245871584752,66
1223,2,4971,861,4110,0,0,0,1.0,1,1.0,1,1.0,1,0.09649661863464257,64
1224,2,4973,862,4111,0,0,0,1.0,1,1.0,1,1.0,1,0.12009732173928325,66
1225,6,4979,864,4115,0,0,0,1.0,1,1.0,1,1.0,1,0.09340313483909217,66
1226,2,4981,865,4116,0,0,0,1.0,1,1.0,1,1.0,1,0.12362539598269551,68
1227,6,4987,868,4119,0,0,0,1.0,1,1.0,1,1.0,1,0.1227961128968365,64
1228,3,4990,868,4122,0,0,0,1.0,1,1.0,1,1.0,1,0.1925160472340558,62
1229,3,4993,869,4124,0,0,0,1.0,1,1.0,1,1.0,1,0.1453330721036393,61
1230,0,4993,869,4124,0,0,0,1.0,1,1.0,1,1.0,1,0.1933597105020557,58
1231,1,4994,870,4124,0,0,0,1.0,1,1.0,1,1.0,1,0.18150561988635316,57
1232,1,4995,871,4124,0,0,0,1.0,1,1.0,1,1.0,1,0.24113337307370647,53
1233,2,4997,873,4124,0,0,0,1.0,1,1.0,1,1.0,1,0.24872231901157577,53
1234,1,4998,873,4125,0,0,0,1.0,1,1.0,1,1.0,1,0.22332620213148788,54
1235,0,4998,873,4125,0,0,0,1.0,1,1.0,1,1.0,1,0.25670546103678704,55
1236,3,5001,874,4127,0,0,0,1.0,1,1.0,1,1.0,1,0.26018586968122537,55
1237,2,5003,875,4128,0,0,0,1.0,1,1.0,1,1.0,1,0.28449151105181697,55
1238,4,5007,877,4130,0,0,0,1.0,1,1.0,1,1.0,1,0.2762476677762509,54
1239,5,5012,877,4135,0,0,0,1.0,1,1.0,1,1.0,1,0.2692888217734776,55
1240,4,5016,877,4139,0,0,0,1.0,1,1.0,1,1.0,1,0.2692888217734776,55
1241,16,5032,879,4153,0,0,0,1.0,1,1.0,1,1.0,1,0.06646714885205429,54
1242,2,5034,879,4155,0,0,0,1.0,1,1.0,1,1.0,1,0.10984080498347662,54
1243,5,5039,879,4160,0,0,0,1.0,1,1.0,1,1.0,1,0.1123399842919743,55
1244,1,5040,879,4161,0,0,0,1.0,1,1.0,1,1.0,1,0.14856788023418183,55
1245,3,5043,879,4164,0,0,0,1.0,1,1.0,1,1.0,1,0.16130157172891327,55
1246,7,5050,880,4170,0,0,0,1.0,1,1.0,1,1.0,1,0.13897316656833536,55
1247,5,5055,882,4173,0,0,0,1.0,1,1.0,1,1.0,1,0.19507365255251138,57
1248,4,5059,882,4177,0,0,0,1.0,1,1.0,1,1.0,1,0.16733654823288235,56
1249,4,5063,883,4180,0,0,0,1.0,1,1.0,1,1.0,1,0.20499679648618416,56
1250,8,5071,883,4188,0,0,0,1.0,1,1.0,1,1.0,1,0.18283157820724416,56
1251,9,5080,883,4197,0,0,0,1.0,1,1.0,1,1.0,1,0.1492461893346265,58
1252,4,5084,884,4200,0,0,0,1.0,1,1.0,1,1.0,1,0.17928972869537088,58
1253,10,5094,885,4209,0,0,0,1.0,1,1.0,1,1.0,1,0.21399886211204847,58
1254,5,5099,885,4214,0,0,0,1.0,1,1.0,1,1.0,1,0.20245302745379984,60
1255,10,5109,886,4223,0,0,0,1.0,1,1.0,1,1.0,1,0.20943837827570289,61
1256,5,5114,886,4228,0,0,0,1.0,1,1.0,1,1.0,1,0.22029945028513861,61
1257,16,5130,888,4242,0,0,0,1.0,1,1.0,1,1.0,1,0.25647673294429574,62
1258,11,5141,888,4253,0,0,0,1.0,1,1.0,1,1.0,1,0.23156264408637708,63
1259,9,5150,888,4262,0,0,0,1.0,1,1.0,1,1.0,1,0.23528921547001994,63
1260,14,5164,888,4276,0,0,0,1.0,1,1.0,1,1.0,1,0.24343084578969715,63
1261,10,5174,888,4286,0,0,0,1.0,1,1.0,1,1.0,1,0.08619747117638174,63
1262,2,5176,888,4288,0,0,0,1.0,1,1.0,1,1.0,1,0.0714250821840389,64
1263,1,5177,889,4288,0,0,0,1.0,1,1.0,1,1.0,1,0.08514033772032228,63
1264,1,5178,890,4288,0,0,0,1.0,1,1.0,1,1.0,1,0.08998137226470014,63
1265,2,5180,891,4289,0,0,0,1.0,1,1.0,1,1.0,1,0.11143528994924368,60
1266,0,5180,891,4289,0,0,0,1.0,1,1.0,1,1.0,1,0.10526139590950544,61
1267,2,5182,893,4289,0,0,0,1.0,1,1.0,1,1.0,1,0.13561788998686247,58
1268,4,5186,895,4291,0,0,0,1.0,1,1.0,1,1.0,1,0.23447654203962223,54
1269,5,5191,896,4295,0,0,0,1.0,1,1.0,1,1.0,1,0.16757110411941506,54
1270,2,5193,897,4296,0,0,0,1.0,1,1.0,1,1.0,1,0.18148980443128063,51
1271,0,5193,897,4296,0,0,0,1.0,1,1.0,1,1.0,1,0.18541797403063442,50
1272,0,5193,897,4296,0,0,0,1.0,1,1.0,1,1.0,1,0.20529007326231616,47
1273,1,5194,898,4296,0,0,0,1.0,1,1.0,1,1.0,1,0.20879683793725673,47
1274,3,5197,900,4297,0,0,0,1.0,1,1.0,1,1.0,1,0.25059133224099717,49
1275,4,5201,902,4299,0,0,0,1.0,1,1.0,1,1.0,1,0.2828994736474798,48
1276,2,5203,904,4299,0,0,0,1.0,1,1.0,1,1.0,1,0.27387141343326676,49
1277,5,5208,906,4302,0,0,0,1.0,1,1.0,1,1.0,1,0.3062317049335166,50
1278,3,5211,907,4304,0,0,0,1.0,1,1.0,1,1.0,1,0.2964814151925174,51
1279,4,5215,908,4307,0,0,0,1.0,1,1.0,1,1.0,1,0.3170294303860579,51
1280,4,5219,909,4310,0,0,0,1.0,1,1.0,1,1.0,1,0.29177133600042043,52
1281,16,5235,910,4325,0,0,0,1.0,1,1.0,1,1.0,1,0.15391856205090154,52
1282,6,5241,911,4330,0,0,0,1.0,1,1.0,1,1.0,1,0.1720098164704934,52
1283,6,5247,911,4336,0,0,0,1.0,1,1.0,1,1.0,1,0.18963792857963824,52
1284,7,5254,912,4342,0,0,0,1.0,1,1.0,1,1.0,1,0.19776736558364535,52
1285,5,5259,912,4347,0,0,0,1.0,1,1.0,1,1.0,1,0.212040355650184,51
1286,4,5263,912,4351,0,0,0,1.0,1,1.0,1,1.0,1,0.22313840716880706,52
1287,9,5272,912,4360,0,0,0,1.0,1,1.0,1,1.0,1,0.21440741727084253,54
1288,10,5282,912,4370,0,0,0,1.0,1,1.0,1,1.0,1,0.2049420388334559,55
1289,8,5290,912,4378,0,0,0,1.0,1,1.0,1,1.0,1,0.19236537496942452,56
1290,9,5299,913,4386,0,0,0,1.0,1,1.0,1,1.0,1,0.19833666221505225,57
1291,9,5308,913,4395,0,0,0,1.0,1,1.0,1,1.0,1,0.19640290426323812,58
1292,13,5321,915,4406,0,0,0,1.0,1,1.0,1,1.0,1,0.21643795884023914,59
1293,14,5335,915,4420,0,0,0,1.0,1,1.0,1,1.0,1,0.21643795884023914,59
1294,10,5345,916,4429,0,0,0,1.0,1,1.0,1,1.0,1,0.17124458012160756,59
1295,10,5355,917,4438,0,0,0,1.0,1,1.0,1,1.0,1,0.1996161083107131,59
1296,12,5367,917,4450,0,0,0,1.0,1,1.0,1,1.0,1,0.2039616991071196,59
1297,6,5373,917,4456,0,0,0,1.0,1,1.0,1,1.0,1,0.19728298076721024,61
1298,6,5379,917,4462,0,0,0,1.0,1,1.0,1,1.0,1,0.21240894906100302,61
1299,7,5386,917,4469,0,0,0,1.0,1,1.0,1,1.0,1,0.22217329439144384,60
1300,9,5395,917,4478,0,0,0,1.0,1,1.0,1,1.0,1,0.20189488595873012,59
1301,10,5405,917,4488,0,0,0,1.0,1,1.0,1,1.0,1,0.1255963606917413,59
1302,5,5410,920,4490,0,0,0,1.0,1,1.0,1,1.0,1,0.1326125279238803,59
1303,6,5416,922,4494,0,0,0,1.0,1,1.0,1,1.0,1,0.1365432986570467,55
1304,4,5420,925,4495,0,0,0,1.0,1,1.0,1,1.0,1,0.15228140317469957,56
1305,5,5425,927,4498,0,0,0,1.0,1,1.0,1,1.0,1,0.18483817874358796,54
1306,4,5429,928,4501,0,0,0,1.0,1,1.0,1,1.0,1,0.18250118610793586,53
1307,5,5434,931,4503,0,0,0,1.0,1,1.0,1,1.0,1,0.24808958134778689,52
1308,8,5442,932,4510,0,0,0,1.0,1,1.0,1,1.0,1,0.22195268789494513,52
1309,7,5449,933,4516,0,0,0,1.0,1,1.0,1,1.0,1,0.24682070052712776,54
1310,7,5456,933,4523,0,0,0,1.0,1,1.0,1,1.0,1,0.25324501306145636,52
1311,6,5462,934,4528,0,0,0,1.0,1,1.0,1,1.0,1,0.3034659145859081,51
1312,10,5472,937,4535,0,0,0,1.0,1,1.0,1,1.0,1,0.3108179573960277,49
1313,8,5480,938,4542,0,0,0,1.0,1,1.0,1,1.0,1,0.3050727450184241,47
1314,10,5490,940,4550,0,0,0,1.0,1,1.0,1,1.0,1,0.3061368766596409,46
1315,8,5498,940,4558,0,0,0,1.0,1,1.0,1,1.0,1,0.2693367398002336,45
1316,6,5504,941,4563,0,0,0,1.0,1,1.0,1,1.0,1,0.2509171435717079,46
1317,8,5512,941,4571,0,0,0,1.0,1,1.0,1,1.0,1,0.25027663891301255,45
1318,2,5514,941,4573,0,0,0,1.0,1,1.0,1,1.0,1,0.25193223849563,46
1319,4,5518,941,4577,0,0,0,1.0,1,1.0,1,1.0,1,0.21154676075650286,46
1320,4,5522,941,4581,0,0,0,1.0,1,1.0,1,1.0,1,0.21154676075650286,46
1321,5,5527,941,4586,0,0,0,1.0,1,1.0,1,1.0,1,0.11359846947319313,48
1322,3,5530,941,4589,0,0,0,1.0,1,1.0,1,1.0,1,0.1080128822478283,49
1323,1,5531,941,4590,0,0,0,1.0,1,1.0,1,1.0,1,0.1028404012517992,49
1324,0,5531,941,4590,0,0,0,1.0,1,1.0,1,1.0,1,0.11858063794353715,50
1325,3,5534,941,4593,0,0,0,1.0,1,1.0,1,1.0,1,0.12868029358164038,49
1326,6,5540,942,4598,0,0,0,1.0,1,1.0,1,1.0,1,0.1294187165289469,50
1327,3,5543,943,4600,0,0,0,1.0,1,1.0,1,1.0,1,0.17428275446906652,50
1328,2,5545,943,4602,0,0,0,1.0,1,1.0,1,1.0,1,0.19621941380591887,49
1329,4,5549,943,4606,0,0,0,1.0,1,1.0,1,1.0,1,0.15860077591753574,50
1330,3,5552,943,4609,0,0,0,1.0,1,1.0,1,1.0,1,0.14984396575059913,50
1331,2,5554,944,4610,0,0,0,1.0,1,1.0,1,1.0,1,0.17082025939391687,50
1332,2,5556,945,4611,0,0,0,1.0,1,1.0,1,1.0,1,0.17282245679318853,51
1333,2,5558,945,4613,0,0,0,1.0,1,1.0,1,1.0,1,0.17104521775092615,52
1334,5,5563,945,4618,0,0,0,1.0,1,1.0,1,1.0,1,0.1979869904868659,54
1335,2,5565,945,4620,0,0,0,1.0,1,1.0,1,1.0,1,0.19908453377034135,54
1336,6,5571,945,4626,0,0,0,1.0,1,1.0,1,1.0,1,0.14381279692594243,56
1337,13,5584,947,4637,0,0,0,1.0,1,1.0,1,1.0,1,0.20293561193374166,57
1338,10,5594,947,4647,0,0,0,1.0,1,1.0,1,1.0,1,0.2488184689810927,57
1339,13,5607,948,4659,0,0,0,1.0,1,1.0,1,1.0,1,0.25177935854793515,58
1340,16,5623,948,4675,0,0,0,1.0,1,1.0,1,1.0,1,0.29154732775397924,59
1341,10,5633,948,4685,0,0,0,1.0,1,1.0,1,1.0,1,0.17240627882967996,57
1342,1,5634,948,4686,0,0,0,1.0,1,1.0,1,1.0,1,0.15411189984304108,57
1343,1,5635,948,4687,0,0,0,1.0,1,1.0,1,1.0,1,0.15911204850205024,55
1344,0,5635,948,4687,0,0,0,1.0,1,1.0,1,1.0,1,0.15242361535572832,54
1345,1,5636,948,4688,0,0,0,1.0,1,1.0,1,1.0,1,0.14583958053518098,53
1346,2,5638,950,4688,0,0,0,1.0,1,1.0,1,1.0,1,0.16050956906693373,53
1347,4,5642,951,4691,0,0,0,1.0,1,1.0,1,1.0,1,0.15221927072195998,51
1348,2,5644,953,4691,0,0,0,1.0,1,1.0,1,1.0,1,0.17690651693872522,52
1349,0,5644,953,4691,0,0,0,1.0,1,1.0,1,1.0,1,0.17647587771326304,50
1350,1,5645,954,4691,0,0,0,1.0,1,1.0,1,1.0,1,0.16925450319070412,51
1351,3,5648,955,4693,0,0,0,1.0,1,1.0,1,1.0,1,0.1698544862726131,50
1352,3,5651,956,4695,0,0,0,1.0,1,1.0,1,1.0,1,0.10949946424277728,50
1353,2,5653,957,4696,0,0,0,1.0,1,1.0,1,1.0,1,0.1265713057627408,50
1354,2,5655,957,4698,0,0,0,1.0,1,1.0,1,1.0,1,0.15506641552701358,51
1355,3,5658,958,4700,0,0,0,1.0,1,1.0,1,1.0,1,0.144356958783213,53
1356,6,5664,959,4705,0,0,0,1.0,1,1.0,1,1.0,1,0.17015283371359213,52
1357,6,5670,959,4711,0,0,0,1.0,1,1.0,1,1.0,1,0.16826276768995194,52
1358,3,5673,960,4713,0,0,0,1.0,1,1.0,1,1.0,1,0.20086051464284013,53
1359,4,5677,961,4716,0,0,0,1.0,1,1.0,1,1.0,1,0.23754681754094492,54
1360,7,5684,962,4722,0,0,0,1.0,1,1.0,1,1.0,1,0.21709972945242256,55
1361,11,5695,963,4732,0,0,0,1.0,1,1.0,1,1.0,1,0.08714251697641212,55
1362,2,5697,963,4734,0,0,0,1.0,1,1.0,1,1.0,1,0.07023910462010033,56
1363,3,5700,963,4737,0,0,0,1.0,1,1.0,1,1.0,1,0.06754447249759515,56
1364,2,5702,963,4739,0,0,0,1.0,1,1.0,1,1.0,1,0.06000257730355433,55
1365,4,5706,963,4743,0,0,0,1.0,1,1.0,1,1.0,1,0.08788073149298013,56
1366,5,5711,963,4748,0,0,0,1.0,1,1.0,1,1.0,1,0.08319512300739874,57
1367,2,5713,963,4750,0,0,0,1.0,1,1.0,1,1.0,1,0.08488940212391602,57
1368,5,5718,964,4754,0,0,0,1.0,1,1.0,1,1.0,1,0.11341492710751407,58
1369,6,5724,965,4759,0,0,0,1.0,1,1.0,1,1.0,1,0.08255673430706348,59
1370,11,5735,967,4768,0,0,0,1.0,1,1.0,1,1.0,1,0.10569381484078887,60
1371,9,5744,967,4777,0,0,0,1.0,1,1.0,1,1.0,1,0.11458877001911708,59
1372,12,5756,970,4786,0,0,0,1.0,1,1.0,1,1.0,1,0.1740822981463505,59
1373,9,5765,971,4794,0,0,0,1.0,1,1.0,1,1.0,1,0.1489270977204773,59
1374,5,5770,971,4799,0,0,0,1.0,1,1.0,1,1.0,1,0.17771187093702923,59
1375,13,5783,971,4812,0,0,0,1.0,1,1.0,1,1.0,1,0.16842246428636468,62
1376,11,5794,971,4823,0,0,0,1.0,1,1.0,1,1.0,1,0.19435049855231137,61
1377,11,5805,972,4833,0,0,0,1.0,1,1.0,1,1.0,1,0.1902827719447942,63
1378,6,5811,972,4839,0,0,0,1.0,1,1.0,1,1.0,1,0.19839536233179839,62
1379,14,5825,974,4851,0,0,0,1.0,1,1.0,1,1.0,1,0.2740380420148514,61
1380,11,5836,974,4862,0,0,0,1.0,1,1.0,1,1.0,1,0.23258527822424066,60
1381,6,5842,974,4868,0,0,0,1.0,1,1.0,1,1.0,1,0.12726582974454295,58
1382,5,5847,975,4872,0,0,0,1.0,1,1.0,1,1.0,1,0.15515796993978365,56
1383,2,5849,975,4874,0,0,0,1.0,1,1.0,1,1.0,1,0.12776355485642082,57
1384,5,5854,976,4878,0,0,0,1.0,1,1.0,1,1.0,1,0.14029859605703474,55
1385,7,5861,978,4883,0,0,0,1.0,1,1.0,1,1.0,1,0.14542654665644147,55
1386,2,5863,978,4885,0,0,0,1.0,1,1.0,1,1.0,1,0.1464445938192709,54
1387,4,5867,979,4888,0,0,0,1.0,1,1.0,1,1.0,1,0.1977321017244963,53
1388,6,5873,982,4891,0,0,0,1.0,1,1.0,1,1.0,1,0.21811618448956555,52
1389,5,5878,983,4895,0,0,0,1.0,1,1.0,1,1.0,1,0.23536458883467185,52
1390,1,5879,983,4896,0,0,0,1.0,1,1.0,1,1.0,1,0.2341901923107693,51
1391,2,5881,983,4898,0,0,0,1.0,1,1.0,1,1.0,1,0.2336496138300186,52
1392,1,5882,984,4898,0,0,0,1.0,1,1.0,1,1.0,1,0.2065832596437949,51
1393,0,5882,984,4898,0,0,0,1.0,1,1.0,1,1.0,1,0.2065832596437949,51
1394,3,5885,984,4901,0,0,0,1.0,1,1.0,1,1.0,1,0.23553842820766377,52
1395,4,5889,984,4905,0,0,0,1.0,1,1.0,1,1.0,1,0.23553842820766377,52
1396,3,5892,984,4908,0,0,0,1.0,1,1.0,1,1.0,1,0.203020037004,53
1397,4,5896,984,4912,0,0,0,1.0,1,1.0,1,1.0,1,0.1990232836790518,56
1398,4,5900,984,4916,0,0,0,1.0,1,1.0,1,1.0,1,0.20115030952912485,56
1399,3,5903,985,4918,0,0,0,1.0,1,1.0,1,1.0,1,0.22316062112105964,57
1400,8,5911,987,4924,0,0,0,1.0,1,1.0,1,1.0,1,0.22716627277214468,57
1401,11,5922,987,4935,0,0,0,1.0,1,1.0,1,1.0,1,0.09848286042655396,57
1402,4,5926,989,4937,0,0,0,1.0,1,1.0,1,1.0,1,0.13601610945458964,57
1403,2,5928,989,4939,0,0,0,1.0,1,1.0,1,1.0,1,0.14941407818972552,56
1404,8,5936,989,4947,0,0,0,1.0,1,1.0,1,1.0,1,0.149082325120385,58
1405,4,5940,989,4951,0,0,0,1.0,1,1.0,1,1.0,1,0.14443505908974516,58
1406,1,5941,989,4952,0,0,0,1.0,1,1.0,1,1.0,1,0.13775300590743267,58
1407,2,5943,989,4954,0,0,0,1.0,1,1.0,1,1.0,1,0.15033376212428884,57
1408,4,5947,989,4958,0,0,0,1.0,1,1.0,1,1.0,1,0.1553139728859184,58
1409,2,5949,989,4960,0,0,0,1.0,1,1.0,1,1.0,1,0.15471251999576796,57
1410,1,5950,989,4961,0,0,0,1.0,1,1.0,1,1.0,1,0.15413419557473615,57
1411,3,5953,990,4963,0,0,0,1.0,1,1.0,1,1.0,1,0.15958041779027954,56
1412,2,5955,990,4965,0,0,0,1.0,1,1.0,1,1.0,1,0.1789113120142045,55
1413,3,5958,990,4968,0,0,0,1.0,1,1.0,1,1.0,1,0.18243291562912256,57
1414,2,5960,990,4970,0,0,0,1.0,1,1.0,1,1.0,1,0.18243291562912256,57
1415,7,5967,992,4975,0,0,0,1.0,1,1.0,1,1.0,1,0.20111643525235418,60
1416,5,5972,993,4979,0,0,0,1.0,1,1.0,1,1.0,1,0.17904529426828994,61
1417,4,5976,993,4983,0,0,0,1.0,1,1.0,1,1.0,1,0.17159853741001552,59
1418,5,5981,994,4987,0,0,0,1.0,1,1.0,1,1.0,1,0.17628823979494126,60
1419,5,5986,995,4991,0,0,0,1.0,1,1.0,1,1.0,1,0.19242005353750397,59
1420,7,5993,995,4998,0,0,0,1.0,1,1.0,1,1.0,1,0.18362186488185564,58
1421,6,5999,995,5004,0,0,0,1.0,1,1.0,1,1.0,1,0.09253409025999193,57
1422,2,6001,996,5005,0,0,0,1.0,1,1.0,1,1.0,1,0.09661018486095516,57
1423,2,6003,996,5007,0,0,0,1.0,1,1.0,1,1.0,1,0.08164932349370768,56
1424,2,6005,997,5008,0,0,0,1.0,1,1.0,1,1.0,1,0.0881665873616513,57
1425,2,6007,999,5008,0,0,0,1.0,1,1.0,1,1.0,1,0.10431404518414028,54
1426,2,6009,1001,5008,0,0,0,1.0,1,1.0,1,1.0,1,0.15121149046825574,54
1427,3,6012,1004,5008,0,0,0,1.0,1,1.0,1,1.0,1,0.22170298340850356,53
1428,1,6013,1005,5008,0,0,0,1.0,1,1.0,1,1.0,1,0.23301892334014293,52
1429,1,6014,1005,5009,0,0,0,1.0,1,1.0,1,1.0,1,0.20880664571696658,52
1430,3,6017,1008,5009,0,0,0,1.0,1,1.0,1,1.0,1,0.23818342535337164,51
1431,2,6019,1008,5011,0,0,0,1.0,1,1.0,1,1.0,1,0.21127936380910964,51
1432,2,6021,1009,5012,0,0,0,1.0,1,1.0,1,1.0,1,0.19468745723943054,52
1433,2,6023,1010,5013,0,0,0,1.0,1,1.0,1,1.0,1,0.202791853365165,52
1434,5,6028,1012,5016,0,0,0,1.0,1,1.0,1,1.0,1,0.19533447007050342,52
1435,5,6033,1015,5018,0,0,0,1.0,1,1.0,1,1.0,1,0.2281171528850398,50
1436,2,6035,1017,5018,0,0,0,1.0,1,1.0,1,1.0,1,0.2625066332103398,50
1437,1,6036,1018,5018,0,0,0,1.0,1,1.0,1,1.0,1,0.27992061820502906,49
1438,4,6040,1020,5020,0,0,0,1.0,1,1.0,1,1.0,1,0.2957989869269418,49
1439,6,6046,1021,5025,0,0,0,1.0,1,1.0,1,1.0,1,0.2913890324791291,50
1440,6,6052,1025,5027,0,0,0,1.0,1,1.0,1,1.0,1,0.27619726559859303,50
1441,9,6061,1025,5036,0,0,0,1.0,1,1.0,1,1.0,1,0.16404561964795247,51
1442,3,6064,1025,5039,0,0,0,1.0,1,1.0,1,1.0,1,0.1919922221891867,50
1443,5,6069,1025,5044,0,0,0,1.0,1,1.0,1,1.0,1,0.18957964935432545,51
1444,4,6073,1025,5048,0,0,0,1.0,1,1.0,1,1.0,1,0.18957964935432545,51
1445,4,6077,1027,5050,0,0,0,1.0,1,1.0,1,1.0,1,0.2075891382023158,51
1446,2,6079,1027,5052,0,0,0,1.0,1,1.0,1,1.0,1,0.22337486369648404,51
1447,3,6082,1027,5055,0,0,0,1.0,1,1.0,1,1.0,1,0.21319620568514028,51
1448,3,6085,1028,5057,0,0,0,1.0,1,1.0,1,1.0,1,0.20738388925267362,51
1449,3,6088,1029,5059,0,0,0,1.0,1,1.0,1,1.0,1,0.17385275786826432,51
1450,2,6090,1029,5061,0,0,0,1.0,1,1.0,1,1.0,1,0.16483226814347346,52
1451,5,6095,1029,5066,0,0,0,1.0,1,1.0,1,1.0,1,0.12278194074602158,54
1452,3,6098,1029,5069,0,0,0,1.0,1,1.0,1,1.0,1,0.13755273815146934,56
1453,4,6102,1031,5071,0,0,0,1.0,1,1.0,1,1.0,1,0.15185082076098907,56
1454,10,6112,1032,5080,0,0,0,1.0,1,1.0,1,1.0,1,0.1728771951732719,58
1455,9,6121,1034,5087,0,0,0,1.0,1,1.0,1,1.0,1,0.22112174285579825,55
1456,5,6126,1034,5092,0,0,0,1.0,1,1.0,1,1.0,1,0.23392909152539446,56
1457,14,6140,1035,5105,0,0,0,1.0,1,1.0,1,1.0,1,0.2738963048185019,54
1458,10,6150,1037,5113,0,0,0,1.0,1,1.0,1,1.0,1,0.25206758544546987,52
1459,8,6158,1038,5120,0,0,0,1.0,1,1.0,1,1.0,1,0.2543451836895557,52
1460,6,6164,1039,5125,0,0,0,1.0,1,1.0,1,1.0,1,0.2171655081512119,50
1461,8,6172,1041,5131,0,0,0,1.0,1,1.0,1,1.0,1,0.16660781083705065,53
1462,3,6175,1043,5132,0,0,0,1.0,1,1.0,1,1.0,1,0.16889457526904464,51
1463,2,6177,1044,5133,0,0,0,1.0,1,1.0,1,1.0,1,0.20314226309228098,51
1464,2,6179,1046,5133,0,0,0,1.0,1,1.0,1,1.0,1,0.19755627179195562,51
1465,1,6180,1047,5133,0,0,0,1.0,1,1.0,1,1.0,1,0.2259824228701622,49
1466,4,6184,1049,5135,0,0,0,1.0,1,1.0,1,1.0,1,0.2525738555020349,49
1467,6,6190,1052,5138,0,0,0,1.0,1,1.0,1,1.0,1,0.2819845823456096,47
1468,3,6193,1054,5139,0,0,0,1.0,1,1.0,1,1.0,1,0.2845692369819957,48
1469,2,6195,1054,5141,0,0,0,1.0,1,1.0,1,1.0,1,0.29151671696612175,47
1470,5,6200,1055,5145,0,0,0,1.0,1,1.0,1,1.0,1,0.27543292784820633,49
1471,5,6205,1055,5150,0,0,0,1.0,1,1.0,1,1.0,1,0.2787991687995717,48
1472,4,6209,1055,5154,0,0,0,1.0,1,1.0,1,1.0,1,0.23139345136997894,48
1473,1,6210,1055,5155,0,0,0,1.0,1,1.0,1,1.0,1,0.23336813869410492,49
1474,0,6210,1055,5155,0,0,0,1.0,1,1.0,1,1.0,1,0.23336813869410492,49
1475,1,6211,1055,5156,0,0,0,1.0,1,1.0,1,1.0,1,0.21688603080517357,49
1476,4,6215,1056,5159,0,0,0,1.0,1,1.0,1,1.0,1,0.20769761540886147,51
1477,0,6215,1056,5159,0,0,0,1.0,1,1.0,1,1.0,1,0.20769761540886147,51
1478,1,6216,1056,5160,0,0,0,1.0,1,1.0,1,1.0,1,0.17688657191849727,52
1479,0,6216,1056,5160,0,0,0,1.0,1,1.0,1,1.0,1,0.19057413587607472,53
1480,1,6217,1057,5160,0,0,0,1.0,1,1.0,1,1.0,1,0.20745647942508524,53
1481,10,6227,1057,5170,0,0,0,1.0,1,1.0,1,1.0,1,0.1539571926767543,53
1482,6,6233,1058,5175,0,0,0,1.0,1,1.0,1,1.0,1,0.13242631273620897,52
1483,8,6241,1058,5183,0,0,0,1.0,1,1.0,1,1.0,1,0.13260647578293253,52
1484,3,6244,1058,5186,0,0,0,1.0,1,1.0,1,1.0,1,0.21546258860516546,53
1485,6,6250,1058,5192,0,0,0,1.0,1,1.0,1,1.0,1,0.16207494093149208,53
1486,6,6256,1058,5198,0,0,0,1.0,1,1.0,1,1.0,1,0.20402457272653252,54
1487,8,6264,1059,5205,0,0,0,1.0,1,1.0,1,1.0,1,0.16715737290200283,55
1488,5,6269,1059,5210,0,0,0,1.0,1,1.0,1,1.0,1,0.22297919132550925,57
1489,10,6279,1062,5217,0,0,0,1.0,1,1.0,1,1.0,1,0.21652159907622384,58
1490,4,6283,1062,5221,0,0,0,1.0,1,1.0,1,1.0,1,0.18298009218680442,58
1491,14,6297,1064,5233,0,0,0,1.0,1,1.0,1,1.0,1,0.21772312134413052,59
1492,15,6312,1064,5248,0,0,0,1.0,1,1.0,1,1.0,1,0.19656212852995888,59
1493,7,6319,1065,5254,0,0,0,1.0,1,1.0,1,1.0,1,0.24275394928753874,58
1494,11,6330,1066,5264,0,0,0,1.0,1,1.0,1,1.0,1,0.17830119655555207,58
1495,15,6345,1067,5278,0,0,0,1.0,1,1.0,1,1.0,1,0.19534604920306384,57
1496,10,6355,1067,5288,0,0,0,1.0,1,1.0,1,1.0,1,0.2205724404204861,59
1497,12,6367,1068,5299,0,0,0,1.0,1,1.0,1,1.0,1,0.2997450892821724,58
1498,15,6382,1069,5313,0,0,0,1.0,1,1.0,1,1.0,1,0.28163243735168153,58
1499,9,6391,1069,5322,0,0,0,1.0,1,1.0,1,1.0,1,0.2731836382673794,56
1500,15,6406,1070,5336,0,0,0,1.0,1,1.0,1,1.0,1,0.25289210660222206,57
1501,11,6417,1070,5347,0,0,0,1.0,1,1.0,1,1.0,1,0.1017107993285456,55
1502,2,6419,1071,5348,0,0,0,1.0,1,1.0,1,1.0,1,0.10623799906120517,55
1503,5,6424,1072,5352,0,0,0,1.0,1,1.0,1,1.0,1,0.09688518660470133,54
1504,1,6425,1072,5353,0,0,0,1.0,1,1.0,1,1.0,1,0.07826563112852215,55
1505,1,6426,1072,5354,0,0,0,1.0,1,1.0,1,1.0,1,0.10137305654539316,53
1506,5,6431,1073,5358,0,0,0,1.0,1,1.0,1,1.0,1,0.09427116667038972,55
1507,5,6436,1075,5361,0,0,0,1.0,1,1.0,1,1.0,1,0.09010731256517943,53
1508,4,6440,1078,5362,0,0,0,1.0,1,1.0,1,1.0,1,0.10202843663667234,53
1509,3,6443,1078,5365,0,0,0,1.0,1,1.0,1,1.0,1,0.09947458299903039,52
1510,1,6444,1079,5365,0,0,0,1.0,1,1.0,1,1.0,1,0.11650968907819492,50
1511,1,6445,1079,5366,0,0,0,1.0,1,1.0,1,1.0,1,0.1678016415280877,49
1512,5,6450,1081,5369,0,0,0,1.0,1,1.0,1,1.0,1,0.18305722736867777,48
1513,1,6451,1082,5369,0,0,0,1.0,1,1.0,1,1.0,1,0.22284469004419383,47
1514,0,6451,1082,5369,0,0,0,1.0,1,1.0,1,1.0,1,0.21366274798173052,48
1515,1,6452,1083,5369,0,0,0,1.0,1,1.0,1,1.0,1,0.21011220881383652,48
1516,3,6455,1083,5372,0,0,0,1.0,1,1.0,1,1.0,1,0.23126523244664457,47
1517,2,6457,1083,5374,0,0,0,1.0,1,1.0,1,1.0,1,0.2473939974869515,48
1518,0,6457,1083,5374,0,0,0,1.0,1,1.0,1,1.0,1,0.2473939974869515,48
1519,0,6457,1083,5374,0,0,0,1.0,1,1.0,1,1.0,1,0.2455226336162062,47
1520,4,6461,1085,5376,0,0,0,1.0,1,1.0,1,1.0,1,0.25694343841957384,48
1521,7,6468,1085,5383,0,0,0,1.0,1,1.0,1,1.0,1,0.16880317831505412,49
1522,6,6474,1086,5388,0,0,0,1.0,1,1.0,1,1.0,1,0.17175541284761958,48
1523,5,6479,1086,5393,0,0,0,1.0,1,1.0,1,1.0,1,0.15943397885272814,49
1524,4,6483,1086,5397,0,0,0,1.0,1,1.0,1,1.0,1,0.14869158979912828,49
1525,10,6493,1087,5406,0,0,0,1.0,1,1.0,1,1.0,1,0.16417249068738057,51
1526,4,6497,1087,5410,0,0,0,1.0,1,1.0,1,1.0,1,0.17648214290886127,52
1527,11,6508,1088,5420,0,0,0,1.0,1,1.0,1,1.0,1,0.1873402471191083,54
1528,10,6518,1088,5430,0,0,0,1.0,1,1.0,1,1.0,1,0.17370002448514973,54
1529,4,6522,1088,5434,0,0,0,1.0,1,1.0,1,1.0,1,0.16421936531882958,54
1530,6,6528,1088,5440,0,0,0,1.0,1,1.0,1,1.0,1,0.19503886708009666,54
1531,10,6538,1088,5450,0,0,0,1.0,1,1.0,1,1.0,1,0.19298589344071782,54
1532,7,6545,1090,5455,0,0,0,1.0,1,1.0,1,1.0,1,0.23662239883375166,54
1533,6,6551,1090,5461,0,0,0,1.0,1,1.0,1,1.0,1,0.21382173974486832,54
1534,11,6562,1090,5472,0,0,0,1.0,1,1.0,1,1.0,1,0.2282240813995622,54
1535,5,6567,1091,5476,0,0,0,1.0,1,1.0,1,1.0,1,0.22465517199946253,54
1536,6,6573,1092,5481,0,0,0,1.0,1,1.0,1,1.0,1,0.2321509736454249,55
1537,4,6577,1092,5485,0,0,0,1.0,1,1.0,1,1.0,1,0.24669760397246931,53
1538,4,6581,1092,5489,0,0,0,1.0,1,1.0,1,1.0,1,0.25479884471891173,54
1539,5,6586,1092,5494,0,0,0,1.0,1,1.0,1,1.0,1,0.23364777358453465,54
1540,8,6594,1092,5502,0,0,0,1.0,1,1.0,1,1.0,1,0.21802943579307574,54
1541,12,6606,1092,5514,0,0,0,1.0,1,1.0,1,1.0,1,0.10991616668662425,54
1542,6,6612,1093,5519,0,0,0,1.0,1,1.0,1,1.0,1,0.11350985587778267,57
1543,4,6616,1094,5522,0,0,0,1.0,1,1.0,1,1.0,1,0.15282354190304825,55
1544,8,6624,1097,5527,0,0,0,1.0,1,1.0,1,1.0,1,0.15500061346990657,54
1545,7,6631,1098,5533,0,0,0,1.0,1,1.0,1,1.0,1,0.1805082725052632,54
1546,8,6639,1098,5541,0,0,0,1.0,1,1.0,1,1.0,1,0.14888080496240202,53
1547,7,6646,1098,5548,0,0,0,1.0,1,1.0,1,1.0,1,0.13305266605292748,53
1548,8,6654,1100,5554,0,0,0,1.0,1,1.0,1,1.0,1,0.13792286749739022,54
1549,5,6659,1100,5559,0,0,0,1.0,1,1.0,1,1.0,1,0.13422022092908248,52
1550,5,6664,1102,5562,0,0,0,1.0,1,1.0,1,1.0,1,0.1465694670889701,52
1551,8,6672,1105,5567,0,0,0,1.0,1,1.0,1,1.0,1,0.15878001079361168,52
1552,7,6679,1109,5570,0,0,0,1.0,1,1.0,1,1.0,1,0.1744487944014202,51
1553,7,6686,1111,5575,0,0,0,1.0,1,1.0,1,1.0,1,0.24544100701346888,51
1554,12,6698,1113,5585,0,0,0,1.0,1,1.0,1,1.0,1,0.21884791594790143,51
1555,6,6704,1115,5589,0,0,0,1.0,1,1.0,1,1.0,1,0.2239319065693749,50
1556,5,6709,1115,5594,0,0,0,1.0,1,1.0,1,1.0,1,0.2572645297339206,51
1557,7,6716,1117,5599,0,0,0,1.0,1,1.0,1,1.0,1,0.24544649411459896,51
1558,7,6723,1118,5605,0,0,0,1.0,1,1.0,1,1.0,1,0.28096441249746873,52
1559,7,6730,1119,5611,0,0,0,1.0,1,1.0,1,1.0,1,0.27041658642934213,53
1560,6,6736,1119,5617,0,0,0,1.0,1,1.0,1,1.0,1,0.28127728531151536,51
1561,9,6745,1119,5626,0,0,0,1.0,1,1.0,1,1.0,1,0.1936714625390322,51
1562,8,6753,1119,5634,0,0,0,1.0,1,1.0,1,1.0,1,0.13803520969099214,52
1563,8,6761,1120,5641,0,0,0,1.0,1,1.0,1,1.0,1,0.16598904359258135,52
1564,6,6767,1120,5647,0,0,0,1.0,1,1.0,1,1.0,1,0.1734690358716991,51
1565,6,6773,1120,5653,0,0,0,1.0,1,1.0,1,1.0,1,0.20349480458231622,53
1566,6,6779,1120,5659,0,0,0,1.0,1,1.0,1,1.0,1,0.2162768822486332,53
1567,7,6786,1121,5665,0,0,0,1.0,1,1.0,1,1.0,1,0.20234907492710583,52
1568,5,6791,1121,5670,0,0,0,1.0,1,1.0,1,1.0,1,0.17940936040488814,52
1569,5,6796,1121,5675,0,0,0,1.0,1,1.0,1,1.0,1,0.1559206363348754,49
1570,6,6802,1122,5680,0,0,0,1.0,1,1.0,1,1.0,1,0.1808452223321629,48
1571,7,6809,1122,5687,0,0,0,1.0,1,1.0,1,1.0,1,0.21036533103918917,46
1572,8,6817,1124,5693,0,0,0,1.0,1,1.0,1,1.0,1,0.16647069334886053,47
1573,6,6823,1124,5699,0,0,0,1.0,1,1.0,1,1.0,1,0.2205098651093958,48
1574,8,6831,1125,5706,0,0,0,1.0,1,1.0,1,1.0,1,0.24691174624872506,46
1575,8,6839,1127,5712,0,0,0,1.0,1,1.0,1,1.0,1,0.2776810986658036,47
1576,5,6844,1129,5715,0,0,0,1.0,1,1.0,1,1.0,1,0.2686669350520298,46
1577,5,6849,1130,5719,0,0,0,1.0,1,1.0,1,1.0,1,0.27905433571351157,45
1578,8,6857,1130,5727,0,0,0,1.0,1,1.0,1,1.0,1,0.22629157311358028,44
1579,3,6860,1130,5730,0,0,0,1.0,1,1.0,1,1.0,1,0.31493823284864964,43
1580,3,6863,1130,5733,0,0,0,1.0,1,1.0,1,1.0,1,0.2563954012691689,43
1581,8,6871,1130,5741,0,0,0,1.0,1,1.0,1,1.0,1,0.1869436451615905,42
1582,2,6873,1131,5742,0,0,0,1.0,1,1.0,1,1.0,1,0.20491076399414299,42
1583,6,6879,1132,5747,0,0,0,1.0,1,1.0,1,1.0,1,0.18292317434057345,43
1584,3,6882,1134,5748,0,0,0,1.0,1,1.0,1,1.0,1,0.1922000355360692,41
1585,5,6887,1136,5751,0,0,0,1.0,1,1.0,1,1.0,1,0.18657977414998647,43
1586,2,6889,1137,5752,0,0,0,1.0,1,1.0,1,1.0,1,0.1625034159406732,42
1587,4,6893,1138,5755,0,0,0,1.0,1,1.0,1,1.0,1,0.15337631121743714,42
1588,7,6900,1141,5759,0,0,0,1.0,1,1.0,1,1.0,1,0.18112592957779877,42
1589,2,6902,1141,5761,0,0,0,1.0,1,1.0,1,1.0,1,0.1884511513496978,42
1590,2,6904,1141,5763,0,0,0,1.0,1,1.0,1,1.0,1,0.23593730334203059,41
1591,3,6907,1142,5765,0,0,0,1.0,1,1.0,1,1.0,1,0.23328446039396158,40
1592,5,6912,1143,5769,0,0,0,1.0,1,1.0,1,1.0,1,0.24180252107314953,39
1593,5,6917,1145,5772,0,0,0,1.0,1,1.0,1,1.0,1,0.2863307888226961,39
1594,2,6919,1145,5774,0,0,0,1.0,1,1.0,1,1.0,1,0.28410874122965224,39
1595,5,6924,1145,5779,0,0,0,1.0,1,1.0,1,1.0,1,0.27546816234280236,42
1596,2,6926,1145,5781,0,0,0,1.0,1,1.0,1,1.0,1,0.2929203265590323,41
1597,1,6927,1145,5782,0,0,0,1.0,1,1.0,1,1.0,1,0.28999781910553446,41
1598,3,6930,1146,5784,0,0,0,1.0,1,1.0,1,1.0,1,0.31974237143960405,39
1599,5,6935,1146,5789,0,0,0,1.0,1,1.0,1,1.0,1,0.35719829534166797,39
1600,5,6940,1148,5792,0,0,0,1.0,1,1.0,1,1.0,1,0.262187583222402,40
1601,12,6952,1150,5802,0,0,0,1.0,1,1.0,1,1.0,1,0.17672902779172092,41
1602,5,6957,1150,5807,0,0,0,1.0,1,1.0,1,1.0,1,0.15335321510294472,41
1603,8,6965,1151,5814,0,0,0,1.0,1,1.0,1,1.0,1,0.11956723637749239,43
1604,6,6971,1152,5819,0,0,0,1.0,1,1.0,1,1.0,1,0.14042846813369186,43
1605,3,6974,1153,5821,0,0,0,1.0,1,1.0,1,1.0,1,0.17965096283956614,44
1606,5,6979,1153,5826,0,0,0,1.0,1,1.0,1,1.0,1,0.18786688438173368,44
1607,5,6984,1154,5830,0,0,0,1.0,1,1.0,1,1.0,1,0.1341841253820407,42
1608,3,6987,1156,5831,0,0,0,1.0,1,1.0,1,1.0,1,0.15897911870631432,41
1609,1,6988,1156,5832,0,0,0,1.0,1,1.0,1,1.0,1,0.11917821680418796,39
1610,2,6990,1157,5833,0,0,0,1.0,1,1.0,1,1.0,1,0.1760113027574475,39
1611,4,6994,1157,5837,0,0,0,1.0,1,1.0,1,1.0,1,0.15210318856651941,40
1612,6,7000,1157,5843,0,0,0,1.0,1,1.0,1,1.0,1,0.1392623542036712,39
1613,3,7003,1158,5845,0,0,0,1.0,1,1.0,1,1.0,1,0.16599261515260225,41
1614,6,7009,1158,5851,0,0,0,1.0,1,1.0,1,1.0,1,0.15423197353331386,41
1615,6,7015,1158,5857,0,0,0,1.0,1,1.0,1,1.0,1,0.15423197353331386,41
1616,5,7020,1158,5862,0,0,0,1.0,1,1.0,1,1.0,1,0.18399094619657416,43
1617,6,7026,1159,5867,0,0,0,1.0,1,1.0,1,1.0,1,0.21229421692060857,44
1618,7,7033,1160,5873,0,0,0,1.0,1,1.0,1,1.0,1,0.17453818303822702,44
1619,8,7041,1162,5879,0,0,0,1.0,1,1.0,1,1.0,1,0.20517217493879317,44
1620,8,7049,1162,5887,0,0,0,1.0,1,1.0,1,1.0,1,0.2264139221279868,45
1621,5,7054,1162,5892,0,0,0,1.0,1,1.0,1,1.0,1,0.18984972427995722,44
1622,7,7061,1164,5897,0,0,0,1.0,1,1.0,1,1.0,1,0.19235020623416782,44
1623,4,7065,1164,5901,0,0,0,1.0,1,1.0,1,1.0,1,0.1989200918235432,43
1624,3,7068,1165,5903,0,0,0,1.0,1,1.0,1,1.0,1,0.18305459981535704,43
1625,5,7073,1166,5907,0,0,0,1.0,1,1.0,1,1.0,1,0.15956877436732844,43
1626,8,7081,1168,5913,0,0,0,1.0,1,1.0,1,1.0,1,0.18704210007763936,42
1627,6,7087,1169,5918,0,0,0,1.0,1,1.0,1,1.0,1,0.1875899011716062,42
1628,9,7096,1171,5925,0,0,0,1.0,1,1.0,1,1.0,1,0.2036817269981844,42
1629,8,7104,1173,5931,0,0,0,1.0,1,1.0,1,1.0,1,0.19866224071787375,41
1630,5,7109,1174,5935,0,0,0,1.0,1,1.0,1,1.0,1,0.19908433436214323,41
1631,4,7113,1175,5938,0,0,0,1.0,1,1.0,1,1.0,1,0.2318175558183297,40
1632,6,7119,1175,5944,0,0,0,1.0,1,1.0,1,1.0,1,0.20780792482392083,39
1633,5,7124,1176,5948,0,0,0,1.0,1,1.0,1,1.0,1,0.23687475300534644,39
1634,4,7128,1176,5952,0,0,0,1.0,1,1.0,1,1.0,1,0.19365704528004365,39
1635,3,7131,1176,5955,0,0,0,1.0,1,1.0,1,1.0,1,0.20711965779833524,40
1636,6,7137,1177,5960,0,0,0,1.0,1,1.0,1,1.0,1,0.20245675130407534,41
1637,5,7142,1178,5964,0,0,0,1.0,1,1.0,1,1.0,1,0.1912379411334274,41
1638,7,7149,1180,5969,0,0,0,1.0,1,1.0,1,1.0,1,0.17728675751226242,42
1639,3,7152,1181,5971,0,0,0,1.0,1,1.0,1,1.0,1,0.1905284730988915,43
1640,3,7155,1181,5974,0,0,0,1.0,1,1.0,1,1.0,1,0.17673184575706205,43
1641,5,7160,1181,5979,0,0,0,1.0,1,1.0,1,1.0,1,0.07620477345269126,44
1642,4,7164,1183,5981,0,0,0,1.0,1,1.0,1,1.0,1,0.10672370614453675,45
1643,0,7164,1183,5981,0,0,0,1.0,1,1.0,1,1.0,1,0.11850768290080359,44
1644,4,7168,1186,5982,0,0,0,1.0,1,1.0,1,1.0,1,0.17529038002815264,45
1645,5,7173,1187,5986,0,0,0,1.0,1,1.0,1,1.0,1,0.1373074119694882,44
1646,3,7176,1188,5988,0,0,0,1.0,1,1.0,1,1.0,1,0.13332878301182927,43
1647,2,7178,1188,5990,0,0,0,1.0,1,1.0,1,1.0,1,0.149307379709377,43
1648,1,7179,1188,5991,0,0,0,1.0,1,1.0,1,1.0,1,0.19221169793043352,42
1649,4,7183,1188,5995,0,0,0,1.0,1,1.0,1,1.0,1,0.2256265741152679,41
1650,2,7185,1188,5997,0,0,0,1.0,1,1.0,1,1.0,1,0.16197921761733527,41
1651,5,7190,1189,6001,0,0,0,1.0,1,1.0,1,1.0,1,0.18285108696647778,40
1652,2,7192,1189,6003,0,0,0,1.0,1,1.0,1,1.0,1,0.2519944271172407,39
1653,5,7197,1189,6008,0,0,0,1.0,1,1.0,1,1.0,1,0.2449044797626935,39
1654,2,7199,1190,6009,0,0,0,1.0,1,1.0,1,1.0,1,0.2664707716559973,39
1655,10,7209,1192,6017,0,0,0,1.0,1,1.0,1,1.0,1,0.2521652413155411,40
1656,5,7214,1192,6022,0,0,0,1.0,1,1.0,1,1.0,1,0.30189153105605115,40
1657,7,7221,1193,6028,0,0,0,1.0,1,1.0,1,1.0,1,0.25345899927319177,40
1658,6,7227,1193,6034,0,0,0,1.0,1,1.0,1,1.0,1,0.23602508893137011,40
1659,3,7230,1194,6036,0,0,0,1.0,1,1.0,1,1.0,1,0.2076089627340049,40
1660,7,7237,1195,6042,0,0,0,1.0,1,1.0,1,1.0,1,0.20138008377395553,41
1661,2,7239,1196,6043,0,0,0,1.0,1,1.0,1,1.0,1,0.14624556772571665,42
1662,2,7241,1197,6044,0,0,0,1.0,1,1.0,1,1.0,1,0.19503030419664869,44
1663,4,7245,1198,6047,0,0,0,1.0,1,1.0,1,1.0,1,0.1825326610543625,43
1664,3,7248,1199,6049,0,0,0,1.0,1,1.0,1,1.0,1,0.19292916663397702,42
1665,2,7250,1199,6051,0,0,0,1.0,1,1.0,1,1.0,1,0.18653586823855112,42
1666,7,7257,1202,6055,0,0,0,1.0,1,1.0,1,1.0,1,0.19955695480233515,43
1667,4,7261,1204,6057,0,0,0,1.0,1,1.0,1,1.0,1,0.20170337016241838,40
1668,5,7266,1205,6061,0,0,0,1.0,1,1.0,1,1.0,1,0.2274966103601551,40
1669,4,7270,1207,6063,0,0,0,1.0,1,1.0,1,1.0,1,0.20937374239382556,40
1670,1,7271,1208,6063,0,0,0,1.0,1,1.0,1,1.0,1,0.21391557163640615,39
1671,1,7272,1209,6063,0,0,0,1.0,1,1.0,1,1.0,1,0.21341269748770708,39
1672,2,7274,1210,6064,0,0,0,1.0,1,1.0,1,1.0,1,0.2544448301117729,38
1673,1,7275,1211,6064,0,0,0,1.0,1,1.0,1,1.0,1,0.2554721350291814,38
1674,0,7275,1211,6064,0,0,0,1.0,1,1.0,1,1.0,1,0.2659933492620524,38
1675,1,7276,1212,6064,0,0,0,1.0,1,1.0,1,1.0,1,0.2613162691709417,39
1676,1,7277,1212,6065,0,0,0,1.0,1,1.0,1,1.0,1,0.26145919564436454,39
1677,0,7277,1212,6065,0,0,0,1.0,1,1.0,1,1.0,1,0.24805674348884094,40
1678,0,7277,1212,6065,0,0,0,1.0,1,1.0,1,1.0,1,0.2698370066563307,39
1679,0,7277,1212,6065,0,0,0,1.0,1,1.0,1,1.0,1,0.2698370066563307,39
1680,2,7279,1212,6067,0,0,0,1.0,1,1.0,1,1.0,1,0.23907547839714802,40
1681,3,7282,1213,6069,0,0,0,1.0,1,1.0,1,1.0,1,0.15908017068040858,41
1682,0,7282,1213,6069,0,0,0,1.0,1,1.0,1,1.0,1,0.14254806345036541,40
1683,5,7287,1214,6073,0,0,0,1.0,1,1.0,1,1.0,1,0.14541011334168844,43
1684,1,7288,1215,6073,0,0,0,1.0,1,1.0,1,1.0,1,0.17335718851793921,42
1685,2,7290,1216,6074,0,0,0,1.0,1,1.0,1,1.0,1,0.156057043359487,41
1686,4,7294,1217,6077,0,0,0,1.0,1,1.0,1,1.0,1,0.22003532680504942,39
1687,7,7301,1220,6081,0,0,0,1.0,1,1.0,1,1.0,1,0.26584404999105365,41
1688,5,7306,1222,6084,0,0,0,1.0,1,1.0,1,1.0,1,0.18596321642856728,39
1689,8,7314,1224,6090,0,0,0,1.0,1,1.0,1,1.0,1,0.23752280621007496,37
1690,5,7319,1224,6095,0,0,0,1.0,1,1.0,1,1.0,1,0.23715646152640293,36
1691,9,7328,1225,6103,0,0,0,1.0,1,1.0,1,1.0,1,0.2069240013359437,36
1692,7,7335,1225,6110,0,0,0,1.0,1,1.0,1,1.0,1,0.2748762565296883,34
1693,5,7340,1226,6114,0,0,0,1.0,1,1.0,1,1.0,1,0.3371007590148552,33
1694,9,7349,1226,6123,0,0,0,1.0,1,1.0,1,1.0,1,0.3441222686687264,32
1695,8,7357,1226,6131,0,0,0,1.0,1,1.0,1,1.0,1,0.31334913908010886,32
1696,10,7367,1226,6141,0,0,0,1.0,1,1.0,1,1.0,1,0.33142856845653407,34
1697,5,7372,1226,6146,0,0,0,1.0,1,1.0,1,1.0,1,0.3217063828557724,34
1698,9,7381,1227,6154,0,0,0,1.0,1,1.0,1,1.0,1,0.31325110551716445,36
1699,6,7387,1228,6159,0,0,0,1.0,1,1.0,1,1.0,1,0.3331873515714352,36
1700,5,7392,1228,6164,0,0,0,1.0,1,1.0,1,1.0,1,0.32501241596629926,37
1701,8,7400,1228,6172,0,0,0,1.0,1,1.0,1,1.0,1,0.18782514171908635,39
1702,4,7404,1230,6174,0,0,0,1.0,1,1.0,1,1.0,1,0.14686188539336112,39
1703,0,7404,1230,6174,0,0,0,1.0,1,1.0,1,1.0,1,0.13581338297884707,38
1704,2,7406,1231,6175,0,0,0,1.0,1,1.0,1,1.0,1,0.13234385911446664,38
1705,0,7406,1231,6175,0,0,0,1.0,1,1.0,1,1.0,1,0.16585923492305576,37
1706,3,7409,1234,6175,0,0,0,1.0,1,1.0,1,1.0,1,0.1308371433146338,37
1707,2,7411,1236,6175,0,0,0,1.0,1,1.0,1,1.0,1,0.11154386954185723,36
1708,3,7414,1236,6178,0,0,0,1.0,1,1.0,1,1.0,1,0.1787893855060171,34
1709,3,7417,1238,6179,0,0,0,1.0,1,1.0,1,1.0,1,0.1144466443528443,34
1710,4,7421,1238,6183,0,0,0,1.0,1,1.0,1,1.0,1,0.19975193237929162,33
1711,7,7428,1240,6188,0,0,0,1.0,1,1.0,1,1.0,1,0.22722897918770274,32
1712,6,7434,1241,6193,0,0,0,1.0,1,1.0,1,1.0,1,0.26834599762579797,31
1713,3,7437,1241,6196,0,0,0,1.0,1,1.0,1,1.0,1,0.2899262713545453,32
1714,4,7441,1241,6200,0,0,0,1.0,1,1.0,1,1.0,1,0.2814943517553736,32
1715,2,7443,1241,6202,0,0,0,1.0,1,1.0,1,1.0,1,0.2814943517553736,32
1716,3,7446,1242,6204,0,0,0,1.0,1,1.0,1,1.0,1,0.29990838369934614,34
1717,4,7450,1243,6207,0,0,0,1.0,1,1.0,1,1.0,1,0.29947131316989745,34
1718,4,7454,1243,6211,0,0,0,1.0,1,1.0,1,1.0,1,0.3173993177688055,34
1719,4,7458,1243,6215,0,0,0,1.0,1,1.0,1,1.0,1,0.31329070480894905,34
1720,3,7461,1243,6218,0,0,0,1.0,1,1.0,1,1.0,1,0.3157665136834758,34
1721,6,7467,1243,6224,0,0,0,1.0,1,1.0,1,1.0,1,0.2098789217711605,35
1722,1,7468,1243,6225,0,0,0,1.0,1,1.0,1,1.0,1,0.19888414139218752,35
1723,0,7468,1243,6225,0,0,0,1.0,1,1.0,1,1.0,1,0.21092943217217283,34
1724,1,7469,1243,6226,0,0,0,1.0,1,1.0,1,1.0,1,0.1851603630596313,33
1725,1,7470,1244,6226,0,0,0,1.0,1,1.0,1,1.0,1,0.16320083982150663,35
1726,0,7470,1244,6226,0,0,0,1.0,1,1.0,1,1.0,1,0.1831891086433946,34
1727,1,7471,1245,6226,0,0,0,1.0,1,1.0,1,1.0,1,0.23235529961127976,34
1728,1,7472,1245,6227,0,0,0,1.0,1,1.0,1,1.0,1,0.21108071266623085,35
1729,2,7474,1246,6228,0,0,0,1.0,1,1.0,1,1.0,1,0.21432898778107848,35
1730,1,7475,1247,6228,0,0,0,1.0,1,1.0,1,1.0,1,0.24146080623819402,35
1731,1,7476,1248,6228,0,0,0,1.0,1,1.0,1,1.0,1,0.2205810410110097,35
1732,1,7477,1248,6229,0,0,0,1.0,1,1.0,1,1.0,1,0.1904084694512016,35
1733,2,7479,1248,6231,0,0,0,1.0,1,1.0,1,1.0,1,0.17449398574196745,33
1734,6,7485,1249,6236,0,0,0,1.0,1,1.0,1,1.0,1,0.15146783866413177,34
1735,3,7488,1249,6239,0,0,0,1.0,1,1.0,1,1.0,1,0.13466512472730696,33
1736,6,7494,1251,6243,0,0,0,1.0,1,1.0,1,1.0,1,0.11926661047186278,33
1737,3,7497,1251,6246,0,0,0,1.0,1,1.0,1,1.0,1,0.12378741239651841,35
1738,7,7504,1255,6249,0,0,0,1.0,1,1.0,1,1.0,1,0.20710328752630566,36
1739,7,7511,1257,6254,0,0,0,1.0,1,1.0,1,1.0,1,0.2548509887093156,36
1740,7,7518,1258,6260,0,0,0,1.0,1,1.0,1,1.0,1,0.22341616201404574,37
1741,4,7522,1258,6264,0,0,0,1.0,1,1.0,1,1.0,1,0.1033511618932855,36
1742,2,7524,1259,6265,0,0,0,1.0,1,1.0,1,1.0,1,0.08509910487240008,36
1743,3,7527,1262,6265,0,0,0,1.0,1,1.0,1,1.0,1,0.15800304002638346,37
1744,1,7528,1262,6266,0,0,0,1.0,1,1.0,1,1.0,1,0.0858634034912094,37
1745,3,7531,1264,6267,0,0,0,1.0,1,1.0,1,1.0,1,0.15863100762310195,38
1746,3,7534,1265,6269,0,0,0,1.0,1,1.0,1,1.0,1,0.11922645350878426,38
1747,0,7534,1265,6269,0,0,0,1.0,1,1.0,1,1.0,1,0.1302424579343175,37
1748,2,7536,1266,6270,0,0,0,1.0,1,1.0,1,1.0,1,0.16527962167331042,38
1749,2,7538,1266,6272,0,0,0,1.0,1,1.0,1,1.0,1,0.16527962167331042,38
1750,1,7539,1266,6273,0,0,0,1.0,1,1.0,1,1.0,1,0.18491490620661363,39
1751,2,7541,1266,6275,0,0,0,1.0,1,1.0,1,1.0,1,0.15449533378747626,41
1752,4,7545,1267,6278,0,0,0,1.0,1,1.0,1,1.0,1,0.16148320334641267,41
1753,1,7546,1267,6279,0,0,0,1.0,1,1.0,1,1.0,1,0.17375305327427215,41
1754,4,7550,1267,6283,0,0,0,1.0,1,1.0,1,1.0,1,0.1894699813791027,40
1755,3,7553,1268,6285,0,0,0,1.0,1,1.0,1,1.0,1,0.18696891667286897,41
1756,6,7559,1269,6290,0,0,0,1.0,1,1.0,1,1.0,1,0.24297690290329402,41
1757,4,7563,1269,6294,0,0,0,1.0,1,1.0,1,1.0,1,0.24599956315216595,40
1758,2,7565,1269,6296,0,0,0,1.0,1,1.0,1,1.0,1,0.23079087758563407,41
1759,5,7570,1272,6298,0,0,0,1.0,1,1.0,1,1.0,1,0.30417192465114384,38
1760,8,7578,1275,6303,0,0,0,1.0,1,1.0,1,1.0,1,0.37017062758697233,38
1761,8,7586,1275,6311,0,0,0,1.0,1,1.0,1,1.0,1,0.15708342262608316,37
1762,3,7589,1276,6313,0,0,0,1.0,1,1.0,1,1.0,1,0.1817793217879344,37
1763,3,7592,1276,6316,0,0,0,1.0,1,1.0,1,1.0,1,0.18309961893691562,37
1764,2,7594,1277,6317,0,0,0,1.0,1,1.0,1,1.0,1,0.21888468905073946,36
1765,5,7599,1279,6320,0,0,0,1.0,1,1.0,1,1.0,1,0.22677955630793178,36
1766,6,7605,1281,6324,0,0,0,1.0,1,1.0,1,1.0,1,0.24968518648893268,37
1767,6,7611,1283,6328,0,0,0,1.0,1,1.0,1,1.0,1,0.33268750391245816,37
1768,5,7616,1283,6333,0,0,0,1.0,1,1.0,1,1.0,1,0.29164800143171304,37
1769,2,7618,1283,6335,0,0,0,1.0,1,1.0,1,1.0,1,0.22746731086825722,38
1770,2,7620,1283,6337,0,0,0,1.0,1,1.0,1,1.0,1,0.2754964375982352,39
1771,8,7628,1283,6345,0,0,0,1.0,1,1.0,1,1.0,1,0.2854125914634472,39
1772,3,7631,1283,6348,0,0,0,1.0,1,1.0,1,1.0,1,0.2237986618623107,39
1773,8,7639,1283,6356,0,0,0,1.0,1,1.0,1,1.0,1,0.22621500732928948,41
1774,7,7646,1284,6362,0,0,0,1.0,1,1.0,1,1.0,1,0.2777838167130331,41
1775,10,7656,1284,6372,0,0,0,1.0,1,1.0,1,1.0,1,0.2875746855149921,42
1776,11,7667,1285,6382,0,0,0,1.0,1,1.0,1,1.0,1,0.2229845916826382,43
1777,7,7674,1285,6389,0,0,0,1.0,1,1.0,1,1.0,1,0.2554608413668854,43
1778,5,7679,1285,6394,0,0,0,1.0,1,1.0,1,1.0,1,0.23448388955575547,44
1779,7,7686,1285,6401,0,0,0,1.0,1,1.0,1,1.0,1,0.24653869474541862,46
1780,8,7694,1285,6409,0,0,0,1.0,1,1.0,1,1.0,1,0.2570594466991193,46
1781,9,7703,1285,6418,0,0,0,1.0,1,1.0,1,1.0,1,0.14249127884133628,46
1782,5,7708,1286,6422,0,0,0,1.0,1,1.0,1,1.0,1,0.17738014058508197,46
1783,3,7711,1287,6424,0,0,0,1.0,1,1.0,1,1.0,1,0.138260961752919,44
1784,1,7712,1288,6424,0,0,0,1.0,1,1.0,1,1.0,1,0.1645747167993315,45
1785,2,7714,1290,6424,0,0,0,1.0,1,1.0,1,1.0,1,0.21217760538433755,42
1786,6,7720,1292,6428,0,0,0,1.0,1,1.0,1,1.0,1,0.20107070081384182,43
1787,1,7721,1293,6428,0,0,0,1.0,1,1.0,1,1.0,1,0.2192474070166054,41
1788,4,7725,1294,6431,0,0,0,1.0,1,1.0,1,1.0,1,0.22072199836338116,41
1789,3,7728,1295,6433,0,0,0,1.0,1,1.0,1,1.0,1,0.20942173459242452,41
1790,4,7732,1297,6435,0,0,0,1.0,1,1.0,1,1.0,1,0.2103657700771653,41
1791,6,7738,1300,6438,0,0,0,1.0,1,1.0,1,1.0,1,0.2122612695464141,40
1792,4,7742,1301,6441,0,0,0,1.0,1,1.0,1,1.0,1,0.20813206729875375,40
1793,6,7748,1302,6446,0,0,0,1.0,1,1.0,1,1.0,1,0.20125257581768952,41
1794,5,7753,1304,6449,0,0,0,1.0,1,1.0,1,1.0,1,0.26371371856063114,41
1795,6,7759,1305,6454,0,0,0,1.0,1,1.0,1,1.0,1,0.24485473580151107,40
1796,5,7764,1307,6457,0,0,0,1.0,1,1.0,1,1.0,1,0.2775310586630908,40
1797,4,7768,1308,6460,0,0,0,1.0,1,1.0,1,1.0,1,0.28339436787286837,37
1798,3,7771,1309,6462,0,0,0,1.0,1,1.0,1,1.0,1,0.3197717408554295,37
1799,7,7778,1310,6468,0,0,0,1.0,1,1.0,1,1.0,1,0.34400927327043834,36
1800,6,7784,1310,6474,0,0,0,1.0,1,1.0,1,1.0,1,0.34251566411091955,36
1801,5,7789,1310,6479,0,0,0,1.0,1,1.0,1,1.0,1,0.21899726512663775,34
1802,2,7791,1310,6481,0,0,0,1.0,1,1.0,1,1.0,1,0.16268818044110506,33
1803,1,7792,1310,6482,0,0,0,1.0,1,1.0,1,1.0,1,0.14184995965821265,33
1804,2,7794,1310,6484,0,0,0,1.0,1,1.0,1,1.0,1,0.09285570238962064,33
1805,3,7797,1310,6487,0,0,0,1.0,1,1.0,1,1.0,1,0.09266635523516219,35
1806,2,7799,1311,6488,0,0,0,1.0,1,1.0,1,1.0,1,0.08351571919861861,35
1807,2,7801,1311,6490,0,0,0,1.0,1,1.0,1,1.0,1,0.1111287952936674,35
1808,5,7806,1311,6495,0,0,0,1.0,1,1.0,1,1.0,1,0.18793376137705425,36
1809,3,7809,1312,6497,0,0,0,1.0,1,1.0,1,1.0,1,0.1822400872089932,36
1810,6,7815,1312,6503,0,0,0,1.0,1,1.0,1,1.0,1,0.20670831227194564,35
1811,4,7819,1312,6507,0,0,0,1.0,1,1.0,1,1.0,1,0.17412145490001807,36
1812,3,7822,1312,6510,0,0,0,1.0,1,1.0,1,1.0,1,0.16761714615100307,36
1813,2,7824,1312,6512,0,0,0,1.0,1,1.0,1,1.0,1,0.17966608288852695,36
1814,1,7825,1312,6513,0,0,0,1.0,1,1.0,1,1.0,1,0.17216445550826062,34
1815,2,7827,1313,6514,0,0,0,1.0,1,1.0,1,1.0,1,0.2163092366775869,35
1816,3,7830,1314,6516,0,0,0,1.0,1,1.0,1,1.0,1,0.23066684533483325,34
1817,1,7831,1315,6516,0,0,0,1.0,1,1.0,1,1.0,1,0.2394919830176816,34
1818,3,7834,1315,6519,0,0,0,1.0,1,1.0,1,1.0,1,0.18689071841565574,34
1819,6,7840,1317,6523,0,0,0,1.0,1,1.0,1,1.0,1,0.19265942075475512,35
1820,5,7845,1317,6528,0,0,0,1.0,1,1.0,1,1.0,1,0.18908936856916236,36
1821,2,7847,1317,6530,0,0,0,1.0,1,1.0,1,1.0,1,0.1435879017393193,36
1822,1,7848,1318,6530,0,0,0,1.0,1,1.0,1,1.0,1,0.14905877585812183,37
1823,10,7858,1322,6536,0,0,0,1.0,1,1.0,1,1.0,1,0.18096630240990993,38
1824,4,7862,1324,6538,0,0,0,1.0,1,1.0,1,1.0,1,0.22366276643964153,37
1825,4,7866,1325,6541,0,0,0,1.0,1,1.0,1,1.0,1,0.22185338143162758,36
1826,1,7867,1325,6542,0,0,0,1.0,1,1.0,1,1.0,1,0.21124962047863013,35
1827,2,7869,1325,6544,0,0,0,1.0,1,1.0,1,1.0,1,0.21457525432408558,35
1828,2,7871,1326,6545,0,0,0,1.0,1,1.0,1,1.0,1,0.22617170280779286,33
1829,2,7873,1326,6547,0,0,0,1.0,1,1.0,1,1.0,1,0.21758974839260428,32
1830,5,7878,1329,6549,0,0,0,1.0,1,1.0,1,1.0,1,0.3130382271323372,32
1831,1,7879,1330,6549,0,0,0,1.0,1,1.0,1,1.0,1,0.3448317697914244,30
1832,0,7879,1330,6549,0,0,0,1.0,1,1.0,1,1.0,1,0.3448317697914244,30
1833,2,7881,1331,6550,0,0,0,1.0,1,1.0,1,1.0,1,0.36054016639663145,29
1834,1,7882,1332,6550,0,0,0,1.0,1,1.0,1,1.0,1,0.3945398860435147,28
1835,3,7885,1333,6552,0,0,0,1.0,1,1.0,1,1.0,1,0.38888381330725097,28
1836,3,7888,1334,6554,0,0,0,1.0,1,1.0,1,1.0,1,0.36690180908732434,29
1837,0,7888,1334,6554,0,0,0,1.0,1,1.0,1,1.0,1,0.36351759291948477,28
1838,3,7891,1335,6556,0,0,0,1.0,1,1.0,1,1.0,1,0.39189825169843784,28
1839,2,7893,1336,6557,0,0,0,1.0,1,1.0,1,1.0,1,0.4282988006040575,27
1840,2,7895,1336,6559,0,0,0,1.0,1,1.0,1,1.0,1,0.4285157354812498,26
1841,9,7904,1336,6568,0,0,0,1.0,1,1.0,1,1.0,1,0.16877957280348624,25
1842,2,7906,1336,6570,0,0,0,1.0,1,1.0,1,1.0,1,0.13593854210829343,26
1843,3,7909,1336,6573,0,0,0,1.0,1,1.0,1,1.0,1,0.12414786079932126,26
1844,6,7915,1338,6577,0,0,0,1.0,1,1.0,1,1.0,1,0.17239702918990726,26
1845,3,7918,1338,6580,0,0,0,1.0,1,1.0,1,1.0,1,0.19711629515123844,26
1846,4,7922,1339,6583,0,0,0,1.0,1,1.0,1,1.0,1,0.19076834192333902,26
1847,3,7925,1339,6586,0,0,0,1.0,1,1.0,1,1.0,1,0.18358953116649238,26
1848,1,7926,1339,6587,0,0,0,1.0,1,1.0,1,1.0,1,0.15004657084068412,27
1849,1,7927,1339,6588,0,0,0,1.0,1,1.0,1,1.0,1,0.18433666953789637,27
1850,2,7929,1339,6590,0,0,0,1.0,1,1.0,1,1.0,1,0.20540065991204826,28
1851,1,7930,1339,6591,0,0,0,1.0,1,1.0,1,1.0,1,0.17580776774652332,28
1852,4,7934,1339,6595,0,0,0,1.0,1,1.0,1,1.0,1,0.21095052163729397,28
1853,3,7937,1339,6598,0,0,0,1.0,1,1.0,1,1.0,1,0.1856747510624484,27
1854,2,7939,1339,6600,0,0,0,1.0,1,1.0,1,1.0,1,0.1782675938432688,28
1855,2,7941,1339,6602,0,0,0,1.0,1,1.0,1,1.0,1,0.2305956609128011,28
1856,7,7948,1340,6608,0,0,0,1.0,1,1.0,1,1.0,1,0.19670882895468292,30
1857,11,7959,1342,6617,0,0,0,1.0,1,1.0,1,1.0,1,0.32513186940499245,31
1858,15,7974,1346,6628,0,0,0,1.0,1,1.0,1,1.0,1,0.4474374228656168,31
1859,7,7981,1346,6635,0,0,0,1.0,1,1.0,1,1.0,1,0.4651736148314245,31
1860,6,7987,1346,6641,0,0,0,1.0,1,1.0,1,1.0,1,0.4529686356911332,31
1861,5,7992,1346,6646,0,0,0,1.0,1,1.0,1,1.0,1,0.36762650971423355,31
1862,4,7996,1346,6650,0,0,0,1.0,1,1.0,1,1.0,1,0.34169961720785835,31
1863,2,7998,1346,6652,0,0,0,1.0,1,1.0,1,1.0,1,0.32831887624355127,31
1864,4,8002,1348,6654,0,0,0,1.0,1,1.0,1,1.0,1,0.3510027486569679,30
1865,4,8006,1348,6658,0,0,0,1.0,1,1.0,1,1.0,1,0.3169326064334057,27
1866,5,8011,1349,6662,0,0,0,1.0,1,1.0,1,1.0,1,0.30944064213861744,28
1867,1,8012,1349,6663,0,0,0,1.0,1,1.0,1,1.0,1,0.32376094695499136,26
1868,1,8013,1349,6664,0,0,0,1.0,1,1.0,1,1.0,1,0.27154573037639995,26
1869,0,8013,1349,6664,0,0,0,1.0,1,1.0,1,1.0,1,0.30577247654112155,25
1870,1,8014,1350,6664,0,0,0,1.0,1,1.0,1,1.0,1,0.2354904180560751,25
1871,0,8014,1350,6664,0,0,0,1.0,1,1.0,1,1.0,1,0.2598808129292491,26
1872,1,8015,1351,6664,0,0,0,1.0,1,1.0,1,1.0,1,0.2958693777188642,25
1873,0,8015,1351,6664,0,0,0,1.0,1,1.0,1,1.0,1,0.33853162374829115,23
1874,0,8015,1351,6664,0,0,0,1.0,1,1.0,1,1.0,1,0.3427758295016262,23
1875,0,8015,1351,6664,0,0,0,1.0,1,1.0,1,1.0,1,0.43014933255312393,21
1876,1,8016,1351,6665,0,0,0,1.0,1,1.0,1,1.0,1,0.4073689815978631,24
1877,2,8018,1351,6667,0,0,0,1.0,1,1.0,1,1.0,1,0.4073689815978631,24
1878,2,8020,1352,6668,0,0,0,1.0,1,1.0,1,1.0,1,0.34126472485878495,26
1879,1,8021,1352,6669,0,0,0,1.0,1,1.0,1,1.0,1,0.3657427890898943,26
1880,1,8022,1352,6670,0,0,0,1.0,1,1.0,1,1.0,1,0.31691318215695985,26
1881,3,8025,1352,6673,0,0,0,1.0,1,1.0,1,1.0,1,0.21348132178340432,26
1882,0,8025,1352,6673,0,0,0,1.0,1,1.0,1,1.0,1,0.23144919845206166,25
1883,0,8025,1352,6673,0,0,0,1.0,1,1.0,1,1.0,1,0.23144919845206166,25
1884,0,8025,1352,6673,0,0,0,1.0,1,1.0,1,1.0,1,0.23144919845206166,25
1885,0,8025,1352,6673,0,0,0,1.0,1,1.0,1,1.0,1,0.23144919845206166,25
1886,0,8025,1352,6673,0,0,0,1.0,1,1.0,1,1.0,1,0.20558986761049475,26
1887,0,8025,1352,6673,0,0,0,1.0,1,1.0,1,1.0,1,0.20558986761049475,26
1888,3,8028,1353,6675,0,0,0,1.0,1,1.0,1,1.0,1,0.19436009746095326,27
1889,0,8028,1353,6675,0,0,0,1.0,1,1.0,1,1.0,1,0.22503476214610746,28
1890,0,8028,1353,6675,0,0,0,1.0,1,1.0,1,1.0,1,0.22503476214610746,28
1891,2,8030,1353,6677,0,0,0,1.0,1,1.0,1,1.0,1,0.2330757563597117,29
1892,0,8030,1353,6677,0,0,0,1.0,1,1.0,1,1.0,1,0.2330757563597117,29
1893,0,8030,1353,6677,0,0,0,1.0,1,1.0,1,1.0,1,0.2330757563597117,29
1894,0,8030,1353,6677,0,0,0,1.0,1,1.0,1,1.0,1,0.2330757563597117,29
1895,2,8032,1354,6678,0,0,0,1.0,1,1.0,1,1.0,1,0.20921397234930816,31
1896,0,8032,1354,6678,0,0,0,1.0,1,1.0,1,1.0,1,0.20921397234930816,31
1897,0,8032,1354,6678,0,0,0,1.0,1,1.0,1,1.0,1,0.20921397234930816,31
1898,0,8032,1354,6678,0,0,0,1.0,1,1.0,1,1.0,1,0.20921397234930816,31
1899,0,8032,1354,6678,0,0,0,1.0,1,1.0,1,1.0,1,0.199895820747906,32
1900,0,8032,1354,6678,0,0,0,1.0,1,1.0,1,1.0,1,0.199895820747906,32
1901,0,8032,1354,6678,0,0,0,1.0,1,1.0,1,1.0,1,0.199895820747906,32
1902,0,8032,1354,6678,0,0,0,1.0,1,1.0,1,1.0,1,0.199895820747906,32
1903,0,8032,1354,6678,0,0,0,1.0,1,1.0,1,1.0,1,0.199895820747906,32
1904,2,8034,1354,6680,0,0,0,1.0,1,1.0,1,1.0,1,0.16364591890285177,34
1905,0,8034,1354,6680,0,0,0,1.0,1,1.0,1,1.0,1,0.16364591890285177,34
1906,0,8034,1354,6680,0,0,0,1.0,1,1.0,1,1.0,1,0.17565858254829714,35
1907,0,8034,1354,6680,0,0,0,1.0,1,1.0,1,1.0,1,0.1937734619222155,36
1908,1,8035,1354,6681,0,0,0,1.0,1,1.0,1,1.0,1,0.17079992833241128,36
1909,1,8036,1354,6682,0,0,0,1.0,1,1.0,1,1.0,1,0.1442352725123923,37
1910,3,8039,1355,6684,0,0,0,1.0,1,1.0,1,1.0,1,0.15107834331673495,38
1911,0,8039,1355,6684,0,0,0,1.0,1,1.0,1,1.0,1,0.15267503621702547,37
1912,4,8043,1356,6687,0,0,0,1.0,1,1.0,1,1.0,1,0.14162938916672493,37
1913,1,8044,1356,6688,0,0,0,1.0,1,1.0,1,1.0,1,0.13667947199282718,36
1914,1,8045,1356,6689,0,0,0,1.0,1,1.0,1,1.0,1,0.15886412107402578,37
1915,1,8046,1357,6689,0,0,0,1.0,1,1.0,1,1.0,1,0.1885707752139691,37
1916,3,8049,1359,6690,0,0,0,1.0,1,1.0,1,1.0,1,0.1679273624057141,39
1917,2,8051,1360,6691,0,0,0,1.0,1,1.0,1,1.0,1,0.20697645077463975,38
1918,1,8052,1361,6691,0,0,0,1.0,1,1.0,1,1.0,1,0.24172984033730083,38
1919,4,8056,1363,6693,0,0,0,1.0,1,1.0,1,1.0,1,0.27804364832724343,38
1920,3,8059,1363,6696,0,0,0,1.0,1,1.0,1,1.0,1,0.25957920740915535,39
1921,4,8063,1363,6700,0,0,0,1.0,1,1.0,1,1.0,1,0.15540191194617534,38
1922,1,8064,1363,6701,0,0,0,1.0,1,1.0,1,1.0,1,0.1523542798678084,39
1923,4,8068,1365,6703,0,0,0,1.0,1,1.0,1,1.0,1,0.18664770258709165,40
1924,1,8069,1365,6704,0,0,0,1.0,1,1.0,1,1.0,1,0.16816733322524105,40
1925,3,8072,1366,6706,0,0,0,1.0,1,1.0,1,1.0,1,0.21417957288269357,40
1926,4,8076,1366,6710,0,0,0,1.0,1,1.0,1,1.0,1,0.2142167872605235,40
1927,2,8078,1367,6711,0,0,0,1.0,1,1.0,1,1.0,1,0.1897086229247343,41
1928,2,8080,1368,6712,0,0,0,1.0,1,1.0,1,1.0,1,0.23543278990118652,41
1929,4,8084,1368,6716,0,0,0,1.0,1,1.0,1,1.0,1,0.2342209417415146,40
1930,3,8087,1369,6718,0,0,0,1.0,1,1.0,1,1.0,1,0.24988406660097637,40
1931,0,8087,1369,6718,0,0,0,1.0,1,1.0,1,1.0,1,0.24988406660097637,40
1932,1,8088,1369,6719,0,0,0,1.0,1,1.0,1,1.0,1,0.21803014062171153,40
1933,2,8090,1370,6720,0,0,0,1.0,1,1.0,1,1.0,1,0.2295284435495731,42
1934,2,8092,1370,6722,0,0,0,1.0,1,1.0,1,1.0,1,0.23451443653207932,44
1935,1,8093,1370,6723,0,0,0,1.0,1,1.0,1,1.0,1,0.22627453269702227,44
1936,9,8102,1371,6731,0,0,0,1.0,1,1.0,1,1.0,1,0.20040097242108798,46
1937,5,8107,1371,6736,0,0,0,1.0,1,1.0,1,1.0,1,0.18857808392495873,47
1938,6,8113,1373,6740,0,0,0,1.0,1,1.0,1,1.0,1,0.21542008629217257,47
1939,6,8119,1373,6746,0,0,0,1.0,1,1.0,1,1.0,1,0.20312357831617914,47
1940,6,8125,1373,6752,0,0,0,1.0,1,1.0,1,1.0,1,0.15794166670526996,47
1941,5,8130,1374,6756,0,0,0,1.0,1,1.0,1,1.0,1,0.13752423444626435,47
1942,4,8134,1376,6758,0,0,0,1.0,1,1.0,1,1.0,1,0.17961645485312927,49
1943,3,8137,1377,6760,0,0,0,1.0,1,1.0,1,1.0,1,0.16731973528728328,47
1944,4,8141,1379,6762,0,0,0,1.0,1,1.0,1,1.0,1,0.16437277719110466,47
1945,1,8142,1380,6762,0,0,0,1.0,1,1.0,1,1.0,1,0.18601426036929034,45
1946,1,8143,1380,6763,0,0,0,1.0,1,1.0,1,1.0,1,0.1757320521006445,45
1947,3,8146,1381,6765,0,0,0,1.0,1,1.0,1,1.0,1,0.21939291195816718,45
1948,1,8147,1381,6766,0,0,0,1.0,1,1.0,1,1.0,1,0.21239762743039617,45
1949,5,8152,1383,6769,0,0,0,1.0,1,1.0,1,1.0,1,0.21964690574962534,42
1950,5,8157,1385,6772,0,0,0,1.0,1,1.0,1,1.0,1,0.18497021531402744,42
1951,1,8158,1386,6772,0,0,0,1.0,1,1.0,1,1.0,1,0.21936900257783853,38
1952,3,8161,1389,6772,0,0,0,1.0,1,1.0,1,1.0,1,0.2728332647421395,36
1953,4,8165,1389,6776,0,0,0,1.0,1,1.0,1,1.0,1,0.2435761980207216,35
1954,2,8167,1390,6777,0,0,0,1.0,1,1.0,1,1.0,1,0.28588143726047915,32
1955,1,8168,1390,6778,0,0,0,1.0,1,1.0,1,1.0,1,0.2512990927856457,33
1956,1,8169,1391,6778,0,0,0,1.0,1,1.0,1,1.0,1,0.2708669586577039,31
1957,1,8170,1392,6778,0,0,0,1.0,1,1.0,1,1.0,1,0.22270293344332018,33
1958,2,8172,1394,6778,0,0,0,1.0,1,1.0,1,1.0,1,0.2761046796756814,34
1959,0,8172,1394,6778,0,0,0,1.0,1,1.0,1,1.0,1,0.2537024445023409,35
1960,3,8175,1397,6778,0,0,0,1.0,1,1.0,1,1.0,1,0.25488122923522016,36
1961,5,8180,1398,6782,0,0,0,1.0,1,1.0,1,1.0,1,0.14446155309319825,36
1962,0,8180,1398,6782,0,0,0,1.0,1,1.0,1,1.0,1,0.16672973710116906,35
1963,2,8182,1398,6784,0,0,0,1.0,1,1.0,1,1.0,1,0.13840737342013099,36
1964,0,8182,1398,6784,0,0,0,1.0,1,1.0,1,1.0,1,0.16914822155621098,35
1965,2,8184,1398,6786,0,0,0,1.0,1,1.0,1,1.0,1,0.1434009121475606,36
1966,2,8186,1399,6787,0,0,0,1.0,1,1.0,1,1.0,1,0.16667623838918946,36
1967,1,8187,1400,6787,0,0,0,1.0,1,1.0,1,1.0,1,0.1839080609594699,36
1968,2,8189,1400,6789,0,0,0,1.0,1,1.0,1,1.0,1,0.1638351028579842,37
1969,1,8190,1401,6789,0,0,0,1.0,1,1.0,1,1.0,1,0.18583186556246392,37
1970,1,8191,1401,6790,0,0,0,1.0,1,1.0,1,1.0,1,0.2269588115637424,38
1971,0,8191,1401,6790,0,0,0,1.0,1,1.0,1,1.0,1,0.23689425783809087,37
1972,0,8191,1401,6790,0,0,0,1.0,1,1.0,1,1.0,1,0.23689425783809087,37
1973,6,8197,1403,6794,0,0,0,1.0,1,1.0,1,1.0,1,0.20263131960093705,37
1974,2,8199,1404,6795,0,0,0,1.0,1,1.0,1,1.0,1,0.2405810237558018,38
1975,3,8202,1404,6798,0,0,0,1.0,1,1.0,1,1.0,1,0.20463378559909165,37
1976,5,8207,1404,6803,0,0,0,1.0,1,1.0,1,1.0,1,0.17720992981693418,39
1977,1,8208,1404,6804,0,0,0,1.0,1,1.0,1,1.0,1,0.17367791048574588,42
1978,2,8210,1405,6805,0,0,0,1.0,1,1.0,1,1.0,1,0.16773111481493824,42
1979,1,8211,1405,6806,0,0,0,1.0,1,1.0,1,1.0,1,0.1666872190991191,42
1980,2,8213,1405,6808,0,0,0,1.0,1,1.0,1,1.0,1,0.17945009532326633,43
1981,4,8217,1405,6812,0,0,0,1.0,1,1.0,1,1.0,1,0.1334713066828593,44
1982,6,8223,1408,6815,0,0,0,1.0,1,1.0,1,1.0,1,0.10960500826154396,44
1983,1,8224,1409,6815,0,0,0,1.0,1,1.0,1,1.0,1,0.10845177980314244,44
1984,1,8225,1410,6815,0,0,0,1.0,1,1.0,1,1.0,1,0.1440194066524736,42
1985,2,8227,1412,6815,0,0,0,1.0,1,1.0,1,1.0,1,0.12375626019651641,41
1986,2,8229,1414,6815,0,0,0,1.0,1,1.0,1,1.0,1,0.15588918279274602,40
1987,2,8231,1415,6816,0,0,0,1.0,1,1.0,1,1.0,1,0.1930821885387405,37
1988,4,8235,1419,6816,0,0,0,1.0,1,1.0,1,1.0,1,0.1792678533923651,35
1989,0,8235,1419,6816,0,0,0,1.0,1,1.0,1,1.0,1,0.17736864426159052,32
1990,0,8235,1419,6816,0,0,0,1.0,1,1.0,1,1.0,1,0.1751863962077926,31
1991,0,8235,1419,6816,0,0,0,1.0,1,1.0,1,1.0,1,0.16168864883251627,32
1992,1,8236,1420,6816,0,0,0,1.0,1,1.0,1,1.0,1,0.1862667974697285,32
1993,2,8238,1422,6816,0,0,0,1.0,1,1.0,1,1.0,1,0.2477858934555403,32
1994,0,8238,1422,6816,0,0,0,1.0,1,1.0,1,1.0,1,0.2560080758451572,31
1995,1,8239,1422,6817,0,0,0,1.0,1,1.0,1,1.0,1,0.23932435292732773,32
1996,1,8240,1423,6817,0,0,0,1.0,1,1.0,1,1.0,1,0.21534631760898432,32
1997,0,8240,1423,6817,0,0,0,1.0,1,1.0,1,1.0,1,0.2448319986714153,31
1998,1,8241,1423,6818,0,0,0,1.0,1,1.0,1,1.0,1,0.2462127738598057,32
1999,1,8242,1423,6819,0,0,0,1.0,1,1.0,1,1.0,1,0.22831825788736196,31
2000,0,8242,1423,6819,0,0,0,1.0,1,1.0,1,1.0,1,0.21512279840862072,30
2001,1,8243,1423,6820,0,0,0,1.0,1,1.0,1,1.0,1,0.2039721119228168,29
2002,1,8244,1423,6821,0,0,0,1.0,1,1.0,1,1.0,1,0.1895224116306548,31
2003,3,8247,1424,6823,0,0,0,1.0,1,1.0,1,1.0,1,0.17691603438194303,33
2004,4,8251,1425,6826,0,0,0,1.0,1,1.0,1,1.0,1,0.18582652886095327,34
2005,2,8253,1425,6828,0,0,0,1.0,1,1.0,1,1.0,1,0.2245985954776975,35
2006,1,8254,1426,6828,0,0,0,1.0,1,1.0,1,1.0,1,0.22762542927850257,36
2007,2,8256,1427,6829,0,0,0,1.0,1,1.0,1,1.0,1,0.2248049967826153,36
2008,5,8261,1429,6832,0,0,0,1.0,1,1.0,1,1.0,1,0.22620198492633828,36
2009,2,8263,1429,6834,0,0,0,1.0,1,1.0,1,1.0,1,0.1939040505572421,37
2010,4,8267,1430,6837,0,0,0,1.0,1,1.0,1,1.0,1,0.173973247707768,37
2011,2,8269,1430,6839,0,0,0,1.0,1,1.0,1,1.0,1,0.21294757149265292,37
2012,1,8270,1430,6840,0,0,0,1.0,1,1.0,1,1.0,1,0.21233513556841482,37
2013,2,8272,1430,6842,0,0,0,1.0,1,1.0,1,1.0,1,0.20916557802599306,39
2014,4,8276,1430,6846,0,0,0,1.0,1,1.0,1,1.0,1,0.22553593946047085,39
2015,10,8286,1431,6855,0,0,0,1.0,1,1.0,1,1.0,1,0.29172222648601426,39
2016,10,8296,1431,6865,0,0,0,1.0,1,1.0,1,1.0,1,0.22606272478212608,41
2017,8,8304,1431,6873,0,0,0,1.0,1,1.0,1,1.0,1,0.23384526138989928,41
2018,9,8313,1433,6880,0,0,0,1.0,1,1.0,1,1.0,1,0.2143275469797294,42
2019,5,8318,1433,6885,0,0,0,1.0,1,1.0,1,1.0,1,0.17573957744027113,43
2020,8,8326,1434,6892,0,0,0,1.0,1,1.0,1,1.0,1,0.18601698450550644,43
2021,3,8329,1434,6895,0,0,0,1.0,1,1.0,1,1.0,1,0.14420320872032047,43
2022,2,8331,1435,6896,0,0,0,1.0,1,1.0,1,1.0,1,0.1431079280038712,44
2023,2,8333,1437,6896,0,0,0,1.0,1,1.0,1,1.0,1,0.21415988213919196,42
2024,3,8336,1440,6896,0,0,0,1.0,1,1.0,1,1.0,1,0.2609049929996728,41
2025,4,8340,1441,6899,0,0,0,1.0,1,1.0,1,1.0,1,0.26650715225711685,39
2026,6,8346,1442,6904,0,0,0,1.0,1,1.0,1,1.0,1,0.17858967807532075,39
2027,3,8349,1443,6906,0,0,0,1.0,1,1.0,1,1.0,1,0.21407614098473593,38
2028,2,8351,1443,6908,0,0,0,1.0,1,1.0,1,1.0,1,0.22275200674987944,37
2029,1,8352,1443,6909,0,0,0,1.0,1,1.0,1,1.0,1,0.19031664277203153,35
2030,1,8353,1443,6910,0,0,0,1.0,1,1.0,1,1.0,1,0.2545304339528336,32
2031,2,8355,1445,6910,0,0,0,1.0,1,1.0,1,1.0,1,0.3042974031819438,34
2032,7,8362,1447,6915,0,0,0,1.0,1,1.0,1,1.0,1,0.3773321791575764,35
2033,6,8368,1450,6918,0,0,0,1.0,1,1.0,1,1.0,1,0.41873920885415,35
2034,3,8371,1451,6920,0,0,0,1.0,1,1.0,1,1.0,1,0.39391752635606575,35
2035,8,8379,1454,6925,0,0,0,1.0,1,1.0,1,1.0,1,0.3629451969791927,36
2036,4,8383,1454,6929,0,0,0,1.0,1,1.0,1,1.0,1,0.30749038715303356,35
2037,4,8387,1455,6932,0,0,0,1.0,1,1.0,1,1.0,1,0.30960828523292067,36
2038,4,8391,1455,6936,0,0,0,1.0,1,1.0,1,1.0,1,0.28936914620791465,38
2039,2,8393,1455,6938,0,0,0,1.0,1,1.0,1,1.0,1,0.31067747003313095,38
2040,1,8394,1455,6939,0,0,0,1.0,1,1.0,1,1.0,1,0.2971640224729984,37
2041,7,8401,1455,6946,0,0,0,1.0,1,1.0,1,1.0,1,0.2055907153937611,38
2042,2,8403,1455,6948,0,0,0,1.0,1,1.0,1,1.0,1,0.18304247708546975,38
2043,1,8404,1455,6949,0,0,0,1.0,1,1.0,1,1.0,1,0.1963123450925899,38
2044,4,8408,1455,6953,0,0,0,1.0,1,1.0,1,1.0,1,0.1582444747767878,39
2045,1,8409,1455,6954,0,0,0,1.0,1,1.0,1,1.0,1,0.17981868145091437,40
2046,2,8411,1455,6956,0,0,0,1.0,1,1.0,1,1.0,1,0.1428384113232405,41
2047,1,8412,1455,6957,0,0,0,1.0,1,1.0,1,1.0,1,0.13724357201546303,41
2048,4,8416,1455,6961,0,0,0,1.0,1,1.0,1,1.0,1,0.08613542065060453,43
2049,2,8418,1456,6962,0,0,0,1.0,1,1.0,1,1.0,1,0.10082388982815069,43
2050,4,8422,1456,6966,0,0,0,1.0,1,1.0,1,1.0,1,0.09912635583400427,43
2051,3,8425,1457,6968,0,0,0,1.0,1,1.0,1,1.0,1,0.14086437540504151,43
2052,2,8427,1457,6970,0,0,0,1.0,1,1.0,1,1.0,1,0.17113854002499795,44
2053,5,8432,1458,6974,0,0,0,1.0,1,1.0,1,1.0,1,0.22279333817255345,43
2054,12,8444,1459,6985,0,0,0,1.0,1,1.0,1,1.0,1,0.21250573968334738,44
2055,10,8454,1459,6995,0,0,0,1.0,1,1.0,1,1.0,1,0.24821293801269362,43
2056,8,8462,1460,7002,0,0,0,1.0,1,1.0,1,1.0,1,0.170512271786256,44
2057,10,8472,1460,7012,0,0,0,1.0,1,1.0,1,1.0,1,0.1911837166060675,44
2058,5,8477,1460,7017,0,0,0,1.0,1,1.0,1,1.0,1,0.20989461474596663,44
2059,6,8483,1460,7023,0,0,0,1.0,1,1.0,1,1.0,1,0.20891242543778735,45
2060,6,8489,1461,7028,0,0,0,1.0,1,1.0,1,1.0,1,0.27399096314661014,46
2061,16,8505,1462,7043,0,0,0,1.0,1,1.0,1,1.0,1,0.09689911516971632,48
2062,6,8511,1462,7049,0,0,0,1.0,1,1.0,1,1.0,1,0.09689911516971632,48
2063,3,8514,1462,7052,0,0,0,1.0,1,1.0,1,1.0,1,0.14740578049487754,45
2064,3,8517,1463,7054,0,0,0,1.0,1,1.0,1,1.0,1,0.08582864280475413,44
2065,3,8520,1463,7057,0,0,0,1.0,1,1.0,1,1.0,1,0.12119333761150801,42
2066,5,8525,1467,7058,0,0,0,1.0,1,1.0,1,1.0,1,0.09973432129526548,42
2067,5,8530,1468,7062,0,0,0,1.0,1,1.0,1,1.0,1,0.10132723758591566,38
2068,2,8532,1470,7062,0,0,0,1.0,1,1.0,1,1.0,1,0.09253439080647022,37
2069,1,8533,1471,7062,0,0,0,1.0,1,1.0,1,1.0,1,0.12836986939571182,35
2070,0,8533,1471,7062,0,0,0,1.0,1,1.0,1,1.0,1,0.12912067895317056,35
2071,4,8537,1472,7065,0,0,0,1.0,1,1.0,1,1.0,1,0.21987108354276455,34
2072,5,8542,1473,7069,0,0,0,1.0,1,1.0,1,1.0,1,0.25377605307391277,35
2073,3,8545,1474,7071,0,0,0,1.0,1,1.0,1,1.0,1,0.24684244403259958,37
2074,2,8547,1474,7073,0,0,0,1.0,1,1.0,1,1.0,1,0.21805964750239923,36
2075,1,8548,1474,7074,0,0,0,1.0,1,1.0,1,1.0,1,0.20023394175762768,38
2076,2,8550,1474,7076,0,0,0,1.0,1,1.0,1,1.0,1,0.17229053086816998,37
2077,3,8553,1474,7079,0,0,0,1.0,1,1.0,1,1.0,1,0.17739424414363525,37
2078,3,8556,1474,7082,0,0,0,1.0,1,1.0,1,1.0,1,0.18667150358515697,37
2079,1,8557,1475,7082,0,0,0,1.0,1,1.0,1,1.0,1,0.1741301632402053,37
2080,4,8561,1475,7086,0,0,0,1.0,1,1.0,1,1.0,1,0.18921828073911112,36
2081,4,8565,1477,7088,0,0,0,1.0,1,1.0,1,1.0,1,0.176313892361317,37
2082,4,8569,1478,7091,0,0,0,1.0,1,1.0,1,1.0,1,0.2069467378447465,38
2083,7,8576,1480,7096,0,0,0,1.0,1,1.0,1,1.0,1,0.2284495322273085,39
2084,8,8584,1480,7104,0,0,0,1.0,1,1.0,1,1.0,1,0.2164646661753549,41
2085,8,8592,1481,7111,0,0,0,1.0,1,1.0,1,1.0,1,0.22252350974725416,41
2086,8,8600,1481,7119,0,0,0,1.0,1,1.0,1,1.0,1,0.1605996789570623,44
2087,8,8608,1482,7126,0,0,0,1.0,1,1.0,1,1.0,1,0.21415450654582133,44
2088,8,8616,1482,7134,0,0,0,1.0,1,1.0,1,1.0,1,0.19425720812731298,45
2089,8,8624,1483,7141,0,0,0,1.0,1,1.0,1,1.0,1,0.20930937726056809,46
2090,5,8629,1483,7146,0,0,0,1.0,1,1.0,1,1.0,1,0.24372154202072022,47
2091,6,8635,1483,7152,0,0,0,1.0,1,1.0,1,1.0,1,0.19156943647028027,48
2092,6,8641,1483,7158,0,0,0,1.0,1,1.0,1,1.0,1,0.23275824576741552,48
2093,11,8652,1483,7169,0,0,0,1.0,1,1.0,1,1.0,1,0.19176651370626321,48
2094,5,8657,1483,7174,0,0,0,1.0,1,1.0,1,1.0,1,0.16553107387687369,47
2095,10,8667,1483,7184,0,0,0,1.0,1,1.0,1,1.0,1,0.14731293404051624,49
2096,8,8675,1484,7191,0,0,0,1.0,1,1.0,1,1.0,1,0.15046998442428447,50
2097,6,8681,1484,7197,0,0,0,1.0,1,1.0,1,1.0,1,0.1723053431918225,50
2098,5,8686,1484,7202,0,0,0,1.0,1,1.0,1,1.0,1,0.1631912581332692,51
2099,5,8691,1485,7206,0,0,0,1.0,1,1.0,1,1.0,1,0.21138223258403688,50
2100,8,8699,1488,7211,0,0,0,1.0,1,1.0,1,1.0,1,0.23852080645270773,49
2101,7,8706,1488,7218,0,0,0,1.0,1,1.0,1,1.0,1,0.20819580066413587,48
2102,14,8720,1491,7229,0,0,0,1.0,1,1.0,1,1.0,1,0.13986449629051662,49
2103,5,8725,1491,7234,0,0,0,1.0,1,1.0,1,1.0,1,0.15021433297950446,44
2104,3,8728,1491,7237,0,0,0,1.0,1,1.0,1,1.0,1,0.18005998680294183,42
2105,1,8729,1491,7238,0,0,0,1.0,1,1.0,1,1.0,1,0.19706578259504423,40
2106,4,8733,1493,7240,0,0,0,1.0,1,1.0,1,1.0,1,0.2249375410757429,39
2107,5,8738,1494,7244,0,0,0,1.0,1,1.0,1,1.0,1,0.23518368030704567,37
2108,2,8740,1495,7245,0,0,0,1.0,1,1.0,1,1.0,1,0.21584135677475846,37
2109,6,8746,1497,7249,0,0,0,1.0,1,1.0,1,1.0,1,0.23071694157355493,36
2110,5,8751,1497,7254,0,0,0,1.0,1,1.0,1,1.0,1,0.2791997367846418,35
2111,2,8753,1498,7255,0,0,0,1.0,1,1.0,1,1.0,1,0.23516863071420793,35
2112,2,8755,1499,7256,0,0,0,1.0,1,1.0,1,1.0,1,0.2376609122410076,35
2113,1,8756,1500,7256,0,0,0,1.0,1,1.0,1,1.0,1,0.24205443162755558,35
2114,2,8758,1500,7258,0,0,0,1.0,1,1.0,1,1.0,1,0.22641662155404396,36
2115,1,8759,1500,7259,0,0,0,1.0,1,1.0,1,1.0,1,0.24485569180188044,37
2116,7,8766,1501,7265,0,0,0,1.0,1,1.0,1,1.0,1,0.19771497613847114,39
2117,4,8770,1501,7269,0,0,0,1.0,1,1.0,1,1.0,1,0.18250679427745312,39
2118,2,8772,1502,7270,0,0,0,1.0,1,1.0,1,1.0,1,0.21853357503635598,41
2119,4,8776,1503,7273,0,0,0,1.0,1,1.0,1,1.0,1,0.233732592024252,42
2120,3,8779,1503,7276,0,0,0,1.0,1,1.0,1,1.0,1,0.22200841140699198,42
2121,8,8787,1504,7283,0,0,0,1.0,1,1.0,1,1.0,1,0.15596879702655908,42
2122,4,8791,1504,7287,0,0,0,1.0,1,1.0,1,1.0,1,0.11845086618921775,43
2123,6,8797,1504,7293,0,0,0,1.0,1,1.0,1,1.0,1,0.14396674842746515,42
2124,5,8802,1504,7298,0,0,0,1.0,1,1.0,1,1.0,1,0.1482444587319844,42
2125,2,8804,1504,7300,0,0,0,1.0,1,1.0,1,1.0,1,0.18411569311159906,41
2126,4,8808,1504,7304,0,0,0,1.0,1,1.0,1,1.0,1,0.18411569311159906,41
2127,4,8812,1504,7308,0,0,0,1.0,1,1.0,1,1.0,1,0.18411569311159906,41
2128,4,8816,1504,7312,0,0,0,1.0,1,1.0,1,1.0,1,0.18066208595637562,42
2129,4,8820,1504,7316,0,0,0,1.0,1,1.0,1,1.0,1,0.1952029289995689,43
2130,5,8825,1504,7321,0,0,0,1.0,1,1.0,1,1.0,1,0.17951518354014145,45
2131,3,8828,1505,7323,0,0,0,1.0,1,1.0,1,1.0,1,0.16366872520455578,44
2132,3,8831,1505,7326,0,0,0,1.0,1,1.0,1,1.0,1,0.20313306291997468,44
2133,4,8835,1505,7330,0,0,0,1.0,1,1.0,1,1.0,1,0.16126622479747615,45
2134,2,8837,1505,7332,0,0,0,1.0,1,1.0,1,1.0,1,0.212841427926211,45
2135,2,8839,1505,7334,0,0,0,1.0,1,1.0,1,1.0,1,0.1737985325056413,46
2136,4,8843,1506,7337,0,0,0,1.0,1,1.0,1,1.0,1,0.20105474578343244,47
2137,5,8848,1508,7340,0,0,0,1.0,1,1.0,1,1.0,1,0.18524223972601192,47
2138,8,8856,1510,7346,0,0,0,1.0,1,1.0,1,1.0,1,0.2334188409316161,45
2139,4,8860,1511,7349,0,0,0,1.0,1,1.0,1,1.0,1,0.18609669840639867,45
2140,3,8863,1512,7351,0,0,0,1.0,1,1.0,1,1.0,1,0.22678242309299393,44
2141,6,8869,1512,7357,0,0,0,1.0,1,1.0,1,1.0,1,0.12001907112973975,45
2142,1,8870,1512,7358,0,0,0,1.0,1,1.0,1,1.0,1,0.10549216984568859,46
2143,2,8872,1512,7360,0,0,0,1.0,1,1.0,1,1.0,1,0.07510509655772969,46
2144,1,8873,1513,7360,0,0,0,1.0,1,1.0,1,1.0,1,0.08153778928520691,48
2145,3,8876,1514,7362,0,0,0,1.0,1,1.0,1,1.0,1,0.0692130342960533,46
2146,2,8878,1515,7363,0,0,0,1.0,1,1.0,1,1.0,1,0.06537087322402041,45
2147,7,8885,1519,7366,0,0,0,1.0,1,1.0,1,1.0,1,0.16782841862306155,44
2148,5,8890,1522,7368,0,0,0,1.0,1,1.0,1,1.0,1,0.14135428909084005,44
2149,9,8899,1526,7373,0,0,0,1.0,1,1.0,1,1.0,1,0.15998524759679,42
2150,3,8902,1527,7375,0,0,0,1.0,1,1.0,1,1.0,1,0.13115039827296127,40
2151,1,8903,1528,7375,0,0,0,1.0,1,1.0,1,1.0,1,0.11001537014444976,39
2152,3,8906,1529,7377,0,0,0,1.0,1,1.0,1,1.0,1,0.0931317885161874,40
2153,5,8911,1530,7381,0,0,0,1.0,1,1.0,1,1.0,1,0.13000041409128194,42
2154,2,8913,1531,7382,0,0,0,1.0,1,1.0,1,1.0,1,0.18481786879277928,42
2155,2,8915,1532,7383,0,0,0,1.0,1,1.0,1,1.0,1,0.1704709604364851,41
2156,1,8916,1532,7384,0,0,0,1.0,1,1.0,1,1.0,1,0.18109852152527234,40
2157,3,8919,1533,7386,0,0,0,1.0,1,1.0,1,1.0,1,0.22315047930707171,40
2158,4,8923,1534,7389,0,0,0,1.0,1,1.0,1,1.0,1,0.1918849621060805,38
2159,3,8926,1534,7392,0,0,0,1.0,1,1.0,1,1.0,1,0.17162190251102635,38
2160,1,8927,1535,7392,0,0,0,1.0,1,1.0,1,1.0,1,0.17562976158912147,38
2161,5,8932,1536,7396,0,0,0,1.0,1,1.0,1,1.0,1,0.10124345225645116,38
2162,2,8934,1537,7397,0,0,0,1.0,1,1.0,1,1.0,1,0.11087704196491745,38
2163,4,8938,1539,7399,0,0,0,1.0,1,1.0,1,1.0,1,0.15489650530909058,40
2164,4,8942,1541,7401,0,0,0,1.0,1,1.0,1,1.0,1,0.151232931959949,41
2165,1,8943,1541,7402,0,0,0,1.0,1,1.0,1,1.0,1,0.18516858747964818,42
2166,2,8945,1541,7404,0,0,0,1.0,1,1.0,1,1.0,1,0.18516858747964818,42
2167,3,8948,1541,7407,0,0,0,1.0,1,1.0,1,1.0,1,0.1195947774213754,43
2168,4,8952,1541,7411,0,0,0,1.0,1,1.0,1,1.0,1,0.1553846486238403,43
2169,7,8959,1541,7418,0,0,0,1.0,1,1.0,1,1.0,1,0.17324327092147476,45
2170,7,8966,1542,7424,0,0,0,1.0,1,1.0,1,1.0,1,0.14974189930169574,46
2171,8,8974,1542,7432,0,0,0,1.0,1,1.0,1,1.0,1,0.18935197669395498,48
2172,5,8979,1542,7437,0,0,0,1.0,1,1.0,1,1.0,1,0.15789486206991454,49
2173,6,8985,1544,7441,0,0,0,1.0,1,1.0,1,1.0,1,0.19470478641090197,49
2174,7,8992,1544,7448,0,0,0,1.0,1,1.0,1,1.0,1,0.165733727400571,49
2175,5,8997,1544,7453,0,0,0,1.0,1,1.0,1,1.0,1,0.20328629903089318,49
2176,11,9008,1545,7463,0,0,0,1.0,1,1.0,1,1.0,1,0.1954610657428135,51
2177,8,9016,1546,7470,0,0,0,1.0,1,1.0,1,1.0,1,0.2260961938234036,51
2178,9,9025,1547,7478,0,0,0,1.0,1,1.0,1,1.0,1,0.22642749068521645,50
2179,6,9031,1548,7483,0,0,0,1.0,1,1.0,1,1.0,1,0.15541084657414642,49
2180,9,9040,1548,7492,0,0,0,1.0,1,1.0,1,1.0,1,0.16344629966973803,47
2181,4,9044,1550,7494,0,0,0,1.0,1,1.0,1,1.0,1,0.14507768067316473,47
2182,3,9047,1552,7495,0,0,0,1.0,1,1.0,1,1.0,1,0.1577701408940101,45
2183,1,9048,1553,7495,0,0,0,1.0,1,1.0,1,1.0,1,0.1607076034342527,44
2184,5,9053,1554,7499,0,0,0,1.0,1,1.0,1,1.0,1,0.14266895962168635,43
2185,5,9058,1558,7500,0,0,0,1.0,1,1.0,1,1.0,1,0.17876227472836786,40
2186,2,9060,1559,7501,0,0,0,1.0,1,1.0,1,1.0,1,0.18589222555108975,38
2187,3,9063,1562,7501,0,0,0,1.0,1,1.0,1,1.0,1,0.17747004989160142,35
2188,4,9067,1566,7501,0,0,0,1.0,1,1.0,1,1.0,1,0.22556349553792207,34
2189,1,9068,1567,7501,0,0,0,1.0,1,1.0,1,1.0,1,0.22224176410615204,31
2190,3,9071,1569,7502,0,0,0,1.0,1,1.0,1,1.0,1,0.21599198979396597,29
2191,0,9071,1569,7502,0,0,0,1.0,1,1.0,1,1.0,1,0.21949156451304375,28
2192,1,9072,1570,7502,0,0,0,1.0,1,1.0,1,1.0,1,0.2683764756184085,29
2193,1,9073,1571,7502,0,0,0,1.0,1,1.0,1,1.0,1,0.3107936918210667,28
2194,0,9073,1571,7502,0,0,0,1.0,1,1.0,1,1.0,1,0.3177826860003253,27
2195,3,9076,1574,7502,0,0,0,1.0,1,1.0,1,1.0,1,0.3762403308645375,27
2196,4,9080,1575,7505,0,0,0,1.0,1,1.0,1,1.0,1,0.3719142247817287,27
2197,0,9080,1575,7505,0,0,0,1.0,1,1.0,1,1.0,1,0.3719142247817287,27
2198,0,9080,1575,7505,0,0,0,1.0,1,1.0,1,1.0,1,0.34516917447469986,28
2199,0,9080,1575,7505,0,0,0,1.0,1,1.0,1,1.0,1,0.36716104163093904,29
2200,1,9081,1575,7506,0,0,0,1.0,1,1.0,1,1.0,1,0.38527180934790417,31
2201,8,9089,1576,7513,0,0,0,1.0,1,1.0,1,1.0,1,0.21496299466266827,32
2202,1,9090,1577,7513,0,0,0,1.0,1,1.0,1,1.0,1,0.2560236225880983,31
2203,1,9091,1577,7514,0,0,0,1.0,1,1.0,1,1.0,1,0.2150807283118352,32
2204,1,9092,1578,7514,0,0,0,1.0,1,1.0,1,1.0,1,0.25910308036089386,32
2205,1,9093,1579,7514,0,0,0,1.0,1,1.0,1,1.0,1,0.2862334983584227,33
2206,0,9093,1579,7514,0,0,0,1.0,1,1.0,1,1.0,1,0.2819717161542013,32
2207,1,9094,1579,7515,0,0,0,1.0,1,1.0,1,1.0,1,0.2574183646512408,33
2208,6,9100,1580,7520,0,0,0,1.0,1,1.0,1,1.0,1,0.23770770002369307,35
2209,6,9106,1581,7525,0,0,0,1.0,1,1.0,1,1.0,1,0.2779911658560152,36
2210,6,9112,1581,7531,0,0,0,1.0,1,1.0,1,1.0,1,0.29946835058059945,35
2211,9,9121,1581,7540,0,0,0,1.0,1,1.0,1,1.0,1,0.25639943723771397,36
2212,7,9128,1581,7547,0,0,0,1.0,1,1.0,1,1.0,1,0.29139724878222584,37
2213,11,9139,1581,7558,0,0,0,1.0,1,1.0,1,1.0,1,0.30393358021296774,37
2214,15,9154,1581,7573,0,0,0,1.0,1,1.0,1,1.0,1,0.32013655065920604,39
2215,9,9163,1582,7581,0,0,0,1.0,1,1.0,1,1.0,1,0.33568534000391637,36
2216,5,9168,1582,7586,0,0,0,1.0,1,1.0,1,1.0,1,0.3353351766465118,37
2217,8,9176,1585,7591,0,0,0,1.0,1,1.0,1,1.0,1,0.3430972878518016,35
2218,11,9187,1587,7600,0,0,0,1.0,1,1.0,1,1.0,1,0.39168741278853547,35
2219,9,9196,1587,7609,0,0,0,1.0,1,1.0,1,1.0,1,0.37416174651705003,33
2220,2,9198,1587,7611,0,0,0,1.0,1,1.0,1,1.0,1,0.37328615387250247,31
2221,6,9204,1587,7617,0,0,0,1.0,1,1.0,1,1.0,1,0.16271903964676798,31
2222,1,9205,1587,7618,0,0,0,1.0,1,1.0,1,1.0,1,0.15569643826990534,30
2223,3,9208,1588,7620,0,0,0,1.0,1,1.0,1,1.0,1,0.08539458170070392,28
2224,5,9213,1590,7623,0,0,0,1.0,1,1.0,1,1.0,1,0.1395646852770604,29
2225,3,9216,1590,7626,0,0,0,1.0,1,1.0,1,1.0,1,0.16344679974865522,28
2226,4,9220,1591,7629,0,0,0,1.0,1,1.0,1,1.0,1,0.16180182950005947,30
2227,3,9223,1591,7632,0,0,0,1.0,1,1.0,1,1.0,1,0.24824963211639126,28
2228,5,9228,1592,7636,0,0,0,1.0,1,1.0,1,1.0,1,0.2736330368586419,29
2229,5,9233,1593,7640,0,0,0,1.0,1,1.0,1,1.0,1,0.28648911885497125,28
2230,3,9236,1593,7643,0,0,0,1.0,1,1.0,1,1.0,1,0.24206507484885778,28
2231,1,9237,1593,7644,0,0,0,1.0,1,1.0,1,1.0,1,0.23444911429397314,27
2232,2,9239,1593,7646,0,0,0,1.0,1,1.0,1,1.0,1,0.23002809267605653,27
2233,2,9241,1593,7648,0,0,0,1.0,1,1.0,1,1.0,1,0.19569279947287047,28
2234,4,9245,1595,7650,0,0,0,1.0,1,1.0,1,1.0,1,0.13728517750314106,26
2235,3,9248,1596,7652,0,0,0,1.0,1,1.0,1,1.0,1,0.17818360153663818,26
2236,1,9249,1597,7652,0,0,0,1.0,1,1.0,1,1.0,1,0.14937071581804462,26
2237,2,9251,1598,7653,0,0,0,1.0,1,1.0,1,1.0,1,0.18675743524589958,26
2238,5,9256,1601,7655,0,0,0,1.0,1,1.0,1,1.0,1,0.20312293022158884,27
2239,3,9259,1602,7657,0,0,0,1.0,1,1.0,1,1.0,1,0.2406022135102304,28
2240,4,9263,1604,7659,0,0,0,1.0,1,1.0,1,1.0,1,0.2505844231042521,30
2241,8,9271,1606,7665,0,0,0,1.0,1,1.0,1,1.0,1,0.25317450072429576,29
2242,1,9272,1606,7666,0,0,0,1.0,1,1.0,1,1.0,1,0.27604679878927596,29
2243,3,9275,1608,7667,0,0,0,1.0,1,1.0,1,1.0,1,0.32748855768577945,29
2244,2,9277,1608,7669,0,0,0,1.0,1,1.0,1,1.0,1,0.29043138184748885,29
2245,4,9281,1609,7672,0,0,0,1.0,1,1.0,1,1.0,1,0.2946798829510543,30
2246,3,9284,1609,7675,0,0,0,1.0,1,1.0,1,1.0,1,0.2339874469239294,33
2247,2,9286,1609,7677,0,0,0,1.0,1,1.0,1,1.0,1,0.2350507422088887,34
2248,1,9287,1609,7678,0,0,0,1.0,1,1.0,1,1.0,1,0.21883752689292138,34
2249,1,9288,1609,7679,0,0,0,1.0,1,1.0,1,1.0,1,0.20582562904960683,35
2250,2,9290,1610,7680,0,0,0,1.0,1,1.0,1,1.0,1,0.21955211315288953,35
2251,1,9291,1610,7681,0,0,0,1.0,1,1.0,1,1.0,1,0.21093956147280557,36
2252,3,9294,1610,7684,0,0,0,1.0,1,1.0,1,1.0,1,0.2086223397020024,37
2253,6,9300,1612,7688,0,0,0,1.0,1,1.0,1,1.0,1,0.21255429563440292,35
2254,1,9301,1612,7689,0,0,0,1.0,1,1.0,1,1.0,1,0.21434170173288422,33
2255,2,9303,1612,7691,0,0,0,1.0,1,1.0,1,1.0,1,0.12627354047562728,35
2256,1,9304,1612,7692,0,0,0,1.0,1,1.0,1,1.0,1,0.15121523203483897,34
2257,3,9307,1614,7693,0,0,0,1.0,1,1.0,1,1.0,1,0.15632318290301586,36
2258,5,9312,1615,7697,0,0,0,1.0,1,1.0,1,1.0,1,0.19086750787831885,35
2259,4,9316,1615,7701,0,0,0,1.0,1,1.0,1,1.0,1,0.18227626164504648,35
2260,3,9319,1615,7704,0,0,0,1.0,1,1.0,1,1.0,1,0.17187187783700694,33
2261,0,9319,1615,7704,0,0,0,1.0,1,1.0,1,1.0,1,0.17187187783700694,33
2262,1,9320,1616,7704,0,0,0,1.0,1,1.0,1,1.0,1,0.1985084239291545,32
2263,3,9323,1618,7705,0,0,0,1.0,1,1.0,1,1.0,1,0.2009263977549078,31
2264,1,9324,1619,7705,0,0,0,1.0,1,1.0,1,1.0,1,0.24046180432603415,30
2265,1,9325,1620,7705,0,0,0,1.0,1,1.0,1,1.0,1,0.21816075413219835,29
2266,6,9331,1623,7708,0,0,0,1.0,1,1.0,1,1.0,1,0.20367372289416188,30
2267,1,9332,1624,7708,0,0,0,1.0,1,1.0,1,1.0,1,0.2120146926080805,29
2268,1,9333,1625,7708,0,0,0,1.0,1,1.0,1,1.0,1,0.24566880589633192,30
2269,4,9337,1626,7711,0,0,0,1.0,1,1.0,1,1.0,1,0.21324845833469755,31
2270,1,9338,1627,7711,0,0,0,1.0,1,1.0,1,1.0,1,0.20783954959452036,31
2271,3,9341,1630,7711,0,0,0,1.0,1,1.0,1,1.0,1,0.19900179201586007,31
2272,1,9342,1631,7711,0,0,0,1.0,1,1.0,1,1.0,1,0.24358158057620707,31
2273,2,9344,1633,7711,0,0,0,1.0,1,1.0,1,1.0,1,0.3041628106960804,30
2274,0,9344,1633,7711,0,0,0,1.0,1,1.0,1,1.0,1,0.30407071767266486,31
2275,1,9345,1633,7712,0,0,0,1.0,1,1.0,1,1.0,1,0.27824171170404216,32
2276,1,9346,1634,7712,0,0,0,1.0,1,1.0,1,1.0,1,0.2979280262280444,31
2277,0,9346,1634,7712,0,0,0,1.0,1,1.0,1,1.0,1,0.30406007400956064,31
2278,2,9348,1634,7714,0,0,0,1.0,1,1.0,1,1.0,1,0.2866359112186477,32
2279,0,9348,1634,7714,0,0,0,1.0,1,1.0,1,1.0,1,0.2904680416915646,32
2280,0,9348,1634,7714,0,0,0,1.0,1,1.0,1,1.0,1,0.2809541032211849,33
2281,5,9353,1634,7719,0,0,0,1.0,1,1.0,1,1.0,1,0.1489417588529713,34
2282,0,9353,1634,7719,0,0,0,1.0,1,1.0,1,1.0,1,0.1489417588529713,34
2283,0,9353,1634,7719,0,0,0,1.0,1,1.0,1,1.0,1,0.1489417588529713,34
2284,2,9355,1635,7720,0,0,0,1.0,1,1.0,1,1.0,1,0.1590108978231867,34
2285,2,9357,1636,7721,0,0,0,1.0,1,1.0,1,1.0,1,0.1210907102235705,35
2286,1,9358,1636,7722,0,0,0,1.0,1,1.0,1,1.0,1,0.15327042713152628,34
2287,3,9361,1636,7725,0,0,0,1.0,1,1.0,1,1.0,1,0.10928802813604054,35
2288,1,9362,1636,7726,0,0,0,1.0,1,1.0,1,1.0,1,0.14537235059699505,35
2289,1,9363,1636,7727,0,0,0,1.0,1,1.0,1,1.0,1,0.12660681734965568,37
2290,1,9364,1637,7727,0,0,0,1.0,1,1.0,1,1.0,1,0.18793631449859627,37
2291,3,9367,1639,7728,0,0,0,1.0,1,1.0,1,1.0,1,0.21590287971610142,35
2292,5,9372,1640,7732,0,0,0,1.0,1,1.0,1,1.0,1,0.32443144588581835,35
2293,4,9376,1642,7734,0,0,0,1.0,1,1.0,1,1.0,1,0.31111371854139697,34
2294,3,9379,1642,7737,0,0,0,1.0,1,1.0,1,1.0,1,0.2909232163034854,33
2295,2,9381,1643,7738,0,0,0,1.0,1,1.0,1,1.0,1,0.2990131705411074,34
2296,4,9385,1643,7742,0,0,0,1.0,1,1.0,1,1.0,1,0.280150469545374,33
2297,0,9385,1643,7742,0,0,0,1.0,1,1.0,1,1.0,1,0.3064980370948419,32
2298,1,9386,1643,7743,0,0,0,1.0,1,1.0,1,1.0,1,0.3269394931687426,32
2299,4,9390,1644,7746,0,0,0,1.0,1,1.0,1,1.0,1,0.25968078875284556,33
2300,3,9393,1644,7749,0,0,0,1.0,1,1.0,1,1.0,1,0.2714524070723513,33
2301,8,9401,1646,7755,0,0,0,1.0,1,1.0,1,1.0,1,0.2414713022128654,33
2302,3,9404,1647,7757,0,0,0,1.0,1,1.0,1,1.0,1,0.22781354958932318,34
2303,4,9408,1649,7759,0,0,0,1.0,1,1.0,1,1.0,1,0.26124562143596125,34
2304,3,9411,1651,7760,0,0,0,1.0,1,1.0,1,1.0,1,0.2513218064472335,33
2305,1,9412,1652,7760,0,0,0,1.0,1,1.0,1,1.0,1,0.28790470184001793,33
2306,5,9417,1653,7764,0,0,0,1.0,1,1.0,1,1.0,1,0.3029040241895062,33
2307,8,9425,1653,7772,0,0,0,1.0,1,1.0,1,1.0,1,0.2659587393914935,35
2308,6,9431,1655,7776,0,0,0,1.0,1,1.0,1,1.0,1,0.2712925598571395,34
2309,8,9439,1655,7784,0,0,0,1.0,1,1.0,1,1.0,1,0.24549200688872758,34
2310,5,9444,1655,7789,0,0,0,1.0,1,1.0,1,1.0,1,0.20999511537191715,34
2311,8,9452,1656,7796,0,0,0,1.0,1,1.0,1,1.0,1,0.22602710039803703,35
2312,3,9455,1657,7798,0,0,0,1.0,1,1.0,1,1.0,1,0.20076695608979783,34
2313,4,9459,1657,7802,0,0,0,1.0,1,1.0,1,1.0,1,0.2526756133737001,35
2314,8,9467,1657,7810,0,0,0,1.0,1,1.0,1,1.0,1,0.2511770904993005,35
2315,4,9471,1657,7814,0,0,0,1.0,1,1.0,1,1.0,1,0.23602622993114872,34
2316,5,9476,1657,7819,0,0,0,1.0,1,1.0,1,1.0,1,0.25192617109987336,35
2317,5,9481,1657,7824,0,0,0,1.0,1,1.0,1,1.0,1,0.2648136122209671,32
2318,4,9485,1658,7827,0,0,0,1.0,1,1.0,1,1.0,1,0.2621127735697782,32
2319,1,9486,1658,7828,0,0,0,1.0,1,1.0,1,1.0,1,0.2768971494736827,32
2320,0,9486,1658,7828,0,0,0,1.0,1,1.0,1,1.0,1,0.28906055960041627,32
2321,10,9496,1658,7838,0,0,0,1.0,1,1.0,1,1.0,1,0.15749969530799576,33
2322,1,9497,1658,7839,0,0,0,1.0,1,1.0,1,1.0,1,0.1547249061490726,33
2323,0,9497,1658,7839,0,0,0,1.0,1,1.0,1,1.0,1,0.1547249061490726,33
2324,0,9497,1658,7839,0,0,0,1.0,1,1.0,1,1.0,1,0.1667234830685451,34
2325,0,9497,1658,7839,0,0,0,1.0,1,1.0,1,1.0,1,0.16439747238888375,35
2326,0,9497,1658,7839,0,0,0,1.0,1,1.0,1,1.0,1,0.16439747238888375,35
2327,2,9499,1658,7841,0,0,0,1.0,1,1.0,1,1.0,1,0.14776392782924017,36
2328,2,9501,1658,7843,0,0,0,1.0,1,1.0,1,1.0,1,0.17953674304273873,37
2329,6,9507,1658,7849,0,0,0,1.0,1,1.0,1,1.0,1,0.20158341330760515,37
2330,5,9512,1658,7854,0,0,0,1.0,1,1.0,1,1.0,1,0.17680701946041313,38
2331,3,9515,1658,7857,0,0,0,1.0,1,1.0,1,1.0,1,0.19923261743318388,40
2332,6,9521,1658,7863,0,0,0,1.0,1,1.0,1,1.0,1,0.19923261743318388,40
2333,5,9526,1659,7867,0,0,0,1.0,1,1.0,1,1.0,1,0.20113519311848493,41
2334,5,9531,1659,7872,0,0,0,1.0,1,1.0,1,1.0,1,0.2285350727148737,41
2335,7,9538,1659,7879,0,0,0,1.0,1,1.0,1,1.0,1,0.23212144906118995,41
2336,9,9547,1659,7888,0,0,0,1.0,1,1.0,1,1.0,1,0.2143554329174003,41
2337,11,9558,1659,7899,0,0,0,1.0,1,1.0,1,1.0,1,0.22104348901055562,42
2338,4,9562,1659,7903,0,0,0,1.0,1,1.0,1,1.0,1,0.2152203641638454,43
2339,8,9570,1659,7911,0,0,0,1.0,1,1.0,1,1.0,1,0.21486225020327693,43
2340,5,9575,1659,7916,0,0,0,1.0,1,1.0,1,1.0,1,0.18856110494371398,45
2341,4,9579,1659,7920,0,0,0,1.0,1,1.0,1,1.0,1,0.1054879537392542,45
2342,6,9585,1659,7926,0,0,0,1.0,1,1.0,1,1.0,1,0.09509544554723197,46
2343,6,9591,1660,7931,0,0,0,1.0,1,1.0,1,1.0,1,0.10607831383801701,45
2344,4,9595,1662,7933,0,0,0,1.0,1,1.0,1,1.0,1,0.12321214384070056,44
2345,4,9599,1662,7937,0,0,0,1.0,1,1.0,1,1.0,1,0.1706090398678873,44
2346,4,9603,1663,7940,0,0,0,1.0,1,1.0,1,1.0,1,0.17483763929546825,44
2347,7,9610,1664,7946,0,0,0,1.0,1,1.0,1,1.0,1,0.17198184607410907,44
2348,4,9614,1664,7950,0,0,0,1.0,1,1.0,1,1.0,1,0.17732778659458834,45
2349,7,9621,1665,7956,0,0,0,1.0,1,1.0,1,1.0,1,0.15658490833505795,46
2350,8,9629,1665,7964,0,0,0,1.0,1,1.0,1,1.0,1,0.16764232976406715,47
2351,6,9635,1665,7970,0,0,0,1.0,1,1.0,1,1.0,1,0.16221239604790189,47
2352,10,9645,1666,7979,0,0,0,1.0,1,1.0,1,1.0,1,0.1433491851995818,47
2353,3,9648,1666,7982,0,0,0,1.0,1,1.0,1,1.0,1,0.12782782225409545,46
2354,6,9654,1667,7987,0,0,0,1.0,1,1.0,1,1.0,1,0.1602462666598141,47
2355,5,9659,1668,7991,0,0,0,1.0,1,1.0,1,1.0,1,0.14460281723675295,47
2356,5,9664,1669,7995,0,0,0,1.0,1,1.0,1,1.0,1,0.16255921358286932,47
2357,9,9673,1671,8002,0,0,0,1.0,1,1.0,1,1.0,1,0.15111476416918573,47
2358,6,9679,1672,8007,0,0,0,1.0,1,1.0,1,1.0,1,0.1953718071327087,48
2359,5,9684,1672,8012,0,0,0,1.0,1,1.0,1,1.0,1,0.1772194420131993,49
2360,9,9693,1673,8020,0,0,0,1.0,1,1.0,1,1.0,1,0.16440402103320084,49
2361,4,9697,1673,8024,0,0,0,1.0,1,1.0,1,1.0,1,0.100076729801548,50
2362,4,9701,1673,8028,0,0,0,1.0,1,1.0,1,1.0,1,0.10925812780116721,51
2363,1,9702,1673,8029,0,0,0,1.0,1,1.0,1,1.0,1,0.09855050149128373,51
2364,2,9704,1673,8031,0,0,0,1.0,1,1.0,1,1.0,1,0.11033179492286567,52
2365,6,9710,1674,8036,0,0,0,1.0,1,1.0,1,1.0,1,0.10123420436141119,53
2366,7,9717,1674,8043,0,0,0,1.0,1,1.0,1,1.0,1,0.09278560779339651,54
2367,5,9722,1678,8044,0,0,0,1.0,1,1.0,1,1.0,1,0.04951824364665411,52
2368,6,9728,1680,8048,0,0,0,1.0,1,1.0,1,1.0,1,0.11931045557911642,51
2369,3,9731,1681,8050,0,0,0,1.0,1,1.0,1,1.0,1,0.12540100418570074,51
2370,8,9739,1684,8055,0,0,0,1.0,1,1.0,1,1.0,1,0.1721504312963092,52
2371,7,9746,1686,8060,0,0,0,1.0,1,1.0,1,1.0,1,0.20431352156078497,52
2372,2,9748,1687,8061,0,0,0,1.0,1,1.0,1,1.0,1,0.19306294028311694,49
2373,0,9748,1687,8061,0,0,0,1.0,1,1.0,1,1.0,1,0.19330288591185715,47
2374,1,9749,1687,8062,0,0,0,1.0,1,1.0,1,1.0,1,0.1823380744535903,45
2375,1,9750,1687,8063,0,0,0,1.0,1,1.0,1,1.0,1,0.1741246133193776,45
2376,1,9751,1687,8064,0,0,0,1.0,1,1.0,1,1.0,1,0.15938644080306758,43
2377,1,9752,1687,8065,0,0,0,1.0,1,1.0,1,1.0,1,0.13685682736338922,44
2378,0,9752,1687,8065,0,0,0,1.0,1,1.0,1,1.0,1,0.13326304723737967,43
2379,0,9752,1687,8065,0,0,0,1.0,1,1.0,1,1.0,1,0.13326304723737967,43
2380,0,9752,1687,8065,0,0,0,1.0,1,1.0,1,1.0,1,0.13326304723737967,43
2381,7,9759,1689,8070,0,0,0,1.0,1,1.0,1,1.0,1,0.11275817017344289,44
2382,2,9761,1690,8071,0,0,0,1.0,1,1.0,1,1.0,1,0.13678279590956482,44
2383,6,9767,1692,8075,0,0,0,1.0,1,1.0,1,1.0,1,0.1724580510653511,45
2384,10,9777,1695,8082,0,0,0,1.0,1,1.0,1,1.0,1,0.20152070434973335,45
2385,4,9781,1695,8086,0,0,0,1.0,1,1.0,1,1.0,1,0.14656587417499536,45
2386,4,9785,1697,8088,0,0,0,1.0,1,1.0,1,1.0,1,0.19137531498693547,46
2387,8,9793,1699,8094,0,0,0,1.0,1,1.0,1,1.0,1,0.107620299983803,44
2388,5,9798,1700,8098,0,0,0,1.0,1,1.0,1,1.0,1,0.17153985872543623,44
2389,4,9802,1701,8101,0,0,0,1.0,1,1.0,1,1.0,1,0.14146383686255368,43
2390,8,9810,1703,8107,0,0,0,1.0,1,1.0,1,1.0,1,0.13045138746879206,44
2391,5,9815,1704,8111,0,0,0,1.0,1,1.0,1,1.0,1,0.15123770559090693,43
2392,5,9820,1706,8114,0,0,0,1.0,1,1.0,1,1.0,1,0.1890721553135929,44
2393,5,9825,1707,8118,0,0,0,1.0,1,1.0,1,1.0,1,0.19539226719740235,45
2394,7,9832,1708,8124,0,0,0,1.0,1,1.0,1,1.0,1,0.22345104462277157,44
2395,7,9839,1708,8131,0,0,0,1.0,1,1.0,1,1.0,1,0.2356470223178379,44
2396,9,9848,1710,8138,0,0,0,1.0,1,1.0,1,1.0,1,0.2359986869544655,45
2397,12,9860,1710,8150,0,0,0,1.0,1,1.0,1,1.0,1,0.3002433722212412,44
2398,10,9870,1711,8159,0,0,0,1.0,1,1.0,1,1.0,1,0.3093044367522385,44
2399,10,9880,1711,8169,0,0,0,1.0,1,1.0,1,1.0,1,0.2966543275861449,45
2400,13,9893,1711,8182,0,0,0,1.0,1,1.0,1,1.0,1,0.2617012958389346,45
2401,6,9899,1711,8188,0,0,0,1.0,1,1.0,1,1.0,1,0.14026996274882614,46
2402,4,9903,1711,8192,0,0,0,1.0,1,1.0,1,1.0,1,0.14052053848119989,47
2403,4,9907,1712,8195,0,0,0,1.0,1,1.0,1,1.0,1,0.15372921810551043,48
2404,3,9910,1713,8197,0,0,0,1.0,1,1.0,1,1.0,1,0.17251125181524757,47
2405,3,9913,1713,8200,0,0,0,1.0,1,1.0,1,1.0,1,0.186224449336144,45
2406,4,9917,1713,8204,0,0,0,1.0,1,1.0,1,1.0,1,0.15105372635799197,45
2407,3,9920,1713,8207,0,0,0,1.0,1,1.0,1,1.0,1,0.1728007441883236,42
2408,4,9924,1714,8210,0,0,0,1.0,1,1.0,1,1.0,1,0.17680293563200802,41
2409,3,9927,1714,8213,0,0,0,1.0,1,1.0,1,1.0,1,0.1834537717837113,41
2410,4,9931,1714,8217,0,0,0,1.0,1,1.0,1,1.0,1,0.16119699591138,40
2411,2,9933,1714,8219,0,0,0,1.0,1,1.0,1,1.0,1,0.14343857250278816,40
2412,2,9935,1714,8221,0,0,0,1.0,1,1.0,1,1.0,1,0.14428636481517726,38
2413,4,9939,1716,8223,0,0,0,1.0,1,1.0,1,1.0,1,0.15776134879914416,38
2414,2,9941,1716,8225,0,0,0,1.0,1,1.0,1,1.0,1,0.20383408826164856,36
2415,5,9946,1719,8227,0,0,0,1.0,1,1.0,1,1.0,1,0.2289388748564479,36
2416,6,9952,1720,8232,0,0,0,1.0,1,1.0,1,1.0,1,0.22951364780366684,35
2417,5,9957,1720,8237,0,0,0,1.0,1,1.0,1,1.0,1,0.33046559180949375,33
2418,5,9962,1720,8242,0,0,0,1.0,1,1.0,1,1.0,1,0.3134742751092181,33
2419,11,9973,1722,8251,0,0,0,1.0,1,1.0,1,1.0,1,0.299617933034816,33
2420,6,9979,1723,8256,0,0,0,1.0,1,1.0,1,1.0,1,0.2575693381811746,34
2421,6,9985,1724,8261,0,0,0,1.0,1,1.0,1,1.0,1,0.21799172442525225,34
2422,5,9990,1725,8265,0,0,0,1.0,1,1.0,1,1.0,1,0.17670614393038872,35
2423,5,9995,1726,8269,0,0,0,1.0,1,1.0,1,1.0,1,0.1390834525131494,36
2424,4,9999,1728,8271,0,0,0,1.0,1,1.0,1,1.0,1,0.13725631863802598,35
2425,0,9999,1728,8271,0,0,0,1.0,1,1.0,1,1.0,1,0.14956632916533985,33
2426,0,9999,1728,8271,0,0,0,1.0,1,1.0,1,1.0,1,0.14641444330052866,34
2427,3,10002,1728,8274,0,0,0,1.0,1,1.0,1,1.0,1,0.204095039162043,34
2428,3,10005,1730,8275,0,0,0,1.0,1,1.0,1,1.0,1,0.21824473015663673,34
2429,5,10010,1731,8279,0,0,0,1.0,1,1.0,1,1.0,1,0.22687668121525137,34
2430,4,10014,1731,8283,0,0,0,1.0,1,1.0,1,1.0,1,0.249714202798031,33
2431,4,10018,1733,8285,0,0,0,1.0,1,1.0,1,1.0,1,0.2075359323718671,33
2432,0,10018,1733,8285,0,0,0,1.0,1,1.0,1,1.0,1,0.2531763939648739,33
2433,3,10021,1734,8287,0,0,0,1.0,1,1.0,1,1.0,1,0.2011207718142733,34
2434,3,10024,1734,8290,0,0,0,1.0,1,1.0,1,1.0,1,0.2203363113085362,34
2435,1,10025,1735,8290,0,0,0,1.0,1,1.0,1,1.0,1,0.20096523188104173,34
2436,0,10025,1735,8290,0,0,0,1.0,1,1.0,1,1.0,1,0.22813161971923784,33
2437,0,10025,1735,8290,0,0,0,1.0,1,1.0,1,1.0,1,0.22813161971923784,33
2438,1,10026,1736,8290,0,0,0,1.0,1,1.0,1,1.0,1,0.21391842282075968,34
2439,2,10028,1736,8292,0,0,0,1.0,1,1.0,1,1.0,1,0.2327555637189072,35
2440,5,10033,1737,8296,0,0,0,1.0,1,1.0,1,1.0,1,0.21106097903239904,35
2441,5,10038,1740,8298,0,0,0,1.0,1,1.0,1,1.0,1,0.15405607257852735,35
2442,0,10038,1740,8298,0,0,0,1.0,1,1.0,1,1.0,1,0.12297796511259168,35
2443,4,10042,1743,8299,0,0,0,1.0,1,1.0,1,1.0,1,0.14366628620041236,35
2444,4,10046,1745,8301,0,0,0,1.0,1,1.0,1,1.0,1,0.14817601198007266,34
2445,3,10049,1746,8303,0,0,0,1.0,1,1.0,1,1.0,1,0.2415976321844748,33
2446,5,10054,1747,8307,0,0,0,1.0,1,1.0,1,1.0,1,0.29071408080080946,30
2447,3,10057,1749,8308,0,0,0,1.0,1,1.0,1,1.0,1,0.15738722706473185,29
2448,2,10059,1751,8308,0,0,0,1.0,1,1.0,1,1.0,1,0.1814276068039826,27
2449,1,10060,1752,8308,0,0,0,1.0,1,1.0,1,1.0,1,0.2481929786205323,26
2450,8,10068,1754,8314,0,0,0,1.0,1,1.0,1,1.0,1,0.2727350160047262,28
2451,2,10070,1754,8316,0,0,0,1.0,1,1.0,1,1.0,1,0.2727350160047262,28
2452,3,10073,1756,8317,0,0,0,1.0,1,1.0,1,1.0,1,0.24755203340332713,29
2453,2,10075,1756,8319,0,0,0,1.0,1,1.0,1,1.0,1,0.29563548813871754,30
2454,2,10077,1756,8321,0,0,0,1.0,1,1.0,1,1.0,1,0.25451175218703254,32
2455,7,10084,1758,8326,0,0,0,1.0,1,1.0,1,1.0,1,0.32613578671879045,33
2456,9,10093,1759,8334,0,0,0,1.0,1,1.0,1,1.0,1,0.3415770962712567,34
2457,5,10098,1760,8338,0,0,0,1.0,1,1.0,1,1.0,1,0.2503072814846262,34
2458,6,10104,1760,8344,0,0,0,1.0,1,1.0,1,1.0,1,0.266447933269433,36
2459,3,10107,1760,8347,0,0,0,1.0,1,1.0,1,1.0,1,0.227288573574227,36
2460,3,10110,1760,8350,0,0,0,1.0,1,1.0,1,1.0,1,0.22995550603872533,37
2461,6,10116,1761,8355,0,0,0,1.0,1,1.0,1,1.0,1,0.1379475924868838,37
2462,2,10118,1763,8355,0,0,0,1.0,1,1.0,1,1.0,1,0.15942862748788103,38
2463,1,10119,1763,8356,0,0,0,1.0,1,1.0,1,1.0,1,0.14788096376677054,38
2464,1,10120,1764,8356,0,0,0,1.0,1,1.0,1,1.0,1,0.11437340362175426,37
2465,1,10121,1765,8356,0,0,0,1.0,1,1.0,1,1.0,1,0.1457599259656536,36
2466,3,10124,1768,8356,0,0,0,1.0,1,1.0,1,1.0,1,0.13284615583488485,36
2467,0,10124,1768,8356,0,0,0,1.0,1,1.0,1,1.0,1,0.17573159103688812,34
2468,3,10127,1770,8357,0,0,0,1.0,1,1.0,1,1.0,1,0.18946443960378365,33
2469,1,10128,1771,8357,0,0,0,1.0,1,1.0,1,1.0,1,0.19770306987079034,32
2470,6,10134,1774,8360,0,0,0,1.0,1,1.0,1,1.0,1,0.24123925339172073,33
2471,0,10134,1774,8360,0,0,0,1.0,1,1.0,1,1.0,1,0.27238953006182054,31
2472,0,10134,1774,8360,0,0,0,1.0,1,1.0,1,1.0,1,0.27623568675974913,32
2473,1,10135,1774,8361,0,0,0,1.0,1,1.0,1,1.0,1,0.2871845996496793,31
2474,5,10140,1775,8365,0,0,0,1.0,1,1.0,1,1.0,1,0.2535503238638461,33
2475,2,10142,1776,8366,0,0,0,1.0,1,1.0,1,1.0,1,0.3037013070428717,33
2476,2,10144,1778,8366,0,0,0,1.0,1,1.0,1,1.0,1,0.29273051665165695,33
2477,6,10150,1779,8371,0,0,0,1.0,1,1.0,1,1.0,1,0.34306675962592714,33
2478,5,10155,1781,8374,0,0,0,1.0,1,1.0,1,1.0,1,0.27105253728157436,33
2479,2,10157,1783,8374,0,0,0,1.0,1,1.0,1,1.0,1,0.3030050812365613,33
2480,3,10160,1784,8376,0,0,0,1.0,1,1.0,1,1.0,1,0.30155391987545804,34
2481,7,10167,1786,8381,0,0,0,1.0,1,1.0,1,1.0,1,0.19113548294519006,33
2482,3,10170,1787,8383,0,0,0,1.0,1,1.0,1,1.0,1,0.1976034713085838,34
2483,2,10172,1787,8385,0,0,0,1.0,1,1.0,1,1.0,1,0.16350912216705016,33
2484,1,10173,1787,8386,0,0,0,1.0,1,1.0,1,1.0,1,0.154809496672066,32
2485,1,10174,1787,8387,0,0,0,1.0,1,1.0,1,1.0,1,0.18175657235086928,31
2486,4,10178,1787,8391,0,0,0,1.0,1,1.0,1,1.0,1,0.1683929068114831,29
2487,2,10180,1787,8393,0,0,0,1.0,1,1.0,1,1.0,1,0.1683929068114831,29
2488,4,10184,1788,8396,0,0,0,1.0,1,1.0,1,1.0,1,0.1420241510661972,30
2489,2,10186,1788,8398,0,0,0,1.0,1,1.0,1,1.0,1,0.16288366205303229,29
2490,4,10190,1790,8400,0,0,0,1.0,1,1.0,1,1.0,1,0.27757131830518,30
2491,2,10192,1790,8402,0,0,0,1.0,1,1.0,1,1.0,1,0.2714453915788119,30
2492,3,10195,1790,8405,0,0,0,1.0,1,1.0,1,1.0,1,0.2134768003874177,29
2493,1,10196,1790,8406,0,0,0,1.0,1,1.0,1,1.0,1,0.2586670692761902,29
2494,2,10198,1790,8408,0,0,0,1.0,1,1.0,1,1.0,1,0.2558299526309235,28
2495,2,10200,1791,8409,0,0,0,1.0,1,1.0,1,1.0,1,0.2482660782693889,29
2496,2,10202,1791,8411,0,0,0,1.0,1,1.0,1,1.0,1,0.2228001812075828,28
2497,1,10203,1791,8412,0,0,0,1.0,1,1.0,1,1.0,1,0.296269301982353,28
2498,1,10204,1791,8413,0,0,0,1.0,1,1.0,1,1.0,1,0.28952585994500046,29
2499,2,10206,1792,8414,0,0,0,1.0,1,1.0,1,1.0,1,0.38075675521850966,30
2500,5,10211,1793,8418,0,0,0,1.0,1,1.0,1,1.0,1,0.2358386231041334,29
2501,3,10214,1793,8421,0,0,0,1.0,1,1.0,1,1.0,1,0.1927552245875985,33
2502,2,10216,1794,8422,0,0,0,1.0,1,1.0,1,1.0,1,0.18756931253649425,33
2503,2,10218,1795,8423,0,0,0,1.0,1,1.0,1,1.0,1,0.16313812787393106,31
2504,7,10225,1799,8426,0,0,0,1.0,1,1.0,1,1.0,1,0.21428090921153498,31
2505,4,10229,1799,8430,0,0,0,1.0,1,1.0,1,1.0,1,0.18044565829568857,32
2506,4,10233,1802,8431,0,0,0,1.0,1,1.0,1,1.0,1,0.2701169299785666,31
2507,2,10235,1803,8432,0,0,0,1.0,1,1.0,1,1.0,1,0.2898570488909634,29
2508,9,10244,1806,8438,0,0,0,1.0,1,1.0,1,1.0,1,0.28325826757475503,31
2509,4,10248,1807,8441,0,0,0,1.0,1,1.0,1,1.0,1,0.2684923298590962,30
2510,8,10256,1807,8449,0,0,0,1.0,1,1.0,1,1.0,1,0.26869287008163867,31
2511,5,10261,1807,8454,0,0,0,1.0,1,1.0,1,1.0,1,0.20451199055068522,32
2512,4,10265,1808,8457,0,0,0,1.0,1,1.0,1,1.0,1,0.23881972378589145,32
2513,6,10271,1810,8461,0,0,0,1.0,1,1.0,1,1.0,1,0.14466826931163893,34
2514,6,10277,1811,8466,0,0,0,1.0,1,1.0,1,1.0,1,0.15255562933176997,35
2515,6,10283,1813,8470,0,0,0,1.0,1,1.0,1,1.0,1,0.15979766055565345,35
2516,1,10284,1813,8471,0,0,0,1.0,1,1.0,1,1.0,1,0.1837863690627149,34
2517,4,10288,1815,8473,0,0,0,1.0,1,1.0,1,1.0,1,0.18275394791642338,34
2518,2,10290,1816,8474,0,0,0,1.0,1,1.0,1,1.0,1,0.18201980537065196,33
2519,0,10290,1816,8474,0,0,0,1.0,1,1.0,1,1.0,1,0.17551223564575394,32
2520,1,10291,1817,8474,0,0,0,1.0,1,1.0,1,1.0,1,0.2155427244103746,31
2521,2,10293,1818,8475,0,0,0,1.0,1,1.0,1,1.0,1,0.16205417926739074,31
2522,1,10294,1819,8475,0,0,0,1.0,1,1.0,1,1.0,1,0.2537688490008154,30
2523,0,10294,1819,8475,0,0,0,1.0,1,1.0,1,1.0,1,0.22021444391074677,30
2524,2,10296,1819,8477,0,0,0,1.0,1,1.0,1,1.0,1,0.23407214263068152,29
2525,3,10299,1820,8479,0,0,0,1.0,1,1.0,1,1.0,1,0.23108479163903714,29
2526,0,10299,1820,8479,0,0,0,1.0,1,1.0,1,1.0,1,0.2496243615703464,27
2527,0,10299,1820,8479,0,0,0,1.0,1,1.0,1,1.0,1,0.2539714713594792,28
2528,0,10299,1820,8479,0,0,0,1.0,1,1.0,1,1.0,1,0.2539714713594792,28
2529,0,10299,1820,8479,0,0,0,1.0,1,1.0,1,1.0,1,0.2539714713594792,28
2530,0,10299,1820,8479,0,0,0,1.0,1,1.0,1,1.0,1,0.2582713553115983,29
2531,1,10300,1820,8480,0,0,0,1.0,1,1.0,1,1.0,1,0.22571168764424115,30
2532,2,10302,1820,8482,0,0,0,1.0,1,1.0,1,1.0,1,0.18179500211896918,31
2533,0,10302,1820,8482,0,0,0,1.0,1,1.0,1,1.0,1,0.18179500211896918,31
2534,1,10303,1820,8483,0,0,0,1.0,1,1.0,1,1.0,1,0.14934427355298335,31
2535,1,10304,1821,8483,0,0,0,1.0,1,1.0,1,1.0,1,0.20149021249870022,31
2536,3,10307,1822,8485,0,0,0,1.0,1,1.0,1,1.0,1,0.25901245415224644,32
2537,1,10308,1822,8486,0,0,0,1.0,1,1.0,1,1.0,1,0.19733153882055796,33
2538,2,10310,1823,8487,0,0,0,1.0,1,1.0,1,1.0,1,0.26408364903240594,35
2539,9,10319,1825,8494,0,0,0,1.0,1,1.0,1,1.0,1,0.30684464136305667,37
2540,4,10323,1826,8497,0,0,0,1.0,1,1.0,1,1.0,1,0.3296862090763485,38
2541,6,10329,1827,8502,0,0,0,1.0,1,1.0,1,1.0,1,0.2223212487432848,39
2542,3,10332,1828,8504,0,0,0,1.0,1,1.0,1,1.0,1,0.2060187090845789,38
2543,6,10338,1832,8506,0,0,0,1.0,1,1.0,1,1.0,1,0.21309965144285703,41
2544,7,10345,1834,8511,0,0,0,1.0,1,1.0,1,1.0,1,0.23260197773799757,39
2545,8,10353,1835,8518,0,0,0,1.0,1,1.0,1,1.0,1,0.2275258486569513,40
2546,1,10354,1835,8519,0,0,0,1.0,1,1.0,1,1.0,1,0.2122922894014255,38
2547,7,10361,1839,8522,0,0,0,1.0,1,1.0,1,1.0,1,0.27155876019037234,38
2548,5,10366,1839,8527,0,0,0,1.0,1,1.0,1,1.0,1,0.25869873366219087,35
2549,10,10376,1841,8535,0,0,0,1.0,1,1.0,1,1.0,1,0.32028532432611106,35
2550,4,10380,1842,8538,0,0,0,1.0,1,1.0,1,1.0,1,0.3238926519283572,33
2551,2,10382,1842,8540,0,0,0,1.0,1,1.0,1,1.0,1,0.3493091928694064,31
2552,2,10384,1842,8542,0,0,0,1.0,1,1.0,1,1.0,1,0.33701754676177753,30
2553,1,10385,1842,8543,0,0,0,1.0,1,1.0,1,1.0,1,0.3218998745249151,30
2554,4,10389,1843,8546,0,0,0,1.0,1,1.0,1,1.0,1,0.27756857661096673,32
2555,3,10392,1844,8548,0,0,0,1.0,1,1.0,1,1.0,1,0.3172539421838471,32
2556,3,10395,1845,8550,0,0,0,1.0,1,1.0,1,1.0,1,0.32564268872639696,32
2557,2,10397,1845,8552,0,0,0,1.0,1,1.0,1,1.0,1,0.33351693755211376,30
2558,5,10402,1845,8557,0,0,0,1.0,1,1.0,1,1.0,1,0.32938268826585254,31
2559,1,10403,1845,8558,0,0,0,1.0,1,1.0,1,1.0,1,0.33871473935405827,30
2560,2,10405,1845,8560,0,0,0,1.0,1,1.0,1,1.0,1,0.3209835801179924,30
2561,8,10413,1845,8568,0,0,0,1.0,1,1.0,1,1.0,1,0.13441814748015227,30
2562,6,10419,1845,8574,0,0,0,1.0,1,1.0,1,1.0,1,0.11404276540497656,33
2563,2,10421,1845,8576,0,0,0,1.0,1,1.0,1,1.0,1,0.11404276540497656,33
2564,2,10423,1845,8578,0,0,0,1.0,1,1.0,1,1.0,1,0.11768979786457706,33
2565,1,10424,1845,8579,0,0,0,1.0,1,1.0,1,1.0,1,0.13655551870276492,33
2566,6,10430,1845,8585,0,0,0,1.0,1,1.0,1,1.0,1,0.1322446970555709,35
2567,7,10437,1846,8591,0,0,0,1.0,1,1.0,1,1.0,1,0.18233408201576617,36
2568,8,10445,1847,8598,0,0,0,1.0,1,1.0,1,1.0,1,0.18001247883039503,37
2569,7,10452,1847,8605,0,0,0,1.0,1,1.0,1,1.0,1,0.167647435100541,37
2570,4,10456,1847,8609,0,0,0,1.0,1,1.0,1,1.0,1,0.22507680422254725,37
2571,3,10459,1847,8612,0,0,0,1.0,1,1.0,1,1.0,1,0.2111597022955337,37
2572,8,10467,1847,8620,0,0,0,1.0,1,1.0,1,1.0,1,0.1884602810651618,39
2573,5,10472,1847,8625,0,0,0,1.0,1,1.0,1,1.0,1,0.20504449849575726,39
2574,7,10479,1848,8631,0,0,0,1.0,1,1.0,1,1.0,1,0.17031904501335587,38
2575,8,10487,1848,8639,0,0,0,1.0,1,1.0,1,1.0,1,0.17031904501335587,38
2576,8,10495,1848,8647,0,0,0,1.0,1,1.0,1,1.0,1,0.1969362447337508,37
2577,6,10501,1848,8653,0,0,0,1.0,1,1.0,1,1.0,1,0.1900157910348549,39
2578,7,10508,1848,8660,0,0,0,1.0,1,1.0,1,1.0,1,0.19501357541154649,40
2579,12,10520,1848,8672,0,0,0,1.0,1,1.0,1,1.0,1,0.16010031830250535,41
2580,9,10529,1848,8681,0,0,0,1.0,1,1.0,1,1.0,1,0.1763148238988265,42
2581,1,10530,1848,8682,0,0,0,1.0,1,1.0,1,1.0,1,0.1467951754770281,43
2582,0,10530,1848,8682,0,0,0,1.0,1,1.0,1,1.0,1,0.1467951754770281,43
2583,0,10530,1848,8682,0,0,0,1.0,1,1.0,1,1.0,1,0.14585855627385227,43
2584,3,10533,1848,8685,0,0,0,1.0,1,1.0,1,1.0,1,0.14146356863983947,43
2585,3,10536,1850,8686,0,0,0,1.0,1,1.0,1,1.0,1,0.15015793031874025,44
2586,3,10539,1850,8689,0,0,0,1.0,1,1.0,1,1.0,1,0.12210113574980024,43
2587,4,10543,1852,8691,0,0,0,1.0,1,1.0,1,1.0,1,0.12752918126398324,44
2588,1,10544,1852,8692,0,0,0,1.0,1,1.0,1,1.0,1,0.10701471746281929,44
2589,3,10547,1853,8694,0,0,0,1.0,1,1.0,1,1.0,1,0.11704391309876003,44
2590,2,10549,1854,8695,0,0,0,1.0,1,1.0,1,1.0,1,0.0891093795367181,44
2591,0,10549,1854,8695,0,0,0,1.0,1,1.0,1,1.0,1,0.0891093795367181,44
2592,0,10549,1854,8695,0,0,0,1.0,1,1.0,1,1.0,1,0.0891093795367181,44
2593,0,10549,1854,8695,0,0,0,1.0,1,1.0,1,1.0,1,0.06901007650635002,43
2594,6,10555,1857,8698,0,0,0,1.0,1,1.0,1,1.0,1,0.07717417710147158,48
2595,3,10558,1857,8701,0,0,0,1.0,1,1.0,1,1.0,1,0.07112879249178004,45
2596,5,10563,1859,8704,0,0,0,1.0,1,1.0,1,1.0,1,0.09571811381838004,46
2597,5,10568,1861,8707,0,0,0,1.0,1,1.0,1,1.0,1,0.11235205026804046,45
2598,2,10570,1862,8708,0,0,0,1.0,1,1.0,1,1.0,1,0.15442973703482285,45
2599,2,10572,1864,8708,0,0,0,1.0,1,1.0,1,1.0,1,0.18323650609473027,45
2600,5,10577,1865,8712,0,0,0,1.0,1,1.0,1,1.0,1,0.14056895811881817,48
2601,4,10581,1865,8716,0,0,0,1.0,1,1.0,1,1.0,1,0.08255519150924497,47
2602,1,10582,1865,8717,0,0,0,1.0,1,1.0,1,1.0,1,0.11549646350496227,48
2603,2,10584,1865,8719,0,0,0,1.0,1,1.0,1,1.0,1,0.09645175042224055,48
2604,0,10584,1865,8719,0,0,0,1.0,1,1.0,1,1.0,1,0.0992192454485993,47
2605,3,10587,1867,8720,0,0,0,1.0,1,1.0,1,1.0,1,0.13315978306323709,47
2606,1,10588,1867,8721,0,0,0,1.0,1,1.0,1,1.0,1,0.10171180442824374,46
2607,2,10590,1868,8722,0,0,0,1.0,1,1.0,1,1.0,1,0.1509853694596324,45
2608,5,10595,1871,8724,0,0,0,1.0,1,1.0,1,1.0,1,0.1770780423784106,45
2609,2,10597,1872,8725,0,0,0,1.0,1,1.0,1,1.0,1,0.1591420540080419,44
2610,4,10601,1873,8728,0,0,0,1.0,1,1.0,1,1.0,1,0.16505383345870134,45
2611,4,10605,1875,8730,0,0,0,1.0,1,1.0,1,1.0,1,0.17840035854069416,46
2612,2,10607,1876,8731,0,0,0,1.0,1,1.0,1,1.0,1,0.20134960848047667,47
2613,5,10612,1877,8735,0,0,0,1.0,1,1.0,1,1.0,1,0.19390224458894584,48
2614,5,10617,1879,8738,0,0,0,1.0,1,1.0,1,1.0,1,0.2484120099303373,48
2615,6,10623,1881,8742,0,0,0,1.0,1,1.0,1,1.0,1,0.23580779042614067,49
2616,6,10629,1881,8748,0,0,0,1.0,1,1.0,1,1.0,1,0.2543054359432568,49
2617,6,10635,1881,8754,0,0,0,1.0,1,1.0,1,1.0,1,0.2520081496617995,48
2618,5,10640,1881,8759,0,0,0,1.0,1,1.0,1,1.0,1,0.23181233459196462,47
2619,3,10643,1881,8762,0,0,0,1.0,1,1.0,1,1.0,1,0.2339417084798079,50
2620,7,10650,1882,8768,0,0,0,1.0,1,1.0,1,1.0,1,0.22633305850587634,51
2621,14,10664,1883,8781,0,0,0,1.0,1,1.0,1,1.0,1,0.14459575518837278,52
2622,7,10671,1885,8786,0,0,0,1.0,1,1.0,1,1.0,1,0.08863847919533849,52
2623,4,10675,1886,8789,0,0,0,1.0,1,1.0,1,1.0,1,0.14676205411929014,53
2624,4,10679,1886,8793,0,0,0,1.0,1,1.0,1,1.0,1,0.14783976321674874,51
2625,7,10686,1886,8800,0,0,0,1.0,1,1.0,1,1.0,1,0.19030948942701453,50
2626,5,10691,1888,8803,0,0,0,1.0,1,1.0,1,1.0,1,0.12588421492780513,49
2627,1,10692,1889,8803,0,0,0,1.0,1,1.0,1,1.0,1,0.15024087425096638,48
2628,3,10695,1891,8804,0,0,0,1.0,1,1.0,1,1.0,1,0.11818684721695366,48
2629,2,10697,1892,8805,0,0,0,1.0,1,1.0,1,1.0,1,0.136820908906259,47
2630,1,10698,1893,8805,0,0,0,1.0,1,1.0,1,1.0,1,0.19227432878466333,47
2631,1,10699,1894,8805,0,0,0,1.0,1,1.0,1,1.0,1,0.16934552633518862,47
2632,0,10699,1894,8805,0,0,0,1.0,1,1.0,1,1.0,1,0.17432021039695178,47
2633,5,10704,1895,8809,0,0,0,1.0,1,1.0,1,1.0,1,0.18098896877287726,44
2634,0,10704,1895,8809,0,0,0,1.0,1,1.0,1,1.0,1,0.18089546597504866,44
2635,2,10706,1897,8809,0,0,0,1.0,1,1.0,1,1.0,1,0.18186855651400027,45
2636,6,10712,1899,8813,0,0,0,1.0,1,1.0,1,1.0,1,0.23619131060478715,40
2637,3,10715,1900,8815,0,0,0,1.0,1,1.0,1,1.0,1,0.1581762156359497,41
2638,1,10716,1901,8815,0,0,0,1.0,1,1.0,1,1.0,1,0.15230253958312348,38
2639,0,10716,1901,8815,0,0,0,1.0,1,1.0,1,1.0,1,0.16822377010219944,39
2640,2,10718,1902,8816,0,0,0,1.0,1,1.0,1,1.0,1,0.21937538126023567,38
2641,7,10725,1904,8821,0,0,0,1.0,1,1.0,1,1.0,1,0.13480977737158956,37
2642,6,10731,1906,8825,0,0,0,1.0,1,1.0,1,1.0,1,0.11717395542326382,38
2643,3,10734,1907,8827,0,0,0,1.0,1,1.0,1,1.0,1,0.09710524010709275,37
2644,1,10735,1908,8827,0,0,0,1.0,1,1.0,1,1.0,1,0.11003498406011256,36
2645,1,10736,1909,8827,0,0,0,1.0,1,1.0,1,1.0,1,0.10207046749796089,35
2646,1,10737,1910,8827,0,0,0,1.0,1,1.0,1,1.0,1,0.14567690709201325,35
2647,4,10741,1913,8828,0,0,0,1.0,1,1.0,1,1.0,1,0.1336151626515059,35
2648,1,10742,1913,8829,0,0,0,1.0,1,1.0,1,1.0,1,0.1487570916387803,36
2649,1,10743,1913,8830,0,0,0,1.0,1,1.0,1,1.0,1,0.15750099670176831,37
2650,5,10748,1914,8834,0,0,0,1.0,1,1.0,1,1.0,1,0.18217535695274362,39
2651,2,10750,1915,8835,0,0,0,1.0,1,1.0,1,1.0,1,0.1336939333478961,39
2652,1,10751,1915,8836,0,0,0,1.0,1,1.0,1,1.0,1,0.14917553422462584,39
2653,2,10753,1915,8838,0,0,0,1.0,1,1.0,1,1.0,1,0.14917553422462584,39
2654,3,10756,1915,8841,0,0,0,1.0,1,1.0,1,1.0,1,0.11875750854392027,40
2655,4,10760,1916,8844,0,0,0,1.0,1,1.0,1,1.0,1,0.1705176331122758,40
2656,7,10767,1919,8848,0,0,0,1.0,1,1.0,1,1.0,1,0.2750480178464461,39
2657,6,10773,1921,8852,0,0,0,1.0,1,1.0,1,1.0,1,0.2701984719167251,40
2658,9,10782,1921,8861,0,0,0,1.0,1,1.0,1,1.0,1,0.3013741875701314,41
2659,5,10787,1921,8866,0,0,0,1.0,1,1.0,1,1.0,1,0.3085120565232651,41
2660,6,10793,1921,8872,0,0,0,1.0,1,1.0,1,1.0,1,0.2823185298470065,40
2661,8,10801,1921,8880,0,0,0,1.0,1,1.0,1,1.0,1,0.09718974344861885,40
2662,6,10807,1922,8885,0,0,0,1.0,1,1.0,1,1.0,1,0.14061346548983297,42
2663,2,10809,1922,8887,0,0,0,1.0,1,1.0,1,1.0,1,0.1356427572069103,41
2664,4,10813,1924,8889,0,0,0,1.0,1,1.0,1,1.0,1,0.16156853122279977,42
2665,7,10820,1925,8895,0,0,0,1.0,1,1.0,1,1.0,1,0.15670007582788714,43
2666,2,10822,1925,8897,0,0,0,1.0,1,1.0,1,1.0,1,0.15959369252130098,44
2667,5,10827,1927,8900,0,0,0,1.0,1,1.0,1,1.0,1,0.2486073132872217,42
2668,4,10831,1928,8903,0,0,0,1.0,1,1.0,1,1.0,1,0.2286538255950918,41
2669,4,10835,1928,8907,0,0,0,1.0,1,1.0,1,1.0,1,0.2101842234901935,42
2670,2,10837,1928,8909,0,0,0,1.0,1,1.0,1,1.0,1,0.23990405846708876,40
2671,4,10841,1930,8911,0,0,0,1.0,1,1.0,1,1.0,1,0.2616247703089875,39
2672,1,10842,1930,8912,0,0,0,1.0,1,1.0,1,1.0,1,0.27108257484881726,36
2673,3,10845,1931,8914,0,0,0,1.0,1,1.0,1,1.0,1,0.2959802197399124,35
2674,2,10847,1932,8915,0,0,0,1.0,1,1.0,1,1.0,1,0.32288519268839994,33
2675,4,10851,1933,8918,0,0,0,1.0,1,1.0,1,1.0,1,0.3130964311609992,34
2676,1,10852,1933,8919,0,0,0,1.0,1,1.0,1,1.0,1,0.3538825626074317,32
2677,3,10855,1933,8922,0,0,0,1.0,1,1.0,1,1.0,1,0.3725815130872572,33
2678,1,10856,1933,8923,0,0,0,1.0,1,1.0,1,1.0,1,0.3373954039879598,33
2679,2,10858,1933,8925,0,0,0,1.0,1,1.0,1,1.0,1,0.3202488630142178,32
2680,3,10861,1934,8927,0,0,0,1.0,1,1.0,1,1.0,1,0.3552183569261529,32
2681,7,10868,1934,8934,0,0,0,1.0,1,1.0,1,1.0,1,0.1537088229915223,32
2682,4,10872,1935,8937,0,0,0,1.0,1,1.0,1,1.0,1,0.14389136667560815,33
2683,0,10872,1935,8937,0,0,0,1.0,1,1.0,1,1.0,1,0.12628225346358948,32
2684,3,10875,1935,8940,0,0,0,1.0,1,1.0,1,1.0,1,0.15731421861559494,31
2685,3,10878,1935,8943,0,0,0,1.0,1,1.0,1,1.0,1,0.15132848964577195,31
2686,3,10881,1935,8946,0,0,0,1.0,1,1.0,1,1.0,1,0.16236439820584292,30
2687,7,10888,1936,8952,0,0,0,1.0,1,1.0,1,1.0,1,0.22813268441028672,30
2688,8,10896,1936,8960,0,0,0,1.0,1,1.0,1,1.0,1,0.21262234345863976,30
2689,9,10905,1937,8968,0,0,0,1.0,1,1.0,1,1.0,1,0.22469848527509373,31
2690,7,10912,1937,8975,0,0,0,1.0,1,1.0,1,1.0,1,0.22177834743806413,31
2691,4,10916,1938,8978,0,0,0,1.0,1,1.0,1,1.0,1,0.23274157221403413,32
2692,8,10924,1940,8984,0,0,0,1.0,1,1.0,1,1.0,1,0.25454007321891275,32
2693,5,10929,1942,8987,0,0,0,1.0,1,1.0,1,1.0,1,0.25227752669239917,33
2694,5,10934,1942,8992,0,0,0,1.0,1,1.0,1,1.0,1,0.25503455634279165,34
2695,6,10940,1943,8997,0,0,0,1.0,1,1.0,1,1.0,1,0.2252537342424517,35
2696,7,10947,1943,9004,0,0,0,1.0,1,1.0,1,1.0,1,0.282867666629014,35
2697,6,10953,1943,9010,0,0,0,1.0,1,1.0,1,1.0,1,0.22224574426207966,35
2698,12,10965,1943,9022,0,0,0,1.0,1,1.0,1,1.0,1,0.2798542449606367,36
2699,5,10970,1944,9026,0,0,0,1.0,1,1.0,1,1.0,1,0.32692383038323,36
2700,6,10976,1944,9032,0,0,0,1.0,1,1.0,1,1.0,1,0.3158540719448924,37
2701,10,10986,1944,9042,0,0,0,1.0,1,1.0,1,1.0,1,0.23281110103796004,37
2702,3,10989,1945,9044,0,0,0,1.0,1,1.0,1,1.0,1,0.2044514418937298,37
2703,4,10993,1946,9047,0,0,0,1.0,1,1.0,1,1.0,1,0.24501767131752758,38
2704,6,10999,1946,9053,0,0,0,1.0,1,1.0,1,1.0,1,0.26485301945566414,37
2705,8,11007,1947,9060,0,0,0,1.0,1,1.0,1,1.0,1,0.21546660515955532,36
2706,5,11012,1949,9063,0,0,0,1.0,1,1.0,1,1.0,1,0.24435833928343792,36
2707,2,11014,1949,9065,0,0,0,1.0,1,1.0,1,1.0,1,0.24460336757005177,35
2708,2,11016,1950,9066,0,0,0,1.0,1,1.0,1,1.0,1,0.2568645583242348,36
2709,2,11018,1951,9067,0,0,0,1.0,1,1.0,1,1.0,1,0.24097871284052574,32
2710,1,11019,1952,9067,0,0,0,1.0,1,1.0,1,1.0,1,0.3061445967784145,29
2711,2,11021,1954,9067,0,0,0,1.0,1,1.0,1,1.0,1,0.40683335011146055,29
2712,2,11023,1954,9069,0,0,0,1.0,1,1.0,1,1.0,1,0.4578290308400894,28
2713,2,11025,1954,9071,0,0,0,1.0,1,1.0,1,1.0,1,0.44692264121525793,28
2714,1,11026,1954,9072,0,0,0,1.0,1,1.0,1,1.0,1,0.4268048759482888,26
2715,0,11026,1954,9072,0,0,0,1.0,1,1.0,1,1.0,1,0.42525797358596074,24
2716,5,11031,1955,9076,0,0,0,1.0,1,1.0,1,1.0,1,0.35915803096096754,24
2717,3,11034,1956,9078,0,0,0,1.0,1,1.0,1,1.0,1,0.26970963436214646,25
2718,0,11034,1956,9078,0,0,0,1.0,1,1.0,1,1.0,1,0.28945056045971695,25
2719,4,11038,1959,9079,0,0,0,1.0,1,1.0,1,1.0,1,0.3534348420501794,25
2720,3,11041,1961,9080,0,0,0,1.0,1,1.0,1,1.0,1,0.37580210160972327,25
2721,10,11051,1964,9087,0,0,0,1.0,1,1.0,1,1.0,1,0.20615815219684533,25
2722,3,11054,1965,9089,0,0,0,1.0,1,1.0,1,1.0,1,0.22383179618149074,26
2723,2,11056,1965,9091,0,0,0,1.0,1,1.0,1,1.0,1,0.22383179618149074,26
2724,4,11060,1966,9094,0,0,0,1.0,1,1.0,1,1.0,1,0.1891323579619887,27
2725,3,11063,1966,9097,0,0,0,1.0,1,1.0,1,1.0,1,0.19748711442785902,28
2726,1,11064,1967,9097,0,0,0,1.0,1,1.0,1,1.0,1,0.22170764495001738,28
2727,2,11066,1967,9099,0,0,0,1.0,1,1.0,1,1.0,1,0.2125027093836909,29
2728,2,11068,1967,9101,0,0,0,1.0,1,1.0,1,1.0,1,0.22721126897957064,29
2729,7,11075,1969,9106,0,0,0,1.0,1,1.0,1,1.0,1,0.25639260588579693,29
2730,4,11079,1969,9110,0,0,0,1.0,1,1.0,1,1.0,1,0.30712415027269463,29
2731,7,11086,1970,9116,0,0,0,1.0,1,1.0,1,1.0,1,0.23646483705621354,30
2732,7,11093,1970,9123,0,0,0,1.0,1,1.0,1,1.0,1,0.29530939585597166,29
2733,4,11097,1970,9127,0,0,0,1.0,1,1.0,1,1.0,1,0.3290495024617842,29
2734,5,11102,1970,9132,0,0,0,1.0,1,1.0,1,1.0,1,0.3236274468545806,29
2735,5,11107,1971,9136,0,0,0,1.0,1,1.0,1,1.0,1,0.3274344948703743,29
2736,6,11113,1972,9141,0,0,0,1.0,1,1.0,1,1.0,1,0.3453570984010817,30
2737,5,11118,1972,9146,0,0,0,1.0,1,1.0,1,1.0,1,0.39105356140754455,30
2738,5,11123,1974,9149,0,0,0,1.0,1,1.0,1,1.0,1,0.3197643120028243,30
2739,9,11132,1975,9157,0,0,0,1.0,1,1.0,1,1.0,1,0.309391303113904,29
2740,10,11142,1976,9166,0,0,0,1.0,1,1.0,1,1.0,1,0.3677947624987048,29
2741,9,11151,1976,9175,0,0,0,1.0,1,1.0,1,1.0,1,0.21225927457771362,28
2742,2,11153,1977,9176,0,0,0,1.0,1,1.0,1,1.0,1,0.20834874117288324,28
2743,4,11157,1978,9179,0,0,0,1.0,1,1.0,1,1.0,1,0.2513330526139617,29
2744,4,11161,1979,9182,0,0,0,1.0,1,1.0,1,1.0,1,0.20771218890002793,27
2745,2,11163,1979,9184,0,0,0,1.0,1,1.0,1,1.0,1,0.112888512616696,25
2746,1,11164,1979,9185,0,0,0,1.0,1,1.0,1,1.0,1,0.15574833448396988,25
2747,2,11166,1980,9186,0,0,0,1.0,1,1.0,1,1.0,1,0.15944587597311446,23
2748,2,11168,1981,9187,0,0,0,1.0,1,1.0,1,1.0,1,0.15519215638805944,22
2749,1,11169,1981,9188,0,0,0,1.0,1,1.0,1,1.0,1,0.21945631794199918,19
2750,3,11172,1983,9189,0,0,0,1.0,1,1.0,1,1.0,1,0.2505901427529166,18
2751,2,11174,1983,9191,0,0,0,1.0,1,1.0,1,1.0,1,0.3052820545945243,16
2752,1,11175,1983,9192,0,0,0,1.0,1,1.0,1,1.0,1,0.3182502403656378,15
2753,1,11176,1983,9193,0,0,0,1.0,1,1.0,1,1.0,1,0.3402832706472336,15
2754,2,11178,1983,9195,0,0,0,1.0,1,1.0,1,1.0,1,0.3402832706472336,15
2755,1,11179,1983,9196,0,0,0,1.0,1,1.0,1,1.0,1,0.3182502403656378,15
2756,4,11183,1983,9200,0,0,0,1.0,1,1.0,1,1.0,1,0.35419233855235666,16
2757,2,11185,1983,9202,0,0,0,1.0,1,1.0,1,1.0,1,0.28988027980341374,17
2758,2,11187,1983,9204,0,0,0,1.0,1,1.0,1,1.0,1,0.28988027980341374,17
2759,1,11188,1983,9205,0,0,0,1.0,1,1.0,1,1.0,1,0.26682495152622715,18
2760,2,11190,1983,9207,0,0,0,1.0,1,1.0,1,1.0,1,0.26682495152622715,18
2761,2,11192,1983,9209,0,0,0,1.0,1,1.0,1,1.0,1,0.2319706964055061,18
2762,1,11193,1983,9210,0,0,0,1.0,1,1.0,1,1.0,1,0.18229131509732122,18
2763,3,11196,1983,9213,0,0,0,1.0,1,1.0,1,1.0,1,0.20972551526838706,17
2764,5,11201,1986,9215,0,0,0,1.0,1,1.0,1,1.0,1,0.4237041298122945,17
2765,2,11203,1986,9217,0,0,0,1.0,1,1.0,1,1.0,1,0.43163705398567104,18
2766,1,11204,1986,9218,0,0,0,1.0,1,1.0,1,1.0,1,0.40711643682161736,18
2767,1,11205,1986,9219,0,0,0,1.0,1,1.0,1,1.0,1,0.43163705398567104,18
2768,3,11208,1986,9222,0,0,0,1.0,1,1.0,1,1.0,1,0.360297890852389,18
2769,1,11209,1986,9223,0,0,0,1.0,1,1.0,1,1.0,1,0.3562994907780048,18
2770,2,11211,1986,9225,0,0,0,1.0,1,1.0,1,1.0,1,0.3562994907780048,18
2771,2,11213,1986,9227,0,0,0,1.0,1,1.0,1,1.0,1,0.3562994907780048,18
2772,3,11216,1986,9230,0,0,0,1.0,1,1.0,1,1.0,1,0.36024750887763735,18
2773,2,11218,1986,9232,0,0,0,1.0,1,1.0,1,1.0,1,0.36024750887763735,18
2774,2,11220,1986,9234,0,0,0,1.0,1,1.0,1,1.0,1,0.3439810720154428,20
2775,3,11223,1986,9237,0,0,0,1.0,1,1.0,1,1.0,1,0.3042420510153478,21
2776,2,11225,1987,9238,0,0,0,1.0,1,1.0,1,1.0,1,0.34539617089036434,21
2777,4,11229,1987,9242,0,0,0,1.0,1,1.0,1,1.0,1,0.3230488902470035,22
2778,3,11232,1987,9245,0,0,0,1.0,1,1.0,1,1.0,1,0.28285290400858426,24
2779,2,11234,1988,9246,0,0,0,1.0,1,1.0,1,1.0,1,0.30170751298769044,24
2780,2,11236,1988,9248,0,0,0,1.0,1,1.0,1,1.0,1,0.30170751298769044,24
2781,3,11239,1988,9251,0,0,0,1.0,1,1.0,1,1.0,1,0.1762733647717648,24
2782,1,11240,1988,9252,0,0,0,1.0,1,1.0,1,1.0,1,0.16345525662471683,24
2783,0,11240,1988,9252,0,0,0,1.0,1,1.0,1,1.0,1,0.16345525662471683,24
2784,3,11243,1990,9253,0,0,0,1.0,1,1.0,1,1.0,1,0.2891938992232523,24
2785,2,11245,1991,9254,0,0,0,1.0,1,1.0,1,1.0,1,0.23275940106781196,22
2786,1,11246,1991,9255,0,0,0,1.0,1,1.0,1,1.0,1,0.22940978753218624,22
2787,1,11247,1991,9256,0,0,0,1.0,1,1.0,1,1.0,1,0.18302697614679939,21
2788,0,11247,1991,9256,0,0,0,1.0,1,1.0,1,1.0,1,0.22685196961289616,20
2789,1,11248,1992,9256,0,0,0,1.0,1,1.0,1,1.0,1,0.22855381608471642,20
2790,0,11248,1992,9256,0,0,0,1.0,1,1.0,1,1.0,1,0.2518024681687705,21
2791,1,11249,1993,9256,0,0,0,1.0,1,1.0,1,1.0,1,0.2618024913883804,21
2792,0,11249,1993,9256,0,0,0,1.0,1,1.0,1,1.0,1,0.2618024913883804,21
2793,0,11249,1993,9256,0,0,0,1.0,1,1.0,1,1.0,1,0.281257524806138,18
2794,0,11249,1993,9256,0,0,0,1.0,1,1.0,1,1.0,1,0.281257524806138,18
2795,0,11249,1993,9256,0,0,0,1.0,1,1.0,1,1.0,1,0.21234300932516612,20
2796,1,11250,1994,9256,0,0,0,1.0,1,1.0,1,1.0,1,0.18907804252587282,21
2797,0,11250,1994,9256,0,0,0,1.0,1,1.0,1,1.0,1,0.18907804252587282,21
2798,0,11250,1994,9256,0,0,0,1.0,1,1.0,1,1.0,1,0.18907804252587282,21
2799,0,11250,1994,9256,0,0,0,1.0,1,1.0,1,1.0,1,0.21234785215891627,22
2800,0,11250,1994,9256,0,0,0,1.0,1,1.0,1,1.0,1,0.21234785215891627,22
2801,2,11252,1995,9257,0,0,0,1.0,1,1.0,1,1.0,1,0.23520191439498772,22
2802,0,11252,1995,9257,0,0,0,1.0,1,1.0,1,1.0,1,0.23520191439498772,22
2803,1,11253,1996,9257,0,0,0,1.0,1,1.0,1,1.0,1,0.2662998382386829,22
2804,0,11253,1996,9257,0,0,0,1.0,1,1.0,1,1.0,1,0.270512341522466,23
2805,0,11253,1996,9257,0,0,0,1.0,1,1.0,1,1.0,1,0.270512341522466,23
2806,0,11253,1996,9257,0,0,0,1.0,1,1.0,1,1.0,1,0.270512341522466,23
2807,0,11253,1996,9257,0,0,0,1.0,1,1.0,1,1.0,1,0.25260818694034437,24
2808,0,11253,1996,9257,0,0,0,1.0,1,1.0,1,1.0,1,0.25260818694034437,24
2809,3,11256,1997,9259,0,0,0,1.0,1,1.0,1,1.0,1,0.2853485296712681,25
2810,1,11257,1997,9260,0,0,0,1.0,1,1.0,1,1.0,1,0.2587797049264803,24
2811,2,11259,1997,9262,0,0,0,1.0,1,1.0,1,1.0,1,0.2724678537003433,26
2812,2,11261,1998,9263,0,0,0,1.0,1,1.0,1,1.0,1,0.3210076322054969,26
2813,4,11265,1999,9266,0,0,0,1.0,1,1.0,1,1.0,1,0.24705860838769655,27
2814,6,11271,2001,9270,0,0,0,1.0,1,1.0,1,1.0,1,0.2681093510861312,29
2815,2,11273,2001,9272,0,0,0,1.0,1,1.0,1,1.0,1,0.2592231019345234,29
2816,3,11276,2001,9275,0,0,0,1.0,1,1.0,1,1.0,1,0.2681436469464582,29
2817,1,11277,2001,9276,0,0,0,1.0,1,1.0,1,1.0,1,0.2697604114266662,29
2818,8,11285,2002,9283,0,0,0,1.0,1,1.0,1,1.0,1,0.3689377407576129,29
2819,3,11288,2002,9286,0,0,0,1.0,1,1.0,1,1.0,1,0.38233552179519276,30
2820,8,11296,2002,9294,0,0,0,1.0,1,1.0,1,1.0,1,0.3508914725815122,30
2821,4,11300,2003,9297,0,0,0,1.0,1,1.0,1,1.0,1,0.2344990445881764,31
2822,6,11306,2004,9302,0,0,0,1.0,1,1.0,1,1.0,1,0.20235416142683862,30
2823,0,11306,2004,9302,0,0,0,1.0,1,1.0,1,1.0,1,0.19659415343170225,27
2824,4,11310,2004,9306,0,0,0,1.0,1,1.0,1,1.0,1,0.1491917501524259,28
2825,4,11314,2007,9307,0,0,0,1.0,1,1.0,1,1.0,1,0.15611828523348178,28
2826,3,11317,2008,9309,0,0,0,1.0,1,1.0,1,1.0,1,0.23366850342587006,27
2827,1,11318,2009,9309,0,0,0,1.0,1,1.0,1,1.0,1,0.21341645586826982,28
2828,3,11321,2009,9312,0,0,0,1.0,1,1.0,1,1.0,1,0.2179738599055321,28
2829,1,11322,2010,9312,0,0,0,1.0,1,1.0,1,1.0,1,0.23288378944832122,27
2830,1,11323,2010,9313,0,0,0,1.0,1,1.0,1,1.0,1,0.22334124203763378,27
2831,0,11323,2010,9313,0,0,0,1.0,1,1.0,1,1.0,1,0.22334124203763378,27
2832,0,11323,2010,9313,0,0,0,1.0,1,1.0,1,1.0,1,0.2598774189554703,27
2833,0,11323,2010,9313,0,0,0,1.0,1,1.0,1,1.0,1,0.25678284030723864,26
2834,3,11326,2012,9314,0,0,0,1.0,1,1.0,1,1.0,1,0.125637047796132,26
2835,2,11328,2013,9315,0,0,0,1.0,1,1.0,1,1.0,1,0.15642364862421698,25
2836,1,11329,2013,9316,0,0,0,1.0,1,1.0,1,1.0,1,0.12266255552100717,27
2837,0,11329,2013,9316,0,0,0,1.0,1,1.0,1,1.0,1,0.1514079452007232,27
2838,2,11331,2013,9318,0,0,0,1.0,1,1.0,1,1.0,1,0.1514079452007232,27
2839,2,11333,2014,9319,0,0,0,1.0,1,1.0,1,1.0,1,0.19923673801300854,29
2840,2,11335,2015,9320,0,0,0,1.0,1,1.0,1,1.0,1,0.18234450695631924,29
2841,3,11338,2015,9323,0,0,0,1.0,1,1.0,1,1.0,1,0.11993720592195363,31
2842,1,11339,2015,9324,0,0,0,1.0,1,1.0,1,1.0,1,0.1358014291586301,31
2843,5,11344,2016,9328,0,0,0,1.0,1,1.0,1,1.0,1,0.12654253825746425,32
2844,5,11349,2018,9331,0,0,0,1.0,1,1.0,1,1.0,1,0.17540493157773196,33
2845,7,11356,2018,9338,0,0,0,1.0,1,1.0,1,1.0,1,0.2276645233701798,32
2846,6,11362,2019,9343,0,0,0,1.0,1,1.0,1,1.0,1,0.29244842869902893,33
2847,3,11365,2019,9346,0,0,0,1.0,1,1.0,1,1.0,1,0.30677566495718844,32
2848,7,11372,2020,9352,0,0,0,1.0,1,1.0,1,1.0,1,0.3292586408291873,33
2849,7,11379,2020,9359,0,0,0,1.0,1,1.0,1,1.0,1,0.2782453901150203,34
2850,7,11386,2022,9364,0,0,0,1.0,1,1.0,1,1.0,1,0.23031593300150646,34
2851,4,11390,2022,9368,0,0,0,1.0,1,1.0,1,1.0,1,0.26397506608790167,34
2852,9,11399,2025,9374,0,0,0,1.0,1,1.0,1,1.0,1,0.24483520368274234,35
2853,9,11408,2027,9381,0,0,0,1.0,1,1.0,1,1.0,1,0.2664404072322226,36
2854,11,11419,2027,9392,0,0,0,1.0,1,1.0,1,1.0,1,0.2822623193155448,37
2855,13,11432,2029,9403,0,0,0,1.0,1,1.0,1,1.0,1,0.2339374381490969,38
2856,8,11440,2029,9411,0,0,0,1.0,1,1.0,1,1.0,1,0.2678504533828603,38
2857,8,11448,2030,9418,0,0,0,1.0,1,1.0,1,1.0,1,0.28690842369472186,39
2858,9,11457,2030,9427,0,0,0,1.0,1,1.0,1,1.0,1,0.2706339515866887,40
2859,8,11465,2030,9435,0,0,0,1.0,1,1.0,1,1.0,1,0.2612835787824665,40
2860,9,11474,2031,9443,0,0,0,1.0,1,1.0,1,1.0,1,0.21713521490186588,40
2861,3,11477,2032,9445,0,0,0,1.0,1,1.0,1,1.0,1,0.19497877730636723,38
2862,3,11480,2033,9447,0,0,0,1.0,1,1.0,1,1.0,1,0.20020683299963232,38
2863,3,11483,2034,9449,0,0,0,1.0,1,1.0,1,1.0,1,0.20397911147377162,38
2864,2,11485,2036,9449,0,0,0,1.0,1,1.0,1,1.0,1,0.24026827256077482,36
2865,3,11488,2039,9449,0,0,0,1.0,1,1.0,1,1.0,1,0.24510553466645943,34
2866,1,11489,2039,9450,0,0,0,1.0,1,1.0,1,1.0,1,0.22033805708293522,31
2867,2,11491,2040,9451,0,0,0,1.0,1,1.0,1,1.0,1,0.2707697194828628,30
2868,4,11495,2044,9451,0,0,0,1.0,1,1.0,1,1.0,1,0.33881852253209194,27
2869,2,11497,2045,9452,0,0,0,1.0,1,1.0,1,1.0,1,0.27309393505089824,27
2870,1,11498,2046,9452,0,0,0,1.0,1,1.0,1,1.0,1,0.33329858721724104,25
2871,2,11500,2047,9453,0,0,0,1.0,1,1.0,1,1.0,1,0.24265199811293642,25
2872,2,11502,2048,9454,0,0,0,1.0,1,1.0,1,1.0,1,0.2457098675466524,23
2873,1,11503,2049,9454,0,0,0,1.0,1,1.0,1,1.0,1,0.2533365624314673,24
2874,1,11504,2050,9454,0,0,0,1.0,1,1.0,1,1.0,1,0.2906055124343963,24
2875,1,11505,2050,9455,0,0,0,1.0,1,1.0,1,1.0,1,0.3281008033433333,23
2876,0,11505,2050,9455,0,0,0,1.0,1,1.0,1,1.0,1,0.30555788208340284,24
2877,2,11507,2052,9455,0,0,0,1.0,1,1.0,1,1.0,1,0.31992911341900077,24
2878,1,11508,2053,9455,0,0,0,1.0,1,1.0,1,1.0,1,0.38007570399377827,24
2879,2,11510,2054,9456,0,0,0,1.0,1,1.0,1,1.0,1,0.3830372371941796,25
2880,0,11510,2054,9456,0,0,0,1.0,1,1.0,1,1.0,1,0.39384055929619544,26
2881,6,11516,2054,9462,0,0,0,1.0,1,1.0,1,1.0,1,0.25420091784216814,26
2882,1,11517,2054,9463,0,0,0,1.0,1,1.0,1,1.0,1,0.20466925720547688,27
2883,3,11520,2054,9466,0,0,0,1.0,1,1.0,1,1.0,1,0.1576778651014799,28
2884,0,11520,2054,9466,0,0,0,1.0,1,1.0,1,1.0,1,0.19075591496854818,29
2885,1,11521,2054,9467,0,0,0,1.0,1,1.0,1,1.0,1,0.1853468521688051,31
2886,1,11522,2054,9468,0,0,0,1.0,1,1.0,1,1.0,1,0.1792046028249303,31
2887,1,11523,2055,9468,0,0,0,1.0,1,1.0,1,1.0,1,0.1840402000544171,33
2888,4,11527,2056,9471,0,0,0,1.0,1,1.0,1,1.0,1,0.22215407566555867,34
2889,2,11529,2056,9473,0,0,0,1.0,1,1.0,1,1.0,1,0.21064417428539797,35
2890,2,11531,2057,9474,0,0,0,1.0,1,1.0,1,1.0,1,0.20680163921794065,35
2891,3,11534,2058,9476,0,0,0,1.0,1,1.0,1,1.0,1,0.2002677360831384,35
2892,3,11537,2059,9478,0,0,0,1.0,1,1.0,1,1.0,1,0.2269451076840734,35
2893,4,11541,2059,9482,0,0,0,1.0,1,1.0,1,1.0,1,0.21543295580927652,37
2894,2,11543,2059,9484,0,0,0,1.0,1,1.0,1,1.0,1,0.21543295580927652,37
2895,4,11547,2060,9487,0,0,0,1.0,1,1.0,1,1.0,1,0.24600241680437906,37
2896,6,11553,2060,9493,0,0,0,1.0,1,1.0,1,1.0,1,0.22876083805546416,38
2897,2,11555,2060,9495,0,0,0,1.0,1,1.0,1,1.0,1,0.25743417914145617,37
2898,1,11556,2061,9495,0,0,0,1.0,1,1.0,1,1.0,1,0.29221138632961857,38
2899,3,11559,2061,9498,0,0,0,1.0,1,1.0,1,1.0,1,0.26440554625092244,37
2900,1,11560,2061,9499,0,0,0,1.0,1,1.0,1,1.0,1,0.24601096429649874,36
2901,0,11560,2061,9499,0,0,0,1.0,1,1.0,1,1.0,1,0.22025648335389905,37
2902,0,11560,2061,9499,0,0,0,1.0,1,1.0,1,1.0,1,0.24974241389184784,35
2903,0,11560,2061,9499,0,0,0,1.0,1,1.0,1,1.0,1,0.2555400245804913,35
2904,0,11560,2061,9499,0,0,0,1.0,1,1.0,1,1.0,1,0.26403308842508205,33
2905,1,11561,2061,9500,0,0,0,1.0,1,1.0,1,1.0,1,0.24292762623107506,34
2906,2,11563,2063,9500,0,0,0,1.0,1,1.0,1,1.0,1,0.2994264456355779,34
2907,1,11564,2063,9501,0,0,0,1.0,1,1.0,1,1.0,1,0.2727867189066972,35
2908,1,11565,2063,9502,0,0,0,1.0,1,1.0,1,1.0,1,0.27396920374229233,36
2909,4,11569,2063,9506,0,0,0,1.0,1,1.0,1,1.0,1,0.2411103683739054,38
2910,1,11570,2063,9507,0,0,0,1.0,1,1.0,1,1.0,1,0.23535889974152258,38
2911,2,11572,2064,9508,0,0,0,1.0,1,1.0,1,1.0,1,0.2590703800627566,37
2912,2,11574,2064,9510,0,0,0,1.0,1,1.0,1,1.0,1,0.2590703800627566,37
2913,5,11579,2064,9515,0,0,0,1.0,1,1.0,1,1.0,1,0.2681533450662467,38
2914,5,11584,2064,9520,0,0,0,1.0,1,1.0,1,1.0,1,0.24286040201484901,38
2915,4,11588,2064,9524,0,0,0,1.0,1,1.0,1,1.0,1,0.18287315653404632,39
2916,4,11592,2064,9528,0,0,0,1.0,1,1.0,1,1.0,1,0.19143460063364418,40
2917,3,11595,2064,9531,0,0,0,1.0,1,1.0,1,1.0,1,0.172722980699472,41
2918,2,11597,2064,9533,0,0,0,1.0,1,1.0,1,1.0,1,0.19803327025236517,41
2919,4,11601,2064,9537,0,0,0,1.0,1,1.0,1,1.0,1,0.19803327025236517,41
2920,3,11604,2064,9540,0,0,0,1.0,1,1.0,1,1.0,1,0.20494672672157913,43
2921,2,11606,2064,9542,0,0,0,1.0,1,1.0,1,1.0,1,0.16224766215860453,42
2922,0,11606,2064,9542,0,0,0,1.0,1,1.0,1,1.0,1,0.14053107377959762,43
2923,0,11606,2064,9542,0,0,0,1.0,1,1.0,1,1.0,1,0.15409789128475107,44
2924,2,11608,2064,9544,0,0,0,1.0,1,1.0,1,1.0,1,0.13822265121586455,45
2925,1,11609,2065,9544,0,0,0,1.0,1,1.0,1,1.0,1,0.15046278088998402,45
2926,4,11613,2067,9546,0,0,0,1.0,1,1.0,1,1.0,1,0.1147828294025524,47
2927,3,11616,2067,9549,0,0,0,1.0,1,1.0,1,1.0,1,0.1068806225532825,47
2928,2,11618,2068,9550,0,0,0,1.0,1,1.0,1,1.0,1,0.08496789354570049,48
2929,0,11618,2068,9550,0,0,0,1.0,1,1.0,1,1.0,1,0.08496789354570049,48
2930,2,11620,2068,9552,0,0,0,1.0,1,1.0,1,1.0,1,0.1037328303361797,50
2931,3,11623,2068,9555,0,0,0,1.0,1,1.0,1,1.0,1,0.12898253701601078,51
2932,3,11626,2068,9558,0,0,0,1.0,1,1.0,1,1.0,1,0.11681239620081944,51
2933,4,11630,2069,9561,0,0,0,1.0,1,1.0,1,1.0,1,0.14261201705648363,52
2934,1,11631,2069,9562,0,0,0,1.0,1,1.0,1,1.0,1,0.14438738831654732,52
2935,3,11634,2070,9564,0,0,0,1.0,1,1.0,1,1.0,1,0.16986465216766578,51
2936,3,11637,2070,9567,0,0,0,1.0,1,1.0,1,1.0,1,0.15504480203482482,49
2937,5,11642,2070,9572,0,0,0,1.0,1,1.0,1,1.0,1,0.15038027193263623,50
2938,5,11647,2071,9576,0,0,0,1.0,1,1.0,1,1.0,1,0.1727713918940137,50
2939,5,11652,2071,9581,0,0,0,1.0,1,1.0,1,1.0,1,0.17233477398748634,51
2940,6,11658,2071,9587,0,0,0,1.0,1,1.0,1,1.0,1,0.18234163317586133,52
2941,7,11665,2073,9592,0,0,0,1.0,1,1.0,1,1.0,1,0.1420599173143319,53
2942,1,11666,2074,9592,0,0,0,1.0,1,1.0,1,1.0,1,0.14214642234692162,52
2943,0,11666,2074,9592,0,0,0,1.0,1,1.0,1,1.0,1,0.1343730057287646,51
2944,1,11667,2075,9592,0,0,0,1.0,1,1.0,1,1.0,1,0.14357131714904256,52
2945,1,11668,2076,9592,0,0,0,1.0,1,1.0,1,1.0,1,0.13996614438237587,50
2946,6,11674,2078,9596,0,0,0,1.0,1,1.0,1,1.0,1,0.14014659964205778,51
2947,3,11677,2080,9597,0,0,0,1.0,1,1.0,1,1.0,1,0.14238555814391834,50
2948,7,11684,2082,9602,0,0,0,1.0,1,1.0,1,1.0,1,0.1623046866001983,50
2949,1,11685,2082,9603,0,0,0,1.0,1,1.0,1,1.0,1,0.16795730021811708,49
2950,2,11687,2083,9604,0,0,0,1.0,1,1.0,1,1.0,1,0.1729792811341097,48
2951,2,11689,2085,9604,0,0,0,1.0,1,1.0,1,1.0,1,0.19163581827513912,48
2952,0,11689,2085,9604,0,0,0,1.0,1,1.0,1,1.0,1,0.22237565006653037,46
2953,0,11689,2085,9604,0,0,0,1.0,1,1.0,1,1.0,1,0.22237565006653037,46
2954,0,11689,2085,9604,0,0,0,1.0,1,1.0,1,1.0,1,0.2157296573553845,48
2955,1,11690,2085,9605,0,0,0,1.0,1,1.0,1,1.0,1,0.20927200734653711,48
2956,2,11692,2087,9605,0,0,0,1.0,1,1.0,1,1.0,1,0.21730528200730448,47
2957,4,11696,2089,9607,0,0,0,1.0,1,1.0,1,1.0,1,0.18748855856718105,48
2958,2,11698,2089,9609,0,0,0,1.0,1,1.0,1,1.0,1,0.2035094292317963,49
2959,5,11703,2091,9612,0,0,0,1.0,1,1.0,1,1.0,1,0.208885603983599,49
2960,4,11707,2092,9615,0,0,0,1.0,1,1.0,1,1.0,1,0.18086720755689675,49
2961,10,11717,2094,9623,0,0,0,1.0,1,1.0,1,1.0,1,0.09226171337305981,51
2962,3,11720,2094,9626,0,0,0,1.0,1,1.0,1,1.0,1,0.071030734599352,51
2963,1,11721,2095,9626,0,0,0,1.0,1,1.0,1,1.0,1,0.061097562936028645,51
2964,0,11721,2095,9626,0,0,0,1.0,1,1.0,1,1.0,1,0.055179669778747616,52
2965,2,11723,2095,9628,0,0,0,1.0,1,1.0,1,1.0,1,0.08448946813230239,53
2966,1,11724,2096,9628,0,0,0,1.0,1,1.0,1,1.0,1,0.09359294488014565,53
2967,1,11725,2096,9629,0,0,0,1.0,1,1.0,1,1.0,1,0.10261458175509595,53
2968,1,11726,2096,9630,0,0,0,1.0,1,1.0,1,1.0,1,0.09849896024817735,54
2969,0,11726,2096,9630,0,0,0,1.0,1,1.0,1,1.0,1,0.10839795000945504,55
2970,0,11726,2096,9630,0,0,0,1.0,1,1.0,1,1.0,1,0.10839795000945504,55
2971,1,11727,2097,9630,0,0,0,1.0,1,1.0,1,1.0,1,0.12425313136619166,55
2972,0,11727,2097,9630,0,0,0,1.0,1,1.0,1,1.0,1,0.12425313136619166,55
2973,4,11731,2098,9633,0,0,0,1.0,1,1.0,1,1.0,1,0.10187499653332352,55
2974,1,11732,2099,9633,0,0,0,1.0,1,1.0,1,1.0,1,0.10844327573157285,56
2975,0,11732,2099,9633,0,0,0,1.0,1,1.0,1,1.0,1,0.11596658662327201,55
2976,2,11734,2099,9635,0,0,0,1.0,1,1.0,1,1.0,1,0.12385810912365848,57
2977,2,11736,2099,9637,0,0,0,1.0,1,1.0,1,1.0,1,0.11170107756650038,59
2978,3,11739,2101,9638,0,0,0,1.0,1,1.0,1,1.0,1,0.13355312909184622,59
2979,5,11744,2102,9642,0,0,0,1.0,1,1.0,1,1.0,1,0.10211851626565532,59
2980,2,11746,2104,9642,0,0,0,1.0,1,1.0,1,1.0,1,0.14143915587519817,59
2981,4,11750,2105,9645,0,0,0,1.0,1,1.0,1,1.0,1,0.10377987623946958,59
2982,5,11755,2105,9650,0,0,0,1.0,1,1.0,1,1.0,1,0.08171775865427795,61
2983,2,11757,2106,9651,0,0,0,1.0,1,1.0,1,1.0,1,0.08590801468074452,61
2984,3,11760,2107,9653,0,0,0,1.0,1,1.0,1,1.0,1,0.09270042149961537,61
2985,11,11771,2112,9659,0,0,0,1.0,1,1.0,1,1.0,1,0.14011933245840655,57
2986,5,11776,2114,9662,0,0,0,1.0,1,1.0,1,1.0,1,0.13903421765059087,58
2987,6,11782,2117,9665,0,0,0,1.0,1,1.0,1,1.0,1,0.15906544330838376,56
2988,4,11786,2118,9668,0,0,0,1.0,1,1.0,1,1.0,1,0.16107849277961883,55
2989,6,11792,2121,9671,0,0,0,1.0,1,1.0,1,1.0,1,0.17501163998640923,53
2990,4,11796,2123,9673,0,0,0,1.0,1,1.0,1,1.0,1,0.15746430832136546,52
2991,4,11800,2124,9676,0,0,0,1.0,1,1.0,1,1.0,1,0.14006327565627386,54
2992,5,11805,2125,9680,0,0,0,1.0,1,1.0,1,1.0,1,0.13679562023682618,55
2993,6,11811,2127,9684,0,0,0,1.0,1,1.0,1,1.0,1,0.1216954270201193,53
2994,8,11819,2130,9689,0,0,0,1.0,1,1.0,1,1.0,1,0.13818947443670843,53
2995,1,11820,2130,9690,0,0,0,1.0,1,1.0,1,1.0,1,0.13766098294649928,51
2996,7,11827,2132,9695,0,0,0,1.0,1,1.0,1,1.0,1,0.13939144630161682,52
2997,6,11833,2135,9698,0,0,0,1.0,1,1.0,1,1.0,1,0.19943363264414551,50
2998,2,11835,2136,9699,0,0,0,1.0,1,1.0,1,1.0,1,0.18809880926646355,51
2999,0,11835,2136,9699,0,0,0,1.0,1,1.0,1,1.0,1,0.18653063707716344,48
3000,2,11837,2137,9700,0,0,0,1.0,1,1.0,1,1.0,1,0.16591139101726515,48
3001,4,11841,2137,9704,0,0,0,1.0,1,1.0,1,1.0,1,0.11203995470728442,49
3002,1,11842,2137,9705,0,0,0,1.0,1,1.0,1,1.0,1,0.11631979321159562,50
3003,2,11844,2138,9706,0,0,0,1.0,1,1.0,1,1.0,1,0.11897679458905105,50
3004,1,11845,2138,9707,0,0,0,1.0,1,1.0,1,1.0,1,0.09652718357768462,51
3005,1,11846,2138,9708,0,0,0,1.0,1,1.0,1,1.0,1,0.10559637852558655,50
3006,0,11846,2138,9708,0,0,0,1.0,1,1.0,1,1.0,1,0.12383260235366618,51
3007,0,11846,2138,9708,0,0,0,1.0,1,1.0,1,1.0,1,0.15113239562696373,51
3008,4,11850,2139,9711,0,0,0,1.0,1,1.0,1,1.0,1,0.1597514886423752,53
3009,1,11851,2139,9712,0,0,0,1.0,1,1.0,1,1.0,1,0.16207443333136212,52
3010,1,11852,2139,9713,0,0,0,1.0,1,1.0,1,1.0,1,0.1400121384996277,52
3011,7,11859,2139,9720,0,0,0,1.0,1,1.0,1,1.0,1,0.10925584420333731,51
3012,3,11862,2140,9722,0,0,0,1.0,1,1.0,1,1.0,1,0.16134857782133233,54
3013,6,11868,2142,9726,0,0,0,1.0,1,1.0,1,1.0,1,0.16538472212168476,52
3014,5,11873,2142,9731,0,0,0,1.0,1,1.0,1,1.0,1,0.16064468806653673,51
3015,5,11878,2144,9734,0,0,0,1.0,1,1.0,1,1.0,1,0.13203325065865695,50
3016,4,11882,2147,9735,0,0,0,1.0,1,1.0,1,1.0,1,0.17390139894285492,50
3017,8,11890,2151,9739,0,0,0,1.0,1,1.0,1,1.0,1,0.19150205112072977,48
3018,3,11893,2153,9740,0,0,0,1.0,1,1.0,1,1.0,1,0.1668547365458578,48
3019,2,11895,2155,9740,0,0,0,1.0,1,1.0,1,1.0,1,0.18794667737185386,47
3020,2,11897,2157,9740,0,0,0,1.0,1,1.0,1,1.0,1,0.19799147601125563,47
3021,5,11902,2157,9745,0,0,0,1.0,1,1.0,1,1.0,1,0.13266307335428879,46
3022,6,11908,2160,9748,0,0,0,1.0,1,1.0,1,1.0,1,0.14329037654062093,45
3023,4,11912,2162,9750,0,0,0,1.0,1,1.0,1,1.0,1,0.13668624437283358,41
3024,6,11918,2165,9753,0,0,0,1.0,1,1.0,1,1.0,1,0.1807492401161139,43
3025,5,11923,2166,9757,0,0,0,1.0,1,1.0,1,1.0,1,0.2092457015397755,39
3026,2,11925,2166,9759,0,0,0,1.0,1,1.0,1,1.0,1,0.2212570606114489,38
3027,1,11926,2167,9759,0,0,0,1.0,1,1.0,1,1.0,1,0.22401007067471151,38
3028,1,11927,2168,9759,0,0,0,1.0,1,1.0,1,1.0,1,0.2524612962109387,38
3029,2,11929,2170,9759,0,0,0,1.0,1,1.0,1,1.0,1,0.2698265048218671,37
3030,1,11930,2170,9760,0,0,0,1.0,1,1.0,1,1.0,1,0.2903745093495475,38
3031,3,11933,2171,9762,0,0,0,1.0,1,1.0,1,1.0,1,0.2672170840931808,39
3032,3,11936,2171,9765,0,0,0,1.0,1,1.0,1,1.0,1,0.27116519062395816,39
3033,1,11937,2171,9766,0,0,0,1.0,1,1.0,1,1.0,1,0.24302264642485835,39
3034,0,11937,2171,9766,0,0,0,1.0,1,1.0,1,1.0,1,0.24350624281410624,38
3035,2,11939,2172,9767,0,0,0,1.0,1,1.0,1,1.0,1,0.22864441829048282,39
3036,0,11939,2172,9767,0,0,0,1.0,1,1.0,1,1.0,1,0.2172971839738457,39
3037,0,11939,2172,9767,0,0,0,1.0,1,1.0,1,1.0,1,0.25173657575916797,39
3038,2,11941,2173,9768,0,0,0,1.0,1,1.0,1,1.0,1,0.2556197488338485,40
3039,2,11943,2173,9770,0,0,0,1.0,1,1.0,1,1.0,1,0.21054666796761282,41
3040,2,11945,2174,9771,0,0,0,1.0,1,1.0,1,1.0,1,0.22208574352217839,42
3041,8,11953,2175,9778,0,0,0,1.0,1,1.0,1,1.0,1,0.12430320057515047,43
3042,3,11956,2176,9780,0,0,0,1.0,1,1.0,1,1.0,1,0.13408959033176956,45
3043,4,11960,2178,9782,0,0,0,1.0,1,1.0,1,1.0,1,0.14901282591056123,45
3044,5,11965,2179,9786,0,0,0,1.0,1,1.0,1,1.0,1,0.15848782887573198,45
3045,2,11967,2179,9788,0,0,0,1.0,1,1.0,1,1.0,1,0.15848782887573198,45
3046,0,11967,2179,9788,0,0,0,1.0,1,1.0,1,1.0,1,0.1600916151510217,46
3047,2,11969,2179,9790,0,0,0,1.0,1,1.0,1,1.0,1,0.1600916151510217,46
3048,5,11974,2179,9795,0,0,0,1.0,1,1.0,1,1.0,1,0.1364101467151485,49
3049,6,11980,2179,9801,0,0,0,1.0,1,1.0,1,1.0,1,0.13381262332651764,50
3050,2,11982,2179,9803,0,0,0,1.0,1,1.0,1,1.0,1,0.15640961215167049,50
3051,4,11986,2179,9807,0,0,0,1.0,1,1.0,1,1.0,1,0.1399361759963095,50
3052,8,11994,2181,9813,0,0,0,1.0,1,1.0,1,1.0,1,0.1637251726413244,50
3053,3,11997,2182,9815,0,0,0,1.0,1,1.0,1,1.0,1,0.10401816062777446,49
3054,2,11999,2183,9816,0,0,0,1.0,1,1.0,1,1.0,1,0.1212200219606645,47
3055,6,12005,2184,9821,0,0,0,1.0,1,1.0,1,1.0,1,0.15611311796282012,48
3056,9,12014,2186,9828,0,0,0,1.0,1,1.0,1,1.0,1,0.20542825949008375,47
3057,8,12022,2188,9834,0,0,0,1.0,1,1.0,1,1.0,1,0.22590700987884796,48
3058,7,12029,2189,9840,0,0,0,1.0,1,1.0,1,1.0,1,0.22753876197110653,46
3059,6,12035,2189,9846,0,0,0,1.0,1,1.0,1,1.0,1,0.23841361809821998,44
3060,10,12045,2191,9854,0,0,0,1.0,1,1.0,1,1.0,1,0.2701631840298445,44
3061,7,12052,2191,9861,0,0,0,1.0,1,1.0,1,1.0,1,0.2105431877663102,42
3062,6,12058,2193,9865,0,0,0,1.0,1,1.0,1,1.0,1,0.14176558790682364,42
3063,4,12062,2194,9868,0,0,0,1.0,1,1.0,1,1.0,1,0.1617017283016105,41
3064,6,12068,2196,9872,0,0,0,1.0,1,1.0,1,1.0,1,0.2121638838897068,42
3065,6,12074,2197,9877,0,0,0,1.0,1,1.0,1,1.0,1,0.17653263437828276,40
3066,5,12079,2197,9882,0,0,0,1.0,1,1.0,1,1.0,1,0.13039726006544056,42
3067,3,12082,2199,9883,0,0,0,1.0,1,1.0,1,1.0,1,0.138902026093132,40
3068,3,12085,2200,9885,0,0,0,1.0,1,1.0,1,1.0,1,0.17581201872649108,39
3069,1,12086,2200,9886,0,0,0,1.0,1,1.0,1,1.0,1,0.19480831527903847,38
3070,2,12088,2200,9888,0,0,0,1.0,1,1.0,1,1.0,1,0.2150708559852932,39
3071,4,12092,2200,9892,0,0,0,1.0,1,1.0,1,1.0,1,0.20264444490258723,39
3072,7,12099,2202,9897,0,0,0,1.0,1,1.0,1,1.0,1,0.3408146247723112,40
3073,9,12108,2203,9905,0,0,0,1.0,1,1.0,1,1.0,1,0.38722434417031926,38
3074,6,12114,2203,9911,0,0,0,1.0,1,1.0,1,1.0,1,0.33897925644645865,38
3075,13,12127,2205,9922,0,0,0,1.0,1,1.0,1,1.0,1,0.4059292735280171,41
3076,9,12136,2206,9930,0,0,0,1.0,1,1.0,1,1.0,1,0.31773388240304384,42
3077,12,12148,2208,9940,0,0,0,1.0,1,1.0,1,1.0,1,0.3742298683790836,42
3078,5,12153,2208,9945,0,0,0,1.0,1,1.0,1,1.0,1,0.33712150990669043,42
3079,8,12161,2208,9953,0,0,0,1.0,1,1.0,1,1.0,1,0.32210413800305104,42
3080,9,12170,2209,9961,0,0,0,1.0,1,1.0,1,1.0,1,0.3202647488981253,43
3081,12,12182,2209,9973,0,0,0,1.0,1,1.0,1,1.0,1,0.16147066241360147,44
3082,6,12188,2209,9979,0,0,0,1.0,1,1.0,1,1.0,1,0.17478694661120264,45
3083,6,12194,2209,9985,0,0,0,1.0,1,1.0,1,1.0,1,0.17082564281687912,45
3084,5,12199,2209,9990,0,0,0,1.0,1,1.0,1,1.0,1,0.1632326530805075,45
3085,11,12210,2210,10000,0,0,0,1.0,1,1.0,1,1.0,1,0.1877086271593576,46
3086,7,12217,2210,10007,0,0,0,1.0,1,1.0,1,1.0,1,0.1806082492423346,46
3087,6,12223,2210,10013,0,0,0,1.0,1,1.0,1,1.0,1,0.12450324206747282,47
3088,4,12227,2210,10017,0,0,0,1.0,1,1.0,1,1.0,1,0.15941000794949092,48
3089,5,12232,2210,10022,0,0,0,1.0,1,1.0,1,1.0,1,0.14928754942186317,46
3090,4,12236,2210,10026,0,0,0,1.0,1,1.0,1,1.0,1,0.18552636320224414,46
3091,6,12242,2210,10032,0,0,0,1.0,1,1.0,1,1.0,1,0.200542974321367,46
3092,10,12252,2212,10040,0,0,0,1.0,1,1.0,1,1.0,1,0.15685409967264283,47
3093,8,12260,2213,10047,0,0,0,1.0,1,1.0,1,1.0,1,0.1650773122843236,47
3094,13,12273,2214,10059,0,0,0,1.0,1,1.0,1,1.0,1,0.16985167343543894,45
3095,10,12283,2215,10068,0,0,0,1.0,1,1.0,1,1.0,1,0.17368889899655404,46
3096,10,12293,2215,10078,0,0,0,1.0,1,1.0,1,1.0,1,0.2078716466539141,46
3097,13,12306,2217,10089,0,0,0,1.0,1,1.0,1,1.0,1,0.1849314738127414,47
3098,12,12318,2217,10101,0,0,0,1.0,1,1.0,1,1.0,1,0.1896237248840223,47
3099,10,12328,2217,10111,0,0,0,1.0,1,1.0,1,1.0,1,0.20731708428370438,47
3100,13,12341,2217,10124,0,0,0,1.0,1,1.0,1,1.0,1,0.18717131070813817,47
3101,5,12346,2217,10129,0,0,0,1.0,1,1.0,1,1.0,1,0.12452786281154689,48
3102,1,12347,2217,10130,0,0,0,1.0,1,1.0,1,1.0,1,0.09966368356014454,48
3103,2,12349,2218,10131,0,0,0,1.0,1,1.0,1,1.0,1,0.08517680668768916,49
3104,3,12352,2220,10132,0,0,0,1.0,1,1.0,1,1.0,1,0.10547011958193539,48
3105,1,12353,2221,10132,0,0,0,1.0,1,1.0,1,1.0,1,0.09559082872896692,45
3106,1,12354,2222,10132,0,0,0,1.0,1,1.0,1,1.0,1,0.14826795371699034,46
3107,4,12358,2223,10135,0,0,0,1.0,1,1.0,1,1.0,1,0.10737694638502474,44
3108,1,12359,2223,10136,0,0,0,1.0,1,1.0,1,1.0,1,0.09835161439534235,45
3109,0,12359,2223,10136,0,0,0,1.0,1,1.0,1,1.0,1,0.1098302074112513,44
3110,7,12366,2226,10140,0,0,0,1.0,1,1.0,1,1.0,1,0.14267954213863662,46
3111,8,12374,2227,10147,0,0,0,1.0,1,1.0,1,1.0,1,0.11710097701782382,46
3112,5,12379,2227,10152,0,0,0,1.0,1,1.0,1,1.0,1,0.14482890910411023,47
3113,4,12383,2228,10155,0,0,0,1.0,1,1.0,1,1.0,1,0.12656604621378087,48
3114,2,12385,2228,10157,0,0,0,1.0,1,1.0,1,1.0,1,0.14772396262758225,48
3115,4,12389,2228,10161,0,0,0,1.0,1,1.0,1,1.0,1,0.1480051951782086,49
3116,7,12396,2228,10168,0,0,0,1.0,1,1.0,1,1.0,1,0.2122352367040623,48
3117,10,12406,2230,10176,0,0,0,1.0,1,1.0,1,1.0,1,0.2232482210214622,49
3118,8,12414,2230,10184,0,0,0,1.0,1,1.0,1,1.0,1,0.2714353134307292,50
3119,8,12422,2231,10191,0,0,0,1.0,1,1.0,1,1.0,1,0.252439318325458,50
3120,7,12429,2231,10198,0,0,0,1.0,1,1.0,1,1.0,1,0.25952888779479316,50
3121,8,12437,2231,10206,0,0,0,1.0,1,1.0,1,1.0,1,0.12258271424512186,50
3122,2,12439,2231,10208,0,0,0,1.0,1,1.0,1,1.0,1,0.07844880521862717,50
3123,2,12441,2231,10210,0,0,0,1.0,1,1.0,1,1.0,1,0.07245517509670843,51
3124,1,12442,2232,10210,0,0,0,1.0,1,1.0,1,1.0,1,0.09584111920325553,51
3125,0,12442,2232,10210,0,0,0,1.0,1,1.0,1,1.0,1,0.09584111920325553,51
3126,3,12445,2233,10212,0,0,0,1.0,1,1.0,1,1.0,1,0.11092644745794587,54
3127,2,12447,2233,10214,0,0,0,1.0,1,1.0,1,1.0,1,0.10054230103081849,53
3128,4,12451,2234,10217,0,0,0,1.0,1,1.0,1,1.0,1,0.07662889768877615,52
3129,1,12452,2235,10217,0,0,0,1.0,1,1.0,1,1.0,1,0.0883934166092179,51
3130,3,12455,2236,10219,0,0,0,1.0,1,1.0,1,1.0,1,0.10429188456834196,50
3131,2,12457,2238,10219,0,0,0,1.0,1,1.0,1,1.0,1,0.09261577564057981,50
3132,1,12458,2239,10219,0,0,0,1.0,1,1.0,1,1.0,1,0.10315411860789515,49
3133,4,12462,2241,10221,0,0,0,1.0,1,1.0,1,1.0,1,0.07177905040729098,49
3134,1,12463,2242,10221,0,0,0,1.0,1,1.0,1,1.0,1,0.11179401917429246,46
3135,2,12465,2243,10222,0,0,0,1.0,1,1.0,1,1.0,1,0.135803159280557,47
3136,3,12468,2244,10224,0,0,0,1.0,1,1.0,1,1.0,1,0.13689707288998457,46
3137,1,12469,2245,10224,0,0,0,1.0,1,1.0,1,1.0,1,0.14843880189803807,49
3138,1,12470,2246,10224,0,0,0,1.0,1,1.0,1,1.0,1,0.17498702422363452,49
3139,4,12474,2249,10225,0,0,0,1.0,1,1.0,1,1.0,1,0.1818392935813041,50
3140,2,12476,2249,10227,0,0,0,1.0,1,1.0,1,1.0,1,0.17607572595862317,51
3141,2,12478,2249,10229,0,0,0,1.0,1,1.0,1,1.0,1,0.13619230683097613,50
3142,0,12478,2249,10229,0,0,0,1.0,1,1.0,1,1.0,1,0.13619230683097613,50
3143,2,12480,2250,10230,0,0,0,1.0,1,1.0,1,1.0,1,0.15611959510431206,49
3144,4,12484,2252,10232,0,0,0,1.0,1,1.0,1,1.0,1,0.14993905359231335,49
3145,0,12484,2252,10232,0,0,0,1.0,1,1.0,1,1.0,1,0.15716136106416567,48
3146,1,12485,2252,10233,0,0,0,1.0,1,1.0,1,1.0,1,0.15422850439080002,49
3147,2,12487,2253,10234,0,0,0,1.0,1,1.0,1,1.0,1,0.1577256232051721,48
3148,3,12490,2254,10236,0,0,0,1.0,1,1.0,1,1.0,1,0.15589707933955657,48
3149,2,12492,2256,10236,0,0,0,1.0,1,1.0,1,1.0,1,0.1706394744806686,47
3150,4,12496,2258,10238,0,0,0,1.0,1,1.0,1,1.0,1,0.1380628277753774,47
3151,1,12497,2258,10239,0,0,0,1.0,1,1.0,1,1.0,1,0.15453737986108385,48
3152,1,12498,2259,10239,0,0,0,1.0,1,1.0,1,1.0,1,0.14529868084166772,47
3153,1,12499,2260,10239,0,0,0,1.0,1,1.0,1,1.0,1,0.16685150045735342,47
3154,5,12504,2261,10243,0,0,0,1.0,1,1.0,1,1.0,1,0.16426012794717312,48
3155,5,12509,2262,10247,0,0,0,1.0,1,1.0,1,1.0,1,0.12194638443747141,48
3156,2,12511,2262,10249,0,0,0,1.0,1,1.0,1,1.0,1,0.15902298022687542,48
3157,5,12516,2262,10254,0,0,0,1.0,1,1.0,1,1.0,1,0.18115611270197243,48
3158,4,12520,2263,10257,0,0,0,1.0,1,1.0,1,1.0,1,0.15475210905204614,48
3159,2,12522,2263,10259,0,0,0,1.0,1,1.0,1,1.0,1,0.16203557470234706,49
3160,3,12525,2263,10262,0,0,0,1.0,1,1.0,1,1.0,1,0.18630057586118462,51
3161,5,12530,2263,10267,0,0,0,1.0,1,1.0,1,1.0,1,0.1267980801573646,52
3162,2,12532,2264,10268,0,0,0,1.0,1,1.0,1,1.0,1,0.13131892669448825,51
3163,2,12534,2264,10270,0,0,0,1.0,1,1.0,1,1.0,1,0.06239767477987994,51
3164,3,12537,2265,10272,0,0,0,1.0,1,1.0,1,1.0,1,0.0696757474065946,52
3165,3,12540,2266,10274,0,0,0,1.0,1,1.0,1,1.0,1,0.08357246337794547,50
3166,1,12541,2267,10274,0,0,0,1.0,1,1.0,1,1.0,1,0.08415674267382679,50
3167,1,12542,2268,10274,0,0,0,1.0,1,1.0,1,1.0,1,0.07376144079556353,49
3168,2,12544,2269,10275,0,0,0,1.0,1,1.0,1,1.0,1,0.09767836304846712,47
3169,2,12546,2269,10277,0,0,0,1.0,1,1.0,1,1.0,1,0.10704381467939637,48
3170,3,12549,2270,10279,0,0,0,1.0,1,1.0,1,1.0,1,0.13842062238598277,47
3171,9,12558,2272,10286,0,0,0,1.0,1,1.0,1,1.0,1,0.21754196431169565,47
3172,6,12564,2273,10291,0,0,0,1.0,1,1.0,1,1.0,1,0.24079022668763134,46
3173,7,12571,2274,10297,0,0,0,1.0,1,1.0,1,1.0,1,0.21562302860048801,45
3174,7,12578,2274,10304,0,0,0,1.0,1,1.0,1,1.0,1,0.2181939044992818,43
3175,5,12583,2276,10307,0,0,0,1.0,1,1.0,1,1.0,1,0.15318848433836724,43
3176,2,12585,2276,10309,0,0,0,1.0,1,1.0,1,1.0,1,0.15108890731885954,44
3177,5,12590,2278,10312,0,0,0,1.0,1,1.0,1,1.0,1,0.16494942965615425,44
3178,4,12594,2279,10315,0,0,0,1.0,1,1.0,1,1.0,1,0.18539171495664727,47
3179,6,12600,2282,10318,0,0,0,1.0,1,1.0,1,1.0,1,0.21274191260313075,48
3180,5,12605,2282,10323,0,0,0,1.0,1,1.0,1,1.0,1,0.2536563384126574,48
3181,7,12612,2282,10330,0,0,0,1.0,1,1.0,1,1.0,1,0.09602168528696109,48
3182,5,12617,2284,10333,0,0,0,1.0,1,1.0,1,1.0,1,0.13718567043071364,51
3183,2,12619,2284,10335,0,0,0,1.0,1,1.0,1,1.0,1,0.14164542968736032,50
3184,7,12626,2285,10341,0,0,0,1.0,1,1.0,1,1.0,1,0.15127782238350138,50
3185,5,12631,2285,10346,0,0,0,1.0,1,1.0,1,1.0,1,0.16704258578652273,48
3186,2,12633,2286,10347,0,0,0,1.0,1,1.0,1,1.0,1,0.15129575181763869,48
3187,4,12637,2286,10351,0,0,0,1.0,1,1.0,1,1.0,1,0.18006769287591715,48
3188,3,12640,2287,10353,0,0,0,1.0,1,1.0,1,1.0,1,0.19293425201190606,48
3189,3,12643,2287,10356,0,0,0,1.0,1,1.0,1,1.0,1,0.1599011627153854,49
3190,2,12645,2287,10358,0,0,0,1.0,1,1.0,1,1.0,1,0.17217525238394563,51
3191,4,12649,2288,10361,0,0,0,1.0,1,1.0,1,1.0,1,0.15369458294322305,52
3192,1,12650,2288,10362,0,0,0,1.0,1,1.0,1,1.0,1,0.13897634911370904,52
3193,1,12651,2288,10363,0,0,0,1.0,1,1.0,1,1.0,1,0.15369458294322305,52
3194,5,12656,2288,10368,0,0,0,1.0,1,1.0,1,1.0,1,0.12158106180694932,54
3195,6,12662,2288,10374,0,0,0,1.0,1,1.0,1,1.0,1,0.1214606784978079,54
3196,5,12667,2288,10379,0,0,0,1.0,1,1.0,1,1.0,1,0.1026759573480961,54
3197,6,12673,2288,10385,0,0,0,1.0,1,1.0,1,1.0,1,0.12910657431373457,54
3198,4,12677,2289,10388,0,0,0,1.0,1,1.0,1,1.0,1,0.12261766511010355,54
3199,8,12685,2290,10395,0,0,0,1.0,1,1.0,1,1.0,1,0.10464582385772891,56
3200,6,12691,2291,10400,0,0,0,1.0,1,1.0,1,1.0,1,0.15837595302084667,56
3201,4,12695,2291,10404,0,0,0,1.0,1,1.0,1,1.0,1,0.10087931158667152,56
3202,2,12697,2291,10406,0,0,0,1.0,1,1.0,1,1.0,1,0.07741482334978692,57
3203,0,12697,2291,10406,0,0,0,1.0,1,1.0,1,1.0,1,0.0942616987753422,56
3204,2,12699,2293,10406,0,0,0,1.0,1,1.0,1,1.0,1,0.11472514589075956,55
3205,0,12699,2293,10406,0,0,0,1.0,1,1.0,1,1.0,1,0.11867819423684571,54
3206,4,12703,2295,10408,0,0,0,1.0,1,1.0,1,1.0,1,0.12555258626262975,56
3207,3,12706,2297,10409,0,0,0,1.0,1,1.0,1,1.0,1,0.18206001087103635,54
3208,1,12707,2297,10410,0,0,0,1.0,1,1.0,1,1.0,1,0.17937921998553139,53
3209,0,12707,2297,10410,0,0,0,1.0,1,1.0,1,1.0,1,0.17613137206649032,54
3210,3,12710,2298,10412,0,0,0,1.0,1,1.0,1,1.0,1,0.2164634762283753,53
3211,0,12710,2298,10412,0,0,0,1.0,1,1.0,1,1.0,1,0.2164634762283753,53
3212,2,12712,2298,10414,0,0,0,1.0,1,1.0,1,1.0,1,0.20696525039421135,54
3213,1,12713,2299,10414,0,0,0,1.0,1,1.0,1,1.0,1,0.20455019534142613,54
3214,5,12718,2299,10419,0,0,0,1.0,1,1.0,1,1.0,1,0.19231086793150662,55
3215,1,12719,2299,10420,0,0,0,1.0,1,1.0,1,1.0,1,0.1835574086855511,55
3216,1,12720,2299,10421,0,0,0,1.0,1,1.0,1,1.0,1,0.19174477955398544,55
3217,6,12726,2302,10424,0,0,0,1.0,1,1.0,1,1.0,1,0.20436028764568867,54
3218,3,12729,2302,10427,0,0,0,1.0,1,1.0,1,1.0,1,0.22253967431789864,54
3219,3,12732,2303,10429,0,0,0,1.0,1,1.0,1,1.0,1,0.2198798586754533,55
3220,2,12734,2303,10431,0,0,0,1.0,1,1.0,1,1.0,1,0.19852512641491812,56
3221,5,12739,2304,10435,0,0,0,1.0,1,1.0,1,1.0,1,0.1810800942340483,57
3222,3,12742,2304,10438,0,0,0,1.0,1,1.0,1,1.0,1,0.16538842606988102,57
3223,5,12747,2305,10442,0,0,0,1.0,1,1.0,1,1.0,1,0.15472172953638308,56
3224,7,12754,2309,10445,0,0,0,1.0,1,1.0,1,1.0,1,0.1550159799892599,58
3225,7,12761,2311,10450,0,0,0,1.0,1,1.0,1,1.0,1,0.12911535660567874,55
3226,6,12767,2313,10454,0,0,0,1.0,1,1.0,1,1.0,1,0.11809758688885147,54
3227,3,12770,2314,10456,0,0,0,1.0,1,1.0,1,1.0,1,0.10731297035979064,53
3228,5,12775,2316,10459,0,0,0,1.0,1,1.0,1,1.0,1,0.14889015969191516,52
3229,5,12780,2318,10462,0,0,0,1.0,1,1.0,1,1.0,1,0.1660078242256798,52
3230,4,12784,2319,10465,0,0,0,1.0,1,1.0,1,1.0,1,0.17300824261799538,50
3231,6,12790,2322,10468,0,0,0,1.0,1,1.0,1,1.0,1,0.16675857073561565,50
3232,2,12792,2323,10469,0,0,0,1.0,1,1.0,1,1.0,1,0.18831627090870173,50
3233,1,12793,2324,10469,0,0,0,1.0,1,1.0,1,1.0,1,0.19161615204294588,50
3234,3,12796,2326,10470,0,0,0,1.0,1,1.0,1,1.0,1,0.22850134568886918,49
3235,1,12797,2327,10470,0,0,0,1.0,1,1.0,1,1.0,1,0.26103923457514255,49
3236,0,12797,2327,10470,0,0,0,1.0,1,1.0,1,1.0,1,0.2355904863469521,51
3237,1,12798,2328,10470,0,0,0,1.0,1,1.0,1,1.0,1,0.23157298125308315,53
3238,4,12802,2328,10474,0,0,0,1.0,1,1.0,1,1.0,1,0.25421406820425324,53
3239,2,12804,2328,10476,0,0,0,1.0,1,1.0,1,1.0,1,0.25421406820425324,53
3240,1,12805,2328,10477,0,0,0,1.0,1,1.0,1,1.0,1,0.2562413447609056,53
3241,9,12814,2328,10486,0,0,0,1.0,1,1.0,1,1.0,1,0.16143961053395076,53
3242,2,12816,2328,10488,0,0,0,1.0,1,1.0,1,1.0,1,0.16143961053395076,53
3243,5,12821,2328,10493,0,0,0,1.0,1,1.0,1,1.0,1,0.12480444892455245,56
3244,2,12823,2328,10495,0,0,0,1.0,1,1.0,1,1.0,1,0.14497549472322438,57
3245,5,12828,2328,10500,0,0,0,1.0,1,1.0,1,1.0,1,0.13872967100176198,59
3246,7,12835,2328,10507,0,0,0,1.0,1,1.0,1,1.0,1,0.12505152368267192,59
3247,5,12840,2329,10511,0,0,0,1.0,1,1.0,1,1.0,1,0.17919948690217447,59
3248,9,12849,2330,10519,0,0,0,1.0,1,1.0,1,1.0,1,0.16978937906551994,59
3249,5,12854,2330,10524,0,0,0,1.0,1,1.0,1,1.0,1,0.18806334134225813,58
3250,5,12859,2331,10528,0,0,0,1.0,1,1.0,1,1.0,1,0.1828752738484981,58
3251,5,12864,2332,10532,0,0,0,1.0,1,1.0,1,1.0,1,0.21892603762307997,57
3252,11,12875,2332,10543,0,0,0,1.0,1,1.0,1,1.0,1,0.19937885335376945,57
3253,6,12881,2332,10549,0,0,0,1.0,1,1.0,1,1.0,1,0.2172900984358127,56
3254,4,12885,2332,10553,0,0,0,1.0,1,1.0,1,1.0,1,0.2494248211495946,57
3255,11,12896,2333,10563,0,0,0,1.0,1,1.0,1,1.0,1,0.25433532593435254,57
3256,10,12906,2333,10573,0,0,0,1.0,1,1.0,1,1.0,1,0.22817310172601307,57
3257,5,12911,2333,10578,0,0,0,1.0,1,1.0,1,1.0,1,0.1991117938646743,57
3258,6,12917,2333,10584,0,0,0,1.0,1,1.0,1,1.0,1,0.17195450911308563,58
3259,10,12927,2336,10591,0,0,0,1.0,1,1.0,1,1.0,1,0.2417179376759453,59
3260,8,12935,2336,10599,0,0,0,1.0,1,1.0,1,1.0,1,0.20826531231695727,60
3261,11,12946,2337,10609,0,0,0,1.0,1,1.0,1,1.0,1,0.08953883851498042,60
3262,5,12951,2339,10612,0,0,0,1.0,1,1.0,1,1.0,1,0.04934220633565765,61
3263,2,12953,2341,10612,0,0,0,1.0,1,1.0,1,1.0,1,0.07670968684418188,62
3264,2,12955,2343,10612,0,0,0,1.0,1,1.0,1,1.0,1,0.09171123348828214,60
3265,1,12956,2344,10612,0,0,0,1.0,1,1.0,1,1.0,1,0.0938483019329644,58
3266,5,12961,2348,10613,0,0,0,1.0,1,1.0,1,1.0,1,0.09227261277933123,59
3267,4,12965,2350,10615,0,0,0,1.0,1,1.0,1,1.0,1,0.09526790040258343,60
3268,7,12972,2354,10618,0,0,0,1.0,1,1.0,1,1.0,1,0.09317473727497323,58
3269,3,12975,2355,10620,0,0,0,1.0,1,1.0,1,1.0,1,0.09431990360293263,57
3270,4,12979,2357,10622,0,0,0,1.0,1,1.0,1,1.0,1,0.08939205595759775,56
3271,5,12984,2358,10626,0,0,0,1.0,1,1.0,1,1.0,1,0.09942921586263177,55
3272,2,12986,2358,10628,0,0,0,1.0,1,1.0,1,1.0,1,0.1157324983162635,55
3273,4,12990,2359,10631,0,0,0,1.0,1,1.0,1,1.0,1,0.10647626739031561,55
3274,2,12992,2359,10633,0,0,0,1.0,1,1.0,1,1.0,1,0.10913485304280789,55
3275,9,13001,2361,10640,0,0,0,1.0,1,1.0,1,1.0,1,0.1306847647540905,55
3276,5,13006,2361,10645,0,0,0,1.0,1,1.0,1,1.0,1,0.13624204956313016,55
3277,10,13016,2363,10653,0,0,0,1.0,1,1.0,1,1.0,1,0.17971684549995862,57
3278,9,13025,2364,10661,0,0,0,1.0,1,1.0,1,1.0,1,0.2088542653698294,56
3279,8,13033,2365,10668,0,0,0,1.0,1,1.0,1,1.0,1,0.16737746616805246,54
3280,3,13036,2365,10671,0,0,0,1.0,1,1.0,1,1.0,1,0.21729150273948677,53
3281,13,13049,2367,10682,0,0,0,1.0,1,1.0,1,1.0,1,0.08740997335787677,52
3282,1,13050,2367,10683,0,0,0,1.0,1,1.0,1,1.0,1,0.10729464274096578,50
3283,3,13053,2368,10685,0,0,0,1.0,1,1.0,1,1.0,1,0.11316552409322943,50
3284,6,13059,2371,10688,0,0,0,1.0,1,1.0,1,1.0,1,0.167302770770644,47
3285,3,13062,2371,10691,0,0,0,1.0,1,1.0,1,1.0,1,0.145622876397462,48
3286,5,13067,2374,10693,0,0,0,1.0,1,1.0,1,1.0,1,0.19199134849123076,46
3287,5,13072,2375,10697,0,0,0,1.0,1,1.0,1,1.0,1,0.2083534341008936,46
3288,3,13075,2377,10698,0,0,0,1.0,1,1.0,1,1.0,1,0.21860414839138148,46
3289,4,13079,2380,10699,0,0,0,1.0,1,1.0,1,1.0,1,0.2220002040340647,48
3290,2,13081,2381,10700,0,0,0,1.0,1,1.0,1,1.0,1,0.20409997759851214,48
3291,6,13087,2382,10705,0,0,0,1.0,1,1.0,1,1.0,1,0.1648924217943594,50
3292,7,13094,2383,10711,0,0,0,1.0,1,1.0,1,1.0,1,0.19358004196741965,50
3293,6,13100,2383,10717,0,0,0,1.0,1,1.0,1,1.0,1,0.19017087662461998,51
3294,7,13107,2385,10722,0,0,0,1.0,1,1.0,1,1.0,1,0.1842449518973104,50
3295,3,13110,2385,10725,0,0,0,1.0,1,1.0,1,1.0,1,0.18705232178105685,50
3296,4,13114,2386,10728,0,0,0,1.0,1,1.0,1,1.0,1,0.21267073138325443,50
3297,11,13125,2389,10736,0,0,0,1.0,1,1.0,1,1.0,1,0.22813014795059053,51
3298,9,13134,2389,10745,0,0,0,1.0,1,1.0,1,1.0,1,0.2337843076550625,52
3299,7,13141,2389,10752,0,0,0,1.0,1,1.0,1,1.0,1,0.23676357610998455,53
3300,8,13149,2390,10759,0,0,0,1.0,1,1.0,1,1.0,1,0.23503075556821715,53
3301,8,13157,2391,10766,0,0,0,1.0,1,1.0,1,1.0,1,0.11168900984631074,53
3302,6,13163,2394,10769,0,0,0,1.0,1,1.0,1,1.0,1,0.17068277913782634,53
3303,3,13166,2395,10771,0,0,0,1.0,1,1.0,1,1.0,1,0.15590974059369103,52
3304,6,13172,2398,10774,0,0,0,1.0,1,1.0,1,1.0,1,0.1759251099241908,52
3305,8,13180,2400,10780,0,0,0,1.0,1,1.0,1,1.0,1,0.18599720769098332,51
3306,5,13185,2401,10784,0,0,0,1.0,1,1.0,1,1.0,1,0.2116379860066975,51
3307,6,13191,2402,10789,0,0,0,1.0,1,1.0,1,1.0,1,0.2297702800486099,48
3308,10,13201,2406,10795,0,0,0,1.0,1,1.0,1,1.0,1,0.23380016932682054,48
3309,6,13207,2406,10801,0,0,0,1.0,1,1.0,1,1.0,1,0.23234904118700284,48
3310,7,13214,2406,10808,0,0,0,1.0,1,1.0,1,1.0,1,0.2394283989160277,47
3311,10,13224,2407,10817,0,0,0,1.0,1,1.0,1,1.0,1,0.2747968207902816,49
3312,14,13238,2410,10828,0,0,0,1.0,1,1.0,1,1.0,1,0.30945228144511866,48
3313,8,13246,2413,10833,0,0,0,1.0,1,1.0,1,1.0,1,0.3517175563032425,49
3314,10,13256,2415,10841,0,0,0,1.0,1,1.0,1,1.0,1,0.38005923677617537,47
3315,10,13266,2416,10850,0,0,0,1.0,1,1.0,1,1.0,1,0.38972612180758803,47
3316,8,13274,2416,10858,0,0,0,1.0,1,1.0,1,1.0,1,0.41216487764681364,47
3317,9,13283,2416,10867,0,0,0,1.0,1,1.0,1,1.0,1,0.33578396476224426,46
3318,11,13294,2418,10876,0,0,0,1.0,1,1.0,1,1.0,1,0.3624661881902909,45
3319,5,13299,2418,10881,0,0,0,1.0,1,1.0,1,1.0,1,0.3543154237957344,44
3320,7,13306,2418,10888,0,0,0,1.0,1,1.0,1,1.0,1,0.3429374483614931,43
3321,13,13319,2419,10900,0,0,0,1.0,1,1.0,1,1.0,1,0.15416871056969308,43
3322,2,13321,2419,10902,0,0,0,1.0,1,1.0,1,1.0,1,0.13803889852133727,40
3323,2,13323,2419,10904,0,0,0,1.0,1,1.0,1,1.0,1,0.13414482227332353,40
3324,2,13325,2419,10906,0,0,0,1.0,1,1.0,1,1.0,1,0.09959366402562714,40
3325,0,13325,2419,10906,0,0,0,1.0,1,1.0,1,1.0,1,0.13120745557164143,40
3326,0,13325,2419,10906,0,0,0,1.0,1,1.0,1,1.0,1,0.12443414214380473,41
3327,0,13325,2419,10906,0,0,0,1.0,1,1.0,1,1.0,1,0.13108577278916872,39
3328,6,13331,2423,10908,0,0,0,1.0,1,1.0,1,1.0,1,0.15794669565675487,41
3329,5,13336,2424,10912,0,0,0,1.0,1,1.0,1,1.0,1,0.10616514718086252,39
3330,8,13344,2427,10917,0,0,0,1.0,1,1.0,1,1.0,1,0.18977674401058123,40
3331,7,13351,2427,10924,0,0,0,1.0,1,1.0,1,1.0,1,0.1585825611858567,38
3332,7,13358,2427,10931,0,0,0,1.0,1,1.0,1,1.0,1,0.21417047493558228,38
3333,6,13364,2429,10935,0,0,0,1.0,1,1.0,1,1.0,1,0.24715293339181563,38
3334,5,13369,2429,10940,0,0,0,1.0,1,1.0,1,1.0,1,0.19532043079617756,40
3335,6,13375,2429,10946,0,0,0,1.0,1,1.0,1,1.0,1,0.16205459531036537,40
3336,6,13381,2430,10951,0,0,0,1.0,1,1.0,1,1.0,1,0.1774096086728623,39
3337,4,13385,2431,10954,0,0,0,1.0,1,1.0,1,1.0,1,0.20719038718249008,40
3338,6,13391,2433,10958,0,0,0,1.0,1,1.0,1,1.0,1,0.21872551914307814,41
3339,4,13395,2434,10961,0,0,0,1.0,1,1.0,1,1.0,1,0.24772726383927426,42
3340,7,13402,2436,10966,0,0,0,1.0,1,1.0,1,1.0,1,0.22331179473443213,43
3341,5,13407,2436,10971,0,0,0,1.0,1,1.0,1,1.0,1,0.15312765465844422,43
3342,4,13411,2437,10974,0,0,0,1.0,1,1.0,1,1.0,1,0.15002623119744538,44
3343,5,13416,2439,10977,0,0,0,1.0,1,1.0,1,1.0,1,0.1896947411751654,44
3344,1,13417,2439,10978,0,0,0,1.0,1,1.0,1,1.0,1,0.19294009617674962,44
3345,1,13418,2439,10979,0,0,0,1.0,1,1.0,1,1.0,1,0.19160899532496678,43
3346,0,13418,2439,10979,0,0,0,1.0,1,1.0,1,1.0,1,0.21101564309848145,42
3347,1,13419,2439,10980,0,0,0,1.0,1,1.0,1,1.0,1,0.1624495052797266,44
3348,2,13421,2439,10982,0,0,0,1.0,1,1.0,1,1.0,1,0.17605189950075859,45
3349,2,13423,2440,10983,0,0,0,1.0,1,1.0,1,1.0,1,0.1953944860551214,45
3350,1,13424,2440,10984,0,0,0,1.0,1,1.0,1,1.0,1,0.18214213133917326,46
3351,5,13429,2442,10987,0,0,0,1.0,1,1.0,1,1.0,1,0.18579836713141107,47
3352,4,13433,2444,10989,0,0,0,1.0,1,1.0,1,1.0,1,0.21533123671531587,47
3353,4,13437,2444,10993,0,0,0,1.0,1,1.0,1,1.0,1,0.23839594557346097,48
3354,8,13445,2444,11001,0,0,0,1.0,1,1.0,1,1.0,1,0.22902625603178955,48
3355,5,13450,2444,11006,0,0,0,1.0,1,1.0,1,1.0,1,0.21332278789340053,48
3356,5,13455,2445,11010,0,0,0,1.0,1,1.0,1,1.0,1,0.14398653397852368,48
3357,3,13458,2445,11013,0,0,0,1.0,1,1.0,1,1.0,1,0.1451414529311735,47
3358,3,13461,2446,11015,0,0,0,1.0,1,1.0,1,1.0,1,0.1496239435758029,46
3359,3,13464,2446,11018,0,0,0,1.0,1,1.0,1,1.0,1,0.1409300058122505,45
3360,4,13468,2448,11020,0,0,0,1.0,1,1.0,1,1.0,1,0.186044001296814,44
3361,2,13470,2448,11022,0,0,0,1.0,1,1.0,1,1.0,1,0.14044870384598804,43
3362,1,13471,2448,11023,0,0,0,1.0,1,1.0,1,1.0,1,0.12018596272823844,42
3363,1,13472,2449,11023,0,0,0,1.0,1,1.0,1,1.0,1,0.17394199225898882,41
3364,0,13472,2449,11023,0,0,0,1.0,1,1.0,1,1.0,1,0.14426824283127462,41
3365,1,13473,2449,11024,0,0,0,1.0,1,1.0,1,1.0,1,0.1473860969776319,41
3366,4,13477,2451,11026,0,0,0,1.0,1,1.0,1,1.0,1,0.19974409848391725,40
3367,2,13479,2452,11027,0,0,0,1.0,1,1.0,1,1.0,1,0.150770465965546,39
3368,0,13479,2452,11027,0,0,0,1.0,1,1.0,1,1.0,1,0.150770465965546,39
3369,1,13480,2453,11027,0,0,0,1.0,1,1.0,1,1.0,1,0.14182221397853553,40
3370,1,13481,2454,11027,0,0,0,1.0,1,1.0,1,1.0,1,0.13827384827008982,41
3371,2,13483,2455,11028,0,0,0,1.0,1,1.0,1,1.0,1,0.1472224569916814,41
3372,3,13486,2457,11029,0,0,0,1.0,1,1.0,1,1.0,1,0.15899181967606923,40
3373,3,13489,2458,11031,0,0,0,1.0,1,1.0,1,1.0,1,0.2053683442284131,41
3374,3,13492,2459,11033,0,0,0,1.0,1,1.0,1,1.0,1,0.21420541161785264,42
3375,3,13495,2459,11036,0,0,0,1.0,1,1.0,1,1.0,1,0.2282616040117294,44
3376,2,13497,2459,11038,0,0,0,1.0,1,1.0,1,1.0,1,0.21994421494273628,46
3377,2,13499,2459,11040,0,0,0,1.0,1,1.0,1,1.0,1,0.22962864423798682,47
3378,4,13503,2462,11041,0,0,0,1.0,1,1.0,1,1.0,1,0.20497312020532196,48
3379,2,13505,2462,11043,0,0,0,1.0,1,1.0,1,1.0,1,0.20497312020532196,48
3380,3,13508,2463,11045,0,0,0,1.0,1,1.0,1,1.0,1,0.21535880216193182,48
3381,6,13514,2463,11051,0,0,0,1.0,1,1.0,1,1.0,1,0.08315251643857767,48
3382,3,13517,2464,11053,0,0,0,1.0,1,1.0,1,1.0,1,0.1263394337155295,49
3383,1,13518,2464,11054,0,0,0,1.0,1,1.0,1,1.0,1,0.11114653990195068,47
3384,8,13526,2467,11059,0,0,0,1.0,1,1.0,1,1.0,1,0.1533984066707586,48
3385,5,13531,2467,11064,0,0,0,1.0,1,1.0,1,1.0,1,0.1655091476429724,47
3386,4,13535,2468,11067,0,0,0,1.0,1,1.0,1,1.0,1,0.17574961937209063,49
3387,2,13537,2468,11069,0,0,0,1.0,1,1.0,1,1.0,1,0.1792892615884116,48
3388,2,13539,2468,11071,0,0,0,1.0,1,1.0,1,1.0,1,0.16359528317250624,48
3389,4,13543,2468,11075,0,0,0,1.0,1,1.0,1,1.0,1,0.1894449895298892,50
3390,4,13547,2468,11079,0,0,0,1.0,1,1.0,1,1.0,1,0.1757767771577346,51
3391,5,13552,2469,11083,0,0,0,1.0,1,1.0,1,1.0,1,0.18553876731691168,51
3392,3,13555,2469,11086,0,0,0,1.0,1,1.0,1,1.0,1,0.18579163353519937,52
3393,3,13558,2469,11089,0,0,0,1.0,1,1.0,1,1.0,1,0.15064451765376163,52
3394,3,13561,2471,11090,0,0,0,1.0,1,1.0,1,1.0,1,0.14885307657513053,52
3395,3,13564,2472,11092,0,0,0,1.0,1,1.0,1,1.0,1,0.13892249914279142,50
3396,4,13568,2472,11096,0,0,0,1.0,1,1.0,1,1.0,1,0.14985644101960494,49
3397,5,13573,2473,11100,0,0,0,1.0,1,1.0,1,1.0,1,0.1891404067236754,49
3398,1,13574,2473,11101,0,0,0,1.0,1,1.0,1,1.0,1,0.17238531842079932,48
3399,5,13579,2474,11105,0,0,0,1.0,1,1.0,1,1.0,1,0.21675467230689205,49
3400,5,13584,2475,11109,0,0,0,1.0,1,1.0,1,1.0,1,0.20162438087747772,50
3401,7,13591,2475,11116,0,0,0,1.0,1,1.0,1,1.0,1,0.11878958916821356,51
3402,4,13595,2476,11119,0,0,0,1.0,1,1.0,1,1.0,1,0.14293538903774208,51
3403,3,13598,2477,11121,0,0,0,1.0,1,1.0,1,1.0,1,0.13776032392608709,51
3404,3,13601,2478,11123,0,0,0,1.0,1,1.0,1,1.0,1,0.14426719514711772,51
3405,2,13603,2479,11124,0,0,0,1.0,1,1.0,1,1.0,1,0.16972806948328037,51
3406,5,13608,2479,11129,0,0,0,1.0,1,1.0,1,1.0,1,0.18409072709108984,51
3407,6,13614,2479,11135,0,0,0,1.0,1,1.0,1,1.0,1,0.21091413197945505,52
3408,7,13621,2479,11142,0,0,0,1.0,1,1.0,1,1.0,1,0.21196001505074274,53
3409,5,13626,2479,11147,0,0,0,1.0,1,1.0,1,1.0,1,0.19067379568348622,54
3410,6,13632,2481,11151,0,0,0,1.0,1,1.0,1,1.0,1,0.18591657613619403,54
3411,7,13639,2482,11157,0,0,0,1.0,1,1.0,1,1.0,1,0.177760445176469,54
3412,6,13645,2482,11163,0,0,0,1.0,1,1.0,1,1.0,1,0.15621286705731507,55
3413,5,13650,2482,11168,0,0,0,1.0,1,1.0,1,1.0,1,0.177378081965143,55
3414,5,13655,2482,11173,0,0,0,1.0,1,1.0,1,1.0,1,0.14389365537402524,55
3415,8,13663,2483,11180,0,0,0,1.0,1,1.0,1,1.0,1,0.17865778715684077,56
3416,8,13671,2483,11188,0,0,0,1.0,1,1.0,1,1.0,1,0.16165055859136201,55
3417,10,13681,2483,11198,0,0,0,1.0,1,1.0,1,1.0,1,0.15632152254923007,56
3418,7,13688,2485,11203,0,0,0,1.0,1,1.0,1,1.0,1,0.23221840663846377,55
3419,17,13705,2487,11218,0,0,0,1.0,1,1.0,1,1.0,1,0.27471359669594303,56
3420,11,13716,2488,11228,0,0,0,1.0,1,1.0,1,1.0,1,0.23923351218172983,55
3421,10,13726,2489,11237,0,0,0,1.0,1,1.0,1,1.0,1,0.15006226228672992,57
3422,2,13728,2489,11239,0,0,0,1.0,1,1.0,1,1.0,1,0.15805394242079768,56
3423,3,13731,2490,11241,0,0,0,1.0,1,1.0,1,1.0,1,0.15244801781503206,56
3424,2,13733,2491,11242,0,0,0,1.0,1,1.0,1,1.0,1,0.16017790899324647,56
3425,2,13735,2492,11243,0,0,0,1.0,1,1.0,1,1.0,1,0.15068143258621333,56
3426,3,13738,2493,11245,0,0,0,1.0,1,1.0,1,1.0,1,0.14203925354509633,55
3427,5,13743,2495,11248,0,0,0,1.0,1,1.0,1,1.0,1,0.15391584306478187,55
3428,5,13748,2496,11252,0,0,0,1.0,1,1.0,1,1.0,1,0.1362378658044499,55
3429,0,13748,2496,11252,0,0,0,1.0,1,1.0,1,1.0,1,0.15462463818094535,54
3430,2,13750,2496,11254,0,0,0,1.0,1,1.0,1,1.0,1,0.1585747705524805,56
3431,1,13751,2496,11255,0,0,0,1.0,1,1.0,1,1.0,1,0.12291132398632672,54
3432,5,13756,2499,11257,0,0,0,1.0,1,1.0,1,1.0,1,0.17634175935826873,56
3433,3,13759,2500,11259,0,0,0,1.0,1,1.0,1,1.0,1,0.16344896362298197,53
3434,3,13762,2500,11262,0,0,0,1.0,1,1.0,1,1.0,1,0.20128744164025586,51
3435,9,13771,2500,11271,0,0,0,1.0,1,1.0,1,1.0,1,0.20867557308464377,51
3436,10,13781,2502,11279,0,0,0,1.0,1,1.0,1,1.0,1,0.17402627980080546,51
3437,9,13790,2502,11288,0,0,0,1.0,1,1.0,1,1.0,1,0.21664121822097657,53
3438,7,13797,2502,11295,0,0,0,1.0,1,1.0,1,1.0,1,0.1741006489334208,52
3439,6,13803,2504,11299,0,0,0,1.0,1,1.0,1,1.0,1,0.2357224611183252,54
3440,5,13808,2504,11304,0,0,0,1.0,1,1.0,1,1.0,1,0.204385116979184,52
3441,10,13818,2504,11314,0,0,0,1.0,1,1.0,1,1.0,1,0.12759880133473347,53
3442,6,13824,2504,11320,0,0,0,1.0,1,1.0,1,1.0,1,0.11746231611432557,53
3443,3,13827,2504,11323,0,0,0,1.0,1,1.0,1,1.0,1,0.13797894751938,53
3444,6,13833,2504,11329,0,0,0,1.0,1,1.0,1,1.0,1,0.11912063156258552,52
3445,6,13839,2506,11333,0,0,0,1.0,1,1.0,1,1.0,1,0.16674331131703185,53
3446,10,13849,2507,11342,0,0,0,1.0,1,1.0,1,1.0,1,0.23186078535265617,53
3447,10,13859,2509,11350,0,0,0,1.0,1,1.0,1,1.0,1,0.25340000632382187,53
3448,7,13866,2510,11356,0,0,0,1.0,1,1.0,1,1.0,1,0.298872225446207,52
3449,13,13879,2512,11367,0,0,0,1.0,1,1.0,1,1.0,1,0.2556330526681729,52
3450,10,13889,2514,11375,0,0,0,1.0,1,1.0,1,1.0,1,0.2352373893049051,52
3451,8,13897,2515,11382,0,0,0,1.0,1,1.0,1,1.0,1,0.2609894959933151,54
3452,11,13908,2516,11392,0,0,0,1.0,1,1.0,1,1.0,1,0.2768896931650939,54
3453,7,13915,2517,11398,0,0,0,1.0,1,1.0,1,1.0,1,0.22515130417552084,54
3454,9,13924,2517,11407,0,0,0,1.0,1,1.0,1,1.0,1,0.26284731320208465,57
3455,14,13938,2517,11421,0,0,0,1.0,1,1.0,1,1.0,1,0.25540591844269767,57
3456,12,13950,2517,11433,0,0,0,1.0,1,1.0,1,1.0,1,0.2127706680873906,58
3457,13,13963,2517,11446,0,0,0,1.0,1,1.0,1,1.0,1,0.24481240381785904,57
3458,8,13971,2517,11454,0,0,0,1.0,1,1.0,1,1.0,1,0.2530481859697436,57
3459,9,13980,2517,11463,0,0,0,1.0,1,1.0,1,1.0,1,0.2374557377542575,57
3460,5,13985,2517,11468,0,0,0,1.0,1,1.0,1,1.0,1,0.2551834615423147,58
3461,11,13996,2518,11478,0,0,0,1.0,1,1.0,1,1.0,1,0.16234679439221342,59
3462,4,14000,2518,11482,0,0,0,1.0,1,1.0,1,1.0,1,0.14079485750223977,59
3463,3,14003,2519,11484,0,0,0,1.0,1,1.0,1,1.0,1,0.12069402434370659,59
3464,2,14005,2520,11485,0,0,0,1.0,1,1.0,1,1.0,1,0.09751314914169032,59
3465,2,14007,2521,11486,0,0,0,1.0,1,1.0,1,1.0,1,0.1298799390390064,57
3466,4,14011,2523,11488,0,0,0,1.0,1,1.0,1,1.0,1,0.09646369814149129,57
3467,3,14014,2524,11490,0,0,0,1.0,1,1.0,1,1.0,1,0.11242576173997026,57
3468,1,14015,2525,11490,0,0,0,1.0,1,1.0,1,1.0,1,0.13080553831278333,57
3469,5,14020,2530,11490,0,0,0,1.0,1,1.0,1,1.0,1,0.17007014003456003,53
3470,3,14023,2532,11491,0,0,0,1.0,1,1.0,1,1.0,1,0.1650206866955521,50
3471,3,14026,2532,11494,0,0,0,1.0,1,1.0,1,1.0,1,0.12855723521166043,49
3472,1,14027,2533,11494,0,0,0,1.0,1,1.0,1,1.0,1,0.14265793323038922,47
3473,1,14028,2534,11494,0,0,0,1.0,1,1.0,1,1.0,1,0.12461718886939085,45
3474,1,14029,2535,11494,0,0,0,1.0,1,1.0,1,1.0,1,0.08959547058671173,42
3475,4,14033,2537,11496,0,0,0,1.0,1,1.0,1,1.0,1,0.18406815412297556,43
3476,2,14035,2539,11496,0,0,0,1.0,1,1.0,1,1.0,1,0.1986162321660116,41
3477,6,14041,2542,11499,0,0,0,1.0,1,1.0,1,1.0,1,0.24022533737376442,42
3478,2,14043,2543,11500,0,0,0,1.0,1,1.0,1,1.0,1,0.24678465378041917,40
3479,3,14046,2544,11502,0,0,0,1.0,1,1.0,1,1.0,1,0.28212874117747294,40
3480,4,14050,2545,11505,0,0,0,1.0,1,1.0,1,1.0,1,0.32538877739402333,40
3481,10,14060,2545,11515,0,0,0,1.0,1,1.0,1,1.0,1,0.17916082552250104,40
3482,3,14063,2545,11518,0,0,0,1.0,1,1.0,1,1.0,1,0.15257702851943586,40
3483,3,14066,2545,11521,0,0,0,1.0,1,1.0,1,1.0,1,0.18369608965914247,39
3484,2,14068,2545,11523,0,0,0,1.0,1,1.0,1,1.0,1,0.17571501187073305,39
3485,7,14075,2546,11529,0,0,0,1.0,1,1.0,1,1.0,1,0.21355074539657146,40
3486,6,14081,2546,11535,0,0,0,1.0,1,1.0,1,1.0,1,0.21339760327084595,41
3487,3,14084,2546,11538,0,0,0,1.0,1,1.0,1,1.0,1,0.2509539512996048,41
3488,9,14093,2547,11546,0,0,0,1.0,1,1.0,1,1.0,1,0.25757799088214206,42
3489,7,14100,2548,11552,0,0,0,1.0,1,1.0,1,1.0,1,0.2406770794165983,44
3490,9,14109,2548,11561,0,0,0,1.0,1,1.0,1,1.0,1,0.2513777361408665,44
3491,14,14123,2549,11574,0,0,0,1.0,1,1.0,1,1.0,1,0.23190688047552976,45
3492,9,14132,2549,11583,0,0,0,1.0,1,1.0,1,1.0,1,0.20937065217754594,45
3493,10,14142,2550,11592,0,0,0,1.0,1,1.0,1,1.0,1,0.23709647037746273,45
3494,13,14155,2550,11605,0,0,0,1.0,1,1.0,1,1.0,1,0.2642533913695758,45
3495,6,14161,2550,11611,0,0,0,1.0,1,1.0,1,1.0,1,0.24343225083370637,45
3496,8,14169,2550,11619,0,0,0,1.0,1,1.0,1,1.0,1,0.26631112165013343,46
3497,14,14183,2551,11632,0,0,0,1.0,1,1.0,1,1.0,1,0.2872409299767831,47
3498,14,14197,2551,11646,0,0,0,1.0,1,1.0,1,1.0,1,0.24290539801043107,48
3499,11,14208,2551,11657,0,0,0,1.0,1,1.0,1,1.0,1,0.28513283759145086,47
3500,7,14215,2551,11664,0,0,0,1.0,1,1.0,1,1.0,1,0.2585724817529709,50
3501,10,14225,2552,11673,0,0,0,1.0,1,1.0,1,1.0,1,0.20032441611635612,50
3502,3,14228,2552,11676,0,0,0,1.0,1,1.0,1,1.0,1,0.17325509192243327,50
3503,4,14232,2554,11678,0,0,0,1.0,1,1.0,1,1.0,1,0.19251895318049222,50
3504,4,14236,2556,11680,0,0,0,1.0,1,1.0,1,1.0,1,0.2278443827411293,47
3505,2,14238,2557,11681,0,0,0,1.0,1,1.0,1,1.0,1,0.24735576390437616,48
3506,6,14244,2558,11686,0,0,0,1.0,1,1.0,1,1.0,1,0.26125145385077575,49
3507,5,14249,2559,11690,0,0,0,1.0,1,1.0,1,1.0,1,0.26173753253617354,46
3508,6,14255,2560,11695,0,0,0,1.0,1,1.0,1,1.0,1,0.24842931842673144,47
3509,4,14259,2560,11699,0,0,0,1.0,1,1.0,1,1.0,1,0.2442818062561002,44
3510,5,14264,2561,11703,0,0,0,1.0,1,1.0,1,1.0,1,0.27000059563321055,45
3511,3,14267,2561,11706,0,0,0,1.0,1,1.0,1,1.0,1,0.2681999330316241,44
3512,3,14270,2561,11709,0,0,0,1.0,1,1.0,1,1.0,1,0.27164201449698183,42
3513,3,14273,2561,11712,0,0,0,1.0,1,1.0,1,1.0,1,0.27528729963629955,42
3514,3,14276,2561,11715,0,0,0,1.0,1,1.0,1,1.0,1,0.27043570799953404,42
3515,4,14280,2562,11718,0,0,0,1.0,1,1.0,1,1.0,1,0.2752805495591562,42
3516,2,14282,2562,11720,0,0,0,1.0,1,1.0,1,1.0,1,0.24527639352768318,41
3517,0,14282,2562,11720,0,0,0,1.0,1,1.0,1,1.0,1,0.21513433166197013,44
3518,0,14282,2562,11720,0,0,0,1.0,1,1.0,1,1.0,1,0.2247387775454616,43
3519,0,14282,2562,11720,0,0,0,1.0,1,1.0,1,1.0,1,0.22545029261420252,44
3520,1,14283,2562,11721,0,0,0,1.0,1,1.0,1,1.0,1,0.2196799892420295,45
3521,6,14289,2562,11727,0,0,0,1.0,1,1.0,1,1.0,1,0.14621934150025542,45
3522,3,14292,2562,11730,0,0,0,1.0,1,1.0,1,1.0,1,0.11835295845447386,46
3523,1,14293,2562,11731,0,0,0,1.0,1,1.0,1,1.0,1,0.12866491000098412,46
3524,1,14294,2562,11732,0,0,0,1.0,1,1.0,1,1.0,1,0.09373859729337135,47
3525,5,14299,2562,11737,0,0,0,1.0,1,1.0,1,1.0,1,0.10611432046433392,48
3526,7,14306,2563,11743,0,0,0,1.0,1,1.0,1,1.0,1,0.09896855072479588,49
3527,7,14313,2565,11748,0,0,0,1.0,1,1.0,1,1.0,1,0.18778807954812524,49
3528,4,14317,2565,11752,0,0,0,1.0,1,1.0,1,1.0,1,0.16279867908145945,51
3529,4,14321,2565,11756,0,0,0,1.0,1,1.0,1,1.0,1,0.16613347653612368,51
3530,5,14326,2565,11761,0,0,0,1.0,1,1.0,1,1.0,1,0.1627775186167198,52
3531,5,14331,2566,11765,0,0,0,1.0,1,1.0,1,1.0,1,0.1677630642033753,52
3532,4,14335,2566,11769,0,0,0,1.0,1,1.0,1,1.0,1,0.16740045528285274,52
3533,4,14339,2566,11773,0,0,0,1.0,1,1.0,1,1.0,1,0.16740045528285274,52
3534,4,14343,2566,11777,0,0,0,1.0,1,1.0,1,1.0,1,0.16740045528285274,52
3535,5,14348,2567,11781,0,0,0,1.0,1,1.0,1,1.0,1,0.18079520630810403,52
3536,4,14352,2567,11785,0,0,0,1.0,1,1.0,1,1.0,1,0.2040092594085636,54
3537,2,14354,2567,11787,0,0,0,1.0,1,1.0,1,1.0,1,0.19308779654632863,55
3538,5,14359,2567,11792,0,0,0,1.0,1,1.0,1,1.0,1,0.18827521130077576,55
3539,7,14366,2567,11799,0,0,0,1.0,1,1.0,1,1.0,1,0.16623076652771787,58
3540,3,14369,2567,11802,0,0,0,1.0,1,1.0,1,1.0,1,0.15545469990466917,59
3541,6,14375,2567,11808,0,0,0,1.0,1,1.0,1,1.0,1,0.07444976681154757,59
3542,3,14378,2567,11811,0,0,0,1.0,1,1.0,1,1.0,1,0.06584286098522493,61
3543,4,14382,2570,11812,0,0,0,1.0,1,1.0,1,1.0,1,0.08565750474779747,62
3544,4,14386,2572,11814,0,0,0,1.0,1,1.0,1,1.0,1,0.10638391208563565,59
3545,4,14390,2574,11816,0,0,0,1.0,1,1.0,1,1.0,1,0.1429091772365474,59
3546,2,14392,2574,11818,0,0,0,1.0,1,1.0,1,1.0,1,0.11649529583182872,57
3547,1,14393,2575,11818,0,0,0,1.0,1,1.0,1,1.0,1,0.10638797820079439,53
3548,2,14395,2576,11819,0,0,0,1.0,1,1.0,1,1.0,1,0.10983213290655879,53
3549,0,14395,2576,11819,0,0,0,1.0,1,1.0,1,1.0,1,0.10041010020908468,52
3550,2,14397,2577,11820,0,0,0,1.0,1,1.0,1,1.0,1,0.1161355095834744,51
3551,0,14397,2577,11820,0,0,0,1.0,1,1.0,1,1.0,1,0.14000919027649233,51
3552,1,14398,2578,11820,0,0,0,1.0,1,1.0,1,1.0,1,0.16949603278372072,51
3553,0,14398,2578,11820,0,0,0,1.0,1,1.0,1,1.0,1,0.17531627149466908,49
3554,0,14398,2578,11820,0,0,0,1.0,1,1.0,1,1.0,1,0.17531627149466908,49
3555,3,14401,2578,11823,0,0,0,1.0,1,1.0,1,1.0,1,0.16482571829717416,51
3556,3,14404,2579,11825,0,0,0,1.0,1,1.0,1,1.0,1,0.1644097129179732,51
3557,1,14405,2580,11825,0,0,0,1.0,1,1.0,1,1.0,1,0.15823121181982774,52
3558,3,14408,2581,11827,0,0,0,1.0,1,1.0,1,1.0,1,0.19284901408852959,52
3559,2,14410,2582,11828,0,0,0,1.0,1,1.0,1,1.0,1,0.1996644913333884,52
3560,0,14410,2582,11828,0,0,0,1.0,1,1.0,1,1.0,1,0.18269205004377817,53
3561,10,14420,2584,11836,0,0,0,1.0,1,1.0,1,1.0,1,0.172248404167692,54
3562,5,14425,2585,11840,0,0,0,1.0,1,1.0,1,1.0,1,0.1618384179822004,54
3563,7,14432,2585,11847,0,0,0,1.0,1,1.0,1,1.0,1,0.17480926142004186,55
3564,10,14442,2585,11857,0,0,0,1.0,1,1.0,1,1.0,1,0.16255638860391278,57
3565,7,14449,2585,11864,0,0,0,1.0,1,1.0,1,1.0,1,0.1804132449682178,56
3566,9,14458,2586,11872,0,0,0,1.0,1,1.0,1,1.0,1,0.21175980333952638,57
3567,6,14464,2586,11878,0,0,0,1.0,1,1.0,1,1.0,1,0.19773285432509508,57
3568,3,14467,2586,11881,0,0,0,1.0,1,1.0,1,1.0,1,0.17088190250444582,57
3569,6,14473,2587,11886,0,0,0,1.0,1,1.0,1,1.0,1,0.1367921070823671,57
3570,7,14480,2589,11891,0,0,0,1.0,1,1.0,1,1.0,1,0.19952990500376552,59
3571,6,14486,2590,11896,0,0,0,1.0,1,1.0,1,1.0,1,0.18826717574274734,60
3572,4,14490,2590,11900,0,0,0,1.0,1,1.0,1,1.0,1,0.18685932008791534,61
3573,7,14497,2591,11906,0,0,0,1.0,1,1.0,1,1.0,1,0.1920256807758313,62
3574,5,14502,2591,11911,0,0,0,1.0,1,1.0,1,1.0,1,0.16098418884863805,63
3575,11,14513,2593,11920,0,0,0,1.0,1,1.0,1,1.0,1,0.21876229024198574,63
3576,7,14520,2593,11927,0,0,0,1.0,1,1.0,1,1.0,1,0.20635190280774243,63
3577,5,14525,2593,11932,0,0,0,1.0,1,1.0,1,1.0,1,0.191165951779534,64
3578,6,14531,2593,11938,0,0,0,1.0,1,1.0,1,1.0,1,0.19369033940762825,64
3579,6,14537,2593,11944,0,0,0,1.0,1,1.0,1,1.0,1,0.20478230317965987,64
3580,5,14542,2593,11949,0,0,0,1.0,1,1.0,1,1.0,1,0.21537415583517575,65
3581,9,14551,2593,11958,0,0,0,1.0,1,1.0,1,1.0,1,0.15795304755154524,68
3582,6,14557,2595,11962,0,0,0,1.0,1,1.0,1,1.0,1,0.12930302383743134,68
3583,3,14560,2597,11963,0,0,0,1.0,1,1.0,1,1.0,1,0.12184929278166379,65
3584,4,14564,2599,11965,0,0,0,1.0,1,1.0,1,1.0,1,0.13874264039655215,64
3585,2,14566,2600,11966,0,0,0,1.0,1,1.0,1,1.0,1,0.10558375813950817,64
3586,3,14569,2603,11966,0,0,0,1.0,1,1.0,1,1.0,1,0.14504297343000336,65
3587,3,14572,2603,11969,0,0,0,1.0,1,1.0,1,1.0,1,0.15067808376528918,64
3588,5,14577,2603,11974,0,0,0,1.0,1,1.0,1,1.0,1,0.14227920739999747,62
3589,5,14582,2605,11977,0,0,0,1.0,1,1.0,1,1.0,1,0.13130199297646222,63
3590,3,14585,2607,11978,0,0,0,1.0,1,1.0,1,1.0,1,0.14638455375135298,63
3591,0,14585,2607,11978,0,0,0,1.0,1,1.0,1,1.0,1,0.14046479110669116,62
3592,2,14587,2609,11978,0,0,0,1.0,1,1.0,1,1.0,1,0.1339826003963981,59
3593,1,14588,2610,11978,0,0,0,1.0,1,1.0,1,1.0,1,0.1434315425851191,58
3594,0,14588,2610,11978,0,0,0,1.0,1,1.0,1,1.0,1,0.13928374554258854,57
3595,1,14589,2611,11978,0,0,0,1.0,1,1.0,1,1.0,1,0.1600746297283524,59
3596,2,14591,2612,11979,0,0,0,1.0,1,1.0,1,1.0,1,0.18979018785529297,57
3597,3,14594,2614,11980,0,0,0,1.0,1,1.0,1,1.0,1,0.1526239360202305,57
3598,2,14596,2615,11981,0,0,0,1.0,1,1.0,1,1.0,1,0.19977893265208077,57
3599,6,14602,2619,11983,0,0,0,1.0,1,1.0,1,1.0,1,0.2035898584294172,58
3600,3,14605,2619,11986,0,0,0,1.0,1,1.0,1,1.0,1,0.18271423473028023,58
3601,10,14615,2620,11995,0,0,0,1.0,1,1.0,1,1.0,1,0.08030696264801865,58
3602,7,14622,2621,12001,0,0,0,1.0,1,1.0,1,1.0,1,0.06886102860811287,60
3603,6,14628,2621,12007,0,0,0,1.0,1,1.0,1,1.0,1,0.06886102860811287,60
3604,5,14633,2621,12012,0,0,0,1.0,1,1.0,1,1.0,1,0.12626015128695564,60
3605,10,14643,2623,12020,0,0,0,1.0,1,1.0,1,1.0,1,0.12909877006422346,61
3606,10,14653,2624,12029,0,0,0,1.0,1,1.0,1,1.0,1,0.14639580604434937,63
3607,7,14660,2625,12035,0,0,0,1.0,1,1.0,1,1.0,1,0.1573766648644925,63
3608,10,14670,2625,12045,0,0,0,1.0,1,1.0,1,1.0,1,0.11549183032155393,64
3609,8,14678,2625,12053,0,0,0,1.0,1,1.0,1,1.0,1,0.17403574340670244,66
3610,11,14689,2627,12062,0,0,0,1.0,1,1.0,1,1.0,1,0.16498286336846807,67
3611,9,14698,2627,12071,0,0,0,1.0,1,1.0,1,1.0,1,0.1736216426805594,67
3612,14,14712,2628,12084,0,0,0,1.0,1,1.0,1,1.0,1,0.2329889904655159,66
3613,11,14723,2629,12094,0,0,0,1.0,1,1.0,1,1.0,1,0.24092804077894528,66
3614,17,14740,2630,12110,0,0,0,1.0,1,1.0,1,1.0,1,0.24697154785789618,65
3615,12,14752,2630,12122,0,0,0,1.0,1,1.0,1,1.0,1,0.2889880436426186,65
3616,14,14766,2630,12136,0,0,0,1.0,1,1.0,1,1.0,1,0.25391802394515267,65
3617,12,14778,2631,12147,0,0,0,1.0,1,1.0,1,1.0,1,0.27961630965948586,66
3618,17,14795,2632,12163,0,0,0,1.0,1,1.0,1,1.0,1,0.23439713772779672,66
3619,13,14808,2633,12175,0,0,0,1.0,1,1.0,1,1.0,1,0.2852829373714338,65
3620,21,14829,2634,12195,0,0,0,1.0,1,1.0,1,1.0,1,0.2371473725403673,66
3621,12,14841,2634,12207,0,0,0,1.0,1,1.0,1,1.0,1,0.11449507880133279,65
3622,4,14845,2636,12209,0,0,0,1.0,1,1.0,1,1.0,1,0.08869755268567298,65
3623,1,14846,2637,12209,0,0,0,1.0,1,1.0,1,1.0,1,0.09947442811792817,62
3624,4,14850,2640,12210,0,0,0,1.0,1,1.0,1,1.0,1,0.16895955329430698,62
3625,7,14857,2641,12216,0,0,0,1.0,1,1.0,1,1.0,1,0.15373152854106065,61
3626,1,14858,2641,12217,0,0,0,1.0,1,1.0,1,1.0,1,0.15462071845967662,58
3627,2,14860,2642,12218,0,0,0,1.0,1,1.0,1,1.0,1,0.16529447023794208,58
3628,4,14864,2644,12220,0,0,0,1.0,1,1.0,1,1.0,1,0.1534143270449086,57
3629,3,14867,2645,12222,0,0,0,1.0,1,1.0,1,1.0,1,0.19363243105863712,57
3630,5,14872,2648,12224,0,0,0,1.0,1,1.0,1,1.0,1,0.19528833667098464,56
3631,10,14882,2651,12231,0,0,0,1.0,1,1.0,1,1.0,1,0.1449369799169318,54
3632,5,14887,2651,12236,0,0,0,1.0,1,1.0,1,1.0,1,0.17823966760672658,52
3633,6,14893,2655,12238,0,0,0,1.0,1,1.0,1,1.0,1,0.18553856492021542,52
3634,3,14896,2656,12240,0,0,0,1.0,1,1.0,1,1.0,1,0.19595504331120128,49
3635,3,14899,2657,12242,0,0,0,1.0,1,1.0,1,1.0,1,0.21991748573347672,47
3636,3,14902,2658,12244,0,0,0,1.0,1,1.0,1,1.0,1,0.23024047494963967,48
3637,1,14903,2658,12245,0,0,0,1.0,1,1.0,1,1.0,1,0.2819921512175877,49
3638,1,14904,2659,12245,0,0,0,1.0,1,1.0,1,1.0,1,0.30378410729899963,50
3639,5,14909,2659,12250,0,0,0,1.0,1,1.0,1,1.0,1,0.31349330248825674,52
3640,8,14917,2661,12256,0,0,0,1.0,1,1.0,1,1.0,1,0.3544206893302371,52
3641,18,14935,2662,12273,0,0,0,1.0,1,1.0,1,1.0,1,0.1888023077343768,52
3642,1,14936,2662,12274,0,0,0,1.0,1,1.0,1,1.0,1,0.15960586343597402,52
3643,2,14938,2662,12276,0,0,0,1.0,1,1.0,1,1.0,1,0.15960586343597402,52
3644,1,14939,2662,12277,0,0,0,1.0,1,1.0,1,1.0,1,0.1888023077343768,52
3645,3,14942,2662,12280,0,0,0,1.0,1,1.0,1,1.0,1,0.14629449028608785,53
3646,4,14946,2662,12284,0,0,0,1.0,1,1.0,1,1.0,1,0.14629449028608785,53
3647,8,14954,2664,12290,0,0,0,1.0,1,1.0,1,1.0,1,0.14429053982682793,55
3648,7,14961,2664,12297,0,0,0,1.0,1,1.0,1,1.0,1,0.08399150738950101,57
3649,15,14976,2666,12310,0,0,0,1.0,1,1.0,1,1.0,1,0.12271647841466747,57
3650,13,14989,2666,12323,0,0,0,1.0,1,1.0,1,1.0,1,0.12306304786367755,59
3651,10,14999,2666,12333,0,0,0,1.0,1,1.0,1,1.0,1,0.18981636036403812,59
3652,10,15009,2666,12343,0,0,0,1.0,1,1.0,1,1.0,1,0.2143564097134021,59
3653,11,15020,2666,12354,0,0,0,1.0,1,1.0,1,1.0,1,0.19586884785312667,59
3654,8,15028,2666,12362,0,0,0,1.0,1,1.0,1,1.0,1,0.17271162744585294,59
3655,9,15037,2666,12371,0,0,0,1.0,1,1.0,1,1.0,1,0.13729576549522823,62
3656,9,15046,2666,12380,0,0,0,1.0,1,1.0,1,1.0,1,0.18163711613760808,62
3657,12,15058,2666,12392,0,0,0,1.0,1,1.0,1,1.0,1,0.15553063884595023,63
3658,13,15071,2667,12404,0,0,0,1.0,1,1.0,1,1.0,1,0.14102181420388413,63
3659,10,15081,2669,12412,0,0,0,1.0,1,1.0,1,1.0,1,0.189878765850954,62
3660,10,15091,2670,12421,0,0,0,1.0,1,1.0,1,1.0,1,0.17669084941310853,62
3661,4,15095,2671,12424,0,0,0,1.0,1,1.0,1,1.0,1,0.1427756364671352,61
3662,6,15101,2673,12428,0,0,0,1.0,1,1.0,1,1.0,1,0.14006102981717786,60
3663,4,15105,2674,12431,0,0,0,1.0,1,1.0,1,1.0,1,0.1190853575254534,61
3664,3,15108,2674,12434,0,0,0,1.0,1,1.0,1,1.0,1,0.13530739020899818,58
3665,3,15111,2676,12435,0,0,0,1.0,1,1.0,1,1.0,1,0.15313208360708663,58
3666,3,15114,2677,12437,0,0,0,1.0,1,1.0,1,1.0,1,0.12011685551346266,58
3667,2,15116,2678,12438,0,0,0,1.0,1,1.0,1,1.0,1,0.11640658292023029,58
3668,7,15123,2681,12442,0,0,0,1.0,1,1.0,1,1.0,1,0.19166651570064444,58
3669,3,15126,2682,12444,0,0,0,1.0,1,1.0,1,1.0,1,0.16603322554130498,57
3670,5,15131,2683,12448,0,0,0,1.0,1,1.0,1,1.0,1,0.18566021046350142,56
3671,3,15134,2683,12451,0,0,0,1.0,1,1.0,1,1.0,1,0.20216421089010247,57
3672,6,15140,2683,12457,0,0,0,1.0,1,1.0,1,1.0,1,0.2009705298163729,57
3673,4,15144,2684,12460,0,0,0,1.0,1,1.0,1,1.0,1,0.19499333167104238,58
3674,5,15149,2685,12464,0,0,0,1.0,1,1.0,1,1.0,1,0.25030833522034485,57
3675,5,15154,2685,12469,0,0,0,1.0,1,1.0,1,1.0,1,0.23053935244096527,58
3676,6,15160,2685,12475,0,0,0,1.0,1,1.0,1,1.0,1,0.22052544757570178,59
3677,8,15168,2685,12483,0,0,0,1.0,1,1.0,1,1.0,1,0.22118235851850507,60
3678,9,15177,2685,12492,0,0,0,1.0,1,1.0,1,1.0,1,0.20272839548755528,62
3679,8,15185,2685,12500,0,0,0,1.0,1,1.0,1,1.0,1,0.20272839548755528,62
3680,8,15193,2685,12508,0,0,0,1.0,1,1.0,1,1.0,1,0.18939558927678385,63
3681,8,15201,2685,12516,0,0,0,1.0,1,1.0,1,1.0,1,0.08738306612093429,64
3682,2,15203,2685,12518,0,0,0,1.0,1,1.0,1,1.0,1,0.10913745770899248,64
3683,1,15204,2685,12519,0,0,0,1.0,1,1.0,1,1.0,1,0.10531800211910215,64
3684,1,15205,2685,12520,0,0,0,1.0,1,1.0,1,1.0,1,0.10913745770899248,64
3685,2,15207,2685,12522,0,0,0,1.0,1,1.0,1,1.0,1,0.10913745770899248,64
3686,4,15211,2685,12526,0,0,0,1.0,1,1.0,1,1.0,1,0.1049203012827777,65
3687,2,15213,2685,12528,0,0,0,1.0,1,1.0,1,1.0,1,0.1049203012827777,65
3688,2,15215,2685,12530,0,0,0,1.0,1,1.0,1,1.0,1,0.1146579960074955,66
3689,2,15217,2685,12532,0,0,0,1.0,1,1.0,1,1.0,1,0.1146579960074955,66
3690,5,15222,2685,12537,0,0,0,1.0,1,1.0,1,1.0,1,0.10375571604315632,67
3691,2,15224,2685,12539,0,0,0,1.0,1,1.0,1,1.0,1,0.1038255441559495,68
3692,4,15228,2685,12543,0,0,0,1.0,1,1.0,1,1.0,1,0.10584239482898568,69
3693,3,15231,2685,12546,0,0,0,1.0,1,1.0,1,1.0,1,0.09448286729860904,69
3694,6,15237,2687,12550,0,0,0,1.0,1,1.0,1,1.0,1,0.1299583773627146,70
3695,10,15247,2687,12560,0,0,0,1.0,1,1.0,1,1.0,1,0.10553355890301513,70
3696,3,15250,2687,12563,0,0,0,1.0,1,1.0,1,1.0,1,0.10223126459130223,71
3697,6,15256,2688,12568,0,0,0,1.0,1,1.0,1,1.0,1,0.14102116114000998,70
3698,7,15263,2688,12575,0,0,0,1.0,1,1.0,1,1.0,1,0.13487550437663795,70
3699,6,15269,2690,12579,0,0,0,1.0,1,1.0,1,1.0,1,0.18704113503903624,70
3700,10,15279,2694,12585,0,0,0,1.0,1,1.0,1,1.0,1,0.1779764876793074,68
3701,8,15287,2695,12592,0,0,0,1.0,1,1.0,1,1.0,1,0.12605510498946054,69
3702,1,15288,2695,12593,0,0,0,1.0,1,1.0,1,1.0,1,0.11641703339409964,69
3703,2,15290,2695,12595,0,0,0,1.0,1,1.0,1,1.0,1,0.1262082434269892,70
3704,4,15294,2697,12597,0,0,0,1.0,1,1.0,1,1.0,1,0.14459856937110835,69
3705,1,15295,2697,12598,0,0,0,1.0,1,1.0,1,1.0,1,0.11779612083481833,69
3706,7,15302,2699,12603,0,0,0,1.0,1,1.0,1,1.0,1,0.13727869662037903,69
3707,2,15304,2699,12605,0,0,0,1.0,1,1.0,1,1.0,1,0.11611985846547948,67
3708,1,15305,2699,12606,0,0,0,1.0,1,1.0,1,1.0,1,0.1041296523477153,67
3709,1,15306,2699,12607,0,0,0,1.0,1,1.0,1,1.0,1,0.10420672407862928,67
3710,2,15308,2700,12608,0,0,0,1.0,1,1.0,1,1.0,1,0.10997512872650149,67
3711,1,15309,2700,12609,0,0,0,1.0,1,1.0,1,1.0,1,0.10860085395184882,68
3712,0,15309,2700,12609,0,0,0,1.0,1,1.0,1,1.0,1,0.10860085395184882,68
3713,3,15312,2702,12610,0,0,0,1.0,1,1.0,1,1.0,1,0.11170596948161678,68
3714,2,15314,2702,12612,0,0,0,1.0,1,1.0,1,1.0,1,0.1261306241080134,67
3715,3,15317,2702,12615,0,0,0,1.0,1,1.0,1,1.0,1,0.12226365446841413,68
3716,2,15319,2703,12616,0,0,0,1.0,1,1.0,1,1.0,1,0.12161278293028427,67
3717,6,15325,2705,12620,0,0,0,1.0,1,1.0,1,1.0,1,0.1546585014957955,68
3718,8,15333,2705,12628,0,0,0,1.0,1,1.0,1,1.0,1,0.1609997136340502,68
3719,5,15338,2706,12632,0,0,0,1.0,1,1.0,1,1.0,1,0.20531898677074856,68
3720,4,15342,2706,12636,0,0,0,1.0,1,1.0,1,1.0,1,0.21941610108578374,68
3721,9,15351,2710,12641,0,0,0,1.0,1,1.0,1,1.0,1,0.16166402484096054,70
3722,5,15356,2710,12646,0,0,0,1.0,1,1.0,1,1.0,1,0.16231096360145378,71
3723,5,15361,2711,12650,0,0,0,1.0,1,1.0,1,1.0,1,0.16305235393887085,71
3724,4,15365,2712,12653,0,0,0,1.0,1,1.0,1,1.0,1,0.15431119697460086,72
3725,2,15367,2713,12654,0,0,0,1.0,1,1.0,1,1.0,1,0.15095585881739568,72
3726,3,15370,2714,12656,0,0,0,1.0,1,1.0,1,1.0,1,0.17268587125678647,71
3727,3,15373,2715,12658,0,0,0,1.0,1,1.0,1,1.0,1,0.187263120339421,71
3728,2,15375,2715,12660,0,0,0,1.0,1,1.0,1,1.0,1,0.2012314624879056,70
3729,1,15376,2715,12661,0,0,0,1.0,1,1.0,1,1.0,1,0.20195005750917663,70
3730,3,15379,2716,12663,0,0,0,1.0,1,1.0,1,1.0,1,0.21391695532255456,71
3731,2,15381,2716,12665,0,0,0,1.0,1,1.0,1,1.0,1,0.20819951188523056,71
3732,3,15384,2716,12668,0,0,0,1.0,1,1.0,1,1.0,1,0.21223548221044566,72
3733,5,15389,2717,12672,0,0,0,1.0,1,1.0,1,1.0,1,0.21258869789635998,73
3734,7,15396,2719,12677,0,0,0,1.0,1,1.0,1,1.0,1,0.23819391924415168,74
3735,3,15399,2720,12679,0,0,0,1.0,1,1.0,1,1.0,1,0.23292168512516856,72
3736,1,15400,2720,12680,0,0,0,1.0,1,1.0,1,1.0,1,0.2079125684221732,72
3737,4,15404,2721,12683,0,0,0,1.0,1,1.0,1,1.0,1,0.1799012821319349,73
3738,2,15406,2721,12685,0,0,0,1.0,1,1.0,1,1.0,1,0.18174666345940352,72
3739,6,15412,2721,12691,0,0,0,1.0,1,1.0,1,1.0,1,0.16667723693646827,73
3740,7,15419,2721,12698,0,0,0,1.0,1,1.0,1,1.0,1,0.17376214248641006,70
3741,5,15424,2721,12703,0,0,0,1.0,1,1.0,1,1.0,1,0.14467891796253,70
3742,3,15427,2723,12704,0,0,0,1.0,1,1.0,1,1.0,1,0.13501740808535106,70
3743,2,15429,2723,12706,0,0,0,1.0,1,1.0,1,1.0,1,0.15990054498342784,69
3744,6,15435,2726,12709,0,0,0,1.0,1,1.0,1,1.0,1,0.20018490061502436,69
3745,4,15439,2726,12713,0,0,0,1.0,1,1.0,1,1.0,1,0.18267308503260088,68
3746,5,15444,2727,12717,0,0,0,1.0,1,1.0,1,1.0,1,0.19494914390315618,66
3747,6,15450,2731,12719,0,0,0,1.0,1,1.0,1,1.0,1,0.19460316618682477,66
3748,4,15454,2732,12722,0,0,0,1.0,1,1.0,1,1.0,1,0.17568014295040402,65
3749,4,15458,2733,12725,0,0,0,1.0,1,1.0,1,1.0,1,0.16126491454232766,64
3750,1,15459,2733,12726,0,0,0,1.0,1,1.0,1,1.0,1,0.17241511187141434,63
3751,1,15460,2733,12727,0,0,0,1.0,1,1.0,1,1.0,1,0.15914920646204583,64
3752,4,15464,2736,12728,0,0,0,1.0,1,1.0,1,1.0,1,0.14922465546013453,64
3753,2,15466,2738,12728,0,0,0,1.0,1,1.0,1,1.0,1,0.17043842653194047,65
3754,4,15470,2741,12729,0,0,0,1.0,1,1.0,1,1.0,1,0.21181239405263005,65
3755,10,15480,2744,12736,0,0,0,1.0,1,1.0,1,1.0,1,0.19072798151944273,65
3756,6,15486,2744,12742,0,0,0,1.0,1,1.0,1,1.0,1,0.1906618077117979,65
3757,1,15487,2744,12743,0,0,0,1.0,1,1.0,1,1.0,1,0.18886136300709086,65
3758,2,15489,2744,12745,0,0,0,1.0,1,1.0,1,1.0,1,0.1998659862052085,64
3759,2,15491,2745,12746,0,0,0,1.0,1,1.0,1,1.0,1,0.19756077160603508,64
3760,3,15494,2745,12749,0,0,0,1.0,1,1.0,1,1.0,1,0.23395470142102132,63
3761,12,15506,2746,12760,0,0,0,1.0,1,1.0,1,1.0,1,0.1422793872900446,63
3762,6,15512,2746,12766,0,0,0,1.0,1,1.0,1,1.0,1,0.10304848160741659,65
3763,3,15515,2747,12768,0,0,0,1.0,1,1.0,1,1.0,1,0.13426097946586407,65
3764,4,15519,2747,12772,0,0,0,1.0,1,1.0,1,1.0,1,0.12854065322299524,66
3765,3,15522,2747,12775,0,0,0,1.0,1,1.0,1,1.0,1,0.13222152823956645,67
3766,7,15529,2748,12781,0,0,0,1.0,1,1.0,1,1.0,1,0.15638727575070457,67
3767,5,15534,2749,12785,0,0,0,1.0,1,1.0,1,1.0,1,0.14462940963960802,68
3768,11,15545,2751,12794,0,0,0,1.0,1,1.0,1,1.0,1,0.1784467852868161,67
3769,11,15556,2751,12805,0,0,0,1.0,1,1.0,1,1.0,1,0.16884603967751516,69
3770,6,15562,2751,12811,0,0,0,1.0,1,1.0,1,1.0,1,0.16663069369870157,69
3771,6,15568,2752,12816,0,0,0,1.0,1,1.0,1,1.0,1,0.19340540070989765,69
3772,10,15578,2752,12826,0,0,0,1.0,1,1.0,1,1.0,1,0.199146173375523,70
3773,10,15588,2752,12836,0,0,0,1.0,1,1.0,1,1.0,1,0.1606563412063582,68
3774,5,15593,2753,12840,0,0,0,1.0,1,1.0,1,1.0,1,0.17633379637730778,68
3775,10,15603,2754,12849,0,0,0,1.0,1,1.0,1,1.0,1,0.21344337915624675,68
3776,5,15608,2754,12854,0,0,0,1.0,1,1.0,1,1.0,1,0.19094032576533596,66
3777,5,15613,2755,12858,0,0,0,1.0,1,1.0,1,1.0,1,0.20011666101666079,65
3778,6,15619,2757,12862,0,0,0,1.0,1,1.0,1,1.0,1,0.17724313892707325,65
3779,5,15624,2758,12866,0,0,0,1.0,1,1.0,1,1.0,1,0.19177107448568328,65
3780,8,15632,2760,12872,0,0,0,1.0,1,1.0,1,1.0,1,0.1663203891538515,64
3781,4,15636,2760,12876,0,0,0,1.0,1,1.0,1,1.0,1,0.09504490281204125,64
3782,2,15638,2760,12878,0,0,0,1.0,1,1.0,1,1.0,1,0.09028596826694027,67
3783,1,15639,2760,12879,0,0,0,1.0,1,1.0,1,1.0,1,0.09027912135821689,65
3784,1,15640,2761,12879,0,0,0,1.0,1,1.0,1,1.0,1,0.08465817404025142,65
3785,2,15642,2763,12879,0,0,0,1.0,1,1.0,1,1.0,1,0.13102058271440867,63
3786,2,15644,2764,12880,0,0,0,1.0,1,1.0,1,1.0,1,0.15841772139702126,66
3787,3,15647,2765,12882,0,0,0,1.0,1,1.0,1,1.0,1,0.196007787001983,65
3788,2,15649,2765,12884,0,0,0,1.0,1,1.0,1,1.0,1,0.17718434925163304,65
3789,3,15652,2766,12886,0,0,0,1.0,1,1.0,1,1.0,1,0.17699667037288344,65
3790,3,15655,2766,12889,0,0,0,1.0,1,1.0,1,1.0,1,0.1782897055132761,64
3791,3,15658,2767,12891,0,0,0,1.0,1,1.0,1,1.0,1,0.19840251388056074,64
3792,5,15663,2769,12894,0,0,0,1.0,1,1.0,1,1.0,1,0.19586722146944519,65
3793,6,15669,2769,12900,0,0,0,1.0,1,1.0,1,1.0,1,0.21912703827498625,68
3794,7,15676,2770,12906,0,0,0,1.0,1,1.0,1,1.0,1,0.22590243232444007,68
3795,6,15682,2771,12911,0,0,0,1.0,1,1.0,1,1.0,1,0.2082013642854768,69
3796,4,15686,2772,12914,0,0,0,1.0,1,1.0,1,1.0,1,0.21883246691468694,69
3797,7,15693,2773,12920,0,0,0,1.0,1,1.0,1,1.0,1,0.23185512870576488,70
3798,8,15701,2773,12928,0,0,0,1.0,1,1.0,1,1.0,1,0.23037679068969538,70
3799,4,15705,2773,12932,0,0,0,1.0,1,1.0,1,1.0,1,0.23503561516527927,69
3800,6,15711,2773,12938,0,0,0,1.0,1,1.0,1,1.0,1,0.22515154899696027,69
3801,11,15722,2773,12949,0,0,0,1.0,1,1.0,1,1.0,1,0.16080977309940597,67
3802,1,15723,2773,12950,0,0,0,1.0,1,1.0,1,1.0,1,0.16157917315525033,67
3803,2,15725,2773,12952,0,0,0,1.0,1,1.0,1,1.0,1,0.15233632002968578,69
3804,2,15727,2774,12953,0,0,0,1.0,1,1.0,1,1.0,1,0.14557765540329717,70
3805,1,15728,2775,12953,0,0,0,1.0,1,1.0,1,1.0,1,0.13811360539755915,71
3806,2,15730,2776,12954,0,0,0,1.0,1,1.0,1,1.0,1,0.1328716652005719,71
3807,5,15735,2777,12958,0,0,0,1.0,1,1.0,1,1.0,1,0.13439634285739924,72
3808,2,15737,2777,12960,0,0,0,1.0,1,1.0,1,1.0,1,0.13439634285739924,72
3809,3,15740,2778,12962,0,0,0,1.0,1,1.0,1,1.0,1,0.14652131955106656,72
3810,2,15742,2779,12963,0,0,0,1.0,1,1.0,1,1.0,1,0.13694699719486217,72
3811,1,15743,2779,12964,0,0,0,1.0,1,1.0,1,1.0,1,0.12820886497741152,71
3812,1,15744,2779,12965,0,0,0,1.0,1,1.0,1,1.0,1,0.13323869581664177,72
3813,3,15747,2780,12967,0,0,0,1.0,1,1.0,1,1.0,1,0.19668690884133608,71
3814,8,15755,2781,12974,0,0,0,1.0,1,1.0,1,1.0,1,0.22701341011570667,72
3815,8,15763,2781,12982,0,0,0,1.0,1,1.0,1,1.0,1,0.18624056966192848,71
3816,2,15765,2781,12984,0,0,0,1.0,1,1.0,1,1.0,1,0.2085001499530288,69
3817,6,15771,2781,12990,0,0,0,1.0,1,1.0,1,1.0,1,0.21963014745140724,72
3818,5,15776,2782,12994,0,0,0,1.0,1,1.0,1,1.0,1,0.21775431562972242,72
3819,6,15782,2783,12999,0,0,0,1.0,1,1.0,1,1.0,1,0.22302814473043547,72
3820,9,15791,2784,13007,0,0,0,1.0,1,1.0,1,1.0,1,0.23085605007995644,72
3821,12,15803,2785,13018,0,0,0,1.0,1,1.0,1,1.0,1,0.1585689992258494,72
3822,3,15806,2785,13021,0,0,0,1.0,1,1.0,1,1.0,1,0.15952386955056622,69
3823,4,15810,2786,13024,0,0,0,1.0,1,1.0,1,1.0,1,0.14715379938922984,69
3824,3,15813,2788,13025,0,0,0,1.0,1,1.0,1,1.0,1,0.185881870288491,65
3825,1,15814,2789,13025,0,0,0,1.0,1,1.0,1,1.0,1,0.1869042321580893,64
3826,1,15815,2790,13025,0,0,0,1.0,1,1.0,1,1.0,1,0.20243303952735978,65
3827,3,15818,2792,13026,0,0,0,1.0,1,1.0,1,1.0,1,0.2110440666886171,64
3828,1,15819,2792,13027,0,0,0,1.0,1,1.0,1,1.0,1,0.1862903654601556,65
3829,5,15824,2795,13029,0,0,0,1.0,1,1.0,1,1.0,1,0.19419300782962085,65
3830,3,15827,2795,13032,0,0,0,1.0,1,1.0,1,1.0,1,0.1844169941877867,64
3831,4,15831,2797,13034,0,0,0,1.0,1,1.0,1,1.0,1,0.19202494881741286,63
3832,4,15835,2798,13037,0,0,0,1.0,1,1.0,1,1.0,1,0.19333527364679806,64
3833,4,15839,2799,13040,0,0,0,1.0,1,1.0,1,1.0,1,0.1929095017928456,64
3834,5,15844,2800,13044,0,0,0,1.0,1,1.0,1,1.0,1,0.22171035666505487,63
3835,6,15850,2801,13049,0,0,0,1.0,1,1.0,1,1.0,1,0.21591916778034945,63
3836,4,15854,2804,13050,0,0,0,1.0,1,1.0,1,1.0,1,0.21418355431484024,63
3837,2,15856,2805,13051,0,0,0,1.0,1,1.0,1,1.0,1,0.23619833764078949,62
3838,4,15860,2808,13052,0,0,0,1.0,1,1.0,1,1.0,1,0.23804600277028073,62
3839,1,15861,2809,13052,0,0,0,1.0,1,1.0,1,1.0,1,0.2598826499217236,60
3840,2,15863,2809,13054,0,0,0,1.0,1,1.0,1,1.0,1,0.20611311185261003,62
3841,10,15873,2811,13062,0,0,0,1.0,1,1.0,1,1.0,1,0.13027261238138407,62
3842,4,15877,2811,13066,0,0,0,1.0,1,1.0,1,1.0,1,0.13718314784285673,63
3843,3,15880,2811,13069,0,0,0,1.0,1,1.0,1,1.0,1,0.12291399120525899,64
3844,4,15884,2811,13073,0,0,0,1.0,1,1.0,1,1.0,1,0.11710156046984932,65
3845,9,15893,2811,13082,0,0,0,1.0,1,1.0,1,1.0,1,0.09174573428228928,66
3846,6,15899,2811,13088,0,0,0,1.0,1,1.0,1,1.0,1,0.1376265405417889,67
3847,7,15906,2811,13095,0,0,0,1.0,1,1.0,1,1.0,1,0.1257986417809247,67
3848,5,15911,2813,13098,0,0,0,1.0,1,1.0,1,1.0,1,0.13165001634454715,67
3849,5,15916,2813,13103,0,0,0,1.0,1,1.0,1,1.0,1,0.16559763494127214,67
3850,8,15924,2814,13110,0,0,0,1.0,1,1.0,1,1.0,1,0.18594688119493538,68
3851,5,15929,2815,13114,0,0,0,1.0,1,1.0,1,1.0,1,0.19253552224966905,68
3852,7,15936,2816,13120,0,0,0,1.0,1,1.0,1,1.0,1,0.197687979123977,70
3853,11,15947,2817,13130,0,0,0,1.0,1,1.0,1,1.0,1,0.20718889064530788,70
3854,6,15953,2818,13135,0,0,0,1.0,1,1.0,1,1.0,1,0.22142312743404632,70
3855,5,15958,2819,13139,0,0,0,1.0,1,1.0,1,1.0,1,0.22451093933494998,69
3856,11,15969,2819,13150,0,0,0,1.0,1,1.0,1,1.0,1,0.23148022368758236,70
3857,10,15979,2822,13157,0,0,0,1.0,1,1.0,1,1.0,1,0.26099992997153615,68
3858,13,15992,2823,13169,0,0,0,1.0,1,1.0,1,1.0,1,0.2407240604061985,67
3859,8,16000,2825,13175,0,0,0,1.0,1,1.0,1,1.0,1,0.260098452355779,66
3860,12,16012,2826,13186,0,0,0,1.0,1,1.0,1,1.0,1,0.2334031767286675,66
3861,9,16021,2827,13194,0,0,0,1.0,1,1.0,1,1.0,1,0.15454447292188647,66
3862,3,16024,2828,13196,0,0,0,1.0,1,1.0,1,1.0,1,0.16721471482525796,66
3863,1,16025,2828,13197,0,0,0,1.0,1,1.0,1,1.0,1,0.1625200939615594,63
3864,1,16026,2829,13197,0,0,0,1.0,1,1.0,1,1.0,1,0.17069644494451577,63
3865,1,16027,2830,13197,0,0,0,1.0,1,1.0,1,1.0,1,0.17525044960354932,61
3866,0,16027,2830,13197,0,0,0,1.0,1,1.0,1,1.0,1,0.1903566682862474,61
3867,2,16029,2832,13197,0,0,0,1.0,1,1.0,1,1.0,1,0.19002090888827058,60
3868,1,16030,2833,13197,0,0,0,1.0,1,1.0,1,1.0,1,0.21410514649287254,59
3869,0,16030,2833,13197,0,0,0,1.0,1,1.0,1,1.0,1,0.20782115879799345,61
3870,1,16031,2834,13197,0,0,0,1.0,1,1.0,1,1.0,1,0.20381291423535175,61
3871,3,16034,2834,13200,0,0,0,1.0,1,1.0,1,1.0,1,0.17438838051968128,64
3872,2,16036,2835,13201,0,0,0,1.0,1,1.0,1,1.0,1,0.1855229154531657,63
3873,0,16036,2835,13201,0,0,0,1.0,1,1.0,1,1.0,1,0.2040352129511952,62
3874,1,16037,2835,13202,0,0,0,1.0,1,1.0,1,1.0,1,0.17152445561135576,63
3875,3,16040,2837,13203,0,0,0,1.0,1,1.0,1,1.0,1,0.20421620660284268,61
3876,1,16041,2837,13204,0,0,0,1.0,1,1.0,1,1.0,1,0.18513244570593348,62
3877,4,16045,2837,13208,0,0,0,1.0,1,1.0,1,1.0,1,0.2160846043435165,63
3878,2,16047,2837,13210,0,0,0,1.0,1,1.0,1,1.0,1,0.22038692399454657,63
3879,3,16050,2838,13212,0,0,0,1.0,1,1.0,1,1.0,1,0.22997272640761712,63
3880,2,16052,2839,13213,0,0,0,1.0,1,1.0,1,1.0,1,0.22411621535100018,65
3881,14,16066,2840,13226,0,0,0,1.0,1,1.0,1,1.0,1,0.14233995206685335,65
3882,9,16075,2842,13233,0,0,0,1.0,1,1.0,1,1.0,1,0.16375181429928212,66
3883,6,16081,2842,13239,0,0,0,1.0,1,1.0,1,1.0,1,0.14858064967779452,66
3884,9,16090,2842,13248,0,0,0,1.0,1,1.0,1,1.0,1,0.1557514406141885,66
3885,8,16098,2843,13255,0,0,0,1.0,1,1.0,1,1.0,1,0.1768151717822114,66
3886,7,16105,2845,13260,0,0,0,1.0,1,1.0,1,1.0,1,0.17540350929325585,65
3887,9,16114,2845,13269,0,0,0,1.0,1,1.0,1,1.0,1,0.1875010327998071,65
3888,9,16123,2845,13278,0,0,0,1.0,1,1.0,1,1.0,1,0.18928358832904296,66
3889,9,16132,2846,13286,0,0,0,1.0,1,1.0,1,1.0,1,0.2138782454309325,64
3890,11,16143,2848,13295,0,0,0,1.0,1,1.0,1,1.0,1,0.1789991730648475,63
3891,7,16150,2848,13302,0,0,0,1.0,1,1.0,1,1.0,1,0.1844567750625718,66
3892,13,16163,2848,13315,0,0,0,1.0,1,1.0,1,1.0,1,0.1871401469983572,67
3893,10,16173,2848,13325,0,0,0,1.0,1,1.0,1,1.0,1,0.18901126013893416,66
3894,13,16186,2848,13338,0,0,0,1.0,1,1.0,1,1.0,1,0.21228674244312626,67
3895,15,16201,2848,13353,0,0,0,1.0,1,1.0,1,1.0,1,0.19804468341830092,66
3896,12,16213,2849,13364,0,0,0,1.0,1,1.0,1,1.0,1,0.17596983931138846,66
3897,10,16223,2849,13374,0,0,0,1.0,1,1.0,1,1.0,1,0.19168895452181162,65
3898,17,16240,2851,13389,0,0,0,1.0,1,1.0,1,1.0,1,0.2503545726429779,65
3899,10,16250,2852,13398,0,0,0,1.0,1,1.0,1,1.0,1,0.2522270978710614,64
3900,16,16266,2853,13413,0,0,0,1.0,1,1.0,1,1.0,1,0.2899752600585094,63
3901,13,16279,2855,13424,0,0,0,1.0,1,1.0,1,1.0,1,0.1783149627222437,63
3902,3,16282,2855,13427,0,0,0,1.0,1,1.0,1,1.0,1,0.19140488210052567,64
3903,5,16287,2855,13432,0,0,0,1.0,1,1.0,1,1.0,1,0.18302487688077368,64
3904,5,16292,2858,13434,0,0,0,1.0,1,1.0,1,1.0,1,0.1527521540233064,63
3905,5,16297,2858,13439,0,0,0,1.0,1,1.0,1,1.0,1,0.15973382928861377,63
3906,9,16306,2861,13445,0,0,0,1.0,1,1.0,1,1.0,1,0.1473472267580963,64
3907,11,16317,2862,13455,0,0,0,1.0,1,1.0,1,1.0,1,0.1715344016459121,64
3908,7,16324,2863,13461,0,0,0,1.0,1,1.0,1,1.0,1,0.16013722168528283,63
3909,4,16328,2864,13464,0,0,0,1.0,1,1.0,1,1.0,1,0.16884001303334809,62
3910,3,16331,2864,13467,0,0,0,1.0,1,1.0,1,1.0,1,0.18198572853451664,62
3911,6,16337,2865,13472,0,0,0,1.0,1,1.0,1,1.0,1,0.21116531395233207,64
3912,6,16343,2865,13478,0,0,0,1.0,1,1.0,1,1.0,1,0.18740711150386438,64
3913,7,16350,2865,13485,0,0,0,1.0,1,1.0,1,1.0,1,0.19062351572002278,65
3914,7,16357,2865,13492,0,0,0,1.0,1,1.0,1,1.0,1,0.21633598003417406,65
3915,5,16362,2865,13497,0,0,0,1.0,1,1.0,1,1.0,1,0.21230674555621862,66
3916,10,16372,2866,13506,0,0,0,1.0,1,1.0,1,1.0,1,0.21362057654406122,66
3917,8,16380,2866,13514,0,0,0,1.0,1,1.0,1,1.0,1,0.2067776263872476,66
3918,7,16387,2866,13521,0,0,0,1.0,1,1.0,1,1.0,1,0.1890000519389897,67
3919,8,16395,2867,13528,0,0,0,1.0,1,1.0,1,1.0,1,0.20012426966402563,68
3920,7,16402,2867,13535,0,0,0,1.0,1,1.0,1,1.0,1,0.1846015138596148,69
3921,10,16412,2868,13544,0,0,0,1.0,1,1.0,1,1.0,1,0.13231900661365337,68
3922,7,16419,2870,13549,0,0,0,1.0,1,1.0,1,1.0,1,0.18119603617647653,68
3923,3,16422,2870,13552,0,0,0,1.0,1,1.0,1,1.0,1,0.14952134687497856,69
3924,3,16425,2871,13554,0,0,0,1.0,1,1.0,1,1.0,1,0.18612855099499787,69
3925,7,16432,2873,13559,0,0,0,1.0,1,1.0,1,1.0,1,0.2075250462145022,67
3926,5,16437,2873,13564,0,0,0,1.0,1,1.0,1,1.0,1,0.16852878500126828,67
3927,6,16443,2873,13570,0,0,0,1.0,1,1.0,1,1.0,1,0.20767969523384294,65
3928,4,16447,2873,13574,0,0,0,1.0,1,1.0,1,1.0,1,0.2306140682616729,65
3929,8,16455,2876,13579,0,0,0,1.0,1,1.0,1,1.0,1,0.2040364973043578,64
3930,7,16462,2876,13586,0,0,0,1.0,1,1.0,1,1.0,1,0.2127185920584461,64
3931,4,16466,2877,13589,0,0,0,1.0,1,1.0,1,1.0,1,0.17140950933487695,62
3932,2,16468,2877,13591,0,0,0,1.0,1,1.0,1,1.0,1,0.19314654618241,62
3933,4,16472,2878,13594,0,0,0,1.0,1,1.0,1,1.0,1,0.16750021342895977,62
3934,2,16474,2879,13595,0,0,0,1.0,1,1.0,1,1.0,1,0.1447877404672779,61
3935,4,16478,2880,13598,0,0,0,1.0,1,1.0,1,1.0,1,0.17360825313279474,64
3936,3,16481,2881,13600,0,0,0,1.0,1,1.0,1,1.0,1,0.18422764627791913,65
3937,3,16484,2881,13603,0,0,0,1.0,1,1.0,1,1.0,1,0.21287647607770127,66
3938,6,16490,2881,13609,0,0,0,1.0,1,1.0,1,1.0,1,0.21287647607770127,66
3939,9,16499,2881,13618,0,0,0,1.0,1,1.0,1,1.0,1,0.22240177774531478,67
3940,5,16504,2881,13623,0,0,0,1.0,1,1.0,1,1.0,1,0.19374815501652684,69
3941,7,16511,2881,13630,0,0,0,1.0,1,1.0,1,1.0,1,0.12651073888838751,69
3942,2,16513,2882,13631,0,0,0,1.0,1,1.0,1,1.0,1,0.11132532768893456,69
3943,4,16517,2884,13633,0,0,0,1.0,1,1.0,1,1.0,1,0.12365093784137735,68
3944,1,16518,2885,13633,0,0,0,1.0,1,1.0,1,1.0,1,0.1271004857535178,68
3945,6,16524,2888,13636,0,0,0,1.0,1,1.0,1,1.0,1,0.15063505483964515,67
3946,8,16532,2890,13642,0,0,0,1.0,1,1.0,1,1.0,1,0.1643123696088266,67
3947,2,16534,2890,13644,0,0,0,1.0,1,1.0,1,1.0,1,0.1690422070317854,66
3948,5,16539,2892,13647,0,0,0,1.0,1,1.0,1,1.0,1,0.18073278510428403,67
3949,9,16548,2895,13653,0,0,0,1.0,1,1.0,1,1.0,1,0.2469705433274497,66
3950,3,16551,2895,13656,0,0,0,1.0,1,1.0,1,1.0,1,0.2384207965650973,65
3951,3,16554,2896,13658,0,0,0,1.0,1,1.0,1,1.0,1,0.24117319118071964,65
3952,7,16561,2899,13662,0,0,0,1.0,1,1.0,1,1.0,1,0.23177397633073774,65
3953,4,16565,2900,13665,0,0,0,1.0,1,1.0,1,1.0,1,0.2172313159822196,65
3954,4,16569,2901,13668,0,0,0,1.0,1,1.0,1,1.0,1,0.2515942266321667,64
3955,5,16574,2902,13672,0,0,0,1.0,1,1.0,1,1.0,1,0.25697572384485057,64
3956,7,16581,2903,13678,0,0,0,1.0,1,1.0,1,1.0,1,0.24992267294876197,63
3957,3,16584,2903,13681,0,0,0,1.0,1,1.0,1,1.0,1,0.26387845133079063,63
3958,6,16590,2904,13686,0,0,0,1.0,1,1.0,1,1.0,1,0.2865966997197358,63
3959,7,16597,2905,13692,0,0,0,1.0,1,1.0,1,1.0,1,0.2616667384656909,62
3960,4,16601,2905,13696,0,0,0,1.0,1,1.0,1,1.0,1,0.254913778316769,62
3961,13,16614,2906,13708,0,0,0,1.0,1,1.0,1,1.0,1,0.16312462720803814,64
3962,4,16618,2907,13711,0,0,0,1.0,1,1.0,1,1.0,1,0.13497280987818158,64
3963,4,16622,2907,13715,0,0,0,1.0,1,1.0,1,1.0,1,0.1809650674957166,62
3964,8,16630,2909,13721,0,0,0,1.0,1,1.0,1,1.0,1,0.1782382980203323,63
3965,5,16635,2909,13726,0,0,0,1.0,1,1.0,1,1.0,1,0.1074957013071191,63
3966,7,16642,2909,13733,0,0,0,1.0,1,1.0,1,1.0,1,0.116167568149223,62
3967,12,16654,2909,13745,0,0,0,1.0,1,1.0,1,1.0,1,0.12424042069549791,64
3968,6,16660,2910,13750,0,0,0,1.0,1,1.0,1,1.0,1,0.1614028511622154,63
3969,6,16666,2912,13754,0,0,0,1.0,1,1.0,1,1.0,1,0.15496213091881667,63
3970,4,16670,2912,13758,0,0,0,1.0,1,1.0,1,1.0,1,0.17378145537856501,65
3971,5,16675,2912,13763,0,0,0,1.0,1,1.0,1,1.0,1,0.16526556845112433,65
3972,9,16684,2912,13772,0,0,0,1.0,1,1.0,1,1.0,1,0.19276771903712783,66
3973,4,16688,2912,13776,0,0,0,1.0,1,1.0,1,1.0,1,0.1465702132327714,66
3974,10,16698,2915,13783,0,0,0,1.0,1,1.0,1,1.0,1,0.1736695003768063,66
3975,12,16710,2916,13794,0,0,0,1.0,1,1.0,1,1.0,1,0.18557411014214523,66
3976,8,16718,2917,13801,0,0,0,1.0,1,1.0,1,1.0,1,0.23043538855957713,66
3977,11,16729,2917,13812,0,0,0,1.0,1,1.0,1,1.0,1,0.22017094489006342,64
3978,8,16737,2918,13819,0,0,0,1.0,1,1.0,1,1.0,1,0.23975321685505566,63
3979,14,16751,2920,13831,0,0,0,1.0,1,1.0,1,1.0,1,0.26515707740549377,63
3980,9,16760,2921,13839,0,0,0,1.0,1,1.0,1,1.0,1,0.27692749669432504,63
3981,14,16774,2921,13853,0,0,0,1.0,1,1.0,1,1.0,1,0.2472331833968381,64
3982,14,16788,2921,13867,0,0,0,1.0,1,1.0,1,1.0,1,0.1929832584852995,65
3983,9,16797,2921,13876,0,0,0,1.0,1,1.0,1,1.0,1,0.18135754693259942,64
3984,11,16808,2922,13886,0,0,0,1.0,1,1.0,1,1.0,1,0.17242409211326162,65
3985,13,16821,2923,13898,0,0,0,1.0,1,1.0,1,1.0,1,0.20707516070905355,64
3986,14,16835,2924,13911,0,0,0,1.0,1,1.0,1,1.0,1,0.20105988576762693,63
3987,10,16845,2925,13920,0,0,0,1.0,1,1.0,1,1.0,1,0.22848040932559485,63
3988,10,16855,2927,13928,0,0,0,1.0,1,1.0,1,1.0,1,0.16846566898536797,63
3989,12,16867,2928,13939,0,0,0,1.0,1,1.0,1,1.0,1,0.24248791777736542,63
3990,15,16882,2929,13953,0,0,0,1.0,1,1.0,1,1.0,1,0.2682693330804844,62
3991,8,16890,2929,13961,0,0,0,1.0,1,1.0,1,1.0,1,0.20191871473099196,62
3992,12,16902,2929,13973,0,0,0,1.0,1,1.0,1,1.0,1,0.24166667552371157,65
3993,15,16917,2929,13988,0,0,0,1.0,1,1.0,1,1.0,1,0.2524366656464577,65
3994,13,16930,2929,14001,0,0,0,1.0,1,1.0,1,1.0,1,0.2492088089702198,64
3995,14,16944,2929,14015,0,0,0,1.0,1,1.0,1,1.0,1,0.20451187940664775,64
3996,16,16960,2929,14031,0,0,0,1.0,1,1.0,1,1.0,1,0.22337661073165319,67
3997,16,16976,2929,14047,0,0,0,1.0,1,1.0,1,1.0,1,0.17297751362896882,69
3998,15,16991,2930,14061,0,0,0,1.0,1,1.0,1,1.0,1,0.2367904172993816,69
3999,18,17009,2930,14079,0,0,0,1.0,1,1.0,1,1.0,1,0.26135011206653846,69
4000,22,17031,2931,14100,0,0,0,1.0,1,1.0,1,1.0,1,0.21768551747238593,69
4001,15,17046,2931,14115,0,0,0,1.0,1,1.0,1,1.0,1,0.12272503976917266,68
4002,5,17051,2931,14120,0,0,0,1.0,1,1.0,1,1.0,1,0.15500469125249253,68
4003,5,17056,2931,14125,0,0,0,1.0,1,1.0,1,1.0,1,0.12896022891482098,68
4004,11,17067,2933,14134,0,0,0,1.0,1,1.0,1,1.0,1,0.19208032601657987,67
4005,12,17079,2933,14146,0,0,0,1.0,1,1.0,1,1.0,1,0.20041503921507645,67
4006,8,17087,2934,14153,0,0,0,1.0,1,1.0,1,1.0,1,0.15997426058426226,67
4007,18,17105,2935,14170,0,0,0,1.0,1,1.0,1,1.0,1,0.15302500099188437,67
4008,15,17120,2936,14184,0,0,0,1.0,1,1.0,1,1.0,1,0.14859218508506436,67
4009,6,17126,2936,14190,0,0,0,1.0,1,1.0,1,1.0,1,0.18254644506846637,67
4010,14,17140,2937,14203,0,0,0,1.0,1,1.0,1,1.0,1,0.2181123653147112,66
4011,8,17148,2938,14210,0,0,0,1.0,1,1.0,1,1.0,1,0.14728356713585372,66
4012,11,17159,2939,14220,0,0,0,1.0,1,1.0,1,1.0,1,0.16539473313543282,66
4013,6,17165,2939,14226,0,0,0,1.0,1,1.0,1,1.0,1,0.19269120149731236,66
4014,10,17175,2939,14236,0,0,0,1.0,1,1.0,1,1.0,1,0.1858673537232737,66
4015,13,17188,2939,14249,0,0,0,1.0,1,1.0,1,1.0,1,0.2325928416242327,64
4016,11,17199,2940,14259,0,0,0,1.0,1,1.0,1,1.0,1,0.22795134378952384,64
4017,16,17215,2940,14275,0,0,0,1.0,1,1.0,1,1.0,1,0.23345434718979197,66
4018,14,17229,2940,14289,0,0,0,1.0,1,1.0,1,1.0,1,0.25548613362812334,67
4019,14,17243,2941,14302,0,0,0,1.0,1,1.0,1,1.0,1,0.2899201041157573,67
4020,8,17251,2941,14310,0,0,0,1.0,1,1.0,1,1.0,1,0.2715901324660277,66
4021,16,17267,2943,14324,0,0,0,1.0,1,1.0,1,1.0,1,0.18260412786382832,66
4022,3,17270,2943,14327,0,0,0,1.0,1,1.0,1,1.0,1,0.19305836382622565,66
4023,4,17274,2943,14331,0,0,0,1.0,1,1.0,1,1.0,1,0.18966196870723445,66
4024,7,17281,2944,14337,0,0,0,1.0,1,1.0,1,1.0,1,0.1613441942355455,66
4025,5,17286,2945,14341,0,0,0,1.0,1,1.0,1,1.0,1,0.15216982878567573,66
4026,6,17292,2945,14347,0,0,0,1.0,1,1.0,1,1.0,1,0.1332288928445202,66
4027,3,17295,2945,14350,0,0,0,1.0,1,1.0,1,1.0,1,0.17045614222175268,64
4028,8,17303,2949,14354,0,0,0,1.0,1,1.0,1,1.0,1,0.14133215861631043,63
4029,4,17307,2949,14358,0,0,0,1.0,1,1.0,1,1.0,1,0.1710546404212619,62
4030,8,17315,2951,14364,0,0,0,1.0,1,1.0,1,1.0,1,0.16969313921022008,63
4031,4,17319,2952,14367,0,0,0,1.0,1,1.0,1,1.0,1,0.16222064767218983,62
4032,5,17324,2955,14369,0,0,0,1.0,1,1.0,1,1.0,1,0.17327135191844553,62
4033,3,17327,2957,14370,0,0,0,1.0,1,1.0,1,1.0,1,0.16241771063737145,61
4034,3,17330,2958,14372,0,0,0,1.0,1,1.0,1,1.0,1,0.1979576747654272,60
4035,1,17331,2958,14373,0,0,0,1.0,1,1.0,1,1.0,1,0.21065540753456558,59
4036,3,17334,2959,14375,0,0,0,1.0,1,1.0,1,1.0,1,0.21627224730162675,58
4037,5,17339,2963,14376,0,0,0,1.0,1,1.0,1,1.0,1,0.20767405079372608,59
4038,2,17341,2964,14377,0,0,0,1.0,1,1.0,1,1.0,1,0.2251724656981281,58
4039,2,17343,2966,14377,0,0,0,1.0,1,1.0,1,1.0,1,0.2634526353539568,56
4040,1,17344,2966,14378,0,0,0,1.0,1,1.0,1,1.0,1,0.2678101152848088,55
4041,12,17356,2967,14389,0,0,0,1.0,1,1.0,1,1.0,1,0.20001294188954802,54
4042,9,17365,2969,14396,0,0,0,1.0,1,1.0,1,1.0,1,0.2043933464550379,56
4043,13,17378,2972,14406,0,0,0,1.0,1,1.0,1,1.0,1,0.2875118548183159,56
4044,11,17389,2973,14416,0,0,0,1.0,1,1.0,1,1.0,1,0.3141324409245092,56
4045,15,17404,2973,14431,0,0,0,1.0,1,1.0,1,1.0,1,0.30443781079614873,57
4046,10,17414,2973,14441,0,0,0,1.0,1,1.0,1,1.0,1,0.3482621980941751,59
4047,19,17433,2974,14459,0,0,0,1.0,1,1.0,1,1.0,1,0.35843402570336286,59
4048,11,17444,2974,14470,0,0,0,1.0,1,1.0,1,1.0,1,0.3472894093555062,59
4049,11,17455,2974,14481,0,0,0,1.0,1,1.0,1,1.0,1,0.3474436835325007,60
4050,10,17465,2974,14491,0,0,0,1.0,1,1.0,1,1.0,1,0.32432592593599585,60
4051,9,17474,2974,14500,0,0,0,1.0,1,1.0,1,1.0,1,0.3282045098769076,60
4052,18,17492,2974,14518,0,0,0,1.0,1,1.0,1,1.0,1,0.3282045098769076,60
4053,9,17501,2974,14527,0,0,0,1.0,1,1.0,1,1.0,1,0.32432592593599585,60
4054,12,17513,2975,14538,0,0,0,1.0,1,1.0,1,1.0,1,0.33087483568259307,61
4055,16,17529,2975,14554,0,0,0,1.0,1,1.0,1,1.0,1,0.3370656651822199,61
4056,19,17548,2975,14573,0,0,0,1.0,1,1.0,1,1.0,1,0.3341084004355816,62
4057,10,17558,2975,14583,0,0,0,1.0,1,1.0,1,1.0,1,0.34756994333693975,63
4058,14,17572,2975,14597,0,0,0,1.0,1,1.0,1,1.0,1,0.3434315324730771,64
4059,19,17591,2975,14616,0,0,0,1.0,1,1.0,1,1.0,1,0.3630035464685609,63
4060,23,17614,2975,14639,0,0,0,1.0,1,1.0,1,1.0,1,0.35134766432980974,63
4061,11,17625,2975,14650,0,0,0,1.0,1,1.0,1,1.0,1,0.2677385733146556,63
4062,7,17632,2977,14655,0,0,0,1.0,1,1.0,1,1.0,1,0.2597658460981784,65
4063,9,17641,2977,14664,0,0,0,1.0,1,1.0,1,1.0,1,0.20688213340975542,64
4064,6,17647,2978,14669,0,0,0,1.0,1,1.0,1,1.0,1,0.19203940410003317,65
4065,5,17652,2979,14673,0,0,0,1.0,1,1.0,1,1.0,1,0.17872870301005575,64
4066,5,17657,2980,14677,0,0,0,1.0,1,1.0,1,1.0,1,0.17725283537182004,64
4067,5,17662,2982,14680,0,0,0,1.0,1,1.0,1,1.0,1,0.2076167353305332,63
4068,7,17669,2984,14685,0,0,0,1.0,1,1.0,1,1.0,1,0.21311180189835635,64
4069,10,17679,2986,14693,0,0,0,1.0,1,1.0,1,1.0,1,0.1914618993338571,62
4070,5,17684,2987,14697,0,0,0,1.0,1,1.0,1,1.0,1,0.17751129590361328,61
4071,10,17694,2991,14703,0,0,0,1.0,1,1.0,1,1.0,1,0.23617924400641138,61
4072,7,17701,2992,14709,0,0,0,1.0,1,1.0,1,1.0,1,0.2449727333202999,60
4073,5,17706,2993,14713,0,0,0,1.0,1,1.0,1,1.0,1,0.2611684427617091,60
4074,7,17713,2995,14718,0,0,0,1.0,1,1.0,1,1.0,1,0.26363493302550034,60
4075,1,17714,2996,14718,0,0,0,1.0,1,1.0,1,1.0,1,0.24048715016871947,59
4076,6,17720,2997,14723,0,0,0,1.0,1,1.0,1,1.0,1,0.22664216764572723,60
4077,7,17727,3000,14727,0,0,0,1.0,1,1.0,1,1.0,1,0.2009630514963813,61
4078,2,17729,3000,14729,0,0,0,1.0,1,1.0,1,1.0,1,0.21712482445998993,60
4079,1,17730,3000,14730,0,0,0,1.0,1,1.0,1,1.0,1,0.2592197457268262,58
4080,0,17730,3000,14730,0,0,0,1.0,1,1.0,1,1.0,1,0.2737759942247987,56
4081,15,17745,3000,14745,0,0,0,1.0,1,1.0,1,1.0,1,0.17105678973019725,56
4082,4,17749,3000,14749,0,0,0,1.0,1,1.0,1,1.0,1,0.20850656947022578,55
4083,6,17755,3001,14754,0,0,0,1.0,1,1.0,1,1.0,1,0.23594613355013935,55
4084,3,17758,3001,14757,0,0,0,1.0,1,1.0,1,1.0,1,0.20934813354809173,55
4085,4,17762,3002,14760,0,0,0,1.0,1,1.0,1,1.0,1,0.21401612008583404,56
4086,6,17768,3003,14765,0,0,0,1.0,1,1.0,1,1.0,1,0.1895850927472897,57
4087,7,17775,3005,14770,0,0,0,1.0,1,1.0,1,1.0,1,0.21631424843645228,57
4088,4,17779,3005,14774,0,0,0,1.0,1,1.0,1,1.0,1,0.23190798010121305,57
4089,6,17785,3005,14780,0,0,0,1.0,1,1.0,1,1.0,1,0.25962598562472194,56
4090,5,17790,3007,14783,0,0,0,1.0,1,1.0,1,1.0,1,0.26107691154151963,56
4091,6,17796,3007,14789,0,0,0,1.0,1,1.0,1,1.0,1,0.28484100822193,56
4092,7,17803,3007,14796,0,0,0,1.0,1,1.0,1,1.0,1,0.2625075475515526,57
4093,4,17807,3007,14800,0,0,0,1.0,1,1.0,1,1.0,1,0.2731289713165841,58
4094,8,17815,3008,14807,0,0,0,1.0,1,1.0,1,1.0,1,0.2489852786457282,57
4095,11,17826,3008,14818,0,0,0,1.0,1,1.0,1,1.0,1,0.2454531590903872,57
4096,17,17843,3009,14834,0,0,0,1.0,1,1.0,1,1.0,1,0.2461659518274503,59
4097,12,17855,3009,14846,0,0,0,1.0,1,1.0,1,1.0,1,0.2601867040135176,59
4098,9,17864,3009,14855,0,0,0,1.0,1,1.0,1,1.0,1,0.23500868151891727,59
4099,14,17878,3011,14867,0,0,0,1.0,1,1.0,1,1.0,1,0.30203987661553927,60
4100,18,17896,3012,14884,0,0,0,1.0,1,1.0,1,1.0,1,0.2599152234783504,60
4101,13,17909,3014,14895,0,0,0,1.0,1,1.0,1,1.0,1,0.23296781766693878,60
4102,9,17918,3016,14902,0,0,0,1.0,1,1.0,1,1.0,1,0.17788759013360483,60
4103,7,17925,3017,14908,0,0,0,1.0,1,1.0,1,1.0,1,0.19757401595615637,58
4104,9,17934,3020,14914,0,0,0,1.0,1,1.0,1,1.0,1,0.24221412548784732,60
4105,8,17942,3021,14921,0,0,0,1.0,1,1.0,1,1.0,1,0.1842749865404633,59
4106,8,17950,3021,14929,0,0,0,1.0,1,1.0,1,1.0,1,0.15289718746042827,61
4107,5,17955,3021,14934,0,0,0,1.0,1,1.0,1,1.0,1,0.16448817490850542,59
4108,7,17962,3021,14941,0,0,0,1.0,1,1.0,1,1.0,1,0.1643402908701279,60
4109,10,17972,3021,14951,0,0,0,1.0,1,1.0,1,1.0,1,0.14919999126315275,59
4110,6,17978,3021,14957,0,0,0,1.0,1,1.0,1,1.0,1,0.16753413854148544,60
4111,12,17990,3021,14969,0,0,0,1.0,1,1.0,1,1.0,1,0.1570251118153812,61
4112,8,17998,3022,14976,0,0,0,1.0,1,1.0,1,1.0,1,0.1647262619960325,60
4113,8,18006,3022,14984,0,0,0,1.0,1,1.0,1,1.0,1,0.14504865193945096,61
4114,10,18016,3022,14994,0,0,0,1.0,1,1.0,1,1.0,1,0.1402653686908423,62
4115,12,18028,3023,15005,0,0,0,1.0,1,1.0,1,1.0,1,0.14279200920592322,60
4116,4,18032,3023,15009,0,0,0,1.0,1,1.0,1,1.0,1,0.1902189737319133,59
4117,8,18040,3025,15015,0,0,0,1.0,1,1.0,1,1.0,1,0.20469582503373107,56
4118,8,18048,3025,15023,0,0,0,1.0,1,1.0,1,1.0,1,0.20654600367598921,55
4119,9,18057,3025,15032,0,0,0,1.0,1,1.0,1,1.0,1,0.18674980765639598,53
4120,9,18066,3026,15040,0,0,0,1.0,1,1.0,1,1.0,1,0.25160317593978304,52
4121,12,18078,3029,15049,0,0,0,1.0,1,1.0,1,1.0,1,0.07764160917162219,53
4122,1,18079,3029,15050,0,0,0,1.0,1,1.0,1,1.0,1,0.072335238593926,52
4123,5,18084,3030,15054,0,0,0,1.0,1,1.0,1,1.0,1,0.0954843420181812,51
4124,8,18092,3031,15061,0,0,0,1.0,1,1.0,1,1.0,1,0.13326819221973113,51
4125,4,18096,3031,15065,0,0,0,1.0,1,1.0,1,1.0,1,0.12116197056979583,50
4126,6,18102,3032,15070,0,0,0,1.0,1,1.0,1,1.0,1,0.15050452697513522,50
4127,4,18106,3032,15074,0,0,0,1.0,1,1.0,1,1.0,1,0.15935638654477258,49
4128,3,18109,3032,15077,0,0,0,1.0,1,1.0,1,1.0,1,0.11387744719206039,49
4129,2,18111,3032,15079,0,0,0,1.0,1,1.0,1,1.0,1,0.12638711253718338,49
4130,5,18116,3033,15083,0,0,0,1.0,1,1.0,1,1.0,1,0.16201608478200055,50
4131,6,18122,3034,15088,0,0,0,1.0,1,1.0,1,1.0,1,0.150921019311424,50
4132,5,18127,3034,15093,0,0,0,1.0,1,1.0,1,1.0,1,0.1195460695173449,50
4133,4,18131,3034,15097,0,0,0,1.0,1,1.0,1,1.0,1,0.13203095495837727,51
4134,5,18136,3035,15101,0,0,0,1.0,1,1.0,1,1.0,1,0.1400642543662483,53
4135,5,18141,3036,15105,0,0,0,1.0,1,1.0,1,1.0,1,0.1540218762640451,54
4136,6,18147,3036,15111,0,0,0,1.0,1,1.0,1,1.0,1,0.1805669403919563,54
4137,6,18153,3038,15115,0,0,0,1.0,1,1.0,1,1.0,1,0.190256391555185,55
4138,5,18158,3039,15119,0,0,0,1.0,1,1.0,1,1.0,1,0.1484933892913951,54
4139,6,18164,3039,15125,0,0,0,1.0,1,1.0,1,1.0,1,0.13599389393441272,54
4140,7,18171,3040,15131,0,0,0,1.0,1,1.0,1,1.0,1,0.1793215068012501,55
4141,9,18180,3040,15140,0,0,0,1.0,1,1.0,1,1.0,1,0.1403155229249422,55
4142,2,18182,3040,15142,0,0,0,1.0,1,1.0,1,1.0,1,0.1568120450342827,55
4143,4,18186,3040,15146,0,0,0,1.0,1,1.0,1,1.0,1,0.16841711738864473,53
4144,3,18189,3041,15148,0,0,0,1.0,1,1.0,1,1.0,1,0.18944813245574402,52
4145,4,18193,3042,15151,0,0,0,1.0,1,1.0,1,1.0,1,0.1746770337914315,51
4146,4,18197,3044,15153,0,0,0,1.0,1,1.0,1,1.0,1,0.16598651314029578,51
4147,4,18201,3046,15155,0,0,0,1.0,1,1.0,1,1.0,1,0.22715653540789674,50
4148,8,18209,3047,15162,0,0,0,1.0,1,1.0,1,1.0,1,0.2316660933889351,52
4149,5,18214,3047,15167,0,0,0,1.0,1,1.0,1,1.0,1,0.2082648122328908,53
4150,6,18220,3049,15171,0,0,0,1.0,1,1.0,1,1.0,1,0.22227427872147548,53
4151,4,18224,3049,15175,0,0,0,1.0,1,1.0,1,1.0,1,0.24349324210734646,53
4152,9,18233,3051,15182,0,0,0,1.0,1,1.0,1,1.0,1,0.2070788376421867,54
4153,7,18240,3052,15188,0,0,0,1.0,1,1.0,1,1.0,1,0.23414613842118304,51
4154,4,18244,3052,15192,0,0,0,1.0,1,1.0,1,1.0,1,0.24507531701623617,51
4155,9,18253,3053,15200,0,0,0,1.0,1,1.0,1,1.0,1,0.23555750439319056,51
4156,7,18260,3054,15206,0,0,0,1.0,1,1.0,1,1.0,1,0.2569362132843523,52
4157,10,18270,3055,15215,0,0,0,1.0,1,1.0,1,1.0,1,0.23343864473392312,52
4158,4,18274,3055,15219,0,0,0,1.0,1,1.0,1,1.0,1,0.2167812821535608,52
4159,6,18280,3056,15224,0,0,0,1.0,1,1.0,1,1.0,1,0.23423030577061332,52
4160,11,18291,3058,15233,0,0,0,1.0,1,1.0,1,1.0,1,0.2663450958241444,50
4161,6,18297,3058,15239,0,0,0,1.0,1,1.0,1,1.0,1,0.1658999536135858,50
4162,2,18299,3058,15241,0,0,0,1.0,1,1.0,1,1.0,1,0.154316199926467,51
4163,1,18300,3058,15242,0,0,0,1.0,1,1.0,1,1.0,1,0.12528096175086978,48
4164,3,18303,3060,15243,0,0,0,1.0,1,1.0,1,1.0,1,0.1497876356105648,50
4165,2,18305,3060,15245,0,0,0,1.0,1,1.0,1,1.0,1,0.1466042107026652,49
4166,2,18307,3061,15246,0,0,0,1.0,1,1.0,1,1.0,1,0.12567457689560424,50
4167,0,18307,3061,15246,0,0,0,1.0,1,1.0,1,1.0,1,0.15411592576309127,50
4168,0,18307,3061,15246,0,0,0,1.0,1,1.0,1,1.0,1,0.14854875051717994,50
4169,3,18310,3062,15248,0,0,0,1.0,1,1.0,1,1.0,1,0.14880354435017157,51
4170,5,18315,3064,15251,0,0,0,1.0,1,1.0,1,1.0,1,0.21963510448715953,50
4171,5,18320,3066,15254,0,0,0,1.0,1,1.0,1,1.0,1,0.2258851098941856,50
4172,3,18323,3066,15257,0,0,0,1.0,1,1.0,1,1.0,1,0.24829675017595207,49
4173,2,18325,3066,15259,0,0,0,1.0,1,1.0,1,1.0,1,0.2744517809291412,48
4174,2,18327,3066,15261,0,0,0,1.0,1,1.0,1,1.0,1,0.2535626797096978,48
4175,2,18329,3067,15262,0,0,0,1.0,1,1.0,1,1.0,1,0.21205283206558517,48
4176,2,18331,3068,15263,0,0,0,1.0,1,1.0,1,1.0,1,0.24305171678357748,50
4177,5,18336,3069,15267,0,0,0,1.0,1,1.0,1,1.0,1,0.23578873265459585,52
4178,5,18341,3070,15271,0,0,0,1.0,1,1.0,1,1.0,1,0.26164161883248066,53
4179,5,18346,3071,15275,0,0,0,1.0,1,1.0,1,1.0,1,0.21239295145846648,54
4180,7,18353,3071,15282,0,0,0,1.0,1,1.0,1,1.0,1,0.19679103118139574,55
4181,5,18358,3071,15287,0,0,0,1.0,1,1.0,1,1.0,1,0.15857349663818548,56
4182,2,18360,3072,15288,0,0,0,1.0,1,1.0,1,1.0,1,0.1608853970036985,56
4183,4,18364,3073,15291,0,0,0,1.0,1,1.0,1,1.0,1,0.13131844351901586,57
4184,6,18370,3076,15294,0,0,0,1.0,1,1.0,1,1.0,1,0.16481953903377003,57
4185,1,18371,3076,15295,0,0,0,1.0,1,1.0,1,1.0,1,0.14330416124453552,54
4186,5,18376,3078,15298,0,0,0,1.0,1,1.0,1,1.0,1,0.15362632205834711,55
4187,3,18379,3079,15300,0,0,0,1.0,1,1.0,1,1.0,1,0.1623980491005317,53
4188,3,18382,3080,15302,0,0,0,1.0,1,1.0,1,1.0,1,0.19200349011274162,53
4189,3,18385,3080,15305,0,0,0,1.0,1,1.0,1,1.0,1,0.18126696249874688,53
4190,3,18388,3081,15307,0,0,0,1.0,1,1.0,1,1.0,1,0.18120918976973394,53
4191,2,18390,3081,15309,0,0,0,1.0,1,1.0,1,1.0,1,0.17719978433326525,51
4192,2,18392,3082,15310,0,0,0,1.0,1,1.0,1,1.0,1,0.20971361078958398,51
4193,3,18395,3083,15312,0,0,0,1.0,1,1.0,1,1.0,1,0.22306522406582402,50
4194,2,18397,3084,15313,0,0,0,1.0,1,1.0,1,1.0,1,0.19557982214158168,50
4195,1,18398,3085,15313,0,0,0,1.0,1,1.0,1,1.0,1,0.20392483536250716,50
4196,2,18400,3086,15314,0,0,0,1.0,1,1.0,1,1.0,1,0.22643415292890715,51
4197,2,18402,3088,15314,0,0,0,1.0,1,1.0,1,1.0,1,0.26079938285646004,50
4198,3,18405,3089,15316,0,0,0,1.0,1,1.0,1,1.0,1,0.2715217427848749,48
4199,3,18408,3089,15319,0,0,0,1.0,1,1.0,1,1.0,1,0.29307722866142666,48
4200,3,18411,3089,15322,0,0,0,1.0,1,1.0,1,1.0,1,0.30751539294430014,48
4201,10,18421,3089,15332,0,0,0,1.0,1,1.0,1,1.0,1,0.14556823885630032,47
4202,2,18423,3089,15334,0,0,0,1.0,1,1.0,1,1.0,1,0.14556823885630032,47
4203,3,18426,3090,15336,0,0,0,1.0,1,1.0,1,1.0,1,0.18641476599722778,47
4204,3,18429,3092,15337,0,0,0,1.0,1,1.0,1,1.0,1,0.20615569899829048,48
4205,3,18432,3093,15339,0,0,0,1.0,1,1.0,1,1.0,1,0.24563011691280648,49
4206,4,18436,3095,15341,0,0,0,1.0,1,1.0,1,1.0,1,0.27026452037973986,49
4207,3,18439,3095,15344,0,0,0,1.0,1,1.0,1,1.0,1,0.27197693345479296,48
4208,3,18442,3097,15345,0,0,0,1.0,1,1.0,1,1.0,1,0.28553311383022795,49
4209,5,18447,3097,15350,0,0,0,1.0,1,1.0,1,1.0,1,0.2546931897264518,51
4210,2,18449,3098,15351,0,0,0,1.0,1,1.0,1,1.0,1,0.261327778977194,52
4211,4,18453,3098,15355,0,0,0,1.0,1,1.0,1,1.0,1,0.2585810720240987,53
4212,5,18458,3098,15360,0,0,0,1.0,1,1.0,1,1.0,1,0.25067361905721053,53
4213,4,18462,3098,15364,0,0,0,1.0,1,1.0,1,1.0,1,0.22087593577570375,54
4214,2,18464,3098,15366,0,0,0,1.0,1,1.0,1,1.0,1,0.2060209841641744,54
4215,2,18466,3098,15368,0,0,0,1.0,1,1.0,1,1.0,1,0.2060209841641744,54
4216,2,18468,3098,15370,0,0,0,1.0,1,1.0,1,1.0,1,0.21352035625523472,53
4217,4,18472,3099,15373,0,0,0,1.0,1,1.0,1,1.0,1,0.21059888712722452,54
4218,1,18473,3099,15374,0,0,0,1.0,1,1.0,1,1.0,1,0.23930772375738893,53
4219,1,18474,3100,15374,0,0,0,1.0,1,1.0,1,1.0,1,0.24268705553110725,53
4220,0,18474,3100,15374,0,0,0,1.0,1,1.0,1,1.0,1,0.2515891584958481,53
4221,11,18485,3100,15385,0,0,0,1.0,1,1.0,1,1.0,1,0.1874807160586763,54
4222,5,18490,3103,15387,0,0,0,1.0,1,1.0,1,1.0,1,0.18945465881219525,55
4223,5,18495,3104,15391,0,0,0,1.0,1,1.0,1,1.0,1,0.20560419529198765,56
4224,9,18504,3107,15397,0,0,0,1.0,1,1.0,1,1.0,1,0.22437509534538203,55
4225,5,18509,3107,15402,0,0,0,1.0,1,1.0,1,1.0,1,0.2244409013881153,53
4226,10,18519,3111,15408,0,0,0,1.0,1,1.0,1,1.0,1,0.26091877748297154,54
4227,7,18526,3112,15414,0,0,0,1.0,1,1.0,1,1.0,1,0.2372684080352685,52
4228,6,18532,3112,15420,0,0,0,1.0,1,1.0,1,1.0,1,0.2120005544036395,51
4229,5,18537,3112,15425,0,0,0,1.0,1,1.0,1,1.0,1,0.2320999654785465,48
4230,4,18541,3113,15428,0,0,0,1.0,1,1.0,1,1.0,1,0.23474371391899063,48
4231,4,18545,3113,15432,0,0,0,1.0,1,1.0,1,1.0,1,0.19492130234697805,48
4232,3,18548,3114,15434,0,0,0,1.0,1,1.0,1,1.0,1,0.19200801502804557,48
4233,4,18552,3114,15438,0,0,0,1.0,1,1.0,1,1.0,1,0.1949811648233391,48
4234,9,18561,3116,15445,0,0,0,1.0,1,1.0,1,1.0,1,0.2187418790193819,49
4235,2,18563,3116,15447,0,0,0,1.0,1,1.0,1,1.0,1,0.23840962856372988,47
4236,7,18570,3117,15453,0,0,0,1.0,1,1.0,1,1.0,1,0.223350113258223,47
4237,6,18576,3117,15459,0,0,0,1.0,1,1.0,1,1.0,1,0.24922423571892063,48
4238,6,18582,3117,15465,0,0,0,1.0,1,1.0,1,1.0,1,0.25494268538375264,47
4239,4,18586,3117,15469,0,0,0,1.0,1,1.0,1,1.0,1,0.2176655109676396,48
4240,4,18590,3117,15473,0,0,0,1.0,1,1.0,1,1.0,1,0.2278308119723734,47
4241,6,18596,3117,15479,0,0,0,1.0,1,1.0,1,1.0,1,0.12842405512960506,49
4242,4,18600,3117,15483,0,0,0,1.0,1,1.0,1,1.0,1,0.11967462461296165,49
4243,3,18603,3117,15486,0,0,0,1.0,1,1.0,1,1.0,1,0.14274414147879425,50
4244,5,18608,3117,15491,0,0,0,1.0,1,1.0,1,1.0,1,0.1397617050851564,51
4245,5,18613,3117,15496,0,0,0,1.0,1,1.0,1,1.0,1,0.15369896305386643,51
4246,4,18617,3117,15500,0,0,0,1.0,1,1.0,1,1.0,1,0.14239052042332667,51
4247,8,18625,3117,15508,0,0,0,1.0,1,1.0,1,1.0,1,0.1406426414930482,52
4248,5,18630,3117,15513,0,0,0,1.0,1,1.0,1,1.0,1,0.17855843520396286,52
4249,10,18640,3118,15522,0,0,0,1.0,1,1.0,1,1.0,1,0.1904771180839826,52
4250,10,18650,3119,15531,0,0,0,1.0,1,1.0,1,1.0,1,0.19656440989775809,52
4251,11,18661,3119,15542,0,0,0,1.0,1,1.0,1,1.0,1,0.19190336394161853,53
4252,10,18671,3120,15551,0,0,0,1.0,1,1.0,1,1.0,1,0.20975173715944215,53
4253,13,18684,3121,15563,0,0,0,1.0,1,1.0,1,1.0,1,0.24349568037174424,54
4254,18,18702,3122,15580,0,0,0,1.0,1,1.0,1,1.0,1,0.20493346211757194,54
4255,11,18713,3123,15590,0,0,0,1.0,1,1.0,1,1.0,1,0.20912645015676729,55
4256,13,18726,3123,15603,0,0,0,1.0,1,1.0,1,1.0,1,0.21492313478493838,57
4257,10,18736,3123,15613,0,0,0,1.0,1,1.0,1,1.0,1,0.23145725036800335,57
4258,9,18745,3123,15622,0,0,0,1.0,1,1.0,1,1.0,1,0.20889626997229382,57
4259,11,18756,3123,15633,0,0,0,1.0,1,1.0,1,1.0,1,0.19883271623711687,57
4260,8,18764,3123,15641,0,0,0,1.0,1,1.0,1,1.0,1,0.18297851577947355,58
4261,5,18769,3123,15646,0,0,0,1.0,1,1.0,1,1.0,1,0.12321620625628467,59
4262,3,18772,3124,15648,0,0,0,1.0,1,1.0,1,1.0,1,0.13059425511498532,60
4263,5,18777,3126,15651,0,0,0,1.0,1,1.0,1,1.0,1,0.13882979638420045,59
4264,5,18782,3128,15654,0,0,0,1.0,1,1.0,1,1.0,1,0.12665396717284905,58
4265,6,18788,3129,15659,0,0,0,1.0,1,1.0,1,1.0,1,0.1713684253044098,58
4266,6,18794,3129,15665,0,0,0,1.0,1,1.0,1,1.0,1,0.1959227507195707,58
4267,6,18800,3129,15671,0,0,0,1.0,1,1.0,1,1.0,1,0.1499194203989291,55
4268,1,18801,3130,15671,0,0,0,1.0,1,1.0,1,1.0,1,0.15520624910243716,55
4269,3,18804,3131,15673,0,0,0,1.0,1,1.0,1,1.0,1,0.15518693725858781,50
4270,1,18805,3132,15673,0,0,0,1.0,1,1.0,1,1.0,1,0.15606838752787092,47
4271,0,18805,3132,15673,0,0,0,1.0,1,1.0,1,1.0,1,0.16629624441694954,47
4272,0,18805,3132,15673,0,0,0,1.0,1,1.0,1,1.0,1,0.14031968000078726,46
4273,2,18807,3134,15673,0,0,0,1.0,1,1.0,1,1.0,1,0.17114886340507318,47
4274,5,18812,3137,15675,0,0,0,1.0,1,1.0,1,1.0,1,0.1742017697410862,45
4275,4,18816,3140,15676,0,0,0,1.0,1,1.0,1,1.0,1,0.23563670112604365,44
4276,5,18821,3142,15679,0,0,0,1.0,1,1.0,1,1.0,1,0.23594567643505376,43
4277,3,18824,3144,15680,0,0,0,1.0,1,1.0,1,1.0,1,0.2680486719192291,42
4278,5,18829,3144,15685,0,0,0,1.0,1,1.0,1,1.0,1,0.2789574366043039,43
4279,3,18832,3146,15686,0,0,0,1.0,1,1.0,1,1.0,1,0.29051202047184277,42
4280,7,18839,3149,15690,0,0,0,1.0,1,1.0,1,1.0,1,0.32585626608914114,44
4281,19,18858,3149,15709,0,0,0,1.0,1,1.0,1,1.0,1,0.11605692213130646,44
4282,8,18866,3149,15717,0,0,0,1.0,1,1.0,1,1.0,1,0.16257953630390337,44
4283,10,18876,3149,15727,0,0,0,1.0,1,1.0,1,1.0,1,0.17278707868923293,45
4284,9,18885,3149,15736,0,0,0,1.0,1,1.0,1,1.0,1,0.16355224641303714,45
4285,13,18898,3149,15749,0,0,0,1.0,1,1.0,1,1.0,1,0.18663131325993706,47
4286,12,18910,3149,15761,0,0,0,1.0,1,1.0,1,1.0,1,0.18663131325993706,47
4287,12,18922,3149,15773,0,0,0,1.0,1,1.0,1,1.0,1,0.19258736538507415,49
4288,14,18936,3150,15786,0,0,0,1.0,1,1.0,1,1.0,1,0.20509137710690986,49
4289,13,18949,3150,15799,0,0,0,1.0,1,1.0,1,1.0,1,0.20856993078504815,50
4290,18,18967,3151,15816,0,0,0,1.0,1,1.0,1,1.0,1,0.25139143606723763,51
4291,16,18983,3152,15831,0,0,0,1.0,1,1.0,1,1.0,1,0.30361589464396815,50
4292,12,18995,3154,15841,0,0,0,1.0,1,1.0,1,1.0,1,0.2876686141428705,51
4293,12,19007,3155,15852,0,0,0,1.0,1,1.0,1,1.0,1,0.30177054837585193,51
4294,13,19020,3156,15864,0,0,0,1.0,1,1.0,1,1.0,1,0.30106823199521754,50
4295,13,19033,3156,15877,0,0,0,1.0,1,1.0,1,1.0,1,0.3429857669022555,50
4296,14,19047,3156,15891,0,0,0,1.0,1,1.0,1,1.0,1,0.3326885990746913,49
4297,19,19066,3156,15910,0,0,0,1.0,1,1.0,1,1.0,1,0.32708719696811045,49
4298,15,19081,3156,15925,0,0,0,1.0,1,1.0,1,1.0,1,0.3685244739294006,49
4299,13,19094,3156,15938,0,0,0,1.0,1,1.0,1,1.0,1,0.3744245293918288,48
4300,11,19105,3157,15948,0,0,0,1.0,1,1.0,1,1.0,1,0.30939792374527275,49
4301,17,19122,3157,15965,0,0,0,1.0,1,1.0,1,1.0,1,0.09370979596333988,50
4302,6,19128,3157,15971,0,0,0,1.0,1,1.0,1,1.0,1,0.1334375252599205,51
4303,8,19136,3158,15978,0,0,0,1.0,1,1.0,1,1.0,1,0.08627163878608653,51
4304,12,19148,3158,15990,0,0,0,1.0,1,1.0,1,1.0,1,0.10355035535436288,51
4305,8,19156,3158,15998,0,0,0,1.0,1,1.0,1,1.0,1,0.1654897957500844,49
4306,11,19167,3160,16007,0,0,0,1.0,1,1.0,1,1.0,1,0.19179213977792173,49
4307,13,19180,3161,16019,0,0,0,1.0,1,1.0,1,1.0,1,0.241833957723814,46
4308,11,19191,3163,16028,0,0,0,1.0,1,1.0,1,1.0,1,0.246773260901616,44
4309,13,19204,3165,16039,0,0,0,1.0,1,1.0,1,1.0,1,0.2514853597211171,44
4310,9,19213,3165,16048,0,0,0,1.0,1,1.0,1,1.0,1,0.27636556463385303,42
4311,10,19223,3169,16054,0,0,0,1.0,1,1.0,1,1.0,1,0.24071803851209692,42
4312,7,19230,3170,16060,0,0,0,1.0,1,1.0,1,1.0,1,0.25003336839805856,40
4313,13,19243,3173,16070,0,0,0,1.0,1,1.0,1,1.0,1,0.20039546261823032,40
4314,7,19250,3173,16077,0,0,0,1.0,1,1.0,1,1.0,1,0.2591901755580406,36
4315,11,19261,3174,16087,0,0,0,1.0,1,1.0,1,1.0,1,0.25517666199486927,37
4316,11,19272,3176,16096,0,0,0,1.0,1,1.0,1,1.0,1,0.3009669325931217,37
4317,11,19283,3179,16104,0,0,0,1.0,1,1.0,1,1.0,1,0.37092497678151043,36
4318,8,19291,3181,16110,0,0,0,1.0,1,1.0,1,1.0,1,0.4097275034572126,34
4319,4,19295,3181,16114,0,0,0,1.0,1,1.0,1,1.0,1,0.3340830663727749,34
4320,6,19301,3181,16120,0,0,0,1.0,1,1.0,1,1.0,1,0.3340830663727749,34
4321,6,19307,3181,16126,0,0,0,1.0,1,1.0,1,1.0,1,0.16188740116173858,35
4322,2,19309,3181,16128,0,0,0,1.0,1,1.0,1,1.0,1,0.16188740116173858,35
4323,3,19312,3181,16131,0,0,0,1.0,1,1.0,1,1.0,1,0.1779743017651745,35
4324,3,19315,3181,16134,0,0,0,1.0,1,1.0,1,1.0,1,0.20860057134000337,34
4325,3,19318,3181,16137,0,0,0,1.0,1,1.0,1,1.0,1,0.18232172125619886,34
4326,11,19329,3181,16148,0,0,0,1.0,1,1.0,1,1.0,1,0.17602982212843457,36
4327,4,19333,3182,16151,0,0,0,1.0,1,1.0,1,1.0,1,0.2000839006481917,35
4328,5,19338,3182,16156,0,0,0,1.0,1,1.0,1,1.0,1,0.1662605949403504,35
4329,9,19347,3182,16165,0,0,0,1.0,1,1.0,1,1.0,1,0.1680722029141589,38
4330,5,19352,3183,16169,0,0,0,1.0,1,1.0,1,1.0,1,0.24808804056043976,38
4331,6,19358,3183,16175,0,0,0,1.0,1,1.0,1,1.0,1,0.1725193890362382,39
4332,8,19366,3183,16183,0,0,0,1.0,1,1.0,1,1.0,1,0.15751549920753605,40
4333,1,19367,3183,16184,0,0,0,1.0,1,1.0,1,1.0,1,0.15648879019037273,41
4334,1,19368,3183,16185,0,0,0,1.0,1,1.0,1,1.0,1,0.14946574024616588,41
4335,2,19370,3183,16187,0,0,0,1.0,1,1.0,1,1.0,1,0.16225834285788168,42
4336,4,19374,3183,16191,0,0,0,1.0,1,1.0,1,1.0,1,0.1621804668962593,43
4337,5,19379,3183,16196,0,0,0,1.0,1,1.0,1,1.0,1,0.17368679373958087,44
4338,4,19383,3183,16200,0,0,0,1.0,1,1.0,1,1.0,1,0.17368679373958087,44
4339,4,19387,3183,16204,0,0,0,1.0,1,1.0,1,1.0,1,0.18655658025543245,46
4340,7,19394,3183,16211,0,0,0,1.0,1,1.0,1,1.0,1,0.1987742937718475,47
4341,8,19402,3184,16218,0,0,0,1.0,1,1.0,1,1.0,1,0.14780217919680053,47
4342,7,19409,3188,16221,0,0,0,1.0,1,1.0,1,1.0,1,0.17827357748506528,47
4343,5,19414,3189,16225,0,0,0,1.0,1,1.0,1,1.0,1,0.11189225364960162,42
4344,3,19417,3191,16226,0,0,0,1.0,1,1.0,1,1.0,1,0.14202334593656993,42
4345,3,19420,3192,16228,0,0,0,1.0,1,1.0,1,1.0,1,0.1544557463197145,39
4346,0,19420,3192,16228,0,0,0,1.0,1,1.0,1,1.0,1,0.1574337593409462,37
4347,1,19421,3193,16228,0,0,0,1.0,1,1.0,1,1.0,1,0.16145223083228838,37
4348,5,19426,3198,16228,0,0,0,1.0,1,1.0,1,1.0,1,0.3363041872546561,38
4349,2,19428,3198,16230,0,0,0,1.0,1,1.0,1,1.0,1,0.26846619716366776,36
4350,4,19432,3201,16231,0,0,0,1.0,1,1.0,1,1.0,1,0.29734111390557777,37
4351,1,19433,3202,16231,0,0,0,1.0,1,1.0,1,1.0,1,0.26753671695126013,35
4352,1,19434,3202,16232,0,0,0,1.0,1,1.0,1,1.0,1,0.3076366355598623,34
4353,4,19438,3202,16236,0,0,0,1.0,1,1.0,1,1.0,1,0.2668719052544241,34
4354,1,19439,3202,16237,0,0,0,1.0,1,1.0,1,1.0,1,0.30294527476059807,32
4355,5,19444,3202,16242,0,0,0,1.0,1,1.0,1,1.0,1,0.2375914755523195,32
4356,1,19445,3203,16242,0,0,0,1.0,1,1.0,1,1.0,1,0.22392172250215023,34
4357,3,19448,3204,16244,0,0,0,1.0,1,1.0,1,1.0,1,0.24519026735104468,35
4358,4,19452,3205,16247,0,0,0,1.0,1,1.0,1,1.0,1,0.25542030490700257,35
4359,5,19457,3206,16251,0,0,0,1.0,1,1.0,1,1.0,1,0.2685562526555338,37
4360,1,19458,3206,16252,0,0,0,1.0,1,1.0,1,1.0,1,0.2723508169377222,38
4361,11,19469,3207,16262,0,0,0,1.0,1,1.0,1,1.0,1,0.15694196876109517,39
4362,8,19477,3209,16268,0,0,0,1.0,1,1.0,1,1.0,1,0.2109948570198273,38
4363,4,19481,3210,16271,0,0,0,1.0,1,1.0,1,1.0,1,0.16100214264601498,38
4364,7,19488,3212,16276,0,0,0,1.0,1,1.0,1,1.0,1,0.29709034286355024,39
4365,6,19494,3212,16282,0,0,0,1.0,1,1.0,1,1.0,1,0.3026576634080082,39
4366,7,19501,3212,16289,0,0,0,1.0,1,1.0,1,1.0,1,0.2962832123873026,39
4367,7,19508,3212,16296,0,0,0,1.0,1,1.0,1,1.0,1,0.28774741227862555,41
4368,13,19521,3212,16309,0,0,0,1.0,1,1.0,1,1.0,1,0.26114246657892803,41
4369,13,19534,3212,16322,0,0,0,1.0,1,1.0,1,1.0,1,0.2545802312595924,42
4370,10,19544,3212,16332,0,0,0,1.0,1,1.0,1,1.0,1,0.24515239476195283,42
4371,5,19549,3212,16337,0,0,0,1.0,1,1.0,1,1.0,1,0.25973925469640513,43
4372,7,19556,3212,16344,0,0,0,1.0,1,1.0,1,1.0,1,0.2563938507702522,43
4373,10,19566,3213,16353,0,0,0,1.0,1,1.0,1,1.0,1,0.2619691440021244,43
4374,9,19575,3213,16362,0,0,0,1.0,1,1.0,1,1.0,1,0.2551403675248397,44
4375,13,19588,3213,16375,0,0,0,1.0,1,1.0,1,1.0,1,0.2565523083216281,45
4376,10,19598,3213,16385,0,0,0,1.0,1,1.0,1,1.0,1,0.23227773507689853,46
4377,18,19616,3215,16401,0,0,0,1.0,1,1.0,1,1.0,1,0.27168563140766966,47
4378,12,19628,3217,16411,0,0,0,1.0,1,1.0,1,1.0,1,0.35676177624033095,49
4379,13,19641,3217,16424,0,0,0,1.0,1,1.0,1,1.0,1,0.28107631730162347,51
4380,19,19660,3217,16443,0,0,0,1.0,1,1.0,1,1.0,1,0.27686234147880845,50
4381,11,19671,3218,16453,0,0,0,1.0,1,1.0,1,1.0,1,0.22272413340517216,49
4382,4,19675,3219,16456,0,0,0,1.0,1,1.0,1,1.0,1,0.2244283170721541,47
4383,4,19679,3220,16459,0,0,0,1.0,1,1.0,1,1.0,1,0.20728133286918654,47
4384,0,19679,3220,16459,0,0,0,1.0,1,1.0,1,1.0,1,0.21908520995058905,44
4385,0,19679,3220,16459,0,0,0,1.0,1,1.0,1,1.0,1,0.20424057301917115,42
4386,5,19684,3222,16462,0,0,0,1.0,1,1.0,1,1.0,1,0.2147627381758009,41
4387,0,19684,3222,16462,0,0,0,1.0,1,1.0,1,1.0,1,0.21605077139055887,39
4388,4,19688,3223,16465,0,0,0,1.0,1,1.0,1,1.0,1,0.17450885648164455,39
4389,3,19691,3224,16467,0,0,0,1.0,1,1.0,1,1.0,1,0.20507796654790045,38
4390,1,19692,3224,16468,0,0,0,1.0,1,1.0,1,1.0,1,0.21469627078149758,38
4391,2,19694,3224,16470,0,0,0,1.0,1,1.0,1,1.0,1,0.20025987316679442,39
4392,5,19699,3224,16475,0,0,0,1.0,1,1.0,1,1.0,1,0.19360282283360403,39
4393,4,19703,3224,16479,0,0,0,1.0,1,1.0,1,1.0,1,0.17736409172338843,40
4394,2,19705,3224,16481,0,0,0,1.0,1,1.0,1,1.0,1,0.17540547886726715,39
4395,1,19706,3224,16482,0,0,0,1.0,1,1.0,1,1.0,1,0.16970304584426923,39
4396,1,19707,3224,16483,0,0,0,1.0,1,1.0,1,1.0,1,0.2011520122910034,39
4397,3,19710,3225,16485,0,0,0,1.0,1,1.0,1,1.0,1,0.20096877255546083,38
4398,1,19711,3225,16486,0,0,0,1.0,1,1.0,1,1.0,1,0.1853264752120541,39
4399,5,19716,3225,16491,0,0,0,1.0,1,1.0,1,1.0,1,0.20760925686972406,42
4400,2,19718,3225,16493,0,0,0,1.0,1,1.0,1,1.0,1,0.20528231366584948,43
4401,4,19722,3225,16497,0,0,0,1.0,1,1.0,1,1.0,1,0.15428131211089227,44
4402,0,19722,3225,16497,0,0,0,1.0,1,1.0,1,1.0,1,0.15428131211089227,44
4403,1,19723,3225,16498,0,0,0,1.0,1,1.0,1,1.0,1,0.1406788143569411,45
4404,0,19723,3225,16498,0,0,0,1.0,1,1.0,1,1.0,1,0.1406788143569411,45
4405,0,19723,3225,16498,0,0,0,1.0,1,1.0,1,1.0,1,0.14309548921379087,46
4406,1,19724,3226,16498,0,0,0,1.0,1,1.0,1,1.0,1,0.18256535973592777,46
4407,1,19725,3226,16499,0,0,0,1.0,1,1.0,1,1.0,1,0.16336179921063484,46
4408,0,19725,3226,16499,0,0,0,1.0,1,1.0,1,1.0,1,0.15681329370394775,47
4409,2,19727,3227,16500,0,0,0,1.0,1,1.0,1,1.0,1,0.16553031371314803,48
4410,0,19727,3227,16500,0,0,0,1.0,1,1.0,1,1.0,1,0.16553031371314803,48
4411,1,19728,3227,16501,0,0,0,1.0,1,1.0,1,1.0,1,0.13386426914905228,50
4412,0,19728,3227,16501,0,0,0,1.0,1,1.0,1,1.0,1,0.13386426914905228,50
4413,1,19729,3227,16502,0,0,0,1.0,1,1.0,1,1.0,1,0.13132762838854994,50
4414,4,19733,3229,16504,0,0,0,1.0,1,1.0,1,1.0,1,0.1313543033591126,51
4415,4,19737,3230,16507,0,0,0,1.0,1,1.0,1,1.0,1,0.13953602624695505,51
4416,0,19737,3230,16507,0,0,0,1.0,1,1.0,1,1.0,1,0.13953602624695505,51
4417,2,19739,3232,16507,0,0,0,1.0,1,1.0,1,1.0,1,0.20092469139676128,51
4418,4,19743,3232,16511,0,0,0,1.0,1,1.0,1,1.0,1,0.16165663073861986,51
4419,3,19746,3232,16514,0,0,0,1.0,1,1.0,1,1.0,1,0.16000178819778596,50
4420,4,19750,3233,16517,0,0,0,1.0,1,1.0,1,1.0,1,0.13059629970899508,50
4421,1,19751,3233,16518,0,0,0,1.0,1,1.0,1,1.0,1,0.1046576324221186,52
4422,0,19751,3233,16518,0,0,0,1.0,1,1.0,1,1.0,1,0.11568457501385059,51
4423,0,19751,3233,16518,0,0,0,1.0,1,1.0,1,1.0,1,0.11568457501385059,51
4424,0,19751,3233,16518,0,0,0,1.0,1,1.0,1,1.0,1,0.1179588303826546,53
4425,2,19753,3234,16519,0,0,0,1.0,1,1.0,1,1.0,1,0.12151739629768231,54
4426,2,19755,3235,16520,0,0,0,1.0,1,1.0,1,1.0,1,0.10410743047407733,55
4427,0,19755,3235,16520,0,0,0,1.0,1,1.0,1,1.0,1,0.10410743047407733,55
4428,3,19758,3235,16523,0,0,0,1.0,1,1.0,1,1.0,1,0.0979504037717595,55
4429,0,19758,3235,16523,0,0,0,1.0,1,1.0,1,1.0,1,0.09946623715881615,56
4430,2,19760,3235,16525,0,0,0,1.0,1,1.0,1,1.0,1,0.10775107637422003,55
4431,2,19762,3236,16526,0,0,0,1.0,1,1.0,1,1.0,1,0.12895342899492868,56
4432,2,19764,3237,16527,0,0,0,1.0,1,1.0,1,1.0,1,0.12916717642200828,56
4433,2,19766,3237,16529,0,0,0,1.0,1,1.0,1,1.0,1,0.1349107677846302,57
4434,3,19769,3237,16532,0,0,0,1.0,1,1.0,1,1.0,1,0.10347650311914948,56
4435,2,19771,3237,16534,0,0,0,1.0,1,1.0,1,1.0,1,0.10366360013264413,56
4436,4,19775,3239,16536,0,0,0,1.0,1,1.0,1,1.0,1,0.12889408924200893,55
4437,2,19777,3239,16538,0,0,0,1.0,1,1.0,1,1.0,1,0.11038303995067263,54
4438,5,19782,3240,16542,0,0,0,1.0,1,1.0,1,1.0,1,0.11586813269308528,54
4439,2,19784,3240,16544,0,0,0,1.0,1,1.0,1,1.0,1,0.14820376401749316,55
4440,4,19788,3241,16547,0,0,0,1.0,1,1.0,1,1.0,1,0.14530810923002743,55
4441,9,19797,3243,16554,0,0,0,1.0,1,1.0,1,1.0,1,0.1137959421432509,59
4442,7,19804,3244,16560,0,0,0,1.0,1,1.0,1,1.0,1,0.11155551179878759,61
4443,3,19807,3245,16562,0,0,0,1.0,1,1.0,1,1.0,1,0.13549001869076127,60
4444,4,19811,3245,16566,0,0,0,1.0,1,1.0,1,1.0,1,0.11733620471477858,61
4445,5,19816,3245,16571,0,0,0,1.0,1,1.0,1,1.0,1,0.11832733301803883,61
4446,10,19826,3246,16580,0,0,0,1.0,1,1.0,1,1.0,1,0.1264810231085452,62
4447,4,19830,3246,16584,0,0,0,1.0,1,1.0,1,1.0,1,0.1310950671910781,63
4448,6,19836,3246,16590,0,0,0,1.0,1,1.0,1,1.0,1,0.1310950671910781,63
4449,3,19839,3246,16593,0,0,0,1.0,1,1.0,1,1.0,1,0.11855656517522369,63
4450,6,19845,3246,16599,0,0,0,1.0,1,1.0,1,1.0,1,0.1360687355491221,62
4451,7,19852,3247,16605,0,0,0,1.0,1,1.0,1,1.0,1,0.16431972932683792,63
4452,8,19860,3247,16613,0,0,0,1.0,1,1.0,1,1.0,1,0.16193126308296915,64
4453,8,19868,3247,16621,0,0,0,1.0,1,1.0,1,1.0,1,0.14482098377677485,65
4454,4,19872,3247,16625,0,0,0,1.0,1,1.0,1,1.0,1,0.1324812018849678,66
4455,5,19877,3247,16630,0,0,0,1.0,1,1.0,1,1.0,1,0.10271729951228531,67
4456,7,19884,3249,16635,0,0,0,1.0,1,1.0,1,1.0,1,0.1282351494509476,67
4457,4,19888,3249,16639,0,0,0,1.0,1,1.0,1,1.0,1,0.13753507025435074,65
4458,5,19893,3249,16644,0,0,0,1.0,1,1.0,1,1.0,1,0.13950987783521415,65
4459,5,19898,3252,16646,0,0,0,1.0,1,1.0,1,1.0,1,0.15727306968286148,64
4460,3,19901,3252,16649,0,0,0,1.0,1,1.0,1,1.0,1,0.17648503967193083,63
4461,7,19908,3254,16654,0,0,0,1.0,1,1.0,1,1.0,1,0.17159122586271514,62
4462,7,19915,3257,16658,0,0,0,1.0,1,1.0,1,1.0,1,0.19935569097220127,61
4463,4,19919,3259,16660,0,0,0,1.0,1,1.0,1,1.0,1,0.23490221207518333,61
4464,4,19923,3262,16661,0,0,0,1.0,1,1.0,1,1.0,1,0.24191013780266324,58
4465,2,19925,3262,16663,0,0,0,1.0,1,1.0,1,1.0,1,0.22494258180447307,57
4466,0,19925,3262,16663,0,0,0,1.0,1,1.0,1,1.0,1,0.24224394434055418,54
4467,2,19927,3264,16663,0,0,0,1.0,1,1.0,1,1.0,1,0.22546513180176522,52
4468,2,19929,3266,16663,0,0,0,1.0,1,1.0,1,1.0,1,0.21238345234733624,52
4469,2,19931,3268,16663,0,0,0,1.0,1,1.0,1,1.0,1,0.19568612330491186,51
4470,2,19933,3270,16663,0,0,0,1.0,1,1.0,1,1.0,1,0.19634266798391242,51
4471,3,19936,3272,16664,0,0,0,1.0,1,1.0,1,1.0,1,0.18026946425601015,50
4472,1,19937,3273,16664,0,0,0,1.0,1,1.0,1,1.0,1,0.1821385932673856,48
4473,0,19937,3273,16664,0,0,0,1.0,1,1.0,1,1.0,1,0.1811404292000303,47
4474,4,19941,3276,16665,0,0,0,1.0,1,1.0,1,1.0,1,0.21406552207532745,49
4475,5,19946,3278,16668,0,0,0,1.0,1,1.0,1,1.0,1,0.2719499048808394,47
4476,6,19952,3279,16673,0,0,0,1.0,1,1.0,1,1.0,1,0.26207483972660367,49
4477,4,19956,3279,16677,0,0,0,1.0,1,1.0,1,1.0,1,0.3107395114203461,48
4478,2,19958,3279,16679,0,0,0,1.0,1,1.0,1,1.0,1,0.3107395114203461,48
4479,2,19960,3279,16681,0,0,0,1.0,1,1.0,1,1.0,1,0.3107395114203461,48
4480,3,19963,3279,16684,0,0,0,1.0,1,1.0,1,1.0,1,0.2521577473997054,49
4481,13,19976,3279,16697,0,0,0,1.0,1,1.0,1,1.0,1,0.16984601422937082,49
4482,3,19979,3280,16699,0,0,0,1.0,1,1.0,1,1.0,1,0.19469732963955944,49
4483,3,19982,3280,16702,0,0,0,1.0,1,1.0,1,1.0,1,0.1423102603395566,50
4484,6,19988,3282,16706,0,0,0,1.0,1,1.0,1,1.0,1,0.17271801826458288,52
4485,8,19996,3282,16714,0,0,0,1.0,1,1.0,1,1.0,1,0.17443636458956308,53
4486,6,20002,3282,16720,0,0,0,1.0,1,1.0,1,1.0,1,0.17471162999149617,55
4487,6,20008,3284,16724,0,0,0,1.0,1,1.0,1,1.0,1,0.20049923741664408,55
4488,4,20012,3284,16728,0,0,0,1.0,1,1.0,1,1.0,1,0.18629224493381352,54
4489,6,20018,3284,16734,0,0,0,1.0,1,1.0,1,1.0,1,0.20467639727595588,53
4490,3,20021,3284,16737,0,0,0,1.0,1,1.0,1,1.0,1,0.2147490806982518,53
4491,6,20027,3284,16743,0,0,0,1.0,1,1.0,1,1.0,1,0.23209156483416146,52
4492,6,20033,3284,16749,0,0,0,1.0,1,1.0,1,1.0,1,0.23209156483416146,52
4493,7,20040,3284,16756,0,0,0,1.0,1,1.0,1,1.0,1,0.2257369408421189,52
4494,5,20045,3284,16761,0,0,0,1.0,1,1.0,1,1.0,1,0.1791811509916031,53
4495,5,20050,3285,16765,0,0,0,1.0,1,1.0,1,1.0,1,0.1679783625487788,50
4496,4,20054,3287,16767,0,0,0,1.0,1,1.0,1,1.0,1,0.23801168834060146,51
4497,8,20062,3289,16773,0,0,0,1.0,1,1.0,1,1.0,1,0.24355365521986613,50
4498,7,20069,3292,16777,0,0,0,1.0,1,1.0,1,1.0,1,0.28677924173832886,49
4499,6,20075,3293,16782,0,0,0,1.0,1,1.0,1,1.0,1,0.290043684752051,48
4500,5,20080,3294,16786,0,0,0,1.0,1,1.0,1,1.0,1,0.27274939309514123,48
4501,11,20091,3295,16796,0,0,0,1.0,1,1.0,1,1.0,1,0.17271970928568392,48
4502,4,20095,3297,16798,0,0,0,1.0,1,1.0,1,1.0,1,0.16382136965196395,49
4503,6,20101,3300,16801,0,0,0,1.0,1,1.0,1,1.0,1,0.16702237729016298,49
4504,3,20104,3301,16803,0,0,0,1.0,1,1.0,1,1.0,1,0.19946553331461542,45
4505,2,20106,3302,16804,0,0,0,1.0,1,1.0,1,1.0,1,0.16016782919295344,46
4506,1,20107,3302,16805,0,0,0,1.0,1,1.0,1,1.0,1,0.16998890158313218,45
4507,4,20111,3303,16808,0,0,0,1.0,1,1.0,1,1.0,1,0.18247002296315512,45
4508,6,20117,3305,16812,0,0,0,1.0,1,1.0,1,1.0,1,0.20493317687029666,43
4509,1,20118,3305,16813,0,0,0,1.0,1,1.0,1,1.0,1,0.21824979979858114,41
4510,4,20122,3307,16815,0,0,0,1.0,1,1.0,1,1.0,1,0.19699533115042867,42
4511,4,20126,3308,16818,0,0,0,1.0,1,1.0,1,1.0,1,0.23247045898829105,41
4512,2,20128,3308,16820,0,0,0,1.0,1,1.0,1,1.0,1,0.20546531382471753,41
4513,0,20128,3308,16820,0,0,0,1.0,1,1.0,1,1.0,1,0.20546531382471753,41
4514,3,20131,3310,16821,0,0,0,1.0,1,1.0,1,1.0,1,0.18270808202283031,42
4515,0,20131,3310,16821,0,0,0,1.0,1,1.0,1,1.0,1,0.21549379452612588,41
4516,0,20131,3310,16821,0,0,0,1.0,1,1.0,1,1.0,1,0.2058276292481432,42
4517,4,20135,3311,16824,0,0,0,1.0,1,1.0,1,1.0,1,0.17152765266791228,43
4518,3,20138,3311,16827,0,0,0,1.0,1,1.0,1,1.0,1,0.16215740321499686,42
4519,2,20140,3313,16827,0,0,0,1.0,1,1.0,1,1.0,1,0.2009719248336209,42
4520,0,20140,3313,16827,0,0,0,1.0,1,1.0,1,1.0,1,0.22672093888246034,42
4521,6,20146,3314,16832,0,0,0,1.0,1,1.0,1,1.0,1,0.1580400732568339,42
4522,0,20146,3314,16832,0,0,0,1.0,1,1.0,1,1.0,1,0.1580400732568339,42
4523,0,20146,3314,16832,0,0,0,1.0,1,1.0,1,1.0,1,0.1580400732568339,42
4524,2,20148,3316,16832,0,0,0,1.0,1,1.0,1,1.0,1,0.15528370057655946,43
4525,3,20151,3316,16835,0,0,0,1.0,1,1.0,1,1.0,1,0.15361322181354065,46
4526,4,20155,3319,16836,0,0,0,1.0,1,1.0,1,1.0,1,0.1835827333814909,46
4527,4,20159,3321,16838,0,0,0,1.0,1,1.0,1,1.0,1,0.19315800005586564,47
4528,6,20165,3321,16844,0,0,0,1.0,1,1.0,1,1.0,1,0.1922829295558796,49
4529,7,20172,3323,16849,0,0,0,1.0,1,1.0,1,1.0,1,0.21665714440392914,50
4530,8,20180,3323,16857,0,0,0,1.0,1,1.0,1,1.0,1,0.2731709797859659,51
4531,8,20188,3323,16865,0,0,0,1.0,1,1.0,1,1.0,1,0.24410870484177305,51
4532,6,20194,3324,16870,0,0,0,1.0,1,1.0,1,1.0,1,0.2053972149688789,51
4533,5,20199,3325,16874,0,0,0,1.0,1,1.0,1,1.0,1,0.26704408929629314,50
4534,12,20211,3325,16886,0,0,0,1.0,1,1.0,1,1.0,1,0.2092763344124461,51
4535,19,20230,3327,16903,0,0,0,1.0,1,1.0,1,1.0,1,0.2536545629497876,50
4536,9,20239,3327,16912,0,0,0,1.0,1,1.0,1,1.0,1,0.24662469527791753,48
4537,9,20248,3328,16920,0,0,0,1.0,1,1.0,1,1.0,1,0.3074049909131568,49
4538,10,20258,3328,16930,0,0,0,1.0,1,1.0,1,1.0,1,0.24422178760605875,48
4539,6,20264,3328,16936,0,0,0,1.0,1,1.0,1,1.0,1,0.25494071030108734,50
4540,2,20266,3328,16938,0,0,0,1.0,1,1.0,1,1.0,1,0.22882098505573864,49
4541,3,20269,3328,16941,0,0,0,1.0,1,1.0,1,1.0,1,0.21223268855360777,49
4542,1,20270,3328,16942,0,0,0,1.0,1,1.0,1,1.0,1,0.20541916371174976,47
4543,1,20271,3328,16943,0,0,0,1.0,1,1.0,1,1.0,1,0.19919095420447913,45
4544,1,20272,3329,16943,0,0,0,1.0,1,1.0,1,1.0,1,0.1962510781287781,45
4545,2,20274,3331,16943,0,0,0,1.0,1,1.0,1,1.0,1,0.21619408236958562,43
4546,3,20277,3332,16945,0,0,0,1.0,1,1.0,1,1.0,1,0.21966553387282486,43
4547,2,20279,3333,16946,0,0,0,1.0,1,1.0,1,1.0,1,0.23674075956432197,41
4548,7,20286,3337,16949,0,0,0,1.0,1,1.0,1,1.0,1,0.29489829750247654,42
4549,1,20287,3337,16950,0,0,0,1.0,1,1.0,1,1.0,1,0.24593923056622444,41
4550,2,20289,3338,16951,0,0,0,1.0,1,1.0,1,1.0,1,0.24651962859151755,41
4551,1,20290,3338,16952,0,0,0,1.0,1,1.0,1,1.0,1,0.20285216954149762,39
4552,1,20291,3339,16952,0,0,0,1.0,1,1.0,1,1.0,1,0.1935510312127498,38
4553,0,20291,3339,16952,0,0,0,1.0,1,1.0,1,1.0,1,0.20244562209339223,39
4554,2,20293,3341,16952,0,0,0,1.0,1,1.0,1,1.0,1,0.2515440654992513,38
4555,0,20293,3341,16952,0,0,0,1.0,1,1.0,1,1.0,1,0.2734736149203871,37
4556,2,20295,3343,16952,0,0,0,1.0,1,1.0,1,1.0,1,0.3366759982159499,36
4557,0,20295,3343,16952,0,0,0,1.0,1,1.0,1,1.0,1,0.2958443399279813,38
4558,1,20296,3344,16952,0,0,0,1.0,1,1.0,1,1.0,1,0.26420847965828864,39
4559,2,20298,3346,16952,0,0,0,1.0,1,1.0,1,1.0,1,0.30925686153557685,38
4560,3,20301,3347,16954,0,0,0,1.0,1,1.0,1,1.0,1,0.3102808668465569,41
4561,9,20310,3347,16963,0,0,0,1.0,1,1.0,1,1.0,1,0.21045974855884428,41
4562,2,20312,3348,16964,0,0,0,1.0,1,1.0,1,1.0,1,0.23635859396615014,43
4563,7,20319,3348,16971,0,0,0,1.0,1,1.0,1,1.0,1,0.20788141936884585,42
4564,4,20323,3348,16975,0,0,0,1.0,1,1.0,1,1.0,1,0.18910627693024543,43
4565,6,20329,3348,16981,0,0,0,1.0,1,1.0,1,1.0,1,0.1395155971282838,44
4566,3,20332,3349,16983,0,0,0,1.0,1,1.0,1,1.0,1,0.11864448696666083,45
4567,12,20344,3351,16993,0,0,0,1.0,1,1.0,1,1.0,1,0.0857286969005649,47
4568,12,20356,3351,17005,0,0,0,1.0,1,1.0,1,1.0,1,0.10905589112509206,47
4569,16,20372,3354,17018,0,0,0,1.0,1,1.0,1,1.0,1,0.17329150555843484,49
4570,8,20380,3354,17026,0,0,0,1.0,1,1.0,1,1.0,1,0.1247242359928255,49
4571,4,20384,3354,17030,0,0,0,1.0,1,1.0,1,1.0,1,0.13081659803190349,48
4572,5,20389,3354,17035,0,0,0,1.0,1,1.0,1,1.0,1,0.09675563447183058,48
4573,6,20395,3354,17041,0,0,0,1.0,1,1.0,1,1.0,1,0.09616995945937883,48
4574,8,20403,3354,17049,0,0,0,1.0,1,1.0,1,1.0,1,0.11453419395993018,50
4575,16,20419,3356,17063,0,0,0,1.0,1,1.0,1,1.0,1,0.14534466924870607,51
4576,5,20424,3356,17068,0,0,0,1.0,1,1.0,1,1.0,1,0.13248888912972098,48
4577,7,20431,3356,17075,0,0,0,1.0,1,1.0,1,1.0,1,0.14138081508712486,47
4578,7,20438,3357,17081,0,0,0,1.0,1,1.0,1,1.0,1,0.18125668728755204,46
4579,6,20444,3358,17086,0,0,0,1.0,1,1.0,1,1.0,1,0.20449364919980484,46
4580,3,20447,3358,17089,0,0,0,1.0,1,1.0,1,1.0,1,0.19992869370783964,47
4581,4,20451,3359,17092,0,0,0,1.0,1,1.0,1,1.0,1,0.16103541858629025,47
4582,3,20454,3359,17095,0,0,0,1.0,1,1.0,1,1.0,1,0.16152491273313188,48
4583,1,20455,3359,17096,0,0,0,1.0,1,1.0,1,1.0,1,0.16388010846943896,48
4584,4,20459,3359,17100,0,0,0,1.0,1,1.0,1,1.0,1,0.17487542577844625,50
4585,4,20463,3361,17102,0,0,0,1.0,1,1.0,1,1.0,1,0.22011982533644286,50
4586,1,20464,3361,17103,0,0,0,1.0,1,1.0,1,1.0,1,0.2153443313745752,50
4587,4,20468,3361,17107,0,0,0,1.0,1,1.0,1,1.0,1,0.2153443313745752,50
4588,4,20472,3361,17111,0,0,0,1.0,1,1.0,1,1.0,1,0.2153443313745752,50
4589,11,20483,3362,17121,0,0,0,1.0,1,1.0,1,1.0,1,0.20115993346953973,52
4590,3,20486,3362,17124,0,0,0,1.0,1,1.0,1,1.0,1,0.20715944173106127,52
4591,4,20490,3362,17128,0,0,0,1.0,1,1.0,1,1.0,1,0.2034569131939659,53
4592,4,20494,3362,17132,0,0,0,1.0,1,1.0,1,1.0,1,0.1952280860879749,54
4593,7,20501,3363,17138,0,0,0,1.0,1,1.0,1,1.0,1,0.2038521323662443,56
4594,9,20510,3363,17147,0,0,0,1.0,1,1.0,1,1.0,1,0.1807945876403472,57
4595,5,20515,3363,17152,0,0,0,1.0,1,1.0,1,1.0,1,0.1818857644553675,56
4596,10,20525,3363,17162,0,0,0,1.0,1,1.0,1,1.0,1,0.18831669530308762,56
4597,8,20533,3363,17170,0,0,0,1.0,1,1.0,1,1.0,1,0.16733684035556182,56
4598,14,20547,3367,17180,0,0,0,1.0,1,1.0,1,1.0,1,0.19834840541771837,57
4599,13,20560,3367,17193,0,0,0,1.0,1,1.0,1,1.0,1,0.15910181910144566,59
4600,10,20570,3367,17203,0,0,0,1.0,1,1.0,1,1.0,1,0.21307884794703744,60
4601,8,20578,3368,17210,0,0,0,1.0,1,1.0,1,1.0,1,0.1415031222940463,60
4602,1,20579,3369,17210,0,0,0,1.0,1,1.0,1,1.0,1,0.13580157643896226,62
4603,0,20579,3369,17210,0,0,0,1.0,1,1.0,1,1.0,1,0.13580157643896226,62
4604,0,20579,3369,17210,0,0,0,1.0,1,1.0,1,1.0,1,0.13336954488376102,63
4605,0,20579,3369,17210,0,0,0,1.0,1,1.0,1,1.0,1,0.13336954488376102,63
4606,3,20582,3369,17213,0,0,0,1.0,1,1.0,1,1.0,1,0.11821716488364224,64
4607,5,20587,3370,17217,0,0,0,1.0,1,1.0,1,1.0,1,0.12068695953062468,65
4608,9,20596,3371,17225,0,0,0,1.0,1,1.0,1,1.0,1,0.13505740612713416,66
4609,5,20601,3371,17230,0,0,0,1.0,1,1.0,1,1.0,1,0.14865184480343882,65
4610,2,20603,3371,17232,0,0,0,1.0,1,1.0,1,1.0,1,0.15912573522780138,63
4611,5,20608,3372,17236,0,0,0,1.0,1,1.0,1,1.0,1,0.1668367433419405,64
4612,4,20612,3372,17240,0,0,0,1.0,1,1.0,1,1.0,1,0.19449559694366814,62
4613,6,20618,3374,17244,0,0,0,1.0,1,1.0,1,1.0,1,0.20055503600815994,63
4614,4,20622,3376,17246,0,0,0,1.0,1,1.0,1,1.0,1,0.17525697429341858,61
4615,4,20626,3377,17249,0,0,0,1.0,1,1.0,1,1.0,1,0.19201393615533452,59
4616,3,20629,3378,17251,0,0,0,1.0,1,1.0,1,1.0,1,0.19861305708218138,58
4617,2,20631,3378,17253,0,0,0,1.0,1,1.0,1,1.0,1,0.21030491177132452,58
4618,2,20633,3378,17255,0,0,0,1.0,1,1.0,1,1.0,1,0.22291530452775607,57
4619,2,20635,3378,17257,0,0,0,1.0,1,1.0,1,1.0,1,0.22291530452775607,57
4620,1,20636,3378,17258,0,0,0,1.0,1,1.0,1,1.0,1,0.22914867035785116,57
4621,7,20643,3379,17264,0,0,0,1.0,1,1.0,1,1.0,1,0.18540795535995092,59
4622,2,20645,3379,17266,0,0,0,1.0,1,1.0,1,1.0,1,0.17804948118972064,60
4623,2,20647,3381,17266,0,0,0,1.0,1,1.0,1,1.0,1,0.1863413526453808,59
4624,4,20651,3385,17266,0,0,0,1.0,1,1.0,1,1.0,1,0.2045322236079868,59
4625,1,20652,3386,17266,0,0,0,1.0,1,1.0,1,1.0,1,0.2062086743578369,57
4626,5,20657,3389,17268,0,0,0,1.0,1,1.0,1,1.0,1,0.21327010949083325,56
4627,3,20660,3391,17269,0,0,0,1.0,1,1.0,1,1.0,1,0.23263486194729635,56
4628,3,20663,3391,17272,0,0,0,1.0,1,1.0,1,1.0,1,0.2585417857366671,56
4629,4,20667,3392,17275,0,0,0,1.0,1,1.0,1,1.0,1,0.2707096312551516,56
4630,3,20670,3393,17277,0,0,0,1.0,1,1.0,1,1.0,1,0.2816146610823374,57
4631,4,20674,3393,17281,0,0,0,1.0,1,1.0,1,1.0,1,0.2823838133791958,56
4632,5,20679,3393,17286,0,0,0,1.0,1,1.0,1,1.0,1,0.27916339172963767,57
4633,4,20683,3394,17289,0,0,0,1.0,1,1.0,1,1.0,1,0.28401066607423703,58
4634,2,20685,3394,17291,0,0,0,1.0,1,1.0,1,1.0,1,0.28401066607423703,58
4635,4,20689,3394,17295,0,0,0,1.0,1,1.0,1,1.0,1,0.22374658319021462,59
4636,2,20691,3394,17297,0,0,0,1.0,1,1.0,1,1.0,1,0.20291459155032007,60
4637,2,20693,3394,17299,0,0,0,1.0,1,1.0,1,1.0,1,0.20291459155032007,60
4638,2,20695,3394,17301,0,0,0,1.0,1,1.0,1,1.0,1,0.21278300881683512,61
4639,5,20700,3394,17306,0,0,0,1.0,1,1.0,1,1.0,1,0.24510145957346266,62
4640,6,20706,3394,17312,0,0,0,1.0,1,1.0,1,1.0,1,0.2026747224965377,63
4641,8,20714,3396,17318,0,0,0,1.0,1,1.0,1,1.0,1,0.14542728215824874,63
4642,0,20714,3396,17318,0,0,0,1.0,1,1.0,1,1.0,1,0.15757796307071723,62
4643,6,20720,3398,17322,0,0,0,1.0,1,1.0,1,1.0,1,0.16090364431568935,63
4644,2,20722,3398,17324,0,0,0,1.0,1,1.0,1,1.0,1,0.16960081348445372,62
4645,4,20726,3398,17328,0,0,0,1.0,1,1.0,1,1.0,1,0.1655501138877213,63
4646,6,20732,3399,17333,0,0,0,1.0,1,1.0,1,1.0,1,0.16512221716326844,63
4647,5,20737,3401,17336,0,0,0,1.0,1,1.0,1,1.0,1,0.1761296928331607,62
4648,8,20745,3402,17343,0,0,0,1.0,1,1.0,1,1.0,1,0.2157061481589273,63
4649,3,20748,3402,17346,0,0,0,1.0,1,1.0,1,1.0,1,0.16097656517251785,61
4650,5,20753,3404,17349,0,0,0,1.0,1,1.0,1,1.0,1,0.19890632528432678,63
4651,7,20760,3405,17355,0,0,0,1.0,1,1.0,1,1.0,1,0.1646868934200409,62
4652,4,20764,3405,17359,0,0,0,1.0,1,1.0,1,1.0,1,0.15718473366638108,59
4653,6,20770,3405,17365,0,0,0,1.0,1,1.0,1,1.0,1,0.15417957512037758,60
4654,2,20772,3405,17367,0,0,0,1.0,1,1.0,1,1.0,1,0.15484592995744056,60
4655,2,20774,3405,17369,0,0,0,1.0,1,1.0,1,1.0,1,0.15894175607503516,60
4656,13,20787,3409,17378,0,0,0,1.0,1,1.0,1,1.0,1,0.19971236355137745,61
4657,3,20790,3409,17381,0,0,0,1.0,1,1.0,1,1.0,1,0.19635880710685766,62
4658,5,20795,3410,17385,0,0,0,1.0,1,1.0,1,1.0,1,0.20966588590025087,62
4659,6,20801,3410,17391,0,0,0,1.0,1,1.0,1,1.0,1,0.21084056954722125,61
4660,8,20809,3410,17399,0,0,0,1.0,1,1.0,1,1.0,1,0.18621865079454497,61
4661,2,20811,3410,17401,0,0,0,1.0,1,1.0,1,1.0,1,0.17871107628604052,61
4662,0,20811,3410,17401,0,0,0,1.0,1,1.0,1,1.0,1,0.16824490521372318,62
4663,2,20813,3410,17403,0,0,0,1.0,1,1.0,1,1.0,1,0.12114577419033662,61
4664,3,20816,3411,17405,0,0,0,1.0,1,1.0,1,1.0,1,0.11728758362090215,62
4665,4,20820,3413,17407,0,0,0,1.0,1,1.0,1,1.0,1,0.14840026590480243,61
4666,4,20824,3415,17409,0,0,0,1.0,1,1.0,1,1.0,1,0.16588370068140162,61
4667,2,20826,3415,17411,0,0,0,1.0,1,1.0,1,1.0,1,0.17848455940973815,59
4668,5,20831,3420,17411,0,0,0,1.0,1,1.0,1,1.0,1,0.18474506972483912,59
4669,3,20834,3422,17412,0,0,0,1.0,1,1.0,1,1.0,1,0.17634443874076822,58
4670,0,20834,3422,17412,0,0,0,1.0,1,1.0,1,1.0,1,0.18995204675856867,57
4671,1,20835,3422,17413,0,0,0,1.0,1,1.0,1,1.0,1,0.1968815904472948,55
4672,2,20837,3424,17413,0,0,0,1.0,1,1.0,1,1.0,1,0.23120534295726036,56
4673,3,20840,3424,17416,0,0,0,1.0,1,1.0,1,1.0,1,0.19065830921153873,58
4674,5,20845,3427,17418,0,0,0,1.0,1,1.0,1,1.0,1,0.20136016263411943,58
4675,4,20849,3427,17422,0,0,0,1.0,1,1.0,1,1.0,1,0.2353746355098741,57
4676,8,20857,3428,17429,0,0,0,1.0,1,1.0,1,1.0,1,0.24109092254533823,58
4677,3,20860,3428,17432,0,0,0,1.0,1,1.0,1,1.0,1,0.26384700079409523,57
4678,6,20866,3429,17437,0,0,0,1.0,1,1.0,1,1.0,1,0.26917366820091065,57
4679,4,20870,3429,17441,0,0,0,1.0,1,1.0,1,1.0,1,0.26815022700096847,57
4680,8,20878,3430,17448,0,0,0,1.0,1,1.0,1,1.0,1,0.24190765127848093,59
4681,15,20893,3431,17462,0,0,0,1.0,1,1.0,1,1.0,1,0.12468538727627333,60
4682,2,20895,3431,17464,0,0,0,1.0,1,1.0,1,1.0,1,0.12092553609220566,60
4683,6,20901,3432,17469,0,0,0,1.0,1,1.0,1,1.0,1,0.15221977062570763,60
4684,5,20906,3434,17472,0,0,0,1.0,1,1.0,1,1.0,1,0.1884897377219219,60
4685,9,20915,3436,17479,0,0,0,1.0,1,1.0,1,1.0,1,0.22489800571748597,59
4686,10,20925,3438,17487,0,0,0,1.0,1,1.0,1,1.0,1,0.24866440538578904,60
4687,11,20936,3440,17496,0,0,0,1.0,1,1.0,1,1.0,1,0.2490585624312981,59
4688,6,20942,3440,17502,0,0,0,1.0,1,1.0,1,1.0,1,0.21960507451512765,59
4689,9,20951,3440,17511,0,0,0,1.0,1,1.0,1,1.0,1,0.20735924858339352,59
4690,4,20955,3440,17515,0,0,0,1.0,1,1.0,1,1.0,1,0.22235661900800577,58
4691,9,20964,3441,17523,0,0,0,1.0,1,1.0,1,1.0,1,0.2282615458203291,57
4692,6,20970,3441,17529,0,0,0,1.0,1,1.0,1,1.0,1,0.20214230879423678,58
4693,5,20975,3441,17534,0,0,0,1.0,1,1.0,1,1.0,1,0.21925206169241804,57
4694,6,20981,3442,17539,0,0,0,1.0,1,1.0,1,1.0,1,0.24270459000597588,57
4695,5,20986,3442,17544,0,0,0,1.0,1,1.0,1,1.0,1,0.26819864432388923,56
4696,7,20993,3443,17550,0,0,0,1.0,1,1.0,1,1.0,1,0.27326609303730837,57
4697,16,21009,3443,17566,0,0,0,1.0,1,1.0,1,1.0,1,0.22330467136836873,58
4698,6,21015,3443,17572,0,0,0,1.0,1,1.0,1,1.0,1,0.24821739359711403,59
4699,12,21027,3443,17584,0,0,0,1.0,1,1.0,1,1.0,1,0.25933431754360625,58
4700,9,21036,3443,17593,0,0,0,1.0,1,1.0,1,1.0,1,0.23271082641923377,59
4701,8,21044,3443,17601,0,0,0,1.0,1,1.0,1,1.0,1,0.1471636189690693,60
4702,3,21047,3444,17603,0,0,0,1.0,1,1.0,1,1.0,1,0.12456817193402064,61
4703,2,21049,3445,17604,0,0,0,1.0,1,1.0,1,1.0,1,0.12871505121182952,59
4704,2,21051,3446,17605,0,0,0,1.0,1,1.0,1,1.0,1,0.12323247069438986,58
4705,3,21054,3448,17606,0,0,0,1.0,1,1.0,1,1.0,1,0.17173156986843593,58
4706,2,21056,3449,17607,0,0,0,1.0,1,1.0,1,1.0,1,0.18432146107942976,60
4707,2,21058,3451,17607,0,0,0,1.0,1,1.0,1,1.0,1,0.2153778017870197,57
4708,6,21064,3453,17611,0,0,0,1.0,1,1.0,1,1.0,1,0.16636099599561047,57
4709,4,21068,3456,17612,0,0,0,1.0,1,1.0,1,1.0,1,0.18877538655783177,55
4710,1,21069,3456,17613,0,0,0,1.0,1,1.0,1,1.0,1,0.1711845077958683,53
4711,0,21069,3456,17613,0,0,0,1.0,1,1.0,1,1.0,1,0.18782199598318852,52
4712,3,21072,3459,17613,0,0,0,1.0,1,1.0,1,1.0,1,0.24011596260205417,52
4713,4,21076,3460,17616,0,0,0,1.0,1,1.0,1,1.0,1,0.23005103181015224,51
4714,4,21080,3460,17620,0,0,0,1.0,1,1.0,1,1.0,1,0.23156092783286622,50
4715,7,21087,3463,17624,0,0,0,1.0,1,1.0,1,1.0,1,0.25904909959596073,50
4716,4,21091,3464,17627,0,0,0,1.0,1,1.0,1,1.0,1,0.2649967990286813,49
4717,7,21098,3466,17632,0,0,0,1.0,1,1.0,1,1.0,1,0.28888405067939155,49
4718,3,21101,3466,17635,0,0,0,1.0,1,1.0,1,1.0,1,0.2800425959163386,50
4719,3,21104,3466,17638,0,0,0,1.0,1,1.0,1,1.0,1,0.26541572587424483,49
4720,2,21106,3466,17640,0,0,0,1.0,1,1.0,1,1.0,1,0.2788440446566397,49
4721,9,21115,3466,17649,0,0,0,1.0,1,1.0,1,1.0,1,0.1449862555635366,50
4722,4,21119,3467,17652,0,0,0,1.0,1,1.0,1,1.0,1,0.1830677372587842,51
4723,4,21123,3468,17655,0,0,0,1.0,1,1.0,1,1.0,1,0.18051055783992065,50
4724,5,21128,3468,17660,0,0,0,1.0,1,1.0,1,1.0,1,0.19365531655536067,50
4725,3,21131,3468,17663,0,0,0,1.0,1,1.0,1,1.0,1,0.19307243700687152,52
4726,4,21135,3470,17665,0,0,0,1.0,1,1.0,1,1.0,1,0.25790201413672514,51
4727,7,21142,3470,17672,0,0,0,1.0,1,1.0,1,1.0,1,0.24422800464034147,52
4728,6,21148,3471,17677,0,0,0,1.0,1,1.0,1,1.0,1,0.26787910783936386,52
4729,7,21155,3472,17683,0,0,0,1.0,1,1.0,1,1.0,1,0.23137194641222694,52
4730,6,21161,3472,17689,0,0,0,1.0,1,1.0,1,1.0,1,0.24434754712951445,50
4731,7,21168,3473,17695,0,0,0,1.0,1,1.0,1,1.0,1,0.24119405661585247,51
4732,5,21173,3473,17700,0,0,0,1.0,1,1.0,1,1.0,1,0.2511295878845114,52
4733,11,21184,3475,17709,0,0,0,1.0,1,1.0,1,1.0,1,0.2766432989996921,53
4734,12,21196,3475,17721,0,0,0,1.0,1,1.0,1,1.0,1,0.2632268704731264,53
4735,6,21202,3475,17727,0,0,0,1.0,1,1.0,1,1.0,1,0.25772422431054487,53
4736,13,21215,3476,17739,0,0,0,1.0,1,1.0,1,1.0,1,0.2844824744604126,55
4737,14,21229,3476,17753,0,0,0,1.0,1,1.0,1,1.0,1,0.2673680136882339,57
4738,8,21237,3476,17761,0,0,0,1.0,1,1.0,1,1.0,1,0.2824844405580857,57
4739,8,21245,3476,17769,0,0,0,1.0,1,1.0,1,1.0,1,0.2741432817456463,57
4740,10,21255,3476,17779,0,0,0,1.0,1,1.0,1,1.0,1,0.2880601651485656,57
4741,11,21266,3476,17790,0,0,0,1.0,1,1.0,1,1.0,1,0.21915831276933398,58
4742,2,21268,3477,17791,0,0,0,1.0,1,1.0,1,1.0,1,0.21666454289308354,58
4743,2,21270,3477,17793,0,0,0,1.0,1,1.0,1,1.0,1,0.17150848142455027,56
4744,2,21272,3478,17794,0,0,0,1.0,1,1.0,1,1.0,1,0.16334439639404758,57
4745,2,21274,3478,17796,0,0,0,1.0,1,1.0,1,1.0,1,0.15242135627033995,56
4746,3,21277,3478,17799,0,0,0,1.0,1,1.0,1,1.0,1,0.15921446331173777,56
4747,2,21279,3479,17800,0,0,0,1.0,1,1.0,1,1.0,1,0.1614647044392849,55
4748,4,21283,3480,17803,0,0,0,1.0,1,1.0,1,1.0,1,0.13521069390833548,55
4749,5,21288,3482,17806,0,0,0,1.0,1,1.0,1,1.0,1,0.13414103091380786,54
4750,6,21294,3483,17811,0,0,0,1.0,1,1.0,1,1.0,1,0.1407570151225679,53
4751,8,21302,3485,17817,0,0,0,1.0,1,1.0,1,1.0,1,0.15633712144394413,53
4752,5,21307,3486,17821,0,0,0,1.0,1,1.0,1,1.0,1,0.13424349551672302,53
4753,2,21309,3486,17823,0,0,0,1.0,1,1.0,1,1.0,1,0.16304491706640145,52
4754,7,21316,3487,17829,0,0,0,1.0,1,1.0,1,1.0,1,0.15403793869480809,52
4755,3,21319,3487,17832,0,0,0,1.0,1,1.0,1,1.0,1,0.1322935745323851,51
4756,6,21325,3488,17837,0,0,0,1.0,1,1.0,1,1.0,1,0.1507089319743242,52
4757,4,21329,3488,17841,0,0,0,1.0,1,1.0,1,1.0,1,0.156913475074214,51
4758,3,21332,3488,17844,0,0,0,1.0,1,1.0,1,1.0,1,0.15790633746285362,51
4759,4,21336,3489,17847,0,0,0,1.0,1,1.0,1,1.0,1,0.1509524647687709,51
4760,5,21341,3489,17852,0,0,0,1.0,1,1.0,1,1.0,1,0.15252729676042623,52
4761,5,21346,3491,17855,0,0,0,1.0,1,1.0,1,1.0,1,0.09225876995074495,50
4762,5,21351,3494,17857,0,0,0,1.0,1,1.0,1,1.0,1,0.11312455792503252,51
4763,6,21357,3495,17862,0,0,0,1.0,1,1.0,1,1.0,1,0.15194352411263748,51
4764,5,21362,3496,17866,0,0,0,1.0,1,1.0,1,1.0,1,0.16980747066188753,53
4765,6,21368,3496,17872,0,0,0,1.0,1,1.0,1,1.0,1,0.16001474040898522,53
4766,4,21372,3496,17876,0,0,0,1.0,1,1.0,1,1.0,1,0.1591837279707719,55
4767,7,21379,3497,17882,0,0,0,1.0,1,1.0,1,1.0,1,0.18753933986392943,56
4768,8,21387,3497,17890,0,0,0,1.0,1,1.0,1,1.0,1,0.16794705386618997,56
4769,8,21395,3497,17898,0,0,0,1.0,1,1.0,1,1.0,1,0.16794705386618997,56
4770,5,21400,3497,17903,0,0,0,1.0,1,1.0,1,1.0,1,0.15841215484919452,56
4771,3,21403,3497,17906,0,0,0,1.0,1,1.0,1,1.0,1,0.1605521103454535,55
4772,4,21407,3497,17910,0,0,0,1.0,1,1.0,1,1.0,1,0.1858804200570146,56
4773,6,21413,3498,17915,0,0,0,1.0,1,1.0,1,1.0,1,0.19297605850075875,56
4774,8,21421,3499,17922,0,0,0,1.0,1,1.0,1,1.0,1,0.21682240471880815,58
4775,11,21432,3499,17933,0,0,0,1.0,1,1.0,1,1.0,1,0.21480370160397483,59
4776,11,21443,3499,17944,0,0,0,1.0,1,1.0,1,1.0,1,0.18630702984714448,59
4777,10,21453,3500,17953,0,0,0,1.0,1,1.0,1,1.0,1,0.16446256463443523,60
4778,7,21460,3500,17960,0,0,0,1.0,1,1.0,1,1.0,1,0.17766467779340533,60
4779,9,21469,3500,17969,0,0,0,1.0,1,1.0,1,1.0,1,0.14655049515130245,61
4780,12,21481,3500,17981,0,0,0,1.0,1,1.0,1,1.0,1,0.17959022718084028,63
4781,8,21489,3501,17988,0,0,0,1.0,1,1.0,1,1.0,1,0.08321065050071633,62
4782,4,21493,3502,17991,0,0,0,1.0,1,1.0,1,1.0,1,0.115623085659685,63
4783,5,21498,3503,17995,0,0,0,1.0,1,1.0,1,1.0,1,0.08032218869467687,62
4784,3,21501,3504,17997,0,0,0,1.0,1,1.0,1,1.0,1,0.09082157326753114,62
4785,2,21503,3505,17998,0,0,0,1.0,1,1.0,1,1.0,1,0.08312780652030995,62
4786,6,21509,3506,18003,0,0,0,1.0,1,1.0,1,1.0,1,0.11683504582573243,63
4787,5,21514,3507,18007,0,0,0,1.0,1,1.0,1,1.0,1,0.12557048998166573,62
4788,3,21517,3509,18008,0,0,0,1.0,1,1.0,1,1.0,1,0.12734089494606632,62
4789,3,21520,3509,18011,0,0,0,1.0,1,1.0,1,1.0,1,0.11629696587753881,60
4790,10,21530,3514,18016,0,0,0,1.0,1,1.0,1,1.0,1,0.17680983867920902,61
4791,7,21537,3516,18021,0,0,0,1.0,1,1.0,1,1.0,1,0.11180306465948314,60
4792,3,21540,3518,18022,0,0,0,1.0,1,1.0,1,1.0,1,0.15958460242602485,60
4793,6,21546,3520,18026,0,0,0,1.0,1,1.0,1,1.0,1,0.16600383554541331,61
4794,3,21549,3522,18027,0,0,0,1.0,1,1.0,1,1.0,1,0.17161547049492304,59
4795,5,21554,3523,18031,0,0,0,1.0,1,1.0,1,1.0,1,0.15628284216128463,61
4796,8,21562,3526,18036,0,0,0,1.0,1,1.0,1,1.0,1,0.18959661952514842,59
4797,7,21569,3528,18041,0,0,0,1.0,1,1.0,1,1.0,1,0.26512400604487263,58
4798,7,21576,3528,18048,0,0,0,1.0,1,1.0,1,1.0,1,0.23534021062259292,59
4799,5,21581,3528,18053,0,0,0,1.0,1,1.0,1,1.0,1,0.2585850615822541,57
4800,3,21584,3528,18056,0,0,0,1.0,1,1.0,1,1.0,1,0.2108351843716116,58
4801,9,21593,3528,18065,0,0,0,1.0,1,1.0,1,1.0,1,0.08465423732599703,57
4802,1,21594,3528,18066,0,0,0,1.0,1,1.0,1,1.0,1,0.07166949067471308,57
4803,2,21596,3530,18066,0,0,0,1.0,1,1.0,1,1.0,1,0.10035891899889245,56
4804,2,21598,3530,18068,0,0,0,1.0,1,1.0,1,1.0,1,0.08492947615787752,54
4805,1,21599,3530,18069,0,0,0,1.0,1,1.0,1,1.0,1,0.08373116975654052,56
4806,2,21601,3531,18070,0,0,0,1.0,1,1.0,1,1.0,1,0.11529530152059303,55
4807,0,21601,3531,18070,0,0,0,1.0,1,1.0,1,1.0,1,0.11492361529777871,54
4808,1,21602,3531,18071,0,0,0,1.0,1,1.0,1,1.0,1,0.1574157973268333,53
4809,4,21606,3532,18074,0,0,0,1.0,1,1.0,1,1.0,1,0.1538012817893982,53
4810,4,21610,3533,18077,0,0,0,1.0,1,1.0,1,1.0,1,0.17549283459969137,51
4811,1,21611,3533,18078,0,0,0,1.0,1,1.0,1,1.0,1,0.15667820158539303,52
4812,4,21615,3534,18081,0,0,0,1.0,1,1.0,1,1.0,1,0.19273786349237268,52
4813,4,21619,3534,18085,0,0,0,1.0,1,1.0,1,1.0,1,0.18117987094671678,52
4814,5,21624,3536,18088,0,0,0,1.0,1,1.0,1,1.0,1,0.18549722856946319,53
4815,7,21631,3540,18091,0,0,0,1.0,1,1.0,1,1.0,1,0.17705957599238845,54
4816,5,21636,3541,18095,0,0,0,1.0,1,1.0,1,1.0,1,0.17095179743824568,54
4817,4,21640,3542,18098,0,0,0,1.0,1,1.0,1,1.0,1,0.18138807659984207,55
4818,4,21644,3544,18100,0,0,0,1.0,1,1.0,1,1.0,1,0.15039426899086594,55
4819,3,21647,3544,18103,0,0,0,1.0,1,1.0,1,1.0,1,0.1424714972464956,55
4820,7,21654,3546,18108,0,0,0,1.0,1,1.0,1,1.0,1,0.1391965247004829,55
4821,6,21660,3547,18113,0,0,0,1.0,1,1.0,1,1.0,1,0.10003614500994179,55
4822,5,21665,3549,18116,0,0,0,1.0,1,1.0,1,1.0,1,0.07501855802541606,54
4823,2,21667,3549,18118,0,0,0,1.0,1,1.0,1,1.0,1,0.10024744665879297,54
4824,2,21669,3550,18119,0,0,0,1.0,1,1.0,1,1.0,1,0.08159675568222192,55
4825,1,21670,3550,18120,0,0,0,1.0,1,1.0,1,1.0,1,0.11251140914383637,53
4826,3,21673,3552,18121,0,0,0,1.0,1,1.0,1,1.0,1,0.10283691199635718,54
4827,1,21674,3553,18121,0,0,0,1.0,1,1.0,1,1.0,1,0.15953439169402314,53
4828,3,21677,3555,18122,0,0,0,1.0,1,1.0,1,1.0,1,0.12666584327919228,54
4829,2,21679,3556,18123,0,0,0,1.0,1,1.0,1,1.0,1,0.14376209043843033,54
4830,2,21681,3558,18123,0,0,0,1.0,1,1.0,1,1.0,1,0.12973283785085746,53
4831,3,21684,3560,18124,0,0,0,1.0,1,1.0,1,1.0,1,0.12594811723136135,52
4832,0,21684,3560,18124,0,0,0,1.0,1,1.0,1,1.0,1,0.15040767666149343,50
4833,1,21685,3560,18125,0,0,0,1.0,1,1.0,1,1.0,1,0.1387763515974643,51
4834,3,21688,3561,18127,0,0,0,1.0,1,1.0,1,1.0,1,0.1453377787287815,51
4835,2,21690,3561,18129,0,0,0,1.0,1,1.0,1,1.0,1,0.18363856039098275,50
4836,4,21694,3563,18131,0,0,0,1.0,1,1.0,1,1.0,1,0.2005059773128918,50
4837,8,21702,3567,18135,0,0,0,1.0,1,1.0,1,1.0,1,0.23665327366849653,46
4838,2,21704,3567,18137,0,0,0,1.0,1,1.0,1,1.0,1,0.21783111954539033,47
4839,1,21705,3568,18137,0,0,0,1.0,1,1.0,1,1.0,1,0.19938043019058413,45
4840,0,21705,3568,18137,0,0,0,1.0,1,1.0,1,1.0,1,0.19938043019058413,45
4841,7,21712,3569,18143,0,0,0,1.0,1,1.0,1,1.0,1,0.12192392593216542,43
4842,5,21717,3571,18146,0,0,0,1.0,1,1.0,1,1.0,1,0.16609486847981927,43
4843,7,21724,3572,18152,0,0,0,1.0,1,1.0,1,1.0,1,0.14015125995675048,44
4844,3,21727,3572,18155,0,0,0,1.0,1,1.0,1,1.0,1,0.14506032375231337,43
4845,2,21729,3572,18157,0,0,0,1.0,1,1.0,1,1.0,1,0.1563889262641118,44
4846,6,21735,3573,18162,0,0,0,1.0,1,1.0,1,1.0,1,0.1993363970775533,43
4847,3,21738,3573,18165,0,0,0,1.0,1,1.0,1,1.0,1,0.1842600807222792,42
4848,5,21743,3576,18167,0,0,0,1.0,1,1.0,1,1.0,1,0.2530041636676391,41
4849,4,21747,3576,18171,0,0,0,1.0,1,1.0,1,1.0,1,0.20016630809810135,41
4850,3,21750,3576,18174,0,0,0,1.0,1,1.0,1,1.0,1,0.1827435392766742,41
4851,4,21754,3576,18178,0,0,0,1.0,1,1.0,1,1.0,1,0.18186676937532964,41
4852,6,21760,3577,18183,0,0,0,1.0,1,1.0,1,1.0,1,0.21745320176479427,43
4853,5,21765,3578,18187,0,0,0,1.0,1,1.0,1,1.0,1,0.25136741270547336,44
4854,2,21767,3578,18189,0,0,0,1.0,1,1.0,1,1.0,1,0.28800751713781036,45
4855,4,21771,3578,18193,0,0,0,1.0,1,1.0,1,1.0,1,0.2874464216966722,44
4856,2,21773,3578,18195,0,0,0,1.0,1,1.0,1,1.0,1,0.25328865006043144,44
4857,8,21781,3578,18203,0,0,0,1.0,1,1.0,1,1.0,1,0.3110362155779533,44
4858,9,21790,3578,18212,0,0,0,1.0,1,1.0,1,1.0,1,0.2960895267052967,45
4859,8,21798,3578,18220,0,0,0,1.0,1,1.0,1,1.0,1,0.26853153864156454,46
4860,8,21806,3578,18228,0,0,0,1.0,1,1.0,1,1.0,1,0.30521341890646664,46
4861,8,21814,3578,18236,0,0,0,1.0,1,1.0,1,1.0,1,0.17196182828436532,46
4862,2,21816,3578,18238,0,0,0,1.0,1,1.0,1,1.0,1,0.1574645377744014,47
4863,1,21817,3578,18239,0,0,0,1.0,1,1.0,1,1.0,1,0.16471076740022442,47
4864,2,21819,3578,18241,0,0,0,1.0,1,1.0,1,1.0,1,0.1315570832627294,47
4865,8,21827,3578,18249,0,0,0,1.0,1,1.0,1,1.0,1,0.08947512287600909,48
4866,8,21835,3578,18257,0,0,0,1.0,1,1.0,1,1.0,1,0.09118685251221909,49
4867,9,21844,3578,18266,0,0,0,1.0,1,1.0,1,1.0,1,0.08074473022534306,50
4868,4,21848,3578,18270,0,0,0,1.0,1,1.0,1,1.0,1,0.11290601694696954,50
4869,6,21854,3578,18276,0,0,0,1.0,1,1.0,1,1.0,1,0.09151402275981502,50
4870,7,21861,3578,18283,0,0,0,1.0,1,1.0,1,1.0,1,0.07626127251035834,52
4871,5,21866,3578,18288,0,0,0,1.0,1,1.0,1,1.0,1,0.11947729469445717,52
4872,7,21873,3578,18295,0,0,0,1.0,1,1.0,1,1.0,1,0.06757727834562606,53
4873,2,21875,3578,18297,0,0,0,1.0,1,1.0,1,1.0,1,0.07787544889788589,55
4874,7,21882,3579,18303,0,0,0,1.0,1,1.0,1,1.0,1,0.11099069889187635,56
4875,5,21887,3580,18307,0,0,0,1.0,1,1.0,1,1.0,1,0.10970724119224157,55
4876,8,21895,3583,18312,0,0,0,1.0,1,1.0,1,1.0,1,0.12503184013711327,55
4877,5,21900,3584,18316,0,0,0,1.0,1,1.0,1,1.0,1,0.13796440908284324,54
4878,4,21904,3584,18320,0,0,0,1.0,1,1.0,1,1.0,1,0.110442152070734,53
4879,5,21909,3587,18322,0,0,0,1.0,1,1.0,1,1.0,1,0.1757283789605233,54
4880,5,21914,3587,18327,0,0,0,1.0,1,1.0,1,1.0,1,0.18643657241855516,54
4881,6,21920,3587,18333,0,0,0,1.0,1,1.0,1,1.0,1,0.1615257338320151,53
4882,3,21923,3588,18335,0,0,0,1.0,1,1.0,1,1.0,1,0.18048402730466037,53
4883,5,21928,3588,18340,0,0,0,1.0,1,1.0,1,1.0,1,0.16797385435089873,53
4884,1,21929,3588,18341,0,0,0,1.0,1,1.0,1,1.0,1,0.16376153773169735,51
4885,2,21931,3589,18342,0,0,0,1.0,1,1.0,1,1.0,1,0.19378525195230578,50
4886,0,21931,3589,18342,0,0,0,1.0,1,1.0,1,1.0,1,0.19549430739369714,48
4887,0,21931,3589,18342,0,0,0,1.0,1,1.0,1,1.0,1,0.19549430739369714,48
4888,1,21932,3589,18343,0,0,0,1.0,1,1.0,1,1.0,1,0.18655100127926963,48
4889,1,21933,3589,18344,0,0,0,1.0,1,1.0,1,1.0,1,0.1954095069157721,48
4890,1,21934,3589,18345,0,0,0,1.0,1,1.0,1,1.0,1,0.18633993008386943,49
4891,2,21936,3590,18346,0,0,0,1.0,1,1.0,1,1.0,1,0.24411730896578868,50
4892,2,21938,3590,18348,0,0,0,1.0,1,1.0,1,1.0,1,0.2304285924559856,49
4893,1,21939,3590,18349,0,0,0,1.0,1,1.0,1,1.0,1,0.2227580331971433,50
4894,6,21945,3590,18355,0,0,0,1.0,1,1.0,1,1.0,1,0.18757640924176225,51
4895,5,21950,3590,18360,0,0,0,1.0,1,1.0,1,1.0,1,0.2171367205052958,52
4896,7,21957,3590,18367,0,0,0,1.0,1,1.0,1,1.0,1,0.17500957023279054,53
4897,6,21963,3590,18373,0,0,0,1.0,1,1.0,1,1.0,1,0.1734688012880251,53
4898,2,21965,3590,18375,0,0,0,1.0,1,1.0,1,1.0,1,0.15089428815726597,53
4899,2,21967,3591,18376,0,0,0,1.0,1,1.0,1,1.0,1,0.1445640059155499,55
4900,2,21969,3592,18377,0,0,0,1.0,1,1.0,1,1.0,1,0.127457297605292,55
4901,4,21973,3593,18380,0,0,0,1.0,1,1.0,1,1.0,1,0.10708460433083425,56
4902,6,21979,3595,18384,0,0,0,1.0,1,1.0,1,1.0,1,0.1597245730357222,58
4903,10,21989,3598,18391,0,0,0,1.0,1,1.0,1,1.0,1,0.1545399085518687,58
4904,6,21995,3599,18396,0,0,0,1.0,1,1.0,1,1.0,1,0.14346501752957366,57
4905,3,21998,3599,18399,0,0,0,1.0,1,1.0,1,1.0,1,0.16358170248067785,54
4906,7,22005,3601,18404,0,0,0,1.0,1,1.0,1,1.0,1,0.2069834837592388,55
4907,5,22010,3601,18409,0,0,0,1.0,1,1.0,1,1.0,1,0.2079175941629453,52
4908,5,22015,3603,18412,0,0,0,1.0,1,1.0,1,1.0,1,0.22259018747678663,53
4909,3,22018,3603,18415,0,0,0,1.0,1,1.0,1,1.0,1,0.22500320827825793,52
4910,6,22024,3604,18420,0,0,0,1.0,1,1.0,1,1.0,1,0.24822194002052944,53
4911,3,22027,3604,18423,0,0,0,1.0,1,1.0,1,1.0,1,0.25995118125337824,55
4912,11,22038,3606,18432,0,0,0,1.0,1,1.0,1,1.0,1,0.2752109451710049,54
4913,5,22043,3606,18437,0,0,0,1.0,1,1.0,1,1.0,1,0.23560153335241357,53
4914,5,22048,3607,18441,0,0,0,1.0,1,1.0,1,1.0,1,0.2334687240322126,53
4915,8,22056,3610,18446,0,0,0,1.0,1,1.0,1,1.0,1,0.26043627659848056,54
4916,10,22066,3612,18454,0,0,0,1.0,1,1.0,1,1.0,1,0.2810992041783481,52
4917,7,22073,3613,18460,0,0,0,1.0,1,1.0,1,1.0,1,0.2876244533853157,52
4918,3,22076,3613,18463,0,0,0,1.0,1,1.0,1,1.0,1,0.2858330820007677,51
4919,6,22082,3613,18469,0,0,0,1.0,1,1.0,1,1.0,1,0.3114522012732581,50
4920,3,22085,3613,18472,0,0,0,1.0,1,1.0,1,1.0,1,0.3117959010886391,51
4921,10,22095,3613,18482,0,0,0,1.0,1,1.0,1,1.0,1,0.22150937410203483,51
4922,6,22101,3614,18487,0,0,0,1.0,1,1.0,1,1.0,1,0.2150809285001018,53
4923,3,22104,3614,18490,0,0,0,1.0,1,1.0,1,1.0,1,0.2235190838180093,53
4924,2,22106,3615,18491,0,0,0,1.0,1,1.0,1,1.0,1,0.1839935327314998,55
4925,2,22108,3617,18491,0,0,0,1.0,1,1.0,1,1.0,1,0.15905676273730052,56
4926,1,22109,3617,18492,0,0,0,1.0,1,1.0,1,1.0,1,0.16257100939951527,55
4927,3,22112,3619,18493,0,0,0,1.0,1,1.0,1,1.0,1,0.18049736287878548,55
4928,0,22112,3619,18493,0,0,0,1.0,1,1.0,1,1.0,1,0.18049736287878548,55
4929,1,22113,3619,18494,0,0,0,1.0,1,1.0,1,1.0,1,0.14744775323550502,56
4930,1,22114,3620,18494,0,0,0,1.0,1,1.0,1,1.0,1,0.15476952046528986,58
4931,1,22115,3620,18495,0,0,0,1.0,1,1.0,1,1.0,1,0.15140309205156688,59
4932,6,22121,3621,18500,0,0,0,1.0,1,1.0,1,1.0,1,0.18562703357118002,60
4933,9,22130,3621,18509,0,0,0,1.0,1,1.0,1,1.0,1,0.17795920304052082,60
4934,7,22137,3621,18516,0,0,0,1.0,1,1.0,1,1.0,1,0.18539389355523542,60
4935,7,22144,3621,18523,0,0,0,1.0,1,1.0,1,1.0,1,0.16257226274621286,60
4936,4,22148,3621,18527,0,0,0,1.0,1,1.0,1,1.0,1,0.150892825737575,61
4937,8,22156,3621,18535,0,0,0,1.0,1,1.0,1,1.0,1,0.15062759557167718,62
4938,8,22164,3621,18543,0,0,0,1.0,1,1.0,1,1.0,1,0.15910272641056433,62
4939,14,22178,3623,18555,0,0,0,1.0,1,1.0,1,1.0,1,0.1922980266916436,64
4940,16,22194,3623,18571,0,0,0,1.0,1,1.0,1,1.0,1,0.18011638541856748,67
4941,13,22207,3623,18584,0,0,0,1.0,1,1.0,1,1.0,1,0.14688096659351363,66
4942,7,22214,3624,18590,0,0,0,1.0,1,1.0,1,1.0,1,0.14064965751856395,67
4943,12,22226,3624,18602,0,0,0,1.0,1,1.0,1,1.0,1,0.13409040984520676,65
4944,6,22232,3627,18605,0,0,0,1.0,1,1.0,1,1.0,1,0.1641128064626609,65
4945,3,22235,3628,18607,0,0,0,1.0,1,1.0,1,1.0,1,0.15284124216291173,62
4946,3,22238,3628,18610,0,0,0,1.0,1,1.0,1,1.0,1,0.11527412596355315,61
4947,2,22240,3628,18612,0,0,0,1.0,1,1.0,1,1.0,1,0.13708756926600188,59
4948,2,22242,3629,18613,0,0,0,1.0,1,1.0,1,1.0,1,0.16369097550554046,59
4949,1,22243,3629,18614,0,0,0,1.0,1,1.0,1,1.0,1,0.17926879543517377,57
4950,4,22247,3630,18617,0,0,0,1.0,1,1.0,1,1.0,1,0.18078267765958914,58
4951,2,22249,3631,18618,0,0,0,1.0,1,1.0,1,1.0,1,0.1592958508366019,55
4952,4,22253,3633,18620,0,0,0,1.0,1,1.0,1,1.0,1,0.19953460920752406,53
4953,8,22261,3637,18624,0,0,0,1.0,1,1.0,1,1.0,1,0.21018339653431517,54
4954,1,22262,3637,18625,0,0,0,1.0,1,1.0,1,1.0,1,0.16643669709358463,52
4955,6,22268,3640,18628,0,0,0,1.0,1,1.0,1,1.0,1,0.21915451159767485,51
4956,0,22268,3640,18628,0,0,0,1.0,1,1.0,1,1.0,1,0.2311796316610541,47
4957,2,22270,3641,18629,0,0,0,1.0,1,1.0,1,1.0,1,0.2324296319137057,48
4958,4,22274,3641,18633,0,0,0,1.0,1,1.0,1,1.0,1,0.21913264498307275,47
4959,1,22275,3641,18634,0,0,0,1.0,1,1.0,1,1.0,1,0.2214949675529292,47
4960,2,22277,3641,18636,0,0,0,1.0,1,1.0,1,1.0,1,0.23622591753357652,48
4961,13,22290,3642,18648,0,0,0,1.0,1,1.0,1,1.0,1,0.16274554171108885,49
4962,4,22294,3642,18652,0,0,0,1.0,1,1.0,1,1.0,1,0.12090322141553575,49
4963,6,22300,3643,18657,0,0,0,1.0,1,1.0,1,1.0,1,0.1331250375947228,51
4964,8,22308,3645,18663,0,0,0,1.0,1,1.0,1,1.0,1,0.1625898811119677,51
4965,5,22313,3646,18667,0,0,0,1.0,1,1.0,1,1.0,1,0.15264548807257056,51
4966,13,22326,3647,18679,0,0,0,1.0,1,1.0,1,1.0,1,0.15439180540830844,51
4967,7,22333,3648,18685,0,0,0,1.0,1,1.0,1,1.0,1,0.22585369300836428,51
4968,10,22343,3649,18694,0,0,0,1.0,1,1.0,1,1.0,1,0.22307853053677912,52
4969,10,22353,3651,18702,0,0,0,1.0,1,1.0,1,1.0,1,0.2036539239569487,53
4970,14,22367,3651,18716,0,0,0,1.0,1,1.0,1,1.0,1,0.1784849659859317,54
4971,18,22385,3651,18734,0,0,0,1.0,1,1.0,1,1.0,1,0.19030143121392662,55
4972,9,22394,3651,18743,0,0,0,1.0,1,1.0,1,1.0,1,0.2159374659587333,56
4973,17,22411,3652,18759,0,0,0,1.0,1,1.0,1,1.0,1,0.21728120597299316,57
4974,9,22420,3652,18768,0,0,0,1.0,1,1.0,1,1.0,1,0.21390736433486884,56
4975,9,22429,3653,18776,0,0,0,1.0,1,1.0,1,1.0,1,0.2523248183524457,57
4976,10,22439,3654,18785,0,0,0,1.0,1,1.0,1,1.0,1,0.21652572155238986,57
4977,11,22450,3654,18796,0,0,0,1.0,1,1.0,1,1.0,1,0.16908397456088392,57
4978,13,22463,3655,18808,0,0,0,1.0,1,1.0,1,1.0,1,0.1726313615480807,58
4979,6,22469,3656,18813,0,0,0,1.0,1,1.0,1,1.0,1,0.2245781310874492,58
4980,6,22475,3657,18818,0,0,0,1.0,1,1.0,1,1.0,1,0.2175711808287542,59
4981,13,22488,3658,18830,0,0,0,1.0,1,1.0,1,1.0,1,0.16023757347634804,60
4982,7,22495,3659,18836,0,0,0,1.0,1,1.0,1,1.0,1,0.09586280942154846,61
4983,5,22500,3659,18841,0,0,0,1.0,1,1.0,1,1.0,1,0.10125283146891101,61
4984,3,22503,3660,18843,0,0,0,1.0,1,1.0,1,1.0,1,0.06617167712211759,59
4985,5,22508,3660,18848,0,0,0,1.0,1,1.0,1,1.0,1,0.08753948935897943,58
4986,5,22513,3660,18853,0,0,0,1.0,1,1.0,1,1.0,1,0.08529392745928494,59
4987,5,22518,3662,18856,0,0,0,1.0,1,1.0,1,1.0,1,0.10142219433406661,58
4988,5,22523,3664,18859,0,0,0,1.0,1,1.0,1,1.0,1,0.13682913853997664,57
4989,1,22524,3664,18860,0,0,0,1.0,1,1.0,1,1.0,1,0.1337903281863004,54
4990,6,22530,3666,18864,0,0,0,1.0,1,1.0,1,1.0,1,0.171556423409572,53
4991,6,22536,3668,18868,0,0,0,1.0,1,1.0,1,1.0,1,0.21010184099079054,52
4992,3,22539,3669,18870,0,0,0,1.0,1,1.0,1,1.0,1,0.19080500211375573,48
4993,0,22539,3669,18870,0,0,0,1.0,1,1.0,1,1.0,1,0.19080500211375573,48
4994,4,22543,3670,18873,0,0,0,1.0,1,1.0,1,1.0,1,0.28911758619580785,45
4995,4,22547,3672,18875,0,0,0,1.0,1,1.0,1,1.0,1,0.31585854506077155,45
4996,7,22554,3674,18880,0,0,0,1.0,1,1.0,1,1.0,1,0.2674838791677489,45
4997,2,22556,3675,18881,0,0,0,1.0,1,1.0,1,1.0,1,0.29193774929209365,42
4998,5,22561,3677,18884,0,0,0,1.0,1,1.0,1,1.0,1,0.28065822397038764,44
4999,8,22569,3678,18891,0,0,0,1.0,1,1.0,1,1.0,1,0.33376756128510465,44
5000,9,22578,3679,18899,0,0,0,1.0,1,1.0,1,1.0,1,0.3532196229040761,42
5001,10,22588,3679,18909,0,0,0,1.0,1,1.0,1,1.0,1,0.1637174893192394,42
5002,1,22589,3680,18909,0,0,0,1.0,1,1.0,1,1.0,1,0.15772769160525793,41
5003,0,22589,3680,18909,0,0,0,1.0,1,1.0,1,1.0,1,0.18609469355115518,41
5004,1,22590,3680,18910,0,0,0,1.0,1,1.0,1,1.0,1,0.19406493817355494,41
5005,0,22590,3680,18910,0,0,0,1.0,1,1.0,1,1.0,1,0.19406493817355494,41
5006,0,22590,3680,18910,0,0,0,1.0,1,1.0,1,1.0,1,0.18060961356092695,42
5007,0,22590,3680,18910,0,0,0,1.0,1,1.0,1,1.0,1,0.1830856695044817,43
5008,5,22595,3680,18915,0,0,0,1.0,1,1.0,1,1.0,1,0.21297739522314593,46
5009,6,22601,3681,18920,0,0,0,1.0,1,1.0,1,1.0,1,0.24772362083369176,46
5010,5,22606,3681,18925,0,0,0,1.0,1,1.0,1,1.0,1,0.2518961560601854,46
5011,4,22610,3681,18929,0,0,0,1.0,1,1.0,1,1.0,1,0.21171453097091403,47
5012,6,22616,3681,18935,0,0,0,1.0,1,1.0,1,1.0,1,0.21146171388607365,48
5013,5,22621,3681,18940,0,0,0,1.0,1,1.0,1,1.0,1,0.2412952696746527,48
5014,9,22630,3681,18949,0,0,0,1.0,1,1.0,1,1.0,1,0.24054428529616342,49
5015,9,22639,3681,18958,0,0,0,1.0,1,1.0,1,1.0,1,0.19559676899861245,50
5016,14,22653,3681,18972,0,0,0,1.0,1,1.0,1,1.0,1,0.23724202205913178,51
5017,13,22666,3681,18985,0,0,0,1.0,1,1.0,1,1.0,1,0.18267163533461925,51
5018,10,22676,3681,18995,0,0,0,1.0,1,1.0,1,1.0,1,0.2191514465369112,51
5019,8,22684,3682,19002,0,0,0,1.0,1,1.0,1,1.0,1,0.17866367068569985,51
5020,6,22690,3682,19008,0,0,0,1.0,1,1.0,1,1.0,1,0.14809892707867348,51
5021,5,22695,3682,19013,0,0,0,1.0,1,1.0,1,1.0,1,0.12131481453673607,52
5022,2,22697,3682,19015,0,0,0,1.0,1,1.0,1,1.0,1,0.09118420150420763,52
5023,5,22702,3684,19018,0,0,0,1.0,1,1.0,1,1.0,1,0.12927451537756782,52
5024,3,22705,3685,19020,0,0,0,1.0,1,1.0,1,1.0,1,0.0993078485211775,51
5025,0,22705,3685,19020,0,0,0,1.0,1,1.0,1,1.0,1,0.09129161855639462,50
5026,5,22710,3688,19022,0,0,0,1.0,1,1.0,1,1.0,1,0.1961720031663765,49
5027,5,22715,3690,19025,0,0,0,1.0,1,1.0,1,1.0,1,0.22473073963767787,47
5028,6,22721,3691,19030,0,0,0,1.0,1,1.0,1,1.0,1,0.1734240987102464,47
5029,6,22727,3693,19034,0,0,0,1.0,1,1.0,1,1.0,1,0.16708402560858904,46
5030,5,22732,3694,19038,0,0,0,1.0,1,1.0,1,1.0,1,0.19258390734310432,48
5031,2,22734,3694,19040,0,0,0,1.0,1,1.0,1,1.0,1,0.1634818982092085,46
5032,2,22736,3694,19042,0,0,0,1.0,1,1.0,1,1.0,1,0.18364476763579426,46
5033,4,22740,3696,19044,0,0,0,1.0,1,1.0,1,1.0,1,0.17153362942933423,47
5034,4,22744,3696,19048,0,0,0,1.0,1,1.0,1,1.0,1,0.1418842071835889,48
5035,2,22746,3696,19050,0,0,0,1.0,1,1.0,1,1.0,1,0.1536331529038414,47
5036,3,22749,3697,19052,0,0,0,1.0,1,1.0,1,1.0,1,0.15377986304962535,47
5037,2,22751,3697,19054,0,0,0,1.0,1,1.0,1,1.0,1,0.17546958793198025,47
5038,2,22753,3698,19055,0,0,0,1.0,1,1.0,1,1.0,1,0.1932378583833527,48
5039,2,22755,3698,19057,0,0,0,1.0,1,1.0,1,1.0,1,0.2053596777621749,47
5040,1,22756,3698,19058,0,0,0,1.0,1,1.0,1,1.0,1,0.20212373105193188,48
5041,6,22762,3698,19064,0,0,0,1.0,1,1.0,1,1.0,1,0.12538305782689543,49
5042,2,22764,3698,19066,0,0,0,1.0,1,1.0,1,1.0,1,0.11368491418390435,50
5043,2,22766,3698,19068,0,0,0,1.0,1,1.0,1,1.0,1,0.07597187192545404,51
5044,0,22766,3698,19068,0,0,0,1.0,1,1.0,1,1.0,1,0.07597187192545404,51
5045,2,22768,3698,19070,0,0,0,1.0,1,1.0,1,1.0,1,0.05638716922630405,51
5046,3,22771,3699,19072,0,0,0,1.0,1,1.0,1,1.0,1,0.08324018766122525,52
5047,1,22772,3699,19073,0,0,0,1.0,1,1.0,1,1.0,1,0.08583318780597596,52
5048,1,22773,3699,19074,0,0,0,1.0,1,1.0,1,1.0,1,0.08216573499070985,52
5049,2,22775,3699,19076,0,0,0,1.0,1,1.0,1,1.0,1,0.11230719064668801,52
5050,2,22777,3699,19078,0,0,0,1.0,1,1.0,1,1.0,1,0.09954049569012616,55
5051,3,22780,3699,19081,0,0,0,1.0,1,1.0,1,1.0,1,0.0899693385307379,55
5052,1,22781,3699,19082,0,0,0,1.0,1,1.0,1,1.0,1,0.09237623193768625,55
5053,3,22784,3699,19085,0,0,0,1.0,1,1.0,1,1.0,1,0.09868641696722734,54
5054,2,22786,3699,19087,0,0,0,1.0,1,1.0,1,1.0,1,0.10219088355194013,54
5055,3,22789,3699,19090,0,0,0,1.0,1,1.0,1,1.0,1,0.1292313660067969,54
5056,3,22792,3699,19093,0,0,0,1.0,1,1.0,1,1.0,1,0.12577856701236934,55
5057,2,22794,3699,19095,0,0,0,1.0,1,1.0,1,1.0,1,0.1355228310621055,56
5058,2,22796,3699,19097,0,0,0,1.0,1,1.0,1,1.0,1,0.14488814731049499,58
5059,6,22802,3699,19103,0,0,0,1.0,1,1.0,1,1.0,1,0.12275940665405097,58
5060,3,22805,3700,19105,0,0,0,1.0,1,1.0,1,1.0,1,0.14833496218275724,59
5061,8,22813,3700,19113,0,0,0,1.0,1,1.0,1,1.0,1,0.1683993373359938,58
5062,8,22821,3700,19121,0,0,0,1.0,1,1.0,1,1.0,1,0.13844787542094178,58
5063,10,22831,3702,19129,0,0,0,1.0,1,1.0,1,1.0,1,0.19146952449338908,57
5064,8,22839,3704,19135,0,0,0,1.0,1,1.0,1,1.0,1,0.21445613914865075,57
5065,12,22851,3706,19145,0,0,0,1.0,1,1.0,1,1.0,1,0.25862807109180513,56
5066,10,22861,3706,19155,0,0,0,1.0,1,1.0,1,1.0,1,0.250452359952216,55
5067,9,22870,3706,19164,0,0,0,1.0,1,1.0,1,1.0,1,0.2542934287718062,54
5068,12,22882,3706,19176,0,0,0,1.0,1,1.0,1,1.0,1,0.25867371903530767,54
5069,9,22891,3706,19185,0,0,0,1.0,1,1.0,1,1.0,1,0.22138145015929475,53
5070,6,22897,3709,19188,0,0,0,1.0,1,1.0,1,1.0,1,0.24925266659152442,53
5071,6,22903,3709,19194,0,0,0,1.0,1,1.0,1,1.0,1,0.24291968919704135,53
5072,4,22907,3709,19198,0,0,0,1.0,1,1.0,1,1.0,1,0.27197196184579586,53
5073,7,22914,3710,19204,0,0,0,1.0,1,1.0,1,1.0,1,0.2887262896103603,53
5074,6,22920,3710,19210,0,0,0,1.0,1,1.0,1,1.0,1,0.21473897676000267,52
5075,4,22924,3710,19214,0,0,0,1.0,1,1.0,1,1.0,1,0.24514381627286896,52
5076,6,22930,3710,19220,0,0,0,1.0,1,1.0,1,1.0,1,0.23124351687665254,55
5077,9,22939,3711,19228,0,0,0,1.0,1,1.0,1,1.0,1,0.2377640265306959,55
5078,12,22951,3711,19240,0,0,0,1.0,1,1.0,1,1.0,1,0.23259670891538772,55
5079,9,22960,3711,19249,0,0,0,1.0,1,1.0,1,1.0,1,0.20881751964462694,54
5080,12,22972,3711,19261,0,0,0,1.0,1,1.0,1,1.0,1,0.20605854664279072,55
5081,8,22980,3711,19269,0,0,0,1.0,1,1.0,1,1.0,1,0.11854124221451012,57
5082,2,22982,3711,19271,0,0,0,1.0,1,1.0,1,1.0,1,0.11268826258082813,57
5083,4,22986,3711,19275,0,0,0,1.0,1,1.0,1,1.0,1,0.13713963614512584,58
5084,6,22992,3711,19281,0,0,0,1.0,1,1.0,1,1.0,1,0.12250040716639275,58
5085,4,22996,3712,19284,0,0,0,1.0,1,1.0,1,1.0,1,0.1279823163196244,59
5086,5,23001,3712,19289,0,0,0,1.0,1,1.0,1,1.0,1,0.1322707404859432,60
5087,4,23005,3713,19292,0,0,0,1.0,1,1.0,1,1.0,1,0.14939663837079434,61
5088,5,23010,3713,19297,0,0,0,1.0,1,1.0,1,1.0,1,0.17342772942312712,62
5089,10,23020,3715,19305,0,0,0,1.0,1,1.0,1,1.0,1,0.2140693406425265,63
5090,9,23029,3715,19314,0,0,0,1.0,1,1.0,1,1.0,1,0.2076061968518662,63
5091,11,23040,3717,19323,0,0,0,1.0,1,1.0,1,1.0,1,0.24846681366289128,63
5092,10,23050,3717,19333,0,0,0,1.0,1,1.0,1,1.0,1,0.2199272986506546,63
5093,9,23059,3717,19342,0,0,0,1.0,1,1.0,1,1.0,1,0.23409289996114127,63
5094,8,23067,3718,19349,0,0,0,1.0,1,1.0,1,1.0,1,0.22196408961358985,64
5095,7,23074,3718,19356,0,0,0,1.0,1,1.0,1,1.0,1,0.20894152089402024,64
5096,10,23084,3719,19365,0,0,0,1.0,1,1.0,1,1.0,1,0.19130069868972155,67
5097,8,23092,3719,19373,0,0,0,1.0,1,1.0,1,1.0,1,0.18788639069149352,67
5098,12,23104,3719,19385,0,0,0,1.0,1,1.0,1,1.0,1,0.2053387800848141,68
5099,11,23115,3719,19396,0,0,0,1.0,1,1.0,1,1.0,1,0.20026681821366923,70
5100,9,23124,3719,19405,0,0,0,1.0,1,1.0,1,1.0,1,0.1736809919553584,71
5101,10,23134,3719,19415,0,0,0,1.0,1,1.0,1,1.0,1,0.08777422873764235,71
5102,7,23141,3723,19418,0,0,0,1.0,1,1.0,1,1.0,1,0.09471335737568035,70
5103,2,23143,3724,19419,0,0,0,1.0,1,1.0,1,1.0,1,0.07085283278046436,67
5104,4,23147,3727,19420,0,0,0,1.0,1,1.0,1,1.0,1,0.12262953249465854,67
5105,5,23152,3730,19422,0,0,0,1.0,1,1.0,1,1.0,1,0.12460341748009202,63
5106,9,23161,3735,19426,0,0,0,1.0,1,1.0,1,1.0,1,0.1845865528605514,63
5107,6,23167,3738,19429,0,0,0,1.0,1,1.0,1,1.0,1,0.22901660464616724,60
5108,2,23169,3739,19430,0,0,0,1.0,1,1.0,1,1.0,1,0.21318911237596322,56
5109,3,23172,3740,19432,0,0,0,1.0,1,1.0,1,1.0,1,0.2317261772131198,56
5110,3,23175,3742,19433,0,0,0,1.0,1,1.0,1,1.0,1,0.2603725183178807,52
5111,2,23177,3744,19433,0,0,0,1.0,1,1.0,1,1.0,1,0.25759615448726714,51
5112,2,23179,3746,19433,0,0,0,1.0,1,1.0,1,1.0,1,0.30434616674897397,50
5113,5,23184,3751,19433,0,0,0,1.0,1,1.0,1,1.0,1,0.34127131462517496,48
5114,4,23188,3752,19436,0,0,0,1.0,1,1.0,1,1.0,1,0.3074853625560206,46
5115,2,23190,3753,19437,0,0,0,1.0,1,1.0,1,1.0,1,0.29325271757003285,44
5116,1,23191,3754,19437,0,0,0,1.0,1,1.0,1,1.0,1,0.3000546332387258,44
5117,1,23192,3754,19438,0,0,0,1.0,1,1.0,1,1.0,1,0.2813503762397683,46
5118,3,23195,3756,19439,0,0,0,1.0,1,1.0,1,1.0,1,0.27227113952059123,46
5119,4,23199,3759,19440,0,0,0,1.0,1,1.0,1,1.0,1,0.25095066079147194,46
5120,2,23201,3761,19440,0,0,0,1.0,1,1.0,1,1.0,1,0.2771425267861627,46
5121,8,23209,3762,19447,0,0,0,1.0,1,1.0,1,1.0,1,0.19831238132876797,46
5122,8,23217,3765,19452,0,0,0,1.0,1,1.0,1,1.0,1,0.20172093938819557,46
5123,3,23220,3765,19455,0,0,0,1.0,1,1.0,1,1.0,1,0.23508391402598702,45
5124,5,23225,3765,19460,0,0,0,1.0,1,1.0,1,1.0,1,0.2067551526334204,47
5125,6,23231,3765,19466,0,0,0,1.0,1,1.0,1,1.0,1,0.18352026881489178,50
5126,7,23238,3765,19473,0,0,0,1.0,1,1.0,1,1.0,1,0.14694398477654144,50
5127,5,23243,3765,19478,0,0,0,1.0,1,1.0,1,1.0,1,0.1676802803781839,52
5128,9,23252,3766,19486,0,0,0,1.0,1,1.0,1,1.0,1,0.18268373384538159,53
5129,8,23260,3766,19494,0,0,0,1.0,1,1.0,1,1.0,1,0.17537428011832012,55
5130,11,23271,3767,19504,0,0,0,1.0,1,1.0,1,1.0,1,0.156696303869944,55
5131,5,23276,3767,19509,0,0,0,1.0,1,1.0,1,1.0,1,0.19046348289463255,54
5132,4,23280,3767,19513,0,0,0,1.0,1,1.0,1,1.0,1,0.18596007038195717,54
5133,5,23285,3767,19518,0,0,0,1.0,1,1.0,1,1.0,1,0.20807801233798232,54
5134,4,23289,3767,19522,0,0,0,1.0,1,1.0,1,1.0,1,0.1735174896030239,53
5135,5,23294,3767,19527,0,0,0,1.0,1,1.0,1,1.0,1,0.18030067290493323,54
5136,6,23300,3767,19533,0,0,0,1.0,1,1.0,1,1.0,1,0.20553712492458517,54
5137,5,23305,3767,19538,0,0,0,1.0,1,1.0,1,1.0,1,0.1848682340659634,54
5138,3,23308,3767,19541,0,0,0,1.0,1,1.0,1,1.0,1,0.18706850074949535,54
5139,8,23316,3769,19547,0,0,0,1.0,1,1.0,1,1.0,1,0.21298877343956246,55
5140,8,23324,3772,19552,0,0,0,1.0,1,1.0,1,1.0,1,0.25372066432704177,55
5141,13,23337,3772,19565,0,0,0,1.0,1,1.0,1,1.0,1,0.18134607553527504,53
5142,10,23347,3774,19573,0,0,0,1.0,1,1.0,1,1.0,1,0.20786569787838088,54
5143,7,23354,3775,19579,0,0,0,1.0,1,1.0,1,1.0,1,0.16338927207409285,52
5144,4,23358,3777,19581,0,0,0,1.0,1,1.0,1,1.0,1,0.17716095010815616,50
5145,6,23364,3778,19586,0,0,0,1.0,1,1.0,1,1.0,1,0.18713314385012025,49
5146,14,23378,3779,19599,0,0,0,1.0,1,1.0,1,1.0,1,0.22945253218273667,49
5147,8,23386,3780,19606,0,0,0,1.0,1,1.0,1,1.0,1,0.26263149592333945,46
5148,12,23398,3782,19616,0,0,0,1.0,1,1.0,1,1.0,1,0.24608290703313343,46
5149,5,23403,3782,19621,0,0,0,1.0,1,1.0,1,1.0,1,0.22323593271381753,45
5150,6,23409,3782,19627,0,0,0,1.0,1,1.0,1,1.0,1,0.2262073721753687,47
5151,4,23413,3782,19631,0,0,0,1.0,1,1.0,1,1.0,1,0.22778257975210925,46
5152,8,23421,3783,19638,0,0,0,1.0,1,1.0,1,1.0,1,0.21836968066787996,46
5153,5,23426,3784,19642,0,0,0,1.0,1,1.0,1,1.0,1,0.27415575853185703,45
5154,11,23437,3787,19650,0,0,0,1.0,1,1.0,1,1.0,1,0.2546853374045352,47
5155,13,23450,3789,19661,0,0,0,1.0,1,1.0,1,1.0,1,0.27841113386523614,47
5156,10,23460,3791,19669,0,0,0,1.0,1,1.0,1,1.0,1,0.309702537751714,47
5157,11,23471,3791,19680,0,0,0,1.0,1,1.0,1,1.0,1,0.27025658352853166,46
5158,11,23482,3791,19691,0,0,0,1.0,1,1.0,1,1.0,1,0.2804905082209417,47
5159,11,23493,3791,19702,0,0,0,1.0,1,1.0,1,1.0,1,0.27994781837669147,49
5160,7,23500,3791,19709,0,0,0,1.0,1,1.0,1,1.0,1,0.3083048679798147,48
5161,10,23510,3791,19719,0,0,0,1.0,1,1.0,1,1.0,1,0.14836762183411797,48
5162,3,23513,3791,19722,0,0,0,1.0,1,1.0,1,1.0,1,0.10048445279770449,49
5163,1,23514,3791,19723,0,0,0,1.0,1,1.0,1,1.0,1,0.08019332833831228,51
5164,3,23517,3791,19726,0,0,0,1.0,1,1.0,1,1.0,1,0.08478236223330923,51
5165,5,23522,3791,19731,0,0,0,1.0,1,1.0,1,1.0,1,0.07554761443964399,52
5166,6,23528,3791,19737,0,0,0,1.0,1,1.0,1,1.0,1,0.133928084437644,52
5167,6,23534,3791,19743,0,0,0,1.0,1,1.0,1,1.0,1,0.13476993163520923,52
5168,10,23544,3791,19753,0,0,0,1.0,1,1.0,1,1.0,1,0.1486738970939215,52
5169,9,23553,3792,19761,0,0,0,1.0,1,1.0,1,1.0,1,0.17257267742430635,53
5170,6,23559,3792,19767,0,0,0,1.0,1,1.0,1,1.0,1,0.13877239225496946,53
5171,5,23564,3792,19772,0,0,0,1.0,1,1.0,1,1.0,1,0.14272898602540762,52
5172,8,23572,3792,19780,0,0,0,1.0,1,1.0,1,1.0,1,0.14577384550653777,53
5173,9,23581,3792,19789,0,0,0,1.0,1,1.0,1,1.0,1,0.13482582026298892,54
5174,12,23593,3792,19801,0,0,0,1.0,1,1.0,1,1.0,1,0.13434088158527363,56
5175,17,23610,3793,19817,0,0,0,1.0,1,1.0,1,1.0,1,0.1285654502240426,58
5176,13,23623,3794,19829,0,0,0,1.0,1,1.0,1,1.0,1,0.15766384275133588,58
5177,10,23633,3794,19839,0,0,0,1.0,1,1.0,1,1.0,1,0.17018060446919983,59
5178,13,23646,3795,19851,0,0,0,1.0,1,1.0,1,1.0,1,0.1730593276185333,57
5179,9,23655,3795,19860,0,0,0,1.0,1,1.0,1,1.0,1,0.15165316763320202,58
5180,11,23666,3795,19871,0,0,0,1.0,1,1.0,1,1.0,1,0.15214938689674737,56
5181,9,23675,3796,19879,0,0,0,1.0,1,1.0,1,1.0,1,0.0896957177216582,57
5182,1,23676,3797,19879,0,0,0,1.0,1,1.0,1,1.0,1,0.07757995359546123,56
5183,2,23678,3798,19880,0,0,0,1.0,1,1.0,1,1.0,1,0.08033582570318919,57
5184,5,23683,3800,19883,0,0,0,1.0,1,1.0,1,1.0,1,0.11278583599564945,56
5185,2,23685,3800,19885,0,0,0,1.0,1,1.0,1,1.0,1,0.10825291489448632,56
5186,2,23687,3801,19886,0,0,0,1.0,1,1.0,1,1.0,1,0.12726957507683545,54
5187,4,23691,3801,19890,0,0,0,1.0,1,1.0,1,1.0,1,0.12507250928081548,51
5188,3,23694,3803,19891,0,0,0,1.0,1,1.0,1,1.0,1,0.1599481190852393,50
5189,2,23696,3803,19893,0,0,0,1.0,1,1.0,1,1.0,1,0.09911062986468824,49
5190,2,23698,3804,19894,0,0,0,1.0,1,1.0,1,1.0,1,0.13366256775538998,50
5191,2,23700,3804,19896,0,0,0,1.0,1,1.0,1,1.0,1,0.13366256775538998,50
5192,3,23703,3805,19898,0,0,0,1.0,1,1.0,1,1.0,1,0.16535651682913627,49
5193,3,23706,3805,19901,0,0,0,1.0,1,1.0,1,1.0,1,0.15455325073566603,50
5194,6,23712,3806,19906,0,0,0,1.0,1,1.0,1,1.0,1,0.1998609613945805,51
5195,3,23715,3807,19908,0,0,0,1.0,1,1.0,1,1.0,1,0.2284973834252475,51
5196,3,23718,3807,19911,0,0,0,1.0,1,1.0,1,1.0,1,0.21030754822825992,51
5197,3,23721,3807,19914,0,0,0,1.0,1,1.0,1,1.0,1,0.2286480072357645,51
5198,4,23725,3807,19918,0,0,0,1.0,1,1.0,1,1.0,1,0.20973459647315587,51
5199,10,23735,3807,19928,0,0,0,1.0,1,1.0,1,1.0,1,0.21783310704858636,54
5200,9,23744,3807,19937,0,0,0,1.0,1,1.0,1,1.0,1,0.20617617928036772,54
5201,10,23754,3807,19947,0,0,0,1.0,1,1.0,1,1.0,1,0.10102432207618484,55
5202,3,23757,3807,19950,0,0,0,1.0,1,1.0,1,1.0,1,0.120702833549214,56
5203,2,23759,3807,19952,0,0,0,1.0,1,1.0,1,1.0,1,0.10545385710612384,56
5204,6,23765,3807,19958,0,0,0,1.0,1,1.0,1,1.0,1,0.10675152265264745,58
5205,2,23767,3807,19960,0,0,0,1.0,1,1.0,1,1.0,1,0.10543842160192336,58
5206,2,23769,3807,19962,0,0,0,1.0,1,1.0,1,1.0,1,0.10536375554274084,58
5207,4,23773,3807,19966,0,0,0,1.0,1,1.0,1,1.0,1,0.11470009981098926,59
5208,5,23778,3808,19970,0,0,0,1.0,1,1.0,1,1.0,1,0.11719020111864978,58
5209,3,23781,3808,19973,0,0,0,1.0,1,1.0,1,1.0,1,0.11867842517608618,58
5210,5,23786,3808,19978,0,0,0,1.0,1,1.0,1,1.0,1,0.15505909014172375,57
5211,5,23791,3809,19982,0,0,0,1.0,1,1.0,1,1.0,1,0.1576419500493436,57
5212,6,23797,3809,19988,0,0,0,1.0,1,1.0,1,1.0,1,0.16328506266752088,59
5213,12,23809,3812,19997,0,0,0,1.0,1,1.0,1,1.0,1,0.21694599803297823,59
5214,8,23817,3812,20005,0,0,0,1.0,1,1.0,1,1.0,1,0.23189328067222892,59
5215,11,23828,3813,20015,0,0,0,1.0,1,1.0,1,1.0,1,0.27251211353054583,58
5216,16,23844,3814,20030,0,0,0,1.0,1,1.0,1,1.0,1,0.26344163384461,59
5217,17,23861,3816,20045,0,0,0,1.0,1,1.0,1,1.0,1,0.2370062131965895,58
5218,12,23873,3820,20053,0,0,0,1.0,1,1.0,1,1.0,1,0.2903277515950729,58
5219,14,23887,3820,20067,0,0,0,1.0,1,1.0,1,1.0,1,0.2600276595629547,57
5220,12,23899,3820,20079,0,0,0,1.0,1,1.0,1,1.0,1,0.23720596316226758,56
5221,13,23912,3821,20091,0,0,0,1.0,1,1.0,1,1.0,1,0.14732182592393342,58
5222,1,23913,3822,20091,0,0,0,1.0,1,1.0,1,1.0,1,0.15084868297597515,56
5223,2,23915,3823,20092,0,0,0,1.0,1,1.0,1,1.0,1,0.19101133118870367,55
5224,3,23918,3823,20095,0,0,0,1.0,1,1.0,1,1.0,1,0.20513393030171972,56
5225,8,23926,3824,20102,0,0,0,1.0,1,1.0,1,1.0,1,0.23479190477794626,55
5226,3,23929,3824,20105,0,0,0,1.0,1,1.0,1,1.0,1,0.23274512467430758,55
5227,4,23933,3824,20109,0,0,0,1.0,1,1.0,1,1.0,1,0.2379886606840568,53
5228,3,23936,3825,20111,0,0,0,1.0,1,1.0,1,1.0,1,0.2075439937347899,51
5229,2,23938,3826,20112,0,0,0,1.0,1,1.0,1,1.0,1,0.15753949931762876,51
5230,0,23938,3826,20112,0,0,0,1.0,1,1.0,1,1.0,1,0.159946326009689,51
5231,3,23941,3828,20113,0,0,0,1.0,1,1.0,1,1.0,1,0.16036794489198902,52
5232,5,23946,3830,20116,0,0,0,1.0,1,1.0,1,1.0,1,0.1708451539045165,52
5233,4,23950,3830,20120,0,0,0,1.0,1,1.0,1,1.0,1,0.18783206257739307,53
5234,5,23955,3831,20124,0,0,0,1.0,1,1.0,1,1.0,1,0.23826144179974754,53
5235,9,23964,3832,20132,0,0,0,1.0,1,1.0,1,1.0,1,0.24946368348210649,53
5236,7,23971,3834,20137,0,0,0,1.0,1,1.0,1,1.0,1,0.24822573433140058,52
5237,6,23977,3834,20143,0,0,0,1.0,1,1.0,1,1.0,1,0.26484623602958396,52
5238,13,23990,3836,20154,0,0,0,1.0,1,1.0,1,1.0,1,0.24335868985358483,52
5239,8,23998,3836,20162,0,0,0,1.0,1,1.0,1,1.0,1,0.22839387550594198,51
5240,4,24002,3837,20165,0,0,0,1.0,1,1.0,1,1.0,1,0.24974090680866848,53
5241,11,24013,3837,20176,0,0,0,1.0,1,1.0,1,1.0,1,0.2032627182456103,53
5242,5,24018,3838,20180,0,0,0,1.0,1,1.0,1,1.0,1,0.20528592313028848,51
5243,6,24024,3839,20185,0,0,0,1.0,1,1.0,1,1.0,1,0.18030592993778777,51
5244,10,24034,3840,20194,0,0,0,1.0,1,1.0,1,1.0,1,0.1929767456570436,52
5245,11,24045,3842,20203,0,0,0,1.0,1,1.0,1,1.0,1,0.2859359254962242,53
5246,11,24056,3844,20212,0,0,0,1.0,1,1.0,1,1.0,1,0.20175646928368696,53
5247,11,24067,3845,20222,0,0,0,1.0,1,1.0,1,1.0,1,0.2367512737149936,54
5248,11,24078,3846,20232,0,0,0,1.0,1,1.0,1,1.0,1,0.1925989217760096,54
5249,8,24086,3847,20239,0,0,0,1.0,1,1.0,1,1.0,1,0.29485784495102363,55
5250,12,24098,3847,20251,0,0,0,1.0,1,1.0,1,1.0,1,0.23080452993532644,57
5251,13,24111,3848,20263,0,0,0,1.0,1,1.0,1,1.0,1,0.23585428700191655,58
5252,17,24128,3849,20279,0,0,0,1.0,1,1.0,1,1.0,1,0.2429220469848739,58
5253,11,24139,3850,20289,0,0,0,1.0,1,1.0,1,1.0,1,0.20943035828234738,58
5254,14,24153,3850,20303,0,0,0,1.0,1,1.0,1,1.0,1,0.21418010176017804,59
5255,15,24168,3853,20315,0,0,0,1.0,1,1.0,1,1.0,1,0.2229905842651409,58
5256,15,24183,3853,20330,0,0,0,1.0,1,1.0,1,1.0,1,0.23231516767806068,58
5257,13,24196,3853,20343,0,0,0,1.0,1,1.0,1,1.0,1,0.1727775073025487,57
5258,16,24212,3853,20359,0,0,0,1.0,1,1.0,1,1.0,1,0.18498319457363663,55
5259,11,24223,3853,20370,0,0,0,1.0,1,1.0,1,1.0,1,0.23160741561626944,56
5260,11,24234,3853,20381,0,0,0,1.0,1,1.0,1,1.0,1,0.20648087071330862,55
5261,4,24238,3853,20385,0,0,0,1.0,1,1.0,1,1.0,1,0.1655094054880373,54
5262,1,24239,3854,20385,0,0,0,1.0,1,1.0,1,1.0,1,0.1754321260857871,54
5263,3,24242,3856,20386,0,0,0,1.0,1,1.0,1,1.0,1,0.14649728764172232,55
5264,2,24244,3856,20388,0,0,0,1.0,1,1.0,1,1.0,1,0.12936607626334226,53
5265,2,24246,3858,20388,0,0,0,1.0,1,1.0,1,1.0,1,0.12659420474416452,52
5266,0,24246,3858,20388,0,0,0,1.0,1,1.0,1,1.0,1,0.1290772947011417,49
5267,2,24248,3860,20388,0,0,0,1.0,1,1.0,1,1.0,1,0.16465278991388277,49
5268,3,24251,3862,20389,0,0,0,1.0,1,1.0,1,1.0,1,0.16747036025630968,46
5269,0,24251,3862,20389,0,0,0,1.0,1,1.0,1,1.0,1,0.161160737446609,45
5270,1,24252,3863,20389,0,0,0,1.0,1,1.0,1,1.0,1,0.1626365403412433,46
5271,6,24258,3869,20389,0,0,0,1.0,1,1.0,1,1.0,1,0.2073253485375727,46
5272,3,24261,3871,20390,0,0,0,1.0,1,1.0,1,1.0,1,0.2385707578512223,45
5273,6,24267,3876,20391,0,0,0,1.0,1,1.0,1,1.0,1,0.27565852361023246,45
5274,2,24269,3877,20392,0,0,0,1.0,1,1.0,1,1.0,1,0.2965524054043004,45
5275,1,24270,3878,20392,0,0,0,1.0,1,1.0,1,1.0,1,0.3047853953086083,46
5276,5,24275,3882,20393,0,0,0,1.0,1,1.0,1,1.0,1,0.31663495918093437,45
5277,3,24278,3882,20396,0,0,0,1.0,1,1.0,1,1.0,1,0.30821140244017353,45
5278,4,24282,3883,20399,0,0,0,1.0,1,1.0,1,1.0,1,0.3148817457281731,44
5279,1,24283,3883,20400,0,0,0,1.0,1,1.0,1,1.0,1,0.29511553660465717,45
5280,2,24285,3883,20402,0,0,0,1.0,1,1.0,1,1.0,1,0.3122498638305508,46
5281,11,24296,3883,20413,0,0,0,1.0,1,1.0,1,1.0,1,0.16196481397118398,46
5282,3,24299,3883,20416,0,0,0,1.0,1,1.0,1,1.0,1,0.18103019016845182,47
5283,5,24304,3883,20421,0,0,0,1.0,1,1.0,1,1.0,1,0.17866622309142807,48
5284,4,24308,3883,20425,0,0,0,1.0,1,1.0,1,1.0,1,0.17866622309142807,48
5285,2,24310,3883,20427,0,0,0,1.0,1,1.0,1,1.0,1,0.15139215879199677,48
5286,6,24316,3883,20433,0,0,0,1.0,1,1.0,1,1.0,1,0.11509074058697302,50
5287,5,24321,3883,20438,0,0,0,1.0,1,1.0,1,1.0,1,0.11559466629339392,50
5288,3,24324,3883,20441,0,0,0,1.0,1,1.0,1,1.0,1,0.13195105994416328,51
5289,3,24327,3883,20444,0,0,0,1.0,1,1.0,1,1.0,1,0.1254084890734796,51
5290,2,24329,3883,20446,0,0,0,1.0,1,1.0,1,1.0,1,0.13856391952477584,52
5291,7,24336,3885,20451,0,0,0,1.0,1,1.0,1,1.0,1,0.18838362851960092,52
5292,7,24343,3885,20458,0,0,0,1.0,1,1.0,1,1.0,1,0.17657478207335792,53
5293,7,24350,3886,20464,0,0,0,1.0,1,1.0,1,1.0,1,0.20410209923364256,51
5294,5,24355,3887,20468,0,0,0,1.0,1,1.0,1,1.0,1,0.19406393152921214,50
5295,3,24358,3887,20471,0,0,0,1.0,1,1.0,1,1.0,1,0.2331401939917125,49
5296,4,24362,3888,20474,0,0,0,1.0,1,1.0,1,1.0,1,0.23991477273021158,48
5297,3,24365,3888,20477,0,0,0,1.0,1,1.0,1,1.0,1,0.2740857228203372,46
5298,3,24368,3888,20480,0,0,0,1.0,1,1.0,1,1.0,1,0.2737781829948884,46
5299,3,24371,3888,20483,0,0,0,1.0,1,1.0,1,1.0,1,0.27488832066529517,47
5300,4,24375,3889,20486,0,0,0,1.0,1,1.0,1,1.0,1,0.2900601949310735,48
5301,12,24387,3889,20498,0,0,0,1.0,1,1.0,1,1.0,1,0.15136493943429583,48
5302,7,24394,3891,20503,0,0,0,1.0,1,1.0,1,1.0,1,0.2342383548823642,49
5303,8,24402,3891,20511,0,0,0,1.0,1,1.0,1,1.0,1,0.21980630680875718,48
5304,8,24410,3892,20518,0,0,0,1.0,1,1.0,1,1.0,1,0.1669678244301738,48
5305,5,24415,3892,20523,0,0,0,1.0,1,1.0,1,1.0,1,0.2266506838106266,47
5306,9,24424,3894,20530,0,0,0,1.0,1,1.0,1,1.0,1,0.15358458800932595,48
5307,7,24431,3895,20536,0,0,0,1.0,1,1.0,1,1.0,1,0.19996696928445554,48
5308,4,24435,3896,20539,0,0,0,1.0,1,1.0,1,1.0,1,0.18939179737330922,47
5309,3,24438,3897,20541,0,0,0,1.0,1,1.0,1,1.0,1,0.20579827006653897,46
5310,5,24443,3897,20546,0,0,0,1.0,1,1.0,1,1.0,1,0.171655989791207,46
5311,7,24450,3898,20552,0,0,0,1.0,1,1.0,1,1.0,1,0.1796176687456854,46
5312,7,24457,3899,20558,0,0,0,1.0,1,1.0,1,1.0,1,0.17747171775131546,46
5313,7,24464,3899,20565,0,0,0,1.0,1,1.0,1,1.0,1,0.21352978029895653,46
5314,5,24469,3899,20570,0,0,0,1.0,1,1.0,1,1.0,1,0.22067006722918014,46
5315,10,24479,3901,20578,0,0,0,1.0,1,1.0,1,1.0,1,0.22187940115007057,47
5316,10,24489,3901,20588,0,0,0,1.0,1,1.0,1,1.0,1,0.2519218714143396,48
5317,13,24502,3904,20598,0,0,0,1.0,1,1.0,1,1.0,1,0.33365421564090564,49
5318,11,24513,3904,20609,0,0,0,1.0,1,1.0,1,1.0,1,0.2977932888675834,49
5319,8,24521,3905,20616,0,0,0,1.0,1,1.0,1,1.0,1,0.2640635718472099,50
5320,11,24532,3906,20626,0,0,0,1.0,1,1.0,1,1.0,1,0.24022919376422477,51
5321,9,24541,3906,20635,0,0,0,1.0,1,1.0,1,1.0,1,0.1007872826914963,52
5322,2,24543,3906,20637,0,0,0,1.0,1,1.0,1,1.0,1,0.11616544369496372,53
5323,2,24545,3906,20639,0,0,0,1.0,1,1.0,1,1.0,1,0.11053926008945697,53
5324,5,24550,3908,20642,0,0,0,1.0,1,1.0,1,1.0,1,0.1779086436771736,55
5325,5,24555,3908,20647,0,0,0,1.0,1,1.0,1,1.0,1,0.17354369358132632,55
5326,10,24565,3908,20657,0,0,0,1.0,1,1.0,1,1.0,1,0.18129529918459478,55
5327,6,24571,3908,20663,0,0,0,1.0,1,1.0,1,1.0,1,0.20424236325410733,56
5328,6,24577,3908,20669,0,0,0,1.0,1,1.0,1,1.0,1,0.18785057382635256,57
5329,12,24589,3908,20681,0,0,0,1.0,1,1.0,1,1.0,1,0.18785057382635256,57
5330,14,24603,3910,20693,0,0,0,1.0,1,1.0,1,1.0,1,0.2375996075932923,56
5331,15,24618,3910,20708,0,0,0,1.0,1,1.0,1,1.0,1,0.19633642326073567,57
5332,11,24629,3910,20719,0,0,0,1.0,1,1.0,1,1.0,1,0.1995308787645819,58
5333,15,24644,3910,20734,0,0,0,1.0,1,1.0,1,1.0,1,0.20178160853564778,59
5334,8,24652,3910,20742,0,0,0,1.0,1,1.0,1,1.0,1,0.18408085233061872,59
5335,14,24666,3911,20755,0,0,0,1.0,1,1.0,1,1.0,1,0.224543530977853,58
5336,12,24678,3911,20767,0,0,0,1.0,1,1.0,1,1.0,1,0.23411659244178634,59
5337,7,24685,3911,20774,0,0,0,1.0,1,1.0,1,1.0,1,0.24038896294328047,60
5338,8,24693,3911,20782,0,0,0,1.0,1,1.0,1,1.0,1,0.24095243003582958,60
5339,9,24702,3911,20791,0,0,0,1.0,1,1.0,1,1.0,1,0.26782716273204404,60
5340,7,24709,3913,20796,0,0,0,1.0,1,1.0,1,1.0,1,0.2540645066087346,60
5341,13,24722,3913,20809,0,0,0,1.0,1,1.0,1,1.0,1,0.14877083524655926,61
5342,5,24727,3914,20813,0,0,0,1.0,1,1.0,1,1.0,1,0.16128786341850052,59
5343,5,24732,3915,20817,0,0,0,1.0,1,1.0,1,1.0,1,0.12653514645493708,58
5344,4,24736,3916,20820,0,0,0,1.0,1,1.0,1,1.0,1,0.12544708065792165,58
5345,3,24739,3917,20822,0,0,0,1.0,1,1.0,1,1.0,1,0.09010426503684811,54
5346,1,24740,3918,20822,0,0,0,1.0,1,1.0,1,1.0,1,0.0878575977590885,54
5347,5,24745,3921,20824,0,0,0,1.0,1,1.0,1,1.0,1,0.08963193838234931,54
5348,2,24747,3922,20825,0,0,0,1.0,1,1.0,1,1.0,1,0.09885934046104078,55
5349,7,24754,3924,20830,0,0,0,1.0,1,1.0,1,1.0,1,0.12415726988321653,56
5350,7,24761,3925,20836,0,0,0,1.0,1,1.0,1,1.0,1,0.15226132569808623,56
5351,5,24766,3926,20840,0,0,0,1.0,1,1.0,1,1.0,1,0.12504319577874345,57
5352,9,24775,3927,20848,0,0,0,1.0,1,1.0,1,1.0,1,0.13503099177895322,57
5353,6,24781,3927,20854,0,0,0,1.0,1,1.0,1,1.0,1,0.16214084207493576,57
5354,7,24788,3928,20860,0,0,0,1.0,1,1.0,1,1.0,1,0.14874044298315447,56
5355,7,24795,3928,20867,0,0,0,1.0,1,1.0,1,1.0,1,0.13783025735922366,57
5356,5,24800,3928,20872,0,0,0,1.0,1,1.0,1,1.0,1,0.13400789570087582,56
5357,6,24806,3928,20878,0,0,0,1.0,1,1.0,1,1.0,1,0.16860481832040589,56
5358,5,24811,3928,20883,0,0,0,1.0,1,1.0,1,1.0,1,0.15596165302594872,57
5359,5,24816,3928,20888,0,0,0,1.0,1,1.0,1,1.0,1,0.14202244922255786,57
5360,4,24820,3928,20892,0,0,0,1.0,1,1.0,1,1.0,1,0.1532674527027935,55
5361,6,24826,3930,20896,0,0,0,1.0,1,1.0,1,1.0,1,0.15348975479400612,56
5362,2,24828,3931,20897,0,0,0,1.0,1,1.0,1,1.0,1,0.14877333651080574,57
5363,0,24828,3931,20897,0,0,0,1.0,1,1.0,1,1.0,1,0.14877333651080574,57
5364,2,24830,3931,20899,0,0,0,1.0,1,1.0,1,1.0,1,0.16001660318389302,58
5365,4,24834,3931,20903,0,0,0,1.0,1,1.0,1,1.0,1,0.12050806862214229,59
5366,5,24839,3933,20906,0,0,0,1.0,1,1.0,1,1.0,1,0.13124951263795645,60
5367,1,24840,3933,20907,0,0,0,1.0,1,1.0,1,1.0,1,0.1277049293118813,60
5368,3,24843,3934,20909,0,0,0,1.0,1,1.0,1,1.0,1,0.15532704632104824,58
5369,3,24846,3934,20912,0,0,0,1.0,1,1.0,1,1.0,1,0.12124586776941391,58
5370,5,24851,3935,20916,0,0,0,1.0,1,1.0,1,1.0,1,0.18150757445202065,57
5371,11,24862,3938,20924,0,0,0,1.0,1,1.0,1,1.0,1,0.25556427765000483,56
5372,14,24876,3941,20935,0,0,0,1.0,1,1.0,1,1.0,1,0.27994800974220313,55
5373,12,24888,3944,20944,0,0,0,1.0,1,1.0,1,1.0,1,0.2816159534363935,54
5374,7,24895,3945,20950,0,0,0,1.0,1,1.0,1,1.0,1,0.2887629164104392,53
5375,10,24905,3946,20959,0,0,0,1.0,1,1.0,1,1.0,1,0.2757487735011556,52
5376,3,24908,3946,20962,0,0,0,1.0,1,1.0,1,1.0,1,0.2171419304169117,52
5377,7,24915,3947,20968,0,0,0,1.0,1,1.0,1,1.0,1,0.23858337255458745,51
5378,10,24925,3948,20977,0,0,0,1.0,1,1.0,1,1.0,1,0.26101057652046405,52
5379,9,24934,3949,20985,0,0,0,1.0,1,1.0,1,1.0,1,0.26645256450193217,50
5380,9,24943,3950,20993,0,0,0,1.0,1,1.0,1,1.0,1,0.2655478021192196,51
5381,8,24951,3950,21001,0,0,0,1.0,1,1.0,1,1.0,1,0.11942887293154365,50
5382,2,24953,3951,21002,0,0,0,1.0,1,1.0,1,1.0,1,0.16591769265061523,48
5383,6,24959,3951,21008,0,0,0,1.0,1,1.0,1,1.0,1,0.0944242954953364,48
5384,4,24963,3951,21012,0,0,0,1.0,1,1.0,1,1.0,1,0.0944242954953364,48
5385,0,24963,3951,21012,0,0,0,1.0,1,1.0,1,1.0,1,0.10548056837583047,47
5386,2,24965,3952,21013,0,0,0,1.0,1,1.0,1,1.0,1,0.12446502127096666,48
5387,2,24967,3953,21014,0,0,0,1.0,1,1.0,1,1.0,1,0.13798706095296334,48
5388,2,24969,3954,21015,0,0,0,1.0,1,1.0,1,1.0,1,0.14188691603772177,48
5389,2,24971,3955,21016,0,0,0,1.0,1,1.0,1,1.0,1,0.1042578010833805,50
5390,2,24973,3956,21017,0,0,0,1.0,1,1.0,1,1.0,1,0.12508112650637512,52
5391,1,24974,3957,21017,0,0,0,1.0,1,1.0,1,1.0,1,0.14341766629150238,52
5392,2,24976,3957,21019,0,0,0,1.0,1,1.0,1,1.0,1,0.15080446370253253,51
5393,1,24977,3958,21019,0,0,0,1.0,1,1.0,1,1.0,1,0.1490500935822785,50
5394,3,24980,3959,21021,0,0,0,1.0,1,1.0,1,1.0,1,0.16382027991002837,50
5395,2,24982,3961,21021,0,0,0,1.0,1,1.0,1,1.0,1,0.19164202179664186,49
5396,2,24984,3963,21021,0,0,0,1.0,1,1.0,1,1.0,1,0.22149477553767682,48
5397,3,24987,3965,21022,0,0,0,1.0,1,1.0,1,1.0,1,0.2253591205148361,48
5398,2,24989,3965,21024,0,0,0,1.0,1,1.0,1,1.0,1,0.20558124506180836,46
5399,3,24992,3966,21026,0,0,0,1.0,1,1.0,1,1.0,1,0.22125027810262438,46
5400,1,24993,3967,21026,0,0,0,1.0,1,1.0,1,1.0,1,0.18315017809143241,48
5401,6,24999,3967,21032,0,0,0,1.0,1,1.0,1,1.0,1,0.12549910072304896,49
5402,0,24999,3967,21032,0,0,0,1.0,1,1.0,1,1.0,1,0.0,0
