,SuccessfulHandoverCount,TotalSuccessfulHandoverCount,TotalSuccessfulHandoverCountRange,TotalSuccessfulHandoverCountLoadBalancing,TotalSuccessfulHandoverCountOverload,FailedHandoverCount,TotalFailedHandoverCount,AvgQoS,MinQoS,AvgQoS_LoadBased,MinQoS_LoadBased,AvgQoS_RangeBased,MinQoS_RangeBased,GiniLoad,VehicleCount
0,0,0,0,0,0,0,0,1.0,1,1.0,1,1.0,1,0.0,0
1,11,11,0,11,0,0,0,1.0,1,1.0,1,1.0,1,0.2655473127736556,26
2,9,20,0,20,0,0,0,1.0,1,1.0,1,1.0,1,0.16272431613789476,27
3,1,21,0,21,0,0,0,1.0,1,1.0,1,1.0,1,0.12596298732966632,28
4,0,21,0,21,0,0,0,1.0,1,1.0,1,1.0,1,0.14502730438640868,29
5,0,21,0,21,0,0,0,1.0,1,1.0,1,1.0,1,0.14502730438640868,29
6,0,21,0,21,0,0,0,1.0,1,1.0,1,1.0,1,0.14785495707961152,32
7,0,21,0,21,0,0,0,1.0,1,1.0,1,1.0,1,0.14694879182394557,33
8,0,21,0,21,0,0,0,1.0,1,1.0,1,1.0,1,0.17309719730490392,35
9,4,25,2,23,0,0,0,1.0,1,1.0,1,1.0,1,0.1846557308457549,35
10,0,25,2,23,0,0,0,1.0,1,1.0,1,1.0,1,0.18217139152977183,35
11,2,27,2,25,0,0,0,1.0,1,1.0,1,1.0,1,0.15903686664671396,35
12,3,30,5,25,0,0,0,1.0,1,1.0,1,1.0,1,0.19518781729657422,34
13,1,31,6,25,0,0,0,1.0,1,1.0,1,1.0,1,0.2786566379092112,32
14,1,32,7,25,0,0,0,1.0,1,1.0,1,1.0,1,0.262561734974417,31
15,1,33,7,26,0,0,0,1.0,1,1.0,1,1.0,1,0.27599024780876785,30
16,1,34,8,26,0,0,0,1.0,1,1.0,1,1.0,1,0.3279563868970217,30
17,2,36,8,28,0,0,0,1.0,1,1.0,1,1.0,1,0.2887970135322472,29
18,1,37,9,28,0,0,0,1.0,1,1.0,1,1.0,1,0.33442101299680765,29
19,0,37,9,28,0,0,0,1.0,1,1.0,1,1.0,1,0.31626720155919075,28
20,0,37,9,28,0,0,0,1.0,1,1.0,1,1.0,1,0.2991902055686469,28
21,1,38,9,29,0,0,0,1.0,1,1.0,1,1.0,1,0.2829731391389288,28
22,2,40,11,29,0,0,0,1.0,1,1.0,1,1.0,1,0.3396733437318045,28
23,2,42,13,29,0,0,0,1.0,1,1.0,1,1.0,1,0.38995735217117616,27
24,6,48,19,29,0,0,0,1.0,1,1.0,1,1.0,1,0.3767738067041284,28
25,5,53,21,32,0,0,0,1.0,1,1.0,1,1.0,1,0.2559274734200711,28
26,5,58,24,34,0,0,0,1.0,1,1.0,1,1.0,1,0.23803420461596023,30
27,3,61,25,36,0,0,0,1.0,1,1.0,1,1.0,1,0.19773053890019893,30
28,2,63,26,37,0,0,0,1.0,1,1.0,1,1.0,1,0.1736082649148749,31
29,2,65,26,39,0,0,0,1.0,1,1.0,1,1.0,1,0.0826386142496705,30
30,0,65,26,39,0,0,0,1.0,1,1.0,1,1.0,1,0.0826386142496705,30
31,0,65,26,39,0,0,0,1.0,1,1.0,1,1.0,1,0.10281872751311977,31
32,1,66,27,39,0,0,0,1.0,1,1.0,1,1.0,1,0.15997347656642297,31
33,2,68,29,39,0,0,0,1.0,1,1.0,1,1.0,1,0.1944756901331666,31
34,1,69,30,39,0,0,0,1.0,1,1.0,1,1.0,1,0.22487831054956417,29
35,0,69,30,39,0,0,0,1.0,1,1.0,1,1.0,1,0.20774862230245805,30
36,0,69,30,39,0,0,0,1.0,1,1.0,1,1.0,1,0.24740735767042826,30
37,0,69,30,39,0,0,0,1.0,1,1.0,1,1.0,1,0.2636545657036149,31
38,2,71,31,40,0,0,0,1.0,1,1.0,1,1.0,1,0.20947950081596575,32
39,0,71,31,40,0,0,0,1.0,1,1.0,1,1.0,1,0.22112677938351624,36
40,0,71,31,40,0,0,0,1.0,1,1.0,1,1.0,1,0.22874307252857615,37
41,0,71,31,40,0,0,0,1.0,1,1.0,1,1.0,1,0.22874307252857615,37
42,0,71,31,40,0,0,0,1.0,1,1.0,1,1.0,1,0.23933886820214392,38
43,7,78,33,45,0,0,0,1.0,1,1.0,1,1.0,1,0.2187610754934174,40
44,0,78,33,45,0,0,0,1.0,1,1.0,1,1.0,1,0.24828329004938282,39
45,3,81,34,47,0,0,0,1.0,1,1.0,1,1.0,1,0.24283384279724202,40
46,0,81,34,47,0,0,0,1.0,1,1.0,1,1.0,1,0.23115442439567782,39
47,2,83,35,48,0,0,0,1.0,1,1.0,1,1.0,1,0.19555395427719013,39
48,0,83,35,48,0,0,0,1.0,1,1.0,1,1.0,1,0.19555395427719013,39
49,0,83,35,48,0,0,0,1.0,1,1.0,1,1.0,1,0.18650335780714583,37
50,1,84,36,48,0,0,0,1.0,1,1.0,1,1.0,1,0.18347002468944973,35
51,0,84,36,48,0,0,0,1.0,1,1.0,1,1.0,1,0.18024962950280024,34
52,0,84,36,48,0,0,0,1.0,1,1.0,1,1.0,1,0.2094319871419909,34
53,0,84,36,48,0,0,0,1.0,1,1.0,1,1.0,1,0.21065268942523707,35
54,0,84,36,48,0,0,0,1.0,1,1.0,1,1.0,1,0.226781336436427,36
55,1,85,37,48,0,0,0,1.0,1,1.0,1,1.0,1,0.23468364998136926,36
56,3,88,40,48,0,0,0,1.0,1,1.0,1,1.0,1,0.2513427606947745,36
57,1,89,40,49,0,0,0,1.0,1,1.0,1,1.0,1,0.2524109185072924,37
58,2,91,42,49,0,0,0,1.0,1,1.0,1,1.0,1,0.2840632206634598,38
59,0,91,42,49,0,0,0,1.0,1,1.0,1,1.0,1,0.29743456763847315,37
60,2,93,43,50,0,0,0,1.0,1,1.0,1,1.0,1,0.2668536902239353,38
61,2,95,44,51,0,0,0,1.0,1,1.0,1,1.0,1,0.2735561590030565,37
62,2,97,45,52,0,0,0,1.0,1,1.0,1,1.0,1,0.27634067180293465,39
63,2,99,46,53,0,0,0,1.0,1,1.0,1,1.0,1,0.28958613614476814,39
64,1,100,47,53,0,0,0,1.0,1,1.0,1,1.0,1,0.30211435255981495,38
65,2,102,48,54,0,0,0,1.0,1,1.0,1,1.0,1,0.25315477478815357,39
66,2,104,50,54,0,0,0,1.0,1,1.0,1,1.0,1,0.29815937534797754,39
67,2,106,50,56,0,0,0,1.0,1,1.0,1,1.0,1,0.23399250406254693,36
68,0,106,50,56,0,0,0,1.0,1,1.0,1,1.0,1,0.2732034533214615,36
69,0,106,50,56,0,0,0,1.0,1,1.0,1,1.0,1,0.27799069477357014,37
70,1,107,50,57,0,0,0,1.0,1,1.0,1,1.0,1,0.2741700813712213,36
71,0,107,50,57,0,0,0,1.0,1,1.0,1,1.0,1,0.28332074327792767,38
72,1,108,51,57,0,0,0,1.0,1,1.0,1,1.0,1,0.3241394831056892,38
73,2,110,52,58,0,0,0,1.0,1,1.0,1,1.0,1,0.28341313276666497,37
74,1,111,53,58,0,0,0,1.0,1,1.0,1,1.0,1,0.30018690911324986,38
75,1,112,54,58,0,0,0,1.0,1,1.0,1,1.0,1,0.29558818538375786,38
76,1,113,55,58,0,0,0,1.0,1,1.0,1,1.0,1,0.3163971266803983,39
77,2,115,55,60,0,0,0,1.0,1,1.0,1,1.0,1,0.2707058113864993,40
78,1,116,55,61,0,0,0,1.0,1,1.0,1,1.0,1,0.24084386613548112,41
79,0,116,55,61,0,0,0,1.0,1,1.0,1,1.0,1,0.24084386613548112,41
80,0,116,55,61,0,0,0,1.0,1,1.0,1,1.0,1,0.24084386613548112,41
81,2,118,56,62,0,0,0,1.0,1,1.0,1,1.0,1,0.24462942524533585,41
82,1,119,56,63,0,0,0,1.0,1,1.0,1,1.0,1,0.23932682468041705,44
83,0,119,56,63,0,0,0,1.0,1,1.0,1,1.0,1,0.23932682468041705,44
84,0,119,56,63,0,0,0,1.0,1,1.0,1,1.0,1,0.2343661778005734,45
85,1,120,57,63,0,0,0,1.0,1,1.0,1,1.0,1,0.2415911391149678,45
86,0,120,57,63,0,0,0,1.0,1,1.0,1,1.0,1,0.2415911391149678,45
87,1,121,58,63,0,0,0,1.0,1,1.0,1,1.0,1,0.2831270799584631,44
88,1,122,59,63,0,0,0,1.0,1,1.0,1,1.0,1,0.29434433121214154,44
89,0,122,59,63,0,0,0,1.0,1,1.0,1,1.0,1,0.3008013978068385,43
90,1,123,59,64,0,0,0,1.0,1,1.0,1,1.0,1,0.3106140119530693,44
91,1,124,60,64,0,0,0,1.0,1,1.0,1,1.0,1,0.3360944680706624,44
92,0,124,60,64,0,0,0,1.0,1,1.0,1,1.0,1,0.32476673022690916,43
93,3,127,60,67,0,0,0,1.0,1,1.0,1,1.0,1,0.29971733182937565,44
94,2,129,62,67,0,0,0,1.0,1,1.0,1,1.0,1,0.3156429059108516,44
95,3,132,62,70,0,0,0,1.0,1,1.0,1,1.0,1,0.24641512383625072,43
96,1,133,62,71,0,0,0,1.0,1,1.0,1,1.0,1,0.25110228878240504,44
97,0,133,62,71,0,0,0,1.0,1,1.0,1,1.0,1,0.25110228878240504,44
98,0,133,62,71,0,0,0,1.0,1,1.0,1,1.0,1,0.272341357638823,43
99,0,133,62,71,0,0,0,1.0,1,1.0,1,1.0,1,0.272341357638823,43
100,3,136,62,74,0,0,0,1.0,1,1.0,1,1.0,1,0.2487497644225187,47
101,1,137,62,75,0,0,0,1.0,1,1.0,1,1.0,1,0.22743659622515752,47
102,1,138,63,75,0,0,0,1.0,1,1.0,1,1.0,1,0.24420283545900698,47
103,2,140,65,75,0,0,0,1.0,1,1.0,1,1.0,1,0.23715788278540204,46
104,3,143,68,75,0,0,0,1.0,1,1.0,1,1.0,1,0.2755016771649657,45
105,5,148,70,78,0,0,0,1.0,1,1.0,1,1.0,1,0.24368778520841192,44
106,3,151,72,79,0,0,0,1.0,1,1.0,1,1.0,1,0.26554539928129023,45
107,3,154,74,80,0,0,0,1.0,1,1.0,1,1.0,1,0.2673564469609974,44
108,1,155,74,81,0,0,0,1.0,1,1.0,1,1.0,1,0.23745092960957076,46
109,3,158,75,83,0,0,0,1.0,1,1.0,1,1.0,1,0.19872655701824876,46
110,2,160,76,84,0,0,0,1.0,1,1.0,1,1.0,1,0.18184963296052065,46
111,3,163,78,85,0,0,0,1.0,1,1.0,1,1.0,1,0.18956958389590423,46
112,3,166,81,85,0,0,0,1.0,1,1.0,1,1.0,1,0.19289528270611125,46
113,1,167,81,86,0,0,0,1.0,1,1.0,1,1.0,1,0.15950981961697916,46
114,4,171,85,86,0,0,0,1.0,1,1.0,1,1.0,1,0.1466973721319831,46
115,2,173,86,87,0,0,0,1.0,1,1.0,1,1.0,1,0.18216600947600195,47
116,0,173,86,87,0,0,0,1.0,1,1.0,1,1.0,1,0.18216600947600195,47
117,1,174,86,88,0,0,0,1.0,1,1.0,1,1.0,1,0.15435735652371713,45
118,1,175,87,88,0,0,0,1.0,1,1.0,1,1.0,1,0.17273985269752742,46
119,1,176,87,89,0,0,0,1.0,1,1.0,1,1.0,1,0.1507386141461125,46
120,0,176,87,89,0,0,0,1.0,1,1.0,1,1.0,1,0.1525831865844896,47
121,1,177,88,89,0,0,0,1.0,1,1.0,1,1.0,1,0.15008770520245746,46
122,0,177,88,89,0,0,0,1.0,1,1.0,1,1.0,1,0.15008770520245746,46
123,0,177,88,89,0,0,0,1.0,1,1.0,1,1.0,1,0.1708569977113857,45
124,0,177,88,89,0,0,0,1.0,1,1.0,1,1.0,1,0.17176529597865053,46
125,1,178,89,89,0,0,0,1.0,1,1.0,1,1.0,1,0.18732173570943053,44
126,0,178,89,89,0,0,0,1.0,1,1.0,1,1.0,1,0.19828692397548675,45
127,3,181,89,92,0,0,0,1.0,1,1.0,1,1.0,1,0.1592635985708602,45
128,1,182,89,93,0,0,0,1.0,1,1.0,1,1.0,1,0.16017286711783793,46
129,3,185,92,93,0,0,0,1.0,1,1.0,1,1.0,1,0.20247635268291825,48
130,2,187,92,95,0,0,0,1.0,1,1.0,1,1.0,1,0.1534348044815739,48
131,1,188,92,96,0,0,0,1.0,1,1.0,1,1.0,1,0.14359326545236223,49
132,3,191,94,97,0,0,0,1.0,1,1.0,1,1.0,1,0.2034925991884626,51
133,3,194,96,98,0,0,0,1.0,1,1.0,1,1.0,1,0.15606064860485822,49
134,3,197,98,99,0,0,0,1.0,1,1.0,1,1.0,1,0.1480097144462063,49
135,1,198,98,100,0,0,0,1.0,1,1.0,1,1.0,1,0.1659532316783646,49
136,6,204,104,100,0,0,0,1.0,1,1.0,1,1.0,1,0.16128577339871839,48
137,1,205,104,101,0,0,0,1.0,1,1.0,1,1.0,1,0.1539031050211143,47
138,4,209,106,103,0,0,0,1.0,1,1.0,1,1.0,1,0.10832068839858976,48
139,1,210,107,103,0,0,0,1.0,1,1.0,1,1.0,1,0.15312861656759635,48
140,3,213,109,104,0,0,0,1.0,1,1.0,1,1.0,1,0.17365861487679068,49
141,2,215,110,105,0,0,0,1.0,1,1.0,1,1.0,1,0.1689903725785988,49
142,1,216,111,105,0,0,0,1.0,1,1.0,1,1.0,1,0.15772710788159924,49
143,3,219,113,106,0,0,0,1.0,1,1.0,1,1.0,1,0.15626374313278,47
144,3,222,115,107,0,0,0,1.0,1,1.0,1,1.0,1,0.1671888438661432,46
145,2,224,116,108,0,0,0,1.0,1,1.0,1,1.0,1,0.16714099284435702,44
146,2,226,117,109,0,0,0,1.0,1,1.0,1,1.0,1,0.1860773530640532,44
147,1,227,118,109,0,0,0,1.0,1,1.0,1,1.0,1,0.22662989510716278,43
148,0,227,118,109,0,0,0,1.0,1,1.0,1,1.0,1,0.20609794311241947,43
149,2,229,119,110,0,0,0,1.0,1,1.0,1,1.0,1,0.16049329767835396,43
150,0,229,119,110,0,0,0,1.0,1,1.0,1,1.0,1,0.14918881343899199,42
151,1,230,120,110,0,0,0,1.0,1,1.0,1,1.0,1,0.1844014334329194,42
152,0,230,120,110,0,0,0,1.0,1,1.0,1,1.0,1,0.1844014334329194,42
153,0,230,120,110,0,0,0,1.0,1,1.0,1,1.0,1,0.19937320218718224,42
154,2,232,122,110,0,0,0,1.0,1,1.0,1,1.0,1,0.2836192280855488,43
155,3,235,122,113,0,0,0,1.0,1,1.0,1,1.0,1,0.21694077477463977,43
156,1,236,123,113,0,0,0,1.0,1,1.0,1,1.0,1,0.24509600411234642,42
157,3,239,123,116,0,0,0,1.0,1,1.0,1,1.0,1,0.19300356966510576,41
158,1,240,123,117,0,0,0,1.0,1,1.0,1,1.0,1,0.17663507844665394,42
159,0,240,123,117,0,0,0,1.0,1,1.0,1,1.0,1,0.19148363268894647,43
160,5,245,127,118,0,0,0,1.0,1,1.0,1,1.0,1,0.2615499749520062,44
161,5,250,128,122,0,0,0,1.0,1,1.0,1,1.0,1,0.1810483278090065,44
162,2,252,129,123,0,0,0,1.0,1,1.0,1,1.0,1,0.19370861846685924,45
163,4,256,132,124,0,0,0,1.0,1,1.0,1,1.0,1,0.20955808089637964,43
164,0,256,132,124,0,0,0,1.0,1,1.0,1,1.0,1,0.20064081640269474,42
165,6,262,136,126,0,0,0,1.0,1,1.0,1,1.0,1,0.20557059854794413,42
166,0,262,136,126,0,0,0,1.0,1,1.0,1,1.0,1,0.210949000131549,42
167,1,263,137,126,0,0,0,1.0,1,1.0,1,1.0,1,0.20102746328623486,41
168,0,263,137,126,0,0,0,1.0,1,1.0,1,1.0,1,0.1858167972196752,40
169,1,264,138,126,0,0,0,1.0,1,1.0,1,1.0,1,0.16850595819340605,40
170,0,264,138,126,0,0,0,1.0,1,1.0,1,1.0,1,0.14196805443303936,38
171,2,266,140,126,0,0,0,1.0,1,1.0,1,1.0,1,0.17567153082047723,37
172,3,269,143,126,0,0,0,1.0,1,1.0,1,1.0,1,0.2761212965047877,35
173,5,274,145,129,0,0,0,1.0,1,1.0,1,1.0,1,0.3093574445616794,36
174,2,276,146,130,0,0,0,1.0,1,1.0,1,1.0,1,0.2220909189744802,34
175,1,277,146,131,0,0,0,1.0,1,1.0,1,1.0,1,0.2138097554258437,33
176,0,277,146,131,0,0,0,1.0,1,1.0,1,1.0,1,0.2105075265391229,34
177,3,280,147,133,0,0,0,1.0,1,1.0,1,1.0,1,0.2112121506050645,36
178,1,281,147,134,0,0,0,1.0,1,1.0,1,1.0,1,0.20807680175377383,37
179,0,281,147,134,0,0,0,1.0,1,1.0,1,1.0,1,0.20807680175377383,37
180,0,281,147,134,0,0,0,1.0,1,1.0,1,1.0,1,0.22403324091676777,36
181,0,281,147,134,0,0,0,1.0,1,1.0,1,1.0,1,0.22403324091676777,36
182,4,285,149,136,0,0,0,1.0,1,1.0,1,1.0,1,0.23527848473530294,38
183,1,286,150,136,0,0,0,1.0,1,1.0,1,1.0,1,0.23639642207045905,37
184,1,287,151,136,0,0,0,1.0,1,1.0,1,1.0,1,0.27185212249536006,36
185,0,287,151,136,0,0,0,1.0,1,1.0,1,1.0,1,0.25743292513928057,35
186,3,290,152,138,0,0,0,1.0,1,1.0,1,1.0,1,0.2485886095215055,34
187,2,292,154,138,0,0,0,1.0,1,1.0,1,1.0,1,0.2904630669027092,33
188,2,294,155,139,0,0,0,1.0,1,1.0,1,1.0,1,0.2723125868696862,33
189,4,298,158,140,0,0,0,1.0,1,1.0,1,1.0,1,0.30565534285861357,33
190,1,299,158,141,0,0,0,1.0,1,1.0,1,1.0,1,0.29807706922858207,32
191,3,302,159,143,0,0,0,1.0,1,1.0,1,1.0,1,0.26686432319878606,34
192,1,303,159,144,0,0,0,1.0,1,1.0,1,1.0,1,0.2579784767149369,34
193,0,303,159,144,0,0,0,1.0,1,1.0,1,1.0,1,0.24669306508332034,35
194,4,307,160,147,0,0,0,1.0,1,1.0,1,1.0,1,0.21834679186294864,37
195,1,308,160,148,0,0,0,1.0,1,1.0,1,1.0,1,0.21260957391435703,36
196,1,309,160,149,0,0,0,1.0,1,1.0,1,1.0,1,0.16619569254458,36
197,2,311,161,150,0,0,0,1.0,1,1.0,1,1.0,1,0.18457038288730457,37
198,0,311,161,150,0,0,0,1.0,1,1.0,1,1.0,1,0.18457038288730457,37
199,1,312,162,150,0,0,0,1.0,1,1.0,1,1.0,1,0.19767922325867682,37
200,1,313,162,151,0,0,0,1.0,1,1.0,1,1.0,1,0.1846312694986162,37
201,0,313,162,151,0,0,0,1.0,1,1.0,1,1.0,1,0.16364813236510456,36
202,1,314,163,151,0,0,0,1.0,1,1.0,1,1.0,1,0.15922841621182274,36
203,2,316,165,151,0,0,0,1.0,1,1.0,1,1.0,1,0.12627976897588966,35
204,2,318,167,151,0,0,0,1.0,1,1.0,1,1.0,1,0.24634891484091384,35
205,3,321,169,152,0,0,0,1.0,1,1.0,1,1.0,1,0.24424190494447048,35
206,2,323,171,152,0,0,0,1.0,1,1.0,1,1.0,1,0.3323303435064792,34
207,4,327,171,156,0,0,0,1.0,1,1.0,1,1.0,1,0.259772658317774,34
208,1,328,171,157,0,0,0,1.0,1,1.0,1,1.0,1,0.2153303307778752,33
209,0,328,171,157,0,0,0,1.0,1,1.0,1,1.0,1,0.2561491049197501,33
210,2,330,173,157,0,0,0,1.0,1,1.0,1,1.0,1,0.2982042820603967,34
211,2,332,174,158,0,0,0,1.0,1,1.0,1,1.0,1,0.343405332141907,33
212,1,333,174,159,0,0,0,1.0,1,1.0,1,1.0,1,0.29345264338931554,33
213,2,335,174,161,0,0,0,1.0,1,1.0,1,1.0,1,0.279642616799355,35
214,2,337,174,163,0,0,0,1.0,1,1.0,1,1.0,1,0.23073295456851453,34
215,1,338,175,163,0,0,0,1.0,1,1.0,1,1.0,1,0.24759257759602438,35
216,2,340,176,164,0,0,0,1.0,1,1.0,1,1.0,1,0.2633072455427034,36
217,3,343,177,166,0,0,0,1.0,1,1.0,1,1.0,1,0.2503046283754421,36
218,6,349,180,169,0,0,0,1.0,1,1.0,1,1.0,1,0.27917096017177406,36
219,5,354,180,174,0,0,0,1.0,1,1.0,1,1.0,1,0.17112992702370408,37
220,0,354,180,174,0,0,0,1.0,1,1.0,1,1.0,1,0.1900529062438532,38
221,0,354,180,174,0,0,0,1.0,1,1.0,1,1.0,1,0.1954342695946691,37
222,1,355,181,174,0,0,0,1.0,1,1.0,1,1.0,1,0.22110937943418923,38
223,4,359,183,176,0,0,0,1.0,1,1.0,1,1.0,1,0.23963383534180246,38
224,3,362,184,178,0,0,0,1.0,1,1.0,1,1.0,1,0.19587641120879015,38
225,1,363,185,178,0,0,0,1.0,1,1.0,1,1.0,1,0.20416962069276356,36
226,4,367,186,181,0,0,0,1.0,1,1.0,1,1.0,1,0.16721251171698123,37
227,2,369,187,182,0,0,0,1.0,1,1.0,1,1.0,1,0.19615462129831274,35
228,1,370,188,182,0,0,0,1.0,1,1.0,1,1.0,1,0.16666304866386583,35
229,2,372,189,183,0,0,0,1.0,1,1.0,1,1.0,1,0.21032102308769832,35
230,3,375,192,183,0,0,0,1.0,1,1.0,1,1.0,1,0.2520957049945114,35
231,6,381,194,187,0,0,0,1.0,1,1.0,1,1.0,1,0.09693320651010028,35
232,3,384,196,188,0,0,0,1.0,1,1.0,1,1.0,1,0.14517752266260645,36
233,2,386,196,190,0,0,0,1.0,1,1.0,1,1.0,1,0.0879637934164886,36
234,2,388,197,191,0,0,0,1.0,1,1.0,1,1.0,1,0.12358688626154768,34
235,1,389,198,191,0,0,0,1.0,1,1.0,1,1.0,1,0.15544572735413364,33
236,0,389,198,191,0,0,0,1.0,1,1.0,1,1.0,1,0.15343356722881757,31
237,0,389,198,191,0,0,0,1.0,1,1.0,1,1.0,1,0.17668171978109903,32
238,1,390,199,191,0,0,0,1.0,1,1.0,1,1.0,1,0.21952673197632042,31
239,2,392,201,191,0,0,0,1.0,1,1.0,1,1.0,1,0.22889073497873183,30
240,1,393,202,191,0,0,0,1.0,1,1.0,1,1.0,1,0.27679295476540433,27
241,1,394,203,191,0,0,0,1.0,1,1.0,1,1.0,1,0.2942139264229659,27
242,1,395,203,192,0,0,0,1.0,1,1.0,1,1.0,1,0.3006626500858935,28
243,1,396,203,193,0,0,0,1.0,1,1.0,1,1.0,1,0.26551036542572315,28
244,1,397,204,193,0,0,0,1.0,1,1.0,1,1.0,1,0.28192759143464585,27
245,1,398,205,193,0,0,0,1.0,1,1.0,1,1.0,1,0.31599502887249126,27
246,3,401,207,194,0,0,0,1.0,1,1.0,1,1.0,1,0.2981737567162094,25
247,0,401,207,194,0,0,0,1.0,1,1.0,1,1.0,1,0.27604612272878926,24
248,1,402,207,195,0,0,0,1.0,1,1.0,1,1.0,1,0.2419580666610681,24
249,0,402,207,195,0,0,0,1.0,1,1.0,1,1.0,1,0.2649930264207375,25
250,1,403,207,196,0,0,0,1.0,1,1.0,1,1.0,1,0.24087767707993019,27
251,2,405,208,197,0,0,0,1.0,1,1.0,1,1.0,1,0.24770764376803747,27
252,1,406,208,198,0,0,0,1.0,1,1.0,1,1.0,1,0.20261221735347745,27
253,2,408,210,198,0,0,0,1.0,1,1.0,1,1.0,1,0.2833298944203868,29
254,2,410,211,199,0,0,0,1.0,1,1.0,1,1.0,1,0.2523520065893443,30
255,1,411,211,200,0,0,0,1.0,1,1.0,1,1.0,1,0.25036310979974175,31
256,1,412,212,200,0,0,0,1.0,1,1.0,1,1.0,1,0.24939521561820838,31
257,0,412,212,200,0,0,0,1.0,1,1.0,1,1.0,1,0.2613349683283132,33
258,2,414,213,201,0,0,0,1.0,1,1.0,1,1.0,1,0.2321938827771593,33
259,1,415,214,201,0,0,0,1.0,1,1.0,1,1.0,1,0.23792078768811434,33
260,2,417,216,201,0,0,0,1.0,1,1.0,1,1.0,1,0.31085174812338734,35
261,5,422,217,205,0,0,0,1.0,1,1.0,1,1.0,1,0.23558022929340966,35
262,1,423,218,205,0,0,0,1.0,1,1.0,1,1.0,1,0.26945595103578374,35
263,1,424,219,205,0,0,0,1.0,1,1.0,1,1.0,1,0.3040834774543276,34
264,1,425,220,205,0,0,0,1.0,1,1.0,1,1.0,1,0.36139987648594046,32
265,2,427,222,205,0,0,0,1.0,1,1.0,1,1.0,1,0.3039499971918404,30
266,2,429,224,205,0,0,0,1.0,1,1.0,1,1.0,1,0.30150327589887005,31
267,2,431,226,205,0,0,0,1.0,1,1.0,1,1.0,1,0.29091028468823943,30
268,2,433,227,206,0,0,0,1.0,1,1.0,1,1.0,1,0.2922707868934309,31
269,2,435,228,207,0,0,0,1.0,1,1.0,1,1.0,1,0.28705995101778853,31
270,2,437,230,207,0,0,0,1.0,1,1.0,1,1.0,1,0.3736168778939618,32
271,2,439,231,208,0,0,0,1.0,1,1.0,1,1.0,1,0.36994814689136035,31
272,1,440,232,208,0,0,0,1.0,1,1.0,1,1.0,1,0.4623128710553266,32
273,1,441,232,209,0,0,0,1.0,1,1.0,1,1.0,1,0.44057560205265545,32
274,1,442,232,210,0,0,0,1.0,1,1.0,1,1.0,1,0.4249211852115343,32
275,1,443,232,211,0,0,0,1.0,1,1.0,1,1.0,1,0.3732466406609084,33
276,3,446,233,213,0,0,0,1.0,1,1.0,1,1.0,1,0.37446378210840303,34
277,2,448,235,213,0,0,0,1.0,1,1.0,1,1.0,1,0.3336327641140608,32
278,0,448,235,213,0,0,0,1.0,1,1.0,1,1.0,1,0.3145182711561951,31
279,0,448,235,213,0,0,0,1.0,1,1.0,1,1.0,1,0.3262101666567,31
280,2,450,235,215,0,0,0,1.0,1,1.0,1,1.0,1,0.3009154509007759,30
281,2,452,236,216,0,0,0,1.0,1,1.0,1,1.0,1,0.2883815755558224,31
282,1,453,236,217,0,0,0,1.0,1,1.0,1,1.0,1,0.21867974971098122,30
283,1,454,237,217,0,0,0,1.0,1,1.0,1,1.0,1,0.2667669864067609,31
284,2,456,238,218,0,0,0,1.0,1,1.0,1,1.0,1,0.26292201433586915,31
285,2,458,239,219,0,0,0,1.0,1,1.0,1,1.0,1,0.3105787692470973,31
286,0,458,239,219,0,0,0,1.0,1,1.0,1,1.0,1,0.3105787692470973,31
287,4,462,241,221,0,0,0,1.0,1,1.0,1,1.0,1,0.2971431129914137,33
288,0,462,241,221,0,0,0,1.0,1,1.0,1,1.0,1,0.2843338086586863,32
289,1,463,241,222,0,0,0,1.0,1,1.0,1,1.0,1,0.26107244678074826,32
290,1,464,241,223,0,0,0,1.0,1,1.0,1,1.0,1,0.24394411820215814,31
291,0,464,241,223,0,0,0,1.0,1,1.0,1,1.0,1,0.23068175338128555,30
292,0,464,241,223,0,0,0,1.0,1,1.0,1,1.0,1,0.21495276976003796,32
293,0,464,241,223,0,0,0,1.0,1,1.0,1,1.0,1,0.21495276976003796,32
294,0,464,241,223,0,0,0,1.0,1,1.0,1,1.0,1,0.21495276976003796,32
295,1,465,242,223,0,0,0,1.0,1,1.0,1,1.0,1,0.2137291401385582,34
296,1,466,243,223,0,0,0,1.0,1,1.0,1,1.0,1,0.1919445405475946,34
297,1,467,243,224,0,0,0,1.0,1,1.0,1,1.0,1,0.1717211051943194,34
298,0,467,243,224,0,0,0,1.0,1,1.0,1,1.0,1,0.18774592569353923,35
299,1,468,244,224,0,0,0,1.0,1,1.0,1,1.0,1,0.23406314824862737,35
300,2,470,245,225,0,0,0,1.0,1,1.0,1,1.0,1,0.23977563952994765,35
301,3,473,245,228,0,0,0,1.0,1,1.0,1,1.0,1,0.22816203146719044,38
302,2,475,247,228,0,0,0,1.0,1,1.0,1,1.0,1,0.2426632357120898,38
303,2,477,249,228,0,0,0,1.0,1,1.0,1,1.0,1,0.27789080668723387,37
304,1,478,250,228,0,0,0,1.0,1,1.0,1,1.0,1,0.31896360702725374,37
305,3,481,252,229,0,0,0,1.0,1,1.0,1,1.0,1,0.36334763840484746,36
306,3,484,252,232,0,0,0,1.0,1,1.0,1,1.0,1,0.30982113894050356,36
307,2,486,252,234,0,0,0,1.0,1,1.0,1,1.0,1,0.265975400232443,35
308,1,487,252,235,0,0,0,1.0,1,1.0,1,1.0,1,0.22377297057544604,37
309,0,487,252,235,0,0,0,1.0,1,1.0,1,1.0,1,0.22377297057544604,37
310,0,487,252,235,0,0,0,1.0,1,1.0,1,1.0,1,0.22377297057544604,37
311,1,488,252,236,0,0,0,1.0,1,1.0,1,1.0,1,0.19609409000432626,39
312,1,489,253,236,0,0,0,1.0,1,1.0,1,1.0,1,0.22612799876383471,40
313,0,489,253,236,0,0,0,1.0,1,1.0,1,1.0,1,0.21207911998267495,39
314,0,489,253,236,0,0,0,1.0,1,1.0,1,1.0,1,0.22393461407074702,40
315,2,491,255,236,0,0,0,1.0,1,1.0,1,1.0,1,0.3081667230176853,39
316,1,492,255,237,0,0,0,1.0,1,1.0,1,1.0,1,0.28325254338425554,39
317,2,494,255,239,0,0,0,1.0,1,1.0,1,1.0,1,0.24409309128444137,40
318,1,495,255,240,0,0,0,1.0,1,1.0,1,1.0,1,0.2222368741041485,41
319,0,495,255,240,0,0,0,1.0,1,1.0,1,1.0,1,0.2505342596431888,41
320,2,497,256,241,0,0,0,1.0,1,1.0,1,1.0,1,0.2530158745277422,41
321,0,497,256,241,0,0,0,1.0,1,1.0,1,1.0,1,0.2530158745277422,41
322,2,499,258,241,0,0,0,1.0,1,1.0,1,1.0,1,0.256144994227356,41
323,1,500,258,242,0,0,0,1.0,1,1.0,1,1.0,1,0.22368205495327576,41
324,4,504,260,244,0,0,0,1.0,1,1.0,1,1.0,1,0.23475139191712932,42
325,2,506,261,245,0,0,0,1.0,1,1.0,1,1.0,1,0.23615575809735234,42
326,2,508,262,246,0,0,0,1.0,1,1.0,1,1.0,1,0.26111470219774296,42
327,2,510,262,248,0,0,0,1.0,1,1.0,1,1.0,1,0.23264491204518123,42
328,2,512,262,250,0,0,0,1.0,1,1.0,1,1.0,1,0.21794431435851574,43
329,1,513,262,251,0,0,0,1.0,1,1.0,1,1.0,1,0.21095779441659318,43
330,1,514,262,252,0,0,0,1.0,1,1.0,1,1.0,1,0.19704805973957798,45
331,2,516,262,254,0,0,0,1.0,1,1.0,1,1.0,1,0.1502666799461339,45
332,0,516,262,254,0,0,0,1.0,1,1.0,1,1.0,1,0.15892803892306243,45
333,0,516,262,254,0,0,0,1.0,1,1.0,1,1.0,1,0.1633000463880328,46
334,0,516,262,254,0,0,0,1.0,1,1.0,1,1.0,1,0.1587075309973259,48
335,0,516,262,254,0,0,0,1.0,1,1.0,1,1.0,1,0.1587075309973259,48
336,2,518,263,255,0,0,0,1.0,1,1.0,1,1.0,1,0.1319866467646968,48
337,0,518,263,255,0,0,0,1.0,1,1.0,1,1.0,1,0.14543123957906423,49
338,0,518,263,255,0,0,0,1.0,1,1.0,1,1.0,1,0.16129661067777704,50
339,0,518,263,255,0,0,0,1.0,1,1.0,1,1.0,1,0.16129661067777704,50
340,0,518,263,255,0,0,0,1.0,1,1.0,1,1.0,1,0.16129661067777704,50
341,0,518,263,255,0,0,0,1.0,1,1.0,1,1.0,1,0.1638521404813413,51
342,2,520,264,256,0,0,0,1.0,1,1.0,1,1.0,1,0.16819252253477945,51
343,1,521,264,257,0,0,0,1.0,1,1.0,1,1.0,1,0.15938440930414705,51
344,1,522,264,258,0,0,0,1.0,1,1.0,1,1.0,1,0.13086245260201626,50
345,2,524,265,259,0,0,0,1.0,1,1.0,1,1.0,1,0.13643948766306144,51
346,1,525,266,259,0,0,0,1.0,1,1.0,1,1.0,1,0.20221862520967807,51
347,6,531,269,262,0,0,0,1.0,1,1.0,1,1.0,1,0.1454987968073094,51
348,3,534,271,263,0,0,0,1.0,1,1.0,1,1.0,1,0.1952210489639591,53
349,2,536,271,265,0,0,0,1.0,1,1.0,1,1.0,1,0.15218680716734903,55
350,0,536,271,265,0,0,0,1.0,1,1.0,1,1.0,1,0.17233207588049904,54
351,4,540,273,267,0,0,0,1.0,1,1.0,1,1.0,1,0.17514845578728283,54
352,3,543,274,269,0,0,0,1.0,1,1.0,1,1.0,1,0.17411178024809013,53
353,2,545,275,270,0,0,0,1.0,1,1.0,1,1.0,1,0.19518329678987528,53
354,0,545,275,270,0,0,0,1.0,1,1.0,1,1.0,1,0.18423842446244704,50
355,1,546,275,271,0,0,0,1.0,1,1.0,1,1.0,1,0.1877054067064792,51
356,2,548,276,272,0,0,0,1.0,1,1.0,1,1.0,1,0.2133915373758896,51
357,0,548,276,272,0,0,0,1.0,1,1.0,1,1.0,1,0.20564286849964736,50
358,1,549,277,272,0,0,0,1.0,1,1.0,1,1.0,1,0.24945841801949886,48
359,3,552,279,273,0,0,0,1.0,1,1.0,1,1.0,1,0.27413377590762056,47
360,2,554,279,275,0,0,0,1.0,1,1.0,1,1.0,1,0.2601457755545133,45
361,1,555,280,275,0,0,0,1.0,1,1.0,1,1.0,1,0.28168836373844086,44
362,0,555,280,275,0,0,0,1.0,1,1.0,1,1.0,1,0.2778953431936197,44
363,3,558,281,277,0,0,0,1.0,1,1.0,1,1.0,1,0.2506675386042882,44
364,0,558,281,277,0,0,0,1.0,1,1.0,1,1.0,1,0.24572447498511807,43
365,2,560,283,277,0,0,0,1.0,1,1.0,1,1.0,1,0.2737336726837164,43
366,1,561,284,277,0,0,0,1.0,1,1.0,1,1.0,1,0.31085604803025757,45
367,1,562,284,278,0,0,0,1.0,1,1.0,1,1.0,1,0.3096406115948086,44
368,1,563,285,278,0,0,0,1.0,1,1.0,1,1.0,1,0.2753096999174325,46
369,3,566,286,280,0,0,0,1.0,1,1.0,1,1.0,1,0.2792864075201513,45
370,0,566,286,280,0,0,0,1.0,1,1.0,1,1.0,1,0.2836400573116039,46
371,2,568,286,282,0,0,0,1.0,1,1.0,1,1.0,1,0.2961759790140438,47
372,0,568,286,282,0,0,0,1.0,1,1.0,1,1.0,1,0.301506648160223,48
373,3,571,287,284,0,0,0,1.0,1,1.0,1,1.0,1,0.2664669843821997,48
374,0,571,287,284,0,0,0,1.0,1,1.0,1,1.0,1,0.2790807089533997,49
375,2,573,287,286,0,0,0,1.0,1,1.0,1,1.0,1,0.23933098313164725,49
376,1,574,288,286,0,0,0,1.0,1,1.0,1,1.0,1,0.238497019438772,49
377,3,577,290,287,0,0,0,1.0,1,1.0,1,1.0,1,0.21804874889824716,49
378,3,580,292,288,0,0,0,1.0,1,1.0,1,1.0,1,0.2052313414585648,49
379,2,582,292,290,0,0,0,1.0,1,1.0,1,1.0,1,0.1898522379186264,50
380,3,585,293,292,0,0,0,1.0,1,1.0,1,1.0,1,0.18618063907020707,50
381,2,587,294,293,0,0,0,1.0,1,1.0,1,1.0,1,0.1942041631844856,51
382,1,588,295,293,0,0,0,1.0,1,1.0,1,1.0,1,0.20515512609460454,50
383,2,590,295,295,0,0,0,1.0,1,1.0,1,1.0,1,0.1968211635732054,51
384,3,593,297,296,0,0,0,1.0,1,1.0,1,1.0,1,0.17972356657293193,50
385,1,594,298,296,0,0,0,1.0,1,1.0,1,1.0,1,0.1744981212304994,50
386,0,594,298,296,0,0,0,1.0,1,1.0,1,1.0,1,0.18720016722158442,48
387,1,595,298,297,0,0,0,1.0,1,1.0,1,1.0,1,0.19567268385946127,47
388,3,598,300,298,0,0,0,1.0,1,1.0,1,1.0,1,0.19529370919229716,48
389,1,599,300,299,0,0,0,1.0,1,1.0,1,1.0,1,0.19094308678792973,47
390,2,601,301,300,0,0,0,1.0,1,1.0,1,1.0,1,0.19367114890985682,49
391,1,602,302,300,0,0,0,1.0,1,1.0,1,1.0,1,0.18921850758204525,46
392,2,604,303,301,0,0,0,1.0,1,1.0,1,1.0,1,0.22953573251337636,46
393,4,608,305,303,0,0,0,1.0,1,1.0,1,1.0,1,0.2608455880191299,44
394,2,610,306,304,0,0,0,1.0,1,1.0,1,1.0,1,0.2650147625385901,43
395,3,613,306,307,0,0,0,1.0,1,1.0,1,1.0,1,0.24270158236580758,42
396,3,616,308,308,0,0,0,1.0,1,1.0,1,1.0,1,0.30479000038613097,39
397,2,618,309,309,0,0,0,1.0,1,1.0,1,1.0,1,0.3499825936948178,39
398,0,618,309,309,0,0,0,1.0,1,1.0,1,1.0,1,0.34178643621702365,36
399,1,619,310,309,0,0,0,1.0,1,1.0,1,1.0,1,0.3504074695136006,36
400,2,621,312,309,0,0,0,1.0,1,1.0,1,1.0,1,0.36359171299677945,34
401,4,625,313,312,0,0,0,1.0,1,1.0,1,1.0,1,0.2828237203348129,33
402,1,626,313,313,0,0,0,1.0,1,1.0,1,1.0,1,0.2461625734516734,34
403,2,628,313,315,0,0,0,1.0,1,1.0,1,1.0,1,0.23683774428008636,36
404,2,630,315,315,0,0,0,1.0,1,1.0,1,1.0,1,0.2615054785818308,36
405,0,630,315,315,0,0,0,1.0,1,1.0,1,1.0,1,0.26009266349780713,37
406,0,630,315,315,0,0,0,1.0,1,1.0,1,1.0,1,0.26009266349780713,37
407,0,630,315,315,0,0,0,1.0,1,1.0,1,1.0,1,0.25586486145756726,39
408,3,633,318,315,0,0,0,1.0,1,1.0,1,1.0,1,0.2855237525813811,40
409,0,633,318,315,0,0,0,1.0,1,1.0,1,1.0,1,0.30322821726475446,41
410,2,635,319,316,0,0,0,1.0,1,1.0,1,1.0,1,0.2795726689392739,42
411,0,635,319,316,0,0,0,1.0,1,1.0,1,1.0,1,0.29146548550931306,43
412,3,638,321,317,0,0,0,1.0,1,1.0,1,1.0,1,0.32296672770592005,44
413,2,640,321,319,0,0,0,1.0,1,1.0,1,1.0,1,0.2740494681909559,44
414,0,640,321,319,0,0,0,1.0,1,1.0,1,1.0,1,0.26733002504839837,45
415,0,640,321,319,0,0,0,1.0,1,1.0,1,1.0,1,0.26733002504839837,45
416,1,641,321,320,0,0,0,1.0,1,1.0,1,1.0,1,0.2500625960576932,46
417,1,642,322,320,0,0,0,1.0,1,1.0,1,1.0,1,0.2564021160743021,46
418,1,643,322,321,0,0,0,1.0,1,1.0,1,1.0,1,0.23502928192901076,47
419,0,643,322,321,0,0,0,1.0,1,1.0,1,1.0,1,0.23502928192901076,47
420,0,643,322,321,0,0,0,1.0,1,1.0,1,1.0,1,0.23502928192901076,47
421,0,643,322,321,0,0,0,1.0,1,1.0,1,1.0,1,0.23502928192901076,47
422,2,645,323,322,0,0,0,1.0,1,1.0,1,1.0,1,0.23669221493365689,49
423,3,648,325,323,0,0,0,1.0,1,1.0,1,1.0,1,0.25166757430318903,47
424,4,652,327,325,0,0,0,1.0,1,1.0,1,1.0,1,0.23612614689579273,45
425,2,654,327,327,0,0,0,1.0,1,1.0,1,1.0,1,0.23012414914529158,46
426,1,655,328,327,0,0,0,1.0,1,1.0,1,1.0,1,0.2693766252744629,46
427,3,658,329,329,0,0,0,1.0,1,1.0,1,1.0,1,0.24937616370764856,45
428,5,663,331,332,0,0,0,1.0,1,1.0,1,1.0,1,0.22692285893426184,45
429,3,666,333,333,0,0,0,1.0,1,1.0,1,1.0,1,0.22727750165364644,42
430,2,668,335,333,0,0,0,1.0,1,1.0,1,1.0,1,0.2515484585033055,40
431,6,674,338,336,0,0,0,1.0,1,1.0,1,1.0,1,0.17109717603181818,39
432,1,675,339,336,0,0,0,1.0,1,1.0,1,1.0,1,0.2016650829836514,37
433,2,677,341,336,0,0,0,1.0,1,1.0,1,1.0,1,0.21413996057574944,35
434,0,677,341,336,0,0,0,1.0,1,1.0,1,1.0,1,0.2260428516085038,33
435,0,677,341,336,0,0,0,1.0,1,1.0,1,1.0,1,0.2260428516085038,33
436,0,677,341,336,0,0,0,1.0,1,1.0,1,1.0,1,0.2260428516085038,33
437,1,678,342,336,0,0,0,1.0,1,1.0,1,1.0,1,0.18094532591449225,33
438,0,678,342,336,0,0,0,1.0,1,1.0,1,1.0,1,0.2145615373289341,32
439,0,678,342,336,0,0,0,1.0,1,1.0,1,1.0,1,0.16876027258275642,34
440,1,679,343,336,0,0,0,1.0,1,1.0,1,1.0,1,0.1821622910015104,34
441,3,682,344,338,0,0,0,1.0,1,1.0,1,1.0,1,0.18747555974749677,35
442,2,684,346,338,0,0,0,1.0,1,1.0,1,1.0,1,0.23897131636050653,37
443,5,689,351,338,0,0,0,1.0,1,1.0,1,1.0,1,0.2550564543533601,37
444,1,690,351,339,0,0,0,1.0,1,1.0,1,1.0,1,0.24364433283616616,38
445,6,696,352,344,0,0,0,1.0,1,1.0,1,1.0,1,0.16677019508324642,39
446,0,696,352,344,0,0,0,1.0,1,1.0,1,1.0,1,0.16677019508324642,39
447,1,697,352,345,0,0,0,1.0,1,1.0,1,1.0,1,0.18129118552957382,41
448,1,698,352,346,0,0,0,1.0,1,1.0,1,1.0,1,0.1673402171951546,41
449,0,698,352,346,0,0,0,1.0,1,1.0,1,1.0,1,0.1916825501870761,40
450,0,698,352,346,0,0,0,1.0,1,1.0,1,1.0,1,0.2115046337912124,40
451,0,698,352,346,0,0,0,1.0,1,1.0,1,1.0,1,0.23512612247079942,41
452,0,698,352,346,0,0,0,1.0,1,1.0,1,1.0,1,0.23512612247079942,41
453,1,699,353,346,0,0,0,1.0,1,1.0,1,1.0,1,0.23277280087678168,40
454,1,700,353,347,0,0,0,1.0,1,1.0,1,1.0,1,0.21524913849359947,41
455,5,705,355,350,0,0,0,1.0,1,1.0,1,1.0,1,0.20269108499557878,41
456,2,707,355,352,0,0,0,1.0,1,1.0,1,1.0,1,0.19360591188759366,43
457,2,709,356,353,0,0,0,1.0,1,1.0,1,1.0,1,0.21315771186606913,43
458,1,710,356,354,0,0,0,1.0,1,1.0,1,1.0,1,0.1707623653020387,43
459,1,711,356,355,0,0,0,1.0,1,1.0,1,1.0,1,0.12494690325986366,44
460,2,713,356,357,0,0,0,1.0,1,1.0,1,1.0,1,0.14023711823879179,47
461,1,714,357,357,0,0,0,1.0,1,1.0,1,1.0,1,0.1565439291519168,48
462,2,716,359,357,0,0,0,1.0,1,1.0,1,1.0,1,0.22487348788781586,49
463,2,718,360,358,0,0,0,1.0,1,1.0,1,1.0,1,0.16684444946041413,47
464,6,724,361,363,0,0,0,1.0,1,1.0,1,1.0,1,0.10343137485325007,48
465,2,726,363,363,0,0,0,1.0,1,1.0,1,1.0,1,0.15681635414729536,47
466,1,727,364,363,0,0,0,1.0,1,1.0,1,1.0,1,0.15214267848132743,46
467,3,730,366,364,0,0,0,1.0,1,1.0,1,1.0,1,0.11001471752198877,44
468,5,735,371,364,0,0,0,1.0,1,1.0,1,1.0,1,0.16366714729470952,41
469,2,737,372,365,0,0,0,1.0,1,1.0,1,1.0,1,0.1071124825062052,40
470,2,739,374,365,0,0,0,1.0,1,1.0,1,1.0,1,0.1208691949826192,39
471,3,742,377,365,0,0,0,1.0,1,1.0,1,1.0,1,0.1816720996784098,38
472,8,750,383,367,0,0,0,1.0,1,1.0,1,1.0,1,0.2588886218323293,36
473,1,751,383,368,0,0,0,1.0,1,1.0,1,1.0,1,0.21983202102337288,36
474,1,752,384,368,0,0,0,1.0,1,1.0,1,1.0,1,0.2285689957106757,34
475,1,753,385,368,0,0,0,1.0,1,1.0,1,1.0,1,0.26905008876406505,34
476,0,753,385,368,0,0,0,1.0,1,1.0,1,1.0,1,0.2617847923032833,32
477,2,755,386,369,0,0,0,1.0,1,1.0,1,1.0,1,0.2817306553538317,32
478,0,755,386,369,0,0,0,1.0,1,1.0,1,1.0,1,0.27452753856847917,30
479,1,756,387,369,0,0,0,1.0,1,1.0,1,1.0,1,0.27779018282393303,31
480,0,756,387,369,0,0,0,1.0,1,1.0,1,1.0,1,0.3688720311468085,27
481,1,757,388,369,0,0,0,1.0,1,1.0,1,1.0,1,0.3714134824954165,28
482,1,758,389,369,0,0,0,1.0,1,1.0,1,1.0,1,0.3309826169574539,28
483,2,760,390,370,0,0,0,1.0,1,1.0,1,1.0,1,0.261215561025725,29
484,0,760,390,370,0,0,0,1.0,1,1.0,1,1.0,1,0.261215561025725,29
485,0,760,390,370,0,0,0,1.0,1,1.0,1,1.0,1,0.261215561025725,29
486,3,763,392,371,0,0,0,1.0,1,1.0,1,1.0,1,0.2727818528368842,31
487,2,765,392,373,0,0,0,1.0,1,1.0,1,1.0,1,0.2780043469829097,33
488,3,768,392,376,0,0,0,1.0,1,1.0,1,1.0,1,0.20702228726670888,34
489,2,770,393,377,0,0,0,1.0,1,1.0,1,1.0,1,0.2270105557584604,34
490,0,770,393,377,0,0,0,1.0,1,1.0,1,1.0,1,0.2270105557584604,34
491,0,770,393,377,0,0,0,1.0,1,1.0,1,1.0,1,0.2270105557584604,34
492,0,770,393,377,0,0,0,1.0,1,1.0,1,1.0,1,0.2270105557584604,34
493,3,773,394,379,0,0,0,1.0,1,1.0,1,1.0,1,0.21827601261192994,34
494,1,774,395,379,0,0,0,1.0,1,1.0,1,1.0,1,0.257762120947338,36
495,2,776,396,380,0,0,0,1.0,1,1.0,1,1.0,1,0.22671068003443554,36
496,0,776,396,380,0,0,0,1.0,1,1.0,1,1.0,1,0.2147565162601405,37
497,0,776,396,380,0,0,0,1.0,1,1.0,1,1.0,1,0.20629329712478453,39
498,2,778,398,380,0,0,0,1.0,1,1.0,1,1.0,1,0.22362265079257262,40
499,1,779,398,381,0,0,0,1.0,1,1.0,1,1.0,1,0.20448012899177465,40
500,3,782,400,382,0,0,0,1.0,1,1.0,1,1.0,1,0.22611164874617307,42
501,1,783,400,383,0,0,0,1.0,1,1.0,1,1.0,1,0.20281053453318507,42
502,1,784,401,383,0,0,0,1.0,1,1.0,1,1.0,1,0.2543667935003945,42
503,1,785,402,383,0,0,0,1.0,1,1.0,1,1.0,1,0.24733812576297529,41
504,3,788,404,384,0,0,0,1.0,1,1.0,1,1.0,1,0.3067088878590673,42
505,4,792,405,387,0,0,0,1.0,1,1.0,1,1.0,1,0.27884725467005395,38
506,1,793,405,388,0,0,0,1.0,1,1.0,1,1.0,1,0.2607449955162277,37
507,0,793,405,388,0,0,0,1.0,1,1.0,1,1.0,1,0.26594797328861475,35
508,1,794,406,388,0,0,0,1.0,1,1.0,1,1.0,1,0.32532304502265225,35
509,1,795,407,388,0,0,0,1.0,1,1.0,1,1.0,1,0.2865661140258143,34
510,0,795,407,388,0,0,0,1.0,1,1.0,1,1.0,1,0.319093811687551,34
511,0,795,407,388,0,0,0,1.0,1,1.0,1,1.0,1,0.32282389905096587,32
512,2,797,409,388,0,0,0,1.0,1,1.0,1,1.0,1,0.36233278009898046,30
513,1,798,409,389,0,0,0,1.0,1,1.0,1,1.0,1,0.3451564567151066,31
514,0,798,409,389,0,0,0,1.0,1,1.0,1,1.0,1,0.3451564567151066,31
515,3,801,411,390,0,0,0,1.0,1,1.0,1,1.0,1,0.3979058433075264,32
516,1,802,411,391,0,0,0,1.0,1,1.0,1,1.0,1,0.3732664276378172,31
517,5,807,413,394,0,0,0,1.0,1,1.0,1,1.0,1,0.28119789640061177,32
518,0,807,413,394,0,0,0,1.0,1,1.0,1,1.0,1,0.2668685047787905,31
519,2,809,415,394,0,0,0,1.0,1,1.0,1,1.0,1,0.3001388573647322,31
520,2,811,417,394,0,0,0,1.0,1,1.0,1,1.0,1,0.3084973321725764,33
521,3,814,418,396,0,0,0,1.0,1,1.0,1,1.0,1,0.2652947985439106,34
522,1,815,419,396,0,0,0,1.0,1,1.0,1,1.0,1,0.24839387988479666,34
523,0,815,419,396,0,0,0,1.0,1,1.0,1,1.0,1,0.2657812278507241,33
524,0,815,419,396,0,0,0,1.0,1,1.0,1,1.0,1,0.2738819731918775,34
525,0,815,419,396,0,0,0,1.0,1,1.0,1,1.0,1,0.3263465093086271,32
526,1,816,419,397,0,0,0,1.0,1,1.0,1,1.0,1,0.30038035570248744,32
527,2,818,419,399,0,0,0,1.0,1,1.0,1,1.0,1,0.31007509739255334,31
528,1,819,420,399,0,0,0,1.0,1,1.0,1,1.0,1,0.31657842521630003,31
529,1,820,420,400,0,0,0,1.0,1,1.0,1,1.0,1,0.31658863515308083,30
530,1,821,421,400,0,0,0,1.0,1,1.0,1,1.0,1,0.35331598063246317,30
531,1,822,421,401,0,0,0,1.0,1,1.0,1,1.0,1,0.3527163409792393,32
532,1,823,422,401,0,0,0,1.0,1,1.0,1,1.0,1,0.3358310023730307,32
533,1,824,423,401,0,0,0,1.0,1,1.0,1,1.0,1,0.342671586406698,34
534,3,827,424,403,0,0,0,1.0,1,1.0,1,1.0,1,0.33317342281780377,34
535,1,828,424,404,0,0,0,1.0,1,1.0,1,1.0,1,0.3280471237902887,37
536,0,828,424,404,0,0,0,1.0,1,1.0,1,1.0,1,0.3280471237902887,37
537,2,830,426,404,0,0,0,1.0,1,1.0,1,1.0,1,0.3593081809204376,37
538,1,831,426,405,0,0,0,1.0,1,1.0,1,1.0,1,0.32285875057191854,38
539,1,832,426,406,0,0,0,1.0,1,1.0,1,1.0,1,0.2728592600058364,38
540,1,833,427,406,0,0,0,1.0,1,1.0,1,1.0,1,0.28699149961532383,38
541,0,833,427,406,0,0,0,1.0,1,1.0,1,1.0,1,0.2770615189241284,39
542,2,835,429,406,0,0,0,1.0,1,1.0,1,1.0,1,0.28374545937118434,40
543,3,838,431,407,0,0,0,1.0,1,1.0,1,1.0,1,0.3036381996730482,37
544,1,839,432,407,0,0,0,1.0,1,1.0,1,1.0,1,0.34424117211931704,35
545,2,841,433,408,0,0,0,1.0,1,1.0,1,1.0,1,0.29488948571490625,35
546,3,844,436,408,0,0,0,1.0,1,1.0,1,1.0,1,0.27930352863553626,35
547,0,844,436,408,0,0,0,1.0,1,1.0,1,1.0,1,0.24185505641756141,34
548,2,846,438,408,0,0,0,1.0,1,1.0,1,1.0,1,0.3178322057763786,34
549,4,850,440,410,0,0,0,1.0,1,1.0,1,1.0,1,0.353998665668569,31
550,0,850,440,410,0,0,0,1.0,1,1.0,1,1.0,1,0.33903215408415255,30
551,6,856,443,413,0,0,0,1.0,1,1.0,1,1.0,1,0.35882329698014415,31
552,0,856,443,413,0,0,0,1.0,1,1.0,1,1.0,1,0.32227768011925784,29
553,0,856,443,413,0,0,0,1.0,1,1.0,1,1.0,1,0.3182601265321499,30
554,0,856,443,413,0,0,0,1.0,1,1.0,1,1.0,1,0.3050697665651983,30
555,0,856,443,413,0,0,0,1.0,1,1.0,1,1.0,1,0.3303658375659774,30
556,0,856,443,413,0,0,0,1.0,1,1.0,1,1.0,1,0.34283104524435803,31
557,1,857,443,414,0,0,0,1.0,1,1.0,1,1.0,1,0.3544538534623432,31
558,1,858,443,415,0,0,0,1.0,1,1.0,1,1.0,1,0.30907235600482813,31
559,2,860,444,416,0,0,0,1.0,1,1.0,1,1.0,1,0.2864206918204376,31
560,2,862,444,418,0,0,0,1.0,1,1.0,1,1.0,1,0.26797545747271584,32
561,1,863,444,419,0,0,0,1.0,1,1.0,1,1.0,1,0.2603696771703422,33
562,1,864,445,419,0,0,0,1.0,1,1.0,1,1.0,1,0.24823416850920396,33
563,2,866,447,419,0,0,0,1.0,1,1.0,1,1.0,1,0.29058810120006145,33
564,2,868,448,420,0,0,0,1.0,1,1.0,1,1.0,1,0.3508209869943358,34
565,4,872,448,424,0,0,0,1.0,1,1.0,1,1.0,1,0.2372096081539849,35
566,0,872,448,424,0,0,0,1.0,1,1.0,1,1.0,1,0.23495207633968818,36
567,1,873,449,424,0,0,0,1.0,1,1.0,1,1.0,1,0.2508343796519523,37
568,2,875,450,425,0,0,0,1.0,1,1.0,1,1.0,1,0.19385219765470546,36
569,1,876,451,425,0,0,0,1.0,1,1.0,1,1.0,1,0.21201525932757298,37
570,0,876,451,425,0,0,0,1.0,1,1.0,1,1.0,1,0.201499125041167,38
571,1,877,452,425,0,0,0,1.0,1,1.0,1,1.0,1,0.20390044221158485,38
572,1,878,452,426,0,0,0,1.0,1,1.0,1,1.0,1,0.21196914581264809,39
573,0,878,452,426,0,0,0,1.0,1,1.0,1,1.0,1,0.21196914581264809,39
574,0,878,452,426,0,0,0,1.0,1,1.0,1,1.0,1,0.20984227471365863,41
575,1,879,452,427,0,0,0,1.0,1,1.0,1,1.0,1,0.20602737305909896,41
576,0,879,452,427,0,0,0,1.0,1,1.0,1,1.0,1,0.2091274993965985,42
577,0,879,452,427,0,0,0,1.0,1,1.0,1,1.0,1,0.2091274993965985,42
578,0,879,452,427,0,0,0,1.0,1,1.0,1,1.0,1,0.22340131252313072,41
579,0,879,452,427,0,0,0,1.0,1,1.0,1,1.0,1,0.23004251714976642,42
580,6,885,455,430,0,0,0,1.0,1,1.0,1,1.0,1,0.23829149377100395,43
581,4,889,457,432,0,0,0,1.0,1,1.0,1,1.0,1,0.2181286533846082,42
582,2,891,457,434,0,0,0,1.0,1,1.0,1,1.0,1,0.2230658805486964,41
583,2,893,459,434,0,0,0,1.0,1,1.0,1,1.0,1,0.24727703820250854,40
584,2,895,460,435,0,0,0,1.0,1,1.0,1,1.0,1,0.26330244313899714,38
585,6,901,464,437,0,0,0,1.0,1,1.0,1,1.0,1,0.25095504580998024,38
586,2,903,466,437,0,0,0,1.0,1,1.0,1,1.0,1,0.2303882729271548,37
587,4,907,469,438,0,0,0,1.0,1,1.0,1,1.0,1,0.20164324348153564,35
588,2,909,470,439,0,0,0,1.0,1,1.0,1,1.0,1,0.15568456324512547,35
589,0,909,470,439,0,0,0,1.0,1,1.0,1,1.0,1,0.12935509073101817,34
590,1,910,471,439,0,0,0,1.0,1,1.0,1,1.0,1,0.17309679168976533,36
591,1,911,472,439,0,0,0,1.0,1,1.0,1,1.0,1,0.15732065425699077,35
592,1,912,473,439,0,0,0,1.0,1,1.0,1,1.0,1,0.2153607283748714,37
593,2,914,474,440,0,0,0,1.0,1,1.0,1,1.0,1,0.2119000855460927,36
594,1,915,475,440,0,0,0,1.0,1,1.0,1,1.0,1,0.2259571011573565,35
595,0,915,475,440,0,0,0,1.0,1,1.0,1,1.0,1,0.2114336170268638,34
596,0,915,475,440,0,0,0,1.0,1,1.0,1,1.0,1,0.21946548950268585,34
597,1,916,476,440,0,0,0,1.0,1,1.0,1,1.0,1,0.2603174944990921,33
598,1,917,476,441,0,0,0,1.0,1,1.0,1,1.0,1,0.2673219974741672,33
599,3,920,478,442,0,0,0,1.0,1,1.0,1,1.0,1,0.23406179243858552,33
600,2,922,480,442,0,0,0,1.0,1,1.0,1,1.0,1,0.29307823202567695,33
601,1,923,481,442,0,0,0,1.0,1,1.0,1,1.0,1,0.3088226791113245,34
602,2,925,482,443,0,0,0,1.0,1,1.0,1,1.0,1,0.3118155937137673,35
603,1,926,482,444,0,0,0,1.0,1,1.0,1,1.0,1,0.30134629862841683,35
604,0,926,482,444,0,0,0,1.0,1,1.0,1,1.0,1,0.2850198913476452,35
605,1,927,482,445,0,0,0,1.0,1,1.0,1,1.0,1,0.3008739387251574,35
606,1,928,482,446,0,0,0,1.0,1,1.0,1,1.0,1,0.30049758723175096,35
607,1,929,483,446,0,0,0,1.0,1,1.0,1,1.0,1,0.3448249564638393,35
608,2,931,483,448,0,0,0,1.0,1,1.0,1,1.0,1,0.31077392655560526,36
609,1,932,483,449,0,0,0,1.0,1,1.0,1,1.0,1,0.3024050074330202,37
610,1,933,483,450,0,0,0,1.0,1,1.0,1,1.0,1,0.26904255354259776,37
611,2,935,485,450,0,0,0,1.0,1,1.0,1,1.0,1,0.27306763334433043,39
612,1,936,486,450,0,0,0,1.0,1,1.0,1,1.0,1,0.2884092792073623,39
613,2,938,487,451,0,0,0,1.0,1,1.0,1,1.0,1,0.2810347595788436,39
614,4,942,489,453,0,0,0,1.0,1,1.0,1,1.0,1,0.26812715821813293,39
615,3,945,491,454,0,0,0,1.0,1,1.0,1,1.0,1,0.2514530438510206,39
616,1,946,492,454,0,0,0,1.0,1,1.0,1,1.0,1,0.2922557191495293,38
617,3,949,493,456,0,0,0,1.0,1,1.0,1,1.0,1,0.25570654992148284,39
618,3,952,494,458,0,0,0,1.0,1,1.0,1,1.0,1,0.254893539537317,40
619,2,954,495,459,0,0,0,1.0,1,1.0,1,1.0,1,0.2316340235968974,39
620,1,955,496,459,0,0,0,1.0,1,1.0,1,1.0,1,0.2061041790318762,38
621,3,958,497,461,0,0,0,1.0,1,1.0,1,1.0,1,0.20163113014639444,38
622,0,958,497,461,0,0,0,1.0,1,1.0,1,1.0,1,0.17130197628795443,38
623,3,961,500,461,0,0,0,1.0,1,1.0,1,1.0,1,0.2077155973382521,37
624,5,966,502,464,0,0,0,1.0,1,1.0,1,1.0,1,0.12987645363443637,33
625,2,968,503,465,0,0,0,1.0,1,1.0,1,1.0,1,0.1246434195748183,32
626,2,970,505,465,0,0,0,1.0,1,1.0,1,1.0,1,0.16573171049442484,31
627,3,973,508,465,0,0,0,1.0,1,1.0,1,1.0,1,0.1319809408684114,30
628,6,979,512,467,0,0,0,1.0,1,1.0,1,1.0,1,0.24080813167469817,32
629,2,981,513,468,0,0,0,1.0,1,1.0,1,1.0,1,0.26321245693969664,29
630,2,983,515,468,0,0,0,1.0,1,1.0,1,1.0,1,0.3876009405518946,29
631,2,985,515,470,0,0,0,1.0,1,1.0,1,1.0,1,0.33789972086992776,25
632,1,986,515,471,0,0,0,1.0,1,1.0,1,1.0,1,0.3184320902381609,24
633,0,986,515,471,0,0,0,1.0,1,1.0,1,1.0,1,0.2983589320571259,23
634,0,986,515,471,0,0,0,1.0,1,1.0,1,1.0,1,0.2983589320571259,23
635,2,988,516,472,0,0,0,1.0,1,1.0,1,1.0,1,0.28612054654255625,22
636,0,988,516,472,0,0,0,1.0,1,1.0,1,1.0,1,0.33042513341301283,22
637,1,989,517,472,0,0,0,1.0,1,1.0,1,1.0,1,0.35135370047039116,23
638,1,990,518,472,0,0,0,1.0,1,1.0,1,1.0,1,0.37802619725487846,23
639,4,994,518,476,0,0,0,1.0,1,1.0,1,1.0,1,0.21055972736975465,24
640,1,995,519,476,0,0,0,1.0,1,1.0,1,1.0,1,0.2707670924965453,24
641,0,995,519,476,0,0,0,1.0,1,1.0,1,1.0,1,0.2935128459117688,25
642,0,995,519,476,0,0,0,1.0,1,1.0,1,1.0,1,0.24508038766139098,26
643,0,995,519,476,0,0,0,1.0,1,1.0,1,1.0,1,0.2131033957631527,28
644,2,997,521,476,0,0,0,1.0,1,1.0,1,1.0,1,0.20327482414741305,28
645,2,999,522,477,0,0,0,1.0,1,1.0,1,1.0,1,0.19022666051214748,28
646,0,999,522,477,0,0,0,1.0,1,1.0,1,1.0,1,0.21054589749554267,29
647,1,1000,523,477,0,0,0,1.0,1,1.0,1,1.0,1,0.23710574664746187,30
648,0,1000,523,477,0,0,0,1.0,1,1.0,1,1.0,1,0.23710574664746187,30
649,2,1002,524,478,0,0,0,1.0,1,1.0,1,1.0,1,0.2586380838871654,31
650,0,1002,524,478,0,0,0,1.0,1,1.0,1,1.0,1,0.2586380838871654,31
651,3,1005,525,480,0,0,0,1.0,1,1.0,1,1.0,1,0.19848813987105876,32
652,0,1005,525,480,0,0,0,1.0,1,1.0,1,1.0,1,0.19848813987105876,32
653,0,1005,525,480,0,0,0,1.0,1,1.0,1,1.0,1,0.20086597879427795,33
654,0,1005,525,480,0,0,0,1.0,1,1.0,1,1.0,1,0.20086597879427795,33
655,1,1006,526,480,0,0,0,1.0,1,1.0,1,1.0,1,0.2410069318388213,36
656,2,1008,527,481,0,0,0,1.0,1,1.0,1,1.0,1,0.2529433331380695,36
657,3,1011,529,482,0,0,0,1.0,1,1.0,1,1.0,1,0.27372972497380726,35
658,2,1013,531,482,0,0,0,1.0,1,1.0,1,1.0,1,0.3334571781729072,33
659,3,1016,532,484,0,0,0,1.0,1,1.0,1,1.0,1,0.3205989078919753,35
660,3,1019,534,485,0,0,0,1.0,1,1.0,1,1.0,1,0.33356128382537,34
661,0,1019,534,485,0,0,0,1.0,1,1.0,1,1.0,1,0.3440175082567949,33
662,2,1021,536,485,0,0,0,1.0,1,1.0,1,1.0,1,0.3725405078215367,31
663,3,1024,537,487,0,0,0,1.0,1,1.0,1,1.0,1,0.3610086977157909,29
664,0,1024,537,487,0,0,0,1.0,1,1.0,1,1.0,1,0.36658858922794435,27
665,3,1027,538,489,0,0,0,1.0,1,1.0,1,1.0,1,0.3011603325169868,27
666,3,1030,540,490,0,0,0,1.0,1,1.0,1,1.0,1,0.3196792539979078,28
667,1,1031,541,490,0,0,0,1.0,1,1.0,1,1.0,1,0.3462429416249734,26
668,3,1034,543,491,0,0,0,1.0,1,1.0,1,1.0,1,0.3476856872697819,26
669,4,1038,546,492,0,0,0,1.0,1,1.0,1,1.0,1,0.24712279168402806,25
670,0,1038,546,492,0,0,0,1.0,1,1.0,1,1.0,1,0.24077046997079038,24
671,0,1038,546,492,0,0,0,1.0,1,1.0,1,1.0,1,0.24077046997079038,24
672,2,1040,547,493,0,0,0,1.0,1,1.0,1,1.0,1,0.22952248960378338,25
673,2,1042,549,493,0,0,0,1.0,1,1.0,1,1.0,1,0.12935165393131712,25
674,0,1042,549,493,0,0,0,1.0,1,1.0,1,1.0,1,0.12935165393131712,25
675,1,1043,550,493,0,0,0,1.0,1,1.0,1,1.0,1,0.23907998873948838,26
676,3,1046,553,493,0,0,0,1.0,1,1.0,1,1.0,1,0.15102197375393323,27
677,0,1046,553,493,0,0,0,1.0,1,1.0,1,1.0,1,0.17116504460829138,28
678,0,1046,553,493,0,0,0,1.0,1,1.0,1,1.0,1,0.17116504460829138,28
679,2,1048,554,494,0,0,0,1.0,1,1.0,1,1.0,1,0.16601380634723234,30
680,0,1048,554,494,0,0,0,1.0,1,1.0,1,1.0,1,0.19105794149123623,29
681,1,1049,555,494,0,0,0,1.0,1,1.0,1,1.0,1,0.22997308951711182,29
682,0,1049,555,494,0,0,0,1.0,1,1.0,1,1.0,1,0.2378895474627566,30
683,2,1051,556,495,0,0,0,1.0,1,1.0,1,1.0,1,0.19536549716500354,30
684,0,1051,556,495,0,0,0,1.0,1,1.0,1,1.0,1,0.22149572494990585,31
685,0,1051,556,495,0,0,0,1.0,1,1.0,1,1.0,1,0.250827588341246,30
686,0,1051,556,495,0,0,0,1.0,1,1.0,1,1.0,1,0.250827588341246,30
687,2,1053,558,495,0,0,0,1.0,1,1.0,1,1.0,1,0.33796202805513437,30
688,2,1055,558,497,0,0,0,1.0,1,1.0,1,1.0,1,0.278945271150649,31
689,2,1057,558,499,0,0,0,1.0,1,1.0,1,1.0,1,0.18794232604863875,32
690,1,1058,558,500,0,0,0,1.0,1,1.0,1,1.0,1,0.1607697694144506,32
691,0,1058,558,500,0,0,0,1.0,1,1.0,1,1.0,1,0.1607697694144506,32
692,3,1061,561,500,0,0,0,1.0,1,1.0,1,1.0,1,0.24246908492243777,32
693,1,1062,562,500,0,0,0,1.0,1,1.0,1,1.0,1,0.24569722712519546,34
694,4,1066,563,503,0,0,0,1.0,1,1.0,1,1.0,1,0.267916713779556,36
695,3,1069,564,505,0,0,0,1.0,1,1.0,1,1.0,1,0.21032907602534376,34
696,2,1071,565,506,0,0,0,1.0,1,1.0,1,1.0,1,0.23672274421245312,33
697,1,1072,565,507,0,0,0,1.0,1,1.0,1,1.0,1,0.21303603415194838,33
698,2,1074,566,508,0,0,0,1.0,1,1.0,1,1.0,1,0.2801832947739755,34
699,1,1075,567,508,0,0,0,1.0,1,1.0,1,1.0,1,0.3584233178684941,33
700,1,1076,567,509,0,0,0,1.0,1,1.0,1,1.0,1,0.28436747658350203,32
701,0,1076,567,509,0,0,0,1.0,1,1.0,1,1.0,1,0.2888731958123651,33
702,3,1079,569,510,0,0,0,1.0,1,1.0,1,1.0,1,0.31950768802011376,34
703,3,1082,571,511,0,0,0,1.0,1,1.0,1,1.0,1,0.29329874802891753,32
704,1,1083,571,512,0,0,0,1.0,1,1.0,1,1.0,1,0.24996398485286409,31
705,3,1086,574,512,0,0,0,1.0,1,1.0,1,1.0,1,0.32673755815525546,33
706,2,1088,576,512,0,0,0,1.0,1,1.0,1,1.0,1,0.40029805370658744,33
707,1,1089,577,512,0,0,0,1.0,1,1.0,1,1.0,1,0.3784550595179781,31
708,1,1090,578,512,0,0,0,1.0,1,1.0,1,1.0,1,0.41625144388007934,31
709,4,1094,579,515,0,0,0,1.0,1,1.0,1,1.0,1,0.34683825586629113,30
710,0,1094,579,515,0,0,0,1.0,1,1.0,1,1.0,1,0.34683825586629113,30
711,0,1094,579,515,0,0,0,1.0,1,1.0,1,1.0,1,0.34912685012353384,30
712,0,1094,579,515,0,0,0,1.0,1,1.0,1,1.0,1,0.3756724447891841,30
713,2,1096,579,517,0,0,0,1.0,1,1.0,1,1.0,1,0.3644474586805776,31
714,4,1100,580,520,0,0,0,1.0,1,1.0,1,1.0,1,0.3294566528577367,31
715,0,1100,580,520,0,0,0,1.0,1,1.0,1,1.0,1,0.3344875720733247,30
716,0,1100,580,520,0,0,0,1.0,1,1.0,1,1.0,1,0.3486927013584256,31
717,0,1100,580,520,0,0,0,1.0,1,1.0,1,1.0,1,0.36112848737424325,32
718,1,1101,580,521,0,0,0,1.0,1,1.0,1,1.0,1,0.3326687698842428,32
719,3,1104,582,522,0,0,0,1.0,1,1.0,1,1.0,1,0.30004366039917024,32
720,0,1104,582,522,0,0,0,1.0,1,1.0,1,1.0,1,0.29356309404344577,34
721,1,1105,583,522,0,0,0,1.0,1,1.0,1,1.0,1,0.31392876829627736,34
722,0,1105,583,522,0,0,0,1.0,1,1.0,1,1.0,1,0.31392876829627736,34
723,2,1107,583,524,0,0,0,1.0,1,1.0,1,1.0,1,0.28801106584986286,35
724,1,1108,584,524,0,0,0,1.0,1,1.0,1,1.0,1,0.32912667988058564,36
725,3,1111,584,527,0,0,0,1.0,1,1.0,1,1.0,1,0.27049808112292395,37
726,1,1112,584,528,0,0,0,1.0,1,1.0,1,1.0,1,0.25209666342829223,37
727,1,1113,584,529,0,0,0,1.0,1,1.0,1,1.0,1,0.23656236257017396,38
728,0,1113,584,529,0,0,0,1.0,1,1.0,1,1.0,1,0.23573332548886924,39
729,0,1113,584,529,0,0,0,1.0,1,1.0,1,1.0,1,0.23573332548886924,39
730,0,1113,584,529,0,0,0,1.0,1,1.0,1,1.0,1,0.24050936703166104,40
731,0,1113,584,529,0,0,0,1.0,1,1.0,1,1.0,1,0.24050936703166104,40
732,0,1113,584,529,0,0,0,1.0,1,1.0,1,1.0,1,0.2610064372000358,41
733,2,1115,586,529,0,0,0,1.0,1,1.0,1,1.0,1,0.2680794876440368,41
734,2,1117,587,530,0,0,0,1.0,1,1.0,1,1.0,1,0.29309897379941213,42
735,0,1117,587,530,0,0,0,1.0,1,1.0,1,1.0,1,0.29539409977645237,42
736,0,1117,587,530,0,0,0,1.0,1,1.0,1,1.0,1,0.3313563409593289,41
737,2,1119,588,531,0,0,0,1.0,1,1.0,1,1.0,1,0.3725243814158232,41
738,2,1121,588,533,0,0,0,1.0,1,1.0,1,1.0,1,0.308663562513563,39
739,0,1121,588,533,0,0,0,1.0,1,1.0,1,1.0,1,0.308663562513563,39
740,0,1121,588,533,0,0,0,1.0,1,1.0,1,1.0,1,0.3218571498840441,39
741,0,1121,588,533,0,0,0,1.0,1,1.0,1,1.0,1,0.310162483246909,38
742,2,1123,588,535,0,0,0,1.0,1,1.0,1,1.0,1,0.28055936745489046,39
743,5,1128,590,538,0,0,0,1.0,1,1.0,1,1.0,1,0.2086319012095177,39
744,2,1130,592,538,0,0,0,1.0,1,1.0,1,1.0,1,0.20954470481718995,39
745,3,1133,594,539,0,0,0,1.0,1,1.0,1,1.0,1,0.21772732692987912,39
746,5,1138,595,543,0,0,0,1.0,1,1.0,1,1.0,1,0.18309697246881904,40
747,2,1140,596,544,0,0,0,1.0,1,1.0,1,1.0,1,0.16064316900820635,41
748,1,1141,597,544,0,0,0,1.0,1,1.0,1,1.0,1,0.16498274636777083,41
749,1,1142,598,544,0,0,0,1.0,1,1.0,1,1.0,1,0.18115279876643403,41
750,2,1144,600,544,0,0,0,1.0,1,1.0,1,1.0,1,0.18344452149353035,39
751,2,1146,600,546,0,0,0,1.0,1,1.0,1,1.0,1,0.1469598027709155,41
752,4,1150,602,548,0,0,0,1.0,1,1.0,1,1.0,1,0.1715857049882222,41
753,1,1151,602,549,0,0,0,1.0,1,1.0,1,1.0,1,0.16527777663238352,41
754,4,1155,604,551,0,0,0,1.0,1,1.0,1,1.0,1,0.16631207481946272,41
755,1,1156,605,551,0,0,0,1.0,1,1.0,1,1.0,1,0.19702522264493075,41
756,0,1156,605,551,0,0,0,1.0,1,1.0,1,1.0,1,0.19702522264493075,41
757,4,1160,607,553,0,0,0,1.0,1,1.0,1,1.0,1,0.24457422878267568,39
758,1,1161,607,554,0,0,0,1.0,1,1.0,1,1.0,1,0.19746993603235896,39
759,1,1162,607,555,0,0,0,1.0,1,1.0,1,1.0,1,0.19769511754018582,39
760,0,1162,607,555,0,0,0,1.0,1,1.0,1,1.0,1,0.21987383341525488,40
761,0,1162,607,555,0,0,0,1.0,1,1.0,1,1.0,1,0.21435875459193454,41
762,1,1163,607,556,0,0,0,1.0,1,1.0,1,1.0,1,0.2078785866572017,42
763,2,1165,607,558,0,0,0,1.0,1,1.0,1,1.0,1,0.17632030284684347,43
764,2,1167,607,560,0,0,0,1.0,1,1.0,1,1.0,1,0.1319148771813563,43
765,0,1167,607,560,0,0,0,1.0,1,1.0,1,1.0,1,0.10585130097062141,45
766,1,1168,608,560,0,0,0,1.0,1,1.0,1,1.0,1,0.12344831868512635,45
767,1,1169,608,561,0,0,0,1.0,1,1.0,1,1.0,1,0.11026637335756789,46
768,0,1169,608,561,0,0,0,1.0,1,1.0,1,1.0,1,0.10188990873377231,45
769,0,1169,608,561,0,0,0,1.0,1,1.0,1,1.0,1,0.11564106969744145,46
770,0,1169,608,561,0,0,0,1.0,1,1.0,1,1.0,1,0.10481480761991166,47
771,3,1172,611,561,0,0,0,1.0,1,1.0,1,1.0,1,0.20774011910189455,47
772,1,1173,611,562,0,0,0,1.0,1,1.0,1,1.0,1,0.1869614379051185,46
773,3,1176,613,563,0,0,0,1.0,1,1.0,1,1.0,1,0.14757310237365312,45
774,1,1177,613,564,0,0,0,1.0,1,1.0,1,1.0,1,0.13634467637072617,45
775,2,1179,615,564,0,0,0,1.0,1,1.0,1,1.0,1,0.15810411105928043,45
776,0,1179,615,564,0,0,0,1.0,1,1.0,1,1.0,1,0.13789417972139711,43
777,0,1179,615,564,0,0,0,1.0,1,1.0,1,1.0,1,0.15301836665453428,44
778,0,1179,615,564,0,0,0,1.0,1,1.0,1,1.0,1,0.15824476804041346,45
779,0,1179,615,564,0,0,0,1.0,1,1.0,1,1.0,1,0.15824476804041346,45
780,2,1181,617,564,0,0,0,1.0,1,1.0,1,1.0,1,0.20434991723173726,45
781,0,1181,617,564,0,0,0,1.0,1,1.0,1,1.0,1,0.19266227439945358,46
782,5,1186,619,567,0,0,0,1.0,1,1.0,1,1.0,1,0.2844909479551618,47
783,0,1186,619,567,0,0,0,1.0,1,1.0,1,1.0,1,0.2467438377852684,46
784,0,1186,619,567,0,0,0,1.0,1,1.0,1,1.0,1,0.2540897165679866,45
785,1,1187,619,568,0,0,0,1.0,1,1.0,1,1.0,1,0.20275114086020082,43
786,1,1188,620,568,0,0,0,1.0,1,1.0,1,1.0,1,0.19287750964384826,43
787,2,1190,622,568,0,0,0,1.0,1,1.0,1,1.0,1,0.21969593735842996,43
788,1,1191,623,568,0,0,0,1.0,1,1.0,1,1.0,1,0.2358509392794717,44
789,1,1192,623,569,0,0,0,1.0,1,1.0,1,1.0,1,0.19756713450073937,46
790,1,1193,624,569,0,0,0,1.0,1,1.0,1,1.0,1,0.21078387447470776,46
791,2,1195,625,570,0,0,0,1.0,1,1.0,1,1.0,1,0.22922054843117257,46
792,0,1195,625,570,0,0,0,1.0,1,1.0,1,1.0,1,0.22912725705258397,47
793,1,1196,625,571,0,0,0,1.0,1,1.0,1,1.0,1,0.22854853448122112,48
794,2,1198,626,572,0,0,0,1.0,1,1.0,1,1.0,1,0.22058252640793566,48
795,1,1199,626,573,0,0,0,1.0,1,1.0,1,1.0,1,0.21042983909518498,47
796,0,1199,626,573,0,0,0,1.0,1,1.0,1,1.0,1,0.23456508067021992,45
797,1,1200,627,573,0,0,0,1.0,1,1.0,1,1.0,1,0.24267871864117144,47
798,2,1202,629,573,0,0,0,1.0,1,1.0,1,1.0,1,0.24842709649584802,48
799,3,1205,631,574,0,0,0,1.0,1,1.0,1,1.0,1,0.24507578743619815,48
800,2,1207,633,574,0,0,0,1.0,1,1.0,1,1.0,1,0.2608347206324215,48
801,5,1212,634,578,0,0,0,1.0,1,1.0,1,1.0,1,0.17925256231450706,49
802,3,1215,636,579,0,0,0,1.0,1,1.0,1,1.0,1,0.19416058803184152,50
803,0,1215,636,579,0,0,0,1.0,1,1.0,1,1.0,1,0.19416058803184152,50
804,0,1215,636,579,0,0,0,1.0,1,1.0,1,1.0,1,0.19416058803184152,50
805,1,1216,637,579,0,0,0,1.0,1,1.0,1,1.0,1,0.2140296896226623,50
806,0,1216,637,579,0,0,0,1.0,1,1.0,1,1.0,1,0.20401488691944916,51
807,0,1216,637,579,0,0,0,1.0,1,1.0,1,1.0,1,0.20401488691944916,51
808,1,1217,637,580,0,0,0,1.0,1,1.0,1,1.0,1,0.19055985653654473,53
809,0,1217,637,580,0,0,0,1.0,1,1.0,1,1.0,1,0.1739526891746183,51
810,0,1217,637,580,0,0,0,1.0,1,1.0,1,1.0,1,0.186745948525478,52
811,2,1219,638,581,0,0,0,1.0,1,1.0,1,1.0,1,0.19985260007134292,50
812,0,1219,638,581,0,0,0,1.0,1,1.0,1,1.0,1,0.2025789792041034,51
813,2,1221,640,581,0,0,0,1.0,1,1.0,1,1.0,1,0.24601787792995577,51
814,3,1224,642,582,0,0,0,1.0,1,1.0,1,1.0,1,0.30447905400788955,52
815,4,1228,644,584,0,0,0,1.0,1,1.0,1,1.0,1,0.276923942751755,50
816,1,1229,644,585,0,0,0,1.0,1,1.0,1,1.0,1,0.2685129401120763,50
817,0,1229,644,585,0,0,0,1.0,1,1.0,1,1.0,1,0.263806673704792,49
818,0,1229,644,585,0,0,0,1.0,1,1.0,1,1.0,1,0.26403570215722766,49
819,1,1230,644,586,0,0,0,1.0,1,1.0,1,1.0,1,0.257949960317942,50
820,0,1230,644,586,0,0,0,1.0,1,1.0,1,1.0,1,0.2784284920752738,49
821,1,1231,644,587,0,0,0,1.0,1,1.0,1,1.0,1,0.29118121295962024,49
822,0,1231,644,587,0,0,0,1.0,1,1.0,1,1.0,1,0.29118121295962024,49
823,3,1234,646,588,0,0,0,1.0,1,1.0,1,1.0,1,0.3181770987033274,47
824,5,1239,649,590,0,0,0,1.0,1,1.0,1,1.0,1,0.3017240547591858,45
825,5,1244,649,595,0,0,0,1.0,1,1.0,1,1.0,1,0.2371494930670425,43
826,4,1248,652,596,0,0,0,1.0,1,1.0,1,1.0,1,0.2340802011970213,44
827,3,1251,654,597,0,0,0,1.0,1,1.0,1,1.0,1,0.22745032175467905,43
828,3,1254,655,599,0,0,0,1.0,1,1.0,1,1.0,1,0.21192372802748494,43
829,1,1255,656,599,0,0,0,1.0,1,1.0,1,1.0,1,0.2354362138783752,45
830,1,1256,657,599,0,0,0,1.0,1,1.0,1,1.0,1,0.2378863274649712,46
831,3,1259,657,602,0,0,0,1.0,1,1.0,1,1.0,1,0.2205982630690436,48
832,1,1260,658,602,0,0,0,1.0,1,1.0,1,1.0,1,0.2269853785562036,47
833,2,1262,658,604,0,0,0,1.0,1,1.0,1,1.0,1,0.2124251062859841,47
834,1,1263,658,605,0,0,0,1.0,1,1.0,1,1.0,1,0.21155491741569393,46
835,0,1263,658,605,0,0,0,1.0,1,1.0,1,1.0,1,0.21797963050771926,45
836,1,1264,659,605,0,0,0,1.0,1,1.0,1,1.0,1,0.22474145663419945,46
837,2,1266,660,606,0,0,0,1.0,1,1.0,1,1.0,1,0.204697477828645,46
838,0,1266,660,606,0,0,0,1.0,1,1.0,1,1.0,1,0.20431615642604217,45
839,4,1270,661,609,0,0,0,1.0,1,1.0,1,1.0,1,0.1753764848885264,46
840,1,1271,661,610,0,0,0,1.0,1,1.0,1,1.0,1,0.17056498620387942,46
841,1,1272,661,611,0,0,0,1.0,1,1.0,1,1.0,1,0.16664727829226683,46
842,1,1273,662,611,0,0,0,1.0,1,1.0,1,1.0,1,0.19391776009231876,46
843,1,1274,662,612,0,0,0,1.0,1,1.0,1,1.0,1,0.1875431330628635,46
844,2,1276,664,612,0,0,0,1.0,1,1.0,1,1.0,1,0.20156391645727983,47
845,3,1279,665,614,0,0,0,1.0,1,1.0,1,1.0,1,0.22261582484892095,48
846,0,1279,665,614,0,0,0,1.0,1,1.0,1,1.0,1,0.20727465901182915,47
847,2,1281,665,616,0,0,0,1.0,1,1.0,1,1.0,1,0.22498074668199936,48
848,1,1282,665,617,0,0,0,1.0,1,1.0,1,1.0,1,0.18408583316786062,48
849,1,1283,666,617,0,0,0,1.0,1,1.0,1,1.0,1,0.23018273321755217,48
850,0,1283,666,617,0,0,0,1.0,1,1.0,1,1.0,1,0.22731738956375616,46
851,1,1284,666,618,0,0,0,1.0,1,1.0,1,1.0,1,0.24631587099812158,45
852,2,1286,668,618,0,0,0,1.0,1,1.0,1,1.0,1,0.27419782107825114,44
853,3,1289,669,620,0,0,0,1.0,1,1.0,1,1.0,1,0.22435790546145346,44
854,2,1291,671,620,0,0,0,1.0,1,1.0,1,1.0,1,0.24927209219975102,45
855,2,1293,671,622,0,0,0,1.0,1,1.0,1,1.0,1,0.21416364480506977,46
856,2,1295,672,623,0,0,0,1.0,1,1.0,1,1.0,1,0.20913214343700942,46
857,1,1296,672,624,0,0,0,1.0,1,1.0,1,1.0,1,0.18554393895641905,47
858,1,1297,673,624,0,0,0,1.0,1,1.0,1,1.0,1,0.2172655687538456,48
859,2,1299,673,626,0,0,0,1.0,1,1.0,1,1.0,1,0.16828923981273083,48
860,0,1299,673,626,0,0,0,1.0,1,1.0,1,1.0,1,0.16909483064396347,49
861,1,1300,674,626,0,0,0,1.0,1,1.0,1,1.0,1,0.20257962985120465,49
862,3,1303,676,627,0,0,0,1.0,1,1.0,1,1.0,1,0.20950059620119763,49
863,2,1305,678,627,0,0,0,1.0,1,1.0,1,1.0,1,0.2667962989974723,48
864,4,1309,680,629,0,0,0,1.0,1,1.0,1,1.0,1,0.2761863119988723,49
865,5,1314,680,634,0,0,0,1.0,1,1.0,1,1.0,1,0.1903076864507176,48
866,0,1314,680,634,0,0,0,1.0,1,1.0,1,1.0,1,0.18299698194545055,50
867,4,1318,680,638,0,0,0,1.0,1,1.0,1,1.0,1,0.15152186299234502,50
868,3,1321,682,639,0,0,0,1.0,1,1.0,1,1.0,1,0.18372063019136506,51
869,1,1322,682,640,0,0,0,1.0,1,1.0,1,1.0,1,0.17320808201860957,49
870,1,1323,683,640,0,0,0,1.0,1,1.0,1,1.0,1,0.17776959733353068,49
871,2,1325,684,641,0,0,0,1.0,1,1.0,1,1.0,1,0.15989483816486352,49
872,0,1325,684,641,0,0,0,1.0,1,1.0,1,1.0,1,0.15890146656025605,48
873,1,1326,685,641,0,0,0,1.0,1,1.0,1,1.0,1,0.20136441430378144,49
874,3,1329,686,643,0,0,0,1.0,1,1.0,1,1.0,1,0.13715833420463877,49
875,2,1331,688,643,0,0,0,1.0,1,1.0,1,1.0,1,0.18707828575829916,50
876,1,1332,688,644,0,0,0,1.0,1,1.0,1,1.0,1,0.17331029229846062,50
877,3,1335,690,645,0,0,0,1.0,1,1.0,1,1.0,1,0.18641934458395715,50
878,2,1337,691,646,0,0,0,1.0,1,1.0,1,1.0,1,0.2019638635719314,49
879,2,1339,692,647,0,0,0,1.0,1,1.0,1,1.0,1,0.1995768967886983,49
880,1,1340,692,648,0,0,0,1.0,1,1.0,1,1.0,1,0.19925548343550026,48
881,4,1344,694,650,0,0,0,1.0,1,1.0,1,1.0,1,0.18950034476884423,49
882,0,1344,694,650,0,0,0,1.0,1,1.0,1,1.0,1,0.2124875358680448,48
883,0,1344,694,650,0,0,0,1.0,1,1.0,1,1.0,1,0.19850745734774217,50
884,0,1344,694,650,0,0,0,1.0,1,1.0,1,1.0,1,0.2006515622154076,50
885,1,1345,695,650,0,0,0,1.0,1,1.0,1,1.0,1,0.18284503610433556,49
886,3,1348,696,652,0,0,0,1.0,1,1.0,1,1.0,1,0.19061208227831133,49
887,1,1349,696,653,0,0,0,1.0,1,1.0,1,1.0,1,0.17483577579290258,49
888,0,1349,696,653,0,0,0,1.0,1,1.0,1,1.0,1,0.207382602315255,47
889,1,1350,696,654,0,0,0,1.0,1,1.0,1,1.0,1,0.19333791119415494,46
890,0,1350,696,654,0,0,0,1.0,1,1.0,1,1.0,1,0.18729848479502376,44
891,1,1351,697,654,0,0,0,1.0,1,1.0,1,1.0,1,0.21788626828814203,45
892,2,1353,698,655,0,0,0,1.0,1,1.0,1,1.0,1,0.19274496336519067,45
893,1,1354,699,655,0,0,0,1.0,1,1.0,1,1.0,1,0.240387672107988,45
894,0,1354,699,655,0,0,0,1.0,1,1.0,1,1.0,1,0.2220310156155399,44
895,1,1355,699,656,0,0,0,1.0,1,1.0,1,1.0,1,0.2170781571467892,45
896,2,1357,700,657,0,0,0,1.0,1,1.0,1,1.0,1,0.20030889007326064,44
897,0,1357,700,657,0,0,0,1.0,1,1.0,1,1.0,1,0.20030889007326064,44
898,2,1359,702,657,0,0,0,1.0,1,1.0,1,1.0,1,0.21064288404720166,45
899,1,1360,702,658,0,0,0,1.0,1,1.0,1,1.0,1,0.2149894780847745,44
900,2,1362,703,659,0,0,0,1.0,1,1.0,1,1.0,1,0.22437794229311808,46
901,2,1364,703,661,0,0,0,1.0,1,1.0,1,1.0,1,0.19109286644012052,45
902,2,1366,705,661,0,0,0,1.0,1,1.0,1,1.0,1,0.19690910526994637,45
903,5,1371,708,663,0,0,0,1.0,1,1.0,1,1.0,1,0.2801260663146886,44
904,2,1373,708,665,0,0,0,1.0,1,1.0,1,1.0,1,0.19839948595441656,45
905,2,1375,708,667,0,0,0,1.0,1,1.0,1,1.0,1,0.2137247245649862,45
906,0,1375,708,667,0,0,0,1.0,1,1.0,1,1.0,1,0.2137247245649862,45
907,1,1376,708,668,0,0,0,1.0,1,1.0,1,1.0,1,0.19070806327329942,46
908,4,1380,710,670,0,0,0,1.0,1,1.0,1,1.0,1,0.15926774953317163,46
909,6,1386,714,672,0,0,0,1.0,1,1.0,1,1.0,1,0.1595876297574853,46
910,0,1386,714,672,0,0,0,1.0,1,1.0,1,1.0,1,0.18198912742141612,44
911,2,1388,715,673,0,0,0,1.0,1,1.0,1,1.0,1,0.16036997980491283,45
912,0,1388,715,673,0,0,0,1.0,1,1.0,1,1.0,1,0.17923397991431214,44
913,1,1389,715,674,0,0,0,1.0,1,1.0,1,1.0,1,0.1876216955712002,45
914,2,1391,717,674,0,0,0,1.0,1,1.0,1,1.0,1,0.21263300914822597,45
915,0,1391,717,674,0,0,0,1.0,1,1.0,1,1.0,1,0.21263300914822597,45
916,0,1391,717,674,0,0,0,1.0,1,1.0,1,1.0,1,0.21263300914822597,45
917,2,1393,717,676,0,0,0,1.0,1,1.0,1,1.0,1,0.20194619370399294,46
918,1,1394,718,676,0,0,0,1.0,1,1.0,1,1.0,1,0.23080291886612764,47
919,1,1395,718,677,0,0,0,1.0,1,1.0,1,1.0,1,0.2227126705310379,47
920,1,1396,718,678,0,0,0,1.0,1,1.0,1,1.0,1,0.2033850638144381,47
921,6,1402,721,681,0,0,0,1.0,1,1.0,1,1.0,1,0.14529922473933124,49
922,1,1403,722,681,0,0,0,1.0,1,1.0,1,1.0,1,0.13883685069380214,49
923,1,1404,723,681,0,0,0,1.0,1,1.0,1,1.0,1,0.1470448301888346,47
924,2,1406,725,681,0,0,0,1.0,1,1.0,1,1.0,1,0.17369040327352792,47
925,3,1409,726,683,0,0,0,1.0,1,1.0,1,1.0,1,0.22686224917932105,47
926,2,1411,727,684,0,0,0,1.0,1,1.0,1,1.0,1,0.25188206575371996,46
927,1,1412,727,685,0,0,0,1.0,1,1.0,1,1.0,1,0.26334339042852495,45
928,0,1412,727,685,0,0,0,1.0,1,1.0,1,1.0,1,0.2682942768459286,43
929,0,1412,727,685,0,0,0,1.0,1,1.0,1,1.0,1,0.2907284016390906,42
930,2,1414,728,686,0,0,0,1.0,1,1.0,1,1.0,1,0.28650466025687227,41
931,4,1418,730,688,0,0,0,1.0,1,1.0,1,1.0,1,0.2746374324107498,40
932,3,1421,730,691,0,0,0,1.0,1,1.0,1,1.0,1,0.18640265141846732,40
933,0,1421,730,691,0,0,0,1.0,1,1.0,1,1.0,1,0.19708777076594858,39
934,1,1422,731,691,0,0,0,1.0,1,1.0,1,1.0,1,0.2090957088701678,39
935,3,1425,733,692,0,0,0,1.0,1,1.0,1,1.0,1,0.23406583733901026,41
936,2,1427,733,694,0,0,0,1.0,1,1.0,1,1.0,1,0.17360097385318285,42
937,2,1429,734,695,0,0,0,1.0,1,1.0,1,1.0,1,0.21100655163409354,43
938,1,1430,734,696,0,0,0,1.0,1,1.0,1,1.0,1,0.21803672855412196,44
939,2,1432,734,698,0,0,0,1.0,1,1.0,1,1.0,1,0.21112989275966676,46
940,0,1432,734,698,0,0,0,1.0,1,1.0,1,1.0,1,0.23001775727300558,46
941,2,1434,735,699,0,0,0,1.0,1,1.0,1,1.0,1,0.24388090823128422,46
942,2,1436,737,699,0,0,0,1.0,1,1.0,1,1.0,1,0.2707778152077937,46
943,3,1439,737,702,0,0,0,1.0,1,1.0,1,1.0,1,0.20278320499559271,45
944,2,1441,739,702,0,0,0,1.0,1,1.0,1,1.0,1,0.19444127247726603,45
945,0,1441,739,702,0,0,0,1.0,1,1.0,1,1.0,1,0.2134627350112652,44
946,3,1444,741,703,0,0,0,1.0,1,1.0,1,1.0,1,0.2185967900226528,46
947,0,1444,741,703,0,0,0,1.0,1,1.0,1,1.0,1,0.21231486050191914,44
948,2,1446,743,703,0,0,0,1.0,1,1.0,1,1.0,1,0.2710444892950499,44
949,1,1447,743,704,0,0,0,1.0,1,1.0,1,1.0,1,0.2696007601929166,44
950,2,1449,744,705,0,0,0,1.0,1,1.0,1,1.0,1,0.24882610513617293,43
951,2,1451,744,707,0,0,0,1.0,1,1.0,1,1.0,1,0.22393531955930024,42
952,1,1452,745,707,0,0,0,1.0,1,1.0,1,1.0,1,0.24578825096251455,42
953,2,1454,745,709,0,0,0,1.0,1,1.0,1,1.0,1,0.20976551767648433,41
954,1,1455,746,709,0,0,0,1.0,1,1.0,1,1.0,1,0.24073620149132705,40
955,2,1457,746,711,0,0,0,1.0,1,1.0,1,1.0,1,0.1897738486038745,42
956,2,1459,748,711,0,0,0,1.0,1,1.0,1,1.0,1,0.21974964240491188,43
957,2,1461,749,712,0,0,0,1.0,1,1.0,1,1.0,1,0.19665474826909007,42
958,0,1461,749,712,0,0,0,1.0,1,1.0,1,1.0,1,0.22117021513977178,43
959,2,1463,750,713,0,0,0,1.0,1,1.0,1,1.0,1,0.26574915479602,45
960,1,1464,751,713,0,0,0,1.0,1,1.0,1,1.0,1,0.2958801824870205,47
961,1,1465,751,714,0,0,0,1.0,1,1.0,1,1.0,1,0.2944481321369087,45
962,2,1467,753,714,0,0,0,1.0,1,1.0,1,1.0,1,0.3471054618837145,45
963,2,1469,754,715,0,0,0,1.0,1,1.0,1,1.0,1,0.37129478688659073,44
964,0,1469,754,715,0,0,0,1.0,1,1.0,1,1.0,1,0.3615474620553228,44
965,6,1475,754,721,0,0,0,1.0,1,1.0,1,1.0,1,0.23578992402288265,45
966,2,1477,754,723,0,0,0,1.0,1,1.0,1,1.0,1,0.22956195440225338,43
967,0,1477,754,723,0,0,0,1.0,1,1.0,1,1.0,1,0.22956195440225338,43
968,0,1477,754,723,0,0,0,1.0,1,1.0,1,1.0,1,0.23517915939120712,43
969,1,1478,754,724,0,0,0,1.0,1,1.0,1,1.0,1,0.24436553861705032,42
970,0,1478,754,724,0,0,0,1.0,1,1.0,1,1.0,1,0.2604712763989949,42
971,0,1478,754,724,0,0,0,1.0,1,1.0,1,1.0,1,0.2604712763989949,42
972,1,1479,755,724,0,0,0,1.0,1,1.0,1,1.0,1,0.25095119091962276,42
973,1,1480,755,725,0,0,0,1.0,1,1.0,1,1.0,1,0.2493331946450489,43
974,2,1482,757,725,0,0,0,1.0,1,1.0,1,1.0,1,0.26041711202384904,43
975,2,1484,757,727,0,0,0,1.0,1,1.0,1,1.0,1,0.2386542146744688,43
976,1,1485,757,728,0,0,0,1.0,1,1.0,1,1.0,1,0.23831227120231846,45
977,0,1485,757,728,0,0,0,1.0,1,1.0,1,1.0,1,0.2586165057062616,44
978,1,1486,758,728,0,0,0,1.0,1,1.0,1,1.0,1,0.26982822303012954,44
979,1,1487,758,729,0,0,0,1.0,1,1.0,1,1.0,1,0.27484525778789487,45
980,1,1488,759,729,0,0,0,1.0,1,1.0,1,1.0,1,0.2920543092822709,45
981,2,1490,760,730,0,0,0,1.0,1,1.0,1,1.0,1,0.261856564276684,45
982,1,1491,761,730,0,0,0,1.0,1,1.0,1,1.0,1,0.2991209556553618,46
983,4,1495,764,731,0,0,0,1.0,1,1.0,1,1.0,1,0.2896690594718451,45
984,1,1496,765,731,0,0,0,1.0,1,1.0,1,1.0,1,0.280511707371254,45
985,4,1500,769,731,0,0,0,1.0,1,1.0,1,1.0,1,0.3253394066413976,45
986,3,1503,772,731,0,0,0,1.0,1,1.0,1,1.0,1,0.37689859197520825,44
987,5,1508,772,736,0,0,0,1.0,1,1.0,1,1.0,1,0.3425390589008027,45
988,3,1511,774,737,0,0,0,1.0,1,1.0,1,1.0,1,0.3440567881517254,44
989,2,1513,775,738,0,0,0,1.0,1,1.0,1,1.0,1,0.3456480534353666,43
990,2,1515,777,738,0,0,0,1.0,1,1.0,1,1.0,1,0.3462769038083424,42
991,0,1515,777,738,0,0,0,1.0,1,1.0,1,1.0,1,0.3264705788662335,42
992,0,1515,777,738,0,0,0,1.0,1,1.0,1,1.0,1,0.3175430498643484,43
993,1,1516,778,738,0,0,0,1.0,1,1.0,1,1.0,1,0.34460645532510137,43
994,2,1518,779,739,0,0,0,1.0,1,1.0,1,1.0,1,0.3717966184923896,43
995,1,1519,779,740,0,0,0,1.0,1,1.0,1,1.0,1,0.33623745028834834,43
996,0,1519,779,740,0,0,0,1.0,1,1.0,1,1.0,1,0.3448736965783995,44
997,1,1520,779,741,0,0,0,1.0,1,1.0,1,1.0,1,0.3344557421055399,44
998,2,1522,779,743,0,0,0,1.0,1,1.0,1,1.0,1,0.32894084018106245,45
999,0,1522,779,743,0,0,0,1.0,1,1.0,1,1.0,1,0.3333919630107085,42
1000,0,1522,779,743,0,0,0,1.0,1,1.0,1,1.0,1,0.34424252834085545,43
1001,1,1523,779,744,0,0,0,1.0,1,1.0,1,1.0,1,0.3541898700442333,42
1002,1,1524,779,745,0,0,0,1.0,1,1.0,1,1.0,1,0.33247723633015086,43
1003,0,1524,779,745,0,0,0,1.0,1,1.0,1,1.0,1,0.33247723633015086,43
1004,0,1524,779,745,0,0,0,1.0,1,1.0,1,1.0,1,0.33247723633015086,43
1005,0,1524,779,745,0,0,0,1.0,1,1.0,1,1.0,1,0.3362382248878898,44
1006,3,1527,779,748,0,0,0,1.0,1,1.0,1,1.0,1,0.296172643944854,46
1007,1,1528,779,749,0,0,0,1.0,1,1.0,1,1.0,1,0.28389390100491674,46
1008,1,1529,779,750,0,0,0,1.0,1,1.0,1,1.0,1,0.28155625119029254,47
1009,3,1532,779,753,0,0,0,1.0,1,1.0,1,1.0,1,0.2258595273828247,48
1010,0,1532,779,753,0,0,0,1.0,1,1.0,1,1.0,1,0.2258595273828247,48
1011,0,1532,779,753,0,0,0,1.0,1,1.0,1,1.0,1,0.2258595273828247,48
1012,2,1534,781,753,0,0,0,1.0,1,1.0,1,1.0,1,0.22996182754359493,49
1013,2,1536,782,754,0,0,0,1.0,1,1.0,1,1.0,1,0.21506624597321822,50
1014,1,1537,783,754,0,0,0,1.0,1,1.0,1,1.0,1,0.22591763727822944,50
1015,1,1538,783,755,0,0,0,1.0,1,1.0,1,1.0,1,0.2285292269550201,51
1016,2,1540,784,756,0,0,0,1.0,1,1.0,1,1.0,1,0.22276169489561765,51
1017,3,1543,784,759,0,0,0,1.0,1,1.0,1,1.0,1,0.2026221288117777,52
1018,3,1546,785,761,0,0,0,1.0,1,1.0,1,1.0,1,0.18357163006125785,52
1019,1,1547,785,762,0,0,0,1.0,1,1.0,1,1.0,1,0.19971826932079936,52
1020,1,1548,785,763,0,0,0,1.0,1,1.0,1,1.0,1,0.17047153068389087,53
1021,2,1550,785,765,0,0,0,1.0,1,1.0,1,1.0,1,0.16492766417395646,53
1022,0,1550,785,765,0,0,0,1.0,1,1.0,1,1.0,1,0.17010981433316882,54
1023,1,1551,786,765,0,0,0,1.0,1,1.0,1,1.0,1,0.18957275802899767,55
1024,0,1551,786,765,0,0,0,1.0,1,1.0,1,1.0,1,0.18893163746133246,55
1025,1,1552,786,766,0,0,0,1.0,1,1.0,1,1.0,1,0.17336299295470628,56
1026,3,1555,788,767,0,0,0,1.0,1,1.0,1,1.0,1,0.20310772852682057,57
1027,1,1556,788,768,0,0,0,1.0,1,1.0,1,1.0,1,0.19796944875376854,58
1028,1,1557,788,769,0,0,0,1.0,1,1.0,1,1.0,1,0.17076951651059932,58
1029,1,1558,789,769,0,0,0,1.0,1,1.0,1,1.0,1,0.17476425587979916,59
1030,0,1558,789,769,0,0,0,1.0,1,1.0,1,1.0,1,0.18257432229380244,60
1031,0,1558,789,769,0,0,0,1.0,1,1.0,1,1.0,1,0.18257432229380244,60
1032,1,1559,790,769,0,0,0,1.0,1,1.0,1,1.0,1,0.2125251233027253,61
1033,5,1564,790,774,0,0,0,1.0,1,1.0,1,1.0,1,0.12440322611373252,60
1034,1,1565,791,774,0,0,0,1.0,1,1.0,1,1.0,1,0.1459652344427534,60
1035,2,1567,792,775,0,0,0,1.0,1,1.0,1,1.0,1,0.14117401624523265,59
1036,2,1569,794,775,0,0,0,1.0,1,1.0,1,1.0,1,0.17653905641981504,60
1037,3,1572,797,775,0,0,0,1.0,1,1.0,1,1.0,1,0.20136645439508502,59
1038,4,1576,801,775,0,0,0,1.0,1,1.0,1,1.0,1,0.22917065747220386,60
1039,5,1581,803,778,0,0,0,1.0,1,1.0,1,1.0,1,0.21223854368204187,60
1040,2,1583,805,778,0,0,0,1.0,1,1.0,1,1.0,1,0.24441331457037974,58
1041,3,1586,806,780,0,0,0,1.0,1,1.0,1,1.0,1,0.2004232432788994,56
1042,1,1587,807,780,0,0,0,1.0,1,1.0,1,1.0,1,0.19028129273498898,55
1043,1,1588,807,781,0,0,0,1.0,1,1.0,1,1.0,1,0.1824607458339198,55
1044,0,1588,807,781,0,0,0,1.0,1,1.0,1,1.0,1,0.1805065652211788,52
1045,1,1589,807,782,0,0,0,1.0,1,1.0,1,1.0,1,0.16299892419977552,52
1046,1,1590,808,782,0,0,0,1.0,1,1.0,1,1.0,1,0.18769391304080432,53
1047,2,1592,809,783,0,0,0,1.0,1,1.0,1,1.0,1,0.14549809850909776,54
1048,3,1595,810,785,0,0,0,1.0,1,1.0,1,1.0,1,0.16017854994306704,56
1049,2,1597,812,785,0,0,0,1.0,1,1.0,1,1.0,1,0.18986351152114936,55
1050,0,1597,812,785,0,0,0,1.0,1,1.0,1,1.0,1,0.1937861268245461,56
1051,2,1599,813,786,0,0,0,1.0,1,1.0,1,1.0,1,0.13595677368860096,55
1052,0,1599,813,786,0,0,0,1.0,1,1.0,1,1.0,1,0.15412601977640272,56
1053,0,1599,813,786,0,0,0,1.0,1,1.0,1,1.0,1,0.15412601977640272,56
1054,1,1600,814,786,0,0,0,1.0,1,1.0,1,1.0,1,0.14924342341052646,57
1055,1,1601,815,786,0,0,0,1.0,1,1.0,1,1.0,1,0.15984004058645646,58
1056,1,1602,815,787,0,0,0,1.0,1,1.0,1,1.0,1,0.16637814087687433,59
1057,1,1603,816,787,0,0,0,1.0,1,1.0,1,1.0,1,0.19360319331098488,60
1058,1,1604,817,787,0,0,0,1.0,1,1.0,1,1.0,1,0.2151928519774747,60
1059,3,1607,818,789,0,0,0,1.0,1,1.0,1,1.0,1,0.19021280144220212,60
1060,2,1609,819,790,0,0,0,1.0,1,1.0,1,1.0,1,0.20301144539871166,60
1061,5,1614,822,792,0,0,0,1.0,1,1.0,1,1.0,1,0.16719332739225212,59
1062,1,1615,822,793,0,0,0,1.0,1,1.0,1,1.0,1,0.16657191727326986,59
1063,5,1620,825,795,0,0,0,1.0,1,1.0,1,1.0,1,0.16910569466383182,58
1064,4,1624,828,796,0,0,0,1.0,1,1.0,1,1.0,1,0.23280630055808196,58
1065,5,1629,830,799,0,0,0,1.0,1,1.0,1,1.0,1,0.20021157621087668,60
1066,5,1634,832,802,0,0,0,1.0,1,1.0,1,1.0,1,0.17918963442987648,58
1067,4,1638,833,805,0,0,0,1.0,1,1.0,1,1.0,1,0.18144780560665902,59
1068,0,1638,833,805,0,0,0,1.0,1,1.0,1,1.0,1,0.18144780560665902,59
1069,2,1640,834,806,0,0,0,1.0,1,1.0,1,1.0,1,0.21492315902045495,58
1070,1,1641,835,806,0,0,0,1.0,1,1.0,1,1.0,1,0.2192012395496849,58
1071,2,1643,836,807,0,0,0,1.0,1,1.0,1,1.0,1,0.22762691144456193,57
1072,0,1643,836,807,0,0,0,1.0,1,1.0,1,1.0,1,0.2109169144144079,56
1073,3,1646,836,810,0,0,0,1.0,1,1.0,1,1.0,1,0.2056208395466659,54
1074,2,1648,837,811,0,0,0,1.0,1,1.0,1,1.0,1,0.21003971828720405,54
1075,2,1650,839,811,0,0,0,1.0,1,1.0,1,1.0,1,0.19617164874278364,51
1076,1,1651,839,812,0,0,0,1.0,1,1.0,1,1.0,1,0.19076615509094483,51
1077,1,1652,839,813,0,0,0,1.0,1,1.0,1,1.0,1,0.17840575355523022,51
1078,4,1656,840,816,0,0,0,1.0,1,1.0,1,1.0,1,0.19018923088494036,52
1079,4,1660,844,816,0,0,0,1.0,1,1.0,1,1.0,1,0.2049182401140937,51
1080,3,1663,846,817,0,0,0,1.0,1,1.0,1,1.0,1,0.224514979750664,51
1081,4,1667,847,820,0,0,0,1.0,1,1.0,1,1.0,1,0.2074613877424871,48
1082,1,1668,848,820,0,0,0,1.0,1,1.0,1,1.0,1,0.2713760198466262,47
1083,2,1670,849,821,0,0,0,1.0,1,1.0,1,1.0,1,0.29609506573663846,46
1084,2,1672,849,823,0,0,0,1.0,1,1.0,1,1.0,1,0.26887676337850225,45
1085,0,1672,849,823,0,0,0,1.0,1,1.0,1,1.0,1,0.2687465856149608,46
1086,2,1674,849,825,0,0,0,1.0,1,1.0,1,1.0,1,0.23698132487018828,45
1087,1,1675,849,826,0,0,0,1.0,1,1.0,1,1.0,1,0.24574632069424687,44
1088,1,1676,849,827,0,0,0,1.0,1,1.0,1,1.0,1,0.22785808380355635,45
1089,1,1677,850,827,0,0,0,1.0,1,1.0,1,1.0,1,0.23156587277400612,46
1090,0,1677,850,827,0,0,0,1.0,1,1.0,1,1.0,1,0.2330742635425162,47
1091,3,1680,852,828,0,0,0,1.0,1,1.0,1,1.0,1,0.2411993910745793,47
1092,0,1680,852,828,0,0,0,1.0,1,1.0,1,1.0,1,0.23729149258462742,48
1093,1,1681,853,828,0,0,0,1.0,1,1.0,1,1.0,1,0.23187060596895612,48
1094,1,1682,854,828,0,0,0,1.0,1,1.0,1,1.0,1,0.25268991358788456,48
1095,2,1684,854,830,0,0,0,1.0,1,1.0,1,1.0,1,0.2378404686665876,49
1096,1,1685,854,831,0,0,0,1.0,1,1.0,1,1.0,1,0.22114464833246966,49
1097,2,1687,855,832,0,0,0,1.0,1,1.0,1,1.0,1,0.24166300710549588,50
1098,1,1688,855,833,0,0,0,1.0,1,1.0,1,1.0,1,0.23801819307399383,51
1099,1,1689,855,834,0,0,0,1.0,1,1.0,1,1.0,1,0.23057396039806813,54
1100,1,1690,855,835,0,0,0,1.0,1,1.0,1,1.0,1,0.21457515406256136,54
1101,0,1690,855,835,0,0,0,1.0,1,1.0,1,1.0,1,0.21457515406256136,54
1102,1,1691,856,835,0,0,0,1.0,1,1.0,1,1.0,1,0.23261931783584325,54
1103,3,1694,857,837,0,0,0,1.0,1,1.0,1,1.0,1,0.22418362096713326,53
1104,2,1696,859,837,0,0,0,1.0,1,1.0,1,1.0,1,0.21384400704174664,53
1105,3,1699,859,840,0,0,0,1.0,1,1.0,1,1.0,1,0.17010084822782084,52
1106,5,1704,861,843,0,0,0,1.0,1,1.0,1,1.0,1,0.1399400416289706,52
1107,2,1706,863,843,0,0,0,1.0,1,1.0,1,1.0,1,0.18241836361297958,52
1108,1,1707,864,843,0,0,0,1.0,1,1.0,1,1.0,1,0.1981796180783582,51
1109,4,1711,868,843,0,0,0,1.0,1,1.0,1,1.0,1,0.2000449916350924,49
1110,1,1712,869,843,0,0,0,1.0,1,1.0,1,1.0,1,0.22077791840274133,48
1111,2,1714,871,843,0,0,0,1.0,1,1.0,1,1.0,1,0.2787849972842283,47
1112,1,1715,872,843,0,0,0,1.0,1,1.0,1,1.0,1,0.31223068482496225,46
1113,2,1717,873,844,0,0,0,1.0,1,1.0,1,1.0,1,0.31330371065499013,43
1114,2,1719,874,845,0,0,0,1.0,1,1.0,1,1.0,1,0.3501382024537824,41
1115,5,1724,876,848,0,0,0,1.0,1,1.0,1,1.0,1,0.2883309537142656,40
1116,2,1726,877,849,0,0,0,1.0,1,1.0,1,1.0,1,0.28271597386403674,39
1117,5,1731,880,851,0,0,0,1.0,1,1.0,1,1.0,1,0.31901024536996664,40
1118,1,1732,881,851,0,0,0,1.0,1,1.0,1,1.0,1,0.3059011102125413,40
1119,5,1737,881,856,0,0,0,1.0,1,1.0,1,1.0,1,0.20558318911636456,40
1120,0,1737,881,856,0,0,0,1.0,1,1.0,1,1.0,1,0.20558318911636456,40
1121,1,1738,882,856,0,0,0,1.0,1,1.0,1,1.0,1,0.23265016437569036,40
1122,0,1738,882,856,0,0,0,1.0,1,1.0,1,1.0,1,0.2452962431348349,41
1123,2,1740,883,857,0,0,0,1.0,1,1.0,1,1.0,1,0.2760897240160353,41
1124,0,1740,883,857,0,0,0,1.0,1,1.0,1,1.0,1,0.2760897240160353,41
1125,2,1742,883,859,0,0,0,1.0,1,1.0,1,1.0,1,0.26859668714020773,41
1126,1,1743,884,859,0,0,0,1.0,1,1.0,1,1.0,1,0.2177002520544182,41
1127,0,1743,884,859,0,0,0,1.0,1,1.0,1,1.0,1,0.2177002520544182,41
1128,0,1743,884,859,0,0,0,1.0,1,1.0,1,1.0,1,0.23496767170010863,42
1129,1,1744,885,859,0,0,0,1.0,1,1.0,1,1.0,1,0.2492030602669629,42
1130,1,1745,885,860,0,0,0,1.0,1,1.0,1,1.0,1,0.23458385267964543,42
1131,1,1746,886,860,0,0,0,1.0,1,1.0,1,1.0,1,0.22099882957114703,42
1132,1,1747,886,861,0,0,0,1.0,1,1.0,1,1.0,1,0.17717757412635834,43
1133,1,1748,886,862,0,0,0,1.0,1,1.0,1,1.0,1,0.14276081443547387,45
1134,2,1750,886,864,0,0,0,1.0,1,1.0,1,1.0,1,0.1264461926552002,46
1135,0,1750,886,864,0,0,0,1.0,1,1.0,1,1.0,1,0.14135762250908623,45
1136,0,1750,886,864,0,0,0,1.0,1,1.0,1,1.0,1,0.1661337656994276,48
1137,2,1752,886,866,0,0,0,1.0,1,1.0,1,1.0,1,0.17313109633576118,49
1138,0,1752,886,866,0,0,0,1.0,1,1.0,1,1.0,1,0.17313109633576118,49
1139,1,1753,886,867,0,0,0,1.0,1,1.0,1,1.0,1,0.18644551835476791,49
1140,2,1755,888,867,0,0,0,1.0,1,1.0,1,1.0,1,0.20644295153895717,49
1141,4,1759,889,870,0,0,0,1.0,1,1.0,1,1.0,1,0.21540610370194277,48
1142,3,1762,892,870,0,0,0,1.0,1,1.0,1,1.0,1,0.21506658975767534,48
1143,7,1769,897,872,0,0,0,1.0,1,1.0,1,1.0,1,0.23532880914008855,48
1144,4,1773,899,874,0,0,0,1.0,1,1.0,1,1.0,1,0.19408517569290779,48
1145,4,1777,900,877,0,0,0,1.0,1,1.0,1,1.0,1,0.1620705536533304,48
1146,4,1781,903,878,0,0,0,1.0,1,1.0,1,1.0,1,0.14633010963333626,48
1147,1,1782,903,879,0,0,0,1.0,1,1.0,1,1.0,1,0.15180187298339898,46
1148,1,1783,904,879,0,0,0,1.0,1,1.0,1,1.0,1,0.1489545171001838,46
1149,1,1784,905,879,0,0,0,1.0,1,1.0,1,1.0,1,0.22327137676172137,45
1150,3,1787,907,880,0,0,0,1.0,1,1.0,1,1.0,1,0.2333511018048276,46
1151,3,1790,909,881,0,0,0,1.0,1,1.0,1,1.0,1,0.20614534556857989,44
1152,0,1790,909,881,0,0,0,1.0,1,1.0,1,1.0,1,0.21536052835476593,44
1153,2,1792,911,881,0,0,0,1.0,1,1.0,1,1.0,1,0.22807447765015978,43
1154,1,1793,912,881,0,0,0,1.0,1,1.0,1,1.0,1,0.20546336235196355,43
1155,3,1796,913,883,0,0,0,1.0,1,1.0,1,1.0,1,0.20806330321100058,43
1156,0,1796,913,883,0,0,0,1.0,1,1.0,1,1.0,1,0.19137124045495923,42
1157,1,1797,914,883,0,0,0,1.0,1,1.0,1,1.0,1,0.23432681693966886,42
1158,0,1797,914,883,0,0,0,1.0,1,1.0,1,1.0,1,0.2196054365861407,41
1159,0,1797,914,883,0,0,0,1.0,1,1.0,1,1.0,1,0.22200318372333203,41
1160,0,1797,914,883,0,0,0,1.0,1,1.0,1,1.0,1,0.22200318372333203,41
1161,0,1797,914,883,0,0,0,1.0,1,1.0,1,1.0,1,0.22912061301262124,42
1162,0,1797,914,883,0,0,0,1.0,1,1.0,1,1.0,1,0.23302308068966537,43
1163,0,1797,914,883,0,0,0,1.0,1,1.0,1,1.0,1,0.23302308068966537,43
1164,0,1797,914,883,0,0,0,1.0,1,1.0,1,1.0,1,0.22222474777037113,44
1165,0,1797,914,883,0,0,0,1.0,1,1.0,1,1.0,1,0.22222474777037113,44
1166,3,1800,915,885,0,0,0,1.0,1,1.0,1,1.0,1,0.25053782766612553,46
1167,2,1802,916,886,0,0,0,1.0,1,1.0,1,1.0,1,0.21592058193449246,46
1168,1,1803,916,887,0,0,0,1.0,1,1.0,1,1.0,1,0.20484237126918764,47
1169,2,1805,918,887,0,0,0,1.0,1,1.0,1,1.0,1,0.19791648459551997,46
1170,1,1806,918,888,0,0,0,1.0,1,1.0,1,1.0,1,0.18379518835898528,48
1171,3,1809,920,889,0,0,0,1.0,1,1.0,1,1.0,1,0.19674995090060807,49
1172,0,1809,920,889,0,0,0,1.0,1,1.0,1,1.0,1,0.19674995090060807,49
1173,0,1809,920,889,0,0,0,1.0,1,1.0,1,1.0,1,0.19674995090060807,49
1174,1,1810,921,889,0,0,0,1.0,1,1.0,1,1.0,1,0.206704019768695,49
1175,0,1810,921,889,0,0,0,1.0,1,1.0,1,1.0,1,0.21545394773255436,50
1176,1,1811,921,890,0,0,0,1.0,1,1.0,1,1.0,1,0.2069890468767779,52
1177,3,1814,923,891,0,0,0,1.0,1,1.0,1,1.0,1,0.22078964081114247,52
1178,0,1814,923,891,0,0,0,1.0,1,1.0,1,1.0,1,0.22078964081114247,52
1179,0,1814,923,891,0,0,0,1.0,1,1.0,1,1.0,1,0.20497189533647972,53
1180,0,1814,923,891,0,0,0,1.0,1,1.0,1,1.0,1,0.199638857404082,54
1181,0,1814,923,891,0,0,0,1.0,1,1.0,1,1.0,1,0.210816634540682,55
1182,1,1815,924,891,0,0,0,1.0,1,1.0,1,1.0,1,0.21501751059946067,55
1183,2,1817,925,892,0,0,0,1.0,1,1.0,1,1.0,1,0.2345084291690945,53
1184,3,1820,926,894,0,0,0,1.0,1,1.0,1,1.0,1,0.20995736510628263,54
1185,1,1821,926,895,0,0,0,1.0,1,1.0,1,1.0,1,0.20369046083321954,53
1186,1,1822,927,895,0,0,0,1.0,1,1.0,1,1.0,1,0.245731865381083,54
1187,5,1827,928,899,0,0,0,1.0,1,1.0,1,1.0,1,0.23816414586128143,55
1188,0,1827,928,899,0,0,0,1.0,1,1.0,1,1.0,1,0.23816414586128143,55
1189,3,1830,928,902,0,0,0,1.0,1,1.0,1,1.0,1,0.19244163262804007,54
1190,2,1832,929,903,0,0,0,1.0,1,1.0,1,1.0,1,0.17829216889876617,55
1191,2,1834,929,905,0,0,0,1.0,1,1.0,1,1.0,1,0.14792905851660926,54
1192,1,1835,930,905,0,0,0,1.0,1,1.0,1,1.0,1,0.16657323486944156,52
1193,2,1837,930,907,0,0,0,1.0,1,1.0,1,1.0,1,0.13524422197336647,53
1194,2,1839,932,907,0,0,0,1.0,1,1.0,1,1.0,1,0.16996819745381736,53
1195,0,1839,932,907,0,0,0,1.0,1,1.0,1,1.0,1,0.16447604397320573,54
1196,2,1841,933,908,0,0,0,1.0,1,1.0,1,1.0,1,0.1427841571429666,56
1197,2,1843,935,908,0,0,0,1.0,1,1.0,1,1.0,1,0.1516602953039365,56
1198,2,1845,936,909,0,0,0,1.0,1,1.0,1,1.0,1,0.16590053212751096,58
1199,2,1847,937,910,0,0,0,1.0,1,1.0,1,1.0,1,0.17926486046819445,58
1200,1,1848,937,911,0,0,0,1.0,1,1.0,1,1.0,1,0.16143274013722525,58
1201,1,1849,938,911,0,0,0,1.0,1,1.0,1,1.0,1,0.1710673376987669,58
1202,0,1849,938,911,0,0,0,1.0,1,1.0,1,1.0,1,0.15672308102656932,60
1203,0,1849,938,911,0,0,0,1.0,1,1.0,1,1.0,1,0.16284214745813783,58
1204,4,1853,939,914,0,0,0,1.0,1,1.0,1,1.0,1,0.1423861034624287,59
1205,1,1854,940,914,0,0,0,1.0,1,1.0,1,1.0,1,0.15967239399526492,59
1206,0,1854,940,914,0,0,0,1.0,1,1.0,1,1.0,1,0.18022980013466958,58
1207,0,1854,940,914,0,0,0,1.0,1,1.0,1,1.0,1,0.17872261007316145,60
1208,0,1854,940,914,0,0,0,1.0,1,1.0,1,1.0,1,0.17872261007316145,60
1209,0,1854,940,914,0,0,0,1.0,1,1.0,1,1.0,1,0.18838037976356156,61
1210,0,1854,940,914,0,0,0,1.0,1,1.0,1,1.0,1,0.18838037976356156,61
1211,0,1854,940,914,0,0,0,1.0,1,1.0,1,1.0,1,0.1728771453905978,63
1212,2,1856,941,915,0,0,0,1.0,1,1.0,1,1.0,1,0.1397496374553087,63
1213,1,1857,942,915,0,0,0,1.0,1,1.0,1,1.0,1,0.1506091618377671,63
1214,1,1858,943,915,0,0,0,1.0,1,1.0,1,1.0,1,0.20183323907489112,62
1215,3,1861,943,918,0,0,0,1.0,1,1.0,1,1.0,1,0.16253719278590417,63
1216,2,1863,944,919,0,0,0,1.0,1,1.0,1,1.0,1,0.21677309577516718,64
1217,2,1865,944,921,0,0,0,1.0,1,1.0,1,1.0,1,0.19624500725680194,65
1218,0,1865,944,921,0,0,0,1.0,1,1.0,1,1.0,1,0.21162386731045904,64
1219,1,1866,944,922,0,0,0,1.0,1,1.0,1,1.0,1,0.21163057153316625,65
1220,2,1868,945,923,0,0,0,1.0,1,1.0,1,1.0,1,0.2230901572381528,64
1221,3,1871,946,925,0,0,0,1.0,1,1.0,1,1.0,1,0.2000220729704162,65
1222,1,1872,946,926,0,0,0,1.0,1,1.0,1,1.0,1,0.18486315560511046,66
1223,3,1875,948,927,0,0,0,1.0,1,1.0,1,1.0,1,0.1794037673508928,64
1224,5,1880,951,929,0,0,0,1.0,1,1.0,1,1.0,1,0.17971042800517847,66
1225,3,1883,953,930,0,0,0,1.0,1,1.0,1,1.0,1,0.17964791986899883,66
1226,3,1886,954,932,0,0,0,1.0,1,1.0,1,1.0,1,0.18706639537424785,68
1227,2,1888,954,934,0,0,0,1.0,1,1.0,1,1.0,1,0.12701186008419993,64
1228,1,1889,954,935,0,0,0,1.0,1,1.0,1,1.0,1,0.10721496383643889,62
1229,1,1890,955,935,0,0,0,1.0,1,1.0,1,1.0,1,0.1252376153872039,61
1230,2,1892,957,935,0,0,0,1.0,1,1.0,1,1.0,1,0.14947264204830385,58
1231,2,1894,958,936,0,0,0,1.0,1,1.0,1,1.0,1,0.1264003547831487,57
1232,2,1896,959,937,0,0,0,1.0,1,1.0,1,1.0,1,0.15247789921219115,53
1233,2,1898,961,937,0,0,0,1.0,1,1.0,1,1.0,1,0.16569824578090447,53
1234,1,1899,961,938,0,0,0,1.0,1,1.0,1,1.0,1,0.15627658497886893,54
1235,0,1899,961,938,0,0,0,1.0,1,1.0,1,1.0,1,0.18273186106044303,55
1236,1,1900,962,938,0,0,0,1.0,1,1.0,1,1.0,1,0.2110789058910104,55
1237,5,1905,963,942,0,0,0,1.0,1,1.0,1,1.0,1,0.17480615112964473,55
1238,0,1905,963,942,0,0,0,1.0,1,1.0,1,1.0,1,0.17824429483185703,54
1239,1,1906,963,943,0,0,0,1.0,1,1.0,1,1.0,1,0.18263765667538626,55
1240,0,1906,963,943,0,0,0,1.0,1,1.0,1,1.0,1,0.18263765667538626,55
1241,0,1906,963,943,0,0,0,1.0,1,1.0,1,1.0,1,0.16566976612824685,54
1242,0,1906,963,943,0,0,0,1.0,1,1.0,1,1.0,1,0.1746129904943924,54
1243,0,1906,963,943,0,0,0,1.0,1,1.0,1,1.0,1,0.17762098940184787,55
1244,1,1907,963,944,0,0,0,1.0,1,1.0,1,1.0,1,0.18024785796001874,55
1245,2,1909,965,944,0,0,0,1.0,1,1.0,1,1.0,1,0.20323636645741083,55
1246,3,1912,967,945,0,0,0,1.0,1,1.0,1,1.0,1,0.2599498013137024,55
1247,6,1918,970,948,0,0,0,1.0,1,1.0,1,1.0,1,0.2770342247241765,57
1248,1,1919,970,949,0,0,0,1.0,1,1.0,1,1.0,1,0.26844806248398134,56
1249,5,1924,974,950,0,0,0,1.0,1,1.0,1,1.0,1,0.27137851082821685,56
1250,6,1930,977,953,0,0,0,1.0,1,1.0,1,1.0,1,0.2274677619490111,56
1251,2,1932,977,955,0,0,0,1.0,1,1.0,1,1.0,1,0.19308003496064574,58
1252,3,1935,978,957,0,0,0,1.0,1,1.0,1,1.0,1,0.18538592509500654,58
1253,3,1938,980,958,0,0,0,1.0,1,1.0,1,1.0,1,0.18670070621863186,58
1254,0,1938,980,958,0,0,0,1.0,1,1.0,1,1.0,1,0.17779675554373262,60
1255,0,1938,980,958,0,0,0,1.0,1,1.0,1,1.0,1,0.1878247784302803,61
1256,0,1938,980,958,0,0,0,1.0,1,1.0,1,1.0,1,0.1878247784302803,61
1257,2,1940,981,959,0,0,0,1.0,1,1.0,1,1.0,1,0.21467928004457493,62
1258,3,1943,981,962,0,0,0,1.0,1,1.0,1,1.0,1,0.17494725344062143,63
1259,0,1943,981,962,0,0,0,1.0,1,1.0,1,1.0,1,0.17494725344062143,63
1260,1,1944,981,963,0,0,0,1.0,1,1.0,1,1.0,1,0.17514638885600653,63
1261,1,1945,981,964,0,0,0,1.0,1,1.0,1,1.0,1,0.156683770130989,63
1262,3,1948,982,966,0,0,0,1.0,1,1.0,1,1.0,1,0.14957130423401138,64
1263,3,1951,984,967,0,0,0,1.0,1,1.0,1,1.0,1,0.17518648202553846,63
1264,2,1953,985,968,0,0,0,1.0,1,1.0,1,1.0,1,0.1534091800497602,63
1265,2,1955,987,968,0,0,0,1.0,1,1.0,1,1.0,1,0.1590436031709629,60
1266,8,1963,991,972,0,0,0,1.0,1,1.0,1,1.0,1,0.15706254656825983,61
1267,1,1964,992,972,0,0,0,1.0,1,1.0,1,1.0,1,0.13346785989087437,58
1268,1,1965,993,972,0,0,0,1.0,1,1.0,1,1.0,1,0.1627650644605986,54
1269,2,1967,994,973,0,0,0,1.0,1,1.0,1,1.0,1,0.1416886489192161,54
1270,1,1968,995,973,0,0,0,1.0,1,1.0,1,1.0,1,0.16475921165755697,51
1271,2,1970,996,974,0,0,0,1.0,1,1.0,1,1.0,1,0.18381313478364256,50
1272,0,1970,996,974,0,0,0,1.0,1,1.0,1,1.0,1,0.19197905381146232,47
1273,3,1973,997,976,0,0,0,1.0,1,1.0,1,1.0,1,0.19275825398717938,47
1274,1,1974,998,976,0,0,0,1.0,1,1.0,1,1.0,1,0.2239135873610573,49
1275,5,1979,1000,979,0,0,0,1.0,1,1.0,1,1.0,1,0.17495487692399916,48
1276,4,1983,1003,980,0,0,0,1.0,1,1.0,1,1.0,1,0.17956830902126247,49
1277,5,1988,1007,981,0,0,0,1.0,1,1.0,1,1.0,1,0.23240749337428293,50
1278,1,1989,1007,982,0,0,0,1.0,1,1.0,1,1.0,1,0.22874696863494956,51
1279,1,1990,1007,983,0,0,0,1.0,1,1.0,1,1.0,1,0.2077265077098656,51
1280,3,1993,1007,986,0,0,0,1.0,1,1.0,1,1.0,1,0.17348890408728124,52
1281,2,1995,1008,987,0,0,0,1.0,1,1.0,1,1.0,1,0.15491290563963214,52
1282,1,1996,1009,987,0,0,0,1.0,1,1.0,1,1.0,1,0.16706553764771445,52
1283,1,1997,1010,987,0,0,0,1.0,1,1.0,1,1.0,1,0.1801465509950245,52
1284,3,2000,1011,989,0,0,0,1.0,1,1.0,1,1.0,1,0.17271531485995437,52
1285,2,2002,1011,991,0,0,0,1.0,1,1.0,1,1.0,1,0.179287452769773,51
1286,0,2002,1011,991,0,0,0,1.0,1,1.0,1,1.0,1,0.1935337355394797,52
1287,1,2003,1012,991,0,0,0,1.0,1,1.0,1,1.0,1,0.23146680168294467,54
1288,3,2006,1012,994,0,0,0,1.0,1,1.0,1,1.0,1,0.19013121715561343,55
1289,0,2006,1012,994,0,0,0,1.0,1,1.0,1,1.0,1,0.19309213981390994,56
1290,1,2007,1012,995,0,0,0,1.0,1,1.0,1,1.0,1,0.15583041407271772,57
1291,0,2007,1012,995,0,0,0,1.0,1,1.0,1,1.0,1,0.17121392138841457,58
1292,1,2008,1013,995,0,0,0,1.0,1,1.0,1,1.0,1,0.16564761380750262,59
1293,0,2008,1013,995,0,0,0,1.0,1,1.0,1,1.0,1,0.16564761380750262,59
1294,2,2010,1015,995,0,0,0,1.0,1,1.0,1,1.0,1,0.18170259983249573,59
1295,1,2011,1016,995,0,0,0,1.0,1,1.0,1,1.0,1,0.19486944024616085,59
1296,1,2012,1016,996,0,0,0,1.0,1,1.0,1,1.0,1,0.2080925737451973,59
1297,6,2018,1017,1001,0,0,0,1.0,1,1.0,1,1.0,1,0.14743259219869384,61
1298,0,2018,1017,1001,0,0,0,1.0,1,1.0,1,1.0,1,0.1603924504297259,61
1299,1,2019,1017,1002,0,0,0,1.0,1,1.0,1,1.0,1,0.14906075414228276,60
1300,0,2019,1017,1002,0,0,0,1.0,1,1.0,1,1.0,1,0.15010337201533955,59
1301,1,2020,1017,1003,0,0,0,1.0,1,1.0,1,1.0,1,0.14838984483889917,59
1302,3,2023,1020,1003,0,0,0,1.0,1,1.0,1,1.0,1,0.16548576663664955,59
1303,7,2030,1025,1005,0,0,0,1.0,1,1.0,1,1.0,1,0.2261610243133389,55
1304,5,2035,1029,1006,0,0,0,1.0,1,1.0,1,1.0,1,0.200945954505246,56
1305,2,2037,1030,1007,0,0,0,1.0,1,1.0,1,1.0,1,0.20709863223929306,54
1306,1,2038,1031,1007,0,0,0,1.0,1,1.0,1,1.0,1,0.21121058553938477,53
1307,4,2042,1033,1009,0,0,0,1.0,1,1.0,1,1.0,1,0.2023088232095507,52
1308,2,2044,1035,1009,0,0,0,1.0,1,1.0,1,1.0,1,0.18815019822031123,52
1309,2,2046,1036,1010,0,0,0,1.0,1,1.0,1,1.0,1,0.2035051186108902,54
1310,1,2047,1037,1010,0,0,0,1.0,1,1.0,1,1.0,1,0.2089009256404174,52
1311,1,2048,1038,1010,0,0,0,1.0,1,1.0,1,1.0,1,0.2137699151157018,51
1312,1,2049,1039,1010,0,0,0,1.0,1,1.0,1,1.0,1,0.24616473424972019,49
1313,0,2049,1039,1010,0,0,0,1.0,1,1.0,1,1.0,1,0.24665869680789,47
1314,1,2050,1040,1010,0,0,0,1.0,1,1.0,1,1.0,1,0.23275307480380025,46
1315,2,2052,1040,1012,0,0,0,1.0,1,1.0,1,1.0,1,0.20725387472810097,45
1316,3,2055,1042,1013,0,0,0,1.0,1,1.0,1,1.0,1,0.18456731899646,46
1317,0,2055,1042,1013,0,0,0,1.0,1,1.0,1,1.0,1,0.16758976664934405,45
1318,3,2058,1044,1014,0,0,0,1.0,1,1.0,1,1.0,1,0.18071008178143988,46
1319,0,2058,1044,1014,0,0,0,1.0,1,1.0,1,1.0,1,0.18071008178143988,46
1320,0,2058,1044,1014,0,0,0,1.0,1,1.0,1,1.0,1,0.18071008178143988,46
1321,0,2058,1044,1014,0,0,0,1.0,1,1.0,1,1.0,1,0.17276485643550693,48
1322,0,2058,1044,1014,0,0,0,1.0,1,1.0,1,1.0,1,0.18837841812086042,49
1323,0,2058,1044,1014,0,0,0,1.0,1,1.0,1,1.0,1,0.20992293378725382,49
1324,1,2059,1044,1015,0,0,0,1.0,1,1.0,1,1.0,1,0.21737184031527843,50
1325,0,2059,1044,1015,0,0,0,1.0,1,1.0,1,1.0,1,0.23655744039632964,49
1326,5,2064,1046,1018,0,0,0,1.0,1,1.0,1,1.0,1,0.25703185448128757,50
1327,4,2068,1047,1021,0,0,0,1.0,1,1.0,1,1.0,1,0.2472256124772677,50
1328,0,2068,1047,1021,0,0,0,1.0,1,1.0,1,1.0,1,0.2677789253013986,49
1329,2,2070,1047,1023,0,0,0,1.0,1,1.0,1,1.0,1,0.21329638633995396,50
1330,0,2070,1047,1023,0,0,0,1.0,1,1.0,1,1.0,1,0.21329638633995396,50
1331,1,2071,1048,1023,0,0,0,1.0,1,1.0,1,1.0,1,0.2399414753455714,50
1332,2,2073,1050,1023,0,0,0,1.0,1,1.0,1,1.0,1,0.21549908197307854,51
1333,0,2073,1050,1023,0,0,0,1.0,1,1.0,1,1.0,1,0.2213539582685953,52
1334,2,2075,1050,1025,0,0,0,1.0,1,1.0,1,1.0,1,0.2208095102893697,54
1335,1,2076,1050,1026,0,0,0,1.0,1,1.0,1,1.0,1,0.2076654080093302,54
1336,0,2076,1050,1026,0,0,0,1.0,1,1.0,1,1.0,1,0.21568877718475712,56
1337,6,2082,1052,1030,0,0,0,1.0,1,1.0,1,1.0,1,0.22607839025478998,57
1338,4,2086,1053,1033,0,0,0,1.0,1,1.0,1,1.0,1,0.1960258379433295,57
1339,2,2088,1055,1033,0,0,0,1.0,1,1.0,1,1.0,1,0.2442329667299858,58
1340,2,2090,1056,1034,0,0,0,1.0,1,1.0,1,1.0,1,0.25148812797750036,59
1341,3,2093,1056,1037,0,0,0,1.0,1,1.0,1,1.0,1,0.17883813730241913,57
1342,1,2094,1057,1037,0,0,0,1.0,1,1.0,1,1.0,1,0.19484791530364806,57
1343,2,2096,1058,1038,0,0,0,1.0,1,1.0,1,1.0,1,0.18980254232527446,55
1344,2,2098,1060,1038,0,0,0,1.0,1,1.0,1,1.0,1,0.19621641956475175,54
1345,1,2099,1060,1039,0,0,0,1.0,1,1.0,1,1.0,1,0.17234991403285754,53
1346,1,2100,1061,1039,0,0,0,1.0,1,1.0,1,1.0,1,0.17562188958993083,53
1347,1,2101,1061,1040,0,0,0,1.0,1,1.0,1,1.0,1,0.1496647508953355,51
1348,1,2102,1062,1040,0,0,0,1.0,1,1.0,1,1.0,1,0.15796630136354797,52
1349,0,2102,1062,1040,0,0,0,1.0,1,1.0,1,1.0,1,0.1640833534296817,50
1350,1,2103,1063,1040,0,0,0,1.0,1,1.0,1,1.0,1,0.1730219885901705,51
1351,3,2106,1064,1042,0,0,0,1.0,1,1.0,1,1.0,1,0.16281785970522833,50
1352,1,2107,1065,1042,0,0,0,1.0,1,1.0,1,1.0,1,0.15287384051564115,50
1353,1,2108,1066,1042,0,0,0,1.0,1,1.0,1,1.0,1,0.1720191927535502,50
1354,1,2109,1067,1042,0,0,0,1.0,1,1.0,1,1.0,1,0.19337215765054028,51
1355,5,2114,1069,1045,0,0,0,1.0,1,1.0,1,1.0,1,0.140564571328155,53
1356,1,2115,1070,1045,0,0,0,1.0,1,1.0,1,1.0,1,0.14906235886379332,52
1357,1,2116,1071,1045,0,0,0,1.0,1,1.0,1,1.0,1,0.16878394181109022,52
1358,1,2117,1072,1045,0,0,0,1.0,1,1.0,1,1.0,1,0.19625352450727165,53
1359,3,2120,1074,1046,0,0,0,1.0,1,1.0,1,1.0,1,0.25087595755336645,54
1360,5,2125,1075,1050,0,0,0,1.0,1,1.0,1,1.0,1,0.20475810059366945,55
1361,4,2129,1076,1053,0,0,0,1.0,1,1.0,1,1.0,1,0.17479784162789835,55
1362,0,2129,1076,1053,0,0,0,1.0,1,1.0,1,1.0,1,0.1576379744161686,56
1363,0,2129,1076,1053,0,0,0,1.0,1,1.0,1,1.0,1,0.1576379744161686,56
1364,0,2129,1076,1053,0,0,0,1.0,1,1.0,1,1.0,1,0.1485414643955157,55
1365,2,2131,1077,1054,0,0,0,1.0,1,1.0,1,1.0,1,0.14896884847750164,56
1366,1,2132,1078,1054,0,0,0,1.0,1,1.0,1,1.0,1,0.16863491384849605,57
1367,1,2133,1078,1055,0,0,0,1.0,1,1.0,1,1.0,1,0.15291045926739105,57
1368,5,2138,1079,1059,0,0,0,1.0,1,1.0,1,1.0,1,0.1277592174240256,58
1369,3,2141,1081,1060,0,0,0,1.0,1,1.0,1,1.0,1,0.13538446528359446,59
1370,1,2142,1082,1060,0,0,0,1.0,1,1.0,1,1.0,1,0.13892252908972913,60
1371,1,2143,1083,1060,0,0,0,1.0,1,1.0,1,1.0,1,0.12825880602214948,59
1372,2,2145,1085,1060,0,0,0,1.0,1,1.0,1,1.0,1,0.16732660179957137,59
1373,2,2147,1086,1061,0,0,0,1.0,1,1.0,1,1.0,1,0.15998434969819875,59
1374,4,2151,1086,1065,0,0,0,1.0,1,1.0,1,1.0,1,0.10726112722475607,59
1375,0,2151,1086,1065,0,0,0,1.0,1,1.0,1,1.0,1,0.13252027290299792,62
1376,1,2152,1087,1065,0,0,0,1.0,1,1.0,1,1.0,1,0.16298029966810787,61
1377,2,2154,1088,1066,0,0,0,1.0,1,1.0,1,1.0,1,0.18430370524967638,63
1378,4,2158,1090,1068,0,0,0,1.0,1,1.0,1,1.0,1,0.20291871087642255,62
1379,3,2161,1092,1069,0,0,0,1.0,1,1.0,1,1.0,1,0.24185270528070793,61
1380,2,2163,1093,1070,0,0,0,1.0,1,1.0,1,1.0,1,0.2198110141516151,60
1381,2,2165,1093,1072,0,0,0,1.0,1,1.0,1,1.0,1,0.1943362092808844,58
1382,0,2165,1093,1072,0,0,0,1.0,1,1.0,1,1.0,1,0.19638507271212918,56
1383,1,2166,1094,1072,0,0,0,1.0,1,1.0,1,1.0,1,0.1942264507696178,57
1384,1,2167,1094,1073,0,0,0,1.0,1,1.0,1,1.0,1,0.19918121778690026,55
1385,3,2170,1096,1074,0,0,0,1.0,1,1.0,1,1.0,1,0.18411296107259967,55
1386,2,2172,1098,1074,0,0,0,1.0,1,1.0,1,1.0,1,0.18936896168071415,54
1387,3,2175,1099,1076,0,0,0,1.0,1,1.0,1,1.0,1,0.16815853094252028,53
1388,2,2177,1101,1076,0,0,0,1.0,1,1.0,1,1.0,1,0.2079440798727138,52
1389,2,2179,1101,1078,0,0,0,1.0,1,1.0,1,1.0,1,0.21115731977330476,52
1390,0,2179,1101,1078,0,0,0,1.0,1,1.0,1,1.0,1,0.20886096311990884,51
1391,0,2179,1101,1078,0,0,0,1.0,1,1.0,1,1.0,1,0.22170974881625097,52
1392,0,2179,1101,1078,0,0,0,1.0,1,1.0,1,1.0,1,0.21040250268543362,51
1393,1,2180,1102,1078,0,0,0,1.0,1,1.0,1,1.0,1,0.22661395309781557,51
1394,2,2182,1102,1080,0,0,0,1.0,1,1.0,1,1.0,1,0.22944000502104006,52
1395,2,2184,1102,1082,0,0,0,1.0,1,1.0,1,1.0,1,0.18923112004998469,52
1396,1,2185,1102,1083,0,0,0,1.0,1,1.0,1,1.0,1,0.16259654786297784,53
1397,0,2185,1102,1083,0,0,0,1.0,1,1.0,1,1.0,1,0.17438559597515776,56
1398,4,2189,1103,1086,0,0,0,1.0,1,1.0,1,1.0,1,0.16952317099372552,56
1399,4,2193,1105,1088,0,0,0,1.0,1,1.0,1,1.0,1,0.158115262782443,57
1400,1,2194,1105,1089,0,0,0,1.0,1,1.0,1,1.0,1,0.14541566583818497,57
1401,0,2194,1105,1089,0,0,0,1.0,1,1.0,1,1.0,1,0.14541566583818497,57
1402,3,2197,1107,1090,0,0,0,1.0,1,1.0,1,1.0,1,0.15695394748498073,57
1403,1,2198,1107,1091,0,0,0,1.0,1,1.0,1,1.0,1,0.16191647972946915,56
1404,0,2198,1107,1091,0,0,0,1.0,1,1.0,1,1.0,1,0.16631946164351483,58
1405,1,2199,1108,1091,0,0,0,1.0,1,1.0,1,1.0,1,0.22740449066206428,58
1406,1,2200,1108,1092,0,0,0,1.0,1,1.0,1,1.0,1,0.22380436282017224,58
1407,1,2201,1108,1093,0,0,0,1.0,1,1.0,1,1.0,1,0.23023747867387287,57
1408,0,2201,1108,1093,0,0,0,1.0,1,1.0,1,1.0,1,0.24250550326447795,58
1409,1,2202,1108,1094,0,0,0,1.0,1,1.0,1,1.0,1,0.23860351197056298,57
1410,0,2202,1108,1094,0,0,0,1.0,1,1.0,1,1.0,1,0.23860351197056298,57
1411,0,2202,1108,1094,0,0,0,1.0,1,1.0,1,1.0,1,0.2570958491041583,56
1412,0,2202,1108,1094,0,0,0,1.0,1,1.0,1,1.0,1,0.26231240449773463,55
1413,4,2206,1108,1098,0,0,0,1.0,1,1.0,1,1.0,1,0.23002790374049908,57
1414,1,2207,1108,1099,0,0,0,1.0,1,1.0,1,1.0,1,0.2203105700127609,57
1415,2,2209,1108,1101,0,0,0,1.0,1,1.0,1,1.0,1,0.19452427714081844,60
1416,1,2210,1109,1101,0,0,0,1.0,1,1.0,1,1.0,1,0.19297974816543356,61
1417,1,2211,1109,1102,0,0,0,1.0,1,1.0,1,1.0,1,0.15494778318723787,59
1418,3,2214,1110,1104,0,0,0,1.0,1,1.0,1,1.0,1,0.1585307003196395,60
1419,3,2217,1111,1106,0,0,0,1.0,1,1.0,1,1.0,1,0.13573007727750286,59
1420,0,2217,1111,1106,0,0,0,1.0,1,1.0,1,1.0,1,0.1606750934457089,58
1421,1,2218,1111,1107,0,0,0,1.0,1,1.0,1,1.0,1,0.14577723725118893,57
1422,1,2219,1112,1107,0,0,0,1.0,1,1.0,1,1.0,1,0.15266370068253152,57
1423,3,2222,1113,1109,0,0,0,1.0,1,1.0,1,1.0,1,0.140212456118589,56
1424,1,2223,1114,1109,0,0,0,1.0,1,1.0,1,1.0,1,0.15663870267093677,57
1425,3,2226,1116,1110,0,0,0,1.0,1,1.0,1,1.0,1,0.16895525065394226,54
1426,2,2228,1118,1110,0,0,0,1.0,1,1.0,1,1.0,1,0.22913628384337809,54
1427,6,2234,1121,1113,0,0,0,1.0,1,1.0,1,1.0,1,0.24274431559886891,53
1428,2,2236,1122,1114,0,0,0,1.0,1,1.0,1,1.0,1,0.20741135243708597,52
1429,0,2236,1122,1114,0,0,0,1.0,1,1.0,1,1.0,1,0.20741135243708597,52
1430,3,2239,1125,1114,0,0,0,1.0,1,1.0,1,1.0,1,0.2507731765338226,51
1431,3,2242,1125,1117,0,0,0,1.0,1,1.0,1,1.0,1,0.19580878757206865,51
1432,4,2246,1127,1119,0,0,0,1.0,1,1.0,1,1.0,1,0.19877432865051584,52
1433,3,2249,1128,1121,0,0,0,1.0,1,1.0,1,1.0,1,0.20111467391957624,52
1434,3,2252,1129,1123,0,0,0,1.0,1,1.0,1,1.0,1,0.14930261120215016,52
1435,2,2254,1131,1123,0,0,0,1.0,1,1.0,1,1.0,1,0.18499090986391503,50
1436,3,2257,1134,1123,0,0,0,1.0,1,1.0,1,1.0,1,0.2549804496759844,50
1437,3,2260,1135,1125,0,0,0,1.0,1,1.0,1,1.0,1,0.26259690245118605,49
1438,3,2263,1136,1127,0,0,0,1.0,1,1.0,1,1.0,1,0.2649046356167426,49
1439,1,2264,1137,1127,0,0,0,1.0,1,1.0,1,1.0,1,0.27541619208676243,50
1440,3,2267,1140,1127,0,0,0,1.0,1,1.0,1,1.0,1,0.29783098453592405,50
1441,4,2271,1141,1130,0,0,0,1.0,1,1.0,1,1.0,1,0.26157258102227704,51
1442,0,2271,1141,1130,0,0,0,1.0,1,1.0,1,1.0,1,0.2604885180648093,50
1443,1,2272,1141,1131,0,0,0,1.0,1,1.0,1,1.0,1,0.24904407585612653,51
1444,0,2272,1141,1131,0,0,0,1.0,1,1.0,1,1.0,1,0.24904407585612653,51
1445,3,2275,1142,1133,0,0,0,1.0,1,1.0,1,1.0,1,0.23653191429555684,51
1446,1,2276,1142,1134,0,0,0,1.0,1,1.0,1,1.0,1,0.21583160221792994,51
1447,1,2277,1142,1135,0,0,0,1.0,1,1.0,1,1.0,1,0.20360378393673229,51
1448,0,2277,1142,1135,0,0,0,1.0,1,1.0,1,1.0,1,0.20360378393673229,51
1449,0,2277,1142,1135,0,0,0,1.0,1,1.0,1,1.0,1,0.20360378393673229,51
1450,1,2278,1143,1135,0,0,0,1.0,1,1.0,1,1.0,1,0.18668741372480457,52
1451,1,2279,1143,1136,0,0,0,1.0,1,1.0,1,1.0,1,0.16516779879156623,54
1452,2,2281,1143,1138,0,0,0,1.0,1,1.0,1,1.0,1,0.17226760419560472,56
1453,3,2284,1144,1140,0,0,0,1.0,1,1.0,1,1.0,1,0.1722319748453804,56
1454,5,2289,1145,1144,0,0,0,1.0,1,1.0,1,1.0,1,0.1706240185841006,58
1455,1,2290,1146,1144,0,0,0,1.0,1,1.0,1,1.0,1,0.18319849361840482,55
1456,1,2291,1146,1145,0,0,0,1.0,1,1.0,1,1.0,1,0.18516514376212395,56
1457,2,2293,1147,1146,0,0,0,1.0,1,1.0,1,1.0,1,0.2224824255206944,54
1458,2,2295,1149,1146,0,0,0,1.0,1,1.0,1,1.0,1,0.22448303717300605,52
1459,1,2296,1150,1146,0,0,0,1.0,1,1.0,1,1.0,1,0.22132133960706352,52
1460,1,2297,1151,1146,0,0,0,1.0,1,1.0,1,1.0,1,0.20031644354959657,50
1461,2,2299,1153,1146,0,0,0,1.0,1,1.0,1,1.0,1,0.21371580135395019,53
1462,4,2303,1157,1146,0,0,0,1.0,1,1.0,1,1.0,1,0.2156493222143884,51
1463,2,2305,1159,1146,0,0,0,1.0,1,1.0,1,1.0,1,0.2549195278277729,51
1464,2,2307,1161,1146,0,0,0,1.0,1,1.0,1,1.0,1,0.2709765777502174,51
1465,2,2309,1161,1148,0,0,0,1.0,1,1.0,1,1.0,1,0.2716706303195109,49
1466,5,2314,1163,1151,0,0,0,1.0,1,1.0,1,1.0,1,0.2452670282698367,49
1467,3,2317,1165,1152,0,0,0,1.0,1,1.0,1,1.0,1,0.2637755798612442,47
1468,2,2319,1166,1153,0,0,0,1.0,1,1.0,1,1.0,1,0.25473707562958403,48
1469,3,2322,1168,1154,0,0,0,1.0,1,1.0,1,1.0,1,0.2786012332442768,47
1470,2,2324,1168,1156,0,0,0,1.0,1,1.0,1,1.0,1,0.2294004601643113,49
1471,1,2325,1168,1157,0,0,0,1.0,1,1.0,1,1.0,1,0.2290398589777854,48
1472,1,2326,1168,1158,0,0,0,1.0,1,1.0,1,1.0,1,0.19586925811587116,48
1473,1,2327,1168,1159,0,0,0,1.0,1,1.0,1,1.0,1,0.17817562686703386,49
1474,0,2327,1168,1159,0,0,0,1.0,1,1.0,1,1.0,1,0.17817562686703386,49
1475,0,2327,1168,1159,0,0,0,1.0,1,1.0,1,1.0,1,0.17817562686703386,49
1476,1,2328,1169,1159,0,0,0,1.0,1,1.0,1,1.0,1,0.18691292360154702,51
1477,1,2329,1170,1159,0,0,0,1.0,1,1.0,1,1.0,1,0.1590695921934928,51
1478,1,2330,1170,1160,0,0,0,1.0,1,1.0,1,1.0,1,0.14011789874722072,52
1479,0,2330,1170,1160,0,0,0,1.0,1,1.0,1,1.0,1,0.15451230530021068,53
1480,1,2331,1171,1160,0,0,0,1.0,1,1.0,1,1.0,1,0.16560332085098398,53
1481,0,2331,1171,1160,0,0,0,1.0,1,1.0,1,1.0,1,0.16560332085098398,53
1482,2,2333,1172,1161,0,0,0,1.0,1,1.0,1,1.0,1,0.1998449608391299,52
1483,1,2334,1172,1162,0,0,0,1.0,1,1.0,1,1.0,1,0.18095995908133583,52
1484,1,2335,1172,1163,0,0,0,1.0,1,1.0,1,1.0,1,0.20740412529557942,53
1485,1,2336,1172,1164,0,0,0,1.0,1,1.0,1,1.0,1,0.18141689193323407,53
1486,1,2337,1172,1165,0,0,0,1.0,1,1.0,1,1.0,1,0.20602163882389699,54
1487,3,2340,1175,1165,0,0,0,1.0,1,1.0,1,1.0,1,0.20325197676079232,55
1488,0,2340,1175,1165,0,0,0,1.0,1,1.0,1,1.0,1,0.2155863466668014,57
1489,5,2345,1178,1167,0,0,0,1.0,1,1.0,1,1.0,1,0.19195185691870115,58
1490,1,2346,1179,1167,0,0,0,1.0,1,1.0,1,1.0,1,0.19744439682594458,58
1491,5,2351,1181,1170,0,0,0,1.0,1,1.0,1,1.0,1,0.1925899566102238,59
1492,0,2351,1181,1170,0,0,0,1.0,1,1.0,1,1.0,1,0.1925899566102238,59
1493,1,2352,1181,1171,0,0,0,1.0,1,1.0,1,1.0,1,0.14908429903283502,58
1494,1,2353,1182,1171,0,0,0,1.0,1,1.0,1,1.0,1,0.17267269700063284,58
1495,2,2355,1184,1171,0,0,0,1.0,1,1.0,1,1.0,1,0.2035660998127479,57
1496,0,2355,1184,1171,0,0,0,1.0,1,1.0,1,1.0,1,0.19937861058937922,59
1497,2,2357,1185,1172,0,0,0,1.0,1,1.0,1,1.0,1,0.2032159926290245,58
1498,1,2358,1186,1172,0,0,0,1.0,1,1.0,1,1.0,1,0.22524715299466927,58
1499,1,2359,1186,1173,0,0,0,1.0,1,1.0,1,1.0,1,0.19142188317003012,56
1500,2,2361,1188,1173,0,0,0,1.0,1,1.0,1,1.0,1,0.2148838308510896,57
1501,1,2362,1188,1174,0,0,0,1.0,1,1.0,1,1.0,1,0.18253977535190677,55
1502,1,2363,1189,1174,0,0,0,1.0,1,1.0,1,1.0,1,0.19889404679362815,55
1503,1,2364,1190,1174,0,0,0,1.0,1,1.0,1,1.0,1,0.22922059686230073,54
1504,2,2366,1191,1175,0,0,0,1.0,1,1.0,1,1.0,1,0.1972472890028123,55
1505,3,2369,1193,1176,0,0,0,1.0,1,1.0,1,1.0,1,0.18378508279295705,53
1506,2,2371,1194,1177,0,0,0,1.0,1,1.0,1,1.0,1,0.20716292533451533,55
1507,2,2373,1194,1179,0,0,0,1.0,1,1.0,1,1.0,1,0.18417357918878177,53
1508,8,2381,1199,1182,0,0,0,1.0,1,1.0,1,1.0,1,0.224463940355903,53
1509,2,2383,1199,1184,0,0,0,1.0,1,1.0,1,1.0,1,0.1894062987725419,52
1510,0,2383,1199,1184,0,0,0,1.0,1,1.0,1,1.0,1,0.20376924581071135,50
1511,1,2384,1200,1184,0,0,0,1.0,1,1.0,1,1.0,1,0.22280428124593835,49
1512,3,2387,1202,1185,0,0,0,1.0,1,1.0,1,1.0,1,0.2633275413973291,48
1513,6,2393,1203,1190,0,0,0,1.0,1,1.0,1,1.0,1,0.23983401018599884,47
1514,2,2395,1204,1191,0,0,0,1.0,1,1.0,1,1.0,1,0.1815956493348594,48
1515,1,2396,1205,1191,0,0,0,1.0,1,1.0,1,1.0,1,0.19605103583658623,48
1516,1,2397,1205,1192,0,0,0,1.0,1,1.0,1,1.0,1,0.17175683521800092,47
1517,0,2397,1205,1192,0,0,0,1.0,1,1.0,1,1.0,1,0.1893450930052972,48
1518,1,2398,1206,1192,0,0,0,1.0,1,1.0,1,1.0,1,0.18398277494517024,48
1519,0,2398,1206,1192,0,0,0,1.0,1,1.0,1,1.0,1,0.2002324612014593,47
1520,3,2401,1208,1193,0,0,0,1.0,1,1.0,1,1.0,1,0.2390259060522391,48
1521,2,2403,1208,1195,0,0,0,1.0,1,1.0,1,1.0,1,0.20934656814151803,49
1522,1,2404,1209,1195,0,0,0,1.0,1,1.0,1,1.0,1,0.21333827687983967,48
1523,2,2406,1210,1196,0,0,0,1.0,1,1.0,1,1.0,1,0.21768204549203285,49
1524,0,2406,1210,1196,0,0,0,1.0,1,1.0,1,1.0,1,0.21768204549203285,49
1525,2,2408,1211,1197,0,0,0,1.0,1,1.0,1,1.0,1,0.2440404517887256,51
1526,2,2410,1211,1199,0,0,0,1.0,1,1.0,1,1.0,1,0.22099998943937524,52
1527,6,2416,1212,1204,0,0,0,1.0,1,1.0,1,1.0,1,0.21768250936371114,54
1528,0,2416,1212,1204,0,0,0,1.0,1,1.0,1,1.0,1,0.21768250936371114,54
1529,0,2416,1212,1204,0,0,0,1.0,1,1.0,1,1.0,1,0.21768250936371114,54
1530,0,2416,1212,1204,0,0,0,1.0,1,1.0,1,1.0,1,0.23697230960765556,54
1531,0,2416,1212,1204,0,0,0,1.0,1,1.0,1,1.0,1,0.2365050257828869,54
1532,2,2418,1213,1205,0,0,0,1.0,1,1.0,1,1.0,1,0.23021207300033292,54
1533,2,2420,1213,1207,0,0,0,1.0,1,1.0,1,1.0,1,0.18435996761288068,54
1534,0,2420,1213,1207,0,0,0,1.0,1,1.0,1,1.0,1,0.18435996761288068,54
1535,0,2420,1213,1207,0,0,0,1.0,1,1.0,1,1.0,1,0.18435996761288068,54
1536,0,2420,1213,1207,0,0,0,1.0,1,1.0,1,1.0,1,0.1921887553834585,55
1537,2,2422,1213,1209,0,0,0,1.0,1,1.0,1,1.0,1,0.18615373421065992,53
1538,0,2422,1213,1209,0,0,0,1.0,1,1.0,1,1.0,1,0.19532323130820634,54
1539,5,2427,1213,1214,0,0,0,1.0,1,1.0,1,1.0,1,0.1502867481401195,54
1540,1,2428,1214,1214,0,0,0,1.0,1,1.0,1,1.0,1,0.1569924103763799,54
1541,0,2428,1214,1214,0,0,0,1.0,1,1.0,1,1.0,1,0.159009678752403,54
1542,5,2433,1217,1216,0,0,0,1.0,1,1.0,1,1.0,1,0.1949227849706242,57
1543,3,2436,1219,1217,0,0,0,1.0,1,1.0,1,1.0,1,0.2038586138773158,55
1544,4,2440,1222,1218,0,0,0,1.0,1,1.0,1,1.0,1,0.2544630924306869,54
1545,4,2444,1223,1221,0,0,0,1.0,1,1.0,1,1.0,1,0.234140253569836,54
1546,2,2446,1225,1221,0,0,0,1.0,1,1.0,1,1.0,1,0.2590782157541257,53
1547,5,2451,1226,1225,0,0,0,1.0,1,1.0,1,1.0,1,0.20828441816684387,53
1548,3,2454,1227,1227,0,0,0,1.0,1,1.0,1,1.0,1,0.1990409713025503,54
1549,4,2458,1229,1229,0,0,0,1.0,1,1.0,1,1.0,1,0.1541596485345646,52
1550,5,2463,1233,1230,0,0,0,1.0,1,1.0,1,1.0,1,0.16322810710240118,52
1551,4,2467,1235,1232,0,0,0,1.0,1,1.0,1,1.0,1,0.17272411200870103,52
1552,6,2473,1239,1234,0,0,0,1.0,1,1.0,1,1.0,1,0.18360175221401398,51
1553,6,2479,1240,1239,0,0,0,1.0,1,1.0,1,1.0,1,0.12915496641989704,51
1554,4,2483,1241,1242,0,0,0,1.0,1,1.0,1,1.0,1,0.13635108283162348,51
1555,0,2483,1241,1242,0,0,0,1.0,1,1.0,1,1.0,1,0.12806935537662753,50
1556,2,2485,1242,1243,0,0,0,1.0,1,1.0,1,1.0,1,0.15146277216782272,51
1557,3,2488,1244,1244,0,0,0,1.0,1,1.0,1,1.0,1,0.15364818087255308,51
1558,2,2490,1244,1246,0,0,0,1.0,1,1.0,1,1.0,1,0.12732423699255577,52
1559,3,2493,1246,1247,0,0,0,1.0,1,1.0,1,1.0,1,0.16734686865584988,53
1560,1,2494,1247,1247,0,0,0,1.0,1,1.0,1,1.0,1,0.1385858619722685,51
1561,2,2496,1248,1248,0,0,0,1.0,1,1.0,1,1.0,1,0.09031387039577225,51
1562,1,2497,1248,1249,0,0,0,1.0,1,1.0,1,1.0,1,0.08659959699537743,52
1563,0,2497,1248,1249,0,0,0,1.0,1,1.0,1,1.0,1,0.08659959699537743,52
1564,0,2497,1248,1249,0,0,0,1.0,1,1.0,1,1.0,1,0.11132573077502776,51
1565,1,2498,1249,1249,0,0,0,1.0,1,1.0,1,1.0,1,0.11092037261016084,53
1566,0,2498,1249,1249,0,0,0,1.0,1,1.0,1,1.0,1,0.13790583659948777,53
1567,1,2499,1250,1249,0,0,0,1.0,1,1.0,1,1.0,1,0.1814984791147597,52
1568,2,2501,1250,1251,0,0,0,1.0,1,1.0,1,1.0,1,0.1530930368807453,52
1569,3,2504,1252,1252,0,0,0,1.0,1,1.0,1,1.0,1,0.15763424872438037,49
1570,2,2506,1253,1253,0,0,0,1.0,1,1.0,1,1.0,1,0.16600288544987402,48
1571,2,2508,1254,1254,0,0,0,1.0,1,1.0,1,1.0,1,0.13533368509557653,46
1572,3,2511,1256,1255,0,0,0,1.0,1,1.0,1,1.0,1,0.11021170762536128,47
1573,0,2511,1256,1255,0,0,0,1.0,1,1.0,1,1.0,1,0.10770271770160608,48
1574,2,2513,1258,1255,0,0,0,1.0,1,1.0,1,1.0,1,0.18378900908628507,46
1575,6,2519,1261,1258,0,0,0,1.0,1,1.0,1,1.0,1,0.17700216889231468,47
1576,5,2524,1264,1260,0,0,0,1.0,1,1.0,1,1.0,1,0.16834698855615082,46
1577,0,2524,1264,1260,0,0,0,1.0,1,1.0,1,1.0,1,0.1599081446329702,45
1578,0,2524,1264,1260,0,0,0,1.0,1,1.0,1,1.0,1,0.16158729424446422,44
1579,2,2526,1264,1262,0,0,0,1.0,1,1.0,1,1.0,1,0.15381999526305182,43
1580,1,2527,1265,1262,0,0,0,1.0,1,1.0,1,1.0,1,0.16121764695660826,43
1581,0,2527,1265,1262,0,0,0,1.0,1,1.0,1,1.0,1,0.17461976551230213,42
1582,2,2529,1267,1262,0,0,0,1.0,1,1.0,1,1.0,1,0.2082079095801224,42
1583,2,2531,1268,1263,0,0,0,1.0,1,1.0,1,1.0,1,0.21404751232951902,43
1584,2,2533,1270,1263,0,0,0,1.0,1,1.0,1,1.0,1,0.1943903091239391,41
1585,1,2534,1271,1263,0,0,0,1.0,1,1.0,1,1.0,1,0.20187066356708377,43
1586,1,2535,1272,1263,0,0,0,1.0,1,1.0,1,1.0,1,0.20149468466634549,42
1587,4,2539,1275,1264,0,0,0,1.0,1,1.0,1,1.0,1,0.16960113089419804,42
1588,5,2544,1277,1267,0,0,0,1.0,1,1.0,1,1.0,1,0.1786840625121228,42
1589,1,2545,1278,1267,0,0,0,1.0,1,1.0,1,1.0,1,0.17023066431965997,42
1590,0,2545,1278,1267,0,0,0,1.0,1,1.0,1,1.0,1,0.17103178383140424,41
1591,0,2545,1278,1267,0,0,0,1.0,1,1.0,1,1.0,1,0.17166035911076497,40
1592,2,2547,1279,1268,0,0,0,1.0,1,1.0,1,1.0,1,0.2427174914647432,39
1593,3,2550,1281,1269,0,0,0,1.0,1,1.0,1,1.0,1,0.23978022528789233,39
1594,0,2550,1281,1269,0,0,0,1.0,1,1.0,1,1.0,1,0.23709112552304046,39
1595,3,2553,1282,1271,0,0,0,1.0,1,1.0,1,1.0,1,0.26799899519355075,42
1596,0,2553,1282,1271,0,0,0,1.0,1,1.0,1,1.0,1,0.2749823122186987,41
1597,1,2554,1282,1272,0,0,0,1.0,1,1.0,1,1.0,1,0.2409360058628075,41
1598,2,2556,1282,1274,0,0,0,1.0,1,1.0,1,1.0,1,0.202986065371687,39
1599,1,2557,1283,1274,0,0,0,1.0,1,1.0,1,1.0,1,0.2043810430403594,39
1600,2,2559,1284,1275,0,0,0,1.0,1,1.0,1,1.0,1,0.2173459856905508,40
1601,4,2563,1286,1277,0,0,0,1.0,1,1.0,1,1.0,1,0.2472614694271821,41
1602,0,2563,1286,1277,0,0,0,1.0,1,1.0,1,1.0,1,0.22915581125226403,41
1603,5,2568,1287,1281,0,0,0,1.0,1,1.0,1,1.0,1,0.2368815657700446,43
1604,0,2568,1287,1281,0,0,0,1.0,1,1.0,1,1.0,1,0.2368815657700446,43
1605,2,2570,1288,1282,0,0,0,1.0,1,1.0,1,1.0,1,0.2632789010663596,44
1606,1,2571,1289,1282,0,0,0,1.0,1,1.0,1,1.0,1,0.2673104853358886,44
1607,1,2572,1290,1282,0,0,0,1.0,1,1.0,1,1.0,1,0.2640507364926129,42
1608,3,2575,1292,1283,0,0,0,1.0,1,1.0,1,1.0,1,0.24239784113169482,41
1609,0,2575,1292,1283,0,0,0,1.0,1,1.0,1,1.0,1,0.20891604069083353,39
1610,1,2576,1293,1283,0,0,0,1.0,1,1.0,1,1.0,1,0.2138089791625759,39
1611,1,2577,1293,1284,0,0,0,1.0,1,1.0,1,1.0,1,0.18312497129130997,40
1612,0,2577,1293,1284,0,0,0,1.0,1,1.0,1,1.0,1,0.16224856725376918,39
1613,0,2577,1293,1284,0,0,0,1.0,1,1.0,1,1.0,1,0.19833057742935292,41
1614,0,2577,1293,1284,0,0,0,1.0,1,1.0,1,1.0,1,0.19833057742935292,41
1615,0,2577,1293,1284,0,0,0,1.0,1,1.0,1,1.0,1,0.19833057742935292,41
1616,2,2579,1294,1285,0,0,0,1.0,1,1.0,1,1.0,1,0.22825916432969223,43
1617,4,2583,1296,1287,0,0,0,1.0,1,1.0,1,1.0,1,0.2270571170326313,44
1618,0,2583,1296,1287,0,0,0,1.0,1,1.0,1,1.0,1,0.2270571170326313,44
1619,2,2585,1297,1288,0,0,0,1.0,1,1.0,1,1.0,1,0.2538481304980501,44
1620,6,2591,1300,1291,0,0,0,1.0,1,1.0,1,1.0,1,0.2948899967958091,45
1621,3,2594,1300,1294,0,0,0,1.0,1,1.0,1,1.0,1,0.26530941145128034,44
1622,1,2595,1301,1294,0,0,0,1.0,1,1.0,1,1.0,1,0.28066594833228625,44
1623,2,2597,1302,1295,0,0,0,1.0,1,1.0,1,1.0,1,0.2961056164241807,43
1624,0,2597,1302,1295,0,0,0,1.0,1,1.0,1,1.0,1,0.27764181953771794,43
1625,0,2597,1302,1295,0,0,0,1.0,1,1.0,1,1.0,1,0.27764181953771794,43
1626,3,2600,1305,1295,0,0,0,1.0,1,1.0,1,1.0,1,0.2968638509266787,42
1627,2,2602,1305,1297,0,0,0,1.0,1,1.0,1,1.0,1,0.28410785032086183,42
1628,2,2604,1306,1298,0,0,0,1.0,1,1.0,1,1.0,1,0.28996064528412313,42
1629,0,2604,1306,1298,0,0,0,1.0,1,1.0,1,1.0,1,0.28178307939408104,41
1630,3,2607,1309,1298,0,0,0,1.0,1,1.0,1,1.0,1,0.3470051061368627,41
1631,5,2612,1310,1302,0,0,0,1.0,1,1.0,1,1.0,1,0.28526321059185267,40
1632,2,2614,1310,1304,0,0,0,1.0,1,1.0,1,1.0,1,0.25846737207766973,39
1633,0,2614,1310,1304,0,0,0,1.0,1,1.0,1,1.0,1,0.25846737207766973,39
1634,0,2614,1310,1304,0,0,0,1.0,1,1.0,1,1.0,1,0.25846737207766973,39
1635,2,2616,1310,1306,0,0,0,1.0,1,1.0,1,1.0,1,0.23200454228760356,40
1636,2,2618,1310,1308,0,0,0,1.0,1,1.0,1,1.0,1,0.21156445254435552,41
1637,1,2619,1310,1309,0,0,0,1.0,1,1.0,1,1.0,1,0.2108927006167656,41
1638,3,2622,1311,1311,0,0,0,1.0,1,1.0,1,1.0,1,0.22530418315955913,42
1639,0,2622,1311,1311,0,0,0,1.0,1,1.0,1,1.0,1,0.21986063155954214,43
1640,0,2622,1311,1311,0,0,0,1.0,1,1.0,1,1.0,1,0.21986063155954214,43
1641,1,2623,1312,1311,0,0,0,1.0,1,1.0,1,1.0,1,0.20786916922063942,44
1642,2,2625,1314,1311,0,0,0,1.0,1,1.0,1,1.0,1,0.27195461310121705,45
1643,2,2627,1316,1311,0,0,0,1.0,1,1.0,1,1.0,1,0.28649579140262216,44
1644,1,2628,1317,1311,0,0,0,1.0,1,1.0,1,1.0,1,0.30282285163934286,45
1645,3,2631,1318,1313,0,0,0,1.0,1,1.0,1,1.0,1,0.27618660844350074,44
1646,1,2632,1319,1313,0,0,0,1.0,1,1.0,1,1.0,1,0.2712686740755417,43
1647,2,2634,1320,1314,0,0,0,1.0,1,1.0,1,1.0,1,0.28220617128595327,43
1648,2,2636,1320,1316,0,0,0,1.0,1,1.0,1,1.0,1,0.25077581339607935,42
1649,0,2636,1320,1316,0,0,0,1.0,1,1.0,1,1.0,1,0.2663212982131455,41
1650,0,2636,1320,1316,0,0,0,1.0,1,1.0,1,1.0,1,0.2663212982131455,41
1651,1,2637,1321,1316,0,0,0,1.0,1,1.0,1,1.0,1,0.30208923196767085,40
1652,0,2637,1321,1316,0,0,0,1.0,1,1.0,1,1.0,1,0.31273382542980005,39
1653,1,2638,1321,1317,0,0,0,1.0,1,1.0,1,1.0,1,0.3134970255439249,39
1654,1,2639,1321,1318,0,0,0,1.0,1,1.0,1,1.0,1,0.28430520901163897,39
1655,3,2642,1323,1319,0,0,0,1.0,1,1.0,1,1.0,1,0.2796598940143044,40
1656,1,2643,1323,1320,0,0,0,1.0,1,1.0,1,1.0,1,0.26560609122590473,40
1657,2,2645,1323,1322,0,0,0,1.0,1,1.0,1,1.0,1,0.21518193315741377,40
1658,2,2647,1323,1324,0,0,0,1.0,1,1.0,1,1.0,1,0.15444894381158775,40
1659,2,2649,1325,1324,0,0,0,1.0,1,1.0,1,1.0,1,0.18410926533748723,40
1660,0,2649,1325,1324,0,0,0,1.0,1,1.0,1,1.0,1,0.20217109744373962,41
1661,5,2654,1328,1326,0,0,0,1.0,1,1.0,1,1.0,1,0.18657306615850586,42
1662,3,2657,1329,1328,0,0,0,1.0,1,1.0,1,1.0,1,0.18223150583700085,44
1663,2,2659,1331,1328,0,0,0,1.0,1,1.0,1,1.0,1,0.236970594993501,43
1664,4,2663,1335,1328,0,0,0,1.0,1,1.0,1,1.0,1,0.2600963119399375,42
1665,3,2666,1336,1330,0,0,0,1.0,1,1.0,1,1.0,1,0.23019035079419095,42
1666,4,2670,1338,1332,0,0,0,1.0,1,1.0,1,1.0,1,0.24909933317100807,43
1667,2,2672,1340,1332,0,0,0,1.0,1,1.0,1,1.0,1,0.25935095429382127,40
1668,2,2674,1341,1333,0,0,0,1.0,1,1.0,1,1.0,1,0.23256362148088766,40
1669,0,2674,1341,1333,0,0,0,1.0,1,1.0,1,1.0,1,0.23494090183611008,40
1670,0,2674,1341,1333,0,0,0,1.0,1,1.0,1,1.0,1,0.2317292233776341,39
1671,2,2676,1343,1333,0,0,0,1.0,1,1.0,1,1.0,1,0.24837853286731146,39
1672,2,2678,1345,1333,0,0,0,1.0,1,1.0,1,1.0,1,0.2836695979102821,38
1673,2,2680,1345,1335,0,0,0,1.0,1,1.0,1,1.0,1,0.23142524833779754,38
1674,3,2683,1347,1336,0,0,0,1.0,1,1.0,1,1.0,1,0.18625737962180808,38
1675,1,2684,1348,1336,0,0,0,1.0,1,1.0,1,1.0,1,0.210392700953036,39
1676,1,2685,1348,1337,0,0,0,1.0,1,1.0,1,1.0,1,0.145175984318502,39
1677,0,2685,1348,1337,0,0,0,1.0,1,1.0,1,1.0,1,0.15463412223568865,40
1678,0,2685,1348,1337,0,0,0,1.0,1,1.0,1,1.0,1,0.14411087147136697,39
1679,0,2685,1348,1337,0,0,0,1.0,1,1.0,1,1.0,1,0.14411087147136697,39
1680,1,2686,1349,1337,0,0,0,1.0,1,1.0,1,1.0,1,0.16865681557192605,40
1681,0,2686,1349,1337,0,0,0,1.0,1,1.0,1,1.0,1,0.1746695706934361,41
1682,0,2686,1349,1337,0,0,0,1.0,1,1.0,1,1.0,1,0.17880489417584897,40
1683,4,2690,1352,1338,0,0,0,1.0,1,1.0,1,1.0,1,0.18831384918432986,43
1684,3,2693,1355,1338,0,0,0,1.0,1,1.0,1,1.0,1,0.2811065688452274,42
1685,4,2697,1356,1341,0,0,0,1.0,1,1.0,1,1.0,1,0.21737604271797709,41
1686,0,2697,1356,1341,0,0,0,1.0,1,1.0,1,1.0,1,0.23140072239988277,39
1687,4,2701,1358,1343,0,0,0,1.0,1,1.0,1,1.0,1,0.20641517502073461,41
1688,2,2703,1360,1343,0,0,0,1.0,1,1.0,1,1.0,1,0.22318879635090622,39
1689,2,2705,1361,1344,0,0,0,1.0,1,1.0,1,1.0,1,0.2234828414735783,37
1690,1,2706,1361,1345,0,0,0,1.0,1,1.0,1,1.0,1,0.23156796281064967,36
1691,3,2709,1363,1346,0,0,0,1.0,1,1.0,1,1.0,1,0.23616473222128923,36
1692,0,2709,1363,1346,0,0,0,1.0,1,1.0,1,1.0,1,0.2535847588340843,34
1693,3,2712,1364,1348,0,0,0,1.0,1,1.0,1,1.0,1,0.25401078316894304,33
1694,1,2713,1364,1349,0,0,0,1.0,1,1.0,1,1.0,1,0.24666708573295223,32
1695,0,2713,1364,1349,0,0,0,1.0,1,1.0,1,1.0,1,0.23351088946621945,32
1696,1,2714,1365,1349,0,0,0,1.0,1,1.0,1,1.0,1,0.2976597243390561,34
1697,1,2715,1365,1350,0,0,0,1.0,1,1.0,1,1.0,1,0.26903915942398543,34
1698,3,2718,1368,1350,0,0,0,1.0,1,1.0,1,1.0,1,0.29557977491130855,36
1699,2,2720,1369,1351,0,0,0,1.0,1,1.0,1,1.0,1,0.31573328394242145,36
1700,0,2720,1369,1351,0,0,0,1.0,1,1.0,1,1.0,1,0.3357410896342162,37
1701,2,2722,1370,1352,0,0,0,1.0,1,1.0,1,1.0,1,0.33664954777004774,39
1702,1,2723,1371,1352,0,0,0,1.0,1,1.0,1,1.0,1,0.34999311743235784,39
1703,2,2725,1372,1353,0,0,0,1.0,1,1.0,1,1.0,1,0.35048784471978256,38
1704,6,2731,1376,1355,0,0,0,1.0,1,1.0,1,1.0,1,0.33471996630138356,38
1705,2,2733,1376,1357,0,0,0,1.0,1,1.0,1,1.0,1,0.2911817815313637,37
1706,1,2734,1377,1357,0,0,0,1.0,1,1.0,1,1.0,1,0.29604843708412887,37
1707,3,2737,1378,1359,0,0,0,1.0,1,1.0,1,1.0,1,0.26830847010877995,36
1708,1,2738,1378,1360,0,0,0,1.0,1,1.0,1,1.0,1,0.25848021376933267,34
1709,2,2740,1379,1361,0,0,0,1.0,1,1.0,1,1.0,1,0.2618374780561618,34
1710,0,2740,1379,1361,0,0,0,1.0,1,1.0,1,1.0,1,0.3089890402063697,33
1711,3,2743,1380,1363,0,0,0,1.0,1,1.0,1,1.0,1,0.28108580236761876,32
1712,1,2744,1381,1363,0,0,0,1.0,1,1.0,1,1.0,1,0.3301678321529857,31
1713,1,2745,1381,1364,0,0,0,1.0,1,1.0,1,1.0,1,0.3216652410597952,32
1714,0,2745,1381,1364,0,0,0,1.0,1,1.0,1,1.0,1,0.3216652410597952,32
1715,2,2747,1382,1365,0,0,0,1.0,1,1.0,1,1.0,1,0.30812657715260455,32
1716,3,2750,1383,1367,0,0,0,1.0,1,1.0,1,1.0,1,0.2628546480304084,34
1717,0,2750,1383,1367,0,0,0,1.0,1,1.0,1,1.0,1,0.2628546480304084,34
1718,0,2750,1383,1367,0,0,0,1.0,1,1.0,1,1.0,1,0.2759152281292409,34
1719,1,2751,1384,1367,0,0,0,1.0,1,1.0,1,1.0,1,0.2979471360274825,34
1720,1,2752,1384,1368,0,0,0,1.0,1,1.0,1,1.0,1,0.279170784099793,34
1721,0,2752,1384,1368,0,0,0,1.0,1,1.0,1,1.0,1,0.2588291780395372,35
1722,0,2752,1384,1368,0,0,0,1.0,1,1.0,1,1.0,1,0.2771896321253927,35
1723,0,2752,1384,1368,0,0,0,1.0,1,1.0,1,1.0,1,0.29675741961165714,34
1724,1,2753,1385,1368,0,0,0,1.0,1,1.0,1,1.0,1,0.23672162163752852,33
1725,1,2754,1386,1368,0,0,0,1.0,1,1.0,1,1.0,1,0.3034589491858494,35
1726,0,2754,1386,1368,0,0,0,1.0,1,1.0,1,1.0,1,0.3013588861556698,34
1727,1,2755,1387,1368,0,0,0,1.0,1,1.0,1,1.0,1,0.33495369659423874,34
1728,2,2757,1387,1370,0,0,0,1.0,1,1.0,1,1.0,1,0.27867638174093895,35
1729,1,2758,1388,1370,0,0,0,1.0,1,1.0,1,1.0,1,0.30961489536350445,35
1730,1,2759,1389,1370,0,0,0,1.0,1,1.0,1,1.0,1,0.32353851410075346,35
1731,1,2760,1390,1370,0,0,0,1.0,1,1.0,1,1.0,1,0.36939265929951054,35
1732,1,2761,1390,1371,0,0,0,1.0,1,1.0,1,1.0,1,0.361199850711115,35
1733,4,2765,1390,1375,0,0,0,1.0,1,1.0,1,1.0,1,0.28778757959495316,33
1734,2,2767,1392,1375,0,0,0,1.0,1,1.0,1,1.0,1,0.3439852938966088,34
1735,2,2769,1392,1377,0,0,0,1.0,1,1.0,1,1.0,1,0.27271417115827157,33
1736,4,2773,1394,1379,0,0,0,1.0,1,1.0,1,1.0,1,0.24534366366586957,33
1737,2,2775,1394,1381,0,0,0,1.0,1,1.0,1,1.0,1,0.21231007861806153,35
1738,1,2776,1395,1381,0,0,0,1.0,1,1.0,1,1.0,1,0.2130451930814866,36
1739,2,2778,1397,1381,0,0,0,1.0,1,1.0,1,1.0,1,0.24481120258138392,36
1740,4,2782,1398,1384,0,0,0,1.0,1,1.0,1,1.0,1,0.254405023842192,37
1741,1,2783,1398,1385,0,0,0,1.0,1,1.0,1,1.0,1,0.19995464408656116,36
1742,1,2784,1399,1385,0,0,0,1.0,1,1.0,1,1.0,1,0.16714996210631747,36
1743,2,2786,1400,1386,0,0,0,1.0,1,1.0,1,1.0,1,0.17602878865400887,37
1744,0,2786,1400,1386,0,0,0,1.0,1,1.0,1,1.0,1,0.1943711722614891,37
1745,6,2792,1404,1388,0,0,0,1.0,1,1.0,1,1.0,1,0.24179032806696166,38
1746,1,2793,1405,1388,0,0,0,1.0,1,1.0,1,1.0,1,0.23677997088133354,38
1747,2,2795,1405,1390,0,0,0,1.0,1,1.0,1,1.0,1,0.1916531805090716,37
1748,1,2796,1405,1391,0,0,0,1.0,1,1.0,1,1.0,1,0.19246574151150264,38
1749,2,2798,1407,1391,0,0,0,1.0,1,1.0,1,1.0,1,0.20124734933156413,38
1750,0,2798,1407,1391,0,0,0,1.0,1,1.0,1,1.0,1,0.21925096174480496,39
1751,2,2800,1408,1392,0,0,0,1.0,1,1.0,1,1.0,1,0.19955283420077072,41
1752,0,2800,1408,1392,0,0,0,1.0,1,1.0,1,1.0,1,0.19955283420077072,41
1753,2,2802,1409,1393,0,0,0,1.0,1,1.0,1,1.0,1,0.21176007967398056,41
1754,1,2803,1410,1393,0,0,0,1.0,1,1.0,1,1.0,1,0.2235979306630019,40
1755,3,2806,1411,1395,0,0,0,1.0,1,1.0,1,1.0,1,0.21347288874710835,41
1756,2,2808,1411,1397,0,0,0,1.0,1,1.0,1,1.0,1,0.204130432024961,41
1757,1,2809,1411,1398,0,0,0,1.0,1,1.0,1,1.0,1,0.18489352936094566,40
1758,1,2810,1412,1398,0,0,0,1.0,1,1.0,1,1.0,1,0.22016641665364772,41
1759,3,2813,1414,1399,0,0,0,1.0,1,1.0,1,1.0,1,0.29442784559219554,38
1760,1,2814,1415,1399,0,0,0,1.0,1,1.0,1,1.0,1,0.3421320107020129,38
1761,2,2816,1416,1400,0,0,0,1.0,1,1.0,1,1.0,1,0.3310645709670398,37
1762,2,2818,1417,1401,0,0,0,1.0,1,1.0,1,1.0,1,0.35267798683235957,37
1763,4,2822,1419,1403,0,0,0,1.0,1,1.0,1,1.0,1,0.29159518406045204,37
1764,0,2822,1419,1403,0,0,0,1.0,1,1.0,1,1.0,1,0.2710462254484816,36
1765,3,2825,1422,1403,0,0,0,1.0,1,1.0,1,1.0,1,0.2922034572469819,36
1766,2,2827,1423,1404,0,0,0,1.0,1,1.0,1,1.0,1,0.25841176782142244,37
1767,2,2829,1424,1405,0,0,0,1.0,1,1.0,1,1.0,1,0.24116273069194205,37
1768,2,2831,1425,1406,0,0,0,1.0,1,1.0,1,1.0,1,0.2344334986841774,37
1769,1,2832,1425,1407,0,0,0,1.0,1,1.0,1,1.0,1,0.21603728420970972,38
1770,0,2832,1425,1407,0,0,0,1.0,1,1.0,1,1.0,1,0.21994567810157747,39
1771,0,2832,1425,1407,0,0,0,1.0,1,1.0,1,1.0,1,0.21994567810157747,39
1772,0,2832,1425,1407,0,0,0,1.0,1,1.0,1,1.0,1,0.21994567810157747,39
1773,1,2833,1425,1408,0,0,0,1.0,1,1.0,1,1.0,1,0.19202071252910075,41
1774,1,2834,1426,1408,0,0,0,1.0,1,1.0,1,1.0,1,0.21716993550319594,41
1775,2,2836,1426,1410,0,0,0,1.0,1,1.0,1,1.0,1,0.1835484255245531,42
1776,2,2838,1427,1411,0,0,0,1.0,1,1.0,1,1.0,1,0.18782927518525513,43
1777,0,2838,1427,1411,0,0,0,1.0,1,1.0,1,1.0,1,0.18782927518525513,43
1778,1,2839,1427,1412,0,0,0,1.0,1,1.0,1,1.0,1,0.18349622162277354,44
1779,1,2840,1427,1413,0,0,0,1.0,1,1.0,1,1.0,1,0.17861022816589814,46
1780,1,2841,1428,1413,0,0,0,1.0,1,1.0,1,1.0,1,0.1940604165881613,46
1781,0,2841,1428,1413,0,0,0,1.0,1,1.0,1,1.0,1,0.1940604165881613,46
1782,2,2843,1430,1413,0,0,0,1.0,1,1.0,1,1.0,1,0.24724404703590488,46
1783,2,2845,1431,1414,0,0,0,1.0,1,1.0,1,1.0,1,0.21603387076496006,44
1784,1,2846,1432,1414,0,0,0,1.0,1,1.0,1,1.0,1,0.21103030732278139,45
1785,0,2846,1432,1414,0,0,0,1.0,1,1.0,1,1.0,1,0.21432634393789812,42
1786,4,2850,1436,1414,0,0,0,1.0,1,1.0,1,1.0,1,0.29470664361029153,43
1787,7,2857,1439,1418,0,0,0,1.0,1,1.0,1,1.0,1,0.24531395380593782,41
1788,0,2857,1439,1418,0,0,0,1.0,1,1.0,1,1.0,1,0.25126004719272166,41
1789,5,2862,1441,1421,0,0,0,1.0,1,1.0,1,1.0,1,0.2735468181167716,41
1790,2,2864,1442,1422,0,0,0,1.0,1,1.0,1,1.0,1,0.248818004787981,41
1791,2,2866,1443,1423,0,0,0,1.0,1,1.0,1,1.0,1,0.21680598083348143,40
1792,3,2869,1445,1424,0,0,0,1.0,1,1.0,1,1.0,1,0.21564483280221894,40
1793,0,2869,1445,1424,0,0,0,1.0,1,1.0,1,1.0,1,0.22589638649167576,41
1794,1,2870,1446,1424,0,0,0,1.0,1,1.0,1,1.0,1,0.23647516527404566,41
1795,3,2873,1449,1424,0,0,0,1.0,1,1.0,1,1.0,1,0.21387438828863653,40
1796,2,2875,1450,1425,0,0,0,1.0,1,1.0,1,1.0,1,0.20880050387142873,40
1797,3,2878,1451,1427,0,0,0,1.0,1,1.0,1,1.0,1,0.24039455887869815,37
1798,2,2880,1452,1428,0,0,0,1.0,1,1.0,1,1.0,1,0.2573299882990144,37
1799,1,2881,1453,1428,0,0,0,1.0,1,1.0,1,1.0,1,0.2858518480701747,36
1800,1,2882,1454,1428,0,0,0,1.0,1,1.0,1,1.0,1,0.31538429224103365,36
1801,1,2883,1454,1429,0,0,0,1.0,1,1.0,1,1.0,1,0.2560840156072159,34
1802,1,2884,1455,1429,0,0,0,1.0,1,1.0,1,1.0,1,0.28648808922822844,33
1803,0,2884,1455,1429,0,0,0,1.0,1,1.0,1,1.0,1,0.28648808922822844,33
1804,1,2885,1455,1430,0,0,0,1.0,1,1.0,1,1.0,1,0.2615576743064917,33
1805,0,2885,1455,1430,0,0,0,1.0,1,1.0,1,1.0,1,0.2628757981640102,35
1806,3,2888,1457,1431,0,0,0,1.0,1,1.0,1,1.0,1,0.2647501159700127,35
1807,1,2889,1457,1432,0,0,0,1.0,1,1.0,1,1.0,1,0.25477186548888636,35
1808,3,2892,1457,1435,0,0,0,1.0,1,1.0,1,1.0,1,0.22754614190580552,36
1809,2,2894,1457,1437,0,0,0,1.0,1,1.0,1,1.0,1,0.22531501264549808,36
1810,0,2894,1457,1437,0,0,0,1.0,1,1.0,1,1.0,1,0.23727274730090367,35
1811,0,2894,1457,1437,0,0,0,1.0,1,1.0,1,1.0,1,0.2629993222182116,36
1812,0,2894,1457,1437,0,0,0,1.0,1,1.0,1,1.0,1,0.2856093749185201,36
1813,0,2894,1457,1437,0,0,0,1.0,1,1.0,1,1.0,1,0.2856093749185201,36
1814,0,2894,1457,1437,0,0,0,1.0,1,1.0,1,1.0,1,0.28555956827884954,34
1815,0,2894,1457,1437,0,0,0,1.0,1,1.0,1,1.0,1,0.29762544783107736,35
1816,2,2896,1458,1438,0,0,0,1.0,1,1.0,1,1.0,1,0.34639408249071757,34
1817,3,2899,1460,1439,0,0,0,1.0,1,1.0,1,1.0,1,0.30502373280957756,34
1818,3,2902,1461,1441,0,0,0,1.0,1,1.0,1,1.0,1,0.27042951294970213,34
1819,4,2906,1462,1444,0,0,0,1.0,1,1.0,1,1.0,1,0.21073809532220114,35
1820,1,2907,1463,1444,0,0,0,1.0,1,1.0,1,1.0,1,0.2225394436550766,36
1821,1,2908,1464,1444,0,0,0,1.0,1,1.0,1,1.0,1,0.23978864860030133,36
1822,2,2910,1465,1445,0,0,0,1.0,1,1.0,1,1.0,1,0.25793403070624404,37
1823,5,2915,1467,1448,0,0,0,1.0,1,1.0,1,1.0,1,0.24116462163143154,38
1824,0,2915,1467,1448,0,0,0,1.0,1,1.0,1,1.0,1,0.22203541121490503,37
1825,3,2918,1469,1449,0,0,0,1.0,1,1.0,1,1.0,1,0.23803631087600927,36
1826,0,2918,1469,1449,0,0,0,1.0,1,1.0,1,1.0,1,0.2156989392183863,35
1827,1,2919,1470,1449,0,0,0,1.0,1,1.0,1,1.0,1,0.22855681016722174,35
1828,1,2920,1471,1449,0,0,0,1.0,1,1.0,1,1.0,1,0.23471342942058934,33
1829,0,2920,1471,1449,0,0,0,1.0,1,1.0,1,1.0,1,0.22001217766397715,32
1830,2,2922,1473,1449,0,0,0,1.0,1,1.0,1,1.0,1,0.2830079843294302,32
1831,1,2923,1473,1450,0,0,0,1.0,1,1.0,1,1.0,1,0.22818358185689816,30
1832,2,2925,1475,1450,0,0,0,1.0,1,1.0,1,1.0,1,0.3178855881869779,30
1833,4,2929,1476,1453,0,0,0,1.0,1,1.0,1,1.0,1,0.25493300208067365,29
1834,3,2932,1477,1455,0,0,0,1.0,1,1.0,1,1.0,1,0.25997284069347465,28
1835,2,2934,1478,1456,0,0,0,1.0,1,1.0,1,1.0,1,0.34082617892195166,28
1836,4,2938,1479,1459,0,0,0,1.0,1,1.0,1,1.0,1,0.24996664358582996,29
1837,0,2938,1479,1459,0,0,0,1.0,1,1.0,1,1.0,1,0.2485573907677665,28
1838,0,2938,1479,1459,0,0,0,1.0,1,1.0,1,1.0,1,0.2914316123005889,28
1839,0,2938,1479,1459,0,0,0,1.0,1,1.0,1,1.0,1,0.3091313939768086,27
1840,0,2938,1479,1459,0,0,0,1.0,1,1.0,1,1.0,1,0.36670797901222,26
1841,0,2938,1479,1459,0,0,0,1.0,1,1.0,1,1.0,1,0.3577007582521841,25
1842,2,2940,1480,1460,0,0,0,1.0,1,1.0,1,1.0,1,0.3655749995174355,26
1843,1,2941,1480,1461,0,0,0,1.0,1,1.0,1,1.0,1,0.32402999748701516,26
1844,1,2942,1481,1461,0,0,0,1.0,1,1.0,1,1.0,1,0.3141679409447203,26
1845,0,2942,1481,1461,0,0,0,1.0,1,1.0,1,1.0,1,0.3141679409447203,26
1846,3,2945,1483,1462,0,0,0,1.0,1,1.0,1,1.0,1,0.32176015594361435,26
1847,1,2946,1483,1463,0,0,0,1.0,1,1.0,1,1.0,1,0.3075214239765901,26
1848,1,2947,1483,1464,0,0,0,1.0,1,1.0,1,1.0,1,0.29516226842816995,27
1849,0,2947,1483,1464,0,0,0,1.0,1,1.0,1,1.0,1,0.29516226842816995,27
1850,0,2947,1483,1464,0,0,0,1.0,1,1.0,1,1.0,1,0.3084041505853576,28
1851,0,2947,1483,1464,0,0,0,1.0,1,1.0,1,1.0,1,0.3084041505853576,28
1852,0,2947,1483,1464,0,0,0,1.0,1,1.0,1,1.0,1,0.3084041505853576,28
1853,0,2947,1483,1464,0,0,0,1.0,1,1.0,1,1.0,1,0.32344790968116627,27
1854,0,2947,1483,1464,0,0,0,1.0,1,1.0,1,1.0,1,0.3461003508823399,28
1855,0,2947,1483,1464,0,0,0,1.0,1,1.0,1,1.0,1,0.3461003508823399,28
1856,3,2950,1483,1467,0,0,0,1.0,1,1.0,1,1.0,1,0.29060246062822614,30
1857,1,2951,1484,1467,0,0,0,1.0,1,1.0,1,1.0,1,0.32373140657751204,31
1858,5,2956,1487,1469,0,0,0,1.0,1,1.0,1,1.0,1,0.2922470466112724,31
1859,0,2956,1487,1469,0,0,0,1.0,1,1.0,1,1.0,1,0.2922470466112724,31
1860,0,2956,1487,1469,0,0,0,1.0,1,1.0,1,1.0,1,0.2922470466112724,31
1861,2,2958,1488,1470,0,0,0,1.0,1,1.0,1,1.0,1,0.2971634122235351,31
1862,0,2958,1488,1470,0,0,0,1.0,1,1.0,1,1.0,1,0.2971634122235351,31
1863,1,2959,1488,1471,0,0,0,1.0,1,1.0,1,1.0,1,0.2905119915781204,31
1864,3,2962,1491,1471,0,0,0,1.0,1,1.0,1,1.0,1,0.33261422006729924,30
1865,0,2962,1491,1471,0,0,0,1.0,1,1.0,1,1.0,1,0.33565212161503505,27
1866,1,2963,1492,1471,0,0,0,1.0,1,1.0,1,1.0,1,0.3554978061507419,28
1867,2,2965,1493,1472,0,0,0,1.0,1,1.0,1,1.0,1,0.3319749057591612,26
1868,1,2966,1494,1472,0,0,0,1.0,1,1.0,1,1.0,1,0.3828609643145171,26
1869,1,2967,1494,1473,0,0,0,1.0,1,1.0,1,1.0,1,0.37758822874580833,25
1870,1,2968,1495,1473,0,0,0,1.0,1,1.0,1,1.0,1,0.38442600075944566,25
1871,2,2970,1495,1475,0,0,0,1.0,1,1.0,1,1.0,1,0.3407572218255718,26
1872,0,2970,1495,1475,0,0,0,1.0,1,1.0,1,1.0,1,0.3271271389708832,25
1873,0,2970,1495,1475,0,0,0,1.0,1,1.0,1,1.0,1,0.3848317146484289,23
1874,0,2970,1495,1475,0,0,0,1.0,1,1.0,1,1.0,1,0.3850823028838963,23
1875,0,2970,1495,1475,0,0,0,1.0,1,1.0,1,1.0,1,0.42260718489847654,21
1876,5,2975,1496,1479,0,0,0,1.0,1,1.0,1,1.0,1,0.30110939432246947,24
1877,0,2975,1496,1479,0,0,0,1.0,1,1.0,1,1.0,1,0.30110939432246947,24
1878,2,2977,1498,1479,0,0,0,1.0,1,1.0,1,1.0,1,0.308526042620081,26
1879,1,2978,1498,1480,0,0,0,1.0,1,1.0,1,1.0,1,0.25107591980468325,26
1880,0,2978,1498,1480,0,0,0,1.0,1,1.0,1,1.0,1,0.25107591980468325,26
1881,0,2978,1498,1480,0,0,0,1.0,1,1.0,1,1.0,1,0.25107591980468325,26
1882,0,2978,1498,1480,0,0,0,1.0,1,1.0,1,1.0,1,0.2446650812470075,25
1883,0,2978,1498,1480,0,0,0,1.0,1,1.0,1,1.0,1,0.2446650812470075,25
1884,0,2978,1498,1480,0,0,0,1.0,1,1.0,1,1.0,1,0.2446650812470075,25
1885,0,2978,1498,1480,0,0,0,1.0,1,1.0,1,1.0,1,0.2446650812470075,25
1886,0,2978,1498,1480,0,0,0,1.0,1,1.0,1,1.0,1,0.2634028332673938,26
1887,0,2978,1498,1480,0,0,0,1.0,1,1.0,1,1.0,1,0.2634028332673938,26
1888,1,2979,1499,1480,0,0,0,1.0,1,1.0,1,1.0,1,0.3278854945008357,27
1889,0,2979,1499,1480,0,0,0,1.0,1,1.0,1,1.0,1,0.34284815549645065,28
1890,0,2979,1499,1480,0,0,0,1.0,1,1.0,1,1.0,1,0.34284815549645065,28
1891,1,2980,1499,1481,0,0,0,1.0,1,1.0,1,1.0,1,0.35170583341246864,29
1892,0,2980,1499,1481,0,0,0,1.0,1,1.0,1,1.0,1,0.35170583341246864,29
1893,1,2981,1499,1482,0,0,0,1.0,1,1.0,1,1.0,1,0.3343229134916682,29
1894,0,2981,1499,1482,0,0,0,1.0,1,1.0,1,1.0,1,0.3343229134916682,29
1895,2,2983,1500,1483,0,0,0,1.0,1,1.0,1,1.0,1,0.3217689025110813,31
1896,0,2983,1500,1483,0,0,0,1.0,1,1.0,1,1.0,1,0.3217689025110813,31
1897,0,2983,1500,1483,0,0,0,1.0,1,1.0,1,1.0,1,0.3217689025110813,31
1898,0,2983,1500,1483,0,0,0,1.0,1,1.0,1,1.0,1,0.3217689025110813,31
1899,0,2983,1500,1483,0,0,0,1.0,1,1.0,1,1.0,1,0.3334940517238142,32
1900,0,2983,1500,1483,0,0,0,1.0,1,1.0,1,1.0,1,0.3334940517238142,32
1901,0,2983,1500,1483,0,0,0,1.0,1,1.0,1,1.0,1,0.3334940517238142,32
1902,1,2984,1501,1483,0,0,0,1.0,1,1.0,1,1.0,1,0.355928003959784,32
1903,0,2984,1501,1483,0,0,0,1.0,1,1.0,1,1.0,1,0.355928003959784,32
1904,0,2984,1501,1483,0,0,0,1.0,1,1.0,1,1.0,1,0.3298716767589005,34
1905,0,2984,1501,1483,0,0,0,1.0,1,1.0,1,1.0,1,0.3298716767589005,34
1906,1,2985,1501,1484,0,0,0,1.0,1,1.0,1,1.0,1,0.32700617290143186,35
1907,1,2986,1502,1484,0,0,0,1.0,1,1.0,1,1.0,1,0.3133967009972884,36
1908,1,2987,1502,1485,0,0,0,1.0,1,1.0,1,1.0,1,0.2968095223986737,36
1909,1,2988,1502,1486,0,0,0,1.0,1,1.0,1,1.0,1,0.3062503071548802,37
1910,1,2989,1503,1486,0,0,0,1.0,1,1.0,1,1.0,1,0.32585364778846454,38
1911,1,2990,1503,1487,0,0,0,1.0,1,1.0,1,1.0,1,0.2899336016451018,37
1912,2,2992,1504,1488,0,0,0,1.0,1,1.0,1,1.0,1,0.27076335351123687,37
1913,1,2993,1505,1488,0,0,0,1.0,1,1.0,1,1.0,1,0.2270692658536168,36
1914,1,2994,1506,1488,0,0,0,1.0,1,1.0,1,1.0,1,0.2749570085230449,37
1915,2,2996,1507,1489,0,0,0,1.0,1,1.0,1,1.0,1,0.2825261635690153,37
1916,1,2997,1508,1489,0,0,0,1.0,1,1.0,1,1.0,1,0.26537405965075234,39
1917,4,3001,1510,1491,0,0,0,1.0,1,1.0,1,1.0,1,0.22160498389966984,38
1918,1,3002,1511,1491,0,0,0,1.0,1,1.0,1,1.0,1,0.22123823568461934,38
1919,0,3002,1511,1491,0,0,0,1.0,1,1.0,1,1.0,1,0.24770783610831748,38
1920,0,3002,1511,1491,0,0,0,1.0,1,1.0,1,1.0,1,0.25741837267025575,39
1921,1,3003,1511,1492,0,0,0,1.0,1,1.0,1,1.0,1,0.22194247079554058,38
1922,2,3005,1513,1492,0,0,0,1.0,1,1.0,1,1.0,1,0.22564179492983252,39
1923,5,3010,1516,1494,0,0,0,1.0,1,1.0,1,1.0,1,0.27108704148160234,40
1924,2,3012,1516,1496,0,0,0,1.0,1,1.0,1,1.0,1,0.2295795662880183,40
1925,2,3014,1516,1498,0,0,0,1.0,1,1.0,1,1.0,1,0.20743941348009956,40
1926,0,3014,1516,1498,0,0,0,1.0,1,1.0,1,1.0,1,0.20743941348009956,40
1927,1,3015,1516,1499,0,0,0,1.0,1,1.0,1,1.0,1,0.17943978926178566,41
1928,0,3015,1516,1499,0,0,0,1.0,1,1.0,1,1.0,1,0.17943978926178566,41
1929,0,3015,1516,1499,0,0,0,1.0,1,1.0,1,1.0,1,0.17456856794291017,40
1930,1,3016,1517,1499,0,0,0,1.0,1,1.0,1,1.0,1,0.19281463499625362,40
1931,1,3017,1518,1499,0,0,0,1.0,1,1.0,1,1.0,1,0.224643420004905,40
1932,1,3018,1518,1500,0,0,0,1.0,1,1.0,1,1.0,1,0.20654518476108744,40
1933,2,3020,1519,1501,0,0,0,1.0,1,1.0,1,1.0,1,0.20103904472102804,42
1934,2,3022,1519,1503,0,0,0,1.0,1,1.0,1,1.0,1,0.1628891857523114,44
1935,1,3023,1519,1504,0,0,0,1.0,1,1.0,1,1.0,1,0.14461027282818337,44
1936,1,3024,1519,1505,0,0,0,1.0,1,1.0,1,1.0,1,0.14177871318028032,46
1937,0,3024,1519,1505,0,0,0,1.0,1,1.0,1,1.0,1,0.14873887524096494,47
1938,1,3025,1520,1505,0,0,0,1.0,1,1.0,1,1.0,1,0.1450400745192909,47
1939,0,3025,1520,1505,0,0,0,1.0,1,1.0,1,1.0,1,0.1450400745192909,47
1940,1,3026,1521,1505,0,0,0,1.0,1,1.0,1,1.0,1,0.17584828895917112,47
1941,3,3029,1522,1507,0,0,0,1.0,1,1.0,1,1.0,1,0.15250918729534368,47
1942,2,3031,1523,1508,0,0,0,1.0,1,1.0,1,1.0,1,0.19023385630077466,49
1943,1,3032,1524,1508,0,0,0,1.0,1,1.0,1,1.0,1,0.2015599433857776,47
1944,6,3038,1528,1510,0,0,0,1.0,1,1.0,1,1.0,1,0.24985598525379268,47
1945,5,3043,1531,1512,0,0,0,1.0,1,1.0,1,1.0,1,0.21062269331554564,45
1946,3,3046,1531,1515,0,0,0,1.0,1,1.0,1,1.0,1,0.2034378342053931,45
1947,4,3050,1532,1518,0,0,0,1.0,1,1.0,1,1.0,1,0.1950090646428841,45
1948,4,3054,1533,1521,0,0,0,1.0,1,1.0,1,1.0,1,0.2223691799570957,45
1949,4,3058,1536,1522,0,0,0,1.0,1,1.0,1,1.0,1,0.2977317126992185,42
1950,3,3061,1539,1522,0,0,0,1.0,1,1.0,1,1.0,1,0.29463704816311076,42
1951,2,3063,1540,1523,0,0,0,1.0,1,1.0,1,1.0,1,0.31564404574347843,38
1952,4,3067,1543,1524,0,0,0,1.0,1,1.0,1,1.0,1,0.29560351276894725,36
1953,2,3069,1544,1525,0,0,0,1.0,1,1.0,1,1.0,1,0.2546324197672877,35
1954,0,3069,1544,1525,0,0,0,1.0,1,1.0,1,1.0,1,0.25963952858202394,32
1955,1,3070,1545,1525,0,0,0,1.0,1,1.0,1,1.0,1,0.26714863294427815,33
1956,2,3072,1547,1525,0,0,0,1.0,1,1.0,1,1.0,1,0.28841654983472853,31
1957,1,3073,1548,1525,0,0,0,1.0,1,1.0,1,1.0,1,0.29323903493642745,33
1958,2,3075,1548,1527,0,0,0,1.0,1,1.0,1,1.0,1,0.26245889547271617,34
1959,2,3077,1548,1529,0,0,0,1.0,1,1.0,1,1.0,1,0.21200708815867367,35
1960,1,3078,1549,1529,0,0,0,1.0,1,1.0,1,1.0,1,0.2415911759473355,36
1961,1,3079,1550,1529,0,0,0,1.0,1,1.0,1,1.0,1,0.247819335182025,36
1962,0,3079,1550,1529,0,0,0,1.0,1,1.0,1,1.0,1,0.28937500814428185,35
1963,1,3080,1550,1530,0,0,0,1.0,1,1.0,1,1.0,1,0.2947549120912955,36
1964,3,3083,1552,1531,0,0,0,1.0,1,1.0,1,1.0,1,0.28216043667946783,35
1965,2,3085,1552,1533,0,0,0,1.0,1,1.0,1,1.0,1,0.2364984848090242,36
1966,2,3087,1554,1533,0,0,0,1.0,1,1.0,1,1.0,1,0.2626578472475794,36
1967,1,3088,1554,1534,0,0,0,1.0,1,1.0,1,1.0,1,0.24714825703566734,36
1968,0,3088,1554,1534,0,0,0,1.0,1,1.0,1,1.0,1,0.2627168731655032,37
1969,1,3089,1555,1534,0,0,0,1.0,1,1.0,1,1.0,1,0.28423201867997266,37
1970,3,3092,1556,1536,0,0,0,1.0,1,1.0,1,1.0,1,0.2658869761474701,38
1971,1,3093,1556,1537,0,0,0,1.0,1,1.0,1,1.0,1,0.23531690348243514,37
1972,0,3093,1556,1537,0,0,0,1.0,1,1.0,1,1.0,1,0.23531690348243514,37
1973,1,3094,1557,1537,0,0,0,1.0,1,1.0,1,1.0,1,0.2632174724123827,37
1974,1,3095,1558,1537,0,0,0,1.0,1,1.0,1,1.0,1,0.2695303011605269,38
1975,0,3095,1558,1537,0,0,0,1.0,1,1.0,1,1.0,1,0.27816757601682945,37
1976,3,3098,1561,1537,0,0,0,1.0,1,1.0,1,1.0,1,0.3076989446791751,39
1977,5,3103,1562,1541,0,0,0,1.0,1,1.0,1,1.0,1,0.22334045432727265,42
1978,3,3106,1564,1542,0,0,0,1.0,1,1.0,1,1.0,1,0.2001168722529489,42
1979,0,3106,1564,1542,0,0,0,1.0,1,1.0,1,1.0,1,0.2001168722529489,42
1980,1,3107,1565,1542,0,0,0,1.0,1,1.0,1,1.0,1,0.20614475827091083,43
1981,2,3109,1566,1543,0,0,0,1.0,1,1.0,1,1.0,1,0.21071941922417994,44
1982,2,3111,1567,1544,0,0,0,1.0,1,1.0,1,1.0,1,0.1916748924988401,44
1983,4,3115,1570,1545,0,0,0,1.0,1,1.0,1,1.0,1,0.22257414872843095,44
1984,1,3116,1571,1545,0,0,0,1.0,1,1.0,1,1.0,1,0.23075241533042798,42
1985,3,3119,1572,1547,0,0,0,1.0,1,1.0,1,1.0,1,0.21069479533035418,41
1986,1,3120,1573,1547,0,0,0,1.0,1,1.0,1,1.0,1,0.2374002844254387,40
1987,1,3121,1574,1547,0,0,0,1.0,1,1.0,1,1.0,1,0.19167697547193607,37
1988,2,3123,1576,1547,0,0,0,1.0,1,1.0,1,1.0,1,0.22660157961353128,35
1989,1,3124,1576,1548,0,0,0,1.0,1,1.0,1,1.0,1,0.19092803999516525,32
1990,1,3125,1577,1548,0,0,0,1.0,1,1.0,1,1.0,1,0.21259780827689864,31
1991,1,3126,1578,1548,0,0,0,1.0,1,1.0,1,1.0,1,0.21769234168075544,32
1992,3,3129,1580,1549,0,0,0,1.0,1,1.0,1,1.0,1,0.26808868820353915,32
1993,1,3130,1580,1550,0,0,0,1.0,1,1.0,1,1.0,1,0.2687878176296417,32
1994,0,3130,1580,1550,0,0,0,1.0,1,1.0,1,1.0,1,0.2924712967649057,31
1995,1,3131,1580,1551,0,0,0,1.0,1,1.0,1,1.0,1,0.2639367314763558,32
1996,1,3132,1580,1552,0,0,0,1.0,1,1.0,1,1.0,1,0.24847370541980673,32
1997,2,3134,1580,1554,0,0,0,1.0,1,1.0,1,1.0,1,0.20031248481831251,31
1998,0,3134,1580,1554,0,0,0,1.0,1,1.0,1,1.0,1,0.1958440485523979,32
1999,0,3134,1580,1554,0,0,0,1.0,1,1.0,1,1.0,1,0.20548318649839736,31
2000,0,3134,1580,1554,0,0,0,1.0,1,1.0,1,1.0,1,0.22279247031379731,30
2001,0,3134,1580,1554,0,0,0,1.0,1,1.0,1,1.0,1,0.2463253406279405,29
2002,1,3135,1581,1554,0,0,0,1.0,1,1.0,1,1.0,1,0.24528670172161499,31
2003,2,3137,1583,1554,0,0,0,1.0,1,1.0,1,1.0,1,0.30386676274635005,33
2004,3,3140,1584,1556,0,0,0,1.0,1,1.0,1,1.0,1,0.28051643094332795,34
2005,3,3143,1584,1559,0,0,0,1.0,1,1.0,1,1.0,1,0.25320513488530366,35
2006,1,3144,1585,1559,0,0,0,1.0,1,1.0,1,1.0,1,0.25389206921230484,36
2007,1,3145,1586,1559,0,0,0,1.0,1,1.0,1,1.0,1,0.25723444737003515,36
2008,2,3147,1588,1559,0,0,0,1.0,1,1.0,1,1.0,1,0.27967386206134603,36
2009,1,3148,1588,1560,0,0,0,1.0,1,1.0,1,1.0,1,0.2517202856926445,37
2010,1,3149,1589,1560,0,0,0,1.0,1,1.0,1,1.0,1,0.27284997919683107,37
2011,1,3150,1589,1561,0,0,0,1.0,1,1.0,1,1.0,1,0.24136784787735263,37
2012,1,3151,1589,1562,0,0,0,1.0,1,1.0,1,1.0,1,0.2229290247728238,37
2013,0,3151,1589,1562,0,0,0,1.0,1,1.0,1,1.0,1,0.24786524445745006,39
2014,2,3153,1589,1564,0,0,0,1.0,1,1.0,1,1.0,1,0.2290280195634154,39
2015,0,3153,1589,1564,0,0,0,1.0,1,1.0,1,1.0,1,0.2290280195634154,39
2016,0,3153,1589,1564,0,0,0,1.0,1,1.0,1,1.0,1,0.22857703442452273,41
2017,1,3154,1589,1565,0,0,0,1.0,1,1.0,1,1.0,1,0.2062928341520719,41
2018,3,3157,1591,1566,0,0,0,1.0,1,1.0,1,1.0,1,0.2173692376779702,42
2019,1,3158,1591,1567,0,0,0,1.0,1,1.0,1,1.0,1,0.1798403201326973,43
2020,2,3160,1593,1567,0,0,0,1.0,1,1.0,1,1.0,1,0.215078018665151,43
2021,3,3163,1594,1569,0,0,0,1.0,1,1.0,1,1.0,1,0.18251196707251147,43
2022,1,3164,1594,1570,0,0,0,1.0,1,1.0,1,1.0,1,0.1809275552725444,44
2023,3,3167,1596,1571,0,0,0,1.0,1,1.0,1,1.0,1,0.23321875145489102,42
2024,2,3169,1598,1571,0,0,0,1.0,1,1.0,1,1.0,1,0.2604144797029229,41
2025,3,3172,1600,1572,0,0,0,1.0,1,1.0,1,1.0,1,0.28176491792452285,39
2026,4,3176,1601,1575,0,0,0,1.0,1,1.0,1,1.0,1,0.23576731525797617,39
2027,2,3178,1603,1575,0,0,0,1.0,1,1.0,1,1.0,1,0.3383228702199776,38
2028,2,3180,1604,1576,0,0,0,1.0,1,1.0,1,1.0,1,0.35032657983625637,37
2029,1,3181,1604,1577,0,0,0,1.0,1,1.0,1,1.0,1,0.29845452566695246,35
2030,1,3182,1604,1578,0,0,0,1.0,1,1.0,1,1.0,1,0.2448041023996441,32
2031,1,3183,1605,1578,0,0,0,1.0,1,1.0,1,1.0,1,0.2552392508031523,34
2032,1,3184,1606,1578,0,0,0,1.0,1,1.0,1,1.0,1,0.30924935823093863,35
2033,5,3189,1610,1579,0,0,0,1.0,1,1.0,1,1.0,1,0.29128229792113713,35
2034,0,3189,1610,1579,0,0,0,1.0,1,1.0,1,1.0,1,0.3056933359950468,35
2035,4,3193,1612,1581,0,0,0,1.0,1,1.0,1,1.0,1,0.2904958675257665,36
2036,1,3194,1612,1582,0,0,0,1.0,1,1.0,1,1.0,1,0.26176257981104073,35
2037,2,3196,1613,1583,0,0,0,1.0,1,1.0,1,1.0,1,0.25173475469774076,36
2038,1,3197,1613,1584,0,0,0,1.0,1,1.0,1,1.0,1,0.2551934739112399,38
2039,1,3198,1614,1584,0,0,0,1.0,1,1.0,1,1.0,1,0.2677617999471129,38
2040,0,3198,1614,1584,0,0,0,1.0,1,1.0,1,1.0,1,0.24883738592428206,37
2041,1,3199,1615,1584,0,0,0,1.0,1,1.0,1,1.0,1,0.2732915630823668,38
2042,1,3200,1615,1585,0,0,0,1.0,1,1.0,1,1.0,1,0.25467556098112215,38
2043,0,3200,1615,1585,0,0,0,1.0,1,1.0,1,1.0,1,0.25467556098112215,38
2044,0,3200,1615,1585,0,0,0,1.0,1,1.0,1,1.0,1,0.24604500123774423,39
2045,0,3200,1615,1585,0,0,0,1.0,1,1.0,1,1.0,1,0.26279820473354004,40
2046,3,3203,1615,1588,0,0,0,1.0,1,1.0,1,1.0,1,0.21214011355377418,41
2047,0,3203,1615,1588,0,0,0,1.0,1,1.0,1,1.0,1,0.21214011355377418,41
2048,0,3203,1615,1588,0,0,0,1.0,1,1.0,1,1.0,1,0.2267219704533157,43
2049,2,3205,1617,1588,0,0,0,1.0,1,1.0,1,1.0,1,0.24302751185159574,43
2050,1,3206,1617,1589,0,0,0,1.0,1,1.0,1,1.0,1,0.21166422540135868,43
2051,3,3209,1618,1591,0,0,0,1.0,1,1.0,1,1.0,1,0.20246280097132713,43
2052,0,3209,1618,1591,0,0,0,1.0,1,1.0,1,1.0,1,0.22007925120307836,44
2053,3,3212,1619,1593,0,0,0,1.0,1,1.0,1,1.0,1,0.20953250121718833,43
2054,0,3212,1619,1593,0,0,0,1.0,1,1.0,1,1.0,1,0.2048533734327198,44
2055,0,3212,1619,1593,0,0,0,1.0,1,1.0,1,1.0,1,0.22153884373717994,43
2056,0,3212,1619,1593,0,0,0,1.0,1,1.0,1,1.0,1,0.21462173486957328,44
2057,4,3216,1623,1593,0,0,0,1.0,1,1.0,1,1.0,1,0.21174166758959223,44
2058,3,3219,1625,1594,0,0,0,1.0,1,1.0,1,1.0,1,0.21591469791829696,44
2059,2,3221,1626,1595,0,0,0,1.0,1,1.0,1,1.0,1,0.1990555687356635,45
2060,2,3223,1626,1597,0,0,0,1.0,1,1.0,1,1.0,1,0.18089512355578513,46
2061,4,3227,1628,1599,0,0,0,1.0,1,1.0,1,1.0,1,0.1959796473182774,48
2062,1,3228,1629,1599,0,0,0,1.0,1,1.0,1,1.0,1,0.20111020927953516,48
2063,2,3230,1630,1600,0,0,0,1.0,1,1.0,1,1.0,1,0.1778928283392148,45
2064,2,3232,1632,1600,0,0,0,1.0,1,1.0,1,1.0,1,0.2279947130026136,44
2065,2,3234,1633,1601,0,0,0,1.0,1,1.0,1,1.0,1,0.18594960016368037,42
2066,3,3237,1636,1601,0,0,0,1.0,1,1.0,1,1.0,1,0.27874352298507193,42
2067,2,3239,1637,1602,0,0,0,1.0,1,1.0,1,1.0,1,0.28681526762858384,38
2068,0,3239,1637,1602,0,0,0,1.0,1,1.0,1,1.0,1,0.2822539718924778,37
2069,0,3239,1637,1602,0,0,0,1.0,1,1.0,1,1.0,1,0.2717868022740708,35
2070,2,3241,1638,1603,0,0,0,1.0,1,1.0,1,1.0,1,0.26417359197834167,35
2071,1,3242,1639,1603,0,0,0,1.0,1,1.0,1,1.0,1,0.3073975916985044,34
2072,3,3245,1640,1605,0,0,0,1.0,1,1.0,1,1.0,1,0.31957349776111776,35
2073,0,3245,1640,1605,0,0,0,1.0,1,1.0,1,1.0,1,0.3273006471776964,37
2074,0,3245,1640,1605,0,0,0,1.0,1,1.0,1,1.0,1,0.31235490515822645,36
2075,1,3246,1640,1606,0,0,0,1.0,1,1.0,1,1.0,1,0.2810257490766913,38
2076,0,3246,1640,1606,0,0,0,1.0,1,1.0,1,1.0,1,0.26595384025906593,37
2077,1,3247,1640,1607,0,0,0,1.0,1,1.0,1,1.0,1,0.22271023672865894,37
2078,0,3247,1640,1607,0,0,0,1.0,1,1.0,1,1.0,1,0.22271023672865894,37
2079,2,3249,1641,1608,0,0,0,1.0,1,1.0,1,1.0,1,0.1921218173895213,37
2080,1,3250,1641,1609,0,0,0,1.0,1,1.0,1,1.0,1,0.20183233304121184,36
2081,0,3250,1641,1609,0,0,0,1.0,1,1.0,1,1.0,1,0.22401171698766723,37
2082,5,3255,1643,1612,0,0,0,1.0,1,1.0,1,1.0,1,0.26424261377536923,38
2083,3,3258,1643,1615,0,0,0,1.0,1,1.0,1,1.0,1,0.2053710379451703,39
2084,1,3259,1644,1615,0,0,0,1.0,1,1.0,1,1.0,1,0.24815545288851396,41
2085,1,3260,1645,1615,0,0,0,1.0,1,1.0,1,1.0,1,0.26559551350620886,41
2086,3,3263,1645,1618,0,0,0,1.0,1,1.0,1,1.0,1,0.24466372799782654,44
2087,2,3265,1646,1619,0,0,0,1.0,1,1.0,1,1.0,1,0.18990056813370085,44
2088,0,3265,1646,1619,0,0,0,1.0,1,1.0,1,1.0,1,0.19854063984680206,45
2089,1,3266,1646,1620,0,0,0,1.0,1,1.0,1,1.0,1,0.17313059967686165,46
2090,0,3266,1646,1620,0,0,0,1.0,1,1.0,1,1.0,1,0.19279110604726293,47
2091,0,3266,1646,1620,0,0,0,1.0,1,1.0,1,1.0,1,0.2000721550828967,48
2092,4,3270,1649,1621,0,0,0,1.0,1,1.0,1,1.0,1,0.15509339627723762,48
2093,0,3270,1649,1621,0,0,0,1.0,1,1.0,1,1.0,1,0.15509339627723762,48
2094,0,3270,1649,1621,0,0,0,1.0,1,1.0,1,1.0,1,0.17727103596198499,47
2095,0,3270,1649,1621,0,0,0,1.0,1,1.0,1,1.0,1,0.1905703192478815,49
2096,3,3273,1651,1622,0,0,0,1.0,1,1.0,1,1.0,1,0.2031544446298543,50
2097,1,3274,1651,1623,0,0,0,1.0,1,1.0,1,1.0,1,0.19171703668745363,50
2098,1,3275,1652,1623,0,0,0,1.0,1,1.0,1,1.0,1,0.2009832040126305,51
2099,2,3277,1652,1625,0,0,0,1.0,1,1.0,1,1.0,1,0.19682782962476816,50
2100,1,3278,1653,1625,0,0,0,1.0,1,1.0,1,1.0,1,0.21942798218737042,49
2101,2,3280,1654,1626,0,0,0,1.0,1,1.0,1,1.0,1,0.27108588835453273,48
2102,6,3286,1658,1628,0,0,0,1.0,1,1.0,1,1.0,1,0.3479091446023124,49
2103,3,3289,1659,1630,0,0,0,1.0,1,1.0,1,1.0,1,0.31074325467251385,44
2104,2,3291,1661,1630,0,0,0,1.0,1,1.0,1,1.0,1,0.3718378323480207,42
2105,3,3294,1662,1632,0,0,0,1.0,1,1.0,1,1.0,1,0.35020923181105934,40
2106,1,3295,1662,1633,0,0,0,1.0,1,1.0,1,1.0,1,0.3355192497412933,39
2107,1,3296,1663,1633,0,0,0,1.0,1,1.0,1,1.0,1,0.3174788760544813,37
2108,4,3300,1665,1635,0,0,0,1.0,1,1.0,1,1.0,1,0.3249520390524066,37
2109,5,3305,1668,1637,0,0,0,1.0,1,1.0,1,1.0,1,0.32526548521548776,36
2110,0,3305,1668,1637,0,0,0,1.0,1,1.0,1,1.0,1,0.2939734993552632,35
2111,2,3307,1669,1638,0,0,0,1.0,1,1.0,1,1.0,1,0.2613799563981579,35
2112,0,3307,1669,1638,0,0,0,1.0,1,1.0,1,1.0,1,0.2613799563981579,35
2113,0,3307,1669,1638,0,0,0,1.0,1,1.0,1,1.0,1,0.26048195943333613,35
2114,2,3309,1670,1639,0,0,0,1.0,1,1.0,1,1.0,1,0.2907764731363069,36
2115,1,3310,1670,1640,0,0,0,1.0,1,1.0,1,1.0,1,0.2722727747938804,37
2116,3,3313,1671,1642,0,0,0,1.0,1,1.0,1,1.0,1,0.2521220100965256,39
2117,0,3313,1671,1642,0,0,0,1.0,1,1.0,1,1.0,1,0.2462157556964163,39
2118,3,3316,1672,1644,0,0,0,1.0,1,1.0,1,1.0,1,0.28777701977421744,41
2119,3,3319,1672,1647,0,0,0,1.0,1,1.0,1,1.0,1,0.23827466370377504,42
2120,0,3319,1672,1647,0,0,0,1.0,1,1.0,1,1.0,1,0.23827466370377504,42
2121,2,3321,1673,1648,0,0,0,1.0,1,1.0,1,1.0,1,0.1995894775112345,42
2122,2,3323,1673,1650,0,0,0,1.0,1,1.0,1,1.0,1,0.1890065346812359,43
2123,1,3324,1673,1651,0,0,0,1.0,1,1.0,1,1.0,1,0.21811707352578835,42
2124,0,3324,1673,1651,0,0,0,1.0,1,1.0,1,1.0,1,0.21811707352578835,42
2125,2,3326,1673,1653,0,0,0,1.0,1,1.0,1,1.0,1,0.20104886169392294,41
2126,0,3326,1673,1653,0,0,0,1.0,1,1.0,1,1.0,1,0.20104886169392294,41
2127,0,3326,1673,1653,0,0,0,1.0,1,1.0,1,1.0,1,0.20104886169392294,41
2128,1,3327,1674,1653,0,0,0,1.0,1,1.0,1,1.0,1,0.23186934076842888,42
2129,1,3328,1674,1654,0,0,0,1.0,1,1.0,1,1.0,1,0.23038585020992,43
2130,1,3329,1674,1655,0,0,0,1.0,1,1.0,1,1.0,1,0.23106079156760453,45
2131,0,3329,1674,1655,0,0,0,1.0,1,1.0,1,1.0,1,0.2554415672897643,44
2132,1,3330,1674,1656,0,0,0,1.0,1,1.0,1,1.0,1,0.24772369553328155,44
2133,1,3331,1674,1657,0,0,0,1.0,1,1.0,1,1.0,1,0.2431956996166131,45
2134,1,3332,1675,1657,0,0,0,1.0,1,1.0,1,1.0,1,0.2604679012463776,45
2135,4,3336,1676,1660,0,0,0,1.0,1,1.0,1,1.0,1,0.21668371670244016,46
2136,3,3339,1677,1662,0,0,0,1.0,1,1.0,1,1.0,1,0.16917327804425783,47
2137,4,3343,1680,1663,0,0,0,1.0,1,1.0,1,1.0,1,0.1928709339212704,47
2138,0,3343,1680,1663,0,0,0,1.0,1,1.0,1,1.0,1,0.23540350714375513,45
2139,3,3346,1681,1665,0,0,0,1.0,1,1.0,1,1.0,1,0.18105726654676352,45
2140,0,3346,1681,1665,0,0,0,1.0,1,1.0,1,1.0,1,0.19296793408885166,44
2141,2,3348,1682,1666,0,0,0,1.0,1,1.0,1,1.0,1,0.19236108034064175,45
2142,4,3352,1685,1667,0,0,0,1.0,1,1.0,1,1.0,1,0.19553806469790672,46
2143,0,3352,1685,1667,0,0,0,1.0,1,1.0,1,1.0,1,0.17209705094994537,46
2144,3,3355,1687,1668,0,0,0,1.0,1,1.0,1,1.0,1,0.20364820331360717,48
2145,4,3359,1690,1669,0,0,0,1.0,1,1.0,1,1.0,1,0.20333925126056704,46
2146,3,3362,1692,1670,0,0,0,1.0,1,1.0,1,1.0,1,0.20528914101005058,45
2147,2,3364,1693,1671,0,0,0,1.0,1,1.0,1,1.0,1,0.19074803734788187,44
2148,2,3366,1695,1671,0,0,0,1.0,1,1.0,1,1.0,1,0.22179779890450896,44
2149,2,3368,1697,1671,0,0,0,1.0,1,1.0,1,1.0,1,0.2902187228915537,42
2150,4,3372,1699,1673,0,0,0,1.0,1,1.0,1,1.0,1,0.25193907663232745,40
2151,1,3373,1700,1673,0,0,0,1.0,1,1.0,1,1.0,1,0.28640389268682737,39
2152,2,3375,1701,1674,0,0,0,1.0,1,1.0,1,1.0,1,0.3039891932068977,40
2153,2,3377,1702,1675,0,0,0,1.0,1,1.0,1,1.0,1,0.306261083917847,42
2154,2,3379,1703,1676,0,0,0,1.0,1,1.0,1,1.0,1,0.33361364518669323,42
2155,3,3382,1705,1677,0,0,0,1.0,1,1.0,1,1.0,1,0.32689999814114856,41
2156,1,3383,1705,1678,0,0,0,1.0,1,1.0,1,1.0,1,0.2996696924721897,40
2157,4,3387,1706,1681,0,0,0,1.0,1,1.0,1,1.0,1,0.2938634496948733,40
2158,1,3388,1706,1682,0,0,0,1.0,1,1.0,1,1.0,1,0.28270707043381604,38
2159,0,3388,1706,1682,0,0,0,1.0,1,1.0,1,1.0,1,0.27583087086567143,38
2160,2,3390,1706,1684,0,0,0,1.0,1,1.0,1,1.0,1,0.2304276284751269,38
2161,2,3392,1708,1684,0,0,0,1.0,1,1.0,1,1.0,1,0.21068307851811394,38
2162,1,3393,1709,1684,0,0,0,1.0,1,1.0,1,1.0,1,0.2257844523533841,38
2163,4,3397,1711,1686,0,0,0,1.0,1,1.0,1,1.0,1,0.2566737798157379,40
2164,3,3400,1713,1687,0,0,0,1.0,1,1.0,1,1.0,1,0.29297601266405654,41
2165,5,3405,1714,1691,0,0,0,1.0,1,1.0,1,1.0,1,0.219152736435339,42
2166,0,3405,1714,1691,0,0,0,1.0,1,1.0,1,1.0,1,0.219152736435339,42
2167,1,3406,1714,1692,0,0,0,1.0,1,1.0,1,1.0,1,0.19357156756430713,43
2168,0,3406,1714,1692,0,0,0,1.0,1,1.0,1,1.0,1,0.17167081598506695,43
2169,1,3407,1714,1693,0,0,0,1.0,1,1.0,1,1.0,1,0.1792356325218438,45
2170,0,3407,1714,1693,0,0,0,1.0,1,1.0,1,1.0,1,0.1736904104326798,46
2171,2,3409,1716,1693,0,0,0,1.0,1,1.0,1,1.0,1,0.17348189234102357,48
2172,1,3410,1716,1694,0,0,0,1.0,1,1.0,1,1.0,1,0.14987067966504902,49
2173,2,3412,1718,1694,0,0,0,1.0,1,1.0,1,1.0,1,0.15347635657882924,49
2174,1,3413,1719,1694,0,0,0,1.0,1,1.0,1,1.0,1,0.17323907533901411,49
2175,3,3416,1719,1697,0,0,0,1.0,1,1.0,1,1.0,1,0.12647789844481896,49
2176,2,3418,1719,1699,0,0,0,1.0,1,1.0,1,1.0,1,0.1399168980628306,51
2177,2,3420,1721,1699,0,0,0,1.0,1,1.0,1,1.0,1,0.16374010997581795,51
2178,1,3421,1722,1699,0,0,0,1.0,1,1.0,1,1.0,1,0.1560594112998599,50
2179,2,3423,1722,1701,0,0,0,1.0,1,1.0,1,1.0,1,0.14810227182043184,49
2180,1,3424,1723,1701,0,0,0,1.0,1,1.0,1,1.0,1,0.17134097829043046,47
2181,3,3427,1724,1703,0,0,0,1.0,1,1.0,1,1.0,1,0.1399185246145888,47
2182,4,3431,1727,1704,0,0,0,1.0,1,1.0,1,1.0,1,0.2072796065742426,45
2183,5,3436,1731,1705,0,0,0,1.0,1,1.0,1,1.0,1,0.25508656338332164,44
2184,4,3440,1732,1708,0,0,0,1.0,1,1.0,1,1.0,1,0.25611677537046224,43
2185,7,3447,1736,1711,0,0,0,1.0,1,1.0,1,1.0,1,0.26318834272427893,40
2186,1,3448,1737,1711,0,0,0,1.0,1,1.0,1,1.0,1,0.2743201021291538,38
2187,1,3449,1738,1711,0,0,0,1.0,1,1.0,1,1.0,1,0.22009960856131516,35
2188,4,3453,1741,1712,0,0,0,1.0,1,1.0,1,1.0,1,0.26634305230297484,34
2189,3,3456,1742,1714,0,0,0,1.0,1,1.0,1,1.0,1,0.20907219534907276,31
2190,2,3458,1744,1714,0,0,0,1.0,1,1.0,1,1.0,1,0.2148647312672956,29
2191,1,3459,1745,1714,0,0,0,1.0,1,1.0,1,1.0,1,0.2529307068239651,28
2192,2,3461,1747,1714,0,0,0,1.0,1,1.0,1,1.0,1,0.3186693485879239,29
2193,3,3464,1749,1715,0,0,0,1.0,1,1.0,1,1.0,1,0.3373300187179931,28
2194,0,3464,1749,1715,0,0,0,1.0,1,1.0,1,1.0,1,0.3347422706147658,27
2195,2,3466,1750,1716,0,0,0,1.0,1,1.0,1,1.0,1,0.27847161773740364,27
2196,0,3466,1750,1716,0,0,0,1.0,1,1.0,1,1.0,1,0.3414414469982423,27
2197,1,3467,1750,1717,0,0,0,1.0,1,1.0,1,1.0,1,0.29641043094879765,27
2198,0,3467,1750,1717,0,0,0,1.0,1,1.0,1,1.0,1,0.259623530913857,28
2199,1,3468,1750,1718,0,0,0,1.0,1,1.0,1,1.0,1,0.2764233772574684,29
2200,2,3470,1750,1720,0,0,0,1.0,1,1.0,1,1.0,1,0.26667389241681944,31
2201,3,3473,1752,1721,0,0,0,1.0,1,1.0,1,1.0,1,0.2502506798278707,32
2202,0,3473,1752,1721,0,0,0,1.0,1,1.0,1,1.0,1,0.2706979078764623,31
2203,1,3474,1752,1722,0,0,0,1.0,1,1.0,1,1.0,1,0.2043765629755824,32
2204,0,3474,1752,1722,0,0,0,1.0,1,1.0,1,1.0,1,0.2043765629755824,32
2205,2,3476,1753,1723,0,0,0,1.0,1,1.0,1,1.0,1,0.2106862181799518,33
2206,0,3476,1753,1723,0,0,0,1.0,1,1.0,1,1.0,1,0.20362834672593208,32
2207,0,3476,1753,1723,0,0,0,1.0,1,1.0,1,1.0,1,0.24093170788738938,33
2208,0,3476,1753,1723,0,0,0,1.0,1,1.0,1,1.0,1,0.2326492889678458,35
2209,1,3477,1754,1723,0,0,0,1.0,1,1.0,1,1.0,1,0.2799772552345497,36
2210,1,3478,1754,1724,0,0,0,1.0,1,1.0,1,1.0,1,0.21955037758612675,35
2211,0,3478,1754,1724,0,0,0,1.0,1,1.0,1,1.0,1,0.23481709285118357,36
2212,3,3481,1755,1726,0,0,0,1.0,1,1.0,1,1.0,1,0.2363949996119311,37
2213,1,3482,1756,1726,0,0,0,1.0,1,1.0,1,1.0,1,0.2511500780108882,37
2214,2,3484,1757,1727,0,0,0,1.0,1,1.0,1,1.0,1,0.25623459935006326,39
2215,3,3487,1760,1727,0,0,0,1.0,1,1.0,1,1.0,1,0.2641604948978134,36
2216,2,3489,1762,1727,0,0,0,1.0,1,1.0,1,1.0,1,0.30335779202853125,37
2217,4,3493,1764,1729,0,0,0,1.0,1,1.0,1,1.0,1,0.3043971664187586,35
2218,4,3497,1766,1731,0,0,0,1.0,1,1.0,1,1.0,1,0.28719059499595934,35
2219,0,3497,1766,1731,0,0,0,1.0,1,1.0,1,1.0,1,0.2566170285954492,33
2220,2,3499,1768,1731,0,0,0,1.0,1,1.0,1,1.0,1,0.26778563853924503,31
2221,3,3502,1769,1733,0,0,0,1.0,1,1.0,1,1.0,1,0.2379814519007745,31
2222,3,3505,1770,1735,0,0,0,1.0,1,1.0,1,1.0,1,0.1913905458090009,30
2223,1,3506,1771,1735,0,0,0,1.0,1,1.0,1,1.0,1,0.2286728756574654,28
2224,2,3508,1772,1736,0,0,0,1.0,1,1.0,1,1.0,1,0.24320605597203884,29
2225,3,3511,1774,1737,0,0,0,1.0,1,1.0,1,1.0,1,0.23508597324478697,28
2226,1,3512,1775,1737,0,0,0,1.0,1,1.0,1,1.0,1,0.2831233622236473,30
2227,2,3514,1776,1738,0,0,0,1.0,1,1.0,1,1.0,1,0.26921895280321917,28
2228,1,3515,1777,1738,0,0,0,1.0,1,1.0,1,1.0,1,0.32580895525330483,29
2229,2,3517,1778,1739,0,0,0,1.0,1,1.0,1,1.0,1,0.20292827529225949,28
2230,0,3517,1778,1739,0,0,0,1.0,1,1.0,1,1.0,1,0.20298798341070626,28
2231,1,3518,1779,1739,0,0,0,1.0,1,1.0,1,1.0,1,0.19432894381557797,27
2232,0,3518,1779,1739,0,0,0,1.0,1,1.0,1,1.0,1,0.22770682943301546,27
2233,3,3521,1782,1739,0,0,0,1.0,1,1.0,1,1.0,1,0.31788258527568414,28
2234,2,3523,1784,1739,0,0,0,1.0,1,1.0,1,1.0,1,0.3384216224930813,26
2235,1,3524,1784,1740,0,0,0,1.0,1,1.0,1,1.0,1,0.2982434251731959,26
2236,0,3524,1784,1740,0,0,0,1.0,1,1.0,1,1.0,1,0.3110469285111039,26
2237,1,3525,1785,1740,0,0,0,1.0,1,1.0,1,1.0,1,0.2933444133245524,26
2238,1,3526,1786,1740,0,0,0,1.0,1,1.0,1,1.0,1,0.3000681536633344,27
2239,0,3526,1786,1740,0,0,0,1.0,1,1.0,1,1.0,1,0.29807266640885444,28
2240,2,3528,1788,1740,0,0,0,1.0,1,1.0,1,1.0,1,0.2962438209610735,30
2241,2,3530,1790,1740,0,0,0,1.0,1,1.0,1,1.0,1,0.34505293403968507,29
2242,3,3533,1792,1741,0,0,0,1.0,1,1.0,1,1.0,1,0.32240835913846755,29
2243,2,3535,1793,1742,0,0,0,1.0,1,1.0,1,1.0,1,0.2911405838978321,29
2244,2,3537,1793,1744,0,0,0,1.0,1,1.0,1,1.0,1,0.23081155284474666,29
2245,1,3538,1793,1745,0,0,0,1.0,1,1.0,1,1.0,1,0.20089397217254043,30
2246,1,3539,1793,1746,0,0,0,1.0,1,1.0,1,1.0,1,0.18887618608426832,33
2247,1,3540,1793,1747,0,0,0,1.0,1,1.0,1,1.0,1,0.1774699573878557,34
2248,0,3540,1793,1747,0,0,0,1.0,1,1.0,1,1.0,1,0.1774699573878557,34
2249,0,3540,1793,1747,0,0,0,1.0,1,1.0,1,1.0,1,0.1744010535012313,35
2250,0,3540,1793,1747,0,0,0,1.0,1,1.0,1,1.0,1,0.1744010535012313,35
2251,0,3540,1793,1747,0,0,0,1.0,1,1.0,1,1.0,1,0.18313464519226194,36
2252,2,3542,1794,1748,0,0,0,1.0,1,1.0,1,1.0,1,0.2233548661588079,37
2253,1,3543,1795,1748,0,0,0,1.0,1,1.0,1,1.0,1,0.20795022504920987,35
2254,0,3543,1795,1748,0,0,0,1.0,1,1.0,1,1.0,1,0.27101539634778377,33
2255,2,3545,1796,1749,0,0,0,1.0,1,1.0,1,1.0,1,0.27856389743386195,35
2256,5,3550,1798,1752,0,0,0,1.0,1,1.0,1,1.0,1,0.205555349292673,34
2257,2,3552,1800,1752,0,0,0,1.0,1,1.0,1,1.0,1,0.2082392694371777,36
2258,0,3552,1800,1752,0,0,0,1.0,1,1.0,1,1.0,1,0.22759135915476764,35
2259,3,3555,1802,1753,0,0,0,1.0,1,1.0,1,1.0,1,0.20439810120212706,35
2260,1,3556,1802,1754,0,0,0,1.0,1,1.0,1,1.0,1,0.18510156976346073,33
2261,3,3559,1803,1756,0,0,0,1.0,1,1.0,1,1.0,1,0.1783149951560012,33
2262,2,3561,1805,1756,0,0,0,1.0,1,1.0,1,1.0,1,0.30525228719066366,32
2263,2,3563,1806,1757,0,0,0,1.0,1,1.0,1,1.0,1,0.3002785136500818,31
2264,1,3564,1807,1757,0,0,0,1.0,1,1.0,1,1.0,1,0.36214391507116944,30
2265,2,3566,1807,1759,0,0,0,1.0,1,1.0,1,1.0,1,0.2624423603612925,29
2266,3,3569,1809,1760,0,0,0,1.0,1,1.0,1,1.0,1,0.3076036349058042,30
2267,2,3571,1811,1760,0,0,0,1.0,1,1.0,1,1.0,1,0.32382572256042874,29
2268,2,3573,1813,1760,0,0,0,1.0,1,1.0,1,1.0,1,0.2300832977172866,30
2269,1,3574,1814,1760,0,0,0,1.0,1,1.0,1,1.0,1,0.2374617126062352,31
2270,2,3576,1815,1761,0,0,0,1.0,1,1.0,1,1.0,1,0.23361077972773966,31
2271,5,3581,1820,1761,0,0,0,1.0,1,1.0,1,1.0,1,0.312647681232986,31
2272,3,3584,1821,1763,0,0,0,1.0,1,1.0,1,1.0,1,0.2199277375516172,31
2273,2,3586,1823,1763,0,0,0,1.0,1,1.0,1,1.0,1,0.24228602057115092,30
2274,1,3587,1823,1764,0,0,0,1.0,1,1.0,1,1.0,1,0.22180320150956617,31
2275,1,3588,1823,1765,0,0,0,1.0,1,1.0,1,1.0,1,0.19795383565192154,32
2276,1,3589,1824,1765,0,0,0,1.0,1,1.0,1,1.0,1,0.2159478905031826,31
2277,0,3589,1824,1765,0,0,0,1.0,1,1.0,1,1.0,1,0.21884184066537551,31
2278,0,3589,1824,1765,0,0,0,1.0,1,1.0,1,1.0,1,0.23712824874505092,32
2279,2,3591,1825,1766,0,0,0,1.0,1,1.0,1,1.0,1,0.17095815750437304,32
2280,0,3591,1825,1766,0,0,0,1.0,1,1.0,1,1.0,1,0.1902330581924911,33
2281,0,3591,1825,1766,0,0,0,1.0,1,1.0,1,1.0,1,0.2098716302902545,34
2282,2,3593,1826,1767,0,0,0,1.0,1,1.0,1,1.0,1,0.23098678684758314,34
2283,1,3594,1826,1768,0,0,0,1.0,1,1.0,1,1.0,1,0.20490159536843172,34
2284,1,3595,1827,1768,0,0,0,1.0,1,1.0,1,1.0,1,0.23980547445402955,34
2285,1,3596,1827,1769,0,0,0,1.0,1,1.0,1,1.0,1,0.1900088087109691,35
2286,0,3596,1827,1769,0,0,0,1.0,1,1.0,1,1.0,1,0.22103629851370754,34
2287,1,3597,1828,1769,0,0,0,1.0,1,1.0,1,1.0,1,0.1946208792960114,35
2288,0,3597,1828,1769,0,0,0,1.0,1,1.0,1,1.0,1,0.2495141140025878,35
2289,2,3599,1829,1770,0,0,0,1.0,1,1.0,1,1.0,1,0.2255262196452293,37
2290,1,3600,1830,1770,0,0,0,1.0,1,1.0,1,1.0,1,0.24318519616677833,37
2291,1,3601,1831,1770,0,0,0,1.0,1,1.0,1,1.0,1,0.2622549554592228,35
2292,0,3601,1831,1770,0,0,0,1.0,1,1.0,1,1.0,1,0.2668112960456558,35
2293,2,3603,1833,1770,0,0,0,1.0,1,1.0,1,1.0,1,0.27002225717272543,34
2294,1,3604,1833,1771,0,0,0,1.0,1,1.0,1,1.0,1,0.3452109414210785,33
2295,1,3605,1834,1771,0,0,0,1.0,1,1.0,1,1.0,1,0.3343656631568673,34
2296,1,3606,1834,1772,0,0,0,1.0,1,1.0,1,1.0,1,0.31166962387638697,33
2297,0,3606,1834,1772,0,0,0,1.0,1,1.0,1,1.0,1,0.34846688382783664,32
2298,0,3606,1834,1772,0,0,0,1.0,1,1.0,1,1.0,1,0.36641327810920893,32
2299,0,3606,1834,1772,0,0,0,1.0,1,1.0,1,1.0,1,0.3591917866287502,33
2300,4,3610,1836,1774,0,0,0,1.0,1,1.0,1,1.0,1,0.33694369143451697,33
2301,1,3611,1837,1774,0,0,0,1.0,1,1.0,1,1.0,1,0.3345270243770391,33
2302,1,3612,1838,1774,0,0,0,1.0,1,1.0,1,1.0,1,0.3588066268487329,34
2303,7,3619,1843,1776,0,0,0,1.0,1,1.0,1,1.0,1,0.3448021265836012,34
2304,4,3623,1846,1777,0,0,0,1.0,1,1.0,1,1.0,1,0.3274432090031566,33
2305,3,3626,1847,1779,0,0,0,1.0,1,1.0,1,1.0,1,0.3369181954184368,33
2306,3,3629,1849,1780,0,0,0,1.0,1,1.0,1,1.0,1,0.32688445444645203,33
2307,1,3630,1849,1781,0,0,0,1.0,1,1.0,1,1.0,1,0.2871303656649168,35
2308,1,3631,1850,1781,0,0,0,1.0,1,1.0,1,1.0,1,0.2803360857239929,34
2309,2,3633,1851,1782,0,0,0,1.0,1,1.0,1,1.0,1,0.27494380973009036,34
2310,2,3635,1852,1783,0,0,0,1.0,1,1.0,1,1.0,1,0.22257956768082257,34
2311,0,3635,1852,1783,0,0,0,1.0,1,1.0,1,1.0,1,0.21735029985776036,35
2312,1,3636,1853,1783,0,0,0,1.0,1,1.0,1,1.0,1,0.24159841127448636,34
2313,2,3638,1854,1784,0,0,0,1.0,1,1.0,1,1.0,1,0.210335512821706,35
2314,0,3638,1854,1784,0,0,0,1.0,1,1.0,1,1.0,1,0.22842421145499775,35
2315,2,3640,1854,1786,0,0,0,1.0,1,1.0,1,1.0,1,0.2083699927464949,34
2316,2,3642,1856,1786,0,0,0,1.0,1,1.0,1,1.0,1,0.28851605347792514,35
2317,0,3642,1856,1786,0,0,0,1.0,1,1.0,1,1.0,1,0.2961874587987342,32
2318,1,3643,1857,1786,0,0,0,1.0,1,1.0,1,1.0,1,0.32640493462644216,32
2319,1,3644,1858,1786,0,0,0,1.0,1,1.0,1,1.0,1,0.38141058040011083,32
2320,2,3646,1858,1788,0,0,0,1.0,1,1.0,1,1.0,1,0.3670170766123141,32
2321,1,3647,1858,1789,0,0,0,1.0,1,1.0,1,1.0,1,0.3527334074603818,33
2322,0,3647,1858,1789,0,0,0,1.0,1,1.0,1,1.0,1,0.3527334074603818,33
2323,0,3647,1858,1789,0,0,0,1.0,1,1.0,1,1.0,1,0.3527334074603818,33
2324,3,3650,1860,1790,0,0,0,1.0,1,1.0,1,1.0,1,0.36008096684226143,34
2325,1,3651,1860,1791,0,0,0,1.0,1,1.0,1,1.0,1,0.34218561540001896,35
2326,0,3651,1860,1791,0,0,0,1.0,1,1.0,1,1.0,1,0.34218561540001896,35
2327,0,3651,1860,1791,0,0,0,1.0,1,1.0,1,1.0,1,0.35988479285087543,36
2328,0,3651,1860,1791,0,0,0,1.0,1,1.0,1,1.0,1,0.3628817766755763,37
2329,0,3651,1860,1791,0,0,0,1.0,1,1.0,1,1.0,1,0.3574101723137192,37
2330,1,3652,1860,1792,0,0,0,1.0,1,1.0,1,1.0,1,0.34620203058365634,38
2331,1,3653,1860,1793,0,0,0,1.0,1,1.0,1,1.0,1,0.33912811554902994,40
2332,2,3655,1860,1795,0,0,0,1.0,1,1.0,1,1.0,1,0.29635042174286985,40
2333,2,3657,1860,1797,0,0,0,1.0,1,1.0,1,1.0,1,0.2764793399929364,41
2334,0,3657,1860,1797,0,0,0,1.0,1,1.0,1,1.0,1,0.2764793399929364,41
2335,0,3657,1860,1797,0,0,0,1.0,1,1.0,1,1.0,1,0.2764793399929364,41
2336,2,3659,1860,1799,0,0,0,1.0,1,1.0,1,1.0,1,0.23589676910436969,41
2337,0,3659,1860,1799,0,0,0,1.0,1,1.0,1,1.0,1,0.24618816866916682,42
2338,2,3661,1861,1800,0,0,0,1.0,1,1.0,1,1.0,1,0.27415387644327394,43
2339,3,3664,1861,1803,0,0,0,1.0,1,1.0,1,1.0,1,0.21614883364741325,43
2340,0,3664,1861,1803,0,0,0,1.0,1,1.0,1,1.0,1,0.22330351460374595,45
2341,0,3664,1861,1803,0,0,0,1.0,1,1.0,1,1.0,1,0.2216735010048891,45
2342,2,3666,1861,1805,0,0,0,1.0,1,1.0,1,1.0,1,0.20425182357365373,46
2343,2,3668,1862,1806,0,0,0,1.0,1,1.0,1,1.0,1,0.20822273337038083,45
2344,5,3673,1866,1807,0,0,0,1.0,1,1.0,1,1.0,1,0.23418350682431308,44
2345,1,3674,1866,1808,0,0,0,1.0,1,1.0,1,1.0,1,0.20012917705673797,44
2346,1,3675,1867,1808,0,0,0,1.0,1,1.0,1,1.0,1,0.22394670167013656,44
2347,0,3675,1867,1808,0,0,0,1.0,1,1.0,1,1.0,1,0.22837578923995183,44
2348,1,3676,1867,1809,0,0,0,1.0,1,1.0,1,1.0,1,0.20577610782296468,45
2349,1,3677,1867,1810,0,0,0,1.0,1,1.0,1,1.0,1,0.2064509742416098,46
2350,1,3678,1867,1811,0,0,0,1.0,1,1.0,1,1.0,1,0.19712265437055623,47
2351,2,3680,1867,1813,0,0,0,1.0,1,1.0,1,1.0,1,0.1600819059370975,47
2352,1,3681,1868,1813,0,0,0,1.0,1,1.0,1,1.0,1,0.1897776740424407,47
2353,1,3682,1868,1814,0,0,0,1.0,1,1.0,1,1.0,1,0.15432493820067258,46
2354,1,3683,1869,1814,0,0,0,1.0,1,1.0,1,1.0,1,0.1657949656392625,47
2355,3,3686,1870,1816,0,0,0,1.0,1,1.0,1,1.0,1,0.1256810911885915,47
2356,2,3688,1872,1816,0,0,0,1.0,1,1.0,1,1.0,1,0.12287767577759318,47
2357,1,3689,1872,1817,0,0,0,1.0,1,1.0,1,1.0,1,0.09664393385211732,47
2358,0,3689,1872,1817,0,0,0,1.0,1,1.0,1,1.0,1,0.10360356774663769,48
2359,1,3690,1872,1818,0,0,0,1.0,1,1.0,1,1.0,1,0.1178937010736037,49
2360,0,3690,1872,1818,0,0,0,1.0,1,1.0,1,1.0,1,0.1178937010736037,49
2361,3,3693,1874,1819,0,0,0,1.0,1,1.0,1,1.0,1,0.16494324860432685,50
2362,2,3695,1875,1820,0,0,0,1.0,1,1.0,1,1.0,1,0.20653426448225556,51
2363,3,3698,1875,1823,0,0,0,1.0,1,1.0,1,1.0,1,0.14669294760460797,51
2364,1,3699,1875,1824,0,0,0,1.0,1,1.0,1,1.0,1,0.14110965822809007,52
2365,3,3702,1878,1824,0,0,0,1.0,1,1.0,1,1.0,1,0.17984188896010744,53
2366,5,3707,1880,1827,0,0,0,1.0,1,1.0,1,1.0,1,0.1704991890383422,54
2367,3,3710,1882,1828,0,0,0,1.0,1,1.0,1,1.0,1,0.185897394638629,52
2368,5,3715,1886,1829,0,0,0,1.0,1,1.0,1,1.0,1,0.18283985253154417,51
2369,2,3717,1887,1830,0,0,0,1.0,1,1.0,1,1.0,1,0.15720991096241668,51
2370,5,3722,1890,1832,0,0,0,1.0,1,1.0,1,1.0,1,0.15045459931158814,52
2371,2,3724,1891,1833,0,0,0,1.0,1,1.0,1,1.0,1,0.14600775825411427,52
2372,3,3727,1893,1834,0,0,0,1.0,1,1.0,1,1.0,1,0.2356161671442133,49
2373,3,3730,1895,1835,0,0,0,1.0,1,1.0,1,1.0,1,0.22567547226193932,47
2374,0,3730,1895,1835,0,0,0,1.0,1,1.0,1,1.0,1,0.23081914734422765,45
2375,0,3730,1895,1835,0,0,0,1.0,1,1.0,1,1.0,1,0.20852731282320489,45
2376,2,3732,1895,1837,0,0,0,1.0,1,1.0,1,1.0,1,0.2103153442429198,43
2377,2,3734,1896,1838,0,0,0,1.0,1,1.0,1,1.0,1,0.1545528156715518,44
2378,1,3735,1896,1839,0,0,0,1.0,1,1.0,1,1.0,1,0.13898835654054856,43
2379,0,3735,1896,1839,0,0,0,1.0,1,1.0,1,1.0,1,0.13898835654054856,43
2380,3,3738,1897,1841,0,0,0,1.0,1,1.0,1,1.0,1,0.08935998451768627,43
2381,1,3739,1898,1841,0,0,0,1.0,1,1.0,1,1.0,1,0.08170337170734918,44
2382,1,3740,1899,1841,0,0,0,1.0,1,1.0,1,1.0,1,0.11098772030368051,44
2383,2,3742,1900,1842,0,0,0,1.0,1,1.0,1,1.0,1,0.10170303730189778,45
2384,0,3742,1900,1842,0,0,0,1.0,1,1.0,1,1.0,1,0.08028060407538519,45
2385,1,3743,1901,1842,0,0,0,1.0,1,1.0,1,1.0,1,0.07508438899709027,45
2386,3,3746,1904,1842,0,0,0,1.0,1,1.0,1,1.0,1,0.17305059673125123,46
2387,3,3749,1907,1842,0,0,0,1.0,1,1.0,1,1.0,1,0.11345639534845404,44
2388,4,3753,1910,1843,0,0,0,1.0,1,1.0,1,1.0,1,0.17096071104708216,44
2389,1,3754,1910,1844,0,0,0,1.0,1,1.0,1,1.0,1,0.12084242983616825,43
2390,2,3756,1911,1845,0,0,0,1.0,1,1.0,1,1.0,1,0.11431589971247538,44
2391,1,3757,1912,1845,0,0,0,1.0,1,1.0,1,1.0,1,0.12821164174722305,43
2392,2,3759,1913,1846,0,0,0,1.0,1,1.0,1,1.0,1,0.15846451950069665,44
2393,1,3760,1914,1846,0,0,0,1.0,1,1.0,1,1.0,1,0.2011090435985042,45
2394,1,3761,1914,1847,0,0,0,1.0,1,1.0,1,1.0,1,0.14771580753492686,44
2395,0,3761,1914,1847,0,0,0,1.0,1,1.0,1,1.0,1,0.14650031504735045,44
2396,1,3762,1915,1847,0,0,0,1.0,1,1.0,1,1.0,1,0.14750045284754473,45
2397,0,3762,1915,1847,0,0,0,1.0,1,1.0,1,1.0,1,0.17145925731722603,44
2398,1,3763,1916,1847,0,0,0,1.0,1,1.0,1,1.0,1,0.20833455714614446,44
2399,2,3765,1916,1849,0,0,0,1.0,1,1.0,1,1.0,1,0.2053829125301581,45
2400,0,3765,1916,1849,0,0,0,1.0,1,1.0,1,1.0,1,0.2053829125301581,45
2401,2,3767,1916,1851,0,0,0,1.0,1,1.0,1,1.0,1,0.17131104271146028,46
2402,1,3768,1916,1852,0,0,0,1.0,1,1.0,1,1.0,1,0.17534533939495414,47
2403,2,3770,1917,1853,0,0,0,1.0,1,1.0,1,1.0,1,0.19203795142462501,48
2404,3,3773,1920,1853,0,0,0,1.0,1,1.0,1,1.0,1,0.19857959519425658,47
2405,0,3773,1920,1853,0,0,0,1.0,1,1.0,1,1.0,1,0.20636722963549256,45
2406,3,3776,1922,1854,0,0,0,1.0,1,1.0,1,1.0,1,0.22302738387053125,45
2407,3,3779,1924,1855,0,0,0,1.0,1,1.0,1,1.0,1,0.22319432651250345,42
2408,2,3781,1925,1856,0,0,0,1.0,1,1.0,1,1.0,1,0.24082325723229192,41
2409,3,3784,1926,1858,0,0,0,1.0,1,1.0,1,1.0,1,0.19841655396916044,41
2410,1,3785,1926,1859,0,0,0,1.0,1,1.0,1,1.0,1,0.22261540502512714,40
2411,3,3788,1928,1860,0,0,0,1.0,1,1.0,1,1.0,1,0.2019090294035253,40
2412,1,3789,1929,1860,0,0,0,1.0,1,1.0,1,1.0,1,0.22184336017040934,38
2413,3,3792,1931,1861,0,0,0,1.0,1,1.0,1,1.0,1,0.2291993053643641,38
2414,0,3792,1931,1861,0,0,0,1.0,1,1.0,1,1.0,1,0.19592185707998158,36
2415,3,3795,1934,1861,0,0,0,1.0,1,1.0,1,1.0,1,0.29492214478851386,36
2416,1,3796,1935,1861,0,0,0,1.0,1,1.0,1,1.0,1,0.27850400521344565,35
2417,0,3796,1935,1861,0,0,0,1.0,1,1.0,1,1.0,1,0.3294955871981966,33
2418,5,3801,1936,1865,0,0,0,1.0,1,1.0,1,1.0,1,0.23842884219674695,33
2419,0,3801,1936,1865,0,0,0,1.0,1,1.0,1,1.0,1,0.2802183156796524,33
2420,1,3802,1937,1865,0,0,0,1.0,1,1.0,1,1.0,1,0.24353676735240082,34
2421,2,3804,1938,1866,0,0,0,1.0,1,1.0,1,1.0,1,0.2402513265909003,34
2422,5,3809,1942,1867,0,0,0,1.0,1,1.0,1,1.0,1,0.25638328715317027,35
2423,3,3812,1943,1869,0,0,0,1.0,1,1.0,1,1.0,1,0.2196832440828498,36
2424,2,3814,1945,1869,0,0,0,1.0,1,1.0,1,1.0,1,0.23984119809601206,35
2425,1,3815,1946,1869,0,0,0,1.0,1,1.0,1,1.0,1,0.21585303546940987,33
2426,2,3817,1947,1870,0,0,0,1.0,1,1.0,1,1.0,1,0.20436656528088154,34
2427,1,3818,1947,1871,0,0,0,1.0,1,1.0,1,1.0,1,0.19424897005777159,34
2428,1,3819,1948,1871,0,0,0,1.0,1,1.0,1,1.0,1,0.2099292920482219,34
2429,2,3821,1949,1872,0,0,0,1.0,1,1.0,1,1.0,1,0.21697564968801195,34
2430,0,3821,1949,1872,0,0,0,1.0,1,1.0,1,1.0,1,0.22235883018216338,33
2431,1,3822,1950,1872,0,0,0,1.0,1,1.0,1,1.0,1,0.2558315420619422,33
2432,0,3822,1950,1872,0,0,0,1.0,1,1.0,1,1.0,1,0.27888435473008594,33
2433,2,3824,1951,1873,0,0,0,1.0,1,1.0,1,1.0,1,0.2591262018278646,34
2434,0,3824,1951,1873,0,0,0,1.0,1,1.0,1,1.0,1,0.2591262018278646,34
2435,2,3826,1952,1874,0,0,0,1.0,1,1.0,1,1.0,1,0.24140325138437957,34
2436,1,3827,1953,1874,0,0,0,1.0,1,1.0,1,1.0,1,0.19313276120924108,33
2437,0,3827,1953,1874,0,0,0,1.0,1,1.0,1,1.0,1,0.19313276120924108,33
2438,2,3829,1955,1874,0,0,0,1.0,1,1.0,1,1.0,1,0.21375269472833885,34
2439,1,3830,1955,1875,0,0,0,1.0,1,1.0,1,1.0,1,0.1958531722578326,35
2440,0,3830,1955,1875,0,0,0,1.0,1,1.0,1,1.0,1,0.1958531722578326,35
2441,4,3834,1959,1875,0,0,0,1.0,1,1.0,1,1.0,1,0.24927971507302824,35
2442,1,3835,1959,1876,0,0,0,1.0,1,1.0,1,1.0,1,0.22276589698902247,35
2443,5,3840,1960,1880,0,0,0,1.0,1,1.0,1,1.0,1,0.22963402300065833,35
2444,2,3842,1962,1880,0,0,0,1.0,1,1.0,1,1.0,1,0.3027937580480148,34
2445,6,3848,1964,1884,0,0,0,1.0,1,1.0,1,1.0,1,0.2755474326963574,33
2446,2,3850,1964,1886,0,0,0,1.0,1,1.0,1,1.0,1,0.26125890363445103,30
2447,3,3853,1966,1887,0,0,0,1.0,1,1.0,1,1.0,1,0.1683379022650212,29
2448,2,3855,1968,1887,0,0,0,1.0,1,1.0,1,1.0,1,0.22869292567540905,27
2449,2,3857,1969,1888,0,0,0,1.0,1,1.0,1,1.0,1,0.17919025639125832,26
2450,2,3859,1971,1888,0,0,0,1.0,1,1.0,1,1.0,1,0.23780196857240882,28
2451,2,3861,1971,1890,0,0,0,1.0,1,1.0,1,1.0,1,0.14586232337369784,28
2452,0,3861,1971,1890,0,0,0,1.0,1,1.0,1,1.0,1,0.16423458426018567,29
2453,1,3862,1972,1890,0,0,0,1.0,1,1.0,1,1.0,1,0.16588233268211192,30
2454,0,3862,1972,1890,0,0,0,1.0,1,1.0,1,1.0,1,0.18574380970456958,32
2455,1,3863,1973,1890,0,0,0,1.0,1,1.0,1,1.0,1,0.19020825129898566,33
2456,0,3863,1973,1890,0,0,0,1.0,1,1.0,1,1.0,1,0.2080346573976509,34
2457,1,3864,1974,1890,0,0,0,1.0,1,1.0,1,1.0,1,0.24185992751965615,34
2458,3,3867,1975,1892,0,0,0,1.0,1,1.0,1,1.0,1,0.24930739693777992,36
2459,1,3868,1975,1893,0,0,0,1.0,1,1.0,1,1.0,1,0.213776665702372,36
2460,3,3871,1977,1894,0,0,0,1.0,1,1.0,1,1.0,1,0.20966466813066242,37
2461,0,3871,1977,1894,0,0,0,1.0,1,1.0,1,1.0,1,0.20966466813066242,37
2462,6,3877,1980,1897,0,0,0,1.0,1,1.0,1,1.0,1,0.230394310907289,38
2463,3,3880,1982,1898,0,0,0,1.0,1,1.0,1,1.0,1,0.22368499638757774,38
2464,2,3882,1983,1899,0,0,0,1.0,1,1.0,1,1.0,1,0.2093661758462479,37
2465,1,3883,1984,1899,0,0,0,1.0,1,1.0,1,1.0,1,0.20511722207037947,36
2466,2,3885,1986,1899,0,0,0,1.0,1,1.0,1,1.0,1,0.2833798142239387,36
2467,3,3888,1986,1902,0,0,0,1.0,1,1.0,1,1.0,1,0.20551446832383355,34
2468,1,3889,1987,1902,0,0,0,1.0,1,1.0,1,1.0,1,0.2398088384970986,33
2469,1,3890,1987,1903,0,0,0,1.0,1,1.0,1,1.0,1,0.18724510128502586,32
2470,1,3891,1988,1903,0,0,0,1.0,1,1.0,1,1.0,1,0.25723024875614403,33
2471,0,3891,1988,1903,0,0,0,1.0,1,1.0,1,1.0,1,0.2434888199100834,31
2472,0,3891,1988,1903,0,0,0,1.0,1,1.0,1,1.0,1,0.25526489988291723,32
2473,1,3892,1988,1904,0,0,0,1.0,1,1.0,1,1.0,1,0.21235684167904373,31
2474,1,3893,1989,1904,0,0,0,1.0,1,1.0,1,1.0,1,0.2820450047142025,33
2475,3,3896,1991,1905,0,0,0,1.0,1,1.0,1,1.0,1,0.2507261778046173,33
2476,4,3900,1992,1908,0,0,0,1.0,1,1.0,1,1.0,1,0.21389815210067123,33
2477,1,3901,1993,1908,0,0,0,1.0,1,1.0,1,1.0,1,0.23911773660970728,33
2478,0,3901,1993,1908,0,0,0,1.0,1,1.0,1,1.0,1,0.23911773660970728,33
2479,4,3905,1995,1910,0,0,0,1.0,1,1.0,1,1.0,1,0.24939265076383318,33
2480,0,3905,1995,1910,0,0,0,1.0,1,1.0,1,1.0,1,0.26962568154484995,34
2481,3,3908,1997,1911,0,0,0,1.0,1,1.0,1,1.0,1,0.21429979850718428,33
2482,2,3910,1998,1912,0,0,0,1.0,1,1.0,1,1.0,1,0.2608560165795478,34
2483,3,3913,1998,1915,0,0,0,1.0,1,1.0,1,1.0,1,0.18988753014509763,33
2484,2,3915,2000,1915,0,0,0,1.0,1,1.0,1,1.0,1,0.22520840608067866,32
2485,0,3915,2000,1915,0,0,0,1.0,1,1.0,1,1.0,1,0.2227310044446378,31
2486,2,3917,2002,1915,0,0,0,1.0,1,1.0,1,1.0,1,0.3137382023195449,29
2487,2,3919,2003,1916,0,0,0,1.0,1,1.0,1,1.0,1,0.2679714936560794,29
2488,0,3919,2003,1916,0,0,0,1.0,1,1.0,1,1.0,1,0.28347847954498356,30
2489,1,3920,2004,1916,0,0,0,1.0,1,1.0,1,1.0,1,0.27161173833398394,29
2490,2,3922,2005,1917,0,0,0,1.0,1,1.0,1,1.0,1,0.32272823983535515,30
2491,1,3923,2005,1918,0,0,0,1.0,1,1.0,1,1.0,1,0.2846999348886434,30
2492,1,3924,2006,1918,0,0,0,1.0,1,1.0,1,1.0,1,0.3029726511106679,29
2493,1,3925,2006,1919,0,0,0,1.0,1,1.0,1,1.0,1,0.25822855670957945,29
2494,0,3925,2006,1919,0,0,0,1.0,1,1.0,1,1.0,1,0.3062807033016229,28
2495,0,3925,2006,1919,0,0,0,1.0,1,1.0,1,1.0,1,0.3041096235847512,29
2496,0,3925,2006,1919,0,0,0,1.0,1,1.0,1,1.0,1,0.30533806198234104,28
2497,0,3925,2006,1919,0,0,0,1.0,1,1.0,1,1.0,1,0.3270617477264899,28
2498,1,3926,2006,1920,0,0,0,1.0,1,1.0,1,1.0,1,0.3259718105213383,29
2499,1,3927,2007,1920,0,0,0,1.0,1,1.0,1,1.0,1,0.36246657527755777,30
2500,4,3931,2008,1923,0,0,0,1.0,1,1.0,1,1.0,1,0.251734634314022,29
2501,3,3934,2010,1924,0,0,0,1.0,1,1.0,1,1.0,1,0.24403039566063645,33
2502,4,3938,2013,1925,0,0,0,1.0,1,1.0,1,1.0,1,0.31963568950136617,33
2503,4,3942,2014,1928,0,0,0,1.0,1,1.0,1,1.0,1,0.20282771617418036,31
2504,4,3946,2017,1929,0,0,0,1.0,1,1.0,1,1.0,1,0.25575147548653276,31
2505,1,3947,2018,1929,0,0,0,1.0,1,1.0,1,1.0,1,0.27000448016592754,32
2506,1,3948,2019,1929,0,0,0,1.0,1,1.0,1,1.0,1,0.29226706530199886,31
2507,2,3950,2021,1929,0,0,0,1.0,1,1.0,1,1.0,1,0.20302874721435155,29
2508,2,3952,2023,1929,0,0,0,1.0,1,1.0,1,1.0,1,0.22606619064620279,31
2509,0,3952,2023,1929,0,0,0,1.0,1,1.0,1,1.0,1,0.21256609942143848,30
2510,0,3952,2023,1929,0,0,0,1.0,1,1.0,1,1.0,1,0.2153406938538511,31
2511,1,3953,2024,1929,0,0,0,1.0,1,1.0,1,1.0,1,0.22570646935265792,32
2512,3,3956,2026,1930,0,0,0,1.0,1,1.0,1,1.0,1,0.2589799892664196,32
2513,3,3959,2028,1931,0,0,0,1.0,1,1.0,1,1.0,1,0.22089077319810216,34
2514,3,3962,2029,1933,0,0,0,1.0,1,1.0,1,1.0,1,0.24435895460056603,35
2515,1,3963,2030,1933,0,0,0,1.0,1,1.0,1,1.0,1,0.26665061327012624,35
2516,4,3967,2031,1936,0,0,0,1.0,1,1.0,1,1.0,1,0.21922457032971387,34
2517,2,3969,2032,1937,0,0,0,1.0,1,1.0,1,1.0,1,0.2391472521528457,34
2518,2,3971,2034,1937,0,0,0,1.0,1,1.0,1,1.0,1,0.2663029183491166,33
2519,2,3973,2035,1938,0,0,0,1.0,1,1.0,1,1.0,1,0.22036747676125373,32
2520,1,3974,2036,1938,0,0,0,1.0,1,1.0,1,1.0,1,0.28782664453460366,31
2521,1,3975,2037,1938,0,0,0,1.0,1,1.0,1,1.0,1,0.24097260868908776,31
2522,0,3975,2037,1938,0,0,0,1.0,1,1.0,1,1.0,1,0.2771124090491904,30
2523,0,3975,2037,1938,0,0,0,1.0,1,1.0,1,1.0,1,0.26188795097834244,30
2524,0,3975,2037,1938,0,0,0,1.0,1,1.0,1,1.0,1,0.30264417046019604,29
2525,2,3977,2038,1939,0,0,0,1.0,1,1.0,1,1.0,1,0.3282720805087079,29
2526,0,3977,2038,1939,0,0,0,1.0,1,1.0,1,1.0,1,0.36416104099906976,27
2527,0,3977,2038,1939,0,0,0,1.0,1,1.0,1,1.0,1,0.3527892372525031,28
2528,0,3977,2038,1939,0,0,0,1.0,1,1.0,1,1.0,1,0.3527892372525031,28
2529,0,3977,2038,1939,0,0,0,1.0,1,1.0,1,1.0,1,0.3527892372525031,28
2530,0,3977,2038,1939,0,0,0,1.0,1,1.0,1,1.0,1,0.3651928887703123,29
2531,0,3977,2038,1939,0,0,0,1.0,1,1.0,1,1.0,1,0.38362803503677845,30
2532,0,3977,2038,1939,0,0,0,1.0,1,1.0,1,1.0,1,0.37965334831158676,31
2533,0,3977,2038,1939,0,0,0,1.0,1,1.0,1,1.0,1,0.37965334831158676,31
2534,0,3977,2038,1939,0,0,0,1.0,1,1.0,1,1.0,1,0.37965334831158676,31
2535,1,3978,2039,1939,0,0,0,1.0,1,1.0,1,1.0,1,0.4111586583959823,31
2536,2,3980,2040,1940,0,0,0,1.0,1,1.0,1,1.0,1,0.37666703714773997,32
2537,1,3981,2040,1941,0,0,0,1.0,1,1.0,1,1.0,1,0.34632021448955236,33
2538,2,3983,2040,1943,0,0,0,1.0,1,1.0,1,1.0,1,0.31499552818242654,35
2539,4,3987,2043,1944,0,0,0,1.0,1,1.0,1,1.0,1,0.320656030859812,37
2540,4,3991,2046,1945,0,0,0,1.0,1,1.0,1,1.0,1,0.32239746661880675,38
2541,3,3994,2047,1947,0,0,0,1.0,1,1.0,1,1.0,1,0.27987087311328723,39
2542,4,3998,2050,1948,0,0,0,1.0,1,1.0,1,1.0,1,0.2945365351274244,38
2543,6,4004,2052,1952,0,0,0,1.0,1,1.0,1,1.0,1,0.2631906379774631,41
2544,1,4005,2053,1952,0,0,0,1.0,1,1.0,1,1.0,1,0.24677868635013478,39
2545,4,4009,2054,1955,0,0,0,1.0,1,1.0,1,1.0,1,0.2314996549460083,40
2546,0,4009,2054,1955,0,0,0,1.0,1,1.0,1,1.0,1,0.19739637200900567,38
2547,3,4012,2057,1955,0,0,0,1.0,1,1.0,1,1.0,1,0.2670687296854495,38
2548,0,4012,2057,1955,0,0,0,1.0,1,1.0,1,1.0,1,0.24464370854210005,35
2549,3,4015,2060,1955,0,0,0,1.0,1,1.0,1,1.0,1,0.34624422444593084,35
2550,2,4017,2061,1956,0,0,0,1.0,1,1.0,1,1.0,1,0.35337971627186715,33
2551,3,4020,2063,1957,0,0,0,1.0,1,1.0,1,1.0,1,0.4062513218581685,31
2552,1,4021,2063,1958,0,0,0,1.0,1,1.0,1,1.0,1,0.3866346502157742,30
2553,0,4021,2063,1958,0,0,0,1.0,1,1.0,1,1.0,1,0.3866346502157742,30
2554,3,4024,2063,1961,0,0,0,1.0,1,1.0,1,1.0,1,0.30418956321183344,32
2555,0,4024,2063,1961,0,0,0,1.0,1,1.0,1,1.0,1,0.3354630964241899,32
2556,0,4024,2063,1961,0,0,0,1.0,1,1.0,1,1.0,1,0.33074633794904257,32
2557,1,4025,2063,1962,0,0,0,1.0,1,1.0,1,1.0,1,0.3415617642618611,30
2558,1,4026,2064,1962,0,0,0,1.0,1,1.0,1,1.0,1,0.37370362314896854,31
2559,3,4029,2064,1965,0,0,0,1.0,1,1.0,1,1.0,1,0.28974722257578883,30
2560,0,4029,2064,1965,0,0,0,1.0,1,1.0,1,1.0,1,0.28974722257578883,30
2561,0,4029,2064,1965,0,0,0,1.0,1,1.0,1,1.0,1,0.28974722257578883,30
2562,1,4030,2064,1966,0,0,0,1.0,1,1.0,1,1.0,1,0.30281596700403046,33
2563,2,4032,2064,1968,0,0,0,1.0,1,1.0,1,1.0,1,0.2741648052051278,33
2564,0,4032,2064,1968,0,0,0,1.0,1,1.0,1,1.0,1,0.2741648052051278,33
2565,1,4033,2065,1968,0,0,0,1.0,1,1.0,1,1.0,1,0.24226797941319128,33
2566,1,4034,2065,1969,0,0,0,1.0,1,1.0,1,1.0,1,0.2339494886854314,35
2567,1,4035,2066,1969,0,0,0,1.0,1,1.0,1,1.0,1,0.2609827425793667,36
2568,2,4037,2067,1970,0,0,0,1.0,1,1.0,1,1.0,1,0.282872159942696,37
2569,3,4040,2068,1972,0,0,0,1.0,1,1.0,1,1.0,1,0.2603621864343971,37
2570,0,4040,2068,1972,0,0,0,1.0,1,1.0,1,1.0,1,0.263949255523099,37
2571,0,4040,2068,1972,0,0,0,1.0,1,1.0,1,1.0,1,0.263949255523099,37
2572,0,4040,2068,1972,0,0,0,1.0,1,1.0,1,1.0,1,0.26441237786412713,39
2573,0,4040,2068,1972,0,0,0,1.0,1,1.0,1,1.0,1,0.26441237786412713,39
2574,0,4040,2068,1972,0,0,0,1.0,1,1.0,1,1.0,1,0.2905219715821782,38
2575,2,4042,2069,1973,0,0,0,1.0,1,1.0,1,1.0,1,0.3022502355182337,38
2576,0,4042,2069,1973,0,0,0,1.0,1,1.0,1,1.0,1,0.3062073577766524,37
2577,3,4045,2069,1976,0,0,0,1.0,1,1.0,1,1.0,1,0.27867945464474586,39
2578,3,4048,2069,1979,0,0,0,1.0,1,1.0,1,1.0,1,0.26329270820417644,40
2579,1,4049,2069,1980,0,0,0,1.0,1,1.0,1,1.0,1,0.24107687663443433,41
2580,0,4049,2069,1980,0,0,0,1.0,1,1.0,1,1.0,1,0.24575709227074424,42
2581,0,4049,2069,1980,0,0,0,1.0,1,1.0,1,1.0,1,0.25457388283463805,43
2582,1,4050,2070,1980,0,0,0,1.0,1,1.0,1,1.0,1,0.2795730073872903,43
2583,3,4053,2071,1982,0,0,0,1.0,1,1.0,1,1.0,1,0.2956059385152204,43
2584,1,4054,2071,1983,0,0,0,1.0,1,1.0,1,1.0,1,0.24283685842435912,43
2585,3,4057,2072,1985,0,0,0,1.0,1,1.0,1,1.0,1,0.2545717435838515,44
2586,2,4059,2072,1987,0,0,0,1.0,1,1.0,1,1.0,1,0.19369034634163607,43
2587,3,4062,2073,1989,0,0,0,1.0,1,1.0,1,1.0,1,0.22375777399451519,44
2588,1,4063,2073,1990,0,0,0,1.0,1,1.0,1,1.0,1,0.19363935722833098,44
2589,4,4067,2075,1992,0,0,0,1.0,1,1.0,1,1.0,1,0.2232051398519921,44
2590,0,4067,2075,1992,0,0,0,1.0,1,1.0,1,1.0,1,0.2232051398519921,44
2591,1,4068,2075,1993,0,0,0,1.0,1,1.0,1,1.0,1,0.20044354009529994,44
2592,2,4070,2076,1994,0,0,0,1.0,1,1.0,1,1.0,1,0.20582778107451538,44
2593,0,4070,2076,1994,0,0,0,1.0,1,1.0,1,1.0,1,0.18543462326374666,43
2594,5,4075,2078,1997,0,0,0,1.0,1,1.0,1,1.0,1,0.227167968487835,48
2595,1,4076,2078,1998,0,0,0,1.0,1,1.0,1,1.0,1,0.20544038886233698,45
2596,3,4079,2080,1999,0,0,0,1.0,1,1.0,1,1.0,1,0.2246315916804532,46
2597,5,4084,2081,2003,0,0,0,1.0,1,1.0,1,1.0,1,0.13871253815894669,45
2598,0,4084,2081,2003,0,0,0,1.0,1,1.0,1,1.0,1,0.13871253815894669,45
2599,1,4085,2082,2003,0,0,0,1.0,1,1.0,1,1.0,1,0.1492378327177514,45
2600,2,4087,2083,2004,0,0,0,1.0,1,1.0,1,1.0,1,0.14004809281843886,48
2601,3,4090,2085,2005,0,0,0,1.0,1,1.0,1,1.0,1,0.16970775582592404,47
2602,1,4091,2085,2006,0,0,0,1.0,1,1.0,1,1.0,1,0.17955466187219868,48
2603,1,4092,2085,2007,0,0,0,1.0,1,1.0,1,1.0,1,0.16828805157710658,48
2604,0,4092,2085,2007,0,0,0,1.0,1,1.0,1,1.0,1,0.18935639293054277,47
2605,3,4095,2087,2008,0,0,0,1.0,1,1.0,1,1.0,1,0.20150215623434006,47
2606,1,4096,2087,2009,0,0,0,1.0,1,1.0,1,1.0,1,0.1682454184911433,46
2607,0,4096,2087,2009,0,0,0,1.0,1,1.0,1,1.0,1,0.19033315244639737,45
2608,3,4099,2088,2011,0,0,0,1.0,1,1.0,1,1.0,1,0.14562062368446407,45
2609,1,4100,2089,2011,0,0,0,1.0,1,1.0,1,1.0,1,0.18003199071810824,44
2610,0,4100,2089,2011,0,0,0,1.0,1,1.0,1,1.0,1,0.190863558902403,45
2611,4,4104,2093,2011,0,0,0,1.0,1,1.0,1,1.0,1,0.1772135064429959,46
2612,2,4106,2095,2011,0,0,0,1.0,1,1.0,1,1.0,1,0.20746888023862745,47
2613,2,4108,2096,2012,0,0,0,1.0,1,1.0,1,1.0,1,0.20703360683235716,48
2614,3,4111,2098,2013,0,0,0,1.0,1,1.0,1,1.0,1,0.22549617846105457,48
2615,4,4115,2099,2016,0,0,0,1.0,1,1.0,1,1.0,1,0.17268869982616994,49
2616,1,4116,2100,2016,0,0,0,1.0,1,1.0,1,1.0,1,0.21043066535679458,49
2617,2,4118,2100,2018,0,0,0,1.0,1,1.0,1,1.0,1,0.16593028412745947,48
2618,0,4118,2100,2018,0,0,0,1.0,1,1.0,1,1.0,1,0.18160502513063168,47
2619,1,4119,2100,2019,0,0,0,1.0,1,1.0,1,1.0,1,0.17608480440464422,50
2620,2,4121,2100,2021,0,0,0,1.0,1,1.0,1,1.0,1,0.15617203693891538,51
2621,0,4121,2100,2021,0,0,0,1.0,1,1.0,1,1.0,1,0.155854408235575,52
2622,1,4122,2101,2021,0,0,0,1.0,1,1.0,1,1.0,1,0.1677198163367468,52
2623,2,4124,2101,2023,0,0,0,1.0,1,1.0,1,1.0,1,0.13184406527837705,53
2624,2,4126,2103,2023,0,0,0,1.0,1,1.0,1,1.0,1,0.1310824899130726,51
2625,2,4128,2105,2023,0,0,0,1.0,1,1.0,1,1.0,1,0.15934716586695782,50
2626,1,4129,2106,2023,0,0,0,1.0,1,1.0,1,1.0,1,0.1680446540425607,49
2627,2,4131,2108,2023,0,0,0,1.0,1,1.0,1,1.0,1,0.1568904550109416,48
2628,3,4134,2111,2023,0,0,0,1.0,1,1.0,1,1.0,1,0.2224059262339375,48
2629,1,4135,2111,2024,0,0,0,1.0,1,1.0,1,1.0,1,0.1568558785402372,47
2630,2,4137,2112,2025,0,0,0,1.0,1,1.0,1,1.0,1,0.1816826296772621,47
2631,3,4140,2113,2027,0,0,0,1.0,1,1.0,1,1.0,1,0.19134321594086007,47
2632,1,4141,2114,2027,0,0,0,1.0,1,1.0,1,1.0,1,0.21876559219377978,47
2633,2,4143,2114,2029,0,0,0,1.0,1,1.0,1,1.0,1,0.1474376649095986,44
2634,0,4143,2114,2029,0,0,0,1.0,1,1.0,1,1.0,1,0.15974519680890253,44
2635,2,4145,2115,2030,0,0,0,1.0,1,1.0,1,1.0,1,0.18123519775108524,45
2636,3,4148,2118,2030,0,0,0,1.0,1,1.0,1,1.0,1,0.17600816952287315,40
2637,6,4154,2123,2031,0,0,0,1.0,1,1.0,1,1.0,1,0.27988075370347515,41
2638,5,4159,2126,2033,0,0,0,1.0,1,1.0,1,1.0,1,0.2661544928170336,38
2639,3,4162,2126,2036,0,0,0,1.0,1,1.0,1,1.0,1,0.19708349125268104,39
2640,1,4163,2127,2036,0,0,0,1.0,1,1.0,1,1.0,1,0.20869599159387092,38
2641,3,4166,2130,2036,0,0,0,1.0,1,1.0,1,1.0,1,0.16537215934356334,37
2642,5,4171,2134,2037,0,0,0,1.0,1,1.0,1,1.0,1,0.23871827160519105,38
2643,3,4174,2134,2040,0,0,0,1.0,1,1.0,1,1.0,1,0.20805105853944106,37
2644,1,4175,2135,2040,0,0,0,1.0,1,1.0,1,1.0,1,0.21080878447991813,36
2645,1,4176,2135,2041,0,0,0,1.0,1,1.0,1,1.0,1,0.13823934729436765,35
2646,2,4178,2136,2042,0,0,0,1.0,1,1.0,1,1.0,1,0.14669080490340888,35
2647,0,4178,2136,2042,0,0,0,1.0,1,1.0,1,1.0,1,0.14846963183018264,35
2648,1,4179,2136,2043,0,0,0,1.0,1,1.0,1,1.0,1,0.12837820276271353,36
2649,0,4179,2136,2043,0,0,0,1.0,1,1.0,1,1.0,1,0.1374463129237272,37
2650,1,4180,2137,2043,0,0,0,1.0,1,1.0,1,1.0,1,0.19162149700003062,39
2651,1,4181,2138,2043,0,0,0,1.0,1,1.0,1,1.0,1,0.16294850387631424,39
2652,0,4181,2138,2043,0,0,0,1.0,1,1.0,1,1.0,1,0.16294850387631424,39
2653,0,4181,2138,2043,0,0,0,1.0,1,1.0,1,1.0,1,0.16294850387631424,39
2654,0,4181,2138,2043,0,0,0,1.0,1,1.0,1,1.0,1,0.18060917130719464,40
2655,0,4181,2138,2043,0,0,0,1.0,1,1.0,1,1.0,1,0.18060917130719464,40
2656,0,4181,2138,2043,0,0,0,1.0,1,1.0,1,1.0,1,0.20509333028459192,39
2657,2,4183,2138,2045,0,0,0,1.0,1,1.0,1,1.0,1,0.1965523849630259,40
2658,2,4185,2139,2046,0,0,0,1.0,1,1.0,1,1.0,1,0.2726787449745216,41
2659,4,4189,2141,2048,0,0,0,1.0,1,1.0,1,1.0,1,0.2817834369276246,41
2660,2,4191,2142,2049,0,0,0,1.0,1,1.0,1,1.0,1,0.3275374285835945,40
2661,7,4198,2143,2055,0,0,0,1.0,1,1.0,1,1.0,1,0.2015747215033625,40
2662,5,4203,2145,2058,0,0,0,1.0,1,1.0,1,1.0,1,0.16726218413665542,42
2663,2,4205,2146,2059,0,0,0,1.0,1,1.0,1,1.0,1,0.15276889751799894,41
2664,2,4207,2147,2060,0,0,0,1.0,1,1.0,1,1.0,1,0.19045301340599458,42
2665,3,4210,2149,2061,0,0,0,1.0,1,1.0,1,1.0,1,0.16821596609604667,43
2666,2,4212,2150,2062,0,0,0,1.0,1,1.0,1,1.0,1,0.18787260059975755,44
2667,2,4214,2151,2063,0,0,0,1.0,1,1.0,1,1.0,1,0.19235414691363267,42
2668,1,4215,2152,2063,0,0,0,1.0,1,1.0,1,1.0,1,0.2222145423024096,41
2669,1,4216,2152,2064,0,0,0,1.0,1,1.0,1,1.0,1,0.23100950150737765,42
2670,0,4216,2152,2064,0,0,0,1.0,1,1.0,1,1.0,1,0.2708037457570614,40
2671,1,4217,2153,2064,0,0,0,1.0,1,1.0,1,1.0,1,0.26635799018349604,39
2672,2,4219,2155,2064,0,0,0,1.0,1,1.0,1,1.0,1,0.3216167963938564,36
2673,3,4222,2157,2065,0,0,0,1.0,1,1.0,1,1.0,1,0.3460910899255142,35
2674,3,4225,2158,2067,0,0,0,1.0,1,1.0,1,1.0,1,0.2729657136937896,33
2675,1,4226,2158,2068,0,0,0,1.0,1,1.0,1,1.0,1,0.23646104141331203,34
2676,0,4226,2158,2068,0,0,0,1.0,1,1.0,1,1.0,1,0.28876585081931255,32
2677,2,4228,2160,2068,0,0,0,1.0,1,1.0,1,1.0,1,0.28555317658069623,33
2678,2,4230,2161,2069,0,0,0,1.0,1,1.0,1,1.0,1,0.2398669197257228,33
2679,0,4230,2161,2069,0,0,0,1.0,1,1.0,1,1.0,1,0.22299935057088563,32
2680,1,4231,2162,2069,0,0,0,1.0,1,1.0,1,1.0,1,0.21250851735710222,32
2681,0,4231,2162,2069,0,0,0,1.0,1,1.0,1,1.0,1,0.278978736551552,32
2682,1,4232,2163,2069,0,0,0,1.0,1,1.0,1,1.0,1,0.3136536112465952,33
2683,1,4233,2163,2070,0,0,0,1.0,1,1.0,1,1.0,1,0.2975299048000327,32
2684,0,4233,2163,2070,0,0,0,1.0,1,1.0,1,1.0,1,0.3271613781097746,31
2685,1,4234,2163,2071,0,0,0,1.0,1,1.0,1,1.0,1,0.2702985287294868,31
2686,0,4234,2163,2071,0,0,0,1.0,1,1.0,1,1.0,1,0.26893743396771175,30
2687,0,4234,2163,2071,0,0,0,1.0,1,1.0,1,1.0,1,0.26893743396771175,30
2688,0,4234,2163,2071,0,0,0,1.0,1,1.0,1,1.0,1,0.26893743396771175,30
2689,3,4237,2165,2072,0,0,0,1.0,1,1.0,1,1.0,1,0.29523616364950106,31
2690,5,4242,2169,2073,0,0,0,1.0,1,1.0,1,1.0,1,0.20524433768812123,31
2691,2,4244,2171,2073,0,0,0,1.0,1,1.0,1,1.0,1,0.2677437319986227,32
2692,3,4247,2173,2074,0,0,0,1.0,1,1.0,1,1.0,1,0.30348939444569506,32
2693,4,4251,2174,2077,0,0,0,1.0,1,1.0,1,1.0,1,0.218311153360563,33
2694,1,4252,2174,2078,0,0,0,1.0,1,1.0,1,1.0,1,0.19016817310235415,34
2695,1,4253,2174,2079,0,0,0,1.0,1,1.0,1,1.0,1,0.14766706991555154,35
2696,0,4253,2174,2079,0,0,0,1.0,1,1.0,1,1.0,1,0.14766706991555154,35
2697,0,4253,2174,2079,0,0,0,1.0,1,1.0,1,1.0,1,0.14766706991555154,35
2698,1,4254,2175,2079,0,0,0,1.0,1,1.0,1,1.0,1,0.19219096307987585,36
2699,1,4255,2175,2080,0,0,0,1.0,1,1.0,1,1.0,1,0.171357149113641,36
2700,2,4257,2176,2081,0,0,0,1.0,1,1.0,1,1.0,1,0.17742182867669284,37
2701,2,4259,2177,2082,0,0,0,1.0,1,1.0,1,1.0,1,0.16434360481870341,37
2702,4,4263,2179,2084,0,0,0,1.0,1,1.0,1,1.0,1,0.21097377323269478,37
2703,2,4265,2181,2084,0,0,0,1.0,1,1.0,1,1.0,1,0.23929262382111446,38
2704,3,4268,2183,2085,0,0,0,1.0,1,1.0,1,1.0,1,0.2930729467199161,37
2705,2,4270,2184,2086,0,0,0,1.0,1,1.0,1,1.0,1,0.27124399470590516,36
2706,0,4270,2184,2086,0,0,0,1.0,1,1.0,1,1.0,1,0.25794510229641776,36
2707,2,4272,2185,2087,0,0,0,1.0,1,1.0,1,1.0,1,0.27617157244600105,35
2708,3,4275,2187,2088,0,0,0,1.0,1,1.0,1,1.0,1,0.3224698254944066,36
2709,3,4278,2189,2089,0,0,0,1.0,1,1.0,1,1.0,1,0.27890967063598426,32
2710,4,4282,2191,2091,0,0,0,1.0,1,1.0,1,1.0,1,0.2113861964154799,29
2711,0,4282,2191,2091,0,0,0,1.0,1,1.0,1,1.0,1,0.19003794735508908,29
2712,1,4283,2192,2091,0,0,0,1.0,1,1.0,1,1.0,1,0.2683556268417883,28
2713,0,4283,2192,2091,0,0,0,1.0,1,1.0,1,1.0,1,0.2548067602484859,28
2714,2,4285,2194,2091,0,0,0,1.0,1,1.0,1,1.0,1,0.3542441478267334,26
2715,1,4286,2195,2091,0,0,0,1.0,1,1.0,1,1.0,1,0.3803349760624536,24
2716,2,4288,2195,2093,0,0,0,1.0,1,1.0,1,1.0,1,0.3169491781707012,24
2717,2,4290,2197,2093,0,0,0,1.0,1,1.0,1,1.0,1,0.32953960339677935,25
2718,2,4292,2197,2095,0,0,0,1.0,1,1.0,1,1.0,1,0.2982681666955854,25
2719,3,4295,2200,2095,0,0,0,1.0,1,1.0,1,1.0,1,0.3831353853808622,25
2720,1,4296,2201,2095,0,0,0,1.0,1,1.0,1,1.0,1,0.40968233381335806,25
2721,3,4299,2204,2095,0,0,0,1.0,1,1.0,1,1.0,1,0.33330045782150364,25
2722,1,4300,2205,2095,0,0,0,1.0,1,1.0,1,1.0,1,0.2830315117705515,26
2723,0,4300,2205,2095,0,0,0,1.0,1,1.0,1,1.0,1,0.2830315117705515,26
2724,2,4302,2206,2096,0,0,0,1.0,1,1.0,1,1.0,1,0.2679639446011755,27
2725,1,4303,2206,2097,0,0,0,1.0,1,1.0,1,1.0,1,0.2514790699251269,28
2726,1,4304,2207,2097,0,0,0,1.0,1,1.0,1,1.0,1,0.2508310956033349,28
2727,1,4305,2207,2098,0,0,0,1.0,1,1.0,1,1.0,1,0.19854001292917728,29
2728,1,4306,2208,2098,0,0,0,1.0,1,1.0,1,1.0,1,0.2579444914970056,29
2729,0,4306,2208,2098,0,0,0,1.0,1,1.0,1,1.0,1,0.24655382306260074,29
2730,0,4306,2208,2098,0,0,0,1.0,1,1.0,1,1.0,1,0.24655382306260074,29
2731,0,4306,2208,2098,0,0,0,1.0,1,1.0,1,1.0,1,0.25665801021365653,30
2732,4,4310,2210,2100,0,0,0,1.0,1,1.0,1,1.0,1,0.1927587626778306,29
2733,0,4310,2210,2100,0,0,0,1.0,1,1.0,1,1.0,1,0.1927587626778306,29
2734,0,4310,2210,2100,0,0,0,1.0,1,1.0,1,1.0,1,0.1927587626778306,29
2735,0,4310,2210,2100,0,0,0,1.0,1,1.0,1,1.0,1,0.1927587626778306,29
2736,1,4311,2211,2100,0,0,0,1.0,1,1.0,1,1.0,1,0.22859498486081525,30
2737,0,4311,2211,2100,0,0,0,1.0,1,1.0,1,1.0,1,0.2531955410889048,30
2738,2,4313,2213,2100,0,0,0,1.0,1,1.0,1,1.0,1,0.30827382247079393,30
2739,3,4316,2214,2102,0,0,0,1.0,1,1.0,1,1.0,1,0.35295378465371297,29
2740,2,4318,2215,2103,0,0,0,1.0,1,1.0,1,1.0,1,0.3234777378132597,29
2741,1,4319,2215,2104,0,0,0,1.0,1,1.0,1,1.0,1,0.3300300581362477,28
2742,2,4321,2217,2104,0,0,0,1.0,1,1.0,1,1.0,1,0.3794058269556956,28
2743,3,4324,2217,2107,0,0,0,1.0,1,1.0,1,1.0,1,0.3082939261274384,29
2744,1,4325,2218,2107,0,0,0,1.0,1,1.0,1,1.0,1,0.30424661740259407,27
2745,1,4326,2219,2107,0,0,0,1.0,1,1.0,1,1.0,1,0.30558540538992096,25
2746,1,4327,2220,2107,0,0,0,1.0,1,1.0,1,1.0,1,0.3631695661563075,25
2747,2,4329,2222,2107,0,0,0,1.0,1,1.0,1,1.0,1,0.4130229998480391,23
2748,1,4330,2223,2107,0,0,0,1.0,1,1.0,1,1.0,1,0.45210250395707957,22
2749,0,4330,2223,2107,0,0,0,1.0,1,1.0,1,1.0,1,0.4945243635027747,19
2750,0,4330,2223,2107,0,0,0,1.0,1,1.0,1,1.0,1,0.47827888151298564,18
2751,0,4330,2223,2107,0,0,0,1.0,1,1.0,1,1.0,1,0.46477995282531487,16
2752,0,4330,2223,2107,0,0,0,1.0,1,1.0,1,1.0,1,0.4448546873265815,15
2753,0,4330,2223,2107,0,0,0,1.0,1,1.0,1,1.0,1,0.4448546873265815,15
2754,0,4330,2223,2107,0,0,0,1.0,1,1.0,1,1.0,1,0.4448546873265815,15
2755,0,4330,2223,2107,0,0,0,1.0,1,1.0,1,1.0,1,0.4448546873265815,15
2756,1,4331,2224,2107,0,0,0,1.0,1,1.0,1,1.0,1,0.41479507745846855,16
2757,0,4331,2224,2107,0,0,0,1.0,1,1.0,1,1.0,1,0.4306624796751654,17
2758,0,4331,2224,2107,0,0,0,1.0,1,1.0,1,1.0,1,0.4306624796751654,17
2759,0,4331,2224,2107,0,0,0,1.0,1,1.0,1,1.0,1,0.4443819398823848,18
2760,0,4331,2224,2107,0,0,0,1.0,1,1.0,1,1.0,1,0.4443819398823848,18
2761,0,4331,2224,2107,0,0,0,1.0,1,1.0,1,1.0,1,0.4443819398823848,18
2762,0,4331,2224,2107,0,0,0,1.0,1,1.0,1,1.0,1,0.4443819398823848,18
2763,0,4331,2224,2107,0,0,0,1.0,1,1.0,1,1.0,1,0.4302986335543585,17
2764,2,4333,2226,2107,0,0,0,1.0,1,1.0,1,1.0,1,0.5622981768857661,17
2765,2,4335,2226,2109,0,0,0,1.0,1,1.0,1,1.0,1,0.44504631531465827,18
2766,0,4335,2226,2109,0,0,0,1.0,1,1.0,1,1.0,1,0.44504631531465827,18
2767,1,4336,2226,2110,0,0,0,1.0,1,1.0,1,1.0,1,0.38812392926164824,18
2768,0,4336,2226,2110,0,0,0,1.0,1,1.0,1,1.0,1,0.38812392926164824,18
2769,1,4337,2227,2110,0,0,0,1.0,1,1.0,1,1.0,1,0.35710131989249694,18
2770,1,4338,2228,2110,0,0,0,1.0,1,1.0,1,1.0,1,0.370060846629513,18
2771,0,4338,2228,2110,0,0,0,1.0,1,1.0,1,1.0,1,0.370060846629513,18
2772,0,4338,2228,2110,0,0,0,1.0,1,1.0,1,1.0,1,0.370060846629513,18
2773,0,4338,2228,2110,0,0,0,1.0,1,1.0,1,1.0,1,0.370060846629513,18
2774,3,4341,2229,2112,0,0,0,1.0,1,1.0,1,1.0,1,0.3703749337135168,20
2775,1,4342,2230,2112,0,0,0,1.0,1,1.0,1,1.0,1,0.390724959444445,21
2776,0,4342,2230,2112,0,0,0,1.0,1,1.0,1,1.0,1,0.390724959444445,21
2777,0,4342,2230,2112,0,0,0,1.0,1,1.0,1,1.0,1,0.3753420183188236,22
2778,3,4345,2232,2113,0,0,0,1.0,1,1.0,1,1.0,1,0.3708004977933511,24
2779,1,4346,2233,2113,0,0,0,1.0,1,1.0,1,1.0,1,0.39409757535933443,24
2780,1,4347,2234,2113,0,0,0,1.0,1,1.0,1,1.0,1,0.3713181642755492,24
2781,0,4347,2234,2113,0,0,0,1.0,1,1.0,1,1.0,1,0.3713181642755492,24
2782,2,4349,2234,2115,0,0,0,1.0,1,1.0,1,1.0,1,0.2833766386718438,24
2783,1,4350,2235,2115,0,0,0,1.0,1,1.0,1,1.0,1,0.3221090777005185,24
2784,2,4352,2236,2116,0,0,0,1.0,1,1.0,1,1.0,1,0.3351957469840161,24
2785,0,4352,2236,2116,0,0,0,1.0,1,1.0,1,1.0,1,0.28580897040242054,22
2786,0,4352,2236,2116,0,0,0,1.0,1,1.0,1,1.0,1,0.31728807767006173,22
2787,0,4352,2236,2116,0,0,0,1.0,1,1.0,1,1.0,1,0.2905543909721443,21
2788,0,4352,2236,2116,0,0,0,1.0,1,1.0,1,1.0,1,0.2675657317811457,20
2789,1,4353,2237,2116,0,0,0,1.0,1,1.0,1,1.0,1,0.33048688121690056,20
2790,0,4353,2237,2116,0,0,0,1.0,1,1.0,1,1.0,1,0.3540005635167254,21
2791,1,4354,2238,2116,0,0,0,1.0,1,1.0,1,1.0,1,0.4088370221994867,21
2792,0,4354,2238,2116,0,0,0,1.0,1,1.0,1,1.0,1,0.4088370221994867,21
2793,0,4354,2238,2116,0,0,0,1.0,1,1.0,1,1.0,1,0.4338326504967293,18
2794,0,4354,2238,2116,0,0,0,1.0,1,1.0,1,1.0,1,0.4338326504967293,18
2795,1,4355,2238,2117,0,0,0,1.0,1,1.0,1,1.0,1,0.3810962704709311,20
2796,1,4356,2239,2117,0,0,0,1.0,1,1.0,1,1.0,1,0.3587930372011851,21
2797,1,4357,2239,2118,0,0,0,1.0,1,1.0,1,1.0,1,0.28841622503272,21
2798,0,4357,2239,2118,0,0,0,1.0,1,1.0,1,1.0,1,0.28841622503272,21
2799,0,4357,2239,2118,0,0,0,1.0,1,1.0,1,1.0,1,0.2954740128244652,22
2800,0,4357,2239,2118,0,0,0,1.0,1,1.0,1,1.0,1,0.2954740128244652,22
2801,1,4358,2240,2118,0,0,0,1.0,1,1.0,1,1.0,1,0.284625044207828,22
2802,0,4358,2240,2118,0,0,0,1.0,1,1.0,1,1.0,1,0.284625044207828,22
2803,1,4359,2241,2118,0,0,0,1.0,1,1.0,1,1.0,1,0.3404499191431885,22
2804,0,4359,2241,2118,0,0,0,1.0,1,1.0,1,1.0,1,0.35828066348635934,23
2805,0,4359,2241,2118,0,0,0,1.0,1,1.0,1,1.0,1,0.35828066348635934,23
2806,0,4359,2241,2118,0,0,0,1.0,1,1.0,1,1.0,1,0.35828066348635934,23
2807,0,4359,2241,2118,0,0,0,1.0,1,1.0,1,1.0,1,0.34666069513862935,24
2808,0,4359,2241,2118,0,0,0,1.0,1,1.0,1,1.0,1,0.34666069513862935,24
2809,2,4361,2242,2119,0,0,0,1.0,1,1.0,1,1.0,1,0.37303435799168544,25
2810,0,4361,2242,2119,0,0,0,1.0,1,1.0,1,1.0,1,0.3704156352863677,24
2811,1,4362,2242,2120,0,0,0,1.0,1,1.0,1,1.0,1,0.35753973907554465,26
2812,1,4363,2243,2120,0,0,0,1.0,1,1.0,1,1.0,1,0.399810385211709,26
2813,0,4363,2243,2120,0,0,0,1.0,1,1.0,1,1.0,1,0.40141747597554656,27
2814,5,4368,2245,2123,0,0,0,1.0,1,1.0,1,1.0,1,0.36258259339967064,29
2815,1,4369,2245,2124,0,0,0,1.0,1,1.0,1,1.0,1,0.3487644132159488,29
2816,0,4369,2245,2124,0,0,0,1.0,1,1.0,1,1.0,1,0.36199493881593886,29
2817,1,4370,2246,2124,0,0,0,1.0,1,1.0,1,1.0,1,0.38267332750723715,29
2818,2,4372,2247,2125,0,0,0,1.0,1,1.0,1,1.0,1,0.38220178181566916,29
2819,1,4373,2247,2126,0,0,0,1.0,1,1.0,1,1.0,1,0.37998685075579197,30
2820,1,4374,2248,2126,0,0,0,1.0,1,1.0,1,1.0,1,0.37782677351494026,30
2821,2,4376,2248,2128,0,0,0,1.0,1,1.0,1,1.0,1,0.33447893836056125,31
2822,2,4378,2250,2128,0,0,0,1.0,1,1.0,1,1.0,1,0.37449218741851914,30
2823,3,4381,2252,2129,0,0,0,1.0,1,1.0,1,1.0,1,0.3224436382078295,27
2824,1,4382,2252,2130,0,0,0,1.0,1,1.0,1,1.0,1,0.28160005156187073,28
2825,4,4386,2255,2131,0,0,0,1.0,1,1.0,1,1.0,1,0.2627397834575619,28
2826,2,4388,2256,2132,0,0,0,1.0,1,1.0,1,1.0,1,0.271044515524249,27
2827,1,4389,2256,2133,0,0,0,1.0,1,1.0,1,1.0,1,0.2631560547568126,28
2828,0,4389,2256,2133,0,0,0,1.0,1,1.0,1,1.0,1,0.3060023470995548,28
2829,1,4390,2256,2134,0,0,0,1.0,1,1.0,1,1.0,1,0.28027001876917995,27
2830,1,4391,2256,2135,0,0,0,1.0,1,1.0,1,1.0,1,0.22677257787129612,27
2831,0,4391,2256,2135,0,0,0,1.0,1,1.0,1,1.0,1,0.22677257787129612,27
2832,0,4391,2256,2135,0,0,0,1.0,1,1.0,1,1.0,1,0.23949890443132932,27
2833,2,4393,2257,2136,0,0,0,1.0,1,1.0,1,1.0,1,0.27634282366412505,26
2834,0,4393,2257,2136,0,0,0,1.0,1,1.0,1,1.0,1,0.27918908988389385,26
2835,1,4394,2258,2136,0,0,0,1.0,1,1.0,1,1.0,1,0.3190859276029803,25
2836,0,4394,2258,2136,0,0,0,1.0,1,1.0,1,1.0,1,0.3319156237573273,27
2837,2,4396,2259,2137,0,0,0,1.0,1,1.0,1,1.0,1,0.3515190249985714,27
2838,2,4398,2260,2138,0,0,0,1.0,1,1.0,1,1.0,1,0.30436676046634803,27
2839,2,4400,2260,2140,0,0,0,1.0,1,1.0,1,1.0,1,0.24647255944948845,29
2840,2,4402,2261,2141,0,0,0,1.0,1,1.0,1,1.0,1,0.22581420624557647,29
2841,0,4402,2261,2141,0,0,0,1.0,1,1.0,1,1.0,1,0.22892719384892848,31
2842,0,4402,2261,2141,0,0,0,1.0,1,1.0,1,1.0,1,0.22892719384892848,31
2843,0,4402,2261,2141,0,0,0,1.0,1,1.0,1,1.0,1,0.22700047178228017,32
2844,4,4406,2263,2143,0,0,0,1.0,1,1.0,1,1.0,1,0.2540794124175243,33
2845,0,4406,2263,2143,0,0,0,1.0,1,1.0,1,1.0,1,0.2578787299843368,32
2846,0,4406,2263,2143,0,0,0,1.0,1,1.0,1,1.0,1,0.2566611812624285,33
2847,1,4407,2264,2143,0,0,0,1.0,1,1.0,1,1.0,1,0.27449616124980886,32
2848,1,4408,2265,2143,0,0,0,1.0,1,1.0,1,1.0,1,0.3022141442735328,33
2849,0,4408,2265,2143,0,0,0,1.0,1,1.0,1,1.0,1,0.3034314744386897,34
2850,2,4410,2267,2143,0,0,0,1.0,1,1.0,1,1.0,1,0.28204944558003364,34
2851,1,4411,2267,2144,0,0,0,1.0,1,1.0,1,1.0,1,0.2665246153489052,34
2852,5,4416,2272,2144,0,0,0,1.0,1,1.0,1,1.0,1,0.2791064112910982,35
2853,5,4421,2273,2148,0,0,0,1.0,1,1.0,1,1.0,1,0.21485100610151414,36
2854,0,4421,2273,2148,0,0,0,1.0,1,1.0,1,1.0,1,0.23951994146884034,37
2855,2,4423,2274,2149,0,0,0,1.0,1,1.0,1,1.0,1,0.20506290983515932,38
2856,0,4423,2274,2149,0,0,0,1.0,1,1.0,1,1.0,1,0.20506290983515932,38
2857,1,4424,2275,2149,0,0,0,1.0,1,1.0,1,1.0,1,0.21471608730576996,39
2858,2,4426,2276,2150,0,0,0,1.0,1,1.0,1,1.0,1,0.21874311043936237,40
2859,3,4429,2277,2152,0,0,0,1.0,1,1.0,1,1.0,1,0.22081414741041352,40
2860,2,4431,2279,2152,0,0,0,1.0,1,1.0,1,1.0,1,0.22635878066652482,40
2861,2,4433,2281,2152,0,0,0,1.0,1,1.0,1,1.0,1,0.22065338968609988,38
2862,4,4437,2283,2154,0,0,0,1.0,1,1.0,1,1.0,1,0.21587120044437083,38
2863,2,4439,2284,2155,0,0,0,1.0,1,1.0,1,1.0,1,0.26199124979734845,38
2864,5,4444,2288,2156,0,0,0,1.0,1,1.0,1,1.0,1,0.2881916490019232,36
2865,4,4448,2291,2157,0,0,0,1.0,1,1.0,1,1.0,1,0.30543481479364143,34
2866,1,4449,2292,2157,0,0,0,1.0,1,1.0,1,1.0,1,0.28888710278857405,31
2867,0,4449,2292,2157,0,0,0,1.0,1,1.0,1,1.0,1,0.27344864356878573,30
2868,1,4450,2293,2157,0,0,0,1.0,1,1.0,1,1.0,1,0.2734388198052813,27
2869,2,4452,2295,2157,0,0,0,1.0,1,1.0,1,1.0,1,0.30035390548743685,27
2870,1,4453,2296,2157,0,0,0,1.0,1,1.0,1,1.0,1,0.3342124776803518,25
2871,1,4454,2297,2157,0,0,0,1.0,1,1.0,1,1.0,1,0.36024346709776606,25
2872,1,4455,2298,2157,0,0,0,1.0,1,1.0,1,1.0,1,0.4064529577019144,23
2873,1,4456,2298,2158,0,0,0,1.0,1,1.0,1,1.0,1,0.39542344160025267,24
2874,1,4457,2299,2158,0,0,0,1.0,1,1.0,1,1.0,1,0.4263621534301263,24
2875,2,4459,2299,2160,0,0,0,1.0,1,1.0,1,1.0,1,0.4065536973663619,23
2876,1,4460,2300,2160,0,0,0,1.0,1,1.0,1,1.0,1,0.4368404107206164,24
2877,4,4464,2302,2162,0,0,0,1.0,1,1.0,1,1.0,1,0.38852578286918077,24
2878,3,4467,2303,2164,0,0,0,1.0,1,1.0,1,1.0,1,0.308033215211262,24
2879,2,4469,2304,2165,0,0,0,1.0,1,1.0,1,1.0,1,0.34478101652247634,25
2880,1,4470,2304,2166,0,0,0,1.0,1,1.0,1,1.0,1,0.3177663391979754,26
2881,0,4470,2304,2166,0,0,0,1.0,1,1.0,1,1.0,1,0.3177663391979754,26
2882,0,4470,2304,2166,0,0,0,1.0,1,1.0,1,1.0,1,0.2980496439326393,27
2883,0,4470,2304,2166,0,0,0,1.0,1,1.0,1,1.0,1,0.2714630417612682,28
2884,1,4471,2304,2167,0,0,0,1.0,1,1.0,1,1.0,1,0.28749498163622333,29
2885,0,4471,2304,2167,0,0,0,1.0,1,1.0,1,1.0,1,0.2879025367146813,31
2886,1,4472,2305,2167,0,0,0,1.0,1,1.0,1,1.0,1,0.3017147721179422,31
2887,1,4473,2306,2167,0,0,0,1.0,1,1.0,1,1.0,1,0.30946705736937047,33
2888,3,4476,2307,2169,0,0,0,1.0,1,1.0,1,1.0,1,0.29802150144908574,34
2889,2,4478,2308,2170,0,0,0,1.0,1,1.0,1,1.0,1,0.30393766866110344,35
2890,1,4479,2309,2170,0,0,0,1.0,1,1.0,1,1.0,1,0.3271251221413309,35
2891,1,4480,2309,2171,0,0,0,1.0,1,1.0,1,1.0,1,0.2993001779650579,35
2892,0,4480,2309,2171,0,0,0,1.0,1,1.0,1,1.0,1,0.2993001779650579,35
2893,2,4482,2309,2173,0,0,0,1.0,1,1.0,1,1.0,1,0.26917487458585954,37
2894,0,4482,2309,2173,0,0,0,1.0,1,1.0,1,1.0,1,0.26917487458585954,37
2895,1,4483,2310,2173,0,0,0,1.0,1,1.0,1,1.0,1,0.3085177063388813,37
2896,2,4485,2311,2174,0,0,0,1.0,1,1.0,1,1.0,1,0.32683602979658594,38
2897,2,4487,2311,2176,0,0,0,1.0,1,1.0,1,1.0,1,0.31997297468176267,37
2898,0,4487,2311,2176,0,0,0,1.0,1,1.0,1,1.0,1,0.33523123451975173,38
2899,1,4488,2312,2176,0,0,0,1.0,1,1.0,1,1.0,1,0.34078019759082806,37
2900,0,4488,2312,2176,0,0,0,1.0,1,1.0,1,1.0,1,0.3616802386584144,36
2901,0,4488,2312,2176,0,0,0,1.0,1,1.0,1,1.0,1,0.36766724087271085,37
2902,1,4489,2313,2176,0,0,0,1.0,1,1.0,1,1.0,1,0.404596924320594,35
2903,0,4489,2313,2176,0,0,0,1.0,1,1.0,1,1.0,1,0.4032768565998338,35
2904,0,4489,2313,2176,0,0,0,1.0,1,1.0,1,1.0,1,0.40593994443984993,33
2905,0,4489,2313,2176,0,0,0,1.0,1,1.0,1,1.0,1,0.40099297980894505,34
2906,2,4491,2315,2176,0,0,0,1.0,1,1.0,1,1.0,1,0.44967756814807597,34
2907,1,4492,2315,2177,0,0,0,1.0,1,1.0,1,1.0,1,0.43384292173206795,35
2908,2,4494,2315,2179,0,0,0,1.0,1,1.0,1,1.0,1,0.4050686524371508,36
2909,1,4495,2315,2180,0,0,0,1.0,1,1.0,1,1.0,1,0.38724171606029734,38
2910,0,4495,2315,2180,0,0,0,1.0,1,1.0,1,1.0,1,0.38724171606029734,38
2911,1,4496,2316,2180,0,0,0,1.0,1,1.0,1,1.0,1,0.4006121592682883,37
2912,0,4496,2316,2180,0,0,0,1.0,1,1.0,1,1.0,1,0.4006121592682883,37
2913,0,4496,2316,2180,0,0,0,1.0,1,1.0,1,1.0,1,0.411316580289691,38
2914,1,4497,2316,2181,0,0,0,1.0,1,1.0,1,1.0,1,0.39224599969503976,38
2915,1,4498,2316,2182,0,0,0,1.0,1,1.0,1,1.0,1,0.3797822557271397,39
2916,4,4502,2317,2185,0,0,0,1.0,1,1.0,1,1.0,1,0.3115461189089659,40
2917,1,4503,2317,2186,0,0,0,1.0,1,1.0,1,1.0,1,0.3207467907366432,41
2918,1,4504,2318,2186,0,0,0,1.0,1,1.0,1,1.0,1,0.34059906327550016,41
2919,0,4504,2318,2186,0,0,0,1.0,1,1.0,1,1.0,1,0.34059906327550016,41
2920,3,4507,2318,2189,0,0,0,1.0,1,1.0,1,1.0,1,0.33281591879283856,43
2921,3,4510,2318,2192,0,0,0,1.0,1,1.0,1,1.0,1,0.29990051564711273,42
2922,1,4511,2318,2193,0,0,0,1.0,1,1.0,1,1.0,1,0.26100889797427823,43
2923,1,4512,2318,2194,0,0,0,1.0,1,1.0,1,1.0,1,0.25809843672731886,44
2924,0,4512,2318,2194,0,0,0,1.0,1,1.0,1,1.0,1,0.24894366626890643,45
2925,2,4514,2319,2195,0,0,0,1.0,1,1.0,1,1.0,1,0.2699303837048694,45
2926,2,4516,2320,2196,0,0,0,1.0,1,1.0,1,1.0,1,0.28458370033110625,47
2927,4,4520,2320,2200,0,0,0,1.0,1,1.0,1,1.0,1,0.21906128159111724,47
2928,0,4520,2320,2200,0,0,0,1.0,1,1.0,1,1.0,1,0.21971281712572416,48
2929,0,4520,2320,2200,0,0,0,1.0,1,1.0,1,1.0,1,0.21971281712572416,48
2930,2,4522,2321,2201,0,0,0,1.0,1,1.0,1,1.0,1,0.23724158545445248,50
2931,0,4522,2321,2201,0,0,0,1.0,1,1.0,1,1.0,1,0.24679504057156332,51
2932,0,4522,2321,2201,0,0,0,1.0,1,1.0,1,1.0,1,0.24679504057156332,51
2933,1,4523,2322,2201,0,0,0,1.0,1,1.0,1,1.0,1,0.274603107636428,52
2934,2,4525,2323,2202,0,0,0,1.0,1,1.0,1,1.0,1,0.2739362153786221,52
2935,0,4525,2323,2202,0,0,0,1.0,1,1.0,1,1.0,1,0.2894092732341953,51
2936,1,4526,2323,2203,0,0,0,1.0,1,1.0,1,1.0,1,0.2541598884415895,49
2937,1,4527,2323,2204,0,0,0,1.0,1,1.0,1,1.0,1,0.23859433705930894,50
2938,3,4530,2325,2205,0,0,0,1.0,1,1.0,1,1.0,1,0.2660832300979572,50
2939,1,4531,2325,2206,0,0,0,1.0,1,1.0,1,1.0,1,0.25016650262996054,51
2940,1,4532,2325,2207,0,0,0,1.0,1,1.0,1,1.0,1,0.25794477819745487,52
2941,1,4533,2326,2207,0,0,0,1.0,1,1.0,1,1.0,1,0.2724519987588837,53
2942,1,4534,2327,2207,0,0,0,1.0,1,1.0,1,1.0,1,0.28849604758490716,52
2943,0,4534,2327,2207,0,0,0,1.0,1,1.0,1,1.0,1,0.280936185718243,51
2944,3,4537,2329,2208,0,0,0,1.0,1,1.0,1,1.0,1,0.2941001026386481,52
2945,6,4543,2330,2213,0,0,0,1.0,1,1.0,1,1.0,1,0.22032414546189127,50
2946,2,4545,2332,2213,0,0,0,1.0,1,1.0,1,1.0,1,0.29502119266123245,51
2947,4,4549,2334,2215,0,0,0,1.0,1,1.0,1,1.0,1,0.25619779270060666,50
2948,4,4553,2336,2217,0,0,0,1.0,1,1.0,1,1.0,1,0.2385500913212699,50
2949,2,4555,2336,2219,0,0,0,1.0,1,1.0,1,1.0,1,0.19908287828878055,49
2950,0,4555,2336,2219,0,0,0,1.0,1,1.0,1,1.0,1,0.21705137758769477,48
2951,3,4558,2338,2220,0,0,0,1.0,1,1.0,1,1.0,1,0.2646519289323332,48
2952,0,4558,2338,2220,0,0,0,1.0,1,1.0,1,1.0,1,0.26726906585583365,46
2953,1,4559,2338,2221,0,0,0,1.0,1,1.0,1,1.0,1,0.25601909727904104,46
2954,1,4560,2338,2222,0,0,0,1.0,1,1.0,1,1.0,1,0.27036731229522865,48
2955,2,4562,2338,2224,0,0,0,1.0,1,1.0,1,1.0,1,0.25641873953179495,48
2956,0,4562,2338,2224,0,0,0,1.0,1,1.0,1,1.0,1,0.2595941203721505,47
2957,2,4564,2339,2225,0,0,0,1.0,1,1.0,1,1.0,1,0.25074507820688074,48
2958,0,4564,2339,2225,0,0,0,1.0,1,1.0,1,1.0,1,0.25701134905621975,49
2959,4,4568,2341,2227,0,0,0,1.0,1,1.0,1,1.0,1,0.2545362629147674,49
2960,1,4569,2341,2228,0,0,0,1.0,1,1.0,1,1.0,1,0.23567237733313562,49
2961,5,4574,2344,2230,0,0,0,1.0,1,1.0,1,1.0,1,0.22736091691729585,51
2962,2,4576,2344,2232,0,0,0,1.0,1,1.0,1,1.0,1,0.18679675985770802,51
2963,2,4578,2344,2234,0,0,0,1.0,1,1.0,1,1.0,1,0.1372483563649651,51
2964,2,4580,2345,2235,0,0,0,1.0,1,1.0,1,1.0,1,0.11636558954288005,52
2965,2,4582,2345,2237,0,0,0,1.0,1,1.0,1,1.0,1,0.10062202993579615,53
2966,1,4583,2346,2237,0,0,0,1.0,1,1.0,1,1.0,1,0.10596692541097576,53
2967,0,4583,2346,2237,0,0,0,1.0,1,1.0,1,1.0,1,0.13094159683179202,53
2968,0,4583,2346,2237,0,0,0,1.0,1,1.0,1,1.0,1,0.1404992636297231,54
2969,1,4584,2347,2237,0,0,0,1.0,1,1.0,1,1.0,1,0.1792585384547242,55
2970,1,4585,2347,2238,0,0,0,1.0,1,1.0,1,1.0,1,0.1678614007059703,55
2971,0,4585,2347,2238,0,0,0,1.0,1,1.0,1,1.0,1,0.1678614007059703,55
2972,0,4585,2347,2238,0,0,0,1.0,1,1.0,1,1.0,1,0.1678614007059703,55
2973,0,4585,2347,2238,0,0,0,1.0,1,1.0,1,1.0,1,0.18753143028767102,55
2974,0,4585,2347,2238,0,0,0,1.0,1,1.0,1,1.0,1,0.16836495869809917,56
2975,0,4585,2347,2238,0,0,0,1.0,1,1.0,1,1.0,1,0.1619899172633496,55
2976,1,4586,2347,2239,0,0,0,1.0,1,1.0,1,1.0,1,0.1706133802858745,57
2977,1,4587,2347,2240,0,0,0,1.0,1,1.0,1,1.0,1,0.16283077180834726,59
2978,1,4588,2348,2240,0,0,0,1.0,1,1.0,1,1.0,1,0.16929507856766565,59
2979,4,4592,2349,2243,0,0,0,1.0,1,1.0,1,1.0,1,0.141268970779338,59
2980,1,4593,2350,2243,0,0,0,1.0,1,1.0,1,1.0,1,0.15253078911819049,59
2981,1,4594,2351,2243,0,0,0,1.0,1,1.0,1,1.0,1,0.16049189796057178,59
2982,1,4595,2352,2243,0,0,0,1.0,1,1.0,1,1.0,1,0.19622504810129263,61
2983,6,4601,2355,2246,0,0,0,1.0,1,1.0,1,1.0,1,0.18973317586394592,61
2984,5,4606,2359,2247,0,0,0,1.0,1,1.0,1,1.0,1,0.25592592787403706,61
2985,10,4616,2365,2251,0,0,0,1.0,1,1.0,1,1.0,1,0.21436273012333104,57
2986,5,4621,2367,2254,0,0,0,1.0,1,1.0,1,1.0,1,0.20521933264847161,58
2987,6,4627,2371,2256,0,0,0,1.0,1,1.0,1,1.0,1,0.22790097858726088,56
2988,4,4631,2372,2259,0,0,0,1.0,1,1.0,1,1.0,1,0.15604290313746955,55
2989,4,4635,2375,2260,0,0,0,1.0,1,1.0,1,1.0,1,0.15232280539378323,53
2990,2,4637,2377,2260,0,0,0,1.0,1,1.0,1,1.0,1,0.1617593326072886,52
2991,1,4638,2377,2261,0,0,0,1.0,1,1.0,1,1.0,1,0.16208189181427268,54
2992,1,4639,2378,2261,0,0,0,1.0,1,1.0,1,1.0,1,0.19413114517468613,55
2993,3,4642,2381,2261,0,0,0,1.0,1,1.0,1,1.0,1,0.23142224638340939,53
2994,5,4647,2384,2263,0,0,0,1.0,1,1.0,1,1.0,1,0.23257711379661664,53
2995,3,4650,2385,2265,0,0,0,1.0,1,1.0,1,1.0,1,0.1912374276886554,51
2996,2,4652,2386,2266,0,0,0,1.0,1,1.0,1,1.0,1,0.20650198577842802,52
2997,3,4655,2388,2267,0,0,0,1.0,1,1.0,1,1.0,1,0.1955581956158842,50
2998,2,4657,2388,2269,0,0,0,1.0,1,1.0,1,1.0,1,0.19281231816235947,51
2999,0,4657,2388,2269,0,0,0,1.0,1,1.0,1,1.0,1,0.18316777717508653,48
3000,1,4658,2389,2269,0,0,0,1.0,1,1.0,1,1.0,1,0.1811863218613054,48
3001,0,4658,2389,2269,0,0,0,1.0,1,1.0,1,1.0,1,0.1861728765838258,49
3002,1,4659,2389,2270,0,0,0,1.0,1,1.0,1,1.0,1,0.17636923973070523,50
3003,0,4659,2389,2270,0,0,0,1.0,1,1.0,1,1.0,1,0.17636923973070523,50
3004,0,4659,2389,2270,0,0,0,1.0,1,1.0,1,1.0,1,0.18492637254522984,51
3005,0,4659,2389,2270,0,0,0,1.0,1,1.0,1,1.0,1,0.20025582206134662,50
3006,0,4659,2389,2270,0,0,0,1.0,1,1.0,1,1.0,1,0.2141645026003801,51
3007,2,4661,2389,2272,0,0,0,1.0,1,1.0,1,1.0,1,0.2079548214988467,51
3008,1,4662,2390,2272,0,0,0,1.0,1,1.0,1,1.0,1,0.23364384309604777,53
3009,4,4666,2390,2276,0,0,0,1.0,1,1.0,1,1.0,1,0.1905532854088787,52
3010,2,4668,2391,2277,0,0,0,1.0,1,1.0,1,1.0,1,0.19248824228524403,52
3011,1,4669,2391,2278,0,0,0,1.0,1,1.0,1,1.0,1,0.15630187127692732,51
3012,1,4670,2392,2278,0,0,0,1.0,1,1.0,1,1.0,1,0.19076203335732111,54
3013,2,4672,2394,2278,0,0,0,1.0,1,1.0,1,1.0,1,0.15673638652940083,52
3014,2,4674,2395,2279,0,0,0,1.0,1,1.0,1,1.0,1,0.12720653883818758,51
3015,2,4676,2397,2279,0,0,0,1.0,1,1.0,1,1.0,1,0.09785209735877412,50
3016,4,4680,2401,2279,0,0,0,1.0,1,1.0,1,1.0,1,0.17774477094086064,50
3017,2,4682,2403,2279,0,0,0,1.0,1,1.0,1,1.0,1,0.18691600958360496,48
3018,2,4684,2404,2280,0,0,0,1.0,1,1.0,1,1.0,1,0.24061245327202674,48
3019,4,4688,2406,2282,0,0,0,1.0,1,1.0,1,1.0,1,0.207071744371408,47
3020,3,4691,2409,2282,0,0,0,1.0,1,1.0,1,1.0,1,0.18203066199743226,47
3021,5,4696,2412,2284,0,0,0,1.0,1,1.0,1,1.0,1,0.198569299962208,46
3022,6,4702,2417,2285,0,0,0,1.0,1,1.0,1,1.0,1,0.25962694265684993,45
3023,2,4704,2418,2286,0,0,0,1.0,1,1.0,1,1.0,1,0.19728787037961187,41
3024,4,4708,2420,2288,0,0,0,1.0,1,1.0,1,1.0,1,0.21108329475918772,43
3025,1,4709,2420,2289,0,0,0,1.0,1,1.0,1,1.0,1,0.1973283525202197,39
3026,1,4710,2421,2289,0,0,0,1.0,1,1.0,1,1.0,1,0.21715601198207798,38
3027,3,4713,2423,2290,0,0,0,1.0,1,1.0,1,1.0,1,0.21726552630703339,38
3028,0,4713,2423,2290,0,0,0,1.0,1,1.0,1,1.0,1,0.22584326613837982,38
3029,1,4714,2423,2291,0,0,0,1.0,1,1.0,1,1.0,1,0.16350650426855967,37
3030,0,4714,2423,2291,0,0,0,1.0,1,1.0,1,1.0,1,0.17897560916277563,38
3031,1,4715,2424,2291,0,0,0,1.0,1,1.0,1,1.0,1,0.19990567965271716,39
3032,2,4717,2425,2292,0,0,0,1.0,1,1.0,1,1.0,1,0.20088164952154094,39
3033,0,4717,2425,2292,0,0,0,1.0,1,1.0,1,1.0,1,0.18877543632279065,39
3034,0,4717,2425,2292,0,0,0,1.0,1,1.0,1,1.0,1,0.2086639111051431,38
3035,2,4719,2426,2293,0,0,0,1.0,1,1.0,1,1.0,1,0.2176480556589263,39
3036,1,4720,2426,2294,0,0,0,1.0,1,1.0,1,1.0,1,0.17964390527753651,39
3037,1,4721,2426,2295,0,0,0,1.0,1,1.0,1,1.0,1,0.20948377008194882,39
3038,1,4722,2427,2295,0,0,0,1.0,1,1.0,1,1.0,1,0.22122863675592325,40
3039,2,4724,2428,2296,0,0,0,1.0,1,1.0,1,1.0,1,0.21657371270262255,41
3040,1,4725,2429,2296,0,0,0,1.0,1,1.0,1,1.0,1,0.22752820460750153,42
3041,1,4726,2429,2297,0,0,0,1.0,1,1.0,1,1.0,1,0.2038475807118798,43
3042,2,4728,2430,2298,0,0,0,1.0,1,1.0,1,1.0,1,0.22789485449444877,45
3043,3,4731,2432,2299,0,0,0,1.0,1,1.0,1,1.0,1,0.2616542441625207,45
3044,2,4733,2432,2301,0,0,0,1.0,1,1.0,1,1.0,1,0.2248637476887068,45
3045,2,4735,2433,2302,0,0,0,1.0,1,1.0,1,1.0,1,0.22445190788295896,45
3046,1,4736,2433,2303,0,0,0,1.0,1,1.0,1,1.0,1,0.22706191488474284,46
3047,9,4745,2436,2309,0,0,0,1.0,1,1.0,1,1.0,1,0.1958304912644823,46
3048,0,4745,2436,2309,0,0,0,1.0,1,1.0,1,1.0,1,0.23129659781112932,49
3049,3,4748,2436,2312,0,0,0,1.0,1,1.0,1,1.0,1,0.15234772831313423,50
3050,0,4748,2436,2312,0,0,0,1.0,1,1.0,1,1.0,1,0.15234772831313423,50
3051,4,4752,2438,2314,0,0,0,1.0,1,1.0,1,1.0,1,0.1959941287386004,50
3052,3,4755,2439,2316,0,0,0,1.0,1,1.0,1,1.0,1,0.20974086667484743,50
3053,1,4756,2440,2316,0,0,0,1.0,1,1.0,1,1.0,1,0.2011442751562677,49
3054,0,4756,2440,2316,0,0,0,1.0,1,1.0,1,1.0,1,0.23525242764556983,47
3055,2,4758,2441,2317,0,0,0,1.0,1,1.0,1,1.0,1,0.2613094926769807,48
3056,0,4758,2441,2317,0,0,0,1.0,1,1.0,1,1.0,1,0.24488618411840665,47
3057,3,4761,2443,2318,0,0,0,1.0,1,1.0,1,1.0,1,0.2933866208429421,48
3058,1,4762,2444,2318,0,0,0,1.0,1,1.0,1,1.0,1,0.29917814186465946,46
3059,1,4763,2444,2319,0,0,0,1.0,1,1.0,1,1.0,1,0.3262213922583422,44
3060,1,4764,2445,2319,0,0,0,1.0,1,1.0,1,1.0,1,0.34521127741240737,44
3061,2,4766,2445,2321,0,0,0,1.0,1,1.0,1,1.0,1,0.2863768622765675,42
3062,3,4769,2447,2322,0,0,0,1.0,1,1.0,1,1.0,1,0.3075366776063976,42
3063,6,4775,2449,2326,0,0,0,1.0,1,1.0,1,1.0,1,0.25620255145971,41
3064,3,4778,2451,2327,0,0,0,1.0,1,1.0,1,1.0,1,0.23591475793087274,42
3065,1,4779,2452,2327,0,0,0,1.0,1,1.0,1,1.0,1,0.19917342297719104,40
3066,4,4783,2456,2327,0,0,0,1.0,1,1.0,1,1.0,1,0.21223487742358604,42
3067,0,4783,2456,2327,0,0,0,1.0,1,1.0,1,1.0,1,0.18778401222834407,40
3068,4,4787,2459,2328,0,0,0,1.0,1,1.0,1,1.0,1,0.2000341790288754,39
3069,1,4788,2459,2329,0,0,0,1.0,1,1.0,1,1.0,1,0.15425074555819324,38
3070,0,4788,2459,2329,0,0,0,1.0,1,1.0,1,1.0,1,0.17569729780238988,39
3071,0,4788,2459,2329,0,0,0,1.0,1,1.0,1,1.0,1,0.17930505282658646,39
3072,2,4790,2460,2330,0,0,0,1.0,1,1.0,1,1.0,1,0.2184776124669846,40
3073,1,4791,2461,2330,0,0,0,1.0,1,1.0,1,1.0,1,0.2579978248859861,38
3074,0,4791,2461,2330,0,0,0,1.0,1,1.0,1,1.0,1,0.24719366699298675,38
3075,5,4796,2463,2333,0,0,0,1.0,1,1.0,1,1.0,1,0.24223660578422632,41
3076,1,4797,2464,2333,0,0,0,1.0,1,1.0,1,1.0,1,0.2328940305556638,42
3077,3,4800,2465,2335,0,0,0,1.0,1,1.0,1,1.0,1,0.1858121645645314,42
3078,0,4800,2465,2335,0,0,0,1.0,1,1.0,1,1.0,1,0.1858121645645314,42
3079,0,4800,2465,2335,0,0,0,1.0,1,1.0,1,1.0,1,0.1858121645645314,42
3080,0,4800,2465,2335,0,0,0,1.0,1,1.0,1,1.0,1,0.19044845107842576,43
3081,1,4801,2466,2335,0,0,0,1.0,1,1.0,1,1.0,1,0.2128503673774327,44
3082,0,4801,2466,2335,0,0,0,1.0,1,1.0,1,1.0,1,0.22740177250659002,45
3083,0,4801,2466,2335,0,0,0,1.0,1,1.0,1,1.0,1,0.22740177250659002,45
3084,1,4802,2467,2335,0,0,0,1.0,1,1.0,1,1.0,1,0.21715517666808676,45
3085,2,4804,2468,2336,0,0,0,1.0,1,1.0,1,1.0,1,0.2562222089363164,46
3086,0,4804,2468,2336,0,0,0,1.0,1,1.0,1,1.0,1,0.2562222089363164,46
3087,4,4808,2469,2339,0,0,0,1.0,1,1.0,1,1.0,1,0.2464362948579468,47
3088,2,4810,2470,2340,0,0,0,1.0,1,1.0,1,1.0,1,0.2549502929976362,48
3089,0,4810,2470,2340,0,0,0,1.0,1,1.0,1,1.0,1,0.2301561069057111,46
3090,0,4810,2470,2340,0,0,0,1.0,1,1.0,1,1.0,1,0.22044886329115648,46
3091,0,4810,2470,2340,0,0,0,1.0,1,1.0,1,1.0,1,0.2437439081461499,46
3092,2,4812,2471,2341,0,0,0,1.0,1,1.0,1,1.0,1,0.2315319895262564,47
3093,2,4814,2472,2342,0,0,0,1.0,1,1.0,1,1.0,1,0.2574983625573921,47
3094,2,4816,2473,2343,0,0,0,1.0,1,1.0,1,1.0,1,0.23999999082056772,45
3095,4,4820,2475,2345,0,0,0,1.0,1,1.0,1,1.0,1,0.2011900884460887,46
3096,0,4820,2475,2345,0,0,0,1.0,1,1.0,1,1.0,1,0.20476731540577428,46
3097,3,4823,2477,2346,0,0,0,1.0,1,1.0,1,1.0,1,0.22345341455241075,47
3098,2,4825,2478,2347,0,0,0,1.0,1,1.0,1,1.0,1,0.1748493323855779,47
3099,0,4825,2478,2347,0,0,0,1.0,1,1.0,1,1.0,1,0.1748493323855779,47
3100,0,4825,2478,2347,0,0,0,1.0,1,1.0,1,1.0,1,0.1748493323855779,47
3101,0,4825,2478,2347,0,0,0,1.0,1,1.0,1,1.0,1,0.18654098538771885,48
3102,0,4825,2478,2347,0,0,0,1.0,1,1.0,1,1.0,1,0.18654098538771885,48
3103,3,4828,2480,2348,0,0,0,1.0,1,1.0,1,1.0,1,0.17494479355445572,49
3104,2,4830,2482,2348,0,0,0,1.0,1,1.0,1,1.0,1,0.19003771257538196,48
3105,3,4833,2482,2351,0,0,0,1.0,1,1.0,1,1.0,1,0.12018691960828443,45
3106,2,4835,2484,2351,0,0,0,1.0,1,1.0,1,1.0,1,0.18193378987495865,46
3107,1,4836,2485,2351,0,0,0,1.0,1,1.0,1,1.0,1,0.17511225018379856,44
3108,0,4836,2485,2351,0,0,0,1.0,1,1.0,1,1.0,1,0.16275230052212464,45
3109,0,4836,2485,2351,0,0,0,1.0,1,1.0,1,1.0,1,0.17774876301532488,44
3110,5,4841,2488,2353,0,0,0,1.0,1,1.0,1,1.0,1,0.2129910495691849,46
3111,5,4846,2489,2357,0,0,0,1.0,1,1.0,1,1.0,1,0.15397939770525548,46
3112,1,4847,2489,2358,0,0,0,1.0,1,1.0,1,1.0,1,0.1503505262095463,47
3113,0,4847,2489,2358,0,0,0,1.0,1,1.0,1,1.0,1,0.13846372947902114,48
3114,0,4847,2489,2358,0,0,0,1.0,1,1.0,1,1.0,1,0.1578612944977486,48
3115,1,4848,2489,2359,0,0,0,1.0,1,1.0,1,1.0,1,0.16113751147638425,49
3116,0,4848,2489,2359,0,0,0,1.0,1,1.0,1,1.0,1,0.15904142618061215,48
3117,2,4850,2490,2360,0,0,0,1.0,1,1.0,1,1.0,1,0.17905521213482023,49
3118,0,4850,2490,2360,0,0,0,1.0,1,1.0,1,1.0,1,0.2103232944485312,50
3119,0,4850,2490,2360,0,0,0,1.0,1,1.0,1,1.0,1,0.2103232944485312,50
3120,3,4853,2491,2362,0,0,0,1.0,1,1.0,1,1.0,1,0.2017597567353961,50
3121,2,4855,2492,2363,0,0,0,1.0,1,1.0,1,1.0,1,0.19315202082956343,50
3122,1,4856,2492,2364,0,0,0,1.0,1,1.0,1,1.0,1,0.18576346248166584,50
3123,3,4859,2494,2365,0,0,0,1.0,1,1.0,1,1.0,1,0.1764469079232995,51
3124,1,4860,2495,2365,0,0,0,1.0,1,1.0,1,1.0,1,0.19615137611318015,51
3125,2,4862,2496,2366,0,0,0,1.0,1,1.0,1,1.0,1,0.21397242212474302,51
3126,3,4865,2497,2368,0,0,0,1.0,1,1.0,1,1.0,1,0.20896142951783037,54
3127,4,4869,2498,2371,0,0,0,1.0,1,1.0,1,1.0,1,0.20288972140915978,53
3128,1,4870,2499,2371,0,0,0,1.0,1,1.0,1,1.0,1,0.19931938067037133,52
3129,1,4871,2500,2371,0,0,0,1.0,1,1.0,1,1.0,1,0.19322355452017653,51
3130,0,4871,2500,2371,0,0,0,1.0,1,1.0,1,1.0,1,0.19910741026718123,50
3131,3,4874,2502,2372,0,0,0,1.0,1,1.0,1,1.0,1,0.21695267757349077,50
3132,0,4874,2502,2372,0,0,0,1.0,1,1.0,1,1.0,1,0.23050222186179292,49
3133,0,4874,2502,2372,0,0,0,1.0,1,1.0,1,1.0,1,0.23050222186179292,49
3134,1,4875,2503,2372,0,0,0,1.0,1,1.0,1,1.0,1,0.24278336853631297,46
3135,1,4876,2504,2372,0,0,0,1.0,1,1.0,1,1.0,1,0.2614343741160625,47
3136,1,4877,2504,2373,0,0,0,1.0,1,1.0,1,1.0,1,0.2224583322418856,46
3137,2,4879,2505,2374,0,0,0,1.0,1,1.0,1,1.0,1,0.2199219959982497,49
3138,1,4880,2506,2374,0,0,0,1.0,1,1.0,1,1.0,1,0.20916936885954432,49
3139,2,4882,2507,2375,0,0,0,1.0,1,1.0,1,1.0,1,0.2254061607054721,50
3140,1,4883,2508,2375,0,0,0,1.0,1,1.0,1,1.0,1,0.257696259523733,51
3141,5,4888,2509,2379,0,0,0,1.0,1,1.0,1,1.0,1,0.21545736730604512,50
3142,3,4891,2510,2381,0,0,0,1.0,1,1.0,1,1.0,1,0.2241740303355919,50
3143,1,4892,2510,2382,0,0,0,1.0,1,1.0,1,1.0,1,0.20873571703709162,49
3144,1,4893,2511,2382,0,0,0,1.0,1,1.0,1,1.0,1,0.22137926063902286,49
3145,0,4893,2511,2382,0,0,0,1.0,1,1.0,1,1.0,1,0.23450782939055895,48
3146,2,4895,2512,2383,0,0,0,1.0,1,1.0,1,1.0,1,0.23327911168245383,49
3147,1,4896,2513,2383,0,0,0,1.0,1,1.0,1,1.0,1,0.2599129503294175,48
3148,4,4900,2516,2384,0,0,0,1.0,1,1.0,1,1.0,1,0.2221910298205307,48
3149,3,4903,2518,2385,0,0,0,1.0,1,1.0,1,1.0,1,0.2166346240025071,47
3150,0,4903,2518,2385,0,0,0,1.0,1,1.0,1,1.0,1,0.2166346240025071,47
3151,3,4906,2518,2388,0,0,0,1.0,1,1.0,1,1.0,1,0.191921495661974,48
3152,0,4906,2518,2388,0,0,0,1.0,1,1.0,1,1.0,1,0.20071860075806888,47
3153,1,4907,2519,2388,0,0,0,1.0,1,1.0,1,1.0,1,0.20773278104806844,47
3154,2,4909,2521,2388,0,0,0,1.0,1,1.0,1,1.0,1,0.24273914308220282,48
3155,4,4913,2522,2391,0,0,0,1.0,1,1.0,1,1.0,1,0.2005548815552131,48
3156,1,4914,2522,2392,0,0,0,1.0,1,1.0,1,1.0,1,0.18117999166356533,48
3157,2,4916,2522,2394,0,0,0,1.0,1,1.0,1,1.0,1,0.18973156759291215,48
3158,0,4916,2522,2394,0,0,0,1.0,1,1.0,1,1.0,1,0.18973156759291215,48
3159,3,4919,2522,2397,0,0,0,1.0,1,1.0,1,1.0,1,0.14072030713717176,49
3160,1,4920,2522,2398,0,0,0,1.0,1,1.0,1,1.0,1,0.1617724848148527,51
3161,0,4920,2522,2398,0,0,0,1.0,1,1.0,1,1.0,1,0.14660958042438046,52
3162,1,4921,2523,2398,0,0,0,1.0,1,1.0,1,1.0,1,0.1560254654811121,51
3163,1,4922,2523,2399,0,0,0,1.0,1,1.0,1,1.0,1,0.14832869924556383,51
3164,2,4924,2524,2400,0,0,0,1.0,1,1.0,1,1.0,1,0.175906553222491,52
3165,2,4926,2525,2401,0,0,0,1.0,1,1.0,1,1.0,1,0.16850894357005455,50
3166,3,4929,2526,2403,0,0,0,1.0,1,1.0,1,1.0,1,0.14732667518736509,50
3167,3,4932,2528,2404,0,0,0,1.0,1,1.0,1,1.0,1,0.11459591482885896,49
3168,1,4933,2529,2404,0,0,0,1.0,1,1.0,1,1.0,1,0.13722970755371142,47
3169,1,4934,2530,2404,0,0,0,1.0,1,1.0,1,1.0,1,0.17589063734104157,48
3170,0,4934,2530,2404,0,0,0,1.0,1,1.0,1,1.0,1,0.1967776099312273,47
3171,2,4936,2530,2406,0,0,0,1.0,1,1.0,1,1.0,1,0.1766193013376198,47
3172,1,4937,2531,2406,0,0,0,1.0,1,1.0,1,1.0,1,0.22166585124497196,46
3173,1,4938,2531,2407,0,0,0,1.0,1,1.0,1,1.0,1,0.19208386503378266,45
3174,2,4940,2533,2407,0,0,0,1.0,1,1.0,1,1.0,1,0.2812840724876289,43
3175,4,4944,2535,2409,0,0,0,1.0,1,1.0,1,1.0,1,0.2402499105019641,43
3176,3,4947,2535,2412,0,0,0,1.0,1,1.0,1,1.0,1,0.18449545375439433,44
3177,1,4948,2536,2412,0,0,0,1.0,1,1.0,1,1.0,1,0.19339873251916748,44
3178,3,4951,2537,2414,0,0,0,1.0,1,1.0,1,1.0,1,0.15303648156194555,47
3179,2,4953,2538,2415,0,0,0,1.0,1,1.0,1,1.0,1,0.15149968703816283,48
3180,1,4954,2539,2415,0,0,0,1.0,1,1.0,1,1.0,1,0.14636704060541414,48
3181,1,4955,2539,2416,0,0,0,1.0,1,1.0,1,1.0,1,0.12592412001402312,48
3182,1,4956,2540,2416,0,0,0,1.0,1,1.0,1,1.0,1,0.15624925205020884,51
3183,2,4958,2541,2417,0,0,0,1.0,1,1.0,1,1.0,1,0.1436479147679412,50
3184,0,4958,2541,2417,0,0,0,1.0,1,1.0,1,1.0,1,0.148183318667944,50
3185,0,4958,2541,2417,0,0,0,1.0,1,1.0,1,1.0,1,0.16129563985711254,48
3186,4,4962,2543,2419,0,0,0,1.0,1,1.0,1,1.0,1,0.13572347923260636,48
3187,0,4962,2543,2419,0,0,0,1.0,1,1.0,1,1.0,1,0.15583994438758153,48
3188,2,4964,2544,2420,0,0,0,1.0,1,1.0,1,1.0,1,0.16537905525746815,48
3189,0,4964,2544,2420,0,0,0,1.0,1,1.0,1,1.0,1,0.1766325032787917,49
3190,2,4966,2544,2422,0,0,0,1.0,1,1.0,1,1.0,1,0.18323252103968446,51
3191,1,4967,2544,2423,0,0,0,1.0,1,1.0,1,1.0,1,0.16578989314299067,52
3192,2,4969,2546,2423,0,0,0,1.0,1,1.0,1,1.0,1,0.1646684178182888,52
3193,0,4969,2546,2423,0,0,0,1.0,1,1.0,1,1.0,1,0.1646684178182888,52
3194,1,4970,2547,2423,0,0,0,1.0,1,1.0,1,1.0,1,0.19488784262277978,54
3195,0,4970,2547,2423,0,0,0,1.0,1,1.0,1,1.0,1,0.19488784262277978,54
3196,1,4971,2548,2423,0,0,0,1.0,1,1.0,1,1.0,1,0.232465334611803,54
3197,4,4975,2549,2426,0,0,0,1.0,1,1.0,1,1.0,1,0.1877015882390389,54
3198,2,4977,2550,2427,0,0,0,1.0,1,1.0,1,1.0,1,0.18545547693727205,54
3199,4,4981,2550,2431,0,0,0,1.0,1,1.0,1,1.0,1,0.1454295231298516,56
3200,5,4986,2552,2434,0,0,0,1.0,1,1.0,1,1.0,1,0.16248116213435337,56
3201,1,4987,2552,2435,0,0,0,1.0,1,1.0,1,1.0,1,0.1421191986718216,56
3202,0,4987,2552,2435,0,0,0,1.0,1,1.0,1,1.0,1,0.15055660818824937,57
3203,0,4987,2552,2435,0,0,0,1.0,1,1.0,1,1.0,1,0.14640280413017973,56
3204,1,4988,2553,2435,0,0,0,1.0,1,1.0,1,1.0,1,0.18294525843279447,55
3205,0,4988,2553,2435,0,0,0,1.0,1,1.0,1,1.0,1,0.1894540849941156,54
3206,4,4992,2556,2436,0,0,0,1.0,1,1.0,1,1.0,1,0.22391187848840038,56
3207,2,4994,2557,2437,0,0,0,1.0,1,1.0,1,1.0,1,0.23590684989765062,54
3208,1,4995,2557,2438,0,0,0,1.0,1,1.0,1,1.0,1,0.22480597422159748,53
3209,0,4995,2557,2438,0,0,0,1.0,1,1.0,1,1.0,1,0.22073562752468073,54
3210,0,4995,2557,2438,0,0,0,1.0,1,1.0,1,1.0,1,0.24497247365715757,53
3211,1,4996,2558,2438,0,0,0,1.0,1,1.0,1,1.0,1,0.25052905785958357,53
3212,1,4997,2558,2439,0,0,0,1.0,1,1.0,1,1.0,1,0.2540671712320043,54
3213,0,4997,2558,2439,0,0,0,1.0,1,1.0,1,1.0,1,0.2618608424437865,54
3214,1,4998,2558,2440,0,0,0,1.0,1,1.0,1,1.0,1,0.2820269118055211,55
3215,0,4998,2558,2440,0,0,0,1.0,1,1.0,1,1.0,1,0.2820269118055211,55
3216,1,4999,2559,2440,0,0,0,1.0,1,1.0,1,1.0,1,0.2823920283616762,55
3217,3,5002,2562,2440,0,0,0,1.0,1,1.0,1,1.0,1,0.3186385720404592,54
3218,0,5002,2562,2440,0,0,0,1.0,1,1.0,1,1.0,1,0.3186385720404592,54
3219,2,5004,2563,2441,0,0,0,1.0,1,1.0,1,1.0,1,0.28205285123898993,55
3220,0,5004,2563,2441,0,0,0,1.0,1,1.0,1,1.0,1,0.2624013871789741,56
3221,0,5004,2563,2441,0,0,0,1.0,1,1.0,1,1.0,1,0.27693277596521215,57
3222,1,5005,2564,2441,0,0,0,1.0,1,1.0,1,1.0,1,0.2880614571375687,57
3223,4,5009,2567,2442,0,0,0,1.0,1,1.0,1,1.0,1,0.32993999010039243,56
3224,8,5017,2573,2444,0,0,0,1.0,1,1.0,1,1.0,1,0.3128527823050962,58
3225,1,5018,2573,2445,0,0,0,1.0,1,1.0,1,1.0,1,0.2958705146000947,55
3226,1,5019,2574,2445,0,0,0,1.0,1,1.0,1,1.0,1,0.32333417042400303,54
3227,2,5021,2574,2447,0,0,0,1.0,1,1.0,1,1.0,1,0.272257048877141,53
3228,4,5025,2576,2449,0,0,0,1.0,1,1.0,1,1.0,1,0.27395116010717047,52
3229,8,5033,2579,2454,0,0,0,1.0,1,1.0,1,1.0,1,0.2904936157313178,52
3230,1,5034,2580,2454,0,0,0,1.0,1,1.0,1,1.0,1,0.2694524431734822,50
3231,3,5037,2582,2455,0,0,0,1.0,1,1.0,1,1.0,1,0.26442204635928135,50
3232,1,5038,2583,2455,0,0,0,1.0,1,1.0,1,1.0,1,0.2599912989418332,50
3233,3,5041,2584,2457,0,0,0,1.0,1,1.0,1,1.0,1,0.25224285300082006,50
3234,2,5043,2585,2458,0,0,0,1.0,1,1.0,1,1.0,1,0.24804895169272465,49
3235,1,5044,2586,2458,0,0,0,1.0,1,1.0,1,1.0,1,0.2831374159976659,49
3236,2,5046,2586,2460,0,0,0,1.0,1,1.0,1,1.0,1,0.26182141450503926,51
3237,3,5049,2588,2461,0,0,0,1.0,1,1.0,1,1.0,1,0.3013812152608136,53
3238,2,5051,2589,2462,0,0,0,1.0,1,1.0,1,1.0,1,0.2819527903420718,53
3239,0,5051,2589,2462,0,0,0,1.0,1,1.0,1,1.0,1,0.2819527903420718,53
3240,0,5051,2589,2462,0,0,0,1.0,1,1.0,1,1.0,1,0.2839560360176655,53
3241,2,5053,2589,2464,0,0,0,1.0,1,1.0,1,1.0,1,0.27234631854985325,53
3242,1,5054,2589,2465,0,0,0,1.0,1,1.0,1,1.0,1,0.26565183593447417,53
3243,0,5054,2589,2465,0,0,0,1.0,1,1.0,1,1.0,1,0.2672353577413448,56
3244,0,5054,2589,2465,0,0,0,1.0,1,1.0,1,1.0,1,0.2770524053569522,57
3245,0,5054,2589,2465,0,0,0,1.0,1,1.0,1,1.0,1,0.2808651409216042,59
3246,0,5054,2589,2465,0,0,0,1.0,1,1.0,1,1.0,1,0.2808651409216042,59
3247,3,5057,2590,2467,0,0,0,1.0,1,1.0,1,1.0,1,0.2847344665431081,59
3248,1,5058,2591,2467,0,0,0,1.0,1,1.0,1,1.0,1,0.2771641483703963,59
3249,2,5060,2591,2469,0,0,0,1.0,1,1.0,1,1.0,1,0.28146317437083085,58
3250,1,5061,2592,2469,0,0,0,1.0,1,1.0,1,1.0,1,0.27540243579950313,58
3251,2,5063,2592,2471,0,0,0,1.0,1,1.0,1,1.0,1,0.2679812437471739,57
3252,1,5064,2593,2471,0,0,0,1.0,1,1.0,1,1.0,1,0.275891143909164,57
3253,1,5065,2593,2472,0,0,0,1.0,1,1.0,1,1.0,1,0.26980104449554576,56
3254,0,5065,2593,2472,0,0,0,1.0,1,1.0,1,1.0,1,0.26964452202641326,57
3255,1,5066,2593,2473,0,0,0,1.0,1,1.0,1,1.0,1,0.2726589301247075,57
3256,0,5066,2593,2473,0,0,0,1.0,1,1.0,1,1.0,1,0.2726589301247075,57
3257,2,5068,2593,2475,0,0,0,1.0,1,1.0,1,1.0,1,0.2509856558444648,57
3258,2,5070,2593,2477,0,0,0,1.0,1,1.0,1,1.0,1,0.24538050931859082,58
3259,3,5073,2593,2480,0,0,0,1.0,1,1.0,1,1.0,1,0.22760340411763816,59
3260,1,5074,2594,2480,0,0,0,1.0,1,1.0,1,1.0,1,0.2505967469669828,60
3261,7,5081,2598,2483,0,0,0,1.0,1,1.0,1,1.0,1,0.21980786341270983,60
3262,3,5084,2599,2485,0,0,0,1.0,1,1.0,1,1.0,1,0.1835188710461682,61
3263,3,5087,2602,2485,0,0,0,1.0,1,1.0,1,1.0,1,0.20517944624276077,62
3264,3,5090,2604,2486,0,0,0,1.0,1,1.0,1,1.0,1,0.22466145781457755,60
3265,6,5096,2607,2489,0,0,0,1.0,1,1.0,1,1.0,1,0.18474176760569447,58
3266,10,5106,2612,2494,0,0,0,1.0,1,1.0,1,1.0,1,0.1731805466985933,59
3267,2,5108,2614,2494,0,0,0,1.0,1,1.0,1,1.0,1,0.18645607318087074,60
3268,4,5112,2617,2495,0,0,0,1.0,1,1.0,1,1.0,1,0.1954051905399011,58
3269,1,5113,2617,2496,0,0,0,1.0,1,1.0,1,1.0,1,0.17868577770953006,57
3270,2,5115,2619,2496,0,0,0,1.0,1,1.0,1,1.0,1,0.18517462041790408,56
3271,0,5115,2619,2496,0,0,0,1.0,1,1.0,1,1.0,1,0.17278094732500499,55
3272,0,5115,2619,2496,0,0,0,1.0,1,1.0,1,1.0,1,0.17191034759450954,55
3273,4,5119,2621,2498,0,0,0,1.0,1,1.0,1,1.0,1,0.20319362448835118,55
3274,2,5121,2622,2499,0,0,0,1.0,1,1.0,1,1.0,1,0.18790217620833832,55
3275,2,5123,2622,2501,0,0,0,1.0,1,1.0,1,1.0,1,0.14363039772900216,55
3276,2,5125,2623,2502,0,0,0,1.0,1,1.0,1,1.0,1,0.13441092153959386,55
3277,3,5128,2624,2504,0,0,0,1.0,1,1.0,1,1.0,1,0.10241086663013965,57
3278,0,5128,2624,2504,0,0,0,1.0,1,1.0,1,1.0,1,0.10581110746052075,56
3279,0,5128,2624,2504,0,0,0,1.0,1,1.0,1,1.0,1,0.11073617408253401,54
3280,1,5129,2625,2504,0,0,0,1.0,1,1.0,1,1.0,1,0.14876503761112317,53
3281,3,5132,2627,2505,0,0,0,1.0,1,1.0,1,1.0,1,0.1942648574067709,52
3282,0,5132,2627,2505,0,0,0,1.0,1,1.0,1,1.0,1,0.19620148022428482,50
3283,1,5133,2628,2505,0,0,0,1.0,1,1.0,1,1.0,1,0.19921230626342842,50
3284,2,5135,2630,2505,0,0,0,1.0,1,1.0,1,1.0,1,0.26842503508885873,47
3285,2,5137,2631,2506,0,0,0,1.0,1,1.0,1,1.0,1,0.25944070780041617,48
3286,3,5140,2632,2508,0,0,0,1.0,1,1.0,1,1.0,1,0.17961121458689616,46
3287,3,5143,2635,2508,0,0,0,1.0,1,1.0,1,1.0,1,0.26364202774553697,46
3288,3,5146,2637,2509,0,0,0,1.0,1,1.0,1,1.0,1,0.21316071792559457,46
3289,7,5153,2640,2513,0,0,0,1.0,1,1.0,1,1.0,1,0.19032093657386978,48
3290,1,5154,2640,2514,0,0,0,1.0,1,1.0,1,1.0,1,0.14712765443989537,48
3291,3,5157,2642,2515,0,0,0,1.0,1,1.0,1,1.0,1,0.17234273870058614,50
3292,3,5160,2645,2515,0,0,0,1.0,1,1.0,1,1.0,1,0.20127972313892953,50
3293,2,5162,2645,2517,0,0,0,1.0,1,1.0,1,1.0,1,0.18098626675901,51
3294,1,5163,2646,2517,0,0,0,1.0,1,1.0,1,1.0,1,0.17212988260961964,50
3295,1,5164,2647,2517,0,0,0,1.0,1,1.0,1,1.0,1,0.18357103851477288,50
3296,0,5164,2647,2517,0,0,0,1.0,1,1.0,1,1.0,1,0.18357103851477288,50
3297,1,5165,2648,2517,0,0,0,1.0,1,1.0,1,1.0,1,0.174624254565032,51
3298,2,5167,2650,2517,0,0,0,1.0,1,1.0,1,1.0,1,0.18837768331442506,52
3299,3,5170,2651,2519,0,0,0,1.0,1,1.0,1,1.0,1,0.17600889163397734,53
3300,0,5170,2651,2519,0,0,0,1.0,1,1.0,1,1.0,1,0.17600889163397734,53
3301,1,5171,2652,2519,0,0,0,1.0,1,1.0,1,1.0,1,0.20268769540498455,53
3302,3,5174,2654,2520,0,0,0,1.0,1,1.0,1,1.0,1,0.16558991817857877,53
3303,0,5174,2654,2520,0,0,0,1.0,1,1.0,1,1.0,1,0.15339472041793378,52
3304,6,5180,2658,2522,0,0,0,1.0,1,1.0,1,1.0,1,0.17615981942317158,52
3305,0,5180,2658,2522,0,0,0,1.0,1,1.0,1,1.0,1,0.17209146623803404,51
3306,4,5184,2660,2524,0,0,0,1.0,1,1.0,1,1.0,1,0.18670348357730332,51
3307,0,5184,2660,2524,0,0,0,1.0,1,1.0,1,1.0,1,0.17084568695818647,48
3308,2,5186,2662,2524,0,0,0,1.0,1,1.0,1,1.0,1,0.21524516920393383,48
3309,2,5188,2662,2526,0,0,0,1.0,1,1.0,1,1.0,1,0.14560908600062125,48
3310,0,5188,2662,2526,0,0,0,1.0,1,1.0,1,1.0,1,0.18232635634480618,47
3311,3,5191,2664,2527,0,0,0,1.0,1,1.0,1,1.0,1,0.20796045829723278,49
3312,1,5192,2665,2527,0,0,0,1.0,1,1.0,1,1.0,1,0.20932855498394282,48
3313,5,5197,2669,2528,0,0,0,1.0,1,1.0,1,1.0,1,0.2529862252206691,49
3314,1,5198,2670,2528,0,0,0,1.0,1,1.0,1,1.0,1,0.29028848951176484,47
3315,5,5203,2671,2532,0,0,0,1.0,1,1.0,1,1.0,1,0.23881460227713322,47
3316,1,5204,2671,2533,0,0,0,1.0,1,1.0,1,1.0,1,0.2310905259657011,47
3317,0,5204,2671,2533,0,0,0,1.0,1,1.0,1,1.0,1,0.19931225051917842,46
3318,4,5208,2673,2535,0,0,0,1.0,1,1.0,1,1.0,1,0.1668943983931745,45
3319,1,5209,2674,2535,0,0,0,1.0,1,1.0,1,1.0,1,0.17257908898268637,44
3320,1,5210,2675,2535,0,0,0,1.0,1,1.0,1,1.0,1,0.19741006756131876,43
3321,4,5214,2678,2536,0,0,0,1.0,1,1.0,1,1.0,1,0.2086729790410021,43
3322,2,5216,2679,2537,0,0,0,1.0,1,1.0,1,1.0,1,0.19614838188727174,40
3323,0,5216,2679,2537,0,0,0,1.0,1,1.0,1,1.0,1,0.18929185478557603,40
3324,1,5217,2680,2537,0,0,0,1.0,1,1.0,1,1.0,1,0.1864189592135313,40
3325,5,5222,2683,2539,0,0,0,1.0,1,1.0,1,1.0,1,0.19872618753716342,40
3326,0,5222,2683,2539,0,0,0,1.0,1,1.0,1,1.0,1,0.1687325612884908,41
3327,0,5222,2683,2539,0,0,0,1.0,1,1.0,1,1.0,1,0.1991438801672612,39
3328,4,5226,2686,2540,0,0,0,1.0,1,1.0,1,1.0,1,0.25982588503960324,41
3329,2,5228,2687,2541,0,0,0,1.0,1,1.0,1,1.0,1,0.21918820090281177,39
3330,3,5231,2689,2542,0,0,0,1.0,1,1.0,1,1.0,1,0.24292340967524192,40
3331,0,5231,2689,2542,0,0,0,1.0,1,1.0,1,1.0,1,0.22390549374306934,38
3332,0,5231,2689,2542,0,0,0,1.0,1,1.0,1,1.0,1,0.2674960395208336,38
3333,0,5231,2689,2542,0,0,0,1.0,1,1.0,1,1.0,1,0.2674960395208336,38
3334,2,5233,2689,2544,0,0,0,1.0,1,1.0,1,1.0,1,0.2574481399179277,40
3335,1,5234,2689,2545,0,0,0,1.0,1,1.0,1,1.0,1,0.24190366604140345,40
3336,0,5234,2689,2545,0,0,0,1.0,1,1.0,1,1.0,1,0.24617884031105441,39
3337,1,5235,2689,2546,0,0,0,1.0,1,1.0,1,1.0,1,0.2134161626182306,40
3338,2,5237,2691,2546,0,0,0,1.0,1,1.0,1,1.0,1,0.24969122944694186,41
3339,2,5239,2692,2547,0,0,0,1.0,1,1.0,1,1.0,1,0.2644895691588677,42
3340,2,5241,2694,2547,0,0,0,1.0,1,1.0,1,1.0,1,0.2822610731767077,43
3341,2,5243,2694,2549,0,0,0,1.0,1,1.0,1,1.0,1,0.22448983555838078,43
3342,2,5245,2695,2550,0,0,0,1.0,1,1.0,1,1.0,1,0.24504327577631208,44
3343,3,5248,2697,2551,0,0,0,1.0,1,1.0,1,1.0,1,0.24754537306914445,44
3344,1,5249,2698,2551,0,0,0,1.0,1,1.0,1,1.0,1,0.2924182461786845,44
3345,0,5249,2698,2551,0,0,0,1.0,1,1.0,1,1.0,1,0.30418643550125757,43
3346,0,5249,2698,2551,0,0,0,1.0,1,1.0,1,1.0,1,0.32783284279541025,42
3347,1,5250,2698,2552,0,0,0,1.0,1,1.0,1,1.0,1,0.29629518846532243,44
3348,1,5251,2698,2553,0,0,0,1.0,1,1.0,1,1.0,1,0.29981262056426106,45
3349,2,5253,2699,2554,0,0,0,1.0,1,1.0,1,1.0,1,0.270777664276321,45
3350,0,5253,2699,2554,0,0,0,1.0,1,1.0,1,1.0,1,0.25149066357329375,46
3351,2,5255,2700,2555,0,0,0,1.0,1,1.0,1,1.0,1,0.2490378379664973,47
3352,3,5258,2701,2557,0,0,0,1.0,1,1.0,1,1.0,1,0.2272295720302696,47
3353,2,5260,2701,2559,0,0,0,1.0,1,1.0,1,1.0,1,0.2173648105360946,48
3354,1,5261,2702,2559,0,0,0,1.0,1,1.0,1,1.0,1,0.2231807826532548,48
3355,1,5262,2702,2560,0,0,0,1.0,1,1.0,1,1.0,1,0.22797446983739075,48
3356,1,5263,2703,2560,0,0,0,1.0,1,1.0,1,1.0,1,0.21343799232584584,48
3357,1,5264,2704,2560,0,0,0,1.0,1,1.0,1,1.0,1,0.20714656940674192,47
3358,0,5264,2704,2560,0,0,0,1.0,1,1.0,1,1.0,1,0.2563272653976573,46
3359,2,5266,2706,2560,0,0,0,1.0,1,1.0,1,1.0,1,0.29099927733274966,45
3360,3,5269,2708,2561,0,0,0,1.0,1,1.0,1,1.0,1,0.30539281093461057,44
3361,0,5269,2708,2561,0,0,0,1.0,1,1.0,1,1.0,1,0.2959935442237338,43
3362,2,5271,2709,2562,0,0,0,1.0,1,1.0,1,1.0,1,0.3277672890830056,42
3363,2,5273,2710,2563,0,0,0,1.0,1,1.0,1,1.0,1,0.34525546639827137,41
3364,0,5273,2710,2563,0,0,0,1.0,1,1.0,1,1.0,1,0.38735013492948456,41
3365,3,5276,2711,2565,0,0,0,1.0,1,1.0,1,1.0,1,0.36672801965707746,41
3366,1,5277,2711,2566,0,0,0,1.0,1,1.0,1,1.0,1,0.3314232220906685,40
3367,1,5278,2712,2566,0,0,0,1.0,1,1.0,1,1.0,1,0.3334237796438673,39
3368,1,5279,2712,2567,0,0,0,1.0,1,1.0,1,1.0,1,0.30974005237683294,39
3369,3,5282,2712,2570,0,0,0,1.0,1,1.0,1,1.0,1,0.25276868233020405,40
3370,2,5284,2714,2570,0,0,0,1.0,1,1.0,1,1.0,1,0.2418940362681945,41
3371,1,5285,2715,2570,0,0,0,1.0,1,1.0,1,1.0,1,0.25627735486398334,41
3372,4,5289,2717,2572,0,0,0,1.0,1,1.0,1,1.0,1,0.23364675847373806,40
3373,2,5291,2717,2574,0,0,0,1.0,1,1.0,1,1.0,1,0.22277420786188612,41
3374,2,5293,2718,2575,0,0,0,1.0,1,1.0,1,1.0,1,0.18022071211066637,42
3375,2,5295,2718,2577,0,0,0,1.0,1,1.0,1,1.0,1,0.17272298533992847,44
3376,1,5296,2718,2578,0,0,0,1.0,1,1.0,1,1.0,1,0.15681985057257378,46
3377,1,5297,2718,2579,0,0,0,1.0,1,1.0,1,1.0,1,0.14033626729308804,47
3378,1,5298,2719,2579,0,0,0,1.0,1,1.0,1,1.0,1,0.15726833944122456,48
3379,0,5298,2719,2579,0,0,0,1.0,1,1.0,1,1.0,1,0.15726833944122456,48
3380,1,5299,2720,2579,0,0,0,1.0,1,1.0,1,1.0,1,0.15680310522388186,48
3381,0,5299,2720,2579,0,0,0,1.0,1,1.0,1,1.0,1,0.15680310522388186,48
3382,3,5302,2723,2579,0,0,0,1.0,1,1.0,1,1.0,1,0.22770876982623442,49
3383,1,5303,2723,2580,0,0,0,1.0,1,1.0,1,1.0,1,0.18930494512594384,47
3384,1,5304,2724,2580,0,0,0,1.0,1,1.0,1,1.0,1,0.2348616405008957,48
3385,0,5304,2724,2580,0,0,0,1.0,1,1.0,1,1.0,1,0.20998688363012466,47
3386,2,5306,2725,2581,0,0,0,1.0,1,1.0,1,1.0,1,0.24946425188410037,49
3387,2,5308,2725,2583,0,0,0,1.0,1,1.0,1,1.0,1,0.2234397087385148,48
3388,1,5309,2726,2583,0,0,0,1.0,1,1.0,1,1.0,1,0.24770209307838179,48
3389,2,5311,2726,2585,0,0,0,1.0,1,1.0,1,1.0,1,0.233263781991816,50
3390,0,5311,2726,2585,0,0,0,1.0,1,1.0,1,1.0,1,0.2213626491800481,51
3391,0,5311,2726,2585,0,0,0,1.0,1,1.0,1,1.0,1,0.2213626491800481,51
3392,2,5313,2726,2587,0,0,0,1.0,1,1.0,1,1.0,1,0.23189848237405755,52
3393,2,5315,2727,2588,0,0,0,1.0,1,1.0,1,1.0,1,0.2488662498920879,52
3394,1,5316,2727,2589,0,0,0,1.0,1,1.0,1,1.0,1,0.2297649268740106,52
3395,1,5317,2727,2590,0,0,0,1.0,1,1.0,1,1.0,1,0.22686957071385344,50
3396,2,5319,2728,2591,0,0,0,1.0,1,1.0,1,1.0,1,0.18906850724002283,49
3397,2,5321,2729,2592,0,0,0,1.0,1,1.0,1,1.0,1,0.2141621028338147,49
3398,1,5322,2729,2593,0,0,0,1.0,1,1.0,1,1.0,1,0.18461070562495172,48
3399,2,5324,2730,2594,0,0,0,1.0,1,1.0,1,1.0,1,0.1786204508668439,49
3400,1,5325,2731,2594,0,0,0,1.0,1,1.0,1,1.0,1,0.17886719929598846,50
3401,1,5326,2731,2595,0,0,0,1.0,1,1.0,1,1.0,1,0.18083284725203427,51
3402,1,5327,2732,2595,0,0,0,1.0,1,1.0,1,1.0,1,0.20539914934319728,51
3403,3,5330,2734,2596,0,0,0,1.0,1,1.0,1,1.0,1,0.19171919798570897,51
3404,2,5332,2735,2597,0,0,0,1.0,1,1.0,1,1.0,1,0.18158868342397058,51
3405,2,5334,2736,2598,0,0,0,1.0,1,1.0,1,1.0,1,0.19806782045630117,51
3406,1,5335,2736,2599,0,0,0,1.0,1,1.0,1,1.0,1,0.19657236383304244,51
3407,0,5335,2736,2599,0,0,0,1.0,1,1.0,1,1.0,1,0.20567928924280013,52
3408,1,5336,2736,2600,0,0,0,1.0,1,1.0,1,1.0,1,0.21349157746304587,53
3409,2,5338,2736,2602,0,0,0,1.0,1,1.0,1,1.0,1,0.18582226151793596,54
3410,3,5341,2738,2603,0,0,0,1.0,1,1.0,1,1.0,1,0.17362267821094843,54
3411,0,5341,2738,2603,0,0,0,1.0,1,1.0,1,1.0,1,0.16901887743028354,54
3412,2,5343,2738,2605,0,0,0,1.0,1,1.0,1,1.0,1,0.16969819021291405,55
3413,0,5343,2738,2605,0,0,0,1.0,1,1.0,1,1.0,1,0.16969819021291405,55
3414,1,5344,2738,2606,0,0,0,1.0,1,1.0,1,1.0,1,0.18043546342303302,55
3415,2,5346,2739,2607,0,0,0,1.0,1,1.0,1,1.0,1,0.17932965567862663,56
3416,1,5347,2739,2608,0,0,0,1.0,1,1.0,1,1.0,1,0.1818036942515927,55
3417,3,5350,2739,2611,0,0,0,1.0,1,1.0,1,1.0,1,0.17756913190677448,56
3418,2,5352,2741,2611,0,0,0,1.0,1,1.0,1,1.0,1,0.19366010084014926,55
3419,0,5352,2741,2611,0,0,0,1.0,1,1.0,1,1.0,1,0.20713187324003934,56
3420,1,5353,2741,2612,0,0,0,1.0,1,1.0,1,1.0,1,0.20316036959318615,55
3421,5,5358,2742,2616,0,0,0,1.0,1,1.0,1,1.0,1,0.18014298444312232,57
3422,0,5358,2742,2616,0,0,0,1.0,1,1.0,1,1.0,1,0.1779866402576823,56
3423,1,5359,2743,2616,0,0,0,1.0,1,1.0,1,1.0,1,0.17121664297452674,56
3424,1,5360,2744,2616,0,0,0,1.0,1,1.0,1,1.0,1,0.2057135932824528,56
3425,2,5362,2746,2616,0,0,0,1.0,1,1.0,1,1.0,1,0.20022954653639805,56
3426,1,5363,2746,2617,0,0,0,1.0,1,1.0,1,1.0,1,0.21353642285873933,55
3427,3,5366,2747,2619,0,0,0,1.0,1,1.0,1,1.0,1,0.2283155901291935,55
3428,3,5369,2748,2621,0,0,0,1.0,1,1.0,1,1.0,1,0.20953318621576902,55
3429,4,5373,2748,2625,0,0,0,1.0,1,1.0,1,1.0,1,0.17073877813924426,54
3430,2,5375,2748,2627,0,0,0,1.0,1,1.0,1,1.0,1,0.1673901617857719,56
3431,0,5375,2748,2627,0,0,0,1.0,1,1.0,1,1.0,1,0.14417261777042578,54
3432,5,5380,2751,2629,0,0,0,1.0,1,1.0,1,1.0,1,0.2049151105510961,56
3433,3,5383,2753,2630,0,0,0,1.0,1,1.0,1,1.0,1,0.17231948491294144,53
3434,1,5384,2754,2630,0,0,0,1.0,1,1.0,1,1.0,1,0.22035467861341548,51
3435,5,5389,2756,2633,0,0,0,1.0,1,1.0,1,1.0,1,0.18443242186774367,51
3436,2,5391,2758,2633,0,0,0,1.0,1,1.0,1,1.0,1,0.18764182926666081,51
3437,2,5393,2759,2634,0,0,0,1.0,1,1.0,1,1.0,1,0.16943391652235706,53
3438,2,5395,2760,2635,0,0,0,1.0,1,1.0,1,1.0,1,0.1716164696532422,52
3439,2,5397,2760,2637,0,0,0,1.0,1,1.0,1,1.0,1,0.14655682476894905,54
3440,1,5398,2761,2637,0,0,0,1.0,1,1.0,1,1.0,1,0.12643113916584792,52
3441,0,5398,2761,2637,0,0,0,1.0,1,1.0,1,1.0,1,0.12895550065275505,53
3442,3,5401,2763,2638,0,0,0,1.0,1,1.0,1,1.0,1,0.16365404324924968,53
3443,1,5402,2763,2639,0,0,0,1.0,1,1.0,1,1.0,1,0.1607047226806921,53
3444,0,5402,2763,2639,0,0,0,1.0,1,1.0,1,1.0,1,0.1738426870338234,52
3445,2,5404,2764,2640,0,0,0,1.0,1,1.0,1,1.0,1,0.18962729828331673,53
3446,2,5406,2765,2641,0,0,0,1.0,1,1.0,1,1.0,1,0.23015947770008324,53
3447,3,5409,2765,2644,0,0,0,1.0,1,1.0,1,1.0,1,0.17419935681498816,53
3448,1,5410,2766,2644,0,0,0,1.0,1,1.0,1,1.0,1,0.20066926949948374,52
3449,4,5414,2768,2646,0,0,0,1.0,1,1.0,1,1.0,1,0.1386249549961241,52
3450,1,5415,2769,2646,0,0,0,1.0,1,1.0,1,1.0,1,0.14503302779693597,52
3451,3,5418,2772,2646,0,0,0,1.0,1,1.0,1,1.0,1,0.16689835000514583,54
3452,1,5419,2773,2646,0,0,0,1.0,1,1.0,1,1.0,1,0.18329631527468426,54
3453,2,5421,2774,2647,0,0,0,1.0,1,1.0,1,1.0,1,0.1766431375154091,54
3454,1,5422,2774,2648,0,0,0,1.0,1,1.0,1,1.0,1,0.16351762338610512,57
3455,1,5423,2774,2649,0,0,0,1.0,1,1.0,1,1.0,1,0.14939774539864342,57
3456,0,5423,2774,2649,0,0,0,1.0,1,1.0,1,1.0,1,0.16095061788141363,58
3457,0,5423,2774,2649,0,0,0,1.0,1,1.0,1,1.0,1,0.1822902841061399,57
3458,2,5425,2774,2651,0,0,0,1.0,1,1.0,1,1.0,1,0.165267084213756,57
3459,0,5425,2774,2651,0,0,0,1.0,1,1.0,1,1.0,1,0.165267084213756,57
3460,0,5425,2774,2651,0,0,0,1.0,1,1.0,1,1.0,1,0.15539436690311656,58
3461,3,5428,2774,2654,0,0,0,1.0,1,1.0,1,1.0,1,0.1436126223210941,59
3462,1,5429,2775,2654,0,0,0,1.0,1,1.0,1,1.0,1,0.1480012298925716,59
3463,3,5432,2777,2655,0,0,0,1.0,1,1.0,1,1.0,1,0.14677238088715788,59
3464,1,5433,2778,2655,0,0,0,1.0,1,1.0,1,1.0,1,0.17126508236599253,59
3465,2,5435,2779,2656,0,0,0,1.0,1,1.0,1,1.0,1,0.1442022380308665,57
3466,3,5438,2781,2657,0,0,0,1.0,1,1.0,1,1.0,1,0.19050325839675278,57
3467,2,5440,2781,2659,0,0,0,1.0,1,1.0,1,1.0,1,0.15039991279335338,57
3468,3,5443,2783,2660,0,0,0,1.0,1,1.0,1,1.0,1,0.1977373631688602,57
3469,4,5447,2786,2661,0,0,0,1.0,1,1.0,1,1.0,1,0.20414050574594822,53
3470,4,5451,2790,2661,0,0,0,1.0,1,1.0,1,1.0,1,0.2848556207281816,50
3471,5,5456,2792,2664,0,0,0,1.0,1,1.0,1,1.0,1,0.2439347646702488,49
3472,2,5458,2793,2665,0,0,0,1.0,1,1.0,1,1.0,1,0.31482955985741196,47
3473,6,5464,2795,2669,0,0,0,1.0,1,1.0,1,1.0,1,0.2863940642843331,45
3474,2,5466,2795,2671,0,0,0,1.0,1,1.0,1,1.0,1,0.27701109614835284,42
3475,5,5471,2797,2674,0,0,0,1.0,1,1.0,1,1.0,1,0.302012749728927,43
3476,1,5472,2798,2674,0,0,0,1.0,1,1.0,1,1.0,1,0.2905486285400303,41
3477,7,5479,2803,2676,0,0,0,1.0,1,1.0,1,1.0,1,0.2319695691097818,42
3478,2,5481,2804,2677,0,0,0,1.0,1,1.0,1,1.0,1,0.2078055817441357,40
3479,2,5483,2805,2678,0,0,0,1.0,1,1.0,1,1.0,1,0.15322534278388292,40
3480,1,5484,2806,2678,0,0,0,1.0,1,1.0,1,1.0,1,0.17818278399580878,40
3481,0,5484,2806,2678,0,0,0,1.0,1,1.0,1,1.0,1,0.18842006639217182,40
3482,1,5485,2807,2678,0,0,0,1.0,1,1.0,1,1.0,1,0.2264180504128546,40
3483,1,5486,2807,2679,0,0,0,1.0,1,1.0,1,1.0,1,0.21083868549762935,39
3484,0,5486,2807,2679,0,0,0,1.0,1,1.0,1,1.0,1,0.21083868549762935,39
3485,3,5489,2808,2681,0,0,0,1.0,1,1.0,1,1.0,1,0.2184439585149451,40
3486,1,5490,2808,2682,0,0,0,1.0,1,1.0,1,1.0,1,0.19614651712199374,41
3487,2,5492,2809,2683,0,0,0,1.0,1,1.0,1,1.0,1,0.18001708648660092,41
3488,1,5493,2810,2683,0,0,0,1.0,1,1.0,1,1.0,1,0.1841157931529044,42
3489,1,5494,2810,2684,0,0,0,1.0,1,1.0,1,1.0,1,0.15283524417568758,44
3490,0,5494,2810,2684,0,0,0,1.0,1,1.0,1,1.0,1,0.15283524417568758,44
3491,0,5494,2810,2684,0,0,0,1.0,1,1.0,1,1.0,1,0.17068490395464878,45
3492,2,5496,2812,2684,0,0,0,1.0,1,1.0,1,1.0,1,0.17785680650838775,45
3493,2,5498,2813,2685,0,0,0,1.0,1,1.0,1,1.0,1,0.1667286770552256,45
3494,1,5499,2813,2686,0,0,0,1.0,1,1.0,1,1.0,1,0.14621529432528435,45
3495,0,5499,2813,2686,0,0,0,1.0,1,1.0,1,1.0,1,0.14621529432528435,45
3496,1,5500,2813,2687,0,0,0,1.0,1,1.0,1,1.0,1,0.1825504988356393,46
3497,2,5502,2814,2688,0,0,0,1.0,1,1.0,1,1.0,1,0.1987792595920259,47
3498,2,5504,2815,2689,0,0,0,1.0,1,1.0,1,1.0,1,0.22589143294765068,48
3499,2,5506,2815,2691,0,0,0,1.0,1,1.0,1,1.0,1,0.2134351819970982,47
3500,2,5508,2815,2693,0,0,0,1.0,1,1.0,1,1.0,1,0.17787368921070668,50
3501,2,5510,2816,2694,0,0,0,1.0,1,1.0,1,1.0,1,0.1882000827371167,50
3502,1,5511,2817,2694,0,0,0,1.0,1,1.0,1,1.0,1,0.22061567334453297,50
3503,3,5514,2819,2695,0,0,0,1.0,1,1.0,1,1.0,1,0.23864615261822456,50
3504,2,5516,2821,2695,0,0,0,1.0,1,1.0,1,1.0,1,0.3001618463436698,47
3505,3,5519,2822,2697,0,0,0,1.0,1,1.0,1,1.0,1,0.2941890259313262,48
3506,3,5522,2823,2699,0,0,0,1.0,1,1.0,1,1.0,1,0.30767853293109326,49
3507,0,5522,2823,2699,0,0,0,1.0,1,1.0,1,1.0,1,0.3284094263318891,46
3508,1,5523,2824,2699,0,0,0,1.0,1,1.0,1,1.0,1,0.3620800553382305,47
3509,3,5526,2825,2701,0,0,0,1.0,1,1.0,1,1.0,1,0.3102746545181133,44
3510,0,5526,2825,2701,0,0,0,1.0,1,1.0,1,1.0,1,0.32165270860533796,45
3511,2,5528,2826,2702,0,0,0,1.0,1,1.0,1,1.0,1,0.3117498573677354,44
3512,0,5528,2826,2702,0,0,0,1.0,1,1.0,1,1.0,1,0.3165769540375606,42
3513,0,5528,2826,2702,0,0,0,1.0,1,1.0,1,1.0,1,0.3165769540375606,42
3514,0,5528,2826,2702,0,0,0,1.0,1,1.0,1,1.0,1,0.35153196921911106,42
3515,4,5532,2827,2705,0,0,0,1.0,1,1.0,1,1.0,1,0.3632637845027419,42
3516,0,5532,2827,2705,0,0,0,1.0,1,1.0,1,1.0,1,0.3462115613387937,41
3517,2,5534,2827,2707,0,0,0,1.0,1,1.0,1,1.0,1,0.29028595095017534,44
3518,1,5535,2828,2707,0,0,0,1.0,1,1.0,1,1.0,1,0.3181832468678023,43
3519,5,5540,2828,2712,0,0,0,1.0,1,1.0,1,1.0,1,0.2732540643135114,44
3520,1,5541,2828,2713,0,0,0,1.0,1,1.0,1,1.0,1,0.2676410101135776,45
3521,0,5541,2828,2713,0,0,0,1.0,1,1.0,1,1.0,1,0.2676410101135776,45
3522,0,5541,2828,2713,0,0,0,1.0,1,1.0,1,1.0,1,0.26652891963734615,46
3523,0,5541,2828,2713,0,0,0,1.0,1,1.0,1,1.0,1,0.26652891963734615,46
3524,1,5542,2828,2714,0,0,0,1.0,1,1.0,1,1.0,1,0.2425949652222337,47
3525,1,5543,2828,2715,0,0,0,1.0,1,1.0,1,1.0,1,0.2837969069909605,48
3526,1,5544,2828,2716,0,0,0,1.0,1,1.0,1,1.0,1,0.2572068302420388,49
3527,3,5547,2830,2717,0,0,0,1.0,1,1.0,1,1.0,1,0.29842534433803775,49
3528,5,5552,2830,2722,0,0,0,1.0,1,1.0,1,1.0,1,0.25866612335997335,51
3529,2,5554,2830,2724,0,0,0,1.0,1,1.0,1,1.0,1,0.23409699376206217,51
3530,1,5555,2831,2724,0,0,0,1.0,1,1.0,1,1.0,1,0.23938626749485137,52
3531,1,5556,2832,2724,0,0,0,1.0,1,1.0,1,1.0,1,0.2600991511631449,52
3532,0,5556,2832,2724,0,0,0,1.0,1,1.0,1,1.0,1,0.2600991511631449,52
3533,0,5556,2832,2724,0,0,0,1.0,1,1.0,1,1.0,1,0.2600991511631449,52
3534,1,5557,2832,2725,0,0,0,1.0,1,1.0,1,1.0,1,0.2532185291523558,52
3535,0,5557,2832,2725,0,0,0,1.0,1,1.0,1,1.0,1,0.2532185291523558,52
3536,1,5558,2832,2726,0,0,0,1.0,1,1.0,1,1.0,1,0.267490144845546,54
3537,0,5558,2832,2726,0,0,0,1.0,1,1.0,1,1.0,1,0.26580156839549557,55
3538,0,5558,2832,2726,0,0,0,1.0,1,1.0,1,1.0,1,0.26580156839549557,55
3539,0,5558,2832,2726,0,0,0,1.0,1,1.0,1,1.0,1,0.2600951471856393,58
3540,1,5559,2833,2726,0,0,0,1.0,1,1.0,1,1.0,1,0.27577704204303244,59
3541,2,5561,2833,2728,0,0,0,1.0,1,1.0,1,1.0,1,0.252877379531654,59
3542,3,5564,2833,2731,0,0,0,1.0,1,1.0,1,1.0,1,0.24793740352155633,61
3543,4,5568,2835,2733,0,0,0,1.0,1,1.0,1,1.0,1,0.2473717182845006,62
3544,2,5570,2836,2734,0,0,0,1.0,1,1.0,1,1.0,1,0.22200196316976828,59
3545,3,5573,2838,2735,0,0,0,1.0,1,1.0,1,1.0,1,0.23639865384238484,59
3546,3,5576,2840,2736,0,0,0,1.0,1,1.0,1,1.0,1,0.25549464846042547,57
3547,2,5578,2842,2736,0,0,0,1.0,1,1.0,1,1.0,1,0.2628773915273041,53
3548,2,5580,2843,2737,0,0,0,1.0,1,1.0,1,1.0,1,0.2848515896603708,53
3549,2,5582,2844,2738,0,0,0,1.0,1,1.0,1,1.0,1,0.27300884078365206,52
3550,1,5583,2845,2738,0,0,0,1.0,1,1.0,1,1.0,1,0.3012516917783839,51
3551,2,5585,2846,2739,0,0,0,1.0,1,1.0,1,1.0,1,0.3041653967407797,51
3552,1,5586,2847,2739,0,0,0,1.0,1,1.0,1,1.0,1,0.3458172928229825,51
3553,5,5591,2847,2744,0,0,0,1.0,1,1.0,1,1.0,1,0.2809499440421818,49
3554,0,5591,2847,2744,0,0,0,1.0,1,1.0,1,1.0,1,0.2809499440421818,49
3555,0,5591,2847,2744,0,0,0,1.0,1,1.0,1,1.0,1,0.299371482279874,51
3556,0,5591,2847,2744,0,0,0,1.0,1,1.0,1,1.0,1,0.299371482279874,51
3557,2,5593,2848,2745,0,0,0,1.0,1,1.0,1,1.0,1,0.2824673309793675,52
3558,2,5595,2849,2746,0,0,0,1.0,1,1.0,1,1.0,1,0.2861719110187579,52
3559,6,5601,2850,2751,0,0,0,1.0,1,1.0,1,1.0,1,0.20577243334633108,52
3560,3,5604,2850,2754,0,0,0,1.0,1,1.0,1,1.0,1,0.1744018790193192,53
3561,0,5604,2850,2754,0,0,0,1.0,1,1.0,1,1.0,1,0.18723671398568084,54
3562,1,5605,2851,2754,0,0,0,1.0,1,1.0,1,1.0,1,0.19376138003958565,54
3563,2,5607,2852,2755,0,0,0,1.0,1,1.0,1,1.0,1,0.2081779862488918,55
3564,0,5607,2852,2755,0,0,0,1.0,1,1.0,1,1.0,1,0.19051293283867643,57
3565,0,5607,2852,2755,0,0,0,1.0,1,1.0,1,1.0,1,0.20162777922872366,56
3566,0,5607,2852,2755,0,0,0,1.0,1,1.0,1,1.0,1,0.21118785399711673,57
3567,0,5607,2852,2755,0,0,0,1.0,1,1.0,1,1.0,1,0.21118785399711673,57
3568,0,5607,2852,2755,0,0,0,1.0,1,1.0,1,1.0,1,0.21118785399711673,57
3569,2,5609,2852,2757,0,0,0,1.0,1,1.0,1,1.0,1,0.18595547008197758,57
3570,2,5611,2853,2758,0,0,0,1.0,1,1.0,1,1.0,1,0.20912930260146925,59
3571,3,5614,2853,2761,0,0,0,1.0,1,1.0,1,1.0,1,0.15381710531388068,60
3572,0,5614,2853,2761,0,0,0,1.0,1,1.0,1,1.0,1,0.1577837674054064,61
3573,3,5617,2854,2763,0,0,0,1.0,1,1.0,1,1.0,1,0.1403723230597367,62
3574,0,5617,2854,2763,0,0,0,1.0,1,1.0,1,1.0,1,0.14895544673910155,63
3575,3,5620,2855,2765,0,0,0,1.0,1,1.0,1,1.0,1,0.1364648171402117,63
3576,2,5622,2857,2765,0,0,0,1.0,1,1.0,1,1.0,1,0.15732317582973981,63
3577,0,5622,2857,2765,0,0,0,1.0,1,1.0,1,1.0,1,0.16582481288825934,64
3578,0,5622,2857,2765,0,0,0,1.0,1,1.0,1,1.0,1,0.17330267495473636,64
3579,1,5623,2857,2766,0,0,0,1.0,1,1.0,1,1.0,1,0.16186771216154255,64
3580,1,5624,2858,2766,0,0,0,1.0,1,1.0,1,1.0,1,0.19156556177131218,65
3581,3,5627,2859,2768,0,0,0,1.0,1,1.0,1,1.0,1,0.19456263052947464,68
3582,7,5634,2862,2772,0,0,0,1.0,1,1.0,1,1.0,1,0.1965535867583538,68
3583,3,5637,2864,2773,0,0,0,1.0,1,1.0,1,1.0,1,0.18355227625572934,65
3584,3,5640,2866,2774,0,0,0,1.0,1,1.0,1,1.0,1,0.20304893219499134,64
3585,3,5643,2868,2775,0,0,0,1.0,1,1.0,1,1.0,1,0.17598023934764545,64
3586,6,5649,2871,2778,0,0,0,1.0,1,1.0,1,1.0,1,0.1510368579025284,65
3587,0,5649,2871,2778,0,0,0,1.0,1,1.0,1,1.0,1,0.13673568336269562,64
3588,2,5651,2873,2778,0,0,0,1.0,1,1.0,1,1.0,1,0.14635657825362222,62
3589,3,5654,2876,2778,0,0,0,1.0,1,1.0,1,1.0,1,0.1583421708564811,63
3590,0,5654,2876,2778,0,0,0,1.0,1,1.0,1,1.0,1,0.15838163349667006,63
3591,1,5655,2877,2778,0,0,0,1.0,1,1.0,1,1.0,1,0.15936887126571647,62
3592,1,5656,2878,2778,0,0,0,1.0,1,1.0,1,1.0,1,0.14402022561630287,59
3593,3,5659,2881,2778,0,0,0,1.0,1,1.0,1,1.0,1,0.14258449555180433,58
3594,0,5659,2881,2778,0,0,0,1.0,1,1.0,1,1.0,1,0.18064745998502488,57
3595,3,5662,2882,2780,0,0,0,1.0,1,1.0,1,1.0,1,0.139547851944439,59
3596,1,5663,2883,2780,0,0,0,1.0,1,1.0,1,1.0,1,0.13089695109740523,57
3597,4,5667,2886,2781,0,0,0,1.0,1,1.0,1,1.0,1,0.152727146685777,57
3598,1,5668,2887,2781,0,0,0,1.0,1,1.0,1,1.0,1,0.13132163503815858,57
3599,4,5672,2890,2782,0,0,0,1.0,1,1.0,1,1.0,1,0.13936803332547792,58
3600,0,5672,2890,2782,0,0,0,1.0,1,1.0,1,1.0,1,0.1388624419345421,58
3601,1,5673,2890,2783,0,0,0,1.0,1,1.0,1,1.0,1,0.11972422601591456,58
3602,1,5674,2891,2783,0,0,0,1.0,1,1.0,1,1.0,1,0.15551026111928004,60
3603,3,5677,2892,2785,0,0,0,1.0,1,1.0,1,1.0,1,0.1461985145412615,60
3604,0,5677,2892,2785,0,0,0,1.0,1,1.0,1,1.0,1,0.1461985145412615,60
3605,2,5679,2893,2786,0,0,0,1.0,1,1.0,1,1.0,1,0.1401791822383917,61
3606,1,5680,2894,2786,0,0,0,1.0,1,1.0,1,1.0,1,0.14500765240679928,63
3607,5,5685,2895,2790,0,0,0,1.0,1,1.0,1,1.0,1,0.12213167054799072,63
3608,0,5685,2895,2790,0,0,0,1.0,1,1.0,1,1.0,1,0.13093059572149265,64
3609,2,5687,2895,2792,0,0,0,1.0,1,1.0,1,1.0,1,0.12091733659397218,66
3610,2,5689,2897,2792,0,0,0,1.0,1,1.0,1,1.0,1,0.13839142280198524,67
3611,2,5691,2899,2792,0,0,0,1.0,1,1.0,1,1.0,1,0.17448122255475088,67
3612,1,5692,2900,2792,0,0,0,1.0,1,1.0,1,1.0,1,0.2214040014804814,66
3613,8,5700,2901,2799,0,0,0,1.0,1,1.0,1,1.0,1,0.16900094818491368,66
3614,1,5701,2902,2799,0,0,0,1.0,1,1.0,1,1.0,1,0.1755936132669033,65
3615,2,5703,2902,2801,0,0,0,1.0,1,1.0,1,1.0,1,0.17582200182755606,65
3616,0,5703,2902,2801,0,0,0,1.0,1,1.0,1,1.0,1,0.17582200182755606,65
3617,4,5707,2903,2804,0,0,0,1.0,1,1.0,1,1.0,1,0.17051014856175872,66
3618,2,5709,2904,2805,0,0,0,1.0,1,1.0,1,1.0,1,0.15228241978794813,66
3619,2,5711,2904,2807,0,0,0,1.0,1,1.0,1,1.0,1,0.124898723034755,65
3620,1,5712,2904,2808,0,0,0,1.0,1,1.0,1,1.0,1,0.11888863382059683,66
3621,1,5713,2904,2809,0,0,0,1.0,1,1.0,1,1.0,1,0.12164046752513032,65
3622,1,5714,2904,2810,0,0,0,1.0,1,1.0,1,1.0,1,0.09750055217986278,65
3623,3,5717,2906,2811,0,0,0,1.0,1,1.0,1,1.0,1,0.11358479459514222,62
3624,7,5724,2911,2813,0,0,0,1.0,1,1.0,1,1.0,1,0.16325198905075852,62
3625,2,5726,2912,2814,0,0,0,1.0,1,1.0,1,1.0,1,0.16799519551680162,61
3626,1,5727,2913,2814,0,0,0,1.0,1,1.0,1,1.0,1,0.19820727847513478,58
3627,3,5730,2914,2816,0,0,0,1.0,1,1.0,1,1.0,1,0.17377281338586878,58
3628,4,5734,2915,2819,0,0,0,1.0,1,1.0,1,1.0,1,0.11944602812609084,57
3629,2,5736,2916,2820,0,0,0,1.0,1,1.0,1,1.0,1,0.13899754981926865,57
3630,0,5736,2916,2820,0,0,0,1.0,1,1.0,1,1.0,1,0.1380468654712215,56
3631,5,5741,2920,2821,0,0,0,1.0,1,1.0,1,1.0,1,0.15849290248090825,54
3632,1,5742,2920,2822,0,0,0,1.0,1,1.0,1,1.0,1,0.13398253552266892,52
3633,5,5747,2924,2823,0,0,0,1.0,1,1.0,1,1.0,1,0.2035233052370873,52
3634,2,5749,2926,2823,0,0,0,1.0,1,1.0,1,1.0,1,0.25857537072111075,49
3635,5,5754,2926,2828,0,0,0,1.0,1,1.0,1,1.0,1,0.18984885682790167,47
3636,2,5756,2927,2829,0,0,0,1.0,1,1.0,1,1.0,1,0.18918998068501544,48
3637,7,5763,2929,2834,0,0,0,1.0,1,1.0,1,1.0,1,0.13860246632544285,49
3638,1,5764,2929,2835,0,0,0,1.0,1,1.0,1,1.0,1,0.11569632586571874,50
3639,2,5766,2931,2835,0,0,0,1.0,1,1.0,1,1.0,1,0.17002603986433087,52
3640,3,5769,2932,2837,0,0,0,1.0,1,1.0,1,1.0,1,0.15042404119218597,52
3641,0,5769,2932,2837,0,0,0,1.0,1,1.0,1,1.0,1,0.15042404119218597,52
3642,0,5769,2932,2837,0,0,0,1.0,1,1.0,1,1.0,1,0.15042404119218597,52
3643,0,5769,2932,2837,0,0,0,1.0,1,1.0,1,1.0,1,0.15042404119218597,52
3644,0,5769,2932,2837,0,0,0,1.0,1,1.0,1,1.0,1,0.15042404119218597,52
3645,0,5769,2932,2837,0,0,0,1.0,1,1.0,1,1.0,1,0.1306075981681135,53
3646,0,5769,2932,2837,0,0,0,1.0,1,1.0,1,1.0,1,0.1306075981681135,53
3647,0,5769,2932,2837,0,0,0,1.0,1,1.0,1,1.0,1,0.13625696876300689,55
3648,0,5769,2932,2837,0,0,0,1.0,1,1.0,1,1.0,1,0.1506818370150279,57
3649,1,5770,2933,2837,0,0,0,1.0,1,1.0,1,1.0,1,0.15483311342717998,57
3650,4,5774,2933,2841,0,0,0,1.0,1,1.0,1,1.0,1,0.11049928107635223,59
3651,2,5776,2935,2841,0,0,0,1.0,1,1.0,1,1.0,1,0.09280947085836282,59
3652,0,5776,2935,2841,0,0,0,1.0,1,1.0,1,1.0,1,0.09280947085836282,59
3653,0,5776,2935,2841,0,0,0,1.0,1,1.0,1,1.0,1,0.09280947085836282,59
3654,0,5776,2935,2841,0,0,0,1.0,1,1.0,1,1.0,1,0.09280947085836282,59
3655,0,5776,2935,2841,0,0,0,1.0,1,1.0,1,1.0,1,0.1042459106918892,62
3656,0,5776,2935,2841,0,0,0,1.0,1,1.0,1,1.0,1,0.1042459106918892,62
3657,1,5777,2936,2841,0,0,0,1.0,1,1.0,1,1.0,1,0.13030970877706843,63
3658,2,5779,2937,2842,0,0,0,1.0,1,1.0,1,1.0,1,0.1506186391231111,63
3659,1,5780,2938,2842,0,0,0,1.0,1,1.0,1,1.0,1,0.1680866319097103,62
3660,4,5784,2941,2843,0,0,0,1.0,1,1.0,1,1.0,1,0.19407957776070375,62
3661,2,5786,2942,2844,0,0,0,1.0,1,1.0,1,1.0,1,0.1737213664621753,61
3662,4,5790,2945,2845,0,0,0,1.0,1,1.0,1,1.0,1,0.20014099964085,60
3663,6,5796,2947,2849,0,0,0,1.0,1,1.0,1,1.0,1,0.1588303303253153,61
3664,0,5796,2947,2849,0,0,0,1.0,1,1.0,1,1.0,1,0.14395213868215107,58
3665,1,5797,2948,2849,0,0,0,1.0,1,1.0,1,1.0,1,0.1413244705673751,58
3666,1,5798,2949,2849,0,0,0,1.0,1,1.0,1,1.0,1,0.12487993492952335,58
3667,3,5801,2952,2849,0,0,0,1.0,1,1.0,1,1.0,1,0.16386192846117537,58
3668,2,5803,2952,2851,0,0,0,1.0,1,1.0,1,1.0,1,0.1627562108353649,58
3669,1,5804,2953,2851,0,0,0,1.0,1,1.0,1,1.0,1,0.16853826948695524,57
3670,2,5806,2954,2852,0,0,0,1.0,1,1.0,1,1.0,1,0.15613370091903903,56
3671,1,5807,2955,2852,0,0,0,1.0,1,1.0,1,1.0,1,0.19225549857685403,57
3672,2,5809,2956,2853,0,0,0,1.0,1,1.0,1,1.0,1,0.21445790367321327,57
3673,1,5810,2957,2853,0,0,0,1.0,1,1.0,1,1.0,1,0.21092670045064368,58
3674,0,5810,2957,2853,0,0,0,1.0,1,1.0,1,1.0,1,0.22086952967231696,57
3675,0,5810,2957,2853,0,0,0,1.0,1,1.0,1,1.0,1,0.2303975175207188,58
3676,1,5811,2958,2853,0,0,0,1.0,1,1.0,1,1.0,1,0.22942618836933232,59
3677,0,5811,2958,2853,0,0,0,1.0,1,1.0,1,1.0,1,0.2205754995477789,60
3678,3,5814,2958,2856,0,0,0,1.0,1,1.0,1,1.0,1,0.2025165719582235,62
3679,0,5814,2958,2856,0,0,0,1.0,1,1.0,1,1.0,1,0.2025165719582235,62
3680,0,5814,2958,2856,0,0,0,1.0,1,1.0,1,1.0,1,0.18460999280781598,63
3681,0,5814,2958,2856,0,0,0,1.0,1,1.0,1,1.0,1,0.19458481610665987,64
3682,0,5814,2958,2856,0,0,0,1.0,1,1.0,1,1.0,1,0.19458481610665987,64
3683,0,5814,2958,2856,0,0,0,1.0,1,1.0,1,1.0,1,0.19458481610665987,64
3684,1,5815,2959,2856,0,0,0,1.0,1,1.0,1,1.0,1,0.21446171714854978,64
3685,0,5815,2959,2856,0,0,0,1.0,1,1.0,1,1.0,1,0.21446171714854978,64
3686,0,5815,2959,2856,0,0,0,1.0,1,1.0,1,1.0,1,0.20721019697351056,65
3687,0,5815,2959,2856,0,0,0,1.0,1,1.0,1,1.0,1,0.20721019697351056,65
3688,0,5815,2959,2856,0,0,0,1.0,1,1.0,1,1.0,1,0.21881919895715252,66
3689,0,5815,2959,2856,0,0,0,1.0,1,1.0,1,1.0,1,0.21881919895715252,66
3690,1,5816,2959,2857,0,0,0,1.0,1,1.0,1,1.0,1,0.22490738716776734,67
3691,3,5819,2960,2859,0,0,0,1.0,1,1.0,1,1.0,1,0.19908107464070465,68
3692,1,5820,2960,2860,0,0,0,1.0,1,1.0,1,1.0,1,0.18994793833755713,69
3693,2,5822,2960,2862,0,0,0,1.0,1,1.0,1,1.0,1,0.18154273081219355,69
3694,1,5823,2961,2862,0,0,0,1.0,1,1.0,1,1.0,1,0.1833411134822647,70
3695,1,5824,2961,2863,0,0,0,1.0,1,1.0,1,1.0,1,0.1680599731169145,70
3696,3,5827,2963,2864,0,0,0,1.0,1,1.0,1,1.0,1,0.16510298729992887,71
3697,3,5830,2966,2864,0,0,0,1.0,1,1.0,1,1.0,1,0.20156901559400425,70
3698,2,5832,2967,2865,0,0,0,1.0,1,1.0,1,1.0,1,0.20504316055596092,70
3699,4,5836,2968,2868,0,0,0,1.0,1,1.0,1,1.0,1,0.18101773798411117,70
3700,2,5838,2970,2868,0,0,0,1.0,1,1.0,1,1.0,1,0.19967802599749304,68
3701,2,5840,2970,2870,0,0,0,1.0,1,1.0,1,1.0,1,0.1870683073696411,69
3702,1,5841,2971,2870,0,0,0,1.0,1,1.0,1,1.0,1,0.18090844699552225,69
3703,1,5842,2972,2870,0,0,0,1.0,1,1.0,1,1.0,1,0.2058622793886133,70
3704,1,5843,2973,2870,0,0,0,1.0,1,1.0,1,1.0,1,0.20578542370620476,69
3705,3,5846,2973,2873,0,0,0,1.0,1,1.0,1,1.0,1,0.1751726577465116,69
3706,3,5849,2974,2875,0,0,0,1.0,1,1.0,1,1.0,1,0.17329894923786865,69
3707,0,5849,2974,2875,0,0,0,1.0,1,1.0,1,1.0,1,0.15049343308747168,67
3708,1,5850,2975,2875,0,0,0,1.0,1,1.0,1,1.0,1,0.16117091442547402,67
3709,0,5850,2975,2875,0,0,0,1.0,1,1.0,1,1.0,1,0.16117091442547402,67
3710,0,5850,2975,2875,0,0,0,1.0,1,1.0,1,1.0,1,0.15875075371105454,67
3711,1,5851,2976,2875,0,0,0,1.0,1,1.0,1,1.0,1,0.16274445956245495,68
3712,1,5852,2976,2876,0,0,0,1.0,1,1.0,1,1.0,1,0.15477622857702417,68
3713,3,5855,2978,2877,0,0,0,1.0,1,1.0,1,1.0,1,0.16807638210015352,68
3714,0,5855,2978,2877,0,0,0,1.0,1,1.0,1,1.0,1,0.17961023891218603,67
3715,2,5857,2979,2878,0,0,0,1.0,1,1.0,1,1.0,1,0.18204560206901063,68
3716,1,5858,2980,2878,0,0,0,1.0,1,1.0,1,1.0,1,0.19284811334837407,67
3717,4,5862,2981,2881,0,0,0,1.0,1,1.0,1,1.0,1,0.1959245010956313,68
3718,0,5862,2981,2881,0,0,0,1.0,1,1.0,1,1.0,1,0.20925049013536634,68
3719,2,5864,2982,2882,0,0,0,1.0,1,1.0,1,1.0,1,0.2479267107269023,68
3720,1,5865,2982,2883,0,0,0,1.0,1,1.0,1,1.0,1,0.23737959679372633,68
3721,5,5870,2985,2885,0,0,0,1.0,1,1.0,1,1.0,1,0.19652225374358154,70
3722,1,5871,2985,2886,0,0,0,1.0,1,1.0,1,1.0,1,0.2008747094129104,71
3723,4,5875,2987,2888,0,0,0,1.0,1,1.0,1,1.0,1,0.19043961410212987,71
3724,1,5876,2988,2888,0,0,0,1.0,1,1.0,1,1.0,1,0.188595995361864,72
3725,3,5879,2989,2890,0,0,0,1.0,1,1.0,1,1.0,1,0.1793504870293245,72
3726,0,5879,2989,2890,0,0,0,1.0,1,1.0,1,1.0,1,0.18152396652594488,71
3727,2,5881,2989,2892,0,0,0,1.0,1,1.0,1,1.0,1,0.1547359280511894,71
3728,0,5881,2989,2892,0,0,0,1.0,1,1.0,1,1.0,1,0.16048963514539794,70
3729,0,5881,2989,2892,0,0,0,1.0,1,1.0,1,1.0,1,0.16048963514539794,70
3730,1,5882,2990,2892,0,0,0,1.0,1,1.0,1,1.0,1,0.1935953045808141,71
3731,0,5882,2990,2892,0,0,0,1.0,1,1.0,1,1.0,1,0.1935953045808141,71
3732,0,5882,2990,2892,0,0,0,1.0,1,1.0,1,1.0,1,0.1906222710727291,72
3733,1,5883,2991,2892,0,0,0,1.0,1,1.0,1,1.0,1,0.21192155350910016,73
3734,4,5887,2993,2894,0,0,0,1.0,1,1.0,1,1.0,1,0.2467564214268568,74
3735,4,5891,2994,2897,0,0,0,1.0,1,1.0,1,1.0,1,0.2128666380560719,72
3736,0,5891,2994,2897,0,0,0,1.0,1,1.0,1,1.0,1,0.20566751217742987,72
3737,2,5893,2994,2899,0,0,0,1.0,1,1.0,1,1.0,1,0.1842898037913781,73
3738,0,5893,2994,2899,0,0,0,1.0,1,1.0,1,1.0,1,0.17558615854606702,72
3739,0,5893,2994,2899,0,0,0,1.0,1,1.0,1,1.0,1,0.1701939218220573,73
3740,0,5893,2994,2899,0,0,0,1.0,1,1.0,1,1.0,1,0.17282315837182152,70
3741,0,5893,2994,2899,0,0,0,1.0,1,1.0,1,1.0,1,0.17282315837182152,70
3742,3,5896,2996,2900,0,0,0,1.0,1,1.0,1,1.0,1,0.16966857873564123,70
3743,3,5899,2997,2902,0,0,0,1.0,1,1.0,1,1.0,1,0.1622115183804622,69
3744,3,5902,3000,2902,0,0,0,1.0,1,1.0,1,1.0,1,0.22485745549493977,69
3745,2,5904,3000,2904,0,0,0,1.0,1,1.0,1,1.0,1,0.17484654470570454,68
3746,3,5907,3001,2906,0,0,0,1.0,1,1.0,1,1.0,1,0.18451836022303442,66
3747,1,5908,3001,2907,0,0,0,1.0,1,1.0,1,1.0,1,0.1771108900289786,66
3748,0,5908,3001,2907,0,0,0,1.0,1,1.0,1,1.0,1,0.16032799577849646,65
3749,1,5909,3002,2907,0,0,0,1.0,1,1.0,1,1.0,1,0.1570539359231713,64
3750,2,5911,3004,2907,0,0,0,1.0,1,1.0,1,1.0,1,0.1834711573319486,63
3751,0,5911,3004,2907,0,0,0,1.0,1,1.0,1,1.0,1,0.1672318646418115,64
3752,4,5915,3007,2908,0,0,0,1.0,1,1.0,1,1.0,1,0.1859804804361766,64
3753,4,5919,3008,2911,0,0,0,1.0,1,1.0,1,1.0,1,0.178666700272544,65
3754,7,5926,3011,2915,0,0,0,1.0,1,1.0,1,1.0,1,0.13741800394971543,65
3755,3,5929,3013,2916,0,0,0,1.0,1,1.0,1,1.0,1,0.15540247678987965,65
3756,1,5930,3014,2916,0,0,0,1.0,1,1.0,1,1.0,1,0.17400999424834818,65
3757,4,5934,3016,2918,0,0,0,1.0,1,1.0,1,1.0,1,0.16886466657365318,65
3758,0,5934,3016,2918,0,0,0,1.0,1,1.0,1,1.0,1,0.1732845039662,64
3759,0,5934,3016,2918,0,0,0,1.0,1,1.0,1,1.0,1,0.1732845039662,64
3760,1,5935,3016,2919,0,0,0,1.0,1,1.0,1,1.0,1,0.18543968239930594,63
3761,1,5936,3016,2920,0,0,0,1.0,1,1.0,1,1.0,1,0.17598978560404138,63
3762,1,5937,3016,2921,0,0,0,1.0,1,1.0,1,1.0,1,0.16642353468305002,65
3763,1,5938,3017,2921,0,0,0,1.0,1,1.0,1,1.0,1,0.1746901771063649,65
3764,0,5938,3017,2921,0,0,0,1.0,1,1.0,1,1.0,1,0.18485370945342852,66
3765,2,5940,3017,2923,0,0,0,1.0,1,1.0,1,1.0,1,0.17103677743377182,67
3766,5,5945,3020,2925,0,0,0,1.0,1,1.0,1,1.0,1,0.16587579092345575,67
3767,2,5947,3021,2926,0,0,0,1.0,1,1.0,1,1.0,1,0.15243182020194693,68
3768,2,5949,3023,2926,0,0,0,1.0,1,1.0,1,1.0,1,0.20145454558732379,67
3769,0,5949,3023,2926,0,0,0,1.0,1,1.0,1,1.0,1,0.18303919392900286,69
3770,0,5949,3023,2926,0,0,0,1.0,1,1.0,1,1.0,1,0.18303919392900286,69
3771,1,5950,3024,2926,0,0,0,1.0,1,1.0,1,1.0,1,0.20354681092438082,69
3772,0,5950,3024,2926,0,0,0,1.0,1,1.0,1,1.0,1,0.2112799527009292,70
3773,2,5952,3024,2928,0,0,0,1.0,1,1.0,1,1.0,1,0.18098313501018132,68
3774,2,5954,3025,2929,0,0,0,1.0,1,1.0,1,1.0,1,0.17946112789790336,68
3775,1,5955,3026,2929,0,0,0,1.0,1,1.0,1,1.0,1,0.2117451572458642,68
3776,4,5959,3027,2932,0,0,0,1.0,1,1.0,1,1.0,1,0.20878220084814078,66
3777,4,5963,3028,2935,0,0,0,1.0,1,1.0,1,1.0,1,0.17013035817079256,65
3778,1,5964,3029,2935,0,0,0,1.0,1,1.0,1,1.0,1,0.14817147723661295,65
3779,1,5965,3030,2935,0,0,0,1.0,1,1.0,1,1.0,1,0.164373701484814,65
3780,2,5967,3032,2935,0,0,0,1.0,1,1.0,1,1.0,1,0.1764985568290137,64
3781,0,5967,3032,2935,0,0,0,1.0,1,1.0,1,1.0,1,0.1764985568290137,64
3782,1,5968,3033,2935,0,0,0,1.0,1,1.0,1,1.0,1,0.17719632376000485,67
3783,2,5970,3034,2936,0,0,0,1.0,1,1.0,1,1.0,1,0.17353939285547537,65
3784,0,5970,3034,2936,0,0,0,1.0,1,1.0,1,1.0,1,0.17388074498423503,65
3785,5,5975,3036,2939,0,0,0,1.0,1,1.0,1,1.0,1,0.1726851271629147,63
3786,1,5976,3037,2939,0,0,0,1.0,1,1.0,1,1.0,1,0.17517711907847613,66
3787,7,5983,3040,2943,0,0,0,1.0,1,1.0,1,1.0,1,0.18424709309908321,65
3788,2,5985,3040,2945,0,0,0,1.0,1,1.0,1,1.0,1,0.14905927650877998,65
3789,2,5987,3041,2946,0,0,0,1.0,1,1.0,1,1.0,1,0.16678358984370462,65
3790,2,5989,3041,2948,0,0,0,1.0,1,1.0,1,1.0,1,0.1509550321310025,64
3791,1,5990,3042,2948,0,0,0,1.0,1,1.0,1,1.0,1,0.17548315817048335,64
3792,3,5993,3044,2949,0,0,0,1.0,1,1.0,1,1.0,1,0.18497297052920988,65
3793,2,5995,3044,2951,0,0,0,1.0,1,1.0,1,1.0,1,0.19421723923803727,68
3794,2,5997,3045,2952,0,0,0,1.0,1,1.0,1,1.0,1,0.21031036111687393,68
3795,3,6000,3046,2954,0,0,0,1.0,1,1.0,1,1.0,1,0.21232773588283077,69
3796,3,6003,3047,2956,0,0,0,1.0,1,1.0,1,1.0,1,0.19353483360763576,69
3797,2,6005,3047,2958,0,0,0,1.0,1,1.0,1,1.0,1,0.1943177515218589,70
3798,0,6005,3047,2958,0,0,0,1.0,1,1.0,1,1.0,1,0.1943177515218589,70
3799,0,6005,3047,2958,0,0,0,1.0,1,1.0,1,1.0,1,0.20664169897311632,69
3800,2,6007,3047,2960,0,0,0,1.0,1,1.0,1,1.0,1,0.17767783307606175,69
3801,1,6008,3047,2961,0,0,0,1.0,1,1.0,1,1.0,1,0.17526555089105592,67
3802,0,6008,3047,2961,0,0,0,1.0,1,1.0,1,1.0,1,0.17526555089105592,67
3803,2,6010,3049,2961,0,0,0,1.0,1,1.0,1,1.0,1,0.1802081517018194,69
3804,2,6012,3050,2962,0,0,0,1.0,1,1.0,1,1.0,1,0.18305214334716588,70
3805,5,6017,3051,2966,0,0,0,1.0,1,1.0,1,1.0,1,0.1529693438064618,71
3806,2,6019,3052,2967,0,0,0,1.0,1,1.0,1,1.0,1,0.1463143791028623,71
3807,2,6021,3053,2968,0,0,0,1.0,1,1.0,1,1.0,1,0.15966093443192797,72
3808,1,6022,3053,2969,0,0,0,1.0,1,1.0,1,1.0,1,0.15669189046823317,72
3809,0,6022,3053,2969,0,0,0,1.0,1,1.0,1,1.0,1,0.15669189046823317,72
3810,0,6022,3053,2969,0,0,0,1.0,1,1.0,1,1.0,1,0.15669189046823317,72
3811,0,6022,3053,2969,0,0,0,1.0,1,1.0,1,1.0,1,0.13403761237424233,71
3812,0,6022,3053,2969,0,0,0,1.0,1,1.0,1,1.0,1,0.1422292599702495,72
3813,1,6023,3054,2969,0,0,0,1.0,1,1.0,1,1.0,1,0.1851149798431245,71
3814,2,6025,3055,2970,0,0,0,1.0,1,1.0,1,1.0,1,0.18350829580088232,72
3815,0,6025,3055,2970,0,0,0,1.0,1,1.0,1,1.0,1,0.17893178003505072,71
3816,0,6025,3055,2970,0,0,0,1.0,1,1.0,1,1.0,1,0.1943203317373458,69
3817,2,6027,3056,2971,0,0,0,1.0,1,1.0,1,1.0,1,0.20890395098211806,72
3818,1,6028,3057,2971,0,0,0,1.0,1,1.0,1,1.0,1,0.20828421000315836,72
3819,1,6029,3058,2971,0,0,0,1.0,1,1.0,1,1.0,1,0.21970015765712556,72
3820,1,6030,3059,2971,0,0,0,1.0,1,1.0,1,1.0,1,0.24677435551183366,72
3821,3,6033,3060,2973,0,0,0,1.0,1,1.0,1,1.0,1,0.25304087137893055,72
3822,3,6036,3061,2975,0,0,0,1.0,1,1.0,1,1.0,1,0.23823754383391219,69
3823,5,6041,3063,2978,0,0,0,1.0,1,1.0,1,1.0,1,0.21769865358137822,69
3824,1,6042,3064,2978,0,0,0,1.0,1,1.0,1,1.0,1,0.2366489184071168,65
3825,2,6044,3065,2979,0,0,0,1.0,1,1.0,1,1.0,1,0.2259500432696009,64
3826,1,6045,3066,2979,0,0,0,1.0,1,1.0,1,1.0,1,0.23977574588931566,65
3827,3,6048,3067,2981,0,0,0,1.0,1,1.0,1,1.0,1,0.2198555946931282,64
3828,3,6051,3068,2983,0,0,0,1.0,1,1.0,1,1.0,1,0.19661773316097164,65
3829,2,6053,3070,2983,0,0,0,1.0,1,1.0,1,1.0,1,0.21746040960005147,65
3830,0,6053,3070,2983,0,0,0,1.0,1,1.0,1,1.0,1,0.21597194261663213,64
3831,3,6056,3072,2984,0,0,0,1.0,1,1.0,1,1.0,1,0.22072571791911488,63
3832,2,6058,3073,2985,0,0,0,1.0,1,1.0,1,1.0,1,0.24867266995070014,64
3833,1,6059,3073,2986,0,0,0,1.0,1,1.0,1,1.0,1,0.22749979823943664,64
3834,3,6062,3075,2987,0,0,0,1.0,1,1.0,1,1.0,1,0.25224698451326244,63
3835,4,6066,3077,2989,0,0,0,1.0,1,1.0,1,1.0,1,0.2578882330437629,63
3836,4,6070,3079,2991,0,0,0,1.0,1,1.0,1,1.0,1,0.24890437452625763,63
3837,5,6075,3081,2994,0,0,0,1.0,1,1.0,1,1.0,1,0.24738787901905168,62
3838,1,6076,3082,2994,0,0,0,1.0,1,1.0,1,1.0,1,0.24646180413345065,62
3839,1,6077,3083,2994,0,0,0,1.0,1,1.0,1,1.0,1,0.2821628363337377,60
3840,2,6079,3083,2996,0,0,0,1.0,1,1.0,1,1.0,1,0.2667159453332191,62
3841,2,6081,3084,2997,0,0,0,1.0,1,1.0,1,1.0,1,0.28198509703673064,62
3842,2,6083,3084,2999,0,0,0,1.0,1,1.0,1,1.0,1,0.2532334482858069,63
3843,4,6087,3084,3003,0,0,0,1.0,1,1.0,1,1.0,1,0.22254641642869366,64
3844,0,6087,3084,3003,0,0,0,1.0,1,1.0,1,1.0,1,0.22844300132506104,65
3845,3,6090,3084,3006,0,0,0,1.0,1,1.0,1,1.0,1,0.19064158364713285,66
3846,3,6093,3084,3009,0,0,0,1.0,1,1.0,1,1.0,1,0.17771865928737143,67
3847,1,6094,3084,3010,0,0,0,1.0,1,1.0,1,1.0,1,0.1752779532725484,67
3848,1,6095,3085,3010,0,0,0,1.0,1,1.0,1,1.0,1,0.16955859314503993,67
3849,2,6097,3086,3011,0,0,0,1.0,1,1.0,1,1.0,1,0.18331301666102293,67
3850,2,6099,3088,3011,0,0,0,1.0,1,1.0,1,1.0,1,0.18735484386167917,68
3851,4,6103,3089,3014,0,0,0,1.0,1,1.0,1,1.0,1,0.13454007358307815,68
3852,1,6104,3090,3014,0,0,0,1.0,1,1.0,1,1.0,1,0.17265260138549127,70
3853,3,6107,3092,3015,0,0,0,1.0,1,1.0,1,1.0,1,0.18903352592106143,70
3854,3,6110,3092,3018,0,0,0,1.0,1,1.0,1,1.0,1,0.17195206112334616,70
3855,1,6111,3092,3019,0,0,0,1.0,1,1.0,1,1.0,1,0.16516025728640474,69
3856,1,6112,3093,3019,0,0,0,1.0,1,1.0,1,1.0,1,0.1772826453465374,70
3857,2,6114,3094,3020,0,0,0,1.0,1,1.0,1,1.0,1,0.1994717921351377,68
3858,2,6116,3095,3021,0,0,0,1.0,1,1.0,1,1.0,1,0.20871513478872833,67
3859,1,6117,3095,3022,0,0,0,1.0,1,1.0,1,1.0,1,0.2031074760415691,66
3860,0,6117,3095,3022,0,0,0,1.0,1,1.0,1,1.0,1,0.21359799581908265,66
3861,1,6118,3095,3023,0,0,0,1.0,1,1.0,1,1.0,1,0.20307893054544554,66
3862,3,6121,3098,3023,0,0,0,1.0,1,1.0,1,1.0,1,0.24568918092232844,66
3863,1,6122,3098,3024,0,0,0,1.0,1,1.0,1,1.0,1,0.21782796125159823,63
3864,1,6123,3099,3024,0,0,0,1.0,1,1.0,1,1.0,1,0.2341717116202727,63
3865,3,6126,3100,3026,0,0,0,1.0,1,1.0,1,1.0,1,0.20898610593104577,61
3866,1,6127,3101,3026,0,0,0,1.0,1,1.0,1,1.0,1,0.20688734041645343,61
3867,0,6127,3101,3026,0,0,0,1.0,1,1.0,1,1.0,1,0.19654554552565298,60
3868,0,6127,3101,3026,0,0,0,1.0,1,1.0,1,1.0,1,0.17379148196039046,59
3869,2,6129,3103,3026,0,0,0,1.0,1,1.0,1,1.0,1,0.18962619372413833,61
3870,0,6129,3103,3026,0,0,0,1.0,1,1.0,1,1.0,1,0.1931580314046056,61
3871,6,6135,3104,3031,0,0,0,1.0,1,1.0,1,1.0,1,0.17650366165483003,64
3872,1,6136,3105,3031,0,0,0,1.0,1,1.0,1,1.0,1,0.18619025419181415,63
3873,1,6137,3105,3032,0,0,0,1.0,1,1.0,1,1.0,1,0.1671397223999385,62
3874,1,6138,3105,3033,0,0,0,1.0,1,1.0,1,1.0,1,0.15992356594650248,63
3875,1,6139,3105,3034,0,0,0,1.0,1,1.0,1,1.0,1,0.14794353681116887,61
3876,0,6139,3105,3034,0,0,0,1.0,1,1.0,1,1.0,1,0.1488313796155152,62
3877,3,6142,3107,3035,0,0,0,1.0,1,1.0,1,1.0,1,0.17079933974824663,63
3878,0,6142,3107,3035,0,0,0,1.0,1,1.0,1,1.0,1,0.17079933974824663,63
3879,2,6144,3108,3036,0,0,0,1.0,1,1.0,1,1.0,1,0.1765820430060882,63
3880,0,6144,3108,3036,0,0,0,1.0,1,1.0,1,1.0,1,0.16913925620717238,65
3881,2,6146,3109,3037,0,0,0,1.0,1,1.0,1,1.0,1,0.16758074100978873,65
3882,3,6149,3111,3038,0,0,0,1.0,1,1.0,1,1.0,1,0.16632953127747444,66
3883,1,6150,3111,3039,0,0,0,1.0,1,1.0,1,1.0,1,0.15692770615272708,66
3884,1,6151,3112,3039,0,0,0,1.0,1,1.0,1,1.0,1,0.17724715268903887,66
3885,0,6151,3112,3039,0,0,0,1.0,1,1.0,1,1.0,1,0.17724715268903887,66
3886,3,6154,3114,3040,0,0,0,1.0,1,1.0,1,1.0,1,0.18371137715939084,65
3887,3,6157,3114,3043,0,0,0,1.0,1,1.0,1,1.0,1,0.19772021726758957,65
3888,1,6158,3114,3044,0,0,0,1.0,1,1.0,1,1.0,1,0.20742600371377953,66
3889,1,6159,3114,3045,0,0,0,1.0,1,1.0,1,1.0,1,0.17875638963358248,64
3890,1,6160,3115,3045,0,0,0,1.0,1,1.0,1,1.0,1,0.19295830399854424,63
3891,1,6161,3116,3045,0,0,0,1.0,1,1.0,1,1.0,1,0.20306638151617187,66
3892,2,6163,3116,3047,0,0,0,1.0,1,1.0,1,1.0,1,0.18995837554927894,67
3893,1,6164,3116,3048,0,0,0,1.0,1,1.0,1,1.0,1,0.19450115168849486,66
3894,0,6164,3116,3048,0,0,0,1.0,1,1.0,1,1.0,1,0.2067294056314158,67
3895,2,6166,3117,3049,0,0,0,1.0,1,1.0,1,1.0,1,0.2252163464147472,66
3896,1,6167,3118,3049,0,0,0,1.0,1,1.0,1,1.0,1,0.22253875393859202,66
3897,0,6167,3118,3049,0,0,0,1.0,1,1.0,1,1.0,1,0.23342119109040896,65
3898,5,6172,3121,3051,0,0,0,1.0,1,1.0,1,1.0,1,0.25466696839609837,65
3899,2,6174,3122,3052,0,0,0,1.0,1,1.0,1,1.0,1,0.2463800432674925,64
3900,3,6177,3123,3054,0,0,0,1.0,1,1.0,1,1.0,1,0.2304631674958364,63
3901,3,6180,3125,3055,0,0,0,1.0,1,1.0,1,1.0,1,0.23672029202435463,63
3902,2,6182,3125,3057,0,0,0,1.0,1,1.0,1,1.0,1,0.2374807715337224,64
3903,1,6183,3126,3057,0,0,0,1.0,1,1.0,1,1.0,1,0.23761788872545456,64
3904,1,6184,3127,3057,0,0,0,1.0,1,1.0,1,1.0,1,0.23583984180706993,63
3905,4,6188,3127,3061,0,0,0,1.0,1,1.0,1,1.0,1,0.22306499809983038,63
3906,2,6190,3129,3061,0,0,0,1.0,1,1.0,1,1.0,1,0.22474813176483174,64
3907,5,6195,3130,3065,0,0,0,1.0,1,1.0,1,1.0,1,0.21786200846783726,64
3908,0,6195,3130,3065,0,0,0,1.0,1,1.0,1,1.0,1,0.2193812747006244,63
3909,1,6196,3130,3066,0,0,0,1.0,1,1.0,1,1.0,1,0.21445937677263516,62
3910,0,6196,3130,3066,0,0,0,1.0,1,1.0,1,1.0,1,0.22158290083772195,62
3911,0,6196,3130,3066,0,0,0,1.0,1,1.0,1,1.0,1,0.23331054011597685,64
3912,3,6199,3131,3068,0,0,0,1.0,1,1.0,1,1.0,1,0.2215701915154142,64
3913,3,6202,3131,3071,0,0,0,1.0,1,1.0,1,1.0,1,0.20783024450400692,65
3914,1,6203,3131,3072,0,0,0,1.0,1,1.0,1,1.0,1,0.2095462847620686,65
3915,1,6204,3131,3073,0,0,0,1.0,1,1.0,1,1.0,1,0.20229154148153586,66
3916,1,6205,3132,3073,0,0,0,1.0,1,1.0,1,1.0,1,0.22145195757349742,66
3917,0,6205,3132,3073,0,0,0,1.0,1,1.0,1,1.0,1,0.22145195757349742,66
3918,2,6207,3132,3075,0,0,0,1.0,1,1.0,1,1.0,1,0.21380602642822716,67
3919,2,6209,3133,3076,0,0,0,1.0,1,1.0,1,1.0,1,0.22461462813293637,68
3920,1,6210,3134,3076,0,0,0,1.0,1,1.0,1,1.0,1,0.2151518519141906,69
3921,3,6213,3134,3079,0,0,0,1.0,1,1.0,1,1.0,1,0.19334063714067357,68
3922,2,6215,3136,3079,0,0,0,1.0,1,1.0,1,1.0,1,0.21210364689415037,68
3923,1,6216,3136,3080,0,0,0,1.0,1,1.0,1,1.0,1,0.2146804594767677,69
3924,0,6216,3136,3080,0,0,0,1.0,1,1.0,1,1.0,1,0.22597505943938465,69
3925,3,6219,3139,3080,0,0,0,1.0,1,1.0,1,1.0,1,0.28443403461556754,67
3926,2,6221,3140,3081,0,0,0,1.0,1,1.0,1,1.0,1,0.28712134859873445,67
3927,5,6226,3140,3086,0,0,0,1.0,1,1.0,1,1.0,1,0.2507939521326044,65
3928,1,6227,3140,3087,0,0,0,1.0,1,1.0,1,1.0,1,0.24396597711544488,65
3929,1,6228,3141,3087,0,0,0,1.0,1,1.0,1,1.0,1,0.24813671179795926,64
3930,0,6228,3141,3087,0,0,0,1.0,1,1.0,1,1.0,1,0.26116261005350805,64
3931,3,6231,3143,3088,0,0,0,1.0,1,1.0,1,1.0,1,0.2567335029252161,62
3932,2,6233,3144,3089,0,0,0,1.0,1,1.0,1,1.0,1,0.24829837632552296,62
3933,2,6235,3145,3090,0,0,0,1.0,1,1.0,1,1.0,1,0.24796898858860442,62
3934,2,6237,3146,3091,0,0,0,1.0,1,1.0,1,1.0,1,0.230945454229724,61
3935,3,6240,3146,3094,0,0,0,1.0,1,1.0,1,1.0,1,0.21976726446544514,64
3936,1,6241,3147,3094,0,0,0,1.0,1,1.0,1,1.0,1,0.24623158274848955,65
3937,1,6242,3147,3095,0,0,0,1.0,1,1.0,1,1.0,1,0.2368258356321146,66
3938,1,6243,3147,3096,0,0,0,1.0,1,1.0,1,1.0,1,0.22910408031635338,66
3939,1,6244,3147,3097,0,0,0,1.0,1,1.0,1,1.0,1,0.22729355375607568,67
3940,2,6246,3148,3098,0,0,0,1.0,1,1.0,1,1.0,1,0.22132121240662694,69
3941,2,6248,3148,3100,0,0,0,1.0,1,1.0,1,1.0,1,0.19041276583500502,69
3942,1,6249,3149,3100,0,0,0,1.0,1,1.0,1,1.0,1,0.21195537022113342,69
3943,7,6256,3150,3106,0,0,0,1.0,1,1.0,1,1.0,1,0.1720333066884459,68
3944,1,6257,3151,3106,0,0,0,1.0,1,1.0,1,1.0,1,0.16894451392219567,68
3945,2,6259,3153,3106,0,0,0,1.0,1,1.0,1,1.0,1,0.19915067637749634,67
3946,3,6262,3154,3108,0,0,0,1.0,1,1.0,1,1.0,1,0.19219120306838522,67
3947,0,6262,3154,3108,0,0,0,1.0,1,1.0,1,1.0,1,0.19513404885184668,66
3948,0,6262,3154,3108,0,0,0,1.0,1,1.0,1,1.0,1,0.20407332825021982,67
3949,8,6270,3157,3113,0,0,0,1.0,1,1.0,1,1.0,1,0.2091114955075254,66
3950,1,6271,3157,3114,0,0,0,1.0,1,1.0,1,1.0,1,0.20186055992182156,65
3951,2,6273,3158,3115,0,0,0,1.0,1,1.0,1,1.0,1,0.18051241962220482,65
3952,2,6275,3159,3116,0,0,0,1.0,1,1.0,1,1.0,1,0.1783068731169404,65
3953,1,6276,3160,3116,0,0,0,1.0,1,1.0,1,1.0,1,0.1986212720223804,65
3954,0,6276,3160,3116,0,0,0,1.0,1,1.0,1,1.0,1,0.1983666637510767,64
3955,0,6276,3160,3116,0,0,0,1.0,1,1.0,1,1.0,1,0.22897981313101404,64
3956,2,6278,3162,3116,0,0,0,1.0,1,1.0,1,1.0,1,0.21681824714992445,63
3957,1,6279,3162,3117,0,0,0,1.0,1,1.0,1,1.0,1,0.20697113179764018,63
3958,2,6281,3163,3118,0,0,0,1.0,1,1.0,1,1.0,1,0.21531074525346852,63
3959,2,6283,3164,3119,0,0,0,1.0,1,1.0,1,1.0,1,0.2192852460176928,62
3960,0,6283,3164,3119,0,0,0,1.0,1,1.0,1,1.0,1,0.2192852460176928,62
3961,6,6289,3165,3124,0,0,0,1.0,1,1.0,1,1.0,1,0.18470313524300283,64
3962,0,6289,3165,3124,0,0,0,1.0,1,1.0,1,1.0,1,0.18470313524300283,64
3963,3,6292,3167,3125,0,0,0,1.0,1,1.0,1,1.0,1,0.19285399344419332,62
3964,0,6292,3167,3125,0,0,0,1.0,1,1.0,1,1.0,1,0.19010699571146752,63
3965,3,6295,3167,3128,0,0,0,1.0,1,1.0,1,1.0,1,0.18948901677451857,63
3966,2,6297,3168,3129,0,0,0,1.0,1,1.0,1,1.0,1,0.2072604703911664,62
3967,0,6297,3168,3129,0,0,0,1.0,1,1.0,1,1.0,1,0.21460315892932708,64
3968,2,6299,3168,3131,0,0,0,1.0,1,1.0,1,1.0,1,0.1872966590658938,63
3969,1,6300,3168,3132,0,0,0,1.0,1,1.0,1,1.0,1,0.18138540627504507,63
3970,0,6300,3168,3132,0,0,0,1.0,1,1.0,1,1.0,1,0.18469126111409773,65
3971,0,6300,3168,3132,0,0,0,1.0,1,1.0,1,1.0,1,0.18469126111409773,65
3972,3,6303,3169,3134,0,0,0,1.0,1,1.0,1,1.0,1,0.18381316798014752,66
3973,2,6305,3169,3136,0,0,0,1.0,1,1.0,1,1.0,1,0.17197103167621428,66
3974,3,6308,3172,3136,0,0,0,1.0,1,1.0,1,1.0,1,0.22767530386313892,66
3975,2,6310,3173,3137,0,0,0,1.0,1,1.0,1,1.0,1,0.20017297457138275,66
3976,2,6312,3173,3139,0,0,0,1.0,1,1.0,1,1.0,1,0.20786110022923285,66
3977,1,6313,3174,3139,0,0,0,1.0,1,1.0,1,1.0,1,0.2146796189923862,64
3978,4,6317,3177,3140,0,0,0,1.0,1,1.0,1,1.0,1,0.25685316638812183,63
3979,2,6319,3177,3142,0,0,0,1.0,1,1.0,1,1.0,1,0.24338285900216,63
3980,1,6320,3178,3142,0,0,0,1.0,1,1.0,1,1.0,1,0.24904051627832138,63
3981,4,6324,3178,3146,0,0,0,1.0,1,1.0,1,1.0,1,0.21664723158441238,64
3982,0,6324,3178,3146,0,0,0,1.0,1,1.0,1,1.0,1,0.21714242228417596,65
3983,1,6325,3179,3146,0,0,0,1.0,1,1.0,1,1.0,1,0.2165937635701556,64
3984,3,6328,3180,3148,0,0,0,1.0,1,1.0,1,1.0,1,0.19363618430490015,65
3985,5,6333,3183,3150,0,0,0,1.0,1,1.0,1,1.0,1,0.20360953582995536,64
3986,2,6335,3185,3150,0,0,0,1.0,1,1.0,1,1.0,1,0.19276281681041127,63
3987,2,6337,3186,3151,0,0,0,1.0,1,1.0,1,1.0,1,0.18758424005169572,63
3988,1,6338,3187,3151,0,0,0,1.0,1,1.0,1,1.0,1,0.19321182747760815,63
3989,5,6343,3188,3155,0,0,0,1.0,1,1.0,1,1.0,1,0.1837176761108726,63
3990,0,6343,3188,3155,0,0,0,1.0,1,1.0,1,1.0,1,0.203422289767052,62
3991,5,6348,3188,3160,0,0,0,1.0,1,1.0,1,1.0,1,0.14257155460966114,62
3992,0,6348,3188,3160,0,0,0,1.0,1,1.0,1,1.0,1,0.14599002369637062,65
3993,0,6348,3188,3160,0,0,0,1.0,1,1.0,1,1.0,1,0.14599002369637062,65
3994,0,6348,3188,3160,0,0,0,1.0,1,1.0,1,1.0,1,0.14926809006795771,64
3995,0,6348,3188,3160,0,0,0,1.0,1,1.0,1,1.0,1,0.14926809006795771,64
3996,3,6351,3188,3163,0,0,0,1.0,1,1.0,1,1.0,1,0.12312203287196681,67
3997,1,6352,3188,3164,0,0,0,1.0,1,1.0,1,1.0,1,0.1252002933009089,69
3998,1,6353,3189,3164,0,0,0,1.0,1,1.0,1,1.0,1,0.13982549457266616,69
3999,0,6353,3189,3164,0,0,0,1.0,1,1.0,1,1.0,1,0.13982549457266616,69
4000,0,6353,3189,3164,0,0,0,1.0,1,1.0,1,1.0,1,0.15738515095192035,69
4001,0,6353,3189,3164,0,0,0,1.0,1,1.0,1,1.0,1,0.14798889449472588,68
4002,1,6354,3190,3164,0,0,0,1.0,1,1.0,1,1.0,1,0.17038501386195626,68
4003,3,6357,3192,3165,0,0,0,1.0,1,1.0,1,1.0,1,0.17856465723047996,68
4004,3,6360,3194,3166,0,0,0,1.0,1,1.0,1,1.0,1,0.16397521579792163,67
4005,2,6362,3194,3168,0,0,0,1.0,1,1.0,1,1.0,1,0.13904753622422,67
4006,1,6363,3195,3168,0,0,0,1.0,1,1.0,1,1.0,1,0.1626537402423693,67
4007,2,6365,3196,3169,0,0,0,1.0,1,1.0,1,1.0,1,0.15742704839837893,67
4008,4,6369,3200,3169,0,0,0,1.0,1,1.0,1,1.0,1,0.19357001291129655,67
4009,2,6371,3201,3170,0,0,0,1.0,1,1.0,1,1.0,1,0.19541599295730022,67
4010,0,6371,3201,3170,0,0,0,1.0,1,1.0,1,1.0,1,0.22554350130274817,66
4011,3,6374,3202,3172,0,0,0,1.0,1,1.0,1,1.0,1,0.22669203254200082,66
4012,1,6375,3202,3173,0,0,0,1.0,1,1.0,1,1.0,1,0.22227461687651703,66
4013,1,6376,3202,3174,0,0,0,1.0,1,1.0,1,1.0,1,0.20663550039937295,66
4014,1,6377,3203,3174,0,0,0,1.0,1,1.0,1,1.0,1,0.2122162572628855,66
4015,0,6377,3203,3174,0,0,0,1.0,1,1.0,1,1.0,1,0.23953188143891113,64
4016,4,6381,3205,3176,0,0,0,1.0,1,1.0,1,1.0,1,0.2777229806444698,64
4017,3,6384,3205,3179,0,0,0,1.0,1,1.0,1,1.0,1,0.24268790087447992,66
4018,2,6386,3205,3181,0,0,0,1.0,1,1.0,1,1.0,1,0.23254593635965487,67
4019,0,6386,3205,3181,0,0,0,1.0,1,1.0,1,1.0,1,0.23254593635965487,67
4020,0,6386,3205,3181,0,0,0,1.0,1,1.0,1,1.0,1,0.2508894754120429,66
4021,3,6389,3208,3181,0,0,0,1.0,1,1.0,1,1.0,1,0.2529921188164306,66
4022,1,6390,3208,3182,0,0,0,1.0,1,1.0,1,1.0,1,0.24652229428947636,66
4023,2,6392,3210,3182,0,0,0,1.0,1,1.0,1,1.0,1,0.2420948661764471,66
4024,2,6394,3211,3183,0,0,0,1.0,1,1.0,1,1.0,1,0.24113838069257482,66
4025,1,6395,3211,3184,0,0,0,1.0,1,1.0,1,1.0,1,0.22751196981281893,66
4026,3,6398,3213,3185,0,0,0,1.0,1,1.0,1,1.0,1,0.23986855739660023,66
4027,2,6400,3214,3186,0,0,0,1.0,1,1.0,1,1.0,1,0.22042779665763632,64
4028,4,6404,3217,3187,0,0,0,1.0,1,1.0,1,1.0,1,0.2575215746820546,63
4029,3,6407,3218,3189,0,0,0,1.0,1,1.0,1,1.0,1,0.2344426478029684,62
4030,1,6408,3219,3189,0,0,0,1.0,1,1.0,1,1.0,1,0.25186880038134163,63
4031,1,6409,3219,3190,0,0,0,1.0,1,1.0,1,1.0,1,0.23357014310283652,62
4032,2,6411,3221,3190,0,0,0,1.0,1,1.0,1,1.0,1,0.2584307513312446,62
4033,6,6417,3224,3193,0,0,0,1.0,1,1.0,1,1.0,1,0.2803981442409374,61
4034,2,6419,3225,3194,0,0,0,1.0,1,1.0,1,1.0,1,0.25303921379526356,60
4035,0,6419,3225,3194,0,0,0,1.0,1,1.0,1,1.0,1,0.27041494280477324,59
4036,3,6422,3227,3195,0,0,0,1.0,1,1.0,1,1.0,1,0.28057701488094267,58
4037,4,6426,3228,3198,0,0,0,1.0,1,1.0,1,1.0,1,0.2317584894743027,59
4038,1,6427,3229,3198,0,0,0,1.0,1,1.0,1,1.0,1,0.25883038257351404,58
4039,2,6429,3231,3198,0,0,0,1.0,1,1.0,1,1.0,1,0.31382364242092436,56
4040,0,6429,3231,3198,0,0,0,1.0,1,1.0,1,1.0,1,0.33736541025052524,55
4041,3,6432,3233,3199,0,0,0,1.0,1,1.0,1,1.0,1,0.3678693049136041,54
4042,3,6435,3234,3201,0,0,0,1.0,1,1.0,1,1.0,1,0.3606004342105872,56
4043,1,6436,3235,3201,0,0,0,1.0,1,1.0,1,1.0,1,0.37160174763230647,56
4044,3,6439,3236,3203,0,0,0,1.0,1,1.0,1,1.0,1,0.37251571227775143,56
4045,4,6443,3238,3205,0,0,0,1.0,1,1.0,1,1.0,1,0.35435201797335725,57
4046,1,6444,3238,3206,0,0,0,1.0,1,1.0,1,1.0,1,0.35537159368064775,59
4047,1,6445,3239,3206,0,0,0,1.0,1,1.0,1,1.0,1,0.3836327772222532,59
4048,0,6445,3239,3206,0,0,0,1.0,1,1.0,1,1.0,1,0.3836327772222532,59
4049,0,6445,3239,3206,0,0,0,1.0,1,1.0,1,1.0,1,0.36210088098356674,60
4050,0,6445,3239,3206,0,0,0,1.0,1,1.0,1,1.0,1,0.36210088098356674,60
4051,0,6445,3239,3206,0,0,0,1.0,1,1.0,1,1.0,1,0.36210088098356674,60
4052,0,6445,3239,3206,0,0,0,1.0,1,1.0,1,1.0,1,0.36210088098356674,60
4053,0,6445,3239,3206,0,0,0,1.0,1,1.0,1,1.0,1,0.36210088098356674,60
4054,1,6446,3240,3206,0,0,0,1.0,1,1.0,1,1.0,1,0.3643453184980708,61
4055,0,6446,3240,3206,0,0,0,1.0,1,1.0,1,1.0,1,0.3643453184980708,61
4056,0,6446,3240,3206,0,0,0,1.0,1,1.0,1,1.0,1,0.37000767784661376,62
4057,0,6446,3240,3206,0,0,0,1.0,1,1.0,1,1.0,1,0.37090835484183965,63
4058,1,6447,3240,3207,0,0,0,1.0,1,1.0,1,1.0,1,0.38309800895142054,64
4059,1,6448,3240,3208,0,0,0,1.0,1,1.0,1,1.0,1,0.3876260290236045,63
4060,0,6448,3240,3208,0,0,0,1.0,1,1.0,1,1.0,1,0.3876260290236045,63
4061,1,6449,3240,3209,0,0,0,1.0,1,1.0,1,1.0,1,0.3852308877329618,63
4062,6,6455,3242,3213,0,0,0,1.0,1,1.0,1,1.0,1,0.34322491385513526,65
4063,3,6458,3242,3216,0,0,0,1.0,1,1.0,1,1.0,1,0.303345779551957,64
4064,3,6461,3244,3217,0,0,0,1.0,1,1.0,1,1.0,1,0.2982131720237064,65
4065,2,6463,3245,3218,0,0,0,1.0,1,1.0,1,1.0,1,0.27692635631464513,64
4066,3,6466,3247,3219,0,0,0,1.0,1,1.0,1,1.0,1,0.28943531143581586,64
4067,6,6472,3250,3222,0,0,0,1.0,1,1.0,1,1.0,1,0.284633016344802,63
4068,2,6474,3252,3222,0,0,0,1.0,1,1.0,1,1.0,1,0.3060659485914254,64
4069,7,6481,3255,3226,0,0,0,1.0,1,1.0,1,1.0,1,0.26538574184612906,62
4070,4,6485,3258,3227,0,0,0,1.0,1,1.0,1,1.0,1,0.3033450098858794,61
4071,8,6493,3261,3232,0,0,0,1.0,1,1.0,1,1.0,1,0.2634617934453591,61
4072,1,6494,3262,3232,0,0,0,1.0,1,1.0,1,1.0,1,0.2804337751584734,60
4073,0,6494,3262,3232,0,0,0,1.0,1,1.0,1,1.0,1,0.28032685274973723,60
4074,6,6500,3267,3233,0,0,0,1.0,1,1.0,1,1.0,1,0.3062774754923488,60
4075,1,6501,3267,3234,0,0,0,1.0,1,1.0,1,1.0,1,0.270048313185938,59
4076,0,6501,3267,3234,0,0,0,1.0,1,1.0,1,1.0,1,0.2740662159626886,60
4077,2,6503,3269,3234,0,0,0,1.0,1,1.0,1,1.0,1,0.28561863198274906,61
4078,0,6503,3269,3234,0,0,0,1.0,1,1.0,1,1.0,1,0.29602044114442605,60
4079,4,6507,3270,3237,0,0,0,1.0,1,1.0,1,1.0,1,0.30285708909341363,58
4080,1,6508,3270,3238,0,0,0,1.0,1,1.0,1,1.0,1,0.29602811402244494,56
4081,0,6508,3270,3238,0,0,0,1.0,1,1.0,1,1.0,1,0.3087354377259158,56
4082,0,6508,3270,3238,0,0,0,1.0,1,1.0,1,1.0,1,0.31501707123329725,55
4083,0,6508,3270,3238,0,0,0,1.0,1,1.0,1,1.0,1,0.31501707123329725,55
4084,1,6509,3271,3238,0,0,0,1.0,1,1.0,1,1.0,1,0.3282039749249859,55
4085,4,6513,3272,3241,0,0,0,1.0,1,1.0,1,1.0,1,0.29982433021096805,56
4086,2,6515,3273,3242,0,0,0,1.0,1,1.0,1,1.0,1,0.274037244823018,57
4087,2,6517,3274,3243,0,0,0,1.0,1,1.0,1,1.0,1,0.2818058589745234,57
4088,1,6518,3274,3244,0,0,0,1.0,1,1.0,1,1.0,1,0.2943665119854422,57
4089,1,6519,3274,3245,0,0,0,1.0,1,1.0,1,1.0,1,0.30432190716130614,56
4090,1,6520,3275,3245,0,0,0,1.0,1,1.0,1,1.0,1,0.2990488818773404,56
4091,3,6523,3275,3248,0,0,0,1.0,1,1.0,1,1.0,1,0.28737905490446713,56
4092,1,6524,3275,3249,0,0,0,1.0,1,1.0,1,1.0,1,0.28577718533254953,57
4093,2,6526,3276,3250,0,0,0,1.0,1,1.0,1,1.0,1,0.2953538093211589,58
4094,2,6528,3277,3251,0,0,0,1.0,1,1.0,1,1.0,1,0.2936164218242041,57
4095,4,6532,3278,3254,0,0,0,1.0,1,1.0,1,1.0,1,0.27360162439256724,57
4096,3,6535,3279,3256,0,0,0,1.0,1,1.0,1,1.0,1,0.2546648232247249,59
4097,1,6536,3280,3256,0,0,0,1.0,1,1.0,1,1.0,1,0.2501446138358502,59
4098,4,6540,3282,3258,0,0,0,1.0,1,1.0,1,1.0,1,0.22387776255518366,59
4099,6,6546,3284,3262,0,0,0,1.0,1,1.0,1,1.0,1,0.1750125673149439,60
4100,0,6546,3284,3262,0,0,0,1.0,1,1.0,1,1.0,1,0.1750125673149439,60
4101,1,6547,3285,3262,0,0,0,1.0,1,1.0,1,1.0,1,0.18393445837767095,60
4102,5,6552,3290,3262,0,0,0,1.0,1,1.0,1,1.0,1,0.20926922198232326,60
4103,4,6556,3290,3266,0,0,0,1.0,1,1.0,1,1.0,1,0.16623534211113866,58
4104,1,6557,3291,3266,0,0,0,1.0,1,1.0,1,1.0,1,0.18124517643109717,60
4105,0,6557,3291,3266,0,0,0,1.0,1,1.0,1,1.0,1,0.1846399494053636,59
4106,4,6561,3293,3268,0,0,0,1.0,1,1.0,1,1.0,1,0.16137921998416974,61
4107,2,6563,3294,3269,0,0,0,1.0,1,1.0,1,1.0,1,0.1601413059837778,59
4108,0,6563,3294,3269,0,0,0,1.0,1,1.0,1,1.0,1,0.16477835553701736,60
4109,0,6563,3294,3269,0,0,0,1.0,1,1.0,1,1.0,1,0.16020863572412627,59
4110,1,6564,3295,3269,0,0,0,1.0,1,1.0,1,1.0,1,0.1918276320578142,60
4111,1,6565,3295,3270,0,0,0,1.0,1,1.0,1,1.0,1,0.1824609474813287,61
4112,0,6565,3295,3270,0,0,0,1.0,1,1.0,1,1.0,1,0.18192961038676173,60
4113,2,6567,3296,3271,0,0,0,1.0,1,1.0,1,1.0,1,0.16972603493734992,61
4114,0,6567,3296,3271,0,0,0,1.0,1,1.0,1,1.0,1,0.1603222670560225,62
4115,1,6568,3297,3271,0,0,0,1.0,1,1.0,1,1.0,1,0.2106796976633932,60
4116,2,6570,3298,3272,0,0,0,1.0,1,1.0,1,1.0,1,0.20073453040123096,59
4117,6,6576,3301,3275,0,0,0,1.0,1,1.0,1,1.0,1,0.16731588082889823,56
4118,2,6578,3302,3276,0,0,0,1.0,1,1.0,1,1.0,1,0.1704607796522076,55
4119,1,6579,3303,3276,0,0,0,1.0,1,1.0,1,1.0,1,0.18735935284135882,53
4120,3,6582,3305,3277,0,0,0,1.0,1,1.0,1,1.0,1,0.20143846389569156,52
4121,5,6587,3309,3278,0,0,0,1.0,1,1.0,1,1.0,1,0.20045379322099144,53
4122,2,6589,3310,3279,0,0,0,1.0,1,1.0,1,1.0,1,0.17613624612159443,52
4123,2,6591,3312,3279,0,0,0,1.0,1,1.0,1,1.0,1,0.18445004702079046,51
4124,2,6593,3314,3279,0,0,0,1.0,1,1.0,1,1.0,1,0.2200076025099518,51
4125,3,6596,3315,3281,0,0,0,1.0,1,1.0,1,1.0,1,0.20047294081800682,50
4126,3,6599,3318,3281,0,0,0,1.0,1,1.0,1,1.0,1,0.24926787861580887,50
4127,3,6602,3318,3284,0,0,0,1.0,1,1.0,1,1.0,1,0.1888275078357967,49
4128,0,6602,3318,3284,0,0,0,1.0,1,1.0,1,1.0,1,0.1888275078357967,49
4129,1,6603,3318,3285,0,0,0,1.0,1,1.0,1,1.0,1,0.18381455085748813,49
4130,0,6603,3318,3285,0,0,0,1.0,1,1.0,1,1.0,1,0.18192591753949283,50
4131,0,6603,3318,3285,0,0,0,1.0,1,1.0,1,1.0,1,0.18192591753949283,50
4132,0,6603,3318,3285,0,0,0,1.0,1,1.0,1,1.0,1,0.18192591753949283,50
4133,1,6604,3319,3285,0,0,0,1.0,1,1.0,1,1.0,1,0.23223037067003247,51
4134,2,6606,3319,3287,0,0,0,1.0,1,1.0,1,1.0,1,0.21708881087046716,53
4135,1,6607,3320,3287,0,0,0,1.0,1,1.0,1,1.0,1,0.2333345218613407,54
4136,2,6609,3320,3289,0,0,0,1.0,1,1.0,1,1.0,1,0.21543118079423312,54
4137,2,6611,3322,3289,0,0,0,1.0,1,1.0,1,1.0,1,0.2363510470861418,55
4138,1,6612,3322,3290,0,0,0,1.0,1,1.0,1,1.0,1,0.20887906005921103,54
4139,2,6614,3322,3292,0,0,0,1.0,1,1.0,1,1.0,1,0.18023975152530358,54
4140,1,6615,3323,3292,0,0,0,1.0,1,1.0,1,1.0,1,0.20229709389426243,55
4141,0,6615,3323,3292,0,0,0,1.0,1,1.0,1,1.0,1,0.21221908028368225,55
4142,0,6615,3323,3292,0,0,0,1.0,1,1.0,1,1.0,1,0.21221908028368225,55
4143,0,6615,3323,3292,0,0,0,1.0,1,1.0,1,1.0,1,0.2175007421000093,53
4144,5,6620,3325,3295,0,0,0,1.0,1,1.0,1,1.0,1,0.19628961317479116,52
4145,3,6623,3326,3297,0,0,0,1.0,1,1.0,1,1.0,1,0.18558660505568367,51
4146,3,6626,3328,3298,0,0,0,1.0,1,1.0,1,1.0,1,0.18584065774335923,51
4147,0,6626,3328,3298,0,0,0,1.0,1,1.0,1,1.0,1,0.18698167140377517,50
4148,3,6629,3330,3299,0,0,0,1.0,1,1.0,1,1.0,1,0.24490524899688393,52
4149,1,6630,3330,3300,0,0,0,1.0,1,1.0,1,1.0,1,0.20394467234069963,53
4150,2,6632,3332,3300,0,0,0,1.0,1,1.0,1,1.0,1,0.24839985008384133,53
4151,2,6634,3332,3302,0,0,0,1.0,1,1.0,1,1.0,1,0.22359832844114585,53
4152,6,6640,3335,3305,0,0,0,1.0,1,1.0,1,1.0,1,0.18767531629757112,54
4153,1,6641,3336,3305,0,0,0,1.0,1,1.0,1,1.0,1,0.21384725849325345,51
4154,0,6641,3336,3305,0,0,0,1.0,1,1.0,1,1.0,1,0.21384725849325345,51
4155,3,6644,3338,3306,0,0,0,1.0,1,1.0,1,1.0,1,0.2589748665048372,51
4156,3,6647,3341,3306,0,0,0,1.0,1,1.0,1,1.0,1,0.2401736585468665,52
4157,3,6650,3343,3307,0,0,0,1.0,1,1.0,1,1.0,1,0.23395979418027898,52
4158,0,6650,3343,3307,0,0,0,1.0,1,1.0,1,1.0,1,0.23586833674693813,52
4159,1,6651,3343,3308,0,0,0,1.0,1,1.0,1,1.0,1,0.20638798908691366,52
4160,1,6652,3344,3308,0,0,0,1.0,1,1.0,1,1.0,1,0.23205838359812256,50
4161,1,6653,3344,3309,0,0,0,1.0,1,1.0,1,1.0,1,0.20878800049980878,50
4162,2,6655,3345,3310,0,0,0,1.0,1,1.0,1,1.0,1,0.21407559235231696,51
4163,3,6658,3346,3312,0,0,0,1.0,1,1.0,1,1.0,1,0.23742694337071346,48
4164,3,6661,3348,3313,0,0,0,1.0,1,1.0,1,1.0,1,0.28891126600912004,50
4165,2,6663,3348,3315,0,0,0,1.0,1,1.0,1,1.0,1,0.25645843002457325,49
4166,1,6664,3348,3316,0,0,0,1.0,1,1.0,1,1.0,1,0.2440180911174134,50
4167,0,6664,3348,3316,0,0,0,1.0,1,1.0,1,1.0,1,0.24495384490203181,50
4168,1,6665,3348,3317,0,0,0,1.0,1,1.0,1,1.0,1,0.24623906096241652,50
4169,0,6665,3348,3317,0,0,0,1.0,1,1.0,1,1.0,1,0.2496382823232427,51
4170,1,6666,3348,3318,0,0,0,1.0,1,1.0,1,1.0,1,0.26198379901909596,50
4171,3,6669,3351,3318,0,0,0,1.0,1,1.0,1,1.0,1,0.27720045954979783,50
4172,0,6669,3351,3318,0,0,0,1.0,1,1.0,1,1.0,1,0.29806440797910766,49
4173,3,6672,3352,3320,0,0,0,1.0,1,1.0,1,1.0,1,0.3093991370878997,48
4174,3,6675,3353,3322,0,0,0,1.0,1,1.0,1,1.0,1,0.2936105862592657,48
4175,4,6679,3353,3326,0,0,0,1.0,1,1.0,1,1.0,1,0.24097576261557144,48
4176,0,6679,3353,3326,0,0,0,1.0,1,1.0,1,1.0,1,0.24806376134022104,50
4177,2,6681,3354,3327,0,0,0,1.0,1,1.0,1,1.0,1,0.24359678803389648,52
4178,1,6682,3355,3327,0,0,0,1.0,1,1.0,1,1.0,1,0.24686592130981713,53
4179,2,6684,3357,3327,0,0,0,1.0,1,1.0,1,1.0,1,0.2533228769951553,54
4180,2,6686,3357,3329,0,0,0,1.0,1,1.0,1,1.0,1,0.23645289112247114,55
4181,2,6688,3357,3331,0,0,0,1.0,1,1.0,1,1.0,1,0.20712087030096582,56
4182,1,6689,3358,3331,0,0,0,1.0,1,1.0,1,1.0,1,0.20656214298555323,56
4183,3,6692,3359,3333,0,0,0,1.0,1,1.0,1,1.0,1,0.20319698607287837,57
4184,3,6695,3362,3333,0,0,0,1.0,1,1.0,1,1.0,1,0.2517905660510705,57
4185,2,6697,3362,3335,0,0,0,1.0,1,1.0,1,1.0,1,0.2166113813876384,54
4186,3,6700,3364,3336,0,0,0,1.0,1,1.0,1,1.0,1,0.19288489193396738,55
4187,1,6701,3364,3337,0,0,0,1.0,1,1.0,1,1.0,1,0.17823049214175057,53
4188,2,6703,3365,3338,0,0,0,1.0,1,1.0,1,1.0,1,0.175196962002104,53
4189,3,6706,3367,3339,0,0,0,1.0,1,1.0,1,1.0,1,0.17964728973062877,53
4190,0,6706,3367,3339,0,0,0,1.0,1,1.0,1,1.0,1,0.17964728973062877,53
4191,0,6706,3367,3339,0,0,0,1.0,1,1.0,1,1.0,1,0.19714148283498706,51
4192,1,6707,3368,3339,0,0,0,1.0,1,1.0,1,1.0,1,0.21886102421173356,51
4193,2,6709,3370,3339,0,0,0,1.0,1,1.0,1,1.0,1,0.22334299005636907,50
4194,0,6709,3370,3339,0,0,0,1.0,1,1.0,1,1.0,1,0.23273999156227276,50
4195,1,6710,3371,3339,0,0,0,1.0,1,1.0,1,1.0,1,0.2675475560922793,50
4196,4,6714,3372,3342,0,0,0,1.0,1,1.0,1,1.0,1,0.27333167248578544,51
4197,4,6718,3373,3345,0,0,0,1.0,1,1.0,1,1.0,1,0.21615162812457567,50
4198,1,6719,3373,3346,0,0,0,1.0,1,1.0,1,1.0,1,0.2202528688232221,48
4199,2,6721,3373,3348,0,0,0,1.0,1,1.0,1,1.0,1,0.23862697137210223,48
4200,1,6722,3373,3349,0,0,0,1.0,1,1.0,1,1.0,1,0.245627725866892,48
4201,0,6722,3373,3349,0,0,0,1.0,1,1.0,1,1.0,1,0.279158776775567,47
4202,0,6722,3373,3349,0,0,0,1.0,1,1.0,1,1.0,1,0.279158776775567,47
4203,0,6722,3373,3349,0,0,0,1.0,1,1.0,1,1.0,1,0.279158776775567,47
4204,2,6724,3375,3349,0,0,0,1.0,1,1.0,1,1.0,1,0.3124504717608666,48
4205,0,6724,3375,3349,0,0,0,1.0,1,1.0,1,1.0,1,0.2952754898333134,49
4206,1,6725,3375,3350,0,0,0,1.0,1,1.0,1,1.0,1,0.29137742442236886,49
4207,0,6725,3375,3350,0,0,0,1.0,1,1.0,1,1.0,1,0.2787297274904547,48
4208,1,6726,3376,3350,0,0,0,1.0,1,1.0,1,1.0,1,0.2727459486556003,49
4209,2,6728,3378,3350,0,0,0,1.0,1,1.0,1,1.0,1,0.29389270832028874,51
4210,2,6730,3379,3351,0,0,0,1.0,1,1.0,1,1.0,1,0.3035639937857306,52
4211,3,6733,3379,3354,0,0,0,1.0,1,1.0,1,1.0,1,0.28767389575007307,53
4212,2,6735,3379,3356,0,0,0,1.0,1,1.0,1,1.0,1,0.2635939184405566,53
4213,0,6735,3379,3356,0,0,0,1.0,1,1.0,1,1.0,1,0.268377259225824,54
4214,2,6737,3380,3357,0,0,0,1.0,1,1.0,1,1.0,1,0.2813779056470487,54
4215,1,6738,3380,3358,0,0,0,1.0,1,1.0,1,1.0,1,0.27371980860620143,54
4216,1,6739,3380,3359,0,0,0,1.0,1,1.0,1,1.0,1,0.2853080500705067,53
4217,2,6741,3381,3360,0,0,0,1.0,1,1.0,1,1.0,1,0.3232749522757388,54
4218,4,6745,3383,3362,0,0,0,1.0,1,1.0,1,1.0,1,0.33195276679517227,53
4219,2,6747,3384,3363,0,0,0,1.0,1,1.0,1,1.0,1,0.34469160967924267,53
4220,1,6748,3384,3364,0,0,0,1.0,1,1.0,1,1.0,1,0.3361601073776997,53
4221,1,6749,3384,3365,0,0,0,1.0,1,1.0,1,1.0,1,0.33038247122550624,54
4222,2,6751,3386,3365,0,0,0,1.0,1,1.0,1,1.0,1,0.3676003118204967,55
4223,4,6755,3387,3368,0,0,0,1.0,1,1.0,1,1.0,1,0.31574475407857,56
4224,2,6757,3389,3368,0,0,0,1.0,1,1.0,1,1.0,1,0.3288074623965407,55
4225,1,6758,3390,3368,0,0,0,1.0,1,1.0,1,1.0,1,0.3280410410042386,53
4226,7,6765,3394,3371,0,0,0,1.0,1,1.0,1,1.0,1,0.342252573015712,54
4227,1,6766,3395,3371,0,0,0,1.0,1,1.0,1,1.0,1,0.34112111619113067,52
4228,2,6768,3397,3371,0,0,0,1.0,1,1.0,1,1.0,1,0.354644037935738,51
4229,0,6768,3397,3371,0,0,0,1.0,1,1.0,1,1.0,1,0.363028687350946,48
4230,0,6768,3397,3371,0,0,0,1.0,1,1.0,1,1.0,1,0.3635235614446726,48
4231,0,6768,3397,3371,0,0,0,1.0,1,1.0,1,1.0,1,0.345336346530598,48
4232,2,6770,3398,3372,0,0,0,1.0,1,1.0,1,1.0,1,0.3190373511356848,48
4233,2,6772,3398,3374,0,0,0,1.0,1,1.0,1,1.0,1,0.27758643873117494,48
4234,2,6774,3400,3374,0,0,0,1.0,1,1.0,1,1.0,1,0.2982487435375302,49
4235,3,6777,3401,3376,0,0,0,1.0,1,1.0,1,1.0,1,0.2544403876859401,47
4236,2,6779,3402,3377,0,0,0,1.0,1,1.0,1,1.0,1,0.2776496707397637,47
4237,1,6780,3402,3378,0,0,0,1.0,1,1.0,1,1.0,1,0.26445248674759286,48
4238,2,6782,3402,3380,0,0,0,1.0,1,1.0,1,1.0,1,0.2405093842872064,47
4239,0,6782,3402,3380,0,0,0,1.0,1,1.0,1,1.0,1,0.2521148829273896,48
4240,1,6783,3403,3380,0,0,0,1.0,1,1.0,1,1.0,1,0.26750011013111213,47
4241,0,6783,3403,3380,0,0,0,1.0,1,1.0,1,1.0,1,0.28347073558642966,49
4242,0,6783,3403,3380,0,0,0,1.0,1,1.0,1,1.0,1,0.2771721635855093,49
4243,5,6788,3404,3384,0,0,0,1.0,1,1.0,1,1.0,1,0.2606057837228989,50
4244,0,6788,3404,3384,0,0,0,1.0,1,1.0,1,1.0,1,0.28634003712293415,51
4245,2,6790,3404,3386,0,0,0,1.0,1,1.0,1,1.0,1,0.28555868358726205,51
4246,1,6791,3404,3387,0,0,0,1.0,1,1.0,1,1.0,1,0.27768652524538373,51
4247,3,6794,3404,3390,0,0,0,1.0,1,1.0,1,1.0,1,0.2654039554625623,52
4248,4,6798,3404,3394,0,0,0,1.0,1,1.0,1,1.0,1,0.22127456166443096,52
4249,2,6800,3404,3396,0,0,0,1.0,1,1.0,1,1.0,1,0.19886803419936605,52
4250,0,6800,3404,3396,0,0,0,1.0,1,1.0,1,1.0,1,0.19886803419936605,52
4251,3,6803,3405,3398,0,0,0,1.0,1,1.0,1,1.0,1,0.15553443798077635,53
4252,1,6804,3405,3399,0,0,0,1.0,1,1.0,1,1.0,1,0.13928786330341242,53
4253,2,6806,3407,3399,0,0,0,1.0,1,1.0,1,1.0,1,0.16918677435806892,54
4254,3,6809,3409,3400,0,0,0,1.0,1,1.0,1,1.0,1,0.18675881382944007,54
4255,2,6811,3410,3401,0,0,0,1.0,1,1.0,1,1.0,1,0.20708085076160307,55
4256,3,6814,3412,3402,0,0,0,1.0,1,1.0,1,1.0,1,0.1875700575074951,57
4257,3,6817,3412,3405,0,0,0,1.0,1,1.0,1,1.0,1,0.14949426850811154,57
4258,1,6818,3412,3406,0,0,0,1.0,1,1.0,1,1.0,1,0.17018870966745428,57
4259,2,6820,3412,3408,0,0,0,1.0,1,1.0,1,1.0,1,0.14043507087918614,57
4260,1,6821,3412,3409,0,0,0,1.0,1,1.0,1,1.0,1,0.1449124083791837,58
4261,0,6821,3412,3409,0,0,0,1.0,1,1.0,1,1.0,1,0.15147094281415152,59
4262,2,6823,3413,3410,0,0,0,1.0,1,1.0,1,1.0,1,0.14805414949341764,60
4263,2,6825,3415,3410,0,0,0,1.0,1,1.0,1,1.0,1,0.16536650971737074,59
4264,2,6827,3417,3410,0,0,0,1.0,1,1.0,1,1.0,1,0.19648511115275516,58
4265,2,6829,3418,3411,0,0,0,1.0,1,1.0,1,1.0,1,0.16673078497897315,58
4266,2,6831,3419,3412,0,0,0,1.0,1,1.0,1,1.0,1,0.1727162460897432,58
4267,2,6833,3420,3413,0,0,0,1.0,1,1.0,1,1.0,1,0.17062557178769713,55
4268,4,6837,3422,3415,0,0,0,1.0,1,1.0,1,1.0,1,0.18437752835711022,55
4269,3,6840,3425,3415,0,0,0,1.0,1,1.0,1,1.0,1,0.22518689847954218,50
4270,2,6842,3427,3415,0,0,0,1.0,1,1.0,1,1.0,1,0.2710392863060074,47
4271,0,6842,3427,3415,0,0,0,1.0,1,1.0,1,1.0,1,0.27083496147183833,47
4272,0,6842,3427,3415,0,0,0,1.0,1,1.0,1,1.0,1,0.29360251769132156,46
4273,4,6846,3429,3417,0,0,0,1.0,1,1.0,1,1.0,1,0.28333746537733484,47
4274,2,6848,3430,3418,0,0,0,1.0,1,1.0,1,1.0,1,0.2743097636350994,45
4275,6,6854,3434,3420,0,0,0,1.0,1,1.0,1,1.0,1,0.24447619831507833,44
4276,1,6855,3434,3421,0,0,0,1.0,1,1.0,1,1.0,1,0.22269363752709984,43
4277,5,6860,3438,3422,0,0,0,1.0,1,1.0,1,1.0,1,0.21479919893157806,42
4278,4,6864,3440,3424,0,0,0,1.0,1,1.0,1,1.0,1,0.21972555184447132,43
4279,4,6868,3443,3425,0,0,0,1.0,1,1.0,1,1.0,1,0.24525530774815824,42
4280,2,6870,3445,3425,0,0,0,1.0,1,1.0,1,1.0,1,0.29361006143053947,44
4281,3,6873,3446,3427,0,0,0,1.0,1,1.0,1,1.0,1,0.2767704825500714,44
4282,1,6874,3446,3428,0,0,0,1.0,1,1.0,1,1.0,1,0.2645535875873086,44
4283,1,6875,3446,3429,0,0,0,1.0,1,1.0,1,1.0,1,0.23266167514185163,45
4284,1,6876,3446,3430,0,0,0,1.0,1,1.0,1,1.0,1,0.1883514297408309,45
4285,1,6877,3446,3431,0,0,0,1.0,1,1.0,1,1.0,1,0.14748046299911735,47
4286,0,6877,3446,3431,0,0,0,1.0,1,1.0,1,1.0,1,0.14748046299911735,47
4287,0,6877,3446,3431,0,0,0,1.0,1,1.0,1,1.0,1,0.14745976397891497,49
4288,0,6877,3446,3431,0,0,0,1.0,1,1.0,1,1.0,1,0.14745976397891497,49
4289,0,6877,3446,3431,0,0,0,1.0,1,1.0,1,1.0,1,0.14956606099005917,50
4290,0,6877,3446,3431,0,0,0,1.0,1,1.0,1,1.0,1,0.14916684378286543,51
4291,2,6879,3448,3431,0,0,0,1.0,1,1.0,1,1.0,1,0.17913556650374146,50
4292,2,6881,3449,3432,0,0,0,1.0,1,1.0,1,1.0,1,0.19683926554374606,51
4293,2,6883,3449,3434,0,0,0,1.0,1,1.0,1,1.0,1,0.14979159296489059,51
4294,2,6885,3451,3434,0,0,0,1.0,1,1.0,1,1.0,1,0.21383380396750326,50
4295,2,6887,3452,3435,0,0,0,1.0,1,1.0,1,1.0,1,0.23477868652776904,50
4296,0,6887,3452,3435,0,0,0,1.0,1,1.0,1,1.0,1,0.2192804560822504,49
4297,2,6889,3452,3437,0,0,0,1.0,1,1.0,1,1.0,1,0.18805816161651087,49
4298,0,6889,3452,3437,0,0,0,1.0,1,1.0,1,1.0,1,0.18805816161651087,49
4299,1,6890,3452,3438,0,0,0,1.0,1,1.0,1,1.0,1,0.16777974256900077,48
4300,3,6893,3454,3439,0,0,0,1.0,1,1.0,1,1.0,1,0.17415031518475843,49
4301,3,6896,3455,3441,0,0,0,1.0,1,1.0,1,1.0,1,0.15786552537701684,50
4302,1,6897,3455,3442,0,0,0,1.0,1,1.0,1,1.0,1,0.16212292227031236,51
4303,3,6900,3457,3443,0,0,0,1.0,1,1.0,1,1.0,1,0.1846897549156269,51
4304,3,6903,3460,3443,0,0,0,1.0,1,1.0,1,1.0,1,0.2229615498130771,51
4305,4,6907,3461,3446,0,0,0,1.0,1,1.0,1,1.0,1,0.17559609230367337,49
4306,4,6911,3464,3447,0,0,0,1.0,1,1.0,1,1.0,1,0.20938284351209438,49
4307,5,6916,3467,3449,0,0,0,1.0,1,1.0,1,1.0,1,0.14260049881525413,46
4308,1,6917,3468,3449,0,0,0,1.0,1,1.0,1,1.0,1,0.18516502022432516,44
4309,3,6920,3470,3450,0,0,0,1.0,1,1.0,1,1.0,1,0.1676210231050027,44
4310,1,6921,3471,3450,0,0,0,1.0,1,1.0,1,1.0,1,0.20985853124255485,42
4311,3,6924,3471,3453,0,0,0,1.0,1,1.0,1,1.0,1,0.16121683722791483,42
4312,2,6926,3472,3454,0,0,0,1.0,1,1.0,1,1.0,1,0.13380166404957758,40
4313,2,6928,3474,3454,0,0,0,1.0,1,1.0,1,1.0,1,0.17064532357689816,40
4314,0,6928,3474,3454,0,0,0,1.0,1,1.0,1,1.0,1,0.16487821835647246,36
4315,1,6929,3475,3454,0,0,0,1.0,1,1.0,1,1.0,1,0.21760066389127872,37
4316,4,6933,3478,3455,0,0,0,1.0,1,1.0,1,1.0,1,0.22151283039307965,37
4317,4,6937,3481,3456,0,0,0,1.0,1,1.0,1,1.0,1,0.2592321210887848,36
4318,2,6939,3482,3457,0,0,0,1.0,1,1.0,1,1.0,1,0.25548836681851306,34
4319,0,6939,3482,3457,0,0,0,1.0,1,1.0,1,1.0,1,0.2359519102165272,34
4320,0,6939,3482,3457,0,0,0,1.0,1,1.0,1,1.0,1,0.2359519102165272,34
4321,0,6939,3482,3457,0,0,0,1.0,1,1.0,1,1.0,1,0.2853753739129076,35
4322,0,6939,3482,3457,0,0,0,1.0,1,1.0,1,1.0,1,0.2853753739129076,35
4323,0,6939,3482,3457,0,0,0,1.0,1,1.0,1,1.0,1,0.2853753739129076,35
4324,0,6939,3482,3457,0,0,0,1.0,1,1.0,1,1.0,1,0.2934545867603021,34
4325,0,6939,3482,3457,0,0,0,1.0,1,1.0,1,1.0,1,0.2934545867603021,34
4326,1,6940,3483,3457,0,0,0,1.0,1,1.0,1,1.0,1,0.30826807119348526,36
4327,1,6941,3483,3458,0,0,0,1.0,1,1.0,1,1.0,1,0.2768803127755913,35
4328,1,6942,3484,3458,0,0,0,1.0,1,1.0,1,1.0,1,0.2785454069644791,35
4329,3,6945,3485,3460,0,0,0,1.0,1,1.0,1,1.0,1,0.25609144297501557,38
4330,4,6949,3487,3462,0,0,0,1.0,1,1.0,1,1.0,1,0.2855262677004488,38
4331,1,6950,3487,3463,0,0,0,1.0,1,1.0,1,1.0,1,0.25310373448118617,39
4332,0,6950,3487,3463,0,0,0,1.0,1,1.0,1,1.0,1,0.2704503145052853,40
4333,0,6950,3487,3463,0,0,0,1.0,1,1.0,1,1.0,1,0.24625025115246404,41
4334,1,6951,3488,3463,0,0,0,1.0,1,1.0,1,1.0,1,0.2326175821542735,41
4335,2,6953,3490,3463,0,0,0,1.0,1,1.0,1,1.0,1,0.19770269454960748,42
4336,1,6954,3490,3464,0,0,0,1.0,1,1.0,1,1.0,1,0.20004280125607388,43
4337,1,6955,3490,3465,0,0,0,1.0,1,1.0,1,1.0,1,0.1602729174127642,44
4338,0,6955,3490,3465,0,0,0,1.0,1,1.0,1,1.0,1,0.1602729174127642,44
4339,3,6958,3492,3466,0,0,0,1.0,1,1.0,1,1.0,1,0.18014966872825783,46
4340,2,6960,3493,3467,0,0,0,1.0,1,1.0,1,1.0,1,0.19861662080812656,47
4341,2,6962,3494,3468,0,0,0,1.0,1,1.0,1,1.0,1,0.1883820175396156,47
4342,4,6966,3497,3469,0,0,0,1.0,1,1.0,1,1.0,1,0.2574014583522242,47
4343,0,6966,3497,3469,0,0,0,1.0,1,1.0,1,1.0,1,0.21383288371220457,42
4344,3,6969,3500,3469,0,0,0,1.0,1,1.0,1,1.0,1,0.302983810110555,42
4345,4,6973,3503,3470,0,0,0,1.0,1,1.0,1,1.0,1,0.3825614869640996,39
4346,2,6975,3504,3471,0,0,0,1.0,1,1.0,1,1.0,1,0.39020497008629174,37
4347,2,6977,3504,3473,0,0,0,1.0,1,1.0,1,1.0,1,0.3848939414684772,37
4348,5,6982,3506,3476,0,0,0,1.0,1,1.0,1,1.0,1,0.3427744424540362,38
4349,2,6984,3506,3478,0,0,0,1.0,1,1.0,1,1.0,1,0.2833615511688206,36
4350,1,6985,3507,3478,0,0,0,1.0,1,1.0,1,1.0,1,0.310103930347606,37
4351,0,6985,3507,3478,0,0,0,1.0,1,1.0,1,1.0,1,0.3203704032391083,35
4352,2,6987,3509,3478,0,0,0,1.0,1,1.0,1,1.0,1,0.38048418996946876,34
4353,2,6989,3509,3480,0,0,0,1.0,1,1.0,1,1.0,1,0.33844047315358505,34
4354,3,6992,3510,3482,0,0,0,1.0,1,1.0,1,1.0,1,0.3059165458252405,32
4355,4,6996,3510,3486,0,0,0,1.0,1,1.0,1,1.0,1,0.17318635224387735,32
4356,1,6997,3511,3486,0,0,0,1.0,1,1.0,1,1.0,1,0.1827354938174903,34
4357,0,6997,3511,3486,0,0,0,1.0,1,1.0,1,1.0,1,0.19346517617797618,35
4358,2,6999,3513,3486,0,0,0,1.0,1,1.0,1,1.0,1,0.23872766379590796,35
4359,4,7003,3514,3489,0,0,0,1.0,1,1.0,1,1.0,1,0.2485706567890359,37
4360,0,7003,3514,3489,0,0,0,1.0,1,1.0,1,1.0,1,0.25423024043915216,38
4361,2,7005,3515,3490,0,0,0,1.0,1,1.0,1,1.0,1,0.21341728229566861,39
4362,4,7009,3517,3492,0,0,0,1.0,1,1.0,1,1.0,1,0.19521960490183676,38
4363,0,7009,3517,3492,0,0,0,1.0,1,1.0,1,1.0,1,0.19521960490183676,38
4364,3,7012,3518,3494,0,0,0,1.0,1,1.0,1,1.0,1,0.15427084022096663,39
4365,0,7012,3518,3494,0,0,0,1.0,1,1.0,1,1.0,1,0.15427084022096663,39
4366,1,7013,3519,3494,0,0,0,1.0,1,1.0,1,1.0,1,0.17495461534035028,39
4367,1,7014,3519,3495,0,0,0,1.0,1,1.0,1,1.0,1,0.14711882964171163,41
4368,1,7015,3520,3495,0,0,0,1.0,1,1.0,1,1.0,1,0.18767043704673556,41
4369,0,7015,3520,3495,0,0,0,1.0,1,1.0,1,1.0,1,0.19306864059415615,42
4370,0,7015,3520,3495,0,0,0,1.0,1,1.0,1,1.0,1,0.19306864059415615,42
4371,0,7015,3520,3495,0,0,0,1.0,1,1.0,1,1.0,1,0.21036867714521512,43
4372,2,7017,3522,3495,0,0,0,1.0,1,1.0,1,1.0,1,0.26992212224278517,43
4373,4,7021,3522,3499,0,0,0,1.0,1,1.0,1,1.0,1,0.18066405945707434,43
4374,1,7022,3522,3500,0,0,0,1.0,1,1.0,1,1.0,1,0.18523673461224285,44
4375,2,7024,3524,3500,0,0,0,1.0,1,1.0,1,1.0,1,0.20630187340245038,45
4376,0,7024,3524,3500,0,0,0,1.0,1,1.0,1,1.0,1,0.2163256191173244,46
4377,3,7027,3526,3501,0,0,0,1.0,1,1.0,1,1.0,1,0.22843330685785918,47
4378,2,7029,3527,3502,0,0,0,1.0,1,1.0,1,1.0,1,0.20906448346071957,49
4379,4,7033,3529,3504,0,0,0,1.0,1,1.0,1,1.0,1,0.20184973626196162,51
4380,2,7035,3530,3505,0,0,0,1.0,1,1.0,1,1.0,1,0.22423856215439444,50
4381,1,7036,3530,3506,0,0,0,1.0,1,1.0,1,1.0,1,0.2114064794929394,49
4382,2,7038,3532,3506,0,0,0,1.0,1,1.0,1,1.0,1,0.23255212074660758,47
4383,1,7039,3533,3506,0,0,0,1.0,1,1.0,1,1.0,1,0.2555618628688426,47
4384,2,7041,3534,3507,0,0,0,1.0,1,1.0,1,1.0,1,0.23487412844205874,44
4385,0,7041,3534,3507,0,0,0,1.0,1,1.0,1,1.0,1,0.21204538844920062,42
4386,3,7044,3536,3508,0,0,0,1.0,1,1.0,1,1.0,1,0.26830623643492474,41
4387,2,7046,3538,3508,0,0,0,1.0,1,1.0,1,1.0,1,0.22976130282292395,39
4388,2,7048,3539,3509,0,0,0,1.0,1,1.0,1,1.0,1,0.23082750863744345,39
4389,5,7053,3542,3511,0,0,0,1.0,1,1.0,1,1.0,1,0.20211436145979214,38
4390,0,7053,3542,3511,0,0,0,1.0,1,1.0,1,1.0,1,0.21788701287531112,38
4391,4,7057,3542,3515,0,0,0,1.0,1,1.0,1,1.0,1,0.14853297000235074,39
4392,0,7057,3542,3515,0,0,0,1.0,1,1.0,1,1.0,1,0.14853297000235074,39
4393,0,7057,3542,3515,0,0,0,1.0,1,1.0,1,1.0,1,0.13651947443687648,40
4394,0,7057,3542,3515,0,0,0,1.0,1,1.0,1,1.0,1,0.15702912085888326,39
4395,1,7058,3543,3515,0,0,0,1.0,1,1.0,1,1.0,1,0.16359966157851136,39
4396,0,7058,3543,3515,0,0,0,1.0,1,1.0,1,1.0,1,0.21043496005724074,39
4397,3,7061,3544,3517,0,0,0,1.0,1,1.0,1,1.0,1,0.16904323925906994,38
4398,0,7061,3544,3517,0,0,0,1.0,1,1.0,1,1.0,1,0.17188689100371393,39
4399,0,7061,3544,3517,0,0,0,1.0,1,1.0,1,1.0,1,0.19391200833813826,42
4400,0,7061,3544,3517,0,0,0,1.0,1,1.0,1,1.0,1,0.20323653244560416,43
4401,0,7061,3544,3517,0,0,0,1.0,1,1.0,1,1.0,1,0.19386280159042588,44
4402,0,7061,3544,3517,0,0,0,1.0,1,1.0,1,1.0,1,0.19386280159042588,44
4403,0,7061,3544,3517,0,0,0,1.0,1,1.0,1,1.0,1,0.19054148641062824,45
4404,0,7061,3544,3517,0,0,0,1.0,1,1.0,1,1.0,1,0.19054148641062824,45
4405,0,7061,3544,3517,0,0,0,1.0,1,1.0,1,1.0,1,0.2041745414692257,46
4406,0,7061,3544,3517,0,0,0,1.0,1,1.0,1,1.0,1,0.2041745414692257,46
4407,0,7061,3544,3517,0,0,0,1.0,1,1.0,1,1.0,1,0.2041745414692257,46
4408,0,7061,3544,3517,0,0,0,1.0,1,1.0,1,1.0,1,0.20868029181077138,47
4409,1,7062,3545,3517,0,0,0,1.0,1,1.0,1,1.0,1,0.2385732500832648,48
4410,2,7064,3545,3519,0,0,0,1.0,1,1.0,1,1.0,1,0.22097355370757912,48
4411,1,7065,3545,3520,0,0,0,1.0,1,1.0,1,1.0,1,0.21795794339007235,50
4412,2,7067,3546,3521,0,0,0,1.0,1,1.0,1,1.0,1,0.22389777102416672,50
4413,3,7070,3546,3524,0,0,0,1.0,1,1.0,1,1.0,1,0.20120328628402748,50
4414,2,7072,3547,3525,0,0,0,1.0,1,1.0,1,1.0,1,0.18712127747396531,51
4415,1,7073,3548,3525,0,0,0,1.0,1,1.0,1,1.0,1,0.18553443198260144,51
4416,0,7073,3548,3525,0,0,0,1.0,1,1.0,1,1.0,1,0.18553443198260144,51
4417,4,7077,3550,3527,0,0,0,1.0,1,1.0,1,1.0,1,0.18831379875537732,51
4418,0,7077,3550,3527,0,0,0,1.0,1,1.0,1,1.0,1,0.21619260765968193,51
4419,1,7078,3550,3528,0,0,0,1.0,1,1.0,1,1.0,1,0.191534186610604,50
4420,1,7079,3551,3528,0,0,0,1.0,1,1.0,1,1.0,1,0.21756711718873034,50
4421,2,7081,3551,3530,0,0,0,1.0,1,1.0,1,1.0,1,0.19034632364268178,52
4422,0,7081,3551,3530,0,0,0,1.0,1,1.0,1,1.0,1,0.2100806066765055,51
4423,1,7082,3551,3531,0,0,0,1.0,1,1.0,1,1.0,1,0.20049503670781646,51
4424,1,7083,3551,3532,0,0,0,1.0,1,1.0,1,1.0,1,0.19666912018444618,53
4425,0,7083,3551,3532,0,0,0,1.0,1,1.0,1,1.0,1,0.19693292297209503,54
4426,1,7084,3552,3532,0,0,0,1.0,1,1.0,1,1.0,1,0.1993500037868769,55
4427,1,7085,3552,3533,0,0,0,1.0,1,1.0,1,1.0,1,0.16872052167677287,55
4428,0,7085,3552,3533,0,0,0,1.0,1,1.0,1,1.0,1,0.16872052167677287,55
4429,2,7087,3553,3534,0,0,0,1.0,1,1.0,1,1.0,1,0.15381047065809933,56
4430,1,7088,3553,3535,0,0,0,1.0,1,1.0,1,1.0,1,0.13178652605610888,55
4431,1,7089,3553,3536,0,0,0,1.0,1,1.0,1,1.0,1,0.12471687630755661,56
4432,1,7090,3554,3536,0,0,0,1.0,1,1.0,1,1.0,1,0.1519829338910535,56
4433,0,7090,3554,3536,0,0,0,1.0,1,1.0,1,1.0,1,0.1596744673944764,57
4434,0,7090,3554,3536,0,0,0,1.0,1,1.0,1,1.0,1,0.1722781326347883,56
4435,1,7091,3555,3536,0,0,0,1.0,1,1.0,1,1.0,1,0.1803162031566378,56
4436,2,7093,3557,3536,0,0,0,1.0,1,1.0,1,1.0,1,0.17004366639254093,55
4437,0,7093,3557,3536,0,0,0,1.0,1,1.0,1,1.0,1,0.17935500642867772,54
4438,4,7097,3560,3537,0,0,0,1.0,1,1.0,1,1.0,1,0.2569316440805267,54
4439,5,7102,3560,3542,0,0,0,1.0,1,1.0,1,1.0,1,0.17790548191419392,55
4440,2,7104,3561,3543,0,0,0,1.0,1,1.0,1,1.0,1,0.17808283256950236,55
4441,1,7105,3562,3543,0,0,0,1.0,1,1.0,1,1.0,1,0.18864420487047218,59
4442,1,7106,3563,3543,0,0,0,1.0,1,1.0,1,1.0,1,0.19333572609639596,61
4443,3,7109,3565,3544,0,0,0,1.0,1,1.0,1,1.0,1,0.21319542732443603,60
4444,3,7112,3565,3547,0,0,0,1.0,1,1.0,1,1.0,1,0.17906506744911974,61
4445,1,7113,3565,3548,0,0,0,1.0,1,1.0,1,1.0,1,0.17019775741142648,61
4446,1,7114,3566,3548,0,0,0,1.0,1,1.0,1,1.0,1,0.19175633341843765,62
4447,3,7117,3566,3551,0,0,0,1.0,1,1.0,1,1.0,1,0.14612567476738325,63
4448,0,7117,3566,3551,0,0,0,1.0,1,1.0,1,1.0,1,0.14612567476738325,63
4449,0,7117,3566,3551,0,0,0,1.0,1,1.0,1,1.0,1,0.14612567476738325,63
4450,0,7117,3566,3551,0,0,0,1.0,1,1.0,1,1.0,1,0.14941435180795934,62
4451,0,7117,3566,3551,0,0,0,1.0,1,1.0,1,1.0,1,0.1462395013975538,63
4452,0,7117,3566,3551,0,0,0,1.0,1,1.0,1,1.0,1,0.1536112103490653,64
4453,0,7117,3566,3551,0,0,0,1.0,1,1.0,1,1.0,1,0.16120528901924785,65
4454,1,7118,3566,3552,0,0,0,1.0,1,1.0,1,1.0,1,0.1423254911837987,66
4455,1,7119,3566,3553,0,0,0,1.0,1,1.0,1,1.0,1,0.13254074059754428,67
4456,0,7119,3566,3553,0,0,0,1.0,1,1.0,1,1.0,1,0.13254074059754428,67
4457,2,7121,3566,3555,0,0,0,1.0,1,1.0,1,1.0,1,0.11985621036244688,65
4458,1,7122,3566,3556,0,0,0,1.0,1,1.0,1,1.0,1,0.13366944344604406,65
4459,3,7125,3569,3556,0,0,0,1.0,1,1.0,1,1.0,1,0.2153695152678626,64
4460,1,7126,3569,3557,0,0,0,1.0,1,1.0,1,1.0,1,0.21482806216311742,63
4461,2,7128,3570,3558,0,0,0,1.0,1,1.0,1,1.0,1,0.23267998746941815,62
4462,6,7134,3576,3558,0,0,0,1.0,1,1.0,1,1.0,1,0.34445566875525147,61
4463,9,7143,3578,3565,0,0,0,1.0,1,1.0,1,1.0,1,0.2758746050253257,61
4464,2,7145,3580,3565,0,0,0,1.0,1,1.0,1,1.0,1,0.2764202997935688,58
4465,2,7147,3581,3566,0,0,0,1.0,1,1.0,1,1.0,1,0.27472259856582343,57
4466,5,7152,3584,3568,0,0,0,1.0,1,1.0,1,1.0,1,0.27160360054579336,54
4467,3,7155,3586,3569,0,0,0,1.0,1,1.0,1,1.0,1,0.260195385716407,52
4468,2,7157,3587,3570,0,0,0,1.0,1,1.0,1,1.0,1,0.24768649079456523,52
4469,3,7160,3588,3572,0,0,0,1.0,1,1.0,1,1.0,1,0.22007312174258395,51
4470,2,7162,3589,3573,0,0,0,1.0,1,1.0,1,1.0,1,0.20415673383492844,51
4471,2,7164,3590,3574,0,0,0,1.0,1,1.0,1,1.0,1,0.186337618502215,50
4472,0,7164,3590,3574,0,0,0,1.0,1,1.0,1,1.0,1,0.17463969461327603,48
4473,0,7164,3590,3574,0,0,0,1.0,1,1.0,1,1.0,1,0.1780012412985228,47
4474,2,7166,3592,3574,0,0,0,1.0,1,1.0,1,1.0,1,0.18131256108248428,49
4475,2,7168,3593,3575,0,0,0,1.0,1,1.0,1,1.0,1,0.21524236969268465,47
4476,3,7171,3595,3576,0,0,0,1.0,1,1.0,1,1.0,1,0.21626629061368266,49
4477,4,7175,3596,3579,0,0,0,1.0,1,1.0,1,1.0,1,0.2000205657595835,48
4478,1,7176,3596,3580,0,0,0,1.0,1,1.0,1,1.0,1,0.19321743526403679,48
4479,0,7176,3596,3580,0,0,0,1.0,1,1.0,1,1.0,1,0.19321743526403679,48
4480,1,7177,3596,3581,0,0,0,1.0,1,1.0,1,1.0,1,0.18051151643630184,49
4481,1,7178,3596,3582,0,0,0,1.0,1,1.0,1,1.0,1,0.169659283057427,49
4482,0,7178,3596,3582,0,0,0,1.0,1,1.0,1,1.0,1,0.169659283057427,49
4483,0,7178,3596,3582,0,0,0,1.0,1,1.0,1,1.0,1,0.1711387333193334,50
4484,2,7180,3597,3583,0,0,0,1.0,1,1.0,1,1.0,1,0.15587444398648717,52
4485,0,7180,3597,3583,0,0,0,1.0,1,1.0,1,1.0,1,0.16483550846490508,53
4486,2,7182,3598,3584,0,0,0,1.0,1,1.0,1,1.0,1,0.16776894646476387,55
4487,2,7184,3600,3584,0,0,0,1.0,1,1.0,1,1.0,1,0.16554837205266454,55
4488,1,7185,3601,3584,0,0,0,1.0,1,1.0,1,1.0,1,0.1666565375371538,54
4489,1,7186,3601,3585,0,0,0,1.0,1,1.0,1,1.0,1,0.17964516832032698,53
4490,1,7187,3602,3585,0,0,0,1.0,1,1.0,1,1.0,1,0.2068358115280745,53
4491,1,7188,3602,3586,0,0,0,1.0,1,1.0,1,1.0,1,0.177858999411595,52
4492,0,7188,3602,3586,0,0,0,1.0,1,1.0,1,1.0,1,0.177858999411595,52
4493,2,7190,3603,3587,0,0,0,1.0,1,1.0,1,1.0,1,0.2096310432679086,52
4494,0,7190,3603,3587,0,0,0,1.0,1,1.0,1,1.0,1,0.2211877521472954,53
4495,7,7197,3608,3589,0,0,0,1.0,1,1.0,1,1.0,1,0.22821477367117218,50
4496,6,7203,3612,3591,0,0,0,1.0,1,1.0,1,1.0,1,0.25200301254532337,51
4497,5,7208,3614,3594,0,0,0,1.0,1,1.0,1,1.0,1,0.1974906994887696,50
4498,3,7211,3616,3595,0,0,0,1.0,1,1.0,1,1.0,1,0.2107844443082273,49
4499,1,7212,3616,3596,0,0,0,1.0,1,1.0,1,1.0,1,0.18664640432651158,48
4500,1,7213,3616,3597,0,0,0,1.0,1,1.0,1,1.0,1,0.15950524958130918,48
4501,1,7214,3617,3597,0,0,0,1.0,1,1.0,1,1.0,1,0.17262052623961271,48
4502,1,7215,3618,3597,0,0,0,1.0,1,1.0,1,1.0,1,0.1559435483732857,49
4503,6,7221,3622,3599,0,0,0,1.0,1,1.0,1,1.0,1,0.17791466061531303,49
4504,1,7222,3623,3599,0,0,0,1.0,1,1.0,1,1.0,1,0.20242370962878342,45
4505,1,7223,3623,3600,0,0,0,1.0,1,1.0,1,1.0,1,0.2029728207974435,46
4506,3,7226,3626,3600,0,0,0,1.0,1,1.0,1,1.0,1,0.25968250198891446,45
4507,2,7228,3626,3602,0,0,0,1.0,1,1.0,1,1.0,1,0.23875905620559862,45
4508,2,7230,3628,3602,0,0,0,1.0,1,1.0,1,1.0,1,0.2429619290607289,43
4509,1,7231,3628,3603,0,0,0,1.0,1,1.0,1,1.0,1,0.21301021572816994,41
4510,2,7233,3629,3604,0,0,0,1.0,1,1.0,1,1.0,1,0.23165225091625696,42
4511,2,7235,3630,3605,0,0,0,1.0,1,1.0,1,1.0,1,0.23346462380893657,41
4512,0,7235,3630,3605,0,0,0,1.0,1,1.0,1,1.0,1,0.23346462380893657,41
4513,1,7236,3630,3606,0,0,0,1.0,1,1.0,1,1.0,1,0.21300026135408107,41
4514,3,7239,3633,3606,0,0,0,1.0,1,1.0,1,1.0,1,0.2553211874271292,42
4515,3,7242,3634,3608,0,0,0,1.0,1,1.0,1,1.0,1,0.23394338629130748,41
4516,2,7244,3634,3610,0,0,0,1.0,1,1.0,1,1.0,1,0.2569433333748854,42
4517,3,7247,3636,3611,0,0,0,1.0,1,1.0,1,1.0,1,0.2550496288609744,43
4518,0,7247,3636,3611,0,0,0,1.0,1,1.0,1,1.0,1,0.2644031282101585,42
4519,3,7250,3637,3613,0,0,0,1.0,1,1.0,1,1.0,1,0.27420754993576035,42
4520,3,7253,3637,3616,0,0,0,1.0,1,1.0,1,1.0,1,0.25051529694526736,42
4521,3,7256,3638,3618,0,0,0,1.0,1,1.0,1,1.0,1,0.23348355250729758,42
4522,0,7256,3638,3618,0,0,0,1.0,1,1.0,1,1.0,1,0.23348355250729758,42
4523,0,7256,3638,3618,0,0,0,1.0,1,1.0,1,1.0,1,0.23348355250729758,42
4524,4,7260,3640,3620,0,0,0,1.0,1,1.0,1,1.0,1,0.1837307142119929,43
4525,2,7262,3641,3621,0,0,0,1.0,1,1.0,1,1.0,1,0.20495372200043876,46
4526,2,7264,3642,3622,0,0,0,1.0,1,1.0,1,1.0,1,0.19616217580825507,46
4527,3,7267,3645,3622,0,0,0,1.0,1,1.0,1,1.0,1,0.21360515381810435,47
4528,2,7269,3645,3624,0,0,0,1.0,1,1.0,1,1.0,1,0.20275722283056247,49
4529,1,7270,3646,3624,0,0,0,1.0,1,1.0,1,1.0,1,0.17503514308520765,50
4530,1,7271,3647,3624,0,0,0,1.0,1,1.0,1,1.0,1,0.1519195301441541,51
4531,0,7271,3647,3624,0,0,0,1.0,1,1.0,1,1.0,1,0.1519195301441541,51
4532,1,7272,3647,3625,0,0,0,1.0,1,1.0,1,1.0,1,0.14201705056156225,51
4533,0,7272,3647,3625,0,0,0,1.0,1,1.0,1,1.0,1,0.15393339210070528,50
4534,1,7273,3647,3626,0,0,0,1.0,1,1.0,1,1.0,1,0.1502576932677469,51
4535,1,7274,3648,3626,0,0,0,1.0,1,1.0,1,1.0,1,0.15640920588175417,50
4536,1,7275,3648,3627,0,0,0,1.0,1,1.0,1,1.0,1,0.177909793247532,48
4537,2,7277,3649,3628,0,0,0,1.0,1,1.0,1,1.0,1,0.20340471845211994,49
4538,1,7278,3649,3629,0,0,0,1.0,1,1.0,1,1.0,1,0.2389613483570536,48
4539,1,7279,3650,3629,0,0,0,1.0,1,1.0,1,1.0,1,0.302670979966135,50
4540,0,7279,3650,3629,0,0,0,1.0,1,1.0,1,1.0,1,0.27372395744905326,49
4541,1,7280,3651,3629,0,0,0,1.0,1,1.0,1,1.0,1,0.2751871114993059,49
4542,3,7283,3654,3629,0,0,0,1.0,1,1.0,1,1.0,1,0.317650753948208,47
4543,4,7287,3656,3631,0,0,0,1.0,1,1.0,1,1.0,1,0.3115351062431796,45
4544,2,7289,3657,3632,0,0,0,1.0,1,1.0,1,1.0,1,0.3066165541900106,45
4545,5,7294,3659,3635,0,0,0,1.0,1,1.0,1,1.0,1,0.3059534351904584,43
4546,1,7295,3660,3635,0,0,0,1.0,1,1.0,1,1.0,1,0.3180734378890689,43
4547,3,7298,3661,3637,0,0,0,1.0,1,1.0,1,1.0,1,0.30633199692652757,41
4548,1,7299,3662,3637,0,0,0,1.0,1,1.0,1,1.0,1,0.340773990716636,42
4549,1,7300,3662,3638,0,0,0,1.0,1,1.0,1,1.0,1,0.2938541602967501,41
4550,4,7304,3664,3640,0,0,0,1.0,1,1.0,1,1.0,1,0.30451954884358606,41
4551,1,7305,3664,3641,0,0,0,1.0,1,1.0,1,1.0,1,0.27612053660403263,39
4552,0,7305,3664,3641,0,0,0,1.0,1,1.0,1,1.0,1,0.2774282927942352,38
4553,2,7307,3665,3642,0,0,0,1.0,1,1.0,1,1.0,1,0.2936901309473872,39
4554,1,7308,3666,3642,0,0,0,1.0,1,1.0,1,1.0,1,0.3204085495767632,38
4555,3,7311,3667,3644,0,0,0,1.0,1,1.0,1,1.0,1,0.3141643584314595,37
4556,1,7312,3667,3645,0,0,0,1.0,1,1.0,1,1.0,1,0.2654562635399126,36
4557,1,7313,3667,3646,0,0,0,1.0,1,1.0,1,1.0,1,0.25259648642337473,38
4558,1,7314,3668,3646,0,0,0,1.0,1,1.0,1,1.0,1,0.2798043126015161,39
4559,0,7314,3668,3646,0,0,0,1.0,1,1.0,1,1.0,1,0.306502161374434,38
4560,2,7316,3669,3647,0,0,0,1.0,1,1.0,1,1.0,1,0.33454085571504827,41
4561,0,7316,3669,3647,0,0,0,1.0,1,1.0,1,1.0,1,0.33454085571504827,41
4562,1,7317,3669,3648,0,0,0,1.0,1,1.0,1,1.0,1,0.33684075215816445,43
4563,0,7317,3669,3648,0,0,0,1.0,1,1.0,1,1.0,1,0.3257353264283365,42
4564,0,7317,3669,3648,0,0,0,1.0,1,1.0,1,1.0,1,0.34053071819975655,43
4565,1,7318,3669,3649,0,0,0,1.0,1,1.0,1,1.0,1,0.32581453244801517,44
4566,7,7325,3669,3656,0,0,0,1.0,1,1.0,1,1.0,1,0.196640122670818,45
4567,5,7330,3670,3660,0,0,0,1.0,1,1.0,1,1.0,1,0.1670672804595268,47
4568,0,7330,3670,3660,0,0,0,1.0,1,1.0,1,1.0,1,0.1670672804595268,47
4569,1,7331,3671,3660,0,0,0,1.0,1,1.0,1,1.0,1,0.16100228275413772,49
4570,0,7331,3671,3660,0,0,0,1.0,1,1.0,1,1.0,1,0.16100228275413772,49
4571,0,7331,3671,3660,0,0,0,1.0,1,1.0,1,1.0,1,0.1582744662034105,48
4572,0,7331,3671,3660,0,0,0,1.0,1,1.0,1,1.0,1,0.1582744662034105,48
4573,0,7331,3671,3660,0,0,0,1.0,1,1.0,1,1.0,1,0.1582744662034105,48
4574,1,7332,3672,3660,0,0,0,1.0,1,1.0,1,1.0,1,0.1935006762889019,50
4575,3,7335,3674,3661,0,0,0,1.0,1,1.0,1,1.0,1,0.23328312115498212,51
4576,1,7336,3674,3662,0,0,0,1.0,1,1.0,1,1.0,1,0.24079955684896778,48
4577,0,7336,3674,3662,0,0,0,1.0,1,1.0,1,1.0,1,0.2563550534239076,47
4578,2,7338,3675,3663,0,0,0,1.0,1,1.0,1,1.0,1,0.25841670680393747,46
4579,1,7339,3675,3664,0,0,0,1.0,1,1.0,1,1.0,1,0.23779657751129366,46
4580,0,7339,3675,3664,0,0,0,1.0,1,1.0,1,1.0,1,0.22323212952224747,47
4581,1,7340,3675,3665,0,0,0,1.0,1,1.0,1,1.0,1,0.2123714240480407,47
4582,0,7340,3675,3665,0,0,0,1.0,1,1.0,1,1.0,1,0.2249174365564594,48
4583,0,7340,3675,3665,0,0,0,1.0,1,1.0,1,1.0,1,0.2249174365564594,48
4584,0,7340,3675,3665,0,0,0,1.0,1,1.0,1,1.0,1,0.24164978111041802,50
4585,1,7341,3676,3665,0,0,0,1.0,1,1.0,1,1.0,1,0.2593412867712123,50
4586,0,7341,3676,3665,0,0,0,1.0,1,1.0,1,1.0,1,0.2593412867712123,50
4587,0,7341,3676,3665,0,0,0,1.0,1,1.0,1,1.0,1,0.2593412867712123,50
4588,0,7341,3676,3665,0,0,0,1.0,1,1.0,1,1.0,1,0.2593412867712123,50
4589,3,7344,3677,3667,0,0,0,1.0,1,1.0,1,1.0,1,0.2472501745848631,52
4590,0,7344,3677,3667,0,0,0,1.0,1,1.0,1,1.0,1,0.2472501745848631,52
4591,0,7344,3677,3667,0,0,0,1.0,1,1.0,1,1.0,1,0.25077459715235895,53
4592,0,7344,3677,3667,0,0,0,1.0,1,1.0,1,1.0,1,0.2650460254188581,54
4593,1,7345,3677,3668,0,0,0,1.0,1,1.0,1,1.0,1,0.24752238039220859,56
4594,1,7346,3677,3669,0,0,0,1.0,1,1.0,1,1.0,1,0.24007172455222703,57
4595,2,7348,3678,3670,0,0,0,1.0,1,1.0,1,1.0,1,0.23776775603974495,56
4596,2,7350,3678,3672,0,0,0,1.0,1,1.0,1,1.0,1,0.21092837490253386,56
4597,1,7351,3679,3672,0,0,0,1.0,1,1.0,1,1.0,1,0.2162656403162757,56
4598,5,7356,3681,3675,0,0,0,1.0,1,1.0,1,1.0,1,0.22227145611495516,57
4599,2,7358,3681,3677,0,0,0,1.0,1,1.0,1,1.0,1,0.18736879302780907,59
4600,0,7358,3681,3677,0,0,0,1.0,1,1.0,1,1.0,1,0.19930943045877283,60
4601,2,7360,3683,3677,0,0,0,1.0,1,1.0,1,1.0,1,0.24278834005214703,60
4602,1,7361,3683,3678,0,0,0,1.0,1,1.0,1,1.0,1,0.2149929986655717,62
4603,1,7362,3683,3679,0,0,0,1.0,1,1.0,1,1.0,1,0.19732015741725284,62
4604,0,7362,3683,3679,0,0,0,1.0,1,1.0,1,1.0,1,0.18494860243238975,63
4605,0,7362,3683,3679,0,0,0,1.0,1,1.0,1,1.0,1,0.18494860243238975,63
4606,1,7363,3683,3680,0,0,0,1.0,1,1.0,1,1.0,1,0.18124289347396674,64
4607,1,7364,3684,3680,0,0,0,1.0,1,1.0,1,1.0,1,0.17557543006382942,65
4608,2,7366,3685,3681,0,0,0,1.0,1,1.0,1,1.0,1,0.19228536082644915,66
4609,2,7368,3686,3682,0,0,0,1.0,1,1.0,1,1.0,1,0.2126353266342136,65
4610,0,7368,3686,3682,0,0,0,1.0,1,1.0,1,1.0,1,0.24055624926353594,63
4611,3,7371,3686,3685,0,0,0,1.0,1,1.0,1,1.0,1,0.22844695548981836,64
4612,0,7371,3686,3685,0,0,0,1.0,1,1.0,1,1.0,1,0.23017875354575731,62
4613,1,7372,3687,3685,0,0,0,1.0,1,1.0,1,1.0,1,0.2547997778510288,63
4614,3,7375,3689,3686,0,0,0,1.0,1,1.0,1,1.0,1,0.23936333895153236,61
4615,1,7376,3690,3686,0,0,0,1.0,1,1.0,1,1.0,1,0.28161854460006186,59
4616,1,7377,3691,3686,0,0,0,1.0,1,1.0,1,1.0,1,0.2833203425917901,58
4617,1,7378,3691,3687,0,0,0,1.0,1,1.0,1,1.0,1,0.2833896099497571,58
4618,1,7379,3692,3687,0,0,0,1.0,1,1.0,1,1.0,1,0.30022598762671354,57
4619,1,7380,3693,3687,0,0,0,1.0,1,1.0,1,1.0,1,0.3043004768908453,57
4620,2,7382,3693,3689,0,0,0,1.0,1,1.0,1,1.0,1,0.2675619262061812,57
4621,2,7384,3694,3690,0,0,0,1.0,1,1.0,1,1.0,1,0.26051985669406014,59
4622,5,7389,3696,3693,0,0,0,1.0,1,1.0,1,1.0,1,0.2619928062638519,60
4623,3,7392,3697,3695,0,0,0,1.0,1,1.0,1,1.0,1,0.2537136790003294,59
4624,2,7394,3699,3695,0,0,0,1.0,1,1.0,1,1.0,1,0.268908193023818,59
4625,1,7395,3700,3695,0,0,0,1.0,1,1.0,1,1.0,1,0.2804932252044855,57
4626,2,7397,3702,3695,0,0,0,1.0,1,1.0,1,1.0,1,0.3179411676037602,56
4627,4,7401,3703,3698,0,0,0,1.0,1,1.0,1,1.0,1,0.28593936715583784,56
4628,3,7404,3703,3701,0,0,0,1.0,1,1.0,1,1.0,1,0.2797882191133782,56
4629,3,7407,3703,3704,0,0,0,1.0,1,1.0,1,1.0,1,0.28367342604575685,56
4630,2,7409,3704,3705,0,0,0,1.0,1,1.0,1,1.0,1,0.27253532463838404,57
4631,1,7410,3704,3706,0,0,0,1.0,1,1.0,1,1.0,1,0.2778038603969376,56
4632,3,7413,3705,3708,0,0,0,1.0,1,1.0,1,1.0,1,0.3122088657586753,57
4633,3,7416,3705,3711,0,0,0,1.0,1,1.0,1,1.0,1,0.2731916610118006,58
4634,0,7416,3705,3711,0,0,0,1.0,1,1.0,1,1.0,1,0.2731916610118006,58
4635,2,7418,3705,3713,0,0,0,1.0,1,1.0,1,1.0,1,0.23897938249192277,59
4636,0,7418,3705,3713,0,0,0,1.0,1,1.0,1,1.0,1,0.22618356588665192,60
4637,2,7420,3705,3715,0,0,0,1.0,1,1.0,1,1.0,1,0.20939522624955276,60
4638,2,7422,3705,3717,0,0,0,1.0,1,1.0,1,1.0,1,0.21365403561753915,61
4639,0,7422,3705,3717,0,0,0,1.0,1,1.0,1,1.0,1,0.2242321333925858,62
4640,1,7423,3705,3718,0,0,0,1.0,1,1.0,1,1.0,1,0.23184933191277624,63
4641,2,7425,3707,3718,0,0,0,1.0,1,1.0,1,1.0,1,0.2405480956323634,63
4642,1,7426,3707,3719,0,0,0,1.0,1,1.0,1,1.0,1,0.23891876625944344,62
4643,3,7429,3710,3719,0,0,0,1.0,1,1.0,1,1.0,1,0.26688995171287966,63
4644,1,7430,3710,3720,0,0,0,1.0,1,1.0,1,1.0,1,0.27219118404419407,62
4645,1,7431,3710,3721,0,0,0,1.0,1,1.0,1,1.0,1,0.2456772510175671,63
4646,1,7432,3711,3721,0,0,0,1.0,1,1.0,1,1.0,1,0.2688862053114039,63
4647,4,7436,3712,3724,0,0,0,1.0,1,1.0,1,1.0,1,0.25624483345431814,62
4648,1,7437,3713,3724,0,0,0,1.0,1,1.0,1,1.0,1,0.2931551028986544,63
4649,1,7438,3713,3725,0,0,0,1.0,1,1.0,1,1.0,1,0.2869953366438563,61
4650,3,7441,3715,3726,0,0,0,1.0,1,1.0,1,1.0,1,0.27812559586747654,63
4651,3,7444,3716,3728,0,0,0,1.0,1,1.0,1,1.0,1,0.25905592944502503,62
4652,1,7445,3716,3729,0,0,0,1.0,1,1.0,1,1.0,1,0.23908626256841004,59
4653,0,7445,3716,3729,0,0,0,1.0,1,1.0,1,1.0,1,0.2504469666055762,60
4654,1,7446,3717,3729,0,0,0,1.0,1,1.0,1,1.0,1,0.24562676154935056,60
4655,1,7447,3717,3730,0,0,0,1.0,1,1.0,1,1.0,1,0.2343450773514711,60
4656,1,7448,3718,3730,0,0,0,1.0,1,1.0,1,1.0,1,0.24317739319961848,61
4657,0,7448,3718,3730,0,0,0,1.0,1,1.0,1,1.0,1,0.23909789451222663,62
4658,1,7449,3719,3730,0,0,0,1.0,1,1.0,1,1.0,1,0.2668458289291566,62
4659,0,7449,3719,3730,0,0,0,1.0,1,1.0,1,1.0,1,0.27827523379135594,61
4660,2,7451,3720,3731,0,0,0,1.0,1,1.0,1,1.0,1,0.316134242958817,61
4661,2,7453,3720,3733,0,0,0,1.0,1,1.0,1,1.0,1,0.3289112310402131,61
4662,1,7454,3721,3733,0,0,0,1.0,1,1.0,1,1.0,1,0.31921116657726895,62
4663,2,7456,3721,3735,0,0,0,1.0,1,1.0,1,1.0,1,0.28643394872053934,61
4664,1,7457,3722,3735,0,0,0,1.0,1,1.0,1,1.0,1,0.2968836984547977,62
4665,3,7460,3723,3737,0,0,0,1.0,1,1.0,1,1.0,1,0.2834305512349422,61
4666,3,7463,3725,3738,0,0,0,1.0,1,1.0,1,1.0,1,0.28215521970468815,61
4667,1,7464,3725,3739,0,0,0,1.0,1,1.0,1,1.0,1,0.2755712779457933,59
4668,3,7467,3727,3740,0,0,0,1.0,1,1.0,1,1.0,1,0.26932362434714824,59
4669,5,7472,3729,3743,0,0,0,1.0,1,1.0,1,1.0,1,0.23620798727647863,58
4670,1,7473,3730,3743,0,0,0,1.0,1,1.0,1,1.0,1,0.2451147846435063,57
4671,0,7473,3730,3743,0,0,0,1.0,1,1.0,1,1.0,1,0.242600840787061,55
4672,2,7475,3731,3744,0,0,0,1.0,1,1.0,1,1.0,1,0.2656376368206629,56
4673,4,7479,3731,3748,0,0,0,1.0,1,1.0,1,1.0,1,0.1927834002729074,58
4674,2,7481,3733,3748,0,0,0,1.0,1,1.0,1,1.0,1,0.20152649171628062,58
4675,1,7482,3733,3749,0,0,0,1.0,1,1.0,1,1.0,1,0.2351324704995675,57
4676,0,7482,3733,3749,0,0,0,1.0,1,1.0,1,1.0,1,0.2547273147671324,58
4677,0,7482,3733,3749,0,0,0,1.0,1,1.0,1,1.0,1,0.26640697895819027,57
4678,2,7484,3735,3749,0,0,0,1.0,1,1.0,1,1.0,1,0.2843131856920926,57
4679,4,7488,3735,3753,0,0,0,1.0,1,1.0,1,1.0,1,0.22962308118032315,57
4680,0,7488,3735,3753,0,0,0,1.0,1,1.0,1,1.0,1,0.22765577611034238,59
4681,4,7492,3736,3756,0,0,0,1.0,1,1.0,1,1.0,1,0.22247981777002987,60
4682,3,7495,3737,3758,0,0,0,1.0,1,1.0,1,1.0,1,0.19823855072089608,60
4683,1,7496,3737,3759,0,0,0,1.0,1,1.0,1,1.0,1,0.18403911264644995,60
4684,1,7497,3738,3759,0,0,0,1.0,1,1.0,1,1.0,1,0.20029948202583145,60
4685,1,7498,3738,3760,0,0,0,1.0,1,1.0,1,1.0,1,0.2063481791980254,59
4686,2,7500,3739,3761,0,0,0,1.0,1,1.0,1,1.0,1,0.2176594065290224,60
4687,1,7501,3740,3761,0,0,0,1.0,1,1.0,1,1.0,1,0.22652061458868372,59
4688,3,7504,3741,3763,0,0,0,1.0,1,1.0,1,1.0,1,0.22557565936133103,59
4689,2,7506,3743,3763,0,0,0,1.0,1,1.0,1,1.0,1,0.2803858099270007,59
4690,1,7507,3744,3763,0,0,0,1.0,1,1.0,1,1.0,1,0.28430954757468246,58
4691,3,7510,3745,3765,0,0,0,1.0,1,1.0,1,1.0,1,0.2558282608978439,57
4692,1,7511,3745,3766,0,0,0,1.0,1,1.0,1,1.0,1,0.23015054624842218,58
4693,0,7511,3745,3766,0,0,0,1.0,1,1.0,1,1.0,1,0.22295664360523984,57
4694,1,7512,3746,3766,0,0,0,1.0,1,1.0,1,1.0,1,0.23289487216679913,57
4695,1,7513,3746,3767,0,0,0,1.0,1,1.0,1,1.0,1,0.2508415769516948,56
4696,2,7515,3747,3768,0,0,0,1.0,1,1.0,1,1.0,1,0.2640784097338593,57
4697,4,7519,3747,3772,0,0,0,1.0,1,1.0,1,1.0,1,0.21294339290611225,58
4698,1,7520,3748,3772,0,0,0,1.0,1,1.0,1,1.0,1,0.24253835474638685,59
4699,2,7522,3748,3774,0,0,0,1.0,1,1.0,1,1.0,1,0.22980177989469555,58
4700,0,7522,3748,3774,0,0,0,1.0,1,1.0,1,1.0,1,0.21965309944091405,59
4701,2,7524,3749,3775,0,0,0,1.0,1,1.0,1,1.0,1,0.2500061331055433,60
4702,2,7526,3750,3776,0,0,0,1.0,1,1.0,1,1.0,1,0.24719555219025494,61
4703,4,7530,3751,3779,0,0,0,1.0,1,1.0,1,1.0,1,0.21428126727687463,59
4704,4,7534,3754,3780,0,0,0,1.0,1,1.0,1,1.0,1,0.2403541088495061,58
4705,6,7540,3757,3783,0,0,0,1.0,1,1.0,1,1.0,1,0.23309842431797045,58
4706,5,7545,3760,3785,0,0,0,1.0,1,1.0,1,1.0,1,0.27982239596739467,60
4707,2,7547,3760,3787,0,0,0,1.0,1,1.0,1,1.0,1,0.23179718791797188,57
4708,2,7549,3762,3787,0,0,0,1.0,1,1.0,1,1.0,1,0.2570560489928862,57
4709,1,7550,3763,3787,0,0,0,1.0,1,1.0,1,1.0,1,0.2615032267904886,55
4710,1,7551,3764,3787,0,0,0,1.0,1,1.0,1,1.0,1,0.30192139356338343,53
4711,1,7552,3765,3787,0,0,0,1.0,1,1.0,1,1.0,1,0.30832362662593615,52
4712,2,7554,3767,3787,0,0,0,1.0,1,1.0,1,1.0,1,0.3152173808079906,52
4713,1,7555,3768,3787,0,0,0,1.0,1,1.0,1,1.0,1,0.3216753610129517,51
4714,1,7556,3768,3788,0,0,0,1.0,1,1.0,1,1.0,1,0.3101503575785951,50
4715,3,7559,3770,3789,0,0,0,1.0,1,1.0,1,1.0,1,0.3180442780623464,50
4716,1,7560,3771,3789,0,0,0,1.0,1,1.0,1,1.0,1,0.3221658719500657,49
4717,4,7564,3772,3792,0,0,0,1.0,1,1.0,1,1.0,1,0.29852690896557615,49
4718,1,7565,3772,3793,0,0,0,1.0,1,1.0,1,1.0,1,0.2937507774345009,50
4719,1,7566,3772,3794,0,0,0,1.0,1,1.0,1,1.0,1,0.2932262512609062,49
4720,1,7567,3772,3795,0,0,0,1.0,1,1.0,1,1.0,1,0.2789035723808164,49
4721,3,7570,3772,3798,0,0,0,1.0,1,1.0,1,1.0,1,0.2445586163472427,50
4722,2,7572,3772,3800,0,0,0,1.0,1,1.0,1,1.0,1,0.23717766061513906,51
4723,1,7573,3772,3801,0,0,0,1.0,1,1.0,1,1.0,1,0.21917259089533225,50
4724,0,7573,3772,3801,0,0,0,1.0,1,1.0,1,1.0,1,0.2347837340404423,50
4725,2,7575,3773,3802,0,0,0,1.0,1,1.0,1,1.0,1,0.24218840439090328,52
4726,0,7575,3773,3802,0,0,0,1.0,1,1.0,1,1.0,1,0.25993139766579515,51
4727,1,7576,3773,3803,0,0,0,1.0,1,1.0,1,1.0,1,0.2528353920998591,52
4728,2,7578,3774,3804,0,0,0,1.0,1,1.0,1,1.0,1,0.27372090294121965,52
4729,0,7578,3774,3804,0,0,0,1.0,1,1.0,1,1.0,1,0.27372090294121965,52
4730,2,7580,3775,3805,0,0,0,1.0,1,1.0,1,1.0,1,0.3310650638839296,50
4731,0,7580,3775,3805,0,0,0,1.0,1,1.0,1,1.0,1,0.30318841193458773,51
4732,2,7582,3776,3806,0,0,0,1.0,1,1.0,1,1.0,1,0.31998867181104623,52
4733,2,7584,3776,3808,0,0,0,1.0,1,1.0,1,1.0,1,0.30350419281461116,53
4734,1,7585,3777,3808,0,0,0,1.0,1,1.0,1,1.0,1,0.31408643292393285,53
4735,4,7589,3778,3811,0,0,0,1.0,1,1.0,1,1.0,1,0.2921124966084115,53
4736,1,7590,3779,3811,0,0,0,1.0,1,1.0,1,1.0,1,0.30212092679627683,55
4737,0,7590,3779,3811,0,0,0,1.0,1,1.0,1,1.0,1,0.30678994895900485,57
4738,3,7593,3780,3813,0,0,0,1.0,1,1.0,1,1.0,1,0.29282285478368736,57
4739,0,7593,3780,3813,0,0,0,1.0,1,1.0,1,1.0,1,0.29282285478368736,57
4740,0,7593,3780,3813,0,0,0,1.0,1,1.0,1,1.0,1,0.29282285478368736,57
4741,1,7594,3780,3814,0,0,0,1.0,1,1.0,1,1.0,1,0.2891915258155296,58
4742,2,7596,3782,3814,0,0,0,1.0,1,1.0,1,1.0,1,0.30682952486366855,58
4743,2,7598,3783,3815,0,0,0,1.0,1,1.0,1,1.0,1,0.28272502899846164,56
4744,4,7602,3786,3816,0,0,0,1.0,1,1.0,1,1.0,1,0.29881056723711064,57
4745,3,7605,3787,3818,0,0,0,1.0,1,1.0,1,1.0,1,0.2803659106511963,56
4746,6,7611,3790,3821,0,0,0,1.0,1,1.0,1,1.0,1,0.2699772402448945,56
4747,2,7613,3791,3822,0,0,0,1.0,1,1.0,1,1.0,1,0.2505959218426688,55
4748,1,7614,3792,3822,0,0,0,1.0,1,1.0,1,1.0,1,0.2654565185875046,55
4749,3,7617,3793,3824,0,0,0,1.0,1,1.0,1,1.0,1,0.23940769064138967,54
4750,2,7619,3795,3824,0,0,0,1.0,1,1.0,1,1.0,1,0.23698896977816478,53
4751,6,7625,3796,3829,0,0,0,1.0,1,1.0,1,1.0,1,0.22944279127142292,53
4752,1,7626,3797,3829,0,0,0,1.0,1,1.0,1,1.0,1,0.1982110082986216,53
4753,2,7628,3798,3830,0,0,0,1.0,1,1.0,1,1.0,1,0.21715173060748202,52
4754,1,7629,3798,3831,0,0,0,1.0,1,1.0,1,1.0,1,0.20374413013959858,52
4755,0,7629,3798,3831,0,0,0,1.0,1,1.0,1,1.0,1,0.21083416782938166,51
4756,1,7630,3799,3831,0,0,0,1.0,1,1.0,1,1.0,1,0.23887392109128264,52
4757,0,7630,3799,3831,0,0,0,1.0,1,1.0,1,1.0,1,0.2356088353725733,51
4758,0,7630,3799,3831,0,0,0,1.0,1,1.0,1,1.0,1,0.2356088353725733,51
4759,1,7631,3800,3831,0,0,0,1.0,1,1.0,1,1.0,1,0.23006030520119705,51
4760,2,7633,3800,3833,0,0,0,1.0,1,1.0,1,1.0,1,0.19822358969376558,52
4761,5,7638,3801,3837,0,0,0,1.0,1,1.0,1,1.0,1,0.21189954749394,50
4762,1,7639,3801,3838,0,0,0,1.0,1,1.0,1,1.0,1,0.20395722994875515,51
4763,2,7641,3802,3839,0,0,0,1.0,1,1.0,1,1.0,1,0.22009128899614971,51
4764,2,7643,3804,3839,0,0,0,1.0,1,1.0,1,1.0,1,0.21982891649708095,53
4765,5,7648,3805,3843,0,0,0,1.0,1,1.0,1,1.0,1,0.19790094389112564,53
4766,3,7651,3807,3844,0,0,0,1.0,1,1.0,1,1.0,1,0.20712581576341818,55
4767,1,7652,3808,3844,0,0,0,1.0,1,1.0,1,1.0,1,0.20983911181924192,56
4768,0,7652,3808,3844,0,0,0,1.0,1,1.0,1,1.0,1,0.21249186460791208,56
4769,1,7653,3809,3844,0,0,0,1.0,1,1.0,1,1.0,1,0.2171117403369357,56
4770,1,7654,3809,3845,0,0,0,1.0,1,1.0,1,1.0,1,0.18863969565682936,56
4771,0,7654,3809,3845,0,0,0,1.0,1,1.0,1,1.0,1,0.19109069595403289,55
4772,1,7655,3810,3845,0,0,0,1.0,1,1.0,1,1.0,1,0.19643428550269457,56
4773,2,7657,3810,3847,0,0,0,1.0,1,1.0,1,1.0,1,0.15802578224921204,56
4774,0,7657,3810,3847,0,0,0,1.0,1,1.0,1,1.0,1,0.14822616830343854,58
4775,2,7659,3810,3849,0,0,0,1.0,1,1.0,1,1.0,1,0.1357043075170358,59
4776,0,7659,3810,3849,0,0,0,1.0,1,1.0,1,1.0,1,0.1357043075170358,59
4777,1,7660,3811,3849,0,0,0,1.0,1,1.0,1,1.0,1,0.15938127427819115,60
4778,2,7662,3812,3850,0,0,0,1.0,1,1.0,1,1.0,1,0.15980231616625223,60
4779,1,7663,3812,3851,0,0,0,1.0,1,1.0,1,1.0,1,0.1551055152853191,61
4780,0,7663,3812,3851,0,0,0,1.0,1,1.0,1,1.0,1,0.18059715320917616,63
4781,3,7666,3812,3854,0,0,0,1.0,1,1.0,1,1.0,1,0.15779226772990354,62
4782,1,7667,3813,3854,0,0,0,1.0,1,1.0,1,1.0,1,0.19063552596118588,63
4783,1,7668,3814,3854,0,0,0,1.0,1,1.0,1,1.0,1,0.18819574358654984,62
4784,4,7672,3816,3856,0,0,0,1.0,1,1.0,1,1.0,1,0.20444995141802047,62
4785,4,7676,3817,3859,0,0,0,1.0,1,1.0,1,1.0,1,0.1585355184868304,62
4786,4,7680,3821,3859,0,0,0,1.0,1,1.0,1,1.0,1,0.1941852130291101,63
4787,2,7682,3822,3860,0,0,0,1.0,1,1.0,1,1.0,1,0.17621452443660823,62
4788,6,7688,3826,3862,0,0,0,1.0,1,1.0,1,1.0,1,0.1612907953275909,62
4789,6,7694,3829,3865,0,0,0,1.0,1,1.0,1,1.0,1,0.1663693850059542,60
4790,5,7699,3834,3865,0,0,0,1.0,1,1.0,1,1.0,1,0.20188133523140775,61
4791,7,7706,3836,3870,0,0,0,1.0,1,1.0,1,1.0,1,0.20347500550777628,60
4792,4,7710,3839,3871,0,0,0,1.0,1,1.0,1,1.0,1,0.2010634113139332,60
4793,7,7717,3842,3875,0,0,0,1.0,1,1.0,1,1.0,1,0.15913280953953035,61
4794,2,7719,3844,3875,0,0,0,1.0,1,1.0,1,1.0,1,0.17527448221709066,59
4795,1,7720,3844,3876,0,0,0,1.0,1,1.0,1,1.0,1,0.17180160166051603,61
4796,1,7721,3845,3876,0,0,0,1.0,1,1.0,1,1.0,1,0.16540141673843467,59
4797,2,7723,3845,3878,0,0,0,1.0,1,1.0,1,1.0,1,0.09360359770830082,58
4798,1,7724,3845,3879,0,0,0,1.0,1,1.0,1,1.0,1,0.08459608972697537,59
4799,0,7724,3845,3879,0,0,0,1.0,1,1.0,1,1.0,1,0.09087999628922568,57
4800,1,7725,3846,3879,0,0,0,1.0,1,1.0,1,1.0,1,0.12023704956249362,58
4801,3,7728,3848,3880,0,0,0,1.0,1,1.0,1,1.0,1,0.10614884602536369,57
4802,1,7729,3849,3880,0,0,0,1.0,1,1.0,1,1.0,1,0.1277866166691194,57
4803,2,7731,3851,3880,0,0,0,1.0,1,1.0,1,1.0,1,0.13524864633864553,56
4804,0,7731,3851,3880,0,0,0,1.0,1,1.0,1,1.0,1,0.16673428221169107,54
4805,2,7733,3851,3882,0,0,0,1.0,1,1.0,1,1.0,1,0.13823748818263235,56
4806,0,7733,3851,3882,0,0,0,1.0,1,1.0,1,1.0,1,0.13700981193506945,55
4807,0,7733,3851,3882,0,0,0,1.0,1,1.0,1,1.0,1,0.13754699207363796,54
4808,0,7733,3851,3882,0,0,0,1.0,1,1.0,1,1.0,1,0.17060190868935413,53
4809,3,7736,3853,3883,0,0,0,1.0,1,1.0,1,1.0,1,0.16551986698678023,53
4810,0,7736,3853,3883,0,0,0,1.0,1,1.0,1,1.0,1,0.17955287049252605,51
4811,2,7738,3855,3883,0,0,0,1.0,1,1.0,1,1.0,1,0.17458180270662205,52
4812,1,7739,3856,3883,0,0,0,1.0,1,1.0,1,1.0,1,0.1768946144572964,52
4813,0,7739,3856,3883,0,0,0,1.0,1,1.0,1,1.0,1,0.1768946144572964,52
4814,3,7742,3859,3883,0,0,0,1.0,1,1.0,1,1.0,1,0.22392458851572017,53
4815,9,7751,3864,3887,0,0,0,1.0,1,1.0,1,1.0,1,0.16510192303047397,54
4816,3,7754,3865,3889,0,0,0,1.0,1,1.0,1,1.0,1,0.11517216374535365,54
4817,4,7758,3869,3889,0,0,0,1.0,1,1.0,1,1.0,1,0.2376334776750858,55
4818,5,7763,3872,3891,0,0,0,1.0,1,1.0,1,1.0,1,0.1795629537379827,55
4819,1,7764,3873,3891,0,0,0,1.0,1,1.0,1,1.0,1,0.21228327204083394,55
4820,2,7766,3875,3891,0,0,0,1.0,1,1.0,1,1.0,1,0.22185416779206615,55
4821,3,7769,3876,3893,0,0,0,1.0,1,1.0,1,1.0,1,0.1944417866274482,55
4822,1,7770,3877,3893,0,0,0,1.0,1,1.0,1,1.0,1,0.1754881084423039,54
4823,2,7772,3878,3894,0,0,0,1.0,1,1.0,1,1.0,1,0.13953962501050535,54
4824,1,7773,3878,3895,0,0,0,1.0,1,1.0,1,1.0,1,0.10759868362706353,55
4825,1,7774,3879,3895,0,0,0,1.0,1,1.0,1,1.0,1,0.12063020070518171,53
4826,4,7778,3882,3896,0,0,0,1.0,1,1.0,1,1.0,1,0.09983478717186614,54
4827,0,7778,3882,3896,0,0,0,1.0,1,1.0,1,1.0,1,0.09565809759405373,53
4828,0,7778,3882,3896,0,0,0,1.0,1,1.0,1,1.0,1,0.10028088279164954,54
4829,0,7778,3882,3896,0,0,0,1.0,1,1.0,1,1.0,1,0.10436369686320798,54
4830,2,7780,3883,3897,0,0,0,1.0,1,1.0,1,1.0,1,0.1230917170574525,53
4831,2,7782,3884,3898,0,0,0,1.0,1,1.0,1,1.0,1,0.12028874933939186,52
4832,0,7782,3884,3898,0,0,0,1.0,1,1.0,1,1.0,1,0.1339070730953061,50
4833,1,7783,3884,3899,0,0,0,1.0,1,1.0,1,1.0,1,0.13857438716435294,51
4834,1,7784,3885,3899,0,0,0,1.0,1,1.0,1,1.0,1,0.19271475098485055,51
4835,1,7785,3885,3900,0,0,0,1.0,1,1.0,1,1.0,1,0.17948081340418018,50
4836,1,7786,3886,3900,0,0,0,1.0,1,1.0,1,1.0,1,0.23267222443817084,50
4837,5,7791,3887,3904,0,0,0,1.0,1,1.0,1,1.0,1,0.2087756337154185,46
4838,0,7791,3887,3904,0,0,0,1.0,1,1.0,1,1.0,1,0.19545369023843903,47
4839,1,7792,3888,3904,0,0,0,1.0,1,1.0,1,1.0,1,0.21816092028467604,45
4840,3,7795,3890,3905,0,0,0,1.0,1,1.0,1,1.0,1,0.24595811895501898,45
4841,1,7796,3891,3905,0,0,0,1.0,1,1.0,1,1.0,1,0.2604167777637251,43
4842,2,7798,3891,3907,0,0,0,1.0,1,1.0,1,1.0,1,0.21008601844478797,43
4843,1,7799,3892,3907,0,0,0,1.0,1,1.0,1,1.0,1,0.22226885376565841,44
4844,1,7800,3893,3907,0,0,0,1.0,1,1.0,1,1.0,1,0.2842054846284844,43
4845,3,7803,3895,3908,0,0,0,1.0,1,1.0,1,1.0,1,0.30613937496704546,44
4846,1,7804,3895,3909,0,0,0,1.0,1,1.0,1,1.0,1,0.30190617738094006,43
4847,3,7807,3896,3911,0,0,0,1.0,1,1.0,1,1.0,1,0.3059898155667976,42
4848,2,7809,3898,3911,0,0,0,1.0,1,1.0,1,1.0,1,0.3104936928633259,41
4849,0,7809,3898,3911,0,0,0,1.0,1,1.0,1,1.0,1,0.2685685204249478,41
4850,0,7809,3898,3911,0,0,0,1.0,1,1.0,1,1.0,1,0.30396013764230934,41
4851,0,7809,3898,3911,0,0,0,1.0,1,1.0,1,1.0,1,0.30396013764230934,41
4852,1,7810,3899,3911,0,0,0,1.0,1,1.0,1,1.0,1,0.33463388983385484,43
4853,2,7812,3900,3912,0,0,0,1.0,1,1.0,1,1.0,1,0.3304341272055232,44
4854,1,7813,3901,3912,0,0,0,1.0,1,1.0,1,1.0,1,0.3542976386860715,45
4855,1,7814,3902,3912,0,0,0,1.0,1,1.0,1,1.0,1,0.3133298967365443,44
4856,0,7814,3902,3912,0,0,0,1.0,1,1.0,1,1.0,1,0.3133298967365443,44
4857,2,7816,3902,3914,0,0,0,1.0,1,1.0,1,1.0,1,0.3069192834526488,44
4858,0,7816,3902,3914,0,0,0,1.0,1,1.0,1,1.0,1,0.31609026579535265,45
4859,2,7818,3902,3916,0,0,0,1.0,1,1.0,1,1.0,1,0.29779538009913675,46
4860,0,7818,3902,3916,0,0,0,1.0,1,1.0,1,1.0,1,0.29779538009913675,46
4861,1,7819,3902,3917,0,0,0,1.0,1,1.0,1,1.0,1,0.25990932374770087,46
4862,1,7820,3902,3918,0,0,0,1.0,1,1.0,1,1.0,1,0.258577570663076,47
4863,2,7822,3903,3919,0,0,0,1.0,1,1.0,1,1.0,1,0.26870993952118155,47
4864,2,7824,3903,3921,0,0,0,1.0,1,1.0,1,1.0,1,0.23369292141751752,47
4865,1,7825,3903,3922,0,0,0,1.0,1,1.0,1,1.0,1,0.23518395139960746,48
4866,2,7827,3904,3923,0,0,0,1.0,1,1.0,1,1.0,1,0.20625703819164012,49
4867,3,7830,3904,3926,0,0,0,1.0,1,1.0,1,1.0,1,0.18443364646351212,50
4868,0,7830,3904,3926,0,0,0,1.0,1,1.0,1,1.0,1,0.18443364646351212,50
4869,1,7831,3904,3927,0,0,0,1.0,1,1.0,1,1.0,1,0.16981215677682449,50
4870,2,7833,3906,3927,0,0,0,1.0,1,1.0,1,1.0,1,0.21093406118259575,52
4871,0,7833,3906,3927,0,0,0,1.0,1,1.0,1,1.0,1,0.21093406118259575,52
4872,5,7838,3909,3929,0,0,0,1.0,1,1.0,1,1.0,1,0.20848529618271344,53
4873,6,7844,3910,3934,0,0,0,1.0,1,1.0,1,1.0,1,0.18125687725822875,55
4874,1,7845,3911,3934,0,0,0,1.0,1,1.0,1,1.0,1,0.19275338867412237,56
4875,3,7848,3912,3936,0,0,0,1.0,1,1.0,1,1.0,1,0.19099761556205014,55
4876,2,7850,3913,3937,0,0,0,1.0,1,1.0,1,1.0,1,0.19236670076416082,55
4877,7,7857,3916,3941,0,0,0,1.0,1,1.0,1,1.0,1,0.19167060208419667,54
4878,3,7860,3917,3943,0,0,0,1.0,1,1.0,1,1.0,1,0.16466300045233176,53
4879,3,7863,3920,3943,0,0,0,1.0,1,1.0,1,1.0,1,0.24514032907071343,54
4880,1,7864,3920,3944,0,0,0,1.0,1,1.0,1,1.0,1,0.23230712953736438,54
4881,0,7864,3920,3944,0,0,0,1.0,1,1.0,1,1.0,1,0.23355977409170273,53
4882,0,7864,3920,3944,0,0,0,1.0,1,1.0,1,1.0,1,0.2493485037386751,53
4883,2,7866,3920,3946,0,0,0,1.0,1,1.0,1,1.0,1,0.21296680032398557,53
4884,1,7867,3921,3946,0,0,0,1.0,1,1.0,1,1.0,1,0.21873128061883618,51
4885,1,7868,3922,3946,0,0,0,1.0,1,1.0,1,1.0,1,0.2280178890920593,50
4886,0,7868,3922,3946,0,0,0,1.0,1,1.0,1,1.0,1,0.25497039806132377,48
4887,0,7868,3922,3946,0,0,0,1.0,1,1.0,1,1.0,1,0.25497039806132377,48
4888,1,7869,3923,3946,0,0,0,1.0,1,1.0,1,1.0,1,0.26410800967129616,48
4889,0,7869,3923,3946,0,0,0,1.0,1,1.0,1,1.0,1,0.26410800967129616,48
4890,0,7869,3923,3946,0,0,0,1.0,1,1.0,1,1.0,1,0.257501729073838,49
4891,2,7871,3924,3947,0,0,0,1.0,1,1.0,1,1.0,1,0.2800588484875456,50
4892,0,7871,3924,3947,0,0,0,1.0,1,1.0,1,1.0,1,0.297020529739158,49
4893,2,7873,3924,3949,0,0,0,1.0,1,1.0,1,1.0,1,0.26970199853270305,50
4894,3,7876,3924,3952,0,0,0,1.0,1,1.0,1,1.0,1,0.22420101649319463,51
4895,1,7877,3924,3953,0,0,0,1.0,1,1.0,1,1.0,1,0.22334782389729435,52
4896,1,7878,3924,3954,0,0,0,1.0,1,1.0,1,1.0,1,0.22072008463981752,53
4897,1,7879,3924,3955,0,0,0,1.0,1,1.0,1,1.0,1,0.2111860752706033,53
4898,2,7881,3925,3956,0,0,0,1.0,1,1.0,1,1.0,1,0.19130414713900112,53
4899,3,7884,3927,3957,0,0,0,1.0,1,1.0,1,1.0,1,0.16118446726737046,55
4900,1,7885,3928,3957,0,0,0,1.0,1,1.0,1,1.0,1,0.16461490454214583,55
4901,1,7886,3929,3957,0,0,0,1.0,1,1.0,1,1.0,1,0.17415970342014037,56
4902,3,7889,3930,3959,0,0,0,1.0,1,1.0,1,1.0,1,0.20067438098872498,58
4903,1,7890,3931,3959,0,0,0,1.0,1,1.0,1,1.0,1,0.19549267807343687,58
4904,2,7892,3933,3959,0,0,0,1.0,1,1.0,1,1.0,1,0.1972537460291415,57
4905,1,7893,3933,3960,0,0,0,1.0,1,1.0,1,1.0,1,0.20234192656086147,54
4906,1,7894,3934,3960,0,0,0,1.0,1,1.0,1,1.0,1,0.22452617639867178,55
4907,2,7896,3934,3962,0,0,0,1.0,1,1.0,1,1.0,1,0.21716334437202411,52
4908,2,7898,3936,3962,0,0,0,1.0,1,1.0,1,1.0,1,0.2510242615997133,53
4909,2,7900,3936,3964,0,0,0,1.0,1,1.0,1,1.0,1,0.22810122108520922,52
4910,1,7901,3936,3965,0,0,0,1.0,1,1.0,1,1.0,1,0.2340147788400071,53
4911,0,7901,3936,3965,0,0,0,1.0,1,1.0,1,1.0,1,0.2407071478568515,55
4912,1,7902,3937,3965,0,0,0,1.0,1,1.0,1,1.0,1,0.2667938326853291,54
4913,5,7907,3937,3970,0,0,0,1.0,1,1.0,1,1.0,1,0.18409038836667205,53
4914,0,7907,3937,3970,0,0,0,1.0,1,1.0,1,1.0,1,0.2248194082901181,53
4915,3,7910,3939,3971,0,0,0,1.0,1,1.0,1,1.0,1,0.23788870970069112,54
4916,1,7911,3940,3971,0,0,0,1.0,1,1.0,1,1.0,1,0.2726822067499995,52
4917,3,7914,3941,3973,0,0,0,1.0,1,1.0,1,1.0,1,0.2646471331962881,52
4918,1,7915,3941,3974,0,0,0,1.0,1,1.0,1,1.0,1,0.256415404505132,51
4919,0,7915,3941,3974,0,0,0,1.0,1,1.0,1,1.0,1,0.2759443936032182,50
4920,0,7915,3941,3974,0,0,0,1.0,1,1.0,1,1.0,1,0.2749386898393438,51
4921,2,7917,3942,3975,0,0,0,1.0,1,1.0,1,1.0,1,0.254291597801078,51
4922,1,7918,3942,3976,0,0,0,1.0,1,1.0,1,1.0,1,0.2618719437023103,53
4923,0,7918,3942,3976,0,0,0,1.0,1,1.0,1,1.0,1,0.2618719437023103,53
4924,3,7921,3943,3978,0,0,0,1.0,1,1.0,1,1.0,1,0.2327023789384017,55
4925,3,7924,3945,3979,0,0,0,1.0,1,1.0,1,1.0,1,0.2118447808524845,56
4926,1,7925,3945,3980,0,0,0,1.0,1,1.0,1,1.0,1,0.2161529500007939,55
4927,3,7928,3947,3981,0,0,0,1.0,1,1.0,1,1.0,1,0.19725821564413876,55
4928,0,7928,3947,3981,0,0,0,1.0,1,1.0,1,1.0,1,0.19725821564413876,55
4929,1,7929,3947,3982,0,0,0,1.0,1,1.0,1,1.0,1,0.1638576038033016,56
4930,1,7930,3948,3982,0,0,0,1.0,1,1.0,1,1.0,1,0.20629365579056458,58
4931,1,7931,3948,3983,0,0,0,1.0,1,1.0,1,1.0,1,0.18802106631924784,59
4932,1,7932,3948,3984,0,0,0,1.0,1,1.0,1,1.0,1,0.1966646095964643,60
4933,0,7932,3948,3984,0,0,0,1.0,1,1.0,1,1.0,1,0.1966646095964643,60
4934,0,7932,3948,3984,0,0,0,1.0,1,1.0,1,1.0,1,0.1966646095964643,60
4935,1,7933,3948,3985,0,0,0,1.0,1,1.0,1,1.0,1,0.18441657028541175,60
4936,0,7933,3948,3985,0,0,0,1.0,1,1.0,1,1.0,1,0.18014093796793462,61
4937,1,7934,3948,3986,0,0,0,1.0,1,1.0,1,1.0,1,0.18935640515237664,62
4938,1,7935,3948,3987,0,0,0,1.0,1,1.0,1,1.0,1,0.16600755959595978,62
4939,4,7939,3951,3988,0,0,0,1.0,1,1.0,1,1.0,1,0.18263382727912017,64
4940,3,7942,3951,3991,0,0,0,1.0,1,1.0,1,1.0,1,0.16861943448123137,67
4941,2,7944,3952,3992,0,0,0,1.0,1,1.0,1,1.0,1,0.15712864072413016,66
4942,5,7949,3954,3995,0,0,0,1.0,1,1.0,1,1.0,1,0.15143332763616876,67
4943,1,7950,3954,3996,0,0,0,1.0,1,1.0,1,1.0,1,0.15075303739847146,65
4944,2,7952,3956,3996,0,0,0,1.0,1,1.0,1,1.0,1,0.1578589852019519,65
4945,1,7953,3957,3996,0,0,0,1.0,1,1.0,1,1.0,1,0.15728104106635787,62
4946,2,7955,3959,3996,0,0,0,1.0,1,1.0,1,1.0,1,0.16900691349304583,61
4947,2,7957,3961,3996,0,0,0,1.0,1,1.0,1,1.0,1,0.19297328483957576,59
4948,3,7960,3963,3997,0,0,0,1.0,1,1.0,1,1.0,1,0.21410391268708248,59
4949,3,7963,3963,4000,0,0,0,1.0,1,1.0,1,1.0,1,0.1939507342776397,57
4950,9,7972,3968,4004,0,0,0,1.0,1,1.0,1,1.0,1,0.18061491554619244,58
4951,3,7975,3971,4004,0,0,0,1.0,1,1.0,1,1.0,1,0.17664643128425098,55
4952,2,7977,3973,4004,0,0,0,1.0,1,1.0,1,1.0,1,0.26555843651032296,53
4953,7,7984,3976,4008,0,0,0,1.0,1,1.0,1,1.0,1,0.2163802100765167,54
4954,0,7984,3976,4008,0,0,0,1.0,1,1.0,1,1.0,1,0.19085588098348374,52
4955,4,7988,3978,4010,0,0,0,1.0,1,1.0,1,1.0,1,0.18799069918885622,51
4956,0,7988,3978,4010,0,0,0,1.0,1,1.0,1,1.0,1,0.22408788664051849,47
4957,5,7993,3979,4014,0,0,0,1.0,1,1.0,1,1.0,1,0.1500714834235279,48
4958,0,7993,3979,4014,0,0,0,1.0,1,1.0,1,1.0,1,0.13865104508641765,47
4959,0,7993,3979,4014,0,0,0,1.0,1,1.0,1,1.0,1,0.13865104508641765,47
4960,0,7993,3979,4014,0,0,0,1.0,1,1.0,1,1.0,1,0.15521055484119647,48
4961,1,7994,3980,4014,0,0,0,1.0,1,1.0,1,1.0,1,0.1531053900067514,49
4962,1,7995,3980,4015,0,0,0,1.0,1,1.0,1,1.0,1,0.13540043607201127,49
4963,1,7996,3980,4016,0,0,0,1.0,1,1.0,1,1.0,1,0.14426368249625304,51
4964,0,7996,3980,4016,0,0,0,1.0,1,1.0,1,1.0,1,0.14426368249625304,51
4965,0,7996,3980,4016,0,0,0,1.0,1,1.0,1,1.0,1,0.14426368249625304,51
4966,2,7998,3981,4017,0,0,0,1.0,1,1.0,1,1.0,1,0.1123467145326485,51
4967,5,8003,3984,4019,0,0,0,1.0,1,1.0,1,1.0,1,0.15970522286805292,51
4968,1,8004,3985,4019,0,0,0,1.0,1,1.0,1,1.0,1,0.17109062223962526,52
4969,1,8005,3985,4020,0,0,0,1.0,1,1.0,1,1.0,1,0.15685030959657956,53
4970,0,8005,3985,4020,0,0,0,1.0,1,1.0,1,1.0,1,0.16534942436937647,54
4971,0,8005,3985,4020,0,0,0,1.0,1,1.0,1,1.0,1,0.17011605336524824,55
4972,3,8008,3985,4023,0,0,0,1.0,1,1.0,1,1.0,1,0.17905818278545158,56
4973,1,8009,3986,4023,0,0,0,1.0,1,1.0,1,1.0,1,0.17406329343539909,57
4974,2,8011,3987,4024,0,0,0,1.0,1,1.0,1,1.0,1,0.23190680541302833,56
4975,5,8016,3987,4029,0,0,0,1.0,1,1.0,1,1.0,1,0.1529597641412376,57
4976,1,8017,3987,4030,0,0,0,1.0,1,1.0,1,1.0,1,0.15081227953556264,57
4977,1,8018,3987,4031,0,0,0,1.0,1,1.0,1,1.0,1,0.13278449459326214,57
4978,1,8019,3988,4031,0,0,0,1.0,1,1.0,1,1.0,1,0.1582101994871479,58
4979,3,8022,3990,4032,0,0,0,1.0,1,1.0,1,1.0,1,0.1553912697742074,58
4980,3,8025,3992,4033,0,0,0,1.0,1,1.0,1,1.0,1,0.15994180680148903,59
4981,4,8029,3993,4036,0,0,0,1.0,1,1.0,1,1.0,1,0.16809230659649135,60
4982,2,8031,3994,4037,0,0,0,1.0,1,1.0,1,1.0,1,0.14095749733529325,61
4983,3,8034,3997,4037,0,0,0,1.0,1,1.0,1,1.0,1,0.14524503961985843,61
4984,0,8034,3997,4037,0,0,0,1.0,1,1.0,1,1.0,1,0.13516115450867872,59
4985,2,8036,3997,4039,0,0,0,1.0,1,1.0,1,1.0,1,0.13385252465918626,58
4986,4,8040,4000,4040,0,0,0,1.0,1,1.0,1,1.0,1,0.13967725707256484,59
4987,2,8042,4001,4041,0,0,0,1.0,1,1.0,1,1.0,1,0.1311506348886622,58
4988,3,8045,4004,4041,0,0,0,1.0,1,1.0,1,1.0,1,0.18987860951629482,57
4989,5,8050,4006,4044,0,0,0,1.0,1,1.0,1,1.0,1,0.17906752436869433,54
4990,0,8050,4006,4044,0,0,0,1.0,1,1.0,1,1.0,1,0.17290426596934655,53
4991,6,8056,4010,4046,0,0,0,1.0,1,1.0,1,1.0,1,0.22463207229005985,52
4992,4,8060,4012,4048,0,0,0,1.0,1,1.0,1,1.0,1,0.2428859666843687,48
4993,3,8063,4013,4050,0,0,0,1.0,1,1.0,1,1.0,1,0.20753710848254384,48
4994,1,8064,4014,4050,0,0,0,1.0,1,1.0,1,1.0,1,0.17621183963835532,45
4995,1,8065,4015,4050,0,0,0,1.0,1,1.0,1,1.0,1,0.1716765098467813,45
4996,2,8067,4017,4050,0,0,0,1.0,1,1.0,1,1.0,1,0.19445980274928606,45
4997,1,8068,4018,4050,0,0,0,1.0,1,1.0,1,1.0,1,0.22167618614234702,42
4998,1,8069,4019,4050,0,0,0,1.0,1,1.0,1,1.0,1,0.2771433407767305,44
4999,7,8076,4021,4055,0,0,0,1.0,1,1.0,1,1.0,1,0.2869577634415807,44
5000,1,8077,4022,4055,0,0,0,1.0,1,1.0,1,1.0,1,0.32253015757905545,42
5001,1,8078,4022,4056,0,0,0,1.0,1,1.0,1,1.0,1,0.2904805841657371,42
5002,1,8079,4023,4056,0,0,0,1.0,1,1.0,1,1.0,1,0.3281476053414722,41
5003,1,8080,4023,4057,0,0,0,1.0,1,1.0,1,1.0,1,0.29806127413475897,41
5004,0,8080,4023,4057,0,0,0,1.0,1,1.0,1,1.0,1,0.3110385802824366,41
5005,1,8081,4023,4058,0,0,0,1.0,1,1.0,1,1.0,1,0.28689330011159087,41
5006,1,8082,4023,4059,0,0,0,1.0,1,1.0,1,1.0,1,0.25398868251002804,42
5007,0,8082,4023,4059,0,0,0,1.0,1,1.0,1,1.0,1,0.2570369837977367,43
5008,1,8083,4023,4060,0,0,0,1.0,1,1.0,1,1.0,1,0.22720941162892738,46
5009,1,8084,4024,4060,0,0,0,1.0,1,1.0,1,1.0,1,0.23069854111557267,46
5010,0,8084,4024,4060,0,0,0,1.0,1,1.0,1,1.0,1,0.2478538614905286,46
5011,1,8085,4024,4061,0,0,0,1.0,1,1.0,1,1.0,1,0.2415544849001851,47
5012,0,8085,4024,4061,0,0,0,1.0,1,1.0,1,1.0,1,0.25230236764324365,48
5013,0,8085,4024,4061,0,0,0,1.0,1,1.0,1,1.0,1,0.25230236764324365,48
5014,0,8085,4024,4061,0,0,0,1.0,1,1.0,1,1.0,1,0.25180225976298776,49
5015,1,8086,4024,4062,0,0,0,1.0,1,1.0,1,1.0,1,0.2388677837614597,50
5016,2,8088,4025,4063,0,0,0,1.0,1,1.0,1,1.0,1,0.27238973151862755,51
5017,1,8089,4025,4064,0,0,0,1.0,1,1.0,1,1.0,1,0.263429595131343,51
5018,2,8091,4026,4065,0,0,0,1.0,1,1.0,1,1.0,1,0.24012633982747372,51
5019,2,8093,4027,4066,0,0,0,1.0,1,1.0,1,1.0,1,0.2491489919679106,51
5020,1,8094,4027,4067,0,0,0,1.0,1,1.0,1,1.0,1,0.24157630923651152,51
5021,1,8095,4027,4068,0,0,0,1.0,1,1.0,1,1.0,1,0.24854258391633868,52
5022,2,8097,4029,4068,0,0,0,1.0,1,1.0,1,1.0,1,0.2657747856014199,52
5023,6,8103,4032,4071,0,0,0,1.0,1,1.0,1,1.0,1,0.26898005186241375,52
5024,2,8105,4034,4071,0,0,0,1.0,1,1.0,1,1.0,1,0.3022663400161823,51
5025,3,8108,4034,4074,0,0,0,1.0,1,1.0,1,1.0,1,0.2543970029454413,50
5026,2,8110,4034,4076,0,0,0,1.0,1,1.0,1,1.0,1,0.23084075157486245,49
5027,3,8113,4035,4078,0,0,0,1.0,1,1.0,1,1.0,1,0.2133375903426739,47
5028,4,8117,4037,4080,0,0,0,1.0,1,1.0,1,1.0,1,0.27004635472420624,47
5029,2,8119,4038,4081,0,0,0,1.0,1,1.0,1,1.0,1,0.26898474582200815,46
5030,3,8122,4039,4083,0,0,0,1.0,1,1.0,1,1.0,1,0.2422082153473936,48
5031,1,8123,4039,4084,0,0,0,1.0,1,1.0,1,1.0,1,0.2550769200171103,46
5032,1,8124,4040,4084,0,0,0,1.0,1,1.0,1,1.0,1,0.2885398431956088,46
5033,2,8126,4041,4085,0,0,0,1.0,1,1.0,1,1.0,1,0.27371805327161675,47
5034,0,8126,4041,4085,0,0,0,1.0,1,1.0,1,1.0,1,0.27371092423216903,48
5035,0,8126,4041,4085,0,0,0,1.0,1,1.0,1,1.0,1,0.263035860723281,47
5036,1,8127,4042,4085,0,0,0,1.0,1,1.0,1,1.0,1,0.28315601038466215,47
5037,1,8128,4042,4086,0,0,0,1.0,1,1.0,1,1.0,1,0.25535543251082865,47
5038,2,8130,4043,4087,0,0,0,1.0,1,1.0,1,1.0,1,0.2728440269656762,48
5039,1,8131,4043,4088,0,0,0,1.0,1,1.0,1,1.0,1,0.23474927786164,47
5040,0,8131,4043,4088,0,0,0,1.0,1,1.0,1,1.0,1,0.24512212436633898,48
5041,1,8132,4043,4089,0,0,0,1.0,1,1.0,1,1.0,1,0.22757041993708002,49
5042,0,8132,4043,4089,0,0,0,1.0,1,1.0,1,1.0,1,0.24520451299745027,50
5043,0,8132,4043,4089,0,0,0,1.0,1,1.0,1,1.0,1,0.2304817537475839,51
5044,0,8132,4043,4089,0,0,0,1.0,1,1.0,1,1.0,1,0.2304817537475839,51
5045,0,8132,4043,4089,0,0,0,1.0,1,1.0,1,1.0,1,0.2304817537475839,51
5046,2,8134,4044,4090,0,0,0,1.0,1,1.0,1,1.0,1,0.24719207473907398,52
5047,3,8137,4045,4092,0,0,0,1.0,1,1.0,1,1.0,1,0.23174440321759218,52
5048,0,8137,4045,4092,0,0,0,1.0,1,1.0,1,1.0,1,0.23174440321759218,52
5049,0,8137,4045,4092,0,0,0,1.0,1,1.0,1,1.0,1,0.26201690447805176,52
5050,2,8139,4046,4093,0,0,0,1.0,1,1.0,1,1.0,1,0.2732292295032475,55
5051,2,8141,4046,4095,0,0,0,1.0,1,1.0,1,1.0,1,0.24930282153122738,55
5052,0,8141,4046,4095,0,0,0,1.0,1,1.0,1,1.0,1,0.24930282153122738,55
5053,1,8142,4046,4096,0,0,0,1.0,1,1.0,1,1.0,1,0.23691380286462901,54
5054,4,8146,4047,4099,0,0,0,1.0,1,1.0,1,1.0,1,0.2032695156777573,54
5055,1,8147,4047,4100,0,0,0,1.0,1,1.0,1,1.0,1,0.21085209184987508,54
5056,0,8147,4047,4100,0,0,0,1.0,1,1.0,1,1.0,1,0.21723619012033957,55
5057,1,8148,4047,4101,0,0,0,1.0,1,1.0,1,1.0,1,0.21487978227545892,56
5058,0,8148,4047,4101,0,0,0,1.0,1,1.0,1,1.0,1,0.2191936025935496,58
5059,0,8148,4047,4101,0,0,0,1.0,1,1.0,1,1.0,1,0.2191936025935496,58
5060,1,8149,4047,4102,0,0,0,1.0,1,1.0,1,1.0,1,0.2057761169415092,59
5061,2,8151,4047,4104,0,0,0,1.0,1,1.0,1,1.0,1,0.16544774779337987,58
5062,3,8154,4048,4106,0,0,0,1.0,1,1.0,1,1.0,1,0.1702044983652446,58
5063,4,8158,4052,4106,0,0,0,1.0,1,1.0,1,1.0,1,0.21700286905695723,57
5064,2,8160,4053,4107,0,0,0,1.0,1,1.0,1,1.0,1,0.2463739927917419,57
5065,6,8166,4055,4111,0,0,0,1.0,1,1.0,1,1.0,1,0.24750688207777208,56
5066,1,8167,4056,4111,0,0,0,1.0,1,1.0,1,1.0,1,0.25445170762800584,55
5067,1,8168,4056,4112,0,0,0,1.0,1,1.0,1,1.0,1,0.2287773313323098,54
5068,5,8173,4058,4115,0,0,0,1.0,1,1.0,1,1.0,1,0.21593623468221623,54
5069,2,8175,4059,4116,0,0,0,1.0,1,1.0,1,1.0,1,0.19778417997965392,53
5070,1,8176,4059,4117,0,0,0,1.0,1,1.0,1,1.0,1,0.18851190521142497,53
5071,0,8176,4059,4117,0,0,0,1.0,1,1.0,1,1.0,1,0.1696978066187746,53
5072,2,8178,4061,4117,0,0,0,1.0,1,1.0,1,1.0,1,0.16685931282705413,53
5073,1,8179,4062,4117,0,0,0,1.0,1,1.0,1,1.0,1,0.17329897812213377,53
5074,0,8179,4062,4117,0,0,0,1.0,1,1.0,1,1.0,1,0.18337851005859934,52
5075,0,8179,4062,4117,0,0,0,1.0,1,1.0,1,1.0,1,0.18337851005859934,52
5076,1,8180,4063,4117,0,0,0,1.0,1,1.0,1,1.0,1,0.20417380260440596,55
5077,1,8181,4064,4117,0,0,0,1.0,1,1.0,1,1.0,1,0.24383077178269236,55
5078,0,8181,4064,4117,0,0,0,1.0,1,1.0,1,1.0,1,0.24383077178269236,55
5079,1,8182,4064,4118,0,0,0,1.0,1,1.0,1,1.0,1,0.24424673107409375,54
5080,2,8184,4065,4119,0,0,0,1.0,1,1.0,1,1.0,1,0.2493786849485199,55
5081,2,8186,4065,4121,0,0,0,1.0,1,1.0,1,1.0,1,0.2435758778319384,57
5082,3,8189,4065,4124,0,0,0,1.0,1,1.0,1,1.0,1,0.20779045931611845,57
5083,1,8190,4065,4125,0,0,0,1.0,1,1.0,1,1.0,1,0.20110952719643782,58
5084,0,8190,4065,4125,0,0,0,1.0,1,1.0,1,1.0,1,0.20110952719643782,58
5085,3,8193,4067,4126,0,0,0,1.0,1,1.0,1,1.0,1,0.19136207228242808,59
5086,4,8197,4069,4128,0,0,0,1.0,1,1.0,1,1.0,1,0.16898297031209572,60
5087,5,8202,4072,4130,0,0,0,1.0,1,1.0,1,1.0,1,0.1850744053944009,61
5088,2,8204,4073,4131,0,0,0,1.0,1,1.0,1,1.0,1,0.18291493523869864,62
5089,4,8208,4076,4132,0,0,0,1.0,1,1.0,1,1.0,1,0.1973420135466256,63
5090,0,8208,4076,4132,0,0,0,1.0,1,1.0,1,1.0,1,0.1973420135466256,63
5091,5,8213,4079,4134,0,0,0,1.0,1,1.0,1,1.0,1,0.20580862988839002,63
5092,0,8213,4079,4134,0,0,0,1.0,1,1.0,1,1.0,1,0.20580862988839002,63
5093,2,8215,4080,4135,0,0,0,1.0,1,1.0,1,1.0,1,0.1860590662702676,63
5094,2,8217,4081,4136,0,0,0,1.0,1,1.0,1,1.0,1,0.1726730250683286,64
5095,0,8217,4081,4136,0,0,0,1.0,1,1.0,1,1.0,1,0.1726730250683286,64
5096,2,8219,4082,4137,0,0,0,1.0,1,1.0,1,1.0,1,0.18448892177527576,67
5097,3,8222,4082,4140,0,0,0,1.0,1,1.0,1,1.0,1,0.15031223570976676,67
5098,1,8223,4083,4140,0,0,0,1.0,1,1.0,1,1.0,1,0.14990592970056435,68
5099,3,8226,4083,4143,0,0,0,1.0,1,1.0,1,1.0,1,0.13516177662964565,70
5100,2,8228,4084,4144,0,0,0,1.0,1,1.0,1,1.0,1,0.14905857220702967,71
5101,0,8228,4084,4144,0,0,0,1.0,1,1.0,1,1.0,1,0.14905857220702967,71
5102,2,8230,4086,4144,0,0,0,1.0,1,1.0,1,1.0,1,0.18212536905378413,70
5103,0,8230,4086,4144,0,0,0,1.0,1,1.0,1,1.0,1,0.152817571810803,67
5104,2,8232,4088,4144,0,0,0,1.0,1,1.0,1,1.0,1,0.20307931676983604,67
5105,2,8234,4090,4144,0,0,0,1.0,1,1.0,1,1.0,1,0.17929981664404007,63
5106,3,8237,4093,4144,0,0,0,1.0,1,1.0,1,1.0,1,0.23195952282220111,63
5107,7,8244,4099,4145,0,0,0,1.0,1,1.0,1,1.0,1,0.2607242387964148,60
5108,1,8245,4099,4146,0,0,0,1.0,1,1.0,1,1.0,1,0.22361885931520548,56
5109,6,8251,4101,4150,0,0,0,1.0,1,1.0,1,1.0,1,0.18483952460813066,56
5110,3,8254,4104,4150,0,0,0,1.0,1,1.0,1,1.0,1,0.18276622542104165,52
5111,2,8256,4106,4150,0,0,0,1.0,1,1.0,1,1.0,1,0.230236679440112,51
5112,3,8259,4108,4151,0,0,0,1.0,1,1.0,1,1.0,1,0.23401471160106807,50
5113,6,8265,4110,4155,0,0,0,1.0,1,1.0,1,1.0,1,0.21138873543960773,48
5114,2,8267,4111,4156,0,0,0,1.0,1,1.0,1,1.0,1,0.20805438668175041,46
5115,1,8268,4111,4157,0,0,0,1.0,1,1.0,1,1.0,1,0.18805060795022005,44
5116,0,8268,4111,4157,0,0,0,1.0,1,1.0,1,1.0,1,0.19021244346088473,44
5117,0,8268,4111,4157,0,0,0,1.0,1,1.0,1,1.0,1,0.18545991520408145,46
5118,1,8269,4112,4157,0,0,0,1.0,1,1.0,1,1.0,1,0.17104621543737966,46
5119,1,8270,4113,4157,0,0,0,1.0,1,1.0,1,1.0,1,0.1792709990230438,46
5120,0,8270,4113,4157,0,0,0,1.0,1,1.0,1,1.0,1,0.1792709990230438,46
5121,1,8271,4114,4157,0,0,0,1.0,1,1.0,1,1.0,1,0.1866424892909681,46
5122,2,8273,4115,4158,0,0,0,1.0,1,1.0,1,1.0,1,0.19582801409596431,46
5123,0,8273,4115,4158,0,0,0,1.0,1,1.0,1,1.0,1,0.20248399853441573,45
5124,2,8275,4117,4158,0,0,0,1.0,1,1.0,1,1.0,1,0.1992948746237708,47
5125,4,8279,4118,4161,0,0,0,1.0,1,1.0,1,1.0,1,0.1742088121996601,50
5126,2,8281,4120,4161,0,0,0,1.0,1,1.0,1,1.0,1,0.18830525943391882,50
5127,4,8285,4120,4165,0,0,0,1.0,1,1.0,1,1.0,1,0.1485052303169476,52
5128,2,8287,4121,4166,0,0,0,1.0,1,1.0,1,1.0,1,0.16115564115943415,53
5129,2,8289,4121,4168,0,0,0,1.0,1,1.0,1,1.0,1,0.15658601824606763,55
5130,1,8290,4122,4168,0,0,0,1.0,1,1.0,1,1.0,1,0.17243537221517571,55
5131,0,8290,4122,4168,0,0,0,1.0,1,1.0,1,1.0,1,0.17803794488954647,54
5132,0,8290,4122,4168,0,0,0,1.0,1,1.0,1,1.0,1,0.1994387630636774,54
5133,1,8291,4122,4169,0,0,0,1.0,1,1.0,1,1.0,1,0.1732188571467753,54
5134,0,8291,4122,4169,0,0,0,1.0,1,1.0,1,1.0,1,0.18103145389008407,53
5135,2,8293,4122,4171,0,0,0,1.0,1,1.0,1,1.0,1,0.16200475818894378,54
5136,1,8294,4122,4172,0,0,0,1.0,1,1.0,1,1.0,1,0.1864409315909794,54
5137,1,8295,4122,4173,0,0,0,1.0,1,1.0,1,1.0,1,0.16582228231668797,54
5138,1,8296,4123,4173,0,0,0,1.0,1,1.0,1,1.0,1,0.16711238473109996,54
5139,1,8297,4124,4173,0,0,0,1.0,1,1.0,1,1.0,1,0.16672904841477892,55
5140,4,8301,4127,4174,0,0,0,1.0,1,1.0,1,1.0,1,0.19971839297255856,55
5141,3,8304,4129,4175,0,0,0,1.0,1,1.0,1,1.0,1,0.19868629531151538,53
5142,6,8310,4132,4178,0,0,0,1.0,1,1.0,1,1.0,1,0.21881621217019787,54
5143,4,8314,4135,4179,0,0,0,1.0,1,1.0,1,1.0,1,0.1984148335338874,52
5144,2,8316,4137,4179,0,0,0,1.0,1,1.0,1,1.0,1,0.23052474690442082,50
5145,3,8319,4138,4181,0,0,0,1.0,1,1.0,1,1.0,1,0.2093497931501701,49
5146,2,8321,4139,4182,0,0,0,1.0,1,1.0,1,1.0,1,0.21206780083651552,49
5147,1,8322,4140,4182,0,0,0,1.0,1,1.0,1,1.0,1,0.1903066822378844,46
5148,1,8323,4140,4183,0,0,0,1.0,1,1.0,1,1.0,1,0.17875003551217458,46
5149,1,8324,4140,4184,0,0,0,1.0,1,1.0,1,1.0,1,0.14707516719448674,45
5150,3,8327,4143,4184,0,0,0,1.0,1,1.0,1,1.0,1,0.21036747393120495,47
5151,1,8328,4143,4185,0,0,0,1.0,1,1.0,1,1.0,1,0.17569746458543808,46
5152,4,8332,4146,4186,0,0,0,1.0,1,1.0,1,1.0,1,0.18185249581229265,46
5153,1,8333,4147,4186,0,0,0,1.0,1,1.0,1,1.0,1,0.17448564652341653,45
5154,0,8333,4147,4186,0,0,0,1.0,1,1.0,1,1.0,1,0.20584243925105114,47
5155,3,8336,4149,4187,0,0,0,1.0,1,1.0,1,1.0,1,0.2519036438010554,47
5156,2,8338,4150,4188,0,0,0,1.0,1,1.0,1,1.0,1,0.24959618737770883,47
5157,1,8339,4151,4188,0,0,0,1.0,1,1.0,1,1.0,1,0.2638958034536579,46
5158,0,8339,4151,4188,0,0,0,1.0,1,1.0,1,1.0,1,0.26944418181000485,47
5159,1,8340,4151,4189,0,0,0,1.0,1,1.0,1,1.0,1,0.2691646712237713,49
5160,0,8340,4151,4189,0,0,0,1.0,1,1.0,1,1.0,1,0.2630869997316946,48
5161,0,8340,4151,4189,0,0,0,1.0,1,1.0,1,1.0,1,0.2630869997316946,48
5162,1,8341,4151,4190,0,0,0,1.0,1,1.0,1,1.0,1,0.24798989375160832,49
5163,4,8345,4151,4194,0,0,0,1.0,1,1.0,1,1.0,1,0.1950113013552885,51
5164,0,8345,4151,4194,0,0,0,1.0,1,1.0,1,1.0,1,0.1950113013552885,51
5165,0,8345,4151,4194,0,0,0,1.0,1,1.0,1,1.0,1,0.21287398498280424,52
5166,3,8348,4153,4195,0,0,0,1.0,1,1.0,1,1.0,1,0.19302793268232116,52
5167,3,8351,4155,4196,0,0,0,1.0,1,1.0,1,1.0,1,0.20619359464316658,52
5168,1,8352,4155,4197,0,0,0,1.0,1,1.0,1,1.0,1,0.18940108068494693,52
5169,2,8354,4157,4197,0,0,0,1.0,1,1.0,1,1.0,1,0.20700821034820358,53
5170,1,8355,4157,4198,0,0,0,1.0,1,1.0,1,1.0,1,0.1876517776479303,53
5171,1,8356,4157,4199,0,0,0,1.0,1,1.0,1,1.0,1,0.18749775977741306,52
5172,1,8357,4158,4199,0,0,0,1.0,1,1.0,1,1.0,1,0.18680954934753596,53
5173,1,8358,4158,4200,0,0,0,1.0,1,1.0,1,1.0,1,0.17300973533429376,54
5174,1,8359,4158,4201,0,0,0,1.0,1,1.0,1,1.0,1,0.1730892001621294,56
5175,1,8360,4159,4201,0,0,0,1.0,1,1.0,1,1.0,1,0.18869904694783277,58
5176,1,8361,4159,4202,0,0,0,1.0,1,1.0,1,1.0,1,0.17790590981073753,58
5177,3,8364,4159,4205,0,0,0,1.0,1,1.0,1,1.0,1,0.14451976749317674,59
5178,2,8366,4161,4205,0,0,0,1.0,1,1.0,1,1.0,1,0.1749942408435444,57
5179,2,8368,4162,4206,0,0,0,1.0,1,1.0,1,1.0,1,0.18600633643275424,58
5180,0,8368,4162,4206,0,0,0,1.0,1,1.0,1,1.0,1,0.16482850419283712,56
5181,1,8369,4163,4206,0,0,0,1.0,1,1.0,1,1.0,1,0.16875201304333096,57
5182,5,8374,4167,4207,0,0,0,1.0,1,1.0,1,1.0,1,0.19236176510921446,56
5183,2,8376,4168,4208,0,0,0,1.0,1,1.0,1,1.0,1,0.16679280215706915,57
5184,2,8378,4170,4208,0,0,0,1.0,1,1.0,1,1.0,1,0.21744352031721864,56
5185,4,8382,4170,4212,0,0,0,1.0,1,1.0,1,1.0,1,0.16794831737892849,56
5186,1,8383,4171,4212,0,0,0,1.0,1,1.0,1,1.0,1,0.19481423038852988,54
5187,0,8383,4171,4212,0,0,0,1.0,1,1.0,1,1.0,1,0.2060100418101845,51
5188,1,8384,4172,4212,0,0,0,1.0,1,1.0,1,1.0,1,0.24153292264085388,50
5189,1,8385,4172,4213,0,0,0,1.0,1,1.0,1,1.0,1,0.19752561358168041,49
5190,4,8389,4174,4215,0,0,0,1.0,1,1.0,1,1.0,1,0.17888768838527563,50
5191,2,8391,4174,4217,0,0,0,1.0,1,1.0,1,1.0,1,0.15803047289193775,50
5192,2,8393,4176,4217,0,0,0,1.0,1,1.0,1,1.0,1,0.14278860098224724,49
5193,1,8394,4176,4218,0,0,0,1.0,1,1.0,1,1.0,1,0.1354687040910449,50
5194,1,8395,4177,4218,0,0,0,1.0,1,1.0,1,1.0,1,0.17483030096423396,51
5195,2,8397,4178,4219,0,0,0,1.0,1,1.0,1,1.0,1,0.19579564942221941,51
5196,1,8398,4178,4220,0,0,0,1.0,1,1.0,1,1.0,1,0.17628061282757654,51
5197,0,8398,4178,4220,0,0,0,1.0,1,1.0,1,1.0,1,0.17628061282757654,51
5198,0,8398,4178,4220,0,0,0,1.0,1,1.0,1,1.0,1,0.17628061282757654,51
5199,0,8398,4178,4220,0,0,0,1.0,1,1.0,1,1.0,1,0.16609907723235978,54
5200,1,8399,4179,4220,0,0,0,1.0,1,1.0,1,1.0,1,0.16258153200863468,54
5201,3,8402,4181,4221,0,0,0,1.0,1,1.0,1,1.0,1,0.16275379477018423,55
5202,2,8404,4181,4223,0,0,0,1.0,1,1.0,1,1.0,1,0.1510121965581777,56
5203,1,8405,4181,4224,0,0,0,1.0,1,1.0,1,1.0,1,0.13747310546494673,56
5204,1,8406,4181,4225,0,0,0,1.0,1,1.0,1,1.0,1,0.14344557041657585,58
5205,0,8406,4181,4225,0,0,0,1.0,1,1.0,1,1.0,1,0.14344557041657585,58
5206,0,8406,4181,4225,0,0,0,1.0,1,1.0,1,1.0,1,0.14344557041657585,58
5207,2,8408,4181,4227,0,0,0,1.0,1,1.0,1,1.0,1,0.13639739005495352,59
5208,1,8409,4182,4227,0,0,0,1.0,1,1.0,1,1.0,1,0.12631750458470348,58
5209,0,8409,4182,4227,0,0,0,1.0,1,1.0,1,1.0,1,0.12631750458470348,58
5210,0,8409,4182,4227,0,0,0,1.0,1,1.0,1,1.0,1,0.14303406758091958,57
5211,1,8410,4183,4227,0,0,0,1.0,1,1.0,1,1.0,1,0.15908064289491092,57
5212,1,8411,4183,4228,0,0,0,1.0,1,1.0,1,1.0,1,0.16478130842803004,59
5213,3,8414,4185,4229,0,0,0,1.0,1,1.0,1,1.0,1,0.19384253830015175,59
5214,2,8416,4186,4230,0,0,0,1.0,1,1.0,1,1.0,1,0.22778780342508673,59
5215,1,8417,4187,4230,0,0,0,1.0,1,1.0,1,1.0,1,0.2507692089246988,58
5216,0,8417,4187,4230,0,0,0,1.0,1,1.0,1,1.0,1,0.23355770957200075,59
5217,6,8423,4191,4232,0,0,0,1.0,1,1.0,1,1.0,1,0.23228551117222937,58
5218,3,8426,4194,4232,0,0,0,1.0,1,1.0,1,1.0,1,0.2836838450896364,58
5219,5,8431,4194,4237,0,0,0,1.0,1,1.0,1,1.0,1,0.20281772746676213,57
5220,2,8433,4194,4239,0,0,0,1.0,1,1.0,1,1.0,1,0.20818481602264088,56
5221,3,8436,4195,4241,0,0,0,1.0,1,1.0,1,1.0,1,0.18964720582983166,58
5222,3,8439,4197,4242,0,0,0,1.0,1,1.0,1,1.0,1,0.1941554112176334,56
5223,2,8441,4198,4243,0,0,0,1.0,1,1.0,1,1.0,1,0.24431137414425863,55
5224,1,8442,4198,4244,0,0,0,1.0,1,1.0,1,1.0,1,0.23464605027509752,56
5225,1,8443,4199,4244,0,0,0,1.0,1,1.0,1,1.0,1,0.2629715509502146,55
5226,1,8444,4200,4244,0,0,0,1.0,1,1.0,1,1.0,1,0.2581970648717716,55
5227,1,8445,4201,4244,0,0,0,1.0,1,1.0,1,1.0,1,0.28488409171440005,53
5228,0,8445,4201,4244,0,0,0,1.0,1,1.0,1,1.0,1,0.27645371260298984,51
5229,4,8449,4202,4247,0,0,0,1.0,1,1.0,1,1.0,1,0.21181716633632905,51
5230,0,8449,4202,4247,0,0,0,1.0,1,1.0,1,1.0,1,0.21088708581166773,51
5231,2,8451,4203,4248,0,0,0,1.0,1,1.0,1,1.0,1,0.22895742722862614,52
5232,3,8454,4204,4250,0,0,0,1.0,1,1.0,1,1.0,1,0.2585220254043736,52
5233,2,8456,4204,4252,0,0,0,1.0,1,1.0,1,1.0,1,0.2604256867050146,53
5234,2,8458,4205,4253,0,0,0,1.0,1,1.0,1,1.0,1,0.2825987525635132,53
5235,3,8461,4206,4255,0,0,0,1.0,1,1.0,1,1.0,1,0.2610095445773978,53
5236,4,8465,4209,4256,0,0,0,1.0,1,1.0,1,1.0,1,0.24949839254380807,52
5237,2,8467,4209,4258,0,0,0,1.0,1,1.0,1,1.0,1,0.2507425855087257,52
5238,2,8469,4211,4258,0,0,0,1.0,1,1.0,1,1.0,1,0.26331391205870447,52
5239,1,8470,4211,4259,0,0,0,1.0,1,1.0,1,1.0,1,0.26453577606401324,51
5240,1,8471,4212,4259,0,0,0,1.0,1,1.0,1,1.0,1,0.2772684551984952,53
5241,1,8472,4212,4260,0,0,0,1.0,1,1.0,1,1.0,1,0.2802903754820537,53
5242,1,8473,4212,4261,0,0,0,1.0,1,1.0,1,1.0,1,0.27860444751354396,51
5243,2,8475,4212,4263,0,0,0,1.0,1,1.0,1,1.0,1,0.25550793078146267,51
5244,1,8476,4213,4263,0,0,0,1.0,1,1.0,1,1.0,1,0.28472662087356676,52
5245,2,8478,4213,4265,0,0,0,1.0,1,1.0,1,1.0,1,0.25703710098807836,53
5246,1,8479,4214,4265,0,0,0,1.0,1,1.0,1,1.0,1,0.2533948699231478,53
5247,3,8482,4215,4267,0,0,0,1.0,1,1.0,1,1.0,1,0.2737822534655218,54
5248,0,8482,4215,4267,0,0,0,1.0,1,1.0,1,1.0,1,0.2583006187221788,54
5249,3,8485,4216,4269,0,0,0,1.0,1,1.0,1,1.0,1,0.20837048892901483,55
5250,1,8486,4216,4270,0,0,0,1.0,1,1.0,1,1.0,1,0.22194651414237956,57
5251,1,8487,4216,4271,0,0,0,1.0,1,1.0,1,1.0,1,0.21077211091583758,58
5252,0,8487,4216,4271,0,0,0,1.0,1,1.0,1,1.0,1,0.21077211091583758,58
5253,3,8490,4219,4271,0,0,0,1.0,1,1.0,1,1.0,1,0.27089416427798657,58
5254,5,8495,4219,4276,0,0,0,1.0,1,1.0,1,1.0,1,0.23245663031976138,59
5255,6,8501,4223,4278,0,0,0,1.0,1,1.0,1,1.0,1,0.24966408269820406,58
5256,1,8502,4223,4279,0,0,0,1.0,1,1.0,1,1.0,1,0.27168655654509866,58
5257,1,8503,4223,4280,0,0,0,1.0,1,1.0,1,1.0,1,0.2677851156393226,57
5258,0,8503,4223,4280,0,0,0,1.0,1,1.0,1,1.0,1,0.25838579368283154,55
5259,0,8503,4223,4280,0,0,0,1.0,1,1.0,1,1.0,1,0.2621094150320162,56
5260,0,8503,4223,4280,0,0,0,1.0,1,1.0,1,1.0,1,0.26274209528727493,55
5261,1,8504,4223,4281,0,0,0,1.0,1,1.0,1,1.0,1,0.2640003993003629,54
5262,1,8505,4224,4281,0,0,0,1.0,1,1.0,1,1.0,1,0.27609909835161517,54
5263,4,8509,4227,4282,0,0,0,1.0,1,1.0,1,1.0,1,0.2865878419736863,55
5264,3,8512,4228,4284,0,0,0,1.0,1,1.0,1,1.0,1,0.2671465811788524,53
5265,3,8515,4231,4284,0,0,0,1.0,1,1.0,1,1.0,1,0.2984380118320404,52
5266,2,8517,4232,4285,0,0,0,1.0,1,1.0,1,1.0,1,0.3021058138633711,49
5267,1,8518,4232,4286,0,0,0,1.0,1,1.0,1,1.0,1,0.28795051339371114,49
5268,3,8521,4233,4288,0,0,0,1.0,1,1.0,1,1.0,1,0.26168733272367667,46
5269,1,8522,4234,4288,0,0,0,1.0,1,1.0,1,1.0,1,0.2815263752022036,45
5270,6,8528,4237,4291,0,0,0,1.0,1,1.0,1,1.0,1,0.2509212016443716,46
5271,3,8531,4239,4292,0,0,0,1.0,1,1.0,1,1.0,1,0.2478877336057324,46
5272,0,8531,4239,4292,0,0,0,1.0,1,1.0,1,1.0,1,0.2547849437955448,45
5273,4,8535,4242,4293,0,0,0,1.0,1,1.0,1,1.0,1,0.23974160101456665,45
5274,1,8536,4242,4294,0,0,0,1.0,1,1.0,1,1.0,1,0.23749589723813253,45
5275,6,8542,4244,4298,0,0,0,1.0,1,1.0,1,1.0,1,0.20153432195190538,46
5276,2,8544,4246,4298,0,0,0,1.0,1,1.0,1,1.0,1,0.21859046749886893,45
5277,0,8544,4246,4298,0,0,0,1.0,1,1.0,1,1.0,1,0.22247541354394382,45
5278,1,8545,4247,4298,0,0,0,1.0,1,1.0,1,1.0,1,0.21956593945256664,44
5279,1,8546,4248,4298,0,0,0,1.0,1,1.0,1,1.0,1,0.25301769337500296,45
5280,1,8547,4249,4298,0,0,0,1.0,1,1.0,1,1.0,1,0.23685289986806898,46
5281,1,8548,4249,4299,0,0,0,1.0,1,1.0,1,1.0,1,0.22820707464149148,46
5282,0,8548,4249,4299,0,0,0,1.0,1,1.0,1,1.0,1,0.2363309268266651,47
5283,0,8548,4249,4299,0,0,0,1.0,1,1.0,1,1.0,1,0.24895455077579204,48
5284,1,8549,4249,4300,0,0,0,1.0,1,1.0,1,1.0,1,0.22436958789549966,48
5285,0,8549,4249,4300,0,0,0,1.0,1,1.0,1,1.0,1,0.21013726723720078,48
5286,1,8550,4249,4301,0,0,0,1.0,1,1.0,1,1.0,1,0.207610187227066,50
5287,0,8550,4249,4301,0,0,0,1.0,1,1.0,1,1.0,1,0.207610187227066,50
5288,1,8551,4250,4301,0,0,0,1.0,1,1.0,1,1.0,1,0.19634180569473178,51
5289,1,8552,4250,4302,0,0,0,1.0,1,1.0,1,1.0,1,0.17824058762458325,51
5290,0,8552,4250,4302,0,0,0,1.0,1,1.0,1,1.0,1,0.18660831851350276,52
5291,3,8555,4252,4303,0,0,0,1.0,1,1.0,1,1.0,1,0.22078687746548725,52
5292,1,8556,4252,4304,0,0,0,1.0,1,1.0,1,1.0,1,0.22454725690937677,53
5293,2,8558,4253,4305,0,0,0,1.0,1,1.0,1,1.0,1,0.27430009044959835,51
5294,1,8559,4254,4305,0,0,0,1.0,1,1.0,1,1.0,1,0.27789735421435563,50
5295,0,8559,4254,4305,0,0,0,1.0,1,1.0,1,1.0,1,0.3328337571683188,49
5296,0,8559,4254,4305,0,0,0,1.0,1,1.0,1,1.0,1,0.35041338190999455,48
5297,1,8560,4255,4305,0,0,0,1.0,1,1.0,1,1.0,1,0.3834196222048879,46
5298,2,8562,4255,4307,0,0,0,1.0,1,1.0,1,1.0,1,0.36403425103000847,46
5299,1,8563,4255,4308,0,0,0,1.0,1,1.0,1,1.0,1,0.36029301663381624,47
5300,0,8563,4255,4308,0,0,0,1.0,1,1.0,1,1.0,1,0.3416681082599301,48
5301,0,8563,4255,4308,0,0,0,1.0,1,1.0,1,1.0,1,0.3416681082599301,48
5302,4,8567,4258,4309,0,0,0,1.0,1,1.0,1,1.0,1,0.3258316866746547,49
5303,3,8570,4260,4310,0,0,0,1.0,1,1.0,1,1.0,1,0.3237625961329552,48
5304,1,8571,4261,4310,0,0,0,1.0,1,1.0,1,1.0,1,0.3308932507816703,48
5305,2,8573,4262,4311,0,0,0,1.0,1,1.0,1,1.0,1,0.34030629351483355,47
5306,4,8577,4264,4313,0,0,0,1.0,1,1.0,1,1.0,1,0.3509332966728844,48
5307,1,8578,4264,4314,0,0,0,1.0,1,1.0,1,1.0,1,0.3366834482982716,48
5308,0,8578,4264,4314,0,0,0,1.0,1,1.0,1,1.0,1,0.338373267517777,47
5309,0,8578,4264,4314,0,0,0,1.0,1,1.0,1,1.0,1,0.36876031708464646,46
5310,2,8580,4265,4315,0,0,0,1.0,1,1.0,1,1.0,1,0.3540007896965103,46
5311,4,8584,4266,4318,0,0,0,1.0,1,1.0,1,1.0,1,0.32563208055869053,46
5312,2,8586,4267,4319,0,0,0,1.0,1,1.0,1,1.0,1,0.34846923120896867,46
5313,2,8588,4267,4321,0,0,0,1.0,1,1.0,1,1.0,1,0.32694693337557623,46
5314,1,8589,4267,4322,0,0,0,1.0,1,1.0,1,1.0,1,0.3136231821088653,46
5315,5,8594,4268,4326,0,0,0,1.0,1,1.0,1,1.0,1,0.30660762146250903,47
5316,4,8598,4269,4329,0,0,0,1.0,1,1.0,1,1.0,1,0.2522097012877728,48
5317,4,8602,4269,4333,0,0,0,1.0,1,1.0,1,1.0,1,0.20183748186949302,49
5318,4,8606,4271,4335,0,0,0,1.0,1,1.0,1,1.0,1,0.176674618727727,49
5319,2,8608,4272,4336,0,0,0,1.0,1,1.0,1,1.0,1,0.20197447339700078,50
5320,3,8611,4273,4338,0,0,0,1.0,1,1.0,1,1.0,1,0.19437162344286815,51
5321,0,8611,4273,4338,0,0,0,1.0,1,1.0,1,1.0,1,0.1703963980167659,52
5322,0,8611,4273,4338,0,0,0,1.0,1,1.0,1,1.0,1,0.18022155821717106,53
5323,0,8611,4273,4338,0,0,0,1.0,1,1.0,1,1.0,1,0.16334109772696034,53
5324,1,8612,4274,4338,0,0,0,1.0,1,1.0,1,1.0,1,0.18893268840131414,55
5325,1,8613,4275,4338,0,0,0,1.0,1,1.0,1,1.0,1,0.1949304342727744,55
5326,0,8613,4275,4338,0,0,0,1.0,1,1.0,1,1.0,1,0.1949304342727744,55
5327,2,8615,4275,4340,0,0,0,1.0,1,1.0,1,1.0,1,0.18064073604864098,56
5328,1,8616,4276,4340,0,0,0,1.0,1,1.0,1,1.0,1,0.20204566256912554,57
5329,3,8619,4277,4342,0,0,0,1.0,1,1.0,1,1.0,1,0.18147532003292316,57
5330,1,8620,4278,4342,0,0,0,1.0,1,1.0,1,1.0,1,0.17405578015780315,56
5331,2,8622,4278,4344,0,0,0,1.0,1,1.0,1,1.0,1,0.13554516872640704,57
5332,0,8622,4278,4344,0,0,0,1.0,1,1.0,1,1.0,1,0.14208089731519935,58
5333,0,8622,4278,4344,0,0,0,1.0,1,1.0,1,1.0,1,0.1540728400667468,59
5334,0,8622,4278,4344,0,0,0,1.0,1,1.0,1,1.0,1,0.1540728400667468,59
5335,0,8622,4278,4344,0,0,0,1.0,1,1.0,1,1.0,1,0.15748619405815442,58
5336,0,8622,4278,4344,0,0,0,1.0,1,1.0,1,1.0,1,0.1648233657602989,59
5337,1,8623,4278,4345,0,0,0,1.0,1,1.0,1,1.0,1,0.16874356788520775,60
5338,0,8623,4278,4345,0,0,0,1.0,1,1.0,1,1.0,1,0.16874356788520775,60
5339,2,8625,4279,4346,0,0,0,1.0,1,1.0,1,1.0,1,0.15677813543109803,60
5340,2,8627,4281,4346,0,0,0,1.0,1,1.0,1,1.0,1,0.20329247110928977,60
5341,3,8630,4282,4348,0,0,0,1.0,1,1.0,1,1.0,1,0.19368250566925962,61
5342,2,8632,4284,4348,0,0,0,1.0,1,1.0,1,1.0,1,0.23332483465746076,59
5343,2,8634,4285,4349,0,0,0,1.0,1,1.0,1,1.0,1,0.24539599029807582,58
5344,4,8638,4287,4351,0,0,0,1.0,1,1.0,1,1.0,1,0.26780286473892917,58
5345,4,8642,4290,4352,0,0,0,1.0,1,1.0,1,1.0,1,0.26018274273910613,54
5346,1,8643,4290,4353,0,0,0,1.0,1,1.0,1,1.0,1,0.24522457831405392,54
5347,7,8650,4295,4355,0,0,0,1.0,1,1.0,1,1.0,1,0.2103252266032972,54
5348,1,8651,4296,4355,0,0,0,1.0,1,1.0,1,1.0,1,0.2350018644701137,55
5349,6,8657,4297,4360,0,0,0,1.0,1,1.0,1,1.0,1,0.19084971840469767,56
5350,1,8658,4298,4360,0,0,0,1.0,1,1.0,1,1.0,1,0.20618262420712002,56
5351,1,8659,4298,4361,0,0,0,1.0,1,1.0,1,1.0,1,0.18338139126937741,57
5352,4,8663,4299,4364,0,0,0,1.0,1,1.0,1,1.0,1,0.18875653802103257,57
5353,2,8665,4300,4365,0,0,0,1.0,1,1.0,1,1.0,1,0.1778201492394578,57
5354,0,8665,4300,4365,0,0,0,1.0,1,1.0,1,1.0,1,0.18220270904645147,56
5355,1,8666,4300,4366,0,0,0,1.0,1,1.0,1,1.0,1,0.15234938102208623,57
5356,0,8666,4300,4366,0,0,0,1.0,1,1.0,1,1.0,1,0.16772918815245363,56
5357,0,8666,4300,4366,0,0,0,1.0,1,1.0,1,1.0,1,0.18527595135234737,56
5358,1,8667,4301,4366,0,0,0,1.0,1,1.0,1,1.0,1,0.15714129004847638,57
5359,1,8668,4302,4366,0,0,0,1.0,1,1.0,1,1.0,1,0.16693522996968194,57
5360,0,8668,4302,4366,0,0,0,1.0,1,1.0,1,1.0,1,0.18835768944755948,55
5361,4,8672,4304,4368,0,0,0,1.0,1,1.0,1,1.0,1,0.20285742626020106,56
5362,1,8673,4305,4368,0,0,0,1.0,1,1.0,1,1.0,1,0.215508406048358,57
5363,0,8673,4305,4368,0,0,0,1.0,1,1.0,1,1.0,1,0.215508406048358,57
5364,1,8674,4305,4369,0,0,0,1.0,1,1.0,1,1.0,1,0.2116056877292804,58
5365,3,8677,4306,4371,0,0,0,1.0,1,1.0,1,1.0,1,0.20896011200377088,59
5366,5,8682,4307,4375,0,0,0,1.0,1,1.0,1,1.0,1,0.19107348775132738,60
5367,2,8684,4308,4376,0,0,0,1.0,1,1.0,1,1.0,1,0.18411636719175528,60
5368,1,8685,4309,4376,0,0,0,1.0,1,1.0,1,1.0,1,0.19031699942932054,58
5369,3,8688,4310,4378,0,0,0,1.0,1,1.0,1,1.0,1,0.14960325026946894,58
5370,1,8689,4311,4378,0,0,0,1.0,1,1.0,1,1.0,1,0.14629531339843013,57
5371,1,8690,4312,4378,0,0,0,1.0,1,1.0,1,1.0,1,0.15905862256669687,56
5372,3,8693,4315,4378,0,0,0,1.0,1,1.0,1,1.0,1,0.19529334638078114,55
5373,3,8696,4318,4378,0,0,0,1.0,1,1.0,1,1.0,1,0.23882225226405507,54
5374,0,8696,4318,4378,0,0,0,1.0,1,1.0,1,1.0,1,0.22797581674326187,53
5375,7,8703,4319,4384,0,0,0,1.0,1,1.0,1,1.0,1,0.16792139153991995,52
5376,1,8704,4319,4385,0,0,0,1.0,1,1.0,1,1.0,1,0.15167557827562292,52
5377,0,8704,4319,4385,0,0,0,1.0,1,1.0,1,1.0,1,0.15753417836024478,51
5378,2,8706,4321,4385,0,0,0,1.0,1,1.0,1,1.0,1,0.20469943741091887,52
5379,1,8707,4321,4386,0,0,0,1.0,1,1.0,1,1.0,1,0.22765804494915404,50
5380,4,8711,4322,4389,0,0,0,1.0,1,1.0,1,1.0,1,0.21344536626598637,51
5381,2,8713,4323,4390,0,0,0,1.0,1,1.0,1,1.0,1,0.1609742407904786,50
5382,1,8714,4324,4390,0,0,0,1.0,1,1.0,1,1.0,1,0.18732195650893105,48
5383,1,8715,4324,4391,0,0,0,1.0,1,1.0,1,1.0,1,0.170837014119098,48
5384,0,8715,4324,4391,0,0,0,1.0,1,1.0,1,1.0,1,0.170837014119098,48
5385,1,8716,4324,4392,0,0,0,1.0,1,1.0,1,1.0,1,0.15327184327544865,47
5386,3,8719,4326,4393,0,0,0,1.0,1,1.0,1,1.0,1,0.12469006729346414,48
5387,1,8720,4327,4393,0,0,0,1.0,1,1.0,1,1.0,1,0.12679125639850816,48
5388,1,8721,4328,4393,0,0,0,1.0,1,1.0,1,1.0,1,0.11826147728255022,48
5389,0,8721,4328,4393,0,0,0,1.0,1,1.0,1,1.0,1,0.12238737065875037,50
5390,2,8723,4330,4393,0,0,0,1.0,1,1.0,1,1.0,1,0.14952855699216644,52
5391,2,8725,4331,4394,0,0,0,1.0,1,1.0,1,1.0,1,0.15964765482214616,52
5392,0,8725,4331,4394,0,0,0,1.0,1,1.0,1,1.0,1,0.16209076363202676,51
5393,3,8728,4333,4395,0,0,0,1.0,1,1.0,1,1.0,1,0.20520541244073487,50
5394,0,8728,4333,4395,0,0,0,1.0,1,1.0,1,1.0,1,0.209117986240513,50
5395,5,8733,4337,4396,0,0,0,1.0,1,1.0,1,1.0,1,0.25868637986403414,49
5396,4,8737,4338,4399,0,0,0,1.0,1,1.0,1,1.0,1,0.18498290635181547,48
5397,1,8738,4339,4399,0,0,0,1.0,1,1.0,1,1.0,1,0.2017102082206342,48
5398,0,8738,4339,4399,0,0,0,1.0,1,1.0,1,1.0,1,0.22169744306662087,46
5399,2,8740,4341,4399,0,0,0,1.0,1,1.0,1,1.0,1,0.22516942249525207,46
5400,4,8744,4343,4401,0,0,0,1.0,1,1.0,1,1.0,1,0.2511985348792569,48
5401,3,8747,4343,4404,0,0,0,1.0,1,1.0,1,1.0,1,0.17335820163341376,49
5402,0,8747,4343,4404,0,0,0,1.0,1,1.0,1,1.0,1,0.0,0
