,SuccessfulHandoverCount,TotalSuccessfulHandoverCount,TotalSuccessfulHandoverCountRange,TotalSuccessfulHandoverCountLoadBalancing,TotalSuccessfulHandoverCountOverload,FailedHandoverCount,TotalFailedHandoverCount,AvgQoS,MinQoS,AvgQoS_LoadBased,MinQoS_LoadBased,AvgQoS_RangeBased,MinQoS_RangeBased,GiniLoad,VehicleCount
0,0,0,0,0,0,0,0,1.0,1.0,1.0,1.0,1.0,1,0.0,0
1,0,0,0,0,0,0,0,1.0,1.0,1.0,1.0,1.0,1,0.5618426117878546,30
2,0,0,0,0,0,0,0,1.0,1.0,1.0,1.0,1.0,1,0.5123813497151888,32
3,0,0,0,0,0,0,0,1.0,1.0,1.0,1.0,1.0,1,0.5050495037050438,33
4,0,0,0,0,0,0,0,1.0,1.0,1.0,1.0,1.0,1,0.48650400509945807,34
5,0,0,0,0,0,0,0,1.0,1.0,1.0,1.0,1.0,1,0.4694160444923257,36
6,1,1,1,0,0,0,0,0.9985420387092199,0.9944597470950356,0.9985420387092199,0.9944597470950356,1.0,1,0.497774800169743,38
7,0,1,1,0,0,0,0,0.9986149367737589,0.9944597470950356,0.9986149367737589,0.9944597470950356,1.0,1,0.4726495601814898,40
8,0,1,1,0,0,0,0,0.9986149367737589,0.9944597470950356,0.9986149367737589,0.9944597470950356,1.0,1,0.4726495601814898,40
9,2,3,3,0,0,0,0,0.9986149367737589,0.9944597470950356,0.9986149367737589,0.9944597470950356,1.0,1,0.4646915162722024,40
10,2,5,5,0,0,0,0,1.0,1.0,1.0,1.0,1.0,1,0.45954178401217466,41
11,4,9,9,0,0,0,0,0.9960220694798652,0.985534798108601,0.9960220694798652,0.985534798108601,1.0,1,0.46265328256710814,40
12,0,9,9,0,0,0,0,1.0,1.0,1.0,1.0,1.0,1,0.4555707170625776,39
13,1,10,10,0,0,0,0,1.0,1.0,1.0,1.0,1.0,1,0.45060672143954444,37
14,0,10,10,0,0,0,0,1.0,1.0,1.0,1.0,1.0,1,0.4503811473582649,35
15,2,12,12,0,0,0,0,1.0,1.0,1.0,1.0,1.0,1,0.4409086746475095,36
16,2,14,14,0,0,0,0,1.0,1.0,1.0,1.0,1.0,1,0.45496292684493234,34
17,0,14,14,0,0,0,0,1.0,1.0,1.0,1.0,1.0,1,0.47413007065909596,33
18,1,15,15,0,0,0,0,1.0,1.0,1.0,1.0,1.0,1,0.4668206263393133,34
19,1,16,16,0,0,0,0,1.0,1.0,1.0,1.0,1.0,1,0.47426090048843444,34
20,1,17,17,0,0,0,0,1.0,1.0,1.0,1.0,1.0,1,0.45155414645125724,34
21,0,17,17,0,0,0,0,1.0,1.0,1.0,1.0,1.0,1,0.45931218122010786,36
22,1,18,18,0,0,0,0,1.0,1.0,1.0,1.0,1.0,1,0.4821420009347399,35
23,3,21,21,0,0,0,0,0.9827443910977763,0.9450957898565612,0.9827443910977763,0.9450957898565612,1.0,1,0.5069541592690413,35
24,2,23,23,0,0,0,0,1.0,1.0,1.0,1.0,1.0,1,0.4732095907621249,35
25,5,28,28,0,0,0,0,1.0,1.0,1.0,1.0,1.0,1,0.4753615933442654,35
26,3,31,31,0,0,0,0,1.0,1.0,1.0,1.0,1.0,1,0.5043404336309467,36
27,4,35,35,0,0,0,0,1.0,1.0,1.0,1.0,1.0,1,0.4476659403327206,34
28,1,36,36,0,0,0,0,1.0,1.0,1.0,1.0,1.0,1,0.46337133910102796,35
29,2,38,38,0,0,0,0,1.0,1.0,1.0,1.0,1.0,1,0.48488773143376407,33
30,2,40,40,0,0,0,0,1.0,1.0,1.0,1.0,1.0,1,0.5013203378060097,33
31,1,41,41,0,0,0,0,1.0,1.0,1.0,1.0,1.0,1,0.5681490249820491,33
32,0,41,41,0,0,0,0,1.0,1.0,1.0,1.0,1.0,1,0.5810864146816119,32
33,1,42,42,0,0,0,0,1.0,1.0,1.0,1.0,1.0,1,0.5529191793940316,33
34,1,43,43,0,0,0,0,1.0,1.0,1.0,1.0,1.0,1,0.5650312622653119,33
35,0,43,43,0,0,0,0,1.0,1.0,1.0,1.0,1.0,1,0.5506777689911078,35
36,0,43,43,0,0,0,0,0.993470986717297,0.9786323201656996,0.993470986717297,0.9786323201656996,1.0,1,0.5612358287186702,36
37,0,43,43,0,0,0,0,0.9936474465357484,0.9786323201656996,0.9936474465357484,0.9786323201656996,1.0,1,0.5455675000690432,37
38,1,44,44,0,0,0,0,1.0,1.0,1.0,1.0,1.0,1,0.5405391679513823,36
39,1,45,45,0,0,0,0,1.0,1.0,1.0,1.0,1.0,1,0.5375554201884787,38
40,1,46,46,0,0,0,0,1.0,1.0,1.0,1.0,1.0,1,0.5284253301296964,40
41,0,46,46,0,0,0,0,1.0,1.0,1.0,1.0,1.0,1,0.5284253301296964,40
42,2,48,48,0,0,0,0,0.9975778973069398,0.9911923538434174,0.9975778973069398,0.9911923538434174,1.0,1,0.5357646716723613,40
43,0,48,48,0,0,0,0,0.9977468812157579,0.9911923538434174,0.9977468812157579,0.9911923538434174,1.0,1,0.5315182297951688,43
44,1,49,49,0,0,0,0,0.9742628492559762,0.9077752098339145,0.9742628492559762,0.9077752098339145,1.0,1,0.5416023636602111,43
45,0,49,49,0,0,0,0,0.9748477845001585,0.9077752098339145,0.9748477845001585,0.9077752098339145,1.0,1,0.5317828766303158,44
46,2,51,51,0,0,0,0,0.9601760720624051,0.9160542087751694,0.9601760720624051,0.9160542087751694,1.0,1,0.53894947757566,44
47,1,52,52,0,0,0,0,0.9564355407921237,0.84026364957112,0.9564355407921237,0.84026364957112,1.0,1,0.5442074912421998,44
48,2,54,54,0,0,0,0,0.9423126742840224,0.84026364957112,0.9423126742840224,0.84026364957112,1.0,1,0.5495692474233184,44
49,1,55,55,0,0,0,0,0.9555366399226353,0.8480835197356704,0.9555366399226353,0.8480835197356704,1.0,1,0.5496584304478244,41
50,2,57,57,0,0,0,0,0.9717639280744568,0.9253561898418452,0.9717639280744568,0.9253561898418452,1.0,1,0.5637315353265671,40
51,1,58,58,0,0,0,0,0.9783925812700078,0.9253561898418452,0.9783925812700078,0.9253561898418452,1.0,1,0.5682641322642547,38
52,1,59,59,0,0,0,0,0.978864282894057,0.928907133370919,0.978864282894057,0.928907133370919,1.0,1,0.5774434174107583,37
53,1,60,60,0,0,0,0,0.9794204859757923,0.928907133370919,0.9794204859757923,0.928907133370919,1.0,1,0.5893421902828369,38
54,2,62,62,0,0,0,0,1.0,1.0,1.0,1.0,1.0,1,0.5851728446977056,38
55,1,63,63,0,0,0,0,0.9782762476878932,0.9249543101945399,0.9782762476878932,0.9249543101945399,1.0,1,0.596295422183253,38
56,2,65,65,0,0,0,0,0.9045692695754537,0.7409737317048026,0.9045692695754537,0.7409737317048026,1.0,1,0.623686340574491,38
57,1,66,66,0,0,0,0,0.9045692695754536,0.7409737317048026,0.9045692695754536,0.7409737317048026,1.0,1,0.6170797931639223,38
58,4,70,70,0,0,0,0,0.9027678456611176,0.7360841525087478,0.9027678456611176,0.7360841525087478,1.0,1,0.5964989325079231,38
59,0,70,70,0,0,0,0,0.8810719239644721,0.682858463905259,0.8810719239644721,0.682858463905259,1.0,1,0.5933662461859102,40
60,2,72,72,0,0,0,0,0.8362388002839023,0.6146795300797702,0.8362388002839023,0.6146795300797702,1.0,1,0.6223581587591095,40
61,1,73,73,0,0,0,0,0.8839506990012852,0.6905351973367605,0.8839506990012852,0.6905351973367605,1.0,1,0.6000477128070131,40
62,2,75,75,0,0,0,0,0.901746168222173,0.7258111492021577,0.901746168222173,0.7258111492021577,1.0,1,0.6081969006250838,42
63,1,76,76,0,0,0,0,0.8931555466211443,0.7258111492021577,0.8931555466211443,0.7258111492021577,1.0,1,0.6287601149989742,40
64,0,76,76,0,0,0,0,0.8957615088986773,0.7258111492021577,0.8957615088986773,0.7258111492021577,1.0,1,0.6216574549671597,41
65,0,76,76,0,0,0,0,0.8957615088986773,0.7258111492021577,0.8957615088986773,0.7258111492021577,1.0,1,0.6216574549671597,41
66,2,78,78,0,0,0,0,0.9234517333686366,0.793330818740771,0.9234517333686366,0.793330818740771,1.0,1,0.5859720421764589,41
67,2,80,80,0,0,0,0,0.9234517333686366,0.793330818740771,0.9234517333686366,0.793330818740771,1.0,1,0.5749256062317041,41
68,0,80,80,0,0,0,0,0.9344707474056103,0.793330818740771,0.9344707474056103,0.793330818740771,1.0,1,0.5595189179197332,41
69,3,83,83,0,0,0,0,0.9431266421571245,0.8206301791109306,0.9431266421571245,0.8206301791109306,1.0,1,0.5708035278467893,41
70,0,83,83,0,0,0,0,0.9204578642627897,0.761373592788369,0.9204578642627897,0.761373592788369,1.0,1,0.5784378980920049,42
71,2,85,85,0,0,0,0,0.9240734158872084,0.761373592788369,0.9240734158872084,0.761373592788369,1.0,1,0.5532179480242202,44
72,2,87,87,0,0,0,0,0.9300917185035782,0.7806427607171975,0.9300917185035782,0.7806427607171975,1.0,1,0.5550605071332407,44
73,2,89,89,0,0,0,0,0.9122101484433642,0.7802714905219328,0.9122101484433642,0.7802714905219328,1.0,1,0.5469541939562652,46
74,0,89,89,0,0,0,0,0.9272894331769198,0.8279130075920593,0.9272894331769198,0.8279130075920593,1.0,1,0.55364309227051,44
75,3,92,92,0,0,0,0,0.9781333172974477,0.9198221634239749,0.9781333172974477,0.9198221634239749,1.0,1,0.5258651994966977,44
76,0,92,92,0,0,0,0,0.9537209520546936,0.83980329557394,0.9537209520546936,0.83980329557394,1.0,1,0.5364528434531538,45
77,1,93,93,0,0,0,0,0.9569470871212888,0.9201287081749526,0.9569470871212888,0.9201287081749526,1.0,1,0.5324869382672426,44
78,1,94,94,0,0,0,0,0.9569470871212888,0.9201287081749526,0.9569470871212888,0.9201287081749526,1.0,1,0.5295990213066593,44
79,1,95,95,0,0,0,0,0.9510629549205075,0.9026316438620462,0.9510629549205075,0.9026316438620462,1.0,1,0.5342793830957834,43
80,2,97,97,0,0,0,0,0.93111656195868,0.8441449868450743,0.93111656195868,0.8441449868450743,1.0,1,0.54919889257476,43
81,3,100,100,0,0,0,0,0.9235946159062866,0.7989458737255316,0.9235946159062866,0.7989458737255316,1.0,1,0.5665657028631493,44
82,1,101,101,0,0,0,0,0.9249288002681261,0.7977767960247504,0.9249288002681261,0.7977767960247504,1.0,1,0.5486298703448911,45
83,2,103,103,0,0,0,0,0.8577566368547471,0.6556545759261446,0.8577566368547471,0.6556545759261446,1.0,1,0.6001562281141838,45
84,1,104,104,0,0,0,0,0.8577566368547473,0.6556545759261446,0.8577566368547473,0.6556545759261446,1.0,1,0.5920063977932902,45
85,2,106,106,0,0,0,0,0.8577566368547473,0.6556545759261446,0.8577566368547473,0.6556545759261446,1.0,1,0.5949720266924333,45
86,0,106,106,0,0,0,0,0.8577566368547473,0.6556545759261446,0.8577566368547473,0.6556545759261446,1.0,1,0.5949720266924333,45
87,0,106,106,0,0,0,0,0.8545238331469005,0.6556545759261446,0.8545238331469005,0.6556545759261446,1.0,1,0.6019348622632577,44
88,0,106,106,0,0,0,0,0.8577566368547473,0.6556545759261446,0.8577566368547473,0.6556545759261446,1.0,1,0.59473586466951,45
89,0,106,106,0,0,0,0,0.8337095024242254,0.6054286802108442,0.8337095024242254,0.6054286802108442,1.0,1,0.603413197939361,46
90,1,107,107,0,0,0,0,0.8522488622453724,0.6497664159457186,0.8522488622453724,0.6497664159457186,1.0,1,0.6061271908118109,44
91,1,108,108,0,0,0,0,0.8555322208621419,0.6497664159457186,0.8555322208621419,0.6497664159457186,1.0,1,0.5993452071785609,45
92,1,109,109,0,0,0,0,0.8582124536038696,0.7027463167768639,0.8582124536038696,0.7027463167768639,1.0,1,0.5891880637194404,46
93,0,109,109,0,0,0,0,0.8582124536038696,0.7027463167768639,0.8582124536038696,0.7027463167768639,1.0,1,0.5891880637194404,46
94,0,109,109,0,0,0,0,0.8582124536038696,0.7027463167768639,0.8582124536038696,0.7027463167768639,1.0,1,0.5891880637194404,46
95,0,109,109,0,0,0,0,0.8360186453856209,0.7027463167768639,0.8360186453856209,0.7027463167768639,1.0,1,0.5964118215484794,46
96,0,109,109,0,0,0,0,0.8360186453856209,0.7027463167768639,0.8360186453856209,0.7027463167768639,1.0,1,0.5964118215484794,46
97,2,111,111,0,0,0,0,0.8610622535930963,0.7504672866377858,0.8610622535930963,0.7504672866377858,1.0,1,0.5754472840805521,47
98,3,114,114,0,0,0,0,0.8839811531834272,0.7624454266771559,0.8839811531834272,0.7624454266771559,1.0,1,0.5429929605188715,47
99,1,115,115,0,0,0,0,0.8814590043395887,0.7624454266771559,0.8814590043395887,0.7624454266771559,1.0,1,0.5314143340357834,46
100,1,116,116,0,0,0,0,0.8182115969598848,0.6728840900539114,0.8182115969598848,0.6728840900539114,1.0,1,0.5547871539164732,48
101,0,116,116,0,0,0,0,0.8219215643688667,0.6728840900539114,0.8219215643688667,0.6728840900539114,1.0,1,0.5559245159117724,49
102,2,118,118,0,0,0,0,0.8182980121382514,0.6333311854228906,0.8182980121382514,0.6333311854228906,1.0,1,0.5545397943773356,49
103,1,119,119,0,0,0,0,0.8520502297681022,0.6596551846387227,0.8520502297681022,0.6596551846387227,1.0,1,0.5325291323480372,48
104,3,122,122,0,0,0,0,0.7657862311092724,0.5161548778258916,0.7657862311092724,0.5161548778258916,1.0,1,0.6119942692295182,49
105,1,123,123,0,0,0,0,0.8024420674081965,0.5842607883997866,0.8024420674081965,0.5842607883997866,1.0,1,0.5851383868657438,48
106,2,125,125,0,0,0,0,0.8037129045341276,0.5720106196699717,0.8037129045341276,0.5720106196699717,1.0,1,0.5980398097742408,48
107,4,129,129,0,0,0,0,0.8589263564132432,0.6606783368931612,0.8589263564132432,0.6606783368931612,1.0,1,0.5751305685270037,47
108,2,131,131,0,0,0,0,0.8999141039548327,0.7629151026362264,0.8999141039548327,0.7629151026362264,1.0,1,0.5499792118709396,47
109,3,134,134,0,0,0,0,0.9217948778832653,0.819437351012838,0.9217948778832653,0.819437351012838,1.0,1,0.5435015005608134,47
110,4,138,138,0,0,0,0,0.938468855840967,0.8365273290249278,0.938468855840967,0.8365273290249278,1.0,1,0.541248449673049,47
111,2,140,140,0,0,0,0,0.8889733458805336,0.7807417768971701,0.8889733458805336,0.7807417768971701,1.0,1,0.5636019791857503,46
112,2,142,142,0,0,0,0,0.8400856439741046,0.6996197682097067,0.8400856439741046,0.6996197682097067,1.0,1,0.5858212217848584,46
113,4,146,146,0,0,0,0,0.7436365511963146,0.6220616475717106,0.7436365511963146,0.6220616475717106,1.0,1,0.6327185946122276,45
114,0,146,146,0,0,0,0,0.7492096696485686,0.6220616475717106,0.7492096696485686,0.6220616475717106,1.0,1,0.6282822936695968,46
115,3,149,149,0,0,0,0,0.7158683988088129,0.5650989064948782,0.7158683988088129,0.5650989064948782,1.0,1,0.6518593595392153,47
116,0,149,149,0,0,0,0,0.7217878071669627,0.5650989064948782,0.7217878071669627,0.5650989064948782,1.0,1,0.6369698830450641,48
117,2,151,151,0,0,0,0,0.6986431398975613,0.5295176993671865,0.6986431398975613,0.5295176993671865,1.0,1,0.6555419182848878,48
118,1,152,152,0,0,0,0,0.7040173189210561,0.5650294994221667,0.7040173189210561,0.5650294994221667,1.0,1,0.6471025545565008,49
119,0,152,152,0,0,0,0,0.7099369725426351,0.5650294994221667,0.7099369725426351,0.5650294994221667,1.0,1,0.6383870836445914,50
120,1,153,153,0,0,0,0,0.7154945050245042,0.5844027341473489,0.7154945050245042,0.5844027341473489,1.0,1,0.6275502860653394,51
121,2,155,155,0,0,0,0,0.7175646312226001,0.5865276789174965,0.7175646312226001,0.5865276789174965,1.0,1,0.6257088195220023,51
122,3,158,158,0,0,0,0,0.7174228034759477,0.5569825338503688,0.7174228034759477,0.5569825338503688,1.0,1,0.634419238591965,51
123,0,158,158,0,0,0,0,0.7174228034759477,0.5569825338503688,0.7174228034759477,0.5569825338503688,1.0,1,0.634419238591965,51
124,2,160,160,0,0,0,0,0.7184860137902404,0.5598364141676804,0.7184860137902404,0.5598364141676804,1.0,1,0.6395595254418034,51
125,0,160,160,0,0,0,0,0.6948409550235649,0.5598364141676804,0.6948409550235649,0.5598364141676804,1.0,1,0.6576317536807565,50
126,0,160,160,0,0,0,0,0.7065778413688124,0.5598364141676804,0.7065778413688124,0.5598364141676804,1.0,1,0.645110624212825,52
127,1,161,161,0,0,0,0,0.695457410947929,0.5615751198712201,0.695457410947929,0.5615751198712201,1.0,1,0.6614625626564019,50
128,0,161,161,0,0,0,0,0.695457410947929,0.5615751198712201,0.695457410947929,0.5615751198712201,1.0,1,0.6614625626564019,50
129,1,162,162,0,0,0,0,0.7266945177823566,0.5670082876245056,0.7266945177823566,0.5670082876245056,1.0,1,0.6346762438740661,52
130,2,164,164,0,0,0,0,0.7589112733137321,0.5670082876245056,0.7589112733137321,0.5670082876245056,1.0,1,0.6214327379549706,52
131,0,164,164,0,0,0,0,0.767512017740254,0.5660228846055972,0.767512017740254,0.5660228846055972,1.0,1,0.6101126410918847,54
132,2,166,166,0,0,0,0,0.8006450417038781,0.5660228846055972,0.8006450417038781,0.5660228846055972,1.0,1,0.5973298982847882,54
133,1,167,167,0,0,0,0,0.810156305675727,0.5660228846055972,0.810156305675727,0.5660228846055972,1.0,1,0.5983755375964006,52
134,3,170,170,0,0,0,0,0.7907539825057216,0.5660228846055972,0.7907539825057216,0.5660228846055972,1.0,1,0.6116330807691741,52
135,2,172,172,0,0,0,0,0.7485943656551506,0.5660228846055972,0.7485943656551506,0.5660228846055972,1.0,1,0.6331834226409698,51
136,2,174,174,0,0,0,0,0.7824369359658028,0.5660228846055972,0.7824369359658028,0.5660228846055972,1.0,1,0.6123759820583617,51
137,1,175,175,0,0,0,0,0.7627833979275391,0.5660228846055972,0.7627833979275391,0.5660228846055972,1.0,1,0.6223706896759146,50
138,4,179,179,0,0,0,0,0.8040885027343785,0.6240726340647251,0.8040885027343785,0.6240726340647251,1.0,1,0.5757188781522372,52
139,3,182,182,0,0,0,0,0.7684848773436525,0.5991967721180416,0.7684848773436525,0.5991967721180416,1.0,1,0.5942611245167025,51
140,2,184,184,0,0,0,0,0.8134167032542102,0.6429783483721396,0.8134167032542102,0.6429783483721396,1.0,1,0.5566103067812131,51
141,2,186,186,0,0,0,0,0.8059156239450448,0.6745940057180329,0.8059156239450448,0.6745940057180329,1.0,1,0.5678493105290272,50
142,2,188,188,0,0,0,0,0.8136190678395995,0.6784580740987829,0.8136190678395995,0.6784580740987829,1.0,1,0.5498849152158883,51
143,1,189,189,0,0,0,0,0.8200559620026965,0.6784580740987829,0.8200559620026965,0.6784580740987829,1.0,1,0.5672372938780244,48
144,3,192,192,0,0,0,0,0.8416560190846528,0.7182378478928781,0.8416560190846528,0.7182378478928781,1.0,1,0.5648363159564578,49
145,6,198,198,0,0,0,0,0.797798212618485,0.6228809656898391,0.797798212618485,0.6228809656898391,1.0,1,0.5954108051260195,47
146,3,201,201,0,0,0,0,0.8025716483631271,0.6372574444126292,0.8025716483631271,0.6372574444126292,1.0,1,0.5741201852157327,49
147,1,202,202,0,0,0,0,0.7722164077684065,0.6112978293032671,0.7722164077684065,0.6112978293032671,1.0,1,0.6120262573908893,46
148,2,204,204,0,0,0,0,0.7790786015176374,0.5345648148919923,0.7790786015176374,0.5345648148919923,1.0,1,0.6201871216605656,47
149,1,205,205,0,0,0,0,0.7522853628184912,0.5072581950634745,0.7522853628184912,0.5072581950634745,1.0,1,0.6476734332551431,46
150,1,206,206,0,0,0,0,0.7731249008748435,0.5072581950634745,0.7731249008748435,0.5072581950634745,1.0,1,0.626716025565359,47
151,4,210,210,0,0,0,0,0.7826992235187077,0.500208214093028,0.7826992235187077,0.500208214093028,1.0,1,0.6248335215542549,46
152,2,212,212,0,0,0,0,0.7987514812558256,0.5233587713953766,0.7987514812558256,0.5233587713953766,1.0,1,0.6195145621544488,45
153,0,212,212,0,0,0,0,0.8031264490546121,0.5233587713953766,0.8031264490546121,0.5233587713953766,1.0,1,0.6161708805378189,46
154,2,214,214,0,0,0,0,0.8431360216251428,0.5939991147944874,0.8431360216251428,0.5939991147944874,1.0,1,0.5963007265084618,44
155,1,215,215,0,0,0,0,0.8466218878112509,0.5939991147944874,0.8466218878112509,0.5939991147944874,1.0,1,0.5949491931920775,45
156,0,215,215,0,0,0,0,0.8394880221280531,0.5939991147944874,0.8394880221280531,0.5939991147944874,1.0,1,0.6073906787708552,43
157,1,216,216,0,0,0,0,0.8625306935724664,0.6391430706277244,0.8625306935724664,0.6391430706277244,1.0,1,0.6042305652848574,42
158,0,216,216,0,0,0,0,0.8657276541870602,0.6391430706277244,0.8657276541870602,0.6391430706277244,1.0,1,0.6060270711423587,43
159,0,216,216,0,0,0,0,0.8687792984100816,0.6391430706277244,0.8687792984100816,0.6391430706277244,1.0,1,0.5884111750106834,44
160,2,218,218,0,0,0,0,0.8777593194679617,0.7398882090016365,0.8777593194679617,0.7398882090016365,1.0,1,0.5914316656411777,44
161,3,221,221,0,0,0,0,0.8443225804533158,0.6341192854279043,0.8443225804533158,0.6341192854279043,1.0,1,0.6293186362279634,44
162,3,224,224,0,0,0,0,0.8413776237610571,0.6902580021677719,0.8413776237610571,0.6902580021677719,1.0,1,0.6224248151960253,44
163,5,229,229,0,0,0,0,0.7839521570852558,0.6158024036226049,0.7839521570852558,0.6158024036226049,1.0,1,0.6750987080025177,44
164,4,233,233,0,0,0,0,0.7799626399127796,0.7027747914336313,0.7799626399127796,0.7027747914336313,1.0,1,0.6539703771275163,44
165,1,234,234,0,0,0,0,0.8117803639331277,0.6732569563019707,0.8117803639331277,0.6732569563019707,1.0,1,0.6608629942435654,43
166,1,235,235,0,0,0,0,0.8179870681817201,0.6732569563019707,0.8179870681817201,0.6732569563019707,1.0,1,0.6562043483916131,43
167,1,236,236,0,0,0,0,0.8367718528518095,0.7162056792529049,0.8367718528518095,0.7162056792529049,1.0,1,0.6509864615466469,42
168,1,237,237,0,0,0,0,0.8557509711834819,0.7734790154540603,0.8557509711834819,0.7734790154540603,1.0,1,0.65018756424459,40
169,3,240,240,0,0,0,0,0.8922092970068957,0.8143809022130309,0.8922092970068957,0.8143809022130309,1.0,1,0.6206797850571025,41
170,1,241,241,0,0,0,0,0.9052727548374946,0.8143809022130309,0.9052727548374946,0.8143809022130309,1.0,1,0.6214748200025564,39
171,2,243,243,0,0,0,0,0.9325433221514249,0.8143809022130309,0.9325433221514249,0.8143809022130309,1.0,1,0.6154531404477243,39
172,1,244,244,0,0,0,0,0.964534746414628,0.8963323356735278,0.964534746414628,0.8963323356735278,1.0,1,0.6045758928164177,38
173,3,247,247,0,0,0,0,0.9781147808534828,0.9407254100097678,0.9781147808534828,0.9407254100097678,1.0,1,0.5995248351608848,38
174,1,248,248,0,0,0,0,0.9732886731619693,0.9479809734063884,0.9732886731619693,0.9479809734063884,1.0,1,0.6042459259879431,37
175,0,248,248,0,0,0,0,0.9725466918609129,0.9479809734063884,0.9725466918609129,0.9479809734063884,1.0,1,0.6076793318724961,36
176,1,249,249,0,0,0,0,0.9646486900568514,0.8939460701705544,0.9646486900568514,0.8939460701705544,1.0,1,0.6114645247063993,36
177,1,250,250,0,0,0,0,0.9329545412236208,0.8343093680767627,0.9329545412236208,0.8343093680767627,1.0,1,0.6155503872208232,38
178,3,253,253,0,0,0,0,0.9755486207493005,0.9205330174352269,0.9755486207493005,0.9205330174352269,1.0,1,0.5561258545559853,39
179,0,253,253,0,0,0,0,0.9761599052305681,0.9205330174352269,0.9761599052305681,0.9205330174352269,1.0,1,0.5526083870774539,40
180,3,256,256,0,0,0,0,0.9991569683419914,0.9969344303345143,0.9991569683419914,0.9969344303345143,1.0,1,0.5085229817628917,40
181,2,258,258,0,0,0,0,1.0,1.0,1.0,1.0,1.0,1,0.48265756146631844,39
182,1,259,259,0,0,0,0,1.0,1.0,1.0,1.0,1.0,1,0.46089610830085465,40
183,2,261,261,0,0,0,0,0.9951453925740811,0.9805815702963243,0.9951453925740811,0.9805815702963243,1.0,1,0.48440007264260854,40
184,0,261,261,0,0,0,0,0.9948898869200854,0.9805815702963243,0.9948898869200854,0.9805815702963243,1.0,1,0.5053055701394044,38
185,2,263,263,0,0,0,0,0.9735840216353915,0.9087448020131704,0.9735840216353915,0.9087448020131704,1.0,1,0.5228387952689688,38
186,3,266,266,0,0,0,0,0.9954688290568591,0.9832346675103784,0.9954688290568591,0.9832346675103784,1.0,1,0.537996299993154,37
187,0,266,266,0,0,0,0,0.9953429631973274,0.9832346675103784,0.9953429631973274,0.9832346675103784,1.0,1,0.5419520661000568,36
188,2,268,268,0,0,0,0,0.9953429631973274,0.9832346675103784,0.9953429631973274,0.9832346675103784,1.0,1,0.5697845010848167,36
189,0,268,268,0,0,0,0,0.9953429631973274,0.9832346675103784,0.9953429631973274,0.9832346675103784,1.0,1,0.5713312035550272,36
190,1,269,269,0,0,0,0,0.9452765653171534,0.8761652346155723,0.9452765653171534,0.8761652346155723,1.0,1,0.6024923034757157,36
191,1,270,270,0,0,0,0,0.9231346806173998,0.8761652346155723,0.9231346806173998,0.8761652346155723,1.0,1,0.6057097894551868,37
192,1,271,271,0,0,0,0,0.9231346806173998,0.8761652346155723,0.9231346806173998,0.8761652346155723,1.0,1,0.5925054776621342,37
193,1,272,272,0,0,0,0,0.9483052886968286,0.8765138001727081,0.9483052886968286,0.8765138001727081,1.0,1,0.5843444416400955,38
194,1,273,273,0,0,0,0,0.9256283152655522,0.7950768628565247,0.9256283152655522,0.7950768628565247,1.0,1,0.593298356400324,39
195,1,274,274,0,0,0,0,0.9026710227826185,0.7388097023630726,0.9026710227826185,0.7388097023630726,1.0,1,0.6085010716265152,40
196,2,276,276,0,0,0,0,0.884245886483205,0.6913223639552133,0.884245886483205,0.6913223639552133,1.0,1,0.6148781763234515,40
197,0,276,276,0,0,0,0,0.884245886483205,0.6913223639552133,0.884245886483205,0.6913223639552133,1.0,1,0.6221274581088172,40
198,4,280,280,0,0,0,0,0.9004896866972733,0.7545121223256352,0.9004896866972733,0.7545121223256352,1.0,1,0.6138401513912991,40
199,1,281,281,0,0,0,0,0.9004896866972733,0.7545121223256352,0.9004896866972733,0.7545121223256352,1.0,1,0.6208443506462026,40
200,6,287,287,0,0,0,0,0.8423788321524711,0.6571713970128237,0.8423788321524711,0.6571713970128237,1.0,1,0.6458719024062914,40
201,1,288,288,0,0,0,0,0.8378920244008782,0.6281052324490738,0.8378920244008782,0.6281052324490738,1.0,1,0.6535689589679771,39
202,1,289,289,0,0,0,0,0.8534169094375385,0.6608971973456265,0.8534169094375385,0.6608971973456265,1.0,1,0.6284717782621725,40
203,3,292,292,0,0,0,0,0.8259544923866543,0.6317994410486868,0.8259544923866543,0.6317994410486868,1.0,1,0.6408694106258739,39
204,1,293,293,0,0,0,0,0.8541819275300292,0.6746187375174221,0.8541819275300292,0.6746187375174221,1.0,1,0.6339133163369138,38
205,4,297,297,0,0,0,0,0.8810332838381996,0.801027971931398,0.8810332838381996,0.801027971931398,1.0,1,0.6117742654851871,37
206,0,297,297,0,0,0,0,0.9226219890844324,0.801027971931398,0.9226219890844324,0.801027971931398,1.0,1,0.5920445327999897,36
207,3,300,300,0,0,0,0,0.9335338086793391,0.8194848607792563,0.9335338086793391,0.8194848607792563,1.0,1,0.5857339009216542,37
208,0,300,300,0,0,0,0,0.9908310539440198,0.9733575083440428,0.9908310539440198,0.9733575083440428,1.0,1,0.5575900877390212,36
209,2,302,302,0,0,0,0,0.9723476072486122,0.9095012600863674,0.9723476072486122,0.9095012600863674,1.0,1,0.5463225574859177,36
210,2,304,304,0,0,0,0,0.9639899114524526,0.8821488011171177,0.9639899114524526,0.8821488011171177,1.0,1,0.5504695771931098,36
211,0,304,304,0,0,0,0,0.9892853494736095,0.9635701882102727,0.9892853494736095,0.9635701882102727,1.0,1,0.5557001822197167,34
212,1,305,305,0,0,0,0,0.9555942484933818,0.8627458589795439,0.9555942484933818,0.8627458589795439,1.0,1,0.5879696267572064,34
213,0,305,305,0,0,0,0,0.9263877661943815,0.7791632985831445,0.9263877661943815,0.7791632985831445,1.0,1,0.5950359231762864,36
214,3,308,308,0,0,0,0,0.9987762024291332,0.9957167085019664,0.9987762024291332,0.9957167085019664,1.0,1,0.5810113227652257,35
215,2,310,310,0,0,0,0,0.9954169645989361,0.9893115159948273,0.9954169645989361,0.9893115159948273,1.0,1,0.5955331253802695,35
216,0,310,310,0,0,0,0,0.9804606566200994,0.9437450533980916,0.9804606566200994,0.9437450533980916,1.0,1,0.5856777870846496,37
217,1,311,311,0,0,0,0,0.9458127840382788,0.8833712825346451,0.9458127840382788,0.8833712825346451,1.0,1,0.6104779322133576,37
218,4,315,315,0,0,0,0,0.9340722274131682,0.8123594164836327,0.9340722274131682,0.8123594164836327,1.0,1,0.5989110803443825,37
219,1,316,316,0,0,0,0,0.9046917832762931,0.7481139986587746,0.9046917832762931,0.7481139986587746,1.0,1,0.6249876545698553,37
220,2,318,318,0,0,0,0,0.9333609764206744,0.8197809918995322,0.9333609764206744,0.8197809918995322,1.0,1,0.5798245639206531,38
221,2,320,320,0,0,0,0,0.9300859201930748,0.8048297444798618,0.9300859201930748,0.8048297444798618,1.0,1,0.5765945620800194,39
222,0,320,320,0,0,0,0,0.9300859201930748,0.8048297444798618,0.9300859201930748,0.8048297444798618,1.0,1,0.5765945620800194,39
223,2,322,322,0,0,0,0,0.9359529864376253,0.8853128460207413,0.9359529864376253,0.8853128460207413,1.0,1,0.5640319739414911,40
224,4,326,326,0,0,0,0,0.97117606244024,0.9039202081341335,0.97117606244024,0.9039202081341335,1.0,1,0.5488896000659994,40
225,0,326,326,0,0,0,0,0.9629564482557286,0.9039202081341335,0.9629564482557286,0.9039202081341335,1.0,1,0.5677752542354401,39
226,5,331,331,0,0,0,0,0.9230297932907127,0.7855829955955572,0.9230297932907127,0.7855829955955572,1.0,1,0.5817878433285453,39
227,4,335,335,0,0,0,0,0.9014773598009216,0.7438411354823955,0.9014773598009216,0.7438411354823955,1.0,1,0.5727326483073103,39
228,2,337,337,0,0,0,0,0.8953243713702426,0.7348217408046139,0.8953243713702426,0.7348217408046139,1.0,1,0.5710114109383724,38
229,2,339,339,0,0,0,0,0.8980083618479284,0.7348217408046139,0.8980083618479284,0.7348217408046139,1.0,1,0.564820068484284,39
230,3,342,342,0,0,0,0,0.8955408761341067,0.7353702195397371,0.8955408761341067,0.7353702195397371,1.0,1,0.5824909335859193,38
231,2,344,344,0,0,0,0,0.9208025866623702,0.7850355923692908,0.9208025866623702,0.7850355923692908,1.0,1,0.5672255307777602,38
232,2,346,346,0,0,0,0,0.9098174473636662,0.7616603966039744,0.9098174473636662,0.7616603966039744,1.0,1,0.5776290195573128,37
233,2,348,348,0,0,0,0,0.9404970504135282,0.8352226011451551,0.9404970504135282,0.8352226011451551,1.0,1,0.5838055351378133,36
234,2,350,350,0,0,0,0,1.0,1.0,1.0,1.0,1.0,1,0.5420643153637562,34
235,1,351,351,0,0,0,0,1.0,1.0,1.0,1.0,1.0,1,0.530138941986823,34
236,2,353,353,0,0,0,0,1.0,1.0,1.0,1.0,1.0,1,0.5302146835784284,33
237,3,356,356,0,0,0,0,0.9976487481374687,0.9924759940399001,0.9976487481374687,0.9924759940399001,1.0,1,0.536877557314082,32
238,1,357,357,0,0,0,0,0.9677230330609548,0.9061033689045955,0.9677230330609548,0.9061033689045955,1.0,1,0.5457360650228626,32
239,2,359,359,0,0,0,0,1.0,1.0,1.0,1.0,1.0,1,0.5415353503405367,31
240,1,360,360,0,0,0,0,1.0,1.0,1.0,1.0,1.0,1,0.5792900124179207,28
241,2,362,362,0,0,0,0,0.9850281924040866,0.9663134329091949,0.9850281924040866,0.9663134329091949,1.0,1,0.6123786577808649,27
242,3,365,365,0,0,0,0,0.9251170045452,0.8329533178315999,0.9251170045452,0.8329533178315999,1.0,1,0.6341541497842501,29
243,1,366,366,0,0,0,0,0.9496144042481498,0.8824336099123494,0.9496144042481498,0.8824336099123494,1.0,1,0.6413129080526453,28
244,1,367,367,0,0,0,0,0.93637323121428,0.8515375394999865,0.93637323121428,0.8515375394999865,1.0,1,0.6377719371446756,28
245,1,368,368,0,0,0,0,0.9541640390084846,0.8968690877690904,0.9541640390084846,0.8968690877690904,1.0,1,0.6477240987746019,27
246,2,370,370,0,0,0,0,1.0,1.0,1.0,1.0,1.0,1,0.6501384107835838,25
247,1,371,371,0,0,0,0,1.0,1.0,1.0,1.0,1.0,1,0.6655058232448441,26
248,0,371,371,0,0,0,0,0.983606604511617,0.9597616656194234,0.983606604511617,0.9597616656194234,1.0,1,0.6752407468727005,27
249,0,371,371,0,0,0,0,1.0,1.0,1.0,1.0,1.0,1,0.669839955888616,26
250,0,371,371,0,0,0,0,0.966016383669192,0.9165856690061983,0.966016383669192,0.9165856690061983,1.0,1,0.6793395141922035,27
251,1,372,372,0,0,0,0,0.9406320217247349,0.8614747173577149,0.9406320217247349,0.8614747173577149,1.0,1,0.6913704836467499,28
252,0,372,372,0,0,0,0,0.9406320217247349,0.8614747173577149,0.9406320217247349,0.8614747173577149,1.0,1,0.6913704836467499,28
253,1,373,373,0,0,0,0,0.9406320217247349,0.8614747173577149,0.9406320217247349,0.8614747173577149,1.0,1,0.6675176878075894,28
254,0,373,373,0,0,0,0,0.900709455091927,0.7785057075127605,0.900709455091927,0.7785057075127605,1.0,1,0.6774957767654567,29
255,0,373,373,0,0,0,0,0.9040191399221962,0.7785057075127605,0.9040191399221962,0.7785057075127605,1.0,1,0.6771599622646192,30
256,1,374,374,0,0,0,0,0.9040191399221962,0.7785057075127605,0.9040191399221962,0.7785057075127605,1.0,1,0.6754152055091072,30
257,0,374,374,0,0,0,0,0.87987198714784,0.7254216849093486,0.87987198714784,0.7254216849093486,1.0,1,0.6698374637277905,32
258,3,377,377,0,0,0,0,0.87987198714784,0.7254216849093486,0.87987198714784,0.7254216849093486,1.0,1,0.6511107391915375,32
259,0,377,377,0,0,0,0,0.87987198714784,0.7254216849093486,0.87987198714784,0.7254216849093486,1.0,1,0.6511107391915375,32
260,1,378,378,0,0,0,0,0.8869383408450259,0.7254216849093486,0.8869383408450259,0.7254216849093486,1.0,1,0.6218702496166496,34
261,1,379,379,0,0,0,0,0.865207713499381,0.685484664831889,0.865207713499381,0.685484664831889,1.0,1,0.6077990328598982,35
262,2,381,381,0,0,0,0,0.8689519436799538,0.685484664831889,0.8689519436799538,0.685484664831889,1.0,1,0.623646808174126,36
263,0,381,381,0,0,0,0,0.8612432344846568,0.685484664831889,0.8612432344846568,0.685484664831889,1.0,1,0.6236664125100865,34
264,1,382,382,0,0,0,0,0.8937270017937179,0.7419084329276004,0.8937270017937179,0.7419084329276004,1.0,1,0.6160392698066585,34
265,0,382,382,0,0,0,0,0.890506607908679,0.7419084329276004,0.890506607908679,0.7419084329276004,1.0,1,0.6304588519269291,33
266,1,383,383,0,0,0,0,0.8937270017937179,0.7419084329276004,0.8937270017937179,0.7419084329276004,1.0,1,0.6342814594613833,34
267,0,383,383,0,0,0,0,0.890506607908679,0.7419084329276004,0.890506607908679,0.7419084329276004,1.0,1,0.6390618180744086,33
268,0,383,383,0,0,0,0,0.8627240281681517,0.6888411305144775,0.8627240281681517,0.6888411305144775,1.0,1,0.6470963857887445,34
269,2,385,385,0,0,0,0,0.8627240281681519,0.6888411305144775,0.8627240281681519,0.6888411305144775,1.0,1,0.659120748482941,34
270,0,385,385,0,0,0,0,0.8475427949220696,0.6569712885746566,0.8475427949220696,0.6569712885746566,1.0,1,0.6550913298359802,36
271,0,385,385,0,0,0,0,0.8475427949220696,0.6569712885746566,0.8475427949220696,0.6569712885746566,1.0,1,0.6550913298359802,36
272,0,385,385,0,0,0,0,0.8240162479151528,0.6066245541632829,0.8240162479151528,0.6066245541632829,1.0,1,0.6470084357398026,38
273,1,386,386,0,0,0,0,0.8029311346228974,0.583965728648339,0.8029311346228974,0.583965728648339,1.0,1,0.6509756361029194,38
274,2,388,388,0,0,0,0,0.780035576842055,0.5600711536841101,0.780035576842055,0.5600711536841101,1.0,1,0.6788793984910219,38
275,1,389,389,0,0,0,0,0.7498767901923515,0.5247659013654681,0.7498767901923515,0.5247659013654681,1.0,1,0.6863298843129626,38
276,1,390,390,0,0,0,0,0.7245398539583751,0.48843115735126796,0.7245398539583751,0.48843115735126796,1.0,1,0.68657991453059,39
277,2,392,392,0,0,0,0,0.6932513972628717,0.47016150436314197,0.6932513972628717,0.47016150436314197,1.0,1,0.7043269512703878,38
278,1,393,393,0,0,0,0,0.6998415985502179,0.4815445793140127,0.6998415985502179,0.4815445793140127,1.0,1,0.6873432025487176,38
279,0,393,393,0,0,0,0,0.7288775574050725,0.5093974848282266,0.7288775574050725,0.5093974848282266,1.0,1,0.6792752015100376,38
280,0,393,393,0,0,0,0,0.7232801568569062,0.49926885526487785,0.7232801568569062,0.49926885526487785,1.0,1,0.68154039524309,38
281,1,394,394,0,0,0,0,0.7459518489967301,0.5173085130937871,0.7459518489967301,0.5173085130937871,1.0,1,0.6887712652628433,38
282,0,394,394,0,0,0,0,0.7682716929593584,0.5365433859187166,0.7682716929593584,0.5365433859187166,1.0,1,0.6845885457492965,38
283,0,394,394,0,0,0,0,0.7682716929593583,0.5365433859187166,0.7682716929593583,0.5365433859187166,1.0,1,0.6845885457492965,38
284,0,394,394,0,0,0,0,0.7742134444219388,0.5365433859187166,0.7742134444219388,0.5365433859187166,1.0,1,0.6771779320101434,39
285,2,396,396,0,0,0,0,0.7248417619538048,0.4889918436284945,0.7248417619538048,0.4889918436284945,1.0,1,0.7090277665940486,39
286,0,396,396,0,0,0,0,0.7248417619538048,0.4889918436284945,0.7248417619538048,0.4889918436284945,1.0,1,0.7090277665940486,39
287,1,397,397,0,0,0,0,0.6978625196447328,0.4643926484611172,0.6978625196447328,0.4643926484611172,1.0,1,0.7230172506438659,39
288,0,397,397,0,0,0,0,0.7205507002676063,0.4810227290684116,0.7205507002676063,0.4810227290684116,1.0,1,0.7048313523668989,39
289,2,399,399,0,0,0,0,0.7729775620760715,0.5340065747877256,0.7729775620760715,0.5340065747877256,1.0,1,0.6771514247611029,39
290,1,400,400,0,0,0,0,0.7944419811622964,0.5546242925183088,0.7944419811622964,0.5546242925183088,1.0,1,0.6730667143755807,39
291,3,403,403,0,0,0,0,0.8261525874066942,0.6606421237402464,0.8261525874066942,0.6606421237402464,1.0,1,0.6561083444995401,39
292,1,404,404,0,0,0,0,0.8295186864931594,0.7113592173533029,0.8295186864931594,0.7113592173533029,1.0,1,0.6435009433342246,40
293,3,407,407,0,0,0,0,0.8336767673103994,0.7113592173533029,0.8336767673103994,0.7113592173533029,1.0,1,0.6123759409627627,41
294,4,411,411,0,0,0,0,0.8552400152404234,0.7040806044473812,0.8552400152404234,0.7040806044473812,1.0,1,0.6095501326139267,40
295,2,413,413,0,0,0,0,0.8394798417225253,0.6603761926429114,0.8394798417225253,0.6603761926429114,1.0,1,0.6134963830879459,42
296,2,415,415,0,0,0,0,0.8394798417225255,0.6603761926429114,0.8394798417225255,0.6603761926429114,1.0,1,0.6260686703374471,42
297,2,417,417,0,0,0,0,0.84962984314818,0.6669775212527174,0.84962984314818,0.6669775212527174,1.0,1,0.599580038667557,43
298,2,419,419,0,0,0,0,0.8516897106564784,0.6161380746402968,0.8516897106564784,0.6161380746402968,1.0,1,0.5763880684535124,44
299,2,421,421,0,0,0,0,0.8706127413846545,0.6441850388077996,0.8706127413846545,0.6441850388077996,1.0,1,0.554321600112688,44
300,1,422,422,0,0,0,0,0.8672551834169687,0.6751967637677733,0.8672551834169687,0.6751967637677733,1.0,1,0.5393216548858254,45
301,3,425,425,0,0,0,0,0.8788957261630268,0.6939711554943513,0.8788957261630268,0.6939711554943513,1.0,1,0.5270433530604872,47
302,3,428,428,0,0,0,0,0.8935654942153862,0.7289629240471978,0.8935654942153862,0.7289629240471978,1.0,1,0.5473421495663666,46
303,3,431,431,0,0,0,0,0.8926414924371593,0.7825856398145796,0.8926414924371593,0.7825856398145796,1.0,1,0.5553072147769845,45
304,3,434,434,0,0,0,0,0.8979320545269103,0.7678612582105544,0.8979320545269103,0.7678612582105544,1.0,1,0.5720589876835476,45
305,0,434,434,0,0,0,0,0.8931847082258363,0.7678612582105544,0.8931847082258363,0.7678612582105544,1.0,1,0.5840727396906661,43
306,2,436,436,0,0,0,0,0.8232117096574538,0.6536205710501696,0.8232117096574538,0.6536205710501696,1.0,1,0.6196624865319673,44
307,2,438,438,0,0,0,0,0.8387870157791976,0.6536205710501696,0.8387870157791976,0.6536205710501696,1.0,1,0.6380578598090145,42
308,1,439,439,0,0,0,0,0.8640191539701831,0.6536205710501696,0.8640191539701831,0.6536205710501696,1.0,1,0.6312789454038075,41
309,0,439,439,0,0,0,0,0.8487978451983111,0.6268145469565062,0.8487978451983111,0.6268145469565062,1.0,1,0.635465928220857,42
310,0,439,439,0,0,0,0,0.8451099877641236,0.6268145469565062,0.8451099877641236,0.6268145469565062,1.0,1,0.6488957907079349,41
311,0,439,439,0,0,0,0,0.8451099877641236,0.6268145469565062,0.8451099877641236,0.6268145469565062,1.0,1,0.6488957907079349,41
312,0,439,439,0,0,0,0,0.8282124310258964,0.6268145469565062,0.8282124310258964,0.6268145469565062,1.0,1,0.6281102155966166,44
313,0,439,439,0,0,0,0,0.8242173712823125,0.6268145469565062,0.8242173712823125,0.6268145469565062,1.0,1,0.6396096016435372,43
314,1,440,440,0,0,0,0,0.8053634544403945,0.6010773133589187,0.8053634544403945,0.6010773133589187,1.0,1,0.6470651141979494,43
315,0,440,440,0,0,0,0,0.8320864206901505,0.6479626172400703,0.8320864206901505,0.6479626172400703,1.0,1,0.6312193327603086,43
316,2,442,442,0,0,0,0,0.7865201413048749,0.5782251034596824,0.7865201413048749,0.5782251034596824,1.0,1,0.6588343805071598,43
317,0,442,442,0,0,0,0,0.7920384329354014,0.602003833715837,0.7920384329354014,0.602003833715837,1.0,1,0.6488419086750191,44
318,2,444,444,0,0,0,0,0.734634537027647,0.5221464145127841,0.734634537027647,0.5221464145127841,1.0,1,0.6807101308399418,45
319,1,445,445,0,0,0,0,0.7311197870227073,0.5376599563185595,0.7311197870227073,0.5376599563185595,1.0,1,0.6805352835168028,46
320,2,447,447,0,0,0,0,0.7197711016023299,0.5255694247715751,0.7197711016023299,0.5255694247715751,1.0,1,0.6909045476252529,45
321,2,449,449,0,0,0,0,0.7357898690973724,0.55244437703216,0.7357898690973724,0.55244437703216,1.0,1,0.6752109819434494,44
322,0,449,449,0,0,0,0,0.7701613170006447,0.6157920139619844,0.7701613170006447,0.6157920139619844,1.0,1,0.6650014439470481,42
323,2,451,451,0,0,0,0,0.7701613170006447,0.6157920139619844,0.7701613170006447,0.6157920139619844,1.0,1,0.6716998827404789,42
324,0,451,451,0,0,0,0,0.7566986695635708,0.5922073174755665,0.7566986695635708,0.5922073174755665,1.0,1,0.6752451686255305,43
325,2,453,453,0,0,0,0,0.7566986695635708,0.5922073174755665,0.7566986695635708,0.5922073174755665,1.0,1,0.6859476213214802,43
326,0,453,453,0,0,0,0,0.7566986695635708,0.5922073174755665,0.7566986695635708,0.5922073174755665,1.0,1,0.6859476213214802,43
327,1,454,454,0,0,0,0,0.7423985323565288,0.5677486498428379,0.7423985323565288,0.5677486498428379,1.0,1,0.6974630898943593,44
328,0,454,454,0,0,0,0,0.7423985323565286,0.5677486498428379,0.7423985323565286,0.5677486498428379,1.0,1,0.6974630898943593,44
329,0,454,454,0,0,0,0,0.7481230094152725,0.5677486498428379,0.7481230094152725,0.5677486498428379,1.0,1,0.6864825180347337,45
330,0,454,454,0,0,0,0,0.7535985961671144,0.5677486498428379,0.7535985961671144,0.5677486498428379,1.0,1,0.6753253643027654,46
331,0,454,454,0,0,0,0,0.7535985961671144,0.5677486498428379,0.7535985961671144,0.5677486498428379,1.0,1,0.6753253643027654,46
332,1,455,455,0,0,0,0,0.7639488509150183,0.5677486498428379,0.7639488509150183,0.5677486498428379,1.0,1,0.6605514048001685,47
333,2,457,457,0,0,0,0,0.7767125271604235,0.542360693037671,0.7767125271604235,0.542360693037671,1.0,1,0.6569551386769338,48
334,1,458,458,0,0,0,0,0.7774626482442129,0.542360693037671,0.7774626482442129,0.542360693037671,1.0,1,0.6588296397745679,48
335,1,459,459,0,0,0,0,0.764067109599432,0.5222997674001605,0.764067109599432,0.5222997674001605,1.0,1,0.6602239616685711,49
336,1,460,460,0,0,0,0,0.742723628360715,0.5222997674001605,0.742723628360715,0.5222997674001605,1.0,1,0.657967015745639,50
337,0,460,460,0,0,0,0,0.7252656393105267,0.4918482410092943,0.7252656393105267,0.4918482410092943,1.0,1,0.663749221197733,51
338,1,461,461,0,0,0,0,0.749157490229372,0.4918482410092943,0.749157490229372,0.4918482410092943,1.0,1,0.6483365057467896,51
339,1,462,462,0,0,0,0,0.7695329364955064,0.4918482410092943,0.7695329364955064,0.4918482410092943,1.0,1,0.6418488166017382,51
340,0,462,462,0,0,0,0,0.7695329364955064,0.4918482410092943,0.7695329364955064,0.4918482410092943,1.0,1,0.6418488166017382,51
341,1,463,463,0,0,0,0,0.7695329364955064,0.4918482410092943,0.7695329364955064,0.4918482410092943,1.0,1,0.6431508264727803,51
342,0,463,463,0,0,0,0,0.7695329364955065,0.4918482410092943,0.7695329364955065,0.4918482410092943,1.0,1,0.6431508264727803,51
343,0,463,463,0,0,0,0,0.7518597496326989,0.4747534248783172,0.7518597496326989,0.4747534248783172,1.0,1,0.6559168177561484,51
344,4,467,467,0,0,0,0,0.7751324363093923,0.5113467046122884,0.7751324363093923,0.5113467046122884,1.0,1,0.6286229932314026,50
345,0,467,467,0,0,0,0,0.7751324363093924,0.5113467046122884,0.7751324363093924,0.5113467046122884,1.0,1,0.6286229932314026,50
346,1,468,468,0,0,0,0,0.7542464094986089,0.5245930130911406,0.7542464094986089,0.5245930130911406,1.0,1,0.6357703417641443,50
347,0,468,468,0,0,0,0,0.7420016097648522,0.5245930130911406,0.7420016097648522,0.5245930130911406,1.0,1,0.6362861671167702,51
348,2,470,470,0,0,0,0,0.7266535084703035,0.5245930130911406,0.7266535084703035,0.5245930130911406,1.0,1,0.6473790383221658,52
349,4,474,474,0,0,0,0,0.740570831642385,0.4981564946239679,0.740570831642385,0.4981564946239679,1.0,1,0.6364674841784105,54
350,1,475,475,0,0,0,0,0.701389425296725,0.45181862246090215,0.701389425296725,0.45181862246090215,1.0,1,0.6670349192622954,54
351,4,479,479,0,0,0,0,0.6977569593314653,0.4554373535368156,0.6977569593314653,0.4554373535368156,1.0,1,0.6636418439938642,54
352,1,480,480,0,0,0,0,0.6894311208232635,0.45913191957048144,0.6894311208232635,0.45913191957048144,1.0,1,0.6540054817284432,56
353,3,483,483,0,0,0,0,0.7178769669829553,0.5052560810906624,0.7178769669829553,0.5052560810906624,1.0,1,0.6382779847299835,54
354,1,484,484,0,0,0,0,0.7130128936304337,0.5063618604239991,0.7130128936304337,0.5063618604239991,1.0,1,0.6419641227887194,53
355,2,486,486,0,0,0,0,0.720327711307857,0.5254751787781153,0.720327711307857,0.5254751787781153,1.0,1,0.6247770724865663,54
356,2,488,488,0,0,0,0,0.6850538649778053,0.49928747428452563,0.6850538649778053,0.49928747428452563,1.0,1,0.6442647235077438,54
357,4,492,492,0,0,0,0,0.6432513150896461,0.4888319706717099,0.6432513150896461,0.4888319706717099,1.0,1,0.6717318316770458,53
358,1,493,493,0,0,0,0,0.6530826292823794,0.5133790482253284,0.6530826292823794,0.5133790482253284,1.0,1,0.6902548176406872,49
359,1,494,494,0,0,0,0,0.6820536851030572,0.5309710483406237,0.6820536851030572,0.5309710483406237,1.0,1,0.6754640289745065,48
360,1,495,495,0,0,0,0,0.7115264248371395,0.5508882041916427,0.7115264248371395,0.5508882041916427,1.0,1,0.6607456668308366,47
361,1,496,496,0,0,0,0,0.7529573413204875,0.5813362966040636,0.7529573413204875,0.5813362966040636,1.0,1,0.6448377660970627,46
362,0,496,496,0,0,0,0,0.7508783805127593,0.5763030230695637,0.7508783805127593,0.5763030230695637,1.0,1,0.645716107298946,46
363,1,497,497,0,0,0,0,0.7502722226942432,0.5763030230695637,0.7502722226942432,0.5763030230695637,1.0,1,0.641601183222391,47
364,0,497,497,0,0,0,0,0.7502722226942432,0.5763030230695637,0.7502722226942432,0.5763030230695637,1.0,1,0.641601183222391,47
365,3,500,500,0,0,0,0,0.7465571621539457,0.5766375743269034,0.7465571621539457,0.5766375743269034,1.0,1,0.6500586982600799,47
366,2,502,502,0,0,0,0,0.6970461199778637,0.48728333135767715,0.6970461199778637,0.48728333135767715,1.0,1,0.6580775219127541,50
367,0,502,502,0,0,0,0,0.6970461199778637,0.48728333135767715,0.6970461199778637,0.48728333135767715,1.0,1,0.6580775219127541,50
368,0,502,502,0,0,0,0,0.7029863921351603,0.48728333135767715,0.7029863921351603,0.48728333135767715,1.0,1,0.6423266717800483,51
369,1,503,503,0,0,0,0,0.7032579901154283,0.5152589717394661,0.7032579901154283,0.5152589717394661,1.0,1,0.6475733866907817,51
370,0,503,503,0,0,0,0,0.7032579901154283,0.5152589717394661,0.7032579901154283,0.5152589717394661,1.0,1,0.6475733866907817,51
371,1,504,504,0,0,0,0,0.6912515347285718,0.4910376663384989,0.6912515347285718,0.4910376663384989,1.0,1,0.6487365835906976,52
372,0,504,504,0,0,0,0,0.6970769774695421,0.4910376663384989,0.6970769774695421,0.4910376663384989,1.0,1,0.6437783250866446,53
373,1,505,505,0,0,0,0,0.6974366119069418,0.5216870168736081,0.6974366119069418,0.5216870168736081,1.0,1,0.6383544590367835,53
374,0,505,505,0,0,0,0,0.6784686758975054,0.49773303390207424,0.6784686758975054,0.49773303390207424,1.0,1,0.6531436606200446,53
375,5,510,510,0,0,0,0,0.6802170814352068,0.5415322220184068,0.6802170814352068,0.5415322220184068,1.0,1,0.6474395716905702,53
376,1,511,511,0,0,0,0,0.6802170814352068,0.5415322220184068,0.6802170814352068,0.5415322220184068,1.0,1,0.6532128834248371,53
377,3,514,514,0,0,0,0,0.6811497676349623,0.5326791744648499,0.6811497676349623,0.5326791744648499,1.0,1,0.66455387483971,53
378,3,517,517,0,0,0,0,0.7159740422511572,0.5778964931484656,0.7159740422511572,0.5778964931484656,1.0,1,0.6429968079249068,53
379,1,518,518,0,0,0,0,0.6883491421079642,0.5617530408007884,0.6883491421079642,0.5617530408007884,1.0,1,0.6487271705694384,54
380,4,522,522,0,0,0,0,0.7228531687070332,0.550975782531531,0.7228531687070332,0.550975782531531,1.0,1,0.6322774162879263,54
381,2,524,524,0,0,0,0,0.7121720850925497,0.550975782531531,0.7121720850925497,0.550975782531531,1.0,1,0.6293982551648132,54
382,3,527,527,0,0,0,0,0.7345120373338684,0.5870928746858255,0.7345120373338684,0.5870928746858255,1.0,1,0.6077766844548814,55
383,3,530,530,0,0,0,0,0.7152366715135349,0.5416723092879647,0.7152366715135349,0.5416723092879647,1.0,1,0.6213467082822182,55
384,2,532,532,0,0,0,0,0.7139301641815986,0.5733323860347644,0.7139301641815986,0.5733323860347644,1.0,1,0.6318055638401777,54
385,3,535,535,0,0,0,0,0.7638896771850809,0.6157428669176355,0.7638896771850809,0.6157428669176355,1.0,1,0.6009609293932704,52
386,2,537,537,0,0,0,0,0.7825943868633095,0.6486742108934064,0.7825943868633095,0.6486742108934064,1.0,1,0.5856961434001802,52
387,2,539,539,0,0,0,0,0.7925945733815893,0.6486742108934064,0.7925945733815893,0.6486742108934064,1.0,1,0.5952154705241152,50
388,4,543,543,0,0,0,0,0.8147510506930343,0.6486742108934064,0.8147510506930343,0.6486742108934064,1.0,1,0.5681970971371355,52
389,1,544,544,0,0,0,0,0.8039328403964814,0.6486742108934064,0.8039328403964814,0.6486742108934064,1.0,1,0.5832368794547835,51
390,5,549,549,0,0,0,0,0.7915913945257826,0.5915741101417172,0.7915913945257826,0.5915741101417172,1.0,1,0.6009062312858239,50
391,2,551,551,0,0,0,0,0.8260395493281072,0.6590438858336894,0.8260395493281072,0.6590438858336894,1.0,1,0.5944635697337483,49
392,5,556,556,0,0,0,0,0.8642025888744814,0.624560098652978,0.8642025888744814,0.624560098652978,1.0,1,0.5778655999992389,47
393,2,558,558,0,0,0,0,0.862808962214801,0.6207071308291557,0.862808962214801,0.6207071308291557,1.0,1,0.5808964615808694,47
394,2,560,560,0,0,0,0,0.8201360153584774,0.5456067756424693,0.8201360153584774,0.5456067756424693,1.0,1,0.6044912690878945,48
395,3,563,563,0,0,0,0,0.807850135070758,0.5347950638555194,0.807850135070758,0.5347950638555194,1.0,1,0.6230878634332628,46
396,2,565,565,0,0,0,0,0.7751024719876393,0.5164703147734244,0.7751024719876393,0.5164703147734244,1.0,1,0.66503444856624,43
397,1,566,566,0,0,0,0,0.7411111534363095,0.48222230687261886,0.7411111534363095,0.48222230687261886,1.0,1,0.6936570053831783,42
398,2,568,568,0,0,0,0,0.7255882675873873,0.47731098588073756,0.7255882675873873,0.47731098588073756,1.0,1,0.7088506454205641,40
399,0,568,568,0,0,0,0,0.7404193168952624,0.4938176679457617,0.7404193168952624,0.4938176679457617,1.0,1,0.7054440832515286,39
400,0,568,568,0,0,0,0,0.7651272758377979,0.5302545516755959,0.7651272758377979,0.5302545516755959,1.0,1,0.6982777278184322,38
401,0,568,568,0,0,0,0,0.7587793643739548,0.5302545516755959,0.7587793643739548,0.5302545516755959,1.0,1,0.7226542750342951,37
402,2,570,570,0,0,0,0,0.7782812492878639,0.5565624985757278,0.7782812492878639,0.5565624985757278,1.0,1,0.7294980390738703,36
403,2,572,572,0,0,0,0,0.804332367234563,0.5802031379606728,0.804332367234563,0.5802031379606728,1.0,1,0.7040954351819719,38
404,1,573,573,0,0,0,0,0.7800904696171639,0.566588450700469,0.7800904696171639,0.566588450700469,1.0,1,0.7054026437533633,39
405,0,573,573,0,0,0,0,0.7855882078767349,0.566588450700469,0.7855882078767349,0.566588450700469,1.0,1,0.6862623688576748,40
406,1,574,574,0,0,0,0,0.7547213926587717,0.6071929720086079,0.7547213926587717,0.6071929720086079,1.0,1,0.6789044607434421,41
407,0,574,574,0,0,0,0,0.7605613595002294,0.6071929720086079,0.7605613595002294,0.6071929720086079,1.0,1,0.6671814979561778,42
408,1,575,575,0,0,0,0,0.7632346389429124,0.6528655999838442,0.7632346389429124,0.6528655999838442,1.0,1,0.6448148435136055,43
409,0,575,575,0,0,0,0,0.7488821652012032,0.6202943621290855,0.7488821652012032,0.6202943621290855,1.0,1,0.6495416247654564,44
410,1,576,576,0,0,0,0,0.7338079110829807,0.5951284585100776,0.7338079110829807,0.5951284585100776,1.0,1,0.6461200704477783,46
411,0,576,576,0,0,0,0,0.7338079110829806,0.5951284585100776,0.7338079110829806,0.5951284585100776,1.0,1,0.6461200704477783,46
412,1,577,577,0,0,0,0,0.7161630154180878,0.5628454616866875,0.7161630154180878,0.5628454616866875,1.0,1,0.6514357665982123,47
413,1,578,578,0,0,0,0,0.7369327596179092,0.5927912083021477,0.7369327596179092,0.5927912083021477,1.0,1,0.6424643399718081,47
414,2,580,580,0,0,0,0,0.7622358183145789,0.594626523742636,0.7622358183145789,0.594626523742636,1.0,1,0.6358451652100267,47
415,1,581,581,0,0,0,0,0.764859338767608,0.6311070990217704,0.764859338767608,0.6311070990217704,1.0,1,0.6271864772787518,48
416,1,582,582,0,0,0,0,0.7747329229791479,0.6044551226444577,0.7747329229791479,0.6044551226444577,1.0,1,0.625680666484891,49
417,3,585,585,0,0,0,0,0.7858602738488653,0.6378344468323419,0.7858602738488653,0.6378344468323419,1.0,1,0.6132463614314074,49
418,2,587,587,0,0,0,0,0.803892874690544,0.703145919452925,0.803892874690544,0.703145919452925,1.0,1,0.5802507155784739,50
419,2,589,589,0,0,0,0,0.8239019787309183,0.7117692159281589,0.8239019787309183,0.7117692159281589,1.0,1,0.5677990570741834,50
420,2,591,591,0,0,0,0,0.8590177153035065,0.7117692159281589,0.8590177153035065,0.7117692159281589,1.0,1,0.5491178897998903,50
421,1,592,592,0,0,0,0,0.8633003991851272,0.7117692159281589,0.8633003991851272,0.7117692159281589,1.0,1,0.540610767053551,50
422,1,593,593,0,0,0,0,0.8621404126297533,0.6792047395677455,0.8621404126297533,0.6792047395677455,1.0,1,0.5491652279974378,50
423,4,597,597,0,0,0,0,0.8870094606887511,0.6792047395677455,0.8870094606887511,0.6792047395677455,1.0,1,0.5259960878068556,51
424,3,600,600,0,0,0,0,0.8836353720175539,0.6792047395677455,0.8836353720175539,0.6792047395677455,1.0,1,0.5428801449866022,49
425,2,602,602,0,0,0,0,0.8787240947337128,0.6361722842011385,0.8787240947337128,0.6361722842011385,1.0,1,0.560733702913251,48
426,3,605,605,0,0,0,0,0.84876111903529,0.602602011198974,0.84876111903529,0.602602011198974,1.0,1,0.5654576424437591,50
427,2,607,607,0,0,0,0,0.8116058858614817,0.56932877488982,0.8116058858614817,0.56932877488982,1.0,1,0.5962545676016553,48
428,4,611,611,0,0,0,0,0.734116053388603,0.4932174970369371,0.734116053388603,0.4932174970369371,1.0,1,0.6517944343641903,49
429,4,615,615,0,0,0,0,0.8072035929895632,0.5433769307647552,0.8072035929895632,0.5433769307647552,1.0,1,0.6118042549542524,45
430,1,616,616,0,0,0,0,0.8020054388684442,0.541486279484818,0.8020054388684442,0.541486279484818,1.0,1,0.6127261114024674,44
431,2,618,618,0,0,0,0,0.7898710913448094,0.5355045177095787,0.7898710913448094,0.5355045177095787,1.0,1,0.6364526024631757,42
432,0,618,618,0,0,0,0,0.8041778936843256,0.5648397637429458,0.8041778936843256,0.5648397637429458,1.0,1,0.6426953195125318,40
433,2,620,620,0,0,0,0,0.848386858355124,0.6316700397645889,0.848386858355124,0.6316700397645889,1.0,1,0.645140074792779,39
434,2,622,622,0,0,0,0,0.8734682443611927,0.6723263126980069,0.8734682443611927,0.6723263126980069,1.0,1,0.6381407826157526,39
435,1,623,623,0,0,0,0,0.8378527661007223,0.6723263126980069,0.8378527661007223,0.6723263126980069,1.0,1,0.6720312482334063,38
436,2,625,625,0,0,0,0,0.8494747639085157,0.7604342474968749,0.8494747639085157,0.7604342474968749,1.0,1,0.6518261902948541,38
437,0,625,625,0,0,0,0,0.8252841641469243,0.699406185047559,0.8252841641469243,0.699406185047559,1.0,1,0.6587911743012539,39
438,1,626,626,0,0,0,0,0.819133022154815,0.7483308604819359,0.819133022154815,0.7483308604819359,1.0,1,0.6653939908124943,38
439,1,627,627,0,0,0,0,0.7942759413441829,0.7304505275437535,0.7942759413441829,0.7304505275437535,1.0,1,0.6620638583482775,39
440,2,629,629,0,0,0,0,0.79421338334676,0.7304505275437535,0.79421338334676,0.7304505275437535,1.0,1,0.662294291425641,39
441,1,630,630,0,0,0,0,0.7767157479534501,0.7109499174169058,0.7767157479534501,0.7109499174169058,1.0,1,0.651836334016234,41
442,0,630,630,0,0,0,0,0.7609249445961018,0.7001907428006623,0.7609249445961018,0.7001907428006623,1.0,1,0.653296381563945,42
443,3,633,633,0,0,0,0,0.7583123657441877,0.6639466279304443,0.7583123657441877,0.6639466279304443,1.0,1,0.6602563068088417,42
444,0,633,633,0,0,0,0,0.7639330084012995,0.6639466279304443,0.7639330084012995,0.6639466279304443,1.0,1,0.650879171207119,43
445,4,637,637,0,0,0,0,0.7895678913728535,0.6904372741089466,0.7895678913728535,0.6904372741089466,1.0,1,0.6328179685463275,44
446,1,638,638,0,0,0,0,0.7985328334764922,0.6904372741089466,0.7985328334764922,0.6904372741089466,1.0,1,0.6255397525958571,44
447,2,640,640,0,0,0,0,0.8324260226824918,0.691878979099066,0.8324260226824918,0.691878979099066,1.0,1,0.5885156847773462,47
448,0,640,640,0,0,0,0,0.8287831101321111,0.691878979099066,0.8287831101321111,0.691878979099066,1.0,1,0.5946884349452224,46
449,1,641,641,0,0,0,0,0.8524436691061763,0.7518993400149167,0.8524436691061763,0.7518993400149167,1.0,1,0.5778436793878723,46
450,0,641,641,0,0,0,0,0.8524436691061763,0.7518993400149167,0.8524436691061763,0.7518993400149167,1.0,1,0.577739497586781,46
451,1,642,642,0,0,0,0,0.8543366363628605,0.7563794567020465,0.8543366363628605,0.7563794567020465,1.0,1,0.5664121492558672,47
452,0,642,642,0,0,0,0,0.831940147809673,0.7024451621219228,0.831940147809673,0.7024451621219228,1.0,1,0.5819989110240157,47
453,0,642,642,0,0,0,0,0.831940147809673,0.7024451621219228,0.831940147809673,0.7024451621219228,1.0,1,0.5819989110240157,47
454,0,642,642,0,0,0,0,0.8282866727620571,0.7024451621219228,0.8282866727620571,0.7024451621219228,1.0,1,0.5888303730207974,46
455,2,644,644,0,0,0,0,0.7945446949870015,0.7024451621219228,0.7945446949870015,0.7024451621219228,1.0,1,0.6035598340858663,47
456,1,645,645,0,0,0,0,0.7706908767369708,0.6697409422609168,0.7706908767369708,0.6697409422609168,1.0,1,0.6066614633215428,49
457,1,646,646,0,0,0,0,0.7401389183867901,0.6306835154709622,0.7401389183867901,0.6306835154709622,1.0,1,0.6242902846107402,50
458,2,648,648,0,0,0,0,0.7838113270729646,0.6306835154709622,0.7838113270729646,0.6306835154709622,1.0,1,0.5927714538265881,50
459,0,648,648,0,0,0,0,0.7707970655010699,0.6306835154709622,0.7707970655010699,0.6306835154709622,1.0,1,0.5799971577081166,52
460,2,650,650,0,0,0,0,0.7943048669678804,0.6306835154709622,0.7943048669678804,0.6306835154709622,1.0,1,0.5517624900098419,53
461,0,650,650,0,0,0,0,0.778665981982026,0.6306835154709622,0.778665981982026,0.6306835154709622,1.0,1,0.5540664744773903,54
462,2,652,652,0,0,0,0,0.8138090240723254,0.6696442243105047,0.8138090240723254,0.6696442243105047,1.0,1,0.5289690961608056,54
463,5,657,657,0,0,0,0,0.8335206103121351,0.7110657996406468,0.8335206103121351,0.7110657996406468,1.0,1,0.5157702696845397,55
464,4,661,661,0,0,0,0,0.8357008018722656,0.7217931655477572,0.8357008018722656,0.7217931655477572,1.0,1,0.5087628342860433,56
465,2,663,663,0,0,0,0,0.8677073502891132,0.7217931655477572,0.8677073502891132,0.7217931655477572,1.0,1,0.4973612429576824,54
466,4,667,667,0,0,0,0,0.8653408688375522,0.7544970706773323,0.8653408688375522,0.7544970706773323,1.0,1,0.49133406799793383,54
467,3,670,670,0,0,0,0,0.8846668799344186,0.775890588863269,0.8846668799344186,0.775890588863269,1.0,1,0.5038504618511822,51
468,6,676,676,0,0,0,0,0.9189933455968136,0.7941037908105125,0.9189933455968136,0.7941037908105125,1.0,1,0.4795685455277334,51
469,3,679,679,0,0,0,0,0.9184912053450924,0.7791883281774651,0.9184912053450924,0.7791883281774651,1.0,1,0.5085419053960853,48
470,6,685,685,0,0,0,0,0.8509019348241694,0.717801436848112,0.8509019348241694,0.717801436848112,1.0,1,0.5563168023796271,47
471,2,687,687,0,0,0,0,0.9430861863375539,0.8594429901108905,0.9430861863375539,0.8594429901108905,1.0,1,0.5267923238982993,44
472,4,691,691,0,0,0,0,0.9992795912135685,0.9971838565621308,0.9992795912135685,0.9971838565621308,1.0,1,0.49190710744572436,43
473,2,693,693,0,0,0,0,0.9794003620866566,0.9260356748517709,0.9794003620866566,0.9260356748517709,1.0,1,0.5202278065413315,41
474,3,696,696,0,0,0,0,1.0,1.0,1.0,1.0,1.0,1,0.48959325271242327,39
475,3,699,699,0,0,0,0,0.9969076690409316,0.9887551601488423,0.9969076690409316,0.9887551601488423,1.0,1,0.49940359171312404,40
476,6,705,705,0,0,0,0,1.0,1.0,1.0,1.0,1.0,1,0.5293931857756399,38
477,1,706,706,0,0,0,0,1.0,1.0,1.0,1.0,1.0,1,0.5497364422314738,35
478,0,706,706,0,0,0,0,0.9823843808874514,0.9486211109217335,0.9823843808874514,0.9486211109217335,1.0,1,0.55513875598742,35
479,0,706,706,0,0,0,0,0.9807329165956501,0.9486211109217335,0.9807329165956501,0.9486211109217335,1.0,1,0.5715761880316881,32
480,1,707,707,0,0,0,0,0.9807329165956501,0.9486211109217335,0.9807329165956501,0.9486211109217335,1.0,1,0.5701266650013876,32
481,1,708,708,0,0,0,0,0.9436853799316144,0.8570475029033289,0.9436853799316144,0.8570475029033289,1.0,1,0.593779625656992,33
482,0,708,708,0,0,0,0,0.9453416922865668,0.8570475029033289,0.9453416922865668,0.8570475029033289,1.0,1,0.5881124726714145,34
483,4,712,712,0,0,0,0,0.9480496323365826,0.8721221719054338,0.9480496323365826,0.8721221719054338,1.0,1,0.6043332481654841,32
484,0,712,712,0,0,0,0,0.9496238859021406,0.8721221719054338,0.9496238859021406,0.8721221719054338,1.0,1,0.5825209130660269,33
485,2,714,714,0,0,0,0,0.9508422582671838,0.8714335985449426,0.9508422582671838,0.8714335985449426,1.0,1,0.6055504269346839,34
486,0,714,714,0,0,0,0,0.9294626293812254,0.8714335985449426,0.9294626293812254,0.8714335985449426,1.0,1,0.6097214297621313,36
487,0,714,714,0,0,0,0,0.9294626293812256,0.8714335985449426,0.9294626293812256,0.8714335985449426,1.0,1,0.6097214297621313,36
488,1,715,715,0,0,0,0,0.8954322110923105,0.7856409952696873,0.8954322110923105,0.7856409952696873,1.0,1,0.615187055629675,37
489,2,717,717,0,0,0,0,0.8489002258152606,0.7856409952696873,0.8489002258152606,0.7856409952696873,1.0,1,0.6416930300932251,38
490,0,717,717,0,0,0,0,0.8489002258152606,0.7856409952696873,0.8489002258152606,0.7856409952696873,1.0,1,0.6416930300932251,38
491,0,717,717,0,0,0,0,0.8448164481345919,0.7856409952696873,0.8448164481345919,0.7856409952696873,1.0,1,0.6497124980754808,37
492,1,718,718,0,0,0,0,0.8656902275533485,0.7856409952696873,0.8656902275533485,0.7856409952696873,1.0,1,0.6453358903068087,37
493,0,718,718,0,0,0,0,0.8656902275533485,0.7856409952696873,0.8656902275533485,0.7856409952696873,1.0,1,0.6453358903068087,37
494,3,721,721,0,0,0,0,0.8558735261518812,0.7000519921235443,0.8558735261518812,0.7000519921235443,1.0,1,0.648721154116464,39
495,0,721,721,0,0,0,0,0.840048244424161,0.7000519921235443,0.840048244424161,0.7000519921235443,1.0,1,0.649040032196291,40
496,1,722,722,0,0,0,0,0.8644325479258119,0.7000519921235443,0.8644325479258119,0.7000519921235443,1.0,1,0.6431815469459756,40
497,0,722,722,0,0,0,0,0.8508271421204707,0.6539328722584917,0.8508271421204707,0.6539328722584917,1.0,1,0.6262944153191707,43
498,3,725,725,0,0,0,0,0.850095838393753,0.6539328722584917,0.850095838393753,0.6539328722584917,1.0,1,0.6102276746647041,43
499,0,725,725,0,0,0,0,0.8535027511575314,0.6539328722584917,0.8535027511575314,0.6539328722584917,1.0,1,0.6018669972877042,44
500,2,727,727,0,0,0,0,0.8567582455762529,0.6539328722584917,0.8567582455762529,0.6539328722584917,1.0,1,0.567675241987536,45
501,1,728,728,0,0,0,0,0.8842149670254723,0.6539328722584917,0.8842149670254723,0.6539328722584917,1.0,1,0.5442855287440757,45
502,5,733,733,0,0,0,0,0.8625665672496547,0.6134684703896539,0.8625665672496547,0.6134684703896539,1.0,1,0.5637354225098794,45
503,1,734,734,0,0,0,0,0.8655542505703144,0.6134684703896539,0.8655542505703144,0.6134684703896539,1.0,1,0.5384220722029684,46
504,3,737,737,0,0,0,0,0.8295507743038008,0.5549381329043687,0.8295507743038008,0.5549381329043687,1.0,1,0.5488670133786804,47
505,1,738,738,0,0,0,0,0.8373056406566635,0.598049229857639,0.8373056406566635,0.598049229857639,1.0,1,0.5530192620674743,42
506,2,740,740,0,0,0,0,0.8287996228098807,0.5871049726591242,0.8287996228098807,0.5871049726591242,1.0,1,0.5817255870486181,41
507,1,741,741,0,0,0,0,0.821948659393491,0.6020028857030977,0.821948659393491,0.6020028857030977,1.0,1,0.5998550965003161,38
508,2,743,743,0,0,0,0,0.7923282744208401,0.5615819126662178,0.7923282744208401,0.5615819126662178,1.0,1,0.6411483307285146,38
509,2,745,745,0,0,0,0,0.7726911385336366,0.5573459013549765,0.7726911385336366,0.5573459013549765,1.0,1,0.6703376823972128,37
510,1,746,746,0,0,0,0,0.7620535998336041,0.5491541891584079,0.7620535998336041,0.5491541891584079,1.0,1,0.691068101175951,36
511,0,746,746,0,0,0,0,0.7763021981021107,0.5774597075262089,0.7763021981021107,0.5774597075262089,1.0,1,0.6907262469044356,34
512,0,746,746,0,0,0,0,0.8191817102668459,0.6383634205336919,0.8191817102668459,0.6383634205336919,1.0,1,0.6801108357387179,32
513,1,747,747,0,0,0,0,0.8191817102668459,0.6383634205336919,0.8191817102668459,0.6383634205336919,1.0,1,0.6954421896461471,32
514,0,747,747,0,0,0,0,0.800856263944139,0.5899981904732273,0.800856263944139,0.5899981904732273,1.0,1,0.6931878545635356,35
515,0,747,747,0,0,0,0,0.800856263944139,0.5899981904732273,0.800856263944139,0.5899981904732273,1.0,1,0.6931878545635356,35
516,1,748,748,0,0,0,0,0.8063880343901351,0.5899981904732273,0.8063880343901351,0.5899981904732273,1.0,1,0.6823305653145805,36
517,1,749,749,0,0,0,0,0.8365681799374466,0.6322784048592548,0.8365681799374466,0.6322784048592548,1.0,1,0.6680636728607187,36
518,1,750,750,0,0,0,0,0.8432169665538322,0.6178413559749657,0.8432169665538322,0.6178413559749657,1.0,1,0.6621448931070023,39
519,1,751,751,0,0,0,0,0.8432169665538319,0.6178413559749657,0.8432169665538319,0.6178413559749657,1.0,1,0.6476163002961816,39
520,1,752,752,0,0,0,0,0.8189385755628726,0.5846237909971784,0.8189385755628726,0.5846237909971784,1.0,1,0.6576070862295798,39
521,1,753,753,0,0,0,0,0.8234651111738008,0.5846237909971784,0.8234651111738008,0.5846237909971784,1.0,1,0.6403867002215287,40
522,1,754,754,0,0,0,0,0.8498451278384564,0.6246128195961415,0.8498451278384564,0.6246128195961415,1.0,1,0.6280162424445673,40
523,3,757,757,0,0,0,0,0.8481368838502205,0.61085076486619,0.8481368838502205,0.61085076486619,1.0,1,0.62321270839493,41
524,2,759,759,0,0,0,0,0.8731569068416839,0.6532955453672692,0.8731569068416839,0.6532955453672692,1.0,1,0.6000791793073649,41
525,0,759,759,0,0,0,0,0.8699858295127259,0.6532955453672692,0.8699858295127259,0.6532955453672692,1.0,1,0.6043977232911447,40
526,2,761,761,0,0,0,0,0.8792219082346954,0.6779250886258541,0.8792219082346954,0.6779250886258541,1.0,1,0.6063936373593236,40
527,2,763,763,0,0,0,0,0.9283986996879209,0.7796883067320644,0.9283986996879209,0.7796883067320644,1.0,1,0.5748339925509786,40
528,2,765,765,0,0,0,0,0.9283986996879211,0.7796883067320644,0.9283986996879211,0.7796883067320644,1.0,1,0.5775265037045345,40
529,1,766,766,0,0,0,0,0.94529357423388,0.8659108026099526,0.94529357423388,0.8659108026099526,1.0,1,0.5831960357671454,39
530,1,767,767,0,0,0,0,0.9452935742338803,0.8659108026099526,0.9452935742338803,0.8659108026099526,1.0,1,0.5769031219969211,39
531,2,769,769,0,0,0,0,0.9246314684947856,0.7989873844057827,0.9246314684947856,0.7989873844057827,1.0,1,0.5868743433528091,39
532,0,769,769,0,0,0,0,0.926515681782416,0.7989873844057827,0.926515681782416,0.7989873844057827,1.0,1,0.5843103130411068,40
533,3,772,772,0,0,0,0,0.8699279393076924,0.6746768053183431,0.8699279393076924,0.6746768053183431,1.0,1,0.6371150968476447,40
534,0,772,772,0,0,0,0,0.825916923310293,0.6424542189682729,0.825916923310293,0.6424542189682729,1.0,1,0.6425477036749615,42
535,0,772,772,0,0,0,0,0.8530435285925251,0.6945723283564076,0.8530435285925251,0.6945723283564076,1.0,1,0.6304416741880751,42
536,0,772,772,0,0,0,0,0.8470410912523877,0.6945723283564076,0.8470410912523877,0.6945723283564076,1.0,1,0.6276109703507422,43
537,0,772,772,0,0,0,0,0.8470410912523877,0.6945723283564076,0.8470410912523877,0.6945723283564076,1.0,1,0.6276109703507422,43
538,1,773,773,0,0,0,0,0.8354247157285415,0.729550650273515,0.8354247157285415,0.729550650273515,1.0,1,0.6209165360038239,44
539,1,774,774,0,0,0,0,0.8343747034236134,0.7828805689996414,0.8343747034236134,0.7828805689996414,1.0,1,0.6110947886637098,44
540,4,778,778,0,0,0,0,0.8485672840619384,0.746589675458368,0.8485672840619384,0.746589675458368,1.0,1,0.6083045718949036,44
541,1,779,779,0,0,0,0,0.8519324555272286,0.746589675458368,0.8519324555272286,0.746589675458368,1.0,1,0.590117144558949,45
542,2,781,781,0,0,0,0,0.8324243183838145,0.6937875735564887,0.8324243183838145,0.6937875735564887,1.0,1,0.579677926761728,46
543,2,783,783,0,0,0,0,0.8907109144568529,0.8169344073084568,0.8907109144568529,0.8169344073084568,1.0,1,0.5471478527065846,43
544,3,786,786,0,0,0,0,0.8547644905812668,0.7422896451448752,0.8547644905812668,0.7422896451448752,1.0,1,0.5700472696083237,42
545,2,788,788,0,0,0,0,0.8275247491339424,0.6838260307009263,0.8275247491339424,0.6838260307009263,1.0,1,0.5849165974663246,43
546,3,791,791,0,0,0,0,0.8204794270566433,0.7275833620593569,0.8204794270566433,0.7275833620593569,1.0,1,0.5949445075088431,41
547,0,791,791,0,0,0,0,0.8732091773460896,0.7466778171779557,0.8732091773460896,0.7466778171779557,1.0,1,0.5730605204915953,40
548,5,796,796,0,0,0,0,0.7955749895655594,0.6913006761420665,0.7955749895655594,0.6913006761420665,1.0,1,0.6305692814116879,40
549,2,798,798,0,0,0,0,0.7916132277523926,0.6946284294567954,0.7916132277523926,0.6946284294567954,1.0,1,0.6682684806498458,39
550,1,799,799,0,0,0,0,0.8183481957134389,0.7466778171779557,0.8183481957134389,0.7466778171779557,1.0,1,0.6628858844532225,38
551,2,801,801,0,0,0,0,0.7758313206518129,0.6305675084831571,0.7758313206518129,0.6305675084831571,1.0,1,0.678377173559555,38
552,0,801,801,0,0,0,0,0.7517046738481711,0.6305675084831571,0.7517046738481711,0.6305675084831571,1.0,1,0.6780144764303717,39
553,0,801,801,0,0,0,0,0.7739085134111415,0.6305675084831571,0.7739085134111415,0.6305675084831571,1.0,1,0.6821028412088457,38
554,2,803,803,0,0,0,0,0.7501340236047157,0.5870195030652335,0.7501340236047157,0.5870195030652335,1.0,1,0.6887533798159291,39
555,0,803,803,0,0,0,0,0.7698395898885142,0.6361097464350404,0.7698395898885142,0.6361097464350404,1.0,1,0.673303149670097,39
556,0,803,803,0,0,0,0,0.7550694529774796,0.6092229444945749,0.7550694529774796,0.6092229444945749,1.0,1,0.6773197120994988,40
557,3,806,806,0,0,0,0,0.8153830628940835,0.6092229444945749,0.8153830628940835,0.6092229444945749,1.0,1,0.6717053888761713,40
558,0,806,806,0,0,0,0,0.8153830628940835,0.6092229444945749,0.8153830628940835,0.6092229444945749,1.0,1,0.6717053888761713,40
559,3,809,809,0,0,0,0,0.8339197514101944,0.6092229444945749,0.8339197514101944,0.6092229444945749,1.0,1,0.6613160433321785,40
560,0,809,809,0,0,0,0,0.8379704891806774,0.6092229444945749,0.8379704891806774,0.6092229444945749,1.0,1,0.6422019667452337,41
561,3,812,812,0,0,0,0,0.7737070822069696,0.5730641765025684,0.7737070822069696,0.5730641765025684,1.0,1,0.663925159256223,42
562,1,813,813,0,0,0,0,0.74655840276597,0.5730641765025684,0.74655840276597,0.5730641765025684,1.0,1,0.669841883320591,42
563,2,815,815,0,0,0,0,0.6984615783843451,0.5730641765025684,0.6984615783843451,0.5730641765025684,1.0,1,0.6841708856971831,42
564,0,815,815,0,0,0,0,0.6794386480609128,0.5366121448169993,0.6794386480609128,0.5366121448169993,1.0,1,0.6901256407055273,43
565,0,815,815,0,0,0,0,0.6867241333322557,0.5366121448169993,0.6867241333322557,0.5366121448169993,1.0,1,0.6858935503450969,44
566,0,815,815,0,0,0,0,0.6936858192582055,0.5366121448169993,0.6936858192582055,0.5366121448169993,1.0,1,0.6796180471553475,45
567,0,815,815,0,0,0,0,0.6936858192582055,0.5366121448169993,0.6936858192582055,0.5366121448169993,1.0,1,0.6796180471553475,45
568,0,815,815,0,0,0,0,0.700344823187375,0.5366121448169993,0.700344823187375,0.5366121448169993,1.0,1,0.6718044390216188,46
569,2,817,817,0,0,0,0,0.7530870280475914,0.5763261225100277,0.7530870280475914,0.5763261225100277,1.0,1,0.6370514124428811,47
570,2,819,819,0,0,0,0,0.7742151073229984,0.5965355904969188,0.7742151073229984,0.5965355904969188,1.0,1,0.626626473530285,48
571,0,819,819,0,0,0,0,0.7742151073229983,0.5965355904969188,0.7742151073229983,0.5965355904969188,1.0,1,0.626626473530285,48
572,0,819,819,0,0,0,0,0.7694111734362536,0.5965355904969188,0.7694111734362536,0.5965355904969188,1.0,1,0.6394832194758548,47
573,0,819,819,0,0,0,0,0.7551253487397129,0.5544401097327576,0.7551253487397129,0.5544401097327576,1.0,1,0.6371323575813658,49
574,0,819,819,0,0,0,0,0.7551253487397129,0.5544401097327576,0.7551253487397129,0.5544401097327576,1.0,1,0.6371323575813658,49
575,0,819,819,0,0,0,0,0.7600228417649187,0.5544401097327576,0.7600228417649187,0.5544401097327576,1.0,1,0.6314560649456462,50
576,0,819,819,0,0,0,0,0.7448698281548577,0.5245863748863918,0.7448698281548577,0.5245863748863918,1.0,1,0.636931880416786,51
577,2,821,821,0,0,0,0,0.7456002651970839,0.5211668480915779,0.7456002651970839,0.5211668480915779,1.0,1,0.6375078738983821,51
578,2,823,823,0,0,0,0,0.762147414467439,0.5032970540570328,0.762147414467439,0.5032970540570328,1.0,1,0.626448188192192,51
579,1,824,824,0,0,0,0,0.7667215026507576,0.5032970540570328,0.7667215026507576,0.5032970540570328,1.0,1,0.6095973911958787,52
580,2,826,826,0,0,0,0,0.7622603727964956,0.45604389148394114,0.7622603727964956,0.45604389148394114,1.0,1,0.6193402944935771,52
581,1,827,827,0,0,0,0,0.7569243621793647,0.47066696754774967,0.7569243621793647,0.47066696754774967,1.0,1,0.6263223959765395,52
582,2,829,829,0,0,0,0,0.7319883234674831,0.40814088099069185,0.7319883234674831,0.40814088099069185,1.0,1,0.6412475428225647,53
583,2,831,831,0,0,0,0,0.7768263149451574,0.4580067648668108,0.7768263149451574,0.4580067648668108,1.0,1,0.6323676092817818,51
584,6,837,837,0,0,0,0,0.760792001976906,0.44547236821919145,0.760792001976906,0.44547236821919145,1.0,1,0.6573360295518857,51
585,3,840,840,0,0,0,0,0.7508258352847302,0.4606904120449841,0.7508258352847302,0.4606904120449841,1.0,1,0.673691771725577,49
586,3,843,843,0,0,0,0,0.7492946566972265,0.4840785924838293,0.7492946566972265,0.4840785924838293,1.0,1,0.6623594368732455,49
587,4,847,847,0,0,0,0,0.7306611978562527,0.492120820142858,0.7306611978562527,0.492120820142858,1.0,1,0.674496943147573,48
588,2,849,849,0,0,0,0,0.7838780555059148,0.5415556247818576,0.7838780555059148,0.5415556247818576,1.0,1,0.6562157944011711,46
589,4,853,853,0,0,0,0,0.7169775010663338,0.4629093172050033,0.7169775010663338,0.4629093172050033,1.0,1,0.6856036328533147,48
590,5,858,858,0,0,0,0,0.7449431277454558,0.5560409805882022,0.7449431277454558,0.5560409805882022,1.0,1,0.6412552201926339,47
591,1,859,859,0,0,0,0,0.7746261896927543,0.5560409805882022,0.7746261896927543,0.5560409805882022,1.0,1,0.6118895870044048,48
592,0,859,859,0,0,0,0,0.8086523332069576,0.5733748220060388,0.8086523332069576,0.5733748220060388,1.0,1,0.5945918923720858,47
593,0,859,859,0,0,0,0,0.823534364640382,0.6124849201370522,0.823534364640382,0.6124849201370522,1.0,1,0.6045975391523665,45
594,5,864,864,0,0,0,0,0.8645230079129065,0.7424473836261167,0.8645230079129065,0.7424473836261167,1.0,1,0.5920761712951326,44
595,3,867,867,0,0,0,0,0.9025830640479705,0.8135048963129802,0.9025830640479705,0.8135048963129802,1.0,1,0.5842027816811851,43
596,2,869,869,0,0,0,0,0.8844667438269233,0.7296446935381988,0.8844667438269233,0.7296446935381988,1.0,1,0.6062646609139313,44
597,1,870,870,0,0,0,0,0.8817592184928631,0.6759002554822492,0.8817592184928631,0.6759002554822492,1.0,1,0.6242719475941152,43
598,2,872,872,0,0,0,0,0.8581105508431567,0.6990728058549913,0.8581105508431567,0.6990728058549913,1.0,1,0.6052592763476534,45
599,1,873,873,0,0,0,0,0.8388747724083987,0.6522695026106751,0.8388747724083987,0.6522695026106751,1.0,1,0.6236154169470416,44
600,1,874,874,0,0,0,0,0.8364204269993549,0.7030087752972625,0.8364204269993549,0.7030087752972625,1.0,1,0.617737020652875,44
601,0,874,874,0,0,0,0,0.8162927768123425,0.6547379873776707,0.8162927768123425,0.6547379873776707,1.0,1,0.6243687948013021,45
602,0,874,874,0,0,0,0,0.8084240844631453,0.6547379873776707,0.8084240844631453,0.6547379873776707,1.0,1,0.6192882681049247,46
603,1,875,875,0,0,0,0,0.8440844328141893,0.7019090203429702,0.8440844328141893,0.7019090203429702,1.0,1,0.5933245551500638,46
604,0,875,875,0,0,0,0,0.8474017853075044,0.7019090203429702,0.8474017853075044,0.7019090203429702,1.0,1,0.5844119107337088,47
605,1,876,876,0,0,0,0,0.8745167938556662,0.7019090203429702,0.8745167938556662,0.7019090203429702,1.0,1,0.5751941444721471,47
606,0,876,876,0,0,0,0,0.8745167938556662,0.7019090203429702,0.8745167938556662,0.7019090203429702,1.0,1,0.5775876801401016,47
607,1,877,877,0,0,0,0,0.8807181208862409,0.7019090203429702,0.8807181208862409,0.7019090203429702,1.0,1,0.5633378972459591,48
608,0,877,877,0,0,0,0,0.8781802085646717,0.7019090203429702,0.8781802085646717,0.7019090203429702,1.0,1,0.5774141205153454,47
609,0,877,877,0,0,0,0,0.8655833687063748,0.7019090203429702,0.8655833687063748,0.7019090203429702,1.0,1,0.5787833411806027,48
610,1,878,878,0,0,0,0,0.8492225042120499,0.6714571130885599,0.8492225042120499,0.6714571130885599,1.0,1,0.5884192926840122,48
611,3,881,881,0,0,0,0,0.8040181925581296,0.6714571130885599,0.8040181925581296,0.6714571130885599,1.0,1,0.5997913584885981,49
612,0,881,881,0,0,0,0,0.7870653004250882,0.6639068944667103,0.7870653004250882,0.6639068944667103,1.0,1,0.6009436582577985,50
613,2,883,883,0,0,0,0,0.7674594502193473,0.6121784202740584,0.7674594502193473,0.6121784202740584,1.0,1,0.6231615003721259,50
614,0,883,883,0,0,0,0,0.7674594502193473,0.6121784202740584,0.7674594502193473,0.6121784202740584,1.0,1,0.6231615003721259,50
615,2,885,885,0,0,0,0,0.7481725280679236,0.6121784202740584,0.7481725280679236,0.6121784202740584,1.0,1,0.6326380879848854,50
616,1,886,886,0,0,0,0,0.7480535894883218,0.6121784202740584,0.7480535894883218,0.6121784202740584,1.0,1,0.6313465808437567,50
617,1,887,887,0,0,0,0,0.7366244989165154,0.6121784202740584,0.7366244989165154,0.6121784202740584,1.0,1,0.6281903288131135,52
618,3,890,890,0,0,0,0,0.7724332257572601,0.6308642011246952,0.7724332257572601,0.6308642011246952,1.0,1,0.5990613127504606,52
619,2,892,892,0,0,0,0,0.7791968848853291,0.6333687903825308,0.7791968848853291,0.6333687903825308,1.0,1,0.6061516386889833,50
620,3,895,895,0,0,0,0,0.8119830553615458,0.6460078089555641,0.8119830553615458,0.6460078089555641,1.0,1,0.5721736779117478,50
621,4,899,899,0,0,0,0,0.8211808137343917,0.5863703100674694,0.8211808137343917,0.5863703100674694,1.0,1,0.5715460236056275,49
622,1,900,900,0,0,0,0,0.8603424041082522,0.6065821961863288,0.8603424041082522,0.6065821961863288,1.0,1,0.5532732458890892,49
623,4,904,904,0,0,0,0,0.8814179145147066,0.6472445159535292,0.8814179145147066,0.6472445159535292,1.0,1,0.5372341764620452,48
624,2,906,906,0,0,0,0,0.9198505269636542,0.7366517314520067,0.9198505269636542,0.7366517314520067,1.0,1,0.5250567223645959,46
625,3,909,909,0,0,0,0,0.9311359016088508,0.8071315040164121,0.9311359016088508,0.8071315040164121,1.0,1,0.5296880805961278,45
626,5,914,914,0,0,0,0,0.9056127960661584,0.7863546557116532,0.9056127960661584,0.7863546557116532,1.0,1,0.557603811997939,44
627,2,916,916,0,0,0,0,0.9076619988715496,0.7490328819507026,0.9076619988715496,0.7490328819507026,1.0,1,0.5686996737533259,44
628,6,922,922,0,0,0,0,0.8829892537466191,0.6970749513992002,0.8829892537466191,0.6970749513992002,1.0,1,0.5719690407552507,44
629,0,922,922,0,0,0,0,0.927885951775035,0.8190708560702459,0.927885951775035,0.8190708560702459,1.0,1,0.5578804099708672,41
630,3,925,925,0,0,0,0,0.9193543473441743,0.7695838495547833,0.9193543473441743,0.7695838495547833,1.0,1,0.5745915168858275,40
631,2,927,927,0,0,0,0,0.9497585140263111,0.8531402717692169,0.9497585140263111,0.8531402717692169,1.0,1,0.5836162867335831,38
632,3,930,930,0,0,0,0,0.9212604383830518,0.7862783327539982,0.9212604383830518,0.7862783327539982,1.0,1,0.5481157171821303,38
633,1,931,931,0,0,0,0,0.945830977389841,0.8499934758487901,0.945830977389841,0.8499934758487901,1.0,1,0.5756874384696214,36
634,0,931,931,0,0,0,0,0.9442832910295506,0.8499934758487901,0.9442832910295506,0.8499934758487901,1.0,1,0.5770959238075858,35
635,0,931,931,0,0,0,0,0.9442832910295506,0.8499934758487901,0.9442832910295506,0.8499934758487901,1.0,1,0.5770959238075858,35
636,1,932,932,0,0,0,0,0.9146308717107262,0.7804793843990104,0.9146308717107262,0.7804793843990104,1.0,1,0.6206149790916536,36
637,0,932,932,0,0,0,0,0.9121917537596043,0.7804793843990104,0.9121917537596043,0.7804793843990104,1.0,1,0.6271496165270496,35
638,3,935,935,0,0,0,0,0.9096091582819456,0.7804793843990104,0.9096091582819456,0.7804793843990104,1.0,1,0.6501867914037789,34
639,1,936,936,0,0,0,0,0.9146308717107262,0.7804793843990104,0.9146308717107262,0.7804793843990104,1.0,1,0.6326304247954984,36
640,1,937,937,0,0,0,0,0.8851057441741599,0.7165941689629278,0.8851057441741599,0.7165941689629278,1.0,1,0.6512933450506005,37
641,0,937,937,0,0,0,0,0.8851057441741599,0.7165941689629278,0.8851057441741599,0.7165941689629278,1.0,1,0.6512933450506005,37
642,1,938,938,0,0,0,0,0.8881292772222084,0.7165941689629278,0.8881292772222084,0.7165941689629278,1.0,1,0.6283866341605848,38
643,0,938,938,0,0,0,0,0.8909977572934338,0.7165941689629278,0.8909977572934338,0.7165941689629278,1.0,1,0.6293562092365165,39
644,3,941,941,0,0,0,0,0.8895907851326293,0.7504908574557831,0.8895907851326293,0.7504908574557831,1.0,1,0.6381953269859797,39
645,0,941,941,0,0,0,0,0.8895907851326293,0.7504908574557831,0.8895907851326293,0.7504908574557831,1.0,1,0.6328608799258753,39
646,3,944,944,0,0,0,0,0.8408496918956517,0.7563076760466235,0.8408496918956517,0.7563076760466235,1.0,1,0.6510159079962896,40
647,0,944,944,0,0,0,0,0.8408496918956517,0.7563076760466235,0.8408496918956517,0.7563076760466235,1.0,1,0.6510159079962896,40
648,0,944,944,0,0,0,0,0.840849691895652,0.7563076760466235,0.840849691895652,0.7563076760466235,1.0,1,0.6510159079962896,40
649,3,947,947,0,0,0,0,0.8848532120878918,0.8113054402180737,0.8848532120878918,0.8113054402180737,1.0,1,0.6360121330342263,40
650,3,950,950,0,0,0,0,0.8619533445717856,0.7466276707350106,0.8619533445717856,0.7466276707350106,1.0,1,0.6434747478465218,41
651,1,951,951,0,0,0,0,0.8601101218228231,0.7663750206847312,0.8601101218228231,0.7663750206847312,1.0,1,0.6370800686845838,42
652,1,952,952,0,0,0,0,0.8799304082741323,0.8104562180574316,0.8799304082741323,0.8104562180574316,1.0,1,0.6322361722275681,41
653,1,953,953,0,0,0,0,0.8959820654783428,0.8104562180574316,0.8959820654783428,0.8104562180574316,1.0,1,0.6279825923318725,41
654,3,956,956,0,0,0,0,0.8543975222475187,0.7574219311817136,0.8543975222475187,0.7574219311817136,1.0,1,0.6311531473201806,42
655,1,957,957,0,0,0,0,0.8150735986445302,0.7060103742419359,0.8150735986445302,0.7060103742419359,1.0,1,0.6165808570516608,45
656,1,958,958,0,0,0,0,0.8150735986445302,0.7060103742419359,0.8150735986445302,0.7060103742419359,1.0,1,0.6276211929175195,45
657,2,960,960,0,0,0,0,0.8537753440556876,0.6767480478297663,0.8537753440556876,0.6767480478297663,1.0,1,0.6193824697448292,43
658,5,965,965,0,0,0,0,0.8276115079221172,0.7110678200718091,0.8276115079221172,0.7110678200718091,1.0,1,0.5976799508160305,43
659,1,966,966,0,0,0,0,0.8279590490284497,0.6561925059696019,0.8279590490284497,0.6561925059696019,1.0,1,0.5992156231976944,43
660,3,969,969,0,0,0,0,0.8325040958096435,0.7255426238177014,0.8325040958096435,0.7255426238177014,1.0,1,0.5875390869047767,43
661,3,972,972,0,0,0,0,0.8452297970781001,0.7306843504119951,0.8452297970781001,0.7306843504119951,1.0,1,0.6092936886716218,41
662,2,974,974,0,0,0,0,0.9062054432597954,0.8333979563559344,0.9062054432597954,0.8333979563559344,1.0,1,0.602719471122191,40
663,1,975,975,0,0,0,0,0.9219166917298031,0.8333979563559344,0.9219166917298031,0.8333979563559344,1.0,1,0.6046493122680862,39
664,3,978,978,0,0,0,0,0.9494367360447994,0.8742414526401375,0.9494367360447994,0.8742414526401375,1.0,1,0.6197005437895742,36
665,3,981,981,0,0,0,0,0.9572718253272201,0.8718154759816606,0.9572718253272201,0.8718154759816606,1.0,1,0.5710446525382661,36
666,1,982,982,0,0,0,0,0.9572718253272203,0.8718154759816606,0.9572718253272203,0.8718154759816606,1.0,1,0.5643231080074727,36
667,1,983,983,0,0,0,0,0.9312965300624337,0.8150291193988601,0.9312965300624337,0.8150291193988601,1.0,1,0.5726436328196228,35
668,2,985,985,0,0,0,0,0.9292758397701524,0.8150291193988601,0.9292758397701524,0.8150291193988601,1.0,1,0.5839481954644988,34
669,3,988,988,0,0,0,0,0.9024416966948922,0.7630726919733094,0.9024416966948922,0.7630726919733094,1.0,1,0.6077262632609264,34
670,1,989,989,0,0,0,0,0.8963443027383229,0.7630726919733094,0.8963443027383229,0.7630726919733094,1.0,1,0.6383636454949582,32
671,0,989,989,0,0,0,0,0.8994853844735252,0.7630726919733094,0.8994853844735252,0.7630726919733094,1.0,1,0.6356778261762756,33
672,0,989,989,0,0,0,0,0.8963443027383228,0.7630726919733094,0.8963443027383228,0.7630726919733094,1.0,1,0.6495372423787872,32
673,2,991,991,0,0,0,0,0.9262249441554629,0.8183998625365241,0.9262249441554629,0.8183998625365241,1.0,1,0.6335604156874399,32
674,1,992,992,0,0,0,0,0.9310566306811555,0.8302932447536135,0.9310566306811555,0.8302932447536135,1.0,1,0.6584282880115031,32
675,1,993,993,0,0,0,0,0.9051214592431618,0.7695806867333932,0.9051214592431618,0.7695806867333932,1.0,1,0.6633438902124269,34
676,3,996,996,0,0,0,0,0.9194847301564159,0.7832281196518888,0.9194847301564159,0.7832281196518888,1.0,1,0.6491510879243289,35
677,2,998,998,0,0,0,0,0.9194847301564159,0.7832281196518888,0.9194847301564159,0.7832281196518888,1.0,1,0.6361339156259654,35
678,3,1001,1001,0,0,0,0,0.9788757077412222,0.9453968574304146,0.9788757077412222,0.9453968574304146,1.0,1,0.6207030752719492,35
679,1,1002,1002,0,0,0,0,0.9181554920443106,0.8742182097169069,0.9181554920443106,0.8742182097169069,1.0,1,0.6358954406922375,36
680,2,1004,1004,0,0,0,0,0.9206128221363193,0.8208481611667922,0.9206128221363193,0.8208481611667922,1.0,1,0.6419884600297963,37
681,0,1004,1004,0,0,0,0,0.9206128221363193,0.8208481611667922,0.9206128221363193,0.8208481611667922,1.0,1,0.6419884600297963,37
682,2,1006,1006,0,0,0,0,0.9193816848049291,0.8173441549159124,0.9193816848049291,0.8173441549159124,1.0,1,0.6333805434795517,37
683,2,1008,1008,0,0,0,0,0.9674217577174266,0.8968355661051843,0.9674217577174266,0.8968355661051843,1.0,1,0.586821320574764,38
684,1,1009,1009,0,0,0,0,0.9682570972631337,0.8968355661051843,0.9682570972631337,0.8968355661051843,1.0,1,0.5824065471884993,39
685,2,1011,1011,0,0,0,0,1.0,1.0,1.0,1.0,1.0,1,0.5593811941408969,38
686,0,1011,1011,0,0,0,0,1.0,1.0,1.0,1.0,1.0,1,0.5772967974751089,37
687,1,1012,1012,0,0,0,0,0.987020334118723,0.9551611542283162,0.987020334118723,0.9551611542283162,1.0,1,0.5624506668983591,38
688,0,1012,1012,0,0,0,0,0.986669532338148,0.9551611542283162,0.986669532338148,0.9551611542283162,1.0,1,0.5802855003786836,37
689,0,1012,1012,0,0,0,0,0.9535166396468561,0.8900313541429926,0.9535166396468561,0.8900313541429926,1.0,1,0.5907126291394776,39
690,0,1012,1012,0,0,0,0,0.9522933933217734,0.8900313541429926,0.9522933933217734,0.8900313541429926,1.0,1,0.6033655368420322,38
691,1,1013,1013,0,0,0,0,0.9522933933217734,0.8900313541429926,0.9522933933217734,0.8900313541429926,1.0,1,0.6107936800061113,38
692,2,1015,1015,0,0,0,0,0.9252726957821844,0.8733321825005914,0.9252726957821844,0.8733321825005914,1.0,1,0.6237983667437618,38
693,1,1016,1016,0,0,0,0,0.9013704263870693,0.8149876516369614,0.9013704263870693,0.8149876516369614,1.0,1,0.6237563008004801,40
694,3,1019,1019,0,0,0,0,0.8486967771234782,0.7271977727987635,0.8486967771234782,0.7271977727987635,1.0,1,0.634355985733414,42
695,3,1022,1022,0,0,0,0,0.8650701012959532,0.7027282907038385,0.8650701012959532,0.7027282907038385,1.0,1,0.6423498334616929,40
696,2,1024,1024,0,0,0,0,0.8512431472286087,0.6653610428528881,0.8512431472286087,0.6653610428528881,1.0,1,0.6529685961030887,39
697,1,1025,1025,0,0,0,0,0.8215375430355741,0.6653610428528881,0.8215375430355741,0.6653610428528881,1.0,1,0.6584547554097273,39
698,3,1028,1028,0,0,0,0,0.8800480283294816,0.7076867450905023,0.8800480283294816,0.7076867450905023,1.0,1,0.6193195142855505,37
699,0,1028,1028,0,0,0,0,0.9040007555376154,0.7501108630756061,0.9040007555376154,0.7501108630756061,1.0,1,0.6021025525990535,37
700,4,1032,1032,0,0,0,0,0.9001274002575457,0.8325502222194555,0.9001274002575457,0.8325502222194555,1.0,1,0.5845242666221089,37
701,0,1032,1032,0,0,0,0,0.9001274002575457,0.8325502222194555,0.9001274002575457,0.8325502222194555,1.0,1,0.5845242666221089,37
702,2,1034,1034,0,0,0,0,0.9427145497066559,0.8325502222194555,0.9427145497066559,0.8325502222194555,1.0,1,0.5712527981452439,38
703,6,1040,1040,0,0,0,0,1.0,1.0,1.0,1.0,1.0,1,0.47854841087746736,36
704,2,1042,1042,0,0,0,0,1.0,1.0,1.0,1.0,1.0,1,0.5002595930706984,36
705,4,1046,1046,0,0,0,0,1.0,1.0,1.0,1.0,1.0,1,0.4650609697466577,36
706,2,1048,1048,0,0,0,0,1.0,1.0,1.0,1.0,1.0,1,0.49262627979042756,35
707,2,1050,1050,0,0,0,0,0.99504196277111,0.9837736963418143,0.99504196277111,0.9837736963418143,1.0,1,0.5433377164855702,36
708,4,1054,1054,0,0,0,0,1.0,1.0,1.0,1.0,1.0,1,0.5397892025299212,36
709,3,1057,1057,0,0,0,0,1.0,1.0,1.0,1.0,1.0,1,0.5380308700310571,34
710,3,1060,1060,0,0,0,0,1.0,1.0,1.0,1.0,1.0,1,0.5326406448347429,34
711,0,1060,1060,0,0,0,0,1.0,1.0,1.0,1.0,1.0,1,0.5338249573250289,34
712,0,1060,1060,0,0,0,0,1.0,1.0,1.0,1.0,1.0,1,0.5473162607718677,35
713,3,1063,1063,0,0,0,0,1.0,1.0,1.0,1.0,1.0,1,0.5448377703131955,34
714,2,1065,1065,0,0,0,0,1.0,1.0,1.0,1.0,1.0,1,0.5420511275508673,34
715,0,1065,1065,0,0,0,0,1.0,1.0,1.0,1.0,1.0,1,0.5479820153785957,35
716,0,1065,1065,0,0,0,0,1.0,1.0,1.0,1.0,1.0,1,0.5658466045012019,33
717,2,1067,1067,0,0,0,0,0.9989245089811702,0.9967735269435107,0.9989245089811702,0.9967735269435107,1.0,1,0.594872361858897,33
718,0,1067,1067,0,0,0,0,0.9988908998868318,0.9967735269435107,0.9988908998868318,0.9967735269435107,1.0,1,0.5917455591019907,32
719,3,1070,1070,0,0,0,0,0.9988908998868318,0.9967735269435107,0.9988908998868318,0.9967735269435107,1.0,1,0.5966277489510514,32
720,1,1071,1071,0,0,0,0,0.9989245089811702,0.9967735269435107,0.9989245089811702,0.9967735269435107,1.0,1,0.6013867197905058,33
721,1,1072,1072,0,0,0,0,0.9973049547327312,0.9951413372546825,0.9973049547327312,0.9951413372546825,1.0,1,0.6186970824815198,33
722,1,1073,1073,0,0,0,0,0.9364008397719917,0.8907860430955677,0.9364008397719917,0.8907860430955677,1.0,1,0.6450438463475817,34
723,0,1073,1073,0,0,0,0,0.9364008397719917,0.8907860430955677,0.9364008397719917,0.8907860430955677,1.0,1,0.6450438463475817,34
724,0,1073,1073,0,0,0,0,0.9191503656381445,0.8769215881404913,0.9191503656381445,0.8769215881404913,1.0,1,0.639219013079463,36
725,0,1073,1073,0,0,0,0,0.9191503656381445,0.8769215881404913,0.9191503656381445,0.8769215881404913,1.0,1,0.639219013079463,36
726,1,1074,1074,0,0,0,0,0.9540704265452192,0.8769215881404913,0.9540704265452192,0.8769215881404913,1.0,1,0.6199260488833112,36
727,0,1074,1074,0,0,0,0,0.9540704265452192,0.8769215881404913,0.9540704265452192,0.8769215881404913,1.0,1,0.6199260488833112,36
728,0,1074,1074,0,0,0,0,0.9310781423056764,0.8216668968220374,0.9310781423056764,0.8216668968220374,1.0,1,0.6260373954941103,37
729,0,1074,1074,0,0,0,0,0.9310781423056764,0.8216668968220374,0.9310781423056764,0.8216668968220374,1.0,1,0.6339061407452271,37
730,0,1074,1074,0,0,0,0,0.9328918754028955,0.8216668968220374,0.9328918754028955,0.8216668968220374,1.0,1,0.6287111364777059,38
731,1,1075,1075,0,0,0,0,0.8788083231917344,0.7045952877798528,0.8788083231917344,0.7045952877798528,1.0,1,0.6425126800619333,39
732,0,1075,1075,0,0,0,0,0.8847201123043328,0.7045952877798528,0.8847201123043328,0.7045952877798528,1.0,1,0.6201923627183016,41
733,2,1077,1077,0,0,0,0,0.9096905130184795,0.7651953338480469,0.9096905130184795,0.7651953338480469,1.0,1,0.6159811897348955,39
734,2,1079,1079,0,0,0,0,0.9189059346028631,0.7891554299674438,0.9189059346028631,0.7891554299674438,1.0,1,0.585476803473868,39
735,2,1081,1081,0,0,0,0,0.8596709699631457,0.6780686957978046,0.8596709699631457,0.6780686957978046,1.0,1,0.6217979127885732,39
736,0,1081,1081,0,0,0,0,0.9076537934826131,0.7660562768226198,0.9076537934826131,0.7660562768226198,1.0,1,0.609938895564164,38
737,3,1084,1084,0,0,0,0,0.8432593375917662,0.6603952314488267,0.8432593375917662,0.6603952314488267,1.0,1,0.650463918966576,39
738,1,1085,1085,0,0,0,0,0.8904212521527,0.7465991456031189,0.8904212521527,0.7465991456031189,1.0,1,0.6158507218494741,37
739,1,1086,1086,0,0,0,0,0.8904212521527,0.7465991456031189,0.8904212521527,0.7465991456031189,1.0,1,0.615486158840557,37
740,1,1087,1087,0,0,0,0,0.934199180227726,0.8354979505693152,0.934199180227726,0.8354979505693152,1.0,1,0.6211357319121198,35
741,2,1089,1089,0,0,0,0,0.9789238974465871,0.9420407179781145,0.9789238974465871,0.9420407179781145,1.0,1,0.6101449896222698,33
742,3,1092,1092,0,0,0,0,0.9944217943371454,0.9837302334833409,0.9944217943371454,0.9837302334833409,1.0,1,0.589566457497958,35
743,1,1093,1093,0,0,0,0,0.9944217943371454,0.9837302334833409,0.9944217943371454,0.9837302334833409,1.0,1,0.6119527098043058,35
744,3,1096,1096,0,0,0,0,0.9753334186421474,0.9237578394393646,0.9753334186421474,0.9237578394393646,1.0,1,0.6135838339860581,34
745,2,1098,1098,0,0,0,0,0.9240451302225159,0.8013488021204261,0.9240451302225159,0.8013488021204261,1.0,1,0.6314909347251502,34
746,2,1100,1100,0,0,0,0,0.921743467501986,0.8013488021204261,0.921743467501986,0.8013488021204261,1.0,1,0.6275684838215688,33
747,1,1101,1101,0,0,0,0,0.9431006778722762,0.84826847432607,0.9431006778722762,0.84826847432607,1.0,1,0.6010998272275755,32
748,2,1103,1103,0,0,0,0,0.9162154247413883,0.7873160781896781,0.9162154247413883,0.7873160781896781,1.0,1,0.592092086291966,33
749,1,1104,1104,0,0,0,0,0.9424123104375881,0.8416338537033675,0.9424123104375881,0.8416338537033675,1.0,1,0.5625179954478498,33
750,1,1105,1105,0,0,0,0,0.9663685237293214,0.8960481642542663,0.9663685237293214,0.8960481642542663,1.0,1,0.5513217572425129,34
751,2,1107,1107,0,0,0,0,0.9637687946221207,0.8814251460360313,0.9637687946221207,0.8814251460360313,1.0,1,0.5268181032945751,36
752,3,1110,1110,0,0,0,0,0.9981362224336008,0.9934767785176026,0.9981362224336008,0.9934767785176026,1.0,1,0.5254881558795648,35
753,2,1112,1112,0,0,0,0,0.9982369671669197,0.9934767785176026,0.9982369671669197,0.9934767785176026,1.0,1,0.546813878079533,37
754,1,1113,1113,0,0,0,0,1.0,1.0,1.0,1.0,1.0,1,0.5333294227410107,37
755,1,1114,1114,0,0,0,0,1.0,1.0,1.0,1.0,1.0,1,0.5536486812651911,35
756,0,1114,1114,0,0,0,0,1.0,1.0,1.0,1.0,1.0,1,0.5591671543506785,36
757,0,1114,1114,0,0,0,0,1.0,1.0,1.0,1.0,1.0,1,0.5702390971624044,35
758,1,1115,1115,0,0,0,0,0.9989548630090125,0.9962375068324444,0.9989548630090125,0.9962375068324444,1.0,1,0.5707230144909298,36
759,0,1115,1115,0,0,0,0,0.9760154012702497,0.9193245315453845,0.9760154012702497,0.9193245315453845,1.0,1,0.578109062012778,37
760,0,1115,1115,0,0,0,0,0.9711185802487228,0.9135706243608419,0.9711185802487228,0.9135706243608419,1.0,1,0.582134471680862,36
761,0,1115,1115,0,0,0,0,0.9711185802487228,0.9135706243608419,0.9711185802487228,0.9135706243608419,1.0,1,0.582134471680862,36
762,0,1115,1115,0,0,0,0,0.9456430383434188,0.9114495387614899,0.9456430383434188,0.9114495387614899,1.0,1,0.5845459614842763,37
763,0,1115,1115,0,0,0,0,0.9265115033614756,0.8601147847199759,0.9265115033614756,0.8601147847199759,1.0,1,0.5899896919390576,38
764,0,1115,1115,0,0,0,0,0.9265115033614756,0.8601147847199759,0.9265115033614756,0.8601147847199759,1.0,1,0.5899896919390576,38
765,0,1115,1115,0,0,0,0,0.9265115033614756,0.8601147847199759,0.9265115033614756,0.8601147847199759,1.0,1,0.5899896919390576,38
766,0,1115,1115,0,0,0,0,0.930185928193402,0.8601147847199759,0.930185928193402,0.8601147847199759,1.0,1,0.5721478487629365,40
767,0,1115,1115,0,0,0,0,0.906707430699374,0.8327927047762202,0.906707430699374,0.8327927047762202,1.0,1,0.5766997727300827,41
768,3,1118,1118,0,0,0,0,0.8230901717924164,0.6720740366359018,0.8230901717924164,0.6720740366359018,1.0,1,0.6348699184690391,41
769,0,1118,1118,0,0,0,0,0.8067826864088212,0.640668257167991,0.8067826864088212,0.640668257167991,1.0,1,0.6394034801081637,42
770,4,1122,1122,0,0,0,0,0.8234459877533417,0.6729858150357733,0.8234459877533417,0.6729858150357733,1.0,1,0.6244245973614739,41
771,0,1122,1122,0,0,0,0,0.85266642284866,0.7310540586320277,0.85266642284866,0.7310540586320277,1.0,1,0.6089573035587579,41
772,2,1124,1124,0,0,0,0,0.862887385996713,0.7589913579033726,0.862887385996713,0.7589913579033726,1.0,1,0.617122463452411,41
773,0,1124,1124,0,0,0,0,0.8928559990263023,0.8295416787688396,0.8928559990263023,0.8295416787688396,1.0,1,0.5967926548347561,41
774,2,1126,1126,0,0,0,0,0.8596357098300865,0.7711597337961416,0.8596357098300865,0.7711597337961416,1.0,1,0.6197847823844101,42
775,0,1126,1126,0,0,0,0,0.8596357098300865,0.7711597337961416,0.8596357098300865,0.7711597337961416,1.0,1,0.6197847823844101,42
776,0,1126,1126,0,0,0,0,0.8596357098300865,0.7711597337961416,0.8596357098300865,0.7711597337961416,1.0,1,0.6197847823844101,42
777,0,1126,1126,0,0,0,0,0.8596357098300865,0.7711597337961416,0.8596357098300865,0.7711597337961416,1.0,1,0.6197847823844101,42
778,2,1128,1128,0,0,0,0,0.8253560471154627,0.7254319555906998,0.8253560471154627,0.7254319555906998,1.0,1,0.6116530737432919,44
779,1,1129,1129,0,0,0,0,0.8516557581561272,0.7254319555906998,0.8516557581561272,0.7254319555906998,1.0,1,0.6039721459659658,44
780,2,1131,1131,0,0,0,0,0.7990723083993003,0.6236833672691743,0.7990723083993003,0.6236833672691743,1.0,1,0.6279107620952049,44
781,0,1131,1131,0,0,0,0,0.7895789178399949,0.6236833672691743,0.7895789178399949,0.6236833672691743,1.0,1,0.6228542513432058,46
782,3,1134,1134,0,0,0,0,0.7748462899312281,0.5792408838565872,0.7748462899312281,0.5792408838565872,1.0,1,0.6515002236013439,45
783,2,1136,1136,0,0,0,0,0.8449993740359498,0.6211095809767662,0.8449993740359498,0.6211095809767662,1.0,1,0.6314289448356157,44
784,1,1137,1137,0,0,0,0,0.8305692540699124,0.6211095809767662,0.8305692540699124,0.6211095809767662,1.0,1,0.6352834391628871,44
785,1,1138,1138,0,0,0,0,0.8272349363074722,0.6724940180815129,0.8272349363074722,0.6724940180815129,1.0,1,0.634271741998661,43
786,0,1138,1138,0,0,0,0,0.827234936307472,0.6724940180815129,0.827234936307472,0.6724940180815129,1.0,1,0.634271741998661,43
787,1,1139,1139,0,0,0,0,0.854532471327545,0.6724940180815129,0.854532471327545,0.6724940180815129,1.0,1,0.6173557412077572,43
788,0,1139,1139,0,0,0,0,0.836307384389443,0.6289630187681232,0.836307384389443,0.6289630187681232,1.0,1,0.6094471242748909,45
789,1,1140,1140,0,0,0,0,0.8548116160397004,0.6289630187681232,0.8548116160397004,0.6289630187681232,1.0,1,0.5867524614384086,46
790,0,1140,1140,0,0,0,0,0.8515852075072492,0.6289630187681232,0.8515852075072492,0.6289630187681232,1.0,1,0.597164299758061,45
791,2,1142,1142,0,0,0,0,0.8295829115492976,0.5874112595404045,0.8295829115492976,0.5874112595404045,1.0,1,0.5768711724179969,46
792,0,1142,1142,0,0,0,0,0.8295829115492974,0.5874112595404045,0.8295829115492974,0.5874112595404045,1.0,1,0.5739084434434693,46
793,0,1142,1142,0,0,0,0,0.8295829115492976,0.5874112595404045,0.8295829115492976,0.5874112595404045,1.0,1,0.5739084434434693,46
794,2,1144,1144,0,0,0,0,0.8265071363037906,0.5708334424356927,0.8265071363037906,0.5708334424356927,1.0,1,0.577706005897042,47
795,0,1144,1144,0,0,0,0,0.8265071363037907,0.5708334424356927,0.8265071363037907,0.5708334424356927,1.0,1,0.577706005897042,47
796,3,1147,1147,0,0,0,0,0.8588689134846029,0.6317578421178628,0.8588689134846029,0.6317578421178628,1.0,1,0.5929327279179791,46
797,3,1150,1150,0,0,0,0,0.8015302643883112,0.5893641717206388,0.8015302643883112,0.5893641717206388,1.0,1,0.6294003222185646,47
798,3,1153,1153,0,0,0,0,0.7623812084359778,0.6601921554888618,0.7623812084359778,0.6601921554888618,1.0,1,0.6335373669595834,48
799,0,1153,1153,0,0,0,0,0.7623812084359778,0.6601921554888618,0.7623812084359778,0.6601921554888618,1.0,1,0.6335373669595834,48
800,2,1155,1155,0,0,0,0,0.7372381942097103,0.6700243219277406,0.7372381942097103,0.6700243219277406,1.0,1,0.6444348681024363,48
801,1,1156,1156,0,0,0,0,0.7205023487517461,0.6700243219277406,0.7205023487517461,0.6700243219277406,1.0,1,0.6402936768063614,49
802,2,1158,1158,0,0,0,0,0.725839205977532,0.5924896534542333,0.725839205977532,0.5924896534542333,1.0,1,0.6446164470486904,50
803,0,1158,1158,0,0,0,0,0.7415985540435487,0.6300695653784404,0.7415985540435487,0.6300695653784404,1.0,1,0.6393006451426873,49
804,2,1160,1160,0,0,0,0,0.7132097130305994,0.6300695653784404,0.7132097130305994,0.6300695653784404,1.0,1,0.640600421405529,50
805,1,1161,1161,0,0,0,0,0.7134130497164469,0.6119156628436466,0.7134130497164469,0.6119156628436466,1.0,1,0.6472883852483611,50
806,4,1165,1165,0,0,0,0,0.711562375669663,0.5744170580613458,0.711562375669663,0.5744170580613458,1.0,1,0.6518005962089659,50
807,0,1165,1165,0,0,0,0,0.696042023503928,0.5744170580613458,0.696042023503928,0.5744170580613458,1.0,1,0.6472836930679383,51
808,5,1170,1170,0,0,0,0,0.6782270744932134,0.6495540792628024,0.6782270744932134,0.6495540792628024,1.0,1,0.6403260132970516,51
809,3,1173,1173,0,0,0,0,0.696682381712902,0.5911574493965107,0.696682381712902,0.5911574493965107,1.0,1,0.640830683972166,51
810,2,1175,1175,0,0,0,0,0.6854517565139177,0.5643243317773349,0.6854517565139177,0.5643243317773349,1.0,1,0.6449959630525054,52
811,0,1175,1175,0,0,0,0,0.7124480403724256,0.6335467907430989,0.7124480403724256,0.6335467907430989,1.0,1,0.6351701619503629,50
812,1,1176,1176,0,0,0,0,0.7690652318170775,0.7411900187736875,0.7690652318170775,0.7411900187736875,1.0,1,0.6071105062722496,48
813,2,1178,1178,0,0,0,0,0.7517667943531814,0.6356472637530284,0.7517667943531814,0.6356472637530284,1.0,1,0.6296735572331583,49
814,3,1181,1181,0,0,0,0,0.7912048019029098,0.6586906068302674,0.7912048019029098,0.6586906068302674,1.0,1,0.6164325669082568,48
815,1,1182,1182,0,0,0,0,0.7739034485377863,0.6281183838080054,0.7739034485377863,0.6281183838080054,1.0,1,0.6235491594199416,48
816,1,1183,1183,0,0,0,0,0.8121181713374714,0.6935919618053534,0.8121181713374714,0.6935919618053534,1.0,1,0.6051933333106255,46
817,2,1185,1185,0,0,0,0,0.7813542074680516,0.6854742493139079,0.7813542074680516,0.6854742493139079,1.0,1,0.6324925511676807,44
818,2,1187,1187,0,0,0,0,0.7887516258596889,0.63597565462281,0.7887516258596889,0.63597565462281,1.0,1,0.607393477190568,46
819,1,1188,1188,0,0,0,0,0.8065355090268471,0.6920398721067025,0.8065355090268471,0.6920398721067025,1.0,1,0.6035969727858963,44
820,2,1190,1190,0,0,0,0,0.8488658157296975,0.7399657376832578,0.8488658157296975,0.7399657376832578,1.0,1,0.5935080796990804,44
821,0,1190,1190,0,0,0,0,0.8488658157296975,0.7399657376832578,0.8488658157296975,0.7399657376832578,1.0,1,0.5935080796990804,44
822,3,1193,1193,0,0,0,0,0.8617613355036231,0.6761094420417962,0.8617613355036231,0.6761094420417962,1.0,1,0.6227808292314222,44
823,4,1197,1197,0,0,0,0,0.8861705575826837,0.7205715572583344,0.8861705575826837,0.7205715572583344,1.0,1,0.583070756089973,42
824,3,1200,1200,0,0,0,0,0.884823282435291,0.7656695888820375,0.884823282435291,0.7656695888820375,1.0,1,0.5705439124545899,42
825,2,1202,1202,0,0,0,0,0.9238426163866622,0.7656695888820375,0.9238426163866622,0.7656695888820375,1.0,1,0.5549906117200436,40
826,2,1204,1204,0,0,0,0,0.9084961351580585,0.7485919857223545,0.9084961351580585,0.7485919857223545,1.0,1,0.5552451467530539,41
827,3,1207,1207,0,0,0,0,0.9306070857707084,0.8110795701040241,0.9306070857707084,0.8110795701040241,1.0,1,0.5399519879081377,40
828,5,1212,1212,0,0,0,0,0.9459926264006393,0.8924918174496606,0.9459926264006393,0.8924918174496606,1.0,1,0.5466729904199346,40
829,2,1214,1214,0,0,0,0,0.9048322427333686,0.7717603151210531,0.9048322427333686,0.7717603151210531,1.0,1,0.5701364491766089,42
830,3,1217,1217,0,0,0,0,0.8704115641034711,0.7577524696923402,0.8704115641034711,0.7577524696923402,1.0,1,0.5927171426460782,42
831,1,1218,1218,0,0,0,0,0.8715729784795897,0.7180652632461517,0.8715729784795897,0.7180652632461517,1.0,1,0.576799252467816,43
832,1,1219,1219,0,0,0,0,0.8671924535035861,0.6652771630813841,0.8671924535035861,0.6652771630813841,1.0,1,0.5914820439669546,42
833,1,1220,1220,0,0,0,0,0.8248506368415113,0.6134015373696384,0.8248506368415113,0.6134015373696384,1.0,1,0.6241054267174564,41
834,2,1222,1222,0,0,0,0,0.8531259485309257,0.6588538501129113,0.8531259485309257,0.6588538501129113,1.0,1,0.603001873893286,41
835,2,1224,1224,0,0,0,0,0.8927690752485634,0.7631234874732342,0.8927690752485634,0.7631234874732342,1.0,1,0.5839592450941004,41
836,0,1224,1224,0,0,0,0,0.8900883021297776,0.7631234874732342,0.8900883021297776,0.7631234874732342,1.0,1,0.59235836265263,40
837,0,1224,1224,0,0,0,0,0.8927690752485635,0.7631234874732342,0.8927690752485635,0.7631234874732342,1.0,1,0.5864081110250046,41
838,0,1224,1224,0,0,0,0,0.8927690752485634,0.7631234874732342,0.8927690752485634,0.7631234874732342,1.0,1,0.5864081110250046,41
839,2,1226,1226,0,0,0,0,0.9106862291239265,0.8014101641165509,0.9106862291239265,0.8014101641165509,1.0,1,0.5919556504271525,41
840,0,1226,1226,0,0,0,0,0.8700982896082883,0.7789073869256116,0.8700982896082883,0.7789073869256116,1.0,1,0.6074006457063607,42
841,2,1228,1228,0,0,0,0,0.8968990595710267,0.7789073869256116,0.8968990595710267,0.7789073869256116,1.0,1,0.594387016491217,42
842,0,1228,1228,0,0,0,0,0.8968990595710269,0.7789073869256116,0.8968990595710269,0.7789073869256116,1.0,1,0.594387016491217,42
843,3,1231,1231,0,0,0,0,0.8712131074799571,0.7851657466016615,0.8712131074799571,0.7851657466016615,1.0,1,0.5888278681910902,42
844,2,1233,1233,0,0,0,0,0.8484210315372129,0.6246782425858389,0.8484210315372129,0.6246782425858389,1.0,1,0.6178016658781128,42
845,2,1235,1235,0,0,0,0,0.7763482661955551,0.6246782425858389,0.7763482661955551,0.6246782425858389,1.0,1,0.6234191875712813,44
846,1,1236,1236,0,0,0,0,0.7548276442735639,0.6246782425858389,0.7548276442735639,0.6246782425858389,1.0,1,0.6315788582092665,44
847,2,1238,1238,0,0,0,0,0.768167438284314,0.6246782425858389,0.768167438284314,0.6246782425858389,1.0,1,0.6397121177881977,42
848,2,1240,1240,0,0,0,0,0.7599860656633431,0.5960813282986004,0.7599860656633431,0.5960813282986004,1.0,1,0.6456263716971796,43
849,0,1240,1240,0,0,0,0,0.7824271054300285,0.5960813282986004,0.7824271054300285,0.5960813282986004,1.0,1,0.6402537720021999,43
850,1,1241,1241,0,0,0,0,0.7787322498615341,0.5960813282986004,0.7787322498615341,0.5960813282986004,1.0,1,0.6667163368611594,41
851,3,1244,1244,0,0,0,0,0.7951059486399172,0.5960813282986004,0.7951059486399172,0.5960813282986004,1.0,1,0.6441019678696601,40
852,0,1244,1244,0,0,0,0,0.7951059486399172,0.5960813282986004,0.7951059486399172,0.5960813282986004,1.0,1,0.6441019678696601,40
853,2,1246,1246,0,0,0,0,0.7881986989119094,0.5688096619670979,0.7881986989119094,0.5688096619670979,1.0,1,0.661837917580191,40
854,0,1246,1246,0,0,0,0,0.7881986989119094,0.5688096619670979,0.7881986989119094,0.5688096619670979,1.0,1,0.661837917580191,40
855,1,1247,1247,0,0,0,0,0.7933645843043018,0.5688096619670979,0.7933645843043018,0.5688096619670979,1.0,1,0.6640473121286132,41
856,0,1247,1247,0,0,0,0,0.793364584304302,0.5688096619670979,0.793364584304302,0.5688096619670979,1.0,1,0.6640473121286132,41
857,1,1248,1248,0,0,0,0,0.7982844751541994,0.5688096619670979,0.7982844751541994,0.5688096619670979,1.0,1,0.6596829011316417,42
858,1,1249,1249,0,0,0,0,0.7777696197234291,0.5688096619670979,0.7777696197234291,0.5688096619670979,1.0,1,0.6533394622748323,43
859,2,1251,1251,0,0,0,0,0.8030742105688498,0.5698833468571576,0.8030742105688498,0.5698833468571576,1.0,1,0.6362196387886672,43
860,3,1254,1254,0,0,0,0,0.8337382519590126,0.6123642514802854,0.8337382519590126,0.6123642514802854,1.0,1,0.6124183964443943,44
861,2,1256,1256,0,0,0,0,0.8377038362257218,0.6568087771624757,0.8377038362257218,0.6568087771624757,1.0,1,0.6025914954726752,44
862,3,1259,1259,0,0,0,0,0.8988343606530592,0.7241511367836446,0.8988343606530592,0.7241511367836446,1.0,1,0.577288959163929,44
863,2,1261,1261,0,0,0,0,0.8721920703009842,0.7878755381939704,0.8721920703009842,0.7878755381939704,1.0,1,0.5874010598802669,44
864,4,1265,1265,0,0,0,0,0.8879634424812245,0.7883530985276259,0.8879634424812245,0.7883530985276259,1.0,1,0.5896242974807123,44
865,3,1268,1268,0,0,0,0,0.877086070615534,0.7883530985276259,0.877086070615534,0.7883530985276259,1.0,1,0.5833677384683083,43
866,2,1270,1270,0,0,0,0,0.8426809791948406,0.7319553047645322,0.8426809791948406,0.7319553047645322,1.0,1,0.5962711252398314,45
867,0,1270,1270,0,0,0,0,0.8391055469038143,0.7319553047645322,0.8391055469038143,0.7319553047645322,1.0,1,0.596147538899405,44
868,3,1273,1273,0,0,0,0,0.855462580055324,0.6700936573547056,0.855462580055324,0.6700936573547056,1.0,1,0.5967583202422349,45
869,2,1275,1275,0,0,0,0,0.858676537048656,0.7327659996155405,0.858676537048656,0.7327659996155405,1.0,1,0.5961806394690357,44
870,3,1278,1278,0,0,0,0,0.8346945740433072,0.6764822587690489,0.8346945740433072,0.6764822587690489,1.0,1,0.606123670186478,44
871,1,1279,1279,0,0,0,0,0.8558881896460179,0.7344140399723029,0.8558881896460179,0.7344140399723029,1.0,1,0.5754129142008724,43
872,1,1280,1280,0,0,0,0,0.8824071554534842,0.7344140399723029,0.8824071554534842,0.7344140399723029,1.0,1,0.5694527026924585,43
873,0,1280,1280,0,0,0,0,0.8824071554534842,0.7344140399723029,0.8824071554534842,0.7344140399723029,1.0,1,0.5694527026924585,43
874,1,1281,1281,0,0,0,0,0.8698649804708041,0.7344140399723029,0.8698649804708041,0.7344140399723029,1.0,1,0.5715460521896666,46
875,0,1281,1281,0,0,0,0,0.8607857930617903,0.7344140399723029,0.8607857930617903,0.7344140399723029,1.0,1,0.5945244048761976,43
876,1,1282,1282,0,0,0,0,0.863949752310386,0.7344140399723029,0.863949752310386,0.7344140399723029,1.0,1,0.5964241340826049,44
877,1,1283,1283,0,0,0,0,0.8496290761367787,0.675156730968746,0.8496290761367787,0.675156730968746,1.0,1,0.6142936707274919,44
878,3,1286,1286,0,0,0,0,0.8277610652538508,0.632666783647574,0.8277610652538508,0.632666783647574,1.0,1,0.6307489295286904,44
879,1,1287,1287,0,0,0,0,0.8519369613551123,0.6824100845120803,0.8519369613551123,0.6824100845120803,1.0,1,0.612417129465975,44
880,2,1289,1289,0,0,0,0,0.8120307530111371,0.6123667510021379,0.8120307530111371,0.6123667510021379,1.0,1,0.6479753063542497,44
881,1,1290,1290,0,0,0,0,0.8345536365223709,0.663621416933742,0.8345536365223709,0.663621416933742,1.0,1,0.6362453490847216,43
882,1,1291,1291,0,0,0,0,0.822603356550263,0.6303541205191254,0.822603356550263,0.6303541205191254,1.0,1,0.6327321310569608,45
883,1,1292,1292,0,0,0,0,0.8203064591060915,0.6789480928765625,0.8203064591060915,0.6789480928765625,1.0,1,0.6270395271127973,45
884,5,1297,1297,0,0,0,0,0.8551531264946045,0.7581948000658919,0.8551531264946045,0.7581948000658919,1.0,1,0.6003879405002268,45
885,1,1298,1298,0,0,0,0,0.8968895357233808,0.8278520136530434,0.8968895357233808,0.8278520136530434,1.0,1,0.5910720955324126,43
886,3,1301,1301,0,0,0,0,0.8937090747679209,0.8269447369125034,0.8937090747679209,0.8269447369125034,1.0,1,0.5902187987590799,43
887,2,1303,1303,0,0,0,0,0.915126021682438,0.8308074256903041,0.915126021682438,0.8308074256903041,1.0,1,0.5960958388248897,41
888,1,1304,1304,0,0,0,0,0.9389849550724853,0.8308074256903041,0.9389849550724853,0.8308074256903041,1.0,1,0.5990439520860259,40
889,5,1309,1309,0,0,0,0,0.9438231630357103,0.8406329681323153,0.9438231630357103,0.8406329681323153,1.0,1,0.5970061490498203,40
890,2,1311,1311,0,0,0,0,0.9581642164702091,0.9274416946569197,0.9581642164702091,0.9274416946569197,1.0,1,0.5956939995919232,38
891,2,1313,1313,0,0,0,0,0.9517538396916663,0.9173705306808361,0.9517538396916663,0.9173705306808361,1.0,1,0.5796038747187289,39
892,1,1314,1314,0,0,0,0,0.9252818919070824,0.8443108003516356,0.9252818919070824,0.8443108003516356,1.0,1,0.6001382786175935,39
893,3,1317,1317,0,0,0,0,0.9475683988781785,0.83833589654105,0.9475683988781785,0.83833589654105,1.0,1,0.599994321309148,37
894,1,1318,1318,0,0,0,0,0.9232619304166865,0.7874945765385161,0.9232619304166865,0.7874945765385161,1.0,1,0.614118478179501,36
895,1,1319,1319,0,0,0,0,0.9253359322973164,0.7874945765385161,0.9253359322973164,0.7874945765385161,1.0,1,0.5946789412416972,37
896,3,1322,1322,0,0,0,0,0.902083622595089,0.7482150295302288,0.902083622595089,0.7482150295302288,1.0,1,0.5973950494000738,36
897,1,1323,1323,0,0,0,0,0.8772421086909898,0.7053810608583758,0.8772421086909898,0.7053810608583758,1.0,1,0.6079724199359698,36
898,2,1325,1325,0,0,0,0,0.929187048028739,0.8093497446927587,0.929187048028739,0.8093497446927587,1.0,1,0.5749620287551644,35
899,1,1326,1326,0,0,0,0,0.929187048028739,0.8093497446927587,0.929187048028739,0.8093497446927587,1.0,1,0.561298111216065,35
900,2,1328,1328,0,0,0,0,0.9530403458176673,0.8591210374530018,0.9530403458176673,0.8591210374530018,1.0,1,0.5628945531667693,36
901,2,1330,1330,0,0,0,0,0.9834284246575327,0.9457657534246524,0.9834284246575327,0.9457657534246524,1.0,1,0.5124014036515641,36
902,2,1332,1332,0,0,0,0,0.9526150379460395,0.8578451138381187,0.9526150379460395,0.8578451138381187,1.0,1,0.5521770132703058,36
903,2,1334,1334,0,0,0,0,0.9498097523280519,0.8536117776234844,0.9498097523280519,0.8536117776234844,1.0,1,0.5269900159577957,35
904,2,1336,1336,0,0,0,0,0.9525227386886977,0.8536117776234844,0.9525227386886977,0.8536117776234844,1.0,1,0.5429960544574874,37
905,4,1340,1340,0,0,0,0,0.9847637025798295,0.9501357538976242,0.9847637025798295,0.9501357538976242,1.0,1,0.5538016857782666,36
906,2,1342,1342,0,0,0,0,1.0,1.0,1.0,1.0,1.0,1,0.5452201375451967,37
907,4,1346,1346,0,0,0,0,1.0,1.0,1.0,1.0,1.0,1,0.5117314576657521,37
908,1,1347,1347,0,0,0,0,1.0,1.0,1.0,1.0,1.0,1,0.5363886469475383,36
909,2,1349,1349,0,0,0,0,1.0,1.0,1.0,1.0,1.0,1,0.5051271406633268,36
910,1,1350,1350,0,0,0,0,0.9854026211062809,0.9508997255393085,0.9854026211062809,0.9508997255393085,1.0,1,0.5221493472850989,37
911,0,1350,1350,0,0,0,0,0.9849971383592331,0.9508997255393085,0.9849971383592331,0.9508997255393085,1.0,1,0.5389362779701873,36
912,2,1352,1352,0,0,0,0,1.0,1.0,1.0,1.0,1.0,1,0.5553570084769313,34
913,1,1353,1353,0,0,0,0,0.9798745009016092,0.9377939118777011,0.9798745009016092,0.9377939118777011,1.0,1,0.5789773989732546,34
914,1,1354,1354,0,0,0,0,0.956320401489606,0.8798811040964164,0.956320401489606,0.8798811040964164,1.0,1,0.6117887940696779,33
915,0,1354,1354,0,0,0,0,0.956320401489606,0.8798811040964164,0.956320401489606,0.8798811040964164,1.0,1,0.6117887940696779,33
916,2,1356,1356,0,0,0,0,1.0,1.0,1.0,1.0,1.0,1,0.5939261692515849,34
917,0,1356,1356,0,0,0,0,1.0,1.0,1.0,1.0,1.0,1,0.5939261692515849,34
918,1,1357,1357,0,0,0,0,0.9889924080100401,0.9639751534874037,0.9889924080100401,0.9639751534874037,1.0,1,0.5880074910843178,36
919,1,1358,1358,0,0,0,0,0.972479753001921,0.9459585836097927,0.972479753001921,0.9459585836097927,1.0,1,0.5946018678852127,36
920,2,1360,1360,0,0,0,0,0.9763825035784197,0.9205593302183204,0.9763825035784197,0.9205593302183204,1.0,1,0.5782184680225181,37
921,1,1361,1361,0,0,0,0,1.0,1.0,1.0,1.0,1.0,1,0.5642381837436137,37
922,4,1365,1365,0,0,0,0,0.951242195781632,0.845600286641835,0.951242195781632,0.845600286641835,1.0,1,0.5870350905288744,38
923,1,1366,1366,0,0,0,0,0.9617585905470405,0.8748462963357688,0.9617585905470405,0.8748462963357688,1.0,1,0.5862993871576654,36
924,2,1368,1368,0,0,0,0,0.972267383627144,0.9117598569954583,0.972267383627144,0.9117598569954583,1.0,1,0.5790501447868692,35
925,1,1369,1369,0,0,0,0,0.9198668345522325,0.784256862256011,0.9198668345522325,0.784256862256011,1.0,1,0.6137706526406757,35
926,2,1371,1371,0,0,0,0,0.8919186779790673,0.737516789377735,0.8919186779790673,0.737516789377735,1.0,1,0.6458147636849922,34
927,4,1375,1375,0,0,0,0,0.9474910972425421,0.8599762593134457,0.9474910972425421,0.8599762593134457,1.0,1,0.6363315796391894,32
928,0,1375,1375,0,0,0,0,0.9474910972425421,0.8599762593134457,0.9474910972425421,0.8599762593134457,1.0,1,0.6212285011982727,32
929,1,1376,1376,0,0,0,0,0.9457972616697209,0.8599762593134457,0.9457972616697209,0.8599762593134457,1.0,1,0.6320892222781823,31
930,0,1376,1376,0,0,0,0,0.9439905037253784,0.8599762593134457,0.9439905037253784,0.8599762593134457,1.0,1,0.6518217531700955,30
931,1,1377,1377,0,0,0,0,0.9420591417848742,0.8599762593134457,0.9420591417848742,0.8599762593134457,1.0,1,0.6574619241760851,29
932,2,1379,1379,0,0,0,0,0.942059141784874,0.8599762593134457,0.942059141784874,0.8599762593134457,1.0,1,0.6751503454618969,29
933,0,1379,1379,0,0,0,0,0.942059141784874,0.8599762593134457,0.942059141784874,0.8599762593134457,1.0,1,0.6751503454618969,29
934,1,1380,1380,0,0,0,0,0.942059141784874,0.8599762593134457,0.942059141784874,0.8599762593134457,1.0,1,0.688040929997889,29
935,0,1380,1380,0,0,0,0,0.945797261669721,0.8599762593134457,0.945797261669721,0.8599762593134457,1.0,1,0.676036672849257,31
936,2,1382,1382,0,0,0,0,0.9149444258525533,0.797175169340704,0.9149444258525533,0.797175169340704,1.0,1,0.69820541700508,31
937,1,1383,1383,0,0,0,0,0.8987960897046863,0.7542190749970952,0.8987960897046863,0.7542190749970952,1.0,1,0.6789257155580308,34
938,2,1385,1385,0,0,0,0,0.9857248638678004,0.9571745916034015,0.9857248638678004,0.9571745916034015,1.0,1,0.6186685626738481,33
939,1,1386,1386,0,0,0,0,0.9178580232790843,0.8584804325471174,0.9178580232790843,0.8584804325471174,1.0,1,0.6223101281977906,36
940,1,1387,1387,0,0,0,0,0.950683703868382,0.8950936372901354,0.950683703868382,0.8950936372901354,1.0,1,0.6080824243513459,36
941,1,1388,1388,0,0,0,0,0.9795342239349389,0.9530445174345571,0.9795342239349389,0.9530445174345571,1.0,1,0.5974114081386951,36
942,3,1391,1391,0,0,0,0,0.9938817324966023,0.9799765790797889,0.9938817324966023,0.9799765790797889,1.0,1,0.5723972059993268,36
943,3,1394,1394,0,0,0,0,0.993706924853648,0.9799765790797889,0.993706924853648,0.9799765790797889,1.0,1,0.5806583287855437,35
944,2,1396,1396,0,0,0,0,0.993706924853648,0.9799765790797889,0.993706924853648,0.9799765790797889,1.0,1,0.572905422825928,35
945,2,1398,1398,0,0,0,0,0.978176902714317,0.9545541290631623,0.978176902714317,0.9545541290631623,1.0,1,0.6038791869695735,33
946,1,1399,1399,0,0,0,0,0.952802058559636,0.9000648907043423,0.952802058559636,0.9000648907043423,1.0,1,0.6069136178902016,36
947,0,1399,1399,0,0,0,0,0.9500257090631439,0.9000648907043423,0.9500257090631439,0.9000648907043423,1.0,1,0.6158975609229256,34
948,1,1400,1400,0,0,0,0,0.9110226311254194,0.8552473448905611,0.9110226311254194,0.8552473448905611,1.0,1,0.642981390630279,33
949,1,1401,1401,0,0,0,0,0.9025016817457543,0.8212748680297685,0.9025016817457543,0.8212748680297685,1.0,1,0.6272178078522116,34
950,0,1401,1401,0,0,0,0,0.8995471872532014,0.8212748680297685,0.8995471872532014,0.8212748680297685,1.0,1,0.6390179608613517,33
951,1,1402,1402,0,0,0,0,0.9266855785835149,0.8212748680297685,0.9266855785835149,0.8212748680297685,1.0,1,0.6328633135771156,33
952,0,1402,1402,0,0,0,0,0.9243945029142498,0.8212748680297685,0.9243945029142498,0.8212748680297685,1.0,1,0.6370521531619743,32
953,1,1403,1403,0,0,0,0,0.9273929151370933,0.8212748680297685,0.9273929151370933,0.8212748680297685,1.0,1,0.6284896602612335,32
954,1,1404,1404,0,0,0,0,0.924398217968908,0.8212748680297685,0.924398217968908,0.8212748680297685,1.0,1,0.6421091075418257,31
955,0,1404,1404,0,0,0,0,0.888448577569044,0.7464702149685895,0.888448577569044,0.7464702149685895,1.0,1,0.6515496354583499,32
956,1,1405,1405,0,0,0,0,0.8592034883555091,0.7464702149685895,0.8592034883555091,0.7464702149685895,1.0,1,0.6784368046636728,32
957,0,1405,1405,0,0,0,0,0.863470049314433,0.7464702149685895,0.863470049314433,0.7464702149685895,1.0,1,0.6731572179281485,33
958,2,1407,1407,0,0,0,0,0.8385069678109981,0.6467339920865584,0.8385069678109981,0.6467339920865584,1.0,1,0.664594521599014,35
959,0,1407,1407,0,0,0,0,0.8429928853718036,0.6467339920865584,0.8429928853718036,0.6467339920865584,1.0,1,0.6447899377777171,36
960,3,1410,1410,0,0,0,0,0.7701975735486761,0.5403951470973523,0.7701975735486761,0.5403951470973523,1.0,1,0.6487118573093902,38
961,2,1412,1412,0,0,0,0,0.7350517953495924,0.509845821396746,0.7350517953495924,0.509845821396746,1.0,1,0.6830230013806424,37
962,2,1414,1414,0,0,0,0,0.7277858138663388,0.523625174266093,0.7277858138663388,0.523625174266093,1.0,1,0.7078430258162025,35
963,1,1415,1415,0,0,0,0,0.7271640028027723,0.5225370049048514,0.7271640028027723,0.5225370049048514,1.0,1,0.7193285264621356,35
964,0,1415,1415,0,0,0,0,0.777363706478988,0.5794647789047552,0.777363706478988,0.5794647789047552,1.0,1,0.7077709547355195,34
965,0,1415,1415,0,0,0,0,0.7837247434367313,0.5794647789047552,0.7837247434367313,0.5794647789047552,1.0,1,0.70251220171642,35
966,1,1416,1416,0,0,0,0,0.8146227057152218,0.6292454114304435,0.8146227057152218,0.6292454114304435,1.0,1,0.6887030474733181,34
967,1,1417,1417,0,0,0,0,0.841523030967088,0.654841986068178,0.841523030967088,0.654841986068178,1.0,1,0.6778104074622928,35
968,3,1420,1420,0,0,0,0,0.8224693932935421,0.6254743442241345,0.8224693932935421,0.6254743442241345,1.0,1,0.6830076836689426,36
969,0,1420,1420,0,0,0,0,0.8180875386231511,0.6254743442241345,0.8180875386231511,0.6254743442241345,1.0,1,0.6834854993316717,35
970,0,1420,1420,0,0,0,0,0.8442054489453047,0.6689365790087726,0.8442054489453047,0.6689365790087726,1.0,1,0.6768293910144261,34
971,1,1421,1421,0,0,0,0,0.8204130995313555,0.6302622637410262,0.8204130995313555,0.6302622637410262,1.0,1,0.6754610798340708,35
972,1,1422,1422,0,0,0,0,0.8204130995313555,0.6302622637410262,0.8204130995313555,0.6302622637410262,1.0,1,0.670058391198484,35
973,1,1423,1423,0,0,0,0,0.8507045316301577,0.6650285662092473,0.8507045316301577,0.6650285662092473,1.0,1,0.6590980535282116,36
974,1,1424,1424,0,0,0,0,0.8774395774740822,0.7150319421503437,0.8774395774740822,0.7150319421503437,1.0,1,0.6621471259372744,35
975,2,1426,1426,0,0,0,0,0.938016450298194,0.8295143177997895,0.938016450298194,0.8295143177997895,1.0,1,0.6201054385755461,36
976,0,1426,1426,0,0,0,0,0.9028700025792664,0.7849279611943567,0.9028700025792664,0.7849279611943567,1.0,1,0.6262416275396052,38
977,1,1427,1427,0,0,0,0,0.9311377103664877,0.8510126425104154,0.9311377103664877,0.8510126425104154,1.0,1,0.6073325794628042,38
978,4,1431,1431,0,0,0,0,0.9337341604780799,0.879252547888303,0.9337341604780799,0.879252547888303,1.0,1,0.5857080138559009,38
979,1,1432,1432,0,0,0,0,0.9448019504692768,0.879252547888303,0.9448019504692768,0.879252547888303,1.0,1,0.5800648734164403,39
980,2,1434,1434,0,0,0,0,0.9062466950646947,0.7890982581343525,0.9062466950646947,0.7890982581343525,1.0,1,0.6047892005649015,39
981,2,1436,1436,0,0,0,0,0.9012241344563181,0.7680514203293262,0.9012241344563181,0.7680514203293262,1.0,1,0.5856078288294343,40
982,3,1439,1439,0,0,0,0,0.8537703680977333,0.6607145052651038,0.8537703680977333,0.6607145052651038,1.0,1,0.6295206700427808,40
983,0,1439,1439,0,0,0,0,0.8979176389205155,0.7529634028079937,0.8979176389205155,0.7529634028079937,1.0,1,0.6157499967577339,38
984,1,1440,1440,0,0,0,0,0.8771769058676944,0.7087011126114937,0.8771769058676944,0.7087011126114937,1.0,1,0.6172031387048179,39
985,3,1443,1443,0,0,0,0,0.8048754680432865,0.7246250697279741,0.8048754680432865,0.7246250697279741,1.0,1,0.6562236032471618,38
986,1,1444,1444,0,0,0,0,0.7817357992725862,0.6843629041936683,0.7817357992725862,0.6843629041936683,1.0,1,0.6817678315995885,38
987,2,1446,1446,0,0,0,0,0.7541718848291662,0.6821355114453704,0.7541718848291662,0.6821355114453704,1.0,1,0.6797655272637847,38
988,0,1446,1446,0,0,0,0,0.7541718848291662,0.6821355114453704,0.7541718848291662,0.6821355114453704,1.0,1,0.6797655272637847,38
989,0,1446,1446,0,0,0,0,0.755184357858759,0.6808448969821131,0.755184357858759,0.6808448969821131,1.0,1,0.6799967561518172,38
990,0,1446,1446,0,0,0,0,0.755184357858759,0.6808448969821131,0.755184357858759,0.6808448969821131,1.0,1,0.6799967561518172,38
991,0,1446,1446,0,0,0,0,0.7637477037178386,0.6808448969821131,0.7637477037178386,0.6808448969821131,1.0,1,0.6555141953106193,40
992,2,1448,1448,0,0,0,0,0.7616783975956123,0.6808448969821131,0.7616783975956123,0.6808448969821131,1.0,1,0.6874618973393585,39
993,0,1448,1448,0,0,0,0,0.7821816853396294,0.6808448969821131,0.7821816853396294,0.6808448969821131,1.0,1,0.6880715908224617,38
994,1,1449,1449,0,0,0,0,0.737442154087578,0.6111422744845024,0.737442154087578,0.6111422744845024,1.0,1,0.7026467391992819,39
995,0,1449,1449,0,0,0,0,0.727378914800133,0.6111422744845024,0.727378914800133,0.6111422744845024,1.0,1,0.6898859973695116,41
996,2,1451,1451,0,0,0,0,0.7161055111713337,0.6017572713291287,0.7161055111713337,0.6017572713291287,1.0,1,0.7078977289231633,40
997,0,1451,1451,0,0,0,0,0.6945090569363326,0.5632019521394865,0.6945090569363326,0.5632019521394865,1.0,1,0.7133886465579037,41
998,1,1452,1452,0,0,0,0,0.6868717833597409,0.5632019521394865,0.6868717833597409,0.5632019521394865,1.0,1,0.7347845829484828,40
999,0,1452,1452,0,0,0,0,0.6857665353867664,0.5977110075590775,0.6857665353867664,0.5977110075590775,1.0,1,0.7282746700435766,40
1000,0,1452,1452,0,0,0,0,0.6857665353867664,0.5977110075590775,0.6857665353867664,0.5977110075590775,1.0,1,0.7282746700435766,40
1001,0,1452,1452,0,0,0,0,0.7065196920178075,0.6377842064914614,0.7065196920178075,0.6377842064914614,1.0,1,0.7216976979669789,39
1002,0,1452,1452,0,0,0,0,0.7065196920178075,0.6377842064914614,0.7065196920178075,0.6377842064914614,1.0,1,0.7216976979669789,39
1003,0,1452,1452,0,0,0,0,0.7065196920178075,0.6377842064914614,0.7065196920178075,0.6377842064914614,1.0,1,0.7216976979669789,39
1004,0,1452,1452,0,0,0,0,0.7065196920178075,0.6377842064914614,0.7065196920178075,0.6377842064914614,1.0,1,0.7216976979669789,39
1005,0,1452,1452,0,0,0,0,0.6905609659969192,0.6078045456857148,0.6905609659969192,0.6078045456857148,1.0,1,0.7252862377889937,40
1006,0,1452,1452,0,0,0,0,0.6981082595091894,0.6078045456857148,0.6981082595091894,0.6078045456857148,1.0,1,0.7171530208604373,41
1007,3,1455,1455,0,0,0,0,0.7524833706009043,0.5706328942612388,0.7524833706009043,0.5706328942612388,1.0,1,0.6713901211491543,42
1008,1,1456,1456,0,0,0,0,0.7524747995806902,0.5468024034704696,0.7524747995806902,0.5468024034704696,1.0,1,0.6716003363257421,43
1009,2,1458,1458,0,0,0,0,0.7837011471109059,0.5468024034704696,0.7837011471109059,0.5468024034704696,1.0,1,0.6572469727822299,44
1010,2,1460,1460,0,0,0,0,0.7837011471109061,0.5468024034704696,0.7837011471109061,0.5468024034704696,1.0,1,0.6510204492329039,44
1011,1,1461,1461,0,0,0,0,0.7837011471109059,0.5468024034704696,0.7837011471109059,0.5468024034704696,1.0,1,0.6546297040414326,44
1012,3,1464,1464,0,0,0,0,0.7460744626474612,0.5468024034704696,0.7460744626474612,0.5468024034704696,1.0,1,0.6517061733272723,46
1013,0,1464,1464,0,0,0,0,0.7460744626474612,0.5468024034704696,0.7460744626474612,0.5468024034704696,1.0,1,0.6517061733272723,46
1014,1,1465,1465,0,0,0,0,0.7262191193975495,0.5468024034704696,0.7262191193975495,0.5468024034704696,1.0,1,0.6587019809719228,46
1015,1,1466,1466,0,0,0,0,0.752478489979746,0.5468024034704696,0.752478489979746,0.5468024034704696,1.0,1,0.6490399394840786,46
1016,1,1467,1467,0,0,0,0,0.7177868986220357,0.5045575725672705,0.7177868986220357,0.5045575725672705,1.0,1,0.6606354375766964,47
1017,0,1467,1467,0,0,0,0,0.7177868986220357,0.5045575725672705,0.7177868986220357,0.5045575725672705,1.0,1,0.6606354375766964,47
1018,3,1470,1470,0,0,0,0,0.6583869396486685,0.45778520016269986,0.6583869396486685,0.45778520016269986,1.0,1,0.6986681586528046,48
1019,1,1471,1471,0,0,0,0,0.6682234164893618,0.4634001723564055,0.6682234164893618,0.4634001723564055,1.0,1,0.6876191585057077,49
1020,2,1473,1473,0,0,0,0,0.7220687346226593,0.5072853202907406,0.7220687346226593,0.5072853202907406,1.0,1,0.6507645795783709,51
1021,0,1473,1473,0,0,0,0,0.7220687346226593,0.5072853202907406,0.7220687346226593,0.5072853202907406,1.0,1,0.6507645795783709,51
1022,1,1474,1474,0,0,0,0,0.7274135666491467,0.5072853202907406,0.7274135666491467,0.5072853202907406,1.0,1,0.6483483559624248,52
1023,0,1474,1474,0,0,0,0,0.7274135666491467,0.5072853202907406,0.7274135666491467,0.5072853202907406,1.0,1,0.651090484243681,52
1024,0,1474,1474,0,0,0,0,0.7274135666491467,0.5072853202907406,0.7274135666491467,0.5072853202907406,1.0,1,0.651090484243681,52
1025,0,1474,1474,0,0,0,0,0.7208230073766317,0.49027080413623,0.7208230073766317,0.49027080413623,1.0,1,0.6458824426491838,54
1026,0,1474,1474,0,0,0,0,0.7208230073766316,0.49027080413623,0.7208230073766316,0.49027080413623,1.0,1,0.6458824426491838,54
1027,0,1474,1474,0,0,0,0,0.7258989526970565,0.49027080413623,0.7258989526970565,0.49027080413623,1.0,1,0.6369127912086107,55
1028,1,1475,1475,0,0,0,0,0.7137014034503555,0.47237341976605257,0.7137014034503555,0.47237341976605257,1.0,1,0.6296834056816544,56
1029,0,1475,1475,0,0,0,0,0.7137014034503555,0.47237341976605257,0.7137014034503555,0.47237341976605257,1.0,1,0.6296834056816544,56
1030,0,1475,1475,0,0,0,0,0.6997991709068061,0.45117729394689815,0.6997991709068061,0.45117729394689815,1.0,1,0.6348012682032398,57
1031,0,1475,1475,0,0,0,0,0.7049750472704817,0.45117729394689815,0.7049750472704817,0.45117729394689815,1.0,1,0.629884697477166,58
1032,2,1477,1477,0,0,0,0,0.7049750472704817,0.45117729394689815,0.7049750472704817,0.45117729394689815,1.0,1,0.6438085363358879,58
1033,1,1478,1478,0,0,0,0,0.7152834946727876,0.46452864389121207,0.7152834946727876,0.46452864389121207,1.0,1,0.6386710235104509,57
1034,3,1481,1481,0,0,0,0,0.6664798906783327,0.46452864389121207,0.6664798906783327,0.46452864389121207,1.0,1,0.654811832494521,57
1035,3,1484,1484,0,0,0,0,0.6366993693659022,0.4473326010711634,0.6366993693659022,0.4473326010711634,1.0,1,0.6703465424651326,57
1036,4,1488,1488,0,0,0,0,0.6537417287774175,0.4551238964792947,0.6537417287774175,0.4551238964792947,1.0,1,0.6582042045057269,59
1037,2,1490,1490,0,0,0,0,0.657478277960056,0.4626457848859178,0.657478277960056,0.4626457848859178,1.0,1,0.6637321636079683,57
1038,3,1493,1493,0,0,0,0,0.6656932254102179,0.42224681579108014,0.6656932254102179,0.42224681579108014,1.0,1,0.6633252348122592,59
1039,5,1498,1498,0,0,0,0,0.7061549004854154,0.4298710566082972,0.7061549004854154,0.4298710566082972,1.0,1,0.6653002307876535,57
1040,1,1499,1499,0,0,0,0,0.7078664196156789,0.4485593850542846,0.7078664196156789,0.4485593850542846,1.0,1,0.6651892358769687,56
1041,3,1502,1502,0,0,0,0,0.7081628230917665,0.43206299241721713,0.7081628230917665,0.43206299241721713,1.0,1,0.6802790122430721,54
1042,2,1504,1504,0,0,0,0,0.7438330729480135,0.4990268193959181,0.7438330729480135,0.4990268193959181,1.0,1,0.6627431807261371,52
1043,2,1506,1506,0,0,0,0,0.7067785526388145,0.46048979044299365,0.7067785526388145,0.46048979044299365,1.0,1,0.6788202158549743,52
1044,2,1508,1508,0,0,0,0,0.7430549949335342,0.5686883978255142,0.7430549949335342,0.5686883978255142,1.0,1,0.6586042970984138,50
1045,2,1510,1510,0,0,0,0,0.7244209861197498,0.5298607780963448,0.7244209861197498,0.5298607780963448,1.0,1,0.6592261120882827,51
1046,4,1514,1514,0,0,0,0,0.7208790428236675,0.5301968332445033,0.7208790428236675,0.5301968332445033,1.0,1,0.6653012302708426,50
1047,1,1515,1515,0,0,0,0,0.787058954558873,0.5585862776618695,0.787058954558873,0.5585862776618695,1.0,1,0.6302809897827519,50
1048,0,1515,1515,0,0,0,0,0.787058954558873,0.5585862776618695,0.787058954558873,0.5585862776618695,1.0,1,0.6302809897827519,50
1049,2,1517,1517,0,0,0,0,0.7844098658191622,0.5245383688755488,0.7844098658191622,0.5245383688755488,1.0,1,0.6388867650524588,50
1050,1,1518,1518,0,0,0,0,0.7972474646794795,0.5245383688755488,0.7972474646794795,0.5245383688755488,1.0,1,0.6361014797361338,50
1051,0,1518,1518,0,0,0,0,0.795692799200705,0.542038224977295,0.795692799200705,0.542038224977295,1.0,1,0.6323781826232071,50
1052,0,1518,1518,0,0,0,0,0.7775192874026926,0.5099813427165701,0.7775192874026926,0.5099813427165701,1.0,1,0.6387421969901591,51
1053,1,1519,1519,0,0,0,0,0.7805179641166643,0.5099813427165701,0.7805179641166643,0.5099813427165701,1.0,1,0.632888828503993,51
1054,0,1519,1519,0,0,0,0,0.7888003050933937,0.5099813427165701,0.7888003050933937,0.5099813427165701,1.0,1,0.6124783402801239,53
1055,1,1520,1520,0,0,0,0,0.7734030237452365,0.48486160497003966,0.7734030237452365,0.48486160497003966,1.0,1,0.6140256640039135,54
1056,1,1521,1521,0,0,0,0,0.7734030237452365,0.48486160497003966,0.7734030237452365,0.48486160497003966,1.0,1,0.6110180675849854,54
1057,0,1521,1521,0,0,0,0,0.7597736828977165,0.464814982020544,0.7597736828977165,0.464814982020544,1.0,1,0.6159468388797994,55
1058,2,1523,1523,0,0,0,0,0.7720508256754169,0.464814982020544,0.7720508256754169,0.464814982020544,1.0,1,0.5987742810894101,54
1059,0,1523,1523,0,0,0,0,0.7677498978579719,0.464814982020544,0.7677498978579719,0.464814982020544,1.0,1,0.6080295687860638,53
1060,2,1525,1525,0,0,0,0,0.7677498978579719,0.464814982020544,0.7677498978579719,0.464814982020544,1.0,1,0.5916743057447922,53
1061,3,1528,1528,0,0,0,0,0.7677498978579719,0.464814982020544,0.7677498978579719,0.464814982020544,1.0,1,0.5931249531265917,53
1062,4,1532,1532,0,0,0,0,0.7509136872170968,0.464814982020544,0.7509136872170968,0.464814982020544,1.0,1,0.5981955744846214,54
1063,1,1533,1533,0,0,0,0,0.7298318022392165,0.45093712480948994,0.7298318022392165,0.45093712480948994,1.0,1,0.6127818576084796,53
1064,3,1536,1536,0,0,0,0,0.7584722550869251,0.4866094598674336,0.7584722550869251,0.4866094598674336,1.0,1,0.5912271710703833,55
1065,1,1537,1537,0,0,0,0,0.7539995190700163,0.4866094598674336,0.7539995190700163,0.4866094598674336,1.0,1,0.6042167981732436,54
1066,4,1541,1541,0,0,0,0,0.7792241398723432,0.516512465727692,0.7792241398723432,0.516512465727692,1.0,1,0.603475715485905,55
1067,1,1542,1542,0,0,0,0,0.7598398781654839,0.5082521253418532,0.7598398781654839,0.5082521253418532,1.0,1,0.6153988988856003,55
1068,1,1543,1543,0,0,0,0,0.7794281163660484,0.537532386660498,0.7794281163660484,0.537532386660498,1.0,1,0.6168045500380624,55
1069,3,1546,1546,0,0,0,0,0.7951547662607827,0.537532386660498,0.7951547662607827,0.537532386660498,1.0,1,0.5969564919711415,55
1070,1,1547,1547,0,0,0,0,0.806678057293226,0.5567237201421636,0.806678057293226,0.5567237201421636,1.0,1,0.6018761678278852,54
1071,1,1548,1548,0,0,0,0,0.8101930017060763,0.5567237201421636,0.8101930017060763,0.5567237201421636,1.0,1,0.5856036018612099,55
1072,5,1553,1553,0,0,0,0,0.8207448601322933,0.5676955907356801,0.8207448601322933,0.5676955907356801,1.0,1,0.5718464933615715,54
1073,1,1554,1554,0,0,0,0,0.8207448601322933,0.5676955907356801,0.8207448601322933,0.5676955907356801,1.0,1,0.5748454830521571,54
1074,4,1558,1558,0,0,0,0,0.8177973626861378,0.541228484447472,0.8177973626861378,0.541228484447472,1.0,1,0.5944248236910293,52
1075,3,1561,1561,0,0,0,0,0.8762477737047295,0.6660162211501921,0.8762477737047295,0.6660162211501921,1.0,1,0.5631051391840424,51
1076,3,1564,1564,0,0,0,0,0.8432735394985348,0.5724447988192815,0.8432735394985348,0.5724447988192815,1.0,1,0.5878056607839908,52
1077,2,1566,1566,0,0,0,0,0.8619182004401006,0.6418816579799029,0.8619182004401006,0.6418816579799029,1.0,1,0.5875923093086506,49
1078,4,1570,1570,0,0,0,0,0.8583253110579775,0.5999773488695835,0.8583253110579775,0.5999773488695835,1.0,1,0.602520049795401,48
1079,1,1571,1571,0,0,0,0,0.8496345636274055,0.5842837935581211,0.8496345636274055,0.5842837935581211,1.0,1,0.6118078752125001,47
1080,4,1575,1575,0,0,0,0,0.8554413309221212,0.6003377972552765,0.8554413309221212,0.6003377972552765,1.0,1,0.5986402533576614,47
1081,4,1579,1579,0,0,0,0,0.8042767405553914,0.5364449118417164,0.8042767405553914,0.5364449118417164,1.0,1,0.6403331572329541,45
1082,2,1581,1581,0,0,0,0,0.8379642289773341,0.5996763304145902,0.8379642289773341,0.5996763304145902,1.0,1,0.6439783649902263,42
1083,2,1583,1583,0,0,0,0,0.8124040662042175,0.5622761544765071,0.8124040662042175,0.5622761544765071,1.0,1,0.6609270623916768,42
1084,0,1583,1583,0,0,0,0,0.8509034086014928,0.627258521503732,0.8509034086014928,0.627258521503732,1.0,1,0.6576625938730473,40
1085,1,1584,1584,0,0,0,0,0.8374617146084283,0.6040714303171236,0.8374617146084283,0.6040714303171236,1.0,1,0.63974855953318,43
1086,0,1584,1584,0,0,0,0,0.856792356951383,0.6491779513897118,0.856792356951383,0.6491779513897118,1.0,1,0.6454125801242985,41
1087,1,1585,1585,0,0,0,0,0.8295319350610111,0.6174047417679625,0.8295319350610111,0.6174047417679625,1.0,1,0.6603254166556509,41
1088,2,1587,1587,0,0,0,0,0.8295319350610111,0.6174047417679625,0.8295319350610111,0.6174047417679625,1.0,1,0.6577080742143384,41
1089,3,1590,1590,0,0,0,0,0.8114479609488437,0.5919972753056886,0.8114479609488437,0.5919972753056886,1.0,1,0.66676143637416,42
1090,0,1590,1590,0,0,0,0,0.7848386105062383,0.5919972753056886,0.7848386105062383,0.5919972753056886,1.0,1,0.6667584798496271,43
1091,0,1590,1590,0,0,0,0,0.8084602729387773,0.5919972753056886,0.8084602729387773,0.5919972753056886,1.0,1,0.6531238413209842,43
1092,1,1591,1591,0,0,0,0,0.8084602729387773,0.5919972753056886,0.8084602729387773,0.5919972753056886,1.0,1,0.6572320871236849,43
1093,1,1592,1592,0,0,0,0,0.8084602729387773,0.5919972753056886,0.8084602729387773,0.5919972753056886,1.0,1,0.6626205367323543,43
1094,1,1593,1593,0,0,0,0,0.8064858059509578,0.6345371040433151,0.8064858059509578,0.6345371040433151,1.0,1,0.6562149476148295,43
1095,0,1593,1593,0,0,0,0,0.7874947774546943,0.5976672956028732,0.7874947774546943,0.5976672956028732,1.0,1,0.6618336809280333,44
1096,2,1595,1595,0,0,0,0,0.80917006948845,0.67350594951744,0.80917006948845,0.67350594951744,1.0,1,0.6465243191926447,44
1097,1,1596,1596,0,0,0,0,0.7896477950126519,0.6298095829621513,0.7896477950126519,0.6298095829621513,1.0,1,0.6398887836512681,45
1098,2,1598,1598,0,0,0,0,0.8105202695675698,0.6762736248075205,0.8105202695675698,0.6762736248075205,1.0,1,0.6194736512041809,46
1099,1,1599,1599,0,0,0,0,0.8115881804379649,0.632966620455179,0.8115881804379649,0.632966620455179,1.0,1,0.6133945588537013,48
1100,3,1602,1602,0,0,0,0,0.853105169552508,0.6606539552940367,0.853105169552508,0.6606539552940367,1.0,1,0.5861869511607831,49
1101,2,1604,1604,0,0,0,0,0.8891931282592773,0.6606539552940367,0.8891931282592773,0.6606539552940367,1.0,1,0.5581554206075804,49
1102,3,1607,1607,0,0,0,0,0.9105550403940574,0.7181425612053893,0.9105550403940574,0.7181425612053893,1.0,1,0.5395088055334355,50
1103,3,1610,1610,0,0,0,0,0.910267444287499,0.7181425612053893,0.910267444287499,0.7181425612053893,1.0,1,0.51850365239977,48
1104,4,1614,1614,0,0,0,0,0.9206625163626317,0.7909302981527155,0.9206625163626317,0.7909302981527155,1.0,1,0.48995563275430876,50
1105,3,1617,1617,0,0,0,0,0.9439047565082715,0.8728712821848815,0.9439047565082715,0.8728712821848815,1.0,1,0.4967032335417156,48
1106,1,1618,1618,0,0,0,0,0.893598109183596,0.8019936878716634,0.893598109183596,0.8019936878716634,1.0,1,0.5190905461418218,48
1107,4,1622,1622,0,0,0,0,0.9292233536475357,0.7967748109912066,0.9292233536475357,0.7967748109912066,1.0,1,0.5081457697598154,47
1108,2,1624,1624,0,0,0,0,0.946693562856166,0.8443036297448091,0.946693562856166,0.8443036297448091,1.0,1,0.5096210168949693,47
1109,4,1628,1628,0,0,0,0,0.9358953020974446,0.7893702783201757,0.9358953020974446,0.7893702783201757,1.0,1,0.5207056284247268,46
1110,5,1633,1633,0,0,0,0,0.9059268846173776,0.7303237359031493,0.9059268846173776,0.7303237359031493,1.0,1,0.5522426182474556,43
1111,0,1633,1633,0,0,0,0,0.8876065038851162,0.6909178856840693,0.8876065038851162,0.6909178856840693,1.0,1,0.558922920003424,44
1112,6,1639,1639,0,0,0,0,0.8370189435339941,0.6106563651089861,0.8370189435339941,0.6106563651089861,1.0,1,0.5926481808313451,43
1113,2,1641,1641,0,0,0,0,0.8405774583101832,0.6342659337704204,0.8405774583101832,0.6342659337704204,1.0,1,0.6292480935775716,39
1114,1,1642,1642,0,0,0,0,0.8183080381938362,0.606334082753312,0.8183080381938362,0.606334082753312,1.0,1,0.6427571077549101,39
1115,3,1645,1645,0,0,0,0,0.8375861366549359,0.6465110033078015,0.8375861366549359,0.6465110033078015,1.0,1,0.6387007651044353,37
1116,2,1647,1647,0,0,0,0,0.8723753173817849,0.7048679214453774,0.8723753173817849,0.7048679214453774,1.0,1,0.6225587671654085,37
1117,1,1648,1648,0,0,0,0,0.8928751689359758,0.742900405446342,0.8928751689359758,0.742900405446342,1.0,1,0.63573026400893,36
1118,0,1648,1648,0,0,0,0,0.89140645399013,0.7393754895763119,0.89140645399013,0.7393754895763119,1.0,1,0.636216272757884,36
1119,1,1649,1649,0,0,0,0,0.89140645399013,0.7393754895763119,0.89140645399013,0.7393754895763119,1.0,1,0.6295352050871993,36
1120,0,1649,1649,0,0,0,0,0.89140645399013,0.7393754895763119,0.89140645399013,0.7393754895763119,1.0,1,0.6295352050871993,36
1121,0,1649,1649,0,0,0,0,0.89140645399013,0.7393754895763119,0.89140645399013,0.7393754895763119,1.0,1,0.6295352050871993,36
1122,1,1650,1650,0,0,0,0,0.8458819642011797,0.6645666279672734,0.8458819642011797,0.6645666279672734,1.0,1,0.6401198242170356,37
1123,0,1650,1650,0,0,0,0,0.8458819642011797,0.6645666279672734,0.8458819642011797,0.6645666279672734,1.0,1,0.6401198242170356,37
1124,1,1651,1651,0,0,0,0,0.8757540438608066,0.7126812264281155,0.8757540438608066,0.7126812264281155,1.0,1,0.6335933911641136,37
1125,1,1652,1652,0,0,0,0,0.9020255220957808,0.768724848058841,0.9020255220957808,0.768724848058841,1.0,1,0.616100545431174,38
1126,2,1654,1654,0,0,0,0,0.9229126074575109,0.8523119820279466,0.9229126074575109,0.8523119820279466,1.0,1,0.6039822572720921,38
1127,1,1655,1655,0,0,0,0,0.9135167919339989,0.8206316821736995,0.9135167919339989,0.8206316821736995,1.0,1,0.6044768885638769,39
1128,2,1657,1657,0,0,0,0,0.9444940369966014,0.8722592476546296,0.9444940369966014,0.8722592476546296,1.0,1,0.5934993897145513,39
1129,0,1657,1657,0,0,0,0,0.9444940369966014,0.8722592476546296,0.9444940369966014,0.8722592476546296,1.0,1,0.5934993897145513,39
1130,1,1658,1658,0,0,0,0,0.9444940369966014,0.8722592476546296,0.9444940369966014,0.8722592476546296,1.0,1,0.6077386899437707,39
1131,1,1659,1659,0,0,0,0,0.9423038682415862,0.8722592476546296,0.9423038682415862,0.8722592476546296,1.0,1,0.6082595880758425,39
1132,2,1661,1661,0,0,0,0,0.9760512631450852,0.9221666052215265,0.9760512631450852,0.9221666052215265,1.0,1,0.5887100313458019,39
1133,1,1662,1662,0,0,0,0,0.9588205699508882,0.9221666052215265,0.9588205699508882,0.9221666052215265,1.0,1,0.5691091880349769,42
1134,1,1663,1663,0,0,0,0,0.9719011286351721,0.9221666052215265,0.9719011286351721,0.9221666052215265,1.0,1,0.5550595656169709,42
1135,0,1663,1663,0,0,0,0,0.9252462415759722,0.8531951652816656,0.9252462415759722,0.8531951652816656,1.0,1,0.5640879205289188,44
1136,0,1663,1663,0,0,0,0,0.9000973692603619,0.7703701075211085,0.9000973692603619,0.7703701075211085,1.0,1,0.5678992579015834,46
1137,1,1664,1664,0,0,0,0,0.897877310799481,0.7703701075211085,0.897877310799481,0.7703701075211085,1.0,1,0.5698011980368499,45
1138,3,1667,1667,0,0,0,0,0.91174530490307,0.729352268369415,0.91174530490307,0.729352268369415,1.0,1,0.5350449854041546,46
1139,0,1667,1667,0,0,0,0,0.8950799335829003,0.6917973048997699,0.8950799335829003,0.6917973048997699,1.0,1,0.5410231390044864,47
1140,2,1669,1669,0,0,0,0,0.8927990625738331,0.6917973048997699,0.8927990625738331,0.6917973048997699,1.0,1,0.5394704901453805,46
1141,1,1670,1670,0,0,0,0,0.8904168195199181,0.6917973048997699,0.8904168195199181,0.6917973048997699,1.0,1,0.5418242266489556,45
1142,5,1675,1675,0,0,0,0,0.8904168195199182,0.6917973048997699,0.8904168195199182,0.6917973048997699,1.0,1,0.5511800412367441,45
1143,4,1679,1679,0,0,0,0,0.8623670681423369,0.6518696429482637,0.8623670681423369,0.6518696429482637,1.0,1,0.5841936105924768,43
1144,2,1681,1681,0,0,0,0,0.8489364220219693,0.6518696429482637,0.8489364220219693,0.6518696429482637,1.0,1,0.5682671918727235,45
1145,5,1686,1686,0,0,0,0,0.8669183772501513,0.6911003952825417,0.8669183772501513,0.6911003952825417,1.0,1,0.5640836384132217,44
1146,1,1687,1687,0,0,0,0,0.8472881360744041,0.6494802264036585,0.8472881360744041,0.6494802264036585,1.0,1,0.5711266796431481,45
1147,3,1690,1690,0,0,0,0,0.8373181055074237,0.6023331467959245,0.8373181055074237,0.6023331467959245,1.0,1,0.5799083477217544,44
1148,5,1695,1695,0,0,0,0,0.8119238552194683,0.5743539881282702,0.8119238552194683,0.5743539881282702,1.0,1,0.5698015546426418,43
1149,2,1697,1697,0,0,0,0,0.733228212896523,0.4907084064388165,0.733228212896523,0.4907084064388165,1.0,1,0.6179070631369128,42
1150,2,1699,1699,0,0,0,0,0.7007562137314663,0.43891790074649933,0.7007562137314663,0.43891790074649933,1.0,1,0.6325448116231922,45
1151,0,1699,1699,0,0,0,0,0.7148130879074917,0.4814783416499846,0.7148130879074917,0.4814783416499846,1.0,1,0.6569322642116997,40
1152,1,1700,1700,0,0,0,0,0.7442202822425084,0.5006205510448973,0.7442202822425084,0.5006205510448973,1.0,1,0.6387252062609284,41
1153,3,1703,1703,0,0,0,0,0.6989583837762751,0.48001902652265704,0.6989583837762751,0.48001902652265704,1.0,1,0.6736359422961525,38
1154,3,1706,1706,0,0,0,0,0.7696318220050902,0.5513882849572806,0.7696318220050902,0.5513882849572806,1.0,1,0.6473851664597723,37
1155,3,1709,1709,0,0,0,0,0.7784093369860965,0.5568186739721929,0.7784093369860965,0.5568186739721929,1.0,1,0.6551506771997343,38
1156,3,1712,1712,0,0,0,0,0.8025406903286608,0.5831414573605063,0.8025406903286608,0.5831414573605063,1.0,1,0.6724523695330338,38
1157,0,1712,1712,0,0,0,0,0.8194134232549615,0.606958627084328,0.8194134232549615,0.606958627084328,1.0,1,0.6683486433438991,37
1158,0,1712,1712,0,0,0,0,0.842448417819756,0.6455089400944509,0.842448417819756,0.6455089400944509,1.0,1,0.6620600201212987,36
1159,1,1713,1713,0,0,0,0,0.865544176981178,0.6979697535723656,0.865544176981178,0.6979697535723656,1.0,1,0.6612910344283706,35
1160,1,1714,1714,0,0,0,0,0.863889833873766,0.7573093152621656,0.863889833873766,0.7573093152621656,1.0,1,0.6538260008538734,35
1161,0,1714,1714,0,0,0,0,0.867670671821717,0.7573093152621656,0.867670671821717,0.7573093152621656,1.0,1,0.6468635324598999,36
1162,1,1715,1715,0,0,0,0,0.8500903590370852,0.7707681706148076,0.8500903590370852,0.7707681706148076,1.0,1,0.6457900373576473,37
1163,0,1715,1715,0,0,0,0,0.8500903590370852,0.7707681706148076,0.8500903590370852,0.7707681706148076,1.0,1,0.6457900373576473,37
1164,0,1715,1715,0,0,0,0,0.8540353495887408,0.7707681706148076,0.8540353495887408,0.7707681706148076,1.0,1,0.6369922428085982,38
1165,0,1715,1715,0,0,0,0,0.8540353495887408,0.7707681706148076,0.8540353495887408,0.7707681706148076,1.0,1,0.6369922428085982,38
1166,0,1715,1715,0,0,0,0,0.8139788442145358,0.7178932919982751,0.8139788442145358,0.7178932919982751,1.0,1,0.6439868996284608,40
1167,2,1717,1717,0,0,0,0,0.8238661353655685,0.744259401734362,0.8238661353655685,0.744259401734362,1.0,1,0.6323611506130232,40
1168,2,1719,1719,0,0,0,0,0.8238661353655685,0.744259401734362,0.8238661353655685,0.744259401734362,1.0,1,0.6172100140534305,40
1169,0,1719,1719,0,0,0,0,0.8172349214137475,0.7143918259570895,0.8172349214137475,0.7143918259570895,1.0,1,0.6084828367631444,41
1170,2,1721,1721,0,0,0,0,0.8172349214137475,0.7143918259570895,0.8172349214137475,0.7143918259570895,1.0,1,0.6331414328561072,41
1171,1,1722,1722,0,0,0,0,0.7737777896623432,0.6685772951586617,0.7737777896623432,0.6685772951586617,1.0,1,0.6328043727905415,43
1172,1,1723,1723,0,0,0,0,0.7737777896623432,0.6685772951586617,0.7737777896623432,0.6685772951586617,1.0,1,0.6381373285299875,43
1173,0,1723,1723,0,0,0,0,0.7737777896623432,0.6685772951586617,0.7737777896623432,0.6685772951586617,1.0,1,0.6381373285299875,43
1174,1,1724,1724,0,0,0,0,0.7534878000914123,0.6367510100581503,0.7534878000914123,0.6367510100581503,1.0,1,0.6501576702679218,43
1175,0,1724,1724,0,0,0,0,0.7370669933497858,0.6030966374693558,0.7370669933497858,0.6030966374693558,1.0,1,0.6550991139849676,44
1176,1,1725,1725,0,0,0,0,0.7220170044840862,0.5745029983600901,0.7220170044840862,0.5745029983600901,1.0,1,0.6652534604957622,45
1177,1,1726,1726,0,0,0,0,0.7220170044840862,0.5745029983600901,0.7220170044840862,0.5745029983600901,1.0,1,0.6763549501762924,45
1178,2,1728,1728,0,0,0,0,0.7617932998207048,0.5745029983600901,0.7617932998207048,0.5745029983600901,1.0,1,0.6531461929268878,45
1179,1,1729,1729,0,0,0,0,0.7442934450810306,0.5745029983600901,0.7442934450810306,0.5745029983600901,1.0,1,0.653764801998926,46
1180,1,1730,1730,0,0,0,0,0.7710696859534164,0.5745029983600901,0.7710696859534164,0.5745029983600901,1.0,1,0.6269591817416075,47
1181,0,1730,1730,0,0,0,0,0.7537656559657879,0.5428016607694481,0.7537656559657879,0.5428016607694481,1.0,1,0.6327357195283256,48
1182,1,1731,1731,0,0,0,0,0.7537656559657879,0.5428016607694481,0.7537656559657879,0.5428016607694481,1.0,1,0.6362662457271174,48
1183,1,1732,1732,0,0,0,0,0.7190982859492311,0.5428016607694481,0.7190982859492311,0.5428016607694481,1.0,1,0.6570802739507015,46
1184,2,1734,1734,0,0,0,0,0.7250749181630772,0.5428016607694481,0.7250749181630772,0.5428016607694481,1.0,1,0.6425632584390722,47
1185,0,1734,1734,0,0,0,0,0.7313807155990414,0.5428016607694481,0.7313807155990414,0.5428016607694481,1.0,1,0.6571191184199908,44
1186,0,1734,1734,0,0,0,0,0.7079749478768461,0.4977320126928596,0.7079749478768461,0.4977320126928596,1.0,1,0.6573535220121594,47
1187,0,1734,1734,0,0,0,0,0.6837647856253849,0.47693668339479034,0.6837647856253849,0.47693668339479034,1.0,1,0.6618110305061945,49
1188,2,1736,1736,0,0,0,0,0.647524822504304,0.4336524139060604,0.647524822504304,0.4336524139060604,1.0,1,0.6854030431521374,50
1189,0,1736,1736,0,0,0,0,0.6730454462661948,0.4683152453571156,0.6730454462661948,0.4683152453571156,1.0,1,0.677848444706499,48
1190,2,1738,1738,0,0,0,0,0.6275395812484594,0.4234787648944946,0.6275395812484594,0.4234787648944946,1.0,1,0.7159408613908952,48
1191,0,1738,1738,0,0,0,0,0.6570021561522816,0.4646594958887506,0.6570021561522816,0.4646594958887506,1.0,1,0.707667712735647,46
1192,0,1738,1738,0,0,0,0,0.6570021561522816,0.4646594958887506,0.6570021561522816,0.4646594958887506,1.0,1,0.707667712735647,46
1193,0,1738,1738,0,0,0,0,0.6773455045463949,0.49752804213745816,0.6773455045463949,0.49752804213745816,1.0,1,0.7015805799419959,45
1194,0,1738,1738,0,0,0,0,0.6773455045463949,0.49752804213745816,0.6773455045463949,0.49752804213745816,1.0,1,0.7015805799419959,45
1195,1,1739,1739,0,0,0,0,0.6713550723857671,0.47907641845945054,0.6713550723857671,0.47907641845945054,1.0,1,0.6826176473246423,47
1196,2,1741,1741,0,0,0,0,0.6598329390766882,0.464043762421556,0.6598329390766882,0.464043762421556,1.0,1,0.6784180243974794,48
1197,0,1741,1741,0,0,0,0,0.6667751239934905,0.464043762421556,0.6667751239934905,0.464043762421556,1.0,1,0.6645155490418027,49
1198,2,1743,1743,0,0,0,0,0.6667751239934905,0.464043762421556,0.6667751239934905,0.464043762421556,1.0,1,0.6819483633426324,49
1199,1,1744,1744,0,0,0,0,0.6667305273965664,0.477736984762966,0.6667305273965664,0.477736984762966,1.0,1,0.6757626803669913,50
1200,1,1745,1745,0,0,0,0,0.6667305273965666,0.477736984762966,0.6667305273965666,0.477736984762966,1.0,1,0.68251478823003,50
1201,0,1745,1745,0,0,0,0,0.6667305273965666,0.477736984762966,0.6667305273965666,0.477736984762966,1.0,1,0.68251478823003,50
1202,1,1746,1746,0,0,0,0,0.6538933945047266,0.45833280831087303,0.6538933945047266,0.45833280831087303,1.0,1,0.6871603482599261,51
1203,0,1746,1746,0,0,0,0,0.6605492907642512,0.45833280831087303,0.6605492907642512,0.45833280831087303,1.0,1,0.6766773220690868,52
1204,0,1746,1746,0,0,0,0,0.6605492907642513,0.45833280831087303,0.6605492907642513,0.45833280831087303,1.0,1,0.6766773220690868,52
1205,1,1747,1747,0,0,0,0,0.6277151488047562,0.42001258332199887,0.6277151488047562,0.42001258332199887,1.0,1,0.696683629134096,53
1206,1,1748,1748,0,0,0,0,0.6277151488047562,0.42001258332199887,0.6277151488047562,0.42001258332199887,1.0,1,0.6934625470635043,53
1207,1,1749,1749,0,0,0,0,0.6415396864231441,0.404283410321445,0.6415396864231441,0.404283410321445,1.0,1,0.6800336839667048,55
1208,0,1749,1749,0,0,0,0,0.631086219807121,0.39184991552160225,0.631086219807121,0.39184991552160225,1.0,1,0.6831672697977309,56
1209,1,1750,1750,0,0,0,0,0.6414934599750456,0.39184991552160225,0.6414934599750456,0.39184991552160225,1.0,1,0.6888479184704784,55
1210,0,1750,1750,0,0,0,0,0.6414934599750456,0.39184991552160225,0.6414934599750456,0.39184991552160225,1.0,1,0.6888479184704784,55
1211,1,1751,1751,0,0,0,0,0.6663439241366658,0.39184991552160225,0.6663439241366658,0.39184991552160225,1.0,1,0.6685227118348551,57
1212,0,1751,1751,0,0,0,0,0.6663439241366658,0.39184991552160225,0.6663439241366658,0.39184991552160225,1.0,1,0.6685227118348551,57
1213,1,1752,1752,0,0,0,0,0.679938578701856,0.39184991552160225,0.679938578701856,0.39184991552160225,1.0,1,0.6645043479612329,57
1214,2,1754,1754,0,0,0,0,0.6836202163325817,0.4184404266844472,0.6836202163325817,0.4184404266844472,1.0,1,0.657725989522548,57
1215,1,1755,1755,0,0,0,0,0.6796581903213049,0.40081444553026624,0.6796581903213049,0.40081444553026624,1.0,1,0.6450698888747238,59
1216,3,1758,1758,0,0,0,0,0.6613476496772187,0.4165989199464012,0.6613476496772187,0.4165989199464012,1.0,1,0.6371782997369342,61
1217,0,1758,1758,0,0,0,0,0.6613476496772187,0.4165989199464012,0.6613476496772187,0.4165989199464012,1.0,1,0.6371782997369342,61
1218,4,1762,1762,0,0,0,0,0.6846761811850524,0.4157314190828787,0.6846761811850524,0.4157314190828787,1.0,1,0.6138708214876833,61
1219,2,1764,1764,0,0,0,0,0.6825751520227097,0.46354852785243444,0.6825751520227097,0.46354852785243444,1.0,1,0.6041958203002413,61
1220,2,1766,1766,0,0,0,0,0.713955960826686,0.46354852785243444,0.713955960826686,0.46354852785243444,1.0,1,0.584690269716239,60
1221,3,1769,1769,0,0,0,0,0.7338655896736113,0.4843678847258237,0.7338655896736113,0.4843678847258237,1.0,1,0.5717842713754848,61
1222,2,1771,1771,0,0,0,0,0.7494316605766184,0.511778213056187,0.7494316605766184,0.511778213056187,1.0,1,0.5606991971300664,61
1223,4,1775,1775,0,0,0,0,0.7620009339606453,0.511778213056187,0.7620009339606453,0.511778213056187,1.0,1,0.5758496916757236,59
1224,4,1779,1779,0,0,0,0,0.7363005006511104,0.5426783073124861,0.7363005006511104,0.5426783073124861,1.0,1,0.5746914594259481,60
1225,4,1783,1783,0,0,0,0,0.700724983242194,0.5203171955845456,0.700724983242194,0.5203171955845456,1.0,1,0.5936010738425329,60
1226,4,1787,1787,0,0,0,0,0.7067700321645407,0.46864849686477167,0.7067700321645407,0.46864849686477167,1.0,1,0.5916046441926451,61
1227,1,1788,1788,0,0,0,0,0.7148408619636759,0.49279792371407505,0.7148408619636759,0.49279792371407505,1.0,1,0.5934977971758129,59
1228,6,1794,1794,0,0,0,0,0.7304557694622553,0.5241234385351687,0.7304557694622553,0.5241234385351687,1.0,1,0.585481703035513,58
1229,3,1797,1797,0,0,0,0,0.7244357711952538,0.5206188827884382,0.7244357711952538,0.5206188827884382,1.0,1,0.5952212773088208,57
1230,5,1802,1802,0,0,0,0,0.7739030635557791,0.5443105670256295,0.7739030635557791,0.5443105670256295,1.0,1,0.5735682207348957,55
1231,2,1804,1804,0,0,0,0,0.8051591291288897,0.571189134689317,0.8051591291288897,0.571189134689317,1.0,1,0.5592436202471658,54
1232,2,1806,1806,0,0,0,0,0.8142279017760281,0.6055346431508003,0.8142279017760281,0.6055346431508003,1.0,1,0.5804641353288374,51
1233,2,1808,1808,0,0,0,0,0.8075562931411505,0.6080143861140751,0.8075562931411505,0.6080143861140751,1.0,1,0.6078514795227385,49
1234,1,1809,1809,0,0,0,0,0.7975965482909467,0.6080143861140751,0.7975965482909467,0.6080143861140751,1.0,1,0.618547139362,49
1235,1,1810,1810,0,0,0,0,0.7757270694808408,0.5840488115198591,0.7757270694808408,0.5840488115198591,1.0,1,0.6514533325901285,48
1236,1,1811,1811,0,0,0,0,0.7566591387274557,0.546339809110223,0.7566591387274557,0.546339809110223,1.0,1,0.653917489416754,49
1237,2,1813,1813,0,0,0,0,0.7315116678873914,0.5236233420663686,0.7315116678873914,0.5236233420663686,1.0,1,0.6795297771925641,48
1238,1,1814,1814,0,0,0,0,0.7447387010642321,0.5236233420663686,0.7447387010642321,0.5236233420663686,1.0,1,0.680962582287376,47
1239,1,1815,1815,0,0,0,0,0.7703161746449833,0.5236233420663686,0.7703161746449833,0.5236233420663686,1.0,1,0.6572144455425483,48
1240,1,1816,1816,0,0,0,0,0.7473216891474835,0.5045706289577778,0.7473216891474835,0.5045706289577778,1.0,1,0.6651482205195859,49
1241,1,1817,1817,0,0,0,0,0.768988739730801,0.5045706289577778,0.768988739730801,0.5045706289577778,1.0,1,0.6503609647917249,49
1242,0,1817,1817,0,0,0,0,0.768988739730801,0.5045706289577778,0.768988739730801,0.5045706289577778,1.0,1,0.652457801909214,49
1243,1,1818,1818,0,0,0,0,0.7759642611398436,0.5045706289577778,0.7759642611398436,0.5045706289577778,1.0,1,0.6411587669280309,50
1244,0,1818,1818,0,0,0,0,0.7759642611398435,0.5045706289577778,0.7759642611398435,0.5045706289577778,1.0,1,0.6444341712541081,50
1245,2,1820,1820,0,0,0,0,0.7576026486742865,0.5114710548478981,0.7576026486742865,0.5114710548478981,1.0,1,0.635425002223088,51
1246,1,1821,1821,0,0,0,0,0.7232316896266203,0.5169432069941672,0.7232316896266203,0.5169432069941672,1.0,1,0.6459433643498094,52
1247,0,1821,1821,0,0,0,0,0.7232316896266203,0.5169432069941672,0.7232316896266203,0.5169432069941672,1.0,1,0.6459433643498094,52
1248,1,1822,1822,0,0,0,0,0.7367620425995332,0.5399793745649337,0.7367620425995332,0.5399793745649337,1.0,1,0.6501319920702832,51
1249,3,1825,1825,0,0,0,0,0.7281836424394458,0.5914277924090453,0.7281836424394458,0.5914277924090453,1.0,1,0.6471705278349201,51
1250,2,1827,1827,0,0,0,0,0.688713782429231,0.5914277924090453,0.688713782429231,0.5914277924090453,1.0,1,0.656186527350856,51
1251,1,1828,1828,0,0,0,0,0.6827447493759965,0.5887921011489402,0.6827447493759965,0.5887921011489402,1.0,1,0.6489449585225859,53
1252,3,1831,1831,0,0,0,0,0.6537839280799587,0.6202021300770155,0.6537839280799587,0.6202021300770155,1.0,1,0.6546251904185395,52
1253,0,1831,1831,0,0,0,0,0.6537839280799587,0.6202021300770155,0.6537839280799587,0.6202021300770155,1.0,1,0.6546251904185395,52
1254,1,1832,1832,0,0,0,0,0.6608618695572002,0.589525079964731,0.6608618695572002,0.589525079964731,1.0,1,0.6485895599796069,53
1255,1,1833,1833,0,0,0,0,0.6792037176889331,0.589525079964731,0.6792037176889331,0.589525079964731,1.0,1,0.628687956137734,55
1256,0,1833,1833,0,0,0,0,0.6792037176889331,0.589525079964731,0.6792037176889331,0.589525079964731,1.0,1,0.628687956137734,55
1257,0,1833,1833,0,0,0,0,0.668786606334853,0.5808916982955378,0.668786606334853,0.5808916982955378,1.0,1,0.6224931097697045,57
1258,2,1835,1835,0,0,0,0,0.6882066473120471,0.5808916982955378,0.6882066473120471,0.5808916982955378,1.0,1,0.6055158920921035,57
1259,1,1836,1836,0,0,0,0,0.702921178626035,0.5808916982955378,0.702921178626035,0.5808916982955378,1.0,1,0.5941901091879686,57
1260,2,1838,1838,0,0,0,0,0.7542286614287637,0.5808916982955378,0.7542286614287637,0.5808916982955378,1.0,1,0.5662907164665425,56
1261,3,1841,1841,0,0,0,0,0.7738166754275985,0.5808916982955378,0.7738166754275985,0.5808916982955378,1.0,1,0.550346261893936,57
1262,1,1842,1842,0,0,0,0,0.7599135528189152,0.5333547910544906,0.7599135528189152,0.5333547910544906,1.0,1,0.5588883062897859,58
1263,4,1846,1846,0,0,0,0,0.7719626389026782,0.5333547910544906,0.7719626389026782,0.5333547910544906,1.0,1,0.5658388215837948,58
1264,2,1848,1848,0,0,0,0,0.7703066035442192,0.47332424930671263,0.7703066035442192,0.47332424930671263,1.0,1,0.5775497758465782,57
1265,4,1852,1852,0,0,0,0,0.7746745069458632,0.47129497996300934,0.7746745069458632,0.47129497996300934,1.0,1,0.5912319391573259,56
1266,2,1854,1854,0,0,0,0,0.7520398604181446,0.45084185304911806,0.7520398604181446,0.45084185304911806,1.0,1,0.6149417963881695,55
1267,5,1859,1859,0,0,0,0,0.7719312966184332,0.4945227974167523,0.7719312966184332,0.4945227974167523,1.0,1,0.6034725426602021,53
1268,6,1865,1865,0,0,0,0,0.7351825981865117,0.4491798042279443,0.7351825981865117,0.4491798042279443,1.0,1,0.6195085537979278,52
1269,0,1865,1865,0,0,0,0,0.7503430641916975,0.469479011407357,0.7503430641916975,0.469479011407357,1.0,1,0.6134914871074824,51
1270,1,1866,1866,0,0,0,0,0.7699324815446564,0.508492119663584,0.7699324815446564,0.508492119663584,1.0,1,0.6122106127524479,47
1271,1,1867,1867,0,0,0,0,0.7649310137521489,0.508492119663584,0.7649310137521489,0.508492119663584,1.0,1,0.6156200810173875,46
1272,0,1867,1867,0,0,0,0,0.7981150724349918,0.5659474057352324,0.7981150724349918,0.5659474057352324,1.0,1,0.6072868414486203,43
1273,2,1869,1869,0,0,0,0,0.8027033662432874,0.5659474057352324,0.8027033662432874,0.5659474057352324,1.0,1,0.6127964383678961,44
1274,2,1871,1871,0,0,0,0,0.8280058765064968,0.6218894564397651,0.8280058765064968,0.6218894564397651,1.0,1,0.6036075471969088,44
1275,0,1871,1871,0,0,0,0,0.8104057119349031,0.591053088773713,0.8104057119349031,0.591053088773713,1.0,1,0.6092238163019962,45
1276,3,1874,1874,0,0,0,0,0.8240639837082538,0.7074799660219548,0.8240639837082538,0.7074799660219548,1.0,1,0.6059908199966572,43
1277,3,1877,1877,0,0,0,0,0.803884687305128,0.6621090822542351,0.803884687305128,0.6621090822542351,1.0,1,0.6189141087487923,44
1278,4,1881,1881,0,0,0,0,0.7905756882374816,0.6935250071842489,0.7905756882374816,0.6935250071842489,1.0,1,0.6420954652322788,45
1279,2,1883,1883,0,0,0,0,0.800528235627208,0.6518743655337049,0.800528235627208,0.6518743655337049,1.0,1,0.6327142645049778,47
1280,0,1883,1883,0,0,0,0,0.800528235627208,0.6518743655337049,0.800528235627208,0.6518743655337049,1.0,1,0.6327142645049778,47
1281,1,1884,1884,0,0,0,0,0.8036859352122626,0.6026014132287002,0.8036859352122626,0.6026014132287002,1.0,1,0.6390788100341153,47
1282,1,1885,1885,0,0,0,0,0.7942595258273065,0.6423436858334328,0.7942595258273065,0.6423436858334328,1.0,1,0.6454013475446269,46
1283,2,1887,1887,0,0,0,0,0.7982289373558492,0.598800810026696,0.7982289373558492,0.598800810026696,1.0,1,0.6513267112857065,46
1284,0,1887,1887,0,0,0,0,0.7982289373558491,0.598800810026696,0.7982289373558491,0.598800810026696,1.0,1,0.6513267112857065,46
1285,0,1887,1887,0,0,0,0,0.793252120898401,0.6423436858334328,0.793252120898401,0.6423436858334328,1.0,1,0.6455009102179422,46
1286,0,1887,1887,0,0,0,0,0.7886577235850322,0.6423436858334328,0.7886577235850322,0.6423436858334328,1.0,1,0.656890989606014,45
1287,0,1887,1887,0,0,0,0,0.740484476419978,0.605718302969121,0.740484476419978,0.605718302969121,1.0,1,0.6448015055314188,49
1288,1,1888,1888,0,0,0,0,0.760940230280604,0.6462663643590513,0.760940230280604,0.6462663643590513,1.0,1,0.6339887480862026,49
1289,1,1889,1889,0,0,0,0,0.7538347357954353,0.6082235289340692,0.7538347357954353,0.6082235289340692,1.0,1,0.6141785838107737,52
1290,1,1890,1890,0,0,0,0,0.753460314349335,0.6082235289340692,0.753460314349335,0.6082235289340692,1.0,1,0.6098812562347793,52
1291,0,1890,1890,0,0,0,0,0.753460314349335,0.6082235289340692,0.753460314349335,0.6082235289340692,1.0,1,0.6098812562347793,52
1292,0,1890,1890,0,0,0,0,0.758112006531423,0.6082235289340692,0.758112006531423,0.6082235289340692,1.0,1,0.6012844804648346,53
1293,2,1892,1892,0,0,0,0,0.7586604050977126,0.6418162441410046,0.7586604050977126,0.6418162441410046,1.0,1,0.5941285793801079,53
1294,2,1894,1894,0,0,0,0,0.7785296220235898,0.6418162441410046,0.7785296220235898,0.6418162441410046,1.0,1,0.5859124399253689,53
1295,0,1894,1894,0,0,0,0,0.7668712571864807,0.6144363372898213,0.7668712571864807,0.6144363372898213,1.0,1,0.5900992606869613,54
1296,1,1895,1895,0,0,0,0,0.7900162318159318,0.6144363372898213,0.7900162318159318,0.6144363372898213,1.0,1,0.5716549968931479,55
1297,1,1896,1896,0,0,0,0,0.8022841338016334,0.6144363372898213,0.8022841338016334,0.6144363372898213,1.0,1,0.5746231441229628,54
1298,2,1898,1898,0,0,0,0,0.8252229882771727,0.5810370101947305,0.8252229882771727,0.5810370101947305,1.0,1,0.552412786761109,55
1299,1,1899,1899,0,0,0,0,0.8449749276714494,0.5810370101947305,0.8449749276714494,0.5810370101947305,1.0,1,0.5414499972739134,54
1300,4,1903,1903,0,0,0,0,0.793850015644207,0.4846250391105175,0.793850015644207,0.4846250391105175,1.0,1,0.5535520950535152,55
1301,2,1905,1905,0,0,0,0,0.7720153158629834,0.4647316111565698,0.7720153158629834,0.4647316111565698,1.0,1,0.5775220805946911,54
1302,4,1909,1909,0,0,0,0,0.7348418951458735,0.4272584935150869,0.7348418951458735,0.4272584935150869,1.0,1,0.6273604071206725,54
1303,2,1911,1911,0,0,0,0,0.7566172695040372,0.4709071076174721,0.7566172695040372,0.4709071076174721,1.0,1,0.6310572090632304,50
1304,6,1917,1917,0,0,0,0,0.7414777515993848,0.5011220439383237,0.7414777515993848,0.5011220439383237,1.0,1,0.6319370923988309,51
1305,2,1919,1919,0,0,0,0,0.7447321929352139,0.507068133335876,0.7447321929352139,0.507068133335876,1.0,1,0.6485190533251454,48
1306,7,1926,1926,0,0,0,0,0.6825914611108402,0.4721833467889717,0.6825914611108402,0.4721833467889717,1.0,1,0.6944429757598295,48
1307,1,1927,1927,0,0,0,0,0.7052038484544406,0.5119134788457166,0.7052038484544406,0.5119134788457166,1.0,1,0.6766374664944722,48
1308,1,1928,1928,0,0,0,0,0.7460722420274245,0.5449878702104016,0.7460722420274245,0.5449878702104016,1.0,1,0.6632595568345127,46
1309,2,1930,1930,0,0,0,0,0.7206844314230337,0.49774297846805193,0.7206844314230337,0.49774297846805193,1.0,1,0.6657062793092554,47
1310,3,1933,1933,0,0,0,0,0.7795581647538878,0.5784473086300519,0.7795581647538878,0.5784473086300519,1.0,1,0.6223138760175141,46
1311,1,1934,1934,0,0,0,0,0.7611163055300301,0.5559855805812354,0.7611163055300301,0.5559855805812354,1.0,1,0.6295641316986842,46
1312,3,1937,1937,0,0,0,0,0.7622647142417359,0.5969243648993162,0.7622647142417359,0.5969243648993162,1.0,1,0.6340115323524601,45
1313,1,1938,1938,0,0,0,0,0.730332879108958,0.5567038477949331,0.730332879108958,0.5567038477949331,1.0,1,0.6657729087052974,44
1314,0,1938,1938,0,0,0,0,0.7376981050883965,0.5792248245012349,0.7376981050883965,0.5792248245012349,1.0,1,0.6726042247778653,42
1315,2,1940,1940,0,0,0,0,0.7458940074530385,0.5724140661027924,0.7458940074530385,0.5724140661027924,1.0,1,0.6957861799957092,40
1316,0,1940,1940,0,0,0,0,0.7579942928124175,0.5724140661027924,0.7579942928124175,0.5724140661027924,1.0,1,0.6711537428966176,42
1317,1,1941,1941,0,0,0,0,0.7874248702574681,0.5716088675978985,0.7874248702574681,0.5716088675978985,1.0,1,0.6623921174028387,42
1318,0,1941,1941,0,0,0,0,0.7874248702574681,0.5716088675978985,0.7874248702574681,0.5716088675978985,1.0,1,0.6623921174028387,42
1319,1,1942,1942,0,0,0,0,0.806774217731455,0.5716088675978985,0.806774217731455,0.5716088675978985,1.0,1,0.6584241780281829,42
1320,0,1942,1942,0,0,0,0,0.806774217731455,0.5716088675978985,0.806774217731455,0.5716088675978985,1.0,1,0.6584241780281829,42
1321,2,1944,1944,0,0,0,0,0.8069844717109046,0.5428579593153006,0.8069844717109046,0.5428579593153006,1.0,1,0.6189554690930154,45
1322,0,1944,1944,0,0,0,0,0.8069844717109046,0.5428579593153006,0.8069844717109046,0.5428579593153006,1.0,1,0.6189554690930154,45
1323,1,1945,1945,0,0,0,0,0.8111804614563197,0.5428579593153006,0.8111804614563197,0.5428579593153006,1.0,1,0.6186258653484166,46
1324,1,1946,1946,0,0,0,0,0.8069844717109046,0.5428579593153006,0.8069844717109046,0.5428579593153006,1.0,1,0.6295030743129275,45
1325,0,1946,1946,0,0,0,0,0.7864416755946894,0.5088158538677857,0.7864416755946894,0.5088158538677857,1.0,1,0.637003232615489,46
1326,1,1947,1947,0,0,0,0,0.761709835386509,0.4893782186853766,0.761709835386509,0.4893782186853766,1.0,1,0.6586720594270326,45
1327,1,1948,1948,0,0,0,0,0.7465447648799086,0.47004814474889994,0.7465447648799086,0.47004814474889994,1.0,1,0.6733527683684494,46
1328,0,1948,1948,0,0,0,0,0.7519374294569319,0.47004814474889994,0.7519374294569319,0.47004814474889994,1.0,1,0.6732224733488903,47
1329,0,1948,1948,0,0,0,0,0.7519374294569319,0.47004814474889994,0.7519374294569319,0.47004814474889994,1.0,1,0.6732224733488903,47
1330,0,1948,1948,0,0,0,0,0.7465447648799086,0.47004814474889994,0.7465447648799086,0.47004814474889994,1.0,1,0.6861353549574142,46
1331,2,1950,1950,0,0,0,0,0.7465447648799086,0.47004814474889994,0.7465447648799086,0.47004814474889994,1.0,1,0.6729764448828742,46
1332,2,1952,1952,0,0,0,0,0.6877581807509056,0.4467144823657711,0.6877581807509056,0.4467144823657711,1.0,1,0.6857838740203822,49
1333,0,1952,1952,0,0,0,0,0.6724908412323793,0.4249510124682222,0.6724908412323793,0.4249510124682222,1.0,1,0.6908025516293449,50
1334,1,1953,1953,0,0,0,0,0.6686399866974218,0.4487213765907586,0.6686399866974218,0.4487213765907586,1.0,1,0.6848319635950946,50
1335,0,1953,1953,0,0,0,0,0.6425191702601256,0.41198356720971563,0.6425191702601256,0.41198356720971563,1.0,1,0.6932131037212196,52
1336,0,1953,1953,0,0,0,0,0.6492640915759724,0.41198356720971563,0.6492640915759724,0.41198356720971563,1.0,1,0.6804751551328407,53
1337,2,1955,1955,0,0,0,0,0.653345846841453,0.40677072224619293,0.653345846841453,0.40677072224619293,1.0,1,0.680331236174423,54
1338,3,1958,1958,0,0,0,0,0.6876615083432802,0.4224735187022217,0.6876615083432802,0.4224735187022217,1.0,1,0.652593828450575,54
1339,1,1959,1959,0,0,0,0,0.7060337988821369,0.44049861469354734,0.7060337988821369,0.44049861469354734,1.0,1,0.6440410323514927,54
1340,6,1965,1965,0,0,0,0,0.7234836838190757,0.46848695391336337,0.7234836838190757,0.46848695391336337,1.0,1,0.632423112811548,53
1341,3,1968,1968,0,0,0,0,0.7394500706064074,0.4923783938817449,0.7394500706064074,0.4923783938817449,1.0,1,0.6177255651713559,53
1342,2,1970,1970,0,0,0,0,0.7728034128495064,0.5158475133770043,0.7728034128495064,0.5158475133770043,1.0,1,0.6220903379451712,52
1343,0,1970,1970,0,0,0,0,0.7799783962930117,0.5331627691587548,0.7799783962930117,0.5331627691587548,1.0,1,0.6223164488793104,50
1344,2,1972,1972,0,0,0,0,0.8025699208082948,0.5647415574021908,0.8025699208082948,0.5647415574021908,1.0,1,0.6020541097972363,51
1345,1,1973,1973,0,0,0,0,0.7986935786046518,0.5905880748100306,0.7986935786046518,0.5905880748100306,1.0,1,0.6013711276453712,50
1346,2,1975,1975,0,0,0,0,0.824865895560704,0.5905880748100306,0.824865895560704,0.5905880748100306,1.0,1,0.5880721804564276,50
1347,1,1976,1976,0,0,0,0,0.8265361029149226,0.5672519854956204,0.8265361029149226,0.5672519854956204,1.0,1,0.5889256047112629,48
1348,0,1976,1976,0,0,0,0,0.8127018765294708,0.5452207762604716,0.8127018765294708,0.5452207762604716,1.0,1,0.5936073253272919,49
1349,2,1978,1978,0,0,0,0,0.8263185399770133,0.5666718176611959,0.8263185399770133,0.5666718176611959,1.0,1,0.5914704699122294,48
1350,1,1979,1979,0,0,0,0,0.8298630595693192,0.5666718176611959,0.8298630595693192,0.5666718176611959,1.0,1,0.6063324060327635,49
1351,0,1979,1979,0,0,0,0,0.8263185399770133,0.5666718176611959,0.8263185399770133,0.5666718176611959,1.0,1,0.6108765194519498,48
1352,3,1982,1982,0,0,0,0,0.8231776767232116,0.5439845347072303,0.8231776767232116,0.5439845347072303,1.0,1,0.6096331793114462,49
1353,0,1982,1982,0,0,0,0,0.8052938081437038,0.5439845347072303,0.8052938081437038,0.5439845347072303,1.0,1,0.6138055542573149,49
1354,0,1982,1982,0,0,0,0,0.8042741185908873,0.5413548090183875,0.8042741185908873,0.5413548090183875,1.0,1,0.614340988569751,49
1355,3,1985,1985,0,0,0,0,0.8081886362190694,0.5413548090183875,0.8081886362190694,0.5413548090183875,1.0,1,0.5809223164542827,50
1356,1,1986,1986,0,0,0,0,0.8081886362190694,0.5413548090183875,0.8081886362190694,0.5413548090183875,1.0,1,0.5939023483621709,50
1357,4,1990,1990,0,0,0,0,0.7680150373241574,0.48938387745732204,0.7680150373241574,0.48938387745732204,1.0,1,0.6312600788250432,50
1358,1,1991,1991,0,0,0,0,0.7725637620825072,0.48938387745732204,0.7725637620825072,0.48938387745732204,1.0,1,0.6322114100259661,51
1359,1,1992,1992,0,0,0,0,0.7597809073389207,0.4611226204253945,0.7597809073389207,0.4611226204253945,1.0,1,0.6382504655875185,53
1360,0,1992,1992,0,0,0,0,0.7467340534311282,0.4611226204253945,0.7467340534311282,0.4611226204253945,1.0,1,0.6387181567036619,54
1361,0,1992,1992,0,0,0,0,0.7467340534311282,0.4611226204253945,0.7467340534311282,0.4611226204253945,1.0,1,0.6387181567036619,54
1362,1,1993,1993,0,0,0,0,0.7340606525793784,0.443234550258416,0.7340606525793784,0.443234550258416,1.0,1,0.6409889291729771,55
1363,0,1993,1993,0,0,0,0,0.7340606525793784,0.443234550258416,0.7340606525793784,0.443234550258416,1.0,1,0.6409889291729771,55
1364,0,1993,1993,0,0,0,0,0.7151939136883406,0.42319683403902064,0.7151939136883406,0.42319683403902064,1.0,1,0.6555198621664561,55
1365,0,1993,1993,0,0,0,0,0.7009800341630499,0.4030376270883422,0.7009800341630499,0.4030376270883422,1.0,1,0.660731172000699,56
1366,2,1995,1995,0,0,0,0,0.7144206083337117,0.4030376270883422,0.7144206083337117,0.4030376270883422,1.0,1,0.6579950557372717,56
1367,0,1995,1995,0,0,0,0,0.7144206083337117,0.4030376270883422,0.7144206083337117,0.4030376270883422,1.0,1,0.6579950557372717,56
1368,0,1995,1995,0,0,0,0,0.7075593770798099,0.3887242492749874,0.7075593770798099,0.3887242492749874,1.0,1,0.6541796120661229,58
1369,1,1996,1996,0,0,0,0,0.7139844394304076,0.40039499241388277,0.7139844394304076,0.40039499241388277,1.0,1,0.6387841477671914,59
1370,0,1996,1996,0,0,0,0,0.7139844394304076,0.40039499241388277,0.7139844394304076,0.40039499241388277,1.0,1,0.6387841477671914,59
1371,2,1998,1998,0,0,0,0,0.698839867535136,0.40039499241388277,0.698839867535136,0.40039499241388277,1.0,1,0.6447636362887664,59
1372,3,2001,2001,0,0,0,0,0.7219587702892684,0.44444603687947926,0.7219587702892684,0.44444603687947926,1.0,1,0.6187945959600542,59
1373,2,2003,2003,0,0,0,0,0.7371611338712881,0.44444603687947926,0.7371611338712881,0.44444603687947926,1.0,1,0.6147226184448392,59
1374,1,2004,2004,0,0,0,0,0.7223047721238234,0.4476647510242077,0.7223047721238234,0.4476647510242077,1.0,1,0.612920123178145,60
1375,1,2005,2005,0,0,0,0,0.7086645336825239,0.429053774978048,0.7086645336825239,0.429053774978048,1.0,1,0.6203162394389153,61
1376,2,2007,2007,0,0,0,0,0.6924512780236682,0.4509970756490096,0.6924512780236682,0.4509970756490096,1.0,1,0.6227026469304531,61
1377,3,2010,2010,0,0,0,0,0.6781098604162503,0.4509970756490096,0.6781098604162503,0.4509970756490096,1.0,1,0.6255799648423729,61
1378,4,2014,2014,0,0,0,0,0.6723898821093197,0.4193399833727011,0.6723898821093197,0.4193399833727011,1.0,1,0.6264794253823313,61
1379,3,2017,2017,0,0,0,0,0.7107452253388333,0.44195072951731573,0.7107452253388333,0.44195072951731573,1.0,1,0.6057084256503279,60
1380,4,2021,2021,0,0,0,0,0.6903727396268263,0.40595172334213303,0.6903727396268263,0.40595172334213303,1.0,1,0.6034721450307374,60
1381,1,2022,2022,0,0,0,0,0.6926561900420589,0.41252032201596506,0.6926561900420589,0.41252032201596506,1.0,1,0.6066670665031396,58
1382,6,2028,2028,0,0,0,0,0.6615878420152087,0.3974457132710971,0.6615878420152087,0.3974457132710971,1.0,1,0.6254506036557353,58
1383,3,2031,2031,0,0,0,0,0.695030485352892,0.4178586543051611,0.695030485352892,0.4178586543051611,1.0,1,0.6021880492186642,57
1384,4,2035,2035,0,0,0,0,0.7102309359202579,0.4230223750435153,0.7102309359202579,0.4230223750435153,1.0,1,0.6229551798645397,54
1385,1,2036,2036,0,0,0,0,0.7052262449206224,0.44014137614954496,0.7052262449206224,0.44014137614954496,1.0,1,0.6263018225939654,52
1386,3,2039,2039,0,0,0,0,0.7400370615786489,0.45573471937451926,0.7400370615786489,0.45573471937451926,1.0,1,0.612419064035423,51
1387,1,2040,2040,0,0,0,0,0.6896395258434529,0.4147707132231128,0.6896395258434529,0.4147707132231128,1.0,1,0.644275842353121,51
1388,3,2043,2043,0,0,0,0,0.7172954742520091,0.4147707132231128,0.7172954742520091,0.4147707132231128,1.0,1,0.6247481996156239,52
1389,0,2043,2043,0,0,0,0,0.6856495471055254,0.39750439246106006,0.6856495471055254,0.39750439246106006,1.0,1,0.6636536252345958,50
1390,1,2044,2044,0,0,0,0,0.7046590159122844,0.39750439246106006,0.7046590159122844,0.39750439246106006,1.0,1,0.6364017227115344,51
1391,0,2044,2044,0,0,0,0,0.7013766115693817,0.4027532231387634,0.7013766115693817,0.4027532231387634,1.0,1,0.6501707981481554,50
1392,2,2046,2046,0,0,0,0,0.7211723079228334,0.4191089748392361,0.7211723079228334,0.4191089748392361,1.0,1,0.6476645333275374,50
1393,2,2048,2048,0,0,0,0,0.7154819468600339,0.4191089748392361,0.7154819468600339,0.4191089748392361,1.0,1,0.6629106308898001,49
1394,2,2050,2050,0,0,0,0,0.6988088182663788,0.40372926517338226,0.6988088182663788,0.40372926517338226,1.0,1,0.6752145352039572,50
1395,1,2051,2051,0,0,0,0,0.6852158641107218,0.40372926517338226,0.6852158641107218,0.40372926517338226,1.0,1,0.6842103981167358,51
1396,0,2051,2051,0,0,0,0,0.6715103129278244,0.38714457045902384,0.6715103129278244,0.38714457045902384,1.0,1,0.6885798522461951,52
1397,1,2052,2052,0,0,0,0,0.6523270758777328,0.38714457045902384,0.6523270758777328,0.38714457045902384,1.0,1,0.6923408993557987,52
1398,0,2052,2052,0,0,0,0,0.6588869423706057,0.38714457045902384,0.6588869423706057,0.38714457045902384,1.0,1,0.6790545953584168,53
1399,2,2054,2054,0,0,0,0,0.6582051579388225,0.38714457045902384,0.6582051579388225,0.38714457045902384,1.0,1,0.66673306117216,54
1400,1,2055,2055,0,0,0,0,0.6761182185469011,0.38714457045902384,0.6761182185469011,0.38714457045902384,1.0,1,0.6626831506867564,54
1401,1,2056,2056,0,0,0,0,0.6535987677007538,0.38714457045902384,0.6535987677007538,0.38714457045902384,1.0,1,0.6721969344308836,54
1402,3,2059,2059,0,0,0,0,0.6222726327763679,0.38714457045902384,0.6222726327763679,0.38714457045902384,1.0,1,0.6827024409279157,53
1403,0,2059,2059,0,0,0,0,0.6150086449451442,0.38714457045902384,0.6150086449451442,0.38714457045902384,1.0,1,0.6924586626364554,52
1404,0,2059,2059,0,0,0,0,0.6060673024634932,0.37803245649452805,0.6060673024634932,0.37803245649452805,1.0,1,0.6948681587842741,53
1405,1,2060,2060,0,0,0,0,0.6229840356224485,0.37803245649452805,0.6229840356224485,0.37803245649452805,1.0,1,0.6901527890892466,52
1406,0,2060,2060,0,0,0,0,0.6300975443842891,0.37803245649452805,0.6300975443842891,0.37803245649452805,1.0,1,0.6832892523302342,53
1407,0,2060,2060,0,0,0,0,0.6200734751785771,0.36770264759386073,0.6200734751785771,0.36770264759386073,1.0,1,0.6862566090490781,54
1408,1,2061,2061,0,0,0,0,0.6340016241845006,0.36770264759386073,0.6340016241845006,0.36770264759386073,1.0,1,0.6977607889707814,53
1409,0,2061,2061,0,0,0,0,0.6280406485149177,0.3529594385920705,0.6280406485149177,0.3529594385920705,1.0,1,0.6860758441375917,55
1410,1,2062,2062,0,0,0,0,0.6440278101278454,0.3529594385920705,0.6440278101278454,0.3529594385920705,1.0,1,0.6860889715089115,54
1411,0,2062,2062,0,0,0,0,0.6440278101278454,0.3529594385920705,0.6440278101278454,0.3529594385920705,1.0,1,0.6860889715089115,54
1412,0,2062,2062,0,0,0,0,0.6373113537151632,0.3529594385920705,0.6373113537151632,0.3529594385920705,1.0,1,0.6921560516585886,53
1413,1,2063,2063,0,0,0,0,0.6343056807721261,0.34175022538982697,0.6343056807721261,0.34175022538982697,1.0,1,0.6924336628691669,54
1414,1,2064,2064,0,0,0,0,0.6222445158643655,0.32978865717871264,0.6222445158643655,0.32978865717871264,1.0,1,0.6923032217357213,55
1415,1,2065,2065,0,0,0,0,0.6189008461418449,0.3211671321901612,0.6189008461418449,0.3211671321901612,1.0,1,0.6797486132734388,57
1416,2,2067,2067,0,0,0,0,0.6004302163883433,0.3066289049091839,0.6004302163883433,0.3066289049091839,1.0,1,0.6898692990104681,59
1417,2,2069,2069,0,0,0,0,0.6103427212566617,0.3151478131177688,0.6103427212566617,0.3151478131177688,1.0,1,0.6770075693887837,58
1418,6,2075,2075,0,0,0,0,0.6381580500204094,0.3346777048762366,0.6381580500204094,0.3346777048762366,1.0,1,0.6440326262346073,57
1419,5,2080,2080,0,0,0,0,0.6115717722544204,0.32025060144523565,0.6115717722544204,0.32025060144523565,1.0,1,0.657166829566461,56
1420,1,2081,2081,0,0,0,0,0.6337351963981445,0.34072335351665994,0.6337351963981445,0.34072335351665994,1.0,1,0.6523480769695079,54
1421,0,2081,2081,0,0,0,0,0.6403945564636327,0.34072335351665994,0.6403945564636327,0.34072335351665994,1.0,1,0.6525526530975153,55
1422,2,2083,2083,0,0,0,0,0.6581795167136222,0.3651905310395841,0.6581795167136222,0.3651905310395841,1.0,1,0.6677219801292641,52
1423,3,2086,2086,0,0,0,0,0.6720333543842228,0.39216114623206894,0.6720333543842228,0.39216114623206894,1.0,1,0.682929589530402,52
1424,3,2089,2089,0,0,0,0,0.6712627220819382,0.39216114623206894,0.6712627220819382,0.39216114623206894,1.0,1,0.7023463555130033,51
1425,1,2090,2090,0,0,0,0,0.683749326831743,0.39182562852258296,0.683749326831743,0.39182562852258296,1.0,1,0.6922390708429508,50
1426,1,2091,2091,0,0,0,0,0.6840193021384112,0.39234481180463726,0.6840193021384112,0.39234481180463726,1.0,1,0.6870928957088667,50
1427,0,2091,2091,0,0,0,0,0.6708534397275119,0.39234481180463726,0.6708534397275119,0.39234481180463726,1.0,1,0.6997751438767019,48
1428,4,2095,2095,0,0,0,0,0.7079996452427597,0.4159992904855194,0.7079996452427597,0.4159992904855194,1.0,1,0.683082556801947,48
1429,0,2095,2095,0,0,0,0,0.6890073183410576,0.40289405121483024,0.6890073183410576,0.40289405121483024,1.0,1,0.6900996971571547,48
1430,3,2098,2098,0,0,0,0,0.7119914214253167,0.42398284285063337,0.7119914214253167,0.42398284285063337,1.0,1,0.651929608336142,48
1431,0,2098,2098,0,0,0,0,0.7119914214253167,0.42398284285063337,0.7119914214253167,0.42398284285063337,1.0,1,0.651929608336142,48
1432,0,2098,2098,0,0,0,0,0.723511764568304,0.42398284285063337,0.723511764568304,0.42398284285063337,1.0,1,0.639848297003795,50
1433,5,2103,2103,0,0,0,0,0.7492985702296423,0.4440968296396416,0.7492985702296423,0.4440968296396416,1.0,1,0.5942775231679511,51
1434,3,2106,2106,0,0,0,0,0.7492985702296423,0.4440968296396416,0.7492985702296423,0.4440968296396416,1.0,1,0.6119138823909015,51
1435,4,2110,2110,0,0,0,0,0.7251510650704706,0.4273980522301469,0.7251510650704706,0.4273980522301469,1.0,1,0.6241971619705433,50
1436,2,2112,2112,0,0,0,0,0.7138622871505442,0.4162790657871102,0.7138622871505442,0.4162790657871102,1.0,1,0.6465042997965238,51
1437,1,2113,2113,0,0,0,0,0.7138622871505442,0.4162790657871102,0.7138622871505442,0.4162790657871102,1.0,1,0.6352237938458604,51
1438,2,2115,2115,0,0,0,0,0.7138622871505442,0.4162790657871102,0.7138622871505442,0.4162790657871102,1.0,1,0.6530337780919769,51
1439,0,2115,2115,0,0,0,0,0.7081395328935551,0.4162790657871102,0.7081395328935551,0.4162790657871102,1.0,1,0.666285610387542,50
1440,1,2116,2116,0,0,0,0,0.6747996037438176,0.3857325848494334,0.6747996037438176,0.3857325848494334,1.0,1,0.6896557382295251,51
1441,0,2116,2116,0,0,0,0,0.6747996037438175,0.3857325848494334,0.6747996037438175,0.3857325848494334,1.0,1,0.6896557382295251,51
1442,1,2117,2117,0,0,0,0,0.6964407291359739,0.4041582518424954,0.6964407291359739,0.4041582518424954,1.0,1,0.6762940892104747,52
1443,2,2119,2119,0,0,0,0,0.6836179200677458,0.3970428938256031,0.6836179200677458,0.3970428938256031,1.0,1,0.6747490371597463,53
1444,1,2120,2120,0,0,0,0,0.682749424837796,0.3970428938256031,0.682749424837796,0.3970428938256031,1.0,1,0.6706442415362334,54
1445,0,2120,2120,0,0,0,0,0.682749424837796,0.3970428938256031,0.682749424837796,0.3970428938256031,1.0,1,0.6706442415362334,54
1446,0,2120,2120,0,0,0,0,0.6652696900417522,0.3844151689066412,0.6652696900417522,0.3844151689066412,1.0,1,0.6804433525229918,54
1447,1,2121,2121,0,0,0,0,0.6693513651722593,0.3844151689066412,0.6693513651722593,0.3844151689066412,1.0,1,0.6717009413089744,55
1448,0,2121,2121,0,0,0,0,0.6693513651722593,0.3844151689066412,0.6693513651722593,0.3844151689066412,1.0,1,0.6717009413089744,55
1449,1,2122,2122,0,0,0,0,0.6531771506330724,0.3844151689066412,0.6531771506330724,0.3844151689066412,1.0,1,0.6760824082628519,55
1450,2,2124,2124,0,0,0,0,0.6492942970208274,0.3696758608508612,0.6492942970208274,0.3696758608508612,1.0,1,0.6643715673227609,57
1451,0,2124,2124,0,0,0,0,0.6492942970208274,0.3696758608508612,0.6492942970208274,0.3696758608508612,1.0,1,0.6643715673227609,57
1452,3,2127,2127,0,0,0,0,0.6551927177116019,0.34486616365204376,0.6551927177116019,0.34486616365204376,1.0,1,0.6629834973303271,57
1453,3,2130,2130,0,0,0,0,0.6421267379765041,0.3419749698277656,0.6421267379765041,0.3419749698277656,1.0,1,0.6693385373096379,57
1454,4,2134,2134,0,0,0,0,0.6182081562630467,0.3289719110077789,0.6182081562630467,0.3289719110077789,1.0,1,0.6717968908626032,58
1455,1,2135,2135,0,0,0,0,0.623718271612994,0.34150697532273944,0.623718271612994,0.34150697532273944,1.0,1,0.6747667999797824,56
1456,5,2140,2140,0,0,0,0,0.6635017772367461,0.38858980804852417,0.6635017772367461,0.38858980804852417,1.0,1,0.658788020086539,55
1457,0,2140,2140,0,0,0,0,0.65393259309015,0.3821527465787769,0.65393259309015,0.3821527465787769,1.0,1,0.6737787821768895,54
1458,3,2143,2143,0,0,0,0,0.7171350880748785,0.42618766328752056,0.7171350880748785,0.42618766328752056,1.0,1,0.6277532677520418,53
1459,2,2145,2145,0,0,0,0,0.7147820150865104,0.4661112668116746,0.7147820150865104,0.4661112668116746,1.0,1,0.6292810849774905,52
1460,4,2149,2149,0,0,0,0,0.7488613025119429,0.48175809866688984,0.7488613025119429,0.48175809866688984,1.0,1,0.6164584106019859,51
1461,1,2150,2150,0,0,0,0,0.7415150820959575,0.48175809866688984,0.7415150820959575,0.48175809866688984,1.0,1,0.6200920274852632,51
1462,4,2154,2154,0,0,0,0,0.7511250564595022,0.48175809866688984,0.7511250564595022,0.48175809866688984,1.0,1,0.6054349752590004,51
1463,5,2159,2159,0,0,0,0,0.7084238731642769,0.423312153375552,0.7084238731642769,0.423312153375552,1.0,1,0.6006224491235631,52
1464,1,2160,2160,0,0,0,0,0.7084238731642771,0.423312153375552,0.7084238731642771,0.423312153375552,1.0,1,0.6095931954328249,52
1465,3,2163,2163,0,0,0,0,0.6973134759332554,0.4062687412536932,0.6973134759332554,0.4062687412536932,1.0,1,0.6002465860009522,51
1466,2,2165,2165,0,0,0,0,0.7267590964799866,0.4307481176666389,0.7267590964799866,0.4307481176666389,1.0,1,0.6034883788214196,50
1467,3,2168,2168,0,0,0,0,0.743221902329598,0.46907013117931895,0.743221902329598,0.46907013117931895,1.0,1,0.6129279087605467,48
1468,4,2172,2172,0,0,0,0,0.7781644628304131,0.492947343612373,0.7781644628304131,0.492947343612373,1.0,1,0.5738134731382756,48
1469,0,2172,2172,0,0,0,0,0.7565251934377418,0.46878224022780046,0.7565251934377418,0.46878224022780046,1.0,1,0.5953323480458305,48
1470,3,2175,2175,0,0,0,0,0.776474676761592,0.48908497545506746,0.776474676761592,0.48908497545506746,1.0,1,0.5727142524917251,48
1471,2,2177,2177,0,0,0,0,0.7848275306900074,0.5158619440525165,0.7848275306900074,0.5158619440525165,1.0,1,0.6002729281150616,45
1472,1,2178,2178,0,0,0,0,0.7848275306900073,0.5158619440525165,0.7848275306900073,0.5158619440525165,1.0,1,0.6093220585308597,45
1473,3,2181,2181,0,0,0,0,0.7813262146525671,0.5158619440525165,0.7813262146525671,0.5158619440525165,1.0,1,0.6059374711596013,46
1474,0,2181,2181,0,0,0,0,0.7604998037149657,0.4932963799009841,0.7604998037149657,0.4932963799009841,1.0,1,0.6253929551651196,46
1475,1,2182,2182,0,0,0,0,0.7604998037149657,0.4932963799009841,0.7604998037149657,0.4932963799009841,1.0,1,0.6310045083433675,46
1476,0,2182,2182,0,0,0,0,0.7464984345510614,0.4755299741332784,0.7464984345510614,0.4755299741332784,1.0,1,0.6345533991458163,47
1477,3,2185,2185,0,0,0,0,0.7456832811387875,0.5026846078926722,0.7456832811387875,0.5026846078926722,1.0,1,0.6267510233714921,47
1478,0,2185,2185,0,0,0,0,0.7218024518906573,0.47427171777654514,0.7218024518906573,0.47427171777654514,1.0,1,0.6457450381704585,47
1479,1,2186,2186,0,0,0,0,0.7437722820270528,0.47427171777654514,0.7437722820270528,0.47427171777654514,1.0,1,0.6388849337117388,48
1480,1,2187,2187,0,0,0,0,0.7139004526167904,0.47427171777654514,0.7139004526167904,0.47427171777654514,1.0,1,0.6508335986657703,47
1481,1,2188,2188,0,0,0,0,0.7319926405887464,0.47427171777654514,0.7319926405887464,0.47427171777654514,1.0,1,0.645644617513988,47
1482,3,2191,2191,0,0,0,0,0.7102202908241146,0.45325146835734403,0.7102202908241146,0.45325146835734403,1.0,1,0.6606024733878628,46
1483,1,2192,2192,0,0,0,0,0.7205636142203603,0.46178870707245995,0.7205636142203603,0.46178870707245995,1.0,1,0.6537346051005297,47
1484,1,2193,2193,0,0,0,0,0.7221887128392883,0.48569742775907265,0.7221887128392883,0.48569742775907265,1.0,1,0.6554064110365165,47
1485,2,2195,2195,0,0,0,0,0.7418105472316032,0.5051223631970665,0.7418105472316032,0.5051223631970665,1.0,1,0.6603539056167425,47
1486,1,2196,2196,0,0,0,0,0.7376043096166731,0.5051279838885768,0.7376043096166731,0.5051279838885768,1.0,1,0.6495717756467951,49
1487,4,2200,2200,0,0,0,0,0.7047493439420047,0.524828861859072,0.7047493439420047,0.524828861859072,1.0,1,0.6647283147508942,49
1488,2,2202,2202,0,0,0,0,0.6927639710506243,0.5342144039615568,0.6927639710506243,0.5342144039615568,1.0,1,0.6589319580243463,51
1489,0,2202,2202,0,0,0,0,0.680553583353342,0.5342144039615568,0.680553583353342,0.5342144039615568,1.0,1,0.6551952718019745,52
1490,2,2204,2204,0,0,0,0,0.6811569731564113,0.471905532207859,0.6811569731564113,0.471905532207859,1.0,1,0.6661525131055286,52
1491,1,2205,2205,0,0,0,0,0.6868646660416216,0.4518449422548133,0.6868646660416216,0.4518449422548133,1.0,1,0.6591214545905522,53
1492,3,2208,2208,0,0,0,0,0.6648888316048989,0.4150698589092178,0.6648888316048989,0.4150698589092178,1.0,1,0.684578236435151,53
1493,2,2210,2210,0,0,0,0,0.7021923490872377,0.5041058949373705,0.7021923490872377,0.5041058949373705,1.0,1,0.6505327325241664,52
1494,4,2214,2214,0,0,0,0,0.715180982901079,0.5415026961375276,0.715180982901079,0.5415026961375276,1.0,1,0.6544288065426453,50
1495,0,2214,2214,0,0,0,0,0.734100441961543,0.56715930925125,0.734100441961543,0.56715930925125,1.0,1,0.6420844812373743,50
1496,1,2215,2215,0,0,0,0,0.7210632577714642,0.49927692886730446,0.7210632577714642,0.49927692886730446,1.0,1,0.6477655302166648,52
1497,1,2216,2216,0,0,0,0,0.7351029932251035,0.5093564586466351,0.7351029932251035,0.5093564586466351,1.0,1,0.6490778638750953,51
1498,3,2219,2219,0,0,0,0,0.7573813420183403,0.5186986627497346,0.7573813420183403,0.5186986627497346,1.0,1,0.6261751547617045,50
1499,2,2221,2221,0,0,0,0,0.7405786452660541,0.5409089415162387,0.7405786452660541,0.5409089415162387,1.0,1,0.6275637515707747,50
1500,3,2224,2224,0,0,0,0,0.7927975013202614,0.5648551795745198,0.7927975013202614,0.5648551795745198,1.0,1,0.6108984605408591,49
1501,1,2225,2225,0,0,0,0,0.8515368389426385,0.6341085960751468,0.8515368389426385,0.6341085960751468,1.0,1,0.5810402152140057,47
1502,4,2229,2229,0,0,0,0,0.8430013383130925,0.590059050039742,0.8430013383130925,0.590059050039742,1.0,1,0.6020922337102518,47
1503,2,2231,2231,0,0,0,0,0.8191894654498904,0.5527318355865711,0.8191894654498904,0.5527318355865711,1.0,1,0.5928323989637652,47
1504,3,2234,2234,0,0,0,0,0.822956351586351,0.5527318355865711,0.822956351586351,0.5527318355865711,1.0,1,0.5561303569045449,48
1505,2,2236,2236,0,0,0,0,0.8206682724874569,0.5563899372058144,0.8206682724874569,0.5563899372058144,1.0,1,0.5826782476453416,47
1506,2,2238,2238,0,0,0,0,0.8206682724874569,0.5563899372058144,0.8206682724874569,0.5563899372058144,1.0,1,0.5562531292842798,47
1507,2,2240,2240,0,0,0,0,0.8126979734868994,0.5563899372058144,0.8126979734868994,0.5563899372058144,1.0,1,0.6011861708754025,45
1508,4,2244,2244,0,0,0,0,0.7876923928190364,0.5223078838428317,0.7876923928190364,0.5223078838428317,1.0,1,0.6339590318739341,45
1509,4,2248,2248,0,0,0,0,0.7780178655423758,0.5223078838428317,0.7780178655423758,0.5223078838428317,1.0,1,0.6501359805451279,44
1510,1,2249,2249,0,0,0,0,0.7565841859374522,0.5223078838428317,0.7565841859374522,0.5223078838428317,1.0,1,0.6798237882500437,42
1511,0,2249,2249,0,0,0,0,0.7611539419214158,0.5223078838428317,0.7611539419214158,0.5223078838428317,1.0,1,0.6864564543212001,40
1512,4,2253,2253,0,0,0,0,0.6833975911739602,0.46315243720801935,0.6833975911739602,0.46315243720801935,1.0,1,0.7383778576241836,39
1513,1,2254,2254,0,0,0,0,0.7068840013217141,0.4803852750703115,0.7068840013217141,0.4803852750703115,1.0,1,0.716896162185521,39
1514,1,2255,2255,0,0,0,0,0.7210612658346737,0.4952537191294095,0.7210612658346737,0.4952537191294095,1.0,1,0.7102180555799104,38
1515,0,2255,2255,0,0,0,0,0.7011654624201539,0.4702478651993637,0.7011654624201539,0.4702478651993637,1.0,1,0.7154924329677496,39
1516,0,2255,2255,0,0,0,0,0.7011654624201539,0.4702478651993637,0.7011654624201539,0.4702478651993637,1.0,1,0.7154924329677496,39
1517,4,2259,2259,0,0,0,0,0.782591387212665,0.5537402158575755,0.782591387212665,0.5537402158575755,1.0,1,0.6689031244153364,39
1518,0,2259,2259,0,0,0,0,0.7825913872126651,0.5537402158575755,0.7825913872126651,0.5537402158575755,1.0,1,0.6689031244153364,39
1519,2,2261,2261,0,0,0,0,0.8382561478584248,0.6289405744987393,0.8382561478584248,0.6289405744987393,1.0,1,0.6297403667145612,39
1520,3,2264,2264,0,0,0,0,0.8577682657306838,0.6533101477185417,0.8577682657306838,0.6533101477185417,1.0,1,0.6279212258841959,39
1521,0,2264,2264,0,0,0,0,0.8613240590874168,0.6533101477185417,0.8613240590874168,0.6533101477185417,1.0,1,0.6217449962978837,40
1522,2,2266,2266,0,0,0,0,0.8974221194400656,0.7148226332506976,0.8974221194400656,0.7148226332506976,1.0,1,0.6140518270383728,40
1523,0,2266,2266,0,0,0,0,0.8709555246044354,0.654653906445933,0.8709555246044354,0.654653906445933,1.0,1,0.6230359253034711,41
1524,1,2267,2267,0,0,0,0,0.8681101399230003,0.7100519580212014,0.8681101399230003,0.7100519580212014,1.0,1,0.6122130608931878,42
1525,1,2268,2268,0,0,0,0,0.8414443439445023,0.683042316599182,0.8414443439445023,0.683042316599182,1.0,1,0.6012161683490158,45
1526,1,2269,2269,0,0,0,0,0.8416856608808867,0.7387799291912218,0.8416856608808867,0.7387799291912218,1.0,1,0.5927305989487116,46
1527,0,2269,2269,0,0,0,0,0.8416856608808867,0.7387799291912218,0.8416856608808867,0.7387799291912218,1.0,1,0.5927305989487116,46
1528,1,2270,2270,0,0,0,0,0.8443352393649394,0.7365276524999791,0.8443352393649394,0.7365276524999791,1.0,1,0.585770218852725,47
1529,0,2270,2270,0,0,0,0,0.8443352393649394,0.7365276524999791,0.8443352393649394,0.7365276524999791,1.0,1,0.585770218852725,47
1530,2,2272,2272,0,0,0,0,0.8459686813434382,0.6961572697954446,0.8459686813434382,0.6961572697954446,1.0,1,0.5877021238328519,48
1531,0,2272,2272,0,0,0,0,0.8730656526989342,0.7750604247335133,0.8730656526989342,0.7750604247335133,1.0,1,0.577808754528539,46
1532,1,2273,2273,0,0,0,0,0.8845045930575904,0.7382112769984406,0.8845045930575904,0.7382112769984406,1.0,1,0.5720380092891052,47
1533,0,2273,2273,0,0,0,0,0.9009550161063281,0.7890801223470056,0.9009550161063281,0.7890801223470056,1.0,1,0.5657905425403881,46
1534,2,2275,2275,0,0,0,0,0.8986520370165849,0.7279458058679444,0.8986520370165849,0.7279458058679444,1.0,1,0.5621728384912172,47
1535,1,2276,2276,0,0,0,0,0.8749017149653375,0.6676450242767605,0.8749017149653375,0.6676450242767605,1.0,1,0.5804106631464347,47
1536,1,2277,2277,0,0,0,0,0.8593992781788046,0.6318543392724274,0.8593992781788046,0.6318543392724274,1.0,1,0.5840992636972109,48
1537,0,2277,2277,0,0,0,0,0.877647670605002,0.6856030417381347,0.877647670605002,0.6856030417381347,1.0,1,0.5853107671222306,46
1538,3,2280,2280,0,0,0,0,0.8683180783252757,0.6358094431854158,0.8683180783252757,0.6358094431854158,1.0,1,0.5824444055425502,47
1539,0,2280,2280,0,0,0,0,0.8433766863020681,0.6358094431854158,0.8433766863020681,0.6358094431854158,1.0,1,0.5907842381716284,47
1540,3,2283,2283,0,0,0,0,0.7979274754311041,0.6358094431854158,0.7979274754311041,0.6358094431854158,1.0,1,0.6138821714655348,47
1541,1,2284,2284,0,0,0,0,0.7979274754311041,0.6358094431854158,0.7979274754311041,0.6358094431854158,1.0,1,0.6130833246718629,47
1542,1,2285,2285,0,0,0,0,0.7544506570120515,0.5936794161975368,0.7544506570120515,0.5936794161975368,1.0,1,0.6278681284571241,50
1543,3,2288,2288,0,0,0,0,0.7386665502364149,0.5690639277547368,0.7386665502364149,0.5690639277547368,1.0,1,0.6393186390498897,47
1544,1,2289,2289,0,0,0,0,0.7441109971064895,0.5690639277547368,0.7441109971064895,0.5690639277547368,1.0,1,0.6206334457288426,48
1545,5,2294,2294,0,0,0,0,0.8005091005802386,0.5211545591923724,0.8005091005802386,0.5211545591923724,1.0,1,0.5820690226666654,47
1546,2,2296,2296,0,0,0,0,0.8058581112585486,0.5211545591923724,0.8058581112585486,0.5211545591923724,1.0,1,0.588767403024133,47
1547,3,2299,2299,0,0,0,0,0.7830426357617075,0.49015019404001264,0.7830426357617075,0.49015019404001264,1.0,1,0.5823898056041976,47
1548,4,2303,2303,0,0,0,0,0.7830426357617074,0.49015019404001264,0.7830426357617074,0.49015019404001264,1.0,1,0.5988134597348396,47
1549,7,2310,2310,0,0,0,0,0.8426762819155761,0.5743005275362644,0.8426762819155761,0.5743005275362644,1.0,1,0.5611350016953736,46
1550,4,2314,2314,0,0,0,0,0.8983168902672279,0.7029070770773469,0.8983168902672279,0.7029070770773469,1.0,1,0.5526603598408734,44
1551,1,2315,2315,0,0,0,0,0.8749673912005809,0.7029070770773469,0.8749673912005809,0.7029070770773469,1.0,1,0.5618799302015779,45
1552,5,2320,2320,0,0,0,0,0.8527833336775128,0.7590898274542854,0.8527833336775128,0.7590898274542854,1.0,1,0.5879004502790036,43
1553,0,2320,2320,0,0,0,0,0.8527833336775128,0.7590898274542854,0.8527833336775128,0.7590898274542854,1.0,1,0.5879004502790036,43
1554,1,2321,2321,0,0,0,0,0.8488796193098471,0.7030014885051661,0.8488796193098471,0.7030014885051661,1.0,1,0.6325346316832137,41
1555,3,2324,2324,0,0,0,0,0.8277289600124337,0.6267018913471537,0.8277289600124337,0.6267018913471537,1.0,1,0.6234938025195759,44
1556,1,2325,2325,0,0,0,0,0.8302932484168752,0.6737174715914604,0.8302932484168752,0.6737174715914604,1.0,1,0.6088244292465487,45
1557,0,2325,2325,0,0,0,0,0.8302932484168752,0.6737174715914604,0.8302932484168752,0.6737174715914604,1.0,1,0.6088244292465487,45
1558,1,2326,2326,0,0,0,0,0.8332903824760962,0.7154672192111452,0.8332903824760962,0.7154672192111452,1.0,1,0.6023047872118409,46
1559,1,2327,2327,0,0,0,0,0.8553004014170081,0.7165243480726455,0.8553004014170081,0.7165243480726455,1.0,1,0.5823041114208161,47
1560,3,2330,2330,0,0,0,0,0.8117101333788901,0.6252058864331624,0.8117101333788901,0.6252058864331624,1.0,1,0.626505505047884,46
1561,0,2330,2330,0,0,0,0,0.8157163007538073,0.6252058864331624,0.8157163007538073,0.6252058864331624,1.0,1,0.6109502578837286,47
1562,1,2331,2331,0,0,0,0,0.8337149118732224,0.6719888940663574,0.8337149118732224,0.6719888940663574,1.0,1,0.5993559460844722,47
1563,0,2331,2331,0,0,0,0,0.8337149118732224,0.6719888940663574,0.8337149118732224,0.6719888940663574,1.0,1,0.5993559460844722,47
1564,1,2332,2332,0,0,0,0,0.8533774411116715,0.7145694489430333,0.8533774411116715,0.7145694489430333,1.0,1,0.5863531074977132,47
1565,1,2333,2333,0,0,0,0,0.829675026237901,0.7245040101599847,0.829675026237901,0.7245040101599847,1.0,1,0.5823737783170323,48
1566,1,2334,2334,0,0,0,0,0.8522180299455275,0.7245040101599847,0.8522180299455275,0.7245040101599847,1.0,1,0.5718571252704401,48
1567,1,2335,2335,0,0,0,0,0.8510455606233768,0.7779476627081954,0.8510455606233768,0.7779476627081954,1.0,1,0.5653489393120472,48
1568,2,2337,2337,0,0,0,0,0.8480857178465198,0.7107964065084129,0.8480857178465198,0.7107964065084129,1.0,1,0.5724079491164249,48
1569,1,2338,2338,0,0,0,0,0.8463729901207351,0.7167608401956489,0.8463729901207351,0.7167608401956489,1.0,1,0.5841641899122718,45
1570,1,2339,2339,0,0,0,0,0.8395281614132173,0.7069244766455475,0.8395281614132173,0.7069244766455475,1.0,1,0.5884579471342242,44
1571,3,2342,2342,0,0,0,0,0.8144158568747432,0.6793808772650541,0.8144158568747432,0.6793808772650541,1.0,1,0.615586439245398,42
1572,1,2343,2343,0,0,0,0,0.8215476460346919,0.7231500851142497,0.8215476460346919,0.7231500851142497,1.0,1,0.6073671758147234,43
1573,2,2345,2345,0,0,0,0,0.7663590684277314,0.6207346374063061,0.7663590684277314,0.6207346374063061,1.0,1,0.6394922716973246,43
1574,3,2348,2348,0,0,0,0,0.8101839687217132,0.6679727183362276,0.8101839687217132,0.6679727183362276,1.0,1,0.6239838491500103,42
1575,3,2351,2351,0,0,0,0,0.7243555638401454,0.5997595104677261,0.7243555638401454,0.5997595104677261,1.0,1,0.6570113221363398,43
1576,4,2355,2355,0,0,0,0,0.7533579307419354,0.5976988458760342,0.7533579307419354,0.5976988458760342,1.0,1,0.6757522871511591,41
1577,0,2355,2355,0,0,0,0,0.772486755409651,0.5976988458760342,0.772486755409651,0.5976988458760342,1.0,1,0.675963689371957,40
1578,2,2357,2357,0,0,0,0,0.8467203899045133,0.6847759468606307,0.8467203899045133,0.6847759468606307,1.0,1,0.6051504592123821,40
1579,2,2359,2359,0,0,0,0,0.8480464831180831,0.6201162077952077,0.8480464831180831,0.6201162077952077,1.0,1,0.6138498933880758,40
1580,3,2362,2362,0,0,0,0,0.9001078704861353,0.7145939156746722,0.9001078704861353,0.7145939156746722,1.0,1,0.5580522325489073,40
1581,2,2364,2364,0,0,0,0,0.9085078305981193,0.7385938017089124,0.9085078305981193,0.7385938017089124,1.0,1,0.5311005560510033,40
1582,3,2367,2367,0,0,0,0,0.904495204843055,0.7271291566944434,0.904495204843055,0.7271291566944434,1.0,1,0.5432325146030812,40
1583,4,2371,2371,0,0,0,0,0.9866270195691014,0.9538024312387137,0.9866270195691014,0.9538024312387137,1.0,1,0.4967269408414793,38
1584,3,2374,2374,0,0,0,0,0.9609184521100007,0.8729849693575024,0.9609184521100007,0.8729849693575024,1.0,1,0.5052672026088062,39
1585,6,2380,2380,0,0,0,0,1.0,1.0,1.0,1.0,1.0,1,0.48670921476122664,38
1586,2,2382,2382,0,0,0,0,1.0,1.0,1.0,1.0,1.0,1,0.505587061405649,38
1587,3,2385,2385,0,0,0,0,1.0,1.0,1.0,1.0,1.0,1,0.49443548460827064,37
1588,2,2387,2387,0,0,0,0,1.0,1.0,1.0,1.0,1.0,1,0.5057022259936528,39
1589,3,2390,2390,0,0,0,0,1.0,1.0,1.0,1.0,1.0,1,0.46294202089206543,37
1590,3,2393,2393,0,0,0,0,1.0,1.0,1.0,1.0,1.0,1,0.4504096649803713,37
1591,2,2395,2395,0,0,0,0,1.0,1.0,1.0,1.0,1.0,1,0.4648112064953134,36
1592,1,2396,2396,0,0,0,0,1.0,1.0,1.0,1.0,1.0,1,0.4655017033114122,34
1593,1,2397,2397,0,0,0,0,1.0,1.0,1.0,1.0,1.0,1,0.514475275917721,33
1594,0,2397,2397,0,0,0,0,1.0,1.0,1.0,1.0,1.0,1,0.5161720915260996,31
1595,2,2399,2399,0,0,0,0,1.0,1.0,1.0,1.0,1.0,1,0.539211349409617,34
1596,0,2399,2399,0,0,0,0,1.0,1.0,1.0,1.0,1.0,1,0.5412208378073524,33
1597,0,2399,2399,0,0,0,0,1.0,1.0,1.0,1.0,1.0,1,0.5412208378073524,33
1598,0,2399,2399,0,0,0,0,1.0,1.0,1.0,1.0,1.0,1,0.5485940275578982,33
1599,3,2402,2402,0,0,0,0,1.0,1.0,1.0,1.0,1.0,1,0.5699455988484626,33
1600,0,2402,2402,0,0,0,0,0.9977170782407062,0.9929436963803647,0.9977170782407062,0.9929436963803647,1.0,1,0.5771273355921495,34
1601,2,2404,2404,0,0,0,0,0.9653930180577309,0.8990629693350488,0.9653930180577309,0.8990629693350488,1.0,1,0.6143264084880522,35
1602,1,2405,2405,0,0,0,0,0.9807720649476528,0.942316194842958,0.9807720649476528,0.942316194842958,1.0,1,0.5939820988044723,36
1603,1,2406,2406,0,0,0,0,0.9267860449029319,0.8817785708988539,0.9267860449029319,0.8817785708988539,1.0,1,0.6056106354375335,38
1604,2,2408,2408,0,0,0,0,0.9260923065803756,0.7993934035753045,0.9260923065803756,0.7993934035753045,1.0,1,0.6129845288066157,38
1605,3,2411,2411,0,0,0,0,0.9330163317685112,0.8181871862288159,0.9330163317685112,0.8181871862288159,1.0,1,0.5940920322952418,38
1606,3,2414,2414,0,0,0,0,0.8556589130670434,0.6688645652714529,0.8556589130670434,0.6688645652714529,1.0,1,0.6457484718323199,39
1607,2,2416,2416,0,0,0,0,0.8822489673752013,0.7095474528588297,0.8822489673752013,0.7095474528588297,1.0,1,0.6500257548195318,37
1608,2,2418,2418,0,0,0,0,0.8796614791179421,0.7111875498830611,0.8796614791179421,0.7111875498830611,1.0,1,0.6592420786464517,36
1609,2,2420,2420,0,0,0,0,0.9711338904341767,0.954123629012505,0.9711338904341767,0.954123629012505,1.0,1,0.6315856590299725,34
1610,2,2422,2422,0,0,0,0,0.9887127151808199,0.9651120287407167,0.9887127151808199,0.9651120287407167,1.0,1,0.6085137322791137,34
1611,1,2423,2423,0,0,0,0,0.9436720036534721,0.8483477021439636,0.9436720036534721,0.8483477021439636,1.0,1,0.6243084181877904,35
1612,2,2425,2425,0,0,0,0,0.937897370656091,0.8830549403854469,0.937897370656091,0.8830549403854469,1.0,1,0.6343367735932695,33
1613,0,2425,2425,0,0,0,0,0.9397239185779708,0.8830549403854469,0.9397239185779708,0.8830549403854469,1.0,1,0.6211241983946039,34
1614,2,2427,2427,0,0,0,0,0.917780927407064,0.8646229582407681,0.917780927407064,0.8646229582407681,1.0,1,0.623665705711577,35
1615,0,2427,2427,0,0,0,0,0.917780927407064,0.8646229582407681,0.917780927407064,0.8646229582407681,1.0,1,0.623665705711577,35
1616,2,2429,2429,0,0,0,0,0.9189948543915432,0.85370594668347,0.9189948543915432,0.85370594668347,1.0,1,0.5954117604499587,37
1617,2,2431,2431,0,0,0,0,0.9216071102854814,0.8552276615469027,0.9216071102854814,0.8552276615469027,1.0,1,0.5867513780202291,38
1618,3,2434,2434,0,0,0,0,0.99487920018626,0.982309964279807,0.99487920018626,0.982309964279807,1.0,1,0.527571932770217,38
1619,1,2435,2435,0,0,0,0,0.99487920018626,0.982309964279807,0.99487920018626,0.982309964279807,1.0,1,0.5145921610944388,38
1620,2,2437,2437,0,0,0,0,1.0,1.0,1.0,1.0,1.0,1,0.474159625953147,39
1621,1,2438,2438,0,0,0,0,1.0,1.0,1.0,1.0,1.0,1,0.48448784305863385,37
1622,3,2441,2441,0,0,0,0,1.0,1.0,1.0,1.0,1.0,1,0.4837265951279474,37
1623,4,2445,2445,0,0,0,0,0.980763311202854,0.9352947740459633,0.980763311202854,0.9352947740459633,1.0,1,0.524125002465392,37
1624,0,2445,2445,0,0,0,0,1.0,1.0,1.0,1.0,1.0,1,0.5055435412034048,37
1625,1,2446,2446,0,0,0,0,1.0,1.0,1.0,1.0,1.0,1,0.513181949429427,35
1626,0,2446,2446,0,0,0,0,1.0,1.0,1.0,1.0,1.0,1,0.513181949429427,35
1627,1,2447,2447,0,0,0,0,1.0,1.0,1.0,1.0,1.0,1,0.49129901205147647,34
1628,2,2449,2449,0,0,0,0,1.0,1.0,1.0,1.0,1.0,1,0.5362955817597942,35
1629,2,2451,2451,0,0,0,0,1.0,1.0,1.0,1.0,1.0,1,0.5302216920754486,34
1630,0,2451,2451,0,0,0,0,1.0,1.0,1.0,1.0,1.0,1,0.5298393020926061,32
1631,1,2452,2452,0,0,0,0,1.0,1.0,1.0,1.0,1.0,1,0.5137649779032523,33
1632,1,2453,2453,0,0,0,0,1.0,1.0,1.0,1.0,1.0,1,0.5017815072669252,32
1633,1,2454,2454,0,0,0,0,1.0,1.0,1.0,1.0,1.0,1,0.5057628453406054,31
1634,1,2455,2455,0,0,0,0,1.0,1.0,1.0,1.0,1.0,1,0.5383324937497278,31
1635,0,2455,2455,0,0,0,0,1.0,1.0,1.0,1.0,1.0,1,0.5330040345105311,31
1636,1,2456,2456,0,0,0,0,1.0,1.0,1.0,1.0,1.0,1,0.5257638756503167,33
1637,0,2456,2456,0,0,0,0,1.0,1.0,1.0,1.0,1.0,1,0.5257638756503167,33
1638,0,2456,2456,0,0,0,0,1.0,1.0,1.0,1.0,1.0,1,0.5232479003188918,36
1639,1,2457,2457,0,0,0,0,1.0,1.0,1.0,1.0,1.0,1,0.538264634206162,36
1640,1,2458,2458,0,0,0,0,0.9998451104179011,0.9994930886404034,0.9998451104179011,0.9994930886404034,1.0,1,0.5608608396071453,36
1641,1,2459,2459,0,0,0,0,0.9804751816442603,0.9381714085401575,0.9804751816442603,0.9381714085401575,1.0,1,0.5640860146366319,38
1642,4,2463,2463,0,0,0,0,0.9178471755614126,0.7828818211265902,0.9178471755614126,0.7828818211265902,1.0,1,0.6087147986650565,37
1643,2,2465,2465,0,0,0,0,0.8848895681807318,0.7326798448235373,0.8848895681807318,0.7326798448235373,1.0,1,0.643754688661347,37
1644,3,2468,2468,0,0,0,0,0.8495545691033994,0.663710213289952,0.8495545691033994,0.663710213289952,1.0,1,0.6678545622888362,38
1645,0,2468,2468,0,0,0,0,0.9050208195253323,0.7720499668607979,0.9050208195253323,0.7720499668607979,1.0,1,0.654124346892717,36
1646,0,2468,2468,0,0,0,0,0.8830860333802946,0.7296364521919311,0.8830860333802946,0.7296364521919311,1.0,1,0.6592051947106965,37
1647,2,2470,2470,0,0,0,0,0.9255429492161901,0.8138573730404755,0.9255429492161901,0.8138573730404755,1.0,1,0.6229110876441506,35
1648,2,2472,2472,0,0,0,0,0.8659962957055171,0.6817412023006032,0.8659962957055171,0.6817412023006032,1.0,1,0.6264634189368038,38
1649,0,2472,2472,0,0,0,0,0.916881296984226,0.7922032424605652,0.916881296984226,0.7922032424605652,1.0,1,0.6223978296055409,35
1650,1,2473,2473,0,0,0,0,0.9144366292484679,0.7922032424605652,0.9144366292484679,0.7922032424605652,1.0,1,0.6281666733262055,34
1651,0,2473,2473,0,0,0,0,0.9483487242580689,0.872858398173708,0.9483487242580689,0.872858398173708,1.0,1,0.6319550523966453,32
1652,0,2473,2473,0,0,0,0,0.9183315113778342,0.8074957053906089,0.9183315113778342,0.8074957053906089,1.0,1,0.639591080750393,33
1653,0,2473,2473,0,0,0,0,0.9183315113778341,0.8074957053906089,0.9183315113778341,0.8074957053906089,1.0,1,0.639591080750393,33
1654,0,2473,2473,0,0,0,0,0.9095611498227765,0.8074957053906089,0.9095611498227765,0.8074957053906089,1.0,1,0.6403759361976399,34
1655,0,2473,2473,0,0,0,0,0.8750889071127941,0.7338648353627942,0.8750889071127941,0.7338648353627942,1.0,1,0.6496272170596873,35
1656,3,2476,2476,0,0,0,0,0.8859420722983404,0.7338648353627942,0.8859420722983404,0.7338648353627942,1.0,1,0.6326520882799308,35
1657,1,2477,2477,0,0,0,0,0.9128775077835923,0.7759707343006661,0.9128775077835923,0.7759707343006661,1.0,1,0.6145729008173932,36
1658,5,2482,2482,0,0,0,0,0.9128775077835923,0.7759707343006661,0.9128775077835923,0.7759707343006661,1.0,1,0.59289613953643,36
1659,0,2482,2482,0,0,0,0,0.9128775077835924,0.7759707343006661,0.9128775077835924,0.7759707343006661,1.0,1,0.59289613953643,36
1660,5,2487,2487,0,0,0,0,0.8946177967648247,0.7330317518042225,0.8946177967648247,0.7330317518042225,1.0,1,0.5745670998299618,38
1661,0,2487,2487,0,0,0,0,0.8946177967648247,0.7330317518042225,0.8946177967648247,0.7330317518042225,1.0,1,0.5745670998299618,38
1662,2,2489,2489,0,0,0,0,0.8601472752973532,0.7330317518042225,0.8601472752973532,0.7330317518042225,1.0,1,0.5909455998772141,39
1663,2,2491,2491,0,0,0,0,0.8619003589013502,0.7283831264347045,0.8619003589013502,0.7283831264347045,1.0,1,0.5906720224141035,40
1664,2,2493,2493,0,0,0,0,0.8594272776924661,0.7632529341980261,0.8594272776924661,0.7632529341980261,1.0,1,0.6137126340555767,39
1665,2,2495,2495,0,0,0,0,0.859851790747304,0.7219611697654221,0.859851790747304,0.7219611697654221,1.0,1,0.6236793806248496,40
1666,3,2498,2498,0,0,0,0,0.9311454648849825,0.822800554032026,0.9311454648849825,0.822800554032026,1.0,1,0.6006502130593651,40
1667,3,2501,2501,0,0,0,0,0.8508655238740573,0.7063166343428059,0.8508655238740573,0.7063166343428059,1.0,1,0.6442419277484753,40
1668,5,2506,2506,0,0,0,0,0.9072436899630807,0.8066260272675593,0.9072436899630807,0.8066260272675593,1.0,1,0.5849259179896203,41
1669,1,2507,2507,0,0,0,0,0.9048584561203598,0.8082524052221658,0.9048584561203598,0.8082524052221658,1.0,1,0.5941701527334654,40
1670,5,2512,2512,0,0,0,0,0.93396272060314,0.7968083710865848,0.93396272060314,0.7968083710865848,1.0,1,0.5637029294514656,40
1671,0,2512,2512,0,0,0,0,0.9213245931458997,0.7968083710865848,0.9213245931458997,0.7968083710865848,1.0,1,0.5670063289674864,41
1672,2,2514,2514,0,0,0,0,0.919357707974547,0.7968083710865848,0.919357707974547,0.7968083710865848,1.0,1,0.5707283103061666,40
1673,2,2516,2516,0,0,0,0,0.892181469649115,0.7413769872470858,0.892181469649115,0.7413769872470858,1.0,1,0.6087000910498236,39
1674,1,2517,2517,0,0,0,0,0.8723097878328613,0.7413769872470858,0.8723097878328613,0.7413769872470858,1.0,1,0.6289944645016976,40
1675,0,2517,2517,0,0,0,0,0.8655892503503803,0.7413769872470858,0.8655892503503803,0.7413769872470858,1.0,1,0.6375705746916468,38
1676,0,2517,2517,0,0,0,0,0.8502014258974219,0.7413769872470858,0.8502014258974219,0.7413769872470858,1.0,1,0.6381038910722027,39
1677,0,2517,2517,0,0,0,0,0.8502014258974219,0.7413769872470858,0.8502014258974219,0.7413769872470858,1.0,1,0.6383318928302605,39
1678,0,2517,2517,0,0,0,0,0.8502014258974219,0.7413769872470858,0.8502014258974219,0.7413769872470858,1.0,1,0.6383318928302605,39
1679,0,2517,2517,0,0,0,0,0.8502014258974216,0.7413769872470858,0.8502014258974216,0.7413769872470858,1.0,1,0.6383318928302605,39
1680,0,2517,2517,0,0,0,0,0.8359680440686262,0.7413769872470858,0.8359680440686262,0.7413769872470858,1.0,1,0.6335839177098894,41
1681,0,2517,2517,0,0,0,0,0.8359680440686262,0.7413769872470858,0.8359680440686262,0.7413769872470858,1.0,1,0.6335839177098894,41
1682,5,2522,2522,0,0,0,0,0.9040323637806721,0.7789636200632364,0.9040323637806721,0.7789636200632364,1.0,1,0.5918677528367535,43
1683,3,2525,2525,0,0,0,0,0.887439883329358,0.767206504214777,0.887439883329358,0.767206504214777,1.0,1,0.6012834063725561,43
1684,2,2527,2527,0,0,0,0,0.8906410353080739,0.7797265656442567,0.8906410353080739,0.7797265656442567,1.0,1,0.6078257617992662,42
1685,1,2528,2528,0,0,0,0,0.9180197143347462,0.8057838948315288,0.9180197143347462,0.8057838948315288,1.0,1,0.6033777964565586,41
1686,2,2530,2530,0,0,0,0,0.9168318446602219,0.7564361165049356,0.9168318446602219,0.7564361165049356,1.0,1,0.5941587663488511,41
1687,2,2532,2532,0,0,0,0,0.8913493109527731,0.7102648292073953,0.8913493109527731,0.7102648292073953,1.0,1,0.5996849579262397,40
1688,3,2535,2535,0,0,0,0,0.9398080307234767,0.8194240921704303,0.9398080307234767,0.8194240921704303,1.0,1,0.5918362047165066,39
1689,2,2537,2537,0,0,0,0,0.883835669303806,0.7057170289029747,0.883835669303806,0.7057170289029747,1.0,1,0.6247785632669045,38
1690,1,2538,2538,0,0,0,0,0.89099253260062,0.7238477492549041,0.89099253260062,0.7238477492549041,1.0,1,0.615645400460057,38
1691,2,2540,2540,0,0,0,0,0.8689942293442807,0.7052370160246317,0.8689942293442807,0.7052370160246317,1.0,1,0.6393736362693839,36
1692,0,2540,2540,0,0,0,0,0.8903905135095788,0.736937232422989,0.8903905135095788,0.736937232422989,1.0,1,0.6107488808451499,36
1693,2,2542,2542,0,0,0,0,0.9237573866566026,0.8093934666415065,0.9237573866566026,0.8093934666415065,1.0,1,0.6234053588966036,35
1694,0,2542,2542,0,0,0,0,0.9688458221729854,0.9143260109757098,0.9688458221729854,0.9143260109757098,1.0,1,0.6106261421573494,33
1695,0,2542,2542,0,0,0,0,0.9347725895401797,0.8294052341820085,0.9347725895401797,0.8294052341820085,1.0,1,0.6208170872768277,34
1696,2,2544,2544,0,0,0,0,0.9530446859913287,0.868461833335972,0.9530446859913287,0.868461833335972,1.0,1,0.6187025518563928,35
1697,1,2545,2545,0,0,0,0,0.9543490002693473,0.868461833335972,0.9543490002693473,0.868461833335972,1.0,1,0.6135259087885047,36
1698,4,2549,2549,0,0,0,0,0.9233092107760279,0.8783271780577145,0.9233092107760279,0.8783271780577145,1.0,1,0.573139169519406,38
1699,2,2551,2551,0,0,0,0,0.9313550611492003,0.8788186560663739,0.9313550611492003,0.8788186560663739,1.0,1,0.5854440306565094,38
1700,2,2553,2553,0,0,0,0,0.945719220933433,0.8371576628002989,0.945719220933433,0.8371576628002989,1.0,1,0.5642789381062759,39
1701,1,2554,2554,0,0,0,0,0.9358596173718574,0.8930096207560049,0.9358596173718574,0.8930096207560049,1.0,1,0.562044619390811,40
1702,3,2557,2557,0,0,0,0,0.9687382742878595,0.8931891038168533,0.9687382742878595,0.8931891038168533,1.0,1,0.5280446236460012,41
1703,2,2559,2559,0,0,0,0,0.9932980007884882,0.9754458394196232,0.9932980007884882,0.9754458394196232,1.0,1,0.5362824007952168,41
1704,2,2561,2561,0,0,0,0,0.9847594537554331,0.9436203459327813,0.9847594537554331,0.9436203459327813,1.0,1,0.5309045243344687,41
1705,1,2562,2562,0,0,0,0,0.9796211894573563,0.9320706315245213,0.9796211894573563,0.9320706315245213,1.0,1,0.5137242238527214,40
1706,2,2564,2564,0,0,0,0,0.9796211894573563,0.9320706315245213,0.9796211894573563,0.9320706315245213,1.0,1,0.5473311861414317,40
1707,2,2566,2566,0,0,0,0,0.9444330685689281,0.8332992057067848,0.9444330685689281,0.8332992057067848,1.0,1,0.5663135623001244,39
1708,3,2569,2569,0,0,0,0,0.9203476009783842,0.7781111741540705,0.9203476009783842,0.7781111741540705,1.0,1,0.5856746187371228,39
1709,1,2570,2570,0,0,0,0,0.9182514852146575,0.7781111741540705,0.9182514852146575,0.7781111741540705,1.0,1,0.5979222070839652,38
1710,2,2572,2572,0,0,0,0,0.9183565475495207,0.7725646681736648,0.9183565475495207,0.7725646681736648,1.0,1,0.6107529498644355,39
1711,1,2573,2573,0,0,0,0,0.9162080356429292,0.7725646681736648,0.9162080356429292,0.7725646681736648,1.0,1,0.6150515870986086,38
1712,1,2574,2574,0,0,0,0,0.9162080356429292,0.7725646681736648,0.9162080356429292,0.7725646681736648,1.0,1,0.6006160668569652,38
1713,0,2574,2574,0,0,0,0,0.9139433879576029,0.7725646681736648,0.9139433879576029,0.7725646681736648,1.0,1,0.6178558254009716,37
1714,1,2575,2575,0,0,0,0,0.9162080356429292,0.7725646681736648,0.9162080356429292,0.7725646681736648,1.0,1,0.5991901724146309,38
1715,0,2575,2575,0,0,0,0,0.8963021986361583,0.7234725296964223,0.8963021986361583,0.7234725296964223,1.0,1,0.5919828204102232,40
1716,0,2575,2575,0,0,0,0,0.8936432806524701,0.7234725296964223,0.8936432806524701,0.7234725296964223,1.0,1,0.6042975389058464,39
1717,2,2577,2577,0,0,0,0,0.8908444196170088,0.7234725296964223,0.8908444196170088,0.7234725296964223,1.0,1,0.6208772277019865,38
1718,0,2577,2577,0,0,0,0,0.8629188030715733,0.6744321572949868,0.8629188030715733,0.6744321572949868,1.0,1,0.6416049827839752,38
1719,2,2579,2579,0,0,0,0,0.838427845165663,0.638838712723247,0.838427845165663,0.638838712723247,1.0,1,0.6464892141627505,38
1720,1,2580,2580,0,0,0,0,0.8084957173485393,0.5867539163836901,0.8084957173485393,0.5867539163836901,1.0,1,0.6377028778120505,41
1721,2,2582,2582,0,0,0,0,0.8204962154352315,0.6110751334430017,0.8204962154352315,0.6110751334430017,1.0,1,0.6336783178233977,39
1722,1,2583,2583,0,0,0,0,0.7981913269330095,0.5751396356484412,0.7981913269330095,0.5751396356484412,1.0,1,0.6343310932240296,40
1723,4,2587,2587,0,0,0,0,0.7813017855697122,0.5626035711394244,0.7813017855697122,0.5626035711394244,1.0,1,0.6438795391483679,38
1724,0,2587,2587,0,0,0,0,0.8315828507377583,0.6334450280762975,0.8315828507377583,0.6334450280762975,1.0,1,0.6305967722582883,37
1725,2,2589,2589,0,0,0,0,0.7770659802452048,0.5541319604904098,0.7770659802452048,0.5541319604904098,1.0,1,0.6628016586591922,38
1726,1,2590,2590,0,0,0,0,0.8244518081376464,0.6179245235937009,0.8244518081376464,0.6179245235937009,1.0,1,0.636333458956821,37
1727,1,2591,2591,0,0,0,0,0.8244518081376464,0.6179245235937009,0.8244518081376464,0.6179245235937009,1.0,1,0.6456374333253959,37
1728,0,2591,2591,0,0,0,0,0.8490107108903603,0.6697109300726631,0.8490107108903603,0.6697109300726631,1.0,1,0.6416790948268051,35
1729,2,2593,2593,0,0,0,0,0.8356153296389552,0.6422215998024318,0.8356153296389552,0.6422215998024318,1.0,1,0.6486464342961408,37
1730,1,2594,2594,0,0,0,0,0.7706040996614176,0.553281667761708,0.7706040996614176,0.553281667761708,1.0,1,0.6818442558053907,37
1731,1,2595,2595,0,0,0,0,0.7706040996614175,0.553281667761708,0.7706040996614175,0.553281667761708,1.0,1,0.6869167263247888,37
1732,0,2595,2595,0,0,0,0,0.7393201704996023,0.5177423154242642,0.7393201704996023,0.5177423154242642,1.0,1,0.7098087312475134,37
1733,4,2599,2599,0,0,0,0,0.8241252560539256,0.6042818261213327,0.8241252560539256,0.6042818261213327,1.0,1,0.6684598592338334,36
1734,1,2600,2600,0,0,0,0,0.8513571756126231,0.6531667430961206,0.8513571756126231,0.6531667430961206,1.0,1,0.6702855695249649,35
1735,4,2604,2604,0,0,0,0,0.8864001724488422,0.8374540097604078,0.8864001724488422,0.8374540097604078,1.0,1,0.6373613351022268,34
1736,0,2604,2604,0,0,0,0,0.8637158658332662,0.7831236297722632,0.8637158658332662,0.7831236297722632,1.0,1,0.64364702920317,35
1737,3,2607,2607,0,0,0,0,0.8674003127225006,0.7922117009485479,0.8674003127225006,0.7922117009485479,1.0,1,0.6477921753097855,36
1738,4,2611,2611,0,0,0,0,0.9042161010030083,0.8038562546089094,0.9042161010030083,0.8038562546089094,1.0,1,0.5979768515161019,37
1739,2,2613,2613,0,0,0,0,0.9067367299239818,0.8038562546089094,0.9067367299239818,0.8038562546089094,1.0,1,0.5771051819740675,38
1740,1,2614,2614,0,0,0,0,0.9468530497452471,0.9096240388359534,0.9468530497452471,0.9096240388359534,1.0,1,0.5465199703803895,37
1741,1,2615,2615,0,0,0,0,0.9410035493211101,0.8392501249208819,0.9410035493211101,0.8392501249208819,1.0,1,0.5442318920245033,38
1742,1,2616,2616,0,0,0,0,0.9156367888710455,0.7709770300630134,0.9156367888710455,0.7709770300630134,1.0,1,0.56225781153038,39
1743,3,2619,2619,0,0,0,0,0.9195324700221398,0.7709770300630134,0.9195324700221398,0.7709770300630134,1.0,1,0.5724080123968216,37
1744,3,2622,2622,0,0,0,0,0.9216500366005045,0.7709770300630134,0.9216500366005045,0.7709770300630134,1.0,1,0.5890906546239179,38
1745,0,2622,2622,0,0,0,0,0.895870745985587,0.7248012572476231,0.895870745985587,0.7248012572476231,1.0,1,0.6113426924436055,37
1746,2,2624,2624,0,0,0,0,0.8986109895122821,0.7248012572476231,0.8986109895122821,0.7248012572476231,1.0,1,0.6020620331255968,38
1747,0,2624,2624,0,0,0,0,0.8986109895122821,0.7248012572476231,0.8986109895122821,0.7248012572476231,1.0,1,0.6099626329549186,38
1748,1,2625,2625,0,0,0,0,0.8986109895122821,0.7248012572476231,0.8986109895122821,0.7248012572476231,1.0,1,0.6047885854820698,38
1749,1,2626,2626,0,0,0,0,0.895870745985587,0.7248012572476231,0.895870745985587,0.7248012572476231,1.0,1,0.6201564740037189,37
1750,1,2627,2627,0,0,0,0,0.8735918434961224,0.6713387930899185,0.8735918434961224,0.6713387930899185,1.0,1,0.6180221448014125,39
1751,0,2627,2627,0,0,0,0,0.8702653130618099,0.6713387930899185,0.8702653130618099,0.6713387930899185,1.0,1,0.6219465702981287,38
1752,2,2629,2629,0,0,0,0,0.8735918434961226,0.6713387930899185,0.8735918434961226,0.6713387930899185,1.0,1,0.6117789928728936,39
1753,1,2630,2630,0,0,0,0,0.9069011362496303,0.7340032464275151,0.9069011362496303,0.7340032464275151,1.0,1,0.5875004434132316,40
1754,2,2632,2632,0,0,0,0,0.9071777996949076,0.7281635562493726,0.9071777996949076,0.7281635562493726,1.0,1,0.5741417949746006,41
1755,0,2632,2632,0,0,0,0,0.9071777996949076,0.7281635562493726,0.9071777996949076,0.7281635562493726,1.0,1,0.5851602390208681,41
1756,3,2635,2635,0,0,0,0,0.8430961265435413,0.612355136166396,0.8430961265435413,0.612355136166396,1.0,1,0.6058629294938843,42
1757,2,2637,2637,0,0,0,0,0.8201392093595973,0.5803248218390603,0.8201392093595973,0.5803248218390603,1.0,1,0.629873792779892,42
1758,3,2640,2640,0,0,0,0,0.8093035329355727,0.6131471431164062,0.8093035329355727,0.6131471431164062,1.0,1,0.6363103280617379,42
1759,0,2640,2640,0,0,0,0,0.8439804076161874,0.6898659297810774,0.8439804076161874,0.6898659297810774,1.0,1,0.6364602767181868,39
1760,5,2645,2645,0,0,0,0,0.7924156807237817,0.7063972714298843,0.7924156807237817,0.7063972714298843,1.0,1,0.6580004103035689,39
1761,2,2647,2647,0,0,0,0,0.8086984451607124,0.7063972714298843,0.8086984451607124,0.7063972714298843,1.0,1,0.6504012390866339,38
1762,3,2650,2650,0,0,0,0,0.8288860565413397,0.6877154463336316,0.8288860565413397,0.6877154463336316,1.0,1,0.654432632432826,37
1763,1,2651,2651,0,0,0,0,0.8293083869198846,0.6431256769978221,0.8293083869198846,0.6431256769978221,1.0,1,0.6606798518070189,37
1764,2,2653,2653,0,0,0,0,0.8146055634027626,0.607400016617615,0.8146055634027626,0.607400016617615,1.0,1,0.6668146590593425,36
1765,2,2655,2655,0,0,0,0,0.8196162238513366,0.607400016617615,0.8196162238513366,0.607400016617615,1.0,1,0.6709007140569762,37
1766,0,2655,2655,0,0,0,0,0.8413891897768098,0.6431256769978221,0.8413891897768098,0.6431256769978221,1.0,1,0.665191628936428,36
1767,1,2656,2656,0,0,0,0,0.8153096317453892,0.6088909848725889,0.8153096317453892,0.6088909848725889,1.0,1,0.6707786036086684,36
1768,0,2656,2656,0,0,0,0,0.8153096317453892,0.6088909848725889,0.8153096317453892,0.6088909848725889,1.0,1,0.6707786036086684,36
1769,1,2657,2657,0,0,0,0,0.8250301774430003,0.6088909848725889,0.8250301774430003,0.6088909848725889,1.0,1,0.6764713686925098,38
1770,2,2659,2659,0,0,0,0,0.7994090113232971,0.5765301350158495,0.7994090113232971,0.5765301350158495,1.0,1,0.6774795090305625,38
1771,0,2659,2659,0,0,0,0,0.7994090113232971,0.5765301350158495,0.7994090113232971,0.5765301350158495,1.0,1,0.6774795090305625,38
1772,0,2659,2659,0,0,0,0,0.7839077748978799,0.5450689997850102,0.7839077748978799,0.5450689997850102,1.0,1,0.6685247639963491,40
1773,1,2660,2660,0,0,0,0,0.8123790879854657,0.5830646399677015,0.8123790879854657,0.5830646399677015,1.0,1,0.6530336234623747,40
1774,1,2661,2661,0,0,0,0,0.8353808307874487,0.6126607783234087,0.8353808307874487,0.6126607783234087,1.0,1,0.645644996696028,40
1775,1,2662,2662,0,0,0,0,0.8598396500073168,0.6644273120586625,0.8598396500073168,0.6644273120586625,1.0,1,0.6352875792730859,41
1776,0,2662,2662,0,0,0,0,0.8663587360534881,0.6644273120586625,0.8663587360534881,0.6644273120586625,1.0,1,0.609597647613212,43
1777,1,2663,2663,0,0,0,0,0.8706002704566029,0.7119722151159439,0.8706002704566029,0.7119722151159439,1.0,1,0.6018712346217118,44
1778,4,2667,2667,0,0,0,0,0.8917134176934084,0.7915237515332667,0.8917134176934084,0.7915237515332667,1.0,1,0.565172757445986,44
1779,2,2669,2669,0,0,0,0,0.9423081266578145,0.8929765454306013,0.9423081266578145,0.8929765454306013,1.0,1,0.5245189813829202,44
1780,1,2670,2670,0,0,0,0,0.9210341511570078,0.8333043082188784,0.9210341511570078,0.8333043082188784,1.0,1,0.5161488730203266,46
1781,2,2672,2672,0,0,0,0,0.9476891461975395,0.8333043082188784,0.9476891461975395,0.8333043082188784,1.0,1,0.4923137130021178,46
1782,4,2676,2676,0,0,0,0,0.9518434668187872,0.8333043082188784,0.9518434668187872,0.8333043082188784,1.0,1,0.4936481410492083,45
1783,1,2677,2677,0,0,0,0,0.9507490001555776,0.8333043082188784,0.9507490001555776,0.8333043082188784,1.0,1,0.4873901605259329,44
1784,4,2681,2681,0,0,0,0,0.9713439088271301,0.8949276656994768,0.9713439088271301,0.8949276656994768,1.0,1,0.48978814686077754,44
1785,2,2683,2683,0,0,0,0,0.9530732915627402,0.8483906342796222,0.9530732915627402,0.8483906342796222,1.0,1,0.5106175090534931,42
1786,3,2686,2686,0,0,0,0,1.0,1.0,1.0,1.0,1.0,1,0.4935079902844756,42
1787,0,2686,2686,0,0,0,0,0.984089715288586,0.9456398605693352,0.984089715288586,0.9456398605693352,1.0,1,0.5190026734071431,41
1788,3,2689,2689,0,0,0,0,0.9655236993891382,0.9132582613813005,0.9655236993891382,0.9132582613813005,1.0,1,0.525999895828316,41
1789,3,2692,2692,0,0,0,0,0.9909115253263187,0.9661247762162782,0.9909115253263187,0.9661247762162782,1.0,1,0.497161702717588,41
1790,3,2695,2695,0,0,0,0,0.9933939402645034,0.975377413713149,0.9933939402645034,0.975377413713149,1.0,1,0.4986200268092987,41
1791,3,2698,2698,0,0,0,0,0.9833136841922634,0.9378055501711636,0.9833136841922634,0.9378055501711636,1.0,1,0.5044241269098653,41
1792,1,2699,2699,0,0,0,0,0.9574906765634857,0.8476749243524906,0.9574906765634857,0.8476749243524906,1.0,1,0.5126595193784249,43
1793,4,2703,2703,0,0,0,0,0.9082937473140879,0.718330795321841,0.9082937473140879,0.718330795321841,1.0,1,0.5613309717619246,43
1794,5,2708,2708,0,0,0,0,0.9242732800091927,0.7611695754136084,0.9242732800091927,0.7611695754136084,1.0,1,0.5828581406386423,41
1795,1,2709,2709,0,0,0,0,0.924273280009193,0.7611695754136084,0.924273280009193,0.7611695754136084,1.0,1,0.5942159438107507,41
1796,2,2711,2711,0,0,0,0,0.8779806525912972,0.7611695754136084,0.8779806525912972,0.7611695754136084,1.0,1,0.6318385631927891,40
1797,2,2713,2713,0,0,0,0,0.8682697746311563,0.7611695754136084,0.8682697746311563,0.7611695754136084,1.0,1,0.6541206983581226,38
1798,1,2714,2714,0,0,0,0,0.8436417191394223,0.7611695754136084,0.8436417191394223,0.7611695754136084,1.0,1,0.6592428578370397,38
1799,1,2715,2715,0,0,0,0,0.839615464116997,0.6957820254935387,0.839615464116997,0.6957820254935387,1.0,1,0.674747618842314,37
1800,1,2716,2716,0,0,0,0,0.8828722603415274,0.7407573157520333,0.8828722603415274,0.7407573157520333,1.0,1,0.6739492502308928,35
1801,0,2716,2716,0,0,0,0,0.9348203541870194,0.8153243368632216,0.9348203541870194,0.8153243368632216,1.0,1,0.6483919841482076,34
1802,1,2717,2717,0,0,0,0,0.9640228328048855,0.8920684984146567,0.9640228328048855,0.8920684984146567,1.0,1,0.6330977508278038,33
1803,0,2717,2717,0,0,0,0,0.9640228328048855,0.8920684984146567,0.9640228328048855,0.8920684984146567,1.0,1,0.6330977508278038,33
1804,3,2720,2720,0,0,0,0,0.9706157225079302,0.9371147487369386,0.9706157225079302,0.9371147487369386,1.0,1,0.6341191505744693,33
1805,0,2720,2720,0,0,0,0,0.93561801958974,0.8432068329017283,0.93561801958974,0.8432068329017283,1.0,1,0.6292313681075181,35
1806,4,2724,2724,0,0,0,0,0.8699896423919644,0.7249072946562676,0.8699896423919644,0.7249072946562676,1.0,1,0.6398416498742605,36
1807,0,2724,2724,0,0,0,0,0.9191911221574388,0.825051659172589,0.9191911221574388,0.825051659172589,1.0,1,0.6128793321360531,35
1808,2,2726,2726,0,0,0,0,0.9062912971201055,0.8403739585700573,0.9062912971201055,0.8403739585700573,1.0,1,0.5917831247033467,37
1809,1,2727,2727,0,0,0,0,0.8917528139732512,0.8403739585700573,0.8917528139732512,0.8403739585700573,1.0,1,0.6219426986319118,35
1810,1,2728,2728,0,0,0,0,0.8947596802517719,0.8403739585700573,0.8947596802517719,0.8403739585700573,1.0,1,0.6234884832082268,36
1811,0,2728,2728,0,0,0,0,0.922271667446716,0.8403739585700573,0.922271667446716,0.8403739585700573,1.0,1,0.6349152403892244,34
1812,2,2730,2730,0,0,0,0,0.883422648452533,0.7590979038512131,0.883422648452533,0.7590979038512131,1.0,1,0.6372069564831202,36
1813,1,2731,2731,0,0,0,0,0.8782102121266965,0.6955255303167411,0.8782102121266965,0.6955255303167411,1.0,1,0.6571532529291609,35
1814,1,2732,2732,0,0,0,0,0.8247464855395342,0.6056795924639519,0.8247464855395342,0.6056795924639519,1.0,1,0.6709583120973869,36
1815,0,2732,2732,0,0,0,0,0.8197392422692352,0.6056795924639519,0.8197392422692352,0.6056795924639519,1.0,1,0.6793722985205514,35
1816,3,2735,2735,0,0,0,0,0.7925400990569829,0.5728766745290824,0.7925400990569829,0.5728766745290824,1.0,1,0.6685819415254651,35
1817,1,2736,2736,0,0,0,0,0.7703422478941282,0.553443259794138,0.7703422478941282,0.553443259794138,1.0,1,0.6725426622408955,35
1818,6,2742,2742,0,0,0,0,0.7821607511776175,0.564321502355235,0.7821607511776175,0.564321502355235,1.0,1,0.6404455018071588,36
1819,1,2743,2743,0,0,0,0,0.7880482984430873,0.564321502355235,0.7880482984430873,0.564321502355235,1.0,1,0.6492596776344582,37
1820,3,2746,2746,0,0,0,0,0.8514268950826025,0.6564246948785183,0.8514268950826025,0.6564246948785183,1.0,1,0.5731621840842539,37
1821,2,2748,2748,0,0,0,0,0.8553367136330603,0.6564246948785183,0.8553367136330603,0.6564246948785183,1.0,1,0.5605424529821088,38
1822,2,2750,2750,0,0,0,0,0.9068209353252291,0.7537410433595346,0.9068209353252291,0.7537410433595346,1.0,1,0.54143922596538,37
1823,3,2753,2753,0,0,0,0,0.9454074790414274,0.8362224371242823,0.9454074790414274,0.8362224371242823,1.0,1,0.5448850467255024,36
1824,3,2756,2756,0,0,0,0,0.9135612775008379,0.7606312300023208,0.9135612775008379,0.7606312300023208,1.0,1,0.5961956174059344,36
1825,2,2758,2758,0,0,0,0,0.969699875353313,0.9063450692738765,0.969699875353313,0.9063450692738765,1.0,1,0.5698643352676072,34
1826,3,2761,2761,0,0,0,0,0.9200721156536974,0.7848095421445698,0.9200721156536974,0.7848095421445698,1.0,1,0.5904958531773111,35
1827,4,2765,2765,0,0,0,0,1.0,1.0,1.0,1.0,1.0,1,0.560896525099668,34
1828,2,2767,2767,0,0,0,0,1.0,1.0,1.0,1.0,1.0,1,0.5385001977258843,33
1829,2,2769,2769,0,0,0,0,1.0,1.0,1.0,1.0,1.0,1,0.5428458090685124,31
1830,2,2771,2771,0,0,0,0,1.0,1.0,1.0,1.0,1.0,1,0.5536816714754798,31
1831,2,2773,2773,0,0,0,0,1.0,1.0,1.0,1.0,1.0,1,0.5787916794325543,30
1832,1,2774,2774,0,0,0,0,1.0,1.0,1.0,1.0,1.0,1,0.5496551091049159,29
1833,1,2775,2775,0,0,0,0,1.0,1.0,1.0,1.0,1.0,1,0.5671619837871034,28
1834,2,2777,2777,0,0,0,0,1.0,1.0,1.0,1.0,1.0,1,0.5426631947053997,27
1835,3,2780,2780,0,0,0,0,1.0,1.0,1.0,1.0,1.0,1,0.5903008545795615,26
1836,2,2782,2782,0,0,0,0,0.9768047469057919,0.939692341955059,0.9768047469057919,0.939692341955059,1.0,1,0.6373040595799331,26
1837,1,2783,2783,0,0,0,0,0.9685377528837598,0.9213443822093995,0.9685377528837598,0.9213443822093995,1.0,1,0.6771041495460791,25
1838,1,2784,2784,0,0,0,0,0.9734257301771979,0.9335643254429948,0.9734257301771979,0.9335643254429948,1.0,1,0.7059232924415143,25
1839,0,2784,2784,0,0,0,0,0.9803053670106023,0.9527328808254457,0.9803053670106023,0.9527328808254457,1.0,1,0.7290520514133496,24
1840,0,2784,2784,0,0,0,0,1.0,1.0,1.0,1.0,1.0,1,0.7204142100392732,23
1841,0,2784,2784,0,0,0,0,1.0,1.0,1.0,1.0,1.0,1,0.7209786891005525,22
1842,1,2785,2785,0,0,0,0,1.0,1.0,1.0,1.0,1.0,1,0.68422794203018,23
1843,4,2789,2789,0,0,0,0,0.9858404613154252,0.9674330610254781,0.9858404613154252,0.9674330610254781,1.0,1,0.6848414391533627,23
1844,0,2789,2789,0,0,0,0,0.9858404613154252,0.9674330610254781,0.9858404613154252,0.9674330610254781,1.0,1,0.6848414391533627,23
1845,2,2791,2791,0,0,0,0,0.9858404613154251,0.9674330610254781,0.9858404613154251,0.9674330610254781,1.0,1,0.6979946720826534,23
1846,0,2791,2791,0,0,0,0,0.9858404613154251,0.9674330610254781,0.9858404613154251,0.9674330610254781,1.0,1,0.6979946720826534,23
1847,0,2791,2791,0,0,0,0,0.9864304420939494,0.9674330610254781,0.9864304420939494,0.9674330610254781,1.0,1,0.6968214770456038,24
1848,0,2791,2791,0,0,0,0,0.9864304420939493,0.9674330610254781,0.9864304420939493,0.9674330610254781,1.0,1,0.6968214770456038,24
1849,0,2791,2791,0,0,0,0,0.9869732244101912,0.9674330610254781,0.9869732244101912,0.9674330610254781,1.0,1,0.6955354736904683,25
1850,1,2792,2792,0,0,0,0,0.9869732244101912,0.9674330610254781,0.9869732244101912,0.9674330610254781,1.0,1,0.6828254967569221,25
1851,0,2792,2792,0,0,0,0,0.9869732244101912,0.9674330610254781,0.9869732244101912,0.9674330610254781,1.0,1,0.6828254967569221,25
1852,0,2792,2792,0,0,0,0,0.9869732244101912,0.9674330610254781,0.9869732244101912,0.9674330610254781,1.0,1,0.6828254967569221,25
1853,0,2792,2792,0,0,0,0,0.960984070104088,0.9113274320547455,0.960984070104088,0.9113274320547455,1.0,1,0.7078473692832916,25
1854,0,2792,2792,0,0,0,0,0.960984070104088,0.9113274320547455,0.960984070104088,0.9113274320547455,1.0,1,0.7078473692832916,25
1855,0,2792,2792,0,0,0,0,0.9264788959743172,0.8407042746110208,0.9264788959743172,0.8407042746110208,1.0,1,0.714529288975344,26
1856,3,2795,2795,0,0,0,0,0.8587023999592523,0.727497485635701,0.8587023999592523,0.727497485635701,1.0,1,0.7072468407748868,27
1857,0,2795,2795,0,0,0,0,0.8637487428178504,0.727497485635701,0.8637487428178504,0.727497485635701,1.0,1,0.6935401538724176,28
1858,3,2798,2798,0,0,0,0,0.8993356644660601,0.7831845080807448,0.8993356644660601,0.7831845080807448,1.0,1,0.640993219721762,28
1859,2,2800,2800,0,0,0,0,0.8593090009746478,0.7186180019492958,0.8593090009746478,0.7186180019492958,1.0,1,0.6516888424011937,28
1860,1,2801,2801,0,0,0,0,0.8944242294623761,0.7726060326881946,0.8944242294623761,0.7726060326881946,1.0,1,0.6429613341214041,28
1861,0,2801,2801,0,0,0,0,0.8944242294623761,0.7726060326881946,0.8944242294623761,0.7726060326881946,1.0,1,0.6429613341214041,28
1862,0,2801,2801,0,0,0,0,0.8944242294623761,0.7726060326881946,0.8944242294623761,0.7726060326881946,1.0,1,0.6429613341214041,28
1863,2,2803,2803,0,0,0,0,0.8709896766770923,0.732764330259691,0.8709896766770923,0.732764330259691,1.0,1,0.70229053521907,29
1864,0,2803,2803,0,0,0,0,0.861433356430951,0.732764330259691,0.861433356430951,0.732764330259691,1.0,1,0.7053679748880469,27
1865,0,2803,2803,0,0,0,0,0.8561038701398337,0.732764330259691,0.8561038701398337,0.732764330259691,1.0,1,0.7109195730248029,26
1866,0,2803,2803,0,0,0,0,0.8561038701398337,0.732764330259691,0.8561038701398337,0.732764330259691,1.0,1,0.7109195730248029,26
1867,0,2803,2803,0,0,0,0,0.8561038701398337,0.732764330259691,0.8561038701398337,0.732764330259691,1.0,1,0.7109195730248029,26
1868,0,2803,2803,0,0,0,0,0.8561038701398337,0.732764330259691,0.8561038701398337,0.732764330259691,1.0,1,0.7109195730248029,26
1869,2,2805,2805,0,0,0,0,0.8561038701398337,0.732764330259691,0.8561038701398337,0.732764330259691,1.0,1,0.7244847806852811,26
1870,0,2805,2805,0,0,0,0,0.8278733741490221,0.6901720734682397,0.8278733741490221,0.6901720734682397,1.0,1,0.7301023048384999,27
1871,4,2809,2809,0,0,0,0,0.8278733741490221,0.6901720734682397,0.8278733741490221,0.6901720734682397,1.0,1,0.7580994585010316,27
1872,0,2809,2809,0,0,0,0,0.8141032440809438,0.6901720734682397,0.8141032440809438,0.6901720734682397,1.0,1,0.7648458614287239,25
1873,0,2809,2809,0,0,0,0,0.8141032440809438,0.6901720734682397,0.8141032440809438,0.6901720734682397,1.0,1,0.7648458614287239,25
1874,0,2809,2809,0,0,0,0,0.7820548984487123,0.6594607788261131,0.7820548984487123,0.6594607788261131,1.0,1,0.7386006339784361,25
1875,0,2809,2809,0,0,0,0,0.7820548984487123,0.6594607788261131,0.7820548984487123,0.6594607788261131,1.0,1,0.7386006339784361,25
1876,0,2809,2809,0,0,0,0,0.7904374023545311,0.6594607788261131,0.7904374023545311,0.6594607788261131,1.0,1,0.7359791716479459,26
1877,0,2809,2809,0,0,0,0,0.798198980045104,0.6594607788261131,0.798198980045104,0.6594607788261131,1.0,1,0.7125775317093546,27
1878,1,2810,2810,0,0,0,0,0.8054061593292074,0.6594607788261131,0.8054061593292074,0.6594607788261131,1.0,1,0.6912434727189332,28
1879,1,2811,2811,0,0,0,0,0.8121162917661313,0.6594607788261131,0.8121162917661313,0.6594607788261131,1.0,1,0.692867445621782,29
1880,0,2811,2811,0,0,0,0,0.8121162917661313,0.6594607788261131,0.8121162917661313,0.6594607788261131,1.0,1,0.692867445621782,29
1881,0,2811,2811,0,0,0,0,0.8121162917661313,0.6594607788261131,0.8121162917661313,0.6594607788261131,1.0,1,0.692867445621782,29
1882,0,2811,2811,0,0,0,0,0.8054061593292074,0.6594607788261131,0.8054061593292074,0.6594607788261131,1.0,1,0.6939263586520136,28
1883,0,2811,2811,0,0,0,0,0.8054061593292074,0.6594607788261131,0.8054061593292074,0.6594607788261131,1.0,1,0.6939263586520136,28
1884,1,2812,2812,0,0,0,0,0.7750989295111752,0.629574707430171,0.7750989295111752,0.629574707430171,1.0,1,0.7000159645418744,28
1885,0,2812,2812,0,0,0,0,0.7750989295111753,0.629574707430171,0.7750989295111753,0.629574707430171,1.0,1,0.7000159645418744,28
1886,0,2812,2812,0,0,0,0,0.7828541388383761,0.629574707430171,0.7828541388383761,0.629574707430171,1.0,1,0.698733731799219,29
1887,0,2812,2812,0,0,0,0,0.7828541388383761,0.629574707430171,0.7828541388383761,0.629574707430171,1.0,1,0.698733731799219,29
1888,0,2812,2812,0,0,0,0,0.7624791531448227,0.5909363193049724,0.7624791531448227,0.5909363193049724,1.0,1,0.7041145011318617,31
1889,0,2812,2812,0,0,0,0,0.7624791531448227,0.5909363193049724,0.7624791531448227,0.5909363193049724,1.0,1,0.7041145011318617,31
1890,1,2813,2813,0,0,0,0,0.7624791531448227,0.5909363193049724,0.7624791531448227,0.5909363193049724,1.0,1,0.7100428812790966,31
1891,0,2813,2813,0,0,0,0,0.7394066669709329,0.5611059654247292,0.7394066669709329,0.5611059654247292,1.0,1,0.715325879960042,32
1892,0,2813,2813,0,0,0,0,0.7394066669709329,0.5611059654247292,0.7394066669709329,0.5611059654247292,1.0,1,0.715325879960042,32
1893,0,2813,2813,0,0,0,0,0.7394066669709329,0.5611059654247292,0.7394066669709329,0.5611059654247292,1.0,1,0.715325879960042,32
1894,1,2814,2814,0,0,0,0,0.7473034346384805,0.5611059654247292,0.7473034346384805,0.5611059654247292,1.0,1,0.7173504706805988,33
1895,1,2815,2815,0,0,0,0,0.7381968943401969,0.5418445650953444,0.7381968943401969,0.5418445650953444,1.0,1,0.7166215272590879,35
1896,0,2815,2815,0,0,0,0,0.7304968029972614,0.5418445650953444,0.7304968029972614,0.5418445650953444,1.0,1,0.7177914992194591,34
1897,0,2815,2815,0,0,0,0,0.7304968029972614,0.5418445650953444,0.7304968029972614,0.5418445650953444,1.0,1,0.7177914992194591,34
1898,0,2815,2815,0,0,0,0,0.7304968029972614,0.5418445650953444,0.7304968029972614,0.5418445650953444,1.0,1,0.7177914992194591,34
1899,0,2815,2815,0,0,0,0,0.7304968029972614,0.5418445650953444,0.7304968029972614,0.5418445650953444,1.0,1,0.7177914992194591,34
1900,0,2815,2815,0,0,0,0,0.7381968943401969,0.5418445650953444,0.7381968943401969,0.5418445650953444,1.0,1,0.7158347128983363,35
1901,0,2815,2815,0,0,0,0,0.7381968943401969,0.5418445650953444,0.7381968943401969,0.5418445650953444,1.0,1,0.7158347128983363,35
1902,1,2816,2816,0,0,0,0,0.7381968943401969,0.5418445650953444,0.7381968943401969,0.5418445650953444,1.0,1,0.7242542858306315,35
1903,0,2816,2816,0,0,0,0,0.7381968943401969,0.5418445650953444,0.7381968943401969,0.5418445650953444,1.0,1,0.7242542858306315,35
1904,0,2816,2816,0,0,0,0,0.7381968943401969,0.5418445650953444,0.7381968943401969,0.5418445650953444,1.0,1,0.7242542858306315,35
1905,0,2816,2816,0,0,0,0,0.752348413565051,0.5418445650953444,0.752348413565051,0.5418445650953444,1.0,1,0.6963035420041572,37
1906,2,2818,2818,0,0,0,0,0.803670885852983,0.5964345986977982,0.803670885852983,0.5964345986977982,1.0,1,0.661640998714946,37
1907,1,2819,2819,0,0,0,0,0.8156250124029742,0.6005208602064442,0.8156250124029742,0.6005208602064442,1.0,1,0.6366627602476916,39
1908,1,2820,2820,0,0,0,0,0.8156250124029742,0.6005208602064442,0.8156250124029742,0.6005208602064442,1.0,1,0.6438302485930966,39
1909,1,2821,2821,0,0,0,0,0.8271107182708701,0.6502735323943983,0.8271107182708701,0.6502735323943983,1.0,1,0.6181926539708358,41
1910,1,2822,2822,0,0,0,0,0.8235124795584338,0.6205415122927365,0.8235124795584338,0.6205415122927365,1.0,1,0.6223755119721576,41
1911,2,2824,2824,0,0,0,0,0.8314623834796009,0.6254719632880023,0.8314623834796009,0.6254719632880023,1.0,1,0.615525361405017,40
1912,2,2826,2826,0,0,0,0,0.7991275541856481,0.5876828743810671,0.7991275541856481,0.5876828743810671,1.0,1,0.6158713711208299,39
1913,3,2829,2829,0,0,0,0,0.8037611230132964,0.5868655221332553,0.8037611230132964,0.5868655221332553,1.0,1,0.5818895920148559,40
1914,2,2831,2831,0,0,0,0,0.779649800553423,0.5482820911345171,0.779649800553423,0.5482820911345171,1.0,1,0.600760169053175,41
1915,2,2833,2833,0,0,0,0,0.7321641862342905,0.4886770828109181,0.7321641862342905,0.4886770828109181,1.0,1,0.6231574617498471,42
1916,2,2835,2835,0,0,0,0,0.7042154719606183,0.45987173140634635,0.7042154719606183,0.45987173140634635,1.0,1,0.6585378986490517,42
1917,3,2838,2838,0,0,0,0,0.6970012151791699,0.45987173140634635,0.6970012151791699,0.45987173140634635,1.0,1,0.6798518737182124,41
1918,1,2839,2839,0,0,0,0,0.7008071798210243,0.483212401509042,0.7008071798210243,0.483212401509042,1.0,1,0.6717712608160036,38
1919,1,2840,2840,0,0,0,0,0.6443807916896007,0.4369362535085345,0.6443807916896007,0.4369362535085345,1.0,1,0.7140122789223879,38
1920,1,2841,2841,0,0,0,0,0.6443807916896007,0.4369362535085345,0.6443807916896007,0.4369362535085345,1.0,1,0.7331941791515802,38
1921,1,2842,2842,0,0,0,0,0.6534992329283289,0.4369362535085345,0.6534992329283289,0.4369362535085345,1.0,1,0.7157836900240732,39
1922,1,2843,2843,0,0,0,0,0.6621617521051207,0.4369362535085345,0.6621617521051207,0.4369362535085345,1.0,1,0.6854171731781089,40
1923,2,2845,2845,0,0,0,0,0.6438495502205067,0.41591326236163095,0.6438495502205067,0.41591326236163095,1.0,1,0.696377760978344,41
1924,2,2847,2847,0,0,0,0,0.6438495502205067,0.41591326236163095,0.6438495502205067,0.41591326236163095,1.0,1,0.7257481894677655,41
1925,0,2847,2847,0,0,0,0,0.6492891970891868,0.42483428322626626,0.6492891970891868,0.42483428322626626,1.0,1,0.7236144819196431,41
1926,0,2847,2847,0,0,0,0,0.6492891970891868,0.42483428322626626,0.6492891970891868,0.42483428322626626,1.0,1,0.7236144819196431,41
1927,0,2847,2847,0,0,0,0,0.6492891970891868,0.42483428322626626,0.6492891970891868,0.42483428322626626,1.0,1,0.7236144819196431,41
1928,1,2848,2848,0,0,0,0,0.657639454301349,0.42483428322626626,0.657639454301349,0.42483428322626626,1.0,1,0.7212075217384558,42
1929,0,2848,2848,0,0,0,0,0.6492891970891868,0.42483428322626626,0.6492891970891868,0.42483428322626626,1.0,1,0.7374683244934385,41
1930,0,2848,2848,0,0,0,0,0.6492891970891868,0.42483428322626626,0.6492891970891868,0.42483428322626626,1.0,1,0.7374683244934385,41
1931,0,2848,2848,0,0,0,0,0.6492891970891868,0.42483428322626626,0.6492891970891868,0.42483428322626626,1.0,1,0.7374683244934385,41
1932,0,2848,2848,0,0,0,0,0.6492891970891868,0.42483428322626626,0.6492891970891868,0.42483428322626626,1.0,1,0.7374683244934385,41
1933,2,2850,2850,0,0,0,0,0.6940121676473621,0.4517718003681903,0.6940121676473621,0.4517718003681903,1.0,1,0.7228791624712765,43
1934,0,2850,2850,0,0,0,0,0.7009664365644674,0.4517718003681903,0.7009664365644674,0.4517718003681903,1.0,1,0.717422785845685,44
1935,1,2851,2851,0,0,0,0,0.7082219444450246,0.4764660710577391,0.7082219444450246,0.4764660710577391,1.0,1,0.6965876704126104,45
1936,0,2851,2851,0,0,0,0,0.7264580729172107,0.4764660710577391,0.7264580729172107,0.4764660710577391,1.0,1,0.6650082578943627,48
1937,1,2852,2852,0,0,0,0,0.7284081525597039,0.49692891512056897,0.7284081525597039,0.49692891512056897,1.0,1,0.660758229716282,48
1938,3,2855,2855,0,0,0,0,0.741224531419823,0.5022677294256299,0.741224531419823,0.5022677294256299,1.0,1,0.6407882314250438,48
1939,2,2857,2857,0,0,0,0,0.7668395201265995,0.530974197482762,0.7668395201265995,0.530974197482762,1.0,1,0.6230878978268627,48
1940,2,2859,2859,0,0,0,0,0.8088736097244685,0.5909511250196084,0.8088736097244685,0.5909511250196084,1.0,1,0.5881870713792618,48
1941,1,2860,2860,0,0,0,0,0.8330165663278866,0.5909511250196084,0.8330165663278866,0.5909511250196084,1.0,1,0.5742062643680963,48
1942,2,2862,2862,0,0,0,0,0.8355207926369639,0.5884913281014239,0.8355207926369639,0.5884913281014239,1.0,1,0.5864119526139634,49
1943,3,2865,2865,0,0,0,0,0.8712618257394813,0.6365039785585356,0.8712618257394813,0.6365039785585356,1.0,1,0.5166469741296015,48
1944,1,2866,2866,0,0,0,0,0.868522715648832,0.6365039785585356,0.868522715648832,0.6365039785585356,1.0,1,0.5138681893526059,47
1945,2,2868,2868,0,0,0,0,0.8873867449623678,0.6762368917668073,0.8873867449623678,0.6762368917668073,1.0,1,0.5151007852681042,46
1946,2,2870,2870,0,0,0,0,0.8873867449623678,0.6762368917668073,0.8873867449623678,0.6762368917668073,1.0,1,0.5340087198062295,46
1947,3,2873,2873,0,0,0,0,0.8697115612186178,0.6536262251289751,0.8697115612186178,0.6536262251289751,1.0,1,0.5858408434837096,45
1948,8,2881,2881,0,0,0,0,0.8004537667080451,0.6206259022359897,0.8004537667080451,0.6206259022359897,1.0,1,0.6201654969644746,46
1949,3,2884,2884,0,0,0,0,0.8045459116820365,0.6714888006611638,0.8045459116820365,0.6714888006611638,1.0,1,0.6443539531607025,42
1950,1,2885,2885,0,0,0,0,0.8009736620365331,0.675975045971683,0.8009736620365331,0.675975045971683,1.0,1,0.6564462245268617,40
1951,1,2886,2886,0,0,0,0,0.8235157441207662,0.675975045971683,0.8235157441207662,0.675975045971683,1.0,1,0.6598028496028431,39
1952,1,2887,2887,0,0,0,0,0.8758380913837017,0.7102888798953041,0.8758380913837017,0.7102888798953041,1.0,1,0.6710726728599555,35
1953,1,2888,2888,0,0,0,0,0.87928703328971,0.7102888798953041,0.87928703328971,0.7102888798953041,1.0,1,0.6594514155158925,36
1954,0,2888,2888,0,0,0,0,0.8360668923064846,0.6516421461512797,0.8360668923064846,0.6516421461512797,1.0,1,0.6921275076302149,34
1955,0,2888,2888,0,0,0,0,0.8395816927824366,0.6516421461512797,0.8395816927824366,0.6516421461512797,1.0,1,0.6913300229841975,35
1956,1,2889,2889,0,0,0,0,0.8210719260636887,0.6516421461512797,0.8210719260636887,0.6516421461512797,1.0,1,0.6789493777271113,37
1957,1,2890,2890,0,0,0,0,0.8218418149695854,0.6151454327324106,0.8218418149695854,0.6151454327324106,1.0,1,0.6844868733424749,37
1958,1,2891,2891,0,0,0,0,0.7744969388736337,0.6151454327324106,0.7744969388736337,0.6151454327324106,1.0,1,0.6805172685316812,39
1959,1,2892,2892,0,0,0,0,0.7373126280119124,0.5837517660896341,0.7373126280119124,0.5837517660896341,1.0,1,0.6790076499512082,41
1960,2,2894,2894,0,0,0,0,0.7862202427449699,0.6169494043349595,0.7862202427449699,0.6169494043349595,1.0,1,0.6603707375293375,40
1961,2,2896,2896,0,0,0,0,0.8495281655461425,0.6681794674058753,0.8495281655461425,0.6681794674058753,1.0,1,0.6299578526375893,41
1962,0,2896,2896,0,0,0,0,0.8672717869623501,0.6681794674058753,0.8672717869623501,0.6681794674058753,1.0,1,0.6290365111141418,40
1963,2,2898,2898,0,0,0,0,0.8655590780326627,0.6554951374586984,0.8655590780326627,0.6554951374586984,1.0,1,0.6277882606397376,41
1964,1,2899,2899,0,0,0,0,0.8621980549834793,0.6554951374586984,0.8621980549834793,0.6554951374586984,1.0,1,0.6423203113146075,40
1965,4,2903,2903,0,0,0,0,0.843732263998197,0.6231189896427104,0.843732263998197,0.6231189896427104,1.0,1,0.62826203460409,41
1966,0,2903,2903,0,0,0,0,0.843732263998197,0.6231189896427104,0.843732263998197,0.6231189896427104,1.0,1,0.62826203460409,41
1967,2,2905,2905,0,0,0,0,0.8246252112967563,0.5907921596924313,0.8246252112967563,0.5907921596924313,1.0,1,0.6186645185595437,42
1968,0,2905,2905,0,0,0,0,0.8246252112967563,0.5907921596924313,0.8246252112967563,0.5907921596924313,1.0,1,0.6121614027286715,42
1969,2,2907,2907,0,0,0,0,0.8021840660232054,0.5523113073156752,0.8021840660232054,0.5523113073156752,1.0,1,0.6260037944411644,43
1970,0,2907,2907,0,0,0,0,0.7974741628332815,0.5523113073156752,0.7974741628332815,0.5523113073156752,1.0,1,0.6453987819588412,42
1971,1,2908,2908,0,0,0,0,0.7974741628332817,0.5523113073156752,0.7974741628332817,0.5523113073156752,1.0,1,0.6348692924884786,42
1972,0,2908,2908,0,0,0,0,0.7974741628332817,0.5523113073156752,0.7974741628332817,0.5523113073156752,1.0,1,0.6348692924884786,42
1973,0,2908,2908,0,0,0,0,0.7820021653400007,0.5313046554810016,0.7820021653400007,0.5313046554810016,1.0,1,0.6393232331251382,43
1974,0,2908,2908,0,0,0,0,0.7820021653400007,0.5313046554810016,0.7820021653400007,0.5313046554810016,1.0,1,0.6415900345726704,43
1975,0,2908,2908,0,0,0,0,0.7820021653400007,0.5313046554810016,0.7820021653400007,0.5313046554810016,1.0,1,0.6415900345726704,43
1976,2,2910,2910,0,0,0,0,0.7746908045196002,0.5313046554810016,0.7746908045196002,0.5313046554810016,1.0,1,0.6647142384743977,43
1977,0,2910,2910,0,0,0,0,0.7499511974958947,0.4687293634127351,0.7499511974958947,0.4687293634127351,1.0,1,0.6504467113447521,48
1978,5,2915,2915,0,0,0,0,0.7556806163862998,0.5140456267371551,0.7556806163862998,0.5140456267371551,1.0,1,0.6404761402346092,48
1979,0,2915,2915,0,0,0,0,0.7606667262559673,0.5140456267371551,0.7606667262559673,0.5140456267371551,1.0,1,0.6372820943631755,49
1980,2,2917,2917,0,0,0,0,0.8007919062445632,0.5417066277145753,0.8007919062445632,0.5417066277145753,1.0,1,0.6091328197912392,50
1981,3,2920,2920,0,0,0,0,0.7852313495968498,0.4886460704686899,0.7852313495968498,0.4886460704686899,1.0,1,0.612836811170072,50
1982,4,2924,2924,0,0,0,0,0.7685865421026178,0.48298842470347275,0.7685865421026178,0.48298842470347275,1.0,1,0.6264131049255416,50
1983,3,2927,2927,0,0,0,0,0.7785937580712878,0.49322619795675704,0.7785937580712878,0.49322619795675704,1.0,1,0.6155253641834063,49
1984,2,2929,2929,0,0,0,0,0.8086630856427436,0.5166225321500888,0.8086630856427436,0.5166225321500888,1.0,1,0.602235537216447,48
1985,3,2932,2932,0,0,0,0,0.8233443159694825,0.5501401143189454,0.8233443159694825,0.5501401143189454,1.0,1,0.5969144106669863,46
1986,2,2934,2934,0,0,0,0,0.8239678708204571,0.5501401143189454,0.8239678708204571,0.5501401143189454,1.0,1,0.5992169129241922,46
1987,1,2935,2935,0,0,0,0,0.8072029061366909,0.5501401143189454,0.8072029061366909,0.5501401143189454,1.0,1,0.6198922370058674,42
1988,1,2936,2936,0,0,0,0,0.8236807277538164,0.5851311241266265,0.8236807277538164,0.5851311241266265,1.0,1,0.6153480384782308,40
1989,3,2939,2939,0,0,0,0,0.8556756192305137,0.634378235383968,0.8556756192305137,0.634378235383968,1.0,1,0.6288592703206277,38
1990,1,2940,2940,0,0,0,0,0.8556756192305137,0.634378235383968,0.8556756192305137,0.634378235383968,1.0,1,0.6308690228737922,38
1991,4,2944,2944,0,0,0,0,0.9346018046498031,0.7929057147243767,0.9346018046498031,0.7929057147243767,1.0,1,0.5895636978360551,38
1992,1,2945,2945,0,0,0,0,0.9116575454603225,0.734972636380968,0.9116575454603225,0.734972636380968,1.0,1,0.5995394555921545,39
1993,5,2950,2950,0,0,0,0,0.9327403635216478,0.7870111511518845,0.9327403635216478,0.7870111511518845,1.0,1,0.6133054259227396,38
1994,3,2953,2953,0,0,0,0,0.900026602139686,0.7154603291667985,0.900026602139686,0.7154603291667985,1.0,1,0.6253501632795021,37
1995,1,2954,2954,0,0,0,0,0.8717365642738991,0.6610180627238762,0.8717365642738991,0.6610180627238762,1.0,1,0.6301724584726228,37
1996,1,2955,2955,0,0,0,0,0.8516576623112266,0.6340889003676923,0.8516576623112266,0.6340889003676923,1.0,1,0.6371687196875683,37
1997,2,2957,2957,0,0,0,0,0.8178358346483859,0.6015158882933441,0.8178358346483859,0.6015158882933441,1.0,1,0.6316277694172682,35
1998,0,2957,2957,0,0,0,0,0.8124780650792208,0.6015158882933441,0.8124780650792208,0.6015158882933441,1.0,1,0.6447589374688688,34
1999,3,2960,2960,0,0,0,0,0.7704181860210555,0.5535909172631636,0.7704181860210555,0.5535909172631636,1.0,1,0.651472690288329,35
2000,0,2960,2960,0,0,0,0,0.7636657797275572,0.5535909172631636,0.7636657797275572,0.5535909172631636,1.0,1,0.6648662206610501,34
2001,0,2960,2960,0,0,0,0,0.7935298577111802,0.5749144129347828,0.7935298577111802,0.5749144129347828,1.0,1,0.6466306356641499,35
2002,0,2960,2960,0,0,0,0,0.7992651394414252,0.5749144129347828,0.7992651394414252,0.5749144129347828,1.0,1,0.6344423922450815,36
2003,2,2962,2962,0,0,0,0,0.7814606719099789,0.5507802700371791,0.7814606719099789,0.5507802700371791,1.0,1,0.6440177477726704,37
2004,1,2963,2963,0,0,0,0,0.7872117068597164,0.5507802700371791,0.7872117068597164,0.5507802700371791,1.0,1,0.6515881617329191,38
2005,1,2964,2964,0,0,0,0,0.7872117068597164,0.5507802700371791,0.7872117068597164,0.5507802700371791,1.0,1,0.6651261544163881,38
2006,0,2964,2964,0,0,0,0,0.7872117068597164,0.5507802700371791,0.7872117068597164,0.5507802700371791,1.0,1,0.6651261544163881,38
2007,1,2965,2965,0,0,0,0,0.7978511215167305,0.5507802700371791,0.7978511215167305,0.5507802700371791,1.0,1,0.6608197857530501,40
2008,1,2966,2966,0,0,0,0,0.7978511215167307,0.5507802700371791,0.7978511215167307,0.5507802700371791,1.0,1,0.6651771966474116,40
2009,2,2968,2968,0,0,0,0,0.7944839895965301,0.5507802700371791,0.7944839895965301,0.5507802700371791,1.0,1,0.6761849953309842,41
2010,0,2968,2968,0,0,0,0,0.7944839895965301,0.5507802700371791,0.7944839895965301,0.5507802700371791,1.0,1,0.6761849953309842,41
2011,1,2969,2969,0,0,0,0,0.802781581967542,0.5507802700371791,0.802781581967542,0.5507802700371791,1.0,1,0.6624297209172435,41
2012,0,2969,2969,0,0,0,0,0.8027815819675421,0.5507802700371791,0.8027815819675421,0.5507802700371791,1.0,1,0.6624297209172435,41
2013,0,2969,2969,0,0,0,0,0.7891033846061718,0.5227076598981784,0.7891033846061718,0.5227076598981784,1.0,1,0.6639020137127596,43
2014,0,2969,2969,0,0,0,0,0.7891033846061718,0.5227076598981784,0.7891033846061718,0.5227076598981784,1.0,1,0.6726905832829784,43
2015,3,2972,2972,0,0,0,0,0.7647427174162168,0.5186847347790484,0.7647427174162168,0.5186847347790484,1.0,1,0.6806137520399201,43
2016,1,2973,2973,0,0,0,0,0.74459279588683,0.5210020401455531,0.74459279588683,0.5210020401455531,1.0,1,0.6798167751782817,44
2017,0,2973,2973,0,0,0,0,0.7502685115337894,0.5210020401455531,0.7502685115337894,0.5210020401455531,1.0,1,0.6685842568578867,45
2018,4,2977,2977,0,0,0,0,0.7341611300863756,0.5489484327682357,0.7341611300863756,0.5489484327682357,1.0,1,0.676701159485327,46
2019,1,2978,2978,0,0,0,0,0.7627466292531743,0.5837611007512441,0.7627466292531743,0.5837611007512441,1.0,1,0.649143624626959,47
2020,3,2981,2981,0,0,0,0,0.7994195446672702,0.6752858017997972,0.7994195446672702,0.6752858017997972,1.0,1,0.6165827964247833,47
2021,2,2983,2983,0,0,0,0,0.8496061824098513,0.6962287714909828,0.8496061824098513,0.6962287714909828,1.0,1,0.5725486982985201,47
2022,4,2987,2987,0,0,0,0,0.9078956447003484,0.735625884014774,0.9078956447003484,0.735625884014774,1.0,1,0.5339812985041626,48
2023,1,2988,2988,0,0,0,0,0.9078956447003484,0.735625884014774,0.9078956447003484,0.735625884014774,1.0,1,0.5208156392893543,48
2024,4,2992,2992,0,0,0,0,0.868716904115543,0.6307662928249647,0.868716904115543,0.6307662928249647,1.0,1,0.5550022099591845,45
2025,2,2994,2994,0,0,0,0,0.8812785160604589,0.667579844969285,0.8812785160604589,0.667579844969285,1.0,1,0.5682509295210516,42
2026,4,2998,2998,0,0,0,0,0.8652803083611981,0.6295208479932947,0.8652803083611981,0.6295208479932947,1.0,1,0.5828854225504587,44
2027,3,3001,3001,0,0,0,0,0.8815792316574121,0.6842112844197656,0.8815792316574121,0.6842112844197656,1.0,1,0.6080830250033408,40
2028,3,3004,3004,0,0,0,0,0.8754434024330305,0.6761528463258791,0.8754434024330305,0.6761528463258791,1.0,1,0.6207979895962938,39
2029,3,3007,3007,0,0,0,0,0.889264098671874,0.7073408322042383,0.889264098671874,0.7073408322042383,1.0,1,0.6271661355157748,37
2030,1,3008,3008,0,0,0,0,0.9052878469357042,0.7522912919856879,0.9052878469357042,0.7522912919856879,1.0,1,0.6124467174755088,34
2031,3,3011,3011,0,0,0,0,0.9107140739434844,0.7596148144632271,0.9107140739434844,0.7596148144632271,1.0,1,0.5915716303387816,35
2032,2,3013,3013,0,0,0,0,0.8494499966765849,0.6587533258002591,0.8494499966765849,0.6587533258002591,1.0,1,0.6217539128814105,34
2033,4,3017,3017,0,0,0,0,0.8064581940658534,0.59014676390416,0.8064581940658534,0.59014676390416,1.0,1,0.6614611178590827,36
2034,0,3017,3017,0,0,0,0,0.79507338195208,0.59014676390416,0.79507338195208,0.59014676390416,1.0,1,0.6790777377040229,34
2035,0,3017,3017,0,0,0,0,0.8009284281820206,0.59014676390416,0.8009284281820206,0.59014676390416,1.0,1,0.6670100172288118,35
2036,1,3018,3018,0,0,0,0,0.7950733819520801,0.59014676390416,0.7950733819520801,0.59014676390416,1.0,1,0.6940059442725522,34
2037,0,3018,3018,0,0,0,0,0.8009284281820206,0.59014676390416,0.8009284281820206,0.59014676390416,1.0,1,0.6891295597537135,35
2038,0,3018,3018,0,0,0,0,0.8064581940658534,0.59014676390416,0.8064581940658534,0.59014676390416,1.0,1,0.6754541657038544,36
2039,1,3019,3019,0,0,0,0,0.8166446049044926,0.59014676390416,0.8166446049044926,0.59014676390416,1.0,1,0.6639796669195953,38
2040,0,3019,3019,0,0,0,0,0.8166446049044926,0.59014676390416,0.8166446049044926,0.59014676390416,1.0,1,0.6639796669195953,38
2041,1,3020,3020,0,0,0,0,0.851422251291778,0.6378417375237087,0.851422251291778,0.6378417375237087,1.0,1,0.6486653773783161,39
2042,1,3021,3021,0,0,0,0,0.851422251291778,0.6378417375237087,0.851422251291778,0.6378417375237087,1.0,1,0.6619513316806369,39
2043,1,3022,3022,0,0,0,0,0.8567351335888583,0.6730222177123698,0.8567351335888583,0.6730222177123698,1.0,1,0.6570229855511799,39
2044,1,3023,3023,0,0,0,0,0.8557036113388622,0.7293716158817303,0.8557036113388622,0.7293716158817303,1.0,1,0.6501197483472723,39
2045,0,3023,3023,0,0,0,0,0.8627424595662347,0.7293716158817303,0.8627424595662347,0.7293716158817303,1.0,1,0.6241047214090899,41
2046,0,3023,3023,0,0,0,0,0.8383415881701485,0.6699405655516555,0.8383415881701485,0.6699405655516555,1.0,1,0.6320822843109365,42
2047,2,3025,3025,0,0,0,0,0.8670249448492358,0.7299371924377879,0.8670249448492358,0.7299371924377879,1.0,1,0.6044039160984335,42
2048,1,3026,3026,0,0,0,0,0.8898811056400829,0.7299371924377879,0.8898811056400829,0.7299371924377879,1.0,1,0.5825587051499522,43
2049,0,3026,3026,0,0,0,0,0.8923838077846266,0.7299371924377879,0.8923838077846266,0.7299371924377879,1.0,1,0.5804184650544327,44
2050,0,3026,3026,0,0,0,0,0.8923838077846266,0.7299371924377879,0.8923838077846266,0.7299371924377879,1.0,1,0.5942039270857279,44
2051,0,3026,3026,0,0,0,0,0.8468052885466948,0.6739348748871138,0.8468052885466948,0.6739348748871138,1.0,1,0.6096419663152207,45
2052,0,3026,3026,0,0,0,0,0.8468052885466948,0.6739348748871138,0.8468052885466948,0.6739348748871138,1.0,1,0.6096419663152207,45
2053,1,3027,3027,0,0,0,0,0.8680104696934828,0.6739348748871138,0.8680104696934828,0.6739348748871138,1.0,1,0.59702434557732,45
2054,0,3027,3027,0,0,0,0,0.8708798073088417,0.6739348748871138,0.8708798073088417,0.6739348748871138,1.0,1,0.5893858554494297,46
2055,0,3027,3027,0,0,0,0,0.8708798073088417,0.6739348748871138,0.8708798073088417,0.6739348748871138,1.0,1,0.5893858554494297,46
2056,0,3027,3027,0,0,0,0,0.8708798073088417,0.6739348748871138,0.8708798073088417,0.6739348748871138,1.0,1,0.5918789927687027,46
2057,5,3032,3032,0,0,0,0,0.7992949851604797,0.6352530369065844,0.7992949851604797,0.6352530369065844,1.0,1,0.6156267443178667,47
2058,5,3037,3037,0,0,0,0,0.7750500665621664,0.6520752074651838,0.7750500665621664,0.6520752074651838,1.0,1,0.6154647701145083,47
2059,4,3041,3041,0,0,0,0,0.7416624087870752,0.55777154323527,0.7416624087870752,0.55777154323527,1.0,1,0.6327205163095899,48
2060,3,3044,3044,0,0,0,0,0.7574693536986166,0.5298452740656379,0.7574693536986166,0.5298452740656379,1.0,1,0.5983640811626336,50
2061,2,3046,3046,0,0,0,0,0.800827932324767,0.5298452740656379,0.800827932324767,0.5298452740656379,1.0,1,0.5824904074767496,51
2062,3,3049,3049,0,0,0,0,0.8314570445675354,0.5960836086903316,0.8314570445675354,0.5960836086903316,1.0,1,0.567219069202674,49
2063,4,3053,3053,0,0,0,0,0.8433700028109308,0.5960836086903316,0.8433700028109308,0.5960836086903316,1.0,1,0.5646137963741654,48
2064,1,3054,3054,0,0,0,0,0.8268026278341621,0.5670065695854051,0.8268026278341621,0.5670065695854051,1.0,1,0.5917479605594644,45
2065,2,3056,3056,0,0,0,0,0.8186553288423795,0.5670065695854051,0.8186553288423795,0.5670065695854051,1.0,1,0.601340330183986,44
2066,1,3057,3057,0,0,0,0,0.8144313869651737,0.5670065695854051,0.8144313869651737,0.5670065695854051,1.0,1,0.5868204124876232,42
2067,1,3058,3058,0,0,0,0,0.8099053232326169,0.5670065695854051,0.8099053232326169,0.5670065695854051,1.0,1,0.5953429341991989,41
2068,3,3061,3061,0,0,0,0,0.8518927377604879,0.6297318444012197,0.8518927377604879,0.6297318444012197,1.0,1,0.5795832050987606,40
2069,2,3063,3063,0,0,0,0,0.9022584852098048,0.7207385291708708,0.9022584852098048,0.7207385291708708,1.0,1,0.5643489477286721,40
2070,2,3065,3065,0,0,0,0,0.8978282219924626,0.7183580712897584,0.8978282219924626,0.7183580712897584,1.0,1,0.5867909200230749,40
2071,3,3068,3068,0,0,0,0,0.896044027851552,0.7736030809840326,0.896044027851552,0.7736030809840326,1.0,1,0.6009985390274248,40
2072,0,3068,3068,0,0,0,0,0.8985795393673678,0.7736030809840326,0.8985795393673678,0.7736030809840326,1.0,1,0.5995251241114793,41
2073,0,3068,3068,0,0,0,0,0.8985795393673678,0.7736030809840326,0.8985795393673678,0.7736030809840326,1.0,1,0.5995251241114793,41
2074,2,3070,3070,0,0,0,0,0.9166805376856341,0.8337667724649306,0.9166805376856341,0.8337667724649306,1.0,1,0.5818812044668504,41
2075,0,3070,3070,0,0,0,0,0.9166805376856341,0.8337667724649306,0.9166805376856341,0.8337667724649306,1.0,1,0.5818812044668504,41
2076,2,3072,3072,0,0,0,0,0.9389872823565676,0.8799220298356728,0.9389872823565676,0.8799220298356728,1.0,1,0.5606080479206937,41
2077,1,3073,3073,0,0,0,0,0.9636597282702454,0.9035831107810179,0.9636597282702454,0.9035831107810179,1.0,1,0.5522530043812528,40
2078,0,3073,3073,0,0,0,0,0.9636597282702454,0.9035831107810179,0.9636597282702454,0.9035831107810179,1.0,1,0.5522530043812528,40
2079,0,3073,3073,0,0,0,0,0.9627279264310209,0.9035831107810179,0.9627279264310209,0.9035831107810179,1.0,1,0.565311683280001,39
2080,1,3074,3074,0,0,0,0,0.9720898478576631,0.9035831107810179,0.9720898478576631,0.9035831107810179,1.0,1,0.563707016254204,38
2081,2,3076,3076,0,0,0,0,0.9560355979143165,0.8534519930477212,0.9560355979143165,0.8534519930477212,1.0,1,0.5338861361726008,40
2082,1,3077,3077,0,0,0,0,0.9571079004042111,0.8534519930477212,0.9571079004042111,0.8534519930477212,1.0,1,0.5288585773248606,41
2083,1,3078,3078,0,0,0,0,0.9292808164257351,0.7824025120791851,0.9292808164257351,0.7824025120791851,1.0,1,0.5579259737118231,40
2084,2,3080,3080,0,0,0,0,0.8559520344716783,0.6218740904881559,0.8559520344716783,0.6218740904881559,1.0,1,0.6021026733691907,42
2085,1,3081,3081,0,0,0,0,0.8333215097947326,0.5882060830222804,0.8333215097947326,0.5882060830222804,1.0,1,0.6170578572719404,42
2086,1,3082,3082,0,0,0,0,0.8303908871155206,0.5882060830222804,0.8303908871155206,0.5882060830222804,1.0,1,0.6162117514987987,43
2087,1,3083,3083,0,0,0,0,0.8125498903696884,0.5476355740026311,0.8125498903696884,0.5476355740026311,1.0,1,0.6285351028462871,45
2088,1,3084,3084,0,0,0,0,0.803586691499491,0.5244730425777154,0.803586691499491,0.5244730425777154,1.0,1,0.6274327676260266,46
2089,0,3084,3084,0,0,0,0,0.8077656980633318,0.5244730425777154,0.8077656980633318,0.5244730425777154,1.0,1,0.6188189712716401,47
2090,1,3085,3085,0,0,0,0,0.77523170162172,0.47554063711734657,0.77523170162172,0.47554063711734657,1.0,1,0.6393299049106006,49
2091,1,3086,3086,0,0,0,0,0.7944005450181464,0.4968902770414041,0.7944005450181464,0.4968902770414041,1.0,1,0.6313657690101234,49
2092,2,3088,3088,0,0,0,0,0.7638346117196336,0.5307144778030249,0.7638346117196336,0.5307144778030249,1.0,1,0.6372383433412813,49
2093,2,3090,3090,0,0,0,0,0.742037455971808,0.5596775324496732,0.742037455971808,0.5596775324496732,1.0,1,0.6423797772031382,49
2094,0,3090,3090,0,0,0,0,0.742037455971808,0.5596775324496732,0.742037455971808,0.5596775324496732,1.0,1,0.6423797772031382,49
2095,1,3091,3091,0,0,0,0,0.7416102179116123,0.5977639542017509,0.7416102179116123,0.5977639542017509,1.0,1,0.6275180774484638,49
2096,0,3091,3091,0,0,0,0,0.7517431505425295,0.5977639542017509,0.7517431505425295,0.5977639542017509,1.0,1,0.6178262356002927,51
2097,3,3094,3094,0,0,0,0,0.7709655230921879,0.586023558462229,0.7709655230921879,0.586023558462229,1.0,1,0.6071303306044632,51
2098,5,3099,3099,0,0,0,0,0.8454345545479293,0.7106545552801417,0.8454345545479293,0.7106545552801417,1.0,1,0.5385829576028007,52
2099,2,3101,3101,0,0,0,0,0.8850529685391084,0.7268019759633746,0.8850529685391084,0.7268019759633746,1.0,1,0.5205731353594831,51
2100,3,3104,3104,0,0,0,0,0.9221249100462462,0.7268019759633746,0.9221249100462462,0.7268019759633746,1.0,1,0.5083411102513601,51
2101,3,3107,3107,0,0,0,0,0.9375919131785221,0.8231868737750279,0.9375919131785221,0.8231868737750279,1.0,1,0.4991551152868657,48
2102,4,3111,3111,0,0,0,0,0.8972449821291071,0.789430709600834,0.8972449821291071,0.789430709600834,1.0,1,0.5160505355142749,49
2103,5,3116,3116,0,0,0,0,0.8736813475227502,0.6433355694760008,0.8736813475227502,0.6433355694760008,1.0,1,0.5597875213396913,48
2104,1,3117,3117,0,0,0,0,0.9078915128733928,0.7359556702370591,0.9078915128733928,0.7359556702370591,1.0,1,0.5651712615193425,43
2105,1,3118,3118,0,0,0,0,0.8726297002024456,0.6656529630314199,0.8726297002024456,0.6656529630314199,1.0,1,0.6006087507109606,42
2106,1,3119,3119,0,0,0,0,0.8859099863296038,0.6957599635456103,0.8859099863296038,0.6957599635456103,1.0,1,0.5695388249645987,40
2107,2,3121,3121,0,0,0,0,0.9400324649371745,0.8200973948115236,0.9400324649371745,0.8200973948115236,1.0,1,0.5425574638916888,39
2108,2,3123,3123,0,0,0,0,0.9355492686255825,0.8116055544440107,0.9355492686255825,0.8116055544440107,1.0,1,0.5394086130333156,38
2109,0,3123,3123,0,0,0,0,0.963369270782569,0.8870552515795872,0.963369270782569,0.8870552515795872,1.0,1,0.528970191146107,37
2110,1,3124,3124,0,0,0,0,0.9398442448043545,0.8241601001973439,0.9398442448043545,0.8241601001973439,1.0,1,0.53739099065668,38
2111,1,3125,3125,0,0,0,0,0.9346441626931157,0.8139872322804061,0.9346441626931157,0.8139872322804061,1.0,1,0.5560237969798365,37
2112,2,3127,3127,0,0,0,0,0.9039125021540124,0.7529178626817464,0.9039125021540124,0.7529178626817464,1.0,1,0.5939809665440889,36
2113,1,3128,3128,0,0,0,0,0.8688077071347065,0.6851384971232957,0.8688077071347065,0.6851384971232957,1.0,1,0.63487291440553,36
2114,0,3128,3128,0,0,0,0,0.9017751911758375,0.7474219201664394,0.9017751911758375,0.7474219201664394,1.0,1,0.6267460822342292,36
2115,1,3129,3129,0,0,0,0,0.9252629804925895,0.7987849474800486,0.9252629804925895,0.7987849474800486,1.0,1,0.6105457327109074,35
2116,1,3130,3130,0,0,0,0,0.9033277675268592,0.7445090998924133,0.9033277675268592,0.7445090998924133,1.0,1,0.6069176996760918,37
2117,1,3131,3131,0,0,0,0,0.9379231907940513,0.818544711551842,0.9379231907940513,0.818544711551842,1.0,1,0.5736851620017501,38
2118,0,3131,3131,0,0,0,0,0.9362314911451953,0.818544711551842,0.9362314911451953,0.818544711551842,1.0,1,0.5716766340130007,40
2119,1,3132,3132,0,0,0,0,0.9362314911451953,0.818544711551842,0.9362314911451953,0.818544711551842,1.0,1,0.5722590396586136,40
2120,0,3132,3132,0,0,0,0,0.9136744769896187,0.7608910829243214,0.9136744769896187,0.7608910829243214,1.0,1,0.579952934803739,41
2121,1,3133,3133,0,0,0,0,0.9136744769896187,0.7608910829243214,0.9136744769896187,0.7608910829243214,1.0,1,0.5716480104734236,41
2122,1,3134,3134,0,0,0,0,0.8625847796055675,0.7134137843480644,0.8625847796055675,0.7134137843480644,1.0,1,0.5966410050265554,42
2123,1,3135,3135,0,0,0,0,0.8657804824054379,0.7134137843480644,0.8657804824054379,0.7134137843480644,1.0,1,0.6043252338923297,43
2124,0,3135,3135,0,0,0,0,0.8904728088013374,0.7134137843480644,0.8904728088013374,0.7134137843480644,1.0,1,0.6056774653970103,41
2125,0,3135,3135,0,0,0,0,0.8904728088013374,0.7134137843480644,0.8904728088013374,0.7134137843480644,1.0,1,0.6056774653970103,41
2126,0,3135,3135,0,0,0,0,0.8877346290213708,0.7134137843480644,0.8877346290213708,0.7134137843480644,1.0,1,0.609833145844837,40
2127,0,3135,3135,0,0,0,0,0.8877346290213708,0.7134137843480644,0.8877346290213708,0.7134137843480644,1.0,1,0.609833145844837,40
2128,0,3135,3135,0,0,0,0,0.8591570830451198,0.7134137843480644,0.8591570830451198,0.7134137843480644,1.0,1,0.6115037586262676,41
2129,0,3135,3135,0,0,0,0,0.8625104858297599,0.7134137843480644,0.8625104858297599,0.7134137843480644,1.0,1,0.6079713420511335,42
2130,0,3135,3135,0,0,0,0,0.8302463658706808,0.6795812396860174,0.8302463658706808,0.6795812396860174,1.0,1,0.6065893641698222,45
2131,0,3135,3135,0,0,0,0,0.8302463658706807,0.6795812396860174,0.8302463658706807,0.6795812396860174,1.0,1,0.6065893641698222,45
2132,2,3137,3137,0,0,0,0,0.8655746487746746,0.7691615213028101,0.8655746487746746,0.7691615213028101,1.0,1,0.5622151668384625,46
2133,4,3141,3141,0,0,0,0,0.8647593828841194,0.6864448858395359,0.8647593828841194,0.6864448858395359,1.0,1,0.5810936532273929,46
2134,1,3142,3142,0,0,0,0,0.8743839709404564,0.6864448858395359,0.8743839709404564,0.6864448858395359,1.0,1,0.5768071505757076,47
2135,2,3144,3144,0,0,0,0,0.8865864480696193,0.6864448858395359,0.8865864480696193,0.6864448858395359,1.0,1,0.5719703639426496,47
2136,3,3147,3147,0,0,0,0,0.8378857249788184,0.5989804775791825,0.8378857249788184,0.5989804775791825,1.0,1,0.5871327999057651,47
2137,6,3153,3153,0,0,0,0,0.8966243376632788,0.6961002394331143,0.8966243376632788,0.6961002394331143,1.0,1,0.5490173928415191,49
2138,1,3154,3154,0,0,0,0,0.8802204556327696,0.6961002394331143,0.8802204556327696,0.6961002394331143,1.0,1,0.5562335449148782,49
2139,1,3155,3155,0,0,0,0,0.9014024547315727,0.8170919888920458,0.9014024547315727,0.8170919888920458,1.0,1,0.5498792879221219,47
2140,2,3157,3157,0,0,0,0,0.8976488488974838,0.7971798013702818,0.8976488488974838,0.7971798013702818,1.0,1,0.5456823432337594,48
2141,2,3159,3159,0,0,0,0,0.9107537270779645,0.7932373098667989,0.9107537270779645,0.7932373098667989,1.0,1,0.5514043566571573,47
2142,1,3160,3160,0,0,0,0,0.9280132864952945,0.8397324331345914,0.9280132864952945,0.8397324331345914,1.0,1,0.5370809006580382,47
2143,2,3162,3162,0,0,0,0,0.8978019683104773,0.7624629761115239,0.8978019683104773,0.7624629761115239,1.0,1,0.5389326493487131,48
2144,1,3163,3163,0,0,0,0,0.8980973066065497,0.7041325477620326,0.8980973066065497,0.7041325477620326,1.0,1,0.5435362697362227,48
2145,3,3166,3166,0,0,0,0,0.8730482943386925,0.7343985870008093,0.8730482943386925,0.7343985870008093,1.0,1,0.5602852855430898,46
2146,2,3168,3168,0,0,0,0,0.8317290684256349,0.6382890559022698,0.8317290684256349,0.6382890559022698,1.0,1,0.587140809942038,47
2147,4,3172,3172,0,0,0,0,0.7893566428049311,0.6302177788223536,0.7893566428049311,0.6302177788223536,1.0,1,0.6035844347900451,48
2148,2,3174,3174,0,0,0,0,0.8419246419672909,0.6302177788223536,0.8419246419672909,0.6302177788223536,1.0,1,0.583963508484761,46
2149,3,3177,3177,0,0,0,0,0.8402051819846359,0.670511399204307,0.8402051819846359,0.670511399204307,1.0,1,0.5790900572662527,46
2150,1,3178,3178,0,0,0,0,0.8578646841217925,0.642237714318339,0.8578646841217925,0.642237714318339,1.0,1,0.5767025757311797,46
2151,3,3181,3181,0,0,0,0,0.9214626892787259,0.7531684520188532,0.9214626892787259,0.7531684520188532,1.0,1,0.5229872532847626,44
2152,0,3181,3181,0,0,0,0,0.9232079628503099,0.7531684520188532,0.9232079628503099,0.7531684520188532,1.0,1,0.525448311488228,45
2153,2,3183,3183,0,0,0,0,0.9383377625204367,0.8102199090910668,0.9383377625204367,0.8102199090910668,1.0,1,0.5141663929156934,48
2154,3,3186,3186,0,0,0,0,0.9709492454203477,0.945104382129436,0.9709492454203477,0.945104382129436,1.0,1,0.4898415687716877,47
2155,1,3187,3187,0,0,0,0,0.9282167009278567,0.8676167737874354,0.9282167009278567,0.8676167737874354,1.0,1,0.5069609413200005,48
2156,2,3189,3189,0,0,0,0,0.9311194889860787,0.8461270707257861,0.9311194889860787,0.8461270707257861,1.0,1,0.5384956742445614,45
2157,0,3189,3189,0,0,0,0,0.9534069958390107,0.8955710129720087,0.9534069958390107,0.8955710129720087,1.0,1,0.5414829770481124,43
2158,1,3190,3190,0,0,0,0,0.9473785377543076,0.8955710129720087,0.9473785377543076,0.8955710129720087,1.0,1,0.5429849081691026,43
2159,2,3192,3192,0,0,0,0,0.9124962450608534,0.8540894080944479,0.9124962450608534,0.8540894080944479,1.0,1,0.5702280865627508,43
2160,2,3194,3194,0,0,0,0,0.8809892719165466,0.7409791423510221,0.8809892719165466,0.7409791423510221,1.0,1,0.5964849692063666,41
2161,1,3195,3195,0,0,0,0,0.9102058409575958,0.7409791423510221,0.9102058409575958,0.7409791423510221,1.0,1,0.5839476093056232,41
2162,5,3200,3200,0,0,0,0,0.8404707701364189,0.6058689615135053,0.8404707701364189,0.6058689615135053,1.0,1,0.6095613181131248,42
2163,1,3201,3201,0,0,0,0,0.821607377066988,0.5738398452155824,0.821607377066988,0.5738398452155824,1.0,1,0.6258974279121292,43
2164,3,3204,3204,0,0,0,0,0.800309232918044,0.5375582235996809,0.800309232918044,0.5375582235996809,1.0,1,0.6444607011568794,44
2165,1,3205,3205,0,0,0,0,0.7779713592774776,0.5115369904104511,0.7779713592774776,0.5115369904104511,1.0,1,0.6494217566354025,44
2166,0,3205,3205,0,0,0,0,0.7876247784393265,0.5115369904104511,0.7876247784393265,0.5115369904104511,1.0,1,0.6387011005169557,46
2167,0,3205,3205,0,0,0,0,0.7876247784393265,0.5115369904104511,0.7876247784393265,0.5115369904104511,1.0,1,0.6387011005169557,46
2168,0,3205,3205,0,0,0,0,0.7829053290713116,0.5115369904104511,0.7829053290713116,0.5115369904104511,1.0,1,0.6474627093698425,45
2169,1,3206,3206,0,0,0,0,0.7312059109765496,0.4799779593738004,0.7312059109765496,0.4799779593738004,1.0,1,0.6384447228312888,49
2170,1,3207,3207,0,0,0,0,0.7131722545544,0.4634494537347487,0.7131722545544,0.4634494537347487,1.0,1,0.6452875959078365,49
2171,0,3207,3207,0,0,0,0,0.7244204014346197,0.4634494537347487,0.7244204014346197,0.4634494537347487,1.0,1,0.6343008098239283,51
2172,3,3210,3210,0,0,0,0,0.6695395455921704,0.4026601551916694,0.6695395455921704,0.4026601551916694,1.0,1,0.6745507661517282,52
2173,0,3210,3210,0,0,0,0,0.6695395455921704,0.4026601551916694,0.6695395455921704,0.4026601551916694,1.0,1,0.6745507661517282,52
2174,4,3214,3214,0,0,0,0,0.6919135758560635,0.41665536860529045,0.6919135758560635,0.41665536860529045,1.0,1,0.6660027136264303,52
2175,0,3214,3214,0,0,0,0,0.6786042120127113,0.41665536860529045,0.6786042120127113,0.41665536860529045,1.0,1,0.6660157897492179,53
2176,3,3217,3217,0,0,0,0,0.7025979697573699,0.4514922520505049,0.7025979697573699,0.4514922520505049,1.0,1,0.6440361287332108,54
2177,2,3219,3219,0,0,0,0,0.6885268974896315,0.4275779971269398,0.6885268974896315,0.4275779971269398,1.0,1,0.6538803131529983,55
2178,7,3226,3226,0,0,0,0,0.7493164827373067,0.5033770209882032,0.7493164827373067,0.5033770209882032,1.0,1,0.6101121629633761,54
2179,0,3226,3226,0,0,0,0,0.775525930409654,0.5033770209882032,0.775525930409654,0.5033770209882032,1.0,1,0.6080632817009385,52
2180,4,3230,3230,0,0,0,0,0.8076351936581622,0.595339731120673,0.8076351936581622,0.595339731120673,1.0,1,0.566843661589009,51
2181,1,3231,3231,0,0,0,0,0.8374933045126539,0.6386346771174215,0.8374933045126539,0.6386346771174215,1.0,1,0.5576897949312669,49
2182,4,3235,3235,0,0,0,0,0.8832640465396898,0.7279990200590595,0.8832640465396898,0.7279990200590595,1.0,1,0.5182540964654578,49
2183,4,3239,3239,0,0,0,0,0.8990949778291323,0.758775845004369,0.8990949778291323,0.758775845004369,1.0,1,0.5320419178786463,46
2184,3,3242,3242,0,0,0,0,0.9440294786471152,0.8275461599950513,0.9440294786471152,0.8275461599950513,1.0,1,0.5115233953535259,45
2185,6,3248,3248,0,0,0,0,0.9642476754223268,0.8569907016893078,0.9642476754223268,0.8569907016893078,1.0,1,0.5007614344806859,44
2186,5,3253,3253,0,0,0,0,0.9553432298531455,0.829492332166555,0.9553432298531455,0.829492332166555,1.0,1,0.4943697145537816,42
2187,4,3257,3257,0,0,0,0,0.987036124284898,0.9481444971395918,0.987036124284898,0.9481444971395918,1.0,1,0.5037463273365136,40
2188,5,3262,3262,0,0,0,0,0.9927216860292886,0.9723424069112968,0.9927216860292886,0.9723424069112968,1.0,1,0.5353361981052345,38
2189,1,3263,3263,0,0,0,0,0.9923173352531379,0.9723424069112968,0.9923173352531379,0.9723424069112968,1.0,1,0.551359121966878,36
2190,2,3265,3265,0,0,0,0,0.9680897019874223,0.9013681697793052,0.9680897019874223,0.9013681697793052,1.0,1,0.5784944918011004,34
2191,3,3268,3268,0,0,0,0,1.0,1.0,1.0,1.0,1.0,1,0.5326669211033487,34
2192,2,3270,3270,0,0,0,0,0.9730786174241809,0.9192358522725431,0.9730786174241809,0.9192358522725431,1.0,1,0.5924038067087876,33
2193,0,3270,3270,0,0,0,0,0.9722373242186867,0.9192358522725431,0.9722373242186867,0.9192358522725431,1.0,1,0.6063560492714594,32
2194,2,3272,3272,0,0,0,0,0.9722373242186867,0.9192358522725431,0.9722373242186867,0.9192358522725431,1.0,1,0.6098939312730881,32
2195,0,3272,3272,0,0,0,0,0.9713417540321927,0.9192358522725431,0.9713417540321927,0.9192358522725431,1.0,1,0.624780521912107,31
2196,2,3274,3274,0,0,0,0,0.9722373242186867,0.9192358522725431,0.9722373242186867,0.9192358522725431,1.0,1,0.630575068327289,32
2197,2,3276,3276,0,0,0,0,0.9077869287380816,0.7801072916061951,0.9077869287380816,0.7801072916061951,1.0,1,0.6768404440261734,31
2198,0,3276,3276,0,0,0,0,0.9077869287380816,0.7801072916061951,0.9077869287380816,0.7801072916061951,1.0,1,0.6768404440261734,31
2199,1,3277,3277,0,0,0,0,0.8827482767318225,0.7319960611013085,0.8827482767318225,0.7319960611013085,1.0,1,0.6832527839124829,32
2200,0,3277,3277,0,0,0,0,0.8927984244405234,0.7319960611013085,0.8927984244405234,0.7319960611013085,1.0,1,0.6746991844441828,35
2201,1,3278,3278,0,0,0,0,0.8697758154009493,0.6874619569622783,0.8697758154009493,0.6874619569622783,1.0,1,0.6721181083623287,36
2202,2,3280,3280,0,0,0,0,0.8115820864761449,0.6009973595965423,0.8115820864761449,0.6009973595965423,1.0,1,0.6988180419559654,36
2203,3,3283,3283,0,0,0,0,0.8704019816294982,0.6803248880194285,0.8704019816294982,0.6803248880194285,1.0,1,0.6411147756464718,37
2204,1,3284,3284,0,0,0,0,0.8938362578819997,0.7270075202679993,0.8938362578819997,0.7270075202679993,1.0,1,0.6337850040011513,36
2205,2,3286,3286,0,0,0,0,0.9250741785053149,0.7867495849766657,0.9250741785053149,0.7867495849766657,1.0,1,0.5925808941566865,37
2206,1,3287,3287,0,0,0,0,0.9470722109827215,0.8456272820329381,0.9470722109827215,0.8456272820329381,1.0,1,0.5872684946029844,35
2207,1,3288,3288,0,0,0,0,0.9499331725512232,0.8456272820329381,0.9499331725512232,0.8456272820329381,1.0,1,0.5837428961906517,37
2208,1,3289,3289,0,0,0,0,0.9823264366773589,0.94215924730772,0.9823264366773589,0.94215924730772,1.0,1,0.5703515734714132,36
2209,0,3289,3289,0,0,0,0,0.9818214777252836,0.94215924730772,0.9818214777252836,0.94215924730772,1.0,1,0.5851930238256722,35
2210,0,3289,3289,0,0,0,0,0.9623032928311881,0.9276157642909298,0.9623032928311881,0.9276157642909298,1.0,1,0.5755508039793029,38
2211,0,3289,3289,0,0,0,0,0.9612844629077067,0.9276157642909298,0.9612844629077067,0.9276157642909298,1.0,1,0.5952563262454102,37
2212,1,3290,3290,0,0,0,0,0.9790466686105322,0.9276157642909298,0.9790466686105322,0.9276157642909298,1.0,1,0.5867229607126669,38
2213,2,3292,3292,0,0,0,0,0.9654234223286218,0.9276157642909298,0.9654234223286218,0.9276157642909298,1.0,1,0.5886854011762199,38
2214,1,3293,3293,0,0,0,0,0.9717538533976932,0.9276157642909298,0.9717538533976932,0.9276157642909298,1.0,1,0.5738758749416182,39
2215,2,3295,3295,0,0,0,0,0.9615002594247783,0.9276157642909298,0.9615002594247783,0.9276157642909298,1.0,1,0.5770529022071328,39
2216,2,3297,3297,0,0,0,0,0.9289934443854448,0.8355809103193436,0.9289934443854448,0.8355809103193436,1.0,1,0.6052506569100496,39
2217,2,3299,3299,0,0,0,0,0.92776708560015,0.8376146538004564,0.92776708560015,0.8376146538004564,1.0,1,0.5939284469148641,38
2218,3,3302,3302,0,0,0,0,0.9698435088474288,0.8985645297595334,0.9698435088474288,0.8985645297595334,1.0,1,0.5610566376102957,37
2219,4,3306,3306,0,0,0,0,0.9339983279863158,0.8019949839589475,0.9339983279863158,0.8019949839589475,1.0,1,0.575149548679888,36
2220,2,3308,3308,0,0,0,0,0.9927582941118329,0.9753781999802316,0.9927582941118329,0.9753781999802316,1.0,1,0.5030316284589481,34
2221,2,3310,3310,0,0,0,0,1.0,1.0,1.0,1.0,1.0,1,0.4776541048227501,35
2222,1,3311,3311,0,0,0,0,1.0,1.0,1.0,1.0,1.0,1,0.4285980594690849,33
2223,2,3313,3313,0,0,0,0,1.0,1.0,1.0,1.0,1.0,1,0.4813221424140222,34
2224,2,3315,3315,0,0,0,0,1.0,1.0,1.0,1.0,1.0,1,0.4800552858103151,32
2225,3,3318,3318,0,0,0,0,1.0,1.0,1.0,1.0,1.0,1,0.5440678539803823,33
2226,3,3321,3321,0,0,0,0,1.0,1.0,1.0,1.0,1.0,1,0.5643031586010938,32
2227,0,3321,3321,0,0,0,0,1.0,1.0,1.0,1.0,1.0,1,0.5746893665858913,31
2228,1,3322,3322,0,0,0,0,1.0,1.0,1.0,1.0,1.0,1,0.5874887472824923,32
2229,1,3323,3323,0,0,0,0,1.0,1.0,1.0,1.0,1.0,1,0.5532746112569804,32
2230,2,3325,3325,0,0,0,0,1.0,1.0,1.0,1.0,1.0,1,0.5526152494130112,31
2231,1,3326,3326,0,0,0,0,1.0,1.0,1.0,1.0,1.0,1,0.543061184572896,32
2232,2,3328,3328,0,0,0,0,0.9939373827991914,0.9823632954158297,0.9939373827991914,0.9823632954158297,1.0,1,0.5160760265363146,32
2233,0,3328,3328,0,0,0,0,0.9937418145023912,0.9823632954158297,0.9937418145023912,0.9823632954158297,1.0,1,0.5253993991824875,31
2234,2,3330,3330,0,0,0,0,1.0,1.0,1.0,1.0,1.0,1,0.5287940786167197,32
2235,1,3331,3331,0,0,0,0,1.0,1.0,1.0,1.0,1.0,1,0.5587975214052506,31
2236,2,3333,3333,0,0,0,0,1.0,1.0,1.0,1.0,1.0,1,0.5465632402043857,31
2237,3,3336,3336,0,0,0,0,1.0,1.0,1.0,1.0,1.0,1,0.5923524347552365,31
2238,1,3337,3337,0,0,0,0,1.0,1.0,1.0,1.0,1.0,1,0.607503426012629,31
2239,1,3338,3338,0,0,0,0,1.0,1.0,1.0,1.0,1.0,1,0.5967206885885714,31
2240,2,3340,3340,0,0,0,0,1.0,1.0,1.0,1.0,1.0,1,0.6142673163078065,32
2241,0,3340,3340,0,0,0,0,1.0,1.0,1.0,1.0,1.0,1,0.6142673163078065,32
2242,2,3342,3342,0,0,0,0,0.979104149753657,0.9354128265113035,0.979104149753657,0.9354128265113035,1.0,1,0.6078046435403669,34
2243,1,3343,3343,0,0,0,0,0.979104149753657,0.9354128265113035,0.979104149753657,0.9354128265113035,1.0,1,0.6281636934490666,34
2244,0,3343,3343,0,0,0,0,0.9802650303228982,0.9354128265113035,0.9802650303228982,0.9354128265113035,1.0,1,0.6050854884411025,36
2245,0,3343,3343,0,0,0,0,0.9802650303228982,0.9354128265113035,0.9802650303228982,0.9354128265113035,1.0,1,0.6050854884411025,36
2246,0,3343,3343,0,0,0,0,0.9401946798811915,0.8636709151303957,0.9401946798811915,0.8636709151303957,1.0,1,0.6048871020138776,39
2247,0,3343,3343,0,0,0,0,0.9416898128841618,0.8636709151303957,0.9416898128841618,0.8636709151303957,1.0,1,0.5865806712067803,40
2248,0,3343,3343,0,0,0,0,0.9416898128841618,0.8636709151303957,0.9416898128841618,0.8636709151303957,1.0,1,0.5865806712067803,40
2249,1,3344,3344,0,0,0,0,0.9238159509086933,0.8636709151303957,0.9238159509086933,0.8636709151303957,1.0,1,0.5821528757237748,41
2250,0,3344,3344,0,0,0,0,0.9238159509086933,0.8636709151303957,0.9238159509086933,0.8636709151303957,1.0,1,0.5821528757237748,41
2251,2,3346,3346,0,0,0,0,0.8958667637531067,0.7451366277490624,0.8958667637531067,0.7451366277490624,1.0,1,0.5954228567526916,42
2252,0,3346,3346,0,0,0,0,0.9133141023323846,0.7885682235757046,0.9133141023323846,0.7885682235757046,1.0,1,0.5898659690142061,41
2253,2,3348,3348,0,0,0,0,0.9310499139089032,0.7925960610499826,0.9310499139089032,0.7925960610499826,1.0,1,0.5878102189582456,40
2254,1,3349,3349,0,0,0,0,0.9258514901273822,0.7823046424816577,0.9258514901273822,0.7823046424816577,1.0,1,0.5932454203589103,39
2255,2,3351,3351,0,0,0,0,0.8989386989749621,0.7184720900016801,0.8989386989749621,0.7184720900016801,1.0,1,0.6015632010594645,39
2256,2,3353,3353,0,0,0,0,0.8798402558464291,0.6795740155904778,0.8798402558464291,0.6795740155904778,1.0,1,0.601286902925663,40
2257,4,3357,3357,0,0,0,0,0.8572201003678316,0.6430502509195791,0.8572201003678316,0.6430502509195791,1.0,1,0.6163900715628434,40
2258,3,3360,3360,0,0,0,0,0.8850811282956604,0.7012109335687174,0.8850811282956604,0.7012109335687174,1.0,1,0.5902449209975625,39
2259,2,3362,3362,0,0,0,0,0.866761799564208,0.6585771113832829,0.866761799564208,0.6585771113832829,1.0,1,0.5867978157187269,41
2260,2,3364,3364,0,0,0,0,0.8970243098901832,0.7204945554162114,0.8970243098901832,0.7204945554162114,1.0,1,0.5861186188958702,38
2261,3,3367,3367,0,0,0,0,0.9416793816780301,0.8153180419804288,0.9416793816780301,0.8153180419804288,1.0,1,0.560795003436303,38
2262,2,3369,3369,0,0,0,0,0.9890494123121457,0.9605778843237243,0.9890494123121457,0.9605778843237243,1.0,1,0.5567987825619688,36
2263,1,3370,3370,0,0,0,0,1.0,1.0,1.0,1.0,1.0,1,0.5381566351303627,35
2264,3,3373,3373,0,0,0,0,1.0,1.0,1.0,1.0,1.0,1,0.570454272632951,33
2265,3,3376,3376,0,0,0,0,1.0,1.0,1.0,1.0,1.0,1,0.5969643781255013,33
2266,2,3378,3378,0,0,0,0,1.0,1.0,1.0,1.0,1.0,1,0.5490200097514865,33
2267,4,3382,3382,0,0,0,0,0.9955002172429785,0.9865006517289353,0.9955002172429785,0.9865006517289353,1.0,1,0.5295265063300479,33
2268,2,3384,3384,0,0,0,0,1.0,1.0,1.0,1.0,1.0,1,0.4932622161977889,35
2269,2,3386,3386,0,0,0,0,0.9865638393518109,0.956027110605926,0.9865638393518109,0.956027110605926,1.0,1,0.4825169850272942,36
2270,2,3388,3388,0,0,0,0,1.0,1.0,1.0,1.0,1.0,1,0.47241859584130863,34
2271,3,3391,3391,0,0,0,0,1.0,1.0,1.0,1.0,1.0,1,0.5074554344989766,34
2272,4,3395,3395,0,0,0,0,1.0,1.0,1.0,1.0,1.0,1,0.5257836628548839,33
2273,2,3397,3397,0,0,0,0,1.0,1.0,1.0,1.0,1.0,1,0.5477317409104884,32
2274,0,3397,3397,0,0,0,0,1.0,1.0,1.0,1.0,1.0,1,0.5477317409104884,32
2275,0,3397,3397,0,0,0,0,1.0,1.0,1.0,1.0,1.0,1,0.5558004474842195,32
2276,0,3397,3397,0,0,0,0,1.0,1.0,1.0,1.0,1.0,1,0.5674988403034302,31
2277,0,3397,3397,0,0,0,0,1.0,1.0,1.0,1.0,1.0,1,0.5847202883188355,30
2278,2,3399,3399,0,0,0,0,1.0,1.0,1.0,1.0,1.0,1,0.5754008217749551,33
2279,0,3399,3399,0,0,0,0,1.0,1.0,1.0,1.0,1.0,1,0.5754008217749551,33
2280,1,3400,3400,0,0,0,0,0.9929636197979043,0.9753726692926649,0.9929636197979043,0.9753726692926649,1.0,1,0.5728657684459367,35
2281,0,3400,3400,0,0,0,0,0.993159074803518,0.9753726692926649,0.993159074803518,0.9753726692926649,1.0,1,0.5749370080105118,36
2282,1,3401,3401,0,0,0,0,0.9723723562284667,0.9095822567477099,0.9723723562284667,0.9095822567477099,1.0,1,0.5846145070183445,36
2283,0,3401,3401,0,0,0,0,0.972372356228467,0.9095822567477099,0.972372356228467,0.9095822567477099,1.0,1,0.5846145070183445,36
2284,2,3403,3403,0,0,0,0,0.9737503017331611,0.9140918965812546,0.9737503017331611,0.9140918965812546,1.0,1,0.5763539650653404,36
2285,0,3403,3403,0,0,0,0,0.9744597530376703,0.9140918965812546,0.9744597530376703,0.9140918965812546,1.0,1,0.5717551155058082,37
2286,1,3404,3404,0,0,0,0,1.0,1.0,1.0,1.0,1.0,1,0.5300786709620814,38
2287,1,3405,3405,0,0,0,0,1.0,1.0,1.0,1.0,1.0,1,0.5280349782413455,38
2288,3,3408,3408,0,0,0,0,0.9842714618481899,0.9428053158115999,0.9842714618481899,0.9428053158115999,1.0,1,0.5181488328451509,40
2289,1,3409,3409,0,0,0,0,0.9541715177345784,0.8472383924485949,0.9541715177345784,0.8472383924485949,1.0,1,0.5322532723530825,40
2290,2,3411,3411,0,0,0,0,0.9077030993074584,0.7428872052136343,0.9077030993074584,0.7428872052136343,1.0,1,0.5586738733547989,39
2291,1,3412,3412,0,0,0,0,0.9279829547332925,0.7950284096255246,0.9279829547332925,0.7950284096255246,1.0,1,0.569064859940699,37
2292,0,3412,3412,0,0,0,0,0.9502859709149055,0.8550007485018077,0.9502859709149055,0.8550007485018077,1.0,1,0.5713845291050003,35
2293,2,3414,3414,0,0,0,0,0.8972332051674583,0.7430830129186459,0.8972332051674583,0.7430830129186459,1.0,1,0.6127072037746242,35
2294,1,3415,3415,0,0,0,0,0.8970882961054667,0.7427207402636667,0.8970882961054667,0.7427207402636667,1.0,1,0.6372597419264314,35
2295,0,3415,3415,0,0,0,0,0.8999469545469814,0.7427207402636667,0.8999469545469814,0.7427207402636667,1.0,1,0.633261074971709,36
2296,0,3415,3415,0,0,0,0,0.9590037644443906,0.8838439992591071,0.9590037644443906,0.8838439992591071,1.0,1,0.6157678439479349,34
2297,0,3415,3415,0,0,0,0,0.9601750854602652,0.8838439992591071,0.9601750854602652,0.8838439992591071,1.0,1,0.6097796599953802,35
2298,3,3418,3418,0,0,0,0,0.9840251497155609,0.9506231900299157,0.9840251497155609,0.9506231900299157,1.0,1,0.6036761879728619,34
2299,4,3422,3422,0,0,0,0,0.9844815740094021,0.9506231900299157,0.9844815740094021,0.9506231900299157,1.0,1,0.5685222583705835,35
2300,1,3423,3423,0,0,0,0,0.975086833323619,0.9506231900299157,0.975086833323619,0.9506231900299157,1.0,1,0.5739437630111516,35
2301,0,3423,3423,0,0,0,0,0.975086833323619,0.9506231900299157,0.975086833323619,0.9506231900299157,1.0,1,0.5739437630111516,35
2302,2,3425,3425,0,0,0,0,0.898426634481186,0.8262027238395753,0.898426634481186,0.8262027238395753,1.0,1,0.603096004643054,37
2303,0,3425,3425,0,0,0,0,0.9571757161682685,0.8750958388241167,0.9571757161682685,0.8750958388241167,1.0,1,0.593918636705508,35
2304,2,3427,3427,0,0,0,0,0.9092519314619852,0.7917659993612179,0.9092519314619852,0.7917659993612179,1.0,1,0.6326058275452179,36
2305,0,3427,3427,0,0,0,0,0.9203811174028186,0.7917659993612179,0.9203811174028186,0.7917659993612179,1.0,1,0.6307404630370588,34
2306,0,3427,3427,0,0,0,0,0.9226559426198808,0.7917659993612179,0.9226559426198808,0.7917659993612179,1.0,1,0.6292233051984287,35
2307,2,3429,3429,0,0,0,0,0.8909835987996506,0.7274589969991263,0.8909835987996506,0.7274589969991263,1.0,1,0.6465087255728651,35
2308,0,3429,3429,0,0,0,0,0.8909835987996506,0.7274589969991263,0.8909835987996506,0.7274589969991263,1.0,1,0.6465087255728651,35
2309,0,3429,3429,0,0,0,0,0.8877772340584639,0.7274589969991263,0.8877772340584639,0.7274589969991263,1.0,1,0.6509574523997389,34
2310,0,3429,3429,0,0,0,0,0.894011832166327,0.7274589969991263,0.894011832166327,0.7274589969991263,1.0,1,0.6428469438324753,36
2311,3,3432,3432,0,0,0,0,0.8771757899354548,0.6888453345031517,0.8771757899354548,0.6888453345031517,1.0,1,0.589669942924461,38
2312,2,3434,3434,0,0,0,0,0.8803251286550583,0.6888453345031517,0.8803251286550583,0.6888453345031517,1.0,1,0.6088149655579619,39
2313,2,3436,3436,0,0,0,0,0.8803251286550583,0.6888453345031517,0.8803251286550583,0.6888453345031517,1.0,1,0.5922716674790015,39
2314,2,3438,3438,0,0,0,0,0.9304175211287986,0.8016789466648273,0.9304175211287986,0.8016789466648273,1.0,1,0.5800959286421282,39
2315,3,3441,3441,0,0,0,0,0.9102175508694502,0.801981245397649,0.9102175508694502,0.801981245397649,1.0,1,0.5872264236872232,40
2316,0,3441,3441,0,0,0,0,0.9102175508694502,0.801981245397649,0.9102175508694502,0.801981245397649,1.0,1,0.5872264236872232,40
2317,1,3442,3442,0,0,0,0,0.8846032339655265,0.7346990534270008,0.8846032339655265,0.7346990534270008,1.0,1,0.6067114713528071,41
2318,1,3443,3443,0,0,0,0,0.8638584542354415,0.6956833852696355,0.8638584542354415,0.6956833852696355,1.0,1,0.6196571277874878,41
2319,1,3444,3444,0,0,0,0,0.8638584542354417,0.6956833852696355,0.8638584542354417,0.6956833852696355,1.0,1,0.6129565903672851,41
2320,1,3445,3445,0,0,0,0,0.8194841211137245,0.6138463083628147,0.8194841211137245,0.6138463083628147,1.0,1,0.6326422624867046,42
2321,0,3445,3445,0,0,0,0,0.8236821648087541,0.6138463083628147,0.8236821648087541,0.6138463083628147,1.0,1,0.621362620539704,43
2322,1,3446,3446,0,0,0,0,0.8194841211137245,0.6138463083628147,0.8194841211137245,0.6138463083628147,1.0,1,0.6458818289431261,42
2323,1,3447,3447,0,0,0,0,0.7990487006865475,0.6605843649678602,0.7990487006865475,0.6605843649678602,1.0,1,0.6402287625464724,43
2324,0,3447,3447,0,0,0,0,0.7790796983619624,0.6170448492876802,0.7790796983619624,0.6170448492876802,1.0,1,0.6465073329132696,44
2325,1,3448,3448,0,0,0,0,0.7790796983619624,0.6170448492876802,0.7790796983619624,0.6170448492876802,1.0,1,0.6595822573248025,44
2326,0,3448,3448,0,0,0,0,0.7839890383983632,0.6170448492876802,0.7839890383983632,0.6170448492876802,1.0,1,0.6498447354838524,45
2327,1,3449,3449,0,0,0,0,0.7851354001337465,0.6662283938147073,0.7851354001337465,0.6662283938147073,1.0,1,0.6436999751180984,45
2328,0,3449,3449,0,0,0,0,0.7710290993049389,0.6350529331202305,0.7710290993049389,0.6350529331202305,1.0,1,0.6478056480256893,46
2329,1,3450,3450,0,0,0,0,0.8046447809263891,0.6500464002593231,0.8046447809263891,0.6500464002593231,1.0,1,0.6341561263476038,45
2330,0,3450,3450,0,0,0,0,0.7887651077910982,0.6008525580239967,0.7887651077910982,0.6008525580239967,1.0,1,0.6260058410344207,47
2331,3,3453,3453,0,0,0,0,0.7543648377391144,0.5748766742702988,0.7543648377391144,0.5748766742702988,1.0,1,0.6271999657111227,48
2332,0,3453,3453,0,0,0,0,0.7543648377391144,0.5748766742702988,0.7543648377391144,0.5748766742702988,1.0,1,0.6271999657111227,48
2333,2,3455,3455,0,0,0,0,0.7005799163567415,0.5748766742702988,0.7005799163567415,0.5748766742702988,1.0,1,0.6346646727842123,49
2334,1,3456,3456,0,0,0,0,0.7281727644871155,0.5501549444272769,0.7281727644871155,0.5501549444272769,1.0,1,0.6371864548235855,47
2335,2,3458,3458,0,0,0,0,0.6971958024414839,0.5501549444272769,0.6971958024414839,0.5501549444272769,1.0,1,0.6537252179287892,46
2336,1,3459,3459,0,0,0,0,0.6951533523056964,0.531640599768102,0.6951533523056964,0.531640599768102,1.0,1,0.6567896192989745,46
2337,3,3462,3462,0,0,0,0,0.7085808652078595,0.531640599768102,0.7085808652078595,0.531640599768102,1.0,1,0.6530988809655357,45
2338,5,3467,3467,0,0,0,0,0.7451198637257105,0.594110993324376,0.7451198637257105,0.594110993324376,1.0,1,0.6271851628918145,44
2339,1,3468,3468,0,0,0,0,0.75223099692494,0.594110993324376,0.75223099692494,0.594110993324376,1.0,1,0.624413417918017,45
2340,2,3470,3470,0,0,0,0,0.7925580248885072,0.6285882586145863,0.7925580248885072,0.6285882586145863,1.0,1,0.6133125356550362,44
2341,0,3470,3470,0,0,0,0,0.7712677146259261,0.581876835347396,0.7712677146259261,0.581876835347396,1.0,1,0.6210612220639129,45
2342,1,3471,3471,0,0,0,0,0.7810010033652484,0.581876835347396,0.7810010033652484,0.581876835347396,1.0,1,0.6094267323387882,47
2343,1,3472,3472,0,0,0,0,0.776240155612319,0.581876835347396,0.776240155612319,0.581876835347396,1.0,1,0.6273425509049531,46
2344,0,3472,3472,0,0,0,0,0.7522675871962845,0.543842669653786,0.7522675871962845,0.543842669653786,1.0,1,0.6458667972197322,46
2345,0,3472,3472,0,0,0,0,0.7467624224673131,0.543842669653786,0.7467624224673131,0.543842669653786,1.0,1,0.6590349258021752,45
2346,0,3472,3472,0,0,0,0,0.7522675871962845,0.543842669653786,0.7522675871962845,0.543842669653786,1.0,1,0.6475724002798717,46
2347,0,3472,3472,0,0,0,0,0.7344667932013309,0.543842669653786,0.7344667932013309,0.543842669653786,1.0,1,0.6480343423745946,47
2348,1,3473,3473,0,0,0,0,0.7028008575937118,0.5086399695880822,0.7028008575937118,0.5086399695880822,1.0,1,0.661414848192691,49
2349,2,3475,3475,0,0,0,0,0.6832799166650332,0.5286732389862075,0.6832799166650332,0.5286732389862075,1.0,1,0.6695336943963244,49
2350,0,3475,3475,0,0,0,0,0.6896143183317325,0.5286732389862075,0.6896143183317325,0.5286732389862075,1.0,1,0.6535502862078184,50
2351,4,3479,3479,0,0,0,0,0.6933724827258955,0.5918656817149744,0.6933724827258955,0.5918656817149744,1.0,1,0.6329427509557346,50
2352,0,3479,3479,0,0,0,0,0.6821113624915455,0.5825212993007185,0.6821113624915455,0.5825212993007185,1.0,1,0.6346485043302149,51
2353,1,3480,3480,0,0,0,0,0.680280679427114,0.5825212993007185,0.680280679427114,0.5825212993007185,1.0,1,0.6295303621935194,51
2354,1,3481,3481,0,0,0,0,0.6799683178978898,0.5825212993007185,0.6799683178978898,0.5825212993007185,1.0,1,0.6385464827633445,51
2355,2,3483,3483,0,0,0,0,0.6893336581146174,0.5825212993007185,0.6893336581146174,0.5825212993007185,1.0,1,0.6378830357449596,50
2356,0,3483,3483,0,0,0,0,0.6893336581146174,0.5825212993007185,0.6893336581146174,0.5825212993007185,1.0,1,0.6378830357449596,50
2357,1,3484,3484,0,0,0,0,0.7042044685567472,0.5825212993007185,0.7042044685567472,0.5825212993007185,1.0,1,0.6412313916894125,49
2358,1,3485,3485,0,0,0,0,0.6962911262158242,0.5860711009311098,0.6962911262158242,0.5860711009311098,1.0,1,0.6344533749007045,51
2359,0,3485,3485,0,0,0,0,0.7141267157735033,0.5860711009311098,0.7141267157735033,0.5860711009311098,1.0,1,0.620902918165463,51
2360,0,3485,3485,0,0,0,0,0.7141267157735033,0.5860711009311098,0.7141267157735033,0.5860711009311098,1.0,1,0.620902918165463,51
2361,0,3485,3485,0,0,0,0,0.7196242789317051,0.5860711009311098,0.7196242789317051,0.5860711009311098,1.0,1,0.6120420008358669,52
2362,1,3486,3486,0,0,0,0,0.7252779539049684,0.5653372003182336,0.7252779539049684,0.5653372003182336,1.0,1,0.6087109126214783,53
2363,4,3490,3490,0,0,0,0,0.716699383776386,0.5317276794585337,0.716699383776386,0.5317276794585337,1.0,1,0.6188365293698029,54
2364,3,3493,3493,0,0,0,0,0.6904673451940359,0.5025690427093359,0.6904673451940359,0.5025690427093359,1.0,1,0.6211112266347045,55
2365,5,3498,3498,0,0,0,0,0.6900555427527029,0.45850050248667235,0.6900555427527029,0.45850050248667235,1.0,1,0.6416420236359144,53
2366,5,3503,3503,0,0,0,0,0.6800864320237414,0.434073134447156,0.6800864320237414,0.434073134447156,1.0,1,0.6580562784880665,53
2367,4,3507,3507,0,0,0,0,0.6693793808207902,0.3854456829424258,0.6693793808207902,0.3854456829424258,1.0,1,0.6896763835330099,51
2368,2,3509,3509,0,0,0,0,0.6628681350031761,0.38594725362136373,0.6628681350031761,0.38594725362136373,1.0,1,0.6931677198012369,50
2369,2,3511,3511,0,0,0,0,0.672978996905163,0.38594725362136373,0.672978996905163,0.38594725362136373,1.0,1,0.7208202737863175,47
2370,0,3511,3511,0,0,0,0,0.6620587557040193,0.3765502571465216,0.6620587557040193,0.3765502571465216,1.0,1,0.7231091994399018,48
2371,0,3511,3511,0,0,0,0,0.6691899323634605,0.3765502571465216,0.6691899323634605,0.3765502571465216,1.0,1,0.6976596372221646,49
2372,0,3511,3511,0,0,0,0,0.662298055954366,0.3765502571465216,0.662298055954366,0.3765502571465216,1.0,1,0.6981592706762438,48
2373,2,3513,3513,0,0,0,0,0.6643409065073012,0.3765502571465216,0.6643409065073012,0.3765502571465216,1.0,1,0.697028737956882,49
2374,1,3514,3514,0,0,0,0,0.636686276669342,0.3765502571465216,0.636686276669342,0.3765502571465216,1.0,1,0.699502605629555,50
2375,1,3515,3515,0,0,0,0,0.6559341984801885,0.3765502571465216,0.6559341984801885,0.3765502571465216,1.0,1,0.6956168132447563,50
2376,1,3516,3516,0,0,0,0,0.6879455099547337,0.39363462660627613,0.6879455099547337,0.39363462660627613,1.0,1,0.6766275751843712,50
2377,0,3516,3516,0,0,0,0,0.6906299115338143,0.39363462660627613,0.6906299115338143,0.39363462660627613,1.0,1,0.6767639196630487,49
2378,1,3517,3517,0,0,0,0,0.7118969114078489,0.41178952745769165,0.7118969114078489,0.41178952745769165,1.0,1,0.6565071756649096,49
2379,2,3519,3519,0,0,0,0,0.7392390745551103,0.4331284229458918,0.7392390745551103,0.4331284229458918,1.0,1,0.6374485361548217,50
2380,3,3522,3522,0,0,0,0,0.7580219103720576,0.4695155349095274,0.7580219103720576,0.4695155349095274,1.0,1,0.6217018352843384,50
2381,2,3524,3524,0,0,0,0,0.7292334127805163,0.4695155349095274,0.7292334127805163,0.4695155349095274,1.0,1,0.621622471761224,51
2382,2,3526,3526,0,0,0,0,0.7463741235287478,0.48670012406299357,0.7463741235287478,0.48670012406299357,1.0,1,0.6042307193411058,51
2383,2,3528,3528,0,0,0,0,0.7443454999131117,0.5024084952691709,0.7443454999131117,0.5024084952691709,1.0,1,0.5942700812633341,52
2384,2,3530,3530,0,0,0,0,0.7469211565265785,0.47215310578538183,0.7469211565265785,0.47215310578538183,1.0,1,0.5823960993333291,52
2385,3,3533,3533,0,0,0,0,0.7798856046697814,0.5209626563602445,0.7798856046697814,0.5209626563602445,1.0,1,0.5802555257930748,51
2386,1,3534,3534,0,0,0,0,0.7449286674298794,0.49183624631322687,0.7449286674298794,0.49183624631322687,1.0,1,0.6068523724299506,52
2387,1,3535,3535,0,0,0,0,0.7309158275512015,0.46787501340536364,0.7309158275512015,0.46787501340536364,1.0,1,0.6322831787941348,49
2388,1,3536,3536,0,0,0,0,0.7253099072918516,0.46787501340536364,0.7253099072918516,0.46787501340536364,1.0,1,0.6454968620400635,48
2389,3,3539,3539,0,0,0,0,0.7252778263402755,0.4662096022861191,0.7252778263402755,0.4662096022861191,1.0,1,0.6460541848144795,48
2390,1,3540,3540,0,0,0,0,0.7308844013129228,0.4662096022861191,0.7308844013129228,0.4662096022861191,1.0,1,0.6435147185837916,49
2391,2,3542,3542,0,0,0,0,0.7255819936690252,0.4307027730823889,0.7255819936690252,0.4307027730823889,1.0,1,0.6550726970098419,48
2392,5,3547,3547,0,0,0,0,0.707287185715454,0.4150160217578885,0.707287185715454,0.4150160217578885,1.0,1,0.6620575714422435,49
2393,2,3549,3549,0,0,0,0,0.7333117042494288,0.4342673460384375,0.7333117042494288,0.4342673460384375,1.0,1,0.6348825427633699,50
2394,2,3551,3551,0,0,0,0,0.7107759892398523,0.41997564727087683,0.7107759892398523,0.41997564727087683,1.0,1,0.6478789465577661,50
2395,1,3552,3552,0,0,0,0,0.7048734584080127,0.41997564727087683,0.7048734584080127,0.41997564727087683,1.0,1,0.6644607512200171,49
2396,1,3553,3553,0,0,0,0,0.730922117403966,0.41997564727087683,0.730922117403966,0.41997564727087683,1.0,1,0.6452733904805663,50
2397,2,3555,3555,0,0,0,0,0.7017497066134065,0.39156940149134944,0.7017497066134065,0.39156940149134944,1.0,1,0.661861412295343,51
2398,3,3558,3558,0,0,0,0,0.6883238545556081,0.3891147549289917,0.6883238545556081,0.3891147549289917,1.0,1,0.6811786758304285,49
2399,0,3558,3558,0,0,0,0,0.6945573774644959,0.3891147549289917,0.6945573774644959,0.3891147549289917,1.0,1,0.6768028889996013,50
2400,0,3558,3558,0,0,0,0,0.681758865900877,0.375757775420951,0.681758865900877,0.375757775420951,1.0,1,0.6805788533480251,51
2401,1,3559,3559,0,0,0,0,0.6614608422137381,0.375757775420951,0.6614608422137381,0.375757775420951,1.0,1,0.6917545899018699,50
2402,0,3559,3559,0,0,0,0,0.6680988649154296,0.375757775420951,0.6680988649154296,0.375757775420951,1.0,1,0.6867687229260535,51
2403,1,3560,3560,0,0,0,0,0.6727143713063918,0.39221217126502633,0.6727143713063918,0.39221217126502633,1.0,1,0.6722801204916861,52
2404,1,3561,3561,0,0,0,0,0.6750204800423962,0.3744367217688173,0.6750204800423962,0.3744367217688173,1.0,1,0.6736982018692022,53
2405,0,3561,3561,0,0,0,0,0.6687708738893654,0.3744367217688173,0.6687708738893654,0.3744367217688173,1.0,1,0.6775790940326896,52
2406,3,3564,3564,0,0,0,0,0.6875447800321935,0.3862413378943911,0.6875447800321935,0.3862413378943911,1.0,1,0.6704527419332394,52
2407,0,3564,3564,0,0,0,0,0.6991379107325446,0.3862413378943911,0.6991379107325446,0.3862413378943911,1.0,1,0.6670597693023465,51
2408,4,3568,3568,0,0,0,0,0.7150022564868095,0.4062547010141865,0.7150022564868095,0.4062547010141865,1.0,1,0.6518993417811854,50
2409,0,3568,3568,0,0,0,0,0.7150022564868095,0.4062547010141865,0.7150022564868095,0.4062547010141865,1.0,1,0.6414336505097824,50
2410,4,3572,3572,0,0,0,0,0.7274610084658447,0.4275745538817565,0.7274610084658447,0.4275745538817565,1.0,1,0.6439338180403194,49
2411,0,3572,3572,0,0,0,0,0.7217831128088831,0.4275745538817565,0.7217831128088831,0.4275745538817565,1.0,1,0.6587610290802994,48
2412,1,3573,3573,0,0,0,0,0.7198769093463916,0.4275745538817565,0.7198769093463916,0.4275745538817565,1.0,1,0.6509166396384795,47
2413,0,3573,3573,0,0,0,0,0.7198769093463916,0.4275745538817565,0.7198769093463916,0.4275745538817565,1.0,1,0.6454786795076479,47
2414,2,3575,3575,0,0,0,0,0.6970767864770182,0.4067753735174937,0.6970767864770182,0.4067753735174937,1.0,1,0.6310446323856037,47
2415,1,3576,3576,0,0,0,0,0.6904914992265185,0.4067753735174937,0.6904914992265185,0.4067753735174937,1.0,1,0.6433977511444706,46
2416,0,3576,3576,0,0,0,0,0.6970767864770182,0.4067753735174937,0.6970767864770182,0.4067753735174937,1.0,1,0.643993749214998,47
2417,2,3578,3578,0,0,0,0,0.6692128461500335,0.3913516369160616,0.6692128461500335,0.3913516369160616,1.0,1,0.6549055717841596,46
2418,2,3580,3580,0,0,0,0,0.7055828716080885,0.4111657432161769,0.7055828716080885,0.4111657432161769,1.0,1,0.6099244546028018,48
2419,2,3582,3582,0,0,0,0,0.6993186773869838,0.4111657432161769,0.6993186773869838,0.4111657432161769,1.0,1,0.6312518179724055,47
2420,3,3585,3585,0,0,0,0,0.7511691962286919,0.44578593705481406,0.7511691962286919,0.44578593705481406,1.0,1,0.60318423853708,49
2421,3,3588,3588,0,0,0,0,0.7959612602699951,0.4899031506749878,0.7959612602699951,0.4899031506749878,1.0,1,0.5628484141404634,50
2422,2,3590,3590,0,0,0,0,0.7938895851372229,0.4899031506749878,0.7938895851372229,0.4899031506749878,1.0,1,0.5819396736674862,50
2423,3,3593,3593,0,0,0,0,0.8027038940782014,0.49689492989941375,0.8027038940782014,0.49689492989941375,1.0,1,0.5530521910745869,51
2424,2,3595,3595,0,0,0,0,0.7801974917456761,0.49689492989941375,0.7801974917456761,0.49689492989941375,1.0,1,0.593826103476695,50
2425,2,3597,3597,0,0,0,0,0.8132800959487597,0.5282865581863402,0.8132800959487597,0.5282865581863402,1.0,1,0.5819252764855555,48
2426,3,3600,3600,0,0,0,0,0.7939210682325714,0.5105040606293859,0.7939210682325714,0.5105040606293859,1.0,1,0.5839789392800387,51
2427,4,3604,3604,0,0,0,0,0.8448862970806039,0.5691286030016774,0.8448862970806039,0.5691286030016774,1.0,1,0.5605133512250602,50
2428,2,3606,3606,0,0,0,0,0.8620372466174657,0.6023426520150483,0.8620372466174657,0.6023426520150483,1.0,1,0.5541821817643838,49
2429,1,3607,3607,0,0,0,0,0.8306412791693022,0.5614624170119183,0.8306412791693022,0.5614624170119183,1.0,1,0.5739747662274837,49
2430,1,3608,3608,0,0,0,0,0.8366855231114043,0.5819079347084307,0.8366855231114043,0.5819079347084307,1.0,1,0.6011856469210479,46
2431,1,3609,3609,0,0,0,0,0.8342903183452358,0.5851744207326076,0.8342903183452358,0.5851744207326076,1.0,1,0.6045681446862562,45
2432,1,3610,3610,0,0,0,0,0.8285515797160692,0.6216861884243439,0.8285515797160692,0.6216861884243439,1.0,1,0.6200978034665671,44
2433,1,3611,3611,0,0,0,0,0.8561712401538194,0.6678943542802888,0.8561712401538194,0.6678943542802888,1.0,1,0.5914894893650257,45
2434,0,3611,3611,0,0,0,0,0.8529024047027698,0.6678943542802888,0.8529024047027698,0.6678943542802888,1.0,1,0.6049439453681337,44
2435,0,3611,3611,0,0,0,0,0.8529024047027698,0.6678943542802888,0.8529024047027698,0.6678943542802888,1.0,1,0.6049439453681337,44
2436,2,3613,3613,0,0,0,0,0.8774302106956123,0.7212599127063858,0.8774302106956123,0.7212599127063858,1.0,1,0.5868682535094116,44
2437,1,3614,3614,0,0,0,0,0.8583503786859865,0.6744317698767902,0.8583503786859865,0.6744317698767902,1.0,1,0.5903506872328602,45
2438,0,3614,3614,0,0,0,0,0.8583503786859865,0.6744317698767902,0.8583503786859865,0.6744317698767902,1.0,1,0.5903506872328602,45
2439,1,3615,3615,0,0,0,0,0.8379434233819102,0.6302486713446441,0.8379434233819102,0.6302486713446441,1.0,1,0.5956689119130979,46
2440,2,3617,3617,0,0,0,0,0.7924522524709744,0.6302486713446441,0.7924522524709744,0.6302486713446441,1.0,1,0.6100034659891986,45
2441,1,3618,3618,0,0,0,0,0.7924522524709744,0.6302486713446441,0.7924522524709744,0.6302486713446441,1.0,1,0.605343632393624,45
2442,2,3620,3620,0,0,0,0,0.7581296487447345,0.6302486713446441,0.7581296487447345,0.6302486713446441,1.0,1,0.6166735336514325,46
2443,0,3620,3620,0,0,0,0,0.7742546830985849,0.5955022248852633,0.7742546830985849,0.5955022248852633,1.0,1,0.6204207610974801,45
2444,6,3626,3626,0,0,0,0,0.6916257430657733,0.5692135466290192,0.6916257430657733,0.5692135466290192,1.0,1,0.6576539132210222,46
2445,1,3627,3627,0,0,0,0,0.6926100876430414,0.5692135466290192,0.6926100876430414,0.5692135466290192,1.0,1,0.6696922675936673,44
2446,4,3631,3631,0,0,0,0,0.7437611070021061,0.5405511807197654,0.7437611070021061,0.5405511807197654,1.0,1,0.6650758959648952,44
2447,1,3632,3632,0,0,0,0,0.7794383529330042,0.5405511807197654,0.7794383529330042,0.5405511807197654,1.0,1,0.6728476840342155,42
2448,4,3636,3636,0,0,0,0,0.7374196157466266,0.5026421971008187,0.7374196157466266,0.5026421971008187,1.0,1,0.7120545243745856,41
2449,1,3637,3637,0,0,0,0,0.7119806457694657,0.5026421971008187,0.7119806457694657,0.5026421971008187,1.0,1,0.7322573965743534,40
2450,2,3639,3639,0,0,0,0,0.684717162898819,0.4862625371460183,0.684717162898819,0.4862625371460183,1.0,1,0.7339204718853289,42
2451,0,3639,3639,0,0,0,0,0.6920493219011721,0.4862625371460183,0.6920493219011721,0.4862625371460183,1.0,1,0.7199972020853543,43
2452,0,3639,3639,0,0,0,0,0.6920493219011721,0.4862625371460183,0.6920493219011721,0.4862625371460183,1.0,1,0.7199972020853543,43
2453,0,3639,3639,0,0,0,0,0.6808409847918812,0.45989127352594156,0.6808409847918812,0.45989127352594156,1.0,1,0.719291126109701,45
2454,0,3639,3639,0,0,0,0,0.6707555557696913,0.43604858735989555,0.6707555557696913,0.43604858735989555,1.0,1,0.7119419276109632,47
2455,1,3640,3640,0,0,0,0,0.6929410388881453,0.43604858735989555,0.6929410388881453,0.43604858735989555,1.0,1,0.698274351603789,48
2456,1,3641,3641,0,0,0,0,0.7002632344590003,0.41489570752583504,0.7002632344590003,0.41489570752583504,1.0,1,0.6977151627494254,49
2457,1,3642,3642,0,0,0,0,0.6920294448757445,0.4381095723600755,0.6920294448757445,0.4381095723600755,1.0,1,0.6954074040842345,48
2458,2,3644,3644,0,0,0,0,0.765949573615837,0.5156545471324803,0.765949573615837,0.5156545471324803,1.0,1,0.6320475020976605,49
2459,1,3645,3645,0,0,0,0,0.7666274330089606,0.5497246638180249,0.7666274330089606,0.5497246638180249,1.0,1,0.6263248895633745,49
2460,2,3647,3647,0,0,0,0,0.8072256305263465,0.5855944916151978,0.8072256305263465,0.5855944916151978,1.0,1,0.5901709576504599,50
2461,1,3648,3648,0,0,0,0,0.8100171790702619,0.6134550532252292,0.8100171790702619,0.6134550532252292,1.0,1,0.5865615140208379,50
2462,3,3651,3651,0,0,0,0,0.8384447722019672,0.6978308729313595,0.8384447722019672,0.6978308729313595,1.0,1,0.5590852382103406,51
2463,1,3652,3652,0,0,0,0,0.8413313294922383,0.6605431731136602,0.8413313294922383,0.6605431731136602,1.0,1,0.5541936049757392,51
2464,5,3657,3657,0,0,0,0,0.8066727591597371,0.5679839745660283,0.8066727591597371,0.5679839745660283,1.0,1,0.5857982278736042,50
2465,2,3659,3659,0,0,0,0,0.8324835819745824,0.5679839745660283,0.8324835819745824,0.5679839745660283,1.0,1,0.5590780967235096,49
2466,2,3661,3661,0,0,0,0,0.849817729721126,0.5911704864630652,0.849817729721126,0.5911704864630652,1.0,1,0.5580872921154655,49
2467,3,3664,3664,0,0,0,0,0.8638432372814803,0.6155573758535916,0.8638432372814803,0.6155573758535916,1.0,1,0.5529373584828606,48
2468,2,3666,3666,0,0,0,0,0.8816117329771161,0.6522344656202784,0.8816117329771161,0.6522344656202784,1.0,1,0.5689346389697483,47
2469,2,3668,3668,0,0,0,0,0.8790380749983576,0.6522344656202784,0.8790380749983576,0.6522344656202784,1.0,1,0.5594114317579152,46
2470,0,3668,3668,0,0,0,0,0.8735398056801013,0.6522344656202784,0.8735398056801013,0.6522344656202784,1.0,1,0.5757844747625567,44
2471,0,3668,3668,0,0,0,0,0.8735398056801013,0.6522344656202784,0.8735398056801013,0.6522344656202784,1.0,1,0.5801080197430076,44
2472,0,3668,3668,0,0,0,0,0.849753287764234,0.6111261565662527,0.849753287764234,0.6111261565662527,1.0,1,0.5987903295249363,44
2473,3,3671,3671,0,0,0,0,0.8233881827737755,0.6111261565662527,0.8233881827737755,0.6111261565662527,1.0,1,0.632377183285806,43
2474,3,3674,3674,0,0,0,0,0.7613386109483034,0.5729036842103747,0.7613386109483034,0.5729036842103747,1.0,1,0.6645355877712419,44
2475,1,3675,3675,0,0,0,0,0.7717151930809858,0.5729036842103747,0.7717151930809858,0.5729036842103747,1.0,1,0.6416620635200418,46
2476,1,3676,3676,0,0,0,0,0.753004801276269,0.5500835943563039,0.753004801276269,0.5500835943563039,1.0,1,0.6488764854509527,46
2477,1,3677,3677,0,0,0,0,0.7290126172471199,0.5173973913714455,0.7290126172471199,0.5173973913714455,1.0,1,0.6603185934277603,46
2478,2,3679,3679,0,0,0,0,0.7792437175079876,0.5173973913714455,0.7792437175079876,0.5173973913714455,1.0,1,0.6489462076709103,46
2479,2,3681,3681,0,0,0,0,0.7338261026706203,0.49602546319546925,0.7338261026706203,0.49602546319546925,1.0,1,0.6628576681514031,46
2480,3,3684,3684,0,0,0,0,0.7623737211560326,0.49602546319546925,0.7623737211560326,0.49602546319546925,1.0,1,0.6623504622790621,47
2481,1,3685,3685,0,0,0,0,0.7634646295868781,0.49602546319546925,0.7634646295868781,0.49602546319546925,1.0,1,0.6588361445271653,47
2482,2,3687,3687,0,0,0,0,0.7642007738784469,0.4947159440252432,0.7642007738784469,0.4947159440252432,1.0,1,0.66890372044834,45
2483,0,3687,3687,0,0,0,0,0.7452359465617416,0.4788917088762897,0.7452359465617416,0.4788917088762897,1.0,1,0.6723831775982674,45
2484,1,3688,3688,0,0,0,0,0.7690888388964904,0.4941945994875505,0.7690888388964904,0.4941945994875505,1.0,1,0.665688488586123,46
2485,1,3689,3689,0,0,0,0,0.7812622539390554,0.5190530870673605,0.7812622539390554,0.5190530870673605,1.0,1,0.6687652402782073,44
2486,3,3692,3692,0,0,0,0,0.8012578682773286,0.550215175575007,0.8012578682773286,0.550215175575007,1.0,1,0.6591633990299944,43
2487,0,3692,3692,0,0,0,0,0.8057747349073895,0.550215175575007,0.8057747349073895,0.550215175575007,1.0,1,0.6544428240211456,44
2488,3,3695,3695,0,0,0,0,0.8144385302990118,0.586924341830997,0.8144385302990118,0.586924341830997,1.0,1,0.635107128239867,45
2489,0,3695,3695,0,0,0,0,0.8106717496262624,0.5615556307134498,0.8106717496262624,0.5615556307134498,1.0,1,0.6384982429023512,44
2490,3,3698,3698,0,0,0,0,0.8346619957005807,0.6025077634567495,0.8346619957005807,0.6025077634567495,1.0,1,0.6222772099851267,44
2491,1,3699,3699,0,0,0,0,0.8161423759081564,0.57422444947152,0.8161423759081564,0.57422444947152,1.0,1,0.6101112647391888,44
2492,2,3701,3701,0,0,0,0,0.7893108913989221,0.5364839610776284,0.7893108913989221,0.5364839610776284,1.0,1,0.609067391338482,44
2493,1,3702,3702,0,0,0,0,0.7792780767036327,0.5364839610776284,0.7792780767036327,0.5364839610776284,1.0,1,0.6287008011040952,42
2494,1,3703,3703,0,0,0,0,0.7792780767036325,0.5364839610776284,0.7792780767036325,0.5364839610776284,1.0,1,0.6132744655980724,42
2495,0,3703,3703,0,0,0,0,0.7792780767036325,0.5364839610776284,0.7792780767036325,0.5364839610776284,1.0,1,0.6129501489677021,42
2496,1,3704,3704,0,0,0,0,0.7792780767036325,0.5364839610776284,0.7792780767036325,0.5364839610776284,1.0,1,0.612090523046743,42
2497,0,3704,3704,0,0,0,0,0.789310891398922,0.5364839610776284,0.789310891398922,0.5364839610776284,1.0,1,0.6033210248859445,44
2498,2,3706,3706,0,0,0,0,0.809145609398983,0.5680663791661191,0.809145609398983,0.5680663791661191,1.0,1,0.5849346117470027,43
2499,1,3707,3707,0,0,0,0,0.8091456093989827,0.5680663791661191,0.8091456093989827,0.5680663791661191,1.0,1,0.5866077512679608,43
2500,3,3710,3710,0,0,0,0,0.8636594367547026,0.6471185421886416,0.8636594367547026,0.6471185421886416,1.0,1,0.5410802370318676,44
2501,1,3711,3711,0,0,0,0,0.8470021877195448,0.6090055908388368,0.8470021877195448,0.6090055908388368,1.0,1,0.54627774119362,46
2502,3,3714,3714,0,0,0,0,0.8502574603212566,0.6090055908388368,0.8502574603212566,0.6090055908388368,1.0,1,0.5494906048633859,47
2503,3,3717,3717,0,0,0,0,0.8502574603212566,0.6090055908388368,0.8502574603212566,0.6090055908388368,1.0,1,0.54976094885766,47
2504,1,3718,3718,0,0,0,0,0.8304362739638009,0.6090055908388368,0.8304362739638009,0.6090055908388368,1.0,1,0.5717604003029868,46
2505,5,3723,3723,0,0,0,0,0.8549656132127876,0.6523794259148499,0.8549656132127876,0.6523794259148499,1.0,1,0.576931125453942,46
2506,2,3725,3725,0,0,0,0,0.8239871955064457,0.6238625263770541,0.8239871955064457,0.6238625263770541,1.0,1,0.6151495354483073,45
2507,1,3726,3726,0,0,0,0,0.8203877423385146,0.6148638934572268,0.8203877423385146,0.6148638934572268,1.0,1,0.6204511303834873,45
2508,2,3728,3728,0,0,0,0,0.8028659715065349,0.5768658658208191,0.8028659715065349,0.5768658658208191,1.0,1,0.6310670760755214,46
2509,2,3730,3730,0,0,0,0,0.8203676601499392,0.5746278822884041,0.8203676601499392,0.5746278822884041,1.0,1,0.6288938832484791,45
2510,2,3732,3732,0,0,0,0,0.7985235940602737,0.5366042663386296,0.7985235940602737,0.5366042663386296,1.0,1,0.6427640066764159,46
2511,2,3734,3734,0,0,0,0,0.8235524989955684,0.593722214677901,0.8235524989955684,0.593722214677901,1.0,1,0.6215922019335829,47
2512,0,3734,3734,0,0,0,0,0.8162736753046345,0.593722214677901,0.8162736753046345,0.593722214677901,1.0,1,0.6230623978744737,47
2513,2,3736,3736,0,0,0,0,0.8397390387726111,0.6203943749695299,0.8397390387726111,0.6203943749695299,1.0,1,0.5992021232026905,48
2514,2,3738,3738,0,0,0,0,0.8011859751717928,0.5924684450331728,0.8011859751717928,0.5924684450331728,1.0,1,0.6146183036097767,48
2515,2,3740,3740,0,0,0,0,0.8072527842818173,0.5812102720215867,0.8072527842818173,0.5812102720215867,1.0,1,0.6134045433133443,49
2516,2,3742,3742,0,0,0,0,0.8286251670949936,0.5812102720215867,0.8286251670949936,0.5812102720215867,1.0,1,0.6086387402369955,49
2517,3,3745,3745,0,0,0,0,0.8479637226227329,0.6492013769087429,0.8479637226227329,0.6492013769087429,1.0,1,0.5904458461050182,49
2518,0,3745,3745,0,0,0,0,0.8447963001773733,0.6492013769087429,0.8447963001773733,0.6492013769087429,1.0,1,0.5970322065622587,48
2519,1,3746,3746,0,0,0,0,0.8660632031244528,0.6492013769087429,0.8660632031244528,0.6492013769087429,1.0,1,0.5807866324178674,48
2520,3,3749,3749,0,0,0,0,0.8820811274328746,0.6957316721688815,0.8820811274328746,0.6957316721688815,1.0,1,0.5824714710353611,46
2521,3,3752,3752,0,0,0,0,0.8582567408217833,0.6782627207501944,0.8582567408217833,0.6782627207501944,1.0,1,0.5817920450907554,47
2522,1,3753,3753,0,0,0,0,0.8761763819536198,0.6782627207501944,0.8761763819536198,0.6782627207501944,1.0,1,0.5820016388377925,45
2523,2,3755,3755,0,0,0,0,0.8457559351700208,0.6782627207501944,0.8457559351700208,0.6782627207501944,1.0,1,0.6075410983804437,44
2524,0,3755,3755,0,0,0,0,0.8850938288393552,0.6782627207501944,0.8850938288393552,0.6782627207501944,1.0,1,0.6044580888587535,42
2525,1,3756,3756,0,0,0,0,0.8655035977073328,0.6469469439817483,0.8655035977073328,0.6469469439817483,1.0,1,0.6166387940465382,42
2526,0,3756,3756,0,0,0,0,0.8622231976514141,0.6469469439817483,0.8622231976514141,0.6469469439817483,1.0,1,0.6157733584316828,41
2527,1,3757,3757,0,0,0,0,0.8622231976514141,0.6469469439817483,0.8622231976514141,0.6469469439817483,1.0,1,0.6201861902885667,41
2528,0,3757,3757,0,0,0,0,0.8517774262735119,0.6469469439817483,0.8517774262735119,0.6469469439817483,1.0,1,0.6323929228420546,41
2529,0,3757,3757,0,0,0,0,0.8553065351717616,0.6469469439817483,0.8553065351717616,0.6469469439817483,1.0,1,0.6289157624910484,42
2530,0,3757,3757,0,0,0,0,0.8517774262735119,0.6469469439817483,0.8517774262735119,0.6469469439817483,1.0,1,0.6385704758373943,41
2531,0,3757,3757,0,0,0,0,0.8517774262735119,0.6469469439817483,0.8517774262735119,0.6469469439817483,1.0,1,0.6385704758373943,41
2532,0,3757,3757,0,0,0,0,0.837950785722053,0.6469469439817483,0.837950785722053,0.6469469439817483,1.0,1,0.6341556075637402,43
2533,0,3757,3757,0,0,0,0,0.8379507857220531,0.6469469439817483,0.8379507857220531,0.6469469439817483,1.0,1,0.6341556075637402,43
2534,0,3757,3757,0,0,0,0,0.8379507857220531,0.6469469439817483,0.8379507857220531,0.6469469439817483,1.0,1,0.6341556075637402,43
2535,2,3759,3759,0,0,0,0,0.8143984513431747,0.6469469439817483,0.8143984513431747,0.6469469439817483,1.0,1,0.6484915735246883,44
2536,0,3759,3759,0,0,0,0,0.8143984513431747,0.6469469439817483,0.8143984513431747,0.6469469439817483,1.0,1,0.6484915735246883,44
2537,0,3759,3759,0,0,0,0,0.7968270650556302,0.6469469439817483,0.7968270650556302,0.6469469439817483,1.0,1,0.6488751574146491,45
2538,3,3762,3762,0,0,0,0,0.806036865135808,0.7231681690701416,0.806036865135808,0.7231681690701416,1.0,1,0.5878500802880318,48
2539,5,3767,3767,0,0,0,0,0.8728922935965224,0.7338109027534013,0.8728922935965224,0.7338109027534013,1.0,1,0.5580958685429149,48
2540,3,3770,3770,0,0,0,0,0.8549701574423234,0.733658063104381,0.8549701574423234,0.733658063104381,1.0,1,0.5543816800291588,50
2541,2,3772,3772,0,0,0,0,0.8375239212915879,0.6853354015800828,0.8375239212915879,0.6853354015800828,1.0,1,0.5378879211826258,52
2542,4,3776,3776,0,0,0,0,0.8163601161775043,0.6774680225771895,0.8163601161775043,0.6774680225771895,1.0,1,0.5571822153974046,52
2543,1,3777,3777,0,0,0,0,0.8570298317046235,0.6956364487161562,0.8570298317046235,0.6956364487161562,1.0,1,0.5308967895566423,51
2544,4,3781,3781,0,0,0,0,0.8080391002065518,0.6403715781594573,0.8080391002065518,0.6403715781594573,1.0,1,0.5548374697089996,51
2545,2,3783,3783,0,0,0,0,0.8292487844281612,0.6958548566289261,0.8292487844281612,0.6958548566289261,1.0,1,0.5460834225832283,50
2546,4,3787,3787,0,0,0,0,0.8408282545208178,0.6263539016600373,0.8408282545208178,0.6263539016600373,1.0,1,0.5503536980490212,50
2547,1,3788,3788,0,0,0,0,0.8391230511634338,0.606244374796227,0.8391230511634338,0.606244374796227,1.0,1,0.5846519655165497,47
2548,0,3788,3788,0,0,0,0,0.8605655610031046,0.6533366733123304,0.8605655610031046,0.6533366733123304,1.0,1,0.5763432070844458,46
2549,3,3791,3791,0,0,0,0,0.8605655610031048,0.6533366733123304,0.8605655610031048,0.6533366733123304,1.0,1,0.5739961023872246,46
2550,1,3792,3792,0,0,0,0,0.9014111539073801,0.7521044099127997,0.9014111539073801,0.7521044099127997,1.0,1,0.5637965030612391,44
2551,1,3793,3793,0,0,0,0,0.9220460189061715,0.7623775027810009,0.9220460189061715,0.7623775027810009,1.0,1,0.5604435879871595,43
2552,1,3794,3794,0,0,0,0,0.8976197810671748,0.7081971207904769,0.8976197810671748,0.7081971207904769,1.0,1,0.5747278407312946,43
2553,1,3795,3795,0,0,0,0,0.8832318731656997,0.6788876512056742,0.8832318731656997,0.6788876512056742,1.0,1,0.573975612176304,44
2554,2,3797,3797,0,0,0,0,0.861948542900297,0.6345696723831391,0.861948542900297,0.6345696723831391,1.0,1,0.59506000744162,45
2555,1,3798,3798,0,0,0,0,0.8518617296975157,0.6371133777073889,0.8518617296975157,0.6371133777073889,1.0,1,0.6185468424316212,44
2556,1,3799,3799,0,0,0,0,0.8323793115384656,0.6693562659045914,0.8323793115384656,0.6693562659045914,1.0,1,0.6259277014155226,44
2557,1,3800,3800,0,0,0,0,0.8972309858331501,0.7190980279439435,0.8972309858331501,0.7190980279439435,1.0,1,0.6048982768910768,41
2558,0,3800,3800,0,0,0,0,0.9132233143177888,0.7520666123365398,0.9132233143177888,0.7520666123365398,1.0,1,0.590022554340391,40
2559,0,3800,3800,0,0,0,0,0.8988658790873212,0.7520666123365398,0.8988658790873212,0.7520666123365398,1.0,1,0.5923812512563953,41
2560,0,3800,3800,0,0,0,0,0.8988658790873212,0.7520666123365398,0.8988658790873212,0.7520666123365398,1.0,1,0.5923812512563953,41
2561,0,3800,3800,0,0,0,0,0.8849751359704844,0.7520666123365398,0.8849751359704844,0.7520666123365398,1.0,1,0.5902983307745419,43
2562,0,3800,3800,0,0,0,0,0.8611703192661048,0.6910997182459556,0.8611703192661048,0.6910997182459556,1.0,1,0.5984050024837664,44
2563,0,3800,3800,0,0,0,0,0.8611703192661047,0.6910997182459556,0.8611703192661047,0.6910997182459556,1.0,1,0.5984050024837664,44
2564,2,3802,3802,0,0,0,0,0.8328420286521294,0.6910997182459556,0.8328420286521294,0.6910997182459556,1.0,1,0.5962762654186694,44
2565,2,3804,3804,0,0,0,0,0.8365566502376377,0.6910997182459556,0.8365566502376377,0.6910997182459556,1.0,1,0.5931563188974581,45
2566,3,3807,3807,0,0,0,0,0.7971118846153536,0.6867100612411288,0.7971118846153536,0.6867100612411288,1.0,1,0.5967777089158779,46
2567,1,3808,3808,0,0,0,0,0.757572220475598,0.6350930771252471,0.757572220475598,0.6350930771252471,1.0,1,0.6053472489086031,48
2568,1,3809,3809,0,0,0,0,0.7575722204755982,0.6350930771252471,0.7575722204755982,0.6350930771252471,1.0,1,0.6164995618380597,48
2569,1,3810,3810,0,0,0,0,0.7594195705856998,0.5893335728139487,0.7594195705856998,0.5893335728139487,1.0,1,0.6145120018991331,49
2570,0,3810,3810,0,0,0,0,0.7544074783062351,0.5893335728139487,0.7544074783062351,0.5893335728139487,1.0,1,0.6172274450752399,48
2571,1,3811,3811,0,0,0,0,0.7775676867017484,0.5893335728139487,0.7775676867017484,0.5893335728139487,1.0,1,0.607909345624794,48
2572,2,3813,3813,0,0,0,0,0.7821071216670188,0.5893335728139487,0.7821071216670188,0.5893335728139487,1.0,1,0.5941937887189067,49
2573,0,3813,3813,0,0,0,0,0.7864649792336784,0.5893335728139487,0.7864649792336784,0.5893335728139487,1.0,1,0.591817670562262,50
2574,2,3815,3815,0,0,0,0,0.806987440083848,0.5893335728139487,0.806987440083848,0.5893335728139487,1.0,1,0.5793150000973278,49
2575,0,3815,3815,0,0,0,0,0.8029663450855947,0.5893335728139487,0.8029663450855947,0.5893335728139487,1.0,1,0.5873468910794627,48
2576,0,3815,3815,0,0,0,0,0.8029663450855947,0.5893335728139487,0.8029663450855947,0.5893335728139487,1.0,1,0.5873468910794627,48
2577,1,3816,3816,0,0,0,0,0.770486361803309,0.5568811550944721,0.770486361803309,0.5568811550944721,1.0,1,0.5988402139874376,50
2578,3,3819,3819,0,0,0,0,0.7672313567237147,0.527040075190133,0.7672313567237147,0.527040075190133,1.0,1,0.6064333074975897,50
2579,0,3819,3819,0,0,0,0,0.7717954477683477,0.527040075190133,0.7717954477683477,0.527040075190133,1.0,1,0.5992594000752292,51
2580,2,3821,3821,0,0,0,0,0.7560539019173885,0.5017007476074081,0.7560539019173885,0.5017007476074081,1.0,1,0.6062617686642134,52
2581,0,3821,3821,0,0,0,0,0.7512706450922393,0.5017007476074081,0.7512706450922393,0.5017007476074081,1.0,1,0.6137908725202857,51
2582,2,3823,3823,0,0,0,0,0.7357579925344678,0.4543691431395125,0.7357579925344678,0.4543691431395125,1.0,1,0.6358854217400267,51
2583,5,3828,3828,0,0,0,0,0.7944233581735093,0.5024873527181734,0.7944233581735093,0.5024873527181734,1.0,1,0.5835426024617497,51
2584,2,3830,3830,0,0,0,0,0.7720285870317126,0.47934580332012267,0.7720285870317126,0.47934580332012267,1.0,1,0.6048058589408913,51
2585,3,3833,3833,0,0,0,0,0.8426989275239525,0.5781029592531092,0.8426989275239525,0.5781029592531092,1.0,1,0.5608321344592184,50
2586,3,3836,3836,0,0,0,0,0.841823247561501,0.618256900268642,0.841823247561501,0.618256900268642,1.0,1,0.5506833998452884,50
2587,2,3838,3838,0,0,0,0,0.8968773971466679,0.7577740837894834,0.8968773971466679,0.7577740837894834,1.0,1,0.5190213227929245,48
2588,4,3842,3842,0,0,0,0,0.9018161748534275,0.7241412070075379,0.9018161748534275,0.7241412070075379,1.0,1,0.5234033968074712,50
2589,2,3844,3844,0,0,0,0,0.9724117509985891,0.9016750146573144,0.9724117509985891,0.9016750146573144,1.0,1,0.48354792135259445,48
2590,1,3845,3845,0,0,0,0,0.9735315509766289,0.9364487910560184,0.9735315509766289,0.9364487910560184,1.0,1,0.4896981908958105,47
2591,1,3846,3846,0,0,0,0,0.9536746699067599,0.8656157076365013,0.9536746699067599,0.8656157076365013,1.0,1,0.5012959929928814,47
2592,1,3847,3847,0,0,0,0,0.9561778323245504,0.8656157076365013,0.9561778323245504,0.8656157076365013,1.0,1,0.5007208378041295,47
2593,2,3849,3849,0,0,0,0,0.9072543444166699,0.7795930692440405,0.9072543444166699,0.7795930692440405,1.0,1,0.5319791064404256,47
2594,3,3852,3852,0,0,0,0,0.9173265444949937,0.83168590307948,0.9173265444949937,0.83168590307948,1.0,1,0.5168936236435929,49
2595,2,3854,3854,0,0,0,0,0.9170635820125036,0.83168590307948,0.9170635820125036,0.83168590307948,1.0,1,0.5219889059736562,48
2596,3,3857,3857,0,0,0,0,0.8855138502696683,0.774721455324451,0.8855138502696683,0.774721455324451,1.0,1,0.5529607060521995,47
2597,2,3859,3859,0,0,0,0,0.8647251905867153,0.7113597931932701,0.8647251905867153,0.7113597931932701,1.0,1,0.5735343817966431,48
2598,2,3861,3861,0,0,0,0,0.8404586743965297,0.6254203836919541,0.8404586743965297,0.6254203836919541,1.0,1,0.5996269021388388,48
2599,1,3862,3862,0,0,0,0,0.8255530061549313,0.5951062982134987,0.8255530061549313,0.5951062982134987,1.0,1,0.6018575295157651,49
2600,1,3863,3863,0,0,0,0,0.7901943887372224,0.5951062982134987,0.7901943887372224,0.5951062982134987,1.0,1,0.6001795182084882,52
2601,2,3865,3865,0,0,0,0,0.770698076596101,0.5285270306442076,0.770698076596101,0.5285270306442076,1.0,1,0.6254362272013226,51
2602,0,3865,3865,0,0,0,0,0.775107728969253,0.5285270306442076,0.775107728969253,0.5285270306442076,1.0,1,0.6172916659073112,52
2603,1,3866,3866,0,0,0,0,0.7586223623549675,0.566863367794788,0.7586223623549675,0.566863367794788,1.0,1,0.6075367744969224,53
2604,0,3866,3866,0,0,0,0,0.7586223623549675,0.566863367794788,0.7586223623549675,0.566863367794788,1.0,1,0.6075367744969224,53
2605,1,3867,3867,0,0,0,0,0.7783480431698453,0.5982762144354725,0.7783480431698453,0.5982762144354725,1.0,1,0.6029151229532866,52
2606,0,3867,3867,0,0,0,0,0.7783480431698453,0.5982762144354725,0.7783480431698453,0.5982762144354725,1.0,1,0.6029151229532866,52
2607,0,3867,3867,0,0,0,0,0.797357994216721,0.5982762144354725,0.797357994216721,0.5982762144354725,1.0,1,0.6010654805033967,52
2608,0,3867,3867,0,0,0,0,0.7973579942167208,0.5982762144354725,0.7973579942167208,0.5982762144354725,1.0,1,0.6010654805033967,52
2609,2,3869,3869,0,0,0,0,0.801962012493514,0.5558421486326741,0.801962012493514,0.5558421486326741,1.0,1,0.6011780588960123,53
2610,0,3869,3869,0,0,0,0,0.791726165508385,0.5558421486326741,0.791726165508385,0.5558421486326741,1.0,1,0.6016178588472707,54
2611,3,3872,3872,0,0,0,0,0.7714033118306497,0.49818414512561454,0.7714033118306497,0.49818414512561454,1.0,1,0.6248648455348487,54
2612,2,3874,3874,0,0,0,0,0.7263047738912343,0.4695829009000623,0.7263047738912343,0.4695829009000623,1.0,1,0.6348583431713759,56
2613,1,3875,3875,0,0,0,0,0.709887963683196,0.4519045248750529,0.709887963683196,0.4519045248750529,1.0,1,0.6418589404765005,56
2614,1,3876,3876,0,0,0,0,0.6906667813879038,0.42893536255281756,0.6906667813879038,0.42893536255281756,1.0,1,0.6543090731610469,56
2615,1,3877,3877,0,0,0,0,0.6811527696195377,0.41724506038774345,0.6811527696195377,0.41724506038774345,1.0,1,0.6551026540179142,57
2616,1,3878,3878,0,0,0,0,0.6996381396016675,0.4377194581864019,0.6996381396016675,0.4377194581864019,1.0,1,0.6365799262589643,57
2617,1,3879,3879,0,0,0,0,0.687504632617671,0.41931009470071295,0.687504632617671,0.41931009470071295,1.0,1,0.6438536885801316,58
2618,2,3881,3881,0,0,0,0,0.7193072651411198,0.4366647436170012,0.7193072651411198,0.4366647436170012,1.0,1,0.6224919045378252,58
2619,1,3882,3882,0,0,0,0,0.7370090596911086,0.4366647436170012,0.7370090596911086,0.4366647436170012,1.0,1,0.6233259990484473,58
2620,3,3885,3885,0,0,0,0,0.7723588326101044,0.45139318144491947,0.7723588326101044,0.45139318144491947,1.0,1,0.5886151183201769,60
2621,3,3888,3888,0,0,0,0,0.7782920265912862,0.4312708508211252,0.7782920265912862,0.4312708508211252,1.0,1,0.5843824547749503,59
2622,2,3890,3890,0,0,0,0,0.8150434088958417,0.474134980176866,0.8150434088958417,0.474134980176866,1.0,1,0.5557058823112934,60
2623,1,3891,3891,0,0,0,0,0.8213474620635918,0.502345763605418,0.8213474620635918,0.502345763605418,1.0,1,0.5406977338340669,59
2624,2,3893,3893,0,0,0,0,0.8101000696932557,0.47551447820042014,0.8101000696932557,0.47551447820042014,1.0,1,0.5383326642908136,58
2625,3,3896,3896,0,0,0,0,0.8104249871067433,0.4764118691519575,0.8104249871067433,0.4764118691519575,1.0,1,0.5594796443757492,58
2626,2,3898,3898,0,0,0,0,0.8070991096875633,0.4764118691519575,0.8070991096875633,0.4764118691519575,1.0,1,0.5666734278325597,57
2627,2,3900,3900,0,0,0,0,0.8059239579838541,0.4917056042434273,0.8059239579838541,0.4917056042434273,1.0,1,0.5572420844505396,55
2628,4,3904,3904,0,0,0,0,0.7871119181409414,0.46777979535235353,0.7871119181409414,0.46777979535235353,1.0,1,0.5883584249836703,55
2629,0,3904,3904,0,0,0,0,0.7831695462546625,0.46777979535235353,0.7831695462546625,0.46777979535235353,1.0,1,0.5919834603271965,54
2630,3,3907,3907,0,0,0,0,0.7685804195069496,0.4932949165995665,0.7685804195069496,0.4932949165995665,1.0,1,0.6192357239563573,55
2631,1,3908,3908,0,0,0,0,0.7836427774900199,0.5089499584818983,0.7836427774900199,0.5089499584818983,1.0,1,0.5988062063941655,55
2632,3,3911,3911,0,0,0,0,0.7987188883832205,0.5841901274661319,0.7987188883832205,0.5841901274661319,1.0,1,0.5776021381939925,55
2633,2,3913,3913,0,0,0,0,0.8082457578593715,0.6252241376191995,0.8082457578593715,0.6252241376191995,1.0,1,0.5806525106698176,53
2634,2,3915,3915,0,0,0,0,0.8413957581336843,0.7054523496079212,0.8413957581336843,0.7054523496079212,1.0,1,0.5599325492367268,52
2635,2,3917,3917,0,0,0,0,0.8182061991467963,0.6285089579377351,0.8182061991467963,0.6285089579377351,1.0,1,0.575177049018126,52
2636,4,3921,3921,0,0,0,0,0.8736110859238995,0.7213179471350142,0.8736110859238995,0.7213179471350142,1.0,1,0.5515750206934462,51
2637,4,3925,3925,0,0,0,0,0.8909029020024188,0.7472260848592601,0.8909029020024188,0.7472260848592601,1.0,1,0.5551169730292482,50
2638,4,3929,3929,0,0,0,0,0.9014847122787103,0.7418918593245528,0.9014847122787103,0.7418918593245528,1.0,1,0.5608147348525577,48
2639,2,3931,3931,0,0,0,0,0.920850560108834,0.8088854860509663,0.920850560108834,0.8088854860509663,1.0,1,0.5451065067322824,48
2640,6,3937,3937,0,0,0,0,0.8983694677801322,0.8016821346897594,0.8983694677801322,0.8016821346897594,1.0,1,0.5728047602873875,46
2641,2,3939,3939,0,0,0,0,0.9127127185707478,0.8266226677576366,0.9127127185707478,0.8266226677576366,1.0,1,0.5571107584726576,46
2642,4,3943,3943,0,0,0,0,0.8971552891497224,0.7805434440451313,0.8971552891497224,0.7805434440451313,1.0,1,0.5666735271170119,47
2643,1,3944,3944,0,0,0,0,0.8698579832525345,0.7269945915305958,0.8698579832525345,0.7269945915305958,1.0,1,0.5911662453773523,45
2644,2,3946,3946,0,0,0,0,0.8672939774761715,0.7281496423697619,0.8672939774761715,0.7281496423697619,1.0,1,0.6135706436492675,44
2645,1,3947,3947,0,0,0,0,0.8812106953559897,0.7694399165390321,0.8812106953559897,0.7694399165390321,1.0,1,0.6091926905149128,42
2646,1,3948,3948,0,0,0,0,0.8591676878109876,0.7137013468311569,0.8591676878109876,0.7137013468311569,1.0,1,0.628403171349484,43
2647,2,3950,3950,0,0,0,0,0.8505308125569433,0.7188361419248409,0.8505308125569433,0.7188361419248409,1.0,1,0.6428077778385789,40
2648,2,3952,3952,0,0,0,0,0.8442191307449768,0.6242931976790617,0.8442191307449768,0.6242931976790617,1.0,1,0.6374306020347107,41
2649,0,3952,3952,0,0,0,0,0.8094794637767805,0.6242931976790617,0.8094794637767805,0.6242931976790617,1.0,1,0.6390060019045435,43
2650,1,3953,3953,0,0,0,0,0.8089429815361687,0.5881540595788838,0.8089429815361687,0.5881540595788838,1.0,1,0.6477941853013723,43
2651,0,3953,3953,0,0,0,0,0.8132851865012558,0.5881540595788838,0.8132851865012558,0.5881540595788838,1.0,1,0.6366167356713258,44
2652,1,3954,3954,0,0,0,0,0.8052347686957476,0.5489647275059418,0.8052347686957476,0.5489647275059418,1.0,1,0.6431100200957168,44
2653,0,3954,3954,0,0,0,0,0.8052347686957476,0.5489647275059418,0.8052347686957476,0.5489647275059418,1.0,1,0.6431100200957168,44
2654,2,3956,3956,0,0,0,0,0.824063658671123,0.577018310641618,0.824063658671123,0.577018310641618,1.0,1,0.6250102145290657,45
2655,1,3957,3957,0,0,0,0,0.8111578312359,0.5527422318745001,0.8111578312359,0.5527422318745001,1.0,1,0.6290166546342516,45
2656,1,3958,3958,0,0,0,0,0.8338171873176007,0.584542968294002,0.8338171873176007,0.584542968294002,1.0,1,0.6111879455344937,45
2657,0,3958,3958,0,0,0,0,0.8338171873176007,0.584542968294002,0.8338171873176007,0.584542968294002,1.0,1,0.6125380553295829,45
2658,3,3961,3961,0,0,0,0,0.8854670355045253,0.6635594167945431,0.8854670355045253,0.6635594167945431,1.0,1,0.543102817108182,47
2659,1,3962,3962,0,0,0,0,0.8643313036861674,0.6328964687978647,0.8643313036861674,0.6328964687978647,1.0,1,0.56304725009317,46
2660,3,3965,3965,0,0,0,0,0.8834531066027272,0.6649276814828412,0.8834531066027272,0.6649276814828412,1.0,1,0.519399875054968,46
2661,4,3969,3969,0,0,0,0,0.8771794795314511,0.709443475147597,0.8771794795314511,0.709443475147597,1.0,1,0.5387000656122417,46
2662,3,3972,3972,0,0,0,0,0.9072691941960416,0.709443475147597,0.9072691941960416,0.709443475147597,1.0,1,0.5404306929028226,47
2663,5,3977,3977,0,0,0,0,0.9229893716762901,0.7469650783649533,0.9229893716762901,0.7469650783649533,1.0,1,0.523161424406086,46
2664,4,3981,3981,0,0,0,0,0.8695991470057794,0.6627847176116279,0.8695991470057794,0.6627847176116279,1.0,1,0.5712368553300661,45
2665,2,3983,3983,0,0,0,0,0.8040313808927726,0.6242727280142918,0.8040313808927726,0.6242727280142918,1.0,1,0.5832667449894247,47
2666,4,3987,3987,0,0,0,0,0.8003578643591533,0.5860354051928685,0.8003578643591533,0.5860354051928685,1.0,1,0.5825623039548886,47
2667,1,3988,3988,0,0,0,0,0.8177706439018952,0.6312645084809828,0.8177706439018952,0.6312645084809828,1.0,1,0.5841123703513221,45
2668,4,3992,3992,0,0,0,0,0.8581766869189424,0.6696007496346642,0.8581766869189424,0.6696007496346642,1.0,1,0.5681181916575782,45
2669,2,3994,3994,0,0,0,0,0.8613036680990989,0.7240591618012658,0.8613036680990989,0.7240591618012658,1.0,1,0.5720769852024596,45
2670,4,3998,3998,0,0,0,0,0.9253344718006796,0.7600036593593273,0.9253344718006796,0.7600036593593273,1.0,1,0.5475868768663674,45
2671,3,4001,4001,0,0,0,0,0.922631296982076,0.7734202268760798,0.922631296982076,0.7734202268760798,1.0,1,0.5474727579601486,41
2672,4,4005,4005,0,0,0,0,0.8897083793997412,0.7058890117326431,0.8897083793997412,0.7058890117326431,1.0,1,0.5975188527293803,40
2673,1,4006,4006,0,0,0,0,0.9172971416797688,0.7696134661079276,0.9172971416797688,0.7696134661079276,1.0,1,0.5817605265578105,39
2674,1,4007,4007,0,0,0,0,0.9347860529626909,0.8143910738168892,0.9347860529626909,0.8143910738168892,1.0,1,0.5791609285555092,37
2675,4,4011,4011,0,0,0,0,0.9534063999991259,0.8641019999974509,0.9534063999991259,0.8641019999974509,1.0,1,0.5940348893761647,35
2676,1,4012,4012,0,0,0,0,0.9520359999991002,0.8641019999974509,0.9520359999991002,0.8641019999974509,1.0,1,0.608617425936315,34
2677,1,4013,4013,0,0,0,0,0.9883241571492156,0.9660339117068092,0.9883241571492156,0.9660339117068092,1.0,1,0.6072039835380652,32
2678,1,4014,4014,0,0,0,0,1.0,1.0,1.0,1.0,1.0,1,0.6032914239495591,33
2679,3,4017,4017,0,0,0,0,1.0,1.0,1.0,1.0,1.0,1,0.5956996166169356,33
2680,2,4019,4019,0,0,0,0,0.9633904930885605,0.8901714792656814,0.9633904930885605,0.8901714792656814,1.0,1,0.6223876687030127,33
2681,2,4021,4021,0,0,0,0,1.0,1.0,1.0,1.0,1.0,1,0.5430035601403335,32
2682,2,4023,4023,0,0,0,0,0.9636956851495793,0.8943874477078668,0.9636956851495793,0.8943874477078668,1.0,1,0.5695956872193415,32
2683,1,4024,4024,0,0,0,0,1.0,1.0,1.0,1.0,1.0,1,0.5365171717476527,32
2684,1,4025,4025,0,0,0,0,1.0,1.0,1.0,1.0,1.0,1,0.5495174445441179,31
2685,0,4025,4025,0,0,0,0,1.0,1.0,1.0,1.0,1.0,1,0.545364995816138,30
2686,1,4026,4026,0,0,0,0,1.0,1.0,1.0,1.0,1.0,1,0.5658231291210746,29
2687,0,4026,4026,0,0,0,0,1.0,1.0,1.0,1.0,1.0,1,0.5698900617501994,28
2688,0,4026,4026,0,0,0,0,1.0,1.0,1.0,1.0,1.0,1,0.5698900617501994,28
2689,0,4026,4026,0,0,0,0,1.0,1.0,1.0,1.0,1.0,1,0.5802087957317261,29
2690,1,4027,4027,0,0,0,0,1.0,1.0,1.0,1.0,1.0,1,0.5935752053301072,29
2691,3,4030,4030,0,0,0,0,1.0,1.0,1.0,1.0,1.0,1,0.5861157649832118,29
2692,0,4030,4030,0,0,0,0,0.9762533143996215,0.9330775223989332,0.9762533143996215,0.9330775223989332,1.0,1,0.6032021694883508,31
2693,2,4032,4032,0,0,0,0,0.9769953983246333,0.9330775223989332,0.9769953983246333,0.9330775223989332,1.0,1,0.6080272438883689,32
2694,1,4033,4033,0,0,0,0,0.940081149708392,0.8402163992223786,0.940081149708392,0.8402163992223786,1.0,1,0.633173017560578,32
2695,3,4036,4036,0,0,0,0,1.0,1.0,1.0,1.0,1.0,1,0.5894234618410258,33
2696,0,4036,4036,0,0,0,0,1.0,1.0,1.0,1.0,1.0,1,0.5894234618410258,33
2697,2,4038,4038,0,0,0,0,0.9744241572665456,0.9472217865752753,0.9744241572665456,0.9472217865752753,1.0,1,0.6225199511580187,34
2698,2,4040,4040,0,0,0,0,0.9656123826729713,0.8937110009891838,0.9656123826729713,0.8937110009891838,1.0,1,0.6167928558110447,34
2699,1,4041,4041,0,0,0,0,0.9675228058578063,0.8937110009891838,0.9675228058578063,0.8937110009891838,1.0,1,0.5806231829250661,36
2700,2,4043,4043,0,0,0,0,0.967522805857806,0.8937110009891838,0.967522805857806,0.8937110009891838,1.0,1,0.5776226752603668,36
2701,0,4043,4043,0,0,0,0,0.9675228058578063,0.8937110009891838,0.9675228058578063,0.8937110009891838,1.0,1,0.5776226752603668,36
2702,3,4046,4046,0,0,0,0,0.9507717482855819,0.8523152448567454,0.9507717482855819,0.8523152448567454,1.0,1,0.5765772015145307,36
2703,2,4048,4048,0,0,0,0,0.952468908396501,0.910148342161025,0.952468908396501,0.910148342161025,1.0,1,0.5509279663146447,38
2704,3,4051,4051,0,0,0,0,0.9309174566713446,0.8397236296928077,0.9309174566713446,0.8397236296928077,1.0,1,0.5823099269180171,37
2705,1,4052,4052,0,0,0,0,0.9465745432309358,0.8397236296928077,0.9465745432309358,0.8397236296928077,1.0,1,0.5584021564316078,36
2706,1,4053,4053,0,0,0,0,0.9194427546285528,0.7893118197977536,0.9194427546285528,0.7893118197977536,1.0,1,0.5779454442709402,34
2707,3,4056,4056,0,0,0,0,0.9239181571491889,0.7893118197977536,0.9239181571491889,0.7893118197977536,1.0,1,0.5722364138584108,36
2708,3,4059,4059,0,0,0,0,0.8907942615939294,0.7191852440986757,0.8907942615939294,0.7191852440986757,1.0,1,0.6022972844836146,36
2709,2,4061,4061,0,0,0,0,0.8755777034752295,0.7067188724773266,0.8755777034752295,0.7067188724773266,1.0,1,0.611577387064223,33
2710,3,4064,4064,0,0,0,0,0.8716895067088304,0.7067188724773266,0.8716895067088304,0.7067188724773266,1.0,1,0.6379711570303003,32
2711,4,4068,4068,0,0,0,0,0.8931694656257017,0.7616857310111806,0.8931694656257017,0.7616857310111806,1.0,1,0.6146480522217845,29
2712,2,4070,4070,0,0,0,0,0.9919271628697831,0.9773960560353929,0.9919271628697831,0.9773960560353929,1.0,1,0.5696822198852226,28
2713,2,4072,4072,0,0,0,0,0.95546633584488,0.8866415821506036,0.95546633584488,0.8866415821506036,1.0,1,0.5641766156645912,28
2714,2,4074,4074,0,0,0,0,1.0,1.0,1.0,1.0,1.0,1,0.5151104818145018,25
2715,2,4076,4076,0,0,0,0,1.0,1.0,1.0,1.0,1.0,1,0.521456238052583,24
2716,0,4076,4076,0,0,0,0,1.0,1.0,1.0,1.0,1.0,1,0.5040980269971953,23
2717,2,4078,4078,0,0,0,0,1.0,1.0,1.0,1.0,1.0,1,0.5193261133106606,24
2718,1,4079,4079,0,0,0,0,1.0,1.0,1.0,1.0,1.0,1,0.5254240943681625,24
2719,1,4080,4080,0,0,0,0,1.0,1.0,1.0,1.0,1.0,1,0.5525726910149037,25
2720,2,4082,4082,0,0,0,0,1.0,1.0,1.0,1.0,1.0,1,0.5928462398800121,25
2721,2,4084,4084,0,0,0,0,1.0,1.0,1.0,1.0,1.0,1,0.6210378465735801,26
2722,1,4085,4085,0,0,0,0,1.0,1.0,1.0,1.0,1.0,1,0.6421706624389261,26
2723,1,4086,4086,0,0,0,0,1.0,1.0,1.0,1.0,1.0,1,0.6705228460562531,26
2724,1,4087,4087,0,0,0,0,0.9798520608446329,0.9505459675277352,0.9798520608446329,0.9505459675277352,1.0,1,0.6805409586565124,27
2725,0,4087,4087,0,0,0,0,0.9798520608446329,0.9505459675277352,0.9798520608446329,0.9505459675277352,1.0,1,0.6805409586565124,27
2726,0,4087,4087,0,0,0,0,0.9805716301001818,0.9505459675277352,0.9805716301001818,0.9505459675277352,1.0,1,0.6707172576929222,28
2727,1,4088,4088,0,0,0,0,1.0,1.0,1.0,1.0,1.0,1,0.6523368513345594,29
2728,0,4088,4088,0,0,0,0,1.0,1.0,1.0,1.0,1.0,1,0.6524537778839962,28
2729,1,4089,4089,0,0,0,0,1.0,1.0,1.0,1.0,1.0,1,0.6287426713796619,28
2730,0,4089,4089,0,0,0,0,1.0,1.0,1.0,1.0,1.0,1,0.6138225169488337,29
2731,1,4090,4090,0,0,0,0,1.0,1.0,1.0,1.0,1.0,1,0.6269429301071093,30
2732,0,4090,4090,0,0,0,0,1.0,1.0,1.0,1.0,1.0,1,0.6427712645933383,29
2733,0,4090,4090,0,0,0,0,1.0,1.0,1.0,1.0,1.0,1,0.6427712645933383,29
2734,0,4090,4090,0,0,0,0,1.0,1.0,1.0,1.0,1.0,1,0.6427712645933383,29
2735,2,4092,4092,0,0,0,0,1.0,1.0,1.0,1.0,1.0,1,0.6141014322114919,29
2736,0,4092,4092,0,0,0,0,1.0,1.0,1.0,1.0,1.0,1,0.615322569856132,30
2737,1,4093,4093,0,0,0,0,1.0,1.0,1.0,1.0,1.0,1,0.5966817200148564,30
2738,3,4096,4096,0,0,0,0,1.0,1.0,1.0,1.0,1.0,1,0.5864450051244489,29
2739,0,4096,4096,0,0,0,0,1.0,1.0,1.0,1.0,1.0,1,0.578329735694014,30
2740,2,4098,4098,0,0,0,0,1.0,1.0,1.0,1.0,1.0,1,0.5997985103941903,29
2741,2,4100,4100,0,0,0,0,0.9957999188382282,0.9878197646308616,0.9957999188382282,0.9878197646308616,1.0,1,0.6264811669279169,29
2742,2,4102,4102,0,0,0,0,1.0,1.0,1.0,1.0,1.0,1,0.6185902885673307,29
2743,2,4104,4104,0,0,0,0,0.9853683335432883,0.9561050006298649,0.9853683335432883,0.9561050006298649,1.0,1,0.6466922028097417,30
2744,2,4106,4106,0,0,0,0,0.9843232145106661,0.9561050006298649,0.9843232145106661,0.9561050006298649,1.0,1,0.6544676279866054,28
2745,1,4107,4107,0,0,0,0,0.9192110683605382,0.8182249038112108,0.9192110683605382,0.8182249038112108,1.0,1,0.6760850475117663,27
2746,2,4109,4109,0,0,0,0,0.9179103819227051,0.8221391608325276,0.9179103819227051,0.8221391608325276,1.0,1,0.7117258251162165,26
2747,3,4112,4112,0,0,0,0,0.8900724054217034,0.8139686860982674,0.8900724054217034,0.8139686860982674,1.0,1,0.7535250015620439,22
2748,0,4112,4112,0,0,0,0,0.9007092159440067,0.8319694423667805,0.9007092159440067,0.8319694423667805,1.0,1,0.7517931920080206,22
2749,2,4114,4114,0,0,0,0,0.9366941529322057,0.8944902548870096,0.9366941529322057,0.8944902548870096,1.0,1,0.7360256301858773,20
2750,2,4116,4116,0,0,0,0,1.0,1.0,1.0,1.0,1.0,1,0.6918813603502644,17
2751,1,4117,4117,0,0,0,0,1.0,1.0,1.0,1.0,1.0,1,0.6499318541008323,17
2752,2,4119,4119,0,0,0,0,1.0,1.0,1.0,1.0,1.0,1,0.5805591437406574,16
2753,0,4119,4119,0,0,0,0,1.0,1.0,1.0,1.0,1.0,1,0.5805591437406574,16
2754,1,4120,4120,0,0,0,0,1.0,1.0,1.0,1.0,1.0,1,0.6351062950550722,16
2755,0,4120,4120,0,0,0,0,1.0,1.0,1.0,1.0,1.0,1,0.6351062950550722,16
2756,0,4120,4120,0,0,0,0,1.0,1.0,1.0,1.0,1.0,1,0.6498328786041601,17
2757,0,4120,4120,0,0,0,0,1.0,1.0,1.0,1.0,1.0,1,0.650930884281357,18
2758,0,4120,4120,0,0,0,0,1.0,1.0,1.0,1.0,1.0,1,0.650930884281357,18
2759,1,4121,4121,0,0,0,0,1.0,1.0,1.0,1.0,1.0,1,0.6401514796473611,19
2760,0,4121,4121,0,0,0,0,1.0,1.0,1.0,1.0,1.0,1,0.6217658184591509,18
2761,0,4121,4121,0,0,0,0,1.0,1.0,1.0,1.0,1.0,1,0.6217658184591509,18
2762,1,4122,4122,0,0,0,0,1.0,1.0,1.0,1.0,1.0,1,0.6070804547405754,18
2763,0,4122,4122,0,0,0,0,1.0,1.0,1.0,1.0,1.0,1,0.6070804547405754,18
2764,1,4123,4123,0,0,0,0,1.0,1.0,1.0,1.0,1.0,1,0.6081097354117309,18
2765,1,4124,4124,0,0,0,0,1.0,1.0,1.0,1.0,1.0,1,0.6152252219246483,18
2766,0,4124,4124,0,0,0,0,1.0,1.0,1.0,1.0,1.0,1,0.6152252219246483,18
2767,0,4124,4124,0,0,0,0,1.0,1.0,1.0,1.0,1.0,1,0.6493614942068743,17
2768,0,4124,4124,0,0,0,0,1.0,1.0,1.0,1.0,1.0,1,0.6493614942068743,17
2769,0,4124,4124,0,0,0,0,1.0,1.0,1.0,1.0,1.0,1,0.6493614942068743,17
2770,0,4124,4124,0,0,0,0,1.0,1.0,1.0,1.0,1.0,1,0.6493614942068743,17
2771,0,4124,4124,0,0,0,0,1.0,1.0,1.0,1.0,1.0,1,0.6493614942068743,17
2772,0,4124,4124,0,0,0,0,1.0,1.0,1.0,1.0,1.0,1,0.6493614942068743,17
2773,0,4124,4124,0,0,0,0,1.0,1.0,1.0,1.0,1.0,1,0.6493614942068743,17
2774,0,4124,4124,0,0,0,0,1.0,1.0,1.0,1.0,1.0,1,0.6036194411644925,18
2775,3,4127,4127,0,0,0,0,1.0,1.0,1.0,1.0,1.0,1,0.6150450109107181,20
2776,0,4127,4127,0,0,0,0,1.0,1.0,1.0,1.0,1.0,1,0.5867742711778132,21
2777,1,4128,4128,0,0,0,0,1.0,1.0,1.0,1.0,1.0,1,0.6089001428311688,21
2778,2,4130,4130,0,0,0,0,1.0,1.0,1.0,1.0,1.0,1,0.5828096311795276,21
2779,2,4132,4132,0,0,0,0,1.0,1.0,1.0,1.0,1.0,1,0.5159371385785652,22
2780,1,4133,4133,0,0,0,0,1.0,1.0,1.0,1.0,1.0,1,0.4894510807531408,22
2781,1,4134,4134,0,0,0,0,1.0,1.0,1.0,1.0,1.0,1,0.5092882438027764,22
2782,2,4136,4136,0,0,0,0,1.0,1.0,1.0,1.0,1.0,1,0.5294287265591486,23
2783,1,4137,4137,0,0,0,0,1.0,1.0,1.0,1.0,1.0,1,0.5220270753821531,22
2784,2,4139,4139,0,0,0,0,1.0,1.0,1.0,1.0,1.0,1,0.6082277707084885,21
2785,0,4139,4139,0,0,0,0,1.0,1.0,1.0,1.0,1.0,1,0.5814906754292446,19
2786,1,4140,4140,0,0,0,0,1.0,1.0,1.0,1.0,1.0,1,0.6262605382128791,19
2787,0,4140,4140,0,0,0,0,1.0,1.0,1.0,1.0,1.0,1,0.5948097022573642,20
2788,1,4141,4141,0,0,0,0,1.0,1.0,1.0,1.0,1.0,1,0.5662782884410664,20
2789,0,4141,4141,0,0,0,0,1.0,1.0,1.0,1.0,1.0,1,0.5547699026659549,19
2790,1,4142,4142,0,0,0,0,1.0,1.0,1.0,1.0,1.0,1,0.5368631984047623,20
2791,1,4143,4143,0,0,0,0,1.0,1.0,1.0,1.0,1.0,1,0.5652049114498704,20
2792,0,4143,4143,0,0,0,0,1.0,1.0,1.0,1.0,1.0,1,0.5652049114498704,20
2793,0,4143,4143,0,0,0,0,1.0,1.0,1.0,1.0,1.0,1,0.5600161459113584,19
2794,1,4144,4144,0,0,0,0,1.0,1.0,1.0,1.0,1.0,1,0.5966223341205527,20
2795,0,4144,4144,0,0,0,0,1.0,1.0,1.0,1.0,1.0,1,0.6003875225567549,21
2796,1,4145,4145,0,0,0,0,1.0,1.0,1.0,1.0,1.0,1,0.6364699107128968,22
2797,0,4145,4145,0,0,0,0,1.0,1.0,1.0,1.0,1.0,1,0.6344767528150914,21
2798,0,4145,4145,0,0,0,0,1.0,1.0,1.0,1.0,1.0,1,0.6344767528150914,21
2799,0,4145,4145,0,0,0,0,1.0,1.0,1.0,1.0,1.0,1,0.6330178141830985,20
2800,0,4145,4145,0,0,0,0,1.0,1.0,1.0,1.0,1.0,1,0.6330178141830985,20
2801,0,4145,4145,0,0,0,0,1.0,1.0,1.0,1.0,1.0,1,0.6330178141830985,20
2802,0,4145,4145,0,0,0,0,1.0,1.0,1.0,1.0,1.0,1,0.6330178141830985,20
2803,1,4146,4146,0,0,0,0,1.0,1.0,1.0,1.0,1.0,1,0.6136973383559491,21
2804,0,4146,4146,0,0,0,0,1.0,1.0,1.0,1.0,1.0,1,0.6020015749912131,22
2805,5,4151,4151,0,0,0,0,1.0,1.0,1.0,1.0,1.0,1,0.5163010901214117,22
2806,2,4153,4153,0,0,0,0,1.0,1.0,1.0,1.0,1.0,1,0.5474138926068755,23
2807,3,4156,4156,0,0,0,0,1.0,1.0,1.0,1.0,1.0,1,0.6259118556861529,24
2808,2,4158,4158,0,0,0,0,1.0,1.0,1.0,1.0,1.0,1,0.6700146024394954,24
2809,0,4158,4158,0,0,0,0,1.0,1.0,1.0,1.0,1.0,1,0.6529634446529909,26
2810,0,4158,4158,0,0,0,0,1.0,1.0,1.0,1.0,1.0,1,0.6345117313897498,26
2811,0,4158,4158,0,0,0,0,1.0,1.0,1.0,1.0,1.0,1,0.6167541745087373,27
2812,0,4158,4158,0,0,0,0,1.0,1.0,1.0,1.0,1.0,1,0.6167541745087373,27
2813,0,4158,4158,0,0,0,0,1.0,1.0,1.0,1.0,1.0,1,0.5953907812774278,28
2814,2,4160,4160,0,0,0,0,1.0,1.0,1.0,1.0,1.0,1,0.5954835021010616,29
2815,0,4160,4160,0,0,0,0,1.0,1.0,1.0,1.0,1.0,1,0.5859111943485252,30
2816,3,4163,4163,0,0,0,0,0.9364923618371149,0.848558708996197,0.9364923618371149,0.848558708996197,1.0,1,0.6497820790901698,31
2817,0,4163,4163,0,0,0,0,0.9364923618371149,0.848558708996197,0.9364923618371149,0.848558708996197,1.0,1,0.6497820790901698,31
2818,3,4166,4166,0,0,0,0,0.9127858925526291,0.8006534686917237,0.9127858925526291,0.8006534686917237,1.0,1,0.6380917142802102,32
2819,1,4167,4167,0,0,0,0,0.9461369977096351,0.8674141482083325,0.9461369977096351,0.8674141482083325,1.0,1,0.6075972144604339,32
2820,1,4168,4168,0,0,0,0,0.9477692099002523,0.8674141482083325,0.9477692099002523,0.8674141482083325,1.0,1,0.5964931290517195,33
2821,2,4170,4170,0,0,0,0,1.0,1.0,1.0,1.0,1.0,1,0.5571947204796649,34
2822,0,4170,4170,0,0,0,0,1.0,1.0,1.0,1.0,1.0,1,0.5450048708538443,35
2823,1,4171,4171,0,0,0,0,1.0,1.0,1.0,1.0,1.0,1,0.5631473909668941,31
2824,2,4173,4173,0,0,0,0,1.0,1.0,1.0,1.0,1.0,1,0.5795371357698275,33
2825,0,4173,4173,0,0,0,0,1.0,1.0,1.0,1.0,1.0,1,0.5827838896972323,31
2826,1,4174,4174,0,0,0,0,1.0,1.0,1.0,1.0,1.0,1,0.5996848456370727,31
2827,3,4177,4177,0,0,0,0,1.0,1.0,1.0,1.0,1.0,1,0.5513139915481972,32
2828,0,4177,4177,0,0,0,0,1.0,1.0,1.0,1.0,1.0,1,0.5546817107044582,33
2829,2,4179,4179,0,0,0,0,0.9879069360435146,0.9667440741196658,0.9879069360435146,0.9667440741196658,1.0,1,0.5690595588228223,33
2830,0,4179,4179,0,0,0,0,1.0,1.0,1.0,1.0,1.0,1,0.5627490552303444,32
2831,3,4182,4182,0,0,0,0,0.9882611076614056,0.969674528125298,0.9882611076614056,0.969674528125298,1.0,1,0.5937544974948225,31
2832,5,4187,4187,0,0,0,0,1.0,1.0,1.0,1.0,1.0,1,0.5693672657015456,30
2833,4,4191,4191,0,0,0,0,1.0,1.0,1.0,1.0,1.0,1,0.5580980384406907,29
2834,2,4193,4193,0,0,0,0,1.0,1.0,1.0,1.0,1.0,1,0.5994230497623222,29
2835,1,4194,4194,0,0,0,0,1.0,1.0,1.0,1.0,1.0,1,0.6311101555358031,27
2836,3,4197,4197,0,0,0,0,1.0,1.0,1.0,1.0,1.0,1,0.6257195154617224,27
2837,0,4197,4197,0,0,0,0,1.0,1.0,1.0,1.0,1.0,1,0.6154760636316764,28
2838,1,4198,4198,0,0,0,0,1.0,1.0,1.0,1.0,1.0,1,0.623700850214515,29
2839,0,4198,4198,0,0,0,0,1.0,1.0,1.0,1.0,1.0,1,0.610341508910678,29
2840,1,4199,4199,0,0,0,0,0.9934991949655888,0.9828615140001886,0.9934991949655888,0.9828615140001886,1.0,1,0.6254056054238422,29
2841,1,4200,4200,0,0,0,0,0.9354577470408284,0.8460915506358216,0.9354577470408284,0.8460915506358216,1.0,1,0.6390481094827024,31
2842,0,4200,4200,0,0,0,0,0.9374746924458025,0.8460915506358216,0.9374746924458025,0.8460915506358216,1.0,1,0.616095279589465,32
2843,2,4202,4202,0,0,0,0,0.9981769043331313,0.9946964489691092,0.9981769043331313,0.9946964489691092,1.0,1,0.6024832662182321,32
2844,1,4203,4203,0,0,0,0,0.9982321496563696,0.9946964489691092,0.9982321496563696,0.9946964489691092,1.0,1,0.6174459943255953,33
2845,2,4205,4205,0,0,0,0,0.9670114394287858,0.9065324117148927,0.9670114394287858,0.9065324117148927,1.0,1,0.6170933918618036,34
2846,1,4206,4206,0,0,0,0,0.9457046867320901,0.85799687299162,0.9457046867320901,0.85799687299162,1.0,1,0.6347931980750063,34
2847,1,4207,4207,0,0,0,0,0.9154530089700852,0.7886325224252133,0.9154530089700852,0.7886325224252133,1.0,1,0.6425533522186764,35
2848,1,4208,4208,0,0,0,0,0.920023116593324,0.7886325224252133,0.920023116593324,0.7886325224252133,1.0,1,0.6332635007491357,37
2849,1,4209,4209,0,0,0,0,0.9444750342145788,0.8419674050722626,0.9444750342145788,0.8419674050722626,1.0,1,0.6121806799503873,37
2850,2,4211,4211,0,0,0,0,0.9516634370813076,0.8624267055391062,0.9516634370813076,0.8624267055391062,1.0,1,0.5875409664562108,37
2851,1,4212,4212,0,0,0,0,0.9720460131902287,0.9114790417690575,0.9720460131902287,0.9114790417690575,1.0,1,0.5808282355391038,38
2852,1,4213,4213,0,0,0,0,1.0,1.0,1.0,1.0,1.0,1,0.5699803428776965,36
2853,0,4213,4213,0,0,0,0,1.0,1.0,1.0,1.0,1.0,1,0.5925478591731774,36
2854,0,4213,4213,0,0,0,0,1.0,1.0,1.0,1.0,1.0,1,0.5786726571704426,37
2855,2,4215,4215,0,0,0,0,1.0,1.0,1.0,1.0,1.0,1,0.5688911949907293,37
2856,0,4215,4215,0,0,0,0,1.0,1.0,1.0,1.0,1.0,1,0.5717602503180687,38
2857,1,4216,4216,0,0,0,0,0.9986088059719753,0.9950675848097303,0.9986088059719753,0.9950675848097303,1.0,1,0.5761729558377817,39
2858,3,4219,4219,0,0,0,0,0.9857487586481486,0.9536834656064828,0.9857487586481486,0.9536834656064828,1.0,1,0.5768442224446413,39
2859,2,4221,4221,0,0,0,0,0.9857487586481486,0.9536834656064828,0.9857487586481486,0.9536834656064828,1.0,1,0.5834696722619476,39
2860,3,4224,4224,0,0,0,0,0.9659983200901173,0.8953794464311304,0.9659983200901173,0.8953794464311304,1.0,1,0.5499477815092413,40
2861,2,4226,4226,0,0,0,0,0.980283498265274,0.9375644111733679,0.980283498265274,0.9375644111733679,1.0,1,0.5551523446208874,38
2862,6,4232,4232,0,0,0,0,0.9753854406479462,0.9220538953851625,0.9753854406479462,0.9220538953851625,1.0,1,0.5655265879698839,38
2863,3,4235,4235,0,0,0,0,0.909904858674895,0.7618914122122223,0.909904858674895,0.7618914122122223,1.0,1,0.5851074232729129,37
2864,3,4238,4238,0,0,0,0,0.9593596219071395,0.8814655638958233,0.9593596219071395,0.8814655638958233,1.0,1,0.5829407612023245,35
2865,1,4239,4239,0,0,0,0,0.9568965686893902,0.8814655638958233,0.9568965686893902,0.8814655638958233,1.0,1,0.5942586352774641,33
2866,2,4241,4241,0,0,0,0,0.9879759155242938,0.9661139437502823,0.9879759155242938,0.9661139437502823,1.0,1,0.5897201621433926,31
2867,4,4245,4245,0,0,0,0,0.8979622376031369,0.7813476520067218,0.8979622376031369,0.7813476520067218,1.0,1,0.606267146981993,30
2868,1,4246,4246,0,0,0,0,0.893971151869236,0.7652218362818797,0.893971151869236,0.7652218362818797,1.0,1,0.6236033890575717,31
2869,1,4247,4247,0,0,0,0,0.8544743638930817,0.7089487277861631,0.8544743638930817,0.7089487277861631,1.0,1,0.6524339701543405,30
2870,1,4248,4248,0,0,0,0,0.8580558113669282,0.7363893639671523,0.8580558113669282,0.7363893639671523,1.0,1,0.7107883172748513,26
2871,2,4250,4250,0,0,0,0,0.8633130035385235,0.7363893639671523,0.8633130035385235,0.7363893639671523,1.0,1,0.6928323518909086,27
2872,1,4251,4251,0,0,0,0,0.894590856828259,0.7972901092851135,0.894590856828259,0.7972901092851135,1.0,1,0.6843660489996648,25
2873,0,4251,4251,0,0,0,0,0.9037570141446017,0.8223206414977263,0.9037570141446017,0.8223206414977263,1.0,1,0.681393721085228,24
2874,1,4252,4252,0,0,0,0,0.9076067335788177,0.8223206414977263,0.9076067335788177,0.8223206414977263,1.0,1,0.6482191618999412,25
2875,0,4252,4252,0,0,0,0,0.8722632621988673,0.7627746297978965,0.8722632621988673,0.7627746297978965,1.0,1,0.6574687250631905,26
2876,1,4253,4253,0,0,0,0,0.8139299399553407,0.6743773949218462,0.8139299399553407,0.6743773949218462,1.0,1,0.6657097535181936,28
2877,0,4253,4253,0,0,0,0,0.8203461489223979,0.6743773949218462,0.8203461489223979,0.6743773949218462,1.0,1,0.6581158783766214,29
2878,1,4254,4254,0,0,0,0,0.799990822203849,0.6352773816658422,0.799990822203849,0.6352773816658422,1.0,1,0.6343568854808403,31
2879,0,4254,4254,0,0,0,0,0.7999908222038491,0.6352773816658422,0.7999908222038491,0.6352773816658422,1.0,1,0.6343568854808403,31
2880,2,4256,4256,0,0,0,0,0.8424184868819944,0.6848369737639888,0.8424184868819944,0.6848369737639888,1.0,1,0.6325495103695489,32
2881,1,4257,4257,0,0,0,0,0.8782045638585969,0.7482894319744336,0.8782045638585969,0.7482894319744336,1.0,1,0.6283790796126462,31
2882,0,4257,4257,0,0,0,0,0.8782045638585969,0.7482894319744336,0.8782045638585969,0.7482894319744336,1.0,1,0.6283790796126462,31
2883,1,4258,4258,0,0,0,0,0.8777431942235853,0.7391854810103152,0.8777431942235853,0.7391854810103152,1.0,1,0.6303729066641384,32
2884,0,4258,4258,0,0,0,0,0.8777431942235853,0.7391854810103152,0.8777431942235853,0.7391854810103152,1.0,1,0.6303729066641384,32
2885,0,4258,4258,0,0,0,0,0.849601425303717,0.6898029396889163,0.849601425303717,0.6898029396889163,1.0,1,0.6382120187792307,33
2886,2,4260,4260,0,0,0,0,0.8540249127947841,0.6898029396889163,0.8540249127947841,0.6898029396889163,1.0,1,0.6139013648257792,34
2887,0,4260,4260,0,0,0,0,0.8540249127947841,0.6898029396889163,0.8540249127947841,0.6898029396889163,1.0,1,0.609026570995265,34
2888,2,4262,4262,0,0,0,0,0.8540249127947841,0.6898029396889163,0.8540249127947841,0.6898029396889163,1.0,1,0.615651838811743,34
2889,0,4262,4262,0,0,0,0,0.8406417604742895,0.6531614786793359,0.8406417604742895,0.6531614786793359,1.0,1,0.6240609573855251,37
2890,1,4263,4263,0,0,0,0,0.8663474255995083,0.690928421698863,0.8663474255995083,0.690928421698863,1.0,1,0.613599540181179,37
2891,1,4264,4264,0,0,0,0,0.8663474255995083,0.690928421698863,0.8663474255995083,0.690928421698863,1.0,1,0.6294115393128177,37
2892,0,4264,4264,0,0,0,0,0.8663474255995085,0.690928421698863,0.8663474255995085,0.690928421698863,1.0,1,0.6294115393128177,37
2893,2,4266,4266,0,0,0,0,0.9022535906377889,0.752375762949065,0.9022535906377889,0.752375762949065,1.0,1,0.6171993122592916,38
2894,1,4267,4267,0,0,0,0,0.9237981324062946,0.7892028604193022,0.9237981324062946,0.7892028604193022,1.0,1,0.6112384997299511,39
2895,1,4268,4268,0,0,0,0,0.9280178039723681,0.8580229799874785,0.9280178039723681,0.8580229799874785,1.0,1,0.5935677228166498,40
2896,4,4272,4272,0,0,0,0,0.8945139003400041,0.8190867066470728,0.8945139003400041,0.8190867066470728,1.0,1,0.594333930378173,41
2897,1,4273,4273,0,0,0,0,0.8955040158030154,0.7765075402780162,0.8955040158030154,0.7765075402780162,1.0,1,0.5981323201703418,41
2898,4,4277,4277,0,0,0,0,0.8966593948457526,0.7589673222183315,0.8966593948457526,0.7589673222183315,1.0,1,0.571487121331329,41
2899,1,4278,4278,0,0,0,0,0.9008424323666548,0.7853830131914517,0.9008424323666548,0.7853830131914517,1.0,1,0.5863697149786772,39
2900,2,4280,4280,0,0,0,0,0.894324808093479,0.7181994882492774,0.894324808093479,0.7181994882492774,1.0,1,0.5919237448768697,40
2901,1,4281,4281,0,0,0,0,0.9252256196045767,0.7863589131559338,0.9252256196045767,0.7863589131559338,1.0,1,0.5762479677273428,40
2902,1,4282,4282,0,0,0,0,0.9828201201926301,0.9455970472766618,0.9828201201926301,0.9455970472766618,1.0,1,0.5721914960400831,38
2903,1,4283,4283,0,0,0,0,0.9818656824255539,0.9455970472766618,0.9818656824255539,0.9455970472766618,1.0,1,0.5758270788929823,36
2904,1,4284,4284,0,0,0,0,0.9744615818767668,0.9233847456303002,0.9744615818767668,0.9233847456303002,1.0,1,0.5885805404782998,36
2905,1,4285,4285,0,0,0,0,0.9737319127875316,0.9233847456303002,0.9737319127875316,0.9233847456303002,1.0,1,0.5657956279572439,35
2906,0,4285,4285,0,0,0,0,0.9744615818767668,0.9233847456303002,0.9744615818767668,0.9233847456303002,1.0,1,0.5626838707662891,36
2907,2,4287,4287,0,0,0,0,0.9524457360128817,0.8646532486520482,0.9524457360128817,0.8646532486520482,1.0,1,0.5812928431530981,37
2908,4,4291,4291,0,0,0,0,0.9835518961124813,0.9456804938899592,0.9835518961124813,0.9456804938899592,1.0,1,0.5771946524100532,38
2909,1,4292,4292,0,0,0,0,0.9831073527641702,0.9456804938899592,0.9831073527641702,0.9456804938899592,1.0,1,0.5989933256965495,37
2910,1,4293,4293,0,0,0,0,0.9604105182925445,0.9277253120028828,0.9604105182925445,0.9277253120028828,1.0,1,0.6169659504112642,37
2911,0,4293,4293,0,0,0,0,0.9493221525987399,0.8479664577962196,0.9493221525987399,0.8479664577962196,1.0,1,0.6281109131054378,36
2912,1,4294,4294,0,0,0,0,0.916965720635814,0.8479664577962196,0.916965720635814,0.8479664577962196,1.0,1,0.642319985779409,36
2913,2,4296,4296,0,0,0,0,0.9511298693743178,0.9006599247082574,0.9511298693743178,0.9006599247082574,1.0,1,0.6197088050787422,36
2914,0,4296,4296,0,0,0,0,0.9353161571416804,0.8945079062403972,0.9353161571416804,0.8945079062403972,1.0,1,0.6163895233183587,38
2915,1,4297,4297,0,0,0,0,0.9335679451725367,0.8945079062403972,0.9335679451725367,0.8945079062403972,1.0,1,0.6111074346170448,37
2916,2,4299,4299,0,0,0,0,0.9149418433385201,0.8422028473321169,0.9149418433385201,0.8422028473321169,1.0,1,0.5996940558899765,39
2917,1,4300,4300,0,0,0,0,0.8878196207912674,0.7699064254832808,0.8878196207912674,0.7699064254832808,1.0,1,0.6032580349184397,40
2918,3,4303,4303,0,0,0,0,0.8681037435295205,0.7699064254832808,0.8681037435295205,0.7699064254832808,1.0,1,0.6511797379600531,40
2919,1,4304,4304,0,0,0,0,0.8448824252422902,0.7026401383840873,0.8448824252422902,0.7026401383840873,1.0,1,0.6517224985009781,42
2920,0,4304,4304,0,0,0,0,0.8448824252422902,0.7026401383840873,0.8448824252422902,0.7026401383840873,1.0,1,0.6517224985009781,42
2921,0,4304,4304,0,0,0,0,0.8448824252422902,0.7026401383840873,0.8448824252422902,0.7026401383840873,1.0,1,0.6517224985009781,42
2922,0,4304,4304,0,0,0,0,0.8484898107017718,0.7026401383840873,0.8484898107017718,0.7026401383840873,1.0,1,0.6352549784304468,43
2923,1,4305,4305,0,0,0,0,0.8301356786281818,0.6939884106599423,0.8301356786281818,0.6939884106599423,1.0,1,0.6263820701896033,45
2924,1,4306,4306,0,0,0,0,0.8330187133139861,0.7278518550054778,0.8330187133139861,0.7278518550054778,1.0,1,0.604668896890963,46
2925,0,4306,4306,0,0,0,0,0.8330187133139859,0.7278518550054778,0.8330187133139859,0.7278518550054778,1.0,1,0.604668896890963,46
2926,1,4307,4307,0,0,0,0,0.832298285298279,0.6799229341627198,0.832298285298279,0.6799229341627198,1.0,1,0.609579930874696,46
2927,1,4308,4308,0,0,0,0,0.8127867016736195,0.6799229341627198,0.8127867016736195,0.6799229341627198,1.0,1,0.6033772428432292,48
2928,0,4308,4308,0,0,0,0,0.8127867016736197,0.6799229341627198,0.8127867016736197,0.6799229341627198,1.0,1,0.6033772428432292,48
2929,0,4308,4308,0,0,0,0,0.8127867016736195,0.6799229341627198,0.8127867016736195,0.6799229341627198,1.0,1,0.6033772428432292,48
2930,1,4309,4309,0,0,0,0,0.7995238360717184,0.6418194754958527,0.7995238360717184,0.6418194754958527,1.0,1,0.6009475056150851,50
2931,0,4309,4309,0,0,0,0,0.7862977486971738,0.6131069146333027,0.7862977486971738,0.6131069146333027,1.0,1,0.6053205728752687,51
2932,0,4309,4309,0,0,0,0,0.7904074073760744,0.6131069146333027,0.7904074073760744,0.6131069146333027,1.0,1,0.59732374535095,52
2933,3,4312,4312,0,0,0,0,0.7666415298102843,0.5110375867982863,0.7666415298102843,0.5110375867982863,1.0,1,0.6184218020611417,53
2934,1,4313,4313,0,0,0,0,0.7321473150767521,0.480648532324039,0.7321473150767521,0.480648532324039,1.0,1,0.6286817567472959,54
2935,1,4314,4314,0,0,0,0,0.7516273995708305,0.48250906082275535,0.7516273995708305,0.48250906082275535,1.0,1,0.6273538737836544,53
2936,2,4316,4316,0,0,0,0,0.7170617686909752,0.48250906082275535,0.7170617686909752,0.48250906082275535,1.0,1,0.6344475402558262,53
2937,1,4317,4317,0,0,0,0,0.7486709812128908,0.46484423114623363,0.7486709812128908,0.46484423114623363,1.0,1,0.6368055577974729,51
2938,4,4321,4321,0,0,0,0,0.6977041275371031,0.4927550362958327,0.6977041275371031,0.4927550362958327,1.0,1,0.6535222057535781,53
2939,2,4323,4323,0,0,0,0,0.7460373571454693,0.5326134544019907,0.7460373571454693,0.5326134544019907,1.0,1,0.6303805819112667,52
2940,2,4325,4325,0,0,0,0,0.748046513186175,0.5593050823498567,0.748046513186175,0.5593050823498567,1.0,1,0.6164864437703694,52
2941,1,4326,4326,0,0,0,0,0.7872722404456242,0.5593050823498567,0.7872722404456242,0.5593050823498567,1.0,1,0.6179434265058414,50
2942,2,4328,4328,0,0,0,0,0.7820634926058102,0.563744652966171,0.7820634926058102,0.563744652966171,1.0,1,0.6210818748731346,50
2943,1,4329,4329,0,0,0,0,0.786745408601591,0.563744652966171,0.786745408601591,0.563744652966171,1.0,1,0.6222899545639704,49
2944,3,4332,4332,0,0,0,0,0.8033419468347985,0.563744652966171,0.8033419468347985,0.563744652966171,1.0,1,0.6154275450763967,48
2945,1,4333,4333,0,0,0,0,0.8033419468347985,0.563744652966171,0.8033419468347985,0.563744652966171,1.0,1,0.6285158069916503,48
2946,2,4335,4335,0,0,0,0,0.7991577329376666,0.563744652966171,0.7991577329376666,0.563744652966171,1.0,1,0.6350922064668683,47
2947,1,4336,4336,0,0,0,0,0.7801221135125039,0.563744652966171,0.7801221135125039,0.563744652966171,1.0,1,0.6487096474850793,47
2948,1,4337,4337,0,0,0,0,0.7646328105468209,0.537389198875848,0.7646328105468209,0.537389198875848,1.0,1,0.663432459594131,48
2949,0,4337,4337,0,0,0,0,0.7646328105468209,0.537389198875848,0.7646328105468209,0.537389198875848,1.0,1,0.663432459594131,48
2950,1,4338,4338,0,0,0,0,0.7646328105468209,0.537389198875848,0.7646328105468209,0.537389198875848,1.0,1,0.6575269452035454,48
2951,0,4338,4338,0,0,0,0,0.7351620303535408,0.5142128408991528,0.7351620303535408,0.5142128408991528,1.0,1,0.6619930389358114,50
2952,0,4338,4338,0,0,0,0,0.7351620303535408,0.5142128408991528,0.7351620303535408,0.5142128408991528,1.0,1,0.6619930389358114,50
2953,0,4338,4338,0,0,0,0,0.7236965129720128,0.5142128408991528,0.7236965129720128,0.5142128408991528,1.0,1,0.6641275176113945,51
2954,0,4338,4338,0,0,0,0,0.7236965129720128,0.5142128408991528,0.7236965129720128,0.5142128408991528,1.0,1,0.6641275176113945,51
2955,2,4340,4340,0,0,0,0,0.7628414091223599,0.5681504927657847,0.7628414091223599,0.5681504927657847,1.0,1,0.6460101499754406,51
2956,0,4340,4340,0,0,0,0,0.7628414091223599,0.5681504927657847,0.7628414091223599,0.5681504927657847,1.0,1,0.6460101499754406,51
2957,3,4343,4343,0,0,0,0,0.7610267090162327,0.6192118012963893,0.7610267090162327,0.6192118012963893,1.0,1,0.6286128002871264,52
2958,0,4343,4343,0,0,0,0,0.7610267090162327,0.6192118012963893,0.7610267090162327,0.6192118012963893,1.0,1,0.6286128002871264,52
2959,1,4344,4344,0,0,0,0,0.7663757630423147,0.6663460347935077,0.7663757630423147,0.6663460347935077,1.0,1,0.606000895644382,53
2960,0,4344,4344,0,0,0,0,0.7793980791926334,0.7024167042664927,0.7793980791926334,0.7024167042664927,1.0,1,0.6013011555406812,52
2961,1,4345,4345,0,0,0,0,0.8015591964053921,0.7024167042664927,0.8015591964053921,0.7024167042664927,1.0,1,0.5824447761336695,53
2962,1,4346,4346,0,0,0,0,0.7975371945454918,0.6932251392492755,0.7975371945454918,0.6932251392492755,1.0,1,0.5771137757677544,54
2963,2,4348,4348,0,0,0,0,0.8029738428010585,0.6212619293532301,0.8029738428010585,0.6212619293532301,1.0,1,0.5777953211928716,55
2964,1,4349,4349,0,0,0,0,0.8000449504102539,0.6212619293532301,0.8000449504102539,0.6212619293532301,1.0,1,0.5818302388742764,55
2965,2,4351,4351,0,0,0,0,0.8003132641115973,0.5663501522567449,0.8003132641115973,0.5663501522567449,1.0,1,0.589885003472649,55
2966,2,4353,4353,0,0,0,0,0.8003418602603524,0.5663501522567449,0.8003418602603524,0.5663501522567449,1.0,1,0.5871905436499445,55
2967,1,4354,4354,0,0,0,0,0.7605923337557288,0.5118280601386374,0.7605923337557288,0.5118280601386374,1.0,1,0.6098059716343658,56
2968,1,4355,4355,0,0,0,0,0.7605923337557288,0.5118280601386374,0.7605923337557288,0.5118280601386374,1.0,1,0.6025286977178199,56
2969,1,4356,4356,0,0,0,0,0.7536572398754168,0.5118280601386374,0.7536572398754168,0.5118280601386374,1.0,1,0.6277000368016811,55
2970,1,4357,4357,0,0,0,0,0.7439427400418982,0.4585338928296417,0.7439427400418982,0.4585338928296417,1.0,1,0.628804088455453,57
2971,5,4362,4362,0,0,0,0,0.6929931296462782,0.4585338928296417,0.6929931296462782,0.4585338928296417,1.0,1,0.6578942315582872,56
2972,2,4364,4364,0,0,0,0,0.6566223758071432,0.4402980016541632,0.6566223758071432,0.4402980016541632,1.0,1,0.6680940124610267,57
2973,1,4365,4365,0,0,0,0,0.63474122316762,0.4402980016541632,0.63474122316762,0.4402980016541632,1.0,1,0.6592647284227102,59
2974,4,4369,4369,0,0,0,0,0.6228754862154601,0.42458668739113276,0.6228754862154601,0.42458668739113276,1.0,1,0.6693480266765645,60
2975,2,4371,4371,0,0,0,0,0.6239408430433757,0.42458668739113276,0.6239408430433757,0.42458668739113276,1.0,1,0.6780852192806974,58
2976,1,4372,4372,0,0,0,0,0.6296787483332801,0.4402980016541632,0.6296787483332801,0.4402980016541632,1.0,1,0.6676114864690619,59
2977,0,4372,4372,0,0,0,0,0.6462526501584892,0.4402980016541632,0.6462526501584892,0.4402980016541632,1.0,1,0.6521348054267093,59
2978,3,4375,4375,0,0,0,0,0.67606388013949,0.457901989569863,0.67606388013949,0.457901989569863,1.0,1,0.6309159981450124,58
2979,0,4375,4375,0,0,0,0,0.6868240589823104,0.457901989569863,0.6868240589823104,0.457901989569863,1.0,1,0.6303892413823187,57
2980,1,4376,4376,0,0,0,0,0.713414185152972,0.47815517265480295,0.713414185152972,0.47815517265480295,1.0,1,0.6182922929583473,56
2981,2,4378,4378,0,0,0,0,0.7176654132622249,0.4968665230015354,0.7176654132622249,0.4968665230015354,1.0,1,0.6123567614527969,56
2982,5,4383,4383,0,0,0,0,0.7688231692780142,0.6024026233420208,0.7688231692780142,0.6024026233420208,1.0,1,0.5664938044864611,57
2983,4,4387,4387,0,0,0,0,0.7433167253807147,0.5612763068566321,0.7433167253807147,0.5612763068566321,1.0,1,0.5734461613736628,57
2984,4,4391,4391,0,0,0,0,0.7595072386547926,0.5840971705808374,0.7595072386547926,0.5840971705808374,1.0,1,0.5707295697600391,56
2985,1,4392,4392,0,0,0,0,0.7423553448701133,0.6061291411250448,0.7423553448701133,0.6061291411250448,1.0,1,0.5773126503895637,55
2986,2,4394,4394,0,0,0,0,0.743234571612505,0.5709342886514261,0.743234571612505,0.5709342886514261,1.0,1,0.5927073841378281,55
2987,0,4394,4394,0,0,0,0,0.761073692690111,0.6308634811964675,0.761073692690111,0.6308634811964675,1.0,1,0.5978943362610142,51
2988,4,4398,4398,0,0,0,0,0.8009371821851075,0.6308634811964675,0.8009371821851075,0.6308634811964675,1.0,1,0.5815202001656552,52
2989,0,4398,4398,0,0,0,0,0.7929746694725118,0.6308634811964675,0.7929746694725118,0.6308634811964675,1.0,1,0.5999630674682346,50
2990,2,4400,4400,0,0,0,0,0.7942070249371107,0.6641585454719472,0.7942070249371107,0.6641585454719472,1.0,1,0.5916928214050942,50
2991,0,4400,4400,0,0,0,0,0.7942070249371107,0.6641585454719472,0.7942070249371107,0.6641585454719472,1.0,1,0.5892689734287855,50
2992,1,4401,4401,0,0,0,0,0.7942070249371107,0.6641585454719472,0.7942070249371107,0.6641585454719472,1.0,1,0.5836220921267473,50
2993,3,4404,4404,0,0,0,0,0.8034731835771679,0.6523407270685713,0.8034731835771679,0.6523407270685713,1.0,1,0.5765202619311888,51
2994,1,4405,4405,0,0,0,0,0.8034731835771679,0.6523407270685713,0.8034731835771679,0.6523407270685713,1.0,1,0.5708828828150909,51
2995,3,4408,4408,0,0,0,0,0.7998765954923158,0.6480904063486383,0.7998765954923158,0.6480904063486383,1.0,1,0.5746170522759767,51
2996,1,4409,4409,0,0,0,0,0.7849641291020362,0.5916735006945253,0.7849641291020362,0.5916735006945253,1.0,1,0.5829791633806968,52
2997,0,4409,4409,0,0,0,0,0.7667483521833985,0.5916735006945253,0.7667483521833985,0.5916735006945253,1.0,1,0.5939707909561175,52
2998,3,4412,4412,0,0,0,0,0.7621747904615044,0.5916735006945253,0.7621747904615044,0.5916735006945253,1.0,1,0.6319878329516272,51
2999,0,4412,4412,0,0,0,0,0.7621747904615045,0.5916735006945253,0.7621747904615045,0.5916735006945253,1.0,1,0.6319878329516272,51
3000,2,4414,4414,0,0,0,0,0.7607371625104891,0.5916735006945253,0.7607371625104891,0.5916735006945253,1.0,1,0.6297297639758932,52
3001,0,4414,4414,0,0,0,0,0.7607371625104891,0.5916735006945253,0.7607371625104891,0.5916735006945253,1.0,1,0.6297297639758932,52
3002,1,4415,4415,0,0,0,0,0.7262712323352158,0.5916735006945253,0.7262712323352158,0.5916735006945253,1.0,1,0.6412821469567401,53
3003,0,4415,4415,0,0,0,0,0.7313402835882674,0.5916735006945253,0.7313402835882674,0.5916735006945253,1.0,1,0.6273172312268107,54
3004,0,4415,4415,0,0,0,0,0.7179508262096177,0.5618358320479254,0.7179508262096177,0.5618358320479254,1.0,1,0.6319757674702297,55
3005,0,4415,4415,0,0,0,0,0.7064181425623868,0.5618358320479254,0.7064181425623868,0.5618358320479254,1.0,1,0.632538584236745,56
3006,1,4416,4416,0,0,0,0,0.7109257885154757,0.5367685491995507,0.7109257885154757,0.5367685491995507,1.0,1,0.6286128793358595,57
3007,2,4418,4418,0,0,0,0,0.6977601990791624,0.491514377675828,0.6977601990791624,0.491514377675828,1.0,1,0.6364348632317044,58
3008,0,4418,4418,0,0,0,0,0.7028829075693461,0.491514377675828,0.7028829075693461,0.491514377675828,1.0,1,0.627176219975065,59
3009,1,4419,4419,0,0,0,0,0.7009835198555334,0.5187872931062865,0.7009835198555334,0.5187872931062865,1.0,1,0.6183493958884267,59
3010,2,4421,4421,0,0,0,0,0.6937667135181472,0.5187872931062865,0.6937667135181472,0.5187872931062865,1.0,1,0.6259489823987849,59
3011,1,4422,4422,0,0,0,0,0.6780949001006367,0.5187872931062865,0.6780949001006367,0.5187872931062865,1.0,1,0.6361268249342584,59
3012,2,4424,4424,0,0,0,0,0.6741335291434305,0.5169578502352133,0.6741335291434305,0.5169578502352133,1.0,1,0.6299610455973786,61
3013,1,4425,4425,0,0,0,0,0.7049445486121199,0.5713559024718458,0.7049445486121199,0.5713559024718458,1.0,1,0.6159283189559792,59
3014,1,4426,4426,0,0,0,0,0.6863773536553169,0.5336042034028878,0.6863773536553169,0.5336042034028878,1.0,1,0.6268109290257177,60
3015,2,4428,4428,0,0,0,0,0.6961688584923371,0.5481217691076791,0.6961688584923371,0.5481217691076791,1.0,1,0.6169160125566768,58
3016,2,4430,4430,0,0,0,0,0.7070642793066338,0.5709568832709405,0.7070642793066338,0.5709568832709405,1.0,1,0.6132815818905893,57
3017,5,4435,4435,0,0,0,0,0.6801853267561777,0.5332699396707241,0.6801853267561777,0.5332699396707241,1.0,1,0.6210319664894323,58
3018,1,4436,4436,0,0,0,0,0.7113193573627874,0.5556095372916664,0.7113193573627874,0.5556095372916664,1.0,1,0.6162559222487509,55
3019,3,4439,4439,0,0,0,0,0.6971222480569577,0.5497325162422586,0.6971222480569577,0.5497325162422586,1.0,1,0.6152563386330967,56
3020,3,4442,4442,0,0,0,0,0.7315992460853732,0.5539665941322734,0.7315992460853732,0.5539665941322734,1.0,1,0.6067173372718648,55
3021,3,4445,4445,0,0,0,0,0.7315992460853732,0.5539665941322734,0.7315992460853732,0.5539665941322734,1.0,1,0.5979142448978556,55
3022,3,4448,4448,0,0,0,0,0.6905104022304096,0.5234210566891899,0.6905104022304096,0.5234210566891899,1.0,1,0.6288444053848702,55
3023,1,4449,4449,0,0,0,0,0.7146883853882813,0.540941549188642,0.7146883853882813,0.540941549188642,1.0,1,0.6226196912087316,54
3024,4,4453,4453,0,0,0,0,0.7355921817627467,0.510594827312951,0.7355921817627467,0.510594827312951,1.0,1,0.6101794082272497,54
3025,2,4455,4455,0,0,0,0,0.7162859480890321,0.510594827312951,0.7162859480890321,0.510594827312951,1.0,1,0.6375027847398205,54
3026,3,4458,4458,0,0,0,0,0.7100326996577259,0.5270060445498959,0.7100326996577259,0.5270060445498959,1.0,1,0.639382701739188,53
3027,4,4462,4462,0,0,0,0,0.7116097194704979,0.4973729413673382,0.7116097194704979,0.4973729413673382,1.0,1,0.6331156472855413,53
3028,2,4464,4464,0,0,0,0,0.7426097299337107,0.5580322559682612,0.7426097299337107,0.5580322559682612,1.0,1,0.6130874025631534,51
3029,2,4466,4466,0,0,0,0,0.7244724207249661,0.5580322559682612,0.7244724207249661,0.5580322559682612,1.0,1,0.6205835907149622,51
3030,3,4469,4469,0,0,0,0,0.7647600799413314,0.5899399970062968,0.7647600799413314,0.5899399970062968,1.0,1,0.6005475699916515,52
3031,1,4470,4470,0,0,0,0,0.7421793136360265,0.5899399970062968,0.7421793136360265,0.5899399970062968,1.0,1,0.618111733162648,51
3032,1,4471,4471,0,0,0,0,0.7544584905754264,0.6170999693792532,0.7544584905754264,0.6170999693792532,1.0,1,0.6116408601770835,50
3033,1,4472,4472,0,0,0,0,0.747444237667054,0.6170999693792532,0.747444237667054,0.6170999693792532,1.0,1,0.6088539612322703,52
3034,0,4472,4472,0,0,0,0,0.7424921638958198,0.6170999693792532,0.7424921638958198,0.6170999693792532,1.0,1,0.6160724487435909,51
3035,0,4472,4472,0,0,0,0,0.74249216389582,0.6170999693792532,0.74249216389582,0.6170999693792532,1.0,1,0.6150324771665865,51
3036,1,4473,4473,0,0,0,0,0.7323709599996894,0.6047318144155113,0.7323709599996894,0.6047318144155113,1.0,1,0.615188935577826,53
3037,1,4474,4474,0,0,0,0,0.7335253645151242,0.60711684394315,0.7335253645151242,0.60711684394315,1.0,1,0.6195400640011081,52
3038,1,4475,4475,0,0,0,0,0.7322800079453493,0.60711684394315,0.7322800079453493,0.60711684394315,1.0,1,0.6142312232041243,52
3039,1,4476,4476,0,0,0,0,0.7264858114023433,0.5838994791877565,0.7264858114023433,0.5838994791877565,1.0,1,0.6029782510865952,54
3040,1,4477,4477,0,0,0,0,0.7134209813645497,0.5838994791877565,0.7134209813645497,0.5838994791877565,1.0,1,0.599996078005407,55
3041,0,4477,4477,0,0,0,0,0.7015203034995094,0.5583320287941633,0.7015203034995094,0.5583320287941633,1.0,1,0.6042724205696378,56
3042,2,4479,4479,0,0,0,0,0.7170732720993609,0.5901485607791122,0.7170732720993609,0.5901485607791122,1.0,1,0.5916605168418437,56
3043,1,4480,4480,0,0,0,0,0.7220789333998232,0.5901485607791122,0.7220789333998232,0.5901485607791122,1.0,1,0.5878200429834758,57
3044,3,4483,4483,0,0,0,0,0.7414569201095876,0.639638870807298,0.7414569201095876,0.639638870807298,1.0,1,0.5689282196711245,57
3045,0,4483,4483,0,0,0,0,0.7368400793972588,0.639638870807298,0.7368400793972588,0.639638870807298,1.0,1,0.576205628883625,56
3046,4,4487,4487,0,0,0,0,0.7490428886942767,0.6846627213079002,0.7490428886942767,0.6846627213079002,1.0,1,0.5570589706255018,57
3047,1,4488,4488,0,0,0,0,0.7425867834419202,0.6476065231906508,0.7425867834419202,0.6476065231906508,1.0,1,0.5720599536814779,56
3048,2,4490,4490,0,0,0,0,0.7452894877006296,0.5993400928818329,0.7452894877006296,0.5993400928818329,1.0,1,0.562343450775193,58
3049,2,4492,4492,0,0,0,0,0.7182014770887236,0.5701737534534544,0.7182014770887236,0.5701737534534544,1.0,1,0.5812929676753193,59
3050,1,4493,4493,0,0,0,0,0.7425551854712715,0.5806454177741794,0.7425551854712715,0.5806454177741794,1.0,1,0.5643241896454366,60
3051,3,4496,4496,0,0,0,0,0.7580669156691754,0.5669326803233946,0.7580669156691754,0.5669326803233946,1.0,1,0.5665625142214608,59
3052,1,4497,4497,0,0,0,0,0.7584295599246186,0.5588528679033243,0.7584295599246186,0.5588528679033243,1.0,1,0.570712456937412,58
3053,2,4499,4499,0,0,0,0,0.7351766916059987,0.528248300189549,0.7351766916059987,0.528248300189549,1.0,1,0.5827286745259501,57
3054,1,4500,4500,0,0,0,0,0.7469021693169506,0.5633881097435447,0.7469021693169506,0.5633881097435447,1.0,1,0.5834320994333255,55
3055,1,4501,4501,0,0,0,0,0.7429714215418904,0.5654299822850343,0.7429714215418904,0.5654299822850343,1.0,1,0.595883164015774,54
3056,3,4504,4504,0,0,0,0,0.7831269239522298,0.617654164553962,0.7831269239522298,0.617654164553962,1.0,1,0.5682339818204916,55
3057,0,4504,4504,0,0,0,0,0.7791107558772711,0.617654164553962,0.7791107558772711,0.617654164553962,1.0,1,0.5822394135479386,54
3058,4,4508,4508,0,0,0,0,0.8204361509746262,0.5881214352075952,0.8204361509746262,0.5881214352075952,1.0,1,0.5575902570385569,55
3059,0,4508,4508,0,0,0,0,0.8046782992968161,0.5881214352075952,0.8046782992968161,0.5881214352075952,1.0,1,0.5595481622462481,56
3060,2,4510,4510,0,0,0,0,0.8077408858131677,0.6123624296778875,0.8077408858131677,0.6123624296778875,1.0,1,0.5468357662705634,56
3061,1,4511,4511,0,0,0,0,0.7907035249397802,0.6123624296778875,0.7907035249397802,0.6123624296778875,1.0,1,0.550951826796575,56
3062,4,4515,4515,0,0,0,0,0.751265343777214,0.6796014135127549,0.751265343777214,0.6796014135127549,1.0,1,0.5561255745547973,57
3063,2,4517,4517,0,0,0,0,0.7976925969418591,0.705089623669484,0.7976925969418591,0.705089623669484,1.0,1,0.5428702940406259,55
3064,3,4520,4520,0,0,0,0,0.7534016400031437,0.6656794461023522,0.7534016400031437,0.6656794461023522,1.0,1,0.5708487854082366,56
3065,2,4522,4522,0,0,0,0,0.7484142279269,0.636591601158368,0.7484142279269,0.636591601158368,1.0,1,0.5735335271689284,55
3066,1,4523,4523,0,0,0,0,0.7297647326733728,0.636591601158368,0.7297647326733728,0.636591601158368,1.0,1,0.5893439308244229,55
3067,2,4525,4525,0,0,0,0,0.7422799235144107,0.636591601158368,0.7422799235144107,0.636591601158368,1.0,1,0.6061606156005048,54
3068,3,4528,4528,0,0,0,0,0.7573148628538166,0.636591601158368,0.7573148628538166,0.636591601158368,1.0,1,0.6174203199224823,53
3069,2,4530,4530,0,0,0,0,0.7811489117849035,0.636591601158368,0.7811489117849035,0.636591601158368,1.0,1,0.6243531151917997,51
3070,2,4532,4532,0,0,0,0,0.8078879835894723,0.5896480536689155,0.8078879835894723,0.5896480536689155,1.0,1,0.6214670740140135,50
3071,1,4533,4533,0,0,0,0,0.7946051427200003,0.5896480536689155,0.7946051427200003,0.5896480536689155,1.0,1,0.6147296678902945,51
3072,3,4536,4536,0,0,0,0,0.7669060143194537,0.5615163905283758,0.7669060143194537,0.5615163905283758,1.0,1,0.6187111662353797,53
3073,1,4537,4537,0,0,0,0,0.7760361456219041,0.5615163905283758,0.7760361456219041,0.5615163905283758,1.0,1,0.6220945149461482,51
3074,3,4540,4540,0,0,0,0,0.8245601894289191,0.6449360915479992,0.8245601894289191,0.6449360915479992,1.0,1,0.6012625221881901,50
3075,2,4542,4542,0,0,0,0,0.7783903086409191,0.5979869097856778,0.7783903086409191,0.5979869097856778,1.0,1,0.6031405253579398,52
3076,1,4543,4543,0,0,0,0,0.7678667252462931,0.6468908983549215,0.7678667252462931,0.6468908983549215,1.0,1,0.5952438668782081,53
3077,1,4544,4544,0,0,0,0,0.7998607986250268,0.6468908983549215,0.7998607986250268,0.6468908983549215,1.0,1,0.5847456434703218,52
3078,0,4544,4544,0,0,0,0,0.7698402942935961,0.6468908983549215,0.7698402942935961,0.6468908983549215,1.0,1,0.5982316527820721,53
3079,0,4544,4544,0,0,0,0,0.7698402942935961,0.6468908983549215,0.7698402942935961,0.6468908983549215,1.0,1,0.5982316527820721,53
3080,1,4545,4545,0,0,0,0,0.7803574948441122,0.6468908983549215,0.7803574948441122,0.6468908983549215,1.0,1,0.6027270752079796,52
3081,1,4546,4546,0,0,0,0,0.7526806462106299,0.6304209532727364,0.7526806462106299,0.6304209532727364,1.0,1,0.6040393354469941,54
3082,2,4548,4548,0,0,0,0,0.7650563256230436,0.6880429607400165,0.7650563256230436,0.6880429607400165,1.0,1,0.5890218596190415,54
3083,1,4549,4549,0,0,0,0,0.7628949064135232,0.6880429607400165,0.7628949064135232,0.6880429607400165,1.0,1,0.5873930075803722,54
3084,1,4550,4550,0,0,0,0,0.7702150747671849,0.6880429607400165,0.7702150747671849,0.6880429607400165,1.0,1,0.5815830658426876,55
3085,2,4552,4552,0,0,0,0,0.7642606618160781,0.6238046649611044,0.7642606618160781,0.6238046649611044,1.0,1,0.5966321380120698,55
3086,0,4552,4552,0,0,0,0,0.7478755668408876,0.6238046649611044,0.7478755668408876,0.6238046649611044,1.0,1,0.5930071215898535,56
3087,0,4552,4552,0,0,0,0,0.7339150869363401,0.6238046649611044,0.7339150869363401,0.6238046649611044,1.0,1,0.594538184932587,57
3088,1,4553,4553,0,0,0,0,0.7382953118914425,0.6389819775094607,0.7382953118914425,0.6389819775094607,1.0,1,0.5945566920176198,56
3089,2,4555,4555,0,0,0,0,0.770113667573208,0.6389819775094607,0.770113667573208,0.6389819775094607,1.0,1,0.5945091937514144,55
3090,0,4555,4555,0,0,0,0,0.7881848985027671,0.6389819775094607,0.7881848985027671,0.6389819775094607,1.0,1,0.598218167484291,54
3091,0,4555,4555,0,0,0,0,0.7841883871537627,0.6389819775094607,0.7841883871537627,0.6389819775094607,1.0,1,0.6006773868286889,53
3092,0,4555,4555,0,0,0,0,0.7742017496278103,0.6389819775094607,0.7742017496278103,0.6389819775094607,1.0,1,0.5864924307311189,56
3093,1,4556,4556,0,0,0,0,0.7592292168315542,0.6389819775094607,0.7592292168315542,0.6389819775094607,1.0,1,0.5935135345170692,56
3094,0,4556,4556,0,0,0,0,0.7331181718797287,0.6057498345041308,0.7331181718797287,0.6057498345041308,1.0,1,0.5995409168916699,58
3095,1,4557,4557,0,0,0,0,0.7232414110054578,0.6057498345041308,0.7232414110054578,0.6057498345041308,1.0,1,0.5932118348759392,59
3096,2,4559,4559,0,0,0,0,0.7015174222163516,0.5827934359293093,0.7015174222163516,0.5827934359293093,1.0,1,0.5963947598947638,60
3097,1,4560,4560,0,0,0,0,0.7143141865268341,0.5827934359293093,0.7143141865268341,0.5827934359293093,1.0,1,0.5940794749508425,60
3098,2,4562,4562,0,0,0,0,0.7403224903090624,0.5603515082024076,0.7403224903090624,0.5603515082024076,1.0,1,0.5905743430707614,58
3099,1,4563,4563,0,0,0,0,0.7357667445250108,0.5603515082024076,0.7357667445250108,0.5603515082024076,1.0,1,0.5966172075986975,57
3100,2,4565,4565,0,0,0,0,0.7391023855265622,0.5384961694140743,0.7391023855265622,0.5384961694140743,1.0,1,0.5907546814935676,57
3101,2,4567,4567,0,0,0,0,0.7435276741847754,0.5384961694140743,0.7435276741847754,0.5384961694140743,1.0,1,0.5776261631723972,58
3102,1,4568,4568,0,0,0,0,0.6979265729778965,0.48525645104382914,0.6979265729778965,0.48525645104382914,1.0,1,0.6073677240025114,59
3103,2,4570,4570,0,0,0,0,0.7034234410087601,0.474000099861984,0.7034234410087601,0.474000099861984,1.0,1,0.6195127205900741,58
3104,2,4572,4572,0,0,0,0,0.6893084792283841,0.48025903061268704,0.6893084792283841,0.48025903061268704,1.0,1,0.6260118639296727,58
3105,2,4574,4574,0,0,0,0,0.710180385826065,0.4971496521960435,0.710180385826065,0.4971496521960435,1.0,1,0.6305635356464754,56
3106,6,4580,4580,0,0,0,0,0.7141502098436779,0.5270262864460767,0.7141502098436779,0.5270262864460767,1.0,1,0.6115296020211742,57
3107,3,4583,4583,0,0,0,0,0.7650617554040589,0.6047493942367814,0.7650617554040589,0.6047493942367814,1.0,1,0.5826288646007284,55
3108,4,4587,4587,0,0,0,0,0.8002516033636491,0.6538687509940225,0.8002516033636491,0.6538687509940225,1.0,1,0.5622663281665989,55
3109,3,4590,4590,0,0,0,0,0.8492872776225499,0.7319177064487777,0.8492872776225499,0.7319177064487777,1.0,1,0.5342826836045449,54
3110,5,4595,4595,0,0,0,0,0.8784261109348085,0.6524484980157708,0.8784261109348085,0.6524484980157708,1.0,1,0.5273229284893635,54
3111,2,4597,4597,0,0,0,0,0.8681614024796658,0.6524484980157708,0.8681614024796658,0.6524484980157708,1.0,1,0.5320207021174254,54
3112,5,4602,4602,0,0,0,0,0.8220923554098015,0.6012367655742398,0.8220923554098015,0.6012367655742398,1.0,1,0.557453744806187,56
3113,4,4606,4606,0,0,0,0,0.7680019777393698,0.5344579771104692,0.7680019777393698,0.5344579771104692,1.0,1,0.6046395229966897,55
3114,1,4607,4607,0,0,0,0,0.7824126413838134,0.5548117394816104,0.7824126413838134,0.5548117394816104,1.0,1,0.6025016789646491,54
3115,0,4607,4607,0,0,0,0,0.7901836184772485,0.5548117394816104,0.7901836184772485,0.5548117394816104,1.0,1,0.5810275596799478,56
3116,2,4609,4609,0,0,0,0,0.7526716342302017,0.4997983487180718,0.7526716342302017,0.4997983487180718,1.0,1,0.6062253218781642,56
3117,2,4611,4611,0,0,0,0,0.7297226183882546,0.5141619141613091,0.7297226183882546,0.5141619141613091,1.0,1,0.6102603354624229,58
3118,0,4611,4611,0,0,0,0,0.7382572106786527,0.5141619141613091,0.7382572106786527,0.5141619141613091,1.0,1,0.6142789394296636,57
3119,1,4612,4612,0,0,0,0,0.7390282613969035,0.5357301290119667,0.7390282613969035,0.5357301290119667,1.0,1,0.6109997576461348,57
3120,0,4612,4612,0,0,0,0,0.734368051778991,0.5357301290119667,0.734368051778991,0.5357301290119667,1.0,1,0.6131825297344538,56
3121,3,4615,4615,0,0,0,0,0.7097344654048762,0.5576935827692204,0.7097344654048762,0.5576935827692204,1.0,1,0.620939695915456,57
3122,0,4615,4615,0,0,0,0,0.7097344654048762,0.5576935827692204,0.7097344654048762,0.5576935827692204,1.0,1,0.620939695915456,57
3123,3,4618,4618,0,0,0,0,0.7457774489241238,0.5884003484520169,0.7457774489241238,0.5884003484520169,1.0,1,0.5968073522825197,57
3124,2,4620,4620,0,0,0,0,0.7833220334480966,0.5884003484520169,0.7833220334480966,0.5884003484520169,1.0,1,0.566685585535075,59
3125,1,4621,4621,0,0,0,0,0.783339882203558,0.5884003484520169,0.783339882203558,0.5884003484520169,1.0,1,0.5528553800466893,61
3126,3,4624,4624,0,0,0,0,0.7909086715837592,0.5665747653960365,0.7909086715837592,0.5665747653960365,1.0,1,0.5502950633136838,60
3127,1,4625,4625,0,0,0,0,0.8153360500845183,0.5665747653960365,0.8153360500845183,0.5665747653960365,1.0,1,0.5516885141549374,58
3128,3,4628,4628,0,0,0,0,0.780226832085607,0.5520840824321137,0.780226832085607,0.5520840824321137,1.0,1,0.5739846426250694,58
3129,3,4631,4631,0,0,0,0,0.7348157626270909,0.5520840824321137,0.7348157626270909,0.5520840824321137,1.0,1,0.6082794539127098,56
3130,0,4631,4631,0,0,0,0,0.7383320546155879,0.5244918823525986,0.7383320546155879,0.5244918823525986,1.0,1,0.6120089286171723,56
3131,0,4631,4631,0,0,0,0,0.7335744556085986,0.5244918823525986,0.7335744556085986,0.5244918823525986,1.0,1,0.6230197483821689,55
3132,1,4632,4632,0,0,0,0,0.7876995817536324,0.5244918823525986,0.7876995817536324,0.5244918823525986,1.0,1,0.6161304271508917,53
3133,2,4634,4634,0,0,0,0,0.8107432865269182,0.5244918823525986,0.8107432865269182,0.5244918823525986,1.0,1,0.6100387115573526,52
3134,2,4636,4636,0,0,0,0,0.799333999575389,0.5031127608533442,0.799333999575389,0.5031127608533442,1.0,1,0.6138393374885185,52
3135,2,4638,4638,0,0,0,0,0.7658285526348017,0.5031127608533442,0.7658285526348017,0.5031127608533442,1.0,1,0.6175009326629123,53
3136,2,4640,4640,0,0,0,0,0.733470665668368,0.5031127608533442,0.733470665668368,0.5031127608533442,1.0,1,0.6296411119902897,54
3137,4,4644,4644,0,0,0,0,0.7388635746301818,0.5031127608533442,0.7388635746301818,0.5031127608533442,1.0,1,0.6105088650232253,55
3138,3,4647,4647,0,0,0,0,0.6863701958686084,0.5040727537275672,0.6863701958686084,0.5040727537275672,1.0,1,0.6161021274952486,57
3139,1,4648,4648,0,0,0,0,0.7171739318849324,0.526627441003724,0.7171739318849324,0.526627441003724,1.0,1,0.6018139381290823,56
3140,1,4649,4649,0,0,0,0,0.7414585580332833,0.5459743086173492,0.7414585580332833,0.5459743086173492,1.0,1,0.597531491114856,56
3141,1,4650,4650,0,0,0,0,0.762444512556452,0.5860402953903935,0.762444512556452,0.5860402953903935,1.0,1,0.5817117480825177,56
3142,1,4651,4651,0,0,0,0,0.778886051030848,0.6158500865643091,0.778886051030848,0.6158500865643091,1.0,1,0.5712770541414012,56
3143,3,4654,4654,0,0,0,0,0.7930330878560748,0.6101739189579293,0.7930330878560748,0.6101739189579293,1.0,1,0.5716771857315092,56
3144,2,4656,4656,0,0,0,0,0.8039671967459476,0.6605822944301578,0.8039671967459476,0.6605822944301578,1.0,1,0.5672025450571967,54
3145,1,4657,4657,0,0,0,0,0.7858489440797076,0.665121160440043,0.7858489440797076,0.665121160440043,1.0,1,0.5625139744539814,55
3146,1,4658,4658,0,0,0,0,0.7776982003642489,0.6678532680627945,0.7776982003642489,0.6678532680627945,1.0,1,0.5822022792419838,53
3147,1,4659,4659,0,0,0,0,0.761478760920412,0.6678532680627945,0.761478760920412,0.6678532680627945,1.0,1,0.5830901019603363,54
3148,2,4661,4661,0,0,0,0,0.7612810367223426,0.6347574343657234,0.7612810367223426,0.6347574343657234,1.0,1,0.5920588563559104,54
3149,0,4661,4661,0,0,0,0,0.7567769053397453,0.6347574343657234,0.7567769053397453,0.6347574343657234,1.0,1,0.596740621459398,53
3150,2,4663,4663,0,0,0,0,0.7796392465196326,0.6484702505000127,0.7796392465196326,0.6484702505000127,1.0,1,0.5786569526564693,53
3151,1,4664,4664,0,0,0,0,0.7636279523019495,0.6127223618360799,0.7636279523019495,0.6127223618360799,1.0,1,0.5914919835989377,53
3152,2,4666,4666,0,0,0,0,0.8048583164439039,0.6549783927273848,0.8048583164439039,0.6549783927273848,1.0,1,0.5592558114973178,54
3153,1,4667,4667,0,0,0,0,0.8183418353523088,0.690275053879193,0.8183418353523088,0.690275053879193,1.0,1,0.5593656544961375,53
3154,0,4667,4667,0,0,0,0,0.8094434817145756,0.690275053879193,0.8094434817145756,0.690275053879193,1.0,1,0.5517386710906736,55
3155,0,4667,4667,0,0,0,0,0.7990339580755844,0.690275053879193,0.7990339580755844,0.690275053879193,1.0,1,0.5504254220046042,56
3156,1,4668,4668,0,0,0,0,0.8170659899149696,0.7369463096715101,0.8170659899149696,0.7369463096715101,1.0,1,0.5360814094735055,56
3157,0,4668,4668,0,0,0,0,0.8170659899149696,0.7369463096715101,0.8170659899149696,0.7369463096715101,1.0,1,0.5360814094735055,56
3158,0,4668,4668,0,0,0,0,0.8041657663317626,0.7369463096715101,0.8041657663317626,0.7369463096715101,1.0,1,0.5336527598378477,57
3159,1,4669,4669,0,0,0,0,0.782960961664301,0.6914099885851894,0.782960961664301,0.6914099885851894,1.0,1,0.5543282160140607,56
3160,1,4670,4670,0,0,0,0,0.7284183998516902,0.6385320716726762,0.7284183998516902,0.6385320716726762,1.0,1,0.5692995063479012,58
3161,1,4671,4671,0,0,0,0,0.7138928615795207,0.595914270012732,0.7138928615795207,0.595914270012732,1.0,1,0.5763204081860195,59
3162,3,4674,4674,0,0,0,0,0.6963439711752875,0.6079856775322141,0.6963439711752875,0.6079856775322141,1.0,1,0.586756322687538,59
3163,2,4676,4676,0,0,0,0,0.6598437729030479,0.5359076221044998,0.6598437729030479,0.5359076221044998,1.0,1,0.6219484580872934,59
3164,5,4681,4681,0,0,0,0,0.6348551354063052,0.530390512927614,0.6348551354063052,0.530390512927614,1.0,1,0.6306730070490897,60
3165,0,4681,4681,0,0,0,0,0.6510183006392121,0.530390512927614,0.6510183006392121,0.530390512927614,1.0,1,0.6298157034412819,58
3166,2,4683,4683,0,0,0,0,0.6399413890413301,0.5784659974192775,0.6399413890413301,0.5784659974192775,1.0,1,0.620940227034316,59
3167,3,4686,4686,0,0,0,0,0.660975833639886,0.5923818413338771,0.660975833639886,0.5923818413338771,1.0,1,0.6213790840447779,57
3168,1,4687,4687,0,0,0,0,0.6685410034399744,0.5991015188257011,0.6685410034399744,0.5991015188257011,1.0,1,0.6044661793542944,58
3169,3,4690,4690,0,0,0,0,0.6939126832340302,0.5886022475730226,0.6939126832340302,0.5886022475730226,1.0,1,0.6097166812625741,57
3170,2,4692,4692,0,0,0,0,0.7040334674782247,0.5610607179768835,0.7040334674782247,0.5610607179768835,1.0,1,0.6151831611984137,55
3171,7,4699,4699,0,0,0,0,0.6706783364915643,0.5951454190083658,0.6706783364915643,0.5951454190083658,1.0,1,0.6173487520896227,56
3172,3,4702,4702,0,0,0,0,0.684571672232812,0.6113701227665901,0.684571672232812,0.6113701227665901,1.0,1,0.6240059910113213,54
3173,1,4703,4703,0,0,0,0,0.7015936901353272,0.5753571472595777,0.7015936901353272,0.5753571472595777,1.0,1,0.6373536874135247,53
3174,3,4706,4706,0,0,0,0,0.7163846571206051,0.6467354269441241,0.7163846571206051,0.6467354269441241,1.0,1,0.6108160380710564,53
3175,2,4708,4708,0,0,0,0,0.7297797488451037,0.6580046915044155,0.7297797488451037,0.6580046915044155,1.0,1,0.6074666740466244,52
3176,1,4709,4709,0,0,0,0,0.7345258300432985,0.6736869923959015,0.7345258300432985,0.6736869923959015,1.0,1,0.5973730591482956,53
3177,3,4712,4712,0,0,0,0,0.7908434021386874,0.7330683698255328,0.7908434021386874,0.7330683698255328,1.0,1,0.5729801227083329,52
3178,2,4714,4714,0,0,0,0,0.8291747767503744,0.6698601555886472,0.8291747767503744,0.6698601555886472,1.0,1,0.5502446130080431,53
3179,1,4715,4715,0,0,0,0,0.848986446148622,0.7245354763530913,0.848986446148622,0.7245354763530913,1.0,1,0.5278050118245993,54
3180,2,4717,4717,0,0,0,0,0.8608873302707926,0.674941855449941,0.8608873302707926,0.674941855449941,1.0,1,0.520861504776473,54
3181,1,4718,4718,0,0,0,0,0.8551856387863458,0.674941855449941,0.8551856387863458,0.674941855449941,1.0,1,0.51471568859433,55
3182,2,4720,4720,0,0,0,0,0.8904937929562112,0.674941855449941,0.8904937929562112,0.674941855449941,1.0,1,0.5005076433953594,54
3183,5,4725,4725,0,0,0,0,0.8934537776229388,0.674941855449941,0.8934537776229388,0.674941855449941,1.0,1,0.49098370340907826,56
3184,3,4728,4728,0,0,0,0,0.8940708028814405,0.686605798701898,0.8940708028814405,0.686605798701898,1.0,1,0.4944743406735806,54
3185,1,4729,4729,0,0,0,0,0.8920721387848639,0.686605798701898,0.8920721387848639,0.686605798701898,1.0,1,0.4890332239530654,53
3186,0,4729,4729,0,0,0,0,0.8899966029922652,0.686605798701898,0.8899966029922652,0.686605798701898,1.0,1,0.5012036043029149,52
3187,4,4733,4733,0,0,0,0,0.8997138555846074,0.686605798701898,0.8997138555846074,0.686605798701898,1.0,1,0.520639893841302,50
3188,2,4735,4735,0,0,0,0,0.8997138555846074,0.686605798701898,0.8997138555846074,0.686605798701898,1.0,1,0.5321577624412972,50
3189,3,4738,4738,0,0,0,0,0.8622038904071818,0.6488456002772426,0.8622038904071818,0.6488456002772426,1.0,1,0.5654560559468617,49
3190,1,4739,4739,0,0,0,0,0.8463578018855114,0.6166819260575995,0.8463578018855114,0.6166819260575995,1.0,1,0.5804902112923904,50
3191,1,4740,4740,0,0,0,0,0.8228113281941976,0.5842178766461523,0.8228113281941976,0.5842178766461523,1.0,1,0.6037003823103898,49
3192,0,4740,4740,0,0,0,0,0.8228113281941973,0.5842178766461523,0.8228113281941973,0.5842178766461523,1.0,1,0.6037003823103898,49
3193,0,4740,4740,0,0,0,0,0.8228113281941976,0.5842178766461523,0.8228113281941976,0.5842178766461523,1.0,1,0.6013251257111187,49
3194,0,4740,4740,0,0,0,0,0.805810722743192,0.5536460355960408,0.805810722743192,0.5536460355960408,1.0,1,0.6071747686615565,50
3195,0,4740,4740,0,0,0,0,0.8018476762685632,0.5536460355960408,0.8018476762685632,0.5536460355960408,1.0,1,0.61642611089972,49
3196,0,4740,4740,0,0,0,0,0.8018476762685632,0.5536460355960408,0.8018476762685632,0.5536460355960408,1.0,1,0.61642611089972,49
3197,0,4740,4740,0,0,0,0,0.805810722743192,0.5536460355960408,0.805810722743192,0.5536460355960408,1.0,1,0.6054617799522141,50
3198,0,4740,4740,0,0,0,0,0.805810722743192,0.5536460355960408,0.805810722743192,0.5536460355960408,1.0,1,0.6054617799522141,50
3199,4,4744,4744,0,0,0,0,0.823814201006572,0.5905334653908455,0.823814201006572,0.5905334653908455,1.0,1,0.5873225638017979,52
3200,3,4747,4747,0,0,0,0,0.8003033713331086,0.5690763911284934,0.8003033713331086,0.5690763911284934,1.0,1,0.5942458863969876,53
3201,4,4751,4751,0,0,0,0,0.7383706431500834,0.5179878684154735,0.7383706431500834,0.5179878684154735,1.0,1,0.6085032697846886,55
3202,1,4752,4752,0,0,0,0,0.7390005461617991,0.5388539283651538,0.7390005461617991,0.5388539283651538,1.0,1,0.6051999582642938,55
3203,0,4752,4752,0,0,0,0,0.7726092606342302,0.6115364879149199,0.7726092606342302,0.6115364879149199,1.0,1,0.5921872100974407,53
3204,0,4752,4752,0,0,0,0,0.7708784614705295,0.6348286529648605,0.7708784614705295,0.6348286529648605,1.0,1,0.5896558431286593,53
3205,3,4755,4755,0,0,0,0,0.7316130906352168,0.6112004059854035,0.7316130906352168,0.6112004059854035,1.0,1,0.6096040717291495,53
3206,0,4755,4755,0,0,0,0,0.7637497629362817,0.6201492272191015,0.7637497629362817,0.6201492272191015,1.0,1,0.6039181350833168,52
3207,3,4758,4758,0,0,0,0,0.7319021909332537,0.5872124153758655,0.7319021909332537,0.5872124153758655,1.0,1,0.624819729524019,53
3208,0,4758,4758,0,0,0,0,0.7427566821886694,0.5562988328081336,0.7427566821886694,0.5562988328081336,1.0,1,0.6329047597000313,51
3209,2,4760,4760,0,0,0,0,0.6833530430532343,0.5562988328081336,0.6833530430532343,0.5562988328081336,1.0,1,0.6623826260937011,52
3210,0,4760,4760,0,0,0,0,0.7238356474167039,0.5857720051616236,0.7238356474167039,0.5857720051616236,1.0,1,0.6576437278110273,49
3211,3,4763,4763,0,0,0,0,0.7398613724791844,0.5857720051616236,0.7398613724791844,0.5857720051616236,1.0,1,0.6582923918651938,48
3212,0,4763,4763,0,0,0,0,0.7439482674313201,0.5857720051616236,0.7439482674313201,0.5857720051616236,1.0,1,0.6582466125933011,48
3213,3,4766,4766,0,0,0,0,0.7491738129939463,0.5857720051616236,0.7491738129939463,0.5857720051616236,1.0,1,0.6337843859936216,49
3214,2,4768,4768,0,0,0,0,0.7419125464969069,0.5857720051616236,0.7419125464969069,0.5857720051616236,1.0,1,0.6356911925671005,51
3215,0,4768,4768,0,0,0,0,0.7419125464969069,0.5857720051616236,0.7419125464969069,0.5857720051616236,1.0,1,0.6356911925671005,51
3216,2,4770,4770,0,0,0,0,0.7419125464969069,0.5857720051616236,0.7419125464969069,0.5857720051616236,1.0,1,0.642396703779157,51
3217,1,4771,4771,0,0,0,0,0.7218860364869141,0.5857720051616236,0.7218860364869141,0.5857720051616236,1.0,1,0.655092166839628,51
3218,0,4771,4771,0,0,0,0,0.7218860364869141,0.5857720051616236,0.7218860364869141,0.5857720051616236,1.0,1,0.655092166839628,51
3219,1,4772,4772,0,0,0,0,0.7049968907682973,0.5857720051616236,0.7049968907682973,0.5857720051616236,1.0,1,0.648535154004002,52
3220,0,4772,4772,0,0,0,0,0.7049968907682973,0.5857720051616236,0.7049968907682973,0.5857720051616236,1.0,1,0.648535154004002,52
3221,0,4772,4772,0,0,0,0,0.6978538110111031,0.5576967786359478,0.6978538110111031,0.5576967786359478,1.0,1,0.6376520773191985,54
3222,0,4772,4772,0,0,0,0,0.6978538110111031,0.5576967786359478,0.6978538110111031,0.5576967786359478,1.0,1,0.638046774351095,54
3223,0,4772,4772,0,0,0,0,0.6773056176334477,0.5360374083848578,0.6773056176334477,0.5360374083848578,1.0,1,0.6419702927752122,56
3224,1,4773,4773,0,0,0,0,0.6829669225872468,0.5360374083848578,0.6829669225872468,0.5360374083848578,1.0,1,0.6384347535456629,57
3225,0,4773,4773,0,0,0,0,0.6684854948622709,0.5360374083848578,0.6684854948622709,0.5360374083848578,1.0,1,0.6390232442579343,58
3226,0,4773,4773,0,0,0,0,0.6684854948622709,0.5360374083848578,0.6684854948622709,0.5360374083848578,1.0,1,0.6390232442579343,58
3227,0,4773,4773,0,0,0,0,0.6684854948622709,0.5360374083848578,0.6684854948622709,0.5360374083848578,1.0,1,0.6390232442579343,58
3228,0,4773,4773,0,0,0,0,0.6684854948622709,0.5360374083848578,0.6684854948622709,0.5360374083848578,1.0,1,0.6390232442579343,58
3229,1,4774,4774,0,0,0,0,0.6401976823042157,0.48500327661612735,0.6401976823042157,0.48500327661612735,1.0,1,0.6567366010555175,60
3230,0,4774,4774,0,0,0,0,0.6460960809549663,0.48500327661612735,0.6460960809549663,0.48500327661612735,1.0,1,0.6516077695832256,61
3231,0,4774,4774,0,0,0,0,0.6460960809549663,0.48500327661612735,0.6460960809549663,0.48500327661612735,1.0,1,0.6516077695832256,61
3232,0,4774,4774,0,0,0,0,0.6460960809549663,0.48500327661612735,0.6460960809549663,0.48500327661612735,1.0,1,0.6516077695832256,61
3233,0,4774,4774,0,0,0,0,0.6391964426844949,0.45885792971004885,0.6391964426844949,0.45885792971004885,1.0,1,0.6475665518465229,63
3234,0,4774,4774,0,0,0,0,0.6312015636073629,0.45885792971004885,0.6312015636073629,0.45885792971004885,1.0,1,0.6477852711949391,64
3235,0,4774,4774,0,0,0,0,0.636875385705711,0.45885792971004885,0.636875385705711,0.45885792971004885,1.0,1,0.6432813906389396,65
3236,0,4774,4774,0,0,0,0,0.6291643309223823,0.4456214433218873,0.6291643309223823,0.4456214433218873,1.0,1,0.6459431197705644,66
3237,0,4774,4774,0,0,0,0,0.6346991916548841,0.4456214433218873,0.6346991916548841,0.4456214433218873,1.0,1,0.6376864520212817,67
3238,1,4775,4775,0,0,0,0,0.6181593228750967,0.424321725953901,0.6181593228750967,0.424321725953901,1.0,1,0.6459046683447658,67
3239,3,4778,4778,0,0,0,0,0.5773636675142222,0.4109285583545079,0.5773636675142222,0.4109285583545079,1.0,1,0.6593931415334539,69
3240,2,4780,4780,0,0,0,0,0.5717169963699213,0.3834942114400964,0.5717169963699213,0.3834942114400964,1.0,1,0.6717396771763264,69
3241,2,4782,4782,0,0,0,0,0.567257840925274,0.41550074660887376,0.567257840925274,0.41550074660887376,1.0,1,0.6637768142709137,68
3242,2,4784,4784,0,0,0,0,0.5747588562539094,0.3994751161175264,0.5747588562539094,0.3994751161175264,1.0,1,0.6744755659807602,67
3243,3,4787,4787,0,0,0,0,0.5592222764837552,0.39139528134969315,0.5592222764837552,0.39139528134969315,1.0,1,0.6753837006791477,68
3244,0,4787,4787,0,0,0,0,0.5767137358319562,0.42397001099869097,0.5767137358319562,0.42397001099869097,1.0,1,0.6575700952255203,68
3245,0,4787,4787,0,0,0,0,0.5663588593254789,0.40390776978034565,0.5663588593254789,0.40390776978034565,1.0,1,0.6618876836615023,69
3246,1,4788,4788,0,0,0,0,0.5555524779086567,0.4148765157573861,0.5555524779086567,0.4148765157573861,1.0,1,0.6649025479450766,68
3247,0,4788,4788,0,0,0,0,0.5555524779086567,0.4148765157573861,0.5555524779086567,0.4148765157573861,1.0,1,0.6649025479450766,68
3248,2,4790,4790,0,0,0,0,0.549149698774148,0.39524882977893033,0.549149698774148,0.39524882977893033,1.0,1,0.6761911653075705,68
3249,0,4790,4790,0,0,0,0,0.5427941786399851,0.3854340014940332,0.5427941786399851,0.3854340014940332,1.0,1,0.6783747220558256,69
3250,1,4791,4791,0,0,0,0,0.5441252136450453,0.3854340014940332,0.5441252136450453,0.3854340014940332,1.0,1,0.6749662488746133,69
3251,3,4794,4794,0,0,0,0,0.5254113717786513,0.3725429256619834,0.5254113717786513,0.3725429256619834,1.0,1,0.6881639743586236,68
3252,1,4795,4795,0,0,0,0,0.5434697224201037,0.38993067532871994,0.5434697224201037,0.38993067532871994,1.0,1,0.674836907857056,68
3253,0,4795,4795,0,0,0,0,0.533610734263528,0.37237297080497517,0.533610734263528,0.37237297080497517,1.0,1,0.6789422971629506,69
3254,3,4798,4798,0,0,0,0,0.5347543557085876,0.3960615512517658,0.5347543557085876,0.3960615512517658,1.0,1,0.6704199235340055,69
3255,0,4798,4798,0,0,0,0,0.5261647916768637,0.3801106313288744,0.5261647916768637,0.3801106313288744,1.0,1,0.6740306775310221,70
3256,2,4800,4800,0,0,0,0,0.540761506410593,0.3895272477706607,0.540761506410593,0.3895272477706607,1.0,1,0.6651527048377147,70
3257,3,4803,4803,0,0,0,0,0.5432205970760441,0.402338820585601,0.5432205970760441,0.402338820585601,1.0,1,0.6545593752058451,71
3258,1,4804,4804,0,0,0,0,0.5615329211855744,0.402338820585601,0.5615329211855744,0.402338820585601,1.0,1,0.640856951161035,72
3259,3,4807,4807,0,0,0,0,0.5821593939662969,0.42395469624917037,0.5821593939662969,0.42395469624917037,1.0,1,0.6337369540773005,71
3260,1,4808,4808,0,0,0,0,0.5733295771827969,0.40849673793921903,0.5733295771827969,0.40849673793921903,1.0,1,0.6414113659963179,72
3261,2,4810,4810,0,0,0,0,0.5835823386836888,0.40849673793921903,0.5835823386836888,0.40849673793921903,1.0,1,0.6296850666677004,74
3262,4,4814,4814,0,0,0,0,0.6243459700607071,0.42490234389673487,0.6243459700607071,0.42490234389673487,1.0,1,0.6160447463326152,73
3263,3,4817,4817,0,0,0,0,0.6492739315923636,0.42490234389673487,0.6492739315923636,0.42490234389673487,1.0,1,0.6023399141868813,73
3264,3,4820,4820,0,0,0,0,0.6310603748527533,0.4251366705845673,0.6310603748527533,0.4251366705845673,1.0,1,0.6178660404086143,71
3265,2,4822,4822,0,0,0,0,0.6570828127453282,0.4365034029182986,0.6570828127453282,0.4365034029182986,1.0,1,0.6035149150652291,70
3266,3,4825,4825,0,0,0,0,0.6032856632077576,0.4365034029182986,0.6032856632077576,0.4365034029182986,1.0,1,0.6293988199537874,69
3267,2,4827,4827,0,0,0,0,0.6045232310306178,0.4207750348407194,0.6045232310306178,0.4207750348407194,1.0,1,0.6341121913405813,69
3268,3,4830,4830,0,0,0,0,0.5854637599997778,0.4328611534456561,0.5854637599997778,0.4328611534456561,1.0,1,0.6371079825275775,68
3269,3,4833,4833,0,0,0,0,0.5677390558853426,0.42557091188589447,0.5677390558853426,0.42557091188589447,1.0,1,0.6547973576848832,68
3270,1,4834,4834,0,0,0,0,0.5800334087140515,0.42557091188589447,0.5800334087140515,0.42557091188589447,1.0,1,0.6473776720487678,67
3271,1,4835,4835,0,0,0,0,0.5904195716023168,0.42557091188589447,0.5904195716023168,0.42557091188589447,1.0,1,0.6494349050770395,66
3272,2,4837,4837,0,0,0,0,0.6093068737441488,0.42557091188589447,0.6093068737441488,0.42557091188589447,1.0,1,0.6394219728600222,67
3273,0,4837,4837,0,0,0,0,0.6031147386235536,0.4132634340813047,0.6031147386235536,0.4132634340813047,1.0,1,0.6486375945642069,66
3274,1,4838,4838,0,0,0,0,0.5966575950486478,0.4132634340813047,0.5966575950486478,0.4132634340813047,1.0,1,0.646779922189831,68
3275,0,4838,4838,0,0,0,0,0.5966575950486479,0.4132634340813047,0.5966575950486479,0.4132634340813047,1.0,1,0.646779922189831,68
3276,1,4839,4839,0,0,0,0,0.6010267956337891,0.39997015124933993,0.6010267956337891,0.39997015124933993,1.0,1,0.6483132972192286,69
3277,1,4840,4840,0,0,0,0,0.5970495540130369,0.39997015124933993,0.5970495540130369,0.39997015124933993,1.0,1,0.6507208787719061,68
3278,2,4842,4842,0,0,0,0,0.5862325598623488,0.36843999846375103,0.5862325598623488,0.36843999846375103,1.0,1,0.6639541723282869,69
3279,1,4843,4843,0,0,0,0,0.6048048928783314,0.3930899365803978,0.6048048928783314,0.3930899365803978,1.0,1,0.6532400378848023,67
3280,2,4845,4845,0,0,0,0,0.608723226670509,0.37515536153231277,0.608723226670509,0.37515536153231277,1.0,1,0.6644350095691194,66
3281,3,4848,4848,0,0,0,0,0.6053049774571325,0.34373285850380875,0.6053049774571325,0.34373285850380875,1.0,1,0.6729037221634458,67
3282,0,4848,4848,0,0,0,0,0.6129658013265484,0.3518676003847463,0.6129658013265484,0.3518676003847463,1.0,1,0.6704881959824331,66
3283,6,4854,4854,0,0,0,0,0.5700711011569893,0.3311057750075546,0.5700711011569893,0.3311057750075546,1.0,1,0.6858410973114535,67
3284,3,4857,4857,0,0,0,0,0.6079687640248553,0.37956928246964056,0.6079687640248553,0.37956928246964056,1.0,1,0.6550355795202044,66
3285,1,4858,4858,0,0,0,0,0.5916058748400639,0.3637237663087483,0.5916058748400639,0.3637237663087483,1.0,1,0.66492370674819,66
3286,1,4859,4859,0,0,0,0,0.6049137982489228,0.4080049725047548,0.6049137982489228,0.4080049725047548,1.0,1,0.6576607009637977,63
3287,1,4860,4860,0,0,0,0,0.6075298855363188,0.4223153205262776,0.6075298855363188,0.4223153205262776,1.0,1,0.6605001480276479,61
3288,3,4863,4863,0,0,0,0,0.6194536385972459,0.45852359450752367,0.6194536385972459,0.45852359450752367,1.0,1,0.6397138981735319,63
3289,1,4864,4864,0,0,0,0,0.6133157940584918,0.45852359450752367,0.6133157940584918,0.45852359450752367,1.0,1,0.653677429024627,62
3290,0,4864,4864,0,0,0,0,0.6194536385972459,0.45852359450752367,0.6194536385972459,0.45852359450752367,1.0,1,0.6471769554804907,63
3291,1,4865,4865,0,0,0,0,0.6126034153714861,0.4753349890449718,0.6126034153714861,0.4753349890449718,1.0,1,0.6517800110167741,62
3292,1,4866,4866,0,0,0,0,0.5906896891134578,0.4502254448778547,0.5906896891134578,0.4502254448778547,1.0,1,0.6658416888565267,63
3293,4,4870,4870,0,0,0,0,0.5685216092314715,0.43672866587348436,0.5685216092314715,0.43672866587348436,1.0,1,0.6779383695273666,65
3294,0,4870,4870,0,0,0,0,0.5685216092314715,0.43672866587348436,0.5685216092314715,0.43672866587348436,1.0,1,0.6779383695273666,65
3295,2,4872,4872,0,0,0,0,0.5685216092314715,0.43672866587348436,0.5685216092314715,0.43672866587348436,1.0,1,0.6844640295960321,65
3296,0,4872,4872,0,0,0,0,0.5685216092314715,0.43672866587348436,0.5685216092314715,0.43672866587348436,1.0,1,0.6844640295960321,65
3297,1,4873,4873,0,0,0,0,0.5750591606067522,0.43672866587348436,0.5750591606067522,0.43672866587348436,1.0,1,0.677918241167485,66
3298,3,4876,4876,0,0,0,0,0.5908516148074405,0.44162330363896074,0.5908516148074405,0.44162330363896074,1.0,1,0.6602266262516973,66
3299,1,4877,4877,0,0,0,0,0.5834266071861142,0.4276934156605455,0.5834266071861142,0.4276934156605455,1.0,1,0.6604039284894521,67
3300,1,4878,4878,0,0,0,0,0.601639881975144,0.4276934156605455,0.601639881975144,0.4276934156605455,1.0,1,0.6462989909934548,67
3301,0,4878,4878,0,0,0,0,0.5943736965567322,0.4153797948091071,0.5943736965567322,0.4153797948091071,1.0,1,0.6490538228362581,68
3302,0,4878,4878,0,0,0,0,0.5883195726247432,0.4153797948091071,0.5883195726247432,0.4153797948091071,1.0,1,0.6558478054751206,67
3303,1,4879,4879,0,0,0,0,0.5883195726247432,0.4153797948091071,0.5883195726247432,0.4153797948091071,1.0,1,0.6638082462318682,67
3304,1,4880,4880,0,0,0,0,0.6012983100879561,0.4153797948091071,0.6012983100879561,0.4153797948091071,1.0,1,0.6621228423083907,67
3305,0,4880,4880,0,0,0,0,0.5799272607057923,0.39544813628211856,0.5799272607057923,0.39544813628211856,1.0,1,0.6668748761526772,69
3306,1,4881,4881,0,0,0,0,0.5940208755717867,0.39544813628211856,0.5940208755717867,0.39544813628211856,1.0,1,0.6531044641872449,70
3307,0,4881,4881,0,0,0,0,0.5940208755717867,0.39544813628211856,0.5940208755717867,0.39544813628211856,1.0,1,0.6531044641872449,70
3308,1,4882,4882,0,0,0,0,0.5939887061458015,0.39544813628211856,0.5939887061458015,0.39544813628211856,1.0,1,0.650208551354222,70
3309,0,4882,4882,0,0,0,0,0.5776778429776859,0.3836654035890172,0.5776778429776859,0.3836654035890172,1.0,1,0.6532919765930647,72
3310,1,4883,4883,0,0,0,0,0.5734080668246582,0.36091436562879997,0.5734080668246582,0.36091436562879997,1.0,1,0.6560509974121762,74
3311,1,4884,4884,0,0,0,0,0.5745824468927491,0.36091436562879997,0.5745824468927491,0.36091436562879997,1.0,1,0.6538507152591022,74
3312,2,4886,4886,0,0,0,0,0.5929326423039407,0.36091436562879997,0.5929326423039407,0.36091436562879997,1.0,1,0.6471750971308903,74
3313,0,4886,4886,0,0,0,0,0.5842882367720047,0.34748494181525,0.5842882367720047,0.34748494181525,1.0,1,0.6477056111877265,75
3314,4,4890,4890,0,0,0,0,0.5461212494216775,0.33543063351675695,0.5461212494216775,0.33543063351675695,1.0,1,0.6528532353024776,76
3315,0,4890,4890,0,0,0,0,0.5400695327472999,0.33543063351675695,0.5400695327472999,0.33543063351675695,1.0,1,0.6599341363454846,75
3316,4,4894,4894,0,0,0,0,0.533525124058234,0.3502365168880366,0.533525124058234,0.3502365168880366,1.0,1,0.652827983738143,76
3317,2,4896,4896,0,0,0,0,0.5184611140067373,0.35990593282565064,0.5184611140067373,0.35990593282565064,1.0,1,0.6691498211177727,73
3318,4,4900,4900,0,0,0,0,0.4827632542022395,0.35005301610629264,0.4827632542022395,0.35005301610629264,1.0,1,0.6918738731377201,72
3319,2,4902,4902,0,0,0,0,0.47522326283576005,0.3494690599378321,0.47522326283576005,0.3494690599378321,1.0,1,0.7025772823006289,71
3320,4,4906,4906,0,0,0,0,0.4808401992511622,0.3668459412952376,0.4808401992511622,0.3668459412952376,1.0,1,0.6968477172893821,70
3321,1,4907,4907,0,0,0,0,0.47274033973564317,0.3654759238531005,0.47274033973564317,0.3654759238531005,1.0,1,0.7092489824580129,69
3322,3,4910,4910,0,0,0,0,0.4775371834036689,0.3637694721552984,0.4775371834036689,0.3637694721552984,1.0,1,0.7184429165343088,68
3323,1,4911,4911,0,0,0,0,0.4576555368848182,0.3637694721552984,0.4576555368848182,0.3637694721552984,1.0,1,0.7207579058530594,69
3324,1,4912,4912,0,0,0,0,0.4732033119408514,0.3637694721552984,0.4732033119408514,0.3637694721552984,1.0,1,0.7140564938834124,69
3325,1,4913,4913,0,0,0,0,0.45455108385928344,0.35385752384647023,0.45455108385928344,0.35385752384647023,1.0,1,0.7188354493539134,70
3326,1,4914,4914,0,0,0,0,0.4768778810578151,0.35482382031011317,0.4768778810578151,0.35482382031011317,1.0,1,0.7025828694166448,69
3327,1,4915,4915,0,0,0,0,0.48435105418556057,0.35482382031011317,0.48435105418556057,0.35482382031011317,1.0,1,0.7033127484079307,70
3328,2,4917,4917,0,0,0,0,0.46390982233902606,0.3375418530673386,0.46390982233902606,0.3375418530673386,1.0,1,0.7016563914147885,73
3329,1,4918,4918,0,0,0,0,0.4562558336885518,0.32766978557851195,0.4562558336885518,0.32766978557851195,1.0,1,0.7128928678766456,72
3330,1,4919,4919,0,0,0,0,0.4560956239982235,0.3177965856671141,0.4560956239982235,0.3177965856671141,1.0,1,0.7160413846798694,72
3331,1,4920,4920,0,0,0,0,0.48372558797948645,0.3261276387827324,0.48372558797948645,0.3261276387827324,1.0,1,0.6996827283729287,72
3332,0,4920,4920,0,0,0,0,0.4787922908445966,0.3261276387827324,0.4787922908445966,0.3261276387827324,1.0,1,0.6993629204507634,73
3333,1,4921,4921,0,0,0,0,0.49937748515696445,0.3466150443205871,0.49937748515696445,0.3466150443205871,1.0,1,0.6909154072936862,72
3334,1,4922,4922,0,0,0,0,0.5218245684617762,0.3466150443205871,0.5218245684617762,0.3466150443205871,1.0,1,0.6775795645417159,73
3335,1,4923,4923,0,0,0,0,0.51835847678537,0.35468015083237797,0.51835847678537,0.35468015083237797,1.0,1,0.6731808105822639,74
3336,0,4923,4923,0,0,0,0,0.51835847678537,0.35468015083237797,0.51835847678537,0.35468015083237797,1.0,1,0.6731808105822639,74
3337,2,4925,4925,0,0,0,0,0.5325772263171288,0.36301484492884173,0.5325772263171288,0.36301484492884173,1.0,1,0.664828585944241,74
3338,2,4927,4927,0,0,0,0,0.5522594003685815,0.3767196312507281,0.5522594003685815,0.3767196312507281,1.0,1,0.6441699875134635,74
3339,2,4929,4929,0,0,0,0,0.5436762659697467,0.3767196312507281,0.5436762659697467,0.3767196312507281,1.0,1,0.6290884496762791,75
3340,1,4930,4930,0,0,0,0,0.5575733081496158,0.39168383820576075,0.5575733081496158,0.39168383820576075,1.0,1,0.6195759268560822,75
3341,2,4932,4932,0,0,0,0,0.5634153556479818,0.39173987099238333,0.5634153556479818,0.39173987099238333,1.0,1,0.6025293070668065,76
3342,3,4935,4935,0,0,0,0,0.5742113976765962,0.39629023441447875,0.5742113976765962,0.39629023441447875,1.0,1,0.6009468363698556,76
3343,4,4939,4939,0,0,0,0,0.5979426486642875,0.4095337289304319,0.5979426486642875,0.4095337289304319,1.0,1,0.5822388680750655,75
3344,2,4941,4941,0,0,0,0,0.597203921972492,0.4074027865502524,0.597203921972492,0.4074027865502524,1.0,1,0.5939407267795557,75
3345,3,4944,4944,0,0,0,0,0.6067493879368148,0.4278225036996451,0.6067493879368148,0.4278225036996451,1.0,1,0.5918660565542568,72
3346,3,4947,4947,0,0,0,0,0.6091505353950997,0.40618655498382084,0.6091505353950997,0.40618655498382084,1.0,1,0.5987752246473551,73
3347,4,4951,4951,0,0,0,0,0.6211725528082923,0.41710170214331643,0.6211725528082923,0.41710170214331643,1.0,1,0.5956602421874212,73
3348,3,4954,4954,0,0,0,0,0.6204097032094563,0.41209260074353193,0.6204097032094563,0.41209260074353193,1.0,1,0.601081725647207,73
3349,2,4956,4956,0,0,0,0,0.623237547142051,0.4055414528289731,0.623237547142051,0.4055414528289731,1.0,1,0.602215962904034,74
3350,1,4957,4957,0,0,0,0,0.6309730645352778,0.41942131984467224,0.6309730645352778,0.41942131984467224,1.0,1,0.5930434793003533,73
3351,0,4957,4957,0,0,0,0,0.6258476904316012,0.41942131984467224,0.6258476904316012,0.41942131984467224,1.0,1,0.5981121318124157,72
3352,4,4961,4961,0,0,0,0,0.5861324470580507,0.4121539689254939,0.5861324470580507,0.4121539689254939,1.0,1,0.6149041994725388,72
3353,1,4962,4962,0,0,0,0,0.5705761917646381,0.3924426967013756,0.5705761917646381,0.3924426967013756,1.0,1,0.6306360727929873,72
3354,4,4966,4966,0,0,0,0,0.5283978205236741,0.3621487738117374,0.5283978205236741,0.3621487738117374,1.0,1,0.6569035430220986,70
3355,2,4968,4968,0,0,0,0,0.521224073010397,0.3768200403132451,0.521224073010397,0.3768200403132451,1.0,1,0.6632769340544734,69
3356,3,4971,4971,0,0,0,0,0.5393274701560447,0.40000353821557605,0.5393274701560447,0.40000353821557605,1.0,1,0.6478119255917405,69
3357,0,4971,4971,0,0,0,0,0.5486528888529869,0.4005192272671742,0.5486528888529869,0.4005192272671742,1.0,1,0.6466436296711047,68
3358,3,4974,4974,0,0,0,0,0.5322820029027859,0.3722391455363881,0.5322820029027859,0.3722391455363881,1.0,1,0.6615132081560734,68
3359,1,4975,4975,0,0,0,0,0.550746010119291,0.3722391455363881,0.550746010119291,0.3722391455363881,1.0,1,0.6740834606120963,66
3360,1,4976,4976,0,0,0,0,0.5438344102749724,0.3722391455363881,0.5438344102749724,0.3722391455363881,1.0,1,0.6809052154937969,65
3361,0,4976,4976,0,0,0,0,0.5726091014746194,0.3722391455363881,0.5726091014746194,0.3722391455363881,1.0,1,0.6789397839369741,64
3362,0,4976,4976,0,0,0,0,0.5726091014746194,0.3722391455363881,0.5726091014746194,0.3722391455363881,1.0,1,0.6789397839369741,64
3363,1,4977,4977,0,0,0,0,0.5639973018584789,0.3613368680952813,0.5639973018584789,0.3613368680952813,1.0,1,0.6817049198867504,65
3364,0,4977,4977,0,0,0,0,0.5706034033454715,0.3613368680952813,0.5706034033454715,0.3613368680952813,1.0,1,0.6778773127290885,66
3365,0,4977,4977,0,0,0,0,0.5522218115953658,0.34867058141608887,0.5522218115953658,0.34867058141608887,1.0,1,0.680993476752513,68
3366,1,4978,4978,0,0,0,0,0.5529771269489626,0.3588111942285975,0.5529771269489626,0.3588111942285975,1.0,1,0.6834060255956117,66
3367,0,4978,4978,0,0,0,0,0.5347561885991303,0.34586136094462844,0.5347561885991303,0.34586136094462844,1.0,1,0.6864242320103572,68
3368,2,4980,4980,0,0,0,0,0.5519472943949681,0.34586136094462844,0.5519472943949681,0.34586136094462844,1.0,1,0.6814282862715189,68
3369,0,4980,4980,0,0,0,0,0.5430455991937417,0.3326958436725548,0.5430455991937417,0.3326958436725548,1.0,1,0.6850190947017732,69
3370,0,4980,4980,0,0,0,0,0.5553910519348739,0.3326958436725548,0.5553910519348739,0.3326958436725548,1.0,1,0.6712011489547383,71
3371,3,4983,4983,0,0,0,0,0.5559175541460306,0.3326958436725548,0.5559175541460306,0.3326958436725548,1.0,1,0.6696523224940921,71
3372,3,4986,4986,0,0,0,0,0.5279774866792996,0.32466760316142806,0.5279774866792996,0.32466760316142806,1.0,1,0.687886072538808,71
3373,1,4987,4987,0,0,0,0,0.5203580767549192,0.31435872796654246,0.5203580767549192,0.31435872796654246,1.0,1,0.6908200283419916,72
3374,2,4989,4989,0,0,0,0,0.5366491818211614,0.314854896046976,0.5366491818211614,0.314854896046976,1.0,1,0.6814609979380643,72
3375,0,4989,4989,0,0,0,0,0.5302008700569046,0.314854896046976,0.5302008700569046,0.314854896046976,1.0,1,0.6812928180323972,73
3376,0,4989,4989,0,0,0,0,0.5273839364988837,0.314854896046976,0.5273839364988837,0.314854896046976,1.0,1,0.6719092547471947,75
3377,1,4990,4990,0,0,0,0,0.5371646489857438,0.314854896046976,0.5371646489857438,0.314854896046976,1.0,1,0.6588306048453048,77
3378,3,4993,4993,0,0,0,0,0.55086861239812,0.32641927350947436,0.55086861239812,0.32641927350947436,1.0,1,0.6410845477918156,77
3379,0,4993,4993,0,0,0,0,0.55086861239812,0.32641927350947436,0.55086861239812,0.32641927350947436,1.0,1,0.6410845477918156,77
3380,2,4995,4995,0,0,0,0,0.5596285425285309,0.340654929994074,0.5596285425285309,0.340654929994074,1.0,1,0.6276053828385727,76
3381,1,4996,4996,0,0,0,0,0.5601686620332722,0.3286658333984843,0.5601686620332722,0.3286658333984843,1.0,1,0.630879350815867,76
3382,3,4999,4999,0,0,0,0,0.5595767634515164,0.3329727820950893,0.5595767634515164,0.3329727820950893,1.0,1,0.6364410057807078,78
3383,2,5001,5001,0,0,0,0,0.5765856196702611,0.32989799175385176,0.5765856196702611,0.32989799175385176,1.0,1,0.63207253423002,77
3384,2,5003,5003,0,0,0,0,0.5661790387648143,0.3189874567109715,0.5661790387648143,0.3189874567109715,1.0,1,0.646872940727206,77
3385,1,5004,5004,0,0,0,0,0.5661162880650134,0.3189874567109715,0.5661162880650134,0.3189874567109715,1.0,1,0.6572373062841057,75
3386,1,5005,5005,0,0,0,0,0.5660180145036011,0.3107838063268267,0.5660180145036011,0.3107838063268267,1.0,1,0.6563334680443386,76
3387,2,5007,5007,0,0,0,0,0.5657865842998139,0.32148255573399714,0.5657865842998139,0.32148255573399714,1.0,1,0.6504575818536551,75
3388,1,5008,5008,0,0,0,0,0.5601617127064035,0.3211057346099959,0.5601617127064035,0.3211057346099959,1.0,1,0.6474042902782937,76
3389,2,5010,5010,0,0,0,0,0.5386524703883877,0.31336322015265683,0.5386524703883877,0.31336322015265683,1.0,1,0.6563705557329071,77
3390,1,5011,5011,0,0,0,0,0.5451855187026283,0.3238860622020263,0.5451855187026283,0.3238860622020263,1.0,1,0.6528421590217557,76
3391,3,5014,5014,0,0,0,0,0.5086390614116489,0.3238860622020263,0.5086390614116489,0.3238860622020263,1.0,1,0.665594799253551,77
3392,0,5014,5014,0,0,0,0,0.5023297997682742,0.3238860622020263,0.5023297997682742,0.3238860622020263,1.0,1,0.6659353455072115,78
3393,1,5015,5015,0,0,0,0,0.5035884759456539,0.3238860622020263,0.5035884759456539,0.3238860622020263,1.0,1,0.6744929933581894,76
3394,0,5015,5015,0,0,0,0,0.5157475170447754,0.31727509905215934,0.5157475170447754,0.31727509905215934,1.0,1,0.6770562729258535,75
3395,2,5017,5017,0,0,0,0,0.5525575225116298,0.31727509905215934,0.5525575225116298,0.31727509905215934,1.0,1,0.6705011395954777,73
3396,2,5019,5019,0,0,0,0,0.553573692533926,0.31727509905215934,0.553573692533926,0.31727509905215934,1.0,1,0.6637504274750949,73
3397,2,5021,5021,0,0,0,0,0.5476381082914608,0.31727509905215934,0.5476381082914608,0.31727509905215934,1.0,1,0.6651014898768237,74
3398,1,5022,5022,0,0,0,0,0.5476381082914608,0.31727509905215934,0.5476381082914608,0.31727509905215934,1.0,1,0.6685101541832116,74
3399,2,5024,5024,0,0,0,0,0.5178213035350171,0.31727509905215934,0.5178213035350171,0.31727509905215934,1.0,1,0.6794961831001259,75
3400,1,5025,5025,0,0,0,0,0.5046715711651668,0.31727509905215934,0.5046715711651668,0.31727509905215934,1.0,1,0.6855613675599435,75
3401,1,5026,5026,0,0,0,0,0.493160970551433,0.31727509905215934,0.493160970551433,0.31727509905215934,1.0,1,0.6786755083165863,77
3402,1,5027,5027,0,0,0,0,0.4811859237983938,0.31727509905215934,0.4811859237983938,0.31727509905215934,1.0,1,0.6839357671306622,77
3403,1,5028,5028,0,0,0,0,0.4613475152886221,0.30798067440422494,0.4613475152886221,0.30798067440422494,1.0,1,0.692831011209597,78
3404,2,5030,5030,0,0,0,0,0.461709409995951,0.30798067440422494,0.461709409995951,0.30798067440422494,1.0,1,0.6965172196329417,78
3405,0,5030,5030,0,0,0,0,0.461709409995951,0.30798067440422494,0.461709409995951,0.30798067440422494,1.0,1,0.6965172196329417,78
3406,0,5030,5030,0,0,0,0,0.461709409995951,0.30798067440422494,0.461709409995951,0.30798067440422494,1.0,1,0.6965172196329417,78
3407,2,5032,5032,0,0,0,0,0.4629321914165641,0.32410914605976415,0.4629321914165641,0.32410914605976415,1.0,1,0.6880917873611783,78
3408,1,5033,5033,0,0,0,0,0.45767804371012144,0.3356349574466946,0.45767804371012144,0.3356349574466946,1.0,1,0.6815103201645054,79
3409,0,5033,5033,0,0,0,0,0.4590789800001356,0.3356349574466946,0.4590789800001356,0.3356349574466946,1.0,1,0.67430563370447,81
3410,1,5034,5034,0,0,0,0,0.4549378482513777,0.3328015751862775,0.4549378482513777,0.3328015751862775,1.0,1,0.6731710506360921,82
3411,0,5034,5034,0,0,0,0,0.45485732732677464,0.3328015751862775,0.45485732732677464,0.3328015751862775,1.0,1,0.6632461943192566,84
3412,2,5036,5036,0,0,0,0,0.45478696320658035,0.3177902912845837,0.45478696320658035,0.3177902912845837,1.0,1,0.6672428522162659,84
3413,0,5036,5036,0,0,0,0,0.45478696320658024,0.3177902912845837,0.45478696320658024,0.3177902912845837,1.0,1,0.6672428522162659,84
3414,1,5037,5037,0,0,0,0,0.4548702651922932,0.30890487650005183,0.4548702651922932,0.30890487650005183,1.0,1,0.6697915447798539,84
3415,0,5037,5037,0,0,0,0,0.4612835561900309,0.30890487650005183,0.4612835561900309,0.30890487650005183,1.0,1,0.6659443672334653,85
3416,2,5039,5039,0,0,0,0,0.4622081039462147,0.298509961796477,0.4622081039462147,0.298509961796477,1.0,1,0.6672609291444903,85
3417,2,5041,5041,0,0,0,0,0.45821081214766585,0.298509961796477,0.45821081214766585,0.298509961796477,1.0,1,0.662546380626254,86
3418,1,5042,5042,0,0,0,0,0.44816297528283666,0.298509961796477,0.44816297528283666,0.298509961796477,1.0,1,0.6664499964026681,86
3419,0,5042,5042,0,0,0,0,0.44136999405593086,0.298509961796477,0.44136999405593086,0.298509961796477,1.0,1,0.6664533264176156,87
3420,1,5043,5043,0,0,0,0,0.4360580316923137,0.29085691137396263,0.4360580316923137,0.29085691137396263,1.0,1,0.6661211028473573,88
3421,1,5044,5044,0,0,0,0,0.44239445830251245,0.29085691137396263,0.44239445830251245,0.29085691137396263,1.0,1,0.6689989454314899,89
3422,0,5044,5044,0,0,0,0,0.43608690002308526,0.29085691137396263,0.43608690002308526,0.29085691137396263,1.0,1,0.6689649367284898,90
3423,2,5046,5046,0,0,0,0,0.42306653344022005,0.2829061855620915,0.42306653344022005,0.2829061855620915,1.0,1,0.677348241816888,90
3424,2,5048,5048,0,0,0,0,0.4313197663035614,0.2829061855620915,0.4313197663035614,0.2829061855620915,1.0,1,0.666223591816869,91
3425,2,5050,5050,0,0,0,0,0.43256938340300694,0.29085691137396263,0.43256938340300694,0.29085691137396263,1.0,1,0.6667950232563228,90
3426,1,5051,5051,0,0,0,0,0.43540287651543513,0.29085691137396263,0.43540287651543513,0.29085691137396263,1.0,1,0.6594458375450872,92
3427,1,5052,5052,0,0,0,0,0.434189650816929,0.29085691137396263,0.434189650816929,0.29085691137396263,1.0,1,0.6626995501056697,92
3428,0,5052,5052,0,0,0,0,0.4279719546720601,0.29085691137396263,0.4279719546720601,0.29085691137396263,1.0,1,0.6658550167179147,91
3429,1,5053,5053,0,0,0,0,0.42877698928300945,0.29085691137396263,0.42877698928300945,0.29085691137396263,1.0,1,0.6687566234443255,91
3430,2,5055,5055,0,0,0,0,0.42007955682491793,0.29085691137396263,0.42007955682491793,0.29085691137396263,1.0,1,0.6716871079568338,91
3431,1,5056,5056,0,0,0,0,0.42819901289217494,0.29085691137396263,0.42819901289217494,0.29085691137396263,1.0,1,0.6744265557755593,90
3432,1,5057,5057,0,0,0,0,0.43413945053847,0.29085691137396263,0.43413945053847,0.29085691137396263,1.0,1,0.6694789932360241,91
3433,1,5058,5058,0,0,0,0,0.4396873726958632,0.29085691137396263,0.4396873726958632,0.29085691137396263,1.0,1,0.6720363660820251,90
3434,2,5060,5060,0,0,0,0,0.44384521872499544,0.3011176274344986,0.44384521872499544,0.3011176274344986,1.0,1,0.6684582031788469,89
3435,2,5062,5062,0,0,0,0,0.448873938151203,0.3011176274344986,0.448873938151203,0.3011176274344986,1.0,1,0.6736363787625798,88
3436,1,5063,5063,0,0,0,0,0.4595426622668791,0.30881258677620804,0.4595426622668791,0.30881258677620804,1.0,1,0.6692623960748502,86
3437,2,5065,5065,0,0,0,0,0.46987515599609037,0.30881258677620804,0.46987515599609037,0.30881258677620804,1.0,1,0.6637767244664525,86
3438,2,5067,5067,0,0,0,0,0.47762552847460654,0.31723173470046645,0.47762552847460654,0.31723173470046645,1.0,1,0.6574326734267483,87
3439,2,5069,5069,0,0,0,0,0.47132933968251584,0.31723173470046645,0.47132933968251584,0.31723173470046645,1.0,1,0.6698745397423865,86
3440,2,5071,5071,0,0,0,0,0.4852954917224422,0.30751407240566736,0.4852954917224422,0.30751407240566736,1.0,1,0.6661824277599392,86
3441,0,5071,5071,0,0,0,0,0.49095839980882827,0.30751407240566736,0.49095839980882827,0.30751407240566736,1.0,1,0.6661767337117335,85
3442,1,5072,5072,0,0,0,0,0.4923412279499749,0.30751407240566736,0.4923412279499749,0.30751407240566736,1.0,1,0.6629245530286743,85
3443,0,5072,5072,0,0,0,0,0.4928028986167848,0.30751407240566736,0.4928028986167848,0.30751407240566736,1.0,1,0.6659553081160594,85
3444,1,5073,5073,0,0,0,0,0.4928028986167847,0.30751407240566736,0.4928028986167847,0.30751407240566736,1.0,1,0.6611990622054568,85
3445,2,5075,5075,0,0,0,0,0.4867008915572823,0.2908077530562334,0.4867008915572823,0.2908077530562334,1.0,1,0.6733066154201243,84
3446,2,5077,5077,0,0,0,0,0.4811419186653022,0.2908077530562334,0.4811419186653022,0.2908077530562334,1.0,1,0.6740628971303011,85
3447,1,5078,5078,0,0,0,0,0.48119555308673345,0.28243355539888504,0.48119555308673345,0.28243355539888504,1.0,1,0.6790631871000185,85
3448,1,5079,5079,0,0,0,0,0.48119555308673345,0.28243355539888504,0.48119555308673345,0.28243355539888504,1.0,1,0.6843824774086108,85
3449,1,5080,5080,0,0,0,0,0.4720392628703184,0.28243355539888504,0.4720392628703184,0.28243355539888504,1.0,1,0.693341146584017,84
3450,2,5082,5082,0,0,0,0,0.4452674981597795,0.28243355539888504,0.4452674981597795,0.28243355539888504,1.0,1,0.6988126763773953,84
3451,2,5084,5084,0,0,0,0,0.4273176375771095,0.2748036282085097,0.4273176375771095,0.2748036282085097,1.0,1,0.7072174816819395,85
3452,2,5086,5086,0,0,0,0,0.4093316410619655,0.2748036282085097,0.4093316410619655,0.2748036282085097,1.0,1,0.7084355469121063,86
3453,0,5086,5086,0,0,0,0,0.4142355859901695,0.28243355539888504,0.4142355859901695,0.28243355539888504,1.0,1,0.7062176513593466,85
3454,0,5086,5086,0,0,0,0,0.4236088640123929,0.28243355539888504,0.4236088640123929,0.28243355539888504,1.0,1,0.6920666271859505,88
3455,2,5088,5088,0,0,0,0,0.4223650247600107,0.28243355539888504,0.4223650247600107,0.28243355539888504,1.0,1,0.6948477986674123,88
3456,0,5088,5088,0,0,0,0,0.4223650247600107,0.28243355539888504,0.4223650247600107,0.28243355539888504,1.0,1,0.6948477986674123,88
3457,0,5088,5088,0,0,0,0,0.4183551795562574,0.28243355539888504,0.4183551795562574,0.28243355539888504,1.0,1,0.6945900758102368,89
3458,2,5090,5090,0,0,0,0,0.43267921816260435,0.2887077897619633,0.43267921816260435,0.2887077897619633,1.0,1,0.682721230278069,88
3459,0,5090,5090,0,0,0,0,0.43267921816260435,0.2887077897619633,0.43267921816260435,0.2887077897619633,1.0,1,0.682721230278069,88
3460,3,5093,5093,0,0,0,0,0.46142769071179746,0.29824071676989244,0.46142769071179746,0.29824071676989244,1.0,1,0.6563126216013587,89
3461,1,5094,5094,0,0,0,0,0.470455585552074,0.29824071676989244,0.470455585552074,0.29824071676989244,1.0,1,0.6527106831720839,89
3462,1,5095,5095,0,0,0,0,0.4659854093597865,0.29824071676989244,0.4659854093597865,0.29824071676989244,1.0,1,0.6550429989703002,90
3463,3,5098,5098,0,0,0,0,0.48164816211637596,0.3274880764370969,0.48164816211637596,0.3274880764370969,1.0,1,0.6425040297216873,89
3464,2,5100,5100,0,0,0,0,0.4765212618126051,0.33559343106503364,0.4765212618126051,0.33559343106503364,1.0,1,0.6473481489774904,88
3465,0,5100,5100,0,0,0,0,0.4587800367178914,0.3337669022833458,0.4587800367178914,0.3337669022833458,1.0,1,0.6578999289744059,87
3466,5,5105,5105,0,0,0,0,0.470481989921944,0.3089204753495973,0.470481989921944,0.3089204753495973,1.0,1,0.6683624386975899,87
3467,0,5105,5105,0,0,0,0,0.4704819899219439,0.3089204753495973,0.4704819899219439,0.3089204753495973,1.0,1,0.6673798140401582,87
3468,5,5110,5110,0,0,0,0,0.4754890433886635,0.3018633418155778,0.4754890433886635,0.3018633418155778,1.0,1,0.6675397415080976,88
3469,2,5112,5112,0,0,0,0,0.46137737184103494,0.30660002215659626,0.46137737184103494,0.30660002215659626,1.0,1,0.6832743303312894,85
3470,3,5115,5115,0,0,0,0,0.4464114033471503,0.3006659780082161,0.4464114033471503,0.3006659780082161,1.0,1,0.6743125925399188,86
3471,3,5118,5118,0,0,0,0,0.42961724031846527,0.30471982599143144,0.42961724031846527,0.30471982599143144,1.0,1,0.6928053328086525,84
3472,3,5121,5121,0,0,0,0,0.4329974746601928,0.3013561683495035,0.4329974746601928,0.3013561683495035,1.0,1,0.6887662205320265,83
3473,1,5122,5122,0,0,0,0,0.42988806171922167,0.3079966838328069,0.42988806171922167,0.3079966838328069,1.0,1,0.6934537126495333,81
3474,1,5123,5123,0,0,0,0,0.4496055576872138,0.2979325536961173,0.4496055576872138,0.2979325536961173,1.0,1,0.6864171701333842,80
3475,3,5126,5126,0,0,0,0,0.4503917640725054,0.29134155626679187,0.4503917640725054,0.29134155626679187,1.0,1,0.6958500897570465,82
3476,1,5127,5127,0,0,0,0,0.4568243598628012,0.29134155626679187,0.4568243598628012,0.29134155626679187,1.0,1,0.6887443449134137,81
3477,3,5130,5130,0,0,0,0,0.4465325365638844,0.2861691970896698,0.4465325365638844,0.2861691970896698,1.0,1,0.6973523081341109,83
3478,1,5131,5131,0,0,0,0,0.4337018353322517,0.2861691970896698,0.4337018353322517,0.2861691970896698,1.0,1,0.6974995004483967,83
3479,2,5133,5133,0,0,0,0,0.4220311087743085,0.2861691970896698,0.4220311087743085,0.2861691970896698,1.0,1,0.7055023735484558,83
3480,1,5134,5134,0,0,0,0,0.4101308998343807,0.2861691970896698,0.4101308998343807,0.2861691970896698,1.0,1,0.7081565912186586,83
3481,1,5135,5135,0,0,0,0,0.42293438260196564,0.2861691970896698,0.42293438260196564,0.2861691970896698,1.0,1,0.703811294125737,83
3482,1,5136,5136,0,0,0,0,0.4215777429925266,0.28070035643492264,0.4215777429925266,0.28070035643492264,1.0,1,0.7056034294800527,83
3483,1,5137,5137,0,0,0,0,0.4265118079062009,0.28070035643492264,0.4265118079062009,0.28070035643492264,1.0,1,0.712709000830316,82
3484,0,5137,5137,0,0,0,0,0.4265118079062009,0.28070035643492264,0.4265118079062009,0.28070035643492264,1.0,1,0.712709000830316,82
3485,1,5138,5138,0,0,0,0,0.42191135662048473,0.28070035643492264,0.42191135662048473,0.28070035643492264,1.0,1,0.710188987205145,83
3486,0,5138,5138,0,0,0,0,0.42191135662048473,0.28070035643492264,0.42191135662048473,0.28070035643492264,1.0,1,0.710188987205145,83
3487,0,5138,5138,0,0,0,0,0.4183685044764746,0.28070035643492264,0.4183685044764746,0.28070035643492264,1.0,1,0.7098524815862528,84
3488,2,5140,5140,0,0,0,0,0.43561695169379,0.2867060112544925,0.43561695169379,0.2867060112544925,1.0,1,0.6983089321137254,84
3489,0,5140,5140,0,0,0,0,0.43561695169379,0.2867060112544925,0.43561695169379,0.2867060112544925,1.0,1,0.6983089321137254,84
3490,1,5141,5141,0,0,0,0,0.4357546727809123,0.2948397778763125,0.4357546727809123,0.2948397778763125,1.0,1,0.6929710390209484,84
3491,1,5142,5142,0,0,0,0,0.43938298239977613,0.30088879286970144,0.43938298239977613,0.30088879286970144,1.0,1,0.6809311149542934,86
3492,2,5144,5144,0,0,0,0,0.4380312579586926,0.3113922735117117,0.4380312579586926,0.3113922735117117,1.0,1,0.6720634516348702,86
3493,2,5146,5146,0,0,0,0,0.45031080133820367,0.3032525282169914,0.45031080133820367,0.3032525282169914,1.0,1,0.671542379234952,86
3494,0,5146,5146,0,0,0,0,0.4503108013382038,0.3032525282169914,0.4503108013382038,0.3032525282169914,1.0,1,0.671542379234952,86
3495,2,5148,5148,0,0,0,0,0.46767422062455605,0.30988743940245905,0.46767422062455605,0.30988743940245905,1.0,1,0.6589454624292329,87
3496,1,5149,5149,0,0,0,0,0.4631441853872028,0.2982559780584027,0.4631441853872028,0.2982559780584027,1.0,1,0.6628260281057999,88
3497,4,5153,5153,0,0,0,0,0.4653150120959847,0.29747602329457357,0.4653150120959847,0.29747602329457357,1.0,1,0.6584424643520173,89
3498,2,5155,5155,0,0,0,0,0.47596324937305307,0.30774669306771985,0.47596324937305307,0.30774669306771985,1.0,1,0.6478730724256706,89
3499,0,5155,5155,0,0,0,0,0.47685666777179603,0.30012116195560856,0.47685666777179603,0.30012116195560856,1.0,1,0.6465986460565121,91
3500,3,5158,5158,0,0,0,0,0.49221948840177127,0.3049639700739987,0.49221948840177127,0.3049639700739987,1.0,1,0.6374970503305019,90
3501,1,5159,5159,0,0,0,0,0.5007879929593219,0.3049639700739987,0.5007879929593219,0.3049639700739987,1.0,1,0.6338378892220038,90
3502,3,5162,5162,0,0,0,0,0.5271181999005111,0.31807108172815424,0.5271181999005111,0.31807108172815424,1.0,1,0.6150518086793555,91
3503,2,5164,5164,0,0,0,0,0.5159763283404072,0.3000495356442029,0.5159763283404072,0.3000495356442029,1.0,1,0.6305417755248696,91
3504,4,5168,5168,0,0,0,0,0.514919041526365,0.31878518915491744,0.514919041526365,0.31878518915491744,1.0,1,0.6304921931130231,89
3505,6,5174,5174,0,0,0,0,0.5160697280263685,0.32596800957211214,0.5160697280263685,0.32596800957211214,1.0,1,0.6255532568917935,87
3506,3,5177,5177,0,0,0,0,0.5056251565727344,0.31546633338158736,0.5056251565727344,0.31546633338158736,1.0,1,0.6373942341203406,87
3507,3,5180,5180,0,0,0,0,0.5132392131849952,0.31385585767511043,0.5132392131849952,0.31385585767511043,1.0,1,0.6314149831904579,84
3508,2,5182,5182,0,0,0,0,0.5151094114526634,0.31404743333219437,0.5151094114526634,0.31404743333219437,1.0,1,0.6389720804650076,83
3509,4,5186,5186,0,0,0,0,0.5079086518792975,0.3108045026547954,0.5079086518792975,0.3108045026547954,1.0,1,0.6503147819327294,80
3510,2,5188,5188,0,0,0,0,0.5097910327320571,0.3108045026547954,0.5097910327320571,0.3108045026547954,1.0,1,0.6622645065637482,78
3511,4,5192,5192,0,0,0,0,0.5009923366357989,0.3330983693624053,0.5009923366357989,0.3330983693624053,1.0,1,0.6628883596925067,77
3512,1,5193,5193,0,0,0,0,0.5096394316552425,0.3330983693624053,0.5096394316552425,0.3330983693624053,1.0,1,0.6755374919776931,74
3513,2,5195,5195,0,0,0,0,0.5251054716412992,0.3473799181485772,0.5251054716412992,0.3473799181485772,1.0,1,0.650384199286224,76
3514,2,5197,5197,0,0,0,0,0.5135396399356643,0.3329703695742338,0.5135396399356643,0.3329703695742338,1.0,1,0.6597479621552103,76
3515,1,5198,5198,0,0,0,0,0.5057053924026078,0.3329703695742338,0.5057053924026078,0.3329703695742338,1.0,1,0.6706133267779003,75
3516,1,5199,5199,0,0,0,0,0.5362739515802167,0.3475331036146023,0.5362739515802167,0.3475331036146023,1.0,1,0.6615138278346144,73
3517,3,5202,5202,0,0,0,0,0.5283654172712957,0.36326040920032027,0.5283654172712957,0.36326040920032027,1.0,1,0.6700301655008863,74
3518,1,5203,5203,0,0,0,0,0.5428606023510739,0.3766749130334866,0.5428606023510739,0.3766749130334866,1.0,1,0.6645928174174159,74
3519,0,5203,5203,0,0,0,0,0.5365984188216366,0.3766749130334866,0.5365984188216366,0.3766749130334866,1.0,1,0.6678937861845543,73
3520,1,5204,5204,0,0,0,0,0.5567312233592319,0.3916045747978264,0.5567312233592319,0.3916045747978264,1.0,1,0.6546474031783244,74
3521,0,5204,5204,0,0,0,0,0.5492129680883246,0.37920175311010856,0.5492129680883246,0.37920175311010856,1.0,1,0.6574356220439458,75
3522,4,5208,5208,0,0,0,0,0.5656911719664012,0.37920175311010856,0.5656911719664012,0.37920175311010856,1.0,1,0.6441616947117508,75
3523,2,5210,5210,0,0,0,0,0.5794017302376511,0.37920175311010856,0.5794017302376511,0.37920175311010856,1.0,1,0.6348850886959494,75
3524,2,5212,5212,0,0,0,0,0.5790252445330689,0.3885151401883917,0.5790252445330689,0.3885151401883917,1.0,1,0.6298735337312251,75
3525,2,5214,5214,0,0,0,0,0.5675858738406898,0.40295531876426627,0.5675858738406898,0.40295531876426627,1.0,1,0.6327171406380216,75
3526,0,5214,5214,0,0,0,0,0.5757684042969144,0.3928685998195613,0.5757684042969144,0.3928685998195613,1.0,1,0.628464180204124,76
3527,3,5217,5217,0,0,0,0,0.5267431473704961,0.36968094188720707,0.5267431473704961,0.36968094188720707,1.0,1,0.6510724225120347,77
3528,1,5218,5218,0,0,0,0,0.529657170107462,0.3863029763510476,0.529657170107462,0.3863029763510476,1.0,1,0.6495736031592102,77
3529,2,5220,5220,0,0,0,0,0.5224873730064719,0.3810081549347214,0.5224873730064719,0.3810081549347214,1.0,1,0.6478902387847058,78
3530,0,5220,5220,0,0,0,0,0.508750362017672,0.3662922242953021,0.508750362017672,0.3662922242953021,1.0,1,0.6619789399723135,78
3531,1,5221,5221,0,0,0,0,0.5008022745185647,0.3548386408725552,0.5008022745185647,0.3548386408725552,1.0,1,0.664710580368065,79
3532,2,5223,5223,0,0,0,0,0.487388927312699,0.3231274464817642,0.487388927312699,0.3231274464817642,1.0,1,0.6819674316572921,79
3533,1,5224,5224,0,0,0,0,0.5018188507350683,0.3231274464817642,0.5018188507350683,0.3231274464817642,1.0,1,0.6788159720607918,79
3534,2,5226,5226,0,0,0,0,0.49362080370055483,0.30450092809401585,0.49362080370055483,0.30450092809401585,1.0,1,0.681219054203026,80
3535,0,5226,5226,0,0,0,0,0.4868539885681108,0.2947984375501934,0.4868539885681108,0.2947984375501934,1.0,1,0.6841804324489208,81
3536,1,5227,5227,0,0,0,0,0.479947659137463,0.28450281213461087,0.479947659137463,0.28450281213461087,1.0,1,0.6874528829499719,82
3537,0,5227,5227,0,0,0,0,0.479947659137463,0.28450281213461087,0.479947659137463,0.28450281213461087,1.0,1,0.6874528829499719,82
3538,3,5230,5230,0,0,0,0,0.4862173969146536,0.2836710547346388,0.4862173969146536,0.2836710547346388,1.0,1,0.6767901654161255,83
3539,0,5230,5230,0,0,0,0,0.4862173969146536,0.2836710547346388,0.4862173969146536,0.2836710547346388,1.0,1,0.6767901654161255,83
3540,2,5232,5232,0,0,0,0,0.4899866216626967,0.28975257013536637,0.4899866216626967,0.28975257013536637,1.0,1,0.6534891817673074,85
3541,1,5233,5233,0,0,0,0,0.500663261796326,0.28975257013536637,0.500663261796326,0.28975257013536637,1.0,1,0.6492276372813178,85
3542,1,5234,5234,0,0,0,0,0.4847325487082943,0.2977091646271261,0.4847325487082943,0.2977091646271261,1.0,1,0.6427777931526117,88
3543,3,5237,5237,0,0,0,0,0.49096722673460413,0.3034195461803924,0.49096722673460413,0.3034195461803924,1.0,1,0.6393053381080425,87
3544,1,5238,5238,0,0,0,0,0.4787400497041619,0.3034195461803924,0.4787400497041619,0.3034195461803924,1.0,1,0.6464974388483058,87
3545,3,5241,5241,0,0,0,0,0.48588384727198014,0.3223308130456859,0.48588384727198014,0.3223308130456859,1.0,1,0.6441705263970554,85
3546,0,5241,5241,0,0,0,0,0.5006293244777236,0.3223308130456859,0.5006293244777236,0.3223308130456859,1.0,1,0.6470329306469677,83
3547,2,5243,5243,0,0,0,0,0.5093076885888761,0.3308283573857013,0.5093076885888761,0.3308283573857013,1.0,1,0.6425547946538671,82
3548,4,5247,5247,0,0,0,0,0.5044385073925872,0.34836500091820055,0.5044385073925872,0.34836500091820055,1.0,1,0.6419294817548841,82
3549,1,5248,5248,0,0,0,0,0.5134718444929286,0.34836500091820055,0.5134718444929286,0.34836500091820055,1.0,1,0.6468609605958708,81
3550,1,5249,5249,0,0,0,0,0.5133610860718677,0.3563041044630194,0.5133610860718677,0.3563041044630194,1.0,1,0.6471544802362929,79
3551,2,5251,5251,0,0,0,0,0.5066004934501739,0.3713649410083099,0.5066004934501739,0.3713649410083099,1.0,1,0.6442461482000292,80
3552,1,5252,5252,0,0,0,0,0.504751683046149,0.3878652058008844,0.504751683046149,0.3878652058008844,1.0,1,0.6431020236680309,78
3553,2,5254,5254,0,0,0,0,0.4868813101798823,0.3878652058008844,0.4868813101798823,0.3878652058008844,1.0,1,0.6525517428197252,79
3554,1,5255,5255,0,0,0,0,0.4856879985858291,0.37231750906297334,0.4856879985858291,0.37231750906297334,1.0,1,0.6655670335932681,77
3555,0,5255,5255,0,0,0,0,0.48398824168469107,0.37231750906297334,0.48398824168469107,0.37231750906297334,1.0,1,0.6675500641599125,77
3556,0,5255,5255,0,0,0,0,0.47728055754634535,0.37231750906297334,0.47728055754634535,0.37231750906297334,1.0,1,0.6723864710166123,76
3557,1,5256,5256,0,0,0,0,0.4908930741784719,0.37231750906297334,0.4908930741784719,0.37231750906297334,1.0,1,0.6658815811623163,76
3558,3,5259,5259,0,0,0,0,0.5038450472826396,0.37231750906297334,0.5038450472826396,0.37231750906297334,1.0,1,0.6678784214678914,76
3559,0,5259,5259,0,0,0,0,0.5038450472826396,0.37231750906297334,0.5038450472826396,0.37231750906297334,1.0,1,0.6678784214678914,76
3560,3,5262,5262,0,0,0,0,0.5419988894603526,0.3582975408488472,0.5419988894603526,0.3582975408488472,1.0,1,0.6566263564747185,78
3561,2,5264,5264,0,0,0,0,0.5466557720534269,0.34546697035480756,0.5466557720534269,0.34546697035480756,1.0,1,0.6576727633009738,79
3562,4,5268,5268,0,0,0,0,0.5688300793936224,0.33824979359585006,0.5688300793936224,0.33824979359585006,1.0,1,0.6513150167474419,79
3563,3,5271,5271,0,0,0,0,0.5453021363813778,0.3286384958462031,0.5453021363813778,0.3286384958462031,1.0,1,0.6589169259515484,79
3564,3,5274,5274,0,0,0,0,0.5250092524464832,0.30675401283513826,0.5250092524464832,0.30675401283513826,1.0,1,0.668089640101184,80
3565,1,5275,5275,0,0,0,0,0.5189124290407618,0.28627298894510894,0.5189124290407618,0.28627298894510894,1.0,1,0.667574386514723,83
3566,2,5277,5277,0,0,0,0,0.5111290569399338,0.2703271068104708,0.5111290569399338,0.2703271068104708,1.0,1,0.6733607165263508,84
3567,1,5278,5278,0,0,0,0,0.5104256663493484,0.26469684010940825,0.5104256663493484,0.26469684010940825,1.0,1,0.6755758256014219,84
3568,1,5279,5279,0,0,0,0,0.520427477845657,0.26469684010940825,0.520427477845657,0.26469684010940825,1.0,1,0.6714865713252902,84
3569,2,5281,5281,0,0,0,0,0.518814184409311,0.2718239589934569,0.518814184409311,0.2718239589934569,1.0,1,0.6628741554542029,84
3570,0,5281,5281,0,0,0,0,0.5125260760007384,0.2718239589934569,0.5125260760007384,0.2718239589934569,1.0,1,0.658017326399745,87
3571,1,5282,5282,0,0,0,0,0.5067569826468507,0.28307104766667873,0.5067569826468507,0.28307104766667873,1.0,1,0.6580910103090762,86
3572,1,5283,5283,0,0,0,0,0.5028622616987737,0.28307104766667873,0.5028622616987737,0.28307104766667873,1.0,1,0.658407649854084,87
3573,2,5285,5285,0,0,0,0,0.4897015671431306,0.2916280236945219,0.4897015671431306,0.2916280236945219,1.0,1,0.6583073862403852,87
3574,0,5285,5285,0,0,0,0,0.4955004129710496,0.2916280236945219,0.4955004129710496,0.2916280236945219,1.0,1,0.6526842774497863,88
3575,0,5285,5285,0,0,0,0,0.4955004129710496,0.2916280236945219,0.4955004129710496,0.2916280236945219,1.0,1,0.6526842774497863,88
3576,1,5286,5286,0,0,0,0,0.5063200418830073,0.2991715712792116,0.5063200418830073,0.2991715712792116,1.0,1,0.6370007566526588,90
3577,1,5287,5287,0,0,0,0,0.5180250079164714,0.2991715712792116,0.5180250079164714,0.2991715712792116,1.0,1,0.631793192350299,90
3578,3,5290,5290,0,0,0,0,0.533038903857284,0.30418277552073825,0.533038903857284,0.30418277552073825,1.0,1,0.6138655713216491,91
3579,1,5291,5291,0,0,0,0,0.5420549933941673,0.30418277552073825,0.5420549933941673,0.30418277552073825,1.0,1,0.6103616765456535,91
3580,4,5295,5295,0,0,0,0,0.5399595457766564,0.3324754649248208,0.5399595457766564,0.3324754649248208,1.0,1,0.5928178057581462,91
3581,1,5296,5296,0,0,0,0,0.5519317927796056,0.3324754649248208,0.5519317927796056,0.3324754649248208,1.0,1,0.587326097923602,91
3582,4,5300,5300,0,0,0,0,0.5335200460088629,0.3324754649248208,0.5335200460088629,0.3324754649248208,1.0,1,0.6045251063639248,92
3583,2,5302,5302,0,0,0,0,0.5410839133682734,0.33944579436198025,0.5410839133682734,0.33944579436198025,1.0,1,0.6156301268088594,88
3584,3,5305,5305,0,0,0,0,0.5229408802363068,0.3280072594307994,0.5229408802363068,0.3280072594307994,1.0,1,0.630716552113947,87
3585,7,5312,5312,0,0,0,0,0.5629224384597814,0.3395424323951625,0.5629224384597814,0.3395424323951625,1.0,1,0.6242005293771858,84
3586,3,5315,5315,0,0,0,0,0.5557677862924533,0.3395424323951625,0.5557677862924533,0.3395424323951625,1.0,1,0.6355172428595205,83
3587,6,5321,5321,0,0,0,0,0.5645287930644824,0.3389224688701639,0.5645287930644824,0.3389224688701639,1.0,1,0.6353886915610315,82
3588,4,5325,5325,0,0,0,0,0.56467626441467,0.3389224688701639,0.56467626441467,0.3389224688701639,1.0,1,0.6276148786629603,81
3589,5,5330,5330,0,0,0,0,0.535054845149251,0.3201551505470935,0.535054845149251,0.3201551505470935,1.0,1,0.6506007840512599,80
3590,3,5333,5333,0,0,0,0,0.5304136632969456,0.3165256046989258,0.5304136632969456,0.3165256046989258,1.0,1,0.6635314576869685,78
3591,2,5335,5335,0,0,0,0,0.5336059156194816,0.30403125876067394,0.5336059156194816,0.30403125876067394,1.0,1,0.6674375822069738,77
3592,2,5337,5337,0,0,0,0,0.5342746199371159,0.3138337019093371,0.5342746199371159,0.3138337019093371,1.0,1,0.6722863354207538,75
3593,2,5339,5339,0,0,0,0,0.5214738778720823,0.3022615876014167,0.5214738778720823,0.3022615876014167,1.0,1,0.6791462052913112,76
3594,2,5341,5341,0,0,0,0,0.5070930301560292,0.2857452600269759,0.5070930301560292,0.2857452600269759,1.0,1,0.6978968821989501,74
3595,0,5341,5341,0,0,0,0,0.5070930301560292,0.2857452600269759,0.5070930301560292,0.2857452600269759,1.0,1,0.6949238368093249,74
3596,2,5343,5343,0,0,0,0,0.5126236270944111,0.29224502479098724,0.5126236270944111,0.29224502479098724,1.0,1,0.6869455438512141,73
3597,1,5344,5344,0,0,0,0,0.48927140654030166,0.29224502479098724,0.48927140654030166,0.29224502479098724,1.0,1,0.6982691548606,73
3598,3,5347,5347,0,0,0,0,0.47577220577290613,0.29318152644629214,0.47577220577290613,0.29318152644629214,1.0,1,0.6983310769686355,73
3599,0,5347,5347,0,0,0,0,0.47577220577290613,0.29318152644629214,0.47577220577290613,0.29318152644629214,1.0,1,0.6983310769686355,73
3600,1,5348,5348,0,0,0,0,0.4676697507844034,0.3020855919236454,0.4676697507844034,0.3020855919236454,1.0,1,0.6915915331170479,74
3601,0,5348,5348,0,0,0,0,0.47476748744061126,0.3020855919236454,0.47476748744061126,0.3020855919236454,1.0,1,0.685198793044684,75
3602,1,5349,5349,0,0,0,0,0.48151559573913477,0.31136615172054016,0.48151559573913477,0.31136615172054016,1.0,1,0.6709866592423108,76
3603,1,5350,5350,0,0,0,0,0.48756606473510283,0.30410684467507804,0.48756606473510283,0.30410684467507804,1.0,1,0.6696147848218637,77
3604,0,5350,5350,0,0,0,0,0.48272061913345904,0.30410684467507804,0.48272061913345904,0.30410684467507804,1.0,1,0.6695820896491373,78
3605,0,5350,5350,0,0,0,0,0.4882456868477979,0.31136615172054016,0.4882456868477979,0.31136615172054016,1.0,1,0.6673427028811532,77
3606,0,5350,5350,0,0,0,0,0.4900393496786216,0.31136615172054016,0.4900393496786216,0.31136615172054016,1.0,1,0.6606097986258569,79
3607,1,5351,5351,0,0,0,0,0.4910140144190532,0.3179109362062791,0.4910140144190532,0.3179109362062791,1.0,1,0.6567763735931765,79
3608,1,5352,5352,0,0,0,0,0.5023994659262219,0.3179109362062791,0.5023994659262219,0.3179109362062791,1.0,1,0.6522636371604643,79
3609,1,5353,5353,0,0,0,0,0.5178963164754258,0.3179109362062791,0.5178963164754258,0.3179109362062791,1.0,1,0.6448158388635157,79
3610,0,5353,5353,0,0,0,0,0.5136213593375429,0.3179109362062791,0.5136213593375429,0.3179109362062791,1.0,1,0.6450037737943716,80
3611,2,5355,5355,0,0,0,0,0.5114956503963042,0.3179109362062791,0.5114956503963042,0.3179109362062791,1.0,1,0.6441682736765817,80
3612,1,5356,5356,0,0,0,0,0.4920157786636962,0.3179109362062791,0.4920157786636962,0.3179109362062791,1.0,1,0.6580160978408309,79
3613,2,5358,5358,0,0,0,0,0.49354950694540617,0.3179109362062791,0.49354950694540617,0.3179109362062791,1.0,1,0.654573368377963,79
3614,2,5360,5360,0,0,0,0,0.4609988827146111,0.3179109362062791,0.4609988827146111,0.3179109362062791,1.0,1,0.6711426830152758,78
3615,2,5362,5362,0,0,0,0,0.47790211571085206,0.30896633235393595,0.47790211571085206,0.30896633235393595,1.0,1,0.6612385010373252,79
3616,3,5365,5365,0,0,0,0,0.4647633939363964,0.3007736715777519,0.4647633939363964,0.3007736715777519,1.0,1,0.6723497661252781,79
3617,0,5365,5365,0,0,0,0,0.4714538515121913,0.3007736715777519,0.4714538515121913,0.3007736715777519,1.0,1,0.6639962538433157,80
3618,4,5369,5369,0,0,0,0,0.47347309438885676,0.2941267479098317,0.47347309438885676,0.2941267479098317,1.0,1,0.6559498790967805,82
3619,2,5371,5371,0,0,0,0,0.44873790149440707,0.2941267479098317,0.44873790149440707,0.2941267479098317,1.0,1,0.6709182296083949,82
3620,4,5375,5375,0,0,0,0,0.4768195564357321,0.29735039592868556,0.4768195564357321,0.29735039592868556,1.0,1,0.6625425059565252,81
3621,4,5379,5379,0,0,0,0,0.48748383108372134,0.2829772536540368,0.48748383108372134,0.2829772536540368,1.0,1,0.655406120108584,83
3622,2,5381,5381,0,0,0,0,0.5145365644788025,0.2934142942561534,0.5145365644788025,0.2934142942561534,1.0,1,0.6470525109359277,81
3623,5,5386,5386,0,0,0,0,0.5037748253147412,0.2934142942561534,0.5037748253147412,0.2934142942561534,1.0,1,0.6588729907595059,81
3624,2,5388,5388,0,0,0,0,0.5260454336049875,0.31306258549819727,0.5260454336049875,0.31306258549819727,1.0,1,0.6365470933485214,79
3625,7,5395,5395,0,0,0,0,0.5084180240096123,0.32539198682484916,0.5084180240096123,0.32539198682484916,1.0,1,0.6503190346541108,80
3626,1,5396,5396,0,0,0,0,0.5207186806615363,0.3379748581042711,0.5207186806615363,0.3379748581042711,1.0,1,0.6368225821137107,78
3627,3,5399,5399,0,0,0,0,0.5196601990060441,0.3404109896652689,0.5196601990060441,0.3404109896652689,1.0,1,0.6334523117239482,78
3628,1,5400,5400,0,0,0,0,0.5268952981651657,0.33128551944049106,0.5268952981651657,0.33128551944049106,1.0,1,0.6313977662584899,77
3629,3,5403,5403,0,0,0,0,0.5466680379958561,0.34008914486268177,0.5466680379958561,0.34008914486268177,1.0,1,0.6236735786825821,76
3630,1,5404,5404,0,0,0,0,0.5388323513111934,0.34008914486268177,0.5388323513111934,0.34008914486268177,1.0,1,0.6316302840224836,77
3631,2,5406,5406,0,0,0,0,0.5487930565332229,0.3492659956048649,0.5487930565332229,0.3492659956048649,1.0,1,0.6292548075204244,75
3632,1,5407,5407,0,0,0,0,0.5559877768780904,0.3603620704245931,0.5559877768780904,0.3603620704245931,1.0,1,0.6224072194119443,74
3633,0,5407,5407,0,0,0,0,0.5619079398530492,0.3603620704245931,0.5619079398530492,0.3603620704245931,1.0,1,0.6164115518706169,75
3634,0,5407,5407,0,0,0,0,0.5559877768780904,0.3603620704245931,0.5559877768780904,0.3603620704245931,1.0,1,0.6213024335715177,74
3635,0,5407,5407,0,0,0,0,0.5559877768780904,0.3603620704245931,0.5559877768780904,0.3603620704245931,1.0,1,0.6213024335715177,74
3636,2,5409,5409,0,0,0,0,0.5570414017644391,0.3603620704245931,0.5570414017644391,0.3603620704245931,1.0,1,0.6245713355406711,74
3637,0,5409,5409,0,0,0,0,0.5422586287934329,0.3603620704245931,0.5422586287934329,0.3603620704245931,1.0,1,0.6300713556665638,74
3638,1,5410,5410,0,0,0,0,0.5515819288182097,0.3603620704245931,0.5515819288182097,0.3603620704245931,1.0,1,0.623062350474873,75
3639,4,5414,5414,0,0,0,0,0.5047049847880904,0.3603620704245931,0.5047049847880904,0.3603620704245931,1.0,1,0.6361957466734376,76
3640,1,5415,5415,0,0,0,0,0.5177583344692388,0.3603620704245931,0.5177583344692388,0.3603620704245931,1.0,1,0.6332201165033071,76
3641,2,5417,5417,0,0,0,0,0.4990361051129405,0.3603620704245931,0.4990361051129405,0.3603620704245931,1.0,1,0.6488776223112714,75
3642,1,5418,5418,0,0,0,0,0.48496211720122345,0.3603620704245931,0.48496211720122345,0.3603620704245931,1.0,1,0.6555469944324495,75
3643,0,5418,5418,0,0,0,0,0.4780021458120508,0.3603620704245931,0.4780021458120508,0.3603620704245931,1.0,1,0.6615287551668038,74
3644,0,5418,5418,0,0,0,0,0.4780021458120508,0.3603620704245931,0.4780021458120508,0.3603620704245931,1.0,1,0.6615287551668038,74
3645,0,5418,5418,0,0,0,0,0.4780021458120508,0.3603620704245931,0.4780021458120508,0.3603620704245931,1.0,1,0.6615287551668038,74
3646,0,5418,5418,0,0,0,0,0.48496211720122345,0.3603620704245931,0.48496211720122345,0.3603620704245931,1.0,1,0.6547105869796327,75
3647,0,5418,5418,0,0,0,0,0.48452540510122055,0.3603620704245931,0.48452540510122055,0.3603620704245931,1.0,1,0.6473346866612784,77
3648,0,5418,5418,0,0,0,0,0.4664276124338001,0.34011749030563176,0.4664276124338001,0.34011749030563176,1.0,1,0.658791082321307,78
3649,0,5418,5418,0,0,0,0,0.46666060904968154,0.34011749030563176,0.46666060904968154,0.34011749030563176,1.0,1,0.6536758163284969,80
3650,1,5419,5419,0,0,0,0,0.44788247782125234,0.34011749030563176,0.44788247782125234,0.34011749030563176,1.0,1,0.6566525548442966,81
3651,0,5419,5419,0,0,0,0,0.44788247782125234,0.34011749030563176,0.44788247782125234,0.34011749030563176,1.0,1,0.6566525548442966,81
3652,1,5420,5420,0,0,0,0,0.42502500776104424,0.32199235755065914,0.42502500776104424,0.32199235755065914,1.0,1,0.6656183203824769,83
3653,0,5420,5420,0,0,0,0,0.42502500776104424,0.32199235755065914,0.42502500776104424,0.32199235755065914,1.0,1,0.6656183203824769,83
3654,0,5420,5420,0,0,0,0,0.42502500776104435,0.32199235755065914,0.42502500776104435,0.32199235755065914,1.0,1,0.6656183203824769,83
3655,0,5420,5420,0,0,0,0,0.4318699481448413,0.32199235755065914,0.4318699481448413,0.32199235755065914,1.0,1,0.6606388982067077,84
3656,4,5424,5424,0,0,0,0,0.43777935382318295,0.31049574328722546,0.43777935382318295,0.31049574328722546,1.0,1,0.6706760549370105,85
3657,0,5424,5424,0,0,0,0,0.44431680319733197,0.31049574328722546,0.44431680319733197,0.31049574328722546,1.0,1,0.665827452565441,86
3658,4,5428,5428,0,0,0,0,0.4737511193410166,0.32121476850175873,0.4737511193410166,0.32121476850175873,1.0,1,0.6480064268834325,87
3659,2,5430,5430,0,0,0,0,0.47403225811283184,0.3137538603461793,0.47403225811283184,0.3137538603461793,1.0,1,0.6552327146130313,87
3660,2,5432,5432,0,0,0,0,0.5022934073583417,0.32387384575437667,0.5022934073583417,0.32387384575437667,1.0,1,0.6353732610587551,86
3661,3,5435,5435,0,0,0,0,0.49372909006921634,0.2989137775301839,0.49372909006921634,0.2989137775301839,1.0,1,0.6564552656782567,86
3662,1,5436,5436,0,0,0,0,0.5108861720061659,0.31831767490984525,0.5108861720061659,0.31831767490984525,1.0,1,0.6504862701910531,83
3663,2,5438,5438,0,0,0,0,0.4983776805646528,0.30145480051874535,0.4983776805646528,0.30145480051874535,1.0,1,0.6575170417289959,85
3664,3,5441,5441,0,0,0,0,0.5056400189379635,0.3330797445035571,0.5056400189379635,0.3330797445035571,1.0,1,0.6459150078966152,82
3665,5,5446,5446,0,0,0,0,0.48162003811336096,0.3160462047305266,0.48162003811336096,0.3160462047305266,1.0,1,0.6673660364328021,81
3666,2,5448,5448,0,0,0,0,0.4675551145211531,0.3160462047305266,0.4675551145211531,0.3160462047305266,1.0,1,0.6781113368636087,79
3667,1,5449,5449,0,0,0,0,0.471680871563068,0.3160462047305266,0.471680871563068,0.3160462047305266,1.0,1,0.6758953958582862,79
3668,5,5454,5454,0,0,0,0,0.44465029851101184,0.3160462047305266,0.44465029851101184,0.3160462047305266,1.0,1,0.6976326547605562,77
3669,2,5456,5456,0,0,0,0,0.4577797048141744,0.3294046553891339,0.4577797048141744,0.3294046553891339,1.0,1,0.6802098195541071,75
3670,1,5457,5457,0,0,0,0,0.45316820047825807,0.3294046553891339,0.45316820047825807,0.3294046553891339,1.0,1,0.6786569617291108,76
3671,1,5458,5458,0,0,0,0,0.4664960926478651,0.3294046553891339,0.4664960926478651,0.3294046553891339,1.0,1,0.6818719724726607,74
3672,1,5459,5459,0,0,0,0,0.47360947807922693,0.3294046553891339,0.47360947807922693,0.3294046553891339,1.0,1,0.6779127196156742,75
3673,0,5459,5459,0,0,0,0,0.4736094780792268,0.3294046553891339,0.4736094780792268,0.3294046553891339,1.0,1,0.6779127196156742,75
3674,2,5461,5461,0,0,0,0,0.4736094780792268,0.3294046553891339,0.4736094780792268,0.3294046553891339,1.0,1,0.6800923747304782,75
3675,0,5461,5461,0,0,0,0,0.47360947807922693,0.3294046553891339,0.47360947807922693,0.3294046553891339,1.0,1,0.6811847477266268,75
3676,0,5461,5461,0,0,0,0,0.47360947807922693,0.3294046553891339,0.47360947807922693,0.3294046553891339,1.0,1,0.6811847477266268,75
3677,0,5461,5461,0,0,0,0,0.47360947807922693,0.3294046553891339,0.47360947807922693,0.3294046553891339,1.0,1,0.6849960623156576,75
3678,1,5462,5462,0,0,0,0,0.4622610694471471,0.3294046553891339,0.4622610694471471,0.3294046553891339,1.0,1,0.6872643027966187,77
3679,0,5462,5462,0,0,0,0,0.45617752621429064,0.31935583309193416,0.45617752621429064,0.31935583309193416,1.0,1,0.6898189825446832,78
3680,0,5462,5462,0,0,0,0,0.4558959213216571,0.3070835710326759,0.4558959213216571,0.3070835710326759,1.0,1,0.6853137514320262,80
3681,0,5462,5462,0,0,0,0,0.449595769325315,0.3070835710326759,0.449595769325315,0.3070835710326759,1.0,1,0.6850289833057975,81
3682,0,5462,5462,0,0,0,0,0.449595769325315,0.3070835710326759,0.449595769325315,0.3070835710326759,1.0,1,0.6850289833057975,81
3683,1,5463,5463,0,0,0,0,0.43811959615432106,0.3070835710326759,0.43811959615432106,0.3070835710326759,1.0,1,0.6918248186056529,81
3684,0,5463,5463,0,0,0,0,0.43811959615432094,0.3070835710326759,0.43811959615432094,0.3070835710326759,1.0,1,0.6918248186056529,81
3685,0,5463,5463,0,0,0,0,0.43811959615432094,0.3070835710326759,0.43811959615432094,0.3070835710326759,1.0,1,0.6918248186056529,81
3686,0,5463,5463,0,0,0,0,0.43811959615432094,0.3070835710326759,0.43811959615432094,0.3070835710326759,1.0,1,0.6918248186056529,81
3687,0,5463,5463,0,0,0,0,0.4449717962012195,0.3070835710326759,0.4449717962012195,0.3070835710326759,1.0,1,0.6843258769638493,82
3688,0,5463,5463,0,0,0,0,0.4345669123898814,0.30042719623097847,0.4345669123898814,0.30042719623097847,1.0,1,0.6858687293950846,84
3689,0,5463,5463,0,0,0,0,0.4345669123898814,0.30042719623097847,0.4345669123898814,0.30042719623097847,1.0,1,0.6858687293950846,84
3690,1,5464,5464,0,0,0,0,0.4176516020843886,0.2848531503781709,0.4176516020843886,0.2848531503781709,1.0,1,0.692907251488603,85
3691,0,5464,5464,0,0,0,0,0.42442309508340736,0.2848531503781709,0.42442309508340736,0.2848531503781709,1.0,1,0.689359161768217,86
3692,0,5464,5464,0,0,0,0,0.4356540669481451,0.292450627067432,0.4356540669481451,0.292450627067432,1.0,1,0.682554921710012,86
3693,0,5464,5464,0,0,0,0,0.43565406694814524,0.292450627067432,0.43565406694814524,0.292450627067432,1.0,1,0.682554921710012,86
3694,2,5466,5466,0,0,0,0,0.41375309045528447,0.27906819185254966,0.41375309045528447,0.27906819185254966,1.0,1,0.6956199382045752,86
3695,2,5468,5468,0,0,0,0,0.40237781382221494,0.271919803455424,0.40237781382221494,0.271919803455424,1.0,1,0.7035802420609187,86
3696,2,5470,5470,0,0,0,0,0.39784077424157677,0.26477752147843114,0.39784077424157677,0.26477752147843114,1.0,1,0.7013410467046157,87
3697,2,5472,5472,0,0,0,0,0.3937561008446437,0.26816359742998575,0.3937561008446437,0.26816359742998575,1.0,1,0.7065354646281329,85
3698,1,5473,5473,0,0,0,0,0.3929303809112023,0.2662139809204713,0.3929303809112023,0.2662139809204713,1.0,1,0.7074579695388707,85
3699,2,5475,5475,0,0,0,0,0.3931203124718998,0.26666243043878507,0.3931203124718998,0.26666243043878507,1.0,1,0.7088283522283148,85
3700,2,5477,5477,0,0,0,0,0.398181367264922,0.27519587959823494,0.398181367264922,0.27519587959823494,1.0,1,0.714418375742843,84
3701,0,5477,5477,0,0,0,0,0.393343548041405,0.26718951442233885,0.393343548041405,0.26718951442233885,1.0,1,0.7166960840909306,85
3702,0,5477,5477,0,0,0,0,0.404764739409763,0.2739892510147038,0.404764739409763,0.2739892510147038,1.0,1,0.7054378731296402,85
3703,1,5478,5478,0,0,0,0,0.393823196882646,0.26832201863082455,0.393823196882646,0.26832201863082455,1.0,1,0.7095376919908101,85
3704,3,5481,5481,0,0,0,0,0.36919550367876885,0.26096044233897936,0.36919550367876885,0.26096044233897936,1.0,1,0.7212958878689562,85
3705,1,5482,5482,0,0,0,0,0.3649939343976964,0.2542999187381255,0.3649939343976964,0.2542999187381255,1.0,1,0.7211038898988128,86
3706,0,5482,5482,0,0,0,0,0.37585250137943654,0.25938469385076823,0.37585250137943654,0.25938469385076823,1.0,1,0.7092795366587352,86
3707,2,5484,5484,0,0,0,0,0.3791187451081514,0.2585386764786333,0.3791187451081514,0.2585386764786333,1.0,1,0.7116735665046391,85
3708,1,5485,5485,0,0,0,0,0.4066415121942141,0.2734805109620169,0.4066415121942141,0.2734805109620169,1.0,1,0.6991622499566719,84
3709,1,5486,5486,0,0,0,0,0.4147146799329515,0.26816661475267434,0.4147146799329515,0.26816661475267434,1.0,1,0.6982045568145892,85
3710,1,5487,5487,0,0,0,0,0.43348733199759504,0.2776780198384241,0.43348733199759504,0.2776780198384241,1.0,1,0.6918987976735235,84
3711,1,5488,5488,0,0,0,0,0.4278693256662449,0.2786020809152643,0.4278693256662449,0.2786020809152643,1.0,1,0.6912609512033042,85
3712,1,5489,5489,0,0,0,0,0.42769288099003006,0.28465950385150673,0.42769288099003006,0.28465950385150673,1.0,1,0.6892141978650649,85
3713,3,5492,5492,0,0,0,0,0.4497528865960404,0.28465950385150673,0.4497528865960404,0.28465950385150673,1.0,1,0.6789287075375379,85
3714,2,5494,5494,0,0,0,0,0.43727925494124736,0.2815015674428332,0.43727925494124736,0.2815015674428332,1.0,1,0.6896208599288157,85
3715,2,5496,5496,0,0,0,0,0.4487955903107562,0.2815015674428332,0.4487955903107562,0.2815015674428332,1.0,1,0.6812602250890659,85
3716,2,5498,5498,0,0,0,0,0.44139484386764766,0.2976523947670531,0.44139484386764766,0.2976523947670531,1.0,1,0.68202964113313,84
3717,1,5499,5499,0,0,0,0,0.44200040425198645,0.290733362085575,0.44200040425198645,0.290733362085575,1.0,1,0.673527341877466,86
3718,1,5500,5500,0,0,0,0,0.43512326030286697,0.287057387885105,0.43512326030286697,0.287057387885105,1.0,1,0.6837730960915707,85
3719,1,5501,5501,0,0,0,0,0.42839853721123433,0.287057387885105,0.42839853721123433,0.287057387885105,1.0,1,0.6850623688555981,84
3720,1,5502,5502,0,0,0,0,0.4173669339395676,0.287057387885105,0.4173669339395676,0.287057387885105,1.0,1,0.6925564195547951,84
3721,0,5502,5502,0,0,0,0,0.4242214405991021,0.287057387885105,0.4242214405991021,0.287057387885105,1.0,1,0.6886113489319198,85
3722,0,5502,5502,0,0,0,0,0.4242214405991021,0.287057387885105,0.4242214405991021,0.287057387885105,1.0,1,0.6885227581495159,85
3723,3,5505,5505,0,0,0,0,0.4133332510995484,0.287057387885105,0.4133332510995484,0.287057387885105,1.0,1,0.7004604513102333,85
3724,0,5505,5505,0,0,0,0,0.42015495748211173,0.287057387885105,0.42015495748211173,0.287057387885105,1.0,1,0.6934454946268457,86
3725,2,5507,5507,0,0,0,0,0.42015495748211173,0.287057387885105,0.42015495748211173,0.287057387885105,1.0,1,0.7006962027415828,86
3726,0,5507,5507,0,0,0,0,0.42015495748211173,0.287057387885105,0.42015495748211173,0.287057387885105,1.0,1,0.7006962027415828,86
3727,0,5507,5507,0,0,0,0,0.42015495748211173,0.287057387885105,0.42015495748211173,0.287057387885105,1.0,1,0.7006962027415828,86
3728,1,5508,5508,0,0,0,0,0.42015495748211173,0.287057387885105,0.42015495748211173,0.287057387885105,1.0,1,0.6981273977854032,86
3729,0,5508,5508,0,0,0,0,0.42015495748211173,0.287057387885105,0.42015495748211173,0.287057387885105,1.0,1,0.6981273977854032,86
3730,1,5509,5509,0,0,0,0,0.4133332510995484,0.287057387885105,0.4133332510995484,0.287057387885105,1.0,1,0.7100799878074239,85
3731,0,5509,5509,0,0,0,0,0.4077051921656953,0.27795944463960026,0.4077051921656953,0.27795944463960026,1.0,1,0.7124290672109445,86
3732,2,5511,5511,0,0,0,0,0.3931635149534883,0.2667881037051269,0.3931635149534883,0.2667881037051269,1.0,1,0.7151363009726018,87
3733,0,5511,5511,0,0,0,0,0.3931635149534883,0.2667881037051269,0.3931635149534883,0.2667881037051269,1.0,1,0.7151363009726018,87
3734,2,5513,5513,0,0,0,0,0.3932120321027474,0.26001080619668343,0.3932120321027474,0.26001080619668343,1.0,1,0.7177634212069333,87
3735,1,5514,5514,0,0,0,0,0.3855888801737926,0.2587265141442396,0.3855888801737926,0.2587265141442396,1.0,1,0.7204573788941355,86
3736,2,5516,5516,0,0,0,0,0.39205187174030504,0.2615828536597627,0.39205187174030504,0.2615828536597627,1.0,1,0.714201989143528,87
3737,2,5518,5518,0,0,0,0,0.38093332905582544,0.25571372373131446,0.38093332905582544,0.25571372373131446,1.0,1,0.7147501470089801,87
3738,4,5522,5522,0,0,0,0,0.41633171479813985,0.26628574682237577,0.41633171479813985,0.26628574682237577,1.0,1,0.6876670578775718,87
3739,2,5524,5524,0,0,0,0,0.39826607735635283,0.24818277570125075,0.39826607735635283,0.24818277570125075,1.0,1,0.6985118664112262,88
3740,5,5529,5529,0,0,0,0,0.4366147494444505,0.26825285910574065,0.4366147494444505,0.26825285910574065,1.0,1,0.6731942056253389,87
3741,0,5529,5529,0,0,0,0,0.4381594065651411,0.2719857804807425,0.4381594065651411,0.2719857804807425,1.0,1,0.6718974214472617,87
3742,4,5533,5533,0,0,0,0,0.4548030091355302,0.2864522384168382,0.4548030091355302,0.2864522384168382,1.0,1,0.6749890967012983,86
3743,3,5536,5536,0,0,0,0,0.44136142240130577,0.2950431096164888,0.44136142240130577,0.2950431096164888,1.0,1,0.683631675286175,84
3744,3,5539,5539,0,0,0,0,0.425046194776102,0.29063869090958316,0.425046194776102,0.29063869090958316,1.0,1,0.6986088755415274,83
3745,4,5543,5543,0,0,0,0,0.4371630794820379,0.29552187378278494,0.4371630794820379,0.29552187378278494,1.0,1,0.6960761080225906,83
3746,0,5543,5543,0,0,0,0,0.42567358155742074,0.28860103485150695,0.42567358155742074,0.28860103485150695,1.0,1,0.7048682656280016,83
3747,1,5544,5544,0,0,0,0,0.4349527133978401,0.3026441109003935,0.4349527133978401,0.3026441109003935,1.0,1,0.7014854862594222,81
3748,2,5546,5546,0,0,0,0,0.47132912875806576,0.314444585710626,0.47132912875806576,0.314444585710626,1.0,1,0.6756967772721268,81
3749,1,5547,5547,0,0,0,0,0.4647207428675416,0.314444585710626,0.4647207428675416,0.314444585710626,1.0,1,0.6751082232405956,80
3750,3,5550,5550,0,0,0,0,0.47121007454996644,0.3171063059709947,0.47121007454996644,0.3171063059709947,1.0,1,0.6686833330101,79
3751,4,5554,5554,0,0,0,0,0.4912009402350261,0.32921835707492386,0.4912009402350261,0.32921835707492386,1.0,1,0.648359761841529,80
3752,2,5556,5556,0,0,0,0,0.490354906092775,0.32647257493520726,0.490354906092775,0.32647257493520726,1.0,1,0.6479237258660457,80
3753,3,5559,5559,0,0,0,0,0.49664682083237044,0.32647257493520726,0.49664682083237044,0.32647257493520726,1.0,1,0.6598638621911841,81
3754,0,5559,5559,0,0,0,0,0.484504982621945,0.31647381783908907,0.484504982621945,0.31647381783908907,1.0,1,0.6696683823368611,81
3755,1,5560,5560,0,0,0,0,0.4780612949047193,0.31647381783908907,0.4780612949047193,0.31647381783908907,1.0,1,0.6831793283200341,80
3756,1,5561,5561,0,0,0,0,0.47145447585288036,0.31647381783908907,0.47145447585288036,0.31647381783908907,1.0,1,0.6956342974428391,79
3757,1,5562,5562,0,0,0,0,0.4653049915899749,0.3059432527447566,0.4653049915899749,0.3059432527447566,1.0,1,0.7003004295835358,80
3758,1,5563,5563,0,0,0,0,0.4585367003442784,0.3059432527447566,0.4585367003442784,0.3059432527447566,1.0,1,0.7028778607185019,79
3759,0,5563,5563,0,0,0,0,0.4585367003442784,0.3059432527447566,0.4585367003442784,0.3059432527447566,1.0,1,0.7028778607185019,79
3760,0,5563,5563,0,0,0,0,0.4585367003442784,0.3059432527447566,0.4585367003442784,0.3059432527447566,1.0,1,0.7028778607185019,79
3761,2,5565,5565,0,0,0,0,0.46944006715020886,0.3059432527447566,0.46944006715020886,0.3059432527447566,1.0,1,0.7046470854745427,78
3762,0,5565,5565,0,0,0,0,0.47148503941294473,0.29977763645913635,0.47148503941294473,0.29977763645913635,1.0,1,0.6975080170725627,80
3763,1,5566,5566,0,0,0,0,0.46883458087464325,0.29977763645913635,0.46883458087464325,0.29977763645913635,1.0,1,0.6940132400167525,80
3764,0,5566,5566,0,0,0,0,0.46883458087464325,0.29977763645913635,0.46883458087464325,0.29977763645913635,1.0,1,0.6940132400167525,80
3765,2,5568,5568,0,0,0,0,0.46227738560603887,0.2983842180945999,0.46227738560603887,0.2983842180945999,1.0,1,0.6916371736420475,81
3766,1,5569,5569,0,0,0,0,0.46203233672266875,0.30925744124307103,0.46203233672266875,0.30925744124307103,1.0,1,0.6836972977868258,83
3767,2,5571,5571,0,0,0,0,0.46085675226433315,0.31860160339060956,0.46085675226433315,0.31860160339060956,1.0,1,0.6781541827168555,83
3768,1,5572,5572,0,0,0,0,0.45558693961713626,0.32290127738771873,0.45558693961713626,0.32290127738771873,1.0,1,0.676877044977156,84
3769,1,5573,5573,0,0,0,0,0.4828820051730309,0.32290127738771873,0.4828820051730309,0.32290127738771873,1.0,1,0.6587995503758962,86
3770,3,5576,5576,0,0,0,0,0.4880927565735005,0.3142360222919133,0.4880927565735005,0.3142360222919133,1.0,1,0.6633811070820212,87
3771,1,5577,5577,0,0,0,0,0.4769415820694499,0.30701073313826216,0.4769415820694499,0.30701073313826216,1.0,1,0.6677074085972715,87
3772,4,5581,5581,0,0,0,0,0.4506581343386296,0.29801706785282295,0.4506581343386296,0.29801706785282295,1.0,1,0.6728354968679465,88
3773,0,5581,5581,0,0,0,0,0.45420548223506046,0.3063339844572466,0.45420548223506046,0.3063339844572466,1.0,1,0.6753900682009131,85
3774,4,5585,5585,0,0,0,0,0.4190924484472888,0.2900230272726144,0.4190924484472888,0.2900230272726144,1.0,1,0.6930275744254815,85
3775,2,5587,5587,0,0,0,0,0.40409674217765995,0.2725291002571115,0.40409674217765995,0.2725291002571115,1.0,1,0.7112155415148923,83
3776,3,5590,5590,0,0,0,0,0.3957885694987128,0.2719589321921991,0.3957885694987128,0.2719589321921991,1.0,1,0.719238839585845,82
3777,2,5592,5592,0,0,0,0,0.4006619245744645,0.2719589321921991,0.4006619245744645,0.2719589321921991,1.0,1,0.7242678070170205,81
3778,3,5595,5595,0,0,0,0,0.43628974417791394,0.29200836603379915,0.43628974417791394,0.29200836603379915,1.0,1,0.6975641081169043,81
3779,4,5599,5599,0,0,0,0,0.4271133255580845,0.2820746205503838,0.4271133255580845,0.2820746205503838,1.0,1,0.7242402448212449,80
3780,3,5602,5602,0,0,0,0,0.4530060526663423,0.30076777966101276,0.4530060526663423,0.30076777966101276,1.0,1,0.7058030339923863,80
3781,1,5603,5603,0,0,0,0,0.4653891817559246,0.30959863138306115,0.4653891817559246,0.30959863138306115,1.0,1,0.6975710316940941,80
3782,2,5605,5605,0,0,0,0,0.4653891817559246,0.30959863138306115,0.4653891817559246,0.30959863138306115,1.0,1,0.691167050590457,80
3783,3,5608,5608,0,0,0,0,0.47640590560628293,0.3162661487784044,0.47640590560628293,0.3162661487784044,1.0,1,0.6781670308211124,80
3784,1,5609,5609,0,0,0,0,0.46977813225952697,0.3162661487784044,0.46977813225952697,0.3162661487784044,1.0,1,0.6869558203324447,79
3785,0,5609,5609,0,0,0,0,0.45600613569483944,0.3162661487784044,0.45600613569483944,0.3162661487784044,1.0,1,0.7007473861875304,77
3786,1,5610,5610,0,0,0,0,0.4629804160064441,0.3162661487784044,0.4629804160064441,0.3162661487784044,1.0,1,0.6959425687982272,78
3787,1,5611,5611,0,0,0,0,0.45600613569483944,0.3162661487784044,0.45600613569483944,0.3162661487784044,1.0,1,0.6969587077861223,77
3788,2,5613,5613,0,0,0,0,0.46168319268763025,0.32164959508913205,0.46168319268763025,0.32164959508913205,1.0,1,0.697730847694769,78
3789,0,5613,5613,0,0,0,0,0.454692065319937,0.32164959508913205,0.454692065319937,0.32164959508913205,1.0,1,0.701249751019763,77
3790,1,5614,5614,0,0,0,0,0.46719492566562865,0.32164959508913205,0.46719492566562865,0.32164959508913205,1.0,1,0.6986359528763424,77
3791,0,5614,5614,0,0,0,0,0.46719492566562865,0.32164959508913205,0.46719492566562865,0.32164959508913205,1.0,1,0.6986359528763424,77
3792,1,5615,5615,0,0,0,0,0.4838390884761303,0.32164959508913205,0.4838390884761303,0.32164959508913205,1.0,1,0.6855620464703583,78
3793,0,5615,5615,0,0,0,0,0.48552068809511234,0.31479198731981,0.48552068809511234,0.31479198731981,1.0,1,0.6800248644565456,80
3794,2,5617,5617,0,0,0,0,0.4932357224726996,0.30684269928005686,0.4932357224726996,0.30684269928005686,1.0,1,0.6689672978249528,82
3795,1,5618,5618,0,0,0,0,0.4962385522575234,0.30684269928005686,0.4962385522575234,0.30684269928005686,1.0,1,0.6640718502517449,83
3796,2,5620,5620,0,0,0,0,0.4953823057691764,0.32657357361151673,0.4953823057691764,0.32657357361151673,1.0,1,0.6554025363377295,83
3797,1,5621,5621,0,0,0,0,0.5031438796486903,0.32657357361151673,0.5031438796486903,0.32657357361151673,1.0,1,0.654922362871649,82
3798,2,5623,5623,0,0,0,0,0.5033268595715941,0.3128968974443919,0.5033268595715941,0.3128968974443919,1.0,1,0.6609430961895623,82
3799,1,5624,5624,0,0,0,0,0.4968760537228573,0.3128968974443919,0.4968760537228573,0.3128968974443919,1.0,1,0.6542533818101074,83
3800,2,5626,5626,0,0,0,0,0.48417004793158563,0.28641095089242824,0.48417004793158563,0.28641095089242824,1.0,1,0.6720364156504026,83
3801,0,5626,5626,0,0,0,0,0.48417004793158563,0.28641095089242824,0.48417004793158563,0.28641095089242824,1.0,1,0.6720364156504026,83
3802,0,5626,5626,0,0,0,0,0.4778794387600196,0.28641095089242824,0.4778794387600196,0.28641095089242824,1.0,1,0.6824239591066008,82
3803,1,5627,5627,0,0,0,0,0.479339902820885,0.28063392055188113,0.479339902820885,0.28063392055188113,1.0,1,0.680387024307006,84
3804,2,5629,5629,0,0,0,0,0.4571208493124284,0.28063392055188113,0.4571208493124284,0.28063392055188113,1.0,1,0.6852997731172723,84
3805,1,5630,5630,0,0,0,0,0.43144765865389917,0.28063392055188113,0.43144765865389917,0.28063392055188113,1.0,1,0.6904783462353423,86
3806,3,5633,5633,0,0,0,0,0.40480110969427546,0.2750177572147686,0.40480110969427546,0.2750177572147686,1.0,1,0.6998654610311744,86
3807,1,5634,5634,0,0,0,0,0.3922921134716519,0.2750177572147686,0.3922921134716519,0.2750177572147686,1.0,1,0.7054025754599529,86
3808,3,5637,5637,0,0,0,0,0.3840230166823057,0.28063392055188113,0.3840230166823057,0.28063392055188113,1.0,1,0.7111510955947273,85
3809,1,5638,5638,0,0,0,0,0.3829409579443882,0.28063392055188113,0.3829409579443882,0.28063392055188113,1.0,1,0.713096184003903,85
3810,1,5639,5639,0,0,0,0,0.3810346241331017,0.28063392055188113,0.3810346241331017,0.28063392055188113,1.0,1,0.7147740427709376,85
3811,3,5642,5642,0,0,0,0,0.3706662858356345,0.28063392055188113,0.3706662858356345,0.28063392055188113,1.0,1,0.7228947268810189,84
3812,2,5644,5644,0,0,0,0,0.37329839547827925,0.2725929935111929,0.37329839547827925,0.2725929935111929,1.0,1,0.7317471798884014,83
3813,0,5644,5644,0,0,0,0,0.3893176290377585,0.28063392055188113,0.3893176290377585,0.28063392055188113,1.0,1,0.7232726605035434,82
3814,1,5645,5645,0,0,0,0,0.393618167488953,0.28063392055188113,0.393618167488953,0.28063392055188113,1.0,1,0.720751789601407,81
3815,2,5647,5647,0,0,0,0,0.4122866999984657,0.28969020895429387,0.4122866999984657,0.28969020895429387,1.0,1,0.7029591868918809,82
3816,0,5647,5647,0,0,0,0,0.4160180488923084,0.28969020895429387,0.4160180488923084,0.28969020895429387,1.0,1,0.703255461337232,81
3817,1,5648,5648,0,0,0,0,0.41580859567123707,0.2998208587108498,0.41580859567123707,0.2998208587108498,1.0,1,0.6968266990613318,81
3818,2,5650,5650,0,0,0,0,0.4405165037473946,0.3186015546980517,0.4405165037473946,0.3186015546980517,1.0,1,0.6725782229312648,81
3819,3,5653,5653,0,0,0,0,0.4361822318385224,0.3050714724693011,0.4361822318385224,0.3050714724693011,1.0,1,0.6794886360330197,82
3820,2,5655,5655,0,0,0,0,0.4505570312762744,0.2926683860991958,0.4505570312762744,0.2926683860991958,1.0,1,0.6710498032637313,84
3821,5,5660,5660,0,0,0,0,0.46167746140993704,0.27977567401901776,0.46167746140993704,0.27977567401901776,1.0,1,0.6636764960370289,84
3822,2,5662,5662,0,0,0,0,0.487328613961151,0.2997383064229377,0.487328613961151,0.2997383064229377,1.0,1,0.6495399406785625,82
3823,5,5667,5667,0,0,0,0,0.5172724757524958,0.3058242434654916,0.5172724757524958,0.3058242434654916,1.0,1,0.6266981497299207,81
3824,1,5668,5668,0,0,0,0,0.5113123327743193,0.31458532419004437,0.5113123327743193,0.31458532419004437,1.0,1,0.6462599155433991,78
3825,1,5669,5669,0,0,0,0,0.5102358374333954,0.31458532419004437,0.5102358374333954,0.31458532419004437,1.0,1,0.6536341183038142,76
3826,2,5671,5671,0,0,0,0,0.49664654815015874,0.31458532419004437,0.49664654815015874,0.31458532419004437,1.0,1,0.6603620894019071,76
3827,2,5673,5673,0,0,0,0,0.5040139622361632,0.31458532419004437,0.5040139622361632,0.31458532419004437,1.0,1,0.6660344948625299,75
3828,3,5676,5676,0,0,0,0,0.49717379499813974,0.3256012239506079,0.49717379499813974,0.3256012239506079,1.0,1,0.6688470538153898,74
3829,2,5678,5678,0,0,0,0,0.49923869940166216,0.35277972077556435,0.49923869940166216,0.35277972077556435,1.0,1,0.66635289701362,74
3830,2,5680,5680,0,0,0,0,0.49931211495437666,0.36034880551141607,0.49931211495437666,0.36034880551141607,1.0,1,0.6656298024018165,74
3831,3,5683,5683,0,0,0,0,0.4852742763653078,0.3161137579385402,0.4852742763653078,0.3161137579385402,1.0,1,0.6866681661996663,74
3832,0,5683,5683,0,0,0,0,0.47822323905524355,0.3161137579385402,0.47822323905524355,0.3161137579385402,1.0,1,0.6904075435868984,73
3833,2,5685,5685,0,0,0,0,0.4792899974907324,0.29401315662503874,0.4792899974907324,0.29401315662503874,1.0,1,0.6978620008758584,73
3834,1,5686,5686,0,0,0,0,0.48677926997661175,0.2852542695345058,0.48677926997661175,0.2852542695345058,1.0,1,0.6967154917442335,74
3835,1,5687,5687,0,0,0,0,0.4806745878475738,0.2852542695345058,0.4806745878475738,0.2852542695345058,1.0,1,0.6998594626032832,75
3836,1,5688,5688,0,0,0,0,0.48083052425397804,0.2779547143507248,0.48083052425397804,0.2779547143507248,1.0,1,0.7023333956890612,75
3837,1,5689,5689,0,0,0,0,0.44875585173079724,0.26841734002254225,0.44875585173079724,0.26841734002254225,1.0,1,0.7130173191260795,78
3838,4,5693,5693,0,0,0,0,0.47527872895330375,0.26346374639139875,0.47527872895330375,0.26346374639139875,1.0,1,0.7053304754482923,78
3839,0,5693,5693,0,0,0,0,0.4675606180422647,0.26346374639139875,0.4675606180422647,0.26346374639139875,1.0,1,0.7047392828047867,79
3840,2,5695,5695,0,0,0,0,0.4740961127594471,0.27134906063174097,0.4740961127594471,0.27134906063174097,1.0,1,0.6941991123506082,82
3841,1,5696,5696,0,0,0,0,0.4854138840156393,0.27134906063174097,0.4854138840156393,0.27134906063174097,1.0,1,0.6899739866196816,82
3842,1,5697,5697,0,0,0,0,0.49413204277478556,0.2795057622655968,0.49413204277478556,0.2795057622655968,1.0,1,0.6795329603364201,82
3843,0,5697,5697,0,0,0,0,0.49413204277478545,0.2795057622655968,0.49413204277478545,0.2795057622655968,1.0,1,0.6795329603364201,82
3844,2,5699,5699,0,0,0,0,0.5094715644715369,0.2897690526896577,0.5094715644715369,0.2897690526896577,1.0,1,0.6611862252794608,83
3845,2,5701,5701,0,0,0,0,0.49475151829302483,0.2897690526896577,0.49475151829302483,0.2897690526896577,1.0,1,0.6597879963190906,84
3846,2,5703,5703,0,0,0,0,0.4882147612617126,0.29940535837367305,0.4882147612617126,0.29940535837367305,1.0,1,0.6573735178684463,85
3847,1,5704,5704,0,0,0,0,0.4821220798481616,0.29940535837367305,0.4821220798481616,0.29940535837367305,1.0,1,0.6618327713657909,84
3848,1,5705,5705,0,0,0,0,0.46904750439452725,0.29940535837367305,0.46904750439452725,0.29940535837367305,1.0,1,0.668399953024038,84
3849,1,5706,5706,0,0,0,0,0.47873623719066644,0.29940535837367305,0.47873623719066644,0.29940535837367305,1.0,1,0.665696583990053,83
3850,2,5708,5708,0,0,0,0,0.4871423674703997,0.3092104287471538,0.4871423674703997,0.3092104287471538,1.0,1,0.6700667743522442,80
3851,2,5710,5710,0,0,0,0,0.4988169269700634,0.3168096533946619,0.4988169269700634,0.3168096533946619,1.0,1,0.6601948439475012,80
3852,0,5710,5710,0,0,0,0,0.49276547926638736,0.3168096533946619,0.49276547926638736,0.3168096533946619,1.0,1,0.6711881900771663,79
3853,0,5710,5710,0,0,0,0,0.49276547926638736,0.3168096533946619,0.49276547926638736,0.3168096533946619,1.0,1,0.6711881900771663,79
3854,1,5711,5711,0,0,0,0,0.4862249284405911,0.309919570292554,0.4862249284405911,0.309919570292554,1.0,1,0.6832140718345867,78
3855,0,5711,5711,0,0,0,0,0.4862249284405911,0.309919570292554,0.4862249284405911,0.309919570292554,1.0,1,0.6832140718345867,78
3856,1,5712,5712,0,0,0,0,0.4768967027720065,0.29611657181355383,0.4768967027720065,0.29611657181355383,1.0,1,0.6849830624172947,80
3857,2,5714,5714,0,0,0,0,0.47007470339045687,0.29611657181355383,0.47007470339045687,0.29611657181355383,1.0,1,0.6763822069117296,81
3858,3,5717,5717,0,0,0,0,0.4565516869321335,0.2963444070236238,0.4565516869321335,0.2963444070236238,1.0,1,0.681959452595415,81
3859,2,5719,5719,0,0,0,0,0.4738362604700705,0.29626467021159897,0.4738362604700705,0.29626467021159897,1.0,1,0.6649372700866125,83
3860,1,5720,5720,0,0,0,0,0.47925862279854203,0.304119438466781,0.47925862279854203,0.304119438466781,1.0,1,0.6608757696299018,82
3861,1,5721,5721,0,0,0,0,0.47825900371108465,0.30540648013974037,0.47825900371108465,0.30540648013974037,1.0,1,0.652921028099065,84
3862,3,5724,5724,0,0,0,0,0.4605977624073148,0.30114717690524273,0.4605977624073148,0.30114717690524273,1.0,1,0.6554430072655075,85
3863,1,5725,5725,0,0,0,0,0.47884468306048333,0.30930679967488534,0.47884468306048333,0.30930679967488534,1.0,1,0.6500526958993368,84
3864,3,5728,5728,0,0,0,0,0.47630416544674625,0.31963178485804555,0.47630416544674625,0.31963178485804555,1.0,1,0.6521463486786726,83
3865,3,5731,5731,0,0,0,0,0.46982317659540096,0.30095869114092144,0.46982317659540096,0.30095869114092144,1.0,1,0.6618540349384915,82
3866,2,5733,5733,0,0,0,0,0.46292719924250403,0.3095351307570452,0.46292719924250403,0.3095351307570452,1.0,1,0.6629077104458377,81
3867,3,5736,5736,0,0,0,0,0.46418935219102814,0.30693742045762495,0.46418935219102814,0.30693742045762495,1.0,1,0.6682366776127722,81
3868,5,5741,5741,0,0,0,0,0.4906074980057047,0.3361477521008754,0.4906074980057047,0.3361477521008754,1.0,1,0.6426200441322051,81
3869,2,5743,5743,0,0,0,0,0.4813196247605497,0.32733965812809157,0.4813196247605497,0.32733965812809157,1.0,1,0.6509078823484536,81
3870,2,5745,5745,0,0,0,0,0.5244261683693926,0.34770566570741507,0.5244261683693926,0.34770566570741507,1.0,1,0.6265728288006063,80
3871,1,5746,5746,0,0,0,0,0.5238211049011565,0.3639012599316585,0.5238211049011565,0.3639012599316585,1.0,1,0.6104186972332079,82
3872,3,5749,5749,0,0,0,0,0.5004225800059536,0.37858136176075546,0.5004225800059536,0.37858136176075546,1.0,1,0.6218664111969613,81
3873,1,5750,5750,0,0,0,0,0.5129872815620388,0.3932599613090392,0.5129872815620388,0.3932599613090392,1.0,1,0.6118161803619928,81
3874,3,5753,5753,0,0,0,0,0.5114177930116696,0.3932599613090392,0.5114177930116696,0.3932599613090392,1.0,1,0.6248266172586907,78
3875,0,5753,5753,0,0,0,0,0.5132486541803458,0.3932599613090392,0.5132486541803458,0.3932599613090392,1.0,1,0.6257959868112007,77
3876,2,5755,5755,0,0,0,0,0.49318733724805214,0.3932599613090392,0.49318733724805214,0.3932599613090392,1.0,1,0.6409097103214243,78
3877,1,5756,5756,0,0,0,0,0.5158923688019561,0.40322137941966896,0.5158923688019561,0.40322137941966896,1.0,1,0.6426048587383646,75
3878,1,5757,5757,0,0,0,0,0.5025172541311077,0.40322137941966896,0.5025172541311077,0.40322137941966896,1.0,1,0.6518815147011358,75
3879,0,5757,5757,0,0,0,0,0.502629146029407,0.40322137941966896,0.502629146029407,0.40322137941966896,1.0,1,0.661649143940539,73
3880,0,5757,5757,0,0,0,0,0.4934639591015321,0.40322137941966896,0.4934639591015321,0.40322137941966896,1.0,1,0.6577530500685708,74
3881,0,5757,5757,0,0,0,0,0.4847560425926406,0.40322137941966896,0.4847560425926406,0.40322137941966896,1.0,1,0.6539447400666997,75
3882,0,5757,5757,0,0,0,0,0.4773216821847209,0.38595435342577866,0.4773216821847209,0.38595435342577866,1.0,1,0.6575442982569402,76
3883,0,5757,5757,0,0,0,0,0.47175907050089494,0.38595435342577866,0.47175907050089494,0.38595435342577866,1.0,1,0.6548591872199068,77
3884,0,5757,5757,0,0,0,0,0.4667028324759123,0.38595435342577866,0.4667028324759123,0.38595435342577866,1.0,1,0.6549799923206961,78
3885,5,5762,5762,0,0,0,0,0.5036064008504477,0.36640643288573804,0.5036064008504477,0.36640643288573804,1.0,1,0.6490642745163534,78
3886,1,5763,5763,0,0,0,0,0.48350365070169576,0.36640643288573804,0.48350365070169576,0.36640643288573804,1.0,1,0.651396606087664,79
3887,4,5767,5767,0,0,0,0,0.5245326784329485,0.35723392013318495,0.5245326784329485,0.35723392013318495,1.0,1,0.6454724740537786,78
3888,3,5770,5770,0,0,0,0,0.5374651322081663,0.32656511192177345,0.5374651322081663,0.32656511192177345,1.0,1,0.6470694463463861,80
3889,3,5773,5773,0,0,0,0,0.5372017291085892,0.30780417277987765,0.5372017291085892,0.30780417277987765,1.0,1,0.6470626165569001,82
3890,2,5775,5775,0,0,0,0,0.5255580291748065,0.30780417277987765,0.5255580291748065,0.30780417277987765,1.0,1,0.6498557930207725,82
3891,3,5778,5778,0,0,0,0,0.520811176079529,0.28117040146637956,0.520811176079529,0.28117040146637956,1.0,1,0.6467269564464201,85
3892,0,5778,5778,0,0,0,0,0.509934235851439,0.27452562573588446,0.509934235851439,0.27452562573588446,1.0,1,0.649430400824374,87
3893,3,5781,5781,0,0,0,0,0.5139656140944545,0.2743961953369811,0.5139656140944545,0.2743961953369811,1.0,1,0.6551927650834584,86
3894,0,5781,5781,0,0,0,0,0.5090341824685404,0.2696595670195547,0.5090341824685404,0.2696595670195547,1.0,1,0.6569965697741368,87
3895,1,5782,5782,0,0,0,0,0.5208988483621407,0.2696595670195547,0.5208988483621407,0.2696595670195547,1.0,1,0.6503400764518008,87
3896,3,5785,5785,0,0,0,0,0.5398186650158198,0.28281274096673487,0.5398186650158198,0.28281274096673487,1.0,1,0.6380741934153276,85
3897,2,5787,5787,0,0,0,0,0.5265951864673973,0.27741189503018826,0.5265951864673973,0.27741189503018826,1.0,1,0.6455402752622448,85
3898,4,5791,5791,0,0,0,0,0.5150601874228778,0.2788356468168632,0.5150601874228778,0.2788356468168632,1.0,1,0.6442117404306261,86
3899,2,5793,5793,0,0,0,0,0.5045138430190588,0.28891689768106965,0.5045138430190588,0.28891689768106965,1.0,1,0.6425290890594227,86
3900,2,5795,5795,0,0,0,0,0.505954790973879,0.297032498399419,0.505954790973879,0.297032498399419,1.0,1,0.6315830362647327,86
3901,3,5798,5798,0,0,0,0,0.5069419225260029,0.3140878805066057,0.5069419225260029,0.3140878805066057,1.0,1,0.6269885666735616,86
3902,4,5802,5802,0,0,0,0,0.5038528762603515,0.3127420537079347,0.5038528762603515,0.3127420537079347,1.0,1,0.6234397790176189,87
3903,2,5804,5804,0,0,0,0,0.5275992829182925,0.329959809528933,0.5275992829182925,0.329959809528933,1.0,1,0.6058091073550972,87
3904,1,5805,5805,0,0,0,0,0.5566524534138907,0.34136519471464477,0.5566524534138907,0.34136519471464477,1.0,1,0.5976182232809776,85
3905,2,5807,5807,0,0,0,0,0.5770949851651669,0.371671241660731,0.5770949851651669,0.371671241660731,1.0,1,0.5822685180784618,84
3906,2,5809,5809,0,0,0,0,0.5758567637358045,0.371671241660731,0.5758567637358045,0.371671241660731,1.0,1,0.5770271835735268,86
3907,2,5811,5811,0,0,0,0,0.568348239789543,0.38126869636339544,0.568348239789543,0.38126869636339544,1.0,1,0.592990659560724,84
3908,1,5812,5812,0,0,0,0,0.5608291829581709,0.38126869636339544,0.5608291829581709,0.38126869636339544,1.0,1,0.6026698875292424,83
3909,0,5812,5812,0,0,0,0,0.5623036699610451,0.38126869636339544,0.5623036699610451,0.38126869636339544,1.0,1,0.6107592491987898,81
3910,2,5814,5814,0,0,0,0,0.5695672250767225,0.39838618041505025,0.5695672250767225,0.39838618041505025,1.0,1,0.6009918287526445,82
3911,0,5814,5814,0,0,0,0,0.5787908855613212,0.39838618041505025,0.5787908855613212,0.39838618041505025,1.0,1,0.6034589557606116,81
3912,3,5817,5817,0,0,0,0,0.566391536512896,0.39838618041505025,0.566391536512896,0.39838618041505025,1.0,1,0.6120387955327052,80
3913,1,5818,5818,0,0,0,0,0.5519763952270826,0.39838618041505025,0.5519763952270826,0.39838618041505025,1.0,1,0.6155038765634294,80
3914,3,5821,5821,0,0,0,0,0.5175267064683664,0.38006599292402143,0.5175267064683664,0.38006599292402143,1.0,1,0.6265570713583315,81
3915,2,5823,5823,0,0,0,0,0.5065674350167279,0.38006599292402143,0.5065674350167279,0.38006599292402143,1.0,1,0.6355032372010052,81
3916,1,5824,5824,0,0,0,0,0.4945102246246618,0.38006599292402143,0.4945102246246618,0.38006599292402143,1.0,1,0.6346126833428928,81
3917,2,5826,5826,0,0,0,0,0.47841321689019917,0.38006599292402143,0.47841321689019917,0.38006599292402143,1.0,1,0.6366866362883432,82
3918,2,5828,5828,0,0,0,0,0.44629340815763674,0.3369223124381636,0.44629340815763674,0.3369223124381636,1.0,1,0.6530199229962187,85
3919,1,5829,5829,0,0,0,0,0.4340200330011751,0.3369223124381636,0.4340200330011751,0.3369223124381636,1.0,1,0.659787809942189,85
3920,0,5829,5829,0,0,0,0,0.4340200330011751,0.3369223124381636,0.4340200330011751,0.3369223124381636,1.0,1,0.659787809942189,85
3921,0,5829,5829,0,0,0,0,0.4298937572083157,0.31530770080156284,0.4298937572083157,0.31530770080156284,1.0,1,0.658228026743387,88
3922,0,5829,5829,0,0,0,0,0.4298937572083157,0.31530770080156284,0.4298937572083157,0.31530770080156284,1.0,1,0.658228026743387,88
3923,3,5832,5832,0,0,0,0,0.4364481286159238,0.3361157643013411,0.4364481286159238,0.3361157643013411,1.0,1,0.6442552322255761,89
3924,1,5833,5833,0,0,0,0,0.43121719626252997,0.3361157643013411,0.43121719626252997,0.3361157643013411,1.0,1,0.6440812870027359,90
3925,2,5835,5835,0,0,0,0,0.4401727133215555,0.346444479347429,0.4401727133215555,0.346444479347429,1.0,1,0.6406789302113189,88
3926,1,5836,5836,0,0,0,0,0.4458721333621546,0.33847299992100466,0.4458721333621546,0.33847299992100466,1.0,1,0.6395948275091152,89
3927,1,5837,5837,0,0,0,0,0.4455046126431553,0.32857439611242395,0.4455046126431553,0.32857439611242395,1.0,1,0.644841958873712,89
3928,2,5839,5839,0,0,0,0,0.45233253470930046,0.32857439611242395,0.45233253470930046,0.32857439611242395,1.0,1,0.6503781442180713,88
3929,0,5839,5839,0,0,0,0,0.4523325347093005,0.32857439611242395,0.4523325347093005,0.32857439611242395,1.0,1,0.6503781442180713,88
3930,2,5841,5841,0,0,0,0,0.45942577101714854,0.32857439611242395,0.45942577101714854,0.32857439611242395,1.0,1,0.6551868741438446,87
3931,1,5842,5842,0,0,0,0,0.46471480252429015,0.32857439611242395,0.46471480252429015,0.32857439611242395,1.0,1,0.6575592396699249,86
3932,2,5844,5844,0,0,0,0,0.45568669697425535,0.32857439611242395,0.45568669697425535,0.32857439611242395,1.0,1,0.669134659893614,85
3933,1,5845,5845,0,0,0,0,0.4611461910665669,0.32857439611242395,0.4611461910665669,0.32857439611242395,1.0,1,0.671377640811851,84
3934,0,5845,5845,0,0,0,0,0.4659394964772477,0.32857439611242395,0.4659394964772477,0.32857439611242395,1.0,1,0.6657773525957406,85
3935,1,5846,5846,0,0,0,0,0.47028186660830196,0.32857439611242395,0.47028186660830196,0.32857439611242395,1.0,1,0.668376571966423,84
3936,0,5846,5846,0,0,0,0,0.48137027395536364,0.32857439611242395,0.48137027395536364,0.32857439611242395,1.0,1,0.6647898970847222,84
3937,1,5847,5847,0,0,0,0,0.5064451754844659,0.32857439611242395,0.5064451754844659,0.32857439611242395,1.0,1,0.6558955368460039,82
3938,1,5848,5848,0,0,0,0,0.5180284036329774,0.3372743681214982,0.5180284036329774,0.3372743681214982,1.0,1,0.6444752860304449,82
3939,2,5850,5850,0,0,0,0,0.5204343048025785,0.35162357715323417,0.5204343048025785,0.35162357715323417,1.0,1,0.6312303216661331,84
3940,0,5850,5850,0,0,0,0,0.5204343048025784,0.35162357715323417,0.5204343048025784,0.35162357715323417,1.0,1,0.6312303216661331,84
3941,2,5852,5852,0,0,0,0,0.5283385173429793,0.36777263641310354,0.5283385173429793,0.36777263641310354,1.0,1,0.6182095242906156,85
3942,2,5854,5854,0,0,0,0,0.5407713927858893,0.38241287948415353,0.5407713927858893,0.38241287948415353,1.0,1,0.6092632393769127,85
3943,3,5857,5857,0,0,0,0,0.525934381999625,0.3668407323181504,0.525934381999625,0.3668407323181504,1.0,1,0.623743234164028,84
3944,1,5858,5858,0,0,0,0,0.5092694263876645,0.3668407323181504,0.5092694263876645,0.3668407323181504,1.0,1,0.6320990118734663,83
3945,2,5860,5860,0,0,0,0,0.49675877485704234,0.35458004544355437,0.49675877485704234,0.35458004544355437,1.0,1,0.6376857364511104,83
3946,3,5863,5863,0,0,0,0,0.4869984462150127,0.34658314249308436,0.4869984462150127,0.34658314249308436,1.0,1,0.6468875437005651,83
3947,1,5864,5864,0,0,0,0,0.4869984462150127,0.34658314249308436,0.4869984462150127,0.34658314249308436,1.0,1,0.651722867099586,83
3948,3,5867,5867,0,0,0,0,0.48179750056132337,0.33004509117480313,0.48179750056132337,0.33004509117480313,1.0,1,0.6571113247810715,84
3949,2,5869,5869,0,0,0,0,0.4824214690657262,0.34132871884147037,0.4824214690657262,0.34132871884147037,1.0,1,0.6534348119373629,84
3950,6,5875,5875,0,0,0,0,0.48474351611724487,0.30994555363580834,0.48474351611724487,0.30994555363580834,1.0,1,0.6570113896209636,86
3951,2,5877,5877,0,0,0,0,0.49202384106025726,0.3262892353515139,0.49202384106025726,0.3262892353515139,1.0,1,0.6438162760549002,87
3952,2,5879,5879,0,0,0,0,0.4995728100098397,0.3402525110314448,0.4995728100098397,0.3402525110314448,1.0,1,0.6398788549222961,86
3953,2,5881,5881,0,0,0,0,0.5096572351575382,0.33934893084289475,0.5096572351575382,0.33934893084289475,1.0,1,0.6403881916979911,86
3954,0,5881,5881,0,0,0,0,0.5151062461487018,0.34822340447726624,0.5151062461487018,0.34822340447726624,1.0,1,0.6379596489973139,85
3955,1,5882,5882,0,0,0,0,0.5033484055261331,0.35751228368773486,0.5033484055261331,0.35751228368773486,1.0,1,0.6392641025552025,85
3956,1,5883,5883,0,0,0,0,0.5086922147210423,0.35751228368773486,0.5086922147210423,0.35751228368773486,1.0,1,0.6403916170740169,84
3957,0,5883,5883,0,0,0,0,0.5032449690622606,0.3480627094464276,0.5032449690622606,0.3480627094464276,1.0,1,0.6428570937820757,85
3958,1,5884,5884,0,0,0,0,0.5076982185089476,0.3480627094464276,0.5076982185089476,0.3480627094464276,1.0,1,0.64236449006605,84
3959,0,5884,5884,0,0,0,0,0.5017668717439951,0.3480627094464276,0.5017668717439951,0.3480627094464276,1.0,1,0.6496389246479529,83
3960,3,5887,5887,0,0,0,0,0.5086278323300963,0.3480627094464276,0.5086278323300963,0.3480627094464276,1.0,1,0.6513766490553731,84
3961,1,5888,5888,0,0,0,0,0.5030278159320083,0.3480627094464276,0.5030278159320083,0.3480627094464276,1.0,1,0.6608740903572874,83
3962,5,5893,5893,0,0,0,0,0.517543275694746,0.3208445452361753,0.517543275694746,0.3208445452361753,1.0,1,0.654194897872246,84
3963,2,5895,5895,0,0,0,0,0.521912388650498,0.3208445452361753,0.521912388650498,0.3208445452361753,1.0,1,0.6668801391226261,81
3964,0,5895,5895,0,0,0,0,0.5349250019386917,0.3208445452361753,0.5349250019386917,0.3208445452361753,1.0,1,0.6606306116395564,81
3965,2,5897,5897,0,0,0,0,0.5101592014646383,0.3208445452361753,0.5101592014646383,0.3208445452361753,1.0,1,0.6700684796174184,81
3966,3,5900,5900,0,0,0,0,0.5160785715165902,0.3208445452361753,0.5160785715165902,0.3208445452361753,1.0,1,0.6787298884408132,79
3967,2,5902,5902,0,0,0,0,0.49665494297671414,0.3208445452361753,0.49665494297671414,0.3208445452361753,1.0,1,0.6767765980878699,81
3968,2,5904,5904,0,0,0,0,0.5050912519173586,0.3208445452361753,0.5050912519173586,0.3208445452361753,1.0,1,0.6836064543007392,79
3969,3,5907,5907,0,0,0,0,0.47435942216302523,0.3208445452361753,0.47435942216302523,0.3208445452361753,1.0,1,0.6935486103992982,79
3970,1,5908,5908,0,0,0,0,0.4944444193926144,0.3208445452361753,0.4944444193926144,0.3208445452361753,1.0,1,0.6905640395245969,78
3971,0,5908,5908,0,0,0,0,0.4973908697332715,0.3208445452361753,0.4973908697332715,0.3208445452361753,1.0,1,0.6906814891379846,77
3972,2,5910,5910,0,0,0,0,0.5038345765315629,0.3208445452361753,0.5038345765315629,0.3208445452361753,1.0,1,0.6855649310035417,78
3973,0,5910,5910,0,0,0,0,0.5084821614736657,0.3208445452361753,0.5084821614736657,0.3208445452361753,1.0,1,0.6857335878144528,77
3974,0,5910,5910,0,0,0,0,0.5084821614736657,0.3208445452361753,0.5084821614736657,0.3208445452361753,1.0,1,0.6857335878144528,77
3975,0,5910,5910,0,0,0,0,0.502014821493056,0.3208445452361753,0.502014821493056,0.3208445452361753,1.0,1,0.6939283010146398,76
3976,0,5910,5910,0,0,0,0,0.4936187930285771,0.3208445452361753,0.4936187930285771,0.3208445452361753,1.0,1,0.6934358635815563,77
3977,2,5912,5912,0,0,0,0,0.4953387651210035,0.3319815728445389,0.4953387651210035,0.3319815728445389,1.0,1,0.6842691031051394,78
3978,2,5914,5914,0,0,0,0,0.5022729782464611,0.3406312422829196,0.5022729782464611,0.3406312422829196,1.0,1,0.6732079875404474,79
3979,3,5917,5917,0,0,0,0,0.5294660233325277,0.3569295879434263,0.5294660233325277,0.3569295879434263,1.0,1,0.6493466600173095,79
3980,2,5919,5919,0,0,0,0,0.5430793859507898,0.3552790267572277,0.5430793859507898,0.3552790267572277,1.0,1,0.6387735944016617,79
3981,2,5921,5921,0,0,0,0,0.5408602343387924,0.34164726925141314,0.5408602343387924,0.34164726925141314,1.0,1,0.632305826088541,83
3982,2,5923,5923,0,0,0,0,0.5536679356248341,0.3406003718503238,0.5536679356248341,0.3406003718503238,1.0,1,0.6262398692214087,83
3983,5,5928,5928,0,0,0,0,0.5708195967750608,0.35008397937530117,0.5708195967750608,0.35008397937530117,1.0,1,0.6148356868200084,82
3984,2,5930,5930,0,0,0,0,0.5643730175299464,0.33699418884873766,0.5643730175299464,0.33699418884873766,1.0,1,0.618406207531072,83
3985,2,5932,5932,0,0,0,0,0.5654783051117478,0.32322154792708735,0.5654783051117478,0.32322154792708735,1.0,1,0.6246691931697513,84
3986,5,5937,5937,0,0,0,0,0.5695911734137368,0.3093693609792106,0.5695911734137368,0.3093693609792106,1.0,1,0.6383109137260227,83
3987,2,5939,5939,0,0,0,0,0.574397194418115,0.32752140199414964,0.574397194418115,0.32752140199414964,1.0,1,0.6278897707046875,82
3988,2,5941,5941,0,0,0,0,0.5713605166187443,0.3162714466694225,0.5713605166187443,0.3162714466694225,1.0,1,0.629530317825409,83
3989,0,5941,5941,0,0,0,0,0.560776825671059,0.3162714466694225,0.560776825671059,0.3162714466694225,1.0,1,0.6393375333347562,81
3990,0,5941,5941,0,0,0,0,0.560776825671059,0.3162714466694225,0.560776825671059,0.3162714466694225,1.0,1,0.6393375333347562,81
3991,3,5944,5944,0,0,0,0,0.5800394386391927,0.3365126658420011,0.5800394386391927,0.3365126658420011,1.0,1,0.6244840350246901,79
3992,2,5946,5946,0,0,0,0,0.5683781306008056,0.3365126658420011,0.5683781306008056,0.3365126658420011,1.0,1,0.6246178687689674,81
3993,2,5948,5948,0,0,0,0,0.5371172698033639,0.3365126658420011,0.5371172698033639,0.3365126658420011,1.0,1,0.6357643597803591,80
3994,1,5949,5949,0,0,0,0,0.5237524303141461,0.3365126658420011,0.5237524303141461,0.3365126658420011,1.0,1,0.6388641807147888,80
3995,3,5952,5952,0,0,0,0,0.5019604161647253,0.3365126658420011,0.5019604161647253,0.3365126658420011,1.0,1,0.6452024308432565,81
3996,0,5952,5952,0,0,0,0,0.4845588788864581,0.3365126658420011,0.4845588788864581,0.3365126658420011,1.0,1,0.6611648441869548,80
3997,2,5954,5954,0,0,0,0,0.46941360277534677,0.3365126658420011,0.46941360277534677,0.3365126658420011,1.0,1,0.6683801319099033,81
3998,1,5955,5955,0,0,0,0,0.4764299330730635,0.3365126658420011,0.4764299330730635,0.3365126658420011,1.0,1,0.6614596141447464,82
3999,1,5956,5956,0,0,0,0,0.4757889791152487,0.3365126658420011,0.4757889791152487,0.3365126658420011,1.0,1,0.6637587054082503,82
4000,2,5958,5958,0,0,0,0,0.4660337493781854,0.3365126658420011,0.4660337493781854,0.3365126658420011,1.0,1,0.67084411571765,82
4001,1,5959,5959,0,0,0,0,0.4861073685626527,0.3365126658420011,0.4861073685626527,0.3365126658420011,1.0,1,0.6679917329090422,81
4002,3,5962,5962,0,0,0,0,0.49590667581434694,0.3365126658420011,0.49590667581434694,0.3365126658420011,1.0,1,0.6669564886670568,81
4003,2,5964,5964,0,0,0,0,0.4846761364997815,0.3365126658420011,0.4846761364997815,0.3365126658420011,1.0,1,0.6741108998878703,81
4004,3,5967,5967,0,0,0,0,0.4889033832331637,0.3516393267196041,0.4889033832331637,0.3516393267196041,1.0,1,0.6669585361066229,80
4005,1,5968,5968,0,0,0,0,0.4897887743342058,0.36128794892466914,0.4897887743342058,0.36128794892466914,1.0,1,0.666416438457317,78
4006,6,5974,5974,0,0,0,0,0.5039183723232263,0.35758770951381685,0.5039183723232263,0.35758770951381685,1.0,1,0.6673954608513016,76
4007,2,5976,5976,0,0,0,0,0.5084393098449972,0.37318278892601514,0.5084393098449972,0.37318278892601514,1.0,1,0.6633386344070977,75
4008,3,5979,5979,0,0,0,0,0.5152793834821932,0.3697224462856616,0.5152793834821932,0.3697224462856616,1.0,1,0.6643286115642953,74
4009,2,5981,5981,0,0,0,0,0.5103486265862912,0.3769130163690746,0.5103486265862912,0.3769130163690746,1.0,1,0.6628749745529684,75
4010,4,5985,5985,0,0,0,0,0.5232528141717613,0.34678698470236774,0.5232528141717613,0.34678698470236774,1.0,1,0.6733830727461225,75
4011,1,5986,5986,0,0,0,0,0.5443767328795495,0.34678698470236774,0.5443767328795495,0.34678698470236774,1.0,1,0.664862794545531,74
4012,1,5987,5987,0,0,0,0,0.5442952958484845,0.33627749078186664,0.5442952958484845,0.33627749078186664,1.0,1,0.6677686778560046,74
4013,2,5989,5989,0,0,0,0,0.559392272472881,0.32865782642041463,0.559392272472881,0.32865782642041463,1.0,1,0.6577455634680754,74
4014,0,5989,5989,0,0,0,0,0.553356550177989,0.32865782642041463,0.553356550177989,0.32865782642041463,1.0,1,0.662465042395496,73
4015,1,5990,5990,0,0,0,0,0.5461860563612023,0.3196602435179251,0.5461860563612023,0.3196602435179251,1.0,1,0.6631930074516219,74
4016,3,5993,5993,0,0,0,0,0.5451086749704208,0.2945919431866977,0.5451086749704208,0.2945919431866977,1.0,1,0.6669838525370997,74
4017,0,5993,5993,0,0,0,0,0.554467918042695,0.28448309361649715,0.554467918042695,0.28448309361649715,1.0,1,0.6547187586651356,78
4018,3,5996,5996,0,0,0,0,0.5519321770325679,0.2850107431789084,0.5519321770325679,0.2850107431789084,1.0,1,0.6592539905641067,78
4019,1,5997,5997,0,0,0,0,0.5519185622606076,0.2769029494960021,0.5519185622606076,0.2769029494960021,1.0,1,0.6624135328902597,78
4020,2,5999,5999,0,0,0,0,0.5646460596122321,0.28399894273081033,0.5646460596122321,0.28399894273081033,1.0,1,0.6546526721646321,78
4021,0,5999,5999,0,0,0,0,0.5646460596122321,0.28399894273081033,0.5646460596122321,0.28399894273081033,1.0,1,0.6546526721646321,78
4022,3,6002,6002,0,0,0,0,0.5672800440109563,0.29149832657153474,0.5672800440109563,0.29149832657153474,1.0,1,0.6488521036443768,79
4023,2,6004,6004,0,0,0,0,0.5784406940942717,0.2994832824841578,0.5784406940942717,0.2994832824841578,1.0,1,0.6447636932605441,78
4024,3,6007,6007,0,0,0,0,0.5631628403230206,0.30765654972163153,0.5631628403230206,0.30765654972163153,1.0,1,0.6521185738880442,77
4025,3,6010,6010,0,0,0,0,0.584331747869403,0.33003605679476894,0.584331747869403,0.33003605679476894,1.0,1,0.62911222895004,76
4026,1,6011,6011,0,0,0,0,0.5985242403154429,0.34280685312895015,0.5985242403154429,0.34280685312895015,1.0,1,0.6159791548176342,76
4027,4,6015,6015,0,0,0,0,0.5946735515128622,0.36562184894507044,0.5946735515128622,0.36562184894507044,1.0,1,0.6198207396139171,75
4028,1,6016,6016,0,0,0,0,0.59989797189503,0.3750765123969559,0.59989797189503,0.3750765123969559,1.0,1,0.611343538622373,76
4029,2,6018,6018,0,0,0,0,0.59706356894547,0.386352914619448,0.59706356894547,0.386352914619448,1.0,1,0.6204972828524176,75
4030,3,6021,6021,0,0,0,0,0.6147457864059396,0.4143318251343187,0.6147457864059396,0.4143318251343187,1.0,1,0.6180127481442791,74
4031,2,6023,6023,0,0,0,0,0.6331213091623057,0.4296567285779004,0.6331213091623057,0.4296567285779004,1.0,1,0.6087403751912619,73
4032,2,6025,6025,0,0,0,0,0.6664370635896277,0.45040474012604237,0.6664370635896277,0.45040474012604237,1.0,1,0.5985903146429061,71
4033,0,6025,6025,0,0,0,0,0.6605680655293844,0.45040474012604237,0.6605680655293844,0.45040474012604237,1.0,1,0.5930301591434943,73
4034,4,6029,6029,0,0,0,0,0.6823801521304158,0.45965540153886497,0.6823801521304158,0.45965540153886497,1.0,1,0.5785242038514751,72
4035,3,6032,6032,0,0,0,0,0.6805827558234453,0.4417680700718048,0.6805827558234453,0.4417680700718048,1.0,1,0.5927389281724229,71
4036,2,6034,6034,0,0,0,0,0.6554439466490867,0.4417680700718048,0.6554439466490867,0.4417680700718048,1.0,1,0.6032946152500319,71
4037,2,6036,6036,0,0,0,0,0.6485919094044853,0.4189314931065601,0.6485919094044853,0.4189314931065601,1.0,1,0.6195288235199837,70
4038,3,6039,6039,0,0,0,0,0.6453589856773401,0.4189314931065601,0.6453589856773401,0.4189314931065601,1.0,1,0.624955671444843,69
4039,0,6039,6039,0,0,0,0,0.652703424535507,0.4053266703290496,0.652703424535507,0.4053266703290496,1.0,1,0.6272798693955698,68
4040,4,6043,6043,0,0,0,0,0.6174031916165371,0.3598319827005349,0.6174031916165371,0.3598319827005349,1.0,1,0.648712563396589,69
4041,0,6043,6043,0,0,0,0,0.6179969674813462,0.3598319827005349,0.6179969674813462,0.3598319827005349,1.0,1,0.6587826739387456,67
4042,1,6044,6044,0,0,0,0,0.5964276201570157,0.35072930945539693,0.5964276201570157,0.35072930945539693,1.0,1,0.6623927765047827,67
4043,1,6045,6045,0,0,0,0,0.6065465641905516,0.35072930945539693,0.6065465641905516,0.35072930945539693,1.0,1,0.6711110344637803,66
4044,2,6047,6047,0,0,0,0,0.6001244239328655,0.3324223275940464,0.6001244239328655,0.3324223275940464,1.0,1,0.6842949487135414,65
4045,0,6047,6047,0,0,0,0,0.5941562928211844,0.3324223275940464,0.5941562928211844,0.3324223275940464,1.0,1,0.6815143438504395,66
4046,1,6048,6048,0,0,0,0,0.5748823764891405,0.3227872009332602,0.5748823764891405,0.3227872009332602,1.0,1,0.6816922696459427,68
4047,1,6049,6049,0,0,0,0,0.5731171958940458,0.3155140813153589,0.5731171958940458,0.3155140813153589,1.0,1,0.684188351712852,68
4048,1,6050,6050,0,0,0,0,0.5662455030519501,0.29463896580751503,0.5662455030519501,0.29463896580751503,1.0,1,0.6916596724981999,69
4049,1,6051,6051,0,0,0,0,0.5632393742153572,0.2894009364330114,0.5632393742153572,0.2894009364330114,1.0,1,0.6937748355403894,69
4050,0,6051,6051,0,0,0,0,0.5641723277598321,0.29550832181938974,0.5641723277598321,0.29550832181938974,1.0,1,0.6912690658455762,69
4051,1,6052,6052,0,0,0,0,0.5775165327926288,0.30168713522174306,0.5775165327926288,0.30168713522174306,1.0,1,0.6841234385247439,69
4052,1,6053,6053,0,0,0,0,0.592115235183051,0.30168713522174306,0.592115235183051,0.30168713522174306,1.0,1,0.677191816076887,69
4053,1,6054,6054,0,0,0,0,0.6054198915213824,0.3081491476501726,0.6054198915213824,0.3081491476501726,1.0,1,0.6700252383458495,69
4054,1,6055,6055,0,0,0,0,0.5884395387448946,0.3081491476501726,0.5884395387448946,0.3081491476501726,1.0,1,0.6773650618740104,70
4055,0,6055,6055,0,0,0,0,0.5884395387448946,0.3081491476501726,0.5884395387448946,0.3081491476501726,1.0,1,0.6773650618740104,70
4056,0,6055,6055,0,0,0,0,0.5884395387448946,0.3081491476501726,0.5884395387448946,0.3081491476501726,1.0,1,0.6773650618740104,70
4057,2,6057,6057,0,0,0,0,0.599131939837511,0.320445162797329,0.599131939837511,0.320445162797329,1.0,1,0.6602737092691539,71
4058,4,6061,6061,0,0,0,0,0.6165684219587507,0.34176284372072374,0.6165684219587507,0.34176284372072374,1.0,1,0.6334574891700494,71
4059,1,6062,6062,0,0,0,0,0.5946890505166184,0.34176284372072374,0.5946890505166184,0.34176284372072374,1.0,1,0.6378502991595137,72
4060,3,6065,6065,0,0,0,0,0.6039118660850582,0.3683888081161202,0.6039118660850582,0.3683888081161202,1.0,1,0.6149605417311358,71
4061,2,6067,6067,0,0,0,0,0.6041189887399426,0.3821931756247718,0.6041189887399426,0.3821931756247718,1.0,1,0.5947765281968702,72
4062,0,6067,6067,0,0,0,0,0.6041189887399426,0.3821931756247718,0.6041189887399426,0.3821931756247718,1.0,1,0.5947765281968702,72
4063,2,6069,6069,0,0,0,0,0.589902627408724,0.4016727879813423,0.589902627408724,0.4016727879813423,1.0,1,0.5957985137175381,72
4064,3,6072,6072,0,0,0,0,0.5822078298350593,0.3992015509809461,0.5822078298350593,0.3992015509809461,1.0,1,0.6064558135437267,71
4065,3,6075,6075,0,0,0,0,0.6083634284406098,0.41652991873837997,0.6083634284406098,0.41652991873837997,1.0,1,0.5963487194978961,70
4066,2,6077,6077,0,0,0,0,0.5759718850131663,0.41652991873837997,0.5759718850131663,0.41652991873837997,1.0,1,0.6181446462945561,70
4067,1,6078,6078,0,0,0,0,0.5788128116071569,0.41652991873837997,0.5788128116071569,0.41652991873837997,1.0,1,0.6341528344811476,68
4068,5,6083,6083,0,0,0,0,0.6356480476075234,0.3968805553432666,0.6356480476075234,0.3968805553432666,1.0,1,0.6078080514649913,70
4069,3,6086,6086,0,0,0,0,0.6667597581549451,0.3968805553432666,0.6667597581549451,0.3968805553432666,1.0,1,0.6085241468075986,68
4070,2,6088,6088,0,0,0,0,0.6761855779262277,0.3968805553432666,0.6761855779262277,0.3968805553432666,1.0,1,0.6105026445817998,67
4071,2,6090,6090,0,0,0,0,0.6714523399445664,0.37043495311473124,0.6714523399445664,0.37043495311473124,1.0,1,0.6211851101774107,68
4072,5,6095,6095,0,0,0,0,0.6501740157467334,0.3431120941689853,0.6501740157467334,0.3431120941689853,1.0,1,0.6330376587895457,70
4073,3,6098,6098,0,0,0,0,0.6210511189619284,0.3431120941689853,0.6210511189619284,0.3431120941689853,1.0,1,0.6502730304621395,70
4074,5,6103,6103,0,0,0,0,0.6553732398956955,0.32746860969605557,0.6553732398956955,0.32746860969605557,1.0,1,0.6268930609070493,71
4075,2,6105,6105,0,0,0,0,0.6362491715678962,0.3187330947962824,0.6362491715678962,0.3187330947962824,1.0,1,0.6331469261088848,72
4076,4,6109,6109,0,0,0,0,0.6312784619601712,0.29615834649189127,0.6312784619601712,0.29615834649189127,1.0,1,0.638391446610185,73
4077,1,6110,6110,0,0,0,0,0.6371138472057387,0.29615834649189127,0.6371138472057387,0.29615834649189127,1.0,1,0.6344983715784127,72
4078,3,6113,6113,0,0,0,0,0.638181154985012,0.28641283344266255,0.638181154985012,0.28641283344266255,1.0,1,0.6369904879271365,71
4079,4,6117,6117,0,0,0,0,0.6364878563755295,0.2958649058008338,0.6364878563755295,0.2958649058008338,1.0,1,0.6512285477196086,69
4080,1,6118,6118,0,0,0,0,0.6321682343735698,0.2958649058008338,0.6321682343735698,0.2958649058008338,1.0,1,0.652440521300109,67
4081,1,6119,6119,0,0,0,0,0.6265950258034725,0.2958649058008338,0.6265950258034725,0.2958649058008338,1.0,1,0.6581066479929782,66
4082,1,6120,6120,0,0,0,0,0.6348597460270176,0.3019377497575335,0.6348597460270176,0.3019377497575335,1.0,1,0.6603685037743641,65
4083,3,6123,6123,0,0,0,0,0.6095923895259322,0.3106476445415508,0.6095923895259322,0.3106476445415508,1.0,1,0.6804109886867816,64
4084,2,6125,6125,0,0,0,0,0.5962163107621666,0.3106476445415508,0.5962163107621666,0.3106476445415508,1.0,1,0.6964436768167158,64
4085,2,6127,6127,0,0,0,0,0.6169529783691594,0.32357149102205657,0.6169529783691594,0.32357149102205657,1.0,1,0.6747647255609149,65
4086,1,6128,6128,0,0,0,0,0.6063035437199005,0.32357149102205657,0.6063035437199005,0.32357149102205657,1.0,1,0.673852625018386,66
4087,1,6129,6129,0,0,0,0,0.619047199600704,0.32357149102205657,0.619047199600704,0.32357149102205657,1.0,1,0.6665983161462117,66
4088,0,6129,6129,0,0,0,0,0.6131863872868687,0.32357149102205657,0.6131863872868687,0.32357149102205657,1.0,1,0.6776068462971878,65
4089,1,6130,6130,0,0,0,0,0.6294366580234168,0.32357149102205657,0.6294366580234168,0.32357149102205657,1.0,1,0.6674398506455085,65
4090,0,6130,6130,0,0,0,0,0.6294366580234168,0.32357149102205657,0.6294366580234168,0.32357149102205657,1.0,1,0.6719347100890788,65
4091,1,6131,6131,0,0,0,0,0.651730610697185,0.32357149102205657,0.651730610697185,0.32357149102205657,1.0,1,0.6578566902706895,65
4092,0,6131,6131,0,0,0,0,0.6462889014893285,0.32357149102205657,0.6462889014893285,0.32357149102205657,1.0,1,0.6680452469081258,64
4093,0,6131,6131,0,0,0,0,0.6570074196260155,0.32357149102205657,0.6570074196260155,0.32357149102205657,1.0,1,0.6582964207652048,66
4094,2,6133,6133,0,0,0,0,0.62404616422036,0.3160716655150557,0.62404616422036,0.3160716655150557,1.0,1,0.6830498556678443,65
4095,3,6136,6136,0,0,0,0,0.5736202943869283,0.3080029375549003,0.5736202943869283,0.3080029375549003,1.0,1,0.70318463664876,65
4096,1,6137,6137,0,0,0,0,0.5559531511780026,0.30195472497982934,0.5559531511780026,0.30195472497982934,1.0,1,0.709171525304683,67
4097,3,6140,6140,0,0,0,0,0.509905511142317,0.30195472497982934,0.509905511142317,0.30195472497982934,1.0,1,0.7259828622394469,67
4098,4,6144,6144,0,0,0,0,0.4993856086737723,0.30268444010089,0.4993856086737723,0.30268444010089,1.0,1,0.7185918355873586,68
4099,0,6144,6144,0,0,0,0,0.4931768493996629,0.29624823950809376,0.4931768493996629,0.29624823950809376,1.0,1,0.7205177664014543,69
4100,3,6147,6147,0,0,0,0,0.5182379680834144,0.317404294208226,0.5182379680834144,0.317404294208226,1.0,1,0.697545096879075,70
4101,2,6149,6149,0,0,0,0,0.5129868898062221,0.3062773486042023,0.5129868898062221,0.3062773486042023,1.0,1,0.6949297085329206,71
4102,3,6152,6152,0,0,0,0,0.5276596541909442,0.2976038750979745,0.5276596541909442,0.2976038750979745,1.0,1,0.6997340428621053,71
4103,0,6152,6152,0,0,0,0,0.5276596541909442,0.2976038750979745,0.5276596541909442,0.2976038750979745,1.0,1,0.6989716777171455,71
4104,2,6154,6154,0,0,0,0,0.5288034917906185,0.30678128541493466,0.5288034917906185,0.30678128541493466,1.0,1,0.6994276644274559,69
4105,1,6155,6155,0,0,0,0,0.5283643122258745,0.31324449926775416,0.5283643122258745,0.31324449926775416,1.0,1,0.7064604451553277,67
4106,2,6157,6157,0,0,0,0,0.5333902230898668,0.333709057075233,0.5333902230898668,0.333709057075233,1.0,1,0.695424933432029,68
4107,0,6157,6157,0,0,0,0,0.5321705934067499,0.32303321802330315,0.5321705934067499,0.32303321802330315,1.0,1,0.6915850946002157,70
4108,2,6159,6159,0,0,0,0,0.5326606039120152,0.32952547140919053,0.5326606039120152,0.32952547140919053,1.0,1,0.691935257457375,70
4109,1,6160,6160,0,0,0,0,0.5388124372395577,0.32952547140919053,0.5388124372395577,0.32952547140919053,1.0,1,0.6933728833022813,69
4110,2,6162,6162,0,0,0,0,0.5514473760505096,0.33881446344283384,0.5514473760505096,0.33881446344283384,1.0,1,0.6781349843135197,71
4111,2,6164,6164,0,0,0,0,0.5729624743481586,0.3535172961123495,0.5729624743481586,0.3535172961123495,1.0,1,0.666882548029534,70
4112,3,6167,6167,0,0,0,0,0.5919457632921307,0.35456725166802133,0.5919457632921307,0.35456725166802133,1.0,1,0.6445954212210921,72
4113,1,6168,6168,0,0,0,0,0.5934091265279748,0.35456725166802133,0.5934091265279748,0.35456725166802133,1.0,1,0.6410207622756796,72
4114,2,6170,6170,0,0,0,0,0.6094624069343495,0.35456725166802133,0.6094624069343495,0.35456725166802133,1.0,1,0.6264479546563649,72
4115,1,6171,6171,0,0,0,0,0.6111765551117561,0.35456725166802133,0.6111765551117561,0.35456725166802133,1.0,1,0.6376644232232495,70
4116,2,6173,6173,0,0,0,0,0.643904225320318,0.35456725166802133,0.643904225320318,0.35456725166802133,1.0,1,0.641113656635041,67
4117,3,6176,6176,0,0,0,0,0.6436371872575977,0.35456725166802133,0.6436371872575977,0.35456725166802133,1.0,1,0.6447759816400738,67
4118,0,6176,6176,0,0,0,0,0.6513575881038712,0.35456725166802133,0.6513575881038712,0.35456725166802133,1.0,1,0.6454289905306924,66
4119,2,6178,6178,0,0,0,0,0.6316738838428991,0.35456725166802133,0.6316738838428991,0.35456725166802133,1.0,1,0.6439821932276474,67
4120,1,6179,6179,0,0,0,0,0.6243500761822757,0.35456725166802133,0.6243500761822757,0.35456725166802133,1.0,1,0.6575260895977216,64
4121,1,6180,6180,0,0,0,0,0.616014242828338,0.35456725166802133,0.616014242828338,0.35456725166802133,1.0,1,0.6643003716298165,63
4122,5,6185,6185,0,0,0,0,0.597181671938819,0.35456725166802133,0.597181671938819,0.35456725166802133,1.0,1,0.6742845871465178,63
4123,3,6188,6188,0,0,0,0,0.6059941427944701,0.35456725166802133,0.6059941427944701,0.35456725166802133,1.0,1,0.6865224946372088,61
4124,2,6190,6190,0,0,0,0,0.5721187766735467,0.35456725166802133,0.5721187766735467,0.35456725166802133,1.0,1,0.697480196976996,62
4125,0,6190,6190,0,0,0,0,0.5894689991289574,0.35456725166802133,0.5894689991289574,0.35456725166802133,1.0,1,0.6984089175563477,60
4126,2,6192,6192,0,0,0,0,0.6049395918264354,0.35456725166802133,0.6049395918264354,0.35456725166802133,1.0,1,0.7001452910289113,59
4127,1,6193,6193,0,0,0,0,0.5726473010214105,0.3446977881003276,0.5726473010214105,0.3446977881003276,1.0,1,0.7104685687054462,60
4128,2,6195,6195,0,0,0,0,0.594960984489638,0.33221744900498135,0.594960984489638,0.33221744900498135,1.0,1,0.7097549822197156,60
4129,0,6195,6195,0,0,0,0,0.5905697449833628,0.3193665134076648,0.5905697449833628,0.3193665134076648,1.0,1,0.7141129113092904,60
4130,1,6196,6196,0,0,0,0,0.5811672844648104,0.3193665134076648,0.5811672844648104,0.3193665134076648,1.0,1,0.7117066942534875,61
4131,0,6196,6196,0,0,0,0,0.5741867392058905,0.3193665134076648,0.5741867392058905,0.3193665134076648,1.0,1,0.7226173561882558,60
4132,2,6198,6198,0,0,0,0,0.5781640246831977,0.30720873143915,0.5781640246831977,0.30720873143915,1.0,1,0.7296070471147292,60
4133,2,6200,6200,0,0,0,0,0.5739114377245526,0.3172996079233827,0.5739114377245526,0.3172996079233827,1.0,1,0.7146751216531351,62
4134,1,6201,6201,0,0,0,0,0.565524218929282,0.307329337082318,0.565524218929282,0.307329337082318,1.0,1,0.7133104626288707,63
4135,2,6203,6203,0,0,0,0,0.5636398179107861,0.3109255896051858,0.5636398179107861,0.3109255896051858,1.0,1,0.697416585243956,65
4136,0,6203,6203,0,0,0,0,0.5636398179107861,0.3109255896051858,0.5636398179107861,0.3109255896051858,1.0,1,0.697416585243956,65
4137,1,6204,6204,0,0,0,0,0.571060977663896,0.3195613126942826,0.571060977663896,0.3195613126942826,1.0,1,0.6909967104926975,66
4138,5,6209,6209,0,0,0,0,0.5911262474153753,0.31685885398956953,0.5911262474153753,0.31685885398956953,1.0,1,0.6716031647990747,67
4139,1,6210,6210,0,0,0,0,0.5762439013769206,0.31685885398956953,0.5762439013769206,0.31685885398956953,1.0,1,0.6750324315657144,67
4140,2,6212,6212,0,0,0,0,0.6140839084430808,0.3459179582215149,0.6140839084430808,0.3459179582215149,1.0,1,0.6498744321622298,66
4141,3,6215,6215,0,0,0,0,0.6629563301655687,0.3555519285622438,0.6629563301655687,0.3555519285622438,1.0,1,0.6104916353382176,67
4142,0,6215,6215,0,0,0,0,0.6629563301655685,0.3555519285622438,0.6629563301655685,0.3555519285622438,1.0,1,0.6104916353382176,67
4143,4,6219,6219,0,0,0,0,0.6986923854644392,0.3555519285622438,0.6986923854644392,0.3555519285622438,1.0,1,0.591340103268066,66
4144,1,6220,6220,0,0,0,0,0.6892765225102029,0.3555519285622438,0.6892765225102029,0.3555519285622438,1.0,1,0.6124006581473092,64
4145,1,6221,6221,0,0,0,0,0.7013523381401103,0.3555519285622438,0.7013523381401103,0.3555519285622438,1.0,1,0.6090567205348975,63
4146,4,6225,6225,0,0,0,0,0.7163596344769582,0.37193919062755015,0.7163596344769582,0.37193919062755015,1.0,1,0.605301107981974,62
4147,0,6225,6225,0,0,0,0,0.70690495562619,0.37193919062755015,0.70690495562619,0.37193919062755015,1.0,1,0.6155302814665278,60
4148,2,6227,6227,0,0,0,0,0.6995542263784299,0.37193919062755015,0.6995542263784299,0.37193919062755015,1.0,1,0.6210416826292711,62
4149,3,6230,6230,0,0,0,0,0.6739667916250304,0.37816368398920575,0.6739667916250304,0.37816368398920575,1.0,1,0.6295377175371559,61
4150,3,6233,6233,0,0,0,0,0.6457617230154774,0.37816368398920575,0.6457617230154774,0.37816368398920575,1.0,1,0.6474821998946192,60
4151,1,6234,6234,0,0,0,0,0.6457617230154774,0.37816368398920575,0.6457617230154774,0.37816368398920575,1.0,1,0.6593877170663194,60
4152,3,6237,6237,0,0,0,0,0.6368122255937395,0.39082128134929783,0.6368122255937395,0.39082128134929783,1.0,1,0.6684280821347488,60
4153,1,6238,6238,0,0,0,0,0.6600331381097628,0.3732910402539506,0.6600331381097628,0.3732910402539506,1.0,1,0.6733311922217836,58
4154,2,6240,6240,0,0,0,0,0.6357477711295245,0.3732910402539506,0.6357477711295245,0.3732910402539506,1.0,1,0.6822993604361305,57
4155,1,6241,6241,0,0,0,0,0.6519832741880023,0.362795632276042,0.6519832741880023,0.362795632276042,1.0,1,0.6728076309794974,57
4156,3,6244,6244,0,0,0,0,0.6233054686093272,0.33849168646860955,0.6233054686093272,0.33849168646860955,1.0,1,0.6889014289807991,58
4157,0,6244,6244,0,0,0,0,0.6355246781769457,0.33849168646860955,0.6355246781769457,0.33849168646860955,1.0,1,0.6893180726236199,57
4158,1,6245,6245,0,0,0,0,0.6271498596459435,0.33849168646860955,0.6271498596459435,0.33849168646860955,1.0,1,0.7074836386437405,55
4159,0,6245,6245,0,0,0,0,0.6237320328600715,0.32977268353200223,0.6237320328600715,0.32977268353200223,1.0,1,0.7018555033910111,57
4160,2,6247,6247,0,0,0,0,0.6266463384623667,0.3377731102915936,0.6266463384623667,0.3377731102915936,1.0,1,0.6993675614909518,58
4161,2,6249,6249,0,0,0,0,0.6274805316533419,0.349855336921394,0.6274805316533419,0.349855336921394,1.0,1,0.6946533500951988,58
4162,2,6251,6251,0,0,0,0,0.6432189699593589,0.363723711629124,0.6432189699593589,0.363723711629124,1.0,1,0.6894272632394728,57
4163,1,6252,6252,0,0,0,0,0.6341519290448052,0.363723711629124,0.6341519290448052,0.363723711629124,1.0,1,0.6813548763765667,58
4164,4,6256,6256,0,0,0,0,0.6405842282549221,0.3629379802386478,0.6405842282549221,0.3629379802386478,1.0,1,0.6937584226551952,56
4165,0,6256,6256,0,0,0,0,0.6368849601971222,0.3698166521427339,0.6368849601971222,0.3698166521427339,1.0,1,0.6849626432239968,58
4166,2,6258,6258,0,0,0,0,0.680800468899086,0.3994726090751993,0.680800468899086,0.3994726090751993,1.0,1,0.668429889964373,57
4167,3,6261,6261,0,0,0,0,0.6708994431295532,0.3793270806456927,0.6708994431295532,0.3793270806456927,1.0,1,0.6654450004829544,57
4168,1,6262,6262,0,0,0,0,0.6765735906618022,0.3793270806456927,0.6765735906618022,0.3793270806456927,1.0,1,0.6494643937645775,58
4169,0,6262,6262,0,0,0,0,0.6765735906618022,0.3793270806456927,0.6765735906618022,0.3793270806456927,1.0,1,0.6494643937645775,58
4170,2,6264,6264,0,0,0,0,0.670159980635065,0.3793270806456927,0.670159980635065,0.3793270806456927,1.0,1,0.6499637178909317,58
4171,0,6264,6264,0,0,0,0,0.6643733136286625,0.3793270806456927,0.6643733136286625,0.3793270806456927,1.0,1,0.6632142730278668,57
4172,1,6265,6265,0,0,0,0,0.6643733136286625,0.3793270806456927,0.6643733136286625,0.3793270806456927,1.0,1,0.6531861097121858,57
4173,0,6265,6265,0,0,0,0,0.65837997994346,0.3793270806456927,0.65837997994346,0.3793270806456927,1.0,1,0.6664705834989241,56
4174,1,6266,6266,0,0,0,0,0.65837997994346,0.3793270806456927,0.65837997994346,0.3793270806456927,1.0,1,0.6695837605776679,56
4175,0,6266,6266,0,0,0,0,0.652168706851523,0.3793270806456927,0.652168706851523,0.3793270806456927,1.0,1,0.6853623510601258,55
4176,2,6268,6268,0,0,0,0,0.6291230908123913,0.3793270806456927,0.6291230908123913,0.3793270806456927,1.0,1,0.6908870292040649,57
4177,0,6268,6268,0,0,0,0,0.6168436498430917,0.36391336177726985,0.6168436498430917,0.36391336177726985,1.0,1,0.6949554269223739,58
4178,4,6272,6272,0,0,0,0,0.5811593667841282,0.3478433590328863,0.5811593667841282,0.3478433590328863,1.0,1,0.7057102589969876,60
4179,2,6274,6274,0,0,0,0,0.6037316658608233,0.35804045801606676,0.6037316658608233,0.35804045801606676,1.0,1,0.6894118210836263,61
4180,3,6277,6277,0,0,0,0,0.6431299667628039,0.38527285936662947,0.6431299667628039,0.38527285936662947,1.0,1,0.6428440277216707,62
4181,1,6278,6278,0,0,0,0,0.6499489245671115,0.39713030535203314,0.6499489245671115,0.39713030535203314,1.0,1,0.6287038133761318,63
4182,2,6280,6280,0,0,0,0,0.682708899367885,0.41551263968825974,0.682708899367885,0.41551263968825974,1.0,1,0.6124084675052517,63
4183,2,6282,6282,0,0,0,0,0.6984080030138413,0.4236771636057547,0.6984080030138413,0.4236771636057547,1.0,1,0.5990736374520211,63
4184,2,6284,6284,0,0,0,0,0.6816620036922325,0.3880700053419494,0.6816620036922325,0.3880700053419494,1.0,1,0.6223131285999711,63
4185,0,6284,6284,0,0,0,0,0.6712246923378795,0.3880700053419494,0.6712246923378795,0.3880700053419494,1.0,1,0.6359217122525553,61
4186,2,6286,6286,0,0,0,0,0.6770161039088826,0.3720199421913367,0.6770161039088826,0.3720199421913367,1.0,1,0.6336755890668314,62
4187,0,6286,6286,0,0,0,0,0.6662499740391786,0.3720199421913367,0.6662499740391786,0.3720199421913367,1.0,1,0.6490695861866812,60
4188,5,6291,6291,0,0,0,0,0.6443420867148488,0.36910365622485086,0.6443420867148488,0.36910365622485086,1.0,1,0.6599716200100942,60
4189,1,6292,6292,0,0,0,0,0.6311221993457654,0.36910365622485086,0.6311221993457654,0.36910365622485086,1.0,1,0.6627629386389997,60
4190,1,6293,6293,0,0,0,0,0.6358669400497441,0.3784803543602048,0.6358669400497441,0.3784803543602048,1.0,1,0.6525618775828429,61
4191,2,6295,6295,0,0,0,0,0.6314528740933918,0.3784803543602048,0.6314528740933918,0.3784803543602048,1.0,1,0.6581100533975138,59
4192,2,6297,6297,0,0,0,0,0.6584028260288584,0.3951051565827554,0.6584028260288584,0.3951051565827554,1.0,1,0.642724151465442,58
4193,3,6300,6300,0,0,0,0,0.6140484113523196,0.3951051565827554,0.6140484113523196,0.3951051565827554,1.0,1,0.6701767257877708,57
4194,1,6301,6301,0,0,0,0,0.6421692473758698,0.4092609716662892,0.6421692473758698,0.4092609716662892,1.0,1,0.6545319455781657,54
4195,2,6303,6303,0,0,0,0,0.6138327823706827,0.3909575695818408,0.6138327823706827,0.3909575695818408,1.0,1,0.6695194013174366,55
4196,1,6304,6304,0,0,0,0,0.6554322005899242,0.3756903319678016,0.6554322005899242,0.3756903319678016,1.0,1,0.6599654373893398,56
4197,1,6305,6305,0,0,0,0,0.6618752071329148,0.3756903319678016,0.6618752071329148,0.3756903319678016,1.0,1,0.6562673206318466,55
4198,1,6306,6306,0,0,0,0,0.6505503187315583,0.34769392829890894,0.6505503187315583,0.34769392829890894,1.0,1,0.6603216283160679,56
4199,2,6308,6308,0,0,0,0,0.6240099012992214,0.3329207926276511,0.6240099012992214,0.3329207926276511,1.0,1,0.6809325023718475,55
4200,0,6308,6308,0,0,0,0,0.6240099012992215,0.3329207926276511,0.6240099012992215,0.3329207926276511,1.0,1,0.6809737261192524,55
4201,0,6308,6308,0,0,0,0,0.6307240102045926,0.3329207926276511,0.6307240102045926,0.3329207926276511,1.0,1,0.6807313309201213,56
4202,0,6308,6308,0,0,0,0,0.6307240102045926,0.3329207926276511,0.6307240102045926,0.3329207926276511,1.0,1,0.6807313309201213,56
4203,0,6308,6308,0,0,0,0,0.620140987642337,0.3233761342379128,0.620140987642337,0.3233761342379128,1.0,1,0.6841071697711264,57
4204,1,6309,6309,0,0,0,0,0.620140987642337,0.3233761342379128,0.620140987642337,0.3233761342379128,1.0,1,0.6779676850442917,57
4205,1,6310,6310,0,0,0,0,0.6266902809588485,0.3233761342379128,0.6266902809588485,0.3233761342379128,1.0,1,0.6644687956323465,58
4206,2,6312,6312,0,0,0,0,0.6266902809588485,0.3233761342379128,0.6266902809588485,0.3233761342379128,1.0,1,0.6773101644939651,58
4207,2,6314,6314,0,0,0,0,0.6266902809588484,0.3233761342379128,0.6266902809588484,0.3233761342379128,1.0,1,0.6887615169080938,58
4208,1,6315,6315,0,0,0,0,0.6185000844408813,0.314104444814144,0.6185000844408813,0.314104444814144,1.0,1,0.6917864509116076,60
4209,3,6318,6318,0,0,0,0,0.584589319610506,0.314104444814144,0.584589319610506,0.314104444814144,1.0,1,0.7175423910823696,61
4210,1,6319,6319,0,0,0,0,0.5771733059459189,0.314104444814144,0.5771733059459189,0.314104444814144,1.0,1,0.709853968131372,62
4211,0,6319,6319,0,0,0,0,0.5645848528774989,0.314104444814144,0.5645848528774989,0.314104444814144,1.0,1,0.7047554143848735,63
4212,1,6320,6320,0,0,0,0,0.5733734689786119,0.3032536442650841,0.5733734689786119,0.3032536442650841,1.0,1,0.7002528702065933,64
4213,1,6321,6321,0,0,0,0,0.5997826310318338,0.3032536442650841,0.5997826310318338,0.3032536442650841,1.0,1,0.680643984102699,65
4214,0,6321,6321,0,0,0,0,0.5971422851550793,0.314104444814144,0.5971422851550793,0.314104444814144,1.0,1,0.6765969291742777,65
4215,0,6321,6321,0,0,0,0,0.5971422851550793,0.314104444814144,0.5971422851550793,0.314104444814144,1.0,1,0.6765969291742777,65
4216,0,6321,6321,0,0,0,0,0.5908476333606274,0.314104444814144,0.5908476333606274,0.314104444814144,1.0,1,0.6898451677331956,64
4217,1,6322,6322,0,0,0,0,0.58003870883295,0.314104444814144,0.58003870883295,0.314104444814144,1.0,1,0.6871813126586045,65
4218,1,6323,6323,0,0,0,0,0.5963543483553473,0.3258113514944557,0.5963543483553473,0.3258113514944557,1.0,1,0.674973676483325,65
4219,1,6324,6324,0,0,0,0,0.612597742501538,0.3381220602362893,0.612597742501538,0.3381220602362893,1.0,1,0.6630482737914977,65
4220,2,6326,6326,0,0,0,0,0.6455287782535053,0.35043852797301206,0.6455287782535053,0.35043852797301206,1.0,1,0.6409630160683985,65
4221,1,6327,6327,0,0,0,0,0.6262881974706089,0.32588821920931443,0.6262881974706089,0.32588821920931443,1.0,1,0.649182031333036,67
4222,0,6327,6327,0,0,0,0,0.6190670273599426,0.32588821920931443,0.6190670273599426,0.32588821920931443,1.0,1,0.6493935891826512,68
4223,0,6327,6327,0,0,0,0,0.6053338423949223,0.3180171647598993,0.6053338423949223,0.3180171647598993,1.0,1,0.6597222691558283,68
4224,1,6328,6328,0,0,0,0,0.6053338423949223,0.3180171647598993,0.6053338423949223,0.3180171647598993,1.0,1,0.6698107471578267,68
4225,1,6329,6329,0,0,0,0,0.6039948614159333,0.3298375681814754,0.6039948614159333,0.3298375681814754,1.0,1,0.6777041281343824,66
4226,0,6329,6329,0,0,0,0,0.6039948614159332,0.3298375681814754,0.6039948614159332,0.3298375681814754,1.0,1,0.6773817094120637,66
4227,1,6330,6330,0,0,0,0,0.589934701718624,0.3298375681814754,0.589934701718624,0.3298375681814754,1.0,1,0.6804543412403041,66
4228,1,6331,6331,0,0,0,0,0.5887147471065498,0.3298375681814754,0.5887147471065498,0.3298375681814754,1.0,1,0.6834768608782482,65
4229,1,6332,6332,0,0,0,0,0.5943922099157253,0.3298375681814754,0.5943922099157253,0.3298375681814754,1.0,1,0.6781000817860585,65
4230,1,6333,6333,0,0,0,0,0.5859015531529471,0.3298375681814754,0.5859015531529471,0.3298375681814754,1.0,1,0.685972421632314,64
4231,1,6334,6334,0,0,0,0,0.5688510443284381,0.3298375681814754,0.5688510443284381,0.3298375681814754,1.0,1,0.6908094665282692,64
4232,1,6335,6335,0,0,0,0,0.5588146704289999,0.3298375681814754,0.5588146704289999,0.3298375681814754,1.0,1,0.6888719802397953,65
4233,0,6335,6335,0,0,0,0,0.5687862315735696,0.3298375681814754,0.5687862315735696,0.3298375681814754,1.0,1,0.689255937877062,64
4234,3,6338,6338,0,0,0,0,0.576092400152081,0.3298375681814754,0.576092400152081,0.3298375681814754,1.0,1,0.690981282584046,63
4235,2,6340,6340,0,0,0,0,0.576092400152081,0.3298375681814754,0.576092400152081,0.3298375681814754,1.0,1,0.7024963485437429,63
4236,0,6340,6340,0,0,0,0,0.5760924001520811,0.3298375681814754,0.5760924001520811,0.3298375681814754,1.0,1,0.7024963485437429,63
4237,2,6342,6342,0,0,0,0,0.5449634570008988,0.31696388771296585,0.5449634570008988,0.31696388771296585,1.0,1,0.7117142756614488,65
4238,0,6342,6342,0,0,0,0,0.5449634570008988,0.31696388771296585,0.5449634570008988,0.31696388771296585,1.0,1,0.7117142756614488,65
4239,0,6342,6342,0,0,0,0,0.5449634570008988,0.31696388771296585,0.5449634570008988,0.31696388771296585,1.0,1,0.7117142756614488,65
4240,1,6343,6343,0,0,0,0,0.5349444107453769,0.31696388771296585,0.5349444107453769,0.31696388771296585,1.0,1,0.7059360135288854,66
4241,0,6343,6343,0,0,0,0,0.5349444107453769,0.31696388771296585,0.5349444107453769,0.31696388771296585,1.0,1,0.7059360135288854,66
4242,1,6344,6344,0,0,0,0,0.5247300785776556,0.31696388771296585,0.5247300785776556,0.31696388771296585,1.0,1,0.689006107747366,69
4243,0,6344,6344,0,0,0,0,0.5125417341934821,0.3079417514101732,0.5125417341934821,0.3079417514101732,1.0,1,0.6915025929275063,71
4244,0,6344,6344,0,0,0,0,0.512541734193482,0.3079417514101732,0.512541734193482,0.3079417514101732,1.0,1,0.6915025929275063,71
4245,2,6346,6346,0,0,0,0,0.5126932200193985,0.3226890914930248,0.5126932200193985,0.3226890914930248,1.0,1,0.6719550214299378,73
4246,0,6346,6346,0,0,0,0,0.5192784467758931,0.3226890914930248,0.5192784467758931,0.3226890914930248,1.0,1,0.6669623527989365,74
4247,0,6346,6346,0,0,0,0,0.5192784467758931,0.3226890914930248,0.5192784467758931,0.3226890914930248,1.0,1,0.6669623527989365,74
4248,1,6347,6347,0,0,0,0,0.5202747782313905,0.3315273081140136,0.5202747782313905,0.3315273081140136,1.0,1,0.6617608815558942,74
4249,0,6347,6347,0,0,0,0,0.5202747782313905,0.3315273081140136,0.5202747782313905,0.3315273081140136,1.0,1,0.6617608815558942,74
4250,0,6347,6347,0,0,0,0,0.5202747782313905,0.3315273081140136,0.5202747782313905,0.3315273081140136,1.0,1,0.6617608815558942,74
4251,4,6351,6351,0,0,0,0,0.527462947058982,0.34307492532647704,0.527462947058982,0.34307492532647704,1.0,1,0.6474399759911872,75
4252,1,6352,6352,0,0,0,0,0.5287360250059596,0.35110221924190843,0.5287360250059596,0.35110221924190843,1.0,1,0.6432868164594396,75
4253,2,6354,6354,0,0,0,0,0.5318545014903447,0.3402076909496364,0.5318545014903447,0.3402076909496364,1.0,1,0.6430184496197014,76
4254,1,6355,6355,0,0,0,0,0.5259165060922271,0.32874102685765433,0.5259165060922271,0.32874102685765433,1.0,1,0.6516110272977639,75
4255,1,6356,6356,0,0,0,0,0.5439550709736446,0.32874102685765433,0.5439550709736446,0.32874102685765433,1.0,1,0.6421523987177506,76
4256,2,6358,6358,0,0,0,0,0.553073354958359,0.3188394148906809,0.553073354958359,0.3188394148906809,1.0,1,0.6320180618649144,78
4257,3,6361,6361,0,0,0,0,0.5696997780726394,0.34327487631973996,0.5696997780726394,0.34327487631973996,1.0,1,0.6104386122895177,78
4258,1,6362,6362,0,0,0,0,0.5741730955385524,0.34327487631973996,0.5741730955385524,0.34327487631973996,1.0,1,0.6132440150492553,77
4259,3,6365,6365,0,0,0,0,0.6013710077663895,0.34928825148775294,0.6013710077663895,0.34928825148775294,1.0,1,0.5957428614935603,78
4260,1,6366,6366,0,0,0,0,0.6114302878654088,0.34928825148775294,0.6114302878654088,0.34928825148775294,1.0,1,0.5927505002149962,77
4261,6,6372,6372,0,0,0,0,0.5797112434465199,0.3393588277616481,0.5797112434465199,0.3393588277616481,1.0,1,0.6163709419964641,76
4262,1,6373,6373,0,0,0,0,0.5756321339600583,0.3515919445777124,0.5756321339600583,0.3515919445777124,1.0,1,0.6133625850047163,75
4263,4,6377,6377,0,0,0,0,0.5839054766819356,0.3647572984904927,0.5839054766819356,0.3647572984904927,1.0,1,0.6056756528944061,74
4264,1,6378,6378,0,0,0,0,0.5708721755908116,0.36756020827733604,0.5708721755908116,0.36756020827733604,1.0,1,0.6129183739654298,74
4265,3,6381,6381,0,0,0,0,0.5636083900279961,0.3777285945341765,0.5636083900279961,0.3777285945341765,1.0,1,0.6243663062857525,73
4266,2,6383,6383,0,0,0,0,0.5522291109106079,0.3777285945341765,0.5522291109106079,0.3777285945341765,1.0,1,0.6477728085076976,71
4267,2,6385,6385,0,0,0,0,0.5528250721990627,0.3777285945341765,0.5528250721990627,0.3777285945341765,1.0,1,0.6579190107874593,69
4268,1,6386,6386,0,0,0,0,0.5374893323248245,0.3777285945341765,0.5374893323248245,0.3777285945341765,1.0,1,0.6802033282676192,67
4269,2,6388,6388,0,0,0,0,0.5341196057997043,0.3777285945341765,0.5341196057997043,0.3777285945341765,1.0,1,0.7002020758131623,64
4270,0,6388,6388,0,0,0,0,0.5432167791545484,0.3777285945341765,0.5432167791545484,0.3777285945341765,1.0,1,0.6932699978934281,63
4271,3,6391,6391,0,0,0,0,0.49255570018879014,0.3777285945341765,0.49255570018879014,0.3777285945341765,1.0,1,0.7092533051772381,63
4272,0,6391,6391,0,0,0,0,0.520207530576995,0.3777285945341765,0.520207530576995,0.3777285945341765,1.0,1,0.7015962378983459,62
4273,0,6391,6391,0,0,0,0,0.520207530576995,0.3777285945341765,0.520207530576995,0.3777285945341765,1.0,1,0.7015962378983459,62
4274,1,6392,6392,0,0,0,0,0.5524329271794489,0.3895154929162298,0.5524329271794489,0.3895154929162298,1.0,1,0.6864667483007755,62
4275,1,6393,6393,0,0,0,0,0.5624748122784804,0.37616498711129714,0.5624748122784804,0.37616498711129714,1.0,1,0.6903628810256516,61
4276,0,6393,6393,0,0,0,0,0.5538103704277992,0.37616498711129714,0.5538103704277992,0.37616498711129714,1.0,1,0.6899929767647603,62
4277,1,6394,6394,0,0,0,0,0.5584080436403813,0.3707671865188996,0.5584080436403813,0.3707671865188996,1.0,1,0.6886060576752749,63
4278,4,6398,6398,0,0,0,0,0.5822807298679656,0.3596119940693816,0.5822807298679656,0.3596119940693816,1.0,1,0.6762326390357801,64
4279,0,6398,6398,0,0,0,0,0.5725287142991232,0.3463470819346664,0.5725287142991232,0.3463470819346664,1.0,1,0.6799202621264142,65
4280,3,6401,6401,0,0,0,0,0.5718129392895687,0.3258382880780417,0.5718129392895687,0.3258382880780417,1.0,1,0.683597058906592,65
4281,0,6401,6401,0,0,0,0,0.5718129392895688,0.3258382880780417,0.5718129392895688,0.3258382880780417,1.0,1,0.6825511172318889,65
4282,2,6403,6403,0,0,0,0,0.5617731673695981,0.31148547506790614,0.5617731673695981,0.31148547506790614,1.0,1,0.6918874947189738,66
4283,1,6404,6404,0,0,0,0,0.549251934992904,0.31148547506790614,0.549251934992904,0.31148547506790614,1.0,1,0.6934847327857053,66
4284,2,6406,6406,0,0,0,0,0.5620787375342221,0.31148547506790614,0.5620787375342221,0.31148547506790614,1.0,1,0.6958907945969387,66
4285,1,6407,6407,0,0,0,0,0.5559563401634022,0.30061024749330434,0.5559563401634022,0.30061024749330434,1.0,1,0.6995945631181265,67
4286,0,6407,6407,0,0,0,0,0.5559563401634023,0.30061024749330434,0.5559563401634023,0.30061024749330434,1.0,1,0.706228825534751,67
4287,1,6408,6408,0,0,0,0,0.539449180007556,0.2896213291707367,0.539449180007556,0.2896213291707367,1.0,1,0.7151653779446204,67
4288,2,6410,6410,0,0,0,0,0.5462219861839155,0.2896213291707367,0.5462219861839155,0.2896213291707367,1.0,1,0.7096824961446031,68
4289,0,6410,6410,0,0,0,0,0.5486506474993191,0.29408481483147847,0.5486506474993191,0.29408481483147847,1.0,1,0.7081957102061431,68
4290,1,6411,6411,0,0,0,0,0.5470966819456639,0.29408481483147847,0.5470966819456639,0.29408481483147847,1.0,1,0.7013494508478987,70
4291,0,6411,6411,0,0,0,0,0.5534756019182601,0.29408481483147847,0.5534756019182601,0.29408481483147847,1.0,1,0.6939006851172607,71
4292,0,6411,6411,0,0,0,0,0.5534756019182601,0.29408481483147847,0.5534756019182601,0.29408481483147847,1.0,1,0.6939006851172607,71
4293,0,6411,6411,0,0,0,0,0.5534756019182602,0.29408481483147847,0.5534756019182602,0.29408481483147847,1.0,1,0.6939006851172607,71
4294,1,6412,6412,0,0,0,0,0.5464266275064146,0.29408481483147847,0.5464266275064146,0.29408481483147847,1.0,1,0.6995494087091584,71
4295,0,6412,6412,0,0,0,0,0.5378211664438741,0.29408481483147847,0.5378211664438741,0.29408481483147847,1.0,1,0.6990187873522896,72
4296,1,6413,6413,0,0,0,0,0.5289784247135663,0.2838237952385448,0.5289784247135663,0.2838237952385448,1.0,1,0.7024473461625182,73
4297,0,6413,6413,0,0,0,0,0.5289784247135663,0.2838237952385448,0.5289784247135663,0.2838237952385448,1.0,1,0.7024473461625182,73
4298,2,6415,6415,0,0,0,0,0.5498426414497787,0.2934658022231889,0.5498426414497787,0.2934658022231889,1.0,1,0.6757505783394245,74
4299,1,6416,6416,0,0,0,0,0.5578973963423556,0.2997803812716802,0.5578973963423556,0.2997803812716802,1.0,1,0.6629311087608185,75
4300,2,6418,6418,0,0,0,0,0.5832026288574385,0.31441135777681495,0.5832026288574385,0.31441135777681495,1.0,1,0.6446480609688741,75
4301,2,6420,6420,0,0,0,0,0.5898413329314893,0.32441535684162537,0.5898413329314893,0.32441535684162537,1.0,1,0.6381682345783155,76
4302,2,6422,6422,0,0,0,0,0.5894114901883241,0.32441535684162537,0.5894114901883241,0.32441535684162537,1.0,1,0.6463599714516829,76
4303,1,6423,6423,0,0,0,0,0.5840363132758322,0.3343072150636155,0.5840363132758322,0.3343072150636155,1.0,1,0.6491866243573191,75
4304,2,6425,6425,0,0,0,0,0.5734459356847922,0.3343072150636155,0.5734459356847922,0.3343072150636155,1.0,1,0.6554190661571823,75
4305,3,6428,6428,0,0,0,0,0.572634939132552,0.33772663691357774,0.572634939132552,0.33772663691357774,1.0,1,0.6619964047091605,73
4306,4,6432,6432,0,0,0,0,0.5410529479410765,0.3264656600989101,0.5410529479410765,0.3264656600989101,1.0,1,0.667647844949502,74
4307,4,6436,6436,0,0,0,0,0.5604617157226228,0.3422233216349365,0.5604617157226228,0.3422233216349365,1.0,1,0.6489253971299245,73
4308,3,6439,6439,0,0,0,0,0.5872642205377399,0.332953688519081,0.5872642205377399,0.332953688519081,1.0,1,0.6382587542693332,71
4309,4,6443,6443,0,0,0,0,0.5650115992792557,0.32166956232076127,0.5650115992792557,0.32166956232076127,1.0,1,0.6590617091007164,70
4310,2,6445,6445,0,0,0,0,0.603303673912098,0.3349133287744754,0.603303673912098,0.3349133287744754,1.0,1,0.6247776046847977,69
4311,4,6449,6449,0,0,0,0,0.6171435675259095,0.34085024063729946,0.6171435675259095,0.34085024063729946,1.0,1,0.6200502308559948,69
4312,4,6453,6453,0,0,0,0,0.6593611367872232,0.34822432178785395,0.6593611367872232,0.34822432178785395,1.0,1,0.6055352992353206,66
4313,2,6455,6455,0,0,0,0,0.632388479783127,0.34822432178785395,0.632388479783127,0.34822432178785395,1.0,1,0.632270599687807,64
4314,1,6456,6456,0,0,0,0,0.6308759911164835,0.34822432178785395,0.6308759911164835,0.34822432178785395,1.0,1,0.6437420441017735,61
4315,5,6461,6461,0,0,0,0,0.6168697880120363,0.34822432178785395,0.6168697880120363,0.34822432178785395,1.0,1,0.66266848700794,61
4316,3,6464,6464,0,0,0,0,0.5955953217069857,0.34822432178785395,0.5955953217069857,0.34822432178785395,1.0,1,0.696749674286549,60
4317,1,6465,6465,0,0,0,0,0.5955386764520133,0.34822432178785395,0.5955386764520133,0.34822432178785395,1.0,1,0.6938842065635528,62
4318,1,6466,6466,0,0,0,0,0.6081978168703727,0.34822432178785395,0.6081978168703727,0.34822432178785395,1.0,1,0.7023020363423,59
4319,0,6466,6466,0,0,0,0,0.6147278532558664,0.34822432178785395,0.6147278532558664,0.34822432178785395,1.0,1,0.6966737026355455,60
4320,0,6466,6466,0,0,0,0,0.6147278532558664,0.34822432178785395,0.6147278532558664,0.34822432178785395,1.0,1,0.6966737026355455,60
4321,2,6468,6468,0,0,0,0,0.620056618862243,0.337474750716695,0.620056618862243,0.337474750716695,1.0,1,0.683021411389173,61
4322,2,6470,6470,0,0,0,0,0.6183411630690256,0.31525914550619305,0.6183411630690256,0.31525914550619305,1.0,1,0.6911892677859026,61
4323,0,6470,6470,0,0,0,0,0.6183411630690258,0.31525914550619305,0.6183411630690258,0.31525914550619305,1.0,1,0.6911892677859026,61
4324,0,6470,6470,0,0,0,0,0.6119801824535094,0.31525914550619305,0.6119801824535094,0.31525914550619305,1.0,1,0.6985585821001292,60
4325,0,6470,6470,0,0,0,0,0.6119801824535094,0.31525914550619305,0.6119801824535094,0.31525914550619305,1.0,1,0.6985585821001292,60
4326,2,6472,6472,0,0,0,0,0.6294071646123353,0.32790253792089635,0.6294071646123353,0.32790253792089635,1.0,1,0.685984098859219,61
4327,1,6473,6473,0,0,0,0,0.6195245068774378,0.335331422782117,0.6195245068774378,0.335331422782117,1.0,1,0.6797027078519574,62
4328,1,6474,6474,0,0,0,0,0.6193036979318547,0.3447357935409837,0.6193036979318547,0.3447357935409837,1.0,1,0.6757081201598398,62
4329,0,6474,6474,0,0,0,0,0.6205913207103284,0.3447357935409837,0.6205913207103284,0.3447357935409837,1.0,1,0.6565295457249186,65
4330,0,6474,6474,0,0,0,0,0.6205913207103283,0.3447357935409837,0.6205913207103283,0.3447357935409837,1.0,1,0.6565295457249186,65
4331,0,6474,6474,0,0,0,0,0.6205913207103283,0.3447357935409837,0.6205913207103283,0.3447357935409837,1.0,1,0.6565295457249186,65
4332,3,6477,6477,0,0,0,0,0.6246069967296505,0.3569213610076573,0.6246069967296505,0.3569213610076573,1.0,1,0.646812726127982,66
4333,1,6478,6478,0,0,0,0,0.6219193221439793,0.3479908205667807,0.6219193221439793,0.3479908205667807,1.0,1,0.6519799237405689,66
4334,2,6480,6480,0,0,0,0,0.6241965504028955,0.3479908205667807,0.6241965504028955,0.3479908205667807,1.0,1,0.6502422753838425,66
4335,0,6480,6480,0,0,0,0,0.6184149588706324,0.3479908205667807,0.6184149588706324,0.3479908205667807,1.0,1,0.6633612970970936,65
4336,2,6482,6482,0,0,0,0,0.63299661468309,0.33543594383447783,0.63299661468309,0.33543594383447783,1.0,1,0.6511001544772994,67
4337,2,6484,6484,0,0,0,0,0.6402062514209426,0.31605449114580303,0.6402062514209426,0.31605449114580303,1.0,1,0.6468577001123168,69
4338,1,6485,6485,0,0,0,0,0.6399917195268502,0.30962736490176834,0.6399917195268502,0.30962736490176834,1.0,1,0.6425041582216524,70
4339,2,6487,6487,0,0,0,0,0.6702716939442114,0.33201684790233854,0.6702716939442114,0.33201684790233854,1.0,1,0.6170820539410407,70
4340,3,6490,6490,0,0,0,0,0.6504756714348517,0.3256597380732053,0.6504756714348517,0.3256597380732053,1.0,1,0.6184657284121156,71
4341,4,6494,6494,0,0,0,0,0.6454937096800154,0.315628240757218,0.6454937096800154,0.315628240757218,1.0,1,0.6265502571621488,70
4342,6,6500,6500,0,0,0,0,0.5969732523559178,0.2965374530424913,0.5969732523559178,0.2965374530424913,1.0,1,0.6545247490384523,71
4343,3,6503,6503,0,0,0,0,0.6304442722800383,0.3084848056539749,0.6304442722800383,0.3084848056539749,1.0,1,0.650304278303173,67
4344,8,6511,6511,0,0,0,0,0.6092431580439759,0.30510215541725944,0.6092431580439759,0.30510215541725944,1.0,1,0.6786142938123806,67
4345,4,6515,6515,0,0,0,0,0.6235020934277694,0.32015363431374955,0.6235020934277694,0.32015363431374955,1.0,1,0.6794639884854561,64
4346,4,6519,6519,0,0,0,0,0.6299577503290228,0.308499911132518,0.6299577503290228,0.308499911132518,1.0,1,0.6842186414978517,64
4347,3,6522,6522,0,0,0,0,0.6268855926887369,0.3190875714381867,0.6268855926887369,0.3190875714381867,1.0,1,0.6813114354925803,62
4348,2,6524,6524,0,0,0,0,0.6069138750562842,0.3036760072425607,0.6069138750562842,0.3036760072425607,1.0,1,0.6885638205718903,62
4349,3,6527,6527,0,0,0,0,0.5854582611033565,0.297582053536243,0.5854582611033565,0.297582053536243,1.0,1,0.6903029830007923,61
4350,3,6530,6530,0,0,0,0,0.5779829833725694,0.30515190759392763,0.5779829833725694,0.30515190759392763,1.0,1,0.6951194421565806,60
4351,3,6533,6533,0,0,0,0,0.5458677108517688,0.30515190759392763,0.5458677108517688,0.30515190759392763,1.0,1,0.7213184285041941,60
4352,2,6535,6535,0,0,0,0,0.550257111937618,0.3165493861345467,0.550257111937618,0.3165493861345467,1.0,1,0.7382991364483739,57
4353,3,6538,6538,0,0,0,0,0.5924207849932682,0.33668594462596435,0.5924207849932682,0.33668594462596435,1.0,1,0.7271013714261784,55
4354,1,6539,6539,0,0,0,0,0.6327856367422374,0.3499331625644612,0.6327856367422374,0.3499331625644612,1.0,1,0.7042294377581186,55
4355,1,6540,6540,0,0,0,0,0.6411320378784974,0.36599993358534555,0.6411320378784974,0.36599993358534555,1.0,1,0.6924264017864868,53
4356,1,6541,6541,0,0,0,0,0.6674316811303352,0.37955758678855284,0.6674316811303352,0.37955758678855284,1.0,1,0.6655961203393442,55
4357,1,6542,6542,0,0,0,0,0.6655119760287218,0.39115416261341474,0.6655119760287218,0.39115416261341474,1.0,1,0.669033963730654,55
4358,0,6542,6542,0,0,0,0,0.6440136751932514,0.39115416261341474,0.6440136751932514,0.39115416261341474,1.0,1,0.6797923772285551,55
4359,2,6544,6544,0,0,0,0,0.657783639104161,0.4093289233026478,0.657783639104161,0.4093289233026478,1.0,1,0.6780727722243909,54
4360,1,6545,6545,0,0,0,0,0.6640057547568127,0.4093289233026478,0.6640057547568127,0.4093289233026478,1.0,1,0.6632055076419123,55
4361,1,6546,6546,0,0,0,0,0.679465717701244,0.4093289233026478,0.679465717701244,0.4093289233026478,1.0,1,0.6646978226931687,54
4362,1,6547,6547,0,0,0,0,0.6852936137430395,0.4093289233026478,0.6852936137430395,0.4093289233026478,1.0,1,0.6522316766722819,55
4363,2,6549,6549,0,0,0,0,0.666397093856374,0.3925825463023985,0.666397093856374,0.3925825463023985,1.0,1,0.6627613663751281,55
4364,1,6550,6550,0,0,0,0,0.6525852402407852,0.3925825463023985,0.6525852402407852,0.3925825463023985,1.0,1,0.6723003179938227,55
4365,3,6553,6553,0,0,0,0,0.6859375453147154,0.4284904050084079,0.6859375453147154,0.4284904050084079,1.0,1,0.6564528512642224,54
4366,2,6555,6555,0,0,0,0,0.683163567188071,0.39584280350901346,0.683163567188071,0.39584280350901346,1.0,1,0.6649569367916388,54
4367,1,6556,6556,0,0,0,0,0.6882563874680726,0.40279446227323257,0.6882563874680726,0.40279446227323257,1.0,1,0.6507484265459266,57
4368,1,6557,6557,0,0,0,0,0.667347138368532,0.36795956290021076,0.667347138368532,0.36795956290021076,1.0,1,0.6749933219534887,57
4369,0,6557,6557,0,0,0,0,0.660192057822146,0.36795956290021076,0.660192057822146,0.36795956290021076,1.0,1,0.6748716419075976,58
4370,1,6558,6558,0,0,0,0,0.6614344784871723,0.3556333622820376,0.6614344784871723,0.3556333622820376,1.0,1,0.6751095488533266,59
4371,1,6559,6559,0,0,0,0,0.6565801428609432,0.3556333622820376,0.6565801428609432,0.3556333622820376,1.0,1,0.668043119660613,60
4372,0,6559,6559,0,0,0,0,0.6565801428609432,0.3556333622820376,0.6565801428609432,0.3556333622820376,1.0,1,0.668043119660613,60
4373,1,6560,6560,0,0,0,0,0.6565801428609432,0.3556333622820376,0.6565801428609432,0.3556333622820376,1.0,1,0.6596157384373916,60
4374,0,6560,6560,0,0,0,0,0.6507594673162135,0.3556333622820376,0.6507594673162135,0.3556333622820376,1.0,1,0.6701026308554388,59
4375,0,6560,6560,0,0,0,0,0.641566348151299,0.3476189546301408,0.641566348151299,0.3476189546301408,1.0,1,0.672678545272738,60
4376,0,6560,6560,0,0,0,0,0.6415663481512989,0.3476189546301408,0.6415663481512989,0.3476189546301408,1.0,1,0.6801056204751352,60
4377,0,6560,6560,0,0,0,0,0.6474423096570154,0.3476189546301408,0.6474423096570154,0.3476189546301408,1.0,1,0.6710647055549062,61
4378,3,6563,6563,0,0,0,0,0.6720430282392836,0.3714133323733541,0.6720430282392836,0.3714133323733541,1.0,1,0.6312998252419406,64
4379,0,6563,6563,0,0,0,0,0.6720430282392837,0.3714133323733541,0.6720430282392837,0.3714133323733541,1.0,1,0.6312998252419406,64
4380,6,6569,6569,0,0,0,0,0.66105302044684,0.35406246024686644,0.66105302044684,0.35406246024686644,1.0,1,0.6363185313714494,65
4381,2,6571,6571,0,0,0,0,0.6336564239103928,0.35406246024686644,0.6336564239103928,0.35406246024686644,1.0,1,0.6595338953006599,64
4382,2,6573,6573,0,0,0,0,0.6286094878125111,0.3656100380265825,0.6286094878125111,0.3656100380265825,1.0,1,0.6563324389611622,64
4383,4,6577,6577,0,0,0,0,0.6357498366729329,0.3901355364458006,0.6357498366729329,0.3901355364458006,1.0,1,0.6468871117754469,64
4384,2,6579,6579,0,0,0,0,0.6163979585772481,0.37162018736606706,0.6163979585772481,0.37162018736606706,1.0,1,0.6759134991595883,60
4385,1,6580,6580,0,0,0,0,0.6520075712474535,0.38732387714785266,0.6520075712474535,0.38732387714785266,1.0,1,0.6553429125684298,58
4386,1,6581,6581,0,0,0,0,0.675016192540048,0.38732387714785266,0.675016192540048,0.38732387714785266,1.0,1,0.6516309237489387,58
4387,1,6582,6582,0,0,0,0,0.7273033477034473,0.4231416970649845,0.7273033477034473,0.4231416970649845,1.0,1,0.6327674082998097,55
4388,4,6586,6586,0,0,0,0,0.7003355016697725,0.4404260134694966,0.7003355016697725,0.4404260134694966,1.0,1,0.6558757364682058,56
4389,2,6588,6588,0,0,0,0,0.7513866776322446,0.4556677681142559,0.7513866776322446,0.4556677681142559,1.0,1,0.6382857066356897,55
4390,3,6591,6591,0,0,0,0,0.7705985912801447,0.4779426819728976,0.7705985912801447,0.4779426819728976,1.0,1,0.6161234344133639,55
4391,0,6591,6591,0,0,0,0,0.7746950450072848,0.4779426819728976,0.7746950450072848,0.4779426819728976,1.0,1,0.6138236905627134,56
4392,2,6593,6593,0,0,0,0,0.7374796594993783,0.481794397279824,0.7374796594993783,0.481794397279824,1.0,1,0.6307004909686911,56
4393,0,6593,6593,0,0,0,0,0.7327065623993672,0.481794397279824,0.7327065623993672,0.481794397279824,1.0,1,0.6446734435313367,55
4394,3,6596,6596,0,0,0,0,0.7452277313637694,0.4895121915516728,0.7452277313637694,0.4895121915516728,1.0,1,0.6380941769688168,53
4395,4,6600,6600,0,0,0,0,0.7077335223981415,0.4508634932204076,0.7077335223981415,0.4508634932204076,1.0,1,0.6656737553979195,53
4396,0,6600,6600,0,0,0,0,0.7077335223981415,0.4508634932204076,0.7077335223981415,0.4508634932204076,1.0,1,0.6656737553979195,53
4397,1,6601,6601,0,0,0,0,0.7122622979123494,0.44013795924975224,0.7122622979123494,0.44013795924975224,1.0,1,0.6880043327900057,50
4398,1,6602,6602,0,0,0,0,0.6651598189319529,0.4241558650750391,0.6651598189319529,0.4241558650750391,1.0,1,0.7075285151480855,50
4399,0,6602,6602,0,0,0,0,0.6569363716019505,0.40484269883906704,0.6569363716019505,0.40484269883906704,1.0,1,0.7049757411102612,52
4400,0,6602,6602,0,0,0,0,0.6328418125641935,0.3883529616150735,0.6328418125641935,0.3883529616150735,1.0,1,0.7014964095735825,55
4401,0,6602,6602,0,0,0,0,0.6393982087684043,0.3883529616150735,0.6393982087684043,0.3883529616150735,1.0,1,0.6893936180831072,56
4402,1,6603,6603,0,0,0,0,0.6603685074414619,0.3883529616150735,0.6603685074414619,0.3883529616150735,1.0,1,0.6799186041839169,56
4403,1,6604,6604,0,0,0,0,0.6503218989418215,0.37798602579944857,0.6503218989418215,0.37798602579944857,1.0,1,0.677967120264036,57
4404,0,6604,6604,0,0,0,0,0.6503218989418215,0.37798602579944857,0.6503218989418215,0.37798602579944857,1.0,1,0.677967120264036,57
4405,0,6604,6604,0,0,0,0,0.6563508317186866,0.37798602579944857,0.6563508317186866,0.37798602579944857,1.0,1,0.6750920936166787,58
4406,0,6604,6604,0,0,0,0,0.6563508317186866,0.37798602579944857,0.6563508317186866,0.37798602579944857,1.0,1,0.6750920936166787,58
4407,0,6604,6604,0,0,0,0,0.6563508317186866,0.37798602579944857,0.6563508317186866,0.37798602579944857,1.0,1,0.6750920936166787,58
4408,0,6604,6604,0,0,0,0,0.6485239448362848,0.37798602579944857,0.6485239448362848,0.37798602579944857,1.0,1,0.6749846943728307,59
4409,0,6604,6604,0,0,0,0,0.6485239448362848,0.37798602579944857,0.6485239448362848,0.37798602579944857,1.0,1,0.6749846943728307,59
4410,0,6604,6604,0,0,0,0,0.6485239448362848,0.37798602579944857,0.6485239448362848,0.37798602579944857,1.0,1,0.6749846943728307,59
4411,1,6605,6605,0,0,0,0,0.6691968065780529,0.3930806015738428,0.6691968065780529,0.3930806015738428,1.0,1,0.6482169377778787,62
4412,0,6605,6605,0,0,0,0,0.6744476509180838,0.3930806015738428,0.6744476509180838,0.3930806015738428,1.0,1,0.6441511269088573,63
4413,1,6606,6606,0,0,0,0,0.6899476955900012,0.4067688762369777,0.6899476955900012,0.4067688762369777,1.0,1,0.6342008076553366,63
4414,0,6606,6606,0,0,0,0,0.6774076586028981,0.4067688762369777,0.6774076586028981,0.4067688762369777,1.0,1,0.6347619226860473,64
4415,1,6607,6607,0,0,0,0,0.6648685103730672,0.4067688762369777,0.6648685103730672,0.4067688762369777,1.0,1,0.6382203970680278,64
4416,2,6609,6609,0,0,0,0,0.680593751690088,0.4226605808726051,0.680593751690088,0.4226605808726051,1.0,1,0.6237944934626438,64
4417,3,6612,6612,0,0,0,0,0.6524554913892666,0.42190162881651133,0.6524554913892666,0.42190162881651133,1.0,1,0.6292478293962016,65
4418,3,6615,6615,0,0,0,0,0.6549411060856615,0.44230118874871127,0.6549411060856615,0.44230118874871127,1.0,1,0.6207481018725596,65
4419,0,6615,6615,0,0,0,0,0.6678053058493484,0.4215046494113591,0.6678053058493484,0.4215046494113591,1.0,1,0.6434179170871727,62
4420,2,6617,6617,0,0,0,0,0.666941486815817,0.45667735690094224,0.666941486815817,0.45667735690094224,1.0,1,0.6367589599030228,62
4421,0,6617,6617,0,0,0,0,0.64854942322873,0.44414195641352905,0.64854942322873,0.44414195641352905,1.0,1,0.6370952718418388,65
4422,3,6620,6620,0,0,0,0,0.6254102499666251,0.45852438691677616,0.6254102499666251,0.45852438691677616,1.0,1,0.6547276741826823,64
4423,1,6621,6621,0,0,0,0,0.6374968771018065,0.45852438691677616,0.6374968771018065,0.45852438691677616,1.0,1,0.6571324514779304,63
4424,1,6622,6622,0,0,0,0,0.6366551874563979,0.48701207654128786,0.6366551874563979,0.48701207654128786,1.0,1,0.6520818935666223,63
4425,0,6622,6622,0,0,0,0,0.614323289363364,0.48701207654128786,0.614323289363364,0.48701207654128786,1.0,1,0.6531179196681273,63
4426,2,6624,6624,0,0,0,0,0.6379885528114098,0.5129251100844442,0.6379885528114098,0.5129251100844442,1.0,1,0.6301232645294346,63
4427,2,6626,6626,0,0,0,0,0.6461875173324961,0.5129251100844442,0.6461875173324961,0.5129251100844442,1.0,1,0.6294686146481566,62
4428,2,6628,6628,0,0,0,0,0.6929388086441362,0.5129251100844442,0.6929388086441362,0.5129251100844442,1.0,1,0.6017669269360527,61
4429,1,6629,6629,0,0,0,0,0.6973865049191316,0.5129251100844442,0.6973865049191316,0.5129251100844442,1.0,1,0.5973547603723596,62
4430,3,6632,6632,0,0,0,0,0.7308749313077582,0.5129251100844442,0.7308749313077582,0.5129251100844442,1.0,1,0.6026310341127703,60
4431,5,6637,6637,0,0,0,0,0.7773387682264853,0.472339167658217,0.7773387682264853,0.472339167658217,1.0,1,0.5955770602019814,59
4432,1,6638,6638,0,0,0,0,0.7635065376804988,0.45134179837058036,0.7635065376804988,0.45134179837058036,1.0,1,0.6004049631716946,60
4433,3,6641,6641,0,0,0,0,0.7433958095160669,0.4275329195696586,0.7433958095160669,0.4275329195696586,1.0,1,0.6094715445492727,61
4434,2,6643,6643,0,0,0,0,0.7161656527363204,0.41594572314664857,0.7161656527363204,0.41594572314664857,1.0,1,0.6199956769096949,61
4435,2,6645,6645,0,0,0,0,0.6833300185622021,0.39558252591584725,0.6833300185622021,0.39558252591584725,1.0,1,0.6356078464489341,61
4436,0,6645,6645,0,0,0,0,0.6833300185622021,0.39558252591584725,0.6833300185622021,0.39558252591584725,1.0,1,0.6356078464489341,61
4437,3,6648,6648,0,0,0,0,0.6259461729388841,0.3635365350790606,0.6259461729388841,0.3635365350790606,1.0,1,0.6665280267447171,61
4438,0,6648,6648,0,0,0,0,0.6319792991818054,0.3635365350790606,0.6319792991818054,0.3635365350790606,1.0,1,0.6636040073983299,62
4439,2,6650,6650,0,0,0,0,0.6205646884529573,0.37376382888527593,0.6205646884529573,0.37376382888527593,1.0,1,0.6607427799564154,63
4440,0,6650,6650,0,0,0,0,0.6264933651958798,0.37376382888527593,0.6264933651958798,0.37376382888527593,1.0,1,0.6572665960370271,64
4441,2,6652,6652,0,0,0,0,0.6091441511948725,0.38519401765910183,0.6091441511948725,0.38519401765910183,1.0,1,0.6664594517099548,64
4442,2,6654,6654,0,0,0,0,0.5824133621418974,0.372195782112917,0.5824133621418974,0.372195782112917,1.0,1,0.674311792031688,67
4443,1,6655,6655,0,0,0,0,0.5889293082185911,0.381446539079024,0.5889293082185911,0.381446539079024,1.0,1,0.6694276117060011,68
4444,0,6655,6655,0,0,0,0,0.5948868544762926,0.381446539079024,0.5948868544762926,0.381446539079024,1.0,1,0.6642498559991433,69
4445,2,6657,6657,0,0,0,0,0.6179346762660443,0.3973267926256694,0.6179346762660443,0.3973267926256694,1.0,1,0.642688147037563,71
4446,1,6658,6658,0,0,0,0,0.6306841516819572,0.3973267926256694,0.6306841516819572,0.3973267926256694,1.0,1,0.6350466939188786,71
4447,1,6659,6659,0,0,0,0,0.6226318560101244,0.3728898903065434,0.6226318560101244,0.3728898903065434,1.0,1,0.6410776861251272,72
4448,1,6660,6660,0,0,0,0,0.6303836938115284,0.3728898903065434,0.6303836938115284,0.3728898903065434,1.0,1,0.639464346229565,71
4449,0,6660,6660,0,0,0,0,0.6389285416571022,0.38505580265244294,0.6389285416571022,0.38505580265244294,1.0,1,0.6361344894721775,70
4450,1,6661,6661,0,0,0,0,0.6456997746984054,0.38505580265244294,0.6456997746984054,0.38505580265244294,1.0,1,0.6366693639985614,69
4451,1,6662,6662,0,0,0,0,0.6613829792119704,0.38505580265244294,0.6613829792119704,0.38505580265244294,1.0,1,0.6249787910185696,69
4452,0,6662,6662,0,0,0,0,0.666220365223228,0.38505580265244294,0.666220365223228,0.38505580265244294,1.0,1,0.6197413362289179,70
4453,0,6662,6662,0,0,0,0,0.6646438717140075,0.38505580265244294,0.6646438717140075,0.38505580265244294,1.0,1,0.6227084182645924,70
4454,2,6664,6664,0,0,0,0,0.6736462902428122,0.38505580265244294,0.6736462902428122,0.38505580265244294,1.0,1,0.6083357364070934,71
4455,3,6667,6667,0,0,0,0,0.6363063787663918,0.38505580265244294,0.6363063787663918,0.38505580265244294,1.0,1,0.6269026848745645,71
4456,3,6670,6670,0,0,0,0,0.6254246378577452,0.38505580265244294,0.6254246378577452,0.38505580265244294,1.0,1,0.627202567159675,71
4457,5,6675,6675,0,0,0,0,0.6159725289608733,0.35807735987069045,0.6159725289608733,0.35807735987069045,1.0,1,0.6570089423329661,69
4458,5,6680,6680,0,0,0,0,0.609226203162196,0.35572284981017593,0.609226203162196,0.35572284981017593,1.0,1,0.651941585982024,70
4459,2,6682,6682,0,0,0,0,0.6184685433023258,0.34397528802208277,0.6184685433023258,0.34397528802208277,1.0,1,0.6594056170181718,68
4460,7,6689,6689,0,0,0,0,0.6113139509691513,0.36097856265694706,0.6113139509691513,0.36097856265694706,1.0,1,0.6534674182204367,68
4461,4,6693,6693,0,0,0,0,0.665410671552601,0.37653385449823884,0.665410671552601,0.37653385449823884,1.0,1,0.6203429470129483,67
4462,4,6697,6697,0,0,0,0,0.7093023074273959,0.394937533291629,0.7093023074273959,0.394937533291629,1.0,1,0.5963740586395835,66
4463,2,6699,6699,0,0,0,0,0.6866533350151685,0.37000549675067873,0.6866533350151685,0.37000549675067873,1.0,1,0.6129418172564589,65
4464,3,6702,6702,0,0,0,0,0.7073366447068378,0.38272403687128764,0.7073366447068378,0.38272403687128764,1.0,1,0.6201442646236179,62
4465,5,6707,6707,0,0,0,0,0.6898752295808059,0.3851070824181932,0.6898752295808059,0.3851070824181932,1.0,1,0.6357672073877895,61
4466,2,6709,6709,0,0,0,0,0.717787355960449,0.40757023778971013,0.717787355960449,0.40757023778971013,1.0,1,0.6240568584460233,60
4467,3,6712,6712,0,0,0,0,0.7192667644455186,0.42640811809216017,0.7192667644455186,0.42640811809216017,1.0,1,0.6328002385595658,58
4468,2,6714,6714,0,0,0,0,0.694505769188778,0.41579995882860377,0.694505769188778,0.41579995882860377,1.0,1,0.6490186858220954,57
4469,1,6715,6715,0,0,0,0,0.7091911387079736,0.41579995882860377,0.7091911387079736,0.41579995882860377,1.0,1,0.6440106166171202,56
4470,3,6718,6718,0,0,0,0,0.7194455691604955,0.4464982531582595,0.7194455691604955,0.4464982531582595,1.0,1,0.6459235727308446,55
4471,0,6718,6718,0,0,0,0,0.7194455691604955,0.4464982531582595,0.7194455691604955,0.4464982531582595,1.0,1,0.6476777719167037,55
4472,2,6720,6720,0,0,0,0,0.7344463274833815,0.49492124425194517,0.7344463274833815,0.49492124425194517,1.0,1,0.6332387912751394,55
4473,0,6720,6720,0,0,0,0,0.7344463274833815,0.49492124425194517,0.7344463274833815,0.49492124425194517,1.0,1,0.629603498466914,55
4474,0,6720,6720,0,0,0,0,0.7344463274833815,0.49492124425194517,0.7344463274833815,0.49492124425194517,1.0,1,0.6305225883323095,55
4475,2,6722,6722,0,0,0,0,0.7544174123711269,0.49492124425194517,0.7544174123711269,0.49492124425194517,1.0,1,0.6158106129434672,56
4476,1,6723,6723,0,0,0,0,0.7724965041834658,0.49492124425194517,0.7724965041834658,0.49492124425194517,1.0,1,0.6055568371415647,56
4477,0,6723,6723,0,0,0,0,0.7598542749407226,0.4756589917778215,0.7598542749407226,0.4756589917778215,1.0,1,0.6100521295512282,57
4478,1,6724,6724,0,0,0,0,0.7762625149042046,0.4756589917778215,0.7762625149042046,0.4756589917778215,1.0,1,0.6111386327721885,55
4479,1,6725,6725,0,0,0,0,0.7647224317893876,0.4608222395173466,0.7647224317893876,0.4608222395173466,1.0,1,0.614156178927381,55
4480,0,6725,6725,0,0,0,0,0.7603654397854874,0.4608222395173466,0.7603654397854874,0.4608222395173466,1.0,1,0.6244345047534332,54
4481,0,6725,6725,0,0,0,0,0.7528580024453971,0.45422808873358556,0.7528580024453971,0.45422808873358556,1.0,1,0.6407136127600358,53
4482,3,6728,6728,0,0,0,0,0.6941891926311365,0.45422808873358556,0.6941891926311365,0.45422808873358556,1.0,1,0.6693724860893491,54
4483,0,6728,6728,0,0,0,0,0.6997493891287523,0.45422808873358556,0.6997493891287523,0.45422808873358556,1.0,1,0.6604115548887258,55
4484,3,6731,6731,0,0,0,0,0.6591591263626169,0.4315656913391705,0.6591591263626169,0.4315656913391705,1.0,1,0.6712566501481818,57
4485,2,6733,6733,0,0,0,0,0.6251993408732606,0.41779704431098236,0.6251993408732606,0.41779704431098236,1.0,1,0.6823839417279305,60
4486,2,6735,6735,0,0,0,0,0.5920318422242837,0.3883097583266759,0.5920318422242837,0.3883097583266759,1.0,1,0.6974011570480678,60
4487,0,6735,6735,0,0,0,0,0.5920318422242836,0.3883097583266759,0.5920318422242836,0.3883097583266759,1.0,1,0.6974011570480678,60
4488,0,6735,6735,0,0,0,0,0.5920318422242836,0.3883097583266759,0.5920318422242836,0.3883097583266759,1.0,1,0.6974011570480678,60
4489,1,6736,6736,0,0,0,0,0.5730377530282051,0.37010440970283515,0.5730377530282051,0.37010440970283515,1.0,1,0.7078674939332735,60
4490,1,6737,6737,0,0,0,0,0.5941529928199869,0.37010440970283515,0.5941529928199869,0.37010440970283515,1.0,1,0.6979153443888044,60
4491,1,6738,6738,0,0,0,0,0.5869534006209796,0.37010440970283515,0.5869534006209796,0.37010440970283515,1.0,1,0.6910680019208222,61
4492,3,6741,6741,0,0,0,0,0.5981718717349164,0.37010440970283515,0.5981718717349164,0.37010440970283515,1.0,1,0.6931102525237973,61
4493,3,6744,6744,0,0,0,0,0.5903829389687666,0.3884207566582828,0.5903829389687666,0.3884207566582828,1.0,1,0.7069113969646141,60
4494,1,6745,6745,0,0,0,0,0.6152409310696322,0.3884207566582828,0.6152409310696322,0.3884207566582828,1.0,1,0.6973668503831028,61
4495,2,6747,6747,0,0,0,0,0.6207559421065342,0.3988682926953817,0.6207559421065342,0.3988682926953817,1.0,1,0.6970894993535459,59
4496,1,6748,6748,0,0,0,0,0.6219376461163179,0.3879720281012805,0.6219376461163179,0.3879720281012805,1.0,1,0.6926974791527176,60
4497,3,6751,6751,0,0,0,0,0.6340376243230165,0.4076385559816064,0.6340376243230165,0.4076385559816064,1.0,1,0.6861826448250677,59
4498,3,6754,6754,0,0,0,0,0.6776502274718949,0.42281196315854935,0.6776502274718949,0.42281196315854935,1.0,1,0.6681964052695755,57
4499,3,6757,6757,0,0,0,0,0.6821909903773328,0.42281196315854935,0.6821909903773328,0.42281196315854935,1.0,1,0.6561560815301849,58
4500,3,6760,6760,0,0,0,0,0.7331145236695875,0.4724130398436989,0.7331145236695875,0.4724130398436989,1.0,1,0.6338683404864626,56
4501,1,6761,6761,0,0,0,0,0.7473780356732179,0.4890573590454419,0.7473780356732179,0.4890573590454419,1.0,1,0.6105916774143968,57
4502,4,6765,6765,0,0,0,0,0.7500158505158122,0.4890573590454419,0.7500158505158122,0.4890573590454419,1.0,1,0.6205593106289554,56
4503,1,6766,6766,0,0,0,0,0.7763549101710354,0.5183649684157687,0.7763549101710354,0.5183649684157687,1.0,1,0.6112690635101573,54
4504,3,6769,6769,0,0,0,0,0.7404799228237154,0.5183649684157687,0.7404799228237154,0.5183649684157687,1.0,1,0.61222912260649,54
4505,4,6773,6773,0,0,0,0,0.7721488017257017,0.5464148930240688,0.7721488017257017,0.5464148930240688,1.0,1,0.609184388627321,51
4506,2,6775,6775,0,0,0,0,0.7626933296375505,0.5464148930240688,0.7626933296375505,0.5464148930240688,1.0,1,0.6167557233742406,49
4507,0,6775,6775,0,0,0,0,0.7410671351464561,0.5198149948751886,0.7410671351464561,0.5198149948751886,1.0,1,0.6305448132624686,48
4508,1,6776,6776,0,0,0,0,0.75957675382408,0.5209924221413812,0.75957675382408,0.5209924221413812,1.0,1,0.6280201919489823,48
4509,4,6780,6780,0,0,0,0,0.7652380455322697,0.5209924221413812,0.7652380455322697,0.5209924221413812,1.0,1,0.6467810023475346,46
4510,0,6780,6780,0,0,0,0,0.7545670476019183,0.5209924221413812,0.7545670476019183,0.5209924221413812,1.0,1,0.6633035128948022,44
4511,1,6781,6781,0,0,0,0,0.7360566285021932,0.49374722968560414,0.7360566285021932,0.49374722968560414,1.0,1,0.6727104656718423,45
4512,1,6782,6782,0,0,0,0,0.7417945278825803,0.49374722968560414,0.7417945278825803,0.49374722968560414,1.0,1,0.6721530683794775,46
4513,2,6784,6784,0,0,0,0,0.7509029449685509,0.49048329652658146,0.7509029449685509,0.49048329652658146,1.0,1,0.6718326259037156,45
4514,1,6785,6785,0,0,0,0,0.7321250466527465,0.46425009330549305,0.7321250466527465,0.46425009330549305,1.0,1,0.665407235914515,46
4515,0,6785,6785,0,0,0,0,0.7244321051656812,0.4488642103313623,0.7244321051656812,0.4488642103313623,1.0,1,0.6691112114970394,48
4516,0,6785,6785,0,0,0,0,0.7300559397541366,0.4488642103313623,0.7300559397541366,0.4488642103313623,1.0,1,0.6578052092642824,49
4517,1,6786,6786,0,0,0,0,0.7179953327838736,0.4359906655677473,0.7179953327838736,0.4359906655677473,1.0,1,0.6611208939821571,50
4518,2,6788,6788,0,0,0,0,0.7179953327838736,0.4359906655677473,0.7179953327838736,0.4359906655677473,1.0,1,0.6781406888230725,50
4519,2,6790,6790,0,0,0,0,0.689624446205534,0.4189631075745883,0.689624446205534,0.4189631075745883,1.0,1,0.7078156071328658,49
4520,2,6792,6792,0,0,0,0,0.6999167088169093,0.4552681495949977,0.6999167088169093,0.4552681495949977,1.0,1,0.689049494496262,50
4521,1,6793,6793,0,0,0,0,0.695614050693064,0.4424113439377039,0.695614050693064,0.4424113439377039,1.0,1,0.6947531012028273,50
4522,1,6794,6794,0,0,0,0,0.6965910201635666,0.46254458553765976,0.6965910201635666,0.46254458553765976,1.0,1,0.6901051418982296,50
4523,2,6796,6796,0,0,0,0,0.6893523818917696,0.42291108723736603,0.6893523818917696,0.42291108723736603,1.0,1,0.6973484810447644,51
4524,1,6797,6797,0,0,0,0,0.6950487044791603,0.44403160929777236,0.6950487044791603,0.44403160929777236,1.0,1,0.679259167032046,52
4525,0,6797,6797,0,0,0,0,0.6965810058309477,0.4665255308439698,0.6965810058309477,0.4665255308439698,1.0,1,0.6654262306440644,53
4526,2,6799,6799,0,0,0,0,0.7255680847693727,0.4905270760519274,0.7255680847693727,0.4905270760519274,1.0,1,0.6310308159128372,54
4527,0,6799,6799,0,0,0,0,0.7136779723916756,0.4905270760519274,0.7136779723916756,0.4905270760519274,1.0,1,0.6300381433399662,55
4528,1,6800,6800,0,0,0,0,0.7319496992533423,0.4905270760519274,0.7319496992533423,0.4905270760519274,1.0,1,0.6229275053319271,55
4529,1,6801,6801,0,0,0,0,0.7250398889478015,0.4905270760519274,0.7250398889478015,0.4905270760519274,1.0,1,0.6308151669063583,55
4530,1,6802,6802,0,0,0,0,0.7094118737448943,0.4905270760519274,0.7094118737448943,0.4905270760519274,1.0,1,0.6263372848636737,56
4531,2,6804,6804,0,0,0,0,0.7077937709454613,0.4385240585265163,0.7077937709454613,0.4385240585265163,1.0,1,0.6396780240990332,56
4532,2,6806,6806,0,0,0,0,0.704687714281707,0.4385240585265163,0.704687714281707,0.4385240585265163,1.0,1,0.6350912972505904,55
4533,0,6806,6806,0,0,0,0,0.7219206804876955,0.4385240585265163,0.7219206804876955,0.4385240585265163,1.0,1,0.6342863720505764,54
4534,2,6808,6808,0,0,0,0,0.6718578440074354,0.4385240585265163,0.6718578440074354,0.4385240585265163,1.0,1,0.6531473320913954,55
4535,1,6809,6809,0,0,0,0,0.6799772937351624,0.4385240585265163,0.6799772937351624,0.4385240585265163,1.0,1,0.6747329914822331,52
4536,4,6813,6813,0,0,0,0,0.6517833533100122,0.4385240585265163,0.6517833533100122,0.4385240585265163,1.0,1,0.6756009819928885,53
4537,2,6815,6815,0,0,0,0,0.6556258180006002,0.42678646647083873,0.6556258180006002,0.42678646647083873,1.0,1,0.6848984912758092,52
4538,3,6818,6818,0,0,0,0,0.6937702783014793,0.4759163726433741,0.6937702783014793,0.4759163726433741,1.0,1,0.6419916229872322,52
4539,2,6820,6820,0,0,0,0,0.6590551621423418,0.45793035238648044,0.6590551621423418,0.45793035238648044,1.0,1,0.6585401831492863,53
4540,3,6823,6823,0,0,0,0,0.676968657836371,0.45236882532415423,0.676968657836371,0.45236882532415423,1.0,1,0.6346539678576241,54
4541,1,6824,6824,0,0,0,0,0.7086520279411909,0.4662431255208172,0.7086520279411909,0.4662431255208172,1.0,1,0.6189660446654909,53
4542,3,6827,6827,0,0,0,0,0.729785471648623,0.4662431255208172,0.729785471648623,0.4662431255208172,1.0,1,0.6197508318681523,53
4543,1,6828,6828,0,0,0,0,0.7490497128144155,0.48742781714289646,0.7490497128144155,0.48742781714289646,1.0,1,0.5985635390837268,53
4544,3,6831,6831,0,0,0,0,0.7165637081326843,0.46206749895954286,0.7165637081326843,0.46206749895954286,1.0,1,0.6384368514139506,52
4545,1,6832,6832,0,0,0,0,0.7256385802451174,0.48305374627762265,0.7256385802451174,0.48305374627762265,1.0,1,0.6377930462173437,50
4546,2,6834,6834,0,0,0,0,0.7362091091847119,0.4614269312521202,0.7362091091847119,0.4614269312521202,1.0,1,0.6486553457727725,49
4547,1,6835,6835,0,0,0,0,0.7362091091847119,0.4614269312521202,0.7362091091847119,0.4614269312521202,1.0,1,0.6581747055586925,49
4548,2,6837,6837,0,0,0,0,0.7375629148671016,0.46419095118699916,0.7375629148671016,0.46419095118699916,1.0,1,0.6496016072243489,49
4549,1,6838,6838,0,0,0,0,0.765726116169145,0.49070894819379357,0.765726116169145,0.49070894819379357,1.0,1,0.6158051920701038,50
4550,1,6839,6839,0,0,0,0,0.7405318249017769,0.49070894819379357,0.7405318249017769,0.49070894819379357,1.0,1,0.6380738024693356,49
4551,2,6841,6841,0,0,0,0,0.7618803168902736,0.49270154467927857,0.7618803168902736,0.49270154467927857,1.0,1,0.6264750987030895,49
4552,0,6841,6841,0,0,0,0,0.7618803168902736,0.49270154467927857,0.7618803168902736,0.49270154467927857,1.0,1,0.6264750987030895,49
4553,2,6843,6843,0,0,0,0,0.7589349865273257,0.5174379371726912,0.7589349865273257,0.5174379371726912,1.0,1,0.6192921815773808,49
4554,1,6844,6844,0,0,0,0,0.7589349865273255,0.5174379371726912,0.7589349865273255,0.5174379371726912,1.0,1,0.63647640793925,49
4555,0,6844,6844,0,0,0,0,0.753912798746645,0.5174379371726912,0.753912798746645,0.5174379371726912,1.0,1,0.6415572546636977,48
4556,3,6847,6847,0,0,0,0,0.7561729019928306,0.49114344763721174,0.7561729019928306,0.49114344763721174,1.0,1,0.6331435361122755,48
4557,0,6847,6847,0,0,0,0,0.7611489652174666,0.49114344763721174,0.7611489652174666,0.49114344763721174,1.0,1,0.6237671493968092,49
4558,2,6849,6849,0,0,0,0,0.7169986124858809,0.4453172804723267,0.7169986124858809,0.4453172804723267,1.0,1,0.6308053113361949,49
4559,1,6850,6850,0,0,0,0,0.6831741774144553,0.41328551373047273,0.6831741774144553,0.41328551373047273,1.0,1,0.6516718099360687,50
4560,0,6850,6850,0,0,0,0,0.6893864484455443,0.41328551373047273,0.6893864484455443,0.41328551373047273,1.0,1,0.6416267559551101,51
4561,0,6850,6850,0,0,0,0,0.6953597859754377,0.41328551373047273,0.6953597859754377,0.41328551373047273,1.0,1,0.6386376431781741,52
4562,0,6850,6850,0,0,0,0,0.7011077145419389,0.41328551373047273,0.7011077145419389,0.41328551373047273,1.0,1,0.6329553547857153,53
4563,1,6851,6851,0,0,0,0,0.7149361715351167,0.4298723430702333,0.7149361715351167,0.4298723430702333,1.0,1,0.6339348712030338,52
4564,0,6851,6851,0,0,0,0,0.7254940911078902,0.4298723430702333,0.7254940911078902,0.4298723430702333,1.0,1,0.6245563488196555,54
4565,3,6854,6854,0,0,0,0,0.7122333300008009,0.41380863518681665,0.7122333300008009,0.41380863518681665,1.0,1,0.6503820022052105,55
4566,1,6855,6855,0,0,0,0,0.6935904984388666,0.41380863518681665,0.6935904984388666,0.41380863518681665,1.0,1,0.6638997856034243,55
4567,2,6857,6857,0,0,0,0,0.6584986795821336,0.41380863518681665,0.6584986795821336,0.41380863518681665,1.0,1,0.6772497921234826,56
4568,2,6859,6859,0,0,0,0,0.6511522173375582,0.39707656456892787,0.6511522173375582,0.39707656456892787,1.0,1,0.6812122989530891,58
4569,0,6859,6859,0,0,0,0,0.6570648916199725,0.39707656456892787,0.6570648916199725,0.39707656456892787,1.0,1,0.6711271046121389,59
4570,3,6862,6862,0,0,0,0,0.6631998562722287,0.39707656456892787,0.6631998562722287,0.39707656456892787,1.0,1,0.6687209909067712,59
4571,2,6864,6864,0,0,0,0,0.7017375870069974,0.39707656456892787,0.7017375870069974,0.39707656456892787,1.0,1,0.6589640431584015,57
4572,3,6867,6867,0,0,0,0,0.6799096146577011,0.3818944283045261,0.6799096146577011,0.3818944283045261,1.0,1,0.6733669781093934,56
4573,1,6868,6868,0,0,0,0,0.672191705368608,0.3818944283045261,0.672191705368608,0.3818944283045261,1.0,1,0.6760956458944218,56
4574,0,6868,6868,0,0,0,0,0.6930571601441815,0.39707656456892787,0.6930571601441815,0.39707656456892787,1.0,1,0.6649857583619019,55
4575,2,6870,6870,0,0,0,0,0.6689243591265861,0.39707656456892787,0.6689243591265861,0.39707656456892787,1.0,1,0.6736772209011637,55
4576,0,6870,6870,0,0,0,0,0.6824578286575237,0.39707656456892787,0.6824578286575237,0.39707656456892787,1.0,1,0.6625256731100005,55
4577,0,6870,6870,0,0,0,0,0.6873730334801847,0.39707656456892787,0.6873730334801847,0.39707656456892787,1.0,1,0.6624711943103536,54
4578,2,6872,6872,0,0,0,0,0.7039896891401947,0.40797937828038944,0.7039896891401947,0.40797937828038944,1.0,1,0.651607830615453,54
4579,0,6872,6872,0,0,0,0,0.7039896891401947,0.40797937828038944,0.7039896891401947,0.40797937828038944,1.0,1,0.651607830615453,54
4580,0,6872,6872,0,0,0,0,0.7093716947921912,0.40797937828038944,0.7093716947921912,0.40797937828038944,1.0,1,0.6433760354009245,55
4581,1,6873,6873,0,0,0,0,0.6898205350466534,0.39549851151643645,0.6898205350466534,0.39549851151643645,1.0,1,0.6605706956909325,56
4582,0,6873,6873,0,0,0,0,0.6898205350466534,0.39549851151643645,0.6898205350466534,0.39549851151643645,1.0,1,0.6605706956909325,56
4583,1,6874,6874,0,0,0,0,0.6778609266322703,0.39549851151643645,0.6778609266322703,0.39549851151643645,1.0,1,0.6665079824520942,57
4584,1,6875,6875,0,0,0,0,0.6588640710904259,0.39549851151643645,0.6588640710904259,0.39549851151643645,1.0,1,0.6773449151919854,57
4585,0,6875,6875,0,0,0,0,0.6588640710904259,0.39549851151643645,0.6588640710904259,0.39549851151643645,1.0,1,0.6773449151919854,57
4586,0,6875,6875,0,0,0,0,0.6588640710904258,0.39549851151643645,0.6588640710904258,0.39549851151643645,1.0,1,0.6773449151919854,57
4587,0,6875,6875,0,0,0,0,0.6588640710904259,0.39549851151643645,0.6588640710904259,0.39549851151643645,1.0,1,0.6773449151919854,57
4588,0,6875,6875,0,0,0,0,0.6460990944174207,0.39549851151643645,0.6460990944174207,0.39549851151643645,1.0,1,0.6771483828888801,58
4589,0,6875,6875,0,0,0,0,0.6520974148510239,0.39549851151643645,0.6520974148510239,0.39549851151643645,1.0,1,0.6669245725206058,59
4590,0,6875,6875,0,0,0,0,0.6419074847422471,0.3832641355442979,0.6419074847422471,0.3832641355442979,1.0,1,0.6702170432345811,60
4591,0,6875,6875,0,0,0,0,0.6302654517376458,0.3832641355442979,0.6302654517376458,0.3832641355442979,1.0,1,0.6701553796877393,61
4592,0,6875,6875,0,0,0,0,0.6362289121934904,0.3832641355442979,0.6362289121934904,0.3832641355442979,1.0,1,0.666784691708545,62
4593,1,6876,6876,0,0,0,0,0.6122166743659091,0.3832641355442979,0.6122166743659091,0.3832641355442979,1.0,1,0.6660540567862078,64
4594,0,6876,6876,0,0,0,0,0.6122166743659091,0.3832641355442979,0.6122166743659091,0.3832641355442979,1.0,1,0.6660540567862078,64
4595,2,6878,6878,0,0,0,0,0.6377057887756523,0.3832641355442979,0.6377057887756523,0.3832641355442979,1.0,1,0.660617292581384,63
4596,1,6879,6879,0,0,0,0,0.6377057887756523,0.3832641355442979,0.6377057887756523,0.3832641355442979,1.0,1,0.6648514345227662,63
4597,2,6881,6881,0,0,0,0,0.6158496069553702,0.3832641355442979,0.6158496069553702,0.3832641355442979,1.0,1,0.6740579023412204,63
4598,1,6882,6882,0,0,0,0,0.6006950573032654,0.3832641355442979,0.6006950573032654,0.3832641355442979,1.0,1,0.6698720315849057,65
4599,1,6883,6883,0,0,0,0,0.5882773672949245,0.3832641355442979,0.5882773672949245,0.3832641355442979,1.0,1,0.668549050816526,66
4600,1,6884,6884,0,0,0,0,0.5643199286196311,0.3671151923154279,0.5643199286196311,0.3671151923154279,1.0,1,0.6788184509199333,67
4601,0,6884,6884,0,0,0,0,0.5643199286196311,0.3671151923154279,0.5643199286196311,0.3671151923154279,1.0,1,0.6788184509199333,67
4602,0,6884,6884,0,0,0,0,0.561272310380782,0.3671151923154279,0.561272310380782,0.3671151923154279,1.0,1,0.6664346672267226,69
4603,0,6884,6884,0,0,0,0,0.561272310380782,0.3671151923154279,0.561272310380782,0.3671151923154279,1.0,1,0.6664346672267226,69
4604,1,6885,6885,0,0,0,0,0.561736745896674,0.3671151923154279,0.561736745896674,0.3671151923154279,1.0,1,0.663757347818687,69
4605,0,6885,6885,0,0,0,0,0.5679976495267215,0.3671151923154279,0.5679976495267215,0.3671151923154279,1.0,1,0.6546781403458477,70
4606,0,6885,6885,0,0,0,0,0.5679976495267215,0.3671151923154279,0.5679976495267215,0.3671151923154279,1.0,1,0.6546781403458477,70
4607,3,6888,6888,0,0,0,0,0.569540573624643,0.40685228082927377,0.569540573624643,0.40685228082927377,1.0,1,0.635907712556004,72
4608,2,6890,6890,0,0,0,0,0.5626922262288151,0.39659895140628043,0.5626922262288151,0.39659895140628043,1.0,1,0.6389850144609979,73
4609,1,6891,6891,0,0,0,0,0.5732310514515052,0.41031944091762973,0.5732310514515052,0.41031944091762973,1.0,1,0.6327621197848378,72
4610,3,6894,6894,0,0,0,0,0.5744699706881184,0.4209953868272892,0.5744699706881184,0.4209953868272892,1.0,1,0.6364912053206454,72
4611,1,6895,6895,0,0,0,0,0.5832482329168343,0.4209953868272892,0.5832482329168343,0.4209953868272892,1.0,1,0.6402075160349698,71
4612,2,6897,6897,0,0,0,0,0.5778736978125852,0.4209953868272892,0.5778736978125852,0.4209953868272892,1.0,1,0.6540257438996562,70
4613,3,6900,6900,0,0,0,0,0.6009727163695074,0.4404260190921403,0.6009727163695074,0.4404260190921403,1.0,1,0.6458770749455555,69
4614,0,6900,6900,0,0,0,0,0.6263072003300506,0.4404260190921403,0.6263072003300506,0.4404260190921403,1.0,1,0.6392185787776068,68
4615,2,6902,6902,0,0,0,0,0.6400729269857066,0.42802789444538253,0.6400729269857066,0.42802789444538253,1.0,1,0.6354371227012966,68
4616,1,6903,6903,0,0,0,0,0.6700196355996938,0.42802789444538253,0.6700196355996938,0.42802789444538253,1.0,1,0.6364922965426396,65
4617,3,6906,6906,0,0,0,0,0.6877146494909797,0.43374051149321485,0.6877146494909797,0.43374051149321485,1.0,1,0.6143716238503817,66
4618,3,6909,6909,0,0,0,0,0.6885967662915843,0.43374051149321485,0.6885967662915843,0.43374051149321485,1.0,1,0.6030555414433393,66
4619,2,6911,6911,0,0,0,0,0.712877278289871,0.4541202682303433,0.712877278289871,0.4541202682303433,1.0,1,0.5950917688828619,65
4620,1,6912,6912,0,0,0,0,0.7279912134252023,0.47230885373146314,0.7279912134252023,0.47230885373146314,1.0,1,0.5853482799583091,65
4621,3,6915,6915,0,0,0,0,0.6817564155223621,0.4546049230151479,0.6817564155223621,0.4546049230151479,1.0,1,0.620494246411761,67
4622,1,6916,6916,0,0,0,0,0.6899564510104775,0.46861569023774224,0.6899564510104775,0.46861569023774224,1.0,1,0.6259417087392188,65
4623,5,6921,6921,0,0,0,0,0.6667603589682973,0.46861569023774224,0.6667603589682973,0.46861569023774224,1.0,1,0.6293002926538732,66
4624,3,6924,6924,0,0,0,0,0.6258632630484634,0.4552404239496672,0.6258632630484634,0.4552404239496672,1.0,1,0.6446947193282938,65
4625,1,6925,6925,0,0,0,0,0.6388058240133871,0.4826446348936809,0.6388058240133871,0.4826446348936809,1.0,1,0.6364008178672392,64
4626,1,6926,6926,0,0,0,0,0.6301991119831799,0.49770531392299105,0.6301991119831799,0.49770531392299105,1.0,1,0.637275869130459,63
4627,1,6927,6927,0,0,0,0,0.6257522409473767,0.4828613274311825,0.6257522409473767,0.4828613274311825,1.0,1,0.6309023448479836,65
4628,0,6927,6927,0,0,0,0,0.6199046197121795,0.4828613274311825,0.6199046197121795,0.4828613274311825,1.0,1,0.6367175597262555,64
4629,2,6929,6929,0,0,0,0,0.6342547257189859,0.49770531392299105,0.6342547257189859,0.49770531392299105,1.0,1,0.6239086430318996,64
4630,1,6930,6930,0,0,0,0,0.6493661266850743,0.5188341764572026,0.6493661266850743,0.5188341764572026,1.0,1,0.6123319421350262,64
4631,0,6930,6930,0,0,0,0,0.6146006091734673,0.47568967108141125,0.6146006091734673,0.47568967108141125,1.0,1,0.6332021492387289,66
4632,0,6930,6930,0,0,0,0,0.6086713877761362,0.47568967108141125,0.6086713877761362,0.47568967108141125,1.0,1,0.6416878590709167,65
4633,0,6930,6930,0,0,0,0,0.6146006091734674,0.47568967108141125,0.6146006091734674,0.47568967108141125,1.0,1,0.63314298225741,66
4634,1,6931,6931,0,0,0,0,0.6147954291887093,0.45098287208458754,0.6147954291887093,0.45098287208458754,1.0,1,0.6374391497559134,66
4635,2,6933,6933,0,0,0,0,0.614915055248338,0.49077860435621307,0.614915055248338,0.49077860435621307,1.0,1,0.625272580757253,66
4636,1,6934,6934,0,0,0,0,0.6145516638369983,0.472628473094099,0.6145516638369983,0.472628473094099,1.0,1,0.6282005690968492,66
4637,1,6935,6935,0,0,0,0,0.6128026295167316,0.4971492786645589,0.6128026295167316,0.4971492786645589,1.0,1,0.6090030630083861,68
4638,1,6936,6936,0,0,0,0,0.6122086945123923,0.4809353670191438,0.6122086945123923,0.4809353670191438,1.0,1,0.61146160216477,68
4639,3,6939,6939,0,0,0,0,0.6162684740718392,0.505027340656073,0.6162684740718392,0.505027340656073,1.0,1,0.6028963584365564,69
4640,0,6939,6939,0,0,0,0,0.6162684740718392,0.505027340656073,0.6162684740718392,0.505027340656073,1.0,1,0.6028963584365564,69
4641,1,6940,6940,0,0,0,0,0.6209116673687958,0.505027340656073,0.6209116673687958,0.505027340656073,1.0,1,0.5974501438326637,70
4642,0,6940,6940,0,0,0,0,0.6154176335625464,0.505027340656073,0.6154176335625464,0.505027340656073,1.0,1,0.6020226714512714,69
4643,3,6943,6943,0,0,0,0,0.6229225391030376,0.505027340656073,0.6229225391030376,0.505027340656073,1.0,1,0.5983158134102038,70
4644,3,6946,6946,0,0,0,0,0.6031149833757539,0.47524064967579543,0.6031149833757539,0.47524064967579543,1.0,1,0.623474904924021,69
4645,2,6948,6948,0,0,0,0,0.6244915153273857,0.47524064967579543,0.6244915153273857,0.47524064967579543,1.0,1,0.6119248304198643,70
4646,2,6950,6950,0,0,0,0,0.6102694010873683,0.47524064967579543,0.6102694010873683,0.47524064967579543,1.0,1,0.6341660660067423,68
4647,0,6950,6950,0,0,0,0,0.6125944180135108,0.47524064967579543,0.6125944180135108,0.47524064967579543,1.0,1,0.6340122440371754,68
4648,1,6951,6951,0,0,0,0,0.602858656818051,0.4484874480897247,0.602858656818051,0.4484874480897247,1.0,1,0.6517026785274467,67
4649,3,6954,6954,0,0,0,0,0.6017128764513302,0.4484874480897247,0.6017128764513302,0.4484874480897247,1.0,1,0.6486098017275296,67
4650,2,6956,6956,0,0,0,0,0.6007093885312664,0.4484874480897247,0.6007093885312664,0.4484874480897247,1.0,1,0.6423561377677673,67
4651,4,6960,6960,0,0,0,0,0.5703855305165118,0.42579864544248847,0.5703855305165118,0.42579864544248847,1.0,1,0.6611199123911943,68
4652,2,6962,6962,0,0,0,0,0.5787773758189537,0.4484874480897247,0.5787773758189537,0.4484874480897247,1.0,1,0.6628046903132295,66
4653,1,6963,6963,0,0,0,0,0.5852646868986426,0.4484874480897247,0.5852646868986426,0.4484874480897247,1.0,1,0.6650379380984612,64
4654,1,6964,6964,0,0,0,0,0.5583859909138117,0.4278942805594355,0.5583859909138117,0.4278942805594355,1.0,1,0.6737326733958157,65
4655,0,6964,6964,0,0,0,0,0.5683471996680936,0.4278942805594355,0.5683471996680936,0.4278942805594355,1.0,1,0.6738552112693755,64
4656,1,6965,6965,0,0,0,0,0.5585091726208937,0.4278942805594355,0.5585091726208937,0.4278942805594355,1.0,1,0.6774514226647059,65
4657,1,6966,6966,0,0,0,0,0.551430515106296,0.4278942805594355,0.551430515106296,0.4278942805594355,1.0,1,0.670975043990634,66
4658,3,6969,6969,0,0,0,0,0.611923241564371,0.4459386178610721,0.611923241564371,0.4459386178610721,1.0,1,0.6410149922988383,65
4659,0,6969,6969,0,0,0,0,0.611923241564371,0.4459386178610721,0.611923241564371,0.4459386178610721,1.0,1,0.6410149922988383,65
4660,1,6970,6970,0,0,0,0,0.6139070079577855,0.4459386178610721,0.6139070079577855,0.4459386178610721,1.0,1,0.6389898873812491,66
4661,3,6973,6973,0,0,0,0,0.6470895615340383,0.487583548816439,0.6470895615340383,0.487583548816439,1.0,1,0.620395516297775,66
4662,0,6973,6973,0,0,0,0,0.6413087729270889,0.4631461300239006,0.6413087729270889,0.4631461300239006,1.0,1,0.6158907511988996,68
4663,4,6977,6977,0,0,0,0,0.6550675326298774,0.4851857438203882,0.6550675326298774,0.4851857438203882,1.0,1,0.6050894563151292,67
4664,0,6977,6977,0,0,0,0,0.6367872441134933,0.4851857438203882,0.6367872441134933,0.4851857438203882,1.0,1,0.6120478736865992,67
4665,2,6979,6979,0,0,0,0,0.6507102251179531,0.5069475857374417,0.6507102251179531,0.5069475857374417,1.0,1,0.5995034260974615,67
4666,2,6981,6981,0,0,0,0,0.6340822169971595,0.496104064426344,0.6340822169971595,0.496104064426344,1.0,1,0.6150816852543644,67
4667,2,6983,6983,0,0,0,0,0.6442920308694233,0.496104064426344,0.6442920308694233,0.496104064426344,1.0,1,0.6113464900934251,66
4668,2,6985,6985,0,0,0,0,0.6441675974449776,0.5121486376283566,0.6441675974449776,0.5121486376283566,1.0,1,0.6182076775847843,66
4669,3,6988,6988,0,0,0,0,0.6375929763534105,0.4942794125032538,0.6375929763534105,0.4942794125032538,1.0,1,0.6210643242044998,66
4670,3,6991,6991,0,0,0,0,0.6595763815788943,0.4984436994061756,0.6595763815788943,0.4984436994061756,1.0,1,0.6091523052253756,64
4671,1,6992,6992,0,0,0,0,0.6587754010885581,0.4785983566737087,0.6587754010885581,0.4785983566737087,1.0,1,0.612328042453722,64
4672,3,6995,6995,0,0,0,0,0.6610183602477876,0.4946810054819308,0.6610183602477876,0.4946810054819308,1.0,1,0.6120120341746942,64
4673,1,6996,6996,0,0,0,0,0.6864020185189239,0.4946810054819308,0.6864020185189239,0.4946810054819308,1.0,1,0.6030820909128635,65
4674,3,6999,6999,0,0,0,0,0.6625518455743128,0.4696137964289318,0.6625518455743128,0.4696137964289318,1.0,1,0.6206445843312675,66
4675,2,7001,7001,0,0,0,0,0.6582747365706084,0.4946810054819308,0.6582747365706084,0.4946810054819308,1.0,1,0.6370251843321909,65
4676,0,7001,7001,0,0,0,0,0.6412884933196003,0.4684585881677094,0.6412884933196003,0.4684585881677094,1.0,1,0.6491042264392267,65
4677,2,7003,7003,0,0,0,0,0.5843635459889818,0.4684585881677094,0.5843635459889818,0.4684585881677094,1.0,1,0.663596543433166,65
4678,0,7003,7003,0,0,0,0,0.5778692263950596,0.4684585881677094,0.5778692263950596,0.4684585881677094,1.0,1,0.6724547469558271,64
4679,1,7004,7004,0,0,0,0,0.5590783960241339,0.4467844240143234,0.5590783960241339,0.4467844240143234,1.0,1,0.6699448190754289,66
4680,0,7004,7004,0,0,0,0,0.549442609463774,0.4443291146160708,0.549442609463774,0.4443291146160708,1.0,1,0.6703289376854645,67
4681,2,7006,7006,0,0,0,0,0.5386777339448651,0.42519158506086413,0.5386777339448651,0.42519158506086413,1.0,1,0.6800949337139078,67
4682,2,7008,7008,0,0,0,0,0.5420033453542108,0.4211657632182355,0.5420033453542108,0.4211657632182355,1.0,1,0.6852787285885809,67
4683,3,7011,7011,0,0,0,0,0.5282398668022098,0.40918173786845485,0.5282398668022098,0.40918173786845485,1.0,1,0.6923689534593312,67
4684,1,7012,7012,0,0,0,0,0.5369637532088223,0.40918173786845485,0.5369637532088223,0.40918173786845485,1.0,1,0.695215072925041,66
4685,1,7013,7013,0,0,0,0,0.5459830209291835,0.40918173786845485,0.5459830209291835,0.40918173786845485,1.0,1,0.6987053487388434,65
4686,0,7013,7013,0,0,0,0,0.5435238902121348,0.40918173786845485,0.5435238902121348,0.40918173786845485,1.0,1,0.6985218450858739,65
4687,1,7014,7014,0,0,0,0,0.5460664642985514,0.40918173786845485,0.5460664642985514,0.40918173786845485,1.0,1,0.6954937240899964,65
4688,2,7016,7016,0,0,0,0,0.5537399639842386,0.42085972196710675,0.5537399639842386,0.42085972196710675,1.0,1,0.6944220788068377,64
4689,3,7019,7019,0,0,0,0,0.531939238621658,0.4089883745870385,0.531939238621658,0.4089883745870385,1.0,1,0.7000736184265636,65
4690,1,7020,7020,0,0,0,0,0.5612379997204451,0.4323500448970672,0.5612379997204451,0.4323500448970672,1.0,1,0.6935547400223593,63
4691,3,7023,7023,0,0,0,0,0.5521644942768631,0.42119106045170235,0.5521644942768631,0.42119106045170235,1.0,1,0.6911645805320024,64
4692,1,7024,7024,0,0,0,0,0.5909581907617022,0.4466066506801129,0.5909581907617022,0.4466066506801129,1.0,1,0.6755358427067966,63
4693,5,7029,7029,0,0,0,0,0.569146760923021,0.42819460432580714,0.569146760923021,0.42819460432580714,1.0,1,0.6758491197092669,64
4694,1,7030,7030,0,0,0,0,0.6111315676385823,0.42819460432580714,0.6111315676385823,0.42819460432580714,1.0,1,0.6675855877395042,63
4695,2,7032,7032,0,0,0,0,0.6172726967769755,0.4112582812158387,0.6172726967769755,0.4112582812158387,1.0,1,0.6664152485861737,62
4696,2,7034,7034,0,0,0,0,0.6276041223819881,0.41708081812896836,0.6276041223819881,0.41708081812896836,1.0,1,0.6689307309353143,61
4697,2,7036,7036,0,0,0,0,0.6541443242245082,0.41708081812896836,0.6541443242245082,0.41708081812896836,1.0,1,0.6422234219512006,63
4698,3,7039,7039,0,0,0,0,0.6692054854619895,0.45407094774534384,0.6692054854619895,0.45407094774534384,1.0,1,0.6222709178486907,63
4699,2,7041,7041,0,0,0,0,0.6654378391702583,0.42344799427990126,0.6654378391702583,0.42344799427990126,1.0,1,0.6072847195019505,65
4700,1,7042,7042,0,0,0,0,0.6749840120207277,0.4382066029814883,0.6749840120207277,0.4382066029814883,1.0,1,0.5999678401809103,64
4701,1,7043,7043,0,0,0,0,0.6749840120207277,0.4382066029814883,0.6749840120207277,0.4382066029814883,1.0,1,0.5962018089474834,64
4702,2,7045,7045,0,0,0,0,0.6677992547191748,0.4382066029814883,0.6677992547191748,0.4382066029814883,1.0,1,0.5821539639863601,66
4703,2,7047,7047,0,0,0,0,0.6774529055641945,0.4547855468643466,0.6774529055641945,0.4547855468643466,1.0,1,0.5870947980762805,65
4704,4,7051,7051,0,0,0,0,0.685730557591239,0.46813782386569436,0.685730557591239,0.46813782386569436,1.0,1,0.6042678634069659,64
4705,4,7055,7055,0,0,0,0,0.6704102819621789,0.48494201469570286,0.6704102819621789,0.48494201469570286,1.0,1,0.6038315660614925,65
4706,3,7058,7058,0,0,0,0,0.6708143360635465,0.48687768053105057,0.6708143360635465,0.48687768053105057,1.0,1,0.5951864931047425,65
4707,2,7060,7060,0,0,0,0,0.694271316011155,0.4851074132603072,0.694271316011155,0.4851074132603072,1.0,1,0.5925032934608087,63
4708,0,7060,7060,0,0,0,0,0.6911406534801673,0.4851074132603072,0.6911406534801673,0.4851074132603072,1.0,1,0.5946294933644701,62
4709,5,7065,7065,0,0,0,0,0.6402548666212333,0.4844790001675048,0.6402548666212333,0.4844790001675048,1.0,1,0.6332647289482626,61
4710,0,7065,7065,0,0,0,0,0.6498583107394184,0.4844790001675048,0.6498583107394184,0.4844790001675048,1.0,1,0.6359493466104492,60
4711,3,7068,7068,0,0,0,0,0.624891930559687,0.5087876263050902,0.624891930559687,0.5087876263050902,1.0,1,0.6535273417116475,59
4712,0,7068,7068,0,0,0,0,0.6320626200334223,0.5087876263050902,0.6320626200334223,0.5087876263050902,1.0,1,0.6560551810175327,58
4713,3,7071,7071,0,0,0,0,0.6114105208320623,0.5005367306874055,0.6114105208320623,0.5005367306874055,1.0,1,0.6580203237497377,58
4714,0,7071,7071,0,0,0,0,0.6192951330163787,0.5005367306874055,0.6192951330163787,0.5005367306874055,1.0,1,0.6608472707062575,57
4715,1,7072,7072,0,0,0,0,0.6350283241663697,0.5201933281768572,0.6350283241663697,0.5201933281768572,1.0,1,0.6533848547521194,57
4716,1,7073,7073,0,0,0,0,0.6626074212822121,0.5201933281768572,0.6626074212822121,0.5201933281768572,1.0,1,0.6599654965891001,55
4717,0,7073,7073,0,0,0,0,0.6385104552269384,0.49471541988420803,0.6385104552269384,0.49471541988420803,1.0,1,0.6602227973431947,57
4718,2,7075,7075,0,0,0,0,0.6881681880069394,0.49471541988420803,0.6881681880069394,0.49471541988420803,1.0,1,0.6469760551834105,56
4719,2,7077,7077,0,0,0,0,0.7074612365585893,0.4653462372285067,0.7074612365585893,0.4653462372285067,1.0,1,0.6525107164782954,56
4720,1,7078,7078,0,0,0,0,0.7134948270236339,0.4653462372285067,0.7134948270236339,0.4653462372285067,1.0,1,0.642948767013389,57
4721,1,7079,7079,0,0,0,0,0.7134948270236339,0.4653462372285067,0.7134948270236339,0.4653462372285067,1.0,1,0.6390217502821548,57
4722,3,7082,7082,0,0,0,0,0.7135584095590213,0.44813584027548414,0.7135584095590213,0.44813584027548414,1.0,1,0.6389531453779284,57
4723,0,7082,7082,0,0,0,0,0.7188914519740107,0.49869783715563276,0.7188914519740107,0.49869783715563276,1.0,1,0.6265665905684754,57
4724,3,7085,7085,0,0,0,0,0.7177150756321558,0.5485927493484383,0.7177150756321558,0.5485927493484383,1.0,1,0.6167954811931253,57
4725,0,7085,7085,0,0,0,0,0.7037914046899428,0.5485282827402473,0.7037914046899428,0.5485282827402473,1.0,1,0.6271132698033444,57
4726,3,7088,7088,0,0,0,0,0.7020367993156491,0.5312932833583404,0.7020367993156491,0.5312932833583404,1.0,1,0.6262164433005357,57
4727,2,7090,7090,0,0,0,0,0.6766076050575414,0.5049780078272493,0.6766076050575414,0.5049780078272493,1.0,1,0.6508319300135247,56
4728,2,7092,7092,0,0,0,0,0.6469531213479325,0.5049780078272493,0.6469531213479325,0.5049780078272493,1.0,1,0.6592074614665744,57
4729,0,7092,7092,0,0,0,0,0.6406487128005741,0.5049780078272493,0.6406487128005741,0.5049780078272493,1.0,1,0.6661984013867299,56
4730,2,7094,7094,0,0,0,0,0.6644365666194751,0.4877390777672808,0.6644365666194751,0.4877390777672808,1.0,1,0.6696048222884878,54
4731,0,7094,7094,0,0,0,0,0.6644365666194751,0.4877390777672808,0.6644365666194751,0.4877390777672808,1.0,1,0.6700892613923392,54
4732,4,7098,7098,0,0,0,0,0.6971818289948809,0.455884760821276,0.6971818289948809,0.455884760821276,1.0,1,0.6650856007827035,54
4733,0,7098,7098,0,0,0,0,0.6891709618938561,0.455884760821276,0.6891709618938561,0.455884760821276,1.0,1,0.6623436985346313,55
4734,1,7099,7099,0,0,0,0,0.6760746767286757,0.42367098557329896,0.6760746767286757,0.42367098557329896,1.0,1,0.66953093616389,56
4735,3,7102,7102,0,0,0,0,0.6634099010349042,0.3852916968933592,0.6634099010349042,0.3852916968933592,1.0,1,0.6939633074972228,56
4736,1,7103,7103,0,0,0,0,0.6349520029954404,0.37498170543677906,0.6349520029954404,0.37498170543677906,1.0,1,0.6938493211347637,58
4737,0,7103,7103,0,0,0,0,0.6233180842618697,0.37498170543677906,0.6233180842618697,0.37498170543677906,1.0,1,0.6890191833614224,59
4738,3,7106,7106,0,0,0,0,0.6253723937248916,0.3823787233029362,0.6253723937248916,0.3823787233029362,1.0,1,0.6789279373514201,60
4739,0,7106,7106,0,0,0,0,0.6253723937248916,0.3823787233029362,0.6253723937248916,0.3823787233029362,1.0,1,0.6789279373514201,60
4740,2,7108,7108,0,0,0,0,0.6409677112053029,0.411043617460193,0.6409677112053029,0.411043617460193,1.0,1,0.6609418309716849,60
4741,3,7111,7111,0,0,0,0,0.6783087766229299,0.44245744351407296,0.6783087766229299,0.44245744351407296,1.0,1,0.6326203532412064,61
4742,2,7113,7113,0,0,0,0,0.6619022612230837,0.4653199735117322,0.6619022612230837,0.4653199735117322,1.0,1,0.6373258437197363,61
4743,3,7116,7116,0,0,0,0,0.6918988485259333,0.4937321439044146,0.6918988485259333,0.4937321439044146,1.0,1,0.6155189318441585,60
4744,1,7117,7117,0,0,0,0,0.673882271360685,0.4937321439044146,0.673882271360685,0.4937321439044146,1.0,1,0.6219722548292206,60
4745,3,7120,7120,0,0,0,0,0.6826298207854783,0.541024107868901,0.6826298207854783,0.541024107868901,1.0,1,0.6142819539203418,59
4746,2,7122,7122,0,0,0,0,0.6793991644846918,0.5214141548172094,0.6793991644846918,0.5214141548172094,1.0,1,0.6202342361906723,59
4747,5,7127,7127,0,0,0,0,0.6819012388897346,0.5183945662263116,0.6819012388897346,0.5183945662263116,1.0,1,0.6159023431043542,58
4748,2,7129,7129,0,0,0,0,0.686446404870801,0.5285067743616128,0.686446404870801,0.5285067743616128,1.0,1,0.6119081598851656,58
4749,1,7130,7130,0,0,0,0,0.6999202844613452,0.5292583056498793,0.6999202844613452,0.5292583056498793,1.0,1,0.5976209957249836,58
4750,1,7131,7131,0,0,0,0,0.7036526675907909,0.5608115886435499,0.7036526675907909,0.5608115886435499,1.0,1,0.5976363421376744,56
4751,2,7133,7133,0,0,0,0,0.6779162978910376,0.5059467120666763,0.6779162978910376,0.5059467120666763,1.0,1,0.6135937718047992,58
4752,2,7135,7135,0,0,0,0,0.6811337315197671,0.5105744050116366,0.6811337315197671,0.5105744050116366,1.0,1,0.6307693990568425,55
4753,1,7136,7136,0,0,0,0,0.6811337315197671,0.5105744050116366,0.6811337315197671,0.5105744050116366,1.0,1,0.6357749203196166,55
4754,1,7137,7137,0,0,0,0,0.6773739856818746,0.5276949902101026,0.6773739856818746,0.5276949902101026,1.0,1,0.6409125290233699,54
4755,0,7137,7137,0,0,0,0,0.673249957961186,0.5479544769152105,0.673249957961186,0.5479544769152105,1.0,1,0.6381590881094624,54
4756,1,7138,7138,0,0,0,0,0.6570304061202583,0.5479544769152105,0.6570304061202583,0.5479544769152105,1.0,1,0.6494063414760146,54
4757,0,7138,7138,0,0,0,0,0.6713606127499063,0.5821873728187001,0.6713606127499063,0.5821873728187001,1.0,1,0.6443711913968099,53
4758,3,7141,7141,0,0,0,0,0.7270578905231028,0.5827475739116829,0.7270578905231028,0.5827475739116829,1.0,1,0.6150244194449873,53
4759,1,7142,7142,0,0,0,0,0.7481969462115258,0.5827475739116829,0.7481969462115258,0.5827475739116829,1.0,1,0.6012411106023617,53
4760,2,7144,7144,0,0,0,0,0.7861434582231401,0.5827475739116829,0.7861434582231401,0.5827475739116829,1.0,1,0.5840658588162501,53
4761,4,7148,7148,0,0,0,0,0.8272710529993781,0.5559410721648695,0.8272710529993781,0.5559410721648695,1.0,1,0.5749254145934369,52
4762,3,7151,7151,0,0,0,0,0.8110428835328739,0.49642430915213176,0.8110428835328739,0.49642430915213176,1.0,1,0.5899681194371053,54
4763,4,7155,7155,0,0,0,0,0.7370238765767964,0.49642430915213176,0.7370238765767964,0.49642430915213176,1.0,1,0.6134121363939694,54
4764,1,7156,7156,0,0,0,0,0.7219574518840011,0.4684217476912236,0.7219574518840011,0.4684217476912236,1.0,1,0.6226633957533947,55
4765,2,7158,7158,0,0,0,0,0.6874073295067483,0.4684217476912236,0.6874073295067483,0.4684217476912236,1.0,1,0.6351031345353791,56
4766,2,7160,7160,0,0,0,0,0.6992467838176444,0.4554110352462123,0.6992467838176444,0.4554110352462123,1.0,1,0.618603531688008,58
4767,1,7161,7161,0,0,0,0,0.7043442959563283,0.4554110352462123,0.7043442959563283,0.4554110352462123,1.0,1,0.6128114482487079,59
4768,1,7162,7162,0,0,0,0,0.6926802137097057,0.43580617985111497,0.6926802137097057,0.43580617985111497,1.0,1,0.6186788497458758,60
4769,1,7163,7163,0,0,0,0,0.6861622062599975,0.461025306202732,0.6861622062599975,0.461025306202732,1.0,1,0.6221074432401144,59
4770,1,7164,7164,0,0,0,0,0.6722650983631279,0.45647591644309754,0.6722650983631279,0.45647591644309754,1.0,1,0.6239006268917259,60
4771,1,7165,7165,0,0,0,0,0.6515132451654913,0.45647591644309754,0.6515132451654913,0.45647591644309754,1.0,1,0.6418989646215016,59
4772,1,7166,7166,0,0,0,0,0.6316972137678358,0.45647591644309754,0.6316972137678358,0.45647591644309754,1.0,1,0.6568833143835814,59
4773,0,7166,7166,0,0,0,0,0.6378355935383718,0.45647591644309754,0.6378355935383718,0.45647591644309754,1.0,1,0.6500723362478158,60
4774,0,7166,7166,0,0,0,0,0.6378355935383718,0.45647591644309754,0.6378355935383718,0.45647591644309754,1.0,1,0.6500723362478158,60
4775,0,7166,7166,0,0,0,0,0.6495183163274567,0.45647591644309754,0.6495183163274567,0.45647591644309754,1.0,1,0.6362375324010315,62
4776,0,7166,7166,0,0,0,0,0.6550815176555923,0.45647591644309754,0.6550815176555923,0.45647591644309754,1.0,1,0.6301849789070628,63
4777,0,7166,7166,0,0,0,0,0.6550815176555923,0.45647591644309754,0.6550815176555923,0.45647591644309754,1.0,1,0.6301849789070628,63
4778,1,7167,7167,0,0,0,0,0.6724012377823773,0.45647591644309754,0.6724012377823773,0.45647591644309754,1.0,1,0.6134462064421584,63
4779,2,7169,7169,0,0,0,0,0.689577894436961,0.48212378718985405,0.689577894436961,0.48212378718985405,1.0,1,0.5972267410349968,63
4780,3,7172,7172,0,0,0,0,0.7033888632263139,0.4954217211533446,0.7033888632263139,0.4954217211533446,1.0,1,0.5726660009081868,65
4781,0,7172,7172,0,0,0,0,0.7165964251677647,0.5289647117943909,0.7165964251677647,0.5289647117943909,1.0,1,0.5660566882513688,64
4782,2,7174,7174,0,0,0,0,0.7137647872602556,0.5836686335718294,0.7137647872602556,0.5836686335718294,1.0,1,0.544344470447993,65
4783,3,7177,7177,0,0,0,0,0.6985098336132237,0.5836686335718294,0.6985098336132237,0.5836686335718294,1.0,1,0.5447587066967962,66
4784,3,7180,7180,0,0,0,0,0.7436145162582344,0.6304893705223171,0.7436145162582344,0.6304893705223171,1.0,1,0.5252540847868471,64
4785,4,7184,7184,0,0,0,0,0.7654391928726845,0.660906552613046,0.7654391928726845,0.660906552613046,1.0,1,0.49474116538834656,65
4786,5,7189,7189,0,0,0,0,0.7561916281648041,0.595265249034125,0.7561916281648041,0.595265249034125,1.0,1,0.5110226167266579,66
4787,2,7191,7191,0,0,0,0,0.786633322555384,0.6003223857762845,0.786633322555384,0.6003223857762845,1.0,1,0.5154084690689918,63
4788,6,7197,7197,0,0,0,0,0.7498404115620392,0.5654047108931979,0.7498404115620392,0.5654047108931979,1.0,1,0.5357127127871821,63
4789,4,7201,7201,0,0,0,0,0.7278516451540915,0.5583388198376099,0.7278516451540915,0.5583388198376099,1.0,1,0.5699855016485152,60
4790,4,7205,7205,0,0,0,0,0.683736894515308,0.5239172653857016,0.683736894515308,0.5239172653857016,1.0,1,0.5859314768659991,61
4791,4,7209,7209,0,0,0,0,0.6365327075460823,0.47955263404068754,0.6365327075460823,0.47955263404068754,1.0,1,0.6183456141468486,59
4792,4,7213,7213,0,0,0,0,0.6527730034595677,0.504530702290272,0.6527730034595677,0.504530702290272,1.0,1,0.6094094573792125,59
4793,1,7214,7214,0,0,0,0,0.6802826094124645,0.5199267836199419,0.6802826094124645,0.5199267836199419,1.0,1,0.5828281398913527,61
4794,2,7216,7216,0,0,0,0,0.6417303384356454,0.4811526295509066,0.6417303384356454,0.4811526295509066,1.0,1,0.6037295559985844,60
4795,0,7216,7216,0,0,0,0,0.6476036115760447,0.4811526295509066,0.6476036115760447,0.4811526295509066,1.0,1,0.6043836953070187,61
4796,5,7221,7221,0,0,0,0,0.6212327129971028,0.47918291739725344,0.6212327129971028,0.47918291739725344,1.0,1,0.6165546987165579,60
4797,5,7226,7226,0,0,0,0,0.6217614774013183,0.4583907390155259,0.6217614774013183,0.4583907390155259,1.0,1,0.6416802925300116,61
4798,1,7227,7227,0,0,0,0,0.6218795376769668,0.4721931526888031,0.6218795376769668,0.4721931526888031,1.0,1,0.6413661710346745,61
4799,2,7229,7229,0,0,0,0,0.6408509343509107,0.47938192905187743,0.6408509343509107,0.47938192905187743,1.0,1,0.6404375199060816,59
4800,1,7230,7230,0,0,0,0,0.6284234361398325,0.4938200561847112,0.6284234361398325,0.4938200561847112,1.0,1,0.6430592855008755,57
4801,2,7232,7232,0,0,0,0,0.6690604273208863,0.4938200561847112,0.6690604273208863,0.4938200561847112,1.0,1,0.6218696791488992,58
4802,1,7233,7233,0,0,0,0,0.657311956681459,0.47131159578062354,0.657311956681459,0.47131159578062354,1.0,1,0.6313755738465145,56
4803,3,7236,7236,0,0,0,0,0.7023037831163925,0.48988230500742125,0.7023037831163925,0.48988230500742125,1.0,1,0.6157346399286725,57
4804,3,7239,7239,0,0,0,0,0.74432684529094,0.5142453205076696,0.74432684529094,0.5142453205076696,1.0,1,0.609011904870491,55
4805,1,7240,7240,0,0,0,0,0.7288442162950373,0.5142453205076696,0.7288442162950373,0.5142453205076696,1.0,1,0.6042525197580697,56
4806,0,7240,7240,0,0,0,0,0.745684274701608,0.5142453205076696,0.745684274701608,0.5142453205076696,1.0,1,0.6079701909437294,55
4807,0,7240,7240,0,0,0,0,0.7378205741885961,0.5142453205076696,0.7378205741885961,0.5142453205076696,1.0,1,0.6142373457250433,53
4808,0,7240,7240,0,0,0,0,0.7426757487406592,0.5142453205076696,0.7426757487406592,0.5142453205076696,1.0,1,0.6058147692171639,54
4809,0,7240,7240,0,0,0,0,0.7378205741885961,0.5142453205076696,0.7378205741885961,0.5142453205076696,1.0,1,0.6095303114760495,53
4810,0,7240,7240,0,0,0,0,0.7378205741885961,0.5142453205076696,0.7378205741885961,0.5142453205076696,1.0,1,0.6095303114760495,53
4811,0,7240,7240,0,0,0,0,0.7426757487406591,0.5142453205076696,0.7426757487406591,0.5142453205076696,1.0,1,0.6008425647990452,54
4812,2,7242,7242,0,0,0,0,0.7038304257405165,0.5142453205076696,0.7038304257405165,0.5142453205076696,1.0,1,0.6176497548470408,54
4813,0,7242,7242,0,0,0,0,0.7092153270906889,0.5142453205076696,0.7092153270906889,0.5142453205076696,1.0,1,0.6147729679247511,55
4814,1,7243,7243,0,0,0,0,0.6931724466060832,0.5142453205076696,0.6931724466060832,0.5142453205076696,1.0,1,0.6210010184343325,55
4815,0,7243,7243,0,0,0,0,0.698651510059546,0.5142453205076696,0.698651510059546,0.5142453205076696,1.0,1,0.6177792412695607,56
4816,3,7246,7246,0,0,0,0,0.6802355550051745,0.5142453205076696,0.6802355550051745,0.5142453205076696,1.0,1,0.629882742916443,56
4817,1,7247,7247,0,0,0,0,0.642478832489592,0.4739022589923406,0.642478832489592,0.4739022589923406,1.0,1,0.6478852659382722,58
4818,5,7252,7252,0,0,0,0,0.6518237532590796,0.5010851973782243,0.6518237532590796,0.5010851973782243,1.0,1,0.6415419588657525,58
4819,0,7252,7252,0,0,0,0,0.6518237532590796,0.5010851973782243,0.6518237532590796,0.5010851973782243,1.0,1,0.6362400105060112,58
4820,3,7255,7255,0,0,0,0,0.6997747771359333,0.5221286860307913,0.6997747771359333,0.5221286860307913,1.0,1,0.6030405793108548,58
4821,1,7256,7256,0,0,0,0,0.7025465074438457,0.5337043900989726,0.7025465074438457,0.5337043900989726,1.0,1,0.5969041769515423,58
4822,2,7258,7258,0,0,0,0,0.7336233740251396,0.5582796852559246,0.7336233740251396,0.5582796852559246,1.0,1,0.5744059502983798,58
4823,3,7261,7261,0,0,0,0,0.7328792121294255,0.5315174580626574,0.7328792121294255,0.5315174580626574,1.0,1,0.5841563657066766,57
4824,1,7262,7262,0,0,0,0,0.7281091980603082,0.5315174580626574,0.7281091980603082,0.5315174580626574,1.0,1,0.5966018000022031,56
4825,2,7264,7264,0,0,0,0,0.7134301305428963,0.5032868837224213,0.7134301305428963,0.5032868837224213,1.0,1,0.5892064983932229,57
4826,0,7264,7264,0,0,0,0,0.7134301305428963,0.5032868837224213,0.7134301305428963,0.5032868837224213,1.0,1,0.5892064983932229,57
4827,2,7266,7266,0,0,0,0,0.7080355335924621,0.5107457331602118,0.7080355335924621,0.5107457331602118,1.0,1,0.5923671952594606,56
4828,4,7270,7270,0,0,0,0,0.7213182470126763,0.4605305513844773,0.7213182470126763,0.4605305513844773,1.0,1,0.5881704126604279,57
4829,1,7271,7271,0,0,0,0,0.7338153866948182,0.48048746622864746,0.7338153866948182,0.48048746622864746,1.0,1,0.5795597015649896,56
4830,0,7271,7271,0,0,0,0,0.7384852921914002,0.48048746622864746,0.7384852921914002,0.48048746622864746,1.0,1,0.5702077966508455,57
4831,1,7272,7272,0,0,0,0,0.7374776708789089,0.5061530090596781,0.7374776708789089,0.5061530090596781,1.0,1,0.565739868544615,57
4832,1,7273,7273,0,0,0,0,0.745244854130175,0.529072646365753,0.745244854130175,0.529072646365753,1.0,1,0.5726360794007782,55
4833,1,7274,7274,0,0,0,0,0.7452448541301752,0.529072646365753,0.7452448541301752,0.529072646365753,1.0,1,0.5774779241733885,55
4834,2,7276,7276,0,0,0,0,0.7306745634760284,0.5480756887492164,0.7306745634760284,0.5480756887492164,1.0,1,0.5842642391218243,55
4835,0,7276,7276,0,0,0,0,0.7306745634760287,0.5480756887492164,0.7306745634760287,0.5480756887492164,1.0,1,0.5855428088539643,55
4836,2,7278,7278,0,0,0,0,0.7328291991297028,0.5001328726273329,0.7328291991297028,0.5001328726273329,1.0,1,0.5924913192333288,55
4837,1,7279,7279,0,0,0,0,0.743250469782849,0.5327329736820369,0.743250469782849,0.5327329736820369,1.0,1,0.5980821339380125,53
4838,2,7281,7281,0,0,0,0,0.7485301386021858,0.4904975516087863,0.7485301386021858,0.4904975516087863,1.0,1,0.5979347209092122,54
4839,4,7285,7285,0,0,0,0,0.7348380673387496,0.555748294714017,0.7348380673387496,0.555748294714017,1.0,1,0.5965552450608261,53
4840,0,7285,7285,0,0,0,0,0.748785157336531,0.5878752892587171,0.748785157336531,0.5878752892587171,1.0,1,0.5911279773070253,52
4841,3,7288,7288,0,0,0,0,0.7366229543067374,0.5404957023766614,0.7366229543067374,0.5404957023766614,1.0,1,0.6082434449249758,51
4842,1,7289,7289,0,0,0,0,0.7272708150552354,0.5639601374527293,0.7272708150552354,0.5639601374527293,1.0,1,0.6185413616353084,50
4843,3,7292,7292,0,0,0,0,0.6989112378496931,0.5094769899779603,0.6989112378496931,0.5094769899779603,1.0,1,0.6385838309118382,51
4844,3,7295,7295,0,0,0,0,0.6992250865638625,0.48471099906867215,0.6992250865638625,0.48471099906867215,1.0,1,0.6474286363759976,50
4845,0,7295,7295,0,0,0,0,0.7145645102766731,0.5115668827902986,0.7145645102766731,0.5115668827902986,1.0,1,0.6422230088400226,49
4846,1,7296,7296,0,0,0,0,0.7136696186780338,0.5146342900425813,0.7136696186780338,0.5146342900425813,1.0,1,0.6379029464500088,49
4847,0,7296,7296,0,0,0,0,0.7274896015390101,0.5390723873421294,0.7274896015390101,0.5390723873421294,1.0,1,0.633428362908779,48
4848,2,7298,7298,0,0,0,0,0.7033774774566757,0.5148005744239766,0.7033774774566757,0.5148005744239766,1.0,1,0.6480537882443196,48
4849,2,7300,7300,0,0,0,0,0.7399100304073678,0.5519542539727438,0.7399100304073678,0.5519542539727438,1.0,1,0.6225628152871574,48
4850,0,7300,7300,0,0,0,0,0.7301035194162302,0.5519542539727438,0.7301035194162302,0.5519542539727438,1.0,1,0.6200424797478293,49
4851,0,7300,7300,0,0,0,0,0.7489605359158457,0.5799511988229733,0.7489605359158457,0.5799511988229733,1.0,1,0.6029350778511066,49
4852,0,7300,7300,0,0,0,0,0.7294063723142836,0.5500564646396668,0.7294063723142836,0.5500564646396668,1.0,1,0.6234166511992438,49
4853,0,7300,7300,0,0,0,0,0.734818244867998,0.5500564646396668,0.734818244867998,0.5500564646396668,1.0,1,0.6183661256836882,50
4854,1,7301,7301,0,0,0,0,0.7231173442140925,0.5319051083519534,0.7231173442140925,0.5319051083519534,1.0,1,0.6205015046789873,51
4855,0,7301,7301,0,0,0,0,0.7231173442140925,0.5319051083519534,0.7231173442140925,0.5319051083519534,1.0,1,0.6205015046789873,51
4856,2,7303,7303,0,0,0,0,0.7563925358158551,0.5319051083519534,0.7563925358158551,0.5319051083519534,1.0,1,0.6189569862657918,50
4857,0,7303,7303,0,0,0,0,0.7611691527606422,0.5319051083519534,0.7611691527606422,0.5319051083519534,1.0,1,0.6118163697130943,51
4858,2,7305,7305,0,0,0,0,0.8240755057175199,0.5319051083519534,0.8240755057175199,0.5319051083519534,1.0,1,0.5747358209263616,51
4859,0,7305,7305,0,0,0,0,0.8072794049668711,0.502843766268545,0.8072794049668711,0.502843766268545,1.0,1,0.5812538500228354,52
4860,1,7306,7306,0,0,0,0,0.8072794049668711,0.502843766268545,0.8072794049668711,0.502843766268545,1.0,1,0.5814208831471033,52
4861,1,7307,7307,0,0,0,0,0.7921433993496757,0.475409531692039,0.7921433993496757,0.475409531692039,1.0,1,0.572089662517164,53
4862,1,7308,7308,0,0,0,0,0.7921433993496758,0.475409531692039,0.7921433993496758,0.475409531692039,1.0,1,0.582788729973086,53
4863,0,7308,7308,0,0,0,0,0.7839921601084865,0.475409531692039,0.7839921601084865,0.475409531692039,1.0,1,0.5914903027558859,51
4864,2,7310,7310,0,0,0,0,0.7963684566315671,0.5111314999012743,0.7963684566315671,0.5111314999012743,1.0,1,0.5788666733541994,53
4865,1,7311,7311,0,0,0,0,0.7926673195598126,0.5388803923480727,0.7926673195598126,0.5388803923480727,1.0,1,0.5810792777642071,52
4866,2,7313,7313,0,0,0,0,0.7963530234881858,0.5748728183031421,0.7963530234881858,0.5748728183031421,1.0,1,0.5831606883079001,53
4867,1,7314,7314,0,0,0,0,0.8083505384552367,0.5748728183031421,0.8083505384552367,0.5748728183031421,1.0,1,0.592358762450947,51
4868,2,7316,7316,0,0,0,0,0.7611294262056797,0.5748728183031421,0.7611294262056797,0.5748728183031421,1.0,1,0.5951527698678601,53
4869,0,7316,7316,0,0,0,0,0.7611294262056797,0.5748728183031421,0.7611294262056797,0.5748728183031421,1.0,1,0.5951527698678601,53
4870,3,7319,7319,0,0,0,0,0.7752443502674772,0.5748728183031421,0.7752443502674772,0.5748728183031421,1.0,1,0.5671251070471511,55
4871,1,7320,7320,0,0,0,0,0.7613235015699636,0.5748728183031421,0.7613235015699636,0.5748728183031421,1.0,1,0.5736214709693764,55
4872,5,7325,7325,0,0,0,0,0.7515222865637338,0.5176390420883409,0.7515222865637338,0.5176390420883409,1.0,1,0.5855691049272227,56
4873,0,7325,7325,0,0,0,0,0.7515222865637338,0.5176390420883409,0.7515222865637338,0.5176390420883409,1.0,1,0.5855691049272227,56
4874,3,7328,7328,0,0,0,0,0.7280321789852154,0.46515813293208785,0.7280321789852154,0.46515813293208785,1.0,1,0.5936141581638422,58
4875,0,7328,7328,0,0,0,0,0.755527460500382,0.5158575165692414,0.755527460500382,0.5158575165692414,1.0,1,0.584128037122232,56
4876,4,7332,7332,0,0,0,0,0.7477031340332038,0.48690971949204664,0.7477031340332038,0.48690971949204664,1.0,1,0.5972177689481343,56
4877,2,7334,7334,0,0,0,0,0.7231538324600797,0.4729107071053578,0.7231538324600797,0.4729107071053578,1.0,1,0.6268227335150622,54
4878,2,7336,7336,0,0,0,0,0.7062507376728825,0.4247332438517154,0.7062507376728825,0.4247332438517154,1.0,1,0.6471888129179126,54
4879,2,7338,7338,0,0,0,0,0.727328193726133,0.4949682199765973,0.727328193726133,0.4949682199765973,1.0,1,0.621285712402457,54
4880,0,7338,7338,0,0,0,0,0.7651450617689733,0.5616472858975236,0.7651450617689733,0.5616472858975236,1.0,1,0.5980061395377628,53
4881,3,7341,7341,0,0,0,0,0.7097775094268504,0.4576170441816621,0.7097775094268504,0.4576170441816621,1.0,1,0.6402506180712016,54
4882,1,7342,7342,0,0,0,0,0.7363258749275664,0.5234585831943318,0.7363258749275664,0.5234585831943318,1.0,1,0.6271459983715936,52
4883,1,7343,7343,0,0,0,0,0.7102251784066895,0.4787448091642918,0.7102251784066895,0.4787448091642918,1.0,1,0.6320871977581826,54
4884,1,7344,7344,0,0,0,0,0.7190210094940535,0.5033008886354269,0.7190210094940535,0.5033008886354269,1.0,1,0.6306402632608109,52
4885,1,7345,7345,0,0,0,0,0.7192355614845359,0.5172018953983101,0.7192355614845359,0.5172018953983101,1.0,1,0.6302638653660594,51
4886,0,7345,7345,0,0,0,0,0.7342868489850468,0.544728430845276,0.7342868489850468,0.544728430845276,1.0,1,0.6249697234454128,50
4887,0,7345,7345,0,0,0,0,0.7504539901289405,0.5764458781037506,0.7504539901289405,0.5764458781037506,1.0,1,0.6192636974601801,49
4888,1,7346,7346,0,0,0,0,0.7636177046088513,0.6345134432835192,0.7636177046088513,0.6345134432835192,1.0,1,0.6109464019876595,48
4889,0,7346,7346,0,0,0,0,0.7636177046088513,0.6345134432835192,0.7636177046088513,0.6345134432835192,1.0,1,0.6109464019876595,48
4890,0,7346,7346,0,0,0,0,0.7636177046088511,0.6345134432835192,0.7636177046088511,0.6345134432835192,1.0,1,0.6109464019876595,48
4891,2,7348,7348,0,0,0,0,0.7005035108820789,0.5228875373908418,0.7005035108820789,0.5228875373908418,1.0,1,0.6527170156084294,49
4892,0,7348,7348,0,0,0,0,0.6710178254085177,0.4911464462399449,0.6710178254085177,0.4911464462399449,1.0,1,0.6588919350100568,51
4893,0,7348,7348,0,0,0,0,0.6700194899731796,0.48872191732555226,0.6700194899731796,0.48872191732555226,1.0,1,0.6593611552248608,51
4894,1,7349,7349,0,0,0,0,0.6603964266233759,0.48872191732555226,0.6603964266233759,0.48872191732555226,1.0,1,0.6616292223144439,52
4895,0,7349,7349,0,0,0,0,0.6603964266233759,0.48872191732555226,0.6603964266233759,0.48872191732555226,1.0,1,0.6616292223144439,52
4896,3,7352,7352,0,0,0,0,0.6700194899731796,0.48872191732555226,0.6700194899731796,0.48872191732555226,1.0,1,0.6644917927969656,51
4897,0,7352,7352,0,0,0,0,0.676365269012157,0.48872191732555226,0.676365269012157,0.48872191732555226,1.0,1,0.6550043313130997,52
4898,4,7356,7356,0,0,0,0,0.6955726446471644,0.48872191732555226,0.6955726446471644,0.48872191732555226,1.0,1,0.6346471368545206,52
4899,0,7356,7356,0,0,0,0,0.7013165570123121,0.48872191732555226,0.7013165570123121,0.48872191732555226,1.0,1,0.6270788710415751,53
4900,3,7359,7359,0,0,0,0,0.7068477318824544,0.48872191732555226,0.7068477318824544,0.48872191732555226,1.0,1,0.59493333743835,54
4901,3,7362,7362,0,0,0,0,0.7068477318824544,0.48872191732555226,0.7068477318824544,0.48872191732555226,1.0,1,0.6153964697479093,54
4902,1,7363,7363,0,0,0,0,0.7162568970390811,0.4717955827278653,0.7162568970390811,0.4717955827278653,1.0,1,0.6095240782137243,55
4903,1,7364,7364,0,0,0,0,0.681199795013759,0.4451619824451923,0.681199795013759,0.4451619824451923,1.0,1,0.632455350267521,56
4904,0,7364,7364,0,0,0,0,0.6754034276503729,0.4451619824451923,0.6754034276503729,0.4451619824451923,1.0,1,0.6402003600258629,55
4905,1,7365,7365,0,0,0,0,0.6693923800142686,0.4451619824451923,0.6693923800142686,0.4451619824451923,1.0,1,0.6485982840438486,54
4906,1,7366,7366,0,0,0,0,0.6355163582136386,0.4273530678986666,0.6355163582136386,0.4273530678986666,1.0,1,0.6629562769927098,54
4907,2,7368,7368,0,0,0,0,0.6727215980476664,0.4273530678986666,0.6727215980476664,0.4273530678986666,1.0,1,0.653576123411755,54
4908,2,7370,7370,0,0,0,0,0.6817771802619312,0.45019908409038184,0.6817771802619312,0.45019908409038184,1.0,1,0.6404572361326516,53
4909,1,7371,7371,0,0,0,0,0.6879533212619451,0.45019908409038184,0.6879533212619451,0.45019908409038184,1.0,1,0.637817588374589,54
4910,1,7372,7372,0,0,0,0,0.6729001529646271,0.43122149571247015,0.6729001529646271,0.43122149571247015,1.0,1,0.6378118610541911,55
4911,3,7375,7375,0,0,0,0,0.6669582598233748,0.4368202023861287,0.6669582598233748,0.4368202023861287,1.0,1,0.6340101949134177,57
4912,4,7379,7379,0,0,0,0,0.6489057816765653,0.3842744114495268,0.6489057816765653,0.3842744114495268,1.0,1,0.6610519004638811,57
4913,2,7381,7381,0,0,0,0,0.683971321236012,0.39017830521972924,0.683971321236012,0.39017830521972924,1.0,1,0.6463626453273743,56
4914,2,7383,7383,0,0,0,0,0.6768494705136152,0.37815703012663154,0.6768494705136152,0.37815703012663154,1.0,1,0.6434472955822976,56
4915,0,7383,7383,0,0,0,0,0.7004342119311424,0.41195676965132716,0.7004342119311424,0.41195676965132716,1.0,1,0.6273579940785288,56
4916,4,7387,7387,0,0,0,0,0.7076745558058065,0.45145502266281895,0.7076745558058065,0.45145502266281895,1.0,1,0.6264337258544884,54
4917,2,7389,7389,0,0,0,0,0.7197073676961792,0.4680428268822431,0.7197073676961792,0.4680428268822431,1.0,1,0.6227085481376741,53
4918,3,7392,7392,0,0,0,0,0.7372097888495409,0.5407943182441822,0.7372097888495409,0.5407943182441822,1.0,1,0.6017275827105996,52
4919,0,7392,7392,0,0,0,0,0.7612843014235504,0.5991060063589716,0.7612843014235504,0.5991060063589716,1.0,1,0.5986298340856238,49
4920,0,7392,7392,0,0,0,0,0.7612843014235504,0.5991060063589716,0.7612843014235504,0.5991060063589716,1.0,1,0.5986298340856238,49
4921,1,7393,7393,0,0,0,0,0.7023971745191068,0.5048017176506123,0.7023971745191068,0.5048017176506123,1.0,1,0.6422226638388293,50
4922,0,7393,7393,0,0,0,0,0.7023971745191068,0.5048017176506123,0.7023971745191068,0.5048017176506123,1.0,1,0.6422226638388293,50
4923,3,7396,7396,0,0,0,0,0.6928186132994115,0.4776156925580417,0.6928186132994115,0.4776156925580417,1.0,1,0.6546443920267485,52
4924,1,7397,7397,0,0,0,0,0.6592273987115042,0.45284307150253855,0.6592273987115042,0.45284307150253855,1.0,1,0.665272271016182,53
4925,1,7398,7398,0,0,0,0,0.6726301429516951,0.4793589682340627,0.6726301429516951,0.4793589682340627,1.0,1,0.6449239691274009,54
4926,0,7398,7398,0,0,0,0,0.6726301429516951,0.4793589682340627,0.6726301429516951,0.4793589682340627,1.0,1,0.6449239691274009,54
4927,2,7400,7400,0,0,0,0,0.6344075957764461,0.4793589682340627,0.6344075957764461,0.4793589682340627,1.0,1,0.6570811188644039,54
4928,0,7400,7400,0,0,0,0,0.6344075957764461,0.4793589682340627,0.6344075957764461,0.4793589682340627,1.0,1,0.6570811188644039,54
4929,0,7400,7400,0,0,0,0,0.6410547303986925,0.4793589682340627,0.6410547303986925,0.4793589682340627,1.0,1,0.6459622372138396,55
4930,0,7400,7400,0,0,0,0,0.626953975733838,0.4600932141587501,0.626953975733838,0.4600932141587501,1.0,1,0.6414924624470584,58
4931,0,7400,7400,0,0,0,0,0.6269539757338379,0.4600932141587501,0.6269539757338379,0.4600932141587501,1.0,1,0.6414924624470584,58
4932,0,7400,7400,0,0,0,0,0.6148234813892752,0.4372249472939952,0.6148234813892752,0.4372249472939952,1.0,1,0.6463031674195261,59
4933,0,7400,7400,0,0,0,0,0.6148234813892752,0.4372249472939952,0.6148234813892752,0.4372249472939952,1.0,1,0.6463031674195261,59
4934,0,7400,7400,0,0,0,0,0.6148234813892752,0.4372249472939952,0.6148234813892752,0.4372249472939952,1.0,1,0.6463031674195261,59
4935,0,7400,7400,0,0,0,0,0.6148234813892752,0.4372249472939952,0.6148234813892752,0.4372249472939952,1.0,1,0.6463031674195261,59
4936,0,7400,7400,0,0,0,0,0.6148234813892752,0.4372249472939952,0.6148234813892752,0.4372249472939952,1.0,1,0.6463031674195261,59
4937,1,7401,7401,0,0,0,0,0.6249919171622006,0.4372249472939952,0.6249919171622006,0.4372249472939952,1.0,1,0.6346173843543566,61
4938,3,7404,7404,0,0,0,0,0.6433639728806769,0.42189052046572134,0.6433639728806769,0.42189052046572134,1.0,1,0.6116811571230725,62
4939,1,7405,7405,0,0,0,0,0.649690920959002,0.44215926904877817,0.649690920959002,0.44215926904877817,1.0,1,0.6006054612129015,63
4940,3,7408,7408,0,0,0,0,0.6816384990421533,0.418394895545359,0.6816384990421533,0.418394895545359,1.0,1,0.5894728780256837,65
4941,2,7410,7410,0,0,0,0,0.6970367405987382,0.4354138233452522,0.6970367405987382,0.4354138233452522,1.0,1,0.5780058895751589,65
4942,3,7413,7413,0,0,0,0,0.6847832955791697,0.41383117285126775,0.6847832955791697,0.41383117285126775,1.0,1,0.5766980472511326,67
4943,4,7417,7417,0,0,0,0,0.6651810157231344,0.4345128617830487,0.6651810157231344,0.4345128617830487,1.0,1,0.5817973495334837,66
4944,0,7417,7417,0,0,0,0,0.6763296658925766,0.4345128617830487,0.6763296658925766,0.4345128617830487,1.0,1,0.5966250368005594,63
4945,3,7420,7420,0,0,0,0,0.7030435917369142,0.44655048793917235,0.7030435917369142,0.44655048793917235,1.0,1,0.5932218287150559,61
4946,0,7420,7420,0,0,0,0,0.6980943182658628,0.44655048793917235,0.6980943182658628,0.44655048793917235,1.0,1,0.6044074176020654,60
4947,4,7424,7424,0,0,0,0,0.6969303281777438,0.48486891700624335,0.6969303281777438,0.48486891700624335,1.0,1,0.6090114760493099,58
4948,3,7427,7427,0,0,0,0,0.6481500430928824,0.44208184596310307,0.6481500430928824,0.44208184596310307,1.0,1,0.6521890316859634,57
4949,2,7429,7429,0,0,0,0,0.6880352730896969,0.44208184596310307,0.6880352730896969,0.44208184596310307,1.0,1,0.6326659144622289,56
4950,4,7433,7433,0,0,0,0,0.6426355492019529,0.3949282103322943,0.6426355492019529,0.3949282103322943,1.0,1,0.6509261437660241,57
4951,1,7434,7434,0,0,0,0,0.6663910387377169,0.4287255956126155,0.6663910387377169,0.4287255956126155,1.0,1,0.639617705629743,55
4952,6,7440,7440,0,0,0,0,0.5958634727250758,0.3717999344288397,0.5958634727250758,0.3717999344288397,1.0,1,0.6953027790811119,55
4953,3,7443,7443,0,0,0,0,0.6377661351308277,0.3838797891871154,0.6377661351308277,0.3838797891871154,1.0,1,0.6785760733450696,54
4954,0,7443,7443,0,0,0,0,0.6377661351308277,0.3838797891871154,0.6377661351308277,0.3838797891871154,1.0,1,0.68034584570897,54
4955,0,7443,7443,0,0,0,0,0.6628194777683869,0.41567983419774157,0.6628194777683869,0.41567983419774157,1.0,1,0.6721185094892026,52
4956,0,7443,7443,0,0,0,0,0.6628194777683869,0.41567983419774157,0.6628194777683869,0.41567983419774157,1.0,1,0.6721185094892026,52
4957,0,7443,7443,0,0,0,0,0.6651365709668772,0.4314840714389998,0.6651365709668772,0.4314840714389998,1.0,1,0.6629299755806433,53
4958,1,7444,7444,0,0,0,0,0.6586968896393172,0.4314840714389998,0.6586968896393172,0.4314840714389998,1.0,1,0.6766859889007315,52
4959,1,7445,7445,0,0,0,0,0.6300070363703552,0.4093495323271846,0.6300070363703552,0.4093495323271846,1.0,1,0.7046511200073479,51
4960,0,7445,7445,0,0,0,0,0.6271829138749618,0.39784899571786453,0.6271829138749618,0.39784899571786453,1.0,1,0.6998979570157765,53
4961,3,7448,7448,0,0,0,0,0.6648917868184363,0.39784899571786453,0.6648917868184363,0.39784899571786453,1.0,1,0.6872514201519844,53
4962,0,7448,7448,0,0,0,0,0.6460920531536503,0.3861416835802663,0.6460920531536503,0.3861416835802663,1.0,1,0.6885142456658176,55
4963,1,7449,7449,0,0,0,0,0.6614825514255485,0.40577736229409384,0.6614825514255485,0.40577736229409384,1.0,1,0.686511877322655,54
4964,1,7450,7450,0,0,0,0,0.660045654326956,0.4255961649368609,0.660045654326956,0.4255961649368609,1.0,1,0.6766368385237901,54
4965,2,7452,7452,0,0,0,0,0.6619480834770046,0.44141662344623017,0.6619480834770046,0.44141662344623017,1.0,1,0.6734098772502237,54
4966,1,7453,7453,0,0,0,0,0.6638321982800937,0.45577694423465104,0.6638321982800937,0.45577694423465104,1.0,1,0.667267874266234,54
4967,3,7456,7456,0,0,0,0,0.6877574503994666,0.4782443755320536,0.6877574503994666,0.4782443755320536,1.0,1,0.6427916285372645,55
4968,1,7457,7457,0,0,0,0,0.6890512145189326,0.49448377169645963,0.6890512145189326,0.49448377169645963,1.0,1,0.6370007134110359,55
4969,2,7459,7459,0,0,0,0,0.7014010243852626,0.49706928896461794,0.7014010243852626,0.49706928896461794,1.0,1,0.6180512978575079,57
4970,1,7460,7460,0,0,0,0,0.6975580201560972,0.5178473309487736,0.6975580201560972,0.5178473309487736,1.0,1,0.6220565719699902,56
4971,2,7462,7462,0,0,0,0,0.6983735124434531,0.5152289087220029,0.6983735124434531,0.5152289087220029,1.0,1,0.6158692842034615,57
4972,2,7464,7464,0,0,0,0,0.6794788234493587,0.5846039978261475,0.6794788234493587,0.5846039978261475,1.0,1,0.6145402075091272,57
4973,2,7466,7466,0,0,0,0,0.6982318817962011,0.5452101613583472,0.6982318817962011,0.5452101613583472,1.0,1,0.5961487143241223,60
4974,2,7468,7468,0,0,0,0,0.7080635946260084,0.5537364715896501,0.7080635946260084,0.5537364715896501,1.0,1,0.5999983971128257,58
4975,0,7468,7468,0,0,0,0,0.6972629620748958,0.5537364715896501,0.6972629620748958,0.5537364715896501,1.0,1,0.6009784375917733,59
4976,1,7469,7469,0,0,0,0,0.6799453990519848,0.5537364715896501,0.6799453990519848,0.5537364715896501,1.0,1,0.6039415564136315,59
4977,5,7474,7474,0,0,0,0,0.6147681003190574,0.5321068359922626,0.6147681003190574,0.5321068359922626,1.0,1,0.6388659699353832,59
4978,4,7478,7478,0,0,0,0,0.6376386307318075,0.50374361066751,0.6376386307318075,0.50374361066751,1.0,1,0.6301580285478857,59
4979,0,7478,7478,0,0,0,0,0.634649318916528,0.50374361066751,0.634649318916528,0.50374361066751,1.0,1,0.6164501443737604,61
4980,3,7481,7481,0,0,0,0,0.6387426236286349,0.4777660929291875,0.6387426236286349,0.4777660929291875,1.0,1,0.6088309346610647,62
4981,2,7483,7483,0,0,0,0,0.6392028774810811,0.46068469762986286,0.6392028774810811,0.46068469762986286,1.0,1,0.6125544823917772,62
4982,3,7486,7486,0,0,0,0,0.6620478055929256,0.4864861787755027,0.6620478055929256,0.4864861787755027,1.0,1,0.5934091031763368,63
4983,2,7488,7488,0,0,0,0,0.6917843460361076,0.4864861787755027,0.6917843460361076,0.4864861787755027,1.0,1,0.5799120173884652,63
4984,1,7489,7489,0,0,0,0,0.7009887786022315,0.4864861787755027,0.7009887786022315,0.4864861787755027,1.0,1,0.5940440519330522,61
4985,2,7491,7491,0,0,0,0,0.7143854469485148,0.4864861787755027,0.7143854469485148,0.4864861787755027,1.0,1,0.5984932029462652,59
4986,4,7495,7495,0,0,0,0,0.7148645564769446,0.5245631418781858,0.7148645564769446,0.5245631418781858,1.0,1,0.5792953250281101,62
4987,2,7497,7497,0,0,0,0,0.7200352463331255,0.5245631418781858,0.7200352463331255,0.5245631418781858,1.0,1,0.5905879503502587,60
4988,3,7500,7500,0,0,0,0,0.7064582941517514,0.4772969136606587,0.7064582941517514,0.4772969136606587,1.0,1,0.6083760529684921,59
4989,2,7502,7502,0,0,0,0,0.7367740507484276,0.48785770766608005,0.7367740507484276,0.48785770766608005,1.0,1,0.5896081736809522,57
4990,1,7503,7503,0,0,0,0,0.7227108788604699,0.4618382058316906,0.7227108788604699,0.4618382058316906,1.0,1,0.613858881585391,55
4991,4,7507,7507,0,0,0,0,0.7031415198045926,0.4656324988456544,0.7031415198045926,0.4656324988456544,1.0,1,0.6234122374143237,54
4992,4,7511,7511,0,0,0,0,0.6937443038185663,0.4512326678770378,0.6937443038185663,0.4512326678770378,1.0,1,0.6364053172732831,52
4993,0,7511,7511,0,0,0,0,0.7092001127185107,0.4760387868750206,0.7092001127185107,0.4760387868750206,1.0,1,0.6304321850262987,51
4994,3,7514,7514,0,0,0,0,0.7446041032339414,0.5351083667577504,0.7446041032339414,0.5351083667577504,1.0,1,0.6176939698489379,49
4995,0,7514,7514,0,0,0,0,0.7392833553846486,0.5351083667577504,0.7392833553846486,0.5351083667577504,1.0,1,0.6287824719404207,48
4996,4,7518,7518,0,0,0,0,0.7438454970577694,0.5663266402896887,0.7438454970577694,0.5663266402896887,1.0,1,0.6235955587854574,48
4997,2,7520,7520,0,0,0,0,0.7352443992147646,0.5066745829498376,0.7352443992147646,0.5066745829498376,1.0,1,0.6528818694808132,46
4998,1,7521,7521,0,0,0,0,0.7463868699417647,0.48190110626488725,0.7463868699417647,0.48190110626488725,1.0,1,0.6402631700782143,48
4999,2,7523,7523,0,0,0,0,0.7240873411246684,0.44817468224933704,0.7240873411246684,0.44817468224933704,1.0,1,0.6501151547038347,48
5000,1,7524,7524,0,0,0,0,0.7449516982957346,0.4788143399956315,0.7449516982957346,0.4788143399956315,1.0,1,0.6323075050605531,47
5001,0,7524,7524,0,0,0,0,0.754563180100034,0.4979701411137059,0.754563180100034,0.4979701411137059,1.0,1,0.6386909564946969,45
5002,3,7527,7527,0,0,0,0,0.7599260840469519,0.49802726664362684,0.7599260840469519,0.49802726664362684,1.0,1,0.6448295880610503,46
5003,1,7528,7528,0,0,0,0,0.7599260840469519,0.49802726664362684,0.7599260840469519,0.49802726664362684,1.0,1,0.62860965166182,46
5004,0,7528,7528,0,0,0,0,0.7599260840469519,0.49802726664362684,0.7599260840469519,0.49802726664362684,1.0,1,0.62860965166182,46
5005,0,7528,7528,0,0,0,0,0.7545911081368842,0.49802726664362684,0.7545911081368842,0.49802726664362684,1.0,1,0.6471547498330547,45
5006,0,7528,7528,0,0,0,0,0.7545911081368842,0.49802726664362684,0.7545911081368842,0.49802726664362684,1.0,1,0.6598546402782243,45
5007,1,7529,7529,0,0,0,0,0.7599260840469519,0.49802726664362684,0.7599260840469519,0.49802726664362684,1.0,1,0.6517793297429532,46
5008,0,7529,7529,0,0,0,0,0.7515972190720603,0.47079407541438956,0.7515972190720603,0.47079407541438956,1.0,1,0.6490369713068801,49
5009,0,7529,7529,0,0,0,0,0.7515972190720603,0.47079407541438956,0.7515972190720603,0.47079407541438956,1.0,1,0.6549402277538722,49
5010,0,7529,7529,0,0,0,0,0.751937642224343,0.47079407541438956,0.751937642224343,0.47079407541438956,1.0,1,0.6552273445546096,50
5011,0,7529,7529,0,0,0,0,0.7379370932020302,0.4527572240257233,0.7379370932020302,0.4527572240257233,1.0,1,0.6594678964165482,51
5012,0,7529,7529,0,0,0,0,0.7262977388419263,0.4527572240257233,0.7262977388419263,0.4527572240257233,1.0,1,0.6596001719681106,52
5013,1,7530,7530,0,0,0,0,0.7099978978765207,0.4527572240257233,0.7099978978765207,0.4527572240257233,1.0,1,0.6644056537178031,52
5014,0,7530,7530,0,0,0,0,0.7154696356524354,0.4527572240257233,0.7154696356524354,0.4527572240257233,1.0,1,0.6608677271147115,53
5015,1,7531,7531,0,0,0,0,0.6801554931837094,0.43299706517273084,0.6801554931837094,0.43299706517273084,1.0,1,0.6791198549110803,54
5016,1,7532,7532,0,0,0,0,0.6687217971962426,0.4183164939688964,0.6687217971962426,0.4183164939688964,1.0,1,0.6826771143128191,55
5017,0,7532,7532,0,0,0,0,0.6687217971962425,0.4183164939688964,0.6687217971962425,0.4183164939688964,1.0,1,0.6826771143128191,55
5018,6,7538,7538,0,0,0,0,0.6961398563089736,0.4587777765915496,0.6961398563089736,0.4587777765915496,1.0,1,0.6552737602069966,56
5019,0,7538,7538,0,0,0,0,0.6961398563089736,0.4587777765915496,0.6961398563089736,0.4587777765915496,1.0,1,0.6552737602069966,56
5020,3,7541,7541,0,0,0,0,0.6860119122429543,0.4587777765915496,0.6860119122429543,0.4587777765915496,1.0,1,0.654031590106984,55
5021,1,7542,7542,0,0,0,0,0.6745410355415647,0.44217237820649336,0.6745410355415647,0.44217237820649336,1.0,1,0.6546751204317066,56
5022,1,7543,7543,0,0,0,0,0.6608393369398329,0.44217237820649336,0.6608393369398329,0.44217237820649336,1.0,1,0.6634034742074475,56
5023,2,7545,7545,0,0,0,0,0.6887179474524195,0.45802994257974927,0.6887179474524195,0.45802994257974927,1.0,1,0.6498014791501279,55
5024,4,7549,7549,0,0,0,0,0.6526072403033998,0.4250986682057524,0.6526072403033998,0.4250986682057524,1.0,1,0.6651776276055877,55
5025,1,7550,7550,0,0,0,0,0.6572628329704884,0.4250986682057524,0.6572628329704884,0.4250986682057524,1.0,1,0.6696708647470724,53
5026,5,7555,7555,0,0,0,0,0.6760756030003416,0.46502626413603176,0.6760756030003416,0.46502626413603176,1.0,1,0.6632195020110344,52
5027,1,7556,7556,0,0,0,0,0.6676973201535651,0.4638736724882881,0.6676973201535651,0.4638736724882881,1.0,1,0.6800447633693184,51
5028,5,7561,7561,0,0,0,0,0.6755184774737373,0.493715448166747,0.6755184774737373,0.493715448166747,1.0,1,0.6767705587094355,51
5029,3,7564,7564,0,0,0,0,0.666939014539014,0.5132267820730749,0.666939014539014,0.5132267820730749,1.0,1,0.6871009938194717,50
5030,2,7566,7566,0,0,0,0,0.7238438268456617,0.5708108662145794,0.7238438268456617,0.5708108662145794,1.0,1,0.6513790161863876,49
5031,2,7568,7568,0,0,0,0,0.685588650494373,0.5708108662145794,0.685588650494373,0.5708108662145794,1.0,1,0.6650843446916663,49
5032,4,7572,7572,0,0,0,0,0.7405147277633762,0.6285130122265743,0.7405147277633762,0.6285130122265743,1.0,1,0.6274461145083833,48
5033,1,7573,7573,0,0,0,0,0.7146667281018508,0.597812573079643,0.7146667281018508,0.597812573079643,1.0,1,0.6350853532265494,50
5034,1,7574,7574,0,0,0,0,0.7651412091360958,0.6386114743208213,0.7651412091360958,0.6386114743208213,1.0,1,0.6198164792117784,49
5035,1,7575,7575,0,0,0,0,0.7475415138241949,0.6334079774756727,0.7475415138241949,0.6334079774756727,1.0,1,0.629944127927801,49
5036,1,7576,7576,0,0,0,0,0.7614320763743129,0.6386114743208213,0.7614320763743129,0.6386114743208213,1.0,1,0.6413333396944217,47
5037,1,7577,7577,0,0,0,0,0.7347564283911395,0.5977950933649155,0.7347564283911395,0.5977950933649155,1.0,1,0.6647059769279068,47
5038,0,7577,7577,0,0,0,0,0.7345483786492152,0.5714235806007192,0.7345483786492152,0.5714235806007192,1.0,1,0.6686291435343445,47
5039,0,7577,7577,0,0,0,0,0.7206294774697438,0.5714235806007192,0.7206294774697438,0.5714235806007192,1.0,1,0.668589807469789,48
5040,0,7577,7577,0,0,0,0,0.7206294774697436,0.5714235806007192,0.7206294774697436,0.5714235806007192,1.0,1,0.668589807469789,48
5041,1,7578,7578,0,0,0,0,0.7206294774697438,0.5714235806007192,0.7206294774697438,0.5714235806007192,1.0,1,0.6618286923509467,48
5042,0,7578,7578,0,0,0,0,0.7148419493701834,0.5714235806007192,0.7148419493701834,0.5714235806007192,1.0,1,0.6537803071418081,50
5043,1,7579,7579,0,0,0,0,0.7204332836962583,0.5714235806007192,0.7204332836962583,0.5714235806007192,1.0,1,0.6435654801995766,51
5044,1,7580,7580,0,0,0,0,0.7017875908376904,0.5465495845822578,0.7017875908376904,0.5465495845822578,1.0,1,0.6560199983288484,51
5045,0,7580,7580,0,0,0,0,0.6879382193307735,0.5465495845822578,0.6879382193307735,0.5465495845822578,1.0,1,0.6562421125685425,52
5046,1,7581,7581,0,0,0,0,0.6824323569887457,0.5480382894025349,0.6824323569887457,0.5480382894025349,1.0,1,0.6652778896356384,51
5047,2,7583,7583,0,0,0,0,0.6824323569887459,0.5480382894025349,0.6824323569887459,0.5480382894025349,1.0,1,0.659471924410742,51
5048,2,7585,7585,0,0,0,0,0.6694943223920937,0.5235663016098214,0.6694943223920937,0.5235663016098214,1.0,1,0.6567167658510281,52
5049,0,7585,7585,0,0,0,0,0.6448381134192663,0.4969563965883442,0.6448381134192663,0.4969563965883442,1.0,1,0.6616489957346927,54
5050,0,7585,7585,0,0,0,0,0.6190706354403213,0.4510677832619807,0.6190706354403213,0.4510677832619807,1.0,1,0.667929094069452,56
5051,0,7585,7585,0,0,0,0,0.6121446469937816,0.4510677832619807,0.6121446469937816,0.4510677832619807,1.0,1,0.6761881356185884,55
5052,1,7586,7586,0,0,0,0,0.6121446469937816,0.4510677832619807,0.6121446469937816,0.4510677832619807,1.0,1,0.6795590976094154,55
5053,0,7586,7586,0,0,0,0,0.6121446469937816,0.4510677832619807,0.6121446469937816,0.4510677832619807,1.0,1,0.6795590976094154,55
5054,1,7587,7587,0,0,0,0,0.6121446469937815,0.4510677832619807,0.6121446469937815,0.4510677832619807,1.0,1,0.6761909642433996,55
5055,0,7587,7587,0,0,0,0,0.5953694404690905,0.4510677832619807,0.5953694404690905,0.4510677832619807,1.0,1,0.6862844013885406,55
5056,0,7587,7587,0,0,0,0,0.5837875865938184,0.43167231557705255,0.5837875865938184,0.43167231557705255,1.0,1,0.6901480626227784,56
5057,0,7587,7587,0,0,0,0,0.5828947548535485,0.41997300508353147,0.5828947548535485,0.41997300508353147,1.0,1,0.6888868034505435,58
5058,5,7592,7592,0,0,0,0,0.6292660095308987,0.41997300508353147,0.6292660095308987,0.41997300508353147,1.0,1,0.6413607136227969,59
5059,3,7595,7595,0,0,0,0,0.6479249436901061,0.41997300508353147,0.6479249436901061,0.41997300508353147,1.0,1,0.6270490098948063,59
5060,3,7598,7598,0,0,0,0,0.6649227704108501,0.41997300508353147,0.6649227704108501,0.41997300508353147,1.0,1,0.6261371666307258,59
5061,1,7599,7599,0,0,0,0,0.6710256487680483,0.41997300508353147,0.6710256487680483,0.41997300508353147,1.0,1,0.6308671868994196,59
5062,6,7605,7605,0,0,0,0,0.6295256781590398,0.3996362275603514,0.6295256781590398,0.3996362275603514,1.0,1,0.6660967321895096,59
5063,3,7608,7608,0,0,0,0,0.6231227095788644,0.3996362275603514,0.6231227095788644,0.3996362275603514,1.0,1,0.6774118372597863,59
5064,2,7610,7610,0,0,0,0,0.6443783516620323,0.3972444823629612,0.6443783516620323,0.3972444823629612,1.0,1,0.6906070619907455,57
5065,1,7611,7611,0,0,0,0,0.6563944045222795,0.417332447067393,0.6563944045222795,0.417332447067393,1.0,1,0.6864481502061286,55
5066,2,7613,7613,0,0,0,0,0.6579452281196376,0.37880109673606327,0.6579452281196376,0.37880109673606327,1.0,1,0.6972003159278808,55
5067,2,7615,7615,0,0,0,0,0.6467530691024601,0.36415552438442805,0.6467530691024601,0.36415552438442805,1.0,1,0.6962128522770699,54
5068,0,7615,7615,0,0,0,0,0.6505169836308385,0.37093057053550954,0.6505169836308385,0.37093057053550954,1.0,1,0.6942252195772659,54
5069,3,7618,7618,0,0,0,0,0.6516731683476428,0.37301170302575704,0.6516731683476428,0.37301170302575704,1.0,1,0.6947301262988911,54
5070,3,7621,7621,0,0,0,0,0.6424507857094248,0.3802480285630031,0.6424507857094248,0.3802480285630031,1.0,1,0.6979381629987507,52
5071,1,7622,7622,0,0,0,0,0.6745268159769134,0.39394648492252876,0.6745268159769134,0.39394648492252876,1.0,1,0.6765763704751437,54
5072,0,7622,7622,0,0,0,0,0.7022183294896008,0.42649456049849066,0.7022183294896008,0.42649456049849066,1.0,1,0.6677338362220521,52
5073,0,7622,7622,0,0,0,0,0.7162096468123158,0.44333430720877337,0.7162096468123158,0.44333430720877337,1.0,1,0.663416552984186,51
5074,0,7622,7622,0,0,0,0,0.7216671536043867,0.44333430720877337,0.7216671536043867,0.44333430720877337,1.0,1,0.651038365792839,52
5075,1,7623,7623,0,0,0,0,0.7269187167439266,0.44333430720877337,0.7269187167439266,0.44333430720877337,1.0,1,0.6430774431594857,53
5076,0,7623,7623,0,0,0,0,0.7269187167439265,0.44333430720877337,0.7269187167439265,0.44333430720877337,1.0,1,0.6430774431594857,53
5077,2,7625,7625,0,0,0,0,0.6861195947191157,0.39388611394036127,0.6861195947191157,0.39388611394036127,1.0,1,0.6634178730214645,56
5078,0,7625,7625,0,0,0,0,0.6804126782594633,0.39388611394036127,0.6804126782594633,0.39388611394036127,1.0,1,0.6751675730983656,55
5079,0,7625,7625,0,0,0,0,0.680346201868972,0.39388611394036127,0.680346201868972,0.39388611394036127,1.0,1,0.6749776064518935,56
5080,0,7625,7625,0,0,0,0,0.6859541632396917,0.39388611394036127,0.6859541632396917,0.39388611394036127,1.0,1,0.667013747797068,57
5081,0,7625,7625,0,0,0,0,0.6746049974586298,0.3816799950736192,0.6746049974586298,0.3816799950736192,1.0,1,0.6704948514307885,58
5082,0,7625,7625,0,0,0,0,0.6746049974586298,0.3816799950736192,0.6746049974586298,0.3816799950736192,1.0,1,0.6704948514307885,58
5083,0,7625,7625,0,0,0,0,0.6670700673703722,0.3816799950736192,0.6670700673703722,0.3816799950736192,1.0,1,0.6704479905838014,59
5084,2,7627,7627,0,0,0,0,0.7038682321920818,0.3975250241149253,0.7038682321920818,0.3975250241149253,1.0,1,0.6529215441474848,59
5085,3,7630,7630,0,0,0,0,0.7197728710993532,0.41153955808874015,0.7197728710993532,0.41153955808874015,1.0,1,0.6413501413738737,60
5086,1,7631,7631,0,0,0,0,0.7390287777231955,0.42287002969031334,0.7390287777231955,0.42287002969031334,1.0,1,0.6225900945756647,61
5087,4,7635,7635,0,0,0,0,0.7126303395190772,0.4385629284874426,0.7126303395190772,0.4385629284874426,1.0,1,0.6225040032746836,62
5088,2,7637,7637,0,0,0,0,0.691140238758349,0.41853679684665973,0.691140238758349,0.41853679684665973,1.0,1,0.6312146018221629,64
5089,1,7638,7638,0,0,0,0,0.6765424544357101,0.41853679684665973,0.6765424544357101,0.41853679684665973,1.0,1,0.6376765014694981,64
5090,2,7640,7640,0,0,0,0,0.6770369323647341,0.44083267543735394,0.6770369323647341,0.44083267543735394,1.0,1,0.6339001531645836,64
5091,2,7642,7642,0,0,0,0,0.6471795932874634,0.44083267543735394,0.6471795932874634,0.44083267543735394,1.0,1,0.6468767156646928,64
5092,2,7644,7644,0,0,0,0,0.6357710772816941,0.45602836049839807,0.6357710772816941,0.45602836049839807,1.0,1,0.6478919065705907,64
5093,1,7645,7645,0,0,0,0,0.6506643794769642,0.45602836049839807,0.6506643794769642,0.45602836049839807,1.0,1,0.6415663235369443,64
5094,1,7646,7646,0,0,0,0,0.6558235914242252,0.47815206266573484,0.6558235914242252,0.47815206266573484,1.0,1,0.6219178240932105,65
5095,2,7648,7648,0,0,0,0,0.6496107227932857,0.49634270747292647,0.6496107227932857,0.49634270747292647,1.0,1,0.6169862135004617,66
5096,1,7649,7649,0,0,0,0,0.6384308525276815,0.49634270747292647,0.6384308525276815,0.49634270747292647,1.0,1,0.6273232951455324,66
5097,2,7651,7651,0,0,0,0,0.6297320226312175,0.5152226368308543,0.6297320226312175,0.5152226368308543,1.0,1,0.6192270829091311,67
5098,3,7654,7654,0,0,0,0,0.6613546370734489,0.5152226368308543,0.6613546370734489,0.5152226368308543,1.0,1,0.6079462615175589,67
5099,0,7654,7654,0,0,0,0,0.6435004513342962,0.49223477828539397,0.6435004513342962,0.49223477828539397,1.0,1,0.6025614635601094,70
5100,5,7659,7659,0,0,0,0,0.6782159222550683,0.4942511564651795,0.6782159222550683,0.4942511564651795,1.0,1,0.58235994478032,71
5101,1,7660,7660,0,0,0,0,0.6993877037059915,0.4942511564651795,0.6993877037059915,0.4942511564651795,1.0,1,0.5653638539915913,72
5102,5,7665,7665,0,0,0,0,0.7110235054054022,0.44268933602967553,0.7110235054054022,0.44268933602967553,1.0,1,0.5680107000064413,72
5103,4,7669,7669,0,0,0,0,0.7505501013755473,0.46898014066817084,0.7505501013755473,0.46898014066817084,1.0,1,0.5370177521742333,70
5104,2,7671,7671,0,0,0,0,0.7698828609811101,0.47565639339797783,0.7698828609811101,0.47565639339797783,1.0,1,0.5388190546573122,67
5105,6,7677,7677,0,0,0,0,0.7653663012954102,0.4433768512645313,0.7653663012954102,0.4433768512645313,1.0,1,0.5536949117153761,66
5106,2,7679,7679,0,0,0,0,0.7656810718265926,0.45431221267746347,0.7656810718265926,0.45431221267746347,1.0,1,0.5571331428278586,64
5107,5,7684,7684,0,0,0,0,0.7607724909752825,0.43873545959585536,0.7607724909752825,0.43873545959585536,1.0,1,0.5796296943566642,61
5108,2,7686,7686,0,0,0,0,0.7603718536212698,0.4536478262564952,0.7603718536212698,0.4536478262564952,1.0,1,0.593526194289529,57
5109,4,7690,7690,0,0,0,0,0.7501785828013782,0.45039288216303197,0.7501785828013782,0.45039288216303197,1.0,1,0.6276151801382523,55
5110,2,7692,7692,0,0,0,0,0.7436942196691633,0.4566317456986263,0.7436942196691633,0.4566317456986263,1.0,1,0.640146625080102,53
5111,3,7695,7695,0,0,0,0,0.6963399687127445,0.4207296984178688,0.6963399687127445,0.4207296984178688,1.0,1,0.6835576718472557,52
5112,5,7700,7700,0,0,0,0,0.679427464884414,0.4046510062139117,0.679427464884414,0.4046510062139117,1.0,1,0.6876406347356281,52
5113,1,7701,7701,0,0,0,0,0.7165611656843395,0.44445988474130516,0.7165611656843395,0.44445988474130516,1.0,1,0.6731464158865095,49
5114,5,7706,7706,0,0,0,0,0.6463658133650181,0.46865338781255006,0.6463658133650181,0.46865338781255006,1.0,1,0.6900508596340612,49
5115,0,7706,7706,0,0,0,0,0.655097566537526,0.4791495498441984,0.655097566537526,0.4791495498441984,1.0,1,0.6879890485917185,48
5116,4,7710,7710,0,0,0,0,0.692099626075342,0.5840257532311278,0.692099626075342,0.5840257532311278,1.0,1,0.6712604073524214,47
5117,0,7710,7710,0,0,0,0,0.6769569427184697,0.5530870068168449,0.6769569427184697,0.5530870068168449,1.0,1,0.6759092065430817,48
5118,0,7710,7710,0,0,0,0,0.6835496581731949,0.5530870068168449,0.6835496581731949,0.5530870068168449,1.0,1,0.6642247848238743,49
5119,1,7711,7711,0,0,0,0,0.7055504953692368,0.5530870068168449,0.7055504953692368,0.5530870068168449,1.0,1,0.6486900679711811,49
5120,2,7713,7713,0,0,0,0,0.7177040135930502,0.5862480529379566,0.7177040135930502,0.5862480529379566,1.0,1,0.6512912433292145,48
5121,0,7713,7713,0,0,0,0,0.7177040135930502,0.5862480529379566,0.7177040135930502,0.5862480529379566,1.0,1,0.6512912433292145,48
5122,0,7713,7713,0,0,0,0,0.7054302750536177,0.5862480529379566,0.7054302750536177,0.5862480529379566,1.0,1,0.6710233428113964,46
5123,2,7715,7715,0,0,0,0,0.70817129565224,0.5862480529379566,0.70817129565224,0.5862480529379566,1.0,1,0.6700553953500534,46
5124,1,7716,7716,0,0,0,0,0.7320118369972959,0.6092994302606133,0.7320118369972959,0.6092994302606133,1.0,1,0.6497838949031784,47
5125,2,7718,7718,0,0,0,0,0.6937335001492498,0.5605172187432957,0.6937335001492498,0.5605172187432957,1.0,1,0.651411228764197,49
5126,0,7718,7718,0,0,0,0,0.6937335001492498,0.5605172187432957,0.6937335001492498,0.5605172187432957,1.0,1,0.651411228764197,49
5127,3,7721,7721,0,0,0,0,0.7030794773046852,0.576918835887502,0.7030794773046852,0.576918835887502,1.0,1,0.6422356038291194,51
5128,0,7721,7721,0,0,0,0,0.693616797780897,0.5461658545480267,0.693616797780897,0.5461658545480267,1.0,1,0.6422047604480011,53
5129,2,7723,7723,0,0,0,0,0.7050404097593125,0.5528938037637016,0.7050404097593125,0.5528938037637016,1.0,1,0.6277202249244699,55
5130,0,7723,7723,0,0,0,0,0.7050404097593125,0.5528938037637016,0.7050404097593125,0.5528938037637016,1.0,1,0.6277202249244699,55
5131,1,7724,7724,0,0,0,0,0.7249577735334577,0.5782390051607305,0.7249577735334577,0.5782390051607305,1.0,1,0.6105025785616253,55
5132,0,7724,7724,0,0,0,0,0.7249577735334577,0.5782390051607305,0.7249577735334577,0.5782390051607305,1.0,1,0.6105025785616253,55
5133,1,7725,7725,0,0,0,0,0.747185541302082,0.5782390051607305,0.747185541302082,0.5782390051607305,1.0,1,0.5922463629908747,56
5134,0,7725,7725,0,0,0,0,0.7317867509431306,0.5550510438311512,0.7317867509431306,0.5550510438311512,1.0,1,0.6084429652022794,56
5135,2,7727,7727,0,0,0,0,0.7459568650508818,0.5550510438311512,0.7459568650508818,0.5550510438311512,1.0,1,0.5944602175727448,56
5136,0,7727,7727,0,0,0,0,0.7413378989608977,0.5550510438311512,0.7413378989608977,0.5550510438311512,1.0,1,0.6045667059545985,55
5137,0,7727,7727,0,0,0,0,0.7416210052653881,0.5185224903423935,0.7416210052653881,0.5185224903423935,1.0,1,0.614766163950815,55
5138,3,7730,7730,0,0,0,0,0.750777747746166,0.47523362542362474,0.750777747746166,0.47523362542362474,1.0,1,0.6189148963299055,54
5139,4,7734,7734,0,0,0,0,0.693965483360983,0.47523362542362474,0.693965483360983,0.47523362542362474,1.0,1,0.6429666165139724,54
5140,5,7739,7739,0,0,0,0,0.697741870111508,0.42828720261098274,0.697741870111508,0.42828720261098274,1.0,1,0.6331065130226389,54
5141,3,7742,7742,0,0,0,0,0.7268004258251626,0.4386101463434862,0.7268004258251626,0.4386101463434862,1.0,1,0.6256701412108602,53
5142,4,7746,7746,0,0,0,0,0.7079910610074801,0.42894774878520886,0.7079910610074801,0.42894774878520886,1.0,1,0.6189781659269508,55
5143,4,7750,7750,0,0,0,0,0.7412577549395374,0.4504834414684166,0.7412577549395374,0.4504834414684166,1.0,1,0.6102784281544451,54
5144,5,7755,7755,0,0,0,0,0.7817669839127233,0.48039758074457906,0.7817669839127233,0.48039758074457906,1.0,1,0.5964801836091367,50
5145,3,7758,7758,0,0,0,0,0.7515608496194613,0.4491131882866315,0.7515608496194613,0.4491131882866315,1.0,1,0.6042436940874055,51
5146,4,7762,7762,0,0,0,0,0.8185776741791974,0.5416699137158669,0.8185776741791974,0.5416699137158669,1.0,1,0.5928545229737848,48
5147,0,7762,7762,0,0,0,0,0.8020524469543456,0.5150284950381472,0.8020524469543456,0.5150284950381472,1.0,1,0.5915757825208067,49
5148,2,7764,7764,0,0,0,0,0.8321499996226298,0.5617249990146449,0.8321499996226298,0.5617249990146449,1.0,1,0.5727657509488178,47
5149,1,7765,7765,0,0,0,0,0.828501086570948,0.5617249990146449,0.828501086570948,0.5617249990146449,1.0,1,0.5684798216994656,46
5150,3,7768,7768,0,0,0,0,0.828501086570948,0.5617249990146449,0.828501086570948,0.5617249990146449,1.0,1,0.5500309547956551,46
5151,0,7768,7768,0,0,0,0,0.824689999605858,0.5617249990146449,0.824689999605858,0.5617249990146449,1.0,1,0.556759283832392,45
5152,6,7774,7774,0,0,0,0,0.7790792740490374,0.5029283666103344,0.7790792740490374,0.5029283666103344,1.0,1,0.589200285270583,45
5153,1,7775,7775,0,0,0,0,0.7546488997878799,0.4742476424025998,0.7546488997878799,0.4742476424025998,1.0,1,0.5943395464148779,45
5154,2,7777,7777,0,0,0,0,0.75464889978788,0.4742476424025998,0.75464889978788,0.4742476424025998,1.0,1,0.6093353206344697,45
5155,1,7778,7778,0,0,0,0,0.7765230179077774,0.5083506393971103,0.7765230179077774,0.5083506393971103,1.0,1,0.622391778460409,44
5156,1,7779,7779,0,0,0,0,0.7765230179077774,0.5083506393971103,0.7765230179077774,0.5083506393971103,1.0,1,0.636397869476882,44
5157,0,7779,7779,0,0,0,0,0.7658812568557668,0.5083506393971103,0.7658812568557668,0.5083506393971103,1.0,1,0.6353256063553033,42
5158,0,7779,7779,0,0,0,0,0.7713258787893538,0.5083506393971103,0.7713258787893538,0.5083506393971103,1.0,1,0.6262755866022258,43
5159,0,7779,7779,0,0,0,0,0.7487570791913073,0.4855502097726768,0.7487570791913073,0.4855502097726768,1.0,1,0.6337580885892471,43
5160,0,7779,7779,0,0,0,0,0.7487570791913073,0.4855502097726768,0.7487570791913073,0.4855502097726768,1.0,1,0.6337580885892471,43
5161,0,7779,7779,0,0,0,0,0.7487570791913073,0.4855502097726768,0.7487570791913073,0.4855502097726768,1.0,1,0.6337580885892471,43
5162,0,7779,7779,0,0,0,0,0.7544671455733231,0.4855502097726768,0.7544671455733231,0.4855502097726768,1.0,1,0.6318432879545689,44
5163,0,7779,7779,0,0,0,0,0.7454184316527173,0.46769308436477247,0.7454184316527173,0.46769308436477247,1.0,1,0.6370565573406805,46
5164,2,7781,7781,0,0,0,0,0.7454184316527173,0.46769308436477247,0.7454184316527173,0.46769308436477247,1.0,1,0.6397842428578167,46
5165,1,7782,7782,0,0,0,0,0.7454184316527173,0.46769308436477247,0.7454184316527173,0.46769308436477247,1.0,1,0.6438328232415259,46
5166,2,7784,7784,0,0,0,0,0.7206519643876557,0.442109011138511,0.7206519643876557,0.442109011138511,1.0,1,0.6651962579757124,47
5167,1,7785,7785,0,0,0,0,0.7420725906468632,0.4625125768349319,0.7420725906468632,0.4625125768349319,1.0,1,0.6554143411199068,47
5168,3,7788,7788,0,0,0,0,0.7562144475564904,0.5006096253220906,0.7562144475564904,0.5006096253220906,1.0,1,0.654107056252042,47
5169,0,7788,7788,0,0,0,0,0.7562144475564903,0.5006096253220906,0.7562144475564903,0.5006096253220906,1.0,1,0.654107056252042,47
5170,2,7790,7790,0,0,0,0,0.7595786739047147,0.5006096253220906,0.7595786739047147,0.5006096253220906,1.0,1,0.6487964648448454,48
5171,1,7791,7791,0,0,0,0,0.7415741834981975,0.5006096253220906,0.7415741834981975,0.5006096253220906,1.0,1,0.6603402599136496,48
5172,0,7791,7791,0,0,0,0,0.7468481797533363,0.5006096253220906,0.7468481797533363,0.5006096253220906,1.0,1,0.6425097895679502,49
5173,1,7792,7792,0,0,0,0,0.7476274553118721,0.5025188504405032,0.7476274553118721,0.5025188504405032,1.0,1,0.6449965636886789,49
5174,1,7793,7793,0,0,0,0,0.743763000745141,0.5108880064212775,0.743763000745141,0.5108880064212775,1.0,1,0.6297082781960565,52
5175,1,7794,7794,0,0,0,0,0.745470206766656,0.5418912753468765,0.745470206766656,0.5418912753468765,1.0,1,0.6156979680142249,53
5176,2,7796,7796,0,0,0,0,0.7340868796001695,0.46375009620897684,0.7340868796001695,0.46375009620897684,1.0,1,0.6300310987431147,54
5177,5,7801,7801,0,0,0,0,0.6960800622293155,0.4578572472734884,0.6960800622293155,0.4578572472734884,1.0,1,0.6528432427531995,54
5178,4,7805,7805,0,0,0,0,0.7039914368617605,0.4190494729846186,0.7039914368617605,0.4190494729846186,1.0,1,0.652278597879967,55
5179,0,7805,7805,0,0,0,0,0.7319961347217238,0.4606115211129715,0.7319961347217238,0.4606115211129715,1.0,1,0.6421483902557544,53
5180,2,7807,7807,0,0,0,0,0.7679200362202993,0.5062009635936919,0.7679200362202993,0.5062009635936919,1.0,1,0.6195242229910616,52
5181,1,7808,7808,0,0,0,0,0.8079227553739988,0.5385121665221573,0.8079227553739988,0.5385121665221573,1.0,1,0.5939270994681449,52
5182,1,7809,7809,0,0,0,0,0.8138484672742499,0.5385121665221573,0.8138484672742499,0.5385121665221573,1.0,1,0.5888656681295935,52
5183,5,7814,7814,0,0,0,0,0.7874309422989743,0.48994883766525116,0.7874309422989743,0.48994883766525116,1.0,1,0.6115608547419091,52
5184,1,7815,7815,0,0,0,0,0.7910940405434578,0.48994883766525116,0.7910940405434578,0.48994883766525116,1.0,1,0.6106075458085582,52
5185,4,7819,7819,0,0,0,0,0.7466219562041734,0.5064634572620234,0.7466219562041734,0.5064634572620234,1.0,1,0.62508275644227,50
5186,2,7821,7821,0,0,0,0,0.7746982446085239,0.5265485093632507,0.7746982446085239,0.5265485093632507,1.0,1,0.6138457309600972,48
5187,3,7824,7824,0,0,0,0,0.7594125110255502,0.49415215471431145,0.7594125110255502,0.49415215471431145,1.0,1,0.6436470727803928,46
5188,0,7824,7824,0,0,0,0,0.7685559421557303,0.5130340598338684,0.7685559421557303,0.5130340598338684,1.0,1,0.644803156249004,44
5189,0,7824,7824,0,0,0,0,0.7662607348324283,0.544245174584482,0.7662607348324283,0.544245174584482,1.0,1,0.6389891733736001,44
5190,1,7825,7825,0,0,0,0,0.767901666496875,0.5358295250967202,0.767901666496875,0.5358295250967202,1.0,1,0.6491268782873427,45
5191,0,7825,7825,0,0,0,0,0.7679016664968752,0.5358295250967202,0.7679016664968752,0.5358295250967202,1.0,1,0.6499294679547353,45
5192,1,7826,7826,0,0,0,0,0.745987892483389,0.509732057311541,0.745987892483389,0.509732057311541,1.0,1,0.6645129470907986,45
5193,0,7826,7826,0,0,0,0,0.745987892483389,0.509732057311541,0.745987892483389,0.509732057311541,1.0,1,0.6645129470907986,45
5194,0,7826,7826,0,0,0,0,0.7440773275626202,0.5054332862398109,0.7440773275626202,0.5054332862398109,1.0,1,0.6653667971339009,45
5195,3,7829,7829,0,0,0,0,0.7250712681016926,0.4751649674836272,0.7250712681016926,0.4751649674836272,1.0,1,0.6744746092607481,46
5196,0,7829,7829,0,0,0,0,0.7250712681016926,0.4751649674836272,0.7250712681016926,0.4751649674836272,1.0,1,0.6744746092607481,46
5197,2,7831,7831,0,0,0,0,0.7250712681016926,0.4751649674836272,0.7250712681016926,0.4751649674836272,1.0,1,0.6844812307526527,46
5198,0,7831,7831,0,0,0,0,0.7309208155888907,0.4751649674836272,0.7309208155888907,0.4751649674836272,1.0,1,0.6771533699822965,47
5199,1,7832,7832,0,0,0,0,0.7147731035721953,0.4751649674836272,0.7147731035721953,0.4751649674836272,1.0,1,0.6719648316861726,49
5200,1,7833,7833,0,0,0,0,0.7008986485793736,0.4751649674836272,0.7008986485793736,0.4751649674836272,1.0,1,0.6780722707154245,49
5201,2,7835,7835,0,0,0,0,0.6685868639184984,0.4605241740805934,0.6685868639184984,0.4605241740805934,1.0,1,0.6848851751930061,50
5202,0,7835,7835,0,0,0,0,0.6622963119550126,0.44093899371777323,0.6622963119550126,0.44093899371777323,1.0,1,0.6721653800549207,52
5203,0,7835,7835,0,0,0,0,0.6622963119550126,0.44093899371777323,0.6622963119550126,0.44093899371777323,1.0,1,0.6721653800549207,52
5204,1,7836,7836,0,0,0,0,0.6763817563522514,0.4278134974702087,0.6763817563522514,0.4278134974702087,1.0,1,0.6563146757683179,54
5205,0,7836,7836,0,0,0,0,0.6763817563522514,0.4278134974702087,0.6763817563522514,0.4278134974702087,1.0,1,0.6563146757683179,54
5206,1,7837,7837,0,0,0,0,0.6651988493623996,0.41287933550724615,0.6651988493623996,0.41287933550724615,1.0,1,0.6566209676035202,55
5207,0,7837,7837,0,0,0,0,0.6589988280542959,0.41287933550724615,0.6589988280542959,0.41287933550724615,1.0,1,0.6682863694611682,54
5208,1,7838,7838,0,0,0,0,0.6583319742429745,0.41287933550724615,0.6583319742429745,0.41287933550724615,1.0,1,0.6702794173132038,54
5209,0,7838,7838,0,0,0,0,0.6583319742429745,0.41287933550724615,0.6583319742429745,0.41287933550724615,1.0,1,0.6702794173132038,54
5210,1,7839,7839,0,0,0,0,0.6579558129683989,0.41287933550724615,0.6579558129683989,0.41287933550724615,1.0,1,0.6754900337304597,54
5211,0,7839,7839,0,0,0,0,0.6350701122907817,0.4003305097975117,0.6350701122907817,0.4003305097975117,1.0,1,0.6738869268569893,56
5212,2,7841,7841,0,0,0,0,0.6557297881693156,0.4003305097975117,0.6557297881693156,0.4003305097975117,1.0,1,0.6607257600420945,57
5213,1,7842,7842,0,0,0,0,0.6430875625207717,0.4003305097975117,0.6430875625207717,0.4003305097975117,1.0,1,0.6643748131322142,57
5214,2,7844,7844,0,0,0,0,0.6517602632550895,0.3719891097469197,0.6517602632550895,0.3719891097469197,1.0,1,0.6619261813634272,58
5215,0,7844,7844,0,0,0,0,0.6456507941893893,0.3719891097469197,0.6456507941893893,0.3719891097469197,1.0,1,0.6715932367619584,57
5216,4,7848,7848,0,0,0,0,0.6684037668428017,0.3498608436859566,0.6684037668428017,0.3498608436859566,1.0,1,0.6654943263181523,57
5217,2,7850,7850,0,0,0,0,0.6971317667924878,0.3919421185832857,0.6971317667924878,0.3919421185832857,1.0,1,0.6396577277890312,56
5218,4,7854,7854,0,0,0,0,0.6652987375468218,0.38768507663603413,0.6652987375468218,0.38768507663603413,1.0,1,0.6413256742686966,56
5219,3,7857,7857,0,0,0,0,0.6958116474565832,0.43476029193632393,0.6958116474565832,0.43476029193632393,1.0,1,0.6415826460898945,54
5220,2,7859,7859,0,0,0,0,0.6918102191354522,0.4345065288410019,0.6918102191354522,0.4345065288410019,1.0,1,0.652717261667783,53
5221,1,7860,7860,0,0,0,0,0.7032438787170758,0.448558470838918,0.7032438787170758,0.448558470838918,1.0,1,0.6389234306640965,52
5222,4,7864,7864,0,0,0,0,0.6937487117044022,0.4413376164642784,0.6937487117044022,0.4413376164642784,1.0,1,0.6279631040626285,52
5223,2,7866,7866,0,0,0,0,0.6758184507712891,0.42638916906483193,0.6758184507712891,0.42638916906483193,1.0,1,0.6364556368906633,52
5224,1,7867,7867,0,0,0,0,0.6758184507712891,0.42638916906483193,0.6758184507712891,0.42638916906483193,1.0,1,0.6319232818692788,52
5225,0,7867,7867,0,0,0,0,0.6826263946213683,0.4436870632325906,0.6826263946213683,0.4436870632325906,1.0,1,0.6402965291461266,50
5226,4,7871,7871,0,0,0,0,0.6887386609287418,0.4434517289116497,0.6887386609287418,0.4434517289116497,1.0,1,0.6546002902203991,51
5227,2,7873,7873,0,0,0,0,0.6979467694930439,0.4434517289116497,0.6979467694930439,0.4434517289116497,1.0,1,0.667588960547864,49
5228,0,7873,7873,0,0,0,0,0.6916539938574825,0.4434517289116497,0.6916539938574825,0.4434517289116497,1.0,1,0.6878884915825868,48
5229,1,7874,7874,0,0,0,0,0.7220464909293884,0.4434517289116497,0.7220464909293884,0.4434517289116497,1.0,1,0.6545176428472735,49
5230,0,7874,7874,0,0,0,0,0.7220464909293882,0.4434517289116497,0.7220464909293882,0.4434517289116497,1.0,1,0.6545176428472735,49
5231,1,7875,7875,0,0,0,0,0.7220464909293884,0.4434517289116497,0.7220464909293884,0.4434517289116497,1.0,1,0.6601144700919631,49
5232,2,7877,7877,0,0,0,0,0.7203671504893521,0.429548986998278,0.7203671504893521,0.429548986998278,1.0,1,0.643680511686352,51
5233,4,7881,7881,0,0,0,0,0.6919390431823942,0.42452203716436315,0.6919390431823942,0.42452203716436315,1.0,1,0.6677106871371129,51
5234,4,7885,7885,0,0,0,0,0.6844081729227115,0.43655777883310776,0.6844081729227115,0.43655777883310776,1.0,1,0.6824789001370886,52
5235,1,7886,7886,0,0,0,0,0.6943634514509269,0.45298173569231737,0.6943634514509269,0.45298173569231737,1.0,1,0.6768690579225084,52
5236,0,7886,7886,0,0,0,0,0.6943634514509269,0.45298173569231737,0.6943634514509269,0.45298173569231737,1.0,1,0.6768690579225084,52
5237,3,7889,7889,0,0,0,0,0.6824688803022385,0.4628809401782731,0.6824688803022385,0.4628809401782731,1.0,1,0.6743189182983027,53
5238,0,7889,7889,0,0,0,0,0.6824688803022385,0.4628809401782731,0.6824688803022385,0.4628809401782731,1.0,1,0.6743189182983027,53
5239,2,7891,7891,0,0,0,0,0.6905358153163311,0.4628809401782731,0.6905358153163311,0.4628809401782731,1.0,1,0.6664166556231864,53
5240,1,7892,7892,0,0,0,0,0.6777600358743446,0.44252907006309555,0.6777600358743446,0.44252907006309555,1.0,1,0.6626398572447807,55
5241,1,7893,7893,0,0,0,0,0.7042538557326334,0.44252907006309555,0.7042538557326334,0.44252907006309555,1.0,1,0.6424548663163673,56
5242,1,7894,7894,0,0,0,0,0.7157297780661206,0.4620816736055345,0.7157297780661206,0.4620816736055345,1.0,1,0.6479685091005845,54
5243,1,7895,7895,0,0,0,0,0.7260420045211954,0.4485889730497585,0.7260420045211954,0.4485889730497585,1.0,1,0.6413413791005517,55
5244,1,7896,7896,0,0,0,0,0.711671856213519,0.46609666559720103,0.711671856213519,0.46609666559720103,1.0,1,0.6519443279574865,55
5245,3,7899,7899,0,0,0,0,0.7136638657264714,0.5227017282564642,0.7136638657264714,0.5227017282564642,1.0,1,0.636261273849217,55
5246,0,7899,7899,0,0,0,0,0.7136638657264713,0.5227017282564642,0.7136638657264713,0.5227017282564642,1.0,1,0.6431492014885473,55
5247,1,7900,7900,0,0,0,0,0.7265114882949041,0.5504521874806578,0.7265114882949041,0.5504521874806578,1.0,1,0.638493713581498,54
5248,1,7901,7901,0,0,0,0,0.7231356547889536,0.5753564114430267,0.7231356547889536,0.5753564114430267,1.0,1,0.6433415088479869,53
5249,3,7904,7904,0,0,0,0,0.7102274013025582,0.5753564114430267,0.7102274013025582,0.5753564114430267,1.0,1,0.630966329743906,55
5250,3,7907,7907,0,0,0,0,0.672947880310509,0.5834198105174496,0.672947880310509,0.5834198105174496,1.0,1,0.6387017883455323,55
5251,1,7908,7908,0,0,0,0,0.6239915141850448,0.5458872364775279,0.6239915141850448,0.5458872364775279,1.0,1,0.6499213179014294,57
5252,0,7908,7908,0,0,0,0,0.6304744191128888,0.5458872364775279,0.6304744191128888,0.5458872364775279,1.0,1,0.6404786588401808,58
5253,1,7909,7909,0,0,0,0,0.6022817555207314,0.536402782034385,0.6022817555207314,0.536402782034385,1.0,1,0.6492214368496275,59
5254,3,7912,7912,0,0,0,0,0.6198727294900234,0.4828794580154834,0.6198727294900234,0.4828794580154834,1.0,1,0.6615719847967464,59
5255,1,7913,7913,0,0,0,0,0.6266268583797284,0.4683412454174227,0.6266268583797284,0.4683412454174227,1.0,1,0.668339625395773,58
5256,1,7914,7914,0,0,0,0,0.630548304551559,0.45415932446495666,0.630548304551559,0.45415932446495666,1.0,1,0.6686105476593198,59
5257,1,7915,7915,0,0,0,0,0.6544077729835377,0.48389915549781226,0.6544077729835377,0.48389915549781226,1.0,1,0.6527377776859646,58
5258,3,7918,7918,0,0,0,0,0.6586747662573942,0.4790793196800918,0.6586747662573942,0.4790793196800918,1.0,1,0.6394517829894466,56
5259,3,7921,7921,0,0,0,0,0.6236992232718517,0.46188995868923444,0.6236992232718517,0.46188995868923444,1.0,1,0.6445632767159691,56
5260,5,7926,7926,0,0,0,0,0.6904510892636496,0.46937136348832886,0.6904510892636496,0.46937136348832886,1.0,1,0.6108947175987793,55
5261,0,7926,7926,0,0,0,0,0.7087864449673504,0.47988413177603007,0.7087864449673504,0.47988413177603007,1.0,1,0.6071891040282084,54
5262,4,7930,7930,0,0,0,0,0.7436631083405929,0.47809150297564346,0.7436631083405929,0.47809150297564346,1.0,1,0.5951017747915779,54
5263,3,7933,7933,0,0,0,0,0.7721677763198658,0.4904231628139923,0.7721677763198658,0.4904231628139923,1.0,1,0.5876178579935879,53
5264,3,7936,7936,0,0,0,0,0.7801825408217221,0.4904231628139923,0.7801825408217221,0.4904231628139923,1.0,1,0.5926917522366054,51
5265,4,7940,7940,0,0,0,0,0.7979757173400785,0.5189898031906632,0.7979757173400785,0.5189898031906632,1.0,1,0.5885835566236755,50
5266,3,7943,7943,0,0,0,0,0.8345096278908603,0.5732090403501133,0.8345096278908603,0.5732090403501133,1.0,1,0.5736077399082711,49
5267,2,7945,7945,0,0,0,0,0.8310619118052531,0.5732090403501133,0.8310619118052531,0.5732090403501133,1.0,1,0.5772790946367216,48
5268,3,7948,7948,0,0,0,0,0.8456674036525661,0.5970204428705893,0.8456674036525661,0.5970204428705893,1.0,1,0.5496903497741712,47
5269,1,7949,7949,0,0,0,0,0.8435917948443933,0.6089794871109828,0.8435917948443933,0.6089794871109828,1.0,1,0.5790929056566979,45
5270,2,7951,7951,0,0,0,0,0.842618545108645,0.6089794871109828,0.842618545108645,0.6089794871109828,1.0,1,0.5757336261641056,47
5271,3,7954,7954,0,0,0,0,0.8359553830425729,0.7129650396776408,0.8359553830425729,0.7129650396776408,1.0,1,0.5746291325593775,45
5272,2,7956,7956,0,0,0,0,0.8350908788700317,0.6687423908130185,0.8350908788700317,0.6687423908130185,1.0,1,0.5920739670777622,46
5273,2,7958,7958,0,0,0,0,0.8099147546406815,0.7071818721387398,0.8099147546406815,0.7071818721387398,1.0,1,0.6136361965043516,44
5274,0,7958,7958,0,0,0,0,0.8099147546406815,0.7071818721387398,0.8099147546406815,0.7071818721387398,1.0,1,0.6262017295141672,44
5275,3,7961,7961,0,0,0,0,0.820532374894334,0.6903489205325742,0.820532374894334,0.6903489205325742,1.0,1,0.6137938217693547,46
5276,4,7965,7965,0,0,0,0,0.8218840498823612,0.6503738079110182,0.8218840498823612,0.6503738079110182,1.0,1,0.6190187479785021,46
5277,0,7965,7965,0,0,0,0,0.8218840498823614,0.6503738079110182,0.8218840498823614,0.6503738079110182,1.0,1,0.6190187479785021,46
5278,4,7969,7969,0,0,0,0,0.7892671448180932,0.6503738079110182,0.7892671448180932,0.6503738079110182,1.0,1,0.6443112613655289,46
5279,1,7970,7970,0,0,0,0,0.7751969773561204,0.6503738079110182,0.7751969773561204,0.6503738079110182,1.0,1,0.6408600868295243,47
5280,0,7970,7970,0,0,0,0,0.7751969773561204,0.6503738079110182,0.7751969773561204,0.6503738079110182,1.0,1,0.6413500274161231,47
5281,0,7970,7970,0,0,0,0,0.7579469744185108,0.6090104566427739,0.7579469744185108,0.6090104566427739,1.0,1,0.6471342384658252,48
5282,1,7971,7971,0,0,0,0,0.7376324723552873,0.6090104566427739,0.7376324723552873,0.6090104566427739,1.0,1,0.6554907716834081,48
5283,0,7971,7971,0,0,0,0,0.7196153231234693,0.6090104566427739,0.7196153231234693,0.6090104566427739,1.0,1,0.6519892022671161,49
5284,1,7972,7972,0,0,0,0,0.7184339351296779,0.5864981665827882,0.7184339351296779,0.5864981665827882,1.0,1,0.6581130383716519,49
5285,0,7972,7972,0,0,0,0,0.7399894717158236,0.6090104566427739,0.7399894717158236,0.6090104566427739,1.0,1,0.6292923313782465,50
5286,0,7972,7972,0,0,0,0,0.7245305038964912,0.6090104566427739,0.7245305038964912,0.6090104566427739,1.0,1,0.6300293331615645,51
5287,1,7973,7973,0,0,0,0,0.7251102127295687,0.6362240468503165,0.7251102127295687,0.6362240468503165,1.0,1,0.6235725613719172,51
5288,0,7973,7973,0,0,0,0,0.7251102127295687,0.6362240468503165,0.7251102127295687,0.6362240468503165,1.0,1,0.6235725613719172,51
5289,0,7973,7973,0,0,0,0,0.7139986233608696,0.6362240468503165,0.7139986233608696,0.6362240468503165,1.0,1,0.6157240236338337,53
5290,2,7975,7975,0,0,0,0,0.715510791239005,0.5666898287403882,0.715510791239005,0.5666898287403882,1.0,1,0.6340265392876219,53
5291,1,7976,7976,0,0,0,0,0.7148972468286257,0.5666898287403882,0.7148972468286257,0.5666898287403882,1.0,1,0.6303087717279182,53
5292,3,7979,7979,0,0,0,0,0.7146824360894087,0.5406891986882528,0.7146824360894087,0.5406891986882528,1.0,1,0.637771536661429,53
5293,3,7982,7982,0,0,0,0,0.7526855753851658,0.5598617223088076,0.7526855753851658,0.5598617223088076,1.0,1,0.6207554801399613,53
5294,3,7985,7985,0,0,0,0,0.7301239296187341,0.5583129566917807,0.7301239296187341,0.5583129566917807,1.0,1,0.6184715980235151,54
5295,1,7986,7986,0,0,0,0,0.7380668301890402,0.5852127423291611,0.7380668301890402,0.5852127423291611,1.0,1,0.6178278083186308,52
5296,2,7988,7988,0,0,0,0,0.7612655646818096,0.6065184749559884,0.7612655646818096,0.6065184749559884,1.0,1,0.6220044152202185,49
5297,3,7991,7991,0,0,0,0,0.7050232669904959,0.5524265316612313,0.7050232669904959,0.5524265316612313,1.0,1,0.6465835047803342,49
5298,3,7994,7994,0,0,0,0,0.7540476379202093,0.5598840575421161,0.7540476379202093,0.5598840575421161,1.0,1,0.6228775437824144,49
5299,1,7995,7995,0,0,0,0,0.8068180100080253,0.5941313931240397,0.8068180100080253,0.5941313931240397,1.0,1,0.595735807782767,50
5300,2,7997,7997,0,0,0,0,0.8600174703517038,0.6307894070147985,0.8600174703517038,0.6307894070147985,1.0,1,0.5764768385747518,48
5301,2,7999,7999,0,0,0,0,0.8717050205142877,0.6571648054730483,0.8717050205142877,0.6571648054730483,1.0,1,0.5834479336660109,46
5302,2,8001,8001,0,0,0,0,0.8461368404506565,0.6259795610024406,0.8461368404506565,0.6259795610024406,1.0,1,0.5805179225206726,47
5303,3,8004,8004,0,0,0,0,0.8536441760444333,0.6259795610024406,0.8536441760444333,0.6259795610024406,1.0,1,0.549777528055016,46
5304,1,8005,8005,0,0,0,0,0.8242785489002724,0.5838176158164349,0.8242785489002724,0.5838176158164349,1.0,1,0.5936678223170382,45
5305,2,8007,8007,0,0,0,0,0.8202848795570968,0.5838176158164349,0.8202848795570968,0.5838176158164349,1.0,1,0.5912825529993536,44
5306,1,8008,8008,0,0,0,0,0.8117270166788634,0.5838176158164349,0.8117270166788634,0.5838176158164349,1.0,1,0.6211416224514031,42
5307,1,8009,8009,0,0,0,0,0.7878603479683823,0.5545067307336031,0.7878603479683823,0.5545067307336031,1.0,1,0.6350695867364887,42
5308,2,8011,8011,0,0,0,0,0.7574034559867173,0.5545067307336031,0.7574034559867173,0.5545067307336031,1.0,1,0.6628663754079397,43
5309,0,8011,8011,0,0,0,0,0.7826862101139529,0.5545067307336031,0.7826862101139529,0.5545067307336031,1.0,1,0.66270425575442,41
5310,1,8012,8012,0,0,0,0,0.7569234516678499,0.5273870127167389,0.7569234516678499,0.5273870127167389,1.0,1,0.6924959122201929,41
5311,2,8014,8014,0,0,0,0,0.7485512630036781,0.5273870127167389,0.7485512630036781,0.5273870127167389,1.0,1,0.6811044893676153,42
5312,0,8014,8014,0,0,0,0,0.7212467254781113,0.5049662562375317,0.7212467254781113,0.5049662562375317,1.0,1,0.6852364327329495,43
5313,0,8014,8014,0,0,0,0,0.7275820271717905,0.5049662562375317,0.7275820271717905,0.5049662562375317,1.0,1,0.6804220139810138,44
5314,0,8014,8014,0,0,0,0,0.7275820271717905,0.5049662562375317,0.7275820271717905,0.5049662562375317,1.0,1,0.6804220139810138,44
5315,1,8015,8015,0,0,0,0,0.6893178764053293,0.5049662562375317,0.6893178764053293,0.5049662562375317,1.0,1,0.7008888914698649,45
5316,0,8015,8015,0,0,0,0,0.6757015824916551,0.485748956243566,0.6757015824916551,0.485748956243566,1.0,1,0.704296946297558,46
5317,3,8018,8018,0,0,0,0,0.7386224616268031,0.5206712524343641,0.7386224616268031,0.5206712524343641,1.0,1,0.6734538312856676,46
5318,3,8021,8021,0,0,0,0,0.7588096899330733,0.5431354401605035,0.7588096899330733,0.5431354401605035,1.0,1,0.6504505726467169,46
5319,0,8021,8021,0,0,0,0,0.743389923040474,0.5188947356757609,0.743389923040474,0.5188947356757609,1.0,1,0.6551180914975121,47
5320,1,8022,8022,0,0,0,0,0.7487359663104641,0.5188947356757609,0.7487359663104641,0.5188947356757609,1.0,1,0.6438269761994109,48
5321,0,8022,8022,0,0,0,0,0.7385014333480447,0.5188947356757609,0.7385014333480447,0.5188947356757609,1.0,1,0.6441716673319715,49
5322,0,8022,8022,0,0,0,0,0.7385014333480447,0.5188947356757609,0.7385014333480447,0.5188947356757609,1.0,1,0.6441716673319715,49
5323,0,8022,8022,0,0,0,0,0.7074271493492208,0.5009490184173147,0.7074271493492208,0.5009490184173147,1.0,1,0.648350757832384,51
5324,3,8025,8025,0,0,0,0,0.7543012951043072,0.5460031214449472,0.7543012951043072,0.5460031214449472,1.0,1,0.6077540909739644,53
5325,1,8026,8026,0,0,0,0,0.7358828905732152,0.5211374756548127,0.7358828905732152,0.5211374756548127,1.0,1,0.623656999910464,53
5326,2,8028,8028,0,0,0,0,0.7549063588509803,0.5476065403736308,0.7549063588509803,0.5476065403736308,1.0,1,0.6115906769520187,53
5327,1,8029,8029,0,0,0,0,0.7528804351289927,0.5422378425103634,0.7528804351289927,0.5422378425103634,1.0,1,0.6218172207435707,53
5328,2,8031,8031,0,0,0,0,0.74254648002056,0.5391334563991576,0.74254648002056,0.5391334563991576,1.0,1,0.6273852252837335,54
5329,2,8033,8033,0,0,0,0,0.7514411670469988,0.5631968379597986,0.7514411670469988,0.5631968379597986,1.0,1,0.6352594186091389,53
5330,2,8035,8035,0,0,0,0,0.7625945766421874,0.6310052045125407,0.7625945766421874,0.6310052045125407,1.0,1,0.6245294214052708,52
5331,0,8035,8035,0,0,0,0,0.7771920590833211,0.6693103440355517,0.7771920590833211,0.6693103440355517,1.0,1,0.619440148334011,51
5332,1,8036,8036,0,0,0,0,0.7864166709353001,0.6853648362471914,0.7864166709353001,0.6853648362471914,1.0,1,0.6071941095798581,52
5333,1,8037,8037,0,0,0,0,0.7903448302313195,0.6853648362471914,0.7903448302313195,0.6853648362471914,1.0,1,0.5986782309531935,53
5334,2,8039,8039,0,0,0,0,0.7490004727079865,0.6660731825837656,0.7490004727079865,0.6660731825837656,1.0,1,0.6033560853621313,54
5335,0,8039,8039,0,0,0,0,0.7339224684999923,0.6393225092512328,0.7339224684999923,0.6393225092512328,1.0,1,0.6074152159642834,55
5336,0,8039,8039,0,0,0,0,0.7509794619953283,0.6393225092512328,0.7509794619953283,0.6393225092512328,1.0,1,0.6108678647328258,54
5337,0,8039,8039,0,0,0,0,0.73751090006824,0.6274929104321013,0.73751090006824,0.6274929104321013,1.0,1,0.6131502888580822,55
5338,2,8041,8041,0,0,0,0,0.7580872541210555,0.6046747809822416,0.7580872541210555,0.6046747809822416,1.0,1,0.6080827613660881,55
5339,2,8043,8043,0,0,0,0,0.7180076363822732,0.5506842369322473,0.7180076363822732,0.5506842369322473,1.0,1,0.6343759795558602,55
5340,2,8045,8045,0,0,0,0,0.7070381813367427,0.5506842369322473,0.7070381813367427,0.5506842369322473,1.0,1,0.6318970879671425,55
5341,2,8047,8047,0,0,0,0,0.720111097435031,0.5791166373226747,0.720111097435031,0.5791166373226747,1.0,1,0.6200269613488255,54
5342,1,8048,8048,0,0,0,0,0.7073494891255246,0.549595900643175,0.7073494891255246,0.549595900643175,1.0,1,0.6259255533520475,55
5343,3,8051,8051,0,0,0,0,0.6823183391189623,0.5191645261370219,0.6823183391189623,0.5191645261370219,1.0,1,0.6394289556945468,54
5344,1,8052,8052,0,0,0,0,0.6692074721016921,0.49259577028140655,0.6692074721016921,0.49259577028140655,1.0,1,0.6480372884799473,55
5345,3,8055,8055,0,0,0,0,0.6492409458250112,0.5011525862825443,0.6492409458250112,0.5011525862825443,1.0,1,0.6531730438909322,53
5346,2,8057,8057,0,0,0,0,0.6118246398138637,0.4563630685027302,0.6118246398138637,0.4563630685027302,1.0,1,0.6823183714615575,53
5347,4,8061,8061,0,0,0,0,0.6141937498595064,0.44827188423415004,0.6141937498595064,0.44827188423415004,1.0,1,0.6769477631920213,51
5348,2,8063,8063,0,0,0,0,0.5953173087105511,0.45492763876360204,0.5953173087105511,0.45492763876360204,1.0,1,0.6703651311857096,53
5349,2,8065,8065,0,0,0,0,0.5876075155421777,0.45509915906060366,0.5876075155421777,0.45509915906060366,1.0,1,0.6906674178681877,52
5350,1,8066,8066,0,0,0,0,0.5711589539665937,0.45520629043044203,0.5711589539665937,0.45520629043044203,1.0,1,0.7056323251247067,50
5351,1,8067,8067,0,0,0,0,0.546540110394623,0.4359248061093655,0.546540110394623,0.4359248061093655,1.0,1,0.7153199948111764,52
5352,1,8068,8068,0,0,0,0,0.5431308323382091,0.4645270720257844,0.5431308323382091,0.4645270720257844,1.0,1,0.7221040972169431,49
5353,0,8068,8068,0,0,0,0,0.5431308323382091,0.4645270720257844,0.5431308323382091,0.4645270720257844,1.0,1,0.7221040972169431,49
5354,1,8069,8069,0,0,0,0,0.5612165196504764,0.48122829823182633,0.5612165196504764,0.48122829823182633,1.0,1,0.7169193162641017,49
5355,0,8069,8069,0,0,0,0,0.5733292393472585,0.4949435809526185,0.5733292393472585,0.4949435809526185,1.0,1,0.7152702828508972,48
5356,1,8070,8070,0,0,0,0,0.5433122984399288,0.4563614928214386,0.5433122984399288,0.4563614928214386,1.0,1,0.7266841173621441,49
5357,1,8071,8071,0,0,0,0,0.5632320682107473,0.4563614928214386,0.5632320682107473,0.4563614928214386,1.0,1,0.7177568077266027,47
5358,3,8074,8074,0,0,0,0,0.5785899628321155,0.440642276917273,0.5785899628321155,0.440642276917273,1.0,1,0.7197766129920121,48
5359,1,8075,8075,0,0,0,0,0.5970181746593033,0.440642276917273,0.5970181746593033,0.440642276917273,1.0,1,0.7159645834797201,48
5360,2,8077,8077,0,0,0,0,0.6377661381806897,0.440642276917273,0.6377661381806897,0.440642276917273,1.0,1,0.7068137465467883,48
5361,2,8079,8079,0,0,0,0,0.6588052595451542,0.42746473208376606,0.6588052595451542,0.42746473208376606,1.0,1,0.6995688275710292,50
5362,2,8081,8081,0,0,0,0,0.6837682892804419,0.42746473208376606,0.6837682892804419,0.42746473208376606,1.0,1,0.6833279286749984,50
5363,1,8082,8082,0,0,0,0,0.703231549578591,0.42746473208376606,0.703231549578591,0.42746473208376606,1.0,1,0.6790556510239951,50
5364,1,8083,8083,0,0,0,0,0.6962315066644252,0.42746473208376606,0.6962315066644252,0.42746473208376606,1.0,1,0.678843607140069,51
5365,1,8084,8084,0,0,0,0,0.6685723193368247,0.4084947514662947,0.6685723193368247,0.4084947514662947,1.0,1,0.6910926720557213,52
5366,0,8084,8084,0,0,0,0,0.6685723193368247,0.4084947514662947,0.6685723193368247,0.4084947514662947,1.0,1,0.6910926720557213,52
5367,0,8084,8084,0,0,0,0,0.677712256649935,0.4084947514662947,0.677712256649935,0.4084947514662947,1.0,1,0.6740567161696307,54
5368,0,8084,8084,0,0,0,0,0.6644814035914293,0.39151403246502925,0.6644814035914293,0.39151403246502925,1.0,1,0.6783743578903716,55
5369,3,8087,8087,0,0,0,0,0.664568145492766,0.387515257250307,0.664568145492766,0.387515257250307,1.0,1,0.6901891277800715,53
5370,2,8089,8089,0,0,0,0,0.6697046100789331,0.3721752963459604,0.6697046100789331,0.3721752963459604,1.0,1,0.6852422624661083,54
5371,2,8091,8091,0,0,0,0,0.6842008969157962,0.3863683808502073,0.6842008969157962,0.3863683808502073,1.0,1,0.6777353046082765,53
5372,1,8092,8092,0,0,0,0,0.657086508172562,0.38015298672518755,0.657086508172562,0.38015298672518755,1.0,1,0.6848691209563622,53
5373,0,8092,8092,0,0,0,0,0.6698523602204859,0.39503340153459804,0.6698523602204859,0.39503340153459804,1.0,1,0.6808738716011813,52
5374,2,8094,8094,0,0,0,0,0.6400189049660658,0.3733151800630977,0.6400189049660658,0.3733151800630977,1.0,1,0.6992028851169065,51
5375,1,8095,8095,0,0,0,0,0.6486483523028619,0.3766022232660406,0.6486483523028619,0.3766022232660406,1.0,1,0.6838157054139472,52
5376,1,8096,8096,0,0,0,0,0.647853816719633,0.38811445781983595,0.647853816719633,0.38811445781983595,1.0,1,0.6880796979171532,51
5377,2,8098,8098,0,0,0,0,0.6186456560443838,0.37835855312032485,0.6186456560443838,0.37835855312032485,1.0,1,0.6922776360097118,52
5378,1,8099,8099,0,0,0,0,0.6194625158717513,0.4063232251207607,0.6194625158717513,0.4063232251207607,1.0,1,0.6924877241260438,50
5379,1,8100,8100,0,0,0,0,0.5996378624423495,0.3915989326544332,0.5996378624423495,0.3915989326544332,1.0,1,0.7039827544879198,50
5380,0,8100,8100,0,0,0,0,0.5909725236655562,0.3884589433423491,0.5909725236655562,0.3884589433423491,1.0,1,0.6993214123687516,52
5381,0,8100,8100,0,0,0,0,0.5909725236655562,0.3884589433423491,0.5909725236655562,0.3884589433423491,1.0,1,0.6993214123687516,52
5382,2,8102,8102,0,0,0,0,0.6095987807788259,0.40219064769744045,0.6095987807788259,0.40219064769744045,1.0,1,0.6895349458970786,52
5383,0,8102,8102,0,0,0,0,0.6242524199330248,0.40219064769744045,0.6242524199330248,0.40219064769744045,1.0,1,0.6900757596097584,51
5384,3,8105,8105,0,0,0,0,0.6700534313106821,0.431696046150226,0.6700534313106821,0.431696046150226,1.0,1,0.6549769458361179,52
5385,4,8109,8109,0,0,0,0,0.6931842103091503,0.43303248903408076,0.6931842103091503,0.43303248903408076,1.0,1,0.664240250673037,51
5386,2,8111,8111,0,0,0,0,0.7180180653079381,0.428946540755148,0.7180180653079381,0.428946540755148,1.0,1,0.6529016461993387,52
5387,4,8115,8115,0,0,0,0,0.7618756758923124,0.4512787314040243,0.7618756758923124,0.4512787314040243,1.0,1,0.6183005221978259,53
5388,2,8117,8117,0,0,0,0,0.7738624875898844,0.47098956861217817,0.7738624875898844,0.47098956861217817,1.0,1,0.6079426919273417,54
5389,5,8122,8122,0,0,0,0,0.7778226082067187,0.49196901154661465,0.7778226082067187,0.49196901154661465,1.0,1,0.5827988117799545,55
5390,3,8125,8125,0,0,0,0,0.7500199114645065,0.49196901154661465,0.7500199114645065,0.49196901154661465,1.0,1,0.5847606130590501,56
5391,1,8126,8126,0,0,0,0,0.7331789127553726,0.49196901154661465,0.7331789127553726,0.49196901154661465,1.0,1,0.5918817721965637,56
5392,2,8128,8128,0,0,0,0,0.716406577737506,0.4723681127944717,0.716406577737506,0.4723681127944717,1.0,1,0.6125281309445918,56
5393,1,8129,8129,0,0,0,0,0.7059031176537099,0.4723681127944717,0.7059031176537099,0.4723681127944717,1.0,1,0.6355995635612802,54
5394,2,8131,8131,0,0,0,0,0.7382952824822636,0.5201490049869002,0.7382952824822636,0.5201490049869002,1.0,1,0.6153480973128427,53
5395,2,8133,8133,0,0,0,0,0.7552708111258031,0.5422464798866102,0.7552708111258031,0.5422464798866102,1.0,1,0.5930577013553651,53
5396,2,8135,8135,0,0,0,0,0.7460888633392282,0.5566984316880758,0.7460888633392282,0.5566984316880758,1.0,1,0.5897455111320649,54
5397,1,8136,8136,0,0,0,0,0.7412424338014646,0.5846951630103087,0.7412424338014646,0.5846951630103087,1.0,1,0.5925010512119914,53
5398,1,8137,8137,0,0,0,0,0.7244738704833088,0.5846951630103087,0.7244738704833088,0.5846951630103087,1.0,1,0.5957841473117784,53
5399,3,8140,8140,0,0,0,0,0.7528208370068791,0.6040334556349893,0.7528208370068791,0.6040334556349893,1.0,1,0.5854264783487243,55
5400,0,8140,8140,0,0,0,0,0.7321972391066374,0.5776803305241806,0.7321972391066374,0.5776803305241806,1.0,1,0.5982229416487156,55
5401,1,8141,8141,0,0,0,0,0.7206483067389801,0.5767399593656649,0.7206483067389801,0.5767399593656649,1.0,1,0.5966664804272217,56
5402,0,8141,8141,0,0,0,0,1.0,1.0,1.0,1.0,1.0,1,0.0,0
