,SuccessfulHandoverCount,TotalSuccessfulHandoverCount,TotalSuccessfulHandoverCountRange,TotalSuccessfulHandoverCountLoadBalancing,TotalSuccessfulHandoverCountOverload,FailedHandoverCount,TotalFailedHandoverCount,AvgQoS,MinQoS,AvgQoS_LoadBased,MinQoS_LoadBased,AvgQoS_RangeBased,MinQoS_RangeBased,GiniLoad,VehicleCount
0,0,0,0,0,0,0,0,1.0,1,1.0,1,1.0,1,0.0,0
1,14,14,0,14,0,0,0,1.0,1,1.0,1,1.0,1,0.17914486793509235,26
2,11,25,0,25,0,0,0,1.0,1,1.0,1,1.0,1,0.0877328818033471,27
3,7,32,0,32,0,0,0,1.0,1,1.0,1,1.0,1,0.0496452199194441,28
4,0,32,0,32,0,0,0,1.0,1,1.0,1,1.0,1,0.04215755766363837,29
5,0,32,0,32,0,0,0,1.0,1,1.0,1,1.0,1,0.04215755766363837,29
6,0,32,0,32,0,0,0,1.0,1,1.0,1,1.0,1,0.048885964900476454,32
7,1,33,1,32,0,0,0,1.0,1,1.0,1,1.0,1,0.06809509034985478,33
8,1,34,2,32,0,0,0,1.0,1,1.0,1,1.0,1,0.07256848970864194,35
9,0,34,2,32,0,0,0,1.0,1,1.0,1,1.0,1,0.07256848970864194,35
10,1,35,3,32,0,0,0,1.0,1,1.0,1,1.0,1,0.07717246200499044,35
11,2,37,5,32,0,0,0,1.0,1,1.0,1,1.0,1,0.05040466787641792,35
12,2,39,6,33,0,0,0,1.0,1,1.0,1,1.0,1,0.03715951508469628,34
13,0,39,6,33,0,0,0,1.0,1,1.0,1,1.0,1,0.03890027070422803,32
14,3,42,9,33,0,0,0,1.0,1,1.0,1,1.0,1,0.13592959705198684,31
15,0,42,9,33,0,0,0,1.0,1,1.0,1,1.0,1,0.14757966547464538,30
16,2,44,9,35,0,0,0,1.0,1,1.0,1,1.0,1,0.13800136841133287,30
17,0,44,9,35,0,0,0,1.0,1,1.0,1,1.0,1,0.13348477746694395,29
18,0,44,9,35,0,0,0,1.0,1,1.0,1,1.0,1,0.13348477746694395,29
19,2,46,9,37,0,0,0,1.0,1,1.0,1,1.0,1,0.06540315055085238,28
20,0,46,9,37,0,0,0,1.0,1,1.0,1,1.0,1,0.05222082646708513,28
21,1,47,10,37,0,0,0,1.0,1,1.0,1,1.0,1,0.09327667302977266,28
22,1,48,11,37,0,0,0,1.0,1,1.0,1,1.0,1,0.10526995370439683,28
23,3,51,14,37,0,0,0,1.0,1,1.0,1,1.0,1,0.2132083678133291,27
24,4,55,18,37,0,0,0,1.0,1,1.0,1,1.0,1,0.19926366486801203,28
25,5,60,19,41,0,0,0,1.0,1,1.0,1,1.0,1,0.05962180053934853,28
26,1,61,20,41,0,0,0,1.0,1,1.0,1,1.0,1,0.11282321489788258,30
27,2,63,21,42,0,0,0,1.0,1,1.0,1,1.0,1,0.049709499150814615,30
28,1,64,22,42,0,0,0,1.0,1,1.0,1,1.0,1,0.07708880998563293,31
29,0,64,22,42,0,0,0,1.0,1,1.0,1,1.0,1,0.09628088163469045,30
30,0,64,22,42,0,0,0,1.0,1,1.0,1,1.0,1,0.09628088163469045,30
31,1,65,23,42,0,0,0,1.0,1,1.0,1,1.0,1,0.07117625487958586,31
32,0,65,23,42,0,0,0,1.0,1,1.0,1,1.0,1,0.09852769346128976,31
33,0,65,23,42,0,0,0,1.0,1,1.0,1,1.0,1,0.0776536072342432,31
34,3,68,24,44,0,0,0,1.0,1,1.0,1,1.0,1,0.11333441651374317,29
35,1,69,25,44,0,0,0,1.0,1,1.0,1,1.0,1,0.1179863872876758,30
36,2,71,25,46,0,0,0,1.0,1,1.0,1,1.0,1,0.0970265787641061,30
37,1,72,26,46,0,0,0,1.0,1,1.0,1,1.0,1,0.10662066836332683,31
38,2,74,26,48,0,0,0,1.0,1,1.0,1,1.0,1,0.07319801939222109,32
39,2,76,26,50,0,0,0,1.0,1,1.0,1,1.0,1,0.05040248965413298,36
40,1,77,27,50,0,0,0,1.0,1,1.0,1,1.0,1,0.07265615834177121,37
41,0,77,27,50,0,0,0,1.0,1,1.0,1,1.0,1,0.07265615834177121,37
42,2,79,28,51,0,0,0,1.0,1,1.0,1,1.0,1,0.11687607557165693,38
43,2,81,28,53,0,0,0,1.0,1,1.0,1,1.0,1,0.09542037110552773,40
44,0,81,28,53,0,0,0,1.0,1,1.0,1,1.0,1,0.07681399940554315,39
45,0,81,28,53,0,0,0,1.0,1,1.0,1,1.0,1,0.05526305117456923,40
46,0,81,28,53,0,0,0,1.0,1,1.0,1,1.0,1,0.0432727223197024,39
47,1,82,29,53,0,0,0,1.0,1,1.0,1,1.0,1,0.05983895573311793,39
48,0,82,29,53,0,0,0,1.0,1,1.0,1,1.0,1,0.05983895573311793,39
49,0,82,29,53,0,0,0,1.0,1,1.0,1,1.0,1,0.02259663607447984,37
50,2,84,31,53,0,0,0,1.0,1,1.0,1,1.0,1,0.07510304354139909,35
51,0,84,31,53,0,0,0,1.0,1,1.0,1,1.0,1,0.0617961089068901,34
52,0,84,31,53,0,0,0,1.0,1,1.0,1,1.0,1,0.03122771990989336,34
53,0,84,31,53,0,0,0,1.0,1,1.0,1,1.0,1,0.024467903335458934,35
54,0,84,31,53,0,0,0,1.0,1,1.0,1,1.0,1,0.036035566445498386,36
55,1,85,32,53,0,0,0,1.0,1,1.0,1,1.0,1,0.04634631312238602,36
56,6,91,36,55,0,0,0,1.0,1,1.0,1,1.0,1,0.12425201019901799,36
57,0,91,36,55,0,0,0,1.0,1,1.0,1,1.0,1,0.12851220579767308,37
58,4,95,38,57,0,0,0,1.0,1,1.0,1,1.0,1,0.11301179056363658,38
59,1,96,39,57,0,0,0,1.0,1,1.0,1,1.0,1,0.17471746506110575,37
60,0,96,39,57,0,0,0,1.0,1,1.0,1,1.0,1,0.15793656216471205,38
61,8,104,43,61,0,0,0,1.0,1,1.0,1,1.0,1,0.07463881646359709,37
62,1,105,44,61,0,0,0,1.0,1,1.0,1,1.0,1,0.09491091869724722,39
63,0,105,44,61,0,0,0,1.0,1,1.0,1,1.0,1,0.09491091869724722,39
64,1,106,45,61,0,0,0,1.0,1,1.0,1,1.0,1,0.11020080030638,38
65,1,107,46,61,0,0,0,1.0,1,1.0,1,1.0,1,0.10774157287663937,39
66,0,107,46,61,0,0,0,1.0,1,1.0,1,1.0,1,0.10638749265728119,39
67,1,108,47,61,0,0,0,1.0,1,1.0,1,1.0,1,0.08268118955616875,36
68,2,110,49,61,0,0,0,1.0,1,1.0,1,1.0,1,0.14256570430642573,36
69,1,111,50,61,0,0,0,1.0,1,1.0,1,1.0,1,0.1415245520171945,37
70,3,114,50,64,0,0,0,1.0,1,1.0,1,1.0,1,0.059402854340549795,36
71,0,114,50,64,0,0,0,1.0,1,1.0,1,1.0,1,0.05803151701489815,38
72,0,114,50,64,0,0,0,1.0,1,1.0,1,1.0,1,0.05803151701489815,38
73,1,115,51,64,0,0,0,1.0,1,1.0,1,1.0,1,0.08431953758670245,37
74,2,117,53,64,0,0,0,1.0,1,1.0,1,1.0,1,0.02643553110840586,38
75,0,117,53,64,0,0,0,1.0,1,1.0,1,1.0,1,0.02643553110840586,38
76,1,118,54,64,0,0,0,1.0,1,1.0,1,1.0,1,0.05988110045849816,39
77,0,118,54,64,0,0,0,1.0,1,1.0,1,1.0,1,0.06087528726017431,40
78,0,118,54,64,0,0,0,1.0,1,1.0,1,1.0,1,0.037581282218047,41
79,1,119,55,64,0,0,0,1.0,1,1.0,1,1.0,1,0.03620960002934706,41
80,0,119,55,64,0,0,0,1.0,1,1.0,1,1.0,1,0.03620960002934706,41
81,0,119,55,64,0,0,0,1.0,1,1.0,1,1.0,1,0.03154544350957828,41
82,0,119,55,64,0,0,0,1.0,1,1.0,1,1.0,1,0.05290353334816801,44
83,0,119,55,64,0,0,0,1.0,1,1.0,1,1.0,1,0.05290353334816801,44
84,1,120,56,64,0,0,0,1.0,1,1.0,1,1.0,1,0.08990828876720312,45
85,1,121,57,64,0,0,0,1.0,1,1.0,1,1.0,1,0.11942896784074986,45
86,0,121,57,64,0,0,0,1.0,1,1.0,1,1.0,1,0.11942896784074986,45
87,2,123,58,65,0,0,0,1.0,1,1.0,1,1.0,1,0.12871331569031358,44
88,1,124,58,66,0,0,0,1.0,1,1.0,1,1.0,1,0.11740298028036822,44
89,0,124,58,66,0,0,0,1.0,1,1.0,1,1.0,1,0.08029345157460921,43
90,0,124,58,66,0,0,0,1.0,1,1.0,1,1.0,1,0.09977700223559603,44
91,1,125,59,66,0,0,0,1.0,1,1.0,1,1.0,1,0.12249484327996596,44
92,0,125,59,66,0,0,0,1.0,1,1.0,1,1.0,1,0.1190429425208818,43
93,1,126,59,67,0,0,0,1.0,1,1.0,1,1.0,1,0.11304877334818207,44
94,0,126,59,67,0,0,0,1.0,1,1.0,1,1.0,1,0.11304877334818207,44
95,1,127,59,68,0,0,0,1.0,1,1.0,1,1.0,1,0.10109539701225796,43
96,0,127,59,68,0,0,0,1.0,1,1.0,1,1.0,1,0.10087947718873928,44
97,1,128,60,68,0,0,0,1.0,1,1.0,1,1.0,1,0.11662589996712576,44
98,3,131,63,68,0,0,0,1.0,1,1.0,1,1.0,1,0.2095837266470095,43
99,0,131,63,68,0,0,0,1.0,1,1.0,1,1.0,1,0.2095837266470095,43
100,5,136,65,71,0,0,0,1.0,1,1.0,1,1.0,1,0.2066857904585979,47
101,1,137,65,72,0,0,0,1.0,1,1.0,1,1.0,1,0.19838772124801482,47
102,1,138,66,72,0,0,0,1.0,1,1.0,1,1.0,1,0.2225129940680036,47
103,3,141,67,74,0,0,0,1.0,1,1.0,1,1.0,1,0.1417239342355198,46
104,3,144,69,75,0,0,0,1.0,1,1.0,1,1.0,1,0.09787086352482831,45
105,5,149,71,78,0,0,0,1.0,1,1.0,1,1.0,1,0.08146520813368682,44
106,4,153,73,80,0,0,0,1.0,1,1.0,1,1.0,1,0.07790178728257903,45
107,1,154,74,80,0,0,0,1.0,1,1.0,1,1.0,1,0.0904269547305471,44
108,3,157,75,82,0,0,0,1.0,1,1.0,1,1.0,1,0.049474028749167044,46
109,3,160,78,82,0,0,0,1.0,1,1.0,1,1.0,1,0.09557404838457197,46
110,1,161,79,82,0,0,0,1.0,1,1.0,1,1.0,1,0.08515314096347067,46
111,2,163,81,82,0,0,0,1.0,1,1.0,1,1.0,1,0.08290937235871353,46
112,5,168,84,84,0,0,0,1.0,1,1.0,1,1.0,1,0.055914629263948065,46
113,1,169,85,84,0,0,0,1.0,1,1.0,1,1.0,1,0.06975515212667942,46
114,0,169,85,84,0,0,0,1.0,1,1.0,1,1.0,1,0.06975515212667942,46
115,0,169,85,84,0,0,0,1.0,1,1.0,1,1.0,1,0.054000257419519346,47
116,0,169,85,84,0,0,0,1.0,1,1.0,1,1.0,1,0.054000257419519346,47
117,1,170,86,84,0,0,0,1.0,1,1.0,1,1.0,1,0.06818614374180176,45
118,1,171,87,84,0,0,0,1.0,1,1.0,1,1.0,1,0.05521174814808807,46
119,0,171,87,84,0,0,0,1.0,1,1.0,1,1.0,1,0.07943757229074856,46
120,2,173,89,84,0,0,0,1.0,1,1.0,1,1.0,1,0.09313259938817532,47
121,1,174,90,84,0,0,0,1.0,1,1.0,1,1.0,1,0.12671535205878265,46
122,1,175,90,85,0,0,0,1.0,1,1.0,1,1.0,1,0.11526781436261233,46
123,0,175,90,85,0,0,0,1.0,1,1.0,1,1.0,1,0.12450391985394116,45
124,3,178,91,87,0,0,0,1.0,1,1.0,1,1.0,1,0.12140779944565726,46
125,0,178,91,87,0,0,0,1.0,1,1.0,1,1.0,1,0.11825059461975479,44
126,0,178,91,87,0,0,0,1.0,1,1.0,1,1.0,1,0.11852137387014854,45
127,2,180,91,89,0,0,0,1.0,1,1.0,1,1.0,1,0.09670095248385133,45
128,0,180,91,89,0,0,0,1.0,1,1.0,1,1.0,1,0.08420388536528396,46
129,1,181,92,89,0,0,0,1.0,1,1.0,1,1.0,1,0.08860984925307538,48
130,0,181,92,89,0,0,0,1.0,1,1.0,1,1.0,1,0.08860984925307538,48
131,1,182,93,89,0,0,0,1.0,1,1.0,1,1.0,1,0.07368528591824383,49
132,1,183,94,89,0,0,0,1.0,1,1.0,1,1.0,1,0.0818176260720365,51
133,2,185,96,89,0,0,0,1.0,1,1.0,1,1.0,1,0.12976283027867447,49
134,5,190,100,90,0,0,0,1.0,1,1.0,1,1.0,1,0.14668703298983551,49
135,0,190,100,90,0,0,0,1.0,1,1.0,1,1.0,1,0.12770455152058124,49
136,6,196,104,92,0,0,0,1.0,1,1.0,1,1.0,1,0.09643897982928103,48
137,0,196,104,92,0,0,0,1.0,1,1.0,1,1.0,1,0.10187485365139896,47
138,4,200,108,92,0,0,0,1.0,1,1.0,1,1.0,1,0.12901930361177893,48
139,7,207,113,94,0,0,0,1.0,1,1.0,1,1.0,1,0.11984673415205349,48
140,2,209,114,95,0,0,0,1.0,1,1.0,1,1.0,1,0.10938051271617728,49
141,0,209,114,95,0,0,0,1.0,1,1.0,1,1.0,1,0.10938051271617728,49
142,3,212,116,96,0,0,0,1.0,1,1.0,1,1.0,1,0.040816559571954854,49
143,1,213,117,96,0,0,0,1.0,1,1.0,1,1.0,1,0.008712648095700225,47
144,1,214,118,96,0,0,0,1.0,1,1.0,1,1.0,1,0.0425355122074258,46
145,1,215,119,96,0,0,0,1.0,1,1.0,1,1.0,1,0.08831921603475883,44
146,1,216,120,96,0,0,0,1.0,1,1.0,1,1.0,1,0.10314674492939806,44
147,0,216,120,96,0,0,0,1.0,1,1.0,1,1.0,1,0.11978850155909494,43
148,0,216,120,96,0,0,0,1.0,1,1.0,1,1.0,1,0.1500807022980054,43
149,1,217,121,96,0,0,0,1.0,1,1.0,1,1.0,1,0.16902733529087727,43
150,2,219,122,97,0,0,0,1.0,1,1.0,1,1.0,1,0.1590827014528775,42
151,2,221,123,98,0,0,0,1.0,1,1.0,1,1.0,1,0.16539243810869064,42
152,3,224,124,100,0,0,0,1.0,1,1.0,1,1.0,1,0.13325831968139976,42
153,0,224,124,100,0,0,0,1.0,1,1.0,1,1.0,1,0.10947539888581083,42
154,2,226,124,102,0,0,0,1.0,1,1.0,1,1.0,1,0.08575827701421575,43
155,0,226,124,102,0,0,0,1.0,1,1.0,1,1.0,1,0.05346770987147518,43
156,0,226,124,102,0,0,0,1.0,1,1.0,1,1.0,1,0.07404009553992799,42
157,0,226,124,102,0,0,0,1.0,1,1.0,1,1.0,1,0.09762976879556454,41
158,0,226,124,102,0,0,0,1.0,1,1.0,1,1.0,1,0.0906395149471791,42
159,0,226,124,102,0,0,0,1.0,1,1.0,1,1.0,1,0.09395108308273709,43
160,3,229,127,102,0,0,0,1.0,1,1.0,1,1.0,1,0.2069192491997527,44
161,3,232,128,104,0,0,0,1.0,1,1.0,1,1.0,1,0.22326294884364467,44
162,3,235,129,106,0,0,0,1.0,1,1.0,1,1.0,1,0.22712378452719081,45
163,5,240,131,109,0,0,0,1.0,1,1.0,1,1.0,1,0.22577974019683017,43
164,1,241,131,110,0,0,0,1.0,1,1.0,1,1.0,1,0.21665374541492788,42
165,3,244,134,110,0,0,0,1.0,1,1.0,1,1.0,1,0.2016903343946199,42
166,6,250,135,115,0,0,0,1.0,1,1.0,1,1.0,1,0.13624651970217125,42
167,0,250,135,115,0,0,0,1.0,1,1.0,1,1.0,1,0.12574142083559423,41
168,0,250,135,115,0,0,0,1.0,1,1.0,1,1.0,1,0.12301129014403425,40
169,2,252,137,115,0,0,0,1.0,1,1.0,1,1.0,1,0.07436802016916884,40
170,0,252,137,115,0,0,0,1.0,1,1.0,1,1.0,1,0.062064943631201526,38
171,2,254,139,115,0,0,0,1.0,1,1.0,1,1.0,1,0.07369750022989843,37
172,5,259,143,116,0,0,0,1.0,1,1.0,1,1.0,1,0.07630608283136218,35
173,1,260,144,116,0,0,0,1.0,1,1.0,1,1.0,1,0.10358131149415097,36
174,2,262,146,116,0,0,0,1.0,1,1.0,1,1.0,1,0.12047028182126614,34
175,0,262,146,116,0,0,0,1.0,1,1.0,1,1.0,1,0.08657277261880963,33
176,1,263,147,116,0,0,0,1.0,1,1.0,1,1.0,1,0.11068053369016147,34
177,0,263,147,116,0,0,0,1.0,1,1.0,1,1.0,1,0.09953663438751223,36
178,3,266,149,117,0,0,0,1.0,1,1.0,1,1.0,1,0.09191316543770403,37
179,2,268,150,118,0,0,0,1.0,1,1.0,1,1.0,1,0.07497079627391771,37
180,0,268,150,118,0,0,0,1.0,1,1.0,1,1.0,1,0.08390679305286214,36
181,1,269,151,118,0,0,0,1.0,1,1.0,1,1.0,1,0.0667917171566158,36
182,0,269,151,118,0,0,0,1.0,1,1.0,1,1.0,1,0.06691825870041347,38
183,1,270,152,118,0,0,0,1.0,1,1.0,1,1.0,1,0.07161085556876551,37
184,0,270,152,118,0,0,0,1.0,1,1.0,1,1.0,1,0.08449424592407717,36
185,1,271,153,118,0,0,0,1.0,1,1.0,1,1.0,1,0.11419468176096932,35
186,1,272,153,119,0,0,0,1.0,1,1.0,1,1.0,1,0.09959375182149635,34
187,3,275,155,120,0,0,0,1.0,1,1.0,1,1.0,1,0.11541728242963042,33
188,1,276,156,120,0,0,0,1.0,1,1.0,1,1.0,1,0.14015577545870872,33
189,2,278,158,120,0,0,0,1.0,1,1.0,1,1.0,1,0.1160237270908389,33
190,1,279,158,121,0,0,0,1.0,1,1.0,1,1.0,1,0.12151908909772803,32
191,4,283,160,123,0,0,0,1.0,1,1.0,1,1.0,1,0.10364639600868972,34
192,0,283,160,123,0,0,0,1.0,1,1.0,1,1.0,1,0.10364639600868972,34
193,2,285,160,125,0,0,0,1.0,1,1.0,1,1.0,1,0.05126046537233035,35
194,0,285,160,125,0,0,0,1.0,1,1.0,1,1.0,1,0.07490786778937185,37
195,0,285,160,125,0,0,0,1.0,1,1.0,1,1.0,1,0.09426200194259308,36
196,0,285,160,125,0,0,0,1.0,1,1.0,1,1.0,1,0.09426200194259308,36
197,0,285,160,125,0,0,0,1.0,1,1.0,1,1.0,1,0.08669738346857563,37
198,3,288,163,125,0,0,0,1.0,1,1.0,1,1.0,1,0.12403371085596011,37
199,1,289,163,126,0,0,0,1.0,1,1.0,1,1.0,1,0.09390397751889898,37
200,1,290,164,126,0,0,0,1.0,1,1.0,1,1.0,1,0.1071489119695491,37
201,2,292,166,126,0,0,0,1.0,1,1.0,1,1.0,1,0.11500453550081827,36
202,0,292,166,126,0,0,0,1.0,1,1.0,1,1.0,1,0.0831007606046208,36
203,3,295,169,126,0,0,0,1.0,1,1.0,1,1.0,1,0.13667252954134398,35
204,0,295,169,126,0,0,0,1.0,1,1.0,1,1.0,1,0.1359720273942522,35
205,4,299,172,127,0,0,0,1.0,1,1.0,1,1.0,1,0.09700902704628284,35
206,1,300,173,127,0,0,0,1.0,1,1.0,1,1.0,1,0.09072431512107933,34
207,0,300,173,127,0,0,0,1.0,1,1.0,1,1.0,1,0.08295371210312108,34
208,3,303,175,128,0,0,0,1.0,1,1.0,1,1.0,1,0.11717056745723137,33
209,1,304,175,129,0,0,0,1.0,1,1.0,1,1.0,1,0.1425841236273087,33
210,2,306,176,130,0,0,0,1.0,1,1.0,1,1.0,1,0.11143138827069671,34
211,2,308,177,131,0,0,0,1.0,1,1.0,1,1.0,1,0.12777914767132997,33
212,0,308,177,131,0,0,0,1.0,1,1.0,1,1.0,1,0.12777914767132997,33
213,0,308,177,131,0,0,0,1.0,1,1.0,1,1.0,1,0.14420289958684163,35
214,3,311,179,132,0,0,0,1.0,1,1.0,1,1.0,1,0.12002553088439141,34
215,1,312,180,132,0,0,0,1.0,1,1.0,1,1.0,1,0.11517716524902531,35
216,1,313,181,132,0,0,0,1.0,1,1.0,1,1.0,1,0.12538186506978902,36
217,3,316,182,134,0,0,0,1.0,1,1.0,1,1.0,1,0.06446315806164996,36
218,1,317,183,134,0,0,0,1.0,1,1.0,1,1.0,1,0.11237728623034854,36
219,0,317,183,134,0,0,0,1.0,1,1.0,1,1.0,1,0.09338150297592211,37
220,0,317,183,134,0,0,0,1.0,1,1.0,1,1.0,1,0.09343786532783054,38
221,1,318,184,134,0,0,0,1.0,1,1.0,1,1.0,1,0.10266200395770389,37
222,2,320,186,134,0,0,0,1.0,1,1.0,1,1.0,1,0.0918594140578233,38
223,1,321,186,135,0,0,0,1.0,1,1.0,1,1.0,1,0.05855217775615347,38
224,2,323,187,136,0,0,0,1.0,1,1.0,1,1.0,1,0.14065582122512382,38
225,3,326,189,137,0,0,0,1.0,1,1.0,1,1.0,1,0.1357553544132317,36
226,3,329,190,139,0,0,0,1.0,1,1.0,1,1.0,1,0.09112190702779398,37
227,2,331,192,139,0,0,0,1.0,1,1.0,1,1.0,1,0.1613139692892712,35
228,1,332,193,139,0,0,0,1.0,1,1.0,1,1.0,1,0.13432225536229436,35
229,5,337,196,141,0,0,0,1.0,1,1.0,1,1.0,1,0.10938898246515666,35
230,0,337,196,141,0,0,0,1.0,1,1.0,1,1.0,1,0.10938898246515666,35
231,2,339,198,141,0,0,0,1.0,1,1.0,1,1.0,1,0.13519140798125548,35
232,2,341,200,141,0,0,0,1.0,1,1.0,1,1.0,1,0.10789369891173073,36
233,1,342,201,141,0,0,0,1.0,1,1.0,1,1.0,1,0.09185367230798959,36
234,0,342,201,141,0,0,0,1.0,1,1.0,1,1.0,1,0.12067162574855902,34
235,2,344,203,141,0,0,0,1.0,1,1.0,1,1.0,1,0.10787090531077648,33
236,1,345,204,141,0,0,0,1.0,1,1.0,1,1.0,1,0.09569264107247322,31
237,0,345,204,141,0,0,0,1.0,1,1.0,1,1.0,1,0.11921423915255194,32
238,2,347,205,142,0,0,0,1.0,1,1.0,1,1.0,1,0.11048748532483413,31
239,3,350,207,143,0,0,0,1.0,1,1.0,1,1.0,1,0.10055342965956544,30
240,1,351,208,143,0,0,0,1.0,1,1.0,1,1.0,1,0.11350939115001654,27
241,4,355,212,143,0,0,0,1.0,1,1.0,1,1.0,1,0.16621293177021706,27
242,0,355,212,143,0,0,0,1.0,1,1.0,1,1.0,1,0.1382176970054841,28
243,1,356,213,143,0,0,0,1.0,1,1.0,1,1.0,1,0.14770806188887536,28
244,2,358,214,144,0,0,0,1.0,1,1.0,1,1.0,1,0.08632441900067503,27
245,0,358,214,144,0,0,0,1.0,1,1.0,1,1.0,1,0.08632441900067503,27
246,1,359,215,144,0,0,0,1.0,1,1.0,1,1.0,1,0.0898476681894594,25
247,0,359,215,144,0,0,0,1.0,1,1.0,1,1.0,1,0.055708618589442184,24
248,0,359,215,144,0,0,0,1.0,1,1.0,1,1.0,1,0.06033253252956883,24
249,0,359,215,144,0,0,0,1.0,1,1.0,1,1.0,1,0.08865030604912207,25
250,0,359,215,144,0,0,0,1.0,1,1.0,1,1.0,1,0.0731342454970194,27
251,0,359,215,144,0,0,0,1.0,1,1.0,1,1.0,1,0.0731342454970194,27
252,2,361,217,144,0,0,0,1.0,1,1.0,1,1.0,1,0.07821577692552215,27
253,1,362,218,144,0,0,0,1.0,1,1.0,1,1.0,1,0.14237331860226438,29
254,5,367,221,146,0,0,0,1.0,1,1.0,1,1.0,1,0.09123920093587305,30
255,1,368,222,146,0,0,0,1.0,1,1.0,1,1.0,1,0.13626207955109648,31
256,3,371,224,147,0,0,0,1.0,1,1.0,1,1.0,1,0.08588236505527473,31
257,1,372,225,147,0,0,0,1.0,1,1.0,1,1.0,1,0.10831892694476013,33
258,0,372,225,147,0,0,0,1.0,1,1.0,1,1.0,1,0.10831892694476013,33
259,1,373,225,148,0,0,0,1.0,1,1.0,1,1.0,1,0.08347882023066568,33
260,1,374,226,148,0,0,0,1.0,1,1.0,1,1.0,1,0.09296880550694421,35
261,3,377,227,150,0,0,0,1.0,1,1.0,1,1.0,1,0.0919655785844983,35
262,1,378,227,151,0,0,0,1.0,1,1.0,1,1.0,1,0.0499287552864924,35
263,0,378,227,151,0,0,0,1.0,1,1.0,1,1.0,1,0.07958182514034001,34
264,0,378,227,151,0,0,0,1.0,1,1.0,1,1.0,1,0.10071752367791485,32
265,2,380,229,151,0,0,0,1.0,1,1.0,1,1.0,1,0.12002769741410382,30
266,2,382,230,152,0,0,0,1.0,1,1.0,1,1.0,1,0.09806423797660122,31
267,0,382,230,152,0,0,0,1.0,1,1.0,1,1.0,1,0.09463327949083984,30
268,2,384,231,153,0,0,0,1.0,1,1.0,1,1.0,1,0.08807504998138427,31
269,1,385,232,153,0,0,0,1.0,1,1.0,1,1.0,1,0.13075627197209871,31
270,2,387,233,154,0,0,0,1.0,1,1.0,1,1.0,1,0.175328716415659,32
271,1,388,233,155,0,0,0,1.0,1,1.0,1,1.0,1,0.18079947343508307,31
272,1,389,234,155,0,0,0,1.0,1,1.0,1,1.0,1,0.26584293671805936,32
273,1,390,234,156,0,0,0,1.0,1,1.0,1,1.0,1,0.24711856768822135,32
274,2,392,234,158,0,0,0,1.0,1,1.0,1,1.0,1,0.21935637810985031,32
275,4,396,235,161,0,0,0,1.0,1,1.0,1,1.0,1,0.11695680909438966,33
276,1,397,236,161,0,0,0,1.0,1,1.0,1,1.0,1,0.1417518022185584,34
277,1,398,237,161,0,0,0,1.0,1,1.0,1,1.0,1,0.09897018108709925,32
278,0,398,237,161,0,0,0,1.0,1,1.0,1,1.0,1,0.0691794173982517,31
279,0,398,237,161,0,0,0,1.0,1,1.0,1,1.0,1,0.06780870669495796,31
280,0,398,237,161,0,0,0,1.0,1,1.0,1,1.0,1,0.06666213418746533,30
281,0,398,237,161,0,0,0,1.0,1,1.0,1,1.0,1,0.044916842188278565,31
282,0,398,237,161,0,0,0,1.0,1,1.0,1,1.0,1,0.07508253089263138,30
283,1,399,238,161,0,0,0,1.0,1,1.0,1,1.0,1,0.10723865680428965,31
284,1,400,239,161,0,0,0,1.0,1,1.0,1,1.0,1,0.11902543488342188,31
285,2,402,241,161,0,0,0,1.0,1,1.0,1,1.0,1,0.1832604907590142,31
286,3,405,241,164,0,0,0,1.0,1,1.0,1,1.0,1,0.10719743374432301,31
287,1,406,242,164,0,0,0,1.0,1,1.0,1,1.0,1,0.1772264817203316,33
288,0,406,242,164,0,0,0,1.0,1,1.0,1,1.0,1,0.1252244893327234,32
289,1,407,242,165,0,0,0,1.0,1,1.0,1,1.0,1,0.10202616633891756,32
290,0,407,242,165,0,0,0,1.0,1,1.0,1,1.0,1,0.08506280343240412,31
291,1,408,243,165,0,0,0,1.0,1,1.0,1,1.0,1,0.15106662550679997,30
292,1,409,243,166,0,0,0,1.0,1,1.0,1,1.0,1,0.07871862834614259,32
293,1,410,243,167,0,0,0,1.0,1,1.0,1,1.0,1,0.06718396216648088,32
294,0,410,243,167,0,0,0,1.0,1,1.0,1,1.0,1,0.06718396216648088,32
295,0,410,243,167,0,0,0,1.0,1,1.0,1,1.0,1,0.0787843144663167,34
296,0,410,243,167,0,0,0,1.0,1,1.0,1,1.0,1,0.0787843144663167,34
297,0,410,243,167,0,0,0,1.0,1,1.0,1,1.0,1,0.0787843144663167,34
298,1,411,244,167,0,0,0,1.0,1,1.0,1,1.0,1,0.07891592566556685,35
299,0,411,244,167,0,0,0,1.0,1,1.0,1,1.0,1,0.11420152455377794,35
300,1,412,245,167,0,0,0,1.0,1,1.0,1,1.0,1,0.14475443214477834,35
301,4,416,246,170,0,0,0,1.0,1,1.0,1,1.0,1,0.07390096555638521,38
302,2,418,247,171,0,0,0,1.0,1,1.0,1,1.0,1,0.05149058107380435,38
303,1,419,248,171,0,0,0,1.0,1,1.0,1,1.0,1,0.0728748567922354,37
304,0,419,248,171,0,0,0,1.0,1,1.0,1,1.0,1,0.09630189123194684,37
305,1,420,249,171,0,0,0,1.0,1,1.0,1,1.0,1,0.1547313398723227,36
306,1,421,250,171,0,0,0,1.0,1,1.0,1,1.0,1,0.1688947523982658,36
307,1,422,250,172,0,0,0,1.0,1,1.0,1,1.0,1,0.16661182214882989,35
308,1,423,250,173,0,0,0,1.0,1,1.0,1,1.0,1,0.14643200844290777,37
309,0,423,250,173,0,0,0,1.0,1,1.0,1,1.0,1,0.14643200844290777,37
310,0,423,250,173,0,0,0,1.0,1,1.0,1,1.0,1,0.14643200844290777,37
311,2,425,251,174,0,0,0,1.0,1,1.0,1,1.0,1,0.09300365808917498,39
312,0,425,251,174,0,0,0,1.0,1,1.0,1,1.0,1,0.0828199118811108,40
313,0,425,251,174,0,0,0,1.0,1,1.0,1,1.0,1,0.09059065903722575,39
314,1,426,252,174,0,0,0,1.0,1,1.0,1,1.0,1,0.12925662612571612,40
315,2,428,254,174,0,0,0,1.0,1,1.0,1,1.0,1,0.12743775487151493,39
316,1,429,254,175,0,0,0,1.0,1,1.0,1,1.0,1,0.10474761903753102,39
317,1,430,254,176,0,0,0,1.0,1,1.0,1,1.0,1,0.07589512873534907,40
318,1,431,255,176,0,0,0,1.0,1,1.0,1,1.0,1,0.07002681530464018,41
319,1,432,256,176,0,0,0,1.0,1,1.0,1,1.0,1,0.06716795579303785,41
320,1,433,257,176,0,0,0,1.0,1,1.0,1,1.0,1,0.05597803700797254,41
321,2,435,258,177,0,0,0,1.0,1,1.0,1,1.0,1,0.06460531932386115,41
322,2,437,260,177,0,0,0,1.0,1,1.0,1,1.0,1,0.09313557422610634,41
323,0,437,260,177,0,0,0,1.0,1,1.0,1,1.0,1,0.09313557422610634,41
324,2,439,262,177,0,0,0,1.0,1,1.0,1,1.0,1,0.13818145580533386,42
325,4,443,263,180,0,0,0,1.0,1,1.0,1,1.0,1,0.10734027507909037,42
326,1,444,264,180,0,0,0,1.0,1,1.0,1,1.0,1,0.15087402659935784,42
327,1,445,264,181,0,0,0,1.0,1,1.0,1,1.0,1,0.138202474095254,42
328,3,448,264,184,0,0,0,1.0,1,1.0,1,1.0,1,0.1111381745399298,43
329,0,448,264,184,0,0,0,1.0,1,1.0,1,1.0,1,0.1111381745399298,43
330,0,448,264,184,0,0,0,1.0,1,1.0,1,1.0,1,0.10304536867848024,45
331,1,449,264,185,0,0,0,1.0,1,1.0,1,1.0,1,0.09105483213145595,45
332,0,449,264,185,0,0,0,1.0,1,1.0,1,1.0,1,0.06951026946947787,45
333,0,449,264,185,0,0,0,1.0,1,1.0,1,1.0,1,0.07671028524202418,46
334,1,450,265,185,0,0,0,1.0,1,1.0,1,1.0,1,0.06508950544410536,48
335,1,451,266,185,0,0,0,1.0,1,1.0,1,1.0,1,0.08520999700164614,48
336,1,452,267,185,0,0,0,1.0,1,1.0,1,1.0,1,0.1097252194048343,48
337,2,454,267,187,0,0,0,1.0,1,1.0,1,1.0,1,0.08964431487009344,49
338,1,455,267,188,0,0,0,1.0,1,1.0,1,1.0,1,0.06939183626822591,50
339,2,457,268,189,0,0,0,1.0,1,1.0,1,1.0,1,0.08240023108677484,50
340,0,457,268,189,0,0,0,1.0,1,1.0,1,1.0,1,0.08240023108677484,50
341,0,457,268,189,0,0,0,1.0,1,1.0,1,1.0,1,0.0921899769727322,51
342,0,457,268,189,0,0,0,1.0,1,1.0,1,1.0,1,0.0921899769727322,51
343,1,458,269,189,0,0,0,1.0,1,1.0,1,1.0,1,0.08142963601687492,51
344,1,459,269,190,0,0,0,1.0,1,1.0,1,1.0,1,0.05459105541307951,50
345,0,459,269,190,0,0,0,1.0,1,1.0,1,1.0,1,0.06874253392718944,51
346,1,460,269,191,0,0,0,1.0,1,1.0,1,1.0,1,0.055256718314656776,51
347,4,464,273,191,0,0,0,1.0,1,1.0,1,1.0,1,0.09721892671670458,51
348,1,465,274,191,0,0,0,1.0,1,1.0,1,1.0,1,0.07593793241231499,53
349,2,467,275,192,0,0,0,1.0,1,1.0,1,1.0,1,0.08306475857246269,55
350,0,467,275,192,0,0,0,1.0,1,1.0,1,1.0,1,0.10243452260624562,54
351,2,469,277,192,0,0,0,1.0,1,1.0,1,1.0,1,0.09097391493014997,54
352,3,472,278,194,0,0,0,1.0,1,1.0,1,1.0,1,0.10546039730698305,53
353,4,476,281,195,0,0,0,1.0,1,1.0,1,1.0,1,0.07850771855039915,53
354,1,477,282,195,0,0,0,1.0,1,1.0,1,1.0,1,0.09905233983614628,50
355,1,478,283,195,0,0,0,1.0,1,1.0,1,1.0,1,0.10724490397337517,51
356,3,481,284,197,0,0,0,1.0,1,1.0,1,1.0,1,0.06566414097266823,51
357,2,483,286,197,0,0,0,1.0,1,1.0,1,1.0,1,0.10287489026187539,50
358,3,486,288,198,0,0,0,1.0,1,1.0,1,1.0,1,0.10806715799796755,48
359,2,488,289,199,0,0,0,1.0,1,1.0,1,1.0,1,0.10696652222120356,47
360,0,488,289,199,0,0,0,1.0,1,1.0,1,1.0,1,0.11377388649240533,45
361,1,489,289,200,0,0,0,1.0,1,1.0,1,1.0,1,0.09705232980633698,44
362,0,489,289,200,0,0,0,1.0,1,1.0,1,1.0,1,0.1276635893362521,44
363,3,492,292,200,0,0,0,1.0,1,1.0,1,1.0,1,0.144334180600266,44
364,4,496,292,204,0,0,0,1.0,1,1.0,1,1.0,1,0.07480962698462182,43
365,2,498,294,204,0,0,0,1.0,1,1.0,1,1.0,1,0.10887953685722682,43
366,2,500,295,205,0,0,0,1.0,1,1.0,1,1.0,1,0.06000240922827881,45
367,2,502,296,206,0,0,0,1.0,1,1.0,1,1.0,1,0.08283039145133586,44
368,0,502,296,206,0,0,0,1.0,1,1.0,1,1.0,1,0.06231815284630245,46
369,1,503,297,206,0,0,0,1.0,1,1.0,1,1.0,1,0.11202927901443781,45
370,1,504,297,207,0,0,0,1.0,1,1.0,1,1.0,1,0.10131297688738992,46
371,2,506,297,209,0,0,0,1.0,1,1.0,1,1.0,1,0.10177747523184406,47
372,1,507,297,210,0,0,0,1.0,1,1.0,1,1.0,1,0.0851029762060246,48
373,0,507,297,210,0,0,0,1.0,1,1.0,1,1.0,1,0.0851029762060246,48
374,2,509,298,211,0,0,0,1.0,1,1.0,1,1.0,1,0.07667050961400765,49
375,0,509,298,211,0,0,0,1.0,1,1.0,1,1.0,1,0.07667050961400765,49
376,3,512,300,212,0,0,0,1.0,1,1.0,1,1.0,1,0.08974991707333788,49
377,4,516,304,212,0,0,0,1.0,1,1.0,1,1.0,1,0.11049188255186533,49
378,2,518,305,213,0,0,0,1.0,1,1.0,1,1.0,1,0.08487801355461512,49
379,2,520,305,215,0,0,0,1.0,1,1.0,1,1.0,1,0.06864862259203487,50
380,1,521,306,215,0,0,0,1.0,1,1.0,1,1.0,1,0.07113011555297806,50
381,2,523,308,215,0,0,0,1.0,1,1.0,1,1.0,1,0.08505837232233956,51
382,2,525,309,216,0,0,0,1.0,1,1.0,1,1.0,1,0.05980201211276534,50
383,1,526,309,217,0,0,0,1.0,1,1.0,1,1.0,1,0.06376675581041678,51
384,1,527,310,217,0,0,0,1.0,1,1.0,1,1.0,1,0.07189095199876382,50
385,1,528,310,218,0,0,0,1.0,1,1.0,1,1.0,1,0.06952179479252489,50
386,0,528,310,218,0,0,0,1.0,1,1.0,1,1.0,1,0.06984382171878156,48
387,1,529,310,219,0,0,0,1.0,1,1.0,1,1.0,1,0.06798478042683323,47
388,2,531,310,221,0,0,0,1.0,1,1.0,1,1.0,1,0.034579611638439506,48
389,1,532,311,221,0,0,0,1.0,1,1.0,1,1.0,1,0.05861435305013565,47
390,1,533,312,221,0,0,0,1.0,1,1.0,1,1.0,1,0.09230320010586712,49
391,2,535,314,221,0,0,0,1.0,1,1.0,1,1.0,1,0.10424362672453677,46
392,0,535,314,221,0,0,0,1.0,1,1.0,1,1.0,1,0.13402770913743006,46
393,4,539,318,221,0,0,0,1.0,1,1.0,1,1.0,1,0.18780790522662655,44
394,3,542,318,224,0,0,0,1.0,1,1.0,1,1.0,1,0.1555936217981738,43
395,0,542,318,224,0,0,0,1.0,1,1.0,1,1.0,1,0.16095137169262322,42
396,1,543,319,224,0,0,0,1.0,1,1.0,1,1.0,1,0.2028839288437745,39
397,4,547,320,227,0,0,0,1.0,1,1.0,1,1.0,1,0.2221352623811483,39
398,1,548,320,228,0,0,0,1.0,1,1.0,1,1.0,1,0.20700979737852632,36
399,0,548,320,228,0,0,0,1.0,1,1.0,1,1.0,1,0.20700979737852632,36
400,2,550,321,229,0,0,0,1.0,1,1.0,1,1.0,1,0.20191540815489004,34
401,0,550,321,229,0,0,0,1.0,1,1.0,1,1.0,1,0.1857204022557734,33
402,0,550,321,229,0,0,0,1.0,1,1.0,1,1.0,1,0.15280296488718612,34
403,1,551,321,230,0,0,0,1.0,1,1.0,1,1.0,1,0.1472863092968021,36
404,0,551,321,230,0,0,0,1.0,1,1.0,1,1.0,1,0.1472863092968021,36
405,1,552,321,231,0,0,0,1.0,1,1.0,1,1.0,1,0.12200821724622186,37
406,0,552,321,231,0,0,0,1.0,1,1.0,1,1.0,1,0.12200821724622186,37
407,3,555,324,231,0,0,0,1.0,1,1.0,1,1.0,1,0.11116392751009656,39
408,3,558,327,231,0,0,0,1.0,1,1.0,1,1.0,1,0.16577616756069236,40
409,3,561,329,232,0,0,0,1.0,1,1.0,1,1.0,1,0.19195067599967217,41
410,4,565,331,234,0,0,0,1.0,1,1.0,1,1.0,1,0.18422568105352985,42
411,1,566,331,235,0,0,0,1.0,1,1.0,1,1.0,1,0.1884004698161316,43
412,2,568,332,236,0,0,0,1.0,1,1.0,1,1.0,1,0.18252364314833835,44
413,1,569,333,236,0,0,0,1.0,1,1.0,1,1.0,1,0.19973212940224933,44
414,1,570,333,237,0,0,0,1.0,1,1.0,1,1.0,1,0.1656220214016584,45
415,0,570,333,237,0,0,0,1.0,1,1.0,1,1.0,1,0.1656220214016584,45
416,1,571,333,238,0,0,0,1.0,1,1.0,1,1.0,1,0.136185514034759,46
417,1,572,334,238,0,0,0,1.0,1,1.0,1,1.0,1,0.15624148509460084,46
418,1,573,334,239,0,0,0,1.0,1,1.0,1,1.0,1,0.13582390421985363,47
419,0,573,334,239,0,0,0,1.0,1,1.0,1,1.0,1,0.13582390421985363,47
420,0,573,334,239,0,0,0,1.0,1,1.0,1,1.0,1,0.13582390421985363,47
421,0,573,334,239,0,0,0,1.0,1,1.0,1,1.0,1,0.13582390421985363,47
422,0,573,334,239,0,0,0,1.0,1,1.0,1,1.0,1,0.12857021146609576,49
423,0,573,334,239,0,0,0,1.0,1,1.0,1,1.0,1,0.14037846996970205,47
424,1,574,334,240,0,0,0,1.0,1,1.0,1,1.0,1,0.14029044231537915,45
425,3,577,336,241,0,0,0,1.0,1,1.0,1,1.0,1,0.11361258133580011,46
426,1,578,337,241,0,0,0,1.0,1,1.0,1,1.0,1,0.1400331266816003,46
427,4,582,339,243,0,0,0,1.0,1,1.0,1,1.0,1,0.11416680053125453,45
428,0,582,339,243,0,0,0,1.0,1,1.0,1,1.0,1,0.13486933665431985,45
429,2,584,340,244,0,0,0,1.0,1,1.0,1,1.0,1,0.0774857432710997,42
430,0,584,340,244,0,0,0,1.0,1,1.0,1,1.0,1,0.10877484211685817,40
431,2,586,342,244,0,0,0,1.0,1,1.0,1,1.0,1,0.09954396844577225,39
432,1,587,342,245,0,0,0,1.0,1,1.0,1,1.0,1,0.07858407675136089,37
433,4,591,344,247,0,0,0,1.0,1,1.0,1,1.0,1,0.0978159473006213,35
434,1,592,345,247,0,0,0,1.0,1,1.0,1,1.0,1,0.14585306139754559,33
435,0,592,345,247,0,0,0,1.0,1,1.0,1,1.0,1,0.14585306139754559,33
436,2,594,345,249,0,0,0,1.0,1,1.0,1,1.0,1,0.09205784012914758,33
437,1,595,346,249,0,0,0,1.0,1,1.0,1,1.0,1,0.0853344925180898,33
438,1,596,346,250,0,0,0,1.0,1,1.0,1,1.0,1,0.05656421165776672,32
439,4,600,349,251,0,0,0,1.0,1,1.0,1,1.0,1,0.046003825433269335,34
440,1,601,350,251,0,0,0,1.0,1,1.0,1,1.0,1,0.06484430538697813,34
441,2,603,351,252,0,0,0,1.0,1,1.0,1,1.0,1,0.09198582912865531,35
442,4,607,354,253,0,0,0,1.0,1,1.0,1,1.0,1,0.13127812704076042,37
443,4,611,357,254,0,0,0,1.0,1,1.0,1,1.0,1,0.16269700320830296,37
444,2,613,358,255,0,0,0,1.0,1,1.0,1,1.0,1,0.12196517035902484,38
445,1,614,358,256,0,0,0,1.0,1,1.0,1,1.0,1,0.07302073095392198,39
446,0,614,358,256,0,0,0,1.0,1,1.0,1,1.0,1,0.07302073095392198,39
447,0,614,358,256,0,0,0,1.0,1,1.0,1,1.0,1,0.06348611679303659,41
448,0,614,358,256,0,0,0,1.0,1,1.0,1,1.0,1,0.06348611679303659,41
449,0,614,358,256,0,0,0,1.0,1,1.0,1,1.0,1,0.08223408522641705,40
450,0,614,358,256,0,0,0,1.0,1,1.0,1,1.0,1,0.04786190755897426,40
451,0,614,358,256,0,0,0,1.0,1,1.0,1,1.0,1,0.08719797740611089,41
452,0,614,358,256,0,0,0,1.0,1,1.0,1,1.0,1,0.08719797740611089,41
453,2,616,360,256,0,0,0,1.0,1,1.0,1,1.0,1,0.1176180918915477,40
454,2,618,360,258,0,0,0,1.0,1,1.0,1,1.0,1,0.07318647798648392,41
455,2,620,362,258,0,0,0,1.0,1,1.0,1,1.0,1,0.07088602590558599,41
456,0,620,362,258,0,0,0,1.0,1,1.0,1,1.0,1,0.09352721972997825,43
457,2,622,363,259,0,0,0,1.0,1,1.0,1,1.0,1,0.08350489580630324,43
458,1,623,364,259,0,0,0,1.0,1,1.0,1,1.0,1,0.07367560699109227,43
459,0,623,364,259,0,0,0,1.0,1,1.0,1,1.0,1,0.05421818011233893,44
460,1,624,364,260,0,0,0,1.0,1,1.0,1,1.0,1,0.05537808233734016,47
461,1,625,365,260,0,0,0,1.0,1,1.0,1,1.0,1,0.04715741457171553,48
462,0,625,365,260,0,0,0,1.0,1,1.0,1,1.0,1,0.05088730312957798,49
463,1,626,365,261,0,0,0,1.0,1,1.0,1,1.0,1,0.052502228741562317,47
464,1,627,366,261,0,0,0,1.0,1,1.0,1,1.0,1,0.03377737905599612,48
465,3,630,369,261,0,0,0,1.0,1,1.0,1,1.0,1,0.09323984392871786,47
466,5,635,372,263,0,0,0,1.0,1,1.0,1,1.0,1,0.05581768903196904,46
467,3,638,375,263,0,0,0,1.0,1,1.0,1,1.0,1,0.06879265357601518,44
468,4,642,378,264,0,0,0,1.0,1,1.0,1,1.0,1,0.09250648487328712,41
469,4,646,381,265,0,0,0,1.0,1,1.0,1,1.0,1,0.046046972184713715,40
470,1,647,382,265,0,0,0,1.0,1,1.0,1,1.0,1,0.07845990702581773,39
471,3,650,385,265,0,0,0,1.0,1,1.0,1,1.0,1,0.07959939309810743,38
472,2,652,386,266,0,0,0,1.0,1,1.0,1,1.0,1,0.06672905124549337,36
473,1,653,387,266,0,0,0,1.0,1,1.0,1,1.0,1,0.06289231254618266,36
474,1,654,388,266,0,0,0,1.0,1,1.0,1,1.0,1,0.10042504840107347,34
475,2,656,389,267,0,0,0,1.0,1,1.0,1,1.0,1,0.1067591671418063,34
476,1,657,390,267,0,0,0,1.0,1,1.0,1,1.0,1,0.1494795997862725,32
477,0,657,390,267,0,0,0,1.0,1,1.0,1,1.0,1,0.14972144126303444,32
478,1,658,391,267,0,0,0,1.0,1,1.0,1,1.0,1,0.1587656774653753,30
479,0,658,391,267,0,0,0,1.0,1,1.0,1,1.0,1,0.1728714283109958,31
480,0,658,391,267,0,0,0,1.0,1,1.0,1,1.0,1,0.16782885127113154,27
481,1,659,392,267,0,0,0,1.0,1,1.0,1,1.0,1,0.14001439838758614,28
482,3,662,394,268,0,0,0,1.0,1,1.0,1,1.0,1,0.1243121287178331,28
483,2,664,396,268,0,0,0,1.0,1,1.0,1,1.0,1,0.09657178597733995,29
484,2,666,397,269,0,0,0,1.0,1,1.0,1,1.0,1,0.09499079487160741,29
485,0,666,397,269,0,0,0,1.0,1,1.0,1,1.0,1,0.09499079487160741,29
486,1,667,398,269,0,0,0,1.0,1,1.0,1,1.0,1,0.1043408500055318,31
487,2,669,398,271,0,0,0,1.0,1,1.0,1,1.0,1,0.07368281613100286,33
488,0,669,398,271,0,0,0,1.0,1,1.0,1,1.0,1,0.0797539597344846,34
489,2,671,400,271,0,0,0,1.0,1,1.0,1,1.0,1,0.15342416116827565,34
490,1,672,400,272,0,0,0,1.0,1,1.0,1,1.0,1,0.12204304809387347,34
491,1,673,401,272,0,0,0,1.0,1,1.0,1,1.0,1,0.08243979190380189,34
492,0,673,401,272,0,0,0,1.0,1,1.0,1,1.0,1,0.08243979190380189,34
493,3,676,404,272,0,0,0,1.0,1,1.0,1,1.0,1,0.08810162084704684,34
494,2,678,405,273,0,0,0,1.0,1,1.0,1,1.0,1,0.0869857307138601,36
495,0,678,405,273,0,0,0,1.0,1,1.0,1,1.0,1,0.0869857307138601,36
496,2,680,406,274,0,0,0,1.0,1,1.0,1,1.0,1,0.04963795050720839,37
497,0,680,406,274,0,0,0,1.0,1,1.0,1,1.0,1,0.049773555288908124,39
498,2,682,407,275,0,0,0,1.0,1,1.0,1,1.0,1,0.046351338245577724,40
499,0,682,407,275,0,0,0,1.0,1,1.0,1,1.0,1,0.046351338245577724,40
500,0,682,407,275,0,0,0,1.0,1,1.0,1,1.0,1,0.04513136872610152,42
501,3,685,410,275,0,0,0,1.0,1,1.0,1,1.0,1,0.0815612253664084,42
502,1,686,410,276,0,0,0,1.0,1,1.0,1,1.0,1,0.02524758857034427,42
503,4,690,413,277,0,0,0,1.0,1,1.0,1,1.0,1,0.053835068165814126,41
504,1,691,413,278,0,0,0,1.0,1,1.0,1,1.0,1,0.05905775656256611,42
505,2,693,415,278,0,0,0,1.0,1,1.0,1,1.0,1,0.1034665740348122,38
506,0,693,415,278,0,0,0,1.0,1,1.0,1,1.0,1,0.11973991901951477,37
507,1,694,416,278,0,0,0,1.0,1,1.0,1,1.0,1,0.12379397703619623,35
508,2,696,418,278,0,0,0,1.0,1,1.0,1,1.0,1,0.1694397655444854,35
509,2,698,419,279,0,0,0,1.0,1,1.0,1,1.0,1,0.17424258285509264,34
510,0,698,419,279,0,0,0,1.0,1,1.0,1,1.0,1,0.18764191669110272,34
511,2,700,420,280,0,0,0,1.0,1,1.0,1,1.0,1,0.11404821220861468,32
512,0,700,420,280,0,0,0,1.0,1,1.0,1,1.0,1,0.14105854514901886,30
513,2,702,421,281,0,0,0,1.0,1,1.0,1,1.0,1,0.08494625499516226,31
514,0,702,421,281,0,0,0,1.0,1,1.0,1,1.0,1,0.08494625499516226,31
515,1,703,421,282,0,0,0,1.0,1,1.0,1,1.0,1,0.06575166265086736,32
516,0,703,421,282,0,0,0,1.0,1,1.0,1,1.0,1,0.06067684094756308,31
517,3,706,424,282,0,0,0,1.0,1,1.0,1,1.0,1,0.016164328709114693,32
518,0,706,424,282,0,0,0,1.0,1,1.0,1,1.0,1,0.03423053151358446,31
519,2,708,426,282,0,0,0,1.0,1,1.0,1,1.0,1,0.09583531369102699,31
520,3,711,428,283,0,0,0,1.0,1,1.0,1,1.0,1,0.03146008914236786,33
521,1,712,429,283,0,0,0,1.0,1,1.0,1,1.0,1,0.03372908948612633,34
522,1,713,430,283,0,0,0,1.0,1,1.0,1,1.0,1,0.030621263314121093,34
523,0,713,430,283,0,0,0,1.0,1,1.0,1,1.0,1,0.021246946406705422,33
524,1,714,431,283,0,0,0,1.0,1,1.0,1,1.0,1,0.026727866600272793,34
525,0,714,431,283,0,0,0,1.0,1,1.0,1,1.0,1,0.024078611385584554,32
526,1,715,432,283,0,0,0,1.0,1,1.0,1,1.0,1,0.04776282590150351,32
527,0,715,432,283,0,0,0,1.0,1,1.0,1,1.0,1,0.04973412368201459,31
528,0,715,432,283,0,0,0,1.0,1,1.0,1,1.0,1,0.04973412368201459,31
529,0,715,432,283,0,0,0,1.0,1,1.0,1,1.0,1,0.07351790971287805,30
530,1,716,433,283,0,0,0,1.0,1,1.0,1,1.0,1,0.12297751951214606,30
531,1,717,434,283,0,0,0,1.0,1,1.0,1,1.0,1,0.13309202656429098,32
532,4,721,436,285,0,0,0,1.0,1,1.0,1,1.0,1,0.11906877413079002,32
533,3,724,439,285,0,0,0,1.0,1,1.0,1,1.0,1,0.16821526733236397,34
534,1,725,440,285,0,0,0,1.0,1,1.0,1,1.0,1,0.19176453664481485,34
535,2,727,441,286,0,0,0,1.0,1,1.0,1,1.0,1,0.2157805305121117,37
536,0,727,441,286,0,0,0,1.0,1,1.0,1,1.0,1,0.2157805305121117,37
537,2,729,442,287,0,0,0,1.0,1,1.0,1,1.0,1,0.2381144587470515,37
538,0,729,442,287,0,0,0,1.0,1,1.0,1,1.0,1,0.22345428878230622,38
539,0,729,442,287,0,0,0,1.0,1,1.0,1,1.0,1,0.22345428878230622,38
540,2,731,443,288,0,0,0,1.0,1,1.0,1,1.0,1,0.19248470777378346,38
541,0,731,443,288,0,0,0,1.0,1,1.0,1,1.0,1,0.17625285146261055,39
542,3,734,446,288,0,0,0,1.0,1,1.0,1,1.0,1,0.20772872548971236,40
543,2,736,447,289,0,0,0,1.0,1,1.0,1,1.0,1,0.22112172378023864,37
544,0,736,447,289,0,0,0,1.0,1,1.0,1,1.0,1,0.2223359485539295,35
545,2,738,449,289,0,0,0,1.0,1,1.0,1,1.0,1,0.18362354909564862,35
546,1,739,450,289,0,0,0,1.0,1,1.0,1,1.0,1,0.17815119010292116,35
547,2,741,452,289,0,0,0,1.0,1,1.0,1,1.0,1,0.1967460847843238,34
548,1,742,453,289,0,0,0,1.0,1,1.0,1,1.0,1,0.23347049720763488,34
549,1,743,454,289,0,0,0,1.0,1,1.0,1,1.0,1,0.26759195463034485,31
550,0,743,454,289,0,0,0,1.0,1,1.0,1,1.0,1,0.25382558933785204,30
551,2,745,456,289,0,0,0,1.0,1,1.0,1,1.0,1,0.22801935165494414,31
552,0,745,456,289,0,0,0,1.0,1,1.0,1,1.0,1,0.191299982456349,29
553,1,746,456,290,0,0,0,1.0,1,1.0,1,1.0,1,0.14785234173123843,30
554,0,746,456,290,0,0,0,1.0,1,1.0,1,1.0,1,0.13338222223234134,30
555,2,748,456,292,0,0,0,1.0,1,1.0,1,1.0,1,0.06464924118061795,30
556,0,748,456,292,0,0,0,1.0,1,1.0,1,1.0,1,0.048988800085576385,31
557,1,749,457,292,0,0,0,1.0,1,1.0,1,1.0,1,0.10120704450489443,31
558,2,751,458,293,0,0,0,1.0,1,1.0,1,1.0,1,0.09421157761097314,31
559,1,752,459,293,0,0,0,1.0,1,1.0,1,1.0,1,0.06882022965799532,31
560,1,753,460,293,0,0,0,1.0,1,1.0,1,1.0,1,0.10475818733737144,32
561,2,755,462,293,0,0,0,1.0,1,1.0,1,1.0,1,0.17433972957408306,33
562,2,757,463,294,0,0,0,1.0,1,1.0,1,1.0,1,0.20186806780443503,33
563,4,761,465,296,0,0,0,1.0,1,1.0,1,1.0,1,0.2559450979888691,33
564,1,762,465,297,0,0,0,1.0,1,1.0,1,1.0,1,0.23736154060517525,34
565,2,764,466,298,0,0,0,1.0,1,1.0,1,1.0,1,0.1897596092168012,35
566,2,766,468,298,0,0,0,1.0,1,1.0,1,1.0,1,0.15009230580271316,36
567,1,767,468,299,0,0,0,1.0,1,1.0,1,1.0,1,0.10500962717454186,37
568,4,771,471,300,0,0,0,1.0,1,1.0,1,1.0,1,0.07711946066803332,36
569,2,773,473,300,0,0,0,1.0,1,1.0,1,1.0,1,0.04466916173541908,37
570,0,773,473,300,0,0,0,1.0,1,1.0,1,1.0,1,0.03463975172561123,38
571,2,775,475,300,0,0,0,1.0,1,1.0,1,1.0,1,0.08053064032873923,38
572,0,775,475,300,0,0,0,1.0,1,1.0,1,1.0,1,0.06481330559691481,39
573,0,775,475,300,0,0,0,1.0,1,1.0,1,1.0,1,0.06481330559691481,39
574,0,775,475,300,0,0,0,1.0,1,1.0,1,1.0,1,0.04056822778387634,41
575,0,775,475,300,0,0,0,1.0,1,1.0,1,1.0,1,0.04056822778387634,41
576,0,775,475,300,0,0,0,1.0,1,1.0,1,1.0,1,0.030541340748621252,42
577,0,775,475,300,0,0,0,1.0,1,1.0,1,1.0,1,0.030541340748621252,42
578,1,776,476,300,0,0,0,1.0,1,1.0,1,1.0,1,0.029383173212835897,41
579,0,776,476,300,0,0,0,1.0,1,1.0,1,1.0,1,0.021358018801503422,42
580,2,778,478,300,0,0,0,1.0,1,1.0,1,1.0,1,0.0701450399378241,43
581,2,780,480,300,0,0,0,1.0,1,1.0,1,1.0,1,0.08390008524846836,42
582,0,780,480,300,0,0,0,1.0,1,1.0,1,1.0,1,0.07849906898749624,41
583,4,784,484,300,0,0,0,1.0,1,1.0,1,1.0,1,0.08016956048959922,40
584,0,784,484,300,0,0,0,1.0,1,1.0,1,1.0,1,0.08204357229158948,38
585,4,788,488,300,0,0,0,1.0,1,1.0,1,1.0,1,0.18832219854730942,38
586,5,793,491,302,0,0,0,1.0,1,1.0,1,1.0,1,0.1311290610195146,37
587,2,795,493,302,0,0,0,1.0,1,1.0,1,1.0,1,0.14330065342002882,35
588,2,797,495,302,0,0,0,1.0,1,1.0,1,1.0,1,0.14669681898443948,35
589,4,801,495,306,0,0,0,1.0,1,1.0,1,1.0,1,0.05748611339687874,34
590,0,801,495,306,0,0,0,1.0,1,1.0,1,1.0,1,0.04802593624080981,36
591,1,802,496,306,0,0,0,1.0,1,1.0,1,1.0,1,0.03698914389227977,35
592,0,802,496,306,0,0,0,1.0,1,1.0,1,1.0,1,0.03945467616186205,37
593,0,802,496,306,0,0,0,1.0,1,1.0,1,1.0,1,0.01600377131875706,36
594,1,803,497,306,0,0,0,1.0,1,1.0,1,1.0,1,0.05098969530302824,35
595,2,805,499,306,0,0,0,1.0,1,1.0,1,1.0,1,0.13319677698644652,34
596,3,808,501,307,0,0,0,1.0,1,1.0,1,1.0,1,0.11900189027997084,34
597,2,810,503,307,0,0,0,1.0,1,1.0,1,1.0,1,0.15862902327024547,33
598,2,812,503,309,0,0,0,1.0,1,1.0,1,1.0,1,0.1710694822311589,33
599,2,814,505,309,0,0,0,1.0,1,1.0,1,1.0,1,0.19765495858980875,33
600,1,815,506,309,0,0,0,1.0,1,1.0,1,1.0,1,0.20885679243403218,33
601,1,816,506,310,0,0,0,1.0,1,1.0,1,1.0,1,0.1645121915507096,34
602,1,817,506,311,0,0,0,1.0,1,1.0,1,1.0,1,0.1754972452827586,35
603,3,820,506,314,0,0,0,1.0,1,1.0,1,1.0,1,0.13182858071828943,35
604,2,822,506,316,0,0,0,1.0,1,1.0,1,1.0,1,0.07966928467222434,35
605,0,822,506,316,0,0,0,1.0,1,1.0,1,1.0,1,0.08295408490975324,35
606,0,822,506,316,0,0,0,1.0,1,1.0,1,1.0,1,0.0611350494171784,35
607,0,822,506,316,0,0,0,1.0,1,1.0,1,1.0,1,0.0611350494171784,35
608,1,823,506,317,0,0,0,1.0,1,1.0,1,1.0,1,0.05418362889291473,36
609,0,823,506,317,0,0,0,1.0,1,1.0,1,1.0,1,0.06919123239038853,37
610,0,823,506,317,0,0,0,1.0,1,1.0,1,1.0,1,0.06919123239038853,37
611,2,825,508,317,0,0,0,1.0,1,1.0,1,1.0,1,0.05235646019839288,39
612,1,826,509,317,0,0,0,1.0,1,1.0,1,1.0,1,0.07962417257258031,39
613,2,828,510,318,0,0,0,1.0,1,1.0,1,1.0,1,0.10050991715797136,39
614,1,829,511,318,0,0,0,1.0,1,1.0,1,1.0,1,0.14348285978449626,39
615,0,829,511,318,0,0,0,1.0,1,1.0,1,1.0,1,0.14348285978449626,39
616,1,830,512,318,0,0,0,1.0,1,1.0,1,1.0,1,0.2043747758864074,38
617,3,833,514,319,0,0,0,1.0,1,1.0,1,1.0,1,0.1729345599995592,39
618,1,834,515,319,0,0,0,1.0,1,1.0,1,1.0,1,0.21282244393889888,40
619,4,838,517,321,0,0,0,1.0,1,1.0,1,1.0,1,0.14358190672237117,39
620,0,838,517,321,0,0,0,1.0,1,1.0,1,1.0,1,0.14165698555993295,38
621,2,840,519,321,0,0,0,1.0,1,1.0,1,1.0,1,0.11345044358741752,38
622,4,844,523,321,0,0,0,1.0,1,1.0,1,1.0,1,0.024505147871771802,38
623,1,845,524,321,0,0,0,1.0,1,1.0,1,1.0,1,0.04162790074942433,37
624,3,848,527,321,0,0,0,1.0,1,1.0,1,1.0,1,0.07463697873800873,33
625,2,850,529,321,0,0,0,1.0,1,1.0,1,1.0,1,0.058717569118181726,32
626,2,852,531,321,0,0,0,1.0,1,1.0,1,1.0,1,0.08388349353802446,31
627,2,854,533,321,0,0,0,1.0,1,1.0,1,1.0,1,0.15615979140854133,30
628,5,859,536,323,0,0,0,1.0,1,1.0,1,1.0,1,0.1118160058501476,32
629,0,859,536,323,0,0,0,1.0,1,1.0,1,1.0,1,0.09273639522158146,29
630,1,860,537,323,0,0,0,1.0,1,1.0,1,1.0,1,0.131971992981375,29
631,2,862,539,323,0,0,0,1.0,1,1.0,1,1.0,1,0.20000304429312699,25
632,0,862,539,323,0,0,0,1.0,1,1.0,1,1.0,1,0.21785956787976216,24
633,1,863,540,323,0,0,0,1.0,1,1.0,1,1.0,1,0.2825629882161464,23
634,1,864,540,324,0,0,0,1.0,1,1.0,1,1.0,1,0.26540257710155984,23
635,1,865,541,324,0,0,0,1.0,1,1.0,1,1.0,1,0.28123736824312096,22
636,2,867,541,326,0,0,0,1.0,1,1.0,1,1.0,1,0.2632688890897424,22
637,2,869,541,328,0,0,0,1.0,1,1.0,1,1.0,1,0.17488607504464457,23
638,2,871,543,328,0,0,0,1.0,1,1.0,1,1.0,1,0.2085440758337388,23
639,0,871,543,328,0,0,0,1.0,1,1.0,1,1.0,1,0.19217250609571138,24
640,3,874,545,329,0,0,0,1.0,1,1.0,1,1.0,1,0.18399250380948123,24
641,0,874,545,329,0,0,0,1.0,1,1.0,1,1.0,1,0.20208435669347669,25
642,0,874,545,329,0,0,0,1.0,1,1.0,1,1.0,1,0.1615922574638571,26
643,1,875,545,330,0,0,0,1.0,1,1.0,1,1.0,1,0.09189249177051177,28
644,2,877,546,331,0,0,0,1.0,1,1.0,1,1.0,1,0.044613992767755864,28
645,0,877,546,331,0,0,0,1.0,1,1.0,1,1.0,1,0.044613992767755864,28
646,0,877,546,331,0,0,0,1.0,1,1.0,1,1.0,1,0.06464215696412555,29
647,1,878,547,331,0,0,0,1.0,1,1.0,1,1.0,1,0.07257164229814021,30
648,1,879,548,331,0,0,0,1.0,1,1.0,1,1.0,1,0.05642583351414826,30
649,1,880,549,331,0,0,0,1.0,1,1.0,1,1.0,1,0.11099976504482388,31
650,1,881,550,331,0,0,0,1.0,1,1.0,1,1.0,1,0.11723939260198628,31
651,0,881,550,331,0,0,0,1.0,1,1.0,1,1.0,1,0.12166013907942924,32
652,1,882,551,331,0,0,0,1.0,1,1.0,1,1.0,1,0.11764742994749,32
653,1,883,551,332,0,0,0,1.0,1,1.0,1,1.0,1,0.09877850358968746,33
654,2,885,553,332,0,0,0,1.0,1,1.0,1,1.0,1,0.08603720353059015,33
655,1,886,554,332,0,0,0,1.0,1,1.0,1,1.0,1,0.09129286929015404,36
656,1,887,555,332,0,0,0,1.0,1,1.0,1,1.0,1,0.12209762361701418,36
657,2,889,556,333,0,0,0,1.0,1,1.0,1,1.0,1,0.10930897651806097,35
658,1,890,557,333,0,0,0,1.0,1,1.0,1,1.0,1,0.1516760553787584,33
659,2,892,559,333,0,0,0,1.0,1,1.0,1,1.0,1,0.20462414045011212,35
660,3,895,561,334,0,0,0,1.0,1,1.0,1,1.0,1,0.1388797550581609,34
661,2,897,562,335,0,0,0,1.0,1,1.0,1,1.0,1,0.14151819204054886,33
662,0,897,562,335,0,0,0,1.0,1,1.0,1,1.0,1,0.10464359862820277,31
663,2,899,563,336,0,0,0,1.0,1,1.0,1,1.0,1,0.12531553298529985,29
664,0,899,563,336,0,0,0,1.0,1,1.0,1,1.0,1,0.11392188840146467,27
665,1,900,564,336,0,0,0,1.0,1,1.0,1,1.0,1,0.13908831571334782,27
666,2,902,564,338,0,0,0,1.0,1,1.0,1,1.0,1,0.0866617144825373,28
667,0,902,564,338,0,0,0,1.0,1,1.0,1,1.0,1,0.07545821996000839,26
668,2,904,565,339,0,0,0,1.0,1,1.0,1,1.0,1,0.11765395248303974,26
669,3,907,568,339,0,0,0,1.0,1,1.0,1,1.0,1,0.12944293511625937,25
670,1,908,568,340,0,0,0,1.0,1,1.0,1,1.0,1,0.10163879472614387,24
671,0,908,568,340,0,0,0,1.0,1,1.0,1,1.0,1,0.10163879472614387,24
672,1,909,569,340,0,0,0,1.0,1,1.0,1,1.0,1,0.17660545980131923,25
673,2,911,570,341,0,0,0,1.0,1,1.0,1,1.0,1,0.15128626832820977,25
674,1,912,570,342,0,0,0,1.0,1,1.0,1,1.0,1,0.0898250319863964,25
675,2,914,571,343,0,0,0,1.0,1,1.0,1,1.0,1,0.09314330000388385,26
676,3,917,574,343,0,0,0,1.0,1,1.0,1,1.0,1,0.07026447036559694,27
677,1,918,575,343,0,0,0,1.0,1,1.0,1,1.0,1,0.12796731524897176,28
678,0,918,575,343,0,0,0,1.0,1,1.0,1,1.0,1,0.12796731524897176,28
679,2,920,577,343,0,0,0,1.0,1,1.0,1,1.0,1,0.11507216592263893,30
680,0,920,577,343,0,0,0,1.0,1,1.0,1,1.0,1,0.15225635834429627,29
681,0,920,577,343,0,0,0,1.0,1,1.0,1,1.0,1,0.15225635834429627,29
682,0,920,577,343,0,0,0,1.0,1,1.0,1,1.0,1,0.14332081210219297,30
683,0,920,577,343,0,0,0,1.0,1,1.0,1,1.0,1,0.14332081210219297,30
684,1,921,577,344,0,0,0,1.0,1,1.0,1,1.0,1,0.11512088661826299,31
685,0,921,577,344,0,0,0,1.0,1,1.0,1,1.0,1,0.09411409693911987,30
686,3,924,580,344,0,0,0,1.0,1,1.0,1,1.0,1,0.047218321961649254,30
687,1,925,581,344,0,0,0,1.0,1,1.0,1,1.0,1,0.03146190963687939,30
688,0,925,581,344,0,0,0,1.0,1,1.0,1,1.0,1,0.05260989563289165,31
689,1,926,582,344,0,0,0,1.0,1,1.0,1,1.0,1,0.08796190278309975,32
690,0,926,582,344,0,0,0,1.0,1,1.0,1,1.0,1,0.08796190278309975,32
691,1,927,583,344,0,0,0,1.0,1,1.0,1,1.0,1,0.1402721627805626,32
692,3,930,586,344,0,0,0,1.0,1,1.0,1,1.0,1,0.1855127467234057,32
693,1,931,587,344,0,0,0,1.0,1,1.0,1,1.0,1,0.1713661642890684,34
694,3,934,589,345,0,0,0,1.0,1,1.0,1,1.0,1,0.2033912028921642,36
695,1,935,590,345,0,0,0,1.0,1,1.0,1,1.0,1,0.20580112188230304,34
696,2,937,590,347,0,0,0,1.0,1,1.0,1,1.0,1,0.13652275994766164,33
697,2,939,590,349,0,0,0,1.0,1,1.0,1,1.0,1,0.08741837777735875,33
698,3,942,592,350,0,0,0,1.0,1,1.0,1,1.0,1,0.1477684282552626,34
699,0,942,592,350,0,0,0,1.0,1,1.0,1,1.0,1,0.12932808358038722,33
700,0,942,592,350,0,0,0,1.0,1,1.0,1,1.0,1,0.10526484717558475,32
701,1,943,592,351,0,0,0,1.0,1,1.0,1,1.0,1,0.08153886218085017,33
702,1,944,593,351,0,0,0,1.0,1,1.0,1,1.0,1,0.10552822599879388,34
703,2,946,595,351,0,0,0,1.0,1,1.0,1,1.0,1,0.10461484150724727,32
704,0,946,595,351,0,0,0,1.0,1,1.0,1,1.0,1,0.0641107953011412,31
705,2,948,597,351,0,0,0,1.0,1,1.0,1,1.0,1,0.07076948254305652,33
706,2,950,598,352,0,0,0,1.0,1,1.0,1,1.0,1,0.04055110012358385,33
707,1,951,599,352,0,0,0,1.0,1,1.0,1,1.0,1,0.10432014417062348,31
708,1,952,600,352,0,0,0,1.0,1,1.0,1,1.0,1,0.12732208725369465,31
709,2,954,601,353,0,0,0,1.0,1,1.0,1,1.0,1,0.12954054277166369,30
710,0,954,601,353,0,0,0,1.0,1,1.0,1,1.0,1,0.12954054277166369,30
711,0,954,601,353,0,0,0,1.0,1,1.0,1,1.0,1,0.11405558544995602,30
712,0,954,601,353,0,0,0,1.0,1,1.0,1,1.0,1,0.11550934196762823,30
713,1,955,601,354,0,0,0,1.0,1,1.0,1,1.0,1,0.09794364407452018,31
714,1,956,602,354,0,0,0,1.0,1,1.0,1,1.0,1,0.12362908158079558,31
715,0,956,602,354,0,0,0,1.0,1,1.0,1,1.0,1,0.10803245835029564,30
716,0,956,602,354,0,0,0,1.0,1,1.0,1,1.0,1,0.07134001683286571,31
717,0,956,602,354,0,0,0,1.0,1,1.0,1,1.0,1,0.07404030625299887,32
718,2,958,604,354,0,0,0,1.0,1,1.0,1,1.0,1,0.09003209863194689,32
719,2,960,606,354,0,0,0,1.0,1,1.0,1,1.0,1,0.15063822800147483,32
720,0,960,606,354,0,0,0,1.0,1,1.0,1,1.0,1,0.11504787024151213,34
721,1,961,607,354,0,0,0,1.0,1,1.0,1,1.0,1,0.13322726741514604,34
722,0,961,607,354,0,0,0,1.0,1,1.0,1,1.0,1,0.13322726741514604,34
723,1,962,607,355,0,0,0,1.0,1,1.0,1,1.0,1,0.13179091996578365,35
724,3,965,608,357,0,0,0,1.0,1,1.0,1,1.0,1,0.09785011994935867,36
725,1,966,608,358,0,0,0,1.0,1,1.0,1,1.0,1,0.0990050894374997,37
726,0,966,608,358,0,0,0,1.0,1,1.0,1,1.0,1,0.0990050894374997,37
727,0,966,608,358,0,0,0,1.0,1,1.0,1,1.0,1,0.11575331713093184,38
728,2,968,609,359,0,0,0,1.0,1,1.0,1,1.0,1,0.12334192299145733,39
729,0,968,609,359,0,0,0,1.0,1,1.0,1,1.0,1,0.12334192299145733,39
730,0,968,609,359,0,0,0,1.0,1,1.0,1,1.0,1,0.11605182490886592,40
731,1,969,610,359,0,0,0,1.0,1,1.0,1,1.0,1,0.14194487461584604,40
732,1,970,610,360,0,0,0,1.0,1,1.0,1,1.0,1,0.1518438995181898,41
733,3,973,612,361,0,0,0,1.0,1,1.0,1,1.0,1,0.1627332474640849,41
734,0,973,612,361,0,0,0,1.0,1,1.0,1,1.0,1,0.154155381168874,42
735,1,974,613,361,0,0,0,1.0,1,1.0,1,1.0,1,0.13964073404416913,42
736,1,975,613,362,0,0,0,1.0,1,1.0,1,1.0,1,0.11829200484218041,41
737,1,976,614,362,0,0,0,1.0,1,1.0,1,1.0,1,0.16623836713460766,41
738,0,976,614,362,0,0,0,1.0,1,1.0,1,1.0,1,0.14821033627434907,39
739,2,978,615,363,0,0,0,1.0,1,1.0,1,1.0,1,0.10359634975855563,39
740,0,978,615,363,0,0,0,1.0,1,1.0,1,1.0,1,0.11108439705484884,39
741,0,978,615,363,0,0,0,1.0,1,1.0,1,1.0,1,0.10637113872110773,38
742,1,979,615,364,0,0,0,1.0,1,1.0,1,1.0,1,0.09192907216229707,39
743,1,980,616,364,0,0,0,1.0,1,1.0,1,1.0,1,0.07409579258950102,39
744,2,982,618,364,0,0,0,1.0,1,1.0,1,1.0,1,0.08752745290501607,39
745,3,985,621,364,0,0,0,1.0,1,1.0,1,1.0,1,0.11848466049885513,39
746,3,988,624,364,0,0,0,1.0,1,1.0,1,1.0,1,0.1298987885174998,40
747,1,989,625,364,0,0,0,1.0,1,1.0,1,1.0,1,0.13159024966512925,41
748,1,990,626,364,0,0,0,1.0,1,1.0,1,1.0,1,0.11496751548686528,41
749,0,990,626,364,0,0,0,1.0,1,1.0,1,1.0,1,0.11496751548686528,41
750,3,993,629,364,0,0,0,1.0,1,1.0,1,1.0,1,0.14378828608804822,39
751,3,996,631,365,0,0,0,1.0,1,1.0,1,1.0,1,0.093267664146127,41
752,3,999,634,365,0,0,0,1.0,1,1.0,1,1.0,1,0.16674919843015806,41
753,3,1002,634,368,0,0,0,1.0,1,1.0,1,1.0,1,0.16351564179464195,41
754,4,1006,636,370,0,0,0,1.0,1,1.0,1,1.0,1,0.18092337421332993,41
755,1,1007,636,371,0,0,0,1.0,1,1.0,1,1.0,1,0.1986306125161037,41
756,0,1007,636,371,0,0,0,1.0,1,1.0,1,1.0,1,0.1986306125161037,41
757,4,1011,637,374,0,0,0,1.0,1,1.0,1,1.0,1,0.2117543397635637,39
758,0,1011,637,374,0,0,0,1.0,1,1.0,1,1.0,1,0.19817778233245037,39
759,0,1011,637,374,0,0,0,1.0,1,1.0,1,1.0,1,0.19830393853515477,39
760,1,1012,637,375,0,0,0,1.0,1,1.0,1,1.0,1,0.19446549595788623,40
761,1,1013,637,376,0,0,0,1.0,1,1.0,1,1.0,1,0.16764164686277813,41
762,0,1013,637,376,0,0,0,1.0,1,1.0,1,1.0,1,0.16706585902502,42
763,0,1013,637,376,0,0,0,1.0,1,1.0,1,1.0,1,0.18177748653503598,43
764,2,1015,637,378,0,0,0,1.0,1,1.0,1,1.0,1,0.15863765489026554,43
765,2,1017,637,380,0,0,0,1.0,1,1.0,1,1.0,1,0.10176018043664153,45
766,2,1019,638,381,0,0,0,1.0,1,1.0,1,1.0,1,0.09682826511284974,45
767,0,1019,638,381,0,0,0,1.0,1,1.0,1,1.0,1,0.10021225599743487,46
768,0,1019,638,381,0,0,0,1.0,1,1.0,1,1.0,1,0.09157537397984261,45
769,1,1020,639,381,0,0,0,1.0,1,1.0,1,1.0,1,0.1313702659613825,46
770,0,1020,639,381,0,0,0,1.0,1,1.0,1,1.0,1,0.11766287149743823,47
771,3,1023,642,381,0,0,0,1.0,1,1.0,1,1.0,1,0.13281536689276405,47
772,0,1023,642,381,0,0,0,1.0,1,1.0,1,1.0,1,0.12230458659521447,46
773,2,1025,644,381,0,0,0,1.0,1,1.0,1,1.0,1,0.09723004051869406,45
774,0,1025,644,381,0,0,0,1.0,1,1.0,1,1.0,1,0.07438188361728347,45
775,2,1027,646,381,0,0,0,1.0,1,1.0,1,1.0,1,0.10887657731468973,45
776,0,1027,646,381,0,0,0,1.0,1,1.0,1,1.0,1,0.10367173528478883,43
777,0,1027,646,381,0,0,0,1.0,1,1.0,1,1.0,1,0.11675634242633254,44
778,3,1030,648,382,0,0,0,1.0,1,1.0,1,1.0,1,0.14225585245802147,45
779,0,1030,648,382,0,0,0,1.0,1,1.0,1,1.0,1,0.14225585245802147,45
780,2,1032,650,382,0,0,0,1.0,1,1.0,1,1.0,1,0.20542785878562708,45
781,0,1032,650,382,0,0,0,1.0,1,1.0,1,1.0,1,0.19144925856707448,46
782,1,1033,650,383,0,0,0,1.0,1,1.0,1,1.0,1,0.215747701379252,47
783,1,1034,650,384,0,0,0,1.0,1,1.0,1,1.0,1,0.19496374910336414,46
784,0,1034,650,384,0,0,0,1.0,1,1.0,1,1.0,1,0.20243073424814623,45
785,0,1034,650,384,0,0,0,1.0,1,1.0,1,1.0,1,0.20035059468199404,43
786,1,1035,650,385,0,0,0,1.0,1,1.0,1,1.0,1,0.17018500463230202,43
787,2,1037,651,386,0,0,0,1.0,1,1.0,1,1.0,1,0.13342514245415876,43
788,1,1038,651,387,0,0,0,1.0,1,1.0,1,1.0,1,0.11910793017870001,44
789,1,1039,652,387,0,0,0,1.0,1,1.0,1,1.0,1,0.08684427274237733,46
790,2,1041,654,387,0,0,0,1.0,1,1.0,1,1.0,1,0.14697972620369343,46
791,1,1042,654,388,0,0,0,1.0,1,1.0,1,1.0,1,0.16915237550924564,46
792,1,1043,655,388,0,0,0,1.0,1,1.0,1,1.0,1,0.1902832799599395,47
793,3,1046,655,391,0,0,0,1.0,1,1.0,1,1.0,1,0.17064074414238042,48
794,2,1048,655,393,0,0,0,1.0,1,1.0,1,1.0,1,0.1708328914673336,48
795,0,1048,655,393,0,0,0,1.0,1,1.0,1,1.0,1,0.17741746672175218,47
796,3,1051,655,396,0,0,0,1.0,1,1.0,1,1.0,1,0.18457540850484525,45
797,1,1052,655,397,0,0,0,1.0,1,1.0,1,1.0,1,0.1763449185712426,47
798,2,1054,655,399,0,0,0,1.0,1,1.0,1,1.0,1,0.1726075957190185,48
799,3,1057,655,402,0,0,0,1.0,1,1.0,1,1.0,1,0.14272472138321088,48
800,1,1058,656,402,0,0,0,1.0,1,1.0,1,1.0,1,0.16491042758422889,48
801,1,1059,657,402,0,0,0,1.0,1,1.0,1,1.0,1,0.14422105022637702,49
802,5,1064,659,405,0,0,0,1.0,1,1.0,1,1.0,1,0.16859220906421432,50
803,1,1065,659,406,0,0,0,1.0,1,1.0,1,1.0,1,0.15883960519794368,50
804,1,1066,659,407,0,0,0,1.0,1,1.0,1,1.0,1,0.15083428266819401,50
805,2,1068,660,408,0,0,0,1.0,1,1.0,1,1.0,1,0.1590434843459333,50
806,0,1068,660,408,0,0,0,1.0,1,1.0,1,1.0,1,0.149633301442728,51
807,0,1068,660,408,0,0,0,1.0,1,1.0,1,1.0,1,0.149633301442728,51
808,1,1069,660,409,0,0,0,1.0,1,1.0,1,1.0,1,0.15107816683435202,53
809,1,1070,660,410,0,0,0,1.0,1,1.0,1,1.0,1,0.09671623891156289,51
810,1,1071,660,411,0,0,0,1.0,1,1.0,1,1.0,1,0.09726800717769271,52
811,2,1073,662,411,0,0,0,1.0,1,1.0,1,1.0,1,0.145543690557844,50
812,1,1074,662,412,0,0,0,1.0,1,1.0,1,1.0,1,0.12585031794831272,51
813,3,1077,664,413,0,0,0,1.0,1,1.0,1,1.0,1,0.16933980740556856,51
814,2,1079,664,415,0,0,0,1.0,1,1.0,1,1.0,1,0.15419150086672895,52
815,1,1080,665,415,0,0,0,1.0,1,1.0,1,1.0,1,0.15635474535850755,50
816,1,1081,665,416,0,0,0,1.0,1,1.0,1,1.0,1,0.1471987727644082,50
817,2,1083,666,417,0,0,0,1.0,1,1.0,1,1.0,1,0.1519477433338819,49
818,0,1083,666,417,0,0,0,1.0,1,1.0,1,1.0,1,0.15138994558224872,49
819,0,1083,666,417,0,0,0,1.0,1,1.0,1,1.0,1,0.14611653977941116,50
820,1,1084,667,417,0,0,0,1.0,1,1.0,1,1.0,1,0.16409002175886245,49
821,2,1086,668,418,0,0,0,1.0,1,1.0,1,1.0,1,0.1762505076279606,49
822,1,1087,668,419,0,0,0,1.0,1,1.0,1,1.0,1,0.16620385006581043,49
823,3,1090,668,422,0,0,0,1.0,1,1.0,1,1.0,1,0.15330761104243948,47
824,0,1090,668,422,0,0,0,1.0,1,1.0,1,1.0,1,0.15625145247268032,45
825,1,1091,669,422,0,0,0,1.0,1,1.0,1,1.0,1,0.16207976413511693,43
826,2,1093,669,424,0,0,0,1.0,1,1.0,1,1.0,1,0.1338151801802793,44
827,0,1093,669,424,0,0,0,1.0,1,1.0,1,1.0,1,0.16339372636067767,43
828,1,1094,670,424,0,0,0,1.0,1,1.0,1,1.0,1,0.18258070764934603,43
829,4,1098,671,427,0,0,0,1.0,1,1.0,1,1.0,1,0.1544056934359824,45
830,1,1099,671,428,0,0,0,1.0,1,1.0,1,1.0,1,0.13956097150893404,46
831,1,1100,672,428,0,0,0,1.0,1,1.0,1,1.0,1,0.12495109757091875,48
832,1,1101,672,429,0,0,0,1.0,1,1.0,1,1.0,1,0.12440882395075825,47
833,0,1101,672,429,0,0,0,1.0,1,1.0,1,1.0,1,0.13108656157213383,47
834,0,1101,672,429,0,0,0,1.0,1,1.0,1,1.0,1,0.15266066354995556,46
835,1,1102,672,430,0,0,0,1.0,1,1.0,1,1.0,1,0.1520665520987218,45
836,3,1105,672,433,0,0,0,1.0,1,1.0,1,1.0,1,0.13661152186333952,46
837,1,1106,673,433,0,0,0,1.0,1,1.0,1,1.0,1,0.12746308537213205,46
838,2,1108,673,435,0,0,0,1.0,1,1.0,1,1.0,1,0.10056912746641444,45
839,1,1109,674,435,0,0,0,1.0,1,1.0,1,1.0,1,0.11746350739911765,46
840,1,1110,674,436,0,0,0,1.0,1,1.0,1,1.0,1,0.11933633705683735,46
841,1,1111,674,437,0,0,0,1.0,1,1.0,1,1.0,1,0.10972749938402929,46
842,3,1114,676,438,0,0,0,1.0,1,1.0,1,1.0,1,0.1279543098163034,46
843,3,1117,677,440,0,0,0,1.0,1,1.0,1,1.0,1,0.12179427046169908,46
844,1,1118,677,441,0,0,0,1.0,1,1.0,1,1.0,1,0.11467486916054999,47
845,4,1122,679,443,0,0,0,1.0,1,1.0,1,1.0,1,0.1642797945179236,48
846,0,1122,679,443,0,0,0,1.0,1,1.0,1,1.0,1,0.15060589327243515,47
847,2,1124,679,445,0,0,0,1.0,1,1.0,1,1.0,1,0.12927443299798394,48
848,3,1127,680,447,0,0,0,1.0,1,1.0,1,1.0,1,0.11117142639551304,48
849,1,1128,680,448,0,0,0,1.0,1,1.0,1,1.0,1,0.10056815987950915,48
850,0,1128,680,448,0,0,0,1.0,1,1.0,1,1.0,1,0.10396298189240022,46
851,0,1128,680,448,0,0,0,1.0,1,1.0,1,1.0,1,0.09423853478302889,45
852,0,1128,680,448,0,0,0,1.0,1,1.0,1,1.0,1,0.08166851488343982,44
853,1,1129,681,448,0,0,0,1.0,1,1.0,1,1.0,1,0.07195972991371244,44
854,3,1132,683,449,0,0,0,1.0,1,1.0,1,1.0,1,0.05786340987440332,45
855,0,1132,683,449,0,0,0,1.0,1,1.0,1,1.0,1,0.04189883166886952,46
856,1,1133,684,449,0,0,0,1.0,1,1.0,1,1.0,1,0.05006464137831999,46
857,2,1135,685,450,0,0,0,1.0,1,1.0,1,1.0,1,0.03317773813626425,47
858,0,1135,685,450,0,0,0,1.0,1,1.0,1,1.0,1,0.02216703225948487,48
859,1,1136,686,450,0,0,0,1.0,1,1.0,1,1.0,1,0.06003890715956297,48
860,1,1137,686,451,0,0,0,1.0,1,1.0,1,1.0,1,0.06135278037245953,49
861,1,1138,687,451,0,0,0,1.0,1,1.0,1,1.0,1,0.05984701847395343,49
862,0,1138,687,451,0,0,0,1.0,1,1.0,1,1.0,1,0.05984701847395343,49
863,1,1139,688,451,0,0,0,1.0,1,1.0,1,1.0,1,0.07418574002047766,48
864,1,1140,689,451,0,0,0,1.0,1,1.0,1,1.0,1,0.058058775561606574,49
865,1,1141,690,451,0,0,0,1.0,1,1.0,1,1.0,1,0.09139531915767775,48
866,2,1143,691,452,0,0,0,1.0,1,1.0,1,1.0,1,0.06294969476412862,50
867,1,1144,692,452,0,0,0,1.0,1,1.0,1,1.0,1,0.08216321565263768,50
868,2,1146,694,452,0,0,0,1.0,1,1.0,1,1.0,1,0.05780635784809633,51
869,1,1147,694,453,0,0,0,1.0,1,1.0,1,1.0,1,0.07360615531035525,49
870,1,1148,695,453,0,0,0,1.0,1,1.0,1,1.0,1,0.0835431661315984,49
871,3,1151,697,454,0,0,0,1.0,1,1.0,1,1.0,1,0.08274532361050035,49
872,0,1151,697,454,0,0,0,1.0,1,1.0,1,1.0,1,0.10520433850037055,48
873,2,1153,699,454,0,0,0,1.0,1,1.0,1,1.0,1,0.11606809263566636,49
874,3,1156,700,456,0,0,0,1.0,1,1.0,1,1.0,1,0.08776012187887648,49
875,1,1157,700,457,0,0,0,1.0,1,1.0,1,1.0,1,0.07318375843761801,50
876,3,1160,702,458,0,0,0,1.0,1,1.0,1,1.0,1,0.09138319290357841,50
877,2,1162,703,459,0,0,0,1.0,1,1.0,1,1.0,1,0.09525734532242892,50
878,2,1164,704,460,0,0,0,1.0,1,1.0,1,1.0,1,0.1056294423237815,49
879,1,1165,705,460,0,0,0,1.0,1,1.0,1,1.0,1,0.11788906771876181,49
880,3,1168,706,462,0,0,0,1.0,1,1.0,1,1.0,1,0.100065304218757,48
881,3,1171,708,463,0,0,0,1.0,1,1.0,1,1.0,1,0.10617889670771806,49
882,0,1171,708,463,0,0,0,1.0,1,1.0,1,1.0,1,0.10233127014020331,48
883,3,1174,709,465,0,0,0,1.0,1,1.0,1,1.0,1,0.09917513814961185,50
884,1,1175,709,466,0,0,0,1.0,1,1.0,1,1.0,1,0.07507190661772323,50
885,2,1177,711,466,0,0,0,1.0,1,1.0,1,1.0,1,0.09094322129910111,49
886,1,1178,711,467,0,0,0,1.0,1,1.0,1,1.0,1,0.0799876625903355,49
887,3,1181,713,468,0,0,0,1.0,1,1.0,1,1.0,1,0.11988322660872675,49
888,0,1181,713,468,0,0,0,1.0,1,1.0,1,1.0,1,0.09014399298777899,47
889,1,1182,714,468,0,0,0,1.0,1,1.0,1,1.0,1,0.1318202024300689,46
890,0,1182,714,468,0,0,0,1.0,1,1.0,1,1.0,1,0.1000164588562687,44
891,0,1182,714,468,0,0,0,1.0,1,1.0,1,1.0,1,0.11296442247135172,45
892,2,1184,715,469,0,0,0,1.0,1,1.0,1,1.0,1,0.11603731688588977,45
893,0,1184,715,469,0,0,0,1.0,1,1.0,1,1.0,1,0.11603731688588977,45
894,0,1184,715,469,0,0,0,1.0,1,1.0,1,1.0,1,0.11329079950370743,44
895,2,1186,717,469,0,0,0,1.0,1,1.0,1,1.0,1,0.11276033845180088,45
896,2,1188,718,470,0,0,0,1.0,1,1.0,1,1.0,1,0.09696320176637847,44
897,0,1188,718,470,0,0,0,1.0,1,1.0,1,1.0,1,0.09696320176637847,44
898,1,1189,719,470,0,0,0,1.0,1,1.0,1,1.0,1,0.08115529656193798,45
899,1,1190,719,471,0,0,0,1.0,1,1.0,1,1.0,1,0.07661668295388377,44
900,1,1191,719,472,0,0,0,1.0,1,1.0,1,1.0,1,0.0724683807768915,46
901,1,1192,719,473,0,0,0,1.0,1,1.0,1,1.0,1,0.08620943622894234,45
902,3,1195,721,474,0,0,0,1.0,1,1.0,1,1.0,1,0.12113386780311189,45
903,1,1196,722,474,0,0,0,1.0,1,1.0,1,1.0,1,0.1828370702131204,44
904,4,1200,723,477,0,0,0,1.0,1,1.0,1,1.0,1,0.1821865061521174,45
905,2,1202,724,478,0,0,0,1.0,1,1.0,1,1.0,1,0.19750455625180816,45
906,2,1204,725,479,0,0,0,1.0,1,1.0,1,1.0,1,0.2142282047560604,45
907,3,1207,725,482,0,0,0,1.0,1,1.0,1,1.0,1,0.1638160323685389,46
908,0,1207,725,482,0,0,0,1.0,1,1.0,1,1.0,1,0.15890469021923903,46
909,0,1207,725,482,0,0,0,1.0,1,1.0,1,1.0,1,0.16445980254462453,46
910,4,1211,725,486,0,0,0,1.0,1,1.0,1,1.0,1,0.1334983650470917,44
911,1,1212,725,487,0,0,0,1.0,1,1.0,1,1.0,1,0.13510318813309286,45
912,0,1212,725,487,0,0,0,1.0,1,1.0,1,1.0,1,0.1523493334197545,44
913,2,1214,725,489,0,0,0,1.0,1,1.0,1,1.0,1,0.14514696269811014,45
914,2,1216,726,490,0,0,0,1.0,1,1.0,1,1.0,1,0.1503085827191122,45
915,1,1217,726,491,0,0,0,1.0,1,1.0,1,1.0,1,0.14127510254583645,45
916,1,1218,726,492,0,0,0,1.0,1,1.0,1,1.0,1,0.12940876377885524,45
917,0,1218,726,492,0,0,0,1.0,1,1.0,1,1.0,1,0.1442123134552734,46
918,1,1219,727,492,0,0,0,1.0,1,1.0,1,1.0,1,0.13404233393311443,47
919,1,1220,727,493,0,0,0,1.0,1,1.0,1,1.0,1,0.12058651498109123,47
920,1,1221,728,493,0,0,0,1.0,1,1.0,1,1.0,1,0.11822424835469822,47
921,4,1225,730,495,0,0,0,1.0,1,1.0,1,1.0,1,0.11909339544855943,49
922,3,1228,732,496,0,0,0,1.0,1,1.0,1,1.0,1,0.09905512704675067,49
923,2,1230,734,496,0,0,0,1.0,1,1.0,1,1.0,1,0.10635559614491025,47
924,2,1232,736,496,0,0,0,1.0,1,1.0,1,1.0,1,0.10754476089033459,47
925,2,1234,737,497,0,0,0,1.0,1,1.0,1,1.0,1,0.11820783380587811,47
926,3,1237,739,498,0,0,0,1.0,1,1.0,1,1.0,1,0.14272096974972304,46
927,1,1238,740,498,0,0,0,1.0,1,1.0,1,1.0,1,0.12796484551856055,45
928,1,1239,740,499,0,0,0,1.0,1,1.0,1,1.0,1,0.09538795811192731,43
929,1,1240,740,500,0,0,0,1.0,1,1.0,1,1.0,1,0.1072307061065903,42
930,0,1240,740,500,0,0,0,1.0,1,1.0,1,1.0,1,0.10257988359638595,41
931,1,1241,740,501,0,0,0,1.0,1,1.0,1,1.0,1,0.10342825753603051,40
932,0,1241,740,501,0,0,0,1.0,1,1.0,1,1.0,1,0.10342825753603051,40
933,0,1241,740,501,0,0,0,1.0,1,1.0,1,1.0,1,0.11762724574947724,39
934,1,1242,740,502,0,0,0,1.0,1,1.0,1,1.0,1,0.08949940338693069,39
935,4,1246,744,502,0,0,0,1.0,1,1.0,1,1.0,1,0.15422760854342019,41
936,0,1246,744,502,0,0,0,1.0,1,1.0,1,1.0,1,0.1432933691193715,42
937,4,1250,746,504,0,0,0,1.0,1,1.0,1,1.0,1,0.21761928904839017,43
938,4,1254,746,508,0,0,0,1.0,1,1.0,1,1.0,1,0.1705752311247916,44
939,0,1254,746,508,0,0,0,1.0,1,1.0,1,1.0,1,0.18246038378163754,46
940,2,1256,746,510,0,0,0,1.0,1,1.0,1,1.0,1,0.1519962400092352,46
941,1,1257,747,510,0,0,0,1.0,1,1.0,1,1.0,1,0.17400219940327089,46
942,1,1258,747,511,0,0,0,1.0,1,1.0,1,1.0,1,0.16154630347858182,46
943,1,1259,747,512,0,0,0,1.0,1,1.0,1,1.0,1,0.16009448286837574,45
944,0,1259,747,512,0,0,0,1.0,1,1.0,1,1.0,1,0.15708791524859322,45
945,3,1262,748,514,0,0,0,1.0,1,1.0,1,1.0,1,0.13883226704615742,44
946,2,1264,748,516,0,0,0,1.0,1,1.0,1,1.0,1,0.09316066838817781,46
947,1,1265,748,517,0,0,0,1.0,1,1.0,1,1.0,1,0.09530892450093566,44
948,0,1265,748,517,0,0,0,1.0,1,1.0,1,1.0,1,0.09530892450093566,44
949,5,1270,749,521,0,0,0,1.0,1,1.0,1,1.0,1,0.07711442702451488,44
950,0,1270,749,521,0,0,0,1.0,1,1.0,1,1.0,1,0.0990037253171035,43
951,1,1271,750,521,0,0,0,1.0,1,1.0,1,1.0,1,0.14345097951867278,42
952,2,1273,750,523,0,0,0,1.0,1,1.0,1,1.0,1,0.11461926296378222,42
953,0,1273,750,523,0,0,0,1.0,1,1.0,1,1.0,1,0.11837163706252173,41
954,1,1274,751,523,0,0,0,1.0,1,1.0,1,1.0,1,0.13813443681284596,40
955,0,1274,751,523,0,0,0,1.0,1,1.0,1,1.0,1,0.13231632724399023,42
956,1,1275,752,523,0,0,0,1.0,1,1.0,1,1.0,1,0.13497911888735234,43
957,0,1275,752,523,0,0,0,1.0,1,1.0,1,1.0,1,0.1472509172558227,42
958,1,1276,752,524,0,0,0,1.0,1,1.0,1,1.0,1,0.16571909542007798,43
959,3,1279,753,526,0,0,0,1.0,1,1.0,1,1.0,1,0.18853851788507853,45
960,2,1281,754,527,0,0,0,1.0,1,1.0,1,1.0,1,0.19296377799473877,47
961,1,1282,755,527,0,0,0,1.0,1,1.0,1,1.0,1,0.2110199860010349,45
962,0,1282,755,527,0,0,0,1.0,1,1.0,1,1.0,1,0.19382118476343552,45
963,3,1285,756,529,0,0,0,1.0,1,1.0,1,1.0,1,0.193879352882691,44
964,0,1285,756,529,0,0,0,1.0,1,1.0,1,1.0,1,0.18794675023317475,44
965,1,1286,756,530,0,0,0,1.0,1,1.0,1,1.0,1,0.16410809640666862,45
966,1,1287,757,530,0,0,0,1.0,1,1.0,1,1.0,1,0.17652606245357472,43
967,1,1288,757,531,0,0,0,1.0,1,1.0,1,1.0,1,0.16760082656547318,43
968,0,1288,757,531,0,0,0,1.0,1,1.0,1,1.0,1,0.16659021528924853,43
969,1,1289,757,532,0,0,0,1.0,1,1.0,1,1.0,1,0.16708665866157985,42
970,1,1290,757,533,0,0,0,1.0,1,1.0,1,1.0,1,0.13981833593315657,42
971,1,1291,757,534,0,0,0,1.0,1,1.0,1,1.0,1,0.10842588974604317,42
972,1,1292,757,535,0,0,0,1.0,1,1.0,1,1.0,1,0.08196425488170558,42
973,0,1292,757,535,0,0,0,1.0,1,1.0,1,1.0,1,0.08471039793231293,43
974,0,1292,757,535,0,0,0,1.0,1,1.0,1,1.0,1,0.08471039793231293,43
975,0,1292,757,535,0,0,0,1.0,1,1.0,1,1.0,1,0.08884099377563065,43
976,0,1292,757,535,0,0,0,1.0,1,1.0,1,1.0,1,0.10329643958522652,45
977,0,1292,757,535,0,0,0,1.0,1,1.0,1,1.0,1,0.11844305166719625,44
978,0,1292,757,535,0,0,0,1.0,1,1.0,1,1.0,1,0.11844305166719625,44
979,1,1293,757,536,0,0,0,1.0,1,1.0,1,1.0,1,0.11916286098772472,45
980,1,1294,757,537,0,0,0,1.0,1,1.0,1,1.0,1,0.10522577814285797,45
981,0,1294,757,537,0,0,0,1.0,1,1.0,1,1.0,1,0.10522577814285797,45
982,2,1296,759,537,0,0,0,1.0,1,1.0,1,1.0,1,0.1808470260772631,46
983,2,1298,760,538,0,0,0,1.0,1,1.0,1,1.0,1,0.1754754491633213,45
984,1,1299,761,538,0,0,0,1.0,1,1.0,1,1.0,1,0.17654406875933434,45
985,7,1306,765,541,0,0,0,1.0,1,1.0,1,1.0,1,0.19234811556532153,45
986,0,1306,765,541,0,0,0,1.0,1,1.0,1,1.0,1,0.17647687135092724,44
987,2,1308,766,542,0,0,0,1.0,1,1.0,1,1.0,1,0.18847797572881067,45
988,3,1311,768,543,0,0,0,1.0,1,1.0,1,1.0,1,0.20802647131297072,44
989,1,1312,768,544,0,0,0,1.0,1,1.0,1,1.0,1,0.181669478899955,43
990,1,1313,769,544,0,0,0,1.0,1,1.0,1,1.0,1,0.1907164588345009,42
991,1,1314,769,545,0,0,0,1.0,1,1.0,1,1.0,1,0.15308937466104552,42
992,0,1314,769,545,0,0,0,1.0,1,1.0,1,1.0,1,0.151976618399258,43
993,0,1314,769,545,0,0,0,1.0,1,1.0,1,1.0,1,0.151976618399258,43
994,0,1314,769,545,0,0,0,1.0,1,1.0,1,1.0,1,0.1693764027823132,43
995,0,1314,769,545,0,0,0,1.0,1,1.0,1,1.0,1,0.12283834985692994,43
996,0,1314,769,545,0,0,0,1.0,1,1.0,1,1.0,1,0.13261553263154344,44
997,1,1315,770,545,0,0,0,1.0,1,1.0,1,1.0,1,0.17347172919617151,44
998,0,1315,770,545,0,0,0,1.0,1,1.0,1,1.0,1,0.18718117846382415,45
999,0,1315,770,545,0,0,0,1.0,1,1.0,1,1.0,1,0.1894708498139564,42
1000,0,1315,770,545,0,0,0,1.0,1,1.0,1,1.0,1,0.17880047233485344,43
1001,1,1316,770,546,0,0,0,1.0,1,1.0,1,1.0,1,0.14314506233492277,42
1002,0,1316,770,546,0,0,0,1.0,1,1.0,1,1.0,1,0.14178404270797162,43
1003,1,1317,770,547,0,0,0,1.0,1,1.0,1,1.0,1,0.1310390516270783,43
1004,1,1318,770,548,0,0,0,1.0,1,1.0,1,1.0,1,0.10751179038150234,43
1005,1,1319,770,549,0,0,0,1.0,1,1.0,1,1.0,1,0.10965231976993514,44
1006,1,1320,770,550,0,0,0,1.0,1,1.0,1,1.0,1,0.09166388473903428,46
1007,0,1320,770,550,0,0,0,1.0,1,1.0,1,1.0,1,0.09166388473903428,46
1008,0,1320,770,550,0,0,0,1.0,1,1.0,1,1.0,1,0.10382787250992614,47
1009,2,1322,772,550,0,0,0,1.0,1,1.0,1,1.0,1,0.10269646350902183,48
1010,1,1323,773,550,0,0,0,1.0,1,1.0,1,1.0,1,0.11840385011453355,48
1011,1,1324,774,550,0,0,0,1.0,1,1.0,1,1.0,1,0.13348494561912122,48
1012,3,1327,776,551,0,0,0,1.0,1,1.0,1,1.0,1,0.15936961815124404,49
1013,1,1328,777,551,0,0,0,1.0,1,1.0,1,1.0,1,0.16312194366607458,50
1014,1,1329,778,551,0,0,0,1.0,1,1.0,1,1.0,1,0.18455770296377877,50
1015,1,1330,778,552,0,0,0,1.0,1,1.0,1,1.0,1,0.17366096023591657,51
1016,2,1332,779,553,0,0,0,1.0,1,1.0,1,1.0,1,0.1572291860174549,51
1017,0,1332,779,553,0,0,0,1.0,1,1.0,1,1.0,1,0.16688598520887393,52
1018,1,1333,780,553,0,0,0,1.0,1,1.0,1,1.0,1,0.18383945263290397,52
1019,1,1334,780,554,0,0,0,1.0,1,1.0,1,1.0,1,0.18654582701630892,52
1020,0,1334,780,554,0,0,0,1.0,1,1.0,1,1.0,1,0.16223554808401622,53
1021,0,1334,780,554,0,0,0,1.0,1,1.0,1,1.0,1,0.16833364363888267,53
1022,0,1334,780,554,0,0,0,1.0,1,1.0,1,1.0,1,0.1603534514978437,54
1023,2,1336,780,556,0,0,0,1.0,1,1.0,1,1.0,1,0.10926221952357938,55
1024,1,1337,780,557,0,0,0,1.0,1,1.0,1,1.0,1,0.10853383187370562,55
1025,1,1338,780,558,0,0,0,1.0,1,1.0,1,1.0,1,0.09370306155539772,56
1026,0,1338,780,558,0,0,0,1.0,1,1.0,1,1.0,1,0.10284099765435616,57
1027,0,1338,780,558,0,0,0,1.0,1,1.0,1,1.0,1,0.0825334882824449,58
1028,3,1341,782,559,0,0,0,1.0,1,1.0,1,1.0,1,0.10847600956560298,58
1029,3,1344,783,561,0,0,0,1.0,1,1.0,1,1.0,1,0.1053081243323817,59
1030,0,1344,783,561,0,0,0,1.0,1,1.0,1,1.0,1,0.10037469392271176,60
1031,1,1345,784,561,0,0,0,1.0,1,1.0,1,1.0,1,0.12557087712990458,60
1032,0,1345,784,561,0,0,0,1.0,1,1.0,1,1.0,1,0.1329028679518437,61
1033,0,1345,784,561,0,0,0,1.0,1,1.0,1,1.0,1,0.13894996341153512,60
1034,4,1349,787,562,0,0,0,1.0,1,1.0,1,1.0,1,0.12617851371759709,60
1035,2,1351,789,562,0,0,0,1.0,1,1.0,1,1.0,1,0.1657504333055672,59
1036,5,1356,791,565,0,0,0,1.0,1,1.0,1,1.0,1,0.12866021884812878,60
1037,3,1359,794,565,0,0,0,1.0,1,1.0,1,1.0,1,0.16065314153775595,59
1038,3,1362,795,567,0,0,0,1.0,1,1.0,1,1.0,1,0.13884111257648632,60
1039,6,1368,798,570,0,0,0,1.0,1,1.0,1,1.0,1,0.1435377293767118,60
1040,2,1370,799,571,0,0,0,1.0,1,1.0,1,1.0,1,0.13746837987903943,58
1041,2,1372,800,572,0,0,0,1.0,1,1.0,1,1.0,1,0.12345831618891799,56
1042,2,1374,800,574,0,0,0,1.0,1,1.0,1,1.0,1,0.08461702084997834,55
1043,0,1374,800,574,0,0,0,1.0,1,1.0,1,1.0,1,0.08461702084997834,55
1044,0,1374,800,574,0,0,0,1.0,1,1.0,1,1.0,1,0.06296523110410968,52
1045,0,1374,800,574,0,0,0,1.0,1,1.0,1,1.0,1,0.04230844352300639,52
1046,1,1375,801,574,0,0,0,1.0,1,1.0,1,1.0,1,0.07468250925692735,53
1047,2,1377,802,575,0,0,0,1.0,1,1.0,1,1.0,1,0.053476284238522895,54
1048,1,1378,803,575,0,0,0,1.0,1,1.0,1,1.0,1,0.07813795151561001,56
1049,2,1380,805,575,0,0,0,1.0,1,1.0,1,1.0,1,0.08625863511196087,55
1050,0,1380,805,575,0,0,0,1.0,1,1.0,1,1.0,1,0.08569967640199476,56
1051,0,1380,805,575,0,0,0,1.0,1,1.0,1,1.0,1,0.07339557343780183,55
1052,1,1381,805,576,0,0,0,1.0,1,1.0,1,1.0,1,0.0837529270202433,56
1053,2,1383,806,577,0,0,0,1.0,1,1.0,1,1.0,1,0.08301280215094461,56
1054,2,1385,807,578,0,0,0,1.0,1,1.0,1,1.0,1,0.052984759263074666,57
1055,1,1386,807,579,0,0,0,1.0,1,1.0,1,1.0,1,0.0218819781767749,58
1056,1,1387,807,580,0,0,0,1.0,1,1.0,1,1.0,1,0.026111295184700834,59
1057,0,1387,807,580,0,0,0,1.0,1,1.0,1,1.0,1,0.041286793934907355,60
1058,1,1388,808,580,0,0,0,1.0,1,1.0,1,1.0,1,0.07374965171425525,60
1059,1,1389,809,580,0,0,0,1.0,1,1.0,1,1.0,1,0.08660401167287503,60
1060,1,1390,810,580,0,0,0,1.0,1,1.0,1,1.0,1,0.10518100320577749,60
1061,5,1395,814,581,0,0,0,1.0,1,1.0,1,1.0,1,0.1009934379886758,59
1062,0,1395,814,581,0,0,0,1.0,1,1.0,1,1.0,1,0.10163184913674503,59
1063,3,1398,815,583,0,0,0,1.0,1,1.0,1,1.0,1,0.10176213810855696,58
1064,4,1402,817,585,0,0,0,1.0,1,1.0,1,1.0,1,0.14038473268600224,58
1065,1,1403,817,586,0,0,0,1.0,1,1.0,1,1.0,1,0.10875350182645893,60
1066,2,1405,817,588,0,0,0,1.0,1,1.0,1,1.0,1,0.10867182120901975,58
1067,0,1405,817,588,0,0,0,1.0,1,1.0,1,1.0,1,0.16208793237784086,59
1068,0,1405,817,588,0,0,0,1.0,1,1.0,1,1.0,1,0.16208793237784086,59
1069,3,1408,817,591,0,0,0,1.0,1,1.0,1,1.0,1,0.16009996596300077,58
1070,3,1411,817,594,0,0,0,1.0,1,1.0,1,1.0,1,0.12210179369831115,58
1071,0,1411,817,594,0,0,0,1.0,1,1.0,1,1.0,1,0.13639864608218302,57
1072,4,1415,818,597,0,0,0,1.0,1,1.0,1,1.0,1,0.1198645727382753,56
1073,1,1416,819,597,0,0,0,1.0,1,1.0,1,1.0,1,0.1393775915038169,54
1074,3,1419,820,599,0,0,0,1.0,1,1.0,1,1.0,1,0.12223355293065499,54
1075,2,1421,821,600,0,0,0,1.0,1,1.0,1,1.0,1,0.10497024087639714,51
1076,3,1424,823,601,0,0,0,1.0,1,1.0,1,1.0,1,0.1228646495668271,51
1077,3,1427,825,602,0,0,0,1.0,1,1.0,1,1.0,1,0.12118525761381684,51
1078,0,1427,825,602,0,0,0,1.0,1,1.0,1,1.0,1,0.1365697044178122,52
1079,4,1431,829,602,0,0,0,1.0,1,1.0,1,1.0,1,0.17773655930645493,51
1080,2,1433,831,602,0,0,0,1.0,1,1.0,1,1.0,1,0.20503590288243154,51
1081,2,1435,832,603,0,0,0,1.0,1,1.0,1,1.0,1,0.22028035003515462,48
1082,1,1436,833,603,0,0,0,1.0,1,1.0,1,1.0,1,0.2371535150755796,47
1083,3,1439,834,605,0,0,0,1.0,1,1.0,1,1.0,1,0.2475922553013965,46
1084,2,1441,834,607,0,0,0,1.0,1,1.0,1,1.0,1,0.21258115446474818,45
1085,1,1442,834,608,0,0,0,1.0,1,1.0,1,1.0,1,0.18319497883678237,46
1086,1,1443,834,609,0,0,0,1.0,1,1.0,1,1.0,1,0.16610679373377019,45
1087,1,1444,834,610,0,0,0,1.0,1,1.0,1,1.0,1,0.18258759220026616,44
1088,1,1445,834,611,0,0,0,1.0,1,1.0,1,1.0,1,0.16320447438341815,45
1089,0,1445,834,611,0,0,0,1.0,1,1.0,1,1.0,1,0.181081244746644,46
1090,0,1445,834,611,0,0,0,1.0,1,1.0,1,1.0,1,0.18207017460228858,47
1091,1,1446,835,611,0,0,0,1.0,1,1.0,1,1.0,1,0.17138093758088555,47
1092,0,1446,835,611,0,0,0,1.0,1,1.0,1,1.0,1,0.16187156014153847,48
1093,2,1448,836,612,0,0,0,1.0,1,1.0,1,1.0,1,0.14975980085240737,48
1094,4,1452,838,614,0,0,0,1.0,1,1.0,1,1.0,1,0.18035795274265584,48
1095,1,1453,838,615,0,0,0,1.0,1,1.0,1,1.0,1,0.18953732351684696,49
1096,3,1456,839,617,0,0,0,1.0,1,1.0,1,1.0,1,0.19072428457846854,49
1097,3,1459,840,619,0,0,0,1.0,1,1.0,1,1.0,1,0.19091950212344366,50
1098,1,1460,840,620,0,0,0,1.0,1,1.0,1,1.0,1,0.18647552083776633,51
1099,3,1463,840,623,0,0,0,1.0,1,1.0,1,1.0,1,0.13490002635604398,54
1100,0,1463,840,623,0,0,0,1.0,1,1.0,1,1.0,1,0.13490002635604398,54
1101,0,1463,840,623,0,0,0,1.0,1,1.0,1,1.0,1,0.13490002635604398,54
1102,2,1465,840,625,0,0,0,1.0,1,1.0,1,1.0,1,0.09600380294928744,54
1103,0,1465,840,625,0,0,0,1.0,1,1.0,1,1.0,1,0.10566581636789982,53
1104,2,1467,841,626,0,0,0,1.0,1,1.0,1,1.0,1,0.11299125360353045,53
1105,2,1469,841,628,0,0,0,1.0,1,1.0,1,1.0,1,0.08929613564150188,52
1106,1,1470,841,629,0,0,0,1.0,1,1.0,1,1.0,1,0.11482505728703941,52
1107,0,1470,841,629,0,0,0,1.0,1,1.0,1,1.0,1,0.13772407120924374,52
1108,2,1472,841,631,0,0,0,1.0,1,1.0,1,1.0,1,0.10851383770779192,51
1109,2,1474,842,632,0,0,0,1.0,1,1.0,1,1.0,1,0.14539165260172884,49
1110,0,1474,842,632,0,0,0,1.0,1,1.0,1,1.0,1,0.15621975634665128,48
1111,3,1477,843,634,0,0,0,1.0,1,1.0,1,1.0,1,0.20104244991388656,47
1112,2,1479,844,635,0,0,0,1.0,1,1.0,1,1.0,1,0.24998992838396197,46
1113,2,1481,845,636,0,0,0,1.0,1,1.0,1,1.0,1,0.26732171983694686,43
1114,1,1482,845,637,0,0,0,1.0,1,1.0,1,1.0,1,0.27155785805825333,41
1115,1,1483,846,637,0,0,0,1.0,1,1.0,1,1.0,1,0.25556008713878714,40
1116,1,1484,846,638,0,0,0,1.0,1,1.0,1,1.0,1,0.2333943399049511,39
1117,3,1487,848,639,0,0,0,1.0,1,1.0,1,1.0,1,0.2204776341530488,40
1118,0,1487,848,639,0,0,0,1.0,1,1.0,1,1.0,1,0.21185485231156134,40
1119,0,1487,848,639,0,0,0,1.0,1,1.0,1,1.0,1,0.21185485231156134,40
1120,0,1487,848,639,0,0,0,1.0,1,1.0,1,1.0,1,0.21185485231156134,40
1121,2,1489,850,639,0,0,0,1.0,1,1.0,1,1.0,1,0.25928969608370633,40
1122,0,1489,850,639,0,0,0,1.0,1,1.0,1,1.0,1,0.2634880515492537,41
1123,2,1491,852,639,0,0,0,1.0,1,1.0,1,1.0,1,0.3263884803843852,41
1124,3,1494,852,642,0,0,0,1.0,1,1.0,1,1.0,1,0.2845466877309952,41
1125,4,1498,853,645,0,0,0,1.0,1,1.0,1,1.0,1,0.2923117987948029,41
1126,2,1500,853,647,0,0,0,1.0,1,1.0,1,1.0,1,0.23664628321050638,41
1127,1,1501,853,648,0,0,0,1.0,1,1.0,1,1.0,1,0.2283724660017412,41
1128,0,1501,853,648,0,0,0,1.0,1,1.0,1,1.0,1,0.24301004539881416,42
1129,3,1504,854,650,0,0,0,1.0,1,1.0,1,1.0,1,0.23845921250032495,42
1130,0,1504,854,650,0,0,0,1.0,1,1.0,1,1.0,1,0.23845921250032495,42
1131,1,1505,854,651,0,0,0,1.0,1,1.0,1,1.0,1,0.22408342634962078,42
1132,1,1506,854,652,0,0,0,1.0,1,1.0,1,1.0,1,0.17995353145060466,43
1133,0,1506,854,652,0,0,0,1.0,1,1.0,1,1.0,1,0.17185846043542885,45
1134,0,1506,854,652,0,0,0,1.0,1,1.0,1,1.0,1,0.1800209251128875,46
1135,1,1507,854,653,0,0,0,1.0,1,1.0,1,1.0,1,0.18525449092181567,45
1136,0,1507,854,653,0,0,0,1.0,1,1.0,1,1.0,1,0.18743510787805515,48
1137,0,1507,854,653,0,0,0,1.0,1,1.0,1,1.0,1,0.19697574060950826,49
1138,4,1511,854,657,0,0,0,1.0,1,1.0,1,1.0,1,0.147895778262317,49
1139,1,1512,854,658,0,0,0,1.0,1,1.0,1,1.0,1,0.17208273602212312,49
1140,0,1512,854,658,0,0,0,1.0,1,1.0,1,1.0,1,0.17208273602212312,49
1141,4,1516,855,661,0,0,0,1.0,1,1.0,1,1.0,1,0.19064068620035934,48
1142,2,1518,856,662,0,0,0,1.0,1,1.0,1,1.0,1,0.1681291489244281,48
1143,3,1521,858,663,0,0,0,1.0,1,1.0,1,1.0,1,0.1884351511136168,48
1144,3,1524,858,666,0,0,0,1.0,1,1.0,1,1.0,1,0.14413551924085294,48
1145,1,1525,858,667,0,0,0,1.0,1,1.0,1,1.0,1,0.16018316594849596,48
1146,0,1525,858,667,0,0,0,1.0,1,1.0,1,1.0,1,0.17865084672133894,48
1147,3,1528,858,670,0,0,0,1.0,1,1.0,1,1.0,1,0.16676431280502574,46
1148,0,1528,858,670,0,0,0,1.0,1,1.0,1,1.0,1,0.16676431280502574,46
1149,1,1529,858,671,0,0,0,1.0,1,1.0,1,1.0,1,0.1884066396841571,45
1150,3,1532,858,674,0,0,0,1.0,1,1.0,1,1.0,1,0.1776583200838806,46
1151,3,1535,860,675,0,0,0,1.0,1,1.0,1,1.0,1,0.20358458483392627,44
1152,0,1535,860,675,0,0,0,1.0,1,1.0,1,1.0,1,0.17824671658308167,44
1153,3,1538,863,675,0,0,0,1.0,1,1.0,1,1.0,1,0.252681431043892,43
1154,2,1540,863,677,0,0,0,1.0,1,1.0,1,1.0,1,0.22380948652917343,43
1155,3,1543,864,679,0,0,0,1.0,1,1.0,1,1.0,1,0.23029993319406894,43
1156,1,1544,864,680,0,0,0,1.0,1,1.0,1,1.0,1,0.20387301097641417,42
1157,1,1545,864,681,0,0,0,1.0,1,1.0,1,1.0,1,0.19577410012374546,42
1158,0,1545,864,681,0,0,0,1.0,1,1.0,1,1.0,1,0.18239109841530654,41
1159,0,1545,864,681,0,0,0,1.0,1,1.0,1,1.0,1,0.18176164463040537,41
1160,0,1545,864,681,0,0,0,1.0,1,1.0,1,1.0,1,0.18176164463040537,41
1161,0,1545,864,681,0,0,0,1.0,1,1.0,1,1.0,1,0.18366933459111942,42
1162,0,1545,864,681,0,0,0,1.0,1,1.0,1,1.0,1,0.17333256408405157,43
1163,0,1545,864,681,0,0,0,1.0,1,1.0,1,1.0,1,0.17333256408405157,43
1164,0,1545,864,681,0,0,0,1.0,1,1.0,1,1.0,1,0.1585323339897519,44
1165,0,1545,864,681,0,0,0,1.0,1,1.0,1,1.0,1,0.1585323339897519,44
1166,2,1547,865,682,0,0,0,1.0,1,1.0,1,1.0,1,0.1409657640721364,46
1167,3,1550,866,684,0,0,0,1.0,1,1.0,1,1.0,1,0.1307413506657525,46
1168,1,1551,866,685,0,0,0,1.0,1,1.0,1,1.0,1,0.11142473539385282,47
1169,1,1552,867,685,0,0,0,1.0,1,1.0,1,1.0,1,0.08118034015640409,46
1170,0,1552,867,685,0,0,0,1.0,1,1.0,1,1.0,1,0.08561908001609331,48
1171,1,1553,868,685,0,0,0,1.0,1,1.0,1,1.0,1,0.11307953658057009,49
1172,1,1554,868,686,0,0,0,1.0,1,1.0,1,1.0,1,0.10292054236119959,49
1173,0,1554,868,686,0,0,0,1.0,1,1.0,1,1.0,1,0.10292054236119959,49
1174,2,1556,869,687,0,0,0,1.0,1,1.0,1,1.0,1,0.11532962195835132,49
1175,0,1556,869,687,0,0,0,1.0,1,1.0,1,1.0,1,0.12360218065626778,50
1176,1,1557,869,688,0,0,0,1.0,1,1.0,1,1.0,1,0.12483208994255961,52
1177,3,1560,871,689,0,0,0,1.0,1,1.0,1,1.0,1,0.14930310928079799,52
1178,0,1560,871,689,0,0,0,1.0,1,1.0,1,1.0,1,0.14930310928079799,52
1179,0,1560,871,689,0,0,0,1.0,1,1.0,1,1.0,1,0.1300402395326287,53
1180,1,1561,872,689,0,0,0,1.0,1,1.0,1,1.0,1,0.1398257693251717,54
1181,0,1561,872,689,0,0,0,1.0,1,1.0,1,1.0,1,0.14986565499007468,55
1182,0,1561,872,689,0,0,0,1.0,1,1.0,1,1.0,1,0.14986565499007468,55
1183,1,1562,873,689,0,0,0,1.0,1,1.0,1,1.0,1,0.18386024247490795,53
1184,2,1564,874,690,0,0,0,1.0,1,1.0,1,1.0,1,0.17935261267064798,54
1185,0,1564,874,690,0,0,0,1.0,1,1.0,1,1.0,1,0.18861487745483957,53
1186,4,1568,875,693,0,0,0,1.0,1,1.0,1,1.0,1,0.1929909949452858,54
1187,3,1571,876,695,0,0,0,1.0,1,1.0,1,1.0,1,0.21422764680151724,55
1188,0,1571,876,695,0,0,0,1.0,1,1.0,1,1.0,1,0.21422764680151724,55
1189,0,1571,876,695,0,0,0,1.0,1,1.0,1,1.0,1,0.2142312616096745,54
1190,0,1571,876,695,0,0,0,1.0,1,1.0,1,1.0,1,0.20329896295679958,55
1191,2,1573,876,697,0,0,0,1.0,1,1.0,1,1.0,1,0.18248051768694162,54
1192,2,1575,876,699,0,0,0,1.0,1,1.0,1,1.0,1,0.15593166638438824,52
1193,0,1575,876,699,0,0,0,1.0,1,1.0,1,1.0,1,0.15750734682375844,53
1194,2,1577,876,701,0,0,0,1.0,1,1.0,1,1.0,1,0.13628838108108568,53
1195,1,1578,876,702,0,0,0,1.0,1,1.0,1,1.0,1,0.11194788489940483,54
1196,1,1579,876,703,0,0,0,1.0,1,1.0,1,1.0,1,0.11831244499816806,56
1197,2,1581,877,704,0,0,0,1.0,1,1.0,1,1.0,1,0.1049311326249404,56
1198,2,1583,878,705,0,0,0,1.0,1,1.0,1,1.0,1,0.08394114522544358,58
1199,1,1584,879,705,0,0,0,1.0,1,1.0,1,1.0,1,0.08732114550894922,58
1200,0,1584,879,705,0,0,0,1.0,1,1.0,1,1.0,1,0.08732114550894922,58
1201,1,1585,880,705,0,0,0,1.0,1,1.0,1,1.0,1,0.10695834131015808,58
1202,0,1585,880,705,0,0,0,1.0,1,1.0,1,1.0,1,0.08774307799740146,60
1203,0,1585,880,705,0,0,0,1.0,1,1.0,1,1.0,1,0.09339781282612855,58
1204,3,1588,881,707,0,0,0,1.0,1,1.0,1,1.0,1,0.09743725290997768,59
1205,2,1590,882,708,0,0,0,1.0,1,1.0,1,1.0,1,0.11011244038537844,59
1206,0,1590,882,708,0,0,0,1.0,1,1.0,1,1.0,1,0.12581544052525315,58
1207,2,1592,882,710,0,0,0,1.0,1,1.0,1,1.0,1,0.11459350494635227,60
1208,0,1592,882,710,0,0,0,1.0,1,1.0,1,1.0,1,0.11459350494635227,60
1209,2,1594,882,712,0,0,0,1.0,1,1.0,1,1.0,1,0.10423853909404389,61
1210,1,1595,882,713,0,0,0,1.0,1,1.0,1,1.0,1,0.09806300313589578,61
1211,0,1595,882,713,0,0,0,1.0,1,1.0,1,1.0,1,0.083324857492156,63
1212,0,1595,882,713,0,0,0,1.0,1,1.0,1,1.0,1,0.083324857492156,63
1213,0,1595,882,713,0,0,0,1.0,1,1.0,1,1.0,1,0.083324857492156,63
1214,5,1600,884,716,0,0,0,1.0,1,1.0,1,1.0,1,0.13675231270127683,62
1215,0,1600,884,716,0,0,0,1.0,1,1.0,1,1.0,1,0.1305541756283948,63
1216,3,1603,885,718,0,0,0,1.0,1,1.0,1,1.0,1,0.1571447753933138,64
1217,1,1604,885,719,0,0,0,1.0,1,1.0,1,1.0,1,0.15310179971462407,65
1218,1,1605,885,720,0,0,0,1.0,1,1.0,1,1.0,1,0.16000053417717922,64
1219,3,1608,885,723,0,0,0,1.0,1,1.0,1,1.0,1,0.147604753438278,65
1220,1,1609,885,724,0,0,0,1.0,1,1.0,1,1.0,1,0.1491173539567302,64
1221,1,1610,885,725,0,0,0,1.0,1,1.0,1,1.0,1,0.1423195474770137,65
1222,2,1612,885,727,0,0,0,1.0,1,1.0,1,1.0,1,0.11856408818907316,66
1223,0,1612,885,727,0,0,0,1.0,1,1.0,1,1.0,1,0.12805766806999797,64
1224,1,1613,886,727,0,0,0,1.0,1,1.0,1,1.0,1,0.11567791565513802,66
1225,3,1616,887,729,0,0,0,1.0,1,1.0,1,1.0,1,0.1312537065530494,66
1226,4,1620,888,732,0,0,0,1.0,1,1.0,1,1.0,1,0.14101253161114946,68
1227,1,1621,889,732,0,0,0,1.0,1,1.0,1,1.0,1,0.13620306488409215,64
1228,3,1624,889,735,0,0,0,1.0,1,1.0,1,1.0,1,0.12401947404115163,62
1229,0,1624,889,735,0,0,0,1.0,1,1.0,1,1.0,1,0.11243972635916602,61
1230,0,1624,889,735,0,0,0,1.0,1,1.0,1,1.0,1,0.12092741217529818,58
1231,0,1624,889,735,0,0,0,1.0,1,1.0,1,1.0,1,0.1123447192192666,57
1232,1,1625,890,735,0,0,0,1.0,1,1.0,1,1.0,1,0.16398960176317268,53
1233,1,1626,891,735,0,0,0,1.0,1,1.0,1,1.0,1,0.171403122224837,53
1234,1,1627,891,736,0,0,0,1.0,1,1.0,1,1.0,1,0.13616120732381176,54
1235,0,1627,891,736,0,0,0,1.0,1,1.0,1,1.0,1,0.15959186581169038,55
1236,2,1629,893,736,0,0,0,1.0,1,1.0,1,1.0,1,0.18641293566317194,55
1237,2,1631,893,738,0,0,0,1.0,1,1.0,1,1.0,1,0.16093603086776317,55
1238,1,1632,894,738,0,0,0,1.0,1,1.0,1,1.0,1,0.1638291790371221,54
1239,1,1633,894,739,0,0,0,1.0,1,1.0,1,1.0,1,0.15494341633805345,55
1240,2,1635,895,740,0,0,0,1.0,1,1.0,1,1.0,1,0.14252565746021453,55
1241,0,1635,895,740,0,0,0,1.0,1,1.0,1,1.0,1,0.1279880240677201,54
1242,0,1635,895,740,0,0,0,1.0,1,1.0,1,1.0,1,0.13173656764993547,54
1243,0,1635,895,740,0,0,0,1.0,1,1.0,1,1.0,1,0.13444285294890562,55
1244,2,1637,895,742,0,0,0,1.0,1,1.0,1,1.0,1,0.12650899783455763,55
1245,1,1638,896,742,0,0,0,1.0,1,1.0,1,1.0,1,0.14901198408643654,55
1246,3,1641,896,745,0,0,0,1.0,1,1.0,1,1.0,1,0.14315786562067193,55
1247,3,1644,897,747,0,0,0,1.0,1,1.0,1,1.0,1,0.1597062093895432,57
1248,0,1644,897,747,0,0,0,1.0,1,1.0,1,1.0,1,0.17137075604155774,56
1249,5,1649,899,750,0,0,0,1.0,1,1.0,1,1.0,1,0.20898789668152912,56
1250,2,1651,901,750,0,0,0,1.0,1,1.0,1,1.0,1,0.19231675697326328,56
1251,3,1654,901,753,0,0,0,1.0,1,1.0,1,1.0,1,0.16646056279153684,58
1252,4,1658,901,757,0,0,0,1.0,1,1.0,1,1.0,1,0.13014436426249495,58
1253,3,1661,903,758,0,0,0,1.0,1,1.0,1,1.0,1,0.14775329435617954,58
1254,0,1661,903,758,0,0,0,1.0,1,1.0,1,1.0,1,0.12322340978259025,60
1255,0,1661,903,758,0,0,0,1.0,1,1.0,1,1.0,1,0.1320317932335946,61
1256,0,1661,903,758,0,0,0,1.0,1,1.0,1,1.0,1,0.1320317932335946,61
1257,2,1663,904,759,0,0,0,1.0,1,1.0,1,1.0,1,0.15117670288035012,62
1258,2,1665,904,761,0,0,0,1.0,1,1.0,1,1.0,1,0.14685660271982862,63
1259,0,1665,904,761,0,0,0,1.0,1,1.0,1,1.0,1,0.14685660271982862,63
1260,1,1666,904,762,0,0,0,1.0,1,1.0,1,1.0,1,0.13078364431439266,63
1261,0,1666,904,762,0,0,0,1.0,1,1.0,1,1.0,1,0.13078364431439266,63
1262,3,1669,904,765,0,0,0,1.0,1,1.0,1,1.0,1,0.11324686945495119,64
1263,1,1670,905,765,0,0,0,1.0,1,1.0,1,1.0,1,0.14747055905788442,63
1264,3,1673,905,768,0,0,0,1.0,1,1.0,1,1.0,1,0.11136607107992764,63
1265,3,1676,907,769,0,0,0,1.0,1,1.0,1,1.0,1,0.14790643864295025,60
1266,1,1677,907,770,0,0,0,1.0,1,1.0,1,1.0,1,0.14333855442910182,61
1267,3,1680,907,773,0,0,0,1.0,1,1.0,1,1.0,1,0.12171300369933126,58
1268,1,1681,908,773,0,0,0,1.0,1,1.0,1,1.0,1,0.15992784157137918,54
1269,0,1681,908,773,0,0,0,1.0,1,1.0,1,1.0,1,0.14115259507805936,54
1270,1,1682,908,774,0,0,0,1.0,1,1.0,1,1.0,1,0.11725212981928194,51
1271,0,1682,908,774,0,0,0,1.0,1,1.0,1,1.0,1,0.1335872747886462,50
1272,0,1682,908,774,0,0,0,1.0,1,1.0,1,1.0,1,0.15040577397229363,47
1273,1,1683,908,775,0,0,0,1.0,1,1.0,1,1.0,1,0.13740053569345795,47
1274,1,1684,908,776,0,0,0,1.0,1,1.0,1,1.0,1,0.1480038696475386,49
1275,1,1685,909,776,0,0,0,1.0,1,1.0,1,1.0,1,0.18963195004010647,48
1276,4,1689,910,779,0,0,0,1.0,1,1.0,1,1.0,1,0.20026686660880672,49
1277,5,1694,914,780,0,0,0,1.0,1,1.0,1,1.0,1,0.18469340664044998,50
1278,1,1695,914,781,0,0,0,1.0,1,1.0,1,1.0,1,0.19168379371482877,51
1279,4,1699,914,785,0,0,0,1.0,1,1.0,1,1.0,1,0.15434497700897104,51
1280,2,1701,914,787,0,0,0,1.0,1,1.0,1,1.0,1,0.1278404789192703,52
1281,2,1703,915,788,0,0,0,1.0,1,1.0,1,1.0,1,0.12996368752055817,52
1282,1,1704,915,789,0,0,0,1.0,1,1.0,1,1.0,1,0.1217770725839411,52
1283,1,1705,916,789,0,0,0,1.0,1,1.0,1,1.0,1,0.15829920029067776,52
1284,3,1708,917,791,0,0,0,1.0,1,1.0,1,1.0,1,0.16730768271000923,52
1285,3,1711,917,794,0,0,0,1.0,1,1.0,1,1.0,1,0.16402968190839384,51
1286,0,1711,917,794,0,0,0,1.0,1,1.0,1,1.0,1,0.17575532825565615,52
1287,3,1714,918,796,0,0,0,1.0,1,1.0,1,1.0,1,0.1846851352450078,54
1288,3,1717,918,799,0,0,0,1.0,1,1.0,1,1.0,1,0.15737199750510464,55
1289,2,1719,918,801,0,0,0,1.0,1,1.0,1,1.0,1,0.13072287552347361,56
1290,0,1719,918,801,0,0,0,1.0,1,1.0,1,1.0,1,0.11065936912098744,57
1291,1,1720,918,802,0,0,0,1.0,1,1.0,1,1.0,1,0.1149749382347577,58
1292,0,1720,918,802,0,0,0,1.0,1,1.0,1,1.0,1,0.1086327137783557,59
1293,1,1721,918,803,0,0,0,1.0,1,1.0,1,1.0,1,0.10156463239054564,59
1294,2,1723,919,804,0,0,0,1.0,1,1.0,1,1.0,1,0.08218672295407303,59
1295,0,1723,919,804,0,0,0,1.0,1,1.0,1,1.0,1,0.08218672295407303,59
1296,0,1723,919,804,0,0,0,1.0,1,1.0,1,1.0,1,0.11029142748827145,59
1297,2,1725,919,806,0,0,0,1.0,1,1.0,1,1.0,1,0.09566960479964667,61
1298,1,1726,919,807,0,0,0,1.0,1,1.0,1,1.0,1,0.11089254953311817,61
1299,0,1726,919,807,0,0,0,1.0,1,1.0,1,1.0,1,0.12063519189429049,60
1300,2,1728,919,809,0,0,0,1.0,1,1.0,1,1.0,1,0.10316324829481308,59
1301,1,1729,920,809,0,0,0,1.0,1,1.0,1,1.0,1,0.1487603176560605,59
1302,2,1731,920,811,0,0,0,1.0,1,1.0,1,1.0,1,0.13206317817682287,59
1303,4,1735,923,812,0,0,0,1.0,1,1.0,1,1.0,1,0.15644620922178,55
1304,1,1736,924,812,0,0,0,1.0,1,1.0,1,1.0,1,0.13254659734065116,56
1305,1,1737,925,812,0,0,0,1.0,1,1.0,1,1.0,1,0.15984452068168217,54
1306,2,1739,926,813,0,0,0,1.0,1,1.0,1,1.0,1,0.12869987851936399,53
1307,2,1741,928,813,0,0,0,1.0,1,1.0,1,1.0,1,0.14369076731879762,52
1308,4,1745,930,815,0,0,0,1.0,1,1.0,1,1.0,1,0.18678284764246575,52
1309,4,1749,931,818,0,0,0,1.0,1,1.0,1,1.0,1,0.1813552881118264,54
1310,1,1750,932,818,0,0,0,1.0,1,1.0,1,1.0,1,0.2019644702775817,52
1311,1,1751,932,819,0,0,0,1.0,1,1.0,1,1.0,1,0.1808980114839561,51
1312,2,1753,933,820,0,0,0,1.0,1,1.0,1,1.0,1,0.21378140340456897,49
1313,0,1753,933,820,0,0,0,1.0,1,1.0,1,1.0,1,0.21455948008503917,47
1314,1,1754,933,821,0,0,0,1.0,1,1.0,1,1.0,1,0.18986710970243348,46
1315,0,1754,933,821,0,0,0,1.0,1,1.0,1,1.0,1,0.20088935764928467,45
1316,1,1755,933,822,0,0,0,1.0,1,1.0,1,1.0,1,0.17827487214648566,46
1317,1,1756,933,823,0,0,0,1.0,1,1.0,1,1.0,1,0.1530278701564725,45
1318,2,1758,933,825,0,0,0,1.0,1,1.0,1,1.0,1,0.14327287320787166,46
1319,0,1758,933,825,0,0,0,1.0,1,1.0,1,1.0,1,0.14327287320787166,46
1320,0,1758,933,825,0,0,0,1.0,1,1.0,1,1.0,1,0.14327287320787166,46
1321,1,1759,933,826,0,0,0,1.0,1,1.0,1,1.0,1,0.10910545146401873,48
1322,0,1759,933,826,0,0,0,1.0,1,1.0,1,1.0,1,0.12299329438901598,49
1323,1,1760,933,827,0,0,0,1.0,1,1.0,1,1.0,1,0.1178759106179325,49
1324,2,1762,933,829,0,0,0,1.0,1,1.0,1,1.0,1,0.11478968693173175,50
1325,0,1762,933,829,0,0,0,1.0,1,1.0,1,1.0,1,0.12969687714470332,49
1326,2,1764,934,830,0,0,0,1.0,1,1.0,1,1.0,1,0.17531379384338278,50
1327,5,1769,935,834,0,0,0,1.0,1,1.0,1,1.0,1,0.15756684257792253,50
1328,0,1769,935,834,0,0,0,1.0,1,1.0,1,1.0,1,0.17564856882056434,49
1329,2,1771,935,836,0,0,0,1.0,1,1.0,1,1.0,1,0.15098598737880156,50
1330,2,1773,935,838,0,0,0,1.0,1,1.0,1,1.0,1,0.13565796335000688,50
1331,1,1774,936,838,0,0,0,1.0,1,1.0,1,1.0,1,0.16387892579026955,50
1332,0,1774,936,838,0,0,0,1.0,1,1.0,1,1.0,1,0.1576692048730276,51
1333,2,1776,936,840,0,0,0,1.0,1,1.0,1,1.0,1,0.14107298986042663,52
1334,3,1779,936,843,0,0,0,1.0,1,1.0,1,1.0,1,0.12079121725075442,54
1335,0,1779,936,843,0,0,0,1.0,1,1.0,1,1.0,1,0.12079121725075442,54
1336,1,1780,936,844,0,0,0,1.0,1,1.0,1,1.0,1,0.09985651674944408,56
1337,4,1784,938,846,0,0,0,1.0,1,1.0,1,1.0,1,0.1603513687351103,57
1338,0,1784,938,846,0,0,0,1.0,1,1.0,1,1.0,1,0.1603513687351103,57
1339,4,1788,940,848,0,0,0,1.0,1,1.0,1,1.0,1,0.19090353291071027,58
1340,2,1790,940,850,0,0,0,1.0,1,1.0,1,1.0,1,0.18639820290280723,59
1341,0,1790,940,850,0,0,0,1.0,1,1.0,1,1.0,1,0.16385286172954808,57
1342,0,1790,940,850,0,0,0,1.0,1,1.0,1,1.0,1,0.1498396660464949,57
1343,0,1790,940,850,0,0,0,1.0,1,1.0,1,1.0,1,0.1395819933793537,55
1344,0,1790,940,850,0,0,0,1.0,1,1.0,1,1.0,1,0.12804605063398333,54
1345,1,1791,940,851,0,0,0,1.0,1,1.0,1,1.0,1,0.1208194473722722,53
1346,0,1791,940,851,0,0,0,1.0,1,1.0,1,1.0,1,0.12670051107444627,53
1347,0,1791,940,851,0,0,0,1.0,1,1.0,1,1.0,1,0.1376151724602584,51
1348,1,1792,940,852,0,0,0,1.0,1,1.0,1,1.0,1,0.14632553988089864,52
1349,2,1794,942,852,0,0,0,1.0,1,1.0,1,1.0,1,0.18100646834242864,50
1350,1,1795,943,852,0,0,0,1.0,1,1.0,1,1.0,1,0.16653993572168035,51
1351,1,1796,943,853,0,0,0,1.0,1,1.0,1,1.0,1,0.16764838205633537,50
1352,2,1798,944,854,0,0,0,1.0,1,1.0,1,1.0,1,0.14414530724941885,50
1353,0,1798,944,854,0,0,0,1.0,1,1.0,1,1.0,1,0.14414530724941885,50
1354,3,1801,944,857,0,0,0,1.0,1,1.0,1,1.0,1,0.13748206127556128,51
1355,1,1802,945,857,0,0,0,1.0,1,1.0,1,1.0,1,0.10482047822989278,53
1356,1,1803,946,857,0,0,0,1.0,1,1.0,1,1.0,1,0.14631293528223788,52
1357,1,1804,946,858,0,0,0,1.0,1,1.0,1,1.0,1,0.1451739814566405,52
1358,2,1806,947,859,0,0,0,1.0,1,1.0,1,1.0,1,0.11242747784786017,53
1359,3,1809,949,860,0,0,0,1.0,1,1.0,1,1.0,1,0.1304120362276129,54
1360,1,1810,950,860,0,0,0,1.0,1,1.0,1,1.0,1,0.12477874102182338,55
1361,1,1811,951,860,0,0,0,1.0,1,1.0,1,1.0,1,0.13741706613852733,55
1362,0,1811,951,860,0,0,0,1.0,1,1.0,1,1.0,1,0.11959676982030075,56
1363,0,1811,951,860,0,0,0,1.0,1,1.0,1,1.0,1,0.11959676982030075,56
1364,1,1812,951,861,0,0,0,1.0,1,1.0,1,1.0,1,0.11120088128609554,55
1365,1,1813,951,862,0,0,0,1.0,1,1.0,1,1.0,1,0.1092885887463397,56
1366,2,1815,951,864,0,0,0,1.0,1,1.0,1,1.0,1,0.10359218724021886,57
1367,0,1815,951,864,0,0,0,1.0,1,1.0,1,1.0,1,0.10359218724021886,57
1368,1,1816,951,865,0,0,0,1.0,1,1.0,1,1.0,1,0.10861100972979144,58
1369,4,1820,953,867,0,0,0,1.0,1,1.0,1,1.0,1,0.09985803889131616,59
1370,2,1822,955,867,0,0,0,1.0,1,1.0,1,1.0,1,0.11175639614081966,60
1371,1,1823,955,868,0,0,0,1.0,1,1.0,1,1.0,1,0.09781622391411886,59
1372,3,1826,956,870,0,0,0,1.0,1,1.0,1,1.0,1,0.08161407272862992,59
1373,1,1827,957,870,0,0,0,1.0,1,1.0,1,1.0,1,0.095186204810538,59
1374,1,1828,958,870,0,0,0,1.0,1,1.0,1,1.0,1,0.10148282552176946,59
1375,4,1832,958,874,0,0,0,1.0,1,1.0,1,1.0,1,0.07769080512239117,62
1376,2,1834,959,875,0,0,0,1.0,1,1.0,1,1.0,1,0.10237357974391278,61
1377,1,1835,959,876,0,0,0,1.0,1,1.0,1,1.0,1,0.09976990481307293,63
1378,4,1839,961,878,0,0,0,1.0,1,1.0,1,1.0,1,0.13891019124764092,62
1379,4,1843,964,879,0,0,0,1.0,1,1.0,1,1.0,1,0.19491689726334854,61
1380,1,1844,964,880,0,0,0,1.0,1,1.0,1,1.0,1,0.17524297684927959,60
1381,5,1849,965,884,0,0,0,1.0,1,1.0,1,1.0,1,0.16988591442422415,58
1382,0,1849,965,884,0,0,0,1.0,1,1.0,1,1.0,1,0.15586969800857203,56
1383,1,1850,965,885,0,0,0,1.0,1,1.0,1,1.0,1,0.14411383504455044,57
1384,3,1853,965,888,0,0,0,1.0,1,1.0,1,1.0,1,0.09551199048312958,55
1385,0,1853,965,888,0,0,0,1.0,1,1.0,1,1.0,1,0.10644443593955465,55
1386,0,1853,965,888,0,0,0,1.0,1,1.0,1,1.0,1,0.09563259231938767,54
1387,0,1853,965,888,0,0,0,1.0,1,1.0,1,1.0,1,0.10200012142836982,53
1388,3,1856,967,889,0,0,0,1.0,1,1.0,1,1.0,1,0.12255085457817118,52
1389,0,1856,967,889,0,0,0,1.0,1,1.0,1,1.0,1,0.14688775794755868,52
1390,1,1857,967,890,0,0,0,1.0,1,1.0,1,1.0,1,0.14949899580506926,51
1391,1,1858,967,891,0,0,0,1.0,1,1.0,1,1.0,1,0.15064313529318712,52
1392,0,1858,967,891,0,0,0,1.0,1,1.0,1,1.0,1,0.14041157626233786,51
1393,1,1859,968,891,0,0,0,1.0,1,1.0,1,1.0,1,0.1618409101087176,51
1394,2,1861,968,893,0,0,0,1.0,1,1.0,1,1.0,1,0.1547017526719395,52
1395,0,1861,968,893,0,0,0,1.0,1,1.0,1,1.0,1,0.1547017526719395,52
1396,1,1862,968,894,0,0,0,1.0,1,1.0,1,1.0,1,0.1417271592430392,53
1397,0,1862,968,894,0,0,0,1.0,1,1.0,1,1.0,1,0.1453674841444762,56
1398,1,1863,969,894,0,0,0,1.0,1,1.0,1,1.0,1,0.13845173126380175,56
1399,3,1866,970,896,0,0,0,1.0,1,1.0,1,1.0,1,0.1241493013189103,57
1400,2,1868,972,896,0,0,0,1.0,1,1.0,1,1.0,1,0.13851006941346194,57
1401,0,1868,972,896,0,0,0,1.0,1,1.0,1,1.0,1,0.13851006941346194,57
1402,7,1875,976,899,0,0,0,1.0,1,1.0,1,1.0,1,0.16623780757154588,57
1403,2,1877,976,901,0,0,0,1.0,1,1.0,1,1.0,1,0.1653272028819425,56
1404,2,1879,978,901,0,0,0,1.0,1,1.0,1,1.0,1,0.16531916922647322,58
1405,5,1884,979,905,0,0,0,1.0,1,1.0,1,1.0,1,0.18867059756167284,58
1406,0,1884,979,905,0,0,0,1.0,1,1.0,1,1.0,1,0.18867059756167284,58
1407,0,1884,979,905,0,0,0,1.0,1,1.0,1,1.0,1,0.20890155323676274,57
1408,1,1885,979,906,0,0,0,1.0,1,1.0,1,1.0,1,0.2109925721440899,58
1409,0,1885,979,906,0,0,0,1.0,1,1.0,1,1.0,1,0.20559631711098864,57
1410,1,1886,980,906,0,0,0,1.0,1,1.0,1,1.0,1,0.21134508338361,57
1411,0,1886,980,906,0,0,0,1.0,1,1.0,1,1.0,1,0.22729372861735261,56
1412,0,1886,980,906,0,0,0,1.0,1,1.0,1,1.0,1,0.22699276050283837,55
1413,0,1886,980,906,0,0,0,1.0,1,1.0,1,1.0,1,0.22947958299829105,57
1414,0,1886,980,906,0,0,0,1.0,1,1.0,1,1.0,1,0.22947958299829105,57
1415,1,1887,981,906,0,0,0,1.0,1,1.0,1,1.0,1,0.24745409924411815,60
1416,1,1888,981,907,0,0,0,1.0,1,1.0,1,1.0,1,0.23598776572704308,61
1417,2,1890,981,909,0,0,0,1.0,1,1.0,1,1.0,1,0.19957924977191216,59
1418,2,1892,981,911,0,0,0,1.0,1,1.0,1,1.0,1,0.1827480467279825,60
1419,2,1894,982,912,0,0,0,1.0,1,1.0,1,1.0,1,0.1853840596028006,59
1420,1,1895,982,913,0,0,0,1.0,1,1.0,1,1.0,1,0.16556499957205692,58
1421,1,1896,982,914,0,0,0,1.0,1,1.0,1,1.0,1,0.14374202697731434,57
1422,0,1896,982,914,0,0,0,1.0,1,1.0,1,1.0,1,0.14374202697731434,57
1423,1,1897,982,915,0,0,0,1.0,1,1.0,1,1.0,1,0.12159185718663149,56
1424,0,1897,982,915,0,0,0,1.0,1,1.0,1,1.0,1,0.12913082267379827,57
1425,1,1898,982,916,0,0,0,1.0,1,1.0,1,1.0,1,0.13497529052037963,54
1426,1,1899,982,917,0,0,0,1.0,1,1.0,1,1.0,1,0.14494240373953007,54
1427,1,1900,983,917,0,0,0,1.0,1,1.0,1,1.0,1,0.20152428042867632,53
1428,0,1900,983,917,0,0,0,1.0,1,1.0,1,1.0,1,0.20968287528263163,52
1429,2,1902,983,919,0,0,0,1.0,1,1.0,1,1.0,1,0.1908475089612775,52
1430,2,1904,985,919,0,0,0,1.0,1,1.0,1,1.0,1,0.21648190417610105,51
1431,0,1904,985,919,0,0,0,1.0,1,1.0,1,1.0,1,0.21634649288016494,51
1432,4,1908,987,921,0,0,0,1.0,1,1.0,1,1.0,1,0.19842972947308138,52
1433,0,1908,987,921,0,0,0,1.0,1,1.0,1,1.0,1,0.19842972947308138,52
1434,2,1910,989,921,0,0,0,1.0,1,1.0,1,1.0,1,0.20198401553279705,52
1435,1,1911,990,921,0,0,0,1.0,1,1.0,1,1.0,1,0.22801534275996543,50
1436,3,1914,991,923,0,0,0,1.0,1,1.0,1,1.0,1,0.21782372849264706,50
1437,1,1915,992,923,0,0,0,1.0,1,1.0,1,1.0,1,0.24417577063427173,49
1438,2,1917,993,924,0,0,0,1.0,1,1.0,1,1.0,1,0.24483146674371506,49
1439,1,1918,994,924,0,0,0,1.0,1,1.0,1,1.0,1,0.26482933689055305,50
1440,2,1920,996,924,0,0,0,1.0,1,1.0,1,1.0,1,0.2935549414777403,50
1441,2,1922,997,925,0,0,0,1.0,1,1.0,1,1.0,1,0.28597047819517446,51
1442,0,1922,997,925,0,0,0,1.0,1,1.0,1,1.0,1,0.2980800332897296,50
1443,1,1923,997,926,0,0,0,1.0,1,1.0,1,1.0,1,0.28151413872020203,51
1444,3,1926,997,929,0,0,0,1.0,1,1.0,1,1.0,1,0.2396560643608407,51
1445,4,1930,998,932,0,0,0,1.0,1,1.0,1,1.0,1,0.2465245549883243,51
1446,3,1933,999,934,0,0,0,1.0,1,1.0,1,1.0,1,0.21685086065628803,51
1447,3,1936,999,937,0,0,0,1.0,1,1.0,1,1.0,1,0.17882273138324412,51
1448,3,1939,1000,939,0,0,0,1.0,1,1.0,1,1.0,1,0.13321746484271618,51
1449,0,1939,1000,939,0,0,0,1.0,1,1.0,1,1.0,1,0.13321746484271618,51
1450,2,1941,1000,941,0,0,0,1.0,1,1.0,1,1.0,1,0.1079430319245682,52
1451,1,1942,1001,941,0,0,0,1.0,1,1.0,1,1.0,1,0.10924835381552667,54
1452,2,1944,1001,943,0,0,0,1.0,1,1.0,1,1.0,1,0.11609169447763594,56
1453,4,1948,1003,945,0,0,0,1.0,1,1.0,1,1.0,1,0.14303917399154295,56
1454,2,1950,1003,947,0,0,0,1.0,1,1.0,1,1.0,1,0.14624400088055445,58
1455,2,1952,1005,947,0,0,0,1.0,1,1.0,1,1.0,1,0.18073596426280458,55
1456,4,1956,1005,951,0,0,0,1.0,1,1.0,1,1.0,1,0.15863521302011485,56
1457,2,1958,1006,952,0,0,0,1.0,1,1.0,1,1.0,1,0.19097475423312518,54
1458,1,1959,1007,952,0,0,0,1.0,1,1.0,1,1.0,1,0.19216347772041373,52
1459,2,1961,1007,954,0,0,0,1.0,1,1.0,1,1.0,1,0.18226504939238133,52
1460,1,1962,1007,955,0,0,0,1.0,1,1.0,1,1.0,1,0.15128583685272454,50
1461,2,1964,1008,956,0,0,0,1.0,1,1.0,1,1.0,1,0.1606090972082065,53
1462,1,1965,1009,956,0,0,0,1.0,1,1.0,1,1.0,1,0.17163533732647174,51
1463,1,1966,1009,957,0,0,0,1.0,1,1.0,1,1.0,1,0.17238546423411083,51
1464,0,1966,1009,957,0,0,0,1.0,1,1.0,1,1.0,1,0.17238546423411083,51
1465,2,1968,1009,959,0,0,0,1.0,1,1.0,1,1.0,1,0.13677964374084792,49
1466,1,1969,1010,959,0,0,0,1.0,1,1.0,1,1.0,1,0.1640384415292494,49
1467,2,1971,1011,960,0,0,0,1.0,1,1.0,1,1.0,1,0.1966783659736869,47
1468,2,1973,1012,961,0,0,0,1.0,1,1.0,1,1.0,1,0.21673393661576548,48
1469,1,1974,1013,961,0,0,0,1.0,1,1.0,1,1.0,1,0.2491872337677671,47
1470,1,1975,1013,962,0,0,0,1.0,1,1.0,1,1.0,1,0.22918733682939074,49
1471,2,1977,1013,964,0,0,0,1.0,1,1.0,1,1.0,1,0.23425135725660012,48
1472,0,1977,1013,964,0,0,0,1.0,1,1.0,1,1.0,1,0.22631262737893484,48
1473,0,1977,1013,964,0,0,0,1.0,1,1.0,1,1.0,1,0.23463846209125996,49
1474,1,1978,1013,965,0,0,0,1.0,1,1.0,1,1.0,1,0.22143181313879592,49
1475,0,1978,1013,965,0,0,0,1.0,1,1.0,1,1.0,1,0.22143181313879592,49
1476,1,1979,1013,966,0,0,0,1.0,1,1.0,1,1.0,1,0.2124440131129525,51
1477,0,1979,1013,966,0,0,0,1.0,1,1.0,1,1.0,1,0.2124440131129525,51
1478,3,1982,1013,969,0,0,0,1.0,1,1.0,1,1.0,1,0.16862940515952796,52
1479,2,1984,1013,971,0,0,0,1.0,1,1.0,1,1.0,1,0.15731167350929726,53
1480,3,1987,1014,973,0,0,0,1.0,1,1.0,1,1.0,1,0.15637544917140997,53
1481,1,1988,1014,974,0,0,0,1.0,1,1.0,1,1.0,1,0.1464822221931166,53
1482,1,1989,1015,974,0,0,0,1.0,1,1.0,1,1.0,1,0.18685995741862482,52
1483,1,1990,1015,975,0,0,0,1.0,1,1.0,1,1.0,1,0.17587892921892972,52
1484,4,1994,1015,979,0,0,0,1.0,1,1.0,1,1.0,1,0.16786129936955796,53
1485,0,1994,1015,979,0,0,0,1.0,1,1.0,1,1.0,1,0.16786129936955796,53
1486,5,1999,1015,984,0,0,0,1.0,1,1.0,1,1.0,1,0.15420384886297425,54
1487,1,2000,1015,985,0,0,0,1.0,1,1.0,1,1.0,1,0.15234170667673358,55
1488,1,2001,1015,986,0,0,0,1.0,1,1.0,1,1.0,1,0.15322969536925002,57
1489,2,2003,1015,988,0,0,0,1.0,1,1.0,1,1.0,1,0.12694566361965226,58
1490,0,2003,1015,988,0,0,0,1.0,1,1.0,1,1.0,1,0.12694566361965226,58
1491,1,2004,1016,988,0,0,0,1.0,1,1.0,1,1.0,1,0.15399605532868632,59
1492,2,2006,1016,990,0,0,0,1.0,1,1.0,1,1.0,1,0.13088969481735166,59
1493,1,2007,1017,990,0,0,0,1.0,1,1.0,1,1.0,1,0.13264499275757977,58
1494,1,2008,1018,990,0,0,0,1.0,1,1.0,1,1.0,1,0.1624388578845121,58
1495,1,2009,1019,990,0,0,0,1.0,1,1.0,1,1.0,1,0.17784352471536186,57
1496,0,2009,1019,990,0,0,0,1.0,1,1.0,1,1.0,1,0.16957405811403248,59
1497,2,2011,1020,991,0,0,0,1.0,1,1.0,1,1.0,1,0.1720864474112897,58
1498,2,2013,1021,992,0,0,0,1.0,1,1.0,1,1.0,1,0.1835162374345347,58
1499,0,2013,1021,992,0,0,0,1.0,1,1.0,1,1.0,1,0.1649407812640701,56
1500,1,2014,1021,993,0,0,0,1.0,1,1.0,1,1.0,1,0.16642793814663326,57
1501,0,2014,1021,993,0,0,0,1.0,1,1.0,1,1.0,1,0.1549940493465361,55
1502,0,2014,1021,993,0,0,0,1.0,1,1.0,1,1.0,1,0.15515530586410642,55
1503,2,2016,1022,994,0,0,0,1.0,1,1.0,1,1.0,1,0.1714476797440202,54
1504,1,2017,1022,995,0,0,0,1.0,1,1.0,1,1.0,1,0.12358208671187958,55
1505,1,2018,1022,996,0,0,0,1.0,1,1.0,1,1.0,1,0.12887734831629524,53
1506,0,2018,1022,996,0,0,0,1.0,1,1.0,1,1.0,1,0.1450014124874243,55
1507,3,2021,1022,999,0,0,0,1.0,1,1.0,1,1.0,1,0.13634329339276596,53
1508,1,2022,1022,1000,0,0,0,1.0,1,1.0,1,1.0,1,0.12452042650501852,53
1509,0,2022,1022,1000,0,0,0,1.0,1,1.0,1,1.0,1,0.16083151924949413,52
1510,2,2024,1022,1002,0,0,0,1.0,1,1.0,1,1.0,1,0.1646353619748191,50
1511,0,2024,1022,1002,0,0,0,1.0,1,1.0,1,1.0,1,0.17380400262782658,49
1512,3,2027,1024,1003,0,0,0,1.0,1,1.0,1,1.0,1,0.21775385192814978,48
1513,0,2027,1024,1003,0,0,0,1.0,1,1.0,1,1.0,1,0.25991462541126314,47
1514,2,2029,1024,1005,0,0,0,1.0,1,1.0,1,1.0,1,0.21965149814440602,48
1515,1,2030,1024,1006,0,0,0,1.0,1,1.0,1,1.0,1,0.21171833821699707,48
1516,3,2033,1024,1009,0,0,0,1.0,1,1.0,1,1.0,1,0.18753218380287248,47
1517,1,2034,1024,1010,0,0,0,1.0,1,1.0,1,1.0,1,0.1920898459880427,48
1518,2,2036,1024,1012,0,0,0,1.0,1,1.0,1,1.0,1,0.1688887054609617,48
1519,2,2038,1024,1014,0,0,0,1.0,1,1.0,1,1.0,1,0.1575896216230494,47
1520,0,2038,1024,1014,0,0,0,1.0,1,1.0,1,1.0,1,0.16668268600616484,48
1521,0,2038,1024,1014,0,0,0,1.0,1,1.0,1,1.0,1,0.15896407573212848,49
1522,1,2039,1024,1015,0,0,0,1.0,1,1.0,1,1.0,1,0.14834926445986232,48
1523,1,2040,1024,1016,0,0,0,1.0,1,1.0,1,1.0,1,0.14976564358285,49
1524,1,2041,1025,1016,0,0,0,1.0,1,1.0,1,1.0,1,0.168799098080032,49
1525,0,2041,1025,1016,0,0,0,1.0,1,1.0,1,1.0,1,0.17329858001827728,51
1526,0,2041,1025,1016,0,0,0,1.0,1,1.0,1,1.0,1,0.154450135398736,52
1527,1,2042,1025,1017,0,0,0,1.0,1,1.0,1,1.0,1,0.14807459374803006,54
1528,1,2043,1025,1018,0,0,0,1.0,1,1.0,1,1.0,1,0.12634729428132913,54
1529,0,2043,1025,1018,0,0,0,1.0,1,1.0,1,1.0,1,0.12634729428132913,54
1530,1,2044,1026,1018,0,0,0,1.0,1,1.0,1,1.0,1,0.15388491451428216,54
1531,2,2046,1026,1020,0,0,0,1.0,1,1.0,1,1.0,1,0.11419317338871462,54
1532,2,2048,1027,1021,0,0,0,1.0,1,1.0,1,1.0,1,0.08856941123145315,54
1533,0,2048,1027,1021,0,0,0,1.0,1,1.0,1,1.0,1,0.09221557274000933,54
1534,1,2049,1027,1022,0,0,0,1.0,1,1.0,1,1.0,1,0.06995421570599514,54
1535,0,2049,1027,1022,0,0,0,1.0,1,1.0,1,1.0,1,0.06995421570599514,54
1536,0,2049,1027,1022,0,0,0,1.0,1,1.0,1,1.0,1,0.07997921553377725,55
1537,0,2049,1027,1022,0,0,0,1.0,1,1.0,1,1.0,1,0.08825185465743703,53
1538,1,2050,1027,1023,0,0,0,1.0,1,1.0,1,1.0,1,0.09038477503457219,54
1539,0,2050,1027,1023,0,0,0,1.0,1,1.0,1,1.0,1,0.11184389671578311,54
1540,3,2053,1028,1025,0,0,0,1.0,1,1.0,1,1.0,1,0.09998383908735649,54
1541,1,2054,1028,1026,0,0,0,1.0,1,1.0,1,1.0,1,0.08837819353644402,54
1542,3,2057,1029,1028,0,0,0,1.0,1,1.0,1,1.0,1,0.09027617494864934,57
1543,3,2060,1030,1030,0,0,0,1.0,1,1.0,1,1.0,1,0.10822147569759433,55
1544,3,2063,1032,1031,0,0,0,1.0,1,1.0,1,1.0,1,0.11396281696004426,54
1545,1,2064,1032,1032,0,0,0,1.0,1,1.0,1,1.0,1,0.12052746455613039,54
1546,3,2067,1034,1033,0,0,0,1.0,1,1.0,1,1.0,1,0.10116968976762088,53
1547,2,2069,1036,1033,0,0,0,1.0,1,1.0,1,1.0,1,0.08492541572019531,53
1548,3,2072,1039,1033,0,0,0,1.0,1,1.0,1,1.0,1,0.08907587610304715,54
1549,5,2077,1041,1036,0,0,0,1.0,1,1.0,1,1.0,1,0.08631524581577127,52
1550,4,2081,1044,1037,0,0,0,1.0,1,1.0,1,1.0,1,0.10640831531146829,52
1551,4,2085,1046,1039,0,0,0,1.0,1,1.0,1,1.0,1,0.09948817775578721,52
1552,3,2088,1047,1041,0,0,0,1.0,1,1.0,1,1.0,1,0.11401267495550632,51
1553,2,2090,1047,1043,0,0,0,1.0,1,1.0,1,1.0,1,0.13526971871776006,51
1554,3,2093,1049,1044,0,0,0,1.0,1,1.0,1,1.0,1,0.09499607183174313,51
1555,4,2097,1050,1047,0,0,0,1.0,1,1.0,1,1.0,1,0.08870698203500998,50
1556,2,2099,1052,1047,0,0,0,1.0,1,1.0,1,1.0,1,0.07410323306561123,51
1557,1,2100,1053,1047,0,0,0,1.0,1,1.0,1,1.0,1,0.10547245966591756,51
1558,2,2102,1053,1049,0,0,0,1.0,1,1.0,1,1.0,1,0.08348794201097848,52
1559,1,2103,1054,1049,0,0,0,1.0,1,1.0,1,1.0,1,0.08277251478618879,53
1560,2,2105,1056,1049,0,0,0,1.0,1,1.0,1,1.0,1,0.1023121399487436,51
1561,1,2106,1057,1049,0,0,0,1.0,1,1.0,1,1.0,1,0.12376156993728757,51
1562,1,2107,1057,1050,0,0,0,1.0,1,1.0,1,1.0,1,0.11632509040558749,52
1563,0,2107,1057,1050,0,0,0,1.0,1,1.0,1,1.0,1,0.11632509040558749,52
1564,0,2107,1057,1050,0,0,0,1.0,1,1.0,1,1.0,1,0.1014285289648897,51
1565,2,2109,1057,1052,0,0,0,1.0,1,1.0,1,1.0,1,0.08693232858720487,53
1566,0,2109,1057,1052,0,0,0,1.0,1,1.0,1,1.0,1,0.08348783365749934,53
1567,2,2111,1058,1053,0,0,0,1.0,1,1.0,1,1.0,1,0.058100897216827374,52
1568,1,2112,1059,1053,0,0,0,1.0,1,1.0,1,1.0,1,0.07725468911112313,52
1569,1,2113,1060,1053,0,0,0,1.0,1,1.0,1,1.0,1,0.10628620467279747,49
1570,2,2115,1061,1054,0,0,0,1.0,1,1.0,1,1.0,1,0.10019740568791476,48
1571,2,2117,1063,1054,0,0,0,1.0,1,1.0,1,1.0,1,0.1209178826145849,46
1572,3,2120,1066,1054,0,0,0,1.0,1,1.0,1,1.0,1,0.1205786950669743,47
1573,2,2122,1067,1055,0,0,0,1.0,1,1.0,1,1.0,1,0.11410710738466272,48
1574,2,2124,1069,1055,0,0,0,1.0,1,1.0,1,1.0,1,0.10792973347908018,46
1575,1,2125,1070,1055,0,0,0,1.0,1,1.0,1,1.0,1,0.13440544568553522,47
1576,4,2129,1073,1056,0,0,0,1.0,1,1.0,1,1.0,1,0.08398606742595492,46
1577,0,2129,1073,1056,0,0,0,1.0,1,1.0,1,1.0,1,0.0707157938530937,45
1578,1,2130,1074,1056,0,0,0,1.0,1,1.0,1,1.0,1,0.06624990072098726,44
1579,0,2130,1074,1056,0,0,0,1.0,1,1.0,1,1.0,1,0.06458639499533156,43
1580,0,2130,1074,1056,0,0,0,1.0,1,1.0,1,1.0,1,0.06458639499533156,43
1581,1,2131,1074,1057,0,0,0,1.0,1,1.0,1,1.0,1,0.10129360693874012,42
1582,2,2133,1074,1059,0,0,0,1.0,1,1.0,1,1.0,1,0.056284839155396164,42
1583,0,2133,1074,1059,0,0,0,1.0,1,1.0,1,1.0,1,0.055408044932369005,43
1584,1,2134,1074,1060,0,0,0,1.0,1,1.0,1,1.0,1,0.0643841183081837,41
1585,5,2139,1078,1061,0,0,0,1.0,1,1.0,1,1.0,1,0.06780033945177465,43
1586,1,2140,1079,1061,0,0,0,1.0,1,1.0,1,1.0,1,0.10593031543948182,42
1587,2,2142,1081,1061,0,0,0,1.0,1,1.0,1,1.0,1,0.1445815499105597,42
1588,4,2146,1082,1064,0,0,0,1.0,1,1.0,1,1.0,1,0.1594197828511814,42
1589,1,2147,1083,1064,0,0,0,1.0,1,1.0,1,1.0,1,0.1369194175325356,42
1590,2,2149,1083,1066,0,0,0,1.0,1,1.0,1,1.0,1,0.16489226034036708,41
1591,3,2152,1083,1069,0,0,0,1.0,1,1.0,1,1.0,1,0.11526348166474812,40
1592,0,2152,1083,1069,0,0,0,1.0,1,1.0,1,1.0,1,0.1354673748729293,39
1593,0,2152,1083,1069,0,0,0,1.0,1,1.0,1,1.0,1,0.1437205872601605,39
1594,3,2155,1083,1072,0,0,0,1.0,1,1.0,1,1.0,1,0.1236294246240305,39
1595,2,2157,1083,1074,0,0,0,1.0,1,1.0,1,1.0,1,0.095661445528722,42
1596,0,2157,1083,1074,0,0,0,1.0,1,1.0,1,1.0,1,0.12366527031312452,41
1597,0,2157,1083,1074,0,0,0,1.0,1,1.0,1,1.0,1,0.12366527031312452,41
1598,0,2157,1083,1074,0,0,0,1.0,1,1.0,1,1.0,1,0.1634993142786303,39
1599,2,2159,1085,1074,0,0,0,1.0,1,1.0,1,1.0,1,0.16658378978650165,39
1600,3,2162,1085,1077,0,0,0,1.0,1,1.0,1,1.0,1,0.12146633059665962,40
1601,2,2164,1087,1077,0,0,0,1.0,1,1.0,1,1.0,1,0.16395129283676277,41
1602,0,2164,1087,1077,0,0,0,1.0,1,1.0,1,1.0,1,0.14482257964755582,41
1603,3,2167,1088,1079,0,0,0,1.0,1,1.0,1,1.0,1,0.12338819341806752,43
1604,2,2169,1089,1080,0,0,0,1.0,1,1.0,1,1.0,1,0.12203697342925258,43
1605,2,2171,1090,1081,0,0,0,1.0,1,1.0,1,1.0,1,0.13135788227351958,44
1606,2,2173,1091,1082,0,0,0,1.0,1,1.0,1,1.0,1,0.12888892519418554,44
1607,1,2174,1092,1082,0,0,0,1.0,1,1.0,1,1.0,1,0.10728427283478971,42
1608,0,2174,1092,1082,0,0,0,1.0,1,1.0,1,1.0,1,0.11133822509863033,41
1609,0,2174,1092,1082,0,0,0,1.0,1,1.0,1,1.0,1,0.06919004795205716,39
1610,0,2174,1092,1082,0,0,0,1.0,1,1.0,1,1.0,1,0.02440195464084457,39
1611,0,2174,1092,1082,0,0,0,1.0,1,1.0,1,1.0,1,0.04003129532430896,40
1612,0,2174,1092,1082,0,0,0,1.0,1,1.0,1,1.0,1,0.03630080773734512,39
1613,0,2174,1092,1082,0,0,0,1.0,1,1.0,1,1.0,1,0.03178966372768617,41
1614,2,2176,1094,1082,0,0,0,1.0,1,1.0,1,1.0,1,0.036132439139970676,41
1615,1,2177,1095,1082,0,0,0,1.0,1,1.0,1,1.0,1,0.047886517444065274,41
1616,1,2178,1096,1082,0,0,0,1.0,1,1.0,1,1.0,1,0.04429817101018057,43
1617,1,2179,1097,1082,0,0,0,1.0,1,1.0,1,1.0,1,0.07734768660652065,44
1618,0,2179,1097,1082,0,0,0,1.0,1,1.0,1,1.0,1,0.07734768660652065,44
1619,2,2181,1099,1082,0,0,0,1.0,1,1.0,1,1.0,1,0.127751906327464,44
1620,2,2183,1099,1084,0,0,0,1.0,1,1.0,1,1.0,1,0.12178586993716013,45
1621,1,2184,1099,1085,0,0,0,1.0,1,1.0,1,1.0,1,0.10470204477066576,44
1622,2,2186,1101,1085,0,0,0,1.0,1,1.0,1,1.0,1,0.1282667786777528,44
1623,1,2187,1102,1085,0,0,0,1.0,1,1.0,1,1.0,1,0.14414452378111192,43
1624,2,2189,1103,1086,0,0,0,1.0,1,1.0,1,1.0,1,0.11556600503064501,43
1625,1,2190,1104,1086,0,0,0,1.0,1,1.0,1,1.0,1,0.12320167689952036,43
1626,1,2191,1104,1087,0,0,0,1.0,1,1.0,1,1.0,1,0.1199699842976411,42
1627,2,2193,1105,1088,0,0,0,1.0,1,1.0,1,1.0,1,0.10174458411334539,42
1628,0,2193,1105,1088,0,0,0,1.0,1,1.0,1,1.0,1,0.11597726906045405,42
1629,1,2194,1106,1088,0,0,0,1.0,1,1.0,1,1.0,1,0.11829477100965081,41
1630,2,2196,1107,1089,0,0,0,1.0,1,1.0,1,1.0,1,0.10150819256048152,41
1631,0,2196,1107,1089,0,0,0,1.0,1,1.0,1,1.0,1,0.12656647703115306,40
1632,0,2196,1107,1089,0,0,0,1.0,1,1.0,1,1.0,1,0.1338144363092399,39
1633,1,2197,1107,1090,0,0,0,1.0,1,1.0,1,1.0,1,0.11864365712042271,39
1634,0,2197,1107,1090,0,0,0,1.0,1,1.0,1,1.0,1,0.11864365712042271,39
1635,1,2198,1107,1091,0,0,0,1.0,1,1.0,1,1.0,1,0.11465103726666509,40
1636,1,2199,1107,1092,0,0,0,1.0,1,1.0,1,1.0,1,0.11990420099609568,41
1637,2,2201,1107,1094,0,0,0,1.0,1,1.0,1,1.0,1,0.10611705091132023,41
1638,1,2202,1108,1094,0,0,0,1.0,1,1.0,1,1.0,1,0.13507945144223724,42
1639,2,2204,1109,1095,0,0,0,1.0,1,1.0,1,1.0,1,0.10129535336095853,43
1640,2,2206,1111,1095,0,0,0,1.0,1,1.0,1,1.0,1,0.06561597779899589,43
1641,1,2207,1112,1095,0,0,0,1.0,1,1.0,1,1.0,1,0.05100800267181851,44
1642,6,2213,1116,1097,0,0,0,1.0,1,1.0,1,1.0,1,0.09820853036913331,45
1643,1,2214,1117,1097,0,0,0,1.0,1,1.0,1,1.0,1,0.12755943097912867,44
1644,1,2215,1118,1097,0,0,0,1.0,1,1.0,1,1.0,1,0.1406028533620506,45
1645,1,2216,1119,1097,0,0,0,1.0,1,1.0,1,1.0,1,0.09607344218582675,44
1646,1,2217,1119,1098,0,0,0,1.0,1,1.0,1,1.0,1,0.06705505419841942,43
1647,1,2218,1120,1098,0,0,0,1.0,1,1.0,1,1.0,1,0.10659658334926839,43
1648,0,2218,1120,1098,0,0,0,1.0,1,1.0,1,1.0,1,0.1273872827677049,42
1649,0,2218,1120,1098,0,0,0,1.0,1,1.0,1,1.0,1,0.15311333328080773,41
1650,0,2218,1120,1098,0,0,0,1.0,1,1.0,1,1.0,1,0.15311333328080773,41
1651,1,2219,1120,1099,0,0,0,1.0,1,1.0,1,1.0,1,0.11879538444718526,40
1652,1,2220,1120,1100,0,0,0,1.0,1,1.0,1,1.0,1,0.0768931283455129,39
1653,1,2221,1120,1101,0,0,0,1.0,1,1.0,1,1.0,1,0.08021642137619496,39
1654,1,2222,1120,1102,0,0,0,1.0,1,1.0,1,1.0,1,0.03550173165291225,39
1655,2,2224,1122,1102,0,0,0,1.0,1,1.0,1,1.0,1,0.07979397323583085,40
1656,1,2225,1123,1102,0,0,0,1.0,1,1.0,1,1.0,1,0.1258807358141605,40
1657,1,2226,1124,1102,0,0,0,1.0,1,1.0,1,1.0,1,0.11538401227228418,40
1658,1,2227,1125,1102,0,0,0,1.0,1,1.0,1,1.0,1,0.10889835329748929,40
1659,4,2231,1128,1103,0,0,0,1.0,1,1.0,1,1.0,1,0.16662625530592187,40
1660,4,2235,1130,1105,0,0,0,1.0,1,1.0,1,1.0,1,0.07200711056432316,41
1661,2,2237,1131,1106,0,0,0,1.0,1,1.0,1,1.0,1,0.09468684645764387,42
1662,2,2239,1132,1107,0,0,0,1.0,1,1.0,1,1.0,1,0.02883515092533946,44
1663,1,2240,1133,1107,0,0,0,1.0,1,1.0,1,1.0,1,0.07715660683009644,43
1664,1,2241,1134,1107,0,0,0,1.0,1,1.0,1,1.0,1,0.07138172471142581,42
1665,1,2242,1135,1107,0,0,0,1.0,1,1.0,1,1.0,1,0.09185201009318067,42
1666,2,2244,1137,1107,0,0,0,1.0,1,1.0,1,1.0,1,0.07823372091403483,43
1667,2,2246,1139,1107,0,0,0,1.0,1,1.0,1,1.0,1,0.06590369731664059,40
1668,0,2246,1139,1107,0,0,0,1.0,1,1.0,1,1.0,1,0.07405897226705156,40
1669,3,2249,1142,1107,0,0,0,1.0,1,1.0,1,1.0,1,0.10449475653590563,40
1670,1,2250,1143,1107,0,0,0,1.0,1,1.0,1,1.0,1,0.11668515963963365,39
1671,1,2251,1144,1107,0,0,0,1.0,1,1.0,1,1.0,1,0.1322865319981519,39
1672,3,2254,1146,1108,0,0,0,1.0,1,1.0,1,1.0,1,0.15949089553003473,38
1673,2,2256,1148,1108,0,0,0,1.0,1,1.0,1,1.0,1,0.18779648973708915,38
1674,2,2258,1149,1109,0,0,0,1.0,1,1.0,1,1.0,1,0.1730859021683281,38
1675,0,2258,1149,1109,0,0,0,1.0,1,1.0,1,1.0,1,0.1516199550515252,39
1676,1,2259,1149,1110,0,0,0,1.0,1,1.0,1,1.0,1,0.1565389154355378,39
1677,0,2259,1149,1110,0,0,0,1.0,1,1.0,1,1.0,1,0.13932715486193242,40
1678,2,2261,1150,1111,0,0,0,1.0,1,1.0,1,1.0,1,0.1652910947743615,39
1679,0,2261,1150,1111,0,0,0,1.0,1,1.0,1,1.0,1,0.1652910947743615,39
1680,1,2262,1151,1111,0,0,0,1.0,1,1.0,1,1.0,1,0.1822004171853327,40
1681,1,2263,1152,1111,0,0,0,1.0,1,1.0,1,1.0,1,0.16818398945211957,41
1682,3,2266,1152,1114,0,0,0,1.0,1,1.0,1,1.0,1,0.11189556567017522,40
1683,5,2271,1156,1115,0,0,0,1.0,1,1.0,1,1.0,1,0.11521102272299669,43
1684,2,2273,1157,1116,0,0,0,1.0,1,1.0,1,1.0,1,0.14764833677979236,42
1685,2,2275,1159,1116,0,0,0,1.0,1,1.0,1,1.0,1,0.11868960317332171,41
1686,0,2275,1159,1116,0,0,0,1.0,1,1.0,1,1.0,1,0.1102753773548536,39
1687,5,2280,1163,1117,0,0,0,1.0,1,1.0,1,1.0,1,0.1516347821167051,41
1688,0,2280,1163,1117,0,0,0,1.0,1,1.0,1,1.0,1,0.128401498565509,39
1689,3,2283,1166,1117,0,0,0,1.0,1,1.0,1,1.0,1,0.13230800886480973,37
1690,1,2284,1166,1118,0,0,0,1.0,1,1.0,1,1.0,1,0.12321432921726223,36
1691,2,2286,1167,1119,0,0,0,1.0,1,1.0,1,1.0,1,0.14159305970137384,36
1692,0,2286,1167,1119,0,0,0,1.0,1,1.0,1,1.0,1,0.13520999551745538,34
1693,1,2287,1168,1119,0,0,0,1.0,1,1.0,1,1.0,1,0.10877586341614455,33
1694,2,2289,1169,1120,0,0,0,1.0,1,1.0,1,1.0,1,0.1294679136232631,32
1695,1,2290,1169,1121,0,0,0,1.0,1,1.0,1,1.0,1,0.09040769390778004,32
1696,2,2292,1170,1122,0,0,0,1.0,1,1.0,1,1.0,1,0.11553528053123102,34
1697,1,2293,1171,1122,0,0,0,1.0,1,1.0,1,1.0,1,0.1490364184251396,34
1698,5,2298,1173,1125,0,0,0,1.0,1,1.0,1,1.0,1,0.09198221306274788,36
1699,1,2299,1174,1125,0,0,0,1.0,1,1.0,1,1.0,1,0.1332209830919498,36
1700,0,2299,1174,1125,0,0,0,1.0,1,1.0,1,1.0,1,0.15475160168587437,37
1701,0,2299,1174,1125,0,0,0,1.0,1,1.0,1,1.0,1,0.1436649481152099,39
1702,0,2299,1174,1125,0,0,0,1.0,1,1.0,1,1.0,1,0.1436649481152099,39
1703,1,2300,1175,1125,0,0,0,1.0,1,1.0,1,1.0,1,0.15485544748396615,38
1704,0,2300,1175,1125,0,0,0,1.0,1,1.0,1,1.0,1,0.11849073272829165,38
1705,3,2303,1177,1126,0,0,0,1.0,1,1.0,1,1.0,1,0.12636539614176678,37
1706,3,2306,1178,1128,0,0,0,1.0,1,1.0,1,1.0,1,0.08277341238935419,37
1707,1,2307,1179,1128,0,0,0,1.0,1,1.0,1,1.0,1,0.1174240735253393,36
1708,3,2310,1179,1131,0,0,0,1.0,1,1.0,1,1.0,1,0.07356773910588142,34
1709,0,2310,1179,1131,0,0,0,1.0,1,1.0,1,1.0,1,0.07356773910588142,34
1710,4,2314,1182,1132,0,0,0,1.0,1,1.0,1,1.0,1,0.20942249036538,33
1711,1,2315,1182,1133,0,0,0,1.0,1,1.0,1,1.0,1,0.16019018244646627,32
1712,1,2316,1183,1133,0,0,0,1.0,1,1.0,1,1.0,1,0.20527660383395627,31
1713,0,2316,1183,1133,0,0,0,1.0,1,1.0,1,1.0,1,0.20698783661889114,32
1714,1,2317,1183,1134,0,0,0,1.0,1,1.0,1,1.0,1,0.1909976091383488,32
1715,0,2317,1183,1134,0,0,0,1.0,1,1.0,1,1.0,1,0.1909976091383488,32
1716,3,2320,1184,1136,0,0,0,1.0,1,1.0,1,1.0,1,0.12748586239926513,34
1717,1,2321,1184,1137,0,0,0,1.0,1,1.0,1,1.0,1,0.08986821862208737,34
1718,1,2322,1184,1138,0,0,0,1.0,1,1.0,1,1.0,1,0.10223542721764858,34
1719,1,2323,1185,1138,0,0,0,1.0,1,1.0,1,1.0,1,0.1475058846582013,34
1720,1,2324,1186,1138,0,0,0,1.0,1,1.0,1,1.0,1,0.15951736124263133,34
1721,3,2327,1187,1140,0,0,0,1.0,1,1.0,1,1.0,1,0.15659675595413944,35
1722,0,2327,1187,1140,0,0,0,1.0,1,1.0,1,1.0,1,0.13140964343654382,35
1723,0,2327,1187,1140,0,0,0,1.0,1,1.0,1,1.0,1,0.11449552163849795,34
1724,0,2327,1187,1140,0,0,0,1.0,1,1.0,1,1.0,1,0.09376571384854343,33
1725,1,2328,1188,1140,0,0,0,1.0,1,1.0,1,1.0,1,0.07436717165926876,35
1726,1,2329,1188,1141,0,0,0,1.0,1,1.0,1,1.0,1,0.06822126120454783,34
1727,0,2329,1188,1141,0,0,0,1.0,1,1.0,1,1.0,1,0.06822126120454783,34
1728,1,2330,1189,1141,0,0,0,1.0,1,1.0,1,1.0,1,0.053283365221344886,35
1729,1,2331,1190,1141,0,0,0,1.0,1,1.0,1,1.0,1,0.06095432773552869,35
1730,0,2331,1190,1141,0,0,0,1.0,1,1.0,1,1.0,1,0.06095432773552869,35
1731,1,2332,1191,1141,0,0,0,1.0,1,1.0,1,1.0,1,0.13667307490710182,35
1732,1,2333,1191,1142,0,0,0,1.0,1,1.0,1,1.0,1,0.10593989140691758,35
1733,0,2333,1191,1142,0,0,0,1.0,1,1.0,1,1.0,1,0.12075062457308536,33
1734,1,2334,1192,1142,0,0,0,1.0,1,1.0,1,1.0,1,0.12652996735994965,34
1735,0,2334,1192,1142,0,0,0,1.0,1,1.0,1,1.0,1,0.155309791775204,33
1736,3,2337,1195,1142,0,0,0,1.0,1,1.0,1,1.0,1,0.18034101378006925,33
1737,1,2338,1195,1143,0,0,0,1.0,1,1.0,1,1.0,1,0.15531876385422216,35
1738,2,2340,1196,1144,0,0,0,1.0,1,1.0,1,1.0,1,0.11464807232608837,36
1739,2,2342,1198,1144,0,0,0,1.0,1,1.0,1,1.0,1,0.10375738677960926,36
1740,2,2344,1199,1145,0,0,0,1.0,1,1.0,1,1.0,1,0.09008082099927986,37
1741,0,2344,1199,1145,0,0,0,1.0,1,1.0,1,1.0,1,0.09740414724491672,36
1742,0,2344,1199,1145,0,0,0,1.0,1,1.0,1,1.0,1,0.09740414724491672,36
1743,3,2347,1201,1146,0,0,0,1.0,1,1.0,1,1.0,1,0.13173015301666544,37
1744,2,2349,1201,1148,0,0,0,1.0,1,1.0,1,1.0,1,0.10560433508653722,37
1745,4,2353,1205,1148,0,0,0,1.0,1,1.0,1,1.0,1,0.2286479575413359,38
1746,3,2356,1205,1151,0,0,0,1.0,1,1.0,1,1.0,1,0.18976569054532344,38
1747,4,2360,1206,1154,0,0,0,1.0,1,1.0,1,1.0,1,0.17903710537835815,37
1748,1,2361,1206,1155,0,0,0,1.0,1,1.0,1,1.0,1,0.1707504777445608,38
1749,0,2361,1206,1155,0,0,0,1.0,1,1.0,1,1.0,1,0.1707504777445608,38
1750,1,2362,1206,1156,0,0,0,1.0,1,1.0,1,1.0,1,0.17749685937022416,39
1751,0,2362,1206,1156,0,0,0,1.0,1,1.0,1,1.0,1,0.16997439435420003,41
1752,1,2363,1207,1156,0,0,0,1.0,1,1.0,1,1.0,1,0.16032592764334405,41
1753,1,2364,1207,1157,0,0,0,1.0,1,1.0,1,1.0,1,0.1590972455430606,41
1754,2,2366,1208,1158,0,0,0,1.0,1,1.0,1,1.0,1,0.1387987896091381,40
1755,0,2366,1208,1158,0,0,0,1.0,1,1.0,1,1.0,1,0.14087165194233534,41
1756,2,2368,1208,1160,0,0,0,1.0,1,1.0,1,1.0,1,0.15262576625124116,41
1757,0,2368,1208,1160,0,0,0,1.0,1,1.0,1,1.0,1,0.16891015184606267,40
1758,1,2369,1208,1161,0,0,0,1.0,1,1.0,1,1.0,1,0.14621350051078,41
1759,1,2370,1209,1161,0,0,0,1.0,1,1.0,1,1.0,1,0.18169870964900844,38
1760,1,2371,1210,1161,0,0,0,1.0,1,1.0,1,1.0,1,0.17030344295704206,38
1761,3,2374,1211,1163,0,0,0,1.0,1,1.0,1,1.0,1,0.17520226509192036,37
1762,2,2376,1212,1164,0,0,0,1.0,1,1.0,1,1.0,1,0.16550096023024488,37
1763,3,2379,1214,1165,0,0,0,1.0,1,1.0,1,1.0,1,0.15425885939892994,37
1764,3,2382,1215,1167,0,0,0,1.0,1,1.0,1,1.0,1,0.147812470164165,36
1765,3,2385,1217,1168,0,0,0,1.0,1,1.0,1,1.0,1,0.21248887983985493,36
1766,3,2388,1218,1170,0,0,0,1.0,1,1.0,1,1.0,1,0.17954924798037158,37
1767,1,2389,1219,1170,0,0,0,1.0,1,1.0,1,1.0,1,0.21686234604921753,37
1768,1,2390,1219,1171,0,0,0,1.0,1,1.0,1,1.0,1,0.15774818561011592,37
1769,1,2391,1220,1171,0,0,0,1.0,1,1.0,1,1.0,1,0.15955835270033708,38
1770,2,2393,1221,1172,0,0,0,1.0,1,1.0,1,1.0,1,0.1805540662144605,39
1771,1,2394,1221,1173,0,0,0,1.0,1,1.0,1,1.0,1,0.1585560941446078,39
1772,0,2394,1221,1173,0,0,0,1.0,1,1.0,1,1.0,1,0.1585560941446078,39
1773,2,2396,1222,1174,0,0,0,1.0,1,1.0,1,1.0,1,0.11757353172539,41
1774,3,2399,1223,1176,0,0,0,1.0,1,1.0,1,1.0,1,0.09646146748729845,41
1775,0,2399,1223,1176,0,0,0,1.0,1,1.0,1,1.0,1,0.10118366251170814,42
1776,1,2400,1224,1176,0,0,0,1.0,1,1.0,1,1.0,1,0.10926434651445958,43
1777,1,2401,1224,1177,0,0,0,1.0,1,1.0,1,1.0,1,0.08529213610510755,43
1778,0,2401,1224,1177,0,0,0,1.0,1,1.0,1,1.0,1,0.10074794399830936,44
1779,1,2402,1224,1178,0,0,0,1.0,1,1.0,1,1.0,1,0.090492186664815,46
1780,1,2403,1224,1179,0,0,0,1.0,1,1.0,1,1.0,1,0.08072441159338789,46
1781,0,2403,1224,1179,0,0,0,1.0,1,1.0,1,1.0,1,0.08072441159338789,46
1782,0,2403,1224,1179,0,0,0,1.0,1,1.0,1,1.0,1,0.08823240200147202,46
1783,0,2403,1224,1179,0,0,0,1.0,1,1.0,1,1.0,1,0.10357804965254663,44
1784,0,2403,1224,1179,0,0,0,1.0,1,1.0,1,1.0,1,0.0841951884510598,45
1785,1,2404,1225,1179,0,0,0,1.0,1,1.0,1,1.0,1,0.10866446201859223,42
1786,2,2406,1226,1180,0,0,0,1.0,1,1.0,1,1.0,1,0.10333721379801585,43
1787,1,2407,1227,1180,0,0,0,1.0,1,1.0,1,1.0,1,0.12108714635458477,41
1788,1,2408,1227,1181,0,0,0,1.0,1,1.0,1,1.0,1,0.16089560433293595,41
1789,2,2410,1227,1183,0,0,0,1.0,1,1.0,1,1.0,1,0.14502926190478685,41
1790,2,2412,1229,1183,0,0,0,1.0,1,1.0,1,1.0,1,0.1486134450624487,41
1791,2,2414,1230,1184,0,0,0,1.0,1,1.0,1,1.0,1,0.12289358756640688,40
1792,4,2418,1234,1184,0,0,0,1.0,1,1.0,1,1.0,1,0.10595900244369144,40
1793,2,2420,1235,1185,0,0,0,1.0,1,1.0,1,1.0,1,0.08682100939437032,41
1794,0,2420,1235,1185,0,0,0,1.0,1,1.0,1,1.0,1,0.08682100939437032,41
1795,7,2427,1239,1188,0,0,0,1.0,1,1.0,1,1.0,1,0.0870828435031454,40
1796,1,2428,1240,1188,0,0,0,1.0,1,1.0,1,1.0,1,0.10004332202485841,40
1797,1,2429,1241,1188,0,0,0,1.0,1,1.0,1,1.0,1,0.11660220829508518,37
1798,2,2431,1242,1189,0,0,0,1.0,1,1.0,1,1.0,1,0.13145185505787468,37
1799,0,2431,1242,1189,0,0,0,1.0,1,1.0,1,1.0,1,0.11567721903729707,36
1800,0,2431,1242,1189,0,0,0,1.0,1,1.0,1,1.0,1,0.11567721903729707,36
1801,0,2431,1242,1189,0,0,0,1.0,1,1.0,1,1.0,1,0.09230384443768734,34
1802,1,2432,1243,1189,0,0,0,1.0,1,1.0,1,1.0,1,0.07524833803033067,33
1803,2,2434,1245,1189,0,0,0,1.0,1,1.0,1,1.0,1,0.09634717788700771,33
1804,1,2435,1246,1189,0,0,0,1.0,1,1.0,1,1.0,1,0.1389548243477045,33
1805,3,2438,1248,1190,0,0,0,1.0,1,1.0,1,1.0,1,0.12387994441361011,35
1806,1,2439,1249,1190,0,0,0,1.0,1,1.0,1,1.0,1,0.15249231020960685,35
1807,2,2441,1249,1192,0,0,0,1.0,1,1.0,1,1.0,1,0.07111115637171106,35
1808,0,2441,1249,1192,0,0,0,1.0,1,1.0,1,1.0,1,0.03671330994318742,36
1809,0,2441,1249,1192,0,0,0,1.0,1,1.0,1,1.0,1,0.03465641165155875,36
1810,3,2444,1251,1193,0,0,0,1.0,1,1.0,1,1.0,1,0.11262710588850351,35
1811,1,2445,1252,1193,0,0,0,1.0,1,1.0,1,1.0,1,0.19105716292337402,36
1812,3,2448,1252,1196,0,0,0,1.0,1,1.0,1,1.0,1,0.1401703493191329,36
1813,1,2449,1252,1197,0,0,0,1.0,1,1.0,1,1.0,1,0.10782890390236784,36
1814,0,2449,1252,1197,0,0,0,1.0,1,1.0,1,1.0,1,0.11453990058177309,34
1815,0,2449,1252,1197,0,0,0,1.0,1,1.0,1,1.0,1,0.11723715386005015,35
1816,0,2449,1252,1197,0,0,0,1.0,1,1.0,1,1.0,1,0.12589048666244862,34
1817,1,2450,1253,1197,0,0,0,1.0,1,1.0,1,1.0,1,0.09820696472230746,34
1818,0,2450,1253,1197,0,0,0,1.0,1,1.0,1,1.0,1,0.09820696472230746,34
1819,2,2452,1255,1197,0,0,0,1.0,1,1.0,1,1.0,1,0.09799366802725572,35
1820,1,2453,1255,1198,0,0,0,1.0,1,1.0,1,1.0,1,0.04576451483298954,36
1821,0,2453,1255,1198,0,0,0,1.0,1,1.0,1,1.0,1,0.04576451483298954,36
1822,1,2454,1256,1198,0,0,0,1.0,1,1.0,1,1.0,1,0.06638792688868798,37
1823,1,2455,1257,1198,0,0,0,1.0,1,1.0,1,1.0,1,0.09189976896068443,38
1824,1,2456,1258,1198,0,0,0,1.0,1,1.0,1,1.0,1,0.08337450389499394,37
1825,1,2457,1259,1198,0,0,0,1.0,1,1.0,1,1.0,1,0.12204768149315508,36
1826,1,2458,1260,1198,0,0,0,1.0,1,1.0,1,1.0,1,0.12796063004863384,35
1827,2,2460,1261,1199,0,0,0,1.0,1,1.0,1,1.0,1,0.11919343051136547,35
1828,3,2463,1261,1202,0,0,0,1.0,1,1.0,1,1.0,1,0.058264517030414964,33
1829,0,2463,1261,1202,0,0,0,1.0,1,1.0,1,1.0,1,0.10814681290137583,32
1830,1,2464,1262,1202,0,0,0,1.0,1,1.0,1,1.0,1,0.10286431036957835,32
1831,2,2466,1263,1203,0,0,0,1.0,1,1.0,1,1.0,1,0.15200400850790227,30
1832,0,2466,1263,1203,0,0,0,1.0,1,1.0,1,1.0,1,0.15200400850790227,30
1833,2,2468,1264,1204,0,0,0,1.0,1,1.0,1,1.0,1,0.19323543450992473,29
1834,2,2470,1265,1205,0,0,0,1.0,1,1.0,1,1.0,1,0.16523448471186977,28
1835,3,2473,1267,1206,0,0,0,1.0,1,1.0,1,1.0,1,0.20037608599026444,28
1836,1,2474,1267,1207,0,0,0,1.0,1,1.0,1,1.0,1,0.18119971588278996,29
1837,4,2478,1268,1210,0,0,0,1.0,1,1.0,1,1.0,1,0.17401881500245023,28
1838,0,2478,1268,1210,0,0,0,1.0,1,1.0,1,1.0,1,0.13559149468034434,28
1839,0,2478,1268,1210,0,0,0,1.0,1,1.0,1,1.0,1,0.14857513250125098,27
1840,1,2479,1268,1211,0,0,0,1.0,1,1.0,1,1.0,1,0.20005533681201249,26
1841,0,2479,1268,1211,0,0,0,1.0,1,1.0,1,1.0,1,0.19851750333969978,25
1842,2,2481,1269,1212,0,0,0,1.0,1,1.0,1,1.0,1,0.13014822024008835,26
1843,1,2482,1269,1213,0,0,0,1.0,1,1.0,1,1.0,1,0.10492048494616031,26
1844,0,2482,1269,1213,0,0,0,1.0,1,1.0,1,1.0,1,0.10492048494616031,26
1845,0,2482,1269,1213,0,0,0,1.0,1,1.0,1,1.0,1,0.10492048494616031,26
1846,2,2484,1271,1213,0,0,0,1.0,1,1.0,1,1.0,1,0.12991342183846175,26
1847,1,2485,1271,1214,0,0,0,1.0,1,1.0,1,1.0,1,0.11023231661219092,26
1848,0,2485,1271,1214,0,0,0,1.0,1,1.0,1,1.0,1,0.1156028548995758,27
1849,1,2486,1271,1215,0,0,0,1.0,1,1.0,1,1.0,1,0.07251985675309901,27
1850,0,2486,1271,1215,0,0,0,1.0,1,1.0,1,1.0,1,0.09662214844184307,28
1851,0,2486,1271,1215,0,0,0,1.0,1,1.0,1,1.0,1,0.09662214844184307,28
1852,0,2486,1271,1215,0,0,0,1.0,1,1.0,1,1.0,1,0.09662214844184307,28
1853,0,2486,1271,1215,0,0,0,1.0,1,1.0,1,1.0,1,0.1265539620947804,27
1854,0,2486,1271,1215,0,0,0,1.0,1,1.0,1,1.0,1,0.13166396489691862,28
1855,0,2486,1271,1215,0,0,0,1.0,1,1.0,1,1.0,1,0.13166396489691862,28
1856,4,2490,1274,1216,0,0,0,1.0,1,1.0,1,1.0,1,0.18369415825599425,30
1857,4,2494,1274,1220,0,0,0,1.0,1,1.0,1,1.0,1,0.15052362413327183,31
1858,4,2498,1276,1222,0,0,0,1.0,1,1.0,1,1.0,1,0.21899655433989135,31
1859,0,2498,1276,1222,0,0,0,1.0,1,1.0,1,1.0,1,0.21899655433989135,31
1860,0,2498,1276,1222,0,0,0,1.0,1,1.0,1,1.0,1,0.21899655433989135,31
1861,0,2498,1276,1222,0,0,0,1.0,1,1.0,1,1.0,1,0.21899655433989135,31
1862,3,2501,1278,1223,0,0,0,1.0,1,1.0,1,1.0,1,0.2177348655012648,31
1863,0,2501,1278,1223,0,0,0,1.0,1,1.0,1,1.0,1,0.20644043504349113,31
1864,1,2502,1279,1223,0,0,0,1.0,1,1.0,1,1.0,1,0.17724307284550692,30
1865,1,2503,1280,1223,0,0,0,1.0,1,1.0,1,1.0,1,0.14890007780838244,27
1866,1,2504,1281,1223,0,0,0,1.0,1,1.0,1,1.0,1,0.15449623055264872,28
1867,1,2505,1281,1224,0,0,0,1.0,1,1.0,1,1.0,1,0.13149003836619877,26
1868,2,2507,1282,1225,0,0,0,1.0,1,1.0,1,1.0,1,0.16229226485006057,26
1869,0,2507,1282,1225,0,0,0,1.0,1,1.0,1,1.0,1,0.17524609133058874,25
1870,1,2508,1283,1225,0,0,0,1.0,1,1.0,1,1.0,1,0.15227816788312293,25
1871,0,2508,1283,1225,0,0,0,1.0,1,1.0,1,1.0,1,0.15597683262622025,26
1872,0,2508,1283,1225,0,0,0,1.0,1,1.0,1,1.0,1,0.1414440828795119,25
1873,0,2508,1283,1225,0,0,0,1.0,1,1.0,1,1.0,1,0.15865847599810456,23
1874,2,2510,1284,1226,0,0,0,1.0,1,1.0,1,1.0,1,0.1157264686489246,23
1875,0,2510,1284,1226,0,0,0,1.0,1,1.0,1,1.0,1,0.14461562004017137,21
1876,2,2512,1285,1227,0,0,0,1.0,1,1.0,1,1.0,1,0.15952220343886622,24
1877,1,2513,1286,1227,0,0,0,1.0,1,1.0,1,1.0,1,0.17946227947658355,24
1878,2,2515,1287,1228,0,0,0,1.0,1,1.0,1,1.0,1,0.09652353531066052,26
1879,0,2515,1287,1228,0,0,0,1.0,1,1.0,1,1.0,1,0.09652353531066052,26
1880,0,2515,1287,1228,0,0,0,1.0,1,1.0,1,1.0,1,0.09652353531066052,26
1881,0,2515,1287,1228,0,0,0,1.0,1,1.0,1,1.0,1,0.09652353531066052,26
1882,0,2515,1287,1228,0,0,0,1.0,1,1.0,1,1.0,1,0.11998987998746834,25
1883,0,2515,1287,1228,0,0,0,1.0,1,1.0,1,1.0,1,0.11998987998746834,25
1884,0,2515,1287,1228,0,0,0,1.0,1,1.0,1,1.0,1,0.11998987998746834,25
1885,0,2515,1287,1228,0,0,0,1.0,1,1.0,1,1.0,1,0.11998987998746834,25
1886,0,2515,1287,1228,0,0,0,1.0,1,1.0,1,1.0,1,0.07907489998089698,26
1887,0,2515,1287,1228,0,0,0,1.0,1,1.0,1,1.0,1,0.07907489998089698,26
1888,1,2516,1288,1228,0,0,0,1.0,1,1.0,1,1.0,1,0.10740691902712408,27
1889,0,2516,1288,1228,0,0,0,1.0,1,1.0,1,1.0,1,0.1361604967646164,28
1890,0,2516,1288,1228,0,0,0,1.0,1,1.0,1,1.0,1,0.1361604967646164,28
1891,1,2517,1288,1229,0,0,0,1.0,1,1.0,1,1.0,1,0.13084228750868476,29
1892,0,2517,1288,1229,0,0,0,1.0,1,1.0,1,1.0,1,0.13084228750868476,29
1893,0,2517,1288,1229,0,0,0,1.0,1,1.0,1,1.0,1,0.13084228750868476,29
1894,0,2517,1288,1229,0,0,0,1.0,1,1.0,1,1.0,1,0.13084228750868476,29
1895,2,2519,1289,1230,0,0,0,1.0,1,1.0,1,1.0,1,0.10533214911706251,31
1896,2,2521,1290,1231,0,0,0,1.0,1,1.0,1,1.0,1,0.08127696493691473,31
1897,0,2521,1290,1231,0,0,0,1.0,1,1.0,1,1.0,1,0.08127696493691473,31
1898,0,2521,1290,1231,0,0,0,1.0,1,1.0,1,1.0,1,0.08127696493691473,31
1899,0,2521,1290,1231,0,0,0,1.0,1,1.0,1,1.0,1,0.08062122469960403,32
1900,0,2521,1290,1231,0,0,0,1.0,1,1.0,1,1.0,1,0.08062122469960403,32
1901,0,2521,1290,1231,0,0,0,1.0,1,1.0,1,1.0,1,0.08062122469960403,32
1902,1,2522,1291,1231,0,0,0,1.0,1,1.0,1,1.0,1,0.10295707182191596,32
1903,0,2522,1291,1231,0,0,0,1.0,1,1.0,1,1.0,1,0.10295707182191596,32
1904,0,2522,1291,1231,0,0,0,1.0,1,1.0,1,1.0,1,0.06904989634339213,34
1905,0,2522,1291,1231,0,0,0,1.0,1,1.0,1,1.0,1,0.06904989634339213,34
1906,0,2522,1291,1231,0,0,0,1.0,1,1.0,1,1.0,1,0.08226524340603258,35
1907,0,2522,1291,1231,0,0,0,1.0,1,1.0,1,1.0,1,0.08083092833517817,36
1908,0,2522,1291,1231,0,0,0,1.0,1,1.0,1,1.0,1,0.08083092833517817,36
1909,0,2522,1291,1231,0,0,0,1.0,1,1.0,1,1.0,1,0.08348419694767842,37
1910,1,2523,1291,1232,0,0,0,1.0,1,1.0,1,1.0,1,0.055443769087220506,38
1911,0,2523,1291,1232,0,0,0,1.0,1,1.0,1,1.0,1,0.049792590532484894,37
1912,2,2525,1293,1232,0,0,0,1.0,1,1.0,1,1.0,1,0.05746015007171087,37
1913,0,2525,1293,1232,0,0,0,1.0,1,1.0,1,1.0,1,0.07322761335915927,36
1914,3,2528,1296,1232,0,0,0,1.0,1,1.0,1,1.0,1,0.11799371325582875,37
1915,2,2530,1297,1233,0,0,0,1.0,1,1.0,1,1.0,1,0.09559341260469204,37
1916,2,2532,1298,1234,0,0,0,1.0,1,1.0,1,1.0,1,0.13222363721067087,39
1917,4,2536,1300,1236,0,0,0,1.0,1,1.0,1,1.0,1,0.20857221579271887,38
1918,5,2541,1302,1239,0,0,0,1.0,1,1.0,1,1.0,1,0.2164213124329702,38
1919,1,2542,1302,1240,0,0,0,1.0,1,1.0,1,1.0,1,0.2386949432752831,38
1920,1,2543,1302,1241,0,0,0,1.0,1,1.0,1,1.0,1,0.21822314031128076,39
1921,2,2545,1302,1243,0,0,0,1.0,1,1.0,1,1.0,1,0.17222744223465966,38
1922,0,2545,1302,1243,0,0,0,1.0,1,1.0,1,1.0,1,0.14335087420548956,39
1923,2,2547,1304,1243,0,0,0,1.0,1,1.0,1,1.0,1,0.15645269485644325,40
1924,3,2550,1304,1246,0,0,0,1.0,1,1.0,1,1.0,1,0.07815415509853221,40
1925,0,2550,1304,1246,0,0,0,1.0,1,1.0,1,1.0,1,0.044039000160551234,40
1926,1,2551,1305,1246,0,0,0,1.0,1,1.0,1,1.0,1,0.04990431634950935,40
1927,1,2552,1305,1247,0,0,0,1.0,1,1.0,1,1.0,1,0.0409151765436342,41
1928,0,2552,1305,1247,0,0,0,1.0,1,1.0,1,1.0,1,0.0409151765436342,41
1929,1,2553,1306,1247,0,0,0,1.0,1,1.0,1,1.0,1,0.07424004417272391,40
1930,2,2555,1307,1248,0,0,0,1.0,1,1.0,1,1.0,1,0.09910216061367438,40
1931,0,2555,1307,1248,0,0,0,1.0,1,1.0,1,1.0,1,0.09910216061367438,40
1932,0,2555,1307,1248,0,0,0,1.0,1,1.0,1,1.0,1,0.09910216061367438,40
1933,1,2556,1307,1249,0,0,0,1.0,1,1.0,1,1.0,1,0.09270537613259171,42
1934,2,2558,1307,1251,0,0,0,1.0,1,1.0,1,1.0,1,0.06999578026785389,44
1935,0,2558,1307,1251,0,0,0,1.0,1,1.0,1,1.0,1,0.06999578026785389,44
1936,1,2559,1308,1251,0,0,0,1.0,1,1.0,1,1.0,1,0.10683190547456921,46
1937,2,2561,1309,1252,0,0,0,1.0,1,1.0,1,1.0,1,0.07307807311236114,47
1938,0,2561,1309,1252,0,0,0,1.0,1,1.0,1,1.0,1,0.07307807311236114,47
1939,1,2562,1310,1252,0,0,0,1.0,1,1.0,1,1.0,1,0.06542136665229609,47
1940,1,2563,1311,1252,0,0,0,1.0,1,1.0,1,1.0,1,0.062055741782413326,47
1941,1,2564,1312,1252,0,0,0,1.0,1,1.0,1,1.0,1,0.06849888952059016,47
1942,3,2567,1313,1254,0,0,0,1.0,1,1.0,1,1.0,1,0.05176264576721792,49
1943,3,2570,1315,1255,0,0,0,1.0,1,1.0,1,1.0,1,0.08180529652705815,47
1944,0,2570,1315,1255,0,0,0,1.0,1,1.0,1,1.0,1,0.08180529652705815,47
1945,3,2573,1316,1257,0,0,0,1.0,1,1.0,1,1.0,1,0.0964130067126173,45
1946,1,2574,1316,1258,0,0,0,1.0,1,1.0,1,1.0,1,0.09861698068857995,45
1947,4,2578,1319,1259,0,0,0,1.0,1,1.0,1,1.0,1,0.1677033569696091,45
1948,5,2583,1319,1264,0,0,0,1.0,1,1.0,1,1.0,1,0.11615443299233452,45
1949,2,2585,1321,1264,0,0,0,1.0,1,1.0,1,1.0,1,0.1533001768380263,42
1950,0,2585,1321,1264,0,0,0,1.0,1,1.0,1,1.0,1,0.14196193312286856,42
1951,1,2586,1321,1265,0,0,0,1.0,1,1.0,1,1.0,1,0.13572889142532155,38
1952,2,2588,1322,1266,0,0,0,1.0,1,1.0,1,1.0,1,0.10809857807065101,36
1953,2,2590,1322,1268,0,0,0,1.0,1,1.0,1,1.0,1,0.0932233377641496,35
1954,0,2590,1322,1268,0,0,0,1.0,1,1.0,1,1.0,1,0.1284828983583593,32
1955,1,2591,1322,1269,0,0,0,1.0,1,1.0,1,1.0,1,0.07385437483785032,33
1956,2,2593,1324,1269,0,0,0,1.0,1,1.0,1,1.0,1,0.12677547020466462,31
1957,2,2595,1324,1271,0,0,0,1.0,1,1.0,1,1.0,1,0.049817915445667,33
1958,2,2597,1326,1271,0,0,0,1.0,1,1.0,1,1.0,1,0.1277090788498558,34
1959,0,2597,1326,1271,0,0,0,1.0,1,1.0,1,1.0,1,0.10122806960971859,35
1960,3,2600,1328,1272,0,0,0,1.0,1,1.0,1,1.0,1,0.11030040160592888,36
1961,1,2601,1329,1272,0,0,0,1.0,1,1.0,1,1.0,1,0.13468467728515116,36
1962,0,2601,1329,1272,0,0,0,1.0,1,1.0,1,1.0,1,0.11285996159486986,35
1963,1,2602,1329,1273,0,0,0,1.0,1,1.0,1,1.0,1,0.11190863926524859,36
1964,2,2604,1331,1273,0,0,0,1.0,1,1.0,1,1.0,1,0.12927203864476255,35
1965,2,2606,1333,1273,0,0,0,1.0,1,1.0,1,1.0,1,0.11936433323183204,36
1966,5,2611,1335,1276,0,0,0,1.0,1,1.0,1,1.0,1,0.10992110965436938,36
1967,1,2612,1336,1276,0,0,0,1.0,1,1.0,1,1.0,1,0.09307654939693963,36
1968,1,2613,1337,1276,0,0,0,1.0,1,1.0,1,1.0,1,0.08608913765185473,37
1969,0,2613,1337,1276,0,0,0,1.0,1,1.0,1,1.0,1,0.08608913765185473,37
1970,1,2614,1338,1276,0,0,0,1.0,1,1.0,1,1.0,1,0.1319746488641417,38
1971,0,2614,1338,1276,0,0,0,1.0,1,1.0,1,1.0,1,0.14721656354788393,37
1972,1,2615,1338,1277,0,0,0,1.0,1,1.0,1,1.0,1,0.13027877957763975,37
1973,1,2616,1338,1278,0,0,0,1.0,1,1.0,1,1.0,1,0.13915622902450495,37
1974,1,2617,1338,1279,0,0,0,1.0,1,1.0,1,1.0,1,0.11327560270923573,38
1975,1,2618,1338,1280,0,0,0,1.0,1,1.0,1,1.0,1,0.1293613337017999,37
1976,3,2621,1338,1283,0,0,0,1.0,1,1.0,1,1.0,1,0.11182478745606746,39
1977,0,2621,1338,1283,0,0,0,1.0,1,1.0,1,1.0,1,0.09385371563885525,42
1978,0,2621,1338,1283,0,0,0,1.0,1,1.0,1,1.0,1,0.09385371563885525,42
1979,0,2621,1338,1283,0,0,0,1.0,1,1.0,1,1.0,1,0.09385371563885525,42
1980,0,2621,1338,1283,0,0,0,1.0,1,1.0,1,1.0,1,0.10655900603836181,43
1981,0,2621,1338,1283,0,0,0,1.0,1,1.0,1,1.0,1,0.11779996543570977,44
1982,3,2624,1340,1284,0,0,0,1.0,1,1.0,1,1.0,1,0.08140997217775432,44
1983,1,2625,1341,1284,0,0,0,1.0,1,1.0,1,1.0,1,0.0859911062025301,44
1984,2,2627,1342,1285,0,0,0,1.0,1,1.0,1,1.0,1,0.09825641080448706,42
1985,0,2627,1342,1285,0,0,0,1.0,1,1.0,1,1.0,1,0.09463629946791209,41
1986,0,2627,1342,1285,0,0,0,1.0,1,1.0,1,1.0,1,0.1053245274071442,40
1987,1,2628,1342,1286,0,0,0,1.0,1,1.0,1,1.0,1,0.06689333275099649,37
1988,2,2630,1344,1286,0,0,0,1.0,1,1.0,1,1.0,1,0.10614280030349287,35
1989,2,2632,1346,1286,0,0,0,1.0,1,1.0,1,1.0,1,0.14834274676817272,32
1990,3,2635,1348,1287,0,0,0,1.0,1,1.0,1,1.0,1,0.10762684663164204,31
1991,0,2635,1348,1287,0,0,0,1.0,1,1.0,1,1.0,1,0.13275557744194302,32
1992,2,2637,1350,1287,0,0,0,1.0,1,1.0,1,1.0,1,0.1604698239214623,32
1993,4,2641,1353,1288,0,0,0,1.0,1,1.0,1,1.0,1,0.14132346473035215,32
1994,0,2641,1353,1288,0,0,0,1.0,1,1.0,1,1.0,1,0.12797476502680027,31
1995,0,2641,1353,1288,0,0,0,1.0,1,1.0,1,1.0,1,0.11343064556496234,32
1996,1,2642,1353,1289,0,0,0,1.0,1,1.0,1,1.0,1,0.10778416786927228,32
1997,0,2642,1353,1289,0,0,0,1.0,1,1.0,1,1.0,1,0.1418344696478263,31
1998,0,2642,1353,1289,0,0,0,1.0,1,1.0,1,1.0,1,0.11343759711309961,32
1999,1,2643,1353,1290,0,0,0,1.0,1,1.0,1,1.0,1,0.12323331688651064,31
2000,0,2643,1353,1290,0,0,0,1.0,1,1.0,1,1.0,1,0.11835042272246739,30
2001,1,2644,1353,1291,0,0,0,1.0,1,1.0,1,1.0,1,0.14304878558551193,29
2002,1,2645,1353,1292,0,0,0,1.0,1,1.0,1,1.0,1,0.08420562295436752,31
2003,0,2645,1353,1292,0,0,0,1.0,1,1.0,1,1.0,1,0.11244556031142001,33
2004,3,2648,1354,1294,0,0,0,1.0,1,1.0,1,1.0,1,0.10041165198866094,34
2005,0,2648,1354,1294,0,0,0,1.0,1,1.0,1,1.0,1,0.12473254364894837,35
2006,2,2650,1355,1295,0,0,0,1.0,1,1.0,1,1.0,1,0.10421271324044235,36
2007,0,2650,1355,1295,0,0,0,1.0,1,1.0,1,1.0,1,0.10421271324044235,36
2008,4,2654,1357,1297,0,0,0,1.0,1,1.0,1,1.0,1,0.12921505226831087,36
2009,1,2655,1358,1297,0,0,0,1.0,1,1.0,1,1.0,1,0.1094780137467539,37
2010,1,2656,1359,1297,0,0,0,1.0,1,1.0,1,1.0,1,0.09880500911502299,37
2011,0,2656,1359,1297,0,0,0,1.0,1,1.0,1,1.0,1,0.09880500911502299,37
2012,1,2657,1360,1297,0,0,0,1.0,1,1.0,1,1.0,1,0.09779885440604448,37
2013,1,2658,1360,1298,0,0,0,1.0,1,1.0,1,1.0,1,0.09218822282253278,39
2014,0,2658,1360,1298,0,0,0,1.0,1,1.0,1,1.0,1,0.1311500276531289,39
2015,0,2658,1360,1298,0,0,0,1.0,1,1.0,1,1.0,1,0.1311500276531289,39
2016,2,2660,1362,1298,0,0,0,1.0,1,1.0,1,1.0,1,0.10640804032315307,41
2017,1,2661,1362,1299,0,0,0,1.0,1,1.0,1,1.0,1,0.08581686891711544,41
2018,5,2666,1365,1301,0,0,0,1.0,1,1.0,1,1.0,1,0.09548431554930117,42
2019,1,2667,1366,1301,0,0,0,1.0,1,1.0,1,1.0,1,0.10002036913537721,43
2020,3,2670,1368,1302,0,0,0,1.0,1,1.0,1,1.0,1,0.11836540229199306,43
2021,0,2670,1368,1302,0,0,0,1.0,1,1.0,1,1.0,1,0.11836540229199306,43
2022,0,2670,1368,1302,0,0,0,1.0,1,1.0,1,1.0,1,0.10113643379312773,44
2023,3,2673,1370,1303,0,0,0,1.0,1,1.0,1,1.0,1,0.18801288981561914,42
2024,3,2676,1372,1304,0,0,0,1.0,1,1.0,1,1.0,1,0.1600528051629714,41
2025,3,2679,1374,1305,0,0,0,1.0,1,1.0,1,1.0,1,0.22088072863533126,39
2026,3,2682,1374,1308,0,0,0,1.0,1,1.0,1,1.0,1,0.16149954424547197,39
2027,2,2684,1375,1309,0,0,0,1.0,1,1.0,1,1.0,1,0.2348415745374637,38
2028,0,2684,1375,1309,0,0,0,1.0,1,1.0,1,1.0,1,0.2167465217238924,37
2029,1,2685,1375,1310,0,0,0,1.0,1,1.0,1,1.0,1,0.2044158342488968,35
2030,0,2685,1375,1310,0,0,0,1.0,1,1.0,1,1.0,1,0.18827756153331876,32
2031,2,2687,1377,1310,0,0,0,1.0,1,1.0,1,1.0,1,0.1959737448852087,34
2032,2,2689,1377,1312,0,0,0,1.0,1,1.0,1,1.0,1,0.12162426751748902,35
2033,3,2692,1380,1312,0,0,0,1.0,1,1.0,1,1.0,1,0.10888474928085164,35
2034,2,2694,1381,1313,0,0,0,1.0,1,1.0,1,1.0,1,0.10969406981918428,35
2035,3,2697,1383,1314,0,0,0,1.0,1,1.0,1,1.0,1,0.0830122669436882,36
2036,4,2701,1385,1316,0,0,0,1.0,1,1.0,1,1.0,1,0.11598774384529563,35
2037,1,2702,1386,1316,0,0,0,1.0,1,1.0,1,1.0,1,0.12673924726512675,36
2038,2,2704,1387,1317,0,0,0,1.0,1,1.0,1,1.0,1,0.1369734409126195,38
2039,2,2706,1388,1318,0,0,0,1.0,1,1.0,1,1.0,1,0.10169984933438046,38
2040,0,2706,1388,1318,0,0,0,1.0,1,1.0,1,1.0,1,0.08747969233562845,37
2041,0,2706,1388,1318,0,0,0,1.0,1,1.0,1,1.0,1,0.09177917974711446,38
2042,0,2706,1388,1318,0,0,0,1.0,1,1.0,1,1.0,1,0.09177917974711446,38
2043,2,2708,1390,1318,0,0,0,1.0,1,1.0,1,1.0,1,0.09697864122712901,38
2044,0,2708,1390,1318,0,0,0,1.0,1,1.0,1,1.0,1,0.090736658013686,39
2045,0,2708,1390,1318,0,0,0,1.0,1,1.0,1,1.0,1,0.10855543791367614,40
2046,1,2709,1391,1318,0,0,0,1.0,1,1.0,1,1.0,1,0.08156457042062143,41
2047,1,2710,1392,1318,0,0,0,1.0,1,1.0,1,1.0,1,0.08716999741836005,41
2048,2,2712,1393,1319,0,0,0,1.0,1,1.0,1,1.0,1,0.030781355963857934,43
2049,0,2712,1393,1319,0,0,0,1.0,1,1.0,1,1.0,1,0.030781355963857934,43
2050,0,2712,1393,1319,0,0,0,1.0,1,1.0,1,1.0,1,0.025067716695095214,43
2051,1,2713,1394,1319,0,0,0,1.0,1,1.0,1,1.0,1,0.08597462340510531,43
2052,0,2713,1394,1319,0,0,0,1.0,1,1.0,1,1.0,1,0.09075390137946444,44
2053,1,2714,1395,1319,0,0,0,1.0,1,1.0,1,1.0,1,0.1391671890824672,43
2054,5,2719,1397,1322,0,0,0,1.0,1,1.0,1,1.0,1,0.0739846918698783,44
2055,0,2719,1397,1322,0,0,0,1.0,1,1.0,1,1.0,1,0.08938552728272535,43
2056,1,2720,1397,1323,0,0,0,1.0,1,1.0,1,1.0,1,0.06493249409332318,44
2057,2,2722,1399,1323,0,0,0,1.0,1,1.0,1,1.0,1,0.08413551699189623,44
2058,2,2724,1401,1323,0,0,0,1.0,1,1.0,1,1.0,1,0.08210690748430326,44
2059,1,2725,1401,1324,0,0,0,1.0,1,1.0,1,1.0,1,0.07263480348734425,45
2060,2,2727,1402,1325,0,0,0,1.0,1,1.0,1,1.0,1,0.09618676470232244,46
2061,1,2728,1403,1325,0,0,0,1.0,1,1.0,1,1.0,1,0.09878814571338608,48
2062,1,2729,1403,1326,0,0,0,1.0,1,1.0,1,1.0,1,0.09051086215437888,48
2063,1,2730,1404,1326,0,0,0,1.0,1,1.0,1,1.0,1,0.09908029393554685,45
2064,1,2731,1405,1326,0,0,0,1.0,1,1.0,1,1.0,1,0.09784700860361151,44
2065,1,2732,1405,1327,0,0,0,1.0,1,1.0,1,1.0,1,0.09224598285932635,42
2066,2,2734,1407,1327,0,0,0,1.0,1,1.0,1,1.0,1,0.04085849047239723,42
2067,0,2734,1407,1327,0,0,0,1.0,1,1.0,1,1.0,1,0.05519447453903389,38
2068,1,2735,1408,1327,0,0,0,1.0,1,1.0,1,1.0,1,0.11047535432773788,37
2069,0,2735,1408,1327,0,0,0,1.0,1,1.0,1,1.0,1,0.13266502555154447,35
2070,3,2738,1410,1328,0,0,0,1.0,1,1.0,1,1.0,1,0.11730527228376632,35
2071,0,2738,1410,1328,0,0,0,1.0,1,1.0,1,1.0,1,0.14499943843014573,34
2072,3,2741,1412,1329,0,0,0,1.0,1,1.0,1,1.0,1,0.1667705161270867,35
2073,2,2743,1412,1331,0,0,0,1.0,1,1.0,1,1.0,1,0.11177908516956943,37
2074,0,2743,1412,1331,0,0,0,1.0,1,1.0,1,1.0,1,0.094887107031667,36
2075,1,2744,1412,1332,0,0,0,1.0,1,1.0,1,1.0,1,0.06889337890169386,38
2076,1,2745,1412,1333,0,0,0,1.0,1,1.0,1,1.0,1,0.033612014291598345,37
2077,0,2745,1412,1333,0,0,0,1.0,1,1.0,1,1.0,1,0.033612014291598345,37
2078,0,2745,1412,1333,0,0,0,1.0,1,1.0,1,1.0,1,0.033612014291598345,37
2079,0,2745,1412,1333,0,0,0,1.0,1,1.0,1,1.0,1,0.033612014291598345,37
2080,0,2745,1412,1333,0,0,0,1.0,1,1.0,1,1.0,1,0.028972737394892728,36
2081,1,2746,1413,1333,0,0,0,1.0,1,1.0,1,1.0,1,0.05975736529467312,37
2082,2,2748,1414,1334,0,0,0,1.0,1,1.0,1,1.0,1,0.0771731689362845,38
2083,2,2750,1415,1335,0,0,0,1.0,1,1.0,1,1.0,1,0.0594845640021924,39
2084,1,2751,1416,1335,0,0,0,1.0,1,1.0,1,1.0,1,0.11038371180507583,41
2085,5,2756,1419,1337,0,0,0,1.0,1,1.0,1,1.0,1,0.09322328165332532,41
2086,1,2757,1419,1338,0,0,0,1.0,1,1.0,1,1.0,1,0.07146643816532973,44
2087,2,2759,1421,1338,0,0,0,1.0,1,1.0,1,1.0,1,0.086614331449617,44
2088,1,2760,1421,1339,0,0,0,1.0,1,1.0,1,1.0,1,0.0788718988368756,45
2089,1,2761,1422,1339,0,0,0,1.0,1,1.0,1,1.0,1,0.0697887665936781,46
2090,1,2762,1422,1340,0,0,0,1.0,1,1.0,1,1.0,1,0.05096460882434246,47
2091,2,2764,1423,1341,0,0,0,1.0,1,1.0,1,1.0,1,0.057875764641072,48
2092,1,2765,1424,1341,0,0,0,1.0,1,1.0,1,1.0,1,0.07884325529676198,48
2093,1,2766,1424,1342,0,0,0,1.0,1,1.0,1,1.0,1,0.05421564440833653,48
2094,0,2766,1424,1342,0,0,0,1.0,1,1.0,1,1.0,1,0.06398068657231881,47
2095,1,2767,1425,1342,0,0,0,1.0,1,1.0,1,1.0,1,0.06117950061985634,49
2096,0,2767,1425,1342,0,0,0,1.0,1,1.0,1,1.0,1,0.04659728366967897,50
2097,0,2767,1425,1342,0,0,0,1.0,1,1.0,1,1.0,1,0.04659728366967897,50
2098,2,2769,1427,1342,0,0,0,1.0,1,1.0,1,1.0,1,0.0544264398547836,51
2099,1,2770,1428,1342,0,0,0,1.0,1,1.0,1,1.0,1,0.09513964108821703,50
2100,1,2771,1429,1342,0,0,0,1.0,1,1.0,1,1.0,1,0.10016223910797045,49
2101,3,2774,1429,1345,0,0,0,1.0,1,1.0,1,1.0,1,0.07572917087850012,48
2102,3,2777,1431,1346,0,0,0,1.0,1,1.0,1,1.0,1,0.09999954835132402,49
2103,2,2779,1433,1346,0,0,0,1.0,1,1.0,1,1.0,1,0.11083705728613155,44
2104,0,2779,1433,1346,0,0,0,1.0,1,1.0,1,1.0,1,0.12841869232541941,42
2105,2,2781,1435,1346,0,0,0,1.0,1,1.0,1,1.0,1,0.14667747740277384,40
2106,0,2781,1435,1346,0,0,0,1.0,1,1.0,1,1.0,1,0.17371405806242177,39
2107,2,2783,1436,1347,0,0,0,1.0,1,1.0,1,1.0,1,0.12055271303839128,37
2108,1,2784,1437,1347,0,0,0,1.0,1,1.0,1,1.0,1,0.1222107242941331,37
2109,0,2784,1437,1347,0,0,0,1.0,1,1.0,1,1.0,1,0.10331291638575799,36
2110,0,2784,1437,1347,0,0,0,1.0,1,1.0,1,1.0,1,0.06052421078903733,35
2111,2,2786,1439,1347,0,0,0,1.0,1,1.0,1,1.0,1,0.08764560982984482,35
2112,0,2786,1439,1347,0,0,0,1.0,1,1.0,1,1.0,1,0.08764560982984482,35
2113,1,2787,1440,1347,0,0,0,1.0,1,1.0,1,1.0,1,0.11603445371848133,35
2114,1,2788,1441,1347,0,0,0,1.0,1,1.0,1,1.0,1,0.10816453612013863,36
2115,0,2788,1441,1347,0,0,0,1.0,1,1.0,1,1.0,1,0.10970018848400793,37
2116,3,2791,1443,1348,0,0,0,1.0,1,1.0,1,1.0,1,0.10890814742695556,39
2117,0,2791,1443,1348,0,0,0,1.0,1,1.0,1,1.0,1,0.07882079599739243,39
2118,1,2792,1443,1349,0,0,0,1.0,1,1.0,1,1.0,1,0.06916898451288864,41
2119,1,2793,1444,1349,0,0,0,1.0,1,1.0,1,1.0,1,0.09098913945150602,42
2120,1,2794,1444,1350,0,0,0,1.0,1,1.0,1,1.0,1,0.06017034901078009,42
2121,1,2795,1445,1350,0,0,0,1.0,1,1.0,1,1.0,1,0.07405235872426376,42
2122,1,2796,1445,1351,0,0,0,1.0,1,1.0,1,1.0,1,0.06533990413690374,43
2123,0,2796,1445,1351,0,0,0,1.0,1,1.0,1,1.0,1,0.08785074634999832,42
2124,0,2796,1445,1351,0,0,0,1.0,1,1.0,1,1.0,1,0.08785074634999832,42
2125,0,2796,1445,1351,0,0,0,1.0,1,1.0,1,1.0,1,0.09396349913152101,41
2126,0,2796,1445,1351,0,0,0,1.0,1,1.0,1,1.0,1,0.09396349913152101,41
2127,0,2796,1445,1351,0,0,0,1.0,1,1.0,1,1.0,1,0.09396349913152101,41
2128,1,2797,1445,1352,0,0,0,1.0,1,1.0,1,1.0,1,0.0503759073218922,42
2129,0,2797,1445,1352,0,0,0,1.0,1,1.0,1,1.0,1,0.0629969726102348,43
2130,1,2798,1445,1353,0,0,0,1.0,1,1.0,1,1.0,1,0.042025465551431065,45
2131,2,2800,1446,1354,0,0,0,1.0,1,1.0,1,1.0,1,0.03391575966553904,44
2132,0,2800,1446,1354,0,0,0,1.0,1,1.0,1,1.0,1,0.03391575966553904,44
2133,1,2801,1447,1354,0,0,0,1.0,1,1.0,1,1.0,1,0.03234712345669487,45
2134,2,2803,1449,1354,0,0,0,1.0,1,1.0,1,1.0,1,0.059364598355064024,45
2135,2,2805,1451,1354,0,0,0,1.0,1,1.0,1,1.0,1,0.04224662942233049,46
2136,2,2807,1453,1354,0,0,0,1.0,1,1.0,1,1.0,1,0.10309341023886125,47
2137,8,2815,1457,1358,0,0,0,1.0,1,1.0,1,1.0,1,0.10794976381904232,47
2138,2,2817,1459,1358,0,0,0,1.0,1,1.0,1,1.0,1,0.14115074122002302,45
2139,2,2819,1460,1359,0,0,0,1.0,1,1.0,1,1.0,1,0.12423262570780705,45
2140,3,2822,1461,1361,0,0,0,1.0,1,1.0,1,1.0,1,0.06507090010722218,44
2141,2,2824,1463,1361,0,0,0,1.0,1,1.0,1,1.0,1,0.06343946440806814,45
2142,2,2826,1464,1362,0,0,0,1.0,1,1.0,1,1.0,1,0.0553442261193376,46
2143,3,2829,1465,1364,0,0,0,1.0,1,1.0,1,1.0,1,0.06186275018087337,46
2144,2,2831,1466,1365,0,0,0,1.0,1,1.0,1,1.0,1,0.0541516047216101,48
2145,3,2834,1468,1366,0,0,0,1.0,1,1.0,1,1.0,1,0.041152922066299336,46
2146,0,2834,1468,1366,0,0,0,1.0,1,1.0,1,1.0,1,0.050203110362243536,45
2147,2,2836,1470,1366,0,0,0,1.0,1,1.0,1,1.0,1,0.07735649848655524,44
2148,1,2837,1471,1366,0,0,0,1.0,1,1.0,1,1.0,1,0.042676992926304495,44
2149,3,2840,1474,1366,0,0,0,1.0,1,1.0,1,1.0,1,0.07007016057508103,42
2150,2,2842,1476,1366,0,0,0,1.0,1,1.0,1,1.0,1,0.05110727046086677,40
2151,1,2843,1477,1366,0,0,0,1.0,1,1.0,1,1.0,1,0.05762502176381449,39
2152,1,2844,1478,1366,0,0,0,1.0,1,1.0,1,1.0,1,0.04117451007578859,40
2153,2,2846,1480,1366,0,0,0,1.0,1,1.0,1,1.0,1,0.08888958913813262,42
2154,2,2848,1480,1368,0,0,0,1.0,1,1.0,1,1.0,1,0.08419738582204299,42
2155,0,2848,1480,1368,0,0,0,1.0,1,1.0,1,1.0,1,0.08376740177687196,41
2156,1,2849,1480,1369,0,0,0,1.0,1,1.0,1,1.0,1,0.10966150205291678,40
2157,0,2849,1480,1369,0,0,0,1.0,1,1.0,1,1.0,1,0.10966150205291678,40
2158,2,2851,1481,1370,0,0,0,1.0,1,1.0,1,1.0,1,0.09895097213390647,38
2159,0,2851,1481,1370,0,0,0,1.0,1,1.0,1,1.0,1,0.10329172765538222,38
2160,1,2852,1482,1370,0,0,0,1.0,1,1.0,1,1.0,1,0.1121191918616631,38
2161,3,2855,1484,1371,0,0,0,1.0,1,1.0,1,1.0,1,0.12323651749148622,38
2162,1,2856,1485,1371,0,0,0,1.0,1,1.0,1,1.0,1,0.15478956698938698,38
2163,2,2858,1487,1371,0,0,0,1.0,1,1.0,1,1.0,1,0.2082203222324651,40
2164,5,2863,1488,1375,0,0,0,1.0,1,1.0,1,1.0,1,0.22447265485661994,41
2165,2,2865,1490,1375,0,0,0,1.0,1,1.0,1,1.0,1,0.20447775777775187,42
2166,0,2865,1490,1375,0,0,0,1.0,1,1.0,1,1.0,1,0.20447775777775187,42
2167,2,2867,1490,1377,0,0,0,1.0,1,1.0,1,1.0,1,0.15435379608266528,43
2168,0,2867,1490,1377,0,0,0,1.0,1,1.0,1,1.0,1,0.1351152927446961,43
2169,1,2868,1490,1378,0,0,0,1.0,1,1.0,1,1.0,1,0.12581129603833704,45
2170,2,2870,1492,1378,0,0,0,1.0,1,1.0,1,1.0,1,0.16129397876180554,46
2171,2,2872,1494,1378,0,0,0,1.0,1,1.0,1,1.0,1,0.12463762326931963,48
2172,2,2874,1495,1379,0,0,0,1.0,1,1.0,1,1.0,1,0.11892533356971698,49
2173,1,2875,1496,1379,0,0,0,1.0,1,1.0,1,1.0,1,0.0968059623163459,49
2174,1,2876,1497,1379,0,0,0,1.0,1,1.0,1,1.0,1,0.09365026525729983,49
2175,0,2876,1497,1379,0,0,0,1.0,1,1.0,1,1.0,1,0.09365026525729983,49
2176,3,2879,1498,1381,0,0,0,1.0,1,1.0,1,1.0,1,0.06578798530295357,51
2177,1,2880,1499,1381,0,0,0,1.0,1,1.0,1,1.0,1,0.04499805585621555,51
2178,2,2882,1501,1381,0,0,0,1.0,1,1.0,1,1.0,1,0.06437244792723334,50
2179,3,2885,1504,1381,0,0,0,1.0,1,1.0,1,1.0,1,0.0691428342258747,49
2180,0,2885,1504,1381,0,0,0,1.0,1,1.0,1,1.0,1,0.08122459599070916,47
2181,2,2887,1506,1381,0,0,0,1.0,1,1.0,1,1.0,1,0.040781679850333194,47
2182,1,2888,1507,1381,0,0,0,1.0,1,1.0,1,1.0,1,0.011432524135200487,45
2183,2,2890,1509,1381,0,0,0,1.0,1,1.0,1,1.0,1,0.035640387940200004,44
2184,2,2892,1511,1381,0,0,0,1.0,1,1.0,1,1.0,1,0.07499200515506475,43
2185,6,2898,1515,1383,0,0,0,1.0,1,1.0,1,1.0,1,0.09917646065372836,40
2186,2,2900,1517,1383,0,0,0,1.0,1,1.0,1,1.0,1,0.1139174208729509,38
2187,3,2903,1520,1383,0,0,0,1.0,1,1.0,1,1.0,1,0.10974861462857481,35
2188,1,2904,1521,1383,0,0,0,1.0,1,1.0,1,1.0,1,0.13457274699248292,34
2189,0,2904,1521,1383,0,0,0,1.0,1,1.0,1,1.0,1,0.09704273217210674,31
2190,1,2905,1522,1383,0,0,0,1.0,1,1.0,1,1.0,1,0.1514698017979191,29
2191,1,2906,1523,1383,0,0,0,1.0,1,1.0,1,1.0,1,0.17537893307264604,28
2192,2,2908,1524,1384,0,0,0,1.0,1,1.0,1,1.0,1,0.20952358824982184,29
2193,1,2909,1525,1384,0,0,0,1.0,1,1.0,1,1.0,1,0.23415575208762363,28
2194,1,2910,1525,1385,0,0,0,1.0,1,1.0,1,1.0,1,0.20872247210151407,27
2195,3,2913,1527,1386,0,0,0,1.0,1,1.0,1,1.0,1,0.16342226605977386,27
2196,3,2916,1528,1388,0,0,0,1.0,1,1.0,1,1.0,1,0.22802212698119106,27
2197,3,2919,1529,1390,0,0,0,1.0,1,1.0,1,1.0,1,0.1461045559062389,27
2198,0,2919,1529,1390,0,0,0,1.0,1,1.0,1,1.0,1,0.11664940551335179,28
2199,1,2920,1530,1390,0,0,0,1.0,1,1.0,1,1.0,1,0.17414424368181666,29
2200,2,2922,1530,1392,0,0,0,1.0,1,1.0,1,1.0,1,0.10243995369425513,31
2201,1,2923,1531,1392,0,0,0,1.0,1,1.0,1,1.0,1,0.11038635176130746,32
2202,1,2924,1532,1392,0,0,0,1.0,1,1.0,1,1.0,1,0.14907056035608265,31
2203,0,2924,1532,1392,0,0,0,1.0,1,1.0,1,1.0,1,0.11497141168241197,32
2204,0,2924,1532,1392,0,0,0,1.0,1,1.0,1,1.0,1,0.11497141168241197,32
2205,0,2924,1532,1392,0,0,0,1.0,1,1.0,1,1.0,1,0.12747960182879528,33
2206,2,2926,1533,1393,0,0,0,1.0,1,1.0,1,1.0,1,0.08745150551734639,32
2207,1,2927,1533,1394,0,0,0,1.0,1,1.0,1,1.0,1,0.06552471538255542,33
2208,0,2927,1533,1394,0,0,0,1.0,1,1.0,1,1.0,1,0.05451263207921995,35
2209,1,2928,1534,1394,0,0,0,1.0,1,1.0,1,1.0,1,0.09638132136902139,36
2210,0,2928,1534,1394,0,0,0,1.0,1,1.0,1,1.0,1,0.11459925641769592,35
2211,0,2928,1534,1394,0,0,0,1.0,1,1.0,1,1.0,1,0.12928865691758754,36
2212,1,2929,1535,1394,0,0,0,1.0,1,1.0,1,1.0,1,0.13741927927031142,37
2213,5,2934,1539,1395,0,0,0,1.0,1,1.0,1,1.0,1,0.12441292281945325,37
2214,0,2934,1539,1395,0,0,0,1.0,1,1.0,1,1.0,1,0.09546532717729757,39
2215,4,2938,1543,1395,0,0,0,1.0,1,1.0,1,1.0,1,0.10966392378355241,36
2216,2,2940,1545,1395,0,0,0,1.0,1,1.0,1,1.0,1,0.11527472937845029,37
2217,2,2942,1547,1395,0,0,0,1.0,1,1.0,1,1.0,1,0.13885185822385993,35
2218,2,2944,1547,1397,0,0,0,1.0,1,1.0,1,1.0,1,0.09323111052641046,35
2219,0,2944,1547,1397,0,0,0,1.0,1,1.0,1,1.0,1,0.059672131847461514,33
2220,0,2944,1547,1397,0,0,0,1.0,1,1.0,1,1.0,1,0.05249251064003613,31
2221,0,2944,1547,1397,0,0,0,1.0,1,1.0,1,1.0,1,0.05249251064003613,31
2222,1,2945,1548,1397,0,0,0,1.0,1,1.0,1,1.0,1,0.0860803611985692,30
2223,0,2945,1548,1397,0,0,0,1.0,1,1.0,1,1.0,1,0.08218387352608443,28
2224,3,2948,1551,1397,0,0,0,1.0,1,1.0,1,1.0,1,0.1124920401160622,29
2225,2,2950,1553,1397,0,0,0,1.0,1,1.0,1,1.0,1,0.12333888152690521,28
2226,1,2951,1554,1397,0,0,0,1.0,1,1.0,1,1.0,1,0.0834530134009647,30
2227,0,2951,1554,1397,0,0,0,1.0,1,1.0,1,1.0,1,0.1290685219021603,28
2228,2,2953,1556,1397,0,0,0,1.0,1,1.0,1,1.0,1,0.10127187664007987,29
2229,1,2954,1557,1397,0,0,0,1.0,1,1.0,1,1.0,1,0.10409779688566856,28
2230,0,2954,1557,1397,0,0,0,1.0,1,1.0,1,1.0,1,0.10143687569982657,28
2231,1,2955,1558,1397,0,0,0,1.0,1,1.0,1,1.0,1,0.19161568155415573,27
2232,1,2956,1558,1398,0,0,0,1.0,1,1.0,1,1.0,1,0.1479671087119663,27
2233,1,2957,1558,1399,0,0,0,1.0,1,1.0,1,1.0,1,0.0918579896949208,28
2234,2,2959,1560,1399,0,0,0,1.0,1,1.0,1,1.0,1,0.08027339579301251,26
2235,0,2959,1560,1399,0,0,0,1.0,1,1.0,1,1.0,1,0.08027339579301251,26
2236,1,2960,1561,1399,0,0,0,1.0,1,1.0,1,1.0,1,0.017525396528723626,26
2237,4,2964,1565,1399,0,0,0,1.0,1,1.0,1,1.0,1,0.10005849170227163,26
2238,2,2966,1566,1400,0,0,0,1.0,1,1.0,1,1.0,1,0.11602605896156205,27
2239,2,2968,1568,1400,0,0,0,1.0,1,1.0,1,1.0,1,0.14081648816432712,28
2240,4,2972,1571,1401,0,0,0,1.0,1,1.0,1,1.0,1,0.13119651808167165,30
2241,1,2973,1572,1401,0,0,0,1.0,1,1.0,1,1.0,1,0.17244967068678788,29
2242,3,2976,1574,1402,0,0,0,1.0,1,1.0,1,1.0,1,0.1378184202443965,29
2243,1,2977,1575,1402,0,0,0,1.0,1,1.0,1,1.0,1,0.15209703106734615,29
2244,0,2977,1575,1402,0,0,0,1.0,1,1.0,1,1.0,1,0.15209703106734615,29
2245,1,2978,1575,1403,0,0,0,1.0,1,1.0,1,1.0,1,0.1265046414327475,30
2246,1,2979,1575,1404,0,0,0,1.0,1,1.0,1,1.0,1,0.09242978450752791,33
2247,0,2979,1575,1404,0,0,0,1.0,1,1.0,1,1.0,1,0.07494737364730822,34
2248,0,2979,1575,1404,0,0,0,1.0,1,1.0,1,1.0,1,0.07494737364730822,34
2249,0,2979,1575,1404,0,0,0,1.0,1,1.0,1,1.0,1,0.07387832198995191,35
2250,1,2980,1576,1404,0,0,0,1.0,1,1.0,1,1.0,1,0.10847470508715583,35
2251,1,2981,1577,1404,0,0,0,1.0,1,1.0,1,1.0,1,0.11913832816953532,36
2252,1,2982,1578,1404,0,0,0,1.0,1,1.0,1,1.0,1,0.1690966251909107,37
2253,2,2984,1580,1404,0,0,0,1.0,1,1.0,1,1.0,1,0.19915120523307012,35
2254,0,2984,1580,1404,0,0,0,1.0,1,1.0,1,1.0,1,0.16705614957336123,33
2255,1,2985,1581,1404,0,0,0,1.0,1,1.0,1,1.0,1,0.19819685060415068,35
2256,4,2989,1583,1406,0,0,0,1.0,1,1.0,1,1.0,1,0.16734189429550947,34
2257,4,2993,1585,1408,0,0,0,1.0,1,1.0,1,1.0,1,0.12979445184023147,36
2258,1,2994,1586,1408,0,0,0,1.0,1,1.0,1,1.0,1,0.1300161382830033,35
2259,0,2994,1586,1408,0,0,0,1.0,1,1.0,1,1.0,1,0.13397250569433528,35
2260,2,2996,1587,1409,0,0,0,1.0,1,1.0,1,1.0,1,0.09361633994040561,33
2261,1,2997,1588,1409,0,0,0,1.0,1,1.0,1,1.0,1,0.11596791759199342,33
2262,1,2998,1588,1410,0,0,0,1.0,1,1.0,1,1.0,1,0.12186903914629597,32
2263,2,3000,1590,1410,0,0,0,1.0,1,1.0,1,1.0,1,0.16675583927704152,31
2264,1,3001,1590,1411,0,0,0,1.0,1,1.0,1,1.0,1,0.14980719282805555,30
2265,1,3002,1591,1411,0,0,0,1.0,1,1.0,1,1.0,1,0.15108173663074168,29
2266,2,3004,1593,1411,0,0,0,1.0,1,1.0,1,1.0,1,0.05290237349672942,30
2267,1,3005,1594,1411,0,0,0,1.0,1,1.0,1,1.0,1,0.05593503381347058,29
2268,4,3009,1598,1411,0,0,0,1.0,1,1.0,1,1.0,1,0.1491331591955008,30
2269,3,3012,1599,1413,0,0,0,1.0,1,1.0,1,1.0,1,0.06728502542547837,31
2270,3,3015,1602,1413,0,0,0,1.0,1,1.0,1,1.0,1,0.16502780942111225,31
2271,2,3017,1604,1413,0,0,0,1.0,1,1.0,1,1.0,1,0.16934853509461822,31
2272,4,3021,1605,1416,0,0,0,1.0,1,1.0,1,1.0,1,0.10637784189065706,31
2273,0,3021,1605,1416,0,0,0,1.0,1,1.0,1,1.0,1,0.10304290624529643,30
2274,1,3022,1606,1416,0,0,0,1.0,1,1.0,1,1.0,1,0.06382511461287137,31
2275,0,3022,1606,1416,0,0,0,1.0,1,1.0,1,1.0,1,0.07730372635800298,32
2276,0,3022,1606,1416,0,0,0,1.0,1,1.0,1,1.0,1,0.10559922915289752,31
2277,0,3022,1606,1416,0,0,0,1.0,1,1.0,1,1.0,1,0.11606140528506083,31
2278,4,3026,1608,1418,0,0,0,1.0,1,1.0,1,1.0,1,0.11447612035448274,32
2279,1,3027,1609,1418,0,0,0,1.0,1,1.0,1,1.0,1,0.15118851775283854,32
2280,0,3027,1609,1418,0,0,0,1.0,1,1.0,1,1.0,1,0.13558888874915823,33
2281,3,3030,1610,1420,0,0,0,1.0,1,1.0,1,1.0,1,0.09888028031822853,34
2282,0,3030,1610,1420,0,0,0,1.0,1,1.0,1,1.0,1,0.09888028031822853,34
2283,0,3030,1610,1420,0,0,0,1.0,1,1.0,1,1.0,1,0.09888028031822853,34
2284,0,3030,1610,1420,0,0,0,1.0,1,1.0,1,1.0,1,0.09888028031822853,34
2285,0,3030,1610,1420,0,0,0,1.0,1,1.0,1,1.0,1,0.08204634858695517,35
2286,0,3030,1610,1420,0,0,0,1.0,1,1.0,1,1.0,1,0.07704828712233458,34
2287,1,3031,1611,1420,0,0,0,1.0,1,1.0,1,1.0,1,0.09667294058943848,35
2288,0,3031,1611,1420,0,0,0,1.0,1,1.0,1,1.0,1,0.0753830878086979,35
2289,2,3033,1613,1420,0,0,0,1.0,1,1.0,1,1.0,1,0.14392146517099771,37
2290,0,3033,1613,1420,0,0,0,1.0,1,1.0,1,1.0,1,0.14257716318439242,37
2291,2,3035,1615,1420,0,0,0,1.0,1,1.0,1,1.0,1,0.17251255984659183,35
2292,0,3035,1615,1420,0,0,0,1.0,1,1.0,1,1.0,1,0.1782891088669573,35
2293,1,3036,1616,1420,0,0,0,1.0,1,1.0,1,1.0,1,0.1836973442771461,34
2294,2,3038,1616,1422,0,0,0,1.0,1,1.0,1,1.0,1,0.09857889003740468,33
2295,0,3038,1616,1422,0,0,0,1.0,1,1.0,1,1.0,1,0.09007741294615024,34
2296,2,3040,1617,1423,0,0,0,1.0,1,1.0,1,1.0,1,0.07818719622035344,33
2297,0,3040,1617,1423,0,0,0,1.0,1,1.0,1,1.0,1,0.10434499376871105,32
2298,1,3041,1618,1423,0,0,0,1.0,1,1.0,1,1.0,1,0.15867788936280725,32
2299,0,3041,1618,1423,0,0,0,1.0,1,1.0,1,1.0,1,0.13430998356556417,33
2300,2,3043,1620,1423,0,0,0,1.0,1,1.0,1,1.0,1,0.15791182988768973,33
2301,1,3044,1620,1424,0,0,0,1.0,1,1.0,1,1.0,1,0.1384889327057828,33
2302,2,3046,1622,1424,0,0,0,1.0,1,1.0,1,1.0,1,0.19138900012202523,34
2303,2,3048,1624,1424,0,0,0,1.0,1,1.0,1,1.0,1,0.22216028727945833,34
2304,1,3049,1624,1425,0,0,0,1.0,1,1.0,1,1.0,1,0.1744789609391058,33
2305,2,3051,1625,1426,0,0,0,1.0,1,1.0,1,1.0,1,0.16412078798933866,33
2306,4,3055,1628,1427,0,0,0,1.0,1,1.0,1,1.0,1,0.2348077577653693,33
2307,0,3055,1628,1427,0,0,0,1.0,1,1.0,1,1.0,1,0.21642106191513014,35
2308,3,3058,1630,1428,0,0,0,1.0,1,1.0,1,1.0,1,0.22562008285091512,34
2309,3,3061,1632,1429,0,0,0,1.0,1,1.0,1,1.0,1,0.1653821508276789,34
2310,1,3062,1633,1429,0,0,0,1.0,1,1.0,1,1.0,1,0.1743141183938018,34
2311,0,3062,1633,1429,0,0,0,1.0,1,1.0,1,1.0,1,0.14429324533598992,35
2312,1,3063,1634,1429,0,0,0,1.0,1,1.0,1,1.0,1,0.13649255728509668,34
2313,0,3063,1634,1429,0,0,0,1.0,1,1.0,1,1.0,1,0.08340943012172744,35
2314,1,3064,1635,1429,0,0,0,1.0,1,1.0,1,1.0,1,0.12782080233719686,35
2315,0,3064,1635,1429,0,0,0,1.0,1,1.0,1,1.0,1,0.14788981041194244,34
2316,1,3065,1635,1430,0,0,0,1.0,1,1.0,1,1.0,1,0.1088645019383864,35
2317,1,3066,1636,1430,0,0,0,1.0,1,1.0,1,1.0,1,0.1443320211699872,32
2318,0,3066,1636,1430,0,0,0,1.0,1,1.0,1,1.0,1,0.1443320211699872,32
2319,1,3067,1637,1430,0,0,0,1.0,1,1.0,1,1.0,1,0.16365262619930926,32
2320,1,3068,1637,1431,0,0,0,1.0,1,1.0,1,1.0,1,0.13590625730430253,32
2321,0,3068,1637,1431,0,0,0,1.0,1,1.0,1,1.0,1,0.12452312518134724,33
2322,0,3068,1637,1431,0,0,0,1.0,1,1.0,1,1.0,1,0.12452312518134724,33
2323,1,3069,1637,1432,0,0,0,1.0,1,1.0,1,1.0,1,0.10248299954939517,33
2324,0,3069,1637,1432,0,0,0,1.0,1,1.0,1,1.0,1,0.10693533035803172,34
2325,0,3069,1637,1432,0,0,0,1.0,1,1.0,1,1.0,1,0.09776678608214218,35
2326,0,3069,1637,1432,0,0,0,1.0,1,1.0,1,1.0,1,0.09776678608214218,35
2327,0,3069,1637,1432,0,0,0,1.0,1,1.0,1,1.0,1,0.11888242952580556,36
2328,0,3069,1637,1432,0,0,0,1.0,1,1.0,1,1.0,1,0.12329157487217733,37
2329,0,3069,1637,1432,0,0,0,1.0,1,1.0,1,1.0,1,0.1032898357405673,37
2330,0,3069,1637,1432,0,0,0,1.0,1,1.0,1,1.0,1,0.10337058594231811,38
2331,0,3069,1637,1432,0,0,0,1.0,1,1.0,1,1.0,1,0.103220207956776,40
2332,0,3069,1637,1432,0,0,0,1.0,1,1.0,1,1.0,1,0.103220207956776,40
2333,1,3070,1638,1432,0,0,0,1.0,1,1.0,1,1.0,1,0.1204702928026918,41
2334,0,3070,1638,1432,0,0,0,1.0,1,1.0,1,1.0,1,0.1204702928026918,41
2335,0,3070,1638,1432,0,0,0,1.0,1,1.0,1,1.0,1,0.1204702928026918,41
2336,1,3071,1638,1433,0,0,0,1.0,1,1.0,1,1.0,1,0.09091961886995034,41
2337,1,3072,1638,1434,0,0,0,1.0,1,1.0,1,1.0,1,0.06982019729023069,42
2338,4,3076,1641,1435,0,0,0,1.0,1,1.0,1,1.0,1,0.11087764010710237,43
2339,2,3078,1641,1437,0,0,0,1.0,1,1.0,1,1.0,1,0.08360748816744994,43
2340,4,3082,1643,1439,0,0,0,1.0,1,1.0,1,1.0,1,0.07739213079785379,45
2341,0,3082,1643,1439,0,0,0,1.0,1,1.0,1,1.0,1,0.06995680278360566,45
2342,2,3084,1645,1439,0,0,0,1.0,1,1.0,1,1.0,1,0.13184132621962222,46
2343,2,3086,1646,1440,0,0,0,1.0,1,1.0,1,1.0,1,0.0846510619450002,45
2344,3,3089,1648,1441,0,0,0,1.0,1,1.0,1,1.0,1,0.10187173432712587,44
2345,2,3091,1649,1442,0,0,0,1.0,1,1.0,1,1.0,1,0.13965047569027886,44
2346,0,3091,1649,1442,0,0,0,1.0,1,1.0,1,1.0,1,0.13965047569027886,44
2347,5,3096,1650,1446,0,0,0,1.0,1,1.0,1,1.0,1,0.08950579410201534,44
2348,0,3096,1650,1446,0,0,0,1.0,1,1.0,1,1.0,1,0.08284441087920509,45
2349,0,3096,1650,1446,0,0,0,1.0,1,1.0,1,1.0,1,0.0914301252541718,46
2350,2,3098,1651,1447,0,0,0,1.0,1,1.0,1,1.0,1,0.10191900634418373,47
2351,0,3098,1651,1447,0,0,0,1.0,1,1.0,1,1.0,1,0.10191900634418373,47
2352,0,3098,1651,1447,0,0,0,1.0,1,1.0,1,1.0,1,0.10191900634418373,47
2353,1,3099,1652,1447,0,0,0,1.0,1,1.0,1,1.0,1,0.1370892955310572,46
2354,3,3102,1655,1447,0,0,0,1.0,1,1.0,1,1.0,1,0.12889358202868062,47
2355,1,3103,1655,1448,0,0,0,1.0,1,1.0,1,1.0,1,0.12151699370437202,47
2356,3,3106,1657,1449,0,0,0,1.0,1,1.0,1,1.0,1,0.09907142258148217,47
2357,1,3107,1658,1449,0,0,0,1.0,1,1.0,1,1.0,1,0.11123237995638385,47
2358,1,3108,1658,1450,0,0,0,1.0,1,1.0,1,1.0,1,0.07870276782842538,48
2359,2,3110,1658,1452,0,0,0,1.0,1,1.0,1,1.0,1,0.049186579886415664,49
2360,1,3111,1659,1452,0,0,0,1.0,1,1.0,1,1.0,1,0.037474896176566144,49
2361,0,3111,1659,1452,0,0,0,1.0,1,1.0,1,1.0,1,0.0346891545129251,50
2362,0,3111,1659,1452,0,0,0,1.0,1,1.0,1,1.0,1,0.026992356772786146,51
2363,0,3111,1659,1452,0,0,0,1.0,1,1.0,1,1.0,1,0.026992356772786146,51
2364,1,3112,1660,1452,0,0,0,1.0,1,1.0,1,1.0,1,0.03722385467321843,52
2365,2,3114,1662,1452,0,0,0,1.0,1,1.0,1,1.0,1,0.043985775580832706,53
2366,2,3116,1664,1452,0,0,0,1.0,1,1.0,1,1.0,1,0.07564159796774476,54
2367,3,3119,1667,1452,0,0,0,1.0,1,1.0,1,1.0,1,0.09245200159048483,52
2368,5,3124,1670,1454,0,0,0,1.0,1,1.0,1,1.0,1,0.0977908369495452,51
2369,2,3126,1672,1454,0,0,0,1.0,1,1.0,1,1.0,1,0.10402132521734773,51
2370,5,3131,1676,1455,0,0,0,1.0,1,1.0,1,1.0,1,0.11825733615699163,52
2371,5,3136,1679,1457,0,0,0,1.0,1,1.0,1,1.0,1,0.10471478276352994,52
2372,1,3137,1680,1457,0,0,0,1.0,1,1.0,1,1.0,1,0.1291027438255984,49
2373,1,3138,1681,1457,0,0,0,1.0,1,1.0,1,1.0,1,0.12795733275896626,47
2374,1,3139,1681,1458,0,0,0,1.0,1,1.0,1,1.0,1,0.08156305559536503,45
2375,0,3139,1681,1458,0,0,0,1.0,1,1.0,1,1.0,1,0.058399220358694694,45
2376,0,3139,1681,1458,0,0,0,1.0,1,1.0,1,1.0,1,0.05900446843988601,43
2377,2,3141,1682,1459,0,0,0,1.0,1,1.0,1,1.0,1,0.059377103129867444,44
2378,2,3143,1684,1459,0,0,0,1.0,1,1.0,1,1.0,1,0.07092557580259709,43
2379,1,3144,1685,1459,0,0,0,1.0,1,1.0,1,1.0,1,0.0840139944751834,43
2380,2,3146,1685,1461,0,0,0,1.0,1,1.0,1,1.0,1,0.025767446282226898,43
2381,3,3149,1687,1462,0,0,0,1.0,1,1.0,1,1.0,1,0.04383449915282672,44
2382,0,3149,1687,1462,0,0,0,1.0,1,1.0,1,1.0,1,0.04383449915282672,44
2383,2,3151,1689,1462,0,0,0,1.0,1,1.0,1,1.0,1,0.04305291612744815,45
2384,2,3153,1690,1463,0,0,0,1.0,1,1.0,1,1.0,1,0.05146935821380219,45
2385,1,3154,1691,1463,0,0,0,1.0,1,1.0,1,1.0,1,0.050161906049507723,45
2386,2,3156,1693,1463,0,0,0,1.0,1,1.0,1,1.0,1,0.02303843427571608,46
2387,1,3157,1694,1463,0,0,0,1.0,1,1.0,1,1.0,1,0.0646088942187707,44
2388,1,3158,1695,1463,0,0,0,1.0,1,1.0,1,1.0,1,0.04593649223892249,44
2389,1,3159,1696,1463,0,0,0,1.0,1,1.0,1,1.0,1,0.05366248496489463,43
2390,3,3162,1698,1464,0,0,0,1.0,1,1.0,1,1.0,1,0.04942876200318803,44
2391,0,3162,1698,1464,0,0,0,1.0,1,1.0,1,1.0,1,0.05572991010120425,43
2392,1,3163,1699,1464,0,0,0,1.0,1,1.0,1,1.0,1,0.09084388321024105,44
2393,3,3166,1701,1465,0,0,0,1.0,1,1.0,1,1.0,1,0.1295392790313785,45
2394,0,3166,1701,1465,0,0,0,1.0,1,1.0,1,1.0,1,0.15490222126297712,44
2395,1,3167,1702,1465,0,0,0,1.0,1,1.0,1,1.0,1,0.19328116940590673,44
2396,3,3170,1703,1467,0,0,0,1.0,1,1.0,1,1.0,1,0.20264500855901768,45
2397,2,3172,1703,1469,0,0,0,1.0,1,1.0,1,1.0,1,0.21343189688237235,44
2398,5,3177,1704,1473,0,0,0,1.0,1,1.0,1,1.0,1,0.19967623135173812,44
2399,0,3177,1704,1473,0,0,0,1.0,1,1.0,1,1.0,1,0.20095576051190245,45
2400,0,3177,1704,1473,0,0,0,1.0,1,1.0,1,1.0,1,0.20095576051190245,45
2401,3,3180,1704,1476,0,0,0,1.0,1,1.0,1,1.0,1,0.16575171317421242,46
2402,1,3181,1704,1477,0,0,0,1.0,1,1.0,1,1.0,1,0.12314570048362943,47
2403,1,3182,1704,1478,0,0,0,1.0,1,1.0,1,1.0,1,0.10706707144654627,48
2404,2,3184,1706,1478,0,0,0,1.0,1,1.0,1,1.0,1,0.13382330843704066,47
2405,0,3184,1706,1478,0,0,0,1.0,1,1.0,1,1.0,1,0.11508794995184853,45
2406,0,3184,1706,1478,0,0,0,1.0,1,1.0,1,1.0,1,0.11508794995184853,45
2407,3,3187,1708,1479,0,0,0,1.0,1,1.0,1,1.0,1,0.04500869422854106,42
2408,1,3188,1709,1479,0,0,0,1.0,1,1.0,1,1.0,1,0.05621654853399739,41
2409,3,3191,1712,1479,0,0,0,1.0,1,1.0,1,1.0,1,0.054656871712059865,41
2410,0,3191,1712,1479,0,0,0,1.0,1,1.0,1,1.0,1,0.04365902807508394,40
2411,2,3193,1714,1479,0,0,0,1.0,1,1.0,1,1.0,1,0.07849410891144946,40
2412,2,3195,1716,1479,0,0,0,1.0,1,1.0,1,1.0,1,0.06991051653019308,38
2413,3,3198,1718,1480,0,0,0,1.0,1,1.0,1,1.0,1,0.13000292303969943,38
2414,3,3201,1720,1481,0,0,0,1.0,1,1.0,1,1.0,1,0.14868831150332917,36
2415,2,3203,1721,1482,0,0,0,1.0,1,1.0,1,1.0,1,0.17309323142684413,36
2416,3,3206,1721,1485,0,0,0,1.0,1,1.0,1,1.0,1,0.10626027323433801,35
2417,1,3207,1721,1486,0,0,0,1.0,1,1.0,1,1.0,1,0.16553126945121063,33
2418,0,3207,1721,1486,0,0,0,1.0,1,1.0,1,1.0,1,0.16553126945121063,33
2419,1,3208,1721,1487,0,0,0,1.0,1,1.0,1,1.0,1,0.1894251482619658,33
2420,3,3211,1722,1489,0,0,0,1.0,1,1.0,1,1.0,1,0.06922675900545007,34
2421,0,3211,1722,1489,0,0,0,1.0,1,1.0,1,1.0,1,0.06922675900545007,34
2422,1,3212,1723,1489,0,0,0,1.0,1,1.0,1,1.0,1,0.03964435300145493,35
2423,1,3213,1724,1489,0,0,0,1.0,1,1.0,1,1.0,1,0.04186105461043809,36
2424,1,3214,1725,1489,0,0,0,1.0,1,1.0,1,1.0,1,0.04935495918530391,35
2425,3,3217,1728,1489,0,0,0,1.0,1,1.0,1,1.0,1,0.14445527832676774,33
2426,1,3218,1728,1490,0,0,0,1.0,1,1.0,1,1.0,1,0.1350185534302548,34
2427,1,3219,1729,1490,0,0,0,1.0,1,1.0,1,1.0,1,0.12203382938350119,34
2428,1,3220,1729,1491,0,0,0,1.0,1,1.0,1,1.0,1,0.10973114504445486,34
2429,1,3221,1730,1491,0,0,0,1.0,1,1.0,1,1.0,1,0.16575943794801037,34
2430,0,3221,1730,1491,0,0,0,1.0,1,1.0,1,1.0,1,0.19906926315059967,33
2431,3,3224,1730,1494,0,0,0,1.0,1,1.0,1,1.0,1,0.1340253727774898,33
2432,0,3224,1730,1494,0,0,0,1.0,1,1.0,1,1.0,1,0.18187684266712736,33
2433,3,3227,1732,1495,0,0,0,1.0,1,1.0,1,1.0,1,0.14929193544242936,34
2434,1,3228,1732,1496,0,0,0,1.0,1,1.0,1,1.0,1,0.11690856655923702,34
2435,0,3228,1732,1496,0,0,0,1.0,1,1.0,1,1.0,1,0.11690856655923702,34
2436,0,3228,1732,1496,0,0,0,1.0,1,1.0,1,1.0,1,0.1392211150268281,33
2437,2,3230,1734,1496,0,0,0,1.0,1,1.0,1,1.0,1,0.20902264101245804,33
2438,2,3232,1735,1497,0,0,0,1.0,1,1.0,1,1.0,1,0.15203951226428833,34
2439,1,3233,1735,1498,0,0,0,1.0,1,1.0,1,1.0,1,0.13265259168856253,35
2440,1,3234,1735,1499,0,0,0,1.0,1,1.0,1,1.0,1,0.12282648084308162,35
2441,2,3236,1737,1499,0,0,0,1.0,1,1.0,1,1.0,1,0.12928598580414763,35
2442,0,3236,1737,1499,0,0,0,1.0,1,1.0,1,1.0,1,0.11217283778050184,35
2443,5,3241,1740,1501,0,0,0,1.0,1,1.0,1,1.0,1,0.15176403348125633,35
2444,1,3242,1740,1502,0,0,0,1.0,1,1.0,1,1.0,1,0.1706185075562393,34
2445,1,3243,1741,1502,0,0,0,1.0,1,1.0,1,1.0,1,0.2089527036441606,33
2446,3,3246,1741,1505,0,0,0,1.0,1,1.0,1,1.0,1,0.16675610900588558,30
2447,0,3246,1741,1505,0,0,0,1.0,1,1.0,1,1.0,1,0.14514534781179944,29
2448,2,3248,1743,1505,0,0,0,1.0,1,1.0,1,1.0,1,0.11752291593203575,27
2449,1,3249,1743,1506,0,0,0,1.0,1,1.0,1,1.0,1,0.08981332732914915,26
2450,1,3250,1744,1506,0,0,0,1.0,1,1.0,1,1.0,1,0.12242087586057568,28
2451,0,3250,1744,1506,0,0,0,1.0,1,1.0,1,1.0,1,0.12242087586057568,28
2452,1,3251,1745,1506,0,0,0,1.0,1,1.0,1,1.0,1,0.11533295445024172,29
2453,1,3252,1746,1506,0,0,0,1.0,1,1.0,1,1.0,1,0.11957286603789948,30
2454,4,3256,1748,1508,0,0,0,1.0,1,1.0,1,1.0,1,0.04610267120958839,32
2455,1,3257,1749,1508,0,0,0,1.0,1,1.0,1,1.0,1,0.016585589064760316,33
2456,2,3259,1751,1508,0,0,0,1.0,1,1.0,1,1.0,1,0.059724314010715214,34
2457,1,3260,1752,1508,0,0,0,1.0,1,1.0,1,1.0,1,0.09523350687952692,34
2458,1,3261,1752,1509,0,0,0,1.0,1,1.0,1,1.0,1,0.09030767453661274,36
2459,1,3262,1752,1510,0,0,0,1.0,1,1.0,1,1.0,1,0.06137153602057195,36
2460,1,3263,1753,1510,0,0,0,1.0,1,1.0,1,1.0,1,0.09014689550560671,37
2461,1,3264,1754,1510,0,0,0,1.0,1,1.0,1,1.0,1,0.13102798274594762,37
2462,0,3264,1754,1510,0,0,0,1.0,1,1.0,1,1.0,1,0.15020491908874872,38
2463,1,3265,1755,1510,0,0,0,1.0,1,1.0,1,1.0,1,0.11240944891651815,38
2464,3,3268,1757,1511,0,0,0,1.0,1,1.0,1,1.0,1,0.09410788976116431,37
2465,1,3269,1758,1511,0,0,0,1.0,1,1.0,1,1.0,1,0.11669502314089326,36
2466,1,3270,1759,1511,0,0,0,1.0,1,1.0,1,1.0,1,0.14061957601479966,36
2467,3,3273,1759,1514,0,0,0,1.0,1,1.0,1,1.0,1,0.08950138869309628,34
2468,1,3274,1760,1514,0,0,0,1.0,1,1.0,1,1.0,1,0.0940593598157992,33
2469,1,3275,1761,1514,0,0,0,1.0,1,1.0,1,1.0,1,0.10352662700786519,32
2470,1,3276,1761,1515,0,0,0,1.0,1,1.0,1,1.0,1,0.05235656270528914,33
2471,0,3276,1761,1515,0,0,0,1.0,1,1.0,1,1.0,1,0.11804652423595623,31
2472,0,3276,1761,1515,0,0,0,1.0,1,1.0,1,1.0,1,0.1106904007878581,32
2473,1,3277,1762,1515,0,0,0,1.0,1,1.0,1,1.0,1,0.15376043901894595,31
2474,2,3279,1762,1517,0,0,0,1.0,1,1.0,1,1.0,1,0.11571672794225574,33
2475,1,3280,1763,1517,0,0,0,1.0,1,1.0,1,1.0,1,0.15919578059759243,33
2476,2,3282,1764,1518,0,0,0,1.0,1,1.0,1,1.0,1,0.19730548279937188,33
2477,1,3283,1765,1518,0,0,0,1.0,1,1.0,1,1.0,1,0.22834289953885958,33
2478,0,3283,1765,1518,0,0,0,1.0,1,1.0,1,1.0,1,0.22834289953885958,33
2479,3,3286,1767,1519,0,0,0,1.0,1,1.0,1,1.0,1,0.24504937368057314,33
2480,1,3287,1768,1519,0,0,0,1.0,1,1.0,1,1.0,1,0.22781280988184666,34
2481,5,3292,1771,1521,0,0,0,1.0,1,1.0,1,1.0,1,0.15713415991431615,33
2482,3,3295,1772,1523,0,0,0,1.0,1,1.0,1,1.0,1,0.09738451088385912,34
2483,1,3296,1772,1524,0,0,0,1.0,1,1.0,1,1.0,1,0.05857666932175529,33
2484,1,3297,1773,1524,0,0,0,1.0,1,1.0,1,1.0,1,0.04816304884242689,32
2485,2,3299,1775,1524,0,0,0,1.0,1,1.0,1,1.0,1,0.01859006868123775,31
2486,2,3301,1777,1524,0,0,0,1.0,1,1.0,1,1.0,1,0.05421285005885158,29
2487,0,3301,1777,1524,0,0,0,1.0,1,1.0,1,1.0,1,0.05421285005885158,29
2488,2,3303,1779,1524,0,0,0,1.0,1,1.0,1,1.0,1,0.08734185157392609,30
2489,1,3304,1780,1524,0,0,0,1.0,1,1.0,1,1.0,1,0.05039065477937595,29
2490,0,3304,1780,1524,0,0,0,1.0,1,1.0,1,1.0,1,0.043301227607412396,30
2491,0,3304,1780,1524,0,0,0,1.0,1,1.0,1,1.0,1,0.05095799958132956,30
2492,1,3305,1781,1524,0,0,0,1.0,1,1.0,1,1.0,1,0.06830326813575553,29
2493,0,3305,1781,1524,0,0,0,1.0,1,1.0,1,1.0,1,0.06830326813575553,29
2494,1,3306,1782,1524,0,0,0,1.0,1,1.0,1,1.0,1,0.04022451165486219,28
2495,0,3306,1782,1524,0,0,0,1.0,1,1.0,1,1.0,1,0.029828215055073035,29
2496,0,3306,1782,1524,0,0,0,1.0,1,1.0,1,1.0,1,0.033076848155265896,28
2497,0,3306,1782,1524,0,0,0,1.0,1,1.0,1,1.0,1,0.05878164335871114,28
2498,0,3306,1782,1524,0,0,0,1.0,1,1.0,1,1.0,1,0.08478437870983369,29
2499,1,3307,1782,1525,0,0,0,1.0,1,1.0,1,1.0,1,0.06674280836038995,30
2500,0,3307,1782,1525,0,0,0,1.0,1,1.0,1,1.0,1,0.09923730334986529,29
2501,4,3311,1785,1526,0,0,0,1.0,1,1.0,1,1.0,1,0.05746010598457203,33
2502,1,3312,1786,1526,0,0,0,1.0,1,1.0,1,1.0,1,0.07159299729106468,33
2503,2,3314,1788,1526,0,0,0,1.0,1,1.0,1,1.0,1,0.09668757514734316,31
2504,2,3316,1790,1526,0,0,0,1.0,1,1.0,1,1.0,1,0.0671418377733161,31
2505,2,3318,1792,1526,0,0,0,1.0,1,1.0,1,1.0,1,0.040050598006908585,32
2506,2,3320,1794,1526,0,0,0,1.0,1,1.0,1,1.0,1,0.10099991900342248,31
2507,4,3324,1797,1527,0,0,0,1.0,1,1.0,1,1.0,1,0.1312008892215773,29
2508,3,3327,1799,1528,0,0,0,1.0,1,1.0,1,1.0,1,0.1262741482503368,31
2509,1,3328,1799,1529,0,0,0,1.0,1,1.0,1,1.0,1,0.10343961382532763,30
2510,1,3329,1799,1530,0,0,0,1.0,1,1.0,1,1.0,1,0.09764063983215493,31
2511,0,3329,1799,1530,0,0,0,1.0,1,1.0,1,1.0,1,0.09060297901543414,32
2512,2,3331,1801,1530,0,0,0,1.0,1,1.0,1,1.0,1,0.11486365041509564,32
2513,3,3334,1802,1532,0,0,0,1.0,1,1.0,1,1.0,1,0.028825629305121527,34
2514,1,3335,1803,1532,0,0,0,1.0,1,1.0,1,1.0,1,0.059203131638981527,35
2515,0,3335,1803,1532,0,0,0,1.0,1,1.0,1,1.0,1,0.059203131638981527,35
2516,1,3336,1804,1532,0,0,0,1.0,1,1.0,1,1.0,1,0.16250848986426258,34
2517,3,3339,1805,1534,0,0,0,1.0,1,1.0,1,1.0,1,0.14221491273525708,34
2518,2,3341,1806,1535,0,0,0,1.0,1,1.0,1,1.0,1,0.17275215114109313,33
2519,0,3341,1806,1535,0,0,0,1.0,1,1.0,1,1.0,1,0.14125419200373537,32
2520,3,3344,1807,1537,0,0,0,1.0,1,1.0,1,1.0,1,0.031982524067868286,31
2521,1,3345,1808,1537,0,0,0,1.0,1,1.0,1,1.0,1,0.07552156279616781,31
2522,0,3345,1808,1537,0,0,0,1.0,1,1.0,1,1.0,1,0.06497023004781655,30
2523,0,3345,1808,1537,0,0,0,1.0,1,1.0,1,1.0,1,0.08143651562806038,30
2524,1,3346,1808,1538,0,0,0,1.0,1,1.0,1,1.0,1,0.11329661609851724,29
2525,0,3346,1808,1538,0,0,0,1.0,1,1.0,1,1.0,1,0.11329661609851724,29
2526,0,3346,1808,1538,0,0,0,1.0,1,1.0,1,1.0,1,0.14543547576812577,27
2527,0,3346,1808,1538,0,0,0,1.0,1,1.0,1,1.0,1,0.13480189568696918,28
2528,0,3346,1808,1538,0,0,0,1.0,1,1.0,1,1.0,1,0.13480189568696918,28
2529,0,3346,1808,1538,0,0,0,1.0,1,1.0,1,1.0,1,0.13480189568696918,28
2530,0,3346,1808,1538,0,0,0,1.0,1,1.0,1,1.0,1,0.13182214841627882,29
2531,0,3346,1808,1538,0,0,0,1.0,1,1.0,1,1.0,1,0.13598224507332668,30
2532,0,3346,1808,1538,0,0,0,1.0,1,1.0,1,1.0,1,0.12647726827664058,31
2533,0,3346,1808,1538,0,0,0,1.0,1,1.0,1,1.0,1,0.12647726827664058,31
2534,0,3346,1808,1538,0,0,0,1.0,1,1.0,1,1.0,1,0.12647726827664058,31
2535,1,3347,1809,1538,0,0,0,1.0,1,1.0,1,1.0,1,0.15954465322451722,31
2536,0,3347,1809,1538,0,0,0,1.0,1,1.0,1,1.0,1,0.1549668553479814,32
2537,3,3350,1811,1539,0,0,0,1.0,1,1.0,1,1.0,1,0.1705609599464868,33
2538,1,3351,1811,1540,0,0,0,1.0,1,1.0,1,1.0,1,0.13114419125612142,35
2539,3,3354,1814,1540,0,0,0,1.0,1,1.0,1,1.0,1,0.15293863709709551,37
2540,8,3362,1818,1544,0,0,0,1.0,1,1.0,1,1.0,1,0.12225591838170423,38
2541,1,3363,1818,1545,0,0,0,1.0,1,1.0,1,1.0,1,0.09887102336498792,39
2542,4,3367,1821,1546,0,0,0,1.0,1,1.0,1,1.0,1,0.12413844443647983,38
2543,1,3368,1822,1546,0,0,0,1.0,1,1.0,1,1.0,1,0.13019136770276626,41
2544,1,3369,1823,1546,0,0,0,1.0,1,1.0,1,1.0,1,0.11918191089273812,39
2545,1,3370,1824,1546,0,0,0,1.0,1,1.0,1,1.0,1,0.150630141422163,40
2546,2,3372,1826,1546,0,0,0,1.0,1,1.0,1,1.0,1,0.15423650562989605,38
2547,4,3376,1830,1546,0,0,0,1.0,1,1.0,1,1.0,1,0.16413852779077404,38
2548,0,3376,1830,1546,0,0,0,1.0,1,1.0,1,1.0,1,0.1441280650490825,35
2549,0,3376,1830,1546,0,0,0,1.0,1,1.0,1,1.0,1,0.1315037844999947,35
2550,0,3376,1830,1546,0,0,0,1.0,1,1.0,1,1.0,1,0.13444710234582258,33
2551,1,3377,1831,1546,0,0,0,1.0,1,1.0,1,1.0,1,0.1930622171648777,31
2552,0,3377,1831,1546,0,0,0,1.0,1,1.0,1,1.0,1,0.20084654989971032,30
2553,1,3378,1832,1546,0,0,0,1.0,1,1.0,1,1.0,1,0.23718506834716704,30
2554,2,3380,1832,1548,0,0,0,1.0,1,1.0,1,1.0,1,0.18061776964904036,32
2555,0,3380,1832,1548,0,0,0,1.0,1,1.0,1,1.0,1,0.22837104634374256,32
2556,1,3381,1833,1548,0,0,0,1.0,1,1.0,1,1.0,1,0.1956465577574992,32
2557,0,3381,1833,1548,0,0,0,1.0,1,1.0,1,1.0,1,0.20778737403151906,30
2558,0,3381,1833,1548,0,0,0,1.0,1,1.0,1,1.0,1,0.17170207553857939,31
2559,0,3381,1833,1548,0,0,0,1.0,1,1.0,1,1.0,1,0.1595474999675855,30
2560,0,3381,1833,1548,0,0,0,1.0,1,1.0,1,1.0,1,0.1595474999675855,30
2561,0,3381,1833,1548,0,0,0,1.0,1,1.0,1,1.0,1,0.1595474999675855,30
2562,0,3381,1833,1548,0,0,0,1.0,1,1.0,1,1.0,1,0.16646281755435033,33
2563,0,3381,1833,1548,0,0,0,1.0,1,1.0,1,1.0,1,0.16646281755435033,33
2564,0,3381,1833,1548,0,0,0,1.0,1,1.0,1,1.0,1,0.16646281755435033,33
2565,1,3382,1834,1548,0,0,0,1.0,1,1.0,1,1.0,1,0.14100361077970172,33
2566,1,3383,1835,1548,0,0,0,1.0,1,1.0,1,1.0,1,0.14074670059277647,35
2567,2,3385,1837,1548,0,0,0,1.0,1,1.0,1,1.0,1,0.16460750718361275,36
2568,1,3386,1838,1548,0,0,0,1.0,1,1.0,1,1.0,1,0.20262694772526046,37
2569,1,3387,1838,1549,0,0,0,1.0,1,1.0,1,1.0,1,0.1858120066218728,37
2570,0,3387,1838,1549,0,0,0,1.0,1,1.0,1,1.0,1,0.19714952747264086,37
2571,0,3387,1838,1549,0,0,0,1.0,1,1.0,1,1.0,1,0.19714952747264086,37
2572,0,3387,1838,1549,0,0,0,1.0,1,1.0,1,1.0,1,0.17665533703049527,39
2573,0,3387,1838,1549,0,0,0,1.0,1,1.0,1,1.0,1,0.17665533703049527,39
2574,0,3387,1838,1549,0,0,0,1.0,1,1.0,1,1.0,1,0.1747157693032323,38
2575,0,3387,1838,1549,0,0,0,1.0,1,1.0,1,1.0,1,0.1747157693032323,38
2576,0,3387,1838,1549,0,0,0,1.0,1,1.0,1,1.0,1,0.20317421156107257,37
2577,1,3388,1839,1549,0,0,0,1.0,1,1.0,1,1.0,1,0.21699654663107437,39
2578,3,3391,1841,1550,0,0,0,1.0,1,1.0,1,1.0,1,0.23844143493313097,40
2579,1,3392,1841,1551,0,0,0,1.0,1,1.0,1,1.0,1,0.20763351767686727,41
2580,4,3396,1842,1554,0,0,0,1.0,1,1.0,1,1.0,1,0.16638330730014808,42
2581,2,3398,1842,1556,0,0,0,1.0,1,1.0,1,1.0,1,0.11153904723466976,43
2582,2,3400,1842,1558,0,0,0,1.0,1,1.0,1,1.0,1,0.05868263513630504,43
2583,2,3402,1843,1559,0,0,0,1.0,1,1.0,1,1.0,1,0.0422620006233754,43
2584,0,3402,1843,1559,0,0,0,1.0,1,1.0,1,1.0,1,0.040319315225231175,43
2585,1,3403,1844,1559,0,0,0,1.0,1,1.0,1,1.0,1,0.05830863103225912,44
2586,0,3403,1844,1559,0,0,0,1.0,1,1.0,1,1.0,1,0.052853000306660736,43
2587,6,3409,1848,1561,0,0,0,1.0,1,1.0,1,1.0,1,0.0854198445219003,44
2588,0,3409,1848,1561,0,0,0,1.0,1,1.0,1,1.0,1,0.0854198445219003,44
2589,2,3411,1850,1561,0,0,0,1.0,1,1.0,1,1.0,1,0.09184325147965346,44
2590,3,3414,1851,1563,0,0,0,1.0,1,1.0,1,1.0,1,0.012098485987297743,44
2591,1,3415,1852,1563,0,0,0,1.0,1,1.0,1,1.0,1,0.028107515717358728,44
2592,1,3416,1853,1563,0,0,0,1.0,1,1.0,1,1.0,1,0.06267652431815132,44
2593,3,3419,1855,1564,0,0,0,1.0,1,1.0,1,1.0,1,0.059050167422507266,43
2594,1,3420,1855,1565,0,0,0,1.0,1,1.0,1,1.0,1,0.05145630076775583,48
2595,1,3421,1856,1565,0,0,0,1.0,1,1.0,1,1.0,1,0.03562593006175307,45
2596,1,3422,1857,1565,0,0,0,1.0,1,1.0,1,1.0,1,0.06836744236127335,46
2597,2,3424,1858,1566,0,0,0,1.0,1,1.0,1,1.0,1,0.043990613416627335,45
2598,0,3424,1858,1566,0,0,0,1.0,1,1.0,1,1.0,1,0.043990613416627335,45
2599,3,3427,1860,1567,0,0,0,1.0,1,1.0,1,1.0,1,0.04889280327292378,45
2600,2,3429,1861,1568,0,0,0,1.0,1,1.0,1,1.0,1,0.008035408963158377,48
2601,0,3429,1861,1568,0,0,0,1.0,1,1.0,1,1.0,1,0.021252085638660465,47
2602,0,3429,1861,1568,0,0,0,1.0,1,1.0,1,1.0,1,0.027353097822965893,48
2603,0,3429,1861,1568,0,0,0,1.0,1,1.0,1,1.0,1,0.027353097822965893,48
2604,0,3429,1861,1568,0,0,0,1.0,1,1.0,1,1.0,1,0.029404701728396595,47
2605,0,3429,1861,1568,0,0,0,1.0,1,1.0,1,1.0,1,0.029404701728396595,47
2606,0,3429,1861,1568,0,0,0,1.0,1,1.0,1,1.0,1,0.027459261249953706,46
2607,0,3429,1861,1568,0,0,0,1.0,1,1.0,1,1.0,1,0.04905814225425087,45
2608,1,3430,1862,1568,0,0,0,1.0,1,1.0,1,1.0,1,0.031148137648864732,45
2609,1,3431,1863,1568,0,0,0,1.0,1,1.0,1,1.0,1,0.033371605264176575,44
2610,2,3433,1865,1568,0,0,0,1.0,1,1.0,1,1.0,1,0.09415239722517223,45
2611,5,3438,1870,1568,0,0,0,1.0,1,1.0,1,1.0,1,0.13091246835975748,46
2612,3,3441,1872,1569,0,0,0,1.0,1,1.0,1,1.0,1,0.12370539418219839,47
2613,1,3442,1873,1569,0,0,0,1.0,1,1.0,1,1.0,1,0.15663585790151383,48
2614,5,3447,1875,1572,0,0,0,1.0,1,1.0,1,1.0,1,0.19412565637996662,48
2615,3,3450,1878,1572,0,0,0,1.0,1,1.0,1,1.0,1,0.1749462796802865,49
2616,0,3450,1878,1572,0,0,0,1.0,1,1.0,1,1.0,1,0.1749462796802865,49
2617,1,3451,1878,1573,0,0,0,1.0,1,1.0,1,1.0,1,0.14725528804310323,48
2618,1,3452,1878,1574,0,0,0,1.0,1,1.0,1,1.0,1,0.14611427982962977,47
2619,0,3452,1878,1574,0,0,0,1.0,1,1.0,1,1.0,1,0.12274225601117443,50
2620,4,3456,1881,1575,0,0,0,1.0,1,1.0,1,1.0,1,0.12218374546733435,51
2621,3,3459,1882,1577,0,0,0,1.0,1,1.0,1,1.0,1,0.12927584902615322,52
2622,2,3461,1884,1577,0,0,0,1.0,1,1.0,1,1.0,1,0.1242715903347701,52
2623,2,3463,1884,1579,0,0,0,1.0,1,1.0,1,1.0,1,0.08931671339833915,53
2624,0,3463,1884,1579,0,0,0,1.0,1,1.0,1,1.0,1,0.1275604986575018,51
2625,2,3465,1886,1579,0,0,0,1.0,1,1.0,1,1.0,1,0.1291107812954348,50
2626,2,3467,1886,1581,0,0,0,1.0,1,1.0,1,1.0,1,0.12312155332951213,49
2627,2,3469,1887,1582,0,0,0,1.0,1,1.0,1,1.0,1,0.11099953066605431,48
2628,1,3470,1888,1582,0,0,0,1.0,1,1.0,1,1.0,1,0.12743573856546334,48
2629,1,3471,1888,1583,0,0,0,1.0,1,1.0,1,1.0,1,0.1169423969018668,47
2630,0,3471,1888,1583,0,0,0,1.0,1,1.0,1,1.0,1,0.13259493557963498,47
2631,1,3472,1889,1583,0,0,0,1.0,1,1.0,1,1.0,1,0.12379691936519148,47
2632,1,3473,1889,1584,0,0,0,1.0,1,1.0,1,1.0,1,0.11951558981081156,47
2633,1,3474,1890,1584,0,0,0,1.0,1,1.0,1,1.0,1,0.11314436925016745,44
2634,2,3476,1890,1586,0,0,0,1.0,1,1.0,1,1.0,1,0.0707077621817153,44
2635,2,3478,1892,1586,0,0,0,1.0,1,1.0,1,1.0,1,0.08069367182719123,45
2636,3,3481,1895,1586,0,0,0,1.0,1,1.0,1,1.0,1,0.13670292732978206,40
2637,3,3484,1898,1586,0,0,0,1.0,1,1.0,1,1.0,1,0.1428668538335504,41
2638,4,3488,1901,1587,0,0,0,1.0,1,1.0,1,1.0,1,0.17964237950868803,38
2639,2,3490,1901,1589,0,0,0,1.0,1,1.0,1,1.0,1,0.13170758008113698,39
2640,2,3492,1903,1589,0,0,0,1.0,1,1.0,1,1.0,1,0.15362802637411244,38
2641,2,3494,1904,1590,0,0,0,1.0,1,1.0,1,1.0,1,0.11717811122703657,37
2642,2,3496,1906,1590,0,0,0,1.0,1,1.0,1,1.0,1,0.1383516335840146,38
2643,1,3497,1906,1591,0,0,0,1.0,1,1.0,1,1.0,1,0.07500647364456653,37
2644,2,3499,1908,1591,0,0,0,1.0,1,1.0,1,1.0,1,0.09366066491974004,36
2645,0,3499,1908,1591,0,0,0,1.0,1,1.0,1,1.0,1,0.07075566758530195,35
2646,1,3500,1909,1591,0,0,0,1.0,1,1.0,1,1.0,1,0.10593396365649797,35
2647,3,3503,1912,1591,0,0,0,1.0,1,1.0,1,1.0,1,0.09870435247507826,35
2648,0,3503,1912,1591,0,0,0,1.0,1,1.0,1,1.0,1,0.07089021385654987,36
2649,0,3503,1912,1591,0,0,0,1.0,1,1.0,1,1.0,1,0.08334268957381762,37
2650,3,3506,1914,1592,0,0,0,1.0,1,1.0,1,1.0,1,0.06843952925597192,39
2651,1,3507,1915,1592,0,0,0,1.0,1,1.0,1,1.0,1,0.05685320296484193,39
2652,0,3507,1915,1592,0,0,0,1.0,1,1.0,1,1.0,1,0.05685320296484193,39
2653,0,3507,1915,1592,0,0,0,1.0,1,1.0,1,1.0,1,0.05685320296484193,39
2654,1,3508,1916,1592,0,0,0,1.0,1,1.0,1,1.0,1,0.062199920262769624,40
2655,0,3508,1916,1592,0,0,0,1.0,1,1.0,1,1.0,1,0.062199920262769624,40
2656,1,3509,1917,1592,0,0,0,1.0,1,1.0,1,1.0,1,0.0695231142995982,39
2657,1,3510,1917,1593,0,0,0,1.0,1,1.0,1,1.0,1,0.0644355213428827,40
2658,0,3510,1917,1593,0,0,0,1.0,1,1.0,1,1.0,1,0.08012620606378393,41
2659,0,3510,1917,1593,0,0,0,1.0,1,1.0,1,1.0,1,0.08012620606378393,41
2660,2,3512,1919,1593,0,0,0,1.0,1,1.0,1,1.0,1,0.09396905692600695,40
2661,3,3515,1921,1594,0,0,0,1.0,1,1.0,1,1.0,1,0.09124652265369722,40
2662,2,3517,1922,1595,0,0,0,1.0,1,1.0,1,1.0,1,0.03514421422574119,42
2663,2,3519,1924,1595,0,0,0,1.0,1,1.0,1,1.0,1,0.02574552569045914,41
2664,1,3520,1925,1595,0,0,0,1.0,1,1.0,1,1.0,1,0.06261765662793813,42
2665,3,3523,1928,1595,0,0,0,1.0,1,1.0,1,1.0,1,0.11622897180929662,43
2666,3,3526,1930,1596,0,0,0,1.0,1,1.0,1,1.0,1,0.13168625498565195,44
2667,1,3527,1931,1596,0,0,0,1.0,1,1.0,1,1.0,1,0.19132033282128155,42
2668,5,3532,1932,1600,0,0,0,1.0,1,1.0,1,1.0,1,0.14102279071849697,41
2669,2,3534,1932,1602,0,0,0,1.0,1,1.0,1,1.0,1,0.11398829255968987,42
2670,1,3535,1932,1603,0,0,0,1.0,1,1.0,1,1.0,1,0.12390965243818021,40
2671,1,3536,1933,1603,0,0,0,1.0,1,1.0,1,1.0,1,0.10624385911861706,39
2672,0,3536,1933,1603,0,0,0,1.0,1,1.0,1,1.0,1,0.10144444653709435,36
2673,3,3539,1935,1604,0,0,0,1.0,1,1.0,1,1.0,1,0.09957455995981983,35
2674,2,3541,1937,1604,0,0,0,1.0,1,1.0,1,1.0,1,0.07208560196679713,33
2675,2,3543,1939,1604,0,0,0,1.0,1,1.0,1,1.0,1,0.14230647195397325,34
2676,1,3544,1940,1604,0,0,0,1.0,1,1.0,1,1.0,1,0.07333185572342794,32
2677,3,3547,1943,1604,0,0,0,1.0,1,1.0,1,1.0,1,0.15770999519632026,33
2678,0,3547,1943,1604,0,0,0,1.0,1,1.0,1,1.0,1,0.12635494481929455,33
2679,2,3549,1945,1604,0,0,0,1.0,1,1.0,1,1.0,1,0.14649859705130455,32
2680,1,3550,1946,1604,0,0,0,1.0,1,1.0,1,1.0,1,0.1219704749815347,32
2681,0,3550,1946,1604,0,0,0,1.0,1,1.0,1,1.0,1,0.07671328026963098,32
2682,0,3550,1946,1604,0,0,0,1.0,1,1.0,1,1.0,1,0.04312881682613597,33
2683,0,3550,1946,1604,0,0,0,1.0,1,1.0,1,1.0,1,0.02469021869709433,32
2684,0,3550,1946,1604,0,0,0,1.0,1,1.0,1,1.0,1,0.019003950303873834,31
2685,0,3550,1946,1604,0,0,0,1.0,1,1.0,1,1.0,1,0.019003950303873834,31
2686,0,3550,1946,1604,0,0,0,1.0,1,1.0,1,1.0,1,0.04731009276760328,30
2687,0,3550,1946,1604,0,0,0,1.0,1,1.0,1,1.0,1,0.04731009276760328,30
2688,2,3552,1948,1604,0,0,0,1.0,1,1.0,1,1.0,1,0.07014195575591671,30
2689,2,3554,1950,1604,0,0,0,1.0,1,1.0,1,1.0,1,0.10441692375529064,31
2690,5,3559,1955,1604,0,0,0,1.0,1,1.0,1,1.0,1,0.1860479163004683,31
2691,3,3562,1956,1606,0,0,0,1.0,1,1.0,1,1.0,1,0.14397751073153237,32
2692,4,3566,1958,1608,0,0,0,1.0,1,1.0,1,1.0,1,0.12811151710159546,32
2693,2,3568,1960,1608,0,0,0,1.0,1,1.0,1,1.0,1,0.10632183674591078,33
2694,0,3568,1960,1608,0,0,0,1.0,1,1.0,1,1.0,1,0.1266865553526915,34
2695,1,3569,1960,1609,0,0,0,1.0,1,1.0,1,1.0,1,0.075214200539225,35
2696,0,3569,1960,1609,0,0,0,1.0,1,1.0,1,1.0,1,0.075214200539225,35
2697,2,3571,1962,1609,0,0,0,1.0,1,1.0,1,1.0,1,0.07046112888535223,35
2698,1,3572,1962,1610,0,0,0,1.0,1,1.0,1,1.0,1,0.02679302866540808,36
2699,0,3572,1962,1610,0,0,0,1.0,1,1.0,1,1.0,1,0.05645319749584189,36
2700,0,3572,1962,1610,0,0,0,1.0,1,1.0,1,1.0,1,0.06958712276537535,37
2701,1,3573,1963,1610,0,0,0,1.0,1,1.0,1,1.0,1,0.042829504586145324,37
2702,3,3576,1966,1610,0,0,0,1.0,1,1.0,1,1.0,1,0.14152913219069138,37
2703,1,3577,1967,1610,0,0,0,1.0,1,1.0,1,1.0,1,0.11979279968675213,38
2704,4,3581,1968,1613,0,0,0,1.0,1,1.0,1,1.0,1,0.10583335733260898,37
2705,1,3582,1969,1613,0,0,0,1.0,1,1.0,1,1.0,1,0.10389494533789069,36
2706,2,3584,1971,1613,0,0,0,1.0,1,1.0,1,1.0,1,0.12528920963164308,36
2707,2,3586,1972,1614,0,0,0,1.0,1,1.0,1,1.0,1,0.14385171454388931,35
2708,2,3588,1973,1615,0,0,0,1.0,1,1.0,1,1.0,1,0.13167610013439424,36
2709,2,3590,1975,1615,0,0,0,1.0,1,1.0,1,1.0,1,0.1609906701341147,32
2710,2,3592,1975,1617,0,0,0,1.0,1,1.0,1,1.0,1,0.10999497872380595,29
2711,0,3592,1975,1617,0,0,0,1.0,1,1.0,1,1.0,1,0.05284718579934951,29
2712,0,3592,1975,1617,0,0,0,1.0,1,1.0,1,1.0,1,0.07617820254751607,28
2713,0,3592,1975,1617,0,0,0,1.0,1,1.0,1,1.0,1,0.04574443007721228,28
2714,1,3593,1976,1617,0,0,0,1.0,1,1.0,1,1.0,1,0.08688175503122306,26
2715,0,3593,1976,1617,0,0,0,1.0,1,1.0,1,1.0,1,0.11447161168591528,24
2716,1,3594,1977,1617,0,0,0,1.0,1,1.0,1,1.0,1,0.14834928235188974,24
2717,4,3598,1980,1618,0,0,0,1.0,1,1.0,1,1.0,1,0.1178058604995856,25
2718,2,3600,1981,1619,0,0,0,1.0,1,1.0,1,1.0,1,0.15091205962007703,25
2719,4,3604,1983,1621,0,0,0,1.0,1,1.0,1,1.0,1,0.11164948047694379,25
2720,2,3606,1985,1621,0,0,0,1.0,1,1.0,1,1.0,1,0.23030146776058918,25
2721,3,3609,1987,1622,0,0,0,1.0,1,1.0,1,1.0,1,0.2242646650752375,25
2722,3,3612,1988,1624,0,0,0,1.0,1,1.0,1,1.0,1,0.20800067238647307,26
2723,0,3612,1988,1624,0,0,0,1.0,1,1.0,1,1.0,1,0.20800067238647307,26
2724,1,3613,1989,1624,0,0,0,1.0,1,1.0,1,1.0,1,0.15066259515506505,27
2725,0,3613,1989,1624,0,0,0,1.0,1,1.0,1,1.0,1,0.12219490900475985,28
2726,0,3613,1989,1624,0,0,0,1.0,1,1.0,1,1.0,1,0.12219490900475985,28
2727,1,3614,1989,1625,0,0,0,1.0,1,1.0,1,1.0,1,0.10139761706713385,29
2728,0,3614,1989,1625,0,0,0,1.0,1,1.0,1,1.0,1,0.10139761706713385,29
2729,0,3614,1989,1625,0,0,0,1.0,1,1.0,1,1.0,1,0.1073980239866419,29
2730,1,3615,1990,1625,0,0,0,1.0,1,1.0,1,1.0,1,0.1090789578469521,29
2731,0,3615,1990,1625,0,0,0,1.0,1,1.0,1,1.0,1,0.07904700823741419,30
2732,2,3617,1992,1625,0,0,0,1.0,1,1.0,1,1.0,1,0.09108363341272128,29
2733,1,3618,1993,1625,0,0,0,1.0,1,1.0,1,1.0,1,0.10847205681759882,29
2734,0,3618,1993,1625,0,0,0,1.0,1,1.0,1,1.0,1,0.10847205681759882,29
2735,2,3620,1994,1626,0,0,0,1.0,1,1.0,1,1.0,1,0.12212930433411354,29
2736,1,3621,1994,1627,0,0,0,1.0,1,1.0,1,1.0,1,0.11304834223935649,30
2737,1,3622,1994,1628,0,0,0,1.0,1,1.0,1,1.0,1,0.09453293277704077,30
2738,1,3623,1995,1628,0,0,0,1.0,1,1.0,1,1.0,1,0.13100360661732416,30
2739,0,3623,1995,1628,0,0,0,1.0,1,1.0,1,1.0,1,0.16731353731018492,29
2740,1,3624,1995,1629,0,0,0,1.0,1,1.0,1,1.0,1,0.14104524745218247,29
2741,0,3624,1995,1629,0,0,0,1.0,1,1.0,1,1.0,1,0.17081228031189988,28
2742,1,3625,1996,1629,0,0,0,1.0,1,1.0,1,1.0,1,0.19209797374018656,28
2743,3,3628,1997,1631,0,0,0,1.0,1,1.0,1,1.0,1,0.1796674318384761,29
2744,0,3628,1997,1631,0,0,0,1.0,1,1.0,1,1.0,1,0.13948891679472894,27
2745,2,3630,1999,1631,0,0,0,1.0,1,1.0,1,1.0,1,0.18851065982191823,25
2746,2,3632,1999,1633,0,0,0,1.0,1,1.0,1,1.0,1,0.1306472013071177,25
2747,1,3633,2000,1633,0,0,0,1.0,1,1.0,1,1.0,1,0.16495472129396146,23
2748,0,3633,2000,1633,0,0,0,1.0,1,1.0,1,1.0,1,0.13478242464272097,22
2749,1,3634,2001,1633,0,0,0,1.0,1,1.0,1,1.0,1,0.12082147740838951,19
2750,0,3634,2001,1633,0,0,0,1.0,1,1.0,1,1.0,1,0.09490304991515446,18
2751,0,3634,2001,1633,0,0,0,1.0,1,1.0,1,1.0,1,0.12022857968970846,16
2752,0,3634,2001,1633,0,0,0,1.0,1,1.0,1,1.0,1,0.10083777432511942,15
2753,0,3634,2001,1633,0,0,0,1.0,1,1.0,1,1.0,1,0.10083777432511942,15
2754,0,3634,2001,1633,0,0,0,1.0,1,1.0,1,1.0,1,0.10083777432511942,15
2755,0,3634,2001,1633,0,0,0,1.0,1,1.0,1,1.0,1,0.10083777432511942,15
2756,0,3634,2001,1633,0,0,0,1.0,1,1.0,1,1.0,1,0.12824181003637292,16
2757,0,3634,2001,1633,0,0,0,1.0,1,1.0,1,1.0,1,0.07752912745878869,17
2758,0,3634,2001,1633,0,0,0,1.0,1,1.0,1,1.0,1,0.07752912745878869,17
2759,0,3634,2001,1633,0,0,0,1.0,1,1.0,1,1.0,1,0.07271764144740467,18
2760,0,3634,2001,1633,0,0,0,1.0,1,1.0,1,1.0,1,0.07271764144740467,18
2761,0,3634,2001,1633,0,0,0,1.0,1,1.0,1,1.0,1,0.07271764144740467,18
2762,0,3634,2001,1633,0,0,0,1.0,1,1.0,1,1.0,1,0.07271764144740467,18
2763,0,3634,2001,1633,0,0,0,1.0,1,1.0,1,1.0,1,0.07803407698530493,17
2764,2,3636,2003,1633,0,0,0,1.0,1,1.0,1,1.0,1,0.22142659950642857,17
2765,1,3637,2004,1633,0,0,0,1.0,1,1.0,1,1.0,1,0.22437664581283776,18
2766,0,3637,2004,1633,0,0,0,1.0,1,1.0,1,1.0,1,0.22437664581283776,18
2767,0,3637,2004,1633,0,0,0,1.0,1,1.0,1,1.0,1,0.22437664581283776,18
2768,1,3638,2005,1633,0,0,0,1.0,1,1.0,1,1.0,1,0.20204142109463616,18
2769,1,3639,2006,1633,0,0,0,1.0,1,1.0,1,1.0,1,0.21161662738528297,18
2770,2,3641,2007,1634,0,0,0,1.0,1,1.0,1,1.0,1,0.19177299674587006,18
2771,0,3641,2007,1634,0,0,0,1.0,1,1.0,1,1.0,1,0.19177299674587006,18
2772,0,3641,2007,1634,0,0,0,1.0,1,1.0,1,1.0,1,0.19177299674587006,18
2773,1,3642,2007,1635,0,0,0,1.0,1,1.0,1,1.0,1,0.12170346312783929,18
2774,0,3642,2007,1635,0,0,0,1.0,1,1.0,1,1.0,1,0.16369000276792972,20
2775,2,3644,2009,1635,0,0,0,1.0,1,1.0,1,1.0,1,0.18023390168458714,21
2776,1,3645,2010,1635,0,0,0,1.0,1,1.0,1,1.0,1,0.1499257838172298,21
2777,0,3645,2010,1635,0,0,0,1.0,1,1.0,1,1.0,1,0.13345876851046934,22
2778,1,3646,2011,1635,0,0,0,1.0,1,1.0,1,1.0,1,0.16499181790978731,24
2779,2,3648,2013,1635,0,0,0,1.0,1,1.0,1,1.0,1,0.17382921115678518,24
2780,1,3649,2014,1635,0,0,0,1.0,1,1.0,1,1.0,1,0.12449927996116282,24
2781,0,3649,2014,1635,0,0,0,1.0,1,1.0,1,1.0,1,0.12449927996116282,24
2782,0,3649,2014,1635,0,0,0,1.0,1,1.0,1,1.0,1,0.12449927996116282,24
2783,0,3649,2014,1635,0,0,0,1.0,1,1.0,1,1.0,1,0.12449927996116282,24
2784,1,3650,2014,1636,0,0,0,1.0,1,1.0,1,1.0,1,0.1587825377280115,24
2785,0,3650,2014,1636,0,0,0,1.0,1,1.0,1,1.0,1,0.11784952233341055,22
2786,0,3650,2014,1636,0,0,0,1.0,1,1.0,1,1.0,1,0.18084619089830892,22
2787,1,3651,2015,1636,0,0,0,1.0,1,1.0,1,1.0,1,0.11249262848623257,21
2788,0,3651,2015,1636,0,0,0,1.0,1,1.0,1,1.0,1,0.10839858953758204,20
2789,1,3652,2016,1636,0,0,0,1.0,1,1.0,1,1.0,1,0.1455554761474988,20
2790,1,3653,2016,1637,0,0,0,1.0,1,1.0,1,1.0,1,0.15056160328725132,21
2791,0,3653,2016,1637,0,0,0,1.0,1,1.0,1,1.0,1,0.15056160328725132,21
2792,0,3653,2016,1637,0,0,0,1.0,1,1.0,1,1.0,1,0.15056160328725132,21
2793,0,3653,2016,1637,0,0,0,1.0,1,1.0,1,1.0,1,0.18815474621588812,18
2794,1,3654,2016,1638,0,0,0,1.0,1,1.0,1,1.0,1,0.10751684895364381,18
2795,1,3655,2017,1638,0,0,0,1.0,1,1.0,1,1.0,1,0.11395124570121017,20
2796,1,3656,2018,1638,0,0,0,1.0,1,1.0,1,1.0,1,0.09388491422126025,21
2797,0,3656,2018,1638,0,0,0,1.0,1,1.0,1,1.0,1,0.09388491422126025,21
2798,0,3656,2018,1638,0,0,0,1.0,1,1.0,1,1.0,1,0.09388491422126025,21
2799,0,3656,2018,1638,0,0,0,1.0,1,1.0,1,1.0,1,0.10825353471282835,22
2800,0,3656,2018,1638,0,0,0,1.0,1,1.0,1,1.0,1,0.10825353471282835,22
2801,2,3658,2020,1638,0,0,0,1.0,1,1.0,1,1.0,1,0.21443294236435795,22
2802,1,3659,2020,1639,0,0,0,1.0,1,1.0,1,1.0,1,0.16492792471398118,22
2803,1,3660,2021,1639,0,0,0,1.0,1,1.0,1,1.0,1,0.20275982439908993,22
2804,0,3660,2021,1639,0,0,0,1.0,1,1.0,1,1.0,1,0.21361142227685342,23
2805,0,3660,2021,1639,0,0,0,1.0,1,1.0,1,1.0,1,0.21361142227685342,23
2806,0,3660,2021,1639,0,0,0,1.0,1,1.0,1,1.0,1,0.21361142227685342,23
2807,1,3661,2021,1640,0,0,0,1.0,1,1.0,1,1.0,1,0.17149219489467024,24
2808,0,3661,2021,1640,0,0,0,1.0,1,1.0,1,1.0,1,0.17149219489467024,24
2809,0,3661,2021,1640,0,0,0,1.0,1,1.0,1,1.0,1,0.18718986898858064,25
2810,0,3661,2021,1640,0,0,0,1.0,1,1.0,1,1.0,1,0.18488652047894955,24
2811,1,3662,2022,1640,0,0,0,1.0,1,1.0,1,1.0,1,0.16084623633360545,26
2812,0,3662,2022,1640,0,0,0,1.0,1,1.0,1,1.0,1,0.16084623633360545,26
2813,1,3663,2023,1640,0,0,0,1.0,1,1.0,1,1.0,1,0.14274206963588118,27
2814,2,3665,2024,1641,0,0,0,1.0,1,1.0,1,1.0,1,0.18666312727500498,29
2815,2,3667,2025,1642,0,0,0,1.0,1,1.0,1,1.0,1,0.15414444258075807,29
2816,1,3668,2026,1642,0,0,0,1.0,1,1.0,1,1.0,1,0.15095929723268564,29
2817,1,3669,2027,1642,0,0,0,1.0,1,1.0,1,1.0,1,0.12232358869830438,29
2818,1,3670,2028,1642,0,0,0,1.0,1,1.0,1,1.0,1,0.15942509111083214,29
2819,2,3672,2029,1643,0,0,0,1.0,1,1.0,1,1.0,1,0.12435405075342978,30
2820,1,3673,2030,1643,0,0,0,1.0,1,1.0,1,1.0,1,0.18372341766200234,30
2821,2,3675,2031,1644,0,0,0,1.0,1,1.0,1,1.0,1,0.14392815336527456,31
2822,0,3675,2031,1644,0,0,0,1.0,1,1.0,1,1.0,1,0.1622552770504677,30
2823,2,3677,2032,1645,0,0,0,1.0,1,1.0,1,1.0,1,0.05920023717877746,27
2824,0,3677,2032,1645,0,0,0,1.0,1,1.0,1,1.0,1,0.04418046661165506,28
2825,3,3680,2035,1645,0,0,0,1.0,1,1.0,1,1.0,1,0.11507051457279191,28
2826,1,3681,2036,1645,0,0,0,1.0,1,1.0,1,1.0,1,0.18059785059232908,27
2827,1,3682,2036,1646,0,0,0,1.0,1,1.0,1,1.0,1,0.18433507940796048,28
2828,0,3682,2036,1646,0,0,0,1.0,1,1.0,1,1.0,1,0.21145380847025502,28
2829,1,3683,2037,1646,0,0,0,1.0,1,1.0,1,1.0,1,0.2030364915662262,27
2830,2,3685,2038,1647,0,0,0,1.0,1,1.0,1,1.0,1,0.19593861413034086,27
2831,3,3688,2040,1648,0,0,0,1.0,1,1.0,1,1.0,1,0.1824986379132309,27
2832,2,3690,2040,1650,0,0,0,1.0,1,1.0,1,1.0,1,0.19993218419420147,27
2833,1,3691,2041,1650,0,0,0,1.0,1,1.0,1,1.0,1,0.2139302380734393,26
2834,1,3692,2042,1650,0,0,0,1.0,1,1.0,1,1.0,1,0.12093632291065715,26
2835,1,3693,2043,1650,0,0,0,1.0,1,1.0,1,1.0,1,0.08254139288728934,25
2836,0,3693,2043,1650,0,0,0,1.0,1,1.0,1,1.0,1,0.11561825842509717,27
2837,1,3694,2044,1650,0,0,0,1.0,1,1.0,1,1.0,1,0.1577849798175198,27
2838,0,3694,2044,1650,0,0,0,1.0,1,1.0,1,1.0,1,0.1577849798175198,27
2839,2,3696,2045,1651,0,0,0,1.0,1,1.0,1,1.0,1,0.18425833376744408,29
2840,1,3697,2045,1652,0,0,0,1.0,1,1.0,1,1.0,1,0.17095264634700502,29
2841,2,3699,2046,1653,0,0,0,1.0,1,1.0,1,1.0,1,0.17926464250489618,31
2842,1,3700,2046,1654,0,0,0,1.0,1,1.0,1,1.0,1,0.15774780168117544,31
2843,1,3701,2046,1655,0,0,0,1.0,1,1.0,1,1.0,1,0.07100301002604595,32
2844,2,3703,2048,1655,0,0,0,1.0,1,1.0,1,1.0,1,0.07802996521865782,33
2845,0,3703,2048,1655,0,0,0,1.0,1,1.0,1,1.0,1,0.09027290425266067,32
2846,2,3705,2050,1655,0,0,0,1.0,1,1.0,1,1.0,1,0.08811510536832494,33
2847,2,3707,2051,1656,0,0,0,1.0,1,1.0,1,1.0,1,0.14950127680256564,32
2848,3,3710,2053,1657,0,0,0,1.0,1,1.0,1,1.0,1,0.15362237775261564,33
2849,0,3710,2053,1657,0,0,0,1.0,1,1.0,1,1.0,1,0.15621676885674124,34
2850,1,3711,2054,1657,0,0,0,1.0,1,1.0,1,1.0,1,0.12718409136239062,34
2851,1,3712,2054,1658,0,0,0,1.0,1,1.0,1,1.0,1,0.11413937605016863,34
2852,5,3717,2059,1658,0,0,0,1.0,1,1.0,1,1.0,1,0.15936387116532066,35
2853,2,3719,2059,1660,0,0,0,1.0,1,1.0,1,1.0,1,0.10145713422584828,36
2854,1,3720,2059,1661,0,0,0,1.0,1,1.0,1,1.0,1,0.08553916061093775,37
2855,1,3721,2060,1661,0,0,0,1.0,1,1.0,1,1.0,1,0.058414450599432295,38
2856,0,3721,2060,1661,0,0,0,1.0,1,1.0,1,1.0,1,0.058414450599432295,38
2857,2,3723,2062,1661,0,0,0,1.0,1,1.0,1,1.0,1,0.061471179106030005,39
2858,1,3724,2063,1661,0,0,0,1.0,1,1.0,1,1.0,1,0.06471817400743765,40
2859,2,3726,2065,1661,0,0,0,1.0,1,1.0,1,1.0,1,0.1379039645020745,40
2860,3,3729,2066,1663,0,0,0,1.0,1,1.0,1,1.0,1,0.06927228913195636,40
2861,1,3730,2067,1663,0,0,0,1.0,1,1.0,1,1.0,1,0.07863136778521407,38
2862,1,3731,2068,1663,0,0,0,1.0,1,1.0,1,1.0,1,0.1369978239516245,38
2863,3,3734,2070,1664,0,0,0,1.0,1,1.0,1,1.0,1,0.11109971970481128,38
2864,1,3735,2071,1664,0,0,0,1.0,1,1.0,1,1.0,1,0.1516327842817368,36
2865,3,3738,2074,1664,0,0,0,1.0,1,1.0,1,1.0,1,0.14004071260032647,34
2866,0,3738,2074,1664,0,0,0,1.0,1,1.0,1,1.0,1,0.11232955919568242,31
2867,1,3739,2075,1664,0,0,0,1.0,1,1.0,1,1.0,1,0.1508038414308864,30
2868,2,3741,2077,1664,0,0,0,1.0,1,1.0,1,1.0,1,0.17323856175893468,27
2869,0,3741,2077,1664,0,0,0,1.0,1,1.0,1,1.0,1,0.20403898872567164,27
2870,1,3742,2078,1664,0,0,0,1.0,1,1.0,1,1.0,1,0.20586338418468744,25
2871,0,3742,2078,1664,0,0,0,1.0,1,1.0,1,1.0,1,0.20560687060772517,25
2872,3,3745,2079,1666,0,0,0,1.0,1,1.0,1,1.0,1,0.12664598452969494,23
2873,0,3745,2079,1666,0,0,0,1.0,1,1.0,1,1.0,1,0.15230229257007954,24
2874,1,3746,2079,1667,0,0,0,1.0,1,1.0,1,1.0,1,0.11548195577403356,24
2875,1,3747,2079,1668,0,0,0,1.0,1,1.0,1,1.0,1,0.1587883483355293,23
2876,1,3748,2080,1668,0,0,0,1.0,1,1.0,1,1.0,1,0.1977788293759255,24
2877,1,3749,2081,1668,0,0,0,1.0,1,1.0,1,1.0,1,0.18370735993011975,24
2878,2,3751,2082,1669,0,0,0,1.0,1,1.0,1,1.0,1,0.16929876776088726,24
2879,2,3753,2084,1669,0,0,0,1.0,1,1.0,1,1.0,1,0.24225249373306296,25
2880,0,3753,2084,1669,0,0,0,1.0,1,1.0,1,1.0,1,0.24255129000201223,26
2881,1,3754,2084,1670,0,0,0,1.0,1,1.0,1,1.0,1,0.19230792950004974,26
2882,0,3754,2084,1670,0,0,0,1.0,1,1.0,1,1.0,1,0.1673446394254028,27
2883,1,3755,2084,1671,0,0,0,1.0,1,1.0,1,1.0,1,0.13956105228389715,28
2884,0,3755,2084,1671,0,0,0,1.0,1,1.0,1,1.0,1,0.16711107411947404,29
2885,1,3756,2084,1672,0,0,0,1.0,1,1.0,1,1.0,1,0.14414640600091166,31
2886,1,3757,2085,1672,0,0,0,1.0,1,1.0,1,1.0,1,0.17207401151327537,31
2887,0,3757,2085,1672,0,0,0,1.0,1,1.0,1,1.0,1,0.14610165694157426,33
2888,4,3761,2087,1674,0,0,0,1.0,1,1.0,1,1.0,1,0.14801885433209971,34
2889,3,3764,2089,1675,0,0,0,1.0,1,1.0,1,1.0,1,0.16674712492198576,35
2890,0,3764,2089,1675,0,0,0,1.0,1,1.0,1,1.0,1,0.16674712492198576,35
2891,1,3765,2089,1676,0,0,0,1.0,1,1.0,1,1.0,1,0.14591842516309378,35
2892,3,3768,2091,1677,0,0,0,1.0,1,1.0,1,1.0,1,0.17501209994441505,35
2893,1,3769,2091,1678,0,0,0,1.0,1,1.0,1,1.0,1,0.15545301300454922,37
2894,0,3769,2091,1678,0,0,0,1.0,1,1.0,1,1.0,1,0.15545301300454922,37
2895,0,3769,2091,1678,0,0,0,1.0,1,1.0,1,1.0,1,0.15545301300454922,37
2896,2,3771,2092,1679,0,0,0,1.0,1,1.0,1,1.0,1,0.1944687041915965,38
2897,0,3771,2092,1679,0,0,0,1.0,1,1.0,1,1.0,1,0.22552684765572062,37
2898,0,3771,2092,1679,0,0,0,1.0,1,1.0,1,1.0,1,0.23956818138393227,38
2899,2,3773,2094,1679,0,0,0,1.0,1,1.0,1,1.0,1,0.2637599412668856,37
2900,0,3773,2094,1679,0,0,0,1.0,1,1.0,1,1.0,1,0.24574324839374434,36
2901,1,3774,2094,1680,0,0,0,1.0,1,1.0,1,1.0,1,0.1867277526095517,37
2902,0,3774,2094,1680,0,0,0,1.0,1,1.0,1,1.0,1,0.17461439810879043,35
2903,0,3774,2094,1680,0,0,0,1.0,1,1.0,1,1.0,1,0.1847763087437797,35
2904,0,3774,2094,1680,0,0,0,1.0,1,1.0,1,1.0,1,0.18146453180778005,33
2905,1,3775,2094,1681,0,0,0,1.0,1,1.0,1,1.0,1,0.18267768223474987,34
2906,2,3777,2096,1681,0,0,0,1.0,1,1.0,1,1.0,1,0.27066271144050225,34
2907,1,3778,2096,1682,0,0,0,1.0,1,1.0,1,1.0,1,0.2496556050495641,35
2908,0,3778,2096,1682,0,0,0,1.0,1,1.0,1,1.0,1,0.2570372184795021,36
2909,0,3778,2096,1682,0,0,0,1.0,1,1.0,1,1.0,1,0.26131494492387825,38
2910,0,3778,2096,1682,0,0,0,1.0,1,1.0,1,1.0,1,0.26131494492387825,38
2911,1,3779,2097,1682,0,0,0,1.0,1,1.0,1,1.0,1,0.2794929201923003,37
2912,0,3779,2097,1682,0,0,0,1.0,1,1.0,1,1.0,1,0.2794929201923003,37
2913,1,3780,2097,1683,0,0,0,1.0,1,1.0,1,1.0,1,0.277105515822941,38
2914,1,3781,2097,1684,0,0,0,1.0,1,1.0,1,1.0,1,0.2684734515020099,38
2915,2,3783,2097,1686,0,0,0,1.0,1,1.0,1,1.0,1,0.2334198577640673,39
2916,1,3784,2097,1687,0,0,0,1.0,1,1.0,1,1.0,1,0.23513005444884835,40
2917,2,3786,2097,1689,0,0,0,1.0,1,1.0,1,1.0,1,0.18700412242014564,41
2918,0,3786,2097,1689,0,0,0,1.0,1,1.0,1,1.0,1,0.20820877152623177,41
2919,0,3786,2097,1689,0,0,0,1.0,1,1.0,1,1.0,1,0.20820877152623177,41
2920,1,3787,2097,1690,0,0,0,1.0,1,1.0,1,1.0,1,0.19111708905426353,43
2921,0,3787,2097,1690,0,0,0,1.0,1,1.0,1,1.0,1,0.18942870807789067,42
2922,0,3787,2097,1690,0,0,0,1.0,1,1.0,1,1.0,1,0.1665067351548762,43
2923,1,3788,2097,1691,0,0,0,1.0,1,1.0,1,1.0,1,0.16759736304655898,44
2924,0,3788,2097,1691,0,0,0,1.0,1,1.0,1,1.0,1,0.14147846572568665,45
2925,1,3789,2098,1691,0,0,0,1.0,1,1.0,1,1.0,1,0.18350347667713063,45
2926,1,3790,2099,1691,0,0,0,1.0,1,1.0,1,1.0,1,0.14116551940459193,47
2927,0,3790,2099,1691,0,0,0,1.0,1,1.0,1,1.0,1,0.14116551940459193,47
2928,2,3792,2100,1692,0,0,0,1.0,1,1.0,1,1.0,1,0.1516234059863705,48
2929,0,3792,2100,1692,0,0,0,1.0,1,1.0,1,1.0,1,0.1516234059863705,48
2930,0,3792,2100,1692,0,0,0,1.0,1,1.0,1,1.0,1,0.151907962976671,50
2931,0,3792,2100,1692,0,0,0,1.0,1,1.0,1,1.0,1,0.14601580372845369,51
2932,0,3792,2100,1692,0,0,0,1.0,1,1.0,1,1.0,1,0.14601580372845369,51
2933,1,3793,2100,1693,0,0,0,1.0,1,1.0,1,1.0,1,0.15075186148599665,52
2934,0,3793,2100,1693,0,0,0,1.0,1,1.0,1,1.0,1,0.15075186148599665,52
2935,0,3793,2100,1693,0,0,0,1.0,1,1.0,1,1.0,1,0.17033495187000225,51
2936,1,3794,2101,1693,0,0,0,1.0,1,1.0,1,1.0,1,0.1841367630299358,49
2937,0,3794,2101,1693,0,0,0,1.0,1,1.0,1,1.0,1,0.18757627075240485,50
2938,3,3797,2103,1694,0,0,0,1.0,1,1.0,1,1.0,1,0.19285193866969289,50
2939,0,3797,2103,1694,0,0,0,1.0,1,1.0,1,1.0,1,0.1941282285157348,51
2940,3,3800,2105,1695,0,0,0,1.0,1,1.0,1,1.0,1,0.20030154536517544,52
2941,5,3805,2107,1698,0,0,0,1.0,1,1.0,1,1.0,1,0.21233835516507457,53
2942,0,3805,2107,1698,0,0,0,1.0,1,1.0,1,1.0,1,0.21166373459200752,52
2943,2,3807,2109,1698,0,0,0,1.0,1,1.0,1,1.0,1,0.2481761150099534,51
2944,2,3809,2109,1700,0,0,0,1.0,1,1.0,1,1.0,1,0.20740052657550628,52
2945,2,3811,2110,1701,0,0,0,1.0,1,1.0,1,1.0,1,0.19776131039095113,50
2946,0,3811,2110,1701,0,0,0,1.0,1,1.0,1,1.0,1,0.20870100024513505,51
2947,1,3812,2111,1701,0,0,0,1.0,1,1.0,1,1.0,1,0.2045784242023535,50
2948,2,3814,2112,1702,0,0,0,1.0,1,1.0,1,1.0,1,0.16856112041581814,50
2949,0,3814,2112,1702,0,0,0,1.0,1,1.0,1,1.0,1,0.1571866689122736,49
2950,1,3815,2112,1703,0,0,0,1.0,1,1.0,1,1.0,1,0.16401204007155837,48
2951,0,3815,2112,1703,0,0,0,1.0,1,1.0,1,1.0,1,0.14906688549241479,48
2952,0,3815,2112,1703,0,0,0,1.0,1,1.0,1,1.0,1,0.14467013105519816,46
2953,0,3815,2112,1703,0,0,0,1.0,1,1.0,1,1.0,1,0.14467013105519816,46
2954,2,3817,2113,1704,0,0,0,1.0,1,1.0,1,1.0,1,0.16644871344659262,48
2955,3,3820,2113,1707,0,0,0,1.0,1,1.0,1,1.0,1,0.106369073109786,48
2956,1,3821,2113,1708,0,0,0,1.0,1,1.0,1,1.0,1,0.10914376544150513,47
2957,2,3823,2113,1710,0,0,0,1.0,1,1.0,1,1.0,1,0.09130210785500682,48
2958,1,3824,2113,1711,0,0,0,1.0,1,1.0,1,1.0,1,0.06569659625639918,49
2959,1,3825,2113,1712,0,0,0,1.0,1,1.0,1,1.0,1,0.05175151368755079,49
2960,0,3825,2113,1712,0,0,0,1.0,1,1.0,1,1.0,1,0.05175151368755079,49
2961,3,3828,2116,1712,0,0,0,1.0,1,1.0,1,1.0,1,0.0414279537653869,51
2962,2,3830,2118,1712,0,0,0,1.0,1,1.0,1,1.0,1,0.064213997327558,51
2963,3,3833,2120,1713,0,0,0,1.0,1,1.0,1,1.0,1,0.06574128776322292,51
2964,1,3834,2121,1713,0,0,0,1.0,1,1.0,1,1.0,1,0.08807135852613839,52
2965,3,3837,2122,1715,0,0,0,1.0,1,1.0,1,1.0,1,0.0574049237275043,53
2966,3,3840,2124,1716,0,0,0,1.0,1,1.0,1,1.0,1,0.03713060283996,53
2967,1,3841,2124,1717,0,0,0,1.0,1,1.0,1,1.0,1,0.031132950318480315,53
2968,0,3841,2124,1717,0,0,0,1.0,1,1.0,1,1.0,1,0.029246229640963444,54
2969,1,3842,2125,1717,0,0,0,1.0,1,1.0,1,1.0,1,0.011177257791553602,55
2970,0,3842,2125,1717,0,0,0,1.0,1,1.0,1,1.0,1,0.011177257791553602,55
2971,1,3843,2126,1717,0,0,0,1.0,1,1.0,1,1.0,1,0.02569623712637432,55
2972,1,3844,2127,1717,0,0,0,1.0,1,1.0,1,1.0,1,0.057672281093369256,55
2973,0,3844,2127,1717,0,0,0,1.0,1,1.0,1,1.0,1,0.07419346298166482,55
2974,1,3845,2127,1718,0,0,0,1.0,1,1.0,1,1.0,1,0.0783094685230784,56
2975,0,3845,2127,1718,0,0,0,1.0,1,1.0,1,1.0,1,0.08250314171025454,55
2976,0,3845,2127,1718,0,0,0,1.0,1,1.0,1,1.0,1,0.07770115341000673,57
2977,2,3847,2127,1720,0,0,0,1.0,1,1.0,1,1.0,1,0.057120654662247194,59
2978,2,3849,2129,1720,0,0,0,1.0,1,1.0,1,1.0,1,0.10368986212781814,59
2979,0,3849,2129,1720,0,0,0,1.0,1,1.0,1,1.0,1,0.10368986212781814,59
2980,2,3851,2130,1721,0,0,0,1.0,1,1.0,1,1.0,1,0.12949353258670582,59
2981,2,3853,2132,1721,0,0,0,1.0,1,1.0,1,1.0,1,0.14754393056326867,59
2982,4,3857,2133,1724,0,0,0,1.0,1,1.0,1,1.0,1,0.10753723790646198,61
2983,3,3860,2135,1725,0,0,0,1.0,1,1.0,1,1.0,1,0.07041554087890652,61
2984,2,3862,2136,1726,0,0,0,1.0,1,1.0,1,1.0,1,0.05713338149745917,61
2985,4,3866,2140,1726,0,0,0,1.0,1,1.0,1,1.0,1,0.08428845583963682,57
2986,4,3870,2142,1728,0,0,0,1.0,1,1.0,1,1.0,1,0.0460596438868748,58
2987,2,3872,2144,1728,0,0,0,1.0,1,1.0,1,1.0,1,0.05177885808470204,56
2988,3,3875,2147,1728,0,0,0,1.0,1,1.0,1,1.0,1,0.06074406776362728,55
2989,3,3878,2150,1728,0,0,0,1.0,1,1.0,1,1.0,1,0.09717139910047502,53
2990,3,3881,2153,1728,0,0,0,1.0,1,1.0,1,1.0,1,0.08352478796818996,52
2991,2,3883,2155,1728,0,0,0,1.0,1,1.0,1,1.0,1,0.08647003010559534,54
2992,2,3885,2156,1729,0,0,0,1.0,1,1.0,1,1.0,1,0.07604323836320971,55
2993,2,3887,2158,1729,0,0,0,1.0,1,1.0,1,1.0,1,0.06814462607493181,53
2994,1,3888,2158,1730,0,0,0,1.0,1,1.0,1,1.0,1,0.08467795393411003,53
2995,2,3890,2158,1732,0,0,0,1.0,1,1.0,1,1.0,1,0.06995790691917335,51
2996,1,3891,2159,1732,0,0,0,1.0,1,1.0,1,1.0,1,0.09647787756929656,52
2997,1,3892,2160,1732,0,0,0,1.0,1,1.0,1,1.0,1,0.11489734541212039,50
2998,4,3896,2161,1735,0,0,0,1.0,1,1.0,1,1.0,1,0.05283494906759189,51
2999,0,3896,2161,1735,0,0,0,1.0,1,1.0,1,1.0,1,0.07194741637688928,48
3000,1,3897,2162,1735,0,0,0,1.0,1,1.0,1,1.0,1,0.08871445710304393,48
3001,0,3897,2162,1735,0,0,0,1.0,1,1.0,1,1.0,1,0.07652544164836071,49
3002,1,3898,2163,1735,0,0,0,1.0,1,1.0,1,1.0,1,0.09539923808914624,50
3003,0,3898,2163,1735,0,0,0,1.0,1,1.0,1,1.0,1,0.09539923808914624,50
3004,0,3898,2163,1735,0,0,0,1.0,1,1.0,1,1.0,1,0.08425024884101003,51
3005,0,3898,2163,1735,0,0,0,1.0,1,1.0,1,1.0,1,0.08124543972986616,50
3006,0,3898,2163,1735,0,0,0,1.0,1,1.0,1,1.0,1,0.09692289359785618,51
3007,0,3898,2163,1735,0,0,0,1.0,1,1.0,1,1.0,1,0.0848275748366017,51
3008,4,3902,2163,1739,0,0,0,1.0,1,1.0,1,1.0,1,0.029433060902984087,53
3009,0,3902,2163,1739,0,0,0,1.0,1,1.0,1,1.0,1,0.04930343381994305,52
3010,0,3902,2163,1739,0,0,0,1.0,1,1.0,1,1.0,1,0.04930343381994305,52
3011,1,3903,2164,1739,0,0,0,1.0,1,1.0,1,1.0,1,0.08547209309113935,51
3012,3,3906,2166,1740,0,0,0,1.0,1,1.0,1,1.0,1,0.10178629884581121,54
3013,4,3910,2170,1740,0,0,0,1.0,1,1.0,1,1.0,1,0.09524510958924251,52
3014,2,3912,2172,1740,0,0,0,1.0,1,1.0,1,1.0,1,0.12100570903657488,51
3015,2,3914,2174,1740,0,0,0,1.0,1,1.0,1,1.0,1,0.13163344881415684,50
3016,4,3918,2176,1742,0,0,0,1.0,1,1.0,1,1.0,1,0.10759665345179781,50
3017,3,3921,2179,1742,0,0,0,1.0,1,1.0,1,1.0,1,0.15028757770543205,48
3018,2,3923,2181,1742,0,0,0,1.0,1,1.0,1,1.0,1,0.14349957943828662,48
3019,3,3926,2182,1744,0,0,0,1.0,1,1.0,1,1.0,1,0.10367900562945313,47
3020,2,3928,2184,1744,0,0,0,1.0,1,1.0,1,1.0,1,0.1078470180195447,47
3021,3,3931,2186,1745,0,0,0,1.0,1,1.0,1,1.0,1,0.09483561053107357,46
3022,3,3934,2188,1746,0,0,0,1.0,1,1.0,1,1.0,1,0.12597222005452713,45
3023,2,3936,2190,1746,0,0,0,1.0,1,1.0,1,1.0,1,0.09887767916911654,41
3024,3,3939,2193,1746,0,0,0,1.0,1,1.0,1,1.0,1,0.09588494493786656,43
3025,3,3942,2194,1748,0,0,0,1.0,1,1.0,1,1.0,1,0.08284744310921585,39
3026,1,3943,2195,1748,0,0,0,1.0,1,1.0,1,1.0,1,0.13570809097943112,38
3027,1,3944,2196,1748,0,0,0,1.0,1,1.0,1,1.0,1,0.12602307604530516,38
3028,2,3946,2197,1749,0,0,0,1.0,1,1.0,1,1.0,1,0.12390828134185476,38
3029,1,3947,2198,1749,0,0,0,1.0,1,1.0,1,1.0,1,0.15220142665151212,37
3030,0,3947,2198,1749,0,0,0,1.0,1,1.0,1,1.0,1,0.15512970281759234,38
3031,2,3949,2199,1750,0,0,0,1.0,1,1.0,1,1.0,1,0.15837973773630126,39
3032,1,3950,2199,1751,0,0,0,1.0,1,1.0,1,1.0,1,0.1362113509337143,39
3033,1,3951,2199,1752,0,0,0,1.0,1,1.0,1,1.0,1,0.13568320518255594,39
3034,0,3951,2199,1752,0,0,0,1.0,1,1.0,1,1.0,1,0.14435323032820657,38
3035,0,3951,2199,1752,0,0,0,1.0,1,1.0,1,1.0,1,0.12328729391485643,39
3036,0,3951,2199,1752,0,0,0,1.0,1,1.0,1,1.0,1,0.13471995233637457,39
3037,1,3952,2199,1753,0,0,0,1.0,1,1.0,1,1.0,1,0.14706574521075388,39
3038,2,3954,2200,1754,0,0,0,1.0,1,1.0,1,1.0,1,0.11066187550244166,40
3039,1,3955,2201,1754,0,0,0,1.0,1,1.0,1,1.0,1,0.14157685594579555,41
3040,3,3958,2203,1755,0,0,0,1.0,1,1.0,1,1.0,1,0.12905538920132037,42
3041,0,3958,2203,1755,0,0,0,1.0,1,1.0,1,1.0,1,0.11841380068850454,43
3042,2,3960,2205,1755,0,0,0,1.0,1,1.0,1,1.0,1,0.13677454124660743,45
3043,2,3962,2206,1756,0,0,0,1.0,1,1.0,1,1.0,1,0.1531372129262144,45
3044,3,3965,2207,1758,0,0,0,1.0,1,1.0,1,1.0,1,0.09055823725686768,45
3045,0,3965,2207,1758,0,0,0,1.0,1,1.0,1,1.0,1,0.09055823725686768,45
3046,1,3966,2207,1759,0,0,0,1.0,1,1.0,1,1.0,1,0.0826975032194731,46
3047,0,3966,2207,1759,0,0,0,1.0,1,1.0,1,1.0,1,0.0826975032194731,46
3048,1,3967,2207,1760,0,0,0,1.0,1,1.0,1,1.0,1,0.07909493257259201,49
3049,1,3968,2208,1760,0,0,0,1.0,1,1.0,1,1.0,1,0.0897589554284775,50
3050,1,3969,2208,1761,0,0,0,1.0,1,1.0,1,1.0,1,0.07636354443306986,50
3051,3,3972,2210,1762,0,0,0,1.0,1,1.0,1,1.0,1,0.07180596937296661,50
3052,0,3972,2210,1762,0,0,0,1.0,1,1.0,1,1.0,1,0.07180596937296661,50
3053,2,3974,2212,1762,0,0,0,1.0,1,1.0,1,1.0,1,0.09134914537847401,49
3054,1,3975,2213,1762,0,0,0,1.0,1,1.0,1,1.0,1,0.10369461873287314,47
3055,2,3977,2214,1763,0,0,0,1.0,1,1.0,1,1.0,1,0.1070803135860497,48
3056,3,3980,2216,1764,0,0,0,1.0,1,1.0,1,1.0,1,0.09865092694422678,47
3057,2,3982,2217,1765,0,0,0,1.0,1,1.0,1,1.0,1,0.11053449543549757,48
3058,1,3983,2217,1766,0,0,0,1.0,1,1.0,1,1.0,1,0.09138010592589772,46
3059,0,3983,2217,1766,0,0,0,1.0,1,1.0,1,1.0,1,0.09791654800988352,44
3060,2,3985,2219,1766,0,0,0,1.0,1,1.0,1,1.0,1,0.07132130847593424,44
3061,2,3987,2220,1767,0,0,0,1.0,1,1.0,1,1.0,1,0.06442176085426134,42
3062,3,3990,2222,1768,0,0,0,1.0,1,1.0,1,1.0,1,0.060716307702880945,42
3063,2,3992,2224,1768,0,0,0,1.0,1,1.0,1,1.0,1,0.10033458754233748,41
3064,1,3993,2224,1769,0,0,0,1.0,1,1.0,1,1.0,1,0.06892101872131288,42
3065,1,3994,2225,1769,0,0,0,1.0,1,1.0,1,1.0,1,0.07085270458545756,40
3066,4,3998,2227,1771,0,0,0,1.0,1,1.0,1,1.0,1,0.06281969913291417,42
3067,4,4002,2229,1773,0,0,0,1.0,1,1.0,1,1.0,1,0.08528969065449106,40
3068,1,4003,2230,1773,0,0,0,1.0,1,1.0,1,1.0,1,0.11334773120932252,39
3069,0,4003,2230,1773,0,0,0,1.0,1,1.0,1,1.0,1,0.14470825818034613,38
3070,1,4004,2230,1774,0,0,0,1.0,1,1.0,1,1.0,1,0.13122587497635305,39
3071,0,4004,2230,1774,0,0,0,1.0,1,1.0,1,1.0,1,0.1476182541928853,39
3072,3,4007,2231,1776,0,0,0,1.0,1,1.0,1,1.0,1,0.15690512617146232,40
3073,5,4012,2232,1780,0,0,0,1.0,1,1.0,1,1.0,1,0.16131261834135774,38
3074,0,4012,2232,1780,0,0,0,1.0,1,1.0,1,1.0,1,0.14481208530566436,38
3075,1,4013,2233,1780,0,0,0,1.0,1,1.0,1,1.0,1,0.19241886127334268,41
3076,4,4017,2234,1783,0,0,0,1.0,1,1.0,1,1.0,1,0.13525850062897107,42
3077,1,4018,2234,1784,0,0,0,1.0,1,1.0,1,1.0,1,0.12313890614142331,42
3078,0,4018,2234,1784,0,0,0,1.0,1,1.0,1,1.0,1,0.12313890614142331,42
3079,0,4018,2234,1784,0,0,0,1.0,1,1.0,1,1.0,1,0.12313890614142331,42
3080,0,4018,2234,1784,0,0,0,1.0,1,1.0,1,1.0,1,0.11644995424742138,43
3081,0,4018,2234,1784,0,0,0,1.0,1,1.0,1,1.0,1,0.11030980196423623,44
3082,1,4019,2234,1785,0,0,0,1.0,1,1.0,1,1.0,1,0.1168559949709062,45
3083,0,4019,2234,1785,0,0,0,1.0,1,1.0,1,1.0,1,0.1168559949709062,45
3084,0,4019,2234,1785,0,0,0,1.0,1,1.0,1,1.0,1,0.1168559949709062,45
3085,1,4020,2234,1786,0,0,0,1.0,1,1.0,1,1.0,1,0.1332506166238066,46
3086,1,4021,2235,1786,0,0,0,1.0,1,1.0,1,1.0,1,0.12413240929245442,46
3087,2,4023,2236,1787,0,0,0,1.0,1,1.0,1,1.0,1,0.1364836808977753,47
3088,1,4024,2237,1787,0,0,0,1.0,1,1.0,1,1.0,1,0.16469779546040686,48
3089,0,4024,2237,1787,0,0,0,1.0,1,1.0,1,1.0,1,0.14057512825084648,46
3090,1,4025,2237,1788,0,0,0,1.0,1,1.0,1,1.0,1,0.12057469748827833,46
3091,1,4026,2237,1789,0,0,0,1.0,1,1.0,1,1.0,1,0.11251041297123718,46
3092,3,4029,2239,1790,0,0,0,1.0,1,1.0,1,1.0,1,0.10124878445019092,47
3093,0,4029,2239,1790,0,0,0,1.0,1,1.0,1,1.0,1,0.08517904369557862,47
3094,0,4029,2239,1790,0,0,0,1.0,1,1.0,1,1.0,1,0.06072355242264541,45
3095,1,4030,2240,1790,0,0,0,1.0,1,1.0,1,1.0,1,0.046225163681333295,46
3096,0,4030,2240,1790,0,0,0,1.0,1,1.0,1,1.0,1,0.04729353541181404,46
3097,2,4032,2242,1790,0,0,0,1.0,1,1.0,1,1.0,1,0.08042244167658937,47
3098,1,4033,2243,1790,0,0,0,1.0,1,1.0,1,1.0,1,0.04009330441492366,47
3099,0,4033,2243,1790,0,0,0,1.0,1,1.0,1,1.0,1,0.04009330441492366,47
3100,1,4034,2244,1790,0,0,0,1.0,1,1.0,1,1.0,1,0.02895389434290026,47
3101,0,4034,2244,1790,0,0,0,1.0,1,1.0,1,1.0,1,0.03704551221820399,48
3102,1,4035,2245,1790,0,0,0,1.0,1,1.0,1,1.0,1,0.03822942037121985,48
3103,1,4036,2246,1790,0,0,0,1.0,1,1.0,1,1.0,1,0.06645327112124788,49
3104,2,4038,2247,1791,0,0,0,1.0,1,1.0,1,1.0,1,0.03985005248757228,48
3105,1,4039,2248,1791,0,0,0,1.0,1,1.0,1,1.0,1,0.09423448995481015,45
3106,3,4042,2249,1793,0,0,0,1.0,1,1.0,1,1.0,1,0.12429365706739266,46
3107,2,4044,2250,1794,0,0,0,1.0,1,1.0,1,1.0,1,0.13071015212354745,44
3108,2,4046,2252,1794,0,0,0,1.0,1,1.0,1,1.0,1,0.14622227438030008,45
3109,2,4048,2252,1796,0,0,0,1.0,1,1.0,1,1.0,1,0.12854814357998914,44
3110,3,4051,2255,1796,0,0,0,1.0,1,1.0,1,1.0,1,0.11189348660688796,46
3111,2,4053,2256,1797,0,0,0,1.0,1,1.0,1,1.0,1,0.10586234330611184,46
3112,1,4054,2256,1798,0,0,0,1.0,1,1.0,1,1.0,1,0.09617900694356248,47
3113,1,4055,2257,1798,0,0,0,1.0,1,1.0,1,1.0,1,0.08419464597575976,48
3114,0,4055,2257,1798,0,0,0,1.0,1,1.0,1,1.0,1,0.08454326130835564,48
3115,1,4056,2257,1799,0,0,0,1.0,1,1.0,1,1.0,1,0.09273947311615859,49
3116,1,4057,2257,1800,0,0,0,1.0,1,1.0,1,1.0,1,0.07609669300033844,48
3117,4,4061,2259,1802,0,0,0,1.0,1,1.0,1,1.0,1,0.11650160554102769,49
3118,2,4063,2259,1804,0,0,0,1.0,1,1.0,1,1.0,1,0.11422290256190984,50
3119,0,4063,2259,1804,0,0,0,1.0,1,1.0,1,1.0,1,0.11422290256190984,50
3120,0,4063,2259,1804,0,0,0,1.0,1,1.0,1,1.0,1,0.13730561933856214,50
3121,1,4064,2260,1804,0,0,0,1.0,1,1.0,1,1.0,1,0.12819613270603156,50
3122,0,4064,2260,1804,0,0,0,1.0,1,1.0,1,1.0,1,0.12819613270603156,50
3123,2,4066,2262,1804,0,0,0,1.0,1,1.0,1,1.0,1,0.12083156748208969,51
3124,3,4069,2263,1806,0,0,0,1.0,1,1.0,1,1.0,1,0.09906538606989808,51
3125,1,4070,2264,1806,0,0,0,1.0,1,1.0,1,1.0,1,0.11017886844845094,51
3126,3,4073,2265,1808,0,0,0,1.0,1,1.0,1,1.0,1,0.08172556533697051,54
3127,3,4076,2267,1809,0,0,0,1.0,1,1.0,1,1.0,1,0.08389469114605005,53
3128,0,4076,2267,1809,0,0,0,1.0,1,1.0,1,1.0,1,0.06853461481658876,52
3129,2,4078,2269,1809,0,0,0,1.0,1,1.0,1,1.0,1,0.09318688737401033,51
3130,1,4079,2269,1810,0,0,0,1.0,1,1.0,1,1.0,1,0.0614011158601358,50
3131,2,4081,2271,1810,0,0,0,1.0,1,1.0,1,1.0,1,0.12427548295388556,50
3132,0,4081,2271,1810,0,0,0,1.0,1,1.0,1,1.0,1,0.09894387005966913,49
3133,1,4082,2271,1811,0,0,0,1.0,1,1.0,1,1.0,1,0.09150537675979285,49
3134,0,4082,2271,1811,0,0,0,1.0,1,1.0,1,1.0,1,0.0928846138119721,46
3135,2,4084,2273,1811,0,0,0,1.0,1,1.0,1,1.0,1,0.1282256107292799,47
3136,1,4085,2274,1811,0,0,0,1.0,1,1.0,1,1.0,1,0.09936255473913491,46
3137,2,4087,2276,1811,0,0,0,1.0,1,1.0,1,1.0,1,0.13355486032534064,49
3138,1,4088,2277,1811,0,0,0,1.0,1,1.0,1,1.0,1,0.16091580246360335,49
3139,3,4091,2279,1812,0,0,0,1.0,1,1.0,1,1.0,1,0.1649005013690174,50
3140,4,4095,2280,1815,0,0,0,1.0,1,1.0,1,1.0,1,0.16277778438503115,51
3141,0,4095,2280,1815,0,0,0,1.0,1,1.0,1,1.0,1,0.17580288169512684,50
3142,1,4096,2280,1816,0,0,0,1.0,1,1.0,1,1.0,1,0.16871524388204656,50
3143,0,4096,2280,1816,0,0,0,1.0,1,1.0,1,1.0,1,0.18642381877266725,49
3144,1,4097,2280,1817,0,0,0,1.0,1,1.0,1,1.0,1,0.1771435216735715,49
3145,3,4100,2281,1819,0,0,0,1.0,1,1.0,1,1.0,1,0.19016147292326757,48
3146,2,4102,2281,1821,0,0,0,1.0,1,1.0,1,1.0,1,0.1601468432760257,49
3147,2,4104,2281,1823,0,0,0,1.0,1,1.0,1,1.0,1,0.18490534138228784,48
3148,3,4107,2281,1826,0,0,0,1.0,1,1.0,1,1.0,1,0.15316387631420952,48
3149,1,4108,2281,1827,0,0,0,1.0,1,1.0,1,1.0,1,0.154141285070432,47
3150,0,4108,2281,1827,0,0,0,1.0,1,1.0,1,1.0,1,0.154141285070432,47
3151,2,4110,2281,1829,0,0,0,1.0,1,1.0,1,1.0,1,0.14319029275841447,48
3152,0,4110,2281,1829,0,0,0,1.0,1,1.0,1,1.0,1,0.15353094436920942,47
3153,0,4110,2281,1829,0,0,0,1.0,1,1.0,1,1.0,1,0.15353094436920942,47
3154,4,4114,2282,1832,0,0,0,1.0,1,1.0,1,1.0,1,0.1266321904833647,48
3155,1,4115,2282,1833,0,0,0,1.0,1,1.0,1,1.0,1,0.1125007872750468,48
3156,0,4115,2282,1833,0,0,0,1.0,1,1.0,1,1.0,1,0.11027504912396247,48
3157,2,4117,2282,1835,0,0,0,1.0,1,1.0,1,1.0,1,0.11230303902536949,48
3158,1,4118,2282,1836,0,0,0,1.0,1,1.0,1,1.0,1,0.0918573001379392,48
3159,0,4118,2282,1836,0,0,0,1.0,1,1.0,1,1.0,1,0.08028592623079588,49
3160,1,4119,2282,1837,0,0,0,1.0,1,1.0,1,1.0,1,0.08838204112538019,51
3161,0,4119,2282,1837,0,0,0,1.0,1,1.0,1,1.0,1,0.07996903279320758,52
3162,1,4120,2283,1837,0,0,0,1.0,1,1.0,1,1.0,1,0.10118863528406759,51
3163,2,4122,2284,1838,0,0,0,1.0,1,1.0,1,1.0,1,0.08333326026627753,51
3164,1,4123,2285,1838,0,0,0,1.0,1,1.0,1,1.0,1,0.10984273925678785,52
3165,0,4123,2285,1838,0,0,0,1.0,1,1.0,1,1.0,1,0.08495396600366385,50
3166,1,4124,2285,1839,0,0,0,1.0,1,1.0,1,1.0,1,0.062410058244588694,50
3167,4,4128,2289,1839,0,0,0,1.0,1,1.0,1,1.0,1,0.07665846126344347,49
3168,1,4129,2290,1839,0,0,0,1.0,1,1.0,1,1.0,1,0.10511999254786109,47
3169,2,4131,2291,1840,0,0,0,1.0,1,1.0,1,1.0,1,0.1399404319342516,48
3170,1,4132,2292,1840,0,0,0,1.0,1,1.0,1,1.0,1,0.20285800554916256,47
3171,3,4135,2293,1842,0,0,0,1.0,1,1.0,1,1.0,1,0.18878513038259884,47
3172,2,4137,2293,1844,0,0,0,1.0,1,1.0,1,1.0,1,0.188429873848486,46
3173,0,4137,2293,1844,0,0,0,1.0,1,1.0,1,1.0,1,0.1395275564128899,45
3174,0,4137,2293,1844,0,0,0,1.0,1,1.0,1,1.0,1,0.16445100176266714,43
3175,1,4138,2293,1845,0,0,0,1.0,1,1.0,1,1.0,1,0.15080114459075392,43
3176,1,4139,2293,1846,0,0,0,1.0,1,1.0,1,1.0,1,0.12275044858336713,44
3177,1,4140,2294,1846,0,0,0,1.0,1,1.0,1,1.0,1,0.13258029731609822,44
3178,2,4142,2294,1848,0,0,0,1.0,1,1.0,1,1.0,1,0.08532907041983244,47
3179,1,4143,2295,1848,0,0,0,1.0,1,1.0,1,1.0,1,0.10849845306533602,48
3180,0,4143,2295,1848,0,0,0,1.0,1,1.0,1,1.0,1,0.10849845306533602,48
3181,2,4145,2296,1849,0,0,0,1.0,1,1.0,1,1.0,1,0.07275094662468874,48
3182,1,4146,2296,1850,0,0,0,1.0,1,1.0,1,1.0,1,0.049869762850343266,51
3183,1,4147,2297,1850,0,0,0,1.0,1,1.0,1,1.0,1,0.055735596772234365,50
3184,1,4148,2297,1851,0,0,0,1.0,1,1.0,1,1.0,1,0.06200399854646079,50
3185,0,4148,2297,1851,0,0,0,1.0,1,1.0,1,1.0,1,0.08252562035097306,48
3186,1,4149,2298,1851,0,0,0,1.0,1,1.0,1,1.0,1,0.09701498220162186,48
3187,2,4151,2298,1853,0,0,0,1.0,1,1.0,1,1.0,1,0.08986894382530795,48
3188,3,4154,2300,1854,0,0,0,1.0,1,1.0,1,1.0,1,0.09375994504920578,48
3189,0,4154,2300,1854,0,0,0,1.0,1,1.0,1,1.0,1,0.1040421355095956,49
3190,3,4157,2301,1856,0,0,0,1.0,1,1.0,1,1.0,1,0.10021927782550039,51
3191,1,4158,2302,1856,0,0,0,1.0,1,1.0,1,1.0,1,0.08887783763886514,52
3192,1,4159,2303,1856,0,0,0,1.0,1,1.0,1,1.0,1,0.07636954642651526,52
3193,2,4161,2304,1857,0,0,0,1.0,1,1.0,1,1.0,1,0.07721232071935709,52
3194,2,4163,2305,1858,0,0,0,1.0,1,1.0,1,1.0,1,0.05001332953091297,54
3195,0,4163,2305,1858,0,0,0,1.0,1,1.0,1,1.0,1,0.05001332953091297,54
3196,1,4164,2306,1858,0,0,0,1.0,1,1.0,1,1.0,1,0.04755383168547795,54
3197,0,4164,2306,1858,0,0,0,1.0,1,1.0,1,1.0,1,0.04568238770669103,54
3198,2,4166,2308,1858,0,0,0,1.0,1,1.0,1,1.0,1,0.06733586835127131,54
3199,2,4168,2310,1858,0,0,0,1.0,1,1.0,1,1.0,1,0.07693504042110576,56
3200,2,4170,2311,1859,0,0,0,1.0,1,1.0,1,1.0,1,0.06980998172786462,56
3201,0,4170,2311,1859,0,0,0,1.0,1,1.0,1,1.0,1,0.06980998172786462,56
3202,2,4172,2313,1859,0,0,0,1.0,1,1.0,1,1.0,1,0.09524939869777643,57
3203,3,4175,2314,1861,0,0,0,1.0,1,1.0,1,1.0,1,0.08472932738446834,56
3204,0,4175,2314,1861,0,0,0,1.0,1,1.0,1,1.0,1,0.07884649308746354,55
3205,2,4177,2314,1863,0,0,0,1.0,1,1.0,1,1.0,1,0.051035840991866296,54
3206,4,4181,2318,1863,0,0,0,1.0,1,1.0,1,1.0,1,0.10504731594811545,56
3207,1,4182,2318,1864,0,0,0,1.0,1,1.0,1,1.0,1,0.12300396679015696,54
3208,2,4184,2320,1864,0,0,0,1.0,1,1.0,1,1.0,1,0.16463562965083153,53
3209,0,4184,2320,1864,0,0,0,1.0,1,1.0,1,1.0,1,0.1571282618276988,54
3210,2,4186,2322,1864,0,0,0,1.0,1,1.0,1,1.0,1,0.19922099564354342,53
3211,2,4188,2323,1865,0,0,0,1.0,1,1.0,1,1.0,1,0.2040082603176067,53
3212,0,4188,2323,1865,0,0,0,1.0,1,1.0,1,1.0,1,0.20481528268763682,54
3213,0,4188,2323,1865,0,0,0,1.0,1,1.0,1,1.0,1,0.1857259729570879,54
3214,1,4189,2323,1866,0,0,0,1.0,1,1.0,1,1.0,1,0.17963571017069638,55
3215,2,4191,2324,1867,0,0,0,1.0,1,1.0,1,1.0,1,0.16022098166365445,55
3216,1,4192,2325,1867,0,0,0,1.0,1,1.0,1,1.0,1,0.1695527345631027,55
3217,4,4196,2328,1868,0,0,0,1.0,1,1.0,1,1.0,1,0.20248501787147005,54
3218,0,4196,2328,1868,0,0,0,1.0,1,1.0,1,1.0,1,0.20248501787147005,54
3219,1,4197,2329,1868,0,0,0,1.0,1,1.0,1,1.0,1,0.21359742912702337,55
3220,0,4197,2329,1868,0,0,0,1.0,1,1.0,1,1.0,1,0.19176564673052984,56
3221,2,4199,2330,1869,0,0,0,1.0,1,1.0,1,1.0,1,0.19977106908821055,57
3222,0,4199,2330,1869,0,0,0,1.0,1,1.0,1,1.0,1,0.19977106908821055,57
3223,0,4199,2330,1869,0,0,0,1.0,1,1.0,1,1.0,1,0.20603678531439373,56
3224,2,4201,2331,1870,0,0,0,1.0,1,1.0,1,1.0,1,0.18471478623393395,58
3225,3,4204,2334,1870,0,0,0,1.0,1,1.0,1,1.0,1,0.19663199191966532,55
3226,1,4205,2335,1870,0,0,0,1.0,1,1.0,1,1.0,1,0.1878912723424381,54
3227,1,4206,2336,1870,0,0,0,1.0,1,1.0,1,1.0,1,0.18226895576181448,53
3228,2,4208,2337,1871,0,0,0,1.0,1,1.0,1,1.0,1,0.14408254789631122,52
3229,0,4208,2337,1871,0,0,0,1.0,1,1.0,1,1.0,1,0.13341744496907398,52
3230,2,4210,2339,1871,0,0,0,1.0,1,1.0,1,1.0,1,0.13219226118168306,50
3231,1,4211,2340,1871,0,0,0,1.0,1,1.0,1,1.0,1,0.15376013280315748,50
3232,3,4214,2343,1871,0,0,0,1.0,1,1.0,1,1.0,1,0.17353175873707818,50
3233,1,4215,2343,1872,0,0,0,1.0,1,1.0,1,1.0,1,0.17459075902886126,50
3234,1,4216,2344,1872,0,0,0,1.0,1,1.0,1,1.0,1,0.19997362344381123,49
3235,5,4221,2346,1875,0,0,0,1.0,1,1.0,1,1.0,1,0.21558211661208537,49
3236,0,4221,2346,1875,0,0,0,1.0,1,1.0,1,1.0,1,0.20739646522704744,51
3237,1,4222,2346,1876,0,0,0,1.0,1,1.0,1,1.0,1,0.2155008097553351,53
3238,1,4223,2347,1876,0,0,0,1.0,1,1.0,1,1.0,1,0.22892203658678995,53
3239,0,4223,2347,1876,0,0,0,1.0,1,1.0,1,1.0,1,0.22892203658678995,53
3240,1,4224,2347,1877,0,0,0,1.0,1,1.0,1,1.0,1,0.2097445683347974,53
3241,0,4224,2347,1877,0,0,0,1.0,1,1.0,1,1.0,1,0.20350374267865814,53
3242,1,4225,2348,1877,0,0,0,1.0,1,1.0,1,1.0,1,0.2130401659364727,53
3243,1,4226,2348,1878,0,0,0,1.0,1,1.0,1,1.0,1,0.18103313321943987,56
3244,0,4226,2348,1878,0,0,0,1.0,1,1.0,1,1.0,1,0.1904008954663254,57
3245,1,4227,2348,1879,0,0,0,1.0,1,1.0,1,1.0,1,0.17114065976343285,59
3246,0,4227,2348,1879,0,0,0,1.0,1,1.0,1,1.0,1,0.17114065976343285,59
3247,1,4228,2349,1879,0,0,0,1.0,1,1.0,1,1.0,1,0.18233552776554715,59
3248,1,4229,2349,1880,0,0,0,1.0,1,1.0,1,1.0,1,0.16151794358343247,59
3249,1,4230,2349,1881,0,0,0,1.0,1,1.0,1,1.0,1,0.16079168973677468,58
3250,1,4231,2349,1882,0,0,0,1.0,1,1.0,1,1.0,1,0.1495674072276947,58
3251,1,4232,2350,1882,0,0,0,1.0,1,1.0,1,1.0,1,0.1692270535170645,57
3252,0,4232,2350,1882,0,0,0,1.0,1,1.0,1,1.0,1,0.19086488200741986,57
3253,1,4233,2350,1883,0,0,0,1.0,1,1.0,1,1.0,1,0.1816058706662065,56
3254,1,4234,2350,1884,0,0,0,1.0,1,1.0,1,1.0,1,0.15635587739585075,57
3255,2,4236,2351,1885,0,0,0,1.0,1,1.0,1,1.0,1,0.13852108819890013,57
3256,2,4238,2351,1887,0,0,0,1.0,1,1.0,1,1.0,1,0.11110110027455802,57
3257,1,4239,2351,1888,0,0,0,1.0,1,1.0,1,1.0,1,0.09051743243761767,57
3258,2,4241,2351,1890,0,0,0,1.0,1,1.0,1,1.0,1,0.042423977416188564,58
3259,0,4241,2351,1890,0,0,0,1.0,1,1.0,1,1.0,1,0.03890636912191457,59
3260,1,4242,2352,1890,0,0,0,1.0,1,1.0,1,1.0,1,0.02543130855399548,60
3261,3,4245,2355,1890,0,0,0,1.0,1,1.0,1,1.0,1,0.08980098152492239,60
3262,6,4251,2360,1891,0,0,0,1.0,1,1.0,1,1.0,1,0.08159549069515898,61
3263,4,4255,2364,1891,0,0,0,1.0,1,1.0,1,1.0,1,0.06020594063332939,62
3264,2,4257,2366,1891,0,0,0,1.0,1,1.0,1,1.0,1,0.0754761935799248,60
3265,4,4261,2369,1892,0,0,0,1.0,1,1.0,1,1.0,1,0.06942123578405929,58
3266,3,4264,2371,1893,0,0,0,1.0,1,1.0,1,1.0,1,0.08911314423548454,59
3267,2,4266,2372,1894,0,0,0,1.0,1,1.0,1,1.0,1,0.1143794538661365,60
3268,3,4269,2373,1896,0,0,0,1.0,1,1.0,1,1.0,1,0.13123489054590634,58
3269,1,4270,2374,1896,0,0,0,1.0,1,1.0,1,1.0,1,0.08671737973790469,57
3270,1,4271,2375,1896,0,0,0,1.0,1,1.0,1,1.0,1,0.0722511242137723,56
3271,3,4274,2377,1897,0,0,0,1.0,1,1.0,1,1.0,1,0.059643262561816325,55
3272,2,4276,2378,1898,0,0,0,1.0,1,1.0,1,1.0,1,0.062254289926025275,55
3273,0,4276,2378,1898,0,0,0,1.0,1,1.0,1,1.0,1,0.062254289926025275,55
3274,1,4277,2378,1899,0,0,0,1.0,1,1.0,1,1.0,1,0.03923185671910223,55
3275,1,4278,2379,1899,0,0,0,1.0,1,1.0,1,1.0,1,0.038485813677454794,55
3276,1,4279,2379,1900,0,0,0,1.0,1,1.0,1,1.0,1,0.04415544092317489,55
3277,0,4279,2379,1900,0,0,0,1.0,1,1.0,1,1.0,1,0.026126597853413584,57
3278,0,4279,2379,1900,0,0,0,1.0,1,1.0,1,1.0,1,0.017505682821852,56
3279,1,4280,2380,1900,0,0,0,1.0,1,1.0,1,1.0,1,0.017468966032762934,54
3280,0,4280,2380,1900,0,0,0,1.0,1,1.0,1,1.0,1,0.03610627954976828,53
3281,2,4282,2382,1900,0,0,0,1.0,1,1.0,1,1.0,1,0.08277405305531142,52
3282,0,4282,2382,1900,0,0,0,1.0,1,1.0,1,1.0,1,0.0829033614904058,50
3283,4,4286,2383,1903,0,0,0,1.0,1,1.0,1,1.0,1,0.07756625214986027,50
3284,3,4289,2386,1903,0,0,0,1.0,1,1.0,1,1.0,1,0.09426641745105137,47
3285,0,4289,2386,1903,0,0,0,1.0,1,1.0,1,1.0,1,0.07655169117965403,48
3286,5,4294,2391,1903,0,0,0,1.0,1,1.0,1,1.0,1,0.08738309896300056,46
3287,3,4297,2393,1904,0,0,0,1.0,1,1.0,1,1.0,1,0.13539771696841998,46
3288,4,4301,2396,1905,0,0,0,1.0,1,1.0,1,1.0,1,0.1801438546635433,46
3289,9,4310,2398,1912,0,0,0,1.0,1,1.0,1,1.0,1,0.05652563753420872,48
3290,3,4313,2400,1913,0,0,0,1.0,1,1.0,1,1.0,1,0.07557906458676915,48
3291,2,4315,2401,1914,0,0,0,1.0,1,1.0,1,1.0,1,0.06504542920702,50
3292,3,4318,2402,1916,0,0,0,1.0,1,1.0,1,1.0,1,0.05828494959048538,50
3293,0,4318,2402,1916,0,0,0,1.0,1,1.0,1,1.0,1,0.04039819339983555,51
3294,1,4319,2403,1916,0,0,0,1.0,1,1.0,1,1.0,1,0.06897407035155813,50
3295,4,4323,2406,1917,0,0,0,1.0,1,1.0,1,1.0,1,0.060490108835924324,50
3296,0,4323,2406,1917,0,0,0,1.0,1,1.0,1,1.0,1,0.060490108835924324,50
3297,2,4325,2408,1917,0,0,0,1.0,1,1.0,1,1.0,1,0.03722699260717513,51
3298,1,4326,2409,1917,0,0,0,1.0,1,1.0,1,1.0,1,0.04423169224660321,52
3299,1,4327,2410,1917,0,0,0,1.0,1,1.0,1,1.0,1,0.04264804025698515,53
3300,1,4328,2411,1917,0,0,0,1.0,1,1.0,1,1.0,1,0.04143105619849683,53
3301,0,4328,2411,1917,0,0,0,1.0,1,1.0,1,1.0,1,0.04143105619849683,53
3302,3,4331,2413,1918,0,0,0,1.0,1,1.0,1,1.0,1,0.05333332050674194,53
3303,0,4331,2413,1918,0,0,0,1.0,1,1.0,1,1.0,1,0.05004858030087566,52
3304,0,4331,2413,1918,0,0,0,1.0,1,1.0,1,1.0,1,0.029547825548731282,52
3305,2,4333,2414,1919,0,0,0,1.0,1,1.0,1,1.0,1,0.058607483096768775,51
3306,0,4333,2414,1919,0,0,0,1.0,1,1.0,1,1.0,1,0.04183427102716669,51
3307,1,4334,2415,1919,0,0,0,1.0,1,1.0,1,1.0,1,0.06362721668441691,48
3308,1,4335,2416,1919,0,0,0,1.0,1,1.0,1,1.0,1,0.08340936825143591,48
3309,1,4336,2417,1919,0,0,0,1.0,1,1.0,1,1.0,1,0.0920922757147349,48
3310,0,4336,2417,1919,0,0,0,1.0,1,1.0,1,1.0,1,0.11748337371970186,47
3311,5,4341,2420,1921,0,0,0,1.0,1,1.0,1,1.0,1,0.11370311066838468,49
3312,1,4342,2421,1921,0,0,0,1.0,1,1.0,1,1.0,1,0.15234511446260598,48
3313,3,4345,2424,1921,0,0,0,1.0,1,1.0,1,1.0,1,0.1907178340495251,49
3314,3,4348,2425,1923,0,0,0,1.0,1,1.0,1,1.0,1,0.20670253928360988,47
3315,1,4349,2426,1923,0,0,0,1.0,1,1.0,1,1.0,1,0.2331107100809566,47
3316,5,4354,2426,1928,0,0,0,1.0,1,1.0,1,1.0,1,0.17912528777428063,47
3317,0,4354,2426,1928,0,0,0,1.0,1,1.0,1,1.0,1,0.15035981165453705,46
3318,0,4354,2426,1928,0,0,0,1.0,1,1.0,1,1.0,1,0.1339744360519401,45
3319,3,4357,2428,1929,0,0,0,1.0,1,1.0,1,1.0,1,0.10927456003144599,44
3320,0,4357,2428,1929,0,0,0,1.0,1,1.0,1,1.0,1,0.10574759515690281,43
3321,2,4359,2430,1929,0,0,0,1.0,1,1.0,1,1.0,1,0.09884919259006061,43
3322,1,4360,2431,1929,0,0,0,1.0,1,1.0,1,1.0,1,0.09327693649080254,40
3323,5,4365,2435,1930,0,0,0,1.0,1,1.0,1,1.0,1,0.13180482242276167,40
3324,1,4366,2436,1930,0,0,0,1.0,1,1.0,1,1.0,1,0.13351554914542957,40
3325,4,4370,2438,1932,0,0,0,1.0,1,1.0,1,1.0,1,0.13301666261457554,40
3326,3,4373,2441,1932,0,0,0,1.0,1,1.0,1,1.0,1,0.12935567031492468,41
3327,1,4374,2442,1932,0,0,0,1.0,1,1.0,1,1.0,1,0.13825794470545896,39
3328,4,4378,2444,1934,0,0,0,1.0,1,1.0,1,1.0,1,0.1095594533181511,41
3329,1,4379,2444,1935,0,0,0,1.0,1,1.0,1,1.0,1,0.07874530397407857,39
3330,1,4380,2445,1935,0,0,0,1.0,1,1.0,1,1.0,1,0.06705409952023653,40
3331,0,4380,2445,1935,0,0,0,1.0,1,1.0,1,1.0,1,0.040231814973548885,38
3332,0,4380,2445,1935,0,0,0,1.0,1,1.0,1,1.0,1,0.050578471750992615,38
3333,1,4381,2446,1935,0,0,0,1.0,1,1.0,1,1.0,1,0.08366837208055382,38
3334,1,4382,2446,1936,0,0,0,1.0,1,1.0,1,1.0,1,0.08925427514569452,40
3335,0,4382,2446,1936,0,0,0,1.0,1,1.0,1,1.0,1,0.08925427514569452,40
3336,0,4382,2446,1936,0,0,0,1.0,1,1.0,1,1.0,1,0.11620118050633112,39
3337,0,4382,2446,1936,0,0,0,1.0,1,1.0,1,1.0,1,0.11766240902745077,40
3338,4,4386,2449,1937,0,0,0,1.0,1,1.0,1,1.0,1,0.1152354221480244,41
3339,1,4387,2450,1937,0,0,0,1.0,1,1.0,1,1.0,1,0.10519834851218654,42
3340,4,4391,2453,1938,0,0,0,1.0,1,1.0,1,1.0,1,0.1030766480383855,43
3341,0,4391,2453,1938,0,0,0,1.0,1,1.0,1,1.0,1,0.1030766480383855,43
3342,1,4392,2454,1938,0,0,0,1.0,1,1.0,1,1.0,1,0.14403539311373537,44
3343,0,4392,2454,1938,0,0,0,1.0,1,1.0,1,1.0,1,0.14403539311373537,44
3344,0,4392,2454,1938,0,0,0,1.0,1,1.0,1,1.0,1,0.17191165031437236,44
3345,0,4392,2454,1938,0,0,0,1.0,1,1.0,1,1.0,1,0.18680721043863285,43
3346,1,4393,2454,1939,0,0,0,1.0,1,1.0,1,1.0,1,0.1668819192538485,42
3347,0,4393,2454,1939,0,0,0,1.0,1,1.0,1,1.0,1,0.1530208829947766,44
3348,1,4394,2454,1940,0,0,0,1.0,1,1.0,1,1.0,1,0.1475097859912545,45
3349,2,4396,2456,1940,0,0,0,1.0,1,1.0,1,1.0,1,0.12668251987239912,45
3350,0,4396,2456,1940,0,0,0,1.0,1,1.0,1,1.0,1,0.10664656465302191,46
3351,0,4396,2456,1940,0,0,0,1.0,1,1.0,1,1.0,1,0.11504431079842428,47
3352,1,4397,2457,1940,0,0,0,1.0,1,1.0,1,1.0,1,0.13051870337928012,47
3353,1,4398,2457,1941,0,0,0,1.0,1,1.0,1,1.0,1,0.1169027169719859,48
3354,1,4399,2458,1941,0,0,0,1.0,1,1.0,1,1.0,1,0.1430144343772949,48
3355,2,4401,2459,1942,0,0,0,1.0,1,1.0,1,1.0,1,0.1375804946714924,48
3356,0,4401,2459,1942,0,0,0,1.0,1,1.0,1,1.0,1,0.11391494494885246,48
3357,1,4402,2460,1942,0,0,0,1.0,1,1.0,1,1.0,1,0.11968020880664391,47
3358,2,4404,2461,1943,0,0,0,1.0,1,1.0,1,1.0,1,0.12177649006181644,46
3359,1,4405,2462,1943,0,0,0,1.0,1,1.0,1,1.0,1,0.13786142286458164,45
3360,3,4408,2464,1944,0,0,0,1.0,1,1.0,1,1.0,1,0.18094732360795768,44
3361,3,4411,2465,1946,0,0,0,1.0,1,1.0,1,1.0,1,0.16128952244102748,43
3362,2,4413,2466,1947,0,0,0,1.0,1,1.0,1,1.0,1,0.18819688950645597,42
3363,1,4414,2467,1947,0,0,0,1.0,1,1.0,1,1.0,1,0.2146572937817047,41
3364,2,4416,2467,1949,0,0,0,1.0,1,1.0,1,1.0,1,0.16440411298935556,41
3365,1,4417,2467,1950,0,0,0,1.0,1,1.0,1,1.0,1,0.1525945928004996,41
3366,0,4417,2467,1950,0,0,0,1.0,1,1.0,1,1.0,1,0.13653230069465652,40
3367,1,4418,2467,1951,0,0,0,1.0,1,1.0,1,1.0,1,0.10764286044920439,39
3368,0,4418,2467,1951,0,0,0,1.0,1,1.0,1,1.0,1,0.10764286044920439,39
3369,0,4418,2467,1951,0,0,0,1.0,1,1.0,1,1.0,1,0.09259097915938057,40
3370,2,4420,2469,1951,0,0,0,1.0,1,1.0,1,1.0,1,0.07084156113199831,41
3371,1,4421,2470,1951,0,0,0,1.0,1,1.0,1,1.0,1,0.10079283405004602,41
3372,2,4423,2472,1951,0,0,0,1.0,1,1.0,1,1.0,1,0.12318438952582311,40
3373,2,4425,2472,1953,0,0,0,1.0,1,1.0,1,1.0,1,0.10793850543751715,41
3374,1,4426,2472,1954,0,0,0,1.0,1,1.0,1,1.0,1,0.08980279450528374,42
3375,0,4426,2472,1954,0,0,0,1.0,1,1.0,1,1.0,1,0.10504448612105882,44
3376,1,4427,2472,1955,0,0,0,1.0,1,1.0,1,1.0,1,0.07197420966479366,46
3377,2,4429,2472,1957,0,0,0,1.0,1,1.0,1,1.0,1,0.05946800767622245,47
3378,1,4430,2473,1957,0,0,0,1.0,1,1.0,1,1.0,1,0.06719216966598583,48
3379,0,4430,2473,1957,0,0,0,1.0,1,1.0,1,1.0,1,0.06719216966598583,48
3380,1,4431,2474,1957,0,0,0,1.0,1,1.0,1,1.0,1,0.051628922443041604,48
3381,0,4431,2474,1957,0,0,0,1.0,1,1.0,1,1.0,1,0.051628922443041604,48
3382,1,4432,2474,1958,0,0,0,1.0,1,1.0,1,1.0,1,0.05224566201539993,49
3383,0,4432,2474,1958,0,0,0,1.0,1,1.0,1,1.0,1,0.08242474797874859,47
3384,2,4434,2476,1958,0,0,0,1.0,1,1.0,1,1.0,1,0.12976144352967195,48
3385,3,4437,2476,1961,0,0,0,1.0,1,1.0,1,1.0,1,0.11989150111061722,47
3386,3,4440,2477,1963,0,0,0,1.0,1,1.0,1,1.0,1,0.1427177290163554,49
3387,0,4440,2477,1963,0,0,0,1.0,1,1.0,1,1.0,1,0.1506823127805596,48
3388,3,4443,2478,1965,0,0,0,1.0,1,1.0,1,1.0,1,0.15999516727239166,48
3389,2,4445,2478,1967,0,0,0,1.0,1,1.0,1,1.0,1,0.16217774772386653,50
3390,1,4446,2479,1967,0,0,0,1.0,1,1.0,1,1.0,1,0.1563590525587783,51
3391,4,4450,2480,1970,0,0,0,1.0,1,1.0,1,1.0,1,0.15849669315849219,51
3392,2,4452,2480,1972,0,0,0,1.0,1,1.0,1,1.0,1,0.12529033607290027,52
3393,2,4454,2481,1973,0,0,0,1.0,1,1.0,1,1.0,1,0.09901413773702901,52
3394,0,4454,2481,1973,0,0,0,1.0,1,1.0,1,1.0,1,0.09901413773702901,52
3395,0,4454,2481,1973,0,0,0,1.0,1,1.0,1,1.0,1,0.09087012840288577,50
3396,0,4454,2481,1973,0,0,0,1.0,1,1.0,1,1.0,1,0.09052661292348473,49
3397,2,4456,2482,1974,0,0,0,1.0,1,1.0,1,1.0,1,0.0670751454201704,49
3398,0,4456,2482,1974,0,0,0,1.0,1,1.0,1,1.0,1,0.06433791789619277,48
3399,1,4457,2483,1974,0,0,0,1.0,1,1.0,1,1.0,1,0.07078922391273075,49
3400,2,4459,2484,1975,0,0,0,1.0,1,1.0,1,1.0,1,0.043107287945623324,50
3401,0,4459,2484,1975,0,0,0,1.0,1,1.0,1,1.0,1,0.04748713621847214,51
3402,1,4460,2485,1975,0,0,0,1.0,1,1.0,1,1.0,1,0.06634734177825892,51
3403,2,4462,2487,1975,0,0,0,1.0,1,1.0,1,1.0,1,0.09060447296571068,51
3404,1,4463,2488,1975,0,0,0,1.0,1,1.0,1,1.0,1,0.10420130461452208,51
3405,1,4464,2489,1975,0,0,0,1.0,1,1.0,1,1.0,1,0.1146417071081049,51
3406,0,4464,2489,1975,0,0,0,1.0,1,1.0,1,1.0,1,0.11971108463325486,51
3407,1,4465,2490,1975,0,0,0,1.0,1,1.0,1,1.0,1,0.12472811955772824,52
3408,0,4465,2490,1975,0,0,0,1.0,1,1.0,1,1.0,1,0.13586381269088452,53
3409,1,4466,2491,1975,0,0,0,1.0,1,1.0,1,1.0,1,0.12513347546329923,54
3410,1,4467,2492,1975,0,0,0,1.0,1,1.0,1,1.0,1,0.13360917050336094,54
3411,1,4468,2493,1975,0,0,0,1.0,1,1.0,1,1.0,1,0.13249578391871308,54
3412,3,4471,2494,1977,0,0,0,1.0,1,1.0,1,1.0,1,0.13312471212953278,55
3413,0,4471,2494,1977,0,0,0,1.0,1,1.0,1,1.0,1,0.13312471212953278,55
3414,0,4471,2494,1977,0,0,0,1.0,1,1.0,1,1.0,1,0.13886029033745778,55
3415,3,4474,2496,1978,0,0,0,1.0,1,1.0,1,1.0,1,0.13694661809201572,56
3416,2,4476,2496,1980,0,0,0,1.0,1,1.0,1,1.0,1,0.12078024842631861,55
3417,2,4478,2496,1982,0,0,0,1.0,1,1.0,1,1.0,1,0.1182862757701084,56
3418,2,4480,2497,1983,0,0,0,1.0,1,1.0,1,1.0,1,0.15047835503345197,55
3419,3,4483,2497,1986,0,0,0,1.0,1,1.0,1,1.0,1,0.13699800023561323,56
3420,0,4483,2497,1986,0,0,0,1.0,1,1.0,1,1.0,1,0.1573271523359712,55
3421,2,4485,2497,1988,0,0,0,1.0,1,1.0,1,1.0,1,0.1406190218886559,57
3422,0,4485,2497,1988,0,0,0,1.0,1,1.0,1,1.0,1,0.1462346389547064,56
3423,2,4487,2498,1989,0,0,0,1.0,1,1.0,1,1.0,1,0.12638071835627096,56
3424,3,4490,2499,1991,0,0,0,1.0,1,1.0,1,1.0,1,0.11266544993582371,56
3425,1,4491,2499,1992,0,0,0,1.0,1,1.0,1,1.0,1,0.09252826892599504,56
3426,0,4491,2499,1992,0,0,0,1.0,1,1.0,1,1.0,1,0.11601885292330666,55
3427,3,4494,2499,1995,0,0,0,1.0,1,1.0,1,1.0,1,0.09980563427766254,55
3428,0,4494,2499,1995,0,0,0,1.0,1,1.0,1,1.0,1,0.10320885556276663,55
3429,2,4496,2500,1996,0,0,0,1.0,1,1.0,1,1.0,1,0.13186383195225407,54
3430,1,4497,2500,1997,0,0,0,1.0,1,1.0,1,1.0,1,0.11245272338351267,56
3431,1,4498,2501,1997,0,0,0,1.0,1,1.0,1,1.0,1,0.10852990506615125,54
3432,2,4500,2502,1998,0,0,0,1.0,1,1.0,1,1.0,1,0.12368425841976591,56
3433,2,4502,2503,1999,0,0,0,1.0,1,1.0,1,1.0,1,0.12501196002931228,53
3434,3,4505,2505,2000,0,0,0,1.0,1,1.0,1,1.0,1,0.10710699124128574,51
3435,3,4508,2508,2000,0,0,0,1.0,1,1.0,1,1.0,1,0.12929035192705685,51
3436,3,4511,2509,2002,0,0,0,1.0,1,1.0,1,1.0,1,0.10540660470499219,51
3437,3,4514,2511,2003,0,0,0,1.0,1,1.0,1,1.0,1,0.10271394698093024,53
3438,1,4515,2511,2004,0,0,0,1.0,1,1.0,1,1.0,1,0.05416137285718501,52
3439,2,4517,2512,2005,0,0,0,1.0,1,1.0,1,1.0,1,0.05409551909249892,54
3440,1,4518,2513,2005,0,0,0,1.0,1,1.0,1,1.0,1,0.059251670132858314,52
3441,0,4518,2513,2005,0,0,0,1.0,1,1.0,1,1.0,1,0.05801657160774128,53
3442,1,4519,2513,2006,0,0,0,1.0,1,1.0,1,1.0,1,0.02837437480842155,53
3443,0,4519,2513,2006,0,0,0,1.0,1,1.0,1,1.0,1,0.03459477512242409,53
3444,0,4519,2513,2006,0,0,0,1.0,1,1.0,1,1.0,1,0.038465065037387655,52
3445,2,4521,2515,2006,0,0,0,1.0,1,1.0,1,1.0,1,0.05199817730414605,53
3446,1,4522,2516,2006,0,0,0,1.0,1,1.0,1,1.0,1,0.10916902906122798,53
3447,0,4522,2516,2006,0,0,0,1.0,1,1.0,1,1.0,1,0.10916902906122798,53
3448,4,4526,2518,2008,0,0,0,1.0,1,1.0,1,1.0,1,0.17482814792877172,52
3449,2,4528,2519,2009,0,0,0,1.0,1,1.0,1,1.0,1,0.15505596705702507,52
3450,2,4530,2521,2009,0,0,0,1.0,1,1.0,1,1.0,1,0.16383376437057942,52
3451,7,4537,2525,2012,0,0,0,1.0,1,1.0,1,1.0,1,0.161933982302225,54
3452,2,4539,2526,2013,0,0,0,1.0,1,1.0,1,1.0,1,0.14277765596413888,54
3453,1,4540,2527,2013,0,0,0,1.0,1,1.0,1,1.0,1,0.13650784741951022,54
3454,2,4542,2527,2015,0,0,0,1.0,1,1.0,1,1.0,1,0.11054271191885513,57
3455,0,4542,2527,2015,0,0,0,1.0,1,1.0,1,1.0,1,0.11054271191885513,57
3456,1,4543,2527,2016,0,0,0,1.0,1,1.0,1,1.0,1,0.1110235979468581,58
3457,2,4545,2527,2018,0,0,0,1.0,1,1.0,1,1.0,1,0.11278811982051515,57
3458,0,4545,2527,2018,0,0,0,1.0,1,1.0,1,1.0,1,0.11328714197656645,57
3459,0,4545,2527,2018,0,0,0,1.0,1,1.0,1,1.0,1,0.11328714197656645,57
3460,1,4546,2527,2019,0,0,0,1.0,1,1.0,1,1.0,1,0.09613050398091241,58
3461,2,4548,2527,2021,0,0,0,1.0,1,1.0,1,1.0,1,0.08814597604357852,59
3462,2,4550,2528,2022,0,0,0,1.0,1,1.0,1,1.0,1,0.08103845472000412,59
3463,2,4552,2529,2023,0,0,0,1.0,1,1.0,1,1.0,1,0.053810542965357255,59
3464,1,4553,2529,2024,0,0,0,1.0,1,1.0,1,1.0,1,0.06177781454159193,59
3465,1,4554,2530,2024,0,0,0,1.0,1,1.0,1,1.0,1,0.062456580241717824,57
3466,0,4554,2530,2024,0,0,0,1.0,1,1.0,1,1.0,1,0.062456580241717824,57
3467,3,4557,2532,2025,0,0,0,1.0,1,1.0,1,1.0,1,0.10915496065853159,57
3468,1,4558,2532,2026,0,0,0,1.0,1,1.0,1,1.0,1,0.10713210614721692,57
3469,4,4562,2536,2026,0,0,0,1.0,1,1.0,1,1.0,1,0.10758103124636688,53
3470,1,4563,2537,2026,0,0,0,1.0,1,1.0,1,1.0,1,0.1279682344213465,50
3471,2,4565,2539,2026,0,0,0,1.0,1,1.0,1,1.0,1,0.1741702878143241,49
3472,3,4568,2540,2028,0,0,0,1.0,1,1.0,1,1.0,1,0.13711959145522604,47
3473,2,4570,2542,2028,0,0,0,1.0,1,1.0,1,1.0,1,0.1869624130168903,45
3474,2,4572,2543,2029,0,0,0,1.0,1,1.0,1,1.0,1,0.16956071154753122,42
3475,6,4578,2545,2033,0,0,0,1.0,1,1.0,1,1.0,1,0.19616408508125188,43
3476,4,4582,2547,2035,0,0,0,1.0,1,1.0,1,1.0,1,0.18594596538272085,41
3477,2,4584,2549,2035,0,0,0,1.0,1,1.0,1,1.0,1,0.15607661461496877,42
3478,4,4588,2551,2037,0,0,0,1.0,1,1.0,1,1.0,1,0.11536646508505646,40
3479,0,4588,2551,2037,0,0,0,1.0,1,1.0,1,1.0,1,0.08856220824326787,40
3480,1,4589,2552,2037,0,0,0,1.0,1,1.0,1,1.0,1,0.09249158285480516,40
3481,1,4590,2552,2038,0,0,0,1.0,1,1.0,1,1.0,1,0.0640409911907094,40
3482,0,4590,2552,2038,0,0,0,1.0,1,1.0,1,1.0,1,0.0640409911907094,40
3483,2,4592,2554,2038,0,0,0,1.0,1,1.0,1,1.0,1,0.11186494047739137,39
3484,1,4593,2554,2039,0,0,0,1.0,1,1.0,1,1.0,1,0.09885595018556029,39
3485,4,4597,2556,2041,0,0,0,1.0,1,1.0,1,1.0,1,0.17926294258895498,40
3486,1,4598,2556,2042,0,0,0,1.0,1,1.0,1,1.0,1,0.17009160164282852,41
3487,3,4601,2556,2045,0,0,0,1.0,1,1.0,1,1.0,1,0.14399217640359535,41
3488,0,4601,2556,2045,0,0,0,1.0,1,1.0,1,1.0,1,0.13177491569681582,42
3489,1,4602,2556,2046,0,0,0,1.0,1,1.0,1,1.0,1,0.10954954235885908,44
3490,2,4604,2556,2048,0,0,0,1.0,1,1.0,1,1.0,1,0.08532815327427172,44
3491,0,4604,2556,2048,0,0,0,1.0,1,1.0,1,1.0,1,0.10130570673268254,45
3492,1,4605,2557,2048,0,0,0,1.0,1,1.0,1,1.0,1,0.0959246405157409,45
3493,1,4606,2558,2048,0,0,0,1.0,1,1.0,1,1.0,1,0.09140698840455888,45
3494,0,4606,2558,2048,0,0,0,1.0,1,1.0,1,1.0,1,0.09140698840455888,45
3495,0,4606,2558,2048,0,0,0,1.0,1,1.0,1,1.0,1,0.09140698840455888,45
3496,2,4608,2558,2050,0,0,0,1.0,1,1.0,1,1.0,1,0.07205829212334174,46
3497,1,4609,2559,2050,0,0,0,1.0,1,1.0,1,1.0,1,0.07336202170608633,47
3498,1,4610,2560,2050,0,0,0,1.0,1,1.0,1,1.0,1,0.10009988452254952,48
3499,0,4610,2560,2050,0,0,0,1.0,1,1.0,1,1.0,1,0.11588332050190561,47
3500,2,4612,2560,2052,0,0,0,1.0,1,1.0,1,1.0,1,0.09576316748500041,50
3501,1,4613,2561,2052,0,0,0,1.0,1,1.0,1,1.0,1,0.1117017977995536,50
3502,1,4614,2562,2052,0,0,0,1.0,1,1.0,1,1.0,1,0.14073426949841533,50
3503,0,4614,2562,2052,0,0,0,1.0,1,1.0,1,1.0,1,0.14073426949841533,50
3504,1,4615,2563,2052,0,0,0,1.0,1,1.0,1,1.0,1,0.20297659919310093,47
3505,0,4615,2563,2052,0,0,0,1.0,1,1.0,1,1.0,1,0.2148011192339431,48
3506,0,4615,2563,2052,0,0,0,1.0,1,1.0,1,1.0,1,0.22000980764724398,49
3507,1,4616,2563,2053,0,0,0,1.0,1,1.0,1,1.0,1,0.1954615668837216,46
3508,3,4619,2565,2054,0,0,0,1.0,1,1.0,1,1.0,1,0.24900113137023755,47
3509,0,4619,2565,2054,0,0,0,1.0,1,1.0,1,1.0,1,0.22297979120330033,44
3510,1,4620,2566,2054,0,0,0,1.0,1,1.0,1,1.0,1,0.2568171770074352,45
3511,0,4620,2566,2054,0,0,0,1.0,1,1.0,1,1.0,1,0.2456130559246988,44
3512,0,4620,2566,2054,0,0,0,1.0,1,1.0,1,1.0,1,0.23418338790722232,42
3513,0,4620,2566,2054,0,0,0,1.0,1,1.0,1,1.0,1,0.23418338790722232,42
3514,0,4620,2566,2054,0,0,0,1.0,1,1.0,1,1.0,1,0.22719131176868715,42
3515,2,4622,2566,2056,0,0,0,1.0,1,1.0,1,1.0,1,0.17873613707956656,42
3516,0,4622,2566,2056,0,0,0,1.0,1,1.0,1,1.0,1,0.19222570147854506,41
3517,1,4623,2566,2057,0,0,0,1.0,1,1.0,1,1.0,1,0.16873500774677402,44
3518,0,4623,2566,2057,0,0,0,1.0,1,1.0,1,1.0,1,0.17855967529163352,43
3519,0,4623,2566,2057,0,0,0,1.0,1,1.0,1,1.0,1,0.1679995777415385,44
3520,1,4624,2566,2058,0,0,0,1.0,1,1.0,1,1.0,1,0.17442789809859527,45
3521,0,4624,2566,2058,0,0,0,1.0,1,1.0,1,1.0,1,0.17442789809859527,45
3522,1,4625,2566,2059,0,0,0,1.0,1,1.0,1,1.0,1,0.1671847581208301,46
3523,0,4625,2566,2059,0,0,0,1.0,1,1.0,1,1.0,1,0.1671847581208301,46
3524,0,4625,2566,2059,0,0,0,1.0,1,1.0,1,1.0,1,0.14534477229648457,47
3525,0,4625,2566,2059,0,0,0,1.0,1,1.0,1,1.0,1,0.16151937662601001,48
3526,0,4625,2566,2059,0,0,0,1.0,1,1.0,1,1.0,1,0.14206916310518772,49
3527,2,4627,2568,2059,0,0,0,1.0,1,1.0,1,1.0,1,0.2028678593905375,49
3528,2,4629,2568,2061,0,0,0,1.0,1,1.0,1,1.0,1,0.18543886332882867,51
3529,0,4629,2568,2061,0,0,0,1.0,1,1.0,1,1.0,1,0.18543886332882867,51
3530,1,4630,2568,2062,0,0,0,1.0,1,1.0,1,1.0,1,0.17897151026750843,52
3531,0,4630,2568,2062,0,0,0,1.0,1,1.0,1,1.0,1,0.17897151026750843,52
3532,0,4630,2568,2062,0,0,0,1.0,1,1.0,1,1.0,1,0.17897151026750843,52
3533,0,4630,2568,2062,0,0,0,1.0,1,1.0,1,1.0,1,0.17897151026750843,52
3534,0,4630,2568,2062,0,0,0,1.0,1,1.0,1,1.0,1,0.17897151026750843,52
3535,0,4630,2568,2062,0,0,0,1.0,1,1.0,1,1.0,1,0.17897151026750843,52
3536,1,4631,2568,2063,0,0,0,1.0,1,1.0,1,1.0,1,0.17536373606964,54
3537,0,4631,2568,2063,0,0,0,1.0,1,1.0,1,1.0,1,0.17664888831061396,55
3538,1,4632,2569,2063,0,0,0,1.0,1,1.0,1,1.0,1,0.16802227325123312,55
3539,1,4633,2569,2064,0,0,0,1.0,1,1.0,1,1.0,1,0.14963597495208994,58
3540,5,4638,2573,2065,0,0,0,1.0,1,1.0,1,1.0,1,0.1862458186815924,59
3541,3,4641,2573,2068,0,0,0,1.0,1,1.0,1,1.0,1,0.15067982969038957,59
3542,3,4644,2575,2069,0,0,0,1.0,1,1.0,1,1.0,1,0.16892994789049795,61
3543,1,4645,2575,2070,0,0,0,1.0,1,1.0,1,1.0,1,0.15325352313325916,62
3544,2,4647,2577,2070,0,0,0,1.0,1,1.0,1,1.0,1,0.1694065428247592,59
3545,2,4649,2578,2071,0,0,0,1.0,1,1.0,1,1.0,1,0.17692474196121974,59
3546,0,4649,2578,2071,0,0,0,1.0,1,1.0,1,1.0,1,0.16692712895446632,57
3547,2,4651,2579,2072,0,0,0,1.0,1,1.0,1,1.0,1,0.1670766791937845,53
3548,0,4651,2579,2072,0,0,0,1.0,1,1.0,1,1.0,1,0.1670766791937845,53
3549,0,4651,2579,2072,0,0,0,1.0,1,1.0,1,1.0,1,0.1531454863773536,52
3550,2,4653,2579,2074,0,0,0,1.0,1,1.0,1,1.0,1,0.1560024100470302,51
3551,1,4654,2579,2075,0,0,0,1.0,1,1.0,1,1.0,1,0.13867264389165507,51
3552,1,4655,2579,2076,0,0,0,1.0,1,1.0,1,1.0,1,0.12110106562758953,51
3553,3,4658,2579,2079,0,0,0,1.0,1,1.0,1,1.0,1,0.10247607083657317,49
3554,1,4659,2579,2080,0,0,0,1.0,1,1.0,1,1.0,1,0.07238992871638124,49
3555,1,4660,2579,2081,0,0,0,1.0,1,1.0,1,1.0,1,0.07706697113980025,51
3556,1,4661,2579,2082,0,0,0,1.0,1,1.0,1,1.0,1,0.05734485860440448,51
3557,2,4663,2580,2083,0,0,0,1.0,1,1.0,1,1.0,1,0.05078711153696734,52
3558,1,4664,2581,2083,0,0,0,1.0,1,1.0,1,1.0,1,0.07568148519837195,52
3559,2,4666,2582,2084,0,0,0,1.0,1,1.0,1,1.0,1,0.07864494495698156,52
3560,1,4667,2583,2084,0,0,0,1.0,1,1.0,1,1.0,1,0.05902084883793072,53
3561,1,4668,2584,2084,0,0,0,1.0,1,1.0,1,1.0,1,0.08092630034821156,54
3562,2,4670,2586,2084,0,0,0,1.0,1,1.0,1,1.0,1,0.11251510307339127,54
3563,1,4671,2587,2084,0,0,0,1.0,1,1.0,1,1.0,1,0.13970160598465856,55
3564,1,4672,2587,2085,0,0,0,1.0,1,1.0,1,1.0,1,0.10572581836865785,57
3565,0,4672,2587,2085,0,0,0,1.0,1,1.0,1,1.0,1,0.1123510333301294,56
3566,0,4672,2587,2085,0,0,0,1.0,1,1.0,1,1.0,1,0.12524871355794626,57
3567,0,4672,2587,2085,0,0,0,1.0,1,1.0,1,1.0,1,0.12524871355794626,57
3568,0,4672,2587,2085,0,0,0,1.0,1,1.0,1,1.0,1,0.12524871355794626,57
3569,1,4673,2587,2086,0,0,0,1.0,1,1.0,1,1.0,1,0.10297417233668239,57
3570,2,4675,2589,2086,0,0,0,1.0,1,1.0,1,1.0,1,0.14413917286794484,59
3571,2,4677,2589,2088,0,0,0,1.0,1,1.0,1,1.0,1,0.10992769480973803,60
3572,0,4677,2589,2088,0,0,0,1.0,1,1.0,1,1.0,1,0.10057799841621486,61
3573,2,4679,2590,2089,0,0,0,1.0,1,1.0,1,1.0,1,0.10197199614929996,62
3574,0,4679,2590,2089,0,0,0,1.0,1,1.0,1,1.0,1,0.09583105724193479,63
3575,0,4679,2590,2089,0,0,0,1.0,1,1.0,1,1.0,1,0.09583105724193479,63
3576,1,4680,2591,2089,0,0,0,1.0,1,1.0,1,1.0,1,0.11295474397495073,63
3577,0,4680,2591,2089,0,0,0,1.0,1,1.0,1,1.0,1,0.10539605505593858,64
3578,0,4680,2591,2089,0,0,0,1.0,1,1.0,1,1.0,1,0.09617771964080457,64
3579,0,4680,2591,2089,0,0,0,1.0,1,1.0,1,1.0,1,0.09617771964080457,64
3580,0,4680,2591,2089,0,0,0,1.0,1,1.0,1,1.0,1,0.10654251039851274,65
3581,1,4681,2592,2089,0,0,0,1.0,1,1.0,1,1.0,1,0.11443758340242197,68
3582,0,4681,2592,2089,0,0,0,1.0,1,1.0,1,1.0,1,0.13924131825348132,68
3583,4,4685,2596,2089,0,0,0,1.0,1,1.0,1,1.0,1,0.17321067190523412,65
3584,3,4688,2599,2089,0,0,0,1.0,1,1.0,1,1.0,1,0.21570274016218854,64
3585,2,4690,2601,2089,0,0,0,1.0,1,1.0,1,1.0,1,0.19900641734782246,64
3586,9,4699,2605,2094,0,0,0,1.0,1,1.0,1,1.0,1,0.17099316776065204,65
3587,3,4702,2606,2096,0,0,0,1.0,1,1.0,1,1.0,1,0.12176084122874926,64
3588,2,4704,2608,2096,0,0,0,1.0,1,1.0,1,1.0,1,0.1254171625665112,62
3589,7,4711,2611,2100,0,0,0,1.0,1,1.0,1,1.0,1,0.12110472173175314,63
3590,3,4714,2612,2102,0,0,0,1.0,1,1.0,1,1.0,1,0.11205494296522975,63
3591,1,4715,2613,2102,0,0,0,1.0,1,1.0,1,1.0,1,0.11314412422865229,62
3592,4,4719,2614,2105,0,0,0,1.0,1,1.0,1,1.0,1,0.0686305144207225,59
3593,0,4719,2614,2105,0,0,0,1.0,1,1.0,1,1.0,1,0.056536558403299436,58
3594,0,4719,2614,2105,0,0,0,1.0,1,1.0,1,1.0,1,0.06924157817888871,57
3595,0,4719,2614,2105,0,0,0,1.0,1,1.0,1,1.0,1,0.06929835427988752,59
3596,1,4720,2615,2105,0,0,0,1.0,1,1.0,1,1.0,1,0.05691970284334147,57
3597,0,4720,2615,2105,0,0,0,1.0,1,1.0,1,1.0,1,0.08145163952923198,57
3598,2,4722,2616,2106,0,0,0,1.0,1,1.0,1,1.0,1,0.08867879237104809,57
3599,0,4722,2616,2106,0,0,0,1.0,1,1.0,1,1.0,1,0.09876268309116695,58
3600,1,4723,2617,2106,0,0,0,1.0,1,1.0,1,1.0,1,0.10420077514412189,58
3601,4,4727,2618,2109,0,0,0,1.0,1,1.0,1,1.0,1,0.06868353632199709,58
3602,0,4727,2618,2109,0,0,0,1.0,1,1.0,1,1.0,1,0.05535464392116095,60
3603,2,4729,2619,2110,0,0,0,1.0,1,1.0,1,1.0,1,0.06275124130147493,60
3604,2,4731,2620,2111,0,0,0,1.0,1,1.0,1,1.0,1,0.08142847331972404,60
3605,2,4733,2622,2111,0,0,0,1.0,1,1.0,1,1.0,1,0.10610454912738963,61
3606,4,4737,2624,2113,0,0,0,1.0,1,1.0,1,1.0,1,0.07987777714643715,63
3607,1,4738,2625,2113,0,0,0,1.0,1,1.0,1,1.0,1,0.09015208470638289,63
3608,0,4738,2625,2113,0,0,0,1.0,1,1.0,1,1.0,1,0.09768314902491534,64
3609,1,4739,2625,2114,0,0,0,1.0,1,1.0,1,1.0,1,0.10666648617398011,66
3610,3,4742,2627,2115,0,0,0,1.0,1,1.0,1,1.0,1,0.11554123643791717,67
3611,2,4744,2629,2115,0,0,0,1.0,1,1.0,1,1.0,1,0.13920099689341542,67
3612,1,4745,2630,2115,0,0,0,1.0,1,1.0,1,1.0,1,0.1569637138816275,66
3613,3,4748,2630,2118,0,0,0,1.0,1,1.0,1,1.0,1,0.13129810895179111,66
3614,2,4750,2631,2119,0,0,0,1.0,1,1.0,1,1.0,1,0.1362401429288515,65
3615,0,4750,2631,2119,0,0,0,1.0,1,1.0,1,1.0,1,0.12109111230728388,65
3616,0,4750,2631,2119,0,0,0,1.0,1,1.0,1,1.0,1,0.12109111230728388,65
3617,0,4750,2631,2119,0,0,0,1.0,1,1.0,1,1.0,1,0.11381993961799984,66
3618,0,4750,2631,2119,0,0,0,1.0,1,1.0,1,1.0,1,0.11381993961799984,66
3619,1,4751,2632,2119,0,0,0,1.0,1,1.0,1,1.0,1,0.1212647529939434,65
3620,5,4756,2633,2123,0,0,0,1.0,1,1.0,1,1.0,1,0.12729257649843845,66
3621,1,4757,2634,2123,0,0,0,1.0,1,1.0,1,1.0,1,0.11912800992596015,65
3622,3,4760,2635,2125,0,0,0,1.0,1,1.0,1,1.0,1,0.09417993444420777,65
3623,2,4762,2636,2126,0,0,0,1.0,1,1.0,1,1.0,1,0.08907422398492869,62
3624,3,4765,2639,2126,0,0,0,1.0,1,1.0,1,1.0,1,0.121175593416305,62
3625,5,4770,2641,2129,0,0,0,1.0,1,1.0,1,1.0,1,0.10651933006713514,61
3626,0,4770,2641,2129,0,0,0,1.0,1,1.0,1,1.0,1,0.09653465790568501,58
3627,1,4771,2642,2129,0,0,0,1.0,1,1.0,1,1.0,1,0.14259593783187544,58
3628,3,4774,2642,2132,0,0,0,1.0,1,1.0,1,1.0,1,0.07855603239134941,57
3629,1,4775,2642,2133,0,0,0,1.0,1,1.0,1,1.0,1,0.10549260505355196,57
3630,1,4776,2643,2133,0,0,0,1.0,1,1.0,1,1.0,1,0.06287273494264378,56
3631,1,4777,2644,2133,0,0,0,1.0,1,1.0,1,1.0,1,0.07867129221180551,54
3632,1,4778,2644,2134,0,0,0,1.0,1,1.0,1,1.0,1,0.06713354169446677,52
3633,1,4779,2645,2134,0,0,0,1.0,1,1.0,1,1.0,1,0.0933782630913444,52
3634,3,4782,2646,2136,0,0,0,1.0,1,1.0,1,1.0,1,0.08480022849023025,49
3635,1,4783,2647,2136,0,0,0,1.0,1,1.0,1,1.0,1,0.1362928018973504,47
3636,1,4784,2647,2137,0,0,0,1.0,1,1.0,1,1.0,1,0.14723862128920706,48
3637,7,4791,2650,2141,0,0,0,1.0,1,1.0,1,1.0,1,0.15271369234485868,49
3638,2,4793,2650,2143,0,0,0,1.0,1,1.0,1,1.0,1,0.1259560535917878,50
3639,2,4795,2652,2143,0,0,0,1.0,1,1.0,1,1.0,1,0.1500583521499431,52
3640,3,4798,2653,2145,0,0,0,1.0,1,1.0,1,1.0,1,0.14640083700917483,52
3641,0,4798,2653,2145,0,0,0,1.0,1,1.0,1,1.0,1,0.14640083700917483,52
3642,0,4798,2653,2145,0,0,0,1.0,1,1.0,1,1.0,1,0.14640083700917483,52
3643,0,4798,2653,2145,0,0,0,1.0,1,1.0,1,1.0,1,0.14640083700917483,52
3644,2,4800,2653,2147,0,0,0,1.0,1,1.0,1,1.0,1,0.10925573558982221,52
3645,1,4801,2654,2147,0,0,0,1.0,1,1.0,1,1.0,1,0.10131490626400849,53
3646,2,4803,2654,2149,0,0,0,1.0,1,1.0,1,1.0,1,0.08049569108631716,53
3647,0,4803,2654,2149,0,0,0,1.0,1,1.0,1,1.0,1,0.0912087749178088,55
3648,0,4803,2654,2149,0,0,0,1.0,1,1.0,1,1.0,1,0.08947136423029048,57
3649,0,4803,2654,2149,0,0,0,1.0,1,1.0,1,1.0,1,0.08947136423029048,57
3650,0,4803,2654,2149,0,0,0,1.0,1,1.0,1,1.0,1,0.10186135954132279,59
3651,0,4803,2654,2149,0,0,0,1.0,1,1.0,1,1.0,1,0.10186135954132279,59
3652,0,4803,2654,2149,0,0,0,1.0,1,1.0,1,1.0,1,0.10186135954132279,59
3653,0,4803,2654,2149,0,0,0,1.0,1,1.0,1,1.0,1,0.10186135954132279,59
3654,3,4806,2654,2152,0,0,0,1.0,1,1.0,1,1.0,1,0.07664406346424611,59
3655,0,4806,2654,2152,0,0,0,1.0,1,1.0,1,1.0,1,0.07113237119984417,62
3656,0,4806,2654,2152,0,0,0,1.0,1,1.0,1,1.0,1,0.07113237119984417,62
3657,3,4809,2655,2154,0,0,0,1.0,1,1.0,1,1.0,1,0.082488416771155,63
3658,4,4813,2656,2157,0,0,0,1.0,1,1.0,1,1.0,1,0.07162658087270328,63
3659,1,4814,2657,2157,0,0,0,1.0,1,1.0,1,1.0,1,0.09078404348175298,62
3660,3,4817,2659,2158,0,0,0,1.0,1,1.0,1,1.0,1,0.1201438134990368,62
3661,4,4821,2660,2161,0,0,0,1.0,1,1.0,1,1.0,1,0.0891822971387471,61
3662,1,4822,2661,2161,0,0,0,1.0,1,1.0,1,1.0,1,0.11802554056262574,60
3663,1,4823,2662,2161,0,0,0,1.0,1,1.0,1,1.0,1,0.12808104306863827,61
3664,3,4826,2663,2163,0,0,0,1.0,1,1.0,1,1.0,1,0.10760719793039979,58
3665,1,4827,2664,2163,0,0,0,1.0,1,1.0,1,1.0,1,0.13003551675668454,58
3666,1,4828,2664,2164,0,0,0,1.0,1,1.0,1,1.0,1,0.11427888993268441,58
3667,1,4829,2665,2164,0,0,0,1.0,1,1.0,1,1.0,1,0.10074404516621449,58
3668,0,4829,2665,2164,0,0,0,1.0,1,1.0,1,1.0,1,0.10255878154456921,58
3669,1,4830,2666,2164,0,0,0,1.0,1,1.0,1,1.0,1,0.10390765739679818,57
3670,1,4831,2667,2164,0,0,0,1.0,1,1.0,1,1.0,1,0.11690856409457721,56
3671,1,4832,2668,2164,0,0,0,1.0,1,1.0,1,1.0,1,0.1537489632547623,57
3672,2,4834,2669,2165,0,0,0,1.0,1,1.0,1,1.0,1,0.17796599931606977,57
3673,1,4835,2669,2166,0,0,0,1.0,1,1.0,1,1.0,1,0.1543489500227588,58
3674,0,4835,2669,2166,0,0,0,1.0,1,1.0,1,1.0,1,0.16514521067463614,57
3675,0,4835,2669,2166,0,0,0,1.0,1,1.0,1,1.0,1,0.17240250523987044,58
3676,2,4837,2671,2166,0,0,0,1.0,1,1.0,1,1.0,1,0.19426869810130237,59
3677,0,4837,2671,2166,0,0,0,1.0,1,1.0,1,1.0,1,0.18563395488398077,60
3678,0,4837,2671,2166,0,0,0,1.0,1,1.0,1,1.0,1,0.20271434239487726,62
3679,0,4837,2671,2166,0,0,0,1.0,1,1.0,1,1.0,1,0.20271434239487726,62
3680,0,4837,2671,2166,0,0,0,1.0,1,1.0,1,1.0,1,0.18323866054093962,63
3681,0,4837,2671,2166,0,0,0,1.0,1,1.0,1,1.0,1,0.1912046000611386,64
3682,0,4837,2671,2166,0,0,0,1.0,1,1.0,1,1.0,1,0.1912046000611386,64
3683,0,4837,2671,2166,0,0,0,1.0,1,1.0,1,1.0,1,0.1912046000611386,64
3684,2,4839,2672,2167,0,0,0,1.0,1,1.0,1,1.0,1,0.20356487283923322,64
3685,0,4839,2672,2167,0,0,0,1.0,1,1.0,1,1.0,1,0.20356487283923322,64
3686,0,4839,2672,2167,0,0,0,1.0,1,1.0,1,1.0,1,0.1954368507717875,65
3687,0,4839,2672,2167,0,0,0,1.0,1,1.0,1,1.0,1,0.1954368507717875,65
3688,1,4840,2672,2168,0,0,0,1.0,1,1.0,1,1.0,1,0.19879248142887515,66
3689,0,4840,2672,2168,0,0,0,1.0,1,1.0,1,1.0,1,0.19879248142887515,66
3690,1,4841,2672,2169,0,0,0,1.0,1,1.0,1,1.0,1,0.1994363622934851,67
3691,3,4844,2673,2171,0,0,0,1.0,1,1.0,1,1.0,1,0.17959730955532144,68
3692,0,4844,2673,2171,0,0,0,1.0,1,1.0,1,1.0,1,0.17413265748510148,69
3693,0,4844,2673,2171,0,0,0,1.0,1,1.0,1,1.0,1,0.1715305848332227,69
3694,1,4845,2674,2171,0,0,0,1.0,1,1.0,1,1.0,1,0.18812040822308995,70
3695,0,4845,2674,2171,0,0,0,1.0,1,1.0,1,1.0,1,0.18812040822308995,70
3696,2,4847,2676,2171,0,0,0,1.0,1,1.0,1,1.0,1,0.17350225877707856,71
3697,3,4850,2678,2172,0,0,0,1.0,1,1.0,1,1.0,1,0.18976718015336724,70
3698,0,4850,2678,2172,0,0,0,1.0,1,1.0,1,1.0,1,0.1894830268640837,70
3699,1,4851,2679,2172,0,0,0,1.0,1,1.0,1,1.0,1,0.1856693977352659,70
3700,4,4855,2682,2173,0,0,0,1.0,1,1.0,1,1.0,1,0.19978011805397808,68
3701,1,4856,2683,2173,0,0,0,1.0,1,1.0,1,1.0,1,0.21967413528285945,69
3702,1,4857,2684,2173,0,0,0,1.0,1,1.0,1,1.0,1,0.21549039936207162,69
3703,1,4858,2685,2173,0,0,0,1.0,1,1.0,1,1.0,1,0.2390783402958703,70
3704,3,4861,2687,2174,0,0,0,1.0,1,1.0,1,1.0,1,0.25637750502504814,69
3705,1,4862,2687,2175,0,0,0,1.0,1,1.0,1,1.0,1,0.22539684799314805,69
3706,2,4864,2688,2176,0,0,0,1.0,1,1.0,1,1.0,1,0.23038246896988027,69
3707,0,4864,2688,2176,0,0,0,1.0,1,1.0,1,1.0,1,0.21380320414288548,67
3708,1,4865,2689,2176,0,0,0,1.0,1,1.0,1,1.0,1,0.19859565861823922,67
3709,0,4865,2689,2176,0,0,0,1.0,1,1.0,1,1.0,1,0.19859565861823922,67
3710,2,4867,2691,2176,0,0,0,1.0,1,1.0,1,1.0,1,0.1912811449249392,67
3711,0,4867,2691,2176,0,0,0,1.0,1,1.0,1,1.0,1,0.1921874613343657,68
3712,1,4868,2692,2176,0,0,0,1.0,1,1.0,1,1.0,1,0.19993359760145135,68
3713,3,4871,2693,2178,0,0,0,1.0,1,1.0,1,1.0,1,0.17659677901849974,68
3714,0,4871,2693,2178,0,0,0,1.0,1,1.0,1,1.0,1,0.1932204037411118,67
3715,2,4873,2693,2180,0,0,0,1.0,1,1.0,1,1.0,1,0.18005536507323092,68
3716,1,4874,2693,2181,0,0,0,1.0,1,1.0,1,1.0,1,0.18370917748179755,67
3717,2,4876,2694,2182,0,0,0,1.0,1,1.0,1,1.0,1,0.20884917795719585,68
3718,2,4878,2694,2184,0,0,0,1.0,1,1.0,1,1.0,1,0.20337035884746776,68
3719,2,4880,2695,2185,0,0,0,1.0,1,1.0,1,1.0,1,0.2413921772360768,68
3720,0,4880,2695,2185,0,0,0,1.0,1,1.0,1,1.0,1,0.2413921772360768,68
3721,2,4882,2696,2186,0,0,0,1.0,1,1.0,1,1.0,1,0.20628775922229284,70
3722,0,4882,2696,2186,0,0,0,1.0,1,1.0,1,1.0,1,0.21308402536905388,71
3723,4,4886,2696,2190,0,0,0,1.0,1,1.0,1,1.0,1,0.1867944869631086,71
3724,1,4887,2696,2191,0,0,0,1.0,1,1.0,1,1.0,1,0.17632923064224984,72
3725,5,4892,2698,2194,0,0,0,1.0,1,1.0,1,1.0,1,0.1994909850423568,72
3726,1,4893,2698,2195,0,0,0,1.0,1,1.0,1,1.0,1,0.18994668113372973,71
3727,3,4896,2699,2197,0,0,0,1.0,1,1.0,1,1.0,1,0.19783270069235015,71
3728,3,4899,2699,2200,0,0,0,1.0,1,1.0,1,1.0,1,0.18901690172205915,70
3729,0,4899,2699,2200,0,0,0,1.0,1,1.0,1,1.0,1,0.18901690172205915,70
3730,2,4901,2700,2201,0,0,0,1.0,1,1.0,1,1.0,1,0.21268105865471082,71
3731,0,4901,2700,2201,0,0,0,1.0,1,1.0,1,1.0,1,0.21268105865471082,71
3732,1,4902,2700,2202,0,0,0,1.0,1,1.0,1,1.0,1,0.20158322375673035,72
3733,1,4903,2701,2202,0,0,0,1.0,1,1.0,1,1.0,1,0.21608946761089243,73
3734,2,4905,2702,2203,0,0,0,1.0,1,1.0,1,1.0,1,0.2338112205286269,74
3735,2,4907,2703,2204,0,0,0,1.0,1,1.0,1,1.0,1,0.2328751218758705,72
3736,1,4908,2703,2205,0,0,0,1.0,1,1.0,1,1.0,1,0.20269256672922503,72
3737,1,4909,2703,2206,0,0,0,1.0,1,1.0,1,1.0,1,0.19202933870660466,73
3738,0,4909,2703,2206,0,0,0,1.0,1,1.0,1,1.0,1,0.1795520725401275,72
3739,0,4909,2703,2206,0,0,0,1.0,1,1.0,1,1.0,1,0.17379990349219399,73
3740,1,4910,2703,2207,0,0,0,1.0,1,1.0,1,1.0,1,0.1734361042626664,70
3741,0,4910,2703,2207,0,0,0,1.0,1,1.0,1,1.0,1,0.1734361042626664,70
3742,0,4910,2703,2207,0,0,0,1.0,1,1.0,1,1.0,1,0.1734361042626664,70
3743,0,4910,2703,2207,0,0,0,1.0,1,1.0,1,1.0,1,0.20118147015828516,69
3744,5,4915,2705,2210,0,0,0,1.0,1,1.0,1,1.0,1,0.2219830133652214,69
3745,4,4919,2705,2214,0,0,0,1.0,1,1.0,1,1.0,1,0.1887233909726459,68
3746,1,4920,2705,2215,0,0,0,1.0,1,1.0,1,1.0,1,0.20069364551130126,66
3747,2,4922,2705,2217,0,0,0,1.0,1,1.0,1,1.0,1,0.18920975847729607,66
3748,2,4924,2705,2219,0,0,0,1.0,1,1.0,1,1.0,1,0.15717272515850556,65
3749,0,4924,2705,2219,0,0,0,1.0,1,1.0,1,1.0,1,0.16191839386187457,64
3750,0,4924,2705,2219,0,0,0,1.0,1,1.0,1,1.0,1,0.16810415479986537,63
3751,1,4925,2705,2220,0,0,0,1.0,1,1.0,1,1.0,1,0.15272216915724468,64
3752,1,4926,2706,2220,0,0,0,1.0,1,1.0,1,1.0,1,0.1433332201240113,64
3753,2,4928,2706,2222,0,0,0,1.0,1,1.0,1,1.0,1,0.13305649142194695,65
3754,3,4931,2707,2224,0,0,0,1.0,1,1.0,1,1.0,1,0.139401824166608,65
3755,2,4933,2708,2225,0,0,0,1.0,1,1.0,1,1.0,1,0.16471050106387508,65
3756,0,4933,2708,2225,0,0,0,1.0,1,1.0,1,1.0,1,0.1731011371597108,65
3757,5,4938,2710,2228,0,0,0,1.0,1,1.0,1,1.0,1,0.18632276736402653,65
3758,0,4938,2710,2228,0,0,0,1.0,1,1.0,1,1.0,1,0.1946975448823744,64
3759,1,4939,2711,2228,0,0,0,1.0,1,1.0,1,1.0,1,0.21142438652903225,64
3760,2,4941,2711,2230,0,0,0,1.0,1,1.0,1,1.0,1,0.21979633258689238,63
3761,0,4941,2711,2230,0,0,0,1.0,1,1.0,1,1.0,1,0.21979633258689238,63
3762,1,4942,2711,2231,0,0,0,1.0,1,1.0,1,1.0,1,0.21174553669361684,65
3763,0,4942,2711,2231,0,0,0,1.0,1,1.0,1,1.0,1,0.21174553669361684,65
3764,3,4945,2712,2233,0,0,0,1.0,1,1.0,1,1.0,1,0.19500002101988065,66
3765,1,4946,2712,2234,0,0,0,1.0,1,1.0,1,1.0,1,0.19876478061920314,67
3766,4,4950,2713,2237,0,0,0,1.0,1,1.0,1,1.0,1,0.17548439048941145,67
3767,0,4950,2713,2237,0,0,0,1.0,1,1.0,1,1.0,1,0.1706932536548368,68
3768,5,4955,2715,2240,0,0,0,1.0,1,1.0,1,1.0,1,0.19318785213222325,67
3769,2,4957,2715,2242,0,0,0,1.0,1,1.0,1,1.0,1,0.1579577046307583,69
3770,0,4957,2715,2242,0,0,0,1.0,1,1.0,1,1.0,1,0.1579577046307583,69
3771,3,4960,2716,2244,0,0,0,1.0,1,1.0,1,1.0,1,0.174512708579468,69
3772,3,4963,2716,2247,0,0,0,1.0,1,1.0,1,1.0,1,0.15788444340839683,70
3773,4,4967,2717,2250,0,0,0,1.0,1,1.0,1,1.0,1,0.15346472718973375,68
3774,0,4967,2717,2250,0,0,0,1.0,1,1.0,1,1.0,1,0.15287445585870982,68
3775,3,4970,2718,2252,0,0,0,1.0,1,1.0,1,1.0,1,0.17117631612852097,68
3776,2,4972,2718,2254,0,0,0,1.0,1,1.0,1,1.0,1,0.1471282312329527,66
3777,1,4973,2718,2255,0,0,0,1.0,1,1.0,1,1.0,1,0.1308599428179339,65
3778,0,4973,2718,2255,0,0,0,1.0,1,1.0,1,1.0,1,0.11501134424689465,65
3779,1,4974,2719,2255,0,0,0,1.0,1,1.0,1,1.0,1,0.13913299080685945,65
3780,0,4974,2719,2255,0,0,0,1.0,1,1.0,1,1.0,1,0.12687730221813245,64
3781,0,4974,2719,2255,0,0,0,1.0,1,1.0,1,1.0,1,0.12687730221813245,64
3782,0,4974,2719,2255,0,0,0,1.0,1,1.0,1,1.0,1,0.13712828813479688,67
3783,0,4974,2719,2255,0,0,0,1.0,1,1.0,1,1.0,1,0.1327206528019147,65
3784,1,4975,2719,2256,0,0,0,1.0,1,1.0,1,1.0,1,0.12625269069245412,65
3785,2,4977,2721,2256,0,0,0,1.0,1,1.0,1,1.0,1,0.16394135872346882,63
3786,1,4978,2721,2257,0,0,0,1.0,1,1.0,1,1.0,1,0.14896215493646603,66
3787,2,4980,2722,2258,0,0,0,1.0,1,1.0,1,1.0,1,0.17187866677050945,65
3788,1,4981,2722,2259,0,0,0,1.0,1,1.0,1,1.0,1,0.1629516663999993,65
3789,2,4983,2724,2259,0,0,0,1.0,1,1.0,1,1.0,1,0.18302545390844396,65
3790,2,4985,2725,2260,0,0,0,1.0,1,1.0,1,1.0,1,0.20822975006672081,64
3791,1,4986,2726,2260,0,0,0,1.0,1,1.0,1,1.0,1,0.20031714519232338,64
3792,3,4989,2729,2260,0,0,0,1.0,1,1.0,1,1.0,1,0.21277156698209324,65
3793,3,4992,2730,2262,0,0,0,1.0,1,1.0,1,1.0,1,0.20873457656616692,68
3794,2,4994,2731,2263,0,0,0,1.0,1,1.0,1,1.0,1,0.21332740481561221,68
3795,3,4997,2731,2266,0,0,0,1.0,1,1.0,1,1.0,1,0.18620152686229471,69
3796,2,4999,2731,2268,0,0,0,1.0,1,1.0,1,1.0,1,0.1717568479953735,69
3797,3,5002,2731,2271,0,0,0,1.0,1,1.0,1,1.0,1,0.1684894753001354,70
3798,1,5003,2731,2272,0,0,0,1.0,1,1.0,1,1.0,1,0.161259350697799,70
3799,2,5005,2731,2274,0,0,0,1.0,1,1.0,1,1.0,1,0.1571072075252157,69
3800,2,5007,2731,2276,0,0,0,1.0,1,1.0,1,1.0,1,0.14551625892241832,69
3801,1,5008,2731,2277,0,0,0,1.0,1,1.0,1,1.0,1,0.1504532486433889,67
3802,3,5011,2731,2280,0,0,0,1.0,1,1.0,1,1.0,1,0.1291232248992879,67
3803,2,5013,2731,2282,0,0,0,1.0,1,1.0,1,1.0,1,0.12017761587992999,69
3804,1,5014,2731,2283,0,0,0,1.0,1,1.0,1,1.0,1,0.1163740035343167,70
3805,2,5016,2731,2285,0,0,0,1.0,1,1.0,1,1.0,1,0.11231633661680199,71
3806,0,5016,2731,2285,0,0,0,1.0,1,1.0,1,1.0,1,0.11231633661680199,71
3807,0,5016,2731,2285,0,0,0,1.0,1,1.0,1,1.0,1,0.11904151220613582,72
3808,1,5017,2731,2286,0,0,0,1.0,1,1.0,1,1.0,1,0.11129531219537275,72
3809,1,5018,2732,2286,0,0,0,1.0,1,1.0,1,1.0,1,0.13719574166188894,72
3810,2,5020,2733,2287,0,0,0,1.0,1,1.0,1,1.0,1,0.15177859243695666,72
3811,1,5021,2734,2287,0,0,0,1.0,1,1.0,1,1.0,1,0.15137484923197675,71
3812,1,5022,2734,2288,0,0,0,1.0,1,1.0,1,1.0,1,0.15407518940749576,72
3813,2,5024,2735,2289,0,0,0,1.0,1,1.0,1,1.0,1,0.15913536574627285,71
3814,0,5024,2735,2289,0,0,0,1.0,1,1.0,1,1.0,1,0.16921939844539483,72
3815,0,5024,2735,2289,0,0,0,1.0,1,1.0,1,1.0,1,0.15235289703697794,71
3816,0,5024,2735,2289,0,0,0,1.0,1,1.0,1,1.0,1,0.14939913252854764,69
3817,1,5025,2736,2289,0,0,0,1.0,1,1.0,1,1.0,1,0.17637175372302882,72
3818,1,5026,2737,2289,0,0,0,1.0,1,1.0,1,1.0,1,0.17607152905672654,72
3819,1,5027,2738,2289,0,0,0,1.0,1,1.0,1,1.0,1,0.18497744936283333,72
3820,2,5029,2739,2290,0,0,0,1.0,1,1.0,1,1.0,1,0.1805585957669484,72
3821,1,5030,2740,2290,0,0,0,1.0,1,1.0,1,1.0,1,0.1933195715076261,72
3822,0,5030,2740,2290,0,0,0,1.0,1,1.0,1,1.0,1,0.2046782318732998,69
3823,0,5030,2740,2290,0,0,0,1.0,1,1.0,1,1.0,1,0.2046782318732998,69
3824,3,5033,2740,2293,0,0,0,1.0,1,1.0,1,1.0,1,0.19928755136443776,65
3825,0,5033,2740,2293,0,0,0,1.0,1,1.0,1,1.0,1,0.20996247429350096,64
3826,1,5034,2740,2294,0,0,0,1.0,1,1.0,1,1.0,1,0.19748624335029977,65
3827,1,5035,2740,2295,0,0,0,1.0,1,1.0,1,1.0,1,0.19909535495524233,64
3828,1,5036,2741,2295,0,0,0,1.0,1,1.0,1,1.0,1,0.1888811848826001,65
3829,3,5039,2742,2297,0,0,0,1.0,1,1.0,1,1.0,1,0.18873801690581418,65
3830,1,5040,2742,2298,0,0,0,1.0,1,1.0,1,1.0,1,0.1862306792450793,64
3831,0,5040,2742,2298,0,0,0,1.0,1,1.0,1,1.0,1,0.19322476769579366,63
3832,2,5042,2742,2300,0,0,0,1.0,1,1.0,1,1.0,1,0.19054422655418965,64
3833,1,5043,2742,2301,0,0,0,1.0,1,1.0,1,1.0,1,0.18330132585206735,64
3834,0,5043,2742,2301,0,0,0,1.0,1,1.0,1,1.0,1,0.2055858744081408,63
3835,2,5045,2742,2303,0,0,0,1.0,1,1.0,1,1.0,1,0.18931146936355123,63
3836,2,5047,2744,2303,0,0,0,1.0,1,1.0,1,1.0,1,0.18352415734485314,63
3837,2,5049,2745,2304,0,0,0,1.0,1,1.0,1,1.0,1,0.1908457498478832,62
3838,1,5050,2746,2304,0,0,0,1.0,1,1.0,1,1.0,1,0.19407894427221067,62
3839,2,5052,2747,2305,0,0,0,1.0,1,1.0,1,1.0,1,0.19908942575741378,60
3840,0,5052,2747,2305,0,0,0,1.0,1,1.0,1,1.0,1,0.19192233094307093,62
3841,0,5052,2747,2305,0,0,0,1.0,1,1.0,1,1.0,1,0.19192233094307093,62
3842,2,5054,2747,2307,0,0,0,1.0,1,1.0,1,1.0,1,0.15859677986984327,63
3843,1,5055,2747,2308,0,0,0,1.0,1,1.0,1,1.0,1,0.14585753406407218,64
3844,3,5058,2747,2311,0,0,0,1.0,1,1.0,1,1.0,1,0.10825718719003714,65
3845,1,5059,2747,2312,0,0,0,1.0,1,1.0,1,1.0,1,0.10094377511769831,66
3846,2,5061,2747,2314,0,0,0,1.0,1,1.0,1,1.0,1,0.08533707237198014,67
3847,2,5063,2747,2316,0,0,0,1.0,1,1.0,1,1.0,1,0.0672193732865574,67
3848,1,5064,2748,2316,0,0,0,1.0,1,1.0,1,1.0,1,0.06352905368886805,67
3849,1,5065,2748,2317,0,0,0,1.0,1,1.0,1,1.0,1,0.03932691296255267,67
3850,2,5067,2750,2317,0,0,0,1.0,1,1.0,1,1.0,1,0.0535212543973913,68
3851,2,5069,2752,2317,0,0,0,1.0,1,1.0,1,1.0,1,0.08637887427275472,68
3852,1,5070,2752,2318,0,0,0,1.0,1,1.0,1,1.0,1,0.08937819700035553,70
3853,3,5073,2754,2319,0,0,0,1.0,1,1.0,1,1.0,1,0.1244954494175967,70
3854,3,5076,2756,2320,0,0,0,1.0,1,1.0,1,1.0,1,0.1329644193899189,70
3855,1,5077,2757,2320,0,0,0,1.0,1,1.0,1,1.0,1,0.1452127448320889,69
3856,3,5080,2758,2322,0,0,0,1.0,1,1.0,1,1.0,1,0.14982403359925153,70
3857,3,5083,2760,2323,0,0,0,1.0,1,1.0,1,1.0,1,0.1704536662063913,68
3858,1,5084,2761,2323,0,0,0,1.0,1,1.0,1,1.0,1,0.16839326456932238,67
3859,1,5085,2761,2324,0,0,0,1.0,1,1.0,1,1.0,1,0.15373659406607137,66
3860,0,5085,2761,2324,0,0,0,1.0,1,1.0,1,1.0,1,0.15714580684788998,66
3861,0,5085,2761,2324,0,0,0,1.0,1,1.0,1,1.0,1,0.15844675263779545,66
3862,0,5085,2761,2324,0,0,0,1.0,1,1.0,1,1.0,1,0.15844675263779545,66
3863,0,5085,2761,2324,0,0,0,1.0,1,1.0,1,1.0,1,0.1522523406224628,63
3864,2,5087,2762,2325,0,0,0,1.0,1,1.0,1,1.0,1,0.14924362824978002,63
3865,1,5088,2762,2326,0,0,0,1.0,1,1.0,1,1.0,1,0.14254189234427359,61
3866,0,5088,2762,2326,0,0,0,1.0,1,1.0,1,1.0,1,0.15899093762410937,61
3867,0,5088,2762,2326,0,0,0,1.0,1,1.0,1,1.0,1,0.16671806790955404,60
3868,3,5091,2763,2328,0,0,0,1.0,1,1.0,1,1.0,1,0.17783929354809278,59
3869,0,5091,2763,2328,0,0,0,1.0,1,1.0,1,1.0,1,0.1743606763351246,61
3870,0,5091,2763,2328,0,0,0,1.0,1,1.0,1,1.0,1,0.18332508102607273,61
3871,3,5094,2763,2331,0,0,0,1.0,1,1.0,1,1.0,1,0.16413068968117625,64
3872,1,5095,2763,2332,0,0,0,1.0,1,1.0,1,1.0,1,0.16144858775026877,63
3873,1,5096,2763,2333,0,0,0,1.0,1,1.0,1,1.0,1,0.1616376636140223,62
3874,1,5097,2763,2334,0,0,0,1.0,1,1.0,1,1.0,1,0.1491912806192402,63
3875,0,5097,2763,2334,0,0,0,1.0,1,1.0,1,1.0,1,0.1462700647513839,61
3876,0,5097,2763,2334,0,0,0,1.0,1,1.0,1,1.0,1,0.1388280196213793,62
3877,2,5099,2765,2334,0,0,0,1.0,1,1.0,1,1.0,1,0.1613246471608449,63
3878,0,5099,2765,2334,0,0,0,1.0,1,1.0,1,1.0,1,0.1613246471608449,63
3879,1,5100,2766,2334,0,0,0,1.0,1,1.0,1,1.0,1,0.16711809901512517,63
3880,0,5100,2766,2334,0,0,0,1.0,1,1.0,1,1.0,1,0.15671108857473176,65
3881,1,5101,2767,2334,0,0,0,1.0,1,1.0,1,1.0,1,0.17514897986647385,65
3882,3,5104,2769,2335,0,0,0,1.0,1,1.0,1,1.0,1,0.17729879097951567,66
3883,2,5106,2770,2336,0,0,0,1.0,1,1.0,1,1.0,1,0.1869216182996272,66
3884,2,5108,2771,2337,0,0,0,1.0,1,1.0,1,1.0,1,0.21055691262506587,66
3885,2,5110,2772,2338,0,0,0,1.0,1,1.0,1,1.0,1,0.22007605659983195,66
3886,3,5113,2773,2340,0,0,0,1.0,1,1.0,1,1.0,1,0.21439381520802597,65
3887,1,5114,2773,2341,0,0,0,1.0,1,1.0,1,1.0,1,0.19494902911108494,65
3888,0,5114,2773,2341,0,0,0,1.0,1,1.0,1,1.0,1,0.20640100768720662,66
3889,1,5115,2774,2341,0,0,0,1.0,1,1.0,1,1.0,1,0.20688019759122103,64
3890,3,5118,2776,2342,0,0,0,1.0,1,1.0,1,1.0,1,0.2035143202623901,63
3891,2,5120,2776,2344,0,0,0,1.0,1,1.0,1,1.0,1,0.16757696546559903,66
3892,2,5122,2776,2346,0,0,0,1.0,1,1.0,1,1.0,1,0.13431746253575771,67
3893,0,5122,2776,2346,0,0,0,1.0,1,1.0,1,1.0,1,0.1329283471207654,66
3894,3,5125,2778,2347,0,0,0,1.0,1,1.0,1,1.0,1,0.1465368875050675,67
3895,3,5128,2778,2350,0,0,0,1.0,1,1.0,1,1.0,1,0.1233408166155579,66
3896,1,5129,2779,2350,0,0,0,1.0,1,1.0,1,1.0,1,0.1326451043469793,66
3897,3,5132,2779,2353,0,0,0,1.0,1,1.0,1,1.0,1,0.10614338296063307,65
3898,3,5135,2781,2354,0,0,0,1.0,1,1.0,1,1.0,1,0.16619274384067947,65
3899,3,5138,2783,2355,0,0,0,1.0,1,1.0,1,1.0,1,0.18326974362839207,64
3900,2,5140,2784,2356,0,0,0,1.0,1,1.0,1,1.0,1,0.20901841403797974,63
3901,3,5143,2786,2357,0,0,0,1.0,1,1.0,1,1.0,1,0.2104010323495298,63
3902,1,5144,2786,2358,0,0,0,1.0,1,1.0,1,1.0,1,0.21168611857177222,64
3903,2,5146,2786,2360,0,0,0,1.0,1,1.0,1,1.0,1,0.18181832027641476,64
3904,1,5147,2786,2361,0,0,0,1.0,1,1.0,1,1.0,1,0.17811022055674836,63
3905,1,5148,2786,2362,0,0,0,1.0,1,1.0,1,1.0,1,0.16129401354001538,63
3906,0,5148,2786,2362,0,0,0,1.0,1,1.0,1,1.0,1,0.14888813095966705,64
3907,2,5150,2786,2364,0,0,0,1.0,1,1.0,1,1.0,1,0.15209459335146772,64
3908,1,5151,2787,2364,0,0,0,1.0,1,1.0,1,1.0,1,0.16433348740592194,63
3909,1,5152,2787,2365,0,0,0,1.0,1,1.0,1,1.0,1,0.17628810936600858,62
3910,1,5153,2787,2366,0,0,0,1.0,1,1.0,1,1.0,1,0.17845818847666536,62
3911,1,5154,2788,2366,0,0,0,1.0,1,1.0,1,1.0,1,0.18018400956433916,64
3912,2,5156,2789,2367,0,0,0,1.0,1,1.0,1,1.0,1,0.2012981227423467,64
3913,1,5157,2789,2368,0,0,0,1.0,1,1.0,1,1.0,1,0.20522813068948578,65
3914,1,5158,2789,2369,0,0,0,1.0,1,1.0,1,1.0,1,0.2031939302505776,65
3915,1,5159,2790,2369,0,0,0,1.0,1,1.0,1,1.0,1,0.18643684343855815,66
3916,2,5161,2792,2369,0,0,0,1.0,1,1.0,1,1.0,1,0.20644285502894788,66
3917,1,5162,2792,2370,0,0,0,1.0,1,1.0,1,1.0,1,0.19953425027409086,66
3918,2,5164,2793,2371,0,0,0,1.0,1,1.0,1,1.0,1,0.19490826316293677,67
3919,1,5165,2793,2372,0,0,0,1.0,1,1.0,1,1.0,1,0.1836482252279612,68
3920,1,5166,2794,2372,0,0,0,1.0,1,1.0,1,1.0,1,0.16824014466638187,69
3921,1,5167,2794,2373,0,0,0,1.0,1,1.0,1,1.0,1,0.17239429562073197,68
3922,3,5170,2796,2374,0,0,0,1.0,1,1.0,1,1.0,1,0.1972942926276315,68
3923,1,5171,2796,2375,0,0,0,1.0,1,1.0,1,1.0,1,0.19959433612292676,69
3924,3,5174,2797,2377,0,0,0,1.0,1,1.0,1,1.0,1,0.1808417244374267,69
3925,4,5178,2799,2379,0,0,0,1.0,1,1.0,1,1.0,1,0.1968269955955101,67
3926,1,5179,2799,2380,0,0,0,1.0,1,1.0,1,1.0,1,0.19817360082023702,67
3927,1,5180,2799,2381,0,0,0,1.0,1,1.0,1,1.0,1,0.2017994895093514,65
3928,3,5183,2799,2384,0,0,0,1.0,1,1.0,1,1.0,1,0.17856448080925721,65
3929,1,5184,2800,2384,0,0,0,1.0,1,1.0,1,1.0,1,0.18388089474546943,64
3930,0,5184,2800,2384,0,0,0,1.0,1,1.0,1,1.0,1,0.17825760030441176,64
3931,0,5184,2800,2384,0,0,0,1.0,1,1.0,1,1.0,1,0.16558818043419707,62
3932,0,5184,2800,2384,0,0,0,1.0,1,1.0,1,1.0,1,0.16558818043419707,62
3933,1,5185,2801,2384,0,0,0,1.0,1,1.0,1,1.0,1,0.15494151040589263,62
3934,2,5187,2802,2385,0,0,0,1.0,1,1.0,1,1.0,1,0.12988534375643357,61
3935,0,5187,2802,2385,0,0,0,1.0,1,1.0,1,1.0,1,0.13527581727550858,64
3936,0,5187,2802,2385,0,0,0,1.0,1,1.0,1,1.0,1,0.14286621125857935,65
3937,1,5188,2802,2386,0,0,0,1.0,1,1.0,1,1.0,1,0.11918823814877422,66
3938,0,5188,2802,2386,0,0,0,1.0,1,1.0,1,1.0,1,0.11918823814877422,66
3939,0,5188,2802,2386,0,0,0,1.0,1,1.0,1,1.0,1,0.1301631281547459,67
3940,1,5189,2802,2387,0,0,0,1.0,1,1.0,1,1.0,1,0.10946697416550094,69
3941,0,5189,2802,2387,0,0,0,1.0,1,1.0,1,1.0,1,0.10946697416550094,69
3942,2,5191,2803,2388,0,0,0,1.0,1,1.0,1,1.0,1,0.11935294822789001,69
3943,1,5192,2804,2388,0,0,0,1.0,1,1.0,1,1.0,1,0.14979396134457626,68
3944,2,5194,2804,2390,0,0,0,1.0,1,1.0,1,1.0,1,0.14799679131534266,68
3945,4,5198,2807,2391,0,0,0,1.0,1,1.0,1,1.0,1,0.1484040147181708,67
3946,4,5202,2809,2393,0,0,0,1.0,1,1.0,1,1.0,1,0.16950039797781952,67
3947,2,5204,2810,2394,0,0,0,1.0,1,1.0,1,1.0,1,0.1629499445723424,66
3948,3,5207,2812,2395,0,0,0,1.0,1,1.0,1,1.0,1,0.1414116913857305,67
3949,5,5212,2816,2396,0,0,0,1.0,1,1.0,1,1.0,1,0.2300126580401594,66
3950,0,5212,2816,2396,0,0,0,1.0,1,1.0,1,1.0,1,0.23873682418713305,65
3951,1,5213,2816,2397,0,0,0,1.0,1,1.0,1,1.0,1,0.22597424753576995,65
3952,4,5217,2817,2400,0,0,0,1.0,1,1.0,1,1.0,1,0.19804266424016603,65
3953,1,5218,2817,2401,0,0,0,1.0,1,1.0,1,1.0,1,0.20145175061334233,65
3954,1,5219,2817,2402,0,0,0,1.0,1,1.0,1,1.0,1,0.20115910048452762,64
3955,2,5221,2817,2404,0,0,0,1.0,1,1.0,1,1.0,1,0.2046453361923038,64
3956,1,5222,2817,2405,0,0,0,1.0,1,1.0,1,1.0,1,0.19051842454765425,63
3957,1,5223,2817,2406,0,0,0,1.0,1,1.0,1,1.0,1,0.1839447374347815,63
3958,1,5224,2817,2407,0,0,0,1.0,1,1.0,1,1.0,1,0.18564925071072483,63
3959,0,5224,2817,2407,0,0,0,1.0,1,1.0,1,1.0,1,0.1847494311133862,62
3960,0,5224,2817,2407,0,0,0,1.0,1,1.0,1,1.0,1,0.1847494311133862,62
3961,3,5227,2819,2408,0,0,0,1.0,1,1.0,1,1.0,1,0.18382306605313542,64
3962,0,5227,2819,2408,0,0,0,1.0,1,1.0,1,1.0,1,0.18382306605313542,64
3963,4,5231,2822,2409,0,0,0,1.0,1,1.0,1,1.0,1,0.20489172313550766,62
3964,2,5233,2822,2411,0,0,0,1.0,1,1.0,1,1.0,1,0.17064926866617117,63
3965,2,5235,2822,2413,0,0,0,1.0,1,1.0,1,1.0,1,0.13677667218894066,63
3966,1,5236,2822,2414,0,0,0,1.0,1,1.0,1,1.0,1,0.11937747987158534,62
3967,3,5239,2822,2417,0,0,0,1.0,1,1.0,1,1.0,1,0.09856947652965171,64
3968,0,5239,2822,2417,0,0,0,1.0,1,1.0,1,1.0,1,0.09042824920569165,63
3969,1,5240,2822,2418,0,0,0,1.0,1,1.0,1,1.0,1,0.0901271808336597,63
3970,0,5240,2822,2418,0,0,0,1.0,1,1.0,1,1.0,1,0.08815941974712245,65
3971,0,5240,2822,2418,0,0,0,1.0,1,1.0,1,1.0,1,0.08815941974712245,65
3972,3,5243,2824,2419,0,0,0,1.0,1,1.0,1,1.0,1,0.12439101725979618,66
3973,2,5245,2824,2421,0,0,0,1.0,1,1.0,1,1.0,1,0.10770445036081017,66
3974,1,5246,2825,2421,0,0,0,1.0,1,1.0,1,1.0,1,0.1284392420687722,66
3975,5,5251,2828,2423,0,0,0,1.0,1,1.0,1,1.0,1,0.11463905773344936,66
3976,2,5253,2829,2424,0,0,0,1.0,1,1.0,1,1.0,1,0.12373591623781838,66
3977,2,5255,2831,2424,0,0,0,1.0,1,1.0,1,1.0,1,0.13110177455306987,64
3978,3,5258,2833,2425,0,0,0,1.0,1,1.0,1,1.0,1,0.14592192415946767,63
3979,2,5260,2833,2427,0,0,0,1.0,1,1.0,1,1.0,1,0.14418313830791663,63
3980,1,5261,2833,2428,0,0,0,1.0,1,1.0,1,1.0,1,0.13647041576650693,63
3981,1,5262,2833,2429,0,0,0,1.0,1,1.0,1,1.0,1,0.1374101280353757,64
3982,1,5263,2833,2430,0,0,0,1.0,1,1.0,1,1.0,1,0.1231892795598369,65
3983,0,5263,2833,2430,0,0,0,1.0,1,1.0,1,1.0,1,0.1272909470631266,64
3984,1,5264,2833,2431,0,0,0,1.0,1,1.0,1,1.0,1,0.126172679678905,65
3985,2,5266,2834,2432,0,0,0,1.0,1,1.0,1,1.0,1,0.13106649455672023,64
3986,1,5267,2834,2433,0,0,0,1.0,1,1.0,1,1.0,1,0.12778661462691954,63
3987,0,5267,2834,2433,0,0,0,1.0,1,1.0,1,1.0,1,0.14316823824349803,63
3988,0,5267,2834,2433,0,0,0,1.0,1,1.0,1,1.0,1,0.14117975241432343,63
3989,0,5267,2834,2433,0,0,0,1.0,1,1.0,1,1.0,1,0.15750260417593923,63
3990,1,5268,2835,2433,0,0,0,1.0,1,1.0,1,1.0,1,0.18730697180734474,62
3991,1,5269,2835,2434,0,0,0,1.0,1,1.0,1,1.0,1,0.17483355069663417,62
3992,0,5269,2835,2434,0,0,0,1.0,1,1.0,1,1.0,1,0.16576820160755412,65
3993,0,5269,2835,2434,0,0,0,1.0,1,1.0,1,1.0,1,0.16576820160755412,65
3994,1,5270,2835,2435,0,0,0,1.0,1,1.0,1,1.0,1,0.1525562967965456,64
3995,0,5270,2835,2435,0,0,0,1.0,1,1.0,1,1.0,1,0.1525562967965456,64
3996,1,5271,2835,2436,0,0,0,1.0,1,1.0,1,1.0,1,0.13281306276502655,67
3997,3,5274,2836,2438,0,0,0,1.0,1,1.0,1,1.0,1,0.12314806660975838,69
3998,2,5276,2837,2439,0,0,0,1.0,1,1.0,1,1.0,1,0.12914804985025197,69
3999,2,5278,2839,2439,0,0,0,1.0,1,1.0,1,1.0,1,0.1332150266720942,69
4000,0,5278,2839,2439,0,0,0,1.0,1,1.0,1,1.0,1,0.11362649386245105,69
4001,0,5278,2839,2439,0,0,0,1.0,1,1.0,1,1.0,1,0.10493436563175368,68
4002,1,5279,2840,2439,0,0,0,1.0,1,1.0,1,1.0,1,0.08948006972176234,68
4003,3,5282,2842,2440,0,0,0,1.0,1,1.0,1,1.0,1,0.11621683859664775,68
4004,5,5287,2845,2442,0,0,0,1.0,1,1.0,1,1.0,1,0.09469535319232625,67
4005,1,5288,2846,2442,0,0,0,1.0,1,1.0,1,1.0,1,0.10526176920606269,67
4006,4,5292,2848,2444,0,0,0,1.0,1,1.0,1,1.0,1,0.10470117421268033,67
4007,2,5294,2849,2445,0,0,0,1.0,1,1.0,1,1.0,1,0.11637988369555223,67
4008,4,5298,2851,2447,0,0,0,1.0,1,1.0,1,1.0,1,0.11050634266839003,67
4009,3,5301,2852,2449,0,0,0,1.0,1,1.0,1,1.0,1,0.12064005060851446,67
4010,2,5303,2853,2450,0,0,0,1.0,1,1.0,1,1.0,1,0.11763519833017157,66
4011,1,5304,2854,2450,0,0,0,1.0,1,1.0,1,1.0,1,0.11356331463662665,66
4012,4,5308,2856,2452,0,0,0,1.0,1,1.0,1,1.0,1,0.10288335077383576,66
4013,1,5309,2856,2453,0,0,0,1.0,1,1.0,1,1.0,1,0.07673944372165487,66
4014,1,5310,2857,2453,0,0,0,1.0,1,1.0,1,1.0,1,0.08742307530099222,66
4015,0,5310,2857,2453,0,0,0,1.0,1,1.0,1,1.0,1,0.10944741993965493,64
4016,2,5312,2858,2454,0,0,0,1.0,1,1.0,1,1.0,1,0.14126448701901756,64
4017,2,5314,2860,2454,0,0,0,1.0,1,1.0,1,1.0,1,0.1670726072785996,66
4018,0,5314,2860,2454,0,0,0,1.0,1,1.0,1,1.0,1,0.17361083948537848,67
4019,1,5315,2861,2454,0,0,0,1.0,1,1.0,1,1.0,1,0.185754809451675,67
4020,0,5315,2861,2454,0,0,0,1.0,1,1.0,1,1.0,1,0.20490076806820706,66
4021,1,5316,2862,2454,0,0,0,1.0,1,1.0,1,1.0,1,0.21564975180462742,66
4022,0,5316,2862,2454,0,0,0,1.0,1,1.0,1,1.0,1,0.21564975180462742,66
4023,1,5317,2863,2454,0,0,0,1.0,1,1.0,1,1.0,1,0.21542062198449177,66
4024,3,5320,2864,2456,0,0,0,1.0,1,1.0,1,1.0,1,0.20082290449735368,66
4025,1,5321,2864,2457,0,0,0,1.0,1,1.0,1,1.0,1,0.1737904832128156,66
4026,0,5321,2864,2457,0,0,0,1.0,1,1.0,1,1.0,1,0.17427533053498598,66
4027,2,5323,2865,2458,0,0,0,1.0,1,1.0,1,1.0,1,0.1800229015508365,64
4028,3,5326,2867,2459,0,0,0,1.0,1,1.0,1,1.0,1,0.21381885366344983,63
4029,1,5327,2867,2460,0,0,0,1.0,1,1.0,1,1.0,1,0.19299393060054879,62
4030,1,5328,2867,2461,0,0,0,1.0,1,1.0,1,1.0,1,0.16578471135510556,63
4031,0,5328,2867,2461,0,0,0,1.0,1,1.0,1,1.0,1,0.170116888073447,62
4032,2,5330,2868,2462,0,0,0,1.0,1,1.0,1,1.0,1,0.18105870253872686,62
4033,0,5330,2868,2462,0,0,0,1.0,1,1.0,1,1.0,1,0.19324454043235312,61
4034,4,5334,2870,2464,0,0,0,1.0,1,1.0,1,1.0,1,0.20417855253572947,60
4035,1,5335,2870,2465,0,0,0,1.0,1,1.0,1,1.0,1,0.1982748149062726,59
4036,3,5338,2872,2466,0,0,0,1.0,1,1.0,1,1.0,1,0.21913075152927303,58
4037,4,5342,2874,2468,0,0,0,1.0,1,1.0,1,1.0,1,0.210192488075824,59
4038,1,5343,2874,2469,0,0,0,1.0,1,1.0,1,1.0,1,0.1913684633077647,58
4039,1,5344,2874,2470,0,0,0,1.0,1,1.0,1,1.0,1,0.20895091882159894,56
4040,0,5344,2874,2470,0,0,0,1.0,1,1.0,1,1.0,1,0.21817625322618747,55
4041,1,5345,2875,2470,0,0,0,1.0,1,1.0,1,1.0,1,0.24146632350902053,54
4042,1,5346,2876,2470,0,0,0,1.0,1,1.0,1,1.0,1,0.2505742732846778,56
4043,3,5349,2878,2471,0,0,0,1.0,1,1.0,1,1.0,1,0.28421134705858,56
4044,2,5351,2879,2472,0,0,0,1.0,1,1.0,1,1.0,1,0.28876340867668315,56
4045,2,5353,2881,2472,0,0,0,1.0,1,1.0,1,1.0,1,0.31434607488713256,57
4046,0,5353,2881,2472,0,0,0,1.0,1,1.0,1,1.0,1,0.3204482737237431,59
4047,2,5355,2883,2472,0,0,0,1.0,1,1.0,1,1.0,1,0.3546163056839728,59
4048,1,5356,2883,2473,0,0,0,1.0,1,1.0,1,1.0,1,0.347561446434737,59
4049,0,5356,2883,2473,0,0,0,1.0,1,1.0,1,1.0,1,0.3316322867168137,60
4050,1,5357,2883,2474,0,0,0,1.0,1,1.0,1,1.0,1,0.3098738856596713,60
4051,1,5358,2884,2474,0,0,0,1.0,1,1.0,1,1.0,1,0.3188175309365573,60
4052,0,5358,2884,2474,0,0,0,1.0,1,1.0,1,1.0,1,0.3188175309365573,60
4053,0,5358,2884,2474,0,0,0,1.0,1,1.0,1,1.0,1,0.3188175309365573,60
4054,1,5359,2885,2474,0,0,0,1.0,1,1.0,1,1.0,1,0.31669632594238717,61
4055,0,5359,2885,2474,0,0,0,1.0,1,1.0,1,1.0,1,0.31669632594238717,61
4056,0,5359,2885,2474,0,0,0,1.0,1,1.0,1,1.0,1,0.3195194838835633,62
4057,0,5359,2885,2474,0,0,0,1.0,1,1.0,1,1.0,1,0.32078126802445434,63
4058,0,5359,2885,2474,0,0,0,1.0,1,1.0,1,1.0,1,0.336944994403603,64
4059,0,5359,2885,2474,0,0,0,1.0,1,1.0,1,1.0,1,0.35424905616941627,63
4060,0,5359,2885,2474,0,0,0,1.0,1,1.0,1,1.0,1,0.35424905616941627,63
4061,0,5359,2885,2474,0,0,0,1.0,1,1.0,1,1.0,1,0.3598354193708247,63
4062,0,5359,2885,2474,0,0,0,1.0,1,1.0,1,1.0,1,0.34719187970030446,65
4063,1,5360,2885,2475,0,0,0,1.0,1,1.0,1,1.0,1,0.3197555945385082,64
4064,1,5361,2885,2476,0,0,0,1.0,1,1.0,1,1.0,1,0.3085269172471208,65
4065,5,5366,2888,2478,0,0,0,1.0,1,1.0,1,1.0,1,0.2581492142189423,64
4066,1,5367,2888,2479,0,0,0,1.0,1,1.0,1,1.0,1,0.24587263293924388,64
4067,4,5371,2890,2481,0,0,0,1.0,1,1.0,1,1.0,1,0.21416330475685721,63
4068,1,5372,2890,2482,0,0,0,1.0,1,1.0,1,1.0,1,0.202237942120413,64
4069,9,5381,2893,2488,0,0,0,1.0,1,1.0,1,1.0,1,0.22273543285073202,62
4070,2,5383,2893,2490,0,0,0,1.0,1,1.0,1,1.0,1,0.20337967630565726,61
4071,4,5387,2896,2491,0,0,0,1.0,1,1.0,1,1.0,1,0.26557180746621734,61
4072,6,5393,2897,2496,0,0,0,1.0,1,1.0,1,1.0,1,0.25277755869949897,60
4073,4,5397,2897,2500,0,0,0,1.0,1,1.0,1,1.0,1,0.21531410744592228,60
4074,4,5401,2899,2502,0,0,0,1.0,1,1.0,1,1.0,1,0.2482976911762562,60
4075,3,5404,2899,2505,0,0,0,1.0,1,1.0,1,1.0,1,0.2048248118241788,59
4076,1,5405,2899,2506,0,0,0,1.0,1,1.0,1,1.0,1,0.19573129394633784,60
4077,0,5405,2899,2506,0,0,0,1.0,1,1.0,1,1.0,1,0.20370180587937592,61
4078,2,5407,2899,2508,0,0,0,1.0,1,1.0,1,1.0,1,0.20138908446151826,60
4079,0,5407,2899,2508,0,0,0,1.0,1,1.0,1,1.0,1,0.21778008019070727,58
4080,1,5408,2900,2508,0,0,0,1.0,1,1.0,1,1.0,1,0.2234570324641551,56
4081,2,5410,2901,2509,0,0,0,1.0,1,1.0,1,1.0,1,0.20895880438250194,56
4082,1,5411,2901,2510,0,0,0,1.0,1,1.0,1,1.0,1,0.21716305034645242,55
4083,0,5411,2901,2510,0,0,0,1.0,1,1.0,1,1.0,1,0.21716305034645242,55
4084,3,5414,2902,2512,0,0,0,1.0,1,1.0,1,1.0,1,0.20806283410119797,55
4085,3,5417,2904,2513,0,0,0,1.0,1,1.0,1,1.0,1,0.2114099180869668,56
4086,1,5418,2905,2513,0,0,0,1.0,1,1.0,1,1.0,1,0.21323523184493237,57
4087,4,5422,2907,2515,0,0,0,1.0,1,1.0,1,1.0,1,0.2263869287312645,57
4088,1,5423,2907,2516,0,0,0,1.0,1,1.0,1,1.0,1,0.21517390684914753,57
4089,0,5423,2907,2516,0,0,0,1.0,1,1.0,1,1.0,1,0.23561925770858475,56
4090,1,5424,2908,2516,0,0,0,1.0,1,1.0,1,1.0,1,0.2577029823449096,56
4091,2,5426,2908,2518,0,0,0,1.0,1,1.0,1,1.0,1,0.25196516114047657,56
4092,1,5427,2908,2519,0,0,0,1.0,1,1.0,1,1.0,1,0.23989573535639908,57
4093,5,5432,2908,2524,0,0,0,1.0,1,1.0,1,1.0,1,0.18430270177677782,58
4094,2,5434,2908,2526,0,0,0,1.0,1,1.0,1,1.0,1,0.15488457146379608,57
4095,1,5435,2908,2527,0,0,0,1.0,1,1.0,1,1.0,1,0.14681649805228691,57
4096,3,5438,2908,2530,0,0,0,1.0,1,1.0,1,1.0,1,0.13138559686699586,59
4097,1,5439,2908,2531,0,0,0,1.0,1,1.0,1,1.0,1,0.1216324636245151,59
4098,1,5440,2908,2532,0,0,0,1.0,1,1.0,1,1.0,1,0.11194001532543536,59
4099,1,5441,2909,2532,0,0,0,1.0,1,1.0,1,1.0,1,0.09185662968290659,60
4100,0,5441,2909,2532,0,0,0,1.0,1,1.0,1,1.0,1,0.09185662968290659,60
4101,1,5442,2910,2532,0,0,0,1.0,1,1.0,1,1.0,1,0.11118887076615284,60
4102,4,5446,2914,2532,0,0,0,1.0,1,1.0,1,1.0,1,0.14829334319577236,60
4103,2,5448,2915,2533,0,0,0,1.0,1,1.0,1,1.0,1,0.17913957326878818,58
4104,3,5451,2916,2535,0,0,0,1.0,1,1.0,1,1.0,1,0.1549868116974387,60
4105,1,5452,2916,2536,0,0,0,1.0,1,1.0,1,1.0,1,0.1428672171435822,59
4106,2,5454,2917,2537,0,0,0,1.0,1,1.0,1,1.0,1,0.14843342451793623,61
4107,0,5454,2917,2537,0,0,0,1.0,1,1.0,1,1.0,1,0.15122221624468835,59
4108,1,5455,2918,2537,0,0,0,1.0,1,1.0,1,1.0,1,0.1456088530634565,60
4109,1,5456,2918,2538,0,0,0,1.0,1,1.0,1,1.0,1,0.13354754273035363,59
4110,1,5457,2919,2538,0,0,0,1.0,1,1.0,1,1.0,1,0.12785450208815616,60
4111,0,5457,2919,2538,0,0,0,1.0,1,1.0,1,1.0,1,0.14838713199921394,61
4112,1,5458,2920,2538,0,0,0,1.0,1,1.0,1,1.0,1,0.159748062253719,60
4113,3,5461,2920,2541,0,0,0,1.0,1,1.0,1,1.0,1,0.09534492460046352,61
4114,0,5461,2920,2541,0,0,0,1.0,1,1.0,1,1.0,1,0.0833554065948589,62
4115,2,5463,2920,2543,0,0,0,1.0,1,1.0,1,1.0,1,0.1013755518716109,60
4116,0,5463,2920,2543,0,0,0,1.0,1,1.0,1,1.0,1,0.09865308560802181,59
4117,4,5467,2922,2545,0,0,0,1.0,1,1.0,1,1.0,1,0.09433866038230922,56
4118,0,5467,2922,2545,0,0,0,1.0,1,1.0,1,1.0,1,0.11364950286218727,55
4119,1,5468,2923,2545,0,0,0,1.0,1,1.0,1,1.0,1,0.14163212658510257,53
4120,3,5471,2925,2546,0,0,0,1.0,1,1.0,1,1.0,1,0.1296708578015312,52
4121,5,5476,2930,2546,0,0,0,1.0,1,1.0,1,1.0,1,0.11526336294662909,53
4122,1,5477,2931,2546,0,0,0,1.0,1,1.0,1,1.0,1,0.14659528685882608,52
4123,4,5481,2934,2547,0,0,0,1.0,1,1.0,1,1.0,1,0.1596703990464763,51
4124,2,5483,2934,2549,0,0,0,1.0,1,1.0,1,1.0,1,0.1364382786296199,51
4125,0,5483,2934,2549,0,0,0,1.0,1,1.0,1,1.0,1,0.15729493375985892,50
4126,3,5486,2935,2551,0,0,0,1.0,1,1.0,1,1.0,1,0.16549719153342157,50
4127,1,5487,2936,2551,0,0,0,1.0,1,1.0,1,1.0,1,0.17297932989366105,49
4128,0,5487,2936,2551,0,0,0,1.0,1,1.0,1,1.0,1,0.17297932989366105,49
4129,1,5488,2936,2552,0,0,0,1.0,1,1.0,1,1.0,1,0.16433657900732263,49
4130,1,5489,2937,2552,0,0,0,1.0,1,1.0,1,1.0,1,0.14288531295491,50
4131,2,5491,2939,2552,0,0,0,1.0,1,1.0,1,1.0,1,0.17915891388064753,50
4132,2,5493,2939,2554,0,0,0,1.0,1,1.0,1,1.0,1,0.13680184228430634,50
4133,2,5495,2941,2554,0,0,0,1.0,1,1.0,1,1.0,1,0.1506554626831708,51
4134,2,5497,2943,2554,0,0,0,1.0,1,1.0,1,1.0,1,0.14876341132438134,53
4135,1,5498,2944,2554,0,0,0,1.0,1,1.0,1,1.0,1,0.16716421377761914,54
4136,0,5498,2944,2554,0,0,0,1.0,1,1.0,1,1.0,1,0.16716421377761914,54
4137,1,5499,2945,2554,0,0,0,1.0,1,1.0,1,1.0,1,0.14319996521986447,55
4138,1,5500,2946,2554,0,0,0,1.0,1,1.0,1,1.0,1,0.15921500870963576,54
4139,1,5501,2947,2554,0,0,0,1.0,1,1.0,1,1.0,1,0.17701873756558367,54
4140,0,5501,2947,2554,0,0,0,1.0,1,1.0,1,1.0,1,0.159698089520946,55
4141,0,5501,2947,2554,0,0,0,1.0,1,1.0,1,1.0,1,0.1600205110020513,55
4142,0,5501,2947,2554,0,0,0,1.0,1,1.0,1,1.0,1,0.1600205110020513,55
4143,2,5503,2947,2556,0,0,0,1.0,1,1.0,1,1.0,1,0.1346194404495955,53
4144,0,5503,2947,2556,0,0,0,1.0,1,1.0,1,1.0,1,0.15418421963663445,52
4145,2,5505,2947,2558,0,0,0,1.0,1,1.0,1,1.0,1,0.1344463217072255,51
4146,4,5509,2950,2559,0,0,0,1.0,1,1.0,1,1.0,1,0.15077546080274146,51
4147,2,5511,2951,2560,0,0,0,1.0,1,1.0,1,1.0,1,0.14800147544206502,50
4148,1,5512,2952,2560,0,0,0,1.0,1,1.0,1,1.0,1,0.1754288959761611,52
4149,0,5512,2952,2560,0,0,0,1.0,1,1.0,1,1.0,1,0.15542069688766727,53
4150,2,5514,2954,2560,0,0,0,1.0,1,1.0,1,1.0,1,0.17516333444976306,53
4151,1,5515,2955,2560,0,0,0,1.0,1,1.0,1,1.0,1,0.18184240588865502,53
4152,1,5516,2956,2560,0,0,0,1.0,1,1.0,1,1.0,1,0.16983842159484902,54
4153,2,5518,2958,2560,0,0,0,1.0,1,1.0,1,1.0,1,0.1962609789233358,51
4154,2,5520,2958,2562,0,0,0,1.0,1,1.0,1,1.0,1,0.1468817101556902,51
4155,2,5522,2960,2562,0,0,0,1.0,1,1.0,1,1.0,1,0.1706649649425517,51
4156,7,5529,2964,2565,0,0,0,1.0,1,1.0,1,1.0,1,0.18677463887733536,52
4157,1,5530,2964,2566,0,0,0,1.0,1,1.0,1,1.0,1,0.16441501071373635,52
4158,1,5531,2965,2566,0,0,0,1.0,1,1.0,1,1.0,1,0.18342752237609392,52
4159,3,5534,2967,2567,0,0,0,1.0,1,1.0,1,1.0,1,0.18107998356711988,52
4160,3,5537,2970,2567,0,0,0,1.0,1,1.0,1,1.0,1,0.22794583761195505,50
4161,1,5538,2971,2567,0,0,0,1.0,1,1.0,1,1.0,1,0.24954570012401442,50
4162,2,5540,2973,2567,0,0,0,1.0,1,1.0,1,1.0,1,0.2599096003976378,51
4163,2,5542,2974,2568,0,0,0,1.0,1,1.0,1,1.0,1,0.24072321452150186,48
4164,3,5545,2976,2569,0,0,0,1.0,1,1.0,1,1.0,1,0.2509069028485018,50
4165,3,5548,2976,2572,0,0,0,1.0,1,1.0,1,1.0,1,0.2085312160540062,49
4166,2,5550,2977,2573,0,0,0,1.0,1,1.0,1,1.0,1,0.2053457486254978,50
4167,0,5550,2977,2573,0,0,0,1.0,1,1.0,1,1.0,1,0.20555844396860665,50
4168,1,5551,2977,2574,0,0,0,1.0,1,1.0,1,1.0,1,0.20338631264853366,50
4169,1,5552,2977,2575,0,0,0,1.0,1,1.0,1,1.0,1,0.19233497426826565,51
4170,0,5552,2977,2575,0,0,0,1.0,1,1.0,1,1.0,1,0.21040521139358442,50
4171,3,5555,2979,2576,0,0,0,1.0,1,1.0,1,1.0,1,0.22411449015842239,50
4172,1,5556,2979,2577,0,0,0,1.0,1,1.0,1,1.0,1,0.23037225564094485,49
4173,2,5558,2979,2579,0,0,0,1.0,1,1.0,1,1.0,1,0.21800323885614317,48
4174,3,5561,2980,2581,0,0,0,1.0,1,1.0,1,1.0,1,0.20700499877379003,48
4175,2,5563,2980,2583,0,0,0,1.0,1,1.0,1,1.0,1,0.18066122500743764,48
4176,1,5564,2980,2584,0,0,0,1.0,1,1.0,1,1.0,1,0.16973867276758758,50
4177,1,5565,2980,2585,0,0,0,1.0,1,1.0,1,1.0,1,0.16082606237259195,52
4178,2,5567,2981,2586,0,0,0,1.0,1,1.0,1,1.0,1,0.14518465101889866,53
4179,1,5568,2981,2587,0,0,0,1.0,1,1.0,1,1.0,1,0.1326045610536509,54
4180,1,5569,2981,2588,0,0,0,1.0,1,1.0,1,1.0,1,0.12392755889840142,55
4181,1,5570,2981,2589,0,0,0,1.0,1,1.0,1,1.0,1,0.09725042122555465,56
4182,0,5570,2981,2589,0,0,0,1.0,1,1.0,1,1.0,1,0.09725042122555465,56
4183,3,5573,2982,2591,0,0,0,1.0,1,1.0,1,1.0,1,0.08387920636119513,57
4184,1,5574,2982,2592,0,0,0,1.0,1,1.0,1,1.0,1,0.08591651901057491,57
4185,0,5574,2982,2592,0,0,0,1.0,1,1.0,1,1.0,1,0.08630630557966294,54
4186,2,5576,2983,2593,0,0,0,1.0,1,1.0,1,1.0,1,0.10430557730029526,55
4187,0,5576,2983,2593,0,0,0,1.0,1,1.0,1,1.0,1,0.10853085236673651,53
4188,1,5577,2983,2594,0,0,0,1.0,1,1.0,1,1.0,1,0.09027496752172366,53
4189,1,5578,2983,2595,0,0,0,1.0,1,1.0,1,1.0,1,0.05790339622667133,53
4190,3,5581,2986,2595,0,0,0,1.0,1,1.0,1,1.0,1,0.0887767735063511,53
4191,1,5582,2987,2595,0,0,0,1.0,1,1.0,1,1.0,1,0.09717677872961711,51
4192,4,5586,2990,2596,0,0,0,1.0,1,1.0,1,1.0,1,0.09427411488285697,51
4193,2,5588,2992,2596,0,0,0,1.0,1,1.0,1,1.0,1,0.09494643330750284,50
4194,1,5589,2993,2596,0,0,0,1.0,1,1.0,1,1.0,1,0.10770378187989824,50
4195,4,5593,2994,2599,0,0,0,1.0,1,1.0,1,1.0,1,0.08161427559930728,50
4196,3,5596,2996,2600,0,0,0,1.0,1,1.0,1,1.0,1,0.06774938449041265,51
4197,1,5597,2997,2600,0,0,0,1.0,1,1.0,1,1.0,1,0.09319734624512852,50
4198,2,5599,2998,2601,0,0,0,1.0,1,1.0,1,1.0,1,0.10906720303464223,48
4199,1,5600,2998,2602,0,0,0,1.0,1,1.0,1,1.0,1,0.14133187701484032,48
4200,0,5600,2998,2602,0,0,0,1.0,1,1.0,1,1.0,1,0.15871971126853054,48
4201,1,5601,2999,2602,0,0,0,1.0,1,1.0,1,1.0,1,0.2111850835934755,47
4202,0,5601,2999,2602,0,0,0,1.0,1,1.0,1,1.0,1,0.2111850835934755,47
4203,0,5601,2999,2602,0,0,0,1.0,1,1.0,1,1.0,1,0.2111850835934755,47
4204,2,5603,3001,2602,0,0,0,1.0,1,1.0,1,1.0,1,0.23789148581520625,48
4205,1,5604,3001,2603,0,0,0,1.0,1,1.0,1,1.0,1,0.20401485691753807,49
4206,1,5605,3002,2603,0,0,0,1.0,1,1.0,1,1.0,1,0.23617987601850374,49
4207,0,5605,3002,2603,0,0,0,1.0,1,1.0,1,1.0,1,0.22547098350774045,48
4208,3,5608,3004,2604,0,0,0,1.0,1,1.0,1,1.0,1,0.20426683287114536,49
4209,2,5610,3006,2604,0,0,0,1.0,1,1.0,1,1.0,1,0.22480769407168436,51
4210,3,5613,3007,2606,0,0,0,1.0,1,1.0,1,1.0,1,0.22913864086587082,52
4211,2,5615,3008,2607,0,0,0,1.0,1,1.0,1,1.0,1,0.22407536683514834,53
4212,1,5616,3008,2608,0,0,0,1.0,1,1.0,1,1.0,1,0.18690819771645956,53
4213,0,5616,3008,2608,0,0,0,1.0,1,1.0,1,1.0,1,0.18775938996708752,54
4214,1,5617,3009,2608,0,0,0,1.0,1,1.0,1,1.0,1,0.19489159103685005,54
4215,0,5617,3009,2608,0,0,0,1.0,1,1.0,1,1.0,1,0.19489159103685005,54
4216,1,5618,3009,2609,0,0,0,1.0,1,1.0,1,1.0,1,0.19100220177079358,53
4217,1,5619,3010,2609,0,0,0,1.0,1,1.0,1,1.0,1,0.21657113747349752,54
4218,2,5621,3011,2610,0,0,0,1.0,1,1.0,1,1.0,1,0.23391293260184823,53
4219,0,5621,3011,2610,0,0,0,1.0,1,1.0,1,1.0,1,0.23391293260184823,53
4220,0,5621,3011,2610,0,0,0,1.0,1,1.0,1,1.0,1,0.24125882092549739,53
4221,2,5623,3012,2611,0,0,0,1.0,1,1.0,1,1.0,1,0.25389815847018726,54
4222,3,5626,3014,2612,0,0,0,1.0,1,1.0,1,1.0,1,0.2733720594064731,55
4223,1,5627,3015,2612,0,0,0,1.0,1,1.0,1,1.0,1,0.2736832875317814,56
4224,0,5627,3015,2612,0,0,0,1.0,1,1.0,1,1.0,1,0.26913126736415033,55
4225,1,5628,3016,2612,0,0,0,1.0,1,1.0,1,1.0,1,0.25925499657553785,53
4226,1,5629,3017,2612,0,0,0,1.0,1,1.0,1,1.0,1,0.2809661709374582,54
4227,0,5629,3017,2612,0,0,0,1.0,1,1.0,1,1.0,1,0.28195362622913367,52
4228,1,5630,3018,2612,0,0,0,1.0,1,1.0,1,1.0,1,0.27027861698320776,51
4229,1,5631,3019,2612,0,0,0,1.0,1,1.0,1,1.0,1,0.2831492775834385,48
4230,2,5633,3020,2613,0,0,0,1.0,1,1.0,1,1.0,1,0.2654858799657198,48
4231,1,5634,3021,2613,0,0,0,1.0,1,1.0,1,1.0,1,0.2530577276724904,48
4232,1,5635,3022,2613,0,0,0,1.0,1,1.0,1,1.0,1,0.231362280718993,48
4233,1,5636,3022,2614,0,0,0,1.0,1,1.0,1,1.0,1,0.18084365149477338,48
4234,0,5636,3022,2614,0,0,0,1.0,1,1.0,1,1.0,1,0.1739549687518739,49
4235,0,5636,3022,2614,0,0,0,1.0,1,1.0,1,1.0,1,0.1695618480972013,47
4236,1,5637,3022,2615,0,0,0,1.0,1,1.0,1,1.0,1,0.12662985687410905,47
4237,1,5638,3022,2616,0,0,0,1.0,1,1.0,1,1.0,1,0.10150718259042434,48
4238,0,5638,3022,2616,0,0,0,1.0,1,1.0,1,1.0,1,0.11711008313874376,47
4239,0,5638,3022,2616,0,0,0,1.0,1,1.0,1,1.0,1,0.1207323574089493,48
4240,2,5640,3023,2617,0,0,0,1.0,1,1.0,1,1.0,1,0.10552552463653152,47
4241,0,5640,3023,2617,0,0,0,1.0,1,1.0,1,1.0,1,0.10471058580705839,49
4242,0,5640,3023,2617,0,0,0,1.0,1,1.0,1,1.0,1,0.10062473915534778,49
4243,3,5643,3024,2619,0,0,0,1.0,1,1.0,1,1.0,1,0.056901492459090396,50
4244,1,5644,3024,2620,0,0,0,1.0,1,1.0,1,1.0,1,0.05967100704529208,51
4245,0,5644,3024,2620,0,0,0,1.0,1,1.0,1,1.0,1,0.0853399088861419,51
4246,1,5645,3024,2621,0,0,0,1.0,1,1.0,1,1.0,1,0.06472135110300954,51
4247,1,5646,3024,2622,0,0,0,1.0,1,1.0,1,1.0,1,0.04692802642387226,52
4248,0,5646,3024,2622,0,0,0,1.0,1,1.0,1,1.0,1,0.04692802642387226,52
4249,0,5646,3024,2622,0,0,0,1.0,1,1.0,1,1.0,1,0.04692802642387226,52
4250,3,5649,3027,2622,0,0,0,1.0,1,1.0,1,1.0,1,0.1077422438058248,52
4251,5,5654,3031,2623,0,0,0,1.0,1,1.0,1,1.0,1,0.09761152078865797,53
4252,6,5660,3035,2625,0,0,0,1.0,1,1.0,1,1.0,1,0.13168456118217636,53
4253,3,5663,3037,2626,0,0,0,1.0,1,1.0,1,1.0,1,0.11098309467741416,54
4254,2,5665,3039,2626,0,0,0,1.0,1,1.0,1,1.0,1,0.1396692075396342,54
4255,5,5670,3040,2630,0,0,0,1.0,1,1.0,1,1.0,1,0.10419610235182668,55
4256,1,5671,3040,2631,0,0,0,1.0,1,1.0,1,1.0,1,0.07302882822239579,57
4257,0,5671,3040,2631,0,0,0,1.0,1,1.0,1,1.0,1,0.07302882822239579,57
4258,1,5672,3040,2632,0,0,0,1.0,1,1.0,1,1.0,1,0.07365257558504883,57
4259,2,5674,3040,2634,0,0,0,1.0,1,1.0,1,1.0,1,0.052910271796416226,57
4260,1,5675,3041,2634,0,0,0,1.0,1,1.0,1,1.0,1,0.07247398327991922,58
4261,2,5677,3042,2635,0,0,0,1.0,1,1.0,1,1.0,1,0.07554355705857534,59
4262,0,5677,3042,2635,0,0,0,1.0,1,1.0,1,1.0,1,0.06471440937839638,60
4263,0,5677,3042,2635,0,0,0,1.0,1,1.0,1,1.0,1,0.05319665848826838,59
4264,0,5677,3042,2635,0,0,0,1.0,1,1.0,1,1.0,1,0.04118036336519224,58
4265,1,5678,3043,2635,0,0,0,1.0,1,1.0,1,1.0,1,0.020748100563282253,58
4266,0,5678,3043,2635,0,0,0,1.0,1,1.0,1,1.0,1,0.040165213764511015,58
4267,0,5678,3043,2635,0,0,0,1.0,1,1.0,1,1.0,1,0.049156773242707015,55
4268,0,5678,3043,2635,0,0,0,1.0,1,1.0,1,1.0,1,0.049156773242707015,55
4269,2,5680,3045,2635,0,0,0,1.0,1,1.0,1,1.0,1,0.08404687821483274,50
4270,2,5682,3046,2636,0,0,0,1.0,1,1.0,1,1.0,1,0.05134702309799245,47
4271,2,5684,3048,2636,0,0,0,1.0,1,1.0,1,1.0,1,0.10464385637153988,47
4272,1,5685,3048,2637,0,0,0,1.0,1,1.0,1,1.0,1,0.07255282440052718,46
4273,2,5687,3050,2637,0,0,0,1.0,1,1.0,1,1.0,1,0.13567280338949905,47
4274,5,5692,3053,2639,0,0,0,1.0,1,1.0,1,1.0,1,0.05788468010684686,45
4275,4,5696,3057,2639,0,0,0,1.0,1,1.0,1,1.0,1,0.10290525087271998,44
4276,7,5703,3060,2643,0,0,0,1.0,1,1.0,1,1.0,1,0.09396893335563246,43
4277,4,5707,3063,2644,0,0,0,1.0,1,1.0,1,1.0,1,0.1547355785098603,42
4278,1,5708,3064,2644,0,0,0,1.0,1,1.0,1,1.0,1,0.1900913503455321,43
4279,7,5715,3066,2649,0,0,0,1.0,1,1.0,1,1.0,1,0.14909483482844374,42
4280,3,5718,3068,2650,0,0,0,1.0,1,1.0,1,1.0,1,0.18344392741212723,44
4281,2,5720,3069,2651,0,0,0,1.0,1,1.0,1,1.0,1,0.16171632970486474,44
4282,2,5722,3069,2653,0,0,0,1.0,1,1.0,1,1.0,1,0.11132045023491839,44
4283,2,5724,3069,2655,0,0,0,1.0,1,1.0,1,1.0,1,0.041473371290580055,45
4284,0,5724,3069,2655,0,0,0,1.0,1,1.0,1,1.0,1,0.041473371290580055,45
4285,1,5725,3070,2655,0,0,0,1.0,1,1.0,1,1.0,1,0.05568750552295674,47
4286,2,5727,3071,2656,0,0,0,1.0,1,1.0,1,1.0,1,0.06752413595792084,47
4287,1,5728,3072,2656,0,0,0,1.0,1,1.0,1,1.0,1,0.052088403882783685,49
4288,1,5729,3072,2657,0,0,0,1.0,1,1.0,1,1.0,1,0.03824562505869856,49
4289,0,5729,3072,2657,0,0,0,1.0,1,1.0,1,1.0,1,0.04185819479015281,50
4290,0,5729,3072,2657,0,0,0,1.0,1,1.0,1,1.0,1,0.03592925970136136,51
4291,2,5731,3073,2658,0,0,0,1.0,1,1.0,1,1.0,1,0.028218979490064553,50
4292,2,5733,3074,2659,0,0,0,1.0,1,1.0,1,1.0,1,0.024997769683537,51
4293,0,5733,3074,2659,0,0,0,1.0,1,1.0,1,1.0,1,0.013297632531693122,51
4294,0,5733,3074,2659,0,0,0,1.0,1,1.0,1,1.0,1,0.0286285059636136,50
4295,0,5733,3074,2659,0,0,0,1.0,1,1.0,1,1.0,1,0.04642537889828508,50
4296,0,5733,3074,2659,0,0,0,1.0,1,1.0,1,1.0,1,0.06403773380730089,49
4297,1,5734,3074,2660,0,0,0,1.0,1,1.0,1,1.0,1,0.04683776670492651,49
4298,0,5734,3074,2660,0,0,0,1.0,1,1.0,1,1.0,1,0.04683776670492651,49
4299,0,5734,3074,2660,0,0,0,1.0,1,1.0,1,1.0,1,0.0583780222497388,48
4300,1,5735,3075,2660,0,0,0,1.0,1,1.0,1,1.0,1,0.04504055906104365,49
4301,0,5735,3075,2660,0,0,0,1.0,1,1.0,1,1.0,1,0.027354979503301267,50
4302,0,5735,3075,2660,0,0,0,1.0,1,1.0,1,1.0,1,0.029535982944800258,51
4303,1,5736,3076,2660,0,0,0,1.0,1,1.0,1,1.0,1,0.04963468160745528,51
4304,0,5736,3076,2660,0,0,0,1.0,1,1.0,1,1.0,1,0.07789710525631575,51
4305,4,5740,3080,2660,0,0,0,1.0,1,1.0,1,1.0,1,0.09705473364665902,49
4306,3,5743,3081,2662,0,0,0,1.0,1,1.0,1,1.0,1,0.06759172910246884,49
4307,5,5748,3085,2663,0,0,0,1.0,1,1.0,1,1.0,1,0.08197415283024266,46
4308,1,5749,3086,2663,0,0,0,1.0,1,1.0,1,1.0,1,0.1201232972469683,44
4309,7,5756,3089,2667,0,0,0,1.0,1,1.0,1,1.0,1,0.06868559326576537,44
4310,0,5756,3089,2667,0,0,0,1.0,1,1.0,1,1.0,1,0.09049644713815803,42
4311,3,5759,3091,2668,0,0,0,1.0,1,1.0,1,1.0,1,0.08876436203944361,42
4312,2,5761,3091,2670,0,0,0,1.0,1,1.0,1,1.0,1,0.0841993690355974,40
4313,0,5761,3091,2670,0,0,0,1.0,1,1.0,1,1.0,1,0.0841993690355974,40
4314,2,5763,3093,2670,0,0,0,1.0,1,1.0,1,1.0,1,0.10128423602717848,36
4315,1,5764,3094,2670,0,0,0,1.0,1,1.0,1,1.0,1,0.08935216344199498,37
4316,2,5766,3096,2670,0,0,0,1.0,1,1.0,1,1.0,1,0.07610282710653127,37
4317,0,5766,3096,2670,0,0,0,1.0,1,1.0,1,1.0,1,0.08659595119212339,36
4318,2,5768,3097,2671,0,0,0,1.0,1,1.0,1,1.0,1,0.08205854468373423,34
4319,1,5769,3098,2671,0,0,0,1.0,1,1.0,1,1.0,1,0.08792759235106712,34
4320,0,5769,3098,2671,0,0,0,1.0,1,1.0,1,1.0,1,0.08792759235106712,34
4321,2,5771,3099,2672,0,0,0,1.0,1,1.0,1,1.0,1,0.10316245313915552,35
4322,0,5771,3099,2672,0,0,0,1.0,1,1.0,1,1.0,1,0.10316245313915552,35
4323,2,5773,3100,2673,0,0,0,1.0,1,1.0,1,1.0,1,0.14957415462183624,35
4324,2,5775,3100,2675,0,0,0,1.0,1,1.0,1,1.0,1,0.1454046904415174,34
4325,1,5776,3101,2675,0,0,0,1.0,1,1.0,1,1.0,1,0.13387265992289496,34
4326,2,5778,3102,2676,0,0,0,1.0,1,1.0,1,1.0,1,0.1362597756953802,36
4327,1,5779,3102,2677,0,0,0,1.0,1,1.0,1,1.0,1,0.1405681199049973,35
4328,1,5780,3103,2677,0,0,0,1.0,1,1.0,1,1.0,1,0.12837610276430395,35
4329,2,5782,3104,2678,0,0,0,1.0,1,1.0,1,1.0,1,0.10468028211615815,38
4330,2,5784,3106,2678,0,0,0,1.0,1,1.0,1,1.0,1,0.15076290181513924,38
4331,0,5784,3106,2678,0,0,0,1.0,1,1.0,1,1.0,1,0.13974235173574887,39
4332,0,5784,3106,2678,0,0,0,1.0,1,1.0,1,1.0,1,0.15643623047591104,40
4333,1,5785,3106,2679,0,0,0,1.0,1,1.0,1,1.0,1,0.12600865828613472,41
4334,2,5787,3106,2681,0,0,0,1.0,1,1.0,1,1.0,1,0.08517638557227392,41
4335,2,5789,3108,2681,0,0,0,1.0,1,1.0,1,1.0,1,0.0605131409840767,42
4336,0,5789,3108,2681,0,0,0,1.0,1,1.0,1,1.0,1,0.07270075058108279,43
4337,0,5789,3108,2681,0,0,0,1.0,1,1.0,1,1.0,1,0.06333440856914838,44
4338,0,5789,3108,2681,0,0,0,1.0,1,1.0,1,1.0,1,0.06333440856914838,44
4339,1,5790,3109,2681,0,0,0,1.0,1,1.0,1,1.0,1,0.07554728111310936,46
4340,0,5790,3109,2681,0,0,0,1.0,1,1.0,1,1.0,1,0.05689457231931506,47
4341,3,5793,3111,2682,0,0,0,1.0,1,1.0,1,1.0,1,0.07134974295343295,47
4342,1,5794,3112,2682,0,0,0,1.0,1,1.0,1,1.0,1,0.05571929864074665,47
4343,0,5794,3112,2682,0,0,0,1.0,1,1.0,1,1.0,1,0.03927426434748331,42
4344,3,5797,3115,2682,0,0,0,1.0,1,1.0,1,1.0,1,0.08830220409428356,42
4345,0,5797,3115,2682,0,0,0,1.0,1,1.0,1,1.0,1,0.07725639398979157,39
4346,2,5799,3117,2682,0,0,0,1.0,1,1.0,1,1.0,1,0.06675611965450369,37
4347,1,5800,3118,2682,0,0,0,1.0,1,1.0,1,1.0,1,0.12614371089897938,37
4348,3,5803,3120,2683,0,0,0,1.0,1,1.0,1,1.0,1,0.20224602537299016,38
4349,1,5804,3120,2684,0,0,0,1.0,1,1.0,1,1.0,1,0.18529140358754212,36
4350,2,5806,3122,2684,0,0,0,1.0,1,1.0,1,1.0,1,0.24615753402078763,37
4351,0,5806,3122,2684,0,0,0,1.0,1,1.0,1,1.0,1,0.22290711507444444,35
4352,1,5807,3122,2685,0,0,0,1.0,1,1.0,1,1.0,1,0.23864299571983272,34
4353,2,5809,3122,2687,0,0,0,1.0,1,1.0,1,1.0,1,0.16928310215478523,34
4354,1,5810,3122,2688,0,0,0,1.0,1,1.0,1,1.0,1,0.14484396875554453,32
4355,1,5811,3123,2688,0,0,0,1.0,1,1.0,1,1.0,1,0.16414622531318313,32
4356,3,5814,3125,2689,0,0,0,1.0,1,1.0,1,1.0,1,0.13786993556352806,34
4357,2,5816,3125,2691,0,0,0,1.0,1,1.0,1,1.0,1,0.06887148794866524,35
4358,2,5818,3127,2691,0,0,0,1.0,1,1.0,1,1.0,1,0.08503695496197779,35
4359,2,5820,3128,2692,0,0,0,1.0,1,1.0,1,1.0,1,0.12212493035801107,37
4360,0,5820,3128,2692,0,0,0,1.0,1,1.0,1,1.0,1,0.1406490985339979,38
4361,0,5820,3128,2692,0,0,0,1.0,1,1.0,1,1.0,1,0.11116390315829631,39
4362,2,5822,3130,2692,0,0,0,1.0,1,1.0,1,1.0,1,0.14488445922095278,38
4363,1,5823,3131,2692,0,0,0,1.0,1,1.0,1,1.0,1,0.12199487919948049,38
4364,4,5827,3133,2694,0,0,0,1.0,1,1.0,1,1.0,1,0.023692079242935166,39
4365,0,5827,3133,2694,0,0,0,1.0,1,1.0,1,1.0,1,0.023692079242935166,39
4366,1,5828,3134,2694,0,0,0,1.0,1,1.0,1,1.0,1,0.020433334591876847,39
4367,1,5829,3135,2694,0,0,0,1.0,1,1.0,1,1.0,1,0.02302900075956313,41
4368,1,5830,3136,2694,0,0,0,1.0,1,1.0,1,1.0,1,0.06833436734144963,41
4369,0,5830,3136,2694,0,0,0,1.0,1,1.0,1,1.0,1,0.055235331360419145,42
4370,0,5830,3136,2694,0,0,0,1.0,1,1.0,1,1.0,1,0.055235331360419145,42
4371,0,5830,3136,2694,0,0,0,1.0,1,1.0,1,1.0,1,0.04795240634234964,43
4372,0,5830,3136,2694,0,0,0,1.0,1,1.0,1,1.0,1,0.04795240634234964,43
4373,0,5830,3136,2694,0,0,0,1.0,1,1.0,1,1.0,1,0.04795240634234964,43
4374,0,5830,3136,2694,0,0,0,1.0,1,1.0,1,1.0,1,0.047082911036258786,44
4375,3,5833,3139,2694,0,0,0,1.0,1,1.0,1,1.0,1,0.15653931381478586,45
4376,2,5835,3139,2696,0,0,0,1.0,1,1.0,1,1.0,1,0.13740075134241003,46
4377,6,5841,3144,2697,0,0,0,1.0,1,1.0,1,1.0,1,0.1866718205533252,47
4378,3,5844,3144,2700,0,0,0,1.0,1,1.0,1,1.0,1,0.13479116286008647,49
4379,3,5847,3146,2701,0,0,0,1.0,1,1.0,1,1.0,1,0.14004687483864495,51
4380,0,5847,3146,2701,0,0,0,1.0,1,1.0,1,1.0,1,0.1282589331709217,50
4381,2,5849,3147,2702,0,0,0,1.0,1,1.0,1,1.0,1,0.12595432235098522,49
4382,3,5852,3150,2702,0,0,0,1.0,1,1.0,1,1.0,1,0.1768809686871704,47
4383,1,5853,3150,2703,0,0,0,1.0,1,1.0,1,1.0,1,0.1701810394187336,47
4384,3,5856,3150,2706,0,0,0,1.0,1,1.0,1,1.0,1,0.16739161213147533,44
4385,1,5857,3151,2706,0,0,0,1.0,1,1.0,1,1.0,1,0.15269270134743934,42
4386,0,5857,3151,2706,0,0,0,1.0,1,1.0,1,1.0,1,0.20980739310425514,41
4387,3,5860,3152,2708,0,0,0,1.0,1,1.0,1,1.0,1,0.15552776888386471,39
4388,0,5860,3152,2708,0,0,0,1.0,1,1.0,1,1.0,1,0.15552776888386471,39
4389,3,5863,3154,2709,0,0,0,1.0,1,1.0,1,1.0,1,0.12341960686001514,38
4390,2,5865,3154,2711,0,0,0,1.0,1,1.0,1,1.0,1,0.05363075881045315,38
4391,2,5867,3155,2712,0,0,0,1.0,1,1.0,1,1.0,1,0.05627669900578497,39
4392,0,5867,3155,2712,0,0,0,1.0,1,1.0,1,1.0,1,0.05627669900578497,39
4393,1,5868,3156,2712,0,0,0,1.0,1,1.0,1,1.0,1,0.10077674477410788,40
4394,0,5868,3156,2712,0,0,0,1.0,1,1.0,1,1.0,1,0.08660425239765714,39
4395,0,5868,3156,2712,0,0,0,1.0,1,1.0,1,1.0,1,0.08660425239765714,39
4396,1,5869,3157,2712,0,0,0,1.0,1,1.0,1,1.0,1,0.08402400143814441,39
4397,1,5870,3157,2713,0,0,0,1.0,1,1.0,1,1.0,1,0.0823790219576931,38
4398,0,5870,3157,2713,0,0,0,1.0,1,1.0,1,1.0,1,0.08749010401196605,39
4399,1,5871,3157,2714,0,0,0,1.0,1,1.0,1,1.0,1,0.06879464304913965,42
4400,0,5871,3157,2714,0,0,0,1.0,1,1.0,1,1.0,1,0.062238930406112794,43
4401,0,5871,3157,2714,0,0,0,1.0,1,1.0,1,1.0,1,0.0492919581675546,44
4402,0,5871,3157,2714,0,0,0,1.0,1,1.0,1,1.0,1,0.0492919581675546,44
4403,0,5871,3157,2714,0,0,0,1.0,1,1.0,1,1.0,1,0.0369207601976369,45
4404,0,5871,3157,2714,0,0,0,1.0,1,1.0,1,1.0,1,0.0369207601976369,45
4405,0,5871,3157,2714,0,0,0,1.0,1,1.0,1,1.0,1,0.036952197962498254,46
4406,1,5872,3158,2714,0,0,0,1.0,1,1.0,1,1.0,1,0.07424061830824355,46
4407,0,5872,3158,2714,0,0,0,1.0,1,1.0,1,1.0,1,0.07424061830824355,46
4408,0,5872,3158,2714,0,0,0,1.0,1,1.0,1,1.0,1,0.0681806003521674,47
4409,1,5873,3159,2714,0,0,0,1.0,1,1.0,1,1.0,1,0.10635727359030712,48
4410,1,5874,3159,2715,0,0,0,1.0,1,1.0,1,1.0,1,0.09011719934775034,48
4411,1,5875,3159,2716,0,0,0,1.0,1,1.0,1,1.0,1,0.0684241622704376,50
4412,2,5877,3160,2717,0,0,0,1.0,1,1.0,1,1.0,1,0.08315646837416067,50
4413,0,5877,3160,2717,0,0,0,1.0,1,1.0,1,1.0,1,0.08939899677289515,50
4414,0,5877,3160,2717,0,0,0,1.0,1,1.0,1,1.0,1,0.08230483292460329,51
4415,1,5878,3161,2717,0,0,0,1.0,1,1.0,1,1.0,1,0.07186961716659393,51
4416,2,5880,3162,2718,0,0,0,1.0,1,1.0,1,1.0,1,0.09015808059867111,51
4417,2,5882,3164,2718,0,0,0,1.0,1,1.0,1,1.0,1,0.09677129837645934,51
4418,1,5883,3164,2719,0,0,0,1.0,1,1.0,1,1.0,1,0.06068157237685453,51
4419,0,5883,3164,2719,0,0,0,1.0,1,1.0,1,1.0,1,0.05118581481043419,50
4420,0,5883,3164,2719,0,0,0,1.0,1,1.0,1,1.0,1,0.06294822106270154,50
4421,1,5884,3164,2720,0,0,0,1.0,1,1.0,1,1.0,1,0.04967440786801653,52
4422,0,5884,3164,2720,0,0,0,1.0,1,1.0,1,1.0,1,0.05131721231819974,51
4423,0,5884,3164,2720,0,0,0,1.0,1,1.0,1,1.0,1,0.05131721231819974,51
4424,0,5884,3164,2720,0,0,0,1.0,1,1.0,1,1.0,1,0.03730896256363009,53
4425,0,5884,3164,2720,0,0,0,1.0,1,1.0,1,1.0,1,0.036392639523790814,54
4426,1,5885,3165,2720,0,0,0,1.0,1,1.0,1,1.0,1,0.026634947606647405,55
4427,0,5885,3165,2720,0,0,0,1.0,1,1.0,1,1.0,1,0.026634947606647405,55
4428,1,5886,3166,2720,0,0,0,1.0,1,1.0,1,1.0,1,0.02527242291803239,55
4429,0,5886,3166,2720,0,0,0,1.0,1,1.0,1,1.0,1,0.015976606146655036,56
4430,2,5888,3168,2720,0,0,0,1.0,1,1.0,1,1.0,1,0.07342486171816552,55
4431,0,5888,3168,2720,0,0,0,1.0,1,1.0,1,1.0,1,0.06621098040780744,56
4432,2,5890,3169,2721,0,0,0,1.0,1,1.0,1,1.0,1,0.08643689871745822,56
4433,0,5890,3169,2721,0,0,0,1.0,1,1.0,1,1.0,1,0.08900696786878018,57
4434,2,5892,3170,2722,0,0,0,1.0,1,1.0,1,1.0,1,0.06146464727229088,56
4435,3,5895,3172,2723,0,0,0,1.0,1,1.0,1,1.0,1,0.05450049960182659,56
4436,3,5898,3174,2724,0,0,0,1.0,1,1.0,1,1.0,1,0.07507060176307827,55
4437,2,5900,3175,2725,0,0,0,1.0,1,1.0,1,1.0,1,0.09251232748247783,54
4438,2,5902,3176,2726,0,0,0,1.0,1,1.0,1,1.0,1,0.07591762031509444,54
4439,4,5906,3179,2727,0,0,0,1.0,1,1.0,1,1.0,1,0.11385496722045617,55
4440,1,5907,3179,2728,0,0,0,1.0,1,1.0,1,1.0,1,0.10316216047985104,55
4441,3,5910,3182,2728,0,0,0,1.0,1,1.0,1,1.0,1,0.09473382470935844,59
4442,1,5911,3183,2728,0,0,0,1.0,1,1.0,1,1.0,1,0.08102332031026505,61
4443,2,5913,3185,2728,0,0,0,1.0,1,1.0,1,1.0,1,0.07745010781363816,60
4444,1,5914,3185,2729,0,0,0,1.0,1,1.0,1,1.0,1,0.08288536147647796,61
4445,0,5914,3185,2729,0,0,0,1.0,1,1.0,1,1.0,1,0.08288536147647796,61
4446,2,5916,3186,2730,0,0,0,1.0,1,1.0,1,1.0,1,0.07539884457209815,62
4447,0,5916,3186,2730,0,0,0,1.0,1,1.0,1,1.0,1,0.07147071547166248,63
4448,0,5916,3186,2730,0,0,0,1.0,1,1.0,1,1.0,1,0.07147071547166248,63
4449,0,5916,3186,2730,0,0,0,1.0,1,1.0,1,1.0,1,0.07147071547166248,63
4450,0,5916,3186,2730,0,0,0,1.0,1,1.0,1,1.0,1,0.08194948729385375,62
4451,0,5916,3186,2730,0,0,0,1.0,1,1.0,1,1.0,1,0.07052360211098622,63
4452,0,5916,3186,2730,0,0,0,1.0,1,1.0,1,1.0,1,0.07901537536021978,64
4453,1,5917,3186,2731,0,0,0,1.0,1,1.0,1,1.0,1,0.06569809561934814,65
4454,1,5918,3187,2731,0,0,0,1.0,1,1.0,1,1.0,1,0.05451414692126383,66
4455,2,5920,3188,2732,0,0,0,1.0,1,1.0,1,1.0,1,0.07188773739303249,67
4456,3,5923,3189,2734,0,0,0,1.0,1,1.0,1,1.0,1,0.07547595519096784,67
4457,2,5925,3191,2734,0,0,0,1.0,1,1.0,1,1.0,1,0.07484505023483512,65
4458,0,5925,3191,2734,0,0,0,1.0,1,1.0,1,1.0,1,0.06971381555921559,65
4459,3,5928,3194,2734,0,0,0,1.0,1,1.0,1,1.0,1,0.09994305400298013,64
4460,1,5929,3194,2735,0,0,0,1.0,1,1.0,1,1.0,1,0.08450005836425216,63
4461,3,5932,3196,2736,0,0,0,1.0,1,1.0,1,1.0,1,0.12026258560970124,62
4462,3,5935,3198,2737,0,0,0,1.0,1,1.0,1,1.0,1,0.12848995034436853,61
4463,3,5938,3200,2738,0,0,0,1.0,1,1.0,1,1.0,1,0.16939327027022763,61
4464,0,5938,3200,2738,0,0,0,1.0,1,1.0,1,1.0,1,0.17503031287673057,58
4465,4,5942,3201,2741,0,0,0,1.0,1,1.0,1,1.0,1,0.1599879759934491,57
4466,4,5946,3202,2744,0,0,0,1.0,1,1.0,1,1.0,1,0.18067844763801427,54
4467,1,5947,3202,2745,0,0,0,1.0,1,1.0,1,1.0,1,0.14067935214948923,52
4468,4,5951,3203,2748,0,0,0,1.0,1,1.0,1,1.0,1,0.10586512029548258,52
4469,1,5952,3204,2748,0,0,0,1.0,1,1.0,1,1.0,1,0.11026508557697803,51
4470,0,5952,3204,2748,0,0,0,1.0,1,1.0,1,1.0,1,0.1112222870754807,51
4471,1,5953,3205,2748,0,0,0,1.0,1,1.0,1,1.0,1,0.13191944720253773,50
4472,0,5953,3205,2748,0,0,0,1.0,1,1.0,1,1.0,1,0.14763714818873755,48
4473,1,5954,3205,2749,0,0,0,1.0,1,1.0,1,1.0,1,0.13029705184387264,47
4474,2,5956,3206,2750,0,0,0,1.0,1,1.0,1,1.0,1,0.11656154216489613,49
4475,1,5957,3206,2751,0,0,0,1.0,1,1.0,1,1.0,1,0.14073449504861776,47
4476,0,5957,3206,2751,0,0,0,1.0,1,1.0,1,1.0,1,0.12270444657948128,49
4477,5,5962,3207,2755,0,0,0,1.0,1,1.0,1,1.0,1,0.12131291781652381,48
4478,0,5962,3207,2755,0,0,0,1.0,1,1.0,1,1.0,1,0.12131291781652381,48
4479,1,5963,3208,2755,0,0,0,1.0,1,1.0,1,1.0,1,0.15156950682302878,48
4480,2,5965,3208,2757,0,0,0,1.0,1,1.0,1,1.0,1,0.13662758501732455,49
4481,0,5965,3208,2757,0,0,0,1.0,1,1.0,1,1.0,1,0.1738426661838089,49
4482,1,5966,3209,2757,0,0,0,1.0,1,1.0,1,1.0,1,0.1663458794892212,49
4483,1,5967,3209,2758,0,0,0,1.0,1,1.0,1,1.0,1,0.1302866541919134,50
4484,2,5969,3211,2758,0,0,0,1.0,1,1.0,1,1.0,1,0.12781120177479835,52
4485,1,5970,3211,2759,0,0,0,1.0,1,1.0,1,1.0,1,0.11579456202303837,53
4486,6,5976,3214,2762,0,0,0,1.0,1,1.0,1,1.0,1,0.08107221885736687,55
4487,2,5978,3216,2762,0,0,0,1.0,1,1.0,1,1.0,1,0.09453486738098689,55
4488,2,5980,3217,2763,0,0,0,1.0,1,1.0,1,1.0,1,0.12454462499185018,54
4489,2,5982,3217,2765,0,0,0,1.0,1,1.0,1,1.0,1,0.11457161860947378,53
4490,0,5982,3217,2765,0,0,0,1.0,1,1.0,1,1.0,1,0.11457161860947378,53
4491,0,5982,3217,2765,0,0,0,1.0,1,1.0,1,1.0,1,0.1302046064947382,52
4492,2,5984,3217,2767,0,0,0,1.0,1,1.0,1,1.0,1,0.1049487756892802,52
4493,1,5985,3218,2767,0,0,0,1.0,1,1.0,1,1.0,1,0.11968273204512858,52
4494,0,5985,3218,2767,0,0,0,1.0,1,1.0,1,1.0,1,0.1303722291746224,53
4495,4,5989,3221,2768,0,0,0,1.0,1,1.0,1,1.0,1,0.14875081771312998,50
4496,2,5991,3222,2769,0,0,0,1.0,1,1.0,1,1.0,1,0.14067712871823357,51
4497,2,5993,3224,2769,0,0,0,1.0,1,1.0,1,1.0,1,0.13128245647794726,50
4498,2,5995,3224,2771,0,0,0,1.0,1,1.0,1,1.0,1,0.09299594838898109,49
4499,1,5996,3225,2771,0,0,0,1.0,1,1.0,1,1.0,1,0.10315390504400711,48
4500,3,5999,3227,2772,0,0,0,1.0,1,1.0,1,1.0,1,0.07979332598772856,48
4501,0,5999,3227,2772,0,0,0,1.0,1,1.0,1,1.0,1,0.07979332598772856,48
4502,3,6002,3229,2773,0,0,0,1.0,1,1.0,1,1.0,1,0.11187044079127804,49
4503,2,6004,3231,2773,0,0,0,1.0,1,1.0,1,1.0,1,0.16078023917811057,49
4504,1,6005,3231,2774,0,0,0,1.0,1,1.0,1,1.0,1,0.1428729055328818,45
4505,0,6005,3231,2774,0,0,0,1.0,1,1.0,1,1.0,1,0.1399011591254169,46
4506,2,6007,3233,2774,0,0,0,1.0,1,1.0,1,1.0,1,0.19914803146044227,45
4507,4,6011,3233,2778,0,0,0,1.0,1,1.0,1,1.0,1,0.1515371095180068,45
4508,2,6013,3234,2779,0,0,0,1.0,1,1.0,1,1.0,1,0.13900697306231227,43
4509,2,6015,3235,2780,0,0,0,1.0,1,1.0,1,1.0,1,0.12474459553935253,41
4510,3,6018,3236,2782,0,0,0,1.0,1,1.0,1,1.0,1,0.09582276982579886,42
4511,2,6020,3238,2782,0,0,0,1.0,1,1.0,1,1.0,1,0.14125774908276423,41
4512,0,6020,3238,2782,0,0,0,1.0,1,1.0,1,1.0,1,0.14125774908276423,41
4513,1,6021,3238,2783,0,0,0,1.0,1,1.0,1,1.0,1,0.12281844021428352,41
4514,3,6024,3240,2784,0,0,0,1.0,1,1.0,1,1.0,1,0.09315976745602168,42
4515,1,6025,3240,2785,0,0,0,1.0,1,1.0,1,1.0,1,0.12577735047307065,41
4516,3,6028,3242,2786,0,0,0,1.0,1,1.0,1,1.0,1,0.10034715310275422,42
4517,1,6029,3242,2787,0,0,0,1.0,1,1.0,1,1.0,1,0.08910463449410232,43
4518,0,6029,3242,2787,0,0,0,1.0,1,1.0,1,1.0,1,0.11139671953022594,42
4519,1,6030,3243,2787,0,0,0,1.0,1,1.0,1,1.0,1,0.1567501417180511,42
4520,1,6031,3243,2788,0,0,0,1.0,1,1.0,1,1.0,1,0.18145203657469927,42
4521,0,6031,3243,2788,0,0,0,1.0,1,1.0,1,1.0,1,0.18145203657469927,42
4522,2,6033,3245,2788,0,0,0,1.0,1,1.0,1,1.0,1,0.1584691775137229,42
4523,0,6033,3245,2788,0,0,0,1.0,1,1.0,1,1.0,1,0.1584691775137229,42
4524,2,6035,3247,2788,0,0,0,1.0,1,1.0,1,1.0,1,0.14538594398128246,43
4525,3,6038,3249,2789,0,0,0,1.0,1,1.0,1,1.0,1,0.11483186877146148,46
4526,4,6042,3252,2790,0,0,0,1.0,1,1.0,1,1.0,1,0.08813503952900473,46
4527,2,6044,3253,2791,0,0,0,1.0,1,1.0,1,1.0,1,0.05276910815322662,47
4528,1,6045,3253,2792,0,0,0,1.0,1,1.0,1,1.0,1,0.04724712273128341,49
4529,1,6046,3254,2792,0,0,0,1.0,1,1.0,1,1.0,1,0.047333610885259135,50
4530,2,6048,3255,2793,0,0,0,1.0,1,1.0,1,1.0,1,0.03210135174104018,51
4531,2,6050,3257,2793,0,0,0,1.0,1,1.0,1,1.0,1,0.05784493498498702,51
4532,0,6050,3257,2793,0,0,0,1.0,1,1.0,1,1.0,1,0.05784493498498702,51
4533,2,6052,3259,2793,0,0,0,1.0,1,1.0,1,1.0,1,0.09542646531132526,50
4534,2,6054,3260,2794,0,0,0,1.0,1,1.0,1,1.0,1,0.07512660265012232,51
4535,3,6057,3262,2795,0,0,0,1.0,1,1.0,1,1.0,1,0.08865184379764801,50
4536,0,6057,3262,2795,0,0,0,1.0,1,1.0,1,1.0,1,0.09079160325937612,48
4537,2,6059,3263,2796,0,0,0,1.0,1,1.0,1,1.0,1,0.12032889316623008,49
4538,0,6059,3263,2796,0,0,0,1.0,1,1.0,1,1.0,1,0.11555430249331997,48
4539,1,6060,3263,2797,0,0,0,1.0,1,1.0,1,1.0,1,0.11865476293884944,50
4540,2,6062,3264,2798,0,0,0,1.0,1,1.0,1,1.0,1,0.08524474339188562,49
4541,1,6063,3264,2799,0,0,0,1.0,1,1.0,1,1.0,1,0.06329110746933567,49
4542,0,6063,3264,2799,0,0,0,1.0,1,1.0,1,1.0,1,0.09075004625336368,47
4543,1,6064,3264,2800,0,0,0,1.0,1,1.0,1,1.0,1,0.09003864572985484,45
4544,1,6065,3265,2800,0,0,0,1.0,1,1.0,1,1.0,1,0.10449218987707809,45
4545,1,6066,3266,2800,0,0,0,1.0,1,1.0,1,1.0,1,0.10673867748210268,43
4546,1,6067,3267,2800,0,0,0,1.0,1,1.0,1,1.0,1,0.09624852391671375,43
4547,0,6067,3267,2800,0,0,0,1.0,1,1.0,1,1.0,1,0.11603253295507021,41
4548,0,6067,3267,2800,0,0,0,1.0,1,1.0,1,1.0,1,0.10968704157224353,42
4549,2,6069,3269,2800,0,0,0,1.0,1,1.0,1,1.0,1,0.09382498507370826,41
4550,3,6072,3272,2800,0,0,0,1.0,1,1.0,1,1.0,1,0.12049768208130611,41
4551,0,6072,3272,2800,0,0,0,1.0,1,1.0,1,1.0,1,0.09874099753651636,39
4552,0,6072,3272,2800,0,0,0,1.0,1,1.0,1,1.0,1,0.1042784041777388,38
4553,0,6072,3272,2800,0,0,0,1.0,1,1.0,1,1.0,1,0.11636702436777681,39
4554,0,6072,3272,2800,0,0,0,1.0,1,1.0,1,1.0,1,0.12363328877623224,38
4555,0,6072,3272,2800,0,0,0,1.0,1,1.0,1,1.0,1,0.13184687708177104,37
4556,3,6075,3275,2800,0,0,0,1.0,1,1.0,1,1.0,1,0.1631518358939778,36
4557,1,6076,3275,2801,0,0,0,1.0,1,1.0,1,1.0,1,0.12771134347817878,38
4558,1,6077,3276,2801,0,0,0,1.0,1,1.0,1,1.0,1,0.1432609885589012,39
4559,4,6081,3278,2803,0,0,0,1.0,1,1.0,1,1.0,1,0.16983883443268105,38
4560,1,6082,3279,2803,0,0,0,1.0,1,1.0,1,1.0,1,0.19236431950920815,41
4561,0,6082,3279,2803,0,0,0,1.0,1,1.0,1,1.0,1,0.19236431950920815,41
4562,4,6086,3280,2806,0,0,0,1.0,1,1.0,1,1.0,1,0.16569943814928279,43
4563,0,6086,3280,2806,0,0,0,1.0,1,1.0,1,1.0,1,0.15068838650388347,42
4564,2,6088,3280,2808,0,0,0,1.0,1,1.0,1,1.0,1,0.13478903273481305,43
4565,0,6088,3280,2808,0,0,0,1.0,1,1.0,1,1.0,1,0.15070402964500446,44
4566,1,6089,3281,2808,0,0,0,1.0,1,1.0,1,1.0,1,0.11247511770237417,45
4567,4,6093,3284,2809,0,0,0,1.0,1,1.0,1,1.0,1,0.13835410781660462,47
4568,2,6095,3285,2810,0,0,0,1.0,1,1.0,1,1.0,1,0.09269155874544122,47
4569,1,6096,3286,2810,0,0,0,1.0,1,1.0,1,1.0,1,0.08521335138170014,49
4570,1,6097,3287,2810,0,0,0,1.0,1,1.0,1,1.0,1,0.10373640190300089,49
4571,2,6099,3289,2810,0,0,0,1.0,1,1.0,1,1.0,1,0.11000480584191197,48
4572,1,6100,3290,2810,0,0,0,1.0,1,1.0,1,1.0,1,0.12292343570724236,48
4573,2,6102,3292,2810,0,0,0,1.0,1,1.0,1,1.0,1,0.15095450719192827,48
4574,2,6104,3294,2810,0,0,0,1.0,1,1.0,1,1.0,1,0.1800528515336816,50
4575,1,6105,3294,2811,0,0,0,1.0,1,1.0,1,1.0,1,0.14539026592839366,51
4576,1,6106,3294,2812,0,0,0,1.0,1,1.0,1,1.0,1,0.13148014357617435,48
4577,0,6106,3294,2812,0,0,0,1.0,1,1.0,1,1.0,1,0.1270683071194664,47
4578,1,6107,3295,2812,0,0,0,1.0,1,1.0,1,1.0,1,0.13078116413073768,46
4579,1,6108,3295,2813,0,0,0,1.0,1,1.0,1,1.0,1,0.11820690555114498,46
4580,0,6108,3295,2813,0,0,0,1.0,1,1.0,1,1.0,1,0.10324518320731627,47
4581,1,6109,3296,2813,0,0,0,1.0,1,1.0,1,1.0,1,0.12846295887896253,47
4582,0,6109,3296,2813,0,0,0,1.0,1,1.0,1,1.0,1,0.131347532850399,48
4583,0,6109,3296,2813,0,0,0,1.0,1,1.0,1,1.0,1,0.131347532850399,48
4584,1,6110,3296,2814,0,0,0,1.0,1,1.0,1,1.0,1,0.12788629418411024,50
4585,1,6111,3297,2814,0,0,0,1.0,1,1.0,1,1.0,1,0.15100396504114053,50
4586,0,6111,3297,2814,0,0,0,1.0,1,1.0,1,1.0,1,0.15100396504114053,50
4587,0,6111,3297,2814,0,0,0,1.0,1,1.0,1,1.0,1,0.15100396504114053,50
4588,0,6111,3297,2814,0,0,0,1.0,1,1.0,1,1.0,1,0.15100396504114053,50
4589,0,6111,3297,2814,0,0,0,1.0,1,1.0,1,1.0,1,0.1472176107803206,52
4590,0,6111,3297,2814,0,0,0,1.0,1,1.0,1,1.0,1,0.1472176107803206,52
4591,1,6112,3297,2815,0,0,0,1.0,1,1.0,1,1.0,1,0.1385361662434742,53
4592,0,6112,3297,2815,0,0,0,1.0,1,1.0,1,1.0,1,0.15213214659568583,54
4593,2,6114,3299,2815,0,0,0,1.0,1,1.0,1,1.0,1,0.1808539150225688,56
4594,1,6115,3299,2816,0,0,0,1.0,1,1.0,1,1.0,1,0.18315481435086878,57
4595,0,6115,3299,2816,0,0,0,1.0,1,1.0,1,1.0,1,0.17285115715943242,56
4596,0,6115,3299,2816,0,0,0,1.0,1,1.0,1,1.0,1,0.17285115715943242,56
4597,2,6117,3301,2816,0,0,0,1.0,1,1.0,1,1.0,1,0.17221465103221045,56
4598,2,6119,3303,2816,0,0,0,1.0,1,1.0,1,1.0,1,0.20232917760415609,57
4599,0,6119,3303,2816,0,0,0,1.0,1,1.0,1,1.0,1,0.17494598089222696,59
4600,0,6119,3303,2816,0,0,0,1.0,1,1.0,1,1.0,1,0.17620748741905845,60
4601,1,6120,3304,2816,0,0,0,1.0,1,1.0,1,1.0,1,0.18521961167324633,60
4602,1,6121,3304,2817,0,0,0,1.0,1,1.0,1,1.0,1,0.16514899038322622,62
4603,0,6121,3304,2817,0,0,0,1.0,1,1.0,1,1.0,1,0.16514899038322622,62
4604,1,6122,3305,2817,0,0,0,1.0,1,1.0,1,1.0,1,0.1664053122264871,63
4605,0,6122,3305,2817,0,0,0,1.0,1,1.0,1,1.0,1,0.1664053122264871,63
4606,0,6122,3305,2817,0,0,0,1.0,1,1.0,1,1.0,1,0.17414139858830338,64
4607,1,6123,3306,2817,0,0,0,1.0,1,1.0,1,1.0,1,0.17310986121713587,65
4608,2,6125,3307,2818,0,0,0,1.0,1,1.0,1,1.0,1,0.18579365358563524,66
4609,1,6126,3308,2818,0,0,0,1.0,1,1.0,1,1.0,1,0.19816218284478104,65
4610,1,6127,3308,2819,0,0,0,1.0,1,1.0,1,1.0,1,0.17066467124619472,63
4611,5,6132,3312,2820,0,0,0,1.0,1,1.0,1,1.0,1,0.19751320355559124,64
4612,2,6134,3312,2822,0,0,0,1.0,1,1.0,1,1.0,1,0.16503701661427433,62
4613,1,6135,3313,2822,0,0,0,1.0,1,1.0,1,1.0,1,0.1853663135625341,63
4614,2,6137,3313,2824,0,0,0,1.0,1,1.0,1,1.0,1,0.14385269670718895,61
4615,3,6140,3314,2826,0,0,0,1.0,1,1.0,1,1.0,1,0.11918038572554043,59
4616,0,6140,3314,2826,0,0,0,1.0,1,1.0,1,1.0,1,0.11578581798479781,58
4617,2,6142,3315,2827,0,0,0,1.0,1,1.0,1,1.0,1,0.12143794296575858,58
4618,3,6145,3316,2829,0,0,0,1.0,1,1.0,1,1.0,1,0.14138990326628295,57
4619,4,6149,3318,2831,0,0,0,1.0,1,1.0,1,1.0,1,0.17097147686856204,57
4620,0,6149,3318,2831,0,0,0,1.0,1,1.0,1,1.0,1,0.17097147686856204,57
4621,4,6153,3319,2834,0,0,0,1.0,1,1.0,1,1.0,1,0.15948826428017507,59
4622,1,6154,3319,2835,0,0,0,1.0,1,1.0,1,1.0,1,0.15300670903073196,60
4623,1,6155,3319,2836,0,0,0,1.0,1,1.0,1,1.0,1,0.16389966974986794,59
4624,2,6157,3321,2836,0,0,0,1.0,1,1.0,1,1.0,1,0.20604262046884325,59
4625,2,6159,3322,2837,0,0,0,1.0,1,1.0,1,1.0,1,0.19544636108644522,57
4626,2,6161,3324,2837,0,0,0,1.0,1,1.0,1,1.0,1,0.21780607528311718,56
4627,2,6163,3324,2839,0,0,0,1.0,1,1.0,1,1.0,1,0.20224786468750824,56
4628,0,6163,3324,2839,0,0,0,1.0,1,1.0,1,1.0,1,0.19565898777093693,56
4629,2,6165,3325,2840,0,0,0,1.0,1,1.0,1,1.0,1,0.23498828473780625,56
4630,1,6166,3325,2841,0,0,0,1.0,1,1.0,1,1.0,1,0.21791981132806257,57
4631,0,6166,3325,2841,0,0,0,1.0,1,1.0,1,1.0,1,0.2544018061523677,56
4632,2,6168,3326,2842,0,0,0,1.0,1,1.0,1,1.0,1,0.2852757133438632,57
4633,1,6169,3326,2843,0,0,0,1.0,1,1.0,1,1.0,1,0.26234986855139003,58
4634,0,6169,3326,2843,0,0,0,1.0,1,1.0,1,1.0,1,0.26234986855139003,58
4635,0,6169,3326,2843,0,0,0,1.0,1,1.0,1,1.0,1,0.25135755924883246,59
4636,0,6169,3326,2843,0,0,0,1.0,1,1.0,1,1.0,1,0.2327155250821293,60
4637,3,6172,3328,2844,0,0,0,1.0,1,1.0,1,1.0,1,0.20558331481213502,60
4638,1,6173,3328,2845,0,0,0,1.0,1,1.0,1,1.0,1,0.2110151056894488,61
4639,3,6176,3330,2846,0,0,0,1.0,1,1.0,1,1.0,1,0.19310592033155766,62
4640,0,6176,3330,2846,0,0,0,1.0,1,1.0,1,1.0,1,0.20448222584221654,63
4641,4,6180,3332,2848,0,0,0,1.0,1,1.0,1,1.0,1,0.17063185744830361,63
4642,1,6181,3332,2849,0,0,0,1.0,1,1.0,1,1.0,1,0.17642781600938007,62
4643,4,6185,3333,2852,0,0,0,1.0,1,1.0,1,1.0,1,0.1627590489580734,63
4644,1,6186,3333,2853,0,0,0,1.0,1,1.0,1,1.0,1,0.17262916242154638,62
4645,4,6190,3334,2856,0,0,0,1.0,1,1.0,1,1.0,1,0.16582673720387428,63
4646,3,6193,3336,2857,0,0,0,1.0,1,1.0,1,1.0,1,0.19108672980924057,63
4647,3,6196,3337,2859,0,0,0,1.0,1,1.0,1,1.0,1,0.18654140102646352,62
4648,3,6199,3338,2861,0,0,0,1.0,1,1.0,1,1.0,1,0.19602957210211863,63
4649,2,6201,3338,2863,0,0,0,1.0,1,1.0,1,1.0,1,0.16390275581287556,61
4650,0,6201,3338,2863,0,0,0,1.0,1,1.0,1,1.0,1,0.14039473000898683,63
4651,1,6202,3338,2864,0,0,0,1.0,1,1.0,1,1.0,1,0.1320761471030076,62
4652,0,6202,3338,2864,0,0,0,1.0,1,1.0,1,1.0,1,0.11768994017837099,59
4653,1,6203,3338,2865,0,0,0,1.0,1,1.0,1,1.0,1,0.11170695756389525,60
4654,0,6203,3338,2865,0,0,0,1.0,1,1.0,1,1.0,1,0.11270188798269451,60
4655,1,6204,3339,2865,0,0,0,1.0,1,1.0,1,1.0,1,0.12999446745852977,60
4656,4,6208,3341,2867,0,0,0,1.0,1,1.0,1,1.0,1,0.1678637676891255,61
4657,1,6209,3341,2868,0,0,0,1.0,1,1.0,1,1.0,1,0.1553989734751459,62
4658,2,6211,3343,2868,0,0,0,1.0,1,1.0,1,1.0,1,0.18050700991906285,62
4659,0,6211,3343,2868,0,0,0,1.0,1,1.0,1,1.0,1,0.17106084762052906,61
4660,3,6214,3345,2869,0,0,0,1.0,1,1.0,1,1.0,1,0.22269120835826767,61
4661,0,6214,3345,2869,0,0,0,1.0,1,1.0,1,1.0,1,0.22206041197748713,61
4662,0,6214,3345,2869,0,0,0,1.0,1,1.0,1,1.0,1,0.210548765544529,62
4663,1,6215,3345,2870,0,0,0,1.0,1,1.0,1,1.0,1,0.20778380267415444,61
4664,2,6217,3345,2872,0,0,0,1.0,1,1.0,1,1.0,1,0.2017034724681697,62
4665,0,6217,3345,2872,0,0,0,1.0,1,1.0,1,1.0,1,0.21171762329560098,61
4666,3,6220,3346,2874,0,0,0,1.0,1,1.0,1,1.0,1,0.2048457947759336,61
4667,2,6222,3347,2875,0,0,0,1.0,1,1.0,1,1.0,1,0.20437722712822134,59
4668,2,6224,3348,2876,0,0,0,1.0,1,1.0,1,1.0,1,0.21222679745200881,59
4669,3,6227,3348,2879,0,0,0,1.0,1,1.0,1,1.0,1,0.20917378851777643,58
4670,2,6229,3349,2880,0,0,0,1.0,1,1.0,1,1.0,1,0.20844642977711056,57
4671,0,6229,3349,2880,0,0,0,1.0,1,1.0,1,1.0,1,0.22681631059489413,55
4672,4,6233,3351,2882,0,0,0,1.0,1,1.0,1,1.0,1,0.22280379015468743,56
4673,2,6235,3351,2884,0,0,0,1.0,1,1.0,1,1.0,1,0.18691271038347382,58
4674,2,6237,3352,2885,0,0,0,1.0,1,1.0,1,1.0,1,0.20187811551507873,58
4675,3,6240,3352,2888,0,0,0,1.0,1,1.0,1,1.0,1,0.20673100464582297,57
4676,0,6240,3352,2888,0,0,0,1.0,1,1.0,1,1.0,1,0.21528870148415333,58
4677,1,6241,3352,2889,0,0,0,1.0,1,1.0,1,1.0,1,0.22031479678458993,57
4678,2,6243,3352,2891,0,0,0,1.0,1,1.0,1,1.0,1,0.20246196728343638,57
4679,0,6243,3352,2891,0,0,0,1.0,1,1.0,1,1.0,1,0.20246196728343638,57
4680,1,6244,3352,2892,0,0,0,1.0,1,1.0,1,1.0,1,0.19695543825673167,59
4681,1,6245,3352,2893,0,0,0,1.0,1,1.0,1,1.0,1,0.18862117838440504,60
4682,0,6245,3352,2893,0,0,0,1.0,1,1.0,1,1.0,1,0.18862117838440504,60
4683,3,6248,3353,2895,0,0,0,1.0,1,1.0,1,1.0,1,0.16248690051484443,60
4684,2,6250,3354,2896,0,0,0,1.0,1,1.0,1,1.0,1,0.17577036857158873,60
4685,2,6252,3355,2897,0,0,0,1.0,1,1.0,1,1.0,1,0.17817798207228397,59
4686,3,6255,3357,2898,0,0,0,1.0,1,1.0,1,1.0,1,0.17780889088017057,60
4687,2,6257,3358,2899,0,0,0,1.0,1,1.0,1,1.0,1,0.18151904792185092,59
4688,1,6258,3359,2899,0,0,0,1.0,1,1.0,1,1.0,1,0.20517953671521608,59
4689,3,6261,3360,2901,0,0,0,1.0,1,1.0,1,1.0,1,0.21379961938625922,59
4690,3,6264,3361,2903,0,0,0,1.0,1,1.0,1,1.0,1,0.18326516607687368,58
4691,0,6264,3361,2903,0,0,0,1.0,1,1.0,1,1.0,1,0.1822473429821209,57
4692,0,6264,3361,2903,0,0,0,1.0,1,1.0,1,1.0,1,0.1775646942531707,58
4693,1,6265,3361,2904,0,0,0,1.0,1,1.0,1,1.0,1,0.1685432952193574,57
4694,2,6267,3361,2906,0,0,0,1.0,1,1.0,1,1.0,1,0.14162720219443561,57
4695,1,6268,3361,2907,0,0,0,1.0,1,1.0,1,1.0,1,0.1413321531997143,56
4696,2,6270,3362,2908,0,0,0,1.0,1,1.0,1,1.0,1,0.14616311195463969,57
4697,0,6270,3362,2908,0,0,0,1.0,1,1.0,1,1.0,1,0.140554595622532,58
4698,2,6272,3362,2910,0,0,0,1.0,1,1.0,1,1.0,1,0.08941794876737792,59
4699,0,6272,3362,2910,0,0,0,1.0,1,1.0,1,1.0,1,0.10272869399573328,58
4700,0,6272,3362,2910,0,0,0,1.0,1,1.0,1,1.0,1,0.08380801819171953,59
4701,0,6272,3362,2910,0,0,0,1.0,1,1.0,1,1.0,1,0.09490242220062227,60
4702,0,6272,3362,2910,0,0,0,1.0,1,1.0,1,1.0,1,0.10325421816927381,61
4703,1,6273,3363,2910,0,0,0,1.0,1,1.0,1,1.0,1,0.13285657880132876,59
4704,1,6274,3363,2911,0,0,0,1.0,1,1.0,1,1.0,1,0.12816126725823132,58
4705,5,6279,3366,2913,0,0,0,1.0,1,1.0,1,1.0,1,0.12307529349702942,58
4706,2,6281,3368,2913,0,0,0,1.0,1,1.0,1,1.0,1,0.1569730194464933,60
4707,1,6282,3368,2914,0,0,0,1.0,1,1.0,1,1.0,1,0.16503585390168493,57
4708,3,6285,3370,2915,0,0,0,1.0,1,1.0,1,1.0,1,0.19373037616852024,57
4709,2,6287,3372,2915,0,0,0,1.0,1,1.0,1,1.0,1,0.23173521270803477,55
4710,1,6288,3373,2915,0,0,0,1.0,1,1.0,1,1.0,1,0.24308633165410215,53
4711,1,6289,3373,2916,0,0,0,1.0,1,1.0,1,1.0,1,0.22010750738807813,52
4712,0,6289,3373,2916,0,0,0,1.0,1,1.0,1,1.0,1,0.21983038279892572,52
4713,1,6290,3374,2916,0,0,0,1.0,1,1.0,1,1.0,1,0.24060571517468018,51
4714,2,6292,3374,2918,0,0,0,1.0,1,1.0,1,1.0,1,0.22216065919029937,50
4715,2,6294,3374,2920,0,0,0,1.0,1,1.0,1,1.0,1,0.16260840923250736,50
4716,1,6295,3375,2920,0,0,0,1.0,1,1.0,1,1.0,1,0.19525138576250678,49
4717,4,6299,3376,2923,0,0,0,1.0,1,1.0,1,1.0,1,0.17851565436454755,49
4718,0,6299,3376,2923,0,0,0,1.0,1,1.0,1,1.0,1,0.17924042457668987,50
4719,1,6300,3376,2924,0,0,0,1.0,1,1.0,1,1.0,1,0.17460896757997296,49
4720,2,6302,3376,2926,0,0,0,1.0,1,1.0,1,1.0,1,0.12995540419513715,49
4721,0,6302,3376,2926,0,0,0,1.0,1,1.0,1,1.0,1,0.12386965066924684,50
4722,1,6303,3376,2927,0,0,0,1.0,1,1.0,1,1.0,1,0.12849206463012755,51
4723,0,6303,3376,2927,0,0,0,1.0,1,1.0,1,1.0,1,0.0965967459064286,50
4724,3,6306,3378,2928,0,0,0,1.0,1,1.0,1,1.0,1,0.12217954245795593,50
4725,0,6306,3378,2928,0,0,0,1.0,1,1.0,1,1.0,1,0.1270385614314069,52
4726,1,6307,3379,2928,0,0,0,1.0,1,1.0,1,1.0,1,0.15938408098544105,51
4727,1,6308,3380,2928,0,0,0,1.0,1,1.0,1,1.0,1,0.17234209128825262,52
4728,1,6309,3381,2928,0,0,0,1.0,1,1.0,1,1.0,1,0.186534208897645,52
4729,0,6309,3381,2928,0,0,0,1.0,1,1.0,1,1.0,1,0.186534208897645,52
4730,1,6310,3381,2929,0,0,0,1.0,1,1.0,1,1.0,1,0.1781645367152584,50
4731,3,6313,3384,2929,0,0,0,1.0,1,1.0,1,1.0,1,0.20754366187592962,51
4732,1,6314,3384,2930,0,0,0,1.0,1,1.0,1,1.0,1,0.1959408666096523,52
4733,7,6321,3387,2934,0,0,0,1.0,1,1.0,1,1.0,1,0.2593773937408451,53
4734,2,6323,3387,2936,0,0,0,1.0,1,1.0,1,1.0,1,0.2596384056875028,53
4735,2,6325,3388,2937,0,0,0,1.0,1,1.0,1,1.0,1,0.26020442522675824,53
4736,1,6326,3389,2937,0,0,0,1.0,1,1.0,1,1.0,1,0.27786134738351476,55
4737,0,6326,3389,2937,0,0,0,1.0,1,1.0,1,1.0,1,0.26659325474038303,57
4738,0,6326,3389,2937,0,0,0,1.0,1,1.0,1,1.0,1,0.26659325474038303,57
4739,0,6326,3389,2937,0,0,0,1.0,1,1.0,1,1.0,1,0.26659325474038303,57
4740,1,6327,3389,2938,0,0,0,1.0,1,1.0,1,1.0,1,0.2386523528079779,57
4741,0,6327,3389,2938,0,0,0,1.0,1,1.0,1,1.0,1,0.24489389742409484,58
4742,1,6328,3390,2938,0,0,0,1.0,1,1.0,1,1.0,1,0.2534291176422298,58
4743,1,6329,3390,2939,0,0,0,1.0,1,1.0,1,1.0,1,0.21507528209055374,56
4744,0,6329,3390,2939,0,0,0,1.0,1,1.0,1,1.0,1,0.2048253968084863,57
4745,3,6332,3392,2940,0,0,0,1.0,1,1.0,1,1.0,1,0.19905916319231096,56
4746,1,6333,3393,2940,0,0,0,1.0,1,1.0,1,1.0,1,0.20938240325307514,56
4747,1,6334,3394,2940,0,0,0,1.0,1,1.0,1,1.0,1,0.189693639014463,55
4748,1,6335,3395,2940,0,0,0,1.0,1,1.0,1,1.0,1,0.19845429431421266,55
4749,1,6336,3395,2941,0,0,0,1.0,1,1.0,1,1.0,1,0.1771613454763247,54
4750,1,6337,3396,2941,0,0,0,1.0,1,1.0,1,1.0,1,0.1633598748310553,53
4751,0,6337,3396,2941,0,0,0,1.0,1,1.0,1,1.0,1,0.19389221231771117,53
4752,1,6338,3397,2941,0,0,0,1.0,1,1.0,1,1.0,1,0.1824073820875526,53
4753,0,6338,3397,2941,0,0,0,1.0,1,1.0,1,1.0,1,0.20517835888967842,52
4754,2,6340,3397,2943,0,0,0,1.0,1,1.0,1,1.0,1,0.15477192470778026,52
4755,2,6342,3397,2945,0,0,0,1.0,1,1.0,1,1.0,1,0.11085040275523919,51
4756,2,6344,3397,2947,0,0,0,1.0,1,1.0,1,1.0,1,0.09987787333199555,52
4757,1,6345,3397,2948,0,0,0,1.0,1,1.0,1,1.0,1,0.0833569932811827,51
4758,1,6346,3397,2949,0,0,0,1.0,1,1.0,1,1.0,1,0.07367029421316347,51
4759,0,6346,3397,2949,0,0,0,1.0,1,1.0,1,1.0,1,0.07367029421316347,51
4760,1,6347,3398,2949,0,0,0,1.0,1,1.0,1,1.0,1,0.05763316568918759,52
4761,2,6349,3400,2949,0,0,0,1.0,1,1.0,1,1.0,1,0.060211524217214846,50
4762,7,6356,3405,2951,0,0,0,1.0,1,1.0,1,1.0,1,0.12314247356784024,51
4763,1,6357,3405,2952,0,0,0,1.0,1,1.0,1,1.0,1,0.10906383616833595,51
4764,5,6362,3409,2953,0,0,0,1.0,1,1.0,1,1.0,1,0.15236446335003767,53
4765,5,6367,3409,2958,0,0,0,1.0,1,1.0,1,1.0,1,0.05885854938764043,53
4766,1,6368,3410,2958,0,0,0,1.0,1,1.0,1,1.0,1,0.09326886093116965,55
4767,0,6368,3410,2958,0,0,0,1.0,1,1.0,1,1.0,1,0.07437868445328881,56
4768,0,6368,3410,2958,0,0,0,1.0,1,1.0,1,1.0,1,0.06022957301856539,56
4769,1,6369,3411,2958,0,0,0,1.0,1,1.0,1,1.0,1,0.07944420551045012,56
4770,1,6370,3412,2958,0,0,0,1.0,1,1.0,1,1.0,1,0.061748271776001264,56
4771,0,6370,3412,2958,0,0,0,1.0,1,1.0,1,1.0,1,0.07218265740290965,55
4772,2,6372,3413,2959,0,0,0,1.0,1,1.0,1,1.0,1,0.09641530870348754,56
4773,0,6372,3413,2959,0,0,0,1.0,1,1.0,1,1.0,1,0.09641530870348754,56
4774,2,6374,3413,2961,0,0,0,1.0,1,1.0,1,1.0,1,0.05675930122771157,58
4775,0,6374,3413,2961,0,0,0,1.0,1,1.0,1,1.0,1,0.059213175934086835,59
4776,0,6374,3413,2961,0,0,0,1.0,1,1.0,1,1.0,1,0.059213175934086835,59
4777,1,6375,3414,2961,0,0,0,1.0,1,1.0,1,1.0,1,0.07074889102120202,60
4778,0,6375,3414,2961,0,0,0,1.0,1,1.0,1,1.0,1,0.07074889102120202,60
4779,1,6376,3414,2962,0,0,0,1.0,1,1.0,1,1.0,1,0.06520545571322506,61
4780,3,6379,3416,2963,0,0,0,1.0,1,1.0,1,1.0,1,0.04604545654058475,63
4781,1,6380,3417,2963,0,0,0,1.0,1,1.0,1,1.0,1,0.0561731772409148,62
4782,2,6382,3418,2964,0,0,0,1.0,1,1.0,1,1.0,1,0.06137255458222978,63
4783,2,6384,3419,2965,0,0,0,1.0,1,1.0,1,1.0,1,0.04583096755794944,62
4784,1,6385,3419,2966,0,0,0,1.0,1,1.0,1,1.0,1,0.03871262489517,62
4785,2,6387,3421,2966,0,0,0,1.0,1,1.0,1,1.0,1,0.04179979554829974,62
4786,2,6389,3423,2966,0,0,0,1.0,1,1.0,1,1.0,1,0.05050547410513347,63
4787,2,6391,3425,2966,0,0,0,1.0,1,1.0,1,1.0,1,0.05231112449465591,62
4788,3,6394,3428,2966,0,0,0,1.0,1,1.0,1,1.0,1,0.09871217660852724,62
4789,6,6400,3432,2968,0,0,0,1.0,1,1.0,1,1.0,1,0.076669801399265,60
4790,4,6404,3436,2968,0,0,0,1.0,1,1.0,1,1.0,1,0.10143393849773778,61
4791,1,6405,3437,2968,0,0,0,1.0,1,1.0,1,1.0,1,0.11992488667253569,60
4792,6,6411,3441,2970,0,0,0,1.0,1,1.0,1,1.0,1,0.08197129858248266,60
4793,1,6412,3442,2970,0,0,0,1.0,1,1.0,1,1.0,1,0.07673339112923949,61
4794,2,6414,3443,2971,0,0,0,1.0,1,1.0,1,1.0,1,0.0960785193827458,59
4795,4,6418,3444,2974,0,0,0,1.0,1,1.0,1,1.0,1,0.01599240915243759,61
4796,0,6418,3444,2974,0,0,0,1.0,1,1.0,1,1.0,1,0.04589997279979674,59
4797,4,6422,3447,2975,0,0,0,1.0,1,1.0,1,1.0,1,0.10002061268677508,58
4798,2,6424,3447,2977,0,0,0,1.0,1,1.0,1,1.0,1,0.08002420697317769,59
4799,0,6424,3447,2977,0,0,0,1.0,1,1.0,1,1.0,1,0.0745852082048764,57
4800,1,6425,3448,2977,0,0,0,1.0,1,1.0,1,1.0,1,0.10855781461730281,58
4801,4,6429,3450,2979,0,0,0,1.0,1,1.0,1,1.0,1,0.08318459036817132,57
4802,0,6429,3450,2979,0,0,0,1.0,1,1.0,1,1.0,1,0.08318459036817132,57
4803,0,6429,3450,2979,0,0,0,1.0,1,1.0,1,1.0,1,0.08152762972869664,56
4804,1,6430,3450,2980,0,0,0,1.0,1,1.0,1,1.0,1,0.07572506550249071,54
4805,1,6431,3450,2981,0,0,0,1.0,1,1.0,1,1.0,1,0.06931938659926183,56
4806,0,6431,3450,2981,0,0,0,1.0,1,1.0,1,1.0,1,0.06670168643730708,55
4807,1,6432,3450,2982,0,0,0,1.0,1,1.0,1,1.0,1,0.05661625594995302,54
4808,0,6432,3450,2982,0,0,0,1.0,1,1.0,1,1.0,1,0.07341951466308778,53
4809,0,6432,3450,2982,0,0,0,1.0,1,1.0,1,1.0,1,0.07341951466308778,53
4810,2,6434,3451,2983,0,0,0,1.0,1,1.0,1,1.0,1,0.04063676839599925,51
4811,2,6436,3453,2983,0,0,0,1.0,1,1.0,1,1.0,1,0.05595236366718558,52
4812,3,6439,3455,2984,0,0,0,1.0,1,1.0,1,1.0,1,0.052172759865950456,52
4813,0,6439,3455,2984,0,0,0,1.0,1,1.0,1,1.0,1,0.052172759865950456,52
4814,2,6441,3457,2984,0,0,0,1.0,1,1.0,1,1.0,1,0.1093275034741281,53
4815,5,6446,3462,2984,0,0,0,1.0,1,1.0,1,1.0,1,0.14087270562910228,54
4816,5,6451,3463,2988,0,0,0,1.0,1,1.0,1,1.0,1,0.08941657646142671,54
4817,4,6455,3465,2990,0,0,0,1.0,1,1.0,1,1.0,1,0.12483355691936511,55
4818,5,6460,3468,2992,0,0,0,1.0,1,1.0,1,1.0,1,0.07992135134301454,55
4819,3,6463,3469,2994,0,0,0,1.0,1,1.0,1,1.0,1,0.059766369114468615,55
4820,1,6464,3469,2995,0,0,0,1.0,1,1.0,1,1.0,1,0.04645480326821496,55
4821,1,6465,3470,2995,0,0,0,1.0,1,1.0,1,1.0,1,0.06206017458832632,55
4822,2,6467,3471,2996,0,0,0,1.0,1,1.0,1,1.0,1,0.032909154558751576,54
4823,0,6467,3471,2996,0,0,0,1.0,1,1.0,1,1.0,1,0.029561825661766537,54
4824,1,6468,3472,2996,0,0,0,1.0,1,1.0,1,1.0,1,0.028085556095528645,55
4825,2,6470,3473,2997,0,0,0,1.0,1,1.0,1,1.0,1,0.0526121823653169,53
4826,0,6470,3473,2997,0,0,0,1.0,1,1.0,1,1.0,1,0.04894341171631103,54
4827,2,6472,3475,2997,0,0,0,1.0,1,1.0,1,1.0,1,0.12921489702071576,53
4828,1,6473,3475,2998,0,0,0,1.0,1,1.0,1,1.0,1,0.10150488719209536,54
4829,0,6473,3475,2998,0,0,0,1.0,1,1.0,1,1.0,1,0.09537966945356927,54
4830,0,6473,3475,2998,0,0,0,1.0,1,1.0,1,1.0,1,0.07911558034866728,53
4831,0,6473,3475,2998,0,0,0,1.0,1,1.0,1,1.0,1,0.09006800513477227,52
4832,1,6474,3476,2998,0,0,0,1.0,1,1.0,1,1.0,1,0.08168908134929784,50
4833,1,6475,3476,2999,0,0,0,1.0,1,1.0,1,1.0,1,0.0769862953170967,51
4834,1,6476,3476,3000,0,0,0,1.0,1,1.0,1,1.0,1,0.07024949109171989,51
4835,1,6477,3476,3001,0,0,0,1.0,1,1.0,1,1.0,1,0.09892449667374555,50
4836,0,6477,3476,3001,0,0,0,1.0,1,1.0,1,1.0,1,0.07798914673509759,50
4837,3,6480,3477,3003,0,0,0,1.0,1,1.0,1,1.0,1,0.08969778328448777,46
4838,3,6483,3480,3003,0,0,0,1.0,1,1.0,1,1.0,1,0.16005328895843102,47
4839,3,6486,3482,3004,0,0,0,1.0,1,1.0,1,1.0,1,0.1441267534226105,45
4840,2,6488,3482,3006,0,0,0,1.0,1,1.0,1,1.0,1,0.12223660601717025,45
4841,1,6489,3483,3006,0,0,0,1.0,1,1.0,1,1.0,1,0.16594945621300802,43
4842,1,6490,3483,3007,0,0,0,1.0,1,1.0,1,1.0,1,0.13168681527400627,43
4843,3,6493,3484,3009,0,0,0,1.0,1,1.0,1,1.0,1,0.0796941751944743,44
4844,0,6493,3484,3009,0,0,0,1.0,1,1.0,1,1.0,1,0.07558277626675002,43
4845,1,6494,3485,3009,0,0,0,1.0,1,1.0,1,1.0,1,0.07525986326470771,44
4846,1,6495,3486,3009,0,0,0,1.0,1,1.0,1,1.0,1,0.05219608346639937,43
4847,3,6498,3488,3010,0,0,0,1.0,1,1.0,1,1.0,1,0.06977127862070354,42
4848,2,6500,3489,3011,0,0,0,1.0,1,1.0,1,1.0,1,0.08062169669854077,41
4849,3,6503,3491,3012,0,0,0,1.0,1,1.0,1,1.0,1,0.07719668426041472,41
4850,0,6503,3491,3012,0,0,0,1.0,1,1.0,1,1.0,1,0.1179194311858869,41
4851,0,6503,3491,3012,0,0,0,1.0,1,1.0,1,1.0,1,0.1179194311858869,41
4852,2,6505,3492,3013,0,0,0,1.0,1,1.0,1,1.0,1,0.13344976848829707,43
4853,0,6505,3492,3013,0,0,0,1.0,1,1.0,1,1.0,1,0.15038974555878817,44
4854,0,6505,3492,3013,0,0,0,1.0,1,1.0,1,1.0,1,0.1413405976391124,45
4855,0,6505,3492,3013,0,0,0,1.0,1,1.0,1,1.0,1,0.14357004333477216,44
4856,0,6505,3492,3013,0,0,0,1.0,1,1.0,1,1.0,1,0.14357004333477216,44
4857,0,6505,3492,3013,0,0,0,1.0,1,1.0,1,1.0,1,0.15607920118431867,44
4858,2,6507,3492,3015,0,0,0,1.0,1,1.0,1,1.0,1,0.13057586221823067,45
4859,1,6508,3492,3016,0,0,0,1.0,1,1.0,1,1.0,1,0.13155006105856698,46
4860,0,6508,3492,3016,0,0,0,1.0,1,1.0,1,1.0,1,0.13155006105856698,46
4861,0,6508,3492,3016,0,0,0,1.0,1,1.0,1,1.0,1,0.11941812959265334,46
4862,1,6509,3492,3017,0,0,0,1.0,1,1.0,1,1.0,1,0.11595157573896331,47
4863,2,6511,3493,3018,0,0,0,1.0,1,1.0,1,1.0,1,0.0803946192865323,47
4864,0,6511,3493,3018,0,0,0,1.0,1,1.0,1,1.0,1,0.07963325460548819,47
4865,0,6511,3493,3018,0,0,0,1.0,1,1.0,1,1.0,1,0.09404436368977526,48
4866,0,6511,3493,3018,0,0,0,1.0,1,1.0,1,1.0,1,0.08961715647560846,49
4867,0,6511,3493,3018,0,0,0,1.0,1,1.0,1,1.0,1,0.09353468466705622,50
4868,2,6513,3495,3018,0,0,0,1.0,1,1.0,1,1.0,1,0.09591798798982074,50
4869,0,6513,3495,3018,0,0,0,1.0,1,1.0,1,1.0,1,0.09591798798982074,50
4870,3,6516,3497,3019,0,0,0,1.0,1,1.0,1,1.0,1,0.0969082690140048,52
4871,0,6516,3497,3019,0,0,0,1.0,1,1.0,1,1.0,1,0.0969082690140048,52
4872,0,6516,3497,3019,0,0,0,1.0,1,1.0,1,1.0,1,0.0778182341804112,53
4873,4,6520,3499,3021,0,0,0,1.0,1,1.0,1,1.0,1,0.0927367908761977,55
4874,1,6521,3500,3021,0,0,0,1.0,1,1.0,1,1.0,1,0.09773102656269346,56
4875,2,6523,3502,3021,0,0,0,1.0,1,1.0,1,1.0,1,0.09103296204818567,55
4876,2,6525,3503,3022,0,0,0,1.0,1,1.0,1,1.0,1,0.09774855813363931,55
4877,5,6530,3507,3023,0,0,0,1.0,1,1.0,1,1.0,1,0.1264467491562569,54
4878,2,6532,3509,3023,0,0,0,1.0,1,1.0,1,1.0,1,0.14994691528115606,53
4879,3,6535,3510,3025,0,0,0,1.0,1,1.0,1,1.0,1,0.14996417307512547,54
4880,4,6539,3512,3027,0,0,0,1.0,1,1.0,1,1.0,1,0.14733256022397762,54
4881,3,6542,3513,3029,0,0,0,1.0,1,1.0,1,1.0,1,0.13462923512682284,53
4882,1,6543,3514,3029,0,0,0,1.0,1,1.0,1,1.0,1,0.14301736715317379,53
4883,0,6543,3514,3029,0,0,0,1.0,1,1.0,1,1.0,1,0.14308825521232152,53
4884,0,6543,3514,3029,0,0,0,1.0,1,1.0,1,1.0,1,0.12710802972338311,51
4885,0,6543,3514,3029,0,0,0,1.0,1,1.0,1,1.0,1,0.12964184406551815,50
4886,0,6543,3514,3029,0,0,0,1.0,1,1.0,1,1.0,1,0.1458194002356404,48
4887,0,6543,3514,3029,0,0,0,1.0,1,1.0,1,1.0,1,0.1458194002356404,48
4888,1,6544,3514,3030,0,0,0,1.0,1,1.0,1,1.0,1,0.12230988176203117,48
4889,0,6544,3514,3030,0,0,0,1.0,1,1.0,1,1.0,1,0.12230988176203117,48
4890,0,6544,3514,3030,0,0,0,1.0,1,1.0,1,1.0,1,0.11306438081237866,49
4891,1,6545,3515,3030,0,0,0,1.0,1,1.0,1,1.0,1,0.14846771785650512,50
4892,1,6546,3515,3031,0,0,0,1.0,1,1.0,1,1.0,1,0.13863296538493974,49
4893,1,6547,3515,3032,0,0,0,1.0,1,1.0,1,1.0,1,0.12947470191499735,50
4894,1,6548,3515,3033,0,0,0,1.0,1,1.0,1,1.0,1,0.107720024588665,51
4895,1,6549,3515,3034,0,0,0,1.0,1,1.0,1,1.0,1,0.11153700884745119,52
4896,1,6550,3515,3035,0,0,0,1.0,1,1.0,1,1.0,1,0.09274859678238419,53
4897,1,6551,3515,3036,0,0,0,1.0,1,1.0,1,1.0,1,0.08477971549994083,53
4898,0,6551,3515,3036,0,0,0,1.0,1,1.0,1,1.0,1,0.08477971549994083,53
4899,2,6553,3516,3037,0,0,0,1.0,1,1.0,1,1.0,1,0.06671471849108773,55
4900,1,6554,3517,3037,0,0,0,1.0,1,1.0,1,1.0,1,0.09182606446827996,55
4901,1,6555,3517,3038,0,0,0,1.0,1,1.0,1,1.0,1,0.0937336561322769,56
4902,2,6557,3518,3039,0,0,0,1.0,1,1.0,1,1.0,1,0.12180162948563664,58
4903,3,6560,3519,3041,0,0,0,1.0,1,1.0,1,1.0,1,0.11953915069013828,58
4904,0,6560,3519,3041,0,0,0,1.0,1,1.0,1,1.0,1,0.11660144589504434,57
4905,1,6561,3520,3041,0,0,0,1.0,1,1.0,1,1.0,1,0.1613947518291673,54
4906,3,6564,3520,3044,0,0,0,1.0,1,1.0,1,1.0,1,0.14937095933818476,55
4907,0,6564,3520,3044,0,0,0,1.0,1,1.0,1,1.0,1,0.164325313028122,52
4908,1,6565,3521,3044,0,0,0,1.0,1,1.0,1,1.0,1,0.1853560675646774,53
4909,2,6567,3521,3046,0,0,0,1.0,1,1.0,1,1.0,1,0.17471478098285426,52
4910,2,6569,3523,3046,0,0,0,1.0,1,1.0,1,1.0,1,0.2061957968725465,53
4911,1,6570,3524,3046,0,0,0,1.0,1,1.0,1,1.0,1,0.1957406378689662,55
4912,3,6573,3526,3047,0,0,0,1.0,1,1.0,1,1.0,1,0.2073862687821716,54
4913,0,6573,3526,3047,0,0,0,1.0,1,1.0,1,1.0,1,0.19559351941196995,53
4914,2,6575,3527,3048,0,0,0,1.0,1,1.0,1,1.0,1,0.16794619208974554,53
4915,1,6576,3527,3049,0,0,0,1.0,1,1.0,1,1.0,1,0.1599114564037554,54
4916,2,6578,3527,3051,0,0,0,1.0,1,1.0,1,1.0,1,0.13013650227733317,52
4917,1,6579,3528,3051,0,0,0,1.0,1,1.0,1,1.0,1,0.131284577873819,52
4918,2,6581,3528,3053,0,0,0,1.0,1,1.0,1,1.0,1,0.08769837033734046,51
4919,1,6582,3529,3053,0,0,0,1.0,1,1.0,1,1.0,1,0.1267295315634687,50
4920,1,6583,3529,3054,0,0,0,1.0,1,1.0,1,1.0,1,0.10794841276847933,51
4921,0,6583,3529,3054,0,0,0,1.0,1,1.0,1,1.0,1,0.10794841276847933,51
4922,2,6585,3530,3055,0,0,0,1.0,1,1.0,1,1.0,1,0.13561056046064077,53
4923,1,6586,3530,3056,0,0,0,1.0,1,1.0,1,1.0,1,0.12315569789653492,53
4924,2,6588,3530,3058,0,0,0,1.0,1,1.0,1,1.0,1,0.10815913019450221,55
4925,1,6589,3531,3058,0,0,0,1.0,1,1.0,1,1.0,1,0.0926164580256965,56
4926,0,6589,3531,3058,0,0,0,1.0,1,1.0,1,1.0,1,0.07737553616276341,55
4927,2,6591,3533,3058,0,0,0,1.0,1,1.0,1,1.0,1,0.10319539440219562,55
4928,1,6592,3533,3059,0,0,0,1.0,1,1.0,1,1.0,1,0.0818047911464752,55
4929,0,6592,3533,3059,0,0,0,1.0,1,1.0,1,1.0,1,0.07710058967626725,56
4930,2,6594,3533,3061,0,0,0,1.0,1,1.0,1,1.0,1,0.06786551803873107,58
4931,0,6594,3533,3061,0,0,0,1.0,1,1.0,1,1.0,1,0.06327457936858759,59
4932,0,6594,3533,3061,0,0,0,1.0,1,1.0,1,1.0,1,0.07770577215142853,60
4933,1,6595,3534,3061,0,0,0,1.0,1,1.0,1,1.0,1,0.09793383835412735,60
4934,2,6597,3535,3062,0,0,0,1.0,1,1.0,1,1.0,1,0.10964225325378486,60
4935,0,6597,3535,3062,0,0,0,1.0,1,1.0,1,1.0,1,0.10964225325378486,60
4936,3,6600,3536,3064,0,0,0,1.0,1,1.0,1,1.0,1,0.11993224860423853,61
4937,3,6603,3537,3066,0,0,0,1.0,1,1.0,1,1.0,1,0.1453489295924559,62
4938,1,6604,3537,3067,0,0,0,1.0,1,1.0,1,1.0,1,0.1364278252545452,62
4939,4,6608,3539,3069,0,0,0,1.0,1,1.0,1,1.0,1,0.12287713686848434,64
4940,2,6610,3539,3071,0,0,0,1.0,1,1.0,1,1.0,1,0.11574791214452773,67
4941,0,6610,3539,3071,0,0,0,1.0,1,1.0,1,1.0,1,0.12541988501631862,66
4942,1,6611,3539,3072,0,0,0,1.0,1,1.0,1,1.0,1,0.12300944887356172,67
4943,0,6611,3539,3072,0,0,0,1.0,1,1.0,1,1.0,1,0.1402733919556379,65
4944,0,6611,3539,3072,0,0,0,1.0,1,1.0,1,1.0,1,0.1402733919556379,65
4945,2,6613,3539,3074,0,0,0,1.0,1,1.0,1,1.0,1,0.14966891490156883,62
4946,1,6614,3539,3075,0,0,0,1.0,1,1.0,1,1.0,1,0.14679044096141755,61
4947,1,6615,3540,3075,0,0,0,1.0,1,1.0,1,1.0,1,0.16082104579064893,59
4948,7,6622,3541,3081,0,0,0,1.0,1,1.0,1,1.0,1,0.13619456464977195,59
4949,0,6622,3541,3081,0,0,0,1.0,1,1.0,1,1.0,1,0.1409237373544408,57
4950,4,6626,3544,3082,0,0,0,1.0,1,1.0,1,1.0,1,0.16932940954648507,58
4951,5,6631,3548,3083,0,0,0,1.0,1,1.0,1,1.0,1,0.17292378900498095,55
4952,1,6632,3549,3083,0,0,0,1.0,1,1.0,1,1.0,1,0.16743357333299932,53
4953,3,6635,3551,3084,0,0,0,1.0,1,1.0,1,1.0,1,0.1831062972812482,54
4954,1,6636,3551,3085,0,0,0,1.0,1,1.0,1,1.0,1,0.14089756987331192,52
4955,2,6638,3551,3087,0,0,0,1.0,1,1.0,1,1.0,1,0.11749903676927949,51
4956,0,6638,3551,3087,0,0,0,1.0,1,1.0,1,1.0,1,0.124719623718581,47
4957,3,6641,3551,3090,0,0,0,1.0,1,1.0,1,1.0,1,0.07942556110263357,48
4958,0,6641,3551,3090,0,0,0,1.0,1,1.0,1,1.0,1,0.06649809997436804,47
4959,0,6641,3551,3090,0,0,0,1.0,1,1.0,1,1.0,1,0.06649809997436804,47
4960,0,6641,3551,3090,0,0,0,1.0,1,1.0,1,1.0,1,0.0815685040270356,48
4961,0,6641,3551,3090,0,0,0,1.0,1,1.0,1,1.0,1,0.07491439786104269,49
4962,1,6642,3552,3090,0,0,0,1.0,1,1.0,1,1.0,1,0.07239784390275548,49
4963,1,6643,3552,3091,0,0,0,1.0,1,1.0,1,1.0,1,0.07830079226564396,51
4964,2,6645,3553,3092,0,0,0,1.0,1,1.0,1,1.0,1,0.09574407574841597,51
4965,4,6649,3555,3094,0,0,0,1.0,1,1.0,1,1.0,1,0.10722789172402249,51
4966,1,6650,3556,3094,0,0,0,1.0,1,1.0,1,1.0,1,0.10979542837590069,51
4967,4,6654,3558,3096,0,0,0,1.0,1,1.0,1,1.0,1,0.13408498119608453,51
4968,2,6656,3559,3097,0,0,0,1.0,1,1.0,1,1.0,1,0.10564085186267533,52
4969,1,6657,3559,3098,0,0,0,1.0,1,1.0,1,1.0,1,0.10742341028121892,53
4970,2,6659,3560,3099,0,0,0,1.0,1,1.0,1,1.0,1,0.11748013712770117,54
4971,2,6661,3560,3101,0,0,0,1.0,1,1.0,1,1.0,1,0.10497943095649882,55
4972,2,6663,3561,3102,0,0,0,1.0,1,1.0,1,1.0,1,0.11077931169417587,56
4973,1,6664,3561,3103,0,0,0,1.0,1,1.0,1,1.0,1,0.08436890475795282,57
4974,0,6664,3561,3103,0,0,0,1.0,1,1.0,1,1.0,1,0.10843871435322028,56
4975,3,6667,3562,3105,0,0,0,1.0,1,1.0,1,1.0,1,0.11841931531683654,57
4976,1,6668,3563,3105,0,0,0,1.0,1,1.0,1,1.0,1,0.11018756296156564,57
4977,0,6668,3563,3105,0,0,0,1.0,1,1.0,1,1.0,1,0.11018756296156564,57
4978,2,6670,3564,3106,0,0,0,1.0,1,1.0,1,1.0,1,0.09511174246938141,58
4979,1,6671,3565,3106,0,0,0,1.0,1,1.0,1,1.0,1,0.10622670887256805,58
4980,2,6673,3566,3107,0,0,0,1.0,1,1.0,1,1.0,1,0.11962011944309323,59
4981,4,6677,3567,3110,0,0,0,1.0,1,1.0,1,1.0,1,0.10906037991691837,60
4982,0,6677,3567,3110,0,0,0,1.0,1,1.0,1,1.0,1,0.09651449235184922,61
4983,1,6678,3568,3110,0,0,0,1.0,1,1.0,1,1.0,1,0.07499407189466417,61
4984,2,6680,3568,3112,0,0,0,1.0,1,1.0,1,1.0,1,0.07602866904919675,59
4985,0,6680,3568,3112,0,0,0,1.0,1,1.0,1,1.0,1,0.10882568813560342,58
4986,0,6680,3568,3112,0,0,0,1.0,1,1.0,1,1.0,1,0.0924775331202571,59
4987,5,6685,3569,3116,0,0,0,1.0,1,1.0,1,1.0,1,0.08454386158665103,58
4988,1,6686,3569,3117,0,0,0,1.0,1,1.0,1,1.0,1,0.07672454169274116,57
4989,2,6688,3571,3117,0,0,0,1.0,1,1.0,1,1.0,1,0.12322653276630023,54
4990,4,6692,3572,3120,0,0,0,1.0,1,1.0,1,1.0,1,0.0762429746043462,53
4991,3,6695,3575,3120,0,0,0,1.0,1,1.0,1,1.0,1,0.10715383348576171,52
4992,1,6696,3576,3120,0,0,0,1.0,1,1.0,1,1.0,1,0.1345562782224514,48
4993,3,6699,3577,3122,0,0,0,1.0,1,1.0,1,1.0,1,0.11107898003411973,48
4994,1,6700,3578,3122,0,0,0,1.0,1,1.0,1,1.0,1,0.09749171046948282,45
4995,2,6702,3580,3122,0,0,0,1.0,1,1.0,1,1.0,1,0.1424683869622165,45
4996,2,6704,3581,3123,0,0,0,1.0,1,1.0,1,1.0,1,0.06521567353886858,45
4997,2,6706,3583,3123,0,0,0,1.0,1,1.0,1,1.0,1,0.11965968217127752,42
4998,2,6708,3584,3124,0,0,0,1.0,1,1.0,1,1.0,1,0.13682339170473967,44
4999,3,6711,3585,3126,0,0,0,1.0,1,1.0,1,1.0,1,0.14351178001255066,44
5000,2,6713,3586,3127,0,0,0,1.0,1,1.0,1,1.0,1,0.17844072935875846,42
5001,0,6713,3586,3127,0,0,0,1.0,1,1.0,1,1.0,1,0.17200347751908002,42
5002,1,6714,3587,3127,0,0,0,1.0,1,1.0,1,1.0,1,0.17573315767084524,41
5003,2,6716,3588,3128,0,0,0,1.0,1,1.0,1,1.0,1,0.2306909437676113,41
5004,0,6716,3588,3128,0,0,0,1.0,1,1.0,1,1.0,1,0.23818792465648705,41
5005,0,6716,3588,3128,0,0,0,1.0,1,1.0,1,1.0,1,0.23818792465648705,41
5006,0,6716,3588,3128,0,0,0,1.0,1,1.0,1,1.0,1,0.22451188431840705,42
5007,0,6716,3588,3128,0,0,0,1.0,1,1.0,1,1.0,1,0.21881094604451976,43
5008,0,6716,3588,3128,0,0,0,1.0,1,1.0,1,1.0,1,0.19780085905980663,46
5009,0,6716,3588,3128,0,0,0,1.0,1,1.0,1,1.0,1,0.19780085905980663,46
5010,1,6717,3588,3129,0,0,0,1.0,1,1.0,1,1.0,1,0.2027673751434912,46
5011,0,6717,3588,3129,0,0,0,1.0,1,1.0,1,1.0,1,0.1917983617094943,47
5012,0,6717,3588,3129,0,0,0,1.0,1,1.0,1,1.0,1,0.19290433949240013,48
5013,0,6717,3588,3129,0,0,0,1.0,1,1.0,1,1.0,1,0.19290433949240013,48
5014,0,6717,3588,3129,0,0,0,1.0,1,1.0,1,1.0,1,0.18556435233900997,49
5015,2,6719,3588,3131,0,0,0,1.0,1,1.0,1,1.0,1,0.15120950418708137,50
5016,2,6721,3589,3132,0,0,0,1.0,1,1.0,1,1.0,1,0.17199622003659476,51
5017,2,6723,3589,3134,0,0,0,1.0,1,1.0,1,1.0,1,0.14869034191474856,51
5018,0,6723,3589,3134,0,0,0,1.0,1,1.0,1,1.0,1,0.14869034191474856,51
5019,0,6723,3589,3134,0,0,0,1.0,1,1.0,1,1.0,1,0.15556236014491628,51
5020,2,6725,3589,3136,0,0,0,1.0,1,1.0,1,1.0,1,0.12712303679420853,51
5021,0,6725,3589,3136,0,0,0,1.0,1,1.0,1,1.0,1,0.14229852278814414,52
5022,1,6726,3590,3136,0,0,0,1.0,1,1.0,1,1.0,1,0.14329223792046408,52
5023,2,6728,3591,3137,0,0,0,1.0,1,1.0,1,1.0,1,0.1329257698213935,52
5024,0,6728,3591,3137,0,0,0,1.0,1,1.0,1,1.0,1,0.11813007504128621,51
5025,0,6728,3591,3137,0,0,0,1.0,1,1.0,1,1.0,1,0.12372621994375622,50
5026,1,6729,3592,3137,0,0,0,1.0,1,1.0,1,1.0,1,0.18130188258891639,49
5027,1,6730,3593,3137,0,0,0,1.0,1,1.0,1,1.0,1,0.1910642551047394,47
5028,1,6731,3594,3137,0,0,0,1.0,1,1.0,1,1.0,1,0.21705537062291458,47
5029,2,6733,3595,3138,0,0,0,1.0,1,1.0,1,1.0,1,0.176358957916348,46
5030,1,6734,3596,3138,0,0,0,1.0,1,1.0,1,1.0,1,0.18193338190251995,48
5031,1,6735,3597,3138,0,0,0,1.0,1,1.0,1,1.0,1,0.18135151015562953,46
5032,1,6736,3597,3139,0,0,0,1.0,1,1.0,1,1.0,1,0.15460298938863248,46
5033,2,6738,3598,3140,0,0,0,1.0,1,1.0,1,1.0,1,0.17225389368203417,47
5034,0,6738,3598,3140,0,0,0,1.0,1,1.0,1,1.0,1,0.15572450885200756,48
5035,0,6738,3598,3140,0,0,0,1.0,1,1.0,1,1.0,1,0.1539702549119006,47
5036,0,6738,3598,3140,0,0,0,1.0,1,1.0,1,1.0,1,0.1539702549119006,47
5037,0,6738,3598,3140,0,0,0,1.0,1,1.0,1,1.0,1,0.16209941625027866,47
5038,0,6738,3598,3140,0,0,0,1.0,1,1.0,1,1.0,1,0.17225783200190833,48
5039,1,6739,3599,3140,0,0,0,1.0,1,1.0,1,1.0,1,0.2229441983642565,47
5040,0,6739,3599,3140,0,0,0,1.0,1,1.0,1,1.0,1,0.2155031069545424,48
5041,1,6740,3599,3141,0,0,0,1.0,1,1.0,1,1.0,1,0.1960885780825645,49
5042,0,6740,3599,3141,0,0,0,1.0,1,1.0,1,1.0,1,0.18428231906428208,50
5043,1,6741,3599,3142,0,0,0,1.0,1,1.0,1,1.0,1,0.14945494929839537,51
5044,0,6741,3599,3142,0,0,0,1.0,1,1.0,1,1.0,1,0.14945494929839537,51
5045,1,6742,3599,3143,0,0,0,1.0,1,1.0,1,1.0,1,0.13764222535165538,51
5046,1,6743,3600,3143,0,0,0,1.0,1,1.0,1,1.0,1,0.15799110525844698,52
5047,1,6744,3600,3144,0,0,0,1.0,1,1.0,1,1.0,1,0.13852290886959764,52
5048,1,6745,3600,3145,0,0,0,1.0,1,1.0,1,1.0,1,0.13036982348939863,52
5049,1,6746,3600,3146,0,0,0,1.0,1,1.0,1,1.0,1,0.14996585463229467,52
5050,1,6747,3600,3147,0,0,0,1.0,1,1.0,1,1.0,1,0.13319019754279918,55
5051,1,6748,3600,3148,0,0,0,1.0,1,1.0,1,1.0,1,0.14466956402678202,55
5052,0,6748,3600,3148,0,0,0,1.0,1,1.0,1,1.0,1,0.14466956402678202,55
5053,1,6749,3600,3149,0,0,0,1.0,1,1.0,1,1.0,1,0.14782005872708256,54
5054,2,6751,3601,3150,0,0,0,1.0,1,1.0,1,1.0,1,0.1413946166746446,54
5055,1,6752,3601,3151,0,0,0,1.0,1,1.0,1,1.0,1,0.13557189324899582,54
5056,2,6754,3601,3153,0,0,0,1.0,1,1.0,1,1.0,1,0.12287055253382055,55
5057,1,6755,3601,3154,0,0,0,1.0,1,1.0,1,1.0,1,0.12023441633158904,56
5058,3,6758,3603,3155,0,0,0,1.0,1,1.0,1,1.0,1,0.08912295998576132,58
5059,1,6759,3603,3156,0,0,0,1.0,1,1.0,1,1.0,1,0.08167769177480924,58
5060,3,6762,3605,3157,0,0,0,1.0,1,1.0,1,1.0,1,0.07793673960560339,59
5061,1,6763,3605,3158,0,0,0,1.0,1,1.0,1,1.0,1,0.07885826263019936,58
5062,3,6766,3606,3160,0,0,0,1.0,1,1.0,1,1.0,1,0.016255390051786934,58
5063,4,6770,3609,3161,0,0,0,1.0,1,1.0,1,1.0,1,0.0675289281406461,57
5064,1,6771,3610,3161,0,0,0,1.0,1,1.0,1,1.0,1,0.10428687550560575,57
5065,3,6774,3611,3163,0,0,0,1.0,1,1.0,1,1.0,1,0.10285529852089641,56
5066,2,6776,3613,3163,0,0,0,1.0,1,1.0,1,1.0,1,0.15756557415791944,55
5067,0,6776,3613,3163,0,0,0,1.0,1,1.0,1,1.0,1,0.14472257459621163,54
5068,2,6778,3614,3164,0,0,0,1.0,1,1.0,1,1.0,1,0.1621604114227689,54
5069,2,6780,3615,3165,0,0,0,1.0,1,1.0,1,1.0,1,0.1734266354349293,53
5070,2,6782,3616,3166,0,0,0,1.0,1,1.0,1,1.0,1,0.201080469282409,53
5071,1,6783,3617,3166,0,0,0,1.0,1,1.0,1,1.0,1,0.18355767875379225,53
5072,2,6785,3617,3168,0,0,0,1.0,1,1.0,1,1.0,1,0.14995810356808773,53
5073,1,6786,3617,3169,0,0,0,1.0,1,1.0,1,1.0,1,0.12994926212138838,53
5074,1,6787,3617,3170,0,0,0,1.0,1,1.0,1,1.0,1,0.09984029178495737,52
5075,0,6787,3617,3170,0,0,0,1.0,1,1.0,1,1.0,1,0.09984029178495737,52
5076,2,6789,3617,3172,0,0,0,1.0,1,1.0,1,1.0,1,0.05447124680729604,55
5077,1,6790,3618,3172,0,0,0,1.0,1,1.0,1,1.0,1,0.10983912537359522,55
5078,0,6790,3618,3172,0,0,0,1.0,1,1.0,1,1.0,1,0.10983912537359522,55
5079,0,6790,3618,3172,0,0,0,1.0,1,1.0,1,1.0,1,0.12394367145407434,54
5080,2,6792,3619,3173,0,0,0,1.0,1,1.0,1,1.0,1,0.1303028235287558,55
5081,0,6792,3619,3173,0,0,0,1.0,1,1.0,1,1.0,1,0.1413811084082251,57
5082,0,6792,3619,3173,0,0,0,1.0,1,1.0,1,1.0,1,0.1413811084082251,57
5083,2,6794,3619,3175,0,0,0,1.0,1,1.0,1,1.0,1,0.11696010794432186,58
5084,1,6795,3619,3176,0,0,0,1.0,1,1.0,1,1.0,1,0.10757519513421232,58
5085,0,6795,3619,3176,0,0,0,1.0,1,1.0,1,1.0,1,0.10229296517991703,59
5086,2,6797,3621,3176,0,0,0,1.0,1,1.0,1,1.0,1,0.09429452179630013,60
5087,1,6798,3622,3176,0,0,0,1.0,1,1.0,1,1.0,1,0.11086131641827167,61
5088,3,6801,3624,3177,0,0,0,1.0,1,1.0,1,1.0,1,0.1428758805742623,62
5089,6,6807,3627,3180,0,0,0,1.0,1,1.0,1,1.0,1,0.10868816530826293,63
5090,1,6808,3627,3181,0,0,0,1.0,1,1.0,1,1.0,1,0.0997460638399148,63
5091,3,6811,3630,3181,0,0,0,1.0,1,1.0,1,1.0,1,0.14487615764576195,63
5092,5,6816,3630,3186,0,0,0,1.0,1,1.0,1,1.0,1,0.09248256119438349,63
5093,0,6816,3630,3186,0,0,0,1.0,1,1.0,1,1.0,1,0.09248256119438349,63
5094,1,6817,3631,3186,0,0,0,1.0,1,1.0,1,1.0,1,0.09157483383610338,64
5095,3,6820,3631,3189,0,0,0,1.0,1,1.0,1,1.0,1,0.05394882627417498,64
5096,0,6820,3631,3189,0,0,0,1.0,1,1.0,1,1.0,1,0.049153072602575586,67
5097,2,6822,3632,3190,0,0,0,1.0,1,1.0,1,1.0,1,0.06445551878601204,67
5098,1,6823,3632,3191,0,0,0,1.0,1,1.0,1,1.0,1,0.05442865995855555,68
5099,1,6824,3633,3191,0,0,0,1.0,1,1.0,1,1.0,1,0.06786824254373326,70
5100,0,6824,3633,3191,0,0,0,1.0,1,1.0,1,1.0,1,0.05445309670055814,71
5101,1,6825,3634,3191,0,0,0,1.0,1,1.0,1,1.0,1,0.06514989251152511,71
5102,2,6827,3635,3192,0,0,0,1.0,1,1.0,1,1.0,1,0.06641898035020342,70
5103,1,6828,3636,3192,0,0,0,1.0,1,1.0,1,1.0,1,0.07366636826920356,67
5104,2,6830,3638,3192,0,0,0,1.0,1,1.0,1,1.0,1,0.08267799390917238,67
5105,3,6833,3641,3192,0,0,0,1.0,1,1.0,1,1.0,1,0.10574312826589659,63
5106,2,6835,3643,3192,0,0,0,1.0,1,1.0,1,1.0,1,0.1318069355067482,63
5107,4,6839,3646,3193,0,0,0,1.0,1,1.0,1,1.0,1,0.15853596482252852,60
5108,2,6841,3648,3193,0,0,0,1.0,1,1.0,1,1.0,1,0.1974303538397478,56
5109,2,6843,3649,3194,0,0,0,1.0,1,1.0,1,1.0,1,0.19465459676013253,56
5110,5,6848,3651,3197,0,0,0,1.0,1,1.0,1,1.0,1,0.17710652948605982,52
5111,3,6851,3654,3197,0,0,0,1.0,1,1.0,1,1.0,1,0.2166369364509496,51
5112,2,6853,3655,3198,0,0,0,1.0,1,1.0,1,1.0,1,0.22627153482923854,50
5113,6,6859,3657,3202,0,0,0,1.0,1,1.0,1,1.0,1,0.19903962237552392,48
5114,3,6862,3658,3204,0,0,0,1.0,1,1.0,1,1.0,1,0.14905744791307687,46
5115,0,6862,3658,3204,0,0,0,1.0,1,1.0,1,1.0,1,0.12520890775160712,44
5116,1,6863,3658,3205,0,0,0,1.0,1,1.0,1,1.0,1,0.11538781106199296,44
5117,2,6865,3658,3207,0,0,0,1.0,1,1.0,1,1.0,1,0.08953506627522603,46
5118,0,6865,3658,3207,0,0,0,1.0,1,1.0,1,1.0,1,0.08953506627522603,46
5119,2,6867,3659,3208,0,0,0,1.0,1,1.0,1,1.0,1,0.1036523375102232,46
5120,1,6868,3660,3208,0,0,0,1.0,1,1.0,1,1.0,1,0.13557671695678908,46
5121,1,6869,3661,3208,0,0,0,1.0,1,1.0,1,1.0,1,0.17875456256578245,46
5122,4,6873,3662,3211,0,0,0,1.0,1,1.0,1,1.0,1,0.17327676870921976,46
5123,2,6875,3663,3212,0,0,0,1.0,1,1.0,1,1.0,1,0.1670426933291473,45
5124,1,6876,3664,3212,0,0,0,1.0,1,1.0,1,1.0,1,0.19252565627625892,47
5125,4,6880,3665,3215,0,0,0,1.0,1,1.0,1,1.0,1,0.15835002281057964,50
5126,2,6882,3665,3217,0,0,0,1.0,1,1.0,1,1.0,1,0.1268858473584945,50
5127,2,6884,3666,3218,0,0,0,1.0,1,1.0,1,1.0,1,0.1155945367057556,52
5128,1,6885,3666,3219,0,0,0,1.0,1,1.0,1,1.0,1,0.10720207317612941,53
5129,1,6886,3666,3220,0,0,0,1.0,1,1.0,1,1.0,1,0.10241515474438859,55
5130,0,6886,3666,3220,0,0,0,1.0,1,1.0,1,1.0,1,0.10241515474438859,55
5131,2,6888,3666,3222,0,0,0,1.0,1,1.0,1,1.0,1,0.09206342025129001,54
5132,0,6888,3666,3222,0,0,0,1.0,1,1.0,1,1.0,1,0.10031572539261363,54
5133,0,6888,3666,3222,0,0,0,1.0,1,1.0,1,1.0,1,0.10031572539261363,54
5134,1,6889,3666,3223,0,0,0,1.0,1,1.0,1,1.0,1,0.10607303435852347,53
5135,0,6889,3666,3223,0,0,0,1.0,1,1.0,1,1.0,1,0.11717786494612698,54
5136,1,6890,3666,3224,0,0,0,1.0,1,1.0,1,1.0,1,0.1441880398719994,54
5137,1,6891,3667,3224,0,0,0,1.0,1,1.0,1,1.0,1,0.13406024350441023,54
5138,2,6893,3669,3224,0,0,0,1.0,1,1.0,1,1.0,1,0.15998485864636994,54
5139,2,6895,3670,3225,0,0,0,1.0,1,1.0,1,1.0,1,0.13532280982268838,55
5140,5,6900,3673,3227,0,0,0,1.0,1,1.0,1,1.0,1,0.12910063164912486,55
5141,2,6902,3675,3227,0,0,0,1.0,1,1.0,1,1.0,1,0.1091679963047087,53
5142,0,6902,3675,3227,0,0,0,1.0,1,1.0,1,1.0,1,0.09544920491864448,54
5143,4,6906,3677,3229,0,0,0,1.0,1,1.0,1,1.0,1,0.12048186109911646,52
5144,0,6906,3677,3229,0,0,0,1.0,1,1.0,1,1.0,1,0.09239489166074434,50
5145,0,6906,3677,3229,0,0,0,1.0,1,1.0,1,1.0,1,0.10257321294016458,49
5146,1,6907,3677,3230,0,0,0,1.0,1,1.0,1,1.0,1,0.09510754118046297,49
5147,0,6907,3677,3230,0,0,0,1.0,1,1.0,1,1.0,1,0.10878842098286633,46
5148,1,6908,3678,3230,0,0,0,1.0,1,1.0,1,1.0,1,0.06400154070082852,46
5149,0,6908,3678,3230,0,0,0,1.0,1,1.0,1,1.0,1,0.08516081803592612,45
5150,3,6911,3680,3231,0,0,0,1.0,1,1.0,1,1.0,1,0.08387847099130341,47
5151,1,6912,3681,3231,0,0,0,1.0,1,1.0,1,1.0,1,0.1303253402847638,46
5152,4,6916,3683,3233,0,0,0,1.0,1,1.0,1,1.0,1,0.14968565000681713,46
5153,0,6916,3683,3233,0,0,0,1.0,1,1.0,1,1.0,1,0.1587166141333163,45
5154,2,6918,3684,3234,0,0,0,1.0,1,1.0,1,1.0,1,0.17732281754235532,47
5155,3,6921,3685,3236,0,0,0,1.0,1,1.0,1,1.0,1,0.1972309193827757,47
5156,2,6923,3685,3238,0,0,0,1.0,1,1.0,1,1.0,1,0.16192653260217105,47
5157,0,6923,3685,3238,0,0,0,1.0,1,1.0,1,1.0,1,0.17284517110334305,46
5158,2,6925,3685,3240,0,0,0,1.0,1,1.0,1,1.0,1,0.14753706570813427,47
5159,1,6926,3685,3241,0,0,0,1.0,1,1.0,1,1.0,1,0.14691358469186602,49
5160,1,6927,3685,3242,0,0,0,1.0,1,1.0,1,1.0,1,0.14634090093677232,48
5161,2,6929,3685,3244,0,0,0,1.0,1,1.0,1,1.0,1,0.12900900759617906,48
5162,0,6929,3685,3244,0,0,0,1.0,1,1.0,1,1.0,1,0.11966324211909288,49
5163,1,6930,3685,3245,0,0,0,1.0,1,1.0,1,1.0,1,0.11643675465849669,51
5164,0,6930,3685,3245,0,0,0,1.0,1,1.0,1,1.0,1,0.11643675465849669,51
5165,1,6931,3685,3246,0,0,0,1.0,1,1.0,1,1.0,1,0.12044976559527226,52
5166,3,6934,3687,3247,0,0,0,1.0,1,1.0,1,1.0,1,0.1081843211297331,52
5167,2,6936,3688,3248,0,0,0,1.0,1,1.0,1,1.0,1,0.09359879652329363,52
5168,0,6936,3688,3248,0,0,0,1.0,1,1.0,1,1.0,1,0.09359879652329363,52
5169,1,6937,3689,3248,0,0,0,1.0,1,1.0,1,1.0,1,0.09491060746750318,53
5170,1,6938,3689,3249,0,0,0,1.0,1,1.0,1,1.0,1,0.08124925251984555,53
5171,1,6939,3689,3250,0,0,0,1.0,1,1.0,1,1.0,1,0.06917605160944354,52
5172,1,6940,3690,3250,0,0,0,1.0,1,1.0,1,1.0,1,0.06376152590805034,53
5173,2,6942,3690,3252,0,0,0,1.0,1,1.0,1,1.0,1,0.06434157808309723,54
5174,0,6942,3690,3252,0,0,0,1.0,1,1.0,1,1.0,1,0.06925360019127805,56
5175,1,6943,3691,3252,0,0,0,1.0,1,1.0,1,1.0,1,0.06840241116922109,58
5176,2,6945,3692,3253,0,0,0,1.0,1,1.0,1,1.0,1,0.08634052922526356,58
5177,1,6946,3692,3254,0,0,0,1.0,1,1.0,1,1.0,1,0.09401153915717951,59
5178,2,6948,3694,3254,0,0,0,1.0,1,1.0,1,1.0,1,0.11608007092694647,57
5179,3,6951,3694,3257,0,0,0,1.0,1,1.0,1,1.0,1,0.08571232504813027,58
5180,0,6951,3694,3257,0,0,0,1.0,1,1.0,1,1.0,1,0.0639607949916646,56
5181,2,6953,3696,3257,0,0,0,1.0,1,1.0,1,1.0,1,0.09951646201385994,57
5182,0,6953,3696,3257,0,0,0,1.0,1,1.0,1,1.0,1,0.09096697027928048,56
5183,3,6956,3698,3258,0,0,0,1.0,1,1.0,1,1.0,1,0.13888044323267773,57
5184,0,6956,3698,3258,0,0,0,1.0,1,1.0,1,1.0,1,0.14385828696218567,56
5185,2,6958,3698,3260,0,0,0,1.0,1,1.0,1,1.0,1,0.14340001002203576,56
5186,2,6960,3699,3261,0,0,0,1.0,1,1.0,1,1.0,1,0.14221786535909944,54
5187,0,6960,3699,3261,0,0,0,1.0,1,1.0,1,1.0,1,0.13401214257904048,51
5188,1,6961,3699,3262,0,0,0,1.0,1,1.0,1,1.0,1,0.10744532546419475,50
5189,0,6961,3699,3262,0,0,0,1.0,1,1.0,1,1.0,1,0.12875286940184333,49
5190,1,6962,3700,3262,0,0,0,1.0,1,1.0,1,1.0,1,0.12327406560973338,50
5191,1,6963,3700,3263,0,0,0,1.0,1,1.0,1,1.0,1,0.11302497500047405,50
5192,2,6965,3702,3263,0,0,0,1.0,1,1.0,1,1.0,1,0.1097505814216884,49
5193,0,6965,3702,3263,0,0,0,1.0,1,1.0,1,1.0,1,0.12588377304546894,50
5194,5,6970,3703,3267,0,0,0,1.0,1,1.0,1,1.0,1,0.09916171283847643,51
5195,1,6971,3704,3267,0,0,0,1.0,1,1.0,1,1.0,1,0.12045649390066344,51
5196,0,6971,3704,3267,0,0,0,1.0,1,1.0,1,1.0,1,0.12045649390066344,51
5197,0,6971,3704,3267,0,0,0,1.0,1,1.0,1,1.0,1,0.12045649390066344,51
5198,0,6971,3704,3267,0,0,0,1.0,1,1.0,1,1.0,1,0.12045649390066344,51
5199,0,6971,3704,3267,0,0,0,1.0,1,1.0,1,1.0,1,0.10149794718570565,54
5200,1,6972,3705,3267,0,0,0,1.0,1,1.0,1,1.0,1,0.10051417716708026,54
5201,2,6974,3707,3267,0,0,0,1.0,1,1.0,1,1.0,1,0.12340352943227373,55
5202,1,6975,3707,3268,0,0,0,1.0,1,1.0,1,1.0,1,0.1206719720836328,56
5203,0,6975,3707,3268,0,0,0,1.0,1,1.0,1,1.0,1,0.1206719720836328,56
5204,1,6976,3708,3268,0,0,0,1.0,1,1.0,1,1.0,1,0.11925886658160086,58
5205,1,6977,3708,3269,0,0,0,1.0,1,1.0,1,1.0,1,0.10513416318673845,58
5206,3,6980,3709,3271,0,0,0,1.0,1,1.0,1,1.0,1,0.08981694181004768,58
5207,0,6980,3709,3271,0,0,0,1.0,1,1.0,1,1.0,1,0.09836660056834719,59
5208,1,6981,3710,3271,0,0,0,1.0,1,1.0,1,1.0,1,0.10552632929972598,58
5209,1,6982,3710,3272,0,0,0,1.0,1,1.0,1,1.0,1,0.09207744618406649,58
5210,1,6983,3710,3273,0,0,0,1.0,1,1.0,1,1.0,1,0.0774532961835046,57
5211,0,6983,3710,3273,0,0,0,1.0,1,1.0,1,1.0,1,0.0774532961835046,57
5212,2,6985,3710,3275,0,0,0,1.0,1,1.0,1,1.0,1,0.07150657627479111,59
5213,4,6989,3712,3277,0,0,0,1.0,1,1.0,1,1.0,1,0.10705432749846687,59
5214,2,6991,3713,3278,0,0,0,1.0,1,1.0,1,1.0,1,0.15256293787931474,59
5215,3,6994,3714,3280,0,0,0,1.0,1,1.0,1,1.0,1,0.17468729573942487,58
5216,2,6996,3715,3281,0,0,0,1.0,1,1.0,1,1.0,1,0.1654808519511753,59
5217,3,6999,3717,3282,0,0,0,1.0,1,1.0,1,1.0,1,0.1394921455756376,58
5218,4,7003,3719,3284,0,0,0,1.0,1,1.0,1,1.0,1,0.15079852710634825,58
5219,2,7005,3720,3285,0,0,0,1.0,1,1.0,1,1.0,1,0.14226891680986273,57
5220,0,7005,3720,3285,0,0,0,1.0,1,1.0,1,1.0,1,0.1234997427280085,56
5221,1,7006,3720,3286,0,0,0,1.0,1,1.0,1,1.0,1,0.1275658924138858,58
5222,0,7006,3720,3286,0,0,0,1.0,1,1.0,1,1.0,1,0.11085683170902735,56
5223,3,7009,3722,3287,0,0,0,1.0,1,1.0,1,1.0,1,0.15725572932091886,55
5224,0,7009,3722,3287,0,0,0,1.0,1,1.0,1,1.0,1,0.1632547191591756,56
5225,2,7011,3723,3288,0,0,0,1.0,1,1.0,1,1.0,1,0.19601231669088315,55
5226,1,7012,3723,3289,0,0,0,1.0,1,1.0,1,1.0,1,0.18724322510070773,55
5227,1,7013,3723,3290,0,0,0,1.0,1,1.0,1,1.0,1,0.1705966565387625,53
5228,1,7014,3723,3291,0,0,0,1.0,1,1.0,1,1.0,1,0.15595842572639795,51
5229,0,7014,3723,3291,0,0,0,1.0,1,1.0,1,1.0,1,0.13480337466399392,51
5230,0,7014,3723,3291,0,0,0,1.0,1,1.0,1,1.0,1,0.1363617645966685,51
5231,1,7015,3724,3291,0,0,0,1.0,1,1.0,1,1.0,1,0.16806861785136443,52
5232,1,7016,3725,3291,0,0,0,1.0,1,1.0,1,1.0,1,0.2079795144306053,52
5233,1,7017,3726,3291,0,0,0,1.0,1,1.0,1,1.0,1,0.21134922662559502,53
5234,4,7021,3727,3294,0,0,0,1.0,1,1.0,1,1.0,1,0.21196185508173493,53
5235,0,7021,3727,3294,0,0,0,1.0,1,1.0,1,1.0,1,0.21196185508173493,53
5236,4,7025,3727,3298,0,0,0,1.0,1,1.0,1,1.0,1,0.1846640821228395,52
5237,1,7026,3727,3299,0,0,0,1.0,1,1.0,1,1.0,1,0.1967243418931376,52
5238,1,7027,3727,3300,0,0,0,1.0,1,1.0,1,1.0,1,0.1867873574100704,52
5239,2,7029,3727,3302,0,0,0,1.0,1,1.0,1,1.0,1,0.1783997985475426,51
5240,1,7030,3727,3303,0,0,0,1.0,1,1.0,1,1.0,1,0.17625987828498535,53
5241,1,7031,3727,3304,0,0,0,1.0,1,1.0,1,1.0,1,0.18076872444836592,53
5242,2,7033,3728,3305,0,0,0,1.0,1,1.0,1,1.0,1,0.16963744081757412,51
5243,3,7036,3729,3307,0,0,0,1.0,1,1.0,1,1.0,1,0.17681906314866092,51
5244,1,7037,3730,3307,0,0,0,1.0,1,1.0,1,1.0,1,0.1787198896716495,52
5245,4,7041,3732,3309,0,0,0,1.0,1,1.0,1,1.0,1,0.15586797022869361,53
5246,1,7042,3732,3310,0,0,0,1.0,1,1.0,1,1.0,1,0.1480332301324236,53
5247,3,7045,3733,3312,0,0,0,1.0,1,1.0,1,1.0,1,0.12489222683310251,54
5248,0,7045,3733,3312,0,0,0,1.0,1,1.0,1,1.0,1,0.11500268636565279,54
5249,0,7045,3733,3312,0,0,0,1.0,1,1.0,1,1.0,1,0.09805896522478233,55
5250,2,7047,3733,3314,0,0,0,1.0,1,1.0,1,1.0,1,0.09890304789222218,57
5251,1,7048,3733,3315,0,0,0,1.0,1,1.0,1,1.0,1,0.07435216994341393,58
5252,2,7050,3735,3315,0,0,0,1.0,1,1.0,1,1.0,1,0.09930574975671896,58
5253,3,7053,3737,3316,0,0,0,1.0,1,1.0,1,1.0,1,0.12981067149333678,58
5254,1,7054,3738,3316,0,0,0,1.0,1,1.0,1,1.0,1,0.1548331421024068,59
5255,3,7057,3740,3317,0,0,0,1.0,1,1.0,1,1.0,1,0.1586966164435422,58
5256,0,7057,3740,3317,0,0,0,1.0,1,1.0,1,1.0,1,0.16527728434643446,58
5257,1,7058,3741,3317,0,0,0,1.0,1,1.0,1,1.0,1,0.18223007468133073,57
5258,1,7059,3741,3318,0,0,0,1.0,1,1.0,1,1.0,1,0.1490714701038466,55
5259,0,7059,3741,3318,0,0,0,1.0,1,1.0,1,1.0,1,0.14425344636132495,56
5260,1,7060,3741,3319,0,0,0,1.0,1,1.0,1,1.0,1,0.12437477070462187,55
5261,0,7060,3741,3319,0,0,0,1.0,1,1.0,1,1.0,1,0.11945045284954417,54
5262,1,7061,3742,3319,0,0,0,1.0,1,1.0,1,1.0,1,0.14277187563327207,54
5263,0,7061,3742,3319,0,0,0,1.0,1,1.0,1,1.0,1,0.15685862853582636,55
5264,2,7063,3743,3320,0,0,0,1.0,1,1.0,1,1.0,1,0.14905715571314732,53
5265,1,7064,3744,3320,0,0,0,1.0,1,1.0,1,1.0,1,0.1580886281126366,52
5266,2,7066,3744,3322,0,0,0,1.0,1,1.0,1,1.0,1,0.13885171221520679,49
5267,3,7069,3745,3324,0,0,0,1.0,1,1.0,1,1.0,1,0.15369148121681625,49
5268,1,7070,3746,3324,0,0,0,1.0,1,1.0,1,1.0,1,0.1857278261168906,46
5269,5,7075,3747,3328,0,0,0,1.0,1,1.0,1,1.0,1,0.12160882862168727,45
5270,2,7077,3748,3329,0,0,0,1.0,1,1.0,1,1.0,1,0.11149981163728827,46
5271,4,7081,3750,3331,0,0,0,1.0,1,1.0,1,1.0,1,0.12568854563267406,46
5272,3,7084,3750,3334,0,0,0,1.0,1,1.0,1,1.0,1,0.08070915342360206,45
5273,0,7084,3750,3334,0,0,0,1.0,1,1.0,1,1.0,1,0.099312228660261,45
5274,0,7084,3750,3334,0,0,0,1.0,1,1.0,1,1.0,1,0.09859707666977101,45
5275,4,7088,3753,3335,0,0,0,1.0,1,1.0,1,1.0,1,0.13498184738792923,46
5276,4,7092,3756,3336,0,0,0,1.0,1,1.0,1,1.0,1,0.18232494207695688,45
5277,1,7093,3756,3337,0,0,0,1.0,1,1.0,1,1.0,1,0.16201828044273694,45
5278,4,7097,3758,3339,0,0,0,1.0,1,1.0,1,1.0,1,0.17246963617381167,44
5279,1,7098,3759,3339,0,0,0,1.0,1,1.0,1,1.0,1,0.20152140554540637,45
5280,2,7100,3760,3340,0,0,0,1.0,1,1.0,1,1.0,1,0.18273277220416903,46
5281,0,7100,3760,3340,0,0,0,1.0,1,1.0,1,1.0,1,0.18273277220416903,46
5282,2,7102,3761,3341,0,0,0,1.0,1,1.0,1,1.0,1,0.1975480014953933,47
5283,0,7102,3761,3341,0,0,0,1.0,1,1.0,1,1.0,1,0.20934686008095788,48
5284,1,7103,3761,3342,0,0,0,1.0,1,1.0,1,1.0,1,0.19903918608986698,48
5285,0,7103,3761,3342,0,0,0,1.0,1,1.0,1,1.0,1,0.1762062073581814,48
5286,1,7104,3761,3343,0,0,0,1.0,1,1.0,1,1.0,1,0.17186590462108997,50
5287,2,7106,3761,3345,0,0,0,1.0,1,1.0,1,1.0,1,0.1529813639169159,50
5288,0,7106,3761,3345,0,0,0,1.0,1,1.0,1,1.0,1,0.1457079852817558,51
5289,0,7106,3761,3345,0,0,0,1.0,1,1.0,1,1.0,1,0.1457079852817558,51
5290,1,7107,3761,3346,0,0,0,1.0,1,1.0,1,1.0,1,0.13163704122599187,52
5291,2,7109,3763,3346,0,0,0,1.0,1,1.0,1,1.0,1,0.14458687287467994,52
5292,1,7110,3763,3347,0,0,0,1.0,1,1.0,1,1.0,1,0.1406715957153159,53
5293,1,7111,3764,3347,0,0,0,1.0,1,1.0,1,1.0,1,0.1611191493169958,51
5294,0,7111,3764,3347,0,0,0,1.0,1,1.0,1,1.0,1,0.14780636331162084,50
5295,0,7111,3764,3347,0,0,0,1.0,1,1.0,1,1.0,1,0.17209570130919982,49
5296,0,7111,3764,3347,0,0,0,1.0,1,1.0,1,1.0,1,0.1709687820743816,48
5297,0,7111,3764,3347,0,0,0,1.0,1,1.0,1,1.0,1,0.1951708991799946,46
5298,0,7111,3764,3347,0,0,0,1.0,1,1.0,1,1.0,1,0.195904883564313,46
5299,1,7112,3765,3347,0,0,0,1.0,1,1.0,1,1.0,1,0.220834113175591,47
5300,0,7112,3765,3347,0,0,0,1.0,1,1.0,1,1.0,1,0.1984644154327774,48
5301,0,7112,3765,3347,0,0,0,1.0,1,1.0,1,1.0,1,0.1984644154327774,48
5302,1,7113,3766,3347,0,0,0,1.0,1,1.0,1,1.0,1,0.22211518326257346,49
5303,0,7113,3766,3347,0,0,0,1.0,1,1.0,1,1.0,1,0.22137083905823052,48
5304,1,7114,3767,3347,0,0,0,1.0,1,1.0,1,1.0,1,0.20294403336970485,48
5305,0,7114,3767,3347,0,0,0,1.0,1,1.0,1,1.0,1,0.21035302016425977,47
5306,2,7116,3769,3347,0,0,0,1.0,1,1.0,1,1.0,1,0.21265121357857553,48
5307,1,7117,3770,3347,0,0,0,1.0,1,1.0,1,1.0,1,0.22570067732895283,48
5308,1,7118,3770,3348,0,0,0,1.0,1,1.0,1,1.0,1,0.20540886358907012,47
5309,1,7119,3770,3349,0,0,0,1.0,1,1.0,1,1.0,1,0.2063500786065111,46
5310,1,7120,3770,3350,0,0,0,1.0,1,1.0,1,1.0,1,0.19724058312363008,46
5311,2,7122,3771,3351,0,0,0,1.0,1,1.0,1,1.0,1,0.15535567864456024,46
5312,0,7122,3771,3351,0,0,0,1.0,1,1.0,1,1.0,1,0.17927746031714983,46
5313,2,7124,3771,3353,0,0,0,1.0,1,1.0,1,1.0,1,0.17303096952807137,46
5314,2,7126,3771,3355,0,0,0,1.0,1,1.0,1,1.0,1,0.15450256989631264,46
5315,1,7127,3771,3356,0,0,0,1.0,1,1.0,1,1.0,1,0.13765076605973953,47
5316,2,7129,3771,3358,0,0,0,1.0,1,1.0,1,1.0,1,0.14222647212076758,48
5317,1,7130,3771,3359,0,0,0,1.0,1,1.0,1,1.0,1,0.1262909581247531,49
5318,5,7135,3775,3360,0,0,0,1.0,1,1.0,1,1.0,1,0.08440301936257885,49
5319,1,7136,3776,3360,0,0,0,1.0,1,1.0,1,1.0,1,0.10854503556160744,50
5320,3,7139,3777,3362,0,0,0,1.0,1,1.0,1,1.0,1,0.09043353300262118,51
5321,0,7139,3777,3362,0,0,0,1.0,1,1.0,1,1.0,1,0.07164807338866172,52
5322,0,7139,3777,3362,0,0,0,1.0,1,1.0,1,1.0,1,0.08488469803503845,53
5323,1,7140,3777,3363,0,0,0,1.0,1,1.0,1,1.0,1,0.053692006332742216,53
5324,1,7141,3777,3364,0,0,0,1.0,1,1.0,1,1.0,1,0.035716277680581214,55
5325,1,7142,3778,3364,0,0,0,1.0,1,1.0,1,1.0,1,0.04798537010781222,55
5326,3,7145,3780,3365,0,0,0,1.0,1,1.0,1,1.0,1,0.023766021272535968,55
5327,1,7146,3781,3365,0,0,0,1.0,1,1.0,1,1.0,1,0.05775629964890359,56
5328,2,7148,3782,3366,0,0,0,1.0,1,1.0,1,1.0,1,0.04560211425607154,57
5329,1,7149,3783,3366,0,0,0,1.0,1,1.0,1,1.0,1,0.06843163809448934,57
5330,2,7151,3784,3367,0,0,0,1.0,1,1.0,1,1.0,1,0.07094316704170864,56
5331,1,7152,3785,3367,0,0,0,1.0,1,1.0,1,1.0,1,0.07638130292543001,57
5332,1,7153,3785,3368,0,0,0,1.0,1,1.0,1,1.0,1,0.05968793459215704,58
5333,2,7155,3786,3369,0,0,0,1.0,1,1.0,1,1.0,1,0.058722461777841774,59
5334,1,7156,3787,3369,0,0,0,1.0,1,1.0,1,1.0,1,0.0721030231396939,59
5335,0,7156,3787,3369,0,0,0,1.0,1,1.0,1,1.0,1,0.06135963640217787,58
5336,2,7158,3788,3370,0,0,0,1.0,1,1.0,1,1.0,1,0.056848419457647265,59
5337,0,7158,3788,3370,0,0,0,1.0,1,1.0,1,1.0,1,0.05195073864395266,60
5338,2,7160,3790,3370,0,0,0,1.0,1,1.0,1,1.0,1,0.07250638103622928,60
5339,0,7160,3790,3370,0,0,0,1.0,1,1.0,1,1.0,1,0.07250638103622928,60
5340,4,7164,3793,3371,0,0,0,1.0,1,1.0,1,1.0,1,0.10496320089756646,60
5341,3,7167,3794,3373,0,0,0,1.0,1,1.0,1,1.0,1,0.11227976726457722,61
5342,2,7169,3795,3374,0,0,0,1.0,1,1.0,1,1.0,1,0.07981801010398264,59
5343,1,7170,3796,3374,0,0,0,1.0,1,1.0,1,1.0,1,0.11319087443855652,58
5344,1,7171,3796,3375,0,0,0,1.0,1,1.0,1,1.0,1,0.0991222309984352,58
5345,2,7173,3798,3375,0,0,0,1.0,1,1.0,1,1.0,1,0.09796873949731129,54
5346,0,7173,3798,3375,0,0,0,1.0,1,1.0,1,1.0,1,0.09796873949731129,54
5347,4,7177,3802,3375,0,0,0,1.0,1,1.0,1,1.0,1,0.10379288797186341,54
5348,2,7179,3802,3377,0,0,0,1.0,1,1.0,1,1.0,1,0.09865972903842445,55
5349,1,7180,3803,3377,0,0,0,1.0,1,1.0,1,1.0,1,0.13046547834116115,56
5350,4,7184,3804,3380,0,0,0,1.0,1,1.0,1,1.0,1,0.10845926868627952,56
5351,0,7184,3804,3380,0,0,0,1.0,1,1.0,1,1.0,1,0.09325664621356251,57
5352,1,7185,3805,3380,0,0,0,1.0,1,1.0,1,1.0,1,0.11710272332845587,57
5353,3,7188,3806,3382,0,0,0,1.0,1,1.0,1,1.0,1,0.08516956614020357,57
5354,0,7188,3806,3382,0,0,0,1.0,1,1.0,1,1.0,1,0.0920890741792485,56
5355,0,7188,3806,3382,0,0,0,1.0,1,1.0,1,1.0,1,0.08524262144567098,57
5356,0,7188,3806,3382,0,0,0,1.0,1,1.0,1,1.0,1,0.09764263784263308,56
5357,1,7189,3806,3383,0,0,0,1.0,1,1.0,1,1.0,1,0.1104086792194683,56
5358,1,7190,3806,3384,0,0,0,1.0,1,1.0,1,1.0,1,0.08399210310795967,57
5359,1,7191,3807,3384,0,0,0,1.0,1,1.0,1,1.0,1,0.09584226606137114,57
5360,0,7191,3807,3384,0,0,0,1.0,1,1.0,1,1.0,1,0.11793118505265333,55
5361,4,7195,3810,3385,0,0,0,1.0,1,1.0,1,1.0,1,0.1576833543967751,56
5362,1,7196,3810,3386,0,0,0,1.0,1,1.0,1,1.0,1,0.12294910099134009,57
5363,1,7197,3811,3386,0,0,0,1.0,1,1.0,1,1.0,1,0.14429435223761786,57
5364,0,7197,3811,3386,0,0,0,1.0,1,1.0,1,1.0,1,0.1537309133395822,58
5365,0,7197,3811,3386,0,0,0,1.0,1,1.0,1,1.0,1,0.13770363077768094,59
5366,2,7199,3812,3387,0,0,0,1.0,1,1.0,1,1.0,1,0.14563661273277573,60
5367,1,7200,3813,3387,0,0,0,1.0,1,1.0,1,1.0,1,0.16788858221558922,60
5368,0,7200,3813,3387,0,0,0,1.0,1,1.0,1,1.0,1,0.1618477117783179,58
5369,2,7202,3815,3387,0,0,0,1.0,1,1.0,1,1.0,1,0.1705650689900877,58
5370,0,7202,3815,3387,0,0,0,1.0,1,1.0,1,1.0,1,0.16490914302863985,57
5371,3,7205,3818,3387,0,0,0,1.0,1,1.0,1,1.0,1,0.2225607727444991,56
5372,1,7206,3819,3387,0,0,0,1.0,1,1.0,1,1.0,1,0.1957112250597198,55
5373,6,7212,3823,3389,0,0,0,1.0,1,1.0,1,1.0,1,0.22116797897306442,54
5374,2,7214,3824,3390,0,0,0,1.0,1,1.0,1,1.0,1,0.20143292342356806,53
5375,4,7218,3826,3392,0,0,0,1.0,1,1.0,1,1.0,1,0.1745985394333545,52
5376,2,7220,3828,3392,0,0,0,1.0,1,1.0,1,1.0,1,0.19674477898340242,52
5377,3,7223,3829,3394,0,0,0,1.0,1,1.0,1,1.0,1,0.15388704631947203,51
5378,2,7225,3831,3394,0,0,0,1.0,1,1.0,1,1.0,1,0.2187780733987941,52
5379,1,7226,3831,3395,0,0,0,1.0,1,1.0,1,1.0,1,0.18846017587678815,50
5380,1,7227,3832,3395,0,0,0,1.0,1,1.0,1,1.0,1,0.22334927020986645,51
5381,2,7229,3833,3396,0,0,0,1.0,1,1.0,1,1.0,1,0.20882838310781968,50
5382,0,7229,3833,3396,0,0,0,1.0,1,1.0,1,1.0,1,0.21770733279018512,48
5383,2,7231,3833,3398,0,0,0,1.0,1,1.0,1,1.0,1,0.19758539268424397,48
5384,2,7233,3833,3400,0,0,0,1.0,1,1.0,1,1.0,1,0.17674148308345713,48
5385,0,7233,3833,3400,0,0,0,1.0,1,1.0,1,1.0,1,0.18471412697912948,47
5386,6,7239,3837,3402,0,0,0,1.0,1,1.0,1,1.0,1,0.17511112623483463,48
5387,2,7241,3838,3403,0,0,0,1.0,1,1.0,1,1.0,1,0.17177271671145608,48
5388,0,7241,3838,3403,0,0,0,1.0,1,1.0,1,1.0,1,0.17177271671145608,48
5389,3,7244,3839,3405,0,0,0,1.0,1,1.0,1,1.0,1,0.1156824777631277,50
5390,2,7246,3840,3406,0,0,0,1.0,1,1.0,1,1.0,1,0.10923526706341669,52
5391,0,7246,3840,3406,0,0,0,1.0,1,1.0,1,1.0,1,0.10923526706341669,52
5392,1,7247,3840,3407,0,0,0,1.0,1,1.0,1,1.0,1,0.11630688924091238,51
5393,2,7249,3841,3408,0,0,0,1.0,1,1.0,1,1.0,1,0.11394688876957776,50
5394,0,7249,3841,3408,0,0,0,1.0,1,1.0,1,1.0,1,0.11184408365320503,50
5395,1,7250,3842,3408,0,0,0,1.0,1,1.0,1,1.0,1,0.13615085551421055,49
5396,3,7253,3842,3411,0,0,0,1.0,1,1.0,1,1.0,1,0.09829735388574022,48
5397,1,7254,3843,3411,0,0,0,1.0,1,1.0,1,1.0,1,0.08592284828237234,48
5398,3,7257,3844,3413,0,0,0,1.0,1,1.0,1,1.0,1,0.10471857432201556,46
5399,3,7260,3847,3413,0,0,0,1.0,1,1.0,1,1.0,1,0.11096339479171985,46
5400,3,7263,3849,3414,0,0,0,1.0,1,1.0,1,1.0,1,0.1047429833424438,48
5401,1,7264,3849,3415,0,0,0,1.0,1,1.0,1,1.0,1,0.0667130984848645,49
5402,0,7264,3849,3415,0,0,0,1.0,1,1.0,1,1.0,1,0.0,0
