,SuccessfulHandoverCount,TotalSuccessfulHandoverCount,TotalSuccessfulHandoverCountRange,TotalSuccessfulHandoverCountLoadBalancing,TotalSuccessfulHandoverCountOverload,FailedHandoverCount,TotalFailedHandoverCount,AvgQoS,MinQoS,AvgQoS_LoadBased,MinQoS_LoadBased,AvgQoS_RangeBased,MinQoS_RangeBased,GiniLoad,VehicleCount
0,0,0,0,0,0,0,0,1.0,1,1.0,1,1.0,1,0.0,0
1,11,11,0,11,0,0,0,1.0,1,1.0,1,1.0,1,0.2655473127736556,26
2,9,20,0,20,0,0,0,1.0,1,1.0,1,1.0,1,0.16272431613789476,27
3,4,24,0,24,0,0,0,1.0,1,1.0,1,1.0,1,0.20302059887784218,28
4,5,29,0,29,0,0,0,1.0,1,1.0,1,1.0,1,0.17593128176082087,29
5,5,34,0,34,0,0,0,1.0,1,1.0,1,1.0,1,0.18504327244413957,29
6,6,40,0,40,0,0,0,1.0,1,1.0,1,1.0,1,0.23297775368904033,32
7,7,47,0,47,0,0,0,1.0,1,1.0,1,1.0,1,0.2523105710181928,33
8,13,60,0,60,0,0,0,1.0,1,1.0,1,1.0,1,0.13169774894319916,35
9,13,73,0,73,0,0,0,1.0,1,1.0,1,1.0,1,0.22498150261032737,35
10,10,83,0,83,0,0,0,1.0,1,1.0,1,1.0,1,0.21350498429896592,35
11,12,95,0,95,0,0,0,1.0,1,1.0,1,1.0,1,0.1417750746981574,35
12,6,101,0,101,0,0,0,1.0,1,1.0,1,1.0,1,0.15591808561609136,34
13,9,110,0,110,0,0,0,1.0,1,1.0,1,1.0,1,0.17991427768623428,32
14,7,117,2,115,0,0,0,1.0,1,1.0,1,1.0,1,0.3022513203669301,31
15,5,122,2,120,0,0,0,1.0,1,1.0,1,1.0,1,0.2868579905958236,30
16,8,130,2,128,0,0,0,1.0,1,1.0,1,1.0,1,0.35737090004843247,30
17,5,135,2,133,0,0,0,1.0,1,1.0,1,1.0,1,0.3092729774945912,29
18,6,141,3,138,0,0,0,1.0,1,1.0,1,1.0,1,0.413014622372432,29
19,7,148,3,145,0,0,0,1.0,1,1.0,1,1.0,1,0.3751600807273033,28
20,8,156,3,153,0,0,0,1.0,1,1.0,1,1.0,1,0.41698725830741096,28
21,8,164,3,161,0,0,0,1.0,1,1.0,1,1.0,1,0.3075127322479221,28
22,8,172,5,167,0,0,0,1.0,1,1.0,1,1.0,1,0.3062392639425979,28
23,4,176,5,171,0,0,0,1.0,1,1.0,1,1.0,1,0.32488869107242657,27
24,6,182,6,176,0,0,0,1.0,1,1.0,1,1.0,1,0.28194307098157306,28
25,8,190,6,184,0,0,0,1.0,1,1.0,1,1.0,1,0.24847430979905957,28
26,1,191,7,184,0,0,0,1.0,1,1.0,1,1.0,1,0.22893684325135885,30
27,0,191,7,184,0,0,0,1.0,1,1.0,1,1.0,1,0.2268283139572385,30
28,2,193,8,185,0,0,0,1.0,1,1.0,1,1.0,1,0.20092835272707354,31
29,0,193,8,185,0,0,0,1.0,1,1.0,1,1.0,1,0.19708280638400447,30
30,1,194,9,185,0,0,0,1.0,1,1.0,1,1.0,1,0.18170809568745475,30
31,1,195,10,185,0,0,0,1.0,1,1.0,1,1.0,1,0.2273185593928311,31
32,2,197,11,186,0,0,0,1.0,1,1.0,1,1.0,1,0.21284062213566238,31
33,1,198,12,186,0,0,0,1.0,1,1.0,1,1.0,1,0.30706373271324816,31
34,2,200,13,187,0,0,0,1.0,1,1.0,1,1.0,1,0.2641797017153606,29
35,0,200,13,187,0,0,0,1.0,1,1.0,1,1.0,1,0.26418191148307635,30
36,0,200,13,187,0,0,0,1.0,1,1.0,1,1.0,1,0.27897203223669537,30
37,2,202,14,188,0,0,0,1.0,1,1.0,1,1.0,1,0.20118416693885394,31
38,0,202,14,188,0,0,0,1.0,1,1.0,1,1.0,1,0.19894880123150632,32
39,1,203,14,189,0,0,0,1.0,1,1.0,1,1.0,1,0.2006917570074447,36
40,0,203,14,189,0,0,0,1.0,1,1.0,1,1.0,1,0.20255608567586686,37
41,0,203,14,189,0,0,0,1.0,1,1.0,1,1.0,1,0.20255608567586686,37
42,2,205,14,191,0,0,0,1.0,1,1.0,1,1.0,1,0.15529847546555273,38
43,2,207,15,192,0,0,0,1.0,1,1.0,1,1.0,1,0.19823024191393138,40
44,1,208,16,192,0,0,0,1.0,1,1.0,1,1.0,1,0.24520702781528053,39
45,1,209,17,192,0,0,0,1.0,1,1.0,1,1.0,1,0.2994265122297143,40
46,0,209,17,192,0,0,0,1.0,1,1.0,1,1.0,1,0.28525525672367746,39
47,1,210,18,192,0,0,0,1.0,1,1.0,1,1.0,1,0.30096932902812434,39
48,0,210,18,192,0,0,0,1.0,1,1.0,1,1.0,1,0.30096932902812434,39
49,0,210,18,192,0,0,0,1.0,1,1.0,1,1.0,1,0.2956807173165895,37
50,1,211,19,192,0,0,0,1.0,1,1.0,1,1.0,1,0.3064423966110237,35
51,2,213,20,193,0,0,0,1.0,1,1.0,1,1.0,1,0.28270342328616527,34
52,2,215,20,195,0,0,0,1.0,1,1.0,1,1.0,1,0.3119440350493407,34
53,0,215,20,195,0,0,0,1.0,1,1.0,1,1.0,1,0.30602989583528395,35
54,3,218,20,198,0,0,0,1.0,1,1.0,1,1.0,1,0.24676887021286076,36
55,3,221,22,199,0,0,0,1.0,1,1.0,1,1.0,1,0.21576038122771815,36
56,1,222,23,199,0,0,0,1.0,1,1.0,1,1.0,1,0.2597850951838111,36
57,1,223,23,200,0,0,0,1.0,1,1.0,1,1.0,1,0.257681614934314,37
58,4,227,26,201,0,0,0,1.0,1,1.0,1,1.0,1,0.28302163473946845,38
59,2,229,27,202,0,0,0,1.0,1,1.0,1,1.0,1,0.28662944339941293,37
60,1,230,27,203,0,0,0,1.0,1,1.0,1,1.0,1,0.2605547235094506,38
61,1,231,28,203,0,0,0,1.0,1,1.0,1,1.0,1,0.2888271497865048,37
62,0,231,28,203,0,0,0,1.0,1,1.0,1,1.0,1,0.2917945476600541,39
63,2,233,29,204,0,0,0,1.0,1,1.0,1,1.0,1,0.2977175015355033,39
64,2,235,30,205,0,0,0,1.0,1,1.0,1,1.0,1,0.29726488997868394,38
65,5,240,32,208,0,0,0,1.0,1,1.0,1,1.0,1,0.29429686048507125,39
66,3,243,34,209,0,0,0,1.0,1,1.0,1,1.0,1,0.30883655570806595,39
67,0,243,34,209,0,0,0,1.0,1,1.0,1,1.0,1,0.3255544235687023,36
68,0,243,34,209,0,0,0,1.0,1,1.0,1,1.0,1,0.3536584506971053,36
69,0,243,34,209,0,0,0,1.0,1,1.0,1,1.0,1,0.36022936719428167,37
70,0,243,34,209,0,0,0,1.0,1,1.0,1,1.0,1,0.3778636467749686,36
71,4,247,35,212,0,0,0,1.0,1,1.0,1,1.0,1,0.335997652180233,38
72,3,250,37,213,0,0,0,1.0,1,1.0,1,1.0,1,0.35761705543780736,38
73,1,251,37,214,0,0,0,1.0,1,1.0,1,1.0,1,0.3465534435951257,37
74,2,253,37,216,0,0,0,1.0,1,1.0,1,1.0,1,0.3017340105577325,38
75,1,254,38,216,0,0,0,1.0,1,1.0,1,1.0,1,0.2926637225947757,38
76,2,256,39,217,0,0,0,1.0,1,1.0,1,1.0,1,0.2792205029079398,39
77,2,258,39,219,0,0,0,1.0,1,1.0,1,1.0,1,0.26073787753826455,40
78,0,258,39,219,0,0,0,1.0,1,1.0,1,1.0,1,0.26600048291837447,41
79,0,258,39,219,0,0,0,1.0,1,1.0,1,1.0,1,0.26600048291837447,41
80,0,258,39,219,0,0,0,1.0,1,1.0,1,1.0,1,0.26600048291837447,41
81,0,258,39,219,0,0,0,1.0,1,1.0,1,1.0,1,0.28370729134524664,41
82,2,260,39,221,0,0,0,1.0,1,1.0,1,1.0,1,0.27762215083771713,44
83,2,262,39,223,0,0,0,1.0,1,1.0,1,1.0,1,0.23520772661314016,44
84,0,262,39,223,0,0,0,1.0,1,1.0,1,1.0,1,0.23399691729720531,45
85,0,262,39,223,0,0,0,1.0,1,1.0,1,1.0,1,0.23399691729720531,45
86,0,262,39,223,0,0,0,1.0,1,1.0,1,1.0,1,0.23399691729720531,45
87,1,263,40,223,0,0,0,1.0,1,1.0,1,1.0,1,0.28005103358101424,44
88,0,263,40,223,0,0,0,1.0,1,1.0,1,1.0,1,0.28005103358101424,44
89,1,264,41,223,0,0,0,1.0,1,1.0,1,1.0,1,0.3052628539825278,43
90,1,265,41,224,0,0,0,1.0,1,1.0,1,1.0,1,0.34584034074299064,44
91,2,267,42,225,0,0,0,1.0,1,1.0,1,1.0,1,0.3573682881006964,44
92,3,270,42,228,0,0,0,1.0,1,1.0,1,1.0,1,0.3193839977468282,43
93,0,270,42,228,0,0,0,1.0,1,1.0,1,1.0,1,0.33475285783604714,44
94,1,271,43,228,0,0,0,1.0,1,1.0,1,1.0,1,0.32974178400894216,44
95,0,271,43,228,0,0,0,1.0,1,1.0,1,1.0,1,0.322471090343614,43
96,1,272,44,228,0,0,0,1.0,1,1.0,1,1.0,1,0.31273895596443113,44
97,1,273,45,228,0,0,0,1.0,1,1.0,1,1.0,1,0.3262256284494271,44
98,0,273,45,228,0,0,0,1.0,1,1.0,1,1.0,1,0.35024828155747406,43
99,0,273,45,228,0,0,0,1.0,1,1.0,1,1.0,1,0.35024828155747406,43
100,4,277,45,232,0,0,0,1.0,1,1.0,1,1.0,1,0.31725029710496505,47
101,3,280,45,235,0,0,0,1.0,1,1.0,1,1.0,1,0.27493458365483125,47
102,1,281,46,235,0,0,0,1.0,1,1.0,1,1.0,1,0.2879625215220914,47
103,1,282,47,235,0,0,0,1.0,1,1.0,1,1.0,1,0.30243278771394694,46
104,2,284,49,235,0,0,0,1.0,1,1.0,1,1.0,1,0.3271350628431899,45
105,4,288,51,237,0,0,0,1.0,1,1.0,1,1.0,1,0.3084917257155895,44
106,4,292,55,237,0,0,0,1.0,1,1.0,1,1.0,1,0.3065312353135571,45
107,1,293,56,237,0,0,0,1.0,1,1.0,1,1.0,1,0.29551000543841954,44
108,6,299,58,241,0,0,0,1.0,1,1.0,1,1.0,1,0.23899702097394268,46
109,2,301,59,242,0,0,0,1.0,1,1.0,1,1.0,1,0.20863511262596324,46
110,5,306,61,245,0,0,0,1.0,1,1.0,1,1.0,1,0.18134982640395772,46
111,2,308,62,246,0,0,0,1.0,1,1.0,1,1.0,1,0.18298665282989565,46
112,0,308,62,246,0,0,0,1.0,1,1.0,1,1.0,1,0.18298665282989565,46
113,0,308,62,246,0,0,0,1.0,1,1.0,1,1.0,1,0.1757917257695732,46
114,2,310,64,246,0,0,0,1.0,1,1.0,1,1.0,1,0.17388962836895142,46
115,1,311,65,246,0,0,0,1.0,1,1.0,1,1.0,1,0.21156865052868368,47
116,2,313,67,246,0,0,0,1.0,1,1.0,1,1.0,1,0.24511025697078695,47
117,3,316,68,248,0,0,0,1.0,1,1.0,1,1.0,1,0.26149264704016384,45
118,1,317,69,248,0,0,0,1.0,1,1.0,1,1.0,1,0.2667694798867764,46
119,0,317,69,248,0,0,0,1.0,1,1.0,1,1.0,1,0.27060541789236725,46
120,0,317,69,248,0,0,0,1.0,1,1.0,1,1.0,1,0.24940753982541597,47
121,1,318,70,248,0,0,0,1.0,1,1.0,1,1.0,1,0.2540108619980192,46
122,1,319,70,249,0,0,0,1.0,1,1.0,1,1.0,1,0.2623006783991171,46
123,0,319,70,249,0,0,0,1.0,1,1.0,1,1.0,1,0.28300983222429416,45
124,0,319,70,249,0,0,0,1.0,1,1.0,1,1.0,1,0.2744625860212209,46
125,2,321,72,249,0,0,0,1.0,1,1.0,1,1.0,1,0.29085379592488775,44
126,4,325,72,253,0,0,0,1.0,1,1.0,1,1.0,1,0.19905805794426024,45
127,2,327,72,255,0,0,0,1.0,1,1.0,1,1.0,1,0.18090834069678385,45
128,2,329,73,256,0,0,0,1.0,1,1.0,1,1.0,1,0.19600894428279808,46
129,0,329,73,256,0,0,0,1.0,1,1.0,1,1.0,1,0.17917155207375696,48
130,2,331,74,257,0,0,0,1.0,1,1.0,1,1.0,1,0.1923255151504461,48
131,3,334,74,260,0,0,0,1.0,1,1.0,1,1.0,1,0.16038635233560763,49
132,6,340,75,265,0,0,0,1.0,1,1.0,1,1.0,1,0.209576803204482,51
133,4,344,77,267,0,0,0,1.0,1,1.0,1,1.0,1,0.2592351768073183,49
134,6,350,81,269,0,0,0,1.0,1,1.0,1,1.0,1,0.2950069424402217,49
135,2,352,81,271,0,0,0,1.0,1,1.0,1,1.0,1,0.34348231812235935,49
136,9,361,84,277,0,0,0,1.0,1,1.0,1,1.0,1,0.3295695301560821,48
137,4,365,84,281,0,0,0,1.0,1,1.0,1,1.0,1,0.3294693119588222,47
138,5,370,86,284,0,0,0,1.0,1,1.0,1,1.0,1,0.2843676555738787,48
139,2,372,87,285,0,0,0,1.0,1,1.0,1,1.0,1,0.3209671965100396,48
140,2,374,88,286,0,0,0,1.0,1,1.0,1,1.0,1,0.3270301312485397,49
141,3,377,89,288,0,0,0,1.0,1,1.0,1,1.0,1,0.29379995291370614,49
142,2,379,90,289,0,0,0,1.0,1,1.0,1,1.0,1,0.29003768366238863,49
143,2,381,91,290,0,0,0,1.0,1,1.0,1,1.0,1,0.2810089872462654,47
144,3,384,94,290,0,0,0,1.0,1,1.0,1,1.0,1,0.27284215712957904,46
145,3,387,96,291,0,0,0,1.0,1,1.0,1,1.0,1,0.2786298329704078,44
146,3,390,98,292,0,0,0,1.0,1,1.0,1,1.0,1,0.3085683172417671,44
147,1,391,99,292,0,0,0,1.0,1,1.0,1,1.0,1,0.31495653911923327,43
148,1,392,100,292,0,0,0,1.0,1,1.0,1,1.0,1,0.33715319377171504,43
149,2,394,102,292,0,0,0,1.0,1,1.0,1,1.0,1,0.38266738091683866,43
150,2,396,102,294,0,0,0,1.0,1,1.0,1,1.0,1,0.3655037631655346,42
151,6,402,103,299,0,0,0,1.0,1,1.0,1,1.0,1,0.24705710323359895,42
152,3,405,104,301,0,0,0,1.0,1,1.0,1,1.0,1,0.23354256064136164,42
153,1,406,104,302,0,0,0,1.0,1,1.0,1,1.0,1,0.22489825463877688,42
154,1,407,105,302,0,0,0,1.0,1,1.0,1,1.0,1,0.266973345144199,43
155,1,408,105,303,0,0,0,1.0,1,1.0,1,1.0,1,0.27667030613974997,43
156,0,408,105,303,0,0,0,1.0,1,1.0,1,1.0,1,0.27598694156117015,42
157,2,410,105,305,0,0,0,1.0,1,1.0,1,1.0,1,0.29924503453273515,41
158,9,419,105,314,0,0,0,1.0,1,1.0,1,1.0,1,0.1309249624686539,42
159,1,420,105,315,0,0,0,1.0,1,1.0,1,1.0,1,0.11110245457622368,43
160,0,420,105,315,0,0,0,1.0,1,1.0,1,1.0,1,0.12953128476942,44
161,1,421,106,315,0,0,0,1.0,1,1.0,1,1.0,1,0.13536194492000692,44
162,2,423,108,315,0,0,0,1.0,1,1.0,1,1.0,1,0.17245507315179004,45
163,1,424,109,315,0,0,0,1.0,1,1.0,1,1.0,1,0.2213642019053306,43
164,0,424,109,315,0,0,0,1.0,1,1.0,1,1.0,1,0.2267598329402155,42
165,4,428,112,316,0,0,0,1.0,1,1.0,1,1.0,1,0.19960887081521048,42
166,0,428,112,316,0,0,0,1.0,1,1.0,1,1.0,1,0.23838691924962685,42
167,3,431,114,317,0,0,0,1.0,1,1.0,1,1.0,1,0.29680974036395924,41
168,5,436,114,322,0,0,0,1.0,1,1.0,1,1.0,1,0.2806078963748999,40
169,3,439,115,324,0,0,0,1.0,1,1.0,1,1.0,1,0.2490728510650717,40
170,0,439,115,324,0,0,0,1.0,1,1.0,1,1.0,1,0.213559012094602,38
171,0,439,115,324,0,0,0,1.0,1,1.0,1,1.0,1,0.2441447244107863,37
172,3,442,117,325,0,0,0,1.0,1,1.0,1,1.0,1,0.2742545013494562,35
173,2,444,118,326,0,0,0,1.0,1,1.0,1,1.0,1,0.29250803173686424,36
174,1,445,119,326,0,0,0,1.0,1,1.0,1,1.0,1,0.29136788988264184,34
175,3,448,119,329,0,0,0,1.0,1,1.0,1,1.0,1,0.2933829036236029,33
176,2,450,119,331,0,0,0,1.0,1,1.0,1,1.0,1,0.18795368407745805,34
177,1,451,119,332,0,0,0,1.0,1,1.0,1,1.0,1,0.2143947713180844,36
178,1,452,119,333,0,0,0,1.0,1,1.0,1,1.0,1,0.16951801213060286,37
179,1,453,120,333,0,0,0,1.0,1,1.0,1,1.0,1,0.20707422698064354,37
180,0,453,120,333,0,0,0,1.0,1,1.0,1,1.0,1,0.21170401871202274,36
181,0,453,120,333,0,0,0,1.0,1,1.0,1,1.0,1,0.21170401871202274,36
182,3,456,122,334,0,0,0,1.0,1,1.0,1,1.0,1,0.18324187515908238,38
183,2,458,124,334,0,0,0,1.0,1,1.0,1,1.0,1,0.1953896496648772,37
184,4,462,127,335,0,0,0,1.0,1,1.0,1,1.0,1,0.2494968405560816,36
185,1,463,128,335,0,0,0,1.0,1,1.0,1,1.0,1,0.2567477988331162,35
186,3,466,130,336,0,0,0,1.0,1,1.0,1,1.0,1,0.3238200701434761,34
187,2,468,131,337,0,0,0,1.0,1,1.0,1,1.0,1,0.3561100755682077,33
188,3,471,132,339,0,0,0,1.0,1,1.0,1,1.0,1,0.31338658192458313,33
189,3,474,134,340,0,0,0,1.0,1,1.0,1,1.0,1,0.32806605221699814,33
190,0,474,134,340,0,0,0,1.0,1,1.0,1,1.0,1,0.323325303514389,32
191,2,476,135,341,0,0,0,1.0,1,1.0,1,1.0,1,0.32252443850960744,34
192,3,479,135,344,0,0,0,1.0,1,1.0,1,1.0,1,0.3743789279190919,34
193,0,479,135,344,0,0,0,1.0,1,1.0,1,1.0,1,0.3777075351770085,35
194,4,483,135,348,0,0,0,1.0,1,1.0,1,1.0,1,0.38205355657396156,37
195,0,483,135,348,0,0,0,1.0,1,1.0,1,1.0,1,0.38828121267731863,36
196,1,484,136,348,0,0,0,1.0,1,1.0,1,1.0,1,0.38122003619167544,36
197,1,485,136,349,0,0,0,1.0,1,1.0,1,1.0,1,0.3597056610623423,37
198,3,488,139,349,0,0,0,1.0,1,1.0,1,1.0,1,0.37122047321857626,37
199,0,488,139,349,0,0,0,1.0,1,1.0,1,1.0,1,0.37122047321857626,37
200,5,493,141,352,0,0,0,1.0,1,1.0,1,1.0,1,0.33494307121726624,37
201,3,496,141,355,0,0,0,1.0,1,1.0,1,1.0,1,0.2211204727146892,36
202,1,497,141,356,0,0,0,1.0,1,1.0,1,1.0,1,0.18975364260192454,36
203,0,497,141,356,0,0,0,1.0,1,1.0,1,1.0,1,0.17895471047675496,35
204,1,498,141,357,0,0,0,1.0,1,1.0,1,1.0,1,0.1396383196194744,35
205,1,499,142,357,0,0,0,1.0,1,1.0,1,1.0,1,0.14166960090948208,35
206,0,499,142,357,0,0,0,1.0,1,1.0,1,1.0,1,0.18807372257182445,34
207,2,501,143,358,0,0,0,1.0,1,1.0,1,1.0,1,0.21646822887053624,34
208,3,504,144,360,0,0,0,1.0,1,1.0,1,1.0,1,0.3036561781890468,33
209,1,505,144,361,0,0,0,1.0,1,1.0,1,1.0,1,0.33186059751321484,33
210,5,510,146,364,0,0,0,1.0,1,1.0,1,1.0,1,0.3670024648020599,34
211,4,514,147,367,0,0,0,1.0,1,1.0,1,1.0,1,0.4194364655497604,33
212,3,517,147,370,0,0,0,1.0,1,1.0,1,1.0,1,0.4099950008052037,33
213,5,522,148,374,0,0,0,1.0,1,1.0,1,1.0,1,0.3481597924470327,35
214,4,526,150,376,0,0,0,1.0,1,1.0,1,1.0,1,0.32598183614719234,34
215,4,530,151,379,0,0,0,1.0,1,1.0,1,1.0,1,0.3279899116792402,35
216,3,533,152,381,0,0,0,1.0,1,1.0,1,1.0,1,0.3394592802803312,36
217,1,534,153,381,0,0,0,1.0,1,1.0,1,1.0,1,0.3369850341055751,36
218,3,537,154,383,0,0,0,1.0,1,1.0,1,1.0,1,0.3470140119407006,36
219,1,538,154,384,0,0,0,1.0,1,1.0,1,1.0,1,0.33165522313833534,37
220,4,542,156,386,0,0,0,1.0,1,1.0,1,1.0,1,0.3433241128726335,38
221,7,549,159,390,0,0,0,1.0,1,1.0,1,1.0,1,0.2994549985669382,37
222,4,553,160,393,0,0,0,1.0,1,1.0,1,1.0,1,0.3009009187695284,38
223,4,557,161,396,0,0,0,1.0,1,1.0,1,1.0,1,0.29866904489912255,38
224,5,562,163,399,0,0,0,1.0,1,1.0,1,1.0,1,0.2741060910739494,38
225,1,563,163,400,0,0,0,1.0,1,1.0,1,1.0,1,0.33941677563208145,36
226,5,568,164,404,0,0,0,1.0,1,1.0,1,1.0,1,0.2267212255985375,37
227,0,568,164,404,0,0,0,1.0,1,1.0,1,1.0,1,0.2501983585930917,35
228,1,569,165,404,0,0,0,1.0,1,1.0,1,1.0,1,0.2461844787493666,35
229,3,572,168,404,0,0,0,1.0,1,1.0,1,1.0,1,0.29503344160021794,35
230,2,574,170,404,0,0,0,1.0,1,1.0,1,1.0,1,0.33139908284286346,35
231,5,579,173,406,0,0,0,1.0,1,1.0,1,1.0,1,0.2844689048258521,35
232,4,583,173,410,0,0,0,1.0,1,1.0,1,1.0,1,0.22301837503754635,36
233,0,583,173,410,0,0,0,1.0,1,1.0,1,1.0,1,0.22301837503754635,36
234,0,583,173,410,0,0,0,1.0,1,1.0,1,1.0,1,0.22450619029761756,34
235,3,586,176,410,0,0,0,1.0,1,1.0,1,1.0,1,0.2395375594759752,33
236,0,586,176,410,0,0,0,1.0,1,1.0,1,1.0,1,0.22213037908780853,31
237,1,587,176,411,0,0,0,1.0,1,1.0,1,1.0,1,0.22141492817375844,32
238,0,587,176,411,0,0,0,1.0,1,1.0,1,1.0,1,0.23432099316887284,31
239,3,590,179,411,0,0,0,1.0,1,1.0,1,1.0,1,0.28559353303447854,30
240,1,591,180,411,0,0,0,1.0,1,1.0,1,1.0,1,0.2905549926418614,27
241,2,593,182,411,0,0,0,1.0,1,1.0,1,1.0,1,0.37477865910403674,27
242,1,594,182,412,0,0,0,1.0,1,1.0,1,1.0,1,0.33958901919420836,28
243,1,595,183,412,0,0,0,1.0,1,1.0,1,1.0,1,0.343440648237386,28
244,2,597,184,413,0,0,0,1.0,1,1.0,1,1.0,1,0.28295712946348417,27
245,0,597,184,413,0,0,0,1.0,1,1.0,1,1.0,1,0.28295712946348417,27
246,1,598,185,413,0,0,0,1.0,1,1.0,1,1.0,1,0.2950540961868093,25
247,0,598,185,413,0,0,0,1.0,1,1.0,1,1.0,1,0.27940871149951085,24
248,0,598,185,413,0,0,0,1.0,1,1.0,1,1.0,1,0.2771724442247297,24
249,0,598,185,413,0,0,0,1.0,1,1.0,1,1.0,1,0.2889611556185491,25
250,1,599,185,414,0,0,0,1.0,1,1.0,1,1.0,1,0.28066269614402417,27
251,1,600,185,415,0,0,0,1.0,1,1.0,1,1.0,1,0.25269728682728493,27
252,0,600,185,415,0,0,0,1.0,1,1.0,1,1.0,1,0.25269728682728493,27
253,0,600,185,415,0,0,0,1.0,1,1.0,1,1.0,1,0.28605178737956166,29
254,3,603,188,415,0,0,0,1.0,1,1.0,1,1.0,1,0.303430635919049,30
255,2,605,189,416,0,0,0,1.0,1,1.0,1,1.0,1,0.30563942439401887,31
256,2,607,191,416,0,0,0,1.0,1,1.0,1,1.0,1,0.3277183153745421,31
257,3,610,192,418,0,0,0,1.0,1,1.0,1,1.0,1,0.2931106741560144,33
258,3,613,193,420,0,0,0,1.0,1,1.0,1,1.0,1,0.20598401317270626,33
259,0,613,193,420,0,0,0,1.0,1,1.0,1,1.0,1,0.20598401317270626,33
260,6,619,196,423,0,0,0,1.0,1,1.0,1,1.0,1,0.25749401903682884,35
261,0,619,196,423,0,0,0,1.0,1,1.0,1,1.0,1,0.26682775120857244,35
262,1,620,197,423,0,0,0,1.0,1,1.0,1,1.0,1,0.3177263038897564,35
263,1,621,198,423,0,0,0,1.0,1,1.0,1,1.0,1,0.3354171286887347,34
264,0,621,198,423,0,0,0,1.0,1,1.0,1,1.0,1,0.3294346289314816,32
265,2,623,200,423,0,0,0,1.0,1,1.0,1,1.0,1,0.328841777917899,30
266,1,624,201,423,0,0,0,1.0,1,1.0,1,1.0,1,0.3489187415608048,31
267,2,626,203,423,0,0,0,1.0,1,1.0,1,1.0,1,0.3682517933670171,30
268,0,626,203,423,0,0,0,1.0,1,1.0,1,1.0,1,0.39119290555448455,31
269,2,628,204,424,0,0,0,1.0,1,1.0,1,1.0,1,0.3880337247645111,31
270,1,629,204,425,0,0,0,1.0,1,1.0,1,1.0,1,0.4175202616491631,32
271,2,631,205,426,0,0,0,1.0,1,1.0,1,1.0,1,0.4589587251948563,31
272,6,637,206,431,0,0,0,1.0,1,1.0,1,1.0,1,0.45026211273260297,32
273,2,639,206,433,0,0,0,1.0,1,1.0,1,1.0,1,0.43655761766614654,32
274,1,640,207,433,0,0,0,1.0,1,1.0,1,1.0,1,0.44455424836052515,32
275,1,641,207,434,0,0,0,1.0,1,1.0,1,1.0,1,0.38185444516131944,33
276,3,644,208,436,0,0,0,1.0,1,1.0,1,1.0,1,0.3654626935464349,34
277,1,645,209,436,0,0,0,1.0,1,1.0,1,1.0,1,0.35600304548898976,32
278,1,646,209,437,0,0,0,1.0,1,1.0,1,1.0,1,0.31311173519121016,31
279,0,646,209,437,0,0,0,1.0,1,1.0,1,1.0,1,0.29674424912800373,31
280,0,646,209,437,0,0,0,1.0,1,1.0,1,1.0,1,0.30448752599800244,30
281,0,646,209,437,0,0,0,1.0,1,1.0,1,1.0,1,0.27779440853272475,31
282,0,646,209,437,0,0,0,1.0,1,1.0,1,1.0,1,0.2464112489264602,30
283,2,648,211,437,0,0,0,1.0,1,1.0,1,1.0,1,0.31098862200160776,31
284,2,650,212,438,0,0,0,1.0,1,1.0,1,1.0,1,0.28952911214192734,31
285,1,651,212,439,0,0,0,1.0,1,1.0,1,1.0,1,0.24657025405437127,31
286,1,652,212,440,0,0,0,1.0,1,1.0,1,1.0,1,0.2203364774519842,31
287,1,653,213,440,0,0,0,1.0,1,1.0,1,1.0,1,0.2800610405967385,33
288,0,653,213,440,0,0,0,1.0,1,1.0,1,1.0,1,0.284380601476417,32
289,1,654,214,440,0,0,0,1.0,1,1.0,1,1.0,1,0.38294608576451866,32
290,0,654,214,440,0,0,0,1.0,1,1.0,1,1.0,1,0.37081491698563107,31
291,0,654,214,440,0,0,0,1.0,1,1.0,1,1.0,1,0.3679821998922499,30
292,2,656,215,441,0,0,0,1.0,1,1.0,1,1.0,1,0.33383183210170725,32
293,0,656,215,441,0,0,0,1.0,1,1.0,1,1.0,1,0.33383183210170725,32
294,1,657,215,442,0,0,0,1.0,1,1.0,1,1.0,1,0.30714659706494735,32
295,0,657,215,442,0,0,0,1.0,1,1.0,1,1.0,1,0.3282883101782106,34
296,2,659,216,443,0,0,0,1.0,1,1.0,1,1.0,1,0.3181851524974621,34
297,3,662,217,445,0,0,0,1.0,1,1.0,1,1.0,1,0.3532718751979506,34
298,2,664,217,447,0,0,0,1.0,1,1.0,1,1.0,1,0.3629169405087564,35
299,2,666,217,449,0,0,0,1.0,1,1.0,1,1.0,1,0.36153782293733566,35
300,1,667,218,449,0,0,0,1.0,1,1.0,1,1.0,1,0.37081884700025186,35
301,8,675,219,456,0,0,0,1.0,1,1.0,1,1.0,1,0.2406098381973021,38
302,1,676,220,456,0,0,0,1.0,1,1.0,1,1.0,1,0.26002388578566,38
303,2,678,222,456,0,0,0,1.0,1,1.0,1,1.0,1,0.27997480345693876,37
304,1,679,223,456,0,0,0,1.0,1,1.0,1,1.0,1,0.31981075918045426,37
305,4,683,225,458,0,0,0,1.0,1,1.0,1,1.0,1,0.3237207887379137,36
306,3,686,226,460,0,0,0,1.0,1,1.0,1,1.0,1,0.31388837233853606,36
307,0,686,226,460,0,0,0,1.0,1,1.0,1,1.0,1,0.31054717860025743,35
308,1,687,226,461,0,0,0,1.0,1,1.0,1,1.0,1,0.27183524021943595,37
309,0,687,226,461,0,0,0,1.0,1,1.0,1,1.0,1,0.27183524021943595,37
310,0,687,226,461,0,0,0,1.0,1,1.0,1,1.0,1,0.27183524021943595,37
311,1,688,226,462,0,0,0,1.0,1,1.0,1,1.0,1,0.24222913548709413,39
312,1,689,227,462,0,0,0,1.0,1,1.0,1,1.0,1,0.28783562573500415,40
313,0,689,227,462,0,0,0,1.0,1,1.0,1,1.0,1,0.27897285213880024,39
314,1,690,227,463,0,0,0,1.0,1,1.0,1,1.0,1,0.27605264957981757,40
315,1,691,227,464,0,0,0,1.0,1,1.0,1,1.0,1,0.24768179904336057,39
316,0,691,227,464,0,0,0,1.0,1,1.0,1,1.0,1,0.24768179904336057,39
317,0,691,227,464,0,0,0,1.0,1,1.0,1,1.0,1,0.27735951933690495,40
318,2,693,227,466,0,0,0,1.0,1,1.0,1,1.0,1,0.2525855965653765,41
319,3,696,227,469,0,0,0,1.0,1,1.0,1,1.0,1,0.2320496051962228,41
320,1,697,228,469,0,0,0,1.0,1,1.0,1,1.0,1,0.21377804766878777,41
321,2,699,228,471,0,0,0,1.0,1,1.0,1,1.0,1,0.1940783934756179,41
322,2,701,229,472,0,0,0,1.0,1,1.0,1,1.0,1,0.16555643995994065,41
323,1,702,229,473,0,0,0,1.0,1,1.0,1,1.0,1,0.16067126728710104,41
324,2,704,231,473,0,0,0,1.0,1,1.0,1,1.0,1,0.20339353097394225,42
325,1,705,232,473,0,0,0,1.0,1,1.0,1,1.0,1,0.226659707035231,42
326,6,711,233,478,0,0,0,1.0,1,1.0,1,1.0,1,0.14946912600821494,42
327,0,711,233,478,0,0,0,1.0,1,1.0,1,1.0,1,0.14946912600821494,42
328,0,711,233,478,0,0,0,1.0,1,1.0,1,1.0,1,0.16406947989117185,43
329,0,711,233,478,0,0,0,1.0,1,1.0,1,1.0,1,0.16406947989117185,43
330,0,711,233,478,0,0,0,1.0,1,1.0,1,1.0,1,0.15900952849932626,45
331,1,712,233,479,0,0,0,1.0,1,1.0,1,1.0,1,0.12656796715317967,45
332,0,712,233,479,0,0,0,1.0,1,1.0,1,1.0,1,0.11916937480374154,45
333,3,715,234,481,0,0,0,1.0,1,1.0,1,1.0,1,0.07398420102714992,46
334,2,717,235,482,0,0,0,1.0,1,1.0,1,1.0,1,0.09423781317982667,48
335,0,717,235,482,0,0,0,1.0,1,1.0,1,1.0,1,0.09423781317982667,48
336,1,718,236,482,0,0,0,1.0,1,1.0,1,1.0,1,0.09011826584836745,48
337,0,718,236,482,0,0,0,1.0,1,1.0,1,1.0,1,0.10818910971737773,49
338,1,719,237,482,0,0,0,1.0,1,1.0,1,1.0,1,0.12103389150462103,50
339,0,719,237,482,0,0,0,1.0,1,1.0,1,1.0,1,0.12103389150462103,50
340,0,719,237,482,0,0,0,1.0,1,1.0,1,1.0,1,0.12103389150462103,50
341,0,719,237,482,0,0,0,1.0,1,1.0,1,1.0,1,0.13129536436953804,51
342,2,721,238,483,0,0,0,1.0,1,1.0,1,1.0,1,0.13891689923442893,51
343,0,721,238,483,0,0,0,1.0,1,1.0,1,1.0,1,0.14127220221510592,51
344,2,723,239,484,0,0,0,1.0,1,1.0,1,1.0,1,0.18242798862382623,50
345,3,726,240,486,0,0,0,1.0,1,1.0,1,1.0,1,0.1905588236098489,51
346,5,731,242,489,0,0,0,1.0,1,1.0,1,1.0,1,0.20325737098689028,51
347,5,736,244,492,0,0,0,1.0,1,1.0,1,1.0,1,0.13239066062483285,51
348,5,741,246,495,0,0,0,1.0,1,1.0,1,1.0,1,0.20109633324261555,53
349,3,744,246,498,0,0,0,1.0,1,1.0,1,1.0,1,0.17578727464437674,55
350,2,746,246,500,0,0,0,1.0,1,1.0,1,1.0,1,0.1823594393449868,54
351,6,752,248,504,0,0,0,1.0,1,1.0,1,1.0,1,0.13326095650239306,54
352,1,753,249,504,0,0,0,1.0,1,1.0,1,1.0,1,0.14725038920734176,53
353,3,756,251,505,0,0,0,1.0,1,1.0,1,1.0,1,0.1992328988838262,53
354,0,756,251,505,0,0,0,1.0,1,1.0,1,1.0,1,0.19228002584541756,50
355,0,756,251,505,0,0,0,1.0,1,1.0,1,1.0,1,0.2106679300081517,51
356,2,758,253,505,0,0,0,1.0,1,1.0,1,1.0,1,0.2741775882353074,51
357,1,759,254,505,0,0,0,1.0,1,1.0,1,1.0,1,0.24645327944730971,50
358,3,762,257,505,0,0,0,1.0,1,1.0,1,1.0,1,0.3004795669245883,48
359,4,766,259,507,0,0,0,1.0,1,1.0,1,1.0,1,0.32269772091715115,47
360,0,766,259,507,0,0,0,1.0,1,1.0,1,1.0,1,0.3376364368880862,45
361,0,766,259,507,0,0,0,1.0,1,1.0,1,1.0,1,0.32855102194288516,44
362,3,769,259,510,0,0,0,1.0,1,1.0,1,1.0,1,0.30357375164122036,44
363,2,771,261,510,0,0,0,1.0,1,1.0,1,1.0,1,0.2891437887827756,44
364,0,771,261,510,0,0,0,1.0,1,1.0,1,1.0,1,0.28825662043209344,43
365,1,772,262,510,0,0,0,1.0,1,1.0,1,1.0,1,0.2891478209232902,43
366,1,773,263,510,0,0,0,1.0,1,1.0,1,1.0,1,0.3263834376724089,45
367,1,774,264,510,0,0,0,1.0,1,1.0,1,1.0,1,0.33196009116111913,44
368,1,775,265,510,0,0,0,1.0,1,1.0,1,1.0,1,0.32633877869106276,46
369,2,777,266,511,0,0,0,1.0,1,1.0,1,1.0,1,0.34382371494301656,45
370,1,778,266,512,0,0,0,1.0,1,1.0,1,1.0,1,0.33560967148646803,46
371,3,781,266,515,0,0,0,1.0,1,1.0,1,1.0,1,0.35896082997024903,47
372,1,782,266,516,0,0,0,1.0,1,1.0,1,1.0,1,0.36348480036882685,48
373,2,784,267,517,0,0,0,1.0,1,1.0,1,1.0,1,0.3736392716379716,48
374,3,787,268,519,0,0,0,1.0,1,1.0,1,1.0,1,0.3259063593661127,49
375,2,789,268,521,0,0,0,1.0,1,1.0,1,1.0,1,0.29554428236593755,49
376,5,794,270,524,0,0,0,1.0,1,1.0,1,1.0,1,0.24328589478637414,49
377,5,799,273,526,0,0,0,1.0,1,1.0,1,1.0,1,0.21081161032205994,49
378,1,800,274,526,0,0,0,1.0,1,1.0,1,1.0,1,0.23071075264002733,49
379,0,800,274,526,0,0,0,1.0,1,1.0,1,1.0,1,0.23419959362305368,50
380,3,803,276,527,0,0,0,1.0,1,1.0,1,1.0,1,0.20100586269601758,50
381,1,804,276,528,0,0,0,1.0,1,1.0,1,1.0,1,0.18784807696778597,51
382,1,805,277,528,0,0,0,1.0,1,1.0,1,1.0,1,0.21876694687290466,50
383,1,806,278,528,0,0,0,1.0,1,1.0,1,1.0,1,0.20190189051702456,51
384,0,806,278,528,0,0,0,1.0,1,1.0,1,1.0,1,0.2470852097081872,50
385,1,807,279,528,0,0,0,1.0,1,1.0,1,1.0,1,0.20790074223964458,50
386,2,809,281,528,0,0,0,1.0,1,1.0,1,1.0,1,0.22043655782692126,48
387,2,811,281,530,0,0,0,1.0,1,1.0,1,1.0,1,0.2182461997321941,47
388,4,815,283,532,0,0,0,1.0,1,1.0,1,1.0,1,0.19690837239733416,48
389,0,815,283,532,0,0,0,1.0,1,1.0,1,1.0,1,0.2160670041042498,47
390,2,817,285,532,0,0,0,1.0,1,1.0,1,1.0,1,0.20782884867107942,49
391,2,819,287,532,0,0,0,1.0,1,1.0,1,1.0,1,0.1893905587755974,46
392,1,820,288,532,0,0,0,1.0,1,1.0,1,1.0,1,0.23622082703080702,46
393,4,824,290,534,0,0,0,1.0,1,1.0,1,1.0,1,0.21623668958886927,44
394,3,827,291,536,0,0,0,1.0,1,1.0,1,1.0,1,0.21165505948887373,43
395,0,827,291,536,0,0,0,1.0,1,1.0,1,1.0,1,0.23277859458720393,42
396,2,829,293,536,0,0,0,1.0,1,1.0,1,1.0,1,0.28743339694011744,39
397,3,832,295,537,0,0,0,1.0,1,1.0,1,1.0,1,0.3520685941129924,39
398,0,832,295,537,0,0,0,1.0,1,1.0,1,1.0,1,0.3764624524708123,36
399,1,833,295,538,0,0,0,1.0,1,1.0,1,1.0,1,0.32978074556756015,36
400,2,835,297,538,0,0,0,1.0,1,1.0,1,1.0,1,0.35403004860446063,34
401,2,837,298,539,0,0,0,1.0,1,1.0,1,1.0,1,0.2993704201078427,33
402,0,837,298,539,0,0,0,1.0,1,1.0,1,1.0,1,0.2975328213503829,34
403,0,837,298,539,0,0,0,1.0,1,1.0,1,1.0,1,0.29027332047958526,36
404,0,837,298,539,0,0,0,1.0,1,1.0,1,1.0,1,0.29027332047958526,36
405,3,840,299,541,0,0,0,1.0,1,1.0,1,1.0,1,0.21562099450305536,37
406,1,841,299,542,0,0,0,1.0,1,1.0,1,1.0,1,0.19691735404639862,37
407,6,847,301,546,0,0,0,1.0,1,1.0,1,1.0,1,0.2695647837742629,39
408,7,854,302,552,0,0,0,1.0,1,1.0,1,1.0,1,0.2676998687618297,40
409,7,861,303,558,0,0,0,1.0,1,1.0,1,1.0,1,0.2919479028718265,41
410,5,866,304,562,0,0,0,1.0,1,1.0,1,1.0,1,0.3226943318748838,42
411,10,876,304,572,0,0,0,1.0,1,1.0,1,1.0,1,0.3390227033659233,43
412,5,881,305,576,0,0,0,1.0,1,1.0,1,1.0,1,0.3607732545521044,44
413,8,889,305,584,0,0,0,1.0,1,1.0,1,1.0,1,0.3607732545521044,44
414,11,900,305,595,0,0,0,1.0,1,1.0,1,1.0,1,0.36144166205047207,45
415,4,904,305,599,0,0,0,1.0,1,1.0,1,1.0,1,0.3435238189857523,45
416,11,915,305,610,0,0,0,1.0,1,1.0,1,1.0,1,0.3221507298240466,46
417,10,925,305,620,0,0,0,1.0,1,1.0,1,1.0,1,0.30129504970013604,46
418,8,933,305,628,0,0,0,1.0,1,1.0,1,1.0,1,0.316197935509284,47
419,4,937,306,631,0,0,0,1.0,1,1.0,1,1.0,1,0.32436938299738566,47
420,5,942,306,636,0,0,0,1.0,1,1.0,1,1.0,1,0.3331072968816993,47
421,6,948,308,640,0,0,0,1.0,1,1.0,1,1.0,1,0.31958812258135205,47
422,7,955,309,646,0,0,0,1.0,1,1.0,1,1.0,1,0.3521480298174247,49
423,11,966,309,657,0,0,0,1.0,1,1.0,1,1.0,1,0.3184161140950545,47
424,7,973,309,664,0,0,0,1.0,1,1.0,1,1.0,1,0.3312384657974091,45
425,7,980,309,671,0,0,0,1.0,1,1.0,1,1.0,1,0.3174610241803032,46
426,1,981,309,672,0,0,0,1.0,1,1.0,1,1.0,1,0.3207606228168128,46
427,4,985,311,674,0,0,0,1.0,1,1.0,1,1.0,1,0.31564387242967834,45
428,2,987,311,676,0,0,0,1.0,1,1.0,1,1.0,1,0.2783593794267159,45
429,2,989,312,677,0,0,0,1.0,1,1.0,1,1.0,1,0.26559364389256096,42
430,0,989,312,677,0,0,0,1.0,1,1.0,1,1.0,1,0.301703656632163,40
431,2,991,313,678,0,0,0,1.0,1,1.0,1,1.0,1,0.24393503074935505,39
432,2,993,314,679,0,0,0,1.0,1,1.0,1,1.0,1,0.19890147225770569,37
433,4,997,318,679,0,0,0,1.0,1,1.0,1,1.0,1,0.18783221632089003,35
434,2,999,319,680,0,0,0,1.0,1,1.0,1,1.0,1,0.20198306573466515,33
435,1,1000,319,681,0,0,0,1.0,1,1.0,1,1.0,1,0.17282807156441005,33
436,0,1000,319,681,0,0,0,1.0,1,1.0,1,1.0,1,0.17282807156441005,33
437,0,1000,319,681,0,0,0,1.0,1,1.0,1,1.0,1,0.16394742045855126,33
438,0,1000,319,681,0,0,0,1.0,1,1.0,1,1.0,1,0.19702952558296893,32
439,4,1004,323,681,0,0,0,1.0,1,1.0,1,1.0,1,0.20652666198816777,34
440,0,1004,323,681,0,0,0,1.0,1,1.0,1,1.0,1,0.20652666198816777,34
441,1,1005,323,682,0,0,0,1.0,1,1.0,1,1.0,1,0.20772757656460014,35
442,1,1006,324,682,0,0,0,1.0,1,1.0,1,1.0,1,0.2311535769300916,37
443,6,1012,328,684,0,0,0,1.0,1,1.0,1,1.0,1,0.22265405982034284,37
444,0,1012,328,684,0,0,0,1.0,1,1.0,1,1.0,1,0.21118924243415357,38
445,1,1013,329,684,0,0,0,1.0,1,1.0,1,1.0,1,0.19145782473249506,39
446,1,1014,329,685,0,0,0,1.0,1,1.0,1,1.0,1,0.20880421501545518,39
447,0,1014,329,685,0,0,0,1.0,1,1.0,1,1.0,1,0.17768802863248398,41
448,0,1014,329,685,0,0,0,1.0,1,1.0,1,1.0,1,0.17768802863248398,41
449,2,1016,330,686,0,0,0,1.0,1,1.0,1,1.0,1,0.1866965896199116,40
450,0,1016,330,686,0,0,0,1.0,1,1.0,1,1.0,1,0.19240193343592304,40
451,1,1017,330,687,0,0,0,1.0,1,1.0,1,1.0,1,0.21508821499683878,41
452,0,1017,330,687,0,0,0,1.0,1,1.0,1,1.0,1,0.21508821499683878,41
453,2,1019,332,687,0,0,0,1.0,1,1.0,1,1.0,1,0.23444097303039493,40
454,0,1019,332,687,0,0,0,1.0,1,1.0,1,1.0,1,0.24419479179291048,41
455,3,1022,335,687,0,0,0,1.0,1,1.0,1,1.0,1,0.2903629918641961,41
456,1,1023,335,688,0,0,0,1.0,1,1.0,1,1.0,1,0.25564335705717056,43
457,5,1028,336,692,0,0,0,1.0,1,1.0,1,1.0,1,0.23858135424355326,43
458,3,1031,337,694,0,0,0,1.0,1,1.0,1,1.0,1,0.17203350837936462,43
459,1,1032,338,694,0,0,0,1.0,1,1.0,1,1.0,1,0.16013546365701528,44
460,2,1034,338,696,0,0,0,1.0,1,1.0,1,1.0,1,0.11950065620567488,47
461,1,1035,338,697,0,0,0,1.0,1,1.0,1,1.0,1,0.12266641627445991,48
462,3,1038,340,698,0,0,0,1.0,1,1.0,1,1.0,1,0.13980123856648002,49
463,1,1039,341,698,0,0,0,1.0,1,1.0,1,1.0,1,0.12809687819352916,47
464,4,1043,342,701,0,0,0,1.0,1,1.0,1,1.0,1,0.11380950555374064,48
465,6,1049,346,703,0,0,0,1.0,1,1.0,1,1.0,1,0.14645126236172457,47
466,2,1051,348,703,0,0,0,1.0,1,1.0,1,1.0,1,0.17622491687203704,46
467,1,1052,349,703,0,0,0,1.0,1,1.0,1,1.0,1,0.15602611646022732,44
468,2,1054,351,703,0,0,0,1.0,1,1.0,1,1.0,1,0.23572939451168076,41
469,2,1056,352,704,0,0,0,1.0,1,1.0,1,1.0,1,0.19706069496614317,40
470,3,1059,355,704,0,0,0,1.0,1,1.0,1,1.0,1,0.22891188809524368,39
471,3,1062,358,704,0,0,0,1.0,1,1.0,1,1.0,1,0.2394359513066793,38
472,6,1068,362,706,0,0,0,1.0,1,1.0,1,1.0,1,0.3187364841845527,36
473,4,1072,364,708,0,0,0,1.0,1,1.0,1,1.0,1,0.3144038993150793,36
474,1,1073,364,709,0,0,0,1.0,1,1.0,1,1.0,1,0.34215002163732366,34
475,3,1076,365,711,0,0,0,1.0,1,1.0,1,1.0,1,0.37070576974055713,34
476,4,1080,365,715,0,0,0,1.0,1,1.0,1,1.0,1,0.28354759969822124,32
477,1,1081,366,715,0,0,0,1.0,1,1.0,1,1.0,1,0.3043239852692638,32
478,1,1082,367,715,0,0,0,1.0,1,1.0,1,1.0,1,0.293460030031329,30
479,1,1083,368,715,0,0,0,1.0,1,1.0,1,1.0,1,0.3307249597741588,31
480,1,1084,368,716,0,0,0,1.0,1,1.0,1,1.0,1,0.30256351312992624,27
481,2,1086,370,716,0,0,0,1.0,1,1.0,1,1.0,1,0.3381109973116285,28
482,3,1089,370,719,0,0,0,1.0,1,1.0,1,1.0,1,0.24957970834410034,28
483,2,1091,371,720,0,0,0,1.0,1,1.0,1,1.0,1,0.21598790759948058,29
484,1,1092,371,721,0,0,0,1.0,1,1.0,1,1.0,1,0.201719071593278,29
485,0,1092,371,721,0,0,0,1.0,1,1.0,1,1.0,1,0.201719071593278,29
486,1,1093,372,721,0,0,0,1.0,1,1.0,1,1.0,1,0.19992097386784588,31
487,0,1093,372,721,0,0,0,1.0,1,1.0,1,1.0,1,0.24109525645422591,33
488,3,1096,373,723,0,0,0,1.0,1,1.0,1,1.0,1,0.2432652344017718,34
489,3,1099,375,724,0,0,0,1.0,1,1.0,1,1.0,1,0.2653311129787976,34
490,0,1099,375,724,0,0,0,1.0,1,1.0,1,1.0,1,0.2653311129787976,34
491,1,1100,376,724,0,0,0,1.0,1,1.0,1,1.0,1,0.27275741594034547,34
492,0,1100,376,724,0,0,0,1.0,1,1.0,1,1.0,1,0.27275741594034547,34
493,2,1102,377,725,0,0,0,1.0,1,1.0,1,1.0,1,0.2726558444007286,34
494,3,1105,378,727,0,0,0,1.0,1,1.0,1,1.0,1,0.26026211101212626,36
495,1,1106,379,727,0,0,0,1.0,1,1.0,1,1.0,1,0.2449952102731465,36
496,0,1106,379,727,0,0,0,1.0,1,1.0,1,1.0,1,0.23839673087875168,37
497,1,1107,379,728,0,0,0,1.0,1,1.0,1,1.0,1,0.21473734790409732,39
498,1,1108,380,728,0,0,0,1.0,1,1.0,1,1.0,1,0.2679213493041732,40
499,1,1109,381,728,0,0,0,1.0,1,1.0,1,1.0,1,0.2728125149870112,40
500,1,1110,382,728,0,0,0,1.0,1,1.0,1,1.0,1,0.2843980585749025,42
501,4,1114,382,732,0,0,0,1.0,1,1.0,1,1.0,1,0.18543223878643653,42
502,1,1115,383,732,0,0,0,1.0,1,1.0,1,1.0,1,0.20495045293063108,42
503,3,1118,385,733,0,0,0,1.0,1,1.0,1,1.0,1,0.21710209310373563,41
504,4,1122,388,734,0,0,0,1.0,1,1.0,1,1.0,1,0.2832420516372415,42
505,2,1124,389,735,0,0,0,1.0,1,1.0,1,1.0,1,0.24909881578213638,38
506,2,1126,391,735,0,0,0,1.0,1,1.0,1,1.0,1,0.2796799357751834,37
507,3,1129,392,737,0,0,0,1.0,1,1.0,1,1.0,1,0.25848098865583985,35
508,3,1132,395,737,0,0,0,1.0,1,1.0,1,1.0,1,0.35355396182348886,35
509,0,1132,395,737,0,0,0,1.0,1,1.0,1,1.0,1,0.3600252043221824,34
510,2,1134,395,739,0,0,0,1.0,1,1.0,1,1.0,1,0.35263412166616526,34
511,2,1136,397,739,0,0,0,1.0,1,1.0,1,1.0,1,0.34069958782048354,32
512,1,1137,397,740,0,0,0,1.0,1,1.0,1,1.0,1,0.3003433815658966,30
513,0,1137,397,740,0,0,0,1.0,1,1.0,1,1.0,1,0.3001328197307757,31
514,0,1137,397,740,0,0,0,1.0,1,1.0,1,1.0,1,0.3001328197307757,31
515,0,1137,397,740,0,0,0,1.0,1,1.0,1,1.0,1,0.32076150104834145,32
516,1,1138,397,741,0,0,0,1.0,1,1.0,1,1.0,1,0.27896789967222696,31
517,2,1140,398,742,0,0,0,1.0,1,1.0,1,1.0,1,0.3098435695241167,32
518,0,1140,398,742,0,0,0,1.0,1,1.0,1,1.0,1,0.301429658569586,31
519,1,1141,399,742,0,0,0,1.0,1,1.0,1,1.0,1,0.2982172210748851,31
520,3,1144,401,743,0,0,0,1.0,1,1.0,1,1.0,1,0.29347907631362974,33
521,1,1145,402,743,0,0,0,1.0,1,1.0,1,1.0,1,0.28278931418954956,34
522,2,1147,404,743,0,0,0,1.0,1,1.0,1,1.0,1,0.257685417554444,34
523,0,1147,404,743,0,0,0,1.0,1,1.0,1,1.0,1,0.27639472918464997,33
524,1,1148,405,743,0,0,0,1.0,1,1.0,1,1.0,1,0.30034879425888045,34
525,0,1148,405,743,0,0,0,1.0,1,1.0,1,1.0,1,0.33777138236045645,32
526,2,1150,406,744,0,0,0,1.0,1,1.0,1,1.0,1,0.34318371272033327,32
527,1,1151,406,745,0,0,0,1.0,1,1.0,1,1.0,1,0.3868412662382838,31
528,4,1155,409,746,0,0,0,1.0,1,1.0,1,1.0,1,0.41701672766264336,31
529,0,1155,409,746,0,0,0,1.0,1,1.0,1,1.0,1,0.44298739854552294,30
530,1,1156,409,747,0,0,0,1.0,1,1.0,1,1.0,1,0.4261037623011629,30
531,2,1158,409,749,0,0,0,1.0,1,1.0,1,1.0,1,0.40940510051265794,32
532,1,1159,410,749,0,0,0,1.0,1,1.0,1,1.0,1,0.3854252817059256,32
533,3,1162,412,750,0,0,0,1.0,1,1.0,1,1.0,1,0.354890599251791,34
534,1,1163,413,750,0,0,0,1.0,1,1.0,1,1.0,1,0.3682585400040856,34
535,2,1165,414,751,0,0,0,1.0,1,1.0,1,1.0,1,0.3539849925637012,37
536,1,1166,414,752,0,0,0,1.0,1,1.0,1,1.0,1,0.34576607368873225,37
537,3,1169,415,754,0,0,0,1.0,1,1.0,1,1.0,1,0.3665595109128836,37
538,2,1171,416,755,0,0,0,1.0,1,1.0,1,1.0,1,0.3648368248647639,38
539,4,1175,416,759,0,0,0,1.0,1,1.0,1,1.0,1,0.3404751080487004,38
540,2,1177,416,761,0,0,0,1.0,1,1.0,1,1.0,1,0.3404751080487004,38
541,2,1179,416,763,0,0,0,1.0,1,1.0,1,1.0,1,0.31721479622205756,39
542,0,1179,416,763,0,0,0,1.0,1,1.0,1,1.0,1,0.3096318972719189,40
543,1,1180,416,764,0,0,0,1.0,1,1.0,1,1.0,1,0.33221499223700957,37
544,3,1183,418,765,0,0,0,1.0,1,1.0,1,1.0,1,0.362122617272794,35
545,0,1183,418,765,0,0,0,1.0,1,1.0,1,1.0,1,0.32347040760244866,35
546,3,1186,421,765,0,0,0,1.0,1,1.0,1,1.0,1,0.3239623841715128,35
547,1,1187,422,765,0,0,0,1.0,1,1.0,1,1.0,1,0.2966599664340218,34
548,2,1189,424,765,0,0,0,1.0,1,1.0,1,1.0,1,0.3609964151450016,34
549,3,1192,427,765,0,0,0,1.0,1,1.0,1,1.0,1,0.46180398400160827,31
550,0,1192,427,765,0,0,0,1.0,1,1.0,1,1.0,1,0.44985392228980153,30
551,8,1200,431,769,0,0,0,1.0,1,1.0,1,1.0,1,0.4515245617785124,31
552,1,1201,431,770,0,0,0,1.0,1,1.0,1,1.0,1,0.37823818739589693,29
553,0,1201,431,770,0,0,0,1.0,1,1.0,1,1.0,1,0.35493565260913446,30
554,1,1202,431,771,0,0,0,1.0,1,1.0,1,1.0,1,0.3345388594779289,30
555,0,1202,431,771,0,0,0,1.0,1,1.0,1,1.0,1,0.331636639400756,30
556,1,1203,431,772,0,0,0,1.0,1,1.0,1,1.0,1,0.282244752383617,31
557,1,1204,431,773,0,0,0,1.0,1,1.0,1,1.0,1,0.2812254030340308,31
558,1,1205,431,774,0,0,0,1.0,1,1.0,1,1.0,1,0.2340149030534099,31
559,1,1206,432,774,0,0,0,1.0,1,1.0,1,1.0,1,0.23107175690325868,31
560,4,1210,432,778,0,0,0,1.0,1,1.0,1,1.0,1,0.17960185902911546,32
561,7,1217,436,781,0,0,0,1.0,1,1.0,1,1.0,1,0.19352068882613938,33
562,1,1218,436,782,0,0,0,1.0,1,1.0,1,1.0,1,0.1992544501301211,33
563,3,1221,437,784,0,0,0,1.0,1,1.0,1,1.0,1,0.22313516826013988,33
564,2,1223,437,786,0,0,0,1.0,1,1.0,1,1.0,1,0.22951652360800287,34
565,0,1223,437,786,0,0,0,1.0,1,1.0,1,1.0,1,0.2295843091364367,35
566,1,1224,438,786,0,0,0,1.0,1,1.0,1,1.0,1,0.20856519481031863,36
567,1,1225,439,786,0,0,0,1.0,1,1.0,1,1.0,1,0.19837283376870407,37
568,2,1227,440,787,0,0,0,1.0,1,1.0,1,1.0,1,0.20477695127057177,36
569,2,1229,441,788,0,0,0,1.0,1,1.0,1,1.0,1,0.1957945192196417,37
570,2,1231,441,790,0,0,0,1.0,1,1.0,1,1.0,1,0.1869894590205131,38
571,2,1233,442,791,0,0,0,1.0,1,1.0,1,1.0,1,0.20365162387015712,38
572,1,1234,442,792,0,0,0,1.0,1,1.0,1,1.0,1,0.21169378419795398,39
573,2,1236,442,794,0,0,0,1.0,1,1.0,1,1.0,1,0.21169378419795398,39
574,2,1238,442,796,0,0,0,1.0,1,1.0,1,1.0,1,0.2128590705307965,41
575,3,1241,443,798,0,0,0,1.0,1,1.0,1,1.0,1,0.2165729674453221,41
576,1,1242,443,799,0,0,0,1.0,1,1.0,1,1.0,1,0.18780513798844603,42
577,1,1243,443,800,0,0,0,1.0,1,1.0,1,1.0,1,0.17948346018532266,42
578,0,1243,443,800,0,0,0,1.0,1,1.0,1,1.0,1,0.18424418056889386,41
579,0,1243,443,800,0,0,0,1.0,1,1.0,1,1.0,1,0.17746597425413374,42
580,2,1245,444,801,0,0,0,1.0,1,1.0,1,1.0,1,0.18539687169702243,43
581,3,1248,447,801,0,0,0,1.0,1,1.0,1,1.0,1,0.21512690498283166,42
582,4,1252,448,804,0,0,0,1.0,1,1.0,1,1.0,1,0.20915018956544137,41
583,3,1255,451,804,0,0,0,1.0,1,1.0,1,1.0,1,0.23155001611811046,40
584,3,1258,453,805,0,0,0,1.0,1,1.0,1,1.0,1,0.23637715253203986,38
585,5,1263,457,806,0,0,0,1.0,1,1.0,1,1.0,1,0.2851599130908123,38
586,6,1269,461,808,0,0,0,1.0,1,1.0,1,1.0,1,0.28817862592462995,37
587,2,1271,462,809,0,0,0,1.0,1,1.0,1,1.0,1,0.3524574761263989,35
588,4,1275,465,810,0,0,0,1.0,1,1.0,1,1.0,1,0.3290226081285064,35
589,2,1277,465,812,0,0,0,1.0,1,1.0,1,1.0,1,0.35440581078507977,34
590,1,1278,466,812,0,0,0,1.0,1,1.0,1,1.0,1,0.3653842888281217,36
591,1,1279,467,812,0,0,0,1.0,1,1.0,1,1.0,1,0.35188569122351887,35
592,2,1281,468,813,0,0,0,1.0,1,1.0,1,1.0,1,0.35727442871374354,37
593,2,1283,469,814,0,0,0,1.0,1,1.0,1,1.0,1,0.3285483687015542,36
594,0,1283,469,814,0,0,0,1.0,1,1.0,1,1.0,1,0.31861146976959415,35
595,0,1283,469,814,0,0,0,1.0,1,1.0,1,1.0,1,0.31548659463105055,34
596,2,1285,471,814,0,0,0,1.0,1,1.0,1,1.0,1,0.35408472138790814,34
597,2,1287,473,814,0,0,0,1.0,1,1.0,1,1.0,1,0.36842484289434374,33
598,2,1289,473,816,0,0,0,1.0,1,1.0,1,1.0,1,0.39675374585746126,33
599,4,1293,475,818,0,0,0,1.0,1,1.0,1,1.0,1,0.3907868811641234,33
600,4,1297,477,820,0,0,0,1.0,1,1.0,1,1.0,1,0.4375813267172058,33
601,5,1302,477,825,0,0,0,1.0,1,1.0,1,1.0,1,0.31436761543516645,34
602,0,1302,477,825,0,0,0,1.0,1,1.0,1,1.0,1,0.33140194762622355,35
603,0,1302,477,825,0,0,0,1.0,1,1.0,1,1.0,1,0.35463789930593353,35
604,0,1302,477,825,0,0,0,1.0,1,1.0,1,1.0,1,0.3534617947910791,35
605,2,1304,477,827,0,0,0,1.0,1,1.0,1,1.0,1,0.3026576891180686,35
606,2,1306,477,829,0,0,0,1.0,1,1.0,1,1.0,1,0.27989887348068887,35
607,1,1307,478,829,0,0,0,1.0,1,1.0,1,1.0,1,0.3108426988774715,35
608,1,1308,478,830,0,0,0,1.0,1,1.0,1,1.0,1,0.3015768753575916,36
609,0,1308,478,830,0,0,0,1.0,1,1.0,1,1.0,1,0.30966993029570616,37
610,1,1309,478,831,0,0,0,1.0,1,1.0,1,1.0,1,0.2829663265373138,37
611,3,1312,480,832,0,0,0,1.0,1,1.0,1,1.0,1,0.25694078432199874,39
612,3,1315,481,834,0,0,0,1.0,1,1.0,1,1.0,1,0.22688588839851584,39
613,2,1317,482,835,0,0,0,1.0,1,1.0,1,1.0,1,0.2225303050666091,39
614,5,1322,483,839,0,0,0,1.0,1,1.0,1,1.0,1,0.22640960685825656,39
615,3,1325,483,842,0,0,0,1.0,1,1.0,1,1.0,1,0.21765677531112995,39
616,1,1326,484,842,0,0,0,1.0,1,1.0,1,1.0,1,0.21914779524148326,38
617,2,1328,486,842,0,0,0,1.0,1,1.0,1,1.0,1,0.22707073812911677,39
618,0,1328,486,842,0,0,0,1.0,1,1.0,1,1.0,1,0.2393484137751281,40
619,0,1328,486,842,0,0,0,1.0,1,1.0,1,1.0,1,0.20948784580534574,39
620,2,1330,487,843,0,0,0,1.0,1,1.0,1,1.0,1,0.13672950962668776,38
621,5,1335,489,846,0,0,0,1.0,1,1.0,1,1.0,1,0.20090548605850095,38
622,7,1342,492,850,0,0,0,1.0,1,1.0,1,1.0,1,0.2128766244183027,38
623,6,1348,496,852,0,0,0,1.0,1,1.0,1,1.0,1,0.2932207709449244,37
624,7,1355,499,856,0,0,0,1.0,1,1.0,1,1.0,1,0.27978475334743164,33
625,2,1357,499,858,0,0,0,1.0,1,1.0,1,1.0,1,0.28945385988957245,32
626,6,1363,501,862,0,0,0,1.0,1,1.0,1,1.0,1,0.1811114340661456,31
627,2,1365,502,863,0,0,0,1.0,1,1.0,1,1.0,1,0.25246071775345735,30
628,8,1373,506,867,0,0,0,1.0,1,1.0,1,1.0,1,0.29382486982870987,32
629,6,1379,507,872,0,0,0,1.0,1,1.0,1,1.0,1,0.3024236072256895,29
630,4,1383,508,875,0,0,0,1.0,1,1.0,1,1.0,1,0.3424785998050682,29
631,3,1386,509,877,0,0,0,1.0,1,1.0,1,1.0,1,0.3729341678254547,25
632,0,1386,509,877,0,0,0,1.0,1,1.0,1,1.0,1,0.41405111036444003,24
633,3,1389,510,879,0,0,0,1.0,1,1.0,1,1.0,1,0.38519741066715546,23
634,1,1390,511,879,0,0,0,1.0,1,1.0,1,1.0,1,0.3673404622330349,23
635,1,1391,512,879,0,0,0,1.0,1,1.0,1,1.0,1,0.47430816258550496,22
636,0,1391,512,879,0,0,0,1.0,1,1.0,1,1.0,1,0.5106731383445372,22
637,1,1392,513,879,0,0,0,1.0,1,1.0,1,1.0,1,0.5012797532481156,23
638,0,1392,513,879,0,0,0,1.0,1,1.0,1,1.0,1,0.5012797532481156,23
639,3,1395,513,882,0,0,0,1.0,1,1.0,1,1.0,1,0.5041487755951525,24
640,2,1397,514,883,0,0,0,1.0,1,1.0,1,1.0,1,0.5034060652222804,24
641,1,1398,514,884,0,0,0,1.0,1,1.0,1,1.0,1,0.5169947148172936,25
642,2,1400,514,886,0,0,0,1.0,1,1.0,1,1.0,1,0.4814636186130114,26
643,4,1404,514,890,0,0,0,1.0,1,1.0,1,1.0,1,0.45179934719707887,28
644,3,1407,516,891,0,0,0,1.0,1,1.0,1,1.0,1,0.46522934709919816,28
645,3,1410,516,894,0,0,0,1.0,1,1.0,1,1.0,1,0.4581507751193279,28
646,7,1417,516,901,0,0,0,1.0,1,1.0,1,1.0,1,0.4571701260622566,29
647,10,1427,518,909,0,0,0,1.0,1,1.0,1,1.0,1,0.4961527802371347,30
648,4,1431,518,913,0,0,0,1.0,1,1.0,1,1.0,1,0.4357141704930868,30
649,6,1437,519,918,0,0,0,1.0,1,1.0,1,1.0,1,0.43680691420312756,31
650,3,1440,520,920,0,0,0,1.0,1,1.0,1,1.0,1,0.44701508907165066,31
651,4,1444,521,923,0,0,0,1.0,1,1.0,1,1.0,1,0.3238712992939032,32
652,1,1445,521,924,0,0,0,1.0,1,1.0,1,1.0,1,0.30675062204933107,32
653,1,1446,521,925,0,0,0,1.0,1,1.0,1,1.0,1,0.2936053998272524,33
654,1,1447,522,925,0,0,0,1.0,1,1.0,1,1.0,1,0.2926693323474685,33
655,2,1449,522,927,0,0,0,1.0,1,1.0,1,1.0,1,0.23294194527466905,36
656,2,1451,524,927,0,0,0,1.0,1,1.0,1,1.0,1,0.2686242488334548,36
657,2,1453,525,928,0,0,0,1.0,1,1.0,1,1.0,1,0.240508369545041,35
658,1,1454,526,928,0,0,0,1.0,1,1.0,1,1.0,1,0.2636061341159657,33
659,1,1455,527,928,0,0,0,1.0,1,1.0,1,1.0,1,0.2806880053068866,35
660,0,1455,527,928,0,0,0,1.0,1,1.0,1,1.0,1,0.28235711771405003,34
661,0,1455,527,928,0,0,0,1.0,1,1.0,1,1.0,1,0.29856708841420826,33
662,1,1456,528,928,0,0,0,1.0,1,1.0,1,1.0,1,0.3092035466714639,31
663,2,1458,530,928,0,0,0,1.0,1,1.0,1,1.0,1,0.38347812510644463,29
664,1,1459,531,928,0,0,0,1.0,1,1.0,1,1.0,1,0.3769417795758653,27
665,1,1460,532,928,0,0,0,1.0,1,1.0,1,1.0,1,0.3992899757101669,27
666,4,1464,534,930,0,0,0,1.0,1,1.0,1,1.0,1,0.4060146601139986,28
667,4,1468,535,933,0,0,0,1.0,1,1.0,1,1.0,1,0.2968899997560867,26
668,0,1468,535,933,0,0,0,1.0,1,1.0,1,1.0,1,0.2863508047237761,26
669,3,1471,538,933,0,0,0,1.0,1,1.0,1,1.0,1,0.22335517865284393,25
670,0,1471,538,933,0,0,0,1.0,1,1.0,1,1.0,1,0.20908377380880935,24
671,0,1471,538,933,0,0,0,1.0,1,1.0,1,1.0,1,0.20908377380880935,24
672,1,1472,539,933,0,0,0,1.0,1,1.0,1,1.0,1,0.22374865850304235,25
673,2,1474,541,933,0,0,0,1.0,1,1.0,1,1.0,1,0.16822696951492083,25
674,0,1474,541,933,0,0,0,1.0,1,1.0,1,1.0,1,0.16822696951492083,25
675,0,1474,541,933,0,0,0,1.0,1,1.0,1,1.0,1,0.22066824336880125,26
676,2,1476,543,933,0,0,0,1.0,1,1.0,1,1.0,1,0.20832481256487193,27
677,1,1477,543,934,0,0,0,1.0,1,1.0,1,1.0,1,0.16650655094643213,28
678,1,1478,544,934,0,0,0,1.0,1,1.0,1,1.0,1,0.15369915441291,28
679,1,1479,545,934,0,0,0,1.0,1,1.0,1,1.0,1,0.1818938595354565,30
680,0,1479,545,934,0,0,0,1.0,1,1.0,1,1.0,1,0.20181297009490318,29
681,1,1480,546,934,0,0,0,1.0,1,1.0,1,1.0,1,0.25559931923842655,29
682,1,1481,547,934,0,0,0,1.0,1,1.0,1,1.0,1,0.2822274645977692,30
683,0,1481,547,934,0,0,0,1.0,1,1.0,1,1.0,1,0.2822274645977692,30
684,0,1481,547,934,0,0,0,1.0,1,1.0,1,1.0,1,0.3028516172226423,31
685,3,1484,548,936,0,0,0,1.0,1,1.0,1,1.0,1,0.2915397592303477,30
686,2,1486,550,936,0,0,0,1.0,1,1.0,1,1.0,1,0.3142678420269194,30
687,4,1490,551,939,0,0,0,1.0,1,1.0,1,1.0,1,0.2902962360409494,30
688,1,1491,551,940,0,0,0,1.0,1,1.0,1,1.0,1,0.31059020815401917,31
689,1,1492,552,940,0,0,0,1.0,1,1.0,1,1.0,1,0.3201415445193193,32
690,0,1492,552,940,0,0,0,1.0,1,1.0,1,1.0,1,0.3201415445193193,32
691,1,1493,552,941,0,0,0,1.0,1,1.0,1,1.0,1,0.30258588647605705,32
692,2,1495,554,941,0,0,0,1.0,1,1.0,1,1.0,1,0.34544052514065626,32
693,2,1497,555,942,0,0,0,1.0,1,1.0,1,1.0,1,0.3281947638404917,34
694,7,1504,557,947,0,0,0,1.0,1,1.0,1,1.0,1,0.2706853797174933,36
695,4,1508,559,949,0,0,0,1.0,1,1.0,1,1.0,1,0.239040739676096,34
696,2,1510,560,950,0,0,0,1.0,1,1.0,1,1.0,1,0.25049852724933847,33
697,0,1510,560,950,0,0,0,1.0,1,1.0,1,1.0,1,0.2522059576396719,33
698,1,1511,561,950,0,0,0,1.0,1,1.0,1,1.0,1,0.29930512295276185,34
699,0,1511,561,950,0,0,0,1.0,1,1.0,1,1.0,1,0.2811790809843463,33
700,0,1511,561,950,0,0,0,1.0,1,1.0,1,1.0,1,0.2575194371538731,32
701,1,1512,561,951,0,0,0,1.0,1,1.0,1,1.0,1,0.2281370904348802,33
702,3,1515,563,952,0,0,0,1.0,1,1.0,1,1.0,1,0.2651192249068208,34
703,1,1516,564,952,0,0,0,1.0,1,1.0,1,1.0,1,0.25654433067619214,32
704,0,1516,564,952,0,0,0,1.0,1,1.0,1,1.0,1,0.2207301243850545,31
705,4,1520,567,953,0,0,0,1.0,1,1.0,1,1.0,1,0.30691723064956783,33
706,1,1521,568,953,0,0,0,1.0,1,1.0,1,1.0,1,0.3534024538775375,33
707,1,1522,569,953,0,0,0,1.0,1,1.0,1,1.0,1,0.30442384117081284,31
708,1,1523,570,953,0,0,0,1.0,1,1.0,1,1.0,1,0.32976133474553365,31
709,1,1524,571,953,0,0,0,1.0,1,1.0,1,1.0,1,0.3463595618753578,30
710,0,1524,571,953,0,0,0,1.0,1,1.0,1,1.0,1,0.3463595618753578,30
711,0,1524,571,953,0,0,0,1.0,1,1.0,1,1.0,1,0.34808641828120446,30
712,1,1525,571,954,0,0,0,1.0,1,1.0,1,1.0,1,0.35070717313313315,30
713,0,1525,571,954,0,0,0,1.0,1,1.0,1,1.0,1,0.36910080286822927,31
714,1,1526,572,954,0,0,0,1.0,1,1.0,1,1.0,1,0.42035952042456387,31
715,0,1526,572,954,0,0,0,1.0,1,1.0,1,1.0,1,0.44742645055046465,30
716,0,1526,572,954,0,0,0,1.0,1,1.0,1,1.0,1,0.4413212631748482,31
717,2,1528,572,956,0,0,0,1.0,1,1.0,1,1.0,1,0.43926386466000006,32
718,5,1533,573,960,0,0,0,1.0,1,1.0,1,1.0,1,0.39592669342762765,32
719,2,1535,573,962,0,0,0,1.0,1,1.0,1,1.0,1,0.3814961830354595,32
720,0,1535,573,962,0,0,0,1.0,1,1.0,1,1.0,1,0.3596070697152132,34
721,0,1535,573,962,0,0,0,1.0,1,1.0,1,1.0,1,0.3596070697152132,34
722,0,1535,573,962,0,0,0,1.0,1,1.0,1,1.0,1,0.3596070697152132,34
723,1,1536,573,963,0,0,0,1.0,1,1.0,1,1.0,1,0.3523949305529527,35
724,2,1538,574,964,0,0,0,1.0,1,1.0,1,1.0,1,0.33715154593965363,36
725,1,1539,574,965,0,0,0,1.0,1,1.0,1,1.0,1,0.33473653927138225,37
726,2,1541,574,967,0,0,0,1.0,1,1.0,1,1.0,1,0.2862065108051425,37
727,0,1541,574,967,0,0,0,1.0,1,1.0,1,1.0,1,0.3017117959175007,38
728,1,1542,574,968,0,0,0,1.0,1,1.0,1,1.0,1,0.2818689404449821,39
729,0,1542,574,968,0,0,0,1.0,1,1.0,1,1.0,1,0.2818689404449821,39
730,0,1542,574,968,0,0,0,1.0,1,1.0,1,1.0,1,0.2841370457092601,40
731,1,1543,575,968,0,0,0,1.0,1,1.0,1,1.0,1,0.30511608445894056,40
732,2,1545,575,970,0,0,0,1.0,1,1.0,1,1.0,1,0.31574195235175806,41
733,2,1547,577,970,0,0,0,1.0,1,1.0,1,1.0,1,0.32217412966886616,41
734,1,1548,578,970,0,0,0,1.0,1,1.0,1,1.0,1,0.3502474770383985,42
735,0,1548,578,970,0,0,0,1.0,1,1.0,1,1.0,1,0.3112213496979626,42
736,1,1549,578,971,0,0,0,1.0,1,1.0,1,1.0,1,0.318097638575807,41
737,3,1552,579,973,0,0,0,1.0,1,1.0,1,1.0,1,0.370131494424852,41
738,4,1556,579,977,0,0,0,1.0,1,1.0,1,1.0,1,0.2918057777263151,39
739,1,1557,580,977,0,0,0,1.0,1,1.0,1,1.0,1,0.3197608367501114,39
740,5,1562,580,982,0,0,0,1.0,1,1.0,1,1.0,1,0.3157075276331089,39
741,0,1562,580,982,0,0,0,1.0,1,1.0,1,1.0,1,0.3126497173545171,38
742,5,1567,581,986,0,0,0,1.0,1,1.0,1,1.0,1,0.3286879888623024,39
743,3,1570,583,987,0,0,0,1.0,1,1.0,1,1.0,1,0.29532246680548235,39
744,2,1572,584,988,0,0,0,1.0,1,1.0,1,1.0,1,0.25218075075940766,39
745,5,1577,586,991,0,0,0,1.0,1,1.0,1,1.0,1,0.2342105981617894,39
746,4,1581,587,994,0,0,0,1.0,1,1.0,1,1.0,1,0.22702629040393016,40
747,3,1584,588,996,0,0,0,1.0,1,1.0,1,1.0,1,0.1904159329685681,41
748,5,1589,589,1000,0,0,0,1.0,1,1.0,1,1.0,1,0.17389565396965057,41
749,4,1593,591,1002,0,0,0,1.0,1,1.0,1,1.0,1,0.1833015238050459,41
750,3,1596,593,1003,0,0,0,1.0,1,1.0,1,1.0,1,0.20182698765721452,39
751,3,1599,594,1005,0,0,0,1.0,1,1.0,1,1.0,1,0.197206872146106,41
752,6,1605,598,1007,0,0,0,1.0,1,1.0,1,1.0,1,0.24756799498099685,41
753,1,1606,598,1008,0,0,0,1.0,1,1.0,1,1.0,1,0.23792852876420906,41
754,1,1607,599,1008,0,0,0,1.0,1,1.0,1,1.0,1,0.2568549966480977,41
755,2,1609,600,1009,0,0,0,1.0,1,1.0,1,1.0,1,0.25283361134153814,41
756,0,1609,600,1009,0,0,0,1.0,1,1.0,1,1.0,1,0.25283361134153814,41
757,2,1611,601,1010,0,0,0,1.0,1,1.0,1,1.0,1,0.2505909851029757,39
758,0,1611,601,1010,0,0,0,1.0,1,1.0,1,1.0,1,0.2347274670770028,39
759,0,1611,601,1010,0,0,0,1.0,1,1.0,1,1.0,1,0.23523436382626622,39
760,2,1613,601,1012,0,0,0,1.0,1,1.0,1,1.0,1,0.22697268190929543,40
761,1,1614,601,1013,0,0,0,1.0,1,1.0,1,1.0,1,0.22926125093872843,41
762,0,1614,601,1013,0,0,0,1.0,1,1.0,1,1.0,1,0.2374123151097134,42
763,2,1616,601,1015,0,0,0,1.0,1,1.0,1,1.0,1,0.22522969500952658,43
764,1,1617,601,1016,0,0,0,1.0,1,1.0,1,1.0,1,0.23738123979562759,43
765,0,1617,601,1016,0,0,0,1.0,1,1.0,1,1.0,1,0.21912821257116577,45
766,1,1618,602,1016,0,0,0,1.0,1,1.0,1,1.0,1,0.2224981028023118,45
767,0,1618,602,1016,0,0,0,1.0,1,1.0,1,1.0,1,0.23079109165995215,46
768,0,1618,602,1016,0,0,0,1.0,1,1.0,1,1.0,1,0.2208835970310383,45
769,0,1618,602,1016,0,0,0,1.0,1,1.0,1,1.0,1,0.23578239607537804,46
770,1,1619,602,1017,0,0,0,1.0,1,1.0,1,1.0,1,0.2211586408618471,47
771,5,1624,606,1018,0,0,0,1.0,1,1.0,1,1.0,1,0.2585882081246651,47
772,0,1624,606,1018,0,0,0,1.0,1,1.0,1,1.0,1,0.24793949429371157,46
773,2,1626,608,1018,0,0,0,1.0,1,1.0,1,1.0,1,0.25124387061371184,45
774,2,1628,608,1020,0,0,0,1.0,1,1.0,1,1.0,1,0.27544058498293406,45
775,2,1630,609,1021,0,0,0,1.0,1,1.0,1,1.0,1,0.25254243568752593,45
776,7,1637,609,1028,0,0,0,1.0,1,1.0,1,1.0,1,0.12841650270394286,43
777,0,1637,609,1028,0,0,0,1.0,1,1.0,1,1.0,1,0.1392562542989816,44
778,2,1639,611,1028,0,0,0,1.0,1,1.0,1,1.0,1,0.21086851921489863,45
779,0,1639,611,1028,0,0,0,1.0,1,1.0,1,1.0,1,0.21086851921489863,45
780,0,1639,611,1028,0,0,0,1.0,1,1.0,1,1.0,1,0.21086851921489863,45
781,0,1639,611,1028,0,0,0,1.0,1,1.0,1,1.0,1,0.199100998046076,46
782,2,1641,611,1030,0,0,0,1.0,1,1.0,1,1.0,1,0.2208142107694637,47
783,0,1641,611,1030,0,0,0,1.0,1,1.0,1,1.0,1,0.18993652495386718,46
784,2,1643,611,1032,0,0,0,1.0,1,1.0,1,1.0,1,0.16821709650565758,45
785,0,1643,611,1032,0,0,0,1.0,1,1.0,1,1.0,1,0.21273846716381262,43
786,1,1644,612,1032,0,0,0,1.0,1,1.0,1,1.0,1,0.20562083409367135,43
787,2,1646,613,1033,0,0,0,1.0,1,1.0,1,1.0,1,0.24041549726872827,43
788,5,1651,615,1036,0,0,0,1.0,1,1.0,1,1.0,1,0.22290485882945363,44
789,1,1652,615,1037,0,0,0,1.0,1,1.0,1,1.0,1,0.20965827618163213,46
790,1,1653,616,1037,0,0,0,1.0,1,1.0,1,1.0,1,0.22192721942868213,46
791,1,1654,617,1037,0,0,0,1.0,1,1.0,1,1.0,1,0.26817475332424745,46
792,2,1656,617,1039,0,0,0,1.0,1,1.0,1,1.0,1,0.24301011781464701,47
793,2,1658,617,1041,0,0,0,1.0,1,1.0,1,1.0,1,0.24123857699293105,48
794,1,1659,618,1041,0,0,0,1.0,1,1.0,1,1.0,1,0.2517656599710775,48
795,1,1660,618,1042,0,0,0,1.0,1,1.0,1,1.0,1,0.2435976894626938,47
796,3,1663,619,1044,0,0,0,1.0,1,1.0,1,1.0,1,0.3028513815975844,45
797,2,1665,620,1045,0,0,0,1.0,1,1.0,1,1.0,1,0.29354547794814995,47
798,5,1670,621,1049,0,0,0,1.0,1,1.0,1,1.0,1,0.29413994091294393,48
799,3,1673,622,1051,0,0,0,1.0,1,1.0,1,1.0,1,0.2723393534263211,48
800,4,1677,624,1053,0,0,0,1.0,1,1.0,1,1.0,1,0.2885830291996964,48
801,5,1682,625,1057,0,0,0,1.0,1,1.0,1,1.0,1,0.2432614719590821,49
802,4,1686,627,1059,0,0,0,1.0,1,1.0,1,1.0,1,0.24842625982671618,50
803,1,1687,627,1060,0,0,0,1.0,1,1.0,1,1.0,1,0.23106611272885244,50
804,0,1687,627,1060,0,0,0,1.0,1,1.0,1,1.0,1,0.23106611272885244,50
805,1,1688,628,1060,0,0,0,1.0,1,1.0,1,1.0,1,0.2536144142653747,50
806,0,1688,628,1060,0,0,0,1.0,1,1.0,1,1.0,1,0.24322143674802418,51
807,0,1688,628,1060,0,0,0,1.0,1,1.0,1,1.0,1,0.24322143674802418,51
808,1,1689,628,1061,0,0,0,1.0,1,1.0,1,1.0,1,0.220670950664709,53
809,0,1689,628,1061,0,0,0,1.0,1,1.0,1,1.0,1,0.2301882395460637,51
810,0,1689,628,1061,0,0,0,1.0,1,1.0,1,1.0,1,0.24197520493540947,52
811,2,1691,629,1062,0,0,0,1.0,1,1.0,1,1.0,1,0.2645913515655601,50
812,3,1694,629,1065,0,0,0,1.0,1,1.0,1,1.0,1,0.26532424913697605,51
813,2,1696,630,1066,0,0,0,1.0,1,1.0,1,1.0,1,0.2874872355971212,51
814,2,1698,631,1067,0,0,0,1.0,1,1.0,1,1.0,1,0.2912812263658407,52
815,1,1699,632,1067,0,0,0,1.0,1,1.0,1,1.0,1,0.3233994006481969,50
816,0,1699,632,1067,0,0,0,1.0,1,1.0,1,1.0,1,0.3233994006481969,50
817,1,1700,632,1068,0,0,0,1.0,1,1.0,1,1.0,1,0.3331123348206417,49
818,3,1703,634,1069,0,0,0,1.0,1,1.0,1,1.0,1,0.3241531057747656,49
819,2,1705,634,1071,0,0,0,1.0,1,1.0,1,1.0,1,0.3184115066906682,50
820,1,1706,634,1072,0,0,0,1.0,1,1.0,1,1.0,1,0.33649337395766327,49
821,2,1708,634,1074,0,0,0,1.0,1,1.0,1,1.0,1,0.31271790546199874,49
822,0,1708,634,1074,0,0,0,1.0,1,1.0,1,1.0,1,0.31271790546199874,49
823,3,1711,636,1075,0,0,0,1.0,1,1.0,1,1.0,1,0.3539735251178333,47
824,7,1718,639,1079,0,0,0,1.0,1,1.0,1,1.0,1,0.32002737369080203,45
825,1,1719,639,1080,0,0,0,1.0,1,1.0,1,1.0,1,0.3029734340848035,43
826,5,1724,640,1084,0,0,0,1.0,1,1.0,1,1.0,1,0.2531693344177378,44
827,8,1732,641,1091,0,0,0,1.0,1,1.0,1,1.0,1,0.17160245825125192,43
828,2,1734,643,1091,0,0,0,1.0,1,1.0,1,1.0,1,0.18563057148305537,43
829,1,1735,644,1091,0,0,0,1.0,1,1.0,1,1.0,1,0.1957684410497114,45
830,0,1735,644,1091,0,0,0,1.0,1,1.0,1,1.0,1,0.2062480841327578,46
831,3,1738,646,1092,0,0,0,1.0,1,1.0,1,1.0,1,0.18655884647443213,48
832,1,1739,647,1092,0,0,0,1.0,1,1.0,1,1.0,1,0.18277186149915256,47
833,0,1739,647,1092,0,0,0,1.0,1,1.0,1,1.0,1,0.1927744205633444,47
834,1,1740,648,1092,0,0,0,1.0,1,1.0,1,1.0,1,0.20604422634397226,46
835,0,1740,648,1092,0,0,0,1.0,1,1.0,1,1.0,1,0.20252942461642665,45
836,0,1740,648,1092,0,0,0,1.0,1,1.0,1,1.0,1,0.21219617431462914,46
837,1,1741,649,1092,0,0,0,1.0,1,1.0,1,1.0,1,0.22071086321998284,46
838,0,1741,649,1092,0,0,0,1.0,1,1.0,1,1.0,1,0.2168060284263451,45
839,1,1742,649,1093,0,0,0,1.0,1,1.0,1,1.0,1,0.2110482729142686,46
840,2,1744,650,1094,0,0,0,1.0,1,1.0,1,1.0,1,0.21704603103411418,46
841,1,1745,651,1094,0,0,0,1.0,1,1.0,1,1.0,1,0.19362014950732812,46
842,1,1746,651,1095,0,0,0,1.0,1,1.0,1,1.0,1,0.17280320710294966,46
843,1,1747,651,1096,0,0,0,1.0,1,1.0,1,1.0,1,0.1869054350243309,46
844,2,1749,653,1096,0,0,0,1.0,1,1.0,1,1.0,1,0.22257406304526853,47
845,2,1751,654,1097,0,0,0,1.0,1,1.0,1,1.0,1,0.2528103560314923,48
846,0,1751,654,1097,0,0,0,1.0,1,1.0,1,1.0,1,0.23816442963187123,47
847,1,1752,654,1098,0,0,0,1.0,1,1.0,1,1.0,1,0.2673785099056537,48
848,0,1752,654,1098,0,0,0,1.0,1,1.0,1,1.0,1,0.2796796273851021,48
849,0,1752,654,1098,0,0,0,1.0,1,1.0,1,1.0,1,0.3156638102589156,48
850,0,1752,654,1098,0,0,0,1.0,1,1.0,1,1.0,1,0.31680518217938824,46
851,3,1755,654,1101,0,0,0,1.0,1,1.0,1,1.0,1,0.2728280147082153,45
852,3,1758,657,1101,0,0,0,1.0,1,1.0,1,1.0,1,0.3062629647848993,44
853,2,1760,658,1102,0,0,0,1.0,1,1.0,1,1.0,1,0.2903848975038609,44
854,6,1766,660,1106,0,0,0,1.0,1,1.0,1,1.0,1,0.26367966190384345,45
855,2,1768,660,1108,0,0,0,1.0,1,1.0,1,1.0,1,0.23356370325478623,46
856,0,1768,660,1108,0,0,0,1.0,1,1.0,1,1.0,1,0.23356370325478623,46
857,0,1768,660,1108,0,0,0,1.0,1,1.0,1,1.0,1,0.2184582876822714,47
858,4,1772,662,1110,0,0,0,1.0,1,1.0,1,1.0,1,0.14870803217498363,48
859,1,1773,662,1111,0,0,0,1.0,1,1.0,1,1.0,1,0.1438412762459346,48
860,0,1773,662,1111,0,0,0,1.0,1,1.0,1,1.0,1,0.15471547565637797,49
861,1,1774,663,1111,0,0,0,1.0,1,1.0,1,1.0,1,0.16445000306043336,49
862,1,1775,664,1111,0,0,0,1.0,1,1.0,1,1.0,1,0.1432212764508943,49
863,3,1778,667,1111,0,0,0,1.0,1,1.0,1,1.0,1,0.19171918798500734,48
864,4,1782,669,1113,0,0,0,1.0,1,1.0,1,1.0,1,0.20055015664344147,49
865,1,1783,670,1113,0,0,0,1.0,1,1.0,1,1.0,1,0.18757197651231372,48
866,3,1786,671,1115,0,0,0,1.0,1,1.0,1,1.0,1,0.15806054324484267,50
867,1,1787,672,1115,0,0,0,1.0,1,1.0,1,1.0,1,0.18281173556352193,50
868,5,1792,675,1117,0,0,0,1.0,1,1.0,1,1.0,1,0.20990991394237518,51
869,6,1798,675,1123,0,0,0,1.0,1,1.0,1,1.0,1,0.16783382280357087,49
870,2,1800,676,1124,0,0,0,1.0,1,1.0,1,1.0,1,0.16380818555881702,49
871,2,1802,678,1124,0,0,0,1.0,1,1.0,1,1.0,1,0.19150874098598153,49
872,1,1803,679,1124,0,0,0,1.0,1,1.0,1,1.0,1,0.1993310083519825,48
873,2,1805,680,1125,0,0,0,1.0,1,1.0,1,1.0,1,0.23702519231458347,49
874,2,1807,681,1126,0,0,0,1.0,1,1.0,1,1.0,1,0.233463533738856,49
875,1,1808,682,1126,0,0,0,1.0,1,1.0,1,1.0,1,0.26261267080587924,50
876,6,1814,683,1131,0,0,0,1.0,1,1.0,1,1.0,1,0.1139757081633057,50
877,4,1818,686,1132,0,0,0,1.0,1,1.0,1,1.0,1,0.12023120813895824,50
878,3,1821,687,1134,0,0,0,1.0,1,1.0,1,1.0,1,0.11435153184769212,49
879,1,1822,688,1134,0,0,0,1.0,1,1.0,1,1.0,1,0.14727761523617808,49
880,1,1823,689,1134,0,0,0,1.0,1,1.0,1,1.0,1,0.17308109781460057,48
881,2,1825,691,1134,0,0,0,1.0,1,1.0,1,1.0,1,0.197479027151161,49
882,1,1826,691,1135,0,0,0,1.0,1,1.0,1,1.0,1,0.2220382784111967,48
883,1,1827,691,1136,0,0,0,1.0,1,1.0,1,1.0,1,0.18960252776945105,50
884,1,1828,691,1137,0,0,0,1.0,1,1.0,1,1.0,1,0.21409450379669054,50
885,1,1829,692,1137,0,0,0,1.0,1,1.0,1,1.0,1,0.20436942396058627,49
886,5,1834,693,1141,0,0,0,1.0,1,1.0,1,1.0,1,0.19382139926888253,49
887,0,1834,693,1141,0,0,0,1.0,1,1.0,1,1.0,1,0.19405445962287127,49
888,0,1834,693,1141,0,0,0,1.0,1,1.0,1,1.0,1,0.22116706740299022,47
889,2,1836,694,1142,0,0,0,1.0,1,1.0,1,1.0,1,0.2347893489767756,46
890,0,1836,694,1142,0,0,0,1.0,1,1.0,1,1.0,1,0.2519822538628684,44
891,4,1840,695,1145,0,0,0,1.0,1,1.0,1,1.0,1,0.26232018113307654,45
892,3,1843,696,1147,0,0,0,1.0,1,1.0,1,1.0,1,0.25109892193743716,45
893,1,1844,696,1148,0,0,0,1.0,1,1.0,1,1.0,1,0.2173370655303516,45
894,0,1844,696,1148,0,0,0,1.0,1,1.0,1,1.0,1,0.21712880494960773,44
895,0,1844,696,1148,0,0,0,1.0,1,1.0,1,1.0,1,0.2155719969937207,45
896,2,1846,698,1148,0,0,0,1.0,1,1.0,1,1.0,1,0.20068657369286147,44
897,0,1846,698,1148,0,0,0,1.0,1,1.0,1,1.0,1,0.20068657369286147,44
898,0,1846,698,1148,0,0,0,1.0,1,1.0,1,1.0,1,0.1902683465751061,45
899,2,1848,698,1150,0,0,0,1.0,1,1.0,1,1.0,1,0.23067539471436566,44
900,2,1850,699,1151,0,0,0,1.0,1,1.0,1,1.0,1,0.21177502018010078,46
901,1,1851,699,1152,0,0,0,1.0,1,1.0,1,1.0,1,0.21940846191023247,45
902,4,1855,702,1153,0,0,0,1.0,1,1.0,1,1.0,1,0.21761995117964825,45
903,2,1857,704,1153,0,0,0,1.0,1,1.0,1,1.0,1,0.2636679312414242,44
904,2,1859,705,1154,0,0,0,1.0,1,1.0,1,1.0,1,0.24900206581239762,45
905,1,1860,706,1154,0,0,0,1.0,1,1.0,1,1.0,1,0.2880409168216307,45
906,2,1862,708,1154,0,0,0,1.0,1,1.0,1,1.0,1,0.2840627393024373,45
907,1,1863,709,1154,0,0,0,1.0,1,1.0,1,1.0,1,0.29962173669956016,46
908,3,1866,711,1155,0,0,0,1.0,1,1.0,1,1.0,1,0.25331832976350427,46
909,4,1870,714,1156,0,0,0,1.0,1,1.0,1,1.0,1,0.2728080381234753,46
910,0,1870,714,1156,0,0,0,1.0,1,1.0,1,1.0,1,0.307400488566562,44
911,2,1872,715,1157,0,0,0,1.0,1,1.0,1,1.0,1,0.30365439531597727,45
912,0,1872,715,1157,0,0,0,1.0,1,1.0,1,1.0,1,0.32131671791947053,44
913,2,1874,717,1157,0,0,0,1.0,1,1.0,1,1.0,1,0.27328389658684576,45
914,2,1876,719,1157,0,0,0,1.0,1,1.0,1,1.0,1,0.29411826531117236,45
915,0,1876,719,1157,0,0,0,1.0,1,1.0,1,1.0,1,0.29411826531117236,45
916,0,1876,719,1157,0,0,0,1.0,1,1.0,1,1.0,1,0.29411826531117236,45
917,3,1879,719,1160,0,0,0,1.0,1,1.0,1,1.0,1,0.2712095943385897,46
918,1,1880,719,1161,0,0,0,1.0,1,1.0,1,1.0,1,0.2400773535571318,47
919,3,1883,720,1163,0,0,0,1.0,1,1.0,1,1.0,1,0.19951308134870824,47
920,0,1883,720,1163,0,0,0,1.0,1,1.0,1,1.0,1,0.19951308134870824,47
921,0,1883,720,1163,0,0,0,1.0,1,1.0,1,1.0,1,0.20818496939738101,49
922,2,1885,721,1164,0,0,0,1.0,1,1.0,1,1.0,1,0.19366886020271384,49
923,3,1888,723,1165,0,0,0,1.0,1,1.0,1,1.0,1,0.2204458649971873,47
924,1,1889,723,1166,0,0,0,1.0,1,1.0,1,1.0,1,0.21574030602746758,47
925,2,1891,724,1167,0,0,0,1.0,1,1.0,1,1.0,1,0.1990294886512368,47
926,3,1894,726,1168,0,0,0,1.0,1,1.0,1,1.0,1,0.25888279421154986,46
927,1,1895,727,1168,0,0,0,1.0,1,1.0,1,1.0,1,0.2660560910372961,45
928,0,1895,727,1168,0,0,0,1.0,1,1.0,1,1.0,1,0.2663024346402807,43
929,0,1895,727,1168,0,0,0,1.0,1,1.0,1,1.0,1,0.2780244463378125,42
930,0,1895,727,1168,0,0,0,1.0,1,1.0,1,1.0,1,0.26198767566673514,41
931,1,1896,728,1168,0,0,0,1.0,1,1.0,1,1.0,1,0.2703614653485453,40
932,1,1897,729,1168,0,0,0,1.0,1,1.0,1,1.0,1,0.23068559403271274,40
933,4,1901,733,1168,0,0,0,1.0,1,1.0,1,1.0,1,0.2780195699424847,39
934,2,1903,734,1169,0,0,0,1.0,1,1.0,1,1.0,1,0.2926500409123389,39
935,3,1906,737,1169,0,0,0,1.0,1,1.0,1,1.0,1,0.36077409339124766,41
936,0,1906,737,1169,0,0,0,1.0,1,1.0,1,1.0,1,0.34035541958425675,42
937,1,1907,737,1170,0,0,0,1.0,1,1.0,1,1.0,1,0.35038225236480364,43
938,4,1911,737,1174,0,0,0,1.0,1,1.0,1,1.0,1,0.3118866403745074,44
939,0,1911,737,1174,0,0,0,1.0,1,1.0,1,1.0,1,0.32074577436474194,46
940,1,1912,738,1174,0,0,0,1.0,1,1.0,1,1.0,1,0.3064379963550069,46
941,1,1913,739,1174,0,0,0,1.0,1,1.0,1,1.0,1,0.3230945741892538,46
942,2,1915,741,1174,0,0,0,1.0,1,1.0,1,1.0,1,0.35184690175432404,46
943,2,1917,743,1174,0,0,0,1.0,1,1.0,1,1.0,1,0.35101292866740086,45
944,1,1918,744,1174,0,0,0,1.0,1,1.0,1,1.0,1,0.35716159495529515,45
945,2,1920,746,1174,0,0,0,1.0,1,1.0,1,1.0,1,0.38564024457470336,44
946,5,1925,749,1176,0,0,0,1.0,1,1.0,1,1.0,1,0.42963288669867555,46
947,1,1926,749,1177,0,0,0,1.0,1,1.0,1,1.0,1,0.41167164956684626,44
948,1,1927,750,1177,0,0,0,1.0,1,1.0,1,1.0,1,0.41450878228044874,44
949,6,1933,750,1183,0,0,0,1.0,1,1.0,1,1.0,1,0.36835015202548754,44
950,1,1934,751,1183,0,0,0,1.0,1,1.0,1,1.0,1,0.38965562528556213,43
951,4,1938,751,1187,0,0,0,1.0,1,1.0,1,1.0,1,0.3065762635736147,42
952,2,1940,752,1188,0,0,0,1.0,1,1.0,1,1.0,1,0.3236754151161898,42
953,0,1940,752,1188,0,0,0,1.0,1,1.0,1,1.0,1,0.3066990239739679,41
954,1,1941,752,1189,0,0,0,1.0,1,1.0,1,1.0,1,0.29161134909944075,40
955,2,1943,752,1191,0,0,0,1.0,1,1.0,1,1.0,1,0.2695926599283568,42
956,1,1944,753,1191,0,0,0,1.0,1,1.0,1,1.0,1,0.25929436837440334,43
957,0,1944,753,1191,0,0,0,1.0,1,1.0,1,1.0,1,0.2694641236163754,42
958,3,1947,754,1193,0,0,0,1.0,1,1.0,1,1.0,1,0.22116820661119832,43
959,5,1952,756,1196,0,0,0,1.0,1,1.0,1,1.0,1,0.21353160483087835,45
960,3,1955,757,1198,0,0,0,1.0,1,1.0,1,1.0,1,0.2350452054678273,47
961,3,1958,758,1200,0,0,0,1.0,1,1.0,1,1.0,1,0.26702466241091444,45
962,2,1960,759,1201,0,0,0,1.0,1,1.0,1,1.0,1,0.2896332650503127,45
963,1,1961,760,1201,0,0,0,1.0,1,1.0,1,1.0,1,0.3223967261909907,44
964,4,1965,760,1205,0,0,0,1.0,1,1.0,1,1.0,1,0.30722125174137305,44
965,8,1973,760,1213,0,0,0,1.0,1,1.0,1,1.0,1,0.3057141171379673,45
966,5,1978,760,1218,0,0,0,1.0,1,1.0,1,1.0,1,0.2326984197816651,43
967,4,1982,760,1222,0,0,0,1.0,1,1.0,1,1.0,1,0.2326984197816651,43
968,4,1986,760,1226,0,0,0,1.0,1,1.0,1,1.0,1,0.22997217702502143,43
969,6,1992,761,1231,0,0,0,1.0,1,1.0,1,1.0,1,0.2424627495047614,42
970,3,1995,761,1234,0,0,0,1.0,1,1.0,1,1.0,1,0.28020971496257857,42
971,2,1997,761,1236,0,0,0,1.0,1,1.0,1,1.0,1,0.25245828923393865,42
972,2,1999,761,1238,0,0,0,1.0,1,1.0,1,1.0,1,0.28020971496257857,42
973,2,2001,761,1240,0,0,0,1.0,1,1.0,1,1.0,1,0.2441778840101471,43
974,7,2008,763,1245,0,0,0,1.0,1,1.0,1,1.0,1,0.2520885116895818,43
975,6,2014,763,1251,0,0,0,1.0,1,1.0,1,1.0,1,0.27971641209199494,43
976,4,2018,763,1255,0,0,0,1.0,1,1.0,1,1.0,1,0.21235564338927146,45
977,0,2018,763,1255,0,0,0,1.0,1,1.0,1,1.0,1,0.22418656006833798,44
978,0,2018,763,1255,0,0,0,1.0,1,1.0,1,1.0,1,0.22418656006833798,44
979,0,2018,763,1255,0,0,0,1.0,1,1.0,1,1.0,1,0.2521457516757657,45
980,1,2019,764,1255,0,0,0,1.0,1,1.0,1,1.0,1,0.2645591419121266,45
981,1,2020,764,1256,0,0,0,1.0,1,1.0,1,1.0,1,0.25511415401730364,45
982,3,2023,766,1257,0,0,0,1.0,1,1.0,1,1.0,1,0.3264009107218831,46
983,4,2027,768,1259,0,0,0,1.0,1,1.0,1,1.0,1,0.3389568297257843,45
984,4,2031,770,1261,0,0,0,1.0,1,1.0,1,1.0,1,0.3344864939095727,45
985,3,2034,772,1262,0,0,0,1.0,1,1.0,1,1.0,1,0.3712925620137556,45
986,5,2039,774,1265,0,0,0,1.0,1,1.0,1,1.0,1,0.4082696373046703,44
987,5,2044,775,1269,0,0,0,1.0,1,1.0,1,1.0,1,0.38813797317768245,45
988,4,2048,776,1272,0,0,0,1.0,1,1.0,1,1.0,1,0.38187047717162875,44
989,4,2052,777,1275,0,0,0,1.0,1,1.0,1,1.0,1,0.4035961277975488,43
990,3,2055,778,1277,0,0,0,1.0,1,1.0,1,1.0,1,0.37344841215134783,42
991,0,2055,778,1277,0,0,0,1.0,1,1.0,1,1.0,1,0.36793313523780186,42
992,0,2055,778,1277,0,0,0,1.0,1,1.0,1,1.0,1,0.3548426411515515,43
993,0,2055,778,1277,0,0,0,1.0,1,1.0,1,1.0,1,0.3548426411515515,43
994,4,2059,779,1280,0,0,0,1.0,1,1.0,1,1.0,1,0.38800877614003976,43
995,4,2063,779,1284,0,0,0,1.0,1,1.0,1,1.0,1,0.3745809768763672,43
996,2,2065,779,1286,0,0,0,1.0,1,1.0,1,1.0,1,0.37302826673412054,44
997,5,2070,779,1291,0,0,0,1.0,1,1.0,1,1.0,1,0.35218247091668575,44
998,2,2072,779,1293,0,0,0,1.0,1,1.0,1,1.0,1,0.3743360313591409,45
999,4,2076,779,1297,0,0,0,1.0,1,1.0,1,1.0,1,0.36471248303318166,42
1000,2,2078,779,1299,0,0,0,1.0,1,1.0,1,1.0,1,0.35429955142669706,43
1001,4,2082,779,1303,0,0,0,1.0,1,1.0,1,1.0,1,0.3002967040048741,42
1002,2,2084,779,1305,0,0,0,1.0,1,1.0,1,1.0,1,0.25534871976091544,43
1003,1,2085,779,1306,0,0,0,1.0,1,1.0,1,1.0,1,0.22865535104145296,43
1004,0,2085,779,1306,0,0,0,1.0,1,1.0,1,1.0,1,0.22865535104145296,43
1005,0,2085,779,1306,0,0,0,1.0,1,1.0,1,1.0,1,0.24382606734303253,44
1006,3,2088,779,1309,0,0,0,1.0,1,1.0,1,1.0,1,0.21884413895515148,46
1007,0,2088,779,1309,0,0,0,1.0,1,1.0,1,1.0,1,0.21884413895515148,46
1008,2,2090,780,1310,0,0,0,1.0,1,1.0,1,1.0,1,0.21976174640646778,47
1009,2,2092,780,1312,0,0,0,1.0,1,1.0,1,1.0,1,0.2008572283050412,48
1010,1,2093,780,1313,0,0,0,1.0,1,1.0,1,1.0,1,0.20500905129326286,48
1011,0,2093,780,1313,0,0,0,1.0,1,1.0,1,1.0,1,0.20500905129326286,48
1012,2,2095,781,1314,0,0,0,1.0,1,1.0,1,1.0,1,0.21406196697667376,49
1013,0,2095,781,1314,0,0,0,1.0,1,1.0,1,1.0,1,0.19646209021314687,50
1014,1,2096,782,1314,0,0,0,1.0,1,1.0,1,1.0,1,0.20442446907849143,50
1015,2,2098,782,1316,0,0,0,1.0,1,1.0,1,1.0,1,0.23557658048978108,51
1016,2,2100,783,1317,0,0,0,1.0,1,1.0,1,1.0,1,0.24541749934352317,51
1017,4,2104,783,1321,0,0,0,1.0,1,1.0,1,1.0,1,0.21914223680762987,52
1018,3,2107,784,1323,0,0,0,1.0,1,1.0,1,1.0,1,0.22245318143344,52
1019,2,2109,784,1325,0,0,0,1.0,1,1.0,1,1.0,1,0.2674780168170074,52
1020,2,2111,784,1327,0,0,0,1.0,1,1.0,1,1.0,1,0.25362192595918587,53
1021,3,2114,784,1330,0,0,0,1.0,1,1.0,1,1.0,1,0.24977900065610678,53
1022,1,2115,784,1331,0,0,0,1.0,1,1.0,1,1.0,1,0.2140480064275561,54
1023,3,2118,785,1333,0,0,0,1.0,1,1.0,1,1.0,1,0.21919296707102087,55
1024,1,2119,785,1334,0,0,0,1.0,1,1.0,1,1.0,1,0.2428506714039268,55
1025,4,2123,785,1338,0,0,0,1.0,1,1.0,1,1.0,1,0.20183222493969724,56
1026,4,2127,785,1342,0,0,0,1.0,1,1.0,1,1.0,1,0.14884048035951386,57
1027,0,2127,785,1342,0,0,0,1.0,1,1.0,1,1.0,1,0.14558613972306703,58
1028,3,2130,786,1344,0,0,0,1.0,1,1.0,1,1.0,1,0.13970521653516643,58
1029,2,2132,788,1344,0,0,0,1.0,1,1.0,1,1.0,1,0.17951995526318584,59
1030,1,2133,788,1345,0,0,0,1.0,1,1.0,1,1.0,1,0.1661492582444485,60
1031,1,2134,789,1345,0,0,0,1.0,1,1.0,1,1.0,1,0.16474351191746245,60
1032,2,2136,790,1346,0,0,0,1.0,1,1.0,1,1.0,1,0.184415674007117,61
1033,1,2137,791,1346,0,0,0,1.0,1,1.0,1,1.0,1,0.18539120050493765,60
1034,3,2140,794,1346,0,0,0,1.0,1,1.0,1,1.0,1,0.19975546167676053,60
1035,1,2141,795,1346,0,0,0,1.0,1,1.0,1,1.0,1,0.21037979982126445,59
1036,9,2150,798,1352,0,0,0,1.0,1,1.0,1,1.0,1,0.20238154018589538,60
1037,2,2152,800,1352,0,0,0,1.0,1,1.0,1,1.0,1,0.2235445810107693,59
1038,2,2154,802,1352,0,0,0,1.0,1,1.0,1,1.0,1,0.24066496618883676,60
1039,3,2157,804,1353,0,0,0,1.0,1,1.0,1,1.0,1,0.28261585587801186,60
1040,5,2162,807,1355,0,0,0,1.0,1,1.0,1,1.0,1,0.35226413232317516,58
1041,5,2167,809,1358,0,0,0,1.0,1,1.0,1,1.0,1,0.33061738479311487,56
1042,1,2168,809,1359,0,0,0,1.0,1,1.0,1,1.0,1,0.3120877325943049,55
1043,0,2168,809,1359,0,0,0,1.0,1,1.0,1,1.0,1,0.3120877325943049,55
1044,3,2171,810,1361,0,0,0,1.0,1,1.0,1,1.0,1,0.299219234228395,52
1045,0,2171,810,1361,0,0,0,1.0,1,1.0,1,1.0,1,0.279146100422089,52
1046,3,2174,810,1364,0,0,0,1.0,1,1.0,1,1.0,1,0.26552789164887314,53
1047,0,2174,810,1364,0,0,0,1.0,1,1.0,1,1.0,1,0.2550399479832149,54
1048,4,2178,811,1367,0,0,0,1.0,1,1.0,1,1.0,1,0.24857793453795243,56
1049,2,2180,813,1367,0,0,0,1.0,1,1.0,1,1.0,1,0.26019775127310374,55
1050,0,2180,813,1367,0,0,0,1.0,1,1.0,1,1.0,1,0.2579086987998848,56
1051,7,2187,813,1374,0,0,0,1.0,1,1.0,1,1.0,1,0.15598625563563187,55
1052,3,2190,814,1376,0,0,0,1.0,1,1.0,1,1.0,1,0.13861437573064259,56
1053,0,2190,814,1376,0,0,0,1.0,1,1.0,1,1.0,1,0.13861437573064259,56
1054,0,2190,814,1376,0,0,0,1.0,1,1.0,1,1.0,1,0.13738083961696898,57
1055,0,2190,814,1376,0,0,0,1.0,1,1.0,1,1.0,1,0.15003509344467875,58
1056,0,2190,814,1376,0,0,0,1.0,1,1.0,1,1.0,1,0.1616731013927255,59
1057,3,2193,814,1379,0,0,0,1.0,1,1.0,1,1.0,1,0.11691697997717361,60
1058,1,2194,815,1379,0,0,0,1.0,1,1.0,1,1.0,1,0.1415379651957437,60
1059,0,2194,815,1379,0,0,0,1.0,1,1.0,1,1.0,1,0.1415379651957437,60
1060,2,2196,816,1380,0,0,0,1.0,1,1.0,1,1.0,1,0.1432633293851841,60
1061,2,2198,818,1380,0,0,0,1.0,1,1.0,1,1.0,1,0.14849021305576343,59
1062,1,2199,819,1380,0,0,0,1.0,1,1.0,1,1.0,1,0.18470157729381545,59
1063,2,2201,821,1380,0,0,0,1.0,1,1.0,1,1.0,1,0.19843680886554768,58
1064,5,2206,824,1382,0,0,0,1.0,1,1.0,1,1.0,1,0.23661397314771113,58
1065,4,2210,827,1383,0,0,0,1.0,1,1.0,1,1.0,1,0.23858017641821738,60
1066,3,2213,829,1384,0,0,0,1.0,1,1.0,1,1.0,1,0.25873666836918785,58
1067,6,2219,831,1388,0,0,0,1.0,1,1.0,1,1.0,1,0.25516423636537366,59
1068,4,2223,831,1392,0,0,0,1.0,1,1.0,1,1.0,1,0.25547677937939256,59
1069,3,2226,832,1394,0,0,0,1.0,1,1.0,1,1.0,1,0.28018757463670874,58
1070,3,2229,833,1396,0,0,0,1.0,1,1.0,1,1.0,1,0.25492379572186835,58
1071,4,2233,836,1397,0,0,0,1.0,1,1.0,1,1.0,1,0.259280752839306,57
1072,0,2233,836,1397,0,0,0,1.0,1,1.0,1,1.0,1,0.254547821644269,56
1073,0,2233,836,1397,0,0,0,1.0,1,1.0,1,1.0,1,0.28425478284126676,54
1074,0,2233,836,1397,0,0,0,1.0,1,1.0,1,1.0,1,0.28425478284126676,54
1075,1,2234,837,1397,0,0,0,1.0,1,1.0,1,1.0,1,0.2884388560875931,51
1076,1,2235,837,1398,0,0,0,1.0,1,1.0,1,1.0,1,0.2659311506769238,51
1077,3,2238,839,1399,0,0,0,1.0,1,1.0,1,1.0,1,0.2483393850637656,51
1078,6,2244,840,1404,0,0,0,1.0,1,1.0,1,1.0,1,0.20588523229345213,52
1079,7,2251,844,1407,0,0,0,1.0,1,1.0,1,1.0,1,0.1809105748379351,51
1080,1,2252,845,1407,0,0,0,1.0,1,1.0,1,1.0,1,0.1907381976875927,51
1081,0,2252,845,1407,0,0,0,1.0,1,1.0,1,1.0,1,0.1915954570376799,48
1082,3,2255,846,1409,0,0,0,1.0,1,1.0,1,1.0,1,0.1577798535082844,47
1083,2,2257,847,1410,0,0,0,1.0,1,1.0,1,1.0,1,0.18829856172995765,46
1084,1,2258,847,1411,0,0,0,1.0,1,1.0,1,1.0,1,0.1842123836629397,45
1085,2,2260,848,1412,0,0,0,1.0,1,1.0,1,1.0,1,0.20467246638952644,46
1086,0,2260,848,1412,0,0,0,1.0,1,1.0,1,1.0,1,0.19357468969650668,45
1087,2,2262,850,1412,0,0,0,1.0,1,1.0,1,1.0,1,0.1976268468298372,44
1088,1,2263,850,1413,0,0,0,1.0,1,1.0,1,1.0,1,0.2062703207851565,45
1089,1,2264,851,1413,0,0,0,1.0,1,1.0,1,1.0,1,0.2002323548733872,46
1090,1,2265,851,1414,0,0,0,1.0,1,1.0,1,1.0,1,0.17873935986057204,47
1091,1,2266,852,1414,0,0,0,1.0,1,1.0,1,1.0,1,0.1602897340855513,47
1092,0,2266,852,1414,0,0,0,1.0,1,1.0,1,1.0,1,0.15798270209755008,48
1093,2,2268,853,1415,0,0,0,1.0,1,1.0,1,1.0,1,0.1548139041023974,48
1094,3,2271,855,1416,0,0,0,1.0,1,1.0,1,1.0,1,0.18054832716164285,48
1095,1,2272,856,1416,0,0,0,1.0,1,1.0,1,1.0,1,0.20064460262779696,49
1096,1,2273,856,1417,0,0,0,1.0,1,1.0,1,1.0,1,0.2209258610420643,49
1097,3,2276,858,1418,0,0,0,1.0,1,1.0,1,1.0,1,0.24724768642205733,50
1098,3,2279,858,1421,0,0,0,1.0,1,1.0,1,1.0,1,0.2674932953534423,51
1099,2,2281,858,1423,0,0,0,1.0,1,1.0,1,1.0,1,0.2384975638651669,54
1100,2,2283,859,1424,0,0,0,1.0,1,1.0,1,1.0,1,0.2707509748684115,54
1101,6,2289,860,1429,0,0,0,1.0,1,1.0,1,1.0,1,0.19049240796387196,54
1102,1,2290,860,1430,0,0,0,1.0,1,1.0,1,1.0,1,0.18870615321625112,54
1103,1,2291,861,1430,0,0,0,1.0,1,1.0,1,1.0,1,0.16188183881644402,53
1104,1,2292,862,1430,0,0,0,1.0,1,1.0,1,1.0,1,0.1555559115085169,53
1105,0,2292,862,1430,0,0,0,1.0,1,1.0,1,1.0,1,0.15798026184741779,52
1106,1,2293,863,1430,0,0,0,1.0,1,1.0,1,1.0,1,0.19256867810817957,52
1107,3,2296,865,1431,0,0,0,1.0,1,1.0,1,1.0,1,0.23314001729874556,52
1108,3,2299,868,1431,0,0,0,1.0,1,1.0,1,1.0,1,0.2345587636641664,51
1109,3,2302,871,1431,0,0,0,1.0,1,1.0,1,1.0,1,0.24307335371236438,49
1110,1,2303,872,1431,0,0,0,1.0,1,1.0,1,1.0,1,0.25342294665177806,48
1111,8,2311,877,1434,0,0,0,1.0,1,1.0,1,1.0,1,0.29523052452290377,47
1112,1,2312,878,1434,0,0,0,1.0,1,1.0,1,1.0,1,0.3297101611420185,46
1113,1,2313,879,1434,0,0,0,1.0,1,1.0,1,1.0,1,0.3512944193340618,43
1114,1,2314,880,1434,0,0,0,1.0,1,1.0,1,1.0,1,0.3964784684517541,41
1115,2,2316,882,1434,0,0,0,1.0,1,1.0,1,1.0,1,0.36499515823264594,40
1116,0,2316,882,1434,0,0,0,1.0,1,1.0,1,1.0,1,0.35026454404932494,39
1117,6,2322,886,1436,0,0,0,1.0,1,1.0,1,1.0,1,0.309143414616503,40
1118,1,2323,887,1436,0,0,0,1.0,1,1.0,1,1.0,1,0.28837802424848585,40
1119,0,2323,887,1436,0,0,0,1.0,1,1.0,1,1.0,1,0.28837802424848585,40
1120,0,2323,887,1436,0,0,0,1.0,1,1.0,1,1.0,1,0.28837802424848585,40
1121,1,2324,888,1436,0,0,0,1.0,1,1.0,1,1.0,1,0.28519602585939563,40
1122,0,2324,888,1436,0,0,0,1.0,1,1.0,1,1.0,1,0.2872951625450683,41
1123,1,2325,889,1436,0,0,0,1.0,1,1.0,1,1.0,1,0.310383870181108,41
1124,0,2325,889,1436,0,0,0,1.0,1,1.0,1,1.0,1,0.310383870181108,41
1125,3,2328,891,1437,0,0,0,1.0,1,1.0,1,1.0,1,0.4227675717171367,41
1126,5,2333,892,1441,0,0,0,1.0,1,1.0,1,1.0,1,0.30849494583234066,41
1127,1,2334,892,1442,0,0,0,1.0,1,1.0,1,1.0,1,0.3003406318958565,41
1128,4,2338,893,1445,0,0,0,1.0,1,1.0,1,1.0,1,0.22905157912558397,42
1129,2,2340,894,1446,0,0,0,1.0,1,1.0,1,1.0,1,0.21545169758423913,42
1130,1,2341,894,1447,0,0,0,1.0,1,1.0,1,1.0,1,0.1980556633868768,42
1131,0,2341,894,1447,0,0,0,1.0,1,1.0,1,1.0,1,0.1980556633868768,42
1132,2,2343,895,1448,0,0,0,1.0,1,1.0,1,1.0,1,0.14847101219087377,43
1133,2,2345,895,1450,0,0,0,1.0,1,1.0,1,1.0,1,0.12106651900996167,45
1134,0,2345,895,1450,0,0,0,1.0,1,1.0,1,1.0,1,0.13195520616603695,46
1135,2,2347,895,1452,0,0,0,1.0,1,1.0,1,1.0,1,0.14155751998668922,45
1136,2,2349,895,1454,0,0,0,1.0,1,1.0,1,1.0,1,0.19221093538740575,48
1137,2,2351,895,1456,0,0,0,1.0,1,1.0,1,1.0,1,0.22859467545348028,49
1138,3,2354,895,1459,0,0,0,1.0,1,1.0,1,1.0,1,0.21992468078413185,49
1139,0,2354,895,1459,0,0,0,1.0,1,1.0,1,1.0,1,0.25864286252131574,49
1140,2,2356,896,1460,0,0,0,1.0,1,1.0,1,1.0,1,0.24959971912633205,49
1141,4,2360,897,1463,0,0,0,1.0,1,1.0,1,1.0,1,0.2511189391333328,48
1142,2,2362,898,1464,0,0,0,1.0,1,1.0,1,1.0,1,0.23802157018750913,48
1143,4,2366,900,1466,0,0,0,1.0,1,1.0,1,1.0,1,0.2591187286553699,48
1144,5,2371,901,1470,0,0,0,1.0,1,1.0,1,1.0,1,0.1906080903604301,48
1145,0,2371,901,1470,0,0,0,1.0,1,1.0,1,1.0,1,0.20279749492896218,48
1146,4,2375,903,1472,0,0,0,1.0,1,1.0,1,1.0,1,0.21728664149679044,48
1147,0,2375,903,1472,0,0,0,1.0,1,1.0,1,1.0,1,0.25075743386910937,46
1148,4,2379,906,1473,0,0,0,1.0,1,1.0,1,1.0,1,0.24443451157799156,46
1149,2,2381,907,1474,0,0,0,1.0,1,1.0,1,1.0,1,0.3244770476490629,45
1150,2,2383,908,1475,0,0,0,1.0,1,1.0,1,1.0,1,0.3188970912466707,46
1151,5,2388,909,1479,0,0,0,1.0,1,1.0,1,1.0,1,0.2642766298564373,44
1152,0,2388,909,1479,0,0,0,1.0,1,1.0,1,1.0,1,0.2267744821286391,44
1153,2,2390,911,1479,0,0,0,1.0,1,1.0,1,1.0,1,0.2545672194959647,43
1154,6,2396,913,1483,0,0,0,1.0,1,1.0,1,1.0,1,0.23244165626959862,43
1155,2,2398,913,1485,0,0,0,1.0,1,1.0,1,1.0,1,0.2283597227463975,43
1156,4,2402,913,1489,0,0,0,1.0,1,1.0,1,1.0,1,0.21216527511489716,42
1157,5,2407,913,1494,0,0,0,1.0,1,1.0,1,1.0,1,0.22210804786788413,42
1158,3,2410,913,1497,0,0,0,1.0,1,1.0,1,1.0,1,0.23047775145980903,41
1159,2,2412,913,1499,0,0,0,1.0,1,1.0,1,1.0,1,0.22850839465754075,41
1160,3,2415,913,1502,0,0,0,1.0,1,1.0,1,1.0,1,0.23118827060473512,41
1161,3,2418,913,1505,0,0,0,1.0,1,1.0,1,1.0,1,0.23514550365779593,42
1162,2,2420,913,1507,0,0,0,1.0,1,1.0,1,1.0,1,0.24414588878988758,43
1163,2,2422,913,1509,0,0,0,1.0,1,1.0,1,1.0,1,0.24414588878988758,43
1164,2,2424,913,1511,0,0,0,1.0,1,1.0,1,1.0,1,0.23124956632527402,44
1165,1,2425,913,1512,0,0,0,1.0,1,1.0,1,1.0,1,0.23569747326745916,44
1166,5,2430,914,1516,0,0,0,1.0,1,1.0,1,1.0,1,0.2301947533973633,46
1167,3,2433,915,1518,0,0,0,1.0,1,1.0,1,1.0,1,0.21533386845629202,46
1168,4,2437,915,1522,0,0,0,1.0,1,1.0,1,1.0,1,0.16663867235230384,47
1169,3,2440,916,1524,0,0,0,1.0,1,1.0,1,1.0,1,0.1613658464209936,46
1170,2,2442,916,1526,0,0,0,1.0,1,1.0,1,1.0,1,0.15501443872007145,48
1171,3,2445,918,1527,0,0,0,1.0,1,1.0,1,1.0,1,0.15397441081659302,49
1172,1,2446,918,1528,0,0,0,1.0,1,1.0,1,1.0,1,0.1630743465600427,49
1173,1,2447,918,1529,0,0,0,1.0,1,1.0,1,1.0,1,0.15397441081659302,49
1174,2,2449,919,1530,0,0,0,1.0,1,1.0,1,1.0,1,0.17907015847708826,49
1175,2,2451,919,1532,0,0,0,1.0,1,1.0,1,1.0,1,0.1881745274533622,50
1176,3,2454,919,1535,0,0,0,1.0,1,1.0,1,1.0,1,0.17507893450535886,52
1177,2,2456,921,1535,0,0,0,1.0,1,1.0,1,1.0,1,0.18841409764986639,52
1178,0,2456,921,1535,0,0,0,1.0,1,1.0,1,1.0,1,0.18841409764986639,52
1179,1,2457,922,1535,0,0,0,1.0,1,1.0,1,1.0,1,0.15298740820093998,53
1180,0,2457,922,1535,0,0,0,1.0,1,1.0,1,1.0,1,0.1611092776868312,54
1181,1,2458,922,1536,0,0,0,1.0,1,1.0,1,1.0,1,0.15928978737939206,55
1182,4,2462,925,1537,0,0,0,1.0,1,1.0,1,1.0,1,0.20785343248022556,55
1183,4,2466,927,1539,0,0,0,1.0,1,1.0,1,1.0,1,0.2285218635893634,53
1184,3,2469,928,1541,0,0,0,1.0,1,1.0,1,1.0,1,0.2368981451074022,54
1185,0,2469,928,1541,0,0,0,1.0,1,1.0,1,1.0,1,0.24174831526171472,53
1186,2,2471,929,1542,0,0,0,1.0,1,1.0,1,1.0,1,0.2702419674708594,54
1187,2,2473,929,1544,0,0,0,1.0,1,1.0,1,1.0,1,0.2803265987953493,55
1188,2,2475,929,1546,0,0,0,1.0,1,1.0,1,1.0,1,0.2803265987953493,55
1189,1,2476,929,1547,0,0,0,1.0,1,1.0,1,1.0,1,0.2647621574821315,54
1190,0,2476,929,1547,0,0,0,1.0,1,1.0,1,1.0,1,0.25006786100760287,55
1191,0,2476,929,1547,0,0,0,1.0,1,1.0,1,1.0,1,0.2389483217363992,54
1192,7,2483,932,1551,0,0,0,1.0,1,1.0,1,1.0,1,0.24595234223759904,52
1193,1,2484,932,1552,0,0,0,1.0,1,1.0,1,1.0,1,0.2527875635940456,53
1194,4,2488,934,1554,0,0,0,1.0,1,1.0,1,1.0,1,0.2828872223487367,53
1195,5,2493,935,1558,0,0,0,1.0,1,1.0,1,1.0,1,0.2522949353342733,54
1196,1,2494,935,1559,0,0,0,1.0,1,1.0,1,1.0,1,0.2580481936832105,56
1197,3,2497,937,1560,0,0,0,1.0,1,1.0,1,1.0,1,0.2769320669449891,56
1198,6,2503,938,1565,0,0,0,1.0,1,1.0,1,1.0,1,0.23859093444144472,58
1199,3,2506,939,1567,0,0,0,1.0,1,1.0,1,1.0,1,0.25006093318284106,58
1200,1,2507,939,1568,0,0,0,1.0,1,1.0,1,1.0,1,0.25047967070474897,58
1201,5,2512,941,1571,0,0,0,1.0,1,1.0,1,1.0,1,0.2369260471156467,58
1202,1,2513,941,1572,0,0,0,1.0,1,1.0,1,1.0,1,0.2144613518695873,60
1203,0,2513,941,1572,0,0,0,1.0,1,1.0,1,1.0,1,0.21415663560888393,58
1204,1,2514,942,1572,0,0,0,1.0,1,1.0,1,1.0,1,0.22631266315362272,59
1205,0,2514,942,1572,0,0,0,1.0,1,1.0,1,1.0,1,0.22631266315362272,59
1206,0,2514,942,1572,0,0,0,1.0,1,1.0,1,1.0,1,0.24132277098296467,58
1207,4,2518,942,1576,0,0,0,1.0,1,1.0,1,1.0,1,0.19280173056775288,60
1208,1,2519,942,1577,0,0,0,1.0,1,1.0,1,1.0,1,0.18212373888526426,60
1209,1,2520,942,1578,0,0,0,1.0,1,1.0,1,1.0,1,0.18264725236893006,61
1210,0,2520,942,1578,0,0,0,1.0,1,1.0,1,1.0,1,0.18264725236893006,61
1211,0,2520,942,1578,0,0,0,1.0,1,1.0,1,1.0,1,0.16708670516162835,63
1212,0,2520,942,1578,0,0,0,1.0,1,1.0,1,1.0,1,0.16708670516162835,63
1213,1,2521,943,1578,0,0,0,1.0,1,1.0,1,1.0,1,0.1723425828955857,63
1214,2,2523,945,1578,0,0,0,1.0,1,1.0,1,1.0,1,0.25750263711692234,62
1215,2,2525,945,1580,0,0,0,1.0,1,1.0,1,1.0,1,0.24230988808714826,63
1216,3,2528,945,1583,0,0,0,1.0,1,1.0,1,1.0,1,0.24453793883929464,64
1217,0,2528,945,1583,0,0,0,1.0,1,1.0,1,1.0,1,0.24440634105698816,65
1218,1,2529,946,1583,0,0,0,1.0,1,1.0,1,1.0,1,0.2607947148359801,64
1219,3,2532,947,1585,0,0,0,1.0,1,1.0,1,1.0,1,0.25738586600455404,65
1220,4,2536,948,1588,0,0,0,1.0,1,1.0,1,1.0,1,0.2707459093004996,64
1221,3,2539,948,1591,0,0,0,1.0,1,1.0,1,1.0,1,0.2491730812109444,65
1222,2,2541,950,1591,0,0,0,1.0,1,1.0,1,1.0,1,0.24329546837459107,66
1223,1,2542,951,1591,0,0,0,1.0,1,1.0,1,1.0,1,0.2460107130367461,64
1224,8,2550,956,1594,0,0,0,1.0,1,1.0,1,1.0,1,0.20929498182319814,66
1225,5,2555,958,1597,0,0,0,1.0,1,1.0,1,1.0,1,0.19230684596984762,66
1226,4,2559,959,1600,0,0,0,1.0,1,1.0,1,1.0,1,0.18920691524630412,68
1227,2,2561,960,1601,0,0,0,1.0,1,1.0,1,1.0,1,0.15904976596582143,64
1228,0,2561,960,1601,0,0,0,1.0,1,1.0,1,1.0,1,0.15508144729288592,62
1229,2,2563,961,1602,0,0,0,1.0,1,1.0,1,1.0,1,0.1149411435934025,61
1230,2,2565,963,1602,0,0,0,1.0,1,1.0,1,1.0,1,0.14411716411375283,58
1231,0,2565,963,1602,0,0,0,1.0,1,1.0,1,1.0,1,0.13383865651932947,57
1232,1,2566,964,1602,0,0,0,1.0,1,1.0,1,1.0,1,0.1701295116138856,53
1233,2,2568,966,1602,0,0,0,1.0,1,1.0,1,1.0,1,0.19399384159116687,53
1234,1,2569,966,1603,0,0,0,1.0,1,1.0,1,1.0,1,0.18134392909768082,54
1235,0,2569,966,1603,0,0,0,1.0,1,1.0,1,1.0,1,0.20934978181974462,55
1236,1,2570,967,1603,0,0,0,1.0,1,1.0,1,1.0,1,0.24651452720401446,55
1237,3,2573,968,1605,0,0,0,1.0,1,1.0,1,1.0,1,0.24827062062484798,55
1238,1,2574,969,1605,0,0,0,1.0,1,1.0,1,1.0,1,0.26032414592454545,54
1239,0,2574,969,1605,0,0,0,1.0,1,1.0,1,1.0,1,0.2612834562596224,55
1240,0,2574,969,1605,0,0,0,1.0,1,1.0,1,1.0,1,0.2612834562596224,55
1241,1,2575,970,1605,0,0,0,1.0,1,1.0,1,1.0,1,0.2429391456417907,54
1242,0,2575,970,1605,0,0,0,1.0,1,1.0,1,1.0,1,0.24640405415065209,54
1243,2,2577,971,1606,0,0,0,1.0,1,1.0,1,1.0,1,0.2372040744985478,55
1244,0,2577,971,1606,0,0,0,1.0,1,1.0,1,1.0,1,0.25663487627210535,55
1245,2,2579,973,1606,0,0,0,1.0,1,1.0,1,1.0,1,0.28205578102105605,55
1246,2,2581,974,1607,0,0,0,1.0,1,1.0,1,1.0,1,0.29778114798799377,55
1247,3,2584,975,1609,0,0,0,1.0,1,1.0,1,1.0,1,0.27977599032668726,57
1248,0,2584,975,1609,0,0,0,1.0,1,1.0,1,1.0,1,0.2919576069109383,56
1249,4,2588,979,1609,0,0,0,1.0,1,1.0,1,1.0,1,0.292905785039646,56
1250,4,2592,982,1610,0,0,0,1.0,1,1.0,1,1.0,1,0.30841963246168824,56
1251,5,2597,982,1615,0,0,0,1.0,1,1.0,1,1.0,1,0.23346299318426128,58
1252,3,2600,983,1617,0,0,0,1.0,1,1.0,1,1.0,1,0.222029057371163,58
1253,1,2601,984,1617,0,0,0,1.0,1,1.0,1,1.0,1,0.20748597866820076,58
1254,4,2605,984,1621,0,0,0,1.0,1,1.0,1,1.0,1,0.2043146965713606,60
1255,4,2609,985,1624,0,0,0,1.0,1,1.0,1,1.0,1,0.1967646017685985,61
1256,2,2611,985,1626,0,0,0,1.0,1,1.0,1,1.0,1,0.1922846877565873,61
1257,7,2618,986,1632,0,0,0,1.0,1,1.0,1,1.0,1,0.18947469683126383,62
1258,5,2623,986,1637,0,0,0,1.0,1,1.0,1,1.0,1,0.19837773247910864,63
1259,2,2625,986,1639,0,0,0,1.0,1,1.0,1,1.0,1,0.19717025153371434,63
1260,2,2627,986,1641,0,0,0,1.0,1,1.0,1,1.0,1,0.2123387478361241,63
1261,2,2629,986,1643,0,0,0,1.0,1,1.0,1,1.0,1,0.17440929986759066,63
1262,0,2629,986,1643,0,0,0,1.0,1,1.0,1,1.0,1,0.18322394913351703,64
1263,2,2631,988,1643,0,0,0,1.0,1,1.0,1,1.0,1,0.20733406934032592,63
1264,2,2633,990,1643,0,0,0,1.0,1,1.0,1,1.0,1,0.2183480425096497,63
1265,7,2640,993,1647,0,0,0,1.0,1,1.0,1,1.0,1,0.19751399870124187,60
1266,3,2643,995,1648,0,0,0,1.0,1,1.0,1,1.0,1,0.21341736712348416,61
1267,2,2645,997,1648,0,0,0,1.0,1,1.0,1,1.0,1,0.25057721401478067,58
1268,3,2648,999,1649,0,0,0,1.0,1,1.0,1,1.0,1,0.2594594914629945,54
1269,2,2650,1001,1649,0,0,0,1.0,1,1.0,1,1.0,1,0.2759697811386884,54
1270,2,2652,1002,1650,0,0,0,1.0,1,1.0,1,1.0,1,0.2455977883650314,51
1271,0,2652,1002,1650,0,0,0,1.0,1,1.0,1,1.0,1,0.25434165489832783,50
1272,0,2652,1002,1650,0,0,0,1.0,1,1.0,1,1.0,1,0.2536463502801402,47
1273,0,2652,1002,1650,0,0,0,1.0,1,1.0,1,1.0,1,0.2536463502801402,47
1274,1,2653,1003,1650,0,0,0,1.0,1,1.0,1,1.0,1,0.28613428436525484,49
1275,2,2655,1005,1650,0,0,0,1.0,1,1.0,1,1.0,1,0.28188849071525773,48
1276,7,2662,1007,1655,0,0,0,1.0,1,1.0,1,1.0,1,0.22351059410548363,49
1277,3,2665,1010,1655,0,0,0,1.0,1,1.0,1,1.0,1,0.2671168362222384,50
1278,4,2669,1011,1658,0,0,0,1.0,1,1.0,1,1.0,1,0.23411935588174412,51
1279,0,2669,1011,1658,0,0,0,1.0,1,1.0,1,1.0,1,0.23411935588174412,51
1280,2,2671,1011,1660,0,0,0,1.0,1,1.0,1,1.0,1,0.21183088389728363,52
1281,0,2671,1011,1660,0,0,0,1.0,1,1.0,1,1.0,1,0.21183088389728363,52
1282,1,2672,1012,1660,0,0,0,1.0,1,1.0,1,1.0,1,0.22186530822769854,52
1283,1,2673,1013,1660,0,0,0,1.0,1,1.0,1,1.0,1,0.24457128703134243,52
1284,2,2675,1014,1661,0,0,0,1.0,1,1.0,1,1.0,1,0.2505681598956849,52
1285,0,2675,1014,1661,0,0,0,1.0,1,1.0,1,1.0,1,0.2719602071346904,51
1286,1,2676,1014,1662,0,0,0,1.0,1,1.0,1,1.0,1,0.26976246142371246,52
1287,1,2677,1014,1663,0,0,0,1.0,1,1.0,1,1.0,1,0.24843833512597024,54
1288,1,2678,1014,1664,0,0,0,1.0,1,1.0,1,1.0,1,0.23376201298450686,55
1289,1,2679,1014,1665,0,0,0,1.0,1,1.0,1,1.0,1,0.20715986551270865,56
1290,2,2681,1016,1665,0,0,0,1.0,1,1.0,1,1.0,1,0.1964701867089284,57
1291,1,2682,1016,1666,0,0,0,1.0,1,1.0,1,1.0,1,0.2186290345654577,58
1292,3,2685,1016,1669,0,0,0,1.0,1,1.0,1,1.0,1,0.1915980512096389,59
1293,3,2688,1016,1672,0,0,0,1.0,1,1.0,1,1.0,1,0.1865527663630731,59
1294,6,2694,1016,1678,0,0,0,1.0,1,1.0,1,1.0,1,0.19505778414812885,59
1295,6,2700,1017,1683,0,0,0,1.0,1,1.0,1,1.0,1,0.20182321542490486,59
1296,3,2703,1017,1686,0,0,0,1.0,1,1.0,1,1.0,1,0.2249262664063474,59
1297,2,2705,1017,1688,0,0,0,1.0,1,1.0,1,1.0,1,0.23859432142030693,61
1298,6,2711,1018,1693,0,0,0,1.0,1,1.0,1,1.0,1,0.21312708437959318,61
1299,3,2714,1018,1696,0,0,0,1.0,1,1.0,1,1.0,1,0.19613606563062647,60
1300,2,2716,1018,1698,0,0,0,1.0,1,1.0,1,1.0,1,0.21001074101160636,59
1301,4,2720,1018,1702,0,0,0,1.0,1,1.0,1,1.0,1,0.1835971014797932,59
1302,7,2727,1023,1704,0,0,0,1.0,1,1.0,1,1.0,1,0.15026743489418237,59
1303,5,2732,1027,1705,0,0,0,1.0,1,1.0,1,1.0,1,0.2026511067331299,55
1304,5,2737,1032,1705,0,0,0,1.0,1,1.0,1,1.0,1,0.1885358171988549,56
1305,1,2738,1033,1705,0,0,0,1.0,1,1.0,1,1.0,1,0.2023889101967038,54
1306,1,2739,1034,1705,0,0,0,1.0,1,1.0,1,1.0,1,0.21229636943186214,53
1307,2,2741,1036,1705,0,0,0,1.0,1,1.0,1,1.0,1,0.23314997112830205,52
1308,3,2744,1039,1705,0,0,0,1.0,1,1.0,1,1.0,1,0.19663809018328038,52
1309,3,2747,1042,1705,0,0,0,1.0,1,1.0,1,1.0,1,0.25724309173466325,54
1310,3,2750,1044,1706,0,0,0,1.0,1,1.0,1,1.0,1,0.25218951207446316,52
1311,1,2751,1044,1707,0,0,0,1.0,1,1.0,1,1.0,1,0.21718977985460602,51
1312,1,2752,1045,1707,0,0,0,1.0,1,1.0,1,1.0,1,0.24699276104181658,49
1313,0,2752,1045,1707,0,0,0,1.0,1,1.0,1,1.0,1,0.23943154737922773,47
1314,0,2752,1045,1707,0,0,0,1.0,1,1.0,1,1.0,1,0.2207060160795323,46
1315,0,2752,1045,1707,0,0,0,1.0,1,1.0,1,1.0,1,0.23181159377910449,45
1316,2,2754,1047,1707,0,0,0,1.0,1,1.0,1,1.0,1,0.2505169858711577,46
1317,1,2755,1047,1708,0,0,0,1.0,1,1.0,1,1.0,1,0.18869519296165663,45
1318,1,2756,1048,1708,0,0,0,1.0,1,1.0,1,1.0,1,0.2143812416316883,46
1319,1,2757,1049,1708,0,0,0,1.0,1,1.0,1,1.0,1,0.2150942139313556,46
1320,1,2758,1049,1709,0,0,0,1.0,1,1.0,1,1.0,1,0.2016272485753927,46
1321,0,2758,1049,1709,0,0,0,1.0,1,1.0,1,1.0,1,0.18640738684270797,48
1322,0,2758,1049,1709,0,0,0,1.0,1,1.0,1,1.0,1,0.2017235021634598,49
1323,0,2758,1049,1709,0,0,0,1.0,1,1.0,1,1.0,1,0.21295705017734173,49
1324,0,2758,1049,1709,0,0,0,1.0,1,1.0,1,1.0,1,0.23182691804519093,50
1325,0,2758,1049,1709,0,0,0,1.0,1,1.0,1,1.0,1,0.2413607489400937,49
1326,9,2767,1051,1716,0,0,0,1.0,1,1.0,1,1.0,1,0.23200139561326427,50
1327,1,2768,1052,1716,0,0,0,1.0,1,1.0,1,1.0,1,0.2628804488461513,50
1328,0,2768,1052,1716,0,0,0,1.0,1,1.0,1,1.0,1,0.2885937832309976,49
1329,2,2770,1052,1718,0,0,0,1.0,1,1.0,1,1.0,1,0.26854900380034136,50
1330,2,2772,1053,1719,0,0,0,1.0,1,1.0,1,1.0,1,0.25105461865455925,50
1331,2,2774,1054,1720,0,0,0,1.0,1,1.0,1,1.0,1,0.2843393754566087,50
1332,8,2782,1056,1726,0,0,0,1.0,1,1.0,1,1.0,1,0.24204453810038892,51
1333,4,2786,1056,1730,0,0,0,1.0,1,1.0,1,1.0,1,0.22004433588405134,52
1334,3,2789,1056,1733,0,0,0,1.0,1,1.0,1,1.0,1,0.23213446300442328,54
1335,4,2793,1056,1737,0,0,0,1.0,1,1.0,1,1.0,1,0.23213446300442328,54
1336,2,2795,1056,1739,0,0,0,1.0,1,1.0,1,1.0,1,0.2427585711044521,56
1337,9,2804,1059,1745,0,0,0,1.0,1,1.0,1,1.0,1,0.24988123439727575,57
1338,3,2807,1060,1747,0,0,0,1.0,1,1.0,1,1.0,1,0.24210168048174946,57
1339,6,2813,1062,1751,0,0,0,1.0,1,1.0,1,1.0,1,0.2903586595480742,58
1340,5,2818,1062,1756,0,0,0,1.0,1,1.0,1,1.0,1,0.2813295431167691,59
1341,2,2820,1063,1757,0,0,0,1.0,1,1.0,1,1.0,1,0.26405822781675153,57
1342,3,2823,1065,1758,0,0,0,1.0,1,1.0,1,1.0,1,0.22448866633061026,57
1343,1,2824,1065,1759,0,0,0,1.0,1,1.0,1,1.0,1,0.21687388148703843,55
1344,3,2827,1068,1759,0,0,0,1.0,1,1.0,1,1.0,1,0.21098620949330085,54
1345,1,2828,1068,1760,0,0,0,1.0,1,1.0,1,1.0,1,0.1898651561776392,53
1346,1,2829,1069,1760,0,0,0,1.0,1,1.0,1,1.0,1,0.2177911340639517,53
1347,2,2831,1070,1761,0,0,0,1.0,1,1.0,1,1.0,1,0.20206150603065626,51
1348,2,2833,1072,1761,0,0,0,1.0,1,1.0,1,1.0,1,0.2400519504604492,52
1349,0,2833,1072,1761,0,0,0,1.0,1,1.0,1,1.0,1,0.2301962888384308,50
1350,1,2834,1073,1761,0,0,0,1.0,1,1.0,1,1.0,1,0.2631176008783713,51
1351,1,2835,1073,1762,0,0,0,1.0,1,1.0,1,1.0,1,0.2374355883734522,50
1352,1,2836,1074,1762,0,0,0,1.0,1,1.0,1,1.0,1,0.2253649911773963,50
1353,1,2837,1075,1762,0,0,0,1.0,1,1.0,1,1.0,1,0.24271991561075712,50
1354,3,2840,1075,1765,0,0,0,1.0,1,1.0,1,1.0,1,0.18471631667285052,51
1355,3,2843,1076,1767,0,0,0,1.0,1,1.0,1,1.0,1,0.16792225851905448,53
1356,2,2845,1077,1768,0,0,0,1.0,1,1.0,1,1.0,1,0.1778500261480174,52
1357,4,2849,1077,1772,0,0,0,1.0,1,1.0,1,1.0,1,0.16863986877005646,52
1358,1,2850,1078,1772,0,0,0,1.0,1,1.0,1,1.0,1,0.18766594195545702,53
1359,2,2852,1080,1772,0,0,0,1.0,1,1.0,1,1.0,1,0.2505695311351983,54
1360,3,2855,1081,1774,0,0,0,1.0,1,1.0,1,1.0,1,0.2296187768655428,55
1361,3,2858,1082,1776,0,0,0,1.0,1,1.0,1,1.0,1,0.22996337697943361,55
1362,0,2858,1082,1776,0,0,0,1.0,1,1.0,1,1.0,1,0.20751490816574908,56
1363,0,2858,1082,1776,0,0,0,1.0,1,1.0,1,1.0,1,0.20751490816574908,56
1364,0,2858,1082,1776,0,0,0,1.0,1,1.0,1,1.0,1,0.19932964735919115,55
1365,3,2861,1084,1777,0,0,0,1.0,1,1.0,1,1.0,1,0.20199800556362338,56
1366,1,2862,1085,1777,0,0,0,1.0,1,1.0,1,1.0,1,0.21880720233689835,57
1367,1,2863,1085,1778,0,0,0,1.0,1,1.0,1,1.0,1,0.2012191594990159,57
1368,4,2867,1085,1782,0,0,0,1.0,1,1.0,1,1.0,1,0.1623466874592432,58
1369,2,2869,1087,1782,0,0,0,1.0,1,1.0,1,1.0,1,0.16559093849376844,59
1370,1,2870,1088,1782,0,0,0,1.0,1,1.0,1,1.0,1,0.1593390931710888,60
1371,2,2872,1089,1783,0,0,0,1.0,1,1.0,1,1.0,1,0.13808240893469964,59
1372,4,2876,1092,1784,0,0,0,1.0,1,1.0,1,1.0,1,0.1890372100307301,59
1373,3,2879,1094,1785,0,0,0,1.0,1,1.0,1,1.0,1,0.1800924499529442,59
1374,2,2881,1094,1787,0,0,0,1.0,1,1.0,1,1.0,1,0.16058950417697224,59
1375,2,2883,1094,1789,0,0,0,1.0,1,1.0,1,1.0,1,0.1867692925381457,62
1376,6,2889,1096,1793,0,0,0,1.0,1,1.0,1,1.0,1,0.19301521934478344,61
1377,3,2892,1097,1795,0,0,0,1.0,1,1.0,1,1.0,1,0.21742336023016237,63
1378,1,2893,1098,1795,0,0,0,1.0,1,1.0,1,1.0,1,0.22519773991171463,62
1379,2,2895,1099,1796,0,0,0,1.0,1,1.0,1,1.0,1,0.24943809787551458,61
1380,2,2897,1099,1798,0,0,0,1.0,1,1.0,1,1.0,1,0.2553206726867282,60
1381,3,2900,1101,1799,0,0,0,1.0,1,1.0,1,1.0,1,0.29072557591750525,58
1382,4,2904,1102,1802,0,0,0,1.0,1,1.0,1,1.0,1,0.2695291474089381,56
1383,1,2905,1102,1803,0,0,0,1.0,1,1.0,1,1.0,1,0.2550060180290241,57
1384,2,2907,1103,1804,0,0,0,1.0,1,1.0,1,1.0,1,0.22960395122711763,55
1385,1,2908,1104,1804,0,0,0,1.0,1,1.0,1,1.0,1,0.22708643569413847,55
1386,2,2910,1106,1804,0,0,0,1.0,1,1.0,1,1.0,1,0.2288525316699339,54
1387,1,2911,1107,1804,0,0,0,1.0,1,1.0,1,1.0,1,0.24434610006519583,53
1388,4,2915,1109,1806,0,0,0,1.0,1,1.0,1,1.0,1,0.24923430985791695,52
1389,0,2915,1109,1806,0,0,0,1.0,1,1.0,1,1.0,1,0.2713414508997946,52
1390,0,2915,1109,1806,0,0,0,1.0,1,1.0,1,1.0,1,0.27900418796366894,51
1391,0,2915,1109,1806,0,0,0,1.0,1,1.0,1,1.0,1,0.29052765269903924,52
1392,1,2916,1110,1806,0,0,0,1.0,1,1.0,1,1.0,1,0.2904842104068915,51
1393,1,2917,1111,1806,0,0,0,1.0,1,1.0,1,1.0,1,0.3037073667748278,51
1394,2,2919,1111,1808,0,0,0,1.0,1,1.0,1,1.0,1,0.2979233747413462,52
1395,0,2919,1111,1808,0,0,0,1.0,1,1.0,1,1.0,1,0.2979233747413462,52
1396,3,2922,1113,1809,0,0,0,1.0,1,1.0,1,1.0,1,0.265743349280226,53
1397,0,2922,1113,1809,0,0,0,1.0,1,1.0,1,1.0,1,0.2725432084906281,56
1398,3,2925,1114,1811,0,0,0,1.0,1,1.0,1,1.0,1,0.25170337797844106,56
1399,0,2925,1114,1811,0,0,0,1.0,1,1.0,1,1.0,1,0.2475844875564564,57
1400,1,2926,1115,1811,0,0,0,1.0,1,1.0,1,1.0,1,0.2534561498310278,57
1401,5,2931,1115,1816,0,0,0,1.0,1,1.0,1,1.0,1,0.18218650614536316,57
1402,4,2935,1118,1817,0,0,0,1.0,1,1.0,1,1.0,1,0.19932896717364224,57
1403,3,2938,1119,1819,0,0,0,1.0,1,1.0,1,1.0,1,0.19607621163430275,56
1404,4,2942,1120,1822,0,0,0,1.0,1,1.0,1,1.0,1,0.18693802742766566,58
1405,1,2943,1121,1822,0,0,0,1.0,1,1.0,1,1.0,1,0.24790903953768817,58
1406,3,2946,1121,1825,0,0,0,1.0,1,1.0,1,1.0,1,0.2163142062298887,58
1407,0,2946,1121,1825,0,0,0,1.0,1,1.0,1,1.0,1,0.23323837013386406,57
1408,0,2946,1121,1825,0,0,0,1.0,1,1.0,1,1.0,1,0.24545050019565773,58
1409,0,2946,1121,1825,0,0,0,1.0,1,1.0,1,1.0,1,0.251146366276737,57
1410,1,2947,1121,1826,0,0,0,1.0,1,1.0,1,1.0,1,0.23769328627087719,57
1411,0,2947,1121,1826,0,0,0,1.0,1,1.0,1,1.0,1,0.2561706945229178,56
1412,0,2947,1121,1826,0,0,0,1.0,1,1.0,1,1.0,1,0.2627130156516838,55
1413,1,2948,1121,1827,0,0,0,1.0,1,1.0,1,1.0,1,0.26199701625601335,57
1414,2,2950,1121,1829,0,0,0,1.0,1,1.0,1,1.0,1,0.26199701625601335,57
1415,3,2953,1121,1832,0,0,0,1.0,1,1.0,1,1.0,1,0.24154722297044168,60
1416,5,2958,1122,1836,0,0,0,1.0,1,1.0,1,1.0,1,0.24118414034672805,61
1417,8,2966,1124,1842,0,0,0,1.0,1,1.0,1,1.0,1,0.23018527227103625,59
1418,6,2972,1124,1848,0,0,0,1.0,1,1.0,1,1.0,1,0.22909076347012294,60
1419,7,2979,1126,1853,0,0,0,1.0,1,1.0,1,1.0,1,0.22602887751536238,59
1420,2,2981,1126,1855,0,0,0,1.0,1,1.0,1,1.0,1,0.23638162764394116,58
1421,2,2983,1126,1857,0,0,0,1.0,1,1.0,1,1.0,1,0.22189672961711474,57
1422,2,2985,1127,1858,0,0,0,1.0,1,1.0,1,1.0,1,0.2275981068096332,57
1423,2,2987,1128,1859,0,0,0,1.0,1,1.0,1,1.0,1,0.22019929420102066,56
1424,0,2987,1128,1859,0,0,0,1.0,1,1.0,1,1.0,1,0.2158605304915334,57
1425,2,2989,1130,1859,0,0,0,1.0,1,1.0,1,1.0,1,0.25708666472008584,54
1426,8,2997,1132,1865,0,0,0,1.0,1,1.0,1,1.0,1,0.2056987874691928,54
1427,2,2999,1134,1865,0,0,0,1.0,1,1.0,1,1.0,1,0.24749644190444148,53
1428,0,2999,1134,1865,0,0,0,1.0,1,1.0,1,1.0,1,0.2399982507367097,52
1429,0,2999,1134,1865,0,0,0,1.0,1,1.0,1,1.0,1,0.2399982507367097,52
1430,0,2999,1134,1865,0,0,0,1.0,1,1.0,1,1.0,1,0.23279172025084655,51
1431,0,2999,1134,1865,0,0,0,1.0,1,1.0,1,1.0,1,0.2326670944561721,51
1432,3,3002,1136,1866,0,0,0,1.0,1,1.0,1,1.0,1,0.2677813868883231,52
1433,4,3006,1138,1868,0,0,0,1.0,1,1.0,1,1.0,1,0.21174671029807002,52
1434,6,3012,1141,1871,0,0,0,1.0,1,1.0,1,1.0,1,0.17685842747318117,52
1435,1,3013,1142,1871,0,0,0,1.0,1,1.0,1,1.0,1,0.1986784758170776,50
1436,2,3015,1144,1871,0,0,0,1.0,1,1.0,1,1.0,1,0.23286770052179925,50
1437,1,3016,1145,1871,0,0,0,1.0,1,1.0,1,1.0,1,0.2592166444093157,49
1438,4,3020,1147,1873,0,0,0,1.0,1,1.0,1,1.0,1,0.28555776866391863,49
1439,3,3023,1150,1873,0,0,0,1.0,1,1.0,1,1.0,1,0.35399290202358974,50
1440,5,3028,1153,1875,0,0,0,1.0,1,1.0,1,1.0,1,0.3699136484265205,50
1441,1,3029,1153,1876,0,0,0,1.0,1,1.0,1,1.0,1,0.36980119418801644,51
1442,0,3029,1153,1876,0,0,0,1.0,1,1.0,1,1.0,1,0.3799049290962692,50
1443,1,3030,1153,1877,0,0,0,1.0,1,1.0,1,1.0,1,0.3677158927656465,51
1444,4,3034,1153,1881,0,0,0,1.0,1,1.0,1,1.0,1,0.30638382014438076,51
1445,0,3034,1153,1881,0,0,0,1.0,1,1.0,1,1.0,1,0.30638382014438076,51
1446,2,3036,1153,1883,0,0,0,1.0,1,1.0,1,1.0,1,0.28082642385988776,51
1447,0,3036,1153,1883,0,0,0,1.0,1,1.0,1,1.0,1,0.28082642385988776,51
1448,3,3039,1153,1886,0,0,0,1.0,1,1.0,1,1.0,1,0.2683809801775891,51
1449,1,3040,1153,1887,0,0,0,1.0,1,1.0,1,1.0,1,0.27730137481328043,51
1450,0,3040,1153,1887,0,0,0,1.0,1,1.0,1,1.0,1,0.2656327527704939,52
1451,4,3044,1153,1891,0,0,0,1.0,1,1.0,1,1.0,1,0.16149497339445182,54
1452,3,3047,1153,1894,0,0,0,1.0,1,1.0,1,1.0,1,0.16703270078017912,56
1453,4,3051,1154,1897,0,0,0,1.0,1,1.0,1,1.0,1,0.18372589802552797,56
1454,7,3058,1155,1903,0,0,0,1.0,1,1.0,1,1.0,1,0.18754402326575556,58
1455,5,3063,1156,1907,0,0,0,1.0,1,1.0,1,1.0,1,0.20465819766726742,55
1456,6,3069,1156,1913,0,0,0,1.0,1,1.0,1,1.0,1,0.20532341556625883,56
1457,3,3072,1157,1915,0,0,0,1.0,1,1.0,1,1.0,1,0.24452655126990894,54
1458,5,3077,1160,1917,0,0,0,1.0,1,1.0,1,1.0,1,0.2710410084064333,52
1459,3,3080,1161,1919,0,0,0,1.0,1,1.0,1,1.0,1,0.26997022923507363,52
1460,3,3083,1162,1921,0,0,0,1.0,1,1.0,1,1.0,1,0.2394222509107382,50
1461,3,3086,1164,1922,0,0,0,1.0,1,1.0,1,1.0,1,0.22709584322247386,53
1462,4,3090,1168,1922,0,0,0,1.0,1,1.0,1,1.0,1,0.25026575742899515,51
1463,4,3094,1169,1925,0,0,0,1.0,1,1.0,1,1.0,1,0.2708495364684759,51
1464,5,3099,1170,1929,0,0,0,1.0,1,1.0,1,1.0,1,0.27529339459269714,51
1465,1,3100,1170,1930,0,0,0,1.0,1,1.0,1,1.0,1,0.299547099945946,49
1466,5,3105,1172,1933,0,0,0,1.0,1,1.0,1,1.0,1,0.2844368024896314,49
1467,2,3107,1174,1933,0,0,0,1.0,1,1.0,1,1.0,1,0.34253824159192825,47
1468,4,3111,1176,1935,0,0,0,1.0,1,1.0,1,1.0,1,0.307180807044219,48
1469,4,3115,1178,1937,0,0,0,1.0,1,1.0,1,1.0,1,0.36192370542689667,47
1470,4,3119,1178,1941,0,0,0,1.0,1,1.0,1,1.0,1,0.3444623656074396,49
1471,2,3121,1178,1943,0,0,0,1.0,1,1.0,1,1.0,1,0.35097536417818725,48
1472,2,3123,1178,1945,0,0,0,1.0,1,1.0,1,1.0,1,0.34238107713078864,48
1473,3,3126,1179,1947,0,0,0,1.0,1,1.0,1,1.0,1,0.3187608101589421,49
1474,4,3130,1179,1951,0,0,0,1.0,1,1.0,1,1.0,1,0.3187608101589421,49
1475,4,3134,1179,1955,0,0,0,1.0,1,1.0,1,1.0,1,0.3187608101589421,49
1476,10,3144,1181,1963,0,0,0,1.0,1,1.0,1,1.0,1,0.15134832156388517,51
1477,0,3144,1181,1963,0,0,0,1.0,1,1.0,1,1.0,1,0.15134832156388517,51
1478,1,3145,1181,1964,0,0,0,1.0,1,1.0,1,1.0,1,0.12389419264548837,52
1479,1,3146,1181,1965,0,0,0,1.0,1,1.0,1,1.0,1,0.15007804204770928,53
1480,2,3148,1182,1966,0,0,0,1.0,1,1.0,1,1.0,1,0.1491260453311343,53
1481,0,3148,1182,1966,0,0,0,1.0,1,1.0,1,1.0,1,0.1491260453311343,53
1482,2,3150,1183,1967,0,0,0,1.0,1,1.0,1,1.0,1,0.17939247018460597,52
1483,0,3150,1183,1967,0,0,0,1.0,1,1.0,1,1.0,1,0.17939247018460597,52
1484,2,3152,1184,1968,0,0,0,1.0,1,1.0,1,1.0,1,0.19646711670157607,53
1485,1,3153,1184,1969,0,0,0,1.0,1,1.0,1,1.0,1,0.18258343086185294,53
1486,1,3154,1184,1970,0,0,0,1.0,1,1.0,1,1.0,1,0.21303819298710497,54
1487,2,3156,1186,1970,0,0,0,1.0,1,1.0,1,1.0,1,0.20668134350361045,55
1488,3,3159,1186,1973,0,0,0,1.0,1,1.0,1,1.0,1,0.18850315900038173,57
1489,4,3163,1189,1974,0,0,0,1.0,1,1.0,1,1.0,1,0.21001191532876884,58
1490,0,3163,1189,1974,0,0,0,1.0,1,1.0,1,1.0,1,0.21001191532876884,58
1491,4,3167,1191,1976,0,0,0,1.0,1,1.0,1,1.0,1,0.20073551866871353,59
1492,0,3167,1191,1976,0,0,0,1.0,1,1.0,1,1.0,1,0.20073551866871353,59
1493,1,3168,1192,1976,0,0,0,1.0,1,1.0,1,1.0,1,0.19458993489215082,58
1494,0,3168,1192,1976,0,0,0,1.0,1,1.0,1,1.0,1,0.19458993489215082,58
1495,4,3172,1194,1978,0,0,0,1.0,1,1.0,1,1.0,1,0.2366045448022563,57
1496,5,3177,1194,1983,0,0,0,1.0,1,1.0,1,1.0,1,0.24380307011368646,59
1497,4,3181,1195,1986,0,0,0,1.0,1,1.0,1,1.0,1,0.24923581477584625,58
1498,3,3184,1197,1987,0,0,0,1.0,1,1.0,1,1.0,1,0.30273761879356104,58
1499,2,3186,1197,1989,0,0,0,1.0,1,1.0,1,1.0,1,0.2609893052775084,56
1500,1,3187,1198,1989,0,0,0,1.0,1,1.0,1,1.0,1,0.2712300122429098,57
1501,2,3189,1198,1991,0,0,0,1.0,1,1.0,1,1.0,1,0.2072376457983278,55
1502,1,3190,1199,1991,0,0,0,1.0,1,1.0,1,1.0,1,0.2197336825332942,55
1503,2,3192,1200,1992,0,0,0,1.0,1,1.0,1,1.0,1,0.21152028878613152,54
1504,1,3193,1201,1992,0,0,0,1.0,1,1.0,1,1.0,1,0.20121788261136989,55
1505,0,3193,1201,1992,0,0,0,1.0,1,1.0,1,1.0,1,0.1856401711145707,53
1506,5,3198,1203,1995,0,0,0,1.0,1,1.0,1,1.0,1,0.18447633413817618,55
1507,2,3200,1205,1995,0,0,0,1.0,1,1.0,1,1.0,1,0.19516194635333567,53
1508,3,3203,1208,1995,0,0,0,1.0,1,1.0,1,1.0,1,0.2600019691239982,53
1509,2,3205,1209,1996,0,0,0,1.0,1,1.0,1,1.0,1,0.2696617851435251,52
1510,1,3206,1210,1996,0,0,0,1.0,1,1.0,1,1.0,1,0.28468793078351345,50
1511,0,3206,1210,1996,0,0,0,1.0,1,1.0,1,1.0,1,0.276654405711553,49
1512,5,3211,1212,1999,0,0,0,1.0,1,1.0,1,1.0,1,0.2673243328912472,48
1513,1,3212,1213,1999,0,0,0,1.0,1,1.0,1,1.0,1,0.32740189382550844,47
1514,1,3213,1214,1999,0,0,0,1.0,1,1.0,1,1.0,1,0.3043703434359633,48
1515,0,3213,1214,1999,0,0,0,1.0,1,1.0,1,1.0,1,0.3043703434359633,48
1516,1,3214,1214,2000,0,0,0,1.0,1,1.0,1,1.0,1,0.28434666554314714,47
1517,0,3214,1214,2000,0,0,0,1.0,1,1.0,1,1.0,1,0.2991735644567882,48
1518,1,3215,1215,2000,0,0,0,1.0,1,1.0,1,1.0,1,0.2984885315800238,48
1519,0,3215,1215,2000,0,0,0,1.0,1,1.0,1,1.0,1,0.31310674705613034,47
1520,7,3222,1218,2004,0,0,0,1.0,1,1.0,1,1.0,1,0.30616776139815266,48
1521,0,3222,1218,2004,0,0,0,1.0,1,1.0,1,1.0,1,0.29977040299219415,49
1522,1,3223,1219,2004,0,0,0,1.0,1,1.0,1,1.0,1,0.29007702561463655,48
1523,2,3225,1220,2005,0,0,0,1.0,1,1.0,1,1.0,1,0.295605190268116,49
1524,1,3226,1221,2005,0,0,0,1.0,1,1.0,1,1.0,1,0.2818660966558369,49
1525,1,3227,1221,2006,0,0,0,1.0,1,1.0,1,1.0,1,0.2847432889561986,51
1526,4,3231,1221,2010,0,0,0,1.0,1,1.0,1,1.0,1,0.21759588091700455,52
1527,0,3231,1221,2010,0,0,0,1.0,1,1.0,1,1.0,1,0.2302496295495343,54
1528,0,3231,1221,2010,0,0,0,1.0,1,1.0,1,1.0,1,0.2302496295495343,54
1529,0,3231,1221,2010,0,0,0,1.0,1,1.0,1,1.0,1,0.2302496295495343,54
1530,0,3231,1221,2010,0,0,0,1.0,1,1.0,1,1.0,1,0.24833674543061718,54
1531,2,3233,1221,2012,0,0,0,1.0,1,1.0,1,1.0,1,0.23482538045155188,54
1532,2,3235,1222,2013,0,0,0,1.0,1,1.0,1,1.0,1,0.24007305088922404,54
1533,3,3238,1222,2016,0,0,0,1.0,1,1.0,1,1.0,1,0.17526799796479178,54
1534,0,3238,1222,2016,0,0,0,1.0,1,1.0,1,1.0,1,0.17526799796479178,54
1535,1,3239,1222,2017,0,0,0,1.0,1,1.0,1,1.0,1,0.16664846828363247,54
1536,0,3239,1222,2017,0,0,0,1.0,1,1.0,1,1.0,1,0.177262464148479,55
1537,0,3239,1222,2017,0,0,0,1.0,1,1.0,1,1.0,1,0.19792761395641817,53
1538,0,3239,1222,2017,0,0,0,1.0,1,1.0,1,1.0,1,0.20946904004936442,54
1539,0,3239,1222,2017,0,0,0,1.0,1,1.0,1,1.0,1,0.23244533427863961,54
1540,4,3243,1224,2019,0,0,0,1.0,1,1.0,1,1.0,1,0.2159415849569801,54
1541,0,3243,1224,2019,0,0,0,1.0,1,1.0,1,1.0,1,0.2159205191861765,54
1542,4,3247,1226,2021,0,0,0,1.0,1,1.0,1,1.0,1,0.25428566467734376,57
1543,7,3254,1228,2026,0,0,0,1.0,1,1.0,1,1.0,1,0.2194431019552446,55
1544,6,3260,1231,2029,0,0,0,1.0,1,1.0,1,1.0,1,0.2252112437058817,54
1545,2,3262,1231,2031,0,0,0,1.0,1,1.0,1,1.0,1,0.20871062626993972,54
1546,2,3264,1233,2031,0,0,0,1.0,1,1.0,1,1.0,1,0.22772256767327426,53
1547,4,3268,1235,2033,0,0,0,1.0,1,1.0,1,1.0,1,0.21877576785309572,53
1548,2,3270,1237,2033,0,0,0,1.0,1,1.0,1,1.0,1,0.21832715176164297,54
1549,2,3272,1239,2033,0,0,0,1.0,1,1.0,1,1.0,1,0.20936681197793663,52
1550,7,3279,1243,2036,0,0,0,1.0,1,1.0,1,1.0,1,0.2206526713682645,52
1551,6,3285,1246,2039,0,0,0,1.0,1,1.0,1,1.0,1,0.1759178668140126,52
1552,3,3288,1248,2040,0,0,0,1.0,1,1.0,1,1.0,1,0.1628956033080069,51
1553,10,3298,1250,2048,0,0,0,1.0,1,1.0,1,1.0,1,0.17164838009735034,51
1554,5,3303,1253,2050,0,0,0,1.0,1,1.0,1,1.0,1,0.18649715734024008,51
1555,3,3306,1254,2052,0,0,0,1.0,1,1.0,1,1.0,1,0.20513481205618367,50
1556,6,3312,1257,2055,0,0,0,1.0,1,1.0,1,1.0,1,0.22187235467546368,51
1557,3,3315,1260,2055,0,0,0,1.0,1,1.0,1,1.0,1,0.2564682297916612,51
1558,0,3315,1260,2055,0,0,0,1.0,1,1.0,1,1.0,1,0.2621424002131092,52
1559,3,3318,1261,2057,0,0,0,1.0,1,1.0,1,1.0,1,0.27210989966807125,53
1560,5,3323,1263,2060,0,0,0,1.0,1,1.0,1,1.0,1,0.24113065604494682,51
1561,2,3325,1263,2062,0,0,0,1.0,1,1.0,1,1.0,1,0.23771576227541563,51
1562,4,3329,1264,2065,0,0,0,1.0,1,1.0,1,1.0,1,0.2517035335130083,52
1563,1,3330,1264,2066,0,0,0,1.0,1,1.0,1,1.0,1,0.2418365451023389,52
1564,0,3330,1264,2066,0,0,0,1.0,1,1.0,1,1.0,1,0.26512127371253374,51
1565,4,3334,1265,2069,0,0,0,1.0,1,1.0,1,1.0,1,0.22385991633932098,53
1566,0,3334,1265,2069,0,0,0,1.0,1,1.0,1,1.0,1,0.25145832930144246,53
1567,2,3336,1265,2071,0,0,0,1.0,1,1.0,1,1.0,1,0.2813486809208528,52
1568,1,3337,1265,2072,0,0,0,1.0,1,1.0,1,1.0,1,0.2826896433918007,52
1569,1,3338,1265,2073,0,0,0,1.0,1,1.0,1,1.0,1,0.2855656391864186,49
1570,0,3338,1265,2073,0,0,0,1.0,1,1.0,1,1.0,1,0.28255717522315404,48
1571,5,3343,1266,2077,0,0,0,1.0,1,1.0,1,1.0,1,0.27513845344864235,46
1572,0,3343,1266,2077,0,0,0,1.0,1,1.0,1,1.0,1,0.2905785667116927,47
1573,1,3344,1267,2077,0,0,0,1.0,1,1.0,1,1.0,1,0.3054046743377533,48
1574,3,3347,1269,2078,0,0,0,1.0,1,1.0,1,1.0,1,0.32617448568281315,46
1575,4,3351,1270,2081,0,0,0,1.0,1,1.0,1,1.0,1,0.3491446027632312,47
1576,10,3361,1272,2089,0,0,0,1.0,1,1.0,1,1.0,1,0.22726474919729533,46
1577,2,3363,1272,2091,0,0,0,1.0,1,1.0,1,1.0,1,0.22398540136657794,45
1578,0,3363,1272,2091,0,0,0,1.0,1,1.0,1,1.0,1,0.21506186539539443,44
1579,0,3363,1272,2091,0,0,0,1.0,1,1.0,1,1.0,1,0.22167202193866883,43
1580,0,3363,1272,2091,0,0,0,1.0,1,1.0,1,1.0,1,0.22167202193866883,43
1581,1,3364,1272,2092,0,0,0,1.0,1,1.0,1,1.0,1,0.2577174398916083,42
1582,1,3365,1273,2092,0,0,0,1.0,1,1.0,1,1.0,1,0.27139572993260686,42
1583,2,3367,1275,2092,0,0,0,1.0,1,1.0,1,1.0,1,0.2724692969572522,43
1584,1,3368,1276,2092,0,0,0,1.0,1,1.0,1,1.0,1,0.2692526713039502,41
1585,4,3372,1279,2093,0,0,0,1.0,1,1.0,1,1.0,1,0.23254254528651438,43
1586,2,3374,1281,2093,0,0,0,1.0,1,1.0,1,1.0,1,0.27135619716501536,42
1587,0,3374,1281,2093,0,0,0,1.0,1,1.0,1,1.0,1,0.26903100479870745,42
1588,4,3378,1284,2094,0,0,0,1.0,1,1.0,1,1.0,1,0.3140847513788449,42
1589,0,3378,1284,2094,0,0,0,1.0,1,1.0,1,1.0,1,0.2847920676389567,42
1590,0,3378,1284,2094,0,0,0,1.0,1,1.0,1,1.0,1,0.2849885002706608,41
1591,2,3380,1286,2094,0,0,0,1.0,1,1.0,1,1.0,1,0.2824171621868094,40
1592,2,3382,1287,2095,0,0,0,1.0,1,1.0,1,1.0,1,0.31119168196358477,39
1593,0,3382,1287,2095,0,0,0,1.0,1,1.0,1,1.0,1,0.31011356744642027,39
1594,0,3382,1287,2095,0,0,0,1.0,1,1.0,1,1.0,1,0.3154294681229866,39
1595,1,3383,1287,2096,0,0,0,1.0,1,1.0,1,1.0,1,0.30262149682079104,42
1596,0,3383,1287,2096,0,0,0,1.0,1,1.0,1,1.0,1,0.30773489181849734,41
1597,2,3385,1288,2097,0,0,0,1.0,1,1.0,1,1.0,1,0.33237276491345286,41
1598,1,3386,1288,2098,0,0,0,1.0,1,1.0,1,1.0,1,0.30924801490551673,39
1599,3,3389,1290,2099,0,0,0,1.0,1,1.0,1,1.0,1,0.25305812500209995,39
1600,2,3391,1290,2101,0,0,0,1.0,1,1.0,1,1.0,1,0.2174209219716921,40
1601,4,3395,1292,2103,0,0,0,1.0,1,1.0,1,1.0,1,0.25449295840445985,41
1602,1,3396,1293,2103,0,0,0,1.0,1,1.0,1,1.0,1,0.2410439768619593,41
1603,3,3399,1294,2105,0,0,0,1.0,1,1.0,1,1.0,1,0.2736142593067431,43
1604,1,3400,1295,2105,0,0,0,1.0,1,1.0,1,1.0,1,0.29605779980743446,43
1605,1,3401,1295,2106,0,0,0,1.0,1,1.0,1,1.0,1,0.29128008353482404,44
1606,0,3401,1295,2106,0,0,0,1.0,1,1.0,1,1.0,1,0.29128008353482404,44
1607,1,3402,1296,2106,0,0,0,1.0,1,1.0,1,1.0,1,0.30907175677851273,42
1608,5,3407,1300,2107,0,0,0,1.0,1,1.0,1,1.0,1,0.36847418830775414,41
1609,1,3408,1300,2108,0,0,0,1.0,1,1.0,1,1.0,1,0.3482290000799568,39
1610,1,3409,1301,2108,0,0,0,1.0,1,1.0,1,1.0,1,0.3620233506064979,39
1611,0,3409,1301,2108,0,0,0,1.0,1,1.0,1,1.0,1,0.3614975268930134,40
1612,1,3410,1302,2108,0,0,0,1.0,1,1.0,1,1.0,1,0.3193631340498644,39
1613,1,3411,1302,2109,0,0,0,1.0,1,1.0,1,1.0,1,0.2996483435597779,41
1614,0,3411,1302,2109,0,0,0,1.0,1,1.0,1,1.0,1,0.2996483435597779,41
1615,1,3412,1303,2109,0,0,0,1.0,1,1.0,1,1.0,1,0.327727398711378,41
1616,3,3415,1305,2110,0,0,0,1.0,1,1.0,1,1.0,1,0.3575953328562775,43
1617,2,3417,1306,2111,0,0,0,1.0,1,1.0,1,1.0,1,0.374042761202308,44
1618,4,3421,1308,2113,0,0,0,1.0,1,1.0,1,1.0,1,0.4005415372292859,44
1619,5,3426,1310,2116,0,0,0,1.0,1,1.0,1,1.0,1,0.42910218386039867,44
1620,6,3432,1311,2121,0,0,0,1.0,1,1.0,1,1.0,1,0.4127715033888247,45
1621,4,3436,1311,2125,0,0,0,1.0,1,1.0,1,1.0,1,0.38460740388525205,44
1622,4,3440,1312,2128,0,0,0,1.0,1,1.0,1,1.0,1,0.4082115714088279,44
1623,5,3445,1312,2133,0,0,0,1.0,1,1.0,1,1.0,1,0.39967375989646686,43
1624,1,3446,1312,2134,0,0,0,1.0,1,1.0,1,1.0,1,0.38935799305247243,43
1625,3,3449,1313,2136,0,0,0,1.0,1,1.0,1,1.0,1,0.4104829765649867,43
1626,8,3457,1315,2142,0,0,0,1.0,1,1.0,1,1.0,1,0.35156030004129385,42
1627,2,3459,1316,2143,0,0,0,1.0,1,1.0,1,1.0,1,0.34889396387749344,42
1628,1,3460,1316,2144,0,0,0,1.0,1,1.0,1,1.0,1,0.3378336163215222,42
1629,0,3460,1316,2144,0,0,0,1.0,1,1.0,1,1.0,1,0.33551929952783915,41
1630,2,3462,1318,2144,0,0,0,1.0,1,1.0,1,1.0,1,0.3664501683040142,41
1631,0,3462,1318,2144,0,0,0,1.0,1,1.0,1,1.0,1,0.3775903335203136,40
1632,2,3464,1318,2146,0,0,0,1.0,1,1.0,1,1.0,1,0.32607616970019515,39
1633,0,3464,1318,2146,0,0,0,1.0,1,1.0,1,1.0,1,0.32607616970019515,39
1634,3,3467,1318,2149,0,0,0,1.0,1,1.0,1,1.0,1,0.23125752174497757,39
1635,0,3467,1318,2149,0,0,0,1.0,1,1.0,1,1.0,1,0.22490477507266035,40
1636,1,3468,1318,2150,0,0,0,1.0,1,1.0,1,1.0,1,0.22898563862528706,41
1637,0,3468,1318,2150,0,0,0,1.0,1,1.0,1,1.0,1,0.24744743705838357,41
1638,5,3473,1319,2154,0,0,0,1.0,1,1.0,1,1.0,1,0.17874786560537131,42
1639,0,3473,1319,2154,0,0,0,1.0,1,1.0,1,1.0,1,0.1833882497683151,43
1640,0,3473,1319,2154,0,0,0,1.0,1,1.0,1,1.0,1,0.1833882497683151,43
1641,2,3475,1319,2156,0,0,0,1.0,1,1.0,1,1.0,1,0.1705880979067518,44
1642,2,3477,1319,2158,0,0,0,1.0,1,1.0,1,1.0,1,0.14223264876616815,45
1643,2,3479,1321,2158,0,0,0,1.0,1,1.0,1,1.0,1,0.1520253905770394,44
1644,2,3481,1323,2158,0,0,0,1.0,1,1.0,1,1.0,1,0.18225724643654112,45
1645,1,3482,1323,2159,0,0,0,1.0,1,1.0,1,1.0,1,0.18959650197441374,44
1646,2,3484,1324,2160,0,0,0,1.0,1,1.0,1,1.0,1,0.17347542294170162,43
1647,2,3486,1326,2160,0,0,0,1.0,1,1.0,1,1.0,1,0.15829421675393143,43
1648,1,3487,1327,2160,0,0,0,1.0,1,1.0,1,1.0,1,0.2258464248962109,42
1649,0,3487,1327,2160,0,0,0,1.0,1,1.0,1,1.0,1,0.24937700516979594,41
1650,0,3487,1327,2160,0,0,0,1.0,1,1.0,1,1.0,1,0.24937700516979594,41
1651,1,3488,1328,2160,0,0,0,1.0,1,1.0,1,1.0,1,0.2551221527321135,40
1652,0,3488,1328,2160,0,0,0,1.0,1,1.0,1,1.0,1,0.26213020927860714,39
1653,0,3488,1328,2160,0,0,0,1.0,1,1.0,1,1.0,1,0.3163856448649514,39
1654,2,3490,1328,2162,0,0,0,1.0,1,1.0,1,1.0,1,0.2511091039705549,39
1655,2,3492,1330,2162,0,0,0,1.0,1,1.0,1,1.0,1,0.29215363095766234,40
1656,2,3494,1331,2163,0,0,0,1.0,1,1.0,1,1.0,1,0.3056280706787346,40
1657,3,3497,1332,2165,0,0,0,1.0,1,1.0,1,1.0,1,0.287843648665304,40
1658,3,3500,1333,2167,0,0,0,1.0,1,1.0,1,1.0,1,0.21099589903611968,40
1659,3,3503,1336,2167,0,0,0,1.0,1,1.0,1,1.0,1,0.22523624401542003,40
1660,0,3503,1336,2167,0,0,0,1.0,1,1.0,1,1.0,1,0.22615386282207847,41
1661,4,3507,1338,2169,0,0,0,1.0,1,1.0,1,1.0,1,0.22476897732870973,42
1662,1,3508,1339,2169,0,0,0,1.0,1,1.0,1,1.0,1,0.21140263216861285,44
1663,3,3511,1341,2170,0,0,0,1.0,1,1.0,1,1.0,1,0.276128661884966,43
1664,5,3516,1345,2171,0,0,0,1.0,1,1.0,1,1.0,1,0.3076552096056981,42
1665,1,3517,1346,2171,0,0,0,1.0,1,1.0,1,1.0,1,0.31443112604650897,42
1666,4,3521,1348,2173,0,0,0,1.0,1,1.0,1,1.0,1,0.2993370346498623,43
1667,2,3523,1350,2173,0,0,0,1.0,1,1.0,1,1.0,1,0.30172926833768876,40
1668,1,3524,1351,2173,0,0,0,1.0,1,1.0,1,1.0,1,0.2945273783852325,40
1669,5,3529,1352,2177,0,0,0,1.0,1,1.0,1,1.0,1,0.26477606487506206,40
1670,6,3535,1353,2182,0,0,0,1.0,1,1.0,1,1.0,1,0.28036811027235614,39
1671,3,3538,1353,2185,0,0,0,1.0,1,1.0,1,1.0,1,0.303917061790467,39
1672,3,3541,1353,2188,0,0,0,1.0,1,1.0,1,1.0,1,0.2827542066315838,38
1673,4,3545,1355,2190,0,0,0,1.0,1,1.0,1,1.0,1,0.2802479425962428,38
1674,2,3547,1355,2192,0,0,0,1.0,1,1.0,1,1.0,1,0.2932510453765609,38
1675,2,3549,1356,2193,0,0,0,1.0,1,1.0,1,1.0,1,0.27730163459672214,39
1676,5,3554,1357,2197,0,0,0,1.0,1,1.0,1,1.0,1,0.19558842210887187,39
1677,0,3554,1357,2197,0,0,0,1.0,1,1.0,1,1.0,1,0.20256129592583655,40
1678,0,3554,1357,2197,0,0,0,1.0,1,1.0,1,1.0,1,0.19339610873824736,39
1679,0,3554,1357,2197,0,0,0,1.0,1,1.0,1,1.0,1,0.19339610873824736,39
1680,1,3555,1357,2198,0,0,0,1.0,1,1.0,1,1.0,1,0.2106480698018341,40
1681,2,3557,1358,2199,0,0,0,1.0,1,1.0,1,1.0,1,0.2418589509957215,41
1682,2,3559,1358,2201,0,0,0,1.0,1,1.0,1,1.0,1,0.19997589866579207,40
1683,3,3562,1361,2201,0,0,0,1.0,1,1.0,1,1.0,1,0.20938264178090976,43
1684,3,3565,1363,2202,0,0,0,1.0,1,1.0,1,1.0,1,0.2499462161968773,42
1685,2,3567,1363,2204,0,0,0,1.0,1,1.0,1,1.0,1,0.19916318277753775,41
1686,0,3567,1363,2204,0,0,0,1.0,1,1.0,1,1.0,1,0.24703613869571298,39
1687,4,3571,1365,2206,0,0,0,1.0,1,1.0,1,1.0,1,0.23480566641544057,41
1688,1,3572,1366,2206,0,0,0,1.0,1,1.0,1,1.0,1,0.2686318834113198,39
1689,1,3573,1367,2206,0,0,0,1.0,1,1.0,1,1.0,1,0.2949445990937933,37
1690,3,3576,1368,2208,0,0,0,1.0,1,1.0,1,1.0,1,0.3587280860747926,36
1691,3,3579,1370,2209,0,0,0,1.0,1,1.0,1,1.0,1,0.3547441659890627,36
1692,0,3579,1370,2209,0,0,0,1.0,1,1.0,1,1.0,1,0.3460618411566818,34
1693,1,3580,1371,2209,0,0,0,1.0,1,1.0,1,1.0,1,0.34437584842812224,33
1694,0,3580,1371,2209,0,0,0,1.0,1,1.0,1,1.0,1,0.3643151778443966,32
1695,1,3581,1371,2210,0,0,0,1.0,1,1.0,1,1.0,1,0.35259674062804447,32
1696,3,3584,1372,2212,0,0,0,1.0,1,1.0,1,1.0,1,0.36879371670016636,34
1697,1,3585,1373,2212,0,0,0,1.0,1,1.0,1,1.0,1,0.3560915656796271,34
1698,1,3586,1374,2212,0,0,0,1.0,1,1.0,1,1.0,1,0.338098729592092,36
1699,1,3587,1375,2212,0,0,0,1.0,1,1.0,1,1.0,1,0.3646621489395782,36
1700,0,3587,1375,2212,0,0,0,1.0,1,1.0,1,1.0,1,0.38296193814312,37
1701,5,3592,1376,2216,0,0,0,1.0,1,1.0,1,1.0,1,0.28101206896289815,39
1702,2,3594,1378,2216,0,0,0,1.0,1,1.0,1,1.0,1,0.313614798050093,39
1703,5,3599,1380,2219,0,0,0,1.0,1,1.0,1,1.0,1,0.2912462007447873,38
1704,6,3605,1384,2221,0,0,0,1.0,1,1.0,1,1.0,1,0.2770142854201533,38
1705,0,3605,1384,2221,0,0,0,1.0,1,1.0,1,1.0,1,0.28156506579596874,37
1706,2,3607,1386,2221,0,0,0,1.0,1,1.0,1,1.0,1,0.3107213417627062,37
1707,1,3608,1386,2222,0,0,0,1.0,1,1.0,1,1.0,1,0.30463807105474316,36
1708,1,3609,1386,2223,0,0,0,1.0,1,1.0,1,1.0,1,0.293977574824234,34
1709,1,3610,1387,2223,0,0,0,1.0,1,1.0,1,1.0,1,0.3038869540745561,34
1710,3,3613,1388,2225,0,0,0,1.0,1,1.0,1,1.0,1,0.31800805475413396,33
1711,1,3614,1389,2225,0,0,0,1.0,1,1.0,1,1.0,1,0.33792256229880824,32
1712,2,3616,1390,2226,0,0,0,1.0,1,1.0,1,1.0,1,0.3617257270854873,31
1713,2,3618,1390,2228,0,0,0,1.0,1,1.0,1,1.0,1,0.35325938002080465,32
1714,0,3618,1390,2228,0,0,0,1.0,1,1.0,1,1.0,1,0.35325938002080465,32
1715,0,3618,1390,2228,0,0,0,1.0,1,1.0,1,1.0,1,0.35325938002080465,32
1716,1,3619,1391,2228,0,0,0,1.0,1,1.0,1,1.0,1,0.3680355870391563,34
1717,2,3621,1391,2230,0,0,0,1.0,1,1.0,1,1.0,1,0.36841268089149953,34
1718,4,3625,1391,2234,0,0,0,1.0,1,1.0,1,1.0,1,0.33301101066525945,34
1719,0,3625,1391,2234,0,0,0,1.0,1,1.0,1,1.0,1,0.33301101066525945,34
1720,0,3625,1391,2234,0,0,0,1.0,1,1.0,1,1.0,1,0.3088734494609976,34
1721,0,3625,1391,2234,0,0,0,1.0,1,1.0,1,1.0,1,0.2832164077491255,35
1722,0,3625,1391,2234,0,0,0,1.0,1,1.0,1,1.0,1,0.2824079412121674,35
1723,1,3626,1392,2234,0,0,0,1.0,1,1.0,1,1.0,1,0.2705174073524087,34
1724,2,3628,1393,2235,0,0,0,1.0,1,1.0,1,1.0,1,0.21100746226214648,33
1725,1,3629,1394,2235,0,0,0,1.0,1,1.0,1,1.0,1,0.26180466252795526,35
1726,1,3630,1394,2236,0,0,0,1.0,1,1.0,1,1.0,1,0.2032502714026088,34
1727,1,3631,1395,2236,0,0,0,1.0,1,1.0,1,1.0,1,0.25733786283401594,34
1728,0,3631,1395,2236,0,0,0,1.0,1,1.0,1,1.0,1,0.2589157370032574,35
1729,1,3632,1395,2237,0,0,0,1.0,1,1.0,1,1.0,1,0.27690967142859607,35
1730,1,3633,1396,2237,0,0,0,1.0,1,1.0,1,1.0,1,0.30719593708762405,35
1731,1,3634,1397,2237,0,0,0,1.0,1,1.0,1,1.0,1,0.32315676765826173,35
1732,0,3634,1397,2237,0,0,0,1.0,1,1.0,1,1.0,1,0.32315676765826173,35
1733,1,3635,1397,2238,0,0,0,1.0,1,1.0,1,1.0,1,0.31582484394495886,33
1734,3,3638,1399,2239,0,0,0,1.0,1,1.0,1,1.0,1,0.30308674188417245,34
1735,3,3641,1400,2241,0,0,0,1.0,1,1.0,1,1.0,1,0.2527953352492852,33
1736,3,3644,1403,2241,0,0,0,1.0,1,1.0,1,1.0,1,0.28375369694587227,33
1737,1,3645,1403,2242,0,0,0,1.0,1,1.0,1,1.0,1,0.27530009672847106,35
1738,3,3648,1405,2243,0,0,0,1.0,1,1.0,1,1.0,1,0.25615043363435563,36
1739,4,3652,1407,2245,0,0,0,1.0,1,1.0,1,1.0,1,0.26535513637523334,36
1740,4,3656,1409,2247,0,0,0,1.0,1,1.0,1,1.0,1,0.32316670961907984,37
1741,2,3658,1409,2249,0,0,0,1.0,1,1.0,1,1.0,1,0.28415311343377486,36
1742,1,3659,1410,2249,0,0,0,1.0,1,1.0,1,1.0,1,0.29467594252271034,36
1743,3,3662,1412,2250,0,0,0,1.0,1,1.0,1,1.0,1,0.3174491934977597,37
1744,0,3662,1412,2250,0,0,0,1.0,1,1.0,1,1.0,1,0.32561521639824187,37
1745,6,3668,1415,2253,0,0,0,1.0,1,1.0,1,1.0,1,0.30134866520735065,38
1746,1,3669,1415,2254,0,0,0,1.0,1,1.0,1,1.0,1,0.3049079501666786,38
1747,3,3672,1417,2255,0,0,0,1.0,1,1.0,1,1.0,1,0.28756771830954597,37
1748,1,3673,1417,2256,0,0,0,1.0,1,1.0,1,1.0,1,0.2908186058131828,38
1749,1,3674,1417,2257,0,0,0,1.0,1,1.0,1,1.0,1,0.2983029970967815,38
1750,2,3676,1417,2259,0,0,0,1.0,1,1.0,1,1.0,1,0.3137655293623543,39
1751,4,3680,1417,2263,0,0,0,1.0,1,1.0,1,1.0,1,0.22967684578010658,41
1752,2,3682,1419,2263,0,0,0,1.0,1,1.0,1,1.0,1,0.23441975748134428,41
1753,2,3684,1421,2263,0,0,0,1.0,1,1.0,1,1.0,1,0.25214279580518534,41
1754,1,3685,1421,2264,0,0,0,1.0,1,1.0,1,1.0,1,0.24378608814886582,40
1755,1,3686,1422,2264,0,0,0,1.0,1,1.0,1,1.0,1,0.26934890438804776,41
1756,2,3688,1423,2265,0,0,0,1.0,1,1.0,1,1.0,1,0.311831414025029,41
1757,1,3689,1423,2266,0,0,0,1.0,1,1.0,1,1.0,1,0.3341454868125542,40
1758,2,3691,1423,2268,0,0,0,1.0,1,1.0,1,1.0,1,0.31271848910092737,41
1759,3,3694,1424,2270,0,0,0,1.0,1,1.0,1,1.0,1,0.3703347210850257,38
1760,1,3695,1425,2270,0,0,0,1.0,1,1.0,1,1.0,1,0.4044529545890957,38
1761,5,3700,1426,2274,0,0,0,1.0,1,1.0,1,1.0,1,0.377644763554811,37
1762,3,3703,1427,2276,0,0,0,1.0,1,1.0,1,1.0,1,0.36457092582617595,37
1763,4,3707,1429,2278,0,0,0,1.0,1,1.0,1,1.0,1,0.3233591023301317,37
1764,4,3711,1430,2281,0,0,0,1.0,1,1.0,1,1.0,1,0.330364816197069,36
1765,3,3714,1431,2283,0,0,0,1.0,1,1.0,1,1.0,1,0.34616300683699824,36
1766,3,3717,1432,2285,0,0,0,1.0,1,1.0,1,1.0,1,0.2903486984644724,37
1767,2,3719,1433,2286,0,0,0,1.0,1,1.0,1,1.0,1,0.26962015234241876,37
1768,2,3721,1434,2287,0,0,0,1.0,1,1.0,1,1.0,1,0.2346942542233583,37
1769,3,3724,1435,2289,0,0,0,1.0,1,1.0,1,1.0,1,0.2726704090480787,38
1770,2,3726,1436,2290,0,0,0,1.0,1,1.0,1,1.0,1,0.3124032301900182,39
1771,0,3726,1436,2290,0,0,0,1.0,1,1.0,1,1.0,1,0.3124032301900182,39
1772,0,3726,1436,2290,0,0,0,1.0,1,1.0,1,1.0,1,0.3124032301900182,39
1773,0,3726,1436,2290,0,0,0,1.0,1,1.0,1,1.0,1,0.289862248064435,41
1774,1,3727,1436,2291,0,0,0,1.0,1,1.0,1,1.0,1,0.28925130448461217,41
1775,0,3727,1436,2291,0,0,0,1.0,1,1.0,1,1.0,1,0.3074907682325725,42
1776,6,3733,1437,2296,0,0,0,1.0,1,1.0,1,1.0,1,0.1432899569689425,43
1777,0,3733,1437,2296,0,0,0,1.0,1,1.0,1,1.0,1,0.1432899569689425,43
1778,0,3733,1437,2296,0,0,0,1.0,1,1.0,1,1.0,1,0.1572044999316972,44
1779,2,3735,1438,2297,0,0,0,1.0,1,1.0,1,1.0,1,0.148351305627612,46
1780,0,3735,1438,2297,0,0,0,1.0,1,1.0,1,1.0,1,0.148351305627612,46
1781,1,3736,1439,2297,0,0,0,1.0,1,1.0,1,1.0,1,0.16924898376850747,46
1782,3,3739,1441,2298,0,0,0,1.0,1,1.0,1,1.0,1,0.2215817840575428,46
1783,2,3741,1443,2298,0,0,0,1.0,1,1.0,1,1.0,1,0.23881397726106696,44
1784,2,3743,1445,2298,0,0,0,1.0,1,1.0,1,1.0,1,0.2866940668405228,45
1785,1,3744,1446,2298,0,0,0,1.0,1,1.0,1,1.0,1,0.3094782327227907,42
1786,4,3748,1448,2300,0,0,0,1.0,1,1.0,1,1.0,1,0.31235675808530466,43
1787,3,3751,1450,2301,0,0,0,1.0,1,1.0,1,1.0,1,0.3075398091107133,41
1788,3,3754,1450,2304,0,0,0,1.0,1,1.0,1,1.0,1,0.25872986486771016,41
1789,1,3755,1450,2305,0,0,0,1.0,1,1.0,1,1.0,1,0.271001962808882,41
1790,3,3758,1452,2306,0,0,0,1.0,1,1.0,1,1.0,1,0.23942543779154368,41
1791,2,3760,1454,2306,0,0,0,1.0,1,1.0,1,1.0,1,0.22795780806899282,40
1792,4,3764,1458,2306,0,0,0,1.0,1,1.0,1,1.0,1,0.218044671153984,40
1793,3,3767,1460,2307,0,0,0,1.0,1,1.0,1,1.0,1,0.1828793730794427,41
1794,2,3769,1462,2307,0,0,0,1.0,1,1.0,1,1.0,1,0.17598333804554986,41
1795,3,3772,1465,2307,0,0,0,1.0,1,1.0,1,1.0,1,0.1950279781379507,40
1796,1,3773,1466,2307,0,0,0,1.0,1,1.0,1,1.0,1,0.16734892973356996,40
1797,1,3774,1467,2307,0,0,0,1.0,1,1.0,1,1.0,1,0.18910379760072962,37
1798,0,3774,1467,2307,0,0,0,1.0,1,1.0,1,1.0,1,0.18910379760072962,37
1799,1,3775,1468,2307,0,0,0,1.0,1,1.0,1,1.0,1,0.2504765091648419,36
1800,1,3776,1469,2307,0,0,0,1.0,1,1.0,1,1.0,1,0.30187376694999535,36
1801,2,3778,1469,2309,0,0,0,1.0,1,1.0,1,1.0,1,0.20822100951219327,34
1802,1,3779,1470,2309,0,0,0,1.0,1,1.0,1,1.0,1,0.2601338785183736,33
1803,0,3779,1470,2309,0,0,0,1.0,1,1.0,1,1.0,1,0.2601338785183736,33
1804,2,3781,1471,2310,0,0,0,1.0,1,1.0,1,1.0,1,0.2996848323746755,33
1805,1,3782,1472,2310,0,0,0,1.0,1,1.0,1,1.0,1,0.34148454532173456,35
1806,1,3783,1472,2311,0,0,0,1.0,1,1.0,1,1.0,1,0.3202393023188748,35
1807,1,3784,1472,2312,0,0,0,1.0,1,1.0,1,1.0,1,0.3038939550073506,35
1808,1,3785,1473,2312,0,0,0,1.0,1,1.0,1,1.0,1,0.263011061130804,36
1809,0,3785,1473,2312,0,0,0,1.0,1,1.0,1,1.0,1,0.259155858723605,36
1810,0,3785,1473,2312,0,0,0,1.0,1,1.0,1,1.0,1,0.27805037729217713,35
1811,5,3790,1474,2316,0,0,0,1.0,1,1.0,1,1.0,1,0.26406116687715836,36
1812,0,3790,1474,2316,0,0,0,1.0,1,1.0,1,1.0,1,0.2848111448874448,36
1813,2,3792,1475,2317,0,0,0,1.0,1,1.0,1,1.0,1,0.3021560040361756,36
1814,0,3792,1475,2317,0,0,0,1.0,1,1.0,1,1.0,1,0.31391473293015226,34
1815,0,3792,1475,2317,0,0,0,1.0,1,1.0,1,1.0,1,0.3165251742319707,35
1816,1,3793,1476,2317,0,0,0,1.0,1,1.0,1,1.0,1,0.40186388290796593,34
1817,4,3797,1479,2318,0,0,0,1.0,1,1.0,1,1.0,1,0.3030462261025595,34
1818,1,3798,1479,2319,0,0,0,1.0,1,1.0,1,1.0,1,0.280950273220384,34
1819,2,3800,1481,2319,0,0,0,1.0,1,1.0,1,1.0,1,0.3315768682895348,35
1820,0,3800,1481,2319,0,0,0,1.0,1,1.0,1,1.0,1,0.3167169198735453,36
1821,0,3800,1481,2319,0,0,0,1.0,1,1.0,1,1.0,1,0.3167169198735453,36
1822,3,3803,1484,2319,0,0,0,1.0,1,1.0,1,1.0,1,0.3448016743545997,37
1823,7,3810,1488,2322,0,0,0,1.0,1,1.0,1,1.0,1,0.38818458625043106,38
1824,4,3814,1490,2324,0,0,0,1.0,1,1.0,1,1.0,1,0.4062726330603451,37
1825,4,3818,1491,2327,0,0,0,1.0,1,1.0,1,1.0,1,0.36631538198392294,36
1826,2,3820,1491,2329,0,0,0,1.0,1,1.0,1,1.0,1,0.3320618367028372,35
1827,0,3820,1491,2329,0,0,0,1.0,1,1.0,1,1.0,1,0.33288249857106184,35
1828,0,3820,1491,2329,0,0,0,1.0,1,1.0,1,1.0,1,0.3268101378704697,33
1829,1,3821,1491,2330,0,0,0,1.0,1,1.0,1,1.0,1,0.3220694033839968,32
1830,2,3823,1493,2330,0,0,0,1.0,1,1.0,1,1.0,1,0.3613661556316333,32
1831,3,3826,1495,2331,0,0,0,1.0,1,1.0,1,1.0,1,0.37035061561486554,30
1832,0,3826,1495,2331,0,0,0,1.0,1,1.0,1,1.0,1,0.37035061561486554,30
1833,1,3827,1496,2331,0,0,0,1.0,1,1.0,1,1.0,1,0.42602105797704715,29
1834,2,3829,1497,2332,0,0,0,1.0,1,1.0,1,1.0,1,0.37113527247807476,28
1835,4,3833,1499,2334,0,0,0,1.0,1,1.0,1,1.0,1,0.3956244098555766,28
1836,1,3834,1500,2334,0,0,0,1.0,1,1.0,1,1.0,1,0.3696971836446237,29
1837,1,3835,1500,2335,0,0,0,1.0,1,1.0,1,1.0,1,0.3802708603506719,28
1838,1,3836,1501,2335,0,0,0,1.0,1,1.0,1,1.0,1,0.3947664495551995,28
1839,1,3837,1502,2335,0,0,0,1.0,1,1.0,1,1.0,1,0.43013233859068334,27
1840,1,3838,1502,2336,0,0,0,1.0,1,1.0,1,1.0,1,0.41421854895118143,26
1841,0,3838,1502,2336,0,0,0,1.0,1,1.0,1,1.0,1,0.4004311929370112,25
1842,1,3839,1503,2336,0,0,0,1.0,1,1.0,1,1.0,1,0.4283197773996476,26
1843,0,3839,1503,2336,0,0,0,1.0,1,1.0,1,1.0,1,0.4283197773996476,26
1844,1,3840,1504,2336,0,0,0,1.0,1,1.0,1,1.0,1,0.3973722711428618,26
1845,0,3840,1504,2336,0,0,0,1.0,1,1.0,1,1.0,1,0.3973722711428618,26
1846,3,3843,1506,2337,0,0,0,1.0,1,1.0,1,1.0,1,0.35818751172466423,26
1847,0,3843,1506,2337,0,0,0,1.0,1,1.0,1,1.0,1,0.35818751172466423,26
1848,0,3843,1506,2337,0,0,0,1.0,1,1.0,1,1.0,1,0.37768356436154854,27
1849,0,3843,1506,2337,0,0,0,1.0,1,1.0,1,1.0,1,0.37768356436154854,27
1850,0,3843,1506,2337,0,0,0,1.0,1,1.0,1,1.0,1,0.39550774782095216,28
1851,2,3845,1506,2339,0,0,0,1.0,1,1.0,1,1.0,1,0.36471139791146373,28
1852,0,3845,1506,2339,0,0,0,1.0,1,1.0,1,1.0,1,0.36471139791146373,28
1853,0,3845,1506,2339,0,0,0,1.0,1,1.0,1,1.0,1,0.38432727179601495,27
1854,0,3845,1506,2339,0,0,0,1.0,1,1.0,1,1.0,1,0.3957820494274053,28
1855,1,3846,1506,2340,0,0,0,1.0,1,1.0,1,1.0,1,0.3772823324265466,28
1856,6,3852,1507,2345,0,0,0,1.0,1,1.0,1,1.0,1,0.2658951656406927,30
1857,1,3853,1507,2346,0,0,0,1.0,1,1.0,1,1.0,1,0.26855225883877015,31
1858,7,3860,1510,2350,0,0,0,1.0,1,1.0,1,1.0,1,0.2918164082454398,31
1859,3,3863,1510,2353,0,0,0,1.0,1,1.0,1,1.0,1,0.30323420186944544,31
1860,2,3865,1510,2355,0,0,0,1.0,1,1.0,1,1.0,1,0.2904551633540017,31
1861,1,3866,1510,2356,0,0,0,1.0,1,1.0,1,1.0,1,0.28801329890557165,31
1862,2,3868,1511,2357,0,0,0,1.0,1,1.0,1,1.0,1,0.31644543794245217,31
1863,2,3870,1511,2359,0,0,0,1.0,1,1.0,1,1.0,1,0.30845922257698977,31
1864,4,3874,1513,2361,0,0,0,1.0,1,1.0,1,1.0,1,0.29601552737934456,30
1865,1,3875,1514,2361,0,0,0,1.0,1,1.0,1,1.0,1,0.36249995690589826,27
1866,5,3880,1516,2364,0,0,0,1.0,1,1.0,1,1.0,1,0.34411329797136136,28
1867,0,3880,1516,2364,0,0,0,1.0,1,1.0,1,1.0,1,0.3918138665357777,26
1868,1,3881,1517,2364,0,0,0,1.0,1,1.0,1,1.0,1,0.3651116857840221,26
1869,0,3881,1517,2364,0,0,0,1.0,1,1.0,1,1.0,1,0.39018388176435503,25
1870,0,3881,1517,2364,0,0,0,1.0,1,1.0,1,1.0,1,0.39018388176435503,25
1871,0,3881,1517,2364,0,0,0,1.0,1,1.0,1,1.0,1,0.4087997992970252,26
1872,1,3882,1518,2364,0,0,0,1.0,1,1.0,1,1.0,1,0.4065718837140325,25
1873,0,3882,1518,2364,0,0,0,1.0,1,1.0,1,1.0,1,0.4301969279921949,23
1874,1,3883,1519,2364,0,0,0,1.0,1,1.0,1,1.0,1,0.3723311707281357,23
1875,0,3883,1519,2364,0,0,0,1.0,1,1.0,1,1.0,1,0.48447145802638064,21
1876,2,3885,1520,2365,0,0,0,1.0,1,1.0,1,1.0,1,0.46697041721331056,24
1877,1,3886,1520,2366,0,0,0,1.0,1,1.0,1,1.0,1,0.4269782203966492,24
1878,0,3886,1520,2366,0,0,0,1.0,1,1.0,1,1.0,1,0.3820445818675116,26
1879,2,3888,1521,2367,0,0,0,1.0,1,1.0,1,1.0,1,0.32168934790133197,26
1880,0,3888,1521,2367,0,0,0,1.0,1,1.0,1,1.0,1,0.32168934790133197,26
1881,0,3888,1521,2367,0,0,0,1.0,1,1.0,1,1.0,1,0.32168934790133197,26
1882,0,3888,1521,2367,0,0,0,1.0,1,1.0,1,1.0,1,0.3253792687250582,25
1883,0,3888,1521,2367,0,0,0,1.0,1,1.0,1,1.0,1,0.3253792687250582,25
1884,0,3888,1521,2367,0,0,0,1.0,1,1.0,1,1.0,1,0.3253792687250582,25
1885,0,3888,1521,2367,0,0,0,1.0,1,1.0,1,1.0,1,0.3253792687250582,25
1886,0,3888,1521,2367,0,0,0,1.0,1,1.0,1,1.0,1,0.3259848041126662,26
1887,0,3888,1521,2367,0,0,0,1.0,1,1.0,1,1.0,1,0.3259848041126662,26
1888,1,3889,1522,2367,0,0,0,1.0,1,1.0,1,1.0,1,0.3654677067850233,27
1889,0,3889,1522,2367,0,0,0,1.0,1,1.0,1,1.0,1,0.38858520666164154,28
1890,0,3889,1522,2367,0,0,0,1.0,1,1.0,1,1.0,1,0.38858520666164154,28
1891,2,3891,1522,2369,0,0,0,1.0,1,1.0,1,1.0,1,0.35010944890233536,29
1892,0,3891,1522,2369,0,0,0,1.0,1,1.0,1,1.0,1,0.35010944890233536,29
1893,3,3894,1523,2371,0,0,0,1.0,1,1.0,1,1.0,1,0.3158232125823165,29
1894,0,3894,1523,2371,0,0,0,1.0,1,1.0,1,1.0,1,0.3158232125823165,29
1895,1,3895,1524,2371,0,0,0,1.0,1,1.0,1,1.0,1,0.2756356465392849,31
1896,1,3896,1524,2372,0,0,0,1.0,1,1.0,1,1.0,1,0.2583457277815685,31
1897,0,3896,1524,2372,0,0,0,1.0,1,1.0,1,1.0,1,0.2583457277815685,31
1898,0,3896,1524,2372,0,0,0,1.0,1,1.0,1,1.0,1,0.2583457277815685,31
1899,0,3896,1524,2372,0,0,0,1.0,1,1.0,1,1.0,1,0.27162032321980095,32
1900,0,3896,1524,2372,0,0,0,1.0,1,1.0,1,1.0,1,0.27162032321980095,32
1901,0,3896,1524,2372,0,0,0,1.0,1,1.0,1,1.0,1,0.27162032321980095,32
1902,0,3896,1524,2372,0,0,0,1.0,1,1.0,1,1.0,1,0.27162032321980095,32
1903,0,3896,1524,2372,0,0,0,1.0,1,1.0,1,1.0,1,0.27162032321980095,32
1904,1,3897,1524,2373,0,0,0,1.0,1,1.0,1,1.0,1,0.24112634863785207,34
1905,0,3897,1524,2373,0,0,0,1.0,1,1.0,1,1.0,1,0.24112634863785207,34
1906,0,3897,1524,2373,0,0,0,1.0,1,1.0,1,1.0,1,0.25356821336152635,35
1907,0,3897,1524,2373,0,0,0,1.0,1,1.0,1,1.0,1,0.25496077471098066,36
1908,0,3897,1524,2373,0,0,0,1.0,1,1.0,1,1.0,1,0.25496077471098066,36
1909,1,3898,1524,2374,0,0,0,1.0,1,1.0,1,1.0,1,0.2480536436543523,37
1910,2,3900,1525,2375,0,0,0,1.0,1,1.0,1,1.0,1,0.27539867165792664,38
1911,2,3902,1525,2377,0,0,0,1.0,1,1.0,1,1.0,1,0.23223744525302842,37
1912,1,3903,1526,2377,0,0,0,1.0,1,1.0,1,1.0,1,0.2551573926930426,37
1913,0,3903,1526,2377,0,0,0,1.0,1,1.0,1,1.0,1,0.25391692890837886,36
1914,2,3905,1528,2377,0,0,0,1.0,1,1.0,1,1.0,1,0.28664948868315554,37
1915,2,3907,1529,2378,0,0,0,1.0,1,1.0,1,1.0,1,0.2643521355564107,37
1916,2,3909,1530,2379,0,0,0,1.0,1,1.0,1,1.0,1,0.24761109524539443,39
1917,3,3912,1531,2381,0,0,0,1.0,1,1.0,1,1.0,1,0.19894016105374393,38
1918,2,3914,1533,2381,0,0,0,1.0,1,1.0,1,1.0,1,0.22861725052987905,38
1919,0,3914,1533,2381,0,0,0,1.0,1,1.0,1,1.0,1,0.2572552833480478,38
1920,1,3915,1533,2382,0,0,0,1.0,1,1.0,1,1.0,1,0.2722154389428465,39
1921,2,3917,1533,2384,0,0,0,1.0,1,1.0,1,1.0,1,0.2507857782141329,38
1922,4,3921,1536,2385,0,0,0,1.0,1,1.0,1,1.0,1,0.2204244931866494,39
1923,3,3924,1539,2385,0,0,0,1.0,1,1.0,1,1.0,1,0.3215987281752329,40
1924,2,3926,1539,2387,0,0,0,1.0,1,1.0,1,1.0,1,0.2713636335470495,40
1925,1,3927,1539,2388,0,0,0,1.0,1,1.0,1,1.0,1,0.2674840177956199,40
1926,1,3928,1539,2389,0,0,0,1.0,1,1.0,1,1.0,1,0.2369785573738044,40
1927,0,3928,1539,2389,0,0,0,1.0,1,1.0,1,1.0,1,0.20876746020668843,41
1928,1,3929,1540,2389,0,0,0,1.0,1,1.0,1,1.0,1,0.22820588081537305,41
1929,0,3929,1540,2389,0,0,0,1.0,1,1.0,1,1.0,1,0.22314911357358388,40
1930,1,3930,1541,2389,0,0,0,1.0,1,1.0,1,1.0,1,0.2356240721495503,40
1931,1,3931,1541,2390,0,0,0,1.0,1,1.0,1,1.0,1,0.18411088932579217,40
1932,0,3931,1541,2390,0,0,0,1.0,1,1.0,1,1.0,1,0.18411088932579217,40
1933,1,3932,1541,2391,0,0,0,1.0,1,1.0,1,1.0,1,0.20063283106860133,42
1934,3,3935,1541,2394,0,0,0,1.0,1,1.0,1,1.0,1,0.16387385941658517,44
1935,0,3935,1541,2394,0,0,0,1.0,1,1.0,1,1.0,1,0.16387385941658517,44
1936,3,3938,1543,2395,0,0,0,1.0,1,1.0,1,1.0,1,0.15054852840385224,46
1937,0,3938,1543,2395,0,0,0,1.0,1,1.0,1,1.0,1,0.1451738728794112,47
1938,2,3940,1544,2396,0,0,0,1.0,1,1.0,1,1.0,1,0.16281363540260904,47
1939,0,3940,1544,2396,0,0,0,1.0,1,1.0,1,1.0,1,0.16281363540260904,47
1940,0,3940,1544,2396,0,0,0,1.0,1,1.0,1,1.0,1,0.16281363540260904,47
1941,2,3942,1546,2396,0,0,0,1.0,1,1.0,1,1.0,1,0.16780533059346434,47
1942,6,3948,1549,2399,0,0,0,1.0,1,1.0,1,1.0,1,0.1850344110849021,49
1943,5,3953,1551,2402,0,0,0,1.0,1,1.0,1,1.0,1,0.14635812296101203,47
1944,2,3955,1553,2402,0,0,0,1.0,1,1.0,1,1.0,1,0.15805939157791865,47
1945,2,3957,1555,2402,0,0,0,1.0,1,1.0,1,1.0,1,0.17018508098015186,45
1946,0,3957,1555,2402,0,0,0,1.0,1,1.0,1,1.0,1,0.19530449908163247,45
1947,4,3961,1557,2404,0,0,0,1.0,1,1.0,1,1.0,1,0.19355488760760853,45
1948,3,3964,1558,2406,0,0,0,1.0,1,1.0,1,1.0,1,0.2275322565737283,45
1949,3,3967,1561,2406,0,0,0,1.0,1,1.0,1,1.0,1,0.3514095876083874,42
1950,4,3971,1564,2407,0,0,0,1.0,1,1.0,1,1.0,1,0.3616894902703837,42
1951,9,3980,1565,2415,0,0,0,1.0,1,1.0,1,1.0,1,0.26505154550667853,38
1952,3,3983,1567,2416,0,0,0,1.0,1,1.0,1,1.0,1,0.288139598259138,36
1953,0,3983,1567,2416,0,0,0,1.0,1,1.0,1,1.0,1,0.2677669153655673,35
1954,1,3984,1568,2416,0,0,0,1.0,1,1.0,1,1.0,1,0.22958942950257302,32
1955,1,3985,1568,2417,0,0,0,1.0,1,1.0,1,1.0,1,0.20402067970482435,33
1956,0,3985,1568,2417,0,0,0,1.0,1,1.0,1,1.0,1,0.2540400771587007,31
1957,1,3986,1569,2417,0,0,0,1.0,1,1.0,1,1.0,1,0.24526605063311177,33
1958,1,3987,1570,2417,0,0,0,1.0,1,1.0,1,1.0,1,0.27257122504549763,34
1959,1,3988,1570,2418,0,0,0,1.0,1,1.0,1,1.0,1,0.2552296036067457,35
1960,2,3990,1572,2418,0,0,0,1.0,1,1.0,1,1.0,1,0.32019469007621304,36
1961,1,3991,1572,2419,0,0,0,1.0,1,1.0,1,1.0,1,0.2598832284360201,36
1962,0,3991,1572,2419,0,0,0,1.0,1,1.0,1,1.0,1,0.29808560313815485,35
1963,2,3993,1572,2421,0,0,0,1.0,1,1.0,1,1.0,1,0.2786121067932239,36
1964,2,3995,1572,2423,0,0,0,1.0,1,1.0,1,1.0,1,0.2826577161927495,35
1965,2,3997,1573,2424,0,0,0,1.0,1,1.0,1,1.0,1,0.25304754334063684,36
1966,2,3999,1575,2424,0,0,0,1.0,1,1.0,1,1.0,1,0.2849287774495882,36
1967,0,3999,1575,2424,0,0,0,1.0,1,1.0,1,1.0,1,0.2849287774495882,36
1968,0,3999,1575,2424,0,0,0,1.0,1,1.0,1,1.0,1,0.2872045625528543,37
1969,0,3999,1575,2424,0,0,0,1.0,1,1.0,1,1.0,1,0.2872045625528543,37
1970,1,4000,1575,2425,0,0,0,1.0,1,1.0,1,1.0,1,0.2696374654094307,38
1971,0,4000,1575,2425,0,0,0,1.0,1,1.0,1,1.0,1,0.2902549355065684,37
1972,0,4000,1575,2425,0,0,0,1.0,1,1.0,1,1.0,1,0.2902549355065684,37
1973,1,4001,1576,2425,0,0,0,1.0,1,1.0,1,1.0,1,0.32696544319426574,37
1974,3,4004,1577,2427,0,0,0,1.0,1,1.0,1,1.0,1,0.34679336966784696,38
1975,0,4004,1577,2427,0,0,0,1.0,1,1.0,1,1.0,1,0.35678771404023135,37
1976,6,4010,1579,2431,0,0,0,1.0,1,1.0,1,1.0,1,0.3137120649948822,39
1977,2,4012,1579,2433,0,0,0,1.0,1,1.0,1,1.0,1,0.2610201018068555,42
1978,3,4015,1582,2433,0,0,0,1.0,1,1.0,1,1.0,1,0.24294554952991673,42
1979,0,4015,1582,2433,0,0,0,1.0,1,1.0,1,1.0,1,0.24294554952991673,42
1980,1,4016,1583,2433,0,0,0,1.0,1,1.0,1,1.0,1,0.24382792979852363,43
1981,1,4017,1583,2434,0,0,0,1.0,1,1.0,1,1.0,1,0.23407138225131932,44
1982,1,4018,1584,2434,0,0,0,1.0,1,1.0,1,1.0,1,0.23914336919303092,44
1983,0,4018,1584,2434,0,0,0,1.0,1,1.0,1,1.0,1,0.23914336919303092,44
1984,2,4020,1585,2435,0,0,0,1.0,1,1.0,1,1.0,1,0.23614713209921778,42
1985,3,4023,1586,2437,0,0,0,1.0,1,1.0,1,1.0,1,0.18790790911978342,41
1986,4,4027,1589,2438,0,0,0,1.0,1,1.0,1,1.0,1,0.19885421768589284,40
1987,2,4029,1591,2438,0,0,0,1.0,1,1.0,1,1.0,1,0.21509167936579365,37
1988,4,4033,1594,2439,0,0,0,1.0,1,1.0,1,1.0,1,0.29717078894366283,35
1989,2,4035,1595,2440,0,0,0,1.0,1,1.0,1,1.0,1,0.2782249843589713,32
1990,1,4036,1596,2440,0,0,0,1.0,1,1.0,1,1.0,1,0.27848589035268967,31
1991,0,4036,1596,2440,0,0,0,1.0,1,1.0,1,1.0,1,0.29386988420197346,32
1992,3,4039,1597,2442,0,0,0,1.0,1,1.0,1,1.0,1,0.32584190166149246,32
1993,1,4040,1598,2442,0,0,0,1.0,1,1.0,1,1.0,1,0.3765149375301101,32
1994,0,4040,1598,2442,0,0,0,1.0,1,1.0,1,1.0,1,0.3726291564177952,31
1995,1,4041,1598,2443,0,0,0,1.0,1,1.0,1,1.0,1,0.3827114917836226,32
1996,1,4042,1598,2444,0,0,0,1.0,1,1.0,1,1.0,1,0.3465462903533629,32
1997,0,4042,1598,2444,0,0,0,1.0,1,1.0,1,1.0,1,0.3335526414158621,31
1998,0,4042,1598,2444,0,0,0,1.0,1,1.0,1,1.0,1,0.31552296745205277,32
1999,0,4042,1598,2444,0,0,0,1.0,1,1.0,1,1.0,1,0.3057404029201042,31
2000,0,4042,1598,2444,0,0,0,1.0,1,1.0,1,1.0,1,0.3185620735137958,30
2001,1,4043,1598,2445,0,0,0,1.0,1,1.0,1,1.0,1,0.2713452747775859,29
2002,2,4045,1599,2446,0,0,0,1.0,1,1.0,1,1.0,1,0.24575562782185345,31
2003,4,4049,1601,2448,0,0,0,1.0,1,1.0,1,1.0,1,0.26758385136930807,33
2004,2,4051,1602,2449,0,0,0,1.0,1,1.0,1,1.0,1,0.29190319789006774,34
2005,3,4054,1602,2452,0,0,0,1.0,1,1.0,1,1.0,1,0.24541601741833297,35
2006,2,4056,1604,2452,0,0,0,1.0,1,1.0,1,1.0,1,0.2398960386182207,36
2007,1,4057,1605,2452,0,0,0,1.0,1,1.0,1,1.0,1,0.25268956650786145,36
2008,3,4060,1607,2453,0,0,0,1.0,1,1.0,1,1.0,1,0.28324259679228025,36
2009,5,4065,1607,2458,0,0,0,1.0,1,1.0,1,1.0,1,0.23458652820311748,37
2010,2,4067,1608,2459,0,0,0,1.0,1,1.0,1,1.0,1,0.23557132138398804,37
2011,1,4068,1608,2460,0,0,0,1.0,1,1.0,1,1.0,1,0.24273495183892732,37
2012,2,4070,1608,2462,0,0,0,1.0,1,1.0,1,1.0,1,0.23774781109637602,37
2013,1,4071,1608,2463,0,0,0,1.0,1,1.0,1,1.0,1,0.24258577647936325,39
2014,3,4074,1608,2466,0,0,0,1.0,1,1.0,1,1.0,1,0.2730533274809044,39
2015,4,4078,1608,2470,0,0,0,1.0,1,1.0,1,1.0,1,0.2730533274809044,39
2016,1,4079,1608,2471,0,0,0,1.0,1,1.0,1,1.0,1,0.24907992668830212,41
2017,4,4083,1608,2475,0,0,0,1.0,1,1.0,1,1.0,1,0.2213350943605451,41
2018,6,4089,1610,2479,0,0,0,1.0,1,1.0,1,1.0,1,0.22977440468829477,42
2019,1,4090,1610,2480,0,0,0,1.0,1,1.0,1,1.0,1,0.20415251128139003,43
2020,5,4095,1612,2483,0,0,0,1.0,1,1.0,1,1.0,1,0.23388766994908378,43
2021,6,4101,1613,2488,0,0,0,1.0,1,1.0,1,1.0,1,0.27127845159595915,43
2022,3,4104,1614,2490,0,0,0,1.0,1,1.0,1,1.0,1,0.2216814100626442,44
2023,6,4110,1617,2493,0,0,0,1.0,1,1.0,1,1.0,1,0.2703359953035359,42
2024,5,4115,1619,2496,0,0,0,1.0,1,1.0,1,1.0,1,0.2573696593636987,41
2025,5,4120,1620,2500,0,0,0,1.0,1,1.0,1,1.0,1,0.25895672341265824,39
2026,3,4123,1621,2502,0,0,0,1.0,1,1.0,1,1.0,1,0.2385219603700187,39
2027,4,4127,1622,2505,0,0,0,1.0,1,1.0,1,1.0,1,0.3071185357305492,38
2028,1,4128,1623,2505,0,0,0,1.0,1,1.0,1,1.0,1,0.33492160198127335,37
2029,2,4130,1624,2506,0,0,0,1.0,1,1.0,1,1.0,1,0.3202682720197365,35
2030,1,4131,1624,2507,0,0,0,1.0,1,1.0,1,1.0,1,0.30262909159874024,32
2031,0,4131,1624,2507,0,0,0,1.0,1,1.0,1,1.0,1,0.3213698039838297,34
2032,1,4132,1625,2507,0,0,0,1.0,1,1.0,1,1.0,1,0.3858392544821409,35
2033,5,4137,1629,2508,0,0,0,1.0,1,1.0,1,1.0,1,0.31696485529860263,35
2034,0,4137,1629,2508,0,0,0,1.0,1,1.0,1,1.0,1,0.3355330403284964,35
2035,4,4141,1632,2509,0,0,0,1.0,1,1.0,1,1.0,1,0.3011038513094088,36
2036,2,4143,1632,2511,0,0,0,1.0,1,1.0,1,1.0,1,0.28773687117907965,35
2037,1,4144,1633,2511,0,0,0,1.0,1,1.0,1,1.0,1,0.30635290047324554,36
2038,1,4145,1634,2511,0,0,0,1.0,1,1.0,1,1.0,1,0.3163893413533483,38
2039,1,4146,1635,2511,0,0,0,1.0,1,1.0,1,1.0,1,0.3222383007244753,38
2040,0,4146,1635,2511,0,0,0,1.0,1,1.0,1,1.0,1,0.30457989021346316,37
2041,0,4146,1635,2511,0,0,0,1.0,1,1.0,1,1.0,1,0.29825472075241627,38
2042,1,4147,1635,2512,0,0,0,1.0,1,1.0,1,1.0,1,0.27813969474505673,38
2043,1,4148,1636,2512,0,0,0,1.0,1,1.0,1,1.0,1,0.307375304921582,38
2044,1,4149,1636,2513,0,0,0,1.0,1,1.0,1,1.0,1,0.28075551411719596,39
2045,0,4149,1636,2513,0,0,0,1.0,1,1.0,1,1.0,1,0.29728812214015343,40
2046,0,4149,1636,2513,0,0,0,1.0,1,1.0,1,1.0,1,0.3047223151674972,41
2047,0,4149,1636,2513,0,0,0,1.0,1,1.0,1,1.0,1,0.3047223151674972,41
2048,3,4152,1637,2515,0,0,0,1.0,1,1.0,1,1.0,1,0.29379053711438574,43
2049,2,4154,1639,2515,0,0,0,1.0,1,1.0,1,1.0,1,0.2715775684879946,43
2050,1,4155,1639,2516,0,0,0,1.0,1,1.0,1,1.0,1,0.23684482061823459,43
2051,5,4160,1640,2520,0,0,0,1.0,1,1.0,1,1.0,1,0.19548696417029623,43
2052,0,4160,1640,2520,0,0,0,1.0,1,1.0,1,1.0,1,0.2157048753533752,44
2053,1,4161,1641,2520,0,0,0,1.0,1,1.0,1,1.0,1,0.24719160012291475,43
2054,0,4161,1641,2520,0,0,0,1.0,1,1.0,1,1.0,1,0.2491718856151569,44
2055,0,4161,1641,2520,0,0,0,1.0,1,1.0,1,1.0,1,0.26145378662542945,43
2056,1,4162,1642,2520,0,0,0,1.0,1,1.0,1,1.0,1,0.26944330485222073,44
2057,3,4165,1645,2520,0,0,0,1.0,1,1.0,1,1.0,1,0.25637709844102086,44
2058,5,4170,1647,2523,0,0,0,1.0,1,1.0,1,1.0,1,0.2482669698062288,44
2059,3,4173,1648,2525,0,0,0,1.0,1,1.0,1,1.0,1,0.23273193817613524,45
2060,1,4174,1648,2526,0,0,0,1.0,1,1.0,1,1.0,1,0.21847392800782917,46
2061,1,4175,1649,2526,0,0,0,1.0,1,1.0,1,1.0,1,0.2340751051534316,48
2062,3,4178,1651,2527,0,0,0,1.0,1,1.0,1,1.0,1,0.21174345141150605,48
2063,0,4178,1651,2527,0,0,0,1.0,1,1.0,1,1.0,1,0.24803074681632994,45
2064,1,4179,1652,2527,0,0,0,1.0,1,1.0,1,1.0,1,0.23780183656635662,44
2065,1,4180,1653,2527,0,0,0,1.0,1,1.0,1,1.0,1,0.23036978228388932,42
2066,6,4186,1659,2527,0,0,0,1.0,1,1.0,1,1.0,1,0.30679751690428586,42
2067,5,4191,1660,2531,0,0,0,1.0,1,1.0,1,1.0,1,0.2728419189313088,38
2068,3,4194,1662,2532,0,0,0,1.0,1,1.0,1,1.0,1,0.2801678693630977,37
2069,1,4195,1662,2533,0,0,0,1.0,1,1.0,1,1.0,1,0.26397445117278073,35
2070,1,4196,1663,2533,0,0,0,1.0,1,1.0,1,1.0,1,0.28140780772330487,35
2071,1,4197,1664,2533,0,0,0,1.0,1,1.0,1,1.0,1,0.31564520614152863,34
2072,3,4200,1665,2535,0,0,0,1.0,1,1.0,1,1.0,1,0.35354844063902147,35
2073,0,4200,1665,2535,0,0,0,1.0,1,1.0,1,1.0,1,0.34345684312713526,37
2074,0,4200,1665,2535,0,0,0,1.0,1,1.0,1,1.0,1,0.3289410715357152,36
2075,0,4200,1665,2535,0,0,0,1.0,1,1.0,1,1.0,1,0.3260900382948558,38
2076,1,4201,1665,2536,0,0,0,1.0,1,1.0,1,1.0,1,0.2879537877595131,37
2077,1,4202,1665,2537,0,0,0,1.0,1,1.0,1,1.0,1,0.251744451261891,37
2078,3,4205,1666,2539,0,0,0,1.0,1,1.0,1,1.0,1,0.1667964377302643,37
2079,1,4206,1667,2539,0,0,0,1.0,1,1.0,1,1.0,1,0.19307579485525148,37
2080,1,4207,1667,2540,0,0,0,1.0,1,1.0,1,1.0,1,0.1673103538477783,36
2081,2,4209,1668,2541,0,0,0,1.0,1,1.0,1,1.0,1,0.16869645023663943,37
2082,3,4212,1669,2543,0,0,0,1.0,1,1.0,1,1.0,1,0.18474556729583355,38
2083,1,4213,1669,2544,0,0,0,1.0,1,1.0,1,1.0,1,0.22551547511069325,39
2084,4,4217,1670,2547,0,0,0,1.0,1,1.0,1,1.0,1,0.2512398096427367,41
2085,2,4219,1670,2549,0,0,0,1.0,1,1.0,1,1.0,1,0.2277696738097862,41
2086,2,4221,1670,2551,0,0,0,1.0,1,1.0,1,1.0,1,0.2396169108495718,44
2087,4,4225,1671,2554,0,0,0,1.0,1,1.0,1,1.0,1,0.2376369416485657,44
2088,4,4229,1671,2558,0,0,0,1.0,1,1.0,1,1.0,1,0.23909814390973527,45
2089,2,4231,1671,2560,0,0,0,1.0,1,1.0,1,1.0,1,0.25443090439100163,46
2090,3,4234,1671,2563,0,0,0,1.0,1,1.0,1,1.0,1,0.22414633778918924,47
2091,5,4239,1672,2567,0,0,0,1.0,1,1.0,1,1.0,1,0.20160068607316578,48
2092,2,4241,1673,2568,0,0,0,1.0,1,1.0,1,1.0,1,0.1858976029314174,48
2093,2,4243,1673,2570,0,0,0,1.0,1,1.0,1,1.0,1,0.1858976029314174,48
2094,1,4244,1673,2571,0,0,0,1.0,1,1.0,1,1.0,1,0.17468595106910997,47
2095,3,4247,1673,2574,0,0,0,1.0,1,1.0,1,1.0,1,0.1889175472664997,49
2096,2,4249,1674,2575,0,0,0,1.0,1,1.0,1,1.0,1,0.21510128068917514,50
2097,2,4251,1674,2577,0,0,0,1.0,1,1.0,1,1.0,1,0.21510128068917514,50
2098,5,4256,1674,2582,0,0,0,1.0,1,1.0,1,1.0,1,0.2335697411789187,51
2099,2,4258,1674,2584,0,0,0,1.0,1,1.0,1,1.0,1,0.23805531553332818,50
2100,4,4262,1676,2586,0,0,0,1.0,1,1.0,1,1.0,1,0.2315149352349204,49
2101,7,4269,1677,2592,0,0,0,1.0,1,1.0,1,1.0,1,0.16292159675224482,48
2102,3,4272,1680,2592,0,0,0,1.0,1,1.0,1,1.0,1,0.23049613973937427,49
2103,1,4273,1681,2592,0,0,0,1.0,1,1.0,1,1.0,1,0.22464877873958017,44
2104,2,4275,1682,2593,0,0,0,1.0,1,1.0,1,1.0,1,0.2791299039709225,42
2105,1,4276,1682,2594,0,0,0,1.0,1,1.0,1,1.0,1,0.2615141914309401,40
2106,3,4279,1684,2595,0,0,0,1.0,1,1.0,1,1.0,1,0.32935975946917934,39
2107,3,4282,1686,2596,0,0,0,1.0,1,1.0,1,1.0,1,0.33023844697407545,37
2108,2,4284,1687,2597,0,0,0,1.0,1,1.0,1,1.0,1,0.30962542015401795,37
2109,2,4286,1689,2597,0,0,0,1.0,1,1.0,1,1.0,1,0.3819461028301714,36
2110,0,4286,1689,2597,0,0,0,1.0,1,1.0,1,1.0,1,0.35805901967175885,35
2111,1,4287,1690,2597,0,0,0,1.0,1,1.0,1,1.0,1,0.37035985473795524,35
2112,0,4287,1690,2597,0,0,0,1.0,1,1.0,1,1.0,1,0.37035985473795524,35
2113,0,4287,1690,2597,0,0,0,1.0,1,1.0,1,1.0,1,0.36961781350996625,35
2114,2,4289,1692,2597,0,0,0,1.0,1,1.0,1,1.0,1,0.4078416081490958,36
2115,0,4289,1692,2597,0,0,0,1.0,1,1.0,1,1.0,1,0.40220806652173346,37
2116,1,4290,1693,2597,0,0,0,1.0,1,1.0,1,1.0,1,0.39508279945649094,39
2117,1,4291,1694,2597,0,0,0,1.0,1,1.0,1,1.0,1,0.3799472801959912,39
2118,1,4292,1694,2598,0,0,0,1.0,1,1.0,1,1.0,1,0.3976280714715768,41
2119,2,4294,1696,2598,0,0,0,1.0,1,1.0,1,1.0,1,0.35652909384251696,42
2120,0,4294,1696,2598,0,0,0,1.0,1,1.0,1,1.0,1,0.35652909384251696,42
2121,3,4297,1698,2599,0,0,0,1.0,1,1.0,1,1.0,1,0.33433698344782226,42
2122,1,4298,1698,2600,0,0,0,1.0,1,1.0,1,1.0,1,0.3355548225896882,43
2123,4,4302,1699,2603,0,0,0,1.0,1,1.0,1,1.0,1,0.37851888602594896,42
2124,2,4304,1699,2605,0,0,0,1.0,1,1.0,1,1.0,1,0.34692406357370253,42
2125,0,4304,1699,2605,0,0,0,1.0,1,1.0,1,1.0,1,0.345161206482721,41
2126,6,4310,1699,2611,0,0,0,1.0,1,1.0,1,1.0,1,0.19338524746231697,41
2127,0,4310,1699,2611,0,0,0,1.0,1,1.0,1,1.0,1,0.19338524746231697,41
2128,0,4310,1699,2611,0,0,0,1.0,1,1.0,1,1.0,1,0.1945038984723294,42
2129,1,4311,1699,2612,0,0,0,1.0,1,1.0,1,1.0,1,0.1906697128782561,43
2130,0,4311,1699,2612,0,0,0,1.0,1,1.0,1,1.0,1,0.19537493849920892,45
2131,2,4313,1700,2613,0,0,0,1.0,1,1.0,1,1.0,1,0.2264250224580694,44
2132,1,4314,1700,2614,0,0,0,1.0,1,1.0,1,1.0,1,0.21710882454771227,44
2133,1,4315,1700,2615,0,0,0,1.0,1,1.0,1,1.0,1,0.2198733434750477,45
2134,0,4315,1700,2615,0,0,0,1.0,1,1.0,1,1.0,1,0.2198733434750477,45
2135,3,4318,1700,2618,0,0,0,1.0,1,1.0,1,1.0,1,0.18459689933371873,46
2136,0,4318,1700,2618,0,0,0,1.0,1,1.0,1,1.0,1,0.18722782210186703,47
2137,5,4323,1703,2620,0,0,0,1.0,1,1.0,1,1.0,1,0.14681611955463333,47
2138,1,4324,1704,2620,0,0,0,1.0,1,1.0,1,1.0,1,0.12387445146494737,45
2139,0,4324,1704,2620,0,0,0,1.0,1,1.0,1,1.0,1,0.12387445146494737,45
2140,1,4325,1705,2620,0,0,0,1.0,1,1.0,1,1.0,1,0.14473218408074104,44
2141,1,4326,1706,2620,0,0,0,1.0,1,1.0,1,1.0,1,0.16240025001558714,45
2142,3,4329,1708,2621,0,0,0,1.0,1,1.0,1,1.0,1,0.14065426957683905,46
2143,0,4329,1708,2621,0,0,0,1.0,1,1.0,1,1.0,1,0.10894645240461176,46
2144,2,4331,1709,2622,0,0,0,1.0,1,1.0,1,1.0,1,0.13447891476172913,48
2145,4,4335,1712,2623,0,0,0,1.0,1,1.0,1,1.0,1,0.170054905821501,46
2146,2,4337,1714,2623,0,0,0,1.0,1,1.0,1,1.0,1,0.22650244107030712,45
2147,7,4344,1719,2625,0,0,0,1.0,1,1.0,1,1.0,1,0.2961742888612798,44
2148,3,4347,1721,2626,0,0,0,1.0,1,1.0,1,1.0,1,0.2828906252858046,44
2149,5,4352,1725,2627,0,0,0,1.0,1,1.0,1,1.0,1,0.2692029799231998,42
2150,3,4355,1726,2629,0,0,0,1.0,1,1.0,1,1.0,1,0.22921981753865872,40
2151,7,4362,1728,2634,0,0,0,1.0,1,1.0,1,1.0,1,0.12221878388766522,39
2152,0,4362,1728,2634,0,0,0,1.0,1,1.0,1,1.0,1,0.13850653507237878,40
2153,6,4368,1729,2639,0,0,0,1.0,1,1.0,1,1.0,1,0.1712088603864494,42
2154,2,4370,1729,2641,0,0,0,1.0,1,1.0,1,1.0,1,0.19647049806824024,42
2155,2,4372,1730,2642,0,0,0,1.0,1,1.0,1,1.0,1,0.21964989761869552,41
2156,2,4374,1730,2644,0,0,0,1.0,1,1.0,1,1.0,1,0.23908267956553905,40
2157,3,4377,1731,2646,0,0,0,1.0,1,1.0,1,1.0,1,0.2738958072786089,40
2158,5,4382,1731,2651,0,0,0,1.0,1,1.0,1,1.0,1,0.3166634655744574,38
2159,3,4385,1731,2654,0,0,0,1.0,1,1.0,1,1.0,1,0.2917857158888137,38
2160,5,4390,1732,2658,0,0,0,1.0,1,1.0,1,1.0,1,0.23596673685036654,38
2161,4,4394,1734,2660,0,0,0,1.0,1,1.0,1,1.0,1,0.2504251525043701,38
2162,6,4400,1736,2664,0,0,0,1.0,1,1.0,1,1.0,1,0.2672695237645776,38
2163,3,4403,1737,2666,0,0,0,1.0,1,1.0,1,1.0,1,0.2837922404186799,40
2164,6,4409,1738,2671,0,0,0,1.0,1,1.0,1,1.0,1,0.29875125409640807,41
2165,2,4411,1738,2673,0,0,0,1.0,1,1.0,1,1.0,1,0.2954853976666536,42
2166,1,4412,1738,2674,0,0,0,1.0,1,1.0,1,1.0,1,0.296119944348495,42
2167,2,4414,1738,2676,0,0,0,1.0,1,1.0,1,1.0,1,0.29215783833114717,43
2168,4,4418,1738,2680,0,0,0,1.0,1,1.0,1,1.0,1,0.25728179222384057,43
2169,4,4422,1738,2684,0,0,0,1.0,1,1.0,1,1.0,1,0.2257904965599942,45
2170,4,4426,1738,2688,0,0,0,1.0,1,1.0,1,1.0,1,0.23461150340468015,46
2171,3,4429,1738,2691,0,0,0,1.0,1,1.0,1,1.0,1,0.23760483733211982,48
2172,5,4434,1739,2695,0,0,0,1.0,1,1.0,1,1.0,1,0.23944113086359958,49
2173,3,4437,1739,2698,0,0,0,1.0,1,1.0,1,1.0,1,0.23240968401777107,49
2174,1,4438,1739,2699,0,0,0,1.0,1,1.0,1,1.0,1,0.23722269604127555,49
2175,2,4440,1740,2700,0,0,0,1.0,1,1.0,1,1.0,1,0.24135838598495912,49
2176,5,4445,1740,2705,0,0,0,1.0,1,1.0,1,1.0,1,0.1581602684719495,51
2177,0,4445,1740,2705,0,0,0,1.0,1,1.0,1,1.0,1,0.1281626278515293,51
2178,2,4447,1741,2706,0,0,0,1.0,1,1.0,1,1.0,1,0.14990023882745548,50
2179,1,4448,1742,2706,0,0,0,1.0,1,1.0,1,1.0,1,0.1731951847311921,49
2180,0,4448,1742,2706,0,0,0,1.0,1,1.0,1,1.0,1,0.1797596987488599,47
2181,1,4449,1743,2706,0,0,0,1.0,1,1.0,1,1.0,1,0.2045406093550572,47
2182,5,4454,1746,2708,0,0,0,1.0,1,1.0,1,1.0,1,0.22927918137042141,45
2183,3,4457,1749,2708,0,0,0,1.0,1,1.0,1,1.0,1,0.29803908292548875,44
2184,5,4462,1752,2710,0,0,0,1.0,1,1.0,1,1.0,1,0.3140650331061792,43
2185,7,4469,1756,2713,0,0,0,1.0,1,1.0,1,1.0,1,0.3638627644049267,40
2186,1,4470,1757,2713,0,0,0,1.0,1,1.0,1,1.0,1,0.39533644066640355,38
2187,2,4472,1758,2714,0,0,0,1.0,1,1.0,1,1.0,1,0.36338412915449614,35
2188,0,4472,1758,2714,0,0,0,1.0,1,1.0,1,1.0,1,0.3683756461694534,34
2189,1,4473,1759,2714,0,0,0,1.0,1,1.0,1,1.0,1,0.35050298882737296,31
2190,2,4475,1761,2714,0,0,0,1.0,1,1.0,1,1.0,1,0.32640035670510126,29
2191,1,4476,1762,2714,0,0,0,1.0,1,1.0,1,1.0,1,0.36032237393833183,28
2192,2,4478,1764,2714,0,0,0,1.0,1,1.0,1,1.0,1,0.3907046429442727,29
2193,1,4479,1765,2714,0,0,0,1.0,1,1.0,1,1.0,1,0.4330761163942921,28
2194,0,4479,1765,2714,0,0,0,1.0,1,1.0,1,1.0,1,0.4270438565579709,27
2195,1,4480,1766,2714,0,0,0,1.0,1,1.0,1,1.0,1,0.40210955767638085,27
2196,1,4481,1767,2714,0,0,0,1.0,1,1.0,1,1.0,1,0.48063678210491084,27
2197,0,4481,1767,2714,0,0,0,1.0,1,1.0,1,1.0,1,0.48063678210491084,27
2198,0,4481,1767,2714,0,0,0,1.0,1,1.0,1,1.0,1,0.4503298289545231,28
2199,0,4481,1767,2714,0,0,0,1.0,1,1.0,1,1.0,1,0.4686542127566717,29
2200,1,4482,1767,2715,0,0,0,1.0,1,1.0,1,1.0,1,0.4780246223332038,31
2201,5,4487,1770,2717,0,0,0,1.0,1,1.0,1,1.0,1,0.39879123296531016,32
2202,2,4489,1772,2717,0,0,0,1.0,1,1.0,1,1.0,1,0.38227647726108677,31
2203,1,4490,1772,2718,0,0,0,1.0,1,1.0,1,1.0,1,0.3593590876450837,32
2204,2,4492,1774,2718,0,0,0,1.0,1,1.0,1,1.0,1,0.4113150935369292,32
2205,3,4495,1776,2719,0,0,0,1.0,1,1.0,1,1.0,1,0.4311699858847525,33
2206,4,4499,1776,2723,0,0,0,1.0,1,1.0,1,1.0,1,0.3862443393816662,32
2207,2,4501,1776,2725,0,0,0,1.0,1,1.0,1,1.0,1,0.3227002913060899,33
2208,2,4503,1776,2727,0,0,0,1.0,1,1.0,1,1.0,1,0.2860354496918442,35
2209,3,4506,1776,2730,0,0,0,1.0,1,1.0,1,1.0,1,0.27588174013684785,36
2210,2,4508,1776,2732,0,0,0,1.0,1,1.0,1,1.0,1,0.27287169507955295,35
2211,2,4510,1776,2734,0,0,0,1.0,1,1.0,1,1.0,1,0.2870762230199487,36
2212,6,4516,1778,2738,0,0,0,1.0,1,1.0,1,1.0,1,0.31866599742083906,37
2213,8,4524,1781,2743,0,0,0,1.0,1,1.0,1,1.0,1,0.2296014509362017,37
2214,6,4530,1781,2749,0,0,0,1.0,1,1.0,1,1.0,1,0.24146988969480476,39
2215,6,4536,1783,2753,0,0,0,1.0,1,1.0,1,1.0,1,0.24403016748587653,36
2216,4,4540,1785,2755,0,0,0,1.0,1,1.0,1,1.0,1,0.2754615660043212,37
2217,3,4543,1785,2758,0,0,0,1.0,1,1.0,1,1.0,1,0.2860666469951567,35
2218,5,4548,1787,2761,0,0,0,1.0,1,1.0,1,1.0,1,0.2729989538147167,35
2219,3,4551,1787,2764,0,0,0,1.0,1,1.0,1,1.0,1,0.2625295695506575,33
2220,2,4553,1788,2765,0,0,0,1.0,1,1.0,1,1.0,1,0.34452080577081023,31
2221,5,4558,1789,2769,0,0,0,1.0,1,1.0,1,1.0,1,0.35277776065922367,31
2222,5,4563,1789,2774,0,0,0,1.0,1,1.0,1,1.0,1,0.3149905769545242,30
2223,0,4563,1789,2774,0,0,0,1.0,1,1.0,1,1.0,1,0.29951436239839696,28
2224,2,4565,1791,2774,0,0,0,1.0,1,1.0,1,1.0,1,0.2820263989067231,29
2225,1,4566,1791,2775,0,0,0,1.0,1,1.0,1,1.0,1,0.29581897246419064,28
2226,4,4570,1794,2776,0,0,0,1.0,1,1.0,1,1.0,1,0.20631371350965155,30
2227,5,4575,1796,2779,0,0,0,1.0,1,1.0,1,1.0,1,0.17064707745707317,28
2228,2,4577,1797,2780,0,0,0,1.0,1,1.0,1,1.0,1,0.23299895438858556,29
2229,1,4578,1798,2780,0,0,0,1.0,1,1.0,1,1.0,1,0.2418630727422452,28
2230,0,4578,1798,2780,0,0,0,1.0,1,1.0,1,1.0,1,0.24180229107670503,28
2231,0,4578,1798,2780,0,0,0,1.0,1,1.0,1,1.0,1,0.2515009559748337,27
2232,1,4579,1798,2781,0,0,0,1.0,1,1.0,1,1.0,1,0.25623932779720443,27
2233,1,4580,1799,2781,0,0,0,1.0,1,1.0,1,1.0,1,0.31291709739026,28
2234,4,4584,1801,2783,0,0,0,1.0,1,1.0,1,1.0,1,0.3201365379140045,26
2235,2,4586,1802,2784,0,0,0,1.0,1,1.0,1,1.0,1,0.2969703214837733,26
2236,0,4586,1802,2784,0,0,0,1.0,1,1.0,1,1.0,1,0.33924546381140336,26
2237,3,4589,1805,2784,0,0,0,1.0,1,1.0,1,1.0,1,0.33793738334594364,26
2238,1,4590,1806,2784,0,0,0,1.0,1,1.0,1,1.0,1,0.3398893585504089,27
2239,1,4591,1807,2784,0,0,0,1.0,1,1.0,1,1.0,1,0.36789994009089944,28
2240,2,4593,1809,2784,0,0,0,1.0,1,1.0,1,1.0,1,0.3787835544822252,30
2241,2,4595,1811,2784,0,0,0,1.0,1,1.0,1,1.0,1,0.4414131670838263,29
2242,3,4598,1812,2786,0,0,0,1.0,1,1.0,1,1.0,1,0.40649713875941534,29
2243,2,4600,1812,2788,0,0,0,1.0,1,1.0,1,1.0,1,0.40904550436558296,29
2244,1,4601,1812,2789,0,0,0,1.0,1,1.0,1,1.0,1,0.35682602355223025,29
2245,0,4601,1812,2789,0,0,0,1.0,1,1.0,1,1.0,1,0.3711318907789544,30
2246,4,4605,1812,2793,0,0,0,1.0,1,1.0,1,1.0,1,0.32015724261982204,33
2247,3,4608,1812,2796,0,0,0,1.0,1,1.0,1,1.0,1,0.32598685954029866,34
2248,1,4609,1812,2797,0,0,0,1.0,1,1.0,1,1.0,1,0.33404593337612,34
2249,2,4611,1812,2799,0,0,0,1.0,1,1.0,1,1.0,1,0.28360236631204816,35
2250,2,4613,1812,2801,0,0,0,1.0,1,1.0,1,1.0,1,0.28360236631204816,35
2251,2,4615,1812,2803,0,0,0,1.0,1,1.0,1,1.0,1,0.21957605631082158,36
2252,1,4616,1812,2804,0,0,0,1.0,1,1.0,1,1.0,1,0.20483807707268034,37
2253,2,4618,1814,2804,0,0,0,1.0,1,1.0,1,1.0,1,0.19240073811626415,35
2254,0,4618,1814,2804,0,0,0,1.0,1,1.0,1,1.0,1,0.21217998901211155,33
2255,1,4619,1815,2804,0,0,0,1.0,1,1.0,1,1.0,1,0.22710628149862425,35
2256,2,4621,1816,2805,0,0,0,1.0,1,1.0,1,1.0,1,0.27411785308312303,34
2257,3,4624,1819,2805,0,0,0,1.0,1,1.0,1,1.0,1,0.2861852604600528,36
2258,1,4625,1820,2805,0,0,0,1.0,1,1.0,1,1.0,1,0.3053093123016574,35
2259,1,4626,1821,2805,0,0,0,1.0,1,1.0,1,1.0,1,0.3411560268056252,35
2260,2,4628,1821,2807,0,0,0,1.0,1,1.0,1,1.0,1,0.28869557255460765,33
2261,1,4629,1822,2807,0,0,0,1.0,1,1.0,1,1.0,1,0.2645656634059072,33
2262,0,4629,1822,2807,0,0,0,1.0,1,1.0,1,1.0,1,0.3061450534558629,32
2263,1,4630,1823,2807,0,0,0,1.0,1,1.0,1,1.0,1,0.3227685884825786,31
2264,2,4632,1825,2807,0,0,0,1.0,1,1.0,1,1.0,1,0.350521656158855,30
2265,0,4632,1825,2807,0,0,0,1.0,1,1.0,1,1.0,1,0.32136225005650004,29
2266,4,4636,1829,2807,0,0,0,1.0,1,1.0,1,1.0,1,0.32083528442469383,30
2267,2,4638,1831,2807,0,0,0,1.0,1,1.0,1,1.0,1,0.3370152811737431,29
2268,1,4639,1832,2807,0,0,0,1.0,1,1.0,1,1.0,1,0.32479530219318514,30
2269,4,4643,1835,2808,0,0,0,1.0,1,1.0,1,1.0,1,0.3512017609504028,31
2270,2,4645,1836,2809,0,0,0,1.0,1,1.0,1,1.0,1,0.29179870887170783,31
2271,4,4649,1838,2811,0,0,0,1.0,1,1.0,1,1.0,1,0.24765917460665815,31
2272,2,4651,1840,2811,0,0,0,1.0,1,1.0,1,1.0,1,0.27848093522688877,31
2273,2,4653,1842,2811,0,0,0,1.0,1,1.0,1,1.0,1,0.3722747848601167,30
2274,1,4654,1842,2812,0,0,0,1.0,1,1.0,1,1.0,1,0.3576565975474478,31
2275,2,4656,1843,2813,0,0,0,1.0,1,1.0,1,1.0,1,0.36194909520454,32
2276,2,4658,1844,2814,0,0,0,1.0,1,1.0,1,1.0,1,0.33900026506891645,31
2277,2,4660,1844,2816,0,0,0,1.0,1,1.0,1,1.0,1,0.2768660650443726,31
2278,3,4663,1845,2818,0,0,0,1.0,1,1.0,1,1.0,1,0.19086266402389493,32
2279,0,4663,1845,2818,0,0,0,1.0,1,1.0,1,1.0,1,0.19463753993836283,32
2280,0,4663,1845,2818,0,0,0,1.0,1,1.0,1,1.0,1,0.2025931467972174,33
2281,0,4663,1845,2818,0,0,0,1.0,1,1.0,1,1.0,1,0.22188428818513228,34
2282,1,4664,1845,2819,0,0,0,1.0,1,1.0,1,1.0,1,0.21375465121273837,34
2283,0,4664,1845,2819,0,0,0,1.0,1,1.0,1,1.0,1,0.21375465121273837,34
2284,1,4665,1846,2819,0,0,0,1.0,1,1.0,1,1.0,1,0.2526177594925959,34
2285,2,4667,1847,2820,0,0,0,1.0,1,1.0,1,1.0,1,0.23840800904596096,35
2286,0,4667,1847,2820,0,0,0,1.0,1,1.0,1,1.0,1,0.26568190370461636,34
2287,1,4668,1848,2820,0,0,0,1.0,1,1.0,1,1.0,1,0.2433481412947247,35
2288,1,4669,1848,2821,0,0,0,1.0,1,1.0,1,1.0,1,0.26703326424064067,35
2289,4,4673,1850,2823,0,0,0,1.0,1,1.0,1,1.0,1,0.22143606804178134,37
2290,0,4673,1850,2823,0,0,0,1.0,1,1.0,1,1.0,1,0.2570597921743304,37
2291,0,4673,1850,2823,0,0,0,1.0,1,1.0,1,1.0,1,0.25985584535590495,35
2292,0,4673,1850,2823,0,0,0,1.0,1,1.0,1,1.0,1,0.2617049427078417,35
2293,1,4674,1851,2823,0,0,0,1.0,1,1.0,1,1.0,1,0.2602088168604975,34
2294,1,4675,1851,2824,0,0,0,1.0,1,1.0,1,1.0,1,0.2474728788893636,33
2295,2,4677,1852,2825,0,0,0,1.0,1,1.0,1,1.0,1,0.24374185360202602,34
2296,2,4679,1852,2827,0,0,0,1.0,1,1.0,1,1.0,1,0.2967725018672486,33
2297,0,4679,1852,2827,0,0,0,1.0,1,1.0,1,1.0,1,0.32720215211502046,32
2298,0,4679,1852,2827,0,0,0,1.0,1,1.0,1,1.0,1,0.34291358258568866,32
2299,0,4679,1852,2827,0,0,0,1.0,1,1.0,1,1.0,1,0.33646318080814785,33
2300,2,4681,1853,2828,0,0,0,1.0,1,1.0,1,1.0,1,0.3218420984490516,33
2301,1,4682,1854,2828,0,0,0,1.0,1,1.0,1,1.0,1,0.326448671330488,33
2302,2,4684,1855,2829,0,0,0,1.0,1,1.0,1,1.0,1,0.3183234037088314,34
2303,7,4691,1859,2832,0,0,0,1.0,1,1.0,1,1.0,1,0.3330624142776712,34
2304,3,4694,1861,2833,0,0,0,1.0,1,1.0,1,1.0,1,0.29042835672447886,33
2305,1,4695,1862,2833,0,0,0,1.0,1,1.0,1,1.0,1,0.30875082396941156,33
2306,1,4696,1863,2833,0,0,0,1.0,1,1.0,1,1.0,1,0.2928502849866391,33
2307,3,4699,1863,2836,0,0,0,1.0,1,1.0,1,1.0,1,0.22952377118641595,35
2308,1,4700,1864,2836,0,0,0,1.0,1,1.0,1,1.0,1,0.2215147678830516,34
2309,2,4702,1866,2836,0,0,0,1.0,1,1.0,1,1.0,1,0.27868211148097105,34
2310,0,4702,1866,2836,0,0,0,1.0,1,1.0,1,1.0,1,0.275881239607853,34
2311,2,4704,1867,2837,0,0,0,1.0,1,1.0,1,1.0,1,0.30402444408638174,35
2312,3,4707,1870,2837,0,0,0,1.0,1,1.0,1,1.0,1,0.33994212188524453,34
2313,2,4709,1871,2838,0,0,0,1.0,1,1.0,1,1.0,1,0.3195792207408332,35
2314,0,4709,1871,2838,0,0,0,1.0,1,1.0,1,1.0,1,0.34434164241728293,35
2315,1,4710,1871,2839,0,0,0,1.0,1,1.0,1,1.0,1,0.3383520976442174,34
2316,1,4711,1871,2840,0,0,0,1.0,1,1.0,1,1.0,1,0.32679691362531754,35
2317,0,4711,1871,2840,0,0,0,1.0,1,1.0,1,1.0,1,0.3226474030776398,32
2318,1,4712,1872,2840,0,0,0,1.0,1,1.0,1,1.0,1,0.3768077180428581,32
2319,0,4712,1872,2840,0,0,0,1.0,1,1.0,1,1.0,1,0.3768077180428581,32
2320,0,4712,1872,2840,0,0,0,1.0,1,1.0,1,1.0,1,0.40972931074285956,32
2321,0,4712,1872,2840,0,0,0,1.0,1,1.0,1,1.0,1,0.4230406513168904,33
2322,0,4712,1872,2840,0,0,0,1.0,1,1.0,1,1.0,1,0.4230406513168904,33
2323,0,4712,1872,2840,0,0,0,1.0,1,1.0,1,1.0,1,0.4230406513168904,33
2324,6,4718,1874,2844,0,0,0,1.0,1,1.0,1,1.0,1,0.399728692733033,34
2325,2,4720,1874,2846,0,0,0,1.0,1,1.0,1,1.0,1,0.366973684208512,35
2326,4,4724,1875,2849,0,0,0,1.0,1,1.0,1,1.0,1,0.2914376863769387,35
2327,2,4726,1875,2851,0,0,0,1.0,1,1.0,1,1.0,1,0.2618785219130054,36
2328,1,4727,1875,2852,0,0,0,1.0,1,1.0,1,1.0,1,0.2633197410573209,37
2329,0,4727,1875,2852,0,0,0,1.0,1,1.0,1,1.0,1,0.2749048325475145,37
2330,0,4727,1875,2852,0,0,0,1.0,1,1.0,1,1.0,1,0.2778069123437088,38
2331,1,4728,1875,2853,0,0,0,1.0,1,1.0,1,1.0,1,0.26707413898750126,40
2332,0,4728,1875,2853,0,0,0,1.0,1,1.0,1,1.0,1,0.26707413898750126,40
2333,0,4728,1875,2853,0,0,0,1.0,1,1.0,1,1.0,1,0.2785502015859958,41
2334,0,4728,1875,2853,0,0,0,1.0,1,1.0,1,1.0,1,0.2785502015859958,41
2335,0,4728,1875,2853,0,0,0,1.0,1,1.0,1,1.0,1,0.2785502015859958,41
2336,1,4729,1875,2854,0,0,0,1.0,1,1.0,1,1.0,1,0.26913666128578123,41
2337,0,4729,1875,2854,0,0,0,1.0,1,1.0,1,1.0,1,0.28243052537292584,42
2338,1,4730,1875,2855,0,0,0,1.0,1,1.0,1,1.0,1,0.2805331319316428,43
2339,0,4730,1875,2855,0,0,0,1.0,1,1.0,1,1.0,1,0.2805331319316428,43
2340,4,4734,1876,2858,0,0,0,1.0,1,1.0,1,1.0,1,0.2921903199805732,45
2341,1,4735,1876,2859,0,0,0,1.0,1,1.0,1,1.0,1,0.31620370033532913,45
2342,10,4745,1877,2868,0,0,0,1.0,1,1.0,1,1.0,1,0.30759792120318324,46
2343,8,4753,1878,2875,0,0,0,1.0,1,1.0,1,1.0,1,0.28985513612875735,45
2344,4,4757,1879,2878,0,0,0,1.0,1,1.0,1,1.0,1,0.2986037398542849,44
2345,3,4760,1879,2881,0,0,0,1.0,1,1.0,1,1.0,1,0.2821111639454135,44
2346,3,4763,1880,2883,0,0,0,1.0,1,1.0,1,1.0,1,0.30450765773244975,44
2347,2,4765,1880,2885,0,0,0,1.0,1,1.0,1,1.0,1,0.2804670555082472,44
2348,1,4766,1880,2886,0,0,0,1.0,1,1.0,1,1.0,1,0.2612500303497385,45
2349,6,4772,1880,2892,0,0,0,1.0,1,1.0,1,1.0,1,0.270133958238568,46
2350,5,4777,1880,2897,0,0,0,1.0,1,1.0,1,1.0,1,0.2595063202926185,47
2351,5,4782,1880,2902,0,0,0,1.0,1,1.0,1,1.0,1,0.16118587366757556,47
2352,2,4784,1882,2902,0,0,0,1.0,1,1.0,1,1.0,1,0.18313565477126195,47
2353,1,4785,1882,2903,0,0,0,1.0,1,1.0,1,1.0,1,0.16883789605763405,46
2354,4,4789,1883,2906,0,0,0,1.0,1,1.0,1,1.0,1,0.150691698122449,47
2355,0,4789,1883,2906,0,0,0,1.0,1,1.0,1,1.0,1,0.150691698122449,47
2356,1,4790,1884,2906,0,0,0,1.0,1,1.0,1,1.0,1,0.16161303166541635,47
2357,1,4791,1885,2906,0,0,0,1.0,1,1.0,1,1.0,1,0.1758074820094998,47
2358,2,4793,1885,2908,0,0,0,1.0,1,1.0,1,1.0,1,0.18482603373065964,48
2359,3,4796,1885,2911,0,0,0,1.0,1,1.0,1,1.0,1,0.16801250094097983,49
2360,0,4796,1885,2911,0,0,0,1.0,1,1.0,1,1.0,1,0.16801250094097983,49
2361,0,4796,1885,2911,0,0,0,1.0,1,1.0,1,1.0,1,0.184154104095938,50
2362,1,4797,1885,2912,0,0,0,1.0,1,1.0,1,1.0,1,0.1702886642267571,51
2363,0,4797,1885,2912,0,0,0,1.0,1,1.0,1,1.0,1,0.1702886642267571,51
2364,1,4798,1886,2912,0,0,0,1.0,1,1.0,1,1.0,1,0.18128169843593392,52
2365,6,4804,1889,2915,0,0,0,1.0,1,1.0,1,1.0,1,0.201384708543998,53
2366,9,4813,1892,2921,0,0,0,1.0,1,1.0,1,1.0,1,0.15653060782049596,54
2367,2,4815,1894,2921,0,0,0,1.0,1,1.0,1,1.0,1,0.13376978742121168,52
2368,4,4819,1897,2922,0,0,0,1.0,1,1.0,1,1.0,1,0.15826253726950465,51
2369,1,4820,1897,2923,0,0,0,1.0,1,1.0,1,1.0,1,0.1880781369791767,51
2370,5,4825,1900,2925,0,0,0,1.0,1,1.0,1,1.0,1,0.18076174562932631,52
2371,4,4829,1903,2926,0,0,0,1.0,1,1.0,1,1.0,1,0.17303834691822575,52
2372,3,4832,1905,2927,0,0,0,1.0,1,1.0,1,1.0,1,0.24241162943343925,49
2373,2,4834,1907,2927,0,0,0,1.0,1,1.0,1,1.0,1,0.2781018350701173,47
2374,0,4834,1907,2927,0,0,0,1.0,1,1.0,1,1.0,1,0.27172501196610627,45
2375,0,4834,1907,2927,0,0,0,1.0,1,1.0,1,1.0,1,0.2448487345098212,45
2376,3,4837,1907,2930,0,0,0,1.0,1,1.0,1,1.0,1,0.16230761122733328,43
2377,2,4839,1909,2930,0,0,0,1.0,1,1.0,1,1.0,1,0.1793184872554853,44
2378,0,4839,1909,2930,0,0,0,1.0,1,1.0,1,1.0,1,0.1707985693038386,43
2379,0,4839,1909,2930,0,0,0,1.0,1,1.0,1,1.0,1,0.1707985693038386,43
2380,1,4840,1910,2930,0,0,0,1.0,1,1.0,1,1.0,1,0.19297724241560674,43
2381,1,4841,1911,2930,0,0,0,1.0,1,1.0,1,1.0,1,0.2330228628023691,44
2382,2,4843,1912,2931,0,0,0,1.0,1,1.0,1,1.0,1,0.20952837654195927,44
2383,5,4848,1915,2933,0,0,0,1.0,1,1.0,1,1.0,1,0.251945771874527,45
2384,2,4850,1917,2933,0,0,0,1.0,1,1.0,1,1.0,1,0.2779923060066518,45
2385,2,4852,1918,2934,0,0,0,1.0,1,1.0,1,1.0,1,0.2625321575706057,45
2386,11,4863,1923,2940,0,0,0,1.0,1,1.0,1,1.0,1,0.32196498946052504,46
2387,4,4867,1925,2942,0,0,0,1.0,1,1.0,1,1.0,1,0.25784039746378973,44
2388,1,4868,1925,2943,0,0,0,1.0,1,1.0,1,1.0,1,0.24774670369617996,44
2389,4,4872,1926,2946,0,0,0,1.0,1,1.0,1,1.0,1,0.21994242833606242,43
2390,2,4874,1927,2947,0,0,0,1.0,1,1.0,1,1.0,1,0.2057636415500969,44
2391,4,4878,1929,2949,0,0,0,1.0,1,1.0,1,1.0,1,0.21489154514771516,43
2392,3,4881,1931,2950,0,0,0,1.0,1,1.0,1,1.0,1,0.24464023182194236,44
2393,0,4881,1931,2950,0,0,0,1.0,1,1.0,1,1.0,1,0.2510952255888681,45
2394,7,4888,1934,2954,0,0,0,1.0,1,1.0,1,1.0,1,0.2753963728790466,44
2395,1,4889,1934,2955,0,0,0,1.0,1,1.0,1,1.0,1,0.24256129803176288,44
2396,3,4892,1936,2956,0,0,0,1.0,1,1.0,1,1.0,1,0.26340443245310996,45
2397,3,4895,1936,2959,0,0,0,1.0,1,1.0,1,1.0,1,0.23231184522248025,44
2398,2,4897,1937,2960,0,0,0,1.0,1,1.0,1,1.0,1,0.22927915214196048,44
2399,2,4899,1937,2962,0,0,0,1.0,1,1.0,1,1.0,1,0.25324292456237185,45
2400,3,4902,1937,2965,0,0,0,1.0,1,1.0,1,1.0,1,0.22638348916548967,45
2401,3,4905,1937,2968,0,0,0,1.0,1,1.0,1,1.0,1,0.1452799808307297,46
2402,2,4907,1937,2970,0,0,0,1.0,1,1.0,1,1.0,1,0.15642358230317757,47
2403,3,4910,1938,2972,0,0,0,1.0,1,1.0,1,1.0,1,0.15886383306626575,48
2404,2,4912,1940,2972,0,0,0,1.0,1,1.0,1,1.0,1,0.14476693421430112,47
2405,1,4913,1940,2973,0,0,0,1.0,1,1.0,1,1.0,1,0.15984268617682026,45
2406,1,4914,1940,2974,0,0,0,1.0,1,1.0,1,1.0,1,0.16938163362378397,45
2407,0,4914,1940,2974,0,0,0,1.0,1,1.0,1,1.0,1,0.16684342058262805,42
2408,1,4915,1941,2974,0,0,0,1.0,1,1.0,1,1.0,1,0.20689471904750456,41
2409,1,4916,1942,2974,0,0,0,1.0,1,1.0,1,1.0,1,0.22930450378913006,41
2410,1,4917,1942,2975,0,0,0,1.0,1,1.0,1,1.0,1,0.22801133602517218,40
2411,1,4918,1943,2975,0,0,0,1.0,1,1.0,1,1.0,1,0.24280458939690433,40
2412,0,4918,1943,2975,0,0,0,1.0,1,1.0,1,1.0,1,0.26422104935522517,38
2413,3,4921,1944,2977,0,0,0,1.0,1,1.0,1,1.0,1,0.24846527538883278,38
2414,3,4924,1944,2980,0,0,0,1.0,1,1.0,1,1.0,1,0.24557526028482157,36
2415,2,4926,1946,2980,0,0,0,1.0,1,1.0,1,1.0,1,0.2940486154065302,36
2416,0,4926,1946,2980,0,0,0,1.0,1,1.0,1,1.0,1,0.2821029630198566,35
2417,0,4926,1946,2980,0,0,0,1.0,1,1.0,1,1.0,1,0.3399275617311113,33
2418,3,4929,1946,2983,0,0,0,1.0,1,1.0,1,1.0,1,0.35825901828130896,33
2419,2,4931,1946,2985,0,0,0,1.0,1,1.0,1,1.0,1,0.3721078387641051,33
2420,4,4935,1949,2986,0,0,0,1.0,1,1.0,1,1.0,1,0.3556709866574178,34
2421,4,4939,1951,2988,0,0,0,1.0,1,1.0,1,1.0,1,0.4183372208073768,34
2422,4,4943,1954,2989,0,0,0,1.0,1,1.0,1,1.0,1,0.39377119195304844,35
2423,4,4947,1957,2990,0,0,0,1.0,1,1.0,1,1.0,1,0.3840278884988248,36
2424,3,4950,1960,2990,0,0,0,1.0,1,1.0,1,1.0,1,0.412911301627647,35
2425,2,4952,1962,2990,0,0,0,1.0,1,1.0,1,1.0,1,0.46412559282770866,33
2426,5,4957,1962,2995,0,0,0,1.0,1,1.0,1,1.0,1,0.31289961351936973,34
2427,5,4962,1963,2999,0,0,0,1.0,1,1.0,1,1.0,1,0.26341647077188857,34
2428,1,4963,1964,2999,0,0,0,1.0,1,1.0,1,1.0,1,0.24442785299328107,34
2429,3,4966,1966,3000,0,0,0,1.0,1,1.0,1,1.0,1,0.28360282338729303,34
2430,0,4966,1966,3000,0,0,0,1.0,1,1.0,1,1.0,1,0.305080258951279,33
2431,2,4968,1967,3001,0,0,0,1.0,1,1.0,1,1.0,1,0.2861337889859143,33
2432,1,4969,1968,3001,0,0,0,1.0,1,1.0,1,1.0,1,0.3249990490342622,33
2433,4,4973,1970,3003,0,0,0,1.0,1,1.0,1,1.0,1,0.29640874190349925,34
2434,1,4974,1970,3004,0,0,0,1.0,1,1.0,1,1.0,1,0.2817934862350917,34
2435,1,4975,1971,3004,0,0,0,1.0,1,1.0,1,1.0,1,0.30315941985265465,34
2436,2,4977,1972,3005,0,0,0,1.0,1,1.0,1,1.0,1,0.20869174277153546,33
2437,0,4977,1972,3005,0,0,0,1.0,1,1.0,1,1.0,1,0.20869174277153546,33
2438,0,4977,1972,3005,0,0,0,1.0,1,1.0,1,1.0,1,0.19710527805406672,34
2439,0,4977,1972,3005,0,0,0,1.0,1,1.0,1,1.0,1,0.21653053955113333,35
2440,0,4977,1972,3005,0,0,0,1.0,1,1.0,1,1.0,1,0.21653053955113333,35
2441,3,4980,1974,3006,0,0,0,1.0,1,1.0,1,1.0,1,0.250490529404359,35
2442,0,4980,1974,3006,0,0,0,1.0,1,1.0,1,1.0,1,0.2533140850055623,35
2443,2,4982,1976,3006,0,0,0,1.0,1,1.0,1,1.0,1,0.31251822789318384,35
2444,0,4982,1976,3006,0,0,0,1.0,1,1.0,1,1.0,1,0.34050959265103464,34
2445,2,4984,1978,3006,0,0,0,1.0,1,1.0,1,1.0,1,0.3908401397303447,33
2446,0,4984,1978,3006,0,0,0,1.0,1,1.0,1,1.0,1,0.4438567531748834,30
2447,1,4985,1979,3006,0,0,0,1.0,1,1.0,1,1.0,1,0.4079353473185944,29
2448,3,4988,1981,3007,0,0,0,1.0,1,1.0,1,1.0,1,0.38228712789193997,27
2449,0,4988,1981,3007,0,0,0,1.0,1,1.0,1,1.0,1,0.38645907159626536,26
2450,2,4990,1982,3008,0,0,0,1.0,1,1.0,1,1.0,1,0.3493743351192452,28
2451,4,4994,1982,3012,0,0,0,1.0,1,1.0,1,1.0,1,0.2327977073769249,28
2452,1,4995,1983,3012,0,0,0,1.0,1,1.0,1,1.0,1,0.24985061975044265,29
2453,4,4999,1984,3015,0,0,0,1.0,1,1.0,1,1.0,1,0.20666573293383467,30
2454,2,5001,1985,3016,0,0,0,1.0,1,1.0,1,1.0,1,0.23213065004892042,32
2455,3,5004,1987,3017,0,0,0,1.0,1,1.0,1,1.0,1,0.2894508721971818,33
2456,1,5005,1987,3018,0,0,0,1.0,1,1.0,1,1.0,1,0.30214872663183295,34
2457,3,5008,1988,3020,0,0,0,1.0,1,1.0,1,1.0,1,0.336894432651538,34
2458,5,5013,1989,3024,0,0,0,1.0,1,1.0,1,1.0,1,0.3352176530149965,36
2459,1,5014,1989,3025,0,0,0,1.0,1,1.0,1,1.0,1,0.3437101714321324,36
2460,4,5018,1991,3027,0,0,0,1.0,1,1.0,1,1.0,1,0.40119477038931683,37
2461,4,5022,1991,3031,0,0,0,1.0,1,1.0,1,1.0,1,0.3148400389523931,37
2462,3,5025,1991,3034,0,0,0,1.0,1,1.0,1,1.0,1,0.3314330189737369,38
2463,3,5028,1993,3035,0,0,0,1.0,1,1.0,1,1.0,1,0.3007610769001605,38
2464,2,5030,1993,3037,0,0,0,1.0,1,1.0,1,1.0,1,0.2972147619433418,37
2465,3,5033,1995,3038,0,0,0,1.0,1,1.0,1,1.0,1,0.3089718241632685,36
2466,3,5036,1998,3038,0,0,0,1.0,1,1.0,1,1.0,1,0.4046651523098868,36
2467,2,5038,1998,3040,0,0,0,1.0,1,1.0,1,1.0,1,0.34669685106194303,34
2468,0,5038,1998,3040,0,0,0,1.0,1,1.0,1,1.0,1,0.3572837076077517,33
2469,2,5040,1999,3041,0,0,0,1.0,1,1.0,1,1.0,1,0.33195089342450645,32
2470,0,5040,1999,3041,0,0,0,1.0,1,1.0,1,1.0,1,0.3273333261410894,33
2471,0,5040,1999,3041,0,0,0,1.0,1,1.0,1,1.0,1,0.35301687356595335,31
2472,1,5041,2000,3041,0,0,0,1.0,1,1.0,1,1.0,1,0.40466354888656386,32
2473,0,5041,2000,3041,0,0,0,1.0,1,1.0,1,1.0,1,0.40579008553336354,31
2474,2,5043,2001,3042,0,0,0,1.0,1,1.0,1,1.0,1,0.4333492750715693,33
2475,0,5043,2001,3042,0,0,0,1.0,1,1.0,1,1.0,1,0.44189327287539254,33
2476,7,5050,2002,3048,0,0,0,1.0,1,1.0,1,1.0,1,0.3216843444995435,33
2477,2,5052,2003,3049,0,0,0,1.0,1,1.0,1,1.0,1,0.31699405474352466,33
2478,1,5053,2003,3050,0,0,0,1.0,1,1.0,1,1.0,1,0.3008478398277727,33
2479,2,5055,2004,3051,0,0,0,1.0,1,1.0,1,1.0,1,0.33551963110367705,33
2480,0,5055,2004,3051,0,0,0,1.0,1,1.0,1,1.0,1,0.3459967969791676,34
2481,6,5061,2007,3054,0,0,0,1.0,1,1.0,1,1.0,1,0.31995196839231915,33
2482,4,5065,2007,3058,0,0,0,1.0,1,1.0,1,1.0,1,0.26073792057232753,34
2483,3,5068,2007,3061,0,0,0,1.0,1,1.0,1,1.0,1,0.23763150589054993,33
2484,1,5069,2008,3061,0,0,0,1.0,1,1.0,1,1.0,1,0.2759924786714907,32
2485,0,5069,2008,3061,0,0,0,1.0,1,1.0,1,1.0,1,0.2629052439958754,31
2486,2,5071,2009,3062,0,0,0,1.0,1,1.0,1,1.0,1,0.20958010495111543,29
2487,1,5072,2010,3062,0,0,0,1.0,1,1.0,1,1.0,1,0.20695849903473623,29
2488,2,5074,2012,3062,0,0,0,1.0,1,1.0,1,1.0,1,0.24496814270451825,30
2489,1,5075,2012,3063,0,0,0,1.0,1,1.0,1,1.0,1,0.19043803627090256,29
2490,1,5076,2013,3063,0,0,0,1.0,1,1.0,1,1.0,1,0.18008923628072812,30
2491,1,5077,2013,3064,0,0,0,1.0,1,1.0,1,1.0,1,0.13070639097257455,30
2492,1,5078,2013,3065,0,0,0,1.0,1,1.0,1,1.0,1,0.1691893996310987,29
2493,0,5078,2013,3065,0,0,0,1.0,1,1.0,1,1.0,1,0.1691893996310987,29
2494,0,5078,2013,3065,0,0,0,1.0,1,1.0,1,1.0,1,0.2005496936133643,28
2495,1,5079,2014,3065,0,0,0,1.0,1,1.0,1,1.0,1,0.24812221542987611,29
2496,0,5079,2014,3065,0,0,0,1.0,1,1.0,1,1.0,1,0.23206290628825596,28
2497,1,5080,2015,3065,0,0,0,1.0,1,1.0,1,1.0,1,0.3054225249570813,28
2498,0,5080,2015,3065,0,0,0,1.0,1,1.0,1,1.0,1,0.3090396547014762,29
2499,0,5080,2015,3065,0,0,0,1.0,1,1.0,1,1.0,1,0.30829340397385396,30
2500,2,5082,2016,3066,0,0,0,1.0,1,1.0,1,1.0,1,0.26706732151616375,29
2501,5,5087,2018,3069,0,0,0,1.0,1,1.0,1,1.0,1,0.22760127381094375,33
2502,5,5092,2021,3071,0,0,0,1.0,1,1.0,1,1.0,1,0.20142928634484164,33
2503,1,5093,2022,3071,0,0,0,1.0,1,1.0,1,1.0,1,0.22011116960493002,31
2504,6,5099,2026,3073,0,0,0,1.0,1,1.0,1,1.0,1,0.2110127459192711,31
2505,1,5100,2027,3073,0,0,0,1.0,1,1.0,1,1.0,1,0.21669044349651514,32
2506,3,5103,2030,3073,0,0,0,1.0,1,1.0,1,1.0,1,0.253605328635859,31
2507,1,5104,2031,3073,0,0,0,1.0,1,1.0,1,1.0,1,0.18557704794050786,29
2508,3,5107,2034,3073,0,0,0,1.0,1,1.0,1,1.0,1,0.2559354717676575,31
2509,1,5108,2034,3074,0,0,0,1.0,1,1.0,1,1.0,1,0.2201120368060085,30
2510,3,5111,2036,3075,0,0,0,1.0,1,1.0,1,1.0,1,0.24836782722010634,31
2511,2,5113,2036,3077,0,0,0,1.0,1,1.0,1,1.0,1,0.21054694896712703,32
2512,3,5116,2038,3078,0,0,0,1.0,1,1.0,1,1.0,1,0.19499690268560238,32
2513,4,5120,2040,3080,0,0,0,1.0,1,1.0,1,1.0,1,0.22437088325092566,34
2514,4,5124,2042,3082,0,0,0,1.0,1,1.0,1,1.0,1,0.2321770640015347,35
2515,1,5125,2043,3082,0,0,0,1.0,1,1.0,1,1.0,1,0.2661248376420835,35
2516,4,5129,2044,3085,0,0,0,1.0,1,1.0,1,1.0,1,0.24773134427508042,34
2517,0,5129,2044,3085,0,0,0,1.0,1,1.0,1,1.0,1,0.24773134427508042,34
2518,1,5130,2045,3085,0,0,0,1.0,1,1.0,1,1.0,1,0.2718070671466869,33
2519,1,5131,2046,3085,0,0,0,1.0,1,1.0,1,1.0,1,0.22847360594441612,32
2520,1,5132,2047,3085,0,0,0,1.0,1,1.0,1,1.0,1,0.26689266497808095,31
2521,0,5132,2047,3085,0,0,0,1.0,1,1.0,1,1.0,1,0.2516074614165957,31
2522,1,5133,2048,3085,0,0,0,1.0,1,1.0,1,1.0,1,0.28282669614748446,30
2523,0,5133,2048,3085,0,0,0,1.0,1,1.0,1,1.0,1,0.2701008765680292,30
2524,2,5135,2048,3087,0,0,0,1.0,1,1.0,1,1.0,1,0.3862507268769539,29
2525,4,5139,2049,3090,0,0,0,1.0,1,1.0,1,1.0,1,0.3667688474099911,29
2526,2,5141,2049,3092,0,0,0,1.0,1,1.0,1,1.0,1,0.2791142065662574,27
2527,0,5141,2049,3092,0,0,0,1.0,1,1.0,1,1.0,1,0.27303740459000264,28
2528,1,5142,2049,3093,0,0,0,1.0,1,1.0,1,1.0,1,0.2404691983945952,28
2529,0,5142,2049,3093,0,0,0,1.0,1,1.0,1,1.0,1,0.2404691983945952,28
2530,0,5142,2049,3093,0,0,0,1.0,1,1.0,1,1.0,1,0.24197246955704488,29
2531,1,5143,2049,3094,0,0,0,1.0,1,1.0,1,1.0,1,0.21977875678753267,30
2532,2,5145,2049,3096,0,0,0,1.0,1,1.0,1,1.0,1,0.18255511203765518,31
2533,0,5145,2049,3096,0,0,0,1.0,1,1.0,1,1.0,1,0.18255511203765518,31
2534,0,5145,2049,3096,0,0,0,1.0,1,1.0,1,1.0,1,0.18255511203765518,31
2535,1,5146,2050,3096,0,0,0,1.0,1,1.0,1,1.0,1,0.21462714003417366,31
2536,0,5146,2050,3096,0,0,0,1.0,1,1.0,1,1.0,1,0.22872452136870647,32
2537,2,5148,2052,3096,0,0,0,1.0,1,1.0,1,1.0,1,0.20009054369384055,33
2538,2,5150,2053,3097,0,0,0,1.0,1,1.0,1,1.0,1,0.23607414702990204,35
2539,2,5152,2055,3097,0,0,0,1.0,1,1.0,1,1.0,1,0.24975443817809284,37
2540,3,5155,2057,3098,0,0,0,1.0,1,1.0,1,1.0,1,0.2776679152617014,38
2541,3,5158,2058,3100,0,0,0,1.0,1,1.0,1,1.0,1,0.2931997778338693,39
2542,3,5161,2060,3101,0,0,0,1.0,1,1.0,1,1.0,1,0.3418082781736096,38
2543,4,5165,2063,3102,0,0,0,1.0,1,1.0,1,1.0,1,0.286889803986095,41
2544,0,5165,2063,3102,0,0,0,1.0,1,1.0,1,1.0,1,0.2596885463571659,39
2545,2,5167,2064,3103,0,0,0,1.0,1,1.0,1,1.0,1,0.28821865491305254,40
2546,0,5167,2064,3103,0,0,0,1.0,1,1.0,1,1.0,1,0.2570577750515892,38
2547,3,5170,2067,3103,0,0,0,1.0,1,1.0,1,1.0,1,0.281798704368925,38
2548,1,5171,2067,3104,0,0,0,1.0,1,1.0,1,1.0,1,0.23573462446773555,35
2549,3,5174,2070,3104,0,0,0,1.0,1,1.0,1,1.0,1,0.3045979722699524,35
2550,2,5176,2071,3105,0,0,0,1.0,1,1.0,1,1.0,1,0.2977821375230387,33
2551,1,5177,2072,3105,0,0,0,1.0,1,1.0,1,1.0,1,0.3628526444226677,31
2552,1,5178,2072,3106,0,0,0,1.0,1,1.0,1,1.0,1,0.37034471809276,30
2553,2,5180,2072,3108,0,0,0,1.0,1,1.0,1,1.0,1,0.3214074874658494,30
2554,0,5180,2072,3108,0,0,0,1.0,1,1.0,1,1.0,1,0.3295543683561478,32
2555,1,5181,2073,3108,0,0,0,1.0,1,1.0,1,1.0,1,0.3834027437195982,32
2556,1,5182,2074,3108,0,0,0,1.0,1,1.0,1,1.0,1,0.3437338113543997,32
2557,0,5182,2074,3108,0,0,0,1.0,1,1.0,1,1.0,1,0.3781519667656313,30
2558,2,5184,2076,3108,0,0,0,1.0,1,1.0,1,1.0,1,0.4309841253638221,31
2559,0,5184,2076,3108,0,0,0,1.0,1,1.0,1,1.0,1,0.4190995656734696,30
2560,0,5184,2076,3108,0,0,0,1.0,1,1.0,1,1.0,1,0.4190995656734696,30
2561,0,5184,2076,3108,0,0,0,1.0,1,1.0,1,1.0,1,0.4190995656734696,30
2562,3,5187,2076,3111,0,0,0,1.0,1,1.0,1,1.0,1,0.3925396959142273,33
2563,0,5187,2076,3111,0,0,0,1.0,1,1.0,1,1.0,1,0.3925396959142273,33
2564,1,5188,2077,3111,0,0,0,1.0,1,1.0,1,1.0,1,0.4190187714998063,33
2565,3,5191,2077,3114,0,0,0,1.0,1,1.0,1,1.0,1,0.3555325077028242,33
2566,1,5192,2078,3114,0,0,0,1.0,1,1.0,1,1.0,1,0.37100035671700465,35
2567,2,5194,2079,3115,0,0,0,1.0,1,1.0,1,1.0,1,0.3810803596444875,36
2568,4,5198,2080,3118,0,0,0,1.0,1,1.0,1,1.0,1,0.3399055669651894,37
2569,0,5198,2080,3118,0,0,0,1.0,1,1.0,1,1.0,1,0.3399055669651894,37
2570,2,5200,2080,3120,0,0,0,1.0,1,1.0,1,1.0,1,0.3149626142296491,37
2571,1,5201,2080,3121,0,0,0,1.0,1,1.0,1,1.0,1,0.30415816629984066,37
2572,0,5201,2080,3121,0,0,0,1.0,1,1.0,1,1.0,1,0.2969833588754891,39
2573,0,5201,2080,3121,0,0,0,1.0,1,1.0,1,1.0,1,0.2969833588754891,39
2574,1,5202,2081,3121,0,0,0,1.0,1,1.0,1,1.0,1,0.3528330015592187,38
2575,1,5203,2081,3122,0,0,0,1.0,1,1.0,1,1.0,1,0.31960269023998344,38
2576,0,5203,2081,3122,0,0,0,1.0,1,1.0,1,1.0,1,0.3294115988227732,37
2577,0,5203,2081,3122,0,0,0,1.0,1,1.0,1,1.0,1,0.33783468695784724,39
2578,1,5204,2081,3123,0,0,0,1.0,1,1.0,1,1.0,1,0.3444262992556259,40
2579,1,5205,2081,3124,0,0,0,1.0,1,1.0,1,1.0,1,0.3206460873850745,41
2580,1,5206,2081,3125,0,0,0,1.0,1,1.0,1,1.0,1,0.3191805713362979,42
2581,0,5206,2081,3125,0,0,0,1.0,1,1.0,1,1.0,1,0.32204445907660567,43
2582,3,5209,2082,3127,0,0,0,1.0,1,1.0,1,1.0,1,0.29977494267027527,43
2583,2,5211,2083,3128,0,0,0,1.0,1,1.0,1,1.0,1,0.3289854652785816,43
2584,4,5215,2083,3132,0,0,0,1.0,1,1.0,1,1.0,1,0.25069658364434316,43
2585,4,5219,2084,3135,0,0,0,1.0,1,1.0,1,1.0,1,0.2758125577905796,44
2586,2,5221,2084,3137,0,0,0,1.0,1,1.0,1,1.0,1,0.19935336623318128,43
2587,1,5222,2084,3138,0,0,0,1.0,1,1.0,1,1.0,1,0.18005644867507067,44
2588,4,5226,2085,3141,0,0,0,1.0,1,1.0,1,1.0,1,0.1772235661779491,44
2589,2,5228,2086,3142,0,0,0,1.0,1,1.0,1,1.0,1,0.1665329948042877,44
2590,0,5228,2086,3142,0,0,0,1.0,1,1.0,1,1.0,1,0.1665329948042877,44
2591,0,5228,2086,3142,0,0,0,1.0,1,1.0,1,1.0,1,0.1665329948042877,44
2592,3,5231,2087,3144,0,0,0,1.0,1,1.0,1,1.0,1,0.2030963721757626,44
2593,2,5233,2088,3145,0,0,0,1.0,1,1.0,1,1.0,1,0.19660410308227688,43
2594,4,5237,2091,3146,0,0,0,1.0,1,1.0,1,1.0,1,0.21416958037909603,48
2595,1,5238,2092,3146,0,0,0,1.0,1,1.0,1,1.0,1,0.18892262499339876,45
2596,5,5243,2094,3149,0,0,0,1.0,1,1.0,1,1.0,1,0.1735486208776832,46
2597,3,5246,2096,3150,0,0,0,1.0,1,1.0,1,1.0,1,0.1670293721105976,45
2598,1,5247,2097,3150,0,0,0,1.0,1,1.0,1,1.0,1,0.17474649339132553,45
2599,2,5249,2099,3150,0,0,0,1.0,1,1.0,1,1.0,1,0.15204927214500838,45
2600,1,5250,2100,3150,0,0,0,1.0,1,1.0,1,1.0,1,0.16040268656959208,48
2601,3,5253,2101,3152,0,0,0,1.0,1,1.0,1,1.0,1,0.16899251155971964,47
2602,0,5253,2101,3152,0,0,0,1.0,1,1.0,1,1.0,1,0.1964109310783584,48
2603,0,5253,2101,3152,0,0,0,1.0,1,1.0,1,1.0,1,0.1964109310783584,48
2604,0,5253,2101,3152,0,0,0,1.0,1,1.0,1,1.0,1,0.2174733353057594,47
2605,1,5254,2102,3152,0,0,0,1.0,1,1.0,1,1.0,1,0.23311576172404985,47
2606,0,5254,2102,3152,0,0,0,1.0,1,1.0,1,1.0,1,0.23551294581936932,46
2607,3,5257,2103,3154,0,0,0,1.0,1,1.0,1,1.0,1,0.28500949751481813,45
2608,1,5258,2103,3155,0,0,0,1.0,1,1.0,1,1.0,1,0.2546432073966601,45
2609,2,5260,2105,3155,0,0,0,1.0,1,1.0,1,1.0,1,0.24328139722663888,44
2610,0,5260,2105,3155,0,0,0,1.0,1,1.0,1,1.0,1,0.25163082100480727,45
2611,6,5266,2110,3156,0,0,0,1.0,1,1.0,1,1.0,1,0.2654097570966392,46
2612,2,5268,2111,3157,0,0,0,1.0,1,1.0,1,1.0,1,0.26043373722361,47
2613,1,5269,2112,3157,0,0,0,1.0,1,1.0,1,1.0,1,0.2931244764775165,48
2614,5,5274,2114,3160,0,0,0,1.0,1,1.0,1,1.0,1,0.34128412270380787,48
2615,2,5276,2115,3161,0,0,0,1.0,1,1.0,1,1.0,1,0.3281302673551132,49
2616,2,5278,2115,3163,0,0,0,1.0,1,1.0,1,1.0,1,0.32965994459300196,49
2617,3,5281,2115,3166,0,0,0,1.0,1,1.0,1,1.0,1,0.2988882342273104,48
2618,2,5283,2117,3166,0,0,0,1.0,1,1.0,1,1.0,1,0.2957700356142485,47
2619,1,5284,2117,3167,0,0,0,1.0,1,1.0,1,1.0,1,0.2851045313120207,50
2620,2,5286,2117,3169,0,0,0,1.0,1,1.0,1,1.0,1,0.28149645152381936,51
2621,3,5289,2119,3170,0,0,0,1.0,1,1.0,1,1.0,1,0.32749666699569724,52
2622,4,5293,2120,3173,0,0,0,1.0,1,1.0,1,1.0,1,0.2841919119157047,52
2623,3,5296,2122,3174,0,0,0,1.0,1,1.0,1,1.0,1,0.2841995478769789,53
2624,3,5299,2124,3175,0,0,0,1.0,1,1.0,1,1.0,1,0.3086330427542166,51
2625,5,5304,2127,3177,0,0,0,1.0,1,1.0,1,1.0,1,0.2988243010565243,50
2626,9,5313,2129,3184,0,0,0,1.0,1,1.0,1,1.0,1,0.18189950766944157,49
2627,1,5314,2130,3184,0,0,0,1.0,1,1.0,1,1.0,1,0.17102567748221148,48
2628,1,5315,2131,3184,0,0,0,1.0,1,1.0,1,1.0,1,0.20455297414768434,48
2629,1,5316,2131,3185,0,0,0,1.0,1,1.0,1,1.0,1,0.2002421735530684,47
2630,2,5318,2132,3186,0,0,0,1.0,1,1.0,1,1.0,1,0.2385239779771825,47
2631,1,5319,2133,3186,0,0,0,1.0,1,1.0,1,1.0,1,0.26295716984563194,47
2632,2,5321,2134,3187,0,0,0,1.0,1,1.0,1,1.0,1,0.2352421546263553,47
2633,0,5321,2134,3187,0,0,0,1.0,1,1.0,1,1.0,1,0.2159318225164222,44
2634,1,5322,2135,3187,0,0,0,1.0,1,1.0,1,1.0,1,0.20560230255400472,44
2635,3,5325,2135,3190,0,0,0,1.0,1,1.0,1,1.0,1,0.13594871243178724,45
2636,0,5325,2135,3190,0,0,0,1.0,1,1.0,1,1.0,1,0.1417407594189366,40
2637,7,5332,2141,3191,0,0,0,1.0,1,1.0,1,1.0,1,0.2585726228700038,41
2638,0,5332,2141,3191,0,0,0,1.0,1,1.0,1,1.0,1,0.2694856684085522,38
2639,0,5332,2141,3191,0,0,0,1.0,1,1.0,1,1.0,1,0.24438798844077492,39
2640,1,5333,2142,3191,0,0,0,1.0,1,1.0,1,1.0,1,0.2525811690133827,38
2641,2,5335,2144,3191,0,0,0,1.0,1,1.0,1,1.0,1,0.260278243583861,37
2642,5,5340,2149,3191,0,0,0,1.0,1,1.0,1,1.0,1,0.3498564780335155,38
2643,3,5343,2149,3194,0,0,0,1.0,1,1.0,1,1.0,1,0.29300091455690536,37
2644,1,5344,2150,3194,0,0,0,1.0,1,1.0,1,1.0,1,0.30243428864823707,36
2645,2,5346,2152,3194,0,0,0,1.0,1,1.0,1,1.0,1,0.3584073051197587,35
2646,1,5347,2152,3195,0,0,0,1.0,1,1.0,1,1.0,1,0.323351695879951,35
2647,1,5348,2152,3196,0,0,0,1.0,1,1.0,1,1.0,1,0.3107501187345385,35
2648,0,5348,2152,3196,0,0,0,1.0,1,1.0,1,1.0,1,0.30720540873488056,36
2649,1,5349,2153,3196,0,0,0,1.0,1,1.0,1,1.0,1,0.30784806587461716,37
2650,1,5350,2154,3196,0,0,0,1.0,1,1.0,1,1.0,1,0.3264984951542588,39
2651,8,5358,2155,3203,0,0,0,1.0,1,1.0,1,1.0,1,0.16265980431009217,39
2652,0,5358,2155,3203,0,0,0,1.0,1,1.0,1,1.0,1,0.16265980431009217,39
2653,0,5358,2155,3203,0,0,0,1.0,1,1.0,1,1.0,1,0.16265980431009217,39
2654,0,5358,2155,3203,0,0,0,1.0,1,1.0,1,1.0,1,0.17652538921428293,40
2655,2,5360,2155,3205,0,0,0,1.0,1,1.0,1,1.0,1,0.20508567786267892,40
2656,1,5361,2155,3206,0,0,0,1.0,1,1.0,1,1.0,1,0.20971033918169227,39
2657,1,5362,2155,3207,0,0,0,1.0,1,1.0,1,1.0,1,0.2282607604098795,40
2658,4,5366,2156,3210,0,0,0,1.0,1,1.0,1,1.0,1,0.2839168252692805,41
2659,3,5369,2158,3211,0,0,0,1.0,1,1.0,1,1.0,1,0.30112984758333167,41
2660,2,5371,2159,3212,0,0,0,1.0,1,1.0,1,1.0,1,0.3324798082682069,40
2661,2,5373,2160,3213,0,0,0,1.0,1,1.0,1,1.0,1,0.3220860098810914,40
2662,5,5378,2161,3217,0,0,0,1.0,1,1.0,1,1.0,1,0.28183140625697556,42
2663,1,5379,2162,3217,0,0,0,1.0,1,1.0,1,1.0,1,0.26389025055009363,41
2664,6,5385,2164,3221,0,0,0,1.0,1,1.0,1,1.0,1,0.2479525159777178,42
2665,4,5389,2166,3223,0,0,0,1.0,1,1.0,1,1.0,1,0.2550750746391247,43
2666,5,5394,2169,3225,0,0,0,1.0,1,1.0,1,1.0,1,0.26643831215862923,44
2667,8,5402,2172,3230,0,0,0,1.0,1,1.0,1,1.0,1,0.3178292352361717,42
2668,4,5406,2173,3233,0,0,0,1.0,1,1.0,1,1.0,1,0.30415852522982806,41
2669,3,5409,2174,3235,0,0,0,1.0,1,1.0,1,1.0,1,0.3125345134832283,42
2670,2,5411,2174,3237,0,0,0,1.0,1,1.0,1,1.0,1,0.32899337870881107,40
2671,2,5413,2176,3237,0,0,0,1.0,1,1.0,1,1.0,1,0.3504835317490717,39
2672,6,5419,2178,3241,0,0,0,1.0,1,1.0,1,1.0,1,0.399715335993567,36
2673,5,5424,2179,3245,0,0,0,1.0,1,1.0,1,1.0,1,0.4178024095603463,35
2674,2,5426,2179,3247,0,0,0,1.0,1,1.0,1,1.0,1,0.40982318498498427,33
2675,2,5428,2179,3249,0,0,0,1.0,1,1.0,1,1.0,1,0.34626721771227353,34
2676,4,5432,2180,3252,0,0,0,1.0,1,1.0,1,1.0,1,0.2332028210814413,32
2677,4,5436,2183,3253,0,0,0,1.0,1,1.0,1,1.0,1,0.19519567676100377,33
2678,0,5436,2183,3253,0,0,0,1.0,1,1.0,1,1.0,1,0.19742456710519757,33
2679,2,5438,2184,3254,0,0,0,1.0,1,1.0,1,1.0,1,0.2472247513508138,32
2680,0,5438,2184,3254,0,0,0,1.0,1,1.0,1,1.0,1,0.2472247513508138,32
2681,0,5438,2184,3254,0,0,0,1.0,1,1.0,1,1.0,1,0.24519691905163396,32
2682,1,5439,2185,3254,0,0,0,1.0,1,1.0,1,1.0,1,0.2757933195679851,33
2683,1,5440,2186,3254,0,0,0,1.0,1,1.0,1,1.0,1,0.2922797296620677,32
2684,2,5442,2187,3255,0,0,0,1.0,1,1.0,1,1.0,1,0.3167389507599177,31
2685,3,5445,2187,3258,0,0,0,1.0,1,1.0,1,1.0,1,0.29338300910823417,31
2686,0,5445,2187,3258,0,0,0,1.0,1,1.0,1,1.0,1,0.31213911081124507,30
2687,0,5445,2187,3258,0,0,0,1.0,1,1.0,1,1.0,1,0.31213911081124507,30
2688,2,5447,2188,3259,0,0,0,1.0,1,1.0,1,1.0,1,0.35334307787740743,30
2689,4,5451,2189,3262,0,0,0,1.0,1,1.0,1,1.0,1,0.30513105299421117,31
2690,3,5454,2190,3264,0,0,0,1.0,1,1.0,1,1.0,1,0.27094245851934073,31
2691,2,5456,2191,3265,0,0,0,1.0,1,1.0,1,1.0,1,0.28439818912461146,32
2692,1,5457,2192,3265,0,0,0,1.0,1,1.0,1,1.0,1,0.311297507203991,32
2693,4,5461,2194,3267,0,0,0,1.0,1,1.0,1,1.0,1,0.2920661109511273,33
2694,0,5461,2194,3267,0,0,0,1.0,1,1.0,1,1.0,1,0.2970212553369891,34
2695,1,5462,2194,3268,0,0,0,1.0,1,1.0,1,1.0,1,0.26467494859516094,35
2696,0,5462,2194,3268,0,0,0,1.0,1,1.0,1,1.0,1,0.26467494859516094,35
2697,0,5462,2194,3268,0,0,0,1.0,1,1.0,1,1.0,1,0.26467494859516094,35
2698,2,5464,2195,3269,0,0,0,1.0,1,1.0,1,1.0,1,0.3046291983694347,36
2699,1,5465,2195,3270,0,0,0,1.0,1,1.0,1,1.0,1,0.29415748421098564,36
2700,0,5465,2195,3270,0,0,0,1.0,1,1.0,1,1.0,1,0.29280377663504625,37
2701,2,5467,2195,3272,0,0,0,1.0,1,1.0,1,1.0,1,0.22902348879510756,37
2702,4,5471,2199,3272,0,0,0,1.0,1,1.0,1,1.0,1,0.2513670705322648,37
2703,2,5473,2200,3273,0,0,0,1.0,1,1.0,1,1.0,1,0.2433311395895,38
2704,2,5475,2202,3273,0,0,0,1.0,1,1.0,1,1.0,1,0.3005600666070285,37
2705,2,5477,2204,3273,0,0,0,1.0,1,1.0,1,1.0,1,0.33059637965908617,36
2706,4,5481,2207,3274,0,0,0,1.0,1,1.0,1,1.0,1,0.326486451289665,36
2707,2,5483,2208,3275,0,0,0,1.0,1,1.0,1,1.0,1,0.34049091160928247,35
2708,4,5487,2211,3276,0,0,0,1.0,1,1.0,1,1.0,1,0.38882805450291075,36
2709,2,5489,2212,3277,0,0,0,1.0,1,1.0,1,1.0,1,0.3070462432797938,32
2710,2,5491,2214,3277,0,0,0,1.0,1,1.0,1,1.0,1,0.35687398450168933,29
2711,1,5492,2215,3277,0,0,0,1.0,1,1.0,1,1.0,1,0.3730977041014414,29
2712,0,5492,2215,3277,0,0,0,1.0,1,1.0,1,1.0,1,0.39234457368863324,28
2713,1,5493,2215,3278,0,0,0,1.0,1,1.0,1,1.0,1,0.39679885748398575,28
2714,1,5494,2215,3279,0,0,0,1.0,1,1.0,1,1.0,1,0.41093628237436564,26
2715,0,5494,2215,3279,0,0,0,1.0,1,1.0,1,1.0,1,0.4207862268304441,24
2716,3,5497,2217,3280,0,0,0,1.0,1,1.0,1,1.0,1,0.3672764717570259,24
2717,3,5500,2218,3282,0,0,0,1.0,1,1.0,1,1.0,1,0.30102259548927657,25
2718,0,5500,2218,3282,0,0,0,1.0,1,1.0,1,1.0,1,0.3112659648067636,25
2719,5,5505,2221,3284,0,0,0,1.0,1,1.0,1,1.0,1,0.3254266409463266,25
2720,2,5507,2223,3284,0,0,0,1.0,1,1.0,1,1.0,1,0.3547692462675334,25
2721,3,5510,2226,3284,0,0,0,1.0,1,1.0,1,1.0,1,0.341777074173442,25
2722,1,5511,2227,3284,0,0,0,1.0,1,1.0,1,1.0,1,0.3719776865633927,26
2723,0,5511,2227,3284,0,0,0,1.0,1,1.0,1,1.0,1,0.3719776865633927,26
2724,1,5512,2228,3284,0,0,0,1.0,1,1.0,1,1.0,1,0.36057623415873236,27
2725,0,5512,2228,3284,0,0,0,1.0,1,1.0,1,1.0,1,0.3632270979797068,28
2726,2,5514,2228,3286,0,0,0,1.0,1,1.0,1,1.0,1,0.28159735529276786,28
2727,1,5515,2228,3287,0,0,0,1.0,1,1.0,1,1.0,1,0.24358288998413538,29
2728,1,5516,2228,3288,0,0,0,1.0,1,1.0,1,1.0,1,0.23372540265508804,29
2729,1,5517,2228,3289,0,0,0,1.0,1,1.0,1,1.0,1,0.16251440503545905,29
2730,1,5518,2228,3290,0,0,0,1.0,1,1.0,1,1.0,1,0.1533370738244635,29
2731,0,5518,2228,3290,0,0,0,1.0,1,1.0,1,1.0,1,0.15858102440472957,30
2732,0,5518,2228,3290,0,0,0,1.0,1,1.0,1,1.0,1,0.17946281049055882,29
2733,0,5518,2228,3290,0,0,0,1.0,1,1.0,1,1.0,1,0.17946281049055882,29
2734,0,5518,2228,3290,0,0,0,1.0,1,1.0,1,1.0,1,0.17946281049055882,29
2735,2,5520,2229,3291,0,0,0,1.0,1,1.0,1,1.0,1,0.22524254979533395,29
2736,1,5521,2230,3291,0,0,0,1.0,1,1.0,1,1.0,1,0.23148086846472174,30
2737,0,5521,2230,3291,0,0,0,1.0,1,1.0,1,1.0,1,0.27079292574614755,30
2738,3,5524,2233,3291,0,0,0,1.0,1,1.0,1,1.0,1,0.28978591063802484,30
2739,2,5526,2234,3292,0,0,0,1.0,1,1.0,1,1.0,1,0.32729797256862136,29
2740,2,5528,2236,3292,0,0,0,1.0,1,1.0,1,1.0,1,0.40636749822127727,29
2741,2,5530,2236,3294,0,0,0,1.0,1,1.0,1,1.0,1,0.3743936651892827,28
2742,2,5532,2237,3295,0,0,0,1.0,1,1.0,1,1.0,1,0.3719871817273409,28
2743,0,5532,2237,3295,0,0,0,1.0,1,1.0,1,1.0,1,0.3835264137109344,29
2744,0,5532,2237,3295,0,0,0,1.0,1,1.0,1,1.0,1,0.3630017351549404,27
2745,1,5533,2238,3295,0,0,0,1.0,1,1.0,1,1.0,1,0.3807313025590822,25
2746,2,5535,2240,3295,0,0,0,1.0,1,1.0,1,1.0,1,0.48188580914439294,25
2747,1,5536,2241,3295,0,0,0,1.0,1,1.0,1,1.0,1,0.516872679714044,23
2748,0,5536,2241,3295,0,0,0,1.0,1,1.0,1,1.0,1,0.4976868425988055,22
2749,0,5536,2241,3295,0,0,0,1.0,1,1.0,1,1.0,1,0.5011505703434046,19
2750,1,5537,2242,3295,0,0,0,1.0,1,1.0,1,1.0,1,0.5298529252326366,18
2751,1,5538,2242,3296,0,0,0,1.0,1,1.0,1,1.0,1,0.47785715325561695,16
2752,0,5538,2242,3296,0,0,0,1.0,1,1.0,1,1.0,1,0.5109331973472404,15
2753,0,5538,2242,3296,0,0,0,1.0,1,1.0,1,1.0,1,0.5109331973472404,15
2754,0,5538,2242,3296,0,0,0,1.0,1,1.0,1,1.0,1,0.5109331973472404,15
2755,0,5538,2242,3296,0,0,0,1.0,1,1.0,1,1.0,1,0.5109331973472404,15
2756,1,5539,2243,3296,0,0,0,1.0,1,1.0,1,1.0,1,0.4973919808199062,16
2757,0,5539,2243,3296,0,0,0,1.0,1,1.0,1,1.0,1,0.508055944682918,17
2758,0,5539,2243,3296,0,0,0,1.0,1,1.0,1,1.0,1,0.508055944682918,17
2759,0,5539,2243,3296,0,0,0,1.0,1,1.0,1,1.0,1,0.5155531692226729,18
2760,0,5539,2243,3296,0,0,0,1.0,1,1.0,1,1.0,1,0.5155531692226729,18
2761,2,5541,2243,3298,0,0,0,1.0,1,1.0,1,1.0,1,0.47537799147047527,18
2762,0,5541,2243,3298,0,0,0,1.0,1,1.0,1,1.0,1,0.47537799147047527,18
2763,1,5542,2243,3299,0,0,0,1.0,1,1.0,1,1.0,1,0.40206637344630586,17
2764,1,5543,2243,3300,0,0,0,1.0,1,1.0,1,1.0,1,0.3473002601310539,17
2765,0,5543,2243,3300,0,0,0,1.0,1,1.0,1,1.0,1,0.3607334591589646,18
2766,0,5543,2243,3300,0,0,0,1.0,1,1.0,1,1.0,1,0.3607334591589646,18
2767,1,5544,2243,3301,0,0,0,1.0,1,1.0,1,1.0,1,0.2916117392573338,18
2768,0,5544,2243,3301,0,0,0,1.0,1,1.0,1,1.0,1,0.2916117392573338,18
2769,1,5545,2244,3301,0,0,0,1.0,1,1.0,1,1.0,1,0.24629800886855888,18
2770,1,5546,2245,3301,0,0,0,1.0,1,1.0,1,1.0,1,0.27136618987508954,18
2771,0,5546,2245,3301,0,0,0,1.0,1,1.0,1,1.0,1,0.27136618987508954,18
2772,0,5546,2245,3301,0,0,0,1.0,1,1.0,1,1.0,1,0.27136618987508954,18
2773,0,5546,2245,3301,0,0,0,1.0,1,1.0,1,1.0,1,0.27136618987508954,18
2774,2,5548,2245,3303,0,0,0,1.0,1,1.0,1,1.0,1,0.23906226458186078,20
2775,1,5549,2246,3303,0,0,0,1.0,1,1.0,1,1.0,1,0.2374333340285387,21
2776,1,5550,2247,3303,0,0,0,1.0,1,1.0,1,1.0,1,0.3026717247979023,21
2777,0,5550,2247,3303,0,0,0,1.0,1,1.0,1,1.0,1,0.2912968818007044,22
2778,2,5552,2248,3304,0,0,0,1.0,1,1.0,1,1.0,1,0.2949969362297699,24
2779,2,5554,2250,3304,0,0,0,1.0,1,1.0,1,1.0,1,0.28961757917143466,24
2780,0,5554,2250,3304,0,0,0,1.0,1,1.0,1,1.0,1,0.28961757917143466,24
2781,0,5554,2250,3304,0,0,0,1.0,1,1.0,1,1.0,1,0.28961757917143466,24
2782,1,5555,2251,3304,0,0,0,1.0,1,1.0,1,1.0,1,0.31895957840649564,24
2783,2,5557,2251,3306,0,0,0,1.0,1,1.0,1,1.0,1,0.2834983679365664,24
2784,1,5558,2252,3306,0,0,0,1.0,1,1.0,1,1.0,1,0.3392011669657896,24
2785,0,5558,2252,3306,0,0,0,1.0,1,1.0,1,1.0,1,0.340601752511063,22
2786,2,5560,2252,3308,0,0,0,1.0,1,1.0,1,1.0,1,0.32380564646330834,22
2787,1,5561,2252,3309,0,0,0,1.0,1,1.0,1,1.0,1,0.28358883669181933,21
2788,0,5561,2252,3309,0,0,0,1.0,1,1.0,1,1.0,1,0.3083672141579765,20
2789,1,5562,2253,3309,0,0,0,1.0,1,1.0,1,1.0,1,0.2946320640139848,20
2790,1,5563,2253,3310,0,0,0,1.0,1,1.0,1,1.0,1,0.31916106450800263,21
2791,1,5564,2254,3310,0,0,0,1.0,1,1.0,1,1.0,1,0.2711251685703312,21
2792,0,5564,2254,3310,0,0,0,1.0,1,1.0,1,1.0,1,0.2711251685703312,21
2793,1,5565,2254,3311,0,0,0,1.0,1,1.0,1,1.0,1,0.3047488184340813,18
2794,0,5565,2254,3311,0,0,0,1.0,1,1.0,1,1.0,1,0.3047488184340813,18
2795,0,5565,2254,3311,0,0,0,1.0,1,1.0,1,1.0,1,0.2863013664697527,20
2796,1,5566,2255,3311,0,0,0,1.0,1,1.0,1,1.0,1,0.28906211341158583,21
2797,0,5566,2255,3311,0,0,0,1.0,1,1.0,1,1.0,1,0.28906211341158583,21
2798,0,5566,2255,3311,0,0,0,1.0,1,1.0,1,1.0,1,0.28906211341158583,21
2799,1,5567,2255,3312,0,0,0,1.0,1,1.0,1,1.0,1,0.24394740187828376,22
2800,0,5567,2255,3312,0,0,0,1.0,1,1.0,1,1.0,1,0.24394740187828376,22
2801,2,5569,2257,3312,0,0,0,1.0,1,1.0,1,1.0,1,0.21363422399250023,22
2802,0,5569,2257,3312,0,0,0,1.0,1,1.0,1,1.0,1,0.21363422399250023,22
2803,1,5570,2258,3312,0,0,0,1.0,1,1.0,1,1.0,1,0.252908157428825,22
2804,0,5570,2258,3312,0,0,0,1.0,1,1.0,1,1.0,1,0.2628040018512543,23
2805,0,5570,2258,3312,0,0,0,1.0,1,1.0,1,1.0,1,0.2628040018512543,23
2806,0,5570,2258,3312,0,0,0,1.0,1,1.0,1,1.0,1,0.2628040018512543,23
2807,0,5570,2258,3312,0,0,0,1.0,1,1.0,1,1.0,1,0.24701542672637514,24
2808,0,5570,2258,3312,0,0,0,1.0,1,1.0,1,1.0,1,0.24701542672637514,24
2809,1,5571,2259,3312,0,0,0,1.0,1,1.0,1,1.0,1,0.2945210401675685,25
2810,0,5571,2259,3312,0,0,0,1.0,1,1.0,1,1.0,1,0.2817258052651294,24
2811,0,5571,2259,3312,0,0,0,1.0,1,1.0,1,1.0,1,0.3000858877390969,26
2812,2,5573,2261,3312,0,0,0,1.0,1,1.0,1,1.0,1,0.33627966709447416,26
2813,0,5573,2261,3312,0,0,0,1.0,1,1.0,1,1.0,1,0.3496876534693808,27
2814,3,5576,2263,3313,0,0,0,1.0,1,1.0,1,1.0,1,0.357592364543135,29
2815,1,5577,2263,3314,0,0,0,1.0,1,1.0,1,1.0,1,0.3458906139438593,29
2816,0,5577,2263,3314,0,0,0,1.0,1,1.0,1,1.0,1,0.35892954100925645,29
2817,2,5579,2264,3315,0,0,0,1.0,1,1.0,1,1.0,1,0.3667826023809196,29
2818,2,5581,2264,3317,0,0,0,1.0,1,1.0,1,1.0,1,0.35888118215633313,29
2819,1,5582,2264,3318,0,0,0,1.0,1,1.0,1,1.0,1,0.3801529853383053,30
2820,1,5583,2264,3319,0,0,0,1.0,1,1.0,1,1.0,1,0.3709266237333893,30
2821,5,5588,2265,3323,0,0,0,1.0,1,1.0,1,1.0,1,0.3376313747635179,31
2822,2,5590,2267,3323,0,0,0,1.0,1,1.0,1,1.0,1,0.31716596227518246,30
2823,2,5592,2269,3323,0,0,0,1.0,1,1.0,1,1.0,1,0.3047857750397678,27
2824,1,5593,2269,3324,0,0,0,1.0,1,1.0,1,1.0,1,0.2577420806031385,28
2825,4,5597,2272,3325,0,0,0,1.0,1,1.0,1,1.0,1,0.24195798966241314,28
2826,1,5598,2273,3325,0,0,0,1.0,1,1.0,1,1.0,1,0.2882643758848991,27
2827,2,5600,2273,3327,0,0,0,1.0,1,1.0,1,1.0,1,0.2553192944756056,28
2828,0,5600,2273,3327,0,0,0,1.0,1,1.0,1,1.0,1,0.3000641072806098,28
2829,0,5600,2273,3327,0,0,0,1.0,1,1.0,1,1.0,1,0.28385178717782,27
2830,1,5601,2274,3327,0,0,0,1.0,1,1.0,1,1.0,1,0.2954746460819821,27
2831,0,5601,2274,3327,0,0,0,1.0,1,1.0,1,1.0,1,0.2954746460819821,27
2832,2,5603,2275,3328,0,0,0,1.0,1,1.0,1,1.0,1,0.3514089074623167,27
2833,1,5604,2275,3329,0,0,0,1.0,1,1.0,1,1.0,1,0.3597970029232939,26
2834,0,5604,2275,3329,0,0,0,1.0,1,1.0,1,1.0,1,0.3049878827928249,26
2835,1,5605,2276,3329,0,0,0,1.0,1,1.0,1,1.0,1,0.3415842013090409,25
2836,1,5606,2277,3329,0,0,0,1.0,1,1.0,1,1.0,1,0.34186887802246707,27
2837,0,5606,2277,3329,0,0,0,1.0,1,1.0,1,1.0,1,0.3493086223881513,27
2838,0,5606,2277,3329,0,0,0,1.0,1,1.0,1,1.0,1,0.3493086223881513,27
2839,0,5606,2277,3329,0,0,0,1.0,1,1.0,1,1.0,1,0.36327233994401875,29
2840,1,5607,2278,3329,0,0,0,1.0,1,1.0,1,1.0,1,0.3651530451422305,29
2841,2,5609,2278,3331,0,0,0,1.0,1,1.0,1,1.0,1,0.360199099338202,31
2842,2,5611,2278,3333,0,0,0,1.0,1,1.0,1,1.0,1,0.30708427962296253,31
2843,0,5611,2278,3333,0,0,0,1.0,1,1.0,1,1.0,1,0.3084743951514371,32
2844,3,5614,2280,3334,0,0,0,1.0,1,1.0,1,1.0,1,0.3067689362906354,33
2845,0,5614,2280,3334,0,0,0,1.0,1,1.0,1,1.0,1,0.3185661151865089,32
2846,1,5615,2281,3334,0,0,0,1.0,1,1.0,1,1.0,1,0.2877886621818929,33
2847,2,5617,2283,3334,0,0,0,1.0,1,1.0,1,1.0,1,0.3325425528656267,32
2848,4,5621,2285,3336,0,0,0,1.0,1,1.0,1,1.0,1,0.3591765949794388,33
2849,3,5624,2285,3339,0,0,0,1.0,1,1.0,1,1.0,1,0.34910687317124445,34
2850,1,5625,2286,3339,0,0,0,1.0,1,1.0,1,1.0,1,0.32032278450889423,34
2851,1,5626,2286,3340,0,0,0,1.0,1,1.0,1,1.0,1,0.29971780739669174,34
2852,4,5630,2289,3341,0,0,0,1.0,1,1.0,1,1.0,1,0.2696961546940335,35
2853,2,5632,2291,3341,0,0,0,1.0,1,1.0,1,1.0,1,0.32069286716187917,36
2854,4,5636,2291,3345,0,0,0,1.0,1,1.0,1,1.0,1,0.20750644116698488,37
2855,2,5638,2292,3346,0,0,0,1.0,1,1.0,1,1.0,1,0.18333914465111922,38
2856,0,5638,2292,3346,0,0,0,1.0,1,1.0,1,1.0,1,0.18333914465111922,38
2857,1,5639,2293,3346,0,0,0,1.0,1,1.0,1,1.0,1,0.16841907130281308,39
2858,1,5640,2294,3346,0,0,0,1.0,1,1.0,1,1.0,1,0.16608298183846004,40
2859,3,5643,2296,3347,0,0,0,1.0,1,1.0,1,1.0,1,0.23259686657372092,40
2860,2,5645,2298,3347,0,0,0,1.0,1,1.0,1,1.0,1,0.2407319881197216,40
2861,2,5647,2300,3347,0,0,0,1.0,1,1.0,1,1.0,1,0.2550399218294971,38
2862,1,5648,2301,3347,0,0,0,1.0,1,1.0,1,1.0,1,0.29119533459315494,38
2863,3,5651,2303,3348,0,0,0,1.0,1,1.0,1,1.0,1,0.33029168269212683,38
2864,1,5652,2304,3348,0,0,0,1.0,1,1.0,1,1.0,1,0.24311895146286244,36
2865,3,5655,2307,3348,0,0,0,1.0,1,1.0,1,1.0,1,0.32069778231639384,34
2866,1,5656,2308,3348,0,0,0,1.0,1,1.0,1,1.0,1,0.31459863306339964,31
2867,1,5657,2309,3348,0,0,0,1.0,1,1.0,1,1.0,1,0.3227313587010213,30
2868,1,5658,2310,3348,0,0,0,1.0,1,1.0,1,1.0,1,0.3496996899046213,27
2869,2,5660,2311,3349,0,0,0,1.0,1,1.0,1,1.0,1,0.38110895934578615,27
2870,1,5661,2312,3349,0,0,0,1.0,1,1.0,1,1.0,1,0.3763168718597933,25
2871,1,5662,2312,3350,0,0,0,1.0,1,1.0,1,1.0,1,0.3655401230199599,25
2872,2,5664,2314,3350,0,0,0,1.0,1,1.0,1,1.0,1,0.41229392063279746,23
2873,1,5665,2315,3350,0,0,0,1.0,1,1.0,1,1.0,1,0.44557843825063304,24
2874,1,5666,2316,3350,0,0,0,1.0,1,1.0,1,1.0,1,0.48374985458755126,24
2875,1,5667,2316,3351,0,0,0,1.0,1,1.0,1,1.0,1,0.4851762443173508,23
2876,7,5674,2317,3357,0,0,0,1.0,1,1.0,1,1.0,1,0.3493234937117824,24
2877,3,5677,2318,3359,0,0,0,1.0,1,1.0,1,1.0,1,0.3410939655074203,24
2878,1,5678,2318,3360,0,0,0,1.0,1,1.0,1,1.0,1,0.32667917558604787,24
2879,4,5682,2320,3362,0,0,0,1.0,1,1.0,1,1.0,1,0.36851372031950985,25
2880,2,5684,2320,3364,0,0,0,1.0,1,1.0,1,1.0,1,0.34381740500054137,26
2881,2,5686,2320,3366,0,0,0,1.0,1,1.0,1,1.0,1,0.34381740500054137,26
2882,1,5687,2320,3367,0,0,0,1.0,1,1.0,1,1.0,1,0.3206233429930837,27
2883,1,5688,2320,3368,0,0,0,1.0,1,1.0,1,1.0,1,0.299721952596631,28
2884,1,5689,2320,3369,0,0,0,1.0,1,1.0,1,1.0,1,0.32134146277019854,29
2885,5,5694,2320,3374,0,0,0,1.0,1,1.0,1,1.0,1,0.2971199993839723,31
2886,4,5698,2321,3377,0,0,0,1.0,1,1.0,1,1.0,1,0.3346135898367513,31
2887,4,5702,2321,3381,0,0,0,1.0,1,1.0,1,1.0,1,0.30644232297019436,33
2888,11,5713,2323,3390,0,0,0,1.0,1,1.0,1,1.0,1,0.33446088625282067,34
2889,9,5722,2324,3398,0,0,0,1.0,1,1.0,1,1.0,1,0.32584644193679335,35
2890,6,5728,2325,3403,0,0,0,1.0,1,1.0,1,1.0,1,0.3461096787572113,35
2891,9,5737,2325,3412,0,0,0,1.0,1,1.0,1,1.0,1,0.35633346023946794,35
2892,5,5742,2326,3416,0,0,0,1.0,1,1.0,1,1.0,1,0.3674525693988122,35
2893,9,5751,2326,3425,0,0,0,1.0,1,1.0,1,1.0,1,0.3533870114767674,37
2894,4,5755,2326,3429,0,0,0,1.0,1,1.0,1,1.0,1,0.3436377864887155,37
2895,11,5766,2327,3439,0,0,0,1.0,1,1.0,1,1.0,1,0.3280845401519594,37
2896,4,5770,2327,3443,0,0,0,1.0,1,1.0,1,1.0,1,0.3685003733747448,38
2897,8,5778,2327,3451,0,0,0,1.0,1,1.0,1,1.0,1,0.3951884339073639,37
2898,8,5786,2327,3459,0,0,0,1.0,1,1.0,1,1.0,1,0.3797697260909245,38
2899,12,5798,2328,3470,0,0,0,1.0,1,1.0,1,1.0,1,0.38075661072492323,37
2900,4,5802,2328,3474,0,0,0,1.0,1,1.0,1,1.0,1,0.3920810253067212,36
2901,3,5805,2328,3477,0,0,0,1.0,1,1.0,1,1.0,1,0.33184202182035744,37
2902,1,5806,2329,3477,0,0,0,1.0,1,1.0,1,1.0,1,0.3664659004293834,35
2903,1,5807,2329,3478,0,0,0,1.0,1,1.0,1,1.0,1,0.34755149766245913,35
2904,0,5807,2329,3478,0,0,0,1.0,1,1.0,1,1.0,1,0.3578696136176721,33
2905,1,5808,2329,3479,0,0,0,1.0,1,1.0,1,1.0,1,0.325506725440618,34
2906,1,5809,2330,3479,0,0,0,1.0,1,1.0,1,1.0,1,0.35802475047746257,34
2907,2,5811,2331,3480,0,0,0,1.0,1,1.0,1,1.0,1,0.3795233600015408,35
2908,1,5812,2331,3481,0,0,0,1.0,1,1.0,1,1.0,1,0.36251789952185104,36
2909,0,5812,2331,3481,0,0,0,1.0,1,1.0,1,1.0,1,0.37435279626337753,38
2910,0,5812,2331,3481,0,0,0,1.0,1,1.0,1,1.0,1,0.37435279626337753,38
2911,1,5813,2332,3481,0,0,0,1.0,1,1.0,1,1.0,1,0.38615154842958815,37
2912,0,5813,2332,3481,0,0,0,1.0,1,1.0,1,1.0,1,0.38615154842958815,37
2913,1,5814,2332,3482,0,0,0,1.0,1,1.0,1,1.0,1,0.3844333330998142,38
2914,0,5814,2332,3482,0,0,0,1.0,1,1.0,1,1.0,1,0.3844333330998142,38
2915,2,5816,2332,3484,0,0,0,1.0,1,1.0,1,1.0,1,0.37467479932062375,39
2916,4,5820,2332,3488,0,0,0,1.0,1,1.0,1,1.0,1,0.3003880183057574,40
2917,1,5821,2333,3488,0,0,0,1.0,1,1.0,1,1.0,1,0.30641480594123066,41
2918,2,5823,2334,3489,0,0,0,1.0,1,1.0,1,1.0,1,0.3018213511596887,41
2919,1,5824,2334,3490,0,0,0,1.0,1,1.0,1,1.0,1,0.28797044507544617,41
2920,3,5827,2334,3493,0,0,0,1.0,1,1.0,1,1.0,1,0.30254122480209644,43
2921,0,5827,2334,3493,0,0,0,1.0,1,1.0,1,1.0,1,0.3175880458036638,42
2922,1,5828,2335,3493,0,0,0,1.0,1,1.0,1,1.0,1,0.30410161191105006,43
2923,0,5828,2335,3493,0,0,0,1.0,1,1.0,1,1.0,1,0.31470309439164035,44
2924,2,5830,2335,3495,0,0,0,1.0,1,1.0,1,1.0,1,0.3027613230908694,45
2925,1,5831,2335,3496,0,0,0,1.0,1,1.0,1,1.0,1,0.2860500478928601,45
2926,2,5833,2335,3498,0,0,0,1.0,1,1.0,1,1.0,1,0.25962616228243895,47
2927,0,5833,2335,3498,0,0,0,1.0,1,1.0,1,1.0,1,0.25962616228243895,47
2928,1,5834,2336,3498,0,0,0,1.0,1,1.0,1,1.0,1,0.26439503218195376,48
2929,0,5834,2336,3498,0,0,0,1.0,1,1.0,1,1.0,1,0.26439503218195376,48
2930,3,5837,2336,3501,0,0,0,1.0,1,1.0,1,1.0,1,0.25966072191461637,50
2931,1,5838,2336,3502,0,0,0,1.0,1,1.0,1,1.0,1,0.25538090352478604,51
2932,0,5838,2336,3502,0,0,0,1.0,1,1.0,1,1.0,1,0.25538090352478604,51
2933,1,5839,2337,3502,0,0,0,1.0,1,1.0,1,1.0,1,0.2859769509149371,52
2934,2,5841,2338,3503,0,0,0,1.0,1,1.0,1,1.0,1,0.2837288771812817,52
2935,1,5842,2339,3503,0,0,0,1.0,1,1.0,1,1.0,1,0.30320153699910557,51
2936,1,5843,2339,3504,0,0,0,1.0,1,1.0,1,1.0,1,0.26044095970289616,49
2937,1,5844,2339,3505,0,0,0,1.0,1,1.0,1,1.0,1,0.26940496345690523,50
2938,1,5845,2340,3505,0,0,0,1.0,1,1.0,1,1.0,1,0.2943232582976435,50
2939,2,5847,2340,3507,0,0,0,1.0,1,1.0,1,1.0,1,0.2901475970862719,51
2940,4,5851,2340,3511,0,0,0,1.0,1,1.0,1,1.0,1,0.2881833859858838,52
2941,3,5854,2341,3513,0,0,0,1.0,1,1.0,1,1.0,1,0.30415597112154724,53
2942,2,5856,2343,3513,0,0,0,1.0,1,1.0,1,1.0,1,0.33837066839374463,52
2943,2,5858,2344,3514,0,0,0,1.0,1,1.0,1,1.0,1,0.3172513452085668,51
2944,8,5866,2346,3520,0,0,0,1.0,1,1.0,1,1.0,1,0.2965910454106726,52
2945,2,5868,2347,3521,0,0,0,1.0,1,1.0,1,1.0,1,0.2716144918934012,50
2946,2,5870,2348,3522,0,0,0,1.0,1,1.0,1,1.0,1,0.2836892341926113,51
2947,3,5873,2350,3523,0,0,0,1.0,1,1.0,1,1.0,1,0.2815988625512629,50
2948,4,5877,2352,3525,0,0,0,1.0,1,1.0,1,1.0,1,0.28268012928228575,50
2949,2,5879,2352,3527,0,0,0,1.0,1,1.0,1,1.0,1,0.2795333705543207,49
2950,1,5880,2352,3528,0,0,0,1.0,1,1.0,1,1.0,1,0.30299216214136043,48
2951,6,5886,2353,3533,0,0,0,1.0,1,1.0,1,1.0,1,0.19856719255766309,48
2952,1,5887,2353,3534,0,0,0,1.0,1,1.0,1,1.0,1,0.21017048077326528,46
2953,0,5887,2353,3534,0,0,0,1.0,1,1.0,1,1.0,1,0.21017048077326528,46
2954,1,5888,2353,3535,0,0,0,1.0,1,1.0,1,1.0,1,0.19921137259452715,48
2955,0,5888,2353,3535,0,0,0,1.0,1,1.0,1,1.0,1,0.19921137259452715,48
2956,1,5889,2353,3536,0,0,0,1.0,1,1.0,1,1.0,1,0.21844096654657508,47
2957,1,5890,2354,3536,0,0,0,1.0,1,1.0,1,1.0,1,0.24964892392584462,48
2958,1,5891,2354,3537,0,0,0,1.0,1,1.0,1,1.0,1,0.24325936130280834,49
2959,5,5896,2356,3540,0,0,0,1.0,1,1.0,1,1.0,1,0.2562091701422066,49
2960,4,5900,2356,3544,0,0,0,1.0,1,1.0,1,1.0,1,0.23988379974734972,49
2961,3,5903,2357,3546,0,0,0,1.0,1,1.0,1,1.0,1,0.1993874299652965,51
2962,1,5904,2357,3547,0,0,0,1.0,1,1.0,1,1.0,1,0.19826635851900454,51
2963,3,5907,2358,3549,0,0,0,1.0,1,1.0,1,1.0,1,0.18346512180216112,51
2964,5,5912,2359,3553,0,0,0,1.0,1,1.0,1,1.0,1,0.17930931754540064,52
2965,2,5914,2359,3555,0,0,0,1.0,1,1.0,1,1.0,1,0.19236840068127764,53
2966,3,5917,2361,3556,0,0,0,1.0,1,1.0,1,1.0,1,0.22764129985853723,53
2967,3,5920,2361,3559,0,0,0,1.0,1,1.0,1,1.0,1,0.2229728958429268,53
2968,3,5923,2361,3562,0,0,0,1.0,1,1.0,1,1.0,1,0.21666114949366116,54
2969,2,5925,2362,3563,0,0,0,1.0,1,1.0,1,1.0,1,0.23106349261809955,55
2970,2,5927,2362,3565,0,0,0,1.0,1,1.0,1,1.0,1,0.23106349261809955,55
2971,3,5930,2362,3568,0,0,0,1.0,1,1.0,1,1.0,1,0.20301545515996447,55
2972,1,5931,2362,3569,0,0,0,1.0,1,1.0,1,1.0,1,0.21349375357866307,55
2973,2,5933,2362,3571,0,0,0,1.0,1,1.0,1,1.0,1,0.1848770540107519,55
2974,5,5938,2363,3575,0,0,0,1.0,1,1.0,1,1.0,1,0.18341186477124582,56
2975,4,5942,2363,3579,0,0,0,1.0,1,1.0,1,1.0,1,0.18072075166150955,55
2976,3,5945,2363,3582,0,0,0,1.0,1,1.0,1,1.0,1,0.1498926235894316,57
2977,1,5946,2363,3583,0,0,0,1.0,1,1.0,1,1.0,1,0.14364974322744675,59
2978,2,5948,2363,3585,0,0,0,1.0,1,1.0,1,1.0,1,0.13862044987315134,59
2979,0,5948,2363,3585,0,0,0,1.0,1,1.0,1,1.0,1,0.13862044987315134,59
2980,1,5949,2364,3585,0,0,0,1.0,1,1.0,1,1.0,1,0.14875869895261512,59
2981,5,5954,2365,3589,0,0,0,1.0,1,1.0,1,1.0,1,0.16630494662962256,59
2982,2,5956,2365,3591,0,0,0,1.0,1,1.0,1,1.0,1,0.1802655436061788,61
2983,9,5965,2368,3597,0,0,0,1.0,1,1.0,1,1.0,1,0.18538317104009608,61
2984,7,5972,2371,3601,0,0,0,1.0,1,1.0,1,1.0,1,0.22068604129091732,61
2985,10,5982,2376,3606,0,0,0,1.0,1,1.0,1,1.0,1,0.30225558691589444,57
2986,9,5991,2380,3611,0,0,0,1.0,1,1.0,1,1.0,1,0.30852998200665716,58
2987,10,6001,2381,3620,0,0,0,1.0,1,1.0,1,1.0,1,0.2548493892517761,56
2988,9,6010,2382,3628,0,0,0,1.0,1,1.0,1,1.0,1,0.21968713133913656,55
2989,9,6019,2386,3633,0,0,0,1.0,1,1.0,1,1.0,1,0.22384752094039087,53
2990,4,6023,2387,3636,0,0,0,1.0,1,1.0,1,1.0,1,0.22130195389591126,52
2991,1,6024,2387,3637,0,0,0,1.0,1,1.0,1,1.0,1,0.22402600198770467,54
2992,2,6026,2388,3638,0,0,0,1.0,1,1.0,1,1.0,1,0.2496056638370328,55
2993,3,6029,2390,3639,0,0,0,1.0,1,1.0,1,1.0,1,0.26601629265710075,53
2994,4,6033,2392,3641,0,0,0,1.0,1,1.0,1,1.0,1,0.28317066594514806,53
2995,3,6036,2392,3644,0,0,0,1.0,1,1.0,1,1.0,1,0.2781098766574115,51
2996,2,6038,2392,3646,0,0,0,1.0,1,1.0,1,1.0,1,0.2888994772048498,52
2997,4,6042,2393,3649,0,0,0,1.0,1,1.0,1,1.0,1,0.32520309658475643,50
2998,5,6047,2393,3654,0,0,0,1.0,1,1.0,1,1.0,1,0.3093227768395274,51
2999,4,6051,2393,3658,0,0,0,1.0,1,1.0,1,1.0,1,0.2973201823093929,48
3000,3,6054,2394,3660,0,0,0,1.0,1,1.0,1,1.0,1,0.32886064521810443,48
3001,5,6059,2394,3665,0,0,0,1.0,1,1.0,1,1.0,1,0.23103609586005935,49
3002,2,6061,2395,3666,0,0,0,1.0,1,1.0,1,1.0,1,0.2275360678666709,50
3003,0,6061,2395,3666,0,0,0,1.0,1,1.0,1,1.0,1,0.2275360678666709,50
3004,2,6063,2396,3667,0,0,0,1.0,1,1.0,1,1.0,1,0.21519034807395365,51
3005,1,6064,2396,3668,0,0,0,1.0,1,1.0,1,1.0,1,0.19988539950385578,50
3006,3,6067,2396,3671,0,0,0,1.0,1,1.0,1,1.0,1,0.16987836220843824,51
3007,0,6067,2396,3671,0,0,0,1.0,1,1.0,1,1.0,1,0.1982260448660169,51
3008,1,6068,2396,3672,0,0,0,1.0,1,1.0,1,1.0,1,0.18162759554820246,53
3009,1,6069,2396,3673,0,0,0,1.0,1,1.0,1,1.0,1,0.19769689125502793,52
3010,0,6069,2396,3673,0,0,0,1.0,1,1.0,1,1.0,1,0.19769689125502793,52
3011,2,6071,2396,3675,0,0,0,1.0,1,1.0,1,1.0,1,0.16194750190562768,51
3012,2,6073,2398,3675,0,0,0,1.0,1,1.0,1,1.0,1,0.20766763974594768,54
3013,3,6076,2401,3675,0,0,0,1.0,1,1.0,1,1.0,1,0.19449726649798332,52
3014,1,6077,2401,3676,0,0,0,1.0,1,1.0,1,1.0,1,0.1543458489560947,51
3015,2,6079,2402,3677,0,0,0,1.0,1,1.0,1,1.0,1,0.1351648845378741,50
3016,3,6082,2405,3677,0,0,0,1.0,1,1.0,1,1.0,1,0.1693375036288618,50
3017,4,6086,2409,3677,0,0,0,1.0,1,1.0,1,1.0,1,0.22282204240380077,48
3018,1,6087,2410,3677,0,0,0,1.0,1,1.0,1,1.0,1,0.19325781442713022,48
3019,3,6090,2412,3678,0,0,0,1.0,1,1.0,1,1.0,1,0.20247238255206593,47
3020,1,6091,2413,3678,0,0,0,1.0,1,1.0,1,1.0,1,0.20049860439720438,47
3021,3,6094,2416,3678,0,0,0,1.0,1,1.0,1,1.0,1,0.21707698876514947,46
3022,6,6100,2420,3680,0,0,0,1.0,1,1.0,1,1.0,1,0.2121252376414715,45
3023,1,6101,2421,3680,0,0,0,1.0,1,1.0,1,1.0,1,0.20743364798307948,41
3024,3,6104,2424,3680,0,0,0,1.0,1,1.0,1,1.0,1,0.3000737485630398,43
3025,1,6105,2425,3680,0,0,0,1.0,1,1.0,1,1.0,1,0.27994192799436235,39
3026,4,6109,2426,3683,0,0,0,1.0,1,1.0,1,1.0,1,0.22443232649369613,38
3027,3,6112,2428,3684,0,0,0,1.0,1,1.0,1,1.0,1,0.241945430832682,38
3028,1,6113,2428,3685,0,0,0,1.0,1,1.0,1,1.0,1,0.23300679642217337,38
3029,1,6114,2428,3686,0,0,0,1.0,1,1.0,1,1.0,1,0.18261584176302847,37
3030,0,6114,2428,3686,0,0,0,1.0,1,1.0,1,1.0,1,0.1962513264796823,38
3031,2,6116,2429,3687,0,0,0,1.0,1,1.0,1,1.0,1,0.19458768557075656,39
3032,1,6117,2430,3687,0,0,0,1.0,1,1.0,1,1.0,1,0.2148462211182219,39
3033,1,6118,2430,3688,0,0,0,1.0,1,1.0,1,1.0,1,0.19500378039577868,39
3034,0,6118,2430,3688,0,0,0,1.0,1,1.0,1,1.0,1,0.20987053742107736,38
3035,2,6120,2432,3688,0,0,0,1.0,1,1.0,1,1.0,1,0.2569252066582743,39
3036,2,6122,2432,3690,0,0,0,1.0,1,1.0,1,1.0,1,0.22685358659886407,39
3037,0,6122,2432,3690,0,0,0,1.0,1,1.0,1,1.0,1,0.2532253116158869,39
3038,1,6123,2433,3690,0,0,0,1.0,1,1.0,1,1.0,1,0.24706332555633448,40
3039,2,6125,2434,3691,0,0,0,1.0,1,1.0,1,1.0,1,0.25149012349918803,41
3040,2,6127,2436,3691,0,0,0,1.0,1,1.0,1,1.0,1,0.2750057009880267,42
3041,5,6132,2437,3695,0,0,0,1.0,1,1.0,1,1.0,1,0.3129771310681825,43
3042,10,6142,2439,3703,0,0,0,1.0,1,1.0,1,1.0,1,0.2337627994329003,45
3043,6,6148,2441,3707,0,0,0,1.0,1,1.0,1,1.0,1,0.20805509270523787,45
3044,4,6152,2443,3709,0,0,0,1.0,1,1.0,1,1.0,1,0.24025707932807286,45
3045,6,6158,2445,3713,0,0,0,1.0,1,1.0,1,1.0,1,0.2751396905883727,45
3046,5,6163,2445,3718,0,0,0,1.0,1,1.0,1,1.0,1,0.27696989528509863,46
3047,8,6171,2445,3726,0,0,0,1.0,1,1.0,1,1.0,1,0.28379638370840227,46
3048,7,6178,2445,3733,0,0,0,1.0,1,1.0,1,1.0,1,0.2883594841422541,49
3049,9,6187,2445,3742,0,0,0,1.0,1,1.0,1,1.0,1,0.24172854788504836,50
3050,6,6193,2445,3748,0,0,0,1.0,1,1.0,1,1.0,1,0.24172854788504836,50
3051,4,6197,2446,3751,0,0,0,1.0,1,1.0,1,1.0,1,0.1867464134739247,50
3052,1,6198,2447,3751,0,0,0,1.0,1,1.0,1,1.0,1,0.2268602829012321,50
3053,2,6200,2449,3751,0,0,0,1.0,1,1.0,1,1.0,1,0.21779630647007817,49
3054,1,6201,2450,3751,0,0,0,1.0,1,1.0,1,1.0,1,0.25188306541989053,47
3055,4,6205,2451,3754,0,0,0,1.0,1,1.0,1,1.0,1,0.24566033457615236,48
3056,2,6207,2452,3755,0,0,0,1.0,1,1.0,1,1.0,1,0.26281355455347516,47
3057,2,6209,2453,3756,0,0,0,1.0,1,1.0,1,1.0,1,0.2903211006492106,48
3058,1,6210,2453,3757,0,0,0,1.0,1,1.0,1,1.0,1,0.2566037344477129,46
3059,1,6211,2453,3758,0,0,0,1.0,1,1.0,1,1.0,1,0.2424657074718374,44
3060,0,6211,2453,3758,0,0,0,1.0,1,1.0,1,1.0,1,0.24277521166341498,44
3061,1,6212,2454,3758,0,0,0,1.0,1,1.0,1,1.0,1,0.24787811972773965,42
3062,2,6214,2456,3758,0,0,0,1.0,1,1.0,1,1.0,1,0.2907357659714206,42
3063,4,6218,2459,3759,0,0,0,1.0,1,1.0,1,1.0,1,0.31227904041047644,41
3064,4,6222,2463,3759,0,0,0,1.0,1,1.0,1,1.0,1,0.3258738047744167,42
3065,1,6223,2464,3759,0,0,0,1.0,1,1.0,1,1.0,1,0.3057647622749869,40
3066,3,6226,2467,3759,0,0,0,1.0,1,1.0,1,1.0,1,0.29387405589899923,42
3067,1,6227,2468,3759,0,0,0,1.0,1,1.0,1,1.0,1,0.2638939808762558,40
3068,1,6228,2469,3759,0,0,0,1.0,1,1.0,1,1.0,1,0.2621639426549176,39
3069,1,6229,2470,3759,0,0,0,1.0,1,1.0,1,1.0,1,0.3112693473381735,38
3070,1,6230,2470,3760,0,0,0,1.0,1,1.0,1,1.0,1,0.2978529261687967,39
3071,0,6230,2470,3760,0,0,0,1.0,1,1.0,1,1.0,1,0.32307652544882315,39
3072,4,6234,2474,3760,0,0,0,1.0,1,1.0,1,1.0,1,0.3926217192114959,40
3073,6,6240,2475,3765,0,0,0,1.0,1,1.0,1,1.0,1,0.3220667210000405,38
3074,0,6240,2475,3765,0,0,0,1.0,1,1.0,1,1.0,1,0.2879111430223157,38
3075,2,6242,2476,3766,0,0,0,1.0,1,1.0,1,1.0,1,0.27555566271125487,41
3076,4,6246,2476,3770,0,0,0,1.0,1,1.0,1,1.0,1,0.16597633703488662,42
3077,3,6249,2478,3771,0,0,0,1.0,1,1.0,1,1.0,1,0.15215734994614571,42
3078,2,6251,2478,3773,0,0,0,1.0,1,1.0,1,1.0,1,0.15576543140201,42
3079,0,6251,2478,3773,0,0,0,1.0,1,1.0,1,1.0,1,0.15576543140201,42
3080,0,6251,2478,3773,0,0,0,1.0,1,1.0,1,1.0,1,0.16094034079705694,43
3081,1,6252,2478,3774,0,0,0,1.0,1,1.0,1,1.0,1,0.16106734562180786,44
3082,2,6254,2478,3776,0,0,0,1.0,1,1.0,1,1.0,1,0.18027912587540618,45
3083,2,6256,2478,3778,0,0,0,1.0,1,1.0,1,1.0,1,0.18027912587540618,45
3084,5,6261,2480,3781,0,0,0,1.0,1,1.0,1,1.0,1,0.21940900022061582,45
3085,3,6264,2481,3783,0,0,0,1.0,1,1.0,1,1.0,1,0.2523224097344724,46
3086,2,6266,2481,3785,0,0,0,1.0,1,1.0,1,1.0,1,0.24829811395816606,46
3087,3,6269,2482,3787,0,0,0,1.0,1,1.0,1,1.0,1,0.2680987762004775,47
3088,4,6273,2483,3790,0,0,0,1.0,1,1.0,1,1.0,1,0.29389517007424587,48
3089,1,6274,2483,3791,0,0,0,1.0,1,1.0,1,1.0,1,0.2674610789031071,46
3090,2,6276,2483,3793,0,0,0,1.0,1,1.0,1,1.0,1,0.2813522431192279,46
3091,4,6280,2483,3797,0,0,0,1.0,1,1.0,1,1.0,1,0.25227656753461486,46
3092,5,6285,2485,3800,0,0,0,1.0,1,1.0,1,1.0,1,0.27149635151404106,47
3093,4,6289,2486,3803,0,0,0,1.0,1,1.0,1,1.0,1,0.29134131880188047,47
3094,4,6293,2486,3807,0,0,0,1.0,1,1.0,1,1.0,1,0.24443813077731752,45
3095,7,6300,2487,3813,0,0,0,1.0,1,1.0,1,1.0,1,0.22396197779689694,46
3096,6,6306,2487,3819,0,0,0,1.0,1,1.0,1,1.0,1,0.25142574652268057,46
3097,6,6312,2489,3823,0,0,0,1.0,1,1.0,1,1.0,1,0.21449748299561938,47
3098,3,6315,2489,3826,0,0,0,1.0,1,1.0,1,1.0,1,0.21347629426647538,47
3099,2,6317,2489,3828,0,0,0,1.0,1,1.0,1,1.0,1,0.21035007341745832,47
3100,0,6317,2489,3828,0,0,0,1.0,1,1.0,1,1.0,1,0.21035007341745832,47
3101,5,6322,2489,3833,0,0,0,1.0,1,1.0,1,1.0,1,0.12133257766349465,48
3102,0,6322,2489,3833,0,0,0,1.0,1,1.0,1,1.0,1,0.12133257766349465,48
3103,0,6322,2489,3833,0,0,0,1.0,1,1.0,1,1.0,1,0.13347787173806258,49
3104,1,6323,2490,3833,0,0,0,1.0,1,1.0,1,1.0,1,0.12702286204159516,48
3105,0,6323,2490,3833,0,0,0,1.0,1,1.0,1,1.0,1,0.15334842352077518,45
3106,3,6326,2493,3833,0,0,0,1.0,1,1.0,1,1.0,1,0.2227012472545521,46
3107,2,6328,2493,3835,0,0,0,1.0,1,1.0,1,1.0,1,0.19077830001186924,44
3108,2,6330,2494,3836,0,0,0,1.0,1,1.0,1,1.0,1,0.1855241354600668,45
3109,0,6330,2494,3836,0,0,0,1.0,1,1.0,1,1.0,1,0.18800778154858805,44
3110,4,6334,2496,3838,0,0,0,1.0,1,1.0,1,1.0,1,0.20726509804416154,46
3111,2,6336,2497,3839,0,0,0,1.0,1,1.0,1,1.0,1,0.1999577295426978,46
3112,0,6336,2497,3839,0,0,0,1.0,1,1.0,1,1.0,1,0.21312205211783597,47
3113,1,6337,2498,3839,0,0,0,1.0,1,1.0,1,1.0,1,0.19951963088983835,48
3114,0,6337,2498,3839,0,0,0,1.0,1,1.0,1,1.0,1,0.20835926776520536,48
3115,0,6337,2498,3839,0,0,0,1.0,1,1.0,1,1.0,1,0.22686863000540014,49
3116,0,6337,2498,3839,0,0,0,1.0,1,1.0,1,1.0,1,0.25520856537803366,48
3117,3,6340,2499,3841,0,0,0,1.0,1,1.0,1,1.0,1,0.2847839584571921,49
3118,1,6341,2499,3842,0,0,0,1.0,1,1.0,1,1.0,1,0.2911193275499756,50
3119,0,6341,2499,3842,0,0,0,1.0,1,1.0,1,1.0,1,0.2911193275499756,50
3120,3,6344,2500,3844,0,0,0,1.0,1,1.0,1,1.0,1,0.3033527511862931,50
3121,2,6346,2501,3845,0,0,0,1.0,1,1.0,1,1.0,1,0.28918533301254534,50
3122,0,6346,2501,3845,0,0,0,1.0,1,1.0,1,1.0,1,0.28918533301254534,50
3123,2,6348,2503,3845,0,0,0,1.0,1,1.0,1,1.0,1,0.2870662791409504,51
3124,4,6352,2504,3848,0,0,0,1.0,1,1.0,1,1.0,1,0.27633394973761,51
3125,3,6355,2505,3850,0,0,0,1.0,1,1.0,1,1.0,1,0.29578642972531916,51
3126,4,6359,2506,3853,0,0,0,1.0,1,1.0,1,1.0,1,0.2534491103657964,54
3127,2,6361,2507,3854,0,0,0,1.0,1,1.0,1,1.0,1,0.2823027616541475,53
3128,1,6362,2508,3854,0,0,0,1.0,1,1.0,1,1.0,1,0.2848318824412172,52
3129,1,6363,2509,3854,0,0,0,1.0,1,1.0,1,1.0,1,0.2833748614580901,51
3130,0,6363,2509,3854,0,0,0,1.0,1,1.0,1,1.0,1,0.2901206724851592,50
3131,3,6366,2510,3856,0,0,0,1.0,1,1.0,1,1.0,1,0.2654514777177748,50
3132,0,6366,2510,3856,0,0,0,1.0,1,1.0,1,1.0,1,0.25666239911463423,49
3133,2,6368,2510,3858,0,0,0,1.0,1,1.0,1,1.0,1,0.2239709004536356,49
3134,0,6368,2510,3858,0,0,0,1.0,1,1.0,1,1.0,1,0.23995006251339587,46
3135,2,6370,2512,3858,0,0,0,1.0,1,1.0,1,1.0,1,0.2844768377784572,47
3136,4,6374,2512,3862,0,0,0,1.0,1,1.0,1,1.0,1,0.20021610549125796,46
3137,0,6374,2512,3862,0,0,0,1.0,1,1.0,1,1.0,1,0.2035810659421861,49
3138,0,6374,2512,3862,0,0,0,1.0,1,1.0,1,1.0,1,0.2035810659421861,49
3139,3,6377,2514,3863,0,0,0,1.0,1,1.0,1,1.0,1,0.25932711973791417,50
3140,5,6382,2515,3867,0,0,0,1.0,1,1.0,1,1.0,1,0.29213628497770694,51
3141,1,6383,2516,3867,0,0,0,1.0,1,1.0,1,1.0,1,0.3193423216266532,50
3142,2,6385,2516,3869,0,0,0,1.0,1,1.0,1,1.0,1,0.32154237887855486,50
3143,2,6387,2516,3871,0,0,0,1.0,1,1.0,1,1.0,1,0.33660681347021926,49
3144,3,6390,2517,3873,0,0,0,1.0,1,1.0,1,1.0,1,0.3508395468796186,49
3145,3,6393,2518,3875,0,0,0,1.0,1,1.0,1,1.0,1,0.34110852204104114,48
3146,2,6395,2519,3876,0,0,0,1.0,1,1.0,1,1.0,1,0.3497120213275026,49
3147,6,6401,2520,3881,0,0,0,1.0,1,1.0,1,1.0,1,0.33006623819918135,48
3148,2,6403,2520,3883,0,0,0,1.0,1,1.0,1,1.0,1,0.3070561405729423,48
3149,2,6405,2521,3884,0,0,0,1.0,1,1.0,1,1.0,1,0.3069751981967299,47
3150,0,6405,2521,3884,0,0,0,1.0,1,1.0,1,1.0,1,0.3069751981967299,47
3151,6,6411,2522,3889,0,0,0,1.0,1,1.0,1,1.0,1,0.25063916170630074,48
3152,0,6411,2522,3889,0,0,0,1.0,1,1.0,1,1.0,1,0.25041507875595764,47
3153,1,6412,2522,3890,0,0,0,1.0,1,1.0,1,1.0,1,0.2410366703108083,47
3154,3,6415,2524,3891,0,0,0,1.0,1,1.0,1,1.0,1,0.24272728776586394,48
3155,1,6416,2524,3892,0,0,0,1.0,1,1.0,1,1.0,1,0.2345917478429356,48
3156,0,6416,2524,3892,0,0,0,1.0,1,1.0,1,1.0,1,0.22824411581780293,48
3157,1,6417,2524,3893,0,0,0,1.0,1,1.0,1,1.0,1,0.24596270379164922,48
3158,0,6417,2524,3893,0,0,0,1.0,1,1.0,1,1.0,1,0.24596270379164922,48
3159,1,6418,2524,3894,0,0,0,1.0,1,1.0,1,1.0,1,0.2224822077995479,49
3160,1,6419,2524,3895,0,0,0,1.0,1,1.0,1,1.0,1,0.22357656535647236,51
3161,0,6419,2524,3895,0,0,0,1.0,1,1.0,1,1.0,1,0.20942477451347077,52
3162,4,6423,2527,3896,0,0,0,1.0,1,1.0,1,1.0,1,0.22167164502252426,51
3163,1,6424,2527,3897,0,0,0,1.0,1,1.0,1,1.0,1,0.187490282610838,51
3164,4,6428,2528,3900,0,0,0,1.0,1,1.0,1,1.0,1,0.20644161601193967,52
3165,3,6431,2529,3902,0,0,0,1.0,1,1.0,1,1.0,1,0.21775167053725572,50
3166,0,6431,2529,3902,0,0,0,1.0,1,1.0,1,1.0,1,0.21775167053725572,50
3167,2,6433,2530,3903,0,0,0,1.0,1,1.0,1,1.0,1,0.17062750780083594,49
3168,2,6435,2531,3904,0,0,0,1.0,1,1.0,1,1.0,1,0.17533265256601113,47
3169,1,6436,2532,3904,0,0,0,1.0,1,1.0,1,1.0,1,0.19288018166246979,48
3170,1,6437,2532,3905,0,0,0,1.0,1,1.0,1,1.0,1,0.18930155126351958,47
3171,0,6437,2532,3905,0,0,0,1.0,1,1.0,1,1.0,1,0.20835181144400394,47
3172,1,6438,2533,3905,0,0,0,1.0,1,1.0,1,1.0,1,0.2493092886206207,46
3173,0,6438,2533,3905,0,0,0,1.0,1,1.0,1,1.0,1,0.22407970797246524,45
3174,3,6441,2535,3906,0,0,0,1.0,1,1.0,1,1.0,1,0.3279824567332015,43
3175,5,6446,2538,3908,0,0,0,1.0,1,1.0,1,1.0,1,0.2772713582451712,43
3176,3,6449,2538,3911,0,0,0,1.0,1,1.0,1,1.0,1,0.21733210065828726,44
3177,3,6452,2539,3913,0,0,0,1.0,1,1.0,1,1.0,1,0.21212051045332914,44
3178,4,6456,2541,3915,0,0,0,1.0,1,1.0,1,1.0,1,0.13766130666803544,47
3179,1,6457,2542,3915,0,0,0,1.0,1,1.0,1,1.0,1,0.16371365819608624,48
3180,2,6459,2543,3916,0,0,0,1.0,1,1.0,1,1.0,1,0.14267591211032088,48
3181,0,6459,2543,3916,0,0,0,1.0,1,1.0,1,1.0,1,0.14267591211032088,48
3182,0,6459,2543,3916,0,0,0,1.0,1,1.0,1,1.0,1,0.1633315846574199,51
3183,0,6459,2543,3916,0,0,0,1.0,1,1.0,1,1.0,1,0.15961764577455892,50
3184,2,6461,2545,3916,0,0,0,1.0,1,1.0,1,1.0,1,0.22047529423889015,50
3185,1,6462,2545,3917,0,0,0,1.0,1,1.0,1,1.0,1,0.2217646426112185,48
3186,3,6465,2547,3918,0,0,0,1.0,1,1.0,1,1.0,1,0.23790359572880443,48
3187,3,6468,2547,3921,0,0,0,1.0,1,1.0,1,1.0,1,0.18851073205311694,48
3188,2,6470,2548,3922,0,0,0,1.0,1,1.0,1,1.0,1,0.18285435942521788,48
3189,1,6471,2548,3923,0,0,0,1.0,1,1.0,1,1.0,1,0.1986795144461596,49
3190,0,6471,2548,3923,0,0,0,1.0,1,1.0,1,1.0,1,0.22171038178331753,51
3191,1,6472,2548,3924,0,0,0,1.0,1,1.0,1,1.0,1,0.20704736149127156,52
3192,1,6473,2549,3924,0,0,0,1.0,1,1.0,1,1.0,1,0.2020366690075183,52
3193,1,6474,2549,3925,0,0,0,1.0,1,1.0,1,1.0,1,0.17134525913972312,52
3194,2,6476,2549,3927,0,0,0,1.0,1,1.0,1,1.0,1,0.15368646710564315,54
3195,0,6476,2549,3927,0,0,0,1.0,1,1.0,1,1.0,1,0.15368646710564315,54
3196,0,6476,2549,3927,0,0,0,1.0,1,1.0,1,1.0,1,0.15368646710564315,54
3197,1,6477,2549,3928,0,0,0,1.0,1,1.0,1,1.0,1,0.17375717485275916,54
3198,2,6479,2550,3929,0,0,0,1.0,1,1.0,1,1.0,1,0.16000510332009926,54
3199,1,6480,2551,3929,0,0,0,1.0,1,1.0,1,1.0,1,0.13609043540979393,56
3200,3,6483,2553,3930,0,0,0,1.0,1,1.0,1,1.0,1,0.19016767387793634,56
3201,3,6486,2554,3932,0,0,0,1.0,1,1.0,1,1.0,1,0.18872075824204435,56
3202,2,6488,2555,3933,0,0,0,1.0,1,1.0,1,1.0,1,0.21358216833616878,57
3203,0,6488,2555,3933,0,0,0,1.0,1,1.0,1,1.0,1,0.21337733543766657,56
3204,5,6493,2559,3934,0,0,0,1.0,1,1.0,1,1.0,1,0.24931943605605725,55
3205,0,6493,2559,3934,0,0,0,1.0,1,1.0,1,1.0,1,0.2560523074262237,54
3206,4,6497,2561,3936,0,0,0,1.0,1,1.0,1,1.0,1,0.2510755874549919,56
3207,3,6500,2562,3938,0,0,0,1.0,1,1.0,1,1.0,1,0.2501947042226157,54
3208,1,6501,2563,3938,0,0,0,1.0,1,1.0,1,1.0,1,0.262345258527456,53
3209,0,6501,2563,3938,0,0,0,1.0,1,1.0,1,1.0,1,0.25759522392452144,54
3210,1,6502,2564,3938,0,0,0,1.0,1,1.0,1,1.0,1,0.2673942238316896,53
3211,2,6504,2565,3939,0,0,0,1.0,1,1.0,1,1.0,1,0.2731259237827583,53
3212,0,6504,2565,3939,0,0,0,1.0,1,1.0,1,1.0,1,0.2735926063132906,54
3213,0,6504,2565,3939,0,0,0,1.0,1,1.0,1,1.0,1,0.28212407389824684,54
3214,1,6505,2565,3940,0,0,0,1.0,1,1.0,1,1.0,1,0.3073663829132317,55
3215,1,6506,2565,3941,0,0,0,1.0,1,1.0,1,1.0,1,0.31215254374149065,55
3216,1,6507,2565,3942,0,0,0,1.0,1,1.0,1,1.0,1,0.30684642090161846,55
3217,3,6510,2568,3942,0,0,0,1.0,1,1.0,1,1.0,1,0.3327174041904606,54
3218,0,6510,2568,3942,0,0,0,1.0,1,1.0,1,1.0,1,0.3327174041904606,54
3219,0,6510,2568,3942,0,0,0,1.0,1,1.0,1,1.0,1,0.32740701423557006,55
3220,0,6510,2568,3942,0,0,0,1.0,1,1.0,1,1.0,1,0.3013438487940361,56
3221,1,6511,2568,3943,0,0,0,1.0,1,1.0,1,1.0,1,0.31044309758142635,57
3222,3,6514,2569,3945,0,0,0,1.0,1,1.0,1,1.0,1,0.3095118213662146,57
3223,4,6518,2571,3947,0,0,0,1.0,1,1.0,1,1.0,1,0.334539533383509,56
3224,5,6523,2574,3949,0,0,0,1.0,1,1.0,1,1.0,1,0.32888213772887737,58
3225,1,6524,2574,3950,0,0,0,1.0,1,1.0,1,1.0,1,0.3152078690432115,55
3226,5,6529,2577,3952,0,0,0,1.0,1,1.0,1,1.0,1,0.31248761922036383,54
3227,1,6530,2577,3953,0,0,0,1.0,1,1.0,1,1.0,1,0.2709709882865956,53
3228,1,6531,2578,3953,0,0,0,1.0,1,1.0,1,1.0,1,0.3108506272955826,52
3229,5,6536,2581,3955,0,0,0,1.0,1,1.0,1,1.0,1,0.33845499398118317,52
3230,1,6537,2582,3955,0,0,0,1.0,1,1.0,1,1.0,1,0.307028875680053,50
3231,0,6537,2582,3955,0,0,0,1.0,1,1.0,1,1.0,1,0.307028875680053,50
3232,4,6541,2585,3956,0,0,0,1.0,1,1.0,1,1.0,1,0.29411244672353165,50
3233,2,6543,2586,3957,0,0,0,1.0,1,1.0,1,1.0,1,0.31056962791231385,50
3234,3,6546,2588,3958,0,0,0,1.0,1,1.0,1,1.0,1,0.28553030224593323,49
3235,2,6548,2590,3958,0,0,0,1.0,1,1.0,1,1.0,1,0.2856530712120293,49
3236,2,6550,2591,3959,0,0,0,1.0,1,1.0,1,1.0,1,0.2932324807430281,51
3237,2,6552,2592,3960,0,0,0,1.0,1,1.0,1,1.0,1,0.30317156630400527,53
3238,2,6554,2593,3961,0,0,0,1.0,1,1.0,1,1.0,1,0.30546513135222825,53
3239,0,6554,2593,3961,0,0,0,1.0,1,1.0,1,1.0,1,0.30546513135222825,53
3240,1,6555,2593,3962,0,0,0,1.0,1,1.0,1,1.0,1,0.3132684573247457,53
3241,3,6558,2593,3965,0,0,0,1.0,1,1.0,1,1.0,1,0.2685522301953908,53
3242,0,6558,2593,3965,0,0,0,1.0,1,1.0,1,1.0,1,0.2685522301953908,53
3243,0,6558,2593,3965,0,0,0,1.0,1,1.0,1,1.0,1,0.26568488570020127,56
3244,0,6558,2593,3965,0,0,0,1.0,1,1.0,1,1.0,1,0.2758165731732821,57
3245,2,6560,2593,3967,0,0,0,1.0,1,1.0,1,1.0,1,0.2574208897427602,59
3246,1,6561,2593,3968,0,0,0,1.0,1,1.0,1,1.0,1,0.24588386018182945,59
3247,1,6562,2594,3968,0,0,0,1.0,1,1.0,1,1.0,1,0.25937941225001737,59
3248,2,6564,2595,3969,0,0,0,1.0,1,1.0,1,1.0,1,0.24376599528824294,59
3249,0,6564,2595,3969,0,0,0,1.0,1,1.0,1,1.0,1,0.27672775902972857,58
3250,1,6565,2596,3969,0,0,0,1.0,1,1.0,1,1.0,1,0.2736973897440647,58
3251,1,6566,2597,3969,0,0,0,1.0,1,1.0,1,1.0,1,0.29953900845365616,57
3252,2,6568,2598,3970,0,0,0,1.0,1,1.0,1,1.0,1,0.28459307928304906,57
3253,1,6569,2598,3971,0,0,0,1.0,1,1.0,1,1.0,1,0.2890207686578189,56
3254,2,6571,2598,3973,0,0,0,1.0,1,1.0,1,1.0,1,0.2616284854482976,57
3255,1,6572,2599,3973,0,0,0,1.0,1,1.0,1,1.0,1,0.27209137598462557,57
3256,0,6572,2599,3973,0,0,0,1.0,1,1.0,1,1.0,1,0.27209137598462557,57
3257,3,6575,2599,3976,0,0,0,1.0,1,1.0,1,1.0,1,0.22138071755429034,57
3258,0,6575,2599,3976,0,0,0,1.0,1,1.0,1,1.0,1,0.2287731133454999,58
3259,3,6578,2600,3978,0,0,0,1.0,1,1.0,1,1.0,1,0.2214772749647366,59
3260,3,6581,2600,3981,0,0,0,1.0,1,1.0,1,1.0,1,0.19539978570163766,60
3261,5,6586,2603,3983,0,0,0,1.0,1,1.0,1,1.0,1,0.19214370963402796,60
3262,3,6589,2605,3984,0,0,0,1.0,1,1.0,1,1.0,1,0.18892812628187408,61
3263,6,6595,2611,3984,0,0,0,1.0,1,1.0,1,1.0,1,0.1809861268764184,62
3264,2,6597,2613,3984,0,0,0,1.0,1,1.0,1,1.0,1,0.1677800544930895,60
3265,3,6600,2616,3984,0,0,0,1.0,1,1.0,1,1.0,1,0.19631216823797318,58
3266,8,6608,2620,3988,0,0,0,1.0,1,1.0,1,1.0,1,0.17724976762257758,59
3267,3,6611,2622,3989,0,0,0,1.0,1,1.0,1,1.0,1,0.17629072058984327,60
3268,5,6616,2625,3991,0,0,0,1.0,1,1.0,1,1.0,1,0.19941274714163346,58
3269,0,6616,2625,3991,0,0,0,1.0,1,1.0,1,1.0,1,0.18796757797952934,57
3270,1,6617,2626,3991,0,0,0,1.0,1,1.0,1,1.0,1,0.17583917475607017,56
3271,0,6617,2626,3991,0,0,0,1.0,1,1.0,1,1.0,1,0.16719482043174358,55
3272,1,6618,2626,3992,0,0,0,1.0,1,1.0,1,1.0,1,0.16931151231168007,55
3273,3,6621,2628,3993,0,0,0,1.0,1,1.0,1,1.0,1,0.20301917830878854,55
3274,0,6621,2628,3993,0,0,0,1.0,1,1.0,1,1.0,1,0.17590822646278673,55
3275,0,6621,2628,3993,0,0,0,1.0,1,1.0,1,1.0,1,0.17590822646278673,55
3276,3,6624,2629,3995,0,0,0,1.0,1,1.0,1,1.0,1,0.11795638460769604,55
3277,1,6625,2630,3995,0,0,0,1.0,1,1.0,1,1.0,1,0.12848395378142677,57
3278,0,6625,2630,3995,0,0,0,1.0,1,1.0,1,1.0,1,0.13573307928905654,56
3279,2,6627,2631,3996,0,0,0,1.0,1,1.0,1,1.0,1,0.1438221334343784,54
3280,2,6629,2633,3996,0,0,0,1.0,1,1.0,1,1.0,1,0.16228031673334906,53
3281,1,6630,2634,3996,0,0,0,1.0,1,1.0,1,1.0,1,0.16070361758645788,52
3282,1,6631,2635,3996,0,0,0,1.0,1,1.0,1,1.0,1,0.1830662696767878,50
3283,3,6634,2638,3996,0,0,0,1.0,1,1.0,1,1.0,1,0.21215398870004662,50
3284,4,6638,2641,3997,0,0,0,1.0,1,1.0,1,1.0,1,0.27035702901167663,47
3285,1,6639,2642,3997,0,0,0,1.0,1,1.0,1,1.0,1,0.2665929111883876,48
3286,3,6642,2643,3999,0,0,0,1.0,1,1.0,1,1.0,1,0.2575786722864462,46
3287,4,6646,2646,4000,0,0,0,1.0,1,1.0,1,1.0,1,0.3150414271577377,46
3288,5,6651,2649,4002,0,0,0,1.0,1,1.0,1,1.0,1,0.30554442611187277,46
3289,5,6656,2652,4004,0,0,0,1.0,1,1.0,1,1.0,1,0.36124388845903127,48
3290,2,6658,2653,4005,0,0,0,1.0,1,1.0,1,1.0,1,0.3565702094926785,48
3291,5,6663,2655,4008,0,0,0,1.0,1,1.0,1,1.0,1,0.3384173785336394,50
3292,0,6663,2655,4008,0,0,0,1.0,1,1.0,1,1.0,1,0.3384173785336394,50
3293,2,6665,2655,4010,0,0,0,1.0,1,1.0,1,1.0,1,0.34828357892426653,51
3294,2,6667,2656,4011,0,0,0,1.0,1,1.0,1,1.0,1,0.3196599481986952,50
3295,4,6671,2658,4013,0,0,0,1.0,1,1.0,1,1.0,1,0.31336346558913797,50
3296,2,6673,2658,4015,0,0,0,1.0,1,1.0,1,1.0,1,0.31322206590608037,50
3297,4,6677,2661,4016,0,0,0,1.0,1,1.0,1,1.0,1,0.26974491757011876,51
3298,1,6678,2662,4016,0,0,0,1.0,1,1.0,1,1.0,1,0.2801565109334444,52
3299,1,6679,2662,4017,0,0,0,1.0,1,1.0,1,1.0,1,0.27753586686359855,53
3300,1,6680,2662,4018,0,0,0,1.0,1,1.0,1,1.0,1,0.2902615393524643,53
3301,7,6687,2664,4023,0,0,0,1.0,1,1.0,1,1.0,1,0.21718981847561242,53
3302,4,6691,2666,4025,0,0,0,1.0,1,1.0,1,1.0,1,0.17440036621024632,53
3303,0,6691,2666,4025,0,0,0,1.0,1,1.0,1,1.0,1,0.16984728225531823,52
3304,4,6695,2668,4027,0,0,0,1.0,1,1.0,1,1.0,1,0.16113521266279182,52
3305,1,6696,2669,4027,0,0,0,1.0,1,1.0,1,1.0,1,0.15341201588012268,51
3306,2,6698,2670,4028,0,0,0,1.0,1,1.0,1,1.0,1,0.16589222405971263,51
3307,1,6699,2670,4029,0,0,0,1.0,1,1.0,1,1.0,1,0.15754977360638966,48
3308,3,6702,2673,4029,0,0,0,1.0,1,1.0,1,1.0,1,0.2054209279982507,48
3309,1,6703,2673,4030,0,0,0,1.0,1,1.0,1,1.0,1,0.18785807222412026,48
3310,1,6704,2673,4031,0,0,0,1.0,1,1.0,1,1.0,1,0.21405304859870325,47
3311,3,6707,2675,4032,0,0,0,1.0,1,1.0,1,1.0,1,0.2334227122197193,49
3312,3,6710,2676,4034,0,0,0,1.0,1,1.0,1,1.0,1,0.23296871580606174,48
3313,5,6715,2680,4035,0,0,0,1.0,1,1.0,1,1.0,1,0.25902482895763557,49
3314,2,6717,2681,4036,0,0,0,1.0,1,1.0,1,1.0,1,0.2865682670915904,47
3315,2,6719,2682,4037,0,0,0,1.0,1,1.0,1,1.0,1,0.2979737279809098,47
3316,2,6721,2682,4039,0,0,0,1.0,1,1.0,1,1.0,1,0.30454057258781697,47
3317,0,6721,2682,4039,0,0,0,1.0,1,1.0,1,1.0,1,0.2691117148742247,46
3318,0,6721,2682,4039,0,0,0,1.0,1,1.0,1,1.0,1,0.27381747645877597,45
3319,3,6724,2684,4040,0,0,0,1.0,1,1.0,1,1.0,1,0.30852994936924183,44
3320,2,6726,2686,4040,0,0,0,1.0,1,1.0,1,1.0,1,0.28571546439109213,43
3321,1,6727,2687,4040,0,0,0,1.0,1,1.0,1,1.0,1,0.2963096546396815,43
3322,1,6728,2688,4040,0,0,0,1.0,1,1.0,1,1.0,1,0.33371857396609383,40
3323,3,6731,2691,4040,0,0,0,1.0,1,1.0,1,1.0,1,0.3278690860645294,40
3324,0,6731,2691,4040,0,0,0,1.0,1,1.0,1,1.0,1,0.3142186221648497,40
3325,2,6733,2692,4041,0,0,0,1.0,1,1.0,1,1.0,1,0.32342533942341084,40
3326,3,6736,2693,4043,0,0,0,1.0,1,1.0,1,1.0,1,0.21702562964376015,41
3327,1,6737,2693,4044,0,0,0,1.0,1,1.0,1,1.0,1,0.15984581267457218,39
3328,4,6741,2695,4046,0,0,0,1.0,1,1.0,1,1.0,1,0.1717887335449843,41
3329,0,6741,2695,4046,0,0,0,1.0,1,1.0,1,1.0,1,0.14099003050313436,39
3330,3,6744,2698,4046,0,0,0,1.0,1,1.0,1,1.0,1,0.21425489460564115,40
3331,0,6744,2698,4046,0,0,0,1.0,1,1.0,1,1.0,1,0.2098201450211675,38
3332,1,6745,2698,4047,0,0,0,1.0,1,1.0,1,1.0,1,0.2441158996079402,38
3333,1,6746,2699,4047,0,0,0,1.0,1,1.0,1,1.0,1,0.25014233899425986,38
3334,3,6749,2699,4050,0,0,0,1.0,1,1.0,1,1.0,1,0.22648807258075015,40
3335,1,6750,2699,4051,0,0,0,1.0,1,1.0,1,1.0,1,0.1924423280199826,40
3336,0,6750,2699,4051,0,0,0,1.0,1,1.0,1,1.0,1,0.1959424688170792,39
3337,0,6750,2699,4051,0,0,0,1.0,1,1.0,1,1.0,1,0.19891298245847905,40
3338,3,6753,2702,4051,0,0,0,1.0,1,1.0,1,1.0,1,0.25707390552856046,41
3339,1,6754,2703,4051,0,0,0,1.0,1,1.0,1,1.0,1,0.2836226298360816,42
3340,2,6756,2705,4051,0,0,0,1.0,1,1.0,1,1.0,1,0.30818134155819166,43
3341,6,6762,2705,4057,0,0,0,1.0,1,1.0,1,1.0,1,0.32088207903903226,43
3342,4,6766,2706,4060,0,0,0,1.0,1,1.0,1,1.0,1,0.3246591484019263,44
3343,2,6768,2708,4060,0,0,0,1.0,1,1.0,1,1.0,1,0.33411745750867144,44
3344,3,6771,2710,4061,0,0,0,1.0,1,1.0,1,1.0,1,0.37645233709908654,44
3345,1,6772,2710,4062,0,0,0,1.0,1,1.0,1,1.0,1,0.39186427594328255,43
3346,2,6774,2710,4064,0,0,0,1.0,1,1.0,1,1.0,1,0.404387511493284,42
3347,3,6777,2710,4067,0,0,0,1.0,1,1.0,1,1.0,1,0.40285689779217165,44
3348,5,6782,2710,4072,0,0,0,1.0,1,1.0,1,1.0,1,0.3733322816797707,45
3349,5,6787,2711,4076,0,0,0,1.0,1,1.0,1,1.0,1,0.3698305892708695,45
3350,2,6789,2711,4078,0,0,0,1.0,1,1.0,1,1.0,1,0.36102926432962207,46
3351,5,6794,2711,4083,0,0,0,1.0,1,1.0,1,1.0,1,0.25171817741927804,47
3352,1,6795,2711,4084,0,0,0,1.0,1,1.0,1,1.0,1,0.23791610666559787,47
3353,1,6796,2711,4085,0,0,0,1.0,1,1.0,1,1.0,1,0.23440426423383626,48
3354,3,6799,2712,4087,0,0,0,1.0,1,1.0,1,1.0,1,0.23264304736874877,48
3355,2,6801,2713,4088,0,0,0,1.0,1,1.0,1,1.0,1,0.2679843339356656,48
3356,2,6803,2714,4089,0,0,0,1.0,1,1.0,1,1.0,1,0.27783648528698707,48
3357,1,6804,2715,4089,0,0,0,1.0,1,1.0,1,1.0,1,0.27773019675829863,47
3358,0,6804,2715,4089,0,0,0,1.0,1,1.0,1,1.0,1,0.3278800400020563,46
3359,0,6804,2715,4089,0,0,0,1.0,1,1.0,1,1.0,1,0.31926781439281626,45
3360,1,6805,2716,4089,0,0,0,1.0,1,1.0,1,1.0,1,0.3414178965581053,44
3361,1,6806,2717,4089,0,0,0,1.0,1,1.0,1,1.0,1,0.3548284827596375,43
3362,1,6807,2717,4090,0,0,0,1.0,1,1.0,1,1.0,1,0.36901148365167663,42
3363,4,6811,2718,4093,0,0,0,1.0,1,1.0,1,1.0,1,0.3667474831702417,41
3364,2,6813,2718,4095,0,0,0,1.0,1,1.0,1,1.0,1,0.3381871935861782,41
3365,0,6813,2718,4095,0,0,0,1.0,1,1.0,1,1.0,1,0.34726385156358014,41
3366,2,6815,2719,4096,0,0,0,1.0,1,1.0,1,1.0,1,0.36079930418414674,40
3367,1,6816,2719,4097,0,0,0,1.0,1,1.0,1,1.0,1,0.33193588116260264,39
3368,2,6818,2721,4097,0,0,0,1.0,1,1.0,1,1.0,1,0.27633847298866593,39
3369,0,6818,2721,4097,0,0,0,1.0,1,1.0,1,1.0,1,0.2664848169407428,40
3370,2,6820,2723,4097,0,0,0,1.0,1,1.0,1,1.0,1,0.29118387518600586,41
3371,2,6822,2724,4098,0,0,0,1.0,1,1.0,1,1.0,1,0.29944349286233685,41
3372,2,6824,2726,4098,0,0,0,1.0,1,1.0,1,1.0,1,0.3527616673867738,40
3373,0,6824,2726,4098,0,0,0,1.0,1,1.0,1,1.0,1,0.36232559591528735,41
3374,1,6825,2726,4099,0,0,0,1.0,1,1.0,1,1.0,1,0.3438684126321318,42
3375,1,6826,2726,4100,0,0,0,1.0,1,1.0,1,1.0,1,0.3471091152156661,44
3376,12,6838,2726,4112,0,0,0,1.0,1,1.0,1,1.0,1,0.08737964624660366,46
3377,0,6838,2726,4112,0,0,0,1.0,1,1.0,1,1.0,1,0.0984209257973199,47
3378,1,6839,2727,4112,0,0,0,1.0,1,1.0,1,1.0,1,0.1533954527763061,48
3379,1,6840,2727,4113,0,0,0,1.0,1,1.0,1,1.0,1,0.13210866968683327,48
3380,1,6841,2727,4114,0,0,0,1.0,1,1.0,1,1.0,1,0.12228391069127041,48
3381,0,6841,2727,4114,0,0,0,1.0,1,1.0,1,1.0,1,0.12228391069127041,48
3382,1,6842,2727,4115,0,0,0,1.0,1,1.0,1,1.0,1,0.16252053473205633,49
3383,0,6842,2727,4115,0,0,0,1.0,1,1.0,1,1.0,1,0.14375620878178083,47
3384,4,6846,2730,4116,0,0,0,1.0,1,1.0,1,1.0,1,0.21161092420604752,48
3385,2,6848,2730,4118,0,0,0,1.0,1,1.0,1,1.0,1,0.21311256662352107,47
3386,4,6852,2731,4121,0,0,0,1.0,1,1.0,1,1.0,1,0.232603245407895,49
3387,0,6852,2731,4121,0,0,0,1.0,1,1.0,1,1.0,1,0.2238610972545304,48
3388,1,6853,2732,4121,0,0,0,1.0,1,1.0,1,1.0,1,0.2525495665591801,48
3389,3,6856,2732,4124,0,0,0,1.0,1,1.0,1,1.0,1,0.23594644590167158,50
3390,1,6857,2732,4125,0,0,0,1.0,1,1.0,1,1.0,1,0.21004517802485106,51
3391,0,6857,2732,4125,0,0,0,1.0,1,1.0,1,1.0,1,0.21004517802485106,51
3392,1,6858,2732,4126,0,0,0,1.0,1,1.0,1,1.0,1,0.23720231366931693,52
3393,2,6860,2732,4128,0,0,0,1.0,1,1.0,1,1.0,1,0.2118099729378041,52
3394,1,6861,2733,4128,0,0,0,1.0,1,1.0,1,1.0,1,0.21628537984181867,52
3395,1,6862,2733,4129,0,0,0,1.0,1,1.0,1,1.0,1,0.20985794270359362,50
3396,2,6864,2733,4131,0,0,0,1.0,1,1.0,1,1.0,1,0.21692587075943043,49
3397,1,6865,2734,4131,0,0,0,1.0,1,1.0,1,1.0,1,0.1952313253908673,49
3398,0,6865,2734,4131,0,0,0,1.0,1,1.0,1,1.0,1,0.20477228524909263,48
3399,1,6866,2735,4131,0,0,0,1.0,1,1.0,1,1.0,1,0.18005258295822987,49
3400,3,6869,2736,4133,0,0,0,1.0,1,1.0,1,1.0,1,0.16345541492908172,50
3401,1,6870,2736,4134,0,0,0,1.0,1,1.0,1,1.0,1,0.12380507995614659,51
3402,1,6871,2737,4134,0,0,0,1.0,1,1.0,1,1.0,1,0.13585598774698862,51
3403,2,6873,2739,4134,0,0,0,1.0,1,1.0,1,1.0,1,0.1438853232348211,51
3404,2,6875,2740,4135,0,0,0,1.0,1,1.0,1,1.0,1,0.1366414791109567,51
3405,1,6876,2741,4135,0,0,0,1.0,1,1.0,1,1.0,1,0.16447339670567876,51
3406,1,6877,2741,4136,0,0,0,1.0,1,1.0,1,1.0,1,0.1779081703596231,51
3407,0,6877,2741,4136,0,0,0,1.0,1,1.0,1,1.0,1,0.18726060979604944,52
3408,1,6878,2741,4137,0,0,0,1.0,1,1.0,1,1.0,1,0.18676178787527467,53
3409,0,6878,2741,4137,0,0,0,1.0,1,1.0,1,1.0,1,0.18275664678425277,54
3410,3,6881,2744,4137,0,0,0,1.0,1,1.0,1,1.0,1,0.15457526343546388,54
3411,3,6884,2746,4138,0,0,0,1.0,1,1.0,1,1.0,1,0.14817609479032262,54
3412,1,6885,2746,4139,0,0,0,1.0,1,1.0,1,1.0,1,0.1547129399661339,55
3413,2,6887,2746,4141,0,0,0,1.0,1,1.0,1,1.0,1,0.11957140155566391,55
3414,1,6888,2746,4142,0,0,0,1.0,1,1.0,1,1.0,1,0.13325066030128602,55
3415,2,6890,2747,4143,0,0,0,1.0,1,1.0,1,1.0,1,0.1432998868321409,56
3416,0,6890,2747,4143,0,0,0,1.0,1,1.0,1,1.0,1,0.15707236771040772,55
3417,1,6891,2747,4144,0,0,0,1.0,1,1.0,1,1.0,1,0.16803928388675893,56
3418,2,6893,2748,4145,0,0,0,1.0,1,1.0,1,1.0,1,0.2109399112917498,55
3419,2,6895,2749,4146,0,0,0,1.0,1,1.0,1,1.0,1,0.2215794126563825,56
3420,1,6896,2749,4147,0,0,0,1.0,1,1.0,1,1.0,1,0.2350880604245025,55
3421,3,6899,2750,4149,0,0,0,1.0,1,1.0,1,1.0,1,0.24300539190786727,57
3422,4,6903,2754,4149,0,0,0,1.0,1,1.0,1,1.0,1,0.23612863311430893,56
3423,2,6905,2756,4149,0,0,0,1.0,1,1.0,1,1.0,1,0.2322509696664512,56
3424,1,6906,2757,4149,0,0,0,1.0,1,1.0,1,1.0,1,0.28216171051667144,56
3425,2,6908,2759,4149,0,0,0,1.0,1,1.0,1,1.0,1,0.273061660378875,56
3426,7,6915,2759,4156,0,0,0,1.0,1,1.0,1,1.0,1,0.2326775228821998,55
3427,2,6917,2760,4157,0,0,0,1.0,1,1.0,1,1.0,1,0.2537162489416664,55
3428,3,6920,2762,4158,0,0,0,1.0,1,1.0,1,1.0,1,0.24149662422533175,55
3429,1,6921,2762,4159,0,0,0,1.0,1,1.0,1,1.0,1,0.24265890503290785,54
3430,0,6921,2762,4159,0,0,0,1.0,1,1.0,1,1.0,1,0.2490586581203555,56
3431,0,6921,2762,4159,0,0,0,1.0,1,1.0,1,1.0,1,0.22846917405450998,54
3432,5,6926,2764,4162,0,0,0,1.0,1,1.0,1,1.0,1,0.2229124040418288,56
3433,2,6928,2766,4162,0,0,0,1.0,1,1.0,1,1.0,1,0.22258495638362286,53
3434,1,6929,2767,4162,0,0,0,1.0,1,1.0,1,1.0,1,0.23031002655040875,51
3435,3,6932,2769,4163,0,0,0,1.0,1,1.0,1,1.0,1,0.21067479383519921,51
3436,0,6932,2769,4163,0,0,0,1.0,1,1.0,1,1.0,1,0.17828301983314593,51
3437,3,6935,2771,4164,0,0,0,1.0,1,1.0,1,1.0,1,0.18122882594734524,53
3438,2,6937,2772,4165,0,0,0,1.0,1,1.0,1,1.0,1,0.15464751113469297,52
3439,1,6938,2773,4165,0,0,0,1.0,1,1.0,1,1.0,1,0.18469971177396455,54
3440,2,6940,2774,4166,0,0,0,1.0,1,1.0,1,1.0,1,0.17978963752031163,52
3441,0,6940,2774,4166,0,0,0,1.0,1,1.0,1,1.0,1,0.18792021794893987,53
3442,1,6941,2775,4166,0,0,0,1.0,1,1.0,1,1.0,1,0.1978812578812816,53
3443,3,6944,2776,4168,0,0,0,1.0,1,1.0,1,1.0,1,0.23989760886409547,53
3444,1,6945,2776,4169,0,0,0,1.0,1,1.0,1,1.0,1,0.2512020481556441,52
3445,3,6948,2777,4171,0,0,0,1.0,1,1.0,1,1.0,1,0.24155790437966512,53
3446,4,6952,2780,4172,0,0,0,1.0,1,1.0,1,1.0,1,0.2893879012098933,53
3447,1,6953,2780,4173,0,0,0,1.0,1,1.0,1,1.0,1,0.28137606794455144,53
3448,3,6956,2782,4174,0,0,0,1.0,1,1.0,1,1.0,1,0.3082203011326006,52
3449,3,6959,2784,4175,0,0,0,1.0,1,1.0,1,1.0,1,0.2771356969269107,52
3450,2,6961,2785,4176,0,0,0,1.0,1,1.0,1,1.0,1,0.28838952768736076,52
3451,9,6970,2788,4182,0,0,0,1.0,1,1.0,1,1.0,1,0.1453840211433522,54
3452,1,6971,2789,4182,0,0,0,1.0,1,1.0,1,1.0,1,0.14599629162927255,54
3453,4,6975,2791,4184,0,0,0,1.0,1,1.0,1,1.0,1,0.18072469451984605,54
3454,2,6977,2791,4186,0,0,0,1.0,1,1.0,1,1.0,1,0.18017862705118534,57
3455,0,6977,2791,4186,0,0,0,1.0,1,1.0,1,1.0,1,0.18017862705118534,57
3456,0,6977,2791,4186,0,0,0,1.0,1,1.0,1,1.0,1,0.19124529915386665,58
3457,0,6977,2791,4186,0,0,0,1.0,1,1.0,1,1.0,1,0.21320075320384577,57
3458,0,6977,2791,4186,0,0,0,1.0,1,1.0,1,1.0,1,0.2056780105134532,57
3459,0,6977,2791,4186,0,0,0,1.0,1,1.0,1,1.0,1,0.2056780105134532,57
3460,0,6977,2791,4186,0,0,0,1.0,1,1.0,1,1.0,1,0.1950057316256272,58
3461,0,6977,2791,4186,0,0,0,1.0,1,1.0,1,1.0,1,0.2093458980048312,59
3462,2,6979,2792,4187,0,0,0,1.0,1,1.0,1,1.0,1,0.21063972121844468,59
3463,6,6985,2796,4189,0,0,0,1.0,1,1.0,1,1.0,1,0.1890271724364262,59
3464,4,6989,2799,4190,0,0,0,1.0,1,1.0,1,1.0,1,0.2499955365210103,59
3465,3,6992,2800,4192,0,0,0,1.0,1,1.0,1,1.0,1,0.22451746462766328,57
3466,1,6993,2801,4192,0,0,0,1.0,1,1.0,1,1.0,1,0.25211937029153775,57
3467,1,6994,2801,4193,0,0,0,1.0,1,1.0,1,1.0,1,0.24807166507654876,57
3468,2,6996,2803,4193,0,0,0,1.0,1,1.0,1,1.0,1,0.24308123843824717,57
3469,2,6998,2805,4193,0,0,0,1.0,1,1.0,1,1.0,1,0.2616407135007745,53
3470,4,7002,2809,4193,0,0,0,1.0,1,1.0,1,1.0,1,0.3230141746269858,50
3471,1,7003,2809,4194,0,0,0,1.0,1,1.0,1,1.0,1,0.27714181520949993,49
3472,2,7005,2810,4195,0,0,0,1.0,1,1.0,1,1.0,1,0.28121375511717017,47
3473,5,7010,2814,4196,0,0,0,1.0,1,1.0,1,1.0,1,0.3218449291130033,45
3474,1,7011,2814,4197,0,0,0,1.0,1,1.0,1,1.0,1,0.3339066239954408,42
3475,5,7016,2816,4200,0,0,0,1.0,1,1.0,1,1.0,1,0.35460231508909745,43
3476,5,7021,2817,4204,0,0,0,1.0,1,1.0,1,1.0,1,0.32692001250373454,41
3477,5,7026,2819,4207,0,0,0,1.0,1,1.0,1,1.0,1,0.20551397080691985,42
3478,2,7028,2820,4208,0,0,0,1.0,1,1.0,1,1.0,1,0.21005793425453942,40
3479,3,7031,2821,4210,0,0,0,1.0,1,1.0,1,1.0,1,0.15511333506388733,40
3480,1,7032,2822,4210,0,0,0,1.0,1,1.0,1,1.0,1,0.18585715939000422,40
3481,0,7032,2822,4210,0,0,0,1.0,1,1.0,1,1.0,1,0.18748055953724393,40
3482,1,7033,2823,4210,0,0,0,1.0,1,1.0,1,1.0,1,0.21097801568824498,40
3483,0,7033,2823,4210,0,0,0,1.0,1,1.0,1,1.0,1,0.21586152676567474,39
3484,0,7033,2823,4210,0,0,0,1.0,1,1.0,1,1.0,1,0.21586152676567474,39
3485,1,7034,2824,4210,0,0,0,1.0,1,1.0,1,1.0,1,0.2540135257954617,40
3486,3,7037,2824,4213,0,0,0,1.0,1,1.0,1,1.0,1,0.20044456947488695,41
3487,0,7037,2824,4213,0,0,0,1.0,1,1.0,1,1.0,1,0.22464297267826694,41
3488,1,7038,2825,4213,0,0,0,1.0,1,1.0,1,1.0,1,0.18973522165238635,42
3489,2,7040,2826,4214,0,0,0,1.0,1,1.0,1,1.0,1,0.12392878307681336,44
3490,0,7040,2826,4214,0,0,0,1.0,1,1.0,1,1.0,1,0.12392878307681336,44
3491,0,7040,2826,4214,0,0,0,1.0,1,1.0,1,1.0,1,0.14247943863201276,45
3492,1,7041,2827,4214,0,0,0,1.0,1,1.0,1,1.0,1,0.16603733412189084,45
3493,1,7042,2828,4214,0,0,0,1.0,1,1.0,1,1.0,1,0.1911975173647595,45
3494,0,7042,2828,4214,0,0,0,1.0,1,1.0,1,1.0,1,0.1911975173647595,45
3495,0,7042,2828,4214,0,0,0,1.0,1,1.0,1,1.0,1,0.1911975173647595,45
3496,0,7042,2828,4214,0,0,0,1.0,1,1.0,1,1.0,1,0.22126192138100204,46
3497,2,7044,2829,4215,0,0,0,1.0,1,1.0,1,1.0,1,0.2538257134743195,47
3498,2,7046,2830,4216,0,0,0,1.0,1,1.0,1,1.0,1,0.27154692488666066,48
3499,4,7050,2830,4220,0,0,0,1.0,1,1.0,1,1.0,1,0.2158704250158792,47
3500,1,7051,2831,4220,0,0,0,1.0,1,1.0,1,1.0,1,0.21706370575908046,50
3501,3,7054,2833,4221,0,0,0,1.0,1,1.0,1,1.0,1,0.19417053879230475,50
3502,1,7055,2834,4221,0,0,0,1.0,1,1.0,1,1.0,1,0.2078925576234213,50
3503,2,7057,2836,4221,0,0,0,1.0,1,1.0,1,1.0,1,0.26199671128389623,50
3504,2,7059,2838,4221,0,0,0,1.0,1,1.0,1,1.0,1,0.32266566295163374,47
3505,1,7060,2838,4222,0,0,0,1.0,1,1.0,1,1.0,1,0.3163041667121732,48
3506,3,7063,2839,4224,0,0,0,1.0,1,1.0,1,1.0,1,0.3166699393237059,49
3507,0,7063,2839,4224,0,0,0,1.0,1,1.0,1,1.0,1,0.32573520898906866,46
3508,2,7065,2841,4224,0,0,0,1.0,1,1.0,1,1.0,1,0.37889074064434547,47
3509,0,7065,2841,4224,0,0,0,1.0,1,1.0,1,1.0,1,0.3564329798236256,44
3510,3,7068,2842,4226,0,0,0,1.0,1,1.0,1,1.0,1,0.4062831894496394,45
3511,4,7072,2844,4228,0,0,0,1.0,1,1.0,1,1.0,1,0.40919226919457785,44
3512,0,7072,2844,4228,0,0,0,1.0,1,1.0,1,1.0,1,0.39469698285655325,42
3513,0,7072,2844,4228,0,0,0,1.0,1,1.0,1,1.0,1,0.39469698285655325,42
3514,0,7072,2844,4228,0,0,0,1.0,1,1.0,1,1.0,1,0.3997872635373953,42
3515,2,7074,2845,4229,0,0,0,1.0,1,1.0,1,1.0,1,0.3983842268841161,42
3516,0,7074,2845,4229,0,0,0,1.0,1,1.0,1,1.0,1,0.382471373997779,41
3517,0,7074,2845,4229,0,0,0,1.0,1,1.0,1,1.0,1,0.3684711661442367,44
3518,1,7075,2846,4229,0,0,0,1.0,1,1.0,1,1.0,1,0.3773986179258996,43
3519,0,7075,2846,4229,0,0,0,1.0,1,1.0,1,1.0,1,0.38646347057862684,44
3520,0,7075,2846,4229,0,0,0,1.0,1,1.0,1,1.0,1,0.39709833846711257,45
3521,1,7076,2846,4230,0,0,0,1.0,1,1.0,1,1.0,1,0.3734263179718594,45
3522,0,7076,2846,4230,0,0,0,1.0,1,1.0,1,1.0,1,0.36437377174849295,46
3523,0,7076,2846,4230,0,0,0,1.0,1,1.0,1,1.0,1,0.36437377174849295,46
3524,1,7077,2847,4230,0,0,0,1.0,1,1.0,1,1.0,1,0.36632650346358353,47
3525,1,7078,2847,4231,0,0,0,1.0,1,1.0,1,1.0,1,0.371128565094096,48
3526,6,7084,2848,4236,0,0,0,1.0,1,1.0,1,1.0,1,0.29209208848631607,49
3527,4,7088,2850,4238,0,0,0,1.0,1,1.0,1,1.0,1,0.33333262837769423,49
3528,6,7094,2851,4243,0,0,0,1.0,1,1.0,1,1.0,1,0.2856300726976002,51
3529,1,7095,2851,4244,0,0,0,1.0,1,1.0,1,1.0,1,0.2861210722019715,51
3530,1,7096,2852,4244,0,0,0,1.0,1,1.0,1,1.0,1,0.3009143027156879,52
3531,5,7101,2853,4248,0,0,0,1.0,1,1.0,1,1.0,1,0.2930782203746518,52
3532,2,7103,2853,4250,0,0,0,1.0,1,1.0,1,1.0,1,0.2870303900473818,52
3533,1,7104,2853,4251,0,0,0,1.0,1,1.0,1,1.0,1,0.290863851954688,52
3534,0,7104,2853,4251,0,0,0,1.0,1,1.0,1,1.0,1,0.290863851954688,52
3535,0,7104,2853,4251,0,0,0,1.0,1,1.0,1,1.0,1,0.290863851954688,52
3536,0,7104,2853,4251,0,0,0,1.0,1,1.0,1,1.0,1,0.30924603481952656,54
3537,0,7104,2853,4251,0,0,0,1.0,1,1.0,1,1.0,1,0.3038013001307485,55
3538,0,7104,2853,4251,0,0,0,1.0,1,1.0,1,1.0,1,0.3038013001307485,55
3539,1,7105,2853,4252,0,0,0,1.0,1,1.0,1,1.0,1,0.2971264400396963,58
3540,4,7109,2853,4256,0,0,0,1.0,1,1.0,1,1.0,1,0.2630287964721758,59
3541,0,7109,2853,4256,0,0,0,1.0,1,1.0,1,1.0,1,0.2630287964721758,59
3542,3,7112,2853,4259,0,0,0,1.0,1,1.0,1,1.0,1,0.23821784053092532,61
3543,7,7119,2855,4264,0,0,0,1.0,1,1.0,1,1.0,1,0.1949652602085781,62
3544,1,7120,2856,4264,0,0,0,1.0,1,1.0,1,1.0,1,0.1723480110649514,59
3545,1,7121,2857,4264,0,0,0,1.0,1,1.0,1,1.0,1,0.190562697019551,59
3546,4,7125,2859,4266,0,0,0,1.0,1,1.0,1,1.0,1,0.20719117023899827,57
3547,2,7127,2861,4266,0,0,0,1.0,1,1.0,1,1.0,1,0.2186822838830508,53
3548,3,7130,2863,4267,0,0,0,1.0,1,1.0,1,1.0,1,0.23594141766821264,53
3549,1,7131,2864,4267,0,0,0,1.0,1,1.0,1,1.0,1,0.23531801353746493,52
3550,2,7133,2865,4268,0,0,0,1.0,1,1.0,1,1.0,1,0.23173252307549272,51
3551,2,7135,2866,4269,0,0,0,1.0,1,1.0,1,1.0,1,0.22843085667968563,51
3552,4,7139,2867,4272,0,0,0,1.0,1,1.0,1,1.0,1,0.22788335142480734,51
3553,0,7139,2867,4272,0,0,0,1.0,1,1.0,1,1.0,1,0.23566644377052992,49
3554,1,7140,2867,4273,0,0,0,1.0,1,1.0,1,1.0,1,0.20345161027060046,49
3555,1,7141,2867,4274,0,0,0,1.0,1,1.0,1,1.0,1,0.20554766628033883,51
3556,0,7141,2867,4274,0,0,0,1.0,1,1.0,1,1.0,1,0.20554766628033883,51
3557,1,7142,2868,4274,0,0,0,1.0,1,1.0,1,1.0,1,0.20396567053660428,52
3558,2,7144,2870,4274,0,0,0,1.0,1,1.0,1,1.0,1,0.2079186230849997,52
3559,2,7146,2871,4275,0,0,0,1.0,1,1.0,1,1.0,1,0.19449218950352382,52
3560,1,7147,2871,4276,0,0,0,1.0,1,1.0,1,1.0,1,0.17286239777681442,53
3561,1,7148,2872,4276,0,0,0,1.0,1,1.0,1,1.0,1,0.18644615763254113,54
3562,2,7150,2873,4277,0,0,0,1.0,1,1.0,1,1.0,1,0.18496613152875652,54
3563,1,7151,2874,4277,0,0,0,1.0,1,1.0,1,1.0,1,0.2100478926437244,55
3564,0,7151,2874,4277,0,0,0,1.0,1,1.0,1,1.0,1,0.1892186279260526,57
3565,0,7151,2874,4277,0,0,0,1.0,1,1.0,1,1.0,1,0.1944981227970375,56
3566,0,7151,2874,4277,0,0,0,1.0,1,1.0,1,1.0,1,0.20877311747305952,57
3567,0,7151,2874,4277,0,0,0,1.0,1,1.0,1,1.0,1,0.20877311747305952,57
3568,1,7152,2875,4277,0,0,0,1.0,1,1.0,1,1.0,1,0.22043574816463812,57
3569,4,7156,2876,4280,0,0,0,1.0,1,1.0,1,1.0,1,0.21209707408656484,57
3570,6,7162,2877,4285,0,0,0,1.0,1,1.0,1,1.0,1,0.1857217836889709,59
3571,2,7164,2877,4287,0,0,0,1.0,1,1.0,1,1.0,1,0.15770458523581618,60
3572,3,7167,2877,4290,0,0,0,1.0,1,1.0,1,1.0,1,0.1667501119016479,61
3573,1,7168,2877,4291,0,0,0,1.0,1,1.0,1,1.0,1,0.14570142908978345,62
3574,1,7169,2877,4292,0,0,0,1.0,1,1.0,1,1.0,1,0.16296047093346183,63
3575,2,7171,2878,4293,0,0,0,1.0,1,1.0,1,1.0,1,0.1512273953301076,63
3576,3,7174,2880,4294,0,0,0,1.0,1,1.0,1,1.0,1,0.18085799491533577,63
3577,0,7174,2880,4294,0,0,0,1.0,1,1.0,1,1.0,1,0.1737152220669096,64
3578,1,7175,2880,4295,0,0,0,1.0,1,1.0,1,1.0,1,0.1556448504519709,64
3579,0,7175,2880,4295,0,0,0,1.0,1,1.0,1,1.0,1,0.1556448504519709,64
3580,1,7176,2881,4295,0,0,0,1.0,1,1.0,1,1.0,1,0.17643817098728243,65
3581,3,7179,2882,4297,0,0,0,1.0,1,1.0,1,1.0,1,0.17043658864009797,68
3582,7,7186,2885,4301,0,0,0,1.0,1,1.0,1,1.0,1,0.18877460568863214,68
3583,2,7188,2887,4301,0,0,0,1.0,1,1.0,1,1.0,1,0.19432411537062308,65
3584,5,7193,2890,4303,0,0,0,1.0,1,1.0,1,1.0,1,0.219400297563064,64
3585,2,7195,2891,4304,0,0,0,1.0,1,1.0,1,1.0,1,0.1883334315366952,64
3586,2,7197,2893,4304,0,0,0,1.0,1,1.0,1,1.0,1,0.22285114617601978,65
3587,4,7201,2895,4306,0,0,0,1.0,1,1.0,1,1.0,1,0.18164892235211558,64
3588,3,7204,2898,4306,0,0,0,1.0,1,1.0,1,1.0,1,0.1912830072727993,62
3589,2,7206,2900,4306,0,0,0,1.0,1,1.0,1,1.0,1,0.19721569769101976,63
3590,0,7206,2900,4306,0,0,0,1.0,1,1.0,1,1.0,1,0.19764298680067152,63
3591,4,7210,2902,4308,0,0,0,1.0,1,1.0,1,1.0,1,0.19029683993411706,62
3592,1,7211,2903,4308,0,0,0,1.0,1,1.0,1,1.0,1,0.18832907403714003,59
3593,2,7213,2905,4308,0,0,0,1.0,1,1.0,1,1.0,1,0.19991986393459155,58
3594,0,7213,2905,4308,0,0,0,1.0,1,1.0,1,1.0,1,0.21356360264695975,57
3595,1,7214,2905,4309,0,0,0,1.0,1,1.0,1,1.0,1,0.19784863990101317,59
3596,0,7214,2905,4309,0,0,0,1.0,1,1.0,1,1.0,1,0.17433395889287875,57
3597,3,7217,2908,4309,0,0,0,1.0,1,1.0,1,1.0,1,0.22758469465262843,57
3598,1,7218,2909,4309,0,0,0,1.0,1,1.0,1,1.0,1,0.21624912846482153,57
3599,7,7225,2913,4312,0,0,0,1.0,1,1.0,1,1.0,1,0.20164186478079613,58
3600,0,7225,2913,4312,0,0,0,1.0,1,1.0,1,1.0,1,0.20073847850106633,58
3601,7,7232,2914,4318,0,0,0,1.0,1,1.0,1,1.0,1,0.12695427351423869,58
3602,2,7234,2915,4319,0,0,0,1.0,1,1.0,1,1.0,1,0.10549226752264179,60
3603,4,7238,2916,4322,0,0,0,1.0,1,1.0,1,1.0,1,0.1075124233603584,60
3604,0,7238,2916,4322,0,0,0,1.0,1,1.0,1,1.0,1,0.1075124233603584,60
3605,2,7240,2916,4324,0,0,0,1.0,1,1.0,1,1.0,1,0.10480984505003264,61
3606,2,7242,2917,4325,0,0,0,1.0,1,1.0,1,1.0,1,0.11790221298447877,63
3607,3,7245,2918,4327,0,0,0,1.0,1,1.0,1,1.0,1,0.13686926214444073,63
3608,1,7246,2918,4328,0,0,0,1.0,1,1.0,1,1.0,1,0.13290062485186618,64
3609,3,7249,2919,4330,0,0,0,1.0,1,1.0,1,1.0,1,0.15766055486893205,66
3610,8,7257,2921,4336,0,0,0,1.0,1,1.0,1,1.0,1,0.13055692983695988,67
3611,6,7263,2923,4340,0,0,0,1.0,1,1.0,1,1.0,1,0.1518615282879929,67
3612,6,7269,2924,4345,0,0,0,1.0,1,1.0,1,1.0,1,0.1913183773466526,66
3613,4,7273,2925,4348,0,0,0,1.0,1,1.0,1,1.0,1,0.22108848592701796,66
3614,2,7275,2926,4349,0,0,0,1.0,1,1.0,1,1.0,1,0.22643312313369493,65
3615,0,7275,2926,4349,0,0,0,1.0,1,1.0,1,1.0,1,0.23488882460762672,65
3616,0,7275,2926,4349,0,0,0,1.0,1,1.0,1,1.0,1,0.23488882460762672,65
3617,5,7280,2927,4353,0,0,0,1.0,1,1.0,1,1.0,1,0.21337968737822569,66
3618,2,7282,2928,4354,0,0,0,1.0,1,1.0,1,1.0,1,0.2308691950710841,66
3619,3,7285,2929,4356,0,0,0,1.0,1,1.0,1,1.0,1,0.2208342477529478,65
3620,4,7289,2929,4360,0,0,0,1.0,1,1.0,1,1.0,1,0.20679112942797573,66
3621,5,7294,2931,4363,0,0,0,1.0,1,1.0,1,1.0,1,0.1848512923266463,65
3622,1,7295,2932,4363,0,0,0,1.0,1,1.0,1,1.0,1,0.1794241980527987,65
3623,2,7297,2934,4363,0,0,0,1.0,1,1.0,1,1.0,1,0.20195764152662887,62
3624,5,7302,2937,4365,0,0,0,1.0,1,1.0,1,1.0,1,0.1942166918595699,62
3625,2,7304,2938,4366,0,0,0,1.0,1,1.0,1,1.0,1,0.17569772903427738,61
3626,4,7308,2941,4367,0,0,0,1.0,1,1.0,1,1.0,1,0.14449751992629126,58
3627,6,7314,2944,4370,0,0,0,1.0,1,1.0,1,1.0,1,0.13752806496855222,58
3628,2,7316,2946,4370,0,0,0,1.0,1,1.0,1,1.0,1,0.14284942475597673,57
3629,1,7317,2947,4370,0,0,0,1.0,1,1.0,1,1.0,1,0.1760946471025752,57
3630,4,7321,2950,4371,0,0,0,1.0,1,1.0,1,1.0,1,0.20853939807794236,56
3631,3,7324,2952,4372,0,0,0,1.0,1,1.0,1,1.0,1,0.19323658518794476,54
3632,1,7325,2952,4373,0,0,0,1.0,1,1.0,1,1.0,1,0.17543735245320466,52
3633,4,7329,2955,4374,0,0,0,1.0,1,1.0,1,1.0,1,0.23704233296235327,52
3634,1,7330,2956,4374,0,0,0,1.0,1,1.0,1,1.0,1,0.2362040046799547,49
3635,1,7331,2957,4374,0,0,0,1.0,1,1.0,1,1.0,1,0.2717641204586022,47
3636,0,7331,2957,4374,0,0,0,1.0,1,1.0,1,1.0,1,0.3029222386045117,48
3637,2,7333,2957,4376,0,0,0,1.0,1,1.0,1,1.0,1,0.31091078768019137,49
3638,0,7333,2957,4376,0,0,0,1.0,1,1.0,1,1.0,1,0.31414245163854815,50
3639,3,7336,2958,4378,0,0,0,1.0,1,1.0,1,1.0,1,0.2969185905465272,52
3640,1,7337,2958,4379,0,0,0,1.0,1,1.0,1,1.0,1,0.3008151982438806,52
3641,1,7338,2958,4380,0,0,0,1.0,1,1.0,1,1.0,1,0.2969185905465272,52
3642,2,7340,2958,4382,0,0,0,1.0,1,1.0,1,1.0,1,0.2969185905465272,52
3643,1,7341,2958,4383,0,0,0,1.0,1,1.0,1,1.0,1,0.3008151982438806,52
3644,1,7342,2958,4384,0,0,0,1.0,1,1.0,1,1.0,1,0.2969185905465272,52
3645,2,7344,2958,4386,0,0,0,1.0,1,1.0,1,1.0,1,0.27892943842888146,53
3646,3,7347,2959,4388,0,0,0,1.0,1,1.0,1,1.0,1,0.2786464045281727,53
3647,5,7352,2960,4392,0,0,0,1.0,1,1.0,1,1.0,1,0.2652565288381365,55
3648,1,7353,2960,4393,0,0,0,1.0,1,1.0,1,1.0,1,0.27891831484475416,57
3649,4,7357,2962,4395,0,0,0,1.0,1,1.0,1,1.0,1,0.2898003292218497,57
3650,7,7364,2962,4402,0,0,0,1.0,1,1.0,1,1.0,1,0.27296692694989944,59
3651,9,7373,2964,4409,0,0,0,1.0,1,1.0,1,1.0,1,0.16458406512276333,59
3652,0,7373,2964,4409,0,0,0,1.0,1,1.0,1,1.0,1,0.16458406512276333,59
3653,0,7373,2964,4409,0,0,0,1.0,1,1.0,1,1.0,1,0.16458406512276333,59
3654,0,7373,2964,4409,0,0,0,1.0,1,1.0,1,1.0,1,0.16458406512276333,59
3655,1,7374,2964,4410,0,0,0,1.0,1,1.0,1,1.0,1,0.157738103425912,62
3656,0,7374,2964,4410,0,0,0,1.0,1,1.0,1,1.0,1,0.157738103425912,62
3657,0,7374,2964,4410,0,0,0,1.0,1,1.0,1,1.0,1,0.16910857061388712,63
3658,1,7375,2965,4410,0,0,0,1.0,1,1.0,1,1.0,1,0.18428409962429695,63
3659,2,7377,2966,4411,0,0,0,1.0,1,1.0,1,1.0,1,0.2174425101212206,62
3660,5,7382,2969,4413,0,0,0,1.0,1,1.0,1,1.0,1,0.2527000100444759,62
3661,0,7382,2969,4413,0,0,0,1.0,1,1.0,1,1.0,1,0.23481785342118228,61
3662,5,7387,2972,4415,0,0,0,1.0,1,1.0,1,1.0,1,0.26229351751192526,60
3663,5,7392,2976,4416,0,0,0,1.0,1,1.0,1,1.0,1,0.2525892424411665,61
3664,0,7392,2976,4416,0,0,0,1.0,1,1.0,1,1.0,1,0.21684096825547056,58
3665,3,7395,2979,4416,0,0,0,1.0,1,1.0,1,1.0,1,0.2446187318187808,58
3666,2,7397,2980,4417,0,0,0,1.0,1,1.0,1,1.0,1,0.20011522101284915,58
3667,2,7399,2982,4417,0,0,0,1.0,1,1.0,1,1.0,1,0.22067325547830077,58
3668,0,7399,2982,4417,0,0,0,1.0,1,1.0,1,1.0,1,0.22072547279608015,58
3669,1,7400,2983,4417,0,0,0,1.0,1,1.0,1,1.0,1,0.2650375452396052,57
3670,1,7401,2984,4417,0,0,0,1.0,1,1.0,1,1.0,1,0.282794359831117,56
3671,3,7404,2985,4419,0,0,0,1.0,1,1.0,1,1.0,1,0.29731299587574817,57
3672,2,7406,2986,4420,0,0,0,1.0,1,1.0,1,1.0,1,0.2649705633313611,57
3673,1,7407,2986,4421,0,0,0,1.0,1,1.0,1,1.0,1,0.261962180495421,58
3674,0,7407,2986,4421,0,0,0,1.0,1,1.0,1,1.0,1,0.26629357833287876,57
3675,0,7407,2986,4421,0,0,0,1.0,1,1.0,1,1.0,1,0.27485072149039474,58
3676,7,7414,2987,4427,0,0,0,1.0,1,1.0,1,1.0,1,0.22067821487251224,59
3677,2,7416,2988,4428,0,0,0,1.0,1,1.0,1,1.0,1,0.23593071920250244,60
3678,2,7418,2988,4430,0,0,0,1.0,1,1.0,1,1.0,1,0.2342580261248703,62
3679,2,7420,2988,4432,0,0,0,1.0,1,1.0,1,1.0,1,0.20176455526783646,62
3680,0,7420,2988,4432,0,0,0,1.0,1,1.0,1,1.0,1,0.18506328636473834,63
3681,0,7420,2988,4432,0,0,0,1.0,1,1.0,1,1.0,1,0.19503168958886755,64
3682,0,7420,2988,4432,0,0,0,1.0,1,1.0,1,1.0,1,0.19503168958886755,64
3683,0,7420,2988,4432,0,0,0,1.0,1,1.0,1,1.0,1,0.19503168958886755,64
3684,1,7421,2989,4432,0,0,0,1.0,1,1.0,1,1.0,1,0.21373562473238877,64
3685,0,7421,2989,4432,0,0,0,1.0,1,1.0,1,1.0,1,0.21373562473238877,64
3686,0,7421,2989,4432,0,0,0,1.0,1,1.0,1,1.0,1,0.21845141628216114,65
3687,0,7421,2989,4432,0,0,0,1.0,1,1.0,1,1.0,1,0.21845141628216114,65
3688,0,7421,2989,4432,0,0,0,1.0,1,1.0,1,1.0,1,0.22986898007241321,66
3689,0,7421,2989,4432,0,0,0,1.0,1,1.0,1,1.0,1,0.22986898007241321,66
3690,3,7424,2989,4435,0,0,0,1.0,1,1.0,1,1.0,1,0.19398466899852368,67
3691,1,7425,2989,4436,0,0,0,1.0,1,1.0,1,1.0,1,0.20347246995552482,68
3692,1,7426,2989,4437,0,0,0,1.0,1,1.0,1,1.0,1,0.1875459020451693,69
3693,4,7430,2990,4440,0,0,0,1.0,1,1.0,1,1.0,1,0.16679847489379407,69
3694,2,7432,2991,4441,0,0,0,1.0,1,1.0,1,1.0,1,0.18178392639409485,70
3695,3,7435,2991,4444,0,0,0,1.0,1,1.0,1,1.0,1,0.15408502891229536,70
3696,1,7436,2991,4445,0,0,0,1.0,1,1.0,1,1.0,1,0.14389112547130042,71
3697,2,7438,2993,4445,0,0,0,1.0,1,1.0,1,1.0,1,0.14330842125167526,70
3698,1,7439,2993,4446,0,0,0,1.0,1,1.0,1,1.0,1,0.1587187988362515,70
3699,2,7441,2994,4447,0,0,0,1.0,1,1.0,1,1.0,1,0.14484406957842438,70
3700,4,7445,2998,4447,0,0,0,1.0,1,1.0,1,1.0,1,0.17354865269982686,68
3701,2,7447,2998,4449,0,0,0,1.0,1,1.0,1,1.0,1,0.1482976757893174,69
3702,1,7448,2999,4449,0,0,0,1.0,1,1.0,1,1.0,1,0.15570207689308907,69
3703,0,7448,2999,4449,0,0,0,1.0,1,1.0,1,1.0,1,0.16798345301034331,70
3704,1,7449,3000,4449,0,0,0,1.0,1,1.0,1,1.0,1,0.16253875215136693,69
3705,1,7450,3000,4450,0,0,0,1.0,1,1.0,1,1.0,1,0.1330373350295229,69
3706,3,7453,3001,4452,0,0,0,1.0,1,1.0,1,1.0,1,0.13629204004180293,69
3707,0,7453,3001,4452,0,0,0,1.0,1,1.0,1,1.0,1,0.13390889121965704,67
3708,0,7453,3001,4452,0,0,0,1.0,1,1.0,1,1.0,1,0.14625213801470693,67
3709,1,7454,3001,4453,0,0,0,1.0,1,1.0,1,1.0,1,0.14275101014024966,67
3710,0,7454,3001,4453,0,0,0,1.0,1,1.0,1,1.0,1,0.14024266049740333,67
3711,0,7454,3001,4453,0,0,0,1.0,1,1.0,1,1.0,1,0.15003188323538957,68
3712,0,7454,3001,4453,0,0,0,1.0,1,1.0,1,1.0,1,0.15003188323538957,68
3713,2,7456,3003,4453,0,0,0,1.0,1,1.0,1,1.0,1,0.16504676445840688,68
3714,0,7456,3003,4453,0,0,0,1.0,1,1.0,1,1.0,1,0.17952035402315628,67
3715,2,7458,3004,4454,0,0,0,1.0,1,1.0,1,1.0,1,0.17132655408282957,68
3716,1,7459,3005,4454,0,0,0,1.0,1,1.0,1,1.0,1,0.17558913585538619,67
3717,0,7459,3005,4454,0,0,0,1.0,1,1.0,1,1.0,1,0.195037316564289,68
3718,0,7459,3005,4454,0,0,0,1.0,1,1.0,1,1.0,1,0.20387693447430041,68
3719,1,7460,3006,4454,0,0,0,1.0,1,1.0,1,1.0,1,0.25534929613804214,68
3720,2,7462,3006,4456,0,0,0,1.0,1,1.0,1,1.0,1,0.24380468702227817,68
3721,5,7467,3010,4457,0,0,0,1.0,1,1.0,1,1.0,1,0.2317291706779111,70
3722,2,7469,3010,4459,0,0,0,1.0,1,1.0,1,1.0,1,0.22599571145157224,71
3723,3,7472,3012,4460,0,0,0,1.0,1,1.0,1,1.0,1,0.231057223550383,71
3724,1,7473,3013,4460,0,0,0,1.0,1,1.0,1,1.0,1,0.23063000187730065,72
3725,3,7476,3015,4461,0,0,0,1.0,1,1.0,1,1.0,1,0.2336250931726409,72
3726,4,7480,3015,4465,0,0,0,1.0,1,1.0,1,1.0,1,0.19717176082151755,71
3727,1,7481,3016,4465,0,0,0,1.0,1,1.0,1,1.0,1,0.20023381626903916,71
3728,0,7481,3016,4465,0,0,0,1.0,1,1.0,1,1.0,1,0.20751897526720242,70
3729,1,7482,3017,4465,0,0,0,1.0,1,1.0,1,1.0,1,0.22211115241079013,70
3730,4,7486,3018,4468,0,0,0,1.0,1,1.0,1,1.0,1,0.21768837046177036,71
3731,0,7486,3018,4468,0,0,0,1.0,1,1.0,1,1.0,1,0.21768837046177036,71
3732,0,7486,3018,4468,0,0,0,1.0,1,1.0,1,1.0,1,0.2131672569124808,72
3733,1,7487,3019,4468,0,0,0,1.0,1,1.0,1,1.0,1,0.23414509113891635,73
3734,5,7492,3020,4472,0,0,0,1.0,1,1.0,1,1.0,1,0.2137181005249651,74
3735,2,7494,3021,4473,0,0,0,1.0,1,1.0,1,1.0,1,0.21068915153196108,72
3736,0,7494,3021,4473,0,0,0,1.0,1,1.0,1,1.0,1,0.19033609940835858,72
3737,1,7495,3021,4474,0,0,0,1.0,1,1.0,1,1.0,1,0.18233520349920768,73
3738,2,7497,3021,4476,0,0,0,1.0,1,1.0,1,1.0,1,0.15169910254635044,72
3739,0,7497,3021,4476,0,0,0,1.0,1,1.0,1,1.0,1,0.14663065151117258,73
3740,0,7497,3021,4476,0,0,0,1.0,1,1.0,1,1.0,1,0.1654701216665555,70
3741,0,7497,3021,4476,0,0,0,1.0,1,1.0,1,1.0,1,0.1654701216665555,70
3742,2,7499,3023,4476,0,0,0,1.0,1,1.0,1,1.0,1,0.169791220918856,70
3743,1,7500,3023,4477,0,0,0,1.0,1,1.0,1,1.0,1,0.1840756107101866,69
3744,5,7505,3028,4477,0,0,0,1.0,1,1.0,1,1.0,1,0.2508080404576046,69
3745,1,7506,3028,4478,0,0,0,1.0,1,1.0,1,1.0,1,0.20547503447408175,68
3746,1,7507,3029,4478,0,0,0,1.0,1,1.0,1,1.0,1,0.23354453211858295,66
3747,1,7508,3030,4478,0,0,0,1.0,1,1.0,1,1.0,1,0.21969621565102856,66
3748,2,7510,3032,4478,0,0,0,1.0,1,1.0,1,1.0,1,0.19985636589040928,65
3749,0,7510,3032,4478,0,0,0,1.0,1,1.0,1,1.0,1,0.2080217711950287,64
3750,2,7512,3034,4478,0,0,0,1.0,1,1.0,1,1.0,1,0.23901762617606664,63
3751,4,7516,3034,4482,0,0,0,1.0,1,1.0,1,1.0,1,0.18549885942295585,64
3752,4,7520,3037,4483,0,0,0,1.0,1,1.0,1,1.0,1,0.19328817374659707,64
3753,3,7523,3037,4486,0,0,0,1.0,1,1.0,1,1.0,1,0.15388378474999478,65
3754,3,7526,3039,4487,0,0,0,1.0,1,1.0,1,1.0,1,0.16400212760753063,65
3755,4,7530,3041,4489,0,0,0,1.0,1,1.0,1,1.0,1,0.17222352247420122,65
3756,1,7531,3042,4489,0,0,0,1.0,1,1.0,1,1.0,1,0.17960672134230585,65
3757,3,7534,3044,4490,0,0,0,1.0,1,1.0,1,1.0,1,0.1791466200218222,65
3758,0,7534,3044,4490,0,0,0,1.0,1,1.0,1,1.0,1,0.18426478557627465,64
3759,1,7535,3045,4490,0,0,0,1.0,1,1.0,1,1.0,1,0.19273653890135892,64
3760,2,7537,3045,4492,0,0,0,1.0,1,1.0,1,1.0,1,0.1893372562219094,63
3761,0,7537,3045,4492,0,0,0,1.0,1,1.0,1,1.0,1,0.1893372562219094,63
3762,1,7538,3045,4493,0,0,0,1.0,1,1.0,1,1.0,1,0.17507880736556497,65
3763,1,7539,3046,4493,0,0,0,1.0,1,1.0,1,1.0,1,0.1875619018157183,65
3764,3,7542,3046,4496,0,0,0,1.0,1,1.0,1,1.0,1,0.17438854114049815,66
3765,2,7544,3046,4498,0,0,0,1.0,1,1.0,1,1.0,1,0.17550808070583443,67
3766,2,7546,3048,4498,0,0,0,1.0,1,1.0,1,1.0,1,0.1963146990128798,67
3767,1,7547,3049,4498,0,0,0,1.0,1,1.0,1,1.0,1,0.19710282102204177,68
3768,4,7551,3052,4499,0,0,0,1.0,1,1.0,1,1.0,1,0.25784588048483315,67
3769,2,7553,3052,4501,0,0,0,1.0,1,1.0,1,1.0,1,0.2357366148803849,69
3770,3,7556,3052,4504,0,0,0,1.0,1,1.0,1,1.0,1,0.241132493316772,69
3771,3,7559,3052,4507,0,0,0,1.0,1,1.0,1,1.0,1,0.24604106462869652,69
3772,6,7565,3052,4513,0,0,0,1.0,1,1.0,1,1.0,1,0.2302463928621945,70
3773,4,7569,3052,4517,0,0,0,1.0,1,1.0,1,1.0,1,0.22852593192126985,68
3774,2,7571,3052,4519,0,0,0,1.0,1,1.0,1,1.0,1,0.23608938487430045,68
3775,6,7577,3054,4523,0,0,0,1.0,1,1.0,1,1.0,1,0.2383230794499536,68
3776,7,7584,3056,4528,0,0,0,1.0,1,1.0,1,1.0,1,0.16521785806092376,66
3777,1,7585,3057,4528,0,0,0,1.0,1,1.0,1,1.0,1,0.16741472160529094,65
3778,2,7587,3058,4529,0,0,0,1.0,1,1.0,1,1.0,1,0.146279956209949,65
3779,1,7588,3059,4529,0,0,0,1.0,1,1.0,1,1.0,1,0.15922558865299424,65
3780,1,7589,3060,4529,0,0,0,1.0,1,1.0,1,1.0,1,0.15522122606407374,64
3781,0,7589,3060,4529,0,0,0,1.0,1,1.0,1,1.0,1,0.15522122606407374,64
3782,1,7590,3061,4529,0,0,0,1.0,1,1.0,1,1.0,1,0.17458572095985608,67
3783,1,7591,3062,4529,0,0,0,1.0,1,1.0,1,1.0,1,0.16896040759070183,65
3784,2,7593,3064,4529,0,0,0,1.0,1,1.0,1,1.0,1,0.17565070880694225,65
3785,1,7594,3065,4529,0,0,0,1.0,1,1.0,1,1.0,1,0.20376562155118308,63
3786,1,7595,3066,4529,0,0,0,1.0,1,1.0,1,1.0,1,0.22441019123188546,66
3787,3,7598,3067,4531,0,0,0,1.0,1,1.0,1,1.0,1,0.22981108898756547,65
3788,1,7599,3067,4532,0,0,0,1.0,1,1.0,1,1.0,1,0.20561914602870637,65
3789,2,7601,3069,4532,0,0,0,1.0,1,1.0,1,1.0,1,0.23197828396601072,65
3790,1,7602,3070,4532,0,0,0,1.0,1,1.0,1,1.0,1,0.26286208417524964,64
3791,4,7606,3072,4534,0,0,0,1.0,1,1.0,1,1.0,1,0.27194329048000065,64
3792,2,7608,3074,4534,0,0,0,1.0,1,1.0,1,1.0,1,0.28364117451614584,65
3793,3,7611,3075,4536,0,0,0,1.0,1,1.0,1,1.0,1,0.27604892714833146,68
3794,1,7612,3076,4536,0,0,0,1.0,1,1.0,1,1.0,1,0.29427766079072876,68
3795,3,7615,3077,4538,0,0,0,1.0,1,1.0,1,1.0,1,0.2886082552086315,69
3796,2,7617,3078,4539,0,0,0,1.0,1,1.0,1,1.0,1,0.28126357207103675,69
3797,2,7619,3079,4540,0,0,0,1.0,1,1.0,1,1.0,1,0.2758749869341651,70
3798,0,7619,3079,4540,0,0,0,1.0,1,1.0,1,1.0,1,0.2758749869341651,70
3799,0,7619,3079,4540,0,0,0,1.0,1,1.0,1,1.0,1,0.2855222784114756,69
3800,0,7619,3079,4540,0,0,0,1.0,1,1.0,1,1.0,1,0.2855222784114756,69
3801,11,7630,3080,4550,0,0,0,1.0,1,1.0,1,1.0,1,0.20284847031345934,67
3802,0,7630,3080,4550,0,0,0,1.0,1,1.0,1,1.0,1,0.20284847031345934,67
3803,2,7632,3082,4550,0,0,0,1.0,1,1.0,1,1.0,1,0.20802894746745182,69
3804,2,7634,3083,4551,0,0,0,1.0,1,1.0,1,1.0,1,0.20782917657365663,70
3805,3,7637,3085,4552,0,0,0,1.0,1,1.0,1,1.0,1,0.22480535986261127,71
3806,3,7640,3086,4554,0,0,0,1.0,1,1.0,1,1.0,1,0.2229102908126958,71
3807,1,7641,3087,4554,0,0,0,1.0,1,1.0,1,1.0,1,0.24512314080145725,72
3808,0,7641,3087,4554,0,0,0,1.0,1,1.0,1,1.0,1,0.24512314080145725,72
3809,1,7642,3088,4554,0,0,0,1.0,1,1.0,1,1.0,1,0.25522728804617995,72
3810,2,7644,3089,4555,0,0,0,1.0,1,1.0,1,1.0,1,0.2704240561943489,72
3811,5,7649,3089,4560,0,0,0,1.0,1,1.0,1,1.0,1,0.22751670033965782,71
3812,4,7653,3089,4564,0,0,0,1.0,1,1.0,1,1.0,1,0.23237776162908627,72
3813,4,7657,3090,4567,0,0,0,1.0,1,1.0,1,1.0,1,0.23364661658059782,71
3814,5,7662,3092,4570,0,0,0,1.0,1,1.0,1,1.0,1,0.24584698528638244,72
3815,4,7666,3092,4574,0,0,0,1.0,1,1.0,1,1.0,1,0.23348772026971226,71
3816,4,7670,3092,4578,0,0,0,1.0,1,1.0,1,1.0,1,0.25525743736100354,69
3817,3,7673,3092,4581,0,0,0,1.0,1,1.0,1,1.0,1,0.2542880982129307,72
3818,6,7679,3092,4587,0,0,0,1.0,1,1.0,1,1.0,1,0.24076652682633862,72
3819,7,7686,3093,4593,0,0,0,1.0,1,1.0,1,1.0,1,0.24924677069921328,72
3820,3,7689,3094,4595,0,0,0,1.0,1,1.0,1,1.0,1,0.2809449858428959,72
3821,5,7694,3096,4598,0,0,0,1.0,1,1.0,1,1.0,1,0.3181573671144112,72
3822,7,7701,3097,4604,0,0,0,1.0,1,1.0,1,1.0,1,0.33048159142797223,69
3823,4,7705,3098,4607,0,0,0,1.0,1,1.0,1,1.0,1,0.3292440780614916,69
3824,1,7706,3099,4607,0,0,0,1.0,1,1.0,1,1.0,1,0.3342033724389776,65
3825,1,7707,3099,4608,0,0,0,1.0,1,1.0,1,1.0,1,0.328072110349779,64
3826,6,7713,3101,4612,0,0,0,1.0,1,1.0,1,1.0,1,0.2835615046593141,65
3827,2,7715,3102,4613,0,0,0,1.0,1,1.0,1,1.0,1,0.26993370817485607,64
3828,1,7716,3103,4613,0,0,0,1.0,1,1.0,1,1.0,1,0.26376919840255536,65
3829,5,7721,3106,4615,0,0,0,1.0,1,1.0,1,1.0,1,0.27779358466209436,65
3830,2,7723,3106,4617,0,0,0,1.0,1,1.0,1,1.0,1,0.2685877839720372,64
3831,6,7729,3109,4620,0,0,0,1.0,1,1.0,1,1.0,1,0.2643944862032555,63
3832,3,7732,3110,4622,0,0,0,1.0,1,1.0,1,1.0,1,0.2665929404867217,64
3833,1,7733,3111,4622,0,0,0,1.0,1,1.0,1,1.0,1,0.27214310114087126,64
3834,0,7733,3111,4622,0,0,0,1.0,1,1.0,1,1.0,1,0.28107598595170113,63
3835,1,7734,3112,4622,0,0,0,1.0,1,1.0,1,1.0,1,0.29891679177451047,63
3836,3,7737,3113,4624,0,0,0,1.0,1,1.0,1,1.0,1,0.2754575184433482,63
3837,2,7739,3115,4624,0,0,0,1.0,1,1.0,1,1.0,1,0.30374671930728003,62
3838,2,7741,3116,4625,0,0,0,1.0,1,1.0,1,1.0,1,0.30350180508268115,62
3839,1,7742,3117,4625,0,0,0,1.0,1,1.0,1,1.0,1,0.3221054142563879,60
3840,2,7744,3117,4627,0,0,0,1.0,1,1.0,1,1.0,1,0.307502900564324,62
3841,4,7748,3118,4630,0,0,0,1.0,1,1.0,1,1.0,1,0.3253703683088204,62
3842,3,7751,3118,4633,0,0,0,1.0,1,1.0,1,1.0,1,0.284607895617672,63
3843,1,7752,3118,4634,0,0,0,1.0,1,1.0,1,1.0,1,0.2771353789507549,64
3844,6,7758,3118,4640,0,0,0,1.0,1,1.0,1,1.0,1,0.2584294179926802,65
3845,4,7762,3118,4644,0,0,0,1.0,1,1.0,1,1.0,1,0.23905564823381353,66
3846,1,7763,3118,4645,0,0,0,1.0,1,1.0,1,1.0,1,0.23966848213377223,67
3847,2,7765,3118,4647,0,0,0,1.0,1,1.0,1,1.0,1,0.22565156515993873,67
3848,5,7770,3119,4651,0,0,0,1.0,1,1.0,1,1.0,1,0.20665001936735178,67
3849,4,7774,3119,4655,0,0,0,1.0,1,1.0,1,1.0,1,0.20210232143611556,67
3850,3,7777,3121,4656,0,0,0,1.0,1,1.0,1,1.0,1,0.18238135778822862,68
3851,3,7780,3122,4658,0,0,0,1.0,1,1.0,1,1.0,1,0.17157770504655967,68
3852,2,7782,3122,4660,0,0,0,1.0,1,1.0,1,1.0,1,0.17886118300717418,70
3853,1,7783,3123,4660,0,0,0,1.0,1,1.0,1,1.0,1,0.18609265460078303,70
3854,0,7783,3123,4660,0,0,0,1.0,1,1.0,1,1.0,1,0.18609265460078303,70
3855,1,7784,3124,4660,0,0,0,1.0,1,1.0,1,1.0,1,0.21067070286313352,69
3856,3,7787,3124,4663,0,0,0,1.0,1,1.0,1,1.0,1,0.1838661564161215,70
3857,3,7790,3127,4663,0,0,0,1.0,1,1.0,1,1.0,1,0.21812328238178535,68
3858,4,7794,3128,4666,0,0,0,1.0,1,1.0,1,1.0,1,0.218709521572268,67
3859,2,7796,3128,4668,0,0,0,1.0,1,1.0,1,1.0,1,0.21378911393580236,66
3860,2,7798,3128,4670,0,0,0,1.0,1,1.0,1,1.0,1,0.24056407153430565,66
3861,2,7800,3128,4672,0,0,0,1.0,1,1.0,1,1.0,1,0.24056832324498556,66
3862,3,7803,3131,4672,0,0,0,1.0,1,1.0,1,1.0,1,0.2840330423409022,66
3863,2,7805,3131,4674,0,0,0,1.0,1,1.0,1,1.0,1,0.252830045797589,63
3864,1,7806,3132,4674,0,0,0,1.0,1,1.0,1,1.0,1,0.2615654205669773,63
3865,1,7807,3133,4674,0,0,0,1.0,1,1.0,1,1.0,1,0.26440488731612927,61
3866,0,7807,3133,4674,0,0,0,1.0,1,1.0,1,1.0,1,0.2580566109906525,61
3867,1,7808,3134,4674,0,0,0,1.0,1,1.0,1,1.0,1,0.2680491595077148,60
3868,2,7810,3136,4674,0,0,0,1.0,1,1.0,1,1.0,1,0.2760909238490505,59
3869,3,7813,3138,4675,0,0,0,1.0,1,1.0,1,1.0,1,0.27458421461431975,61
3870,1,7814,3139,4675,0,0,0,1.0,1,1.0,1,1.0,1,0.29052067239981383,61
3871,4,7818,3140,4678,0,0,0,1.0,1,1.0,1,1.0,1,0.2956677254696826,64
3872,0,7818,3140,4678,0,0,0,1.0,1,1.0,1,1.0,1,0.29686929703321674,63
3873,0,7818,3140,4678,0,0,0,1.0,1,1.0,1,1.0,1,0.30105309938025454,62
3874,3,7821,3141,4680,0,0,0,1.0,1,1.0,1,1.0,1,0.2948068716171319,63
3875,0,7821,3141,4680,0,0,0,1.0,1,1.0,1,1.0,1,0.3018724375778739,61
3876,7,7828,3141,4687,0,0,0,1.0,1,1.0,1,1.0,1,0.21602851304267884,62
3877,8,7836,3142,4694,0,0,0,1.0,1,1.0,1,1.0,1,0.1741119519580611,63
3878,3,7839,3143,4696,0,0,0,1.0,1,1.0,1,1.0,1,0.16697649776435977,63
3879,2,7841,3144,4697,0,0,0,1.0,1,1.0,1,1.0,1,0.17659380359508345,63
3880,0,7841,3144,4697,0,0,0,1.0,1,1.0,1,1.0,1,0.17175581274261115,65
3881,0,7841,3144,4697,0,0,0,1.0,1,1.0,1,1.0,1,0.17175581274261115,65
3882,1,7842,3145,4697,0,0,0,1.0,1,1.0,1,1.0,1,0.1586236088206794,66
3883,0,7842,3145,4697,0,0,0,1.0,1,1.0,1,1.0,1,0.1586236088206794,66
3884,0,7842,3145,4697,0,0,0,1.0,1,1.0,1,1.0,1,0.1586236088206794,66
3885,1,7843,3146,4697,0,0,0,1.0,1,1.0,1,1.0,1,0.18053289393620614,66
3886,3,7846,3148,4698,0,0,0,1.0,1,1.0,1,1.0,1,0.20191167756236372,65
3887,1,7847,3148,4699,0,0,0,1.0,1,1.0,1,1.0,1,0.20271726830533673,65
3888,2,7849,3149,4700,0,0,0,1.0,1,1.0,1,1.0,1,0.22145794744258335,66
3889,2,7851,3150,4701,0,0,0,1.0,1,1.0,1,1.0,1,0.2136440660321903,64
3890,1,7852,3150,4702,0,0,0,1.0,1,1.0,1,1.0,1,0.22658144288610624,63
3891,3,7855,3151,4704,0,0,0,1.0,1,1.0,1,1.0,1,0.23546244878302217,66
3892,2,7857,3152,4705,0,0,0,1.0,1,1.0,1,1.0,1,0.22798928610894761,67
3893,1,7858,3152,4706,0,0,0,1.0,1,1.0,1,1.0,1,0.20899998904103917,66
3894,1,7859,3152,4707,0,0,0,1.0,1,1.0,1,1.0,1,0.22063606663268354,67
3895,3,7862,3153,4709,0,0,0,1.0,1,1.0,1,1.0,1,0.2388716727751628,66
3896,3,7865,3154,4711,0,0,0,1.0,1,1.0,1,1.0,1,0.25107256609887496,66
3897,2,7867,3154,4713,0,0,0,1.0,1,1.0,1,1.0,1,0.25984496218908926,65
3898,8,7875,3158,4717,0,0,0,1.0,1,1.0,1,1.0,1,0.2930219446547828,65
3899,4,7879,3161,4718,0,0,0,1.0,1,1.0,1,1.0,1,0.31768788519518437,64
3900,3,7882,3162,4720,0,0,0,1.0,1,1.0,1,1.0,1,0.3370980116620344,63
3901,6,7888,3164,4724,0,0,0,1.0,1,1.0,1,1.0,1,0.28938540367195703,63
3902,2,7890,3164,4726,0,0,0,1.0,1,1.0,1,1.0,1,0.28565505058231166,64
3903,4,7894,3167,4727,0,0,0,1.0,1,1.0,1,1.0,1,0.242423341211393,64
3904,3,7897,3170,4727,0,0,0,1.0,1,1.0,1,1.0,1,0.22665177267396724,63
3905,0,7897,3170,4727,0,0,0,1.0,1,1.0,1,1.0,1,0.2431918455345652,63
3906,4,7901,3173,4728,0,0,0,1.0,1,1.0,1,1.0,1,0.20731069802417113,64
3907,3,7904,3175,4729,0,0,0,1.0,1,1.0,1,1.0,1,0.1970489639272641,64
3908,1,7905,3176,4729,0,0,0,1.0,1,1.0,1,1.0,1,0.1895077460877929,63
3909,0,7905,3176,4729,0,0,0,1.0,1,1.0,1,1.0,1,0.19962275287646616,62
3910,0,7905,3176,4729,0,0,0,1.0,1,1.0,1,1.0,1,0.21062238523737392,62
3911,2,7907,3177,4730,0,0,0,1.0,1,1.0,1,1.0,1,0.21690680748387278,64
3912,1,7908,3177,4731,0,0,0,1.0,1,1.0,1,1.0,1,0.19764083119207246,64
3913,0,7908,3177,4731,0,0,0,1.0,1,1.0,1,1.0,1,0.20978236962218896,65
3914,0,7908,3177,4731,0,0,0,1.0,1,1.0,1,1.0,1,0.23069233861071028,65
3915,0,7908,3177,4731,0,0,0,1.0,1,1.0,1,1.0,1,0.22786148892376898,66
3916,5,7913,3178,4735,0,0,0,1.0,1,1.0,1,1.0,1,0.21689813278450837,66
3917,1,7914,3178,4736,0,0,0,1.0,1,1.0,1,1.0,1,0.21233580431533794,66
3918,3,7917,3178,4739,0,0,0,1.0,1,1.0,1,1.0,1,0.18400010829954144,67
3919,1,7918,3179,4739,0,0,0,1.0,1,1.0,1,1.0,1,0.19117189433229226,68
3920,1,7919,3179,4740,0,0,0,1.0,1,1.0,1,1.0,1,0.17552642516907652,69
3921,1,7920,3179,4741,0,0,0,1.0,1,1.0,1,1.0,1,0.18444387433110487,68
3922,2,7922,3181,4741,0,0,0,1.0,1,1.0,1,1.0,1,0.19994119255797257,68
3923,0,7922,3181,4741,0,0,0,1.0,1,1.0,1,1.0,1,0.20942822607091527,69
3924,0,7922,3181,4741,0,0,0,1.0,1,1.0,1,1.0,1,0.2109296289114476,69
3925,4,7926,3184,4742,0,0,0,1.0,1,1.0,1,1.0,1,0.2093900623547205,67
3926,3,7929,3184,4745,0,0,0,1.0,1,1.0,1,1.0,1,0.18608029748222427,67
3927,0,7929,3184,4745,0,0,0,1.0,1,1.0,1,1.0,1,0.21505613230810358,65
3928,0,7929,3184,4745,0,0,0,1.0,1,1.0,1,1.0,1,0.21505613230810358,65
3929,3,7932,3187,4745,0,0,0,1.0,1,1.0,1,1.0,1,0.22796486995145868,64
3930,0,7932,3187,4745,0,0,0,1.0,1,1.0,1,1.0,1,0.23289156674633307,64
3931,2,7934,3189,4745,0,0,0,1.0,1,1.0,1,1.0,1,0.26270284003369987,62
3932,1,7935,3190,4745,0,0,0,1.0,1,1.0,1,1.0,1,0.25619026395579075,62
3933,1,7936,3191,4745,0,0,0,1.0,1,1.0,1,1.0,1,0.2703796645823029,62
3934,1,7937,3192,4745,0,0,0,1.0,1,1.0,1,1.0,1,0.2771187040224674,61
3935,1,7938,3192,4746,0,0,0,1.0,1,1.0,1,1.0,1,0.27331218701321913,64
3936,3,7941,3192,4749,0,0,0,1.0,1,1.0,1,1.0,1,0.2582185493953012,65
3937,0,7941,3192,4749,0,0,0,1.0,1,1.0,1,1.0,1,0.24447689496089098,66
3938,1,7942,3193,4749,0,0,0,1.0,1,1.0,1,1.0,1,0.2613578524822653,66
3939,1,7943,3193,4750,0,0,0,1.0,1,1.0,1,1.0,1,0.26266715082452596,67
3940,0,7943,3193,4750,0,0,0,1.0,1,1.0,1,1.0,1,0.25377547869655676,69
3941,1,7944,3194,4750,0,0,0,1.0,1,1.0,1,1.0,1,0.25049592793880027,69
3942,3,7947,3196,4751,0,0,0,1.0,1,1.0,1,1.0,1,0.2328515587038078,69
3943,2,7949,3197,4752,0,0,0,1.0,1,1.0,1,1.0,1,0.24498861605928848,68
3944,3,7952,3199,4753,0,0,0,1.0,1,1.0,1,1.0,1,0.2391315211228362,68
3945,7,7959,3203,4756,0,0,0,1.0,1,1.0,1,1.0,1,0.24914316582797352,67
3946,4,7963,3206,4757,0,0,0,1.0,1,1.0,1,1.0,1,0.2750422180985308,67
3947,2,7965,3206,4759,0,0,0,1.0,1,1.0,1,1.0,1,0.27265306400046085,66
3948,0,7965,3206,4759,0,0,0,1.0,1,1.0,1,1.0,1,0.2829645605815527,67
3949,8,7973,3210,4763,0,0,0,1.0,1,1.0,1,1.0,1,0.2893627612916,66
3950,3,7976,3210,4766,0,0,0,1.0,1,1.0,1,1.0,1,0.28675100478686344,65
3951,7,7983,3210,4773,0,0,0,1.0,1,1.0,1,1.0,1,0.22904689627357525,65
3952,2,7985,3211,4774,0,0,0,1.0,1,1.0,1,1.0,1,0.22163578490131086,65
3953,2,7987,3212,4775,0,0,0,1.0,1,1.0,1,1.0,1,0.24452411564306642,65
3954,1,7988,3212,4776,0,0,0,1.0,1,1.0,1,1.0,1,0.22505640738207763,64
3955,1,7989,3212,4777,0,0,0,1.0,1,1.0,1,1.0,1,0.24329482168870445,64
3956,1,7990,3212,4778,0,0,0,1.0,1,1.0,1,1.0,1,0.2419460774933362,63
3957,0,7990,3212,4778,0,0,0,1.0,1,1.0,1,1.0,1,0.2419460774933362,63
3958,1,7991,3212,4779,0,0,0,1.0,1,1.0,1,1.0,1,0.2508998248240424,63
3959,3,7994,3213,4781,0,0,0,1.0,1,1.0,1,1.0,1,0.26602446859295426,62
3960,1,7995,3213,4782,0,0,0,1.0,1,1.0,1,1.0,1,0.2538563718099256,62
3961,5,8000,3215,4785,0,0,0,1.0,1,1.0,1,1.0,1,0.2768129611450843,64
3962,2,8002,3216,4786,0,0,0,1.0,1,1.0,1,1.0,1,0.3049548062856655,64
3963,3,8005,3218,4787,0,0,0,1.0,1,1.0,1,1.0,1,0.2930277569669182,62
3964,1,8006,3219,4787,0,0,0,1.0,1,1.0,1,1.0,1,0.30979834908751597,63
3965,1,8007,3219,4788,0,0,0,1.0,1,1.0,1,1.0,1,0.2701151299859538,63
3966,0,8007,3219,4788,0,0,0,1.0,1,1.0,1,1.0,1,0.27715845467022376,62
3967,0,8007,3219,4788,0,0,0,1.0,1,1.0,1,1.0,1,0.27739357786756946,64
3968,0,8007,3219,4788,0,0,0,1.0,1,1.0,1,1.0,1,0.2752835142461485,63
3969,3,8010,3219,4791,0,0,0,1.0,1,1.0,1,1.0,1,0.2729581396826167,63
3970,5,8015,3219,4796,0,0,0,1.0,1,1.0,1,1.0,1,0.2755577248192852,65
3971,3,8018,3219,4799,0,0,0,1.0,1,1.0,1,1.0,1,0.2753213876786232,65
3972,4,8022,3220,4802,0,0,0,1.0,1,1.0,1,1.0,1,0.26190440993805675,66
3973,1,8023,3220,4803,0,0,0,1.0,1,1.0,1,1.0,1,0.2680344354282823,66
3974,3,8026,3223,4803,0,0,0,1.0,1,1.0,1,1.0,1,0.29544194461058115,66
3975,3,8029,3225,4804,0,0,0,1.0,1,1.0,1,1.0,1,0.2918017466109655,66
3976,8,8037,3226,4811,0,0,0,1.0,1,1.0,1,1.0,1,0.23251979192558545,66
3977,3,8040,3227,4813,0,0,0,1.0,1,1.0,1,1.0,1,0.24030828377934782,64
3978,1,8041,3228,4813,0,0,0,1.0,1,1.0,1,1.0,1,0.2593704994417061,63
3979,0,8041,3228,4813,0,0,0,1.0,1,1.0,1,1.0,1,0.28159903088614424,63
3980,1,8042,3228,4814,0,0,0,1.0,1,1.0,1,1.0,1,0.2771355207288525,63
3981,4,8046,3229,4817,0,0,0,1.0,1,1.0,1,1.0,1,0.27589990336517495,64
3982,6,8052,3229,4823,0,0,0,1.0,1,1.0,1,1.0,1,0.24134024532404313,65
3983,1,8053,3229,4824,0,0,0,1.0,1,1.0,1,1.0,1,0.2306779899131122,64
3984,6,8059,3232,4827,0,0,0,1.0,1,1.0,1,1.0,1,0.22702883416213726,65
3985,3,8062,3234,4828,0,0,0,1.0,1,1.0,1,1.0,1,0.23666181092254704,64
3986,2,8064,3234,4830,0,0,0,1.0,1,1.0,1,1.0,1,0.24688368969886268,63
3987,2,8066,3235,4831,0,0,0,1.0,1,1.0,1,1.0,1,0.22901171809580248,63
3988,1,8067,3236,4831,0,0,0,1.0,1,1.0,1,1.0,1,0.2050542838035435,63
3989,3,8070,3237,4833,0,0,0,1.0,1,1.0,1,1.0,1,0.20252969338997145,63
3990,1,8071,3237,4834,0,0,0,1.0,1,1.0,1,1.0,1,0.2252196653050558,62
3991,0,8071,3237,4834,0,0,0,1.0,1,1.0,1,1.0,1,0.2252196653050558,62
3992,1,8072,3237,4835,0,0,0,1.0,1,1.0,1,1.0,1,0.20781728202259253,65
3993,1,8073,3238,4835,0,0,0,1.0,1,1.0,1,1.0,1,0.21689530367098483,65
3994,0,8073,3238,4835,0,0,0,1.0,1,1.0,1,1.0,1,0.21978656995534587,64
3995,2,8075,3238,4837,0,0,0,1.0,1,1.0,1,1.0,1,0.2019320810593985,64
3996,0,8075,3238,4837,0,0,0,1.0,1,1.0,1,1.0,1,0.20228589388654425,67
3997,1,8076,3238,4838,0,0,0,1.0,1,1.0,1,1.0,1,0.20542187960846653,69
3998,4,8080,3239,4841,0,0,0,1.0,1,1.0,1,1.0,1,0.18229982715112425,69
3999,1,8081,3239,4842,0,0,0,1.0,1,1.0,1,1.0,1,0.19011760288116591,69
4000,0,8081,3239,4842,0,0,0,1.0,1,1.0,1,1.0,1,0.1838569459890462,69
4001,6,8087,3239,4848,0,0,0,1.0,1,1.0,1,1.0,1,0.10381681873701856,68
4002,2,8089,3240,4849,0,0,0,1.0,1,1.0,1,1.0,1,0.12695820117256976,68
4003,1,8090,3240,4850,0,0,0,1.0,1,1.0,1,1.0,1,0.15181854392765368,68
4004,1,8091,3241,4850,0,0,0,1.0,1,1.0,1,1.0,1,0.16443486386157286,67
4005,0,8091,3241,4850,0,0,0,1.0,1,1.0,1,1.0,1,0.16443486386157286,67
4006,0,8091,3241,4850,0,0,0,1.0,1,1.0,1,1.0,1,0.16443486386157286,67
4007,3,8094,3243,4851,0,0,0,1.0,1,1.0,1,1.0,1,0.20668039905254568,67
4008,9,8103,3247,4856,0,0,0,1.0,1,1.0,1,1.0,1,0.23158443148146157,67
4009,6,8109,3250,4859,0,0,0,1.0,1,1.0,1,1.0,1,0.24560748461160195,67
4010,2,8111,3250,4861,0,0,0,1.0,1,1.0,1,1.0,1,0.2556682393958427,66
4011,5,8116,3252,4864,0,0,0,1.0,1,1.0,1,1.0,1,0.26530222795663366,66
4012,5,8121,3253,4868,0,0,0,1.0,1,1.0,1,1.0,1,0.23764958166926167,66
4013,5,8126,3253,4873,0,0,0,1.0,1,1.0,1,1.0,1,0.20964101847526265,66
4014,5,8131,3256,4875,0,0,0,1.0,1,1.0,1,1.0,1,0.25138029098553727,66
4015,2,8133,3256,4877,0,0,0,1.0,1,1.0,1,1.0,1,0.2564433424118636,64
4016,6,8139,3257,4882,0,0,0,1.0,1,1.0,1,1.0,1,0.2925078699675515,64
4017,5,8144,3257,4887,0,0,0,1.0,1,1.0,1,1.0,1,0.31794980837234404,66
4018,9,8153,3257,4896,0,0,0,1.0,1,1.0,1,1.0,1,0.28155665077588027,67
4019,3,8156,3257,4899,0,0,0,1.0,1,1.0,1,1.0,1,0.29031431219649667,67
4020,1,8157,3257,4900,0,0,0,1.0,1,1.0,1,1.0,1,0.3047931610646214,66
4021,4,8161,3259,4902,0,0,0,1.0,1,1.0,1,1.0,1,0.3086413044161643,66
4022,5,8166,3260,4906,0,0,0,1.0,1,1.0,1,1.0,1,0.3190514667941862,66
4023,8,8174,3263,4911,0,0,0,1.0,1,1.0,1,1.0,1,0.33928365986240566,66
4024,7,8181,3266,4915,0,0,0,1.0,1,1.0,1,1.0,1,0.3545017029008374,66
4025,4,8185,3266,4919,0,0,0,1.0,1,1.0,1,1.0,1,0.35000294185228825,66
4026,12,8197,3268,4929,0,0,0,1.0,1,1.0,1,1.0,1,0.27474465262206266,66
4027,2,8199,3268,4931,0,0,0,1.0,1,1.0,1,1.0,1,0.26192023881056187,64
4028,2,8201,3270,4931,0,0,0,1.0,1,1.0,1,1.0,1,0.27102928013240024,63
4029,3,8204,3271,4933,0,0,0,1.0,1,1.0,1,1.0,1,0.2677856230012444,62
4030,3,8207,3273,4934,0,0,0,1.0,1,1.0,1,1.0,1,0.29754622900327976,63
4031,3,8210,3274,4936,0,0,0,1.0,1,1.0,1,1.0,1,0.28099298536721123,62
4032,4,8214,3277,4937,0,0,0,1.0,1,1.0,1,1.0,1,0.23790770632539332,62
4033,4,8218,3279,4939,0,0,0,1.0,1,1.0,1,1.0,1,0.24252173540688515,61
4034,4,8222,3281,4941,0,0,0,1.0,1,1.0,1,1.0,1,0.24954323489757146,60
4035,0,8222,3281,4941,0,0,0,1.0,1,1.0,1,1.0,1,0.2659091594705512,59
4036,2,8224,3283,4941,0,0,0,1.0,1,1.0,1,1.0,1,0.26042794077283654,58
4037,3,8227,3284,4943,0,0,0,1.0,1,1.0,1,1.0,1,0.27130085002750254,59
4038,0,8227,3284,4943,0,0,0,1.0,1,1.0,1,1.0,1,0.28992243245236593,58
4039,2,8229,3285,4944,0,0,0,1.0,1,1.0,1,1.0,1,0.3178662349021444,56
4040,1,8230,3285,4945,0,0,0,1.0,1,1.0,1,1.0,1,0.3157931388720411,55
4041,1,8231,3286,4945,0,0,0,1.0,1,1.0,1,1.0,1,0.33292607986499534,54
4042,3,8234,3287,4947,0,0,0,1.0,1,1.0,1,1.0,1,0.3236762738178259,56
4043,5,8239,3288,4951,0,0,0,1.0,1,1.0,1,1.0,1,0.34017824395040486,56
4044,5,8244,3289,4955,0,0,0,1.0,1,1.0,1,1.0,1,0.3565083121139432,56
4045,4,8248,3290,4958,0,0,0,1.0,1,1.0,1,1.0,1,0.3412125246783986,57
4046,4,8252,3290,4962,0,0,0,1.0,1,1.0,1,1.0,1,0.39350920679458873,59
4047,9,8261,3292,4969,0,0,0,1.0,1,1.0,1,1.0,1,0.4220496634996729,59
4048,9,8270,3292,4978,0,0,0,1.0,1,1.0,1,1.0,1,0.4014193947813283,59
4049,6,8276,3292,4984,0,0,0,1.0,1,1.0,1,1.0,1,0.3868926259538135,60
4050,3,8279,3292,4987,0,0,0,1.0,1,1.0,1,1.0,1,0.37952603666606854,60
4051,5,8284,3293,4991,0,0,0,1.0,1,1.0,1,1.0,1,0.339660941446286,60
4052,0,8284,3293,4991,0,0,0,1.0,1,1.0,1,1.0,1,0.339660941446286,60
4053,0,8284,3293,4991,0,0,0,1.0,1,1.0,1,1.0,1,0.339660941446286,60
4054,2,8286,3294,4992,0,0,0,1.0,1,1.0,1,1.0,1,0.32885931917715605,61
4055,2,8288,3294,4994,0,0,0,1.0,1,1.0,1,1.0,1,0.30990604160466656,61
4056,0,8288,3294,4994,0,0,0,1.0,1,1.0,1,1.0,1,0.30826375832760444,62
4057,1,8289,3294,4995,0,0,0,1.0,1,1.0,1,1.0,1,0.305860433318716,63
4058,0,8289,3294,4995,0,0,0,1.0,1,1.0,1,1.0,1,0.32436285163850725,64
4059,0,8289,3294,4995,0,0,0,1.0,1,1.0,1,1.0,1,0.33928750333487906,63
4060,1,8290,3295,4995,0,0,0,1.0,1,1.0,1,1.0,1,0.34213092761855457,63
4061,0,8290,3295,4995,0,0,0,1.0,1,1.0,1,1.0,1,0.3474598944477943,63
4062,1,8291,3296,4995,0,0,0,1.0,1,1.0,1,1.0,1,0.3347173115848142,65
4063,2,8293,3296,4997,0,0,0,1.0,1,1.0,1,1.0,1,0.3054143109256115,64
4064,4,8297,3298,4999,0,0,0,1.0,1,1.0,1,1.0,1,0.28601164794785383,65
4065,4,8301,3300,5001,0,0,0,1.0,1,1.0,1,1.0,1,0.26765111915667106,64
4066,4,8305,3302,5003,0,0,0,1.0,1,1.0,1,1.0,1,0.2707956107800603,64
4067,6,8311,3303,5008,0,0,0,1.0,1,1.0,1,1.0,1,0.2571595772541964,63
4068,0,8311,3303,5008,0,0,0,1.0,1,1.0,1,1.0,1,0.2636199062619976,64
4069,5,8316,3305,5011,0,0,0,1.0,1,1.0,1,1.0,1,0.22779512037018332,62
4070,5,8321,3308,5013,0,0,0,1.0,1,1.0,1,1.0,1,0.26385170992325024,61
4071,6,8327,3311,5016,0,0,0,1.0,1,1.0,1,1.0,1,0.27193551080782924,61
4072,2,8329,3312,5017,0,0,0,1.0,1,1.0,1,1.0,1,0.2691915188286918,60
4073,2,8331,3313,5018,0,0,0,1.0,1,1.0,1,1.0,1,0.26665270971371463,60
4074,5,8336,3317,5019,0,0,0,1.0,1,1.0,1,1.0,1,0.33338305754052083,60
4075,1,8337,3318,5019,0,0,0,1.0,1,1.0,1,1.0,1,0.2942946242030449,59
4076,14,8351,3320,5031,0,0,0,1.0,1,1.0,1,1.0,1,0.22989622830395878,60
4077,5,8356,3322,5034,0,0,0,1.0,1,1.0,1,1.0,1,0.25069151566837394,61
4078,3,8359,3322,5037,0,0,0,1.0,1,1.0,1,1.0,1,0.25393445745368226,60
4079,5,8364,3323,5041,0,0,0,1.0,1,1.0,1,1.0,1,0.2665636099401743,58
4080,3,8367,3324,5043,0,0,0,1.0,1,1.0,1,1.0,1,0.2603254505256659,56
4081,4,8371,3324,5047,0,0,0,1.0,1,1.0,1,1.0,1,0.2654890272538899,56
4082,3,8374,3324,5050,0,0,0,1.0,1,1.0,1,1.0,1,0.2955859369174409,55
4083,2,8376,3325,5051,0,0,0,1.0,1,1.0,1,1.0,1,0.3240491514759152,55
4084,3,8379,3326,5053,0,0,0,1.0,1,1.0,1,1.0,1,0.3220639301486541,55
4085,4,8383,3326,5057,0,0,0,1.0,1,1.0,1,1.0,1,0.32197150488687043,56
4086,4,8387,3327,5060,0,0,0,1.0,1,1.0,1,1.0,1,0.2995167201107475,57
4087,5,8392,3328,5064,0,0,0,1.0,1,1.0,1,1.0,1,0.31555104171604265,57
4088,5,8397,3328,5069,0,0,0,1.0,1,1.0,1,1.0,1,0.32457998912765745,57
4089,6,8403,3328,5075,0,0,0,1.0,1,1.0,1,1.0,1,0.3530740402999719,56
4090,7,8410,3329,5081,0,0,0,1.0,1,1.0,1,1.0,1,0.3391040338394278,56
4091,8,8418,3329,5089,0,0,0,1.0,1,1.0,1,1.0,1,0.321120327931335,56
4092,3,8421,3329,5092,0,0,0,1.0,1,1.0,1,1.0,1,0.31721539867262427,57
4093,7,8428,3331,5097,0,0,0,1.0,1,1.0,1,1.0,1,0.3471541088729874,58
4094,7,8435,3332,5103,0,0,0,1.0,1,1.0,1,1.0,1,0.36071748940136433,57
4095,5,8440,3334,5106,0,0,0,1.0,1,1.0,1,1.0,1,0.37029984578460107,57
4096,12,8452,3337,5115,0,0,0,1.0,1,1.0,1,1.0,1,0.32717694981932655,59
4097,7,8459,3338,5121,0,0,0,1.0,1,1.0,1,1.0,1,0.27799404602358196,59
4098,5,8464,3340,5124,0,0,0,1.0,1,1.0,1,1.0,1,0.260834632603855,59
4099,2,8466,3341,5125,0,0,0,1.0,1,1.0,1,1.0,1,0.25884309634683955,60
4100,2,8468,3342,5126,0,0,0,1.0,1,1.0,1,1.0,1,0.28531192039619074,60
4101,6,8474,3342,5132,0,0,0,1.0,1,1.0,1,1.0,1,0.19893582540632418,60
4102,5,8479,3345,5134,0,0,0,1.0,1,1.0,1,1.0,1,0.1685520979402939,60
4103,1,8480,3346,5134,0,0,0,1.0,1,1.0,1,1.0,1,0.19653562438394812,58
4104,4,8484,3349,5135,0,0,0,1.0,1,1.0,1,1.0,1,0.2051057108093104,60
4105,2,8486,3350,5136,0,0,0,1.0,1,1.0,1,1.0,1,0.2001535219948973,59
4106,1,8487,3350,5137,0,0,0,1.0,1,1.0,1,1.0,1,0.18712138705333162,61
4107,0,8487,3350,5137,0,0,0,1.0,1,1.0,1,1.0,1,0.18007706224950287,59
4108,0,8487,3350,5137,0,0,0,1.0,1,1.0,1,1.0,1,0.18249951443020954,60
4109,0,8487,3350,5137,0,0,0,1.0,1,1.0,1,1.0,1,0.1798817600120583,59
4110,2,8489,3351,5138,0,0,0,1.0,1,1.0,1,1.0,1,0.18628779928867195,60
4111,1,8490,3351,5139,0,0,0,1.0,1,1.0,1,1.0,1,0.1888372767648094,61
4112,2,8492,3352,5140,0,0,0,1.0,1,1.0,1,1.0,1,0.18268273642437752,60
4113,2,8494,3353,5141,0,0,0,1.0,1,1.0,1,1.0,1,0.16927452641660662,61
4114,0,8494,3353,5141,0,0,0,1.0,1,1.0,1,1.0,1,0.1805998336161735,62
4115,2,8496,3354,5142,0,0,0,1.0,1,1.0,1,1.0,1,0.1801258229747944,60
4116,2,8498,3355,5143,0,0,0,1.0,1,1.0,1,1.0,1,0.17897320013686768,59
4117,6,8504,3360,5144,0,0,0,1.0,1,1.0,1,1.0,1,0.21798745645139572,56
4118,0,8504,3360,5144,0,0,0,1.0,1,1.0,1,1.0,1,0.21089164682198552,55
4119,1,8505,3361,5144,0,0,0,1.0,1,1.0,1,1.0,1,0.21311489234869394,53
4120,3,8508,3363,5145,0,0,0,1.0,1,1.0,1,1.0,1,0.22240180951172048,52
4121,2,8510,3365,5145,0,0,0,1.0,1,1.0,1,1.0,1,0.2246578448648477,53
4122,1,8511,3366,5145,0,0,0,1.0,1,1.0,1,1.0,1,0.24209801661446798,52
4123,4,8515,3370,5145,0,0,0,1.0,1,1.0,1,1.0,1,0.2564537658339437,51
4124,2,8517,3372,5145,0,0,0,1.0,1,1.0,1,1.0,1,0.29444554671505685,51
4125,1,8518,3373,5145,0,0,0,1.0,1,1.0,1,1.0,1,0.269607837949918,50
4126,12,8530,3376,5154,0,0,0,1.0,1,1.0,1,1.0,1,0.21441624206876317,50
4127,1,8531,3376,5155,0,0,0,1.0,1,1.0,1,1.0,1,0.19198975542303787,49
4128,1,8532,3376,5156,0,0,0,1.0,1,1.0,1,1.0,1,0.2017153416087485,49
4129,0,8532,3376,5156,0,0,0,1.0,1,1.0,1,1.0,1,0.2017153416087485,49
4130,1,8533,3376,5157,0,0,0,1.0,1,1.0,1,1.0,1,0.16451828495201215,50
4131,0,8533,3376,5157,0,0,0,1.0,1,1.0,1,1.0,1,0.16451828495201215,50
4132,0,8533,3376,5157,0,0,0,1.0,1,1.0,1,1.0,1,0.16451828495201215,50
4133,1,8534,3377,5157,0,0,0,1.0,1,1.0,1,1.0,1,0.1974664197125501,51
4134,0,8534,3377,5157,0,0,0,1.0,1,1.0,1,1.0,1,0.1930108224641354,53
4135,2,8536,3377,5159,0,0,0,1.0,1,1.0,1,1.0,1,0.17765914841788188,54
4136,0,8536,3377,5159,0,0,0,1.0,1,1.0,1,1.0,1,0.17765914841788188,54
4137,0,8536,3377,5159,0,0,0,1.0,1,1.0,1,1.0,1,0.17485678629066415,55
4138,0,8536,3377,5159,0,0,0,1.0,1,1.0,1,1.0,1,0.18393324411796166,54
4139,1,8537,3378,5159,0,0,0,1.0,1,1.0,1,1.0,1,0.17459897091984627,54
4140,3,8540,3380,5160,0,0,0,1.0,1,1.0,1,1.0,1,0.1982753604394347,55
4141,0,8540,3380,5160,0,0,0,1.0,1,1.0,1,1.0,1,0.21009837954616395,55
4142,2,8542,3381,5161,0,0,0,1.0,1,1.0,1,1.0,1,0.20207484905377426,55
4143,1,8543,3382,5161,0,0,0,1.0,1,1.0,1,1.0,1,0.22803828746312232,53
4144,2,8545,3384,5161,0,0,0,1.0,1,1.0,1,1.0,1,0.2306191516296133,52
4145,2,8547,3385,5162,0,0,0,1.0,1,1.0,1,1.0,1,0.25042780014651894,51
4146,2,8549,3387,5162,0,0,0,1.0,1,1.0,1,1.0,1,0.2597326014209262,51
4147,1,8550,3388,5162,0,0,0,1.0,1,1.0,1,1.0,1,0.27231968816702695,50
4148,3,8553,3390,5163,0,0,0,1.0,1,1.0,1,1.0,1,0.31444234965592044,52
4149,0,8553,3390,5163,0,0,0,1.0,1,1.0,1,1.0,1,0.29437396960099427,53
4150,2,8555,3392,5163,0,0,0,1.0,1,1.0,1,1.0,1,0.3221561347410065,53
4151,4,8559,3392,5167,0,0,0,1.0,1,1.0,1,1.0,1,0.22025021873582917,53
4152,3,8562,3394,5168,0,0,0,1.0,1,1.0,1,1.0,1,0.18302457586272844,54
4153,3,8565,3396,5169,0,0,0,1.0,1,1.0,1,1.0,1,0.20569999185038815,51
4154,0,8565,3396,5169,0,0,0,1.0,1,1.0,1,1.0,1,0.20569999185038815,51
4155,2,8567,3398,5169,0,0,0,1.0,1,1.0,1,1.0,1,0.24510653437194574,51
4156,3,8570,3399,5171,0,0,0,1.0,1,1.0,1,1.0,1,0.2435171214531186,52
4157,0,8570,3399,5171,0,0,0,1.0,1,1.0,1,1.0,1,0.2565803446904754,52
4158,2,8572,3399,5173,0,0,0,1.0,1,1.0,1,1.0,1,0.22533433442134623,52
4159,0,8572,3399,5173,0,0,0,1.0,1,1.0,1,1.0,1,0.21522735834550508,52
4160,2,8574,3401,5173,0,0,0,1.0,1,1.0,1,1.0,1,0.2418726145887936,50
4161,1,8575,3401,5174,0,0,0,1.0,1,1.0,1,1.0,1,0.21451965695170186,50
4162,2,8577,3402,5175,0,0,0,1.0,1,1.0,1,1.0,1,0.23161299146606798,51
4163,4,8581,3403,5178,0,0,0,1.0,1,1.0,1,1.0,1,0.2296035042593349,48
4164,6,8587,3405,5182,0,0,0,1.0,1,1.0,1,1.0,1,0.3048685546895725,50
4165,3,8590,3405,5185,0,0,0,1.0,1,1.0,1,1.0,1,0.30391518137065376,49
4166,2,8592,3405,5187,0,0,0,1.0,1,1.0,1,1.0,1,0.2721319035647467,50
4167,1,8593,3405,5188,0,0,0,1.0,1,1.0,1,1.0,1,0.26820640750771035,50
4168,1,8594,3406,5188,0,0,0,1.0,1,1.0,1,1.0,1,0.28256679079337793,50
4169,1,8595,3407,5188,0,0,0,1.0,1,1.0,1,1.0,1,0.2809220637149736,51
4170,0,8595,3407,5188,0,0,0,1.0,1,1.0,1,1.0,1,0.3005193858775737,50
4171,5,8600,3410,5190,0,0,0,1.0,1,1.0,1,1.0,1,0.29485051240353016,50
4172,1,8601,3410,5191,0,0,0,1.0,1,1.0,1,1.0,1,0.3165903053808342,49
4173,4,8605,3411,5194,0,0,0,1.0,1,1.0,1,1.0,1,0.3691412690518155,48
4174,6,8611,3412,5199,0,0,0,1.0,1,1.0,1,1.0,1,0.3428759029341591,48
4175,1,8612,3413,5199,0,0,0,1.0,1,1.0,1,1.0,1,0.31849188091219965,48
4176,4,8616,3414,5202,0,0,0,1.0,1,1.0,1,1.0,1,0.3027050113061517,50
4177,4,8620,3414,5206,0,0,0,1.0,1,1.0,1,1.0,1,0.2617716422829115,52
4178,4,8624,3415,5209,0,0,0,1.0,1,1.0,1,1.0,1,0.24582383410218106,53
4179,0,8624,3415,5209,0,0,0,1.0,1,1.0,1,1.0,1,0.2556806444231794,54
4180,0,8624,3415,5209,0,0,0,1.0,1,1.0,1,1.0,1,0.2611374891259111,55
4181,2,8626,3415,5211,0,0,0,1.0,1,1.0,1,1.0,1,0.23637726392111696,56
4182,1,8627,3416,5211,0,0,0,1.0,1,1.0,1,1.0,1,0.24127812773875523,56
4183,1,8628,3417,5211,0,0,0,1.0,1,1.0,1,1.0,1,0.2526144101941091,57
4184,5,8633,3419,5214,0,0,0,1.0,1,1.0,1,1.0,1,0.24430712050560918,57
4185,2,8635,3419,5216,0,0,0,1.0,1,1.0,1,1.0,1,0.23679382601173113,54
4186,1,8636,3420,5216,0,0,0,1.0,1,1.0,1,1.0,1,0.23885264481198215,55
4187,0,8636,3420,5216,0,0,0,1.0,1,1.0,1,1.0,1,0.23352562561831372,53
4188,0,8636,3420,5216,0,0,0,1.0,1,1.0,1,1.0,1,0.23352562561831372,53
4189,1,8637,3421,5216,0,0,0,1.0,1,1.0,1,1.0,1,0.26571928409912227,53
4190,1,8638,3422,5216,0,0,0,1.0,1,1.0,1,1.0,1,0.2423900048426993,53
4191,0,8638,3422,5216,0,0,0,1.0,1,1.0,1,1.0,1,0.2369268102267518,51
4192,2,8640,3424,5216,0,0,0,1.0,1,1.0,1,1.0,1,0.27043494670276996,51
4193,3,8643,3427,5216,0,0,0,1.0,1,1.0,1,1.0,1,0.2783660127631108,50
4194,1,8644,3427,5217,0,0,0,1.0,1,1.0,1,1.0,1,0.2685963505614944,50
4195,1,8645,3428,5217,0,0,0,1.0,1,1.0,1,1.0,1,0.3059063498342863,50
4196,3,8648,3429,5219,0,0,0,1.0,1,1.0,1,1.0,1,0.3310387830547347,51
4197,1,8649,3430,5219,0,0,0,1.0,1,1.0,1,1.0,1,0.3330971930718842,50
4198,2,8651,3431,5220,0,0,0,1.0,1,1.0,1,1.0,1,0.3080586932359953,48
4199,2,8653,3431,5222,0,0,0,1.0,1,1.0,1,1.0,1,0.31608472138966337,48
4200,0,8653,3431,5222,0,0,0,1.0,1,1.0,1,1.0,1,0.3260784273604389,48
4201,1,8654,3431,5223,0,0,0,1.0,1,1.0,1,1.0,1,0.341318248940343,47
4202,1,8655,3432,5223,0,0,0,1.0,1,1.0,1,1.0,1,0.35339009744470085,47
4203,0,8655,3432,5223,0,0,0,1.0,1,1.0,1,1.0,1,0.35339009744470085,47
4204,5,8660,3434,5226,0,0,0,1.0,1,1.0,1,1.0,1,0.3696609928549848,48
4205,0,8660,3434,5226,0,0,0,1.0,1,1.0,1,1.0,1,0.35927859515893484,49
4206,1,8661,3435,5226,0,0,0,1.0,1,1.0,1,1.0,1,0.3715078051679191,49
4207,2,8663,3435,5228,0,0,0,1.0,1,1.0,1,1.0,1,0.34930762635020124,48
4208,1,8664,3436,5228,0,0,0,1.0,1,1.0,1,1.0,1,0.32948485655307497,49
4209,3,8667,3437,5230,0,0,0,1.0,1,1.0,1,1.0,1,0.32047976762205616,51
4210,1,8668,3438,5230,0,0,0,1.0,1,1.0,1,1.0,1,0.3309368852605818,52
4211,2,8670,3438,5232,0,0,0,1.0,1,1.0,1,1.0,1,0.3338282383647255,53
4212,0,8670,3438,5232,0,0,0,1.0,1,1.0,1,1.0,1,0.3338282383647255,53
4213,0,8670,3438,5232,0,0,0,1.0,1,1.0,1,1.0,1,0.3383817572560847,54
4214,1,8671,3438,5233,0,0,0,1.0,1,1.0,1,1.0,1,0.325215499880767,54
4215,1,8672,3439,5233,0,0,0,1.0,1,1.0,1,1.0,1,0.31797358270490406,54
4216,0,8672,3439,5233,0,0,0,1.0,1,1.0,1,1.0,1,0.3386185673175582,53
4217,5,8677,3442,5235,0,0,0,1.0,1,1.0,1,1.0,1,0.3539254828284255,54
4218,3,8680,3444,5236,0,0,0,1.0,1,1.0,1,1.0,1,0.37010119119229173,53
4219,0,8680,3444,5236,0,0,0,1.0,1,1.0,1,1.0,1,0.37010119119229173,53
4220,3,8683,3444,5239,0,0,0,1.0,1,1.0,1,1.0,1,0.3723701605704307,53
4221,4,8687,3444,5243,0,0,0,1.0,1,1.0,1,1.0,1,0.37448640233518654,54
4222,5,8692,3448,5244,0,0,0,1.0,1,1.0,1,1.0,1,0.3825565459602971,55
4223,2,8694,3448,5246,0,0,0,1.0,1,1.0,1,1.0,1,0.36324743553235794,56
4224,1,8695,3449,5246,0,0,0,1.0,1,1.0,1,1.0,1,0.35887337062640484,55
4225,0,8695,3449,5246,0,0,0,1.0,1,1.0,1,1.0,1,0.3509296221043813,53
4226,4,8699,3451,5248,0,0,0,1.0,1,1.0,1,1.0,1,0.35400157414885364,54
4227,1,8700,3452,5248,0,0,0,1.0,1,1.0,1,1.0,1,0.35618720876536425,52
4228,3,8703,3455,5248,0,0,0,1.0,1,1.0,1,1.0,1,0.36918863839569516,51
4229,4,8707,3457,5250,0,0,0,1.0,1,1.0,1,1.0,1,0.3826533934892892,48
4230,3,8710,3460,5250,0,0,0,1.0,1,1.0,1,1.0,1,0.43624327904224175,48
4231,5,8715,3461,5254,0,0,0,1.0,1,1.0,1,1.0,1,0.3644065028440045,48
4232,2,8717,3461,5256,0,0,0,1.0,1,1.0,1,1.0,1,0.31681694904520363,48
4233,0,8717,3461,5256,0,0,0,1.0,1,1.0,1,1.0,1,0.2977545006188995,48
4234,1,8718,3462,5256,0,0,0,1.0,1,1.0,1,1.0,1,0.3189923771705574,49
4235,4,8722,3463,5259,0,0,0,1.0,1,1.0,1,1.0,1,0.2820101769548964,47
4236,1,8723,3464,5259,0,0,0,1.0,1,1.0,1,1.0,1,0.3255784455925037,47
4237,1,8724,3464,5260,0,0,0,1.0,1,1.0,1,1.0,1,0.3068799149031157,48
4238,0,8724,3464,5260,0,0,0,1.0,1,1.0,1,1.0,1,0.32673603775348725,47
4239,2,8726,3464,5262,0,0,0,1.0,1,1.0,1,1.0,1,0.30653615182076005,48
4240,1,8727,3465,5262,0,0,0,1.0,1,1.0,1,1.0,1,0.31508128068285185,47
4241,0,8727,3465,5262,0,0,0,1.0,1,1.0,1,1.0,1,0.32329491169160984,49
4242,0,8727,3465,5262,0,0,0,1.0,1,1.0,1,1.0,1,0.32021764160001526,49
4243,5,8732,3467,5265,0,0,0,1.0,1,1.0,1,1.0,1,0.2710650347264422,50
4244,1,8733,3468,5265,0,0,0,1.0,1,1.0,1,1.0,1,0.3155649694595548,51
4245,1,8734,3468,5266,0,0,0,1.0,1,1.0,1,1.0,1,0.33371318461844346,51
4246,0,8734,3468,5266,0,0,0,1.0,1,1.0,1,1.0,1,0.33371318461844346,51
4247,2,8736,3468,5268,0,0,0,1.0,1,1.0,1,1.0,1,0.3388978118381013,52
4248,4,8740,3468,5272,0,0,0,1.0,1,1.0,1,1.0,1,0.30388509793246127,52
4249,1,8741,3468,5273,0,0,0,1.0,1,1.0,1,1.0,1,0.30084023108095137,52
4250,3,8744,3469,5275,0,0,0,1.0,1,1.0,1,1.0,1,0.26782574590042985,52
4251,7,8751,3472,5279,0,0,0,1.0,1,1.0,1,1.0,1,0.2354722257064136,53
4252,5,8756,3473,5283,0,0,0,1.0,1,1.0,1,1.0,1,0.2041472952886886,53
4253,6,8762,3477,5285,0,0,0,1.0,1,1.0,1,1.0,1,0.21288315310619793,54
4254,5,8767,3479,5288,0,0,0,1.0,1,1.0,1,1.0,1,0.20950644141918304,54
4255,1,8768,3480,5288,0,0,0,1.0,1,1.0,1,1.0,1,0.22544773054674405,55
4256,2,8770,3480,5290,0,0,0,1.0,1,1.0,1,1.0,1,0.17126361945914992,57
4257,0,8770,3480,5290,0,0,0,1.0,1,1.0,1,1.0,1,0.17126361945914992,57
4258,0,8770,3480,5290,0,0,0,1.0,1,1.0,1,1.0,1,0.17243508412078934,57
4259,1,8771,3480,5291,0,0,0,1.0,1,1.0,1,1.0,1,0.1593695408265111,57
4260,2,8773,3480,5293,0,0,0,1.0,1,1.0,1,1.0,1,0.16243459520178902,58
4261,3,8776,3480,5296,0,0,0,1.0,1,1.0,1,1.0,1,0.1615310275036192,59
4262,2,8778,3481,5297,0,0,0,1.0,1,1.0,1,1.0,1,0.16398585906493898,60
4263,2,8780,3482,5298,0,0,0,1.0,1,1.0,1,1.0,1,0.15361659284132476,59
4264,2,8782,3484,5298,0,0,0,1.0,1,1.0,1,1.0,1,0.1844169048972806,58
4265,1,8783,3484,5299,0,0,0,1.0,1,1.0,1,1.0,1,0.1577761656207552,58
4266,3,8786,3485,5301,0,0,0,1.0,1,1.0,1,1.0,1,0.1772499256379777,58
4267,1,8787,3486,5301,0,0,0,1.0,1,1.0,1,1.0,1,0.18945933531686596,55
4268,2,8789,3488,5301,0,0,0,1.0,1,1.0,1,1.0,1,0.2266483478761198,55
4269,4,8793,3490,5303,0,0,0,1.0,1,1.0,1,1.0,1,0.2213423421529334,50
4270,2,8795,3492,5303,0,0,0,1.0,1,1.0,1,1.0,1,0.2928269085109698,47
4271,1,8796,3493,5303,0,0,0,1.0,1,1.0,1,1.0,1,0.30622104811787665,47
4272,0,8796,3493,5303,0,0,0,1.0,1,1.0,1,1.0,1,0.31515480632029413,46
4273,2,8798,3494,5304,0,0,0,1.0,1,1.0,1,1.0,1,0.32496020914060014,47
4274,6,8804,3497,5307,0,0,0,1.0,1,1.0,1,1.0,1,0.3164234036559467,45
4275,4,8808,3501,5307,0,0,0,1.0,1,1.0,1,1.0,1,0.3364426826926052,44
4276,6,8814,3502,5312,0,0,0,1.0,1,1.0,1,1.0,1,0.22363379337966757,43
4277,1,8815,3503,5312,0,0,0,1.0,1,1.0,1,1.0,1,0.21144543700590782,42
4278,3,8818,3505,5313,0,0,0,1.0,1,1.0,1,1.0,1,0.23886425405412423,43
4279,4,8822,3507,5315,0,0,0,1.0,1,1.0,1,1.0,1,0.3131312450313529,42
4280,4,8826,3509,5317,0,0,0,1.0,1,1.0,1,1.0,1,0.31366942188990404,44
4281,5,8831,3510,5321,0,0,0,1.0,1,1.0,1,1.0,1,0.30808896849587747,44
4282,2,8833,3510,5323,0,0,0,1.0,1,1.0,1,1.0,1,0.3105191337148115,44
4283,2,8835,3510,5325,0,0,0,1.0,1,1.0,1,1.0,1,0.28695898810968307,45
4284,0,8835,3510,5325,0,0,0,1.0,1,1.0,1,1.0,1,0.28695898810968307,45
4285,1,8836,3511,5325,0,0,0,1.0,1,1.0,1,1.0,1,0.28389877319171936,47
4286,1,8837,3511,5326,0,0,0,1.0,1,1.0,1,1.0,1,0.2611008733107435,47
4287,0,8837,3511,5326,0,0,0,1.0,1,1.0,1,1.0,1,0.2603195136665054,49
4288,0,8837,3511,5326,0,0,0,1.0,1,1.0,1,1.0,1,0.2603195136665054,49
4289,0,8837,3511,5326,0,0,0,1.0,1,1.0,1,1.0,1,0.2558743204135425,50
4290,4,8841,3512,5329,0,0,0,1.0,1,1.0,1,1.0,1,0.2496596131622504,51
4291,0,8841,3512,5329,0,0,0,1.0,1,1.0,1,1.0,1,0.25278649945886644,50
4292,5,8846,3513,5333,0,0,0,1.0,1,1.0,1,1.0,1,0.2567980080907033,51
4293,3,8849,3513,5336,0,0,0,1.0,1,1.0,1,1.0,1,0.2118561285883874,51
4294,1,8850,3514,5336,0,0,0,1.0,1,1.0,1,1.0,1,0.24164214557202596,50
4295,1,8851,3515,5336,0,0,0,1.0,1,1.0,1,1.0,1,0.2422017250180631,50
4296,0,8851,3515,5336,0,0,0,1.0,1,1.0,1,1.0,1,0.24002724299088762,49
4297,2,8853,3515,5338,0,0,0,1.0,1,1.0,1,1.0,1,0.24742231221174313,49
4298,0,8853,3515,5338,0,0,0,1.0,1,1.0,1,1.0,1,0.24742231221174313,49
4299,0,8853,3515,5338,0,0,0,1.0,1,1.0,1,1.0,1,0.2511996145038013,48
4300,2,8855,3516,5339,0,0,0,1.0,1,1.0,1,1.0,1,0.23993505800229556,49
4301,7,8862,3519,5343,0,0,0,1.0,1,1.0,1,1.0,1,0.18967181517059317,50
4302,3,8865,3520,5345,0,0,0,1.0,1,1.0,1,1.0,1,0.1716419440094729,51
4303,2,8867,3522,5345,0,0,0,1.0,1,1.0,1,1.0,1,0.19469800363062115,51
4304,5,8872,3527,5345,0,0,0,1.0,1,1.0,1,1.0,1,0.23995370103662508,51
4305,6,8878,3528,5350,0,0,0,1.0,1,1.0,1,1.0,1,0.2452368441182323,49
4306,4,8882,3531,5351,0,0,0,1.0,1,1.0,1,1.0,1,0.24277705401206254,49
4307,2,8884,3533,5351,0,0,0,1.0,1,1.0,1,1.0,1,0.26059778932116223,46
4308,1,8885,3533,5352,0,0,0,1.0,1,1.0,1,1.0,1,0.2648089982997743,44
4309,3,8888,3534,5354,0,0,0,1.0,1,1.0,1,1.0,1,0.24533113601924447,44
4310,2,8890,3535,5355,0,0,0,1.0,1,1.0,1,1.0,1,0.29139039358640145,42
4311,4,8894,3538,5356,0,0,0,1.0,1,1.0,1,1.0,1,0.2547975239140709,42
4312,1,8895,3539,5356,0,0,0,1.0,1,1.0,1,1.0,1,0.25816780634546105,40
4313,4,8899,3541,5358,0,0,0,1.0,1,1.0,1,1.0,1,0.27637512824824395,40
4314,2,8901,3542,5359,0,0,0,1.0,1,1.0,1,1.0,1,0.26149123217507836,36
4315,3,8904,3543,5361,0,0,0,1.0,1,1.0,1,1.0,1,0.2557911429321305,37
4316,4,8908,3546,5362,0,0,0,1.0,1,1.0,1,1.0,1,0.3470757757401955,37
4317,2,8910,3548,5362,0,0,0,1.0,1,1.0,1,1.0,1,0.3981767307921806,36
4318,2,8912,3549,5363,0,0,0,1.0,1,1.0,1,1.0,1,0.4021980433192353,34
4319,1,8913,3549,5364,0,0,0,1.0,1,1.0,1,1.0,1,0.3660792699243727,34
4320,0,8913,3549,5364,0,0,0,1.0,1,1.0,1,1.0,1,0.3660792699243727,34
4321,0,8913,3549,5364,0,0,0,1.0,1,1.0,1,1.0,1,0.3782840527348269,35
4322,0,8913,3549,5364,0,0,0,1.0,1,1.0,1,1.0,1,0.3782840527348269,35
4323,0,8913,3549,5364,0,0,0,1.0,1,1.0,1,1.0,1,0.3782840527348269,35
4324,0,8913,3549,5364,0,0,0,1.0,1,1.0,1,1.0,1,0.40157617690513764,34
4325,0,8913,3549,5364,0,0,0,1.0,1,1.0,1,1.0,1,0.40157617690513764,34
4326,6,8919,3551,5368,0,0,0,1.0,1,1.0,1,1.0,1,0.28796940199604704,36
4327,1,8920,3551,5369,0,0,0,1.0,1,1.0,1,1.0,1,0.2864870485446869,35
4328,0,8920,3551,5369,0,0,0,1.0,1,1.0,1,1.0,1,0.2864870485446869,35
4329,5,8925,3552,5373,0,0,0,1.0,1,1.0,1,1.0,1,0.22109493463106308,38
4330,3,8928,3554,5374,0,0,0,1.0,1,1.0,1,1.0,1,0.24177642715115988,38
4331,1,8929,3554,5375,0,0,0,1.0,1,1.0,1,1.0,1,0.21875395623128385,39
4332,1,8930,3554,5376,0,0,0,1.0,1,1.0,1,1.0,1,0.22309470014518107,40
4333,0,8930,3554,5376,0,0,0,1.0,1,1.0,1,1.0,1,0.1998831385736083,41
4334,2,8932,3555,5377,0,0,0,1.0,1,1.0,1,1.0,1,0.1895493533073883,41
4335,2,8934,3557,5377,0,0,0,1.0,1,1.0,1,1.0,1,0.17670311695593008,42
4336,0,8934,3557,5377,0,0,0,1.0,1,1.0,1,1.0,1,0.18069158875389704,43
4337,2,8936,3557,5379,0,0,0,1.0,1,1.0,1,1.0,1,0.14411414576587608,44
4338,2,8938,3557,5381,0,0,0,1.0,1,1.0,1,1.0,1,0.14493471354953533,44
4339,3,8941,3559,5382,0,0,0,1.0,1,1.0,1,1.0,1,0.14639663736694145,46
4340,3,8944,3560,5384,0,0,0,1.0,1,1.0,1,1.0,1,0.14345846627493372,47
4341,2,8946,3562,5384,0,0,0,1.0,1,1.0,1,1.0,1,0.1822071148820595,47
4342,3,8949,3565,5384,0,0,0,1.0,1,1.0,1,1.0,1,0.24589201894359297,47
4343,0,8949,3565,5384,0,0,0,1.0,1,1.0,1,1.0,1,0.20085579992125238,42
4344,2,8951,3567,5384,0,0,0,1.0,1,1.0,1,1.0,1,0.26691369870884796,42
4345,2,8953,3568,5385,0,0,0,1.0,1,1.0,1,1.0,1,0.25544753451433916,39
4346,3,8956,3570,5386,0,0,0,1.0,1,1.0,1,1.0,1,0.32258539456397034,37
4347,1,8957,3570,5387,0,0,0,1.0,1,1.0,1,1.0,1,0.3223582084305362,37
4348,4,8961,3574,5387,0,0,0,1.0,1,1.0,1,1.0,1,0.3706202119628105,38
4349,1,8962,3574,5388,0,0,0,1.0,1,1.0,1,1.0,1,0.2981676018879466,36
4350,6,8968,3579,5389,0,0,0,1.0,1,1.0,1,1.0,1,0.4027770091416276,37
4351,12,8980,3580,5400,0,0,0,1.0,1,1.0,1,1.0,1,0.29084473455627535,35
4352,1,8981,3580,5401,0,0,0,1.0,1,1.0,1,1.0,1,0.3445576958093157,34
4353,2,8983,3580,5403,0,0,0,1.0,1,1.0,1,1.0,1,0.3624487523909954,34
4354,2,8985,3580,5405,0,0,0,1.0,1,1.0,1,1.0,1,0.44496603544493796,32
4355,7,8992,3580,5412,0,0,0,1.0,1,1.0,1,1.0,1,0.30367502344862035,32
4356,4,8996,3582,5414,0,0,0,1.0,1,1.0,1,1.0,1,0.2854350402465628,34
4357,6,9002,3582,5420,0,0,0,1.0,1,1.0,1,1.0,1,0.21569203427802194,35
4358,4,9006,3583,5423,0,0,0,1.0,1,1.0,1,1.0,1,0.22024689891439156,35
4359,4,9010,3584,5426,0,0,0,1.0,1,1.0,1,1.0,1,0.2445392899414318,37
4360,6,9016,3584,5432,0,0,0,1.0,1,1.0,1,1.0,1,0.275973091730116,38
4361,2,9018,3584,5434,0,0,0,1.0,1,1.0,1,1.0,1,0.23836185636093485,39
4362,6,9024,3586,5438,0,0,0,1.0,1,1.0,1,1.0,1,0.29086415526668435,38
4363,1,9025,3586,5439,0,0,0,1.0,1,1.0,1,1.0,1,0.27090917581140944,38
4364,2,9027,3586,5441,0,0,0,1.0,1,1.0,1,1.0,1,0.25378671900451627,39
4365,2,9029,3586,5443,0,0,0,1.0,1,1.0,1,1.0,1,0.25378671900451627,39
4366,1,9030,3586,5444,0,0,0,1.0,1,1.0,1,1.0,1,0.27326406297416483,39
4367,1,9031,3586,5445,0,0,0,1.0,1,1.0,1,1.0,1,0.23368079788718588,41
4368,2,9033,3587,5446,0,0,0,1.0,1,1.0,1,1.0,1,0.3098038868353929,41
4369,1,9034,3587,5447,0,0,0,1.0,1,1.0,1,1.0,1,0.2869362093903543,42
4370,1,9035,3587,5448,0,0,0,1.0,1,1.0,1,1.0,1,0.3119494241401057,42
4371,6,9041,3587,5454,0,0,0,1.0,1,1.0,1,1.0,1,0.267680317917509,43
4372,6,9047,3588,5459,0,0,0,1.0,1,1.0,1,1.0,1,0.30116763917113587,43
4373,6,9053,3588,5465,0,0,0,1.0,1,1.0,1,1.0,1,0.2587291644001237,43
4374,7,9060,3588,5472,0,0,0,1.0,1,1.0,1,1.0,1,0.2540359945641373,44
4375,5,9065,3588,5477,0,0,0,1.0,1,1.0,1,1.0,1,0.2815327606871326,45
4376,5,9070,3588,5482,0,0,0,1.0,1,1.0,1,1.0,1,0.2011308348461594,46
4377,3,9073,3591,5482,0,0,0,1.0,1,1.0,1,1.0,1,0.23007306288061427,47
4378,5,9078,3593,5485,0,0,0,1.0,1,1.0,1,1.0,1,0.2114122463218054,49
4379,2,9080,3595,5485,0,0,0,1.0,1,1.0,1,1.0,1,0.2175312426256146,51
4380,2,9082,3595,5487,0,0,0,1.0,1,1.0,1,1.0,1,0.20138845061740226,50
4381,1,9083,3596,5487,0,0,0,1.0,1,1.0,1,1.0,1,0.2152952497162912,49
4382,4,9087,3599,5488,0,0,0,1.0,1,1.0,1,1.0,1,0.26523860660205506,47
4383,2,9089,3600,5489,0,0,0,1.0,1,1.0,1,1.0,1,0.2824362859096547,47
4384,6,9095,3602,5493,0,0,0,1.0,1,1.0,1,1.0,1,0.24570556090209086,44
4385,2,9097,3604,5493,0,0,0,1.0,1,1.0,1,1.0,1,0.25048171630995314,42
4386,2,9099,3605,5494,0,0,0,1.0,1,1.0,1,1.0,1,0.2830268191245923,41
4387,0,9099,3605,5494,0,0,0,1.0,1,1.0,1,1.0,1,0.27303394619474436,39
4388,0,9099,3605,5494,0,0,0,1.0,1,1.0,1,1.0,1,0.27303394619474436,39
4389,4,9103,3608,5495,0,0,0,1.0,1,1.0,1,1.0,1,0.33827858081067197,38
4390,0,9103,3608,5495,0,0,0,1.0,1,1.0,1,1.0,1,0.33896998980936177,38
4391,1,9104,3608,5496,0,0,0,1.0,1,1.0,1,1.0,1,0.27915858262429716,39
4392,2,9106,3608,5498,0,0,0,1.0,1,1.0,1,1.0,1,0.26161821914089434,39
4393,0,9106,3608,5498,0,0,0,1.0,1,1.0,1,1.0,1,0.2440956069382196,40
4394,0,9106,3608,5498,0,0,0,1.0,1,1.0,1,1.0,1,0.2487754767058948,39
4395,0,9106,3608,5498,0,0,0,1.0,1,1.0,1,1.0,1,0.2487754767058948,39
4396,0,9106,3608,5498,0,0,0,1.0,1,1.0,1,1.0,1,0.27702686966065176,39
4397,1,9107,3609,5498,0,0,0,1.0,1,1.0,1,1.0,1,0.28660492966802076,38
4398,0,9107,3609,5498,0,0,0,1.0,1,1.0,1,1.0,1,0.2606720901432737,39
4399,1,9108,3609,5499,0,0,0,1.0,1,1.0,1,1.0,1,0.24917746989286285,42
4400,0,9108,3609,5499,0,0,0,1.0,1,1.0,1,1.0,1,0.25097425281471436,43
4401,1,9109,3609,5500,0,0,0,1.0,1,1.0,1,1.0,1,0.23188564867860556,44
4402,0,9109,3609,5500,0,0,0,1.0,1,1.0,1,1.0,1,0.23188564867860556,44
4403,2,9111,3610,5501,0,0,0,1.0,1,1.0,1,1.0,1,0.19367624828509955,45
4404,0,9111,3610,5501,0,0,0,1.0,1,1.0,1,1.0,1,0.19367624828509955,45
4405,0,9111,3610,5501,0,0,0,1.0,1,1.0,1,1.0,1,0.20383137376364405,46
4406,1,9112,3611,5501,0,0,0,1.0,1,1.0,1,1.0,1,0.24215158156053987,46
4407,0,9112,3611,5501,0,0,0,1.0,1,1.0,1,1.0,1,0.24215158156053987,46
4408,0,9112,3611,5501,0,0,0,1.0,1,1.0,1,1.0,1,0.2352743536649508,47
4409,1,9113,3612,5501,0,0,0,1.0,1,1.0,1,1.0,1,0.27475850548864883,48
4410,1,9114,3612,5502,0,0,0,1.0,1,1.0,1,1.0,1,0.2560909713751866,48
4411,1,9115,3612,5503,0,0,0,1.0,1,1.0,1,1.0,1,0.24800452286801233,50
4412,1,9116,3612,5504,0,0,0,1.0,1,1.0,1,1.0,1,0.2435091846397896,50
4413,3,9119,3613,5506,0,0,0,1.0,1,1.0,1,1.0,1,0.22274919149725203,50
4414,2,9121,3614,5507,0,0,0,1.0,1,1.0,1,1.0,1,0.20776907551257257,51
4415,1,9122,3615,5507,0,0,0,1.0,1,1.0,1,1.0,1,0.19885357818690622,51
4416,1,9123,3615,5508,0,0,0,1.0,1,1.0,1,1.0,1,0.19386332353262328,51
4417,3,9126,3617,5509,0,0,0,1.0,1,1.0,1,1.0,1,0.19490584646515163,51
4418,2,9128,3618,5510,0,0,0,1.0,1,1.0,1,1.0,1,0.20752070992050445,51
4419,0,9128,3618,5510,0,0,0,1.0,1,1.0,1,1.0,1,0.19900260014857754,50
4420,3,9131,3619,5512,0,0,0,1.0,1,1.0,1,1.0,1,0.21453518119872,50
4421,3,9134,3619,5515,0,0,0,1.0,1,1.0,1,1.0,1,0.20034959724116966,52
4422,1,9135,3619,5516,0,0,0,1.0,1,1.0,1,1.0,1,0.21674310787053042,51
4423,0,9135,3619,5516,0,0,0,1.0,1,1.0,1,1.0,1,0.21674310787053042,51
4424,0,9135,3619,5516,0,0,0,1.0,1,1.0,1,1.0,1,0.22119681026965077,53
4425,0,9135,3619,5516,0,0,0,1.0,1,1.0,1,1.0,1,0.21944940173267366,54
4426,3,9138,3620,5518,0,0,0,1.0,1,1.0,1,1.0,1,0.19601542983521797,55
4427,1,9139,3620,5519,0,0,0,1.0,1,1.0,1,1.0,1,0.18527012713340432,55
4428,0,9139,3620,5519,0,0,0,1.0,1,1.0,1,1.0,1,0.18527012713340432,55
4429,0,9139,3620,5519,0,0,0,1.0,1,1.0,1,1.0,1,0.18415832502733495,56
4430,0,9139,3620,5519,0,0,0,1.0,1,1.0,1,1.0,1,0.17553935609924595,55
4431,0,9139,3620,5519,0,0,0,1.0,1,1.0,1,1.0,1,0.19129372635672884,56
4432,1,9140,3621,5519,0,0,0,1.0,1,1.0,1,1.0,1,0.1875862891462173,56
4433,2,9142,3621,5521,0,0,0,1.0,1,1.0,1,1.0,1,0.18185022884294882,57
4434,1,9143,3621,5522,0,0,0,1.0,1,1.0,1,1.0,1,0.188642785142585,56
4435,3,9146,3622,5524,0,0,0,1.0,1,1.0,1,1.0,1,0.1690732945616579,56
4436,3,9149,3625,5524,0,0,0,1.0,1,1.0,1,1.0,1,0.1632202884251529,55
4437,0,9149,3625,5524,0,0,0,1.0,1,1.0,1,1.0,1,0.17589186686175942,54
4438,1,9150,3626,5524,0,0,0,1.0,1,1.0,1,1.0,1,0.20885055037263114,54
4439,1,9151,3626,5525,0,0,0,1.0,1,1.0,1,1.0,1,0.19805816895192033,55
4440,1,9152,3627,5525,0,0,0,1.0,1,1.0,1,1.0,1,0.20476487313522163,55
4441,3,9155,3630,5525,0,0,0,1.0,1,1.0,1,1.0,1,0.21090272781696398,59
4442,2,9157,3631,5526,0,0,0,1.0,1,1.0,1,1.0,1,0.21322537072040576,61
4443,2,9159,3633,5526,0,0,0,1.0,1,1.0,1,1.0,1,0.24881136941841786,60
4444,5,9164,3633,5531,0,0,0,1.0,1,1.0,1,1.0,1,0.2114741033342698,61
4445,0,9164,3633,5531,0,0,0,1.0,1,1.0,1,1.0,1,0.2114741033342698,61
4446,2,9166,3634,5532,0,0,0,1.0,1,1.0,1,1.0,1,0.22974021932581387,62
4447,0,9166,3634,5532,0,0,0,1.0,1,1.0,1,1.0,1,0.2191168719208841,63
4448,0,9166,3634,5532,0,0,0,1.0,1,1.0,1,1.0,1,0.2191168719208841,63
4449,0,9166,3634,5532,0,0,0,1.0,1,1.0,1,1.0,1,0.2191168719208841,63
4450,0,9166,3634,5532,0,0,0,1.0,1,1.0,1,1.0,1,0.22340885706504143,62
4451,6,9172,3634,5538,0,0,0,1.0,1,1.0,1,1.0,1,0.1363715826393964,63
4452,0,9172,3634,5538,0,0,0,1.0,1,1.0,1,1.0,1,0.14564975940038785,64
4453,3,9175,3634,5541,0,0,0,1.0,1,1.0,1,1.0,1,0.1372406050832848,65
4454,1,9176,3634,5542,0,0,0,1.0,1,1.0,1,1.0,1,0.13880906653940947,66
4455,2,9178,3634,5544,0,0,0,1.0,1,1.0,1,1.0,1,0.11588878236717566,67
4456,2,9180,3636,5544,0,0,0,1.0,1,1.0,1,1.0,1,0.14830206531788703,67
4457,2,9182,3637,5545,0,0,0,1.0,1,1.0,1,1.0,1,0.16379566488884237,65
4458,1,9183,3637,5546,0,0,0,1.0,1,1.0,1,1.0,1,0.17463012408493775,65
4459,3,9186,3640,5546,0,0,0,1.0,1,1.0,1,1.0,1,0.22421702006885583,64
4460,2,9188,3640,5548,0,0,0,1.0,1,1.0,1,1.0,1,0.2413305364112494,63
4461,4,9192,3642,5550,0,0,0,1.0,1,1.0,1,1.0,1,0.258156499882159,62
4462,4,9196,3646,5550,0,0,0,1.0,1,1.0,1,1.0,1,0.30178191367084123,61
4463,7,9203,3650,5553,0,0,0,1.0,1,1.0,1,1.0,1,0.33286144314697197,61
4464,5,9208,3653,5555,0,0,0,1.0,1,1.0,1,1.0,1,0.3395709291744772,58
4465,3,9211,3653,5558,0,0,0,1.0,1,1.0,1,1.0,1,0.3452624540073945,57
4466,2,9213,3655,5558,0,0,0,1.0,1,1.0,1,1.0,1,0.3764719545344349,54
4467,2,9215,3656,5559,0,0,0,1.0,1,1.0,1,1.0,1,0.36885840897180316,52
4468,2,9217,3656,5561,0,0,0,1.0,1,1.0,1,1.0,1,0.3677499786779115,52
4469,3,9220,3658,5562,0,0,0,1.0,1,1.0,1,1.0,1,0.35385125450531524,51
4470,1,9221,3658,5563,0,0,0,1.0,1,1.0,1,1.0,1,0.34183326214944004,51
4471,2,9223,3660,5563,0,0,0,1.0,1,1.0,1,1.0,1,0.3327928219375794,50
4472,1,9224,3661,5563,0,0,0,1.0,1,1.0,1,1.0,1,0.33768986361778885,48
4473,1,9225,3662,5563,0,0,0,1.0,1,1.0,1,1.0,1,0.33666226116114617,47
4474,4,9229,3665,5564,0,0,0,1.0,1,1.0,1,1.0,1,0.3236678385175222,49
4475,3,9232,3666,5566,0,0,0,1.0,1,1.0,1,1.0,1,0.33895218847669556,47
4476,6,9238,3668,5570,0,0,0,1.0,1,1.0,1,1.0,1,0.26999356584677764,49
4477,1,9239,3668,5571,0,0,0,1.0,1,1.0,1,1.0,1,0.2700737752176775,48
4478,0,9239,3668,5571,0,0,0,1.0,1,1.0,1,1.0,1,0.2700737752176775,48
4479,0,9239,3668,5571,0,0,0,1.0,1,1.0,1,1.0,1,0.2700737752176775,48
4480,3,9242,3668,5574,0,0,0,1.0,1,1.0,1,1.0,1,0.19364280304034379,49
4481,0,9242,3668,5574,0,0,0,1.0,1,1.0,1,1.0,1,0.23367495952649459,49
4482,0,9242,3668,5574,0,0,0,1.0,1,1.0,1,1.0,1,0.23367495952649459,49
4483,1,9243,3668,5575,0,0,0,1.0,1,1.0,1,1.0,1,0.1976715991493758,50
4484,2,9245,3669,5576,0,0,0,1.0,1,1.0,1,1.0,1,0.21010147413993996,52
4485,1,9246,3669,5577,0,0,0,1.0,1,1.0,1,1.0,1,0.20923055850871985,53
4486,5,9251,3670,5581,0,0,0,1.0,1,1.0,1,1.0,1,0.20196346874957724,55
4487,2,9253,3672,5581,0,0,0,1.0,1,1.0,1,1.0,1,0.19655091278301612,55
4488,1,9254,3672,5582,0,0,0,1.0,1,1.0,1,1.0,1,0.20767107974806473,54
4489,0,9254,3672,5582,0,0,0,1.0,1,1.0,1,1.0,1,0.23100152379248942,53
4490,0,9254,3672,5582,0,0,0,1.0,1,1.0,1,1.0,1,0.23100152379248942,53
4491,0,9254,3672,5582,0,0,0,1.0,1,1.0,1,1.0,1,0.2454116383800245,52
4492,1,9255,3673,5582,0,0,0,1.0,1,1.0,1,1.0,1,0.2516915098734377,52
4493,2,9257,3673,5584,0,0,0,1.0,1,1.0,1,1.0,1,0.2485885596898688,52
4494,0,9257,3673,5584,0,0,0,1.0,1,1.0,1,1.0,1,0.25948245594389546,53
4495,4,9261,3676,5585,0,0,0,1.0,1,1.0,1,1.0,1,0.283984204470965,50
4496,7,9268,3679,5589,0,0,0,1.0,1,1.0,1,1.0,1,0.28433419781545366,51
4497,4,9272,3682,5590,0,0,0,1.0,1,1.0,1,1.0,1,0.3361587283484057,50
4498,3,9275,3682,5593,0,0,0,1.0,1,1.0,1,1.0,1,0.3057821225519817,49
4499,0,9275,3682,5593,0,0,0,1.0,1,1.0,1,1.0,1,0.2938840421226033,48
4500,1,9276,3682,5594,0,0,0,1.0,1,1.0,1,1.0,1,0.24971987013477076,48
4501,4,9280,3683,5597,0,0,0,1.0,1,1.0,1,1.0,1,0.21088843767006338,48
4502,4,9284,3684,5600,0,0,0,1.0,1,1.0,1,1.0,1,0.1744883149098013,49
4503,4,9288,3687,5601,0,0,0,1.0,1,1.0,1,1.0,1,0.21928406360487715,49
4504,2,9290,3689,5601,0,0,0,1.0,1,1.0,1,1.0,1,0.25513397221457323,45
4505,2,9292,3690,5602,0,0,0,1.0,1,1.0,1,1.0,1,0.2525501168688233,46
4506,4,9296,3693,5603,0,0,0,1.0,1,1.0,1,1.0,1,0.33782251156078924,45
4507,5,9301,3694,5607,0,0,0,1.0,1,1.0,1,1.0,1,0.3308641837139356,45
4508,2,9303,3695,5608,0,0,0,1.0,1,1.0,1,1.0,1,0.2990160850803625,43
4509,1,9304,3695,5609,0,0,0,1.0,1,1.0,1,1.0,1,0.31301473944177993,41
4510,1,9305,3696,5609,0,0,0,1.0,1,1.0,1,1.0,1,0.32963170974637895,42
4511,0,9305,3696,5609,0,0,0,1.0,1,1.0,1,1.0,1,0.3421729464061215,41
4512,0,9305,3696,5609,0,0,0,1.0,1,1.0,1,1.0,1,0.3421729464061215,41
4513,1,9306,3697,5609,0,0,0,1.0,1,1.0,1,1.0,1,0.3270504613640456,41
4514,3,9309,3700,5609,0,0,0,1.0,1,1.0,1,1.0,1,0.3390243474158019,42
4515,3,9312,3700,5612,0,0,0,1.0,1,1.0,1,1.0,1,0.28365799758701576,41
4516,4,9316,3701,5615,0,0,0,1.0,1,1.0,1,1.0,1,0.2640375585966655,42
4517,3,9319,3702,5617,0,0,0,1.0,1,1.0,1,1.0,1,0.273414561360359,43
4518,2,9321,3702,5619,0,0,0,1.0,1,1.0,1,1.0,1,0.29321519869374235,42
4519,2,9323,3704,5619,0,0,0,1.0,1,1.0,1,1.0,1,0.3395743234967575,42
4520,2,9325,3704,5621,0,0,0,1.0,1,1.0,1,1.0,1,0.3400481322501721,42
4521,2,9327,3705,5622,0,0,0,1.0,1,1.0,1,1.0,1,0.3670492852874416,42
4522,1,9328,3706,5622,0,0,0,1.0,1,1.0,1,1.0,1,0.3550148603553495,42
4523,2,9330,3706,5624,0,0,0,1.0,1,1.0,1,1.0,1,0.3006023626669953,42
4524,1,9331,3706,5625,0,0,0,1.0,1,1.0,1,1.0,1,0.29527241264066545,43
4525,2,9333,3707,5626,0,0,0,1.0,1,1.0,1,1.0,1,0.2568234956893975,46
4526,4,9337,3709,5628,0,0,0,1.0,1,1.0,1,1.0,1,0.20119267172427188,46
4527,2,9339,3711,5628,0,0,0,1.0,1,1.0,1,1.0,1,0.19481747393143223,47
4528,3,9342,3712,5630,0,0,0,1.0,1,1.0,1,1.0,1,0.1809093206999348,49
4529,3,9345,3713,5632,0,0,0,1.0,1,1.0,1,1.0,1,0.16118866967759463,50
4530,2,9347,3714,5633,0,0,0,1.0,1,1.0,1,1.0,1,0.18563655923504893,51
4531,1,9348,3715,5633,0,0,0,1.0,1,1.0,1,1.0,1,0.1919780025508772,51
4532,0,9348,3715,5633,0,0,0,1.0,1,1.0,1,1.0,1,0.1919780025508772,51
4533,2,9350,3716,5634,0,0,0,1.0,1,1.0,1,1.0,1,0.19797239769848615,50
4534,1,9351,3716,5635,0,0,0,1.0,1,1.0,1,1.0,1,0.17111182167814465,51
4535,0,9351,3716,5635,0,0,0,1.0,1,1.0,1,1.0,1,0.1728635543205391,50
4536,1,9352,3716,5636,0,0,0,1.0,1,1.0,1,1.0,1,0.1570329736726702,48
4537,1,9353,3717,5636,0,0,0,1.0,1,1.0,1,1.0,1,0.17070999954449848,49
4538,0,9353,3717,5636,0,0,0,1.0,1,1.0,1,1.0,1,0.21113379515845365,48
4539,1,9354,3718,5636,0,0,0,1.0,1,1.0,1,1.0,1,0.27121985207596033,50
4540,0,9354,3718,5636,0,0,0,1.0,1,1.0,1,1.0,1,0.2551168447002835,49
4541,2,9356,3720,5636,0,0,0,1.0,1,1.0,1,1.0,1,0.2900591470383721,49
4542,5,9361,3723,5638,0,0,0,1.0,1,1.0,1,1.0,1,0.3019509701562559,47
4543,1,9362,3724,5638,0,0,0,1.0,1,1.0,1,1.0,1,0.32514589864730786,45
4544,1,9363,3725,5638,0,0,0,1.0,1,1.0,1,1.0,1,0.3218182026113131,45
4545,3,9366,3727,5639,0,0,0,1.0,1,1.0,1,1.0,1,0.3419798369428468,43
4546,1,9367,3728,5639,0,0,0,1.0,1,1.0,1,1.0,1,0.3473403222299443,43
4547,0,9367,3728,5639,0,0,0,1.0,1,1.0,1,1.0,1,0.3717664080062517,41
4548,5,9372,3731,5641,0,0,0,1.0,1,1.0,1,1.0,1,0.38939569827594983,42
4549,0,9372,3731,5641,0,0,0,1.0,1,1.0,1,1.0,1,0.37581912673103807,41
4550,2,9374,3733,5641,0,0,0,1.0,1,1.0,1,1.0,1,0.39981987958591303,41
4551,5,9379,3734,5645,0,0,0,1.0,1,1.0,1,1.0,1,0.34918928135295807,39
4552,1,9380,3735,5645,0,0,0,1.0,1,1.0,1,1.0,1,0.3523901046526496,38
4553,2,9382,3735,5647,0,0,0,1.0,1,1.0,1,1.0,1,0.35079513434530274,39
4554,1,9383,3736,5647,0,0,0,1.0,1,1.0,1,1.0,1,0.3734860075236389,38
4555,3,9386,3737,5649,0,0,0,1.0,1,1.0,1,1.0,1,0.39218365053844106,37
4556,0,9386,3737,5649,0,0,0,1.0,1,1.0,1,1.0,1,0.39873873427078754,36
4557,1,9387,3737,5650,0,0,0,1.0,1,1.0,1,1.0,1,0.3457551889157202,38
4558,2,9389,3738,5651,0,0,0,1.0,1,1.0,1,1.0,1,0.34927742548554647,39
4559,3,9392,3740,5652,0,0,0,1.0,1,1.0,1,1.0,1,0.31694075199433785,38
4560,2,9394,3741,5653,0,0,0,1.0,1,1.0,1,1.0,1,0.3290495045935572,41
4561,0,9394,3741,5653,0,0,0,1.0,1,1.0,1,1.0,1,0.3290495045935572,41
4562,1,9395,3741,5654,0,0,0,1.0,1,1.0,1,1.0,1,0.32780763257411494,43
4563,0,9395,3741,5654,0,0,0,1.0,1,1.0,1,1.0,1,0.3130917871229251,42
4564,0,9395,3741,5654,0,0,0,1.0,1,1.0,1,1.0,1,0.3239792905829073,43
4565,2,9397,3741,5656,0,0,0,1.0,1,1.0,1,1.0,1,0.2861383599403922,44
4566,2,9399,3742,5657,0,0,0,1.0,1,1.0,1,1.0,1,0.25272171511390706,45
4567,3,9402,3743,5659,0,0,0,1.0,1,1.0,1,1.0,1,0.2205133239759958,47
4568,0,9402,3743,5659,0,0,0,1.0,1,1.0,1,1.0,1,0.2205133239759958,47
4569,3,9405,3745,5660,0,0,0,1.0,1,1.0,1,1.0,1,0.20128301031457985,49
4570,1,9406,3746,5660,0,0,0,1.0,1,1.0,1,1.0,1,0.18382107993594696,49
4571,0,9406,3746,5660,0,0,0,1.0,1,1.0,1,1.0,1,0.17456042126209861,48
4572,0,9406,3746,5660,0,0,0,1.0,1,1.0,1,1.0,1,0.17456042126209861,48
4573,0,9406,3746,5660,0,0,0,1.0,1,1.0,1,1.0,1,0.17456042126209861,48
4574,0,9406,3746,5660,0,0,0,1.0,1,1.0,1,1.0,1,0.1868423391284492,50
4575,5,9411,3749,5662,0,0,0,1.0,1,1.0,1,1.0,1,0.24673905513322397,51
4576,2,9413,3749,5664,0,0,0,1.0,1,1.0,1,1.0,1,0.2205123137159763,48
4577,0,9413,3749,5664,0,0,0,1.0,1,1.0,1,1.0,1,0.2387522019205305,47
4578,2,9415,3750,5665,0,0,0,1.0,1,1.0,1,1.0,1,0.228818046839553,46
4579,0,9415,3750,5665,0,0,0,1.0,1,1.0,1,1.0,1,0.2661881438032542,46
4580,1,9416,3750,5666,0,0,0,1.0,1,1.0,1,1.0,1,0.23774529423952998,47
4581,1,9417,3751,5666,0,0,0,1.0,1,1.0,1,1.0,1,0.26058171084470005,47
4582,0,9417,3751,5666,0,0,0,1.0,1,1.0,1,1.0,1,0.27381424194542364,48
4583,0,9417,3751,5666,0,0,0,1.0,1,1.0,1,1.0,1,0.27381424194542364,48
4584,1,9418,3751,5667,0,0,0,1.0,1,1.0,1,1.0,1,0.27877473909788214,50
4585,4,9422,3752,5670,0,0,0,1.0,1,1.0,1,1.0,1,0.2620125582850388,50
4586,0,9422,3752,5670,0,0,0,1.0,1,1.0,1,1.0,1,0.2620125582850388,50
4587,0,9422,3752,5670,0,0,0,1.0,1,1.0,1,1.0,1,0.2620125582850388,50
4588,0,9422,3752,5670,0,0,0,1.0,1,1.0,1,1.0,1,0.2620125582850388,50
4589,0,9422,3752,5670,0,0,0,1.0,1,1.0,1,1.0,1,0.2716824209881212,52
4590,0,9422,3752,5670,0,0,0,1.0,1,1.0,1,1.0,1,0.2716824209881212,52
4591,0,9422,3752,5670,0,0,0,1.0,1,1.0,1,1.0,1,0.2827136563572972,53
4592,0,9422,3752,5670,0,0,0,1.0,1,1.0,1,1.0,1,0.29222600399509885,54
4593,1,9423,3753,5670,0,0,0,1.0,1,1.0,1,1.0,1,0.298174460822075,56
4594,3,9426,3753,5673,0,0,0,1.0,1,1.0,1,1.0,1,0.26974987494505137,57
4595,2,9428,3754,5674,0,0,0,1.0,1,1.0,1,1.0,1,0.263687027766486,56
4596,1,9429,3754,5675,0,0,0,1.0,1,1.0,1,1.0,1,0.2554724078959281,56
4597,1,9430,3755,5675,0,0,0,1.0,1,1.0,1,1.0,1,0.25379556258584385,56
4598,8,9438,3758,5680,0,0,0,1.0,1,1.0,1,1.0,1,0.2215828674937041,57
4599,2,9440,3758,5682,0,0,0,1.0,1,1.0,1,1.0,1,0.19354931673122455,59
4600,3,9443,3758,5685,0,0,0,1.0,1,1.0,1,1.0,1,0.19406765337413934,60
4601,4,9447,3760,5687,0,0,0,1.0,1,1.0,1,1.0,1,0.20079509344062482,60
4602,1,9448,3760,5688,0,0,0,1.0,1,1.0,1,1.0,1,0.1710223961314661,62
4603,0,9448,3760,5688,0,0,0,1.0,1,1.0,1,1.0,1,0.1710223961314661,62
4604,0,9448,3760,5688,0,0,0,1.0,1,1.0,1,1.0,1,0.1638152913890605,63
4605,0,9448,3760,5688,0,0,0,1.0,1,1.0,1,1.0,1,0.1638152913890605,63
4606,0,9448,3760,5688,0,0,0,1.0,1,1.0,1,1.0,1,0.17056052132600202,64
4607,0,9448,3760,5688,0,0,0,1.0,1,1.0,1,1.0,1,0.1654154391602162,65
4608,2,9450,3761,5689,0,0,0,1.0,1,1.0,1,1.0,1,0.1891528486337916,66
4609,1,9451,3761,5690,0,0,0,1.0,1,1.0,1,1.0,1,0.15938894978187837,65
4610,0,9451,3761,5690,0,0,0,1.0,1,1.0,1,1.0,1,0.16786444493987857,63
4611,1,9452,3761,5691,0,0,0,1.0,1,1.0,1,1.0,1,0.15960010875643957,64
4612,1,9453,3761,5692,0,0,0,1.0,1,1.0,1,1.0,1,0.19182783436768172,62
4613,1,9454,3762,5692,0,0,0,1.0,1,1.0,1,1.0,1,0.21755574749559797,63
4614,2,9456,3764,5692,0,0,0,1.0,1,1.0,1,1.0,1,0.25236077470344925,61
4615,1,9457,3765,5692,0,0,0,1.0,1,1.0,1,1.0,1,0.29255563424297315,59
4616,1,9458,3766,5692,0,0,0,1.0,1,1.0,1,1.0,1,0.29690286039229946,58
4617,1,9459,3766,5693,0,0,0,1.0,1,1.0,1,1.0,1,0.3049996151997735,58
4618,0,9459,3766,5693,0,0,0,1.0,1,1.0,1,1.0,1,0.317742754041569,57
4619,2,9461,3768,5693,0,0,0,1.0,1,1.0,1,1.0,1,0.3210260340217783,57
4620,0,9461,3768,5693,0,0,0,1.0,1,1.0,1,1.0,1,0.3210260340217783,57
4621,3,9464,3769,5695,0,0,0,1.0,1,1.0,1,1.0,1,0.3168575238465965,59
4622,4,9468,3771,5697,0,0,0,1.0,1,1.0,1,1.0,1,0.3079459134931378,60
4623,6,9474,3772,5702,0,0,0,1.0,1,1.0,1,1.0,1,0.29311890566337584,59
4624,4,9478,3776,5702,0,0,0,1.0,1,1.0,1,1.0,1,0.3178492942539426,59
4625,5,9483,3777,5706,0,0,0,1.0,1,1.0,1,1.0,1,0.33579239119187604,57
4626,8,9491,3779,5712,0,0,0,1.0,1,1.0,1,1.0,1,0.22464119640340474,56
4627,1,9492,3780,5712,0,0,0,1.0,1,1.0,1,1.0,1,0.23291965992779576,56
4628,2,9494,3781,5713,0,0,0,1.0,1,1.0,1,1.0,1,0.2559590187713643,56
4629,0,9494,3781,5713,0,0,0,1.0,1,1.0,1,1.0,1,0.27401639605908706,56
4630,2,9496,3782,5714,0,0,0,1.0,1,1.0,1,1.0,1,0.265678999746541,57
4631,2,9498,3782,5716,0,0,0,1.0,1,1.0,1,1.0,1,0.2548766167380476,56
4632,1,9499,3782,5717,0,0,0,1.0,1,1.0,1,1.0,1,0.25811137096835923,57
4633,0,9499,3782,5717,0,0,0,1.0,1,1.0,1,1.0,1,0.2473061946769094,58
4634,0,9499,3782,5717,0,0,0,1.0,1,1.0,1,1.0,1,0.2473061946769094,58
4635,1,9500,3782,5718,0,0,0,1.0,1,1.0,1,1.0,1,0.23166439267886818,59
4636,0,9500,3782,5718,0,0,0,1.0,1,1.0,1,1.0,1,0.21068415505436042,60
4637,0,9500,3782,5718,0,0,0,1.0,1,1.0,1,1.0,1,0.21068415505436042,60
4638,0,9500,3782,5718,0,0,0,1.0,1,1.0,1,1.0,1,0.22511601997685343,61
4639,2,9502,3782,5720,0,0,0,1.0,1,1.0,1,1.0,1,0.21881902711106632,62
4640,1,9503,3782,5721,0,0,0,1.0,1,1.0,1,1.0,1,0.21937357527941204,63
4641,4,9507,3786,5721,0,0,0,1.0,1,1.0,1,1.0,1,0.2368581251885159,63
4642,1,9508,3786,5722,0,0,0,1.0,1,1.0,1,1.0,1,0.24077365295514683,62
4643,2,9510,3788,5722,0,0,0,1.0,1,1.0,1,1.0,1,0.26514893347611107,63
4644,1,9511,3788,5723,0,0,0,1.0,1,1.0,1,1.0,1,0.2717558034291854,62
4645,2,9513,3789,5724,0,0,0,1.0,1,1.0,1,1.0,1,0.29669907079132096,63
4646,3,9516,3790,5726,0,0,0,1.0,1,1.0,1,1.0,1,0.32160591145048295,63
4647,2,9518,3790,5728,0,0,0,1.0,1,1.0,1,1.0,1,0.3041844471008501,62
4648,7,9525,3793,5732,0,0,0,1.0,1,1.0,1,1.0,1,0.3209384366634241,63
4649,3,9528,3795,5733,0,0,0,1.0,1,1.0,1,1.0,1,0.29146937576704707,61
4650,4,9532,3796,5736,0,0,0,1.0,1,1.0,1,1.0,1,0.24039532444073278,63
4651,3,9535,3798,5737,0,0,0,1.0,1,1.0,1,1.0,1,0.24127801829564566,62
4652,2,9537,3799,5738,0,0,0,1.0,1,1.0,1,1.0,1,0.23310839829532806,59
4653,0,9537,3799,5738,0,0,0,1.0,1,1.0,1,1.0,1,0.24457361521691484,60
4654,3,9540,3801,5739,0,0,0,1.0,1,1.0,1,1.0,1,0.2578205516896157,60
4655,0,9540,3801,5739,0,0,0,1.0,1,1.0,1,1.0,1,0.2578205516896157,60
4656,1,9541,3802,5739,0,0,0,1.0,1,1.0,1,1.0,1,0.28031395547098187,61
4657,3,9544,3804,5740,0,0,0,1.0,1,1.0,1,1.0,1,0.2685662502003286,62
4658,3,9547,3805,5742,0,0,0,1.0,1,1.0,1,1.0,1,0.27026882818348713,62
4659,0,9547,3805,5742,0,0,0,1.0,1,1.0,1,1.0,1,0.2674700782077175,61
4660,4,9551,3807,5744,0,0,0,1.0,1,1.0,1,1.0,1,0.310922945422057,61
4661,0,9551,3807,5744,0,0,0,1.0,1,1.0,1,1.0,1,0.32051459569249885,61
4662,1,9552,3808,5744,0,0,0,1.0,1,1.0,1,1.0,1,0.30617793226969786,62
4663,2,9554,3808,5746,0,0,0,1.0,1,1.0,1,1.0,1,0.251861698345488,61
4664,2,9556,3809,5747,0,0,0,1.0,1,1.0,1,1.0,1,0.24326337387122182,62
4665,1,9557,3810,5747,0,0,0,1.0,1,1.0,1,1.0,1,0.2506847859375462,61
4666,5,9562,3814,5748,0,0,0,1.0,1,1.0,1,1.0,1,0.24072234777720106,61
4667,0,9562,3814,5748,0,0,0,1.0,1,1.0,1,1.0,1,0.23657340537314067,59
4668,2,9564,3815,5749,0,0,0,1.0,1,1.0,1,1.0,1,0.23884437048239687,59
4669,2,9566,3817,5749,0,0,0,1.0,1,1.0,1,1.0,1,0.24997169938260172,58
4670,3,9569,3820,5749,0,0,0,1.0,1,1.0,1,1.0,1,0.2474414102168858,57
4671,0,9569,3820,5749,0,0,0,1.0,1,1.0,1,1.0,1,0.24822693944443036,55
4672,2,9571,3822,5749,0,0,0,1.0,1,1.0,1,1.0,1,0.2752893302315717,56
4673,0,9571,3822,5749,0,0,0,1.0,1,1.0,1,1.0,1,0.2609883227603752,58
4674,2,9573,3824,5749,0,0,0,1.0,1,1.0,1,1.0,1,0.2884548051202779,58
4675,2,9575,3824,5751,0,0,0,1.0,1,1.0,1,1.0,1,0.29786683634713834,57
4676,6,9581,3826,5755,0,0,0,1.0,1,1.0,1,1.0,1,0.2500160723289099,58
4677,0,9581,3826,5755,0,0,0,1.0,1,1.0,1,1.0,1,0.26444387883362014,57
4678,2,9583,3828,5755,0,0,0,1.0,1,1.0,1,1.0,1,0.2751456588837149,57
4679,0,9583,3828,5755,0,0,0,1.0,1,1.0,1,1.0,1,0.2751456588837149,57
4680,1,9584,3828,5756,0,0,0,1.0,1,1.0,1,1.0,1,0.25557127400954444,59
4681,4,9588,3830,5758,0,0,0,1.0,1,1.0,1,1.0,1,0.28229585523375916,60
4682,3,9591,3832,5759,0,0,0,1.0,1,1.0,1,1.0,1,0.29552942836483054,60
4683,2,9593,3833,5760,0,0,0,1.0,1,1.0,1,1.0,1,0.294742732730983,60
4684,2,9595,3835,5760,0,0,0,1.0,1,1.0,1,1.0,1,0.3454406005617706,60
4685,1,9596,3835,5761,0,0,0,1.0,1,1.0,1,1.0,1,0.33674862075371,59
4686,1,9597,3836,5761,0,0,0,1.0,1,1.0,1,1.0,1,0.33449463391006323,60
4687,1,9598,3837,5761,0,0,0,1.0,1,1.0,1,1.0,1,0.3419407507606639,59
4688,2,9600,3838,5762,0,0,0,1.0,1,1.0,1,1.0,1,0.3440630060264247,59
4689,3,9603,3840,5763,0,0,0,1.0,1,1.0,1,1.0,1,0.38996507618044657,59
4690,1,9604,3841,5763,0,0,0,1.0,1,1.0,1,1.0,1,0.38257932183795157,58
4691,1,9605,3842,5763,0,0,0,1.0,1,1.0,1,1.0,1,0.38068394444782067,57
4692,1,9606,3842,5764,0,0,0,1.0,1,1.0,1,1.0,1,0.3578495268090171,58
4693,1,9607,3842,5765,0,0,0,1.0,1,1.0,1,1.0,1,0.3471148626859572,57
4694,1,9608,3842,5766,0,0,0,1.0,1,1.0,1,1.0,1,0.3326039577906671,57
4695,0,9608,3842,5766,0,0,0,1.0,1,1.0,1,1.0,1,0.35017543794813416,56
4696,1,9609,3842,5767,0,0,0,1.0,1,1.0,1,1.0,1,0.33731288057695935,57
4697,4,9613,3842,5771,0,0,0,1.0,1,1.0,1,1.0,1,0.291627672516521,58
4698,3,9616,3844,5772,0,0,0,1.0,1,1.0,1,1.0,1,0.3075003491861613,59
4699,0,9616,3844,5772,0,0,0,1.0,1,1.0,1,1.0,1,0.3187116535642745,58
4700,0,9616,3844,5772,0,0,0,1.0,1,1.0,1,1.0,1,0.30391814754087215,59
4701,6,9622,3844,5778,0,0,0,1.0,1,1.0,1,1.0,1,0.24833034875192866,60
4702,3,9625,3845,5780,0,0,0,1.0,1,1.0,1,1.0,1,0.2524577794271469,61
4703,4,9629,3848,5781,0,0,0,1.0,1,1.0,1,1.0,1,0.24747698069878554,59
4704,4,9633,3850,5783,0,0,0,1.0,1,1.0,1,1.0,1,0.26011014945389455,58
4705,4,9637,3852,5785,0,0,0,1.0,1,1.0,1,1.0,1,0.26086411943183496,58
4706,4,9641,3853,5788,0,0,0,1.0,1,1.0,1,1.0,1,0.26213219805380766,60
4707,3,9644,3855,5789,0,0,0,1.0,1,1.0,1,1.0,1,0.29236770827139946,57
4708,1,9645,3855,5790,0,0,0,1.0,1,1.0,1,1.0,1,0.2850981488413758,57
4709,2,9647,3857,5790,0,0,0,1.0,1,1.0,1,1.0,1,0.2971208451255533,55
4710,0,9647,3857,5790,0,0,0,1.0,1,1.0,1,1.0,1,0.29365516606748365,53
4711,0,9647,3857,5790,0,0,0,1.0,1,1.0,1,1.0,1,0.31232345325592265,52
4712,3,9650,3860,5790,0,0,0,1.0,1,1.0,1,1.0,1,0.3298053319861206,52
4713,1,9651,3861,5790,0,0,0,1.0,1,1.0,1,1.0,1,0.34119735757993774,51
4714,0,9651,3861,5790,0,0,0,1.0,1,1.0,1,1.0,1,0.3388777833719691,50
4715,0,9651,3861,5790,0,0,0,1.0,1,1.0,1,1.0,1,0.3388777833719691,50
4716,2,9653,3862,5791,0,0,0,1.0,1,1.0,1,1.0,1,0.3389635267621276,49
4717,2,9655,3863,5792,0,0,0,1.0,1,1.0,1,1.0,1,0.35463722849034507,49
4718,2,9657,3864,5793,0,0,0,1.0,1,1.0,1,1.0,1,0.3343834362163344,50
4719,1,9658,3864,5794,0,0,0,1.0,1,1.0,1,1.0,1,0.3193677727279308,49
4720,0,9658,3864,5794,0,0,0,1.0,1,1.0,1,1.0,1,0.3193677727279308,49
4721,1,9659,3864,5795,0,0,0,1.0,1,1.0,1,1.0,1,0.3046748257153632,50
4722,2,9661,3865,5796,0,0,0,1.0,1,1.0,1,1.0,1,0.3436258634102192,51
4723,1,9662,3866,5796,0,0,0,1.0,1,1.0,1,1.0,1,0.31428294635664317,50
4724,2,9664,3868,5796,0,0,0,1.0,1,1.0,1,1.0,1,0.3505954303803739,50
4725,2,9666,3869,5797,0,0,0,1.0,1,1.0,1,1.0,1,0.3777533888381469,52
4726,14,9680,3869,5811,0,0,0,1.0,1,1.0,1,1.0,1,0.2491750716216061,51
4727,1,9681,3869,5812,0,0,0,1.0,1,1.0,1,1.0,1,0.23286919683781748,52
4728,0,9681,3869,5812,0,0,0,1.0,1,1.0,1,1.0,1,0.23286919683781748,52
4729,2,9683,3870,5813,0,0,0,1.0,1,1.0,1,1.0,1,0.2670133856935131,52
4730,2,9685,3870,5815,0,0,0,1.0,1,1.0,1,1.0,1,0.3030918166206654,50
4731,2,9687,3872,5815,0,0,0,1.0,1,1.0,1,1.0,1,0.315324463474315,51
4732,4,9691,3873,5818,0,0,0,1.0,1,1.0,1,1.0,1,0.3103528643619317,52
4733,6,9697,3874,5823,0,0,0,1.0,1,1.0,1,1.0,1,0.34346612236580243,53
4734,11,9708,3875,5833,0,0,0,1.0,1,1.0,1,1.0,1,0.3783808068578088,53
4735,11,9719,3876,5843,0,0,0,1.0,1,1.0,1,1.0,1,0.39072310190259946,53
4736,13,9732,3877,5855,0,0,0,1.0,1,1.0,1,1.0,1,0.4027696438753442,55
4737,8,9740,3877,5863,0,0,0,1.0,1,1.0,1,1.0,1,0.3539617830861718,57
4738,14,9754,3877,5877,0,0,0,1.0,1,1.0,1,1.0,1,0.3535177755808812,57
4739,6,9760,3877,5883,0,0,0,1.0,1,1.0,1,1.0,1,0.39287249391914986,57
4740,6,9766,3877,5889,0,0,0,1.0,1,1.0,1,1.0,1,0.35319221109071547,57
4741,13,9779,3878,5901,0,0,0,1.0,1,1.0,1,1.0,1,0.3662108046752399,58
4742,8,9787,3879,5908,0,0,0,1.0,1,1.0,1,1.0,1,0.35321611238051853,58
4743,7,9794,3879,5915,0,0,0,1.0,1,1.0,1,1.0,1,0.3053401475638434,56
4744,6,9800,3882,5918,0,0,0,1.0,1,1.0,1,1.0,1,0.2843227318162564,57
4745,4,9804,3882,5922,0,0,0,1.0,1,1.0,1,1.0,1,0.2831085521404336,56
4746,4,9808,3883,5925,0,0,0,1.0,1,1.0,1,1.0,1,0.28278476121247753,56
4747,3,9811,3884,5927,0,0,0,1.0,1,1.0,1,1.0,1,0.24889785333124465,55
4748,4,9815,3885,5930,0,0,0,1.0,1,1.0,1,1.0,1,0.25770730181770307,55
4749,3,9818,3887,5931,0,0,0,1.0,1,1.0,1,1.0,1,0.236336437987964,54
4750,5,9823,3889,5934,0,0,0,1.0,1,1.0,1,1.0,1,0.2585736844367428,53
4751,4,9827,3890,5937,0,0,0,1.0,1,1.0,1,1.0,1,0.21594327501585214,53
4752,1,9828,3891,5937,0,0,0,1.0,1,1.0,1,1.0,1,0.2240810797865828,53
4753,4,9832,3892,5940,0,0,0,1.0,1,1.0,1,1.0,1,0.23592150795060907,52
4754,2,9834,3892,5942,0,0,0,1.0,1,1.0,1,1.0,1,0.22734132218066874,52
4755,2,9836,3892,5944,0,0,0,1.0,1,1.0,1,1.0,1,0.24398228974494107,51
4756,2,9838,3893,5945,0,0,0,1.0,1,1.0,1,1.0,1,0.23967639926452156,52
4757,2,9840,3893,5947,0,0,0,1.0,1,1.0,1,1.0,1,0.2445548138341321,51
4758,0,9840,3893,5947,0,0,0,1.0,1,1.0,1,1.0,1,0.2445548138341321,51
4759,2,9842,3894,5948,0,0,0,1.0,1,1.0,1,1.0,1,0.24742616075299284,51
4760,3,9845,3895,5950,0,0,0,1.0,1,1.0,1,1.0,1,0.24045475619928355,52
4761,3,9848,3896,5952,0,0,0,1.0,1,1.0,1,1.0,1,0.21525444918293002,50
4762,4,9852,3899,5953,0,0,0,1.0,1,1.0,1,1.0,1,0.23857540006800185,51
4763,2,9854,3900,5954,0,0,0,1.0,1,1.0,1,1.0,1,0.2613638064757312,51
4764,7,9861,3903,5958,0,0,0,1.0,1,1.0,1,1.0,1,0.22977718359198135,53
4765,2,9863,3903,5960,0,0,0,1.0,1,1.0,1,1.0,1,0.22137125521828627,53
4766,2,9865,3904,5961,0,0,0,1.0,1,1.0,1,1.0,1,0.21885298756082658,55
4767,4,9869,3905,5964,0,0,0,1.0,1,1.0,1,1.0,1,0.2151427155902506,56
4768,5,9874,3905,5969,0,0,0,1.0,1,1.0,1,1.0,1,0.1876666917110873,56
4769,7,9881,3905,5976,0,0,0,1.0,1,1.0,1,1.0,1,0.1823259480347054,56
4770,6,9887,3906,5981,0,0,0,1.0,1,1.0,1,1.0,1,0.1551521137676181,56
4771,2,9889,3906,5983,0,0,0,1.0,1,1.0,1,1.0,1,0.16276498102316375,55
4772,2,9891,3907,5984,0,0,0,1.0,1,1.0,1,1.0,1,0.1546773253977136,56
4773,0,9891,3907,5984,0,0,0,1.0,1,1.0,1,1.0,1,0.1546773253977136,56
4774,0,9891,3907,5984,0,0,0,1.0,1,1.0,1,1.0,1,0.1460668829650804,58
4775,2,9893,3907,5986,0,0,0,1.0,1,1.0,1,1.0,1,0.14696705975906224,59
4776,0,9893,3907,5986,0,0,0,1.0,1,1.0,1,1.0,1,0.14696705975906224,59
4777,2,9895,3908,5987,0,0,0,1.0,1,1.0,1,1.0,1,0.1566802283082908,60
4778,2,9897,3909,5988,0,0,0,1.0,1,1.0,1,1.0,1,0.13960789275479302,60
4779,0,9897,3909,5988,0,0,0,1.0,1,1.0,1,1.0,1,0.14575292857090963,61
4780,0,9897,3909,5988,0,0,0,1.0,1,1.0,1,1.0,1,0.16535740250039027,63
4781,0,9897,3909,5988,0,0,0,1.0,1,1.0,1,1.0,1,0.18027243540512727,62
4782,3,9900,3910,5990,0,0,0,1.0,1,1.0,1,1.0,1,0.18292326759766253,63
4783,2,9902,3912,5990,0,0,0,1.0,1,1.0,1,1.0,1,0.17929725681375822,62
4784,3,9905,3914,5991,0,0,0,1.0,1,1.0,1,1.0,1,0.20271925006740246,62
4785,4,9909,3917,5992,0,0,0,1.0,1,1.0,1,1.0,1,0.21625480460105737,62
4786,5,9914,3920,5994,0,0,0,1.0,1,1.0,1,1.0,1,0.19651675812840708,63
4787,4,9918,3924,5994,0,0,0,1.0,1,1.0,1,1.0,1,0.2117260283300971,62
4788,4,9922,3927,5995,0,0,0,1.0,1,1.0,1,1.0,1,0.2171843808870136,62
4789,2,9924,3928,5996,0,0,0,1.0,1,1.0,1,1.0,1,0.20524218958698193,60
4790,4,9928,3932,5996,0,0,0,1.0,1,1.0,1,1.0,1,0.2353351278982697,61
4791,2,9930,3933,5997,0,0,0,1.0,1,1.0,1,1.0,1,0.24674019993098434,60
4792,4,9934,3934,6000,0,0,0,1.0,1,1.0,1,1.0,1,0.21337649500458186,60
4793,2,9936,3936,6000,0,0,0,1.0,1,1.0,1,1.0,1,0.21757262603152958,61
4794,2,9938,3937,6001,0,0,0,1.0,1,1.0,1,1.0,1,0.2282653041069091,59
4795,5,9943,3937,6006,0,0,0,1.0,1,1.0,1,1.0,1,0.18402812646560737,61
4796,1,9944,3938,6006,0,0,0,1.0,1,1.0,1,1.0,1,0.18803580301250278,59
4797,0,9944,3938,6006,0,0,0,1.0,1,1.0,1,1.0,1,0.21391691318857808,58
4798,0,9944,3938,6006,0,0,0,1.0,1,1.0,1,1.0,1,0.21438285968052764,59
4799,3,9947,3940,6007,0,0,0,1.0,1,1.0,1,1.0,1,0.23637480443243128,57
4800,5,9952,3942,6010,0,0,0,1.0,1,1.0,1,1.0,1,0.21145836657641678,58
4801,4,9956,3943,6013,0,0,0,1.0,1,1.0,1,1.0,1,0.15272764061836833,57
4802,1,9957,3944,6013,0,0,0,1.0,1,1.0,1,1.0,1,0.16580380341554735,57
4803,2,9959,3946,6013,0,0,0,1.0,1,1.0,1,1.0,1,0.1486863263346188,56
4804,0,9959,3946,6013,0,0,0,1.0,1,1.0,1,1.0,1,0.12668657810462913,54
4805,2,9961,3947,6014,0,0,0,1.0,1,1.0,1,1.0,1,0.12449857231294573,56
4806,1,9962,3947,6015,0,0,0,1.0,1,1.0,1,1.0,1,0.10328350941753862,55
4807,1,9963,3948,6015,0,0,0,1.0,1,1.0,1,1.0,1,0.09348615297196199,54
4808,0,9963,3948,6015,0,0,0,1.0,1,1.0,1,1.0,1,0.10287927989151122,53
4809,1,9964,3949,6015,0,0,0,1.0,1,1.0,1,1.0,1,0.13553920040597905,53
4810,0,9964,3949,6015,0,0,0,1.0,1,1.0,1,1.0,1,0.13749797702429886,51
4811,1,9965,3950,6015,0,0,0,1.0,1,1.0,1,1.0,1,0.15260244548104146,52
4812,0,9965,3950,6015,0,0,0,1.0,1,1.0,1,1.0,1,0.14831076320095507,52
4813,0,9965,3950,6015,0,0,0,1.0,1,1.0,1,1.0,1,0.14831076320095507,52
4814,2,9967,3952,6015,0,0,0,1.0,1,1.0,1,1.0,1,0.16549068029445538,53
4815,4,9971,3956,6015,0,0,0,1.0,1,1.0,1,1.0,1,0.1682582267386993,54
4816,2,9973,3957,6016,0,0,0,1.0,1,1.0,1,1.0,1,0.1656151614975745,54
4817,6,9979,3961,6018,0,0,0,1.0,1,1.0,1,1.0,1,0.20243143875095587,55
4818,2,9981,3963,6018,0,0,0,1.0,1,1.0,1,1.0,1,0.21995440461755975,55
4819,1,9982,3964,6018,0,0,0,1.0,1,1.0,1,1.0,1,0.2485846831325546,55
4820,2,9984,3966,6018,0,0,0,1.0,1,1.0,1,1.0,1,0.2704675054031175,55
4821,4,9988,3968,6020,0,0,0,1.0,1,1.0,1,1.0,1,0.2933481705042592,55
4822,1,9989,3968,6021,0,0,0,1.0,1,1.0,1,1.0,1,0.28000756224859713,54
4823,2,9991,3968,6023,0,0,0,1.0,1,1.0,1,1.0,1,0.2715754903914614,54
4824,2,9993,3969,6024,0,0,0,1.0,1,1.0,1,1.0,1,0.2545063202625667,55
4825,3,9996,3970,6026,0,0,0,1.0,1,1.0,1,1.0,1,0.25417799741091246,53
4826,6,10002,3972,6030,0,0,0,1.0,1,1.0,1,1.0,1,0.17269511178380825,54
4827,3,10005,3973,6032,0,0,0,1.0,1,1.0,1,1.0,1,0.16626184484281112,53
4828,1,10006,3973,6033,0,0,0,1.0,1,1.0,1,1.0,1,0.12156982426226842,54
4829,0,10006,3973,6033,0,0,0,1.0,1,1.0,1,1.0,1,0.12229656031188359,54
4830,3,10009,3975,6034,0,0,0,1.0,1,1.0,1,1.0,1,0.12425286305432205,53
4831,1,10010,3976,6034,0,0,0,1.0,1,1.0,1,1.0,1,0.13159965010417882,52
4832,0,10010,3976,6034,0,0,0,1.0,1,1.0,1,1.0,1,0.13849566053188178,50
4833,0,10010,3976,6034,0,0,0,1.0,1,1.0,1,1.0,1,0.13552958348977387,51
4834,1,10011,3977,6034,0,0,0,1.0,1,1.0,1,1.0,1,0.1766044408269724,51
4835,0,10011,3977,6034,0,0,0,1.0,1,1.0,1,1.0,1,0.17893286222474822,50
4836,2,10013,3979,6034,0,0,0,1.0,1,1.0,1,1.0,1,0.2554602126608182,50
4837,3,10016,3981,6035,0,0,0,1.0,1,1.0,1,1.0,1,0.23957552226535372,46
4838,3,10019,3984,6035,0,0,0,1.0,1,1.0,1,1.0,1,0.25069351656085453,47
4839,2,10021,3986,6035,0,0,0,1.0,1,1.0,1,1.0,1,0.2637295015113367,45
4840,2,10023,3987,6036,0,0,0,1.0,1,1.0,1,1.0,1,0.29046236431110195,45
4841,4,10027,3989,6038,0,0,0,1.0,1,1.0,1,1.0,1,0.33045566544314925,43
4842,4,10031,3990,6041,0,0,0,1.0,1,1.0,1,1.0,1,0.30826097979070566,43
4843,2,10033,3990,6043,0,0,0,1.0,1,1.0,1,1.0,1,0.3169000480271301,44
4844,1,10034,3990,6044,0,0,0,1.0,1,1.0,1,1.0,1,0.2911032815122368,43
4845,3,10037,3991,6046,0,0,0,1.0,1,1.0,1,1.0,1,0.32911484683325254,44
4846,0,10037,3991,6046,0,0,0,1.0,1,1.0,1,1.0,1,0.3173702739065053,43
4847,2,10039,3993,6046,0,0,0,1.0,1,1.0,1,1.0,1,0.33845375838004155,42
4848,1,10040,3994,6046,0,0,0,1.0,1,1.0,1,1.0,1,0.3634397615154787,41
4849,1,10041,3994,6047,0,0,0,1.0,1,1.0,1,1.0,1,0.3062927144583283,41
4850,2,10043,3994,6049,0,0,0,1.0,1,1.0,1,1.0,1,0.32611753553188594,41
4851,1,10044,3994,6050,0,0,0,1.0,1,1.0,1,1.0,1,0.30954307787631696,41
4852,3,10047,3995,6052,0,0,0,1.0,1,1.0,1,1.0,1,0.32797525436648145,43
4853,2,10049,3997,6052,0,0,0,1.0,1,1.0,1,1.0,1,0.35587103944505616,44
4854,1,10050,3997,6053,0,0,0,1.0,1,1.0,1,1.0,1,0.3470675264734823,45
4855,2,10052,3998,6054,0,0,0,1.0,1,1.0,1,1.0,1,0.344881148421094,44
4856,0,10052,3998,6054,0,0,0,1.0,1,1.0,1,1.0,1,0.344881148421094,44
4857,2,10054,3998,6056,0,0,0,1.0,1,1.0,1,1.0,1,0.3355531077193565,44
4858,2,10056,3998,6058,0,0,0,1.0,1,1.0,1,1.0,1,0.32919356162812413,45
4859,4,10060,3998,6062,0,0,0,1.0,1,1.0,1,1.0,1,0.3197534190577531,46
4860,0,10060,3998,6062,0,0,0,1.0,1,1.0,1,1.0,1,0.3197534190577531,46
4861,1,10061,3998,6063,0,0,0,1.0,1,1.0,1,1.0,1,0.29357393287921385,46
4862,2,10063,3998,6065,0,0,0,1.0,1,1.0,1,1.0,1,0.275134882174121,47
4863,1,10064,3999,6065,0,0,0,1.0,1,1.0,1,1.0,1,0.28163966983240835,47
4864,1,10065,3999,6066,0,0,0,1.0,1,1.0,1,1.0,1,0.2699881900663565,47
4865,1,10066,3999,6067,0,0,0,1.0,1,1.0,1,1.0,1,0.2675578370567387,48
4866,2,10068,4000,6068,0,0,0,1.0,1,1.0,1,1.0,1,0.22755565575517228,49
4867,2,10070,4000,6070,0,0,0,1.0,1,1.0,1,1.0,1,0.19500605737184776,50
4868,2,10072,4001,6071,0,0,0,1.0,1,1.0,1,1.0,1,0.18723286881614729,50
4869,0,10072,4001,6071,0,0,0,1.0,1,1.0,1,1.0,1,0.18723286881614729,50
4870,3,10075,4003,6072,0,0,0,1.0,1,1.0,1,1.0,1,0.20598678765760114,52
4871,1,10076,4003,6073,0,0,0,1.0,1,1.0,1,1.0,1,0.20193868467990284,52
4872,2,10078,4004,6074,0,0,0,1.0,1,1.0,1,1.0,1,0.20871534603836456,53
4873,3,10081,4006,6075,0,0,0,1.0,1,1.0,1,1.0,1,0.22082600358368162,55
4874,2,10083,4006,6077,0,0,0,1.0,1,1.0,1,1.0,1,0.2101690332945339,56
4875,4,10087,4007,6080,0,0,0,1.0,1,1.0,1,1.0,1,0.2056986277932162,55
4876,5,10092,4008,6084,0,0,0,1.0,1,1.0,1,1.0,1,0.16419694476338942,55
4877,2,10094,4010,6084,0,0,0,1.0,1,1.0,1,1.0,1,0.1918023176245501,54
4878,0,10094,4010,6084,0,0,0,1.0,1,1.0,1,1.0,1,0.18140944013445173,53
4879,3,10097,4012,6085,0,0,0,1.0,1,1.0,1,1.0,1,0.20136528897438166,54
4880,1,10098,4012,6086,0,0,0,1.0,1,1.0,1,1.0,1,0.16438486248681292,54
4881,1,10099,4013,6086,0,0,0,1.0,1,1.0,1,1.0,1,0.18862800761125242,53
4882,2,10101,4014,6087,0,0,0,1.0,1,1.0,1,1.0,1,0.20865068660317324,53
4883,1,10102,4014,6088,0,0,0,1.0,1,1.0,1,1.0,1,0.22881417022538694,53
4884,2,10104,4015,6089,0,0,0,1.0,1,1.0,1,1.0,1,0.24786300750069679,51
4885,1,10105,4016,6089,0,0,0,1.0,1,1.0,1,1.0,1,0.2659667903294457,50
4886,0,10105,4016,6089,0,0,0,1.0,1,1.0,1,1.0,1,0.262271207451841,48
4887,0,10105,4016,6089,0,0,0,1.0,1,1.0,1,1.0,1,0.262271207451841,48
4888,4,10109,4017,6092,0,0,0,1.0,1,1.0,1,1.0,1,0.287329471652044,48
4889,1,10110,4017,6093,0,0,0,1.0,1,1.0,1,1.0,1,0.2782601081807393,48
4890,2,10112,4018,6094,0,0,0,1.0,1,1.0,1,1.0,1,0.2686436503547064,49
4891,5,10117,4019,6098,0,0,0,1.0,1,1.0,1,1.0,1,0.27402147628858564,50
4892,6,10123,4019,6104,0,0,0,1.0,1,1.0,1,1.0,1,0.2924840112805504,49
4893,5,10128,4019,6109,0,0,0,1.0,1,1.0,1,1.0,1,0.3054158528073134,50
4894,6,10134,4019,6115,0,0,0,1.0,1,1.0,1,1.0,1,0.29836243058745193,51
4895,4,10138,4019,6119,0,0,0,1.0,1,1.0,1,1.0,1,0.3380599840529165,52
4896,6,10144,4020,6124,0,0,0,1.0,1,1.0,1,1.0,1,0.30337293580805935,53
4897,5,10149,4020,6129,0,0,0,1.0,1,1.0,1,1.0,1,0.28299673079158433,53
4898,2,10151,4020,6131,0,0,0,1.0,1,1.0,1,1.0,1,0.28299673079158433,53
4899,2,10153,4021,6132,0,0,0,1.0,1,1.0,1,1.0,1,0.24385008381947362,55
4900,3,10156,4023,6133,0,0,0,1.0,1,1.0,1,1.0,1,0.24281556592676548,55
4901,5,10161,4024,6137,0,0,0,1.0,1,1.0,1,1.0,1,0.16225497913296008,56
4902,3,10164,4025,6139,0,0,0,1.0,1,1.0,1,1.0,1,0.18660453656529682,58
4903,0,10164,4025,6139,0,0,0,1.0,1,1.0,1,1.0,1,0.18660453656529682,58
4904,1,10165,4026,6139,0,0,0,1.0,1,1.0,1,1.0,1,0.17090832952143373,57
4905,2,10167,4027,6140,0,0,0,1.0,1,1.0,1,1.0,1,0.1894556630358113,54
4906,1,10168,4028,6140,0,0,0,1.0,1,1.0,1,1.0,1,0.2236311345450326,55
4907,1,10169,4028,6141,0,0,0,1.0,1,1.0,1,1.0,1,0.2005031393744008,52
4908,2,10171,4030,6141,0,0,0,1.0,1,1.0,1,1.0,1,0.2367429697985375,53
4909,1,10172,4030,6142,0,0,0,1.0,1,1.0,1,1.0,1,0.22288110879489878,52
4910,0,10172,4030,6142,0,0,0,1.0,1,1.0,1,1.0,1,0.2323674421788333,53
4911,0,10172,4030,6142,0,0,0,1.0,1,1.0,1,1.0,1,0.23864654833387916,55
4912,1,10173,4031,6142,0,0,0,1.0,1,1.0,1,1.0,1,0.2638659609967622,54
4913,3,10176,4032,6144,0,0,0,1.0,1,1.0,1,1.0,1,0.23999392746506465,53
4914,2,10178,4033,6145,0,0,0,1.0,1,1.0,1,1.0,1,0.25786661205150113,53
4915,3,10181,4035,6146,0,0,0,1.0,1,1.0,1,1.0,1,0.26859264710009867,54
4916,1,10182,4036,6146,0,0,0,1.0,1,1.0,1,1.0,1,0.2753883798449752,52
4917,1,10183,4037,6146,0,0,0,1.0,1,1.0,1,1.0,1,0.2830405565233612,52
4918,1,10184,4037,6147,0,0,0,1.0,1,1.0,1,1.0,1,0.29085506948994283,51
4919,0,10184,4037,6147,0,0,0,1.0,1,1.0,1,1.0,1,0.31186022959484067,50
4920,0,10184,4037,6147,0,0,0,1.0,1,1.0,1,1.0,1,0.3119830107320489,51
4921,0,10184,4037,6147,0,0,0,1.0,1,1.0,1,1.0,1,0.3119830107320489,51
4922,1,10185,4038,6147,0,0,0,1.0,1,1.0,1,1.0,1,0.3521605010607764,53
4923,2,10187,4040,6147,0,0,0,1.0,1,1.0,1,1.0,1,0.3355267034936989,53
4924,3,10190,4041,6149,0,0,0,1.0,1,1.0,1,1.0,1,0.3431067496148611,55
4925,8,10198,4043,6155,0,0,0,1.0,1,1.0,1,1.0,1,0.29097558041337546,56
4926,7,10205,4043,6162,0,0,0,1.0,1,1.0,1,1.0,1,0.18256180630752422,55
4927,3,10208,4045,6163,0,0,0,1.0,1,1.0,1,1.0,1,0.18743792647205756,55
4928,0,10208,4045,6163,0,0,0,1.0,1,1.0,1,1.0,1,0.18743792647205756,55
4929,2,10210,4045,6165,0,0,0,1.0,1,1.0,1,1.0,1,0.1762958376219657,56
4930,2,10212,4047,6165,0,0,0,1.0,1,1.0,1,1.0,1,0.20966411202154947,58
4931,1,10213,4047,6166,0,0,0,1.0,1,1.0,1,1.0,1,0.20955912281824238,59
4932,0,10213,4047,6166,0,0,0,1.0,1,1.0,1,1.0,1,0.22378404165937044,60
4933,0,10213,4047,6166,0,0,0,1.0,1,1.0,1,1.0,1,0.22378404165937044,60
4934,0,10213,4047,6166,0,0,0,1.0,1,1.0,1,1.0,1,0.22378404165937044,60
4935,0,10213,4047,6166,0,0,0,1.0,1,1.0,1,1.0,1,0.22378404165937044,60
4936,2,10215,4047,6168,0,0,0,1.0,1,1.0,1,1.0,1,0.20543654915542384,61
4937,3,10218,4047,6171,0,0,0,1.0,1,1.0,1,1.0,1,0.19563230125518707,62
4938,1,10219,4047,6172,0,0,0,1.0,1,1.0,1,1.0,1,0.1878781130325842,62
4939,4,10223,4050,6173,0,0,0,1.0,1,1.0,1,1.0,1,0.19775139571533232,64
4940,3,10226,4050,6176,0,0,0,1.0,1,1.0,1,1.0,1,0.166476220928085,67
4941,0,10226,4050,6176,0,0,0,1.0,1,1.0,1,1.0,1,0.17822863390288024,66
4942,2,10228,4051,6177,0,0,0,1.0,1,1.0,1,1.0,1,0.1795875105307126,67
4943,2,10230,4052,6178,0,0,0,1.0,1,1.0,1,1.0,1,0.18164422266852864,65
4944,2,10232,4053,6179,0,0,0,1.0,1,1.0,1,1.0,1,0.19548387964620642,65
4945,2,10234,4055,6179,0,0,0,1.0,1,1.0,1,1.0,1,0.2246958170157218,62
4946,2,10236,4056,6180,0,0,0,1.0,1,1.0,1,1.0,1,0.20030118414592746,61
4947,2,10238,4056,6182,0,0,0,1.0,1,1.0,1,1.0,1,0.21115818161016434,59
4948,1,10239,4057,6182,0,0,0,1.0,1,1.0,1,1.0,1,0.24085837389309947,59
4949,2,10241,4058,6183,0,0,0,1.0,1,1.0,1,1.0,1,0.25052800229406763,57
4950,7,10248,4062,6186,0,0,0,1.0,1,1.0,1,1.0,1,0.2925836604039639,58
4951,8,10256,4065,6191,0,0,0,1.0,1,1.0,1,1.0,1,0.18469637023848692,55
4952,4,10260,4066,6194,0,0,0,1.0,1,1.0,1,1.0,1,0.19536275577625892,53
4953,4,10264,4070,6194,0,0,0,1.0,1,1.0,1,1.0,1,0.21370446905903243,54
4954,0,10264,4070,6194,0,0,0,1.0,1,1.0,1,1.0,1,0.18831238604606926,52
4955,2,10266,4071,6195,0,0,0,1.0,1,1.0,1,1.0,1,0.20331928910833583,51
4956,0,10266,4071,6195,0,0,0,1.0,1,1.0,1,1.0,1,0.256080250368587,47
4957,3,10269,4072,6197,0,0,0,1.0,1,1.0,1,1.0,1,0.23357188256645187,48
4958,0,10269,4072,6197,0,0,0,1.0,1,1.0,1,1.0,1,0.224679775082994,47
4959,0,10269,4072,6197,0,0,0,1.0,1,1.0,1,1.0,1,0.224679775082994,47
4960,0,10269,4072,6197,0,0,0,1.0,1,1.0,1,1.0,1,0.23287958295022038,48
4961,2,10271,4073,6198,0,0,0,1.0,1,1.0,1,1.0,1,0.20637523060145088,49
4962,1,10272,4073,6199,0,0,0,1.0,1,1.0,1,1.0,1,0.19049505663108168,49
4963,1,10273,4073,6200,0,0,0,1.0,1,1.0,1,1.0,1,0.20198428653243317,51
4964,1,10274,4073,6201,0,0,0,1.0,1,1.0,1,1.0,1,0.19857777848133593,51
4965,0,10274,4073,6201,0,0,0,1.0,1,1.0,1,1.0,1,0.19857777848133593,51
4966,1,10275,4073,6202,0,0,0,1.0,1,1.0,1,1.0,1,0.1776257934257467,51
4967,4,10279,4077,6202,0,0,0,1.0,1,1.0,1,1.0,1,0.20345565848153438,51
4968,2,10281,4079,6202,0,0,0,1.0,1,1.0,1,1.0,1,0.22692908785940014,52
4969,2,10283,4079,6204,0,0,0,1.0,1,1.0,1,1.0,1,0.21661082543062649,53
4970,5,10288,4081,6207,0,0,0,1.0,1,1.0,1,1.0,1,0.2196830625122019,54
4971,0,10288,4081,6207,0,0,0,1.0,1,1.0,1,1.0,1,0.21976518151405766,55
4972,2,10290,4082,6208,0,0,0,1.0,1,1.0,1,1.0,1,0.2602184207105761,56
4973,9,10299,4083,6216,0,0,0,1.0,1,1.0,1,1.0,1,0.2186566902063272,57
4974,5,10304,4083,6221,0,0,0,1.0,1,1.0,1,1.0,1,0.19165656748555104,56
4975,2,10306,4083,6223,0,0,0,1.0,1,1.0,1,1.0,1,0.17626001410718584,57
4976,3,10309,4084,6225,0,0,0,1.0,1,1.0,1,1.0,1,0.14610292829580399,57
4977,1,10310,4084,6226,0,0,0,1.0,1,1.0,1,1.0,1,0.13339481442311898,57
4978,1,10311,4085,6226,0,0,0,1.0,1,1.0,1,1.0,1,0.14872420123278834,58
4979,2,10313,4086,6227,0,0,0,1.0,1,1.0,1,1.0,1,0.15939752067459156,58
4980,1,10314,4087,6227,0,0,0,1.0,1,1.0,1,1.0,1,0.1962571915391063,59
4981,1,10315,4088,6227,0,0,0,1.0,1,1.0,1,1.0,1,0.23099066685866484,60
4982,2,10317,4090,6227,0,0,0,1.0,1,1.0,1,1.0,1,0.19800135485890194,61
4983,4,10321,4094,6227,0,0,0,1.0,1,1.0,1,1.0,1,0.14148836441476167,61
4984,2,10323,4096,6227,0,0,0,1.0,1,1.0,1,1.0,1,0.16642682185830363,59
4985,1,10324,4097,6227,0,0,0,1.0,1,1.0,1,1.0,1,0.17531877378370955,58
4986,2,10326,4099,6227,0,0,0,1.0,1,1.0,1,1.0,1,0.19038591113968398,59
4987,1,10327,4100,6227,0,0,0,1.0,1,1.0,1,1.0,1,0.19923973434053996,58
4988,4,10331,4103,6228,0,0,0,1.0,1,1.0,1,1.0,1,0.23364877894589067,57
4989,2,10333,4105,6228,0,0,0,1.0,1,1.0,1,1.0,1,0.22201561314145563,54
4990,2,10335,4105,6230,0,0,0,1.0,1,1.0,1,1.0,1,0.17458399838243951,53
4991,4,10339,4108,6231,0,0,0,1.0,1,1.0,1,1.0,1,0.22419810897194073,52
4992,5,10344,4111,6233,0,0,0,1.0,1,1.0,1,1.0,1,0.2100060198175106,48
4993,1,10345,4112,6233,0,0,0,1.0,1,1.0,1,1.0,1,0.22589214065980703,48
4994,1,10346,4113,6233,0,0,0,1.0,1,1.0,1,1.0,1,0.22413758875565423,45
4995,1,10347,4114,6233,0,0,0,1.0,1,1.0,1,1.0,1,0.2177028751527505,45
4996,3,10350,4116,6234,0,0,0,1.0,1,1.0,1,1.0,1,0.1901395732254341,45
4997,1,10351,4117,6234,0,0,0,1.0,1,1.0,1,1.0,1,0.2052856154894314,42
4998,2,10353,4118,6235,0,0,0,1.0,1,1.0,1,1.0,1,0.2199583752248824,44
4999,5,10358,4120,6238,0,0,0,1.0,1,1.0,1,1.0,1,0.1907601651092525,44
5000,1,10359,4121,6238,0,0,0,1.0,1,1.0,1,1.0,1,0.23168788760938236,42
5001,2,10361,4121,6240,0,0,0,1.0,1,1.0,1,1.0,1,0.20871441787096814,42
5002,2,10363,4123,6240,0,0,0,1.0,1,1.0,1,1.0,1,0.23593068334306613,41
5003,2,10365,4124,6241,0,0,0,1.0,1,1.0,1,1.0,1,0.2800535672357008,41
5004,0,10365,4124,6241,0,0,0,1.0,1,1.0,1,1.0,1,0.3004738412211124,41
5005,0,10365,4124,6241,0,0,0,1.0,1,1.0,1,1.0,1,0.3004738412211124,41
5006,0,10365,4124,6241,0,0,0,1.0,1,1.0,1,1.0,1,0.30875723805122224,42
5007,1,10366,4124,6242,0,0,0,1.0,1,1.0,1,1.0,1,0.312961605458334,43
5008,0,10366,4124,6242,0,0,0,1.0,1,1.0,1,1.0,1,0.29069273968410414,46
5009,0,10366,4124,6242,0,0,0,1.0,1,1.0,1,1.0,1,0.29069273968410414,46
5010,2,10368,4124,6244,0,0,0,1.0,1,1.0,1,1.0,1,0.29130802427208297,46
5011,0,10368,4124,6244,0,0,0,1.0,1,1.0,1,1.0,1,0.2954250607558084,47
5012,1,10369,4124,6245,0,0,0,1.0,1,1.0,1,1.0,1,0.3048106595225194,48
5013,1,10370,4124,6246,0,0,0,1.0,1,1.0,1,1.0,1,0.30622061211652135,48
5014,2,10372,4124,6248,0,0,0,1.0,1,1.0,1,1.0,1,0.3048240677804827,49
5015,3,10375,4125,6250,0,0,0,1.0,1,1.0,1,1.0,1,0.31622670310208817,50
5016,5,10380,4128,6252,0,0,0,1.0,1,1.0,1,1.0,1,0.32829337684896237,51
5017,4,10384,4129,6255,0,0,0,1.0,1,1.0,1,1.0,1,0.35026402661516765,51
5018,3,10387,4130,6257,0,0,0,1.0,1,1.0,1,1.0,1,0.3165587870353623,51
5019,5,10392,4130,6262,0,0,0,1.0,1,1.0,1,1.0,1,0.32006176216638743,51
5020,2,10394,4130,6264,0,0,0,1.0,1,1.0,1,1.0,1,0.30907313243353507,51
5021,2,10396,4130,6266,0,0,0,1.0,1,1.0,1,1.0,1,0.3227286134327882,52
5022,2,10398,4130,6268,0,0,0,1.0,1,1.0,1,1.0,1,0.3227286134327882,52
5023,5,10403,4132,6271,0,0,0,1.0,1,1.0,1,1.0,1,0.32222345912318184,52
5024,6,10409,4135,6274,0,0,0,1.0,1,1.0,1,1.0,1,0.3813940081957064,51
5025,4,10413,4135,6278,0,0,0,1.0,1,1.0,1,1.0,1,0.37178648502347295,50
5026,13,10426,4138,6288,0,0,0,1.0,1,1.0,1,1.0,1,0.2599639570376329,49
5027,2,10428,4139,6289,0,0,0,1.0,1,1.0,1,1.0,1,0.2203078119613557,47
5028,3,10431,4141,6290,0,0,0,1.0,1,1.0,1,1.0,1,0.2504385587678031,47
5029,1,10432,4141,6291,0,0,0,1.0,1,1.0,1,1.0,1,0.23831884571681822,46
5030,2,10434,4141,6293,0,0,0,1.0,1,1.0,1,1.0,1,0.18464818143927406,48
5031,0,10434,4141,6293,0,0,0,1.0,1,1.0,1,1.0,1,0.192611227325661,46
5032,0,10434,4141,6293,0,0,0,1.0,1,1.0,1,1.0,1,0.192611227325661,46
5033,3,10437,4143,6294,0,0,0,1.0,1,1.0,1,1.0,1,0.2096084598520036,47
5034,1,10438,4144,6294,0,0,0,1.0,1,1.0,1,1.0,1,0.20516524333131825,48
5035,0,10438,4144,6294,0,0,0,1.0,1,1.0,1,1.0,1,0.20484533758590773,47
5036,1,10439,4145,6294,0,0,0,1.0,1,1.0,1,1.0,1,0.21171236287184725,47
5037,0,10439,4145,6294,0,0,0,1.0,1,1.0,1,1.0,1,0.22044486028190394,47
5038,1,10440,4146,6294,0,0,0,1.0,1,1.0,1,1.0,1,0.2460185456153543,48
5039,1,10441,4146,6295,0,0,0,1.0,1,1.0,1,1.0,1,0.22201175414899205,47
5040,0,10441,4146,6295,0,0,0,1.0,1,1.0,1,1.0,1,0.22201509159100133,48
5041,3,10444,4146,6298,0,0,0,1.0,1,1.0,1,1.0,1,0.20068498370129179,49
5042,2,10446,4146,6300,0,0,0,1.0,1,1.0,1,1.0,1,0.205303024142737,50
5043,2,10448,4146,6302,0,0,0,1.0,1,1.0,1,1.0,1,0.14431244504641405,51
5044,1,10449,4146,6303,0,0,0,1.0,1,1.0,1,1.0,1,0.14747840840335139,51
5045,1,10450,4147,6303,0,0,0,1.0,1,1.0,1,1.0,1,0.15386834610358768,51
5046,1,10451,4147,6304,0,0,0,1.0,1,1.0,1,1.0,1,0.15597907191608332,52
5047,1,10452,4147,6305,0,0,0,1.0,1,1.0,1,1.0,1,0.14047792093598477,52
5048,1,10453,4148,6305,0,0,0,1.0,1,1.0,1,1.0,1,0.13001832347622444,52
5049,0,10453,4148,6305,0,0,0,1.0,1,1.0,1,1.0,1,0.17060340367702997,52
5050,2,10455,4149,6306,0,0,0,1.0,1,1.0,1,1.0,1,0.17010716753073238,55
5051,3,10458,4149,6309,0,0,0,1.0,1,1.0,1,1.0,1,0.15647206255519264,55
5052,0,10458,4149,6309,0,0,0,1.0,1,1.0,1,1.0,1,0.15647206255519264,55
5053,1,10459,4149,6310,0,0,0,1.0,1,1.0,1,1.0,1,0.13743419443339738,54
5054,1,10460,4150,6310,0,0,0,1.0,1,1.0,1,1.0,1,0.14618650713285145,54
5055,0,10460,4150,6310,0,0,0,1.0,1,1.0,1,1.0,1,0.17025422699590526,54
5056,0,10460,4150,6310,0,0,0,1.0,1,1.0,1,1.0,1,0.1803193599590863,55
5057,1,10461,4150,6311,0,0,0,1.0,1,1.0,1,1.0,1,0.1583619110873979,56
5058,1,10462,4151,6311,0,0,0,1.0,1,1.0,1,1.0,1,0.17459815638509626,58
5059,1,10463,4151,6312,0,0,0,1.0,1,1.0,1,1.0,1,0.15359066878548225,58
5060,2,10465,4153,6312,0,0,0,1.0,1,1.0,1,1.0,1,0.1879143506060929,59
5061,2,10467,4154,6313,0,0,0,1.0,1,1.0,1,1.0,1,0.1781609420648055,58
5062,3,10470,4155,6315,0,0,0,1.0,1,1.0,1,1.0,1,0.18148959043408913,58
5063,3,10473,4158,6315,0,0,0,1.0,1,1.0,1,1.0,1,0.20453228999727166,57
5064,6,10479,4161,6318,0,0,0,1.0,1,1.0,1,1.0,1,0.2202838305855928,57
5065,1,10480,4162,6318,0,0,0,1.0,1,1.0,1,1.0,1,0.22363339823568734,56
5066,5,10485,4165,6320,0,0,0,1.0,1,1.0,1,1.0,1,0.2655845166350901,55
5067,0,10485,4165,6320,0,0,0,1.0,1,1.0,1,1.0,1,0.2520195556764465,54
5068,4,10489,4166,6323,0,0,0,1.0,1,1.0,1,1.0,1,0.2277259223280032,54
5069,0,10489,4166,6323,0,0,0,1.0,1,1.0,1,1.0,1,0.22270219441236402,53
5070,2,10491,4168,6323,0,0,0,1.0,1,1.0,1,1.0,1,0.24133244191162306,53
5071,1,10492,4169,6323,0,0,0,1.0,1,1.0,1,1.0,1,0.22046398415918025,53
5072,1,10493,4170,6323,0,0,0,1.0,1,1.0,1,1.0,1,0.22526932530637442,53
5073,0,10493,4170,6323,0,0,0,1.0,1,1.0,1,1.0,1,0.22526932530637442,53
5074,0,10493,4170,6323,0,0,0,1.0,1,1.0,1,1.0,1,0.22226270952419852,52
5075,0,10493,4170,6323,0,0,0,1.0,1,1.0,1,1.0,1,0.22226270952419852,52
5076,3,10496,4171,6325,0,0,0,1.0,1,1.0,1,1.0,1,0.18456375522446522,55
5077,0,10496,4171,6325,0,0,0,1.0,1,1.0,1,1.0,1,0.21089431453094667,55
5078,0,10496,4171,6325,0,0,0,1.0,1,1.0,1,1.0,1,0.21089431453094667,55
5079,0,10496,4171,6325,0,0,0,1.0,1,1.0,1,1.0,1,0.2112697662316427,54
5080,1,10497,4172,6325,0,0,0,1.0,1,1.0,1,1.0,1,0.20730448209810948,55
5081,2,10499,4172,6327,0,0,0,1.0,1,1.0,1,1.0,1,0.19490160679620425,57
5082,0,10499,4172,6327,0,0,0,1.0,1,1.0,1,1.0,1,0.19490160679620425,57
5083,3,10502,4175,6327,0,0,0,1.0,1,1.0,1,1.0,1,0.21427189863633353,58
5084,2,10504,4175,6329,0,0,0,1.0,1,1.0,1,1.0,1,0.16457474952027087,58
5085,3,10507,4176,6331,0,0,0,1.0,1,1.0,1,1.0,1,0.13045766783999238,59
5086,0,10507,4176,6331,0,0,0,1.0,1,1.0,1,1.0,1,0.13225423522563798,60
5087,4,10511,4179,6332,0,0,0,1.0,1,1.0,1,1.0,1,0.13798984322232388,61
5088,2,10513,4180,6333,0,0,0,1.0,1,1.0,1,1.0,1,0.12587278825771606,62
5089,7,10520,4186,6334,0,0,0,1.0,1,1.0,1,1.0,1,0.17192301510309313,63
5090,3,10523,4186,6337,0,0,0,1.0,1,1.0,1,1.0,1,0.1612613733534467,63
5091,7,10530,4189,6341,0,0,0,1.0,1,1.0,1,1.0,1,0.18189093136708703,63
5092,2,10532,4190,6342,0,0,0,1.0,1,1.0,1,1.0,1,0.20102002033070915,63
5093,1,10533,4190,6343,0,0,0,1.0,1,1.0,1,1.0,1,0.1850386982965566,63
5094,4,10537,4191,6346,0,0,0,1.0,1,1.0,1,1.0,1,0.16777730912987918,64
5095,0,10537,4191,6346,0,0,0,1.0,1,1.0,1,1.0,1,0.16777730912987918,64
5096,6,10543,4194,6349,0,0,0,1.0,1,1.0,1,1.0,1,0.20520312414471084,67
5097,0,10543,4194,6349,0,0,0,1.0,1,1.0,1,1.0,1,0.20829441753963804,67
5098,2,10545,4194,6351,0,0,0,1.0,1,1.0,1,1.0,1,0.18491747820072632,68
5099,4,10549,4195,6354,0,0,0,1.0,1,1.0,1,1.0,1,0.22330851802789783,70
5100,4,10553,4195,6358,0,0,0,1.0,1,1.0,1,1.0,1,0.1835380912359348,71
5101,6,10559,4197,6362,0,0,0,1.0,1,1.0,1,1.0,1,0.12334949623391941,71
5102,5,10564,4200,6364,0,0,0,1.0,1,1.0,1,1.0,1,0.15282871867859676,70
5103,0,10564,4200,6364,0,0,0,1.0,1,1.0,1,1.0,1,0.13927259164906575,67
5104,3,10567,4203,6364,0,0,0,1.0,1,1.0,1,1.0,1,0.20628925017089667,67
5105,3,10570,4205,6365,0,0,0,1.0,1,1.0,1,1.0,1,0.1939349586576573,63
5106,3,10573,4207,6366,0,0,0,1.0,1,1.0,1,1.0,1,0.22525332994905994,63
5107,5,10578,4212,6366,0,0,0,1.0,1,1.0,1,1.0,1,0.27034020651214874,60
5108,2,10580,4213,6367,0,0,0,1.0,1,1.0,1,1.0,1,0.23941486910196172,56
5109,3,10583,4215,6368,0,0,0,1.0,1,1.0,1,1.0,1,0.2466484079934565,56
5110,2,10585,4216,6369,0,0,0,1.0,1,1.0,1,1.0,1,0.22799907613503603,52
5111,2,10587,4218,6369,0,0,0,1.0,1,1.0,1,1.0,1,0.28277884961789335,51
5112,1,10588,4219,6369,0,0,0,1.0,1,1.0,1,1.0,1,0.2647104895725776,50
5113,3,10591,4222,6369,0,0,0,1.0,1,1.0,1,1.0,1,0.2833911897501984,48
5114,2,10593,4224,6369,0,0,0,1.0,1,1.0,1,1.0,1,0.2508884799689846,46
5115,0,10593,4224,6369,0,0,0,1.0,1,1.0,1,1.0,1,0.22216194398336486,44
5116,2,10595,4226,6369,0,0,0,1.0,1,1.0,1,1.0,1,0.22147690511262058,44
5117,1,10596,4226,6370,0,0,0,1.0,1,1.0,1,1.0,1,0.2105360871996887,46
5118,2,10598,4228,6370,0,0,0,1.0,1,1.0,1,1.0,1,0.25548373069852026,46
5119,1,10599,4229,6370,0,0,0,1.0,1,1.0,1,1.0,1,0.24230899934310243,46
5120,2,10601,4231,6370,0,0,0,1.0,1,1.0,1,1.0,1,0.2703852484409015,46
5121,1,10602,4232,6370,0,0,0,1.0,1,1.0,1,1.0,1,0.2766221144235554,46
5122,2,10604,4233,6371,0,0,0,1.0,1,1.0,1,1.0,1,0.2616908289667791,46
5123,2,10606,4234,6372,0,0,0,1.0,1,1.0,1,1.0,1,0.2698549698300266,45
5124,1,10607,4235,6372,0,0,0,1.0,1,1.0,1,1.0,1,0.23202738421049854,47
5125,0,10607,4235,6372,0,0,0,1.0,1,1.0,1,1.0,1,0.25439131160603773,50
5126,4,10611,4237,6374,0,0,0,1.0,1,1.0,1,1.0,1,0.22546045245956237,50
5127,4,10615,4237,6378,0,0,0,1.0,1,1.0,1,1.0,1,0.1843399410298842,52
5128,3,10618,4239,6379,0,0,0,1.0,1,1.0,1,1.0,1,0.18136166673226653,53
5129,1,10619,4239,6380,0,0,0,1.0,1,1.0,1,1.0,1,0.17939332745646994,55
5130,1,10620,4240,6380,0,0,0,1.0,1,1.0,1,1.0,1,0.19938350367187566,55
5131,0,10620,4240,6380,0,0,0,1.0,1,1.0,1,1.0,1,0.19708589952787658,54
5132,0,10620,4240,6380,0,0,0,1.0,1,1.0,1,1.0,1,0.21105664078368375,54
5133,0,10620,4240,6380,0,0,0,1.0,1,1.0,1,1.0,1,0.21105664078368375,54
5134,0,10620,4240,6380,0,0,0,1.0,1,1.0,1,1.0,1,0.21751321832442866,53
5135,0,10620,4240,6380,0,0,0,1.0,1,1.0,1,1.0,1,0.22908848298236725,54
5136,3,10623,4240,6383,0,0,0,1.0,1,1.0,1,1.0,1,0.18713675872781554,54
5137,1,10624,4241,6383,0,0,0,1.0,1,1.0,1,1.0,1,0.18029110327976644,54
5138,4,10628,4244,6384,0,0,0,1.0,1,1.0,1,1.0,1,0.19841904335760754,54
5139,2,10630,4246,6384,0,0,0,1.0,1,1.0,1,1.0,1,0.20723246183138144,55
5140,5,10635,4250,6385,0,0,0,1.0,1,1.0,1,1.0,1,0.2740204549676296,55
5141,4,10639,4252,6387,0,0,0,1.0,1,1.0,1,1.0,1,0.23216097311448247,53
5142,4,10643,4254,6389,0,0,0,1.0,1,1.0,1,1.0,1,0.19608755571749698,54
5143,2,10645,4256,6389,0,0,0,1.0,1,1.0,1,1.0,1,0.20031801054569878,52
5144,4,10649,4259,6390,0,0,0,1.0,1,1.0,1,1.0,1,0.2319142110439145,50
5145,0,10649,4259,6390,0,0,0,1.0,1,1.0,1,1.0,1,0.22956318217489874,49
5146,2,10651,4261,6390,0,0,0,1.0,1,1.0,1,1.0,1,0.26281120692313903,49
5147,1,10652,4262,6390,0,0,0,1.0,1,1.0,1,1.0,1,0.2745811035067987,46
5148,2,10654,4263,6391,0,0,0,1.0,1,1.0,1,1.0,1,0.29237434024174797,46
5149,0,10654,4263,6391,0,0,0,1.0,1,1.0,1,1.0,1,0.2822600797785226,45
5150,1,10655,4264,6391,0,0,0,1.0,1,1.0,1,1.0,1,0.2881880950212852,47
5151,2,10657,4265,6392,0,0,0,1.0,1,1.0,1,1.0,1,0.22642809037813777,46
5152,3,10660,4266,6394,0,0,0,1.0,1,1.0,1,1.0,1,0.20717381039294674,46
5153,1,10661,4267,6394,0,0,0,1.0,1,1.0,1,1.0,1,0.20840907709080847,45
5154,1,10662,4268,6394,0,0,0,1.0,1,1.0,1,1.0,1,0.2511791021038978,47
5155,4,10666,4270,6396,0,0,0,1.0,1,1.0,1,1.0,1,0.27093979601109053,47
5156,2,10668,4271,6397,0,0,0,1.0,1,1.0,1,1.0,1,0.2694014917288594,47
5157,1,10669,4272,6397,0,0,0,1.0,1,1.0,1,1.0,1,0.27621781610962515,46
5158,0,10669,4272,6397,0,0,0,1.0,1,1.0,1,1.0,1,0.2815964523257844,47
5159,1,10670,4272,6398,0,0,0,1.0,1,1.0,1,1.0,1,0.26632346106766985,49
5160,0,10670,4272,6398,0,0,0,1.0,1,1.0,1,1.0,1,0.2602023484302235,48
5161,0,10670,4272,6398,0,0,0,1.0,1,1.0,1,1.0,1,0.2602023484302235,48
5162,0,10670,4272,6398,0,0,0,1.0,1,1.0,1,1.0,1,0.2701862367794043,49
5163,3,10673,4272,6401,0,0,0,1.0,1,1.0,1,1.0,1,0.2345662154461772,51
5164,3,10676,4274,6402,0,0,0,1.0,1,1.0,1,1.0,1,0.1977366215731325,51
5165,2,10678,4274,6404,0,0,0,1.0,1,1.0,1,1.0,1,0.20457990180846278,52
5166,2,10680,4276,6404,0,0,0,1.0,1,1.0,1,1.0,1,0.19964075754491795,52
5167,3,10683,4278,6405,0,0,0,1.0,1,1.0,1,1.0,1,0.2013410895896576,52
5168,2,10685,4278,6407,0,0,0,1.0,1,1.0,1,1.0,1,0.1787603132290547,52
5169,3,10688,4280,6408,0,0,0,1.0,1,1.0,1,1.0,1,0.20348565365930377,53
5170,2,10690,4280,6410,0,0,0,1.0,1,1.0,1,1.0,1,0.1798776099268586,53
5171,2,10692,4280,6412,0,0,0,1.0,1,1.0,1,1.0,1,0.1989176619745908,52
5172,2,10694,4281,6413,0,0,0,1.0,1,1.0,1,1.0,1,0.19452079814161213,53
5173,5,10699,4281,6418,0,0,0,1.0,1,1.0,1,1.0,1,0.13760375375551212,54
5174,6,10705,4281,6424,0,0,0,1.0,1,1.0,1,1.0,1,0.16182465832139162,56
5175,5,10710,4282,6428,0,0,0,1.0,1,1.0,1,1.0,1,0.15961317256000912,58
5176,4,10714,4283,6431,0,0,0,1.0,1,1.0,1,1.0,1,0.12723304228681098,58
5177,1,10715,4283,6432,0,0,0,1.0,1,1.0,1,1.0,1,0.12823949247100458,59
5178,1,10716,4284,6432,0,0,0,1.0,1,1.0,1,1.0,1,0.14733171922364854,57
5179,0,10716,4284,6432,0,0,0,1.0,1,1.0,1,1.0,1,0.1600463939965388,58
5180,1,10717,4285,6432,0,0,0,1.0,1,1.0,1,1.0,1,0.12931810660027035,56
5181,1,10718,4286,6432,0,0,0,1.0,1,1.0,1,1.0,1,0.1349379124518788,57
5182,2,10720,4288,6432,0,0,0,1.0,1,1.0,1,1.0,1,0.1519228450287193,56
5183,2,10722,4290,6432,0,0,0,1.0,1,1.0,1,1.0,1,0.18598998249004617,57
5184,4,10726,4292,6434,0,0,0,1.0,1,1.0,1,1.0,1,0.21489446523451136,56
5185,1,10727,4292,6435,0,0,0,1.0,1,1.0,1,1.0,1,0.21048988045593492,56
5186,3,10730,4295,6435,0,0,0,1.0,1,1.0,1,1.0,1,0.279596937833263,54
5187,1,10731,4295,6436,0,0,0,1.0,1,1.0,1,1.0,1,0.26273428451341496,51
5188,0,10731,4295,6436,0,0,0,1.0,1,1.0,1,1.0,1,0.27976948660791223,50
5189,0,10731,4295,6436,0,0,0,1.0,1,1.0,1,1.0,1,0.28446640363986314,49
5190,1,10732,4296,6436,0,0,0,1.0,1,1.0,1,1.0,1,0.27374229421584323,50
5191,0,10732,4296,6436,0,0,0,1.0,1,1.0,1,1.0,1,0.27374229421584323,50
5192,2,10734,4298,6436,0,0,0,1.0,1,1.0,1,1.0,1,0.276931840718406,49
5193,0,10734,4298,6436,0,0,0,1.0,1,1.0,1,1.0,1,0.29179887271195426,50
5194,2,10736,4299,6437,0,0,0,1.0,1,1.0,1,1.0,1,0.31085233625962777,51
5195,1,10737,4300,6437,0,0,0,1.0,1,1.0,1,1.0,1,0.33045134964518735,51
5196,1,10738,4300,6438,0,0,0,1.0,1,1.0,1,1.0,1,0.31455009660988903,51
5197,0,10738,4300,6438,0,0,0,1.0,1,1.0,1,1.0,1,0.31455009660988903,51
5198,0,10738,4300,6438,0,0,0,1.0,1,1.0,1,1.0,1,0.31455009660988903,51
5199,0,10738,4300,6438,0,0,0,1.0,1,1.0,1,1.0,1,0.30402670112855706,54
5200,1,10739,4301,6438,0,0,0,1.0,1,1.0,1,1.0,1,0.2962701019651074,54
5201,12,10751,4303,6448,0,0,0,1.0,1,1.0,1,1.0,1,0.16240996668391317,55
5202,6,10757,4303,6454,0,0,0,1.0,1,1.0,1,1.0,1,0.12009321621179998,56
5203,3,10760,4303,6457,0,0,0,1.0,1,1.0,1,1.0,1,0.13841702495594538,56
5204,2,10762,4303,6459,0,0,0,1.0,1,1.0,1,1.0,1,0.13450791271212226,58
5205,0,10762,4303,6459,0,0,0,1.0,1,1.0,1,1.0,1,0.13450791271212226,58
5206,0,10762,4303,6459,0,0,0,1.0,1,1.0,1,1.0,1,0.13450791271212226,58
5207,3,10765,4303,6462,0,0,0,1.0,1,1.0,1,1.0,1,0.13384804692142133,59
5208,5,10770,4304,6466,0,0,0,1.0,1,1.0,1,1.0,1,0.12363333299669449,58
5209,2,10772,4304,6468,0,0,0,1.0,1,1.0,1,1.0,1,0.1450100688741322,58
5210,2,10774,4304,6470,0,0,0,1.0,1,1.0,1,1.0,1,0.14058346315707515,57
5211,3,10777,4305,6472,0,0,0,1.0,1,1.0,1,1.0,1,0.17995135512593963,57
5212,4,10781,4305,6476,0,0,0,1.0,1,1.0,1,1.0,1,0.18295868783523947,59
5213,5,10786,4307,6479,0,0,0,1.0,1,1.0,1,1.0,1,0.21703574007051724,59
5214,9,10795,4308,6487,0,0,0,1.0,1,1.0,1,1.0,1,0.22375547215150773,59
5215,9,10804,4310,6494,0,0,0,1.0,1,1.0,1,1.0,1,0.2612497953691507,58
5216,8,10812,4310,6502,0,0,0,1.0,1,1.0,1,1.0,1,0.2533853839295527,59
5217,11,10823,4314,6509,0,0,0,1.0,1,1.0,1,1.0,1,0.21063758349092276,58
5218,7,10830,4317,6513,0,0,0,1.0,1,1.0,1,1.0,1,0.2693921854224361,58
5219,7,10837,4317,6520,0,0,0,1.0,1,1.0,1,1.0,1,0.22223392278985737,57
5220,3,10840,4317,6523,0,0,0,1.0,1,1.0,1,1.0,1,0.20847737023881155,56
5221,8,10848,4318,6530,0,0,0,1.0,1,1.0,1,1.0,1,0.21143061360146656,58
5222,2,10850,4318,6532,0,0,0,1.0,1,1.0,1,1.0,1,0.22647329238758998,56
5223,4,10854,4319,6535,0,0,0,1.0,1,1.0,1,1.0,1,0.2571222703821651,55
5224,2,10856,4320,6536,0,0,0,1.0,1,1.0,1,1.0,1,0.27667492770019986,56
5225,5,10861,4321,6540,0,0,0,1.0,1,1.0,1,1.0,1,0.29073888775513396,55
5226,7,10868,4322,6546,0,0,0,1.0,1,1.0,1,1.0,1,0.20383454467398626,55
5227,0,10868,4322,6546,0,0,0,1.0,1,1.0,1,1.0,1,0.2246527705550991,53
5228,0,10868,4322,6546,0,0,0,1.0,1,1.0,1,1.0,1,0.209753410844066,51
5229,2,10870,4323,6547,0,0,0,1.0,1,1.0,1,1.0,1,0.17063523081001694,51
5230,0,10870,4323,6547,0,0,0,1.0,1,1.0,1,1.0,1,0.1695404984160117,51
5231,3,10873,4324,6549,0,0,0,1.0,1,1.0,1,1.0,1,0.19158331592634298,52
5232,3,10876,4325,6551,0,0,0,1.0,1,1.0,1,1.0,1,0.22052437373884848,52
5233,2,10878,4325,6553,0,0,0,1.0,1,1.0,1,1.0,1,0.2175544168296973,53
5234,1,10879,4326,6553,0,0,0,1.0,1,1.0,1,1.0,1,0.2561296595844398,53
5235,1,10880,4327,6553,0,0,0,1.0,1,1.0,1,1.0,1,0.2678075720293487,53
5236,1,10881,4328,6553,0,0,0,1.0,1,1.0,1,1.0,1,0.27251585215207935,52
5237,2,10883,4328,6555,0,0,0,1.0,1,1.0,1,1.0,1,0.26899341689555883,52
5238,2,10885,4330,6555,0,0,0,1.0,1,1.0,1,1.0,1,0.26319487963530847,52
5239,1,10886,4330,6556,0,0,0,1.0,1,1.0,1,1.0,1,0.2754005031611493,51
5240,4,10890,4332,6558,0,0,0,1.0,1,1.0,1,1.0,1,0.30067340243155344,53
5241,3,10893,4332,6561,0,0,0,1.0,1,1.0,1,1.0,1,0.3065200734859736,53
5242,6,10899,4333,6566,0,0,0,1.0,1,1.0,1,1.0,1,0.302063971525578,51
5243,2,10901,4334,6567,0,0,0,1.0,1,1.0,1,1.0,1,0.2992294210763581,51
5244,2,10903,4336,6567,0,0,0,1.0,1,1.0,1,1.0,1,0.3168565444207651,52
5245,5,10908,4338,6570,0,0,0,1.0,1,1.0,1,1.0,1,0.2881255417986069,53
5246,1,10909,4339,6570,0,0,0,1.0,1,1.0,1,1.0,1,0.26995919327188667,53
5247,2,10911,4340,6571,0,0,0,1.0,1,1.0,1,1.0,1,0.27406130778142795,54
5248,1,10912,4341,6571,0,0,0,1.0,1,1.0,1,1.0,1,0.25336168981779783,54
5249,1,10913,4342,6571,0,0,0,1.0,1,1.0,1,1.0,1,0.22907335232463058,55
5250,1,10914,4343,6571,0,0,0,1.0,1,1.0,1,1.0,1,0.24907016510406024,57
5251,5,10919,4344,6575,0,0,0,1.0,1,1.0,1,1.0,1,0.208912324082607,58
5252,1,10920,4345,6575,0,0,0,1.0,1,1.0,1,1.0,1,0.20882316290523487,58
5253,3,10923,4348,6575,0,0,0,1.0,1,1.0,1,1.0,1,0.2685635015170385,58
5254,2,10925,4348,6577,0,0,0,1.0,1,1.0,1,1.0,1,0.26184557043478424,59
5255,1,10926,4349,6577,0,0,0,1.0,1,1.0,1,1.0,1,0.24206311104737602,58
5256,1,10927,4349,6578,0,0,0,1.0,1,1.0,1,1.0,1,0.24576990370513546,58
5257,1,10928,4349,6579,0,0,0,1.0,1,1.0,1,1.0,1,0.22791258078298063,57
5258,0,10928,4349,6579,0,0,0,1.0,1,1.0,1,1.0,1,0.23412490192090163,55
5259,1,10929,4350,6579,0,0,0,1.0,1,1.0,1,1.0,1,0.24236488190875832,56
5260,0,10929,4350,6579,0,0,0,1.0,1,1.0,1,1.0,1,0.2657793132609905,55
5261,0,10929,4350,6579,0,0,0,1.0,1,1.0,1,1.0,1,0.27425054670129834,54
5262,2,10931,4352,6579,0,0,0,1.0,1,1.0,1,1.0,1,0.27612310845893456,54
5263,6,10937,4356,6581,0,0,0,1.0,1,1.0,1,1.0,1,0.2898119925218941,55
5264,3,10940,4357,6583,0,0,0,1.0,1,1.0,1,1.0,1,0.2822309211565961,53
5265,3,10943,4360,6583,0,0,0,1.0,1,1.0,1,1.0,1,0.3029421083866097,52
5266,1,10944,4360,6584,0,0,0,1.0,1,1.0,1,1.0,1,0.2926460744678949,49
5267,4,10948,4362,6586,0,0,0,1.0,1,1.0,1,1.0,1,0.31424474897653426,49
5268,2,10950,4363,6587,0,0,0,1.0,1,1.0,1,1.0,1,0.3086743234287062,46
5269,1,10951,4364,6587,0,0,0,1.0,1,1.0,1,1.0,1,0.3145972883663464,45
5270,2,10953,4365,6588,0,0,0,1.0,1,1.0,1,1.0,1,0.30147049207071763,46
5271,3,10956,4368,6588,0,0,0,1.0,1,1.0,1,1.0,1,0.336830506591699,46
5272,1,10957,4368,6589,0,0,0,1.0,1,1.0,1,1.0,1,0.30751482422943827,45
5273,6,10963,4373,6590,0,0,0,1.0,1,1.0,1,1.0,1,0.32770133881534613,45
5274,2,10965,4373,6592,0,0,0,1.0,1,1.0,1,1.0,1,0.2719599537867871,45
5275,4,10969,4376,6593,0,0,0,1.0,1,1.0,1,1.0,1,0.3031083555085811,46
5276,9,10978,4380,6598,0,0,0,1.0,1,1.0,1,1.0,1,0.20980457537997182,45
5277,0,10978,4380,6598,0,0,0,1.0,1,1.0,1,1.0,1,0.20876198595419437,45
5278,1,10979,4381,6598,0,0,0,1.0,1,1.0,1,1.0,1,0.22473847537543928,44
5279,3,10982,4382,6600,0,0,0,1.0,1,1.0,1,1.0,1,0.2672975079151361,45
5280,4,10986,4382,6604,0,0,0,1.0,1,1.0,1,1.0,1,0.2925837322411275,46
5281,2,10988,4382,6606,0,0,0,1.0,1,1.0,1,1.0,1,0.2518479860111392,46
5282,2,10990,4382,6608,0,0,0,1.0,1,1.0,1,1.0,1,0.29843373388858396,47
5283,3,10993,4382,6611,0,0,0,1.0,1,1.0,1,1.0,1,0.24936039139545338,48
5284,0,10993,4382,6611,0,0,0,1.0,1,1.0,1,1.0,1,0.24936039139545338,48
5285,1,10994,4382,6612,0,0,0,1.0,1,1.0,1,1.0,1,0.2573194115020824,48
5286,3,10997,4382,6615,0,0,0,1.0,1,1.0,1,1.0,1,0.2487335961541611,50
5287,1,10998,4382,6616,0,0,0,1.0,1,1.0,1,1.0,1,0.23553746513953316,50
5288,2,11000,4382,6618,0,0,0,1.0,1,1.0,1,1.0,1,0.23529832300115477,51
5289,1,11001,4382,6619,0,0,0,1.0,1,1.0,1,1.0,1,0.24349573566943813,51
5290,3,11004,4382,6622,0,0,0,1.0,1,1.0,1,1.0,1,0.24026125379790636,52
5291,4,11008,4383,6625,0,0,0,1.0,1,1.0,1,1.0,1,0.26527695346380775,52
5292,3,11011,4383,6628,0,0,0,1.0,1,1.0,1,1.0,1,0.27446826453902373,53
5293,4,11015,4384,6631,0,0,0,1.0,1,1.0,1,1.0,1,0.3020127458606098,51
5294,5,11020,4385,6635,0,0,0,1.0,1,1.0,1,1.0,1,0.3024624157840943,50
5295,7,11027,4385,6642,0,0,0,1.0,1,1.0,1,1.0,1,0.3381913206774624,49
5296,5,11032,4387,6645,0,0,0,1.0,1,1.0,1,1.0,1,0.381868505703702,48
5297,0,11032,4387,6645,0,0,0,1.0,1,1.0,1,1.0,1,0.39492387591282135,46
5298,2,11034,4387,6647,0,0,0,1.0,1,1.0,1,1.0,1,0.3696446908955745,46
5299,1,11035,4387,6648,0,0,0,1.0,1,1.0,1,1.0,1,0.36316882981916826,47
5300,0,11035,4387,6648,0,0,0,1.0,1,1.0,1,1.0,1,0.34796178151928786,48
5301,2,11037,4387,6650,0,0,0,1.0,1,1.0,1,1.0,1,0.32689187361747735,48
5302,3,11040,4389,6651,0,0,0,1.0,1,1.0,1,1.0,1,0.29628665605420473,49
5303,1,11041,4390,6651,0,0,0,1.0,1,1.0,1,1.0,1,0.28734110113948225,48
5304,0,11041,4390,6651,0,0,0,1.0,1,1.0,1,1.0,1,0.30727097361238115,48
5305,1,11042,4391,6651,0,0,0,1.0,1,1.0,1,1.0,1,0.2994039321123986,47
5306,6,11048,4395,6653,0,0,0,1.0,1,1.0,1,1.0,1,0.32130780308129425,48
5307,2,11050,4396,6654,0,0,0,1.0,1,1.0,1,1.0,1,0.3137656260642761,48
5308,2,11052,4397,6655,0,0,0,1.0,1,1.0,1,1.0,1,0.3087168096001005,47
5309,1,11053,4398,6655,0,0,0,1.0,1,1.0,1,1.0,1,0.34276633294107467,46
5310,1,11054,4399,6655,0,0,0,1.0,1,1.0,1,1.0,1,0.3587965196771659,46
5311,0,11054,4399,6655,0,0,0,1.0,1,1.0,1,1.0,1,0.3371551409336874,46
5312,4,11058,4400,6658,0,0,0,1.0,1,1.0,1,1.0,1,0.33924439057314026,46
5313,2,11060,4400,6660,0,0,0,1.0,1,1.0,1,1.0,1,0.32860791475110196,46
5314,1,11061,4400,6661,0,0,0,1.0,1,1.0,1,1.0,1,0.31915472353965946,46
5315,5,11066,4402,6664,0,0,0,1.0,1,1.0,1,1.0,1,0.3594193765340328,47
5316,4,11070,4402,6668,0,0,0,1.0,1,1.0,1,1.0,1,0.34565692361195655,48
5317,0,11070,4402,6668,0,0,0,1.0,1,1.0,1,1.0,1,0.3478564747535872,49
5318,5,11075,4405,6670,0,0,0,1.0,1,1.0,1,1.0,1,0.31365017919004606,49
5319,3,11078,4406,6672,0,0,0,1.0,1,1.0,1,1.0,1,0.3453859375051353,50
5320,5,11083,4407,6676,0,0,0,1.0,1,1.0,1,1.0,1,0.3378056181070944,51
5321,3,11086,4407,6679,0,0,0,1.0,1,1.0,1,1.0,1,0.2981637307880985,52
5322,0,11086,4407,6679,0,0,0,1.0,1,1.0,1,1.0,1,0.30969050159865985,53
5323,0,11086,4407,6679,0,0,0,1.0,1,1.0,1,1.0,1,0.2957363075685038,53
5324,4,11090,4409,6681,0,0,0,1.0,1,1.0,1,1.0,1,0.2696216719035185,55
5325,1,11091,4410,6681,0,0,0,1.0,1,1.0,1,1.0,1,0.2802963869038421,55
5326,8,11099,4411,6688,0,0,0,1.0,1,1.0,1,1.0,1,0.15817666507846564,55
5327,2,11101,4411,6690,0,0,0,1.0,1,1.0,1,1.0,1,0.14127211739527304,56
5328,4,11105,4412,6693,0,0,0,1.0,1,1.0,1,1.0,1,0.14508305002843813,57
5329,1,11106,4412,6694,0,0,0,1.0,1,1.0,1,1.0,1,0.1660746816671499,57
5330,2,11108,4413,6695,0,0,0,1.0,1,1.0,1,1.0,1,0.14631525292416192,56
5331,2,11110,4413,6697,0,0,0,1.0,1,1.0,1,1.0,1,0.15485562459840052,57
5332,2,11112,4413,6699,0,0,0,1.0,1,1.0,1,1.0,1,0.1562061216750504,58
5333,5,11117,4414,6703,0,0,0,1.0,1,1.0,1,1.0,1,0.17223734360351756,59
5334,3,11120,4414,6706,0,0,0,1.0,1,1.0,1,1.0,1,0.16118671601060774,59
5335,4,11124,4414,6710,0,0,0,1.0,1,1.0,1,1.0,1,0.17707908489884114,58
5336,4,11128,4414,6714,0,0,0,1.0,1,1.0,1,1.0,1,0.18413392761946942,59
5337,2,11130,4414,6716,0,0,0,1.0,1,1.0,1,1.0,1,0.20829132088420643,60
5338,2,11132,4414,6718,0,0,0,1.0,1,1.0,1,1.0,1,0.1888197264650773,60
5339,4,11136,4414,6722,0,0,0,1.0,1,1.0,1,1.0,1,0.18879039981298057,60
5340,8,11144,4416,6728,0,0,0,1.0,1,1.0,1,1.0,1,0.23077060940072275,60
5341,3,11147,4416,6731,0,0,0,1.0,1,1.0,1,1.0,1,0.22215733667368798,61
5342,2,11149,4417,6732,0,0,0,1.0,1,1.0,1,1.0,1,0.24511507260388343,59
5343,5,11154,4419,6735,0,0,0,1.0,1,1.0,1,1.0,1,0.2547491353850444,58
5344,4,11158,4421,6737,0,0,0,1.0,1,1.0,1,1.0,1,0.2669047642473861,58
5345,5,11163,4425,6738,0,0,0,1.0,1,1.0,1,1.0,1,0.23395986971330765,54
5346,1,11164,4426,6738,0,0,0,1.0,1,1.0,1,1.0,1,0.2253806493912816,54
5347,4,11168,4429,6739,0,0,0,1.0,1,1.0,1,1.0,1,0.2338749336533857,54
5348,4,11172,4430,6742,0,0,0,1.0,1,1.0,1,1.0,1,0.19706318971237163,55
5349,4,11176,4432,6744,0,0,0,1.0,1,1.0,1,1.0,1,0.21273950805521127,56
5350,3,11179,4433,6746,0,0,0,1.0,1,1.0,1,1.0,1,0.18971955952511912,56
5351,2,11181,4434,6747,0,0,0,1.0,1,1.0,1,1.0,1,0.1605601891930432,57
5352,2,11183,4435,6748,0,0,0,1.0,1,1.0,1,1.0,1,0.20067069118443095,57
5353,2,11185,4435,6750,0,0,0,1.0,1,1.0,1,1.0,1,0.1616170252473014,57
5354,0,11185,4435,6750,0,0,0,1.0,1,1.0,1,1.0,1,0.15736942917149724,56
5355,0,11185,4435,6750,0,0,0,1.0,1,1.0,1,1.0,1,0.16155568689832472,57
5356,0,11185,4435,6750,0,0,0,1.0,1,1.0,1,1.0,1,0.17546972427390753,56
5357,2,11187,4435,6752,0,0,0,1.0,1,1.0,1,1.0,1,0.16631467257465501,56
5358,0,11187,4435,6752,0,0,0,1.0,1,1.0,1,1.0,1,0.1541211596120901,57
5359,0,11187,4435,6752,0,0,0,1.0,1,1.0,1,1.0,1,0.1541211596120901,57
5360,1,11188,4436,6752,0,0,0,1.0,1,1.0,1,1.0,1,0.17482123457492282,55
5361,1,11189,4437,6752,0,0,0,1.0,1,1.0,1,1.0,1,0.19758409699351728,56
5362,1,11190,4438,6752,0,0,0,1.0,1,1.0,1,1.0,1,0.214062686006513,57
5363,0,11190,4438,6752,0,0,0,1.0,1,1.0,1,1.0,1,0.214062686006513,57
5364,2,11192,4438,6754,0,0,0,1.0,1,1.0,1,1.0,1,0.192705951862322,58
5365,0,11192,4438,6754,0,0,0,1.0,1,1.0,1,1.0,1,0.18576831307250985,59
5366,3,11195,4440,6755,0,0,0,1.0,1,1.0,1,1.0,1,0.20698547988550708,60
5367,1,11196,4441,6755,0,0,0,1.0,1,1.0,1,1.0,1,0.21337856119003668,60
5368,1,11197,4442,6755,0,0,0,1.0,1,1.0,1,1.0,1,0.22633346256323666,58
5369,1,11198,4443,6755,0,0,0,1.0,1,1.0,1,1.0,1,0.2204150789476618,58
5370,1,11199,4444,6755,0,0,0,1.0,1,1.0,1,1.0,1,0.23942289528944422,57
5371,3,11202,4446,6756,0,0,0,1.0,1,1.0,1,1.0,1,0.2819702203635944,56
5372,4,11206,4449,6757,0,0,0,1.0,1,1.0,1,1.0,1,0.30530407796316533,55
5373,8,11214,4452,6762,0,0,0,1.0,1,1.0,1,1.0,1,0.29954351365499926,54
5374,2,11216,4453,6763,0,0,0,1.0,1,1.0,1,1.0,1,0.2676105241558362,53
5375,2,11218,4454,6764,0,0,0,1.0,1,1.0,1,1.0,1,0.25316505465967043,52
5376,3,11221,4454,6767,0,0,0,1.0,1,1.0,1,1.0,1,0.20693460127926155,52
5377,0,11221,4454,6767,0,0,0,1.0,1,1.0,1,1.0,1,0.20606341501032716,51
5378,1,11222,4454,6768,0,0,0,1.0,1,1.0,1,1.0,1,0.19335721472875722,52
5379,1,11223,4455,6768,0,0,0,1.0,1,1.0,1,1.0,1,0.17420612740684605,50
5380,5,11228,4458,6770,0,0,0,1.0,1,1.0,1,1.0,1,0.24932060366277126,51
5381,1,11229,4459,6770,0,0,0,1.0,1,1.0,1,1.0,1,0.23619742614385106,50
5382,2,11231,4460,6771,0,0,0,1.0,1,1.0,1,1.0,1,0.2645226704406091,48
5383,1,11232,4460,6772,0,0,0,1.0,1,1.0,1,1.0,1,0.28755171912914435,48
5384,2,11234,4461,6773,0,0,0,1.0,1,1.0,1,1.0,1,0.29292218596307257,48
5385,0,11234,4461,6773,0,0,0,1.0,1,1.0,1,1.0,1,0.29835099936156956,47
5386,5,11239,4464,6775,0,0,0,1.0,1,1.0,1,1.0,1,0.33722095320685025,48
5387,1,11240,4464,6776,0,0,0,1.0,1,1.0,1,1.0,1,0.3283360802636733,48
5388,0,11240,4464,6776,0,0,0,1.0,1,1.0,1,1.0,1,0.3283360802636733,48
5389,3,11243,4466,6777,0,0,0,1.0,1,1.0,1,1.0,1,0.33330439974096954,50
5390,3,11246,4467,6779,0,0,0,1.0,1,1.0,1,1.0,1,0.31114921273070034,52
5391,1,11247,4468,6779,0,0,0,1.0,1,1.0,1,1.0,1,0.308397475130044,52
5392,1,11248,4468,6780,0,0,0,1.0,1,1.0,1,1.0,1,0.30497338231339843,51
5393,1,11249,4469,6780,0,0,0,1.0,1,1.0,1,1.0,1,0.3200240281821234,50
5394,1,11250,4469,6781,0,0,0,1.0,1,1.0,1,1.0,1,0.3019374301605651,50
5395,3,11253,4472,6781,0,0,0,1.0,1,1.0,1,1.0,1,0.345015919471631,49
5396,3,11256,4473,6783,0,0,0,1.0,1,1.0,1,1.0,1,0.3084753190500136,48
5397,2,11258,4475,6783,0,0,0,1.0,1,1.0,1,1.0,1,0.34965611232483845,48
5398,1,11259,4475,6784,0,0,0,1.0,1,1.0,1,1.0,1,0.3635160913184087,46
5399,2,11261,4477,6784,0,0,0,1.0,1,1.0,1,1.0,1,0.3586631940923763,46
5400,5,11266,4479,6787,0,0,0,1.0,1,1.0,1,1.0,1,0.3250930099698741,48
5401,5,11271,4479,6792,0,0,0,1.0,1,1.0,1,1.0,1,0.21336472939479972,49
5402,0,11271,4479,6792,0,0,0,1.0,1,1.0,1,1.0,1,0.0,0
